id,ma_truong,nganh_slug,ma_to_hop,phuong_thuc,nam,diem_chuan,ten_nganh_goc
1,ANH,an-ninh-mang-va-phong-chong-toi-pham-cong-nghe-cao,A00,Điểm thi THPT,2024,20.71,Ngành An ninh mạng và phòng chống tội phạm công nghệ cao
2,ANH,an-ninh-mang-va-phong-chong-toi-pham-cong-nghe-cao,A01,Điểm thi THPT,2024,20.71,Ngành An ninh mạng và phòng chống tội phạm công nghệ cao
3,ANH,an-ninh-mang-va-phong-chong-toi-pham-cong-nghe-cao,A00,Điểm thi THPT,2025,24.48,"Ngành An ninh mạng và phòng chống tội phạm công nghệ cao (Thí sinh Nam, miền Bắc)"
4,ANH,an-ninh-mang-va-phong-chong-toi-pham-cong-nghe-cao,A01,Điểm thi THPT,2025,24.48,"Ngành An ninh mạng và phòng chống tội phạm công nghệ cao (Thí sinh Nam, miền Bắc)"
5,ANH,an-ninh-mang-va-phong-chong-toi-pham-cong-nghe-cao,X26,Điểm thi THPT,2025,24.48,"Ngành An ninh mạng và phòng chống tội phạm công nghệ cao (Thí sinh Nam, miền Bắc)"
6,ANH,an-ninh-mang-va-phong-chong-toi-pham-cong-nghe-cao,X27,Điểm thi THPT,2025,24.48,"Ngành An ninh mạng và phòng chống tội phạm công nghệ cao (Thí sinh Nam, miền Bắc)"
7,ANH,an-ninh-mang-va-phong-chong-toi-pham-cong-nghe-cao,X28,Điểm thi THPT,2025,24.48,"Ngành An ninh mạng và phòng chống tội phạm công nghệ cao (Thí sinh Nam, miền Bắc)"
8,ANH,an-toan-thong-tin,A00,Điểm thi THPT,2021,23.14,An toàn thông tin
9,ANH,an-toan-thong-tin,A01,Điểm thi THPT,2021,24.86,An toàn thông tin
10,ANH,an-toan-thong-tin,A00,Điểm thi THPT,2022,21.85,An toàn thông tin
11,ANH,an-toan-thong-tin,A01,Điểm thi THPT,2022,23.26,An toàn thông tin
12,ANH,an-toan-thong-tin,A00,Điểm thi THPT,2023,21.08,An toàn thông tin
13,ANH,an-toan-thong-tin,A01,Điểm thi THPT,2023,21.08,An toàn thông tin
14,ANH,cong-nghe-thong-tin,A00,Điểm thi THPT,2024,18.69,Ngành Công nghệ thông tin
15,ANH,cong-nghe-thong-tin,A01,Điểm thi THPT,2024,18.69,Ngành Công nghệ thông tin
16,ANH,cong-nghe-thong-tin,A00,Điểm thi THPT,2025,21.98,Ngành Công nghệ thông tin (Thí sinh Nam)
17,ANH,cong-nghe-thong-tin,A01,Điểm thi THPT,2025,21.98,Ngành Công nghệ thông tin (Thí sinh Nam)
18,ANH,cong-nghe-thong-tin,X26,Điểm thi THPT,2025,21.98,Ngành Công nghệ thông tin (Thí sinh Nam)
19,ANH,cong-nghe-thong-tin,X27,Điểm thi THPT,2025,21.98,Ngành Công nghệ thông tin (Thí sinh Nam)
20,ANH,cong-nghe-thong-tin,X28,Điểm thi THPT,2025,21.98,Ngành Công nghệ thông tin (Thí sinh Nam)
21,ANH,nghiep-vu-an-ninh,A00,Điểm thi THPT,2021,27.81,Nghiệp vụ An ninh
22,ANH,nghiep-vu-an-ninh,A01,Điểm thi THPT,2021,29.99,Nghiệp vụ An ninh
23,ANH,nghiep-vu-an-ninh,C03,Điểm thi THPT,2021,28.69,Nghiệp vụ An ninh
24,ANH,nghiep-vu-an-ninh,D01,Điểm thi THPT,2021,28.2,Nghiệp vụ An ninh
25,ANH,nghiep-vu-an-ninh,A00,Điểm thi THPT,2022,24.69,Nghiệp vụ An ninh
26,ANH,nghiep-vu-an-ninh,A01,Điểm thi THPT,2022,23.16,Nghiệp vụ An ninh
27,ANH,nghiep-vu-an-ninh,C03,Điểm thi THPT,2022,24.56,Nghiệp vụ An ninh
28,ANH,nghiep-vu-an-ninh,D01,Điểm thi THPT,2022,24.64,Nghiệp vụ An ninh
29,ANH,nghiep-vu-an-ninh,A00,Điểm thi THPT,2023,21.58,Nghiệp vụ An ninh
30,ANH,nghiep-vu-an-ninh,A01,Điểm thi THPT,2023,21.58,Nghiệp vụ An ninh
31,ANH,nghiep-vu-an-ninh,C03,Điểm thi THPT,2023,21.58,Nghiệp vụ An ninh
32,ANH,nghiep-vu-an-ninh,D01,Điểm thi THPT,2023,21.58,Nghiệp vụ An ninh
33,ANH,nghiep-vu-an-ninh,A00,Điểm thi THPT,2024,22.02,Ngành Nghiệp vụ an ninh
34,ANH,nghiep-vu-an-ninh,A01,Điểm thi THPT,2024,22.02,Ngành Nghiệp vụ an ninh
35,ANH,nghiep-vu-an-ninh,C03,Điểm thi THPT,2024,22.02,Ngành Nghiệp vụ an ninh
36,ANH,nghiep-vu-an-ninh,D01,Điểm thi THPT,2024,22.02,Ngành Nghiệp vụ an ninh
37,ANH,nghiep-vu-an-ninh,A00,Điểm thi THPT,2025,23.05,"Ngành Nghiệp vụ an ninh (Thí sinh Nam, vùng 1)"
38,ANH,nghiep-vu-an-ninh,A01,Điểm thi THPT,2025,23.05,"Ngành Nghiệp vụ an ninh (Thí sinh Nam, vùng 1)"
39,ANH,nghiep-vu-an-ninh,C03,Điểm thi THPT,2025,23.05,"Ngành Nghiệp vụ an ninh (Thí sinh Nam, vùng 1)"
40,ANH,nghiep-vu-an-ninh,D01,Điểm thi THPT,2025,23.05,"Ngành Nghiệp vụ an ninh (Thí sinh Nam, vùng 1)"
41,ANH,nghiep-vu-an-ninh,X02,Điểm thi THPT,2025,23.05,"Ngành Nghiệp vụ an ninh (Thí sinh Nam, vùng 1)"
42,ANH,nghiep-vu-an-ninh,X03,Điểm thi THPT,2025,23.05,"Ngành Nghiệp vụ an ninh (Thí sinh Nam, vùng 1)"
43,ANH,nghiep-vu-an-ninh,X04,Điểm thi THPT,2025,23.05,"Ngành Nghiệp vụ an ninh (Thí sinh Nam, vùng 1)"
44,ANH,y-khoa,B00,Điểm thi THPT,2021,23.05,Y khoa
45,ANH,y-khoa,B00,Điểm thi THPT,2022,15.1,Y khoa
46,ANH,y-khoa,B00,Điểm thi THPT,2023,22.5,Y khoa
47,ANH,y-khoa,A00,Điểm thi THPT,2024,20.85,Ngành Y khoa (gửi đào tạo tại Học viện Quân y)
48,ANH,y-khoa,B00,Điểm thi THPT,2024,20.85,Ngành Y khoa (gửi đào tạo tại Học viện Quân y)
49,ANS,nghiep-vu-an-ninh,A00,Điểm thi THPT,2021,27.49,Nghiệp vụ An ninh
50,ANS,nghiep-vu-an-ninh,A01,Điểm thi THPT,2021,26.11,Nghiệp vụ An ninh
51,ANS,nghiep-vu-an-ninh,C03,Điểm thi THPT,2021,24.38,Nghiệp vụ An ninh
52,ANS,nghiep-vu-an-ninh,D01,Điểm thi THPT,2021,24.56,Nghiệp vụ An ninh
53,ANS,nghiep-vu-an-ninh,A00,Điểm thi THPT,2022,19.65,Nghiệp vụ An ninh
54,ANS,nghiep-vu-an-ninh,A01,Điểm thi THPT,2022,17.91,Nghiệp vụ An ninh
55,ANS,nghiep-vu-an-ninh,C03,Điểm thi THPT,2022,20.59,Nghiệp vụ An ninh
56,ANS,nghiep-vu-an-ninh,D01,Điểm thi THPT,2022,24.41,Nghiệp vụ An ninh
57,ANS,nghiep-vu-an-ninh,A00,Điểm thi THPT,2023,22.37,Nghiệp vụ An ninh
58,ANS,nghiep-vu-an-ninh,A01,Điểm thi THPT,2023,22.37,Nghiệp vụ An ninh
59,ANS,nghiep-vu-an-ninh,C03,Điểm thi THPT,2023,22.37,Nghiệp vụ An ninh
60,ANS,nghiep-vu-an-ninh,D01,Điểm thi THPT,2023,22.37,Nghiệp vụ An ninh
61,ANS,nghiep-vu-an-ninh,A00,Điểm thi THPT,2024,21.43,"Nghiệp vụ An ninh (Thí sinh Nam, vùng 4)"
62,ANS,nghiep-vu-an-ninh,A01,Điểm thi THPT,2024,21.43,"Nghiệp vụ An ninh (Thí sinh Nam, vùng 4)"
63,ANS,nghiep-vu-an-ninh,C03,Điểm thi THPT,2024,21.43,"Nghiệp vụ An ninh (Thí sinh Nam, vùng 4)"
64,ANS,nghiep-vu-an-ninh,D01,Điểm thi THPT,2024,21.43,"Nghiệp vụ An ninh (Thí sinh Nam, vùng 4)"
65,ANS,nghiep-vu-an-ninh,A00,Điểm thi THPT,2025,22.68,"Nghiệp vụ An ninh (Thí sinh Nam, vùng 4)"
66,ANS,nghiep-vu-an-ninh,A01,Điểm thi THPT,2025,22.68,"Nghiệp vụ An ninh (Thí sinh Nam, vùng 4)"
67,ANS,nghiep-vu-an-ninh,C03,Điểm thi THPT,2025,22.68,"Nghiệp vụ An ninh (Thí sinh Nam, vùng 4)"
68,ANS,nghiep-vu-an-ninh,D01,Điểm thi THPT,2025,22.68,"Nghiệp vụ An ninh (Thí sinh Nam, vùng 4)"
69,ANS,nghiep-vu-an-ninh,X02,Điểm thi THPT,2025,22.68,"Nghiệp vụ An ninh (Thí sinh Nam, vùng 4)"
70,ANS,nghiep-vu-an-ninh,X03,Điểm thi THPT,2025,22.68,"Nghiệp vụ An ninh (Thí sinh Nam, vùng 4)"
71,ANS,nghiep-vu-an-ninh,X04,Điểm thi THPT,2025,22.68,"Nghiệp vụ An ninh (Thí sinh Nam, vùng 4)"
72,BKA,an-toan-khong-gian-so,A00,Điểm thi THPT,2021,27.44,An toàn không gian số* (Chương trình tiên tiến)
73,BKA,an-toan-khong-gian-so,A01,Điểm thi THPT,2021,27.44,An toàn không gian số* (Chương trình tiên tiến)
74,BKA,an-toan-khong-gian-so-cyber-security,A00,Điểm thi THPT,2023,28.05,An toàn không gian số - Cyber security (CT tiên tiến)
75,BKA,an-toan-khong-gian-so-cyber-security,A01,Điểm thi THPT,2023,28.05,An toàn không gian số - Cyber security (CT tiên tiến)
76,BKA,an-toan-khong-gian-so-cyber-security,A00,Điểm thi THPT,2024,27.9,An toàn không gian số - Cyber security (CT tiên tiến)
77,BKA,an-toan-khong-gian-so-cyber-security,A01,Điểm thi THPT,2024,27.9,An toàn không gian số - Cyber security (CT tiên tiến)
78,BKA,an-toan-khong-gian-so-cyber-security,A00,Điểm thi THPT,2025,28.69,An toàn không gian số - Cyber Security (CT Tiên tiến)
79,BKA,an-toan-khong-gian-so-cyber-security,A01,Điểm thi THPT,2025,28.69,An toàn không gian số - Cyber Security (CT Tiên tiến)
80,BKA,an-toan-khong-gian-so-cyber-security,B03,Điểm thi THPT,2025,28.69,An toàn không gian số - Cyber Security (CT Tiên tiến)
81,BKA,an-toan-khong-gian-so-cyber-security,C01,Điểm thi THPT,2025,28.69,An toàn không gian số - Cyber Security (CT Tiên tiến)
82,BKA,an-toan-khong-gian-so-cyber-security,C02,Điểm thi THPT,2025,28.69,An toàn không gian số - Cyber Security (CT Tiên tiến)
83,BKA,an-toan-khong-gian-so-cyber-security,X02,Điểm thi THPT,2025,28.69,An toàn không gian số - Cyber Security (CT Tiên tiến)
84,BKA,co-dien-tu,A00,Điểm thi THPT,2022,23.29,Cơ điện tử - hợp tác với ĐH Leibniz Hannover (Đức)
85,BKA,co-dien-tu,A01,Điểm thi THPT,2022,23.29,Cơ điện tử - hợp tác với ĐH Leibniz Hannover (Đức)
86,BKA,co-dien-tu,D26,Điểm thi THPT,2022,23.29,Cơ điện tử - hợp tác với ĐH Leibniz Hannover (Đức)
87,BKA,co-dien-tu,D28,Điểm thi THPT,2022,23.21,Cơ điện tử - hợp tác với ĐHCN Nagaoka (Nhật Bản)
88,BKA,co-dien-tu,A00,Điểm thi THPT,2023,24.02,Cơ điện tử - hợp tác với ĐH Leibniz Hannover (CHLB Đức)
89,BKA,co-dien-tu,A01,Điểm thi THPT,2023,24.02,Cơ điện tử - hợp tác với ĐH Leibniz Hannover (CHLB Đức)
90,BKA,co-dien-tu,D26,Điểm thi THPT,2023,24.02,Cơ điện tử - hợp tác với ĐH Leibniz Hannover (CHLB Đức)
91,BKA,co-dien-tu,D28,Điểm thi THPT,2023,23.85,Cơ điện tử - hợp tác với ĐHCN Nagaoka (Nhật Bản)
92,BKA,co-dien-tu,A00,Điểm thi THPT,2024,25.24,Cơ điện tử - hợp tác với ĐH Leibniz Hannover (CHLB Đức)
93,BKA,co-dien-tu,A01,Điểm thi THPT,2024,25.24,Cơ điện tử - hợp tác với ĐH Leibniz Hannover (CHLB Đức)
94,BKA,co-dien-tu,D26,Điểm thi THPT,2024,25.24,Cơ điện tử - hợp tác với ĐH Leibniz Hannover (CHLB Đức)
95,BKA,co-dien-tu,D28,Điểm thi THPT,2024,25.11,Cơ điện tử - hợp tác với ĐHCN Nagaoka (Nhật Bản)
96,BKA,co-dien-tu,A00,Điểm thi THPT,2025,26.19,Cơ điện tử - hợp tác với ĐH Leibniz Hannover (Đức)
97,BKA,co-dien-tu,A01,Điểm thi THPT,2025,26.19,Cơ điện tử - hợp tác với ĐH Leibniz Hannover (Đức)
98,BKA,co-dien-tu,B03,Điểm thi THPT,2025,26.19,Cơ điện tử - hợp tác với ĐH Leibniz Hannover (Đức)
99,BKA,co-dien-tu,C01,Điểm thi THPT,2025,26.19,Cơ điện tử - hợp tác với ĐH Leibniz Hannover (Đức)
100,BKA,co-dien-tu,C02,Điểm thi THPT,2025,26.19,Cơ điện tử - hợp tác với ĐH Leibniz Hannover (Đức)
101,BKA,co-dien-tu,D26,Điểm thi THPT,2025,26.19,Cơ điện tử - hợp tác với ĐH Leibniz Hannover (Đức)
102,BKA,co-dien-tu,D28,Điểm thi THPT,2025,25.68,Cơ điện tử - hợp tác với ĐH Công nghệ Nagaoka (Nhật Bản)
103,BKA,co-dien-tu,X02,Điểm thi THPT,2025,26.19,Cơ điện tử - hợp tác với ĐH Leibniz Hannover (Đức)
104,BKA,co-dien-tu-leibniz-hannover,A00,Điểm thi THPT,2021,25.16,Cơ điện tử-Leibniz Hannover (Đức)
105,BKA,co-dien-tu-leibniz-hannover,A01,Điểm thi THPT,2021,25.16,Cơ điện tử-Leibniz Hannover (Đức)
106,BKA,co-dien-tu-leibniz-hannover,D26,Điểm thi THPT,2021,25.16,Cơ điện tử-Leibniz Hannover (Đức)
107,BKA,co-dien-tu-nagaoka,A00,Điểm thi THPT,2021,24.88,Cơ điện tử-Nagaoka (Nhật Bản)
108,BKA,co-dien-tu-nagaoka,A01,Điểm thi THPT,2021,24.88,Cơ điện tử-Nagaoka (Nhật Bản)
109,BKA,co-dien-tu-nagaoka,D28,Điểm thi THPT,2021,24.88,Cơ điện tử-Nagaoka (Nhật Bản)
110,BKA,co-khi-che-tao-may,A00,Điểm thi THPT,2022,23.36,Cơ khí - Chế tạo máy - hợp tác với ĐH Griffith (Úc)
111,BKA,co-khi-che-tao-may,A01,Điểm thi THPT,2022,23.36,Cơ khí - Chế tạo máy - hợp tác với ĐH Griffith (Úc)
112,BKA,co-khi-che-tao-may,A00,Điểm thi THPT,2023,23.32,Cơ khí Chế tạo máy – hợp tác với trường ĐH Griffith (Australia)
113,BKA,co-khi-che-tao-may,A01,Điểm thi THPT,2023,23.32,Cơ khí Chế tạo máy – hợp tác với trường ĐH Griffith (Australia)
114,BKA,co-khi-che-tao-may,A00,Điểm thi THPT,2024,24.89,Cơ khí Chế tạo máy – hợp tác với trường ĐH Griffith (Úc)
115,BKA,co-khi-che-tao-may,A01,Điểm thi THPT,2024,24.89,Cơ khí Chế tạo máy – hợp tác với trường ĐH Griffith (Úc)
116,BKA,co-khi-che-tao-may,A00,Điểm thi THPT,2025,25.0,Cơ khí - Chế tạo máy - hợp tác với ĐH Griffith (Úc)
117,BKA,co-khi-che-tao-may,A01,Điểm thi THPT,2025,25.0,Cơ khí - Chế tạo máy - hợp tác với ĐH Griffith (Úc)
118,BKA,co-khi-che-tao-may,B03,Điểm thi THPT,2025,25.0,Cơ khí - Chế tạo máy - hợp tác với ĐH Griffith (Úc)
119,BKA,co-khi-che-tao-may,C01,Điểm thi THPT,2025,25.0,Cơ khí - Chế tạo máy - hợp tác với ĐH Griffith (Úc)
120,BKA,co-khi-che-tao-may,C02,Điểm thi THPT,2025,25.0,Cơ khí - Chế tạo máy - hợp tác với ĐH Griffith (Úc)
121,BKA,co-khi-che-tao-may,X02,Điểm thi THPT,2025,25.0,Cơ khí - Chế tạo máy - hợp tác với ĐH Griffith (Úc)
122,BKA,co-khi-che-tao-may-griffith,A00,Điểm thi THPT,2021,23.88,Cơ khí Chế tạo máy-Griffith (Úc)
123,BKA,co-khi-che-tao-may-griffith,A01,Điểm thi THPT,2021,23.88,Cơ khí Chế tạo máy-Griffith (Úc)
124,BKA,co-khi-hang-khong,A00,Điểm thi THPT,2022,23.55,Cơ khí hàng không (Chương trình Việt - Pháp PFIEV)
125,BKA,co-khi-hang-khong,A01,Điểm thi THPT,2022,23.55,Cơ khí hàng không (Chương trình Việt - Pháp PFIEV)
126,BKA,co-khi-hang-khong,D29,Điểm thi THPT,2022,23.55,Cơ khí hàng không (Chương trình Việt - Pháp PFIEV)
127,BKA,co-khi-hang-khong,A00,Điểm thi THPT,2023,23.7,Cơ khí hàng không (Chương trình Việt - Pháp PFIEV)
128,BKA,co-khi-hang-khong,A01,Điểm thi THPT,2023,23.7,Cơ khí hàng không (Chương trình Việt - Pháp PFIEV)
129,BKA,co-khi-hang-khong,D29,Điểm thi THPT,2023,23.7,Cơ khí hàng không (Chương trình Việt - Pháp PFIEV)
130,BKA,co-khi-hang-khong,A00,Điểm thi THPT,2024,24.86,Cơ khí hàng không (Chương trình Việt - Pháp PFIEV)
131,BKA,co-khi-hang-khong,A01,Điểm thi THPT,2024,24.86,Cơ khí hàng không (Chương trình Việt - Pháp PFIEV)
132,BKA,co-khi-hang-khong,D29,Điểm thi THPT,2024,24.86,Cơ khí hàng không (Chương trình Việt - Pháp PFIEV)
133,BKA,co-khi-hang-khong,A00,Điểm thi THPT,2025,25.84,Cơ khí hàng không (Chương trình Việt - Pháp PFIEV)
134,BKA,co-khi-hang-khong,A01,Điểm thi THPT,2025,25.84,Cơ khí hàng không (Chương trình Việt - Pháp PFIEV)
135,BKA,co-khi-hang-khong,B03,Điểm thi THPT,2025,25.84,Cơ khí hàng không (Chương trình Việt - Pháp PFIEV)
136,BKA,co-khi-hang-khong,C01,Điểm thi THPT,2025,25.84,Cơ khí hàng không (Chương trình Việt - Pháp PFIEV)
137,BKA,co-khi-hang-khong,C02,Điểm thi THPT,2025,25.84,Cơ khí hàng không (Chương trình Việt - Pháp PFIEV)
138,BKA,co-khi-hang-khong,D29,Điểm thi THPT,2025,25.84,Cơ khí hàng không (Chương trình Việt - Pháp PFIEV)
139,BKA,co-khi-hang-khong,X02,Điểm thi THPT,2025,25.84,Cơ khí hàng không (Chương trình Việt - Pháp PFIEV)
140,BKA,co-khi-hang-khong-viet-phap,A00,Điểm thi THPT,2021,24.76,Cơ khí Hàng không Việt-Pháp (Chương trình tiên tiến)
141,BKA,co-khi-hang-khong-viet-phap,A01,Điểm thi THPT,2021,24.76,Cơ khí Hàng không Việt-Pháp (Chương trình tiên tiến)
142,BKA,co-khi-hang-khong-viet-phap,D29,Điểm thi THPT,2021,24.76,Cơ khí Hàng không Việt-Pháp (Chương trình tiên tiến)
143,BKA,cong-nghe-det-may,A00,Điểm thi THPT,2023,21.4,Công nghệ Dệt May
144,BKA,cong-nghe-det-may,A01,Điểm thi THPT,2023,21.4,Công nghệ Dệt May
145,BKA,cong-nghe-det-may,D07,Điểm thi THPT,2023,21.4,Công nghệ Dệt May
146,BKA,cong-nghe-det-may,A00,Điểm thi THPT,2024,22.5,Công nghệ Dệt May
147,BKA,cong-nghe-det-may,A01,Điểm thi THPT,2024,22.5,Công nghệ Dệt May
148,BKA,cong-nghe-det-may,D07,Điểm thi THPT,2024,22.5,Công nghệ Dệt May
149,BKA,cong-nghe-det-may,A00,Điểm thi THPT,2025,22.48,Công nghệ Dệt - May
150,BKA,cong-nghe-det-may,A01,Điểm thi THPT,2025,22.48,Công nghệ Dệt - May
151,BKA,cong-nghe-det-may,B03,Điểm thi THPT,2025,22.48,Công nghệ Dệt - May
152,BKA,cong-nghe-det-may,C01,Điểm thi THPT,2025,22.48,Công nghệ Dệt - May
153,BKA,cong-nghe-det-may,C02,Điểm thi THPT,2025,22.48,Công nghệ Dệt - May
154,BKA,cong-nghe-det-may,D07,Điểm thi THPT,2025,22.48,Công nghệ Dệt - May
155,BKA,cong-nghe-det-may,X02,Điểm thi THPT,2025,22.48,Công nghệ Dệt - May
156,BKA,cong-nghe-giao-duc,A00,Điểm thi THPT,2021,26.4,Công nghệ Giáo dục
157,BKA,cong-nghe-giao-duc,A01,Điểm thi THPT,2021,26.4,Công nghệ Giáo dục
158,BKA,cong-nghe-giao-duc,D01,Điểm thi THPT,2021,26.4,Công nghệ Giáo dục
159,BKA,cong-nghe-giao-duc,A00,Điểm thi THPT,2022,23.15,Công nghệ giáo dục
160,BKA,cong-nghe-giao-duc,A01,Điểm thi THPT,2022,23.15,Công nghệ giáo dục
161,BKA,cong-nghe-giao-duc,D01,Điểm thi THPT,2022,23.15,Công nghệ giáo dục
162,BKA,cong-nghe-giao-duc,A00,Điểm thi THPT,2023,24.55,Công nghệ Giáo dục
163,BKA,cong-nghe-giao-duc,A01,Điểm thi THPT,2023,24.55,Công nghệ Giáo dục
164,BKA,cong-nghe-giao-duc,D01,Điểm thi THPT,2023,24.55,Công nghệ Giáo dục
165,BKA,cong-nghe-giao-duc,A00,Điểm thi THPT,2024,25.3,Công nghệ Giáo dục
166,BKA,cong-nghe-giao-duc,A01,Điểm thi THPT,2024,25.3,Công nghệ Giáo dục
167,BKA,cong-nghe-giao-duc,D01,Điểm thi THPT,2024,25.3,Công nghệ Giáo dục
168,BKA,cong-nghe-giao-duc,A00,Điểm thi THPT,2025,23.8,Công nghệ giáo dục
169,BKA,cong-nghe-giao-duc,A01,Điểm thi THPT,2025,23.8,Công nghệ giáo dục
170,BKA,cong-nghe-giao-duc,B03,Điểm thi THPT,2025,23.8,Công nghệ giáo dục
171,BKA,cong-nghe-giao-duc,C01,Điểm thi THPT,2025,23.8,Công nghệ giáo dục
172,BKA,cong-nghe-giao-duc,C02,Điểm thi THPT,2025,23.8,Công nghệ giáo dục
173,BKA,cong-nghe-giao-duc,D01,Điểm thi THPT,2025,23.3,Công nghệ giáo dục
174,BKA,cong-nghe-giao-duc,X02,Điểm thi THPT,2025,23.8,Công nghệ giáo dục
175,BKA,cong-nghe-thong-tin,A00,Điểm thi THPT,2022,27.25,Công nghệ thông tin (Việt - Nhật)
176,BKA,cong-nghe-thong-tin,A01,Điểm thi THPT,2022,27.25,Công nghệ thông tin (Việt - Nhật)
177,BKA,cong-nghe-thong-tin,A00,Điểm thi THPT,2024,27.35,Công nghệ Thông tin (Việt – Nhật)
178,BKA,cong-nghe-thong-tin,A01,Điểm thi THPT,2024,27.35,Công nghệ Thông tin (Việt – Nhật)
179,BKA,cong-nghe-thong-tin,D28,Điểm thi THPT,2024,27.35,Công nghệ Thông tin (Việt – Nhật)
180,BKA,cong-nghe-thong-tin,D29,Điểm thi THPT,2024,27.35,Công nghệ Thông tin (Việt-Pháp)
181,BKA,cong-nghe-thong-tin,A00,Điểm thi THPT,2025,27.97,Công nghệ thông tin (Việt - Nhật)
182,BKA,cong-nghe-thong-tin,A01,Điểm thi THPT,2025,27.97,Công nghệ thông tin (Việt - Nhật)
183,BKA,cong-nghe-thong-tin,B03,Điểm thi THPT,2025,27.97,Công nghệ thông tin (Việt - Nhật)
184,BKA,cong-nghe-thong-tin,C01,Điểm thi THPT,2025,27.97,Công nghệ thông tin (Việt - Nhật)
185,BKA,cong-nghe-thong-tin,C02,Điểm thi THPT,2025,27.97,Công nghệ thông tin (Việt - Nhật)
186,BKA,cong-nghe-thong-tin,D28,Điểm thi THPT,2025,27.97,Công nghệ thông tin (Việt - Nhật)
187,BKA,cong-nghe-thong-tin,D29,Điểm thi THPT,2025,27.83,Công nghệ thông tin (Việt - Pháp)
188,BKA,cong-nghe-thong-tin,X02,Điểm thi THPT,2025,27.97,Công nghệ thông tin (Việt - Nhật)
189,BKA,cong-nghe-thong-tin-global-ict,A00,Điểm thi THPT,2021,27.85,Công nghệ Thông tin Global ICT (Chương trình tiên tiến)
190,BKA,cong-nghe-thong-tin-global-ict,A01,Điểm thi THPT,2021,27.85,Công nghệ Thông tin Global ICT (Chương trình tiên tiến)
191,BKA,cong-nghe-thong-tin-global-ict,A00,Điểm thi THPT,2023,28.16,Công nghệ Thông tin Global ICT (CT tiên tiến)
192,BKA,cong-nghe-thong-tin-global-ict,A01,Điểm thi THPT,2023,28.16,Công nghệ Thông tin Global ICT (CT tiên tiến)
193,BKA,cong-nghe-thong-tin-viet-nhat,A00,Điểm thi THPT,2021,27.4,Công nghệ Thông tin Việt-Nhật (Chương trình tiên tiến)
194,BKA,cong-nghe-thong-tin-viet-nhat,A01,Điểm thi THPT,2021,27.4,Công nghệ Thông tin Việt-Nhật (Chương trình tiên tiến)
195,BKA,cong-nghe-thong-tin-viet-nhat,D28,Điểm thi THPT,2021,27.4,Công nghệ Thông tin Việt-Nhật (Chương trình tiên tiến)
196,BKA,cong-nghe-thong-tin-viet-nhat,A00,Điểm thi THPT,2023,27.64,Công nghệ Thông tin Việt – Nhật (tăng cường tiếng Nhật)
197,BKA,cong-nghe-thong-tin-viet-nhat,A01,Điểm thi THPT,2023,27.64,Công nghệ Thông tin Việt – Nhật (tăng cường tiếng Nhật)
198,BKA,cong-nghe-thong-tin-viet-nhat,D28,Điểm thi THPT,2023,27.64,Công nghệ Thông tin Việt – Nhật (tăng cường tiếng Nhật)
199,BKA,cong-nghe-thong-tin-viet-phap,A00,Điểm thi THPT,2021,27.19,Công nghệ Thông tin Việt-Pháp (Chương trình tiên tiến)
200,BKA,cong-nghe-thong-tin-viet-phap,A01,Điểm thi THPT,2021,27.19,Công nghệ Thông tin Việt-Pháp (Chương trình tiên tiến)
201,BKA,cong-nghe-thong-tin-viet-phap,D29,Điểm thi THPT,2021,27.19,Công nghệ Thông tin Việt-Pháp (Chương trình tiên tiến)
202,BKA,cong-nghe-thong-tin-viet-phap,A00,Điểm thi THPT,2023,27.32,Công nghệ Thông tin Việt-Pháp (tăng cường tiếng Pháp)
203,BKA,cong-nghe-thong-tin-viet-phap,A01,Điểm thi THPT,2023,27.32,Công nghệ Thông tin Việt-Pháp (tăng cường tiếng Pháp)
204,BKA,cong-nghe-thong-tin-viet-phap,D29,Điểm thi THPT,2023,27.32,Công nghệ Thông tin Việt-Pháp (tăng cường tiếng Pháp)
205,BKA,cong-nghe-vat-lieu-polyme-va-compozit,A00,Điểm thi THPT,2023,23.7,Công nghệ vật liệu Polyme và Compozit
206,BKA,cong-nghe-vat-lieu-polyme-va-compozit,A01,Điểm thi THPT,2023,23.7,Công nghệ vật liệu Polyme và Compozit
207,BKA,cong-nghe-vat-lieu-polyme-va-compozit,D07,Điểm thi THPT,2023,23.7,Công nghệ vật liệu Polyme và Compozit
208,BKA,cong-nghe-vat-lieu-polyme-va-compozit,A00,Điểm thi THPT,2024,25.0,Công nghệ vật liệu Polyme và Compozit
209,BKA,cong-nghe-vat-lieu-polyme-va-compozit,A01,Điểm thi THPT,2024,25.0,Công nghệ vật liệu Polyme và Compozit
210,BKA,cong-nghe-vat-lieu-polyme-va-compozit,D07,Điểm thi THPT,2024,25.0,Công nghệ vật liệu Polyme và Compozit
211,BKA,cong-nghe-vat-lieu-polyme-va-compozit,A00,Điểm thi THPT,2025,25.16,Công nghệ vật liệu Polyme và Compozit
212,BKA,cong-nghe-vat-lieu-polyme-va-compozit,A01,Điểm thi THPT,2025,25.16,Công nghệ vật liệu Polyme và Compozit
213,BKA,cong-nghe-vat-lieu-polyme-va-compozit,B03,Điểm thi THPT,2025,25.16,Công nghệ vật liệu Polyme và Compozit
214,BKA,cong-nghe-vat-lieu-polyme-va-compozit,C01,Điểm thi THPT,2025,25.16,Công nghệ vật liệu Polyme và Compozit
215,BKA,cong-nghe-vat-lieu-polyme-va-compozit,C02,Điểm thi THPT,2025,25.16,Công nghệ vật liệu Polyme và Compozit
216,BKA,cong-nghe-vat-lieu-polyme-va-compozit,D07,Điểm thi THPT,2025,25.16,Công nghệ vật liệu Polyme và Compozit
217,BKA,cong-nghe-vat-lieu-polyme-va-compozit,X02,Điểm thi THPT,2025,25.16,Công nghệ vật liệu Polyme và Compozit
218,BKA,dien-tu-vien-thong,A00,Điểm thi THPT,2022,23.15,Điện tử - Viễn thông - hợp tác với ĐH Leibniz Hannover (Đức)
219,BKA,dien-tu-vien-thong,A01,Điểm thi THPT,2022,23.15,Điện tử - Viễn thông - hợp tác với ĐH Leibniz Hannover (Đức)
220,BKA,dien-tu-vien-thong,D26,Điểm thi THPT,2022,23.15,Điện tử - Viễn thông - hợp tác với ĐH Leibniz Hannover (Đức)
221,BKA,dien-tu-vien-thong,A00,Điểm thi THPT,2025,26.55,Điện tử - Viễn thông - hợp tác với ĐH Leibniz Hannover (Đức)
222,BKA,dien-tu-vien-thong,A01,Điểm thi THPT,2025,26.55,Điện tử - Viễn thông - hợp tác với ĐH Leibniz Hannover (Đức)
223,BKA,dien-tu-vien-thong,B03,Điểm thi THPT,2025,26.55,Điện tử - Viễn thông - hợp tác với ĐH Leibniz Hannover (Đức)
224,BKA,dien-tu-vien-thong,C01,Điểm thi THPT,2025,26.55,Điện tử - Viễn thông - hợp tác với ĐH Leibniz Hannover (Đức)
225,BKA,dien-tu-vien-thong,C02,Điểm thi THPT,2025,26.55,Điện tử - Viễn thông - hợp tác với ĐH Leibniz Hannover (Đức)
226,BKA,dien-tu-vien-thong,D26,Điểm thi THPT,2025,26.55,Điện tử - Viễn thông - hợp tác với ĐH Leibniz Hannover (Đức)
227,BKA,dien-tu-vien-thong,X02,Điểm thi THPT,2025,26.55,Điện tử - Viễn thông - hợp tác với ĐH Leibniz Hannover (Đức)
228,BKA,dien-tu-vien-thong-dh-leibniz-hannover,A00,Điểm thi THPT,2023,24.3,Điện tử - Viễn thông - ĐH Leibniz Hannover (CHLB Đức)
229,BKA,dien-tu-vien-thong-dh-leibniz-hannover,A01,Điểm thi THPT,2023,24.3,Điện tử - Viễn thông - ĐH Leibniz Hannover (CHLB Đức)
230,BKA,dien-tu-vien-thong-dh-leibniz-hannover,D26,Điểm thi THPT,2023,24.3,Điện tử - Viễn thông - ĐH Leibniz Hannover (CHLB Đức)
231,BKA,dien-tu-vien-thong-dh-leibniz-hannover,A00,Điểm thi THPT,2024,25.65,Điện tử - Viễn thông - ĐH Leibniz Hannover (CHLB Đức)
232,BKA,dien-tu-vien-thong-dh-leibniz-hannover,A01,Điểm thi THPT,2024,25.65,Điện tử - Viễn thông - ĐH Leibniz Hannover (CHLB Đức)
233,BKA,dien-tu-vien-thong-dh-leibniz-hannover,D26,Điểm thi THPT,2024,25.65,Điện tử - Viễn thông - ĐH Leibniz Hannover (CHLB Đức)
234,BKA,dien-tu-vien-thong-leibniz-hannover,A00,Điểm thi THPT,2021,25.13,Điện tử Viễn thông-Leibniz Hannover (Đức)
235,BKA,dien-tu-vien-thong-leibniz-hannover,A01,Điểm thi THPT,2021,25.13,Điện tử Viễn thông-Leibniz Hannover (Đức)
236,BKA,dien-tu-vien-thong-leibniz-hannover,D26,Điểm thi THPT,2021,25.13,Điện tử Viễn thông-Leibniz Hannover (Đức)
237,BKA,he-thong-dien-va-nang-luong-tai-tao,A00,Điểm thi THPT,2021,25.71,Hệ thống điện và năng lượng tái tạo (Chương trình tiên tiến)
238,BKA,he-thong-dien-va-nang-luong-tai-tao,A01,Điểm thi THPT,2021,25.71,Hệ thống điện và năng lượng tái tạo (Chương trình tiên tiến)
239,BKA,he-thong-dien-va-nang-luong-tai-tao,A00,Điểm thi THPT,2022,23.55,Hệ thống điện và năng lượng tái tạo (CT tiên tiến)
240,BKA,he-thong-dien-va-nang-luong-tai-tao,A01,Điểm thi THPT,2022,23.55,Hệ thống điện và năng lượng tái tạo (CT tiên tiến)
241,BKA,he-thong-dien-va-nang-luong-tai-tao,A00,Điểm thi THPT,2023,24.47,Hệ thống điện và năng lượng tái tạo (CT tiên tiến)
242,BKA,he-thong-dien-va-nang-luong-tai-tao,A01,Điểm thi THPT,2023,24.47,Hệ thống điện và năng lượng tái tạo (CT tiên tiến)
243,BKA,he-thong-dien-va-nang-luong-tai-tao,A00,Điểm thi THPT,2024,25.8,Hệ thống điện và năng lượng tái tạo (CT tiên tiến)
244,BKA,he-thong-dien-va-nang-luong-tai-tao,A01,Điểm thi THPT,2024,25.8,Hệ thống điện và năng lượng tái tạo (CT tiên tiến)
245,BKA,he-thong-dien-va-nang-luong-tai-tao,A00,Điểm thi THPT,2025,26.56,Hệ thống điện và năng lượng tái tạo (CT tiên tiến)
246,BKA,he-thong-dien-va-nang-luong-tai-tao,A01,Điểm thi THPT,2025,26.56,Hệ thống điện và năng lượng tái tạo (CT tiên tiến)
247,BKA,he-thong-dien-va-nang-luong-tai-tao,B03,Điểm thi THPT,2025,26.56,Hệ thống điện và năng lượng tái tạo (CT tiên tiến)
248,BKA,he-thong-dien-va-nang-luong-tai-tao,C01,Điểm thi THPT,2025,26.56,Hệ thống điện và năng lượng tái tạo (CT tiên tiến)
249,BKA,he-thong-dien-va-nang-luong-tai-tao,C02,Điểm thi THPT,2025,26.56,Hệ thống điện và năng lượng tái tạo (CT tiên tiến)
250,BKA,he-thong-dien-va-nang-luong-tai-tao,X02,Điểm thi THPT,2025,26.56,Hệ thống điện và năng lượng tái tạo (CT tiên tiến)
251,BKA,he-thong-nhung-thong-minh-va-iot,A00,Điểm thi THPT,2021,26.93,Hệ thống nhúng thông minh và IoT (Chương trình tiên tiến)
252,BKA,he-thong-nhung-thong-minh-va-iot,A01,Điểm thi THPT,2021,26.93,Hệ thống nhúng thông minh và IoT (Chương trình tiên tiến)
253,BKA,he-thong-nhung-thong-minh-va-iot,D28,Điểm thi THPT,2021,26.93,Hệ thống nhúng thông minh và IoT (Chương trình tiên tiến)
254,BKA,he-thong-nhung-thong-minh-va-iot,A00,Điểm thi THPT,2022,24.14,Hệ thống nhúng thông minh và IoT (CT tiên tiến)
255,BKA,he-thong-nhung-thong-minh-va-iot,A01,Điểm thi THPT,2022,24.14,Hệ thống nhúng thông minh và IoT (CT tiên tiến)
256,BKA,he-thong-nhung-thong-minh-va-iot,D28,Điểm thi THPT,2022,24.14,Hệ thống nhúng thông minh và IoT (CT tiên tiến)
257,BKA,he-thong-nhung-thong-minh-va-iot,A00,Điểm thi THPT,2023,26.45,Hệ thống nhúng thông minh và IoT (tăng cường tiếng Nhật)
258,BKA,he-thong-nhung-thong-minh-va-iot,A01,Điểm thi THPT,2023,26.45,Hệ thống nhúng thông minh và IoT (tăng cường tiếng Nhật)
259,BKA,he-thong-nhung-thong-minh-va-iot,D28,Điểm thi THPT,2023,26.45,Hệ thống nhúng thông minh và IoT (tăng cường tiếng Nhật)
260,BKA,he-thong-nhung-thong-minh-va-iot,A00,Điểm thi THPT,2024,27.21,Hệ thống nhúng thông minh và IoT (CT tiên tiến)
261,BKA,he-thong-nhung-thong-minh-va-iot,A01,Điểm thi THPT,2024,27.21,Hệ thống nhúng thông minh và IoT (CT tiên tiến)
262,BKA,he-thong-nhung-thong-minh-va-iot,D28,Điểm thi THPT,2024,27.21,Hệ thống nhúng thông minh và IoT (CT tiên tiến)
263,BKA,he-thong-nhung-thong-minh-va-iot,A00,Điểm thi THPT,2025,27.85,Hệ thống nhúng thông minh và IoT (CT tiên tiến)
264,BKA,he-thong-nhung-thong-minh-va-iot,A01,Điểm thi THPT,2025,27.85,Hệ thống nhúng thông minh và IoT (CT tiên tiến)
265,BKA,he-thong-nhung-thong-minh-va-iot,B03,Điểm thi THPT,2025,27.85,Hệ thống nhúng thông minh và IoT (CT tiên tiến)
266,BKA,he-thong-nhung-thong-minh-va-iot,C01,Điểm thi THPT,2025,27.85,Hệ thống nhúng thông minh và IoT (CT tiên tiến)
267,BKA,he-thong-nhung-thong-minh-va-iot,C02,Điểm thi THPT,2025,27.85,Hệ thống nhúng thông minh và IoT (CT tiên tiến)
268,BKA,he-thong-nhung-thong-minh-va-iot,D28,Điểm thi THPT,2025,27.85,Hệ thống nhúng thông minh và IoT (CT tiên tiến)
269,BKA,he-thong-nhung-thong-minh-va-iot,X02,Điểm thi THPT,2025,27.85,Hệ thống nhúng thông minh và IoT (CT tiên tiến)
270,BKA,he-thong-thong-tin-quan-ly,A00,Điểm thi THPT,2021,27.0,Hệ thống thông tin quản lý
271,BKA,he-thong-thong-tin-quan-ly,A01,Điểm thi THPT,2021,27.0,Hệ thống thông tin quản lý
272,BKA,he-thong-thong-tin-quan-ly,A00,Điểm thi THPT,2022,26.54,Hệ thống thông tin quản lý
273,BKA,he-thong-thong-tin-quan-ly,A01,Điểm thi THPT,2022,26.54,Hệ thống thông tin quản lý
274,BKA,he-thong-thong-tin-quan-ly,A00,Điểm thi THPT,2023,27.06,Hệ thống Thông tin quản lý
275,BKA,he-thong-thong-tin-quan-ly,A01,Điểm thi THPT,2023,27.06,Hệ thống Thông tin quản lý
276,BKA,he-thong-thong-tin-quan-ly,A00,Điểm thi THPT,2024,27.34,Hệ thống Thông tin quản lý
277,BKA,he-thong-thong-tin-quan-ly,A01,Điểm thi THPT,2024,27.34,Hệ thống Thông tin quản lý
278,BKA,he-thong-thong-tin-quan-ly,A00,Điểm thi THPT,2025,27.72,Hệ thống thông tin quản lý
279,BKA,he-thong-thong-tin-quan-ly,A01,Điểm thi THPT,2025,27.72,Hệ thống thông tin quản lý
280,BKA,he-thong-thong-tin-quan-ly,B03,Điểm thi THPT,2025,27.72,Hệ thống thông tin quản lý
281,BKA,he-thong-thong-tin-quan-ly,C01,Điểm thi THPT,2025,27.72,Hệ thống thông tin quản lý
282,BKA,he-thong-thong-tin-quan-ly,C02,Điểm thi THPT,2025,27.72,Hệ thống thông tin quản lý
283,BKA,he-thong-thong-tin-quan-ly,X02,Điểm thi THPT,2025,27.72,Hệ thống thông tin quản lý
284,BKA,hoa-hoc,A00,Điểm thi THPT,2021,24.96,Hóa học
285,BKA,hoa-hoc,B00,Điểm thi THPT,2021,24.96,Hóa học
286,BKA,hoa-hoc,D07,Điểm thi THPT,2021,24.96,Hóa học
287,BKA,hoa-hoc,A00,Điểm thi THPT,2022,23.03,Hoá học
288,BKA,hoa-hoc,B00,Điểm thi THPT,2022,23.03,Hoá học
289,BKA,hoa-hoc,D07,Điểm thi THPT,2022,23.03,Hoá học
290,BKA,hoa-hoc,A00,Điểm thi THPT,2023,23.04,Hóa học
291,BKA,hoa-hoc,B00,Điểm thi THPT,2023,23.04,Hóa học
292,BKA,hoa-hoc,D07,Điểm thi THPT,2023,23.04,Hóa học
293,BKA,hoa-hoc,A00,Điểm thi THPT,2024,23.81,Hóa học
294,BKA,hoa-hoc,B00,Điểm thi THPT,2024,23.81,Hóa học
295,BKA,hoa-hoc,D07,Điểm thi THPT,2024,23.81,Hóa học
296,BKA,hoa-hoc,A00,Điểm thi THPT,2025,23.19,Hoá học
297,BKA,hoa-hoc,B00,Điểm thi THPT,2025,23.19,Hoá học
298,BKA,hoa-hoc,B03,Điểm thi THPT,2025,23.19,Hoá học
299,BKA,hoa-hoc,C01,Điểm thi THPT,2025,23.19,Hoá học
300,BKA,hoa-hoc,C02,Điểm thi THPT,2025,23.19,Hoá học
301,BKA,hoa-hoc,D07,Điểm thi THPT,2025,23.19,Hoá học
302,BKA,hoa-hoc,X02,Điểm thi THPT,2025,23.19,Hoá học
303,BKA,ke-toan,A00,Điểm thi THPT,2021,25.76,Kế toán
304,BKA,ke-toan,A01,Điểm thi THPT,2021,25.76,Kế toán
305,BKA,ke-toan,D01,Điểm thi THPT,2021,25.76,Kế toán
306,BKA,ke-toan,A00,Điểm thi THPT,2022,25.2,Kế toán
307,BKA,ke-toan,A01,Điểm thi THPT,2022,25.2,Kế toán
308,BKA,ke-toan,D01,Điểm thi THPT,2022,25.2,Kế toán
309,BKA,ke-toan,A00,Điểm thi THPT,2023,25.52,Kế toán
310,BKA,ke-toan,A01,Điểm thi THPT,2023,25.52,Kế toán
311,BKA,ke-toan,D01,Điểm thi THPT,2023,25.52,Kế toán
312,BKA,ke-toan,A00,Điểm thi THPT,2024,25.8,Kế toán
313,BKA,ke-toan,A01,Điểm thi THPT,2024,25.8,Kế toán
314,BKA,ke-toan,D01,Điểm thi THPT,2024,25.8,Kế toán
315,BKA,ke-toan,A00,Điểm thi THPT,2025,24.63,Kế toán
316,BKA,ke-toan,A01,Điểm thi THPT,2025,24.63,Kế toán
317,BKA,ke-toan,B03,Điểm thi THPT,2025,24.63,Kế toán
318,BKA,ke-toan,C01,Điểm thi THPT,2025,24.63,Kế toán
319,BKA,ke-toan,C02,Điểm thi THPT,2025,24.63,Kế toán
320,BKA,ke-toan,D01,Điểm thi THPT,2025,24.13,Kế toán
321,BKA,ke-toan,X02,Điểm thi THPT,2025,24.63,Kế toán
322,BKA,khkt-vat-lieu,A00,Điểm thi THPT,2021,23.99,KHKT Vật liệu (Chương trình tiên tiến)
323,BKA,khkt-vat-lieu,A01,Điểm thi THPT,2021,23.99,KHKT Vật liệu (Chương trình tiên tiến)
324,BKA,khkt-vat-lieu,A00,Điểm thi THPT,2022,23.16,KHKT Vật liệu (CT tiên tiến)
325,BKA,khkt-vat-lieu,A01,Điểm thi THPT,2022,23.16,KHKT Vật liệu (CT tiên tiến)
326,BKA,khoa-hoc-du-lieu-va-tri-tue-nhan-tao,A00,Điểm thi THPT,2021,28.04,Khoa học Dữ liệu và Trí tuệ nhân tạo (Chương trình tiên tiến)
327,BKA,khoa-hoc-du-lieu-va-tri-tue-nhan-tao,A01,Điểm thi THPT,2021,28.04,Khoa học Dữ liệu và Trí tuệ nhân tạo (Chương trình tiên tiến)
328,BKA,khoa-hoc-du-lieu-va-tri-tue-nhan-tao,A00,Điểm thi THPT,2023,28.8,Khoa học dữ liệu và Trí tuệ nhân tạo (CT tiên tiến)
329,BKA,khoa-hoc-du-lieu-va-tri-tue-nhan-tao,A01,Điểm thi THPT,2023,28.8,Khoa học dữ liệu và Trí tuệ nhân tạo (CT tiên tiến)
330,BKA,khoa-hoc-du-lieu-va-tri-tue-nhan-tao,A00,Điểm thi THPT,2024,28.22,Khoa học dữ liệu và Trí tuệ nhân tạo (CT tiên tiến)
331,BKA,khoa-hoc-du-lieu-va-tri-tue-nhan-tao,A01,Điểm thi THPT,2024,28.22,Khoa học dữ liệu và Trí tuệ nhân tạo (CT tiên tiến)
332,BKA,khoa-hoc-du-lieu-va-tri-tue-nhan-tao,A00,Điểm thi THPT,2025,29.39,Khoa học dữ liệu và Trí tuệ nhân tạo (CT tiên tiến)
333,BKA,khoa-hoc-du-lieu-va-tri-tue-nhan-tao,A01,Điểm thi THPT,2025,29.39,Khoa học dữ liệu và Trí tuệ nhân tạo (CT tiên tiến)
334,BKA,khoa-hoc-du-lieu-va-tri-tue-nhan-tao,B03,Điểm thi THPT,2025,29.39,Khoa học dữ liệu và Trí tuệ nhân tạo (CT tiên tiến)
335,BKA,khoa-hoc-du-lieu-va-tri-tue-nhan-tao,C01,Điểm thi THPT,2025,29.39,Khoa học dữ liệu và Trí tuệ nhân tạo (CT tiên tiến)
336,BKA,khoa-hoc-du-lieu-va-tri-tue-nhan-tao,C02,Điểm thi THPT,2025,29.39,Khoa học dữ liệu và Trí tuệ nhân tạo (CT tiên tiến)
337,BKA,khoa-hoc-du-lieu-va-tri-tue-nhan-tao,X02,Điểm thi THPT,2025,29.39,Khoa học dữ liệu và Trí tuệ nhân tạo (CT tiên tiến)
338,BKA,khoa-hoc-may-tinh,A00,Điểm thi THPT,2021,28.43,Khoa học Máy tính
339,BKA,khoa-hoc-may-tinh,A01,Điểm thi THPT,2021,28.43,Khoa học Máy tính
340,BKA,khoa-hoc-may-tinh,A00,Điểm thi THPT,2022,25.15,Khoa học máy tính - hợp tác với ĐH Troy (Hoa Kỳ)
341,BKA,khoa-hoc-may-tinh,A01,Điểm thi THPT,2022,25.15,Khoa học máy tính - hợp tác với ĐH Troy (Hoa Kỳ)
342,BKA,khoa-hoc-may-tinh,D01,Điểm thi THPT,2022,25.15,Khoa học máy tính - hợp tác với ĐH Troy (Hoa Kỳ)
343,BKA,khoa-hoc-may-tinh,A00,Điểm thi THPT,2023,29.42,CNTT: Khoa học Máy tính
344,BKA,khoa-hoc-may-tinh,A01,Điểm thi THPT,2023,29.42,CNTT: Khoa học Máy tính
345,BKA,khoa-hoc-may-tinh,A00,Điểm thi THPT,2024,28.53,CNTT: Khoa học Máy tính
346,BKA,khoa-hoc-may-tinh,A01,Điểm thi THPT,2024,28.53,CNTT: Khoa học Máy tính
347,BKA,khoa-hoc-may-tinh,D01,Điểm thi THPT,2024,21.0,Khoa học Máy tính - hợp tác với ĐH Troy (Hoa Kỳ)
348,BKA,khoa-hoc-may-tinh,A00,Điểm thi THPT,2025,29.19,CNTT: Khoa học Máy tính
349,BKA,khoa-hoc-may-tinh,A01,Điểm thi THPT,2025,29.19,CNTT: Khoa học Máy tính
350,BKA,khoa-hoc-may-tinh,B03,Điểm thi THPT,2025,29.19,CNTT: Khoa học Máy tính
351,BKA,khoa-hoc-may-tinh,C01,Điểm thi THPT,2025,29.19,CNTT: Khoa học Máy tính
352,BKA,khoa-hoc-may-tinh,C02,Điểm thi THPT,2025,29.19,CNTT: Khoa học Máy tính
353,BKA,khoa-hoc-may-tinh,D01,Điểm thi THPT,2025,21.3,Khoa học máy tính - hợp tác với ĐH Troy (Hoa Kỳ)
354,BKA,khoa-hoc-may-tinh,X02,Điểm thi THPT,2025,29.19,CNTT: Khoa học Máy tính
355,BKA,khoa-hoc-may-tinh-dh-troy,A00,Điểm thi THPT,2023,24.96,Khoa học Máy tính - ĐH Troy (Hoa Kỳ)
356,BKA,khoa-hoc-may-tinh-dh-troy,A01,Điểm thi THPT,2023,24.96,Khoa học Máy tính - ĐH Troy (Hoa Kỳ)
357,BKA,khoa-hoc-may-tinh-dh-troy,D01,Điểm thi THPT,2023,24.96,Khoa học Máy tính - ĐH Troy (Hoa Kỳ)
358,BKA,khoa-hoc-may-tinh-troy,A00,Điểm thi THPT,2021,25.5,Khoa học Máy tính-Troy (Hoa Kỳ)
359,BKA,khoa-hoc-may-tinh-troy,A01,Điểm thi THPT,2021,25.5,Khoa học Máy tính-Troy (Hoa Kỳ)
360,BKA,khoa-hoc-may-tinh-troy,D01,Điểm thi THPT,2021,25.5,Khoa học Máy tính-Troy (Hoa Kỳ)
361,BKA,khoa-hoc-va-ky-thuat-vat-lieu,A00,Điểm thi THPT,2023,21.5,Khoa học và Kỹ thuật Vật liệu (CT tiên tiến)
362,BKA,khoa-hoc-va-ky-thuat-vat-lieu,A01,Điểm thi THPT,2023,21.5,Khoa học và Kỹ thuật Vật liệu (CT tiên tiến)
363,BKA,khoa-hoc-va-ky-thuat-vat-lieu,D07,Điểm thi THPT,2023,21.5,Khoa học và Kỹ thuật Vật liệu (CT tiên tiến)
364,BKA,khoa-hoc-va-ky-thuat-vat-lieu,A00,Điểm thi THPT,2024,24.0,Khoa học và Kỹ thuật Vật liệu (CT tiên tiến)
365,BKA,khoa-hoc-va-ky-thuat-vat-lieu,A01,Điểm thi THPT,2024,24.0,Khoa học và Kỹ thuật Vật liệu (CT tiên tiến)
366,BKA,khoa-hoc-va-ky-thuat-vat-lieu,D07,Điểm thi THPT,2024,24.0,Khoa học và Kỹ thuật Vật liệu (CT tiên tiến)
367,BKA,khoa-hoc-va-ky-thuat-vat-lieu,A00,Điểm thi THPT,2025,23.7,Khoa học và kỹ thuật vật liệu (CT tiên tiến)
368,BKA,khoa-hoc-va-ky-thuat-vat-lieu,A01,Điểm thi THPT,2025,23.7,Khoa học và kỹ thuật vật liệu (CT tiên tiến)
369,BKA,khoa-hoc-va-ky-thuat-vat-lieu,B03,Điểm thi THPT,2025,23.7,Khoa học và kỹ thuật vật liệu (CT tiên tiến)
370,BKA,khoa-hoc-va-ky-thuat-vat-lieu,C01,Điểm thi THPT,2025,23.7,Khoa học và kỹ thuật vật liệu (CT tiên tiến)
371,BKA,khoa-hoc-va-ky-thuat-vat-lieu,C02,Điểm thi THPT,2025,23.7,Khoa học và kỹ thuật vật liệu (CT tiên tiến)
372,BKA,khoa-hoc-va-ky-thuat-vat-lieu,D07,Điểm thi THPT,2025,23.7,Khoa học và kỹ thuật vật liệu (CT tiên tiến)
373,BKA,khoa-hoc-va-ky-thuat-vat-lieu,X02,Điểm thi THPT,2025,23.7,Khoa học và kỹ thuật vật liệu (CT tiên tiến)
374,BKA,kinh-te-cong-nghiep,A00,Điểm thi THPT,2021,25.65,Kinh tế Công nghiệp
375,BKA,kinh-te-cong-nghiep,A01,Điểm thi THPT,2021,25.65,Kinh tế Công nghiệp
376,BKA,kinh-te-cong-nghiep,D01,Điểm thi THPT,2021,25.65,Kinh tế Công nghiệp
377,BKA,kinh-te-cong-nghiep,A00,Điểm thi THPT,2022,24.3,Kinh tế công nghiệp
378,BKA,kinh-te-cong-nghiep,A01,Điểm thi THPT,2022,24.3,Kinh tế công nghiệp
379,BKA,kinh-te-cong-nghiep,D01,Điểm thi THPT,2022,24.3,Kinh tế công nghiệp
380,BKA,ky-thuat-co-dien-tu,A00,Điểm thi THPT,2021,26.3,Kỹ thuật Cơ điện tử (Chương trình tiên tiến)
381,BKA,ky-thuat-co-dien-tu,A01,Điểm thi THPT,2021,26.3,Kỹ thuật Cơ điện tử (Chương trình tiên tiến)
382,BKA,ky-thuat-co-dien-tu,A00,Điểm thi THPT,2022,24.28,Kỹ thuật Cơ điện tử (CT tiên tiến)
383,BKA,ky-thuat-co-dien-tu,A01,Điểm thi THPT,2022,24.28,Kỹ thuật Cơ điện tử (CT tiên tiến)
384,BKA,ky-thuat-co-dien-tu,A00,Điểm thi THPT,2023,25.47,Kỹ thuật Cơ điện tử (CT tiên tiến)
385,BKA,ky-thuat-co-dien-tu,A01,Điểm thi THPT,2023,25.47,Kỹ thuật Cơ điện tử (CT tiên tiến)
386,BKA,ky-thuat-co-dien-tu,A00,Điểm thi THPT,2024,26.38,Kỹ thuật Cơ điện tử (CT tiên tiến)
387,BKA,ky-thuat-co-dien-tu,A01,Điểm thi THPT,2024,26.38,Kỹ thuật Cơ điện tử (CT tiên tiến)
388,BKA,ky-thuat-co-dien-tu,A00,Điểm thi THPT,2025,26.74,Kỹ thuật Cơ điện tử (CT tiên tiến)
389,BKA,ky-thuat-co-dien-tu,A01,Điểm thi THPT,2025,26.74,Kỹ thuật Cơ điện tử (CT tiên tiến)
390,BKA,ky-thuat-co-dien-tu,B03,Điểm thi THPT,2025,26.74,Kỹ thuật Cơ điện tử (CT tiên tiến)
391,BKA,ky-thuat-co-dien-tu,C01,Điểm thi THPT,2025,26.74,Kỹ thuật Cơ điện tử (CT tiên tiến)
392,BKA,ky-thuat-co-dien-tu,C02,Điểm thi THPT,2025,26.74,Kỹ thuật Cơ điện tử (CT tiên tiến)
393,BKA,ky-thuat-co-dien-tu,X02,Điểm thi THPT,2025,26.74,Kỹ thuật Cơ điện tử (CT tiên tiến)
394,BKA,ky-thuat-co-khi,A00,Điểm thi THPT,2021,25.78,Kỹ thuật Cơ khí
395,BKA,ky-thuat-co-khi,A01,Điểm thi THPT,2021,25.78,Kỹ thuật Cơ khí
396,BKA,ky-thuat-co-khi,A00,Điểm thi THPT,2022,23.5,Kỹ thuật Cơ khí
397,BKA,ky-thuat-co-khi,A01,Điểm thi THPT,2022,23.5,Kỹ thuật Cơ khí
398,BKA,ky-thuat-co-khi,A00,Điểm thi THPT,2023,24.96,Kỹ thuật Cơ khí
399,BKA,ky-thuat-co-khi,A01,Điểm thi THPT,2023,24.96,Kỹ thuật Cơ khí
400,BKA,ky-thuat-co-khi,A00,Điểm thi THPT,2024,25.8,Kỹ thuật Cơ khí
401,BKA,ky-thuat-co-khi,A01,Điểm thi THPT,2024,25.8,Kỹ thuật Cơ khí
402,BKA,ky-thuat-co-khi,A00,Điểm thi THPT,2025,26.62,Kỹ thuật Cơ khí
403,BKA,ky-thuat-co-khi,A01,Điểm thi THPT,2025,26.62,Kỹ thuật Cơ khí
404,BKA,ky-thuat-co-khi,B03,Điểm thi THPT,2025,26.62,Kỹ thuật Cơ khí
405,BKA,ky-thuat-co-khi,C01,Điểm thi THPT,2025,26.62,Kỹ thuật Cơ khí
406,BKA,ky-thuat-co-khi,C02,Điểm thi THPT,2025,26.62,Kỹ thuật Cơ khí
407,BKA,ky-thuat-co-khi,X02,Điểm thi THPT,2025,26.62,Kỹ thuật Cơ khí
408,BKA,ky-thuat-co-khi-dong-luc,A00,Điểm thi THPT,2021,25.7,Kỹ thuật Cơ khí động lực
409,BKA,ky-thuat-co-khi-dong-luc,A01,Điểm thi THPT,2021,25.7,Kỹ thuật Cơ khí động lực
410,BKA,ky-thuat-co-khi-dong-luc,A00,Điểm thi THPT,2022,24.16,Kỹ thuật Cơ khí động lực
411,BKA,ky-thuat-co-khi-dong-luc,A01,Điểm thi THPT,2022,24.16,Kỹ thuật Cơ khí động lực
412,BKA,ky-thuat-co-khi-dong-luc,A00,Điểm thi THPT,2023,25.31,Kỹ thuật Cơ khí động lực
413,BKA,ky-thuat-co-khi-dong-luc,A01,Điểm thi THPT,2023,25.31,Kỹ thuật Cơ khí động lực
414,BKA,ky-thuat-co-khi-dong-luc,A00,Điểm thi THPT,2024,26.12,Kỹ thuật Cơ khí động lực
415,BKA,ky-thuat-co-khi-dong-luc,A01,Điểm thi THPT,2024,26.12,Kỹ thuật Cơ khí động lực
416,BKA,ky-thuat-co-khi-dong-luc,A00,Điểm thi THPT,2025,26.25,Kỹ thuật Cơ khí động lực
417,BKA,ky-thuat-co-khi-dong-luc,A01,Điểm thi THPT,2025,26.25,Kỹ thuật Cơ khí động lực
418,BKA,ky-thuat-co-khi-dong-luc,B03,Điểm thi THPT,2025,26.25,Kỹ thuật Cơ khí động lực
419,BKA,ky-thuat-co-khi-dong-luc,C01,Điểm thi THPT,2025,26.25,Kỹ thuật Cơ khí động lực
420,BKA,ky-thuat-co-khi-dong-luc,C02,Điểm thi THPT,2025,26.25,Kỹ thuật Cơ khí động lực
421,BKA,ky-thuat-co-khi-dong-luc,X02,Điểm thi THPT,2025,26.25,Kỹ thuật Cơ khí động lực
422,BKA,ky-thuat-det-may,A00,Điểm thi THPT,2021,23.99,Kỹ thuật Dệt May
423,BKA,ky-thuat-det-may,A01,Điểm thi THPT,2021,23.99,Kỹ thuật Dệt May
424,BKA,ky-thuat-det-may,A00,Điểm thi THPT,2022,23.1,Kỹ thuật Dệt - May
425,BKA,ky-thuat-det-may,A01,Điểm thi THPT,2022,23.1,Kỹ thuật Dệt - May
426,BKA,ky-thuat-dien,A00,Điểm thi THPT,2021,26.5,Kỹ thuật Điện
427,BKA,ky-thuat-dien,A01,Điểm thi THPT,2021,26.5,Kỹ thuật Điện
428,BKA,ky-thuat-dien,A00,Điểm thi THPT,2022,23.05,Kỹ thuật Điện
429,BKA,ky-thuat-dien,A01,Điểm thi THPT,2022,23.05,Kỹ thuật Điện
430,BKA,ky-thuat-dien,A00,Điểm thi THPT,2023,25.55,Kỹ thuật điện
431,BKA,ky-thuat-dien,A01,Điểm thi THPT,2023,25.55,Kỹ thuật điện
432,BKA,ky-thuat-dien,A00,Điểm thi THPT,2024,26.81,Kỹ thuật điện
433,BKA,ky-thuat-dien,A01,Điểm thi THPT,2024,26.81,Kỹ thuật điện
434,BKA,ky-thuat-dien,A00,Điểm thi THPT,2025,27.55,Kỹ thuật Điện
435,BKA,ky-thuat-dien,A01,Điểm thi THPT,2025,27.55,Kỹ thuật Điện
436,BKA,ky-thuat-dien,B03,Điểm thi THPT,2025,27.55,Kỹ thuật Điện
437,BKA,ky-thuat-dien,C01,Điểm thi THPT,2025,27.55,Kỹ thuật Điện
438,BKA,ky-thuat-dien,C02,Điểm thi THPT,2025,27.55,Kỹ thuật Điện
439,BKA,ky-thuat-dien,X02,Điểm thi THPT,2025,27.55,Kỹ thuật Điện
440,BKA,ky-thuat-dien-tu-vien-thong,A00,Điểm thi THPT,2021,26.59,Kỹ thuật Điện tử Viễn thông (Chương trình tiên tiến)
441,BKA,ky-thuat-dien-tu-vien-thong,A01,Điểm thi THPT,2021,26.59,Kỹ thuật Điện tử Viễn thông (Chương trình tiên tiến)
442,BKA,ky-thuat-dien-tu-vien-thong,A00,Điểm thi THPT,2022,24.19,Kỹ thuật Điện tử - Viễn thông (CT tiên tiến)
443,BKA,ky-thuat-dien-tu-vien-thong,A01,Điểm thi THPT,2022,24.19,Kỹ thuật Điện tử - Viễn thông (CT tiên tiến)
444,BKA,ky-thuat-dien-tu-vien-thong,A00,Điểm thi THPT,2023,25.99,Kỹ thuật Điện tử - Viễn thông (CT tiên tiến)
445,BKA,ky-thuat-dien-tu-vien-thong,A01,Điểm thi THPT,2023,25.99,Kỹ thuật Điện tử - Viễn thông (CT tiên tiến)
446,BKA,ky-thuat-dien-tu-vien-thong,A00,Điểm thi THPT,2024,27.03,Kỹ thuật Điện tử - Viễn thông (CT tiên tiến)
447,BKA,ky-thuat-dien-tu-vien-thong,A01,Điểm thi THPT,2024,27.03,Kỹ thuật Điện tử - Viễn thông (CT tiên tiến)
448,BKA,ky-thuat-dien-tu-vien-thong,A00,Điểm thi THPT,2025,27.55,Kỹ thuật Điện tử - Viễn thông (CT tiên tiến)
449,BKA,ky-thuat-dien-tu-vien-thong,A01,Điểm thi THPT,2025,27.55,Kỹ thuật Điện tử - Viễn thông (CT tiên tiến)
450,BKA,ky-thuat-dien-tu-vien-thong,B03,Điểm thi THPT,2025,27.55,Kỹ thuật Điện tử - Viễn thông (CT tiên tiến)
451,BKA,ky-thuat-dien-tu-vien-thong,C01,Điểm thi THPT,2025,27.55,Kỹ thuật Điện tử - Viễn thông (CT tiên tiến)
452,BKA,ky-thuat-dien-tu-vien-thong,C02,Điểm thi THPT,2025,27.55,Kỹ thuật Điện tử - Viễn thông (CT tiên tiến)
453,BKA,ky-thuat-dien-tu-vien-thong,X02,Điểm thi THPT,2025,27.55,Kỹ thuật Điện tử - Viễn thông (CT tiên tiến)
454,BKA,ky-thuat-dieu-khien-tu-dong-hoa,A00,Điểm thi THPT,2021,27.26,Kỹ thuật điều khiển Tự động hóa (Chương trình tiên tiến)
455,BKA,ky-thuat-dieu-khien-tu-dong-hoa,A01,Điểm thi THPT,2021,27.26,Kỹ thuật điều khiển Tự động hóa (Chương trình tiên tiến)
456,BKA,ky-thuat-dieu-khien-tu-dong-hoa,A00,Điểm thi THPT,2022,25.99,Kỹ thuật Điều khiển - Tự động hoá (CT tiên tiến)
457,BKA,ky-thuat-dieu-khien-tu-dong-hoa,A01,Điểm thi THPT,2022,25.99,Kỹ thuật Điều khiển - Tự động hoá (CT tiên tiến)
458,BKA,ky-thuat-dieu-khien-tu-dong-hoa,A00,Điểm thi THPT,2023,26.74,Kỹ thuật Điều khiển - Tự động hoá (CT tiên tiến)
459,BKA,ky-thuat-dieu-khien-tu-dong-hoa,A01,Điểm thi THPT,2023,26.74,Kỹ thuật Điều khiển - Tự động hoá (CT tiên tiến)
460,BKA,ky-thuat-dieu-khien-tu-dong-hoa,A00,Điểm thi THPT,2024,27.54,Kỹ thuật Điều khiển - Tự động hoá (CT tiên tiến)
461,BKA,ky-thuat-dieu-khien-tu-dong-hoa,A01,Điểm thi THPT,2024,27.54,Kỹ thuật Điều khiển - Tự động hoá (CT tiên tiến)
462,BKA,ky-thuat-dieu-khien-tu-dong-hoa,A00,Điểm thi THPT,2025,28.12,Kỹ thuật Điều khiển - Tự động hoá (CT tiên tiến)
463,BKA,ky-thuat-dieu-khien-tu-dong-hoa,A01,Điểm thi THPT,2025,28.12,Kỹ thuật Điều khiển - Tự động hoá (CT tiên tiến)
464,BKA,ky-thuat-dieu-khien-tu-dong-hoa,B03,Điểm thi THPT,2025,28.12,Kỹ thuật Điều khiển - Tự động hoá (CT tiên tiến)
465,BKA,ky-thuat-dieu-khien-tu-dong-hoa,C01,Điểm thi THPT,2025,28.12,Kỹ thuật Điều khiển - Tự động hoá (CT tiên tiến)
466,BKA,ky-thuat-dieu-khien-tu-dong-hoa,C02,Điểm thi THPT,2025,28.12,Kỹ thuật Điều khiển - Tự động hoá (CT tiên tiến)
467,BKA,ky-thuat-dieu-khien-tu-dong-hoa,X02,Điểm thi THPT,2025,28.12,Kỹ thuật Điều khiển - Tự động hoá (CT tiên tiến)
468,BKA,ky-thuat-dieu-khien-va-tu-dong-hoa,A00,Điểm thi THPT,2021,27.46,Kỹ thuật Điều khiển và Tự động hóa
469,BKA,ky-thuat-dieu-khien-va-tu-dong-hoa,A01,Điểm thi THPT,2021,27.46,Kỹ thuật Điều khiển và Tự động hóa
470,BKA,ky-thuat-hang-khong,A00,Điểm thi THPT,2021,26.48,Kỹ thuật Hàng không
471,BKA,ky-thuat-hang-khong,A01,Điểm thi THPT,2021,26.48,Kỹ thuật Hàng không
472,BKA,ky-thuat-hang-khong,A00,Điểm thi THPT,2022,24.23,Kỹ thuật Hàng không
473,BKA,ky-thuat-hang-khong,A01,Điểm thi THPT,2022,24.23,Kỹ thuật Hàng không
474,BKA,ky-thuat-hang-khong,A00,Điểm thi THPT,2023,25.5,Kỹ thuật Hàng không
475,BKA,ky-thuat-hang-khong,A01,Điểm thi THPT,2023,25.5,Kỹ thuật Hàng không
476,BKA,ky-thuat-hang-khong,A00,Điểm thi THPT,2024,26.22,Kỹ thuật Hàng không
477,BKA,ky-thuat-hang-khong,A01,Điểm thi THPT,2024,26.22,Kỹ thuật Hàng không
478,BKA,ky-thuat-hang-khong,A00,Điểm thi THPT,2025,26.6,Kỹ thuật Hàng không
479,BKA,ky-thuat-hang-khong,A01,Điểm thi THPT,2025,26.6,Kỹ thuật Hàng không
480,BKA,ky-thuat-hang-khong,B03,Điểm thi THPT,2025,26.6,Kỹ thuật Hàng không
481,BKA,ky-thuat-hang-khong,C01,Điểm thi THPT,2025,26.6,Kỹ thuật Hàng không
482,BKA,ky-thuat-hang-khong,C02,Điểm thi THPT,2025,26.6,Kỹ thuật Hàng không
483,BKA,ky-thuat-hang-khong,X02,Điểm thi THPT,2025,26.6,Kỹ thuật Hàng không
484,BKA,ky-thuat-hat-nhan,A00,Điểm thi THPT,2021,24.48,Kỹ thuật Hạt nhân
485,BKA,ky-thuat-hat-nhan,A01,Điểm thi THPT,2021,24.48,Kỹ thuật Hạt nhân
486,BKA,ky-thuat-hat-nhan,A02,Điểm thi THPT,2021,24.48,Kỹ thuật Hạt nhân
487,BKA,ky-thuat-hat-nhan,A00,Điểm thi THPT,2022,23.29,Kỹ thuật hạt nhân
488,BKA,ky-thuat-hat-nhan,A01,Điểm thi THPT,2022,23.29,Kỹ thuật hạt nhân
489,BKA,ky-thuat-hat-nhan,A02,Điểm thi THPT,2022,23.29,Kỹ thuật hạt nhân
490,BKA,ky-thuat-hat-nhan,A00,Điểm thi THPT,2023,22.31,Kỹ thuật Hạt nhân
491,BKA,ky-thuat-hat-nhan,A01,Điểm thi THPT,2023,22.31,Kỹ thuật Hạt nhân
492,BKA,ky-thuat-hat-nhan,A02,Điểm thi THPT,2023,22.31,Kỹ thuật Hạt nhân
493,BKA,ky-thuat-hat-nhan,A00,Điểm thi THPT,2024,24.64,Kỹ thuật Hạt nhân
494,BKA,ky-thuat-hat-nhan,A01,Điểm thi THPT,2024,24.64,Kỹ thuật Hạt nhân
495,BKA,ky-thuat-hat-nhan,A02,Điểm thi THPT,2024,24.64,Kỹ thuật Hạt nhân
496,BKA,ky-thuat-hat-nhan,A00,Điểm thi THPT,2025,25.07,Kỹ thuật hạt nhân
497,BKA,ky-thuat-hat-nhan,A01,Điểm thi THPT,2025,25.07,Kỹ thuật hạt nhân
498,BKA,ky-thuat-hat-nhan,A02,Điểm thi THPT,2025,25.07,Kỹ thuật hạt nhân
499,BKA,ky-thuat-hat-nhan,B03,Điểm thi THPT,2025,25.07,Kỹ thuật hạt nhân
500,BKA,ky-thuat-hat-nhan,C01,Điểm thi THPT,2025,25.07,Kỹ thuật hạt nhân
501,BKA,ky-thuat-hat-nhan,C02,Điểm thi THPT,2025,25.07,Kỹ thuật hạt nhân
502,BKA,ky-thuat-hat-nhan,X02,Điểm thi THPT,2025,25.07,Kỹ thuật hạt nhân
503,BKA,ky-thuat-hoa-duoc,A00,Điểm thi THPT,2021,26.4,Kỹ thuật Hóa dược (Chương trình tiên tiến)
504,BKA,ky-thuat-hoa-duoc,B00,Điểm thi THPT,2021,26.4,Kỹ thuật Hóa dược (Chương trình tiên tiến)
505,BKA,ky-thuat-hoa-duoc,D07,Điểm thi THPT,2021,26.4,Kỹ thuật Hóa dược (Chương trình tiên tiến)
506,BKA,ky-thuat-hoa-duoc,A00,Điểm thi THPT,2022,23.7,Kỹ thuật Hóa dược (CT tiên tiến)
507,BKA,ky-thuat-hoa-duoc,B00,Điểm thi THPT,2022,23.7,Kỹ thuật Hóa dược (CT tiên tiến)
508,BKA,ky-thuat-hoa-duoc,D07,Điểm thi THPT,2022,23.7,Kỹ thuật Hóa dược (CT tiên tiến)
509,BKA,ky-thuat-hoa-duoc,A00,Điểm thi THPT,2023,23.44,Kỹ thuật Hóa dược (CT tiên tiến)
510,BKA,ky-thuat-hoa-duoc,B00,Điểm thi THPT,2023,23.44,Kỹ thuật Hóa dược (CT tiên tiến)
511,BKA,ky-thuat-hoa-duoc,D07,Điểm thi THPT,2023,23.44,Kỹ thuật Hóa dược (CT tiên tiến)
512,BKA,ky-thuat-hoa-duoc,A00,Điểm thi THPT,2024,24.34,Kỹ thuật Hóa dược (CT tiên tiến)
513,BKA,ky-thuat-hoa-duoc,A01,Điểm thi THPT,2024,24.34,Kỹ thuật Hóa dược (CT tiên tiến)
514,BKA,ky-thuat-hoa-duoc,D07,Điểm thi THPT,2024,24.34,Kỹ thuật Hóa dược (CT tiên tiến)
515,BKA,ky-thuat-hoa-duoc,A00,Điểm thi THPT,2025,21.38,Kỹ thuật Hóa dược (CT tiên tiến)
516,BKA,ky-thuat-hoa-duoc,B00,Điểm thi THPT,2025,21.38,Kỹ thuật Hóa dược (CT tiên tiến)
517,BKA,ky-thuat-hoa-duoc,B03,Điểm thi THPT,2025,21.38,Kỹ thuật Hóa dược (CT tiên tiến)
518,BKA,ky-thuat-hoa-duoc,C01,Điểm thi THPT,2025,21.38,Kỹ thuật Hóa dược (CT tiên tiến)
519,BKA,ky-thuat-hoa-duoc,C02,Điểm thi THPT,2025,21.38,Kỹ thuật Hóa dược (CT tiên tiến)
520,BKA,ky-thuat-hoa-duoc,D07,Điểm thi THPT,2025,21.38,Kỹ thuật Hóa dược (CT tiên tiến)
521,BKA,ky-thuat-hoa-duoc,X02,Điểm thi THPT,2025,21.38,Kỹ thuật Hóa dược (CT tiên tiến)
522,BKA,ky-thuat-hoa-hoc,A00,Điểm thi THPT,2021,25.2,Kỹ thuật Hóa học
523,BKA,ky-thuat-hoa-hoc,B00,Điểm thi THPT,2021,25.2,Kỹ thuật Hóa học
524,BKA,ky-thuat-hoa-hoc,D07,Điểm thi THPT,2021,25.2,Kỹ thuật Hóa học
525,BKA,ky-thuat-hoa-hoc,A00,Điểm thi THPT,2022,23.03,Kỹ thuật Hoá học
526,BKA,ky-thuat-hoa-hoc,B00,Điểm thi THPT,2022,23.03,Kỹ thuật Hoá học
527,BKA,ky-thuat-hoa-hoc,D07,Điểm thi THPT,2022,23.03,Kỹ thuật Hoá học
528,BKA,ky-thuat-hoa-hoc,A00,Điểm thi THPT,2023,23.7,Kỹ thuật Hóa học
529,BKA,ky-thuat-hoa-hoc,B00,Điểm thi THPT,2023,23.7,Kỹ thuật Hóa học
530,BKA,ky-thuat-hoa-hoc,D07,Điểm thi THPT,2023,23.7,Kỹ thuật Hóa học
531,BKA,ky-thuat-hoa-hoc,A00,Điểm thi THPT,2024,24.38,Kỹ thuật Hóa học
532,BKA,ky-thuat-hoa-hoc,B00,Điểm thi THPT,2024,24.38,Kỹ thuật Hóa học
533,BKA,ky-thuat-hoa-hoc,D07,Điểm thi THPT,2024,24.38,Kỹ thuật Hóa học
534,BKA,ky-thuat-hoa-hoc,A00,Điểm thi THPT,2025,24.05,Kỹ thuật Hoá học
535,BKA,ky-thuat-hoa-hoc,B00,Điểm thi THPT,2025,24.05,Kỹ thuật Hoá học
536,BKA,ky-thuat-hoa-hoc,B03,Điểm thi THPT,2025,24.05,Kỹ thuật Hoá học
537,BKA,ky-thuat-hoa-hoc,C01,Điểm thi THPT,2025,24.05,Kỹ thuật Hoá học
538,BKA,ky-thuat-hoa-hoc,C02,Điểm thi THPT,2025,24.05,Kỹ thuật Hoá học
539,BKA,ky-thuat-hoa-hoc,D07,Điểm thi THPT,2025,24.05,Kỹ thuật Hoá học
540,BKA,ky-thuat-hoa-hoc,X02,Điểm thi THPT,2025,24.05,Kỹ thuật Hoá học
541,BKA,ky-thuat-in,A00,Điểm thi THPT,2021,24.45,Kỹ thuật In
542,BKA,ky-thuat-in,B00,Điểm thi THPT,2021,24.45,Kỹ thuật In
543,BKA,ky-thuat-in,D07,Điểm thi THPT,2021,24.45,Kỹ thuật In
544,BKA,ky-thuat-in,A00,Điểm thi THPT,2022,23.03,Kỹ thuật in
545,BKA,ky-thuat-in,B00,Điểm thi THPT,2022,23.03,Kỹ thuật in
546,BKA,ky-thuat-in,D07,Điểm thi THPT,2022,23.03,Kỹ thuật in
547,BKA,ky-thuat-in,A00,Điểm thi THPT,2023,22.7,Kỹ thuật In
548,BKA,ky-thuat-in,A01,Điểm thi THPT,2023,22.7,Kỹ thuật In
549,BKA,ky-thuat-in,D07,Điểm thi THPT,2023,22.7,Kỹ thuật In
550,BKA,ky-thuat-in,A00,Điểm thi THPT,2024,24.0,Kỹ thuật in
551,BKA,ky-thuat-in,A01,Điểm thi THPT,2024,24.0,Kỹ thuật in
552,BKA,ky-thuat-in,D07,Điểm thi THPT,2024,24.0,Kỹ thuật in
553,BKA,ky-thuat-in,A00,Điểm thi THPT,2025,24.06,Kỹ thuật in
554,BKA,ky-thuat-in,A01,Điểm thi THPT,2025,24.06,Kỹ thuật in
555,BKA,ky-thuat-in,B03,Điểm thi THPT,2025,24.06,Kỹ thuật in
556,BKA,ky-thuat-in,C01,Điểm thi THPT,2025,24.06,Kỹ thuật in
557,BKA,ky-thuat-in,C02,Điểm thi THPT,2025,24.06,Kỹ thuật in
558,BKA,ky-thuat-in,D07,Điểm thi THPT,2025,24.06,Kỹ thuật in
559,BKA,ky-thuat-in,X02,Điểm thi THPT,2025,24.06,Kỹ thuật in
560,BKA,ky-thuat-may-tinh,A00,Điểm thi THPT,2021,28.1,Kỹ thuật Máy tính
561,BKA,ky-thuat-may-tinh,A01,Điểm thi THPT,2021,28.1,Kỹ thuật Máy tính
562,BKA,ky-thuat-may-tinh,A00,Điểm thi THPT,2022,28.29,CNTT: Kỹ thuật Máy tính
563,BKA,ky-thuat-may-tinh,A01,Điểm thi THPT,2022,28.29,CNTT: Kỹ thuật Máy tính
564,BKA,ky-thuat-may-tinh,A00,Điểm thi THPT,2023,28.29,CNTT: Kỹ thuật Máy tính
565,BKA,ky-thuat-may-tinh,A01,Điểm thi THPT,2023,28.29,CNTT: Kỹ thuật Máy tính
566,BKA,ky-thuat-may-tinh,A00,Điểm thi THPT,2024,28.48,CNTT: Kỹ thuật Máy tính
567,BKA,ky-thuat-may-tinh,A01,Điểm thi THPT,2024,28.48,CNTT: Kỹ thuật Máy tính
568,BKA,ky-thuat-may-tinh,A00,Điểm thi THPT,2025,28.83,CNTT: Kỹ thuật Máy tính
569,BKA,ky-thuat-may-tinh,A01,Điểm thi THPT,2025,28.83,CNTT: Kỹ thuật Máy tính
570,BKA,ky-thuat-may-tinh,B03,Điểm thi THPT,2025,28.83,CNTT: Kỹ thuật Máy tính
571,BKA,ky-thuat-may-tinh,C01,Điểm thi THPT,2025,28.83,CNTT: Kỹ thuật Máy tính
572,BKA,ky-thuat-may-tinh,C02,Điểm thi THPT,2025,28.83,CNTT: Kỹ thuật Máy tính
573,BKA,ky-thuat-may-tinh,X02,Điểm thi THPT,2025,28.83,CNTT: Kỹ thuật Máy tính
574,BKA,ky-thuat-moi-truong,A00,Điểm thi THPT,2021,24.01,Kỹ thuật Môi trường
575,BKA,ky-thuat-moi-truong,B00,Điểm thi THPT,2021,24.01,Kỹ thuật Môi trường
576,BKA,ky-thuat-moi-truong,D07,Điểm thi THPT,2021,24.01,Kỹ thuật Môi trường
577,BKA,ky-thuat-moi-truong,A00,Điểm thi THPT,2022,23.03,Kỹ thuật Môi trường
578,BKA,ky-thuat-moi-truong,B00,Điểm thi THPT,2022,23.03,Kỹ thuật Môi trường
579,BKA,ky-thuat-moi-truong,D07,Điểm thi THPT,2022,23.03,Kỹ thuật Môi trường
580,BKA,ky-thuat-moi-truong,A00,Điểm thi THPT,2023,21.0,Kỹ thuật Môi trường
581,BKA,ky-thuat-moi-truong,B00,Điểm thi THPT,2023,21.0,Kỹ thuật Môi trường
582,BKA,ky-thuat-moi-truong,D07,Điểm thi THPT,2023,21.0,Kỹ thuật Môi trường
583,BKA,ky-thuat-moi-truong,A00,Điểm thi THPT,2024,22.1,Kỹ thuật Môi trường
584,BKA,ky-thuat-moi-truong,B00,Điểm thi THPT,2024,22.1,Kỹ thuật Môi trường
585,BKA,ky-thuat-moi-truong,D07,Điểm thi THPT,2024,22.1,Kỹ thuật Môi trường
586,BKA,ky-thuat-moi-truong,A00,Điểm thi THPT,2025,22.22,Kỹ thuật Môi trường
587,BKA,ky-thuat-moi-truong,B00,Điểm thi THPT,2025,22.22,Kỹ thuật Môi trường
588,BKA,ky-thuat-moi-truong,B03,Điểm thi THPT,2025,22.22,Kỹ thuật Môi trường
589,BKA,ky-thuat-moi-truong,C01,Điểm thi THPT,2025,22.22,Kỹ thuật Môi trường
590,BKA,ky-thuat-moi-truong,C02,Điểm thi THPT,2025,22.22,Kỹ thuật Môi trường
591,BKA,ky-thuat-moi-truong,D07,Điểm thi THPT,2025,22.22,Kỹ thuật Môi trường
592,BKA,ky-thuat-moi-truong,X02,Điểm thi THPT,2025,22.22,Kỹ thuật Môi trường
593,BKA,ky-thuat-nhiet,A00,Điểm thi THPT,2021,24.5,Kỹ thuật Nhiệt
594,BKA,ky-thuat-nhiet,A01,Điểm thi THPT,2021,24.5,Kỹ thuật Nhiệt
595,BKA,ky-thuat-nhiet,A00,Điểm thi THPT,2022,23.26,Kỹ thuật Nhiệt
596,BKA,ky-thuat-nhiet,A01,Điểm thi THPT,2022,23.26,Kỹ thuật Nhiệt
597,BKA,ky-thuat-nhiet,A00,Điểm thi THPT,2023,23.94,Kỹ thuật Nhiệt
598,BKA,ky-thuat-nhiet,A01,Điểm thi THPT,2023,23.94,Kỹ thuật Nhiệt
599,BKA,ky-thuat-nhiet,A00,Điểm thi THPT,2024,25.2,Kỹ thuật Nhiệt
600,BKA,ky-thuat-nhiet,A01,Điểm thi THPT,2024,25.2,Kỹ thuật Nhiệt
601,BKA,ky-thuat-nhiet,A00,Điểm thi THPT,2025,25.47,Kỹ thuật Nhiệt
602,BKA,ky-thuat-nhiet,A01,Điểm thi THPT,2025,25.47,Kỹ thuật Nhiệt
603,BKA,ky-thuat-nhiet,B03,Điểm thi THPT,2025,25.47,Kỹ thuật Nhiệt
604,BKA,ky-thuat-nhiet,C01,Điểm thi THPT,2025,25.47,Kỹ thuật Nhiệt
605,BKA,ky-thuat-nhiet,C02,Điểm thi THPT,2025,25.47,Kỹ thuật Nhiệt
606,BKA,ky-thuat-nhiet,X02,Điểm thi THPT,2025,25.47,Kỹ thuật Nhiệt
607,BKA,ky-thuat-o-to,A00,Điểm thi THPT,2021,26.11,Kỹ thuật Ô tô (Chương trình tiên tiến)
608,BKA,ky-thuat-o-to,A01,Điểm thi THPT,2021,26.11,Kỹ thuật Ô tô (Chương trình tiên tiến)
609,BKA,ky-thuat-o-to,A00,Điểm thi THPT,2022,24.06,Kỹ thuật Ô tô (CT tiên tiến)
610,BKA,ky-thuat-o-to,A01,Điểm thi THPT,2022,24.06,Kỹ thuật Ô tô (CT tiên tiến)
611,BKA,ky-thuat-o-to,A00,Điểm thi THPT,2023,25.0,Kỹ thuật Ô tô (CT tiên tiến)
612,BKA,ky-thuat-o-to,A01,Điểm thi THPT,2023,25.0,Kỹ thuật Ô tô (CT tiên tiến)
613,BKA,ky-thuat-o-to,A00,Điểm thi THPT,2024,25.9,Kỹ thuật Ô tô (CT tiên tiến)
614,BKA,ky-thuat-o-to,A01,Điểm thi THPT,2024,25.9,Kỹ thuật Ô tô (CT tiên tiến)
615,BKA,ky-thuat-o-to,A00,Điểm thi THPT,2025,25.18,Kỹ thuật Ô tô (CT tiên tiến)
616,BKA,ky-thuat-o-to,A01,Điểm thi THPT,2025,25.18,Kỹ thuật Ô tô (CT tiên tiến)
617,BKA,ky-thuat-o-to,B03,Điểm thi THPT,2025,25.18,Kỹ thuật Ô tô (CT tiên tiến)
618,BKA,ky-thuat-o-to,C01,Điểm thi THPT,2025,25.18,Kỹ thuật Ô tô (CT tiên tiến)
619,BKA,ky-thuat-o-to,C02,Điểm thi THPT,2025,25.18,Kỹ thuật Ô tô (CT tiên tiến)
620,BKA,ky-thuat-o-to,X02,Điểm thi THPT,2025,25.18,Kỹ thuật Ô tô (CT tiên tiến)
621,BKA,ky-thuat-sinh-hoc,A00,Điểm thi THPT,2021,25.34,Kỹ thuật Sinh học
622,BKA,ky-thuat-sinh-hoc,B00,Điểm thi THPT,2021,25.34,Kỹ thuật Sinh học
623,BKA,ky-thuat-sinh-hoc,A00,Điểm thi THPT,2022,23.25,Kỹ thuật Sinh học
624,BKA,ky-thuat-sinh-hoc,B00,Điểm thi THPT,2022,23.25,Kỹ thuật Sinh học
625,BKA,ky-thuat-sinh-hoc,D07,Điểm thi THPT,2022,23.25,Kỹ thuật Sinh học
626,BKA,ky-thuat-sinh-hoc,A00,Điểm thi THPT,2023,21.0,Kỹ thuật sinh học (CT tiên tiến)
627,BKA,ky-thuat-sinh-hoc,B00,Điểm thi THPT,2023,21.0,Kỹ thuật sinh học (CT tiên tiến)
628,BKA,ky-thuat-sinh-hoc,D07,Điểm thi THPT,2023,21.0,Kỹ thuật sinh học (CT tiên tiến)
629,BKA,ky-thuat-sinh-hoc,A00,Điểm thi THPT,2024,22.0,Kỹ thuật sinh học (CT tiên tiến)
630,BKA,ky-thuat-sinh-hoc,B00,Điểm thi THPT,2024,22.0,Kỹ thuật sinh học (CT tiên tiến)
631,BKA,ky-thuat-sinh-hoc,D07,Điểm thi THPT,2024,22.0,Kỹ thuật sinh học (CT tiên tiến)
632,BKA,ky-thuat-sinh-hoc,A00,Điểm thi THPT,2025,20.0,Kỹ thuật sinh học (CT tiên tiến)
633,BKA,ky-thuat-sinh-hoc,B00,Điểm thi THPT,2025,20.0,Kỹ thuật sinh học (CT tiên tiến)
634,BKA,ky-thuat-sinh-hoc,B03,Điểm thi THPT,2025,20.0,Kỹ thuật sinh học (CT tiên tiến)
635,BKA,ky-thuat-sinh-hoc,C01,Điểm thi THPT,2025,20.0,Kỹ thuật sinh học (CT tiên tiến)
636,BKA,ky-thuat-sinh-hoc,C02,Điểm thi THPT,2025,20.0,Kỹ thuật sinh học (CT tiên tiến)
637,BKA,ky-thuat-sinh-hoc,D07,Điểm thi THPT,2025,20.0,Kỹ thuật sinh học (CT tiên tiến)
638,BKA,ky-thuat-sinh-hoc,X02,Điểm thi THPT,2025,20.0,Kỹ thuật sinh học (CT tiên tiến)
639,BKA,ky-thuat-thuc-pham,A00,Điểm thi THPT,2021,24.44,Kỹ thuật Thực phẩm (Chương trình tiên tiến)
640,BKA,ky-thuat-thuc-pham,B00,Điểm thi THPT,2021,24.44,Kỹ thuật Thực phẩm (Chương trình tiên tiến)
641,BKA,ky-thuat-thuc-pham,A00,Điểm thi THPT,2022,23.35,Kỹ thuật Thực phẩm (CT tiên tiến)
642,BKA,ky-thuat-thuc-pham,B00,Điểm thi THPT,2022,23.35,Kỹ thuật Thực phẩm (CT tiên tiến)
643,BKA,ky-thuat-thuc-pham,D07,Điểm thi THPT,2022,23.35,Kỹ thuật Thực phẩm (CT tiên tiến)
644,BKA,ky-thuat-thuc-pham,A00,Điểm thi THPT,2023,22.7,Kỹ thuật Thực phẩm (CT tiên tiến)
645,BKA,ky-thuat-thuc-pham,B00,Điểm thi THPT,2023,22.7,Kỹ thuật Thực phẩm (CT tiên tiến)
646,BKA,ky-thuat-thuc-pham,D07,Điểm thi THPT,2023,22.7,Kỹ thuật Thực phẩm (CT tiên tiến)
647,BKA,ky-thuat-thuc-pham,A00,Điểm thi THPT,2024,22.0,Kỹ thuật Thực phẩm (CT tiên tiến)
648,BKA,ky-thuat-thuc-pham,B00,Điểm thi THPT,2024,22.0,Kỹ thuật Thực phẩm (CT tiên tiến)
649,BKA,ky-thuat-thuc-pham,D07,Điểm thi THPT,2024,22.0,Kỹ thuật Thực phẩm (CT tiên tiến)
650,BKA,ky-thuat-thuc-pham,A00,Điểm thi THPT,2025,21.0,Kỹ thuật Thực phẩm (CT tiên tiến)
651,BKA,ky-thuat-thuc-pham,B00,Điểm thi THPT,2025,21.0,Kỹ thuật Thực phẩm (CT tiên tiến)
652,BKA,ky-thuat-thuc-pham,B03,Điểm thi THPT,2025,21.0,Kỹ thuật Thực phẩm (CT tiên tiến)
653,BKA,ky-thuat-thuc-pham,C01,Điểm thi THPT,2025,21.0,Kỹ thuật Thực phẩm (CT tiên tiến)
654,BKA,ky-thuat-thuc-pham,C02,Điểm thi THPT,2025,21.0,Kỹ thuật Thực phẩm (CT tiên tiến)
655,BKA,ky-thuat-thuc-pham,D07,Điểm thi THPT,2025,21.0,Kỹ thuật Thực phẩm (CT tiên tiến)
656,BKA,ky-thuat-thuc-pham,X02,Điểm thi THPT,2025,21.0,Kỹ thuật Thực phẩm (CT tiên tiến)
657,BKA,ky-thuat-vat-lieu,A00,Điểm thi THPT,2021,24.65,Kỹ thuật Vật liệu
658,BKA,ky-thuat-vat-lieu,A01,Điểm thi THPT,2021,24.65,Kỹ thuật Vật liệu
659,BKA,ky-thuat-vat-lieu,D07,Điểm thi THPT,2021,24.65,Kỹ thuật Vật liệu
660,BKA,ky-thuat-vat-lieu,A00,Điểm thi THPT,2022,23.16,Kỹ thuật Vật liệu
661,BKA,ky-thuat-vat-lieu,A01,Điểm thi THPT,2022,23.16,Kỹ thuật Vật liệu
662,BKA,ky-thuat-vat-lieu,D07,Điểm thi THPT,2022,23.16,Kỹ thuật Vật liệu
663,BKA,ky-thuat-vat-lieu,A00,Điểm thi THPT,2023,23.25,Kỹ thuật Vật liệu
664,BKA,ky-thuat-vat-lieu,A01,Điểm thi THPT,2023,23.25,Kỹ thuật Vật liệu
665,BKA,ky-thuat-vat-lieu,D07,Điểm thi THPT,2023,23.25,Kỹ thuật Vật liệu
666,BKA,ky-thuat-vat-lieu,A00,Điểm thi THPT,2024,24.9,Kỹ thuật Vật liệu
667,BKA,ky-thuat-vat-lieu,A01,Điểm thi THPT,2024,24.9,Kỹ thuật Vật liệu
668,BKA,ky-thuat-vat-lieu,D07,Điểm thi THPT,2024,24.9,Kỹ thuật Vật liệu
669,BKA,ky-thuat-vat-lieu,A00,Điểm thi THPT,2025,25.39,Kỹ thuật Vật liệu
670,BKA,ky-thuat-vat-lieu,A01,Điểm thi THPT,2025,25.39,Kỹ thuật Vật liệu
671,BKA,ky-thuat-vat-lieu,B03,Điểm thi THPT,2025,25.39,Kỹ thuật Vật liệu
672,BKA,ky-thuat-vat-lieu,C01,Điểm thi THPT,2025,25.39,Kỹ thuật Vật liệu
673,BKA,ky-thuat-vat-lieu,C02,Điểm thi THPT,2025,25.39,Kỹ thuật Vật liệu
674,BKA,ky-thuat-vat-lieu,D07,Điểm thi THPT,2025,25.39,Kỹ thuật Vật liệu
675,BKA,ky-thuat-vat-lieu,X02,Điểm thi THPT,2025,25.39,Kỹ thuật Vật liệu
676,BKA,ky-thuat-vi-dien-tu-va-cong-nghe-nano,A00,Điểm thi THPT,2023,26.18,Kỹ thuật Vi điện tử và Công nghệ nano
677,BKA,ky-thuat-vi-dien-tu-va-cong-nghe-nano,A01,Điểm thi THPT,2023,26.18,Kỹ thuật Vi điện tử và Công nghệ nano
678,BKA,ky-thuat-vi-dien-tu-va-cong-nghe-nano,D07,Điểm thi THPT,2023,26.18,Kỹ thuật Vi điện tử và Công nghệ nano
679,BKA,ky-thuat-vi-dien-tu-va-cong-nghe-nano,A00,Điểm thi THPT,2024,27.64,Kỹ thuật Vi điện tử và Công nghệ nano
680,BKA,ky-thuat-vi-dien-tu-va-cong-nghe-nano,A01,Điểm thi THPT,2024,27.64,Kỹ thuật Vi điện tử và Công nghệ nano
681,BKA,ky-thuat-vi-dien-tu-va-cong-nghe-nano,D07,Điểm thi THPT,2024,27.64,Kỹ thuật Vi điện tử và Công nghệ nano
682,BKA,ky-thuat-vi-dien-tu-va-cong-nghe-nano,A00,Điểm thi THPT,2025,28.25,Kỹ thuật Vi điện tử và Công nghệ nano
683,BKA,ky-thuat-vi-dien-tu-va-cong-nghe-nano,A01,Điểm thi THPT,2025,28.25,Kỹ thuật Vi điện tử và Công nghệ nano
684,BKA,ky-thuat-vi-dien-tu-va-cong-nghe-nano,B03,Điểm thi THPT,2025,28.25,Kỹ thuật Vi điện tử và Công nghệ nano
685,BKA,ky-thuat-vi-dien-tu-va-cong-nghe-nano,C01,Điểm thi THPT,2025,28.25,Kỹ thuật Vi điện tử và Công nghệ nano
686,BKA,ky-thuat-vi-dien-tu-va-cong-nghe-nano,C02,Điểm thi THPT,2025,28.25,Kỹ thuật Vi điện tử và Công nghệ nano
687,BKA,ky-thuat-vi-dien-tu-va-cong-nghe-nano,D07,Điểm thi THPT,2025,28.25,Kỹ thuật Vi điện tử và Công nghệ nano
688,BKA,ky-thuat-vi-dien-tu-va-cong-nghe-nano,X02,Điểm thi THPT,2025,28.25,Kỹ thuật Vi điện tử và Công nghệ nano
689,BKA,ky-thuat-y-sinh,A00,Điểm thi THPT,2021,25.88,Kỹ thuật Y sinh (Chương trình tiên tiến)
690,BKA,ky-thuat-y-sinh,A01,Điểm thi THPT,2021,25.88,Kỹ thuật Y sinh (Chương trình tiên tiến)
691,BKA,ky-thuat-y-sinh,A00,Điểm thi THPT,2022,23.89,Kỹ thuật Y sinh (CT tiên tiến)
692,BKA,ky-thuat-y-sinh,A01,Điểm thi THPT,2022,23.89,Kỹ thuật Y sinh (CT tiên tiến)
693,BKA,ky-thuat-y-sinh,A00,Điểm thi THPT,2023,23.7,Kỹ thuật Y sinh (CT tiên tiến)
694,BKA,ky-thuat-y-sinh,A01,Điểm thi THPT,2023,23.7,Kỹ thuật Y sinh (CT tiên tiến)
695,BKA,ky-thuat-y-sinh,B00,Điểm thi THPT,2023,25.04,Kỹ thuật Y sinh
696,BKA,ky-thuat-y-sinh,A00,Điểm thi THPT,2024,25.08,Kỹ thuật Y sinh (CT tiên tiến)
697,BKA,ky-thuat-y-sinh,A01,Điểm thi THPT,2024,25.08,Kỹ thuật Y sinh (CT tiên tiến)
698,BKA,ky-thuat-y-sinh,B00,Điểm thi THPT,2024,25.8,Kỹ thuật Y sinh
699,BKA,ky-thuat-y-sinh,A00,Điểm thi THPT,2025,25.58,Kỹ thuật Y sinh (CT tiên tiến)
700,BKA,ky-thuat-y-sinh,A01,Điểm thi THPT,2025,25.58,Kỹ thuật Y sinh (CT tiên tiến)
701,BKA,ky-thuat-y-sinh,B00,Điểm thi THPT,2025,26.32,Kỹ thuật Y sinh
702,BKA,ky-thuat-y-sinh,B03,Điểm thi THPT,2025,25.58,Kỹ thuật Y sinh (CT tiên tiến)
703,BKA,ky-thuat-y-sinh,C01,Điểm thi THPT,2025,25.58,Kỹ thuật Y sinh (CT tiên tiến)
704,BKA,ky-thuat-y-sinh,C02,Điểm thi THPT,2025,25.58,Kỹ thuật Y sinh (CT tiên tiến)
705,BKA,ky-thuat-y-sinh,X02,Điểm thi THPT,2025,25.58,Kỹ thuật Y sinh (CT tiên tiến)
706,BKA,logistics-va-quan-ly-chuoi-cung-ung,A01,Điểm thi THPT,2021,26.33,Logistics và Quản lý chuỗi cung ứng (Chương trình tiên tiến)
707,BKA,logistics-va-quan-ly-chuoi-cung-ung,D01,Điểm thi THPT,2021,26.33,Logistics và Quản lý chuỗi cung ứng (Chương trình tiên tiến)
708,BKA,logistics-va-quan-ly-chuoi-cung-ung,D07,Điểm thi THPT,2021,26.33,Logistics và Quản lý chuỗi cung ứng (Chương trình tiên tiến)
709,BKA,logistics-va-quan-ly-chuoi-cung-ung,A01,Điểm thi THPT,2022,24.51,Logistics và Quản lý chuỗi cung ứng (CT tiên tiến)
710,BKA,logistics-va-quan-ly-chuoi-cung-ung,D01,Điểm thi THPT,2022,24.51,Logistics và Quản lý chuỗi cung ứng (CT tiên tiến)
711,BKA,logistics-va-quan-ly-chuoi-cung-ung,D07,Điểm thi THPT,2022,24.51,Logistics và Quản lý chuỗi cung ứng (CT tiên tiến)
712,BKA,logistics-va-quan-ly-chuoi-cung-ung,A01,Điểm thi THPT,2023,25.69,Logistics và Quản lý chuỗi cung ứng (CT tiên tiến)
713,BKA,logistics-va-quan-ly-chuoi-cung-ung,D01,Điểm thi THPT,2023,25.69,Logistics và Quản lý chuỗi cung ứng (CT tiên tiến)
714,BKA,logistics-va-quan-ly-chuoi-cung-ung,D07,Điểm thi THPT,2023,25.69,Logistics và Quản lý chuỗi cung ứng (CT tiên tiến)
715,BKA,logistics-va-quan-ly-chuoi-cung-ung,A01,Điểm thi THPT,2024,26.06,Logistics và Quản lý chuỗi cung ứng (CT tiên tiến)
716,BKA,logistics-va-quan-ly-chuoi-cung-ung,D01,Điểm thi THPT,2024,26.06,Logistics và Quản lý chuỗi cung ứng (CT tiên tiến)
717,BKA,logistics-va-quan-ly-chuoi-cung-ung,D07,Điểm thi THPT,2024,26.06,Logistics và Quản lý chuỗi cung ứng (CT tiên tiến)
718,BKA,logistics-va-quan-ly-chuoi-cung-ung,A01,Điểm thi THPT,2025,24.21,Logistics và Quản lý chuỗi cung ứng (CT tiên tiến)
719,BKA,logistics-va-quan-ly-chuoi-cung-ung,B03,Điểm thi THPT,2025,24.21,Logistics và Quản lý chuỗi cung ứng (CT tiên tiến)
720,BKA,logistics-va-quan-ly-chuoi-cung-ung,C01,Điểm thi THPT,2025,24.21,Logistics và Quản lý chuỗi cung ứng (CT tiên tiến)
721,BKA,logistics-va-quan-ly-chuoi-cung-ung,C02,Điểm thi THPT,2025,24.21,Logistics và Quản lý chuỗi cung ứng (CT tiên tiến)
722,BKA,logistics-va-quan-ly-chuoi-cung-ung,D01,Điểm thi THPT,2025,23.71,Logistics và Quản lý chuỗi cung ứng (CT tiên tiến)
723,BKA,logistics-va-quan-ly-chuoi-cung-ung,D07,Điểm thi THPT,2025,24.21,Logistics và Quản lý chuỗi cung ứng (CT tiên tiến)
724,BKA,logistics-va-quan-ly-chuoi-cung-ung,X02,Điểm thi THPT,2025,24.21,Logistics và Quản lý chuỗi cung ứng (CT tiên tiến)
725,BKA,phan-tich-kinh-doanh,A01,Điểm thi THPT,2021,25.55,Phân tích Kinh doanh (Chương trình tiên tiến)
726,BKA,phan-tich-kinh-doanh,D01,Điểm thi THPT,2021,25.55,Phân tích Kinh doanh (Chương trình tiên tiến)
727,BKA,phan-tich-kinh-doanh,D07,Điểm thi THPT,2021,25.55,Phân tích Kinh doanh (Chương trình tiên tiến)
728,BKA,phan-tich-kinh-doanh,A01,Điểm thi THPT,2022,24.18,Phân tích kinh doanh (CT tiên tiến)
729,BKA,phan-tich-kinh-doanh,D01,Điểm thi THPT,2022,24.18,Phân tích kinh doanh (CT tiên tiến)
730,BKA,phan-tich-kinh-doanh,D07,Điểm thi THPT,2022,24.18,Phân tích kinh doanh (CT tiên tiến)
731,BKA,phan-tich-kinh-doanh,A01,Điểm thi THPT,2023,25.47,Phân tích kinh doanh (CT tiên tiến)
732,BKA,phan-tich-kinh-doanh,D01,Điểm thi THPT,2023,25.47,Phân tích kinh doanh (CT tiên tiến)
733,BKA,phan-tich-kinh-doanh,D07,Điểm thi THPT,2023,25.47,Phân tích kinh doanh (CT tiên tiến)
734,BKA,phan-tich-kinh-doanh,A01,Điểm thi THPT,2024,25.5,Phân tích kinh doanh (CT tiên tiến)
735,BKA,phan-tich-kinh-doanh,D01,Điểm thi THPT,2024,25.5,Phân tích kinh doanh (CT tiên tiến)
736,BKA,phan-tich-kinh-doanh,D07,Điểm thi THPT,2024,25.5,Phân tích kinh doanh (CT tiên tiến)
737,BKA,phan-tich-kinh-doanh,A01,Điểm thi THPT,2025,23.56,Phân tích kinh doanh (CT tiên tiến)
738,BKA,phan-tich-kinh-doanh,B03,Điểm thi THPT,2025,23.56,Phân tích kinh doanh (CT tiên tiến)
739,BKA,phan-tich-kinh-doanh,C01,Điểm thi THPT,2025,23.56,Phân tích kinh doanh (CT tiên tiến)
740,BKA,phan-tich-kinh-doanh,C02,Điểm thi THPT,2025,23.56,Phân tích kinh doanh (CT tiên tiến)
741,BKA,phan-tich-kinh-doanh,D01,Điểm thi THPT,2025,23.06,Phân tích kinh doanh (CT tiên tiến)
742,BKA,phan-tich-kinh-doanh,D07,Điểm thi THPT,2025,23.56,Phân tích kinh doanh (CT tiên tiến)
743,BKA,phan-tich-kinh-doanh,X02,Điểm thi THPT,2025,23.56,Phân tích kinh doanh (CT tiên tiến)
744,BKA,quan-ly-cong-nghiep,A00,Điểm thi THPT,2021,25.75,Quản lý Công nghiệp
745,BKA,quan-ly-cong-nghiep,A01,Điểm thi THPT,2021,25.75,Quản lý Công nghiệp
746,BKA,quan-ly-cong-nghiep,D01,Điểm thi THPT,2021,25.75,Quản lý Công nghiệp
747,BKA,quan-ly-cong-nghiep,A00,Điểm thi THPT,2022,23.3,Quản lý công nghiệp
748,BKA,quan-ly-cong-nghiep,A01,Điểm thi THPT,2022,23.3,Quản lý công nghiệp
749,BKA,quan-ly-cong-nghiep,D01,Điểm thi THPT,2022,23.3,Quản lý công nghiệp
750,BKA,quan-ly-cong-nghiep,A00,Điểm thi THPT,2023,25.39,Quản lý Công nghiệp
751,BKA,quan-ly-cong-nghiep,A01,Điểm thi THPT,2023,25.39,Quản lý Công nghiệp
752,BKA,quan-ly-cong-nghiep,D01,Điểm thi THPT,2023,25.39,Quản lý Công nghiệp
753,BKA,quan-ly-cong-nghiep,A00,Điểm thi THPT,2024,25.6,Quản lý Công nghiệp
754,BKA,quan-ly-cong-nghiep,A01,Điểm thi THPT,2024,25.6,Quản lý Công nghiệp
755,BKA,quan-ly-cong-nghiep,D01,Điểm thi THPT,2024,25.6,Quản lý Công nghiệp
756,BKA,quan-ly-cong-nghiep,A00,Điểm thi THPT,2025,24.4,Quản lý công nghiệp
757,BKA,quan-ly-cong-nghiep,A01,Điểm thi THPT,2025,24.4,Quản lý công nghiệp
758,BKA,quan-ly-cong-nghiep,B03,Điểm thi THPT,2025,24.4,Quản lý công nghiệp
759,BKA,quan-ly-cong-nghiep,C01,Điểm thi THPT,2025,24.4,Quản lý công nghiệp
760,BKA,quan-ly-cong-nghiep,C02,Điểm thi THPT,2025,24.4,Quản lý công nghiệp
761,BKA,quan-ly-cong-nghiep,D01,Điểm thi THPT,2025,23.9,Quản lý công nghiệp
762,BKA,quan-ly-cong-nghiep,X02,Điểm thi THPT,2025,24.4,Quản lý công nghiệp
763,BKA,quan-ly-giao-duc,A00,Điểm thi THPT,2024,24.78,Quản lý giáo dục
764,BKA,quan-ly-giao-duc,A01,Điểm thi THPT,2024,24.78,Quản lý giáo dục
765,BKA,quan-ly-giao-duc,D01,Điểm thi THPT,2024,24.78,Quản lý giáo dục
766,BKA,quan-ly-giao-duc,A00,Điểm thi THPT,2025,23.7,Quản lý giáo dục
767,BKA,quan-ly-giao-duc,A01,Điểm thi THPT,2025,23.7,Quản lý giáo dục
768,BKA,quan-ly-giao-duc,B03,Điểm thi THPT,2025,23.7,Quản lý giáo dục
769,BKA,quan-ly-giao-duc,C01,Điểm thi THPT,2025,23.7,Quản lý giáo dục
770,BKA,quan-ly-giao-duc,C02,Điểm thi THPT,2025,23.7,Quản lý giáo dục
771,BKA,quan-ly-giao-duc,D01,Điểm thi THPT,2025,23.2,Quản lý giáo dục
772,BKA,quan-ly-giao-duc,X02,Điểm thi THPT,2025,23.7,Quản lý giáo dục
773,BKA,quan-ly-nang-luong,A00,Điểm thi THPT,2023,24.98,Quản lý năng lượng
774,BKA,quan-ly-nang-luong,A01,Điểm thi THPT,2023,24.98,Quản lý năng lượng
775,BKA,quan-ly-nang-luong,D01,Điểm thi THPT,2023,24.98,Quản lý năng lượng
776,BKA,quan-ly-nang-luong,A00,Điểm thi THPT,2024,25.4,Quản lý năng lượng
777,BKA,quan-ly-nang-luong,A01,Điểm thi THPT,2024,25.4,Quản lý năng lượng
778,BKA,quan-ly-nang-luong,D01,Điểm thi THPT,2024,25.4,Quản lý năng lượng
779,BKA,quan-ly-nang-luong,A00,Điểm thi THPT,2025,24.2,Quản lý năng lượng
780,BKA,quan-ly-nang-luong,A01,Điểm thi THPT,2025,24.2,Quản lý năng lượng
781,BKA,quan-ly-nang-luong,B03,Điểm thi THPT,2025,24.2,Quản lý năng lượng
782,BKA,quan-ly-nang-luong,C01,Điểm thi THPT,2025,24.2,Quản lý năng lượng
783,BKA,quan-ly-nang-luong,C02,Điểm thi THPT,2025,24.2,Quản lý năng lượng
784,BKA,quan-ly-nang-luong,D01,Điểm thi THPT,2025,23.7,Quản lý năng lượng
785,BKA,quan-ly-nang-luong,X02,Điểm thi THPT,2025,24.2,Quản lý năng lượng
786,BKA,quan-ly-tai-nguyen-va-moi-truong,A00,Điểm thi THPT,2021,23.53,Quản lý Tài nguyên và Môi trường*
787,BKA,quan-ly-tai-nguyen-va-moi-truong,B00,Điểm thi THPT,2021,23.53,Quản lý Tài nguyên và Môi trường*
788,BKA,quan-ly-tai-nguyen-va-moi-truong,D07,Điểm thi THPT,2021,23.53,Quản lý Tài nguyên và Môi trường*
789,BKA,quan-ly-tai-nguyen-va-moi-truong,A00,Điểm thi THPT,2022,23.03,Quản lý tài nguyên và môi trường
790,BKA,quan-ly-tai-nguyen-va-moi-truong,B00,Điểm thi THPT,2022,23.03,Quản lý tài nguyên và môi trường
791,BKA,quan-ly-tai-nguyen-va-moi-truong,D07,Điểm thi THPT,2022,23.03,Quản lý tài nguyên và môi trường
792,BKA,quan-ly-tai-nguyen-va-moi-truong,A00,Điểm thi THPT,2023,21.0,Quản lý Tài nguyên và Môi trường
793,BKA,quan-ly-tai-nguyen-va-moi-truong,B00,Điểm thi THPT,2023,21.0,Quản lý Tài nguyên và Môi trường
794,BKA,quan-ly-tai-nguyen-va-moi-truong,D07,Điểm thi THPT,2023,21.0,Quản lý Tài nguyên và Môi trường
795,BKA,quan-ly-tai-nguyen-va-moi-truong,A00,Điểm thi THPT,2024,21.78,Quản lý Tài nguyên và Môi trường
796,BKA,quan-ly-tai-nguyen-va-moi-truong,B00,Điểm thi THPT,2024,21.78,Quản lý Tài nguyên và Môi trường
797,BKA,quan-ly-tai-nguyen-va-moi-truong,D07,Điểm thi THPT,2024,21.78,Quản lý Tài nguyên và Môi trường
798,BKA,quan-ly-tai-nguyen-va-moi-truong,A00,Điểm thi THPT,2025,21.53,Quản lý Tài nguyên và Môi trường
799,BKA,quan-ly-tai-nguyen-va-moi-truong,B00,Điểm thi THPT,2025,21.53,Quản lý Tài nguyên và Môi trường
800,BKA,quan-ly-tai-nguyen-va-moi-truong,B03,Điểm thi THPT,2025,21.53,Quản lý Tài nguyên và Môi trường
801,BKA,quan-ly-tai-nguyen-va-moi-truong,C01,Điểm thi THPT,2025,21.53,Quản lý Tài nguyên và Môi trường
802,BKA,quan-ly-tai-nguyen-va-moi-truong,C02,Điểm thi THPT,2025,21.53,Quản lý Tài nguyên và Môi trường
803,BKA,quan-ly-tai-nguyen-va-moi-truong,D07,Điểm thi THPT,2025,21.53,Quản lý Tài nguyên và Môi trường
804,BKA,quan-ly-tai-nguyen-va-moi-truong,X02,Điểm thi THPT,2025,21.53,Quản lý Tài nguyên và Môi trường
805,BKA,quan-tri-kinh-doanh,A00,Điểm thi THPT,2021,26.04,Quản trị Kinh doanh
806,BKA,quan-tri-kinh-doanh,A01,Điểm thi THPT,2021,26.04,Quản trị Kinh doanh
807,BKA,quan-tri-kinh-doanh,D01,Điểm thi THPT,2021,26.04,Quản trị Kinh doanh
808,BKA,quan-tri-kinh-doanh,A00,Điểm thi THPT,2022,25.35,Quản trị kinh doanh
809,BKA,quan-tri-kinh-doanh,A01,Điểm thi THPT,2022,25.35,Quản trị kinh doanh
810,BKA,quan-tri-kinh-doanh,D01,Điểm thi THPT,2022,25.35,Quản trị kinh doanh
811,BKA,quan-tri-kinh-doanh,A00,Điểm thi THPT,2023,25.83,Quản trị Kinh doanh
812,BKA,quan-tri-kinh-doanh,A01,Điểm thi THPT,2023,25.83,Quản trị Kinh doanh
813,BKA,quan-tri-kinh-doanh,D01,Điểm thi THPT,2023,25.83,Quản trị Kinh doanh
814,BKA,quan-tri-kinh-doanh,A00,Điểm thi THPT,2024,25.77,Quản trị Kinh doanh
815,BKA,quan-tri-kinh-doanh,A01,Điểm thi THPT,2024,25.77,Quản trị Kinh doanh
816,BKA,quan-tri-kinh-doanh,D01,Điểm thi THPT,2024,25.77,Quản trị Kinh doanh
817,BKA,quan-tri-kinh-doanh,A00,Điểm thi THPT,2025,24.8,Quản trị kinh doanh
818,BKA,quan-tri-kinh-doanh,A01,Điểm thi THPT,2025,24.8,Quản trị kinh doanh
819,BKA,quan-tri-kinh-doanh,B03,Điểm thi THPT,2025,24.8,Quản trị kinh doanh
820,BKA,quan-tri-kinh-doanh,C01,Điểm thi THPT,2025,24.8,Quản trị kinh doanh
821,BKA,quan-tri-kinh-doanh,C02,Điểm thi THPT,2025,24.8,Quản trị kinh doanh
822,BKA,quan-tri-kinh-doanh,D01,Điểm thi THPT,2025,24.3,Quản trị kinh doanh
823,BKA,quan-tri-kinh-doanh,X02,Điểm thi THPT,2025,24.8,Quản trị kinh doanh
824,BKA,quan-tri-kinh-doanh-dh-troy,A00,Điểm thi THPT,2023,23.7,Quản trị Kinh doanh - ĐH Troy (Hoa Kỳ)
825,BKA,quan-tri-kinh-doanh-dh-troy,A01,Điểm thi THPT,2023,23.7,Quản trị Kinh doanh - ĐH Troy (Hoa Kỳ)
826,BKA,quan-tri-kinh-doanh-dh-troy,D01,Điểm thi THPT,2023,23.7,Quản trị Kinh doanh - ĐH Troy (Hoa Kỳ)
827,BKA,quan-tri-kinh-doanh-troy,A00,Điểm thi THPT,2021,23.25,Quản trị Kinh doanh-Troy (Hoa Kỳ)
828,BKA,quan-tri-kinh-doanh-troy,A01,Điểm thi THPT,2021,23.25,Quản trị Kinh doanh-Troy (Hoa Kỳ)
829,BKA,quan-tri-kinh-doanh-troy,D01,Điểm thi THPT,2021,23.25,Quản trị Kinh doanh-Troy (Hoa Kỳ)
830,BKA,tai-chinh-ngan-hang,A00,Điểm thi THPT,2021,25.83,Tài chính Ngân hàng
831,BKA,tai-chinh-ngan-hang,A01,Điểm thi THPT,2021,25.83,Tài chính Ngân hàng
832,BKA,tai-chinh-ngan-hang,D01,Điểm thi THPT,2021,25.83,Tài chính Ngân hàng
833,BKA,tai-chinh-ngan-hang,A00,Điểm thi THPT,2022,25.2,Tài chính - Ngân hàng
834,BKA,tai-chinh-ngan-hang,A01,Điểm thi THPT,2022,25.2,Tài chính - Ngân hàng
835,BKA,tai-chinh-ngan-hang,D01,Điểm thi THPT,2022,25.2,Tài chính - Ngân hàng
836,BKA,tai-chinh-ngan-hang,A00,Điểm thi THPT,2023,25.75,Tài chính-Ngân hàng
837,BKA,tai-chinh-ngan-hang,A01,Điểm thi THPT,2023,25.75,Tài chính-Ngân hàng
838,BKA,tai-chinh-ngan-hang,D01,Điểm thi THPT,2023,25.75,Tài chính-Ngân hàng
839,BKA,tai-chinh-ngan-hang,A00,Điểm thi THPT,2024,25.91,Tài chính - Ngân hàng
840,BKA,tai-chinh-ngan-hang,A01,Điểm thi THPT,2024,25.91,Tài chính - Ngân hàng
841,BKA,tai-chinh-ngan-hang,D01,Điểm thi THPT,2024,25.91,Tài chính - Ngân hàng
842,BKA,tai-chinh-ngan-hang,A00,Điểm thi THPT,2025,24.8,Tài chính - Ngân hàng
843,BKA,tai-chinh-ngan-hang,A01,Điểm thi THPT,2025,24.8,Tài chính - Ngân hàng
844,BKA,tai-chinh-ngan-hang,B03,Điểm thi THPT,2025,24.8,Tài chính - Ngân hàng
845,BKA,tai-chinh-ngan-hang,C01,Điểm thi THPT,2025,24.8,Tài chính - Ngân hàng
846,BKA,tai-chinh-ngan-hang,C02,Điểm thi THPT,2025,24.8,Tài chính - Ngân hàng
847,BKA,tai-chinh-ngan-hang,D01,Điểm thi THPT,2025,24.3,Tài chính - Ngân hàng
848,BKA,tai-chinh-ngan-hang,X02,Điểm thi THPT,2025,24.8,Tài chính - Ngân hàng
849,BKA,tieng-anh-chuyen-nghiep-quoc-te,D01,Điểm thi THPT,2021,26.11,Tiếng Anh chuyên nghiệp quốc tế
850,BKA,tieng-anh-chuyen-nghiep-quoc-te,D01,Điểm thi THPT,2022,23.06,Tiếng Anh chuyên nghiệp quốc tế
851,BKA,tieng-anh-chuyen-nghiep-quoc-te,D01,Điểm thi THPT,2023,25.17,Tiếng Anh chuyên nghiệp quốc tế (liên kết với ĐH Plymouth Marjon-Vương quốc Anh)
852,BKA,tieng-anh-chuyen-nghiep-quoc-te,D01,Điểm thi THPT,2024,23.81,Tiếng Anh chuyên nghiệp quốc tế
853,BKA,tieng-anh-chuyen-nghiep-quoc-te,B03,Điểm thi THPT,2025,24.8,Tiếng Anh chuyên nghiệp quốc tế
854,BKA,tieng-anh-chuyen-nghiep-quoc-te,C01,Điểm thi THPT,2025,24.8,Tiếng Anh chuyên nghiệp quốc tế
855,BKA,tieng-anh-chuyen-nghiep-quoc-te,C02,Điểm thi THPT,2025,24.8,Tiếng Anh chuyên nghiệp quốc tế
856,BKA,tieng-anh-chuyen-nghiep-quoc-te,D01,Điểm thi THPT,2025,24.3,Tiếng Anh chuyên nghiệp quốc tế
857,BKA,tieng-anh-chuyen-nghiep-quoc-te,X02,Điểm thi THPT,2025,24.8,Tiếng Anh chuyên nghiệp quốc tế
858,BKA,tieng-anh-khkt-va-cong-nghe,D01,Điểm thi THPT,2021,26.39,Tiếng Anh KHKT và Công nghệ
859,BKA,tieng-anh-khkt-va-cong-nghe,D01,Điểm thi THPT,2022,23.06,Tiếng Anh KHKT và Công nghệ
860,BKA,tieng-anh-khkt-va-cong-nghe,D01,Điểm thi THPT,2023,25.45,Tiếng Anh KHKT và Công nghệ
861,BKA,tieng-anh-khkt-va-cong-nghe,D01,Điểm thi THPT,2024,25.0,Tiếng Anh KHKT và Công nghệ
862,BKA,tieng-anh-khkt-va-cong-nghe,B03,Điểm thi THPT,2025,24.8,Tiếng Anh KHKT và Công nghệ
863,BKA,tieng-anh-khkt-va-cong-nghe,C01,Điểm thi THPT,2025,24.8,Tiếng Anh KHKT và Công nghệ
864,BKA,tieng-anh-khkt-va-cong-nghe,C02,Điểm thi THPT,2025,24.8,Tiếng Anh KHKT và Công nghệ
865,BKA,tieng-anh-khkt-va-cong-nghe,D01,Điểm thi THPT,2025,24.3,Tiếng Anh KHKT và Công nghệ
866,BKA,tieng-anh-khkt-va-cong-nghe,X02,Điểm thi THPT,2025,24.8,Tiếng Anh KHKT và Công nghệ
867,BKA,tieng-trung-khkt-va-cong-nghe,B03,Điểm thi THPT,2025,25.36,Tiếng Trung KHKT và Công nghệ
868,BKA,tieng-trung-khkt-va-cong-nghe,C01,Điểm thi THPT,2025,25.36,Tiếng Trung KHKT và Công nghệ
869,BKA,tieng-trung-khkt-va-cong-nghe,C02,Điểm thi THPT,2025,25.36,Tiếng Trung KHKT và Công nghệ
870,BKA,tieng-trung-khkt-va-cong-nghe,D01,Điểm thi THPT,2025,24.86,Tiếng Trung KHKT và Công nghệ
871,BKA,tieng-trung-khkt-va-cong-nghe,D04,Điểm thi THPT,2025,24.86,Tiếng Trung KHKT và Công nghệ
872,BKA,tieng-trung-khkt-va-cong-nghe,X02,Điểm thi THPT,2025,25.36,Tiếng Trung KHKT và Công nghệ
873,BKA,tin-hoc-cong-nghiep-va-tu-dong-hoa,A00,Điểm thi THPT,2021,26.14,Tin học công nghiệp và Tự động hóa (Chương trình tiên tiến)
874,BKA,tin-hoc-cong-nghiep-va-tu-dong-hoa,A01,Điểm thi THPT,2021,26.14,Tin học công nghiệp và Tự động hóa (Chương trình tiên tiến)
875,BKA,tin-hoc-cong-nghiep-va-tu-dong-hoa,D29,Điểm thi THPT,2021,26.14,Tin học công nghiệp và Tự động hóa (Chương trình tiên tiến)
876,BKA,tin-hoc-cong-nghiep-va-tu-dong-hoa,A00,Điểm thi THPT,2022,23.99,Tin học công nghiệp và Tự động hóa (Chương trình Việt - Pháp PFIEV)
877,BKA,tin-hoc-cong-nghiep-va-tu-dong-hoa,A01,Điểm thi THPT,2022,23.99,Tin học công nghiệp và Tự động hóa (Chương trình Việt - Pháp PFIEV)
878,BKA,tin-hoc-cong-nghiep-va-tu-dong-hoa,D29,Điểm thi THPT,2022,23.99,Tin học công nghiệp và Tự động hóa (Chương trình Việt - Pháp PFIEV)
879,BKA,tin-hoc-cong-nghiep-va-tu-dong-hoa,A00,Điểm thi THPT,2023,25.14,Tin học công nghiệp và Tự động hóa (Chương trình Việt - Pháp PFIEV)
880,BKA,tin-hoc-cong-nghiep-va-tu-dong-hoa,A01,Điểm thi THPT,2023,25.14,Tin học công nghiệp và Tự động hóa (Chương trình Việt - Pháp PFIEV)
881,BKA,tin-hoc-cong-nghiep-va-tu-dong-hoa,D29,Điểm thi THPT,2023,25.14,Tin học công nghiệp và Tự động hóa (Chương trình Việt - Pháp PFIEV)
882,BKA,tin-hoc-cong-nghiep-va-tu-dong-hoa,A00,Điểm thi THPT,2024,26.22,Tin học công nghiệp và Tự động hóa (Chương trình Việt - Pháp PFIEV)
883,BKA,tin-hoc-cong-nghiep-va-tu-dong-hoa,A01,Điểm thi THPT,2024,26.22,Tin học công nghiệp và Tự động hóa (Chương trình Việt - Pháp PFIEV)
884,BKA,tin-hoc-cong-nghiep-va-tu-dong-hoa,D29,Điểm thi THPT,2024,26.22,Tin học công nghiệp và Tự động hóa (Chương trình Việt - Pháp PFIEV)
885,BKA,tin-hoc-cong-nghiep-va-tu-dong-hoa,A00,Điểm thi THPT,2025,27.27,Tin học công nghiệp và Tự động hóa (Chương trình Việt - Pháp PFIEV)
886,BKA,tin-hoc-cong-nghiep-va-tu-dong-hoa,A01,Điểm thi THPT,2025,27.27,Tin học công nghiệp và Tự động hóa (Chương trình Việt - Pháp PFIEV)
887,BKA,tin-hoc-cong-nghiep-va-tu-dong-hoa,B03,Điểm thi THPT,2025,27.27,Tin học công nghiệp và Tự động hóa (Chương trình Việt - Pháp PFIEV)
888,BKA,tin-hoc-cong-nghiep-va-tu-dong-hoa,C01,Điểm thi THPT,2025,27.27,Tin học công nghiệp và Tự động hóa (Chương trình Việt - Pháp PFIEV)
889,BKA,tin-hoc-cong-nghiep-va-tu-dong-hoa,C02,Điểm thi THPT,2025,27.27,Tin học công nghiệp và Tự động hóa (Chương trình Việt - Pháp PFIEV)
890,BKA,tin-hoc-cong-nghiep-va-tu-dong-hoa,D29,Điểm thi THPT,2025,27.27,Tin học công nghiệp và Tự động hóa (Chương trình Việt - Pháp PFIEV)
891,BKA,tin-hoc-cong-nghiep-va-tu-dong-hoa,X02,Điểm thi THPT,2025,27.27,Tin học công nghiệp và Tự động hóa (Chương trình Việt - Pháp PFIEV)
892,BKA,toan-tin,A00,Điểm thi THPT,2021,27.0,Toán Tin
893,BKA,toan-tin,A01,Điểm thi THPT,2021,27.0,Toán Tin
894,BKA,toan-tin,A00,Điểm thi THPT,2022,26.45,Toán - Tin
895,BKA,toan-tin,A01,Điểm thi THPT,2022,26.45,Toán - Tin
896,BKA,toan-tin,A00,Điểm thi THPT,2023,27.21,Toán-Tin
897,BKA,toan-tin,A01,Điểm thi THPT,2023,27.21,Toán-Tin
898,BKA,toan-tin,A00,Điểm thi THPT,2024,27.35,Toán - Tin
899,BKA,toan-tin,A01,Điểm thi THPT,2024,27.35,Toán - Tin
900,BKA,toan-tin,A00,Điểm thi THPT,2025,27.8,Toán - Tin
901,BKA,toan-tin,A01,Điểm thi THPT,2025,27.8,Toán - Tin
902,BKA,toan-tin,B03,Điểm thi THPT,2025,27.8,Toán - Tin
903,BKA,toan-tin,C01,Điểm thi THPT,2025,27.8,Toán - Tin
904,BKA,toan-tin,C02,Điểm thi THPT,2025,27.8,Toán - Tin
905,BKA,toan-tin,X02,Điểm thi THPT,2025,27.8,Toán - Tin
906,BKA,truyen-thong-so-va-ky-thuat-da-phuong-tien,A00,Điểm thi THPT,2021,26.59,Truyền thông số và Kỹ thuật đa phương tiện (Chương trình tiên tiến)
907,BKA,truyen-thong-so-va-ky-thuat-da-phuong-tien,A01,Điểm thi THPT,2021,26.59,Truyền thông số và Kỹ thuật đa phương tiện (Chương trình tiên tiến)
908,BKA,truyen-thong-so-va-ky-thuat-da-phuong-tien,A00,Điểm thi THPT,2022,24.71,Truyền thông số và Kỹ thuật đa phương tiện (CT tiên tiến)
909,BKA,truyen-thong-so-va-ky-thuat-da-phuong-tien,A01,Điểm thi THPT,2022,24.71,Truyền thông số và Kỹ thuật đa phương tiện (CT tiên tiến)
910,BKA,truyen-thong-so-va-ky-thuat-da-phuong-tien,A00,Điểm thi THPT,2023,25.73,Truyền thông số và Kỹ thuật đa phương tiện (CT tiên tiến)
911,BKA,truyen-thong-so-va-ky-thuat-da-phuong-tien,A01,Điểm thi THPT,2023,25.73,Truyền thông số và Kỹ thuật đa phương tiện (CT tiên tiến)
912,BKA,truyen-thong-so-va-ky-thuat-da-phuong-tien,A00,Điểm thi THPT,2024,26.61,Truyền thông số và Kỹ thuật đa phương tiện (CT tiên tiến)
913,BKA,truyen-thong-so-va-ky-thuat-da-phuong-tien,A01,Điểm thi THPT,2024,26.61,Truyền thông số và Kỹ thuật đa phương tiện (CT tiên tiến)
914,BKA,truyen-thong-so-va-ky-thuat-da-phuong-tien,A00,Điểm thi THPT,2025,26.62,Truyền thông số và Kỹ thuật đa phương tiện (CT tiên tiến)
915,BKA,truyen-thong-so-va-ky-thuat-da-phuong-tien,A01,Điểm thi THPT,2025,26.62,Truyền thông số và Kỹ thuật đa phương tiện (CT tiên tiến)
916,BKA,truyen-thong-so-va-ky-thuat-da-phuong-tien,B03,Điểm thi THPT,2025,26.62,Truyền thông số và Kỹ thuật đa phương tiện (CT tiên tiến)
917,BKA,truyen-thong-so-va-ky-thuat-da-phuong-tien,C01,Điểm thi THPT,2025,26.62,Truyền thông số và Kỹ thuật đa phương tiện (CT tiên tiến)
918,BKA,truyen-thong-so-va-ky-thuat-da-phuong-tien,C02,Điểm thi THPT,2025,26.62,Truyền thông số và Kỹ thuật đa phương tiện (CT tiên tiến)
919,BKA,truyen-thong-so-va-ky-thuat-da-phuong-tien,X02,Điểm thi THPT,2025,26.62,Truyền thông số và Kỹ thuật đa phương tiện (CT tiên tiến)
920,BKA,vat-ly-ky-thuat,A00,Điểm thi THPT,2021,25.64,Vật lý Kỹ thuật
921,BKA,vat-ly-ky-thuat,A01,Điểm thi THPT,2021,25.64,Vật lý Kỹ thuật
922,BKA,vat-ly-ky-thuat,A02,Điểm thi THPT,2021,25.64,Vật lý Kỹ thuật
923,BKA,vat-ly-ky-thuat,A00,Điểm thi THPT,2022,23.29,Vật lý kỹ thuật
924,BKA,vat-ly-ky-thuat,A01,Điểm thi THPT,2022,23.29,Vật lý kỹ thuật
925,BKA,vat-ly-ky-thuat,A00,Điểm thi THPT,2023,24.28,Vật lý Kỹ thuật
926,BKA,vat-ly-ky-thuat,A01,Điểm thi THPT,2023,24.28,Vật lý Kỹ thuật
927,BKA,vat-ly-ky-thuat,A00,Điểm thi THPT,2024,25.87,Vật lý Kỹ thuật
928,BKA,vat-ly-ky-thuat,A01,Điểm thi THPT,2024,25.87,Vật lý Kỹ thuật
929,BKA,vat-ly-ky-thuat,A00,Điểm thi THPT,2025,26.41,Vật lý kỹ thuật
930,BKA,vat-ly-ky-thuat,A01,Điểm thi THPT,2025,26.41,Vật lý kỹ thuật
931,BKA,vat-ly-ky-thuat,B03,Điểm thi THPT,2025,26.41,Vật lý kỹ thuật
932,BKA,vat-ly-ky-thuat,C01,Điểm thi THPT,2025,26.41,Vật lý kỹ thuật
933,BKA,vat-ly-ky-thuat,C02,Điểm thi THPT,2025,26.41,Vật lý kỹ thuật
934,BKA,vat-ly-ky-thuat,X02,Điểm thi THPT,2025,26.41,Vật lý kỹ thuật
935,BKA,vat-ly-y-khoa,A00,Điểm thi THPT,2021,25.36,Vật lý Y khoa*
936,BKA,vat-ly-y-khoa,A01,Điểm thi THPT,2021,25.36,Vật lý Y khoa*
937,BKA,vat-ly-y-khoa,A02,Điểm thi THPT,2021,25.36,Vật lý Y khoa*
938,BKA,vat-ly-y-khoa,A00,Điểm thi THPT,2022,23.29,Vật lý y khoa
939,BKA,vat-ly-y-khoa,A01,Điểm thi THPT,2022,23.29,Vật lý y khoa
940,BKA,vat-ly-y-khoa,A02,Điểm thi THPT,2022,23.29,Vật lý y khoa
941,BKA,vat-ly-y-khoa,A00,Điểm thi THPT,2023,24.02,Vật lý Y khoa
942,BKA,vat-ly-y-khoa,A01,Điểm thi THPT,2023,24.02,Vật lý Y khoa
943,BKA,vat-ly-y-khoa,A02,Điểm thi THPT,2023,24.02,Vật lý Y khoa
944,BKA,vat-ly-y-khoa,A00,Điểm thi THPT,2024,25.31,Vật lý Y khoa
945,BKA,vat-ly-y-khoa,A01,Điểm thi THPT,2024,25.31,Vật lý Y khoa
946,BKA,vat-ly-y-khoa,A02,Điểm thi THPT,2024,25.31,Vật lý Y khoa
947,BKA,vat-ly-y-khoa,A00,Điểm thi THPT,2025,25.2,Vật lý Y khoa
948,BKA,vat-ly-y-khoa,A01,Điểm thi THPT,2025,25.2,Vật lý Y khoa
949,BKA,vat-ly-y-khoa,A02,Điểm thi THPT,2025,25.2,Vật lý Y khoa
950,BKA,vat-ly-y-khoa,B03,Điểm thi THPT,2025,25.2,Vật lý Y khoa
951,BKA,vat-ly-y-khoa,C01,Điểm thi THPT,2025,25.2,Vật lý Y khoa
952,BKA,vat-ly-y-khoa,C02,Điểm thi THPT,2025,25.2,Vật lý Y khoa
953,BKA,vat-ly-y-khoa,X02,Điểm thi THPT,2025,25.2,Vật lý Y khoa
954,BMU,dieu-duong,A02,Điểm thi THPT,2021,19.0,Điều dưỡng
955,BMU,dieu-duong,B00,Điểm thi THPT,2021,19.0,Điều dưỡng
956,BMU,dieu-duong,D08,Điểm thi THPT,2021,19.0,Điều dưỡng
957,BMU,dieu-duong,A02,Điểm học bạ,2022,18.0,Điều dưỡng
958,BMU,dieu-duong,B00,Điểm học bạ,2022,18.0,Điều dưỡng
959,BMU,dieu-duong,B08,Điểm học bạ,2022,18.0,Điều dưỡng
960,BMU,dieu-duong,A02,Điểm thi THPT,2022,19.0,Điều dưỡng
961,BMU,dieu-duong,B00,Điểm thi THPT,2022,19.0,Điều dưỡng
962,BMU,dieu-duong,B08,Điểm thi THPT,2022,19.0,Điều dưỡng
963,BMU,dieu-duong,A00,Điểm học bạ,2023,18.0,Điều dưỡng
964,BMU,dieu-duong,A02,Điểm học bạ,2023,18.0,Điều dưỡng
965,BMU,dieu-duong,B00,Điểm học bạ,2023,18.0,Điều dưỡng
966,BMU,dieu-duong,B08,Điểm học bạ,2023,18.0,Điều dưỡng
967,BMU,dieu-duong,A00,Điểm thi THPT,2023,19.0,Điều dưỡng
968,BMU,dieu-duong,A02,Điểm thi THPT,2023,19.0,Điều dưỡng
969,BMU,dieu-duong,B00,Điểm thi THPT,2023,19.0,Điều dưỡng
970,BMU,dieu-duong,B08,Điểm thi THPT,2023,19.0,Điều dưỡng
971,BMU,dieu-duong,A00,Điểm học bạ,2024,21.0,Điều dưỡng
972,BMU,dieu-duong,A02,Điểm học bạ,2024,21.0,Điều dưỡng
973,BMU,dieu-duong,B00,Điểm học bạ,2024,21.0,Điều dưỡng
974,BMU,dieu-duong,B08,Điểm học bạ,2024,21.0,Điều dưỡng
975,BMU,dieu-duong,A00,Điểm thi THPT,2024,21.0,Điều dưỡng
976,BMU,dieu-duong,A02,Điểm thi THPT,2024,21.0,Điều dưỡng
977,BMU,dieu-duong,B00,Điểm thi THPT,2024,21.0,Điều dưỡng
978,BMU,dieu-duong,B08,Điểm thi THPT,2024,21.0,Điều dưỡng
979,BMU,dieu-duong,A00,Điểm học bạ,2025,24.39,Điều dưỡng
980,BMU,dieu-duong,A01,Điểm học bạ,2025,24.39,Điều dưỡng
981,BMU,dieu-duong,A02,Điểm học bạ,2025,24.39,Điều dưỡng
982,BMU,dieu-duong,B00,Điểm học bạ,2025,24.39,Điều dưỡng
983,BMU,dieu-duong,B05,Điểm học bạ,2025,24.39,Điều dưỡng
984,BMU,dieu-duong,B08,Điểm học bạ,2025,24.39,Điều dưỡng
985,BMU,dieu-duong,D07,Điểm học bạ,2025,24.39,Điều dưỡng
986,BMU,dieu-duong,A00,Điểm thi THPT,2025,20.5,Điều dưỡng
987,BMU,dieu-duong,A01,Điểm thi THPT,2025,20.5,Điều dưỡng
988,BMU,dieu-duong,A02,Điểm thi THPT,2025,20.5,Điều dưỡng
989,BMU,dieu-duong,B00,Điểm thi THPT,2025,20.5,Điều dưỡng
990,BMU,dieu-duong,B05,Điểm thi THPT,2025,20.5,Điều dưỡng
991,BMU,dieu-duong,B08,Điểm thi THPT,2025,20.5,Điều dưỡng
992,BMU,dieu-duong,D07,Điểm thi THPT,2025,20.5,Điều dưỡng
993,BMU,duoc-hoc,A00,Điểm thi THPT,2021,21.0,Dược học
994,BMU,duoc-hoc,B00,Điểm thi THPT,2021,21.0,Dược học
995,BMU,duoc-hoc,D07,Điểm thi THPT,2021,21.0,Dược học
996,BMU,duoc-hoc,A00,Điểm học bạ,2022,22.0,Dược học
997,BMU,duoc-hoc,B00,Điểm học bạ,2022,22.0,Dược học
998,BMU,duoc-hoc,D07,Điểm học bạ,2022,22.0,Dược học
999,BMU,duoc-hoc,A00,Điểm thi THPT,2022,21.0,Dược học
1000,BMU,duoc-hoc,B00,Điểm thi THPT,2022,21.0,Dược học
1001,BMU,duoc-hoc,D07,Điểm thi THPT,2022,21.0,Dược học
1002,BMU,duoc-hoc,A00,Điểm học bạ,2023,22.0,Dược học
1003,BMU,duoc-hoc,B00,Điểm học bạ,2023,22.0,Dược học
1004,BMU,duoc-hoc,D07,Điểm học bạ,2023,22.0,Dược học
1005,BMU,duoc-hoc,A00,Điểm thi THPT,2023,21.0,Dược học
1006,BMU,duoc-hoc,B00,Điểm thi THPT,2023,21.0,Dược học
1007,BMU,duoc-hoc,D07,Điểm thi THPT,2023,21.0,Dược học
1008,BMU,duoc-hoc,A00,Điểm học bạ,2024,22.0,Dược học
1009,BMU,duoc-hoc,B00,Điểm học bạ,2024,22.0,Dược học
1010,BMU,duoc-hoc,D07,Điểm học bạ,2024,22.0,Dược học
1011,BMU,duoc-hoc,A00,Điểm thi THPT,2024,21.0,Dược học
1012,BMU,duoc-hoc,B00,Điểm thi THPT,2024,21.0,Dược học
1013,BMU,duoc-hoc,D07,Điểm thi THPT,2024,21.0,Dược học
1014,BMU,duoc-hoc,A00,Điểm học bạ,2025,23.5,Dược học
1015,BMU,duoc-hoc,A01,Điểm học bạ,2025,23.5,Dược học
1016,BMU,duoc-hoc,A02,Điểm học bạ,2025,23.5,Dược học
1017,BMU,duoc-hoc,B00,Điểm học bạ,2025,23.5,Dược học
1018,BMU,duoc-hoc,B05,Điểm học bạ,2025,23.5,Dược học
1019,BMU,duoc-hoc,B08,Điểm học bạ,2025,23.5,Dược học
1020,BMU,duoc-hoc,D07,Điểm học bạ,2025,23.5,Dược học
1021,BMU,duoc-hoc,A00,Điểm thi THPT,2025,19.0,Dược học
1022,BMU,duoc-hoc,A01,Điểm thi THPT,2025,19.0,Dược học
1023,BMU,duoc-hoc,A02,Điểm thi THPT,2025,19.0,Dược học
1024,BMU,duoc-hoc,B00,Điểm thi THPT,2025,19.0,Dược học
1025,BMU,duoc-hoc,B05,Điểm thi THPT,2025,19.0,Dược học
1026,BMU,duoc-hoc,B08,Điểm thi THPT,2025,19.0,Dược học
1027,BMU,duoc-hoc,D07,Điểm thi THPT,2025,19.0,Dược học
1028,BMU,y-khoa,A02,Điểm thi THPT,2021,24.0,Y Khoa
1029,BMU,y-khoa,B00,Điểm thi THPT,2021,24.0,Y Khoa
1030,BMU,y-khoa,D08,Điểm thi THPT,2021,24.0,Y Khoa
1031,BMU,y-khoa,A02,Điểm học bạ,2022,26.5,Y khoa
1032,BMU,y-khoa,B00,Điểm học bạ,2022,26.5,Y khoa
1033,BMU,y-khoa,B08,Điểm học bạ,2022,26.5,Y khoa
1034,BMU,y-khoa,A02,Điểm thi THPT,2022,23.0,Y khoa
1035,BMU,y-khoa,B00,Điểm thi THPT,2022,23.0,Y khoa
1036,BMU,y-khoa,B08,Điểm thi THPT,2022,23.0,Y khoa
1037,BMU,y-khoa,A00,Điểm học bạ,2023,25.0,Y khoa
1038,BMU,y-khoa,A02,Điểm học bạ,2023,25.0,Y khoa
1039,BMU,y-khoa,B00,Điểm học bạ,2023,25.0,Y khoa
1040,BMU,y-khoa,B08,Điểm học bạ,2023,25.0,Y khoa
1041,BMU,y-khoa,A00,Điểm thi THPT,2023,22.75,Y khoa
1042,BMU,y-khoa,A02,Điểm thi THPT,2023,22.75,Y khoa
1043,BMU,y-khoa,B00,Điểm thi THPT,2023,22.75,Y khoa
1044,BMU,y-khoa,B08,Điểm thi THPT,2023,22.75,Y khoa
1045,BMU,y-khoa,A00,Điểm học bạ,2024,25.25,Y khoa
1046,BMU,y-khoa,A02,Điểm học bạ,2024,25.25,Y khoa
1047,BMU,y-khoa,B00,Điểm học bạ,2024,25.25,Y khoa
1048,BMU,y-khoa,B08,Điểm học bạ,2024,25.25,Y khoa
1049,BMU,y-khoa,A00,Điểm thi THPT,2024,24.0,Y khoa
1050,BMU,y-khoa,A02,Điểm thi THPT,2024,24.0,Y khoa
1051,BMU,y-khoa,B00,Điểm thi THPT,2024,24.0,Y khoa
1052,BMU,y-khoa,B08,Điểm thi THPT,2024,24.0,Y khoa
1053,BMU,y-khoa,A00,Điểm học bạ,2025,25.28,Y khoa
1054,BMU,y-khoa,A01,Điểm học bạ,2025,25.28,Y khoa
1055,BMU,y-khoa,A02,Điểm học bạ,2025,25.28,Y khoa
1056,BMU,y-khoa,B00,Điểm học bạ,2025,25.28,Y khoa
1057,BMU,y-khoa,B05,Điểm học bạ,2025,25.28,Y khoa
1058,BMU,y-khoa,B08,Điểm học bạ,2025,25.28,Y khoa
1059,BMU,y-khoa,D07,Điểm học bạ,2025,25.28,Y khoa
1060,BMU,y-khoa,A00,Điểm thi THPT,2025,22.0,Y khoa
1061,BMU,y-khoa,A01,Điểm thi THPT,2025,22.0,Y khoa
1062,BMU,y-khoa,A02,Điểm thi THPT,2025,22.0,Y khoa
1063,BMU,y-khoa,B00,Điểm thi THPT,2025,22.0,Y khoa
1064,BMU,y-khoa,B05,Điểm thi THPT,2025,22.0,Y khoa
1065,BMU,y-khoa,B08,Điểm thi THPT,2025,22.0,Y khoa
1066,BMU,y-khoa,D07,Điểm thi THPT,2025,22.0,Y khoa
1067,BMU,y-te-cong-cong,A02,Điểm thi THPT,2021,19.0,Y tê công cộng
1068,BMU,y-te-cong-cong,B00,Điểm thi THPT,2021,19.0,Y tê công cộng
1069,BMU,y-te-cong-cong,D08,Điểm thi THPT,2021,19.0,Y tê công cộng
1070,BMU,y-te-cong-cong,A02,Điểm học bạ,2022,18.0,Y tế công cộng
1071,BMU,y-te-cong-cong,B00,Điểm học bạ,2022,18.0,Y tế công cộng
1072,BMU,y-te-cong-cong,B08,Điểm học bạ,2022,18.0,Y tế công cộng
1073,BMU,y-te-cong-cong,A02,Điểm thi THPT,2022,16.0,Y tế công cộng
1074,BMU,y-te-cong-cong,B00,Điểm thi THPT,2022,16.0,Y tế công cộng
1075,BMU,y-te-cong-cong,B08,Điểm thi THPT,2022,16.0,Y tế công cộng
1076,BMU,y-te-cong-cong,A00,Điểm học bạ,2023,16.0,Y tế công cộng
1077,BMU,y-te-cong-cong,A02,Điểm học bạ,2023,16.0,Y tế công cộng
1078,BMU,y-te-cong-cong,B00,Điểm học bạ,2023,16.0,Y tế công cộng
1079,BMU,y-te-cong-cong,B08,Điểm học bạ,2023,16.0,Y tế công cộng
1080,BMU,y-te-cong-cong,A00,Điểm thi THPT,2023,16.0,Y tế công cộng
1081,BMU,y-te-cong-cong,A02,Điểm thi THPT,2023,16.0,Y tế công cộng
1082,BMU,y-te-cong-cong,B00,Điểm thi THPT,2023,16.0,Y tế công cộng
1083,BMU,y-te-cong-cong,B08,Điểm thi THPT,2023,16.0,Y tế công cộng
1084,BMU,y-te-cong-cong,A00,Điểm học bạ,2024,16.0,Y tế công cộng
1085,BMU,y-te-cong-cong,A02,Điểm học bạ,2024,16.0,Y tế công cộng
1086,BMU,y-te-cong-cong,B00,Điểm học bạ,2024,16.0,Y tế công cộng
1087,BMU,y-te-cong-cong,B08,Điểm học bạ,2024,16.0,Y tế công cộng
1088,BMU,y-te-cong-cong,A00,Điểm thi THPT,2024,16.0,Y tế công cộng
1089,BMU,y-te-cong-cong,A02,Điểm thi THPT,2024,16.0,Y tế công cộng
1090,BMU,y-te-cong-cong,B00,Điểm thi THPT,2024,16.0,Y tế công cộng
1091,BMU,y-te-cong-cong,B08,Điểm thi THPT,2024,16.0,Y tế công cộng
1092,BMU,y-te-cong-cong,A00,Điểm học bạ,2025,18.0,Y tế công cộng
1093,BMU,y-te-cong-cong,A01,Điểm học bạ,2025,18.0,Y tế công cộng
1094,BMU,y-te-cong-cong,A02,Điểm học bạ,2025,18.0,Y tế công cộng
1095,BMU,y-te-cong-cong,B00,Điểm học bạ,2025,18.0,Y tế công cộng
1096,BMU,y-te-cong-cong,B05,Điểm học bạ,2025,18.0,Y tế công cộng
1097,BMU,y-te-cong-cong,B08,Điểm học bạ,2025,18.0,Y tế công cộng
1098,BMU,y-te-cong-cong,D07,Điểm học bạ,2025,18.0,Y tế công cộng
1099,BMU,y-te-cong-cong,A00,Điểm thi THPT,2025,16.0,Y tế công cộng
1100,BMU,y-te-cong-cong,A01,Điểm thi THPT,2025,16.0,Y tế công cộng
1101,BMU,y-te-cong-cong,A02,Điểm thi THPT,2025,16.0,Y tế công cộng
1102,BMU,y-te-cong-cong,B00,Điểm thi THPT,2025,16.0,Y tế công cộng
1103,BMU,y-te-cong-cong,B05,Điểm thi THPT,2025,16.0,Y tế công cộng
1104,BMU,y-te-cong-cong,B08,Điểm thi THPT,2025,16.0,Y tế công cộng
1105,BMU,y-te-cong-cong,D07,Điểm thi THPT,2025,16.0,Y tế công cộng
1106,BPH,bien-phong,A01,Điểm thi THPT,2021,28.51,Ngành Biên phòng
1107,BPH,bien-phong,C00,Điểm thi THPT,2021,26.25,Ngành Biên phòng
1108,BPH,bien-phong,A01,Điểm thi THPT,2022,24.5,Ngành Biên phòng
1109,BPH,bien-phong,C00,Điểm thi THPT,2022,25.75,Ngành Biên phòng
1110,BPH,bien-phong,A01,Điểm thi THPT,2023,21.25,Ngành Biên phòng
1111,BPH,bien-phong,C00,Điểm thi THPT,2023,25.75,Ngành Biên phòng
1112,BPH,bien-phong,A01,Điểm thi THPT,2024,25.2,Biên phòng (Quân khu 4)
1113,BPH,bien-phong,C00,Điểm thi THPT,2024,28.37,Biên phòng (Thí sinh miền Bắc)
1114,BPH,bien-phong,A01,Điểm thi THPT,2025,29.91,Biên phòng (Quân khu 4)
1115,BPH,bien-phong,C00,Điểm thi THPT,2025,27.94,Biên phòng (Thí sinh miền Bắc)
1116,BPH,bien-phong,C01,Điểm thi THPT,2025,30.2,Biên phòng (Thí sinh miền Bắc)
1117,BPH,bien-phong,C03,Điểm thi THPT,2025,29.07,Biên phòng (Thí sinh miền Bắc)
1118,BPH,bien-phong,D01,Điểm thi THPT,2025,30.2,Biên phòng (Thí sinh miền Bắc)
1119,BPH,luat,C00,Điểm thi THPT,2021,26.25,Ngành Luật
1120,BPH,luat,C00,Điểm thi THPT,2022,26.75,Ngành Luật
1121,BPH,luat,C00,Điểm thi THPT,2023,25.5,Ngành Luật
1122,BPH,luat,C00,Điểm thi THPT,2024,26.63,Ngành Luật
1123,BPH,luat,C00,Điểm thi THPT,2025,28.2,Luật (Thí sinh miền Bắc)
1124,BPH,luat,C01,Điểm thi THPT,2025,30.46,Luật (Thí sinh miền Bắc)
1125,BPH,luat,C03,Điểm thi THPT,2025,29.33,Luật (Thí sinh miền Bắc)
1126,BPH,luat,D01,Điểm thi THPT,2025,30.46,Luật (Thí sinh miền Bắc)
1127,BVH,an-toan-thong-tin,A00,Điểm thi THPT,2021,26.55,An toàn thông tin
1128,BVH,an-toan-thong-tin,A01,Điểm thi THPT,2021,26.55,An toàn thông tin
1129,BVH,an-toan-thong-tin,A00,Điểm thi THPT,2022,26.7,An toàn thông tin
1130,BVH,an-toan-thong-tin,A01,Điểm thi THPT,2022,26.7,An toàn thông tin
1131,BVH,an-toan-thong-tin,A00,Điểm học bạ,2023,27.43,An toàn thông tin
1132,BVH,an-toan-thong-tin,A01,Điểm học bạ,2023,27.43,An toàn thông tin
1133,BVH,an-toan-thong-tin,A00,Điểm thi THPT,2023,26.04,An toàn thông tin
1134,BVH,an-toan-thong-tin,A01,Điểm thi THPT,2023,26.04,An toàn thông tin
1135,BVH,an-toan-thong-tin,A00,Điểm thi THPT,2024,25.85,An toàn thông tin
1136,BVH,an-toan-thong-tin,A01,Điểm thi THPT,2024,25.85,An toàn thông tin
1137,BVH,an-toan-thong-tin,A00,Điểm thi THPT,2025,25.21,An toàn thông tin
1138,BVH,an-toan-thong-tin,A01,Điểm thi THPT,2025,25.21,An toàn thông tin
1139,BVH,an-toan-thong-tin,X06,Điểm thi THPT,2025,25.21,An toàn thông tin
1140,BVH,an-toan-thong-tin,X26,Điểm thi THPT,2025,25.21,An toàn thông tin
1141,BVH,an-toan-thong-tin-chat-luong-cao,A00,Điểm thi THPT,2025,23.14,An toàn thông tin - Chất lượng cao
1142,BVH,an-toan-thong-tin-chat-luong-cao,A01,Điểm thi THPT,2025,23.14,An toàn thông tin - Chất lượng cao
1143,BVH,an-toan-thong-tin-chat-luong-cao,X06,Điểm thi THPT,2025,23.14,An toàn thông tin - Chất lượng cao
1144,BVH,an-toan-thong-tin-chat-luong-cao,X26,Điểm thi THPT,2025,23.14,An toàn thông tin - Chất lượng cao
1145,BVH,bao-chi,A00,Điểm thi THPT,2022,24.4,Báo chí
1146,BVH,bao-chi,A01,Điểm thi THPT,2022,24.4,Báo chí
1147,BVH,bao-chi,D01,Điểm thi THPT,2022,24.4,Báo chí
1148,BVH,bao-chi,A00,Điểm học bạ,2023,25.24,Báo chí
1149,BVH,bao-chi,A01,Điểm học bạ,2023,25.24,Báo chí
1150,BVH,bao-chi,D01,Điểm học bạ,2023,25.24,Báo chí
1151,BVH,bao-chi,A00,Điểm thi THPT,2023,25.36,Báo chí
1152,BVH,bao-chi,A01,Điểm thi THPT,2023,25.36,Báo chí
1153,BVH,bao-chi,D01,Điểm thi THPT,2023,25.36,Báo chí
1154,BVH,bao-chi,A00,Điểm thi THPT,2024,25.29,Báo chí
1155,BVH,bao-chi,A01,Điểm thi THPT,2024,25.29,Báo chí
1156,BVH,bao-chi,D01,Điểm thi THPT,2024,25.29,Báo chí
1157,BVH,bao-chi,A00,Điểm thi THPT,2025,22.67,Báo chí
1158,BVH,bao-chi,A01,Điểm thi THPT,2025,22.67,Báo chí
1159,BVH,bao-chi,D01,Điểm thi THPT,2025,22.67,Báo chí
1160,BVH,bao-chi,X06,Điểm thi THPT,2025,22.67,Báo chí
1161,BVH,bao-chi,X26,Điểm thi THPT,2025,22.67,Báo chí
1162,BVH,cong-nghe-da-phuong-tien,A00,Điểm thi THPT,2021,26.35,Công nghệ đa phương tiện
1163,BVH,cong-nghe-da-phuong-tien,A01,Điểm thi THPT,2021,26.35,Công nghệ đa phương tiện
1164,BVH,cong-nghe-da-phuong-tien,D01,Điểm thi THPT,2021,26.35,Công nghệ đa phương tiện
1165,BVH,cong-nghe-da-phuong-tien,A00,Điểm thi THPT,2022,26.45,Công nghệ đa phương tiện
1166,BVH,cong-nghe-da-phuong-tien,A01,Điểm thi THPT,2022,26.45,Công nghệ đa phương tiện
1167,BVH,cong-nghe-da-phuong-tien,D01,Điểm thi THPT,2022,26.45,Công nghệ đa phương tiện
1168,BVH,cong-nghe-da-phuong-tien,A00,Điểm học bạ,2023,26.77,Công nghệ đa phương tiện
1169,BVH,cong-nghe-da-phuong-tien,A01,Điểm học bạ,2023,26.77,Công nghệ đa phương tiện
1170,BVH,cong-nghe-da-phuong-tien,D01,Điểm học bạ,2023,26.77,Công nghệ đa phương tiện
1171,BVH,cong-nghe-da-phuong-tien,A00,Điểm thi THPT,2023,25.89,Công nghệ đa phương tiện
1172,BVH,cong-nghe-da-phuong-tien,A01,Điểm thi THPT,2023,25.89,Công nghệ đa phương tiện
1173,BVH,cong-nghe-da-phuong-tien,D01,Điểm thi THPT,2023,25.89,Công nghệ đa phương tiện
1174,BVH,cong-nghe-da-phuong-tien,A00,Điểm thi THPT,2024,25.75,Công nghệ đa phương tiện
1175,BVH,cong-nghe-da-phuong-tien,A01,Điểm thi THPT,2024,25.75,Công nghệ đa phương tiện
1176,BVH,cong-nghe-da-phuong-tien,D01,Điểm thi THPT,2024,25.75,Công nghệ đa phương tiện
1177,BVH,cong-nghe-da-phuong-tien,A00,Điểm thi THPT,2025,24.0,Công nghệ đa phương tiện
1178,BVH,cong-nghe-da-phuong-tien,A01,Điểm thi THPT,2025,24.0,Công nghệ đa phương tiện
1179,BVH,cong-nghe-da-phuong-tien,D01,Điểm thi THPT,2025,24.0,Công nghệ đa phương tiện
1180,BVH,cong-nghe-da-phuong-tien,X06,Điểm thi THPT,2025,24.0,Công nghệ đa phương tiện
1181,BVH,cong-nghe-da-phuong-tien,X26,Điểm thi THPT,2025,24.0,Công nghệ đa phương tiện
1182,BVH,cong-nghe-ky-thuat-dien-dien-tu,A00,Điểm thi THPT,2021,25.35,"Công nghệ kỹ thuật Điện, điện tử"
1183,BVH,cong-nghe-ky-thuat-dien-dien-tu,A01,Điểm thi THPT,2021,25.35,"Công nghệ kỹ thuật Điện, điện tử"
1184,BVH,cong-nghe-ky-thuat-dien-dien-tu,A00,Điểm thi THPT,2022,25.1,"Công nghệ kỹ thuật Điện, điện tử"
1185,BVH,cong-nghe-ky-thuat-dien-dien-tu,A01,Điểm thi THPT,2022,25.1,"Công nghệ kỹ thuật Điện, điện tử"
1186,BVH,cong-nghe-ky-thuat-dien-dien-tu,A00,Điểm học bạ,2023,21.2,"Công nghệ Kỹ thuật Điện, điện tử"
1187,BVH,cong-nghe-ky-thuat-dien-dien-tu,A01,Điểm học bạ,2023,21.2,"Công nghệ Kỹ thuật Điện, điện tử"
1188,BVH,cong-nghe-ky-thuat-dien-dien-tu,A00,Điểm thi THPT,2023,25.01,"Công nghệ Kỹ thuật Điện, điện tử"
1189,BVH,cong-nghe-ky-thuat-dien-dien-tu,A01,Điểm thi THPT,2023,25.01,"Công nghệ Kỹ thuật Điện, điện tử"
1190,BVH,cong-nghe-ky-thuat-dien-dien-tu,A00,Điểm thi THPT,2024,25.46,"Công nghệ Kỹ thuật Điện, điện tử"
1191,BVH,cong-nghe-ky-thuat-dien-dien-tu,A01,Điểm thi THPT,2024,25.46,"Công nghệ Kỹ thuật Điện, điện tử"
1192,BVH,cong-nghe-ky-thuat-dien-dien-tu,A00,Điểm thi THPT,2025,24.61,"Công nghệ Kỹ thuật Điện, điện tử"
1193,BVH,cong-nghe-ky-thuat-dien-dien-tu,A01,Điểm thi THPT,2025,24.61,"Công nghệ Kỹ thuật Điện, điện tử"
1194,BVH,cong-nghe-ky-thuat-dien-dien-tu,X06,Điểm thi THPT,2025,24.61,"Công nghệ Kỹ thuật Điện, điện tử"
1195,BVH,cong-nghe-ky-thuat-dien-dien-tu,X26,Điểm thi THPT,2025,24.61,"Công nghệ Kỹ thuật Điện, điện tử"
1196,BVH,cong-nghe-tai-chinh,A00,Điểm thi THPT,2021,25.9,Công nghệ Tài chính
1197,BVH,cong-nghe-tai-chinh,A01,Điểm thi THPT,2021,25.9,Công nghệ Tài chính
1198,BVH,cong-nghe-tai-chinh,D01,Điểm thi THPT,2021,25.9,Công nghệ Tài chính
1199,BVH,cong-nghe-tai-chinh,A00,Điểm thi THPT,2022,25.85,Công nghệ tài chính (Fintech)
1200,BVH,cong-nghe-tai-chinh,A01,Điểm thi THPT,2022,25.85,Công nghệ tài chính (Fintech)
1201,BVH,cong-nghe-tai-chinh,D01,Điểm thi THPT,2022,25.85,Công nghệ tài chính (Fintech)
1202,BVH,cong-nghe-tai-chinh,A00,Điểm học bạ,2023,26.47,Công nghệ tài chính (Fintech)
1203,BVH,cong-nghe-tai-chinh,A01,Điểm học bạ,2023,26.47,Công nghệ tài chính (Fintech)
1204,BVH,cong-nghe-tai-chinh,D01,Điểm học bạ,2023,26.47,Công nghệ tài chính (Fintech)
1205,BVH,cong-nghe-tai-chinh,A00,Điểm thi THPT,2023,25.35,Công nghệ tài chính (Fintech)
1206,BVH,cong-nghe-tai-chinh,A01,Điểm thi THPT,2023,25.35,Công nghệ tài chính (Fintech)
1207,BVH,cong-nghe-tai-chinh,D01,Điểm thi THPT,2023,25.35,Công nghệ tài chính (Fintech)
1208,BVH,cong-nghe-tai-chinh,A00,Điểm thi THPT,2024,25.61,Công nghệ tài chính (Fintech)
1209,BVH,cong-nghe-tai-chinh,A01,Điểm thi THPT,2024,25.61,Công nghệ tài chính (Fintech)
1210,BVH,cong-nghe-tai-chinh,D01,Điểm thi THPT,2024,25.61,Công nghệ tài chính (Fintech)
1211,BVH,cong-nghe-tai-chinh,A00,Điểm thi THPT,2025,23.63,Công nghệ tài chính (Fintech)
1212,BVH,cong-nghe-tai-chinh,A01,Điểm thi THPT,2025,23.63,Công nghệ tài chính (Fintech)
1213,BVH,cong-nghe-tai-chinh,D01,Điểm thi THPT,2025,23.63,Công nghệ tài chính (Fintech)
1214,BVH,cong-nghe-tai-chinh,X06,Điểm thi THPT,2025,23.63,Công nghệ tài chính (Fintech)
1215,BVH,cong-nghe-tai-chinh,X26,Điểm thi THPT,2025,23.63,Công nghệ tài chính (Fintech)
1216,BVH,cong-nghe-thong-tin,A00,Điểm thi THPT,2021,26.9,Công nghệ thông tin
1217,BVH,cong-nghe-thong-tin,A01,Điểm thi THPT,2021,26.9,Công nghệ thông tin
1218,BVH,cong-nghe-thong-tin,A00,Điểm thi THPT,2022,27.25,Công nghệ thông tin
1219,BVH,cong-nghe-thong-tin,A01,Điểm thi THPT,2022,27.25,Công nghệ thông tin
1220,BVH,cong-nghe-thong-tin,A00,Điểm học bạ,2023,28.03,Công nghệ thông tin
1221,BVH,cong-nghe-thong-tin,A01,Điểm học bạ,2023,28.03,Công nghệ thông tin
1222,BVH,cong-nghe-thong-tin,A00,Điểm thi THPT,2023,26.59,Công nghệ thông tin
1223,BVH,cong-nghe-thong-tin,A01,Điểm thi THPT,2023,26.59,Công nghệ thông tin
1224,BVH,cong-nghe-thong-tin,A00,Điểm thi THPT,2024,26.4,Công nghệ thông tin
1225,BVH,cong-nghe-thong-tin,A01,Điểm thi THPT,2024,26.4,Công nghệ thông tin
1226,BVH,cong-nghe-thong-tin,A00,Điểm thi THPT,2025,25.8,Công nghệ thông tin
1227,BVH,cong-nghe-thong-tin,A01,Điểm thi THPT,2025,25.8,Công nghệ thông tin
1228,BVH,cong-nghe-thong-tin,X06,Điểm thi THPT,2025,25.8,Công nghệ thông tin
1229,BVH,cong-nghe-thong-tin,X26,Điểm thi THPT,2025,25.8,Công nghệ thông tin
1230,BVH,cong-nghe-thong-tin-chat-luong-cao,A00,Điểm thi THPT,2024,25.43,Công nghệ thông tin chất lượng cao
1231,BVH,cong-nghe-thong-tin-chat-luong-cao,A01,Điểm thi THPT,2024,25.43,Công nghệ thông tin chất lượng cao
1232,BVH,cong-nghe-thong-tin-chat-luong-cao,D01,Điểm thi THPT,2024,25.43,Công nghệ thông tin chất lượng cao
1233,BVH,cong-nghe-thong-tin-viet-nhat,A00,Điểm thi THPT,2024,24.25,Công nghệ thông tin Việt - Nhật
1234,BVH,cong-nghe-thong-tin-viet-nhat,A01,Điểm thi THPT,2024,24.25,Công nghệ thông tin Việt - Nhật
1235,BVH,cong-nghe-thong-tin-viet-nhat,A00,Điểm thi THPT,2025,23.48,Công nghệ thông tin Việt - Nhật
1236,BVH,cong-nghe-thong-tin-viet-nhat,A01,Điểm thi THPT,2025,23.48,Công nghệ thông tin Việt - Nhật
1237,BVH,cong-nghe-thong-tin-viet-nhat,X06,Điểm thi THPT,2025,23.48,Công nghệ thông tin Việt - Nhật
1238,BVH,cong-nghe-thong-tin-viet-nhat,X26,Điểm thi THPT,2025,23.48,Công nghệ thông tin Việt - Nhật
1239,BVH,ke-toan,A00,Điểm thi THPT,2021,25.75,Kế toán
1240,BVH,ke-toan,A01,Điểm thi THPT,2021,25.75,Kế toán
1241,BVH,ke-toan,D01,Điểm thi THPT,2021,25.75,Kế toán
1242,BVH,ke-toan,A00,Điểm thi THPT,2022,25.35,Kế toán
1243,BVH,ke-toan,A01,Điểm thi THPT,2022,25.35,Kế toán
1244,BVH,ke-toan,D01,Điểm thi THPT,2022,25.35,Kế toán
1245,BVH,ke-toan,A00,Điểm học bạ,2023,21.86,Kế toán
1246,BVH,ke-toan,A01,Điểm học bạ,2023,21.86,Kế toán
1247,BVH,ke-toan,D01,Điểm học bạ,2023,21.86,Kế toán
1248,BVH,ke-toan,A00,Điểm thi THPT,2023,25.05,Kế toán
1249,BVH,ke-toan,A01,Điểm thi THPT,2023,25.05,Kế toán
1250,BVH,ke-toan,D01,Điểm thi THPT,2023,25.05,Kế toán
1251,BVH,ke-toan,A00,Điểm thi THPT,2024,25.29,Kế toán
1252,BVH,ke-toan,A01,Điểm thi THPT,2024,25.29,Kế toán
1253,BVH,ke-toan,D01,Điểm thi THPT,2024,25.29,Kế toán
1254,BVH,ke-toan,A00,Điểm thi THPT,2025,22.5,Kế toán
1255,BVH,ke-toan,A01,Điểm thi THPT,2025,22.5,Kế toán
1256,BVH,ke-toan,D01,Điểm thi THPT,2025,22.5,Kế toán
1257,BVH,ke-toan,X06,Điểm thi THPT,2025,22.5,Kế toán
1258,BVH,ke-toan,X26,Điểm thi THPT,2025,22.5,Kế toán
1259,BVH,ke-toan-chat-luong-cao,A00,Điểm thi THPT,2024,22.5,Kế toán chất lượng cao (chuẩn quốc tế ACCA)
1260,BVH,ke-toan-chat-luong-cao,A01,Điểm thi THPT,2024,22.5,Kế toán chất lượng cao (chuẩn quốc tế ACCA)
1261,BVH,ke-toan-chat-luong-cao,D01,Điểm thi THPT,2024,22.5,Kế toán chất lượng cao (chuẩn quốc tế ACCA)
1262,BVH,ke-toan-chat-luong-cao,A00,Điểm thi THPT,2025,21.0,Kế toán chất lượng cao (chuẩn quốc tế ACCA)
1263,BVH,ke-toan-chat-luong-cao,A01,Điểm thi THPT,2025,21.0,Kế toán chất lượng cao (chuẩn quốc tế ACCA)
1264,BVH,ke-toan-chat-luong-cao,D01,Điểm thi THPT,2025,21.0,Kế toán chất lượng cao (chuẩn quốc tế ACCA)
1265,BVH,ke-toan-chat-luong-cao,X06,Điểm thi THPT,2025,21.0,Kế toán chất lượng cao (chuẩn quốc tế ACCA)
1266,BVH,ke-toan-chat-luong-cao,X26,Điểm thi THPT,2025,21.0,Kế toán chất lượng cao (chuẩn quốc tế ACCA)
1267,BVH,khoa-hoc-may-tinh,A00,Điểm thi THPT,2022,26.9,Khoa học máy tính
1268,BVH,khoa-hoc-may-tinh,A01,Điểm thi THPT,2022,26.9,Khoa học máy tính
1269,BVH,khoa-hoc-may-tinh,A00,Điểm học bạ,2023,28.1,Khoa học máy tính
1270,BVH,khoa-hoc-may-tinh,A01,Điểm học bạ,2023,28.1,Khoa học máy tính
1271,BVH,khoa-hoc-may-tinh,A00,Điểm thi THPT,2023,26.55,Khoa học máy tính (định hướng Khoa học dữ liệu)
1272,BVH,khoa-hoc-may-tinh,A01,Điểm thi THPT,2023,26.55,Khoa học máy tính (định hướng Khoa học dữ liệu)
1273,BVH,khoa-hoc-may-tinh,A00,Điểm thi THPT,2024,26.31,Khoa học máy tính (định hướng Khoa học dữ liệu)
1274,BVH,khoa-hoc-may-tinh,A01,Điểm thi THPT,2024,26.31,Khoa học máy tính (định hướng Khoa học dữ liệu)
1275,BVH,khoa-hoc-may-tinh,A00,Điểm thi THPT,2025,26.21,Khoa học máy tính (định hướng Khoa học dữ liệu)
1276,BVH,khoa-hoc-may-tinh,A01,Điểm thi THPT,2025,26.21,Khoa học máy tính (định hướng Khoa học dữ liệu)
1277,BVH,khoa-hoc-may-tinh,X06,Điểm thi THPT,2025,26.21,Khoa học máy tính (định hướng Khoa học dữ liệu)
1278,BVH,khoa-hoc-may-tinh,X26,Điểm thi THPT,2025,26.21,Khoa học máy tính (định hướng Khoa học dữ liệu)
1279,BVH,ky-thuat-dien-tu-vien-thong,A00,Điểm thi THPT,2021,25.65,Kỹ thuật Điện tử viễn thông
1280,BVH,ky-thuat-dien-tu-vien-thong,A01,Điểm thi THPT,2021,25.65,Kỹ thuật Điện tử viễn thông
1281,BVH,ky-thuat-dien-tu-vien-thong,A00,Điểm thi THPT,2022,25.6,Kỹ thuật Điện tử viễn thông
1282,BVH,ky-thuat-dien-tu-vien-thong,A01,Điểm thi THPT,2022,25.6,Kỹ thuật Điện tử viễn thông
1283,BVH,ky-thuat-dien-tu-vien-thong,A00,Điểm học bạ,2023,22.36,Kỹ thuật Điện tử viễn thông
1284,BVH,ky-thuat-dien-tu-vien-thong,A01,Điểm học bạ,2023,22.36,Kỹ thuật Điện tử viễn thông
1285,BVH,ky-thuat-dien-tu-vien-thong,A00,Điểm thi THPT,2023,25.68,Kỹ thuật Điện tử viễn thông
1286,BVH,ky-thuat-dien-tu-vien-thong,A01,Điểm thi THPT,2023,25.68,Kỹ thuật Điện tử viễn thông
1287,BVH,ky-thuat-dien-tu-vien-thong,A00,Điểm thi THPT,2024,25.75,Kỹ thuật Điện tử viễn thông
1288,BVH,ky-thuat-dien-tu-vien-thong,A01,Điểm thi THPT,2024,25.75,Kỹ thuật Điện tử viễn thông
1289,BVH,ky-thuat-dien-tu-vien-thong,A00,Điểm thi THPT,2025,25.1,Kỹ thuật Điện tử viễn thông
1290,BVH,ky-thuat-dien-tu-vien-thong,A01,Điểm thi THPT,2025,25.1,Kỹ thuật Điện tử viễn thông
1291,BVH,ky-thuat-dien-tu-vien-thong,X06,Điểm thi THPT,2025,25.1,Kỹ thuật Điện tử viễn thông
1292,BVH,ky-thuat-dien-tu-vien-thong,X26,Điểm thi THPT,2025,25.1,Kỹ thuật Điện tử viễn thông
1293,BVH,ky-thuat-dieu-khien-va-tu-dong-hoa,A00,Điểm thi THPT,2023,25.4,Kỹ thuật Điều khiển và tự động hóa
1294,BVH,ky-thuat-dieu-khien-va-tu-dong-hoa,A01,Điểm thi THPT,2023,25.4,Kỹ thuật Điều khiển và tự động hóa
1295,BVH,ky-thuat-dieu-khien-va-tu-dong-hoa,A00,Điểm thi THPT,2024,26.08,Kỹ thuật Điều khiển và tự động hóa
1296,BVH,ky-thuat-dieu-khien-va-tu-dong-hoa,A01,Điểm thi THPT,2024,26.08,Kỹ thuật Điều khiển và tự động hóa
1297,BVH,ky-thuat-dieu-khien-va-tu-dong-hoa,A00,Điểm thi THPT,2025,26.19,Kỹ thuật Điều khiển và tự động hóa
1298,BVH,ky-thuat-dieu-khien-va-tu-dong-hoa,A01,Điểm thi THPT,2025,26.19,Kỹ thuật Điều khiển và tự động hóa
1299,BVH,ky-thuat-dieu-khien-va-tu-dong-hoa,X06,Điểm thi THPT,2025,26.19,Kỹ thuật Điều khiển và tự động hóa
1300,BVH,ky-thuat-dieu-khien-va-tu-dong-hoa,X26,Điểm thi THPT,2025,26.19,Kỹ thuật Điều khiển và tự động hóa
1301,BVH,mang-may-tinh-va-truyen-thong-du-lieu,A00,Điểm thi THPT,2023,24.88,Mạng máy tính và truyền thông dữ liệu (CT Kỹ thuật dữ liệu)
1302,BVH,mang-may-tinh-va-truyen-thong-du-lieu,A01,Điểm thi THPT,2023,24.88,Mạng máy tính và truyền thông dữ liệu (CT Kỹ thuật dữ liệu)
1303,BVH,mang-may-tinh-va-truyen-thong-du-lieu,A00,Điểm thi THPT,2024,25.59,Kỹ thuật dữ liệu (ngành Mạng máy tính và truyền thông dữ liệu)
1304,BVH,mang-may-tinh-va-truyen-thong-du-lieu,A01,Điểm thi THPT,2024,25.59,Kỹ thuật dữ liệu (ngành Mạng máy tính và truyền thông dữ liệu)
1305,BVH,mang-may-tinh-va-truyen-thong-du-lieu,A00,Điểm thi THPT,2025,24.4,Kỹ thuật dữ liệu (ngành Mạng máy tính và truyền thông dữ liệu)
1306,BVH,mang-may-tinh-va-truyen-thong-du-lieu,A01,Điểm thi THPT,2025,24.4,Kỹ thuật dữ liệu (ngành Mạng máy tính và truyền thông dữ liệu)
1307,BVH,mang-may-tinh-va-truyen-thong-du-lieu,X06,Điểm thi THPT,2025,24.4,Kỹ thuật dữ liệu (ngành Mạng máy tính và truyền thông dữ liệu)
1308,BVH,mang-may-tinh-va-truyen-thong-du-lieu,X26,Điểm thi THPT,2025,24.4,Kỹ thuật dữ liệu (ngành Mạng máy tính và truyền thông dữ liệu)
1309,BVH,marketing,A00,Điểm thi THPT,2021,26.45,Marketing
1310,BVH,marketing,A01,Điểm thi THPT,2021,26.45,Marketing
1311,BVH,marketing,D01,Điểm thi THPT,2021,26.45,Marketing
1312,BVH,marketing,A00,Điểm thi THPT,2022,26.1,Marketing
1313,BVH,marketing,A01,Điểm thi THPT,2022,26.1,Marketing
1314,BVH,marketing,D01,Điểm thi THPT,2022,26.1,Marketing
1315,BVH,marketing,A00,Điểm học bạ,2023,25.69,Marketing
1316,BVH,marketing,A01,Điểm học bạ,2023,25.69,Marketing
1317,BVH,marketing,D01,Điểm học bạ,2023,25.69,Marketing
1318,BVH,marketing,A00,Điểm thi THPT,2023,25.8,Marketing
1319,BVH,marketing,A01,Điểm thi THPT,2023,25.8,Marketing
1320,BVH,marketing,D01,Điểm thi THPT,2023,25.8,Marketing
1321,BVH,marketing,A00,Điểm thi THPT,2024,25.85,Marketing
1322,BVH,marketing,A01,Điểm thi THPT,2024,25.85,Marketing
1323,BVH,marketing,D01,Điểm thi THPT,2024,25.85,Marketing
1324,BVH,marketing,A00,Điểm thi THPT,2025,24.0,Marketing
1325,BVH,marketing,A01,Điểm thi THPT,2025,24.0,Marketing
1326,BVH,marketing,D01,Điểm thi THPT,2025,24.0,Marketing
1327,BVH,marketing,X06,Điểm thi THPT,2025,24.0,Marketing
1328,BVH,marketing,X26,Điểm thi THPT,2025,24.0,Marketing
1329,BVH,marketing-chat-luong-cao,A00,Điểm thi THPT,2024,24.25,Marketing chất lượng cao
1330,BVH,marketing-chat-luong-cao,A01,Điểm thi THPT,2024,24.25,Marketing chất lượng cao
1331,BVH,marketing-chat-luong-cao,D01,Điểm thi THPT,2024,24.25,Marketing chất lượng cao
1332,BVH,quan-tri-kinh-doanh,A00,Điểm thi THPT,2021,25.9,Quản trị kinh doanh
1333,BVH,quan-tri-kinh-doanh,A01,Điểm thi THPT,2021,25.9,Quản trị kinh doanh
1334,BVH,quan-tri-kinh-doanh,D01,Điểm thi THPT,2021,25.9,Quản trị kinh doanh
1335,BVH,quan-tri-kinh-doanh,A00,Điểm thi THPT,2022,25.55,Quản trị kinh doanh
1336,BVH,quan-tri-kinh-doanh,A01,Điểm thi THPT,2022,25.55,Quản trị kinh doanh
1337,BVH,quan-tri-kinh-doanh,D01,Điểm thi THPT,2022,25.55,Quản trị kinh doanh
1338,BVH,quan-tri-kinh-doanh,A00,Điểm học bạ,2023,20.87,Quản trị kinh doanh
1339,BVH,quan-tri-kinh-doanh,A01,Điểm học bạ,2023,20.87,Quản trị kinh doanh
1340,BVH,quan-tri-kinh-doanh,D01,Điểm học bạ,2023,20.87,Quản trị kinh doanh
1341,BVH,quan-tri-kinh-doanh,A00,Điểm thi THPT,2023,25.15,Quản trị kinh doanh
1342,BVH,quan-tri-kinh-doanh,A01,Điểm thi THPT,2023,25.15,Quản trị kinh doanh
1343,BVH,quan-tri-kinh-doanh,D01,Điểm thi THPT,2023,25.15,Quản trị kinh doanh
1344,BVH,quan-tri-kinh-doanh,A00,Điểm thi THPT,2024,25.17,Quản trị kinh doanh
1345,BVH,quan-tri-kinh-doanh,A01,Điểm thi THPT,2024,25.17,Quản trị kinh doanh
1346,BVH,quan-tri-kinh-doanh,D01,Điểm thi THPT,2024,25.17,Quản trị kinh doanh
1347,BVH,quan-tri-kinh-doanh,A00,Điểm thi THPT,2025,22.75,Quản trị kinh doanh
1348,BVH,quan-tri-kinh-doanh,A01,Điểm thi THPT,2025,22.75,Quản trị kinh doanh
1349,BVH,quan-tri-kinh-doanh,D01,Điểm thi THPT,2025,22.75,Quản trị kinh doanh
1350,BVH,quan-tri-kinh-doanh,X06,Điểm thi THPT,2025,22.75,Quản trị kinh doanh
1351,BVH,quan-tri-kinh-doanh,X26,Điểm thi THPT,2025,22.75,Quản trị kinh doanh
1352,BVH,thuong-mai-dien-tu,A00,Điểm thi THPT,2021,26.5,Thương mại điện tử
1353,BVH,thuong-mai-dien-tu,A01,Điểm thi THPT,2021,26.5,Thương mại điện tử
1354,BVH,thuong-mai-dien-tu,D01,Điểm thi THPT,2021,26.5,Thương mại điện tử
1355,BVH,thuong-mai-dien-tu,A00,Điểm thi THPT,2022,26.35,Thương mại điện tử
1356,BVH,thuong-mai-dien-tu,A01,Điểm thi THPT,2022,26.35,Thương mại điện tử
1357,BVH,thuong-mai-dien-tu,D01,Điểm thi THPT,2022,26.35,Thương mại điện tử
1358,BVH,thuong-mai-dien-tu,A00,Điểm học bạ,2023,26.76,Thương mại điện tử
1359,BVH,thuong-mai-dien-tu,A01,Điểm học bạ,2023,26.76,Thương mại điện tử
1360,BVH,thuong-mai-dien-tu,D01,Điểm học bạ,2023,26.76,Thương mại điện tử
1361,BVH,thuong-mai-dien-tu,A00,Điểm thi THPT,2023,26.2,Thương mại điện tử
1362,BVH,thuong-mai-dien-tu,A01,Điểm thi THPT,2023,26.2,Thương mại điện tử
1363,BVH,thuong-mai-dien-tu,D01,Điểm thi THPT,2023,26.2,Thương mại điện tử
1364,BVH,thuong-mai-dien-tu,A00,Điểm thi THPT,2024,26.09,Thương mại điện tử
1365,BVH,thuong-mai-dien-tu,A01,Điểm thi THPT,2024,26.09,Thương mại điện tử
1366,BVH,thuong-mai-dien-tu,D01,Điểm thi THPT,2024,26.09,Thương mại điện tử
1367,BVH,thuong-mai-dien-tu,A00,Điểm thi THPT,2025,25.1,Thương mại điện tử
1368,BVH,thuong-mai-dien-tu,A01,Điểm thi THPT,2025,25.1,Thương mại điện tử
1369,BVH,thuong-mai-dien-tu,D01,Điểm thi THPT,2025,25.1,Thương mại điện tử
1370,BVH,thuong-mai-dien-tu,X06,Điểm thi THPT,2025,25.1,Thương mại điện tử
1371,BVH,thuong-mai-dien-tu,X26,Điểm thi THPT,2025,25.1,Thương mại điện tử
1372,BVH,tri-tue-nhan-tao,A00,Điểm thi THPT,2025,25.67,Trí tuệ nhân tạo
1373,BVH,tri-tue-nhan-tao,A01,Điểm thi THPT,2025,25.67,Trí tuệ nhân tạo
1374,BVH,tri-tue-nhan-tao,X06,Điểm thi THPT,2025,25.67,Trí tuệ nhân tạo
1375,BVH,tri-tue-nhan-tao,X26,Điểm thi THPT,2025,25.67,Trí tuệ nhân tạo
1376,BVH,truyen-thong-da-phuong-tien,A00,Điểm thi THPT,2021,26.55,Truyền thông đa phương tiện
1377,BVH,truyen-thong-da-phuong-tien,A01,Điểm thi THPT,2021,26.55,Truyền thông đa phương tiện
1378,BVH,truyen-thong-da-phuong-tien,D01,Điểm thi THPT,2021,26.55,Truyền thông đa phương tiện
1379,BVH,truyen-thong-da-phuong-tien,A00,Điểm thi THPT,2022,26.2,Truyền thông đa phương tiện
1380,BVH,truyen-thong-da-phuong-tien,A01,Điểm thi THPT,2022,26.2,Truyền thông đa phương tiện
1381,BVH,truyen-thong-da-phuong-tien,D01,Điểm thi THPT,2022,26.2,Truyền thông đa phương tiện
1382,BVH,truyen-thong-da-phuong-tien,A00,Điểm học bạ,2023,26.74,Truyền thông đa phương tiện
1383,BVH,truyen-thong-da-phuong-tien,A01,Điểm học bạ,2023,26.74,Truyền thông đa phương tiện
1384,BVH,truyen-thong-da-phuong-tien,D01,Điểm học bạ,2023,26.74,Truyền thông đa phương tiện
1385,BVH,truyen-thong-da-phuong-tien,A00,Điểm thi THPT,2023,26.33,Truyền thông đa phương tiện
1386,BVH,truyen-thong-da-phuong-tien,A01,Điểm thi THPT,2023,26.33,Truyền thông đa phương tiện
1387,BVH,truyen-thong-da-phuong-tien,D01,Điểm thi THPT,2023,26.33,Truyền thông đa phương tiện
1388,BVH,truyen-thong-da-phuong-tien,A00,Điểm thi THPT,2024,25.94,Truyền thông đa phương tiện
1389,BVH,truyen-thong-da-phuong-tien,A01,Điểm thi THPT,2024,25.94,Truyền thông đa phương tiện
1390,BVH,truyen-thong-da-phuong-tien,D01,Điểm thi THPT,2024,25.94,Truyền thông đa phương tiện
1391,BVH,truyen-thong-da-phuong-tien,A00,Điểm thi THPT,2025,25.25,Truyền thông đa phương tiện
1392,BVH,truyen-thong-da-phuong-tien,A01,Điểm thi THPT,2025,25.25,Truyền thông đa phương tiện
1393,BVH,truyen-thong-da-phuong-tien,D01,Điểm thi THPT,2025,25.25,Truyền thông đa phương tiện
1394,BVH,truyen-thong-da-phuong-tien,X06,Điểm thi THPT,2025,25.25,Truyền thông đa phương tiện
1395,BVH,truyen-thong-da-phuong-tien,X26,Điểm thi THPT,2025,25.25,Truyền thông đa phương tiện
1396,BVH,truyen-thong-da-phuong-tien-chuong-trinh-dao-tao-chat-luong-cao,A00,Điểm thi THPT,2025,22.65,Truyền thông đa phương tiện - Chương trình đào tạo chất lượng cao
1397,BVH,truyen-thong-da-phuong-tien-chuong-trinh-dao-tao-chat-luong-cao,A01,Điểm thi THPT,2025,22.65,Truyền thông đa phương tiện - Chương trình đào tạo chất lượng cao
1398,BVH,truyen-thong-da-phuong-tien-chuong-trinh-dao-tao-chat-luong-cao,D01,Điểm thi THPT,2025,22.65,Truyền thông đa phương tiện - Chương trình đào tạo chất lượng cao
1399,BVH,truyen-thong-da-phuong-tien-chuong-trinh-dao-tao-chat-luong-cao,X06,Điểm thi THPT,2025,22.65,Truyền thông đa phương tiện - Chương trình đào tạo chất lượng cao
1400,BVH,truyen-thong-da-phuong-tien-chuong-trinh-dao-tao-chat-luong-cao,X26,Điểm thi THPT,2025,22.65,Truyền thông đa phương tiện - Chương trình đào tạo chất lượng cao
1401,BVS,an-toan-thong-tin,A00,Điểm thi THPT,2021,25.4,An toàn thông tin
1402,BVS,an-toan-thong-tin,A01,Điểm thi THPT,2021,25.4,An toàn thông tin
1403,BVS,an-toan-thong-tin,A00,Điểm thi THPT,2022,25.05,An toàn thông tin
1404,BVS,an-toan-thong-tin,A01,Điểm thi THPT,2022,25.05,An toàn thông tin
1405,BVS,an-toan-thong-tin,A00,Điểm học bạ,2023,24.04,An toàn thông tin
1406,BVS,an-toan-thong-tin,A01,Điểm học bạ,2023,24.04,An toàn thông tin
1407,BVS,an-toan-thong-tin,A00,Điểm thi THPT,2023,24.44,An toàn thông tin
1408,BVS,an-toan-thong-tin,A01,Điểm thi THPT,2023,24.44,An toàn thông tin
1409,BVS,an-toan-thong-tin,A00,Điểm thi THPT,2024,24.68,An toàn thông tin
1410,BVS,an-toan-thong-tin,A01,Điểm thi THPT,2024,24.68,An toàn thông tin
1411,BVS,an-toan-thong-tin,A00,Điểm thi THPT,2025,23.09,An toàn thông tin
1412,BVS,an-toan-thong-tin,A01,Điểm thi THPT,2025,23.09,An toàn thông tin
1413,BVS,an-toan-thong-tin,X06,Điểm thi THPT,2025,23.09,An toàn thông tin
1414,BVS,an-toan-thong-tin,X26,Điểm thi THPT,2025,23.09,An toàn thông tin
1415,BVS,cong-nghe-da-phuong-tien,A00,Điểm thi THPT,2021,25.05,Công nghệ đa phương tiện
1416,BVS,cong-nghe-da-phuong-tien,A01,Điểm thi THPT,2021,25.05,Công nghệ đa phương tiện
1417,BVS,cong-nghe-da-phuong-tien,D01,Điểm thi THPT,2021,25.05,Công nghệ đa phương tiện
1418,BVS,cong-nghe-da-phuong-tien,A00,Điểm thi THPT,2022,24.25,Công nghệ đa phương tiện
1419,BVS,cong-nghe-da-phuong-tien,A01,Điểm thi THPT,2022,24.25,Công nghệ đa phương tiện
1420,BVS,cong-nghe-da-phuong-tien,D01,Điểm thi THPT,2022,24.25,Công nghệ đa phương tiện
1421,BVS,cong-nghe-da-phuong-tien,A00,Điểm học bạ,2023,22.53,Công nghệ đa phương tiện
1422,BVS,cong-nghe-da-phuong-tien,A01,Điểm học bạ,2023,22.53,Công nghệ đa phương tiện
1423,BVS,cong-nghe-da-phuong-tien,D01,Điểm học bạ,2023,22.53,Công nghệ đa phương tiện
1424,BVS,cong-nghe-da-phuong-tien,A00,Điểm thi THPT,2023,24.05,Công nghệ đa phương tiện
1425,BVS,cong-nghe-da-phuong-tien,A01,Điểm thi THPT,2023,24.05,Công nghệ đa phương tiện
1426,BVS,cong-nghe-da-phuong-tien,D01,Điểm thi THPT,2023,24.05,Công nghệ đa phương tiện
1427,BVS,cong-nghe-da-phuong-tien,A00,Điểm thi THPT,2024,23.95,Công nghệ đa phương tiện
1428,BVS,cong-nghe-da-phuong-tien,A01,Điểm thi THPT,2024,23.95,Công nghệ đa phương tiện
1429,BVS,cong-nghe-da-phuong-tien,D01,Điểm thi THPT,2024,23.95,Công nghệ đa phương tiện
1430,BVS,cong-nghe-da-phuong-tien,A00,Điểm thi THPT,2025,21.35,Công nghệ đa phương tiện
1431,BVS,cong-nghe-da-phuong-tien,A01,Điểm thi THPT,2025,21.35,Công nghệ đa phương tiện
1432,BVS,cong-nghe-da-phuong-tien,D01,Điểm thi THPT,2025,21.35,Công nghệ đa phương tiện
1433,BVS,cong-nghe-da-phuong-tien,X06,Điểm thi THPT,2025,21.35,Công nghệ đa phương tiện
1434,BVS,cong-nghe-da-phuong-tien,X26,Điểm thi THPT,2025,21.35,Công nghệ đa phương tiện
1435,BVS,cong-nghe-inernet-van-vat,A00,Điểm học bạ,2023,26.46,Công nghệ Inernet vạn vật
1436,BVS,cong-nghe-inernet-van-vat,A01,Điểm học bạ,2023,26.46,Công nghệ Inernet vạn vật
1437,BVS,cong-nghe-inernet-van-vat,A00,Điểm thi THPT,2023,21.7,Công nghệ Inernet vạn vật
1438,BVS,cong-nghe-inernet-van-vat,A01,Điểm thi THPT,2023,21.7,Công nghệ Inernet vạn vật
1439,BVS,cong-nghe-inernet-van-vat,A00,Điểm thi THPT,2024,18.0,Công nghệ Inernet vạn vật (IoT)
1440,BVS,cong-nghe-inernet-van-vat,A01,Điểm thi THPT,2024,18.0,Công nghệ Inernet vạn vật (IoT)
1441,BVS,cong-nghe-interner-van-vat,A00,Điểm thi THPT,2022,20.7,Công nghệ Interner vạn vật (IoT)
1442,BVS,cong-nghe-interner-van-vat,A01,Điểm thi THPT,2022,20.7,Công nghệ Interner vạn vật (IoT)
1443,BVS,cong-nghe-internet-van-vat,A00,Điểm thi THPT,2025,17.25,Công nghệ internet vạn vật (IoT)
1444,BVS,cong-nghe-internet-van-vat,A01,Điểm thi THPT,2025,17.25,Công nghệ internet vạn vật (IoT)
1445,BVS,cong-nghe-internet-van-vat,X06,Điểm thi THPT,2025,17.25,Công nghệ internet vạn vật (IoT)
1446,BVS,cong-nghe-internet-van-vat,X26,Điểm thi THPT,2025,17.25,Công nghệ internet vạn vật (IoT)
1447,BVS,cong-nghe-kt-dien-dien-tu,A00,Điểm thi THPT,2021,19.3,"Công nghệ KT Điện, điện tử"
1448,BVS,cong-nghe-kt-dien-dien-tu,A01,Điểm thi THPT,2021,19.3,"Công nghệ KT Điện, điện tử"
1449,BVS,cong-nghe-ky-thuat-dien-dien-tu,A00,Điểm thi THPT,2022,19.0,"Công nghệ kỹ thuật Điện, điện tử"
1450,BVS,cong-nghe-ky-thuat-dien-dien-tu,A01,Điểm thi THPT,2022,19.0,"Công nghệ kỹ thuật Điện, điện tử"
1451,BVS,cong-nghe-ky-thuat-dien-dien-tu,A00,Điểm thi THPT,2023,18.15,"Công nghệ Kỹ thuật Điện, điện tử"
1452,BVS,cong-nghe-ky-thuat-dien-dien-tu,A01,Điểm thi THPT,2023,18.15,"Công nghệ Kỹ thuật Điện, điện tử"
1453,BVS,cong-nghe-ky-thuat-dien-dien-tu,A00,Điểm thi THPT,2024,20.85,"Công nghệ Kỹ thuật Điện, điện tử"
1454,BVS,cong-nghe-ky-thuat-dien-dien-tu,A01,Điểm thi THPT,2024,20.85,"Công nghệ Kỹ thuật Điện, điện tử"
1455,BVS,cong-nghe-ky-thuat-dien-dien-tu,A00,Điểm thi THPT,2025,20.0,"Công nghệ kỹ thuật điện, điện tử"
1456,BVS,cong-nghe-ky-thuat-dien-dien-tu,A01,Điểm thi THPT,2025,20.0,"Công nghệ kỹ thuật điện, điện tử"
1457,BVS,cong-nghe-ky-thuat-dien-dien-tu,X06,Điểm thi THPT,2025,20.0,"Công nghệ kỹ thuật điện, điện tử"
1458,BVS,cong-nghe-ky-thuat-dien-dien-tu,X26,Điểm thi THPT,2025,20.0,"Công nghệ kỹ thuật điện, điện tử"
1459,BVS,cong-nghe-thong-tin,A00,Điểm thi THPT,2021,25.9,Công nghệ thông tin
1460,BVS,cong-nghe-thong-tin,A01,Điểm thi THPT,2021,25.9,Công nghệ thông tin
1461,BVS,cong-nghe-thong-tin,A00,Điểm thi THPT,2022,25.85,Công nghệ thông tin
1462,BVS,cong-nghe-thong-tin,A01,Điểm thi THPT,2022,25.85,Công nghệ thông tin
1463,BVS,cong-nghe-thong-tin,A00,Điểm học bạ,2023,22.82,Công nghệ thông tin
1464,BVS,cong-nghe-thong-tin,A01,Điểm học bạ,2023,22.82,Công nghệ thông tin
1465,BVS,cong-nghe-thong-tin,A00,Điểm thi THPT,2023,25.1,Công nghệ thông tin
1466,BVS,cong-nghe-thong-tin,A01,Điểm thi THPT,2023,25.1,Công nghệ thông tin
1467,BVS,cong-nghe-thong-tin,A00,Điểm thi THPT,2024,25.17,Công nghệ thông tin
1468,BVS,cong-nghe-thong-tin,A01,Điểm thi THPT,2024,25.17,Công nghệ thông tin
1469,BVS,cong-nghe-thong-tin,A00,Điểm thi THPT,2025,21.5,Công nghệ thông tin
1470,BVS,cong-nghe-thong-tin,A01,Điểm thi THPT,2025,21.5,Công nghệ thông tin
1471,BVS,cong-nghe-thong-tin,X06,Điểm thi THPT,2025,21.5,Công nghệ thông tin
1472,BVS,cong-nghe-thong-tin,X26,Điểm thi THPT,2025,21.5,Công nghệ thông tin
1473,BVS,cong-nghe-thong-tin-chat-luong-cao,A00,Điểm thi THPT,2024,23.25,Công nghệ thông tin chất lượng cao
1474,BVS,cong-nghe-thong-tin-chat-luong-cao,A01,Điểm thi THPT,2024,23.25,Công nghệ thông tin chất lượng cao
1475,BVS,ke-toan,A00,Điểm thi THPT,2021,23.95,Kế toán
1476,BVS,ke-toan,A01,Điểm thi THPT,2021,23.95,Kế toán
1477,BVS,ke-toan,D01,Điểm thi THPT,2021,23.95,Kế toán
1478,BVS,ke-toan,A00,Điểm thi THPT,2022,22.9,Kế toán
1479,BVS,ke-toan,A01,Điểm thi THPT,2022,22.9,Kế toán
1480,BVS,ke-toan,D01,Điểm thi THPT,2022,22.9,Kế toán
1481,BVS,ke-toan,A00,Điểm học bạ,2023,21.67,Kế toán
1482,BVS,ke-toan,A01,Điểm học bạ,2023,21.67,Kế toán
1483,BVS,ke-toan,D01,Điểm học bạ,2023,21.67,Kế toán
1484,BVS,ke-toan,A00,Điểm thi THPT,2023,20.0,Kế toán
1485,BVS,ke-toan,A01,Điểm thi THPT,2023,20.0,Kế toán
1486,BVS,ke-toan,D01,Điểm thi THPT,2023,20.0,Kế toán
1487,BVS,ke-toan,A00,Điểm thi THPT,2024,20.95,Kế toán
1488,BVS,ke-toan,A01,Điểm thi THPT,2024,20.95,Kế toán
1489,BVS,ke-toan,D01,Điểm thi THPT,2024,20.95,Kế toán
1490,BVS,ke-toan,A00,Điểm thi THPT,2025,16.25,Kế toán
1491,BVS,ke-toan,A01,Điểm thi THPT,2025,16.25,Kế toán
1492,BVS,ke-toan,D01,Điểm thi THPT,2025,16.25,Kế toán
1493,BVS,ke-toan,X06,Điểm thi THPT,2025,16.25,Kế toán
1494,BVS,ke-toan,X26,Điểm thi THPT,2025,16.25,Kế toán
1495,BVS,ky-thuat-dien-tu-vien-thong,A00,Điểm thi THPT,2021,22.7,Kỹ thuật Điện tử viễn thông
1496,BVS,ky-thuat-dien-tu-vien-thong,A01,Điểm thi THPT,2021,22.7,Kỹ thuật Điện tử viễn thông
1497,BVS,ky-thuat-dien-tu-vien-thong,A00,Điểm thi THPT,2022,21.0,Kỹ thuật Điện tử viễn thông
1498,BVS,ky-thuat-dien-tu-vien-thong,A01,Điểm thi THPT,2022,21.0,Kỹ thuật Điện tử viễn thông
1499,BVS,ky-thuat-dien-tu-vien-thong,A00,Điểm thi THPT,2023,21.9,Kỹ thuật Điện tử viễn thông
1500,BVS,ky-thuat-dien-tu-vien-thong,A01,Điểm thi THPT,2023,21.9,Kỹ thuật Điện tử viễn thông
1501,BVS,ky-thuat-dien-tu-vien-thong,A00,Điểm thi THPT,2024,23.23,Kỹ thuật Điện tử viễn thông
1502,BVS,ky-thuat-dien-tu-vien-thong,A01,Điểm thi THPT,2024,23.23,Kỹ thuật Điện tử viễn thông
1503,BVS,ky-thuat-dien-tu-vien-thong,A00,Điểm thi THPT,2025,21.0,kỹ thuật điện tử viễn thông
1504,BVS,ky-thuat-dien-tu-vien-thong,A01,Điểm thi THPT,2025,21.0,kỹ thuật điện tử viễn thông
1505,BVS,ky-thuat-dien-tu-vien-thong,X06,Điểm thi THPT,2025,21.0,kỹ thuật điện tử viễn thông
1506,BVS,ky-thuat-dien-tu-vien-thong,X26,Điểm thi THPT,2025,21.0,kỹ thuật điện tử viễn thông
1507,BVS,ky-thuat-dieu-khien-va-tu-dong-hoa,A00,Điểm thi THPT,2021,19.4,Kỹ thuật Điều khiển và tự động hóa
1508,BVS,ky-thuat-dieu-khien-va-tu-dong-hoa,A01,Điểm thi THPT,2021,19.4,Kỹ thuật Điều khiển và tự động hóa
1509,BVS,ky-thuat-dieu-khien-va-tu-dong-hoa,A00,Điểm thi THPT,2022,19.05,Kỹ thuật Điều khiển và tự động hóa
1510,BVS,ky-thuat-dieu-khien-va-tu-dong-hoa,A01,Điểm thi THPT,2022,19.05,Kỹ thuật Điều khiển và tự động hóa
1511,BVS,ky-thuat-dieu-khien-va-tu-dong-hoa,A00,Điểm học bạ,2023,23.11,Kỹ thuật Điều khiển và tự động hóa
1512,BVS,ky-thuat-dieu-khien-va-tu-dong-hoa,A01,Điểm học bạ,2023,23.11,Kỹ thuật Điều khiển và tự động hóa
1513,BVS,ky-thuat-dieu-khien-va-tu-dong-hoa,A00,Điểm thi THPT,2023,18.0,Kỹ thuật Điều khiển và tự động hóa
1514,BVS,ky-thuat-dieu-khien-va-tu-dong-hoa,A01,Điểm thi THPT,2023,18.0,Kỹ thuật Điều khiển và tự động hóa
1515,BVS,ky-thuat-dieu-khien-va-tu-dong-hoa,A00,Điểm thi THPT,2024,19.65,Kỹ thuật Điều khiển và tự động hóa
1516,BVS,ky-thuat-dieu-khien-va-tu-dong-hoa,A01,Điểm thi THPT,2024,19.65,Kỹ thuật Điều khiển và tự động hóa
1517,BVS,ky-thuat-dieu-khien-va-tu-dong-hoa,A00,Điểm thi THPT,2025,19.8,Kỹ thuật điều khiển và tự động hóa
1518,BVS,ky-thuat-dieu-khien-va-tu-dong-hoa,A01,Điểm thi THPT,2025,19.8,Kỹ thuật điều khiển và tự động hóa
1519,BVS,ky-thuat-dieu-khien-va-tu-dong-hoa,X06,Điểm thi THPT,2025,19.8,Kỹ thuật điều khiển và tự động hóa
1520,BVS,ky-thuat-dieu-khien-va-tu-dong-hoa,X26,Điểm thi THPT,2025,19.8,Kỹ thuật điều khiển và tự động hóa
1521,BVS,marketing,A00,Điểm thi THPT,2021,25.65,Marketing
1522,BVS,marketing,A01,Điểm thi THPT,2021,25.65,Marketing
1523,BVS,marketing,D01,Điểm thi THPT,2021,25.65,Marketing
1524,BVS,marketing,A00,Điểm thi THPT,2022,24.85,Marketing
1525,BVS,marketing,A01,Điểm thi THPT,2022,24.85,Marketing
1526,BVS,marketing,D01,Điểm thi THPT,2022,24.85,Marketing
1527,BVS,marketing,A00,Điểm học bạ,2023,23.53,Marketing
1528,BVS,marketing,A01,Điểm học bạ,2023,23.53,Marketing
1529,BVS,marketing,D01,Điểm học bạ,2023,23.53,Marketing
1530,BVS,marketing,A00,Điểm thi THPT,2023,24.1,Marketing
1531,BVS,marketing,A01,Điểm thi THPT,2023,24.1,Marketing
1532,BVS,marketing,D01,Điểm thi THPT,2023,24.1,Marketing
1533,BVS,marketing,A00,Điểm thi THPT,2024,24.24,Marketing
1534,BVS,marketing,A01,Điểm thi THPT,2024,24.24,Marketing
1535,BVS,marketing,D01,Điểm thi THPT,2024,24.24,Marketing
1536,BVS,marketing,A00,Điểm thi THPT,2025,18.75,Marketing
1537,BVS,marketing,A01,Điểm thi THPT,2025,18.75,Marketing
1538,BVS,marketing,D01,Điểm thi THPT,2025,18.75,Marketing
1539,BVS,marketing,X06,Điểm thi THPT,2025,18.75,Marketing
1540,BVS,marketing,X26,Điểm thi THPT,2025,18.75,Marketing
1541,BVS,marketing-chat-luong-cao,A00,Điểm thi THPT,2024,18.0,Marketing chất lượng cao
1542,BVS,marketing-chat-luong-cao,A01,Điểm thi THPT,2024,18.0,Marketing chất lượng cao
1543,BVS,marketing-chat-luong-cao,D01,Điểm thi THPT,2024,18.0,Marketing chất lượng cao
1544,BVS,quan-tri-kinh-doanh,A00,Điểm thi THPT,2021,25.0,Quản trị kinh doanh
1545,BVS,quan-tri-kinh-doanh,A01,Điểm thi THPT,2021,25.0,Quản trị kinh doanh
1546,BVS,quan-tri-kinh-doanh,D01,Điểm thi THPT,2021,25.0,Quản trị kinh doanh
1547,BVS,quan-tri-kinh-doanh,A00,Điểm thi THPT,2022,21.7,Quản trị kinh doanh
1548,BVS,quan-tri-kinh-doanh,A01,Điểm thi THPT,2022,21.7,Quản trị kinh doanh
1549,BVS,quan-tri-kinh-doanh,D01,Điểm thi THPT,2022,21.7,Quản trị kinh doanh
1550,BVS,quan-tri-kinh-doanh,A00,Điểm thi THPT,2023,22.8,Quản trị kinh doanh
1551,BVS,quan-tri-kinh-doanh,A01,Điểm thi THPT,2023,22.8,Quản trị kinh doanh
1552,BVS,quan-tri-kinh-doanh,D01,Điểm thi THPT,2023,22.8,Quản trị kinh doanh
1553,BVS,quan-tri-kinh-doanh,A00,Điểm thi THPT,2024,18.4,Quản trị kinh doanh
1554,BVS,quan-tri-kinh-doanh,A01,Điểm thi THPT,2024,18.4,Quản trị kinh doanh
1555,BVS,quan-tri-kinh-doanh,D01,Điểm thi THPT,2024,18.4,Quản trị kinh doanh
1556,BVS,quan-tri-kinh-doanh,A00,Điểm thi THPT,2025,17.2,Quản trị kinh doanh
1557,BVS,quan-tri-kinh-doanh,A01,Điểm thi THPT,2025,17.2,Quản trị kinh doanh
1558,BVS,quan-tri-kinh-doanh,D01,Điểm thi THPT,2025,17.2,Quản trị kinh doanh
1559,BVS,quan-tri-kinh-doanh,X06,Điểm thi THPT,2025,17.2,Quản trị kinh doanh
1560,BVS,quan-tri-kinh-doanh,X26,Điểm thi THPT,2025,17.2,Quản trị kinh doanh
1561,BVS,truyen-thong-da-phuong-tien,A00,Điểm thi THPT,2025,24.0,Truyền thông đa phương tiện
1562,BVS,truyen-thong-da-phuong-tien,A01,Điểm thi THPT,2025,24.0,Truyền thông đa phương tiện
1563,BVS,truyen-thong-da-phuong-tien,D01,Điểm thi THPT,2025,24.0,Truyền thông đa phương tiện
1564,BVS,truyen-thong-da-phuong-tien,X06,Điểm thi THPT,2025,24.0,Truyền thông đa phương tiện
1565,BVS,truyen-thong-da-phuong-tien,X26,Điểm thi THPT,2025,24.0,Truyền thông đa phương tiện
1566,BVU,bat-dong-san,A00,Điểm học bạ,2021,18.0,Bất động sản
1567,BVU,bat-dong-san,C01,Điểm học bạ,2021,18.0,Bất động sản
1568,BVU,bat-dong-san,C04,Điểm học bạ,2021,18.0,Bất động sản
1569,BVU,bat-dong-san,D01,Điểm học bạ,2021,18.0,Bất động sản
1570,BVU,bat-dong-san,A00,Điểm thi THPT,2021,15.0,Bất động sản
1571,BVU,bat-dong-san,C01,Điểm thi THPT,2021,15.0,Bất động sản
1572,BVU,bat-dong-san,C04,Điểm thi THPT,2021,15.0,Bất động sản
1573,BVU,bat-dong-san,D01,Điểm thi THPT,2021,15.0,Bất động sản
1574,BVU,cong-nghe-ky-thuat-co-khi,A00,Điểm học bạ,2021,18.0,Công nghệ kỹ thuật cơ khí
1575,BVU,cong-nghe-ky-thuat-co-khi,A03,Điểm học bạ,2021,18.0,Công nghệ kỹ thuật cơ khí
1576,BVU,cong-nghe-ky-thuat-co-khi,A04,Điểm học bạ,2021,18.0,Công nghệ kỹ thuật cơ khí
1577,BVU,cong-nghe-ky-thuat-co-khi,D01,Điểm học bạ,2021,18.0,Công nghệ kỹ thuật cơ khí
1578,BVU,cong-nghe-ky-thuat-co-khi,A00,Điểm thi THPT,2021,15.0,Công nghệ kỹ thuật cơ khí
1579,BVU,cong-nghe-ky-thuat-co-khi,A01,Điểm thi THPT,2021,15.0,Công nghệ kỹ thuật cơ khí
1580,BVU,cong-nghe-ky-thuat-co-khi,A02,Điểm thi THPT,2021,15.0,Công nghệ kỹ thuật cơ khí
1581,BVU,cong-nghe-ky-thuat-co-khi,D01,Điểm thi THPT,2021,15.0,Công nghệ kỹ thuật cơ khí
1582,BVU,cong-nghe-ky-thuat-co-khi,A00,Điểm học bạ,2022,18.0,Công nghệ kỹ thuật cơ khí
1583,BVU,cong-nghe-ky-thuat-co-khi,A01,Điểm học bạ,2022,18.0,Công nghệ kỹ thuật cơ khí
1584,BVU,cong-nghe-ky-thuat-co-khi,C01,Điểm học bạ,2022,18.0,Công nghệ kỹ thuật cơ khí
1585,BVU,cong-nghe-ky-thuat-co-khi,D01,Điểm học bạ,2022,18.0,Công nghệ kỹ thuật cơ khí
1586,BVU,cong-nghe-ky-thuat-co-khi,A00,Điểm thi THPT,2022,15.0,Công nghệ kỹ thuật cơ khí
1587,BVU,cong-nghe-ky-thuat-co-khi,A01,Điểm thi THPT,2022,15.0,Công nghệ kỹ thuật cơ khí
1588,BVU,cong-nghe-ky-thuat-co-khi,C01,Điểm thi THPT,2022,15.0,Công nghệ kỹ thuật cơ khí
1589,BVU,cong-nghe-ky-thuat-co-khi,D01,Điểm thi THPT,2022,15.0,Công nghệ kỹ thuật cơ khí
1590,BVU,cong-nghe-ky-thuat-co-khi,A00,Điểm học bạ,2023,18.0,Công nghệ kỹ thuật cơ khí
1591,BVU,cong-nghe-ky-thuat-co-khi,A01,Điểm học bạ,2023,18.0,Công nghệ kỹ thuật cơ khí
1592,BVU,cong-nghe-ky-thuat-co-khi,C01,Điểm học bạ,2023,18.0,Công nghệ kỹ thuật cơ khí
1593,BVU,cong-nghe-ky-thuat-co-khi,D01,Điểm học bạ,2023,18.0,Công nghệ kỹ thuật cơ khí
1594,BVU,cong-nghe-ky-thuat-co-khi,A00,Điểm thi THPT,2023,15.0,Công nghệ kỹ thuật cơ khí
1595,BVU,cong-nghe-ky-thuat-co-khi,A01,Điểm thi THPT,2023,15.0,Công nghệ kỹ thuật cơ khí
1596,BVU,cong-nghe-ky-thuat-co-khi,C01,Điểm thi THPT,2023,15.0,Công nghệ kỹ thuật cơ khí
1597,BVU,cong-nghe-ky-thuat-co-khi,D01,Điểm thi THPT,2023,15.0,Công nghệ kỹ thuật cơ khí
1598,BVU,cong-nghe-ky-thuat-co-khi,A00,Điểm học bạ,2024,18.0,Công nghệ kỹ thuật cơ khí
1599,BVU,cong-nghe-ky-thuat-co-khi,A01,Điểm học bạ,2024,18.0,Công nghệ kỹ thuật cơ khí
1600,BVU,cong-nghe-ky-thuat-co-khi,C00,Điểm học bạ,2024,18.0,Công nghệ kỹ thuật cơ khí
1601,BVU,cong-nghe-ky-thuat-co-khi,C01,Điểm học bạ,2024,18.0,Công nghệ kỹ thuật cơ khí
1602,BVU,cong-nghe-ky-thuat-co-khi,D01,Điểm học bạ,2024,18.0,Công nghệ kỹ thuật cơ khí
1603,BVU,cong-nghe-ky-thuat-co-khi,A00,Điểm thi THPT,2024,15.0,Công nghệ kỹ thuật cơ khí
1604,BVU,cong-nghe-ky-thuat-co-khi,A01,Điểm thi THPT,2024,15.0,Công nghệ kỹ thuật cơ khí
1605,BVU,cong-nghe-ky-thuat-co-khi,C00,Điểm thi THPT,2024,15.0,Công nghệ kỹ thuật cơ khí
1606,BVU,cong-nghe-ky-thuat-co-khi,C01,Điểm thi THPT,2024,15.0,Công nghệ kỹ thuật cơ khí
1607,BVU,cong-nghe-ky-thuat-co-khi,D01,Điểm thi THPT,2024,15.0,Công nghệ kỹ thuật cơ khí
1608,BVU,cong-nghe-ky-thuat-co-khi,A00,Điểm học bạ,2025,16.0,"Công nghệ kỹ thuật cơ khí (Chương trình chuẩn, ngoại ngữ tiếng Anh)"
1609,BVU,cong-nghe-ky-thuat-co-khi,A01,Điểm học bạ,2025,16.0,"Công nghệ kỹ thuật cơ khí (Chương trình chuẩn, ngoại ngữ tiếng Anh)"
1610,BVU,cong-nghe-ky-thuat-co-khi,C00,Điểm học bạ,2025,16.0,"Công nghệ kỹ thuật cơ khí (Chương trình chuẩn, ngoại ngữ tiếng Nhật)"
1611,BVU,cong-nghe-ky-thuat-co-khi,D01,Điểm học bạ,2025,16.0,"Công nghệ kỹ thuật cơ khí (Chương trình chuẩn, ngoại ngữ tiếng Anh)"
1612,BVU,cong-nghe-ky-thuat-co-khi,X26,Điểm học bạ,2025,16.0,"Công nghệ kỹ thuật cơ khí (Chương trình chuẩn, ngoại ngữ tiếng Anh)"
1613,BVU,cong-nghe-ky-thuat-co-khi,A00,Điểm thi THPT,2025,15.0,"Công nghệ kỹ thuật cơ khí (Chương trình chuẩn, ngoại ngữ tiếng Anh)"
1614,BVU,cong-nghe-ky-thuat-co-khi,A01,Điểm thi THPT,2025,15.0,"Công nghệ kỹ thuật cơ khí (Chương trình chuẩn, ngoại ngữ tiếng Anh)"
1615,BVU,cong-nghe-ky-thuat-co-khi,C00,Điểm thi THPT,2025,15.0,"Công nghệ kỹ thuật cơ khí (Chương trình chuẩn, ngoại ngữ tiếng Nhật)"
1616,BVU,cong-nghe-ky-thuat-co-khi,D01,Điểm thi THPT,2025,15.0,"Công nghệ kỹ thuật cơ khí (Chương trình chuẩn, ngoại ngữ tiếng Anh)"
1617,BVU,cong-nghe-ky-thuat-co-khi,X26,Điểm thi THPT,2025,15.0,"Công nghệ kỹ thuật cơ khí (Chương trình chuẩn, ngoại ngữ tiếng Anh)"
1618,BVU,cong-nghe-ky-thuat-cong-trinh-xay-dung,A00,Điểm học bạ,2021,18.0,Công nghệ kỹ thuật công trình xây dựng
1619,BVU,cong-nghe-ky-thuat-cong-trinh-xay-dung,A01,Điểm học bạ,2021,18.0,Công nghệ kỹ thuật công trình xây dựng
1620,BVU,cong-nghe-ky-thuat-cong-trinh-xay-dung,A04,Điểm học bạ,2021,18.0,Công nghệ kỹ thuật công trình xây dựng
1621,BVU,cong-nghe-ky-thuat-cong-trinh-xay-dung,C01,Điểm học bạ,2021,18.0,Công nghệ kỹ thuật công trình xây dựng
1622,BVU,cong-nghe-ky-thuat-cong-trinh-xay-dung,A00,Điểm thi THPT,2021,15.0,Công nghệ kỹ thuật công trình xây dựng
1623,BVU,cong-nghe-ky-thuat-cong-trinh-xay-dung,A01,Điểm thi THPT,2021,15.0,Công nghệ kỹ thuật công trình xây dựng
1624,BVU,cong-nghe-ky-thuat-cong-trinh-xay-dung,A02,Điểm thi THPT,2021,15.0,Công nghệ kỹ thuật công trình xây dựng
1625,BVU,cong-nghe-ky-thuat-cong-trinh-xay-dung,C01,Điểm thi THPT,2021,15.0,Công nghệ kỹ thuật công trình xây dựng
1626,BVU,cong-nghe-ky-thuat-cong-trinh-xay-dung,A00,Điểm học bạ,2022,18.0,Công nghệ kỹ thuật công trình xây dựng
1627,BVU,cong-nghe-ky-thuat-cong-trinh-xay-dung,A01,Điểm học bạ,2022,18.0,Công nghệ kỹ thuật công trình xây dựng
1628,BVU,cong-nghe-ky-thuat-cong-trinh-xay-dung,C01,Điểm học bạ,2022,18.0,Công nghệ kỹ thuật công trình xây dựng
1629,BVU,cong-nghe-ky-thuat-cong-trinh-xay-dung,D01,Điểm học bạ,2022,18.0,Công nghệ kỹ thuật công trình xây dựng
1630,BVU,cong-nghe-ky-thuat-cong-trinh-xay-dung,A00,Điểm thi THPT,2022,15.0,Công nghệ kỹ thuật công trình xây dựng
1631,BVU,cong-nghe-ky-thuat-cong-trinh-xay-dung,A01,Điểm thi THPT,2022,15.0,Công nghệ kỹ thuật công trình xây dựng
1632,BVU,cong-nghe-ky-thuat-cong-trinh-xay-dung,C01,Điểm thi THPT,2022,15.0,Công nghệ kỹ thuật công trình xây dựng
1633,BVU,cong-nghe-ky-thuat-cong-trinh-xay-dung,D01,Điểm thi THPT,2022,15.0,Công nghệ kỹ thuật công trình xây dựng
1634,BVU,cong-nghe-ky-thuat-cong-trinh-xay-dung,A00,Điểm học bạ,2023,18.0,Công nghệ kỹ thuật công trình xây dựng
1635,BVU,cong-nghe-ky-thuat-cong-trinh-xay-dung,A01,Điểm học bạ,2023,18.0,Công nghệ kỹ thuật công trình xây dựng
1636,BVU,cong-nghe-ky-thuat-cong-trinh-xay-dung,C01,Điểm học bạ,2023,18.0,Công nghệ kỹ thuật công trình xây dựng
1637,BVU,cong-nghe-ky-thuat-cong-trinh-xay-dung,D01,Điểm học bạ,2023,18.0,Công nghệ kỹ thuật công trình xây dựng
1638,BVU,cong-nghe-ky-thuat-cong-trinh-xay-dung,A00,Điểm thi THPT,2023,15.0,Công nghệ kỹ thuật còng trình xây dựng
1639,BVU,cong-nghe-ky-thuat-cong-trinh-xay-dung,A01,Điểm thi THPT,2023,15.0,Công nghệ kỹ thuật còng trình xây dựng
1640,BVU,cong-nghe-ky-thuat-cong-trinh-xay-dung,C01,Điểm thi THPT,2023,15.0,Công nghệ kỹ thuật còng trình xây dựng
1641,BVU,cong-nghe-ky-thuat-cong-trinh-xay-dung,D01,Điểm thi THPT,2023,15.0,Công nghệ kỹ thuật còng trình xây dựng
1642,BVU,cong-nghe-ky-thuat-cong-trinh-xay-dung,A00,Điểm học bạ,2024,18.0,Công nghệ kỹ thuật công trình xây dựng
1643,BVU,cong-nghe-ky-thuat-cong-trinh-xay-dung,A01,Điểm học bạ,2024,18.0,Công nghệ kỹ thuật công trình xây dựng
1644,BVU,cong-nghe-ky-thuat-cong-trinh-xay-dung,C00,Điểm học bạ,2024,18.0,Công nghệ kỹ thuật công trình xây dựng
1645,BVU,cong-nghe-ky-thuat-cong-trinh-xay-dung,C01,Điểm học bạ,2024,18.0,Công nghệ kỹ thuật công trình xây dựng
1646,BVU,cong-nghe-ky-thuat-cong-trinh-xay-dung,D01,Điểm học bạ,2024,18.0,Công nghệ kỹ thuật công trình xây dựng
1647,BVU,cong-nghe-ky-thuat-cong-trinh-xay-dung,A00,Điểm thi THPT,2024,15.0,Công nghệ kỹ thuật công trình xây dựng
1648,BVU,cong-nghe-ky-thuat-cong-trinh-xay-dung,A01,Điểm thi THPT,2024,15.0,Công nghệ kỹ thuật công trình xây dựng
1649,BVU,cong-nghe-ky-thuat-cong-trinh-xay-dung,C00,Điểm thi THPT,2024,15.0,Công nghệ kỹ thuật công trình xây dựng
1650,BVU,cong-nghe-ky-thuat-cong-trinh-xay-dung,C01,Điểm thi THPT,2024,15.0,Công nghệ kỹ thuật công trình xây dựng
1651,BVU,cong-nghe-ky-thuat-cong-trinh-xay-dung,D01,Điểm thi THPT,2024,15.0,Công nghệ kỹ thuật công trình xây dựng
1652,BVU,cong-nghe-ky-thuat-cong-trinh-xay-dung,A00,Điểm học bạ,2025,16.0,"Công nghệ kỹ thuật công trình xây dựng (Chương trình chuẩn, ngoại ngữ tiếng Anh)"
1653,BVU,cong-nghe-ky-thuat-cong-trinh-xay-dung,A01,Điểm học bạ,2025,16.0,"Công nghệ kỹ thuật công trình xây dựng (Chương trình chuẩn, ngoại ngữ tiếng Anh)"
1654,BVU,cong-nghe-ky-thuat-cong-trinh-xay-dung,C00,Điểm học bạ,2025,16.0,"Công nghệ kỹ thuật công trình xây dựng (Chương trình chuẩn, ngoại ngữ tiếng Nhật)"
1655,BVU,cong-nghe-ky-thuat-cong-trinh-xay-dung,D01,Điểm học bạ,2025,16.0,"Công nghệ kỹ thuật công trình xây dựng (Chương trình chuẩn, ngoại ngữ tiếng Anh)"
1656,BVU,cong-nghe-ky-thuat-cong-trinh-xay-dung,X26,Điểm học bạ,2025,16.0,"Công nghệ kỹ thuật công trình xây dựng (Chương trình chuẩn, ngoại ngữ tiếng Anh)"
1657,BVU,cong-nghe-ky-thuat-cong-trinh-xay-dung,A00,Điểm thi THPT,2025,15.0,"Công nghệ kỹ thuật công trình xây dựng (Chương trình chuẩn, ngoại ngữ tiếng Anh)"
1658,BVU,cong-nghe-ky-thuat-cong-trinh-xay-dung,A01,Điểm thi THPT,2025,15.0,"Công nghệ kỹ thuật công trình xây dựng (Chương trình chuẩn, ngoại ngữ tiếng Anh)"
1659,BVU,cong-nghe-ky-thuat-cong-trinh-xay-dung,C00,Điểm thi THPT,2025,15.0,"Công nghệ kỹ thuật công trình xây dựng (Chương trình chuẩn, ngoại ngữ tiếng Nhật)"
1660,BVU,cong-nghe-ky-thuat-cong-trinh-xay-dung,D01,Điểm thi THPT,2025,15.0,"Công nghệ kỹ thuật công trình xây dựng (Chương trình chuẩn, ngoại ngữ tiếng Anh)"
1661,BVU,cong-nghe-ky-thuat-cong-trinh-xay-dung,X26,Điểm thi THPT,2025,15.0,"Công nghệ kỹ thuật công trình xây dựng (Chương trình chuẩn, ngoại ngữ tiếng Anh)"
1662,BVU,cong-nghe-ky-thuat-dien-dien-tu,A00,Điểm học bạ,2021,18.0,Công nghệ kỹ thuật điện; điện tử
1663,BVU,cong-nghe-ky-thuat-dien-dien-tu,A01,Điểm học bạ,2021,18.0,Công nghệ kỹ thuật điện; điện tử
1664,BVU,cong-nghe-ky-thuat-dien-dien-tu,A04,Điểm học bạ,2021,18.0,Công nghệ kỹ thuật điện; điện tử
1665,BVU,cong-nghe-ky-thuat-dien-dien-tu,D01,Điểm học bạ,2021,18.0,Công nghệ kỹ thuật điện; điện tử
1666,BVU,cong-nghe-ky-thuat-dien-dien-tu,A00,Điểm thi THPT,2021,15.0,Công nghệ kỹ thuật điện; điện tử
1667,BVU,cong-nghe-ky-thuat-dien-dien-tu,A01,Điểm thi THPT,2021,15.0,Công nghệ kỹ thuật điện; điện tử
1668,BVU,cong-nghe-ky-thuat-dien-dien-tu,A02,Điểm thi THPT,2021,15.0,Công nghệ kỹ thuật điện; điện tử
1669,BVU,cong-nghe-ky-thuat-dien-dien-tu,D01,Điểm thi THPT,2021,15.0,Công nghệ kỹ thuật điện; điện tử
1670,BVU,cong-nghe-ky-thuat-dien-dien-tu,A00,Điểm học bạ,2022,18.0,"Công nghệ kỹ thuật điện, điện tử"
1671,BVU,cong-nghe-ky-thuat-dien-dien-tu,A01,Điểm học bạ,2022,18.0,"Công nghệ kỹ thuật điện, điện tử"
1672,BVU,cong-nghe-ky-thuat-dien-dien-tu,C01,Điểm học bạ,2022,18.0,"Công nghệ kỹ thuật điện, điện tử"
1673,BVU,cong-nghe-ky-thuat-dien-dien-tu,D01,Điểm học bạ,2022,18.0,"Công nghệ kỹ thuật điện, điện tử"
1674,BVU,cong-nghe-ky-thuat-dien-dien-tu,A00,Điểm thi THPT,2022,15.0,"Công nghệ kỹ thuật điện, điện tử"
1675,BVU,cong-nghe-ky-thuat-dien-dien-tu,A01,Điểm thi THPT,2022,15.0,"Công nghệ kỹ thuật điện, điện tử"
1676,BVU,cong-nghe-ky-thuat-dien-dien-tu,C01,Điểm thi THPT,2022,15.0,"Công nghệ kỹ thuật điện, điện tử"
1677,BVU,cong-nghe-ky-thuat-dien-dien-tu,D01,Điểm thi THPT,2022,15.0,"Công nghệ kỹ thuật điện, điện tử"
1678,BVU,cong-nghe-ky-thuat-dien-dien-tu,A00,Điểm học bạ,2023,18.0,"Công nghệ kỹ thuật điện, điện tử"
1679,BVU,cong-nghe-ky-thuat-dien-dien-tu,A01,Điểm học bạ,2023,18.0,"Công nghệ kỹ thuật điện, điện tử"
1680,BVU,cong-nghe-ky-thuat-dien-dien-tu,C01,Điểm học bạ,2023,18.0,"Công nghệ kỹ thuật điện, điện tử"
1681,BVU,cong-nghe-ky-thuat-dien-dien-tu,D01,Điểm học bạ,2023,18.0,"Công nghệ kỹ thuật điện, điện tử"
1682,BVU,cong-nghe-ky-thuat-dien-dien-tu,A00,Điểm thi THPT,2023,15.0,"Công nghệ kỹ thuật điện, điện tử"
1683,BVU,cong-nghe-ky-thuat-dien-dien-tu,A01,Điểm thi THPT,2023,15.0,"Công nghệ kỹ thuật điện, điện tử"
1684,BVU,cong-nghe-ky-thuat-dien-dien-tu,C01,Điểm thi THPT,2023,15.0,"Công nghệ kỹ thuật điện, điện tử"
1685,BVU,cong-nghe-ky-thuat-dien-dien-tu,D01,Điểm thi THPT,2023,15.0,"Công nghệ kỹ thuật điện, điện tử"
1686,BVU,cong-nghe-ky-thuat-dien-dien-tu,A00,Điểm học bạ,2024,18.0,"Công nghệ kỹ thuật điện, điện tử"
1687,BVU,cong-nghe-ky-thuat-dien-dien-tu,A01,Điểm học bạ,2024,18.0,"Công nghệ kỹ thuật điện, điện tử"
1688,BVU,cong-nghe-ky-thuat-dien-dien-tu,C00,Điểm học bạ,2024,18.0,"Công nghệ kỹ thuật điện, điện tử"
1689,BVU,cong-nghe-ky-thuat-dien-dien-tu,C01,Điểm học bạ,2024,18.0,"Công nghệ kỹ thuật điện, điện tử"
1690,BVU,cong-nghe-ky-thuat-dien-dien-tu,D01,Điểm học bạ,2024,18.0,"Công nghệ kỹ thuật điện, điện tử"
1691,BVU,cong-nghe-ky-thuat-dien-dien-tu,A00,Điểm thi THPT,2024,15.0,"Công nghệ kỹ thuật điện, điện tử"
1692,BVU,cong-nghe-ky-thuat-dien-dien-tu,A01,Điểm thi THPT,2024,15.0,"Công nghệ kỹ thuật điện, điện tử"
1693,BVU,cong-nghe-ky-thuat-dien-dien-tu,C00,Điểm thi THPT,2024,15.0,"Công nghệ kỹ thuật điện, điện tử"
1694,BVU,cong-nghe-ky-thuat-dien-dien-tu,C01,Điểm thi THPT,2024,15.0,"Công nghệ kỹ thuật điện, điện tử"
1695,BVU,cong-nghe-ky-thuat-dien-dien-tu,D01,Điểm thi THPT,2024,15.0,"Công nghệ kỹ thuật điện, điện tử"
1696,BVU,cong-nghe-ky-thuat-dien-dien-tu,A00,Điểm học bạ,2025,16.0,"Công nghệ kỹ thuật điện, điện tử (Chương trình chuẩn, ngoại ngữ tiếng Anh)"
1697,BVU,cong-nghe-ky-thuat-dien-dien-tu,A01,Điểm học bạ,2025,16.0,"Công nghệ kỹ thuật điện, điện tử (Chương trình chuẩn, ngoại ngữ tiếng Anh)"
1698,BVU,cong-nghe-ky-thuat-dien-dien-tu,C00,Điểm học bạ,2025,16.0,"Công nghệ kỹ thuật điện, điện tử (Chương trình chuẩn, ngoại ngữ tiếng Nhật)"
1699,BVU,cong-nghe-ky-thuat-dien-dien-tu,D01,Điểm học bạ,2025,16.0,"Công nghệ kỹ thuật điện, điện tử (Chương trình chuẩn, ngoại ngữ tiếng Anh)"
1700,BVU,cong-nghe-ky-thuat-dien-dien-tu,X26,Điểm học bạ,2025,16.0,"Công nghệ kỹ thuật điện, điện tử (Chương trình chuẩn, ngoại ngữ tiếng Anh)"
1701,BVU,cong-nghe-ky-thuat-dien-dien-tu,A00,Điểm thi THPT,2025,15.0,"Công nghệ kỹ thuật điện, điện tử (Chương trình chuẩn, ngoại ngữ tiếng Anh)"
1702,BVU,cong-nghe-ky-thuat-dien-dien-tu,A01,Điểm thi THPT,2025,15.0,"Công nghệ kỹ thuật điện, điện tử (Chương trình chuẩn, ngoại ngữ tiếng Anh)"
1703,BVU,cong-nghe-ky-thuat-dien-dien-tu,C00,Điểm thi THPT,2025,15.0,"Công nghệ kỹ thuật điện, điện tử (Chương trình chuẩn, ngoại ngữ tiếng Nhật)"
1704,BVU,cong-nghe-ky-thuat-dien-dien-tu,D01,Điểm thi THPT,2025,15.0,"Công nghệ kỹ thuật điện, điện tử (Chương trình chuẩn, ngoại ngữ tiếng Anh)"
1705,BVU,cong-nghe-ky-thuat-dien-dien-tu,X26,Điểm thi THPT,2025,15.0,"Công nghệ kỹ thuật điện, điện tử (Chương trình chuẩn, ngoại ngữ tiếng Anh)"
1706,BVU,cong-nghe-ky-thuat-hoa-hoc,A00,Điểm học bạ,2021,18.0,Công nghệ kỹ thuật hoá học
1707,BVU,cong-nghe-ky-thuat-hoa-hoc,A01,Điểm học bạ,2021,18.0,Công nghệ kỹ thuật hoá học
1708,BVU,cong-nghe-ky-thuat-hoa-hoc,A06,Điểm học bạ,2021,18.0,Công nghệ kỹ thuật hoá học
1709,BVU,cong-nghe-ky-thuat-hoa-hoc,B00,Điểm học bạ,2021,18.0,Công nghệ kỹ thuật hoá học
1710,BVU,cong-nghe-ky-thuat-hoa-hoc,A00,Điểm thi THPT,2021,15.0,Công nghệ kỹ thuật hoá học
1711,BVU,cong-nghe-ky-thuat-hoa-hoc,A01,Điểm thi THPT,2021,15.0,Công nghệ kỹ thuật hoá học
1712,BVU,cong-nghe-ky-thuat-hoa-hoc,B00,Điểm thi THPT,2021,15.0,Công nghệ kỹ thuật hoá học
1713,BVU,cong-nghe-ky-thuat-hoa-hoc,D07,Điểm thi THPT,2021,15.0,Công nghệ kỹ thuật hoá học
1714,BVU,cong-nghe-ky-thuat-hoa-hoc,A00,Điểm học bạ,2022,18.0,Công nghệ kỹ thuật hoá học
1715,BVU,cong-nghe-ky-thuat-hoa-hoc,B00,Điểm học bạ,2022,18.0,Công nghệ kỹ thuật hoá học
1716,BVU,cong-nghe-ky-thuat-hoa-hoc,C02,Điểm học bạ,2022,18.0,Công nghệ kỹ thuật hoá học
1717,BVU,cong-nghe-ky-thuat-hoa-hoc,D07,Điểm học bạ,2022,18.0,Công nghệ kỹ thuật hoá học
1718,BVU,cong-nghe-ky-thuat-hoa-hoc,A00,Điểm thi THPT,2022,15.0,Công nghệ kỹ thuật hoá học
1719,BVU,cong-nghe-ky-thuat-hoa-hoc,B00,Điểm thi THPT,2022,15.0,Công nghệ kỹ thuật hoá học
1720,BVU,cong-nghe-ky-thuat-hoa-hoc,C02,Điểm thi THPT,2022,15.0,Công nghệ kỹ thuật hoá học
1721,BVU,cong-nghe-ky-thuat-hoa-hoc,D07,Điểm thi THPT,2022,15.0,Công nghệ kỹ thuật hoá học
1722,BVU,cong-nghe-ky-thuat-hoa-hoc,A00,Điểm học bạ,2023,18.0,Công nghệ kỹ thuật hoá học
1723,BVU,cong-nghe-ky-thuat-hoa-hoc,B00,Điểm học bạ,2023,18.0,Công nghệ kỹ thuật hoá học
1724,BVU,cong-nghe-ky-thuat-hoa-hoc,C02,Điểm học bạ,2023,18.0,Công nghệ kỹ thuật hoá học
1725,BVU,cong-nghe-ky-thuat-hoa-hoc,D07,Điểm học bạ,2023,18.0,Công nghệ kỹ thuật hoá học
1726,BVU,cong-nghe-ky-thuat-hoa-hoc,A00,Điểm thi THPT,2023,15.0,Công nghệ kỹ thuật hóa học
1727,BVU,cong-nghe-ky-thuat-hoa-hoc,B00,Điểm thi THPT,2023,15.0,Công nghệ kỹ thuật hóa học
1728,BVU,cong-nghe-ky-thuat-hoa-hoc,C02,Điểm thi THPT,2023,15.0,Công nghệ kỹ thuật hóa học
1729,BVU,cong-nghe-ky-thuat-hoa-hoc,D07,Điểm thi THPT,2023,15.0,Công nghệ kỹ thuật hóa học
1730,BVU,cong-nghe-ky-thuat-o-to,A00,Điểm học bạ,2021,18.0,Công nghệ kỹ thuật ô tô
1731,BVU,cong-nghe-ky-thuat-o-to,A03,Điểm học bạ,2021,18.0,Công nghệ kỹ thuật ô tô
1732,BVU,cong-nghe-ky-thuat-o-to,A04,Điểm học bạ,2021,18.0,Công nghệ kỹ thuật ô tô
1733,BVU,cong-nghe-ky-thuat-o-to,D01,Điểm học bạ,2021,18.0,Công nghệ kỹ thuật ô tô
1734,BVU,cong-nghe-ky-thuat-o-to,A00,Điểm thi THPT,2021,15.0,Công nghệ kỹ thuật ô tô
1735,BVU,cong-nghe-ky-thuat-o-to,A01,Điểm thi THPT,2021,15.0,Công nghệ kỹ thuật ô tô
1736,BVU,cong-nghe-ky-thuat-o-to,A02,Điểm thi THPT,2021,15.0,Công nghệ kỹ thuật ô tô
1737,BVU,cong-nghe-ky-thuat-o-to,D01,Điểm thi THPT,2021,15.0,Công nghệ kỹ thuật ô tô
1738,BVU,cong-nghe-ky-thuat-o-to,A00,Điểm học bạ,2022,18.0,Công nghệ kỹ thuật ô tô
1739,BVU,cong-nghe-ky-thuat-o-to,A01,Điểm học bạ,2022,18.0,Công nghệ kỹ thuật ô tô
1740,BVU,cong-nghe-ky-thuat-o-to,C01,Điểm học bạ,2022,18.0,Công nghệ kỹ thuật ô tô
1741,BVU,cong-nghe-ky-thuat-o-to,D01,Điểm học bạ,2022,18.0,Công nghệ kỹ thuật ô tô
1742,BVU,cong-nghe-ky-thuat-o-to,A00,Điểm thi THPT,2022,15.0,Công nghệ kỹ thuật ô tô
1743,BVU,cong-nghe-ky-thuat-o-to,A01,Điểm thi THPT,2022,15.0,Công nghệ kỹ thuật ô tô
1744,BVU,cong-nghe-ky-thuat-o-to,C01,Điểm thi THPT,2022,15.0,Công nghệ kỹ thuật ô tô
1745,BVU,cong-nghe-ky-thuat-o-to,D01,Điểm thi THPT,2022,15.0,Công nghệ kỹ thuật ô tô
1746,BVU,cong-nghe-ky-thuat-o-to,A00,Điểm học bạ,2023,18.0,Công nghệ kỹ thuật ô tô
1747,BVU,cong-nghe-ky-thuat-o-to,A01,Điểm học bạ,2023,18.0,Công nghệ kỹ thuật ô tô
1748,BVU,cong-nghe-ky-thuat-o-to,C01,Điểm học bạ,2023,18.0,Công nghệ kỹ thuật ô tô
1749,BVU,cong-nghe-ky-thuat-o-to,D01,Điểm học bạ,2023,18.0,Công nghệ kỹ thuật ô tô
1750,BVU,cong-nghe-ky-thuat-o-to,A00,Điểm thi THPT,2023,15.0,Công nghệ kỹ thuật ô tô
1751,BVU,cong-nghe-ky-thuat-o-to,A01,Điểm thi THPT,2023,15.0,Công nghệ kỹ thuật ô tô
1752,BVU,cong-nghe-ky-thuat-o-to,C01,Điểm thi THPT,2023,15.0,Công nghệ kỹ thuật ô tô
1753,BVU,cong-nghe-ky-thuat-o-to,D01,Điểm thi THPT,2023,15.0,Công nghệ kỹ thuật ô tô
1754,BVU,cong-nghe-ky-thuat-o-to,A00,Điểm học bạ,2024,18.0,Công nghệ kỹ thuật ô tô
1755,BVU,cong-nghe-ky-thuat-o-to,A01,Điểm học bạ,2024,18.0,Công nghệ kỹ thuật ô tô
1756,BVU,cong-nghe-ky-thuat-o-to,C00,Điểm học bạ,2024,18.0,Công nghệ kỹ thuật ô tô
1757,BVU,cong-nghe-ky-thuat-o-to,C01,Điểm học bạ,2024,18.0,Công nghệ kỹ thuật ô tô
1758,BVU,cong-nghe-ky-thuat-o-to,D01,Điểm học bạ,2024,18.0,Công nghệ kỹ thuật ô tô
1759,BVU,cong-nghe-ky-thuat-o-to,A00,Điểm thi THPT,2024,15.0,Công nghệ kỹ thuật ô tô
1760,BVU,cong-nghe-ky-thuat-o-to,A01,Điểm thi THPT,2024,15.0,Công nghệ kỹ thuật ô tô
1761,BVU,cong-nghe-ky-thuat-o-to,C00,Điểm thi THPT,2024,15.0,Công nghệ kỹ thuật ô tô
1762,BVU,cong-nghe-ky-thuat-o-to,C01,Điểm thi THPT,2024,15.0,Công nghệ kỹ thuật ô tô
1763,BVU,cong-nghe-ky-thuat-o-to,D01,Điểm thi THPT,2024,15.0,Công nghệ kỹ thuật ô tô
1764,BVU,cong-nghe-ky-thuat-o-to,A00,Điểm học bạ,2025,16.0,"Công nghệ kỹ thuật ô tô (Chương trình chuẩn, ngoại ngữ tiếng Anh)"
1765,BVU,cong-nghe-ky-thuat-o-to,A01,Điểm học bạ,2025,16.0,"Công nghệ kỹ thuật ô tô (Chương trình chuẩn, ngoại ngữ tiếng Anh)"
1766,BVU,cong-nghe-ky-thuat-o-to,C00,Điểm học bạ,2025,16.0,"Công nghệ kỹ thuật ô tô (Chương trình chuẩn, ngoại ngữ tiếng Nhật)"
1767,BVU,cong-nghe-ky-thuat-o-to,D01,Điểm học bạ,2025,16.0,"Công nghệ kỹ thuật ô tô (Chương trình chuẩn, ngoại ngữ tiếng Anh)"
1768,BVU,cong-nghe-ky-thuat-o-to,X26,Điểm học bạ,2025,16.0,"Công nghệ kỹ thuật ô tô (Chương trình chuẩn, ngoại ngữ tiếng Anh)"
1769,BVU,cong-nghe-ky-thuat-o-to,A00,Điểm thi THPT,2025,15.0,"Công nghệ kỹ thuật ô tô (Chương trình chuẩn, ngoại ngữ tiếng Anh)"
1770,BVU,cong-nghe-ky-thuat-o-to,A01,Điểm thi THPT,2025,15.0,"Công nghệ kỹ thuật ô tô (Chương trình chuẩn, ngoại ngữ tiếng Anh)"
1771,BVU,cong-nghe-ky-thuat-o-to,C00,Điểm thi THPT,2025,15.0,"Công nghệ kỹ thuật ô tô (Chương trình chuẩn, ngoại ngữ tiếng Nhật)"
1772,BVU,cong-nghe-ky-thuat-o-to,D01,Điểm thi THPT,2025,15.0,"Công nghệ kỹ thuật ô tô (Chương trình chuẩn, ngoại ngữ tiếng Anh)"
1773,BVU,cong-nghe-ky-thuat-o-to,X26,Điểm thi THPT,2025,15.0,"Công nghệ kỹ thuật ô tô (Chương trình chuẩn, ngoại ngữ tiếng Anh)"
1774,BVU,cong-nghe-thong-tin,A00,Điểm học bạ,2021,18.0,Công nghệ thông tin
1775,BVU,cong-nghe-thong-tin,A01,Điểm học bạ,2021,18.0,Công nghệ thông tin
1776,BVU,cong-nghe-thong-tin,A04,Điểm học bạ,2021,18.0,Công nghệ thông tin
1777,BVU,cong-nghe-thong-tin,A10,Điểm học bạ,2021,18.0,Công nghệ thông tin
1778,BVU,cong-nghe-thong-tin,A00,Điểm thi THPT,2021,15.0,Công nghệ thông tin
1779,BVU,cong-nghe-thong-tin,A01,Điểm thi THPT,2021,15.0,Công nghệ thông tin
1780,BVU,cong-nghe-thong-tin,A02,Điểm thi THPT,2021,15.0,Công nghệ thông tin
1781,BVU,cong-nghe-thong-tin,D01,Điểm thi THPT,2021,15.0,Công nghệ thông tin
1782,BVU,cong-nghe-thong-tin,A00,Điểm học bạ,2022,18.0,Công nghệ thông tin
1783,BVU,cong-nghe-thong-tin,A01,Điểm học bạ,2022,18.0,Công nghệ thông tin
1784,BVU,cong-nghe-thong-tin,C01,Điểm học bạ,2022,18.0,Công nghệ thông tin
1785,BVU,cong-nghe-thong-tin,D01,Điểm học bạ,2022,18.0,Công nghệ thông tin
1786,BVU,cong-nghe-thong-tin,A00,Điểm thi THPT,2022,15.0,Công nghệ thông tin
1787,BVU,cong-nghe-thong-tin,A01,Điểm thi THPT,2022,15.0,Công nghệ thông tin
1788,BVU,cong-nghe-thong-tin,C01,Điểm thi THPT,2022,15.0,Công nghệ thông tin
1789,BVU,cong-nghe-thong-tin,D01,Điểm thi THPT,2022,15.0,Công nghệ thông tin
1790,BVU,cong-nghe-thong-tin,A00,Điểm học bạ,2023,18.0,Công nghệ thông tin
1791,BVU,cong-nghe-thong-tin,A01,Điểm học bạ,2023,18.0,Công nghệ thông tin
1792,BVU,cong-nghe-thong-tin,C01,Điểm học bạ,2023,18.0,Công nghệ thông tin
1793,BVU,cong-nghe-thong-tin,D01,Điểm học bạ,2023,18.0,Công nghệ thông tin
1794,BVU,cong-nghe-thong-tin,A00,Điểm thi THPT,2023,15.0,Công nghệ thông tin
1795,BVU,cong-nghe-thong-tin,A01,Điểm thi THPT,2023,15.0,Công nghệ thông tin
1796,BVU,cong-nghe-thong-tin,C01,Điểm thi THPT,2023,15.0,Công nghệ thông tin
1797,BVU,cong-nghe-thong-tin,D01,Điểm thi THPT,2023,15.0,Công nghệ thông tin
1798,BVU,cong-nghe-thong-tin,A00,Điểm học bạ,2024,18.0,Công nghệ thông tin
1799,BVU,cong-nghe-thong-tin,A01,Điểm học bạ,2024,18.0,Công nghệ thông tin
1800,BVU,cong-nghe-thong-tin,C00,Điểm học bạ,2024,18.0,Công nghệ thông tin
1801,BVU,cong-nghe-thong-tin,C01,Điểm học bạ,2024,18.0,Công nghệ thông tin
1802,BVU,cong-nghe-thong-tin,D01,Điểm học bạ,2024,18.0,Công nghệ thông tin
1803,BVU,cong-nghe-thong-tin,A00,Điểm thi THPT,2024,15.0,Công nghệ thông tin
1804,BVU,cong-nghe-thong-tin,A01,Điểm thi THPT,2024,15.0,Công nghệ thông tin
1805,BVU,cong-nghe-thong-tin,C00,Điểm thi THPT,2024,15.0,Công nghệ thông tin
1806,BVU,cong-nghe-thong-tin,C01,Điểm thi THPT,2024,15.0,Công nghệ thông tin
1807,BVU,cong-nghe-thong-tin,D01,Điểm thi THPT,2024,15.0,Công nghệ thông tin
1808,BVU,cong-nghe-thong-tin,A00,Điểm học bạ,2025,16.0,Công nghệ thông tin
1809,BVU,cong-nghe-thong-tin,A01,Điểm học bạ,2025,16.0,Công nghệ thông tin
1810,BVU,cong-nghe-thong-tin,D01,Điểm học bạ,2025,16.0,Công nghệ thông tin
1811,BVU,cong-nghe-thong-tin,X26,Điểm học bạ,2025,16.0,Công nghệ thông tin
1812,BVU,cong-nghe-thong-tin,A00,Điểm thi THPT,2025,15.0,Công nghệ thông tin
1813,BVU,cong-nghe-thong-tin,A01,Điểm thi THPT,2025,15.0,Công nghệ thông tin
1814,BVU,cong-nghe-thong-tin,D01,Điểm thi THPT,2025,15.0,Công nghệ thông tin
1815,BVU,cong-nghe-thong-tin,X26,Điểm thi THPT,2025,15.0,Công nghệ thông tin
1816,BVU,cong-nghe-thuc-pham,A00,Điểm học bạ,2021,18.0,Công nghệ thực phẩm
1817,BVU,cong-nghe-thuc-pham,B00,Điểm học bạ,2021,18.0,Công nghệ thực phẩm
1818,BVU,cong-nghe-thuc-pham,B02,Điểm học bạ,2021,18.0,Công nghệ thực phẩm
1819,BVU,cong-nghe-thuc-pham,C08,Điểm học bạ,2021,18.0,Công nghệ thực phẩm
1820,BVU,cong-nghe-thuc-pham,A00,Điểm thi THPT,2021,15.0,Công nghệ thực phẩm
1821,BVU,cong-nghe-thuc-pham,B00,Điểm thi THPT,2021,15.0,Công nghệ thực phẩm
1822,BVU,cong-nghe-thuc-pham,B03,Điểm thi THPT,2021,15.0,Công nghệ thực phẩm
1823,BVU,cong-nghe-thuc-pham,C08,Điểm thi THPT,2021,15.0,Công nghệ thực phẩm
1824,BVU,cong-nghe-thuc-pham,A00,Điểm học bạ,2022,18.0,Công nghệ thực phẩm
1825,BVU,cong-nghe-thuc-pham,B00,Điểm học bạ,2022,18.0,Công nghệ thực phẩm
1826,BVU,cong-nghe-thuc-pham,B03,Điểm học bạ,2022,18.0,Công nghệ thực phẩm
1827,BVU,cong-nghe-thuc-pham,B08,Điểm học bạ,2022,18.0,Công nghệ thực phẩm
1828,BVU,cong-nghe-thuc-pham,A00,Điểm thi THPT,2022,15.0,Công nghệ thực phẩm
1829,BVU,cong-nghe-thuc-pham,B00,Điểm thi THPT,2022,15.0,Công nghệ thực phẩm
1830,BVU,cong-nghe-thuc-pham,B03,Điểm thi THPT,2022,15.0,Công nghệ thực phẩm
1831,BVU,cong-nghe-thuc-pham,B08,Điểm thi THPT,2022,15.0,Công nghệ thực phẩm
1832,BVU,dieu-duong,B00,Điểm học bạ,2021,19.5,Điều dưỡng
1833,BVU,dieu-duong,B02,Điểm học bạ,2021,19.5,Điều dưỡng
1834,BVU,dieu-duong,B08,Điểm học bạ,2021,19.5,Điều dưỡng
1835,BVU,dieu-duong,C08,Điểm học bạ,2021,19.5,Điều dưỡng
1836,BVU,dieu-duong,A00,Điểm thi THPT,2021,19.0,Điều dưỡng
1837,BVU,dieu-duong,B00,Điểm thi THPT,2021,19.0,Điều dưỡng
1838,BVU,dieu-duong,B08,Điểm thi THPT,2021,19.0,Điều dưỡng
1839,BVU,dieu-duong,C08,Điểm thi THPT,2021,19.0,Điều dưỡng
1840,BVU,dieu-duong,A02,Điểm học bạ,2022,19.5,Điều dưỡng
1841,BVU,dieu-duong,B00,Điểm học bạ,2022,19.5,Điều dưỡng
1842,BVU,dieu-duong,B03,Điểm học bạ,2022,19.5,Điều dưỡng
1843,BVU,dieu-duong,C08,Điểm học bạ,2022,19.5,Điều dưỡng
1844,BVU,dieu-duong,A02,Điểm thi THPT,2022,19.0,Điều dưỡng
1845,BVU,dieu-duong,B00,Điểm thi THPT,2022,19.0,Điều dưỡng
1846,BVU,dieu-duong,B03,Điểm thi THPT,2022,19.0,Điều dưỡng
1847,BVU,dieu-duong,C08,Điểm thi THPT,2022,19.0,Điều dưỡng
1848,BVU,dieu-duong,A02,Điểm học bạ,2023,19.5,Điều dưỡng
1849,BVU,dieu-duong,B00,Điểm học bạ,2023,19.5,Điều dưỡng
1850,BVU,dieu-duong,B03,Điểm học bạ,2023,19.5,Điều dưỡng
1851,BVU,dieu-duong,C08,Điểm học bạ,2023,19.5,Điều dưỡng
1852,BVU,dieu-duong,A02,Điểm thi THPT,2023,19.0,Điều dưỡng
1853,BVU,dieu-duong,B00,Điểm thi THPT,2023,19.0,Điều dưỡng
1854,BVU,dieu-duong,B03,Điểm thi THPT,2023,19.0,Điều dưỡng
1855,BVU,dieu-duong,C08,Điểm thi THPT,2023,19.0,Điều dưỡng
1856,BVU,dieu-duong,A00,Điểm học bạ,2024,19.5,Điều dưỡng
1857,BVU,dieu-duong,B00,Điểm học bạ,2024,19.5,Điều dưỡng
1858,BVU,dieu-duong,B08,Điểm học bạ,2024,19.5,Điều dưỡng
1859,BVU,dieu-duong,C08,Điểm học bạ,2024,19.5,Điều dưỡng
1860,BVU,dieu-duong,A00,Điểm thi THPT,2024,19.0,Điều dưỡng
1861,BVU,dieu-duong,B00,Điểm thi THPT,2024,19.0,Điều dưỡng
1862,BVU,dieu-duong,B08,Điểm thi THPT,2024,19.0,Điều dưỡng
1863,BVU,dieu-duong,C08,Điểm thi THPT,2024,19.0,Điều dưỡng
1864,BVU,dieu-duong,A00,Điểm học bạ,2025,18.0,Điều dưỡng
1865,BVU,dieu-duong,B00,Điểm học bạ,2025,18.0,Điều dưỡng
1866,BVU,dieu-duong,B08,Điểm học bạ,2025,18.0,Điều dưỡng
1867,BVU,dieu-duong,D07,Điểm học bạ,2025,18.0,Điều dưỡng
1868,BVU,dieu-duong,A00,Điểm thi THPT,2025,17.0,Điều dưỡng
1869,BVU,dieu-duong,B00,Điểm thi THPT,2025,17.0,Điều dưỡng
1870,BVU,dieu-duong,B08,Điểm thi THPT,2025,17.0,Điều dưỡng
1871,BVU,dieu-duong,D07,Điểm thi THPT,2025,17.0,Điều dưỡng
1872,BVU,dong-phuong-hoc,C00,Điểm học bạ,2021,18.0,Đông phương học
1873,BVU,dong-phuong-hoc,C19,Điểm học bạ,2021,18.0,Đông phương học
1874,BVU,dong-phuong-hoc,C20,Điểm học bạ,2021,18.0,Đông phương học
1875,BVU,dong-phuong-hoc,D01,Điểm học bạ,2021,18.0,Đông phương học
1876,BVU,dong-phuong-hoc,C00,Điểm thi THPT,2021,15.0,Đông phương học
1877,BVU,dong-phuong-hoc,C19,Điểm thi THPT,2021,15.0,Đông phương học
1878,BVU,dong-phuong-hoc,C20,Điểm thi THPT,2021,15.0,Đông phương học
1879,BVU,dong-phuong-hoc,D01,Điểm thi THPT,2021,15.0,Đông phương học
1880,BVU,dong-phuong-hoc,C00,Điểm học bạ,2022,18.0,Đông phương học
1881,BVU,dong-phuong-hoc,C19,Điểm học bạ,2022,18.0,Đông phương học
1882,BVU,dong-phuong-hoc,C20,Điểm học bạ,2022,18.0,Đông phương học
1883,BVU,dong-phuong-hoc,D01,Điểm học bạ,2022,18.0,Đông phương học
1884,BVU,dong-phuong-hoc,C00,Điểm thi THPT,2022,15.0,Đông phương học
1885,BVU,dong-phuong-hoc,C19,Điểm thi THPT,2022,15.0,Đông phương học
1886,BVU,dong-phuong-hoc,C20,Điểm thi THPT,2022,15.0,Đông phương học
1887,BVU,dong-phuong-hoc,D01,Điểm thi THPT,2022,15.0,Đông phương học
1888,BVU,dong-phuong-hoc,C00,Điểm học bạ,2023,18.0,Đông phương học
1889,BVU,dong-phuong-hoc,C19,Điểm học bạ,2023,18.0,Đông phương học
1890,BVU,dong-phuong-hoc,C20,Điểm học bạ,2023,18.0,Đông phương học
1891,BVU,dong-phuong-hoc,D01,Điểm học bạ,2023,18.0,Đông phương học
1892,BVU,dong-phuong-hoc,C00,Điểm thi THPT,2023,15.0,Đông phương học
1893,BVU,dong-phuong-hoc,C19,Điểm thi THPT,2023,15.0,Đông phương học
1894,BVU,dong-phuong-hoc,C20,Điểm thi THPT,2023,15.0,Đông phương học
1895,BVU,dong-phuong-hoc,D01,Điểm thi THPT,2023,15.0,Đông phương học
1896,BVU,dong-phuong-hoc,A01,Điểm học bạ,2024,18.0,Ngôn ngữ và văn hóa Hàn Quốc (ngành Đông phương học)
1897,BVU,dong-phuong-hoc,C00,Điểm học bạ,2024,18.0,Ngôn ngữ và văn hóa Hàn Quốc (ngành Đông phương học)
1898,BVU,dong-phuong-hoc,C19,Điểm học bạ,2024,18.0,Ngôn ngữ và văn hóa Nhật Bản (ngành Đông phương học)
1899,BVU,dong-phuong-hoc,D01,Điểm học bạ,2024,18.0,Ngôn ngữ và văn hóa Hàn Quốc (ngành Đông phương học)
1900,BVU,dong-phuong-hoc,D06,Điểm học bạ,2024,18.0,Ngôn ngữ và văn hóa Nhật Bản (ngành Đông phương học)
1901,BVU,dong-phuong-hoc,D14,Điểm học bạ,2024,18.0,Ngôn ngữ và văn hóa Hàn Quốc (ngành Đông phương học)
1902,BVU,dong-phuong-hoc,D15,Điểm học bạ,2024,18.0,Đông phương học (Ngôn ngữ và văn hóa Nhật Bản)
1903,BVU,dong-phuong-hoc,D66,Điểm học bạ,2024,18.0,Đông phương học (Ngôn ngữ và văn hóa Nhật Bản)
1904,BVU,dong-phuong-hoc,A01,Điểm thi THPT,2024,15.0,Ngôn ngữ và văn hóa Hàn Quốc (ngành Đông phương học)
1905,BVU,dong-phuong-hoc,C00,Điểm thi THPT,2024,15.0,Ngôn ngữ và văn hóa Hàn Quốc (ngành Đông phương học)
1906,BVU,dong-phuong-hoc,C19,Điểm thi THPT,2024,15.0,Ngôn ngữ và văn hóa Nhật Bản (ngành Đông phương học)
1907,BVU,dong-phuong-hoc,D01,Điểm thi THPT,2024,15.0,Ngôn ngữ và văn hóa Hàn Quốc (ngành Đông phương học)
1908,BVU,dong-phuong-hoc,D06,Điểm thi THPT,2024,15.0,Ngôn ngữ và văn hóa Nhật Bản (ngành Đông phương học)
1909,BVU,dong-phuong-hoc,D14,Điểm thi THPT,2024,15.0,Ngôn ngữ và văn hóa Hàn Quốc (ngành Đông phương học)
1910,BVU,dong-phuong-hoc,D15,Điểm thi THPT,2024,15.0,Đông phương học (Ngôn ngữ và văn hóa Nhật Bản)
1911,BVU,dong-phuong-hoc,D66,Điểm thi THPT,2024,15.0,Đông phương học (Ngôn ngữ và văn hóa Nhật Bản)
1912,BVU,dong-phuong-hoc,A01,Điểm học bạ,2025,16.0,Đông phương học (Ngôn ngữ và văn hóa Nhật Bản - Chương trình chuẩn nhận hai bằng cử nhân và thạc sĩ)
1913,BVU,dong-phuong-hoc,C00,Điểm học bạ,2025,16.0,"Đông phương học (Ngôn ngữ và văn hóa Hàn Quốc - Chương trình chuẩn, ngoại ngữ tiếng Anh/Nhật/Hàn/Trung)"
1914,BVU,dong-phuong-hoc,D01,Điểm học bạ,2025,16.0,"Đông phương học (Ngôn ngữ và văn hóa Hàn Quốc - Chương trình chuẩn, ngoại ngữ tiếng Anh/Nhật/Hàn/Trung)"
1915,BVU,dong-phuong-hoc,X01,Điểm học bạ,2025,16.0,"Đông phương học (Ngôn ngữ và văn hóa Hàn Quốc - Chương trình chuẩn, ngoại ngữ tiếng Anh/Nhật/Hàn/Trung)"
1916,BVU,dong-phuong-hoc,X70,Điểm học bạ,2025,16.0,"Đông phương học (Ngôn ngữ và văn hóa Hàn Quốc - Chương trình chuẩn, ngoại ngữ tiếng Anh/Nhật/Hàn/Trung)"
1917,BVU,dong-phuong-hoc,A01,Điểm thi THPT,2025,15.0,Đông phương học (Ngôn ngữ và văn hóa Nhật Bản - Chương trình chuẩn nhận hai bằng cử nhân và thạc sĩ)
1918,BVU,dong-phuong-hoc,C00,Điểm thi THPT,2025,15.0,"Đông phương học (Ngôn ngữ và văn hóa Hàn Quốc - Chương trình chuẩn, ngoại ngữ tiếng Anh/Nhật/Hàn/Trung)"
1919,BVU,dong-phuong-hoc,D01,Điểm thi THPT,2025,15.0,"Đông phương học (Ngôn ngữ và văn hóa Hàn Quốc - Chương trình chuẩn, ngoại ngữ tiếng Anh/Nhật/Hàn/Trung)"
1920,BVU,dong-phuong-hoc,X01,Điểm thi THPT,2025,15.0,"Đông phương học (Ngôn ngữ và văn hóa Hàn Quốc - Chương trình chuẩn, ngoại ngữ tiếng Anh/Nhật/Hàn/Trung)"
1921,BVU,dong-phuong-hoc,X70,Điểm thi THPT,2025,15.0,"Đông phương học (Ngôn ngữ và văn hóa Hàn Quốc - Chương trình chuẩn, ngoại ngữ tiếng Anh/Nhật/Hàn/Trung)"
1922,BVU,duoc-hoc,A00,Điểm thi THPT,2021,21.0,Dược học
1923,BVU,duoc-hoc,B00,Điểm thi THPT,2021,21.0,Dược học
1924,BVU,duoc-hoc,B08,Điểm thi THPT,2021,21.0,Dược học
1925,BVU,duoc-hoc,C08,Điểm thi THPT,2021,21.0,Dược học
1926,BVU,duoc-hoc,A00,Điểm học bạ,2022,24.0,Dược học
1927,BVU,duoc-hoc,A02,Điểm học bạ,2022,24.0,Dược học
1928,BVU,duoc-hoc,B00,Điểm học bạ,2022,24.0,Dược học
1929,BVU,duoc-hoc,B08,Điểm học bạ,2022,24.0,Dược học
1930,BVU,duoc-hoc,A00,Điểm thi THPT,2022,21.0,Dược học
1931,BVU,duoc-hoc,A02,Điểm thi THPT,2022,21.0,Dược học
1932,BVU,duoc-hoc,B00,Điểm thi THPT,2022,21.0,Dược học
1933,BVU,duoc-hoc,B08,Điểm thi THPT,2022,21.0,Dược học
1934,BVU,duoc-hoc,A00,Điểm học bạ,2023,24.0,Dược học
1935,BVU,duoc-hoc,A02,Điểm học bạ,2023,24.0,Dược học
1936,BVU,duoc-hoc,B00,Điểm học bạ,2023,24.0,Dược học
1937,BVU,duoc-hoc,B08,Điểm học bạ,2023,24.0,Dược học
1938,BVU,duoc-hoc,A00,Điểm thi THPT,2023,21.0,Dược học
1939,BVU,duoc-hoc,A02,Điểm thi THPT,2023,21.0,Dược học
1940,BVU,duoc-hoc,B00,Điểm thi THPT,2023,21.0,Dược học
1941,BVU,duoc-hoc,B08,Điểm thi THPT,2023,21.0,Dược học
1942,BVU,duoc-hoc,A00,Điểm học bạ,2024,24.0,Dược học
1943,BVU,duoc-hoc,B00,Điểm học bạ,2024,24.0,Dược học
1944,BVU,duoc-hoc,B08,Điểm học bạ,2024,24.0,Dược học
1945,BVU,duoc-hoc,C08,Điểm học bạ,2024,24.0,Dược học
1946,BVU,duoc-hoc,A00,Điểm thi THPT,2024,21.0,Dược học
1947,BVU,duoc-hoc,B00,Điểm thi THPT,2024,21.0,Dược học
1948,BVU,duoc-hoc,B08,Điểm thi THPT,2024,21.0,Dược học
1949,BVU,duoc-hoc,C08,Điểm thi THPT,2024,21.0,Dược học
1950,BVU,duoc-hoc,A00,Điểm học bạ,2025,20.0,Dược học
1951,BVU,duoc-hoc,B00,Điểm học bạ,2025,20.0,Dược học
1952,BVU,duoc-hoc,B08,Điểm học bạ,2025,20.0,Dược học
1953,BVU,duoc-hoc,D07,Điểm học bạ,2025,20.0,Dược học
1954,BVU,duoc-hoc,A00,Điểm thi THPT,2025,19.0,Dược học
1955,BVU,duoc-hoc,B00,Điểm thi THPT,2025,19.0,Dược học
1956,BVU,duoc-hoc,B08,Điểm thi THPT,2025,19.0,Dược học
1957,BVU,duoc-hoc,D07,Điểm thi THPT,2025,19.0,Dược học
1958,BVU,ke-toan,A00,Điểm học bạ,2021,18.0,Kế toán
1959,BVU,ke-toan,A04,Điểm học bạ,2021,18.0,Kế toán
1960,BVU,ke-toan,C04,Điểm học bạ,2021,18.0,Kế toán
1961,BVU,ke-toan,D01,Điểm học bạ,2021,18.0,Kế toán
1962,BVU,ke-toan,A00,Điểm thi THPT,2021,15.0,Kế toán
1963,BVU,ke-toan,A09,Điểm thi THPT,2021,15.0,Kế toán
1964,BVU,ke-toan,C04,Điểm thi THPT,2021,15.0,Kế toán
1965,BVU,ke-toan,D01,Điểm thi THPT,2021,15.0,Kế toán
1966,BVU,ke-toan,A00,Điểm học bạ,2022,18.0,Kế toán
1967,BVU,ke-toan,A01,Điểm học bạ,2022,18.0,Kế toán
1968,BVU,ke-toan,C14,Điểm học bạ,2022,18.0,Kế toán
1969,BVU,ke-toan,D01,Điểm học bạ,2022,18.0,Kế toán
1970,BVU,ke-toan,A00,Điểm thi THPT,2022,15.0,Kế toán
1971,BVU,ke-toan,A01,Điểm thi THPT,2022,15.0,Kế toán
1972,BVU,ke-toan,C14,Điểm thi THPT,2022,15.0,Kế toán
1973,BVU,ke-toan,D01,Điểm thi THPT,2022,15.0,Kế toán
1974,BVU,ke-toan,A00,Điểm học bạ,2023,22.0,Kế toán
1975,BVU,ke-toan,A01,Điểm học bạ,2023,22.0,Kế toán
1976,BVU,ke-toan,C14,Điểm học bạ,2023,22.0,Kế toán
1977,BVU,ke-toan,D01,Điểm học bạ,2023,22.0,Kế toán
1978,BVU,ke-toan,A00,Điểm thi THPT,2023,15.0,Kế toán
1979,BVU,ke-toan,A01,Điểm thi THPT,2023,15.0,Kế toán
1980,BVU,ke-toan,C14,Điểm thi THPT,2023,15.0,Kế toán
1981,BVU,ke-toan,D01,Điểm thi THPT,2023,15.0,Kế toán
1982,BVU,ke-toan,A00,Điểm học bạ,2024,18.0,Kế toán
1983,BVU,ke-toan,A01,Điểm học bạ,2024,18.0,Kế toán
1984,BVU,ke-toan,C00,Điểm học bạ,2024,18.0,Kế toán
1985,BVU,ke-toan,D01,Điểm học bạ,2024,18.0,Kế toán
1986,BVU,ke-toan,A00,Điểm thi THPT,2024,15.0,Kế toán
1987,BVU,ke-toan,A01,Điểm thi THPT,2024,15.0,Kế toán
1988,BVU,ke-toan,C00,Điểm thi THPT,2024,15.0,Kế toán
1989,BVU,ke-toan,D01,Điểm thi THPT,2024,15.0,Kế toán
1990,BVU,ke-toan,A00,Điểm học bạ,2025,16.0,Kế toán
1991,BVU,ke-toan,A01,Điểm học bạ,2025,16.0,Kế toán
1992,BVU,ke-toan,C00,Điểm học bạ,2025,16.0,Kế toán
1993,BVU,ke-toan,D01,Điểm học bạ,2025,16.0,Kế toán
1994,BVU,ke-toan,A00,Điểm thi THPT,2025,15.0,Kế toán
1995,BVU,ke-toan,A01,Điểm thi THPT,2025,15.0,Kế toán
1996,BVU,ke-toan,C00,Điểm thi THPT,2025,15.0,Kế toán
1997,BVU,ke-toan,D01,Điểm thi THPT,2025,15.0,Kế toán
1998,BVU,ke-toan-luat,A00,Điểm học bạ,2024,18.0,Kế toán & Luật
1999,BVU,ke-toan-luat,A01,Điểm học bạ,2024,18.0,Kế toán & Luật
2000,BVU,ke-toan-luat,C19,Điểm học bạ,2024,18.0,Kế toán & Luật
2001,BVU,ke-toan-luat,D01,Điểm học bạ,2024,18.0,Kế toán & Luật
2002,BVU,ke-toan-luat,A00,Điểm thi THPT,2024,15.0,Kế toán & Luật
2003,BVU,ke-toan-luat,A01,Điểm thi THPT,2024,15.0,Kế toán & Luật
2004,BVU,ke-toan-luat,C19,Điểm thi THPT,2024,15.0,Kế toán & Luật
2005,BVU,ke-toan-luat,D01,Điểm thi THPT,2024,15.0,Kế toán & Luật
2006,BVU,ke-toan-luat,A01,Điểm học bạ,2025,16.0,Kế toán & Luật (Chương trình chuẩn nhận cùng lúc hai bằng cử nhân)
2007,BVU,ke-toan-luat,C00,Điểm học bạ,2025,16.0,Kế toán & Luật (Chương trình chuẩn nhận cùng lúc hai bằng cử nhân)
2008,BVU,ke-toan-luat,D01,Điểm học bạ,2025,16.0,Kế toán & Luật (Chương trình chuẩn nhận cùng lúc hai bằng cử nhân)
2009,BVU,ke-toan-luat,X01,Điểm học bạ,2025,16.0,Kế toán & Luật (Chương trình chuẩn nhận cùng lúc hai bằng cử nhân)
2010,BVU,ke-toan-luat,A01,Điểm thi THPT,2025,15.0,Kế toán & Luật (Chương trình chuẩn nhận cùng lúc hai bằng cử nhân)
2011,BVU,ke-toan-luat,C00,Điểm thi THPT,2025,15.0,Kế toán & Luật (Chương trình chuẩn nhận cùng lúc hai bằng cử nhân)
2012,BVU,ke-toan-luat,D01,Điểm thi THPT,2025,15.0,Kế toán & Luật (Chương trình chuẩn nhận cùng lúc hai bằng cử nhân)
2013,BVU,ke-toan-luat,X01,Điểm thi THPT,2025,15.0,Kế toán & Luật (Chương trình chuẩn nhận cùng lúc hai bằng cử nhân)
2014,BVU,khai-thac-van-tai,A00,Điểm học bạ,2025,16.0,"Khai thác vận tải (Chương trình chuẩn, ngoại ngữ tiếng Anh)"
2015,BVU,khai-thac-van-tai,A01,Điểm học bạ,2025,16.0,"Khai thác vận tải (Chương trình chuẩn, ngoại ngữ tiếng Anh)"
2016,BVU,khai-thac-van-tai,C00,Điểm học bạ,2025,16.0,"Khai thác vận tải (Chương trình chuẩn, ngoại ngữ tiếng Anh)"
2017,BVU,khai-thac-van-tai,D01,Điểm học bạ,2025,16.0,"Khai thác vận tải (Chương trình chuẩn, ngoại ngữ tiếng Anh)"
2018,BVU,khai-thac-van-tai,A00,Điểm thi THPT,2025,15.0,"Khai thác vận tải (Chương trình chuẩn, ngoại ngữ tiếng Anh)"
2019,BVU,khai-thac-van-tai,A01,Điểm thi THPT,2025,15.0,"Khai thác vận tải (Chương trình chuẩn, ngoại ngữ tiếng Anh)"
2020,BVU,khai-thac-van-tai,C00,Điểm thi THPT,2025,15.0,"Khai thác vận tải (Chương trình chuẩn, ngoại ngữ tiếng Anh)"
2021,BVU,khai-thac-van-tai,D01,Điểm thi THPT,2025,15.0,"Khai thác vận tải (Chương trình chuẩn, ngoại ngữ tiếng Anh)"
2022,BVU,kinh-doanh-quoc-te,A00,Điểm học bạ,2022,18.0,Kinh doanh quốc tế
2023,BVU,kinh-doanh-quoc-te,A01,Điểm học bạ,2022,18.0,Kinh doanh quốc tế
2024,BVU,kinh-doanh-quoc-te,C14,Điểm học bạ,2022,18.0,Kinh doanh quốc tế
2025,BVU,kinh-doanh-quoc-te,D01,Điểm học bạ,2022,18.0,Kinh doanh quốc tế
2026,BVU,kinh-doanh-quoc-te,A00,Điểm thi THPT,2022,15.0,Kinh doanh quốc tế
2027,BVU,kinh-doanh-quoc-te,A01,Điểm thi THPT,2022,15.0,Kinh doanh quốc tế
2028,BVU,kinh-doanh-quoc-te,C14,Điểm thi THPT,2022,15.0,Kinh doanh quốc tế
2029,BVU,kinh-doanh-quoc-te,D01,Điểm thi THPT,2022,15.0,Kinh doanh quốc tế
2030,BVU,kinh-doanh-quoc-te,A00,Điểm học bạ,2023,18.0,Kinh doanh quốc tế
2031,BVU,kinh-doanh-quoc-te,C00,Điểm học bạ,2023,18.0,Kinh doanh quốc tế
2032,BVU,kinh-doanh-quoc-te,C20,Điểm học bạ,2023,18.0,Kinh doanh quốc tế
2033,BVU,kinh-doanh-quoc-te,D01,Điểm học bạ,2023,18.0,Kinh doanh quốc tế
2034,BVU,kinh-doanh-quoc-te,A00,Điểm thi THPT,2023,15.0,Kinh doanh quốc tế
2035,BVU,kinh-doanh-quoc-te,C00,Điểm thi THPT,2023,15.0,Kinh doanh quốc tế
2036,BVU,kinh-doanh-quoc-te,C20,Điểm thi THPT,2023,15.0,Kinh doanh quốc tế
2037,BVU,kinh-doanh-quoc-te,D01,Điểm thi THPT,2023,15.0,Kinh doanh quốc tế
2038,BVU,kinh-doanh-quoc-te,A00,Điểm học bạ,2024,18.0,Kinh doanh quốc tế
2039,BVU,kinh-doanh-quoc-te,A01,Điểm học bạ,2024,18.0,Kinh doanh quốc tế
2040,BVU,kinh-doanh-quoc-te,C00,Điểm học bạ,2024,18.0,Kinh doanh quốc tế
2041,BVU,kinh-doanh-quoc-te,D01,Điểm học bạ,2024,18.0,Kinh doanh quốc tế
2042,BVU,kinh-doanh-quoc-te,A00,Điểm thi THPT,2024,15.0,Kinh doanh quốc tế
2043,BVU,kinh-doanh-quoc-te,A01,Điểm thi THPT,2024,15.0,Kinh doanh quốc tế
2044,BVU,kinh-doanh-quoc-te,C00,Điểm thi THPT,2024,15.0,Kinh doanh quốc tế
2045,BVU,kinh-doanh-quoc-te,D01,Điểm thi THPT,2024,15.0,Kinh doanh quốc tế
2046,BVU,kinh-doanh-quoc-te,A00,Điểm học bạ,2025,16.0,Kinh doanh quốc tế
2047,BVU,kinh-doanh-quoc-te,A01,Điểm học bạ,2025,16.0,Kinh doanh quốc tế
2048,BVU,kinh-doanh-quoc-te,C00,Điểm học bạ,2025,16.0,Kinh doanh quốc tế
2049,BVU,kinh-doanh-quoc-te,D01,Điểm học bạ,2025,16.0,Kinh doanh quốc tế
2050,BVU,kinh-doanh-quoc-te,A00,Điểm thi THPT,2025,15.0,Kinh doanh quốc tế
2051,BVU,kinh-doanh-quoc-te,A01,Điểm thi THPT,2025,15.0,Kinh doanh quốc tế
2052,BVU,kinh-doanh-quoc-te,C00,Điểm thi THPT,2025,15.0,Kinh doanh quốc tế
2053,BVU,kinh-doanh-quoc-te,D01,Điểm thi THPT,2025,15.0,Kinh doanh quốc tế
2054,BVU,kinh-doanh-quoc-te-luat,A00,Điểm học bạ,2024,18.0,Kinh doanh quốc tế & Luật
2055,BVU,kinh-doanh-quoc-te-luat,A01,Điểm học bạ,2024,18.0,Kinh doanh quốc tế & Luật
2056,BVU,kinh-doanh-quoc-te-luat,C19,Điểm học bạ,2024,18.0,Kinh doanh quốc tế & Luật
2057,BVU,kinh-doanh-quoc-te-luat,D01,Điểm học bạ,2024,18.0,Kinh doanh quốc tế & Luật
2058,BVU,kinh-doanh-quoc-te-luat,A00,Điểm thi THPT,2024,15.0,Kinh doanh quốc tế & Luật
2059,BVU,kinh-doanh-quoc-te-luat,A01,Điểm thi THPT,2024,15.0,Kinh doanh quốc tế & Luật
2060,BVU,kinh-doanh-quoc-te-luat,C19,Điểm thi THPT,2024,15.0,Kinh doanh quốc tế & Luật
2061,BVU,kinh-doanh-quoc-te-luat,D01,Điểm thi THPT,2024,15.0,Kinh doanh quốc tế & Luật
2062,BVU,kinh-doanh-quoc-te-luat,A01,Điểm học bạ,2025,16.0,Kinh doanh quốc tế & Luật (Chương trình chuẩn nhận cùng lúc hai bằng cử nhân)
2063,BVU,kinh-doanh-quoc-te-luat,C00,Điểm học bạ,2025,16.0,Kinh doanh quốc tế & Luật (Chương trình chuẩn nhận cùng lúc hai bằng cử nhân)
2064,BVU,kinh-doanh-quoc-te-luat,D01,Điểm học bạ,2025,16.0,Kinh doanh quốc tế & Luật (Chương trình chuẩn nhận cùng lúc hai bằng cử nhân)
2065,BVU,kinh-doanh-quoc-te-luat,X01,Điểm học bạ,2025,16.0,Kinh doanh quốc tế & Luật (Chương trình chuẩn nhận cùng lúc hai bằng cử nhân)
2066,BVU,kinh-doanh-quoc-te-luat,A01,Điểm thi THPT,2025,15.0,Kinh doanh quốc tế & Luật (Chương trình chuẩn nhận cùng lúc hai bằng cử nhân)
2067,BVU,kinh-doanh-quoc-te-luat,C00,Điểm thi THPT,2025,15.0,Kinh doanh quốc tế & Luật (Chương trình chuẩn nhận cùng lúc hai bằng cử nhân)
2068,BVU,kinh-doanh-quoc-te-luat,D01,Điểm thi THPT,2025,15.0,Kinh doanh quốc tế & Luật (Chương trình chuẩn nhận cùng lúc hai bằng cử nhân)
2069,BVU,kinh-doanh-quoc-te-luat,X01,Điểm thi THPT,2025,15.0,Kinh doanh quốc tế & Luật (Chương trình chuẩn nhận cùng lúc hai bằng cử nhân)
2070,BVU,kinh-doanh-quoc-te-ngon-ngu-anh,A01,Điểm học bạ,2024,18.0,Kinh doanh quốc tế & Ngôn ngữ Anh
2071,BVU,kinh-doanh-quoc-te-ngon-ngu-anh,D01,Điểm học bạ,2024,18.0,Kinh doanh quốc tế & Ngôn ngữ Anh
2072,BVU,kinh-doanh-quoc-te-ngon-ngu-anh,D15,Điểm học bạ,2024,18.0,Kinh doanh quốc tế & Ngôn ngữ Anh
2073,BVU,kinh-doanh-quoc-te-ngon-ngu-anh,D66,Điểm học bạ,2024,18.0,Kinh doanh quốc tế & Ngôn ngữ Anh
2074,BVU,kinh-doanh-quoc-te-ngon-ngu-anh,A01,Điểm thi THPT,2024,15.0,Kinh doanh quốc tế & Ngôn ngữ Anh
2075,BVU,kinh-doanh-quoc-te-ngon-ngu-anh,D01,Điểm thi THPT,2024,15.0,Kinh doanh quốc tế & Ngôn ngữ Anh
2076,BVU,kinh-doanh-quoc-te-ngon-ngu-anh,D15,Điểm thi THPT,2024,15.0,Kinh doanh quốc tế & Ngôn ngữ Anh
2077,BVU,kinh-doanh-quoc-te-ngon-ngu-anh,D66,Điểm thi THPT,2024,15.0,Kinh doanh quốc tế & Ngôn ngữ Anh
2078,BVU,kinh-te-van-tai,A00,Điểm học bạ,2025,16.0,Kinh tế vận tải
2079,BVU,kinh-te-van-tai,A01,Điểm học bạ,2025,16.0,Kinh tế vận tải
2080,BVU,kinh-te-van-tai,C00,Điểm học bạ,2025,16.0,Kinh tế vận tải
2081,BVU,kinh-te-van-tai,D01,Điểm học bạ,2025,16.0,Kinh tế vận tải
2082,BVU,kinh-te-van-tai,A00,Điểm thi THPT,2025,15.0,Kinh tế vận tải
2083,BVU,kinh-te-van-tai,A01,Điểm thi THPT,2025,15.0,Kinh tế vận tải
2084,BVU,kinh-te-van-tai,C00,Điểm thi THPT,2025,15.0,Kinh tế vận tải
2085,BVU,kinh-te-van-tai,D01,Điểm thi THPT,2025,15.0,Kinh tế vận tải
2086,BVU,logistics-va-ouan-ly-chuoi-cung-ung,A00,Điểm học bạ,2024,18.0,Logistics và Ọuản lý chuỗi cung ứng
2087,BVU,logistics-va-ouan-ly-chuoi-cung-ung,A01,Điểm học bạ,2024,18.0,Logistics và Ọuản lý chuỗi cung ứng
2088,BVU,logistics-va-ouan-ly-chuoi-cung-ung,C00,Điểm học bạ,2024,18.0,Logistics và Ọuản lý chuỗi cung ứng
2089,BVU,logistics-va-ouan-ly-chuoi-cung-ung,D01,Điểm học bạ,2024,18.0,Logistics và Ọuản lý chuỗi cung ứng
2090,BVU,logistics-va-ouan-ly-chuoi-cung-ung,A00,Điểm thi THPT,2024,15.0,Logistics và Ọuản lý chuỗi cung ứng
2091,BVU,logistics-va-ouan-ly-chuoi-cung-ung,A01,Điểm thi THPT,2024,15.0,Logistics và Ọuản lý chuỗi cung ứng
2092,BVU,logistics-va-ouan-ly-chuoi-cung-ung,C00,Điểm thi THPT,2024,15.0,Logistics và Ọuản lý chuỗi cung ứng
2093,BVU,logistics-va-ouan-ly-chuoi-cung-ung,D01,Điểm thi THPT,2024,15.0,Logistics và Ọuản lý chuỗi cung ứng
2094,BVU,logistics-va-quan-ly-chuoi-cung-ung,A00,Điểm học bạ,2021,18.0,Logistics và quản lý chuỗi cung ứng
2095,BVU,logistics-va-quan-ly-chuoi-cung-ung,C00,Điểm học bạ,2021,18.0,Logistics và quản lý chuỗi cung ứng
2096,BVU,logistics-va-quan-ly-chuoi-cung-ung,C04,Điểm học bạ,2021,18.0,Logistics và quản lý chuỗi cung ứng
2097,BVU,logistics-va-quan-ly-chuoi-cung-ung,D01,Điểm học bạ,2021,18.0,Logistics và quản lý chuỗi cung ứng
2098,BVU,logistics-va-quan-ly-chuoi-cung-ung,A00,Điểm thi THPT,2021,15.0,Logistics và quản lý chuỗi cung ứng
2099,BVU,logistics-va-quan-ly-chuoi-cung-ung,C00,Điểm thi THPT,2021,15.0,Logistics và quản lý chuỗi cung ứng
2100,BVU,logistics-va-quan-ly-chuoi-cung-ung,C04,Điểm thi THPT,2021,15.0,Logistics và quản lý chuỗi cung ứng
2101,BVU,logistics-va-quan-ly-chuoi-cung-ung,D01,Điểm thi THPT,2021,15.0,Logistics và quản lý chuỗi cung ứng
2102,BVU,logistics-va-quan-ly-chuoi-cung-ung,A00,Điểm học bạ,2022,18.0,Logistics và quản lý chuỗi cung ứng
2103,BVU,logistics-va-quan-ly-chuoi-cung-ung,C00,Điểm học bạ,2022,18.0,Logistics và quản lý chuỗi cung ứng
2104,BVU,logistics-va-quan-ly-chuoi-cung-ung,C20,Điểm học bạ,2022,18.0,Logistics và quản lý chuỗi cung ứng
2105,BVU,logistics-va-quan-ly-chuoi-cung-ung,D01,Điểm học bạ,2022,18.0,Logistics và quản lý chuỗi cung ứng
2106,BVU,logistics-va-quan-ly-chuoi-cung-ung,A00,Điểm thi THPT,2022,15.0,Logistics và quản lý chuỗi cung ứng
2107,BVU,logistics-va-quan-ly-chuoi-cung-ung,C00,Điểm thi THPT,2022,15.0,Logistics và quản lý chuỗi cung ứng
2108,BVU,logistics-va-quan-ly-chuoi-cung-ung,C20,Điểm thi THPT,2022,15.0,Logistics và quản lý chuỗi cung ứng
2109,BVU,logistics-va-quan-ly-chuoi-cung-ung,D01,Điểm thi THPT,2022,15.0,Logistics và quản lý chuỗi cung ứng
2110,BVU,logistics-va-quan-ly-chuoi-cung-ung,A00,Điểm học bạ,2023,22.0,Logistics và quản lý chuỗi cung ứng
2111,BVU,logistics-va-quan-ly-chuoi-cung-ung,C00,Điểm học bạ,2023,22.0,Logistics và quản lý chuỗi cung ứng
2112,BVU,logistics-va-quan-ly-chuoi-cung-ung,C20,Điểm học bạ,2023,22.0,Logistics và quản lý chuỗi cung ứng
2113,BVU,logistics-va-quan-ly-chuoi-cung-ung,D01,Điểm học bạ,2023,22.0,Logistics và quản lý chuỗi cung ứng
2114,BVU,logistics-va-quan-ly-chuoi-cung-ung,A00,Điểm thi THPT,2023,15.0,Logistics và Quản lý chuỗi cung ứng
2115,BVU,logistics-va-quan-ly-chuoi-cung-ung,C00,Điểm thi THPT,2023,15.0,Logistics và Quản lý chuỗi cung ứng
2116,BVU,logistics-va-quan-ly-chuoi-cung-ung,C20,Điểm thi THPT,2023,15.0,Logistics và Quản lý chuỗi cung ứng
2117,BVU,logistics-va-quan-ly-chuoi-cung-ung,D01,Điểm thi THPT,2023,15.0,Logistics và Quản lý chuỗi cung ứng
2118,BVU,logistics-va-quan-ly-chuoi-cung-ung,A00,Điểm học bạ,2024,18.0,Logistics và Quản lý chuỗi cung ứng
2119,BVU,logistics-va-quan-ly-chuoi-cung-ung,A01,Điểm học bạ,2024,18.0,Logistics và Quản lý chuỗi cung ứng
2120,BVU,logistics-va-quan-ly-chuoi-cung-ung,C00,Điểm học bạ,2024,18.0,Logistics và Quản lý chuỗi cung ứng
2121,BVU,logistics-va-quan-ly-chuoi-cung-ung,D01,Điểm học bạ,2024,18.0,Logistics và Quản lý chuỗi cung ứng
2122,BVU,logistics-va-quan-ly-chuoi-cung-ung,A00,Điểm thi THPT,2024,15.0,Logistics và Quản lý chuỗi cung ứng
2123,BVU,logistics-va-quan-ly-chuoi-cung-ung,A01,Điểm thi THPT,2024,15.0,Logistics và Quản lý chuỗi cung ứng
2124,BVU,logistics-va-quan-ly-chuoi-cung-ung,C00,Điểm thi THPT,2024,15.0,Logistics và Quản lý chuỗi cung ứng
2125,BVU,logistics-va-quan-ly-chuoi-cung-ung,D01,Điểm thi THPT,2024,15.0,Logistics và Quản lý chuỗi cung ứng
2126,BVU,logistics-va-quan-ly-chuoi-cung-ung,A00,Điểm học bạ,2025,16.0,"Logistics và Quản lý chuỗi cung ứng (Chương trình chuẩn, ngoại ngữ tiếng Anh)"
2127,BVU,logistics-va-quan-ly-chuoi-cung-ung,A01,Điểm học bạ,2025,16.0,"Logistics và Quản lý chuỗi cung ứng (Chương trình chuẩn, ngoại ngữ tiếng Anh)"
2128,BVU,logistics-va-quan-ly-chuoi-cung-ung,C00,Điểm học bạ,2025,16.0,"Logistics và Quản lý chuỗi cung ứng (Chương trình chuẩn, ngoại ngữ tiếng Anh)"
2129,BVU,logistics-va-quan-ly-chuoi-cung-ung,D01,Điểm học bạ,2025,16.0,"Logistics và Quản lý chuỗi cung ứng (Chương trình chuẩn, ngoại ngữ tiếng Anh)"
2130,BVU,logistics-va-quan-ly-chuoi-cung-ung,A00,Điểm thi THPT,2025,15.0,"Logistics và Quản lý chuỗi cung ứng (Chương trình chuẩn, ngoại ngữ tiếng Anh)"
2131,BVU,logistics-va-quan-ly-chuoi-cung-ung,A01,Điểm thi THPT,2025,15.0,"Logistics và Quản lý chuỗi cung ứng (Chương trình chuẩn, ngoại ngữ tiếng Anh)"
2132,BVU,logistics-va-quan-ly-chuoi-cung-ung,C00,Điểm thi THPT,2025,15.0,"Logistics và Quản lý chuỗi cung ứng (Chương trình chuẩn, ngoại ngữ tiếng Anh)"
2133,BVU,logistics-va-quan-ly-chuoi-cung-ung,D01,Điểm thi THPT,2025,15.0,"Logistics và Quản lý chuỗi cung ứng (Chương trình chuẩn, ngoại ngữ tiếng Anh)"
2134,BVU,logistics-va-quan-ly-chuoi-cung-ung-ngon-ngu-anh,A01,Điểm học bạ,2024,18.0,Logistics và Quản lý chuỗi cung ứng & Ngôn ngữ Anh
2135,BVU,logistics-va-quan-ly-chuoi-cung-ung-ngon-ngu-anh,D01,Điểm học bạ,2024,18.0,Logistics và Quản lý chuỗi cung ứng & Ngôn ngữ Anh
2136,BVU,logistics-va-quan-ly-chuoi-cung-ung-ngon-ngu-anh,D15,Điểm học bạ,2024,18.0,Logistics và Quản lý chuỗi cung ứng & Ngôn ngữ Anh
2137,BVU,logistics-va-quan-ly-chuoi-cung-ung-ngon-ngu-anh,D66,Điểm học bạ,2024,18.0,Logistics và Quản lý chuỗi cung ứng & Ngôn ngữ Anh
2138,BVU,logistics-va-quan-ly-chuoi-cung-ung-ngon-ngu-anh,A01,Điểm thi THPT,2024,15.0,Logistics và Quản lý chuỗi cung ứng & Ngôn ngữ Anh
2139,BVU,logistics-va-quan-ly-chuoi-cung-ung-ngon-ngu-anh,D01,Điểm thi THPT,2024,15.0,Logistics và Quản lý chuỗi cung ứng & Ngôn ngữ Anh
2140,BVU,logistics-va-quan-ly-chuoi-cung-ung-ngon-ngu-anh,D15,Điểm thi THPT,2024,15.0,Logistics và Quản lý chuỗi cung ứng & Ngôn ngữ Anh
2141,BVU,logistics-va-quan-ly-chuoi-cung-ung-ngon-ngu-anh,D66,Điểm thi THPT,2024,15.0,Logistics và Quản lý chuỗi cung ứng & Ngôn ngữ Anh
2142,BVU,logistics-va-quan-ly-chuoi-cung-ung-ngon-ngu-anh,A01,Điểm học bạ,2025,16.0,Logistics và Quản lý chuỗi cung ứng & Ngôn ngữ Anh (Chương trình chuẩn nhận cùng lúc hai bằng cử nhân)
2143,BVU,logistics-va-quan-ly-chuoi-cung-ung-ngon-ngu-anh,C00,Điểm học bạ,2025,16.0,Logistics và Quản lý chuỗi cung ứng & Ngôn ngữ Anh (Chương trình chuẩn nhận cùng lúc hai bằng cử nhân)
2144,BVU,logistics-va-quan-ly-chuoi-cung-ung-ngon-ngu-anh,D01,Điểm học bạ,2025,16.0,Logistics và Quản lý chuỗi cung ứng & Ngôn ngữ Anh (Chương trình chuẩn nhận cùng lúc hai bằng cử nhân)
2145,BVU,logistics-va-quan-ly-chuoi-cung-ung-ngon-ngu-anh,X01,Điểm học bạ,2025,16.0,Logistics và Quản lý chuỗi cung ứng & Ngôn ngữ Anh (Chương trình chuẩn nhận cùng lúc hai bằng cử nhân)
2146,BVU,logistics-va-quan-ly-chuoi-cung-ung-ngon-ngu-anh,A01,Điểm thi THPT,2025,15.0,Logistics và Quản lý chuỗi cung ứng & Ngôn ngữ Anh (Chương trình chuẩn nhận cùng lúc hai bằng cử nhân)
2147,BVU,logistics-va-quan-ly-chuoi-cung-ung-ngon-ngu-anh,C00,Điểm thi THPT,2025,15.0,Logistics và Quản lý chuỗi cung ứng & Ngôn ngữ Anh (Chương trình chuẩn nhận cùng lúc hai bằng cử nhân)
2148,BVU,logistics-va-quan-ly-chuoi-cung-ung-ngon-ngu-anh,D01,Điểm thi THPT,2025,15.0,Logistics và Quản lý chuỗi cung ứng & Ngôn ngữ Anh (Chương trình chuẩn nhận cùng lúc hai bằng cử nhân)
2149,BVU,logistics-va-quan-ly-chuoi-cung-ung-ngon-ngu-anh,X01,Điểm thi THPT,2025,15.0,Logistics và Quản lý chuỗi cung ứng & Ngôn ngữ Anh (Chương trình chuẩn nhận cùng lúc hai bằng cử nhân)
2150,BVU,luat,A00,Điểm học bạ,2021,18.0,Luật
2151,BVU,luat,A01,Điểm học bạ,2021,18.0,Luật
2152,BVU,luat,C00,Điểm học bạ,2021,18.0,Luật
2153,BVU,luat,D01,Điểm học bạ,2021,18.0,Luật
2154,BVU,luat,A00,Điểm thi THPT,2021,15.0,Luật
2155,BVU,luat,A01,Điểm thi THPT,2021,15.0,Luật
2156,BVU,luat,C00,Điểm thi THPT,2021,15.0,Luật
2157,BVU,luat,D01,Điểm thi THPT,2021,15.0,Luật
2158,BVU,luat,A00,Điểm học bạ,2022,18.0,Luật
2159,BVU,luat,C00,Điểm học bạ,2022,18.0,Luật
2160,BVU,luat,C20,Điểm học bạ,2022,18.0,Luật
2161,BVU,luat,D01,Điểm học bạ,2022,18.0,Luật
2162,BVU,luat,A00,Điểm thi THPT,2022,15.0,Luật
2163,BVU,luat,C00,Điểm thi THPT,2022,15.0,Luật
2164,BVU,luat,C20,Điểm thi THPT,2022,15.0,Luật
2165,BVU,luat,D01,Điểm thi THPT,2022,15.0,Luật
2166,BVU,luat,A00,Điểm học bạ,2023,18.0,Luật
2167,BVU,luat,C00,Điểm học bạ,2023,18.0,Luật
2168,BVU,luat,C20,Điểm học bạ,2023,18.0,Luật
2169,BVU,luat,D01,Điểm học bạ,2023,18.0,Luật
2170,BVU,luat,A00,Điểm thi THPT,2023,15.0,Luật
2171,BVU,luat,C00,Điểm thi THPT,2023,15.0,Luật
2172,BVU,luat,C20,Điểm thi THPT,2023,15.0,Luật
2173,BVU,luat,D01,Điểm thi THPT,2023,15.0,Luật
2174,BVU,luat,A00,Điểm học bạ,2024,18.0,Luật (dự kiến)
2175,BVU,luat,A01,Điểm học bạ,2024,18.0,Luật
2176,BVU,luat,C00,Điểm học bạ,2024,18.0,Luật
2177,BVU,luat,C20,Điểm học bạ,2024,18.0,Luật
2178,BVU,luat,D01,Điểm học bạ,2024,18.0,Luật
2179,BVU,luat,A00,Điểm thi THPT,2024,15.0,Luật (dự kiến)
2180,BVU,luat,A01,Điểm thi THPT,2024,15.0,Luật
2181,BVU,luat,C00,Điểm thi THPT,2024,15.0,Luật
2182,BVU,luat,C20,Điểm thi THPT,2024,15.0,Luật
2183,BVU,luat,D01,Điểm thi THPT,2024,15.0,Luật
2184,BVU,luat,A01,Điểm học bạ,2025,16.0,Luật
2185,BVU,luat,C00,Điểm học bạ,2025,16.0,Luật
2186,BVU,luat,D01,Điểm học bạ,2025,16.0,Luật
2187,BVU,luat,X01,Điểm học bạ,2025,16.0,Luật
2188,BVU,luat,A01,Điểm thi THPT,2025,15.0,Luật
2189,BVU,luat,C00,Điểm thi THPT,2025,15.0,Luật
2190,BVU,luat,D01,Điểm thi THPT,2025,15.0,Luật
2191,BVU,luat,X01,Điểm thi THPT,2025,15.0,Luật
2192,BVU,luat-ngon-ngu-anh,A01,Điểm học bạ,2024,18.0,Luật & Ngôn ngữ Anh
2193,BVU,luat-ngon-ngu-anh,C00,Điểm học bạ,2024,18.0,Luật & Ngôn ngữ Anh
2194,BVU,luat-ngon-ngu-anh,C20,Điểm học bạ,2024,18.0,Luật & Ngôn ngữ Anh
2195,BVU,luat-ngon-ngu-anh,D01,Điểm học bạ,2024,18.0,Luật & Ngôn ngữ Anh
2196,BVU,luat-ngon-ngu-anh,A01,Điểm thi THPT,2024,15.0,Luật & Ngôn ngữ Anh
2197,BVU,luat-ngon-ngu-anh,C00,Điểm thi THPT,2024,15.0,Luật & Ngôn ngữ Anh
2198,BVU,luat-ngon-ngu-anh,C20,Điểm thi THPT,2024,15.0,Luật & Ngôn ngữ Anh
2199,BVU,luat-ngon-ngu-anh,D01,Điểm thi THPT,2024,15.0,Luật & Ngôn ngữ Anh
2200,BVU,luat-ngon-ngu-anh,A01,Điểm học bạ,2025,16.0,Luật & Ngôn ngữ Anh (Chương trình chuẩn nhận cùng lúc hai bằng cử nhân)
2201,BVU,luat-ngon-ngu-anh,C00,Điểm học bạ,2025,16.0,Luật & Ngôn ngữ Anh (Chương trình chuẩn nhận cùng lúc hai bằng cử nhân)
2202,BVU,luat-ngon-ngu-anh,D01,Điểm học bạ,2025,16.0,Luật & Ngôn ngữ Anh (Chương trình chuẩn nhận cùng lúc hai bằng cử nhân)
2203,BVU,luat-ngon-ngu-anh,X01,Điểm học bạ,2025,16.0,Luật & Ngôn ngữ Anh (Chương trình chuẩn nhận cùng lúc hai bằng cử nhân)
2204,BVU,luat-ngon-ngu-anh,A01,Điểm thi THPT,2025,15.0,Luật & Ngôn ngữ Anh (Chương trình chuẩn nhận cùng lúc hai bằng cử nhân)
2205,BVU,luat-ngon-ngu-anh,C00,Điểm thi THPT,2025,15.0,Luật & Ngôn ngữ Anh (Chương trình chuẩn nhận cùng lúc hai bằng cử nhân)
2206,BVU,luat-ngon-ngu-anh,D01,Điểm thi THPT,2025,15.0,Luật & Ngôn ngữ Anh (Chương trình chuẩn nhận cùng lúc hai bằng cử nhân)
2207,BVU,luat-ngon-ngu-anh,X01,Điểm thi THPT,2025,15.0,Luật & Ngôn ngữ Anh (Chương trình chuẩn nhận cùng lúc hai bằng cử nhân)
2208,BVU,marketing,A00,Điểm học bạ,2021,18.0,Marketing
2209,BVU,marketing,A04,Điểm học bạ,2021,18.0,Marketing
2210,BVU,marketing,C01,Điểm học bạ,2021,18.0,Marketing
2211,BVU,marketing,D01,Điểm học bạ,2021,18.0,Marketing
2212,BVU,marketing,A00,Điểm thi THPT,2021,15.0,Marketing
2213,BVU,marketing,A09,Điểm thi THPT,2021,15.0,Marketing
2214,BVU,marketing,C01,Điểm thi THPT,2021,15.0,Marketing
2215,BVU,marketing,D01,Điểm thi THPT,2021,15.0,Marketing
2216,BVU,marketing,A00,Điểm học bạ,2022,18.0,Marketing
2217,BVU,marketing,C00,Điểm học bạ,2022,18.0,Marketing
2218,BVU,marketing,C20,Điểm học bạ,2022,18.0,Marketing
2219,BVU,marketing,D01,Điểm học bạ,2022,18.0,Marketing
2220,BVU,marketing,A00,Điểm thi THPT,2022,15.0,Marketing
2221,BVU,marketing,C00,Điểm thi THPT,2022,15.0,Marketing
2222,BVU,marketing,C20,Điểm thi THPT,2022,15.0,Marketing
2223,BVU,marketing,D01,Điểm thi THPT,2022,15.0,Marketing
2224,BVU,marketing,A00,Điểm học bạ,2023,18.0,Marketing
2225,BVU,marketing,C00,Điểm học bạ,2023,18.0,Marketing
2226,BVU,marketing,C20,Điểm học bạ,2023,18.0,Marketing
2227,BVU,marketing,D01,Điểm học bạ,2023,18.0,Marketing
2228,BVU,marketing,A00,Điểm thi THPT,2023,15.0,Marketing
2229,BVU,marketing,C00,Điểm thi THPT,2023,15.0,Marketing
2230,BVU,marketing,C20,Điểm thi THPT,2023,15.0,Marketing
2231,BVU,marketing,D01,Điểm thi THPT,2023,15.0,Marketing
2232,BVU,marketing,A00,Điểm học bạ,2024,18.0,Marketing
2233,BVU,marketing,A01,Điểm học bạ,2024,18.0,Marketing
2234,BVU,marketing,C00,Điểm học bạ,2024,18.0,Marketing
2235,BVU,marketing,D01,Điểm học bạ,2024,18.0,Marketing
2236,BVU,marketing,A00,Điểm thi THPT,2024,15.0,Marketing
2237,BVU,marketing,A01,Điểm thi THPT,2024,15.0,Marketing
2238,BVU,marketing,C00,Điểm thi THPT,2024,15.0,Marketing
2239,BVU,marketing,D01,Điểm thi THPT,2024,15.0,Marketing
2240,BVU,marketing,A00,Điểm học bạ,2025,16.0,Marketing
2241,BVU,marketing,A01,Điểm học bạ,2025,16.0,Marketing
2242,BVU,marketing,C00,Điểm học bạ,2025,16.0,Marketing
2243,BVU,marketing,D01,Điểm học bạ,2025,16.0,Marketing
2244,BVU,marketing,A00,Điểm thi THPT,2025,15.0,Marketing
2245,BVU,marketing,A01,Điểm thi THPT,2025,15.0,Marketing
2246,BVU,marketing,C00,Điểm thi THPT,2025,15.0,Marketing
2247,BVU,marketing,D01,Điểm thi THPT,2025,15.0,Marketing
2248,BVU,ngon-ngu-anh,A01,Điểm học bạ,2021,18.0,Ngôn ngữ Anh
2249,BVU,ngon-ngu-anh,D01,Điểm học bạ,2021,18.0,Ngôn ngữ Anh
2250,BVU,ngon-ngu-anh,D14,Điểm học bạ,2021,18.0,Ngôn ngữ Anh
2251,BVU,ngon-ngu-anh,D15,Điểm học bạ,2021,18.0,Ngôn ngữ Anh
2252,BVU,ngon-ngu-anh,A01,Điểm thi THPT,2021,15.0,Ngôn ngữ Anh
2253,BVU,ngon-ngu-anh,D01,Điểm thi THPT,2021,15.0,Ngôn ngữ Anh
2254,BVU,ngon-ngu-anh,D14,Điểm thi THPT,2021,15.0,Ngôn ngữ Anh
2255,BVU,ngon-ngu-anh,D15,Điểm thi THPT,2021,15.0,Ngôn ngữ Anh
2256,BVU,ngon-ngu-anh,A01,Điểm học bạ,2022,18.0,Ngôn ngữ Anh
2257,BVU,ngon-ngu-anh,D01,Điểm học bạ,2022,18.0,Ngôn ngữ Anh
2258,BVU,ngon-ngu-anh,D15,Điểm học bạ,2022,18.0,Ngôn ngữ Anh
2259,BVU,ngon-ngu-anh,D66,Điểm học bạ,2022,18.0,Ngôn ngữ Anh
2260,BVU,ngon-ngu-anh,A01,Điểm thi THPT,2022,15.0,Ngôn ngữ Anh
2261,BVU,ngon-ngu-anh,D01,Điểm thi THPT,2022,15.0,Ngôn ngữ Anh
2262,BVU,ngon-ngu-anh,D15,Điểm thi THPT,2022,15.0,Ngôn ngữ Anh
2263,BVU,ngon-ngu-anh,D66,Điểm thi THPT,2022,15.0,Ngôn ngữ Anh
2264,BVU,ngon-ngu-anh,A01,Điểm học bạ,2023,18.0,Ngôn ngữ Anh
2265,BVU,ngon-ngu-anh,D01,Điểm học bạ,2023,18.0,Ngôn ngữ Anh
2266,BVU,ngon-ngu-anh,D15,Điểm học bạ,2023,18.0,Ngôn ngữ Anh
2267,BVU,ngon-ngu-anh,D66,Điểm học bạ,2023,18.0,Ngôn ngữ Anh
2268,BVU,ngon-ngu-anh,A01,Điểm thi THPT,2023,15.0,Ngôn ngữ Anh
2269,BVU,ngon-ngu-anh,D01,Điểm thi THPT,2023,15.0,Ngôn ngữ Anh
2270,BVU,ngon-ngu-anh,D15,Điểm thi THPT,2023,15.0,Ngôn ngữ Anh
2271,BVU,ngon-ngu-anh,D66,Điểm thi THPT,2023,15.0,Ngôn ngữ Anh
2272,BVU,ngon-ngu-anh,A01,Điểm học bạ,2024,18.0,Ngôn ngữ Anh
2273,BVU,ngon-ngu-anh,D01,Điểm học bạ,2024,18.0,Ngôn ngữ Anh
2274,BVU,ngon-ngu-anh,D15,Điểm học bạ,2024,18.0,Ngôn ngữ Anh
2275,BVU,ngon-ngu-anh,D66,Điểm học bạ,2024,18.0,Ngôn ngữ Anh
2276,BVU,ngon-ngu-anh,A01,Điểm thi THPT,2024,15.0,Ngôn ngữ Anh
2277,BVU,ngon-ngu-anh,D01,Điểm thi THPT,2024,15.0,Ngôn ngữ Anh
2278,BVU,ngon-ngu-anh,D15,Điểm thi THPT,2024,15.0,Ngôn ngữ Anh
2279,BVU,ngon-ngu-anh,D66,Điểm thi THPT,2024,15.0,Ngôn ngữ Anh
2280,BVU,ngon-ngu-anh,A01,Điểm học bạ,2025,16.0,Ngôn ngữ Anh
2281,BVU,ngon-ngu-anh,C00,Điểm học bạ,2025,16.0,Ngôn ngữ Anh (Lý luận và phương pháp dạy học bộ môn tiếng Anh - Chương trình chuẩn nhận hai bằng cử nhân và thạc sĩ)
2282,BVU,ngon-ngu-anh,D01,Điểm học bạ,2025,16.0,Ngôn ngữ Anh
2283,BVU,ngon-ngu-anh,D14,Điểm học bạ,2025,16.0,Ngôn ngữ Anh
2284,BVU,ngon-ngu-anh,D15,Điểm học bạ,2025,16.0,Ngôn ngữ Anh
2285,BVU,ngon-ngu-anh,X01,Điểm học bạ,2025,16.0,Ngôn ngữ Anh (Lý luận và phương pháp dạy học bộ môn tiếng Anh - Chương trình chuẩn nhận hai bằng cử nhân và thạc sĩ)
2286,BVU,ngon-ngu-anh,A01,Điểm thi THPT,2025,15.0,Ngôn ngữ Anh
2287,BVU,ngon-ngu-anh,C00,Điểm thi THPT,2025,15.0,Ngôn ngữ Anh (Lý luận và phương pháp dạy học bộ môn tiếng Anh - Chương trình chuẩn nhận hai bằng cử nhân và thạc sĩ)
2288,BVU,ngon-ngu-anh,D01,Điểm thi THPT,2025,15.0,Ngôn ngữ Anh
2289,BVU,ngon-ngu-anh,D14,Điểm thi THPT,2025,15.0,Ngôn ngữ Anh
2290,BVU,ngon-ngu-anh,D15,Điểm thi THPT,2025,15.0,Ngôn ngữ Anh
2291,BVU,ngon-ngu-anh,X01,Điểm thi THPT,2025,15.0,Ngôn ngữ Anh (Lý luận và phương pháp dạy học bộ môn tiếng Anh - Chương trình chuẩn nhận hai bằng cử nhân và thạc sĩ)
2292,BVU,ngon-ngu-trung-quoc,C00,Điểm học bạ,2021,18.0,Ngôn ngữ Trung Quốc
2293,BVU,ngon-ngu-trung-quoc,C20,Điểm học bạ,2021,18.0,Ngôn ngữ Trung Quốc
2294,BVU,ngon-ngu-trung-quoc,D01,Điểm học bạ,2021,18.0,Ngôn ngữ Trung Quốc
2295,BVU,ngon-ngu-trung-quoc,D15,Điểm học bạ,2021,18.0,Ngôn ngữ Trung Quốc
2296,BVU,ngon-ngu-trung-quoc,C00,Điểm thi THPT,2021,15.0,Ngôn ngữ Trung Quốc
2297,BVU,ngon-ngu-trung-quoc,C20,Điểm thi THPT,2021,15.0,Ngôn ngữ Trung Quốc
2298,BVU,ngon-ngu-trung-quoc,D01,Điểm thi THPT,2021,15.0,Ngôn ngữ Trung Quốc
2299,BVU,ngon-ngu-trung-quoc,D15,Điểm thi THPT,2021,15.0,Ngôn ngữ Trung Quốc
2300,BVU,ngon-ngu-trung-quoc,A01,Điểm học bạ,2022,18.0,Ngôn ngữ Trung Quốc
2301,BVU,ngon-ngu-trung-quoc,D01,Điểm học bạ,2022,18.0,Ngôn ngữ Trung Quốc
2302,BVU,ngon-ngu-trung-quoc,D15,Điểm học bạ,2022,18.0,Ngôn ngữ Trung Quốc
2303,BVU,ngon-ngu-trung-quoc,D66,Điểm học bạ,2022,18.0,Ngôn ngữ Trung Quốc
2304,BVU,ngon-ngu-trung-quoc,A01,Điểm thi THPT,2022,15.0,Ngôn ngữ Trung Quốc
2305,BVU,ngon-ngu-trung-quoc,D01,Điểm thi THPT,2022,15.0,Ngôn ngữ Trung Quốc
2306,BVU,ngon-ngu-trung-quoc,D15,Điểm thi THPT,2022,15.0,Ngôn ngữ Trung Quốc
2307,BVU,ngon-ngu-trung-quoc,D66,Điểm thi THPT,2022,15.0,Ngôn ngữ Trung Quốc
2308,BVU,ngon-ngu-trung-quoc,C00,Điểm học bạ,2023,18.0,Ngôn ngữ Trung Quốc
2309,BVU,ngon-ngu-trung-quoc,C19,Điểm học bạ,2023,18.0,Ngôn ngữ Trung Quốc
2310,BVU,ngon-ngu-trung-quoc,C20,Điểm học bạ,2023,18.0,Ngôn ngữ Trung Quốc
2311,BVU,ngon-ngu-trung-quoc,D01,Điểm học bạ,2023,18.0,Ngôn ngữ Trung Quốc
2312,BVU,ngon-ngu-trung-quoc,C00,Điểm thi THPT,2023,15.0,Ngôn ngữ Trung Quốc
2313,BVU,ngon-ngu-trung-quoc,C19,Điểm thi THPT,2023,15.0,Ngôn ngữ Trung Quốc
2314,BVU,ngon-ngu-trung-quoc,C20,Điểm thi THPT,2023,15.0,Ngôn ngữ Trung Quốc
2315,BVU,ngon-ngu-trung-quoc,D01,Điểm thi THPT,2023,15.0,Ngôn ngữ Trung Quốc
2316,BVU,ngon-ngu-trung-quoc,A01,Điểm học bạ,2024,18.0,Ngôn ngữ Trung Quốc
2317,BVU,ngon-ngu-trung-quoc,C00,Điểm học bạ,2024,18.0,Ngôn ngữ Trung Quốc
2318,BVU,ngon-ngu-trung-quoc,D01,Điểm học bạ,2024,18.0,Ngôn ngữ Trung Quốc
2319,BVU,ngon-ngu-trung-quoc,D14,Điểm học bạ,2024,18.0,Ngôn ngữ Trung Quốc
2320,BVU,ngon-ngu-trung-quoc,A01,Điểm thi THPT,2024,15.0,Ngôn ngữ Trung Quốc
2321,BVU,ngon-ngu-trung-quoc,C00,Điểm thi THPT,2024,15.0,Ngôn ngữ Trung Quốc
2322,BVU,ngon-ngu-trung-quoc,D01,Điểm thi THPT,2024,15.0,Ngôn ngữ Trung Quốc
2323,BVU,ngon-ngu-trung-quoc,D14,Điểm thi THPT,2024,15.0,Ngôn ngữ Trung Quốc
2324,BVU,ngon-ngu-trung-quoc,C00,Điểm học bạ,2025,16.0,"Ngôn ngữ Trung Quốc (Chương trình chuẩn, ngoại ngữ tiếng Anh/Nhật/Hàn/Trung)"
2325,BVU,ngon-ngu-trung-quoc,D01,Điểm học bạ,2025,16.0,"Ngôn ngữ Trung Quốc (Chương trình chuẩn, ngoại ngữ tiếng Anh/Nhật/Hàn/Trung)"
2326,BVU,ngon-ngu-trung-quoc,X01,Điểm học bạ,2025,16.0,"Ngôn ngữ Trung Quốc (Chương trình chuẩn, ngoại ngữ tiếng Anh/Nhật/Hàn/Trung)"
2327,BVU,ngon-ngu-trung-quoc,X70,Điểm học bạ,2025,16.0,"Ngôn ngữ Trung Quốc (Chương trình chuẩn, ngoại ngữ tiếng Anh/Nhật/Hàn/Trung)"
2328,BVU,ngon-ngu-trung-quoc,C00,Điểm thi THPT,2025,15.0,"Ngôn ngữ Trung Quốc (Chương trình chuẩn, ngoại ngữ tiếng Anh/Nhật/Hàn/Trung)"
2329,BVU,ngon-ngu-trung-quoc,D01,Điểm thi THPT,2025,15.0,"Ngôn ngữ Trung Quốc (Chương trình chuẩn, ngoại ngữ tiếng Anh/Nhật/Hàn/Trung)"
2330,BVU,ngon-ngu-trung-quoc,X01,Điểm thi THPT,2025,15.0,"Ngôn ngữ Trung Quốc (Chương trình chuẩn, ngoại ngữ tiếng Anh/Nhật/Hàn/Trung)"
2331,BVU,ngon-ngu-trung-quoc,X70,Điểm thi THPT,2025,15.0,"Ngôn ngữ Trung Quốc (Chương trình chuẩn, ngoại ngữ tiếng Anh/Nhật/Hàn/Trung)"
2332,BVU,quan-he-cong-chung,A00,Điểm học bạ,2025,16.0,Quan hệ công chúng
2333,BVU,quan-he-cong-chung,A01,Điểm học bạ,2025,16.0,Quan hệ công chúng
2334,BVU,quan-he-cong-chung,C00,Điểm học bạ,2025,16.0,Quan hệ công chúng
2335,BVU,quan-he-cong-chung,D01,Điểm học bạ,2025,16.0,Quan hệ công chúng
2336,BVU,quan-he-cong-chung,A00,Điểm thi THPT,2025,15.0,Quan hệ công chúng
2337,BVU,quan-he-cong-chung,A01,Điểm thi THPT,2025,15.0,Quan hệ công chúng
2338,BVU,quan-he-cong-chung,C00,Điểm thi THPT,2025,15.0,Quan hệ công chúng
2339,BVU,quan-he-cong-chung,D01,Điểm thi THPT,2025,15.0,Quan hệ công chúng
2340,BVU,quan-tri-dich-vu-du-lich-va-lu-hanh,A00,Điểm học bạ,2021,18.0,Quản trị dịch vụ du lịch và lữ hành
2341,BVU,quan-tri-dich-vu-du-lich-va-lu-hanh,C00,Điểm học bạ,2021,18.0,Quản trị dịch vụ du lịch và lữ hành
2342,BVU,quan-tri-dich-vu-du-lich-va-lu-hanh,C20,Điểm học bạ,2021,18.0,Quản trị dịch vụ du lịch và lữ hành
2343,BVU,quan-tri-dich-vu-du-lich-va-lu-hanh,D01,Điểm học bạ,2021,18.0,Quản trị dịch vụ du lịch và lữ hành
2344,BVU,quan-tri-dich-vu-du-lich-va-lu-hanh,A00,Điểm thi THPT,2021,15.0,Quản trị dịch vụ du lịch và lữ hành
2345,BVU,quan-tri-dich-vu-du-lich-va-lu-hanh,C00,Điểm thi THPT,2021,15.0,Quản trị dịch vụ du lịch và lữ hành
2346,BVU,quan-tri-dich-vu-du-lich-va-lu-hanh,C20,Điểm thi THPT,2021,15.0,Quản trị dịch vụ du lịch và lữ hành
2347,BVU,quan-tri-dich-vu-du-lich-va-lu-hanh,D01,Điểm thi THPT,2021,15.0,Quản trị dịch vụ du lịch và lữ hành
2348,BVU,quan-tri-dich-vu-du-lich-va-lu-hanh,A00,Điểm học bạ,2022,18.0,Quản trị dịch vụ du lịch và lữ hành
2349,BVU,quan-tri-dich-vu-du-lich-va-lu-hanh,C19,Điểm học bạ,2022,18.0,Quản trị dịch vụ du lịch và lữ hành
2350,BVU,quan-tri-dich-vu-du-lich-va-lu-hanh,C20,Điểm học bạ,2022,18.0,Quản trị dịch vụ du lịch và lữ hành
2351,BVU,quan-tri-dich-vu-du-lich-va-lu-hanh,D15,Điểm học bạ,2022,18.0,Quản trị dịch vụ du lịch và lữ hành
2352,BVU,quan-tri-dich-vu-du-lich-va-lu-hanh,A00,Điểm thi THPT,2022,15.0,Quản trị dịch vụ du lịch và lữ hành
2353,BVU,quan-tri-dich-vu-du-lich-va-lu-hanh,C19,Điểm thi THPT,2022,15.0,Quản trị dịch vụ du lịch và lữ hành
2354,BVU,quan-tri-dich-vu-du-lich-va-lu-hanh,C20,Điểm thi THPT,2022,15.0,Quản trị dịch vụ du lịch và lữ hành
2355,BVU,quan-tri-dich-vu-du-lich-va-lu-hanh,D15,Điểm thi THPT,2022,15.0,Quản trị dịch vụ du lịch và lữ hành
2356,BVU,quan-tri-dich-vu-du-lich-va-lu-hanh,C00,Điểm học bạ,2023,18.0,Quản trị dịch vụ du lịch và lữ hành
2357,BVU,quan-tri-dich-vu-du-lich-va-lu-hanh,C20,Điểm học bạ,2023,18.0,Quản trị dịch vụ du lịch và lữ hành
2358,BVU,quan-tri-dich-vu-du-lich-va-lu-hanh,D01,Điểm học bạ,2023,18.0,Quản trị dịch vụ du lịch và lữ hành
2359,BVU,quan-tri-dich-vu-du-lich-va-lu-hanh,D15,Điểm học bạ,2023,18.0,Quản trị dịch vụ du lịch và lữ hành
2360,BVU,quan-tri-dich-vu-du-lich-va-lu-hanh,C00,Điểm thi THPT,2023,15.0,Quản trị dịch vụ du lịch và lữ hành
2361,BVU,quan-tri-dich-vu-du-lich-va-lu-hanh,C20,Điểm thi THPT,2023,15.0,Quản trị dịch vụ du lịch và lữ hành
2362,BVU,quan-tri-dich-vu-du-lich-va-lu-hanh,D01,Điểm thi THPT,2023,15.0,Quản trị dịch vụ du lịch và lữ hành
2363,BVU,quan-tri-dich-vu-du-lich-va-lu-hanh,D15,Điểm thi THPT,2023,15.0,Quản trị dịch vụ du lịch và lữ hành
2364,BVU,quan-tri-dich-vu-du-lich-va-lu-hanh,A00,Điểm học bạ,2024,18.0,Quản trị dịch vụ du lịch và lữ hành
2365,BVU,quan-tri-dich-vu-du-lich-va-lu-hanh,A01,Điểm học bạ,2024,18.0,Quản trị dịch vụ du lịch và lữ hành
2366,BVU,quan-tri-dich-vu-du-lich-va-lu-hanh,C00,Điểm học bạ,2024,18.0,Quản trị dịch vụ du lịch và lữ hành
2367,BVU,quan-tri-dich-vu-du-lich-va-lu-hanh,D01,Điểm học bạ,2024,18.0,Quản trị dịch vụ du lịch và lữ hành
2368,BVU,quan-tri-dich-vu-du-lich-va-lu-hanh,A00,Điểm thi THPT,2024,15.0,Quản trị dịch vụ du lịch và lữ hành
2369,BVU,quan-tri-dich-vu-du-lich-va-lu-hanh,A01,Điểm thi THPT,2024,15.0,Quản trị dịch vụ du lịch và lữ hành
2370,BVU,quan-tri-dich-vu-du-lich-va-lu-hanh,C00,Điểm thi THPT,2024,15.0,Quản trị dịch vụ du lịch và lữ hành
2371,BVU,quan-tri-dich-vu-du-lich-va-lu-hanh,D01,Điểm thi THPT,2024,15.0,Quản trị dịch vụ du lịch và lữ hành
2372,BVU,quan-tri-dich-vu-du-lich-va-lu-hanh,A00,Điểm học bạ,2025,16.0,Quản trị dịch vụ du lịch và lữ hành
2373,BVU,quan-tri-dich-vu-du-lich-va-lu-hanh,A01,Điểm học bạ,2025,16.0,Quản trị dịch vụ du lịch và lữ hành
2374,BVU,quan-tri-dich-vu-du-lich-va-lu-hanh,C00,Điểm học bạ,2025,16.0,Quản trị dịch vụ du lịch và lữ hành
2375,BVU,quan-tri-dich-vu-du-lich-va-lu-hanh,D01,Điểm học bạ,2025,16.0,Quản trị dịch vụ du lịch và lữ hành
2376,BVU,quan-tri-dich-vu-du-lich-va-lu-hanh,A00,Điểm thi THPT,2025,15.0,Quản trị dịch vụ du lịch và lữ hành
2377,BVU,quan-tri-dich-vu-du-lich-va-lu-hanh,A01,Điểm thi THPT,2025,15.0,Quản trị dịch vụ du lịch và lữ hành
2378,BVU,quan-tri-dich-vu-du-lich-va-lu-hanh,C00,Điểm thi THPT,2025,15.0,Quản trị dịch vụ du lịch và lữ hành
2379,BVU,quan-tri-dich-vu-du-lich-va-lu-hanh,D01,Điểm thi THPT,2025,15.0,Quản trị dịch vụ du lịch và lữ hành
2380,BVU,quan-tri-dich-vu-du-lich-va-lu-hanh-ngon-ngu-anh,A01,Điểm học bạ,2024,18.0,Quản trị dịch vụ du lịch và lữ hành & Ngôn ngữ Anh
2381,BVU,quan-tri-dich-vu-du-lich-va-lu-hanh-ngon-ngu-anh,D01,Điểm học bạ,2024,18.0,Quản trị dịch vụ du lịch và lữ hành & Ngôn ngữ Anh
2382,BVU,quan-tri-dich-vu-du-lich-va-lu-hanh-ngon-ngu-anh,D15,Điểm học bạ,2024,18.0,Quản trị dịch vụ du lịch và lữ hành & Ngôn ngữ Anh
2383,BVU,quan-tri-dich-vu-du-lich-va-lu-hanh-ngon-ngu-anh,D66,Điểm học bạ,2024,18.0,Quản trị dịch vụ du lịch và lữ hành & Ngôn ngữ Anh
2384,BVU,quan-tri-dich-vu-du-lich-va-lu-hanh-ngon-ngu-anh,A01,Điểm thi THPT,2024,15.0,Quản trị dịch vụ du lịch và lữ hành & Ngôn ngữ Anh
2385,BVU,quan-tri-dich-vu-du-lich-va-lu-hanh-ngon-ngu-anh,D01,Điểm thi THPT,2024,15.0,Quản trị dịch vụ du lịch và lữ hành & Ngôn ngữ Anh
2386,BVU,quan-tri-dich-vu-du-lich-va-lu-hanh-ngon-ngu-anh,D15,Điểm thi THPT,2024,15.0,Quản trị dịch vụ du lịch và lữ hành & Ngôn ngữ Anh
2387,BVU,quan-tri-dich-vu-du-lich-va-lu-hanh-ngon-ngu-anh,D66,Điểm thi THPT,2024,15.0,Quản trị dịch vụ du lịch và lữ hành & Ngôn ngữ Anh
2388,BVU,quan-tri-dich-vu-du-lich-va-lu-hanh-ngon-ngu-anh,A01,Điểm học bạ,2025,16.0,Quản trị dịch vụ du lịch và lữ hành & Ngôn ngữ Anh (Chương trình chuẩn nhận cùng lúc hai bằng cử nhân)
2389,BVU,quan-tri-dich-vu-du-lich-va-lu-hanh-ngon-ngu-anh,C00,Điểm học bạ,2025,16.0,Quản trị dịch vụ du lịch và lữ hành & Ngôn ngữ Anh (Chương trình chuẩn nhận cùng lúc hai bằng cử nhân)
2390,BVU,quan-tri-dich-vu-du-lich-va-lu-hanh-ngon-ngu-anh,D01,Điểm học bạ,2025,16.0,Quản trị dịch vụ du lịch và lữ hành & Ngôn ngữ Anh (Chương trình chuẩn nhận cùng lúc hai bằng cử nhân)
2391,BVU,quan-tri-dich-vu-du-lich-va-lu-hanh-ngon-ngu-anh,X01,Điểm học bạ,2025,16.0,Quản trị dịch vụ du lịch và lữ hành & Ngôn ngữ Anh (Chương trình chuẩn nhận cùng lúc hai bằng cử nhân)
2392,BVU,quan-tri-dich-vu-du-lich-va-lu-hanh-ngon-ngu-anh,A01,Điểm thi THPT,2025,15.0,Quản trị dịch vụ du lịch và lữ hành & Ngôn ngữ Anh (Chương trình chuẩn nhận cùng lúc hai bằng cử nhân)
2393,BVU,quan-tri-dich-vu-du-lich-va-lu-hanh-ngon-ngu-anh,C00,Điểm thi THPT,2025,15.0,Quản trị dịch vụ du lịch và lữ hành & Ngôn ngữ Anh (Chương trình chuẩn nhận cùng lúc hai bằng cử nhân)
2394,BVU,quan-tri-dich-vu-du-lich-va-lu-hanh-ngon-ngu-anh,D01,Điểm thi THPT,2025,15.0,Quản trị dịch vụ du lịch và lữ hành & Ngôn ngữ Anh (Chương trình chuẩn nhận cùng lúc hai bằng cử nhân)
2395,BVU,quan-tri-dich-vu-du-lich-va-lu-hanh-ngon-ngu-anh,X01,Điểm thi THPT,2025,15.0,Quản trị dịch vụ du lịch và lữ hành & Ngôn ngữ Anh (Chương trình chuẩn nhận cùng lúc hai bằng cử nhân)
2396,BVU,quan-tri-khach-san,A00,Điểm học bạ,2021,18.0,Quản trị khách sạn
2397,BVU,quan-tri-khach-san,C00,Điểm học bạ,2021,18.0,Quản trị khách sạn
2398,BVU,quan-tri-khach-san,C20,Điểm học bạ,2021,18.0,Quản trị khách sạn
2399,BVU,quan-tri-khach-san,D01,Điểm học bạ,2021,18.0,Quản trị khách sạn
2400,BVU,quan-tri-khach-san,A00,Điểm thi THPT,2021,15.0,Quản trị khách sạn
2401,BVU,quan-tri-khach-san,C00,Điểm thi THPT,2021,15.0,Quản trị khách sạn
2402,BVU,quan-tri-khach-san,C20,Điểm thi THPT,2021,15.0,Quản trị khách sạn
2403,BVU,quan-tri-khach-san,D01,Điểm thi THPT,2021,15.0,Quản trị khách sạn
2404,BVU,quan-tri-khach-san,A00,Điểm học bạ,2022,18.0,Quản trị khách sạn
2405,BVU,quan-tri-khach-san,C19,Điểm học bạ,2022,18.0,Quản trị khách sạn
2406,BVU,quan-tri-khach-san,C20,Điểm học bạ,2022,18.0,Quản trị khách sạn
2407,BVU,quan-tri-khach-san,D15,Điểm học bạ,2022,18.0,Quản trị khách sạn
2408,BVU,quan-tri-khach-san,A00,Điểm thi THPT,2022,15.0,Quản trị khách sạn
2409,BVU,quan-tri-khach-san,C19,Điểm thi THPT,2022,15.0,Quản trị khách sạn
2410,BVU,quan-tri-khach-san,C20,Điểm thi THPT,2022,15.0,Quản trị khách sạn
2411,BVU,quan-tri-khach-san,D15,Điểm thi THPT,2022,15.0,Quản trị khách sạn
2412,BVU,quan-tri-khach-san,C00,Điểm học bạ,2023,18.0,Quản trị khách sạn
2413,BVU,quan-tri-khach-san,C20,Điểm học bạ,2023,18.0,Quản trị khách sạn
2414,BVU,quan-tri-khach-san,D01,Điểm học bạ,2023,18.0,Quản trị khách sạn
2415,BVU,quan-tri-khach-san,D15,Điểm học bạ,2023,18.0,Quản trị khách sạn
2416,BVU,quan-tri-khach-san,C00,Điểm thi THPT,2023,15.0,Quản trị khách sạn
2417,BVU,quan-tri-khach-san,C20,Điểm thi THPT,2023,15.0,Quản trị khách sạn
2418,BVU,quan-tri-khach-san,D01,Điểm thi THPT,2023,15.0,Quản trị khách sạn
2419,BVU,quan-tri-khach-san,D15,Điểm thi THPT,2023,15.0,Quản trị khách sạn
2420,BVU,quan-tri-khach-san,A00,Điểm học bạ,2024,18.0,Quản trị khách sạn
2421,BVU,quan-tri-khach-san,A01,Điểm học bạ,2024,18.0,Quản trị khách sạn
2422,BVU,quan-tri-khach-san,C00,Điểm học bạ,2024,18.0,Quản trị khách sạn
2423,BVU,quan-tri-khach-san,D01,Điểm học bạ,2024,18.0,Quản trị khách sạn
2424,BVU,quan-tri-khach-san,A00,Điểm thi THPT,2024,15.0,Quản trị khách sạn
2425,BVU,quan-tri-khach-san,A01,Điểm thi THPT,2024,15.0,Quản trị khách sạn
2426,BVU,quan-tri-khach-san,C00,Điểm thi THPT,2024,15.0,Quản trị khách sạn
2427,BVU,quan-tri-khach-san,D01,Điểm thi THPT,2024,15.0,Quản trị khách sạn
2428,BVU,quan-tri-khach-san,A00,Điểm học bạ,2025,16.0,Quản trị khách sạn
2429,BVU,quan-tri-khach-san,A01,Điểm học bạ,2025,16.0,Quản trị khách sạn
2430,BVU,quan-tri-khach-san,C00,Điểm học bạ,2025,16.0,Quản trị khách sạn
2431,BVU,quan-tri-khach-san,D01,Điểm học bạ,2025,16.0,Quản trị khách sạn
2432,BVU,quan-tri-khach-san,A00,Điểm thi THPT,2025,15.0,Quản trị khách sạn
2433,BVU,quan-tri-khach-san,A01,Điểm thi THPT,2025,15.0,Quản trị khách sạn
2434,BVU,quan-tri-khach-san,C00,Điểm thi THPT,2025,15.0,Quản trị khách sạn
2435,BVU,quan-tri-khach-san,D01,Điểm thi THPT,2025,15.0,Quản trị khách sạn
2436,BVU,quan-tri-khach-san-ngon-ngu-anh,A01,Điểm học bạ,2024,18.0,Quản trị khách sạn & Ngôn ngữ Anh
2437,BVU,quan-tri-khach-san-ngon-ngu-anh,D01,Điểm học bạ,2024,18.0,Quản trị khách sạn & Ngôn ngữ Anh
2438,BVU,quan-tri-khach-san-ngon-ngu-anh,D15,Điểm học bạ,2024,18.0,Quản trị khách sạn & Ngôn ngữ Anh
2439,BVU,quan-tri-khach-san-ngon-ngu-anh,D66,Điểm học bạ,2024,18.0,Quản trị khách sạn & Ngôn ngữ Anh
2440,BVU,quan-tri-khach-san-ngon-ngu-anh,A01,Điểm thi THPT,2024,15.0,Quản trị khách sạn & Ngôn ngữ Anh
2441,BVU,quan-tri-khach-san-ngon-ngu-anh,D01,Điểm thi THPT,2024,15.0,Quản trị khách sạn & Ngôn ngữ Anh
2442,BVU,quan-tri-khach-san-ngon-ngu-anh,D15,Điểm thi THPT,2024,15.0,Quản trị khách sạn & Ngôn ngữ Anh
2443,BVU,quan-tri-khach-san-ngon-ngu-anh,D66,Điểm thi THPT,2024,15.0,Quản trị khách sạn & Ngôn ngữ Anh
2444,BVU,quan-tri-khach-san-ngon-ngu-anh,A01,Điểm học bạ,2025,16.0,Quản trị khách sạn & Ngôn ngữ Anh (Chương trình chuẩn nhận cùng lúc hai bằng cử nhân)
2445,BVU,quan-tri-khach-san-ngon-ngu-anh,C00,Điểm học bạ,2025,16.0,Quản trị khách sạn & Ngôn ngữ Anh (Chương trình chuẩn nhận cùng lúc hai bằng cử nhân)
2446,BVU,quan-tri-khach-san-ngon-ngu-anh,D01,Điểm học bạ,2025,16.0,Quản trị khách sạn & Ngôn ngữ Anh (Chương trình chuẩn nhận cùng lúc hai bằng cử nhân)
2447,BVU,quan-tri-khach-san-ngon-ngu-anh,X01,Điểm học bạ,2025,16.0,Quản trị khách sạn & Ngôn ngữ Anh (Chương trình chuẩn nhận cùng lúc hai bằng cử nhân)
2448,BVU,quan-tri-khach-san-ngon-ngu-anh,A01,Điểm thi THPT,2025,15.0,Quản trị khách sạn & Ngôn ngữ Anh (Chương trình chuẩn nhận cùng lúc hai bằng cử nhân)
2449,BVU,quan-tri-khach-san-ngon-ngu-anh,C00,Điểm thi THPT,2025,15.0,Quản trị khách sạn & Ngôn ngữ Anh (Chương trình chuẩn nhận cùng lúc hai bằng cử nhân)
2450,BVU,quan-tri-khach-san-ngon-ngu-anh,D01,Điểm thi THPT,2025,15.0,Quản trị khách sạn & Ngôn ngữ Anh (Chương trình chuẩn nhận cùng lúc hai bằng cử nhân)
2451,BVU,quan-tri-khach-san-ngon-ngu-anh,X01,Điểm thi THPT,2025,15.0,Quản trị khách sạn & Ngôn ngữ Anh (Chương trình chuẩn nhận cùng lúc hai bằng cử nhân)
2452,BVU,quan-tri-kinh-doanh,A00,Điểm học bạ,2021,18.0,Quản trị kinh doanh
2453,BVU,quan-tri-kinh-doanh,C00,Điểm học bạ,2021,18.0,Quản trị kinh doanh
2454,BVU,quan-tri-kinh-doanh,C20,Điểm học bạ,2021,18.0,Quản trị kinh doanh
2455,BVU,quan-tri-kinh-doanh,D01,Điểm học bạ,2021,18.0,Quản trị kinh doanh
2456,BVU,quan-tri-kinh-doanh,A00,Điểm thi THPT,2021,15.0,Quản trị kinh doanh
2457,BVU,quan-tri-kinh-doanh,C00,Điểm thi THPT,2021,15.0,Quản trị kinh doanh
2458,BVU,quan-tri-kinh-doanh,C20,Điểm thi THPT,2021,15.0,Quản trị kinh doanh
2459,BVU,quan-tri-kinh-doanh,D01,Điểm thi THPT,2021,15.0,Quản trị kinh doanh
2460,BVU,quan-tri-kinh-doanh,A00,Điểm học bạ,2022,18.0,Quản trị kinh doanh
2461,BVU,quan-tri-kinh-doanh,C00,Điểm học bạ,2022,18.0,Quản trị kinh doanh
2462,BVU,quan-tri-kinh-doanh,C20,Điểm học bạ,2022,18.0,Quản trị kinh doanh
2463,BVU,quan-tri-kinh-doanh,D01,Điểm học bạ,2022,18.0,Quản trị kinh doanh
2464,BVU,quan-tri-kinh-doanh,A00,Điểm thi THPT,2022,15.0,Quản trị kinh doanh
2465,BVU,quan-tri-kinh-doanh,C00,Điểm thi THPT,2022,15.0,Quản trị kinh doanh
2466,BVU,quan-tri-kinh-doanh,C20,Điểm thi THPT,2022,15.0,Quản trị kinh doanh
2467,BVU,quan-tri-kinh-doanh,D01,Điểm thi THPT,2022,15.0,Quản trị kinh doanh
2468,BVU,quan-tri-kinh-doanh,A00,Điểm học bạ,2023,22.0,Quản trị kinh doanh
2469,BVU,quan-tri-kinh-doanh,C00,Điểm học bạ,2023,22.0,Quản trị kinh doanh
2470,BVU,quan-tri-kinh-doanh,C20,Điểm học bạ,2023,22.0,Quản trị kinh doanh
2471,BVU,quan-tri-kinh-doanh,D01,Điểm học bạ,2023,22.0,Quản trị kinh doanh
2472,BVU,quan-tri-kinh-doanh,A00,Điểm thi THPT,2023,15.0,Quản trị kinh doanh
2473,BVU,quan-tri-kinh-doanh,C00,Điểm thi THPT,2023,15.0,Quản trị kinh doanh
2474,BVU,quan-tri-kinh-doanh,C20,Điểm thi THPT,2023,15.0,Quản trị kinh doanh
2475,BVU,quan-tri-kinh-doanh,D01,Điểm thi THPT,2023,15.0,Quản trị kinh doanh
2476,BVU,quan-tri-kinh-doanh,A00,Điểm học bạ,2024,18.0,Quản trị kinh doanh
2477,BVU,quan-tri-kinh-doanh,A01,Điểm học bạ,2024,18.0,Quản trị kinh doanh
2478,BVU,quan-tri-kinh-doanh,C00,Điểm học bạ,2024,18.0,Quản trị kinh doanh
2479,BVU,quan-tri-kinh-doanh,D01,Điểm học bạ,2024,18.0,Quản trị kinh doanh
2480,BVU,quan-tri-kinh-doanh,A00,Điểm thi THPT,2024,15.0,Quản trị kinh doanh
2481,BVU,quan-tri-kinh-doanh,A01,Điểm thi THPT,2024,15.0,Quản trị kinh doanh
2482,BVU,quan-tri-kinh-doanh,C00,Điểm thi THPT,2024,15.0,Quản trị kinh doanh
2483,BVU,quan-tri-kinh-doanh,D01,Điểm thi THPT,2024,15.0,Quản trị kinh doanh
2484,BVU,quan-tri-kinh-doanh,A00,Điểm học bạ,2025,16.0,"Quản trị kinh doanh (Quản trị doanh nghiệp - Chương trình chuẩn, ngoại ngữ tiếng Anh)"
2485,BVU,quan-tri-kinh-doanh,A01,Điểm học bạ,2025,16.0,"Quản trị kinh doanh (Quản trị doanh nghiệp - Chương trình chuẩn, ngoại ngữ tiếng Anh)"
2486,BVU,quan-tri-kinh-doanh,C00,Điểm học bạ,2025,16.0,"Quản trị kinh doanh (Quản trị doanh nghiệp - Chương trình chuẩn, ngoại ngữ tiếng Anh)"
2487,BVU,quan-tri-kinh-doanh,D01,Điểm học bạ,2025,16.0,"Quản trị kinh doanh (Quản trị doanh nghiệp - Chương trình chuẩn, ngoại ngữ tiếng Anh)"
2488,BVU,quan-tri-kinh-doanh,A00,Điểm thi THPT,2025,15.0,Quản trị kinh doanh
2489,BVU,quan-tri-kinh-doanh,A01,Điểm thi THPT,2025,15.0,Quản trị kinh doanh
2490,BVU,quan-tri-kinh-doanh,C00,Điểm thi THPT,2025,15.0,Quản trị kinh doanh
2491,BVU,quan-tri-kinh-doanh,D01,Điểm thi THPT,2025,15.0,Quản trị kinh doanh
2492,BVU,quan-tri-kinh-doanh-luat,A00,Điểm học bạ,2024,18.0,Quản trị kinh doanh & Luật
2493,BVU,quan-tri-kinh-doanh-luat,A01,Điểm học bạ,2024,18.0,Quản trị kinh doanh & Luật
2494,BVU,quan-tri-kinh-doanh-luat,C19,Điểm học bạ,2024,18.0,Quản trị kinh doanh & Luật
2495,BVU,quan-tri-kinh-doanh-luat,D01,Điểm học bạ,2024,18.0,Quản trị kinh doanh & Luật
2496,BVU,quan-tri-kinh-doanh-luat,A00,Điểm thi THPT,2024,15.0,Quản trị kinh doanh & Luật
2497,BVU,quan-tri-kinh-doanh-luat,A01,Điểm thi THPT,2024,15.0,Quản trị kinh doanh & Luật
2498,BVU,quan-tri-kinh-doanh-luat,C19,Điểm thi THPT,2024,15.0,Quản trị kinh doanh & Luật
2499,BVU,quan-tri-kinh-doanh-luat,D01,Điểm thi THPT,2024,15.0,Quản trị kinh doanh & Luật
2500,BVU,quan-tri-kinh-doanh-luat,A01,Điểm học bạ,2025,16.0,Quản trị kinh doanh & Luật (Chương trình chuẩn nhận cùng lúc hai bằng cử nhân)
2501,BVU,quan-tri-kinh-doanh-luat,C00,Điểm học bạ,2025,16.0,Quản trị kinh doanh & Luật (Chương trình chuẩn nhận cùng lúc hai bằng cử nhân)
2502,BVU,quan-tri-kinh-doanh-luat,D01,Điểm học bạ,2025,16.0,Quản trị kinh doanh & Luật (Chương trình chuẩn nhận cùng lúc hai bằng cử nhân)
2503,BVU,quan-tri-kinh-doanh-luat,X01,Điểm học bạ,2025,16.0,Quản trị kinh doanh & Luật (Chương trình chuẩn nhận cùng lúc hai bằng cử nhân)
2504,BVU,quan-tri-kinh-doanh-luat,A01,Điểm thi THPT,2025,15.0,Quản trị kinh doanh & Luật (Chương trình chuẩn nhận cùng lúc hai bằng cử nhân)
2505,BVU,quan-tri-kinh-doanh-luat,C00,Điểm thi THPT,2025,15.0,Quản trị kinh doanh & Luật (Chương trình chuẩn nhận cùng lúc hai bằng cử nhân)
2506,BVU,quan-tri-kinh-doanh-luat,D01,Điểm thi THPT,2025,15.0,Quản trị kinh doanh & Luật (Chương trình chuẩn nhận cùng lúc hai bằng cử nhân)
2507,BVU,quan-tri-kinh-doanh-luat,X01,Điểm thi THPT,2025,15.0,Quản trị kinh doanh & Luật (Chương trình chuẩn nhận cùng lúc hai bằng cử nhân)
2508,BVU,quan-tri-kinh-doanh-ngon-ngu-anh,A01,Điểm học bạ,2024,18.0,Quản trị kinh doanh & Ngôn ngữ Anh
2509,BVU,quan-tri-kinh-doanh-ngon-ngu-anh,D01,Điểm học bạ,2024,18.0,Quản trị kinh doanh & Ngôn ngữ Anh
2510,BVU,quan-tri-kinh-doanh-ngon-ngu-anh,D15,Điểm học bạ,2024,18.0,Quản trị kinh doanh & Ngôn ngữ Anh
2511,BVU,quan-tri-kinh-doanh-ngon-ngu-anh,D66,Điểm học bạ,2024,18.0,Quản trị kinh doanh & Ngôn ngữ Anh
2512,BVU,quan-tri-kinh-doanh-ngon-ngu-anh,A01,Điểm thi THPT,2024,15.0,Quản trị kinh doanh & Ngôn ngữ Anh
2513,BVU,quan-tri-kinh-doanh-ngon-ngu-anh,D01,Điểm thi THPT,2024,15.0,Quản trị kinh doanh & Ngôn ngữ Anh
2514,BVU,quan-tri-kinh-doanh-ngon-ngu-anh,D15,Điểm thi THPT,2024,15.0,Quản trị kinh doanh & Ngôn ngữ Anh
2515,BVU,quan-tri-kinh-doanh-ngon-ngu-anh,D66,Điểm thi THPT,2024,15.0,Quản trị kinh doanh & Ngôn ngữ Anh
2516,BVU,quan-tri-kinh-doanh-ngon-ngu-anh,A01,Điểm học bạ,2025,16.0,Quản trị kinh doanh & Ngôn ngữ Anh (Chương trình chuẩn nhận cùng lúc hai bằng cử nhân)
2517,BVU,quan-tri-kinh-doanh-ngon-ngu-anh,C00,Điểm học bạ,2025,16.0,Quản trị kinh doanh & Ngôn ngữ Anh (Chương trình chuẩn nhận cùng lúc hai bằng cử nhân)
2518,BVU,quan-tri-kinh-doanh-ngon-ngu-anh,D01,Điểm học bạ,2025,16.0,Quản trị kinh doanh & Ngôn ngữ Anh (Chương trình chuẩn nhận cùng lúc hai bằng cử nhân)
2519,BVU,quan-tri-kinh-doanh-ngon-ngu-anh,X01,Điểm học bạ,2025,16.0,Quản trị kinh doanh & Ngôn ngữ Anh (Chương trình chuẩn nhận cùng lúc hai bằng cử nhân)
2520,BVU,quan-tri-kinh-doanh-ngon-ngu-anh,A01,Điểm thi THPT,2025,15.0,Quản trị kinh doanh & Ngôn ngữ Anh (Chương trình chuẩn nhận cùng lúc hai bằng cử nhân)
2521,BVU,quan-tri-kinh-doanh-ngon-ngu-anh,C00,Điểm thi THPT,2025,15.0,Quản trị kinh doanh & Ngôn ngữ Anh (Chương trình chuẩn nhận cùng lúc hai bằng cử nhân)
2522,BVU,quan-tri-kinh-doanh-ngon-ngu-anh,D01,Điểm thi THPT,2025,15.0,Quản trị kinh doanh & Ngôn ngữ Anh (Chương trình chuẩn nhận cùng lúc hai bằng cử nhân)
2523,BVU,quan-tri-kinh-doanh-ngon-ngu-anh,X01,Điểm thi THPT,2025,15.0,Quản trị kinh doanh & Ngôn ngữ Anh (Chương trình chuẩn nhận cùng lúc hai bằng cử nhân)
2524,BVU,quan-tri-nha-hang-va-dich-vu-an-uong,A00,Điểm học bạ,2021,18.0,Quản trị nhà hàng và dịch vụ ăn uống
2525,BVU,quan-tri-nha-hang-va-dich-vu-an-uong,C00,Điểm học bạ,2021,18.0,Quản trị nhà hàng và dịch vụ ăn uống
2526,BVU,quan-tri-nha-hang-va-dich-vu-an-uong,C01,Điểm học bạ,2021,18.0,Quản trị nhà hàng và dịch vụ ăn uống
2527,BVU,quan-tri-nha-hang-va-dich-vu-an-uong,D01,Điểm học bạ,2021,18.0,Quản trị nhà hàng và dịch vụ ăn uống
2528,BVU,quan-tri-nha-hang-va-dich-vu-an-uong,A00,Điểm thi THPT,2021,15.0,Quản trị nhà hàng và dịch vụ ăn uống
2529,BVU,quan-tri-nha-hang-va-dich-vu-an-uong,C00,Điểm thi THPT,2021,15.0,Quản trị nhà hàng và dịch vụ ăn uống
2530,BVU,quan-tri-nha-hang-va-dich-vu-an-uong,C01,Điểm thi THPT,2021,15.0,Quản trị nhà hàng và dịch vụ ăn uống
2531,BVU,quan-tri-nha-hang-va-dich-vu-an-uong,D01,Điểm thi THPT,2021,15.0,Quản trị nhà hàng và dịch vụ ăn uống
2532,BVU,quan-tri-nha-hang-va-dich-vu-an-uong,A00,Điểm học bạ,2022,18.0,Quản trị nhà hàng và dịch vụ ăn uống
2533,BVU,quan-tri-nha-hang-va-dich-vu-an-uong,C19,Điểm học bạ,2022,18.0,Quản trị nhà hàng và dịch vụ ăn uống
2534,BVU,quan-tri-nha-hang-va-dich-vu-an-uong,C20,Điểm học bạ,2022,18.0,Quản trị nhà hàng và dịch vụ ăn uống
2535,BVU,quan-tri-nha-hang-va-dich-vu-an-uong,D15,Điểm học bạ,2022,18.0,Quản trị nhà hàng và dịch vụ ăn uống
2536,BVU,quan-tri-nha-hang-va-dich-vu-an-uong,A00,Điểm thi THPT,2022,15.0,Quản trị nhà hàng và dịch vụ ăn uống
2537,BVU,quan-tri-nha-hang-va-dich-vu-an-uong,C19,Điểm thi THPT,2022,15.0,Quản trị nhà hàng và dịch vụ ăn uống
2538,BVU,quan-tri-nha-hang-va-dich-vu-an-uong,C20,Điểm thi THPT,2022,15.0,Quản trị nhà hàng và dịch vụ ăn uống
2539,BVU,quan-tri-nha-hang-va-dich-vu-an-uong,D15,Điểm thi THPT,2022,15.0,Quản trị nhà hàng và dịch vụ ăn uống
2540,BVU,tai-chinh-ngan-hang,A00,Điểm học bạ,2021,18.0,Tài chính - Ngân hàng
2541,BVU,tai-chinh-ngan-hang,A01,Điểm học bạ,2021,18.0,Tài chính - Ngân hàng
2542,BVU,tai-chinh-ngan-hang,D01,Điểm học bạ,2021,18.0,Tài chính - Ngân hàng
2543,BVU,tai-chinh-ngan-hang,D09,Điểm học bạ,2021,18.0,Tài chính - Ngân hàng
2544,BVU,tai-chinh-ngan-hang,A00,Điểm thi THPT,2021,15.0,Tài chính - Ngân hàng
2545,BVU,tai-chinh-ngan-hang,A01,Điểm thi THPT,2021,15.0,Tài chính - Ngân hàng
2546,BVU,tai-chinh-ngan-hang,D01,Điểm thi THPT,2021,15.0,Tài chính - Ngân hàng
2547,BVU,tai-chinh-ngan-hang,D09,Điểm thi THPT,2021,15.0,Tài chính - Ngân hàng
2548,BVU,tai-chinh-ngan-hang,A00,Điểm học bạ,2022,18.0,Tài chính – Ngân hàng
2549,BVU,tai-chinh-ngan-hang,A01,Điểm học bạ,2022,18.0,Tài chính – Ngân hàng
2550,BVU,tai-chinh-ngan-hang,C14,Điểm học bạ,2022,18.0,Tài chính – Ngân hàng
2551,BVU,tai-chinh-ngan-hang,D01,Điểm học bạ,2022,18.0,Tài chính – Ngân hàng
2552,BVU,tai-chinh-ngan-hang,A00,Điểm thi THPT,2022,15.0,Tài chính – Ngân hàng
2553,BVU,tai-chinh-ngan-hang,A01,Điểm thi THPT,2022,15.0,Tài chính – Ngân hàng
2554,BVU,tai-chinh-ngan-hang,C14,Điểm thi THPT,2022,15.0,Tài chính – Ngân hàng
2555,BVU,tai-chinh-ngan-hang,D01,Điểm thi THPT,2022,15.0,Tài chính – Ngân hàng
2556,BVU,tai-chinh-ngan-hang,A00,Điểm học bạ,2023,18.0,Tài chính – Ngân hàng
2557,BVU,tai-chinh-ngan-hang,A01,Điểm học bạ,2023,18.0,Tài chính – Ngân hàng
2558,BVU,tai-chinh-ngan-hang,C14,Điểm học bạ,2023,18.0,Tài chính – Ngân hàng
2559,BVU,tai-chinh-ngan-hang,D01,Điểm học bạ,2023,18.0,Tài chính – Ngân hàng
2560,BVU,tai-chinh-ngan-hang,A00,Điểm thi THPT,2023,15.0,Tài chính - Ngân hàng
2561,BVU,tai-chinh-ngan-hang,A01,Điểm thi THPT,2023,15.0,Tài chính - Ngân hàng
2562,BVU,tai-chinh-ngan-hang,C14,Điểm thi THPT,2023,15.0,Tài chính - Ngân hàng
2563,BVU,tai-chinh-ngan-hang,D01,Điểm thi THPT,2023,15.0,Tài chính - Ngân hàng
2564,BVU,tai-chinh-ngan-hang,A00,Điểm học bạ,2024,18.0,Tài chính - Ngân hàng
2565,BVU,tai-chinh-ngan-hang,A01,Điểm học bạ,2024,18.0,Tài chính - Ngân hàng
2566,BVU,tai-chinh-ngan-hang,C00,Điểm học bạ,2024,18.0,Tài chính - Ngân hàng
2567,BVU,tai-chinh-ngan-hang,D01,Điểm học bạ,2024,18.0,Tài chính - Ngân hàng
2568,BVU,tai-chinh-ngan-hang,A00,Điểm thi THPT,2024,15.0,Tài chính - Ngân hàng
2569,BVU,tai-chinh-ngan-hang,A01,Điểm thi THPT,2024,15.0,Tài chính - Ngân hàng
2570,BVU,tai-chinh-ngan-hang,C00,Điểm thi THPT,2024,15.0,Tài chính - Ngân hàng
2571,BVU,tai-chinh-ngan-hang,D01,Điểm thi THPT,2024,15.0,Tài chính - Ngân hàng
2572,BVU,tai-chinh-ngan-hang,A00,Điểm học bạ,2025,16.0,Tài chính - Ngân hàng
2573,BVU,tai-chinh-ngan-hang,A01,Điểm học bạ,2025,16.0,Tài chính - Ngân hàng
2574,BVU,tai-chinh-ngan-hang,C00,Điểm học bạ,2025,16.0,Tài chính - Ngân hàng
2575,BVU,tai-chinh-ngan-hang,D01,Điểm học bạ,2025,16.0,Tài chính - Ngân hàng
2576,BVU,tai-chinh-ngan-hang,A00,Điểm thi THPT,2025,15.0,Tài chính - Ngân hàng
2577,BVU,tai-chinh-ngan-hang,A01,Điểm thi THPT,2025,15.0,Tài chính - Ngân hàng
2578,BVU,tai-chinh-ngan-hang,C00,Điểm thi THPT,2025,15.0,Tài chính - Ngân hàng
2579,BVU,tai-chinh-ngan-hang,D01,Điểm thi THPT,2025,15.0,Tài chính - Ngân hàng
2580,BVU,tai-chinh-ngan-hang-luat,A00,Điểm học bạ,2024,18.0,Tài chính ngân hàng & Luật
2581,BVU,tai-chinh-ngan-hang-luat,A01,Điểm học bạ,2024,18.0,Tài chính ngân hàng & Luật
2582,BVU,tai-chinh-ngan-hang-luat,C19,Điểm học bạ,2024,18.0,Tài chính ngân hàng & Luật
2583,BVU,tai-chinh-ngan-hang-luat,D01,Điểm học bạ,2024,18.0,Tài chính ngân hàng & Luật
2584,BVU,tai-chinh-ngan-hang-luat,A00,Điểm thi THPT,2024,15.0,Tài chính ngân hàng & Luật
2585,BVU,tai-chinh-ngan-hang-luat,A01,Điểm thi THPT,2024,15.0,Tài chính ngân hàng & Luật
2586,BVU,tai-chinh-ngan-hang-luat,C19,Điểm thi THPT,2024,15.0,Tài chính ngân hàng & Luật
2587,BVU,tai-chinh-ngan-hang-luat,D01,Điểm thi THPT,2024,15.0,Tài chính ngân hàng & Luật
2588,BVU,tai-chinh-ngan-hang-luat,A01,Điểm học bạ,2025,16.0,Tài chính ngân hàng & Luật (Chương trình chuẩn nhận cùng lúc hai bằng cử nhân)
2589,BVU,tai-chinh-ngan-hang-luat,C00,Điểm học bạ,2025,16.0,Tài chính ngân hàng & Luật (Chương trình chuẩn nhận cùng lúc hai bằng cử nhân)
2590,BVU,tai-chinh-ngan-hang-luat,C14,Điểm học bạ,2025,16.0,Tài chính ngân hàng & Luật (Chương trình chuẩn nhận cùng lúc hai bằng cử nhân)
2591,BVU,tai-chinh-ngan-hang-luat,D01,Điểm học bạ,2025,16.0,Tài chính ngân hàng & Luật (Chương trình chuẩn nhận cùng lúc hai bằng cử nhân)
2592,BVU,tai-chinh-ngan-hang-luat,A01,Điểm thi THPT,2025,15.0,Tài chính ngân hàng & Luật (Chương trình chuẩn nhận cùng lúc hai bằng cử nhân)
2593,BVU,tai-chinh-ngan-hang-luat,C00,Điểm thi THPT,2025,15.0,Tài chính ngân hàng & Luật (Chương trình chuẩn nhận cùng lúc hai bằng cử nhân)
2594,BVU,tai-chinh-ngan-hang-luat,C14,Điểm thi THPT,2025,15.0,Tài chính ngân hàng & Luật (Chương trình chuẩn nhận cùng lúc hai bằng cử nhân)
2595,BVU,tai-chinh-ngan-hang-luat,D01,Điểm thi THPT,2025,15.0,Tài chính ngân hàng & Luật (Chương trình chuẩn nhận cùng lúc hai bằng cử nhân)
2596,BVU,tam-ly-hoc,C00,Điểm học bạ,2021,18.0,Tâm lý học
2597,BVU,tam-ly-hoc,C20,Điểm học bạ,2021,18.0,Tâm lý học
2598,BVU,tam-ly-hoc,D01,Điểm học bạ,2021,18.0,Tâm lý học
2599,BVU,tam-ly-hoc,D15,Điểm học bạ,2021,18.0,Tâm lý học
2600,BVU,tam-ly-hoc,C00,Điểm thi THPT,2021,15.0,Tâm lý học
2601,BVU,tam-ly-hoc,C20,Điểm thi THPT,2021,15.0,Tâm lý học
2602,BVU,tam-ly-hoc,D01,Điểm thi THPT,2021,15.0,Tâm lý học
2603,BVU,tam-ly-hoc,D15,Điểm thi THPT,2021,15.0,Tâm lý học
2604,BVU,tam-ly-hoc,C00,Điểm học bạ,2022,18.0,Tâm lý học
2605,BVU,tam-ly-hoc,C19,Điểm học bạ,2022,18.0,Tâm lý học
2606,BVU,tam-ly-hoc,C20,Điểm học bạ,2022,18.0,Tâm lý học
2607,BVU,tam-ly-hoc,D01,Điểm học bạ,2022,18.0,Tâm lý học
2608,BVU,tam-ly-hoc,C00,Điểm thi THPT,2022,15.0,Tâm lý học
2609,BVU,tam-ly-hoc,C19,Điểm thi THPT,2022,15.0,Tâm lý học
2610,BVU,tam-ly-hoc,C20,Điểm thi THPT,2022,15.0,Tâm lý học
2611,BVU,tam-ly-hoc,D01,Điểm thi THPT,2022,15.0,Tâm lý học
2612,BVU,tam-ly-hoc,C00,Điểm học bạ,2023,18.0,Tâm lý học
2613,BVU,tam-ly-hoc,C19,Điểm học bạ,2023,18.0,Tâm lý học
2614,BVU,tam-ly-hoc,C20,Điểm học bạ,2023,18.0,Tâm lý học
2615,BVU,tam-ly-hoc,D01,Điểm học bạ,2023,18.0,Tâm lý học
2616,BVU,tam-ly-hoc,C00,Điểm thi THPT,2023,15.0,Tâm lý học
2617,BVU,tam-ly-hoc,C19,Điểm thi THPT,2023,15.0,Tâm lý học
2618,BVU,tam-ly-hoc,C20,Điểm thi THPT,2023,15.0,Tâm lý học
2619,BVU,tam-ly-hoc,D01,Điểm thi THPT,2023,15.0,Tâm lý học
2620,BVU,tam-ly-hoc,A01,Điểm học bạ,2024,18.0,Tâm lý học
2621,BVU,tam-ly-hoc,C00,Điểm học bạ,2024,18.0,Tâm lý học
2622,BVU,tam-ly-hoc,C20,Điểm học bạ,2024,18.0,Tâm lý học
2623,BVU,tam-ly-hoc,D01,Điểm học bạ,2024,18.0,Tâm lý học
2624,BVU,tam-ly-hoc,A01,Điểm thi THPT,2024,15.0,Tâm lý học
2625,BVU,tam-ly-hoc,C00,Điểm thi THPT,2024,15.0,Tâm lý học
2626,BVU,tam-ly-hoc,C20,Điểm thi THPT,2024,15.0,Tâm lý học
2627,BVU,tam-ly-hoc,D01,Điểm thi THPT,2024,15.0,Tâm lý học
2628,BVU,tam-ly-hoc,A01,Điểm học bạ,2025,16.0,Tâm lý học
2629,BVU,tam-ly-hoc,C00,Điểm học bạ,2025,16.0,Tâm lý học
2630,BVU,tam-ly-hoc,D01,Điểm học bạ,2025,16.0,Tâm lý học
2631,BVU,tam-ly-hoc,X01,Điểm học bạ,2025,16.0,Tâm lý học
2632,BVU,tam-ly-hoc,A01,Điểm thi THPT,2025,15.0,Tâm lý học
2633,BVU,tam-ly-hoc,C00,Điểm thi THPT,2025,15.0,Tâm lý học
2634,BVU,tam-ly-hoc,D01,Điểm thi THPT,2025,15.0,Tâm lý học
2635,BVU,tam-ly-hoc,X01,Điểm thi THPT,2025,15.0,Tâm lý học
2636,BVU,thuong-mai-dien-tu,A00,Điểm học bạ,2025,16.0,Thương mại điện tử
2637,BVU,thuong-mai-dien-tu,A01,Điểm học bạ,2025,16.0,Thương mại điện tử
2638,BVU,thuong-mai-dien-tu,C00,Điểm học bạ,2025,16.0,Thương mại điện tử
2639,BVU,thuong-mai-dien-tu,D01,Điểm học bạ,2025,16.0,Thương mại điện tử
2640,BVU,thuong-mai-dien-tu,A00,Điểm thi THPT,2025,15.0,Thương mại điện tử
2641,BVU,thuong-mai-dien-tu,A01,Điểm thi THPT,2025,15.0,Thương mại điện tử
2642,BVU,thuong-mai-dien-tu,C00,Điểm thi THPT,2025,15.0,Thương mại điện tử
2643,BVU,thuong-mai-dien-tu,D01,Điểm thi THPT,2025,15.0,Thương mại điện tử
2644,BVU,truyen-thong-da-phuong-tien,A00,Điểm học bạ,2025,16.0,Truyền thông đa phương tiện
2645,BVU,truyen-thong-da-phuong-tien,A01,Điểm học bạ,2025,16.0,Truyền thông đa phương tiện
2646,BVU,truyen-thong-da-phuong-tien,C00,Điểm học bạ,2025,16.0,Truyền thông đa phương tiện
2647,BVU,truyen-thong-da-phuong-tien,D01,Điểm học bạ,2025,16.0,Truyền thông đa phương tiện
2648,BVU,truyen-thong-da-phuong-tien,A00,Điểm thi THPT,2025,15.0,Truyền thông đa phương tiện
2649,BVU,truyen-thong-da-phuong-tien,A01,Điểm thi THPT,2025,15.0,Truyền thông đa phương tiện
2650,BVU,truyen-thong-da-phuong-tien,C00,Điểm thi THPT,2025,15.0,Truyền thông đa phương tiện
2651,BVU,truyen-thong-da-phuong-tien,D01,Điểm thi THPT,2025,15.0,Truyền thông đa phương tiện
2652,CCM,cong-nghe-ky-thuat-co-khi,A00,Điểm học bạ,2021,18.0,Công nghệ kỹ thuật cơ khí
2653,CCM,cong-nghe-ky-thuat-co-khi,A01,Điểm học bạ,2021,18.0,Công nghệ kỹ thuật cơ khí
2654,CCM,cong-nghe-ky-thuat-co-khi,B00,Điểm học bạ,2021,18.0,Công nghệ kỹ thuật cơ khí
2655,CCM,cong-nghe-ky-thuat-co-khi,D01,Điểm học bạ,2021,18.0,Công nghệ kỹ thuật cơ khí
2656,CCM,cong-nghe-ky-thuat-co-khi,A00,Điểm thi THPT,2021,16.5,Công nghệ kỹ thuật cơ khí
2657,CCM,cong-nghe-ky-thuat-co-khi,A01,Điểm thi THPT,2021,16.5,Công nghệ kỹ thuật cơ khí
2658,CCM,cong-nghe-ky-thuat-co-khi,B00,Điểm thi THPT,2021,16.5,Công nghệ kỹ thuật cơ khí
2659,CCM,cong-nghe-ky-thuat-co-khi,D01,Điểm thi THPT,2021,16.5,Công nghệ kỹ thuật cơ khí
2660,CCM,cong-nghe-ky-thuat-co-khi,A00,Điểm học bạ,2022,19.0,Công nghệ kỹ thuật cơ khí
2661,CCM,cong-nghe-ky-thuat-co-khi,A01,Điểm học bạ,2022,19.0,Công nghệ kỹ thuật cơ khí
2662,CCM,cong-nghe-ky-thuat-co-khi,B00,Điểm học bạ,2022,19.0,Công nghệ kỹ thuật cơ khí
2663,CCM,cong-nghe-ky-thuat-co-khi,D01,Điểm học bạ,2022,19.0,Công nghệ kỹ thuật cơ khí
2664,CCM,cong-nghe-ky-thuat-co-khi,A00,Điểm thi THPT,2022,17.0,Công nghệ kỹ thuật cơ khí
2665,CCM,cong-nghe-ky-thuat-co-khi,A01,Điểm thi THPT,2022,17.0,Công nghệ kỹ thuật cơ khí
2666,CCM,cong-nghe-ky-thuat-co-khi,B00,Điểm thi THPT,2022,17.0,Công nghệ kỹ thuật cơ khí
2667,CCM,cong-nghe-ky-thuat-co-khi,D01,Điểm thi THPT,2022,17.0,Công nghệ kỹ thuật cơ khí
2668,CCM,cong-nghe-ky-thuat-co-khi,A00,Điểm học bạ,2023,19.0,Công nghệ kỹ thuật cơ khí
2669,CCM,cong-nghe-ky-thuat-co-khi,A01,Điểm học bạ,2023,19.0,Công nghệ kỹ thuật cơ khí
2670,CCM,cong-nghe-ky-thuat-co-khi,B00,Điểm học bạ,2023,19.0,Công nghệ kỹ thuật cơ khí
2671,CCM,cong-nghe-ky-thuat-co-khi,D01,Điểm học bạ,2023,19.0,Công nghệ kỹ thuật cơ khí
2672,CCM,cong-nghe-ky-thuat-co-khi,A00,Điểm thi THPT,2023,18.0,Công nghệ kỹ thuật cơ khí
2673,CCM,cong-nghe-ky-thuat-co-khi,A01,Điểm thi THPT,2023,18.0,Công nghệ kỹ thuật cơ khí
2674,CCM,cong-nghe-ky-thuat-co-khi,B00,Điểm thi THPT,2023,18.0,Công nghệ kỹ thuật cơ khí
2675,CCM,cong-nghe-ky-thuat-co-khi,D01,Điểm thi THPT,2023,18.0,Công nghệ kỹ thuật cơ khí
2676,CCM,cong-nghe-ky-thuat-co-khi,A00,Điểm học bạ,2024,19.0,Công nghệ kỹ thuật cơ khí
2677,CCM,cong-nghe-ky-thuat-co-khi,A01,Điểm học bạ,2024,19.0,Công nghệ kỹ thuật cơ khí
2678,CCM,cong-nghe-ky-thuat-co-khi,B00,Điểm học bạ,2024,19.0,Công nghệ kỹ thuật cơ khí
2679,CCM,cong-nghe-ky-thuat-co-khi,D01,Điểm học bạ,2024,19.0,Công nghệ kỹ thuật cơ khí
2680,CCM,cong-nghe-ky-thuat-co-khi,A00,Điểm thi THPT,2024,15.0,Công nghệ kỹ thuật cơ khí
2681,CCM,cong-nghe-ky-thuat-co-khi,A01,Điểm thi THPT,2024,15.0,Công nghệ kỹ thuật cơ khí
2682,CCM,cong-nghe-ky-thuat-co-khi,B00,Điểm thi THPT,2024,15.0,Công nghệ kỹ thuật cơ khí
2683,CCM,cong-nghe-ky-thuat-co-khi,D01,Điểm thi THPT,2024,15.0,Công nghệ kỹ thuật cơ khí
2684,CCM,cong-nghe-ky-thuat-co-khi,A00,Điểm học bạ,2025,19.0,Công nghệ kỹ thuật cơ khí
2685,CCM,cong-nghe-ky-thuat-co-khi,A01,Điểm học bạ,2025,19.0,Công nghệ kỹ thuật cơ khí
2686,CCM,cong-nghe-ky-thuat-co-khi,B00,Điểm học bạ,2025,19.0,Công nghệ kỹ thuật cơ khí
2687,CCM,cong-nghe-ky-thuat-co-khi,C01,Điểm học bạ,2025,19.0,Công nghệ kỹ thuật cơ khí
2688,CCM,cong-nghe-ky-thuat-co-khi,C03,Điểm học bạ,2025,19.0,Công nghệ kỹ thuật cơ khí
2689,CCM,cong-nghe-ky-thuat-co-khi,C04,Điểm học bạ,2025,19.0,Công nghệ kỹ thuật cơ khí
2690,CCM,cong-nghe-ky-thuat-co-khi,C14,Điểm học bạ,2025,19.0,Công nghệ kỹ thuật cơ khí
2691,CCM,cong-nghe-ky-thuat-co-khi,D01,Điểm học bạ,2025,19.0,Công nghệ kỹ thuật cơ khí
2692,CCM,cong-nghe-ky-thuat-co-khi,X03,Điểm học bạ,2025,19.0,Công nghệ kỹ thuật cơ khí
2693,CCM,cong-nghe-ky-thuat-co-khi,X04,Điểm học bạ,2025,19.0,Công nghệ kỹ thuật cơ khí
2694,CCM,cong-nghe-ky-thuat-co-khi,X23,Điểm học bạ,2025,19.0,Công nghệ kỹ thuật cơ khí
2695,CCM,cong-nghe-ky-thuat-co-khi,X24,Điểm học bạ,2025,19.0,Công nghệ kỹ thuật cơ khí
2696,CCM,cong-nghe-ky-thuat-co-khi,A00,Điểm thi THPT,2025,16.0,Công nghệ kỹ thuật cơ khí
2697,CCM,cong-nghe-ky-thuat-co-khi,A01,Điểm thi THPT,2025,16.0,Công nghệ kỹ thuật cơ khí
2698,CCM,cong-nghe-ky-thuat-co-khi,B00,Điểm thi THPT,2025,16.0,Công nghệ kỹ thuật cơ khí
2699,CCM,cong-nghe-ky-thuat-co-khi,C01,Điểm thi THPT,2025,16.0,Công nghệ kỹ thuật cơ khí
2700,CCM,cong-nghe-ky-thuat-co-khi,C03,Điểm thi THPT,2025,16.0,Công nghệ kỹ thuật cơ khí
2701,CCM,cong-nghe-ky-thuat-co-khi,C04,Điểm thi THPT,2025,16.0,Công nghệ kỹ thuật cơ khí
2702,CCM,cong-nghe-ky-thuat-co-khi,C14,Điểm thi THPT,2025,16.0,Công nghệ kỹ thuật cơ khí
2703,CCM,cong-nghe-ky-thuat-co-khi,D01,Điểm thi THPT,2025,16.0,Công nghệ kỹ thuật cơ khí
2704,CCM,cong-nghe-ky-thuat-co-khi,X03,Điểm thi THPT,2025,16.0,Công nghệ kỹ thuật cơ khí
2705,CCM,cong-nghe-ky-thuat-co-khi,X04,Điểm thi THPT,2025,16.0,Công nghệ kỹ thuật cơ khí
2706,CCM,cong-nghe-ky-thuat-co-khi,X23,Điểm thi THPT,2025,16.0,Công nghệ kỹ thuật cơ khí
2707,CCM,cong-nghe-ky-thuat-co-khi,X24,Điểm thi THPT,2025,16.0,Công nghệ kỹ thuật cơ khí
2708,CCM,cong-nghe-ky-thuat-dien-dien-tu,A00,Điểm học bạ,2021,18.0,"Công nghệ kỹ thuật điện, điện tử"
2709,CCM,cong-nghe-ky-thuat-dien-dien-tu,A01,Điểm học bạ,2021,18.0,"Công nghệ kỹ thuật điện, điện tử"
2710,CCM,cong-nghe-ky-thuat-dien-dien-tu,B00,Điểm học bạ,2021,18.0,"Công nghệ kỹ thuật điện, điện tử"
2711,CCM,cong-nghe-ky-thuat-dien-dien-tu,D01,Điểm học bạ,2021,18.0,"Công nghệ kỹ thuật điện, điện tử"
2712,CCM,cong-nghe-ky-thuat-dien-dien-tu,A00,Điểm thi THPT,2021,16.5,"Công nghệ kỹ thuật điện, điện tử"
2713,CCM,cong-nghe-ky-thuat-dien-dien-tu,A01,Điểm thi THPT,2021,16.5,"Công nghệ kỹ thuật điện, điện tử"
2714,CCM,cong-nghe-ky-thuat-dien-dien-tu,B00,Điểm thi THPT,2021,16.5,"Công nghệ kỹ thuật điện, điện tử"
2715,CCM,cong-nghe-ky-thuat-dien-dien-tu,D01,Điểm thi THPT,2021,16.5,"Công nghệ kỹ thuật điện, điện tử"
2716,CCM,cong-nghe-ky-thuat-dien-dien-tu,A00,Điểm học bạ,2022,19.0,"Công nghệ kỹ thuật điện, điện tử"
2717,CCM,cong-nghe-ky-thuat-dien-dien-tu,A01,Điểm học bạ,2022,19.0,"Công nghệ kỹ thuật điện, điện tử"
2718,CCM,cong-nghe-ky-thuat-dien-dien-tu,B00,Điểm học bạ,2022,19.0,"Công nghệ kỹ thuật điện, điện tử"
2719,CCM,cong-nghe-ky-thuat-dien-dien-tu,D01,Điểm học bạ,2022,19.0,"Công nghệ kỹ thuật điện, điện tử"
2720,CCM,cong-nghe-ky-thuat-dien-dien-tu,A00,Điểm thi THPT,2022,17.0,"Công nghệ kỹ thuật điện, điện tử"
2721,CCM,cong-nghe-ky-thuat-dien-dien-tu,A01,Điểm thi THPT,2022,17.0,"Công nghệ kỹ thuật điện, điện tử"
2722,CCM,cong-nghe-ky-thuat-dien-dien-tu,B00,Điểm thi THPT,2022,17.0,"Công nghệ kỹ thuật điện, điện tử"
2723,CCM,cong-nghe-ky-thuat-dien-dien-tu,D01,Điểm thi THPT,2022,17.0,"Công nghệ kỹ thuật điện, điện tử"
2724,CCM,cong-nghe-ky-thuat-dien-dien-tu,A00,Điểm học bạ,2023,19.0,"Công nghệ kỹ thuật điện, điện tử"
2725,CCM,cong-nghe-ky-thuat-dien-dien-tu,A01,Điểm học bạ,2023,19.0,"Công nghệ kỹ thuật điện, điện tử"
2726,CCM,cong-nghe-ky-thuat-dien-dien-tu,B00,Điểm học bạ,2023,19.0,"Công nghệ kỹ thuật điện, điện tử"
2727,CCM,cong-nghe-ky-thuat-dien-dien-tu,D01,Điểm học bạ,2023,19.0,"Công nghệ kỹ thuật điện, điện tử"
2728,CCM,cong-nghe-ky-thuat-dien-dien-tu,A00,Điểm thi THPT,2023,18.0,"Công nghệ kỹ thuật điện, điện tử"
2729,CCM,cong-nghe-ky-thuat-dien-dien-tu,A01,Điểm thi THPT,2023,18.0,"Công nghệ kỹ thuật điện, điện tử"
2730,CCM,cong-nghe-ky-thuat-dien-dien-tu,B00,Điểm thi THPT,2023,18.0,"Công nghệ kỹ thuật điện, điện tử"
2731,CCM,cong-nghe-ky-thuat-dien-dien-tu,D01,Điểm thi THPT,2023,18.0,"Công nghệ kỹ thuật điện, điện tử"
2732,CCM,cong-nghe-ky-thuat-dien-dien-tu,A00,Điểm học bạ,2024,19.0,"Công nghệ kỹ thuật điện, điện tử"
2733,CCM,cong-nghe-ky-thuat-dien-dien-tu,A01,Điểm học bạ,2024,19.0,"Công nghệ kỹ thuật điện, điện tử"
2734,CCM,cong-nghe-ky-thuat-dien-dien-tu,B00,Điểm học bạ,2024,19.0,"Công nghệ kỹ thuật điện, điện tử"
2735,CCM,cong-nghe-ky-thuat-dien-dien-tu,D01,Điểm học bạ,2024,19.0,"Công nghệ kỹ thuật điện, điện tử"
2736,CCM,cong-nghe-ky-thuat-dien-dien-tu,A00,Điểm thi THPT,2024,15.0,"Công nghệ kỹ thuật điện, điện tử"
2737,CCM,cong-nghe-ky-thuat-dien-dien-tu,A01,Điểm thi THPT,2024,15.0,"Công nghệ kỹ thuật điện, điện tử"
2738,CCM,cong-nghe-ky-thuat-dien-dien-tu,B00,Điểm thi THPT,2024,15.0,"Công nghệ kỹ thuật điện, điện tử"
2739,CCM,cong-nghe-ky-thuat-dien-dien-tu,D01,Điểm thi THPT,2024,15.0,"Công nghệ kỹ thuật điện, điện tử"
2740,CCM,cong-nghe-ky-thuat-dien-dien-tu,A00,Điểm học bạ,2025,20.0,"Công nghệ kỹ thuật điện, điện tử"
2741,CCM,cong-nghe-ky-thuat-dien-dien-tu,A01,Điểm học bạ,2025,20.0,"Công nghệ kỹ thuật điện, điện tử"
2742,CCM,cong-nghe-ky-thuat-dien-dien-tu,B00,Điểm học bạ,2025,20.0,"Công nghệ kỹ thuật điện, điện tử"
2743,CCM,cong-nghe-ky-thuat-dien-dien-tu,C01,Điểm học bạ,2025,20.0,"Công nghệ kỹ thuật điện, điện tử"
2744,CCM,cong-nghe-ky-thuat-dien-dien-tu,C03,Điểm học bạ,2025,20.0,"Công nghệ kỹ thuật điện, điện tử"
2745,CCM,cong-nghe-ky-thuat-dien-dien-tu,C04,Điểm học bạ,2025,20.0,"Công nghệ kỹ thuật điện, điện tử"
2746,CCM,cong-nghe-ky-thuat-dien-dien-tu,C14,Điểm học bạ,2025,20.0,"Công nghệ kỹ thuật điện, điện tử"
2747,CCM,cong-nghe-ky-thuat-dien-dien-tu,D01,Điểm học bạ,2025,20.0,"Công nghệ kỹ thuật điện, điện tử"
2748,CCM,cong-nghe-ky-thuat-dien-dien-tu,X03,Điểm học bạ,2025,20.0,"Công nghệ kỹ thuật điện, điện tử"
2749,CCM,cong-nghe-ky-thuat-dien-dien-tu,X04,Điểm học bạ,2025,20.0,"Công nghệ kỹ thuật điện, điện tử"
2750,CCM,cong-nghe-ky-thuat-dien-dien-tu,X23,Điểm học bạ,2025,20.0,"Công nghệ kỹ thuật điện, điện tử"
2751,CCM,cong-nghe-ky-thuat-dien-dien-tu,X24,Điểm học bạ,2025,20.0,"Công nghệ kỹ thuật điện, điện tử"
2752,CCM,cong-nghe-ky-thuat-dien-dien-tu,A00,Điểm thi THPT,2025,17.0,"Công nghệ kỹ thuật điện, điện tử"
2753,CCM,cong-nghe-ky-thuat-dien-dien-tu,A01,Điểm thi THPT,2025,17.0,"Công nghệ kỹ thuật điện, điện tử"
2754,CCM,cong-nghe-ky-thuat-dien-dien-tu,B00,Điểm thi THPT,2025,17.0,"Công nghệ kỹ thuật điện, điện tử"
2755,CCM,cong-nghe-ky-thuat-dien-dien-tu,C01,Điểm thi THPT,2025,17.0,"Công nghệ kỹ thuật điện, điện tử"
2756,CCM,cong-nghe-ky-thuat-dien-dien-tu,C03,Điểm thi THPT,2025,17.0,"Công nghệ kỹ thuật điện, điện tử"
2757,CCM,cong-nghe-ky-thuat-dien-dien-tu,C04,Điểm thi THPT,2025,17.0,"Công nghệ kỹ thuật điện, điện tử"
2758,CCM,cong-nghe-ky-thuat-dien-dien-tu,C14,Điểm thi THPT,2025,17.0,"Công nghệ kỹ thuật điện, điện tử"
2759,CCM,cong-nghe-ky-thuat-dien-dien-tu,D01,Điểm thi THPT,2025,17.0,"Công nghệ kỹ thuật điện, điện tử"
2760,CCM,cong-nghe-ky-thuat-dien-dien-tu,X03,Điểm thi THPT,2025,17.0,"Công nghệ kỹ thuật điện, điện tử"
2761,CCM,cong-nghe-ky-thuat-dien-dien-tu,X04,Điểm thi THPT,2025,17.0,"Công nghệ kỹ thuật điện, điện tử"
2762,CCM,cong-nghe-ky-thuat-dien-dien-tu,X23,Điểm thi THPT,2025,17.0,"Công nghệ kỹ thuật điện, điện tử"
2763,CCM,cong-nghe-ky-thuat-dien-dien-tu,X24,Điểm thi THPT,2025,17.0,"Công nghệ kỹ thuật điện, điện tử"
2764,CCM,cong-nghe-may,A00,Điểm học bạ,2021,20.0,Công nghệ may
2765,CCM,cong-nghe-may,A01,Điểm học bạ,2021,20.0,Công nghệ may
2766,CCM,cong-nghe-may,B00,Điểm học bạ,2021,20.0,Công nghệ may
2767,CCM,cong-nghe-may,D01,Điểm học bạ,2021,20.0,Công nghệ may
2768,CCM,cong-nghe-may,A00,Điểm thi THPT,2021,17.5,Công nghệ may
2769,CCM,cong-nghe-may,A01,Điểm thi THPT,2021,17.5,Công nghệ may
2770,CCM,cong-nghe-may,B00,Điểm thi THPT,2021,17.5,Công nghệ may
2771,CCM,cong-nghe-may,D01,Điểm thi THPT,2021,17.5,Công nghệ may
2772,CCM,cong-nghe-may,A00,Điểm học bạ,2022,21.0,Công nghệ may
2773,CCM,cong-nghe-may,A01,Điểm học bạ,2022,21.0,Công nghệ may
2774,CCM,cong-nghe-may,B00,Điểm học bạ,2022,21.0,Công nghệ may
2775,CCM,cong-nghe-may,D01,Điểm học bạ,2022,21.0,Công nghệ may
2776,CCM,cong-nghe-may,A00,Điểm thi THPT,2022,18.0,Công nghệ may
2777,CCM,cong-nghe-may,A01,Điểm thi THPT,2022,18.0,Công nghệ may
2778,CCM,cong-nghe-may,B00,Điểm thi THPT,2022,18.0,Công nghệ may
2779,CCM,cong-nghe-may,D01,Điểm thi THPT,2022,18.0,Công nghệ may
2780,CCM,cong-nghe-may,A00,Điểm học bạ,2023,21.0,Công nghệ may
2781,CCM,cong-nghe-may,A01,Điểm học bạ,2023,21.0,Công nghệ may
2782,CCM,cong-nghe-may,B00,Điểm học bạ,2023,21.0,Công nghệ may
2783,CCM,cong-nghe-may,D01,Điểm học bạ,2023,21.0,Công nghệ may
2784,CCM,cong-nghe-may,A00,Điểm thi THPT,2023,19.0,Công nghệ may
2785,CCM,cong-nghe-may,A01,Điểm thi THPT,2023,19.0,Công nghệ may
2786,CCM,cong-nghe-may,B00,Điểm thi THPT,2023,19.0,Công nghệ may
2787,CCM,cong-nghe-may,D01,Điểm thi THPT,2023,19.0,Công nghệ may
2788,CCM,cong-nghe-may,A00,Điểm học bạ,2024,20.0,Công nghệ may
2789,CCM,cong-nghe-may,A01,Điểm học bạ,2024,20.0,Công nghệ may
2790,CCM,cong-nghe-may,B00,Điểm học bạ,2024,20.0,Công nghệ may
2791,CCM,cong-nghe-may,D01,Điểm học bạ,2024,20.0,Công nghệ may
2792,CCM,cong-nghe-may,A00,Điểm thi THPT,2024,15.0,Công nghệ may
2793,CCM,cong-nghe-may,A01,Điểm thi THPT,2024,15.0,Công nghệ may
2794,CCM,cong-nghe-may,B00,Điểm thi THPT,2024,15.0,Công nghệ may
2795,CCM,cong-nghe-may,D01,Điểm thi THPT,2024,15.0,Công nghệ may
2796,CCM,cong-nghe-may,A00,Điểm học bạ,2025,20.0,Công nghệ may
2797,CCM,cong-nghe-may,A01,Điểm học bạ,2025,20.0,Công nghệ may
2798,CCM,cong-nghe-may,B00,Điểm học bạ,2025,20.0,Công nghệ may
2799,CCM,cong-nghe-may,C01,Điểm học bạ,2025,20.0,Công nghệ may
2800,CCM,cong-nghe-may,C03,Điểm học bạ,2025,20.0,Công nghệ may
2801,CCM,cong-nghe-may,C04,Điểm học bạ,2025,20.0,Công nghệ may
2802,CCM,cong-nghe-may,C14,Điểm học bạ,2025,20.0,Công nghệ may
2803,CCM,cong-nghe-may,D01,Điểm học bạ,2025,20.0,Công nghệ may
2804,CCM,cong-nghe-may,X03,Điểm học bạ,2025,20.0,Công nghệ may
2805,CCM,cong-nghe-may,X04,Điểm học bạ,2025,20.0,Công nghệ may
2806,CCM,cong-nghe-may,X23,Điểm học bạ,2025,20.0,Công nghệ may
2807,CCM,cong-nghe-may,X24,Điểm học bạ,2025,20.0,Công nghệ may
2808,CCM,cong-nghe-may,A00,Điểm thi THPT,2025,17.0,Công nghệ may
2809,CCM,cong-nghe-may,A01,Điểm thi THPT,2025,17.0,Công nghệ may
2810,CCM,cong-nghe-may,B00,Điểm thi THPT,2025,17.0,Công nghệ may
2811,CCM,cong-nghe-may,C01,Điểm thi THPT,2025,17.0,Công nghệ may
2812,CCM,cong-nghe-may,C03,Điểm thi THPT,2025,17.0,Công nghệ may
2813,CCM,cong-nghe-may,C04,Điểm thi THPT,2025,17.0,Công nghệ may
2814,CCM,cong-nghe-may,C14,Điểm thi THPT,2025,17.0,Công nghệ may
2815,CCM,cong-nghe-may,D01,Điểm thi THPT,2025,17.0,Công nghệ may
2816,CCM,cong-nghe-may,X03,Điểm thi THPT,2025,17.0,Công nghệ may
2817,CCM,cong-nghe-may,X04,Điểm thi THPT,2025,17.0,Công nghệ may
2818,CCM,cong-nghe-may,X23,Điểm thi THPT,2025,17.0,Công nghệ may
2819,CCM,cong-nghe-may,X24,Điểm thi THPT,2025,17.0,Công nghệ may
2820,CCM,cong-nghe-soi-det,A00,Điểm học bạ,2021,18.0,"Công nghệ sợi, dệt"
2821,CCM,cong-nghe-soi-det,A01,Điểm học bạ,2021,18.0,"Công nghệ sợi, dệt"
2822,CCM,cong-nghe-soi-det,B00,Điểm học bạ,2021,18.0,"Công nghệ sợi, dệt"
2823,CCM,cong-nghe-soi-det,D01,Điểm học bạ,2021,18.0,"Công nghệ sợi, dệt"
2824,CCM,cong-nghe-soi-det,A00,Điểm thi THPT,2021,16.5,"Công nghệ sợi, dệt"
2825,CCM,cong-nghe-soi-det,A01,Điểm thi THPT,2021,16.5,"Công nghệ sợi, dệt"
2826,CCM,cong-nghe-soi-det,B00,Điểm thi THPT,2021,16.5,"Công nghệ sợi, dệt"
2827,CCM,cong-nghe-soi-det,D01,Điểm thi THPT,2021,16.5,"Công nghệ sợi, dệt"
2828,CCM,cong-nghe-soi-det,A00,Điểm học bạ,2022,19.0,Công nghệ Sợi Dệt
2829,CCM,cong-nghe-soi-det,A01,Điểm học bạ,2022,19.0,Công nghệ Sợi Dệt
2830,CCM,cong-nghe-soi-det,B00,Điểm học bạ,2022,19.0,Công nghệ Sợi Dệt
2831,CCM,cong-nghe-soi-det,D01,Điểm học bạ,2022,19.0,Công nghệ Sợi Dệt
2832,CCM,cong-nghe-soi-det,A00,Điểm thi THPT,2022,17.0,Công nghệ Sợi Dệt
2833,CCM,cong-nghe-soi-det,A01,Điểm thi THPT,2022,17.0,Công nghệ Sợi Dệt
2834,CCM,cong-nghe-soi-det,B00,Điểm thi THPT,2022,17.0,Công nghệ Sợi Dệt
2835,CCM,cong-nghe-soi-det,D01,Điểm thi THPT,2022,17.0,Công nghệ Sợi Dệt
2836,CCM,cong-nghe-soi-det,A00,Điểm học bạ,2023,19.0,"Công nghệ Sợi, Dệt"
2837,CCM,cong-nghe-soi-det,A01,Điểm học bạ,2023,19.0,"Công nghệ Sợi, Dệt"
2838,CCM,cong-nghe-soi-det,B00,Điểm học bạ,2023,19.0,"Công nghệ Sợi, Dệt"
2839,CCM,cong-nghe-soi-det,D01,Điểm học bạ,2023,19.0,"Công nghệ Sợi, Dệt"
2840,CCM,cong-nghe-soi-det,A00,Điểm thi THPT,2023,18.0,Công nghệ Sợi Dệt
2841,CCM,cong-nghe-soi-det,A01,Điểm thi THPT,2023,18.0,Công nghệ Sợi Dệt
2842,CCM,cong-nghe-soi-det,B00,Điểm thi THPT,2023,18.0,Công nghệ Sợi Dệt
2843,CCM,cong-nghe-soi-det,D01,Điểm thi THPT,2023,18.0,Công nghệ Sợi Dệt
2844,CCM,cong-nghe-soi-det,A00,Điểm học bạ,2024,19.0,Công nghệ sợi dệt
2845,CCM,cong-nghe-soi-det,A01,Điểm học bạ,2024,19.0,Công nghệ sợi dệt
2846,CCM,cong-nghe-soi-det,B00,Điểm học bạ,2024,19.0,Công nghệ sợi dệt
2847,CCM,cong-nghe-soi-det,D01,Điểm học bạ,2024,19.0,Công nghệ sợi dệt
2848,CCM,cong-nghe-soi-det,A00,Điểm thi THPT,2024,15.0,Công nghệ sợi dệt
2849,CCM,cong-nghe-soi-det,A01,Điểm thi THPT,2024,15.0,Công nghệ sợi dệt
2850,CCM,cong-nghe-soi-det,B00,Điểm thi THPT,2024,15.0,Công nghệ sợi dệt
2851,CCM,cong-nghe-soi-det,D01,Điểm thi THPT,2024,15.0,Công nghệ sợi dệt
2852,CCM,cong-nghe-soi-det,A00,Điểm học bạ,2025,19.0,Công nghệ Sợi Dệt
2853,CCM,cong-nghe-soi-det,A01,Điểm học bạ,2025,19.0,Công nghệ Sợi Dệt
2854,CCM,cong-nghe-soi-det,B00,Điểm học bạ,2025,19.0,Công nghệ Sợi Dệt
2855,CCM,cong-nghe-soi-det,C01,Điểm học bạ,2025,19.0,Công nghệ Sợi Dệt
2856,CCM,cong-nghe-soi-det,C03,Điểm học bạ,2025,19.0,Công nghệ Sợi Dệt
2857,CCM,cong-nghe-soi-det,C04,Điểm học bạ,2025,19.0,Công nghệ Sợi Dệt
2858,CCM,cong-nghe-soi-det,C14,Điểm học bạ,2025,19.0,Công nghệ Sợi Dệt
2859,CCM,cong-nghe-soi-det,D01,Điểm học bạ,2025,19.0,Công nghệ Sợi Dệt
2860,CCM,cong-nghe-soi-det,X03,Điểm học bạ,2025,19.0,Công nghệ Sợi Dệt
2861,CCM,cong-nghe-soi-det,X04,Điểm học bạ,2025,19.0,Công nghệ Sợi Dệt
2862,CCM,cong-nghe-soi-det,X23,Điểm học bạ,2025,19.0,Công nghệ Sợi Dệt
2863,CCM,cong-nghe-soi-det,X24,Điểm học bạ,2025,19.0,Công nghệ Sợi Dệt
2864,CCM,cong-nghe-soi-det,A00,Điểm thi THPT,2025,16.0,Công nghệ Sợi Dệt
2865,CCM,cong-nghe-soi-det,A01,Điểm thi THPT,2025,16.0,Công nghệ Sợi Dệt
2866,CCM,cong-nghe-soi-det,B00,Điểm thi THPT,2025,16.0,Công nghệ Sợi Dệt
2867,CCM,cong-nghe-soi-det,C01,Điểm thi THPT,2025,16.0,Công nghệ Sợi Dệt
2868,CCM,cong-nghe-soi-det,C03,Điểm thi THPT,2025,16.0,Công nghệ Sợi Dệt
2869,CCM,cong-nghe-soi-det,C04,Điểm thi THPT,2025,16.0,Công nghệ Sợi Dệt
2870,CCM,cong-nghe-soi-det,C14,Điểm thi THPT,2025,16.0,Công nghệ Sợi Dệt
2871,CCM,cong-nghe-soi-det,D01,Điểm thi THPT,2025,16.0,Công nghệ Sợi Dệt
2872,CCM,cong-nghe-soi-det,X03,Điểm thi THPT,2025,16.0,Công nghệ Sợi Dệt
2873,CCM,cong-nghe-soi-det,X04,Điểm thi THPT,2025,16.0,Công nghệ Sợi Dệt
2874,CCM,cong-nghe-soi-det,X23,Điểm thi THPT,2025,16.0,Công nghệ Sợi Dệt
2875,CCM,cong-nghe-soi-det,X24,Điểm thi THPT,2025,16.0,Công nghệ Sợi Dệt
2876,CCM,ke-toan,A00,Điểm học bạ,2021,18.0,Kế toán
2877,CCM,ke-toan,A01,Điểm học bạ,2021,18.0,Kế toán
2878,CCM,ke-toan,B00,Điểm học bạ,2021,18.0,Kế toán
2879,CCM,ke-toan,D01,Điểm học bạ,2021,18.0,Kế toán
2880,CCM,ke-toan,A00,Điểm thi THPT,2021,16.5,Kế toán
2881,CCM,ke-toan,A01,Điểm thi THPT,2021,16.5,Kế toán
2882,CCM,ke-toan,B00,Điểm thi THPT,2021,16.5,Kế toán
2883,CCM,ke-toan,D01,Điểm thi THPT,2021,16.5,Kế toán
2884,CCM,ke-toan,A00,Điểm học bạ,2022,19.0,Kế toán
2885,CCM,ke-toan,A01,Điểm học bạ,2022,19.0,Kế toán
2886,CCM,ke-toan,B00,Điểm học bạ,2022,19.0,Kế toán
2887,CCM,ke-toan,D01,Điểm học bạ,2022,19.0,Kế toán
2888,CCM,ke-toan,A00,Điểm thi THPT,2022,17.0,Kế toán
2889,CCM,ke-toan,A01,Điểm thi THPT,2022,17.0,Kế toán
2890,CCM,ke-toan,B00,Điểm thi THPT,2022,17.0,Kế toán
2891,CCM,ke-toan,D01,Điểm thi THPT,2022,17.0,Kế toán
2892,CCM,ke-toan,A00,Điểm học bạ,2023,19.0,Kế toán
2893,CCM,ke-toan,A01,Điểm học bạ,2023,19.0,Kế toán
2894,CCM,ke-toan,B00,Điểm học bạ,2023,19.0,Kế toán
2895,CCM,ke-toan,D01,Điểm học bạ,2023,19.0,Kế toán
2896,CCM,ke-toan,A00,Điểm thi THPT,2023,18.0,Kế toán
2897,CCM,ke-toan,A01,Điểm thi THPT,2023,18.0,Kế toán
2898,CCM,ke-toan,B00,Điểm thi THPT,2023,18.0,Kế toán
2899,CCM,ke-toan,D01,Điểm thi THPT,2023,18.0,Kế toán
2900,CCM,ke-toan,A00,Điểm học bạ,2024,19.0,Kế toán
2901,CCM,ke-toan,A01,Điểm học bạ,2024,19.0,Kế toán
2902,CCM,ke-toan,B00,Điểm học bạ,2024,19.0,Kế toán
2903,CCM,ke-toan,D01,Điểm học bạ,2024,19.0,Kế toán
2904,CCM,ke-toan,A00,Điểm thi THPT,2024,15.0,Kế toán
2905,CCM,ke-toan,A01,Điểm thi THPT,2024,15.0,Kế toán
2906,CCM,ke-toan,B00,Điểm thi THPT,2024,15.0,Kế toán
2907,CCM,ke-toan,D01,Điểm thi THPT,2024,15.0,Kế toán
2908,CCM,ke-toan,A00,Điểm học bạ,2025,19.0,Kế toán
2909,CCM,ke-toan,A01,Điểm học bạ,2025,19.0,Kế toán
2910,CCM,ke-toan,B00,Điểm học bạ,2025,19.0,Kế toán
2911,CCM,ke-toan,C01,Điểm học bạ,2025,19.0,Kế toán
2912,CCM,ke-toan,C03,Điểm học bạ,2025,19.0,Kế toán
2913,CCM,ke-toan,C04,Điểm học bạ,2025,19.0,Kế toán
2914,CCM,ke-toan,C14,Điểm học bạ,2025,19.0,Kế toán
2915,CCM,ke-toan,D01,Điểm học bạ,2025,19.0,Kế toán
2916,CCM,ke-toan,X03,Điểm học bạ,2025,19.0,Kế toán
2917,CCM,ke-toan,X04,Điểm học bạ,2025,19.0,Kế toán
2918,CCM,ke-toan,X23,Điểm học bạ,2025,19.0,Kế toán
2919,CCM,ke-toan,X24,Điểm học bạ,2025,19.0,Kế toán
2920,CCM,ke-toan,A00,Điểm thi THPT,2025,16.0,Kế toán
2921,CCM,ke-toan,A01,Điểm thi THPT,2025,16.0,Kế toán
2922,CCM,ke-toan,B00,Điểm thi THPT,2025,16.0,Kế toán
2923,CCM,ke-toan,C01,Điểm thi THPT,2025,16.0,Kế toán
2924,CCM,ke-toan,C03,Điểm thi THPT,2025,16.0,Kế toán
2925,CCM,ke-toan,C04,Điểm thi THPT,2025,16.0,Kế toán
2926,CCM,ke-toan,C14,Điểm thi THPT,2025,16.0,Kế toán
2927,CCM,ke-toan,D01,Điểm thi THPT,2025,16.0,Kế toán
2928,CCM,ke-toan,X03,Điểm thi THPT,2025,16.0,Kế toán
2929,CCM,ke-toan,X04,Điểm thi THPT,2025,16.0,Kế toán
2930,CCM,ke-toan,X23,Điểm thi THPT,2025,16.0,Kế toán
2931,CCM,ke-toan,X24,Điểm thi THPT,2025,16.0,Kế toán
2932,CCM,marketing,A00,Điểm học bạ,2021,18.0,Marketing
2933,CCM,marketing,A01,Điểm học bạ,2021,18.0,Marketing
2934,CCM,marketing,B00,Điểm học bạ,2021,18.0,Marketing
2935,CCM,marketing,D01,Điểm học bạ,2021,18.0,Marketing
2936,CCM,marketing,A00,Điểm thi THPT,2021,16.5,Marketing
2937,CCM,marketing,A01,Điểm thi THPT,2021,16.5,Marketing
2938,CCM,marketing,B00,Điểm thi THPT,2021,16.5,Marketing
2939,CCM,marketing,D01,Điểm thi THPT,2021,16.5,Marketing
2940,CCM,marketing,A00,Điểm học bạ,2022,20.0,Marketing
2941,CCM,marketing,A01,Điểm học bạ,2022,20.0,Marketing
2942,CCM,marketing,B00,Điểm học bạ,2022,20.0,Marketing
2943,CCM,marketing,D01,Điểm học bạ,2022,20.0,Marketing
2944,CCM,marketing,A00,Điểm thi THPT,2022,17.0,Marketing
2945,CCM,marketing,A01,Điểm thi THPT,2022,17.0,Marketing
2946,CCM,marketing,B00,Điểm thi THPT,2022,17.0,Marketing
2947,CCM,marketing,D01,Điểm thi THPT,2022,17.0,Marketing
2948,CCM,marketing,A00,Điểm học bạ,2023,20.0,Marketing
2949,CCM,marketing,A01,Điểm học bạ,2023,20.0,Marketing
2950,CCM,marketing,B00,Điểm học bạ,2023,20.0,Marketing
2951,CCM,marketing,D01,Điểm học bạ,2023,20.0,Marketing
2952,CCM,marketing,A00,Điểm thi THPT,2023,18.0,Marketing
2953,CCM,marketing,A01,Điểm thi THPT,2023,18.0,Marketing
2954,CCM,marketing,B00,Điểm thi THPT,2023,18.0,Marketing
2955,CCM,marketing,D01,Điểm thi THPT,2023,18.0,Marketing
2956,CCM,marketing,A00,Điểm học bạ,2024,20.0,Marketing
2957,CCM,marketing,A01,Điểm học bạ,2024,20.0,Marketing
2958,CCM,marketing,B00,Điểm học bạ,2024,20.0,Marketing
2959,CCM,marketing,D01,Điểm học bạ,2024,20.0,Marketing
2960,CCM,marketing,A00,Điểm thi THPT,2024,15.0,Marketing
2961,CCM,marketing,A01,Điểm thi THPT,2024,15.0,Marketing
2962,CCM,marketing,B00,Điểm thi THPT,2024,15.0,Marketing
2963,CCM,marketing,D01,Điểm thi THPT,2024,15.0,Marketing
2964,CCM,marketing,A00,Điểm học bạ,2025,20.0,Marketing
2965,CCM,marketing,A01,Điểm học bạ,2025,20.0,Marketing
2966,CCM,marketing,B00,Điểm học bạ,2025,20.0,Marketing
2967,CCM,marketing,C01,Điểm học bạ,2025,20.0,Marketing
2968,CCM,marketing,C03,Điểm học bạ,2025,20.0,Marketing
2969,CCM,marketing,C04,Điểm học bạ,2025,20.0,Marketing
2970,CCM,marketing,C14,Điểm học bạ,2025,20.0,Marketing
2971,CCM,marketing,D01,Điểm học bạ,2025,20.0,Marketing
2972,CCM,marketing,X03,Điểm học bạ,2025,20.0,Marketing
2973,CCM,marketing,X04,Điểm học bạ,2025,20.0,Marketing
2974,CCM,marketing,X23,Điểm học bạ,2025,20.0,Marketing
2975,CCM,marketing,X24,Điểm học bạ,2025,20.0,Marketing
2976,CCM,marketing,A00,Điểm thi THPT,2025,17.0,Marketing
2977,CCM,marketing,A01,Điểm thi THPT,2025,17.0,Marketing
2978,CCM,marketing,B00,Điểm thi THPT,2025,17.0,Marketing
2979,CCM,marketing,C01,Điểm thi THPT,2025,17.0,Marketing
2980,CCM,marketing,C03,Điểm thi THPT,2025,17.0,Marketing
2981,CCM,marketing,C04,Điểm thi THPT,2025,17.0,Marketing
2982,CCM,marketing,C14,Điểm thi THPT,2025,17.0,Marketing
2983,CCM,marketing,D01,Điểm thi THPT,2025,17.0,Marketing
2984,CCM,marketing,X03,Điểm thi THPT,2025,17.0,Marketing
2985,CCM,marketing,X04,Điểm thi THPT,2025,17.0,Marketing
2986,CCM,marketing,X23,Điểm thi THPT,2025,17.0,Marketing
2987,CCM,marketing,X24,Điểm thi THPT,2025,17.0,Marketing
2988,CCM,quan-ly-cong-nghiep,A00,Điểm học bạ,2021,19.0,Quản lý công nghiệp
2989,CCM,quan-ly-cong-nghiep,A01,Điểm học bạ,2021,19.0,Quản lý công nghiệp
2990,CCM,quan-ly-cong-nghiep,B00,Điểm học bạ,2021,19.0,Quản lý công nghiệp
2991,CCM,quan-ly-cong-nghiep,D01,Điểm học bạ,2021,19.0,Quản lý công nghiệp
2992,CCM,quan-ly-cong-nghiep,A00,Điểm thi THPT,2021,16.5,Quản lý công nghiệp
2993,CCM,quan-ly-cong-nghiep,A01,Điểm thi THPT,2021,16.5,Quản lý công nghiệp
2994,CCM,quan-ly-cong-nghiep,B00,Điểm thi THPT,2021,16.5,Quản lý công nghiệp
2995,CCM,quan-ly-cong-nghiep,D01,Điểm thi THPT,2021,16.5,Quản lý công nghiệp
2996,CCM,quan-ly-cong-nghiep,A00,Điểm học bạ,2022,20.0,Quản lý công nghiệp
2997,CCM,quan-ly-cong-nghiep,A01,Điểm học bạ,2022,20.0,Quản lý công nghiệp
2998,CCM,quan-ly-cong-nghiep,B00,Điểm học bạ,2022,20.0,Quản lý công nghiệp
2999,CCM,quan-ly-cong-nghiep,D01,Điểm học bạ,2022,20.0,Quản lý công nghiệp
3000,CCM,quan-ly-cong-nghiep,A00,Điểm thi THPT,2022,17.0,Quản lý công nghiệp
3001,CCM,quan-ly-cong-nghiep,A01,Điểm thi THPT,2022,17.0,Quản lý công nghiệp
3002,CCM,quan-ly-cong-nghiep,B00,Điểm thi THPT,2022,17.0,Quản lý công nghiệp
3003,CCM,quan-ly-cong-nghiep,D01,Điểm thi THPT,2022,17.0,Quản lý công nghiệp
3004,CCM,quan-ly-cong-nghiep,A00,Điểm học bạ,2023,20.0,Quản lý công nghiệp
3005,CCM,quan-ly-cong-nghiep,A01,Điểm học bạ,2023,20.0,Quản lý công nghiệp
3006,CCM,quan-ly-cong-nghiep,B00,Điểm học bạ,2023,20.0,Quản lý công nghiệp
3007,CCM,quan-ly-cong-nghiep,D01,Điểm học bạ,2023,20.0,Quản lý công nghiệp
3008,CCM,quan-ly-cong-nghiep,A00,Điểm thi THPT,2023,18.0,Quản lý công nghiệp
3009,CCM,quan-ly-cong-nghiep,A01,Điểm thi THPT,2023,18.0,Quản lý công nghiệp
3010,CCM,quan-ly-cong-nghiep,B00,Điểm thi THPT,2023,18.0,Quản lý công nghiệp
3011,CCM,quan-ly-cong-nghiep,D01,Điểm thi THPT,2023,18.0,Quản lý công nghiệp
3012,CCM,quan-ly-cong-nghiep,A00,Điểm học bạ,2024,20.0,Quản lý công nghiệp
3013,CCM,quan-ly-cong-nghiep,A01,Điểm học bạ,2024,20.0,Quản lý công nghiệp
3014,CCM,quan-ly-cong-nghiep,B00,Điểm học bạ,2024,20.0,Quản lý công nghiệp
3015,CCM,quan-ly-cong-nghiep,D01,Điểm học bạ,2024,20.0,Quản lý công nghiệp
3016,CCM,quan-ly-cong-nghiep,A00,Điểm thi THPT,2024,15.0,Quản lý công nghiệp
3017,CCM,quan-ly-cong-nghiep,A01,Điểm thi THPT,2024,15.0,Quản lý công nghiệp
3018,CCM,quan-ly-cong-nghiep,B00,Điểm thi THPT,2024,15.0,Quản lý công nghiệp
3019,CCM,quan-ly-cong-nghiep,D01,Điểm thi THPT,2024,15.0,Quản lý công nghiệp
3020,CCM,quan-ly-cong-nghiep,A00,Điểm học bạ,2025,20.0,Quản lý công nghiệp
3021,CCM,quan-ly-cong-nghiep,A01,Điểm học bạ,2025,20.0,Quản lý công nghiệp
3022,CCM,quan-ly-cong-nghiep,B00,Điểm học bạ,2025,20.0,Quản lý công nghiệp
3023,CCM,quan-ly-cong-nghiep,C01,Điểm học bạ,2025,20.0,Quản lý công nghiệp
3024,CCM,quan-ly-cong-nghiep,C03,Điểm học bạ,2025,20.0,Quản lý công nghiệp
3025,CCM,quan-ly-cong-nghiep,C04,Điểm học bạ,2025,20.0,Quản lý công nghiệp
3026,CCM,quan-ly-cong-nghiep,C14,Điểm học bạ,2025,20.0,Quản lý công nghiệp
3027,CCM,quan-ly-cong-nghiep,D01,Điểm học bạ,2025,20.0,Quản lý công nghiệp
3028,CCM,quan-ly-cong-nghiep,X03,Điểm học bạ,2025,20.0,Quản lý công nghiệp
3029,CCM,quan-ly-cong-nghiep,X04,Điểm học bạ,2025,20.0,Quản lý công nghiệp
3030,CCM,quan-ly-cong-nghiep,X23,Điểm học bạ,2025,20.0,Quản lý công nghiệp
3031,CCM,quan-ly-cong-nghiep,X24,Điểm học bạ,2025,20.0,Quản lý công nghiệp
3032,CCM,quan-ly-cong-nghiep,A00,Điểm thi THPT,2025,17.0,Quản lý công nghiệp
3033,CCM,quan-ly-cong-nghiep,A01,Điểm thi THPT,2025,17.0,Quản lý công nghiệp
3034,CCM,quan-ly-cong-nghiep,B00,Điểm thi THPT,2025,17.0,Quản lý công nghiệp
3035,CCM,quan-ly-cong-nghiep,C01,Điểm thi THPT,2025,17.0,Quản lý công nghiệp
3036,CCM,quan-ly-cong-nghiep,C03,Điểm thi THPT,2025,17.0,Quản lý công nghiệp
3037,CCM,quan-ly-cong-nghiep,C04,Điểm thi THPT,2025,17.0,Quản lý công nghiệp
3038,CCM,quan-ly-cong-nghiep,C14,Điểm thi THPT,2025,17.0,Quản lý công nghiệp
3039,CCM,quan-ly-cong-nghiep,D01,Điểm thi THPT,2025,17.0,Quản lý công nghiệp
3040,CCM,quan-ly-cong-nghiep,X03,Điểm thi THPT,2025,17.0,Quản lý công nghiệp
3041,CCM,quan-ly-cong-nghiep,X04,Điểm thi THPT,2025,17.0,Quản lý công nghiệp
3042,CCM,quan-ly-cong-nghiep,X23,Điểm thi THPT,2025,17.0,Quản lý công nghiệp
3043,CCM,quan-ly-cong-nghiep,X24,Điểm thi THPT,2025,17.0,Quản lý công nghiệp
3044,CCM,quan-tri-kinh-doanh,A00,Điểm học bạ,2024,19.0,Quản trị kinh doanh
3045,CCM,quan-tri-kinh-doanh,A01,Điểm học bạ,2024,19.0,Quản trị kinh doanh
3046,CCM,quan-tri-kinh-doanh,B00,Điểm học bạ,2024,19.0,Quản trị kinh doanh
3047,CCM,quan-tri-kinh-doanh,D01,Điểm học bạ,2024,19.0,Quản trị kinh doanh
3048,CCM,quan-tri-kinh-doanh,A00,Điểm thi THPT,2024,15.0,Quản trị kinh doanh
3049,CCM,quan-tri-kinh-doanh,A01,Điểm thi THPT,2024,15.0,Quản trị kinh doanh
3050,CCM,quan-tri-kinh-doanh,B00,Điểm thi THPT,2024,15.0,Quản trị kinh doanh
3051,CCM,quan-tri-kinh-doanh,D01,Điểm thi THPT,2024,15.0,Quản trị kinh doanh
3052,CCM,quan-tri-kinh-doanh,A00,Điểm học bạ,2025,19.0,Quản trị kinh doanh
3053,CCM,quan-tri-kinh-doanh,A01,Điểm học bạ,2025,19.0,Quản trị kinh doanh
3054,CCM,quan-tri-kinh-doanh,B00,Điểm học bạ,2025,19.0,Quản trị kinh doanh
3055,CCM,quan-tri-kinh-doanh,C01,Điểm học bạ,2025,19.0,Quản trị kinh doanh
3056,CCM,quan-tri-kinh-doanh,C03,Điểm học bạ,2025,19.0,Quản trị kinh doanh
3057,CCM,quan-tri-kinh-doanh,C04,Điểm học bạ,2025,19.0,Quản trị kinh doanh
3058,CCM,quan-tri-kinh-doanh,C14,Điểm học bạ,2025,19.0,Quản trị kinh doanh
3059,CCM,quan-tri-kinh-doanh,D01,Điểm học bạ,2025,19.0,Quản trị kinh doanh
3060,CCM,quan-tri-kinh-doanh,X03,Điểm học bạ,2025,19.0,Quản trị kinh doanh
3061,CCM,quan-tri-kinh-doanh,X04,Điểm học bạ,2025,19.0,Quản trị kinh doanh
3062,CCM,quan-tri-kinh-doanh,X23,Điểm học bạ,2025,19.0,Quản trị kinh doanh
3063,CCM,quan-tri-kinh-doanh,X24,Điểm học bạ,2025,19.0,Quản trị kinh doanh
3064,CCM,quan-tri-kinh-doanh,A00,Điểm thi THPT,2025,16.0,Quản trị kinh doanh
3065,CCM,quan-tri-kinh-doanh,A01,Điểm thi THPT,2025,16.0,Quản trị kinh doanh
3066,CCM,quan-tri-kinh-doanh,B00,Điểm thi THPT,2025,16.0,Quản trị kinh doanh
3067,CCM,quan-tri-kinh-doanh,C01,Điểm thi THPT,2025,16.0,Quản trị kinh doanh
3068,CCM,quan-tri-kinh-doanh,C03,Điểm thi THPT,2025,16.0,Quản trị kinh doanh
3069,CCM,quan-tri-kinh-doanh,C04,Điểm thi THPT,2025,16.0,Quản trị kinh doanh
3070,CCM,quan-tri-kinh-doanh,C14,Điểm thi THPT,2025,16.0,Quản trị kinh doanh
3071,CCM,quan-tri-kinh-doanh,D01,Điểm thi THPT,2025,16.0,Quản trị kinh doanh
3072,CCM,quan-tri-kinh-doanh,X03,Điểm thi THPT,2025,16.0,Quản trị kinh doanh
3073,CCM,quan-tri-kinh-doanh,X04,Điểm thi THPT,2025,16.0,Quản trị kinh doanh
3074,CCM,quan-tri-kinh-doanh,X23,Điểm thi THPT,2025,16.0,Quản trị kinh doanh
3075,CCM,quan-tri-kinh-doanh,X24,Điểm thi THPT,2025,16.0,Quản trị kinh doanh
3076,CCM,thiet-ke-do-hoa,A00,Điểm học bạ,2024,21.0,Thiết kế đồ họa
3077,CCM,thiet-ke-do-hoa,D01,Điểm học bạ,2024,21.0,Thiết kế đồ họa
3078,CCM,thiet-ke-do-hoa,A00,Điểm thi THPT,2024,18.0,Thiết kế đồ họa
3079,CCM,thiet-ke-do-hoa,D01,Điểm thi THPT,2024,18.0,Thiết kế đồ họa
3080,CCM,thiet-ke-do-hoa,H00,Điểm thi THPT,2024,18.0,Thiết kế đồ họa
3081,CCM,thiet-ke-do-hoa,V01,Điểm thi THPT,2024,18.0,Thiết kế đồ họa
3082,CCM,thiet-ke-do-hoa,D01,Điểm học bạ,2025,22.0,Thiết kế đồ họa
3083,CCM,thiet-ke-do-hoa,H00,Điểm học bạ,2025,22.0,Thiết kế đồ họa
3084,CCM,thiet-ke-do-hoa,H06,Điểm học bạ,2025,22.0,Thiết kế đồ họa
3085,CCM,thiet-ke-do-hoa,H08,Điểm học bạ,2025,22.0,Thiết kế đồ họa
3086,CCM,thiet-ke-do-hoa,H09,Điểm học bạ,2025,22.0,Thiết kế đồ họa
3087,CCM,thiet-ke-do-hoa,V01,Điểm học bạ,2025,22.0,Thiết kế đồ họa
3088,CCM,thiet-ke-do-hoa,V05,Điểm học bạ,2025,22.0,Thiết kế đồ họa
3089,CCM,thiet-ke-do-hoa,D01,Điểm thi THPT,2025,19.0,Thiết kế đồ họa
3090,CCM,thiet-ke-do-hoa,H00,Điểm thi THPT,2025,19.0,Thiết kế đồ họa
3091,CCM,thiet-ke-do-hoa,H06,Điểm thi THPT,2025,19.0,Thiết kế đồ họa
3092,CCM,thiet-ke-do-hoa,H08,Điểm thi THPT,2025,19.0,Thiết kế đồ họa
3093,CCM,thiet-ke-do-hoa,H09,Điểm thi THPT,2025,19.0,Thiết kế đồ họa
3094,CCM,thiet-ke-do-hoa,V01,Điểm thi THPT,2025,19.0,Thiết kế đồ họa
3095,CCM,thiet-ke-do-hoa,V05,Điểm thi THPT,2025,19.0,Thiết kế đồ họa
3096,CCM,thiet-ke-thoi-trang,D01,Điểm học bạ,2021,20.0,Thiết kế thời trang
3097,CCM,thiet-ke-thoi-trang,H00,Điểm học bạ,2021,20.0,Thiết kế thời trang
3098,CCM,thiet-ke-thoi-trang,V00,Điểm học bạ,2021,20.0,Thiết kế thời trang
3099,CCM,thiet-ke-thoi-trang,V01,Điểm học bạ,2021,20.0,Thiết kế thời trang
3100,CCM,thiet-ke-thoi-trang,D01,Điểm thi THPT,2021,18.0,Thiết kế thời trang
3101,CCM,thiet-ke-thoi-trang,H00,Điểm thi THPT,2021,18.0,Thiết kế thời trang
3102,CCM,thiet-ke-thoi-trang,V00,Điểm thi THPT,2021,18.0,Thiết kế thời trang
3103,CCM,thiet-ke-thoi-trang,V01,Điểm thi THPT,2021,18.0,Thiết kế thời trang
3104,CCM,thiet-ke-thoi-trang,D01,Điểm học bạ,2022,21.0,Thiết kế thời trang
3105,CCM,thiet-ke-thoi-trang,H00,Điểm học bạ,2022,21.0,Thiết kế thời trang
3106,CCM,thiet-ke-thoi-trang,V00,Điểm học bạ,2022,21.0,Thiết kế thời trang
3107,CCM,thiet-ke-thoi-trang,V01,Điểm học bạ,2022,21.0,Thiết kế thời trang
3108,CCM,thiet-ke-thoi-trang,D01,Điểm thi THPT,2022,19.0,Thiết kế thời trang
3109,CCM,thiet-ke-thoi-trang,H00,Điểm thi THPT,2022,19.0,Thiết kế thời trang
3110,CCM,thiet-ke-thoi-trang,V00,Điểm thi THPT,2022,19.0,Thiết kế thời trang
3111,CCM,thiet-ke-thoi-trang,V01,Điểm thi THPT,2022,19.0,Thiết kế thời trang
3112,CCM,thiet-ke-thoi-trang,D01,Điểm học bạ,2023,21.0,Thiết kế thời trang
3113,CCM,thiet-ke-thoi-trang,D01,Điểm thi THPT,2023,20.0,Thiết kế thời trang
3114,CCM,thiet-ke-thoi-trang,H00,Điểm thi THPT,2023,20.0,Thiết kế thời trang
3115,CCM,thiet-ke-thoi-trang,V00,Điểm thi THPT,2023,20.0,Thiết kế thời trang
3116,CCM,thiet-ke-thoi-trang,V01,Điểm thi THPT,2023,20.0,Thiết kế thời trang
3117,CCM,thiet-ke-thoi-trang,D01,Điểm học bạ,2024,21.0,Thiết kế thời trang
3118,CCM,thiet-ke-thoi-trang,D01,Điểm thi THPT,2024,18.0,Thiết kế thời trang
3119,CCM,thiet-ke-thoi-trang,H00,Điểm thi THPT,2024,18.0,Thiết kế thời trang
3120,CCM,thiet-ke-thoi-trang,V00,Điểm thi THPT,2024,18.0,Thiết kế thời trang
3121,CCM,thiet-ke-thoi-trang,V01,Điểm thi THPT,2024,18.0,Thiết kế thời trang
3122,CCM,thiet-ke-thoi-trang,D01,Điểm học bạ,2025,21.0,Thiết kế thời trang
3123,CCM,thiet-ke-thoi-trang,H00,Điểm học bạ,2025,21.0,Thiết kế thời trang
3124,CCM,thiet-ke-thoi-trang,H06,Điểm học bạ,2025,21.0,Thiết kế thời trang
3125,CCM,thiet-ke-thoi-trang,H08,Điểm học bạ,2025,21.0,Thiết kế thời trang
3126,CCM,thiet-ke-thoi-trang,H09,Điểm học bạ,2025,21.0,Thiết kế thời trang
3127,CCM,thiet-ke-thoi-trang,V01,Điểm học bạ,2025,21.0,Thiết kế thời trang
3128,CCM,thiet-ke-thoi-trang,V05,Điểm học bạ,2025,21.0,Thiết kế thời trang
3129,CCM,thiet-ke-thoi-trang,D01,Điểm thi THPT,2025,18.0,Thiết kế thời trang
3130,CCM,thiet-ke-thoi-trang,H00,Điểm thi THPT,2025,18.0,Thiết kế thời trang
3131,CCM,thiet-ke-thoi-trang,H06,Điểm thi THPT,2025,18.0,Thiết kế thời trang
3132,CCM,thiet-ke-thoi-trang,H08,Điểm thi THPT,2025,18.0,Thiết kế thời trang
3133,CCM,thiet-ke-thoi-trang,H09,Điểm thi THPT,2025,18.0,Thiết kế thời trang
3134,CCM,thiet-ke-thoi-trang,V01,Điểm thi THPT,2025,18.0,Thiết kế thời trang
3135,CCM,thiet-ke-thoi-trang,V05,Điểm thi THPT,2025,18.0,Thiết kế thời trang
3136,CCM,thuong-mai-dien-tu,A00,Điểm học bạ,2023,19.0,Thương mại điện tử
3137,CCM,thuong-mai-dien-tu,A01,Điểm học bạ,2023,19.0,Thương mại điện tử
3138,CCM,thuong-mai-dien-tu,B00,Điểm học bạ,2023,19.0,Thương mại điện tử
3139,CCM,thuong-mai-dien-tu,D01,Điểm học bạ,2023,19.0,Thương mại điện tử
3140,CCM,thuong-mai-dien-tu,A00,Điểm thi THPT,2023,18.0,Thương mại điện tử
3141,CCM,thuong-mai-dien-tu,A01,Điểm thi THPT,2023,18.0,Thương mại điện tử
3142,CCM,thuong-mai-dien-tu,B00,Điểm thi THPT,2023,18.0,Thương mại điện tử
3143,CCM,thuong-mai-dien-tu,D01,Điểm thi THPT,2023,18.0,Thương mại điện tử
3144,CCM,thuong-mai-dien-tu,A00,Điểm học bạ,2024,19.0,Thương mại điện tử
3145,CCM,thuong-mai-dien-tu,A01,Điểm học bạ,2024,19.0,Thương mại điện tử
3146,CCM,thuong-mai-dien-tu,B00,Điểm học bạ,2024,19.0,Thương mại điện tử
3147,CCM,thuong-mai-dien-tu,D01,Điểm học bạ,2024,19.0,Thương mại điện tử
3148,CCM,thuong-mai-dien-tu,A00,Điểm thi THPT,2024,15.0,Thương mại điện tử
3149,CCM,thuong-mai-dien-tu,A01,Điểm thi THPT,2024,15.0,Thương mại điện tử
3150,CCM,thuong-mai-dien-tu,B00,Điểm thi THPT,2024,15.0,Thương mại điện tử
3151,CCM,thuong-mai-dien-tu,D01,Điểm thi THPT,2024,15.0,Thương mại điện tử
3152,CCM,thuong-mai-dien-tu,A00,Điểm học bạ,2025,19.0,Thương mại điện tử
3153,CCM,thuong-mai-dien-tu,A01,Điểm học bạ,2025,19.0,Thương mại điện tử
3154,CCM,thuong-mai-dien-tu,B00,Điểm học bạ,2025,19.0,Thương mại điện tử
3155,CCM,thuong-mai-dien-tu,C01,Điểm học bạ,2025,19.0,Thương mại điện tử
3156,CCM,thuong-mai-dien-tu,C03,Điểm học bạ,2025,19.0,Thương mại điện tử
3157,CCM,thuong-mai-dien-tu,C04,Điểm học bạ,2025,19.0,Thương mại điện tử
3158,CCM,thuong-mai-dien-tu,C14,Điểm học bạ,2025,19.0,Thương mại điện tử
3159,CCM,thuong-mai-dien-tu,D01,Điểm học bạ,2025,19.0,Thương mại điện tử
3160,CCM,thuong-mai-dien-tu,X03,Điểm học bạ,2025,19.0,Thương mại điện tử
3161,CCM,thuong-mai-dien-tu,X04,Điểm học bạ,2025,19.0,Thương mại điện tử
3162,CCM,thuong-mai-dien-tu,X23,Điểm học bạ,2025,19.0,Thương mại điện tử
3163,CCM,thuong-mai-dien-tu,X24,Điểm học bạ,2025,19.0,Thương mại điện tử
3164,CCM,thuong-mai-dien-tu,A00,Điểm thi THPT,2025,16.0,Thương mại điện tử
3165,CCM,thuong-mai-dien-tu,A01,Điểm thi THPT,2025,16.0,Thương mại điện tử
3166,CCM,thuong-mai-dien-tu,B00,Điểm thi THPT,2025,16.0,Thương mại điện tử
3167,CCM,thuong-mai-dien-tu,C01,Điểm thi THPT,2025,16.0,Thương mại điện tử
3168,CCM,thuong-mai-dien-tu,C03,Điểm thi THPT,2025,16.0,Thương mại điện tử
3169,CCM,thuong-mai-dien-tu,C04,Điểm thi THPT,2025,16.0,Thương mại điện tử
3170,CCM,thuong-mai-dien-tu,C14,Điểm thi THPT,2025,16.0,Thương mại điện tử
3171,CCM,thuong-mai-dien-tu,D01,Điểm thi THPT,2025,16.0,Thương mại điện tử
3172,CCM,thuong-mai-dien-tu,X03,Điểm thi THPT,2025,16.0,Thương mại điện tử
3173,CCM,thuong-mai-dien-tu,X04,Điểm thi THPT,2025,16.0,Thương mại điện tử
3174,CCM,thuong-mai-dien-tu,X23,Điểm thi THPT,2025,16.0,Thương mại điện tử
3175,CCM,thuong-mai-dien-tu,X24,Điểm thi THPT,2025,16.0,Thương mại điện tử
3176,CEA,cong-nghe-tai-chinh,A00,Điểm học bạ,2024,17.0,Công nghệ tài chính
3177,CEA,cong-nghe-tai-chinh,A01,Điểm học bạ,2024,17.0,Công nghệ tài chính
3178,CEA,cong-nghe-tai-chinh,B00,Điểm học bạ,2024,17.0,Công nghệ tài chính
3179,CEA,cong-nghe-tai-chinh,D01,Điểm học bạ,2024,17.0,Công nghệ tài chính
3180,CEA,cong-nghe-tai-chinh,A00,Điểm thi THPT,2024,20.0,Công nghệ tài chính
3181,CEA,cong-nghe-tai-chinh,A01,Điểm thi THPT,2024,20.0,Công nghệ tài chính
3182,CEA,cong-nghe-tai-chinh,B00,Điểm thi THPT,2024,20.0,Công nghệ tài chính
3183,CEA,cong-nghe-tai-chinh,D01,Điểm thi THPT,2024,20.0,Công nghệ tài chính
3184,CEA,cong-nghe-tai-chinh,A00,Điểm học bạ,2025,26.0,Công nghệ tài chính
3185,CEA,cong-nghe-tai-chinh,A01,Điểm học bạ,2025,26.0,Công nghệ tài chính
3186,CEA,cong-nghe-tai-chinh,C03,Điểm học bạ,2025,26.0,Công nghệ tài chính
3187,CEA,cong-nghe-tai-chinh,D01,Điểm học bạ,2025,26.0,Công nghệ tài chính
3188,CEA,cong-nghe-tai-chinh,A00,Điểm thi THPT,2025,25.0,Công nghệ tài chính
3189,CEA,cong-nghe-tai-chinh,A01,Điểm thi THPT,2025,25.0,Công nghệ tài chính
3190,CEA,cong-nghe-tai-chinh,C03,Điểm thi THPT,2025,25.0,Công nghệ tài chính
3191,CEA,cong-nghe-tai-chinh,D01,Điểm thi THPT,2025,25.0,Công nghệ tài chính
3192,CEA,cong-nghe-thong-tin,A00,Điểm học bạ,2023,16.5,Công nghệ thông tin
3193,CEA,cong-nghe-thong-tin,A01,Điểm học bạ,2023,16.5,Công nghệ thông tin
3194,CEA,cong-nghe-thong-tin,B00,Điểm học bạ,2023,16.5,Công nghệ thông tin
3195,CEA,cong-nghe-thong-tin,D01,Điểm học bạ,2023,16.5,Công nghệ thông tin
3196,CEA,cong-nghe-thong-tin,A00,Điểm thi THPT,2023,18.0,Công nghệ thông tin
3197,CEA,cong-nghe-thong-tin,A01,Điểm thi THPT,2023,18.0,Công nghệ thông tin
3198,CEA,cong-nghe-thong-tin,B00,Điểm thi THPT,2023,18.0,Công nghệ thông tin
3199,CEA,cong-nghe-thong-tin,D01,Điểm thi THPT,2023,18.0,Công nghệ thông tin
3200,CEA,cong-nghe-thong-tin,A00,Điểm học bạ,2024,16.0,Công nghệ thông tin
3201,CEA,cong-nghe-thong-tin,A01,Điểm học bạ,2024,16.0,Công nghệ thông tin
3202,CEA,cong-nghe-thong-tin,B00,Điểm học bạ,2024,16.0,Công nghệ thông tin
3203,CEA,cong-nghe-thong-tin,D01,Điểm học bạ,2024,16.0,Công nghệ thông tin
3204,CEA,cong-nghe-thong-tin,A00,Điểm thi THPT,2024,17.0,Công nghệ thông tin
3205,CEA,cong-nghe-thong-tin,A01,Điểm thi THPT,2024,17.0,Công nghệ thông tin
3206,CEA,cong-nghe-thong-tin,B00,Điểm thi THPT,2024,17.0,Công nghệ thông tin
3207,CEA,cong-nghe-thong-tin,D01,Điểm thi THPT,2024,17.0,Công nghệ thông tin
3208,CEA,cong-nghe-thong-tin,A00,Điểm học bạ,2025,17.25,Công nghệ thông tin
3209,CEA,cong-nghe-thong-tin,A01,Điểm học bạ,2025,17.25,Công nghệ thông tin
3210,CEA,cong-nghe-thong-tin,C03,Điểm học bạ,2025,17.25,Công nghệ thông tin
3211,CEA,cong-nghe-thong-tin,D01,Điểm học bạ,2025,17.25,Công nghệ thông tin
3212,CEA,cong-nghe-thong-tin,A00,Điểm thi THPT,2025,16.25,Công nghệ thông tin
3213,CEA,cong-nghe-thong-tin,A01,Điểm thi THPT,2025,16.25,Công nghệ thông tin
3214,CEA,cong-nghe-thong-tin,C03,Điểm thi THPT,2025,16.25,Công nghệ thông tin
3215,CEA,cong-nghe-thong-tin,D01,Điểm thi THPT,2025,16.25,Công nghệ thông tin
3216,CEA,ke-toan,A00,Điểm thi THPT,2021,14.0,Kế toán
3217,CEA,ke-toan,A01,Điểm thi THPT,2021,14.0,Kế toán
3218,CEA,ke-toan,B00,Điểm thi THPT,2021,14.0,Kế toán
3219,CEA,ke-toan,D01,Điểm thi THPT,2021,14.0,Kế toán
3220,CEA,ke-toan,A00,Điểm học bạ,2022,15.0,Kế toán
3221,CEA,ke-toan,A01,Điểm học bạ,2022,15.0,Kế toán
3222,CEA,ke-toan,B00,Điểm học bạ,2022,15.0,Kế toán
3223,CEA,ke-toan,D01,Điểm học bạ,2022,15.0,Kế toán
3224,CEA,ke-toan,A00,Điểm thi THPT,2022,15.0,Kế toán
3225,CEA,ke-toan,A01,Điểm thi THPT,2022,15.0,Kế toán
3226,CEA,ke-toan,B00,Điểm thi THPT,2022,15.0,Kế toán
3227,CEA,ke-toan,D01,Điểm thi THPT,2022,15.0,Kế toán
3228,CEA,ke-toan,A00,Điểm học bạ,2023,16.0,Kế toán
3229,CEA,ke-toan,A01,Điểm học bạ,2023,16.0,Kế toán
3230,CEA,ke-toan,B00,Điểm học bạ,2023,16.0,Kế toán
3231,CEA,ke-toan,D01,Điểm học bạ,2023,16.0,Kế toán
3232,CEA,ke-toan,A00,Điểm thi THPT,2023,18.0,Kế toán
3233,CEA,ke-toan,A01,Điểm thi THPT,2023,18.0,Kế toán
3234,CEA,ke-toan,B00,Điểm thi THPT,2023,18.0,Kế toán
3235,CEA,ke-toan,D01,Điểm thi THPT,2023,18.0,Kế toán
3236,CEA,ke-toan,A00,Điểm học bạ,2024,16.5,Kế toán
3237,CEA,ke-toan,A01,Điểm học bạ,2024,16.5,Kế toán
3238,CEA,ke-toan,B00,Điểm học bạ,2024,16.5,Kế toán
3239,CEA,ke-toan,D01,Điểm học bạ,2024,16.5,Kế toán
3240,CEA,ke-toan,A00,Điểm thi THPT,2024,17.0,Kế toán
3241,CEA,ke-toan,A01,Điểm thi THPT,2024,17.0,Kế toán
3242,CEA,ke-toan,B00,Điểm thi THPT,2024,17.0,Kế toán
3243,CEA,ke-toan,D01,Điểm thi THPT,2024,17.0,Kế toán
3244,CEA,ke-toan,A00,Điểm học bạ,2025,18.0,Kế toán
3245,CEA,ke-toan,A01,Điểm học bạ,2025,18.0,Kế toán
3246,CEA,ke-toan,C03,Điểm học bạ,2025,18.0,Kế toán
3247,CEA,ke-toan,D01,Điểm học bạ,2025,18.0,Kế toán
3248,CEA,ke-toan,A00,Điểm thi THPT,2025,17.0,Kế toán
3249,CEA,ke-toan,A01,Điểm thi THPT,2025,17.0,Kế toán
3250,CEA,ke-toan,C03,Điểm thi THPT,2025,17.0,Kế toán
3251,CEA,ke-toan,D01,Điểm thi THPT,2025,17.0,Kế toán
3252,CEA,kiem-toan,A00,Điểm học bạ,2025,24.5,Kiểm toán
3253,CEA,kiem-toan,A01,Điểm học bạ,2025,24.5,Kiểm toán
3254,CEA,kiem-toan,C03,Điểm học bạ,2025,24.5,Kiểm toán
3255,CEA,kiem-toan,D01,Điểm học bạ,2025,24.5,Kiểm toán
3256,CEA,kiem-toan,A00,Điểm thi THPT,2025,23.5,Kiểm toán
3257,CEA,kiem-toan,A01,Điểm thi THPT,2025,23.5,Kiểm toán
3258,CEA,kiem-toan,C03,Điểm thi THPT,2025,23.5,Kiểm toán
3259,CEA,kiem-toan,D01,Điểm thi THPT,2025,23.5,Kiểm toán
3260,CEA,kinh-te,A00,Điểm thi THPT,2021,14.0,Kinh tế
3261,CEA,kinh-te,A01,Điểm thi THPT,2021,14.0,Kinh tế
3262,CEA,kinh-te,B00,Điểm thi THPT,2021,14.0,Kinh tế
3263,CEA,kinh-te,D01,Điểm thi THPT,2021,14.0,Kinh tế
3264,CEA,kinh-te,A00,Điểm học bạ,2022,15.0,Kinh tế
3265,CEA,kinh-te,A01,Điểm học bạ,2022,15.0,Kinh tế
3266,CEA,kinh-te,B00,Điểm học bạ,2022,15.0,Kinh tế
3267,CEA,kinh-te,D01,Điểm học bạ,2022,15.0,Kinh tế
3268,CEA,kinh-te,A00,Điểm thi THPT,2022,15.0,Kinh tế
3269,CEA,kinh-te,A01,Điểm thi THPT,2022,15.0,Kinh tế
3270,CEA,kinh-te,B00,Điểm thi THPT,2022,15.0,Kinh tế
3271,CEA,kinh-te,D01,Điểm thi THPT,2022,15.0,Kinh tế
3272,CEA,kinh-te,A00,Điểm học bạ,2023,16.5,Kinh tế
3273,CEA,kinh-te,A01,Điểm học bạ,2023,16.5,Kinh tế
3274,CEA,kinh-te,B00,Điểm học bạ,2023,16.5,Kinh tế
3275,CEA,kinh-te,D01,Điểm học bạ,2023,16.5,Kinh tế
3276,CEA,kinh-te,A00,Điểm thi THPT,2023,18.0,Kinh tế
3277,CEA,kinh-te,A01,Điểm thi THPT,2023,18.0,Kinh tế
3278,CEA,kinh-te,B00,Điểm thi THPT,2023,18.0,Kinh tế
3279,CEA,kinh-te,D01,Điểm thi THPT,2023,18.0,Kinh tế
3280,CEA,kinh-te,A00,Điểm học bạ,2024,17.0,Kinh tế
3281,CEA,kinh-te,A01,Điểm học bạ,2024,17.0,Kinh tế
3282,CEA,kinh-te,B00,Điểm học bạ,2024,17.0,Kinh tế
3283,CEA,kinh-te,D01,Điểm học bạ,2024,17.0,Kinh tế
3284,CEA,kinh-te,A00,Điểm thi THPT,2024,17.0,Kinh tế
3285,CEA,kinh-te,A01,Điểm thi THPT,2024,17.0,Kinh tế
3286,CEA,kinh-te,B00,Điểm thi THPT,2024,17.0,Kinh tế
3287,CEA,kinh-te,D01,Điểm thi THPT,2024,17.0,Kinh tế
3288,CEA,kinh-te,A00,Điểm học bạ,2025,17.5,Kinh tế
3289,CEA,kinh-te,A01,Điểm học bạ,2025,17.5,Kinh tế
3290,CEA,kinh-te,C03,Điểm học bạ,2025,17.5,Kinh tế
3291,CEA,kinh-te,D01,Điểm học bạ,2025,17.5,Kinh tế
3292,CEA,kinh-te,A00,Điểm thi THPT,2025,16.5,Kinh tế
3293,CEA,kinh-te,A01,Điểm thi THPT,2025,16.5,Kinh tế
3294,CEA,kinh-te,C03,Điểm thi THPT,2025,16.5,Kinh tế
3295,CEA,kinh-te,D01,Điểm thi THPT,2025,16.5,Kinh tế
3296,CEA,kinh-te-so,A00,Điểm học bạ,2023,20.0,Kinh tế số
3297,CEA,kinh-te-so,A01,Điểm học bạ,2023,20.0,Kinh tế số
3298,CEA,kinh-te-so,B00,Điểm học bạ,2023,20.0,Kinh tế số
3299,CEA,kinh-te-so,D01,Điểm học bạ,2023,20.0,Kinh tế số
3300,CEA,kinh-te-so,A00,Điểm thi THPT,2023,20.0,Kinh tế số
3301,CEA,kinh-te-so,A01,Điểm thi THPT,2023,20.0,Kinh tế số
3302,CEA,kinh-te-so,B00,Điểm thi THPT,2023,20.0,Kinh tế số
3303,CEA,kinh-te-so,D01,Điểm thi THPT,2023,20.0,Kinh tế số
3304,CEA,kinh-te-so,A00,Điểm học bạ,2024,19.0,Kinh tế số
3305,CEA,kinh-te-so,A01,Điểm học bạ,2024,19.0,Kinh tế số
3306,CEA,kinh-te-so,B00,Điểm học bạ,2024,19.0,Kinh tế số
3307,CEA,kinh-te-so,D01,Điểm học bạ,2024,19.0,Kinh tế số
3308,CEA,kinh-te-so,A00,Điểm thi THPT,2024,18.0,Kinh tế số
3309,CEA,kinh-te-so,A01,Điểm thi THPT,2024,18.0,Kinh tế số
3310,CEA,kinh-te-so,B00,Điểm thi THPT,2024,18.0,Kinh tế số
3311,CEA,kinh-te-so,D01,Điểm thi THPT,2024,18.0,Kinh tế số
3312,CEA,lam-hoc,A00,Điểm học bạ,2022,15.0,Lâm học
3313,CEA,lam-hoc,A01,Điểm học bạ,2022,15.0,Lâm học
3314,CEA,lam-hoc,B00,Điểm học bạ,2022,15.0,Lâm học
3315,CEA,lam-hoc,D01,Điểm học bạ,2022,15.0,Lâm học
3316,CEA,lam-hoc,A00,Điểm thi THPT,2022,15.5,Lâm học
3317,CEA,lam-hoc,A01,Điểm thi THPT,2022,15.5,Lâm học
3318,CEA,lam-hoc,B00,Điểm thi THPT,2022,15.5,Lâm học
3319,CEA,lam-hoc,D01,Điểm thi THPT,2022,15.5,Lâm học
3320,CEA,lam-hoc,A00,Điểm học bạ,2023,23.0,Lâm học
3321,CEA,lam-hoc,A01,Điểm học bạ,2023,23.0,Lâm học
3322,CEA,lam-hoc,B00,Điểm học bạ,2023,23.0,Lâm học
3323,CEA,lam-hoc,D01,Điểm học bạ,2023,23.0,Lâm học
3324,CEA,lam-hoc,A00,Điểm thi THPT,2023,20.0,Lâm học
3325,CEA,lam-hoc,A01,Điểm thi THPT,2023,20.0,Lâm học
3326,CEA,lam-hoc,B00,Điểm thi THPT,2023,20.0,Lâm học
3327,CEA,lam-hoc,D01,Điểm thi THPT,2023,20.0,Lâm học
3328,CEA,lam-hoc,A00,Điểm học bạ,2024,16.5,Lâm học
3329,CEA,lam-hoc,A01,Điểm học bạ,2024,16.5,Lâm học
3330,CEA,lam-hoc,B00,Điểm học bạ,2024,16.5,Lâm học
3331,CEA,lam-hoc,D01,Điểm học bạ,2024,16.5,Lâm học
3332,CEA,lam-hoc,A00,Điểm thi THPT,2024,18.0,Lâm học
3333,CEA,lam-hoc,A01,Điểm thi THPT,2024,18.0,Lâm học
3334,CEA,lam-hoc,B00,Điểm thi THPT,2024,18.0,Lâm học
3335,CEA,lam-hoc,D01,Điểm thi THPT,2024,18.0,Lâm học
3336,CEA,lam-hoc,A00,Điểm học bạ,2025,25.0,Lâm học
3337,CEA,lam-hoc,A01,Điểm học bạ,2025,25.0,Lâm học
3338,CEA,lam-hoc,C03,Điểm học bạ,2025,25.0,Lâm học
3339,CEA,lam-hoc,D01,Điểm học bạ,2025,25.0,Lâm học
3340,CEA,lam-hoc,A00,Điểm thi THPT,2025,24.0,Lâm học
3341,CEA,lam-hoc,A01,Điểm thi THPT,2025,24.0,Lâm học
3342,CEA,lam-hoc,C03,Điểm thi THPT,2025,24.0,Lâm học
3343,CEA,lam-hoc,D01,Điểm thi THPT,2025,24.0,Lâm học
3344,CEA,lam-nghiep,A00,Điểm thi THPT,2021,14.0,Lâm nghiệp
3345,CEA,lam-nghiep,A01,Điểm thi THPT,2021,14.0,Lâm nghiệp
3346,CEA,lam-nghiep,B00,Điểm thi THPT,2021,14.0,Lâm nghiệp
3347,CEA,lam-nghiep,D01,Điểm thi THPT,2021,14.0,Lâm nghiệp
3348,CEA,logictics-va-chuoi-cung-ung,A00,Điểm học bạ,2024,17.0,Logictics và chuỗi cung ứng
3349,CEA,logictics-va-chuoi-cung-ung,A01,Điểm học bạ,2024,17.0,Logictics và chuỗi cung ứng
3350,CEA,logictics-va-chuoi-cung-ung,B00,Điểm học bạ,2024,17.0,Logictics và chuỗi cung ứng
3351,CEA,logictics-va-chuoi-cung-ung,D01,Điểm học bạ,2024,17.0,Logictics và chuỗi cung ứng
3352,CEA,logictics-va-chuoi-cung-ung,A00,Điểm thi THPT,2024,19.0,Logictics và chuỗi cung ứng
3353,CEA,logictics-va-chuoi-cung-ung,A01,Điểm thi THPT,2024,19.0,Logictics và chuỗi cung ứng
3354,CEA,logictics-va-chuoi-cung-ung,B00,Điểm thi THPT,2024,19.0,Logictics và chuỗi cung ứng
3355,CEA,logictics-va-chuoi-cung-ung,D01,Điểm thi THPT,2024,19.0,Logictics và chuỗi cung ứng
3356,CEA,logistics-va-chuoi-cung-ung,A00,Điểm học bạ,2025,19.0,Logistics và chuỗi cung ứng
3357,CEA,logistics-va-chuoi-cung-ung,A01,Điểm học bạ,2025,19.0,Logistics và chuỗi cung ứng
3358,CEA,logistics-va-chuoi-cung-ung,C03,Điểm học bạ,2025,19.0,Logistics và chuỗi cung ứng
3359,CEA,logistics-va-chuoi-cung-ung,D01,Điểm học bạ,2025,19.0,Logistics và chuỗi cung ứng
3360,CEA,logistics-va-chuoi-cung-ung,A00,Điểm thi THPT,2025,18.0,Logistics và chuỗi cung ứng
3361,CEA,logistics-va-chuoi-cung-ung,A01,Điểm thi THPT,2025,18.0,Logistics và chuỗi cung ứng
3362,CEA,logistics-va-chuoi-cung-ung,C03,Điểm thi THPT,2025,18.0,Logistics và chuỗi cung ứng
3363,CEA,logistics-va-chuoi-cung-ung,D01,Điểm thi THPT,2025,18.0,Logistics và chuỗi cung ứng
3364,CEA,marketing,A00,Điểm học bạ,2023,16.5,Marketing
3365,CEA,marketing,A01,Điểm học bạ,2023,16.5,Marketing
3366,CEA,marketing,B00,Điểm học bạ,2023,16.5,Marketing
3367,CEA,marketing,D01,Điểm học bạ,2023,16.5,Marketing
3368,CEA,marketing,A00,Điểm thi THPT,2023,18.0,Marketing
3369,CEA,marketing,A01,Điểm thi THPT,2023,18.0,Marketing
3370,CEA,marketing,B00,Điểm thi THPT,2023,18.0,Marketing
3371,CEA,marketing,D01,Điểm thi THPT,2023,18.0,Marketing
3372,CEA,marketing,A00,Điểm học bạ,2024,17.0,Marketing
3373,CEA,marketing,A01,Điểm học bạ,2024,17.0,Marketing
3374,CEA,marketing,B00,Điểm học bạ,2024,17.0,Marketing
3375,CEA,marketing,D01,Điểm học bạ,2024,17.0,Marketing
3376,CEA,marketing,A00,Điểm thi THPT,2024,17.0,Marketing
3377,CEA,marketing,A01,Điểm thi THPT,2024,17.0,Marketing
3378,CEA,marketing,B00,Điểm thi THPT,2024,17.0,Marketing
3379,CEA,marketing,D01,Điểm thi THPT,2024,17.0,Marketing
3380,CEA,marketing,A00,Điểm học bạ,2025,18.0,Marketing
3381,CEA,marketing,A01,Điểm học bạ,2025,18.0,Marketing
3382,CEA,marketing,C03,Điểm học bạ,2025,18.0,Marketing
3383,CEA,marketing,D01,Điểm học bạ,2025,18.0,Marketing
3384,CEA,marketing,A00,Điểm thi THPT,2025,17.0,Marketing
3385,CEA,marketing,A01,Điểm thi THPT,2025,17.0,Marketing
3386,CEA,marketing,C03,Điểm thi THPT,2025,17.0,Marketing
3387,CEA,marketing,D01,Điểm thi THPT,2025,17.0,Marketing
3388,CEA,ngon-ngu-anh,A00,Điểm học bạ,2024,16.5,Ngôn ngữ Anh
3389,CEA,ngon-ngu-anh,A01,Điểm học bạ,2024,16.5,Ngôn ngữ Anh
3390,CEA,ngon-ngu-anh,B00,Điểm học bạ,2024,16.5,Ngôn ngữ Anh
3391,CEA,ngon-ngu-anh,D01,Điểm học bạ,2024,16.5,Ngôn ngữ Anh
3392,CEA,ngon-ngu-anh,A00,Điểm thi THPT,2024,20.0,Ngôn ngữ Anh
3393,CEA,ngon-ngu-anh,A01,Điểm thi THPT,2024,20.0,Ngôn ngữ Anh
3394,CEA,ngon-ngu-anh,B00,Điểm thi THPT,2024,20.0,Ngôn ngữ Anh
3395,CEA,ngon-ngu-anh,D01,Điểm thi THPT,2024,20.0,Ngôn ngữ Anh
3396,CEA,ngon-ngu-anh,C03,Điểm học bạ,2025,20.0,Ngôn ngữ Anh
3397,CEA,ngon-ngu-anh,D01,Điểm học bạ,2025,20.0,Ngôn ngữ Anh
3398,CEA,ngon-ngu-anh,D11,Điểm học bạ,2025,20.0,Ngôn ngữ Anh
3399,CEA,ngon-ngu-anh,D15,Điểm học bạ,2025,20.0,Ngôn ngữ Anh
3400,CEA,ngon-ngu-anh,C03,Điểm thi THPT,2025,19.0,Ngôn ngữ Anh
3401,CEA,ngon-ngu-anh,D01,Điểm thi THPT,2025,19.0,Ngôn ngữ Anh
3402,CEA,ngon-ngu-anh,D11,Điểm thi THPT,2025,19.0,Ngôn ngữ Anh
3403,CEA,ngon-ngu-anh,D15,Điểm thi THPT,2025,19.0,Ngôn ngữ Anh
3404,CEA,ngon-ngu-trung,C03,Điểm học bạ,2025,23.14,Ngôn ngữ Trung
3405,CEA,ngon-ngu-trung,D01,Điểm học bạ,2025,23.14,Ngôn ngữ Trung
3406,CEA,ngon-ngu-trung,D11,Điểm học bạ,2025,23.14,Ngôn ngữ Trung
3407,CEA,ngon-ngu-trung,D15,Điểm học bạ,2025,23.14,Ngôn ngữ Trung
3408,CEA,ngon-ngu-trung,C03,Điểm thi THPT,2025,22.14,Ngôn ngữ Trung
3409,CEA,ngon-ngu-trung,D01,Điểm thi THPT,2025,22.14,Ngôn ngữ Trung
3410,CEA,ngon-ngu-trung,D11,Điểm thi THPT,2025,22.14,Ngôn ngữ Trung
3411,CEA,ngon-ngu-trung,D15,Điểm thi THPT,2025,22.14,Ngôn ngữ Trung
3412,CEA,nong-nghiep,A00,Điểm học bạ,2023,16.0,Nông nghiệp (công nghệ cao)
3413,CEA,nong-nghiep,A01,Điểm học bạ,2023,16.0,Nông nghiệp (công nghệ cao)
3414,CEA,nong-nghiep,B00,Điểm học bạ,2023,16.0,Nông nghiệp (công nghệ cao)
3415,CEA,nong-nghiep,D01,Điểm học bạ,2023,16.0,Nông nghiệp (công nghệ cao)
3416,CEA,nong-nghiep,A00,Điểm thi THPT,2023,19.0,Nông nghiệp (công nghệ cao)
3417,CEA,nong-nghiep,A01,Điểm thi THPT,2023,19.0,Nông nghiệp (công nghệ cao)
3418,CEA,nong-nghiep,B00,Điểm thi THPT,2023,19.0,Nông nghiệp (công nghệ cao)
3419,CEA,nong-nghiep,D01,Điểm thi THPT,2023,19.0,Nông nghiệp (công nghệ cao)
3420,CEA,nong-nghiep,A00,Điểm học bạ,2024,17.0,Nông nghiệp
3421,CEA,nong-nghiep,A01,Điểm học bạ,2024,17.0,Nông nghiệp
3422,CEA,nong-nghiep,B00,Điểm học bạ,2024,17.0,Nông nghiệp
3423,CEA,nong-nghiep,D01,Điểm học bạ,2024,17.0,Nông nghiệp
3424,CEA,nong-nghiep,A00,Điểm thi THPT,2024,17.0,Nông nghiệp
3425,CEA,nong-nghiep,A01,Điểm thi THPT,2024,17.0,Nông nghiệp
3426,CEA,nong-nghiep,B00,Điểm thi THPT,2024,17.0,Nông nghiệp
3427,CEA,nong-nghiep,D01,Điểm thi THPT,2024,17.0,Nông nghiệp
3428,CEA,nong-nghiep,A01,Điểm học bạ,2025,17.0,Nông nghiệp
3429,CEA,nong-nghiep,B00,Điểm học bạ,2025,17.0,Nông nghiệp
3430,CEA,nong-nghiep,C03,Điểm học bạ,2025,17.0,Nông nghiệp
3431,CEA,nong-nghiep,D01,Điểm học bạ,2025,17.0,Nông nghiệp
3432,CEA,nong-nghiep,A01,Điểm thi THPT,2025,16.0,Nông nghiệp
3433,CEA,nong-nghiep,B00,Điểm thi THPT,2025,16.0,Nông nghiệp
3434,CEA,nong-nghiep,C03,Điểm thi THPT,2025,16.0,Nông nghiệp
3435,CEA,nong-nghiep,D01,Điểm thi THPT,2025,16.0,Nông nghiệp
3436,CEA,quan-ly-dat-dai,A00,Điểm thi THPT,2021,14.0,Quản lý đất đai
3437,CEA,quan-ly-dat-dai,A01,Điểm thi THPT,2021,14.0,Quản lý đất đai
3438,CEA,quan-ly-dat-dai,B00,Điểm thi THPT,2021,14.0,Quản lý đất đai
3439,CEA,quan-ly-dat-dai,D01,Điểm thi THPT,2021,14.0,Quản lý đất đai
3440,CEA,quan-ly-dat-dai,A00,Điểm học bạ,2022,15.0,Quản lý đất đai
3441,CEA,quan-ly-dat-dai,A01,Điểm học bạ,2022,15.0,Quản lý đất đai
3442,CEA,quan-ly-dat-dai,B00,Điểm học bạ,2022,15.0,Quản lý đất đai
3443,CEA,quan-ly-dat-dai,D01,Điểm học bạ,2022,15.0,Quản lý đất đai
3444,CEA,quan-ly-dat-dai,A00,Điểm thi THPT,2022,15.5,Quản lý đất đai
3445,CEA,quan-ly-dat-dai,A01,Điểm thi THPT,2022,15.5,Quản lý đất đai
3446,CEA,quan-ly-dat-dai,B00,Điểm thi THPT,2022,15.5,Quản lý đất đai
3447,CEA,quan-ly-dat-dai,D01,Điểm thi THPT,2022,15.5,Quản lý đất đai
3448,CEA,quan-ly-dat-dai,A00,Điểm học bạ,2023,16.0,Quản lý đất đai
3449,CEA,quan-ly-dat-dai,A01,Điểm học bạ,2023,16.0,Quản lý đất đai
3450,CEA,quan-ly-dat-dai,B00,Điểm học bạ,2023,16.0,Quản lý đất đai
3451,CEA,quan-ly-dat-dai,D01,Điểm học bạ,2023,16.0,Quản lý đất đai
3452,CEA,quan-ly-dat-dai,A00,Điểm thi THPT,2023,19.0,Quản lý đất đai
3453,CEA,quan-ly-dat-dai,A01,Điểm thi THPT,2023,19.0,Quản lý đất đai
3454,CEA,quan-ly-dat-dai,B00,Điểm thi THPT,2023,19.0,Quản lý đất đai
3455,CEA,quan-ly-dat-dai,D01,Điểm thi THPT,2023,19.0,Quản lý đất đai
3456,CEA,quan-ly-dat-dai,A00,Điểm học bạ,2024,17.0,Quản lý đất đai
3457,CEA,quan-ly-dat-dai,A01,Điểm học bạ,2024,17.0,Quản lý đất đai
3458,CEA,quan-ly-dat-dai,B00,Điểm học bạ,2024,17.0,Quản lý đất đai
3459,CEA,quan-ly-dat-dai,D01,Điểm học bạ,2024,17.0,Quản lý đất đai
3460,CEA,quan-ly-dat-dai,A00,Điểm thi THPT,2024,17.0,Quản lý đất đai
3461,CEA,quan-ly-dat-dai,A01,Điểm thi THPT,2024,17.0,Quản lý đất đai
3462,CEA,quan-ly-dat-dai,B00,Điểm thi THPT,2024,17.0,Quản lý đất đai
3463,CEA,quan-ly-dat-dai,D01,Điểm thi THPT,2024,17.0,Quản lý đất đai
3464,CEA,quan-ly-dat-dai,A00,Điểm học bạ,2025,17.0,Quản lý đất đai
3465,CEA,quan-ly-dat-dai,A01,Điểm học bạ,2025,17.0,Quản lý đất đai
3466,CEA,quan-ly-dat-dai,C03,Điểm học bạ,2025,17.0,Quản lý đất đai
3467,CEA,quan-ly-dat-dai,D01,Điểm học bạ,2025,17.0,Quản lý đất đai
3468,CEA,quan-ly-dat-dai,A00,Điểm thi THPT,2025,16.0,Quản lý đất đai
3469,CEA,quan-ly-dat-dai,A01,Điểm thi THPT,2025,16.0,Quản lý đất đai
3470,CEA,quan-ly-dat-dai,C03,Điểm thi THPT,2025,16.0,Quản lý đất đai
3471,CEA,quan-ly-dat-dai,D01,Điểm thi THPT,2025,16.0,Quản lý đất đai
3472,CEA,quan-tri-kinh-doanh,A00,Điểm thi THPT,2021,14.0,Quản trị kinh doanh
3473,CEA,quan-tri-kinh-doanh,A01,Điểm thi THPT,2021,14.0,Quản trị kinh doanh
3474,CEA,quan-tri-kinh-doanh,B00,Điểm thi THPT,2021,14.0,Quản trị kinh doanh
3475,CEA,quan-tri-kinh-doanh,D01,Điểm thi THPT,2021,14.0,Quản trị kinh doanh
3476,CEA,quan-tri-kinh-doanh,A00,Điểm học bạ,2022,15.0,Quản trị kinh doanh
3477,CEA,quan-tri-kinh-doanh,A01,Điểm học bạ,2022,15.0,Quản trị kinh doanh
3478,CEA,quan-tri-kinh-doanh,B00,Điểm học bạ,2022,15.0,Quản trị kinh doanh
3479,CEA,quan-tri-kinh-doanh,D01,Điểm học bạ,2022,15.0,Quản trị kinh doanh
3480,CEA,quan-tri-kinh-doanh,A00,Điểm thi THPT,2022,13.0,Quản trị kinh doanh
3481,CEA,quan-tri-kinh-doanh,A01,Điểm thi THPT,2022,13.0,Quản trị kinh doanh
3482,CEA,quan-tri-kinh-doanh,B00,Điểm thi THPT,2022,13.0,Quản trị kinh doanh
3483,CEA,quan-tri-kinh-doanh,D01,Điểm thi THPT,2022,13.0,Quản trị kinh doanh
3484,CEA,quan-tri-kinh-doanh,A00,Điểm học bạ,2023,16.5,Quản trị kinh doanh
3485,CEA,quan-tri-kinh-doanh,A01,Điểm học bạ,2023,16.5,Quản trị kinh doanh
3486,CEA,quan-tri-kinh-doanh,B00,Điểm học bạ,2023,16.5,Quản trị kinh doanh
3487,CEA,quan-tri-kinh-doanh,D01,Điểm học bạ,2023,16.5,Quản trị kinh doanh
3488,CEA,quan-tri-kinh-doanh,A00,Điểm thi THPT,2023,18.0,Quản trị kinh doanh
3489,CEA,quan-tri-kinh-doanh,A01,Điểm thi THPT,2023,18.0,Quản trị kinh doanh
3490,CEA,quan-tri-kinh-doanh,B00,Điểm thi THPT,2023,18.0,Quản trị kinh doanh
3491,CEA,quan-tri-kinh-doanh,D01,Điểm thi THPT,2023,18.0,Quản trị kinh doanh
3492,CEA,quan-tri-kinh-doanh,A00,Điểm học bạ,2024,16.0,Quản trị kinh doanh
3493,CEA,quan-tri-kinh-doanh,A01,Điểm học bạ,2024,16.0,Quản trị kinh doanh
3494,CEA,quan-tri-kinh-doanh,B00,Điểm học bạ,2024,16.0,Quản trị kinh doanh
3495,CEA,quan-tri-kinh-doanh,D01,Điểm học bạ,2024,16.0,Quản trị kinh doanh
3496,CEA,quan-tri-kinh-doanh,A00,Điểm thi THPT,2024,17.0,Quản trị kinh doanh
3497,CEA,quan-tri-kinh-doanh,A01,Điểm thi THPT,2024,17.0,Quản trị kinh doanh
3498,CEA,quan-tri-kinh-doanh,B00,Điểm thi THPT,2024,17.0,Quản trị kinh doanh
3499,CEA,quan-tri-kinh-doanh,D01,Điểm thi THPT,2024,17.0,Quản trị kinh doanh
3500,CEA,quan-tri-kinh-doanh,A00,Điểm học bạ,2025,17.5,Quản trị kinh doanh
3501,CEA,quan-tri-kinh-doanh,A01,Điểm học bạ,2025,17.5,Quản trị kinh doanh
3502,CEA,quan-tri-kinh-doanh,C03,Điểm học bạ,2025,17.5,Quản trị kinh doanh
3503,CEA,quan-tri-kinh-doanh,D01,Điểm học bạ,2025,17.5,Quản trị kinh doanh
3504,CEA,quan-tri-kinh-doanh,A00,Điểm thi THPT,2025,16.5,Quản trị kinh doanh
3505,CEA,quan-tri-kinh-doanh,A01,Điểm thi THPT,2025,16.5,Quản trị kinh doanh
3506,CEA,quan-tri-kinh-doanh,C03,Điểm thi THPT,2025,16.5,Quản trị kinh doanh
3507,CEA,quan-tri-kinh-doanh,D01,Điểm thi THPT,2025,16.5,Quản trị kinh doanh
3508,CEA,tai-chinh-ngan-hang,A00,Điểm thi THPT,2021,14.0,Tài chính ngân hàng
3509,CEA,tai-chinh-ngan-hang,A01,Điểm thi THPT,2021,14.0,Tài chính ngân hàng
3510,CEA,tai-chinh-ngan-hang,B00,Điểm thi THPT,2021,14.0,Tài chính ngân hàng
3511,CEA,tai-chinh-ngan-hang,D01,Điểm thi THPT,2021,14.0,Tài chính ngân hàng
3512,CEA,tai-chinh-ngan-hang,A00,Điểm học bạ,2022,15.0,Tài chính ngân hàng
3513,CEA,tai-chinh-ngan-hang,A01,Điểm học bạ,2022,15.0,Tài chính ngân hàng
3514,CEA,tai-chinh-ngan-hang,B00,Điểm học bạ,2022,15.0,Tài chính ngân hàng
3515,CEA,tai-chinh-ngan-hang,D01,Điểm học bạ,2022,15.0,Tài chính ngân hàng
3516,CEA,tai-chinh-ngan-hang,A00,Điểm thi THPT,2022,15.5,Tài chính ngân hàng
3517,CEA,tai-chinh-ngan-hang,A01,Điểm thi THPT,2022,15.5,Tài chính ngân hàng
3518,CEA,tai-chinh-ngan-hang,B00,Điểm thi THPT,2022,15.5,Tài chính ngân hàng
3519,CEA,tai-chinh-ngan-hang,D01,Điểm thi THPT,2022,15.5,Tài chính ngân hàng
3520,CEA,tai-chinh-ngan-hang,A00,Điểm học bạ,2023,16.0,Tài chính ngân hàng
3521,CEA,tai-chinh-ngan-hang,A01,Điểm học bạ,2023,16.0,Tài chính ngân hàng
3522,CEA,tai-chinh-ngan-hang,B00,Điểm học bạ,2023,16.0,Tài chính ngân hàng
3523,CEA,tai-chinh-ngan-hang,D01,Điểm học bạ,2023,16.0,Tài chính ngân hàng
3524,CEA,tai-chinh-ngan-hang,A00,Điểm thi THPT,2023,18.0,Tài chính ngân hàng
3525,CEA,tai-chinh-ngan-hang,A01,Điểm thi THPT,2023,18.0,Tài chính ngân hàng
3526,CEA,tai-chinh-ngan-hang,B00,Điểm thi THPT,2023,18.0,Tài chính ngân hàng
3527,CEA,tai-chinh-ngan-hang,D01,Điểm thi THPT,2023,18.0,Tài chính ngân hàng
3528,CEA,tai-chinh-ngan-hang,A00,Điểm học bạ,2024,17.0,Tài chính ngân hàng
3529,CEA,tai-chinh-ngan-hang,A01,Điểm học bạ,2024,17.0,Tài chính ngân hàng
3530,CEA,tai-chinh-ngan-hang,B00,Điểm học bạ,2024,17.0,Tài chính ngân hàng
3531,CEA,tai-chinh-ngan-hang,D01,Điểm học bạ,2024,17.0,Tài chính ngân hàng
3532,CEA,tai-chinh-ngan-hang,A00,Điểm thi THPT,2024,17.0,Tài chính ngân hàng
3533,CEA,tai-chinh-ngan-hang,A01,Điểm thi THPT,2024,17.0,Tài chính ngân hàng
3534,CEA,tai-chinh-ngan-hang,B00,Điểm thi THPT,2024,17.0,Tài chính ngân hàng
3535,CEA,tai-chinh-ngan-hang,D01,Điểm thi THPT,2024,17.0,Tài chính ngân hàng
3536,CEA,tai-chinh-ngan-hang,A00,Điểm học bạ,2025,18.0,Tài chính - Ngân hàng
3537,CEA,tai-chinh-ngan-hang,A01,Điểm học bạ,2025,18.0,Tài chính - Ngân hàng
3538,CEA,tai-chinh-ngan-hang,C03,Điểm học bạ,2025,18.0,Tài chính - Ngân hàng
3539,CEA,tai-chinh-ngan-hang,D01,Điểm học bạ,2025,18.0,Tài chính - Ngân hàng
3540,CEA,tai-chinh-ngan-hang,A00,Điểm thi THPT,2025,17.0,Tài chính - Ngân hàng
3541,CEA,tai-chinh-ngan-hang,A01,Điểm thi THPT,2025,17.0,Tài chính - Ngân hàng
3542,CEA,tai-chinh-ngan-hang,C03,Điểm thi THPT,2025,17.0,Tài chính - Ngân hàng
3543,CEA,tai-chinh-ngan-hang,D01,Điểm thi THPT,2025,17.0,Tài chính - Ngân hàng
3544,CEA,thu-y,A00,Điểm thi THPT,2021,14.0,Thú y
3545,CEA,thu-y,A01,Điểm thi THPT,2021,14.0,Thú y
3546,CEA,thu-y,B00,Điểm thi THPT,2021,14.0,Thú y
3547,CEA,thu-y,D01,Điểm thi THPT,2021,14.0,Thú y
3548,CEA,thu-y,A00,Điểm học bạ,2022,15.0,Thú y (Bác sĩ thú y)
3549,CEA,thu-y,A01,Điểm học bạ,2022,15.0,Thú y (Bác sĩ thú y)
3550,CEA,thu-y,B00,Điểm học bạ,2022,15.0,Thú y (Bác sĩ thú y)
3551,CEA,thu-y,D01,Điểm học bạ,2022,15.0,Thú y (Bác sĩ thú y)
3552,CEA,thu-y,A00,Điểm thi THPT,2022,14.0,Thú y (Bác sĩ thú y)
3553,CEA,thu-y,A01,Điểm thi THPT,2022,14.0,Thú y (Bác sĩ thú y)
3554,CEA,thu-y,B00,Điểm thi THPT,2022,14.0,Thú y (Bác sĩ thú y)
3555,CEA,thu-y,D01,Điểm thi THPT,2022,14.0,Thú y (Bác sĩ thú y)
3556,CEA,thu-y,A00,Điểm học bạ,2023,16.0,Thú y (Bác sĩ thú y)
3557,CEA,thu-y,A01,Điểm học bạ,2023,16.0,Thú y (Bác sĩ thú y)
3558,CEA,thu-y,B00,Điểm học bạ,2023,16.0,Thú y (Bác sĩ thú y)
3559,CEA,thu-y,D01,Điểm học bạ,2023,16.0,Thú y (Bác sĩ thú y)
3560,CEA,thu-y,A00,Điểm thi THPT,2023,18.0,Thú y (Bác sĩ thú y)
3561,CEA,thu-y,A01,Điểm thi THPT,2023,18.0,Thú y (Bác sĩ thú y)
3562,CEA,thu-y,B00,Điểm thi THPT,2023,18.0,Thú y (Bác sĩ thú y)
3563,CEA,thu-y,D01,Điểm thi THPT,2023,18.0,Thú y (Bác sĩ thú y)
3564,CEA,thu-y,A00,Điểm học bạ,2024,17.0,Thú y (Bác sĩ Thú y)
3565,CEA,thu-y,A01,Điểm học bạ,2024,17.0,Thú y (Bác sĩ Thú y)
3566,CEA,thu-y,B00,Điểm học bạ,2024,17.0,Thú y (Bác sĩ Thú y)
3567,CEA,thu-y,D01,Điểm học bạ,2024,17.0,Thú y (Bác sĩ Thú y)
3568,CEA,thu-y,A00,Điểm thi THPT,2024,17.0,Thú y (Bác sĩ Thú y)
3569,CEA,thu-y,A01,Điểm thi THPT,2024,17.0,Thú y (Bác sĩ Thú y)
3570,CEA,thu-y,B00,Điểm thi THPT,2024,17.0,Thú y (Bác sĩ Thú y)
3571,CEA,thu-y,D01,Điểm thi THPT,2024,17.0,Thú y (Bác sĩ Thú y)
3572,CEA,thuong-mai-dien-tu,A00,Điểm học bạ,2024,17.0,Thương mại điện tử
3573,CEA,thuong-mai-dien-tu,A01,Điểm học bạ,2024,17.0,Thương mại điện tử
3574,CEA,thuong-mai-dien-tu,B00,Điểm học bạ,2024,17.0,Thương mại điện tử
3575,CEA,thuong-mai-dien-tu,D01,Điểm học bạ,2024,17.0,Thương mại điện tử
3576,CEA,thuong-mai-dien-tu,A00,Điểm thi THPT,2024,19.0,Thương mại điện tử
3577,CEA,thuong-mai-dien-tu,A01,Điểm thi THPT,2024,19.0,Thương mại điện tử
3578,CEA,thuong-mai-dien-tu,B00,Điểm thi THPT,2024,19.0,Thương mại điện tử
3579,CEA,thuong-mai-dien-tu,D01,Điểm thi THPT,2024,19.0,Thương mại điện tử
3580,CEA,thuong-mai-dien-tu,A00,Điểm học bạ,2025,18.0,Thương mại điện tử
3581,CEA,thuong-mai-dien-tu,A01,Điểm học bạ,2025,18.0,Thương mại điện tử
3582,CEA,thuong-mai-dien-tu,C03,Điểm học bạ,2025,18.0,Thương mại điện tử
3583,CEA,thuong-mai-dien-tu,D01,Điểm học bạ,2025,18.0,Thương mại điện tử
3584,CEA,thuong-mai-dien-tu,A00,Điểm thi THPT,2025,18.0,Thương mại điện tử
3585,CEA,thuong-mai-dien-tu,A01,Điểm thi THPT,2025,18.0,Thương mại điện tử
3586,CEA,thuong-mai-dien-tu,C03,Điểm thi THPT,2025,18.0,Thương mại điện tử
3587,CEA,thuong-mai-dien-tu,D01,Điểm thi THPT,2025,18.0,Thương mại điện tử
3588,CEA,thuy,A01,Điểm học bạ,2025,17.0,Thúy (Bác sĩ Thú y)
3589,CEA,thuy,B00,Điểm học bạ,2025,17.0,Thúy (Bác sĩ Thú y)
3590,CEA,thuy,C03,Điểm học bạ,2025,17.0,Thúy (Bác sĩ Thú y)
3591,CEA,thuy,D01,Điểm học bạ,2025,17.0,Thúy (Bác sĩ Thú y)
3592,CEA,thuy,A01,Điểm thi THPT,2025,16.0,Thúy (Bác sĩ Thú y)
3593,CEA,thuy,B00,Điểm thi THPT,2025,16.0,Thúy (Bác sĩ Thú y)
3594,CEA,thuy,C03,Điểm thi THPT,2025,16.0,Thúy (Bác sĩ Thú y)
3595,CEA,thuy,D01,Điểm thi THPT,2025,16.0,Thúy (Bác sĩ Thú y)
3596,CMC,cong-nghe-ky-thuat-dien-tu-vien-thong,A00,Điểm học bạ,2024,23.0,Công nghệ kỹ thuật Điện tử - Viễn thông
3597,CMC,cong-nghe-ky-thuat-dien-tu-vien-thong,A01,Điểm học bạ,2024,23.0,Công nghệ kỹ thuật Điện tử - Viễn thông
3598,CMC,cong-nghe-ky-thuat-dien-tu-vien-thong,D01,Điểm học bạ,2024,23.0,Công nghệ kỹ thuật Điện tử - Viễn thông
3599,CMC,cong-nghe-ky-thuat-dien-tu-vien-thong,D90,Điểm học bạ,2024,23.0,Công nghệ kỹ thuật Điện tử - Viễn thông
3600,CMC,cong-nghe-ky-thuat-dien-tu-vien-thong,A00,Điểm thi THPT,2024,23.0,Công nghệ kỹ thuật Điện tử - Viễn thông
3601,CMC,cong-nghe-ky-thuat-dien-tu-vien-thong,A01,Điểm thi THPT,2024,23.0,Công nghệ kỹ thuật Điện tử - Viễn thông
3602,CMC,cong-nghe-ky-thuat-dien-tu-vien-thong,D01,Điểm thi THPT,2024,23.0,Công nghệ kỹ thuật Điện tử - Viễn thông
3603,CMC,cong-nghe-ky-thuat-dien-tu-vien-thong,D90,Điểm thi THPT,2024,23.0,Công nghệ kỹ thuật Điện tử - Viễn thông
3604,CMC,cong-nghe-ky-thuat-dien-tu-vien-thong,A00,Điểm học bạ,2025,30.8,Công nghệ Kỹ thuật Điện tử - Viễn thông (IC Design)
3605,CMC,cong-nghe-ky-thuat-dien-tu-vien-thong,A01,Điểm học bạ,2025,30.8,Công nghệ Kỹ thuật Điện tử - Viễn thông (IC Design)
3606,CMC,cong-nghe-ky-thuat-dien-tu-vien-thong,A02,Điểm học bạ,2025,30.8,Công nghệ Kỹ thuật Điện tử - Viễn thông (IC Design)
3607,CMC,cong-nghe-ky-thuat-dien-tu-vien-thong,A03,Điểm học bạ,2025,30.8,Công nghệ Kỹ thuật Điện tử - Viễn thông (IC Design)
3608,CMC,cong-nghe-ky-thuat-dien-tu-vien-thong,A04,Điểm học bạ,2025,30.8,Công nghệ Kỹ thuật Điện tử - Viễn thông (IC Design)
3609,CMC,cong-nghe-ky-thuat-dien-tu-vien-thong,A05,Điểm học bạ,2025,30.8,Công nghệ Kỹ thuật Điện tử - Viễn thông (IC Design)
3610,CMC,cong-nghe-ky-thuat-dien-tu-vien-thong,A06,Điểm học bạ,2025,30.8,Công nghệ Kỹ thuật Điện tử - Viễn thông (IC Design)
3611,CMC,cong-nghe-ky-thuat-dien-tu-vien-thong,A10,Điểm học bạ,2025,30.8,Công nghệ Kỹ thuật Điện tử - Viễn thông (IC Design)
3612,CMC,cong-nghe-ky-thuat-dien-tu-vien-thong,A11,Điểm học bạ,2025,30.8,Công nghệ Kỹ thuật Điện tử - Viễn thông (IC Design)
3613,CMC,cong-nghe-ky-thuat-dien-tu-vien-thong,A17,Điểm học bạ,2025,30.8,Công nghệ Kỹ thuật Điện tử - Viễn thông (IC Design)
3614,CMC,cong-nghe-ky-thuat-dien-tu-vien-thong,A18,Điểm học bạ,2025,30.8,Công nghệ Kỹ thuật Điện tử - Viễn thông (IC Design)
3615,CMC,cong-nghe-ky-thuat-dien-tu-vien-thong,B00,Điểm học bạ,2025,30.8,Công nghệ Kỹ thuật Điện tử - Viễn thông (IC Design)
3616,CMC,cong-nghe-ky-thuat-dien-tu-vien-thong,C01,Điểm học bạ,2025,30.8,Công nghệ Kỹ thuật Điện tử - Viễn thông (IC Design)
3617,CMC,cong-nghe-ky-thuat-dien-tu-vien-thong,C02,Điểm học bạ,2025,30.8,Công nghệ Kỹ thuật Điện tử - Viễn thông (IC Design)
3618,CMC,cong-nghe-ky-thuat-dien-tu-vien-thong,D07,Điểm học bạ,2025,30.8,Công nghệ Kỹ thuật Điện tử - Viễn thông (IC Design)
3619,CMC,cong-nghe-ky-thuat-dien-tu-vien-thong,D21,Điểm học bạ,2025,30.8,Công nghệ Kỹ thuật Điện tử - Viễn thông (IC Design)
3620,CMC,cong-nghe-ky-thuat-dien-tu-vien-thong,D22,Điểm học bạ,2025,30.8,Công nghệ Kỹ thuật Điện tử - Viễn thông (IC Design)
3621,CMC,cong-nghe-ky-thuat-dien-tu-vien-thong,D23,Điểm học bạ,2025,30.8,Công nghệ Kỹ thuật Điện tử - Viễn thông (IC Design)
3622,CMC,cong-nghe-ky-thuat-dien-tu-vien-thong,D24,Điểm học bạ,2025,30.8,Công nghệ Kỹ thuật Điện tử - Viễn thông (IC Design)
3623,CMC,cong-nghe-ky-thuat-dien-tu-vien-thong,D25,Điểm học bạ,2025,30.8,Công nghệ Kỹ thuật Điện tử - Viễn thông (IC Design)
3624,CMC,cong-nghe-ky-thuat-dien-tu-vien-thong,D26,Điểm học bạ,2025,30.8,Công nghệ Kỹ thuật Điện tử - Viễn thông (IC Design)
3625,CMC,cong-nghe-ky-thuat-dien-tu-vien-thong,D27,Điểm học bạ,2025,30.8,Công nghệ Kỹ thuật Điện tử - Viễn thông (IC Design)
3626,CMC,cong-nghe-ky-thuat-dien-tu-vien-thong,D28,Điểm học bạ,2025,30.8,Công nghệ Kỹ thuật Điện tử - Viễn thông (IC Design)
3627,CMC,cong-nghe-ky-thuat-dien-tu-vien-thong,D29,Điểm học bạ,2025,30.8,Công nghệ Kỹ thuật Điện tử - Viễn thông (IC Design)
3628,CMC,cong-nghe-ky-thuat-dien-tu-vien-thong,D30,Điểm học bạ,2025,30.8,Công nghệ Kỹ thuật Điện tử - Viễn thông (IC Design)
3629,CMC,cong-nghe-ky-thuat-dien-tu-vien-thong,X05,Điểm học bạ,2025,30.8,Công nghệ Kỹ thuật Điện tử - Viễn thông (IC Design)
3630,CMC,cong-nghe-ky-thuat-dien-tu-vien-thong,X06,Điểm học bạ,2025,30.8,Công nghệ Kỹ thuật Điện tử - Viễn thông (IC Design)
3631,CMC,cong-nghe-ky-thuat-dien-tu-vien-thong,X07,Điểm học bạ,2025,30.8,Công nghệ Kỹ thuật Điện tử - Viễn thông (IC Design)
3632,CMC,cong-nghe-ky-thuat-dien-tu-vien-thong,X08,Điểm học bạ,2025,30.8,Công nghệ Kỹ thuật Điện tử - Viễn thông (IC Design)
3633,CMC,cong-nghe-ky-thuat-dien-tu-vien-thong,X09,Điểm học bạ,2025,30.8,Công nghệ Kỹ thuật Điện tử - Viễn thông (IC Design)
3634,CMC,cong-nghe-ky-thuat-dien-tu-vien-thong,X10,Điểm học bạ,2025,30.8,Công nghệ Kỹ thuật Điện tử - Viễn thông (IC Design)
3635,CMC,cong-nghe-ky-thuat-dien-tu-vien-thong,X11,Điểm học bạ,2025,30.8,Công nghệ Kỹ thuật Điện tử - Viễn thông (IC Design)
3636,CMC,cong-nghe-ky-thuat-dien-tu-vien-thong,X12,Điểm học bạ,2025,30.8,Công nghệ Kỹ thuật Điện tử - Viễn thông (IC Design)
3637,CMC,cong-nghe-ky-thuat-dien-tu-vien-thong,A00,Điểm thi THPT,2025,28.0,Công nghệ Kỹ thuật Điện tử - Viễn thông (IC Design)
3638,CMC,cong-nghe-ky-thuat-dien-tu-vien-thong,A01,Điểm thi THPT,2025,28.0,Công nghệ Kỹ thuật Điện tử - Viễn thông (IC Design)
3639,CMC,cong-nghe-ky-thuat-dien-tu-vien-thong,A02,Điểm thi THPT,2025,28.0,Công nghệ Kỹ thuật Điện tử - Viễn thông (IC Design)
3640,CMC,cong-nghe-ky-thuat-dien-tu-vien-thong,A03,Điểm thi THPT,2025,28.0,Công nghệ Kỹ thuật Điện tử - Viễn thông (IC Design)
3641,CMC,cong-nghe-ky-thuat-dien-tu-vien-thong,A04,Điểm thi THPT,2025,28.0,Công nghệ Kỹ thuật Điện tử - Viễn thông (IC Design)
3642,CMC,cong-nghe-ky-thuat-dien-tu-vien-thong,A05,Điểm thi THPT,2025,28.0,Công nghệ Kỹ thuật Điện tử - Viễn thông (IC Design)
3643,CMC,cong-nghe-ky-thuat-dien-tu-vien-thong,A06,Điểm thi THPT,2025,28.0,Công nghệ Kỹ thuật Điện tử - Viễn thông (IC Design)
3644,CMC,cong-nghe-ky-thuat-dien-tu-vien-thong,A10,Điểm thi THPT,2025,28.0,Công nghệ Kỹ thuật Điện tử - Viễn thông (IC Design)
3645,CMC,cong-nghe-ky-thuat-dien-tu-vien-thong,A11,Điểm thi THPT,2025,28.0,Công nghệ Kỹ thuật Điện tử - Viễn thông (IC Design)
3646,CMC,cong-nghe-ky-thuat-dien-tu-vien-thong,A17,Điểm thi THPT,2025,28.0,Công nghệ Kỹ thuật Điện tử - Viễn thông (IC Design)
3647,CMC,cong-nghe-ky-thuat-dien-tu-vien-thong,A18,Điểm thi THPT,2025,28.0,Công nghệ Kỹ thuật Điện tử - Viễn thông (IC Design)
3648,CMC,cong-nghe-ky-thuat-dien-tu-vien-thong,B00,Điểm thi THPT,2025,28.0,Công nghệ Kỹ thuật Điện tử - Viễn thông (IC Design)
3649,CMC,cong-nghe-ky-thuat-dien-tu-vien-thong,C01,Điểm thi THPT,2025,28.0,Công nghệ Kỹ thuật Điện tử - Viễn thông (IC Design)
3650,CMC,cong-nghe-ky-thuat-dien-tu-vien-thong,C02,Điểm thi THPT,2025,28.0,Công nghệ Kỹ thuật Điện tử - Viễn thông (IC Design)
3651,CMC,cong-nghe-ky-thuat-dien-tu-vien-thong,D07,Điểm thi THPT,2025,28.0,Công nghệ Kỹ thuật Điện tử - Viễn thông (IC Design)
3652,CMC,cong-nghe-ky-thuat-dien-tu-vien-thong,D21,Điểm thi THPT,2025,28.0,Công nghệ Kỹ thuật Điện tử - Viễn thông (IC Design)
3653,CMC,cong-nghe-ky-thuat-dien-tu-vien-thong,D22,Điểm thi THPT,2025,28.0,Công nghệ Kỹ thuật Điện tử - Viễn thông (IC Design)
3654,CMC,cong-nghe-ky-thuat-dien-tu-vien-thong,D23,Điểm thi THPT,2025,28.0,Công nghệ Kỹ thuật Điện tử - Viễn thông (IC Design)
3655,CMC,cong-nghe-ky-thuat-dien-tu-vien-thong,D24,Điểm thi THPT,2025,28.0,Công nghệ Kỹ thuật Điện tử - Viễn thông (IC Design)
3656,CMC,cong-nghe-ky-thuat-dien-tu-vien-thong,D25,Điểm thi THPT,2025,28.0,Công nghệ Kỹ thuật Điện tử - Viễn thông (IC Design)
3657,CMC,cong-nghe-ky-thuat-dien-tu-vien-thong,D26,Điểm thi THPT,2025,28.0,Công nghệ Kỹ thuật Điện tử - Viễn thông (IC Design)
3658,CMC,cong-nghe-ky-thuat-dien-tu-vien-thong,D27,Điểm thi THPT,2025,28.0,Công nghệ Kỹ thuật Điện tử - Viễn thông (IC Design)
3659,CMC,cong-nghe-ky-thuat-dien-tu-vien-thong,D28,Điểm thi THPT,2025,28.0,Công nghệ Kỹ thuật Điện tử - Viễn thông (IC Design)
3660,CMC,cong-nghe-ky-thuat-dien-tu-vien-thong,D29,Điểm thi THPT,2025,28.0,Công nghệ Kỹ thuật Điện tử - Viễn thông (IC Design)
3661,CMC,cong-nghe-ky-thuat-dien-tu-vien-thong,D30,Điểm thi THPT,2025,28.0,Công nghệ Kỹ thuật Điện tử - Viễn thông (IC Design)
3662,CMC,cong-nghe-ky-thuat-dien-tu-vien-thong,X05,Điểm thi THPT,2025,28.0,Công nghệ Kỹ thuật Điện tử - Viễn thông (IC Design)
3663,CMC,cong-nghe-ky-thuat-dien-tu-vien-thong,X06,Điểm thi THPT,2025,28.0,Công nghệ Kỹ thuật Điện tử - Viễn thông (IC Design)
3664,CMC,cong-nghe-ky-thuat-dien-tu-vien-thong,X07,Điểm thi THPT,2025,28.0,Công nghệ Kỹ thuật Điện tử - Viễn thông (IC Design)
3665,CMC,cong-nghe-ky-thuat-dien-tu-vien-thong,X08,Điểm thi THPT,2025,28.0,Công nghệ Kỹ thuật Điện tử - Viễn thông (IC Design)
3666,CMC,cong-nghe-ky-thuat-dien-tu-vien-thong,X09,Điểm thi THPT,2025,28.0,Công nghệ Kỹ thuật Điện tử - Viễn thông (IC Design)
3667,CMC,cong-nghe-ky-thuat-dien-tu-vien-thong,X10,Điểm thi THPT,2025,28.0,Công nghệ Kỹ thuật Điện tử - Viễn thông (IC Design)
3668,CMC,cong-nghe-ky-thuat-dien-tu-vien-thong,X11,Điểm thi THPT,2025,28.0,Công nghệ Kỹ thuật Điện tử - Viễn thông (IC Design)
3669,CMC,cong-nghe-ky-thuat-dien-tu-vien-thong,X12,Điểm thi THPT,2025,28.0,Công nghệ Kỹ thuật Điện tử - Viễn thông (IC Design)
3670,CMC,cong-nghe-thong-tin,A00,Điểm thi THPT,2022,22.5,Công nghệ thông tin
3671,CMC,cong-nghe-thong-tin,A01,Điểm thi THPT,2022,22.5,Công nghệ thông tin
3672,CMC,cong-nghe-thong-tin,D01,Điểm thi THPT,2022,22.5,Công nghệ thông tin
3673,CMC,cong-nghe-thong-tin,D90,Điểm thi THPT,2022,22.5,Công nghệ thông tin
3674,CMC,cong-nghe-thong-tin,A00,Điểm học bạ,2023,23.0,Công nghệ thông tin
3675,CMC,cong-nghe-thong-tin,A01,Điểm học bạ,2023,23.0,Công nghệ thông tin
3676,CMC,cong-nghe-thong-tin,D00,Điểm học bạ,2023,23.0,Công nghệ thông tin
3677,CMC,cong-nghe-thong-tin,D90,Điểm học bạ,2023,23.0,Công nghệ thông tin
3678,CMC,cong-nghe-thong-tin,A00,Điểm thi THPT,2023,23.0,Công nghệ thông tin
3679,CMC,cong-nghe-thong-tin,A01,Điểm thi THPT,2023,23.0,Công nghệ thông tin
3680,CMC,cong-nghe-thong-tin,D01,Điểm thi THPT,2023,23.0,Công nghệ thông tin
3681,CMC,cong-nghe-thong-tin,D90,Điểm thi THPT,2023,23.0,Công nghệ thông tin
3682,CMC,cong-nghe-thong-tin,A00,Điểm học bạ,2024,23.0,Công nghệ Thông tin
3683,CMC,cong-nghe-thong-tin,A01,Điểm học bạ,2024,23.0,Công nghệ Thông tin
3684,CMC,cong-nghe-thong-tin,D01,Điểm học bạ,2024,23.0,Công nghệ Thông tin
3685,CMC,cong-nghe-thong-tin,D90,Điểm học bạ,2024,23.0,Công nghệ Thông tin
3686,CMC,cong-nghe-thong-tin,A00,Điểm thi THPT,2024,23.0,Công nghệ Thông tin
3687,CMC,cong-nghe-thong-tin,A01,Điểm thi THPT,2024,23.0,Công nghệ Thông tin
3688,CMC,cong-nghe-thong-tin,D01,Điểm thi THPT,2024,23.0,Công nghệ Thông tin
3689,CMC,cong-nghe-thong-tin,D90,Điểm thi THPT,2024,23.0,Công nghệ Thông tin
3690,CMC,cong-nghe-thong-tin,A00,Điểm học bạ,2025,29.6,Công nghệ Thông tin
3691,CMC,cong-nghe-thong-tin,A01,Điểm học bạ,2025,29.6,Công nghệ Thông tin
3692,CMC,cong-nghe-thong-tin,A02,Điểm học bạ,2025,29.6,Công nghệ Thông tin
3693,CMC,cong-nghe-thong-tin,A03,Điểm học bạ,2025,29.6,Công nghệ Thông tin
3694,CMC,cong-nghe-thong-tin,A04,Điểm học bạ,2025,29.6,Công nghệ Thông tin
3695,CMC,cong-nghe-thong-tin,A05,Điểm học bạ,2025,29.6,Công nghệ Thông tin
3696,CMC,cong-nghe-thong-tin,A06,Điểm học bạ,2025,29.6,Công nghệ Thông tin
3697,CMC,cong-nghe-thong-tin,A07,Điểm học bạ,2025,29.6,Công nghệ Thông tin
3698,CMC,cong-nghe-thong-tin,A08,Điểm học bạ,2025,29.6,Công nghệ Thông tin
3699,CMC,cong-nghe-thong-tin,A09,Điểm học bạ,2025,29.6,Công nghệ Thông tin
3700,CMC,cong-nghe-thong-tin,A10,Điểm học bạ,2025,29.6,Công nghệ Thông tin
3701,CMC,cong-nghe-thong-tin,A11,Điểm học bạ,2025,29.6,Công nghệ Thông tin
3702,CMC,cong-nghe-thong-tin,A12,Điểm học bạ,2025,29.6,Công nghệ Thông tin
3703,CMC,cong-nghe-thong-tin,A13,Điểm học bạ,2025,29.6,Công nghệ Thông tin
3704,CMC,cong-nghe-thong-tin,A14,Điểm học bạ,2025,29.6,Công nghệ Thông tin
3705,CMC,cong-nghe-thong-tin,A15,Điểm học bạ,2025,29.6,Công nghệ Thông tin
3706,CMC,cong-nghe-thong-tin,A16,Điểm học bạ,2025,29.6,Công nghệ Thông tin
3707,CMC,cong-nghe-thong-tin,A17,Điểm học bạ,2025,29.6,Công nghệ Thông tin
3708,CMC,cong-nghe-thong-tin,A18,Điểm học bạ,2025,29.6,Công nghệ Thông tin
3709,CMC,cong-nghe-thong-tin,B00,Điểm học bạ,2025,29.6,Công nghệ Thông tin
3710,CMC,cong-nghe-thong-tin,B01,Điểm học bạ,2025,29.6,Công nghệ Thông tin
3711,CMC,cong-nghe-thong-tin,B02,Điểm học bạ,2025,29.6,Công nghệ Thông tin
3712,CMC,cong-nghe-thong-tin,B03,Điểm học bạ,2025,29.6,Công nghệ Thông tin
3713,CMC,cong-nghe-thong-tin,B04,Điểm học bạ,2025,29.6,Công nghệ Thông tin
3714,CMC,cong-nghe-thong-tin,B05,Điểm học bạ,2025,29.6,Công nghệ Thông tin
3715,CMC,cong-nghe-thong-tin,B08,Điểm học bạ,2025,29.6,Công nghệ Thông tin
3716,CMC,cong-nghe-thong-tin,C01,Điểm học bạ,2025,29.6,Công nghệ Thông tin
3717,CMC,cong-nghe-thong-tin,C02,Điểm học bạ,2025,29.6,Công nghệ Thông tin
3718,CMC,cong-nghe-thong-tin,C03,Điểm học bạ,2025,29.6,Công nghệ Thông tin
3719,CMC,cong-nghe-thong-tin,C04,Điểm học bạ,2025,29.6,Công nghệ Thông tin
3720,CMC,cong-nghe-thong-tin,C14,Điểm học bạ,2025,29.6,Công nghệ Thông tin
3721,CMC,cong-nghe-thong-tin,C15,Điểm học bạ,2025,29.6,Công nghệ Thông tin
3722,CMC,cong-nghe-thong-tin,D01,Điểm học bạ,2025,29.6,Công nghệ Thông tin
3723,CMC,cong-nghe-thong-tin,D02,Điểm học bạ,2025,29.6,Công nghệ Thông tin
3724,CMC,cong-nghe-thong-tin,D03,Điểm học bạ,2025,29.6,Công nghệ Thông tin
3725,CMC,cong-nghe-thong-tin,D04,Điểm học bạ,2025,29.6,Công nghệ Thông tin
3726,CMC,cong-nghe-thong-tin,D05,Điểm học bạ,2025,29.6,Công nghệ Thông tin
3727,CMC,cong-nghe-thong-tin,D06,Điểm học bạ,2025,29.6,Công nghệ Thông tin
3728,CMC,cong-nghe-thong-tin,D07,Điểm học bạ,2025,29.6,Công nghệ Thông tin
3729,CMC,cong-nghe-thong-tin,D08,Điểm học bạ,2025,29.6,Công nghệ Thông tin
3730,CMC,cong-nghe-thong-tin,D09,Điểm học bạ,2025,29.6,Công nghệ Thông tin
3731,CMC,cong-nghe-thong-tin,D10,Điểm học bạ,2025,29.6,Công nghệ Thông tin
3732,CMC,cong-nghe-thong-tin,D16,Điểm học bạ,2025,29.6,Công nghệ Thông tin
3733,CMC,cong-nghe-thong-tin,A00,Điểm thi THPT,2025,26.7,Công nghệ Thông tin
3734,CMC,cong-nghe-thong-tin,A01,Điểm thi THPT,2025,26.7,Công nghệ Thông tin
3735,CMC,cong-nghe-thong-tin,A02,Điểm thi THPT,2025,26.7,Công nghệ Thông tin
3736,CMC,cong-nghe-thong-tin,A03,Điểm thi THPT,2025,26.7,Công nghệ Thông tin
3737,CMC,cong-nghe-thong-tin,A04,Điểm thi THPT,2025,26.7,Công nghệ Thông tin
3738,CMC,cong-nghe-thong-tin,A05,Điểm thi THPT,2025,26.7,Công nghệ Thông tin
3739,CMC,cong-nghe-thong-tin,A06,Điểm thi THPT,2025,26.7,Công nghệ Thông tin
3740,CMC,cong-nghe-thong-tin,A07,Điểm thi THPT,2025,26.7,Công nghệ Thông tin
3741,CMC,cong-nghe-thong-tin,A08,Điểm thi THPT,2025,26.7,Công nghệ Thông tin
3742,CMC,cong-nghe-thong-tin,A09,Điểm thi THPT,2025,26.7,Công nghệ Thông tin
3743,CMC,cong-nghe-thong-tin,A10,Điểm thi THPT,2025,26.7,Công nghệ Thông tin
3744,CMC,cong-nghe-thong-tin,A11,Điểm thi THPT,2025,26.7,Công nghệ Thông tin
3745,CMC,cong-nghe-thong-tin,A12,Điểm thi THPT,2025,26.7,Công nghệ Thông tin
3746,CMC,cong-nghe-thong-tin,A13,Điểm thi THPT,2025,26.7,Công nghệ Thông tin
3747,CMC,cong-nghe-thong-tin,A14,Điểm thi THPT,2025,26.7,Công nghệ Thông tin
3748,CMC,cong-nghe-thong-tin,A15,Điểm thi THPT,2025,26.7,Công nghệ Thông tin
3749,CMC,cong-nghe-thong-tin,A16,Điểm thi THPT,2025,26.7,Công nghệ Thông tin
3750,CMC,cong-nghe-thong-tin,A17,Điểm thi THPT,2025,26.7,Công nghệ Thông tin
3751,CMC,cong-nghe-thong-tin,A18,Điểm thi THPT,2025,26.7,Công nghệ Thông tin
3752,CMC,cong-nghe-thong-tin,B00,Điểm thi THPT,2025,26.7,Công nghệ Thông tin
3753,CMC,cong-nghe-thong-tin,B01,Điểm thi THPT,2025,26.7,Công nghệ Thông tin
3754,CMC,cong-nghe-thong-tin,B02,Điểm thi THPT,2025,26.7,Công nghệ Thông tin
3755,CMC,cong-nghe-thong-tin,B03,Điểm thi THPT,2025,26.7,Công nghệ Thông tin
3756,CMC,cong-nghe-thong-tin,B04,Điểm thi THPT,2025,26.7,Công nghệ Thông tin
3757,CMC,cong-nghe-thong-tin,B05,Điểm thi THPT,2025,26.7,Công nghệ Thông tin
3758,CMC,cong-nghe-thong-tin,B08,Điểm thi THPT,2025,26.7,Công nghệ Thông tin
3759,CMC,cong-nghe-thong-tin,C01,Điểm thi THPT,2025,26.7,Công nghệ Thông tin
3760,CMC,cong-nghe-thong-tin,C02,Điểm thi THPT,2025,26.7,Công nghệ Thông tin
3761,CMC,cong-nghe-thong-tin,C03,Điểm thi THPT,2025,26.7,Công nghệ Thông tin
3762,CMC,cong-nghe-thong-tin,C04,Điểm thi THPT,2025,26.7,Công nghệ Thông tin
3763,CMC,cong-nghe-thong-tin,C14,Điểm thi THPT,2025,26.7,Công nghệ Thông tin
3764,CMC,cong-nghe-thong-tin,C15,Điểm thi THPT,2025,26.7,Công nghệ Thông tin
3765,CMC,cong-nghe-thong-tin,D01,Điểm thi THPT,2025,26.7,Công nghệ Thông tin
3766,CMC,cong-nghe-thong-tin,D02,Điểm thi THPT,2025,26.7,Công nghệ Thông tin
3767,CMC,cong-nghe-thong-tin,D03,Điểm thi THPT,2025,26.7,Công nghệ Thông tin
3768,CMC,cong-nghe-thong-tin,D04,Điểm thi THPT,2025,26.7,Công nghệ Thông tin
3769,CMC,cong-nghe-thong-tin,D05,Điểm thi THPT,2025,26.7,Công nghệ Thông tin
3770,CMC,cong-nghe-thong-tin,D06,Điểm thi THPT,2025,26.7,Công nghệ Thông tin
3771,CMC,cong-nghe-thong-tin,D07,Điểm thi THPT,2025,26.7,Công nghệ Thông tin
3772,CMC,cong-nghe-thong-tin,D08,Điểm thi THPT,2025,26.7,Công nghệ Thông tin
3773,CMC,cong-nghe-thong-tin,D09,Điểm thi THPT,2025,26.7,Công nghệ Thông tin
3774,CMC,cong-nghe-thong-tin,D10,Điểm thi THPT,2025,26.7,Công nghệ Thông tin
3775,CMC,cong-nghe-thong-tin,D16,Điểm thi THPT,2025,26.7,Công nghệ Thông tin
3776,CMC,digital-marketing,A00,Điểm học bạ,2025,29.6,Digital Marketing
3777,CMC,digital-marketing,A01,Điểm học bạ,2025,29.6,Digital Marketing
3778,CMC,digital-marketing,A02,Điểm học bạ,2025,29.6,Digital Marketing
3779,CMC,digital-marketing,A03,Điểm học bạ,2025,29.6,Digital Marketing
3780,CMC,digital-marketing,A04,Điểm học bạ,2025,29.6,Digital Marketing
3781,CMC,digital-marketing,A05,Điểm học bạ,2025,29.6,Digital Marketing
3782,CMC,digital-marketing,A06,Điểm học bạ,2025,29.6,Digital Marketing
3783,CMC,digital-marketing,A07,Điểm học bạ,2025,29.6,Digital Marketing
3784,CMC,digital-marketing,A08,Điểm học bạ,2025,29.6,Digital Marketing
3785,CMC,digital-marketing,A09,Điểm học bạ,2025,29.6,Digital Marketing
3786,CMC,digital-marketing,A10,Điểm học bạ,2025,29.6,Digital Marketing
3787,CMC,digital-marketing,A11,Điểm học bạ,2025,29.6,Digital Marketing
3788,CMC,digital-marketing,A12,Điểm học bạ,2025,29.6,Digital Marketing
3789,CMC,digital-marketing,A13,Điểm học bạ,2025,29.6,Digital Marketing
3790,CMC,digital-marketing,A14,Điểm học bạ,2025,29.6,Digital Marketing
3791,CMC,digital-marketing,A15,Điểm học bạ,2025,29.6,Digital Marketing
3792,CMC,digital-marketing,A16,Điểm học bạ,2025,29.6,Digital Marketing
3793,CMC,digital-marketing,A17,Điểm học bạ,2025,29.6,Digital Marketing
3794,CMC,digital-marketing,A18,Điểm học bạ,2025,29.6,Digital Marketing
3795,CMC,digital-marketing,B00,Điểm học bạ,2025,29.6,Digital Marketing
3796,CMC,digital-marketing,B01,Điểm học bạ,2025,29.6,Digital Marketing
3797,CMC,digital-marketing,B02,Điểm học bạ,2025,29.6,Digital Marketing
3798,CMC,digital-marketing,B03,Điểm học bạ,2025,29.6,Digital Marketing
3799,CMC,digital-marketing,B04,Điểm học bạ,2025,29.6,Digital Marketing
3800,CMC,digital-marketing,B05,Điểm học bạ,2025,29.6,Digital Marketing
3801,CMC,digital-marketing,B08,Điểm học bạ,2025,29.6,Digital Marketing
3802,CMC,digital-marketing,C00,Điểm học bạ,2025,29.6,Digital Marketing
3803,CMC,digital-marketing,C01,Điểm học bạ,2025,29.6,Digital Marketing
3804,CMC,digital-marketing,C02,Điểm học bạ,2025,29.6,Digital Marketing
3805,CMC,digital-marketing,C03,Điểm học bạ,2025,29.6,Digital Marketing
3806,CMC,digital-marketing,C04,Điểm học bạ,2025,29.6,Digital Marketing
3807,CMC,digital-marketing,C05,Điểm học bạ,2025,29.6,Digital Marketing
3808,CMC,digital-marketing,C06,Điểm học bạ,2025,29.6,Digital Marketing
3809,CMC,digital-marketing,C07,Điểm học bạ,2025,29.6,Digital Marketing
3810,CMC,digital-marketing,C08,Điểm học bạ,2025,29.6,Digital Marketing
3811,CMC,digital-marketing,C09,Điểm học bạ,2025,29.6,Digital Marketing
3812,CMC,digital-marketing,C10,Điểm học bạ,2025,29.6,Digital Marketing
3813,CMC,digital-marketing,C11,Điểm học bạ,2025,29.6,Digital Marketing
3814,CMC,digital-marketing,C12,Điểm học bạ,2025,29.6,Digital Marketing
3815,CMC,digital-marketing,C13,Điểm học bạ,2025,29.6,Digital Marketing
3816,CMC,digital-marketing,C14,Điểm học bạ,2025,29.6,Digital Marketing
3817,CMC,digital-marketing,C15,Điểm học bạ,2025,29.6,Digital Marketing
3818,CMC,digital-marketing,C16,Điểm học bạ,2025,29.6,Digital Marketing
3819,CMC,digital-marketing,A00,Điểm thi THPT,2025,26.7,Digital Marketing
3820,CMC,digital-marketing,A01,Điểm thi THPT,2025,26.7,Digital Marketing
3821,CMC,digital-marketing,A02,Điểm thi THPT,2025,26.7,Digital Marketing
3822,CMC,digital-marketing,A03,Điểm thi THPT,2025,26.7,Digital Marketing
3823,CMC,digital-marketing,A04,Điểm thi THPT,2025,26.7,Digital Marketing
3824,CMC,digital-marketing,A05,Điểm thi THPT,2025,26.7,Digital Marketing
3825,CMC,digital-marketing,A06,Điểm thi THPT,2025,26.7,Digital Marketing
3826,CMC,digital-marketing,A07,Điểm thi THPT,2025,26.7,Digital Marketing
3827,CMC,digital-marketing,A08,Điểm thi THPT,2025,26.7,Digital Marketing
3828,CMC,digital-marketing,A09,Điểm thi THPT,2025,26.7,Digital Marketing
3829,CMC,digital-marketing,A10,Điểm thi THPT,2025,26.7,Digital Marketing
3830,CMC,digital-marketing,A11,Điểm thi THPT,2025,26.7,Digital Marketing
3831,CMC,digital-marketing,A12,Điểm thi THPT,2025,26.7,Digital Marketing
3832,CMC,digital-marketing,A13,Điểm thi THPT,2025,26.7,Digital Marketing
3833,CMC,digital-marketing,A14,Điểm thi THPT,2025,26.7,Digital Marketing
3834,CMC,digital-marketing,A15,Điểm thi THPT,2025,26.7,Digital Marketing
3835,CMC,digital-marketing,A16,Điểm thi THPT,2025,26.7,Digital Marketing
3836,CMC,digital-marketing,A17,Điểm thi THPT,2025,26.7,Digital Marketing
3837,CMC,digital-marketing,A18,Điểm thi THPT,2025,26.7,Digital Marketing
3838,CMC,digital-marketing,B00,Điểm thi THPT,2025,26.7,Digital Marketing
3839,CMC,digital-marketing,B01,Điểm thi THPT,2025,26.7,Digital Marketing
3840,CMC,digital-marketing,B02,Điểm thi THPT,2025,26.7,Digital Marketing
3841,CMC,digital-marketing,B03,Điểm thi THPT,2025,26.7,Digital Marketing
3842,CMC,digital-marketing,B04,Điểm thi THPT,2025,26.7,Digital Marketing
3843,CMC,digital-marketing,B05,Điểm thi THPT,2025,26.7,Digital Marketing
3844,CMC,digital-marketing,B08,Điểm thi THPT,2025,26.7,Digital Marketing
3845,CMC,digital-marketing,C00,Điểm thi THPT,2025,26.7,Digital Marketing
3846,CMC,digital-marketing,C01,Điểm thi THPT,2025,26.7,Digital Marketing
3847,CMC,digital-marketing,C02,Điểm thi THPT,2025,26.7,Digital Marketing
3848,CMC,digital-marketing,C03,Điểm thi THPT,2025,26.7,Digital Marketing
3849,CMC,digital-marketing,C04,Điểm thi THPT,2025,26.7,Digital Marketing
3850,CMC,digital-marketing,C05,Điểm thi THPT,2025,26.7,Digital Marketing
3851,CMC,digital-marketing,C06,Điểm thi THPT,2025,26.7,Digital Marketing
3852,CMC,digital-marketing,C07,Điểm thi THPT,2025,26.7,Digital Marketing
3853,CMC,digital-marketing,C08,Điểm thi THPT,2025,26.7,Digital Marketing
3854,CMC,digital-marketing,C09,Điểm thi THPT,2025,26.7,Digital Marketing
3855,CMC,digital-marketing,C10,Điểm thi THPT,2025,26.7,Digital Marketing
3856,CMC,digital-marketing,C11,Điểm thi THPT,2025,26.7,Digital Marketing
3857,CMC,digital-marketing,C12,Điểm thi THPT,2025,26.7,Digital Marketing
3858,CMC,digital-marketing,C13,Điểm thi THPT,2025,26.7,Digital Marketing
3859,CMC,digital-marketing,C14,Điểm thi THPT,2025,26.7,Digital Marketing
3860,CMC,digital-marketing,C15,Điểm thi THPT,2025,26.7,Digital Marketing
3861,CMC,digital-marketing,C16,Điểm thi THPT,2025,26.7,Digital Marketing
3862,CMC,do-hoa-game,A00,Điểm học bạ,2025,29.6,Đồ họa game
3863,CMC,do-hoa-game,A01,Điểm học bạ,2025,29.6,Đồ họa game
3864,CMC,do-hoa-game,A02,Điểm học bạ,2025,29.6,Đồ họa game
3865,CMC,do-hoa-game,A03,Điểm học bạ,2025,29.6,Đồ họa game
3866,CMC,do-hoa-game,A04,Điểm học bạ,2025,29.6,Đồ họa game
3867,CMC,do-hoa-game,A05,Điểm học bạ,2025,29.6,Đồ họa game
3868,CMC,do-hoa-game,A06,Điểm học bạ,2025,29.6,Đồ họa game
3869,CMC,do-hoa-game,A07,Điểm học bạ,2025,29.6,Đồ họa game
3870,CMC,do-hoa-game,A08,Điểm học bạ,2025,29.6,Đồ họa game
3871,CMC,do-hoa-game,A09,Điểm học bạ,2025,29.6,Đồ họa game
3872,CMC,do-hoa-game,A10,Điểm học bạ,2025,29.6,Đồ họa game
3873,CMC,do-hoa-game,A11,Điểm học bạ,2025,29.6,Đồ họa game
3874,CMC,do-hoa-game,A12,Điểm học bạ,2025,29.6,Đồ họa game
3875,CMC,do-hoa-game,A13,Điểm học bạ,2025,29.6,Đồ họa game
3876,CMC,do-hoa-game,A14,Điểm học bạ,2025,29.6,Đồ họa game
3877,CMC,do-hoa-game,A15,Điểm học bạ,2025,29.6,Đồ họa game
3878,CMC,do-hoa-game,A16,Điểm học bạ,2025,29.6,Đồ họa game
3879,CMC,do-hoa-game,A17,Điểm học bạ,2025,29.6,Đồ họa game
3880,CMC,do-hoa-game,A18,Điểm học bạ,2025,29.6,Đồ họa game
3881,CMC,do-hoa-game,B00,Điểm học bạ,2025,29.6,Đồ họa game
3882,CMC,do-hoa-game,B01,Điểm học bạ,2025,29.6,Đồ họa game
3883,CMC,do-hoa-game,B02,Điểm học bạ,2025,29.6,Đồ họa game
3884,CMC,do-hoa-game,B03,Điểm học bạ,2025,29.6,Đồ họa game
3885,CMC,do-hoa-game,B04,Điểm học bạ,2025,29.6,Đồ họa game
3886,CMC,do-hoa-game,B05,Điểm học bạ,2025,29.6,Đồ họa game
3887,CMC,do-hoa-game,B08,Điểm học bạ,2025,29.6,Đồ họa game
3888,CMC,do-hoa-game,C00,Điểm học bạ,2025,29.6,Đồ họa game
3889,CMC,do-hoa-game,C01,Điểm học bạ,2025,29.6,Đồ họa game
3890,CMC,do-hoa-game,C02,Điểm học bạ,2025,29.6,Đồ họa game
3891,CMC,do-hoa-game,C03,Điểm học bạ,2025,29.6,Đồ họa game
3892,CMC,do-hoa-game,C04,Điểm học bạ,2025,29.6,Đồ họa game
3893,CMC,do-hoa-game,C05,Điểm học bạ,2025,29.6,Đồ họa game
3894,CMC,do-hoa-game,C06,Điểm học bạ,2025,29.6,Đồ họa game
3895,CMC,do-hoa-game,C07,Điểm học bạ,2025,29.6,Đồ họa game
3896,CMC,do-hoa-game,C08,Điểm học bạ,2025,29.6,Đồ họa game
3897,CMC,do-hoa-game,C09,Điểm học bạ,2025,29.6,Đồ họa game
3898,CMC,do-hoa-game,C10,Điểm học bạ,2025,29.6,Đồ họa game
3899,CMC,do-hoa-game,C11,Điểm học bạ,2025,29.6,Đồ họa game
3900,CMC,do-hoa-game,C12,Điểm học bạ,2025,29.6,Đồ họa game
3901,CMC,do-hoa-game,C13,Điểm học bạ,2025,29.6,Đồ họa game
3902,CMC,do-hoa-game,C14,Điểm học bạ,2025,29.6,Đồ họa game
3903,CMC,do-hoa-game,C15,Điểm học bạ,2025,29.6,Đồ họa game
3904,CMC,do-hoa-game,C16,Điểm học bạ,2025,29.6,Đồ họa game
3905,CMC,do-hoa-game,A00,Điểm thi THPT,2025,26.7,Đồ họa game
3906,CMC,do-hoa-game,A01,Điểm thi THPT,2025,26.7,Đồ họa game
3907,CMC,do-hoa-game,A02,Điểm thi THPT,2025,26.7,Đồ họa game
3908,CMC,do-hoa-game,A03,Điểm thi THPT,2025,26.7,Đồ họa game
3909,CMC,do-hoa-game,A04,Điểm thi THPT,2025,26.7,Đồ họa game
3910,CMC,do-hoa-game,A05,Điểm thi THPT,2025,26.7,Đồ họa game
3911,CMC,do-hoa-game,A06,Điểm thi THPT,2025,26.7,Đồ họa game
3912,CMC,do-hoa-game,A07,Điểm thi THPT,2025,26.7,Đồ họa game
3913,CMC,do-hoa-game,A08,Điểm thi THPT,2025,26.7,Đồ họa game
3914,CMC,do-hoa-game,A09,Điểm thi THPT,2025,26.7,Đồ họa game
3915,CMC,do-hoa-game,A10,Điểm thi THPT,2025,26.7,Đồ họa game
3916,CMC,do-hoa-game,A11,Điểm thi THPT,2025,26.7,Đồ họa game
3917,CMC,do-hoa-game,A12,Điểm thi THPT,2025,26.7,Đồ họa game
3918,CMC,do-hoa-game,A13,Điểm thi THPT,2025,26.7,Đồ họa game
3919,CMC,do-hoa-game,A14,Điểm thi THPT,2025,26.7,Đồ họa game
3920,CMC,do-hoa-game,A15,Điểm thi THPT,2025,26.7,Đồ họa game
3921,CMC,do-hoa-game,A16,Điểm thi THPT,2025,26.7,Đồ họa game
3922,CMC,do-hoa-game,A17,Điểm thi THPT,2025,26.7,Đồ họa game
3923,CMC,do-hoa-game,A18,Điểm thi THPT,2025,26.7,Đồ họa game
3924,CMC,do-hoa-game,B00,Điểm thi THPT,2025,26.7,Đồ họa game
3925,CMC,do-hoa-game,B01,Điểm thi THPT,2025,26.7,Đồ họa game
3926,CMC,do-hoa-game,B02,Điểm thi THPT,2025,26.7,Đồ họa game
3927,CMC,do-hoa-game,B03,Điểm thi THPT,2025,26.7,Đồ họa game
3928,CMC,do-hoa-game,B04,Điểm thi THPT,2025,26.7,Đồ họa game
3929,CMC,do-hoa-game,B05,Điểm thi THPT,2025,26.7,Đồ họa game
3930,CMC,do-hoa-game,B08,Điểm thi THPT,2025,26.7,Đồ họa game
3931,CMC,do-hoa-game,C00,Điểm thi THPT,2025,26.7,Đồ họa game
3932,CMC,do-hoa-game,C01,Điểm thi THPT,2025,26.7,Đồ họa game
3933,CMC,do-hoa-game,C02,Điểm thi THPT,2025,26.7,Đồ họa game
3934,CMC,do-hoa-game,C03,Điểm thi THPT,2025,26.7,Đồ họa game
3935,CMC,do-hoa-game,C04,Điểm thi THPT,2025,26.7,Đồ họa game
3936,CMC,do-hoa-game,C05,Điểm thi THPT,2025,26.7,Đồ họa game
3937,CMC,do-hoa-game,C06,Điểm thi THPT,2025,26.7,Đồ họa game
3938,CMC,do-hoa-game,C07,Điểm thi THPT,2025,26.7,Đồ họa game
3939,CMC,do-hoa-game,C08,Điểm thi THPT,2025,26.7,Đồ họa game
3940,CMC,do-hoa-game,C09,Điểm thi THPT,2025,26.7,Đồ họa game
3941,CMC,do-hoa-game,C10,Điểm thi THPT,2025,26.7,Đồ họa game
3942,CMC,do-hoa-game,C11,Điểm thi THPT,2025,26.7,Đồ họa game
3943,CMC,do-hoa-game,C12,Điểm thi THPT,2025,26.7,Đồ họa game
3944,CMC,do-hoa-game,C13,Điểm thi THPT,2025,26.7,Đồ họa game
3945,CMC,do-hoa-game,C14,Điểm thi THPT,2025,26.7,Đồ họa game
3946,CMC,do-hoa-game,C15,Điểm thi THPT,2025,26.7,Đồ họa game
3947,CMC,do-hoa-game,C16,Điểm thi THPT,2025,26.7,Đồ họa game
3948,CMC,khoa-hoc-may-tinh,A00,Điểm học bạ,2023,23.0,Khoa học mãy tính
3949,CMC,khoa-hoc-may-tinh,A01,Điểm học bạ,2023,23.0,Khoa học mãy tính
3950,CMC,khoa-hoc-may-tinh,D00,Điểm học bạ,2023,23.0,Khoa học mãy tính
3951,CMC,khoa-hoc-may-tinh,D90,Điểm học bạ,2023,23.0,Khoa học mãy tính
3952,CMC,khoa-hoc-may-tinh,A00,Điểm thi THPT,2023,23.0,Khoa học mãy tính
3953,CMC,khoa-hoc-may-tinh,A01,Điểm thi THPT,2023,23.0,Khoa học mãy tính
3954,CMC,khoa-hoc-may-tinh,D00,Điểm thi THPT,2023,23.0,Khoa học mãy tính
3955,CMC,khoa-hoc-may-tinh,D90,Điểm thi THPT,2023,23.0,Khoa học mãy tính
3956,CMC,khoa-hoc-may-tinh,A00,Điểm học bạ,2024,23.0,Khoa học Máy tính
3957,CMC,khoa-hoc-may-tinh,A01,Điểm học bạ,2024,23.0,Khoa học Máy tính
3958,CMC,khoa-hoc-may-tinh,D01,Điểm học bạ,2024,23.0,Khoa học Máy tính
3959,CMC,khoa-hoc-may-tinh,D90,Điểm học bạ,2024,23.0,Khoa học Máy tính
3960,CMC,khoa-hoc-may-tinh,A00,Điểm thi THPT,2024,23.0,Khoa học Máy tính
3961,CMC,khoa-hoc-may-tinh,A01,Điểm thi THPT,2024,23.0,Khoa học Máy tính
3962,CMC,khoa-hoc-may-tinh,D01,Điểm thi THPT,2024,23.0,Khoa học Máy tính
3963,CMC,khoa-hoc-may-tinh,D90,Điểm thi THPT,2024,23.0,Khoa học Máy tính
3964,CMC,khoa-hoc-may-tinh,A00,Điểm học bạ,2025,30.8,Khoa học Máy tính
3965,CMC,khoa-hoc-may-tinh,A01,Điểm học bạ,2025,30.8,Khoa học Máy tính
3966,CMC,khoa-hoc-may-tinh,A02,Điểm học bạ,2025,30.8,Khoa học Máy tính
3967,CMC,khoa-hoc-may-tinh,A03,Điểm học bạ,2025,30.8,Khoa học Máy tính
3968,CMC,khoa-hoc-may-tinh,A04,Điểm học bạ,2025,30.8,Khoa học Máy tính
3969,CMC,khoa-hoc-may-tinh,A05,Điểm học bạ,2025,30.8,Khoa học Máy tính
3970,CMC,khoa-hoc-may-tinh,A06,Điểm học bạ,2025,30.8,Khoa học Máy tính
3971,CMC,khoa-hoc-may-tinh,A07,Điểm học bạ,2025,30.8,Khoa học Máy tính
3972,CMC,khoa-hoc-may-tinh,A08,Điểm học bạ,2025,30.8,Khoa học Máy tính
3973,CMC,khoa-hoc-may-tinh,A09,Điểm học bạ,2025,30.8,Khoa học Máy tính
3974,CMC,khoa-hoc-may-tinh,A10,Điểm học bạ,2025,30.8,Khoa học Máy tính
3975,CMC,khoa-hoc-may-tinh,A11,Điểm học bạ,2025,30.8,Khoa học Máy tính
3976,CMC,khoa-hoc-may-tinh,A12,Điểm học bạ,2025,30.8,Khoa học Máy tính
3977,CMC,khoa-hoc-may-tinh,A13,Điểm học bạ,2025,30.8,Khoa học Máy tính
3978,CMC,khoa-hoc-may-tinh,A14,Điểm học bạ,2025,30.8,Khoa học Máy tính
3979,CMC,khoa-hoc-may-tinh,A15,Điểm học bạ,2025,30.8,Khoa học Máy tính
3980,CMC,khoa-hoc-may-tinh,A16,Điểm học bạ,2025,30.8,Khoa học Máy tính
3981,CMC,khoa-hoc-may-tinh,A17,Điểm học bạ,2025,30.8,Khoa học Máy tính
3982,CMC,khoa-hoc-may-tinh,A18,Điểm học bạ,2025,30.8,Khoa học Máy tính
3983,CMC,khoa-hoc-may-tinh,B00,Điểm học bạ,2025,30.8,Khoa học Máy tính
3984,CMC,khoa-hoc-may-tinh,B01,Điểm học bạ,2025,30.8,Khoa học Máy tính
3985,CMC,khoa-hoc-may-tinh,B02,Điểm học bạ,2025,30.8,Khoa học Máy tính
3986,CMC,khoa-hoc-may-tinh,B03,Điểm học bạ,2025,30.8,Khoa học Máy tính
3987,CMC,khoa-hoc-may-tinh,B04,Điểm học bạ,2025,30.8,Khoa học Máy tính
3988,CMC,khoa-hoc-may-tinh,B05,Điểm học bạ,2025,30.8,Khoa học Máy tính
3989,CMC,khoa-hoc-may-tinh,B08,Điểm học bạ,2025,30.8,Khoa học Máy tính
3990,CMC,khoa-hoc-may-tinh,C01,Điểm học bạ,2025,30.8,Khoa học Máy tính
3991,CMC,khoa-hoc-may-tinh,C02,Điểm học bạ,2025,30.8,Khoa học Máy tính
3992,CMC,khoa-hoc-may-tinh,C03,Điểm học bạ,2025,30.8,Khoa học Máy tính
3993,CMC,khoa-hoc-may-tinh,C04,Điểm học bạ,2025,30.8,Khoa học Máy tính
3994,CMC,khoa-hoc-may-tinh,C14,Điểm học bạ,2025,30.8,Khoa học Máy tính
3995,CMC,khoa-hoc-may-tinh,C15,Điểm học bạ,2025,30.8,Khoa học Máy tính
3996,CMC,khoa-hoc-may-tinh,D01,Điểm học bạ,2025,30.8,Khoa học Máy tính
3997,CMC,khoa-hoc-may-tinh,D02,Điểm học bạ,2025,30.8,Khoa học Máy tính
3998,CMC,khoa-hoc-may-tinh,D03,Điểm học bạ,2025,30.8,Khoa học Máy tính
3999,CMC,khoa-hoc-may-tinh,D04,Điểm học bạ,2025,30.8,Khoa học Máy tính
4000,CMC,khoa-hoc-may-tinh,D05,Điểm học bạ,2025,30.8,Khoa học Máy tính
4001,CMC,khoa-hoc-may-tinh,D06,Điểm học bạ,2025,30.8,Khoa học Máy tính
4002,CMC,khoa-hoc-may-tinh,D07,Điểm học bạ,2025,30.8,Khoa học Máy tính
4003,CMC,khoa-hoc-may-tinh,D08,Điểm học bạ,2025,30.8,Khoa học Máy tính
4004,CMC,khoa-hoc-may-tinh,D09,Điểm học bạ,2025,30.8,Khoa học Máy tính
4005,CMC,khoa-hoc-may-tinh,D10,Điểm học bạ,2025,30.8,Khoa học Máy tính
4006,CMC,khoa-hoc-may-tinh,D16,Điểm học bạ,2025,30.8,Khoa học Máy tính
4007,CMC,khoa-hoc-may-tinh,A00,Điểm thi THPT,2025,28.0,Khoa học Máy tính
4008,CMC,khoa-hoc-may-tinh,A01,Điểm thi THPT,2025,28.0,Khoa học Máy tính
4009,CMC,khoa-hoc-may-tinh,A02,Điểm thi THPT,2025,28.0,Khoa học Máy tính
4010,CMC,khoa-hoc-may-tinh,A03,Điểm thi THPT,2025,28.0,Khoa học Máy tính
4011,CMC,khoa-hoc-may-tinh,A04,Điểm thi THPT,2025,28.0,Khoa học Máy tính
4012,CMC,khoa-hoc-may-tinh,A05,Điểm thi THPT,2025,28.0,Khoa học Máy tính
4013,CMC,khoa-hoc-may-tinh,A06,Điểm thi THPT,2025,28.0,Khoa học Máy tính
4014,CMC,khoa-hoc-may-tinh,A07,Điểm thi THPT,2025,28.0,Khoa học Máy tính
4015,CMC,khoa-hoc-may-tinh,A08,Điểm thi THPT,2025,28.0,Khoa học Máy tính
4016,CMC,khoa-hoc-may-tinh,A09,Điểm thi THPT,2025,28.0,Khoa học Máy tính
4017,CMC,khoa-hoc-may-tinh,A10,Điểm thi THPT,2025,28.0,Khoa học Máy tính
4018,CMC,khoa-hoc-may-tinh,A11,Điểm thi THPT,2025,28.0,Khoa học Máy tính
4019,CMC,khoa-hoc-may-tinh,A12,Điểm thi THPT,2025,28.0,Khoa học Máy tính
4020,CMC,khoa-hoc-may-tinh,A13,Điểm thi THPT,2025,28.0,Khoa học Máy tính
4021,CMC,khoa-hoc-may-tinh,A14,Điểm thi THPT,2025,28.0,Khoa học Máy tính
4022,CMC,khoa-hoc-may-tinh,A15,Điểm thi THPT,2025,28.0,Khoa học Máy tính
4023,CMC,khoa-hoc-may-tinh,A16,Điểm thi THPT,2025,28.0,Khoa học Máy tính
4024,CMC,khoa-hoc-may-tinh,A17,Điểm thi THPT,2025,28.0,Khoa học Máy tính
4025,CMC,khoa-hoc-may-tinh,A18,Điểm thi THPT,2025,28.0,Khoa học Máy tính
4026,CMC,khoa-hoc-may-tinh,B00,Điểm thi THPT,2025,28.0,Khoa học Máy tính
4027,CMC,khoa-hoc-may-tinh,B01,Điểm thi THPT,2025,28.0,Khoa học Máy tính
4028,CMC,khoa-hoc-may-tinh,B02,Điểm thi THPT,2025,28.0,Khoa học Máy tính
4029,CMC,khoa-hoc-may-tinh,B03,Điểm thi THPT,2025,28.0,Khoa học Máy tính
4030,CMC,khoa-hoc-may-tinh,B04,Điểm thi THPT,2025,28.0,Khoa học Máy tính
4031,CMC,khoa-hoc-may-tinh,B05,Điểm thi THPT,2025,28.0,Khoa học Máy tính
4032,CMC,khoa-hoc-may-tinh,B08,Điểm thi THPT,2025,28.0,Khoa học Máy tính
4033,CMC,khoa-hoc-may-tinh,C01,Điểm thi THPT,2025,28.0,Khoa học Máy tính
4034,CMC,khoa-hoc-may-tinh,C02,Điểm thi THPT,2025,28.0,Khoa học Máy tính
4035,CMC,khoa-hoc-may-tinh,C03,Điểm thi THPT,2025,28.0,Khoa học Máy tính
4036,CMC,khoa-hoc-may-tinh,C04,Điểm thi THPT,2025,28.0,Khoa học Máy tính
4037,CMC,khoa-hoc-may-tinh,C14,Điểm thi THPT,2025,28.0,Khoa học Máy tính
4038,CMC,khoa-hoc-may-tinh,C15,Điểm thi THPT,2025,28.0,Khoa học Máy tính
4039,CMC,khoa-hoc-may-tinh,D01,Điểm thi THPT,2025,28.0,Khoa học Máy tính
4040,CMC,khoa-hoc-may-tinh,D02,Điểm thi THPT,2025,28.0,Khoa học Máy tính
4041,CMC,khoa-hoc-may-tinh,D03,Điểm thi THPT,2025,28.0,Khoa học Máy tính
4042,CMC,khoa-hoc-may-tinh,D04,Điểm thi THPT,2025,28.0,Khoa học Máy tính
4043,CMC,khoa-hoc-may-tinh,D05,Điểm thi THPT,2025,28.0,Khoa học Máy tính
4044,CMC,khoa-hoc-may-tinh,D06,Điểm thi THPT,2025,28.0,Khoa học Máy tính
4045,CMC,khoa-hoc-may-tinh,D07,Điểm thi THPT,2025,28.0,Khoa học Máy tính
4046,CMC,khoa-hoc-may-tinh,D08,Điểm thi THPT,2025,28.0,Khoa học Máy tính
4047,CMC,khoa-hoc-may-tinh,D09,Điểm thi THPT,2025,28.0,Khoa học Máy tính
4048,CMC,khoa-hoc-may-tinh,D10,Điểm thi THPT,2025,28.0,Khoa học Máy tính
4049,CMC,khoa-hoc-may-tinh,D16,Điểm thi THPT,2025,28.0,Khoa học Máy tính
4050,CMC,ky-thuat-phan-mem,A00,Điểm học bạ,2025,29.6,Kỹ thuật Phần mềm
4051,CMC,ky-thuat-phan-mem,A01,Điểm học bạ,2025,29.6,Kỹ thuật Phần mềm
4052,CMC,ky-thuat-phan-mem,A02,Điểm học bạ,2025,29.6,Kỹ thuật Phần mềm
4053,CMC,ky-thuat-phan-mem,A03,Điểm học bạ,2025,29.6,Kỹ thuật Phần mềm
4054,CMC,ky-thuat-phan-mem,A04,Điểm học bạ,2025,29.6,Kỹ thuật Phần mềm
4055,CMC,ky-thuat-phan-mem,A05,Điểm học bạ,2025,29.6,Kỹ thuật Phần mềm
4056,CMC,ky-thuat-phan-mem,A06,Điểm học bạ,2025,29.6,Kỹ thuật Phần mềm
4057,CMC,ky-thuat-phan-mem,A07,Điểm học bạ,2025,29.6,Kỹ thuật Phần mềm
4058,CMC,ky-thuat-phan-mem,A08,Điểm học bạ,2025,29.6,Kỹ thuật Phần mềm
4059,CMC,ky-thuat-phan-mem,A09,Điểm học bạ,2025,29.6,Kỹ thuật Phần mềm
4060,CMC,ky-thuat-phan-mem,A10,Điểm học bạ,2025,29.6,Kỹ thuật Phần mềm
4061,CMC,ky-thuat-phan-mem,A11,Điểm học bạ,2025,29.6,Kỹ thuật Phần mềm
4062,CMC,ky-thuat-phan-mem,A12,Điểm học bạ,2025,29.6,Kỹ thuật Phần mềm
4063,CMC,ky-thuat-phan-mem,A13,Điểm học bạ,2025,29.6,Kỹ thuật Phần mềm
4064,CMC,ky-thuat-phan-mem,A14,Điểm học bạ,2025,29.6,Kỹ thuật Phần mềm
4065,CMC,ky-thuat-phan-mem,A15,Điểm học bạ,2025,29.6,Kỹ thuật Phần mềm
4066,CMC,ky-thuat-phan-mem,A16,Điểm học bạ,2025,29.6,Kỹ thuật Phần mềm
4067,CMC,ky-thuat-phan-mem,A17,Điểm học bạ,2025,29.6,Kỹ thuật Phần mềm
4068,CMC,ky-thuat-phan-mem,A18,Điểm học bạ,2025,29.6,Kỹ thuật Phần mềm
4069,CMC,ky-thuat-phan-mem,B00,Điểm học bạ,2025,29.6,Kỹ thuật Phần mềm
4070,CMC,ky-thuat-phan-mem,B01,Điểm học bạ,2025,29.6,Kỹ thuật Phần mềm
4071,CMC,ky-thuat-phan-mem,B02,Điểm học bạ,2025,29.6,Kỹ thuật Phần mềm
4072,CMC,ky-thuat-phan-mem,B03,Điểm học bạ,2025,29.6,Kỹ thuật Phần mềm
4073,CMC,ky-thuat-phan-mem,B04,Điểm học bạ,2025,29.6,Kỹ thuật Phần mềm
4074,CMC,ky-thuat-phan-mem,B05,Điểm học bạ,2025,29.6,Kỹ thuật Phần mềm
4075,CMC,ky-thuat-phan-mem,B08,Điểm học bạ,2025,29.6,Kỹ thuật Phần mềm
4076,CMC,ky-thuat-phan-mem,C01,Điểm học bạ,2025,29.6,Kỹ thuật Phần mềm
4077,CMC,ky-thuat-phan-mem,C02,Điểm học bạ,2025,29.6,Kỹ thuật Phần mềm
4078,CMC,ky-thuat-phan-mem,C03,Điểm học bạ,2025,29.6,Kỹ thuật Phần mềm
4079,CMC,ky-thuat-phan-mem,C04,Điểm học bạ,2025,29.6,Kỹ thuật Phần mềm
4080,CMC,ky-thuat-phan-mem,C14,Điểm học bạ,2025,29.6,Kỹ thuật Phần mềm
4081,CMC,ky-thuat-phan-mem,C15,Điểm học bạ,2025,29.6,Kỹ thuật Phần mềm
4082,CMC,ky-thuat-phan-mem,D01,Điểm học bạ,2025,29.6,Kỹ thuật Phần mềm
4083,CMC,ky-thuat-phan-mem,D02,Điểm học bạ,2025,29.6,Kỹ thuật Phần mềm
4084,CMC,ky-thuat-phan-mem,D03,Điểm học bạ,2025,29.6,Kỹ thuật Phần mềm
4085,CMC,ky-thuat-phan-mem,D04,Điểm học bạ,2025,29.6,Kỹ thuật Phần mềm
4086,CMC,ky-thuat-phan-mem,D05,Điểm học bạ,2025,29.6,Kỹ thuật Phần mềm
4087,CMC,ky-thuat-phan-mem,D06,Điểm học bạ,2025,29.6,Kỹ thuật Phần mềm
4088,CMC,ky-thuat-phan-mem,D07,Điểm học bạ,2025,29.6,Kỹ thuật Phần mềm
4089,CMC,ky-thuat-phan-mem,D08,Điểm học bạ,2025,29.6,Kỹ thuật Phần mềm
4090,CMC,ky-thuat-phan-mem,D09,Điểm học bạ,2025,29.6,Kỹ thuật Phần mềm
4091,CMC,ky-thuat-phan-mem,D10,Điểm học bạ,2025,29.6,Kỹ thuật Phần mềm
4092,CMC,ky-thuat-phan-mem,D16,Điểm học bạ,2025,29.6,Kỹ thuật Phần mềm
4093,CMC,ky-thuat-phan-mem,A00,Điểm thi THPT,2025,26.67,Kỹ thuật Phần mềm
4094,CMC,ky-thuat-phan-mem,A01,Điểm thi THPT,2025,26.67,Kỹ thuật Phần mềm
4095,CMC,ky-thuat-phan-mem,A02,Điểm thi THPT,2025,26.67,Kỹ thuật Phần mềm
4096,CMC,ky-thuat-phan-mem,A03,Điểm thi THPT,2025,26.67,Kỹ thuật Phần mềm
4097,CMC,ky-thuat-phan-mem,A04,Điểm thi THPT,2025,26.67,Kỹ thuật Phần mềm
4098,CMC,ky-thuat-phan-mem,A05,Điểm thi THPT,2025,26.67,Kỹ thuật Phần mềm
4099,CMC,ky-thuat-phan-mem,A06,Điểm thi THPT,2025,26.67,Kỹ thuật Phần mềm
4100,CMC,ky-thuat-phan-mem,A07,Điểm thi THPT,2025,26.67,Kỹ thuật Phần mềm
4101,CMC,ky-thuat-phan-mem,A08,Điểm thi THPT,2025,26.67,Kỹ thuật Phần mềm
4102,CMC,ky-thuat-phan-mem,A09,Điểm thi THPT,2025,26.67,Kỹ thuật Phần mềm
4103,CMC,ky-thuat-phan-mem,A10,Điểm thi THPT,2025,26.67,Kỹ thuật Phần mềm
4104,CMC,ky-thuat-phan-mem,A11,Điểm thi THPT,2025,26.67,Kỹ thuật Phần mềm
4105,CMC,ky-thuat-phan-mem,A12,Điểm thi THPT,2025,26.67,Kỹ thuật Phần mềm
4106,CMC,ky-thuat-phan-mem,A13,Điểm thi THPT,2025,26.67,Kỹ thuật Phần mềm
4107,CMC,ky-thuat-phan-mem,A14,Điểm thi THPT,2025,26.67,Kỹ thuật Phần mềm
4108,CMC,ky-thuat-phan-mem,A15,Điểm thi THPT,2025,26.67,Kỹ thuật Phần mềm
4109,CMC,ky-thuat-phan-mem,A16,Điểm thi THPT,2025,26.67,Kỹ thuật Phần mềm
4110,CMC,ky-thuat-phan-mem,A17,Điểm thi THPT,2025,26.67,Kỹ thuật Phần mềm
4111,CMC,ky-thuat-phan-mem,A18,Điểm thi THPT,2025,26.67,Kỹ thuật Phần mềm
4112,CMC,ky-thuat-phan-mem,B00,Điểm thi THPT,2025,26.67,Kỹ thuật Phần mềm
4113,CMC,ky-thuat-phan-mem,B01,Điểm thi THPT,2025,26.67,Kỹ thuật Phần mềm
4114,CMC,ky-thuat-phan-mem,B02,Điểm thi THPT,2025,26.67,Kỹ thuật Phần mềm
4115,CMC,ky-thuat-phan-mem,B03,Điểm thi THPT,2025,26.67,Kỹ thuật Phần mềm
4116,CMC,ky-thuat-phan-mem,B04,Điểm thi THPT,2025,26.67,Kỹ thuật Phần mềm
4117,CMC,ky-thuat-phan-mem,B05,Điểm thi THPT,2025,26.67,Kỹ thuật Phần mềm
4118,CMC,ky-thuat-phan-mem,B08,Điểm thi THPT,2025,26.67,Kỹ thuật Phần mềm
4119,CMC,ky-thuat-phan-mem,C01,Điểm thi THPT,2025,26.67,Kỹ thuật Phần mềm
4120,CMC,ky-thuat-phan-mem,C02,Điểm thi THPT,2025,26.67,Kỹ thuật Phần mềm
4121,CMC,ky-thuat-phan-mem,C03,Điểm thi THPT,2025,26.67,Kỹ thuật Phần mềm
4122,CMC,ky-thuat-phan-mem,C04,Điểm thi THPT,2025,26.67,Kỹ thuật Phần mềm
4123,CMC,ky-thuat-phan-mem,C14,Điểm thi THPT,2025,26.67,Kỹ thuật Phần mềm
4124,CMC,ky-thuat-phan-mem,C15,Điểm thi THPT,2025,26.67,Kỹ thuật Phần mềm
4125,CMC,ky-thuat-phan-mem,D01,Điểm thi THPT,2025,26.67,Kỹ thuật Phần mềm
4126,CMC,ky-thuat-phan-mem,D02,Điểm thi THPT,2025,26.67,Kỹ thuật Phần mềm
4127,CMC,ky-thuat-phan-mem,D03,Điểm thi THPT,2025,26.67,Kỹ thuật Phần mềm
4128,CMC,ky-thuat-phan-mem,D04,Điểm thi THPT,2025,26.67,Kỹ thuật Phần mềm
4129,CMC,ky-thuat-phan-mem,D05,Điểm thi THPT,2025,26.67,Kỹ thuật Phần mềm
4130,CMC,ky-thuat-phan-mem,D06,Điểm thi THPT,2025,26.67,Kỹ thuật Phần mềm
4131,CMC,ky-thuat-phan-mem,D07,Điểm thi THPT,2025,26.67,Kỹ thuật Phần mềm
4132,CMC,ky-thuat-phan-mem,D08,Điểm thi THPT,2025,26.67,Kỹ thuật Phần mềm
4133,CMC,ky-thuat-phan-mem,D09,Điểm thi THPT,2025,26.67,Kỹ thuật Phần mềm
4134,CMC,ky-thuat-phan-mem,D10,Điểm thi THPT,2025,26.67,Kỹ thuật Phần mềm
4135,CMC,ky-thuat-phan-mem,D16,Điểm thi THPT,2025,26.67,Kỹ thuật Phần mềm
4136,CMC,logistics-va-quan-ly-chuoi-cung-ung,A00,Điểm học bạ,2025,28.2,Logistics và Quản lý chuỗi cung ứng
4137,CMC,logistics-va-quan-ly-chuoi-cung-ung,A01,Điểm học bạ,2025,28.2,Logistics và Quản lý chuỗi cung ứng
4138,CMC,logistics-va-quan-ly-chuoi-cung-ung,A02,Điểm học bạ,2025,28.2,Logistics và Quản lý chuỗi cung ứng
4139,CMC,logistics-va-quan-ly-chuoi-cung-ung,A03,Điểm học bạ,2025,28.2,Logistics và Quản lý chuỗi cung ứng
4140,CMC,logistics-va-quan-ly-chuoi-cung-ung,A04,Điểm học bạ,2025,28.2,Logistics và Quản lý chuỗi cung ứng
4141,CMC,logistics-va-quan-ly-chuoi-cung-ung,A05,Điểm học bạ,2025,28.2,Logistics và Quản lý chuỗi cung ứng
4142,CMC,logistics-va-quan-ly-chuoi-cung-ung,A06,Điểm học bạ,2025,28.2,Logistics và Quản lý chuỗi cung ứng
4143,CMC,logistics-va-quan-ly-chuoi-cung-ung,A07,Điểm học bạ,2025,28.2,Logistics và Quản lý chuỗi cung ứng
4144,CMC,logistics-va-quan-ly-chuoi-cung-ung,A08,Điểm học bạ,2025,28.2,Logistics và Quản lý chuỗi cung ứng
4145,CMC,logistics-va-quan-ly-chuoi-cung-ung,A09,Điểm học bạ,2025,28.2,Logistics và Quản lý chuỗi cung ứng
4146,CMC,logistics-va-quan-ly-chuoi-cung-ung,A10,Điểm học bạ,2025,28.2,Logistics và Quản lý chuỗi cung ứng
4147,CMC,logistics-va-quan-ly-chuoi-cung-ung,A11,Điểm học bạ,2025,28.2,Logistics và Quản lý chuỗi cung ứng
4148,CMC,logistics-va-quan-ly-chuoi-cung-ung,A12,Điểm học bạ,2025,28.2,Logistics và Quản lý chuỗi cung ứng
4149,CMC,logistics-va-quan-ly-chuoi-cung-ung,A13,Điểm học bạ,2025,28.2,Logistics và Quản lý chuỗi cung ứng
4150,CMC,logistics-va-quan-ly-chuoi-cung-ung,A14,Điểm học bạ,2025,28.2,Logistics và Quản lý chuỗi cung ứng
4151,CMC,logistics-va-quan-ly-chuoi-cung-ung,A15,Điểm học bạ,2025,28.2,Logistics và Quản lý chuỗi cung ứng
4152,CMC,logistics-va-quan-ly-chuoi-cung-ung,A16,Điểm học bạ,2025,28.2,Logistics và Quản lý chuỗi cung ứng
4153,CMC,logistics-va-quan-ly-chuoi-cung-ung,A17,Điểm học bạ,2025,28.2,Logistics và Quản lý chuỗi cung ứng
4154,CMC,logistics-va-quan-ly-chuoi-cung-ung,A18,Điểm học bạ,2025,28.2,Logistics và Quản lý chuỗi cung ứng
4155,CMC,logistics-va-quan-ly-chuoi-cung-ung,B00,Điểm học bạ,2025,28.2,Logistics và Quản lý chuỗi cung ứng
4156,CMC,logistics-va-quan-ly-chuoi-cung-ung,B01,Điểm học bạ,2025,28.2,Logistics và Quản lý chuỗi cung ứng
4157,CMC,logistics-va-quan-ly-chuoi-cung-ung,B02,Điểm học bạ,2025,28.2,Logistics và Quản lý chuỗi cung ứng
4158,CMC,logistics-va-quan-ly-chuoi-cung-ung,B03,Điểm học bạ,2025,28.2,Logistics và Quản lý chuỗi cung ứng
4159,CMC,logistics-va-quan-ly-chuoi-cung-ung,B04,Điểm học bạ,2025,28.2,Logistics và Quản lý chuỗi cung ứng
4160,CMC,logistics-va-quan-ly-chuoi-cung-ung,B05,Điểm học bạ,2025,28.2,Logistics và Quản lý chuỗi cung ứng
4161,CMC,logistics-va-quan-ly-chuoi-cung-ung,B08,Điểm học bạ,2025,28.2,Logistics và Quản lý chuỗi cung ứng
4162,CMC,logistics-va-quan-ly-chuoi-cung-ung,C00,Điểm học bạ,2025,28.2,Logistics và Quản lý chuỗi cung ứng
4163,CMC,logistics-va-quan-ly-chuoi-cung-ung,C01,Điểm học bạ,2025,28.2,Logistics và Quản lý chuỗi cung ứng
4164,CMC,logistics-va-quan-ly-chuoi-cung-ung,C02,Điểm học bạ,2025,28.2,Logistics và Quản lý chuỗi cung ứng
4165,CMC,logistics-va-quan-ly-chuoi-cung-ung,C03,Điểm học bạ,2025,28.2,Logistics và Quản lý chuỗi cung ứng
4166,CMC,logistics-va-quan-ly-chuoi-cung-ung,C04,Điểm học bạ,2025,28.2,Logistics và Quản lý chuỗi cung ứng
4167,CMC,logistics-va-quan-ly-chuoi-cung-ung,C05,Điểm học bạ,2025,28.2,Logistics và Quản lý chuỗi cung ứng
4168,CMC,logistics-va-quan-ly-chuoi-cung-ung,C06,Điểm học bạ,2025,28.2,Logistics và Quản lý chuỗi cung ứng
4169,CMC,logistics-va-quan-ly-chuoi-cung-ung,C07,Điểm học bạ,2025,28.2,Logistics và Quản lý chuỗi cung ứng
4170,CMC,logistics-va-quan-ly-chuoi-cung-ung,C08,Điểm học bạ,2025,28.2,Logistics và Quản lý chuỗi cung ứng
4171,CMC,logistics-va-quan-ly-chuoi-cung-ung,C09,Điểm học bạ,2025,28.2,Logistics và Quản lý chuỗi cung ứng
4172,CMC,logistics-va-quan-ly-chuoi-cung-ung,C10,Điểm học bạ,2025,28.2,Logistics và Quản lý chuỗi cung ứng
4173,CMC,logistics-va-quan-ly-chuoi-cung-ung,C11,Điểm học bạ,2025,28.2,Logistics và Quản lý chuỗi cung ứng
4174,CMC,logistics-va-quan-ly-chuoi-cung-ung,C12,Điểm học bạ,2025,28.2,Logistics và Quản lý chuỗi cung ứng
4175,CMC,logistics-va-quan-ly-chuoi-cung-ung,C13,Điểm học bạ,2025,28.2,Logistics và Quản lý chuỗi cung ứng
4176,CMC,logistics-va-quan-ly-chuoi-cung-ung,C14,Điểm học bạ,2025,28.2,Logistics và Quản lý chuỗi cung ứng
4177,CMC,logistics-va-quan-ly-chuoi-cung-ung,C15,Điểm học bạ,2025,28.2,Logistics và Quản lý chuỗi cung ứng
4178,CMC,logistics-va-quan-ly-chuoi-cung-ung,C16,Điểm học bạ,2025,28.2,Logistics và Quản lý chuỗi cung ứng
4179,CMC,logistics-va-quan-ly-chuoi-cung-ung,A00,Điểm thi THPT,2025,25.05,Logistics và Quản lý chuỗi cung ứng
4180,CMC,logistics-va-quan-ly-chuoi-cung-ung,A01,Điểm thi THPT,2025,25.05,Logistics và Quản lý chuỗi cung ứng
4181,CMC,logistics-va-quan-ly-chuoi-cung-ung,A02,Điểm thi THPT,2025,25.05,Logistics và Quản lý chuỗi cung ứng
4182,CMC,logistics-va-quan-ly-chuoi-cung-ung,A03,Điểm thi THPT,2025,25.05,Logistics và Quản lý chuỗi cung ứng
4183,CMC,logistics-va-quan-ly-chuoi-cung-ung,A04,Điểm thi THPT,2025,25.05,Logistics và Quản lý chuỗi cung ứng
4184,CMC,logistics-va-quan-ly-chuoi-cung-ung,A05,Điểm thi THPT,2025,25.05,Logistics và Quản lý chuỗi cung ứng
4185,CMC,logistics-va-quan-ly-chuoi-cung-ung,A06,Điểm thi THPT,2025,25.05,Logistics và Quản lý chuỗi cung ứng
4186,CMC,logistics-va-quan-ly-chuoi-cung-ung,A07,Điểm thi THPT,2025,25.05,Logistics và Quản lý chuỗi cung ứng
4187,CMC,logistics-va-quan-ly-chuoi-cung-ung,A08,Điểm thi THPT,2025,25.05,Logistics và Quản lý chuỗi cung ứng
4188,CMC,logistics-va-quan-ly-chuoi-cung-ung,A09,Điểm thi THPT,2025,25.05,Logistics và Quản lý chuỗi cung ứng
4189,CMC,logistics-va-quan-ly-chuoi-cung-ung,A10,Điểm thi THPT,2025,25.05,Logistics và Quản lý chuỗi cung ứng
4190,CMC,logistics-va-quan-ly-chuoi-cung-ung,A11,Điểm thi THPT,2025,25.05,Logistics và Quản lý chuỗi cung ứng
4191,CMC,logistics-va-quan-ly-chuoi-cung-ung,A12,Điểm thi THPT,2025,25.05,Logistics và Quản lý chuỗi cung ứng
4192,CMC,logistics-va-quan-ly-chuoi-cung-ung,A13,Điểm thi THPT,2025,25.05,Logistics và Quản lý chuỗi cung ứng
4193,CMC,logistics-va-quan-ly-chuoi-cung-ung,A14,Điểm thi THPT,2025,25.05,Logistics và Quản lý chuỗi cung ứng
4194,CMC,logistics-va-quan-ly-chuoi-cung-ung,A15,Điểm thi THPT,2025,25.05,Logistics và Quản lý chuỗi cung ứng
4195,CMC,logistics-va-quan-ly-chuoi-cung-ung,A16,Điểm thi THPT,2025,25.05,Logistics và Quản lý chuỗi cung ứng
4196,CMC,logistics-va-quan-ly-chuoi-cung-ung,A17,Điểm thi THPT,2025,25.05,Logistics và Quản lý chuỗi cung ứng
4197,CMC,logistics-va-quan-ly-chuoi-cung-ung,A18,Điểm thi THPT,2025,25.05,Logistics và Quản lý chuỗi cung ứng
4198,CMC,logistics-va-quan-ly-chuoi-cung-ung,B00,Điểm thi THPT,2025,25.05,Logistics và Quản lý chuỗi cung ứng
4199,CMC,logistics-va-quan-ly-chuoi-cung-ung,B01,Điểm thi THPT,2025,25.05,Logistics và Quản lý chuỗi cung ứng
4200,CMC,logistics-va-quan-ly-chuoi-cung-ung,B02,Điểm thi THPT,2025,25.05,Logistics và Quản lý chuỗi cung ứng
4201,CMC,logistics-va-quan-ly-chuoi-cung-ung,B03,Điểm thi THPT,2025,25.05,Logistics và Quản lý chuỗi cung ứng
4202,CMC,logistics-va-quan-ly-chuoi-cung-ung,B04,Điểm thi THPT,2025,25.05,Logistics và Quản lý chuỗi cung ứng
4203,CMC,logistics-va-quan-ly-chuoi-cung-ung,B05,Điểm thi THPT,2025,25.05,Logistics và Quản lý chuỗi cung ứng
4204,CMC,logistics-va-quan-ly-chuoi-cung-ung,B08,Điểm thi THPT,2025,25.05,Logistics và Quản lý chuỗi cung ứng
4205,CMC,logistics-va-quan-ly-chuoi-cung-ung,C00,Điểm thi THPT,2025,25.05,Logistics và Quản lý chuỗi cung ứng
4206,CMC,logistics-va-quan-ly-chuoi-cung-ung,C01,Điểm thi THPT,2025,25.05,Logistics và Quản lý chuỗi cung ứng
4207,CMC,logistics-va-quan-ly-chuoi-cung-ung,C02,Điểm thi THPT,2025,25.05,Logistics và Quản lý chuỗi cung ứng
4208,CMC,logistics-va-quan-ly-chuoi-cung-ung,C03,Điểm thi THPT,2025,25.05,Logistics và Quản lý chuỗi cung ứng
4209,CMC,logistics-va-quan-ly-chuoi-cung-ung,C04,Điểm thi THPT,2025,25.05,Logistics và Quản lý chuỗi cung ứng
4210,CMC,logistics-va-quan-ly-chuoi-cung-ung,C05,Điểm thi THPT,2025,25.05,Logistics và Quản lý chuỗi cung ứng
4211,CMC,logistics-va-quan-ly-chuoi-cung-ung,C06,Điểm thi THPT,2025,25.05,Logistics và Quản lý chuỗi cung ứng
4212,CMC,logistics-va-quan-ly-chuoi-cung-ung,C07,Điểm thi THPT,2025,25.05,Logistics và Quản lý chuỗi cung ứng
4213,CMC,logistics-va-quan-ly-chuoi-cung-ung,C08,Điểm thi THPT,2025,25.05,Logistics và Quản lý chuỗi cung ứng
4214,CMC,logistics-va-quan-ly-chuoi-cung-ung,C09,Điểm thi THPT,2025,25.05,Logistics và Quản lý chuỗi cung ứng
4215,CMC,logistics-va-quan-ly-chuoi-cung-ung,C10,Điểm thi THPT,2025,25.05,Logistics và Quản lý chuỗi cung ứng
4216,CMC,logistics-va-quan-ly-chuoi-cung-ung,C11,Điểm thi THPT,2025,25.05,Logistics và Quản lý chuỗi cung ứng
4217,CMC,logistics-va-quan-ly-chuoi-cung-ung,C12,Điểm thi THPT,2025,25.05,Logistics và Quản lý chuỗi cung ứng
4218,CMC,logistics-va-quan-ly-chuoi-cung-ung,C13,Điểm thi THPT,2025,25.05,Logistics và Quản lý chuỗi cung ứng
4219,CMC,logistics-va-quan-ly-chuoi-cung-ung,C14,Điểm thi THPT,2025,25.05,Logistics và Quản lý chuỗi cung ứng
4220,CMC,logistics-va-quan-ly-chuoi-cung-ung,C15,Điểm thi THPT,2025,25.05,Logistics và Quản lý chuỗi cung ứng
4221,CMC,logistics-va-quan-ly-chuoi-cung-ung,C16,Điểm thi THPT,2025,25.05,Logistics và Quản lý chuỗi cung ứng
4222,CMC,marketing,A00,Điểm học bạ,2024,22.5,Marketing
4223,CMC,marketing,A01,Điểm học bạ,2024,22.5,Marketing
4224,CMC,marketing,C00,Điểm học bạ,2024,22.5,Marketing
4225,CMC,marketing,D01,Điểm học bạ,2024,22.5,Marketing
4226,CMC,marketing,A00,Điểm thi THPT,2024,22.5,Marketing
4227,CMC,marketing,A01,Điểm thi THPT,2024,22.5,Marketing
4228,CMC,marketing,C00,Điểm thi THPT,2024,22.5,Marketing
4229,CMC,marketing,D01,Điểm thi THPT,2024,22.5,Marketing
4230,CMC,ngon-ngu-han-quoc,A01,Điểm thi THPT,2022,21.5,Ngôn ngữ Hàn Quốc
4231,CMC,ngon-ngu-han-quoc,C00,Điểm thi THPT,2022,21.5,Ngôn ngữ Hàn Quốc
4232,CMC,ngon-ngu-han-quoc,D01,Điểm thi THPT,2022,21.5,Ngôn ngữ Hàn Quốc
4233,CMC,ngon-ngu-han-quoc,D10,Điểm thi THPT,2022,21.5,Ngôn ngữ Hàn Quốc
4234,CMC,ngon-ngu-han-quoc,A01,Điểm học bạ,2023,22.0,Ngôn ngữ Hàn Quốc
4235,CMC,ngon-ngu-han-quoc,C00,Điểm học bạ,2023,22.0,Ngôn ngữ Hàn Quốc
4236,CMC,ngon-ngu-han-quoc,D00,Điểm học bạ,2023,22.0,Ngôn ngữ Hàn Quốc
4237,CMC,ngon-ngu-han-quoc,D10,Điểm học bạ,2023,22.0,Ngôn ngữ Hàn Quốc
4238,CMC,ngon-ngu-han-quoc,A01,Điểm thi THPT,2023,22.0,Ngôn ngữ Hàn Quốc
4239,CMC,ngon-ngu-han-quoc,C00,Điểm thi THPT,2023,22.0,Ngôn ngữ Hàn Quốc
4240,CMC,ngon-ngu-han-quoc,D01,Điểm thi THPT,2023,22.0,Ngôn ngữ Hàn Quốc
4241,CMC,ngon-ngu-han-quoc,D10,Điểm thi THPT,2023,22.0,Ngôn ngữ Hàn Quốc
4242,CMC,ngon-ngu-han-quoc,A01,Điểm học bạ,2024,21.0,Ngôn ngữ Hàn Quốc
4243,CMC,ngon-ngu-han-quoc,C00,Điểm học bạ,2024,21.0,Ngôn ngữ Hàn Quốc
4244,CMC,ngon-ngu-han-quoc,D01,Điểm học bạ,2024,21.0,Ngôn ngữ Hàn Quốc
4245,CMC,ngon-ngu-han-quoc,D10,Điểm học bạ,2024,21.0,Ngôn ngữ Hàn Quốc
4246,CMC,ngon-ngu-han-quoc,A01,Điểm thi THPT,2024,21.0,Ngôn ngữ Hàn Quốc
4247,CMC,ngon-ngu-han-quoc,C00,Điểm thi THPT,2024,21.0,Ngôn ngữ Hàn Quốc
4248,CMC,ngon-ngu-han-quoc,D01,Điểm thi THPT,2024,21.0,Ngôn ngữ Hàn Quốc
4249,CMC,ngon-ngu-han-quoc,D10,Điểm thi THPT,2024,21.0,Ngôn ngữ Hàn Quốc
4250,CMC,ngon-ngu-han-quoc,A00,Điểm học bạ,2025,27.8,Ngôn ngữ Hàn Quốc
4251,CMC,ngon-ngu-han-quoc,A01,Điểm học bạ,2025,27.8,Ngôn ngữ Hàn Quốc
4252,CMC,ngon-ngu-han-quoc,A02,Điểm học bạ,2025,27.8,Ngôn ngữ Hàn Quốc
4253,CMC,ngon-ngu-han-quoc,A03,Điểm học bạ,2025,27.8,Ngôn ngữ Hàn Quốc
4254,CMC,ngon-ngu-han-quoc,A04,Điểm học bạ,2025,27.8,Ngôn ngữ Hàn Quốc
4255,CMC,ngon-ngu-han-quoc,A05,Điểm học bạ,2025,27.8,Ngôn ngữ Hàn Quốc
4256,CMC,ngon-ngu-han-quoc,A06,Điểm học bạ,2025,27.8,Ngôn ngữ Hàn Quốc
4257,CMC,ngon-ngu-han-quoc,A07,Điểm học bạ,2025,27.8,Ngôn ngữ Hàn Quốc
4258,CMC,ngon-ngu-han-quoc,A08,Điểm học bạ,2025,27.8,Ngôn ngữ Hàn Quốc
4259,CMC,ngon-ngu-han-quoc,A09,Điểm học bạ,2025,27.8,Ngôn ngữ Hàn Quốc
4260,CMC,ngon-ngu-han-quoc,A10,Điểm học bạ,2025,27.8,Ngôn ngữ Hàn Quốc
4261,CMC,ngon-ngu-han-quoc,A11,Điểm học bạ,2025,27.8,Ngôn ngữ Hàn Quốc
4262,CMC,ngon-ngu-han-quoc,A12,Điểm học bạ,2025,27.8,Ngôn ngữ Hàn Quốc
4263,CMC,ngon-ngu-han-quoc,A13,Điểm học bạ,2025,27.8,Ngôn ngữ Hàn Quốc
4264,CMC,ngon-ngu-han-quoc,A14,Điểm học bạ,2025,27.8,Ngôn ngữ Hàn Quốc
4265,CMC,ngon-ngu-han-quoc,A15,Điểm học bạ,2025,27.8,Ngôn ngữ Hàn Quốc
4266,CMC,ngon-ngu-han-quoc,A16,Điểm học bạ,2025,27.8,Ngôn ngữ Hàn Quốc
4267,CMC,ngon-ngu-han-quoc,A17,Điểm học bạ,2025,27.8,Ngôn ngữ Hàn Quốc
4268,CMC,ngon-ngu-han-quoc,A18,Điểm học bạ,2025,27.8,Ngôn ngữ Hàn Quốc
4269,CMC,ngon-ngu-han-quoc,B00,Điểm học bạ,2025,27.8,Ngôn ngữ Hàn Quốc
4270,CMC,ngon-ngu-han-quoc,B01,Điểm học bạ,2025,27.8,Ngôn ngữ Hàn Quốc
4271,CMC,ngon-ngu-han-quoc,B02,Điểm học bạ,2025,27.8,Ngôn ngữ Hàn Quốc
4272,CMC,ngon-ngu-han-quoc,B03,Điểm học bạ,2025,27.8,Ngôn ngữ Hàn Quốc
4273,CMC,ngon-ngu-han-quoc,B04,Điểm học bạ,2025,27.8,Ngôn ngữ Hàn Quốc
4274,CMC,ngon-ngu-han-quoc,B05,Điểm học bạ,2025,27.8,Ngôn ngữ Hàn Quốc
4275,CMC,ngon-ngu-han-quoc,B08,Điểm học bạ,2025,27.8,Ngôn ngữ Hàn Quốc
4276,CMC,ngon-ngu-han-quoc,C00,Điểm học bạ,2025,27.8,Ngôn ngữ Hàn Quốc
4277,CMC,ngon-ngu-han-quoc,C01,Điểm học bạ,2025,27.8,Ngôn ngữ Hàn Quốc
4278,CMC,ngon-ngu-han-quoc,C02,Điểm học bạ,2025,27.8,Ngôn ngữ Hàn Quốc
4279,CMC,ngon-ngu-han-quoc,C03,Điểm học bạ,2025,27.8,Ngôn ngữ Hàn Quốc
4280,CMC,ngon-ngu-han-quoc,C04,Điểm học bạ,2025,27.8,Ngôn ngữ Hàn Quốc
4281,CMC,ngon-ngu-han-quoc,C05,Điểm học bạ,2025,27.8,Ngôn ngữ Hàn Quốc
4282,CMC,ngon-ngu-han-quoc,C06,Điểm học bạ,2025,27.8,Ngôn ngữ Hàn Quốc
4283,CMC,ngon-ngu-han-quoc,C07,Điểm học bạ,2025,27.8,Ngôn ngữ Hàn Quốc
4284,CMC,ngon-ngu-han-quoc,C08,Điểm học bạ,2025,27.8,Ngôn ngữ Hàn Quốc
4285,CMC,ngon-ngu-han-quoc,C09,Điểm học bạ,2025,27.8,Ngôn ngữ Hàn Quốc
4286,CMC,ngon-ngu-han-quoc,C10,Điểm học bạ,2025,27.8,Ngôn ngữ Hàn Quốc
4287,CMC,ngon-ngu-han-quoc,C11,Điểm học bạ,2025,27.8,Ngôn ngữ Hàn Quốc
4288,CMC,ngon-ngu-han-quoc,C12,Điểm học bạ,2025,27.8,Ngôn ngữ Hàn Quốc
4289,CMC,ngon-ngu-han-quoc,C13,Điểm học bạ,2025,27.8,Ngôn ngữ Hàn Quốc
4290,CMC,ngon-ngu-han-quoc,C14,Điểm học bạ,2025,27.8,Ngôn ngữ Hàn Quốc
4291,CMC,ngon-ngu-han-quoc,C15,Điểm học bạ,2025,27.8,Ngôn ngữ Hàn Quốc
4292,CMC,ngon-ngu-han-quoc,C16,Điểm học bạ,2025,27.8,Ngôn ngữ Hàn Quốc
4293,CMC,ngon-ngu-han-quoc,A00,Điểm thi THPT,2025,24.65,Ngôn ngữ Hàn Quốc
4294,CMC,ngon-ngu-han-quoc,A01,Điểm thi THPT,2025,24.65,Ngôn ngữ Hàn Quốc
4295,CMC,ngon-ngu-han-quoc,A02,Điểm thi THPT,2025,24.65,Ngôn ngữ Hàn Quốc
4296,CMC,ngon-ngu-han-quoc,A03,Điểm thi THPT,2025,24.65,Ngôn ngữ Hàn Quốc
4297,CMC,ngon-ngu-han-quoc,A04,Điểm thi THPT,2025,24.65,Ngôn ngữ Hàn Quốc
4298,CMC,ngon-ngu-han-quoc,A05,Điểm thi THPT,2025,24.65,Ngôn ngữ Hàn Quốc
4299,CMC,ngon-ngu-han-quoc,A06,Điểm thi THPT,2025,24.65,Ngôn ngữ Hàn Quốc
4300,CMC,ngon-ngu-han-quoc,A07,Điểm thi THPT,2025,24.65,Ngôn ngữ Hàn Quốc
4301,CMC,ngon-ngu-han-quoc,A08,Điểm thi THPT,2025,24.65,Ngôn ngữ Hàn Quốc
4302,CMC,ngon-ngu-han-quoc,A09,Điểm thi THPT,2025,24.65,Ngôn ngữ Hàn Quốc
4303,CMC,ngon-ngu-han-quoc,A10,Điểm thi THPT,2025,24.65,Ngôn ngữ Hàn Quốc
4304,CMC,ngon-ngu-han-quoc,A11,Điểm thi THPT,2025,24.65,Ngôn ngữ Hàn Quốc
4305,CMC,ngon-ngu-han-quoc,A12,Điểm thi THPT,2025,24.65,Ngôn ngữ Hàn Quốc
4306,CMC,ngon-ngu-han-quoc,A13,Điểm thi THPT,2025,24.65,Ngôn ngữ Hàn Quốc
4307,CMC,ngon-ngu-han-quoc,A14,Điểm thi THPT,2025,24.65,Ngôn ngữ Hàn Quốc
4308,CMC,ngon-ngu-han-quoc,A15,Điểm thi THPT,2025,24.65,Ngôn ngữ Hàn Quốc
4309,CMC,ngon-ngu-han-quoc,A16,Điểm thi THPT,2025,24.65,Ngôn ngữ Hàn Quốc
4310,CMC,ngon-ngu-han-quoc,A17,Điểm thi THPT,2025,24.65,Ngôn ngữ Hàn Quốc
4311,CMC,ngon-ngu-han-quoc,A18,Điểm thi THPT,2025,24.65,Ngôn ngữ Hàn Quốc
4312,CMC,ngon-ngu-han-quoc,B00,Điểm thi THPT,2025,24.65,Ngôn ngữ Hàn Quốc
4313,CMC,ngon-ngu-han-quoc,B01,Điểm thi THPT,2025,24.65,Ngôn ngữ Hàn Quốc
4314,CMC,ngon-ngu-han-quoc,B02,Điểm thi THPT,2025,24.65,Ngôn ngữ Hàn Quốc
4315,CMC,ngon-ngu-han-quoc,B03,Điểm thi THPT,2025,24.65,Ngôn ngữ Hàn Quốc
4316,CMC,ngon-ngu-han-quoc,B04,Điểm thi THPT,2025,24.65,Ngôn ngữ Hàn Quốc
4317,CMC,ngon-ngu-han-quoc,B05,Điểm thi THPT,2025,24.65,Ngôn ngữ Hàn Quốc
4318,CMC,ngon-ngu-han-quoc,B08,Điểm thi THPT,2025,24.65,Ngôn ngữ Hàn Quốc
4319,CMC,ngon-ngu-han-quoc,C00,Điểm thi THPT,2025,24.65,Ngôn ngữ Hàn Quốc
4320,CMC,ngon-ngu-han-quoc,C01,Điểm thi THPT,2025,24.65,Ngôn ngữ Hàn Quốc
4321,CMC,ngon-ngu-han-quoc,C02,Điểm thi THPT,2025,24.65,Ngôn ngữ Hàn Quốc
4322,CMC,ngon-ngu-han-quoc,C03,Điểm thi THPT,2025,24.65,Ngôn ngữ Hàn Quốc
4323,CMC,ngon-ngu-han-quoc,C04,Điểm thi THPT,2025,24.65,Ngôn ngữ Hàn Quốc
4324,CMC,ngon-ngu-han-quoc,C05,Điểm thi THPT,2025,24.65,Ngôn ngữ Hàn Quốc
4325,CMC,ngon-ngu-han-quoc,C06,Điểm thi THPT,2025,24.65,Ngôn ngữ Hàn Quốc
4326,CMC,ngon-ngu-han-quoc,C07,Điểm thi THPT,2025,24.65,Ngôn ngữ Hàn Quốc
4327,CMC,ngon-ngu-han-quoc,C08,Điểm thi THPT,2025,24.65,Ngôn ngữ Hàn Quốc
4328,CMC,ngon-ngu-han-quoc,C09,Điểm thi THPT,2025,24.65,Ngôn ngữ Hàn Quốc
4329,CMC,ngon-ngu-han-quoc,C10,Điểm thi THPT,2025,24.65,Ngôn ngữ Hàn Quốc
4330,CMC,ngon-ngu-han-quoc,C11,Điểm thi THPT,2025,24.65,Ngôn ngữ Hàn Quốc
4331,CMC,ngon-ngu-han-quoc,C12,Điểm thi THPT,2025,24.65,Ngôn ngữ Hàn Quốc
4332,CMC,ngon-ngu-han-quoc,C13,Điểm thi THPT,2025,24.65,Ngôn ngữ Hàn Quốc
4333,CMC,ngon-ngu-han-quoc,C14,Điểm thi THPT,2025,24.65,Ngôn ngữ Hàn Quốc
4334,CMC,ngon-ngu-han-quoc,C15,Điểm thi THPT,2025,24.65,Ngôn ngữ Hàn Quốc
4335,CMC,ngon-ngu-han-quoc,C16,Điểm thi THPT,2025,24.65,Ngôn ngữ Hàn Quốc
4336,CMC,ngon-ngu-nhat,A01,Điểm thi THPT,2022,20.0,Ngôn ngữ Nhật
4337,CMC,ngon-ngu-nhat,C00,Điểm thi THPT,2022,20.0,Ngôn ngữ Nhật
4338,CMC,ngon-ngu-nhat,D01,Điểm thi THPT,2022,20.0,Ngôn ngữ Nhật
4339,CMC,ngon-ngu-nhat,D06,Điểm thi THPT,2022,20.0,Ngôn ngữ Nhật
4340,CMC,ngon-ngu-nhat,A01,Điểm học bạ,2023,22.0,Ngôn ngữ Nhật
4341,CMC,ngon-ngu-nhat,C00,Điểm học bạ,2023,22.0,Ngôn ngữ Nhật
4342,CMC,ngon-ngu-nhat,D00,Điểm học bạ,2023,22.0,Ngôn ngữ Nhật
4343,CMC,ngon-ngu-nhat,D06,Điểm học bạ,2023,22.0,Ngôn ngữ Nhật
4344,CMC,ngon-ngu-nhat,A01,Điểm thi THPT,2023,22.0,Ngôn ngữ Nhật
4345,CMC,ngon-ngu-nhat,C00,Điểm thi THPT,2023,22.0,Ngôn ngữ Nhật
4346,CMC,ngon-ngu-nhat,D00,Điểm thi THPT,2023,22.0,Ngôn ngữ Nhật
4347,CMC,ngon-ngu-nhat,D06,Điểm thi THPT,2023,22.0,Ngôn ngữ Nhật
4348,CMC,ngon-ngu-nhat,A01,Điểm học bạ,2024,21.0,Ngôn ngữ Nhật
4349,CMC,ngon-ngu-nhat,C00,Điểm học bạ,2024,21.0,Ngôn ngữ Nhật
4350,CMC,ngon-ngu-nhat,D01,Điểm học bạ,2024,21.0,Ngôn ngữ Nhật
4351,CMC,ngon-ngu-nhat,D06,Điểm học bạ,2024,21.0,Ngôn ngữ Nhật
4352,CMC,ngon-ngu-nhat,A01,Điểm thi THPT,2024,21.0,Ngôn ngữ Nhật
4353,CMC,ngon-ngu-nhat,C00,Điểm thi THPT,2024,21.0,Ngôn ngữ Nhật
4354,CMC,ngon-ngu-nhat,D01,Điểm thi THPT,2024,21.0,Ngôn ngữ Nhật
4355,CMC,ngon-ngu-nhat,D06,Điểm thi THPT,2024,21.0,Ngôn ngữ Nhật
4356,CMC,ngon-ngu-trung-quoc,A00,Điểm học bạ,2025,28.5,Ngôn ngữ Trung Quốc
4357,CMC,ngon-ngu-trung-quoc,A01,Điểm học bạ,2025,28.5,Ngôn ngữ Trung Quốc
4358,CMC,ngon-ngu-trung-quoc,A02,Điểm học bạ,2025,28.5,Ngôn ngữ Trung Quốc
4359,CMC,ngon-ngu-trung-quoc,A03,Điểm học bạ,2025,28.5,Ngôn ngữ Trung Quốc
4360,CMC,ngon-ngu-trung-quoc,A04,Điểm học bạ,2025,28.5,Ngôn ngữ Trung Quốc
4361,CMC,ngon-ngu-trung-quoc,A05,Điểm học bạ,2025,28.5,Ngôn ngữ Trung Quốc
4362,CMC,ngon-ngu-trung-quoc,A06,Điểm học bạ,2025,28.5,Ngôn ngữ Trung Quốc
4363,CMC,ngon-ngu-trung-quoc,A07,Điểm học bạ,2025,28.5,Ngôn ngữ Trung Quốc
4364,CMC,ngon-ngu-trung-quoc,A08,Điểm học bạ,2025,28.5,Ngôn ngữ Trung Quốc
4365,CMC,ngon-ngu-trung-quoc,A09,Điểm học bạ,2025,28.5,Ngôn ngữ Trung Quốc
4366,CMC,ngon-ngu-trung-quoc,A10,Điểm học bạ,2025,28.5,Ngôn ngữ Trung Quốc
4367,CMC,ngon-ngu-trung-quoc,A11,Điểm học bạ,2025,28.5,Ngôn ngữ Trung Quốc
4368,CMC,ngon-ngu-trung-quoc,A12,Điểm học bạ,2025,28.5,Ngôn ngữ Trung Quốc
4369,CMC,ngon-ngu-trung-quoc,A13,Điểm học bạ,2025,28.5,Ngôn ngữ Trung Quốc
4370,CMC,ngon-ngu-trung-quoc,A14,Điểm học bạ,2025,28.5,Ngôn ngữ Trung Quốc
4371,CMC,ngon-ngu-trung-quoc,A15,Điểm học bạ,2025,28.5,Ngôn ngữ Trung Quốc
4372,CMC,ngon-ngu-trung-quoc,A16,Điểm học bạ,2025,28.5,Ngôn ngữ Trung Quốc
4373,CMC,ngon-ngu-trung-quoc,A17,Điểm học bạ,2025,28.5,Ngôn ngữ Trung Quốc
4374,CMC,ngon-ngu-trung-quoc,A18,Điểm học bạ,2025,28.5,Ngôn ngữ Trung Quốc
4375,CMC,ngon-ngu-trung-quoc,B00,Điểm học bạ,2025,28.5,Ngôn ngữ Trung Quốc
4376,CMC,ngon-ngu-trung-quoc,B01,Điểm học bạ,2025,28.5,Ngôn ngữ Trung Quốc
4377,CMC,ngon-ngu-trung-quoc,B02,Điểm học bạ,2025,28.5,Ngôn ngữ Trung Quốc
4378,CMC,ngon-ngu-trung-quoc,B03,Điểm học bạ,2025,28.5,Ngôn ngữ Trung Quốc
4379,CMC,ngon-ngu-trung-quoc,B04,Điểm học bạ,2025,28.5,Ngôn ngữ Trung Quốc
4380,CMC,ngon-ngu-trung-quoc,B05,Điểm học bạ,2025,28.5,Ngôn ngữ Trung Quốc
4381,CMC,ngon-ngu-trung-quoc,B08,Điểm học bạ,2025,28.5,Ngôn ngữ Trung Quốc
4382,CMC,ngon-ngu-trung-quoc,C00,Điểm học bạ,2025,28.5,Ngôn ngữ Trung Quốc
4383,CMC,ngon-ngu-trung-quoc,C01,Điểm học bạ,2025,28.5,Ngôn ngữ Trung Quốc
4384,CMC,ngon-ngu-trung-quoc,C02,Điểm học bạ,2025,28.5,Ngôn ngữ Trung Quốc
4385,CMC,ngon-ngu-trung-quoc,C03,Điểm học bạ,2025,28.5,Ngôn ngữ Trung Quốc
4386,CMC,ngon-ngu-trung-quoc,C04,Điểm học bạ,2025,28.5,Ngôn ngữ Trung Quốc
4387,CMC,ngon-ngu-trung-quoc,C05,Điểm học bạ,2025,28.5,Ngôn ngữ Trung Quốc
4388,CMC,ngon-ngu-trung-quoc,C06,Điểm học bạ,2025,28.5,Ngôn ngữ Trung Quốc
4389,CMC,ngon-ngu-trung-quoc,C07,Điểm học bạ,2025,28.5,Ngôn ngữ Trung Quốc
4390,CMC,ngon-ngu-trung-quoc,C08,Điểm học bạ,2025,28.5,Ngôn ngữ Trung Quốc
4391,CMC,ngon-ngu-trung-quoc,C09,Điểm học bạ,2025,28.5,Ngôn ngữ Trung Quốc
4392,CMC,ngon-ngu-trung-quoc,C10,Điểm học bạ,2025,28.5,Ngôn ngữ Trung Quốc
4393,CMC,ngon-ngu-trung-quoc,C11,Điểm học bạ,2025,28.5,Ngôn ngữ Trung Quốc
4394,CMC,ngon-ngu-trung-quoc,C12,Điểm học bạ,2025,28.5,Ngôn ngữ Trung Quốc
4395,CMC,ngon-ngu-trung-quoc,C13,Điểm học bạ,2025,28.5,Ngôn ngữ Trung Quốc
4396,CMC,ngon-ngu-trung-quoc,C14,Điểm học bạ,2025,28.5,Ngôn ngữ Trung Quốc
4397,CMC,ngon-ngu-trung-quoc,C15,Điểm học bạ,2025,28.5,Ngôn ngữ Trung Quốc
4398,CMC,ngon-ngu-trung-quoc,C16,Điểm học bạ,2025,28.5,Ngôn ngữ Trung Quốc
4399,CMC,ngon-ngu-trung-quoc,A00,Điểm thi THPT,2025,25.45,Ngôn ngữ Trung Quốc
4400,CMC,ngon-ngu-trung-quoc,A01,Điểm thi THPT,2025,25.45,Ngôn ngữ Trung Quốc
4401,CMC,ngon-ngu-trung-quoc,A02,Điểm thi THPT,2025,25.45,Ngôn ngữ Trung Quốc
4402,CMC,ngon-ngu-trung-quoc,A03,Điểm thi THPT,2025,25.45,Ngôn ngữ Trung Quốc
4403,CMC,ngon-ngu-trung-quoc,A04,Điểm thi THPT,2025,25.45,Ngôn ngữ Trung Quốc
4404,CMC,ngon-ngu-trung-quoc,A05,Điểm thi THPT,2025,25.45,Ngôn ngữ Trung Quốc
4405,CMC,ngon-ngu-trung-quoc,A06,Điểm thi THPT,2025,25.45,Ngôn ngữ Trung Quốc
4406,CMC,ngon-ngu-trung-quoc,A07,Điểm thi THPT,2025,25.45,Ngôn ngữ Trung Quốc
4407,CMC,ngon-ngu-trung-quoc,A08,Điểm thi THPT,2025,25.45,Ngôn ngữ Trung Quốc
4408,CMC,ngon-ngu-trung-quoc,A09,Điểm thi THPT,2025,25.45,Ngôn ngữ Trung Quốc
4409,CMC,ngon-ngu-trung-quoc,A10,Điểm thi THPT,2025,25.45,Ngôn ngữ Trung Quốc
4410,CMC,ngon-ngu-trung-quoc,A11,Điểm thi THPT,2025,25.45,Ngôn ngữ Trung Quốc
4411,CMC,ngon-ngu-trung-quoc,A12,Điểm thi THPT,2025,25.45,Ngôn ngữ Trung Quốc
4412,CMC,ngon-ngu-trung-quoc,A13,Điểm thi THPT,2025,25.45,Ngôn ngữ Trung Quốc
4413,CMC,ngon-ngu-trung-quoc,A14,Điểm thi THPT,2025,25.45,Ngôn ngữ Trung Quốc
4414,CMC,ngon-ngu-trung-quoc,A15,Điểm thi THPT,2025,25.45,Ngôn ngữ Trung Quốc
4415,CMC,ngon-ngu-trung-quoc,A16,Điểm thi THPT,2025,25.45,Ngôn ngữ Trung Quốc
4416,CMC,ngon-ngu-trung-quoc,A17,Điểm thi THPT,2025,25.45,Ngôn ngữ Trung Quốc
4417,CMC,ngon-ngu-trung-quoc,A18,Điểm thi THPT,2025,25.45,Ngôn ngữ Trung Quốc
4418,CMC,ngon-ngu-trung-quoc,B00,Điểm thi THPT,2025,25.45,Ngôn ngữ Trung Quốc
4419,CMC,ngon-ngu-trung-quoc,B01,Điểm thi THPT,2025,25.45,Ngôn ngữ Trung Quốc
4420,CMC,ngon-ngu-trung-quoc,B02,Điểm thi THPT,2025,25.45,Ngôn ngữ Trung Quốc
4421,CMC,ngon-ngu-trung-quoc,B03,Điểm thi THPT,2025,25.45,Ngôn ngữ Trung Quốc
4422,CMC,ngon-ngu-trung-quoc,B04,Điểm thi THPT,2025,25.45,Ngôn ngữ Trung Quốc
4423,CMC,ngon-ngu-trung-quoc,B05,Điểm thi THPT,2025,25.45,Ngôn ngữ Trung Quốc
4424,CMC,ngon-ngu-trung-quoc,B08,Điểm thi THPT,2025,25.45,Ngôn ngữ Trung Quốc
4425,CMC,ngon-ngu-trung-quoc,C00,Điểm thi THPT,2025,25.45,Ngôn ngữ Trung Quốc
4426,CMC,ngon-ngu-trung-quoc,C01,Điểm thi THPT,2025,25.45,Ngôn ngữ Trung Quốc
4427,CMC,ngon-ngu-trung-quoc,C02,Điểm thi THPT,2025,25.45,Ngôn ngữ Trung Quốc
4428,CMC,ngon-ngu-trung-quoc,C03,Điểm thi THPT,2025,25.45,Ngôn ngữ Trung Quốc
4429,CMC,ngon-ngu-trung-quoc,C04,Điểm thi THPT,2025,25.45,Ngôn ngữ Trung Quốc
4430,CMC,ngon-ngu-trung-quoc,C05,Điểm thi THPT,2025,25.45,Ngôn ngữ Trung Quốc
4431,CMC,ngon-ngu-trung-quoc,C06,Điểm thi THPT,2025,25.45,Ngôn ngữ Trung Quốc
4432,CMC,ngon-ngu-trung-quoc,C07,Điểm thi THPT,2025,25.45,Ngôn ngữ Trung Quốc
4433,CMC,ngon-ngu-trung-quoc,C08,Điểm thi THPT,2025,25.45,Ngôn ngữ Trung Quốc
4434,CMC,ngon-ngu-trung-quoc,C09,Điểm thi THPT,2025,25.45,Ngôn ngữ Trung Quốc
4435,CMC,ngon-ngu-trung-quoc,C10,Điểm thi THPT,2025,25.45,Ngôn ngữ Trung Quốc
4436,CMC,ngon-ngu-trung-quoc,C11,Điểm thi THPT,2025,25.45,Ngôn ngữ Trung Quốc
4437,CMC,ngon-ngu-trung-quoc,C12,Điểm thi THPT,2025,25.45,Ngôn ngữ Trung Quốc
4438,CMC,ngon-ngu-trung-quoc,C13,Điểm thi THPT,2025,25.45,Ngôn ngữ Trung Quốc
4439,CMC,ngon-ngu-trung-quoc,C14,Điểm thi THPT,2025,25.45,Ngôn ngữ Trung Quốc
4440,CMC,ngon-ngu-trung-quoc,C15,Điểm thi THPT,2025,25.45,Ngôn ngữ Trung Quốc
4441,CMC,ngon-ngu-trung-quoc,C16,Điểm thi THPT,2025,25.45,Ngôn ngữ Trung Quốc
4442,CMC,quan-tri-kinh-doanh,A00,Điểm thi THPT,2022,22.0,Quản trị kinh doanh
4443,CMC,quan-tri-kinh-doanh,A01,Điểm thi THPT,2022,22.0,Quản trị kinh doanh
4444,CMC,quan-tri-kinh-doanh,C00,Điểm thi THPT,2022,22.0,Quản trị kinh doanh
4445,CMC,quan-tri-kinh-doanh,D01,Điểm thi THPT,2022,22.0,Quản trị kinh doanh
4446,CMC,quan-tri-kinh-doanh,A00,Điểm học bạ,2023,22.5,Quản trị kinh doanh
4447,CMC,quan-tri-kinh-doanh,A01,Điểm học bạ,2023,22.5,Quản trị kinh doanh
4448,CMC,quan-tri-kinh-doanh,C00,Điểm học bạ,2023,22.5,Quản trị kinh doanh
4449,CMC,quan-tri-kinh-doanh,D00,Điểm học bạ,2023,22.5,Quản trị kinh doanh
4450,CMC,quan-tri-kinh-doanh,A00,Điểm thi THPT,2023,22.5,Quản trị kinh doanh
4451,CMC,quan-tri-kinh-doanh,A01,Điểm thi THPT,2023,22.5,Quản trị kinh doanh
4452,CMC,quan-tri-kinh-doanh,C00,Điểm thi THPT,2023,22.5,Quản trị kinh doanh
4453,CMC,quan-tri-kinh-doanh,D00,Điểm thi THPT,2023,22.5,Quản trị kinh doanh
4454,CMC,quan-tri-kinh-doanh,A00,Điểm học bạ,2024,22.5,Quản trị Kinh doanh
4455,CMC,quan-tri-kinh-doanh,A01,Điểm học bạ,2024,22.5,Quản trị Kinh doanh
4456,CMC,quan-tri-kinh-doanh,C00,Điểm học bạ,2024,22.5,Quản trị Kinh doanh
4457,CMC,quan-tri-kinh-doanh,D01,Điểm học bạ,2024,22.5,Quản trị Kinh doanh
4458,CMC,quan-tri-kinh-doanh,A00,Điểm thi THPT,2024,22.5,Quản trị Kinh doanh
4459,CMC,quan-tri-kinh-doanh,A01,Điểm thi THPT,2024,22.5,Quản trị Kinh doanh
4460,CMC,quan-tri-kinh-doanh,C00,Điểm thi THPT,2024,22.5,Quản trị Kinh doanh
4461,CMC,quan-tri-kinh-doanh,D01,Điểm thi THPT,2024,22.5,Quản trị Kinh doanh
4462,CMC,quan-tri-kinh-doanh,A00,Điểm học bạ,2025,29.1,Quản trị Kinh doanh
4463,CMC,quan-tri-kinh-doanh,A01,Điểm học bạ,2025,29.1,Quản trị Kinh doanh
4464,CMC,quan-tri-kinh-doanh,A02,Điểm học bạ,2025,29.1,Quản trị Kinh doanh
4465,CMC,quan-tri-kinh-doanh,A03,Điểm học bạ,2025,29.1,Quản trị Kinh doanh
4466,CMC,quan-tri-kinh-doanh,A04,Điểm học bạ,2025,29.1,Quản trị Kinh doanh
4467,CMC,quan-tri-kinh-doanh,A05,Điểm học bạ,2025,29.1,Quản trị Kinh doanh
4468,CMC,quan-tri-kinh-doanh,A06,Điểm học bạ,2025,29.1,Quản trị Kinh doanh
4469,CMC,quan-tri-kinh-doanh,A07,Điểm học bạ,2025,29.1,Quản trị Kinh doanh
4470,CMC,quan-tri-kinh-doanh,A08,Điểm học bạ,2025,29.1,Quản trị Kinh doanh
4471,CMC,quan-tri-kinh-doanh,A09,Điểm học bạ,2025,29.1,Quản trị Kinh doanh
4472,CMC,quan-tri-kinh-doanh,A10,Điểm học bạ,2025,29.1,Quản trị Kinh doanh
4473,CMC,quan-tri-kinh-doanh,A11,Điểm học bạ,2025,29.1,Quản trị Kinh doanh
4474,CMC,quan-tri-kinh-doanh,A12,Điểm học bạ,2025,29.1,Quản trị Kinh doanh
4475,CMC,quan-tri-kinh-doanh,A13,Điểm học bạ,2025,29.1,Quản trị Kinh doanh
4476,CMC,quan-tri-kinh-doanh,A14,Điểm học bạ,2025,29.1,Quản trị Kinh doanh
4477,CMC,quan-tri-kinh-doanh,A15,Điểm học bạ,2025,29.1,Quản trị Kinh doanh
4478,CMC,quan-tri-kinh-doanh,A16,Điểm học bạ,2025,29.1,Quản trị Kinh doanh
4479,CMC,quan-tri-kinh-doanh,A17,Điểm học bạ,2025,29.1,Quản trị Kinh doanh
4480,CMC,quan-tri-kinh-doanh,A18,Điểm học bạ,2025,29.1,Quản trị Kinh doanh
4481,CMC,quan-tri-kinh-doanh,B00,Điểm học bạ,2025,29.1,Quản trị Kinh doanh
4482,CMC,quan-tri-kinh-doanh,B01,Điểm học bạ,2025,29.1,Quản trị Kinh doanh
4483,CMC,quan-tri-kinh-doanh,B02,Điểm học bạ,2025,29.1,Quản trị Kinh doanh
4484,CMC,quan-tri-kinh-doanh,B03,Điểm học bạ,2025,29.1,Quản trị Kinh doanh
4485,CMC,quan-tri-kinh-doanh,B04,Điểm học bạ,2025,29.1,Quản trị Kinh doanh
4486,CMC,quan-tri-kinh-doanh,B05,Điểm học bạ,2025,29.1,Quản trị Kinh doanh
4487,CMC,quan-tri-kinh-doanh,B08,Điểm học bạ,2025,29.1,Quản trị Kinh doanh
4488,CMC,quan-tri-kinh-doanh,C00,Điểm học bạ,2025,29.1,Quản trị Kinh doanh
4489,CMC,quan-tri-kinh-doanh,C01,Điểm học bạ,2025,29.1,Quản trị Kinh doanh
4490,CMC,quan-tri-kinh-doanh,C02,Điểm học bạ,2025,29.1,Quản trị Kinh doanh
4491,CMC,quan-tri-kinh-doanh,C03,Điểm học bạ,2025,29.1,Quản trị Kinh doanh
4492,CMC,quan-tri-kinh-doanh,C04,Điểm học bạ,2025,29.1,Quản trị Kinh doanh
4493,CMC,quan-tri-kinh-doanh,C05,Điểm học bạ,2025,29.1,Quản trị Kinh doanh
4494,CMC,quan-tri-kinh-doanh,C06,Điểm học bạ,2025,29.1,Quản trị Kinh doanh
4495,CMC,quan-tri-kinh-doanh,C07,Điểm học bạ,2025,29.1,Quản trị Kinh doanh
4496,CMC,quan-tri-kinh-doanh,C08,Điểm học bạ,2025,29.1,Quản trị Kinh doanh
4497,CMC,quan-tri-kinh-doanh,C09,Điểm học bạ,2025,29.1,Quản trị Kinh doanh
4498,CMC,quan-tri-kinh-doanh,C10,Điểm học bạ,2025,29.1,Quản trị Kinh doanh
4499,CMC,quan-tri-kinh-doanh,C11,Điểm học bạ,2025,29.1,Quản trị Kinh doanh
4500,CMC,quan-tri-kinh-doanh,C12,Điểm học bạ,2025,29.1,Quản trị Kinh doanh
4501,CMC,quan-tri-kinh-doanh,C13,Điểm học bạ,2025,29.1,Quản trị Kinh doanh
4502,CMC,quan-tri-kinh-doanh,C14,Điểm học bạ,2025,29.1,Quản trị Kinh doanh
4503,CMC,quan-tri-kinh-doanh,C15,Điểm học bạ,2025,29.1,Quản trị Kinh doanh
4504,CMC,quan-tri-kinh-doanh,C16,Điểm học bạ,2025,29.1,Quản trị Kinh doanh
4505,CMC,quan-tri-kinh-doanh,A00,Điểm thi THPT,2025,26.1,Quản trị Kinh doanh
4506,CMC,quan-tri-kinh-doanh,A01,Điểm thi THPT,2025,26.1,Quản trị Kinh doanh
4507,CMC,quan-tri-kinh-doanh,A02,Điểm thi THPT,2025,26.1,Quản trị Kinh doanh
4508,CMC,quan-tri-kinh-doanh,A03,Điểm thi THPT,2025,26.1,Quản trị Kinh doanh
4509,CMC,quan-tri-kinh-doanh,A04,Điểm thi THPT,2025,26.1,Quản trị Kinh doanh
4510,CMC,quan-tri-kinh-doanh,A05,Điểm thi THPT,2025,26.1,Quản trị Kinh doanh
4511,CMC,quan-tri-kinh-doanh,A06,Điểm thi THPT,2025,26.1,Quản trị Kinh doanh
4512,CMC,quan-tri-kinh-doanh,A07,Điểm thi THPT,2025,26.1,Quản trị Kinh doanh
4513,CMC,quan-tri-kinh-doanh,A08,Điểm thi THPT,2025,26.1,Quản trị Kinh doanh
4514,CMC,quan-tri-kinh-doanh,A09,Điểm thi THPT,2025,26.1,Quản trị Kinh doanh
4515,CMC,quan-tri-kinh-doanh,A10,Điểm thi THPT,2025,26.1,Quản trị Kinh doanh
4516,CMC,quan-tri-kinh-doanh,A11,Điểm thi THPT,2025,26.1,Quản trị Kinh doanh
4517,CMC,quan-tri-kinh-doanh,A12,Điểm thi THPT,2025,26.1,Quản trị Kinh doanh
4518,CMC,quan-tri-kinh-doanh,A13,Điểm thi THPT,2025,26.1,Quản trị Kinh doanh
4519,CMC,quan-tri-kinh-doanh,A14,Điểm thi THPT,2025,26.1,Quản trị Kinh doanh
4520,CMC,quan-tri-kinh-doanh,A15,Điểm thi THPT,2025,26.1,Quản trị Kinh doanh
4521,CMC,quan-tri-kinh-doanh,A16,Điểm thi THPT,2025,26.1,Quản trị Kinh doanh
4522,CMC,quan-tri-kinh-doanh,A17,Điểm thi THPT,2025,26.1,Quản trị Kinh doanh
4523,CMC,quan-tri-kinh-doanh,A18,Điểm thi THPT,2025,26.1,Quản trị Kinh doanh
4524,CMC,quan-tri-kinh-doanh,B00,Điểm thi THPT,2025,26.1,Quản trị Kinh doanh
4525,CMC,quan-tri-kinh-doanh,B01,Điểm thi THPT,2025,26.1,Quản trị Kinh doanh
4526,CMC,quan-tri-kinh-doanh,B02,Điểm thi THPT,2025,26.1,Quản trị Kinh doanh
4527,CMC,quan-tri-kinh-doanh,B03,Điểm thi THPT,2025,26.1,Quản trị Kinh doanh
4528,CMC,quan-tri-kinh-doanh,B04,Điểm thi THPT,2025,26.1,Quản trị Kinh doanh
4529,CMC,quan-tri-kinh-doanh,B05,Điểm thi THPT,2025,26.1,Quản trị Kinh doanh
4530,CMC,quan-tri-kinh-doanh,B08,Điểm thi THPT,2025,26.1,Quản trị Kinh doanh
4531,CMC,quan-tri-kinh-doanh,C00,Điểm thi THPT,2025,26.1,Quản trị Kinh doanh
4532,CMC,quan-tri-kinh-doanh,C01,Điểm thi THPT,2025,26.1,Quản trị Kinh doanh
4533,CMC,quan-tri-kinh-doanh,C02,Điểm thi THPT,2025,26.1,Quản trị Kinh doanh
4534,CMC,quan-tri-kinh-doanh,C03,Điểm thi THPT,2025,26.1,Quản trị Kinh doanh
4535,CMC,quan-tri-kinh-doanh,C04,Điểm thi THPT,2025,26.1,Quản trị Kinh doanh
4536,CMC,quan-tri-kinh-doanh,C05,Điểm thi THPT,2025,26.1,Quản trị Kinh doanh
4537,CMC,quan-tri-kinh-doanh,C06,Điểm thi THPT,2025,26.1,Quản trị Kinh doanh
4538,CMC,quan-tri-kinh-doanh,C07,Điểm thi THPT,2025,26.1,Quản trị Kinh doanh
4539,CMC,quan-tri-kinh-doanh,C08,Điểm thi THPT,2025,26.1,Quản trị Kinh doanh
4540,CMC,quan-tri-kinh-doanh,C09,Điểm thi THPT,2025,26.1,Quản trị Kinh doanh
4541,CMC,quan-tri-kinh-doanh,C10,Điểm thi THPT,2025,26.1,Quản trị Kinh doanh
4542,CMC,quan-tri-kinh-doanh,C11,Điểm thi THPT,2025,26.1,Quản trị Kinh doanh
4543,CMC,quan-tri-kinh-doanh,C12,Điểm thi THPT,2025,26.1,Quản trị Kinh doanh
4544,CMC,quan-tri-kinh-doanh,C13,Điểm thi THPT,2025,26.1,Quản trị Kinh doanh
4545,CMC,quan-tri-kinh-doanh,C14,Điểm thi THPT,2025,26.1,Quản trị Kinh doanh
4546,CMC,quan-tri-kinh-doanh,C15,Điểm thi THPT,2025,26.1,Quản trị Kinh doanh
4547,CMC,quan-tri-kinh-doanh,C16,Điểm thi THPT,2025,26.1,Quản trị Kinh doanh
4548,CMC,thiet-ke-do-hoa,H00,Điểm thi THPT,2021,14.0,Thiết kế Đồ họa
4549,CMC,thiet-ke-do-hoa,H05,Điểm thi THPT,2021,14.0,Thiết kế Đồ họa
4550,CMC,thiet-ke-do-hoa,H06,Điểm thi THPT,2021,14.0,Thiết kế Đồ họa
4551,CMC,thiet-ke-do-hoa,H07,Điểm thi THPT,2021,14.0,Thiết kế Đồ họa
4552,CMC,thiet-ke-do-hoa,A00,Điểm thi THPT,2022,22.0,Thiết kế đồ họa
4553,CMC,thiet-ke-do-hoa,A01,Điểm thi THPT,2022,22.0,Thiết kế đồ họa
4554,CMC,thiet-ke-do-hoa,C01,Điểm thi THPT,2022,22.0,Thiết kế đồ họa
4555,CMC,thiet-ke-do-hoa,D90,Điểm thi THPT,2022,22.0,Thiết kế đồ họa
4556,CMC,thiet-ke-do-hoa,A00,Điểm học bạ,2023,22.5,Thiết kế đồ họa
4557,CMC,thiet-ke-do-hoa,A01,Điểm học bạ,2023,22.5,Thiết kế đồ họa
4558,CMC,thiet-ke-do-hoa,C00,Điểm học bạ,2023,22.5,Thiết kế đồ họa
4559,CMC,thiet-ke-do-hoa,D90,Điểm học bạ,2023,22.5,Thiết kế đồ họa
4560,CMC,thiet-ke-do-hoa,A00,Điểm thi THPT,2023,22.5,Thiết kế đồ họa
4561,CMC,thiet-ke-do-hoa,A01,Điểm thi THPT,2023,22.5,Thiết kế đồ họa
4562,CMC,thiet-ke-do-hoa,C00,Điểm thi THPT,2023,22.5,Thiết kế đồ họa
4563,CMC,thiet-ke-do-hoa,D90,Điểm thi THPT,2023,22.5,Thiết kế đồ họa
4564,CMC,thiet-ke-do-hoa,A00,Điểm học bạ,2024,22.0,Thiết kế Đồ hoạ
4565,CMC,thiet-ke-do-hoa,A01,Điểm học bạ,2024,22.0,Thiết kế Đồ hoạ
4566,CMC,thiet-ke-do-hoa,C01,Điểm học bạ,2024,22.0,Thiết kế Đồ hoạ
4567,CMC,thiet-ke-do-hoa,D90,Điểm học bạ,2024,22.0,Thiết kế Đồ hoạ
4568,CMC,thiet-ke-do-hoa,A00,Điểm thi THPT,2024,22.0,Thiết kế Đồ hoạ
4569,CMC,thiet-ke-do-hoa,A01,Điểm thi THPT,2024,22.0,Thiết kế Đồ hoạ
4570,CMC,thiet-ke-do-hoa,C01,Điểm thi THPT,2024,22.0,Thiết kế Đồ hoạ
4571,CMC,thiet-ke-do-hoa,D90,Điểm thi THPT,2024,22.0,Thiết kế Đồ hoạ
4572,CMC,thiet-ke-do-hoa,A00,Điểm học bạ,2025,27.4,Thiết kế Đồ họa
4573,CMC,thiet-ke-do-hoa,A01,Điểm học bạ,2025,27.4,Thiết kế Đồ họa
4574,CMC,thiet-ke-do-hoa,A02,Điểm học bạ,2025,27.4,Thiết kế Đồ họa
4575,CMC,thiet-ke-do-hoa,A03,Điểm học bạ,2025,27.4,Thiết kế Đồ họa
4576,CMC,thiet-ke-do-hoa,A04,Điểm học bạ,2025,27.4,Thiết kế Đồ họa
4577,CMC,thiet-ke-do-hoa,A05,Điểm học bạ,2025,27.4,Thiết kế Đồ họa
4578,CMC,thiet-ke-do-hoa,A06,Điểm học bạ,2025,27.4,Thiết kế Đồ họa
4579,CMC,thiet-ke-do-hoa,A07,Điểm học bạ,2025,27.4,Thiết kế Đồ họa
4580,CMC,thiet-ke-do-hoa,A08,Điểm học bạ,2025,27.4,Thiết kế Đồ họa
4581,CMC,thiet-ke-do-hoa,A09,Điểm học bạ,2025,27.4,Thiết kế Đồ họa
4582,CMC,thiet-ke-do-hoa,A10,Điểm học bạ,2025,27.4,Thiết kế Đồ họa
4583,CMC,thiet-ke-do-hoa,A11,Điểm học bạ,2025,27.4,Thiết kế Đồ họa
4584,CMC,thiet-ke-do-hoa,A12,Điểm học bạ,2025,27.4,Thiết kế Đồ họa
4585,CMC,thiet-ke-do-hoa,A13,Điểm học bạ,2025,27.4,Thiết kế Đồ họa
4586,CMC,thiet-ke-do-hoa,A14,Điểm học bạ,2025,27.4,Thiết kế Đồ họa
4587,CMC,thiet-ke-do-hoa,A15,Điểm học bạ,2025,27.4,Thiết kế Đồ họa
4588,CMC,thiet-ke-do-hoa,A16,Điểm học bạ,2025,27.4,Thiết kế Đồ họa
4589,CMC,thiet-ke-do-hoa,A17,Điểm học bạ,2025,27.4,Thiết kế Đồ họa
4590,CMC,thiet-ke-do-hoa,A18,Điểm học bạ,2025,27.4,Thiết kế Đồ họa
4591,CMC,thiet-ke-do-hoa,B00,Điểm học bạ,2025,27.4,Thiết kế Đồ họa
4592,CMC,thiet-ke-do-hoa,B01,Điểm học bạ,2025,27.4,Thiết kế Đồ họa
4593,CMC,thiet-ke-do-hoa,B02,Điểm học bạ,2025,27.4,Thiết kế Đồ họa
4594,CMC,thiet-ke-do-hoa,B03,Điểm học bạ,2025,27.4,Thiết kế Đồ họa
4595,CMC,thiet-ke-do-hoa,B04,Điểm học bạ,2025,27.4,Thiết kế Đồ họa
4596,CMC,thiet-ke-do-hoa,B05,Điểm học bạ,2025,27.4,Thiết kế Đồ họa
4597,CMC,thiet-ke-do-hoa,B08,Điểm học bạ,2025,27.4,Thiết kế Đồ họa
4598,CMC,thiet-ke-do-hoa,C00,Điểm học bạ,2025,27.4,Thiết kế Đồ họa
4599,CMC,thiet-ke-do-hoa,C01,Điểm học bạ,2025,27.4,Thiết kế Đồ họa
4600,CMC,thiet-ke-do-hoa,C02,Điểm học bạ,2025,27.4,Thiết kế Đồ họa
4601,CMC,thiet-ke-do-hoa,C03,Điểm học bạ,2025,27.4,Thiết kế Đồ họa
4602,CMC,thiet-ke-do-hoa,C04,Điểm học bạ,2025,27.4,Thiết kế Đồ họa
4603,CMC,thiet-ke-do-hoa,C05,Điểm học bạ,2025,27.4,Thiết kế Đồ họa
4604,CMC,thiet-ke-do-hoa,C06,Điểm học bạ,2025,27.4,Thiết kế Đồ họa
4605,CMC,thiet-ke-do-hoa,C07,Điểm học bạ,2025,27.4,Thiết kế Đồ họa
4606,CMC,thiet-ke-do-hoa,C08,Điểm học bạ,2025,27.4,Thiết kế Đồ họa
4607,CMC,thiet-ke-do-hoa,C09,Điểm học bạ,2025,27.4,Thiết kế Đồ họa
4608,CMC,thiet-ke-do-hoa,C10,Điểm học bạ,2025,27.4,Thiết kế Đồ họa
4609,CMC,thiet-ke-do-hoa,C11,Điểm học bạ,2025,27.4,Thiết kế Đồ họa
4610,CMC,thiet-ke-do-hoa,C12,Điểm học bạ,2025,27.4,Thiết kế Đồ họa
4611,CMC,thiet-ke-do-hoa,C13,Điểm học bạ,2025,27.4,Thiết kế Đồ họa
4612,CMC,thiet-ke-do-hoa,C14,Điểm học bạ,2025,27.4,Thiết kế Đồ họa
4613,CMC,thiet-ke-do-hoa,C15,Điểm học bạ,2025,27.4,Thiết kế Đồ họa
4614,CMC,thiet-ke-do-hoa,C16,Điểm học bạ,2025,27.4,Thiết kế Đồ họa
4615,CMC,thiet-ke-do-hoa,A00,Điểm thi THPT,2025,24.25,Thiết kế Đồ họa
4616,CMC,thiet-ke-do-hoa,A01,Điểm thi THPT,2025,24.25,Thiết kế Đồ họa
4617,CMC,thiet-ke-do-hoa,A02,Điểm thi THPT,2025,24.25,Thiết kế Đồ họa
4618,CMC,thiet-ke-do-hoa,A03,Điểm thi THPT,2025,24.25,Thiết kế Đồ họa
4619,CMC,thiet-ke-do-hoa,A04,Điểm thi THPT,2025,24.25,Thiết kế Đồ họa
4620,CMC,thiet-ke-do-hoa,A05,Điểm thi THPT,2025,24.25,Thiết kế Đồ họa
4621,CMC,thiet-ke-do-hoa,A06,Điểm thi THPT,2025,24.25,Thiết kế Đồ họa
4622,CMC,thiet-ke-do-hoa,A07,Điểm thi THPT,2025,24.25,Thiết kế Đồ họa
4623,CMC,thiet-ke-do-hoa,A08,Điểm thi THPT,2025,24.25,Thiết kế Đồ họa
4624,CMC,thiet-ke-do-hoa,A09,Điểm thi THPT,2025,24.25,Thiết kế Đồ họa
4625,CMC,thiet-ke-do-hoa,A10,Điểm thi THPT,2025,24.25,Thiết kế Đồ họa
4626,CMC,thiet-ke-do-hoa,A11,Điểm thi THPT,2025,24.25,Thiết kế Đồ họa
4627,CMC,thiet-ke-do-hoa,A12,Điểm thi THPT,2025,24.25,Thiết kế Đồ họa
4628,CMC,thiet-ke-do-hoa,A13,Điểm thi THPT,2025,24.25,Thiết kế Đồ họa
4629,CMC,thiet-ke-do-hoa,A14,Điểm thi THPT,2025,24.25,Thiết kế Đồ họa
4630,CMC,thiet-ke-do-hoa,A15,Điểm thi THPT,2025,24.25,Thiết kế Đồ họa
4631,CMC,thiet-ke-do-hoa,A16,Điểm thi THPT,2025,24.25,Thiết kế Đồ họa
4632,CMC,thiet-ke-do-hoa,A17,Điểm thi THPT,2025,24.25,Thiết kế Đồ họa
4633,CMC,thiet-ke-do-hoa,A18,Điểm thi THPT,2025,24.25,Thiết kế Đồ họa
4634,CMC,thiet-ke-do-hoa,B00,Điểm thi THPT,2025,24.25,Thiết kế Đồ họa
4635,CMC,thiet-ke-do-hoa,B01,Điểm thi THPT,2025,24.25,Thiết kế Đồ họa
4636,CMC,thiet-ke-do-hoa,B02,Điểm thi THPT,2025,24.25,Thiết kế Đồ họa
4637,CMC,thiet-ke-do-hoa,B03,Điểm thi THPT,2025,24.25,Thiết kế Đồ họa
4638,CMC,thiet-ke-do-hoa,B04,Điểm thi THPT,2025,24.25,Thiết kế Đồ họa
4639,CMC,thiet-ke-do-hoa,B05,Điểm thi THPT,2025,24.25,Thiết kế Đồ họa
4640,CMC,thiet-ke-do-hoa,B08,Điểm thi THPT,2025,24.25,Thiết kế Đồ họa
4641,CMC,thiet-ke-do-hoa,C00,Điểm thi THPT,2025,24.25,Thiết kế Đồ họa
4642,CMC,thiet-ke-do-hoa,C01,Điểm thi THPT,2025,24.25,Thiết kế Đồ họa
4643,CMC,thiet-ke-do-hoa,C02,Điểm thi THPT,2025,24.25,Thiết kế Đồ họa
4644,CMC,thiet-ke-do-hoa,C03,Điểm thi THPT,2025,24.25,Thiết kế Đồ họa
4645,CMC,thiet-ke-do-hoa,C04,Điểm thi THPT,2025,24.25,Thiết kế Đồ họa
4646,CMC,thiet-ke-do-hoa,C05,Điểm thi THPT,2025,24.25,Thiết kế Đồ họa
4647,CMC,thiet-ke-do-hoa,C06,Điểm thi THPT,2025,24.25,Thiết kế Đồ họa
4648,CMC,thiet-ke-do-hoa,C07,Điểm thi THPT,2025,24.25,Thiết kế Đồ họa
4649,CMC,thiet-ke-do-hoa,C08,Điểm thi THPT,2025,24.25,Thiết kế Đồ họa
4650,CMC,thiet-ke-do-hoa,C09,Điểm thi THPT,2025,24.25,Thiết kế Đồ họa
4651,CMC,thiet-ke-do-hoa,C10,Điểm thi THPT,2025,24.25,Thiết kế Đồ họa
4652,CMC,thiet-ke-do-hoa,C11,Điểm thi THPT,2025,24.25,Thiết kế Đồ họa
4653,CMC,thiet-ke-do-hoa,C12,Điểm thi THPT,2025,24.25,Thiết kế Đồ họa
4654,CMC,thiet-ke-do-hoa,C13,Điểm thi THPT,2025,24.25,Thiết kế Đồ họa
4655,CMC,thiet-ke-do-hoa,C14,Điểm thi THPT,2025,24.25,Thiết kế Đồ họa
4656,CMC,thiet-ke-do-hoa,C15,Điểm thi THPT,2025,24.25,Thiết kế Đồ họa
4657,CMC,thiet-ke-do-hoa,C16,Điểm thi THPT,2025,24.25,Thiết kế Đồ họa
4658,CMC,thiet-ke-noi-that,H00,Điểm thi THPT,2021,14.0,Thiết kế Nội thất
4659,CMC,thiet-ke-noi-that,H05,Điểm thi THPT,2021,14.0,Thiết kế Nội thất
4660,CMC,thiet-ke-noi-that,H06,Điểm thi THPT,2021,14.0,Thiết kế Nội thất
4661,CMC,thiet-ke-noi-that,H07,Điểm thi THPT,2021,14.0,Thiết kế Nội thất
4662,CMC,thiet-ke-thoi-trang,H00,Điểm thi THPT,2021,14.0,Thiết kế Thời trang
4663,CMC,thiet-ke-thoi-trang,H05,Điểm thi THPT,2021,14.0,Thiết kế Thời trang
4664,CMC,thiet-ke-thoi-trang,H06,Điểm thi THPT,2021,14.0,Thiết kế Thời trang
4665,CMC,thiet-ke-thoi-trang,H07,Điểm thi THPT,2021,14.0,Thiết kế Thời trang
4666,CMC,thuong-mai-dien-tu,A00,Điểm học bạ,2025,29.6,Thương mại điện tử
4667,CMC,thuong-mai-dien-tu,A01,Điểm học bạ,2025,29.6,Thương mại điện tử
4668,CMC,thuong-mai-dien-tu,A02,Điểm học bạ,2025,29.6,Thương mại điện tử
4669,CMC,thuong-mai-dien-tu,A03,Điểm học bạ,2025,29.6,Thương mại điện tử
4670,CMC,thuong-mai-dien-tu,A04,Điểm học bạ,2025,29.6,Thương mại điện tử
4671,CMC,thuong-mai-dien-tu,A05,Điểm học bạ,2025,29.6,Thương mại điện tử
4672,CMC,thuong-mai-dien-tu,A06,Điểm học bạ,2025,29.6,Thương mại điện tử
4673,CMC,thuong-mai-dien-tu,A07,Điểm học bạ,2025,29.6,Thương mại điện tử
4674,CMC,thuong-mai-dien-tu,A08,Điểm học bạ,2025,29.6,Thương mại điện tử
4675,CMC,thuong-mai-dien-tu,A09,Điểm học bạ,2025,29.6,Thương mại điện tử
4676,CMC,thuong-mai-dien-tu,A10,Điểm học bạ,2025,29.6,Thương mại điện tử
4677,CMC,thuong-mai-dien-tu,A11,Điểm học bạ,2025,29.6,Thương mại điện tử
4678,CMC,thuong-mai-dien-tu,A12,Điểm học bạ,2025,29.6,Thương mại điện tử
4679,CMC,thuong-mai-dien-tu,A13,Điểm học bạ,2025,29.6,Thương mại điện tử
4680,CMC,thuong-mai-dien-tu,A14,Điểm học bạ,2025,29.6,Thương mại điện tử
4681,CMC,thuong-mai-dien-tu,A15,Điểm học bạ,2025,29.6,Thương mại điện tử
4682,CMC,thuong-mai-dien-tu,A16,Điểm học bạ,2025,29.6,Thương mại điện tử
4683,CMC,thuong-mai-dien-tu,A17,Điểm học bạ,2025,29.6,Thương mại điện tử
4684,CMC,thuong-mai-dien-tu,A18,Điểm học bạ,2025,29.6,Thương mại điện tử
4685,CMC,thuong-mai-dien-tu,B00,Điểm học bạ,2025,29.6,Thương mại điện tử
4686,CMC,thuong-mai-dien-tu,B01,Điểm học bạ,2025,29.6,Thương mại điện tử
4687,CMC,thuong-mai-dien-tu,B02,Điểm học bạ,2025,29.6,Thương mại điện tử
4688,CMC,thuong-mai-dien-tu,B03,Điểm học bạ,2025,29.6,Thương mại điện tử
4689,CMC,thuong-mai-dien-tu,B04,Điểm học bạ,2025,29.6,Thương mại điện tử
4690,CMC,thuong-mai-dien-tu,B05,Điểm học bạ,2025,29.6,Thương mại điện tử
4691,CMC,thuong-mai-dien-tu,B08,Điểm học bạ,2025,29.6,Thương mại điện tử
4692,CMC,thuong-mai-dien-tu,C00,Điểm học bạ,2025,29.6,Thương mại điện tử
4693,CMC,thuong-mai-dien-tu,C01,Điểm học bạ,2025,29.6,Thương mại điện tử
4694,CMC,thuong-mai-dien-tu,C02,Điểm học bạ,2025,29.6,Thương mại điện tử
4695,CMC,thuong-mai-dien-tu,C03,Điểm học bạ,2025,29.6,Thương mại điện tử
4696,CMC,thuong-mai-dien-tu,C04,Điểm học bạ,2025,29.6,Thương mại điện tử
4697,CMC,thuong-mai-dien-tu,C05,Điểm học bạ,2025,29.6,Thương mại điện tử
4698,CMC,thuong-mai-dien-tu,C06,Điểm học bạ,2025,29.6,Thương mại điện tử
4699,CMC,thuong-mai-dien-tu,C07,Điểm học bạ,2025,29.6,Thương mại điện tử
4700,CMC,thuong-mai-dien-tu,C08,Điểm học bạ,2025,29.6,Thương mại điện tử
4701,CMC,thuong-mai-dien-tu,C09,Điểm học bạ,2025,29.6,Thương mại điện tử
4702,CMC,thuong-mai-dien-tu,C10,Điểm học bạ,2025,29.6,Thương mại điện tử
4703,CMC,thuong-mai-dien-tu,C11,Điểm học bạ,2025,29.6,Thương mại điện tử
4704,CMC,thuong-mai-dien-tu,C12,Điểm học bạ,2025,29.6,Thương mại điện tử
4705,CMC,thuong-mai-dien-tu,C13,Điểm học bạ,2025,29.6,Thương mại điện tử
4706,CMC,thuong-mai-dien-tu,C14,Điểm học bạ,2025,29.6,Thương mại điện tử
4707,CMC,thuong-mai-dien-tu,C15,Điểm học bạ,2025,29.6,Thương mại điện tử
4708,CMC,thuong-mai-dien-tu,C16,Điểm học bạ,2025,29.6,Thương mại điện tử
4709,CMC,thuong-mai-dien-tu,A00,Điểm thi THPT,2025,26.7,Thương mại điện tử
4710,CMC,thuong-mai-dien-tu,A01,Điểm thi THPT,2025,26.7,Thương mại điện tử
4711,CMC,thuong-mai-dien-tu,A02,Điểm thi THPT,2025,26.7,Thương mại điện tử
4712,CMC,thuong-mai-dien-tu,A03,Điểm thi THPT,2025,26.7,Thương mại điện tử
4713,CMC,thuong-mai-dien-tu,A04,Điểm thi THPT,2025,26.7,Thương mại điện tử
4714,CMC,thuong-mai-dien-tu,A05,Điểm thi THPT,2025,26.7,Thương mại điện tử
4715,CMC,thuong-mai-dien-tu,A06,Điểm thi THPT,2025,26.7,Thương mại điện tử
4716,CMC,thuong-mai-dien-tu,A07,Điểm thi THPT,2025,26.7,Thương mại điện tử
4717,CMC,thuong-mai-dien-tu,A08,Điểm thi THPT,2025,26.7,Thương mại điện tử
4718,CMC,thuong-mai-dien-tu,A09,Điểm thi THPT,2025,26.7,Thương mại điện tử
4719,CMC,thuong-mai-dien-tu,A10,Điểm thi THPT,2025,26.7,Thương mại điện tử
4720,CMC,thuong-mai-dien-tu,A11,Điểm thi THPT,2025,26.7,Thương mại điện tử
4721,CMC,thuong-mai-dien-tu,A12,Điểm thi THPT,2025,26.7,Thương mại điện tử
4722,CMC,thuong-mai-dien-tu,A13,Điểm thi THPT,2025,26.7,Thương mại điện tử
4723,CMC,thuong-mai-dien-tu,A14,Điểm thi THPT,2025,26.7,Thương mại điện tử
4724,CMC,thuong-mai-dien-tu,A15,Điểm thi THPT,2025,26.7,Thương mại điện tử
4725,CMC,thuong-mai-dien-tu,A16,Điểm thi THPT,2025,26.7,Thương mại điện tử
4726,CMC,thuong-mai-dien-tu,A17,Điểm thi THPT,2025,26.7,Thương mại điện tử
4727,CMC,thuong-mai-dien-tu,A18,Điểm thi THPT,2025,26.7,Thương mại điện tử
4728,CMC,thuong-mai-dien-tu,B00,Điểm thi THPT,2025,26.7,Thương mại điện tử
4729,CMC,thuong-mai-dien-tu,B01,Điểm thi THPT,2025,26.7,Thương mại điện tử
4730,CMC,thuong-mai-dien-tu,B02,Điểm thi THPT,2025,26.7,Thương mại điện tử
4731,CMC,thuong-mai-dien-tu,B03,Điểm thi THPT,2025,26.7,Thương mại điện tử
4732,CMC,thuong-mai-dien-tu,B04,Điểm thi THPT,2025,26.7,Thương mại điện tử
4733,CMC,thuong-mai-dien-tu,B05,Điểm thi THPT,2025,26.7,Thương mại điện tử
4734,CMC,thuong-mai-dien-tu,B08,Điểm thi THPT,2025,26.7,Thương mại điện tử
4735,CMC,thuong-mai-dien-tu,C00,Điểm thi THPT,2025,26.7,Thương mại điện tử
4736,CMC,thuong-mai-dien-tu,C01,Điểm thi THPT,2025,26.7,Thương mại điện tử
4737,CMC,thuong-mai-dien-tu,C02,Điểm thi THPT,2025,26.7,Thương mại điện tử
4738,CMC,thuong-mai-dien-tu,C03,Điểm thi THPT,2025,26.7,Thương mại điện tử
4739,CMC,thuong-mai-dien-tu,C04,Điểm thi THPT,2025,26.7,Thương mại điện tử
4740,CMC,thuong-mai-dien-tu,C05,Điểm thi THPT,2025,26.7,Thương mại điện tử
4741,CMC,thuong-mai-dien-tu,C06,Điểm thi THPT,2025,26.7,Thương mại điện tử
4742,CMC,thuong-mai-dien-tu,C07,Điểm thi THPT,2025,26.7,Thương mại điện tử
4743,CMC,thuong-mai-dien-tu,C08,Điểm thi THPT,2025,26.7,Thương mại điện tử
4744,CMC,thuong-mai-dien-tu,C09,Điểm thi THPT,2025,26.7,Thương mại điện tử
4745,CMC,thuong-mai-dien-tu,C10,Điểm thi THPT,2025,26.7,Thương mại điện tử
4746,CMC,thuong-mai-dien-tu,C11,Điểm thi THPT,2025,26.7,Thương mại điện tử
4747,CMC,thuong-mai-dien-tu,C12,Điểm thi THPT,2025,26.7,Thương mại điện tử
4748,CMC,thuong-mai-dien-tu,C13,Điểm thi THPT,2025,26.7,Thương mại điện tử
4749,CMC,thuong-mai-dien-tu,C14,Điểm thi THPT,2025,26.7,Thương mại điện tử
4750,CMC,thuong-mai-dien-tu,C15,Điểm thi THPT,2025,26.7,Thương mại điện tử
4751,CMC,thuong-mai-dien-tu,C16,Điểm thi THPT,2025,26.7,Thương mại điện tử
4752,CMC,tieng-nhat-thuong-mai,A00,Điểm học bạ,2025,27.2,Tiếng Nhật thương mại
4753,CMC,tieng-nhat-thuong-mai,A01,Điểm học bạ,2025,27.2,Tiếng Nhật thương mại
4754,CMC,tieng-nhat-thuong-mai,A02,Điểm học bạ,2025,27.2,Tiếng Nhật thương mại
4755,CMC,tieng-nhat-thuong-mai,A03,Điểm học bạ,2025,27.2,Tiếng Nhật thương mại
4756,CMC,tieng-nhat-thuong-mai,A04,Điểm học bạ,2025,27.2,Tiếng Nhật thương mại
4757,CMC,tieng-nhat-thuong-mai,A05,Điểm học bạ,2025,27.2,Tiếng Nhật thương mại
4758,CMC,tieng-nhat-thuong-mai,A06,Điểm học bạ,2025,27.2,Tiếng Nhật thương mại
4759,CMC,tieng-nhat-thuong-mai,A07,Điểm học bạ,2025,27.2,Tiếng Nhật thương mại
4760,CMC,tieng-nhat-thuong-mai,A08,Điểm học bạ,2025,27.2,Tiếng Nhật thương mại
4761,CMC,tieng-nhat-thuong-mai,A09,Điểm học bạ,2025,27.2,Tiếng Nhật thương mại
4762,CMC,tieng-nhat-thuong-mai,A10,Điểm học bạ,2025,27.2,Tiếng Nhật thương mại
4763,CMC,tieng-nhat-thuong-mai,A11,Điểm học bạ,2025,27.2,Tiếng Nhật thương mại
4764,CMC,tieng-nhat-thuong-mai,A12,Điểm học bạ,2025,27.2,Tiếng Nhật thương mại
4765,CMC,tieng-nhat-thuong-mai,A13,Điểm học bạ,2025,27.2,Tiếng Nhật thương mại
4766,CMC,tieng-nhat-thuong-mai,A14,Điểm học bạ,2025,27.2,Tiếng Nhật thương mại
4767,CMC,tieng-nhat-thuong-mai,A15,Điểm học bạ,2025,27.2,Tiếng Nhật thương mại
4768,CMC,tieng-nhat-thuong-mai,A16,Điểm học bạ,2025,27.2,Tiếng Nhật thương mại
4769,CMC,tieng-nhat-thuong-mai,A17,Điểm học bạ,2025,27.2,Tiếng Nhật thương mại
4770,CMC,tieng-nhat-thuong-mai,A18,Điểm học bạ,2025,27.2,Tiếng Nhật thương mại
4771,CMC,tieng-nhat-thuong-mai,B00,Điểm học bạ,2025,27.2,Tiếng Nhật thương mại
4772,CMC,tieng-nhat-thuong-mai,B01,Điểm học bạ,2025,27.2,Tiếng Nhật thương mại
4773,CMC,tieng-nhat-thuong-mai,B02,Điểm học bạ,2025,27.2,Tiếng Nhật thương mại
4774,CMC,tieng-nhat-thuong-mai,B03,Điểm học bạ,2025,27.2,Tiếng Nhật thương mại
4775,CMC,tieng-nhat-thuong-mai,B04,Điểm học bạ,2025,27.2,Tiếng Nhật thương mại
4776,CMC,tieng-nhat-thuong-mai,B05,Điểm học bạ,2025,27.2,Tiếng Nhật thương mại
4777,CMC,tieng-nhat-thuong-mai,B08,Điểm học bạ,2025,27.2,Tiếng Nhật thương mại
4778,CMC,tieng-nhat-thuong-mai,C00,Điểm học bạ,2025,27.2,Tiếng Nhật thương mại
4779,CMC,tieng-nhat-thuong-mai,C01,Điểm học bạ,2025,27.2,Tiếng Nhật thương mại
4780,CMC,tieng-nhat-thuong-mai,C02,Điểm học bạ,2025,27.2,Tiếng Nhật thương mại
4781,CMC,tieng-nhat-thuong-mai,C03,Điểm học bạ,2025,27.2,Tiếng Nhật thương mại
4782,CMC,tieng-nhat-thuong-mai,C04,Điểm học bạ,2025,27.2,Tiếng Nhật thương mại
4783,CMC,tieng-nhat-thuong-mai,C05,Điểm học bạ,2025,27.2,Tiếng Nhật thương mại
4784,CMC,tieng-nhat-thuong-mai,C06,Điểm học bạ,2025,27.2,Tiếng Nhật thương mại
4785,CMC,tieng-nhat-thuong-mai,C07,Điểm học bạ,2025,27.2,Tiếng Nhật thương mại
4786,CMC,tieng-nhat-thuong-mai,C08,Điểm học bạ,2025,27.2,Tiếng Nhật thương mại
4787,CMC,tieng-nhat-thuong-mai,C09,Điểm học bạ,2025,27.2,Tiếng Nhật thương mại
4788,CMC,tieng-nhat-thuong-mai,C10,Điểm học bạ,2025,27.2,Tiếng Nhật thương mại
4789,CMC,tieng-nhat-thuong-mai,C11,Điểm học bạ,2025,27.2,Tiếng Nhật thương mại
4790,CMC,tieng-nhat-thuong-mai,C12,Điểm học bạ,2025,27.2,Tiếng Nhật thương mại
4791,CMC,tieng-nhat-thuong-mai,C13,Điểm học bạ,2025,27.2,Tiếng Nhật thương mại
4792,CMC,tieng-nhat-thuong-mai,C14,Điểm học bạ,2025,27.2,Tiếng Nhật thương mại
4793,CMC,tieng-nhat-thuong-mai,C15,Điểm học bạ,2025,27.2,Tiếng Nhật thương mại
4794,CMC,tieng-nhat-thuong-mai,C16,Điểm học bạ,2025,27.2,Tiếng Nhật thương mại
4795,CMC,tieng-nhat-thuong-mai,A00,Điểm thi THPT,2025,24.0,Tiếng Nhật thương mại
4796,CMC,tieng-nhat-thuong-mai,A01,Điểm thi THPT,2025,24.0,Tiếng Nhật thương mại
4797,CMC,tieng-nhat-thuong-mai,A02,Điểm thi THPT,2025,24.0,Tiếng Nhật thương mại
4798,CMC,tieng-nhat-thuong-mai,A03,Điểm thi THPT,2025,24.0,Tiếng Nhật thương mại
4799,CMC,tieng-nhat-thuong-mai,A04,Điểm thi THPT,2025,24.0,Tiếng Nhật thương mại
4800,CMC,tieng-nhat-thuong-mai,A05,Điểm thi THPT,2025,24.0,Tiếng Nhật thương mại
4801,CMC,tieng-nhat-thuong-mai,A06,Điểm thi THPT,2025,24.0,Tiếng Nhật thương mại
4802,CMC,tieng-nhat-thuong-mai,A07,Điểm thi THPT,2025,24.0,Tiếng Nhật thương mại
4803,CMC,tieng-nhat-thuong-mai,A08,Điểm thi THPT,2025,24.0,Tiếng Nhật thương mại
4804,CMC,tieng-nhat-thuong-mai,A09,Điểm thi THPT,2025,24.0,Tiếng Nhật thương mại
4805,CMC,tieng-nhat-thuong-mai,A10,Điểm thi THPT,2025,24.0,Tiếng Nhật thương mại
4806,CMC,tieng-nhat-thuong-mai,A11,Điểm thi THPT,2025,24.0,Tiếng Nhật thương mại
4807,CMC,tieng-nhat-thuong-mai,A12,Điểm thi THPT,2025,24.0,Tiếng Nhật thương mại
4808,CMC,tieng-nhat-thuong-mai,A13,Điểm thi THPT,2025,24.0,Tiếng Nhật thương mại
4809,CMC,tieng-nhat-thuong-mai,A14,Điểm thi THPT,2025,24.0,Tiếng Nhật thương mại
4810,CMC,tieng-nhat-thuong-mai,A15,Điểm thi THPT,2025,24.0,Tiếng Nhật thương mại
4811,CMC,tieng-nhat-thuong-mai,A16,Điểm thi THPT,2025,24.0,Tiếng Nhật thương mại
4812,CMC,tieng-nhat-thuong-mai,A17,Điểm thi THPT,2025,24.0,Tiếng Nhật thương mại
4813,CMC,tieng-nhat-thuong-mai,A18,Điểm thi THPT,2025,24.0,Tiếng Nhật thương mại
4814,CMC,tieng-nhat-thuong-mai,B00,Điểm thi THPT,2025,24.0,Tiếng Nhật thương mại
4815,CMC,tieng-nhat-thuong-mai,B01,Điểm thi THPT,2025,24.0,Tiếng Nhật thương mại
4816,CMC,tieng-nhat-thuong-mai,B02,Điểm thi THPT,2025,24.0,Tiếng Nhật thương mại
4817,CMC,tieng-nhat-thuong-mai,B03,Điểm thi THPT,2025,24.0,Tiếng Nhật thương mại
4818,CMC,tieng-nhat-thuong-mai,B04,Điểm thi THPT,2025,24.0,Tiếng Nhật thương mại
4819,CMC,tieng-nhat-thuong-mai,B05,Điểm thi THPT,2025,24.0,Tiếng Nhật thương mại
4820,CMC,tieng-nhat-thuong-mai,B08,Điểm thi THPT,2025,24.0,Tiếng Nhật thương mại
4821,CMC,tieng-nhat-thuong-mai,C00,Điểm thi THPT,2025,24.0,Tiếng Nhật thương mại
4822,CMC,tieng-nhat-thuong-mai,C01,Điểm thi THPT,2025,24.0,Tiếng Nhật thương mại
4823,CMC,tieng-nhat-thuong-mai,C02,Điểm thi THPT,2025,24.0,Tiếng Nhật thương mại
4824,CMC,tieng-nhat-thuong-mai,C03,Điểm thi THPT,2025,24.0,Tiếng Nhật thương mại
4825,CMC,tieng-nhat-thuong-mai,C04,Điểm thi THPT,2025,24.0,Tiếng Nhật thương mại
4826,CMC,tieng-nhat-thuong-mai,C05,Điểm thi THPT,2025,24.0,Tiếng Nhật thương mại
4827,CMC,tieng-nhat-thuong-mai,C06,Điểm thi THPT,2025,24.0,Tiếng Nhật thương mại
4828,CMC,tieng-nhat-thuong-mai,C07,Điểm thi THPT,2025,24.0,Tiếng Nhật thương mại
4829,CMC,tieng-nhat-thuong-mai,C08,Điểm thi THPT,2025,24.0,Tiếng Nhật thương mại
4830,CMC,tieng-nhat-thuong-mai,C09,Điểm thi THPT,2025,24.0,Tiếng Nhật thương mại
4831,CMC,tieng-nhat-thuong-mai,C10,Điểm thi THPT,2025,24.0,Tiếng Nhật thương mại
4832,CMC,tieng-nhat-thuong-mai,C11,Điểm thi THPT,2025,24.0,Tiếng Nhật thương mại
4833,CMC,tieng-nhat-thuong-mai,C12,Điểm thi THPT,2025,24.0,Tiếng Nhật thương mại
4834,CMC,tieng-nhat-thuong-mai,C13,Điểm thi THPT,2025,24.0,Tiếng Nhật thương mại
4835,CMC,tieng-nhat-thuong-mai,C14,Điểm thi THPT,2025,24.0,Tiếng Nhật thương mại
4836,CMC,tieng-nhat-thuong-mai,C15,Điểm thi THPT,2025,24.0,Tiếng Nhật thương mại
4837,CMC,tieng-nhat-thuong-mai,C16,Điểm thi THPT,2025,24.0,Tiếng Nhật thương mại
4838,CMC,tri-tue-nhan-tao,A00,Điểm học bạ,2025,31.4,Trí tuệ Nhân tạo
4839,CMC,tri-tue-nhan-tao,A01,Điểm học bạ,2025,31.4,Trí tuệ Nhân tạo
4840,CMC,tri-tue-nhan-tao,A02,Điểm học bạ,2025,31.4,Trí tuệ Nhân tạo
4841,CMC,tri-tue-nhan-tao,A03,Điểm học bạ,2025,31.4,Trí tuệ Nhân tạo
4842,CMC,tri-tue-nhan-tao,A04,Điểm học bạ,2025,31.4,Trí tuệ Nhân tạo
4843,CMC,tri-tue-nhan-tao,A05,Điểm học bạ,2025,31.4,Trí tuệ Nhân tạo
4844,CMC,tri-tue-nhan-tao,A06,Điểm học bạ,2025,31.4,Trí tuệ Nhân tạo
4845,CMC,tri-tue-nhan-tao,A07,Điểm học bạ,2025,31.4,Trí tuệ Nhân tạo
4846,CMC,tri-tue-nhan-tao,A08,Điểm học bạ,2025,31.4,Trí tuệ Nhân tạo
4847,CMC,tri-tue-nhan-tao,A09,Điểm học bạ,2025,31.4,Trí tuệ Nhân tạo
4848,CMC,tri-tue-nhan-tao,A10,Điểm học bạ,2025,31.4,Trí tuệ Nhân tạo
4849,CMC,tri-tue-nhan-tao,A11,Điểm học bạ,2025,31.4,Trí tuệ Nhân tạo
4850,CMC,tri-tue-nhan-tao,A12,Điểm học bạ,2025,31.4,Trí tuệ Nhân tạo
4851,CMC,tri-tue-nhan-tao,A13,Điểm học bạ,2025,31.4,Trí tuệ Nhân tạo
4852,CMC,tri-tue-nhan-tao,A14,Điểm học bạ,2025,31.4,Trí tuệ Nhân tạo
4853,CMC,tri-tue-nhan-tao,A15,Điểm học bạ,2025,31.4,Trí tuệ Nhân tạo
4854,CMC,tri-tue-nhan-tao,A16,Điểm học bạ,2025,31.4,Trí tuệ Nhân tạo
4855,CMC,tri-tue-nhan-tao,A17,Điểm học bạ,2025,31.4,Trí tuệ Nhân tạo
4856,CMC,tri-tue-nhan-tao,A18,Điểm học bạ,2025,31.4,Trí tuệ Nhân tạo
4857,CMC,tri-tue-nhan-tao,B00,Điểm học bạ,2025,31.4,Trí tuệ Nhân tạo
4858,CMC,tri-tue-nhan-tao,B01,Điểm học bạ,2025,31.4,Trí tuệ Nhân tạo
4859,CMC,tri-tue-nhan-tao,B02,Điểm học bạ,2025,31.4,Trí tuệ Nhân tạo
4860,CMC,tri-tue-nhan-tao,B03,Điểm học bạ,2025,31.4,Trí tuệ Nhân tạo
4861,CMC,tri-tue-nhan-tao,B04,Điểm học bạ,2025,31.4,Trí tuệ Nhân tạo
4862,CMC,tri-tue-nhan-tao,B05,Điểm học bạ,2025,31.4,Trí tuệ Nhân tạo
4863,CMC,tri-tue-nhan-tao,B08,Điểm học bạ,2025,31.4,Trí tuệ Nhân tạo
4864,CMC,tri-tue-nhan-tao,C01,Điểm học bạ,2025,31.4,Trí tuệ Nhân tạo
4865,CMC,tri-tue-nhan-tao,C02,Điểm học bạ,2025,31.4,Trí tuệ Nhân tạo
4866,CMC,tri-tue-nhan-tao,C03,Điểm học bạ,2025,31.4,Trí tuệ Nhân tạo
4867,CMC,tri-tue-nhan-tao,C04,Điểm học bạ,2025,31.4,Trí tuệ Nhân tạo
4868,CMC,tri-tue-nhan-tao,C14,Điểm học bạ,2025,31.4,Trí tuệ Nhân tạo
4869,CMC,tri-tue-nhan-tao,C15,Điểm học bạ,2025,31.4,Trí tuệ Nhân tạo
4870,CMC,tri-tue-nhan-tao,D01,Điểm học bạ,2025,31.4,Trí tuệ Nhân tạo
4871,CMC,tri-tue-nhan-tao,D02,Điểm học bạ,2025,31.4,Trí tuệ Nhân tạo
4872,CMC,tri-tue-nhan-tao,D03,Điểm học bạ,2025,31.4,Trí tuệ Nhân tạo
4873,CMC,tri-tue-nhan-tao,D04,Điểm học bạ,2025,31.4,Trí tuệ Nhân tạo
4874,CMC,tri-tue-nhan-tao,D05,Điểm học bạ,2025,31.4,Trí tuệ Nhân tạo
4875,CMC,tri-tue-nhan-tao,D06,Điểm học bạ,2025,31.4,Trí tuệ Nhân tạo
4876,CMC,tri-tue-nhan-tao,D07,Điểm học bạ,2025,31.4,Trí tuệ Nhân tạo
4877,CMC,tri-tue-nhan-tao,D08,Điểm học bạ,2025,31.4,Trí tuệ Nhân tạo
4878,CMC,tri-tue-nhan-tao,D09,Điểm học bạ,2025,31.4,Trí tuệ Nhân tạo
4879,CMC,tri-tue-nhan-tao,D10,Điểm học bạ,2025,31.4,Trí tuệ Nhân tạo
4880,CMC,tri-tue-nhan-tao,D16,Điểm học bạ,2025,31.4,Trí tuệ Nhân tạo
4881,CMC,tri-tue-nhan-tao,A00,Điểm thi THPT,2025,28.66,Trí tuệ Nhân tạo
4882,CMC,tri-tue-nhan-tao,A01,Điểm thi THPT,2025,28.66,Trí tuệ Nhân tạo
4883,CMC,tri-tue-nhan-tao,A02,Điểm thi THPT,2025,28.66,Trí tuệ Nhân tạo
4884,CMC,tri-tue-nhan-tao,A03,Điểm thi THPT,2025,28.66,Trí tuệ Nhân tạo
4885,CMC,tri-tue-nhan-tao,A04,Điểm thi THPT,2025,28.66,Trí tuệ Nhân tạo
4886,CMC,tri-tue-nhan-tao,A05,Điểm thi THPT,2025,28.66,Trí tuệ Nhân tạo
4887,CMC,tri-tue-nhan-tao,A06,Điểm thi THPT,2025,28.66,Trí tuệ Nhân tạo
4888,CMC,tri-tue-nhan-tao,A07,Điểm thi THPT,2025,28.66,Trí tuệ Nhân tạo
4889,CMC,tri-tue-nhan-tao,A08,Điểm thi THPT,2025,28.66,Trí tuệ Nhân tạo
4890,CMC,tri-tue-nhan-tao,A09,Điểm thi THPT,2025,28.66,Trí tuệ Nhân tạo
4891,CMC,tri-tue-nhan-tao,A10,Điểm thi THPT,2025,28.66,Trí tuệ Nhân tạo
4892,CMC,tri-tue-nhan-tao,A11,Điểm thi THPT,2025,28.66,Trí tuệ Nhân tạo
4893,CMC,tri-tue-nhan-tao,A12,Điểm thi THPT,2025,28.66,Trí tuệ Nhân tạo
4894,CMC,tri-tue-nhan-tao,A13,Điểm thi THPT,2025,28.66,Trí tuệ Nhân tạo
4895,CMC,tri-tue-nhan-tao,A14,Điểm thi THPT,2025,28.66,Trí tuệ Nhân tạo
4896,CMC,tri-tue-nhan-tao,A15,Điểm thi THPT,2025,28.66,Trí tuệ Nhân tạo
4897,CMC,tri-tue-nhan-tao,A16,Điểm thi THPT,2025,28.66,Trí tuệ Nhân tạo
4898,CMC,tri-tue-nhan-tao,A17,Điểm thi THPT,2025,28.66,Trí tuệ Nhân tạo
4899,CMC,tri-tue-nhan-tao,A18,Điểm thi THPT,2025,28.66,Trí tuệ Nhân tạo
4900,CMC,tri-tue-nhan-tao,B00,Điểm thi THPT,2025,28.66,Trí tuệ Nhân tạo
4901,CMC,tri-tue-nhan-tao,B01,Điểm thi THPT,2025,28.66,Trí tuệ Nhân tạo
4902,CMC,tri-tue-nhan-tao,B02,Điểm thi THPT,2025,28.66,Trí tuệ Nhân tạo
4903,CMC,tri-tue-nhan-tao,B03,Điểm thi THPT,2025,28.66,Trí tuệ Nhân tạo
4904,CMC,tri-tue-nhan-tao,B04,Điểm thi THPT,2025,28.66,Trí tuệ Nhân tạo
4905,CMC,tri-tue-nhan-tao,B05,Điểm thi THPT,2025,28.66,Trí tuệ Nhân tạo
4906,CMC,tri-tue-nhan-tao,B08,Điểm thi THPT,2025,28.66,Trí tuệ Nhân tạo
4907,CMC,tri-tue-nhan-tao,C01,Điểm thi THPT,2025,28.66,Trí tuệ Nhân tạo
4908,CMC,tri-tue-nhan-tao,C02,Điểm thi THPT,2025,28.66,Trí tuệ Nhân tạo
4909,CMC,tri-tue-nhan-tao,C03,Điểm thi THPT,2025,28.66,Trí tuệ Nhân tạo
4910,CMC,tri-tue-nhan-tao,C04,Điểm thi THPT,2025,28.66,Trí tuệ Nhân tạo
4911,CMC,tri-tue-nhan-tao,C14,Điểm thi THPT,2025,28.66,Trí tuệ Nhân tạo
4912,CMC,tri-tue-nhan-tao,C15,Điểm thi THPT,2025,28.66,Trí tuệ Nhân tạo
4913,CMC,tri-tue-nhan-tao,D01,Điểm thi THPT,2025,28.66,Trí tuệ Nhân tạo
4914,CMC,tri-tue-nhan-tao,D02,Điểm thi THPT,2025,28.66,Trí tuệ Nhân tạo
4915,CMC,tri-tue-nhan-tao,D03,Điểm thi THPT,2025,28.66,Trí tuệ Nhân tạo
4916,CMC,tri-tue-nhan-tao,D04,Điểm thi THPT,2025,28.66,Trí tuệ Nhân tạo
4917,CMC,tri-tue-nhan-tao,D05,Điểm thi THPT,2025,28.66,Trí tuệ Nhân tạo
4918,CMC,tri-tue-nhan-tao,D06,Điểm thi THPT,2025,28.66,Trí tuệ Nhân tạo
4919,CMC,tri-tue-nhan-tao,D07,Điểm thi THPT,2025,28.66,Trí tuệ Nhân tạo
4920,CMC,tri-tue-nhan-tao,D08,Điểm thi THPT,2025,28.66,Trí tuệ Nhân tạo
4921,CMC,tri-tue-nhan-tao,D09,Điểm thi THPT,2025,28.66,Trí tuệ Nhân tạo
4922,CMC,tri-tue-nhan-tao,D10,Điểm thi THPT,2025,28.66,Trí tuệ Nhân tạo
4923,CMC,tri-tue-nhan-tao,D16,Điểm thi THPT,2025,28.66,Trí tuệ Nhân tạo
4924,CSH,nghiep-vu-canh-sat,A00,Điểm thi THPT,2021,28.65,Nghiệp vụ Cảnh sát
4925,CSH,nghiep-vu-canh-sat,A01,Điểm thi THPT,2021,28.23,Nghiệp vụ Cảnh sát
4926,CSH,nghiep-vu-canh-sat,C03,Điểm thi THPT,2021,28.21,Nghiệp vụ Cảnh sát
4927,CSH,nghiep-vu-canh-sat,D01,Điểm thi THPT,2021,26.54,Nghiệp vụ Cảnh sát
4928,CSH,nghiep-vu-canh-sat,A00,Điểm thi THPT,2022,22.59,Nghiệp vụ Cảnh sát
4929,CSH,nghiep-vu-canh-sat,A01,Điểm thi THPT,2022,24.52,Nghiệp vụ Cảnh sát
4930,CSH,nghiep-vu-canh-sat,C03,Điểm thi THPT,2022,15.63,Nghiệp vụ Cảnh sát
4931,CSH,nghiep-vu-canh-sat,D01,Điểm thi THPT,2022,20.51,Nghiệp vụ Cảnh sát
4932,CSH,nghiep-vu-canh-sat,A00,Điểm thi THPT,2023,16.15,Nghiệp vụ Cảnh sát
4933,CSH,nghiep-vu-canh-sat,A01,Điểm thi THPT,2023,16.15,Nghiệp vụ Cảnh sát
4934,CSH,nghiep-vu-canh-sat,C03,Điểm thi THPT,2023,16.15,Nghiệp vụ Cảnh sát
4935,CSH,nghiep-vu-canh-sat,D01,Điểm thi THPT,2023,16.15,Nghiệp vụ Cảnh sát
4936,CSH,nghiep-vu-canh-sat,A00,Điểm thi THPT,2024,21.52,"Nhóm ngành nghiệp vụ Cảnh sát (Thí sinh Nam, vùng 1)"
4937,CSH,nghiep-vu-canh-sat,A01,Điểm thi THPT,2024,21.52,"Nhóm ngành nghiệp vụ Cảnh sát (Thí sinh Nam, vùng 1)"
4938,CSH,nghiep-vu-canh-sat,C03,Điểm thi THPT,2024,21.52,"Nhóm ngành nghiệp vụ Cảnh sát (Thí sinh Nam, vùng 1)"
4939,CSH,nghiep-vu-canh-sat,D01,Điểm thi THPT,2024,21.52,"Nhóm ngành nghiệp vụ Cảnh sát (Thí sinh Nam, vùng 1)"
4940,CSH,nghiep-vu-canh-sat,A00,Điểm thi THPT,2025,21.72,"Nhóm ngành nghiệp vụ Cảnh sát (Thí sinh Nam, vùng 1)"
4941,CSH,nghiep-vu-canh-sat,A01,Điểm thi THPT,2025,21.72,"Nhóm ngành nghiệp vụ Cảnh sát (Thí sinh Nam, vùng 1)"
4942,CSH,nghiep-vu-canh-sat,C03,Điểm thi THPT,2025,21.72,"Nhóm ngành nghiệp vụ Cảnh sát (Thí sinh Nam, vùng 1)"
4943,CSH,nghiep-vu-canh-sat,D01,Điểm thi THPT,2025,21.72,"Nhóm ngành nghiệp vụ Cảnh sát (Thí sinh Nam, vùng 1)"
4944,CSH,nghiep-vu-canh-sat,X02,Điểm thi THPT,2025,21.72,"Nhóm ngành nghiệp vụ Cảnh sát (Thí sinh Nam, vùng 1)"
4945,CSH,nghiep-vu-canh-sat,X03,Điểm thi THPT,2025,21.72,"Nhóm ngành nghiệp vụ Cảnh sát (Thí sinh Nam, vùng 1)"
4946,CSH,nghiep-vu-canh-sat,X04,Điểm thi THPT,2025,21.72,"Nhóm ngành nghiệp vụ Cảnh sát (Thí sinh Nam, vùng 1)"
4947,CSS,nghiep-vu-canh-sat,A00,Điểm thi THPT,2021,27.11,Nghiệp vụ Cảnh sát
4948,CSS,nghiep-vu-canh-sat,A01,Điểm thi THPT,2021,26.48,Nghiệp vụ Cảnh sát
4949,CSS,nghiep-vu-canh-sat,C03,Điểm thi THPT,2021,26.21,Nghiệp vụ Cảnh sát
4950,CSS,nghiep-vu-canh-sat,D01,Điểm thi THPT,2021,25.94,Nghiệp vụ Cảnh sát
4951,CSS,nghiep-vu-canh-sat,A00,Điểm thi THPT,2022,23.39,Nghiệp vụ Cảnh sát
4952,CSS,nghiep-vu-canh-sat,A01,Điểm thi THPT,2022,24.43,Nghiệp vụ Cảnh sát
4953,CSS,nghiep-vu-canh-sat,C03,Điểm thi THPT,2022,21.53,Nghiệp vụ Cảnh sát
4954,CSS,nghiep-vu-canh-sat,D01,Điểm thi THPT,2022,23.02,Nghiệp vụ Cảnh sát
4955,CSS,nghiep-vu-canh-sat,A00,Điểm thi THPT,2023,22.08,Nghiệp vụ Cảnh sát
4956,CSS,nghiep-vu-canh-sat,A01,Điểm thi THPT,2023,22.08,Nghiệp vụ Cảnh sát
4957,CSS,nghiep-vu-canh-sat,C03,Điểm thi THPT,2023,22.08,Nghiệp vụ Cảnh sát
4958,CSS,nghiep-vu-canh-sat,D01,Điểm thi THPT,2023,22.08,Nghiệp vụ Cảnh sát
4959,CSS,nghiep-vu-canh-sat,A00,Điểm thi THPT,2024,20.39,"Nhóm ngành nghiệp vụ Cảnh sát (Thí sinh Nam, vùng 4)"
4960,CSS,nghiep-vu-canh-sat,A01,Điểm thi THPT,2024,20.39,"Nhóm ngành nghiệp vụ Cảnh sát (Thí sinh Nam, vùng 4)"
4961,CSS,nghiep-vu-canh-sat,C03,Điểm thi THPT,2024,20.39,"Nhóm ngành nghiệp vụ Cảnh sát (Thí sinh Nam, vùng 4)"
4962,CSS,nghiep-vu-canh-sat,D01,Điểm thi THPT,2024,20.39,"Nhóm ngành nghiệp vụ Cảnh sát (Thí sinh Nam, vùng 4)"
4963,CSS,nghiep-vu-canh-sat,A00,Điểm thi THPT,2025,22.01,"Nhóm ngành nghiệp vụ Cảnh sát (Thí sinh Nam, vùng 4)"
4964,CSS,nghiep-vu-canh-sat,A01,Điểm thi THPT,2025,22.01,"Nhóm ngành nghiệp vụ Cảnh sát (Thí sinh Nam, vùng 4)"
4965,CSS,nghiep-vu-canh-sat,C03,Điểm thi THPT,2025,22.01,"Nhóm ngành nghiệp vụ Cảnh sát (Thí sinh Nam, vùng 4)"
4966,CSS,nghiep-vu-canh-sat,D01,Điểm thi THPT,2025,22.01,"Nhóm ngành nghiệp vụ Cảnh sát (Thí sinh Nam, vùng 4)"
4967,CSS,nghiep-vu-canh-sat,X02,Điểm thi THPT,2025,22.01,"Nhóm ngành nghiệp vụ Cảnh sát (Thí sinh Nam, vùng 4)"
4968,CSS,nghiep-vu-canh-sat,X03,Điểm thi THPT,2025,22.01,"Nhóm ngành nghiệp vụ Cảnh sát (Thí sinh Nam, vùng 4)"
4969,CSS,nghiep-vu-canh-sat,X04,Điểm thi THPT,2025,22.01,"Nhóm ngành nghiệp vụ Cảnh sát (Thí sinh Nam, vùng 4)"
4970,DAD,cnkt-dien-dien-tu,A00,Điểm thi THPT,2021,15.0,"CNKT điện, điện tử"
4971,DAD,cnkt-dien-dien-tu,A01,Điểm thi THPT,2021,15.0,"CNKT điện, điện tử"
4972,DAD,cnkt-dien-dien-tu,D01,Điểm thi THPT,2021,15.0,"CNKT điện, điện tử"
4973,DAD,cnkt-dien-dien-tu,D90,Điểm thi THPT,2021,15.0,"CNKT điện, điện tử"
4974,DAD,cnkt-dien-dien-tu,A00,Điểm thi THPT,2022,15.0,"CNKT điện, điện tử"
4975,DAD,cnkt-dien-dien-tu,A01,Điểm thi THPT,2022,15.0,"CNKT điện, điện tử"
4976,DAD,cnkt-dien-dien-tu,D01,Điểm thi THPT,2022,15.0,"CNKT điện, điện tử"
4977,DAD,cnkt-dien-dien-tu,D90,Điểm thi THPT,2022,15.0,"CNKT điện, điện tử"
4978,DAD,cnkt-dieu-khien-tu-dong-hoa,A00,Điểm học bạ,2024,6.0,CNKT điều khiển & tự động hoá
4979,DAD,cnkt-dieu-khien-tu-dong-hoa,A01,Điểm học bạ,2024,6.0,CNKT điều khiển & tự động hoá
4980,DAD,cnkt-dieu-khien-tu-dong-hoa,C01,Điểm học bạ,2024,6.0,CNKT điều khiển & tự động hoá
4981,DAD,cnkt-dieu-khien-tu-dong-hoa,D01,Điểm học bạ,2024,6.0,CNKT điều khiển & tự động hoá
4982,DAD,cnkt-dieu-khien-va-tu-dong-hoa,A00,Điểm học bạ,2021,6.0,CNKT Điều khiển và tự động hóa
4983,DAD,cnkt-dieu-khien-va-tu-dong-hoa,A01,Điểm học bạ,2021,6.0,CNKT Điều khiển và tự động hóa
4984,DAD,cnkt-dieu-khien-va-tu-dong-hoa,D01,Điểm học bạ,2021,6.0,CNKT Điều khiển và tự động hóa
4985,DAD,cnkt-dieu-khien-va-tu-dong-hoa,D90,Điểm học bạ,2021,6.0,CNKT Điều khiển và tự động hóa
4986,DAD,cnkt-dieu-khien-va-tu-dong-hoa,A00,Điểm thi THPT,2021,15.0,CNKT điều khiển và tự động hoá
4987,DAD,cnkt-dieu-khien-va-tu-dong-hoa,A01,Điểm thi THPT,2021,15.0,CNKT điều khiển và tự động hoá
4988,DAD,cnkt-dieu-khien-va-tu-dong-hoa,D01,Điểm thi THPT,2021,15.0,CNKT điều khiển và tự động hoá
4989,DAD,cnkt-dieu-khien-va-tu-dong-hoa,D90,Điểm thi THPT,2021,15.0,CNKT điều khiển và tự động hoá
4990,DAD,cnkt-dieu-khien-va-tu-dong-hoa,A00,Điểm thi THPT,2022,15.0,CNKT điều khiển và tự động hoá
4991,DAD,cnkt-dieu-khien-va-tu-dong-hoa,A01,Điểm thi THPT,2022,15.0,CNKT điều khiển và tự động hoá
4992,DAD,cnkt-dieu-khien-va-tu-dong-hoa,D01,Điểm thi THPT,2022,15.0,CNKT điều khiển và tự động hoá
4993,DAD,cnkt-dieu-khien-va-tu-dong-hoa,D90,Điểm thi THPT,2022,15.0,CNKT điều khiển và tự động hoá
4994,DAD,cnkt-o-to,A00,Điểm thi THPT,2021,15.0,CNKT ô tô
4995,DAD,cnkt-o-to,A01,Điểm thi THPT,2021,15.0,CNKT ô tô
4996,DAD,cnkt-o-to,D01,Điểm thi THPT,2021,15.0,CNKT ô tô
4997,DAD,cnkt-o-to,D90,Điểm thi THPT,2021,15.0,CNKT ô tô
4998,DAD,cnkt-o-to,A00,Điểm thi THPT,2022,15.0,CNKT ô tô
4999,DAD,cnkt-o-to,A01,Điểm thi THPT,2022,15.0,CNKT ô tô
5000,DAD,cnkt-o-to,D01,Điểm thi THPT,2022,15.0,CNKT ô tô
5001,DAD,cnkt-o-to,D90,Điểm thi THPT,2022,15.0,CNKT ô tô
5002,DAD,cnkt-xay-dung,A00,Điểm thi THPT,2021,15.0,CNKT xây dựng
5003,DAD,cnkt-xay-dung,A01,Điểm thi THPT,2021,15.0,CNKT xây dựng
5004,DAD,cnkt-xay-dung,D01,Điểm thi THPT,2021,15.0,CNKT xây dựng
5005,DAD,cnkt-xay-dung,D90,Điểm thi THPT,2021,15.0,CNKT xây dựng
5006,DAD,cnkt-xay-dung,A00,Điểm thi THPT,2022,15.0,CNKT xây dựng
5007,DAD,cnkt-xay-dung,A01,Điểm thi THPT,2022,15.0,CNKT xây dựng
5008,DAD,cnkt-xay-dung,D01,Điểm thi THPT,2022,15.0,CNKT xây dựng
5009,DAD,cnkt-xay-dung,D90,Điểm thi THPT,2022,15.0,CNKT xây dựng
5010,DAD,cong-nghe-ky-thuat-dien-dien-tu,A00,Điểm học bạ,2021,6.0,"Công nghệ kỹ thuật điện, điện tử"
5011,DAD,cong-nghe-ky-thuat-dien-dien-tu,A01,Điểm học bạ,2021,6.0,"Công nghệ kỹ thuật điện, điện tử"
5012,DAD,cong-nghe-ky-thuat-dien-dien-tu,D01,Điểm học bạ,2021,6.0,"Công nghệ kỹ thuật điện, điện tử"
5013,DAD,cong-nghe-ky-thuat-dien-dien-tu,D90,Điểm học bạ,2021,6.0,"Công nghệ kỹ thuật điện, điện tử"
5014,DAD,cong-nghe-ky-thuat-dien-dien-tu,A00,Điểm học bạ,2023,18.0,"Công nghệ kỹ thuật điện, điện tử"
5015,DAD,cong-nghe-ky-thuat-dien-dien-tu,A01,Điểm học bạ,2023,18.0,"Công nghệ kỹ thuật điện, điện tử"
5016,DAD,cong-nghe-ky-thuat-dien-dien-tu,D01,Điểm học bạ,2023,18.0,"Công nghệ kỹ thuật điện, điện tử"
5017,DAD,cong-nghe-ky-thuat-dien-dien-tu,D90,Điểm học bạ,2023,18.0,"Công nghệ kỹ thuật điện, điện tử"
5018,DAD,cong-nghe-ky-thuat-dien-dien-tu,A00,Điểm thi THPT,2023,15.0,"Công nghệ kỹ thuật điện, điện tử"
5019,DAD,cong-nghe-ky-thuat-dien-dien-tu,A01,Điểm thi THPT,2023,15.0,"Công nghệ kỹ thuật điện, điện tử"
5020,DAD,cong-nghe-ky-thuat-dien-dien-tu,D01,Điểm thi THPT,2023,15.0,"Công nghệ kỹ thuật điện, điện tử"
5021,DAD,cong-nghe-ky-thuat-dien-dien-tu,D90,Điểm thi THPT,2023,15.0,"Công nghệ kỹ thuật điện, điện tử"
5022,DAD,cong-nghe-ky-thuat-dien-dien-tu,A00,Điểm học bạ,2024,18.0,Công nghệ kỹ thuật điện – điện tử
5023,DAD,cong-nghe-ky-thuat-dien-dien-tu,A01,Điểm học bạ,2024,18.0,Công nghệ kỹ thuật điện – điện tử
5024,DAD,cong-nghe-ky-thuat-dien-dien-tu,C01,Điểm học bạ,2024,18.0,Công nghệ kỹ thuật điện – điện tử
5025,DAD,cong-nghe-ky-thuat-dien-dien-tu,D01,Điểm học bạ,2024,18.0,Công nghệ kỹ thuật điện – điện tử
5026,DAD,cong-nghe-ky-thuat-dien-dien-tu,A00,Điểm thi THPT,2024,15.0,Công nghệ kỹ thuật Điện - Điện tử
5027,DAD,cong-nghe-ky-thuat-dien-dien-tu,A01,Điểm thi THPT,2024,15.0,Công nghệ kỹ thuật Điện - Điện tử
5028,DAD,cong-nghe-ky-thuat-dien-dien-tu,D01,Điểm thi THPT,2024,15.0,Công nghệ kỹ thuật Điện - Điện tử
5029,DAD,cong-nghe-ky-thuat-dien-dien-tu,D90,Điểm thi THPT,2024,15.0,Công nghệ kỹ thuật Điện - Điện tử
5030,DAD,cong-nghe-ky-thuat-dien-dien-tu,A00,Điểm học bạ,2025,18.0,Công nghệ kỹ thuật điện; điện tử
5031,DAD,cong-nghe-ky-thuat-dien-dien-tu,A01,Điểm học bạ,2025,18.0,Công nghệ kỹ thuật điện; điện tử
5032,DAD,cong-nghe-ky-thuat-dien-dien-tu,A02,Điểm học bạ,2025,18.0,Công nghệ kỹ thuật điện; điện tử
5033,DAD,cong-nghe-ky-thuat-dien-dien-tu,A04,Điểm học bạ,2025,18.0,Công nghệ kỹ thuật điện; điện tử
5034,DAD,cong-nghe-ky-thuat-dien-dien-tu,C01,Điểm học bạ,2025,18.0,Công nghệ kỹ thuật điện; điện tử
5035,DAD,cong-nghe-ky-thuat-dien-dien-tu,X05,Điểm học bạ,2025,18.0,Công nghệ kỹ thuật điện; điện tử
5036,DAD,cong-nghe-ky-thuat-dien-dien-tu,X06,Điểm học bạ,2025,18.0,Công nghệ kỹ thuật điện; điện tử
5037,DAD,cong-nghe-ky-thuat-dien-dien-tu,X07,Điểm học bạ,2025,18.0,Công nghệ kỹ thuật điện; điện tử
5038,DAD,cong-nghe-ky-thuat-dien-dien-tu,X26,Điểm học bạ,2025,18.0,Công nghệ kỹ thuật điện; điện tử
5039,DAD,cong-nghe-ky-thuat-dien-dien-tu,A00,Điểm thi THPT,2025,15.0,Công nghệ kỹ thuật điện; điện tử
5040,DAD,cong-nghe-ky-thuat-dien-dien-tu,A01,Điểm thi THPT,2025,15.0,Công nghệ kỹ thuật điện; điện tử
5041,DAD,cong-nghe-ky-thuat-dien-dien-tu,A02,Điểm thi THPT,2025,15.0,Công nghệ kỹ thuật điện; điện tử
5042,DAD,cong-nghe-ky-thuat-dien-dien-tu,A04,Điểm thi THPT,2025,15.0,Công nghệ kỹ thuật điện; điện tử
5043,DAD,cong-nghe-ky-thuat-dien-dien-tu,C01,Điểm thi THPT,2025,15.0,Công nghệ kỹ thuật điện; điện tử
5044,DAD,cong-nghe-ky-thuat-dien-dien-tu,X05,Điểm thi THPT,2025,15.0,Công nghệ kỹ thuật điện; điện tử
5045,DAD,cong-nghe-ky-thuat-dien-dien-tu,X06,Điểm thi THPT,2025,15.0,Công nghệ kỹ thuật điện; điện tử
5046,DAD,cong-nghe-ky-thuat-dien-dien-tu,X07,Điểm thi THPT,2025,15.0,Công nghệ kỹ thuật điện; điện tử
5047,DAD,cong-nghe-ky-thuat-dien-dien-tu,X26,Điểm thi THPT,2025,15.0,Công nghệ kỹ thuật điện; điện tử
5048,DAD,cong-nghe-ky-thuat-dieu-khien-va-tu-dong-hoa,A00,Điểm học bạ,2023,18.0,Công nghệ kỹ thuật điều khiển và tự động hoá
5049,DAD,cong-nghe-ky-thuat-dieu-khien-va-tu-dong-hoa,A01,Điểm học bạ,2023,18.0,Công nghệ kỹ thuật điều khiển và tự động hoá
5050,DAD,cong-nghe-ky-thuat-dieu-khien-va-tu-dong-hoa,D01,Điểm học bạ,2023,18.0,Công nghệ kỹ thuật điều khiển và tự động hoá
5051,DAD,cong-nghe-ky-thuat-dieu-khien-va-tu-dong-hoa,D90,Điểm học bạ,2023,18.0,Công nghệ kỹ thuật điều khiển và tự động hoá
5052,DAD,cong-nghe-ky-thuat-dieu-khien-va-tu-dong-hoa,A00,Điểm thi THPT,2023,15.0,Công nghệ kỹ thuật điều khiển và tự động hoá
5053,DAD,cong-nghe-ky-thuat-dieu-khien-va-tu-dong-hoa,A01,Điểm thi THPT,2023,15.0,Công nghệ kỹ thuật điều khiển và tự động hoá
5054,DAD,cong-nghe-ky-thuat-dieu-khien-va-tu-dong-hoa,D01,Điểm thi THPT,2023,15.0,Công nghệ kỹ thuật điều khiển và tự động hoá
5055,DAD,cong-nghe-ky-thuat-dieu-khien-va-tu-dong-hoa,D90,Điểm thi THPT,2023,15.0,Công nghệ kỹ thuật điều khiển và tự động hoá
5056,DAD,cong-nghe-ky-thuat-dieu-khien-va-tu-dong-hoa,A00,Điểm thi THPT,2024,15.0,Công nghệ kỹ thuật điều khiển và tự động hóa
5057,DAD,cong-nghe-ky-thuat-dieu-khien-va-tu-dong-hoa,A01,Điểm thi THPT,2024,15.0,Công nghệ kỹ thuật điều khiển và tự động hóa
5058,DAD,cong-nghe-ky-thuat-dieu-khien-va-tu-dong-hoa,D01,Điểm thi THPT,2024,15.0,Công nghệ kỹ thuật điều khiển và tự động hóa
5059,DAD,cong-nghe-ky-thuat-dieu-khien-va-tu-dong-hoa,D90,Điểm thi THPT,2024,15.0,Công nghệ kỹ thuật điều khiển và tự động hóa
5060,DAD,cong-nghe-ky-thuat-dieu-khien-va-tu-dong-hoa,A00,Điểm học bạ,2025,18.0,Công nghệ kỹ thuật điều khiển và tự động hóa
5061,DAD,cong-nghe-ky-thuat-dieu-khien-va-tu-dong-hoa,A01,Điểm học bạ,2025,18.0,Công nghệ kỹ thuật điều khiển và tự động hóa
5062,DAD,cong-nghe-ky-thuat-dieu-khien-va-tu-dong-hoa,A02,Điểm học bạ,2025,18.0,Công nghệ kỹ thuật điều khiển và tự động hóa
5063,DAD,cong-nghe-ky-thuat-dieu-khien-va-tu-dong-hoa,A04,Điểm học bạ,2025,18.0,Công nghệ kỹ thuật điều khiển và tự động hóa
5064,DAD,cong-nghe-ky-thuat-dieu-khien-va-tu-dong-hoa,C01,Điểm học bạ,2025,18.0,Công nghệ kỹ thuật điều khiển và tự động hóa
5065,DAD,cong-nghe-ky-thuat-dieu-khien-va-tu-dong-hoa,X05,Điểm học bạ,2025,18.0,Công nghệ kỹ thuật điều khiển và tự động hóa
5066,DAD,cong-nghe-ky-thuat-dieu-khien-va-tu-dong-hoa,X06,Điểm học bạ,2025,18.0,Công nghệ kỹ thuật điều khiển và tự động hóa
5067,DAD,cong-nghe-ky-thuat-dieu-khien-va-tu-dong-hoa,X07,Điểm học bạ,2025,18.0,Công nghệ kỹ thuật điều khiển và tự động hóa
5068,DAD,cong-nghe-ky-thuat-dieu-khien-va-tu-dong-hoa,X26,Điểm học bạ,2025,18.0,Công nghệ kỹ thuật điều khiển và tự động hóa
5069,DAD,cong-nghe-ky-thuat-dieu-khien-va-tu-dong-hoa,A00,Điểm thi THPT,2025,15.0,Công nghệ kỹ thuật điều khiển và tự động hóa
5070,DAD,cong-nghe-ky-thuat-dieu-khien-va-tu-dong-hoa,A01,Điểm thi THPT,2025,15.0,Công nghệ kỹ thuật điều khiển và tự động hóa
5071,DAD,cong-nghe-ky-thuat-dieu-khien-va-tu-dong-hoa,A02,Điểm thi THPT,2025,15.0,Công nghệ kỹ thuật điều khiển và tự động hóa
5072,DAD,cong-nghe-ky-thuat-dieu-khien-va-tu-dong-hoa,A04,Điểm thi THPT,2025,15.0,Công nghệ kỹ thuật điều khiển và tự động hóa
5073,DAD,cong-nghe-ky-thuat-dieu-khien-va-tu-dong-hoa,C01,Điểm thi THPT,2025,15.0,Công nghệ kỹ thuật điều khiển và tự động hóa
5074,DAD,cong-nghe-ky-thuat-dieu-khien-va-tu-dong-hoa,X05,Điểm thi THPT,2025,15.0,Công nghệ kỹ thuật điều khiển và tự động hóa
5075,DAD,cong-nghe-ky-thuat-dieu-khien-va-tu-dong-hoa,X06,Điểm thi THPT,2025,15.0,Công nghệ kỹ thuật điều khiển và tự động hóa
5076,DAD,cong-nghe-ky-thuat-dieu-khien-va-tu-dong-hoa,X07,Điểm thi THPT,2025,15.0,Công nghệ kỹ thuật điều khiển và tự động hóa
5077,DAD,cong-nghe-ky-thuat-dieu-khien-va-tu-dong-hoa,X26,Điểm thi THPT,2025,15.0,Công nghệ kỹ thuật điều khiển và tự động hóa
5078,DAD,cong-nghe-ky-thuat-o-to,A00,Điểm học bạ,2021,18.0,Công nghệ kỹ thuật ô tô
5079,DAD,cong-nghe-ky-thuat-o-to,A01,Điểm học bạ,2021,18.0,Công nghệ kỹ thuật ô tô
5080,DAD,cong-nghe-ky-thuat-o-to,D01,Điểm học bạ,2021,18.0,Công nghệ kỹ thuật ô tô
5081,DAD,cong-nghe-ky-thuat-o-to,D90,Điểm học bạ,2021,18.0,Công nghệ kỹ thuật ô tô
5082,DAD,cong-nghe-ky-thuat-o-to,A00,Điểm học bạ,2023,18.0,Công nghệ kỹ thuật ô tô
5083,DAD,cong-nghe-ky-thuat-o-to,A01,Điểm học bạ,2023,18.0,Công nghệ kỹ thuật ô tô
5084,DAD,cong-nghe-ky-thuat-o-to,D01,Điểm học bạ,2023,18.0,Công nghệ kỹ thuật ô tô
5085,DAD,cong-nghe-ky-thuat-o-to,D90,Điểm học bạ,2023,18.0,Công nghệ kỹ thuật ô tô
5086,DAD,cong-nghe-ky-thuat-o-to,A00,Điểm thi THPT,2023,15.0,Công nghệ kỹ thuật ô tô
5087,DAD,cong-nghe-ky-thuat-o-to,A01,Điểm thi THPT,2023,15.0,Công nghệ kỹ thuật ô tô
5088,DAD,cong-nghe-ky-thuat-o-to,D01,Điểm thi THPT,2023,15.0,Công nghệ kỹ thuật ô tô
5089,DAD,cong-nghe-ky-thuat-o-to,D90,Điểm thi THPT,2023,15.0,Công nghệ kỹ thuật ô tô
5090,DAD,cong-nghe-ky-thuat-o-to,A00,Điểm học bạ,2024,6.0,Công nghệ kỹ thuật ô tô
5091,DAD,cong-nghe-ky-thuat-o-to,A01,Điểm học bạ,2024,6.0,Công nghệ kỹ thuật ô tô
5092,DAD,cong-nghe-ky-thuat-o-to,C01,Điểm học bạ,2024,6.0,Công nghệ kỹ thuật ô tô
5093,DAD,cong-nghe-ky-thuat-o-to,D01,Điểm học bạ,2024,6.0,Công nghệ kỹ thuật ô tô
5094,DAD,cong-nghe-ky-thuat-o-to,A00,Điểm thi THPT,2024,15.0,Công nghệ kỹ thuật Ô tô
5095,DAD,cong-nghe-ky-thuat-o-to,A01,Điểm thi THPT,2024,15.0,Công nghệ kỹ thuật Ô tô
5096,DAD,cong-nghe-ky-thuat-o-to,D01,Điểm thi THPT,2024,15.0,Công nghệ kỹ thuật Ô tô
5097,DAD,cong-nghe-ky-thuat-o-to,D90,Điểm thi THPT,2024,15.0,Công nghệ kỹ thuật Ô tô
5098,DAD,cong-nghe-ky-thuat-o-to,A00,Điểm học bạ,2025,18.0,Công nghệ kỹ thuật ô tô
5099,DAD,cong-nghe-ky-thuat-o-to,A01,Điểm học bạ,2025,18.0,Công nghệ kỹ thuật ô tô
5100,DAD,cong-nghe-ky-thuat-o-to,A02,Điểm học bạ,2025,18.0,Công nghệ kỹ thuật ô tô
5101,DAD,cong-nghe-ky-thuat-o-to,A04,Điểm học bạ,2025,18.0,Công nghệ kỹ thuật ô tô
5102,DAD,cong-nghe-ky-thuat-o-to,C01,Điểm học bạ,2025,18.0,Công nghệ kỹ thuật ô tô
5103,DAD,cong-nghe-ky-thuat-o-to,X05,Điểm học bạ,2025,18.0,Công nghệ kỹ thuật ô tô
5104,DAD,cong-nghe-ky-thuat-o-to,X06,Điểm học bạ,2025,18.0,Công nghệ kỹ thuật ô tô
5105,DAD,cong-nghe-ky-thuat-o-to,X07,Điểm học bạ,2025,18.0,Công nghệ kỹ thuật ô tô
5106,DAD,cong-nghe-ky-thuat-o-to,X26,Điểm học bạ,2025,18.0,Công nghệ kỹ thuật ô tô
5107,DAD,cong-nghe-ky-thuat-o-to,A00,Điểm thi THPT,2025,15.0,Công nghệ kỹ thuật ô tô
5108,DAD,cong-nghe-ky-thuat-o-to,A01,Điểm thi THPT,2025,15.0,Công nghệ kỹ thuật ô tô
5109,DAD,cong-nghe-ky-thuat-o-to,A02,Điểm thi THPT,2025,15.0,Công nghệ kỹ thuật ô tô
5110,DAD,cong-nghe-ky-thuat-o-to,A04,Điểm thi THPT,2025,15.0,Công nghệ kỹ thuật ô tô
5111,DAD,cong-nghe-ky-thuat-o-to,C01,Điểm thi THPT,2025,15.0,Công nghệ kỹ thuật ô tô
5112,DAD,cong-nghe-ky-thuat-o-to,X05,Điểm thi THPT,2025,15.0,Công nghệ kỹ thuật ô tô
5113,DAD,cong-nghe-ky-thuat-o-to,X06,Điểm thi THPT,2025,15.0,Công nghệ kỹ thuật ô tô
5114,DAD,cong-nghe-ky-thuat-o-to,X07,Điểm thi THPT,2025,15.0,Công nghệ kỹ thuật ô tô
5115,DAD,cong-nghe-ky-thuat-o-to,X26,Điểm thi THPT,2025,15.0,Công nghệ kỹ thuật ô tô
5116,DAD,cong-nghe-ky-thuat-xay-dung,A00,Điểm học bạ,2021,18.0,Công nghệ kỹ thuật xây dựng
5117,DAD,cong-nghe-ky-thuat-xay-dung,A01,Điểm học bạ,2021,18.0,Công nghệ kỹ thuật xây dựng
5118,DAD,cong-nghe-ky-thuat-xay-dung,D01,Điểm học bạ,2021,18.0,Công nghệ kỹ thuật xây dựng
5119,DAD,cong-nghe-ky-thuat-xay-dung,D90,Điểm học bạ,2021,18.0,Công nghệ kỹ thuật xây dựng
5120,DAD,cong-nghe-ky-thuat-xay-dung,A00,Điểm học bạ,2023,6.0,Công nghệ kỹ thuật xây dựng
5121,DAD,cong-nghe-ky-thuat-xay-dung,A01,Điểm học bạ,2023,6.0,Công nghệ kỹ thuật xây dựng
5122,DAD,cong-nghe-ky-thuat-xay-dung,D01,Điểm học bạ,2023,6.0,Công nghệ kỹ thuật xây dựng
5123,DAD,cong-nghe-ky-thuat-xay-dung,D90,Điểm học bạ,2023,6.0,Công nghệ kỹ thuật xây dựng
5124,DAD,cong-nghe-ky-thuat-xay-dung,A00,Điểm thi THPT,2023,15.0,Công nghệ kỹ thuật xây dựng
5125,DAD,cong-nghe-ky-thuat-xay-dung,A01,Điểm thi THPT,2023,15.0,Công nghệ kỹ thuật xây dựng
5126,DAD,cong-nghe-ky-thuat-xay-dung,D01,Điểm thi THPT,2023,15.0,Công nghệ kỹ thuật xây dựng
5127,DAD,cong-nghe-ky-thuat-xay-dung,D90,Điểm thi THPT,2023,15.0,Công nghệ kỹ thuật xây dựng
5128,DAD,cong-nghe-ky-thuat-xay-dung,A00,Điểm học bạ,2024,6.0,Công nghệ kỹ thuật xây dựng
5129,DAD,cong-nghe-ky-thuat-xay-dung,A01,Điểm học bạ,2024,6.0,Công nghệ kỹ thuật xây dựng
5130,DAD,cong-nghe-ky-thuat-xay-dung,C01,Điểm học bạ,2024,6.0,Công nghệ kỹ thuật xây dựng
5131,DAD,cong-nghe-ky-thuat-xay-dung,D01,Điểm học bạ,2024,6.0,Công nghệ kỹ thuật xây dựng
5132,DAD,cong-nghe-ky-thuat-xay-dung,A00,Điểm thi THPT,2024,15.0,Công nghệ kỹ thuật Xây dựng
5133,DAD,cong-nghe-ky-thuat-xay-dung,A01,Điểm thi THPT,2024,15.0,Công nghệ kỹ thuật Xây dựng
5134,DAD,cong-nghe-ky-thuat-xay-dung,D01,Điểm thi THPT,2024,15.0,Công nghệ kỹ thuật Xây dựng
5135,DAD,cong-nghe-ky-thuat-xay-dung,D90,Điểm thi THPT,2024,15.0,Công nghệ kỹ thuật Xây dựng
5136,DAD,cong-nghe-ky-thuat-xay-dung,A00,Điểm học bạ,2025,18.0,Công nghệ kỹ thuật xây dựng
5137,DAD,cong-nghe-ky-thuat-xay-dung,A01,Điểm học bạ,2025,18.0,Công nghệ kỹ thuật xây dựng
5138,DAD,cong-nghe-ky-thuat-xay-dung,A02,Điểm học bạ,2025,18.0,Công nghệ kỹ thuật xây dựng
5139,DAD,cong-nghe-ky-thuat-xay-dung,A04,Điểm học bạ,2025,18.0,Công nghệ kỹ thuật xây dựng
5140,DAD,cong-nghe-ky-thuat-xay-dung,C01,Điểm học bạ,2025,18.0,Công nghệ kỹ thuật xây dựng
5141,DAD,cong-nghe-ky-thuat-xay-dung,X05,Điểm học bạ,2025,18.0,Công nghệ kỹ thuật xây dựng
5142,DAD,cong-nghe-ky-thuat-xay-dung,X06,Điểm học bạ,2025,18.0,Công nghệ kỹ thuật xây dựng
5143,DAD,cong-nghe-ky-thuat-xay-dung,X07,Điểm học bạ,2025,18.0,Công nghệ kỹ thuật xây dựng
5144,DAD,cong-nghe-ky-thuat-xay-dung,X26,Điểm học bạ,2025,18.0,Công nghệ kỹ thuật xây dựng
5145,DAD,cong-nghe-ky-thuat-xay-dung,A00,Điểm thi THPT,2025,15.0,Công nghệ kỹ thuật xây dựng
5146,DAD,cong-nghe-ky-thuat-xay-dung,A01,Điểm thi THPT,2025,15.0,Công nghệ kỹ thuật xây dựng
5147,DAD,cong-nghe-ky-thuat-xay-dung,A02,Điểm thi THPT,2025,15.0,Công nghệ kỹ thuật xây dựng
5148,DAD,cong-nghe-ky-thuat-xay-dung,A04,Điểm thi THPT,2025,15.0,Công nghệ kỹ thuật xây dựng
5149,DAD,cong-nghe-ky-thuat-xay-dung,C01,Điểm thi THPT,2025,15.0,Công nghệ kỹ thuật xây dựng
5150,DAD,cong-nghe-ky-thuat-xay-dung,X05,Điểm thi THPT,2025,15.0,Công nghệ kỹ thuật xây dựng
5151,DAD,cong-nghe-ky-thuat-xay-dung,X06,Điểm thi THPT,2025,15.0,Công nghệ kỹ thuật xây dựng
5152,DAD,cong-nghe-ky-thuat-xay-dung,X07,Điểm thi THPT,2025,15.0,Công nghệ kỹ thuật xây dựng
5153,DAD,cong-nghe-ky-thuat-xay-dung,X26,Điểm thi THPT,2025,15.0,Công nghệ kỹ thuật xây dựng
5154,DAD,cong-nghe-phan-mem,A00,Điểm học bạ,2024,6.0,Công nghệ phần mềm (CN)
5155,DAD,cong-nghe-phan-mem,A01,Điểm học bạ,2024,6.0,Công nghệ phần mềm (CN)
5156,DAD,cong-nghe-phan-mem,C04,Điểm học bạ,2024,6.0,Công nghệ phần mềm (CN)
5157,DAD,cong-nghe-phan-mem,D01,Điểm học bạ,2024,6.0,Công nghệ phần mềm (CN)
5158,DAD,cong-nghe-thong-tin,A00,Điểm học bạ,2021,18.0,Công nghệ thông tin
5159,DAD,cong-nghe-thong-tin,A01,Điểm học bạ,2021,18.0,Công nghệ thông tin
5160,DAD,cong-nghe-thong-tin,D01,Điểm học bạ,2021,18.0,Công nghệ thông tin
5161,DAD,cong-nghe-thong-tin,D90,Điểm học bạ,2021,18.0,Công nghệ thông tin
5162,DAD,cong-nghe-thong-tin,A00,Điểm thi THPT,2021,15.0,Công nghệ thông tin
5163,DAD,cong-nghe-thong-tin,A01,Điểm thi THPT,2021,15.0,Công nghệ thông tin
5164,DAD,cong-nghe-thong-tin,D01,Điểm thi THPT,2021,15.0,Công nghệ thông tin
5165,DAD,cong-nghe-thong-tin,D90,Điểm thi THPT,2021,15.0,Công nghệ thông tin
5166,DAD,cong-nghe-thong-tin,A00,Điểm thi THPT,2022,15.0,Công nghệ thông tin
5167,DAD,cong-nghe-thong-tin,A01,Điểm thi THPT,2022,15.0,Công nghệ thông tin
5168,DAD,cong-nghe-thong-tin,D01,Điểm thi THPT,2022,15.0,Công nghệ thông tin
5169,DAD,cong-nghe-thong-tin,D90,Điểm thi THPT,2022,15.0,Công nghệ thông tin
5170,DAD,cong-nghe-thong-tin,A00,Điểm học bạ,2023,6.0,Công nghệ thông tin
5171,DAD,cong-nghe-thong-tin,A01,Điểm học bạ,2023,6.0,Công nghệ thông tin
5172,DAD,cong-nghe-thong-tin,D01,Điểm học bạ,2023,6.0,Công nghệ thông tin
5173,DAD,cong-nghe-thong-tin,D90,Điểm học bạ,2023,6.0,Công nghệ thông tin
5174,DAD,cong-nghe-thong-tin,A00,Điểm thi THPT,2023,15.0,Công nghệ thông tin
5175,DAD,cong-nghe-thong-tin,A01,Điểm thi THPT,2023,15.0,Công nghệ thông tin
5176,DAD,cong-nghe-thong-tin,D01,Điểm thi THPT,2023,15.0,Công nghệ thông tin
5177,DAD,cong-nghe-thong-tin,D90,Điểm thi THPT,2023,15.0,Công nghệ thông tin
5178,DAD,cong-nghe-thong-tin,A00,Điểm học bạ,2024,6.0,Công nghệ thông tin
5179,DAD,cong-nghe-thong-tin,A01,Điểm học bạ,2024,6.0,Công nghệ thông tin
5180,DAD,cong-nghe-thong-tin,C01,Điểm học bạ,2024,6.0,Công nghệ thông tin
5181,DAD,cong-nghe-thong-tin,D01,Điểm học bạ,2024,6.0,Công nghệ thông tin
5182,DAD,cong-nghe-thong-tin,A00,Điểm thi THPT,2024,15.0,Công nghệ thông tin (CN thiết kế vi mạch bán dẫn)
5183,DAD,cong-nghe-thong-tin,A01,Điểm thi THPT,2024,15.0,Công nghệ thông tin (CN thiết kế vi mạch bán dẫn)
5184,DAD,cong-nghe-thong-tin,D01,Điểm thi THPT,2024,15.0,Công nghệ thông tin (CN thiết kế vi mạch bán dẫn)
5185,DAD,cong-nghe-thong-tin,D90,Điểm thi THPT,2024,15.0,Công nghệ thông tin (CN thiết kế vi mạch bán dẫn)
5186,DAD,cong-nghe-thong-tin,A00,Điểm học bạ,2025,18.0,Công nghệ thông tin
5187,DAD,cong-nghe-thong-tin,A01,Điểm học bạ,2025,18.0,Công nghệ thông tin
5188,DAD,cong-nghe-thong-tin,D01,Điểm học bạ,2025,18.0,Công nghệ thông tin
5189,DAD,cong-nghe-thong-tin,X01,Điểm học bạ,2025,18.0,Công nghệ thông tin
5190,DAD,cong-nghe-thong-tin,X02,Điểm học bạ,2025,18.0,Công nghệ thông tin
5191,DAD,cong-nghe-thong-tin,X06,Điểm học bạ,2025,18.0,Công nghệ thông tin
5192,DAD,cong-nghe-thong-tin,X07,Điểm học bạ,2025,18.0,Công nghệ thông tin
5193,DAD,cong-nghe-thong-tin,X25,Điểm học bạ,2025,18.0,Công nghệ thông tin
5194,DAD,cong-nghe-thong-tin,X26,Điểm học bạ,2025,18.0,Công nghệ thông tin
5195,DAD,cong-nghe-thong-tin,A00,Điểm thi THPT,2025,15.0,Công nghệ thông tin
5196,DAD,cong-nghe-thong-tin,A01,Điểm thi THPT,2025,15.0,Công nghệ thông tin
5197,DAD,cong-nghe-thong-tin,D01,Điểm thi THPT,2025,15.0,Công nghệ thông tin
5198,DAD,cong-nghe-thong-tin,X01,Điểm thi THPT,2025,15.0,Công nghệ thông tin
5199,DAD,cong-nghe-thong-tin,X02,Điểm thi THPT,2025,15.0,Công nghệ thông tin
5200,DAD,cong-nghe-thong-tin,X06,Điểm thi THPT,2025,15.0,Công nghệ thông tin
5201,DAD,cong-nghe-thong-tin,X07,Điểm thi THPT,2025,15.0,Công nghệ thông tin
5202,DAD,cong-nghe-thong-tin,X25,Điểm thi THPT,2025,15.0,Công nghệ thông tin
5203,DAD,cong-nghe-thong-tin,X26,Điểm thi THPT,2025,15.0,Công nghệ thông tin
5204,DAD,cong-nghe-thuc-pham,A00,Điểm học bạ,2021,18.0,Công nghệ thực phẩm
5205,DAD,cong-nghe-thuc-pham,B00,Điểm học bạ,2021,18.0,Công nghệ thực phẩm
5206,DAD,cong-nghe-thuc-pham,B08,Điểm học bạ,2021,18.0,Công nghệ thực phẩm
5207,DAD,cong-nghe-thuc-pham,D01,Điểm học bạ,2021,18.0,Công nghệ thực phẩm
5208,DAD,cong-nghe-thuc-pham,A00,Điểm thi THPT,2021,15.0,Công nghệ thực phẩm
5209,DAD,cong-nghe-thuc-pham,B00,Điểm thi THPT,2021,15.0,Công nghệ thực phẩm
5210,DAD,cong-nghe-thuc-pham,B08,Điểm thi THPT,2021,15.0,Công nghệ thực phẩm
5211,DAD,cong-nghe-thuc-pham,D01,Điểm thi THPT,2021,15.0,Công nghệ thực phẩm
5212,DAD,cong-nghe-thuc-pham,A00,Điểm thi THPT,2022,15.0,Công nghệ thực phẩm
5213,DAD,cong-nghe-thuc-pham,B00,Điểm thi THPT,2022,15.0,Công nghệ thực phẩm
5214,DAD,cong-nghe-thuc-pham,B08,Điểm thi THPT,2022,15.0,Công nghệ thực phẩm
5215,DAD,cong-nghe-thuc-pham,D01,Điểm thi THPT,2022,15.0,Công nghệ thực phẩm
5216,DAD,cong-nghe-thuc-pham,A00,Điểm học bạ,2023,18.0,Công nghệ thực phẩm
5217,DAD,cong-nghe-thuc-pham,B00,Điểm học bạ,2023,18.0,Công nghệ thực phẩm
5218,DAD,cong-nghe-thuc-pham,B08,Điểm học bạ,2023,18.0,Công nghệ thực phẩm
5219,DAD,cong-nghe-thuc-pham,D01,Điểm học bạ,2023,18.0,Công nghệ thực phẩm
5220,DAD,cong-nghe-thuc-pham,A00,Điểm thi THPT,2023,15.0,Công nghệ thực phẩm
5221,DAD,cong-nghe-thuc-pham,B00,Điểm thi THPT,2023,15.0,Công nghệ thực phẩm
5222,DAD,cong-nghe-thuc-pham,B08,Điểm thi THPT,2023,15.0,Công nghệ thực phẩm
5223,DAD,cong-nghe-thuc-pham,D01,Điểm thi THPT,2023,15.0,Công nghệ thực phẩm
5224,DAD,cong-nghe-thuc-pham,A00,Điểm học bạ,2024,6.0,Công nghệ thực phẩm
5225,DAD,cong-nghe-thuc-pham,B00,Điểm học bạ,2024,6.0,Công nghệ thực phẩm
5226,DAD,cong-nghe-thuc-pham,B08,Điểm học bạ,2024,6.0,Công nghệ thực phẩm
5227,DAD,cong-nghe-thuc-pham,D01,Điểm học bạ,2024,6.0,Công nghệ thực phẩm
5228,DAD,cong-nghe-thuc-pham,A00,Điểm thi THPT,2024,15.0,Công nghệ thực phẩm
5229,DAD,cong-nghe-thuc-pham,B00,Điểm thi THPT,2024,15.0,Công nghệ thực phẩm
5230,DAD,cong-nghe-thuc-pham,B08,Điểm thi THPT,2024,15.0,Công nghệ thực phẩm
5231,DAD,cong-nghe-thuc-pham,D01,Điểm thi THPT,2024,15.0,Công nghệ thực phẩm
5232,DAD,cong-nghe-thuc-pham,A00,Điểm học bạ,2025,18.0,Công nghệ thực phẩm
5233,DAD,cong-nghe-thuc-pham,A02,Điểm học bạ,2025,18.0,Công nghệ thực phẩm
5234,DAD,cong-nghe-thuc-pham,B00,Điểm học bạ,2025,18.0,Công nghệ thực phẩm
5235,DAD,cong-nghe-thuc-pham,B02,Điểm học bạ,2025,18.0,Công nghệ thực phẩm
5236,DAD,cong-nghe-thuc-pham,B03,Điểm học bạ,2025,18.0,Công nghệ thực phẩm
5237,DAD,cong-nghe-thuc-pham,B08,Điểm học bạ,2025,18.0,Công nghệ thực phẩm
5238,DAD,cong-nghe-thuc-pham,X09,Điểm học bạ,2025,18.0,Công nghệ thực phẩm
5239,DAD,cong-nghe-thuc-pham,X13,Điểm học bạ,2025,18.0,Công nghệ thực phẩm
5240,DAD,cong-nghe-thuc-pham,X14,Điểm học bạ,2025,18.0,Công nghệ thực phẩm
5241,DAD,cong-nghe-thuc-pham,A00,Điểm thi THPT,2025,15.0,Công nghệ thực phẩm
5242,DAD,cong-nghe-thuc-pham,A02,Điểm thi THPT,2025,15.0,Công nghệ thực phẩm
5243,DAD,cong-nghe-thuc-pham,B00,Điểm thi THPT,2025,15.0,Công nghệ thực phẩm
5244,DAD,cong-nghe-thuc-pham,B02,Điểm thi THPT,2025,15.0,Công nghệ thực phẩm
5245,DAD,cong-nghe-thuc-pham,B03,Điểm thi THPT,2025,15.0,Công nghệ thực phẩm
5246,DAD,cong-nghe-thuc-pham,B08,Điểm thi THPT,2025,15.0,Công nghệ thực phẩm
5247,DAD,cong-nghe-thuc-pham,X09,Điểm thi THPT,2025,15.0,Công nghệ thực phẩm
5248,DAD,cong-nghe-thuc-pham,X13,Điểm thi THPT,2025,15.0,Công nghệ thực phẩm
5249,DAD,cong-nghe-thuc-pham,X14,Điểm thi THPT,2025,15.0,Công nghệ thực phẩm
5250,DAD,dieu-duong,A00,Điểm học bạ,2021,19.5,Điều dưỡng
5251,DAD,dieu-duong,B00,Điểm học bạ,2021,19.5,Điều dưỡng
5252,DAD,dieu-duong,B08,Điểm học bạ,2021,19.5,Điều dưỡng
5253,DAD,dieu-duong,D90,Điểm học bạ,2021,19.5,Điều dưỡng
5254,DAD,dieu-duong,A00,Điểm thi THPT,2021,19.0,Điều dưỡng
5255,DAD,dieu-duong,B00,Điểm thi THPT,2021,19.0,Điều dưỡng
5256,DAD,dieu-duong,B08,Điểm thi THPT,2021,19.0,Điều dưỡng
5257,DAD,dieu-duong,D90,Điểm thi THPT,2021,19.0,Điều dưỡng
5258,DAD,dieu-duong,A00,Điểm thi THPT,2022,19.0,Điều dưỡng
5259,DAD,dieu-duong,B00,Điểm thi THPT,2022,19.0,Điều dưỡng
5260,DAD,dieu-duong,B08,Điểm thi THPT,2022,19.0,Điều dưỡng
5261,DAD,dieu-duong,D90,Điểm thi THPT,2022,19.0,Điều dưỡng
5262,DAD,dieu-duong,A00,Điểm học bạ,2023,6.5,Điều dưỡng
5263,DAD,dieu-duong,B00,Điểm học bạ,2023,6.5,Điều dưỡng
5264,DAD,dieu-duong,B08,Điểm học bạ,2023,6.5,Điều dưỡng
5265,DAD,dieu-duong,D90,Điểm học bạ,2023,6.5,Điều dưỡng
5266,DAD,dieu-duong,A00,Điểm thi THPT,2023,19.0,Điều dưỡng
5267,DAD,dieu-duong,B00,Điểm thi THPT,2023,19.0,Điều dưỡng
5268,DAD,dieu-duong,B08,Điểm thi THPT,2023,19.0,Điều dưỡng
5269,DAD,dieu-duong,D90,Điểm thi THPT,2023,19.0,Điều dưỡng
5270,DAD,dieu-duong,A00,Điểm học bạ,2024,6.5,Điều dưỡng
5271,DAD,dieu-duong,B00,Điểm học bạ,2024,6.5,Điều dưỡng
5272,DAD,dieu-duong,B03,Điểm học bạ,2024,6.5,Điều dưỡng
5273,DAD,dieu-duong,B08,Điểm học bạ,2024,6.5,Điều dưỡng
5274,DAD,dieu-duong,A00,Điểm thi THPT,2024,19.0,Điều dưỡng
5275,DAD,dieu-duong,B00,Điểm thi THPT,2024,19.0,Điều dưỡng
5276,DAD,dieu-duong,B08,Điểm thi THPT,2024,19.0,Điều dưỡng
5277,DAD,dieu-duong,D90,Điểm thi THPT,2024,19.0,Điều dưỡng
5278,DAD,dieu-duong,A00,Điểm học bạ,2025,19.5,Điều dưỡng
5279,DAD,dieu-duong,A02,Điểm học bạ,2025,19.5,Điều dưỡng
5280,DAD,dieu-duong,B00,Điểm học bạ,2025,19.5,Điều dưỡng
5281,DAD,dieu-duong,B03,Điểm học bạ,2025,19.5,Điều dưỡng
5282,DAD,dieu-duong,B08,Điểm học bạ,2025,19.5,Điều dưỡng
5283,DAD,dieu-duong,D07,Điểm học bạ,2025,19.5,Điều dưỡng
5284,DAD,dieu-duong,X11,Điểm học bạ,2025,19.5,Điều dưỡng
5285,DAD,dieu-duong,X13,Điểm học bạ,2025,19.5,Điều dưỡng
5286,DAD,dieu-duong,X14,Điểm học bạ,2025,19.5,Điều dưỡng
5287,DAD,dieu-duong,A00,Điểm thi THPT,2025,17.0,Điều dưỡng
5288,DAD,dieu-duong,A02,Điểm thi THPT,2025,17.0,Điều dưỡng
5289,DAD,dieu-duong,B00,Điểm thi THPT,2025,17.0,Điều dưỡng
5290,DAD,dieu-duong,B03,Điểm thi THPT,2025,17.0,Điều dưỡng
5291,DAD,dieu-duong,B08,Điểm thi THPT,2025,17.0,Điều dưỡng
5292,DAD,dieu-duong,D07,Điểm thi THPT,2025,17.0,Điều dưỡng
5293,DAD,dieu-duong,X11,Điểm thi THPT,2025,17.0,Điều dưỡng
5294,DAD,dieu-duong,X13,Điểm thi THPT,2025,17.0,Điều dưỡng
5295,DAD,dieu-duong,X14,Điểm thi THPT,2025,17.0,Điều dưỡng
5296,DAD,digital-marketing,A00,Điểm học bạ,2023,18.0,Digital Marketing (Phân hiệu tại Đăk Lăk)
5297,DAD,digital-marketing,A01,Điểm học bạ,2023,18.0,Digital Marketing (Phân hiệu tại Đăk Lăk)
5298,DAD,digital-marketing,D01,Điểm học bạ,2023,18.0,Digital Marketing (Phân hiệu tại Đăk Lăk)
5299,DAD,digital-marketing,D78,Điểm học bạ,2023,18.0,Digital Marketing (Phân hiệu tại Đăk Lăk)
5300,DAD,digital-marketing,A00,Điểm thi THPT,2023,15.0,Digital Marketing (Phân hiệu tại Đăk Lăk)
5301,DAD,digital-marketing,A01,Điểm thi THPT,2023,15.0,Digital Marketing (Phân hiệu tại Đăk Lăk)
5302,DAD,digital-marketing,D01,Điểm thi THPT,2023,15.0,Digital Marketing (Phân hiệu tại Đăk Lăk)
5303,DAD,digital-marketing,D78,Điểm thi THPT,2023,15.0,Digital Marketing (Phân hiệu tại Đăk Lăk)
5304,DAD,digital-marketing,A00,Điểm học bạ,2024,6.0,Digital Marketing (CN)
5305,DAD,digital-marketing,A01,Điểm học bạ,2024,6.0,Digital Marketing (CN)
5306,DAD,digital-marketing,C01,Điểm học bạ,2024,6.0,Digital Marketing (CN)
5307,DAD,digital-marketing,D01,Điểm học bạ,2024,6.0,Digital Marketing (CN)
5308,DAD,digital-marketing,A00,Điểm học bạ,2025,18.0,Digital Marketing
5309,DAD,digital-marketing,A01,Điểm học bạ,2025,18.0,Digital Marketing
5310,DAD,digital-marketing,A07,Điểm học bạ,2025,18.0,Digital Marketing
5311,DAD,digital-marketing,D01,Điểm học bạ,2025,18.0,Digital Marketing
5312,DAD,digital-marketing,D10,Điểm học bạ,2025,18.0,Digital Marketing
5313,DAD,digital-marketing,X01,Điểm học bạ,2025,18.0,Digital Marketing
5314,DAD,digital-marketing,X02,Điểm học bạ,2025,18.0,Digital Marketing
5315,DAD,digital-marketing,X17,Điểm học bạ,2025,18.0,Digital Marketing
5316,DAD,digital-marketing,X21,Điểm học bạ,2025,18.0,Digital Marketing
5317,DAD,digital-marketing,A00,Điểm thi THPT,2025,15.0,Digital Marketing
5318,DAD,digital-marketing,A01,Điểm thi THPT,2025,15.0,Digital Marketing
5319,DAD,digital-marketing,A07,Điểm thi THPT,2025,15.0,Digital Marketing
5320,DAD,digital-marketing,D01,Điểm thi THPT,2025,15.0,Digital Marketing
5321,DAD,digital-marketing,D10,Điểm thi THPT,2025,15.0,Digital Marketing
5322,DAD,digital-marketing,X01,Điểm thi THPT,2025,15.0,Digital Marketing
5323,DAD,digital-marketing,X02,Điểm thi THPT,2025,15.0,Digital Marketing
5324,DAD,digital-marketing,X17,Điểm thi THPT,2025,15.0,Digital Marketing
5325,DAD,digital-marketing,X21,Điểm thi THPT,2025,15.0,Digital Marketing
5326,DAD,dinh-duong,A00,Điểm học bạ,2021,18.0,Dinh dưỡng
5327,DAD,dinh-duong,B00,Điểm học bạ,2021,18.0,Dinh dưỡng
5328,DAD,dinh-duong,B08,Điểm học bạ,2021,18.0,Dinh dưỡng
5329,DAD,dinh-duong,D90,Điểm học bạ,2021,18.0,Dinh dưỡng
5330,DAD,dinh-duong,A00,Điểm thi THPT,2021,15.0,Dinh dưỡng
5331,DAD,dinh-duong,B00,Điểm thi THPT,2021,15.0,Dinh dưỡng
5332,DAD,dinh-duong,B08,Điểm thi THPT,2021,15.0,Dinh dưỡng
5333,DAD,dinh-duong,D90,Điểm thi THPT,2021,15.0,Dinh dưỡng
5334,DAD,dinh-duong,A00,Điểm thi THPT,2022,15.0,Dinh dưỡng
5335,DAD,dinh-duong,B00,Điểm thi THPT,2022,15.0,Dinh dưỡng
5336,DAD,dinh-duong,B08,Điểm thi THPT,2022,15.0,Dinh dưỡng
5337,DAD,dinh-duong,D90,Điểm thi THPT,2022,15.0,Dinh dưỡng
5338,DAD,dinh-duong,A00,Điểm học bạ,2023,18.0,Dinh dưỡng
5339,DAD,dinh-duong,B00,Điểm học bạ,2023,18.0,Dinh dưỡng
5340,DAD,dinh-duong,B08,Điểm học bạ,2023,18.0,Dinh dưỡng
5341,DAD,dinh-duong,D90,Điểm học bạ,2023,18.0,Dinh dưỡng
5342,DAD,dinh-duong,A00,Điểm thi THPT,2023,15.0,Dinh dưỡng
5343,DAD,dinh-duong,B00,Điểm thi THPT,2023,15.0,Dinh dưỡng
5344,DAD,dinh-duong,B08,Điểm thi THPT,2023,15.0,Dinh dưỡng
5345,DAD,dinh-duong,D90,Điểm thi THPT,2023,15.0,Dinh dưỡng
5346,DAD,dinh-duong,A00,Điểm học bạ,2024,6.0,Dinh dưỡng
5347,DAD,dinh-duong,B00,Điểm học bạ,2024,6.0,Dinh dưỡng
5348,DAD,dinh-duong,B08,Điểm học bạ,2024,6.0,Dinh dưỡng
5349,DAD,dinh-duong,D07,Điểm học bạ,2024,6.0,Dinh dưỡng
5350,DAD,dinh-duong,A00,Điểm thi THPT,2024,15.0,Dinh dưỡng
5351,DAD,dinh-duong,B00,Điểm thi THPT,2024,15.0,Dinh dưỡng
5352,DAD,dinh-duong,B08,Điểm thi THPT,2024,15.0,Dinh dưỡng
5353,DAD,dinh-duong,D90,Điểm thi THPT,2024,15.0,Dinh dưỡng
5354,DAD,dinh-duong,A00,Điểm học bạ,2025,18.0,Dinh dưỡng
5355,DAD,dinh-duong,A02,Điểm học bạ,2025,18.0,Dinh dưỡng
5356,DAD,dinh-duong,B00,Điểm học bạ,2025,18.0,Dinh dưỡng
5357,DAD,dinh-duong,B03,Điểm học bạ,2025,18.0,Dinh dưỡng
5358,DAD,dinh-duong,B08,Điểm học bạ,2025,18.0,Dinh dưỡng
5359,DAD,dinh-duong,D07,Điểm học bạ,2025,18.0,Dinh dưỡng
5360,DAD,dinh-duong,X11,Điểm học bạ,2025,18.0,Dinh dưỡng
5361,DAD,dinh-duong,X13,Điểm học bạ,2025,18.0,Dinh dưỡng
5362,DAD,dinh-duong,X14,Điểm học bạ,2025,18.0,Dinh dưỡng
5363,DAD,dinh-duong,A00,Điểm thi THPT,2025,15.0,Dinh dưỡng
5364,DAD,dinh-duong,A02,Điểm thi THPT,2025,15.0,Dinh dưỡng
5365,DAD,dinh-duong,B00,Điểm thi THPT,2025,15.0,Dinh dưỡng
5366,DAD,dinh-duong,B03,Điểm thi THPT,2025,15.0,Dinh dưỡng
5367,DAD,dinh-duong,B08,Điểm thi THPT,2025,15.0,Dinh dưỡng
5368,DAD,dinh-duong,D07,Điểm thi THPT,2025,15.0,Dinh dưỡng
5369,DAD,dinh-duong,X11,Điểm thi THPT,2025,15.0,Dinh dưỡng
5370,DAD,dinh-duong,X13,Điểm thi THPT,2025,15.0,Dinh dưỡng
5371,DAD,dinh-duong,X14,Điểm thi THPT,2025,15.0,Dinh dưỡng
5372,DAD,do-hoa,A01,Điểm học bạ,2025,18.0,Đồ họa
5373,DAD,do-hoa,D01,Điểm học bạ,2025,18.0,Đồ họa
5374,DAD,do-hoa,V00,Điểm học bạ,2025,18.0,Đồ họa
5375,DAD,do-hoa,V01,Điểm học bạ,2025,18.0,Đồ họa
5376,DAD,do-hoa,V02,Điểm học bạ,2025,18.0,Đồ họa
5377,DAD,do-hoa,V04,Điểm học bạ,2025,18.0,Đồ họa
5378,DAD,do-hoa,X02,Điểm học bạ,2025,18.0,Đồ họa
5379,DAD,do-hoa,X06,Điểm học bạ,2025,18.0,Đồ họa
5380,DAD,do-hoa,X07,Điểm học bạ,2025,18.0,Đồ họa
5381,DAD,do-hoa,A01,Điểm thi THPT,2025,15.0,Đồ họa
5382,DAD,do-hoa,D01,Điểm thi THPT,2025,15.0,Đồ họa
5383,DAD,do-hoa,V00,Điểm thi THPT,2025,15.0,Đồ họa
5384,DAD,do-hoa,V01,Điểm thi THPT,2025,15.0,Đồ họa
5385,DAD,do-hoa,V02,Điểm thi THPT,2025,15.0,Đồ họa
5386,DAD,do-hoa,V04,Điểm thi THPT,2025,15.0,Đồ họa
5387,DAD,do-hoa,X02,Điểm thi THPT,2025,15.0,Đồ họa
5388,DAD,do-hoa,X06,Điểm thi THPT,2025,15.0,Đồ họa
5389,DAD,do-hoa,X07,Điểm thi THPT,2025,15.0,Đồ họa
5390,DAD,duoc,A00,Điểm thi THPT,2024,21.0,Dược
5391,DAD,duoc,B00,Điểm thi THPT,2024,21.0,Dược
5392,DAD,duoc,D07,Điểm thi THPT,2024,21.0,Dược
5393,DAD,duoc,D90,Điểm thi THPT,2024,21.0,Dược
5394,DAD,duoc-hoc,A00,Điểm học bạ,2021,8.0,Dược học
5395,DAD,duoc-hoc,B00,Điểm học bạ,2021,8.0,Dược học
5396,DAD,duoc-hoc,D07,Điểm học bạ,2021,8.0,Dược học
5397,DAD,duoc-hoc,D90,Điểm học bạ,2021,8.0,Dược học
5398,DAD,duoc-hoc,A00,Điểm thi THPT,2021,21.0,Dược học
5399,DAD,duoc-hoc,B00,Điểm thi THPT,2021,21.0,Dược học
5400,DAD,duoc-hoc,D07,Điểm thi THPT,2021,21.0,Dược học
5401,DAD,duoc-hoc,D90,Điểm thi THPT,2021,21.0,Dược học
5402,DAD,duoc-hoc,A00,Điểm thi THPT,2022,21.0,Dược học
5403,DAD,duoc-hoc,B00,Điểm thi THPT,2022,21.0,Dược học
5404,DAD,duoc-hoc,D07,Điểm thi THPT,2022,21.0,Dược học
5405,DAD,duoc-hoc,D90,Điểm thi THPT,2022,21.0,Dược học
5406,DAD,duoc-hoc,A00,Điểm học bạ,2023,8.0,Dược học
5407,DAD,duoc-hoc,B00,Điểm học bạ,2023,8.0,Dược học
5408,DAD,duoc-hoc,D07,Điểm học bạ,2023,8.0,Dược học
5409,DAD,duoc-hoc,D90,Điểm học bạ,2023,8.0,Dược học
5410,DAD,duoc-hoc,A00,Điểm thi THPT,2023,21.0,Dược học
5411,DAD,duoc-hoc,B00,Điểm thi THPT,2023,21.0,Dược học
5412,DAD,duoc-hoc,D07,Điểm thi THPT,2023,21.0,Dược học
5413,DAD,duoc-hoc,D90,Điểm thi THPT,2023,21.0,Dược học
5414,DAD,duoc-hoc,A00,Điểm học bạ,2024,8.0,Dược học
5415,DAD,duoc-hoc,B00,Điểm học bạ,2024,8.0,Dược học
5416,DAD,duoc-hoc,C02,Điểm học bạ,2024,8.0,Dược học
5417,DAD,duoc-hoc,D07,Điểm học bạ,2024,8.0,Dược học
5418,DAD,duoc-hoc,A00,Điểm học bạ,2025,24.0,Dược học
5419,DAD,duoc-hoc,A02,Điểm học bạ,2025,24.0,Dược học
5420,DAD,duoc-hoc,B00,Điểm học bạ,2025,24.0,Dược học
5421,DAD,duoc-hoc,B08,Điểm học bạ,2025,24.0,Dược học
5422,DAD,duoc-hoc,D07,Điểm học bạ,2025,24.0,Dược học
5423,DAD,duoc-hoc,X09,Điểm học bạ,2025,24.0,Dược học
5424,DAD,duoc-hoc,X11,Điểm học bạ,2025,24.0,Dược học
5425,DAD,duoc-hoc,X13,Điểm học bạ,2025,24.0,Dược học
5426,DAD,duoc-hoc,X14,Điểm học bạ,2025,24.0,Dược học
5427,DAD,duoc-hoc,A00,Điểm thi THPT,2025,19.0,Dược học
5428,DAD,duoc-hoc,A02,Điểm thi THPT,2025,19.0,Dược học
5429,DAD,duoc-hoc,B00,Điểm thi THPT,2025,19.0,Dược học
5430,DAD,duoc-hoc,B08,Điểm thi THPT,2025,19.0,Dược học
5431,DAD,duoc-hoc,D07,Điểm thi THPT,2025,19.0,Dược học
5432,DAD,duoc-hoc,X09,Điểm thi THPT,2025,19.0,Dược học
5433,DAD,duoc-hoc,X11,Điểm thi THPT,2025,19.0,Dược học
5434,DAD,duoc-hoc,X13,Điểm thi THPT,2025,19.0,Dược học
5435,DAD,duoc-hoc,X14,Điểm thi THPT,2025,19.0,Dược học
5436,DAD,giao-duc-mam-non,C00,Điểm học bạ,2021,24.0,Giáo dục Mầm non
5437,DAD,giao-duc-mam-non,D01,Điểm học bạ,2021,24.0,Giáo dục Mầm non
5438,DAD,giao-duc-mam-non,M01,Điểm học bạ,2021,24.0,Giáo dục Mầm non
5439,DAD,giao-duc-mam-non,M06,Điểm học bạ,2021,24.0,Giáo dục Mầm non
5440,DAD,giao-duc-mam-non,C00,Điểm thi THPT,2021,19.0,Giáo dục Mầm non
5441,DAD,giao-duc-mam-non,D01,Điểm thi THPT,2021,19.0,Giáo dục Mầm non
5442,DAD,giao-duc-mam-non,M01,Điểm thi THPT,2021,19.0,Giáo dục Mầm non
5443,DAD,giao-duc-mam-non,M06,Điểm thi THPT,2021,19.0,Giáo dục Mầm non
5444,DAD,giao-duc-mam-non,A00,Điểm thi THPT,2022,19.0,Giáo dục Mầm non
5445,DAD,giao-duc-mam-non,C00,Điểm thi THPT,2022,19.0,Giáo dục Mầm non
5446,DAD,giao-duc-mam-non,D01,Điểm thi THPT,2022,19.0,Giáo dục Mầm non
5447,DAD,giao-duc-mam-non,M06,Điểm thi THPT,2022,19.0,Giáo dục Mầm non
5448,DAD,giao-duc-tieu-hoc,A00,Điểm học bạ,2021,24.0,Giáo dục Tiểu học
5449,DAD,giao-duc-tieu-hoc,C00,Điểm học bạ,2021,24.0,Giáo dục Tiểu học
5450,DAD,giao-duc-tieu-hoc,D01,Điểm học bạ,2021,24.0,Giáo dục Tiểu học
5451,DAD,giao-duc-tieu-hoc,M06,Điểm học bạ,2021,24.0,Giáo dục Tiểu học
5452,DAD,giao-duc-tieu-hoc,A00,Điểm thi THPT,2021,19.0,Giáo dục Tiểu học
5453,DAD,giao-duc-tieu-hoc,C00,Điểm thi THPT,2021,19.0,Giáo dục Tiểu học
5454,DAD,giao-duc-tieu-hoc,D01,Điểm thi THPT,2021,19.0,Giáo dục Tiểu học
5455,DAD,giao-duc-tieu-hoc,M06,Điểm thi THPT,2021,19.0,Giáo dục Tiểu học
5456,DAD,giao-duc-tieu-hoc,A00,Điểm thi THPT,2022,19.0,Giáo dục Tiểu học
5457,DAD,giao-duc-tieu-hoc,C00,Điểm thi THPT,2022,19.0,Giáo dục Tiểu học
5458,DAD,giao-duc-tieu-hoc,D01,Điểm thi THPT,2022,19.0,Giáo dục Tiểu học
5459,DAD,giao-duc-tieu-hoc,M06,Điểm thi THPT,2022,19.0,Giáo dục Tiểu học
5460,DAD,ho-sinh,A00,Điểm học bạ,2023,19.5,Hộ sinh
5461,DAD,ho-sinh,B00,Điểm học bạ,2023,19.5,Hộ sinh
5462,DAD,ho-sinh,B08,Điểm học bạ,2023,19.5,Hộ sinh
5463,DAD,ho-sinh,D90,Điểm học bạ,2023,19.5,Hộ sinh
5464,DAD,ho-sinh,A00,Điểm thi THPT,2023,19.0,Hộ sinh
5465,DAD,ho-sinh,B00,Điểm thi THPT,2023,19.0,Hộ sinh
5466,DAD,ho-sinh,B08,Điểm thi THPT,2023,19.0,Hộ sinh
5467,DAD,ho-sinh,D90,Điểm thi THPT,2023,19.0,Hộ sinh
5468,DAD,ho-sinh,A00,Điểm học bạ,2024,6.5,Hộ sinh
5469,DAD,ho-sinh,B00,Điểm học bạ,2024,6.5,Hộ sinh
5470,DAD,ho-sinh,B03,Điểm học bạ,2024,6.5,Hộ sinh
5471,DAD,ho-sinh,B08,Điểm học bạ,2024,6.5,Hộ sinh
5472,DAD,ho-sinh,A00,Điểm thi THPT,2024,19.0,Hộ sinh
5473,DAD,ho-sinh,B00,Điểm thi THPT,2024,19.0,Hộ sinh
5474,DAD,ho-sinh,B08,Điểm thi THPT,2024,19.0,Hộ sinh
5475,DAD,ho-sinh,D90,Điểm thi THPT,2024,19.0,Hộ sinh
5476,DAD,ho-sinh,A00,Điểm học bạ,2025,19.5,Hộ sinh
5477,DAD,ho-sinh,A02,Điểm học bạ,2025,19.5,Hộ sinh
5478,DAD,ho-sinh,B00,Điểm học bạ,2025,19.5,Hộ sinh
5479,DAD,ho-sinh,B03,Điểm học bạ,2025,19.5,Hộ sinh
5480,DAD,ho-sinh,B08,Điểm học bạ,2025,19.5,Hộ sinh
5481,DAD,ho-sinh,D07,Điểm học bạ,2025,19.5,Hộ sinh
5482,DAD,ho-sinh,X11,Điểm học bạ,2025,19.5,Hộ sinh
5483,DAD,ho-sinh,X13,Điểm học bạ,2025,19.5,Hộ sinh
5484,DAD,ho-sinh,X14,Điểm học bạ,2025,19.5,Hộ sinh
5485,DAD,ho-sinh,A00,Điểm thi THPT,2025,17.0,Hộ sinh
5486,DAD,ho-sinh,A02,Điểm thi THPT,2025,17.0,Hộ sinh
5487,DAD,ho-sinh,B00,Điểm thi THPT,2025,17.0,Hộ sinh
5488,DAD,ho-sinh,B03,Điểm thi THPT,2025,17.0,Hộ sinh
5489,DAD,ho-sinh,B08,Điểm thi THPT,2025,17.0,Hộ sinh
5490,DAD,ho-sinh,D07,Điểm thi THPT,2025,17.0,Hộ sinh
5491,DAD,ho-sinh,X11,Điểm thi THPT,2025,17.0,Hộ sinh
5492,DAD,ho-sinh,X13,Điểm thi THPT,2025,17.0,Hộ sinh
5493,DAD,ho-sinh,X14,Điểm thi THPT,2025,17.0,Hộ sinh
5494,DAD,ke-toan,A00,Điểm học bạ,2021,6.0,Kế toán
5495,DAD,ke-toan,A01,Điểm học bạ,2021,6.0,Kế toán
5496,DAD,ke-toan,C01,Điểm học bạ,2021,6.0,Kế toán
5497,DAD,ke-toan,D01,Điểm học bạ,2021,6.0,Kế toán
5498,DAD,ke-toan,A00,Điểm thi THPT,2021,15.0,Kế toán
5499,DAD,ke-toan,A01,Điểm thi THPT,2021,15.0,Kế toán
5500,DAD,ke-toan,C01,Điểm thi THPT,2021,15.0,Kế toán
5501,DAD,ke-toan,D01,Điểm thi THPT,2021,15.0,Kế toán
5502,DAD,ke-toan,A00,Điểm thi THPT,2022,15.0,Kế toán
5503,DAD,ke-toan,A01,Điểm thi THPT,2022,15.0,Kế toán
5504,DAD,ke-toan,D01,Điểm thi THPT,2022,15.0,Kế toán
5505,DAD,ke-toan,D78,Điểm thi THPT,2022,15.0,Kế toán
5506,DAD,ke-toan,A00,Điểm học bạ,2023,6.0,Kế toán
5507,DAD,ke-toan,A01,Điểm học bạ,2023,6.0,Kế toán
5508,DAD,ke-toan,D01,Điểm học bạ,2023,6.0,Kế toán
5509,DAD,ke-toan,D78,Điểm học bạ,2023,6.0,Kế toán
5510,DAD,ke-toan,A00,Điểm thi THPT,2023,15.0,Kế toán
5511,DAD,ke-toan,A01,Điểm thi THPT,2023,15.0,Kế toán
5512,DAD,ke-toan,D01,Điểm thi THPT,2023,15.0,Kế toán
5513,DAD,ke-toan,D78,Điểm thi THPT,2023,15.0,Kế toán
5514,DAD,ke-toan,A00,Điểm học bạ,2024,6.0,Kế toán
5515,DAD,ke-toan,A01,Điểm học bạ,2024,6.0,Kế toán
5516,DAD,ke-toan,C01,Điểm học bạ,2024,6.0,Kế toán
5517,DAD,ke-toan,D01,Điểm học bạ,2024,6.0,Kế toán
5518,DAD,ke-toan,A00,Điểm thi THPT,2024,15.0,Kế toán
5519,DAD,ke-toan,A01,Điểm thi THPT,2024,15.0,Kế toán
5520,DAD,ke-toan,D01,Điểm thi THPT,2024,15.0,Kế toán
5521,DAD,ke-toan,D04,Điểm thi THPT,2024,15.0,Kế toán
5522,DAD,ke-toan,D78,Điểm thi THPT,2024,15.0,Kế toán
5523,DAD,ke-toan,A00,Điểm học bạ,2025,6.0,Kế toán
5524,DAD,ke-toan,A01,Điểm học bạ,2025,6.0,Kế toán
5525,DAD,ke-toan,A07,Điểm học bạ,2025,6.0,Kế toán
5526,DAD,ke-toan,D01,Điểm học bạ,2025,6.0,Kế toán
5527,DAD,ke-toan,D10,Điểm học bạ,2025,6.0,Kế toán
5528,DAD,ke-toan,X01,Điểm học bạ,2025,6.0,Kế toán
5529,DAD,ke-toan,X02,Điểm học bạ,2025,6.0,Kế toán
5530,DAD,ke-toan,X17,Điểm học bạ,2025,6.0,Kế toán
5531,DAD,ke-toan,X21,Điểm học bạ,2025,6.0,Kế toán
5532,DAD,ke-toan,A00,Điểm thi THPT,2025,15.0,Kế toán
5533,DAD,ke-toan,A01,Điểm thi THPT,2025,15.0,Kế toán
5534,DAD,ke-toan,A07,Điểm thi THPT,2025,15.0,Kế toán
5535,DAD,ke-toan,D01,Điểm thi THPT,2025,15.0,Kế toán
5536,DAD,ke-toan,D10,Điểm thi THPT,2025,15.0,Kế toán
5537,DAD,ke-toan,X01,Điểm thi THPT,2025,15.0,Kế toán
5538,DAD,ke-toan,X02,Điểm thi THPT,2025,15.0,Kế toán
5539,DAD,ke-toan,X17,Điểm thi THPT,2025,15.0,Kế toán
5540,DAD,ke-toan,X21,Điểm thi THPT,2025,15.0,Kế toán
5541,DAD,khoa-hoc-du-lieu-va-tri-tue-nhan-tao,A00,Điểm thi THPT,2021,18.0,Khoa học dữ liệu và trí tuệ nhân tạo
5542,DAD,khoa-hoc-du-lieu-va-tri-tue-nhan-tao,A01,Điểm thi THPT,2021,18.0,Khoa học dữ liệu và trí tuệ nhân tạo
5543,DAD,khoa-hoc-du-lieu-va-tri-tue-nhan-tao,C01,Điểm thi THPT,2021,18.0,Khoa học dữ liệu và trí tuệ nhân tạo
5544,DAD,khoa-hoc-du-lieu-va-tri-tue-nhan-tao,D01,Điểm thi THPT,2021,18.0,Khoa học dữ liệu và trí tuệ nhân tạo
5545,DAD,khoa-hoc-du-lieu-va-tri-tue-nhan-tao,A00,Điểm thi THPT,2022,18.0,Khoa học dữ liệu và trí tuệ nhân tạo
5546,DAD,khoa-hoc-du-lieu-va-tri-tue-nhan-tao,A01,Điểm thi THPT,2022,18.0,Khoa học dữ liệu và trí tuệ nhân tạo
5547,DAD,khoa-hoc-du-lieu-va-tri-tue-nhan-tao,D01,Điểm thi THPT,2022,18.0,Khoa học dữ liệu và trí tuệ nhân tạo
5548,DAD,khoa-hoc-du-lieu-va-tri-tue-nhan-tao,D90,Điểm thi THPT,2022,18.0,Khoa học dữ liệu và trí tuệ nhân tạo
5549,DAD,kinh-doanh-quoc-te,A00,Điểm học bạ,2021,18.0,Kinh doanh quốc tế
5550,DAD,kinh-doanh-quoc-te,A01,Điểm học bạ,2021,18.0,Kinh doanh quốc tế
5551,DAD,kinh-doanh-quoc-te,C01,Điểm học bạ,2021,18.0,Kinh doanh quốc tế
5552,DAD,kinh-doanh-quoc-te,D01,Điểm học bạ,2021,18.0,Kinh doanh quốc tế
5553,DAD,kinh-doanh-quoc-te,A00,Điểm thi THPT,2021,15.0,Kinh doanh quốc tế
5554,DAD,kinh-doanh-quoc-te,A01,Điểm thi THPT,2021,15.0,Kinh doanh quốc tế
5555,DAD,kinh-doanh-quoc-te,C01,Điểm thi THPT,2021,15.0,Kinh doanh quốc tế
5556,DAD,kinh-doanh-quoc-te,D01,Điểm thi THPT,2021,15.0,Kinh doanh quốc tế
5557,DAD,kinh-doanh-quoc-te,A00,Điểm thi THPT,2022,15.0,Kinh doanh quốc tế
5558,DAD,kinh-doanh-quoc-te,A01,Điểm thi THPT,2022,15.0,Kinh doanh quốc tế
5559,DAD,kinh-doanh-quoc-te,D01,Điểm thi THPT,2022,15.0,Kinh doanh quốc tế
5560,DAD,kinh-doanh-quoc-te,D78,Điểm thi THPT,2022,15.0,Kinh doanh quốc tế
5561,DAD,kinh-doanh-quoc-te,A00,Điểm học bạ,2023,18.0,Kinh doanh quốc tế
5562,DAD,kinh-doanh-quoc-te,A01,Điểm học bạ,2023,18.0,Kinh doanh quốc tế
5563,DAD,kinh-doanh-quoc-te,D01,Điểm học bạ,2023,18.0,Kinh doanh quốc tế
5564,DAD,kinh-doanh-quoc-te,D78,Điểm học bạ,2023,18.0,Kinh doanh quốc tế
5565,DAD,kinh-doanh-quoc-te,A00,Điểm thi THPT,2023,15.0,Kinh doanh quốc tế
5566,DAD,kinh-doanh-quoc-te,A01,Điểm thi THPT,2023,15.0,Kinh doanh quốc tế
5567,DAD,kinh-doanh-quoc-te,D01,Điểm thi THPT,2023,15.0,Kinh doanh quốc tế
5568,DAD,kinh-doanh-quoc-te,D78,Điểm thi THPT,2023,15.0,Kinh doanh quốc tế
5569,DAD,kinh-doanh-quoc-te,A00,Điểm học bạ,2024,18.0,Kinh doanh Quốc tế
5570,DAD,kinh-doanh-quoc-te,A01,Điểm học bạ,2024,18.0,Kinh doanh Quốc tế
5571,DAD,kinh-doanh-quoc-te,C01,Điểm học bạ,2024,18.0,Kinh doanh Quốc tế
5572,DAD,kinh-doanh-quoc-te,D01,Điểm học bạ,2024,18.0,Kinh doanh Quốc tế
5573,DAD,kinh-doanh-quoc-te,A00,Điểm thi THPT,2024,15.0,Kinh doanh quốc tế
5574,DAD,kinh-doanh-quoc-te,A01,Điểm thi THPT,2024,15.0,Kinh doanh quốc tế
5575,DAD,kinh-doanh-quoc-te,D01,Điểm thi THPT,2024,15.0,Kinh doanh quốc tế
5576,DAD,kinh-doanh-quoc-te,D78,Điểm thi THPT,2024,15.0,Kinh doanh quốc tế
5577,DAD,kinh-doanh-quoc-te,A07,Điểm học bạ,2025,18.0,Kinh doanh quốc tế
5578,DAD,kinh-doanh-quoc-te,C04,Điểm học bạ,2025,18.0,Kinh doanh quốc tế
5579,DAD,kinh-doanh-quoc-te,D01,Điểm học bạ,2025,18.0,Kinh doanh quốc tế
5580,DAD,kinh-doanh-quoc-te,D09,Điểm học bạ,2025,18.0,Kinh doanh quốc tế
5581,DAD,kinh-doanh-quoc-te,D10,Điểm học bạ,2025,18.0,Kinh doanh quốc tế
5582,DAD,kinh-doanh-quoc-te,X01,Điểm học bạ,2025,18.0,Kinh doanh quốc tế
5583,DAD,kinh-doanh-quoc-te,X02,Điểm học bạ,2025,18.0,Kinh doanh quốc tế
5584,DAD,kinh-doanh-quoc-te,X17,Điểm học bạ,2025,18.0,Kinh doanh quốc tế
5585,DAD,kinh-doanh-quoc-te,X21,Điểm học bạ,2025,18.0,Kinh doanh quốc tế
5586,DAD,kinh-doanh-quoc-te,A07,Điểm thi THPT,2025,15.0,Kinh doanh quốc tế
5587,DAD,kinh-doanh-quoc-te,C04,Điểm thi THPT,2025,15.0,Kinh doanh quốc tế
5588,DAD,kinh-doanh-quoc-te,D01,Điểm thi THPT,2025,15.0,Kinh doanh quốc tế
5589,DAD,kinh-doanh-quoc-te,D09,Điểm thi THPT,2025,15.0,Kinh doanh quốc tế
5590,DAD,kinh-doanh-quoc-te,D10,Điểm thi THPT,2025,15.0,Kinh doanh quốc tế
5591,DAD,kinh-doanh-quoc-te,X01,Điểm thi THPT,2025,15.0,Kinh doanh quốc tế
5592,DAD,kinh-doanh-quoc-te,X02,Điểm thi THPT,2025,15.0,Kinh doanh quốc tế
5593,DAD,kinh-doanh-quoc-te,X17,Điểm thi THPT,2025,15.0,Kinh doanh quốc tế
5594,DAD,kinh-doanh-quoc-te,X21,Điểm thi THPT,2025,15.0,Kinh doanh quốc tế
5595,DAD,kinh-doanh-thoi-trang-va-det-may,A00,Điểm thi THPT,2022,15.0,Kinh doanh thời trang và dệt may
5596,DAD,kinh-doanh-thoi-trang-va-det-may,A01,Điểm thi THPT,2022,15.0,Kinh doanh thời trang và dệt may
5597,DAD,kinh-doanh-thoi-trang-va-det-may,D01,Điểm thi THPT,2022,15.0,Kinh doanh thời trang và dệt may
5598,DAD,kinh-doanh-thoi-trang-va-det-may,D78,Điểm thi THPT,2022,15.0,Kinh doanh thời trang và dệt may
5599,DAD,kinh-doanh-thoi-trang-va-det-may,A00,Điểm học bạ,2023,18.0,Kinh doanh thời trang và dệt may
5600,DAD,kinh-doanh-thoi-trang-va-det-may,A01,Điểm học bạ,2023,18.0,Kinh doanh thời trang và dệt may
5601,DAD,kinh-doanh-thoi-trang-va-det-may,D01,Điểm học bạ,2023,18.0,Kinh doanh thời trang và dệt may
5602,DAD,kinh-doanh-thoi-trang-va-det-may,D78,Điểm học bạ,2023,18.0,Kinh doanh thời trang và dệt may
5603,DAD,kinh-doanh-thoi-trang-va-det-may,A00,Điểm thi THPT,2023,15.0,Kinh doanh thời trang và dệt may
5604,DAD,kinh-doanh-thoi-trang-va-det-may,A01,Điểm thi THPT,2023,15.0,Kinh doanh thời trang và dệt may
5605,DAD,kinh-doanh-thoi-trang-va-det-may,D01,Điểm thi THPT,2023,15.0,Kinh doanh thời trang và dệt may
5606,DAD,kinh-doanh-thoi-trang-va-det-may,D78,Điểm thi THPT,2023,15.0,Kinh doanh thời trang và dệt may
5607,DAD,ky-thuat-co-dien-tu,A00,Điểm học bạ,2025,18.0,Kỹ thuật Cơ điện tử
5608,DAD,ky-thuat-co-dien-tu,A01,Điểm học bạ,2025,18.0,Kỹ thuật Cơ điện tử
5609,DAD,ky-thuat-co-dien-tu,A02,Điểm học bạ,2025,18.0,Kỹ thuật Cơ điện tử
5610,DAD,ky-thuat-co-dien-tu,A04,Điểm học bạ,2025,18.0,Kỹ thuật Cơ điện tử
5611,DAD,ky-thuat-co-dien-tu,C01,Điểm học bạ,2025,18.0,Kỹ thuật Cơ điện tử
5612,DAD,ky-thuat-co-dien-tu,X05,Điểm học bạ,2025,18.0,Kỹ thuật Cơ điện tử
5613,DAD,ky-thuat-co-dien-tu,X06,Điểm học bạ,2025,18.0,Kỹ thuật Cơ điện tử
5614,DAD,ky-thuat-co-dien-tu,X07,Điểm học bạ,2025,18.0,Kỹ thuật Cơ điện tử
5615,DAD,ky-thuat-co-dien-tu,X26,Điểm học bạ,2025,18.0,Kỹ thuật Cơ điện tử
5616,DAD,ky-thuat-co-dien-tu,A00,Điểm thi THPT,2025,15.0,Kỹ thuật Cơ điện tử
5617,DAD,ky-thuat-co-dien-tu,A01,Điểm thi THPT,2025,15.0,Kỹ thuật Cơ điện tử
5618,DAD,ky-thuat-co-dien-tu,A02,Điểm thi THPT,2025,15.0,Kỹ thuật Cơ điện tử
5619,DAD,ky-thuat-co-dien-tu,A04,Điểm thi THPT,2025,15.0,Kỹ thuật Cơ điện tử
5620,DAD,ky-thuat-co-dien-tu,C01,Điểm thi THPT,2025,15.0,Kỹ thuật Cơ điện tử
5621,DAD,ky-thuat-co-dien-tu,X05,Điểm thi THPT,2025,15.0,Kỹ thuật Cơ điện tử
5622,DAD,ky-thuat-co-dien-tu,X06,Điểm thi THPT,2025,15.0,Kỹ thuật Cơ điện tử
5623,DAD,ky-thuat-co-dien-tu,X07,Điểm thi THPT,2025,15.0,Kỹ thuật Cơ điện tử
5624,DAD,ky-thuat-co-dien-tu,X26,Điểm thi THPT,2025,15.0,Kỹ thuật Cơ điện tử
5625,DAD,ky-thuat-may-tinh,A00,Điểm học bạ,2023,18.0,Kỹ thuật máy tính
5626,DAD,ky-thuat-may-tinh,A01,Điểm học bạ,2023,18.0,Kỹ thuật máy tính
5627,DAD,ky-thuat-may-tinh,D01,Điểm học bạ,2023,18.0,Kỹ thuật máy tính
5628,DAD,ky-thuat-may-tinh,D90,Điểm học bạ,2023,18.0,Kỹ thuật máy tính
5629,DAD,ky-thuat-may-tinh,A00,Điểm thi THPT,2023,15.0,Kỹ thuật máy tính
5630,DAD,ky-thuat-may-tinh,A01,Điểm thi THPT,2023,15.0,Kỹ thuật máy tính
5631,DAD,ky-thuat-may-tinh,D01,Điểm thi THPT,2023,15.0,Kỹ thuật máy tính
5632,DAD,ky-thuat-may-tinh,D90,Điểm thi THPT,2023,15.0,Kỹ thuật máy tính
5633,DAD,ky-thuat-may-tinh,A00,Điểm học bạ,2024,6.0,Kỹ thuật máy tính
5634,DAD,ky-thuat-may-tinh,A01,Điểm học bạ,2024,6.0,Kỹ thuật máy tính
5635,DAD,ky-thuat-may-tinh,C01,Điểm học bạ,2024,6.0,Kỹ thuật máy tính
5636,DAD,ky-thuat-may-tinh,D01,Điểm học bạ,2024,6.0,Kỹ thuật máy tính
5637,DAD,ky-thuat-may-tinh,A00,Điểm thi THPT,2024,15.0,Kỹ thuật máy tính
5638,DAD,ky-thuat-may-tinh,A01,Điểm thi THPT,2024,15.0,Kỹ thuật máy tính
5639,DAD,ky-thuat-may-tinh,D01,Điểm thi THPT,2024,15.0,Kỹ thuật máy tính
5640,DAD,ky-thuat-may-tinh,D90,Điểm thi THPT,2024,15.0,Kỹ thuật máy tính
5641,DAD,ky-thuat-may-tinh,A00,Điểm học bạ,2025,18.0,Kỹ thuật máy tính
5642,DAD,ky-thuat-may-tinh,A01,Điểm học bạ,2025,18.0,Kỹ thuật máy tính
5643,DAD,ky-thuat-may-tinh,D01,Điểm học bạ,2025,18.0,Kỹ thuật máy tính
5644,DAD,ky-thuat-may-tinh,X01,Điểm học bạ,2025,18.0,Kỹ thuật máy tính
5645,DAD,ky-thuat-may-tinh,X02,Điểm học bạ,2025,18.0,Kỹ thuật máy tính
5646,DAD,ky-thuat-may-tinh,X06,Điểm học bạ,2025,18.0,Kỹ thuật máy tính
5647,DAD,ky-thuat-may-tinh,X07,Điểm học bạ,2025,18.0,Kỹ thuật máy tính
5648,DAD,ky-thuat-may-tinh,X25,Điểm học bạ,2025,18.0,Kỹ thuật máy tính
5649,DAD,ky-thuat-may-tinh,X26,Điểm học bạ,2025,18.0,Kỹ thuật máy tính
5650,DAD,ky-thuat-may-tinh,A00,Điểm thi THPT,2025,15.0,Kỹ thuật máy tính
5651,DAD,ky-thuat-may-tinh,A01,Điểm thi THPT,2025,15.0,Kỹ thuật máy tính
5652,DAD,ky-thuat-may-tinh,D01,Điểm thi THPT,2025,15.0,Kỹ thuật máy tính
5653,DAD,ky-thuat-may-tinh,X01,Điểm thi THPT,2025,15.0,Kỹ thuật máy tính
5654,DAD,ky-thuat-may-tinh,X02,Điểm thi THPT,2025,15.0,Kỹ thuật máy tính
5655,DAD,ky-thuat-may-tinh,X06,Điểm thi THPT,2025,15.0,Kỹ thuật máy tính
5656,DAD,ky-thuat-may-tinh,X07,Điểm thi THPT,2025,15.0,Kỹ thuật máy tính
5657,DAD,ky-thuat-may-tinh,X25,Điểm thi THPT,2025,15.0,Kỹ thuật máy tính
5658,DAD,ky-thuat-may-tinh,X26,Điểm thi THPT,2025,15.0,Kỹ thuật máy tính
5659,DAD,ky-thuat-o-to,A00,Điểm học bạ,2024,18.0,Kỹ thuật ô tô (CN)
5660,DAD,ky-thuat-o-to,A01,Điểm học bạ,2024,18.0,Kỹ thuật ô tô (CN)
5661,DAD,ky-thuat-o-to,D01,Điểm học bạ,2024,18.0,Kỹ thuật ô tô (CN)
5662,DAD,ky-thuat-o-to,D90,Điểm học bạ,2024,18.0,Kỹ thuật ô tô (CN)
5663,DAD,ky-thuat-o-to-dien,A00,Điểm học bạ,2024,18.0,Kỹ thuật ô tô điện (CN)
5664,DAD,ky-thuat-o-to-dien,A01,Điểm học bạ,2024,18.0,Kỹ thuật ô tô điện (CN)
5665,DAD,ky-thuat-o-to-dien,D01,Điểm học bạ,2024,18.0,Kỹ thuật ô tô điện (CN)
5666,DAD,ky-thuat-o-to-dien,D90,Điểm học bạ,2024,18.0,Kỹ thuật ô tô điện (CN)
5667,DAD,ky-thuat-phuc-hoi-chuc-nang,A00,Điểm thi THPT,2024,19.0,Kỹ thuật phục hồi chức năng
5668,DAD,ky-thuat-phuc-hoi-chuc-nang,B00,Điểm thi THPT,2024,19.0,Kỹ thuật phục hồi chức năng
5669,DAD,ky-thuat-phuc-hoi-chuc-nang,B08,Điểm thi THPT,2024,19.0,Kỹ thuật phục hồi chức năng
5670,DAD,ky-thuat-phuc-hoi-chuc-nang,D90,Điểm thi THPT,2024,19.0,Kỹ thuật phục hồi chức năng
5671,DAD,ky-thuat-phuc-hoi-chuc-nang,A00,Điểm học bạ,2025,19.5,Kỹ thuật phục hồi chức năng
5672,DAD,ky-thuat-phuc-hoi-chuc-nang,A02,Điểm học bạ,2025,19.5,Kỹ thuật phục hồi chức năng
5673,DAD,ky-thuat-phuc-hoi-chuc-nang,B00,Điểm học bạ,2025,19.5,Kỹ thuật phục hồi chức năng
5674,DAD,ky-thuat-phuc-hoi-chuc-nang,B03,Điểm học bạ,2025,19.5,Kỹ thuật phục hồi chức năng
5675,DAD,ky-thuat-phuc-hoi-chuc-nang,B08,Điểm học bạ,2025,19.5,Kỹ thuật phục hồi chức năng
5676,DAD,ky-thuat-phuc-hoi-chuc-nang,D07,Điểm học bạ,2025,19.5,Kỹ thuật phục hồi chức năng
5677,DAD,ky-thuat-phuc-hoi-chuc-nang,X11,Điểm học bạ,2025,19.5,Kỹ thuật phục hồi chức năng
5678,DAD,ky-thuat-phuc-hoi-chuc-nang,X13,Điểm học bạ,2025,19.5,Kỹ thuật phục hồi chức năng
5679,DAD,ky-thuat-phuc-hoi-chuc-nang,X14,Điểm học bạ,2025,19.5,Kỹ thuật phục hồi chức năng
5680,DAD,ky-thuat-phuc-hoi-chuc-nang,A00,Điểm thi THPT,2025,17.0,Kỹ thuật phục hồi chức năng
5681,DAD,ky-thuat-phuc-hoi-chuc-nang,A02,Điểm thi THPT,2025,17.0,Kỹ thuật phục hồi chức năng
5682,DAD,ky-thuat-phuc-hoi-chuc-nang,B00,Điểm thi THPT,2025,17.0,Kỹ thuật phục hồi chức năng
5683,DAD,ky-thuat-phuc-hoi-chuc-nang,B03,Điểm thi THPT,2025,17.0,Kỹ thuật phục hồi chức năng
5684,DAD,ky-thuat-phuc-hoi-chuc-nang,B08,Điểm thi THPT,2025,17.0,Kỹ thuật phục hồi chức năng
5685,DAD,ky-thuat-phuc-hoi-chuc-nang,D07,Điểm thi THPT,2025,17.0,Kỹ thuật phục hồi chức năng
5686,DAD,ky-thuat-phuc-hoi-chuc-nang,X11,Điểm thi THPT,2025,17.0,Kỹ thuật phục hồi chức năng
5687,DAD,ky-thuat-phuc-hoi-chuc-nang,X13,Điểm thi THPT,2025,17.0,Kỹ thuật phục hồi chức năng
5688,DAD,ky-thuat-phuc-hoi-chuc-nang,X14,Điểm thi THPT,2025,17.0,Kỹ thuật phục hồi chức năng
5689,DAD,logistics-va-ql-chuoi-cung-ung,A00,Điểm học bạ,2023,18.0,Logistics và QL chuỗi cung ứng (Phân hiệu tại Đăk Lăk)
5690,DAD,logistics-va-ql-chuoi-cung-ung,A01,Điểm học bạ,2023,18.0,Logistics và QL chuỗi cung ứng (Phân hiệu tại Đăk Lăk)
5691,DAD,logistics-va-ql-chuoi-cung-ung,D01,Điểm học bạ,2023,18.0,Logistics và QL chuỗi cung ứng (Phân hiệu tại Đăk Lăk)
5692,DAD,logistics-va-ql-chuoi-cung-ung,D90,Điểm học bạ,2023,18.0,Logistics và QL chuỗi cung ứng (Phân hiệu tại Đăk Lăk)
5693,DAD,logistics-va-ql-chuoi-cung-ung,A00,Điểm thi THPT,2023,15.0,Logistics và QL chuỗi cung ứng (Phân hiệu tại Đăk Lăk)
5694,DAD,logistics-va-ql-chuoi-cung-ung,A01,Điểm thi THPT,2023,15.0,Logistics và QL chuỗi cung ứng (Phân hiệu tại Đăk Lăk)
5695,DAD,logistics-va-ql-chuoi-cung-ung,D01,Điểm thi THPT,2023,15.0,Logistics và QL chuỗi cung ứng (Phân hiệu tại Đăk Lăk)
5696,DAD,logistics-va-ql-chuoi-cung-ung,D90,Điểm thi THPT,2023,15.0,Logistics và QL chuỗi cung ứng (Phân hiệu tại Đăk Lăk)
5697,DAD,logistics-va-quan-ly-chuoi-cung-ung,A00,Điểm học bạ,2021,6.0,Logistics và Quản lý chuỗi cung ứng
5698,DAD,logistics-va-quan-ly-chuoi-cung-ung,A01,Điểm học bạ,2021,6.0,Logistics và Quản lý chuỗi cung ứng
5699,DAD,logistics-va-quan-ly-chuoi-cung-ung,C15,Điểm học bạ,2021,6.0,Logistics và Quản lý chuỗi cung ứng
5700,DAD,logistics-va-quan-ly-chuoi-cung-ung,D01,Điểm học bạ,2021,6.0,Logistics và Quản lý chuỗi cung ứng
5701,DAD,logistics-va-quan-ly-chuoi-cung-ung,A00,Điểm thi THPT,2021,15.0,Logistics và quản lý chuỗi cung ứng
5702,DAD,logistics-va-quan-ly-chuoi-cung-ung,A01,Điểm thi THPT,2021,15.0,Logistics và quản lý chuỗi cung ứng
5703,DAD,logistics-va-quan-ly-chuoi-cung-ung,C15,Điểm thi THPT,2021,15.0,Logistics và quản lý chuỗi cung ứng
5704,DAD,logistics-va-quan-ly-chuoi-cung-ung,D01,Điểm thi THPT,2021,15.0,Logistics và quản lý chuỗi cung ứng
5705,DAD,logistics-va-quan-ly-chuoi-cung-ung,A00,Điểm thi THPT,2022,15.0,Logistics và quản lý chuỗi cung ứng
5706,DAD,logistics-va-quan-ly-chuoi-cung-ung,A01,Điểm thi THPT,2022,15.0,Logistics và quản lý chuỗi cung ứng
5707,DAD,logistics-va-quan-ly-chuoi-cung-ung,D01,Điểm thi THPT,2022,15.0,Logistics và quản lý chuỗi cung ứng
5708,DAD,logistics-va-quan-ly-chuoi-cung-ung,D90,Điểm thi THPT,2022,15.0,Logistics và quản lý chuỗi cung ứng
5709,DAD,logistics-va-quan-ly-chuoi-cung-ung,A00,Điểm học bạ,2023,18.0,Logistics và quản lý chuỗi cung ứng
5710,DAD,logistics-va-quan-ly-chuoi-cung-ung,A01,Điểm học bạ,2023,18.0,Logistics và quản lý chuỗi cung ứng
5711,DAD,logistics-va-quan-ly-chuoi-cung-ung,D01,Điểm học bạ,2023,18.0,Logistics và quản lý chuỗi cung ứng
5712,DAD,logistics-va-quan-ly-chuoi-cung-ung,D90,Điểm học bạ,2023,18.0,Logistics và quản lý chuỗi cung ứng
5713,DAD,logistics-va-quan-ly-chuoi-cung-ung,A00,Điểm thi THPT,2023,15.0,Logistics và quản lý chuỗi cung ứng
5714,DAD,logistics-va-quan-ly-chuoi-cung-ung,A01,Điểm thi THPT,2023,15.0,Logistics và quản lý chuỗi cung ứng
5715,DAD,logistics-va-quan-ly-chuoi-cung-ung,D01,Điểm thi THPT,2023,15.0,Logistics và quản lý chuỗi cung ứng
5716,DAD,logistics-va-quan-ly-chuoi-cung-ung,D90,Điểm thi THPT,2023,15.0,Logistics và quản lý chuỗi cung ứng
5717,DAD,logistics-va-quan-ly-chuoi-cung-ung,A00,Điểm học bạ,2024,6.0,Logistics và quản lý chuỗi cung ứng
5718,DAD,logistics-va-quan-ly-chuoi-cung-ung,A01,Điểm học bạ,2024,6.0,Logistics và quản lý chuỗi cung ứng
5719,DAD,logistics-va-quan-ly-chuoi-cung-ung,C01,Điểm học bạ,2024,6.0,Logistics và quản lý chuỗi cung ứng
5720,DAD,logistics-va-quan-ly-chuoi-cung-ung,D01,Điểm học bạ,2024,6.0,Logistics và quản lý chuỗi cung ứng
5721,DAD,logistics-va-quan-ly-chuoi-cung-ung,A00,Điểm thi THPT,2024,15.0,Logistics và quản lý chuỗi cung ứng
5722,DAD,logistics-va-quan-ly-chuoi-cung-ung,A01,Điểm thi THPT,2024,15.0,Logistics và quản lý chuỗi cung ứng
5723,DAD,logistics-va-quan-ly-chuoi-cung-ung,D01,Điểm thi THPT,2024,15.0,Logistics và quản lý chuỗi cung ứng
5724,DAD,logistics-va-quan-ly-chuoi-cung-ung,D90,Điểm thi THPT,2024,15.0,Logistics và quản lý chuỗi cung ứng
5725,DAD,logistics-va-quan-ly-chuoi-cung-ung,A00,Điểm học bạ,2025,18.0,Logistics và quản lý chuỗi cung ứng
5726,DAD,logistics-va-quan-ly-chuoi-cung-ung,A01,Điểm học bạ,2025,18.0,Logistics và quản lý chuỗi cung ứng
5727,DAD,logistics-va-quan-ly-chuoi-cung-ung,A07,Điểm học bạ,2025,18.0,Logistics và quản lý chuỗi cung ứng
5728,DAD,logistics-va-quan-ly-chuoi-cung-ung,D01,Điểm học bạ,2025,18.0,Logistics và quản lý chuỗi cung ứng
5729,DAD,logistics-va-quan-ly-chuoi-cung-ung,D10,Điểm học bạ,2025,18.0,Logistics và quản lý chuỗi cung ứng
5730,DAD,logistics-va-quan-ly-chuoi-cung-ung,X01,Điểm học bạ,2025,18.0,Logistics và quản lý chuỗi cung ứng
5731,DAD,logistics-va-quan-ly-chuoi-cung-ung,X02,Điểm học bạ,2025,18.0,Logistics và quản lý chuỗi cung ứng
5732,DAD,logistics-va-quan-ly-chuoi-cung-ung,X17,Điểm học bạ,2025,18.0,Logistics và quản lý chuỗi cung ứng
5733,DAD,logistics-va-quan-ly-chuoi-cung-ung,X21,Điểm học bạ,2025,18.0,Logistics và quản lý chuỗi cung ứng
5734,DAD,logistics-va-quan-ly-chuoi-cung-ung,A00,Điểm thi THPT,2025,15.0,Logistics và quản lý chuỗi cung ứng
5735,DAD,logistics-va-quan-ly-chuoi-cung-ung,A01,Điểm thi THPT,2025,15.0,Logistics và quản lý chuỗi cung ứng
5736,DAD,logistics-va-quan-ly-chuoi-cung-ung,A07,Điểm thi THPT,2025,15.0,Logistics và quản lý chuỗi cung ứng
5737,DAD,logistics-va-quan-ly-chuoi-cung-ung,D01,Điểm thi THPT,2025,15.0,Logistics và quản lý chuỗi cung ứng
5738,DAD,logistics-va-quan-ly-chuoi-cung-ung,D10,Điểm thi THPT,2025,15.0,Logistics và quản lý chuỗi cung ứng
5739,DAD,logistics-va-quan-ly-chuoi-cung-ung,X01,Điểm thi THPT,2025,15.0,Logistics và quản lý chuỗi cung ứng
5740,DAD,logistics-va-quan-ly-chuoi-cung-ung,X02,Điểm thi THPT,2025,15.0,Logistics và quản lý chuỗi cung ứng
5741,DAD,logistics-va-quan-ly-chuoi-cung-ung,X17,Điểm thi THPT,2025,15.0,Logistics và quản lý chuỗi cung ứng
5742,DAD,logistics-va-quan-ly-chuoi-cung-ung,X21,Điểm thi THPT,2025,15.0,Logistics và quản lý chuỗi cung ứng
5743,DAD,luat,A00,Điểm học bạ,2021,18.0,Luật
5744,DAD,luat,C00,Điểm học bạ,2021,18.0,Luật
5745,DAD,luat,D01,Điểm học bạ,2021,18.0,Luật
5746,DAD,luat,D78,Điểm học bạ,2021,18.0,Luật
5747,DAD,luat,A00,Điểm thi THPT,2021,15.0,Luật
5748,DAD,luat,C00,Điểm thi THPT,2021,15.0,Luật
5749,DAD,luat,D01,Điểm thi THPT,2021,15.0,Luật
5750,DAD,luat,D78,Điểm thi THPT,2021,15.0,Luật
5751,DAD,luat,A00,Điểm thi THPT,2022,15.0,Luật
5752,DAD,luat,C00,Điểm thi THPT,2022,15.0,Luật
5753,DAD,luat,D01,Điểm thi THPT,2022,15.0,Luật
5754,DAD,luat,D78,Điểm thi THPT,2022,15.0,Luật
5755,DAD,luat,A00,Điểm học bạ,2023,18.0,Luật
5756,DAD,luat,C00,Điểm học bạ,2023,18.0,Luật
5757,DAD,luat,D01,Điểm học bạ,2023,18.0,Luật
5758,DAD,luat,D78,Điểm học bạ,2023,18.0,Luật
5759,DAD,luat,A00,Điểm thi THPT,2023,15.0,Luật
5760,DAD,luat,C00,Điểm thi THPT,2023,15.0,Luật
5761,DAD,luat,D01,Điểm thi THPT,2023,15.0,Luật
5762,DAD,luat,D78,Điểm thi THPT,2023,15.0,Luật
5763,DAD,luat,A00,Điểm học bạ,2024,18.0,Luật
5764,DAD,luat,C00,Điểm học bạ,2024,18.0,Luật
5765,DAD,luat,C01,Điểm học bạ,2024,18.0,Luật
5766,DAD,luat,D01,Điểm học bạ,2024,18.0,Luật
5767,DAD,luat,A00,Điểm thi THPT,2024,15.0,Luật
5768,DAD,luat,C00,Điểm thi THPT,2024,15.0,Luật
5769,DAD,luat,D01,Điểm thi THPT,2024,15.0,Luật
5770,DAD,luat,D78,Điểm thi THPT,2024,15.0,Luật
5771,DAD,luat,A01,Điểm học bạ,2025,18.0,Luật
5772,DAD,luat,C00,Điểm học bạ,2025,18.0,Luật
5773,DAD,luat,C03,Điểm học bạ,2025,18.0,Luật
5774,DAD,luat,C04,Điểm học bạ,2025,18.0,Luật
5775,DAD,luat,D01,Điểm học bạ,2025,18.0,Luật
5776,DAD,luat,D14,Điểm học bạ,2025,18.0,Luật
5777,DAD,luat,X01,Điểm học bạ,2025,18.0,Luật
5778,DAD,luat,X02,Điểm học bạ,2025,18.0,Luật
5779,DAD,luat,X25,Điểm học bạ,2025,18.0,Luật
5780,DAD,luat,X53,Điểm học bạ,2025,18.0,Luật
5781,DAD,luat,A01,Điểm thi THPT,2025,15.0,Luật
5782,DAD,luat,C00,Điểm thi THPT,2025,15.0,Luật
5783,DAD,luat,C03,Điểm thi THPT,2025,15.0,Luật
5784,DAD,luat,C04,Điểm thi THPT,2025,15.0,Luật
5785,DAD,luat,D01,Điểm thi THPT,2025,15.0,Luật
5786,DAD,luat,D14,Điểm thi THPT,2025,15.0,Luật
5787,DAD,luat,X01,Điểm thi THPT,2025,15.0,Luật
5788,DAD,luat,X02,Điểm thi THPT,2025,15.0,Luật
5789,DAD,luat,X25,Điểm thi THPT,2025,15.0,Luật
5790,DAD,luat,X53,Điểm thi THPT,2025,15.0,Luật
5791,DAD,luat-kinh-te,A00,Điểm học bạ,2021,18.0,Luật kinh tế
5792,DAD,luat-kinh-te,C00,Điểm học bạ,2021,18.0,Luật kinh tế
5793,DAD,luat-kinh-te,D01,Điểm học bạ,2021,18.0,Luật kinh tế
5794,DAD,luat-kinh-te,D90,Điểm học bạ,2021,18.0,Luật kinh tế
5795,DAD,luat-kinh-te,A00,Điểm thi THPT,2021,15.0,Luật kinh tế
5796,DAD,luat-kinh-te,C00,Điểm thi THPT,2021,15.0,Luật kinh tế
5797,DAD,luat-kinh-te,D01,Điểm thi THPT,2021,15.0,Luật kinh tế
5798,DAD,luat-kinh-te,D90,Điểm thi THPT,2021,15.0,Luật kinh tế
5799,DAD,luat-kinh-te,A00,Điểm thi THPT,2022,15.0,Luật kinh tế
5800,DAD,luat-kinh-te,C00,Điểm thi THPT,2022,15.0,Luật kinh tế
5801,DAD,luat-kinh-te,D01,Điểm thi THPT,2022,15.0,Luật kinh tế
5802,DAD,luat-kinh-te,D78,Điểm thi THPT,2022,15.0,Luật kinh tế
5803,DAD,luat-kinh-te,A00,Điểm học bạ,2023,18.0,Luật kinh tế
5804,DAD,luat-kinh-te,C00,Điểm học bạ,2023,18.0,Luật kinh tế
5805,DAD,luat-kinh-te,D01,Điểm học bạ,2023,18.0,Luật kinh tế
5806,DAD,luat-kinh-te,D78,Điểm học bạ,2023,18.0,Luật kinh tế
5807,DAD,luat-kinh-te,A00,Điểm thi THPT,2023,15.0,Luật kinh tế
5808,DAD,luat-kinh-te,C00,Điểm thi THPT,2023,15.0,Luật kinh tế
5809,DAD,luat-kinh-te,D01,Điểm thi THPT,2023,15.0,Luật kinh tế
5810,DAD,luat-kinh-te,D78,Điểm thi THPT,2023,15.0,Luật kinh tế
5811,DAD,luat-kinh-te,A00,Điểm học bạ,2024,18.0,Luật kinh tế
5812,DAD,luat-kinh-te,C00,Điểm học bạ,2024,18.0,Luật kinh tế
5813,DAD,luat-kinh-te,C01,Điểm học bạ,2024,18.0,Luật kinh tế
5814,DAD,luat-kinh-te,D01,Điểm học bạ,2024,18.0,Luật kinh tế
5815,DAD,luat-kinh-te,A00,Điểm thi THPT,2024,15.0,Luật kinh tế
5816,DAD,luat-kinh-te,C00,Điểm thi THPT,2024,15.0,Luật kinh tế
5817,DAD,luat-kinh-te,D01,Điểm thi THPT,2024,15.0,Luật kinh tế
5818,DAD,luat-kinh-te,D78,Điểm thi THPT,2024,15.0,Luật kinh tế
5819,DAD,luat-kinh-te,A01,Điểm học bạ,2025,18.0,Luật kinh tế
5820,DAD,luat-kinh-te,C00,Điểm học bạ,2025,18.0,Luật kinh tế
5821,DAD,luat-kinh-te,C03,Điểm học bạ,2025,18.0,Luật kinh tế
5822,DAD,luat-kinh-te,C04,Điểm học bạ,2025,18.0,Luật kinh tế
5823,DAD,luat-kinh-te,D01,Điểm học bạ,2025,18.0,Luật kinh tế
5824,DAD,luat-kinh-te,D14,Điểm học bạ,2025,18.0,Luật kinh tế
5825,DAD,luat-kinh-te,X01,Điểm học bạ,2025,18.0,Luật kinh tế
5826,DAD,luat-kinh-te,X02,Điểm học bạ,2025,18.0,Luật kinh tế
5827,DAD,luat-kinh-te,X25,Điểm học bạ,2025,18.0,Luật kinh tế
5828,DAD,luat-kinh-te,X53,Điểm học bạ,2025,18.0,Luật kinh tế
5829,DAD,luat-kinh-te,A01,Điểm thi THPT,2025,15.0,Luật kinh tế
5830,DAD,luat-kinh-te,C00,Điểm thi THPT,2025,15.0,Luật kinh tế
5831,DAD,luat-kinh-te,C03,Điểm thi THPT,2025,15.0,Luật kinh tế
5832,DAD,luat-kinh-te,C04,Điểm thi THPT,2025,15.0,Luật kinh tế
5833,DAD,luat-kinh-te,D01,Điểm thi THPT,2025,15.0,Luật kinh tế
5834,DAD,luat-kinh-te,D14,Điểm thi THPT,2025,15.0,Luật kinh tế
5835,DAD,luat-kinh-te,X01,Điểm thi THPT,2025,15.0,Luật kinh tế
5836,DAD,luat-kinh-te,X02,Điểm thi THPT,2025,15.0,Luật kinh tế
5837,DAD,luat-kinh-te,X25,Điểm thi THPT,2025,15.0,Luật kinh tế
5838,DAD,luat-kinh-te,X53,Điểm thi THPT,2025,15.0,Luật kinh tế
5839,DAD,mang-may-tinh-an-toan-thong-tin,A00,Điểm học bạ,2024,6.0,Mạng máy tính & an toàn thông tin (CN)
5840,DAD,mang-may-tinh-an-toan-thong-tin,A01,Điểm học bạ,2024,6.0,Mạng máy tính & an toàn thông tin (CN)
5841,DAD,mang-may-tinh-an-toan-thong-tin,C03,Điểm học bạ,2024,6.0,Mạng máy tính & an toàn thông tin (CN)
5842,DAD,mang-may-tinh-an-toan-thong-tin,D01,Điểm học bạ,2024,6.0,Mạng máy tính & an toàn thông tin (CN)
5843,DAD,marketing,A00,Điểm học bạ,2021,18.0,Marketing
5844,DAD,marketing,A01,Điểm học bạ,2021,18.0,Marketing
5845,DAD,marketing,C01,Điểm học bạ,2021,18.0,Marketing
5846,DAD,marketing,D01,Điểm học bạ,2021,18.0,Marketing
5847,DAD,marketing,A00,Điểm thi THPT,2021,15.0,Marketing
5848,DAD,marketing,A01,Điểm thi THPT,2021,15.0,Marketing
5849,DAD,marketing,C01,Điểm thi THPT,2021,15.0,Marketing
5850,DAD,marketing,D01,Điểm thi THPT,2021,15.0,Marketing
5851,DAD,marketing,A00,Điểm thi THPT,2022,15.0,Marketing
5852,DAD,marketing,A01,Điểm thi THPT,2022,15.0,Marketing
5853,DAD,marketing,D01,Điểm thi THPT,2022,15.0,Marketing
5854,DAD,marketing,D78,Điểm thi THPT,2022,15.0,Marketing
5855,DAD,marketing,A00,Điểm học bạ,2023,18.0,Marketing
5856,DAD,marketing,A01,Điểm học bạ,2023,18.0,Marketing
5857,DAD,marketing,D01,Điểm học bạ,2023,18.0,Marketing
5858,DAD,marketing,D78,Điểm học bạ,2023,18.0,Marketing
5859,DAD,marketing,A00,Điểm thi THPT,2023,15.0,Marketing
5860,DAD,marketing,A01,Điểm thi THPT,2023,15.0,Marketing
5861,DAD,marketing,D01,Điểm thi THPT,2023,15.0,Marketing
5862,DAD,marketing,D78,Điểm thi THPT,2023,15.0,Marketing
5863,DAD,marketing,A00,Điểm học bạ,2024,6.0,Marketing
5864,DAD,marketing,A01,Điểm học bạ,2024,6.0,Marketing
5865,DAD,marketing,C01,Điểm học bạ,2024,6.0,Marketing
5866,DAD,marketing,D01,Điểm học bạ,2024,6.0,Marketing
5867,DAD,marketing,A00,Điểm thi THPT,2024,15.0,Marketing
5868,DAD,marketing,A01,Điểm thi THPT,2024,15.0,Marketing
5869,DAD,marketing,D01,Điểm thi THPT,2024,15.0,Marketing
5870,DAD,marketing,D04,Điểm thi THPT,2024,15.0,Marketing
5871,DAD,marketing,D78,Điểm thi THPT,2024,15.0,Marketing
5872,DAD,marketing-digital-marketing,A00,Điểm học bạ,2025,18.0,Marketing/ Digital marketing
5873,DAD,marketing-digital-marketing,A01,Điểm học bạ,2025,18.0,Marketing/ Digital marketing
5874,DAD,marketing-digital-marketing,A07,Điểm học bạ,2025,18.0,Marketing/ Digital marketing
5875,DAD,marketing-digital-marketing,D01,Điểm học bạ,2025,18.0,Marketing/ Digital marketing
5876,DAD,marketing-digital-marketing,D10,Điểm học bạ,2025,18.0,Marketing/ Digital marketing
5877,DAD,marketing-digital-marketing,X01,Điểm học bạ,2025,18.0,Marketing/ Digital marketing
5878,DAD,marketing-digital-marketing,X02,Điểm học bạ,2025,18.0,Marketing/ Digital marketing
5879,DAD,marketing-digital-marketing,X17,Điểm học bạ,2025,18.0,Marketing/ Digital marketing
5880,DAD,marketing-digital-marketing,X21,Điểm học bạ,2025,18.0,Marketing/ Digital marketing
5881,DAD,marketing-digital-marketing,A00,Điểm thi THPT,2025,15.0,Marketing/ Digital marketing
5882,DAD,marketing-digital-marketing,A01,Điểm thi THPT,2025,15.0,Marketing/ Digital marketing
5883,DAD,marketing-digital-marketing,A07,Điểm thi THPT,2025,15.0,Marketing/ Digital marketing
5884,DAD,marketing-digital-marketing,D01,Điểm thi THPT,2025,15.0,Marketing/ Digital marketing
5885,DAD,marketing-digital-marketing,D10,Điểm thi THPT,2025,15.0,Marketing/ Digital marketing
5886,DAD,marketing-digital-marketing,X01,Điểm thi THPT,2025,15.0,Marketing/ Digital marketing
5887,DAD,marketing-digital-marketing,X02,Điểm thi THPT,2025,15.0,Marketing/ Digital marketing
5888,DAD,marketing-digital-marketing,X17,Điểm thi THPT,2025,15.0,Marketing/ Digital marketing
5889,DAD,marketing-digital-marketing,X21,Điểm thi THPT,2025,15.0,Marketing/ Digital marketing
5890,DAD,ngon-ngu-anh,A01,Điểm học bạ,2021,18.0,Ngôn ngữ Anh
5891,DAD,ngon-ngu-anh,D01,Điểm học bạ,2021,18.0,Ngôn ngữ Anh
5892,DAD,ngon-ngu-anh,D78,Điểm học bạ,2021,18.0,Ngôn ngữ Anh
5893,DAD,ngon-ngu-anh,D90,Điểm học bạ,2021,18.0,Ngôn ngữ Anh
5894,DAD,ngon-ngu-anh,A01,Điểm thi THPT,2021,15.0,Ngôn ngữ Anh
5895,DAD,ngon-ngu-anh,D01,Điểm thi THPT,2021,15.0,Ngôn ngữ Anh
5896,DAD,ngon-ngu-anh,D78,Điểm thi THPT,2021,15.0,Ngôn ngữ Anh
5897,DAD,ngon-ngu-anh,D90,Điểm thi THPT,2021,15.0,Ngôn ngữ Anh
5898,DAD,ngon-ngu-anh,A01,Điểm thi THPT,2022,15.0,Ngôn ngữ Anh
5899,DAD,ngon-ngu-anh,D01,Điểm thi THPT,2022,15.0,Ngôn ngữ Anh
5900,DAD,ngon-ngu-anh,D78,Điểm thi THPT,2022,15.0,Ngôn ngữ Anh
5901,DAD,ngon-ngu-anh,D90,Điểm thi THPT,2022,15.0,Ngôn ngữ Anh
5902,DAD,ngon-ngu-anh,A01,Điểm học bạ,2023,18.0,Ngôn ngữ Anh
5903,DAD,ngon-ngu-anh,D01,Điểm học bạ,2023,18.0,Ngôn ngữ Anh
5904,DAD,ngon-ngu-anh,D78,Điểm học bạ,2023,18.0,Ngôn ngữ Anh
5905,DAD,ngon-ngu-anh,D90,Điểm học bạ,2023,18.0,Ngôn ngữ Anh
5906,DAD,ngon-ngu-anh,A01,Điểm thi THPT,2023,15.0,Ngôn ngữ Anh
5907,DAD,ngon-ngu-anh,D01,Điểm thi THPT,2023,15.0,Ngôn ngữ Anh
5908,DAD,ngon-ngu-anh,D78,Điểm thi THPT,2023,15.0,Ngôn ngữ Anh
5909,DAD,ngon-ngu-anh,D90,Điểm thi THPT,2023,15.0,Ngôn ngữ Anh
5910,DAD,ngon-ngu-anh,A01,Điểm học bạ,2024,18.0,Ngôn ngữ Anh
5911,DAD,ngon-ngu-anh,C03,Điểm học bạ,2024,18.0,Ngôn ngữ Anh
5912,DAD,ngon-ngu-anh,D01,Điểm học bạ,2024,18.0,Ngôn ngữ Anh
5913,DAD,ngon-ngu-anh,D14,Điểm học bạ,2024,18.0,Ngôn ngữ Anh
5914,DAD,ngon-ngu-anh,A01,Điểm thi THPT,2024,15.0,Ngôn ngữ Anh
5915,DAD,ngon-ngu-anh,D01,Điểm thi THPT,2024,15.0,Ngôn ngữ Anh
5916,DAD,ngon-ngu-anh,D78,Điểm thi THPT,2024,15.0,Ngôn ngữ Anh
5917,DAD,ngon-ngu-anh,D90,Điểm thi THPT,2024,15.0,Ngôn ngữ Anh
5918,DAD,ngon-ngu-anh,C00,Điểm học bạ,2025,6.0,Ngôn ngữ Anh
5919,DAD,ngon-ngu-anh,C03,Điểm học bạ,2025,6.0,Ngôn ngữ Anh
5920,DAD,ngon-ngu-anh,C04,Điểm học bạ,2025,6.0,Ngôn ngữ Anh
5921,DAD,ngon-ngu-anh,D01,Điểm học bạ,2025,6.0,Ngôn ngữ Anh
5922,DAD,ngon-ngu-anh,D10,Điểm học bạ,2025,6.0,Ngôn ngữ Anh
5923,DAD,ngon-ngu-anh,D14,Điểm học bạ,2025,6.0,Ngôn ngữ Anh
5924,DAD,ngon-ngu-anh,X02,Điểm học bạ,2025,6.0,Ngôn ngữ Anh
5925,DAD,ngon-ngu-anh,X70,Điểm học bạ,2025,6.0,Ngôn ngữ Anh
5926,DAD,ngon-ngu-anh,X78,Điểm học bạ,2025,6.0,Ngôn ngữ Anh
5927,DAD,ngon-ngu-anh,C00,Điểm thi THPT,2025,15.0,Ngôn ngữ Anh
5928,DAD,ngon-ngu-anh,C03,Điểm thi THPT,2025,15.0,Ngôn ngữ Anh
5929,DAD,ngon-ngu-anh,C04,Điểm thi THPT,2025,15.0,Ngôn ngữ Anh
5930,DAD,ngon-ngu-anh,D01,Điểm thi THPT,2025,15.0,Ngôn ngữ Anh
5931,DAD,ngon-ngu-anh,D10,Điểm thi THPT,2025,15.0,Ngôn ngữ Anh
5932,DAD,ngon-ngu-anh,D14,Điểm thi THPT,2025,15.0,Ngôn ngữ Anh
5933,DAD,ngon-ngu-anh,X02,Điểm thi THPT,2025,15.0,Ngôn ngữ Anh
5934,DAD,ngon-ngu-anh,X70,Điểm thi THPT,2025,15.0,Ngôn ngữ Anh
5935,DAD,ngon-ngu-anh,X78,Điểm thi THPT,2025,15.0,Ngôn ngữ Anh
5936,DAD,ngon-ngu-han-quoc,A01,Điểm học bạ,2021,6.0,Ngôn ngữ Hàn Quốc
5937,DAD,ngon-ngu-han-quoc,C00,Điểm học bạ,2021,6.0,Ngôn ngữ Hàn Quốc
5938,DAD,ngon-ngu-han-quoc,C15,Điểm học bạ,2021,6.0,Ngôn ngữ Hàn Quốc
5939,DAD,ngon-ngu-han-quoc,D01,Điểm học bạ,2021,6.0,Ngôn ngữ Hàn Quốc
5940,DAD,ngon-ngu-han-quoc,A01,Điểm thi THPT,2021,15.0,Ngôn ngữ Hàn Quốc
5941,DAD,ngon-ngu-han-quoc,C00,Điểm thi THPT,2021,15.0,Ngôn ngữ Hàn Quốc
5942,DAD,ngon-ngu-han-quoc,C15,Điểm thi THPT,2021,15.0,Ngôn ngữ Hàn Quốc
5943,DAD,ngon-ngu-han-quoc,D01,Điểm thi THPT,2021,15.0,Ngôn ngữ Hàn Quốc
5944,DAD,ngon-ngu-han-quoc,A01,Điểm thi THPT,2022,15.0,Ngôn ngữ Hàn Quốc
5945,DAD,ngon-ngu-han-quoc,D01,Điểm thi THPT,2022,15.0,Ngôn ngữ Hàn Quốc
5946,DAD,ngon-ngu-han-quoc,D78,Điểm thi THPT,2022,15.0,Ngôn ngữ Hàn Quốc
5947,DAD,ngon-ngu-han-quoc,A01,Điểm học bạ,2023,18.0,Ngôn ngữ Hàn Quốc
5948,DAD,ngon-ngu-han-quoc,C00,Điểm học bạ,2023,6.0,Ngôn ngữ Hàn Quốc (KEIMYUNG - HÀN QUỐC)
5949,DAD,ngon-ngu-han-quoc,D01,Điểm học bạ,2023,18.0,Ngôn ngữ Hàn Quốc
5950,DAD,ngon-ngu-han-quoc,D78,Điểm học bạ,2023,18.0,Ngôn ngữ Hàn Quốc
5951,DAD,ngon-ngu-han-quoc,A01,Điểm thi THPT,2023,15.0,Ngôn ngữ Hàn Quốc
5952,DAD,ngon-ngu-han-quoc,C00,Điểm thi THPT,2023,15.0,Ngôn ngữ Hàn Quốc (KEIMYUNG - HÀN QUỐC)
5953,DAD,ngon-ngu-han-quoc,D01,Điểm thi THPT,2023,15.0,Ngôn ngữ Hàn Quốc
5954,DAD,ngon-ngu-han-quoc,D78,Điểm thi THPT,2023,15.0,Ngôn ngữ Hàn Quốc
5955,DAD,ngon-ngu-han-quoc,A01,Điểm học bạ,2024,6.0,Ngôn ngữ Hàn Quốc
5956,DAD,ngon-ngu-han-quoc,C03,Điểm học bạ,2024,6.0,Ngôn ngữ Hàn Quốc
5957,DAD,ngon-ngu-han-quoc,D01,Điểm học bạ,2024,6.0,Ngôn ngữ Hàn Quốc
5958,DAD,ngon-ngu-han-quoc,A01,Điểm thi THPT,2024,15.0,Ngôn ngữ Hàn Quốc
5959,DAD,ngon-ngu-han-quoc,D01,Điểm thi THPT,2024,15.0,Ngôn ngữ Hàn Quốc
5960,DAD,ngon-ngu-han-quoc,D78,Điểm thi THPT,2024,15.0,Ngôn ngữ Hàn Quốc
5961,DAD,ngon-ngu-han-quoc,C00,Điểm học bạ,2025,18.0,Ngôn ngữ Hàn Quốc
5962,DAD,ngon-ngu-han-quoc,C03,Điểm học bạ,2025,18.0,Ngôn ngữ Hàn Quốc
5963,DAD,ngon-ngu-han-quoc,C04,Điểm học bạ,2025,18.0,Ngôn ngữ Hàn Quốc
5964,DAD,ngon-ngu-han-quoc,D01,Điểm học bạ,2025,18.0,Ngôn ngữ Hàn Quốc
5965,DAD,ngon-ngu-han-quoc,D10,Điểm học bạ,2025,18.0,Ngôn ngữ Hàn Quốc
5966,DAD,ngon-ngu-han-quoc,D14,Điểm học bạ,2025,18.0,Ngôn ngữ Hàn Quốc
5967,DAD,ngon-ngu-han-quoc,X02,Điểm học bạ,2025,18.0,Ngôn ngữ Hàn Quốc
5968,DAD,ngon-ngu-han-quoc,X70,Điểm học bạ,2025,18.0,Ngôn ngữ Hàn Quốc
5969,DAD,ngon-ngu-han-quoc,X78,Điểm học bạ,2025,18.0,Ngôn ngữ Hàn Quốc
5970,DAD,ngon-ngu-han-quoc,C00,Điểm thi THPT,2025,15.0,Ngôn ngữ Hàn Quốc
5971,DAD,ngon-ngu-han-quoc,C03,Điểm thi THPT,2025,15.0,Ngôn ngữ Hàn Quốc
5972,DAD,ngon-ngu-han-quoc,C04,Điểm thi THPT,2025,15.0,Ngôn ngữ Hàn Quốc
5973,DAD,ngon-ngu-han-quoc,D01,Điểm thi THPT,2025,15.0,Ngôn ngữ Hàn Quốc
5974,DAD,ngon-ngu-han-quoc,D10,Điểm thi THPT,2025,15.0,Ngôn ngữ Hàn Quốc
5975,DAD,ngon-ngu-han-quoc,D14,Điểm thi THPT,2025,15.0,Ngôn ngữ Hàn Quốc
5976,DAD,ngon-ngu-han-quoc,X02,Điểm thi THPT,2025,15.0,Ngôn ngữ Hàn Quốc
5977,DAD,ngon-ngu-han-quoc,X70,Điểm thi THPT,2025,15.0,Ngôn ngữ Hàn Quốc
5978,DAD,ngon-ngu-han-quoc,X78,Điểm thi THPT,2025,15.0,Ngôn ngữ Hàn Quốc
5979,DAD,ngon-ngu-nhat,A01,Điểm học bạ,2021,6.0,Ngôn ngữ Nhật
5980,DAD,ngon-ngu-nhat,C00,Điểm học bạ,2021,6.0,Ngôn ngữ Nhật
5981,DAD,ngon-ngu-nhat,C15,Điểm học bạ,2021,6.0,Ngôn ngữ Nhật
5982,DAD,ngon-ngu-nhat,D01,Điểm học bạ,2021,6.0,Ngôn ngữ Nhật
5983,DAD,ngon-ngu-nhat,A01,Điểm thi THPT,2021,15.0,Ngôn ngữ Nhật
5984,DAD,ngon-ngu-nhat,C00,Điểm thi THPT,2021,15.0,Ngôn ngữ Nhật
5985,DAD,ngon-ngu-nhat,C15,Điểm thi THPT,2021,15.0,Ngôn ngữ Nhật
5986,DAD,ngon-ngu-nhat,D01,Điểm thi THPT,2021,15.0,Ngôn ngữ Nhật
5987,DAD,ngon-ngu-nhat,A01,Điểm thi THPT,2022,15.0,Ngôn ngữ Nhật
5988,DAD,ngon-ngu-nhat,D01,Điểm thi THPT,2022,15.0,Ngôn ngữ Nhật
5989,DAD,ngon-ngu-nhat,D06,Điểm thi THPT,2022,15.0,Ngôn ngữ Nhật
5990,DAD,ngon-ngu-nhat,D78,Điểm thi THPT,2022,15.0,Ngôn ngữ Nhật
5991,DAD,ngon-ngu-nhat,A01,Điểm học bạ,2023,18.0,Ngôn ngữ Nhật
5992,DAD,ngon-ngu-nhat,D01,Điểm học bạ,2023,18.0,Ngôn ngữ Nhật
5993,DAD,ngon-ngu-nhat,D06,Điểm học bạ,2023,18.0,Ngôn ngữ Nhật
5994,DAD,ngon-ngu-nhat,D78,Điểm học bạ,2023,18.0,Ngôn ngữ Nhật
5995,DAD,ngon-ngu-nhat,A01,Điểm thi THPT,2023,15.0,Ngôn ngữ Nhật
5996,DAD,ngon-ngu-nhat,D01,Điểm thi THPT,2023,15.0,Ngôn ngữ Nhật
5997,DAD,ngon-ngu-nhat,D06,Điểm thi THPT,2023,15.0,Ngôn ngữ Nhật
5998,DAD,ngon-ngu-nhat,D78,Điểm thi THPT,2023,15.0,Ngôn ngữ Nhật
5999,DAD,ngon-ngu-nhat,C00,Điểm học bạ,2025,18.0,Ngôn ngữ Nhật
6000,DAD,ngon-ngu-nhat,C03,Điểm học bạ,2025,18.0,Ngôn ngữ Nhật
6001,DAD,ngon-ngu-nhat,C04,Điểm học bạ,2025,18.0,Ngôn ngữ Nhật
6002,DAD,ngon-ngu-nhat,D01,Điểm học bạ,2025,18.0,Ngôn ngữ Nhật
6003,DAD,ngon-ngu-nhat,D10,Điểm học bạ,2025,18.0,Ngôn ngữ Nhật
6004,DAD,ngon-ngu-nhat,D14,Điểm học bạ,2025,18.0,Ngôn ngữ Nhật
6005,DAD,ngon-ngu-nhat,X02,Điểm học bạ,2025,18.0,Ngôn ngữ Nhật
6006,DAD,ngon-ngu-nhat,X70,Điểm học bạ,2025,18.0,Ngôn ngữ Nhật
6007,DAD,ngon-ngu-nhat,X78,Điểm học bạ,2025,18.0,Ngôn ngữ Nhật
6008,DAD,ngon-ngu-nhat,C00,Điểm thi THPT,2025,15.0,Ngôn ngữ Nhật
6009,DAD,ngon-ngu-nhat,C03,Điểm thi THPT,2025,15.0,Ngôn ngữ Nhật
6010,DAD,ngon-ngu-nhat,C04,Điểm thi THPT,2025,15.0,Ngôn ngữ Nhật
6011,DAD,ngon-ngu-nhat,D01,Điểm thi THPT,2025,15.0,Ngôn ngữ Nhật
6012,DAD,ngon-ngu-nhat,D10,Điểm thi THPT,2025,15.0,Ngôn ngữ Nhật
6013,DAD,ngon-ngu-nhat,D14,Điểm thi THPT,2025,15.0,Ngôn ngữ Nhật
6014,DAD,ngon-ngu-nhat,X02,Điểm thi THPT,2025,15.0,Ngôn ngữ Nhật
6015,DAD,ngon-ngu-nhat,X70,Điểm thi THPT,2025,15.0,Ngôn ngữ Nhật
6016,DAD,ngon-ngu-nhat,X78,Điểm thi THPT,2025,15.0,Ngôn ngữ Nhật
6017,DAD,ngon-ngu-nhat-ban,A01,Điểm học bạ,2024,18.0,Ngôn ngữ Nhật Bản
6018,DAD,ngon-ngu-nhat-ban,C03,Điểm học bạ,2024,18.0,Ngôn ngữ Nhật Bản
6019,DAD,ngon-ngu-nhat-ban,D01,Điểm học bạ,2024,18.0,Ngôn ngữ Nhật Bản
6020,DAD,ngon-ngu-nhat-ban,D06,Điểm học bạ,2024,18.0,Ngôn ngữ Nhật Bản
6021,DAD,ngon-ngu-nhat-ban,A01,Điểm thi THPT,2024,15.0,Ngôn ngữ Nhật Bản
6022,DAD,ngon-ngu-nhat-ban,D01,Điểm thi THPT,2024,15.0,Ngôn ngữ Nhật Bản
6023,DAD,ngon-ngu-nhat-ban,D06,Điểm thi THPT,2024,15.0,Ngôn ngữ Nhật Bản
6024,DAD,ngon-ngu-nhat-ban,D78,Điểm thi THPT,2024,15.0,Ngôn ngữ Nhật Bản
6025,DAD,ngon-ngu-trung-quoc,A01,Điểm học bạ,2021,6.0,Ngôn ngữ Trung Quốc
6026,DAD,ngon-ngu-trung-quoc,C00,Điểm học bạ,2021,6.0,Ngôn ngữ Trung Quốc
6027,DAD,ngon-ngu-trung-quoc,C15,Điểm học bạ,2021,6.0,Ngôn ngữ Trung Quốc
6028,DAD,ngon-ngu-trung-quoc,D01,Điểm học bạ,2021,6.0,Ngôn ngữ Trung Quốc
6029,DAD,ngon-ngu-trung-quoc,A01,Điểm thi THPT,2021,15.0,Ngôn ngữ Trung Quốc
6030,DAD,ngon-ngu-trung-quoc,C00,Điểm thi THPT,2021,15.0,Ngôn ngữ Trung Quốc
6031,DAD,ngon-ngu-trung-quoc,C15,Điểm thi THPT,2021,15.0,Ngôn ngữ Trung Quốc
6032,DAD,ngon-ngu-trung-quoc,D01,Điểm thi THPT,2021,15.0,Ngôn ngữ Trung Quốc
6033,DAD,ngon-ngu-trung-quoc,A01,Điểm thi THPT,2022,15.0,Ngôn ngữ Trung Quốc
6034,DAD,ngon-ngu-trung-quoc,D01,Điểm thi THPT,2022,15.0,Ngôn ngữ Trung Quốc
6035,DAD,ngon-ngu-trung-quoc,D04,Điểm thi THPT,2022,15.0,Ngôn ngữ Trung Quốc
6036,DAD,ngon-ngu-trung-quoc,D78,Điểm thi THPT,2022,15.0,Ngôn ngữ Trung Quốc
6037,DAD,ngon-ngu-trung-quoc,A01,Điểm học bạ,2023,18.0,Ngôn ngữ Trung Quốc
6038,DAD,ngon-ngu-trung-quoc,D01,Điểm học bạ,2023,18.0,Ngôn ngữ Trung Quốc
6039,DAD,ngon-ngu-trung-quoc,D04,Điểm học bạ,2023,18.0,Ngôn ngữ Trung Quốc
6040,DAD,ngon-ngu-trung-quoc,D78,Điểm học bạ,2023,18.0,Ngôn ngữ Trung Quốc
6041,DAD,ngon-ngu-trung-quoc,A01,Điểm thi THPT,2023,15.0,Ngôn ngữ Trung Quốc
6042,DAD,ngon-ngu-trung-quoc,D01,Điểm thi THPT,2023,15.0,Ngôn ngữ Trung Quốc
6043,DAD,ngon-ngu-trung-quoc,D04,Điểm thi THPT,2023,15.0,Ngôn ngữ Trung Quốc
6044,DAD,ngon-ngu-trung-quoc,D78,Điểm thi THPT,2023,15.0,Ngôn ngữ Trung Quốc
6045,DAD,ngon-ngu-trung-quoc,A01,Điểm học bạ,2024,18.0,Ngôn ngữ Trung Quốc
6046,DAD,ngon-ngu-trung-quoc,C03,Điểm học bạ,2024,18.0,Ngôn ngữ Trung Quốc
6047,DAD,ngon-ngu-trung-quoc,D01,Điểm học bạ,2024,18.0,Ngôn ngữ Trung Quốc
6048,DAD,ngon-ngu-trung-quoc,D04,Điểm học bạ,2024,18.0,Ngôn ngữ Trung Quốc
6049,DAD,ngon-ngu-trung-quoc,A01,Điểm thi THPT,2024,15.0,Ngôn ngữ Trung Quốc
6050,DAD,ngon-ngu-trung-quoc,D01,Điểm thi THPT,2024,15.0,Ngôn ngữ Trung Quốc
6051,DAD,ngon-ngu-trung-quoc,D04,Điểm thi THPT,2024,15.0,Ngôn ngữ Trung Quốc
6052,DAD,ngon-ngu-trung-quoc,D78,Điểm thi THPT,2024,15.0,Ngôn ngữ Trung Quốc
6053,DAD,ngon-ngu-trung-quoc,C00,Điểm học bạ,2025,6.0,Ngôn ngữ Trung Quốc
6054,DAD,ngon-ngu-trung-quoc,C03,Điểm học bạ,2025,6.0,Ngôn ngữ Trung Quốc
6055,DAD,ngon-ngu-trung-quoc,C04,Điểm học bạ,2025,6.0,Ngôn ngữ Trung Quốc
6056,DAD,ngon-ngu-trung-quoc,D01,Điểm học bạ,2025,6.0,Ngôn ngữ Trung Quốc
6057,DAD,ngon-ngu-trung-quoc,D10,Điểm học bạ,2025,6.0,Ngôn ngữ Trung Quốc
6058,DAD,ngon-ngu-trung-quoc,D14,Điểm học bạ,2025,6.0,Ngôn ngữ Trung Quốc
6059,DAD,ngon-ngu-trung-quoc,X02,Điểm học bạ,2025,6.0,Ngôn ngữ Trung Quốc
6060,DAD,ngon-ngu-trung-quoc,X70,Điểm học bạ,2025,6.0,Ngôn ngữ Trung Quốc
6061,DAD,ngon-ngu-trung-quoc,X78,Điểm học bạ,2025,6.0,Ngôn ngữ Trung Quốc
6062,DAD,ngon-ngu-trung-quoc,C00,Điểm thi THPT,2025,15.0,Ngôn ngữ Trung Quốc
6063,DAD,ngon-ngu-trung-quoc,C03,Điểm thi THPT,2025,15.0,Ngôn ngữ Trung Quốc
6064,DAD,ngon-ngu-trung-quoc,C04,Điểm thi THPT,2025,15.0,Ngôn ngữ Trung Quốc
6065,DAD,ngon-ngu-trung-quoc,D01,Điểm thi THPT,2025,15.0,Ngôn ngữ Trung Quốc
6066,DAD,ngon-ngu-trung-quoc,D10,Điểm thi THPT,2025,15.0,Ngôn ngữ Trung Quốc
6067,DAD,ngon-ngu-trung-quoc,D14,Điểm thi THPT,2025,15.0,Ngôn ngữ Trung Quốc
6068,DAD,ngon-ngu-trung-quoc,X02,Điểm thi THPT,2025,15.0,Ngôn ngữ Trung Quốc
6069,DAD,ngon-ngu-trung-quoc,X70,Điểm thi THPT,2025,15.0,Ngôn ngữ Trung Quốc
6070,DAD,ngon-ngu-trung-quoc,X78,Điểm thi THPT,2025,15.0,Ngôn ngữ Trung Quốc
6071,DAD,nong-nghiep,A00,Điểm học bạ,2021,18.0,Nông nghiệp
6072,DAD,nong-nghiep,B00,Điểm học bạ,2021,18.0,Nông nghiệp
6073,DAD,nong-nghiep,B08,Điểm học bạ,2021,18.0,Nông nghiệp
6074,DAD,nong-nghiep,D01,Điểm học bạ,2021,18.0,Nông nghiệp
6075,DAD,nong-nghiep,A00,Điểm thi THPT,2022,15.0,Nông nghiệp
6076,DAD,nong-nghiep,B00,Điểm thi THPT,2022,15.0,Nông nghiệp
6077,DAD,nong-nghiep,B08,Điểm thi THPT,2022,15.0,Nông nghiệp
6078,DAD,nong-nghiep,D01,Điểm thi THPT,2022,15.0,Nông nghiệp
6079,DAD,nong-nghiep,A00,Điểm học bạ,2023,18.0,Nông nghiệp
6080,DAD,nong-nghiep,B00,Điểm học bạ,2023,18.0,Nông nghiệp
6081,DAD,nong-nghiep,B08,Điểm học bạ,2023,18.0,Nông nghiệp
6082,DAD,nong-nghiep,D01,Điểm học bạ,2023,18.0,Nông nghiệp
6083,DAD,nong-nghiep,A00,Điểm thi THPT,2023,15.0,Nông nghiệp
6084,DAD,nong-nghiep,B00,Điểm thi THPT,2023,15.0,Nông nghiệp
6085,DAD,nong-nghiep,B08,Điểm thi THPT,2023,15.0,Nông nghiệp
6086,DAD,nong-nghiep,D01,Điểm thi THPT,2023,15.0,Nông nghiệp
6087,DAD,nong-nghiep,A00,Điểm học bạ,2024,6.0,Nông nghiệp
6088,DAD,nong-nghiep,B00,Điểm học bạ,2024,6.0,Nông nghiệp
6089,DAD,nong-nghiep,B08,Điểm học bạ,2024,6.0,Nông nghiệp
6090,DAD,nong-nghiep,D01,Điểm học bạ,2024,6.0,Nông nghiệp
6091,DAD,nong-nghiep,A00,Điểm thi THPT,2024,15.0,Nông nghiệp
6092,DAD,nong-nghiep,B00,Điểm thi THPT,2024,15.0,Nông nghiệp
6093,DAD,nong-nghiep,B08,Điểm thi THPT,2024,15.0,Nông nghiệp
6094,DAD,nong-nghiep,D01,Điểm thi THPT,2024,15.0,Nông nghiệp
6095,DAD,nong-nghiep,A00,Điểm học bạ,2025,6.0,Nông nghiệp
6096,DAD,nong-nghiep,A02,Điểm học bạ,2025,6.0,Nông nghiệp
6097,DAD,nong-nghiep,B00,Điểm học bạ,2025,6.0,Nông nghiệp
6098,DAD,nong-nghiep,B02,Điểm học bạ,2025,6.0,Nông nghiệp
6099,DAD,nong-nghiep,B03,Điểm học bạ,2025,6.0,Nông nghiệp
6100,DAD,nong-nghiep,B08,Điểm học bạ,2025,6.0,Nông nghiệp
6101,DAD,nong-nghiep,X09,Điểm học bạ,2025,6.0,Nông nghiệp
6102,DAD,nong-nghiep,X13,Điểm học bạ,2025,6.0,Nông nghiệp
6103,DAD,nong-nghiep,X14,Điểm học bạ,2025,6.0,Nông nghiệp
6104,DAD,nong-nghiep,A00,Điểm thi THPT,2025,15.0,Nông nghiệp
6105,DAD,nong-nghiep,A02,Điểm thi THPT,2025,15.0,Nông nghiệp
6106,DAD,nong-nghiep,B00,Điểm thi THPT,2025,15.0,Nông nghiệp
6107,DAD,nong-nghiep,B02,Điểm thi THPT,2025,15.0,Nông nghiệp
6108,DAD,nong-nghiep,B03,Điểm thi THPT,2025,15.0,Nông nghiệp
6109,DAD,nong-nghiep,B08,Điểm thi THPT,2025,15.0,Nông nghiệp
6110,DAD,nong-nghiep,X09,Điểm thi THPT,2025,15.0,Nông nghiệp
6111,DAD,nong-nghiep,X13,Điểm thi THPT,2025,15.0,Nông nghiệp
6112,DAD,nong-nghiep,X14,Điểm thi THPT,2025,15.0,Nông nghiệp
6113,DAD,nong-nghiep-cong-nghe-cao,A00,Điểm thi THPT,2021,15.0,Nông nghiệp công nghệ cao
6114,DAD,nong-nghiep-cong-nghe-cao,B00,Điểm thi THPT,2021,15.0,Nông nghiệp công nghệ cao
6115,DAD,nong-nghiep-cong-nghe-cao,B08,Điểm thi THPT,2021,15.0,Nông nghiệp công nghệ cao
6116,DAD,nong-nghiep-cong-nghe-cao,D01,Điểm thi THPT,2021,15.0,Nông nghiệp công nghệ cao
6117,DAD,quan-he-quoc-te,A00,Điểm học bạ,2023,6.0,Quan hệ quốc tế
6118,DAD,quan-he-quoc-te,C00,Điểm học bạ,2023,6.0,Quan hệ quốc tế
6119,DAD,quan-he-quoc-te,D01,Điểm học bạ,2023,6.0,Quan hệ quốc tế
6120,DAD,quan-he-quoc-te,D78,Điểm học bạ,2023,6.0,Quan hệ quốc tế
6121,DAD,quan-he-quoc-te,A00,Điểm thi THPT,2023,15.0,Quan hệ quốc tế
6122,DAD,quan-he-quoc-te,C00,Điểm thi THPT,2023,15.0,Quan hệ quốc tế
6123,DAD,quan-he-quoc-te,D01,Điểm thi THPT,2023,15.0,Quan hệ quốc tế
6124,DAD,quan-he-quoc-te,D78,Điểm thi THPT,2023,15.0,Quan hệ quốc tế
6125,DAD,quan-he-quoc-te,A00,Điểm học bạ,2024,6.0,Quan hệ Quốc tế
6126,DAD,quan-he-quoc-te,A01,Điểm học bạ,2024,6.0,Quan hệ Quốc tế
6127,DAD,quan-he-quoc-te,C01,Điểm học bạ,2024,6.0,Quan hệ Quốc tế
6128,DAD,quan-he-quoc-te,D01,Điểm học bạ,2024,6.0,Quan hệ Quốc tế
6129,DAD,quan-he-quoc-te,A00,Điểm thi THPT,2024,15.0,Quan hệ quốc tế
6130,DAD,quan-he-quoc-te,C00,Điểm thi THPT,2024,15.0,Quan hệ quốc tế
6131,DAD,quan-he-quoc-te,D01,Điểm thi THPT,2024,15.0,Quan hệ quốc tế
6132,DAD,quan-he-quoc-te,D78,Điểm thi THPT,2024,15.0,Quan hệ quốc tế
6133,DAD,quan-ly-van-hoa,A00,Điểm học bạ,2023,6.0,Quản lý văn hoá
6134,DAD,quan-ly-van-hoa,C00,Điểm học bạ,2023,6.0,Quản lý văn hoá
6135,DAD,quan-ly-van-hoa,D01,Điểm học bạ,2023,6.0,Quản lý văn hoá
6136,DAD,quan-ly-van-hoa,D78,Điểm học bạ,2023,6.0,Quản lý văn hoá
6137,DAD,quan-ly-van-hoa,A00,Điểm thi THPT,2023,15.0,Quản lý văn hoá
6138,DAD,quan-ly-van-hoa,C00,Điểm thi THPT,2023,15.0,Quản lý văn hoá
6139,DAD,quan-ly-van-hoa,D01,Điểm thi THPT,2023,15.0,Quản lý văn hoá
6140,DAD,quan-ly-van-hoa,D78,Điểm thi THPT,2023,15.0,Quản lý văn hoá
6141,DAD,quan-ly-van-hoa,A00,Điểm học bạ,2024,6.0,Quản lý văn hoá
6142,DAD,quan-ly-van-hoa,C00,Điểm học bạ,2024,6.0,Quản lý văn hoá
6143,DAD,quan-ly-van-hoa,D01,Điểm học bạ,2024,6.0,Quản lý văn hoá
6144,DAD,quan-ly-van-hoa,D78,Điểm học bạ,2024,6.0,Quản lý văn hoá
6145,DAD,quan-ly-van-hoa,A00,Điểm thi THPT,2024,15.0,Quản lý văn hóa
6146,DAD,quan-ly-van-hoa,C00,Điểm thi THPT,2024,15.0,Quản lý văn hóa
6147,DAD,quan-ly-van-hoa,D01,Điểm thi THPT,2024,15.0,Quản lý văn hóa
6148,DAD,quan-ly-van-hoa,D78,Điểm thi THPT,2024,15.0,Quản lý văn hóa
6149,DAD,quan-ly-van-hoa,B03,Điểm học bạ,2025,18.0,Quản lý văn hóa
6150,DAD,quan-ly-van-hoa,C00,Điểm học bạ,2025,18.0,Quản lý văn hóa
6151,DAD,quan-ly-van-hoa,C03,Điểm học bạ,2025,18.0,Quản lý văn hóa
6152,DAD,quan-ly-van-hoa,C04,Điểm học bạ,2025,18.0,Quản lý văn hóa
6153,DAD,quan-ly-van-hoa,D01,Điểm học bạ,2025,18.0,Quản lý văn hóa
6154,DAD,quan-ly-van-hoa,M06,Điểm học bạ,2025,18.0,Quản lý văn hóa
6155,DAD,quan-ly-van-hoa,X02,Điểm học bạ,2025,18.0,Quản lý văn hóa
6156,DAD,quan-ly-van-hoa,X17,Điểm học bạ,2025,18.0,Quản lý văn hóa
6157,DAD,quan-ly-van-hoa,B03,Điểm thi THPT,2025,15.0,Quản lý văn hóa
6158,DAD,quan-ly-van-hoa,C00,Điểm thi THPT,2025,15.0,Quản lý văn hóa
6159,DAD,quan-ly-van-hoa,C03,Điểm thi THPT,2025,15.0,Quản lý văn hóa
6160,DAD,quan-ly-van-hoa,C04,Điểm thi THPT,2025,15.0,Quản lý văn hóa
6161,DAD,quan-ly-van-hoa,D01,Điểm thi THPT,2025,15.0,Quản lý văn hóa
6162,DAD,quan-ly-van-hoa,M06,Điểm thi THPT,2025,15.0,Quản lý văn hóa
6163,DAD,quan-ly-van-hoa,X02,Điểm thi THPT,2025,15.0,Quản lý văn hóa
6164,DAD,quan-ly-van-hoa,X17,Điểm thi THPT,2025,15.0,Quản lý văn hóa
6165,DAD,quan-tri-dich-vu-du-lich-lu-hanh,A01,Điểm học bạ,2024,6.0,Quản trị dịch vụ du lịch & lữ hành
6166,DAD,quan-tri-dich-vu-du-lich-lu-hanh,C00,Điểm học bạ,2024,6.0,Quản trị dịch vụ du lịch & lữ hành
6167,DAD,quan-tri-dich-vu-du-lich-lu-hanh,C03,Điểm học bạ,2024,6.0,Quản trị dịch vụ du lịch & lữ hành
6168,DAD,quan-tri-dich-vu-du-lich-lu-hanh,D01,Điểm học bạ,2024,6.0,Quản trị dịch vụ du lịch & lữ hành
6169,DAD,quan-tri-dich-vu-du-lich-va-lu-hanh,A00,Điểm thi THPT,2021,15.0,Quản trị dịch vụ du lịch và lữ hành
6170,DAD,quan-tri-dich-vu-du-lich-va-lu-hanh,C00,Điểm thi THPT,2021,15.0,Quản trị dịch vụ du lịch và lữ hành
6171,DAD,quan-tri-dich-vu-du-lich-va-lu-hanh,D01,Điểm thi THPT,2021,15.0,Quản trị dịch vụ du lịch và lữ hành
6172,DAD,quan-tri-dich-vu-du-lich-va-lu-hanh,D10,Điểm thi THPT,2021,15.0,Quản trị dịch vụ du lịch và lữ hành
6173,DAD,quan-tri-dich-vu-du-lich-va-lu-hanh,C00,Điểm thi THPT,2022,15.0,Quản trị dịch vụ du lịch và lữ hành
6174,DAD,quan-tri-dich-vu-du-lich-va-lu-hanh,D01,Điểm thi THPT,2022,15.0,Quản trị dịch vụ du lịch và lữ hành
6175,DAD,quan-tri-dich-vu-du-lich-va-lu-hanh,D78,Điểm thi THPT,2022,15.0,Quản trị dịch vụ du lịch và lữ hành
6176,DAD,quan-tri-dich-vu-du-lich-va-lu-hanh,D90,Điểm thi THPT,2022,15.0,Quản trị dịch vụ du lịch và lữ hành
6177,DAD,quan-tri-dich-vu-du-lich-va-lu-hanh,C00,Điểm học bạ,2023,6.0,Quản trị dịch vụ du lịch và lữ hành
6178,DAD,quan-tri-dich-vu-du-lich-va-lu-hanh,D01,Điểm học bạ,2023,6.0,Quản trị dịch vụ du lịch và lữ hành
6179,DAD,quan-tri-dich-vu-du-lich-va-lu-hanh,D78,Điểm học bạ,2023,6.0,Quản trị dịch vụ du lịch và lữ hành
6180,DAD,quan-tri-dich-vu-du-lich-va-lu-hanh,D90,Điểm học bạ,2023,6.0,Quản trị dịch vụ du lịch và lữ hành
6181,DAD,quan-tri-dich-vu-du-lich-va-lu-hanh,C00,Điểm thi THPT,2023,15.0,Quản trị dịch vụ du lịch và lữ hành
6182,DAD,quan-tri-dich-vu-du-lich-va-lu-hanh,D01,Điểm thi THPT,2023,15.0,Quản trị dịch vụ du lịch và lữ hành
6183,DAD,quan-tri-dich-vu-du-lich-va-lu-hanh,D78,Điểm thi THPT,2023,15.0,Quản trị dịch vụ du lịch và lữ hành
6184,DAD,quan-tri-dich-vu-du-lich-va-lu-hanh,D90,Điểm thi THPT,2023,15.0,Quản trị dịch vụ du lịch và lữ hành
6185,DAD,quan-tri-dich-vu-du-lich-va-lu-hanh,C00,Điểm học bạ,2025,18.0,Quản trị dịch vụ du lịch và lữ hành
6186,DAD,quan-tri-dich-vu-du-lich-va-lu-hanh,C04,Điểm học bạ,2025,18.0,Quản trị dịch vụ du lịch và lữ hành
6187,DAD,quan-tri-dich-vu-du-lich-va-lu-hanh,D01,Điểm học bạ,2025,18.0,Quản trị dịch vụ du lịch và lữ hành
6188,DAD,quan-tri-dich-vu-du-lich-va-lu-hanh,D09,Điểm học bạ,2025,18.0,Quản trị dịch vụ du lịch và lữ hành
6189,DAD,quan-tri-dich-vu-du-lich-va-lu-hanh,D14,Điểm học bạ,2025,18.0,Quản trị dịch vụ du lịch và lữ hành
6190,DAD,quan-tri-dich-vu-du-lich-va-lu-hanh,D15,Điểm học bạ,2025,18.0,Quản trị dịch vụ du lịch và lữ hành
6191,DAD,quan-tri-dich-vu-du-lich-va-lu-hanh,X01,Điểm học bạ,2025,18.0,Quản trị dịch vụ du lịch và lữ hành
6192,DAD,quan-tri-dich-vu-du-lich-va-lu-hanh,X02,Điểm học bạ,2025,18.0,Quản trị dịch vụ du lịch và lữ hành
6193,DAD,quan-tri-dich-vu-du-lich-va-lu-hanh,X21,Điểm học bạ,2025,18.0,Quản trị dịch vụ du lịch và lữ hành
6194,DAD,quan-tri-dich-vu-du-lich-va-lu-hanh,C00,Điểm thi THPT,2025,15.0,Quản trị dịch vụ du lịch và lữ hành
6195,DAD,quan-tri-dich-vu-du-lich-va-lu-hanh,C04,Điểm thi THPT,2025,15.0,Quản trị dịch vụ du lịch và lữ hành
6196,DAD,quan-tri-dich-vu-du-lich-va-lu-hanh,D01,Điểm thi THPT,2025,15.0,Quản trị dịch vụ du lịch và lữ hành
6197,DAD,quan-tri-dich-vu-du-lich-va-lu-hanh,D09,Điểm thi THPT,2025,15.0,Quản trị dịch vụ du lịch và lữ hành
6198,DAD,quan-tri-dich-vu-du-lich-va-lu-hanh,D14,Điểm thi THPT,2025,15.0,Quản trị dịch vụ du lịch và lữ hành
6199,DAD,quan-tri-dich-vu-du-lich-va-lu-hanh,D15,Điểm thi THPT,2025,15.0,Quản trị dịch vụ du lịch và lữ hành
6200,DAD,quan-tri-dich-vu-du-lich-va-lu-hanh,X01,Điểm thi THPT,2025,15.0,Quản trị dịch vụ du lịch và lữ hành
6201,DAD,quan-tri-dich-vu-du-lich-va-lu-hanh,X02,Điểm thi THPT,2025,15.0,Quản trị dịch vụ du lịch và lữ hành
6202,DAD,quan-tri-dich-vu-du-lich-va-lu-hanh,X21,Điểm thi THPT,2025,15.0,Quản trị dịch vụ du lịch và lữ hành
6203,DAD,quan-tri-dv-du-lich-va-lu-hanh,A00,Điểm học bạ,2021,18.0,Quản trị DV du lịch và lữ hành
6204,DAD,quan-tri-dv-du-lich-va-lu-hanh,C00,Điểm học bạ,2021,18.0,Quản trị DV du lịch và lữ hành
6205,DAD,quan-tri-dv-du-lich-va-lu-hanh,D01,Điểm học bạ,2021,18.0,Quản trị DV du lịch và lữ hành
6206,DAD,quan-tri-dv-du-lich-va-lu-hanh,D10,Điểm học bạ,2021,18.0,Quản trị DV du lịch và lữ hành
6207,DAD,quan-tri-dv-du-lich-va-lu-hanh,C00,Điểm học bạ,2023,18.0,Quản trị DV du lịch và lữ hành (KEIMYUNG - HÀN QUỐC)
6208,DAD,quan-tri-dv-du-lich-va-lu-hanh,D01,Điểm học bạ,2023,18.0,Quản trị DV du lịch và lữ hành (KEIMYUNG - HÀN QUỐC)
6209,DAD,quan-tri-dv-du-lich-va-lu-hanh,C00,Điểm thi THPT,2023,15.0,Quản trị DV du lịch và lữ hành (KEIMYUNG - HÀN QUỐC)
6210,DAD,quan-tri-dv-du-lich-va-lu-hanh,D01,Điểm thi THPT,2023,15.0,Quản trị DV du lịch và lữ hành (KEIMYUNG - HÀN QUỐC)
6211,DAD,quan-tri-dv-du-lich-va-lu-hanh,C00,Điểm thi THPT,2024,15.0,Quản trị DV Du lịch và Lữ hành
6212,DAD,quan-tri-dv-du-lich-va-lu-hanh,D01,Điểm thi THPT,2024,15.0,Quản trị DV Du lịch và Lữ hành
6213,DAD,quan-tri-dv-du-lich-va-lu-hanh,D78,Điểm thi THPT,2024,15.0,Quản trị DV Du lịch và Lữ hành
6214,DAD,quan-tri-dv-du-lich-va-lu-hanh,D90,Điểm thi THPT,2024,15.0,Quản trị DV Du lịch và Lữ hành
6215,DAD,quan-tri-dv-du-lich-va-lu-hanh,C00,Điểm học bạ,2025,6.0,Quản trị DV Du lịch và Lữ hành
6216,DAD,quan-tri-dv-du-lich-va-lu-hanh,C04,Điểm học bạ,2025,6.0,Quản trị DV Du lịch và Lữ hành
6217,DAD,quan-tri-dv-du-lich-va-lu-hanh,D01,Điểm học bạ,2025,6.0,Quản trị DV Du lịch và Lữ hành
6218,DAD,quan-tri-dv-du-lich-va-lu-hanh,D09,Điểm học bạ,2025,6.0,Quản trị DV Du lịch và Lữ hành
6219,DAD,quan-tri-dv-du-lich-va-lu-hanh,D14,Điểm học bạ,2025,6.0,Quản trị DV Du lịch và Lữ hành
6220,DAD,quan-tri-dv-du-lich-va-lu-hanh,D15,Điểm học bạ,2025,6.0,Quản trị DV Du lịch và Lữ hành
6221,DAD,quan-tri-dv-du-lich-va-lu-hanh,X01,Điểm học bạ,2025,6.0,Quản trị DV Du lịch và Lữ hành
6222,DAD,quan-tri-dv-du-lich-va-lu-hanh,X02,Điểm học bạ,2025,6.0,Quản trị DV Du lịch và Lữ hành
6223,DAD,quan-tri-dv-du-lich-va-lu-hanh,X21,Điểm học bạ,2025,6.0,Quản trị DV Du lịch và Lữ hành
6224,DAD,quan-tri-dv-du-lich-va-lu-hanh,C00,Điểm thi THPT,2025,15.0,Quản trị DV Du lịch và Lữ hành
6225,DAD,quan-tri-dv-du-lich-va-lu-hanh,C04,Điểm thi THPT,2025,15.0,Quản trị DV Du lịch và Lữ hành
6226,DAD,quan-tri-dv-du-lich-va-lu-hanh,D01,Điểm thi THPT,2025,15.0,Quản trị DV Du lịch và Lữ hành
6227,DAD,quan-tri-dv-du-lich-va-lu-hanh,D09,Điểm thi THPT,2025,15.0,Quản trị DV Du lịch và Lữ hành
6228,DAD,quan-tri-dv-du-lich-va-lu-hanh,D14,Điểm thi THPT,2025,15.0,Quản trị DV Du lịch và Lữ hành
6229,DAD,quan-tri-dv-du-lich-va-lu-hanh,D15,Điểm thi THPT,2025,15.0,Quản trị DV Du lịch và Lữ hành
6230,DAD,quan-tri-dv-du-lich-va-lu-hanh,X01,Điểm thi THPT,2025,15.0,Quản trị DV Du lịch và Lữ hành
6231,DAD,quan-tri-dv-du-lich-va-lu-hanh,X02,Điểm thi THPT,2025,15.0,Quản trị DV Du lịch và Lữ hành
6232,DAD,quan-tri-dv-du-lich-va-lu-hanh,X21,Điểm thi THPT,2025,15.0,Quản trị DV Du lịch và Lữ hành
6233,DAD,quan-tri-khach-san,A00,Điểm học bạ,2021,18.0,Quản trị Khách sạn
6234,DAD,quan-tri-khach-san,C00,Điểm học bạ,2021,18.0,Quản trị Khách sạn
6235,DAD,quan-tri-khach-san,D01,Điểm học bạ,2021,18.0,Quản trị Khách sạn
6236,DAD,quan-tri-khach-san,D10,Điểm học bạ,2021,18.0,Quản trị Khách sạn
6237,DAD,quan-tri-khach-san,A00,Điểm thi THPT,2021,15.0,Quản trị khách sạn
6238,DAD,quan-tri-khach-san,C00,Điểm thi THPT,2021,15.0,Quản trị khách sạn
6239,DAD,quan-tri-khach-san,D01,Điểm thi THPT,2021,15.0,Quản trị khách sạn
6240,DAD,quan-tri-khach-san,D10,Điểm thi THPT,2021,15.0,Quản trị khách sạn
6241,DAD,quan-tri-khach-san,C00,Điểm thi THPT,2022,15.0,Quản trị khách sạn
6242,DAD,quan-tri-khach-san,D01,Điểm thi THPT,2022,15.0,Quản trị khách sạn
6243,DAD,quan-tri-khach-san,D78,Điểm thi THPT,2022,15.0,Quản trị khách sạn
6244,DAD,quan-tri-khach-san,D90,Điểm thi THPT,2022,15.0,Quản trị khách sạn
6245,DAD,quan-tri-khach-san,C00,Điểm học bạ,2023,6.0,Quản trị khách sạn
6246,DAD,quan-tri-khach-san,D01,Điểm học bạ,2023,6.0,Quản trị khách sạn
6247,DAD,quan-tri-khach-san,D78,Điểm học bạ,2023,6.0,Quản trị khách sạn
6248,DAD,quan-tri-khach-san,D90,Điểm học bạ,2023,6.0,Quản trị khách sạn
6249,DAD,quan-tri-khach-san,C00,Điểm thi THPT,2023,15.0,Quản trị khách sạn
6250,DAD,quan-tri-khach-san,D01,Điểm thi THPT,2023,15.0,Quản trị khách sạn
6251,DAD,quan-tri-khach-san,D78,Điểm thi THPT,2023,15.0,Quản trị khách sạn
6252,DAD,quan-tri-khach-san,D90,Điểm thi THPT,2023,15.0,Quản trị khách sạn
6253,DAD,quan-tri-khach-san,A01,Điểm học bạ,2024,6.0,Quản trị khách sạn
6254,DAD,quan-tri-khach-san,C00,Điểm học bạ,2024,6.0,Quản trị khách sạn
6255,DAD,quan-tri-khach-san,C03,Điểm học bạ,2024,6.0,Quản trị khách sạn
6256,DAD,quan-tri-khach-san,D01,Điểm học bạ,2024,6.0,Quản trị khách sạn
6257,DAD,quan-tri-khach-san,C00,Điểm thi THPT,2024,15.0,Quản trị Khách sạn
6258,DAD,quan-tri-khach-san,D01,Điểm thi THPT,2024,15.0,Quản trị Khách sạn
6259,DAD,quan-tri-khach-san,D78,Điểm thi THPT,2024,15.0,Quản trị Khách sạn
6260,DAD,quan-tri-khach-san,D90,Điểm thi THPT,2024,15.0,Quản trị Khách sạn
6261,DAD,quan-tri-khach-san,C00,Điểm học bạ,2025,18.0,Quản trị khách sạn
6262,DAD,quan-tri-khach-san,C04,Điểm học bạ,2025,18.0,Quản trị khách sạn
6263,DAD,quan-tri-khach-san,D01,Điểm học bạ,2025,18.0,Quản trị khách sạn
6264,DAD,quan-tri-khach-san,D09,Điểm học bạ,2025,18.0,Quản trị khách sạn
6265,DAD,quan-tri-khach-san,D14,Điểm học bạ,2025,18.0,Quản trị khách sạn
6266,DAD,quan-tri-khach-san,D15,Điểm học bạ,2025,18.0,Quản trị khách sạn
6267,DAD,quan-tri-khach-san,X01,Điểm học bạ,2025,18.0,Quản trị khách sạn
6268,DAD,quan-tri-khach-san,X02,Điểm học bạ,2025,18.0,Quản trị khách sạn
6269,DAD,quan-tri-khach-san,X21,Điểm học bạ,2025,18.0,Quản trị khách sạn
6270,DAD,quan-tri-khach-san,C00,Điểm thi THPT,2025,15.0,Quản trị khách sạn
6271,DAD,quan-tri-khach-san,C04,Điểm thi THPT,2025,15.0,Quản trị khách sạn
6272,DAD,quan-tri-khach-san,D01,Điểm thi THPT,2025,15.0,Quản trị khách sạn
6273,DAD,quan-tri-khach-san,D09,Điểm thi THPT,2025,15.0,Quản trị khách sạn
6274,DAD,quan-tri-khach-san,D14,Điểm thi THPT,2025,15.0,Quản trị khách sạn
6275,DAD,quan-tri-khach-san,D15,Điểm thi THPT,2025,15.0,Quản trị khách sạn
6276,DAD,quan-tri-khach-san,X01,Điểm thi THPT,2025,15.0,Quản trị khách sạn
6277,DAD,quan-tri-khach-san,X02,Điểm thi THPT,2025,15.0,Quản trị khách sạn
6278,DAD,quan-tri-khach-san,X21,Điểm thi THPT,2025,15.0,Quản trị khách sạn
6279,DAD,quan-tri-kinh-doanh,A00,Điểm học bạ,2021,18.0,Quản trị kinh doanh
6280,DAD,quan-tri-kinh-doanh,A01,Điểm học bạ,2021,18.0,Quản trị kinh doanh
6281,DAD,quan-tri-kinh-doanh,C01,Điểm học bạ,2021,18.0,Quản trị kinh doanh
6282,DAD,quan-tri-kinh-doanh,D01,Điểm học bạ,2021,18.0,Quản trị kinh doanh
6283,DAD,quan-tri-kinh-doanh,A00,Điểm thi THPT,2021,15.0,Quản trị kinh doanh
6284,DAD,quan-tri-kinh-doanh,A01,Điểm thi THPT,2021,15.0,Quản trị kinh doanh
6285,DAD,quan-tri-kinh-doanh,C01,Điểm thi THPT,2021,15.0,Quản trị kinh doanh
6286,DAD,quan-tri-kinh-doanh,D01,Điểm thi THPT,2021,15.0,Quản trị kinh doanh
6287,DAD,quan-tri-kinh-doanh,A00,Điểm thi THPT,2022,15.0,Quản trị kinh doanh
6288,DAD,quan-tri-kinh-doanh,A01,Điểm thi THPT,2022,15.0,Quản trị kinh doanh
6289,DAD,quan-tri-kinh-doanh,D01,Điểm thi THPT,2022,15.0,Quản trị kinh doanh
6290,DAD,quan-tri-kinh-doanh,D78,Điểm thi THPT,2022,15.0,Quản trị kinh doanh
6291,DAD,quan-tri-kinh-doanh,A00,Điểm học bạ,2023,18.0,Quản trị kinh doanh
6292,DAD,quan-tri-kinh-doanh,A01,Điểm học bạ,2023,18.0,Quản trị kinh doanh
6293,DAD,quan-tri-kinh-doanh,D01,Điểm học bạ,2023,18.0,Quản trị kinh doanh
6294,DAD,quan-tri-kinh-doanh,D78,Điểm học bạ,2023,18.0,Quản trị kinh doanh
6295,DAD,quan-tri-kinh-doanh,A00,Điểm thi THPT,2023,15.0,Quản trị kinh doanh
6296,DAD,quan-tri-kinh-doanh,A01,Điểm thi THPT,2023,15.0,Quản trị kinh doanh
6297,DAD,quan-tri-kinh-doanh,D01,Điểm thi THPT,2023,15.0,Quản trị kinh doanh
6298,DAD,quan-tri-kinh-doanh,D78,Điểm thi THPT,2023,15.0,Quản trị kinh doanh
6299,DAD,quan-tri-kinh-doanh,A00,Điểm học bạ,2024,18.0,Quản trị kinh doanh
6300,DAD,quan-tri-kinh-doanh,A01,Điểm học bạ,2024,18.0,Quản trị kinh doanh
6301,DAD,quan-tri-kinh-doanh,C01,Điểm học bạ,2024,18.0,Quản trị kinh doanh
6302,DAD,quan-tri-kinh-doanh,D01,Điểm học bạ,2024,18.0,Quản trị kinh doanh
6303,DAD,quan-tri-kinh-doanh,A00,Điểm thi THPT,2024,15.0,Quản trị kinh doanh
6304,DAD,quan-tri-kinh-doanh,A01,Điểm thi THPT,2024,15.0,Quản trị kinh doanh
6305,DAD,quan-tri-kinh-doanh,D01,Điểm thi THPT,2024,15.0,Quản trị kinh doanh
6306,DAD,quan-tri-kinh-doanh,D04,Điểm thi THPT,2024,15.0,Quản trị kinh doanh
6307,DAD,quan-tri-kinh-doanh,D78,Điểm thi THPT,2024,15.0,Quản trị kinh doanh
6308,DAD,quan-tri-kinh-doanh,A00,Điểm học bạ,2025,18.0,Quản trị kinh doanh
6309,DAD,quan-tri-kinh-doanh,A01,Điểm học bạ,2025,18.0,Quản trị kinh doanh
6310,DAD,quan-tri-kinh-doanh,A07,Điểm học bạ,2025,18.0,Quản trị kinh doanh
6311,DAD,quan-tri-kinh-doanh,D01,Điểm học bạ,2025,18.0,Quản trị kinh doanh
6312,DAD,quan-tri-kinh-doanh,D10,Điểm học bạ,2025,18.0,Quản trị kinh doanh
6313,DAD,quan-tri-kinh-doanh,X01,Điểm học bạ,2025,18.0,Quản trị kinh doanh
6314,DAD,quan-tri-kinh-doanh,X02,Điểm học bạ,2025,18.0,Quản trị kinh doanh
6315,DAD,quan-tri-kinh-doanh,X17,Điểm học bạ,2025,18.0,Quản trị kinh doanh
6316,DAD,quan-tri-kinh-doanh,X21,Điểm học bạ,2025,18.0,Quản trị kinh doanh
6317,DAD,quan-tri-kinh-doanh,A00,Điểm thi THPT,2025,15.0,Quản trị kinh doanh
6318,DAD,quan-tri-kinh-doanh,A01,Điểm thi THPT,2025,15.0,Quản trị kinh doanh
6319,DAD,quan-tri-kinh-doanh,A07,Điểm thi THPT,2025,15.0,Quản trị kinh doanh
6320,DAD,quan-tri-kinh-doanh,D01,Điểm thi THPT,2025,15.0,Quản trị kinh doanh
6321,DAD,quan-tri-kinh-doanh,D10,Điểm thi THPT,2025,15.0,Quản trị kinh doanh
6322,DAD,quan-tri-kinh-doanh,X01,Điểm thi THPT,2025,15.0,Quản trị kinh doanh
6323,DAD,quan-tri-kinh-doanh,X02,Điểm thi THPT,2025,15.0,Quản trị kinh doanh
6324,DAD,quan-tri-kinh-doanh,X17,Điểm thi THPT,2025,15.0,Quản trị kinh doanh
6325,DAD,quan-tri-kinh-doanh,X21,Điểm thi THPT,2025,15.0,Quản trị kinh doanh
6326,DAD,quan-tri-nha-hang-dich-vu-an-uong,A01,Điểm học bạ,2024,6.0,Quản trị nhà hàng & dịch vụ ăn uống
6327,DAD,quan-tri-nha-hang-dich-vu-an-uong,C00,Điểm học bạ,2024,6.0,Quản trị nhà hàng & dịch vụ ăn uống
6328,DAD,quan-tri-nha-hang-dich-vu-an-uong,C03,Điểm học bạ,2024,6.0,Quản trị nhà hàng & dịch vụ ăn uống
6329,DAD,quan-tri-nha-hang-dich-vu-an-uong,D01,Điểm học bạ,2024,6.0,Quản trị nhà hàng & dịch vụ ăn uống
6330,DAD,quan-tri-nha-hang-va-dich-vu-an-uong,A00,Điểm thi THPT,2021,15.0,Quản trị nhà hàng và Dịch vụ ăn uống
6331,DAD,quan-tri-nha-hang-va-dich-vu-an-uong,C00,Điểm thi THPT,2021,15.0,Quản trị nhà hàng và Dịch vụ ăn uống
6332,DAD,quan-tri-nha-hang-va-dich-vu-an-uong,D01,Điểm thi THPT,2021,15.0,Quản trị nhà hàng và Dịch vụ ăn uống
6333,DAD,quan-tri-nha-hang-va-dich-vu-an-uong,D10,Điểm thi THPT,2021,15.0,Quản trị nhà hàng và Dịch vụ ăn uống
6334,DAD,quan-tri-nha-hang-va-dich-vu-an-uong,C00,Điểm thi THPT,2022,15.0,Quản trị nhà hàng và Dịch vụ ăn uống
6335,DAD,quan-tri-nha-hang-va-dich-vu-an-uong,D01,Điểm thi THPT,2022,15.0,Quản trị nhà hàng và Dịch vụ ăn uống
6336,DAD,quan-tri-nha-hang-va-dich-vu-an-uong,D78,Điểm thi THPT,2022,15.0,Quản trị nhà hàng và Dịch vụ ăn uống
6337,DAD,quan-tri-nha-hang-va-dich-vu-an-uong,D90,Điểm thi THPT,2022,15.0,Quản trị nhà hàng và Dịch vụ ăn uống
6338,DAD,quan-tri-nha-hang-va-dich-vu-an-uong,C00,Điểm học bạ,2023,18.0,Quản trị nhà hàng và Dịch vụ ăn uống
6339,DAD,quan-tri-nha-hang-va-dich-vu-an-uong,D01,Điểm học bạ,2023,18.0,Quản trị nhà hàng và Dịch vụ ăn uống
6340,DAD,quan-tri-nha-hang-va-dich-vu-an-uong,D78,Điểm học bạ,2023,18.0,Quản trị nhà hàng và Dịch vụ ăn uống
6341,DAD,quan-tri-nha-hang-va-dich-vu-an-uong,D90,Điểm học bạ,2023,18.0,Quản trị nhà hàng và Dịch vụ ăn uống
6342,DAD,quan-tri-nha-hang-va-dich-vu-an-uong,C00,Điểm thi THPT,2023,15.0,Quản trị nhà hàng và Dịch vụ ăn uống
6343,DAD,quan-tri-nha-hang-va-dich-vu-an-uong,D01,Điểm thi THPT,2023,15.0,Quản trị nhà hàng và Dịch vụ ăn uống
6344,DAD,quan-tri-nha-hang-va-dich-vu-an-uong,D78,Điểm thi THPT,2023,15.0,Quản trị nhà hàng và Dịch vụ ăn uống
6345,DAD,quan-tri-nha-hang-va-dich-vu-an-uong,D90,Điểm thi THPT,2023,15.0,Quản trị nhà hàng và Dịch vụ ăn uống
6346,DAD,quan-tri-nha-hang-va-dich-vu-an-uong,C00,Điểm học bạ,2025,18.0,Quản trị nhà hàng và dịch vụ ăn uống
6347,DAD,quan-tri-nha-hang-va-dich-vu-an-uong,C04,Điểm học bạ,2025,18.0,Quản trị nhà hàng và dịch vụ ăn uống
6348,DAD,quan-tri-nha-hang-va-dich-vu-an-uong,D01,Điểm học bạ,2025,18.0,Quản trị nhà hàng và dịch vụ ăn uống
6349,DAD,quan-tri-nha-hang-va-dich-vu-an-uong,D09,Điểm học bạ,2025,18.0,Quản trị nhà hàng và dịch vụ ăn uống
6350,DAD,quan-tri-nha-hang-va-dich-vu-an-uong,D14,Điểm học bạ,2025,18.0,Quản trị nhà hàng và dịch vụ ăn uống
6351,DAD,quan-tri-nha-hang-va-dich-vu-an-uong,D15,Điểm học bạ,2025,18.0,Quản trị nhà hàng và dịch vụ ăn uống
6352,DAD,quan-tri-nha-hang-va-dich-vu-an-uong,X01,Điểm học bạ,2025,18.0,Quản trị nhà hàng và dịch vụ ăn uống
6353,DAD,quan-tri-nha-hang-va-dich-vu-an-uong,X02,Điểm học bạ,2025,18.0,Quản trị nhà hàng và dịch vụ ăn uống
6354,DAD,quan-tri-nha-hang-va-dich-vu-an-uong,X21,Điểm học bạ,2025,18.0,Quản trị nhà hàng và dịch vụ ăn uống
6355,DAD,quan-tri-nha-hang-va-dich-vu-an-uong,C00,Điểm thi THPT,2025,15.0,Quản trị nhà hàng và dịch vụ ăn uống
6356,DAD,quan-tri-nha-hang-va-dich-vu-an-uong,C04,Điểm thi THPT,2025,15.0,Quản trị nhà hàng và dịch vụ ăn uống
6357,DAD,quan-tri-nha-hang-va-dich-vu-an-uong,D01,Điểm thi THPT,2025,15.0,Quản trị nhà hàng và dịch vụ ăn uống
6358,DAD,quan-tri-nha-hang-va-dich-vu-an-uong,D09,Điểm thi THPT,2025,15.0,Quản trị nhà hàng và dịch vụ ăn uống
6359,DAD,quan-tri-nha-hang-va-dich-vu-an-uong,D14,Điểm thi THPT,2025,15.0,Quản trị nhà hàng và dịch vụ ăn uống
6360,DAD,quan-tri-nha-hang-va-dich-vu-an-uong,D15,Điểm thi THPT,2025,15.0,Quản trị nhà hàng và dịch vụ ăn uống
6361,DAD,quan-tri-nha-hang-va-dich-vu-an-uong,X01,Điểm thi THPT,2025,15.0,Quản trị nhà hàng và dịch vụ ăn uống
6362,DAD,quan-tri-nha-hang-va-dich-vu-an-uong,X02,Điểm thi THPT,2025,15.0,Quản trị nhà hàng và dịch vụ ăn uống
6363,DAD,quan-tri-nha-hang-va-dich-vu-an-uong,X21,Điểm thi THPT,2025,15.0,Quản trị nhà hàng và dịch vụ ăn uống
6364,DAD,quan-tri-nha-hang-va-dv-an-uong,A00,Điểm học bạ,2021,18.0,Quản trị Nhà hàng và DV ăn uống
6365,DAD,quan-tri-nha-hang-va-dv-an-uong,C00,Điểm học bạ,2021,18.0,Quản trị Nhà hàng và DV ăn uống
6366,DAD,quan-tri-nha-hang-va-dv-an-uong,D01,Điểm học bạ,2021,18.0,Quản trị Nhà hàng và DV ăn uống
6367,DAD,quan-tri-nha-hang-va-dv-an-uong,D10,Điểm học bạ,2021,18.0,Quản trị Nhà hàng và DV ăn uống
6368,DAD,quan-tri-nha-hang-va-dv-an-uong,C00,Điểm thi THPT,2024,15.0,Quản trị Nhà hàng và DV Ăn uống
6369,DAD,quan-tri-nha-hang-va-dv-an-uong,D01,Điểm thi THPT,2024,15.0,Quản trị Nhà hàng và DV Ăn uống
6370,DAD,quan-tri-nha-hang-va-dv-an-uong,D78,Điểm thi THPT,2024,15.0,Quản trị Nhà hàng và DV Ăn uống
6371,DAD,quan-tri-nha-hang-va-dv-an-uong,D90,Điểm thi THPT,2024,15.0,Quản trị Nhà hàng và DV Ăn uống
6372,DAD,quan-tri-nhan-luc,A00,Điểm học bạ,2021,18.0,Quản trị nhân lực
6373,DAD,quan-tri-nhan-luc,A01,Điểm học bạ,2021,18.0,Quản trị nhân lực
6374,DAD,quan-tri-nhan-luc,C00,Điểm học bạ,2021,18.0,Quản trị nhân lực
6375,DAD,quan-tri-nhan-luc,D01,Điểm học bạ,2021,18.0,Quản trị nhân lực
6376,DAD,quan-tri-nhan-luc,A00,Điểm thi THPT,2021,15.0,Quản trị nhân lực
6377,DAD,quan-tri-nhan-luc,A01,Điểm thi THPT,2021,15.0,Quản trị nhân lực
6378,DAD,quan-tri-nhan-luc,C00,Điểm thi THPT,2021,15.0,Quản trị nhân lực
6379,DAD,quan-tri-nhan-luc,D01,Điểm thi THPT,2021,15.0,Quản trị nhân lực
6380,DAD,quan-tri-nhan-luc,A00,Điểm thi THPT,2022,15.0,Quản trị nhân lực
6381,DAD,quan-tri-nhan-luc,C00,Điểm thi THPT,2022,15.0,Quản trị nhân lực
6382,DAD,quan-tri-nhan-luc,D01,Điểm thi THPT,2022,15.0,Quản trị nhân lực
6383,DAD,quan-tri-nhan-luc,D78,Điểm thi THPT,2022,15.0,Quản trị nhân lực
6384,DAD,quan-tri-nhan-luc,A00,Điểm học bạ,2023,6.0,Quản trị nhân lực
6385,DAD,quan-tri-nhan-luc,C00,Điểm học bạ,2023,6.0,Quản trị nhân lực
6386,DAD,quan-tri-nhan-luc,D01,Điểm học bạ,2023,6.0,Quản trị nhân lực
6387,DAD,quan-tri-nhan-luc,D78,Điểm học bạ,2023,6.0,Quản trị nhân lực
6388,DAD,quan-tri-nhan-luc,A00,Điểm thi THPT,2023,15.0,Quản trị nhân lực
6389,DAD,quan-tri-nhan-luc,C00,Điểm thi THPT,2023,15.0,Quản trị nhân lực
6390,DAD,quan-tri-nhan-luc,D01,Điểm thi THPT,2023,15.0,Quản trị nhân lực
6391,DAD,quan-tri-nhan-luc,D78,Điểm thi THPT,2023,15.0,Quản trị nhân lực
6392,DAD,quan-tri-nhan-luc,A00,Điểm học bạ,2024,6.0,Quản trị nhân lực
6393,DAD,quan-tri-nhan-luc,A01,Điểm học bạ,2024,6.0,Quản trị nhân lực
6394,DAD,quan-tri-nhan-luc,C01,Điểm học bạ,2024,6.0,Quản trị nhân lực
6395,DAD,quan-tri-nhan-luc,D01,Điểm học bạ,2024,6.0,Quản trị nhân lực
6396,DAD,quan-tri-nhan-luc,A00,Điểm thi THPT,2024,15.0,Quản trị nhân lực
6397,DAD,quan-tri-nhan-luc,C00,Điểm thi THPT,2024,15.0,Quản trị nhân lực
6398,DAD,quan-tri-nhan-luc,D01,Điểm thi THPT,2024,15.0,Quản trị nhân lực
6399,DAD,quan-tri-nhan-luc,D78,Điểm thi THPT,2024,15.0,Quản trị nhân lực
6400,DAD,quan-tri-nhan-luc,A07,Điểm học bạ,2025,18.0,Quản trị nhân lực
6401,DAD,quan-tri-nhan-luc,C00,Điểm học bạ,2025,18.0,Quản trị nhân lực
6402,DAD,quan-tri-nhan-luc,D01,Điểm học bạ,2025,18.0,Quản trị nhân lực
6403,DAD,quan-tri-nhan-luc,D09,Điểm học bạ,2025,18.0,Quản trị nhân lực
6404,DAD,quan-tri-nhan-luc,D14,Điểm học bạ,2025,18.0,Quản trị nhân lực
6405,DAD,quan-tri-nhan-luc,X01,Điểm học bạ,2025,18.0,Quản trị nhân lực
6406,DAD,quan-tri-nhan-luc,X02,Điểm học bạ,2025,18.0,Quản trị nhân lực
6407,DAD,quan-tri-nhan-luc,X25,Điểm học bạ,2025,18.0,Quản trị nhân lực
6408,DAD,quan-tri-nhan-luc,X78,Điểm học bạ,2025,18.0,Quản trị nhân lực
6409,DAD,quan-tri-nhan-luc,A07,Điểm thi THPT,2025,15.0,Quản trị nhân lực
6410,DAD,quan-tri-nhan-luc,C00,Điểm thi THPT,2025,15.0,Quản trị nhân lực
6411,DAD,quan-tri-nhan-luc,D01,Điểm thi THPT,2025,15.0,Quản trị nhân lực
6412,DAD,quan-tri-nhan-luc,D09,Điểm thi THPT,2025,15.0,Quản trị nhân lực
6413,DAD,quan-tri-nhan-luc,D14,Điểm thi THPT,2025,15.0,Quản trị nhân lực
6414,DAD,quan-tri-nhan-luc,X01,Điểm thi THPT,2025,15.0,Quản trị nhân lực
6415,DAD,quan-tri-nhan-luc,X02,Điểm thi THPT,2025,15.0,Quản trị nhân lực
6416,DAD,quan-tri-nhan-luc,X25,Điểm thi THPT,2025,15.0,Quản trị nhân lực
6417,DAD,quan-tri-nhan-luc,X78,Điểm thi THPT,2025,15.0,Quản trị nhân lực
6418,DAD,quan-tri-van-phong,A00,Điểm học bạ,2021,18.0,Quản trị văn phòng
6419,DAD,quan-tri-van-phong,A01,Điểm học bạ,2021,18.0,Quản trị văn phòng
6420,DAD,quan-tri-van-phong,C00,Điểm học bạ,2021,18.0,Quản trị văn phòng
6421,DAD,quan-tri-van-phong,D01,Điểm học bạ,2021,18.0,Quản trị văn phòng
6422,DAD,quan-tri-van-phong,A00,Điểm thi THPT,2021,15.0,Quản trị văn phòng
6423,DAD,quan-tri-van-phong,A01,Điểm thi THPT,2021,15.0,Quản trị văn phòng
6424,DAD,quan-tri-van-phong,C00,Điểm thi THPT,2021,15.0,Quản trị văn phòng
6425,DAD,quan-tri-van-phong,D01,Điểm thi THPT,2021,15.0,Quản trị văn phòng
6426,DAD,quan-tri-van-phong,A00,Điểm thi THPT,2022,15.0,Quản trị văn phòng
6427,DAD,quan-tri-van-phong,C00,Điểm thi THPT,2022,15.0,Quản trị văn phòng
6428,DAD,quan-tri-van-phong,D01,Điểm thi THPT,2022,15.0,Quản trị văn phòng
6429,DAD,quan-tri-van-phong,D78,Điểm thi THPT,2022,15.0,Quản trị văn phòng
6430,DAD,quan-tri-van-phong,A00,Điểm học bạ,2023,18.0,Quản trị văn phòng
6431,DAD,quan-tri-van-phong,C00,Điểm học bạ,2023,18.0,Quản trị văn phòng
6432,DAD,quan-tri-van-phong,D01,Điểm học bạ,2023,18.0,Quản trị văn phòng
6433,DAD,quan-tri-van-phong,D78,Điểm học bạ,2023,18.0,Quản trị văn phòng
6434,DAD,quan-tri-van-phong,A00,Điểm thi THPT,2023,15.0,Quản trị văn phòng
6435,DAD,quan-tri-van-phong,C00,Điểm thi THPT,2023,15.0,Quản trị văn phòng
6436,DAD,quan-tri-van-phong,D01,Điểm thi THPT,2023,15.0,Quản trị văn phòng
6437,DAD,quan-tri-van-phong,D78,Điểm thi THPT,2023,15.0,Quản trị văn phòng
6438,DAD,quan-tri-van-phong,A00,Điểm học bạ,2024,6.0,Quản trị văn phòng
6439,DAD,quan-tri-van-phong,A01,Điểm học bạ,2024,6.0,Quản trị văn phòng
6440,DAD,quan-tri-van-phong,C01,Điểm học bạ,2024,6.0,Quản trị văn phòng
6441,DAD,quan-tri-van-phong,D01,Điểm học bạ,2024,6.0,Quản trị văn phòng
6442,DAD,quan-tri-van-phong,A00,Điểm thi THPT,2024,15.0,Quản trị văn phòng
6443,DAD,quan-tri-van-phong,C00,Điểm thi THPT,2024,15.0,Quản trị văn phòng
6444,DAD,quan-tri-van-phong,D01,Điểm thi THPT,2024,15.0,Quản trị văn phòng
6445,DAD,quan-tri-van-phong,D78,Điểm thi THPT,2024,15.0,Quản trị văn phòng
6446,DAD,quan-tri-van-phong,A07,Điểm học bạ,2025,18.0,Quản trị văn phòng
6447,DAD,quan-tri-van-phong,C00,Điểm học bạ,2025,18.0,Quản trị văn phòng
6448,DAD,quan-tri-van-phong,D01,Điểm học bạ,2025,18.0,Quản trị văn phòng
6449,DAD,quan-tri-van-phong,D09,Điểm học bạ,2025,18.0,Quản trị văn phòng
6450,DAD,quan-tri-van-phong,D14,Điểm học bạ,2025,18.0,Quản trị văn phòng
6451,DAD,quan-tri-van-phong,X01,Điểm học bạ,2025,18.0,Quản trị văn phòng
6452,DAD,quan-tri-van-phong,X02,Điểm học bạ,2025,18.0,Quản trị văn phòng
6453,DAD,quan-tri-van-phong,X25,Điểm học bạ,2025,18.0,Quản trị văn phòng
6454,DAD,quan-tri-van-phong,X78,Điểm học bạ,2025,18.0,Quản trị văn phòng
6455,DAD,quan-tri-van-phong,A07,Điểm thi THPT,2025,15.0,Quản trị văn phòng
6456,DAD,quan-tri-van-phong,C00,Điểm thi THPT,2025,15.0,Quản trị văn phòng
6457,DAD,quan-tri-van-phong,D01,Điểm thi THPT,2025,15.0,Quản trị văn phòng
6458,DAD,quan-tri-van-phong,D09,Điểm thi THPT,2025,15.0,Quản trị văn phòng
6459,DAD,quan-tri-van-phong,D14,Điểm thi THPT,2025,15.0,Quản trị văn phòng
6460,DAD,quan-tri-van-phong,X01,Điểm thi THPT,2025,15.0,Quản trị văn phòng
6461,DAD,quan-tri-van-phong,X02,Điểm thi THPT,2025,15.0,Quản trị văn phòng
6462,DAD,quan-tri-van-phong,X25,Điểm thi THPT,2025,15.0,Quản trị văn phòng
6463,DAD,quan-tri-van-phong,X78,Điểm thi THPT,2025,15.0,Quản trị văn phòng
6464,DAD,tai-chinh-ngan-hang,A00,Điểm học bạ,2021,18.0,Tài chính - Ngân hàng
6465,DAD,tai-chinh-ngan-hang,A01,Điểm học bạ,2021,18.0,Tài chính - Ngân hàng
6466,DAD,tai-chinh-ngan-hang,C01,Điểm học bạ,2021,18.0,Tài chính - Ngân hàng
6467,DAD,tai-chinh-ngan-hang,D01,Điểm học bạ,2021,18.0,Tài chính - Ngân hàng
6468,DAD,tai-chinh-ngan-hang,A00,Điểm thi THPT,2021,15.0,Tài chính - Ngân hàng
6469,DAD,tai-chinh-ngan-hang,A01,Điểm thi THPT,2021,15.0,Tài chính - Ngân hàng
6470,DAD,tai-chinh-ngan-hang,C01,Điểm thi THPT,2021,15.0,Tài chính - Ngân hàng
6471,DAD,tai-chinh-ngan-hang,D01,Điểm thi THPT,2021,15.0,Tài chính - Ngân hàng
6472,DAD,tai-chinh-ngan-hang,A00,Điểm thi THPT,2022,15.0,Tài chính - Ngân hàng
6473,DAD,tai-chinh-ngan-hang,A01,Điểm thi THPT,2022,15.0,Tài chính - Ngân hàng
6474,DAD,tai-chinh-ngan-hang,D01,Điểm thi THPT,2022,15.0,Tài chính - Ngân hàng
6475,DAD,tai-chinh-ngan-hang,D78,Điểm thi THPT,2022,15.0,Tài chính - Ngân hàng
6476,DAD,tai-chinh-ngan-hang,A00,Điểm học bạ,2023,6.0,Tài chính - Ngân hàng
6477,DAD,tai-chinh-ngan-hang,A01,Điểm học bạ,2023,6.0,Tài chính - Ngân hàng
6478,DAD,tai-chinh-ngan-hang,D01,Điểm học bạ,2023,6.0,Tài chính - Ngân hàng
6479,DAD,tai-chinh-ngan-hang,D78,Điểm học bạ,2023,6.0,Tài chính - Ngân hàng
6480,DAD,tai-chinh-ngan-hang,A00,Điểm thi THPT,2023,15.0,Tài chính - Ngân hàng
6481,DAD,tai-chinh-ngan-hang,A01,Điểm thi THPT,2023,15.0,Tài chính - Ngân hàng
6482,DAD,tai-chinh-ngan-hang,D01,Điểm thi THPT,2023,15.0,Tài chính - Ngân hàng
6483,DAD,tai-chinh-ngan-hang,D78,Điểm thi THPT,2023,15.0,Tài chính - Ngân hàng
6484,DAD,tai-chinh-ngan-hang,A00,Điểm học bạ,2024,18.0,Tài chính – Ngân hàng
6485,DAD,tai-chinh-ngan-hang,A01,Điểm học bạ,2024,18.0,Tài chính – Ngân hàng
6486,DAD,tai-chinh-ngan-hang,C01,Điểm học bạ,2024,18.0,Tài chính – Ngân hàng
6487,DAD,tai-chinh-ngan-hang,D01,Điểm học bạ,2024,18.0,Tài chính – Ngân hàng
6488,DAD,tai-chinh-ngan-hang,A00,Điểm thi THPT,2024,15.0,Tài chính - ngân hàng
6489,DAD,tai-chinh-ngan-hang,A01,Điểm thi THPT,2024,15.0,Tài chính - ngân hàng
6490,DAD,tai-chinh-ngan-hang,D01,Điểm thi THPT,2024,15.0,Tài chính - ngân hàng
6491,DAD,tai-chinh-ngan-hang,D04,Điểm thi THPT,2024,15.0,Tài chính ngân hàng
6492,DAD,tai-chinh-ngan-hang,D78,Điểm thi THPT,2024,15.0,Tài chính - ngân hàng
6493,DAD,tai-chinh-ngan-hang,A00,Điểm học bạ,2025,18.0,Tài chính - Ngân hàng
6494,DAD,tai-chinh-ngan-hang,A01,Điểm học bạ,2025,18.0,Tài chính - Ngân hàng
6495,DAD,tai-chinh-ngan-hang,A07,Điểm học bạ,2025,18.0,Tài chính - Ngân hàng
6496,DAD,tai-chinh-ngan-hang,D01,Điểm học bạ,2025,18.0,Tài chính - Ngân hàng
6497,DAD,tai-chinh-ngan-hang,D10,Điểm học bạ,2025,18.0,Tài chính - Ngân hàng
6498,DAD,tai-chinh-ngan-hang,X01,Điểm học bạ,2025,18.0,Tài chính - Ngân hàng
6499,DAD,tai-chinh-ngan-hang,X02,Điểm học bạ,2025,18.0,Tài chính - Ngân hàng
6500,DAD,tai-chinh-ngan-hang,X17,Điểm học bạ,2025,18.0,Tài chính - Ngân hàng
6501,DAD,tai-chinh-ngan-hang,X21,Điểm học bạ,2025,18.0,Tài chính - Ngân hàng
6502,DAD,tai-chinh-ngan-hang,A00,Điểm thi THPT,2025,15.0,Tài chính - Ngân hàng
6503,DAD,tai-chinh-ngan-hang,A01,Điểm thi THPT,2025,15.0,Tài chính - Ngân hàng
6504,DAD,tai-chinh-ngan-hang,A07,Điểm thi THPT,2025,15.0,Tài chính - Ngân hàng
6505,DAD,tai-chinh-ngan-hang,D01,Điểm thi THPT,2025,15.0,Tài chính - Ngân hàng
6506,DAD,tai-chinh-ngan-hang,D10,Điểm thi THPT,2025,15.0,Tài chính - Ngân hàng
6507,DAD,tai-chinh-ngan-hang,X01,Điểm thi THPT,2025,15.0,Tài chính - Ngân hàng
6508,DAD,tai-chinh-ngan-hang,X02,Điểm thi THPT,2025,15.0,Tài chính - Ngân hàng
6509,DAD,tai-chinh-ngan-hang,X17,Điểm thi THPT,2025,15.0,Tài chính - Ngân hàng
6510,DAD,tai-chinh-ngan-hang,X21,Điểm thi THPT,2025,15.0,Tài chính - Ngân hàng
6511,DAD,tam-ly-hoc,A00,Điểm học bạ,2021,18.0,Tâm lý học
6512,DAD,tam-ly-hoc,B00,Điểm học bạ,2021,18.0,Tâm lý học
6513,DAD,tam-ly-hoc,C00,Điểm học bạ,2021,18.0,Tâm lý học
6514,DAD,tam-ly-hoc,D01,Điểm học bạ,2021,18.0,Tâm lý học
6515,DAD,tam-ly-hoc,A00,Điểm thi THPT,2021,15.0,Tâm lý học
6516,DAD,tam-ly-hoc,B00,Điểm thi THPT,2021,15.0,Tâm lý học
6517,DAD,tam-ly-hoc,C00,Điểm thi THPT,2021,15.0,Tâm lý học
6518,DAD,tam-ly-hoc,D01,Điểm thi THPT,2021,15.0,Tâm lý học
6519,DAD,tam-ly-hoc,A00,Điểm thi THPT,2022,15.0,Tâm lý học
6520,DAD,tam-ly-hoc,A01,Điểm thi THPT,2022,15.0,Tâm lý học
6521,DAD,tam-ly-hoc,D01,Điểm thi THPT,2022,15.0,Tâm lý học
6522,DAD,tam-ly-hoc,D78,Điểm thi THPT,2022,15.0,Tâm lý học
6523,DAD,tam-ly-hoc,A00,Điểm học bạ,2023,6.0,Tâm lý học
6524,DAD,tam-ly-hoc,C00,Điểm học bạ,2023,6.0,Tâm lý học
6525,DAD,tam-ly-hoc,D01,Điểm học bạ,2023,6.0,Tâm lý học
6526,DAD,tam-ly-hoc,D78,Điểm học bạ,2023,6.0,Tâm lý học
6527,DAD,tam-ly-hoc,A00,Điểm thi THPT,2023,15.0,Tâm lý học
6528,DAD,tam-ly-hoc,C00,Điểm thi THPT,2023,15.0,Tâm lý học
6529,DAD,tam-ly-hoc,D01,Điểm thi THPT,2023,15.0,Tâm lý học
6530,DAD,tam-ly-hoc,D78,Điểm thi THPT,2023,15.0,Tâm lý học
6531,DAD,tam-ly-hoc,A00,Điểm học bạ,2024,6.0,Tâm lý học
6532,DAD,tam-ly-hoc,C00,Điểm học bạ,2024,6.0,Tâm lý học
6533,DAD,tam-ly-hoc,C01,Điểm học bạ,2024,6.0,Tâm lý học
6534,DAD,tam-ly-hoc,D01,Điểm học bạ,2024,6.0,Tâm lý học
6535,DAD,tam-ly-hoc,A00,Điểm thi THPT,2024,15.0,Tâm lý học
6536,DAD,tam-ly-hoc,C00,Điểm thi THPT,2024,15.0,Tâm lý học
6537,DAD,tam-ly-hoc,D01,Điểm thi THPT,2024,15.0,Tâm lý học
6538,DAD,tam-ly-hoc,D78,Điểm thi THPT,2024,15.0,Tâm lý học
6539,DAD,tam-ly-hoc,B03,Điểm học bạ,2025,18.0,Tâm lý học
6540,DAD,tam-ly-hoc,C00,Điểm học bạ,2025,18.0,Tâm lý học
6541,DAD,tam-ly-hoc,C03,Điểm học bạ,2025,18.0,Tâm lý học
6542,DAD,tam-ly-hoc,C04,Điểm học bạ,2025,18.0,Tâm lý học
6543,DAD,tam-ly-hoc,D01,Điểm học bạ,2025,18.0,Tâm lý học
6544,DAD,tam-ly-hoc,D15,Điểm học bạ,2025,18.0,Tâm lý học
6545,DAD,tam-ly-hoc,X02,Điểm học bạ,2025,18.0,Tâm lý học
6546,DAD,tam-ly-hoc,X17,Điểm học bạ,2025,18.0,Tâm lý học
6547,DAD,tam-ly-hoc,X70,Điểm học bạ,2025,18.0,Tâm lý học
6548,DAD,tam-ly-hoc,B03,Điểm thi THPT,2025,15.0,Tâm lý học
6549,DAD,tam-ly-hoc,C00,Điểm thi THPT,2025,15.0,Tâm lý học
6550,DAD,tam-ly-hoc,C03,Điểm thi THPT,2025,15.0,Tâm lý học
6551,DAD,tam-ly-hoc,C04,Điểm thi THPT,2025,15.0,Tâm lý học
6552,DAD,tam-ly-hoc,D01,Điểm thi THPT,2025,15.0,Tâm lý học
6553,DAD,tam-ly-hoc,D15,Điểm thi THPT,2025,15.0,Tâm lý học
6554,DAD,tam-ly-hoc,X02,Điểm thi THPT,2025,15.0,Tâm lý học
6555,DAD,tam-ly-hoc,X17,Điểm thi THPT,2025,15.0,Tâm lý học
6556,DAD,tam-ly-hoc,X70,Điểm thi THPT,2025,15.0,Tâm lý học
6557,DAD,thiet-ke-do-hoa,A00,Điểm học bạ,2024,6.0,Thiết kế đồ hoạ (CN)
6558,DAD,thiet-ke-do-hoa,A01,Điểm học bạ,2024,6.0,Thiết kế đồ hoạ (CN)
6559,DAD,thiet-ke-do-hoa,C02,Điểm học bạ,2024,6.0,Thiết kế đồ hoạ (CN)
6560,DAD,thiet-ke-do-hoa,D01,Điểm học bạ,2024,6.0,Thiết kế đồ hoạ (CN)
6561,DAD,thiet-ke-ic-he-thong-nhung,A00,Điểm học bạ,2024,6.0,Thiết kế IC & hệ thống nhúng (CN)
6562,DAD,thiet-ke-ic-he-thong-nhung,A01,Điểm học bạ,2024,6.0,Thiết kế IC & hệ thống nhúng (CN)
6563,DAD,thiet-ke-ic-he-thong-nhung,D01,Điểm học bạ,2024,6.0,Thiết kế IC & hệ thống nhúng (CN)
6564,DAD,thiet-ke-ic-he-thong-nhung,D90,Điểm học bạ,2024,6.0,Thiết kế IC & hệ thống nhúng (CN)
6565,DAD,thiet-ke-thoi-trang,A00,Điểm học bạ,2023,18.0,Thiết kế thời trang
6566,DAD,thiet-ke-thoi-trang,A01,Điểm học bạ,2023,18.0,Thiết kế thời trang
6567,DAD,thiet-ke-thoi-trang,V00,Điểm học bạ,2023,18.0,Thiết kế thời trang
6568,DAD,thiet-ke-thoi-trang,V01,Điểm học bạ,2023,18.0,Thiết kế thời trang
6569,DAD,thiet-ke-thoi-trang,A00,Điểm thi THPT,2023,15.0,Thiết kế thời trang
6570,DAD,thiet-ke-thoi-trang,A01,Điểm thi THPT,2023,15.0,Thiết kế thời trang
6571,DAD,thiet-ke-thoi-trang,V00,Điểm thi THPT,2023,15.0,Thiết kế thời trang
6572,DAD,thiet-ke-thoi-trang,V01,Điểm thi THPT,2023,15.0,Thiết kế thời trang
6573,DAD,thiet-ke-thoi-trang,A00,Điểm học bạ,2024,6.0,Thiết kế thời trang
6574,DAD,thiet-ke-thoi-trang,A01,Điểm học bạ,2024,6.0,Thiết kế thời trang
6575,DAD,thiet-ke-thoi-trang,V00,Điểm học bạ,2024,6.0,Thiết kế thời trang
6576,DAD,thiet-ke-thoi-trang,V01,Điểm học bạ,2024,6.0,Thiết kế thời trang
6577,DAD,thiet-ke-thoi-trang,A00,Điểm thi THPT,2024,15.0,Thiết kế thời trang
6578,DAD,thiet-ke-thoi-trang,A01,Điểm thi THPT,2024,15.0,Thiết kế thời trang
6579,DAD,thiet-ke-thoi-trang,V00,Điểm thi THPT,2024,15.0,Thiết kế thời trang
6580,DAD,thiet-ke-thoi-trang,V01,Điểm thi THPT,2024,15.0,Thiết kế thời trang
6581,DAD,thiet-ke-thoi-trang,D01,Điểm học bạ,2025,18.0,Thiết kế thời trang
6582,DAD,thiet-ke-thoi-trang,H06,Điểm học bạ,2025,18.0,Thiết kế thời trang
6583,DAD,thiet-ke-thoi-trang,V01,Điểm học bạ,2025,18.0,Thiết kế thời trang
6584,DAD,thiet-ke-thoi-trang,V02,Điểm học bạ,2025,18.0,Thiết kế thời trang
6585,DAD,thiet-ke-thoi-trang,V03,Điểm học bạ,2025,18.0,Thiết kế thời trang
6586,DAD,thiet-ke-thoi-trang,X02,Điểm học bạ,2025,18.0,Thiết kế thời trang
6587,DAD,thiet-ke-thoi-trang,X07,Điểm học bạ,2025,18.0,Thiết kế thời trang
6588,DAD,thiet-ke-thoi-trang,X21,Điểm học bạ,2025,18.0,Thiết kế thời trang
6589,DAD,thiet-ke-thoi-trang,X27,Điểm học bạ,2025,18.0,Thiết kế thời trang
6590,DAD,thiet-ke-thoi-trang,D01,Điểm thi THPT,2025,15.0,Thiết kế thời trang
6591,DAD,thiet-ke-thoi-trang,H06,Điểm thi THPT,2025,15.0,Thiết kế thời trang
6592,DAD,thiet-ke-thoi-trang,V01,Điểm thi THPT,2025,15.0,Thiết kế thời trang
6593,DAD,thiet-ke-thoi-trang,V02,Điểm thi THPT,2025,15.0,Thiết kế thời trang
6594,DAD,thiet-ke-thoi-trang,V03,Điểm thi THPT,2025,15.0,Thiết kế thời trang
6595,DAD,thiet-ke-thoi-trang,X02,Điểm thi THPT,2025,15.0,Thiết kế thời trang
6596,DAD,thiet-ke-thoi-trang,X07,Điểm thi THPT,2025,15.0,Thiết kế thời trang
6597,DAD,thiet-ke-thoi-trang,X21,Điểm thi THPT,2025,15.0,Thiết kế thời trang
6598,DAD,thiet-ke-thoi-trang,X27,Điểm thi THPT,2025,15.0,Thiết kế thời trang
6599,DAD,thiet-ke-vi-mach-ban-dan,A00,Điểm học bạ,2024,6.0,Thiết kế vi mạch bán dẫn (CN)
6600,DAD,thiet-ke-vi-mach-ban-dan,A01,Điểm học bạ,2024,6.0,Thiết kế vi mạch bán dẫn (CN)
6601,DAD,thiet-ke-vi-mach-ban-dan,C01,Điểm học bạ,2024,6.0,Thiết kế vi mạch bán dẫn (CN)
6602,DAD,thiet-ke-vi-mach-ban-dan,D01,Điểm học bạ,2024,6.0,Thiết kế vi mạch bán dẫn (CN)
6603,DAD,thu-y,A00,Điểm học bạ,2025,18.0,Thú y
6604,DAD,thu-y,A02,Điểm học bạ,2025,18.0,Thú y
6605,DAD,thu-y,B00,Điểm học bạ,2025,18.0,Thú y
6606,DAD,thu-y,B02,Điểm học bạ,2025,18.0,Thú y
6607,DAD,thu-y,B03,Điểm học bạ,2025,18.0,Thú y
6608,DAD,thu-y,B08,Điểm học bạ,2025,18.0,Thú y
6609,DAD,thu-y,X09,Điểm học bạ,2025,18.0,Thú y
6610,DAD,thu-y,X13,Điểm học bạ,2025,18.0,Thú y
6611,DAD,thu-y,X14,Điểm học bạ,2025,18.0,Thú y
6612,DAD,thu-y,A00,Điểm thi THPT,2025,15.0,Thú y
6613,DAD,thu-y,A02,Điểm thi THPT,2025,15.0,Thú y
6614,DAD,thu-y,B00,Điểm thi THPT,2025,15.0,Thú y
6615,DAD,thu-y,B02,Điểm thi THPT,2025,15.0,Thú y
6616,DAD,thu-y,B03,Điểm thi THPT,2025,15.0,Thú y
6617,DAD,thu-y,B08,Điểm thi THPT,2025,15.0,Thú y
6618,DAD,thu-y,X09,Điểm thi THPT,2025,15.0,Thú y
6619,DAD,thu-y,X13,Điểm thi THPT,2025,15.0,Thú y
6620,DAD,thu-y,X14,Điểm thi THPT,2025,15.0,Thú y
6621,DAD,thuong-mai-dien-tu,A00,Điểm học bạ,2021,18.0,Thương mại điện tử
6622,DAD,thuong-mai-dien-tu,A01,Điểm học bạ,2021,18.0,Thương mại điện tử
6623,DAD,thuong-mai-dien-tu,C01,Điểm học bạ,2021,18.0,Thương mại điện tử
6624,DAD,thuong-mai-dien-tu,D01,Điểm học bạ,2021,18.0,Thương mại điện tử
6625,DAD,thuong-mai-dien-tu,A00,Điểm thi THPT,2021,15.0,Thương mại điện tử
6626,DAD,thuong-mai-dien-tu,A01,Điểm thi THPT,2021,15.0,Thương mại điện tử
6627,DAD,thuong-mai-dien-tu,C01,Điểm thi THPT,2021,15.0,Thương mại điện tử
6628,DAD,thuong-mai-dien-tu,D01,Điểm thi THPT,2021,15.0,Thương mại điện tử
6629,DAD,thuong-mai-dien-tu,A00,Điểm thi THPT,2022,15.0,Thương mại điện tử
6630,DAD,thuong-mai-dien-tu,A01,Điểm thi THPT,2022,15.0,Thương mại điện tử
6631,DAD,thuong-mai-dien-tu,D01,Điểm thi THPT,2022,15.0,Thương mại điện tử
6632,DAD,thuong-mai-dien-tu,D78,Điểm thi THPT,2022,15.0,Thương mại điện tử
6633,DAD,thuong-mai-dien-tu,A00,Điểm học bạ,2023,6.0,Thương mại điện tử
6634,DAD,thuong-mai-dien-tu,A01,Điểm học bạ,2023,6.0,Thương mại điện tử
6635,DAD,thuong-mai-dien-tu,D01,Điểm học bạ,2023,6.0,Thương mại điện tử
6636,DAD,thuong-mai-dien-tu,D78,Điểm học bạ,2023,6.0,Thương mại điện tử
6637,DAD,thuong-mai-dien-tu,A00,Điểm thi THPT,2023,15.0,Thương mại điện tử
6638,DAD,thuong-mai-dien-tu,A01,Điểm thi THPT,2023,15.0,Thương mại điện tử
6639,DAD,thuong-mai-dien-tu,D01,Điểm thi THPT,2023,15.0,Thương mại điện tử
6640,DAD,thuong-mai-dien-tu,D78,Điểm thi THPT,2023,15.0,Thương mại điện tử
6641,DAD,thuong-mai-dien-tu,A00,Điểm học bạ,2024,6.0,Thương mại điện tử
6642,DAD,thuong-mai-dien-tu,A01,Điểm học bạ,2024,6.0,Thương mại điện tử
6643,DAD,thuong-mai-dien-tu,C01,Điểm học bạ,2024,6.0,Thương mại điện tử
6644,DAD,thuong-mai-dien-tu,D01,Điểm học bạ,2024,6.0,Thương mại điện tử
6645,DAD,thuong-mai-dien-tu,A00,Điểm thi THPT,2024,15.0,Thương mại điện tử
6646,DAD,thuong-mai-dien-tu,A01,Điểm thi THPT,2024,15.0,Thương mại điện tử
6647,DAD,thuong-mai-dien-tu,D01,Điểm thi THPT,2024,15.0,Thương mại điện tử
6648,DAD,thuong-mai-dien-tu,D04,Điểm thi THPT,2024,15.0,Thương mại điện tử
6649,DAD,thuong-mai-dien-tu,D78,Điểm thi THPT,2024,15.0,Thương mại điện tử
6650,DAD,thuong-mai-dien-tu,A00,Điểm học bạ,2025,18.0,Thương mại điện tử
6651,DAD,thuong-mai-dien-tu,A01,Điểm học bạ,2025,18.0,Thương mại điện tử
6652,DAD,thuong-mai-dien-tu,A07,Điểm học bạ,2025,18.0,Thương mại điện tử
6653,DAD,thuong-mai-dien-tu,D01,Điểm học bạ,2025,18.0,Thương mại điện tử
6654,DAD,thuong-mai-dien-tu,D10,Điểm học bạ,2025,18.0,Thương mại điện tử
6655,DAD,thuong-mai-dien-tu,X01,Điểm học bạ,2025,18.0,Thương mại điện tử
6656,DAD,thuong-mai-dien-tu,X02,Điểm học bạ,2025,18.0,Thương mại điện tử
6657,DAD,thuong-mai-dien-tu,X17,Điểm học bạ,2025,18.0,Thương mại điện tử
6658,DAD,thuong-mai-dien-tu,X21,Điểm học bạ,2025,18.0,Thương mại điện tử
6659,DAD,thuong-mai-dien-tu,A00,Điểm thi THPT,2025,15.0,Thương mại điện tử
6660,DAD,thuong-mai-dien-tu,A01,Điểm thi THPT,2025,15.0,Thương mại điện tử
6661,DAD,thuong-mai-dien-tu,A07,Điểm thi THPT,2025,15.0,Thương mại điện tử
6662,DAD,thuong-mai-dien-tu,D01,Điểm thi THPT,2025,15.0,Thương mại điện tử
6663,DAD,thuong-mai-dien-tu,D10,Điểm thi THPT,2025,15.0,Thương mại điện tử
6664,DAD,thuong-mai-dien-tu,X01,Điểm thi THPT,2025,15.0,Thương mại điện tử
6665,DAD,thuong-mai-dien-tu,X02,Điểm thi THPT,2025,15.0,Thương mại điện tử
6666,DAD,thuong-mai-dien-tu,X17,Điểm thi THPT,2025,15.0,Thương mại điện tử
6667,DAD,thuong-mai-dien-tu,X21,Điểm thi THPT,2025,15.0,Thương mại điện tử
6668,DAD,tieng-viet-va-van-hoa-viet-nam,A00,Điểm học bạ,2023,6.0,Tiếng Việt và Văn hóa Việt Nam
6669,DAD,tieng-viet-va-van-hoa-viet-nam,C00,Điểm học bạ,2023,6.0,Tiếng Việt và Văn hóa Việt Nam
6670,DAD,tieng-viet-va-van-hoa-viet-nam,D01,Điểm học bạ,2023,6.0,Tiếng Việt và Văn hóa Việt Nam
6671,DAD,tieng-viet-va-van-hoa-viet-nam,D78,Điểm học bạ,2023,6.0,Tiếng Việt và Văn hóa Việt Nam
6672,DAD,tieng-viet-va-van-hoa-viet-nam,A00,Điểm thi THPT,2023,15.0,Tiếng Việt và Văn hóa Việt Nam
6673,DAD,tieng-viet-va-van-hoa-viet-nam,C00,Điểm thi THPT,2023,15.0,Tiếng Việt và Văn hóa Việt Nam
6674,DAD,tieng-viet-va-van-hoa-viet-nam,D01,Điểm thi THPT,2023,15.0,Tiếng Việt và Văn hóa Việt Nam
6675,DAD,tieng-viet-va-van-hoa-viet-nam,D78,Điểm thi THPT,2023,15.0,Tiếng Việt và Văn hóa Việt Nam
6676,DAD,tri-tue-nhan-tao,A00,Điểm học bạ,2023,18.0,Trí tuệ nhân tạo
6677,DAD,tri-tue-nhan-tao,A01,Điểm học bạ,2023,18.0,Trí tuệ nhân tạo
6678,DAD,tri-tue-nhan-tao,D01,Điểm học bạ,2023,18.0,Trí tuệ nhân tạo
6679,DAD,tri-tue-nhan-tao,D90,Điểm học bạ,2023,18.0,Trí tuệ nhân tạo
6680,DAD,tri-tue-nhan-tao,A00,Điểm thi THPT,2023,15.0,Trí tuệ nhân tạo
6681,DAD,tri-tue-nhan-tao,A01,Điểm thi THPT,2023,15.0,Trí tuệ nhân tạo
6682,DAD,tri-tue-nhan-tao,D01,Điểm thi THPT,2023,15.0,Trí tuệ nhân tạo
6683,DAD,tri-tue-nhan-tao,D90,Điểm thi THPT,2023,15.0,Trí tuệ nhân tạo
6684,DAD,tri-tue-nhan-tao,A00,Điểm học bạ,2024,6.0,Trí tuệ nhân tạo
6685,DAD,tri-tue-nhan-tao,A01,Điểm học bạ,2024,6.0,Trí tuệ nhân tạo
6686,DAD,tri-tue-nhan-tao,D01,Điểm học bạ,2024,6.0,Trí tuệ nhân tạo
6687,DAD,tri-tue-nhan-tao,D90,Điểm học bạ,2024,6.0,Trí tuệ nhân tạo
6688,DAD,tri-tue-nhan-tao,A00,Điểm thi THPT,2024,15.0,Trí tuệ nhân tạo
6689,DAD,tri-tue-nhan-tao,A01,Điểm thi THPT,2024,15.0,Trí tuệ nhân tạo
6690,DAD,tri-tue-nhan-tao,D01,Điểm thi THPT,2024,15.0,Trí tuệ nhân tạo
6691,DAD,tri-tue-nhan-tao,D90,Điểm thi THPT,2024,15.0,Trí tuệ nhân tạo
6692,DAD,tri-tue-nhan-tao,A00,Điểm học bạ,2025,18.0,Trí tuệ nhân tạo
6693,DAD,tri-tue-nhan-tao,A01,Điểm học bạ,2025,18.0,Trí tuệ nhân tạo
6694,DAD,tri-tue-nhan-tao,D01,Điểm học bạ,2025,18.0,Trí tuệ nhân tạo
6695,DAD,tri-tue-nhan-tao,X01,Điểm học bạ,2025,18.0,Trí tuệ nhân tạo
6696,DAD,tri-tue-nhan-tao,X02,Điểm học bạ,2025,18.0,Trí tuệ nhân tạo
6697,DAD,tri-tue-nhan-tao,X06,Điểm học bạ,2025,18.0,Trí tuệ nhân tạo
6698,DAD,tri-tue-nhan-tao,X07,Điểm học bạ,2025,18.0,Trí tuệ nhân tạo
6699,DAD,tri-tue-nhan-tao,X25,Điểm học bạ,2025,18.0,Trí tuệ nhân tạo
6700,DAD,tri-tue-nhan-tao,X26,Điểm học bạ,2025,18.0,Trí tuệ nhân tạo
6701,DAD,tri-tue-nhan-tao,A00,Điểm thi THPT,2025,15.0,Trí tuệ nhân tạo
6702,DAD,tri-tue-nhan-tao,A01,Điểm thi THPT,2025,15.0,Trí tuệ nhân tạo
6703,DAD,tri-tue-nhan-tao,D01,Điểm thi THPT,2025,15.0,Trí tuệ nhân tạo
6704,DAD,tri-tue-nhan-tao,X01,Điểm thi THPT,2025,15.0,Trí tuệ nhân tạo
6705,DAD,tri-tue-nhan-tao,X02,Điểm thi THPT,2025,15.0,Trí tuệ nhân tạo
6706,DAD,tri-tue-nhan-tao,X06,Điểm thi THPT,2025,15.0,Trí tuệ nhân tạo
6707,DAD,tri-tue-nhan-tao,X07,Điểm thi THPT,2025,15.0,Trí tuệ nhân tạo
6708,DAD,tri-tue-nhan-tao,X25,Điểm thi THPT,2025,15.0,Trí tuệ nhân tạo
6709,DAD,tri-tue-nhan-tao,X26,Điểm thi THPT,2025,15.0,Trí tuệ nhân tạo
6710,DAD,tri-tue-nhan-tao-va-khoa-hoc-du-lieu,A00,Điểm học bạ,2021,18.0,Trí tuệ nhân tạo và Khoa học dữ liệu
6711,DAD,tri-tue-nhan-tao-va-khoa-hoc-du-lieu,A01,Điểm học bạ,2021,18.0,Trí tuệ nhân tạo và Khoa học dữ liệu
6712,DAD,tri-tue-nhan-tao-va-khoa-hoc-du-lieu,C01,Điểm học bạ,2021,18.0,Trí tuệ nhân tạo và Khoa học dữ liệu
6713,DAD,tri-tue-nhan-tao-va-khoa-hoc-du-lieu,D01,Điểm học bạ,2021,18.0,Trí tuệ nhân tạo và Khoa học dữ liệu
6714,DAD,truyen-thong-da-phuong-tien,A00,Điểm học bạ,2021,18.0,Truyền thông đa phương tiện
6715,DAD,truyen-thong-da-phuong-tien,A01,Điểm học bạ,2021,18.0,Truyền thông đa phương tiện
6716,DAD,truyen-thong-da-phuong-tien,C01,Điểm học bạ,2021,18.0,Truyền thông đa phương tiện
6717,DAD,truyen-thong-da-phuong-tien,D01,Điểm học bạ,2021,18.0,Truyền thông đa phương tiện
6718,DAD,truyen-thong-da-phuong-tien,A00,Điểm thi THPT,2021,15.0,Truyền thông đa phương tiện
6719,DAD,truyen-thong-da-phuong-tien,A01,Điểm thi THPT,2021,15.0,Truyền thông đa phương tiện
6720,DAD,truyen-thong-da-phuong-tien,C01,Điểm thi THPT,2021,15.0,Truyền thông đa phương tiện
6721,DAD,truyen-thong-da-phuong-tien,D01,Điểm thi THPT,2021,15.0,Truyền thông đa phương tiện
6722,DAD,truyen-thong-da-phuong-tien,A00,Điểm thi THPT,2022,15.0,Truyền thông đa phương tiện
6723,DAD,truyen-thong-da-phuong-tien,A01,Điểm thi THPT,2022,15.0,Truyền thông đa phương tiện
6724,DAD,truyen-thong-da-phuong-tien,D01,Điểm thi THPT,2022,15.0,Truyền thông đa phương tiện
6725,DAD,truyen-thong-da-phuong-tien,D78,Điểm thi THPT,2022,15.0,Truyền thông đa phương tiện
6726,DAD,truyen-thong-da-phuong-tien,A00,Điểm học bạ,2023,18.0,Truyền thông đa phương tiện
6727,DAD,truyen-thong-da-phuong-tien,A01,Điểm học bạ,2023,18.0,Truyền thông đa phương tiện
6728,DAD,truyen-thong-da-phuong-tien,D01,Điểm học bạ,2023,18.0,Truyền thông đa phương tiện
6729,DAD,truyen-thong-da-phuong-tien,D78,Điểm học bạ,2023,18.0,Truyền thông đa phương tiện
6730,DAD,truyen-thong-da-phuong-tien,A00,Điểm thi THPT,2023,15.0,Truyền thông đa phương tiện
6731,DAD,truyen-thong-da-phuong-tien,A01,Điểm thi THPT,2023,15.0,Truyền thông đa phương tiện
6732,DAD,truyen-thong-da-phuong-tien,D01,Điểm thi THPT,2023,15.0,Truyền thông đa phương tiện
6733,DAD,truyen-thong-da-phuong-tien,D78,Điểm thi THPT,2023,15.0,Truyền thông đa phương tiện
6734,DAD,truyen-thong-da-phuong-tien,A00,Điểm học bạ,2024,6.0,Truyền thông đa phương tiện
6735,DAD,truyen-thong-da-phuong-tien,A01,Điểm học bạ,2024,6.0,Truyền thông đa phương tiện
6736,DAD,truyen-thong-da-phuong-tien,C01,Điểm học bạ,2024,6.0,Truyền thông đa phương tiện
6737,DAD,truyen-thong-da-phuong-tien,D01,Điểm học bạ,2024,6.0,Truyền thông đa phương tiện
6738,DAD,truyen-thong-da-phuong-tien,A00,Điểm thi THPT,2024,15.0,Truyền thông đa phương tiện
6739,DAD,truyen-thong-da-phuong-tien,A01,Điểm thi THPT,2024,15.0,Truyền thông đa phương tiện
6740,DAD,truyen-thong-da-phuong-tien,D01,Điểm thi THPT,2024,15.0,Truyền thông đa phương tiện
6741,DAD,truyen-thong-da-phuong-tien,D04,Điểm thi THPT,2024,15.0,Truyền thông đa phương tiện
6742,DAD,truyen-thong-da-phuong-tien,D78,Điểm thi THPT,2024,15.0,Truyền thông đa phương tiện
6743,DAD,truyen-thong-da-phuong-tien,A00,Điểm học bạ,2025,18.0,Truyền thông đa phương tiện
6744,DAD,truyen-thong-da-phuong-tien,A01,Điểm học bạ,2025,18.0,Truyền thông đa phương tiện
6745,DAD,truyen-thong-da-phuong-tien,C00,Điểm học bạ,2025,18.0,Truyền thông đa phương tiện
6746,DAD,truyen-thong-da-phuong-tien,D01,Điểm học bạ,2025,18.0,Truyền thông đa phương tiện
6747,DAD,truyen-thong-da-phuong-tien,D14,Điểm học bạ,2025,18.0,Truyền thông đa phương tiện
6748,DAD,truyen-thong-da-phuong-tien,X01,Điểm học bạ,2025,18.0,Truyền thông đa phương tiện
6749,DAD,truyen-thong-da-phuong-tien,X02,Điểm học bạ,2025,18.0,Truyền thông đa phương tiện
6750,DAD,truyen-thong-da-phuong-tien,X17,Điểm học bạ,2025,18.0,Truyền thông đa phương tiện
6751,DAD,truyen-thong-da-phuong-tien,X21,Điểm học bạ,2025,18.0,Truyền thông đa phương tiện
6752,DAD,truyen-thong-da-phuong-tien,A00,Điểm thi THPT,2025,15.0,Truyền thông đa phương tiện
6753,DAD,truyen-thong-da-phuong-tien,A01,Điểm thi THPT,2025,15.0,Truyền thông đa phương tiện
6754,DAD,truyen-thong-da-phuong-tien,C00,Điểm thi THPT,2025,15.0,Truyền thông đa phương tiện
6755,DAD,truyen-thong-da-phuong-tien,D01,Điểm thi THPT,2025,15.0,Truyền thông đa phương tiện
6756,DAD,truyen-thong-da-phuong-tien,D14,Điểm thi THPT,2025,15.0,Truyền thông đa phương tiện
6757,DAD,truyen-thong-da-phuong-tien,X01,Điểm thi THPT,2025,15.0,Truyền thông đa phương tiện
6758,DAD,truyen-thong-da-phuong-tien,X02,Điểm thi THPT,2025,15.0,Truyền thông đa phương tiện
6759,DAD,truyen-thong-da-phuong-tien,X17,Điểm thi THPT,2025,15.0,Truyền thông đa phương tiện
6760,DAD,truyen-thong-da-phuong-tien,X21,Điểm thi THPT,2025,15.0,Truyền thông đa phương tiện
6761,DAD,van-hoc,C00,Điểm học bạ,2025,18.0,Văn học (Ứng dụng)
6762,DAD,van-hoc,C03,Điểm học bạ,2025,18.0,Văn học (Ứng dụng)
6763,DAD,van-hoc,C04,Điểm học bạ,2025,18.0,Văn học (Ứng dụng)
6764,DAD,van-hoc,D01,Điểm học bạ,2025,18.0,Văn học (Ứng dụng)
6765,DAD,van-hoc,D14,Điểm học bạ,2025,18.0,Văn học (Ứng dụng)
6766,DAD,van-hoc,D15,Điểm học bạ,2025,18.0,Văn học (Ứng dụng)
6767,DAD,van-hoc,X70,Điểm học bạ,2025,18.0,Văn học (Ứng dụng)
6768,DAD,van-hoc,X78,Điểm học bạ,2025,18.0,Văn học (Ứng dụng)
6769,DAD,van-hoc,C00,Điểm thi THPT,2025,15.0,Văn học (Ứng dụng)
6770,DAD,van-hoc,C03,Điểm thi THPT,2025,15.0,Văn học (Ứng dụng)
6771,DAD,van-hoc,C04,Điểm thi THPT,2025,15.0,Văn học (Ứng dụng)
6772,DAD,van-hoc,D01,Điểm thi THPT,2025,15.0,Văn học (Ứng dụng)
6773,DAD,van-hoc,D14,Điểm thi THPT,2025,15.0,Văn học (Ứng dụng)
6774,DAD,van-hoc,D15,Điểm thi THPT,2025,15.0,Văn học (Ứng dụng)
6775,DAD,van-hoc,X70,Điểm thi THPT,2025,15.0,Văn học (Ứng dụng)
6776,DAD,van-hoc,X78,Điểm thi THPT,2025,15.0,Văn học (Ứng dụng)
6777,DAD,xd-ct-giao-thong-ky-thuat,A00,Điểm học bạ,2024,18.0,XD CT giao thông kỹ thuật (CN)
6778,DAD,xd-ct-giao-thong-ky-thuat,A01,Điểm học bạ,2024,18.0,XD CT giao thông kỹ thuật (CN)
6779,DAD,xd-ct-giao-thong-ky-thuat,C01,Điểm học bạ,2024,18.0,XD CT giao thông kỹ thuật (CN)
6780,DAD,xd-ct-giao-thong-ky-thuat,D01,Điểm học bạ,2024,18.0,XD CT giao thông kỹ thuật (CN)
6781,DAD,xd-dan-dung-cong-nghiep,A00,Điểm học bạ,2024,6.0,XD dân dụng & công nghiệp (CN)
6782,DAD,xd-dan-dung-cong-nghiep,A01,Điểm học bạ,2024,6.0,XD dân dụng & công nghiệp (CN)
6783,DAD,xd-dan-dung-cong-nghiep,C01,Điểm học bạ,2024,6.0,XD dân dụng & công nghiệp (CN)
6784,DAD,xd-dan-dung-cong-nghiep,D01,Điểm học bạ,2024,6.0,XD dân dụng & công nghiệp (CN)
6785,DAD,xd-duong-sat-metro,A00,Điểm học bạ,2024,18.0,XD đường sắt – metro (CN)
6786,DAD,xd-duong-sat-metro,A01,Điểm học bạ,2024,18.0,XD đường sắt – metro (CN)
6787,DAD,xd-duong-sat-metro,C01,Điểm học bạ,2024,18.0,XD đường sắt – metro (CN)
6788,DAD,xd-duong-sat-metro,D01,Điểm học bạ,2024,18.0,XD đường sắt – metro (CN)
6789,DAD,xd-ha-tang-logistics-ky-thuat,A00,Điểm học bạ,2024,18.0,XD hạ tầng logistics kỹ thuật (CN)
6790,DAD,xd-ha-tang-logistics-ky-thuat,A01,Điểm học bạ,2024,18.0,XD hạ tầng logistics kỹ thuật (CN)
6791,DAD,xd-ha-tang-logistics-ky-thuat,C01,Điểm học bạ,2024,18.0,XD hạ tầng logistics kỹ thuật (CN)
6792,DAD,xd-ha-tang-logistics-ky-thuat,D01,Điểm học bạ,2024,18.0,XD hạ tầng logistics kỹ thuật (CN)
6793,DAD,y-khoa,A00,Điểm thi THPT,2024,22.5,Y khoa
6794,DAD,y-khoa,B00,Điểm thi THPT,2024,22.5,Y khoa
6795,DAD,y-khoa,D08,Điểm thi THPT,2024,22.5,Y khoa
6796,DAD,y-khoa,D90,Điểm thi THPT,2024,22.5,Y khoa
6797,DAD,y-khoa,A00,Điểm học bạ,2025,24.0,Y khoa
6798,DAD,y-khoa,A02,Điểm học bạ,2025,24.0,Y khoa
6799,DAD,y-khoa,B00,Điểm học bạ,2025,24.0,Y khoa
6800,DAD,y-khoa,B08,Điểm học bạ,2025,24.0,Y khoa
6801,DAD,y-khoa,D07,Điểm học bạ,2025,24.0,Y khoa
6802,DAD,y-khoa,X09,Điểm học bạ,2025,24.0,Y khoa
6803,DAD,y-khoa,X11,Điểm học bạ,2025,24.0,Y khoa
6804,DAD,y-khoa,X13,Điểm học bạ,2025,24.0,Y khoa
6805,DAD,y-khoa,X14,Điểm học bạ,2025,24.0,Y khoa
6806,DAD,y-khoa,A00,Điểm thi THPT,2025,20.5,Y khoa
6807,DAD,y-khoa,A02,Điểm thi THPT,2025,20.5,Y khoa
6808,DAD,y-khoa,B00,Điểm thi THPT,2025,20.5,Y khoa
6809,DAD,y-khoa,B08,Điểm thi THPT,2025,20.5,Y khoa
6810,DAD,y-khoa,D07,Điểm thi THPT,2025,20.5,Y khoa
6811,DAD,y-khoa,X09,Điểm thi THPT,2025,20.5,Y khoa
6812,DAD,y-khoa,X11,Điểm thi THPT,2025,20.5,Y khoa
6813,DAD,y-khoa,X13,Điểm thi THPT,2025,20.5,Y khoa
6814,DAD,y-khoa,X14,Điểm thi THPT,2025,20.5,Y khoa
6815,DBD,cong-nghe-kt-dien-dien-tu,A00,Điểm học bạ,2022,15.0,Công nghệ KT điện - điện tử
6816,DBD,cong-nghe-kt-dien-dien-tu,A02,Điểm học bạ,2022,15.0,Công nghệ KT điện - điện tử
6817,DBD,cong-nghe-kt-dien-dien-tu,A09,Điểm học bạ,2022,15.0,Công nghệ KT điện - điện tử
6818,DBD,cong-nghe-kt-dien-dien-tu,D01,Điểm học bạ,2022,15.0,Công nghệ KT điện - điện tử
6819,DBD,cong-nghe-kt-dien-dien-tu,A00,Điểm thi THPT,2022,15.0,Công nghệ KT điện - điện tử
6820,DBD,cong-nghe-kt-dien-dien-tu,A02,Điểm thi THPT,2022,15.0,Công nghệ KT điện - điện tử
6821,DBD,cong-nghe-kt-dien-dien-tu,A09,Điểm thi THPT,2022,15.0,Công nghệ KT điện - điện tử
6822,DBD,cong-nghe-kt-dien-dien-tu,D01,Điểm thi THPT,2022,15.0,Công nghệ KT điện - điện tử
6823,DBD,cong-nghe-kt-o-to,A00,Điểm học bạ,2022,15.0,Công nghệ KT ô tô
6824,DBD,cong-nghe-kt-o-to,A01,Điểm học bạ,2022,15.0,Công nghệ KT ô tô
6825,DBD,cong-nghe-kt-o-to,A02,Điểm học bạ,2022,15.0,Công nghệ KT ô tô
6826,DBD,cong-nghe-kt-o-to,A09,Điểm học bạ,2022,15.0,Công nghệ KT ô tô
6827,DBD,cong-nghe-kt-o-to,A00,Điểm thi THPT,2022,15.0,Công nghệ KT ô tô
6828,DBD,cong-nghe-kt-o-to,A01,Điểm thi THPT,2022,15.0,Công nghệ KT ô tô
6829,DBD,cong-nghe-kt-o-to,A02,Điểm thi THPT,2022,15.0,Công nghệ KT ô tô
6830,DBD,cong-nghe-kt-o-to,A09,Điểm thi THPT,2022,15.0,Công nghệ KT ô tô
6831,DBD,cong-nghe-ktct-xay-dung,A00,Điểm học bạ,2022,15.0,Công nghệ KTCT xây dựng
6832,DBD,cong-nghe-ktct-xay-dung,A09,Điểm học bạ,2022,15.0,Công nghệ KTCT xây dựng
6833,DBD,cong-nghe-ktct-xay-dung,V00,Điểm học bạ,2022,15.0,Công nghệ KTCT xây dựng
6834,DBD,cong-nghe-ktct-xay-dung,V01,Điểm học bạ,2022,15.0,Công nghệ KTCT xây dựng
6835,DBD,cong-nghe-ktct-xay-dung,A00,Điểm thi THPT,2022,15.0,Công nghệ KTCT xây dựng
6836,DBD,cong-nghe-ktct-xay-dung,A09,Điểm thi THPT,2022,15.0,Công nghệ KTCT xây dựng
6837,DBD,cong-nghe-ktct-xay-dung,V00,Điểm thi THPT,2022,15.0,Công nghệ KTCT xây dựng
6838,DBD,cong-nghe-ktct-xay-dung,V01,Điểm thi THPT,2022,15.0,Công nghệ KTCT xây dựng
6839,DBD,cong-nghe-ky-thuat-cong-trinh-xay-dung,A00,Điểm học bạ,2023,15.0,Công nghệ kỹ thuật công trình xây dựng
6840,DBD,cong-nghe-ky-thuat-cong-trinh-xay-dung,A09,Điểm học bạ,2023,15.0,Công nghệ kỹ thuật công trình xây dựng
6841,DBD,cong-nghe-ky-thuat-cong-trinh-xay-dung,V00,Điểm học bạ,2023,15.0,Công nghệ kỹ thuật công trình xây dựng
6842,DBD,cong-nghe-ky-thuat-cong-trinh-xay-dung,V01,Điểm học bạ,2023,15.0,Công nghệ kỹ thuật công trình xây dựng
6843,DBD,cong-nghe-ky-thuat-cong-trinh-xay-dung,A00,Điểm thi THPT,2023,15.0,Công nghệ kỹ thuật công trình xây dựng
6844,DBD,cong-nghe-ky-thuat-cong-trinh-xay-dung,A09,Điểm thi THPT,2023,15.0,Công nghệ kỹ thuật công trình xây dựng
6845,DBD,cong-nghe-ky-thuat-cong-trinh-xay-dung,V00,Điểm thi THPT,2023,15.0,Công nghệ kỹ thuật công trình xây dựng
6846,DBD,cong-nghe-ky-thuat-cong-trinh-xay-dung,V01,Điểm thi THPT,2023,15.0,Công nghệ kỹ thuật công trình xây dựng
6847,DBD,cong-nghe-ky-thuat-cong-trinh-xay-dung,A00,Điểm học bạ,2024,15.0,Công nghệ kỹ thuật công trình xây dựng
6848,DBD,cong-nghe-ky-thuat-cong-trinh-xay-dung,A09,Điểm học bạ,2024,15.0,Công nghệ kỹ thuật công trình xây dựng
6849,DBD,cong-nghe-ky-thuat-cong-trinh-xay-dung,V00,Điểm học bạ,2024,15.0,Công nghệ kỹ thuật công trình xây dựng
6850,DBD,cong-nghe-ky-thuat-cong-trinh-xay-dung,V01,Điểm học bạ,2024,15.0,Công nghệ kỹ thuật công trình xây dựng
6851,DBD,cong-nghe-ky-thuat-cong-trinh-xay-dung,A00,Điểm thi THPT,2024,15.0,Công nghệ kỹ thuật công trình xây dựng
6852,DBD,cong-nghe-ky-thuat-cong-trinh-xay-dung,A09,Điểm thi THPT,2024,15.0,Công nghệ kỹ thuật công trình xây dựng
6853,DBD,cong-nghe-ky-thuat-cong-trinh-xay-dung,V00,Điểm thi THPT,2024,15.0,Công nghệ kỹ thuật công trình xây dựng
6854,DBD,cong-nghe-ky-thuat-cong-trinh-xay-dung,V01,Điểm thi THPT,2024,15.0,Công nghệ kỹ thuật công trình xây dựng
6855,DBD,cong-nghe-ky-thuat-cong-trinh-xay-dung,A00,Điểm học bạ,2025,16.0,Công nghệ kỹ thuật công trình xây dựng
6856,DBD,cong-nghe-ky-thuat-cong-trinh-xay-dung,C01,Điểm học bạ,2025,16.0,Công nghệ kỹ thuật công trình xây dựng
6857,DBD,cong-nghe-ky-thuat-cong-trinh-xay-dung,C03,Điểm học bạ,2025,16.0,Công nghệ kỹ thuật công trình xây dựng
6858,DBD,cong-nghe-ky-thuat-cong-trinh-xay-dung,C04,Điểm học bạ,2025,16.0,Công nghệ kỹ thuật công trình xây dựng
6859,DBD,cong-nghe-ky-thuat-cong-trinh-xay-dung,C14,Điểm học bạ,2025,16.0,Công nghệ kỹ thuật công trình xây dựng
6860,DBD,cong-nghe-ky-thuat-cong-trinh-xay-dung,D01,Điểm học bạ,2025,16.0,Công nghệ kỹ thuật công trình xây dựng
6861,DBD,cong-nghe-ky-thuat-cong-trinh-xay-dung,A00,Điểm thi THPT,2025,15.0,Công nghệ kỹ thuật công trình xây dựng
6862,DBD,cong-nghe-ky-thuat-cong-trinh-xay-dung,C01,Điểm thi THPT,2025,15.0,Công nghệ kỹ thuật công trình xây dựng
6863,DBD,cong-nghe-ky-thuat-cong-trinh-xay-dung,C03,Điểm thi THPT,2025,15.0,Công nghệ kỹ thuật công trình xây dựng
6864,DBD,cong-nghe-ky-thuat-cong-trinh-xay-dung,C04,Điểm thi THPT,2025,15.0,Công nghệ kỹ thuật công trình xây dựng
6865,DBD,cong-nghe-ky-thuat-cong-trinh-xay-dung,C14,Điểm thi THPT,2025,15.0,Công nghệ kỹ thuật công trình xây dựng
6866,DBD,cong-nghe-ky-thuat-cong-trinh-xay-dung,D01,Điểm thi THPT,2025,15.0,Công nghệ kỹ thuật công trình xây dựng
6867,DBD,cong-nghe-ky-thuat-dien-dien-tu,A00,Điểm học bạ,2023,15.0,"Công nghệ kỹ thuật điện, điện tử"
6868,DBD,cong-nghe-ky-thuat-dien-dien-tu,A02,Điểm học bạ,2023,15.0,"Công nghệ kỹ thuật điện, điện tử"
6869,DBD,cong-nghe-ky-thuat-dien-dien-tu,A09,Điểm học bạ,2023,15.0,"Công nghệ kỹ thuật điện, điện tử"
6870,DBD,cong-nghe-ky-thuat-dien-dien-tu,D01,Điểm học bạ,2023,15.0,"Công nghệ kỹ thuật điện, điện tử"
6871,DBD,cong-nghe-ky-thuat-dien-dien-tu,A00,Điểm thi THPT,2023,15.0,"Công nghệ kỹ thuật điện, điện tử"
6872,DBD,cong-nghe-ky-thuat-dien-dien-tu,A02,Điểm thi THPT,2023,15.0,"Công nghệ kỹ thuật điện, điện tử"
6873,DBD,cong-nghe-ky-thuat-dien-dien-tu,A09,Điểm thi THPT,2023,15.0,"Công nghệ kỹ thuật điện, điện tử"
6874,DBD,cong-nghe-ky-thuat-dien-dien-tu,D01,Điểm thi THPT,2023,15.0,"Công nghệ kỹ thuật điện, điện tử"
6875,DBD,cong-nghe-ky-thuat-dien-dien-tu,A00,Điểm học bạ,2024,15.0,Công nghệ kỹ thuật điện; điện tử
6876,DBD,cong-nghe-ky-thuat-dien-dien-tu,A02,Điểm học bạ,2024,15.0,Công nghệ kỹ thuật điện; điện tử
6877,DBD,cong-nghe-ky-thuat-dien-dien-tu,A09,Điểm học bạ,2024,15.0,Công nghệ kỹ thuật điện; điện tử
6878,DBD,cong-nghe-ky-thuat-dien-dien-tu,D01,Điểm học bạ,2024,15.0,Công nghệ kỹ thuật điện; điện tử
6879,DBD,cong-nghe-ky-thuat-dien-dien-tu,A00,Điểm thi THPT,2024,15.0,"Công nghệ kỹ thuật điện, điện tử"
6880,DBD,cong-nghe-ky-thuat-dien-dien-tu,A02,Điểm thi THPT,2024,15.0,"Công nghệ kỹ thuật điện, điện tử"
6881,DBD,cong-nghe-ky-thuat-dien-dien-tu,A09,Điểm thi THPT,2024,15.0,"Công nghệ kỹ thuật điện, điện tử"
6882,DBD,cong-nghe-ky-thuat-dien-dien-tu,D01,Điểm thi THPT,2024,15.0,"Công nghệ kỹ thuật điện, điện tử"
6883,DBD,cong-nghe-ky-thuat-dien-dien-tu,A00,Điểm học bạ,2025,16.0,"Công nghệ kỹ thuật điện, điện tử"
6884,DBD,cong-nghe-ky-thuat-dien-dien-tu,C01,Điểm học bạ,2025,16.0,"Công nghệ kỹ thuật điện, điện tử"
6885,DBD,cong-nghe-ky-thuat-dien-dien-tu,C03,Điểm học bạ,2025,16.0,"Công nghệ kỹ thuật điện, điện tử"
6886,DBD,cong-nghe-ky-thuat-dien-dien-tu,C04,Điểm học bạ,2025,16.0,"Công nghệ kỹ thuật điện, điện tử"
6887,DBD,cong-nghe-ky-thuat-dien-dien-tu,C14,Điểm học bạ,2025,16.0,"Công nghệ kỹ thuật điện, điện tử"
6888,DBD,cong-nghe-ky-thuat-dien-dien-tu,D01,Điểm học bạ,2025,16.0,"Công nghệ kỹ thuật điện, điện tử"
6889,DBD,cong-nghe-ky-thuat-dien-dien-tu,A00,Điểm thi THPT,2025,15.0,"Công nghệ kỹ thuật điện, điện tử"
6890,DBD,cong-nghe-ky-thuat-dien-dien-tu,C01,Điểm thi THPT,2025,15.0,"Công nghệ kỹ thuật điện, điện tử"
6891,DBD,cong-nghe-ky-thuat-dien-dien-tu,C03,Điểm thi THPT,2025,15.0,"Công nghệ kỹ thuật điện, điện tử"
6892,DBD,cong-nghe-ky-thuat-dien-dien-tu,C04,Điểm thi THPT,2025,15.0,"Công nghệ kỹ thuật điện, điện tử"
6893,DBD,cong-nghe-ky-thuat-dien-dien-tu,C14,Điểm thi THPT,2025,15.0,"Công nghệ kỹ thuật điện, điện tử"
6894,DBD,cong-nghe-ky-thuat-dien-dien-tu,D01,Điểm thi THPT,2025,15.0,"Công nghệ kỹ thuật điện, điện tử"
6895,DBD,cong-nghe-ky-thuat-o-to,A00,Điểm học bạ,2023,15.0,Công nghệ kỹ thuật ô tô
6896,DBD,cong-nghe-ky-thuat-o-to,A01,Điểm học bạ,2023,15.0,Công nghệ kỹ thuật ô tô
6897,DBD,cong-nghe-ky-thuat-o-to,A02,Điểm học bạ,2023,15.0,Công nghệ kỹ thuật ô tô
6898,DBD,cong-nghe-ky-thuat-o-to,A09,Điểm học bạ,2023,15.0,Công nghệ kỹ thuật ô tô
6899,DBD,cong-nghe-ky-thuat-o-to,A00,Điểm thi THPT,2023,15.0,Công nghệ kỹ thuật ô tô
6900,DBD,cong-nghe-ky-thuat-o-to,A01,Điểm thi THPT,2023,15.0,Công nghệ kỹ thuật ô tô
6901,DBD,cong-nghe-ky-thuat-o-to,A02,Điểm thi THPT,2023,15.0,Công nghệ kỹ thuật ô tô
6902,DBD,cong-nghe-ky-thuat-o-to,A09,Điểm thi THPT,2023,15.0,Công nghệ kỹ thuật ô tô
6903,DBD,cong-nghe-ky-thuat-o-to,A00,Điểm học bạ,2024,15.0,Công nghệ kỹ thuật ô tô
6904,DBD,cong-nghe-ky-thuat-o-to,A01,Điểm học bạ,2024,15.0,Công nghệ kỹ thuật ô tô
6905,DBD,cong-nghe-ky-thuat-o-to,A02,Điểm học bạ,2024,15.0,Công nghệ kỹ thuật ô tô
6906,DBD,cong-nghe-ky-thuat-o-to,A09,Điểm học bạ,2024,15.0,Công nghệ kỹ thuật ô tô
6907,DBD,cong-nghe-ky-thuat-o-to,A00,Điểm thi THPT,2024,15.0,Công nghệ kỹ thuật ô tô
6908,DBD,cong-nghe-ky-thuat-o-to,A01,Điểm thi THPT,2024,15.0,Công nghệ kỹ thuật ô tô
6909,DBD,cong-nghe-ky-thuat-o-to,A02,Điểm thi THPT,2024,15.0,Công nghệ kỹ thuật ô tô
6910,DBD,cong-nghe-ky-thuat-o-to,A09,Điểm thi THPT,2024,15.0,Công nghệ kỹ thuật ô tô
6911,DBD,cong-nghe-ky-thuat-o-to,A00,Điểm học bạ,2025,16.0,Công nghệ kỹ thuật ô tô
6912,DBD,cong-nghe-ky-thuat-o-to,C01,Điểm học bạ,2025,16.0,Công nghệ kỹ thuật ô tô
6913,DBD,cong-nghe-ky-thuat-o-to,C03,Điểm học bạ,2025,16.0,Công nghệ kỹ thuật ô tô
6914,DBD,cong-nghe-ky-thuat-o-to,C04,Điểm học bạ,2025,16.0,Công nghệ kỹ thuật ô tô
6915,DBD,cong-nghe-ky-thuat-o-to,C14,Điểm học bạ,2025,16.0,Công nghệ kỹ thuật ô tô
6916,DBD,cong-nghe-ky-thuat-o-to,D01,Điểm học bạ,2025,16.0,Công nghệ kỹ thuật ô tô
6917,DBD,cong-nghe-ky-thuat-o-to,A00,Điểm thi THPT,2025,15.0,Công nghệ kỹ thuật ô tô
6918,DBD,cong-nghe-ky-thuat-o-to,C01,Điểm thi THPT,2025,15.0,Công nghệ kỹ thuật ô tô
6919,DBD,cong-nghe-ky-thuat-o-to,C03,Điểm thi THPT,2025,15.0,Công nghệ kỹ thuật ô tô
6920,DBD,cong-nghe-ky-thuat-o-to,C04,Điểm thi THPT,2025,15.0,Công nghệ kỹ thuật ô tô
6921,DBD,cong-nghe-ky-thuat-o-to,C14,Điểm thi THPT,2025,15.0,Công nghệ kỹ thuật ô tô
6922,DBD,cong-nghe-ky-thuat-o-to,D01,Điểm thi THPT,2025,15.0,Công nghệ kỹ thuật ô tô
6923,DBD,cong-nghe-sinh-hoc,A00,Điểm học bạ,2022,15.0,Công nghệ sinh học
6924,DBD,cong-nghe-sinh-hoc,A09,Điểm học bạ,2022,15.0,Công nghệ sinh học
6925,DBD,cong-nghe-sinh-hoc,B00,Điểm học bạ,2022,15.0,Công nghệ sinh học
6926,DBD,cong-nghe-sinh-hoc,D01,Điểm học bạ,2022,15.0,Công nghệ sinh học
6927,DBD,cong-nghe-sinh-hoc,A00,Điểm thi THPT,2022,15.0,Công nghệ sinh học
6928,DBD,cong-nghe-sinh-hoc,A09,Điểm thi THPT,2022,15.0,Công nghệ sinh học
6929,DBD,cong-nghe-sinh-hoc,B00,Điểm thi THPT,2022,15.0,Công nghệ sinh học
6930,DBD,cong-nghe-sinh-hoc,D01,Điểm thi THPT,2022,15.0,Công nghệ sinh học
6931,DBD,cong-nghe-thong-tin,A00,Điểm học bạ,2022,15.0,Công nghệ thông tin
6932,DBD,cong-nghe-thong-tin,A09,Điểm học bạ,2022,15.0,Công nghệ thông tin
6933,DBD,cong-nghe-thong-tin,D01,Điểm học bạ,2022,15.0,Công nghệ thông tin
6934,DBD,cong-nghe-thong-tin,K01,Điểm học bạ,2022,15.0,Công nghệ thông tin
6935,DBD,cong-nghe-thong-tin,A00,Điểm thi THPT,2022,15.0,Công nghệ thông tin
6936,DBD,cong-nghe-thong-tin,A09,Điểm thi THPT,2022,15.0,Công nghệ thông tin
6937,DBD,cong-nghe-thong-tin,D01,Điểm thi THPT,2022,15.0,Công nghệ thông tin
6938,DBD,cong-nghe-thong-tin,K01,Điểm thi THPT,2022,15.0,Công nghệ thông tin
6939,DBD,cong-nghe-thong-tin,A00,Điểm học bạ,2025,16.0,Công nghệ thông tin
6940,DBD,cong-nghe-thong-tin,C01,Điểm học bạ,2025,16.0,Công nghệ thông tin
6941,DBD,cong-nghe-thong-tin,C03,Điểm học bạ,2025,16.0,Công nghệ thông tin
6942,DBD,cong-nghe-thong-tin,C04,Điểm học bạ,2025,16.0,Công nghệ thông tin
6943,DBD,cong-nghe-thong-tin,C14,Điểm học bạ,2025,16.0,Công nghệ thông tin
6944,DBD,cong-nghe-thong-tin,D01,Điểm học bạ,2025,16.0,Công nghệ thông tin
6945,DBD,cong-nghe-thong-tin,A00,Điểm thi THPT,2025,15.0,Công nghệ thông tin
6946,DBD,cong-nghe-thong-tin,C01,Điểm thi THPT,2025,15.0,Công nghệ thông tin
6947,DBD,cong-nghe-thong-tin,C03,Điểm thi THPT,2025,15.0,Công nghệ thông tin
6948,DBD,cong-nghe-thong-tin,C04,Điểm thi THPT,2025,15.0,Công nghệ thông tin
6949,DBD,cong-nghe-thong-tin,C14,Điểm thi THPT,2025,15.0,Công nghệ thông tin
6950,DBD,cong-nghe-thong-tin,D01,Điểm thi THPT,2025,15.0,Công nghệ thông tin
6951,DBD,cong-nghe-thuc-pham,A00,Điểm học bạ,2022,15.0,Công nghệ thực phẩm
6952,DBD,cong-nghe-thuc-pham,A09,Điểm học bạ,2022,15.0,Công nghệ thực phẩm
6953,DBD,cong-nghe-thuc-pham,B00,Điểm học bạ,2022,15.0,Công nghệ thực phẩm
6954,DBD,cong-nghe-thuc-pham,D07,Điểm học bạ,2022,15.0,Công nghệ thực phẩm
6955,DBD,cong-nghe-thuc-pham,A00,Điểm thi THPT,2022,15.0,Công nghệ thực phẩm
6956,DBD,cong-nghe-thuc-pham,A09,Điểm thi THPT,2022,15.0,Công nghệ thực phẩm
6957,DBD,cong-nghe-thuc-pham,B00,Điểm thi THPT,2022,15.0,Công nghệ thực phẩm
6958,DBD,cong-nghe-thuc-pham,D07,Điểm thi THPT,2022,15.0,Công nghệ thực phẩm
6959,DBD,cong-nghe-thuc-pham,A00,Điểm học bạ,2023,15.0,Công nghệ thực phẩm
6960,DBD,cong-nghe-thuc-pham,A09,Điểm học bạ,2023,15.0,Công nghệ thực phẩm
6961,DBD,cong-nghe-thuc-pham,B00,Điểm học bạ,2023,15.0,Công nghệ thực phẩm
6962,DBD,cong-nghe-thuc-pham,D07,Điểm học bạ,2023,15.0,Công nghệ thực phẩm
6963,DBD,cong-nghe-thuc-pham,A00,Điểm thi THPT,2023,15.0,Công nghệ thực phẩm
6964,DBD,cong-nghe-thuc-pham,A09,Điểm thi THPT,2023,15.0,Công nghệ thực phẩm
6965,DBD,cong-nghe-thuc-pham,B00,Điểm thi THPT,2023,15.0,Công nghệ thực phẩm
6966,DBD,cong-nghe-thuc-pham,D07,Điểm thi THPT,2023,15.0,Công nghệ thực phẩm
6967,DBD,cong-nghe-thuc-pham,A00,Điểm học bạ,2024,15.0,Công nghệ thực phẩm
6968,DBD,cong-nghe-thuc-pham,A09,Điểm học bạ,2024,15.0,Công nghệ thực phẩm
6969,DBD,cong-nghe-thuc-pham,B00,Điểm học bạ,2024,15.0,Công nghệ thực phẩm
6970,DBD,cong-nghe-thuc-pham,D07,Điểm học bạ,2024,15.0,Công nghệ thực phẩm
6971,DBD,cong-nghe-thuc-pham,A00,Điểm thi THPT,2024,15.0,Công nghệ thực phẩm
6972,DBD,cong-nghe-thuc-pham,A09,Điểm thi THPT,2024,15.0,Công nghệ thực phẩm
6973,DBD,cong-nghe-thuc-pham,B00,Điểm thi THPT,2024,15.0,Công nghệ thực phẩm
6974,DBD,cong-nghe-thuc-pham,D07,Điểm thi THPT,2024,15.0,Công nghệ thực phẩm
6975,DBD,cong-nghe-thuc-pham,A00,Điểm học bạ,2025,16.0,Công nghệ thực phẩm
6976,DBD,cong-nghe-thuc-pham,B00,Điểm học bạ,2025,16.0,Công nghệ thực phẩm
6977,DBD,cong-nghe-thuc-pham,B03,Điểm học bạ,2025,16.0,Công nghệ thực phẩm
6978,DBD,cong-nghe-thuc-pham,C02,Điểm học bạ,2025,16.0,Công nghệ thực phẩm
6979,DBD,cong-nghe-thuc-pham,C14,Điểm học bạ,2025,16.0,Công nghệ thực phẩm
6980,DBD,cong-nghe-thuc-pham,D01,Điểm học bạ,2025,16.0,Công nghệ thực phẩm
6981,DBD,cong-nghe-thuc-pham,A00,Điểm thi THPT,2025,15.0,Công nghệ thực phẩm
6982,DBD,cong-nghe-thuc-pham,B00,Điểm thi THPT,2025,15.0,Công nghệ thực phẩm
6983,DBD,cong-nghe-thuc-pham,B03,Điểm thi THPT,2025,15.0,Công nghệ thực phẩm
6984,DBD,cong-nghe-thuc-pham,C02,Điểm thi THPT,2025,15.0,Công nghệ thực phẩm
6985,DBD,cong-nghe-thuc-pham,C14,Điểm thi THPT,2025,15.0,Công nghệ thực phẩm
6986,DBD,cong-nghe-thuc-pham,D01,Điểm thi THPT,2025,15.0,Công nghệ thực phẩm
6987,DBD,duoc-hoc,A00,Điểm học bạ,2022,21.0,Dược học
6988,DBD,duoc-hoc,B00,Điểm học bạ,2022,21.0,Dược học
6989,DBD,duoc-hoc,C08,Điểm học bạ,2022,21.0,Dược học
6990,DBD,duoc-hoc,D07,Điểm học bạ,2022,21.0,Dược học
6991,DBD,duoc-hoc,A00,Điểm thi THPT,2022,21.0,Dược học
6992,DBD,duoc-hoc,B00,Điểm thi THPT,2022,21.0,Dược học
6993,DBD,duoc-hoc,C08,Điểm thi THPT,2022,21.0,Dược học
6994,DBD,duoc-hoc,D07,Điểm thi THPT,2022,21.0,Dược học
6995,DBD,duoc-hoc,A00,Điểm thi THPT,2023,21.0,Dược học
6996,DBD,duoc-hoc,B00,Điểm thi THPT,2023,21.0,Dược học
6997,DBD,duoc-hoc,C08,Điểm thi THPT,2023,21.0,Dược học
6998,DBD,duoc-hoc,D07,Điểm thi THPT,2023,21.0,Dược học
6999,DBD,duoc-hoc,A00,Điểm thi THPT,2024,21.0,Dược học
7000,DBD,duoc-hoc,B00,Điểm thi THPT,2024,21.0,Dược học
7001,DBD,duoc-hoc,C08,Điểm thi THPT,2024,21.0,Dược học
7002,DBD,duoc-hoc,D07,Điểm thi THPT,2024,21.0,Dược học
7003,DBD,duoc-hoc,A00,Điểm thi THPT,2025,19.0,Dược học
7004,DBD,duoc-hoc,B00,Điểm thi THPT,2025,19.0,Dược học
7005,DBD,duoc-hoc,B03,Điểm thi THPT,2025,19.0,Dược học
7006,DBD,duoc-hoc,C02,Điểm thi THPT,2025,19.0,Dược học
7007,DBD,duoc-hoc,C08,Điểm thi THPT,2025,19.0,Dược học
7008,DBD,duoc-hoc,D07,Điểm thi THPT,2025,19.0,Dược học
7009,DBD,han-quoc-hoc,A01,Điểm học bạ,2022,15.0,Hàn Quốc học
7010,DBD,han-quoc-hoc,A09,Điểm học bạ,2022,15.0,Hàn Quốc học
7011,DBD,han-quoc-hoc,C00,Điểm học bạ,2022,15.0,Hàn Quốc học
7012,DBD,han-quoc-hoc,D15,Điểm học bạ,2022,15.0,Hàn Quốc học
7013,DBD,han-quoc-hoc,A01,Điểm thi THPT,2022,15.0,Hàn Quốc học
7014,DBD,han-quoc-hoc,A09,Điểm thi THPT,2022,15.0,Hàn Quốc học
7015,DBD,han-quoc-hoc,C00,Điểm thi THPT,2022,15.0,Hàn Quốc học
7016,DBD,han-quoc-hoc,D15,Điểm thi THPT,2022,15.0,Hàn Quốc học
7017,DBD,han-quoc-hoc,A01,Điểm học bạ,2023,15.0,Hàn Quốc học
7018,DBD,han-quoc-hoc,A09,Điểm học bạ,2023,15.0,Hàn Quốc học
7019,DBD,han-quoc-hoc,C00,Điểm học bạ,2023,15.0,Hàn Quốc học
7020,DBD,han-quoc-hoc,D15,Điểm học bạ,2023,15.0,Hàn Quốc học
7021,DBD,han-quoc-hoc,A01,Điểm thi THPT,2023,15.0,Hàn Quốc học
7022,DBD,han-quoc-hoc,A09,Điểm thi THPT,2023,15.0,Hàn Quốc học
7023,DBD,han-quoc-hoc,C00,Điểm thi THPT,2023,15.0,Hàn Quốc học
7024,DBD,han-quoc-hoc,D15,Điểm thi THPT,2023,15.0,Hàn Quốc học
7025,DBD,han-quoc-hoc,A01,Điểm học bạ,2024,15.0,Hàn Quốc học
7026,DBD,han-quoc-hoc,A09,Điểm học bạ,2024,15.0,Hàn Quốc học
7027,DBD,han-quoc-hoc,C00,Điểm học bạ,2024,15.0,Hàn Quốc học
7028,DBD,han-quoc-hoc,D15,Điểm học bạ,2024,15.0,Hàn Quốc học
7029,DBD,han-quoc-hoc,A01,Điểm thi THPT,2024,15.0,Hàn Quốc học
7030,DBD,han-quoc-hoc,A09,Điểm thi THPT,2024,15.0,Hàn Quốc học
7031,DBD,han-quoc-hoc,C00,Điểm thi THPT,2024,15.0,Hàn Quốc học
7032,DBD,han-quoc-hoc,D15,Điểm thi THPT,2024,15.0,Hàn Quốc học
7033,DBD,han-quoc-hoc,A01,Điểm học bạ,2025,16.0,Hàn Quốc học
7034,DBD,han-quoc-hoc,C00,Điểm học bạ,2025,16.0,Hàn Quốc học
7035,DBD,han-quoc-hoc,D01,Điểm học bạ,2025,16.0,Hàn Quốc học
7036,DBD,han-quoc-hoc,D14,Điểm học bạ,2025,16.0,Hàn Quốc học
7037,DBD,han-quoc-hoc,D15,Điểm học bạ,2025,16.0,Hàn Quốc học
7038,DBD,han-quoc-hoc,D66,Điểm học bạ,2025,16.0,Hàn Quốc học
7039,DBD,han-quoc-hoc,A01,Điểm thi THPT,2025,15.0,Hàn Quốc học
7040,DBD,han-quoc-hoc,C00,Điểm thi THPT,2025,15.0,Hàn Quốc học
7041,DBD,han-quoc-hoc,D01,Điểm thi THPT,2025,15.0,Hàn Quốc học
7042,DBD,han-quoc-hoc,D14,Điểm thi THPT,2025,15.0,Hàn Quốc học
7043,DBD,han-quoc-hoc,D15,Điểm thi THPT,2025,15.0,Hàn Quốc học
7044,DBD,han-quoc-hoc,D66,Điểm thi THPT,2025,15.0,Hàn Quốc học
7045,DBD,hoa-duoc,A00,Điểm học bạ,2025,16.0,Hóa dược
7046,DBD,hoa-duoc,B00,Điểm học bạ,2025,16.0,Hóa dược
7047,DBD,hoa-duoc,B03,Điểm học bạ,2025,16.0,Hóa dược
7048,DBD,hoa-duoc,C02,Điểm học bạ,2025,16.0,Hóa dược
7049,DBD,hoa-duoc,C08,Điểm học bạ,2025,16.0,Hóa dược
7050,DBD,hoa-duoc,D07,Điểm học bạ,2025,16.0,Hóa dược
7051,DBD,hoa-duoc,A00,Điểm thi THPT,2025,15.0,Hóa dược
7052,DBD,hoa-duoc,B00,Điểm thi THPT,2025,15.0,Hóa dược
7053,DBD,hoa-duoc,B03,Điểm thi THPT,2025,15.0,Hóa dược
7054,DBD,hoa-duoc,C02,Điểm thi THPT,2025,15.0,Hóa dược
7055,DBD,hoa-duoc,C08,Điểm thi THPT,2025,15.0,Hóa dược
7056,DBD,hoa-duoc,D07,Điểm thi THPT,2025,15.0,Hóa dược
7057,DBD,hoa-duoc-phan-tich-va-kiem-nghiem-bao-che-va-phat-trien-thuoc,A00,Điểm học bạ,2024,15.0,Hóa dược - Phân tích và kiểm nghiệm - Bào chế và phát triển thuốc
7058,DBD,hoa-duoc-phan-tich-va-kiem-nghiem-bao-che-va-phat-trien-thuoc,B00,Điểm học bạ,2024,15.0,Hóa dược - Phân tích và kiểm nghiệm - Bào chế và phát triển thuốc
7059,DBD,hoa-duoc-phan-tich-va-kiem-nghiem-bao-che-va-phat-trien-thuoc,C08,Điểm học bạ,2024,15.0,Hóa dược - Phân tích và kiểm nghiệm - Bào chế và phát triển thuốc
7060,DBD,hoa-duoc-phan-tich-va-kiem-nghiem-bao-che-va-phat-trien-thuoc,D07,Điểm học bạ,2024,15.0,Hóa dược - Phân tích và kiểm nghiệm - Bào chế và phát triển thuốc
7061,DBD,hoa-duoc-phan-tich-va-kiem-nghiem-bao-che-va-phat-trien-thuoc,A00,Điểm thi THPT,2024,15.0,Hóa dược - Phân tích và kiểm nghiệm - Bào chế và phát triển thuốc
7062,DBD,hoa-duoc-phan-tich-va-kiem-nghiem-bao-che-va-phat-trien-thuoc,B00,Điểm thi THPT,2024,15.0,Hóa dược - Phân tích và kiểm nghiệm - Bào chế và phát triển thuốc
7063,DBD,hoa-duoc-phan-tich-va-kiem-nghiem-bao-che-va-phat-trien-thuoc,C08,Điểm thi THPT,2024,15.0,Hóa dược - Phân tích và kiểm nghiệm - Bào chế và phát triển thuốc
7064,DBD,hoa-duoc-phan-tich-va-kiem-nghiem-bao-che-va-phat-trien-thuoc,D07,Điểm thi THPT,2024,15.0,Hóa dược - Phân tích và kiểm nghiệm - Bào chế và phát triển thuốc
7065,DBD,ke-toan,A01,Điểm học bạ,2022,15.0,Kế toán
7066,DBD,ke-toan,A09,Điểm học bạ,2022,15.0,Kế toán
7067,DBD,ke-toan,C00,Điểm học bạ,2022,15.0,Kế toán
7068,DBD,ke-toan,D01,Điểm học bạ,2022,15.0,Kế toán
7069,DBD,ke-toan,A01,Điểm thi THPT,2022,15.0,Kế toán
7070,DBD,ke-toan,A09,Điểm thi THPT,2022,15.0,Kế toán
7071,DBD,ke-toan,C00,Điểm thi THPT,2022,15.0,Kế toán
7072,DBD,ke-toan,D01,Điểm thi THPT,2022,15.0,Kế toán
7073,DBD,ke-toan,A01,Điểm học bạ,2023,15.0,Kế toán
7074,DBD,ke-toan,A09,Điểm học bạ,2023,15.0,Kế toán
7075,DBD,ke-toan,C00,Điểm học bạ,2023,15.0,Kế toán
7076,DBD,ke-toan,D01,Điểm học bạ,2023,15.0,Kế toán
7077,DBD,ke-toan,A01,Điểm thi THPT,2023,15.0,Kế toán
7078,DBD,ke-toan,A09,Điểm thi THPT,2023,15.0,Kế toán
7079,DBD,ke-toan,C00,Điểm thi THPT,2023,15.0,Kế toán
7080,DBD,ke-toan,D01,Điểm thi THPT,2023,15.0,Kế toán
7081,DBD,ke-toan,A01,Điểm học bạ,2024,15.0,Kế toán
7082,DBD,ke-toan,A09,Điểm học bạ,2024,15.0,Kế toán
7083,DBD,ke-toan,C00,Điểm học bạ,2024,15.0,Kế toán
7084,DBD,ke-toan,D01,Điểm học bạ,2024,15.0,Kế toán
7085,DBD,ke-toan,A01,Điểm thi THPT,2024,15.0,Kế toán
7086,DBD,ke-toan,A09,Điểm thi THPT,2024,15.0,Kế toán
7087,DBD,ke-toan,C00,Điểm thi THPT,2024,15.0,Kế toán
7088,DBD,ke-toan,D01,Điểm thi THPT,2024,15.0,Kế toán
7089,DBD,ke-toan,A00,Điểm học bạ,2025,16.0,Kế toán
7090,DBD,ke-toan,C01,Điểm học bạ,2025,16.0,Kế toán
7091,DBD,ke-toan,C03,Điểm học bạ,2025,16.0,Kế toán
7092,DBD,ke-toan,C04,Điểm học bạ,2025,16.0,Kế toán
7093,DBD,ke-toan,C14,Điểm học bạ,2025,16.0,Kế toán
7094,DBD,ke-toan,D01,Điểm học bạ,2025,16.0,Kế toán
7095,DBD,ke-toan,A00,Điểm thi THPT,2025,15.0,Kế toán
7096,DBD,ke-toan,C01,Điểm thi THPT,2025,15.0,Kế toán
7097,DBD,ke-toan,C03,Điểm thi THPT,2025,15.0,Kế toán
7098,DBD,ke-toan,C04,Điểm thi THPT,2025,15.0,Kế toán
7099,DBD,ke-toan,C14,Điểm thi THPT,2025,15.0,Kế toán
7100,DBD,ke-toan,D01,Điểm thi THPT,2025,15.0,Kế toán
7101,DBD,kien-truc,A00,Điểm học bạ,2022,15.0,Kiến trúc
7102,DBD,kien-truc,A09,Điểm học bạ,2022,15.0,Kiến trúc
7103,DBD,kien-truc,V00,Điểm học bạ,2022,15.0,Kiến trúc
7104,DBD,kien-truc,V01,Điểm học bạ,2022,15.0,Kiến trúc
7105,DBD,kien-truc,A00,Điểm thi THPT,2022,15.0,Kiến trúc
7106,DBD,kien-truc,A09,Điểm thi THPT,2022,15.0,Kiến trúc
7107,DBD,kien-truc,V00,Điểm thi THPT,2022,15.0,Kiến trúc
7108,DBD,kien-truc,V01,Điểm thi THPT,2022,15.0,Kiến trúc
7109,DBD,kien-truc,A00,Điểm học bạ,2023,15.0,Kiến trúc
7110,DBD,kien-truc,A09,Điểm học bạ,2023,15.0,Kiến trúc
7111,DBD,kien-truc,V00,Điểm học bạ,2023,15.0,Kiến trúc
7112,DBD,kien-truc,V01,Điểm học bạ,2023,15.0,Kiến trúc
7113,DBD,kien-truc,A00,Điểm thi THPT,2023,15.0,Kiến trúc
7114,DBD,kien-truc,A09,Điểm thi THPT,2023,15.0,Kiến trúc
7115,DBD,kien-truc,V00,Điểm thi THPT,2023,15.0,Kiến trúc
7116,DBD,kien-truc,V01,Điểm thi THPT,2023,15.0,Kiến trúc
7117,DBD,kien-truc,A00,Điểm học bạ,2024,15.0,Kiến trúc
7118,DBD,kien-truc,A09,Điểm học bạ,2024,15.0,Kiến trúc
7119,DBD,kien-truc,V00,Điểm học bạ,2024,15.0,Kiến trúc
7120,DBD,kien-truc,V01,Điểm học bạ,2024,15.0,Kiến trúc
7121,DBD,kien-truc,A00,Điểm thi THPT,2024,15.0,Kiến trúc
7122,DBD,kien-truc,A09,Điểm thi THPT,2024,15.0,Kiến trúc
7123,DBD,kien-truc,V00,Điểm thi THPT,2024,15.0,Kiến trúc
7124,DBD,kien-truc,V01,Điểm thi THPT,2024,15.0,Kiến trúc
7125,DBD,kien-truc,A00,Điểm học bạ,2025,16.0,Kiến trúc
7126,DBD,kien-truc,C01,Điểm học bạ,2025,16.0,Kiến trúc
7127,DBD,kien-truc,C03,Điểm học bạ,2025,16.0,Kiến trúc
7128,DBD,kien-truc,C04,Điểm học bạ,2025,16.0,Kiến trúc
7129,DBD,kien-truc,C14,Điểm học bạ,2025,16.0,Kiến trúc
7130,DBD,kien-truc,D01,Điểm học bạ,2025,16.0,Kiến trúc
7131,DBD,kien-truc,A00,Điểm thi THPT,2025,15.0,Kiến trúc
7132,DBD,kien-truc,C01,Điểm thi THPT,2025,15.0,Kiến trúc
7133,DBD,kien-truc,C03,Điểm thi THPT,2025,15.0,Kiến trúc
7134,DBD,kien-truc,C04,Điểm thi THPT,2025,15.0,Kiến trúc
7135,DBD,kien-truc,C14,Điểm thi THPT,2025,15.0,Kiến trúc
7136,DBD,kien-truc,D01,Điểm thi THPT,2025,15.0,Kiến trúc
7137,DBD,logistics-quan-ly-chuoi-cung-ung,A00,Điểm học bạ,2022,15.0,Logistics & Quản lý chuỗi cung ứng
7138,DBD,logistics-quan-ly-chuoi-cung-ung,A09,Điểm học bạ,2022,15.0,Logistics & Quản lý chuỗi cung ứng
7139,DBD,logistics-quan-ly-chuoi-cung-ung,C00,Điểm học bạ,2022,15.0,Logistics & Quản lý chuỗi cung ứng
7140,DBD,logistics-quan-ly-chuoi-cung-ung,D01,Điểm học bạ,2022,15.0,Logistics & Quản lý chuỗi cung ứng
7141,DBD,logistics-quan-ly-chuoi-cung-ung,A00,Điểm thi THPT,2022,15.0,Logistics & Quản lý chuỗi cung ứng
7142,DBD,logistics-quan-ly-chuoi-cung-ung,A09,Điểm thi THPT,2022,15.0,Logistics & Quản lý chuỗi cung ứng
7143,DBD,logistics-quan-ly-chuoi-cung-ung,C00,Điểm thi THPT,2022,15.0,Logistics & Quản lý chuỗi cung ứng
7144,DBD,logistics-quan-ly-chuoi-cung-ung,D01,Điểm thi THPT,2022,15.0,Logistics & Quản lý chuỗi cung ứng
7145,DBD,logistics-va-quan-ly-chuoi-cung-ung,A00,Điểm học bạ,2023,15.0,Logistics và Quản lý chuỗi cung ứng
7146,DBD,logistics-va-quan-ly-chuoi-cung-ung,A09,Điểm học bạ,2023,15.0,Logistics và Quản lý chuỗi cung ứng
7147,DBD,logistics-va-quan-ly-chuoi-cung-ung,C00,Điểm học bạ,2023,15.0,Logistics và Quản lý chuỗi cung ứng
7148,DBD,logistics-va-quan-ly-chuoi-cung-ung,D01,Điểm học bạ,2023,15.0,Logistics và Quản lý chuỗi cung ứng
7149,DBD,logistics-va-quan-ly-chuoi-cung-ung,A00,Điểm thi THPT,2023,15.0,Logistics và Quản lý chuỗi cung ứng
7150,DBD,logistics-va-quan-ly-chuoi-cung-ung,A09,Điểm thi THPT,2023,15.0,Logistics và Quản lý chuỗi cung ứng
7151,DBD,logistics-va-quan-ly-chuoi-cung-ung,C00,Điểm thi THPT,2023,15.0,Logistics và Quản lý chuỗi cung ứng
7152,DBD,logistics-va-quan-ly-chuoi-cung-ung,D01,Điểm thi THPT,2023,15.0,Logistics và Quản lý chuỗi cung ứng
7153,DBD,logistics-va-quan-ly-chuoi-cung-ung,A00,Điểm học bạ,2024,15.0,Logistics và Quản lý chuỗi cung ứng
7154,DBD,logistics-va-quan-ly-chuoi-cung-ung,A09,Điểm học bạ,2024,15.0,Logistics và Quản lý chuỗi cung ứng
7155,DBD,logistics-va-quan-ly-chuoi-cung-ung,C00,Điểm học bạ,2024,15.0,Logistics và Quản lý chuỗi cung ứng
7156,DBD,logistics-va-quan-ly-chuoi-cung-ung,D01,Điểm học bạ,2024,15.0,Logistics và Quản lý chuỗi cung ứng
7157,DBD,logistics-va-quan-ly-chuoi-cung-ung,A00,Điểm thi THPT,2024,15.0,Logistics và Quản lý chuỗi cung ứng
7158,DBD,logistics-va-quan-ly-chuoi-cung-ung,A09,Điểm thi THPT,2024,15.0,Logistics và Quản lý chuỗi cung ứng
7159,DBD,logistics-va-quan-ly-chuoi-cung-ung,C00,Điểm thi THPT,2024,15.0,Logistics và Quản lý chuỗi cung ứng
7160,DBD,logistics-va-quan-ly-chuoi-cung-ung,D01,Điểm thi THPT,2024,15.0,Logistics và Quản lý chuỗi cung ứng
7161,DBD,logistics-va-quan-ly-chuoi-cung-ung,A00,Điểm học bạ,2025,16.0,Logistics và Quản lý chuỗi cung ứng
7162,DBD,logistics-va-quan-ly-chuoi-cung-ung,A01,Điểm học bạ,2025,16.0,Logistics và Quản lý chuỗi cung ứng
7163,DBD,logistics-va-quan-ly-chuoi-cung-ung,C01,Điểm học bạ,2025,16.0,Logistics và Quản lý chuỗi cung ứng
7164,DBD,logistics-va-quan-ly-chuoi-cung-ung,C14,Điểm học bạ,2025,16.0,Logistics và Quản lý chuỗi cung ứng
7165,DBD,logistics-va-quan-ly-chuoi-cung-ung,D01,Điểm học bạ,2025,16.0,Logistics và Quản lý chuỗi cung ứng
7166,DBD,logistics-va-quan-ly-chuoi-cung-ung,D66,Điểm học bạ,2025,16.0,Logistics và Quản lý chuỗi cung ứng
7167,DBD,logistics-va-quan-ly-chuoi-cung-ung,A00,Điểm thi THPT,2025,15.0,Logistics và Quản lý chuỗi cung ứng
7168,DBD,logistics-va-quan-ly-chuoi-cung-ung,A01,Điểm thi THPT,2025,15.0,Logistics và Quản lý chuỗi cung ứng
7169,DBD,logistics-va-quan-ly-chuoi-cung-ung,C01,Điểm thi THPT,2025,15.0,Logistics và Quản lý chuỗi cung ứng
7170,DBD,logistics-va-quan-ly-chuoi-cung-ung,C14,Điểm thi THPT,2025,15.0,Logistics và Quản lý chuỗi cung ứng
7171,DBD,logistics-va-quan-ly-chuoi-cung-ung,D01,Điểm thi THPT,2025,15.0,Logistics và Quản lý chuỗi cung ứng
7172,DBD,logistics-va-quan-ly-chuoi-cung-ung,D66,Điểm thi THPT,2025,15.0,Logistics và Quản lý chuỗi cung ứng
7173,DBD,luat,A01,Điểm học bạ,2024,15.0,Luật
7174,DBD,luat,A09,Điểm học bạ,2024,15.0,Luật
7175,DBD,luat,C00,Điểm học bạ,2024,15.0,Luật
7176,DBD,luat,D01,Điểm học bạ,2024,15.0,Luật
7177,DBD,luat,A01,Điểm thi THPT,2024,15.0,Luật
7178,DBD,luat,A09,Điểm thi THPT,2024,15.0,Luật
7179,DBD,luat,C00,Điểm thi THPT,2024,15.0,Luật
7180,DBD,luat,D01,Điểm thi THPT,2024,15.0,Luật
7181,DBD,luat,A00,Điểm học bạ,2025,16.0,Luật
7182,DBD,luat,C00,Điểm học bạ,2025,16.0,Luật
7183,DBD,luat,C03,Điểm học bạ,2025,16.0,Luật
7184,DBD,luat,C04,Điểm học bạ,2025,16.0,Luật
7185,DBD,luat,C14,Điểm học bạ,2025,16.0,Luật
7186,DBD,luat,D01,Điểm học bạ,2025,16.0,Luật
7187,DBD,luat,A00,Điểm thi THPT,2025,15.0,Luật
7188,DBD,luat,C00,Điểm thi THPT,2025,15.0,Luật
7189,DBD,luat,C03,Điểm thi THPT,2025,15.0,Luật
7190,DBD,luat,C04,Điểm thi THPT,2025,15.0,Luật
7191,DBD,luat,C14,Điểm thi THPT,2025,15.0,Luật
7192,DBD,luat,D01,Điểm thi THPT,2025,15.0,Luật
7193,DBD,luat-kinh-te,A01,Điểm học bạ,2022,15.0,Luật kinh tế
7194,DBD,luat-kinh-te,A09,Điểm học bạ,2022,15.0,Luật kinh tế
7195,DBD,luat-kinh-te,C00,Điểm học bạ,2022,15.0,Luật kinh tế
7196,DBD,luat-kinh-te,D01,Điểm học bạ,2022,15.0,Luật kinh tế
7197,DBD,luat-kinh-te,A01,Điểm thi THPT,2022,15.0,Luật kinh tế
7198,DBD,luat-kinh-te,A09,Điểm thi THPT,2022,15.0,Luật kinh tế
7199,DBD,luat-kinh-te,C00,Điểm thi THPT,2022,15.0,Luật kinh tế
7200,DBD,luat-kinh-te,D01,Điểm thi THPT,2022,15.0,Luật kinh tế
7201,DBD,luat-kinh-te,A01,Điểm học bạ,2023,15.0,Luật kinh tế
7202,DBD,luat-kinh-te,A09,Điểm học bạ,2023,15.0,Luật kinh tế
7203,DBD,luat-kinh-te,C00,Điểm học bạ,2023,15.0,Luật kinh tế
7204,DBD,luat-kinh-te,D01,Điểm học bạ,2023,15.0,Luật kinh tế
7205,DBD,luat-kinh-te,A01,Điểm thi THPT,2023,15.0,Luật kinh tế
7206,DBD,luat-kinh-te,A09,Điểm thi THPT,2023,15.0,Luật kinh tế
7207,DBD,luat-kinh-te,C00,Điểm thi THPT,2023,15.0,Luật kinh tế
7208,DBD,luat-kinh-te,D01,Điểm thi THPT,2023,15.0,Luật kinh tế
7209,DBD,luat-kinh-te,A01,Điểm học bạ,2024,15.0,Luật kinh tế
7210,DBD,luat-kinh-te,A09,Điểm học bạ,2024,15.0,Luật kinh tế
7211,DBD,luat-kinh-te,C00,Điểm học bạ,2024,15.0,Luật kinh tế
7212,DBD,luat-kinh-te,D01,Điểm học bạ,2024,15.0,Luật kinh tế
7213,DBD,luat-kinh-te,A01,Điểm thi THPT,2024,15.0,Luật kinh tế
7214,DBD,luat-kinh-te,A09,Điểm thi THPT,2024,15.0,Luật kinh tế
7215,DBD,luat-kinh-te,C00,Điểm thi THPT,2024,15.0,Luật kinh tế
7216,DBD,luat-kinh-te,D01,Điểm thi THPT,2024,15.0,Luật kinh tế
7217,DBD,luat-kinh-te,A00,Điểm học bạ,2025,16.0,Luật kinh tế
7218,DBD,luat-kinh-te,C00,Điểm học bạ,2025,16.0,Luật kinh tế
7219,DBD,luat-kinh-te,C03,Điểm học bạ,2025,16.0,Luật kinh tế
7220,DBD,luat-kinh-te,C04,Điểm học bạ,2025,16.0,Luật kinh tế
7221,DBD,luat-kinh-te,C14,Điểm học bạ,2025,16.0,Luật kinh tế
7222,DBD,luat-kinh-te,D01,Điểm học bạ,2025,16.0,Luật kinh tế
7223,DBD,luat-kinh-te,A00,Điểm thi THPT,2025,15.0,Luật kinh tế
7224,DBD,luat-kinh-te,C00,Điểm thi THPT,2025,15.0,Luật kinh tế
7225,DBD,luat-kinh-te,C03,Điểm thi THPT,2025,15.0,Luật kinh tế
7226,DBD,luat-kinh-te,C04,Điểm thi THPT,2025,15.0,Luật kinh tế
7227,DBD,luat-kinh-te,C14,Điểm thi THPT,2025,15.0,Luật kinh tế
7228,DBD,luat-kinh-te,D01,Điểm thi THPT,2025,15.0,Luật kinh tế
7229,DBD,ngon-ngu-anh,A01,Điểm học bạ,2022,15.0,Ngôn ngữ Anh
7230,DBD,ngon-ngu-anh,D01,Điểm học bạ,2022,15.0,Ngôn ngữ Anh
7231,DBD,ngon-ngu-anh,D10,Điểm học bạ,2022,15.0,Ngôn ngữ Anh
7232,DBD,ngon-ngu-anh,D66,Điểm học bạ,2022,15.0,Ngôn ngữ Anh
7233,DBD,ngon-ngu-anh,A01,Điểm thi THPT,2022,15.0,Ngôn ngữ Anh
7234,DBD,ngon-ngu-anh,D01,Điểm thi THPT,2022,15.0,Ngôn ngữ Anh
7235,DBD,ngon-ngu-anh,D10,Điểm thi THPT,2022,15.0,Ngôn ngữ Anh
7236,DBD,ngon-ngu-anh,D66,Điểm thi THPT,2022,15.0,Ngôn ngữ Anh
7237,DBD,ngon-ngu-anh,A01,Điểm học bạ,2023,15.0,Ngôn ngữ Anh
7238,DBD,ngon-ngu-anh,D01,Điểm học bạ,2023,15.0,Ngôn ngữ Anh
7239,DBD,ngon-ngu-anh,D10,Điểm học bạ,2023,15.0,Ngôn ngữ Anh
7240,DBD,ngon-ngu-anh,D66,Điểm học bạ,2023,15.0,Ngôn ngữ Anh
7241,DBD,ngon-ngu-anh,A01,Điểm thi THPT,2023,15.0,Ngôn ngữ Anh
7242,DBD,ngon-ngu-anh,D01,Điểm thi THPT,2023,15.0,Ngôn ngữ Anh
7243,DBD,ngon-ngu-anh,D10,Điểm thi THPT,2023,15.0,Ngôn ngữ Anh
7244,DBD,ngon-ngu-anh,D66,Điểm thi THPT,2023,15.0,Ngôn ngữ Anh
7245,DBD,ngon-ngu-anh,A01,Điểm học bạ,2024,15.0,Ngôn ngữ Anh
7246,DBD,ngon-ngu-anh,D01,Điểm học bạ,2024,15.0,Ngôn ngữ Anh
7247,DBD,ngon-ngu-anh,D10,Điểm học bạ,2024,15.0,Ngôn ngữ Anh
7248,DBD,ngon-ngu-anh,D66,Điểm học bạ,2024,15.0,Ngôn ngữ Anh
7249,DBD,ngon-ngu-anh,A01,Điểm thi THPT,2024,15.0,Ngôn ngữ Anh
7250,DBD,ngon-ngu-anh,D01,Điểm thi THPT,2024,15.0,Ngôn ngữ Anh
7251,DBD,ngon-ngu-anh,D10,Điểm thi THPT,2024,15.0,Ngôn ngữ Anh
7252,DBD,ngon-ngu-anh,D66,Điểm thi THPT,2024,15.0,Ngôn ngữ Anh
7253,DBD,ngon-ngu-anh,A01,Điểm học bạ,2025,16.0,Ngôn ngữ Anh
7254,DBD,ngon-ngu-anh,D01,Điểm học bạ,2025,16.0,Ngôn ngữ Anh
7255,DBD,ngon-ngu-anh,D07,Điểm học bạ,2025,16.0,Ngôn ngữ Anh
7256,DBD,ngon-ngu-anh,D14,Điểm học bạ,2025,16.0,Ngôn ngữ Anh
7257,DBD,ngon-ngu-anh,D15,Điểm học bạ,2025,16.0,Ngôn ngữ Anh
7258,DBD,ngon-ngu-anh,D66,Điểm học bạ,2025,16.0,Ngôn ngữ Anh
7259,DBD,ngon-ngu-anh,A01,Điểm thi THPT,2025,15.0,Ngôn ngữ Anh
7260,DBD,ngon-ngu-anh,D01,Điểm thi THPT,2025,15.0,Ngôn ngữ Anh
7261,DBD,ngon-ngu-anh,D07,Điểm thi THPT,2025,15.0,Ngôn ngữ Anh
7262,DBD,ngon-ngu-anh,D14,Điểm thi THPT,2025,15.0,Ngôn ngữ Anh
7263,DBD,ngon-ngu-anh,D15,Điểm thi THPT,2025,15.0,Ngôn ngữ Anh
7264,DBD,ngon-ngu-anh,D66,Điểm thi THPT,2025,15.0,Ngôn ngữ Anh
7265,DBD,nhat-ban-hoc,A01,Điểm học bạ,2022,15.0,Nhật Bản học
7266,DBD,nhat-ban-hoc,A09,Điểm học bạ,2022,15.0,Nhật Bản học
7267,DBD,nhat-ban-hoc,C00,Điểm học bạ,2022,15.0,Nhật Bản học
7268,DBD,nhat-ban-hoc,D15,Điểm học bạ,2022,15.0,Nhật Bản học
7269,DBD,nhat-ban-hoc,A01,Điểm thi THPT,2022,15.0,Nhật Bản học
7270,DBD,nhat-ban-hoc,A09,Điểm thi THPT,2022,15.0,Nhật Bản học
7271,DBD,nhat-ban-hoc,C00,Điểm thi THPT,2022,15.0,Nhật Bản học
7272,DBD,nhat-ban-hoc,D15,Điểm thi THPT,2022,15.0,Nhật Bản học
7273,DBD,nhat-ban-hoc,A01,Điểm học bạ,2023,15.0,Nhật Bản học
7274,DBD,nhat-ban-hoc,A09,Điểm học bạ,2023,15.0,Nhật Bản học
7275,DBD,nhat-ban-hoc,C00,Điểm học bạ,2023,15.0,Nhật Bản học
7276,DBD,nhat-ban-hoc,D15,Điểm học bạ,2023,15.0,Nhật Bản học
7277,DBD,nhat-ban-hoc,A01,Điểm thi THPT,2023,15.0,Nhật Bản học
7278,DBD,nhat-ban-hoc,A09,Điểm thi THPT,2023,15.0,Nhật Bản học
7279,DBD,nhat-ban-hoc,C00,Điểm thi THPT,2023,15.0,Nhật Bản học
7280,DBD,nhat-ban-hoc,D15,Điểm thi THPT,2023,15.0,Nhật Bản học
7281,DBD,nhat-ban-hoc,A01,Điểm học bạ,2024,15.0,Nhật Bản học
7282,DBD,nhat-ban-hoc,A09,Điểm học bạ,2024,15.0,Nhật Bản học
7283,DBD,nhat-ban-hoc,C00,Điểm học bạ,2024,15.0,Nhật Bản học
7284,DBD,nhat-ban-hoc,D15,Điểm học bạ,2024,15.0,Nhật Bản học
7285,DBD,nhat-ban-hoc,A01,Điểm thi THPT,2024,15.0,Nhật Bản học
7286,DBD,nhat-ban-hoc,A09,Điểm thi THPT,2024,15.0,Nhật Bản học
7287,DBD,nhat-ban-hoc,C00,Điểm thi THPT,2024,15.0,Nhật Bản học
7288,DBD,nhat-ban-hoc,D15,Điểm thi THPT,2024,15.0,Nhật Bản học
7289,DBD,nhat-ban-hoc,A01,Điểm học bạ,2025,16.0,Nhật Bản học
7290,DBD,nhat-ban-hoc,C00,Điểm học bạ,2025,16.0,Nhật Bản học
7291,DBD,nhat-ban-hoc,D01,Điểm học bạ,2025,16.0,Nhật Bản học
7292,DBD,nhat-ban-hoc,D14,Điểm học bạ,2025,16.0,Nhật Bản học
7293,DBD,nhat-ban-hoc,D15,Điểm học bạ,2025,16.0,Nhật Bản học
7294,DBD,nhat-ban-hoc,D66,Điểm học bạ,2025,16.0,Nhật Bản học
7295,DBD,nhat-ban-hoc,A01,Điểm thi THPT,2025,15.0,Nhật Bản học
7296,DBD,nhat-ban-hoc,C00,Điểm thi THPT,2025,15.0,Nhật Bản học
7297,DBD,nhat-ban-hoc,D01,Điểm thi THPT,2025,15.0,Nhật Bản học
7298,DBD,nhat-ban-hoc,D14,Điểm thi THPT,2025,15.0,Nhật Bản học
7299,DBD,nhat-ban-hoc,D15,Điểm thi THPT,2025,15.0,Nhật Bản học
7300,DBD,nhat-ban-hoc,D66,Điểm thi THPT,2025,15.0,Nhật Bản học
7301,DBD,quan-tri-doanh-nghiep-quan-tri-logistics-bat-dong-san-digital-marketing,A01,Điểm học bạ,2023,15.0,Quản trị kinh doanh Chuyên ngành - Quản trị doanh nghiệp - Quản trị Logistics - Bất động sản - Digital Marketing
7302,DBD,quan-tri-doanh-nghiep-quan-tri-logistics-bat-dong-san-digital-marketing,A09,Điểm học bạ,2023,15.0,Quản trị kinh doanh Chuyên ngành - Quản trị doanh nghiệp - Quản trị Logistics - Bất động sản - Digital Marketing
7303,DBD,quan-tri-doanh-nghiep-quan-tri-logistics-bat-dong-san-digital-marketing,C00,Điểm học bạ,2023,15.0,Quản trị kinh doanh Chuyên ngành - Quản trị doanh nghiệp - Quản trị Logistics - Bất động sản - Digital Marketing
7304,DBD,quan-tri-doanh-nghiep-quan-tri-logistics-bat-dong-san-digital-marketing,D01,Điểm học bạ,2023,15.0,Quản trị kinh doanh Chuyên ngành - Quản trị doanh nghiệp - Quản trị Logistics - Bất động sản - Digital Marketing
7305,DBD,quan-tri-doanh-nghiep-quan-tri-logistics-bat-dong-san-digital-marketing,A01,Điểm thi THPT,2023,15.0,Quản trị kinh doanh Chuyên ngành - Quản trị doanh nghiệp - Quản trị Logistics - Bất động sản - Digital Marketing
7306,DBD,quan-tri-doanh-nghiep-quan-tri-logistics-bat-dong-san-digital-marketing,A09,Điểm thi THPT,2023,15.0,Quản trị kinh doanh Chuyên ngành - Quản trị doanh nghiệp - Quản trị Logistics - Bất động sản - Digital Marketing
7307,DBD,quan-tri-doanh-nghiep-quan-tri-logistics-bat-dong-san-digital-marketing,C00,Điểm thi THPT,2023,15.0,Quản trị kinh doanh Chuyên ngành - Quản trị doanh nghiệp - Quản trị Logistics - Bất động sản - Digital Marketing
7308,DBD,quan-tri-doanh-nghiep-quan-tri-logistics-bat-dong-san-digital-marketing,D01,Điểm thi THPT,2023,15.0,Quản trị kinh doanh Chuyên ngành - Quản trị doanh nghiệp - Quản trị Logistics - Bất động sản - Digital Marketing
7309,DBD,quan-tri-doanh-nghiep-quan-tri-logistics-digital-marketing,A01,Điểm học bạ,2024,15.0,Quản trị kinh doanh Chuyên ngành - Quản trị doanh nghiệp - Quản trị Logistics - Digital Marketing
7310,DBD,quan-tri-doanh-nghiep-quan-tri-logistics-digital-marketing,A09,Điểm học bạ,2024,15.0,Quản trị kinh doanh Chuyên ngành - Quản trị doanh nghiệp - Quản trị Logistics - Digital Marketing
7311,DBD,quan-tri-doanh-nghiep-quan-tri-logistics-digital-marketing,C00,Điểm học bạ,2024,15.0,Quản trị kinh doanh Chuyên ngành - Quản trị doanh nghiệp - Quản trị Logistics - Digital Marketing
7312,DBD,quan-tri-doanh-nghiep-quan-tri-logistics-digital-marketing,D01,Điểm học bạ,2024,15.0,Quản trị kinh doanh Chuyên ngành - Quản trị doanh nghiệp - Quản trị Logistics - Digital Marketing
7313,DBD,quan-tri-doanh-nghiep-quan-tri-logistics-digital-marketing,A01,Điểm thi THPT,2024,15.0,Quản trị kinh doanh Chuyên ngành - Quản trị doanh nghiệp - Quản trị Logistics - Digital Marketing
7314,DBD,quan-tri-doanh-nghiep-quan-tri-logistics-digital-marketing,A09,Điểm thi THPT,2024,15.0,Quản trị kinh doanh Chuyên ngành - Quản trị doanh nghiệp - Quản trị Logistics - Digital Marketing
7315,DBD,quan-tri-doanh-nghiep-quan-tri-logistics-digital-marketing,C00,Điểm thi THPT,2024,15.0,Quản trị kinh doanh Chuyên ngành - Quản trị doanh nghiệp - Quản trị Logistics - Digital Marketing
7316,DBD,quan-tri-doanh-nghiep-quan-tri-logistics-digital-marketing,D01,Điểm thi THPT,2024,15.0,Quản trị kinh doanh Chuyên ngành - Quản trị doanh nghiệp - Quản trị Logistics - Digital Marketing
7317,DBD,quan-tri-kinh-doanh,A01,Điểm học bạ,2022,15.0,Quản trị kinh doanh
7318,DBD,quan-tri-kinh-doanh,A09,Điểm học bạ,2022,15.0,Quản trị kinh doanh
7319,DBD,quan-tri-kinh-doanh,C00,Điểm học bạ,2022,15.0,Quản trị kinh doanh
7320,DBD,quan-tri-kinh-doanh,D01,Điểm học bạ,2022,15.0,Quản trị kinh doanh
7321,DBD,quan-tri-kinh-doanh,A01,Điểm thi THPT,2022,15.0,Quản trị kinh doanh
7322,DBD,quan-tri-kinh-doanh,A09,Điểm thi THPT,2022,15.0,Quản trị kinh doanh
7323,DBD,quan-tri-kinh-doanh,C00,Điểm thi THPT,2022,15.0,Quản trị kinh doanh
7324,DBD,quan-tri-kinh-doanh,D01,Điểm thi THPT,2022,15.0,Quản trị kinh doanh
7325,DBD,quan-tri-kinh-doanh,A00,Điểm học bạ,2025,16.0,Quản trị kinh doanh
7326,DBD,quan-tri-kinh-doanh,C01,Điểm học bạ,2025,16.0,Quản trị kinh doanh
7327,DBD,quan-tri-kinh-doanh,C03,Điểm học bạ,2025,16.0,Quản trị kinh doanh
7328,DBD,quan-tri-kinh-doanh,C04,Điểm học bạ,2025,16.0,Quản trị kinh doanh
7329,DBD,quan-tri-kinh-doanh,C14,Điểm học bạ,2025,16.0,Quản trị kinh doanh
7330,DBD,quan-tri-kinh-doanh,D01,Điểm học bạ,2025,16.0,Quản trị kinh doanh
7331,DBD,quan-tri-kinh-doanh,A00,Điểm thi THPT,2025,15.0,Quản trị kinh doanh
7332,DBD,quan-tri-kinh-doanh,C01,Điểm thi THPT,2025,15.0,Quản trị kinh doanh
7333,DBD,quan-tri-kinh-doanh,C03,Điểm thi THPT,2025,15.0,Quản trị kinh doanh
7334,DBD,quan-tri-kinh-doanh,C04,Điểm thi THPT,2025,15.0,Quản trị kinh doanh
7335,DBD,quan-tri-kinh-doanh,C14,Điểm thi THPT,2025,15.0,Quản trị kinh doanh
7336,DBD,quan-tri-kinh-doanh,D01,Điểm thi THPT,2025,15.0,Quản trị kinh doanh
7337,DBD,robot-va-tri-tue-nhan-tao-ky-thuat-phan-mem-he-thong-thong-tin-mang-may-tinh-an-toan-thong-tin,A00,Điểm học bạ,2023,15.0,Công nghệ thông tin Chuyên ngành - Robot và Trí tuệ nhân tạo -Kỹ thuật phần mềm - Hệ thống thông tin - Mạng máy tính & An toàn thông tin
7338,DBD,robot-va-tri-tue-nhan-tao-ky-thuat-phan-mem-he-thong-thong-tin-mang-may-tinh-an-toan-thong-tin,A09,Điểm học bạ,2023,15.0,Công nghệ thông tin Chuyên ngành - Robot và Trí tuệ nhân tạo -Kỹ thuật phần mềm - Hệ thống thông tin - Mạng máy tính & An toàn thông tin
7339,DBD,robot-va-tri-tue-nhan-tao-ky-thuat-phan-mem-he-thong-thong-tin-mang-may-tinh-an-toan-thong-tin,D01,Điểm học bạ,2023,15.0,Công nghệ thông tin Chuyên ngành - Robot và Trí tuệ nhân tạo -Kỹ thuật phần mềm - Hệ thống thông tin - Mạng máy tính & An toàn thông tin
7340,DBD,robot-va-tri-tue-nhan-tao-ky-thuat-phan-mem-he-thong-thong-tin-mang-may-tinh-an-toan-thong-tin,K01,Điểm học bạ,2023,15.0,Công nghệ thông tin Chuyên ngành - Robot và Trí tuệ nhân tạo -Kỹ thuật phần mềm - Hệ thống thông tin - Mạng máy tính & An toàn thông tin
7341,DBD,robot-va-tri-tue-nhan-tao-ky-thuat-phan-mem-he-thong-thong-tin-mang-may-tinh-an-toan-thong-tin,A00,Điểm thi THPT,2023,15.0,Công nghệ thông tin Chuyên ngành - Robot và Trí tuệ nhân tạo -Kỹ thuật phần mềm - Hệ thống thông tin - Mạng máy tính & An toàn thông tin
7342,DBD,robot-va-tri-tue-nhan-tao-ky-thuat-phan-mem-he-thong-thong-tin-mang-may-tinh-an-toan-thong-tin,A09,Điểm thi THPT,2023,15.0,Công nghệ thông tin Chuyên ngành - Robot và Trí tuệ nhân tạo -Kỹ thuật phần mềm - Hệ thống thông tin - Mạng máy tính & An toàn thông tin
7343,DBD,robot-va-tri-tue-nhan-tao-ky-thuat-phan-mem-he-thong-thong-tin-mang-may-tinh-an-toan-thong-tin,D01,Điểm thi THPT,2023,15.0,Công nghệ thông tin Chuyên ngành - Robot và Trí tuệ nhân tạo -Kỹ thuật phần mềm - Hệ thống thông tin - Mạng máy tính & An toàn thông tin
7344,DBD,robot-va-tri-tue-nhan-tao-ky-thuat-phan-mem-he-thong-thong-tin-mang-may-tinh-an-toan-thong-tin,K01,Điểm thi THPT,2023,15.0,Công nghệ thông tin Chuyên ngành - Robot và Trí tuệ nhân tạo -Kỹ thuật phần mềm - Hệ thống thông tin - Mạng máy tính & An toàn thông tin
7345,DBD,robot-va-tri-tue-nhan-tao-ky-thuat-phan-mem-he-thong-thong-tin-mang-may-tinh-an-toan-thong-tin,A00,Điểm học bạ,2024,15.0,Công nghệ thông tin Chuyên ngành - Robot và Trí tuệ nhân tạo -Kỹ thuật phần mềm - Hệ thống thông tin - Mạng máy tính & An toàn thông tin
7346,DBD,robot-va-tri-tue-nhan-tao-ky-thuat-phan-mem-he-thong-thong-tin-mang-may-tinh-an-toan-thong-tin,A09,Điểm học bạ,2024,15.0,Công nghệ thông tin Chuyên ngành - Robot và Trí tuệ nhân tạo -Kỹ thuật phần mềm - Hệ thống thông tin - Mạng máy tính & An toàn thông tin
7347,DBD,robot-va-tri-tue-nhan-tao-ky-thuat-phan-mem-he-thong-thong-tin-mang-may-tinh-an-toan-thong-tin,D01,Điểm học bạ,2024,15.0,Công nghệ thông tin Chuyên ngành - Robot và Trí tuệ nhân tạo -Kỹ thuật phần mềm - Hệ thống thông tin - Mạng máy tính & An toàn thông tin
7348,DBD,robot-va-tri-tue-nhan-tao-ky-thuat-phan-mem-he-thong-thong-tin-mang-may-tinh-an-toan-thong-tin,K01,Điểm học bạ,2024,15.0,Công nghệ thông tin Chuyên ngành - Robot và Trí tuệ nhân tạo -Kỹ thuật phần mềm - Hệ thống thông tin - Mạng máy tính & An toàn thông tin
7349,DBD,robot-va-tri-tue-nhan-tao-ky-thuat-phan-mem-he-thong-thong-tin-mang-may-tinh-an-toan-thong-tin,A00,Điểm thi THPT,2024,15.0,Công nghệ thông tin Chuyên ngành - Robot và Trí tuệ nhân tạo -Kỹ thuật phần mềm - Hệ thống thông tin - Mạng máy tính & An toàn thông tin
7350,DBD,robot-va-tri-tue-nhan-tao-ky-thuat-phan-mem-he-thong-thong-tin-mang-may-tinh-an-toan-thong-tin,A09,Điểm thi THPT,2024,15.0,Công nghệ thông tin Chuyên ngành - Robot và Trí tuệ nhân tạo -Kỹ thuật phần mềm - Hệ thống thông tin - Mạng máy tính & An toàn thông tin
7351,DBD,robot-va-tri-tue-nhan-tao-ky-thuat-phan-mem-he-thong-thong-tin-mang-may-tinh-an-toan-thong-tin,D01,Điểm thi THPT,2024,15.0,Công nghệ thông tin Chuyên ngành - Robot và Trí tuệ nhân tạo -Kỹ thuật phần mềm - Hệ thống thông tin - Mạng máy tính & An toàn thông tin
7352,DBD,robot-va-tri-tue-nhan-tao-ky-thuat-phan-mem-he-thong-thong-tin-mang-may-tinh-an-toan-thong-tin,K01,Điểm thi THPT,2024,15.0,Công nghệ thông tin Chuyên ngành - Robot và Trí tuệ nhân tạo -Kỹ thuật phần mềm - Hệ thống thông tin - Mạng máy tính & An toàn thông tin
7353,DBD,tai-chinh-ngan-hang,A01,Điểm học bạ,2022,15.0,Tài chính - Ngân hàng
7354,DBD,tai-chinh-ngan-hang,A09,Điểm học bạ,2022,15.0,Tài chính - Ngân hàng
7355,DBD,tai-chinh-ngan-hang,C00,Điểm học bạ,2022,15.0,Tài chính - Ngân hàng
7356,DBD,tai-chinh-ngan-hang,D01,Điểm học bạ,2022,15.0,Tài chính - Ngân hàng
7357,DBD,tai-chinh-ngan-hang,A01,Điểm thi THPT,2022,15.0,Tài chính - Ngân hàng
7358,DBD,tai-chinh-ngan-hang,A09,Điểm thi THPT,2022,15.0,Tài chính - Ngân hàng
7359,DBD,tai-chinh-ngan-hang,C00,Điểm thi THPT,2022,15.0,Tài chính - Ngân hàng
7360,DBD,tai-chinh-ngan-hang,D01,Điểm thi THPT,2022,15.0,Tài chính - Ngân hàng
7361,DBD,tai-chinh-ngan-hang,A01,Điểm học bạ,2023,15.0,Tài chính – Ngân hàng
7362,DBD,tai-chinh-ngan-hang,A09,Điểm học bạ,2023,15.0,Tài chính – Ngân hàng
7363,DBD,tai-chinh-ngan-hang,C00,Điểm học bạ,2023,15.0,Tài chính – Ngân hàng
7364,DBD,tai-chinh-ngan-hang,D01,Điểm học bạ,2023,15.0,Tài chính – Ngân hàng
7365,DBD,tai-chinh-ngan-hang,A01,Điểm thi THPT,2023,15.0,Tài chính – Ngân hàng
7366,DBD,tai-chinh-ngan-hang,A09,Điểm thi THPT,2023,15.0,Tài chính – Ngân hàng
7367,DBD,tai-chinh-ngan-hang,C00,Điểm thi THPT,2023,15.0,Tài chính – Ngân hàng
7368,DBD,tai-chinh-ngan-hang,D01,Điểm thi THPT,2023,15.0,Tài chính – Ngân hàng
7369,DBD,tai-chinh-ngan-hang,A01,Điểm học bạ,2024,15.0,Tài chính - Ngân hàng
7370,DBD,tai-chinh-ngan-hang,A09,Điểm học bạ,2024,15.0,Tài chính - Ngân hàng
7371,DBD,tai-chinh-ngan-hang,C00,Điểm học bạ,2024,15.0,Tài chính - Ngân hàng
7372,DBD,tai-chinh-ngan-hang,D01,Điểm học bạ,2024,15.0,Tài chính - Ngân hàng
7373,DBD,tai-chinh-ngan-hang,A01,Điểm thi THPT,2024,15.0,Tài chính - Ngân hàng
7374,DBD,tai-chinh-ngan-hang,A09,Điểm thi THPT,2024,15.0,Tài chính - Ngân hàng
7375,DBD,tai-chinh-ngan-hang,C00,Điểm thi THPT,2024,15.0,Tài chính - Ngân hàng
7376,DBD,tai-chinh-ngan-hang,D01,Điểm thi THPT,2024,15.0,Tài chính - Ngân hàng
7377,DBD,tai-chinh-ngan-hang,A00,Điểm học bạ,2025,16.0,Tài chính - Ngân hàng
7378,DBD,tai-chinh-ngan-hang,C01,Điểm học bạ,2025,16.0,Tài chính - Ngân hàng
7379,DBD,tai-chinh-ngan-hang,C03,Điểm học bạ,2025,16.0,Tài chính - Ngân hàng
7380,DBD,tai-chinh-ngan-hang,C04,Điểm học bạ,2025,16.0,Tài chính - Ngân hàng
7381,DBD,tai-chinh-ngan-hang,C14,Điểm học bạ,2025,16.0,Tài chính - Ngân hàng
7382,DBD,tai-chinh-ngan-hang,D01,Điểm học bạ,2025,16.0,Tài chính - Ngân hàng
7383,DBD,tai-chinh-ngan-hang,A00,Điểm thi THPT,2025,15.0,Tài chính - Ngân hàng
7384,DBD,tai-chinh-ngan-hang,C01,Điểm thi THPT,2025,15.0,Tài chính - Ngân hàng
7385,DBD,tai-chinh-ngan-hang,C03,Điểm thi THPT,2025,15.0,Tài chính - Ngân hàng
7386,DBD,tai-chinh-ngan-hang,C04,Điểm thi THPT,2025,15.0,Tài chính - Ngân hàng
7387,DBD,tai-chinh-ngan-hang,C14,Điểm thi THPT,2025,15.0,Tài chính - Ngân hàng
7388,DBD,tai-chinh-ngan-hang,D01,Điểm thi THPT,2025,15.0,Tài chính - Ngân hàng
7389,DBD,truyen-thong-da-phuong-tien-quan-he-cong-chung,A01,Điểm học bạ,2023,15.0,Xã hội học Chuyên ngành - Truyền thông đa phương tiện - Quan hệ công chúng
7390,DBD,truyen-thong-da-phuong-tien-quan-he-cong-chung,A09,Điểm học bạ,2023,15.0,Xã hội học Chuyên ngành - Truyền thông đa phương tiện - Quan hệ công chúng
7391,DBD,truyen-thong-da-phuong-tien-quan-he-cong-chung,C00,Điểm học bạ,2023,15.0,Xã hội học Chuyên ngành - Truyền thông đa phương tiện - Quan hệ công chúng
7392,DBD,truyen-thong-da-phuong-tien-quan-he-cong-chung,D01,Điểm học bạ,2023,15.0,Xã hội học Chuyên ngành - Truyền thông đa phương tiện - Quan hệ công chúng
7393,DBD,truyen-thong-da-phuong-tien-quan-he-cong-chung,A01,Điểm thi THPT,2023,15.0,Xã hội học Chuyên ngành - Truyền thông đa phương tiện - Quan hệ công chúng
7394,DBD,truyen-thong-da-phuong-tien-quan-he-cong-chung,A09,Điểm thi THPT,2023,15.0,Xã hội học Chuyên ngành - Truyền thông đa phương tiện - Quan hệ công chúng
7395,DBD,truyen-thong-da-phuong-tien-quan-he-cong-chung,C00,Điểm thi THPT,2023,15.0,Xã hội học Chuyên ngành - Truyền thông đa phương tiện - Quan hệ công chúng
7396,DBD,truyen-thong-da-phuong-tien-quan-he-cong-chung,D01,Điểm thi THPT,2023,15.0,Xã hội học Chuyên ngành - Truyền thông đa phương tiện - Quan hệ công chúng
7397,DBD,viet-nam-hoc,A01,Điểm học bạ,2022,15.0,Việt Nam học
7398,DBD,viet-nam-hoc,A09,Điểm học bạ,2022,15.0,Việt Nam học
7399,DBD,viet-nam-hoc,C00,Điểm học bạ,2022,15.0,Việt Nam học
7400,DBD,viet-nam-hoc,D01,Điểm học bạ,2022,15.0,Việt Nam học
7401,DBD,viet-nam-hoc,A01,Điểm thi THPT,2022,15.0,Việt Nam học
7402,DBD,viet-nam-hoc,A09,Điểm thi THPT,2022,15.0,Việt Nam học
7403,DBD,viet-nam-hoc,C00,Điểm thi THPT,2022,15.0,Việt Nam học
7404,DBD,viet-nam-hoc,D01,Điểm thi THPT,2022,15.0,Việt Nam học
7405,DBD,xa-hoi-hoc,A00,Điểm học bạ,2025,16.0,Xã hội học
7406,DBD,xa-hoi-hoc,C01,Điểm học bạ,2025,16.0,Xã hội học
7407,DBD,xa-hoi-hoc,C03,Điểm học bạ,2025,16.0,Xã hội học
7408,DBD,xa-hoi-hoc,C04,Điểm học bạ,2025,16.0,Xã hội học
7409,DBD,xa-hoi-hoc,C14,Điểm học bạ,2025,16.0,Xã hội học
7410,DBD,xa-hoi-hoc,D01,Điểm học bạ,2025,16.0,Xã hội học
7411,DBD,xa-hoi-hoc,A00,Điểm thi THPT,2025,15.0,Xã hội học
7412,DBD,xa-hoi-hoc,C01,Điểm thi THPT,2025,15.0,Xã hội học
7413,DBD,xa-hoi-hoc,C03,Điểm thi THPT,2025,15.0,Xã hội học
7414,DBD,xa-hoi-hoc,C04,Điểm thi THPT,2025,15.0,Xã hội học
7415,DBD,xa-hoi-hoc,C14,Điểm thi THPT,2025,15.0,Xã hội học
7416,DBD,xa-hoi-hoc,D01,Điểm thi THPT,2025,15.0,Xã hội học
7417,DBD,xa-hoi-hoc-truyen-thong-da-phuong-tien-quan-he-cong-chung,A01,Điểm học bạ,2024,15.0,Xã hội học - Truyền thông đa phương tiện - Quan hệ công chúng
7418,DBD,xa-hoi-hoc-truyen-thong-da-phuong-tien-quan-he-cong-chung,A09,Điểm học bạ,2024,15.0,Xã hội học - Truyền thông đa phương tiện - Quan hệ công chúng
7419,DBD,xa-hoi-hoc-truyen-thong-da-phuong-tien-quan-he-cong-chung,C00,Điểm học bạ,2024,15.0,Xã hội học - Truyền thông đa phương tiện - Quan hệ công chúng
7420,DBD,xa-hoi-hoc-truyen-thong-da-phuong-tien-quan-he-cong-chung,D01,Điểm học bạ,2024,15.0,Xã hội học - Truyền thông đa phương tiện - Quan hệ công chúng
7421,DBD,xa-hoi-hoc-truyen-thong-da-phuong-tien-quan-he-cong-chung,A01,Điểm thi THPT,2024,15.0,Xã hội học - Truyền thông đa phương tiện - Quan hệ công chúng
7422,DBD,xa-hoi-hoc-truyen-thong-da-phuong-tien-quan-he-cong-chung,A09,Điểm thi THPT,2024,15.0,Xã hội học - Truyền thông đa phương tiện - Quan hệ công chúng
7423,DBD,xa-hoi-hoc-truyen-thong-da-phuong-tien-quan-he-cong-chung,C00,Điểm thi THPT,2024,15.0,Xã hội học - Truyền thông đa phương tiện - Quan hệ công chúng
7424,DBD,xa-hoi-hoc-truyen-thong-da-phuong-tien-quan-he-cong-chung,D01,Điểm thi THPT,2024,15.0,Xã hội học - Truyền thông đa phương tiện - Quan hệ công chúng
7425,DBG,bao-ve-thuc-vat,A00,Điểm thi THPT,2021,15.0,Bảo vệ thực vật
7426,DBG,bao-ve-thuc-vat,A01,Điểm thi THPT,2021,15.0,Bảo vệ thực vật
7427,DBG,bao-ve-thuc-vat,B00,Điểm thi THPT,2021,15.0,Bảo vệ thực vật
7428,DBG,bao-ve-thuc-vat,D01,Điểm thi THPT,2021,15.0,Bảo vệ thực vật
7429,DBG,bao-ve-thuc-vat,A00,Điểm học bạ,2022,23.0,Bảo vệ thực vật
7430,DBG,bao-ve-thuc-vat,A01,Điểm học bạ,2022,23.0,Bảo vệ thực vật
7431,DBG,bao-ve-thuc-vat,B00,Điểm học bạ,2022,23.0,Bảo vệ thực vật
7432,DBG,bao-ve-thuc-vat,D01,Điểm học bạ,2022,23.0,Bảo vệ thực vật
7433,DBG,bao-ve-thuc-vat,A00,Điểm thi THPT,2022,15.0,Bảo vệ thực vật
7434,DBG,bao-ve-thuc-vat,A01,Điểm thi THPT,2022,15.0,Bảo vệ thực vật
7435,DBG,bao-ve-thuc-vat,B00,Điểm thi THPT,2022,15.0,Bảo vệ thực vật
7436,DBG,bao-ve-thuc-vat,D01,Điểm thi THPT,2022,15.0,Bảo vệ thực vật
7437,DBG,bao-ve-thuc-vat,A00,Điểm học bạ,2023,23.0,Bảo vệ thực vật
7438,DBG,bao-ve-thuc-vat,A01,Điểm học bạ,2023,23.0,Bảo vệ thực vật
7439,DBG,bao-ve-thuc-vat,B00,Điểm học bạ,2023,23.0,Bảo vệ thực vật
7440,DBG,bao-ve-thuc-vat,D01,Điểm học bạ,2023,23.0,Bảo vệ thực vật
7441,DBG,bao-ve-thuc-vat,A00,Điểm thi THPT,2023,15.0,Bảo vệ thực vật
7442,DBG,bao-ve-thuc-vat,A01,Điểm thi THPT,2023,15.0,Bảo vệ thực vật
7443,DBG,bao-ve-thuc-vat,B00,Điểm thi THPT,2023,15.0,Bảo vệ thực vật
7444,DBG,bao-ve-thuc-vat,D01,Điểm thi THPT,2023,15.0,Bảo vệ thực vật
7445,DBG,bao-ve-thuc-vat,A00,Điểm học bạ,2024,6.0,Bảo vệ thực vật
7446,DBG,bao-ve-thuc-vat,A01,Điểm học bạ,2024,6.0,Bảo vệ thực vật
7447,DBG,bao-ve-thuc-vat,B00,Điểm học bạ,2024,6.0,Bảo vệ thực vật
7448,DBG,bao-ve-thuc-vat,D01,Điểm học bạ,2024,6.0,Bảo vệ thực vật
7449,DBG,bao-ve-thuc-vat,A00,Điểm thi THPT,2024,15.0,Bảo vệ thực vật
7450,DBG,bao-ve-thuc-vat,A01,Điểm thi THPT,2024,15.0,Bảo vệ thực vật
7451,DBG,bao-ve-thuc-vat,B00,Điểm thi THPT,2024,15.0,Bảo vệ thực vật
7452,DBG,bao-ve-thuc-vat,D01,Điểm thi THPT,2024,15.0,Bảo vệ thực vật
7453,DBG,bao-ve-thuc-vat,A00,Điểm học bạ,2025,18.0,Bảo vệ thực vật
7454,DBG,bao-ve-thuc-vat,A01,Điểm học bạ,2025,18.0,Bảo vệ thực vật
7455,DBG,bao-ve-thuc-vat,A07,Điểm học bạ,2025,18.0,Bảo vệ thực vật
7456,DBG,bao-ve-thuc-vat,B00,Điểm học bạ,2025,18.0,Bảo vệ thực vật
7457,DBG,bao-ve-thuc-vat,C03,Điểm học bạ,2025,18.0,Bảo vệ thực vật
7458,DBG,bao-ve-thuc-vat,D07,Điểm học bạ,2025,18.0,Bảo vệ thực vật
7459,DBG,bao-ve-thuc-vat,D08,Điểm học bạ,2025,18.0,Bảo vệ thực vật
7460,DBG,bao-ve-thuc-vat,D25,Điểm học bạ,2025,18.0,Bảo vệ thực vật
7461,DBG,bao-ve-thuc-vat,D30,Điểm học bạ,2025,18.0,Bảo vệ thực vật
7462,DBG,bao-ve-thuc-vat,D35,Điểm học bạ,2025,18.0,Bảo vệ thực vật
7463,DBG,bao-ve-thuc-vat,X13,Điểm học bạ,2025,18.0,Bảo vệ thực vật
7464,DBG,bao-ve-thuc-vat,X15,Điểm học bạ,2025,18.0,Bảo vệ thực vật
7465,DBG,bao-ve-thuc-vat,X16,Điểm học bạ,2025,18.0,Bảo vệ thực vật
7466,DBG,bao-ve-thuc-vat,A00,Điểm thi THPT,2025,15.0,Bảo vệ thực vật
7467,DBG,bao-ve-thuc-vat,A01,Điểm thi THPT,2025,15.0,Bảo vệ thực vật
7468,DBG,bao-ve-thuc-vat,A07,Điểm thi THPT,2025,15.0,Bảo vệ thực vật
7469,DBG,bao-ve-thuc-vat,B00,Điểm thi THPT,2025,15.0,Bảo vệ thực vật
7470,DBG,bao-ve-thuc-vat,C03,Điểm thi THPT,2025,15.0,Bảo vệ thực vật
7471,DBG,bao-ve-thuc-vat,D07,Điểm thi THPT,2025,15.0,Bảo vệ thực vật
7472,DBG,bao-ve-thuc-vat,D08,Điểm thi THPT,2025,15.0,Bảo vệ thực vật
7473,DBG,bao-ve-thuc-vat,D25,Điểm thi THPT,2025,15.0,Bảo vệ thực vật
7474,DBG,bao-ve-thuc-vat,D30,Điểm thi THPT,2025,15.0,Bảo vệ thực vật
7475,DBG,bao-ve-thuc-vat,D35,Điểm thi THPT,2025,15.0,Bảo vệ thực vật
7476,DBG,bao-ve-thuc-vat,X13,Điểm thi THPT,2025,15.0,Bảo vệ thực vật
7477,DBG,bao-ve-thuc-vat,X15,Điểm thi THPT,2025,15.0,Bảo vệ thực vật
7478,DBG,bao-ve-thuc-vat,X16,Điểm thi THPT,2025,15.0,Bảo vệ thực vật
7479,DBG,chan-nuoi,A00,Điểm học bạ,2022,23.0,Chăn nuôi
7480,DBG,chan-nuoi,A01,Điểm học bạ,2022,23.0,Chăn nuôi
7481,DBG,chan-nuoi,B00,Điểm học bạ,2022,23.0,Chăn nuôi
7482,DBG,chan-nuoi,D01,Điểm học bạ,2022,23.0,Chăn nuôi
7483,DBG,chan-nuoi,A00,Điểm thi THPT,2022,15.0,Chăn nuôi
7484,DBG,chan-nuoi,A01,Điểm thi THPT,2022,15.0,Chăn nuôi
7485,DBG,chan-nuoi,B00,Điểm thi THPT,2022,15.0,Chăn nuôi
7486,DBG,chan-nuoi,D01,Điểm thi THPT,2022,15.0,Chăn nuôi
7487,DBG,chan-nuoi,A00,Điểm học bạ,2023,23.0,Chăn nuôi
7488,DBG,chan-nuoi,A01,Điểm học bạ,2023,23.0,Chăn nuôi
7489,DBG,chan-nuoi,B00,Điểm học bạ,2023,23.0,Chăn nuôi
7490,DBG,chan-nuoi,D01,Điểm học bạ,2023,23.0,Chăn nuôi
7491,DBG,chan-nuoi,A00,Điểm thi THPT,2023,15.0,Chăn nuôi
7492,DBG,chan-nuoi,A01,Điểm thi THPT,2023,15.0,Chăn nuôi
7493,DBG,chan-nuoi,B00,Điểm thi THPT,2023,15.0,Chăn nuôi
7494,DBG,chan-nuoi,D01,Điểm thi THPT,2023,15.0,Chăn nuôi
7495,DBG,chan-nuoi,A00,Điểm học bạ,2024,23.0,Chăn nuôi
7496,DBG,chan-nuoi,A01,Điểm học bạ,2024,23.0,Chăn nuôi
7497,DBG,chan-nuoi,B00,Điểm học bạ,2024,23.0,Chăn nuôi
7498,DBG,chan-nuoi,D01,Điểm học bạ,2024,23.0,Chăn nuôi
7499,DBG,chan-nuoi,A00,Điểm thi THPT,2024,15.0,Chăn nuôi
7500,DBG,chan-nuoi,A01,Điểm thi THPT,2024,15.0,Chăn nuôi
7501,DBG,chan-nuoi,B00,Điểm thi THPT,2024,15.0,Chăn nuôi
7502,DBG,chan-nuoi,D01,Điểm thi THPT,2024,15.0,Chăn nuôi
7503,DBG,chan-nuoi,A00,Điểm học bạ,2025,18.0,Chăn nuôi
7504,DBG,chan-nuoi,A01,Điểm học bạ,2025,18.0,Chăn nuôi
7505,DBG,chan-nuoi,A07,Điểm học bạ,2025,18.0,Chăn nuôi
7506,DBG,chan-nuoi,B00,Điểm học bạ,2025,18.0,Chăn nuôi
7507,DBG,chan-nuoi,C03,Điểm học bạ,2025,18.0,Chăn nuôi
7508,DBG,chan-nuoi,D07,Điểm học bạ,2025,18.0,Chăn nuôi
7509,DBG,chan-nuoi,D08,Điểm học bạ,2025,18.0,Chăn nuôi
7510,DBG,chan-nuoi,D25,Điểm học bạ,2025,18.0,Chăn nuôi
7511,DBG,chan-nuoi,D30,Điểm học bạ,2025,18.0,Chăn nuôi
7512,DBG,chan-nuoi,D35,Điểm học bạ,2025,18.0,Chăn nuôi
7513,DBG,chan-nuoi,X13,Điểm học bạ,2025,18.0,Chăn nuôi
7514,DBG,chan-nuoi,X15,Điểm học bạ,2025,18.0,Chăn nuôi
7515,DBG,chan-nuoi,X16,Điểm học bạ,2025,18.0,Chăn nuôi
7516,DBG,chan-nuoi,A00,Điểm thi THPT,2025,15.0,Chăn nuôi
7517,DBG,chan-nuoi,A01,Điểm thi THPT,2025,15.0,Chăn nuôi
7518,DBG,chan-nuoi,A07,Điểm thi THPT,2025,15.0,Chăn nuôi
7519,DBG,chan-nuoi,B00,Điểm thi THPT,2025,15.0,Chăn nuôi
7520,DBG,chan-nuoi,C03,Điểm thi THPT,2025,15.0,Chăn nuôi
7521,DBG,chan-nuoi,D07,Điểm thi THPT,2025,15.0,Chăn nuôi
7522,DBG,chan-nuoi,D08,Điểm thi THPT,2025,15.0,Chăn nuôi
7523,DBG,chan-nuoi,D25,Điểm thi THPT,2025,15.0,Chăn nuôi
7524,DBG,chan-nuoi,D30,Điểm thi THPT,2025,15.0,Chăn nuôi
7525,DBG,chan-nuoi,D35,Điểm thi THPT,2025,15.0,Chăn nuôi
7526,DBG,chan-nuoi,X13,Điểm thi THPT,2025,15.0,Chăn nuôi
7527,DBG,chan-nuoi,X15,Điểm thi THPT,2025,15.0,Chăn nuôi
7528,DBG,chan-nuoi,X16,Điểm thi THPT,2025,15.0,Chăn nuôi
7529,DBG,chan-nuoi-thu-y,A00,Điểm thi THPT,2021,15.0,Chăn nuôi – Thú y
7530,DBG,chan-nuoi-thu-y,A01,Điểm thi THPT,2021,15.0,Chăn nuôi – Thú y
7531,DBG,chan-nuoi-thu-y,B00,Điểm thi THPT,2021,15.0,Chăn nuôi – Thú y
7532,DBG,chan-nuoi-thu-y,D01,Điểm thi THPT,2021,15.0,Chăn nuôi – Thú y
7533,DBG,cong-nghe-ky-thuat-o-to,A00,Điểm học bạ,2023,6.0,Công nghệ kỹ thuật ô tô
7534,DBG,cong-nghe-ky-thuat-o-to,A01,Điểm học bạ,2023,6.0,Công nghệ kỹ thuật ô tô
7535,DBG,cong-nghe-ky-thuat-o-to,B00,Điểm học bạ,2023,6.0,Công nghệ kỹ thuật ô tô
7536,DBG,cong-nghe-ky-thuat-o-to,D01,Điểm học bạ,2023,6.0,Công nghệ kỹ thuật ô tô
7537,DBG,cong-nghe-ky-thuat-o-to,A00,Điểm thi THPT,2023,15.0,Công nghệ kỹ thuật ô tô
7538,DBG,cong-nghe-ky-thuat-o-to,A01,Điểm thi THPT,2023,15.0,Công nghệ kỹ thuật ô tô
7539,DBG,cong-nghe-ky-thuat-o-to,B00,Điểm thi THPT,2023,15.0,Công nghệ kỹ thuật ô tô
7540,DBG,cong-nghe-ky-thuat-o-to,D01,Điểm thi THPT,2023,15.0,Công nghệ kỹ thuật ô tô
7541,DBG,cong-nghe-ky-thuat-o-to,A00,Điểm học bạ,2024,6.0,Công nghệ kỹ thuật ô tô
7542,DBG,cong-nghe-ky-thuat-o-to,A01,Điểm học bạ,2024,6.0,Công nghệ kỹ thuật ô tô
7543,DBG,cong-nghe-ky-thuat-o-to,B00,Điểm học bạ,2024,6.0,Công nghệ kỹ thuật ô tô
7544,DBG,cong-nghe-ky-thuat-o-to,D01,Điểm học bạ,2024,6.0,Công nghệ kỹ thuật ô tô
7545,DBG,cong-nghe-ky-thuat-o-to,A00,Điểm thi THPT,2024,15.0,Công nghệ kỹ thuật ô tô
7546,DBG,cong-nghe-ky-thuat-o-to,A01,Điểm thi THPT,2024,15.0,Công nghệ kỹ thuật ô tô
7547,DBG,cong-nghe-ky-thuat-o-to,B00,Điểm thi THPT,2024,15.0,Công nghệ kỹ thuật ô tô
7548,DBG,cong-nghe-ky-thuat-o-to,D01,Điểm thi THPT,2024,15.0,Công nghệ kỹ thuật ô tô
7549,DBG,cong-nghe-ky-thuat-o-to,A00,Điểm học bạ,2025,18.0,Công nghệ kỹ thuật ô tô
7550,DBG,cong-nghe-ky-thuat-o-to,A01,Điểm học bạ,2025,18.0,Công nghệ kỹ thuật ô tô
7551,DBG,cong-nghe-ky-thuat-o-to,C01,Điểm học bạ,2025,18.0,Công nghệ kỹ thuật ô tô
7552,DBG,cong-nghe-ky-thuat-o-to,C03,Điểm học bạ,2025,18.0,Công nghệ kỹ thuật ô tô
7553,DBG,cong-nghe-ky-thuat-o-to,C04,Điểm học bạ,2025,18.0,Công nghệ kỹ thuật ô tô
7554,DBG,cong-nghe-ky-thuat-o-to,D01,Điểm học bạ,2025,18.0,Công nghệ kỹ thuật ô tô
7555,DBG,cong-nghe-ky-thuat-o-to,D04,Điểm học bạ,2025,18.0,Công nghệ kỹ thuật ô tô
7556,DBG,cong-nghe-ky-thuat-o-to,D30,Điểm học bạ,2025,18.0,Công nghệ kỹ thuật ô tô
7557,DBG,cong-nghe-ky-thuat-o-to,X06,Điểm học bạ,2025,18.0,Công nghệ kỹ thuật ô tô
7558,DBG,cong-nghe-ky-thuat-o-to,X07,Điểm học bạ,2025,18.0,Công nghệ kỹ thuật ô tô
7559,DBG,cong-nghe-ky-thuat-o-to,X08,Điểm học bạ,2025,18.0,Công nghệ kỹ thuật ô tô
7560,DBG,cong-nghe-ky-thuat-o-to,X25,Điểm học bạ,2025,18.0,Công nghệ kỹ thuật ô tô
7561,DBG,cong-nghe-ky-thuat-o-to,X37,Điểm học bạ,2025,18.0,Công nghệ kỹ thuật ô tô
7562,DBG,cong-nghe-ky-thuat-o-to,A00,Điểm thi THPT,2025,15.0,Công nghệ kỹ thuật ô tô
7563,DBG,cong-nghe-ky-thuat-o-to,A01,Điểm thi THPT,2025,15.0,Công nghệ kỹ thuật ô tô
7564,DBG,cong-nghe-ky-thuat-o-to,C01,Điểm thi THPT,2025,15.0,Công nghệ kỹ thuật ô tô
7565,DBG,cong-nghe-ky-thuat-o-to,C03,Điểm thi THPT,2025,15.0,Công nghệ kỹ thuật ô tô
7566,DBG,cong-nghe-ky-thuat-o-to,C04,Điểm thi THPT,2025,15.0,Công nghệ kỹ thuật ô tô
7567,DBG,cong-nghe-ky-thuat-o-to,D01,Điểm thi THPT,2025,15.0,Công nghệ kỹ thuật ô tô
7568,DBG,cong-nghe-ky-thuat-o-to,D04,Điểm thi THPT,2025,15.0,Công nghệ kỹ thuật ô tô
7569,DBG,cong-nghe-ky-thuat-o-to,D30,Điểm thi THPT,2025,15.0,Công nghệ kỹ thuật ô tô
7570,DBG,cong-nghe-ky-thuat-o-to,X06,Điểm thi THPT,2025,15.0,Công nghệ kỹ thuật ô tô
7571,DBG,cong-nghe-ky-thuat-o-to,X07,Điểm thi THPT,2025,15.0,Công nghệ kỹ thuật ô tô
7572,DBG,cong-nghe-ky-thuat-o-to,X08,Điểm thi THPT,2025,15.0,Công nghệ kỹ thuật ô tô
7573,DBG,cong-nghe-ky-thuat-o-to,X25,Điểm thi THPT,2025,15.0,Công nghệ kỹ thuật ô tô
7574,DBG,cong-nghe-ky-thuat-o-to,X37,Điểm thi THPT,2025,15.0,Công nghệ kỹ thuật ô tô
7575,DBG,cong-nghe-thong-tin,A00,Điểm học bạ,2024,23.0,Công nghệ thông tin
7576,DBG,cong-nghe-thong-tin,A01,Điểm học bạ,2024,23.0,Công nghệ thông tin
7577,DBG,cong-nghe-thong-tin,B00,Điểm học bạ,2024,23.0,Công nghệ thông tin
7578,DBG,cong-nghe-thong-tin,D01,Điểm học bạ,2024,23.0,Công nghệ thông tin
7579,DBG,cong-nghe-thong-tin,D07,Điểm học bạ,2024,6.0,Công nghệ thông tin
7580,DBG,cong-nghe-thong-tin,A00,Điểm thi THPT,2024,15.0,Công nghệ thông tin
7581,DBG,cong-nghe-thong-tin,A01,Điểm thi THPT,2024,15.0,Công nghệ thông tin
7582,DBG,cong-nghe-thong-tin,D01,Điểm thi THPT,2024,15.0,Công nghệ thông tin
7583,DBG,cong-nghe-thong-tin,D07,Điểm thi THPT,2024,15.0,Công nghệ thông tin
7584,DBG,cong-nghe-thong-tin,A00,Điểm học bạ,2025,20.0,Công nghệ thông tin
7585,DBG,cong-nghe-thong-tin,A01,Điểm học bạ,2025,20.0,Công nghệ thông tin
7586,DBG,cong-nghe-thong-tin,C01,Điểm học bạ,2025,20.0,Công nghệ thông tin
7587,DBG,cong-nghe-thong-tin,C03,Điểm học bạ,2025,20.0,Công nghệ thông tin
7588,DBG,cong-nghe-thong-tin,C04,Điểm học bạ,2025,20.0,Công nghệ thông tin
7589,DBG,cong-nghe-thong-tin,D01,Điểm học bạ,2025,20.0,Công nghệ thông tin
7590,DBG,cong-nghe-thong-tin,D04,Điểm học bạ,2025,20.0,Công nghệ thông tin
7591,DBG,cong-nghe-thong-tin,D30,Điểm học bạ,2025,20.0,Công nghệ thông tin
7592,DBG,cong-nghe-thong-tin,X06,Điểm học bạ,2025,20.0,Công nghệ thông tin
7593,DBG,cong-nghe-thong-tin,X07,Điểm học bạ,2025,20.0,Công nghệ thông tin
7594,DBG,cong-nghe-thong-tin,X08,Điểm học bạ,2025,20.0,Công nghệ thông tin
7595,DBG,cong-nghe-thong-tin,X25,Điểm học bạ,2025,20.0,Công nghệ thông tin
7596,DBG,cong-nghe-thong-tin,X37,Điểm học bạ,2025,20.0,Công nghệ thông tin
7597,DBG,cong-nghe-thong-tin,A00,Điểm thi THPT,2025,17.5,Công nghệ thông tin
7598,DBG,cong-nghe-thong-tin,A01,Điểm thi THPT,2025,17.5,Công nghệ thông tin
7599,DBG,cong-nghe-thong-tin,C01,Điểm thi THPT,2025,17.5,Công nghệ thông tin
7600,DBG,cong-nghe-thong-tin,C03,Điểm thi THPT,2025,17.5,Công nghệ thông tin
7601,DBG,cong-nghe-thong-tin,C04,Điểm thi THPT,2025,17.5,Công nghệ thông tin
7602,DBG,cong-nghe-thong-tin,D01,Điểm thi THPT,2025,17.5,Công nghệ thông tin
7603,DBG,cong-nghe-thong-tin,D04,Điểm thi THPT,2025,17.5,Công nghệ thông tin
7604,DBG,cong-nghe-thong-tin,D30,Điểm thi THPT,2025,17.5,Công nghệ thông tin
7605,DBG,cong-nghe-thong-tin,X06,Điểm thi THPT,2025,17.5,Công nghệ thông tin
7606,DBG,cong-nghe-thong-tin,X07,Điểm thi THPT,2025,17.5,Công nghệ thông tin
7607,DBG,cong-nghe-thong-tin,X08,Điểm thi THPT,2025,17.5,Công nghệ thông tin
7608,DBG,cong-nghe-thong-tin,X25,Điểm thi THPT,2025,17.5,Công nghệ thông tin
7609,DBG,cong-nghe-thong-tin,X37,Điểm thi THPT,2025,17.5,Công nghệ thông tin
7610,DBG,cong-nghe-thuc-pham,A00,Điểm thi THPT,2021,15.0,Công nghệ thực phẩm
7611,DBG,cong-nghe-thuc-pham,A01,Điểm thi THPT,2021,15.0,Công nghệ thực phẩm
7612,DBG,cong-nghe-thuc-pham,B00,Điểm thi THPT,2021,15.0,Công nghệ thực phẩm
7613,DBG,cong-nghe-thuc-pham,D01,Điểm thi THPT,2021,15.0,Công nghệ thực phẩm
7614,DBG,cong-nghe-thuc-pham,A00,Điểm học bạ,2022,6.0,Công nghệ thực phẩm
7615,DBG,cong-nghe-thuc-pham,A01,Điểm học bạ,2022,6.0,Công nghệ thực phẩm
7616,DBG,cong-nghe-thuc-pham,B00,Điểm học bạ,2022,6.0,Công nghệ thực phẩm
7617,DBG,cong-nghe-thuc-pham,D01,Điểm học bạ,2022,6.0,Công nghệ thực phẩm
7618,DBG,cong-nghe-thuc-pham,A00,Điểm thi THPT,2022,15.0,Công nghệ thực phẩm
7619,DBG,cong-nghe-thuc-pham,A01,Điểm thi THPT,2022,15.0,Công nghệ thực phẩm
7620,DBG,cong-nghe-thuc-pham,B00,Điểm thi THPT,2022,15.0,Công nghệ thực phẩm
7621,DBG,cong-nghe-thuc-pham,D01,Điểm thi THPT,2022,15.0,Công nghệ thực phẩm
7622,DBG,cong-nghe-thuc-pham,A00,Điểm học bạ,2023,23.0,Công nghệ thực phẩm
7623,DBG,cong-nghe-thuc-pham,A01,Điểm học bạ,2023,23.0,Công nghệ thực phẩm
7624,DBG,cong-nghe-thuc-pham,B00,Điểm học bạ,2023,23.0,Công nghệ thực phẩm
7625,DBG,cong-nghe-thuc-pham,D01,Điểm học bạ,2023,23.0,Công nghệ thực phẩm
7626,DBG,cong-nghe-thuc-pham,A00,Điểm thi THPT,2023,15.0,Công nghệ thực phẩm
7627,DBG,cong-nghe-thuc-pham,A01,Điểm thi THPT,2023,15.0,Công nghệ thực phẩm
7628,DBG,cong-nghe-thuc-pham,B00,Điểm thi THPT,2023,15.0,Công nghệ thực phẩm
7629,DBG,cong-nghe-thuc-pham,D01,Điểm thi THPT,2023,15.0,Công nghệ thực phẩm
7630,DBG,cong-nghe-thuc-pham,A00,Điểm học bạ,2024,23.0,Công nghệ thực phẩm
7631,DBG,cong-nghe-thuc-pham,A01,Điểm học bạ,2024,23.0,Công nghệ thực phẩm
7632,DBG,cong-nghe-thuc-pham,B00,Điểm học bạ,2024,23.0,Công nghệ thực phẩm
7633,DBG,cong-nghe-thuc-pham,D01,Điểm học bạ,2024,23.0,Công nghệ thực phẩm
7634,DBG,cong-nghe-thuc-pham,A00,Điểm thi THPT,2024,15.0,Công nghệ thực phẩm
7635,DBG,cong-nghe-thuc-pham,A01,Điểm thi THPT,2024,15.0,Công nghệ thực phẩm
7636,DBG,cong-nghe-thuc-pham,B00,Điểm thi THPT,2024,15.0,Công nghệ thực phẩm
7637,DBG,cong-nghe-thuc-pham,D01,Điểm thi THPT,2024,15.0,Công nghệ thực phẩm
7638,DBG,cong-nghe-thuc-pham,A00,Điểm học bạ,2025,18.0,Công nghệ thực phẩm
7639,DBG,cong-nghe-thuc-pham,A01,Điểm học bạ,2025,18.0,Công nghệ thực phẩm
7640,DBG,cong-nghe-thuc-pham,A07,Điểm học bạ,2025,18.0,Công nghệ thực phẩm
7641,DBG,cong-nghe-thuc-pham,B00,Điểm học bạ,2025,18.0,Công nghệ thực phẩm
7642,DBG,cong-nghe-thuc-pham,C03,Điểm học bạ,2025,18.0,Công nghệ thực phẩm
7643,DBG,cong-nghe-thuc-pham,D01,Điểm học bạ,2025,18.0,Công nghệ thực phẩm
7644,DBG,cong-nghe-thuc-pham,D04,Điểm học bạ,2025,18.0,Công nghệ thực phẩm
7645,DBG,cong-nghe-thuc-pham,D07,Điểm học bạ,2025,18.0,Công nghệ thực phẩm
7646,DBG,cong-nghe-thuc-pham,D25,Điểm học bạ,2025,18.0,Công nghệ thực phẩm
7647,DBG,cong-nghe-thuc-pham,D30,Điểm học bạ,2025,18.0,Công nghệ thực phẩm
7648,DBG,cong-nghe-thuc-pham,X01,Điểm học bạ,2025,18.0,Công nghệ thực phẩm
7649,DBG,cong-nghe-thuc-pham,X11,Điểm học bạ,2025,18.0,Công nghệ thực phẩm
7650,DBG,cong-nghe-thuc-pham,X12,Điểm học bạ,2025,18.0,Công nghệ thực phẩm
7651,DBG,cong-nghe-thuc-pham,A00,Điểm thi THPT,2025,15.0,Công nghệ thực phẩm
7652,DBG,cong-nghe-thuc-pham,A01,Điểm thi THPT,2025,15.0,Công nghệ thực phẩm
7653,DBG,cong-nghe-thuc-pham,A07,Điểm thi THPT,2025,15.0,Công nghệ thực phẩm
7654,DBG,cong-nghe-thuc-pham,B00,Điểm thi THPT,2025,15.0,Công nghệ thực phẩm
7655,DBG,cong-nghe-thuc-pham,C03,Điểm thi THPT,2025,15.0,Công nghệ thực phẩm
7656,DBG,cong-nghe-thuc-pham,D01,Điểm thi THPT,2025,15.0,Công nghệ thực phẩm
7657,DBG,cong-nghe-thuc-pham,D04,Điểm thi THPT,2025,15.0,Công nghệ thực phẩm
7658,DBG,cong-nghe-thuc-pham,D07,Điểm thi THPT,2025,15.0,Công nghệ thực phẩm
7659,DBG,cong-nghe-thuc-pham,D25,Điểm thi THPT,2025,15.0,Công nghệ thực phẩm
7660,DBG,cong-nghe-thuc-pham,D30,Điểm thi THPT,2025,15.0,Công nghệ thực phẩm
7661,DBG,cong-nghe-thuc-pham,X01,Điểm thi THPT,2025,15.0,Công nghệ thực phẩm
7662,DBG,cong-nghe-thuc-pham,X11,Điểm thi THPT,2025,15.0,Công nghệ thực phẩm
7663,DBG,cong-nghe-thuc-pham,X12,Điểm thi THPT,2025,15.0,Công nghệ thực phẩm
7664,DBG,dam-bao-chat-luong-va-attp,A00,Điểm thi THPT,2021,15.0,Đảm bảo chất lượng và ATTP
7665,DBG,dam-bao-chat-luong-va-attp,A01,Điểm thi THPT,2021,15.0,Đảm bảo chất lượng và ATTP
7666,DBG,dam-bao-chat-luong-va-attp,B00,Điểm thi THPT,2021,15.0,Đảm bảo chất lượng và ATTP
7667,DBG,dam-bao-chat-luong-va-attp,D01,Điểm thi THPT,2021,15.0,Đảm bảo chất lượng và ATTP
7668,DBG,dam-bao-chat-luong-va-attp,A00,Điểm học bạ,2022,6.0,Đảm bảo chất lượng và ATTP
7669,DBG,dam-bao-chat-luong-va-attp,A01,Điểm học bạ,2022,6.0,Đảm bảo chất lượng và ATTP
7670,DBG,dam-bao-chat-luong-va-attp,B00,Điểm học bạ,2022,6.0,Đảm bảo chất lượng và ATTP
7671,DBG,dam-bao-chat-luong-va-attp,D01,Điểm học bạ,2022,6.0,Đảm bảo chất lượng và ATTP
7672,DBG,dam-bao-chat-luong-va-attp,A00,Điểm thi THPT,2022,15.0,Đảm bảo chất lượng và ATTP
7673,DBG,dam-bao-chat-luong-va-attp,A01,Điểm thi THPT,2022,15.0,Đảm bảo chất lượng và ATTP
7674,DBG,dam-bao-chat-luong-va-attp,B00,Điểm thi THPT,2022,15.0,Đảm bảo chất lượng và ATTP
7675,DBG,dam-bao-chat-luong-va-attp,D01,Điểm thi THPT,2022,15.0,Đảm bảo chất lượng và ATTP
7676,DBG,dam-bao-chat-luong-va-attp,A00,Điểm học bạ,2023,23.0,Đảm bảo chất lượng và ATTP
7677,DBG,dam-bao-chat-luong-va-attp,A01,Điểm học bạ,2023,23.0,Đảm bảo chất lượng và ATTP
7678,DBG,dam-bao-chat-luong-va-attp,B00,Điểm học bạ,2023,23.0,Đảm bảo chất lượng và ATTP
7679,DBG,dam-bao-chat-luong-va-attp,D01,Điểm học bạ,2023,23.0,Đảm bảo chất lượng và ATTP
7680,DBG,dam-bao-chat-luong-va-attp,A00,Điểm thi THPT,2023,15.0,Đảm bảo chất lượng và ATTP
7681,DBG,dam-bao-chat-luong-va-attp,A01,Điểm thi THPT,2023,15.0,Đảm bảo chất lượng và ATTP
7682,DBG,dam-bao-chat-luong-va-attp,B00,Điểm thi THPT,2023,15.0,Đảm bảo chất lượng và ATTP
7683,DBG,dam-bao-chat-luong-va-attp,D01,Điểm thi THPT,2023,15.0,Đảm bảo chất lượng và ATTP
7684,DBG,ke-toan,A00,Điểm thi THPT,2021,15.0,Kế toán
7685,DBG,ke-toan,A01,Điểm thi THPT,2021,15.0,Kế toán
7686,DBG,ke-toan,D01,Điểm thi THPT,2021,15.0,Kế toán
7687,DBG,ke-toan,A00,Điểm học bạ,2022,6.0,Kế toán
7688,DBG,ke-toan,A01,Điểm học bạ,2022,6.0,Kế toán
7689,DBG,ke-toan,D01,Điểm học bạ,2022,6.0,Kế toán
7690,DBG,ke-toan,A00,Điểm thi THPT,2022,15.0,Kế toán
7691,DBG,ke-toan,A01,Điểm thi THPT,2022,15.0,Kế toán
7692,DBG,ke-toan,D01,Điểm thi THPT,2022,15.0,Kế toán
7693,DBG,ke-toan,A00,Điểm học bạ,2023,6.0,Kế toán
7694,DBG,ke-toan,A01,Điểm học bạ,2023,6.0,Kế toán
7695,DBG,ke-toan,D01,Điểm học bạ,2023,6.0,Kế toán
7696,DBG,ke-toan,A00,Điểm thi THPT,2023,15.0,Kế toán
7697,DBG,ke-toan,A01,Điểm thi THPT,2023,15.0,Kế toán
7698,DBG,ke-toan,D01,Điểm thi THPT,2023,15.0,Kế toán
7699,DBG,ke-toan,A00,Điểm học bạ,2024,23.0,Kế toán
7700,DBG,ke-toan,A01,Điểm học bạ,2024,23.0,Kế toán
7701,DBG,ke-toan,B00,Điểm học bạ,2024,23.0,Kế toán
7702,DBG,ke-toan,C20,Điểm học bạ,2024,6.0,Kế toán
7703,DBG,ke-toan,D01,Điểm học bạ,2024,23.0,Kế toán
7704,DBG,ke-toan,A00,Điểm thi THPT,2024,15.0,Kế toán
7705,DBG,ke-toan,A01,Điểm thi THPT,2024,15.0,Kế toán
7706,DBG,ke-toan,C20,Điểm thi THPT,2024,15.0,Kế toán
7707,DBG,ke-toan,D01,Điểm thi THPT,2024,15.0,Kế toán
7708,DBG,ke-toan,A00,Điểm học bạ,2025,18.0,Kế toán
7709,DBG,ke-toan,A01,Điểm học bạ,2025,18.0,Kế toán
7710,DBG,ke-toan,A07,Điểm học bạ,2025,18.0,Kế toán
7711,DBG,ke-toan,C03,Điểm học bạ,2025,18.0,Kế toán
7712,DBG,ke-toan,C04,Điểm học bạ,2025,18.0,Kế toán
7713,DBG,ke-toan,D01,Điểm học bạ,2025,18.0,Kế toán
7714,DBG,ke-toan,D04,Điểm học bạ,2025,18.0,Kế toán
7715,DBG,ke-toan,D30,Điểm học bạ,2025,18.0,Kế toán
7716,DBG,ke-toan,X01,Điểm học bạ,2025,18.0,Kế toán
7717,DBG,ke-toan,X02,Điểm học bạ,2025,18.0,Kế toán
7718,DBG,ke-toan,X25,Điểm học bạ,2025,18.0,Kế toán
7719,DBG,ke-toan,X37,Điểm học bạ,2025,18.0,Kế toán
7720,DBG,ke-toan,A00,Điểm thi THPT,2025,15.0,Kế toán
7721,DBG,ke-toan,A01,Điểm thi THPT,2025,15.0,Kế toán
7722,DBG,ke-toan,A07,Điểm thi THPT,2025,15.0,Kế toán
7723,DBG,ke-toan,C03,Điểm thi THPT,2025,15.0,Kế toán
7724,DBG,ke-toan,C04,Điểm thi THPT,2025,15.0,Kế toán
7725,DBG,ke-toan,D01,Điểm thi THPT,2025,15.0,Kế toán
7726,DBG,ke-toan,D04,Điểm thi THPT,2025,15.0,Kế toán
7727,DBG,ke-toan,D30,Điểm thi THPT,2025,15.0,Kế toán
7728,DBG,ke-toan,X01,Điểm thi THPT,2025,15.0,Kế toán
7729,DBG,ke-toan,X02,Điểm thi THPT,2025,15.0,Kế toán
7730,DBG,ke-toan,X25,Điểm thi THPT,2025,15.0,Kế toán
7731,DBG,ke-toan,X37,Điểm thi THPT,2025,15.0,Kế toán
7732,DBG,khoa-hoc-cay-trong,A00,Điểm thi THPT,2021,15.0,Khoa học cây trồng
7733,DBG,khoa-hoc-cay-trong,A01,Điểm thi THPT,2021,15.0,Khoa học cây trồng
7734,DBG,khoa-hoc-cay-trong,B00,Điểm thi THPT,2021,15.0,Khoa học cây trồng
7735,DBG,khoa-hoc-cay-trong,D01,Điểm thi THPT,2021,15.0,Khoa học cây trồng
7736,DBG,khoa-hoc-cay-trong,A00,Điểm học bạ,2022,6.0,Khoa học cây trồng
7737,DBG,khoa-hoc-cay-trong,A01,Điểm học bạ,2022,6.0,Khoa học cây trồng
7738,DBG,khoa-hoc-cay-trong,B00,Điểm học bạ,2022,6.0,Khoa học cây trồng
7739,DBG,khoa-hoc-cay-trong,D01,Điểm học bạ,2022,6.0,Khoa học cây trồng
7740,DBG,khoa-hoc-cay-trong,A00,Điểm thi THPT,2022,15.0,Khoa học cây trồng
7741,DBG,khoa-hoc-cay-trong,A01,Điểm thi THPT,2022,15.0,Khoa học cây trồng
7742,DBG,khoa-hoc-cay-trong,B00,Điểm thi THPT,2022,15.0,Khoa học cây trồng
7743,DBG,khoa-hoc-cay-trong,D01,Điểm thi THPT,2022,15.0,Khoa học cây trồng
7744,DBG,khoa-hoc-cay-trong,A00,Điểm học bạ,2023,6.0,Khoa học cây trồng
7745,DBG,khoa-hoc-cay-trong,A01,Điểm học bạ,2023,6.0,Khoa học cây trồng
7746,DBG,khoa-hoc-cay-trong,B00,Điểm học bạ,2023,6.0,Khoa học cây trồng
7747,DBG,khoa-hoc-cay-trong,D01,Điểm học bạ,2023,6.0,Khoa học cây trồng
7748,DBG,khoa-hoc-cay-trong,A00,Điểm thi THPT,2023,15.0,Khoa học cây trồng
7749,DBG,khoa-hoc-cay-trong,A01,Điểm thi THPT,2023,15.0,Khoa học cây trồng
7750,DBG,khoa-hoc-cay-trong,B00,Điểm thi THPT,2023,15.0,Khoa học cây trồng
7751,DBG,khoa-hoc-cay-trong,D01,Điểm thi THPT,2023,15.0,Khoa học cây trồng
7752,DBG,khoa-hoc-cay-trong,A00,Điểm học bạ,2024,6.0,Khoa học cây trồng
7753,DBG,khoa-hoc-cay-trong,A01,Điểm học bạ,2024,6.0,Khoa học cây trồng
7754,DBG,khoa-hoc-cay-trong,B00,Điểm học bạ,2024,6.0,Khoa học cây trồng
7755,DBG,khoa-hoc-cay-trong,D01,Điểm học bạ,2024,6.0,Khoa học cây trồng
7756,DBG,khoa-hoc-cay-trong,A00,Điểm thi THPT,2024,15.0,Khoa học cây trồng
7757,DBG,khoa-hoc-cay-trong,A01,Điểm thi THPT,2024,15.0,Khoa học cây trồng
7758,DBG,khoa-hoc-cay-trong,B00,Điểm thi THPT,2024,15.0,Khoa học cây trồng
7759,DBG,khoa-hoc-cay-trong,D01,Điểm thi THPT,2024,15.0,Khoa học cây trồng
7760,DBG,khoa-hoc-cay-trong,A00,Điểm học bạ,2025,18.0,Khoa học cây trồng
7761,DBG,khoa-hoc-cay-trong,A01,Điểm học bạ,2025,18.0,Khoa học cây trồng
7762,DBG,khoa-hoc-cay-trong,A07,Điểm học bạ,2025,18.0,Khoa học cây trồng
7763,DBG,khoa-hoc-cay-trong,B00,Điểm học bạ,2025,18.0,Khoa học cây trồng
7764,DBG,khoa-hoc-cay-trong,C03,Điểm học bạ,2025,18.0,Khoa học cây trồng
7765,DBG,khoa-hoc-cay-trong,D07,Điểm học bạ,2025,18.0,Khoa học cây trồng
7766,DBG,khoa-hoc-cay-trong,D08,Điểm học bạ,2025,18.0,Khoa học cây trồng
7767,DBG,khoa-hoc-cay-trong,D25,Điểm học bạ,2025,18.0,Khoa học cây trồng
7768,DBG,khoa-hoc-cay-trong,D30,Điểm học bạ,2025,18.0,Khoa học cây trồng
7769,DBG,khoa-hoc-cay-trong,D35,Điểm học bạ,2025,18.0,Khoa học cây trồng
7770,DBG,khoa-hoc-cay-trong,X13,Điểm học bạ,2025,18.0,Khoa học cây trồng
7771,DBG,khoa-hoc-cay-trong,X15,Điểm học bạ,2025,18.0,Khoa học cây trồng
7772,DBG,khoa-hoc-cay-trong,X16,Điểm học bạ,2025,18.0,Khoa học cây trồng
7773,DBG,khoa-hoc-cay-trong,A00,Điểm thi THPT,2025,15.0,Khoa học cây trồng
7774,DBG,khoa-hoc-cay-trong,A01,Điểm thi THPT,2025,15.0,Khoa học cây trồng
7775,DBG,khoa-hoc-cay-trong,A07,Điểm thi THPT,2025,15.0,Khoa học cây trồng
7776,DBG,khoa-hoc-cay-trong,B00,Điểm thi THPT,2025,15.0,Khoa học cây trồng
7777,DBG,khoa-hoc-cay-trong,C03,Điểm thi THPT,2025,15.0,Khoa học cây trồng
7778,DBG,khoa-hoc-cay-trong,D07,Điểm thi THPT,2025,15.0,Khoa học cây trồng
7779,DBG,khoa-hoc-cay-trong,D08,Điểm thi THPT,2025,15.0,Khoa học cây trồng
7780,DBG,khoa-hoc-cay-trong,D25,Điểm thi THPT,2025,15.0,Khoa học cây trồng
7781,DBG,khoa-hoc-cay-trong,D30,Điểm thi THPT,2025,15.0,Khoa học cây trồng
7782,DBG,khoa-hoc-cay-trong,D35,Điểm thi THPT,2025,15.0,Khoa học cây trồng
7783,DBG,khoa-hoc-cay-trong,X13,Điểm thi THPT,2025,15.0,Khoa học cây trồng
7784,DBG,khoa-hoc-cay-trong,X15,Điểm thi THPT,2025,15.0,Khoa học cây trồng
7785,DBG,khoa-hoc-cay-trong,X16,Điểm thi THPT,2025,15.0,Khoa học cây trồng
7786,DBG,kinh-te,A00,Điểm thi THPT,2021,15.0,Kinh tế
7787,DBG,kinh-te,A01,Điểm thi THPT,2021,15.0,Kinh tế
7788,DBG,kinh-te,D01,Điểm thi THPT,2021,15.0,Kinh tế
7789,DBG,kinh-te,A00,Điểm học bạ,2022,6.0,Kinh tế
7790,DBG,kinh-te,A01,Điểm học bạ,2022,6.0,Kinh tế
7791,DBG,kinh-te,D01,Điểm học bạ,2022,6.0,Kinh tế
7792,DBG,kinh-te,A00,Điểm thi THPT,2022,15.0,Kinh tế
7793,DBG,kinh-te,A01,Điểm thi THPT,2022,15.0,Kinh tế
7794,DBG,kinh-te,D01,Điểm thi THPT,2022,15.0,Kinh tế
7795,DBG,kinh-te,A00,Điểm học bạ,2023,6.0,Kinh tế
7796,DBG,kinh-te,A01,Điểm học bạ,2023,6.0,Kinh tế
7797,DBG,kinh-te,D01,Điểm học bạ,2023,6.0,Kinh tế
7798,DBG,kinh-te,A00,Điểm thi THPT,2023,15.0,Kinh tế
7799,DBG,kinh-te,A01,Điểm thi THPT,2023,15.0,Kinh tế
7800,DBG,kinh-te,D01,Điểm thi THPT,2023,15.0,Kinh tế
7801,DBG,kinh-te,A00,Điểm học bạ,2024,23.0,Kinh tế
7802,DBG,kinh-te,A01,Điểm học bạ,2024,23.0,Kinh tế
7803,DBG,kinh-te,B00,Điểm học bạ,2024,23.0,Kinh tế
7804,DBG,kinh-te,C20,Điểm học bạ,2024,6.0,Kinh tế
7805,DBG,kinh-te,D01,Điểm học bạ,2024,23.0,Kinh tế
7806,DBG,kinh-te,A00,Điểm thi THPT,2024,15.0,Kinh tế
7807,DBG,kinh-te,A01,Điểm thi THPT,2024,15.0,Kinh tế
7808,DBG,kinh-te,C20,Điểm thi THPT,2024,15.0,Kinh tế
7809,DBG,kinh-te,D01,Điểm thi THPT,2024,15.0,Kinh tế
7810,DBG,kinh-te,A00,Điểm học bạ,2025,18.0,Kinh tế
7811,DBG,kinh-te,A01,Điểm học bạ,2025,18.0,Kinh tế
7812,DBG,kinh-te,A07,Điểm học bạ,2025,18.0,Kinh tế
7813,DBG,kinh-te,C03,Điểm học bạ,2025,18.0,Kinh tế
7814,DBG,kinh-te,C04,Điểm học bạ,2025,18.0,Kinh tế
7815,DBG,kinh-te,D01,Điểm học bạ,2025,18.0,Kinh tế
7816,DBG,kinh-te,D04,Điểm học bạ,2025,18.0,Kinh tế
7817,DBG,kinh-te,D30,Điểm học bạ,2025,18.0,Kinh tế
7818,DBG,kinh-te,X01,Điểm học bạ,2025,18.0,Kinh tế
7819,DBG,kinh-te,X02,Điểm học bạ,2025,18.0,Kinh tế
7820,DBG,kinh-te,X25,Điểm học bạ,2025,18.0,Kinh tế
7821,DBG,kinh-te,X37,Điểm học bạ,2025,18.0,Kinh tế
7822,DBG,kinh-te,A00,Điểm thi THPT,2025,15.0,Kinh tế
7823,DBG,kinh-te,A01,Điểm thi THPT,2025,15.0,Kinh tế
7824,DBG,kinh-te,A07,Điểm thi THPT,2025,15.0,Kinh tế
7825,DBG,kinh-te,C03,Điểm thi THPT,2025,15.0,Kinh tế
7826,DBG,kinh-te,C04,Điểm thi THPT,2025,15.0,Kinh tế
7827,DBG,kinh-te,D01,Điểm thi THPT,2025,15.0,Kinh tế
7828,DBG,kinh-te,D04,Điểm thi THPT,2025,15.0,Kinh tế
7829,DBG,kinh-te,D30,Điểm thi THPT,2025,15.0,Kinh tế
7830,DBG,kinh-te,X01,Điểm thi THPT,2025,15.0,Kinh tế
7831,DBG,kinh-te,X02,Điểm thi THPT,2025,15.0,Kinh tế
7832,DBG,kinh-te,X25,Điểm thi THPT,2025,15.0,Kinh tế
7833,DBG,kinh-te,X37,Điểm thi THPT,2025,15.0,Kinh tế
7834,DBG,ky-thuat-co-dien-tu,A00,Điểm học bạ,2024,6.0,Kỹ thuật cơ điện tử
7835,DBG,ky-thuat-co-dien-tu,A01,Điểm học bạ,2024,6.0,Kỹ thuật cơ điện tử
7836,DBG,ky-thuat-co-dien-tu,B00,Điểm học bạ,2024,6.0,Kỹ thuật cơ điện tử
7837,DBG,ky-thuat-co-dien-tu,D01,Điểm học bạ,2024,6.0,Kỹ thuật cơ điện tử
7838,DBG,ky-thuat-co-dien-tu,A00,Điểm học bạ,2025,20.0,Kỹ thuật cơ điện tử
7839,DBG,ky-thuat-co-dien-tu,A01,Điểm học bạ,2025,20.0,Kỹ thuật cơ điện tử
7840,DBG,ky-thuat-co-dien-tu,C01,Điểm học bạ,2025,20.0,Kỹ thuật cơ điện tử
7841,DBG,ky-thuat-co-dien-tu,C03,Điểm học bạ,2025,20.0,Kỹ thuật cơ điện tử
7842,DBG,ky-thuat-co-dien-tu,C04,Điểm học bạ,2025,20.0,Kỹ thuật cơ điện tử
7843,DBG,ky-thuat-co-dien-tu,D01,Điểm học bạ,2025,20.0,Kỹ thuật cơ điện tử
7844,DBG,ky-thuat-co-dien-tu,D04,Điểm học bạ,2025,20.0,Kỹ thuật cơ điện tử
7845,DBG,ky-thuat-co-dien-tu,D30,Điểm học bạ,2025,20.0,Kỹ thuật cơ điện tử
7846,DBG,ky-thuat-co-dien-tu,X06,Điểm học bạ,2025,20.0,Kỹ thuật cơ điện tử
7847,DBG,ky-thuat-co-dien-tu,X07,Điểm học bạ,2025,20.0,Kỹ thuật cơ điện tử
7848,DBG,ky-thuat-co-dien-tu,X08,Điểm học bạ,2025,20.0,Kỹ thuật cơ điện tử
7849,DBG,ky-thuat-co-dien-tu,X25,Điểm học bạ,2025,20.0,Kỹ thuật cơ điện tử
7850,DBG,ky-thuat-co-dien-tu,X37,Điểm học bạ,2025,20.0,Kỹ thuật cơ điện tử
7851,DBG,ky-thuat-co-dien-tu,A00,Điểm thi THPT,2025,17.5,Kỹ thuật cơ điện tử
7852,DBG,ky-thuat-co-dien-tu,A01,Điểm thi THPT,2025,17.5,Kỹ thuật cơ điện tử
7853,DBG,ky-thuat-co-dien-tu,C01,Điểm thi THPT,2025,17.5,Kỹ thuật cơ điện tử
7854,DBG,ky-thuat-co-dien-tu,C03,Điểm thi THPT,2025,17.5,Kỹ thuật cơ điện tử
7855,DBG,ky-thuat-co-dien-tu,C04,Điểm thi THPT,2025,17.5,Kỹ thuật cơ điện tử
7856,DBG,ky-thuat-co-dien-tu,D01,Điểm thi THPT,2025,17.5,Kỹ thuật cơ điện tử
7857,DBG,ky-thuat-co-dien-tu,D04,Điểm thi THPT,2025,17.5,Kỹ thuật cơ điện tử
7858,DBG,ky-thuat-co-dien-tu,D30,Điểm thi THPT,2025,17.5,Kỹ thuật cơ điện tử
7859,DBG,ky-thuat-co-dien-tu,X06,Điểm thi THPT,2025,17.5,Kỹ thuật cơ điện tử
7860,DBG,ky-thuat-co-dien-tu,X07,Điểm thi THPT,2025,17.5,Kỹ thuật cơ điện tử
7861,DBG,ky-thuat-co-dien-tu,X08,Điểm thi THPT,2025,17.5,Kỹ thuật cơ điện tử
7862,DBG,ky-thuat-co-dien-tu,X25,Điểm thi THPT,2025,17.5,Kỹ thuật cơ điện tử
7863,DBG,ky-thuat-co-dien-tu,X37,Điểm thi THPT,2025,17.5,Kỹ thuật cơ điện tử
7864,DBG,ky-thuat-dieu-khien-va-tu-dong-hoa,A00,Điểm học bạ,2025,19.0,Kỹ thuật điều khiển và tự động hóa
7865,DBG,ky-thuat-dieu-khien-va-tu-dong-hoa,A01,Điểm học bạ,2025,19.0,Kỹ thuật điều khiển và tự động hóa
7866,DBG,ky-thuat-dieu-khien-va-tu-dong-hoa,C01,Điểm học bạ,2025,19.0,Kỹ thuật điều khiển và tự động hóa
7867,DBG,ky-thuat-dieu-khien-va-tu-dong-hoa,C03,Điểm học bạ,2025,19.0,Kỹ thuật điều khiển và tự động hóa
7868,DBG,ky-thuat-dieu-khien-va-tu-dong-hoa,C04,Điểm học bạ,2025,19.0,Kỹ thuật điều khiển và tự động hóa
7869,DBG,ky-thuat-dieu-khien-va-tu-dong-hoa,D01,Điểm học bạ,2025,19.0,Kỹ thuật điều khiển và tự động hóa
7870,DBG,ky-thuat-dieu-khien-va-tu-dong-hoa,D04,Điểm học bạ,2025,19.0,Kỹ thuật điều khiển và tự động hóa
7871,DBG,ky-thuat-dieu-khien-va-tu-dong-hoa,D30,Điểm học bạ,2025,19.0,Kỹ thuật điều khiển và tự động hóa
7872,DBG,ky-thuat-dieu-khien-va-tu-dong-hoa,X06,Điểm học bạ,2025,19.0,Kỹ thuật điều khiển và tự động hóa
7873,DBG,ky-thuat-dieu-khien-va-tu-dong-hoa,X07,Điểm học bạ,2025,19.0,Kỹ thuật điều khiển và tự động hóa
7874,DBG,ky-thuat-dieu-khien-va-tu-dong-hoa,X08,Điểm học bạ,2025,19.0,Kỹ thuật điều khiển và tự động hóa
7875,DBG,ky-thuat-dieu-khien-va-tu-dong-hoa,X25,Điểm học bạ,2025,19.0,Kỹ thuật điều khiển và tự động hóa
7876,DBG,ky-thuat-dieu-khien-va-tu-dong-hoa,X37,Điểm học bạ,2025,19.0,Kỹ thuật điều khiển và tự động hóa
7877,DBG,ky-thuat-dieu-khien-va-tu-dong-hoa,A00,Điểm thi THPT,2025,16.25,Kỹ thuật điều khiển và tự động hóa
7878,DBG,ky-thuat-dieu-khien-va-tu-dong-hoa,A01,Điểm thi THPT,2025,16.25,Kỹ thuật điều khiển và tự động hóa
7879,DBG,ky-thuat-dieu-khien-va-tu-dong-hoa,C01,Điểm thi THPT,2025,16.25,Kỹ thuật điều khiển và tự động hóa
7880,DBG,ky-thuat-dieu-khien-va-tu-dong-hoa,C03,Điểm thi THPT,2025,16.25,Kỹ thuật điều khiển và tự động hóa
7881,DBG,ky-thuat-dieu-khien-va-tu-dong-hoa,C04,Điểm thi THPT,2025,16.25,Kỹ thuật điều khiển và tự động hóa
7882,DBG,ky-thuat-dieu-khien-va-tu-dong-hoa,D01,Điểm thi THPT,2025,16.25,Kỹ thuật điều khiển và tự động hóa
7883,DBG,ky-thuat-dieu-khien-va-tu-dong-hoa,D04,Điểm thi THPT,2025,16.25,Kỹ thuật điều khiển và tự động hóa
7884,DBG,ky-thuat-dieu-khien-va-tu-dong-hoa,D30,Điểm thi THPT,2025,16.25,Kỹ thuật điều khiển và tự động hóa
7885,DBG,ky-thuat-dieu-khien-va-tu-dong-hoa,X06,Điểm thi THPT,2025,16.25,Kỹ thuật điều khiển và tự động hóa
7886,DBG,ky-thuat-dieu-khien-va-tu-dong-hoa,X07,Điểm thi THPT,2025,16.25,Kỹ thuật điều khiển và tự động hóa
7887,DBG,ky-thuat-dieu-khien-va-tu-dong-hoa,X08,Điểm thi THPT,2025,16.25,Kỹ thuật điều khiển và tự động hóa
7888,DBG,ky-thuat-dieu-khien-va-tu-dong-hoa,X25,Điểm thi THPT,2025,16.25,Kỹ thuật điều khiển và tự động hóa
7889,DBG,ky-thuat-dieu-khien-va-tu-dong-hoa,X37,Điểm thi THPT,2025,16.25,Kỹ thuật điều khiển và tự động hóa
7890,DBG,ngon-ngu-anh,A00,Điểm học bạ,2024,23.0,Ngôn ngữ Anh
7891,DBG,ngon-ngu-anh,A01,Điểm học bạ,2024,23.0,Ngôn ngữ Anh
7892,DBG,ngon-ngu-anh,B00,Điểm học bạ,2024,23.0,Ngôn ngữ Anh
7893,DBG,ngon-ngu-anh,D01,Điểm học bạ,2024,23.0,Ngôn ngữ Anh
7894,DBG,ngon-ngu-anh,D14,Điểm học bạ,2024,6.0,Ngôn ngữ Anh
7895,DBG,ngon-ngu-anh,D15,Điểm học bạ,2024,6.0,Ngôn ngữ Anh
7896,DBG,ngon-ngu-anh,A00,Điểm thi THPT,2024,15.0,Ngôn ngữ Anh
7897,DBG,ngon-ngu-anh,D01,Điểm thi THPT,2024,15.0,Ngôn ngữ Anh
7898,DBG,ngon-ngu-anh,D14,Điểm thi THPT,2024,15.0,Ngôn ngữ Anh
7899,DBG,ngon-ngu-anh,D15,Điểm thi THPT,2024,15.0,Ngôn ngữ Anh
7900,DBG,ngon-ngu-anh,A01,Điểm học bạ,2025,18.0,Ngôn ngữ Anh
7901,DBG,ngon-ngu-anh,C00,Điểm học bạ,2025,18.0,Ngôn ngữ Anh
7902,DBG,ngon-ngu-anh,D09,Điểm học bạ,2025,18.0,Ngôn ngữ Anh
7903,DBG,ngon-ngu-anh,D10,Điểm học bạ,2025,18.0,Ngôn ngữ Anh
7904,DBG,ngon-ngu-anh,D11,Điểm học bạ,2025,18.0,Ngôn ngữ Anh
7905,DBG,ngon-ngu-anh,D14,Điểm học bạ,2025,18.0,Ngôn ngữ Anh
7906,DBG,ngon-ngu-anh,D20,Điểm học bạ,2025,18.0,Ngôn ngữ Anh
7907,DBG,ngon-ngu-anh,D30,Điểm học bạ,2025,18.0,Ngôn ngữ Anh
7908,DBG,ngon-ngu-anh,D40,Điểm học bạ,2025,18.0,Ngôn ngữ Anh
7909,DBG,ngon-ngu-anh,D55,Điểm học bạ,2025,18.0,Ngôn ngữ Anh
7910,DBG,ngon-ngu-anh,D65,Điểm học bạ,2025,18.0,Ngôn ngữ Anh
7911,DBG,ngon-ngu-anh,X25,Điểm học bạ,2025,18.0,Ngôn ngữ Anh
7912,DBG,ngon-ngu-anh,X37,Điểm học bạ,2025,18.0,Ngôn ngữ Anh
7913,DBG,ngon-ngu-anh,X70,Điểm học bạ,2025,18.0,Ngôn ngữ Anh
7914,DBG,ngon-ngu-anh,X78,Điểm học bạ,2025,18.0,Ngôn ngữ Anh
7915,DBG,ngon-ngu-anh,X90,Điểm học bạ,2025,18.0,Ngôn ngữ Anh
7916,DBG,ngon-ngu-anh,A01,Điểm thi THPT,2025,15.0,Ngôn ngữ Anh
7917,DBG,ngon-ngu-anh,C00,Điểm thi THPT,2025,15.0,Ngôn ngữ Anh
7918,DBG,ngon-ngu-anh,D09,Điểm thi THPT,2025,15.0,Ngôn ngữ Anh
7919,DBG,ngon-ngu-anh,D10,Điểm thi THPT,2025,15.0,Ngôn ngữ Anh
7920,DBG,ngon-ngu-anh,D11,Điểm thi THPT,2025,15.0,Ngôn ngữ Anh
7921,DBG,ngon-ngu-anh,D14,Điểm thi THPT,2025,15.0,Ngôn ngữ Anh
7922,DBG,ngon-ngu-anh,D20,Điểm thi THPT,2025,15.0,Ngôn ngữ Anh
7923,DBG,ngon-ngu-anh,D30,Điểm thi THPT,2025,15.0,Ngôn ngữ Anh
7924,DBG,ngon-ngu-anh,D40,Điểm thi THPT,2025,15.0,Ngôn ngữ Anh
7925,DBG,ngon-ngu-anh,D55,Điểm thi THPT,2025,15.0,Ngôn ngữ Anh
7926,DBG,ngon-ngu-anh,D65,Điểm thi THPT,2025,15.0,Ngôn ngữ Anh
7927,DBG,ngon-ngu-anh,X25,Điểm thi THPT,2025,15.0,Ngôn ngữ Anh
7928,DBG,ngon-ngu-anh,X37,Điểm thi THPT,2025,15.0,Ngôn ngữ Anh
7929,DBG,ngon-ngu-anh,X70,Điểm thi THPT,2025,15.0,Ngôn ngữ Anh
7930,DBG,ngon-ngu-anh,X78,Điểm thi THPT,2025,15.0,Ngôn ngữ Anh
7931,DBG,ngon-ngu-anh,X90,Điểm thi THPT,2025,15.0,Ngôn ngữ Anh
7932,DBG,ngon-ngu-trung-quoc,A00,Điểm thi THPT,2021,15.0,Ngôn ngữ Trung Quốc
7933,DBG,ngon-ngu-trung-quoc,A01,Điểm thi THPT,2021,15.0,Ngôn ngữ Trung Quốc
7934,DBG,ngon-ngu-trung-quoc,D01,Điểm thi THPT,2021,15.0,Ngôn ngữ Trung Quốc
7935,DBG,ngon-ngu-trung-quoc,A00,Điểm học bạ,2022,6.0,Ngôn ngữ Trung Quốc
7936,DBG,ngon-ngu-trung-quoc,A01,Điểm học bạ,2022,6.0,Ngôn ngữ Trung Quốc
7937,DBG,ngon-ngu-trung-quoc,B00,Điểm học bạ,2022,6.0,Ngôn ngữ Trung Quốc
7938,DBG,ngon-ngu-trung-quoc,D01,Điểm học bạ,2022,6.0,Ngôn ngữ Trung Quốc
7939,DBG,ngon-ngu-trung-quoc,A00,Điểm thi THPT,2022,15.0,Ngôn ngữ Trung Quốc
7940,DBG,ngon-ngu-trung-quoc,A01,Điểm thi THPT,2022,15.0,Ngôn ngữ Trung Quốc
7941,DBG,ngon-ngu-trung-quoc,B00,Điểm thi THPT,2022,15.0,Ngôn ngữ Trung Quốc
7942,DBG,ngon-ngu-trung-quoc,D01,Điểm thi THPT,2022,15.0,Ngôn ngữ Trung Quốc
7943,DBG,ngon-ngu-trung-quoc,A00,Điểm học bạ,2023,23.0,Ngôn ngữ Trung Quốc
7944,DBG,ngon-ngu-trung-quoc,A01,Điểm học bạ,2023,23.0,Ngôn ngữ Trung Quốc
7945,DBG,ngon-ngu-trung-quoc,B00,Điểm học bạ,2023,23.0,Ngôn ngữ Trung Quốc
7946,DBG,ngon-ngu-trung-quoc,D01,Điểm học bạ,2023,23.0,Ngôn ngữ Trung Quốc
7947,DBG,ngon-ngu-trung-quoc,A00,Điểm thi THPT,2023,15.0,Ngôn ngữ Trung Quốc
7948,DBG,ngon-ngu-trung-quoc,A01,Điểm thi THPT,2023,15.0,Ngôn ngữ Trung Quốc
7949,DBG,ngon-ngu-trung-quoc,B00,Điểm thi THPT,2023,15.0,Ngôn ngữ Trung Quốc
7950,DBG,ngon-ngu-trung-quoc,D01,Điểm thi THPT,2023,15.0,Ngôn ngữ Trung Quốc
7951,DBG,ngon-ngu-trung-quoc,A00,Điểm học bạ,2024,23.0,Ngôn ngữ Trung Quốc
7952,DBG,ngon-ngu-trung-quoc,A01,Điểm học bạ,2024,23.0,Ngôn ngữ Trung Quốc
7953,DBG,ngon-ngu-trung-quoc,B00,Điểm học bạ,2024,23.0,Ngôn ngữ Trung Quốc
7954,DBG,ngon-ngu-trung-quoc,D01,Điểm học bạ,2024,23.0,Ngôn ngữ Trung Quốc
7955,DBG,ngon-ngu-trung-quoc,D04,Điểm học bạ,2024,6.0,Ngôn ngữ Trung Quốc
7956,DBG,ngon-ngu-trung-quoc,D14,Điểm học bạ,2024,6.0,Ngôn ngữ Trung Quốc
7957,DBG,ngon-ngu-trung-quoc,D15,Điểm học bạ,2024,6.0,Ngôn ngữ Trung Quốc
7958,DBG,ngon-ngu-trung-quoc,D01,Điểm thi THPT,2024,15.0,Ngôn ngữ Trung Quốc
7959,DBG,ngon-ngu-trung-quoc,D04,Điểm thi THPT,2024,15.0,Ngôn ngữ Trung Quốc
7960,DBG,ngon-ngu-trung-quoc,D14,Điểm thi THPT,2024,15.0,Ngôn ngữ Trung Quốc
7961,DBG,ngon-ngu-trung-quoc,D15,Điểm thi THPT,2024,15.0,Ngôn ngữ Trung Quốc
7962,DBG,ngon-ngu-trung-quoc,A01,Điểm học bạ,2025,21.0,Ngôn ngữ Trung Quốc
7963,DBG,ngon-ngu-trung-quoc,C00,Điểm học bạ,2025,21.0,Ngôn ngữ Trung Quốc
7964,DBG,ngon-ngu-trung-quoc,D09,Điểm học bạ,2025,21.0,Ngôn ngữ Trung Quốc
7965,DBG,ngon-ngu-trung-quoc,D10,Điểm học bạ,2025,21.0,Ngôn ngữ Trung Quốc
7966,DBG,ngon-ngu-trung-quoc,D11,Điểm học bạ,2025,21.0,Ngôn ngữ Trung Quốc
7967,DBG,ngon-ngu-trung-quoc,D14,Điểm học bạ,2025,21.0,Ngôn ngữ Trung Quốc
7968,DBG,ngon-ngu-trung-quoc,D20,Điểm học bạ,2025,21.0,Ngôn ngữ Trung Quốc
7969,DBG,ngon-ngu-trung-quoc,D30,Điểm học bạ,2025,21.0,Ngôn ngữ Trung Quốc
7970,DBG,ngon-ngu-trung-quoc,D40,Điểm học bạ,2025,21.0,Ngôn ngữ Trung Quốc
7971,DBG,ngon-ngu-trung-quoc,D55,Điểm học bạ,2025,21.0,Ngôn ngữ Trung Quốc
7972,DBG,ngon-ngu-trung-quoc,D65,Điểm học bạ,2025,21.0,Ngôn ngữ Trung Quốc
7973,DBG,ngon-ngu-trung-quoc,X25,Điểm học bạ,2025,21.0,Ngôn ngữ Trung Quốc
7974,DBG,ngon-ngu-trung-quoc,X37,Điểm học bạ,2025,21.0,Ngôn ngữ Trung Quốc
7975,DBG,ngon-ngu-trung-quoc,X70,Điểm học bạ,2025,21.0,Ngôn ngữ Trung Quốc
7976,DBG,ngon-ngu-trung-quoc,X78,Điểm học bạ,2025,21.0,Ngôn ngữ Trung Quốc
7977,DBG,ngon-ngu-trung-quoc,X90,Điểm học bạ,2025,21.0,Ngôn ngữ Trung Quốc
7978,DBG,ngon-ngu-trung-quoc,A01,Điểm thi THPT,2025,18.75,Ngôn ngữ Trung Quốc
7979,DBG,ngon-ngu-trung-quoc,C00,Điểm thi THPT,2025,18.75,Ngôn ngữ Trung Quốc
7980,DBG,ngon-ngu-trung-quoc,D09,Điểm thi THPT,2025,18.75,Ngôn ngữ Trung Quốc
7981,DBG,ngon-ngu-trung-quoc,D10,Điểm thi THPT,2025,18.75,Ngôn ngữ Trung Quốc
7982,DBG,ngon-ngu-trung-quoc,D11,Điểm thi THPT,2025,18.75,Ngôn ngữ Trung Quốc
7983,DBG,ngon-ngu-trung-quoc,D14,Điểm thi THPT,2025,18.75,Ngôn ngữ Trung Quốc
7984,DBG,ngon-ngu-trung-quoc,D20,Điểm thi THPT,2025,18.75,Ngôn ngữ Trung Quốc
7985,DBG,ngon-ngu-trung-quoc,D30,Điểm thi THPT,2025,18.75,Ngôn ngữ Trung Quốc
7986,DBG,ngon-ngu-trung-quoc,D40,Điểm thi THPT,2025,18.75,Ngôn ngữ Trung Quốc
7987,DBG,ngon-ngu-trung-quoc,D55,Điểm thi THPT,2025,18.75,Ngôn ngữ Trung Quốc
7988,DBG,ngon-ngu-trung-quoc,D65,Điểm thi THPT,2025,18.75,Ngôn ngữ Trung Quốc
7989,DBG,ngon-ngu-trung-quoc,X25,Điểm thi THPT,2025,18.75,Ngôn ngữ Trung Quốc
7990,DBG,ngon-ngu-trung-quoc,X37,Điểm thi THPT,2025,18.75,Ngôn ngữ Trung Quốc
7991,DBG,ngon-ngu-trung-quoc,X70,Điểm thi THPT,2025,18.75,Ngôn ngữ Trung Quốc
7992,DBG,ngon-ngu-trung-quoc,X78,Điểm thi THPT,2025,18.75,Ngôn ngữ Trung Quốc
7993,DBG,ngon-ngu-trung-quoc,X90,Điểm thi THPT,2025,18.75,Ngôn ngữ Trung Quốc
7994,DBG,nong-nghiep,A00,Điểm học bạ,2024,23.0,Nông nghiệp
7995,DBG,nong-nghiep,A01,Điểm học bạ,2024,23.0,Nông nghiệp
7996,DBG,nong-nghiep,B00,Điểm học bạ,2024,23.0,Nông nghiệp
7997,DBG,nong-nghiep,D01,Điểm học bạ,2024,23.0,Nông nghiệp
7998,DBG,nong-nghiep,A00,Điểm thi THPT,2024,15.0,Nông nghiệp
7999,DBG,nong-nghiep,A01,Điểm thi THPT,2024,15.0,Nông nghiệp
8000,DBG,nong-nghiep,B00,Điểm thi THPT,2024,15.0,Nông nghiệp
8001,DBG,nong-nghiep,D01,Điểm thi THPT,2024,15.0,Nông nghiệp
8002,DBG,nong-nghiep,A00,Điểm học bạ,2025,18.0,Nông nghiệp
8003,DBG,nong-nghiep,A01,Điểm học bạ,2025,18.0,Nông nghiệp
8004,DBG,nong-nghiep,A07,Điểm học bạ,2025,18.0,Nông nghiệp
8005,DBG,nong-nghiep,B00,Điểm học bạ,2025,18.0,Nông nghiệp
8006,DBG,nong-nghiep,C03,Điểm học bạ,2025,18.0,Nông nghiệp
8007,DBG,nong-nghiep,D07,Điểm học bạ,2025,18.0,Nông nghiệp
8008,DBG,nong-nghiep,D08,Điểm học bạ,2025,18.0,Nông nghiệp
8009,DBG,nong-nghiep,D25,Điểm học bạ,2025,18.0,Nông nghiệp
8010,DBG,nong-nghiep,D30,Điểm học bạ,2025,18.0,Nông nghiệp
8011,DBG,nong-nghiep,D35,Điểm học bạ,2025,18.0,Nông nghiệp
8012,DBG,nong-nghiep,X13,Điểm học bạ,2025,18.0,Nông nghiệp
8013,DBG,nong-nghiep,X15,Điểm học bạ,2025,18.0,Nông nghiệp
8014,DBG,nong-nghiep,X16,Điểm học bạ,2025,18.0,Nông nghiệp
8015,DBG,nong-nghiep,A00,Điểm thi THPT,2025,15.0,Nông nghiệp
8016,DBG,nong-nghiep,A01,Điểm thi THPT,2025,15.0,Nông nghiệp
8017,DBG,nong-nghiep,A07,Điểm thi THPT,2025,15.0,Nông nghiệp
8018,DBG,nong-nghiep,B00,Điểm thi THPT,2025,15.0,Nông nghiệp
8019,DBG,nong-nghiep,C03,Điểm thi THPT,2025,15.0,Nông nghiệp
8020,DBG,nong-nghiep,D07,Điểm thi THPT,2025,15.0,Nông nghiệp
8021,DBG,nong-nghiep,D08,Điểm thi THPT,2025,15.0,Nông nghiệp
8022,DBG,nong-nghiep,D25,Điểm thi THPT,2025,15.0,Nông nghiệp
8023,DBG,nong-nghiep,D30,Điểm thi THPT,2025,15.0,Nông nghiệp
8024,DBG,nong-nghiep,D35,Điểm thi THPT,2025,15.0,Nông nghiệp
8025,DBG,nong-nghiep,X13,Điểm thi THPT,2025,15.0,Nông nghiệp
8026,DBG,nong-nghiep,X15,Điểm thi THPT,2025,15.0,Nông nghiệp
8027,DBG,nong-nghiep,X16,Điểm thi THPT,2025,15.0,Nông nghiệp
8028,DBG,quan-ly-dat-dai,A00,Điểm thi THPT,2021,15.0,Quản lý đất đai
8029,DBG,quan-ly-dat-dai,A01,Điểm thi THPT,2021,15.0,Quản lý đất đai
8030,DBG,quan-ly-dat-dai,B00,Điểm thi THPT,2021,15.0,Quản lý đất đai
8031,DBG,quan-ly-dat-dai,D01,Điểm thi THPT,2021,15.0,Quản lý đất đai
8032,DBG,quan-ly-dat-dai,A00,Điểm học bạ,2022,23.0,Quản lý đất đai
8033,DBG,quan-ly-dat-dai,A01,Điểm học bạ,2022,23.0,Quản lý đất đai
8034,DBG,quan-ly-dat-dai,B00,Điểm học bạ,2022,23.0,Quản lý đất đai
8035,DBG,quan-ly-dat-dai,D01,Điểm học bạ,2022,23.0,Quản lý đất đai
8036,DBG,quan-ly-dat-dai,A00,Điểm thi THPT,2022,15.0,Quản lý đất đai
8037,DBG,quan-ly-dat-dai,A01,Điểm thi THPT,2022,15.0,Quản lý đất đai
8038,DBG,quan-ly-dat-dai,B00,Điểm thi THPT,2022,15.0,Quản lý đất đai
8039,DBG,quan-ly-dat-dai,D01,Điểm thi THPT,2022,15.0,Quản lý đất đai
8040,DBG,quan-ly-dat-dai,A00,Điểm học bạ,2023,23.0,Quản lý đất đai
8041,DBG,quan-ly-dat-dai,A01,Điểm học bạ,2023,23.0,Quản lý đất đai
8042,DBG,quan-ly-dat-dai,B00,Điểm học bạ,2023,23.0,Quản lý đất đai
8043,DBG,quan-ly-dat-dai,D01,Điểm học bạ,2023,23.0,Quản lý đất đai
8044,DBG,quan-ly-dat-dai,A00,Điểm thi THPT,2023,15.0,Quản lý đất đai
8045,DBG,quan-ly-dat-dai,A01,Điểm thi THPT,2023,15.0,Quản lý đất đai
8046,DBG,quan-ly-dat-dai,B00,Điểm thi THPT,2023,15.0,Quản lý đất đai
8047,DBG,quan-ly-dat-dai,D01,Điểm thi THPT,2023,15.0,Quản lý đất đai
8048,DBG,quan-ly-dat-dai,A00,Điểm học bạ,2024,23.0,Quản lý đất đai
8049,DBG,quan-ly-dat-dai,A01,Điểm học bạ,2024,23.0,Quản lý đất đai
8050,DBG,quan-ly-dat-dai,B00,Điểm học bạ,2024,23.0,Quản lý đất đai
8051,DBG,quan-ly-dat-dai,D01,Điểm học bạ,2024,23.0,Quản lý đất đai
8052,DBG,quan-ly-dat-dai,A00,Điểm thi THPT,2024,15.0,Quản lý đất đai
8053,DBG,quan-ly-dat-dai,A01,Điểm thi THPT,2024,15.0,Quản lý đất đai
8054,DBG,quan-ly-dat-dai,B00,Điểm thi THPT,2024,15.0,Quản lý đất đai
8055,DBG,quan-ly-dat-dai,D01,Điểm thi THPT,2024,15.0,Quản lý đất đai
8056,DBG,quan-ly-dat-dai,A00,Điểm học bạ,2025,18.0,Quản lý đất đai
8057,DBG,quan-ly-dat-dai,A01,Điểm học bạ,2025,18.0,Quản lý đất đai
8058,DBG,quan-ly-dat-dai,A07,Điểm học bạ,2025,18.0,Quản lý đất đai
8059,DBG,quan-ly-dat-dai,C03,Điểm học bạ,2025,18.0,Quản lý đất đai
8060,DBG,quan-ly-dat-dai,C04,Điểm học bạ,2025,18.0,Quản lý đất đai
8061,DBG,quan-ly-dat-dai,D01,Điểm học bạ,2025,18.0,Quản lý đất đai
8062,DBG,quan-ly-dat-dai,D04,Điểm học bạ,2025,18.0,Quản lý đất đai
8063,DBG,quan-ly-dat-dai,D07,Điểm học bạ,2025,18.0,Quản lý đất đai
8064,DBG,quan-ly-dat-dai,D25,Điểm học bạ,2025,18.0,Quản lý đất đai
8065,DBG,quan-ly-dat-dai,D30,Điểm học bạ,2025,18.0,Quản lý đất đai
8066,DBG,quan-ly-dat-dai,X01,Điểm học bạ,2025,18.0,Quản lý đất đai
8067,DBG,quan-ly-dat-dai,X11,Điểm học bạ,2025,18.0,Quản lý đất đai
8068,DBG,quan-ly-dat-dai,X12,Điểm học bạ,2025,18.0,Quản lý đất đai
8069,DBG,quan-ly-dat-dai,A00,Điểm thi THPT,2025,15.0,Quản lý đất đai
8070,DBG,quan-ly-dat-dai,A01,Điểm thi THPT,2025,15.0,Quản lý đất đai
8071,DBG,quan-ly-dat-dai,A07,Điểm thi THPT,2025,15.0,Quản lý đất đai
8072,DBG,quan-ly-dat-dai,C03,Điểm thi THPT,2025,15.0,Quản lý đất đai
8073,DBG,quan-ly-dat-dai,C04,Điểm thi THPT,2025,15.0,Quản lý đất đai
8074,DBG,quan-ly-dat-dai,D01,Điểm thi THPT,2025,15.0,Quản lý đất đai
8075,DBG,quan-ly-dat-dai,D04,Điểm thi THPT,2025,15.0,Quản lý đất đai
8076,DBG,quan-ly-dat-dai,D07,Điểm thi THPT,2025,15.0,Quản lý đất đai
8077,DBG,quan-ly-dat-dai,D25,Điểm thi THPT,2025,15.0,Quản lý đất đai
8078,DBG,quan-ly-dat-dai,D30,Điểm thi THPT,2025,15.0,Quản lý đất đai
8079,DBG,quan-ly-dat-dai,X01,Điểm thi THPT,2025,15.0,Quản lý đất đai
8080,DBG,quan-ly-dat-dai,X11,Điểm thi THPT,2025,15.0,Quản lý đất đai
8081,DBG,quan-ly-dat-dai,X12,Điểm thi THPT,2025,15.0,Quản lý đất đai
8082,DBG,quan-ly-kinh-te,A00,Điểm học bạ,2025,18.0,Quản lý kinh tế
8083,DBG,quan-ly-kinh-te,A01,Điểm học bạ,2025,18.0,Quản lý kinh tế
8084,DBG,quan-ly-kinh-te,A07,Điểm học bạ,2025,18.0,Quản lý kinh tế
8085,DBG,quan-ly-kinh-te,C03,Điểm học bạ,2025,18.0,Quản lý kinh tế
8086,DBG,quan-ly-kinh-te,C04,Điểm học bạ,2025,18.0,Quản lý kinh tế
8087,DBG,quan-ly-kinh-te,D01,Điểm học bạ,2025,18.0,Quản lý kinh tế
8088,DBG,quan-ly-kinh-te,D04,Điểm học bạ,2025,18.0,Quản lý kinh tế
8089,DBG,quan-ly-kinh-te,D30,Điểm học bạ,2025,18.0,Quản lý kinh tế
8090,DBG,quan-ly-kinh-te,X01,Điểm học bạ,2025,18.0,Quản lý kinh tế
8091,DBG,quan-ly-kinh-te,X02,Điểm học bạ,2025,18.0,Quản lý kinh tế
8092,DBG,quan-ly-kinh-te,X25,Điểm học bạ,2025,18.0,Quản lý kinh tế
8093,DBG,quan-ly-kinh-te,X37,Điểm học bạ,2025,18.0,Quản lý kinh tế
8094,DBG,quan-ly-kinh-te,A00,Điểm thi THPT,2025,15.0,Quản lý kinh tế
8095,DBG,quan-ly-kinh-te,A01,Điểm thi THPT,2025,15.0,Quản lý kinh tế
8096,DBG,quan-ly-kinh-te,A07,Điểm thi THPT,2025,15.0,Quản lý kinh tế
8097,DBG,quan-ly-kinh-te,C03,Điểm thi THPT,2025,15.0,Quản lý kinh tế
8098,DBG,quan-ly-kinh-te,C04,Điểm thi THPT,2025,15.0,Quản lý kinh tế
8099,DBG,quan-ly-kinh-te,D01,Điểm thi THPT,2025,15.0,Quản lý kinh tế
8100,DBG,quan-ly-kinh-te,D04,Điểm thi THPT,2025,15.0,Quản lý kinh tế
8101,DBG,quan-ly-kinh-te,D30,Điểm thi THPT,2025,15.0,Quản lý kinh tế
8102,DBG,quan-ly-kinh-te,X01,Điểm thi THPT,2025,15.0,Quản lý kinh tế
8103,DBG,quan-ly-kinh-te,X02,Điểm thi THPT,2025,15.0,Quản lý kinh tế
8104,DBG,quan-ly-kinh-te,X25,Điểm thi THPT,2025,15.0,Quản lý kinh tế
8105,DBG,quan-ly-kinh-te,X37,Điểm thi THPT,2025,15.0,Quản lý kinh tế
8106,DBG,quan-ly-tai-nguyen-rung,A00,Điểm thi THPT,2021,15.0,Quản lý tài nguyên rừng (Kiểm lâm)
8107,DBG,quan-ly-tai-nguyen-rung,A01,Điểm thi THPT,2021,15.0,Quản lý tài nguyên rừng (Kiểm lâm)
8108,DBG,quan-ly-tai-nguyen-rung,B00,Điểm thi THPT,2021,15.0,Quản lý tài nguyên rừng (Kiểm lâm)
8109,DBG,quan-ly-tai-nguyen-rung,D01,Điểm thi THPT,2021,15.0,Quản lý tài nguyên rừng (Kiểm lâm)
8110,DBG,quan-ly-tai-nguyen-rung,A00,Điểm học bạ,2022,6.0,Quản lý tài nguyên rừng
8111,DBG,quan-ly-tai-nguyen-rung,A01,Điểm học bạ,2022,6.0,Quản lý tài nguyên rừng
8112,DBG,quan-ly-tai-nguyen-rung,B00,Điểm học bạ,2022,6.0,Quản lý tài nguyên rừng
8113,DBG,quan-ly-tai-nguyen-rung,D01,Điểm học bạ,2022,6.0,Quản lý tài nguyên rừng
8114,DBG,quan-ly-tai-nguyen-rung,A00,Điểm thi THPT,2022,15.0,Quản lý tài nguyên rừng
8115,DBG,quan-ly-tai-nguyen-rung,A01,Điểm thi THPT,2022,15.0,Quản lý tài nguyên rừng
8116,DBG,quan-ly-tai-nguyen-rung,B00,Điểm thi THPT,2022,15.0,Quản lý tài nguyên rừng
8117,DBG,quan-ly-tai-nguyen-rung,D01,Điểm thi THPT,2022,15.0,Quản lý tài nguyên rừng
8118,DBG,quan-ly-tai-nguyen-rung,A00,Điểm học bạ,2023,23.0,Quản lý tài nguyên rừng
8119,DBG,quan-ly-tai-nguyen-rung,A01,Điểm học bạ,2023,23.0,Quản lý tài nguyên rừng
8120,DBG,quan-ly-tai-nguyen-rung,B00,Điểm học bạ,2023,23.0,Quản lý tài nguyên rừng
8121,DBG,quan-ly-tai-nguyen-rung,D01,Điểm học bạ,2023,23.0,Quản lý tài nguyên rừng
8122,DBG,quan-ly-tai-nguyen-rung,A00,Điểm thi THPT,2023,15.0,Quản lý tài nguyên rừng
8123,DBG,quan-ly-tai-nguyen-rung,A01,Điểm thi THPT,2023,15.0,Quản lý tài nguyên rừng
8124,DBG,quan-ly-tai-nguyen-rung,B00,Điểm thi THPT,2023,15.0,Quản lý tài nguyên rừng
8125,DBG,quan-ly-tai-nguyen-rung,D01,Điểm thi THPT,2023,15.0,Quản lý tài nguyên rừng
8126,DBG,quan-ly-tai-nguyen-rung,A00,Điểm học bạ,2024,6.0,Quản lý tài nguyên rừng
8127,DBG,quan-ly-tai-nguyen-rung,A01,Điểm học bạ,2024,6.0,Quản lý tài nguyên rừng
8128,DBG,quan-ly-tai-nguyen-rung,B00,Điểm học bạ,2024,6.0,Quản lý tài nguyên rừng
8129,DBG,quan-ly-tai-nguyen-rung,D01,Điểm học bạ,2024,6.0,Quản lý tài nguyên rừng
8130,DBG,quan-ly-tai-nguyen-rung,A00,Điểm thi THPT,2024,15.0,Quản lý tài nguyên rừng
8131,DBG,quan-ly-tai-nguyen-rung,A01,Điểm thi THPT,2024,15.0,Quản lý tài nguyên rừng
8132,DBG,quan-ly-tai-nguyen-rung,B00,Điểm thi THPT,2024,15.0,Quản lý tài nguyên rừng
8133,DBG,quan-ly-tai-nguyen-rung,D01,Điểm thi THPT,2024,15.0,Quản lý tài nguyên rừng
8134,DBG,quan-ly-tai-nguyen-rung,A00,Điểm học bạ,2025,18.0,Quản lý tài nguyên rừng
8135,DBG,quan-ly-tai-nguyen-rung,A01,Điểm học bạ,2025,18.0,Quản lý tài nguyên rừng
8136,DBG,quan-ly-tai-nguyen-rung,A07,Điểm học bạ,2025,18.0,Quản lý tài nguyên rừng
8137,DBG,quan-ly-tai-nguyen-rung,B00,Điểm học bạ,2025,18.0,Quản lý tài nguyên rừng
8138,DBG,quan-ly-tai-nguyen-rung,C03,Điểm học bạ,2025,18.0,Quản lý tài nguyên rừng
8139,DBG,quan-ly-tai-nguyen-rung,D07,Điểm học bạ,2025,18.0,Quản lý tài nguyên rừng
8140,DBG,quan-ly-tai-nguyen-rung,D08,Điểm học bạ,2025,18.0,Quản lý tài nguyên rừng
8141,DBG,quan-ly-tai-nguyen-rung,D25,Điểm học bạ,2025,18.0,Quản lý tài nguyên rừng
8142,DBG,quan-ly-tai-nguyen-rung,D30,Điểm học bạ,2025,18.0,Quản lý tài nguyên rừng
8143,DBG,quan-ly-tai-nguyen-rung,D35,Điểm học bạ,2025,18.0,Quản lý tài nguyên rừng
8144,DBG,quan-ly-tai-nguyen-rung,X13,Điểm học bạ,2025,18.0,Quản lý tài nguyên rừng
8145,DBG,quan-ly-tai-nguyen-rung,X15,Điểm học bạ,2025,18.0,Quản lý tài nguyên rừng
8146,DBG,quan-ly-tai-nguyen-rung,X16,Điểm học bạ,2025,18.0,Quản lý tài nguyên rừng
8147,DBG,quan-ly-tai-nguyen-rung,A00,Điểm thi THPT,2025,15.0,Quản lý tài nguyên rừng
8148,DBG,quan-ly-tai-nguyen-rung,A01,Điểm thi THPT,2025,15.0,Quản lý tài nguyên rừng
8149,DBG,quan-ly-tai-nguyen-rung,A07,Điểm thi THPT,2025,15.0,Quản lý tài nguyên rừng
8150,DBG,quan-ly-tai-nguyen-rung,B00,Điểm thi THPT,2025,15.0,Quản lý tài nguyên rừng
8151,DBG,quan-ly-tai-nguyen-rung,C03,Điểm thi THPT,2025,15.0,Quản lý tài nguyên rừng
8152,DBG,quan-ly-tai-nguyen-rung,D07,Điểm thi THPT,2025,15.0,Quản lý tài nguyên rừng
8153,DBG,quan-ly-tai-nguyen-rung,D08,Điểm thi THPT,2025,15.0,Quản lý tài nguyên rừng
8154,DBG,quan-ly-tai-nguyen-rung,D25,Điểm thi THPT,2025,15.0,Quản lý tài nguyên rừng
8155,DBG,quan-ly-tai-nguyen-rung,D30,Điểm thi THPT,2025,15.0,Quản lý tài nguyên rừng
8156,DBG,quan-ly-tai-nguyen-rung,D35,Điểm thi THPT,2025,15.0,Quản lý tài nguyên rừng
8157,DBG,quan-ly-tai-nguyen-rung,X13,Điểm thi THPT,2025,15.0,Quản lý tài nguyên rừng
8158,DBG,quan-ly-tai-nguyen-rung,X15,Điểm thi THPT,2025,15.0,Quản lý tài nguyên rừng
8159,DBG,quan-ly-tai-nguyen-rung,X16,Điểm thi THPT,2025,15.0,Quản lý tài nguyên rừng
8160,DBG,quan-ly-tai-nguyen-va-moi-truong,A00,Điểm thi THPT,2021,15.0,Quản lý tài nguyên và môi trường
8161,DBG,quan-ly-tai-nguyen-va-moi-truong,A01,Điểm thi THPT,2021,15.0,Quản lý tài nguyên và môi trường
8162,DBG,quan-ly-tai-nguyen-va-moi-truong,B00,Điểm thi THPT,2021,15.0,Quản lý tài nguyên và môi trường
8163,DBG,quan-ly-tai-nguyen-va-moi-truong,D01,Điểm thi THPT,2021,15.0,Quản lý tài nguyên và môi trường
8164,DBG,quan-ly-tai-nguyen-va-moi-truong,A00,Điểm học bạ,2022,23.0,Quản lý tài nguyên và môi trường
8165,DBG,quan-ly-tai-nguyen-va-moi-truong,A01,Điểm học bạ,2022,23.0,Quản lý tài nguyên và môi trường
8166,DBG,quan-ly-tai-nguyen-va-moi-truong,B00,Điểm học bạ,2022,23.0,Quản lý tài nguyên và môi trường
8167,DBG,quan-ly-tai-nguyen-va-moi-truong,D01,Điểm học bạ,2022,23.0,Quản lý tài nguyên và môi trường
8168,DBG,quan-ly-tai-nguyen-va-moi-truong,A00,Điểm thi THPT,2022,15.0,Quản lý tài nguyên và môi trường
8169,DBG,quan-ly-tai-nguyen-va-moi-truong,A01,Điểm thi THPT,2022,15.0,Quản lý tài nguyên và môi trường
8170,DBG,quan-ly-tai-nguyen-va-moi-truong,B00,Điểm thi THPT,2022,15.0,Quản lý tài nguyên và môi trường
8171,DBG,quan-ly-tai-nguyen-va-moi-truong,D01,Điểm thi THPT,2022,15.0,Quản lý tài nguyên và môi trường
8172,DBG,quan-ly-tai-nguyen-va-moi-truong,A00,Điểm học bạ,2023,23.0,Quản lý tài nguyên và môi trường
8173,DBG,quan-ly-tai-nguyen-va-moi-truong,A01,Điểm học bạ,2023,23.0,Quản lý tài nguyên và môi trường
8174,DBG,quan-ly-tai-nguyen-va-moi-truong,B00,Điểm học bạ,2023,23.0,Quản lý tài nguyên và môi trường
8175,DBG,quan-ly-tai-nguyen-va-moi-truong,D01,Điểm học bạ,2023,23.0,Quản lý tài nguyên và môi trường
8176,DBG,quan-ly-tai-nguyen-va-moi-truong,A00,Điểm thi THPT,2023,15.0,Quản lý tài nguyên và môi trường
8177,DBG,quan-ly-tai-nguyen-va-moi-truong,A01,Điểm thi THPT,2023,15.0,Quản lý tài nguyên và môi trường
8178,DBG,quan-ly-tai-nguyen-va-moi-truong,B00,Điểm thi THPT,2023,15.0,Quản lý tài nguyên và môi trường
8179,DBG,quan-ly-tai-nguyen-va-moi-truong,D01,Điểm thi THPT,2023,15.0,Quản lý tài nguyên và môi trường
8180,DBG,quan-ly-tai-nguyen-va-moi-truong,A00,Điểm học bạ,2024,23.0,Quản lý tài nguyên và môi trường
8181,DBG,quan-ly-tai-nguyen-va-moi-truong,A01,Điểm học bạ,2024,6.0,Quản lý tài nguyên và môi trường
8182,DBG,quan-ly-tai-nguyen-va-moi-truong,B00,Điểm học bạ,2024,6.0,Quản lý tài nguyên và môi trường
8183,DBG,quan-ly-tai-nguyen-va-moi-truong,C20,Điểm học bạ,2024,6.0,Quản lý tài nguyên và môi trường
8184,DBG,quan-ly-tai-nguyen-va-moi-truong,D01,Điểm học bạ,2024,6.0,Quản lý tài nguyên và môi trường
8185,DBG,quan-ly-tai-nguyen-va-moi-truong,A01,Điểm thi THPT,2024,15.0,Quản lý tài nguyên và môi trường
8186,DBG,quan-ly-tai-nguyen-va-moi-truong,B00,Điểm thi THPT,2024,15.0,Quản lý tài nguyên và môi trường
8187,DBG,quan-ly-tai-nguyen-va-moi-truong,C20,Điểm thi THPT,2024,15.0,Quản lý tài nguyên và môi trường
8188,DBG,quan-ly-tai-nguyen-va-moi-truong,D01,Điểm thi THPT,2024,15.0,Quản lý tài nguyên và môi trường
8189,DBG,quan-ly-tai-nguyen-va-moi-truong,A00,Điểm học bạ,2025,18.0,Quản lý tài nguyên và môi trường
8190,DBG,quan-ly-tai-nguyen-va-moi-truong,A01,Điểm học bạ,2025,18.0,Quản lý tài nguyên và môi trường
8191,DBG,quan-ly-tai-nguyen-va-moi-truong,A07,Điểm học bạ,2025,18.0,Quản lý tài nguyên và môi trường
8192,DBG,quan-ly-tai-nguyen-va-moi-truong,C03,Điểm học bạ,2025,18.0,Quản lý tài nguyên và môi trường
8193,DBG,quan-ly-tai-nguyen-va-moi-truong,C04,Điểm học bạ,2025,18.0,Quản lý tài nguyên và môi trường
8194,DBG,quan-ly-tai-nguyen-va-moi-truong,D01,Điểm học bạ,2025,18.0,Quản lý tài nguyên và môi trường
8195,DBG,quan-ly-tai-nguyen-va-moi-truong,D04,Điểm học bạ,2025,18.0,Quản lý tài nguyên và môi trường
8196,DBG,quan-ly-tai-nguyen-va-moi-truong,D07,Điểm học bạ,2025,18.0,Quản lý tài nguyên và môi trường
8197,DBG,quan-ly-tai-nguyen-va-moi-truong,D25,Điểm học bạ,2025,18.0,Quản lý tài nguyên và môi trường
8198,DBG,quan-ly-tai-nguyen-va-moi-truong,D30,Điểm học bạ,2025,18.0,Quản lý tài nguyên và môi trường
8199,DBG,quan-ly-tai-nguyen-va-moi-truong,X01,Điểm học bạ,2025,18.0,Quản lý tài nguyên và môi trường
8200,DBG,quan-ly-tai-nguyen-va-moi-truong,X11,Điểm học bạ,2025,18.0,Quản lý tài nguyên và môi trường
8201,DBG,quan-ly-tai-nguyen-va-moi-truong,X12,Điểm học bạ,2025,18.0,Quản lý tài nguyên và môi trường
8202,DBG,quan-ly-tai-nguyen-va-moi-truong,A00,Điểm thi THPT,2025,15.0,Quản lý tài nguyên và môi trường
8203,DBG,quan-ly-tai-nguyen-va-moi-truong,A01,Điểm thi THPT,2025,15.0,Quản lý tài nguyên và môi trường
8204,DBG,quan-ly-tai-nguyen-va-moi-truong,A07,Điểm thi THPT,2025,15.0,Quản lý tài nguyên và môi trường
8205,DBG,quan-ly-tai-nguyen-va-moi-truong,C03,Điểm thi THPT,2025,15.0,Quản lý tài nguyên và môi trường
8206,DBG,quan-ly-tai-nguyen-va-moi-truong,C04,Điểm thi THPT,2025,15.0,Quản lý tài nguyên và môi trường
8207,DBG,quan-ly-tai-nguyen-va-moi-truong,D01,Điểm thi THPT,2025,15.0,Quản lý tài nguyên và môi trường
8208,DBG,quan-ly-tai-nguyen-va-moi-truong,D04,Điểm thi THPT,2025,15.0,Quản lý tài nguyên và môi trường
8209,DBG,quan-ly-tai-nguyen-va-moi-truong,D07,Điểm thi THPT,2025,15.0,Quản lý tài nguyên và môi trường
8210,DBG,quan-ly-tai-nguyen-va-moi-truong,D25,Điểm thi THPT,2025,15.0,Quản lý tài nguyên và môi trường
8211,DBG,quan-ly-tai-nguyen-va-moi-truong,D30,Điểm thi THPT,2025,15.0,Quản lý tài nguyên và môi trường
8212,DBG,quan-ly-tai-nguyen-va-moi-truong,X01,Điểm thi THPT,2025,15.0,Quản lý tài nguyên và môi trường
8213,DBG,quan-ly-tai-nguyen-va-moi-truong,X11,Điểm thi THPT,2025,15.0,Quản lý tài nguyên và môi trường
8214,DBG,quan-ly-tai-nguyen-va-moi-truong,X12,Điểm thi THPT,2025,15.0,Quản lý tài nguyên và môi trường
8215,DBG,quan-tri-dich-vu-du-lich-va-lu-hanh,A00,Điểm thi THPT,2021,15.0,Quản trị dịch vụ du lịch và lữ hành
8216,DBG,quan-tri-dich-vu-du-lich-va-lu-hanh,A01,Điểm thi THPT,2021,15.0,Quản trị dịch vụ du lịch và lữ hành
8217,DBG,quan-tri-dich-vu-du-lich-va-lu-hanh,B00,Điểm thi THPT,2021,15.0,Quản trị dịch vụ du lịch và lữ hành
8218,DBG,quan-tri-dich-vu-du-lich-va-lu-hanh,D01,Điểm thi THPT,2021,15.0,Quản trị dịch vụ du lịch và lữ hành
8219,DBG,quan-tri-dich-vu-du-lich-va-lu-hanh,A00,Điểm học bạ,2022,6.0,Quản trị dịch vụ du lịch và lữ hành
8220,DBG,quan-tri-dich-vu-du-lich-va-lu-hanh,A01,Điểm học bạ,2022,6.0,Quản trị dịch vụ du lịch và lữ hành
8221,DBG,quan-tri-dich-vu-du-lich-va-lu-hanh,B00,Điểm học bạ,2022,6.0,Quản trị dịch vụ du lịch và lữ hành
8222,DBG,quan-tri-dich-vu-du-lich-va-lu-hanh,D01,Điểm học bạ,2022,6.0,Quản trị dịch vụ du lịch và lữ hành
8223,DBG,quan-tri-dich-vu-du-lich-va-lu-hanh,A00,Điểm thi THPT,2022,15.0,Quản trị dịch vụ du lịch và lữ hành
8224,DBG,quan-tri-dich-vu-du-lich-va-lu-hanh,A01,Điểm thi THPT,2022,15.0,Quản trị dịch vụ du lịch và lữ hành
8225,DBG,quan-tri-dich-vu-du-lich-va-lu-hanh,B00,Điểm thi THPT,2022,15.0,Quản trị dịch vụ du lịch và lữ hành
8226,DBG,quan-tri-dich-vu-du-lich-va-lu-hanh,D01,Điểm thi THPT,2022,15.0,Quản trị dịch vụ du lịch và lữ hành
8227,DBG,quan-tri-dich-vu-du-lich-va-lu-hanh,A00,Điểm học bạ,2023,6.0,Quản trị dịch vụ du lịch và lữ hành
8228,DBG,quan-tri-dich-vu-du-lich-va-lu-hanh,A01,Điểm học bạ,2023,6.0,Quản trị dịch vụ du lịch và lữ hành
8229,DBG,quan-tri-dich-vu-du-lich-va-lu-hanh,B00,Điểm học bạ,2023,6.0,Quản trị dịch vụ du lịch và lữ hành
8230,DBG,quan-tri-dich-vu-du-lich-va-lu-hanh,D01,Điểm học bạ,2023,6.0,Quản trị dịch vụ du lịch và lữ hành
8231,DBG,quan-tri-dich-vu-du-lich-va-lu-hanh,A00,Điểm thi THPT,2023,15.0,Quản trị dịch vụ du lịch và lữ hành
8232,DBG,quan-tri-dich-vu-du-lich-va-lu-hanh,A01,Điểm thi THPT,2023,15.0,Quản trị dịch vụ du lịch và lữ hành
8233,DBG,quan-tri-dich-vu-du-lich-va-lu-hanh,B00,Điểm thi THPT,2023,15.0,Quản trị dịch vụ du lịch và lữ hành
8234,DBG,quan-tri-dich-vu-du-lich-va-lu-hanh,D01,Điểm thi THPT,2023,15.0,Quản trị dịch vụ du lịch và lữ hành
8235,DBG,quan-tri-dich-vu-du-lich-va-lu-hanh,A00,Điểm học bạ,2024,23.0,Quản trị dịch vụ du lịch và lữ hành
8236,DBG,quan-tri-dich-vu-du-lich-va-lu-hanh,A01,Điểm học bạ,2024,23.0,Quản trị dịch vụ du lịch và lữ hành
8237,DBG,quan-tri-dich-vu-du-lich-va-lu-hanh,B00,Điểm học bạ,2024,23.0,Quản trị dịch vụ du lịch và lữ hành
8238,DBG,quan-tri-dich-vu-du-lich-va-lu-hanh,C20,Điểm học bạ,2024,6.0,Quản trị dịch vụ du lịch và lữ hành
8239,DBG,quan-tri-dich-vu-du-lich-va-lu-hanh,D01,Điểm học bạ,2024,23.0,Quản trị dịch vụ du lịch và lữ hành
8240,DBG,quan-tri-dich-vu-du-lich-va-lu-hanh,A01,Điểm thi THPT,2024,15.0,Quản trị dịch vụ du lịch và lữ hành
8241,DBG,quan-tri-dich-vu-du-lich-va-lu-hanh,B00,Điểm thi THPT,2024,15.0,Quản trị dịch vụ du lịch và lữ hành
8242,DBG,quan-tri-dich-vu-du-lich-va-lu-hanh,C20,Điểm thi THPT,2024,15.0,Quản trị dịch vụ du lịch và lữ hành
8243,DBG,quan-tri-dich-vu-du-lich-va-lu-hanh,D01,Điểm thi THPT,2024,15.0,Quản trị dịch vụ du lịch và lữ hành
8244,DBG,quan-tri-kinh-doanh,A00,Điểm học bạ,2025,18.0,Quản trị kinh doanh
8245,DBG,quan-tri-kinh-doanh,A01,Điểm học bạ,2025,18.0,Quản trị kinh doanh
8246,DBG,quan-tri-kinh-doanh,A07,Điểm học bạ,2025,18.0,Quản trị kinh doanh
8247,DBG,quan-tri-kinh-doanh,C03,Điểm học bạ,2025,18.0,Quản trị kinh doanh
8248,DBG,quan-tri-kinh-doanh,C04,Điểm học bạ,2025,18.0,Quản trị kinh doanh
8249,DBG,quan-tri-kinh-doanh,D01,Điểm học bạ,2025,18.0,Quản trị kinh doanh
8250,DBG,quan-tri-kinh-doanh,D04,Điểm học bạ,2025,18.0,Quản trị kinh doanh
8251,DBG,quan-tri-kinh-doanh,D30,Điểm học bạ,2025,18.0,Quản trị kinh doanh
8252,DBG,quan-tri-kinh-doanh,X01,Điểm học bạ,2025,18.0,Quản trị kinh doanh
8253,DBG,quan-tri-kinh-doanh,X02,Điểm học bạ,2025,18.0,Quản trị kinh doanh
8254,DBG,quan-tri-kinh-doanh,X25,Điểm học bạ,2025,18.0,Quản trị kinh doanh
8255,DBG,quan-tri-kinh-doanh,X37,Điểm học bạ,2025,18.0,Quản trị kinh doanh
8256,DBG,quan-tri-kinh-doanh,A00,Điểm thi THPT,2025,15.0,Quản trị kinh doanh
8257,DBG,quan-tri-kinh-doanh,A01,Điểm thi THPT,2025,15.0,Quản trị kinh doanh
8258,DBG,quan-tri-kinh-doanh,A07,Điểm thi THPT,2025,15.0,Quản trị kinh doanh
8259,DBG,quan-tri-kinh-doanh,C03,Điểm thi THPT,2025,15.0,Quản trị kinh doanh
8260,DBG,quan-tri-kinh-doanh,C04,Điểm thi THPT,2025,15.0,Quản trị kinh doanh
8261,DBG,quan-tri-kinh-doanh,D01,Điểm thi THPT,2025,15.0,Quản trị kinh doanh
8262,DBG,quan-tri-kinh-doanh,D04,Điểm thi THPT,2025,15.0,Quản trị kinh doanh
8263,DBG,quan-tri-kinh-doanh,D30,Điểm thi THPT,2025,15.0,Quản trị kinh doanh
8264,DBG,quan-tri-kinh-doanh,X01,Điểm thi THPT,2025,15.0,Quản trị kinh doanh
8265,DBG,quan-tri-kinh-doanh,X02,Điểm thi THPT,2025,15.0,Quản trị kinh doanh
8266,DBG,quan-tri-kinh-doanh,X25,Điểm thi THPT,2025,15.0,Quản trị kinh doanh
8267,DBG,quan-tri-kinh-doanh,X37,Điểm thi THPT,2025,15.0,Quản trị kinh doanh
8268,DBG,thu-y,A00,Điểm thi THPT,2021,15.0,Thú y
8269,DBG,thu-y,A01,Điểm thi THPT,2021,15.0,Thú y
8270,DBG,thu-y,B00,Điểm thi THPT,2021,15.0,Thú y
8271,DBG,thu-y,D01,Điểm thi THPT,2021,15.0,Thú y
8272,DBG,thu-y,A00,Điểm học bạ,2022,23.0,Thú y
8273,DBG,thu-y,A01,Điểm học bạ,2022,23.0,Thú y
8274,DBG,thu-y,B00,Điểm học bạ,2022,23.0,Thú y
8275,DBG,thu-y,D01,Điểm học bạ,2022,23.0,Thú y
8276,DBG,thu-y,A00,Điểm thi THPT,2022,15.0,Thú y
8277,DBG,thu-y,A01,Điểm thi THPT,2022,15.0,Thú y
8278,DBG,thu-y,B00,Điểm thi THPT,2022,15.0,Thú y
8279,DBG,thu-y,D01,Điểm thi THPT,2022,15.0,Thú y
8280,DBG,thu-y,A00,Điểm học bạ,2023,23.0,Thú y
8281,DBG,thu-y,A01,Điểm học bạ,2023,23.0,Thú y
8282,DBG,thu-y,B00,Điểm học bạ,2023,23.0,Thú y
8283,DBG,thu-y,D01,Điểm học bạ,2023,23.0,Thú y
8284,DBG,thu-y,A00,Điểm thi THPT,2023,15.0,Thú y
8285,DBG,thu-y,A01,Điểm thi THPT,2023,15.0,Thú y
8286,DBG,thu-y,B00,Điểm thi THPT,2023,15.0,Thú y
8287,DBG,thu-y,D01,Điểm thi THPT,2023,15.0,Thú y
8288,DBG,thu-y,A00,Điểm học bạ,2024,6.0,Thú y
8289,DBG,thu-y,A01,Điểm học bạ,2024,6.0,Thú y
8290,DBG,thu-y,B00,Điểm học bạ,2024,6.0,Thú y
8291,DBG,thu-y,D01,Điểm học bạ,2024,6.0,Thú y
8292,DBG,thu-y,A00,Điểm thi THPT,2024,15.0,Thú y
8293,DBG,thu-y,A01,Điểm thi THPT,2024,15.0,Thú y
8294,DBG,thu-y,B00,Điểm thi THPT,2024,15.0,Thú y
8295,DBG,thu-y,D01,Điểm thi THPT,2024,15.0,Thú y
8296,DBG,thu-y,A00,Điểm học bạ,2025,18.0,Thú y
8297,DBG,thu-y,A01,Điểm học bạ,2025,18.0,Thú y
8298,DBG,thu-y,A07,Điểm học bạ,2025,18.0,Thú y
8299,DBG,thu-y,B00,Điểm học bạ,2025,18.0,Thú y
8300,DBG,thu-y,C03,Điểm học bạ,2025,18.0,Thú y
8301,DBG,thu-y,D07,Điểm học bạ,2025,18.0,Thú y
8302,DBG,thu-y,D08,Điểm học bạ,2025,18.0,Thú y
8303,DBG,thu-y,D25,Điểm học bạ,2025,18.0,Thú y
8304,DBG,thu-y,D30,Điểm học bạ,2025,18.0,Thú y
8305,DBG,thu-y,D35,Điểm học bạ,2025,18.0,Thú y
8306,DBG,thu-y,X13,Điểm học bạ,2025,18.0,Thú y
8307,DBG,thu-y,X15,Điểm học bạ,2025,18.0,Thú y
8308,DBG,thu-y,X16,Điểm học bạ,2025,18.0,Thú y
8309,DBG,thu-y,A00,Điểm thi THPT,2025,15.0,Thú y
8310,DBG,thu-y,A01,Điểm thi THPT,2025,15.0,Thú y
8311,DBG,thu-y,A07,Điểm thi THPT,2025,15.0,Thú y
8312,DBG,thu-y,B00,Điểm thi THPT,2025,15.0,Thú y
8313,DBG,thu-y,C03,Điểm thi THPT,2025,15.0,Thú y
8314,DBG,thu-y,D07,Điểm thi THPT,2025,15.0,Thú y
8315,DBG,thu-y,D08,Điểm thi THPT,2025,15.0,Thú y
8316,DBG,thu-y,D25,Điểm thi THPT,2025,15.0,Thú y
8317,DBG,thu-y,D30,Điểm thi THPT,2025,15.0,Thú y
8318,DBG,thu-y,D35,Điểm thi THPT,2025,15.0,Thú y
8319,DBG,thu-y,X13,Điểm thi THPT,2025,15.0,Thú y
8320,DBG,thu-y,X15,Điểm thi THPT,2025,15.0,Thú y
8321,DBG,thu-y,X16,Điểm thi THPT,2025,15.0,Thú y
8322,DBG,thuong-mai-dien-tu,A00,Điểm học bạ,2023,6.0,Thương mại điện tử
8323,DBG,thuong-mai-dien-tu,A01,Điểm học bạ,2023,6.0,Thương mại điện tử
8324,DBG,thuong-mai-dien-tu,C01,Điểm học bạ,2023,6.0,Thương mại điện tử
8325,DBG,thuong-mai-dien-tu,D01,Điểm học bạ,2023,6.0,Thương mại điện tử
8326,DBG,thuong-mai-dien-tu,D02,Điểm học bạ,2023,6.0,Thương mại điện tử
8327,DBG,thuong-mai-dien-tu,D04,Điểm học bạ,2023,6.0,Thương mại điện tử
8328,DBG,thuong-mai-dien-tu,D06,Điểm học bạ,2023,6.0,Thương mại điện tử
8329,DBG,thuong-mai-dien-tu,A00,Điểm thi THPT,2023,15.0,Thương mại điện tử
8330,DBG,thuong-mai-dien-tu,A01,Điểm thi THPT,2023,15.0,Thương mại điện tử
8331,DBG,thuong-mai-dien-tu,C01,Điểm thi THPT,2023,15.0,Thương mại điện tử
8332,DBG,thuong-mai-dien-tu,D01,Điểm thi THPT,2023,15.0,Thương mại điện tử
8333,DBG,thuong-mai-dien-tu,D02,Điểm thi THPT,2023,15.0,Thương mại điện tử
8334,DBG,thuong-mai-dien-tu,D04,Điểm thi THPT,2023,15.0,Thương mại điện tử
8335,DBG,thuong-mai-dien-tu,D06,Điểm thi THPT,2023,15.0,Thương mại điện tử
8336,DBG,thuong-mai-dien-tu,A00,Điểm học bạ,2024,23.0,Thương mại điện tử
8337,DBG,thuong-mai-dien-tu,A01,Điểm học bạ,2024,23.0,Thương mại điện tử
8338,DBG,thuong-mai-dien-tu,B00,Điểm học bạ,2024,23.0,Thương mại điện tử
8339,DBG,thuong-mai-dien-tu,C20,Điểm học bạ,2024,6.0,Thương mại điện tử
8340,DBG,thuong-mai-dien-tu,D01,Điểm học bạ,2024,23.0,Thương mại điện tử
8341,DBG,thuong-mai-dien-tu,A00,Điểm thi THPT,2024,15.0,Thương mại điện tử
8342,DBG,thuong-mai-dien-tu,B00,Điểm thi THPT,2024,15.0,Thương mại điện tử
8343,DBG,thuong-mai-dien-tu,C20,Điểm thi THPT,2024,15.0,Thương mại điện tử
8344,DBG,thuong-mai-dien-tu,D01,Điểm thi THPT,2024,15.0,Thương mại điện tử
8345,DBG,thuong-mai-dien-tu,A00,Điểm học bạ,2025,18.0,Thương mại điện tử
8346,DBG,thuong-mai-dien-tu,A01,Điểm học bạ,2025,18.0,Thương mại điện tử
8347,DBG,thuong-mai-dien-tu,A07,Điểm học bạ,2025,18.0,Thương mại điện tử
8348,DBG,thuong-mai-dien-tu,C03,Điểm học bạ,2025,18.0,Thương mại điện tử
8349,DBG,thuong-mai-dien-tu,C04,Điểm học bạ,2025,18.0,Thương mại điện tử
8350,DBG,thuong-mai-dien-tu,D01,Điểm học bạ,2025,18.0,Thương mại điện tử
8351,DBG,thuong-mai-dien-tu,D04,Điểm học bạ,2025,18.0,Thương mại điện tử
8352,DBG,thuong-mai-dien-tu,D30,Điểm học bạ,2025,18.0,Thương mại điện tử
8353,DBG,thuong-mai-dien-tu,X01,Điểm học bạ,2025,18.0,Thương mại điện tử
8354,DBG,thuong-mai-dien-tu,X02,Điểm học bạ,2025,18.0,Thương mại điện tử
8355,DBG,thuong-mai-dien-tu,X25,Điểm học bạ,2025,18.0,Thương mại điện tử
8356,DBG,thuong-mai-dien-tu,X37,Điểm học bạ,2025,18.0,Thương mại điện tử
8357,DBG,thuong-mai-dien-tu,A00,Điểm thi THPT,2025,15.0,Thương mại điện tử
8358,DBG,thuong-mai-dien-tu,A01,Điểm thi THPT,2025,15.0,Thương mại điện tử
8359,DBG,thuong-mai-dien-tu,A07,Điểm thi THPT,2025,15.0,Thương mại điện tử
8360,DBG,thuong-mai-dien-tu,C03,Điểm thi THPT,2025,15.0,Thương mại điện tử
8361,DBG,thuong-mai-dien-tu,C04,Điểm thi THPT,2025,15.0,Thương mại điện tử
8362,DBG,thuong-mai-dien-tu,D01,Điểm thi THPT,2025,15.0,Thương mại điện tử
8363,DBG,thuong-mai-dien-tu,D04,Điểm thi THPT,2025,15.0,Thương mại điện tử
8364,DBG,thuong-mai-dien-tu,D30,Điểm thi THPT,2025,15.0,Thương mại điện tử
8365,DBG,thuong-mai-dien-tu,X01,Điểm thi THPT,2025,15.0,Thương mại điện tử
8366,DBG,thuong-mai-dien-tu,X02,Điểm thi THPT,2025,15.0,Thương mại điện tử
8367,DBG,thuong-mai-dien-tu,X25,Điểm thi THPT,2025,15.0,Thương mại điện tử
8368,DBG,thuong-mai-dien-tu,X37,Điểm thi THPT,2025,15.0,Thương mại điện tử
8369,DBH,cong-nghe-thong-tin,A00,Điểm học bạ,2021,16.0,Công nghệ thông tin
8370,DBH,cong-nghe-thong-tin,A04,Điểm học bạ,2021,16.0,Công nghệ thông tin
8371,DBH,cong-nghe-thong-tin,B01,Điểm học bạ,2021,16.0,Công nghệ thông tin
8372,DBH,cong-nghe-thong-tin,D01,Điểm học bạ,2021,16.0,Công nghệ thông tin
8373,DBH,cong-nghe-thong-tin,A00,Điểm thi THPT,2021,16.0,Công nghệ thông tin
8374,DBH,cong-nghe-thong-tin,A04,Điểm thi THPT,2021,16.0,Công nghệ thông tin
8375,DBH,cong-nghe-thong-tin,B01,Điểm thi THPT,2021,16.0,Công nghệ thông tin
8376,DBH,cong-nghe-thong-tin,D01,Điểm thi THPT,2021,16.0,Công nghệ thông tin
8377,DBH,cong-nghe-thong-tin,A00,Điểm học bạ,2022,16.0,Công nghệ thông tin
8378,DBH,cong-nghe-thong-tin,A04,Điểm học bạ,2022,16.0,Công nghệ thông tin
8379,DBH,cong-nghe-thong-tin,B01,Điểm học bạ,2022,16.0,Công nghệ thông tin
8380,DBH,cong-nghe-thong-tin,D01,Điểm học bạ,2022,16.0,Công nghệ thông tin
8381,DBH,cong-nghe-thong-tin,A00,Điểm thi THPT,2022,16.0,Công nghệ thông tin
8382,DBH,cong-nghe-thong-tin,A04,Điểm thi THPT,2022,16.0,Công nghệ thông tin
8383,DBH,cong-nghe-thong-tin,B01,Điểm thi THPT,2022,16.0,Công nghệ thông tin
8384,DBH,cong-nghe-thong-tin,D01,Điểm thi THPT,2022,16.0,Công nghệ thông tin
8385,DBH,cong-nghe-thong-tin,A00,Điểm học bạ,2023,16.0,Công nghệ thông tin
8386,DBH,cong-nghe-thong-tin,A01,Điểm học bạ,2023,16.0,Công nghệ thông tin
8387,DBH,cong-nghe-thong-tin,A02,Điểm học bạ,2023,16.0,Công nghệ thông tin
8388,DBH,cong-nghe-thong-tin,A03,Điểm học bạ,2023,16.0,Công nghệ thông tin
8389,DBH,cong-nghe-thong-tin,A04,Điểm học bạ,2023,16.0,Công nghệ thông tin
8390,DBH,cong-nghe-thong-tin,A00,Điểm thi THPT,2023,16.0,Công nghệ thông tin
8391,DBH,cong-nghe-thong-tin,A01,Điểm thi THPT,2023,16.0,Công nghệ thông tin
8392,DBH,cong-nghe-thong-tin,A02,Điểm thi THPT,2023,16.0,Công nghệ thông tin
8393,DBH,cong-nghe-thong-tin,A03,Điểm thi THPT,2023,16.0,Công nghệ thông tin
8394,DBH,cong-nghe-thong-tin,A04,Điểm thi THPT,2023,16.0,Công nghệ thông tin
8395,DBH,cong-nghe-thong-tin,A00,Điểm học bạ,2024,16.0,Công nghệ thông tin
8396,DBH,cong-nghe-thong-tin,A01,Điểm học bạ,2024,16.0,Công nghệ thông tin
8397,DBH,cong-nghe-thong-tin,A02,Điểm học bạ,2024,16.0,Công nghệ thông tin
8398,DBH,cong-nghe-thong-tin,A03,Điểm học bạ,2024,16.0,Công nghệ thông tin
8399,DBH,cong-nghe-thong-tin,A04,Điểm học bạ,2024,16.0,Công nghệ thông tin
8400,DBH,cong-nghe-thong-tin,A00,Điểm thi THPT,2024,16.0,Công nghệ thông tin
8401,DBH,cong-nghe-thong-tin,A01,Điểm thi THPT,2024,16.0,Công nghệ thông tin
8402,DBH,cong-nghe-thong-tin,A02,Điểm thi THPT,2024,16.0,Công nghệ thông tin
8403,DBH,cong-nghe-thong-tin,A03,Điểm thi THPT,2024,16.0,Công nghệ thông tin
8404,DBH,cong-nghe-thong-tin,A04,Điểm thi THPT,2024,16.0,Công nghệ thông tin
8405,DBH,ke-toan,A04,Điểm học bạ,2021,17.0,Kế toán
8406,DBH,ke-toan,B00,Điểm học bạ,2021,17.0,Kế toán
8407,DBH,ke-toan,C00,Điểm học bạ,2021,17.0,Kế toán
8408,DBH,ke-toan,D01,Điểm học bạ,2021,17.0,Kế toán
8409,DBH,ke-toan,A04,Điểm thi THPT,2021,16.0,Kế toán
8410,DBH,ke-toan,B00,Điểm thi THPT,2021,16.0,Kế toán
8411,DBH,ke-toan,C00,Điểm thi THPT,2021,16.0,Kế toán
8412,DBH,ke-toan,D01,Điểm thi THPT,2021,16.0,Kế toán
8413,DBH,ke-toan,A04,Điểm học bạ,2022,16.0,Kế toán
8414,DBH,ke-toan,B00,Điểm học bạ,2022,16.0,Kế toán
8415,DBH,ke-toan,C00,Điểm học bạ,2022,16.0,Kế toán
8416,DBH,ke-toan,D01,Điểm học bạ,2022,16.0,Kế toán
8417,DBH,ke-toan,A04,Điểm thi THPT,2022,16.0,Kế toán
8418,DBH,ke-toan,B00,Điểm thi THPT,2022,16.0,Kế toán
8419,DBH,ke-toan,C00,Điểm thi THPT,2022,16.0,Kế toán
8420,DBH,ke-toan,D01,Điểm thi THPT,2022,16.0,Kế toán
8421,DBH,ke-toan,A00,Điểm học bạ,2023,16.0,Kế toán
8422,DBH,ke-toan,C00,Điểm học bạ,2023,16.0,Kế toán
8423,DBH,ke-toan,C14,Điểm học bạ,2023,16.0,Kế toán
8424,DBH,ke-toan,C20,Điểm học bạ,2023,16.0,Kế toán
8425,DBH,ke-toan,D01,Điểm học bạ,2023,16.0,Kế toán
8426,DBH,ke-toan,A00,Điểm thi THPT,2023,16.0,Kế toán
8427,DBH,ke-toan,C00,Điểm thi THPT,2023,16.0,Kế toán
8428,DBH,ke-toan,C14,Điểm thi THPT,2023,16.0,Kế toán
8429,DBH,ke-toan,C20,Điểm thi THPT,2023,16.0,Kế toán
8430,DBH,ke-toan,D01,Điểm thi THPT,2023,16.0,Kế toán
8431,DBH,ke-toan,A00,Điểm học bạ,2024,16.0,Kế toán
8432,DBH,ke-toan,C00,Điểm học bạ,2024,16.0,Kế toán
8433,DBH,ke-toan,C14,Điểm học bạ,2024,16.0,Kế toán
8434,DBH,ke-toan,C20,Điểm học bạ,2024,16.0,Kế toán
8435,DBH,ke-toan,D01,Điểm học bạ,2024,16.0,Kế toán
8436,DBH,ke-toan,A00,Điểm thi THPT,2024,16.0,Kế toán
8437,DBH,ke-toan,C00,Điểm thi THPT,2024,16.0,Kế toán
8438,DBH,ke-toan,C14,Điểm thi THPT,2024,16.0,Kế toán
8439,DBH,ke-toan,C20,Điểm thi THPT,2024,16.0,Kế toán
8440,DBH,ke-toan,D01,Điểm thi THPT,2024,16.0,Kế toán
8441,DBH,kinh-te-xay-dung,A00,Điểm học bạ,2021,16.0,Kinh tế xây dựng
8442,DBH,kinh-te-xay-dung,A04,Điểm học bạ,2021,16.0,Kinh tế xây dựng
8443,DBH,kinh-te-xay-dung,B01,Điểm học bạ,2021,16.0,Kinh tế xây dựng
8444,DBH,kinh-te-xay-dung,D01,Điểm học bạ,2021,16.0,Kinh tế xây dựng
8445,DBH,kinh-te-xay-dung,A00,Điểm thi THPT,2021,21.5,Kinh tế xây dựng
8446,DBH,kinh-te-xay-dung,A04,Điểm thi THPT,2021,21.5,Kinh tế xây dựng
8447,DBH,kinh-te-xay-dung,B01,Điểm thi THPT,2021,21.5,Kinh tế xây dựng
8448,DBH,kinh-te-xay-dung,D01,Điểm thi THPT,2021,21.5,Kinh tế xây dựng
8449,DBH,kinh-te-xay-dung,A00,Điểm học bạ,2022,16.0,Kinh tế xây dựng
8450,DBH,kinh-te-xay-dung,A04,Điểm học bạ,2022,16.0,Kinh tế xây dựng
8451,DBH,kinh-te-xay-dung,B01,Điểm học bạ,2022,16.0,Kinh tế xây dựng
8452,DBH,kinh-te-xay-dung,D01,Điểm học bạ,2022,16.0,Kinh tế xây dựng
8453,DBH,kinh-te-xay-dung,A00,Điểm thi THPT,2022,16.0,Kinh tế xây dựng
8454,DBH,kinh-te-xay-dung,A04,Điểm thi THPT,2022,16.0,Kinh tế xây dựng
8455,DBH,kinh-te-xay-dung,B01,Điểm thi THPT,2022,16.0,Kinh tế xây dựng
8456,DBH,kinh-te-xay-dung,D01,Điểm thi THPT,2022,16.0,Kinh tế xây dựng
8457,DBH,kinh-te-xay-dung,A00,Điểm học bạ,2023,15.0,Kinh tế Xây dựng
8458,DBH,kinh-te-xay-dung,A01,Điểm học bạ,2023,15.0,Kinh tế Xây dựng
8459,DBH,kinh-te-xay-dung,A04,Điểm học bạ,2023,15.0,Kinh tế Xây dựng
8460,DBH,kinh-te-xay-dung,A06,Điểm học bạ,2023,15.0,Kinh tế Xây dựng
8461,DBH,kinh-te-xay-dung,D01,Điểm học bạ,2023,15.0,Kinh tế Xây dựng
8462,DBH,kinh-te-xay-dung,A00,Điểm thi THPT,2023,15.0,Kinh tế Xây dựng
8463,DBH,kinh-te-xay-dung,A01,Điểm thi THPT,2023,15.0,Kinh tế Xây dựng
8464,DBH,kinh-te-xay-dung,A04,Điểm thi THPT,2023,15.0,Kinh tế Xây dựng
8465,DBH,kinh-te-xay-dung,A06,Điểm thi THPT,2023,15.0,Kinh tế Xây dựng
8466,DBH,kinh-te-xay-dung,D01,Điểm thi THPT,2023,15.0,Kinh tế Xây dựng
8467,DBH,kinh-te-xay-dung,A00,Điểm học bạ,2024,16.0,Kinh tế xây dựng
8468,DBH,kinh-te-xay-dung,A01,Điểm học bạ,2024,16.0,Kinh tế xây dựng
8469,DBH,kinh-te-xay-dung,A04,Điểm học bạ,2024,16.0,Kinh tế xây dựng
8470,DBH,kinh-te-xay-dung,A06,Điểm học bạ,2024,16.0,Kinh tế xây dựng
8471,DBH,kinh-te-xay-dung,D01,Điểm học bạ,2024,16.0,Kinh tế xây dựng
8472,DBH,kinh-te-xay-dung,A00,Điểm thi THPT,2024,16.0,Kinh tế xây dựng
8473,DBH,kinh-te-xay-dung,A01,Điểm thi THPT,2024,16.0,Kinh tế xây dựng
8474,DBH,kinh-te-xay-dung,A04,Điểm thi THPT,2024,16.0,Kinh tế xây dựng
8475,DBH,kinh-te-xay-dung,A06,Điểm thi THPT,2024,16.0,Kinh tế xây dựng
8476,DBH,kinh-te-xay-dung,D01,Điểm thi THPT,2024,16.0,Kinh tế xây dựng
8477,DBH,ky-thuat-dien-tu-vien-thong,A00,Điểm học bạ,2021,16.0,Kỹ thuật điện tử - viễn thông
8478,DBH,ky-thuat-dien-tu-vien-thong,A04,Điểm học bạ,2021,16.0,Kỹ thuật điện tử - viễn thông
8479,DBH,ky-thuat-dien-tu-vien-thong,B01,Điểm học bạ,2021,16.0,Kỹ thuật điện tử - viễn thông
8480,DBH,ky-thuat-dien-tu-vien-thong,D01,Điểm học bạ,2021,16.0,Kỹ thuật điện tử - viễn thông
8481,DBH,ky-thuat-dien-tu-vien-thong,A00,Điểm thi THPT,2021,21.5,Kỹ thuật điện tử - viễn thông
8482,DBH,ky-thuat-dien-tu-vien-thong,A04,Điểm thi THPT,2021,21.5,Kỹ thuật điện tử - viễn thông
8483,DBH,ky-thuat-dien-tu-vien-thong,B01,Điểm thi THPT,2021,21.5,Kỹ thuật điện tử - viễn thông
8484,DBH,ky-thuat-dien-tu-vien-thong,D01,Điểm thi THPT,2021,21.5,Kỹ thuật điện tử - viễn thông
8485,DBH,ky-thuat-dien-tu-vien-thong,A00,Điểm học bạ,2022,16.0,Kỹ thuật Điện tử - Viễn thông
8486,DBH,ky-thuat-dien-tu-vien-thong,A04,Điểm học bạ,2022,16.0,Kỹ thuật Điện tử - Viễn thông
8487,DBH,ky-thuat-dien-tu-vien-thong,B01,Điểm học bạ,2022,16.0,Kỹ thuật Điện tử - Viễn thông
8488,DBH,ky-thuat-dien-tu-vien-thong,D01,Điểm học bạ,2022,16.0,Kỹ thuật Điện tử - Viễn thông
8489,DBH,ky-thuat-dien-tu-vien-thong,A00,Điểm thi THPT,2022,16.0,Kỹ thuật Điện tử - Viễn thông
8490,DBH,ky-thuat-dien-tu-vien-thong,A04,Điểm thi THPT,2022,16.0,Kỹ thuật Điện tử - Viễn thông
8491,DBH,ky-thuat-dien-tu-vien-thong,B01,Điểm thi THPT,2022,16.0,Kỹ thuật Điện tử - Viễn thông
8492,DBH,ky-thuat-dien-tu-vien-thong,D01,Điểm thi THPT,2022,16.0,Kỹ thuật Điện tử - Viễn thông
8493,DBH,ky-thuat-dien-tu-vien-thong,A00,Điểm học bạ,2023,16.0,Kỹ thuật Điện tử - Viễn thông
8494,DBH,ky-thuat-dien-tu-vien-thong,A01,Điểm học bạ,2023,16.0,Kỹ thuật Điện tử - Viễn thông
8495,DBH,ky-thuat-dien-tu-vien-thong,A02,Điểm học bạ,2023,16.0,Kỹ thuật Điện tử - Viễn thông
8496,DBH,ky-thuat-dien-tu-vien-thong,A03,Điểm học bạ,2023,16.0,Kỹ thuật Điện tử - Viễn thông
8497,DBH,ky-thuat-dien-tu-vien-thong,A04,Điểm học bạ,2023,16.0,Kỹ thuật Điện tử - Viễn thông
8498,DBH,ky-thuat-dien-tu-vien-thong,A00,Điểm thi THPT,2023,16.0,Kỹ thuật Điện tử Viễn thông
8499,DBH,ky-thuat-dien-tu-vien-thong,A01,Điểm thi THPT,2023,16.0,Kỹ thuật Điện tử Viễn thông
8500,DBH,ky-thuat-dien-tu-vien-thong,A02,Điểm thi THPT,2023,16.0,Kỹ thuật Điện tử Viễn thông
8501,DBH,ky-thuat-dien-tu-vien-thong,A03,Điểm thi THPT,2023,16.0,Kỹ thuật Điện tử Viễn thông
8502,DBH,ky-thuat-dien-tu-vien-thong,A04,Điểm thi THPT,2023,16.0,Kỹ thuật Điện tử Viễn thông
8503,DBH,ky-thuat-dien-tu-vien-thong,A00,Điểm học bạ,2024,16.0,Kỹ thuật điện tử viễn thông
8504,DBH,ky-thuat-dien-tu-vien-thong,A01,Điểm học bạ,2024,16.0,Kỹ thuật điện tử viễn thông
8505,DBH,ky-thuat-dien-tu-vien-thong,A02,Điểm học bạ,2024,16.0,Kỹ thuật điện tử viễn thông
8506,DBH,ky-thuat-dien-tu-vien-thong,A03,Điểm học bạ,2024,16.0,Kỹ thuật điện tử viễn thông
8507,DBH,ky-thuat-dien-tu-vien-thong,A04,Điểm học bạ,2024,16.0,Kỹ thuật điện tử viễn thông
8508,DBH,ky-thuat-dien-tu-vien-thong,A00,Điểm thi THPT,2024,16.0,Kỹ thuật điện tử viễn thông
8509,DBH,ky-thuat-dien-tu-vien-thong,A01,Điểm thi THPT,2024,16.0,Kỹ thuật điện tử viễn thông
8510,DBH,ky-thuat-dien-tu-vien-thong,A02,Điểm thi THPT,2024,16.0,Kỹ thuật điện tử viễn thông
8511,DBH,ky-thuat-dien-tu-vien-thong,A03,Điểm thi THPT,2024,16.0,Kỹ thuật điện tử viễn thông
8512,DBH,ky-thuat-dien-tu-vien-thong,A04,Điểm thi THPT,2024,16.0,Kỹ thuật điện tử viễn thông
8513,DBH,ky-thuat-xay-dung,A00,Điểm học bạ,2021,16.0,Kỹ thuật xây dựng
8514,DBH,ky-thuat-xay-dung,A04,Điểm học bạ,2021,16.0,Kỹ thuật xây dựng
8515,DBH,ky-thuat-xay-dung,B01,Điểm học bạ,2021,16.0,Kỹ thuật xây dựng
8516,DBH,ky-thuat-xay-dung,D01,Điểm học bạ,2021,16.0,Kỹ thuật xây dựng
8517,DBH,ky-thuat-xay-dung,A00,Điểm thi THPT,2021,21.5,Kỹ thuật xây dựng
8518,DBH,ky-thuat-xay-dung,A04,Điểm thi THPT,2021,21.5,Kỹ thuật xây dựng
8519,DBH,ky-thuat-xay-dung,B01,Điểm thi THPT,2021,21.5,Kỹ thuật xây dựng
8520,DBH,ky-thuat-xay-dung,D01,Điểm thi THPT,2021,21.5,Kỹ thuật xây dựng
8521,DBH,ky-thuat-xay-dung,A00,Điểm học bạ,2022,16.0,Kỹ thuật Xây dựng
8522,DBH,ky-thuat-xay-dung,A04,Điểm học bạ,2022,16.0,Kỹ thuật Xây dựng
8523,DBH,ky-thuat-xay-dung,B01,Điểm học bạ,2022,16.0,Kỹ thuật Xây dựng
8524,DBH,ky-thuat-xay-dung,D01,Điểm học bạ,2022,16.0,Kỹ thuật Xây dựng
8525,DBH,ky-thuat-xay-dung,A00,Điểm thi THPT,2022,16.0,Kỹ thuật Xây dựng
8526,DBH,ky-thuat-xay-dung,A04,Điểm thi THPT,2022,16.0,Kỹ thuật Xây dựng
8527,DBH,ky-thuat-xay-dung,B01,Điểm thi THPT,2022,16.0,Kỹ thuật Xây dựng
8528,DBH,ky-thuat-xay-dung,D01,Điểm thi THPT,2022,16.0,Kỹ thuật Xây dựng
8529,DBH,ky-thuat-xay-dung,A00,Điểm học bạ,2023,15.5,Kỹ thuật Xây dựng
8530,DBH,ky-thuat-xay-dung,A01,Điểm học bạ,2023,15.5,Kỹ thuật Xây dựng
8531,DBH,ky-thuat-xay-dung,A04,Điểm học bạ,2023,15.5,Kỹ thuật Xây dựng
8532,DBH,ky-thuat-xay-dung,A06,Điểm học bạ,2023,15.5,Kỹ thuật Xây dựng
8533,DBH,ky-thuat-xay-dung,D01,Điểm học bạ,2023,15.5,Kỹ thuật Xây dựng
8534,DBH,ky-thuat-xay-dung,A00,Điểm thi THPT,2023,15.5,Kỹ thuật Xây dựng
8535,DBH,ky-thuat-xay-dung,A01,Điểm thi THPT,2023,15.5,Kỹ thuật Xây dựng
8536,DBH,ky-thuat-xay-dung,A04,Điểm thi THPT,2023,15.5,Kỹ thuật Xây dựng
8537,DBH,ky-thuat-xay-dung,A06,Điểm thi THPT,2023,15.5,Kỹ thuật Xây dựng
8538,DBH,ky-thuat-xay-dung,D01,Điểm thi THPT,2023,15.5,Kỹ thuật Xây dựng
8539,DBH,ky-thuat-xay-dung,A00,Điểm học bạ,2024,16.0,Kỹ thuật xây dựng
8540,DBH,ky-thuat-xay-dung,A01,Điểm học bạ,2024,16.0,Kỹ thuật xây dựng
8541,DBH,ky-thuat-xay-dung,A04,Điểm học bạ,2024,16.0,Kỹ thuật xây dựng
8542,DBH,ky-thuat-xay-dung,A06,Điểm học bạ,2024,16.0,Kỹ thuật xây dựng
8543,DBH,ky-thuat-xay-dung,D01,Điểm học bạ,2024,16.0,Kỹ thuật xây dựng
8544,DBH,ky-thuat-xay-dung,A00,Điểm thi THPT,2024,16.0,Kỹ thuật xây dựng
8545,DBH,ky-thuat-xay-dung,A01,Điểm thi THPT,2024,16.0,Kỹ thuật xây dựng
8546,DBH,ky-thuat-xay-dung,A04,Điểm thi THPT,2024,16.0,Kỹ thuật xây dựng
8547,DBH,ky-thuat-xay-dung,A06,Điểm thi THPT,2024,16.0,Kỹ thuật xây dựng
8548,DBH,ky-thuat-xay-dung,D01,Điểm thi THPT,2024,16.0,Kỹ thuật xây dựng
8549,DBH,ky-thuat-xay-dung-cong-trinh-giao-thong,A00,Điểm học bạ,2021,16.0,Kỹ thuật xây dựng công trình giao thông
8550,DBH,ky-thuat-xay-dung-cong-trinh-giao-thong,A04,Điểm học bạ,2021,16.0,Kỹ thuật xây dựng công trình giao thông
8551,DBH,ky-thuat-xay-dung-cong-trinh-giao-thong,B01,Điểm học bạ,2021,16.0,Kỹ thuật xây dựng công trình giao thông
8552,DBH,ky-thuat-xay-dung-cong-trinh-giao-thong,D01,Điểm học bạ,2021,16.0,Kỹ thuật xây dựng công trình giao thông
8553,DBH,ky-thuat-xay-dung-cong-trinh-giao-thong,A00,Điểm thi THPT,2021,21.5,Kỹ thuật xây dựng công trình giao thông
8554,DBH,ky-thuat-xay-dung-cong-trinh-giao-thong,A04,Điểm thi THPT,2021,21.5,Kỹ thuật xây dựng công trình giao thông
8555,DBH,ky-thuat-xay-dung-cong-trinh-giao-thong,B01,Điểm thi THPT,2021,21.5,Kỹ thuật xây dựng công trình giao thông
8556,DBH,ky-thuat-xay-dung-cong-trinh-giao-thong,D01,Điểm thi THPT,2021,21.5,Kỹ thuật xây dựng công trình giao thông
8557,DBH,ky-thuat-xay-dung-cong-trinh-giao-thong,A00,Điểm học bạ,2022,16.0,Kỹ thuật xây dựng công trình giao thông
8558,DBH,ky-thuat-xay-dung-cong-trinh-giao-thong,A04,Điểm học bạ,2022,16.0,Kỹ thuật xây dựng công trình giao thông
8559,DBH,ky-thuat-xay-dung-cong-trinh-giao-thong,B01,Điểm học bạ,2022,16.0,Kỹ thuật xây dựng công trình giao thông
8560,DBH,ky-thuat-xay-dung-cong-trinh-giao-thong,D01,Điểm học bạ,2022,16.0,Kỹ thuật xây dựng công trình giao thông
8561,DBH,ky-thuat-xay-dung-cong-trinh-giao-thong,A00,Điểm thi THPT,2022,16.0,Kỹ thuật xây dựng công trình giao thông
8562,DBH,ky-thuat-xay-dung-cong-trinh-giao-thong,A04,Điểm thi THPT,2022,16.0,Kỹ thuật xây dựng công trình giao thông
8563,DBH,ky-thuat-xay-dung-cong-trinh-giao-thong,B01,Điểm thi THPT,2022,16.0,Kỹ thuật xây dựng công trình giao thông
8564,DBH,ky-thuat-xay-dung-cong-trinh-giao-thong,D01,Điểm thi THPT,2022,16.0,Kỹ thuật xây dựng công trình giao thông
8565,DBH,ky-thuat-xay-dung-cong-trinh-giao-thong,A00,Điểm học bạ,2023,15.5,Kỹ thuật xây dựng công trình giao thông
8566,DBH,ky-thuat-xay-dung-cong-trinh-giao-thong,A01,Điểm học bạ,2023,15.5,Kỹ thuật xây dựng công trình giao thông
8567,DBH,ky-thuat-xay-dung-cong-trinh-giao-thong,A04,Điểm học bạ,2023,15.5,Kỹ thuật xây dựng công trình giao thông
8568,DBH,ky-thuat-xay-dung-cong-trinh-giao-thong,A06,Điểm học bạ,2023,15.5,Kỹ thuật xây dựng công trình giao thông
8569,DBH,ky-thuat-xay-dung-cong-trinh-giao-thong,D01,Điểm học bạ,2023,15.5,Kỹ thuật xây dựng công trình giao thông
8570,DBH,ky-thuat-xay-dung-cong-trinh-giao-thong,A00,Điểm thi THPT,2023,15.5,Kỹ thuật xây dựng công trình giao thông
8571,DBH,ky-thuat-xay-dung-cong-trinh-giao-thong,A01,Điểm thi THPT,2023,15.5,Kỹ thuật xây dựng công trình giao thông
8572,DBH,ky-thuat-xay-dung-cong-trinh-giao-thong,A04,Điểm thi THPT,2023,15.5,Kỹ thuật xây dựng công trình giao thông
8573,DBH,ky-thuat-xay-dung-cong-trinh-giao-thong,A06,Điểm thi THPT,2023,15.5,Kỹ thuật xây dựng công trình giao thông
8574,DBH,ky-thuat-xay-dung-cong-trinh-giao-thong,D01,Điểm thi THPT,2023,15.5,Kỹ thuật xây dựng công trình giao thông
8575,DBH,ky-thuat-xay-dung-cong-trinh-giao-thong,A00,Điểm học bạ,2024,16.0,Kỹ thuật xây dựng công trình giao thông
8576,DBH,ky-thuat-xay-dung-cong-trinh-giao-thong,A01,Điểm học bạ,2024,16.0,Kỹ thuật xây dựng công trình giao thông
8577,DBH,ky-thuat-xay-dung-cong-trinh-giao-thong,A04,Điểm học bạ,2024,16.0,Kỹ thuật xây dựng công trình giao thông
8578,DBH,ky-thuat-xay-dung-cong-trinh-giao-thong,A06,Điểm học bạ,2024,16.0,Kỹ thuật xây dựng công trình giao thông
8579,DBH,ky-thuat-xay-dung-cong-trinh-giao-thong,D01,Điểm học bạ,2024,16.0,Kỹ thuật xây dựng công trình giao thông
8580,DBH,ky-thuat-xay-dung-cong-trinh-giao-thong,A00,Điểm thi THPT,2024,16.0,Kỹ thuật xây dựng công trình giao thông
8581,DBH,ky-thuat-xay-dung-cong-trinh-giao-thong,A01,Điểm thi THPT,2024,16.0,Kỹ thuật xây dựng công trình giao thông
8582,DBH,ky-thuat-xay-dung-cong-trinh-giao-thong,A04,Điểm thi THPT,2024,16.0,Kỹ thuật xây dựng công trình giao thông
8583,DBH,ky-thuat-xay-dung-cong-trinh-giao-thong,A06,Điểm thi THPT,2024,16.0,Kỹ thuật xây dựng công trình giao thông
8584,DBH,ky-thuat-xay-dung-cong-trinh-giao-thong,D01,Điểm thi THPT,2024,16.0,Kỹ thuật xây dựng công trình giao thông
8585,DBH,quan-tri-kinh-doanh,A04,Điểm học bạ,2021,16.0,Quản trị kinh doanh
8586,DBH,quan-tri-kinh-doanh,B00,Điểm học bạ,2021,16.0,Quản trị kinh doanh
8587,DBH,quan-tri-kinh-doanh,C00,Điểm học bạ,2021,16.0,Quản trị kinh doanh
8588,DBH,quan-tri-kinh-doanh,D01,Điểm học bạ,2021,16.0,Quản trị kinh doanh
8589,DBH,quan-tri-kinh-doanh,A04,Điểm thi THPT,2021,16.0,Quản trị kinh doanh
8590,DBH,quan-tri-kinh-doanh,B00,Điểm thi THPT,2021,16.0,Quản trị kinh doanh
8591,DBH,quan-tri-kinh-doanh,C00,Điểm thi THPT,2021,16.0,Quản trị kinh doanh
8592,DBH,quan-tri-kinh-doanh,D01,Điểm thi THPT,2021,16.0,Quản trị kinh doanh
8593,DBH,quan-tri-kinh-doanh,A04,Điểm học bạ,2022,16.0,Quản trị kinh doanh
8594,DBH,quan-tri-kinh-doanh,B00,Điểm học bạ,2022,16.0,Quản trị kinh doanh
8595,DBH,quan-tri-kinh-doanh,C00,Điểm học bạ,2022,16.0,Quản trị kinh doanh
8596,DBH,quan-tri-kinh-doanh,D01,Điểm học bạ,2022,16.0,Quản trị kinh doanh
8597,DBH,quan-tri-kinh-doanh,A04,Điểm thi THPT,2022,16.0,Quản trị kinh doanh
8598,DBH,quan-tri-kinh-doanh,B00,Điểm thi THPT,2022,16.0,Quản trị kinh doanh
8599,DBH,quan-tri-kinh-doanh,C00,Điểm thi THPT,2022,16.0,Quản trị kinh doanh
8600,DBH,quan-tri-kinh-doanh,D01,Điểm thi THPT,2022,16.0,Quản trị kinh doanh
8601,DBH,quan-tri-kinh-doanh,A00,Điểm học bạ,2023,16.0,Quản trị kinh doanh
8602,DBH,quan-tri-kinh-doanh,C00,Điểm học bạ,2023,16.0,Quản trị kinh doanh
8603,DBH,quan-tri-kinh-doanh,C14,Điểm học bạ,2023,16.0,Quản trị kinh doanh
8604,DBH,quan-tri-kinh-doanh,C20,Điểm học bạ,2023,16.0,Quản trị kinh doanh
8605,DBH,quan-tri-kinh-doanh,D01,Điểm học bạ,2023,16.0,Quản trị kinh doanh
8606,DBH,quan-tri-kinh-doanh,A00,Điểm thi THPT,2023,16.0,Quản trị kinh doanh
8607,DBH,quan-tri-kinh-doanh,C00,Điểm thi THPT,2023,16.0,Quản trị kinh doanh
8608,DBH,quan-tri-kinh-doanh,C14,Điểm thi THPT,2023,16.0,Quản trị kinh doanh
8609,DBH,quan-tri-kinh-doanh,C20,Điểm thi THPT,2023,16.0,Quản trị kinh doanh
8610,DBH,quan-tri-kinh-doanh,D01,Điểm thi THPT,2023,16.0,Quản trị kinh doanh
8611,DBH,quan-tri-kinh-doanh,A00,Điểm học bạ,2024,16.0,Quản trị kinh doanh
8612,DBH,quan-tri-kinh-doanh,C00,Điểm học bạ,2024,16.0,Quản trị kinh doanh
8613,DBH,quan-tri-kinh-doanh,C14,Điểm học bạ,2024,16.0,Quản trị kinh doanh
8614,DBH,quan-tri-kinh-doanh,C20,Điểm học bạ,2024,16.0,Quản trị kinh doanh
8615,DBH,quan-tri-kinh-doanh,D01,Điểm học bạ,2024,16.0,Quản trị kinh doanh
8616,DBH,quan-tri-kinh-doanh,A00,Điểm thi THPT,2024,16.0,Quản trị kinh doanh
8617,DBH,quan-tri-kinh-doanh,C00,Điểm thi THPT,2024,16.0,Quản trị kinh doanh
8618,DBH,quan-tri-kinh-doanh,C14,Điểm thi THPT,2024,16.0,Quản trị kinh doanh
8619,DBH,quan-tri-kinh-doanh,C20,Điểm thi THPT,2024,16.0,Quản trị kinh doanh
8620,DBH,quan-tri-kinh-doanh,D01,Điểm thi THPT,2024,16.0,Quản trị kinh doanh
8621,DBH,tai-chinh-ngan-hang,A04,Điểm học bạ,2021,17.0,Tài chính - Ngân hàng
8622,DBH,tai-chinh-ngan-hang,B00,Điểm học bạ,2021,17.0,Tài chính - Ngân hàng
8623,DBH,tai-chinh-ngan-hang,C00,Điểm học bạ,2021,17.0,Tài chính - Ngân hàng
8624,DBH,tai-chinh-ngan-hang,D01,Điểm học bạ,2021,17.0,Tài chính - Ngân hàng
8625,DBH,tai-chinh-ngan-hang,A04,Điểm thi THPT,2021,16.0,Tài chính - Ngân hàng
8626,DBH,tai-chinh-ngan-hang,B00,Điểm thi THPT,2021,16.0,Tài chính - Ngân hàng
8627,DBH,tai-chinh-ngan-hang,C00,Điểm thi THPT,2021,16.0,Tài chính - Ngân hàng
8628,DBH,tai-chinh-ngan-hang,D01,Điểm thi THPT,2021,16.0,Tài chính - Ngân hàng
8629,DBH,tai-chinh-ngan-hang,A04,Điểm học bạ,2022,16.0,Tài chính - Ngân hàng
8630,DBH,tai-chinh-ngan-hang,B00,Điểm học bạ,2022,16.0,Tài chính - Ngân hàng
8631,DBH,tai-chinh-ngan-hang,C00,Điểm học bạ,2022,16.0,Tài chính - Ngân hàng
8632,DBH,tai-chinh-ngan-hang,D01,Điểm học bạ,2022,16.0,Tài chính - Ngân hàng
8633,DBH,tai-chinh-ngan-hang,A04,Điểm thi THPT,2022,16.0,Tài chính - Ngân hàng
8634,DBH,tai-chinh-ngan-hang,B00,Điểm thi THPT,2022,16.0,Tài chính - Ngân hàng
8635,DBH,tai-chinh-ngan-hang,C00,Điểm thi THPT,2022,16.0,Tài chính - Ngân hàng
8636,DBH,tai-chinh-ngan-hang,D01,Điểm thi THPT,2022,16.0,Tài chính - Ngân hàng
8637,DBH,tai-chinh-ngan-hang,A00,Điểm học bạ,2023,16.0,Tài chính ngân hàng
8638,DBH,tai-chinh-ngan-hang,C00,Điểm học bạ,2023,16.0,Tài chính ngân hàng
8639,DBH,tai-chinh-ngan-hang,C14,Điểm học bạ,2023,16.0,Tài chính ngân hàng
8640,DBH,tai-chinh-ngan-hang,C20,Điểm học bạ,2023,16.0,Tài chính ngân hàng
8641,DBH,tai-chinh-ngan-hang,D01,Điểm học bạ,2023,16.0,Tài chính ngân hàng
8642,DBH,tai-chinh-ngan-hang,A00,Điểm thi THPT,2023,16.0,Tài chính ngân hàng
8643,DBH,tai-chinh-ngan-hang,C00,Điểm thi THPT,2023,16.0,Tài chính ngân hàng
8644,DBH,tai-chinh-ngan-hang,C14,Điểm thi THPT,2023,16.0,Tài chính ngân hàng
8645,DBH,tai-chinh-ngan-hang,C20,Điểm thi THPT,2023,16.0,Tài chính ngân hàng
8646,DBH,tai-chinh-ngan-hang,D01,Điểm thi THPT,2023,16.0,Tài chính ngân hàng
8647,DBH,tai-chinh-ngan-hang,A00,Điểm học bạ,2024,16.0,Tài chính ngân hàng
8648,DBH,tai-chinh-ngan-hang,C00,Điểm học bạ,2024,16.0,Tài chính ngân hàng
8649,DBH,tai-chinh-ngan-hang,C14,Điểm học bạ,2024,16.0,Tài chính ngân hàng
8650,DBH,tai-chinh-ngan-hang,C20,Điểm học bạ,2024,16.0,Tài chính ngân hàng
8651,DBH,tai-chinh-ngan-hang,D01,Điểm học bạ,2024,16.0,Tài chính ngân hàng
8652,DBH,tai-chinh-ngan-hang,A00,Điểm thi THPT,2024,16.0,Tài chính ngân hàng
8653,DBH,tai-chinh-ngan-hang,C00,Điểm thi THPT,2024,16.0,Tài chính ngân hàng
8654,DBH,tai-chinh-ngan-hang,C14,Điểm thi THPT,2024,16.0,Tài chính ngân hàng
8655,DBH,tai-chinh-ngan-hang,C20,Điểm thi THPT,2024,16.0,Tài chính ngân hàng
8656,DBH,tai-chinh-ngan-hang,D01,Điểm thi THPT,2024,16.0,Tài chính ngân hàng
8657,DBL,bao-ve-thuc-vat,A01,Điểm học bạ,2021,18.0,Bảo vệ thực vật
8658,DBL,bao-ve-thuc-vat,A02,Điểm học bạ,2021,18.0,Bảo vệ thực vật
8659,DBL,bao-ve-thuc-vat,B00,Điểm học bạ,2021,18.0,Bảo vệ thực vật
8660,DBL,bao-ve-thuc-vat,D07,Điểm học bạ,2021,18.0,Bảo vệ thực vật
8661,DBL,bao-ve-thuc-vat,A02,Điểm thi THPT,2021,15.0,Bảo vệ thực vật
8662,DBL,bao-ve-thuc-vat,A16,Điểm thi THPT,2021,15.0,Bảo vệ thực vật
8663,DBL,bao-ve-thuc-vat,B00,Điểm thi THPT,2021,15.0,Bảo vệ thực vật
8664,DBL,bao-ve-thuc-vat,D90,Điểm thi THPT,2021,15.0,Bảo vệ thực vật
8665,DBL,bao-ve-thuc-vat,A00,Điểm học bạ,2022,18.0,Bảo vệ thực vật
8666,DBL,bao-ve-thuc-vat,B00,Điểm học bạ,2022,18.0,Bảo vệ thực vật
8667,DBL,bao-ve-thuc-vat,D07,Điểm học bạ,2022,18.0,Bảo vệ thực vật
8668,DBL,bao-ve-thuc-vat,A00,Điểm thi THPT,2022,15.0,Bảo vệ thực vật
8669,DBL,bao-ve-thuc-vat,B00,Điểm thi THPT,2022,15.0,Bảo vệ thực vật
8670,DBL,bao-ve-thuc-vat,D07,Điểm thi THPT,2022,15.0,Bảo vệ thực vật
8671,DBL,bao-ve-thuc-vat,D90,Điểm thi THPT,2022,15.0,Bảo vệ thực vật
8672,DBL,bao-ve-thuc-vat,A00,Điểm học bạ,2023,18.0,Bảo vệ thực vật
8673,DBL,bao-ve-thuc-vat,B00,Điểm học bạ,2023,18.0,Bảo vệ thực vật
8674,DBL,bao-ve-thuc-vat,D07,Điểm học bạ,2023,18.0,Bảo vệ thực vật
8675,DBL,bao-ve-thuc-vat,A00,Điểm thi THPT,2023,15.0,Bảo vệ thực vật
8676,DBL,bao-ve-thuc-vat,B00,Điểm thi THPT,2023,15.0,Bảo vệ thực vật
8677,DBL,bao-ve-thuc-vat,D07,Điểm thi THPT,2023,15.0,Bảo vệ thực vật
8678,DBL,bao-ve-thuc-vat,D90,Điểm thi THPT,2023,15.0,Bảo vệ thực vật
8679,DBL,bao-ve-thuc-vat,A00,Điểm học bạ,2024,18.0,Bảo vệ thực vật
8680,DBL,bao-ve-thuc-vat,B00,Điểm học bạ,2024,18.0,Bảo vệ thực vật
8681,DBL,bao-ve-thuc-vat,D07,Điểm học bạ,2024,18.0,Bảo vệ thực vật
8682,DBL,bao-ve-thuc-vat,A00,Điểm thi THPT,2024,15.0,Bảo vệ thực vật
8683,DBL,bao-ve-thuc-vat,B00,Điểm thi THPT,2024,15.0,Bảo vệ thực vật
8684,DBL,bao-ve-thuc-vat,D07,Điểm thi THPT,2024,15.0,Bảo vệ thực vật
8685,DBL,bao-ve-thuc-vat,D90,Điểm thi THPT,2024,15.0,Bảo vệ thực vật
8686,DBL,bao-ve-thuc-vat,B00,Điểm học bạ,2025,18.0,Bảo vệ thực vật
8687,DBL,bao-ve-thuc-vat,B03,Điểm học bạ,2025,18.0,Bảo vệ thực vật
8688,DBL,bao-ve-thuc-vat,C01,Điểm học bạ,2025,18.0,Bảo vệ thực vật
8689,DBL,bao-ve-thuc-vat,C02,Điểm học bạ,2025,18.0,Bảo vệ thực vật
8690,DBL,bao-ve-thuc-vat,C03,Điểm học bạ,2025,18.0,Bảo vệ thực vật
8691,DBL,bao-ve-thuc-vat,C04,Điểm học bạ,2025,18.0,Bảo vệ thực vật
8692,DBL,bao-ve-thuc-vat,D01,Điểm học bạ,2025,18.0,Bảo vệ thực vật
8693,DBL,bao-ve-thuc-vat,X04,Điểm học bạ,2025,18.0,Bảo vệ thực vật
8694,DBL,bao-ve-thuc-vat,X14,Điểm học bạ,2025,18.0,Bảo vệ thực vật
8695,DBL,bao-ve-thuc-vat,X16,Điểm học bạ,2025,18.0,Bảo vệ thực vật
8696,DBL,bao-ve-thuc-vat,B00,Điểm thi THPT,2025,15.0,Bảo vệ thực vật
8697,DBL,bao-ve-thuc-vat,B03,Điểm thi THPT,2025,15.0,Bảo vệ thực vật
8698,DBL,bao-ve-thuc-vat,C01,Điểm thi THPT,2025,15.0,Bảo vệ thực vật
8699,DBL,bao-ve-thuc-vat,C02,Điểm thi THPT,2025,15.0,Bảo vệ thực vật
8700,DBL,bao-ve-thuc-vat,C03,Điểm thi THPT,2025,15.0,Bảo vệ thực vật
8701,DBL,bao-ve-thuc-vat,C04,Điểm thi THPT,2025,15.0,Bảo vệ thực vật
8702,DBL,bao-ve-thuc-vat,D01,Điểm thi THPT,2025,15.0,Bảo vệ thực vật
8703,DBL,bao-ve-thuc-vat,X04,Điểm thi THPT,2025,15.0,Bảo vệ thực vật
8704,DBL,bao-ve-thuc-vat,X14,Điểm thi THPT,2025,15.0,Bảo vệ thực vật
8705,DBL,bao-ve-thuc-vat,X16,Điểm thi THPT,2025,15.0,Bảo vệ thực vật
8706,DBL,cao-dang-giao-duc-mam-non,M00,Điểm thi THPT,2024,20.7,Cao đẳng giáo dục Mầm non
8707,DBL,chan-nuoi,A01,Điểm học bạ,2021,18.0,Chăn nuôi
8708,DBL,chan-nuoi,A02,Điểm học bạ,2021,18.0,Chăn nuôi
8709,DBL,chan-nuoi,B00,Điểm học bạ,2021,18.0,Chăn nuôi
8710,DBL,chan-nuoi,D07,Điểm học bạ,2021,18.0,Chăn nuôi
8711,DBL,chan-nuoi,A02,Điểm thi THPT,2021,15.0,Chăn nuôi
8712,DBL,chan-nuoi,A16,Điểm thi THPT,2021,15.0,Chăn nuôi
8713,DBL,chan-nuoi,B00,Điểm thi THPT,2021,15.0,Chăn nuôi
8714,DBL,chan-nuoi,D90,Điểm thi THPT,2021,15.0,Chăn nuôi
8715,DBL,chan-nuoi,A00,Điểm học bạ,2022,18.0,Chăn nuôi
8716,DBL,chan-nuoi,B00,Điểm học bạ,2022,18.0,Chăn nuôi
8717,DBL,chan-nuoi,D07,Điểm học bạ,2022,18.0,Chăn nuôi
8718,DBL,chan-nuoi,A00,Điểm thi THPT,2022,15.0,Chăn nuôi
8719,DBL,chan-nuoi,B00,Điểm thi THPT,2022,15.0,Chăn nuôi
8720,DBL,chan-nuoi,D07,Điểm thi THPT,2022,15.0,Chăn nuôi
8721,DBL,chan-nuoi,D90,Điểm thi THPT,2022,15.0,Chăn nuôi
8722,DBL,chan-nuoi,A00,Điểm học bạ,2023,18.0,Chăn nuôi
8723,DBL,chan-nuoi,B00,Điểm học bạ,2023,18.0,Chăn nuôi
8724,DBL,chan-nuoi,D07,Điểm học bạ,2023,18.0,Chăn nuôi
8725,DBL,chan-nuoi,A00,Điểm thi THPT,2023,15.0,Chăn nuôi
8726,DBL,chan-nuoi,B00,Điểm thi THPT,2023,15.0,Chăn nuôi
8727,DBL,chan-nuoi,D07,Điểm thi THPT,2023,15.0,Chăn nuôi
8728,DBL,chan-nuoi,D90,Điểm thi THPT,2023,15.0,Chăn nuôi
8729,DBL,chan-nuoi,A00,Điểm học bạ,2024,18.0,Chăn nuôi
8730,DBL,chan-nuoi,B00,Điểm học bạ,2024,18.0,Chăn nuôi
8731,DBL,chan-nuoi,D07,Điểm học bạ,2024,18.0,Chăn nuôi
8732,DBL,chan-nuoi,A00,Điểm thi THPT,2024,15.0,Chăn nuôi
8733,DBL,chan-nuoi,B00,Điểm thi THPT,2024,15.0,Chăn nuôi
8734,DBL,chan-nuoi,D07,Điểm thi THPT,2024,15.0,Chăn nuôi
8735,DBL,chan-nuoi,D90,Điểm thi THPT,2024,15.0,Chăn nuôi
8736,DBL,chan-nuoi,B00,Điểm học bạ,2025,18.0,Chăn nuôi
8737,DBL,chan-nuoi,B03,Điểm học bạ,2025,18.0,Chăn nuôi
8738,DBL,chan-nuoi,C01,Điểm học bạ,2025,18.0,Chăn nuôi
8739,DBL,chan-nuoi,C02,Điểm học bạ,2025,18.0,Chăn nuôi
8740,DBL,chan-nuoi,C03,Điểm học bạ,2025,18.0,Chăn nuôi
8741,DBL,chan-nuoi,C04,Điểm học bạ,2025,18.0,Chăn nuôi
8742,DBL,chan-nuoi,D01,Điểm học bạ,2025,18.0,Chăn nuôi
8743,DBL,chan-nuoi,X04,Điểm học bạ,2025,18.0,Chăn nuôi
8744,DBL,chan-nuoi,X14,Điểm học bạ,2025,18.0,Chăn nuôi
8745,DBL,chan-nuoi,X16,Điểm học bạ,2025,18.0,Chăn nuôi
8746,DBL,chan-nuoi,B00,Điểm thi THPT,2025,15.0,Chăn nuôi
8747,DBL,chan-nuoi,B03,Điểm thi THPT,2025,15.0,Chăn nuôi
8748,DBL,chan-nuoi,C01,Điểm thi THPT,2025,15.0,Chăn nuôi
8749,DBL,chan-nuoi,C02,Điểm thi THPT,2025,15.0,Chăn nuôi
8750,DBL,chan-nuoi,C03,Điểm thi THPT,2025,15.0,Chăn nuôi
8751,DBL,chan-nuoi,C04,Điểm thi THPT,2025,15.0,Chăn nuôi
8752,DBL,chan-nuoi,D01,Điểm thi THPT,2025,15.0,Chăn nuôi
8753,DBL,chan-nuoi,X04,Điểm thi THPT,2025,15.0,Chăn nuôi
8754,DBL,chan-nuoi,X14,Điểm thi THPT,2025,15.0,Chăn nuôi
8755,DBL,chan-nuoi,X16,Điểm thi THPT,2025,15.0,Chăn nuôi
8756,DBL,cong-nghe-thong-tin,A00,Điểm học bạ,2021,18.0,Công nghệ thông tin
8757,DBL,cong-nghe-thong-tin,A01,Điểm học bạ,2021,18.0,Công nghệ thông tin
8758,DBL,cong-nghe-thong-tin,A02,Điểm học bạ,2021,18.0,Công nghệ thông tin
8759,DBL,cong-nghe-thong-tin,D07,Điểm học bạ,2021,18.0,Công nghệ thông tin
8760,DBL,cong-nghe-thong-tin,A00,Điểm thi THPT,2021,15.0,Công nghệ thông tin
8761,DBL,cong-nghe-thong-tin,A01,Điểm thi THPT,2021,15.0,Công nghệ thông tin
8762,DBL,cong-nghe-thong-tin,A16,Điểm thi THPT,2021,15.0,Công nghệ thông tin
8763,DBL,cong-nghe-thong-tin,D90,Điểm thi THPT,2021,15.0,Công nghệ thông tin
8764,DBL,cong-nghe-thong-tin,A00,Điểm học bạ,2022,18.0,Công nghệ thông tin
8765,DBL,cong-nghe-thong-tin,A01,Điểm học bạ,2022,18.0,Công nghệ thông tin
8766,DBL,cong-nghe-thong-tin,D07,Điểm học bạ,2022,18.0,Công nghệ thông tin
8767,DBL,cong-nghe-thong-tin,A00,Điểm thi THPT,2022,15.0,Công nghệ thông tin
8768,DBL,cong-nghe-thong-tin,A01,Điểm thi THPT,2022,15.0,Công nghệ thông tin
8769,DBL,cong-nghe-thong-tin,D07,Điểm thi THPT,2022,15.0,Công nghệ thông tin
8770,DBL,cong-nghe-thong-tin,D90,Điểm thi THPT,2022,15.0,Công nghệ thông tin
8771,DBL,cong-nghe-thong-tin,A00,Điểm học bạ,2023,18.0,Công nghệ thông tin
8772,DBL,cong-nghe-thong-tin,A01,Điểm học bạ,2023,18.0,Công nghệ thông tin
8773,DBL,cong-nghe-thong-tin,D07,Điểm học bạ,2023,18.0,Công nghệ thông tin
8774,DBL,cong-nghe-thong-tin,A00,Điểm thi THPT,2023,15.0,Công nghệ thông tin
8775,DBL,cong-nghe-thong-tin,A01,Điểm thi THPT,2023,15.0,Công nghệ thông tin
8776,DBL,cong-nghe-thong-tin,D07,Điểm thi THPT,2023,15.0,Công nghệ thông tin
8777,DBL,cong-nghe-thong-tin,D90,Điểm thi THPT,2023,15.0,Công nghệ thông tin
8778,DBL,cong-nghe-thong-tin,A00,Điểm học bạ,2024,18.0,Công nghệ thông tin
8779,DBL,cong-nghe-thong-tin,A01,Điểm học bạ,2024,18.0,Công nghệ thông tin
8780,DBL,cong-nghe-thong-tin,D07,Điểm học bạ,2024,18.0,Công nghệ thông tin
8781,DBL,cong-nghe-thong-tin,A00,Điểm thi THPT,2024,15.0,Công nghệ thông tin
8782,DBL,cong-nghe-thong-tin,A01,Điểm thi THPT,2024,15.0,Công nghệ thông tin
8783,DBL,cong-nghe-thong-tin,D07,Điểm thi THPT,2024,15.0,Công nghệ thông tin
8784,DBL,cong-nghe-thong-tin,D90,Điểm thi THPT,2024,15.0,Công nghệ thông tin
8785,DBL,cong-nghe-thong-tin,A00,Điểm học bạ,2025,18.0,Công nghệ thông tin
8786,DBL,cong-nghe-thong-tin,B03,Điểm học bạ,2025,18.0,Công nghệ thông tin
8787,DBL,cong-nghe-thong-tin,C01,Điểm học bạ,2025,18.0,Công nghệ thông tin
8788,DBL,cong-nghe-thong-tin,C02,Điểm học bạ,2025,18.0,Công nghệ thông tin
8789,DBL,cong-nghe-thong-tin,C03,Điểm học bạ,2025,18.0,Công nghệ thông tin
8790,DBL,cong-nghe-thong-tin,C04,Điểm học bạ,2025,18.0,Công nghệ thông tin
8791,DBL,cong-nghe-thong-tin,D01,Điểm học bạ,2025,18.0,Công nghệ thông tin
8792,DBL,cong-nghe-thong-tin,X02,Điểm học bạ,2025,18.0,Công nghệ thông tin
8793,DBL,cong-nghe-thong-tin,X03,Điểm học bạ,2025,18.0,Công nghệ thông tin
8794,DBL,cong-nghe-thong-tin,X26,Điểm học bạ,2025,18.0,Công nghệ thông tin
8795,DBL,cong-nghe-thong-tin,A00,Điểm thi THPT,2025,15.0,Công nghệ thông tin
8796,DBL,cong-nghe-thong-tin,B03,Điểm thi THPT,2025,15.0,Công nghệ thông tin
8797,DBL,cong-nghe-thong-tin,C01,Điểm thi THPT,2025,15.0,Công nghệ thông tin
8798,DBL,cong-nghe-thong-tin,C02,Điểm thi THPT,2025,15.0,Công nghệ thông tin
8799,DBL,cong-nghe-thong-tin,C03,Điểm thi THPT,2025,15.0,Công nghệ thông tin
8800,DBL,cong-nghe-thong-tin,C04,Điểm thi THPT,2025,15.0,Công nghệ thông tin
8801,DBL,cong-nghe-thong-tin,D01,Điểm thi THPT,2025,15.0,Công nghệ thông tin
8802,DBL,cong-nghe-thong-tin,X02,Điểm thi THPT,2025,15.0,Công nghệ thông tin
8803,DBL,cong-nghe-thong-tin,X03,Điểm thi THPT,2025,15.0,Công nghệ thông tin
8804,DBL,cong-nghe-thong-tin,X26,Điểm thi THPT,2025,15.0,Công nghệ thông tin
8805,DBL,giao-duc-mam-non,M00,Điểm học bạ,2021,19.5,Giáo dục Mầm non
8806,DBL,giao-duc-mam-non,M00,Điểm thi THPT,2021,17.0,Giáo dục Mầm non
8807,DBL,giao-duc-tieu-hoc,C00,Điểm học bạ,2024,26.0,Giáo dục tiểu học
8808,DBL,giao-duc-tieu-hoc,C03,Điểm học bạ,2024,26.0,Giáo dục tiểu học
8809,DBL,giao-duc-tieu-hoc,D01,Điểm học bạ,2024,26.0,Giáo dục tiểu học
8810,DBL,giao-duc-tieu-hoc,C00,Điểm thi THPT,2024,26.2,Giáo dục tiểu học
8811,DBL,giao-duc-tieu-hoc,C03,Điểm thi THPT,2024,26.2,Giáo dục tiểu học
8812,DBL,giao-duc-tieu-hoc,D01,Điểm thi THPT,2024,26.2,Giáo dục tiểu học
8813,DBL,giao-duc-tieu-hoc,D78,Điểm thi THPT,2024,26.2,Giáo dục tiểu học
8814,DBL,giao-duc-tieu-hoc,C00,Điểm học bạ,2025,27.49,Giáo dục tiểu học
8815,DBL,giao-duc-tieu-hoc,C01,Điểm học bạ,2025,27.49,Giáo dục tiểu học
8816,DBL,giao-duc-tieu-hoc,C02,Điểm học bạ,2025,27.49,Giáo dục tiểu học
8817,DBL,giao-duc-tieu-hoc,C03,Điểm học bạ,2025,27.49,Giáo dục tiểu học
8818,DBL,giao-duc-tieu-hoc,C04,Điểm học bạ,2025,27.49,Giáo dục tiểu học
8819,DBL,giao-duc-tieu-hoc,D01,Điểm học bạ,2025,27.49,Giáo dục tiểu học
8820,DBL,giao-duc-tieu-hoc,C00,Điểm thi THPT,2025,26.99,Giáo dục tiểu học
8821,DBL,giao-duc-tieu-hoc,C01,Điểm thi THPT,2025,26.99,Giáo dục tiểu học
8822,DBL,giao-duc-tieu-hoc,C02,Điểm thi THPT,2025,26.99,Giáo dục tiểu học
8823,DBL,giao-duc-tieu-hoc,C03,Điểm thi THPT,2025,26.99,Giáo dục tiểu học
8824,DBL,giao-duc-tieu-hoc,C04,Điểm thi THPT,2025,26.99,Giáo dục tiểu học
8825,DBL,giao-duc-tieu-hoc,D01,Điểm thi THPT,2025,26.99,Giáo dục tiểu học
8826,DBL,ke-toan,A00,Điểm học bạ,2021,18.0,Kế toán
8827,DBL,ke-toan,A01,Điểm học bạ,2021,18.0,Kế toán
8828,DBL,ke-toan,A02,Điểm học bạ,2021,18.0,Kế toán
8829,DBL,ke-toan,D01,Điểm học bạ,2021,18.0,Kế toán
8830,DBL,ke-toan,A00,Điểm thi THPT,2021,15.0,Kế toán
8831,DBL,ke-toan,A01,Điểm thi THPT,2021,15.0,Kế toán
8832,DBL,ke-toan,A16,Điểm thi THPT,2021,15.0,Kế toán
8833,DBL,ke-toan,D90,Điểm thi THPT,2021,15.0,Kế toán
8834,DBL,ke-toan,A00,Điểm học bạ,2022,18.0,Kế toán
8835,DBL,ke-toan,A01,Điểm học bạ,2022,18.0,Kế toán
8836,DBL,ke-toan,D01,Điểm học bạ,2022,18.0,Kế toán
8837,DBL,ke-toan,A00,Điểm thi THPT,2022,15.0,Kế toán
8838,DBL,ke-toan,A01,Điểm thi THPT,2022,15.0,Kế toán
8839,DBL,ke-toan,D01,Điểm thi THPT,2022,15.0,Kế toán
8840,DBL,ke-toan,D90,Điểm thi THPT,2022,15.0,Kế toán
8841,DBL,ke-toan,A00,Điểm học bạ,2023,18.0,Kế toán
8842,DBL,ke-toan,A01,Điểm học bạ,2023,18.0,Kế toán
8843,DBL,ke-toan,D01,Điểm học bạ,2023,18.0,Kế toán
8844,DBL,ke-toan,A00,Điểm thi THPT,2023,16.0,Kế toán
8845,DBL,ke-toan,A01,Điểm thi THPT,2023,16.0,Kế toán
8846,DBL,ke-toan,D01,Điểm thi THPT,2023,16.0,Kế toán
8847,DBL,ke-toan,D90,Điểm thi THPT,2023,16.0,Kế toán
8848,DBL,ke-toan,A00,Điểm học bạ,2024,18.0,Kế toán
8849,DBL,ke-toan,A01,Điểm học bạ,2024,18.0,Kế toán
8850,DBL,ke-toan,D01,Điểm học bạ,2024,18.0,Kế toán
8851,DBL,ke-toan,A00,Điểm thi THPT,2024,15.0,Kế toán
8852,DBL,ke-toan,A01,Điểm thi THPT,2024,15.0,Kế toán
8853,DBL,ke-toan,D01,Điểm thi THPT,2024,15.0,Kế toán
8854,DBL,ke-toan,D90,Điểm thi THPT,2024,15.0,Kế toán
8855,DBL,ke-toan,A00,Điểm học bạ,2025,18.0,Kế toán
8856,DBL,ke-toan,A01,Điểm học bạ,2025,18.0,Kế toán
8857,DBL,ke-toan,B03,Điểm học bạ,2025,18.0,Kế toán
8858,DBL,ke-toan,C01,Điểm học bạ,2025,18.0,Kế toán
8859,DBL,ke-toan,C02,Điểm học bạ,2025,18.0,Kế toán
8860,DBL,ke-toan,C03,Điểm học bạ,2025,18.0,Kế toán
8861,DBL,ke-toan,C04,Điểm học bạ,2025,18.0,Kế toán
8862,DBL,ke-toan,D01,Điểm học bạ,2025,18.0,Kế toán
8863,DBL,ke-toan,X01,Điểm học bạ,2025,18.0,Kế toán
8864,DBL,ke-toan,A00,Điểm thi THPT,2025,15.0,Kế toán
8865,DBL,ke-toan,A01,Điểm thi THPT,2025,15.0,Kế toán
8866,DBL,ke-toan,B03,Điểm thi THPT,2025,15.0,Kế toán
8867,DBL,ke-toan,C01,Điểm thi THPT,2025,15.0,Kế toán
8868,DBL,ke-toan,C02,Điểm thi THPT,2025,15.0,Kế toán
8869,DBL,ke-toan,C03,Điểm thi THPT,2025,15.0,Kế toán
8870,DBL,ke-toan,C04,Điểm thi THPT,2025,15.0,Kế toán
8871,DBL,ke-toan,D01,Điểm thi THPT,2025,15.0,Kế toán
8872,DBL,ke-toan,X01,Điểm thi THPT,2025,15.0,Kế toán
8873,DBL,khoa-hoc-moi-truong,A02,Điểm học bạ,2021,18.0,Khoa học môi trường
8874,DBL,khoa-hoc-moi-truong,A16,Điểm học bạ,2021,18.0,Khoa học môi trường
8875,DBL,khoa-hoc-moi-truong,B00,Điểm học bạ,2021,18.0,Khoa học môi trường
8876,DBL,khoa-hoc-moi-truong,D90,Điểm học bạ,2021,18.0,Khoa học môi trường
8877,DBL,khoa-hoc-moi-truong,A01,Điểm thi THPT,2021,15.0,Khoa học môi trường
8878,DBL,khoa-hoc-moi-truong,A02,Điểm thi THPT,2021,15.0,Khoa học môi trường
8879,DBL,khoa-hoc-moi-truong,B00,Điểm thi THPT,2021,15.0,Khoa học môi trường
8880,DBL,khoa-hoc-moi-truong,D07,Điểm thi THPT,2021,15.0,Khoa học môi trường
8881,DBL,khoa-hoc-moi-truong,A00,Điểm học bạ,2022,18.0,Khoa học môi trường
8882,DBL,khoa-hoc-moi-truong,B00,Điểm học bạ,2022,18.0,Khoa học môi trường
8883,DBL,khoa-hoc-moi-truong,D07,Điểm học bạ,2022,18.0,Khoa học môi trường
8884,DBL,khoa-hoc-moi-truong,A00,Điểm thi THPT,2022,15.0,Khoa học môi trường
8885,DBL,khoa-hoc-moi-truong,B00,Điểm thi THPT,2022,15.0,Khoa học môi trường
8886,DBL,khoa-hoc-moi-truong,D07,Điểm thi THPT,2022,15.0,Khoa học môi trường
8887,DBL,khoa-hoc-moi-truong,D90,Điểm thi THPT,2022,15.0,Khoa học môi trường
8888,DBL,khoa-hoc-moi-truong,A00,Điểm học bạ,2023,18.0,Khoa học môi trường
8889,DBL,khoa-hoc-moi-truong,B00,Điểm học bạ,2023,18.0,Khoa học môi trường
8890,DBL,khoa-hoc-moi-truong,D07,Điểm học bạ,2023,18.0,Khoa học môi trường
8891,DBL,khoa-hoc-moi-truong,A00,Điểm thi THPT,2023,15.0,Khoa học môi trường
8892,DBL,khoa-hoc-moi-truong,B00,Điểm thi THPT,2023,15.0,Khoa học môi trường
8893,DBL,khoa-hoc-moi-truong,D07,Điểm thi THPT,2023,15.0,Khoa học môi trường
8894,DBL,khoa-hoc-moi-truong,D90,Điểm thi THPT,2023,15.0,Khoa học môi trường
8895,DBL,khoa-hoc-moi-truong,A00,Điểm học bạ,2024,18.0,Khoa học môi trường
8896,DBL,khoa-hoc-moi-truong,B00,Điểm học bạ,2024,18.0,Khoa học môi trường
8897,DBL,khoa-hoc-moi-truong,D07,Điểm học bạ,2024,18.0,Khoa học môi trường
8898,DBL,khoa-hoc-moi-truong,A00,Điểm thi THPT,2024,15.0,Khoa học môi trường
8899,DBL,khoa-hoc-moi-truong,B00,Điểm thi THPT,2024,15.0,Khoa học môi trường
8900,DBL,khoa-hoc-moi-truong,D07,Điểm thi THPT,2024,15.0,Khoa học môi trường
8901,DBL,khoa-hoc-moi-truong,D90,Điểm thi THPT,2024,15.0,Khoa học môi trường
8902,DBL,khoa-hoc-moi-truong,B00,Điểm học bạ,2025,18.0,Khoa học môi trường
8903,DBL,khoa-hoc-moi-truong,B03,Điểm học bạ,2025,18.0,Khoa học môi trường
8904,DBL,khoa-hoc-moi-truong,C01,Điểm học bạ,2025,18.0,Khoa học môi trường
8905,DBL,khoa-hoc-moi-truong,C02,Điểm học bạ,2025,18.0,Khoa học môi trường
8906,DBL,khoa-hoc-moi-truong,C03,Điểm học bạ,2025,18.0,Khoa học môi trường
8907,DBL,khoa-hoc-moi-truong,C04,Điểm học bạ,2025,18.0,Khoa học môi trường
8908,DBL,khoa-hoc-moi-truong,D01,Điểm học bạ,2025,18.0,Khoa học môi trường
8909,DBL,khoa-hoc-moi-truong,X04,Điểm học bạ,2025,18.0,Khoa học môi trường
8910,DBL,khoa-hoc-moi-truong,X14,Điểm học bạ,2025,18.0,Khoa học môi trường
8911,DBL,khoa-hoc-moi-truong,X16,Điểm học bạ,2025,18.0,Khoa học môi trường
8912,DBL,khoa-hoc-moi-truong,B00,Điểm thi THPT,2025,15.0,Khoa học môi trường
8913,DBL,khoa-hoc-moi-truong,B03,Điểm thi THPT,2025,15.0,Khoa học môi trường
8914,DBL,khoa-hoc-moi-truong,C01,Điểm thi THPT,2025,15.0,Khoa học môi trường
8915,DBL,khoa-hoc-moi-truong,C02,Điểm thi THPT,2025,15.0,Khoa học môi trường
8916,DBL,khoa-hoc-moi-truong,C03,Điểm thi THPT,2025,15.0,Khoa học môi trường
8917,DBL,khoa-hoc-moi-truong,C04,Điểm thi THPT,2025,15.0,Khoa học môi trường
8918,DBL,khoa-hoc-moi-truong,D01,Điểm thi THPT,2025,15.0,Khoa học môi trường
8919,DBL,khoa-hoc-moi-truong,X04,Điểm thi THPT,2025,15.0,Khoa học môi trường
8920,DBL,khoa-hoc-moi-truong,X14,Điểm thi THPT,2025,15.0,Khoa học môi trường
8921,DBL,khoa-hoc-moi-truong,X16,Điểm thi THPT,2025,15.0,Khoa học môi trường
8922,DBL,ngon-ngu-anh,D01,Điểm học bạ,2021,18.0,Ngôn ngữ Anh
8923,DBL,ngon-ngu-anh,D09,Điểm học bạ,2021,18.0,Ngôn ngữ Anh
8924,DBL,ngon-ngu-anh,D14,Điểm học bạ,2021,18.0,Ngôn ngữ Anh
8925,DBL,ngon-ngu-anh,D15,Điểm học bạ,2021,18.0,Ngôn ngữ Anh
8926,DBL,ngon-ngu-anh,D01,Điểm thi THPT,2021,15.0,Ngôn ngữ Anh
8927,DBL,ngon-ngu-anh,D09,Điểm thi THPT,2021,15.0,Ngôn ngữ Anh
8928,DBL,ngon-ngu-anh,D14,Điểm thi THPT,2021,15.0,Ngôn ngữ Anh
8929,DBL,ngon-ngu-anh,D78,Điểm thi THPT,2021,15.0,Ngôn ngữ Anh
8930,DBL,ngon-ngu-anh,D01,Điểm học bạ,2022,18.0,Ngôn ngữ Anh
8931,DBL,ngon-ngu-anh,D09,Điểm học bạ,2022,18.0,Ngôn ngữ Anh
8932,DBL,ngon-ngu-anh,D14,Điểm học bạ,2022,18.0,Ngôn ngữ Anh
8933,DBL,ngon-ngu-anh,D01,Điểm thi THPT,2022,15.0,Ngôn ngữ Anh
8934,DBL,ngon-ngu-anh,D09,Điểm thi THPT,2022,15.0,Ngôn ngữ Anh
8935,DBL,ngon-ngu-anh,D14,Điểm thi THPT,2022,15.0,Ngôn ngữ Anh
8936,DBL,ngon-ngu-anh,D78,Điểm thi THPT,2022,15.0,Ngôn ngữ Anh
8937,DBL,ngon-ngu-anh,D01,Điểm học bạ,2023,18.0,Ngôn ngữ Anh
8938,DBL,ngon-ngu-anh,D09,Điểm học bạ,2023,18.0,Ngôn ngữ Anh
8939,DBL,ngon-ngu-anh,D14,Điểm học bạ,2023,18.0,Ngôn ngữ Anh
8940,DBL,ngon-ngu-anh,D01,Điểm thi THPT,2023,15.0,Ngôn ngữ Anh
8941,DBL,ngon-ngu-anh,D09,Điểm thi THPT,2023,15.0,Ngôn ngữ Anh
8942,DBL,ngon-ngu-anh,D14,Điểm thi THPT,2023,15.0,Ngôn ngữ Anh
8943,DBL,ngon-ngu-anh,D78,Điểm thi THPT,2023,15.0,Ngôn ngữ Anh
8944,DBL,ngon-ngu-anh,D01,Điểm học bạ,2024,18.0,Ngôn ngữ Anh
8945,DBL,ngon-ngu-anh,D09,Điểm học bạ,2024,18.0,Ngôn ngữ Anh
8946,DBL,ngon-ngu-anh,D14,Điểm học bạ,2024,18.0,Ngôn ngữ Anh
8947,DBL,ngon-ngu-anh,D01,Điểm thi THPT,2024,15.0,Ngôn ngữ Anh
8948,DBL,ngon-ngu-anh,D09,Điểm thi THPT,2024,15.0,Ngôn ngữ Anh
8949,DBL,ngon-ngu-anh,D14,Điểm thi THPT,2024,15.0,Ngôn ngữ Anh
8950,DBL,ngon-ngu-anh,D78,Điểm thi THPT,2024,15.0,Ngôn ngữ Anh
8951,DBL,ngon-ngu-anh,A01,Điểm học bạ,2025,18.0,Ngôn ngữ Anh
8952,DBL,ngon-ngu-anh,D01,Điểm học bạ,2025,18.0,Ngôn ngữ Anh
8953,DBL,ngon-ngu-anh,D07,Điểm học bạ,2025,18.0,Ngôn ngữ Anh
8954,DBL,ngon-ngu-anh,D08,Điểm học bạ,2025,18.0,Ngôn ngữ Anh
8955,DBL,ngon-ngu-anh,D09,Điểm học bạ,2025,18.0,Ngôn ngữ Anh
8956,DBL,ngon-ngu-anh,D10,Điểm học bạ,2025,18.0,Ngôn ngữ Anh
8957,DBL,ngon-ngu-anh,D11,Điểm học bạ,2025,18.0,Ngôn ngữ Anh
8958,DBL,ngon-ngu-anh,D14,Điểm học bạ,2025,18.0,Ngôn ngữ Anh
8959,DBL,ngon-ngu-anh,D15,Điểm học bạ,2025,18.0,Ngôn ngữ Anh
8960,DBL,ngon-ngu-anh,D84,Điểm học bạ,2025,18.0,Ngôn ngữ Anh
8961,DBL,ngon-ngu-anh,A01,Điểm thi THPT,2025,15.0,Ngôn ngữ Anh
8962,DBL,ngon-ngu-anh,D01,Điểm thi THPT,2025,15.0,Ngôn ngữ Anh
8963,DBL,ngon-ngu-anh,D07,Điểm thi THPT,2025,15.0,Ngôn ngữ Anh
8964,DBL,ngon-ngu-anh,D08,Điểm thi THPT,2025,15.0,Ngôn ngữ Anh
8965,DBL,ngon-ngu-anh,D09,Điểm thi THPT,2025,15.0,Ngôn ngữ Anh
8966,DBL,ngon-ngu-anh,D10,Điểm thi THPT,2025,15.0,Ngôn ngữ Anh
8967,DBL,ngon-ngu-anh,D11,Điểm thi THPT,2025,15.0,Ngôn ngữ Anh
8968,DBL,ngon-ngu-anh,D14,Điểm thi THPT,2025,15.0,Ngôn ngữ Anh
8969,DBL,ngon-ngu-anh,D15,Điểm thi THPT,2025,15.0,Ngôn ngữ Anh
8970,DBL,ngon-ngu-anh,D84,Điểm thi THPT,2025,15.0,Ngôn ngữ Anh
8971,DBL,nuoi-trong-thuc-vat,B00,Điểm học bạ,2025,18.0,Nuôi trồng thực vật
8972,DBL,nuoi-trong-thuc-vat,B03,Điểm học bạ,2025,18.0,Nuôi trồng thực vật
8973,DBL,nuoi-trong-thuc-vat,C01,Điểm học bạ,2025,18.0,Nuôi trồng thực vật
8974,DBL,nuoi-trong-thuc-vat,C02,Điểm học bạ,2025,18.0,Nuôi trồng thực vật
8975,DBL,nuoi-trong-thuc-vat,C03,Điểm học bạ,2025,18.0,Nuôi trồng thực vật
8976,DBL,nuoi-trong-thuc-vat,C04,Điểm học bạ,2025,18.0,Nuôi trồng thực vật
8977,DBL,nuoi-trong-thuc-vat,D01,Điểm học bạ,2025,18.0,Nuôi trồng thực vật
8978,DBL,nuoi-trong-thuc-vat,X04,Điểm học bạ,2025,18.0,Nuôi trồng thực vật
8979,DBL,nuoi-trong-thuc-vat,X14,Điểm học bạ,2025,18.0,Nuôi trồng thực vật
8980,DBL,nuoi-trong-thuc-vat,X16,Điểm học bạ,2025,18.0,Nuôi trồng thực vật
8981,DBL,nuoi-trong-thuc-vat,B00,Điểm thi THPT,2025,15.0,Nuôi trồng thực vật
8982,DBL,nuoi-trong-thuc-vat,B03,Điểm thi THPT,2025,15.0,Nuôi trồng thực vật
8983,DBL,nuoi-trong-thuc-vat,C01,Điểm thi THPT,2025,15.0,Nuôi trồng thực vật
8984,DBL,nuoi-trong-thuc-vat,C02,Điểm thi THPT,2025,15.0,Nuôi trồng thực vật
8985,DBL,nuoi-trong-thuc-vat,C03,Điểm thi THPT,2025,15.0,Nuôi trồng thực vật
8986,DBL,nuoi-trong-thuc-vat,C04,Điểm thi THPT,2025,15.0,Nuôi trồng thực vật
8987,DBL,nuoi-trong-thuc-vat,D01,Điểm thi THPT,2025,15.0,Nuôi trồng thực vật
8988,DBL,nuoi-trong-thuc-vat,X04,Điểm thi THPT,2025,15.0,Nuôi trồng thực vật
8989,DBL,nuoi-trong-thuc-vat,X14,Điểm thi THPT,2025,15.0,Nuôi trồng thực vật
8990,DBL,nuoi-trong-thuc-vat,X16,Điểm thi THPT,2025,15.0,Nuôi trồng thực vật
8991,DBL,nuoi-trong-thuy-san,A01,Điểm học bạ,2021,18.0,Nuôi trồng thủy sản
8992,DBL,nuoi-trong-thuy-san,A02,Điểm học bạ,2021,18.0,Nuôi trồng thủy sản
8993,DBL,nuoi-trong-thuy-san,B00,Điểm học bạ,2021,18.0,Nuôi trồng thủy sản
8994,DBL,nuoi-trong-thuy-san,D07,Điểm học bạ,2021,18.0,Nuôi trồng thủy sản
8995,DBL,nuoi-trong-thuy-san,A02,Điểm thi THPT,2021,15.0,Nuôi trồng thủy sản
8996,DBL,nuoi-trong-thuy-san,A16,Điểm thi THPT,2021,15.0,Nuôi trồng thủy sản
8997,DBL,nuoi-trong-thuy-san,B00,Điểm thi THPT,2021,15.0,Nuôi trồng thủy sản
8998,DBL,nuoi-trong-thuy-san,D90,Điểm thi THPT,2021,15.0,Nuôi trồng thủy sản
8999,DBL,nuoi-trong-thuy-san,A00,Điểm học bạ,2022,18.0,Nuôi trồng thủy sản
9000,DBL,nuoi-trong-thuy-san,B00,Điểm học bạ,2022,18.0,Nuôi trồng thủy sản
9001,DBL,nuoi-trong-thuy-san,D07,Điểm học bạ,2022,18.0,Nuôi trồng thủy sản
9002,DBL,nuoi-trong-thuy-san,A00,Điểm thi THPT,2022,15.0,Nuôi trồng thủy sản
9003,DBL,nuoi-trong-thuy-san,B00,Điểm thi THPT,2022,15.0,Nuôi trồng thủy sản
9004,DBL,nuoi-trong-thuy-san,D07,Điểm thi THPT,2022,15.0,Nuôi trồng thủy sản
9005,DBL,nuoi-trong-thuy-san,D90,Điểm thi THPT,2022,15.0,Nuôi trồng thủy sản
9006,DBL,nuoi-trong-thuy-san,A00,Điểm học bạ,2023,18.0,Nuôi trồng thủy sản
9007,DBL,nuoi-trong-thuy-san,B00,Điểm học bạ,2023,18.0,Nuôi trồng thủy sản
9008,DBL,nuoi-trong-thuy-san,D07,Điểm học bạ,2023,18.0,Nuôi trồng thủy sản
9009,DBL,nuoi-trong-thuy-san,A00,Điểm thi THPT,2023,15.0,Nuôi trồng thủy sản
9010,DBL,nuoi-trong-thuy-san,B00,Điểm thi THPT,2023,15.0,Nuôi trồng thủy sản
9011,DBL,nuoi-trong-thuy-san,D07,Điểm thi THPT,2023,15.0,Nuôi trồng thủy sản
9012,DBL,nuoi-trong-thuy-san,D90,Điểm thi THPT,2023,15.0,Nuôi trồng thủy sản
9013,DBL,nuoi-trong-thuy-san,A00,Điểm học bạ,2024,18.0,Nuôi trồng thủy sản
9014,DBL,nuoi-trong-thuy-san,B00,Điểm học bạ,2024,18.0,Nuôi trồng thủy sản
9015,DBL,nuoi-trong-thuy-san,D07,Điểm học bạ,2024,18.0,Nuôi trồng thủy sản
9016,DBL,nuoi-trong-thuy-san,A00,Điểm thi THPT,2024,15.0,Nuôi trồng thủy sản
9017,DBL,nuoi-trong-thuy-san,B00,Điểm thi THPT,2024,15.0,Nuôi trồng thủy sản
9018,DBL,nuoi-trong-thuy-san,D07,Điểm thi THPT,2024,15.0,Nuôi trồng thủy sản
9019,DBL,nuoi-trong-thuy-san,D90,Điểm thi THPT,2024,15.0,Nuôi trồng thủy sản
9020,DBL,quan-tri-kinh-doanh,A00,Điểm học bạ,2021,18.0,Quản trị kinh doanh
9021,DBL,quan-tri-kinh-doanh,A01,Điểm học bạ,2021,18.0,Quản trị kinh doanh
9022,DBL,quan-tri-kinh-doanh,A02,Điểm học bạ,2021,18.0,Quản trị kinh doanh
9023,DBL,quan-tri-kinh-doanh,D01,Điểm học bạ,2021,18.0,Quản trị kinh doanh
9024,DBL,quan-tri-kinh-doanh,A00,Điểm thi THPT,2021,15.0,Quản trị kinh doanh
9025,DBL,quan-tri-kinh-doanh,A01,Điểm thi THPT,2021,15.0,Quản trị kinh doanh
9026,DBL,quan-tri-kinh-doanh,A16,Điểm thi THPT,2021,15.0,Quản trị kinh doanh
9027,DBL,quan-tri-kinh-doanh,D90,Điểm thi THPT,2021,15.0,Quản trị kinh doanh
9028,DBL,quan-tri-kinh-doanh,A00,Điểm học bạ,2022,18.0,Quản trị kinh doanh
9029,DBL,quan-tri-kinh-doanh,A01,Điểm học bạ,2022,18.0,Quản trị kinh doanh
9030,DBL,quan-tri-kinh-doanh,D01,Điểm học bạ,2022,18.0,Quản trị kinh doanh
9031,DBL,quan-tri-kinh-doanh,A00,Điểm thi THPT,2022,15.0,Quản trị kinh doanh
9032,DBL,quan-tri-kinh-doanh,A01,Điểm thi THPT,2022,15.0,Quản trị kinh doanh
9033,DBL,quan-tri-kinh-doanh,D01,Điểm thi THPT,2022,15.0,Quản trị kinh doanh
9034,DBL,quan-tri-kinh-doanh,D90,Điểm thi THPT,2022,15.0,Quản trị kinh doanh
9035,DBL,quan-tri-kinh-doanh,A00,Điểm học bạ,2023,18.0,Quản trị kinh doanh
9036,DBL,quan-tri-kinh-doanh,A01,Điểm học bạ,2023,18.0,Quản trị kinh doanh
9037,DBL,quan-tri-kinh-doanh,D01,Điểm học bạ,2023,18.0,Quản trị kinh doanh
9038,DBL,quan-tri-kinh-doanh,A00,Điểm thi THPT,2023,16.0,Quản trị kinh doanh
9039,DBL,quan-tri-kinh-doanh,A01,Điểm thi THPT,2023,16.0,Quản trị kinh doanh
9040,DBL,quan-tri-kinh-doanh,D01,Điểm thi THPT,2023,16.0,Quản trị kinh doanh
9041,DBL,quan-tri-kinh-doanh,D90,Điểm thi THPT,2023,16.0,Quản trị kinh doanh
9042,DBL,quan-tri-kinh-doanh,A00,Điểm học bạ,2024,18.0,Quản trị kinh doanh
9043,DBL,quan-tri-kinh-doanh,A01,Điểm học bạ,2024,18.0,Quản trị kinh doanh
9044,DBL,quan-tri-kinh-doanh,D01,Điểm học bạ,2024,18.0,Quản trị kinh doanh
9045,DBL,quan-tri-kinh-doanh,A00,Điểm thi THPT,2024,15.0,Quản trị kinh doanh
9046,DBL,quan-tri-kinh-doanh,A01,Điểm thi THPT,2024,15.0,Quản trị kinh doanh
9047,DBL,quan-tri-kinh-doanh,D01,Điểm thi THPT,2024,15.0,Quản trị kinh doanh
9048,DBL,quan-tri-kinh-doanh,D90,Điểm thi THPT,2024,15.0,Quản trị kinh doanh
9049,DBL,quan-tri-kinh-doanh,A00,Điểm học bạ,2025,18.0,Quản trị kinh doanh
9050,DBL,quan-tri-kinh-doanh,A01,Điểm học bạ,2025,18.0,Quản trị kinh doanh
9051,DBL,quan-tri-kinh-doanh,B03,Điểm học bạ,2025,18.0,Quản trị kinh doanh
9052,DBL,quan-tri-kinh-doanh,C01,Điểm học bạ,2025,18.0,Quản trị kinh doanh
9053,DBL,quan-tri-kinh-doanh,C02,Điểm học bạ,2025,18.0,Quản trị kinh doanh
9054,DBL,quan-tri-kinh-doanh,C03,Điểm học bạ,2025,18.0,Quản trị kinh doanh
9055,DBL,quan-tri-kinh-doanh,C04,Điểm học bạ,2025,18.0,Quản trị kinh doanh
9056,DBL,quan-tri-kinh-doanh,D01,Điểm học bạ,2025,18.0,Quản trị kinh doanh
9057,DBL,quan-tri-kinh-doanh,X01,Điểm học bạ,2025,18.0,Quản trị kinh doanh
9058,DBL,quan-tri-kinh-doanh,A00,Điểm thi THPT,2025,15.0,Quản trị kinh doanh
9059,DBL,quan-tri-kinh-doanh,A01,Điểm thi THPT,2025,15.0,Quản trị kinh doanh
9060,DBL,quan-tri-kinh-doanh,B03,Điểm thi THPT,2025,15.0,Quản trị kinh doanh
9061,DBL,quan-tri-kinh-doanh,C01,Điểm thi THPT,2025,15.0,Quản trị kinh doanh
9062,DBL,quan-tri-kinh-doanh,C02,Điểm thi THPT,2025,15.0,Quản trị kinh doanh
9063,DBL,quan-tri-kinh-doanh,C03,Điểm thi THPT,2025,15.0,Quản trị kinh doanh
9064,DBL,quan-tri-kinh-doanh,C04,Điểm thi THPT,2025,15.0,Quản trị kinh doanh
9065,DBL,quan-tri-kinh-doanh,D01,Điểm thi THPT,2025,15.0,Quản trị kinh doanh
9066,DBL,quan-tri-kinh-doanh,X01,Điểm thi THPT,2025,15.0,Quản trị kinh doanh
9067,DBL,su-pham-hoa-hoc,A00,Điểm học bạ,2021,24.0,Sư phạm Hóa học
9068,DBL,su-pham-hoa-hoc,A01,Điểm học bạ,2021,24.0,Sư phạm Hóa học
9069,DBL,su-pham-hoa-hoc,A02,Điểm học bạ,2021,24.0,Sư phạm Hóa học
9070,DBL,su-pham-hoa-hoc,B00,Điểm học bạ,2021,24.0,Sư phạm Hóa học
9071,DBL,su-pham-hoa-hoc,A00,Điểm thi THPT,2021,19.0,Sư phạm Hóa học
9072,DBL,su-pham-hoa-hoc,A01,Điểm thi THPT,2021,19.0,Sư phạm Hóa học
9073,DBL,su-pham-hoa-hoc,A16,Điểm thi THPT,2021,19.0,Sư phạm Hóa học
9074,DBL,su-pham-hoa-hoc,A00,Điểm học bạ,2022,24.0,Sư phạm hóa học
9075,DBL,su-pham-hoa-hoc,B00,Điểm học bạ,2022,24.0,Sư phạm hóa học
9076,DBL,su-pham-hoa-hoc,D07,Điểm học bạ,2022,24.0,Sư phạm hóa học
9077,DBL,su-pham-hoa-hoc,A00,Điểm thi THPT,2022,19.0,Sư phạm hóa học
9078,DBL,su-pham-hoa-hoc,A16,Điểm thi THPT,2022,19.0,Sư phạm hóa học
9079,DBL,su-pham-hoa-hoc,B00,Điểm thi THPT,2022,19.0,Sư phạm hóa học
9080,DBL,su-pham-hoa-hoc,D07,Điểm thi THPT,2022,19.0,Sư phạm hóa học
9081,DBL,su-pham-sinh-hoc,A02,Điểm học bạ,2021,24.0,Sư phạm Sinh học
9082,DBL,su-pham-sinh-hoc,B00,Điểm học bạ,2021,24.0,Sư phạm Sinh học
9083,DBL,su-pham-sinh-hoc,B04,Điểm học bạ,2021,24.0,Sư phạm Sinh học
9084,DBL,su-pham-sinh-hoc,B08,Điểm học bạ,2021,24.0,Sư phạm Sinh học
9085,DBL,su-pham-sinh-hoc,A02,Điểm thi THPT,2021,19.0,Sư phạm Sinh học
9086,DBL,su-pham-sinh-hoc,A16,Điểm thi THPT,2021,19.0,Sư phạm Sinh học
9087,DBL,su-pham-sinh-hoc,B00,Điểm thi THPT,2021,19.0,Sư phạm Sinh học
9088,DBL,su-pham-toan-hoc,A00,Điểm học bạ,2021,24.0,Sư phạm Toán học
9089,DBL,su-pham-toan-hoc,A02,Điểm học bạ,2021,24.0,Sư phạm Toán học
9090,DBL,su-pham-toan-hoc,B00,Điểm học bạ,2021,24.0,Sư phạm Toán học
9091,DBL,su-pham-toan-hoc,D07,Điểm học bạ,2021,24.0,Sư phạm Toán học
9092,DBL,su-pham-toan-hoc,A00,Điểm thi THPT,2021,19.0,Sư phạm Toán học
9093,DBL,su-pham-toan-hoc,A16,Điểm thi THPT,2021,19.0,Sư phạm Toán học
9094,DBL,su-pham-toan-hoc,B00,Điểm thi THPT,2021,19.0,Sư phạm Toán học
9095,DBL,tai-chinh-ngan-hang,A00,Điểm học bạ,2021,18.0,Tài chính - Ngân hàng
9096,DBL,tai-chinh-ngan-hang,A01,Điểm học bạ,2021,18.0,Tài chính - Ngân hàng
9097,DBL,tai-chinh-ngan-hang,A02,Điểm học bạ,2021,18.0,Tài chính - Ngân hàng
9098,DBL,tai-chinh-ngan-hang,D01,Điểm học bạ,2021,18.0,Tài chính - Ngân hàng
9099,DBL,tai-chinh-ngan-hang,A00,Điểm thi THPT,2021,15.0,Tài chính - Ngân hàng
9100,DBL,tai-chinh-ngan-hang,A01,Điểm thi THPT,2021,15.0,Tài chính - Ngân hàng
9101,DBL,tai-chinh-ngan-hang,A16,Điểm thi THPT,2021,15.0,Tài chính - Ngân hàng
9102,DBL,tai-chinh-ngan-hang,D90,Điểm thi THPT,2021,15.0,Tài chính - Ngân hàng
9103,DBL,tai-chinh-ngan-hang,A00,Điểm học bạ,2022,18.0,Tài chính - Ngân hàng
9104,DBL,tai-chinh-ngan-hang,A01,Điểm học bạ,2022,18.0,Tài chính - Ngân hàng
9105,DBL,tai-chinh-ngan-hang,D01,Điểm học bạ,2022,18.0,Tài chính - Ngân hàng
9106,DBL,tai-chinh-ngan-hang,A00,Điểm thi THPT,2022,15.0,Tài chính - Ngân hàng
9107,DBL,tai-chinh-ngan-hang,A01,Điểm thi THPT,2022,15.0,Tài chính - Ngân hàng
9108,DBL,tai-chinh-ngan-hang,D01,Điểm thi THPT,2022,15.0,Tài chính - Ngân hàng
9109,DBL,tai-chinh-ngan-hang,D90,Điểm thi THPT,2022,15.0,Tài chính - Ngân hàng
9110,DBL,tai-chinh-ngan-hang,A00,Điểm học bạ,2023,18.0,Tài chính - Ngân hàng
9111,DBL,tai-chinh-ngan-hang,A01,Điểm học bạ,2023,18.0,Tài chính - Ngân hàng
9112,DBL,tai-chinh-ngan-hang,D01,Điểm học bạ,2023,18.0,Tài chính - Ngân hàng
9113,DBL,tai-chinh-ngan-hang,A00,Điểm thi THPT,2023,16.0,Tài chính - Ngân hàng
9114,DBL,tai-chinh-ngan-hang,A01,Điểm thi THPT,2023,16.0,Tài chính - Ngân hàng
9115,DBL,tai-chinh-ngan-hang,D01,Điểm thi THPT,2023,16.0,Tài chính - Ngân hàng
9116,DBL,tai-chinh-ngan-hang,D90,Điểm thi THPT,2023,16.0,Tài chính - Ngân hàng
9117,DBL,tai-chinh-ngan-hang,A00,Điểm học bạ,2024,18.0,Tài chính - ngân hàng
9118,DBL,tai-chinh-ngan-hang,A01,Điểm học bạ,2024,18.0,Tài chính - ngân hàng
9119,DBL,tai-chinh-ngan-hang,D01,Điểm học bạ,2024,18.0,Tài chính - ngân hàng
9120,DBL,tai-chinh-ngan-hang,A00,Điểm thi THPT,2024,15.0,Tài chính - ngân hàng
9121,DBL,tai-chinh-ngan-hang,A01,Điểm thi THPT,2024,15.0,Tài chính - ngân hàng
9122,DBL,tai-chinh-ngan-hang,D01,Điểm thi THPT,2024,15.0,Tài chính - ngân hàng
9123,DBL,tai-chinh-ngan-hang,D90,Điểm thi THPT,2024,15.0,Tài chính - ngân hàng
9124,DBL,tai-chinh-ngan-hang,A00,Điểm học bạ,2025,18.0,Tài chính - Ngân hàng
9125,DBL,tai-chinh-ngan-hang,A01,Điểm học bạ,2025,18.0,Tài chính - Ngân hàng
9126,DBL,tai-chinh-ngan-hang,B03,Điểm học bạ,2025,18.0,Tài chính - Ngân hàng
9127,DBL,tai-chinh-ngan-hang,C01,Điểm học bạ,2025,18.0,Tài chính - Ngân hàng
9128,DBL,tai-chinh-ngan-hang,C02,Điểm học bạ,2025,18.0,Tài chính - Ngân hàng
9129,DBL,tai-chinh-ngan-hang,C03,Điểm học bạ,2025,18.0,Tài chính - Ngân hàng
9130,DBL,tai-chinh-ngan-hang,C04,Điểm học bạ,2025,18.0,Tài chính - Ngân hàng
9131,DBL,tai-chinh-ngan-hang,D01,Điểm học bạ,2025,18.0,Tài chính - Ngân hàng
9132,DBL,tai-chinh-ngan-hang,X01,Điểm học bạ,2025,18.0,Tài chính - Ngân hàng
9133,DBL,tai-chinh-ngan-hang,A00,Điểm thi THPT,2025,15.0,Tài chính - Ngân hàng
9134,DBL,tai-chinh-ngan-hang,A01,Điểm thi THPT,2025,15.0,Tài chính - Ngân hàng
9135,DBL,tai-chinh-ngan-hang,B03,Điểm thi THPT,2025,15.0,Tài chính - Ngân hàng
9136,DBL,tai-chinh-ngan-hang,C01,Điểm thi THPT,2025,15.0,Tài chính - Ngân hàng
9137,DBL,tai-chinh-ngan-hang,C02,Điểm thi THPT,2025,15.0,Tài chính - Ngân hàng
9138,DBL,tai-chinh-ngan-hang,C03,Điểm thi THPT,2025,15.0,Tài chính - Ngân hàng
9139,DBL,tai-chinh-ngan-hang,C04,Điểm thi THPT,2025,15.0,Tài chính - Ngân hàng
9140,DBL,tai-chinh-ngan-hang,D01,Điểm thi THPT,2025,15.0,Tài chính - Ngân hàng
9141,DBL,tai-chinh-ngan-hang,X01,Điểm thi THPT,2025,15.0,Tài chính - Ngân hàng
9142,DBL,tieng-viet-va-van-hoa-viet-nam,C00,Điểm học bạ,2022,18.0,Tiếng Việt và văn hóa Việt Nam
9143,DBL,tieng-viet-va-van-hoa-viet-nam,C03,Điểm học bạ,2022,18.0,Tiếng Việt và văn hóa Việt Nam
9144,DBL,tieng-viet-va-van-hoa-viet-nam,D01,Điểm học bạ,2022,18.0,Tiếng Việt và văn hóa Việt Nam
9145,DBL,tieng-viet-va-van-hoa-viet-nam,C00,Điểm thi THPT,2022,15.0,Tiếng Việt và văn hóa Việt Nam
9146,DBL,tieng-viet-va-van-hoa-viet-nam,C03,Điểm thi THPT,2022,15.0,Tiếng Việt và văn hóa Việt Nam
9147,DBL,tieng-viet-va-van-hoa-viet-nam,D01,Điểm thi THPT,2022,15.0,Tiếng Việt và văn hóa Việt Nam
9148,DBL,tieng-viet-va-van-hoa-viet-nam,D78,Điểm thi THPT,2022,15.0,Tiếng Việt và văn hóa Việt Nam
9149,DBL,tieng-viet-va-van-hoa-viet-nam,C00,Điểm học bạ,2023,18.0,Tiếng Việt và văn hóa Việt Nam
9150,DBL,tieng-viet-va-van-hoa-viet-nam,C03,Điểm học bạ,2023,18.0,Tiếng Việt và văn hóa Việt Nam
9151,DBL,tieng-viet-va-van-hoa-viet-nam,D01,Điểm học bạ,2023,18.0,Tiếng Việt và văn hóa Việt Nam
9152,DBL,tieng-viet-va-van-hoa-viet-nam,C00,Điểm thi THPT,2023,15.0,Tiếng Việt và văn hóa Việt Nam
9153,DBL,tieng-viet-va-van-hoa-viet-nam,C03,Điểm thi THPT,2023,15.0,Tiếng Việt và văn hóa Việt Nam
9154,DBL,tieng-viet-va-van-hoa-viet-nam,D01,Điểm thi THPT,2023,15.0,Tiếng Việt và văn hóa Việt Nam
9155,DBL,tieng-viet-va-van-hoa-viet-nam,D78,Điểm thi THPT,2023,15.0,Tiếng Việt và văn hóa Việt Nam
9156,DBL,tieng-viet-va-van-hoa-viet-nam,C00,Điểm học bạ,2024,18.0,Tiếng Việt và văn hóa Việt Nam
9157,DBL,tieng-viet-va-van-hoa-viet-nam,C03,Điểm học bạ,2024,18.0,Tiếng Việt và văn hóa Việt Nam
9158,DBL,tieng-viet-va-van-hoa-viet-nam,D01,Điểm học bạ,2024,18.0,Tiếng Việt và văn hóa Việt Nam
9159,DBL,tieng-viet-va-van-hoa-viet-nam,C00,Điểm thi THPT,2024,15.0,Tiếng việt và văn hóa Việt Nam
9160,DBL,tieng-viet-va-van-hoa-viet-nam,C03,Điểm thi THPT,2024,15.0,Tiếng việt và văn hóa Việt Nam
9161,DBL,tieng-viet-va-van-hoa-viet-nam,D01,Điểm thi THPT,2024,15.0,Tiếng việt và văn hóa Việt Nam
9162,DBL,tieng-viet-va-van-hoa-viet-nam,D78,Điểm thi THPT,2024,15.0,Tiếng việt và văn hóa Việt Nam
9163,DBL,tieng-viet-va-van-hoa-viet-nam,C00,Điểm học bạ,2025,21.75,Tiếng Việt và văn hóa Việt Nam
9164,DBL,tieng-viet-va-van-hoa-viet-nam,C03,Điểm học bạ,2025,21.75,Tiếng Việt và văn hóa Việt Nam
9165,DBL,tieng-viet-va-van-hoa-viet-nam,C04,Điểm học bạ,2025,21.75,Tiếng Việt và văn hóa Việt Nam
9166,DBL,tieng-viet-va-van-hoa-viet-nam,D01,Điểm học bạ,2025,21.75,Tiếng Việt và văn hóa Việt Nam
9167,DBL,tieng-viet-va-van-hoa-viet-nam,D09,Điểm học bạ,2025,21.75,Tiếng Việt và văn hóa Việt Nam
9168,DBL,tieng-viet-va-van-hoa-viet-nam,D10,Điểm học bạ,2025,21.75,Tiếng Việt và văn hóa Việt Nam
9169,DBL,tieng-viet-va-van-hoa-viet-nam,D14,Điểm học bạ,2025,21.75,Tiếng Việt và văn hóa Việt Nam
9170,DBL,tieng-viet-va-van-hoa-viet-nam,D15,Điểm học bạ,2025,21.75,Tiếng Việt và văn hóa Việt Nam
9171,DBL,tieng-viet-va-van-hoa-viet-nam,X01,Điểm học bạ,2025,21.75,Tiếng Việt và văn hóa Việt Nam
9172,DBL,tieng-viet-va-van-hoa-viet-nam,X03,Điểm học bạ,2025,21.75,Tiếng Việt và văn hóa Việt Nam
9173,DBL,tieng-viet-va-van-hoa-viet-nam,C00,Điểm thi THPT,2025,20.0,Tiếng Việt và văn hóa Việt Nam
9174,DBL,tieng-viet-va-van-hoa-viet-nam,C03,Điểm thi THPT,2025,20.0,Tiếng Việt và văn hóa Việt Nam
9175,DBL,tieng-viet-va-van-hoa-viet-nam,C04,Điểm thi THPT,2025,20.0,Tiếng Việt và văn hóa Việt Nam
9176,DBL,tieng-viet-va-van-hoa-viet-nam,D01,Điểm thi THPT,2025,20.0,Tiếng Việt và văn hóa Việt Nam
9177,DBL,tieng-viet-va-van-hoa-viet-nam,D09,Điểm thi THPT,2025,20.0,Tiếng Việt và văn hóa Việt Nam
9178,DBL,tieng-viet-va-van-hoa-viet-nam,D10,Điểm thi THPT,2025,20.0,Tiếng Việt và văn hóa Việt Nam
9179,DBL,tieng-viet-va-van-hoa-viet-nam,D14,Điểm thi THPT,2025,20.0,Tiếng Việt và văn hóa Việt Nam
9180,DBL,tieng-viet-va-van-hoa-viet-nam,D15,Điểm thi THPT,2025,20.0,Tiếng Việt và văn hóa Việt Nam
9181,DBL,tieng-viet-va-van-hoa-viet-nam,X01,Điểm thi THPT,2025,20.0,Tiếng Việt và văn hóa Việt Nam
9182,DBL,tieng-viet-va-van-hoa-viet-nam,X03,Điểm thi THPT,2025,20.0,Tiếng Việt và văn hóa Việt Nam
9183,DBL,tieng-viet-va-vhvn,A07,Điểm học bạ,2021,18.0,Tiếng Việt và VHVN
9184,DBL,tieng-viet-va-vhvn,C00,Điểm học bạ,2021,18.0,Tiếng Việt và VHVN
9185,DBL,tieng-viet-va-vhvn,C03,Điểm học bạ,2021,18.0,Tiếng Việt và VHVN
9186,DBL,tieng-viet-va-vhvn,D01,Điểm học bạ,2021,18.0,Tiếng Việt và VHVN
9187,DBL,tieng-viet-va-vhvn,C00,Điểm thi THPT,2021,15.0,Tiếng Việt và VHVN
9188,DBL,tieng-viet-va-vhvn,C15,Điểm thi THPT,2021,15.0,Tiếng Việt và VHVN
9189,DBL,tieng-viet-va-vhvn,D01,Điểm thi THPT,2021,15.0,Tiếng Việt và VHVN
9190,DBL,tieng-viet-va-vhvn,D78,Điểm thi THPT,2021,15.0,Tiếng Việt và VHVN
9191,DCA,cong-nghe-thong-tin,A00,Điểm thi THPT,2021,15.0,công nghệ thông tin
9192,DCA,cong-nghe-thong-tin,A01,Điểm thi THPT,2021,15.0,công nghệ thông tin
9193,DCA,cong-nghe-thong-tin,C04,Điểm thi THPT,2021,15.0,công nghệ thông tin
9194,DCA,cong-nghe-thong-tin,D01,Điểm thi THPT,2021,15.0,công nghệ thông tin
9195,DCA,cong-nghe-thong-tin,A00,Điểm thi THPT,2022,15.0,Công nghệ thông tin
9196,DCA,cong-nghe-thong-tin,A01,Điểm thi THPT,2022,15.0,Công nghệ thông tin
9197,DCA,cong-nghe-thong-tin,C04,Điểm thi THPT,2022,15.0,Công nghệ thông tin
9198,DCA,cong-nghe-thong-tin,D01,Điểm thi THPT,2022,15.0,Công nghệ thông tin
9199,DCA,cong-nghe-thong-tin,A00,Điểm thi THPT,2023,17.0,Công nghệ thòng tin
9200,DCA,cong-nghe-thong-tin,A01,Điểm thi THPT,2023,17.0,Công nghệ thòng tin
9201,DCA,cong-nghe-thong-tin,C04,Điểm thi THPT,2023,17.0,Công nghệ thòng tin
9202,DCA,cong-nghe-thong-tin,D01,Điểm thi THPT,2023,17.0,Công nghệ thòng tin
9203,DCA,cong-nghe-thong-tin,A00,Điểm học bạ,2024,17.0,Công nghệ thông tin
9204,DCA,cong-nghe-thong-tin,A01,Điểm học bạ,2024,17.0,Công nghệ thông tin
9205,DCA,cong-nghe-thong-tin,C04,Điểm học bạ,2024,17.0,Công nghệ thông tin
9206,DCA,cong-nghe-thong-tin,D01,Điểm học bạ,2024,17.0,Công nghệ thông tin
9207,DCA,cong-nghe-thong-tin,A00,Điểm thi THPT,2024,17.0,Công nghệ thông tin
9208,DCA,cong-nghe-thong-tin,A01,Điểm thi THPT,2024,17.0,Công nghệ thông tin
9209,DCA,cong-nghe-thong-tin,C00,Điểm thi THPT,2024,17.0,Công nghệ thông tin
9210,DCA,cong-nghe-thong-tin,D01,Điểm thi THPT,2024,17.0,Công nghệ thông tin
9211,DCA,ke-toan,A00,Điểm thi THPT,2021,15.0,Kế toán
9212,DCA,ke-toan,A01,Điểm thi THPT,2021,15.0,Kế toán
9213,DCA,ke-toan,A02,Điểm thi THPT,2021,15.0,Kế toán
9214,DCA,ke-toan,D01,Điểm thi THPT,2021,15.0,Kế toán
9215,DCA,ke-toan,A00,Điểm thi THPT,2022,15.0,Kế toán
9216,DCA,ke-toan,A01,Điểm thi THPT,2022,15.0,Kế toán
9217,DCA,ke-toan,C04,Điểm thi THPT,2022,15.0,Kế toán
9218,DCA,ke-toan,D01,Điểm thi THPT,2022,15.0,Kế toán
9219,DCA,ke-toan,A00,Điểm thi THPT,2023,15.0,Kế toán
9220,DCA,ke-toan,A01,Điểm thi THPT,2023,15.0,Kế toán
9221,DCA,ke-toan,C04,Điểm thi THPT,2023,15.0,Kế toán
9222,DCA,ke-toan,D01,Điểm thi THPT,2023,15.0,Kế toán
9223,DCA,ke-toan,A00,Điểm học bạ,2024,15.0,Kế toán
9224,DCA,ke-toan,A01,Điểm học bạ,2024,15.0,Kế toán
9225,DCA,ke-toan,C04,Điểm học bạ,2024,15.0,Kế toán
9226,DCA,ke-toan,D01,Điểm học bạ,2024,15.0,Kế toán
9227,DCA,ke-toan,A00,Điểm thi THPT,2024,15.0,Kế toán
9228,DCA,ke-toan,A01,Điểm thi THPT,2024,15.0,Kế toán
9229,DCA,ke-toan,C04,Điểm thi THPT,2024,15.0,Kế toán
9230,DCA,ke-toan,D01,Điểm thi THPT,2024,15.0,Kế toán
9231,DCA,kien-truc,V00,Điểm thi THPT,2021,15.0,Kiến trúc
9232,DCA,kien-truc,V01,Điểm thi THPT,2021,15.0,Kiến trúc
9233,DCA,kien-truc,V00,Điểm thi THPT,2023,15.0,Kiến trúc
9234,DCA,kien-truc,V01,Điểm thi THPT,2023,15.0,Kiến trúc
9235,DCA,kien-truc,V02,Điểm thi THPT,2023,15.0,Kiến trúc
9236,DCA,kien-truc,V03,Điểm thi THPT,2023,15.0,Kiến trúc
9237,DCA,ky-thuat-dien,A00,Điểm thi THPT,2021,15.0,Kỹ thuật điện
9238,DCA,ky-thuat-dien,A01,Điểm thi THPT,2021,15.0,Kỹ thuật điện
9239,DCA,ky-thuat-dien,C04,Điểm thi THPT,2021,15.0,Kỹ thuật điện
9240,DCA,ky-thuat-dien,D01,Điểm thi THPT,2021,15.0,Kỹ thuật điện
9241,DCA,ky-thuat-dien,A00,Điểm thi THPT,2023,17.0,Kỹ thuật điện
9242,DCA,ky-thuat-dien,A01,Điểm thi THPT,2023,17.0,Kỹ thuật điện
9243,DCA,ky-thuat-dien,C04,Điểm thi THPT,2023,17.0,Kỹ thuật điện
9244,DCA,ky-thuat-dien,D01,Điểm thi THPT,2023,17.0,Kỹ thuật điện
9245,DCA,ky-thuat-dien,A00,Điểm học bạ,2024,17.0,Kỹ thuật điện
9246,DCA,ky-thuat-dien,A01,Điểm học bạ,2024,17.0,Kỹ thuật điện
9247,DCA,ky-thuat-dien,C04,Điểm học bạ,2024,17.0,Kỹ thuật điện
9248,DCA,ky-thuat-dien,D01,Điểm học bạ,2024,17.0,Kỹ thuật điện
9249,DCA,ky-thuat-dien,A00,Điểm thi THPT,2024,17.0,Kỹ thuật điện
9250,DCA,ky-thuat-dien,A01,Điểm thi THPT,2024,17.0,Kỹ thuật điện
9251,DCA,ky-thuat-dien,C00,Điểm thi THPT,2024,17.0,Kỹ thuật điện
9252,DCA,ky-thuat-dien,D01,Điểm thi THPT,2024,17.0,Kỹ thuật điện
9253,DCA,ky-thuat-xay-dung,A00,Điểm thi THPT,2021,15.0,Kỹ thuật xây dựng
9254,DCA,ky-thuat-xay-dung,A01,Điểm thi THPT,2021,15.0,Kỹ thuật xây dựng
9255,DCA,ky-thuat-xay-dung,C04,Điểm thi THPT,2021,15.0,Kỹ thuật xây dựng
9256,DCA,ky-thuat-xay-dung,D01,Điểm thi THPT,2021,15.0,Kỹ thuật xây dựng
9257,DCA,ky-thuat-xay-dung,A00,Điểm thi THPT,2023,15.0,Kỹ thuật xây dựng
9258,DCA,ky-thuat-xay-dung,A01,Điểm thi THPT,2023,15.0,Kỹ thuật xây dựng
9259,DCA,ky-thuat-xay-dung,C04,Điểm thi THPT,2023,15.0,Kỹ thuật xây dựng
9260,DCA,ky-thuat-xay-dung,D01,Điểm thi THPT,2023,15.0,Kỹ thuật xây dựng
9261,DCA,luat-kinh-te,A00,Điểm thi THPT,2021,15.0,Luật kinh tế
9262,DCA,luat-kinh-te,A01,Điểm thi THPT,2021,15.0,Luật kinh tế
9263,DCA,luat-kinh-te,A02,Điểm thi THPT,2021,15.0,Luật kinh tế
9264,DCA,luat-kinh-te,D01,Điểm thi THPT,2021,15.0,Luật kinh tế
9265,DCA,luat-kinh-te,A00,Điểm thi THPT,2023,15.0,Luật Kinh tế
9266,DCA,luat-kinh-te,A01,Điểm thi THPT,2023,15.0,Luật Kinh tế
9267,DCA,luat-kinh-te,C00,Điểm thi THPT,2023,15.0,Luật Kinh tế
9268,DCA,luat-kinh-te,D01,Điểm thi THPT,2023,15.0,Luật Kinh tế
9269,DCA,luat-kinh-te,A00,Điểm học bạ,2024,15.0,Luật kinh tế
9270,DCA,luat-kinh-te,A01,Điểm học bạ,2024,15.0,Luật kinh tế
9271,DCA,luat-kinh-te,C04,Điểm học bạ,2024,15.0,Luật kinh tế
9272,DCA,luat-kinh-te,D01,Điểm học bạ,2024,15.0,Luật kinh tế
9273,DCA,luat-kinh-te,A00,Điểm thi THPT,2024,15.0,Luật Kinh tế
9274,DCA,luat-kinh-te,A01,Điểm thi THPT,2024,15.0,Luật Kinh tế
9275,DCA,luat-kinh-te,C00,Điểm thi THPT,2024,15.0,Luật Kinh tế
9276,DCA,luat-kinh-te,D01,Điểm thi THPT,2024,15.0,Luật Kinh tế
9277,DCA,ngon-ngu-anh,A01,Điểm thi THPT,2021,15.0,Ngôn ngữ Anh
9278,DCA,ngon-ngu-anh,D01,Điểm thi THPT,2021,15.0,Ngôn ngữ Anh
9279,DCA,ngon-ngu-anh,A01,Điểm thi THPT,2022,15.0,Ngôn ngữ Anh
9280,DCA,ngon-ngu-anh,D01,Điểm thi THPT,2022,15.0,Ngôn ngữ Anh
9281,DCA,ngon-ngu-anh,D10,Điểm thi THPT,2022,15.0,Ngôn ngữ Anh
9282,DCA,ngon-ngu-anh,D14,Điểm thi THPT,2022,15.0,Ngôn ngữ Anh
9283,DCA,ngon-ngu-anh,A01,Điểm thi THPT,2023,15.0,Ngôn ngữ Anh
9284,DCA,ngon-ngu-anh,D01,Điểm thi THPT,2023,15.0,Ngôn ngữ Anh
9285,DCA,ngon-ngu-anh,D10,Điểm thi THPT,2023,15.0,Ngôn ngữ Anh
9286,DCA,ngon-ngu-anh,D14,Điểm thi THPT,2023,15.0,Ngôn ngữ Anh
9287,DCA,ngon-ngu-anh,A01,Điểm học bạ,2024,15.0,Ngôn ngữ Anh
9288,DCA,ngon-ngu-anh,D01,Điểm học bạ,2024,15.0,Ngôn ngữ Anh
9289,DCA,ngon-ngu-anh,D10,Điểm học bạ,2024,15.0,Ngôn ngữ Anh
9290,DCA,ngon-ngu-anh,D14,Điểm học bạ,2024,15.0,Ngôn ngữ Anh
9291,DCA,ngon-ngu-anh,A01,Điểm thi THPT,2024,15.0,Ngôn ngữ Anh
9292,DCA,ngon-ngu-anh,D01,Điểm thi THPT,2024,15.0,Ngôn ngữ Anh
9293,DCA,ngon-ngu-anh,D10,Điểm thi THPT,2024,15.0,Ngôn ngữ Anh
9294,DCA,ngon-ngu-anh,D14,Điểm thi THPT,2024,15.0,Ngôn ngữ Anh
9295,DCA,quan-tri-kinh-doanh,A00,Điểm thi THPT,2021,15.0,Quản trị kinh doanh
9296,DCA,quan-tri-kinh-doanh,A01,Điểm thi THPT,2021,15.0,Quản trị kinh doanh
9297,DCA,quan-tri-kinh-doanh,A02,Điểm thi THPT,2021,15.0,Quản trị kinh doanh
9298,DCA,quan-tri-kinh-doanh,D01,Điểm thi THPT,2021,15.0,Quản trị kinh doanh
9299,DCA,quan-tri-kinh-doanh,A00,Điểm thi THPT,2022,15.0,Quản trị kinh doanh
9300,DCA,quan-tri-kinh-doanh,A01,Điểm thi THPT,2022,15.0,Quản trị kinh doanh
9301,DCA,quan-tri-kinh-doanh,C04,Điểm thi THPT,2022,15.0,Quản trị kinh doanh
9302,DCA,quan-tri-kinh-doanh,D01,Điểm thi THPT,2022,15.0,Quản trị kinh doanh
9303,DCA,quan-tri-kinh-doanh,A00,Điểm thi THPT,2023,15.0,Quản trị kinh doanh
9304,DCA,quan-tri-kinh-doanh,A01,Điểm thi THPT,2023,15.0,Quản trị kinh doanh
9305,DCA,quan-tri-kinh-doanh,C04,Điểm thi THPT,2023,15.0,Quản trị kinh doanh
9306,DCA,quan-tri-kinh-doanh,D01,Điểm thi THPT,2023,15.0,Quản trị kinh doanh
9307,DCA,quan-tri-kinh-doanh,A00,Điểm học bạ,2024,15.0,Quản trị kinh doanh
9308,DCA,quan-tri-kinh-doanh,A01,Điểm học bạ,2024,15.0,Quản trị kinh doanh
9309,DCA,quan-tri-kinh-doanh,C04,Điểm học bạ,2024,15.0,Quản trị kinh doanh
9310,DCA,quan-tri-kinh-doanh,D01,Điểm học bạ,2024,15.0,Quản trị kinh doanh
9311,DCA,quan-tri-kinh-doanh,A00,Điểm thi THPT,2024,15.0,Quản trị kinh doanh
9312,DCA,quan-tri-kinh-doanh,A01,Điểm thi THPT,2024,15.0,Quản trị kinh doanh
9313,DCA,quan-tri-kinh-doanh,C04,Điểm thi THPT,2024,15.0,Quản trị kinh doanh
9314,DCA,quan-tri-kinh-doanh,D01,Điểm thi THPT,2024,15.0,Quản trị kinh doanh
9315,DCA,tai-chinh-ngan-hang,A00,Điểm thi THPT,2021,15.0,Tài chính ngân hàng
9316,DCA,tai-chinh-ngan-hang,A01,Điểm thi THPT,2021,15.0,Tài chính ngân hàng
9317,DCA,tai-chinh-ngan-hang,A02,Điểm thi THPT,2021,15.0,Tài chính ngân hàng
9318,DCA,tai-chinh-ngan-hang,D01,Điểm thi THPT,2021,15.0,Tài chính ngân hàng
9319,DCA,tai-chinh-ngan-hang,A00,Điểm thi THPT,2023,15.0,Tài chính - Ngân hàng
9320,DCA,tai-chinh-ngan-hang,A01,Điểm thi THPT,2023,15.0,Tài chính - Ngân hàng
9321,DCA,tai-chinh-ngan-hang,C04,Điểm thi THPT,2023,15.0,Tài chính - Ngân hàng
9322,DCA,tai-chinh-ngan-hang,D01,Điểm thi THPT,2023,15.0,Tài chính - Ngân hàng
9323,DCA,tai-chinh-ngan-hang,A00,Điểm học bạ,2024,15.0,Tài chính - Ngân hàng
9324,DCA,tai-chinh-ngan-hang,A01,Điểm học bạ,2024,15.0,Tài chính - Ngân hàng
9325,DCA,tai-chinh-ngan-hang,C04,Điểm học bạ,2024,15.0,Tài chính - Ngân hàng
9326,DCA,tai-chinh-ngan-hang,D01,Điểm học bạ,2024,15.0,Tài chính - Ngân hàng
9327,DCA,tai-chinh-ngan-hang,A00,Điểm thi THPT,2024,15.0,Tài chính - Ngân hàng
9328,DCA,tai-chinh-ngan-hang,A01,Điểm thi THPT,2024,15.0,Tài chính - Ngân hàng
9329,DCA,tai-chinh-ngan-hang,C04,Điểm thi THPT,2024,15.0,Tài chính - Ngân hàng
9330,DCA,tai-chinh-ngan-hang,D01,Điểm thi THPT,2024,15.0,Tài chính - Ngân hàng
9331,DCD,cong-nghe-che-tao-may,A00,Điểm học bạ,2021,18.0,Công nghệ chế tạo máy
9332,DCD,cong-nghe-che-tao-may,A01,Điểm học bạ,2021,18.0,Công nghệ chế tạo máy
9333,DCD,cong-nghe-che-tao-may,A03,Điểm học bạ,2021,18.0,Công nghệ chế tạo máy
9334,DCD,cong-nghe-che-tao-may,A10,Điểm học bạ,2021,18.0,Công nghệ chế tạo máy
9335,DCD,cong-nghe-che-tao-may,A00,Điểm thi THPT,2021,15.0,Công nghệ chế tạo máy
9336,DCD,cong-nghe-che-tao-may,A01,Điểm thi THPT,2021,15.0,Công nghệ chế tạo máy
9337,DCD,cong-nghe-che-tao-may,A03,Điểm thi THPT,2021,15.0,Công nghệ chế tạo máy
9338,DCD,cong-nghe-che-tao-may,A10,Điểm thi THPT,2021,15.0,Công nghệ chế tạo máy
9339,DCD,cong-nghe-che-tao-may,A00,Điểm học bạ,2022,18.0,Công nghệ chế tạo máy
9340,DCD,cong-nghe-che-tao-may,A01,Điểm học bạ,2022,18.0,Công nghệ chế tạo máy
9341,DCD,cong-nghe-che-tao-may,A04,Điểm học bạ,2022,18.0,Công nghệ chế tạo máy
9342,DCD,cong-nghe-che-tao-may,A10,Điểm học bạ,2022,18.0,Công nghệ chế tạo máy
9343,DCD,cong-nghe-che-tao-may,A00,Điểm thi THPT,2022,15.0,Công nghệ chế tạo máy
9344,DCD,cong-nghe-che-tao-may,A01,Điểm thi THPT,2022,15.0,Công nghệ chế tạo máy
9345,DCD,cong-nghe-che-tao-may,A04,Điểm thi THPT,2022,15.0,Công nghệ chế tạo máy
9346,DCD,cong-nghe-che-tao-may,A10,Điểm thi THPT,2022,15.0,Công nghệ chế tạo máy
9347,DCD,cong-nghe-che-tao-may,A00,Điểm học bạ,2023,18.0,Công nghệ chế tạo máy
9348,DCD,cong-nghe-che-tao-may,A01,Điểm học bạ,2023,18.0,Công nghệ chế tạo máy
9349,DCD,cong-nghe-che-tao-may,A04,Điểm học bạ,2023,18.0,Công nghệ chế tạo máy
9350,DCD,cong-nghe-che-tao-may,A10,Điểm học bạ,2023,18.0,Công nghệ chế tạo máy
9351,DCD,cong-nghe-che-tao-may,A00,Điểm thi THPT,2023,15.0,Công nghệ chế tạo máy
9352,DCD,cong-nghe-che-tao-may,A01,Điểm thi THPT,2023,15.0,Công nghệ chế tạo máy
9353,DCD,cong-nghe-che-tao-may,A04,Điểm thi THPT,2023,15.0,Công nghệ chế tạo máy
9354,DCD,cong-nghe-che-tao-may,A10,Điểm thi THPT,2023,15.0,Công nghệ chế tạo máy
9355,DCD,cong-nghe-che-tao-may,A00,Điểm học bạ,2024,18.0,Công nghệ chế tạo máy
9356,DCD,cong-nghe-che-tao-may,A01,Điểm học bạ,2024,18.0,Công nghệ chế tạo máy
9357,DCD,cong-nghe-che-tao-may,A04,Điểm học bạ,2024,18.0,Công nghệ chế tạo máy
9358,DCD,cong-nghe-che-tao-may,A10,Điểm học bạ,2024,18.0,Công nghệ chế tạo máy
9359,DCD,cong-nghe-che-tao-may,A00,Điểm thi THPT,2024,15.0,Công nghệ chế tạo máy
9360,DCD,cong-nghe-che-tao-may,A01,Điểm thi THPT,2024,15.0,Công nghệ chế tạo máy
9361,DCD,cong-nghe-che-tao-may,A04,Điểm thi THPT,2024,15.0,Công nghệ chế tạo máy
9362,DCD,cong-nghe-che-tao-may,A10,Điểm thi THPT,2024,15.0,Công nghệ chế tạo máy
9363,DCD,cong-nghe-che-tao-may,A00,Điểm học bạ,2025,22.51,Công nghệ chế tạo máy
9364,DCD,cong-nghe-che-tao-may,A01,Điểm học bạ,2025,22.51,Công nghệ chế tạo máy
9365,DCD,cong-nghe-che-tao-may,A04,Điểm học bạ,2025,22.51,Công nghệ chế tạo máy
9366,DCD,cong-nghe-che-tao-may,A10,Điểm học bạ,2025,22.51,Công nghệ chế tạo máy
9367,DCD,cong-nghe-che-tao-may,D01,Điểm học bạ,2025,22.51,Công nghệ chế tạo máy
9368,DCD,cong-nghe-che-tao-may,D09,Điểm học bạ,2025,22.51,Công nghệ chế tạo máy
9369,DCD,cong-nghe-che-tao-may,D10,Điểm học bạ,2025,22.51,Công nghệ chế tạo máy
9370,DCD,cong-nghe-che-tao-may,X05,Điểm học bạ,2025,22.51,Công nghệ chế tạo máy
9371,DCD,cong-nghe-che-tao-may,A00,Điểm thi THPT,2025,17.33,Công nghệ chế tạo máy
9372,DCD,cong-nghe-che-tao-may,A01,Điểm thi THPT,2025,17.33,Công nghệ chế tạo máy
9373,DCD,cong-nghe-che-tao-may,A04,Điểm thi THPT,2025,17.33,Công nghệ chế tạo máy
9374,DCD,cong-nghe-che-tao-may,A10,Điểm thi THPT,2025,17.33,Công nghệ chế tạo máy
9375,DCD,cong-nghe-che-tao-may,D01,Điểm thi THPT,2025,17.33,Công nghệ chế tạo máy
9376,DCD,cong-nghe-che-tao-may,D09,Điểm thi THPT,2025,17.33,Công nghệ chế tạo máy
9377,DCD,cong-nghe-che-tao-may,D10,Điểm thi THPT,2025,17.33,Công nghệ chế tạo máy
9378,DCD,cong-nghe-che-tao-may,X05,Điểm thi THPT,2025,17.33,Công nghệ chế tạo máy
9379,DCD,cong-nghe-ky-thuat-dien-dien-tu,A00,Điểm học bạ,2021,18.0,"Công nghệ kỹ thuật điện, điện tử"
9380,DCD,cong-nghe-ky-thuat-dien-dien-tu,A01,Điểm học bạ,2021,18.0,"Công nghệ kỹ thuật điện, điện tử"
9381,DCD,cong-nghe-ky-thuat-dien-dien-tu,A04,Điểm học bạ,2021,18.0,"Công nghệ kỹ thuật điện, điện tử"
9382,DCD,cong-nghe-ky-thuat-dien-dien-tu,A10,Điểm học bạ,2021,18.0,"Công nghệ kỹ thuật điện, điện tử"
9383,DCD,cong-nghe-ky-thuat-dien-dien-tu,A00,Điểm thi THPT,2021,15.0,"Công nghệ kỹ thuật điện, điện tử"
9384,DCD,cong-nghe-ky-thuat-dien-dien-tu,A01,Điểm thi THPT,2021,15.0,"Công nghệ kỹ thuật điện, điện tử"
9385,DCD,cong-nghe-ky-thuat-dien-dien-tu,A04,Điểm thi THPT,2021,15.0,"Công nghệ kỹ thuật điện, điện tử"
9386,DCD,cong-nghe-ky-thuat-dien-dien-tu,A10,Điểm thi THPT,2021,15.0,"Công nghệ kỹ thuật điện, điện tử"
9387,DCD,cong-nghe-ky-thuat-dien-dien-tu,A00,Điểm học bạ,2022,18.0,"Công nghệ kỹ thuật điện, điện tử"
9388,DCD,cong-nghe-ky-thuat-dien-dien-tu,A01,Điểm học bạ,2022,18.0,"Công nghệ kỹ thuật điện, điện tử"
9389,DCD,cong-nghe-ky-thuat-dien-dien-tu,A04,Điểm học bạ,2022,18.0,"Công nghệ kỹ thuật điện, điện tử"
9390,DCD,cong-nghe-ky-thuat-dien-dien-tu,A10,Điểm học bạ,2022,18.0,"Công nghệ kỹ thuật điện, điện tử"
9391,DCD,cong-nghe-ky-thuat-dien-dien-tu,A00,Điểm thi THPT,2022,15.0,"Công nghệ kỹ thuật điện, điện tử"
9392,DCD,cong-nghe-ky-thuat-dien-dien-tu,A01,Điểm thi THPT,2022,15.0,"Công nghệ kỹ thuật điện, điện tử"
9393,DCD,cong-nghe-ky-thuat-dien-dien-tu,A04,Điểm thi THPT,2022,15.0,"Công nghệ kỹ thuật điện, điện tử"
9394,DCD,cong-nghe-ky-thuat-dien-dien-tu,A10,Điểm thi THPT,2022,15.0,"Công nghệ kỹ thuật điện, điện tử"
9395,DCD,cong-nghe-ky-thuat-dien-dien-tu,A00,Điểm học bạ,2023,18.0,"Công nghệ kỹ thuật điện, điện tử"
9396,DCD,cong-nghe-ky-thuat-dien-dien-tu,A01,Điểm học bạ,2023,18.0,"Công nghệ kỹ thuật điện, điện tử"
9397,DCD,cong-nghe-ky-thuat-dien-dien-tu,A04,Điểm học bạ,2023,18.0,"Công nghệ kỹ thuật điện, điện tử"
9398,DCD,cong-nghe-ky-thuat-dien-dien-tu,A10,Điểm học bạ,2023,18.0,"Công nghệ kỹ thuật điện, điện tử"
9399,DCD,cong-nghe-ky-thuat-dien-dien-tu,A00,Điểm thi THPT,2023,15.0,"Công nghệ kỹ thuật điện, điện tử"
9400,DCD,cong-nghe-ky-thuat-dien-dien-tu,A01,Điểm thi THPT,2023,15.0,"Công nghệ kỹ thuật điện, điện tử"
9401,DCD,cong-nghe-ky-thuat-dien-dien-tu,A04,Điểm thi THPT,2023,15.0,"Công nghệ kỹ thuật điện, điện tử"
9402,DCD,cong-nghe-ky-thuat-dien-dien-tu,A10,Điểm thi THPT,2023,15.0,"Công nghệ kỹ thuật điện, điện tử"
9403,DCD,cong-nghe-ky-thuat-dien-dien-tu,A00,Điểm học bạ,2024,18.0,"Công nghệ kỹ thuật điện, điện tử"
9404,DCD,cong-nghe-ky-thuat-dien-dien-tu,A01,Điểm học bạ,2024,18.0,"Công nghệ kỹ thuật điện, điện tử"
9405,DCD,cong-nghe-ky-thuat-dien-dien-tu,A04,Điểm học bạ,2024,18.0,"Công nghệ kỹ thuật điện, điện tử"
9406,DCD,cong-nghe-ky-thuat-dien-dien-tu,A10,Điểm học bạ,2024,18.0,"Công nghệ kỹ thuật điện, điện tử"
9407,DCD,cong-nghe-ky-thuat-dien-dien-tu,A00,Điểm thi THPT,2024,15.0,"Công nghệ kỹ thuật điện, điện tử"
9408,DCD,cong-nghe-ky-thuat-dien-dien-tu,A01,Điểm thi THPT,2024,15.0,"Công nghệ kỹ thuật điện, điện tử"
9409,DCD,cong-nghe-ky-thuat-dien-dien-tu,A04,Điểm thi THPT,2024,15.0,"Công nghệ kỹ thuật điện, điện tử"
9410,DCD,cong-nghe-ky-thuat-dien-dien-tu,A10,Điểm thi THPT,2024,15.0,"Công nghệ kỹ thuật điện, điện tử"
9411,DCD,cong-nghe-ky-thuat-dien-dien-tu,A00,Điểm học bạ,2025,22.51,Công nghệ kỹ thuật điện; điện tử
9412,DCD,cong-nghe-ky-thuat-dien-dien-tu,A01,Điểm học bạ,2025,22.51,Công nghệ kỹ thuật điện; điện tử
9413,DCD,cong-nghe-ky-thuat-dien-dien-tu,A04,Điểm học bạ,2025,22.51,Công nghệ kỹ thuật điện; điện tử
9414,DCD,cong-nghe-ky-thuat-dien-dien-tu,A10,Điểm học bạ,2025,22.51,Công nghệ kỹ thuật điện; điện tử
9415,DCD,cong-nghe-ky-thuat-dien-dien-tu,D01,Điểm học bạ,2025,22.51,Công nghệ kỹ thuật điện; điện tử
9416,DCD,cong-nghe-ky-thuat-dien-dien-tu,D09,Điểm học bạ,2025,22.51,Công nghệ kỹ thuật điện; điện tử
9417,DCD,cong-nghe-ky-thuat-dien-dien-tu,D10,Điểm học bạ,2025,22.51,Công nghệ kỹ thuật điện; điện tử
9418,DCD,cong-nghe-ky-thuat-dien-dien-tu,X05,Điểm học bạ,2025,22.51,Công nghệ kỹ thuật điện; điện tử
9419,DCD,cong-nghe-ky-thuat-dien-dien-tu,A00,Điểm thi THPT,2025,17.33,Công nghệ kỹ thuật điện; điện tử
9420,DCD,cong-nghe-ky-thuat-dien-dien-tu,A01,Điểm thi THPT,2025,17.33,Công nghệ kỹ thuật điện; điện tử
9421,DCD,cong-nghe-ky-thuat-dien-dien-tu,A04,Điểm thi THPT,2025,17.33,Công nghệ kỹ thuật điện; điện tử
9422,DCD,cong-nghe-ky-thuat-dien-dien-tu,A10,Điểm thi THPT,2025,17.33,Công nghệ kỹ thuật điện; điện tử
9423,DCD,cong-nghe-ky-thuat-dien-dien-tu,D01,Điểm thi THPT,2025,17.33,Công nghệ kỹ thuật điện; điện tử
9424,DCD,cong-nghe-ky-thuat-dien-dien-tu,D09,Điểm thi THPT,2025,17.33,Công nghệ kỹ thuật điện; điện tử
9425,DCD,cong-nghe-ky-thuat-dien-dien-tu,D10,Điểm thi THPT,2025,17.33,Công nghệ kỹ thuật điện; điện tử
9426,DCD,cong-nghe-ky-thuat-dien-dien-tu,X05,Điểm thi THPT,2025,17.33,Công nghệ kỹ thuật điện; điện tử
9427,DCD,cong-nghe-ky-thuat-hoa-hoc,A00,Điểm học bạ,2024,18.0,Công nghệ kỹ thuật hóa học
9428,DCD,cong-nghe-ky-thuat-hoa-hoc,A07,Điểm học bạ,2024,18.0,Công nghệ kỹ thuật hóa học
9429,DCD,cong-nghe-ky-thuat-hoa-hoc,B00,Điểm học bạ,2024,18.0,Công nghệ kỹ thuật hóa học
9430,DCD,cong-nghe-ky-thuat-hoa-hoc,B04,Điểm học bạ,2024,18.0,Công nghệ kỹ thuật hóa học
9431,DCD,cong-nghe-ky-thuat-hoa-hoc,A00,Điểm thi THPT,2024,15.0,Công nghệ kỹ thuật hóa học
9432,DCD,cong-nghe-ky-thuat-hoa-hoc,A07,Điểm thi THPT,2024,15.0,Công nghệ kỹ thuật hóa học
9433,DCD,cong-nghe-ky-thuat-hoa-hoc,B00,Điểm thi THPT,2024,15.0,Công nghệ kỹ thuật hóa học
9434,DCD,cong-nghe-ky-thuat-hoa-hoc,B04,Điểm thi THPT,2024,15.0,Công nghệ kỹ thuật hóa học
9435,DCD,cong-nghe-ky-thuat-hoa-hoc,A00,Điểm học bạ,2025,22.51,Công nghệ kỹ thuật hóa học
9436,DCD,cong-nghe-ky-thuat-hoa-hoc,A07,Điểm học bạ,2025,22.51,Công nghệ kỹ thuật hóa học
9437,DCD,cong-nghe-ky-thuat-hoa-hoc,B00,Điểm học bạ,2025,22.51,Công nghệ kỹ thuật hóa học
9438,DCD,cong-nghe-ky-thuat-hoa-hoc,B04,Điểm học bạ,2025,22.51,Công nghệ kỹ thuật hóa học
9439,DCD,cong-nghe-ky-thuat-hoa-hoc,B08,Điểm học bạ,2025,22.51,Công nghệ kỹ thuật hóa học
9440,DCD,cong-nghe-ky-thuat-hoa-hoc,D01,Điểm học bạ,2025,22.51,Công nghệ kỹ thuật hóa học
9441,DCD,cong-nghe-ky-thuat-hoa-hoc,D09,Điểm học bạ,2025,22.51,Công nghệ kỹ thuật hóa học
9442,DCD,cong-nghe-ky-thuat-hoa-hoc,D10,Điểm học bạ,2025,22.51,Công nghệ kỹ thuật hóa học
9443,DCD,cong-nghe-ky-thuat-hoa-hoc,X13,Điểm học bạ,2025,22.51,Công nghệ kỹ thuật hóa học
9444,DCD,cong-nghe-ky-thuat-hoa-hoc,A00,Điểm thi THPT,2025,17.33,Công nghệ kỹ thuật hóa học
9445,DCD,cong-nghe-ky-thuat-hoa-hoc,A07,Điểm thi THPT,2025,17.33,Công nghệ kỹ thuật hóa học
9446,DCD,cong-nghe-ky-thuat-hoa-hoc,B00,Điểm thi THPT,2025,17.33,Công nghệ kỹ thuật hóa học
9447,DCD,cong-nghe-ky-thuat-hoa-hoc,B04,Điểm thi THPT,2025,17.33,Công nghệ kỹ thuật hóa học
9448,DCD,cong-nghe-ky-thuat-hoa-hoc,B08,Điểm thi THPT,2025,17.33,Công nghệ kỹ thuật hóa học
9449,DCD,cong-nghe-ky-thuat-hoa-hoc,D01,Điểm thi THPT,2025,17.33,Công nghệ kỹ thuật hóa học
9450,DCD,cong-nghe-ky-thuat-hoa-hoc,D09,Điểm thi THPT,2025,17.33,Công nghệ kỹ thuật hóa học
9451,DCD,cong-nghe-ky-thuat-hoa-hoc,D10,Điểm thi THPT,2025,17.33,Công nghệ kỹ thuật hóa học
9452,DCD,cong-nghe-ky-thuat-hoa-hoc,X13,Điểm thi THPT,2025,17.33,Công nghệ kỹ thuật hóa học
9453,DCD,cong-nghe-ky-thuat-moi-truong,A00,Điểm học bạ,2024,18.0,Công nghệ kỹ thuật môi trường
9454,DCD,cong-nghe-ky-thuat-moi-truong,A07,Điểm học bạ,2024,18.0,Công nghệ kỹ thuật môi trường
9455,DCD,cong-nghe-ky-thuat-moi-truong,B00,Điểm học bạ,2024,18.0,Công nghệ kỹ thuật môi trường
9456,DCD,cong-nghe-ky-thuat-moi-truong,B04,Điểm học bạ,2024,18.0,Công nghệ kỹ thuật môi trường
9457,DCD,cong-nghe-ky-thuat-moi-truong,A00,Điểm thi THPT,2024,15.0,Công nghệ kỹ thuật môi trường
9458,DCD,cong-nghe-ky-thuat-moi-truong,A07,Điểm thi THPT,2024,15.0,Công nghệ kỹ thuật môi trường
9459,DCD,cong-nghe-ky-thuat-moi-truong,B00,Điểm thi THPT,2024,15.0,Công nghệ kỹ thuật môi trường
9460,DCD,cong-nghe-ky-thuat-moi-truong,B04,Điểm thi THPT,2024,15.0,Công nghệ kỹ thuật môi trường
9461,DCD,cong-nghe-ky-thuat-moi-truong,A00,Điểm học bạ,2025,22.51,Công nghệ kỹ thuật môi trường
9462,DCD,cong-nghe-ky-thuat-moi-truong,A07,Điểm học bạ,2025,22.51,Công nghệ kỹ thuật môi trường
9463,DCD,cong-nghe-ky-thuat-moi-truong,B00,Điểm học bạ,2025,22.51,Công nghệ kỹ thuật môi trường
9464,DCD,cong-nghe-ky-thuat-moi-truong,B04,Điểm học bạ,2025,22.51,Công nghệ kỹ thuật môi trường
9465,DCD,cong-nghe-ky-thuat-moi-truong,B08,Điểm học bạ,2025,22.51,Công nghệ kỹ thuật môi trường
9466,DCD,cong-nghe-ky-thuat-moi-truong,D01,Điểm học bạ,2025,22.51,Công nghệ kỹ thuật môi trường
9467,DCD,cong-nghe-ky-thuat-moi-truong,D09,Điểm học bạ,2025,22.51,Công nghệ kỹ thuật môi trường
9468,DCD,cong-nghe-ky-thuat-moi-truong,D10,Điểm học bạ,2025,22.51,Công nghệ kỹ thuật môi trường
9469,DCD,cong-nghe-ky-thuat-moi-truong,X13,Điểm học bạ,2025,22.51,Công nghệ kỹ thuật môi trường
9470,DCD,cong-nghe-ky-thuat-moi-truong,A00,Điểm thi THPT,2025,17.33,Công nghệ kỹ thuật môi trường
9471,DCD,cong-nghe-ky-thuat-moi-truong,A07,Điểm thi THPT,2025,17.33,Công nghệ kỹ thuật môi trường
9472,DCD,cong-nghe-ky-thuat-moi-truong,B00,Điểm thi THPT,2025,17.33,Công nghệ kỹ thuật môi trường
9473,DCD,cong-nghe-ky-thuat-moi-truong,B04,Điểm thi THPT,2025,17.33,Công nghệ kỹ thuật môi trường
9474,DCD,cong-nghe-ky-thuat-moi-truong,B08,Điểm thi THPT,2025,17.33,Công nghệ kỹ thuật môi trường
9475,DCD,cong-nghe-ky-thuat-moi-truong,D01,Điểm thi THPT,2025,17.33,Công nghệ kỹ thuật môi trường
9476,DCD,cong-nghe-ky-thuat-moi-truong,D09,Điểm thi THPT,2025,17.33,Công nghệ kỹ thuật môi trường
9477,DCD,cong-nghe-ky-thuat-moi-truong,D10,Điểm thi THPT,2025,17.33,Công nghệ kỹ thuật môi trường
9478,DCD,cong-nghe-ky-thuat-moi-truong,X13,Điểm thi THPT,2025,17.33,Công nghệ kỹ thuật môi trường
9479,DCD,cong-nghe-ky-thuat-o-to,A00,Điểm học bạ,2021,18.0,Công nghệ kỹ thuật ô tô
9480,DCD,cong-nghe-ky-thuat-o-to,A01,Điểm học bạ,2021,18.0,Công nghệ kỹ thuật ô tô
9481,DCD,cong-nghe-ky-thuat-o-to,A03,Điểm học bạ,2021,18.0,Công nghệ kỹ thuật ô tô
9482,DCD,cong-nghe-ky-thuat-o-to,A10,Điểm học bạ,2021,18.0,Công nghệ kỹ thuật ô tô
9483,DCD,cong-nghe-ky-thuat-o-to,A00,Điểm thi THPT,2021,15.0,Công nghệ kỹ thuật ô tô
9484,DCD,cong-nghe-ky-thuat-o-to,A01,Điểm thi THPT,2021,15.0,Công nghệ kỹ thuật ô tô
9485,DCD,cong-nghe-ky-thuat-o-to,A03,Điểm thi THPT,2021,15.0,Công nghệ kỹ thuật ô tô
9486,DCD,cong-nghe-ky-thuat-o-to,A10,Điểm thi THPT,2021,15.0,Công nghệ kỹ thuật ô tô
9487,DCD,cong-nghe-ky-thuat-o-to,A00,Điểm học bạ,2022,18.0,Công nghệ kỹ thuật ô tô
9488,DCD,cong-nghe-ky-thuat-o-to,A01,Điểm học bạ,2022,18.0,Công nghệ kỹ thuật ô tô
9489,DCD,cong-nghe-ky-thuat-o-to,A04,Điểm học bạ,2022,18.0,Công nghệ kỹ thuật ô tô
9490,DCD,cong-nghe-ky-thuat-o-to,A10,Điểm học bạ,2022,18.0,Công nghệ kỹ thuật ô tô
9491,DCD,cong-nghe-ky-thuat-o-to,A00,Điểm thi THPT,2022,15.0,Công nghệ kỹ thuật ô tô
9492,DCD,cong-nghe-ky-thuat-o-to,A01,Điểm thi THPT,2022,15.0,Công nghệ kỹ thuật ô tô
9493,DCD,cong-nghe-ky-thuat-o-to,A04,Điểm thi THPT,2022,15.0,Công nghệ kỹ thuật ô tô
9494,DCD,cong-nghe-ky-thuat-o-to,A10,Điểm thi THPT,2022,15.0,Công nghệ kỹ thuật ô tô
9495,DCD,cong-nghe-ky-thuat-o-to,A00,Điểm học bạ,2023,18.0,Công nghệ kỹ thuật ô tô
9496,DCD,cong-nghe-ky-thuat-o-to,A01,Điểm học bạ,2023,18.0,Công nghệ kỹ thuật ô tô
9497,DCD,cong-nghe-ky-thuat-o-to,A04,Điểm học bạ,2023,18.0,Công nghệ kỹ thuật ô tô
9498,DCD,cong-nghe-ky-thuat-o-to,A10,Điểm học bạ,2023,18.0,Công nghệ kỹ thuật ô tô
9499,DCD,cong-nghe-ky-thuat-o-to,A00,Điểm thi THPT,2023,15.0,Công nghệ kỹ thuật ô tô
9500,DCD,cong-nghe-ky-thuat-o-to,A01,Điểm thi THPT,2023,15.0,Công nghệ kỹ thuật ô tô
9501,DCD,cong-nghe-ky-thuat-o-to,A04,Điểm thi THPT,2023,15.0,Công nghệ kỹ thuật ô tô
9502,DCD,cong-nghe-ky-thuat-o-to,A10,Điểm thi THPT,2023,15.0,Công nghệ kỹ thuật ô tô
9503,DCD,cong-nghe-ky-thuat-o-to,A00,Điểm học bạ,2024,18.0,Công nghệ kỹ thuật ô tô
9504,DCD,cong-nghe-ky-thuat-o-to,A01,Điểm học bạ,2024,18.0,Công nghệ kỹ thuật ô tô
9505,DCD,cong-nghe-ky-thuat-o-to,A04,Điểm học bạ,2024,18.0,Công nghệ kỹ thuật ô tô
9506,DCD,cong-nghe-ky-thuat-o-to,A10,Điểm học bạ,2024,18.0,Công nghệ kỹ thuật ô tô
9507,DCD,cong-nghe-ky-thuat-o-to,A00,Điểm thi THPT,2024,15.0,Công nghệ kỹ thuật ô tô
9508,DCD,cong-nghe-ky-thuat-o-to,A01,Điểm thi THPT,2024,15.0,Công nghệ kỹ thuật ô tô
9509,DCD,cong-nghe-ky-thuat-o-to,A04,Điểm thi THPT,2024,15.0,Công nghệ kỹ thuật ô tô
9510,DCD,cong-nghe-ky-thuat-o-to,A10,Điểm thi THPT,2024,15.0,Công nghệ kỹ thuật ô tô
9511,DCD,cong-nghe-ky-thuat-o-to,A00,Điểm học bạ,2025,22.51,Công nghệ kỹ thuật ô tô
9512,DCD,cong-nghe-ky-thuat-o-to,A01,Điểm học bạ,2025,22.51,Công nghệ kỹ thuật ô tô
9513,DCD,cong-nghe-ky-thuat-o-to,A04,Điểm học bạ,2025,22.51,Công nghệ kỹ thuật ô tô
9514,DCD,cong-nghe-ky-thuat-o-to,A10,Điểm học bạ,2025,22.51,Công nghệ kỹ thuật ô tô
9515,DCD,cong-nghe-ky-thuat-o-to,D01,Điểm học bạ,2025,22.51,Công nghệ kỹ thuật ô tô
9516,DCD,cong-nghe-ky-thuat-o-to,D09,Điểm học bạ,2025,22.51,Công nghệ kỹ thuật ô tô
9517,DCD,cong-nghe-ky-thuat-o-to,D10,Điểm học bạ,2025,22.51,Công nghệ kỹ thuật ô tô
9518,DCD,cong-nghe-ky-thuat-o-to,X05,Điểm học bạ,2025,22.51,Công nghệ kỹ thuật ô tô
9519,DCD,cong-nghe-ky-thuat-o-to,A00,Điểm thi THPT,2025,17.33,Công nghệ kỹ thuật ô tô
9520,DCD,cong-nghe-ky-thuat-o-to,A01,Điểm thi THPT,2025,17.33,Công nghệ kỹ thuật ô tô
9521,DCD,cong-nghe-ky-thuat-o-to,A04,Điểm thi THPT,2025,17.33,Công nghệ kỹ thuật ô tô
9522,DCD,cong-nghe-ky-thuat-o-to,A10,Điểm thi THPT,2025,17.33,Công nghệ kỹ thuật ô tô
9523,DCD,cong-nghe-ky-thuat-o-to,D01,Điểm thi THPT,2025,17.33,Công nghệ kỹ thuật ô tô
9524,DCD,cong-nghe-ky-thuat-o-to,D09,Điểm thi THPT,2025,17.33,Công nghệ kỹ thuật ô tô
9525,DCD,cong-nghe-ky-thuat-o-to,D10,Điểm thi THPT,2025,17.33,Công nghệ kỹ thuật ô tô
9526,DCD,cong-nghe-ky-thuat-o-to,X05,Điểm thi THPT,2025,17.33,Công nghệ kỹ thuật ô tô
9527,DCD,cong-nghe-ky-thuat-xay-dung,A00,Điểm học bạ,2021,18.0,Công nghệ kỹ thuật xây dựng
9528,DCD,cong-nghe-ky-thuat-xay-dung,A01,Điểm học bạ,2021,18.0,Công nghệ kỹ thuật xây dựng
9529,DCD,cong-nghe-ky-thuat-xay-dung,A04,Điểm học bạ,2021,18.0,Công nghệ kỹ thuật xây dựng
9530,DCD,cong-nghe-ky-thuat-xay-dung,A10,Điểm học bạ,2021,18.0,Công nghệ kỹ thuật xây dựng
9531,DCD,cong-nghe-ky-thuat-xay-dung,A00,Điểm thi THPT,2021,15.0,Công nghệ kỹ thuật xây dựng
9532,DCD,cong-nghe-ky-thuat-xay-dung,A01,Điểm thi THPT,2021,15.0,Công nghệ kỹ thuật xây dựng
9533,DCD,cong-nghe-ky-thuat-xay-dung,A04,Điểm thi THPT,2021,15.0,Công nghệ kỹ thuật xây dựng
9534,DCD,cong-nghe-ky-thuat-xay-dung,A10,Điểm thi THPT,2021,15.0,Công nghệ kỹ thuật xây dựng
9535,DCD,cong-nghe-ky-thuat-xay-dung,A00,Điểm học bạ,2024,18.0,Công nghệ kỹ thuật xây dựng
9536,DCD,cong-nghe-ky-thuat-xay-dung,A01,Điểm học bạ,2024,18.0,Công nghệ kỹ thuật xây dựng
9537,DCD,cong-nghe-ky-thuat-xay-dung,A04,Điểm học bạ,2024,18.0,Công nghệ kỹ thuật xây dựng
9538,DCD,cong-nghe-ky-thuat-xay-dung,A10,Điểm học bạ,2024,18.0,Công nghệ kỹ thuật xây dựng
9539,DCD,cong-nghe-ky-thuat-xay-dung,A00,Điểm thi THPT,2024,15.0,Công nghệ kỹ thuật xây dựng
9540,DCD,cong-nghe-ky-thuat-xay-dung,A01,Điểm thi THPT,2024,15.0,Công nghệ kỹ thuật xây dựng
9541,DCD,cong-nghe-ky-thuat-xay-dung,A04,Điểm thi THPT,2024,15.0,Công nghệ kỹ thuật xây dựng
9542,DCD,cong-nghe-ky-thuat-xay-dung,A10,Điểm thi THPT,2024,15.0,Công nghệ kỹ thuật xây dựng
9543,DCD,cong-nghe-ky-thuat-xay-dung,A00,Điểm học bạ,2025,22.51,Công nghệ kỹ thuật xây dựng
9544,DCD,cong-nghe-ky-thuat-xay-dung,A01,Điểm học bạ,2025,22.51,Công nghệ kỹ thuật xây dựng
9545,DCD,cong-nghe-ky-thuat-xay-dung,A04,Điểm học bạ,2025,22.51,Công nghệ kỹ thuật xây dựng
9546,DCD,cong-nghe-ky-thuat-xay-dung,A10,Điểm học bạ,2025,22.51,Công nghệ kỹ thuật xây dựng
9547,DCD,cong-nghe-ky-thuat-xay-dung,D01,Điểm học bạ,2025,22.51,Công nghệ kỹ thuật xây dựng
9548,DCD,cong-nghe-ky-thuat-xay-dung,D09,Điểm học bạ,2025,22.51,Công nghệ kỹ thuật xây dựng
9549,DCD,cong-nghe-ky-thuat-xay-dung,D10,Điểm học bạ,2025,22.51,Công nghệ kỹ thuật xây dựng
9550,DCD,cong-nghe-ky-thuat-xay-dung,X05,Điểm học bạ,2025,22.51,Công nghệ kỹ thuật xây dựng
9551,DCD,cong-nghe-ky-thuat-xay-dung,A00,Điểm thi THPT,2025,17.33,Công nghệ kỹ thuật xây dựng
9552,DCD,cong-nghe-ky-thuat-xay-dung,A01,Điểm thi THPT,2025,17.33,Công nghệ kỹ thuật xây dựng
9553,DCD,cong-nghe-ky-thuat-xay-dung,A04,Điểm thi THPT,2025,17.33,Công nghệ kỹ thuật xây dựng
9554,DCD,cong-nghe-ky-thuat-xay-dung,A10,Điểm thi THPT,2025,17.33,Công nghệ kỹ thuật xây dựng
9555,DCD,cong-nghe-ky-thuat-xay-dung,D01,Điểm thi THPT,2025,17.33,Công nghệ kỹ thuật xây dựng
9556,DCD,cong-nghe-ky-thuat-xay-dung,D09,Điểm thi THPT,2025,17.33,Công nghệ kỹ thuật xây dựng
9557,DCD,cong-nghe-ky-thuat-xay-dung,D10,Điểm thi THPT,2025,17.33,Công nghệ kỹ thuật xây dựng
9558,DCD,cong-nghe-ky-thuat-xay-dung,X05,Điểm thi THPT,2025,17.33,Công nghệ kỹ thuật xây dựng
9559,DCD,cong-nghe-sinh-hoc,A00,Điểm học bạ,2024,18.0,Công nghệ sinh học
9560,DCD,cong-nghe-sinh-hoc,A07,Điểm học bạ,2024,18.0,Công nghệ sinh học
9561,DCD,cong-nghe-sinh-hoc,B00,Điểm học bạ,2024,18.0,Công nghệ sinh học
9562,DCD,cong-nghe-sinh-hoc,B04,Điểm học bạ,2024,18.0,Công nghệ sinh học
9563,DCD,cong-nghe-sinh-hoc,A00,Điểm thi THPT,2024,15.0,Công nghệ sinh học
9564,DCD,cong-nghe-sinh-hoc,A07,Điểm thi THPT,2024,15.0,Công nghệ sinh học
9565,DCD,cong-nghe-sinh-hoc,B00,Điểm thi THPT,2024,15.0,Công nghệ sinh học
9566,DCD,cong-nghe-sinh-hoc,B04,Điểm thi THPT,2024,15.0,Công nghệ sinh học
9567,DCD,cong-nghe-sinh-hoc,A00,Điểm học bạ,2025,22.51,Công nghệ sinh học
9568,DCD,cong-nghe-sinh-hoc,A07,Điểm học bạ,2025,22.51,Công nghệ sinh học
9569,DCD,cong-nghe-sinh-hoc,B00,Điểm học bạ,2025,22.51,Công nghệ sinh học
9570,DCD,cong-nghe-sinh-hoc,B04,Điểm học bạ,2025,22.51,Công nghệ sinh học
9571,DCD,cong-nghe-sinh-hoc,B08,Điểm học bạ,2025,22.51,Công nghệ sinh học
9572,DCD,cong-nghe-sinh-hoc,D01,Điểm học bạ,2025,22.51,Công nghệ sinh học
9573,DCD,cong-nghe-sinh-hoc,D09,Điểm học bạ,2025,22.51,Công nghệ sinh học
9574,DCD,cong-nghe-sinh-hoc,D10,Điểm học bạ,2025,22.51,Công nghệ sinh học
9575,DCD,cong-nghe-sinh-hoc,X13,Điểm học bạ,2025,22.51,Công nghệ sinh học
9576,DCD,cong-nghe-sinh-hoc,A00,Điểm thi THPT,2025,17.33,Công nghệ sinh học
9577,DCD,cong-nghe-sinh-hoc,A07,Điểm thi THPT,2025,17.33,Công nghệ sinh học
9578,DCD,cong-nghe-sinh-hoc,B00,Điểm thi THPT,2025,17.33,Công nghệ sinh học
9579,DCD,cong-nghe-sinh-hoc,B04,Điểm thi THPT,2025,17.33,Công nghệ sinh học
9580,DCD,cong-nghe-sinh-hoc,B08,Điểm thi THPT,2025,17.33,Công nghệ sinh học
9581,DCD,cong-nghe-sinh-hoc,D01,Điểm thi THPT,2025,17.33,Công nghệ sinh học
9582,DCD,cong-nghe-sinh-hoc,D09,Điểm thi THPT,2025,17.33,Công nghệ sinh học
9583,DCD,cong-nghe-sinh-hoc,D10,Điểm thi THPT,2025,17.33,Công nghệ sinh học
9584,DCD,cong-nghe-sinh-hoc,X13,Điểm thi THPT,2025,17.33,Công nghệ sinh học
9585,DCD,cong-nghe-thong-tin,A00,Điểm học bạ,2021,18.0,Công nghệ thông tin
9586,DCD,cong-nghe-thong-tin,A01,Điểm học bạ,2021,18.0,Công nghệ thông tin
9587,DCD,cong-nghe-thong-tin,A04,Điểm học bạ,2021,18.0,Công nghệ thông tin
9588,DCD,cong-nghe-thong-tin,A10,Điểm học bạ,2021,18.0,Công nghệ thông tin
9589,DCD,cong-nghe-thong-tin,A00,Điểm thi THPT,2021,15.0,Công nghệ thông tin
9590,DCD,cong-nghe-thong-tin,A01,Điểm thi THPT,2021,15.0,Công nghệ thông tin
9591,DCD,cong-nghe-thong-tin,A04,Điểm thi THPT,2021,15.0,Công nghệ thông tin
9592,DCD,cong-nghe-thong-tin,A10,Điểm thi THPT,2021,15.0,Công nghệ thông tin
9593,DCD,cong-nghe-thong-tin,A00,Điểm học bạ,2022,18.0,Công nghệ thông tin
9594,DCD,cong-nghe-thong-tin,A01,Điểm học bạ,2022,18.0,Công nghệ thông tin
9595,DCD,cong-nghe-thong-tin,A04,Điểm học bạ,2022,18.0,Công nghệ thông tin
9596,DCD,cong-nghe-thong-tin,A10,Điểm học bạ,2022,18.0,Công nghệ thông tin
9597,DCD,cong-nghe-thong-tin,A00,Điểm thi THPT,2022,15.0,Công nghệ thông tin
9598,DCD,cong-nghe-thong-tin,A01,Điểm thi THPT,2022,15.0,Công nghệ thông tin
9599,DCD,cong-nghe-thong-tin,A04,Điểm thi THPT,2022,15.0,Công nghệ thông tin
9600,DCD,cong-nghe-thong-tin,A10,Điểm thi THPT,2022,15.0,Công nghệ thông tin
9601,DCD,cong-nghe-thong-tin,A00,Điểm học bạ,2023,18.0,Công nghệ thông tin
9602,DCD,cong-nghe-thong-tin,A01,Điểm học bạ,2023,18.0,Công nghệ thông tin
9603,DCD,cong-nghe-thong-tin,A04,Điểm học bạ,2023,18.0,Công nghệ thông tin
9604,DCD,cong-nghe-thong-tin,A10,Điểm học bạ,2023,18.0,Công nghệ thông tin
9605,DCD,cong-nghe-thong-tin,A00,Điểm thi THPT,2023,15.0,Công nghệ thông tin
9606,DCD,cong-nghe-thong-tin,A01,Điểm thi THPT,2023,15.0,Công nghệ thông tin
9607,DCD,cong-nghe-thong-tin,A04,Điểm thi THPT,2023,15.0,Công nghệ thông tin
9608,DCD,cong-nghe-thong-tin,A10,Điểm thi THPT,2023,15.0,Công nghệ thông tin
9609,DCD,cong-nghe-thong-tin,A00,Điểm học bạ,2024,18.0,Công nghệ thông tin
9610,DCD,cong-nghe-thong-tin,A01,Điểm học bạ,2024,18.0,Công nghệ thông tin
9611,DCD,cong-nghe-thong-tin,A10,Điểm học bạ,2024,18.0,Công nghệ thông tin
9612,DCD,cong-nghe-thong-tin,D01,Điểm học bạ,2024,18.0,Công nghệ thông tin
9613,DCD,cong-nghe-thong-tin,A00,Điểm thi THPT,2024,15.0,Công nghệ thông tin
9614,DCD,cong-nghe-thong-tin,A01,Điểm thi THPT,2024,15.0,Công nghệ thông tin
9615,DCD,cong-nghe-thong-tin,A10,Điểm thi THPT,2024,15.0,Công nghệ thông tin
9616,DCD,cong-nghe-thong-tin,D01,Điểm thi THPT,2024,15.0,Công nghệ thông tin
9617,DCD,cong-nghe-thong-tin,A00,Điểm học bạ,2025,22.51,Công nghệ thông tin
9618,DCD,cong-nghe-thong-tin,A01,Điểm học bạ,2025,22.51,Công nghệ thông tin
9619,DCD,cong-nghe-thong-tin,A04,Điểm học bạ,2025,22.51,Công nghệ thông tin
9620,DCD,cong-nghe-thong-tin,A10,Điểm học bạ,2025,22.51,Công nghệ thông tin
9621,DCD,cong-nghe-thong-tin,D01,Điểm học bạ,2025,22.51,Công nghệ thông tin
9622,DCD,cong-nghe-thong-tin,D09,Điểm học bạ,2025,22.51,Công nghệ thông tin
9623,DCD,cong-nghe-thong-tin,D10,Điểm học bạ,2025,22.51,Công nghệ thông tin
9624,DCD,cong-nghe-thong-tin,X05,Điểm học bạ,2025,22.51,Công nghệ thông tin
9625,DCD,cong-nghe-thong-tin,A00,Điểm thi THPT,2025,17.33,Công nghệ thông tin
9626,DCD,cong-nghe-thong-tin,A01,Điểm thi THPT,2025,17.33,Công nghệ thông tin
9627,DCD,cong-nghe-thong-tin,A04,Điểm thi THPT,2025,17.33,Công nghệ thông tin
9628,DCD,cong-nghe-thong-tin,A10,Điểm thi THPT,2025,17.33,Công nghệ thông tin
9629,DCD,cong-nghe-thong-tin,D01,Điểm thi THPT,2025,17.33,Công nghệ thông tin
9630,DCD,cong-nghe-thong-tin,D09,Điểm thi THPT,2025,17.33,Công nghệ thông tin
9631,DCD,cong-nghe-thong-tin,D10,Điểm thi THPT,2025,17.33,Công nghệ thông tin
9632,DCD,cong-nghe-thong-tin,X05,Điểm thi THPT,2025,17.33,Công nghệ thông tin
9633,DCD,cong-nghe-thuc-pham,A00,Điểm học bạ,2021,18.0,Công nghệ thực phẩm
9634,DCD,cong-nghe-thuc-pham,A06,Điểm học bạ,2021,18.0,Công nghệ thực phẩm
9635,DCD,cong-nghe-thuc-pham,B00,Điểm học bạ,2021,18.0,Công nghệ thực phẩm
9636,DCD,cong-nghe-thuc-pham,D07,Điểm học bạ,2021,18.0,Công nghệ thực phẩm
9637,DCD,cong-nghe-thuc-pham,A00,Điểm thi THPT,2021,15.0,Công nghệ thực phẩm
9638,DCD,cong-nghe-thuc-pham,A06,Điểm thi THPT,2021,15.0,Công nghệ thực phẩm
9639,DCD,cong-nghe-thuc-pham,B00,Điểm thi THPT,2021,15.0,Công nghệ thực phẩm
9640,DCD,cong-nghe-thuc-pham,D07,Điểm thi THPT,2021,15.0,Công nghệ thực phẩm
9641,DCD,cong-nghe-thuc-pham,A00,Điểm học bạ,2022,18.0,Công nghệ thực phẩm
9642,DCD,cong-nghe-thuc-pham,A06,Điểm học bạ,2022,18.0,Công nghệ thực phẩm
9643,DCD,cong-nghe-thuc-pham,B00,Điểm học bạ,2022,18.0,Công nghệ thực phẩm
9644,DCD,cong-nghe-thuc-pham,B04,Điểm học bạ,2022,18.0,Công nghệ thực phẩm
9645,DCD,cong-nghe-thuc-pham,A00,Điểm thi THPT,2022,15.0,Công nghệ thực phẩm
9646,DCD,cong-nghe-thuc-pham,A06,Điểm thi THPT,2022,15.0,Công nghệ thực phẩm
9647,DCD,cong-nghe-thuc-pham,B00,Điểm thi THPT,2022,15.0,Công nghệ thực phẩm
9648,DCD,cong-nghe-thuc-pham,B04,Điểm thi THPT,2022,15.0,Công nghệ thực phẩm
9649,DCD,cong-nghe-thuc-pham,A00,Điểm học bạ,2023,18.0,Công nghệ thực phẩm
9650,DCD,cong-nghe-thuc-pham,A06,Điểm học bạ,2023,18.0,Công nghệ thực phẩm
9651,DCD,cong-nghe-thuc-pham,B00,Điểm học bạ,2023,18.0,Công nghệ thực phẩm
9652,DCD,cong-nghe-thuc-pham,B04,Điểm học bạ,2023,18.0,Công nghệ thực phẩm
9653,DCD,cong-nghe-thuc-pham,A00,Điểm thi THPT,2023,15.0,Công nghệ thực phẩm
9654,DCD,cong-nghe-thuc-pham,A06,Điểm thi THPT,2023,15.0,Công nghệ thực phẩm
9655,DCD,cong-nghe-thuc-pham,B00,Điểm thi THPT,2023,15.0,Công nghệ thực phẩm
9656,DCD,cong-nghe-thuc-pham,D04,Điểm thi THPT,2023,15.0,Công nghệ thực phẩm
9657,DCD,cong-nghe-thuc-pham,A00,Điểm học bạ,2024,18.0,Công nghệ thực phẩm
9658,DCD,cong-nghe-thuc-pham,A07,Điểm học bạ,2024,18.0,Công nghệ thực phẩm
9659,DCD,cong-nghe-thuc-pham,B00,Điểm học bạ,2024,18.0,Công nghệ thực phẩm
9660,DCD,cong-nghe-thuc-pham,B04,Điểm học bạ,2024,18.0,Công nghệ thực phẩm
9661,DCD,cong-nghe-thuc-pham,A00,Điểm thi THPT,2024,15.0,Công nghệ thực phẩm
9662,DCD,cong-nghe-thuc-pham,A07,Điểm thi THPT,2024,15.0,Công nghệ thực phẩm
9663,DCD,cong-nghe-thuc-pham,B00,Điểm thi THPT,2024,15.0,Công nghệ thực phẩm
9664,DCD,cong-nghe-thuc-pham,B04,Điểm thi THPT,2024,15.0,Công nghệ thực phẩm
9665,DCD,cong-nghe-thuc-pham,A00,Điểm học bạ,2025,22.51,Công nghệ thực phẩm
9666,DCD,cong-nghe-thuc-pham,A07,Điểm học bạ,2025,22.51,Công nghệ thực phẩm
9667,DCD,cong-nghe-thuc-pham,B04,Điểm học bạ,2025,22.51,Công nghệ thực phẩm
9668,DCD,cong-nghe-thuc-pham,B08,Điểm học bạ,2025,22.51,Công nghệ thực phẩm
9669,DCD,cong-nghe-thuc-pham,D01,Điểm học bạ,2025,22.51,Công nghệ thực phẩm
9670,DCD,cong-nghe-thuc-pham,D09,Điểm học bạ,2025,22.51,Công nghệ thực phẩm
9671,DCD,cong-nghe-thuc-pham,D10,Điểm học bạ,2025,22.51,Công nghệ thực phẩm
9672,DCD,cong-nghe-thuc-pham,X13,Điểm học bạ,2025,22.51,Công nghệ thực phẩm
9673,DCD,cong-nghe-thuc-pham,A00,Điểm thi THPT,2025,17.33,Công nghệ thực phẩm
9674,DCD,cong-nghe-thuc-pham,A07,Điểm thi THPT,2025,17.33,Công nghệ thực phẩm
9675,DCD,cong-nghe-thuc-pham,B04,Điểm thi THPT,2025,17.33,Công nghệ thực phẩm
9676,DCD,cong-nghe-thuc-pham,B08,Điểm thi THPT,2025,17.33,Công nghệ thực phẩm
9677,DCD,cong-nghe-thuc-pham,D01,Điểm thi THPT,2025,17.33,Công nghệ thực phẩm
9678,DCD,cong-nghe-thuc-pham,D09,Điểm thi THPT,2025,17.33,Công nghệ thực phẩm
9679,DCD,cong-nghe-thuc-pham,D10,Điểm thi THPT,2025,17.33,Công nghệ thực phẩm
9680,DCD,cong-nghe-thuc-pham,X13,Điểm thi THPT,2025,17.33,Công nghệ thực phẩm
9681,DCD,dieu-duong,A06,Điểm học bạ,2021,19.5,Điều dưỡng
9682,DCD,dieu-duong,B00,Điểm học bạ,2021,19.5,Điều dưỡng
9683,DCD,dieu-duong,B04,Điểm học bạ,2021,19.5,Điều dưỡng
9684,DCD,dieu-duong,C08,Điểm học bạ,2021,19.5,Điều dưỡng
9685,DCD,dieu-duong,A06,Điểm thi THPT,2021,19.0,Điều dưỡng
9686,DCD,dieu-duong,B00,Điểm thi THPT,2021,19.0,Điều dưỡng
9687,DCD,dieu-duong,B04,Điểm thi THPT,2021,19.0,Điều dưỡng
9688,DCD,dieu-duong,C08,Điểm thi THPT,2021,19.0,Điều dưỡng
9689,DCD,dieu-duong,A06,Điểm học bạ,2022,19.5,Điều dưỡng
9690,DCD,dieu-duong,B00,Điểm học bạ,2022,19.5,Điều dưỡng
9691,DCD,dieu-duong,B04,Điểm học bạ,2022,19.5,Điều dưỡng
9692,DCD,dieu-duong,C08,Điểm học bạ,2022,19.5,Điều dưỡng
9693,DCD,dieu-duong,A06,Điểm thi THPT,2022,19.0,Điều dưỡng
9694,DCD,dieu-duong,B00,Điểm thi THPT,2022,19.0,Điều dưỡng
9695,DCD,dieu-duong,B04,Điểm thi THPT,2022,19.0,Điều dưỡng
9696,DCD,dieu-duong,C08,Điểm thi THPT,2022,19.0,Điều dưỡng
9697,DCD,dieu-duong,A06,Điểm học bạ,2023,19.5,Điều dưỡng
9698,DCD,dieu-duong,B00,Điểm học bạ,2023,19.5,Điều dưỡng
9699,DCD,dieu-duong,B04,Điểm học bạ,2023,19.5,Điều dưỡng
9700,DCD,dieu-duong,C08,Điểm học bạ,2023,19.5,Điều dưỡng
9701,DCD,dieu-duong,A06,Điểm thi THPT,2023,19.0,Điều dưỡng
9702,DCD,dieu-duong,B00,Điểm thi THPT,2023,19.0,Điều dưỡng
9703,DCD,dieu-duong,B04,Điểm thi THPT,2023,19.0,Điều dưỡng
9704,DCD,dieu-duong,C08,Điểm thi THPT,2023,19.0,Điều dưỡng
9705,DCD,dieu-duong,A00,Điểm học bạ,2024,19.5,Điều dưỡng
9706,DCD,dieu-duong,B00,Điểm học bạ,2024,19.5,Điều dưỡng
9707,DCD,dieu-duong,C08,Điểm học bạ,2024,19.5,Điều dưỡng
9708,DCD,dieu-duong,D07,Điểm học bạ,2024,19.5,Điều dưỡng
9709,DCD,dieu-duong,A00,Điểm thi THPT,2024,19.0,Điều dưỡng
9710,DCD,dieu-duong,B00,Điểm thi THPT,2024,19.0,Điều dưỡng
9711,DCD,dieu-duong,C08,Điểm thi THPT,2024,19.0,Điều dưỡng
9712,DCD,dieu-duong,D07,Điểm thi THPT,2024,19.0,Điều dưỡng
9713,DCD,dieu-duong,A00,Điểm học bạ,2025,29.61,Điều dưỡng
9714,DCD,dieu-duong,A02,Điểm học bạ,2025,29.61,Điều dưỡng
9715,DCD,dieu-duong,B00,Điểm học bạ,2025,29.61,Điều dưỡng
9716,DCD,dieu-duong,B08,Điểm học bạ,2025,29.61,Điều dưỡng
9717,DCD,dieu-duong,D01,Điểm học bạ,2025,29.61,Điều dưỡng
9718,DCD,dieu-duong,D07,Điểm học bạ,2025,29.61,Điều dưỡng
9719,DCD,dieu-duong,D09,Điểm học bạ,2025,29.61,Điều dưỡng
9720,DCD,dieu-duong,D10,Điểm học bạ,2025,29.61,Điều dưỡng
9721,DCD,dieu-duong,A00,Điểm thi THPT,2025,22.8,Điều dưỡng
9722,DCD,dieu-duong,A02,Điểm thi THPT,2025,22.8,Điều dưỡng
9723,DCD,dieu-duong,B00,Điểm thi THPT,2025,22.8,Điều dưỡng
9724,DCD,dieu-duong,B08,Điểm thi THPT,2025,22.8,Điều dưỡng
9725,DCD,dieu-duong,D01,Điểm thi THPT,2025,22.8,Điều dưỡng
9726,DCD,dieu-duong,D07,Điểm thi THPT,2025,22.8,Điều dưỡng
9727,DCD,dieu-duong,D09,Điểm thi THPT,2025,22.8,Điều dưỡng
9728,DCD,dieu-duong,D10,Điểm thi THPT,2025,22.8,Điều dưỡng
9729,DCD,dong-phuong-hoc,A07,Điểm học bạ,2021,18.0,Đông phương học
9730,DCD,dong-phuong-hoc,C00,Điểm học bạ,2021,18.0,Đông phương học
9731,DCD,dong-phuong-hoc,D01,Điểm học bạ,2021,18.0,Đông phương học
9732,DCD,dong-phuong-hoc,D15,Điểm học bạ,2021,18.0,Đông phương học
9733,DCD,dong-phuong-hoc,A07,Điểm thi THPT,2021,15.0,Đông phương học
9734,DCD,dong-phuong-hoc,C00,Điểm thi THPT,2021,15.0,Đông phương học
9735,DCD,dong-phuong-hoc,D01,Điểm thi THPT,2021,15.0,Đông phương học
9736,DCD,dong-phuong-hoc,D15,Điểm thi THPT,2021,15.0,Đông phương học
9737,DCD,dong-phuong-hoc,A07,Điểm học bạ,2022,18.0,Đông phương học
9738,DCD,dong-phuong-hoc,C00,Điểm học bạ,2022,18.0,Đông phương học
9739,DCD,dong-phuong-hoc,D01,Điểm học bạ,2022,18.0,Đông phương học
9740,DCD,dong-phuong-hoc,D15,Điểm học bạ,2022,18.0,Đông phương học
9741,DCD,dong-phuong-hoc,A07,Điểm thi THPT,2022,15.0,Đông phương học
9742,DCD,dong-phuong-hoc,C00,Điểm thi THPT,2022,15.0,Đông phương học
9743,DCD,dong-phuong-hoc,D01,Điểm thi THPT,2022,15.0,Đông phương học
9744,DCD,dong-phuong-hoc,D15,Điểm thi THPT,2022,15.0,Đông phương học
9745,DCD,dong-phuong-hoc,A07,Điểm học bạ,2023,18.0,Đông phương học
9746,DCD,dong-phuong-hoc,C00,Điểm học bạ,2023,18.0,Đông phương học
9747,DCD,dong-phuong-hoc,D01,Điểm học bạ,2023,18.0,Đông phương học
9748,DCD,dong-phuong-hoc,D15,Điểm học bạ,2023,18.0,Đông phương học
9749,DCD,dong-phuong-hoc,A07,Điểm thi THPT,2023,15.0,Đông phương học
9750,DCD,dong-phuong-hoc,C00,Điểm thi THPT,2023,15.0,Đông phương học
9751,DCD,dong-phuong-hoc,D01,Điểm thi THPT,2023,15.0,Đông phương học
9752,DCD,dong-phuong-hoc,D15,Điểm thi THPT,2023,15.0,Đông phương học
9753,DCD,dong-phuong-hoc,A07,Điểm học bạ,2024,18.0,Đông phương học
9754,DCD,dong-phuong-hoc,C00,Điểm học bạ,2024,18.0,Đông phương học
9755,DCD,dong-phuong-hoc,D14,Điểm học bạ,2024,18.0,Đông phương học
9756,DCD,dong-phuong-hoc,D15,Điểm học bạ,2024,18.0,Đông phương học
9757,DCD,dong-phuong-hoc,A07,Điểm thi THPT,2024,15.0,Đông phương học
9758,DCD,dong-phuong-hoc,C00,Điểm thi THPT,2024,15.0,Đông phương học
9759,DCD,dong-phuong-hoc,D14,Điểm thi THPT,2024,15.0,Đông phương học
9760,DCD,dong-phuong-hoc,D15,Điểm thi THPT,2024,15.0,Đông phương học
9761,DCD,dong-phuong-hoc,C00,Điểm học bạ,2025,22.95,Đông phương học
9762,DCD,dong-phuong-hoc,C01,Điểm học bạ,2025,22.95,Đông phương học
9763,DCD,dong-phuong-hoc,C02,Điểm học bạ,2025,22.95,Đông phương học
9764,DCD,dong-phuong-hoc,D01,Điểm học bạ,2025,22.95,Đông phương học
9765,DCD,dong-phuong-hoc,D14,Điểm học bạ,2025,22.95,Đông phương học
9766,DCD,dong-phuong-hoc,D15,Điểm học bạ,2025,22.95,Đông phương học
9767,DCD,dong-phuong-hoc,D66,Điểm học bạ,2025,22.95,Đông phương học
9768,DCD,dong-phuong-hoc,X78,Điểm học bạ,2025,22.95,Đông phương học
9769,DCD,dong-phuong-hoc,C00,Điểm thi THPT,2025,17.67,Đông phương học
9770,DCD,dong-phuong-hoc,C01,Điểm thi THPT,2025,17.67,Đông phương học
9771,DCD,dong-phuong-hoc,C02,Điểm thi THPT,2025,17.67,Đông phương học
9772,DCD,dong-phuong-hoc,D01,Điểm thi THPT,2025,17.67,Đông phương học
9773,DCD,dong-phuong-hoc,D14,Điểm thi THPT,2025,17.67,Đông phương học
9774,DCD,dong-phuong-hoc,D15,Điểm thi THPT,2025,17.67,Đông phương học
9775,DCD,dong-phuong-hoc,D66,Điểm thi THPT,2025,17.67,Đông phương học
9776,DCD,dong-phuong-hoc,X78,Điểm thi THPT,2025,17.67,Đông phương học
9777,DCD,ke-toan,A00,Điểm học bạ,2021,18.0,Kế toán
9778,DCD,ke-toan,A07,Điểm học bạ,2021,18.0,Kế toán
9779,DCD,ke-toan,A09,Điểm học bạ,2021,18.0,Kế toán
9780,DCD,ke-toan,D84,Điểm học bạ,2021,18.0,Kế toán
9781,DCD,ke-toan,A00,Điểm thi THPT,2021,15.0,Kế toán
9782,DCD,ke-toan,A07,Điểm thi THPT,2021,15.0,Kế toán
9783,DCD,ke-toan,A09,Điểm thi THPT,2021,15.0,Kế toán
9784,DCD,ke-toan,D84,Điểm thi THPT,2021,15.0,Kế toán
9785,DCD,ke-toan,A00,Điểm học bạ,2022,18.0,Kế toán
9786,DCD,ke-toan,A07,Điểm học bạ,2022,18.0,Kế toán
9787,DCD,ke-toan,A09,Điểm học bạ,2022,18.0,Kế toán
9788,DCD,ke-toan,D84,Điểm học bạ,2022,18.0,Kế toán
9789,DCD,ke-toan,A00,Điểm thi THPT,2022,15.0,Kế toán
9790,DCD,ke-toan,A07,Điểm thi THPT,2022,15.0,Kế toán
9791,DCD,ke-toan,A09,Điểm thi THPT,2022,15.0,Kế toán
9792,DCD,ke-toan,D84,Điểm thi THPT,2022,15.0,Kế toán
9793,DCD,ke-toan,A00,Điểm học bạ,2023,18.0,Kế toán
9794,DCD,ke-toan,A07,Điểm học bạ,2023,18.0,Kế toán
9795,DCD,ke-toan,A09,Điểm học bạ,2023,18.0,Kế toán
9796,DCD,ke-toan,D84,Điểm học bạ,2023,18.0,Kế toán
9797,DCD,ke-toan,A00,Điểm thi THPT,2023,15.0,Kế toán
9798,DCD,ke-toan,A07,Điểm thi THPT,2023,15.0,Kế toán
9799,DCD,ke-toan,A09,Điểm thi THPT,2023,15.0,Kế toán
9800,DCD,ke-toan,D84,Điểm thi THPT,2023,15.0,Kế toán
9801,DCD,ke-toan,A00,Điểm học bạ,2024,18.0,Kế toán
9802,DCD,ke-toan,A07,Điểm học bạ,2024,18.0,Kế toán
9803,DCD,ke-toan,C00,Điểm học bạ,2024,18.0,Kế toán
9804,DCD,ke-toan,D01,Điểm học bạ,2024,18.0,Kế toán
9805,DCD,ke-toan,A00,Điểm thi THPT,2024,15.0,Kế toán
9806,DCD,ke-toan,A07,Điểm thi THPT,2024,15.0,Kế toán
9807,DCD,ke-toan,C00,Điểm thi THPT,2024,15.0,Kế toán
9808,DCD,ke-toan,D01,Điểm thi THPT,2024,15.0,Kế toán
9809,DCD,ke-toan,A00,Điểm học bạ,2025,22.51,Kế toán
9810,DCD,ke-toan,A01,Điểm học bạ,2025,22.51,Kế toán
9811,DCD,ke-toan,A07,Điểm học bạ,2025,22.51,Kế toán
9812,DCD,ke-toan,C04,Điểm học bạ,2025,22.51,Kế toán
9813,DCD,ke-toan,D01,Điểm học bạ,2025,22.51,Kế toán
9814,DCD,ke-toan,D09,Điểm học bạ,2025,22.51,Kế toán
9815,DCD,ke-toan,D10,Điểm học bạ,2025,22.51,Kế toán
9816,DCD,ke-toan,A00,Điểm thi THPT,2025,17.33,Kế toán
9817,DCD,ke-toan,A01,Điểm thi THPT,2025,17.33,Kế toán
9818,DCD,ke-toan,A07,Điểm thi THPT,2025,17.33,Kế toán
9819,DCD,ke-toan,C04,Điểm thi THPT,2025,17.33,Kế toán
9820,DCD,ke-toan,D01,Điểm thi THPT,2025,17.33,Kế toán
9821,DCD,ke-toan,D09,Điểm thi THPT,2025,17.33,Kế toán
9822,DCD,ke-toan,D10,Điểm thi THPT,2025,17.33,Kế toán
9823,DCD,ky-thuat-phan-mem,A00,Điểm học bạ,2024,18.0,Kỹ thuật phần mềm
9824,DCD,ky-thuat-phan-mem,A01,Điểm học bạ,2024,18.0,Kỹ thuật phần mềm
9825,DCD,ky-thuat-phan-mem,A10,Điểm học bạ,2024,18.0,Kỹ thuật phần mềm
9826,DCD,ky-thuat-phan-mem,D01,Điểm học bạ,2024,18.0,Kỹ thuật phần mềm
9827,DCD,ky-thuat-phan-mem,A00,Điểm thi THPT,2024,15.0,Kỹ thuật phần mềm
9828,DCD,ky-thuat-phan-mem,A01,Điểm thi THPT,2024,15.0,Kỹ thuật phần mềm
9829,DCD,ky-thuat-phan-mem,A10,Điểm thi THPT,2024,15.0,Kỹ thuật phần mềm
9830,DCD,ky-thuat-phan-mem,D01,Điểm thi THPT,2024,15.0,Kỹ thuật phần mềm
9831,DCD,ky-thuat-phan-mem,A00,Điểm học bạ,2025,22.51,Kỹ thuật phần mềm
9832,DCD,ky-thuat-phan-mem,A01,Điểm học bạ,2025,22.51,Kỹ thuật phần mềm
9833,DCD,ky-thuat-phan-mem,A04,Điểm học bạ,2025,22.51,Kỹ thuật phần mềm
9834,DCD,ky-thuat-phan-mem,A10,Điểm học bạ,2025,22.51,Kỹ thuật phần mềm
9835,DCD,ky-thuat-phan-mem,D01,Điểm học bạ,2025,22.51,Kỹ thuật phần mềm
9836,DCD,ky-thuat-phan-mem,D09,Điểm học bạ,2025,22.51,Kỹ thuật phần mềm
9837,DCD,ky-thuat-phan-mem,D10,Điểm học bạ,2025,22.51,Kỹ thuật phần mềm
9838,DCD,ky-thuat-phan-mem,X05,Điểm học bạ,2025,22.51,Kỹ thuật phần mềm
9839,DCD,ky-thuat-phan-mem,A00,Điểm thi THPT,2025,17.33,Kỹ thuật phần mềm
9840,DCD,ky-thuat-phan-mem,A01,Điểm thi THPT,2025,17.33,Kỹ thuật phần mềm
9841,DCD,ky-thuat-phan-mem,A04,Điểm thi THPT,2025,17.33,Kỹ thuật phần mềm
9842,DCD,ky-thuat-phan-mem,A10,Điểm thi THPT,2025,17.33,Kỹ thuật phần mềm
9843,DCD,ky-thuat-phan-mem,D01,Điểm thi THPT,2025,17.33,Kỹ thuật phần mềm
9844,DCD,ky-thuat-phan-mem,D09,Điểm thi THPT,2025,17.33,Kỹ thuật phần mềm
9845,DCD,ky-thuat-phan-mem,D10,Điểm thi THPT,2025,17.33,Kỹ thuật phần mềm
9846,DCD,ky-thuat-phan-mem,X05,Điểm thi THPT,2025,17.33,Kỹ thuật phần mềm
9847,DCD,ky-thuat-xet-nghiem-y-hoc,A00,Điểm học bạ,2021,19.5,Kỹ thuật xét nghiệm y học
9848,DCD,ky-thuat-xet-nghiem-y-hoc,A06,Điểm học bạ,2021,19.5,Kỹ thuật xét nghiệm y học
9849,DCD,ky-thuat-xet-nghiem-y-hoc,B00,Điểm học bạ,2021,19.5,Kỹ thuật xét nghiệm y học
9850,DCD,ky-thuat-xet-nghiem-y-hoc,B04,Điểm học bạ,2021,19.5,Kỹ thuật xét nghiệm y học
9851,DCD,ky-thuat-xet-nghiem-y-hoc,A00,Điểm thi THPT,2021,19.0,Kỹ thuật xét nghiệm y học
9852,DCD,ky-thuat-xet-nghiem-y-hoc,A06,Điểm thi THPT,2021,19.0,Kỹ thuật xét nghiệm y học
9853,DCD,ky-thuat-xet-nghiem-y-hoc,B00,Điểm thi THPT,2021,19.0,Kỹ thuật xét nghiệm y học
9854,DCD,ky-thuat-xet-nghiem-y-hoc,B04,Điểm thi THPT,2021,19.0,Kỹ thuật xét nghiệm y học
9855,DCD,ky-thuat-xet-nghiem-y-hoc,A06,Điểm học bạ,2022,19.5,Kỹ thuật xét nghiệm y học
9856,DCD,ky-thuat-xet-nghiem-y-hoc,B00,Điểm học bạ,2022,19.5,Kỹ thuật xét nghiệm y học
9857,DCD,ky-thuat-xet-nghiem-y-hoc,B04,Điểm học bạ,2022,19.5,Kỹ thuật xét nghiệm y học
9858,DCD,ky-thuat-xet-nghiem-y-hoc,C08,Điểm học bạ,2022,19.5,Kỹ thuật xét nghiệm y học
9859,DCD,ky-thuat-xet-nghiem-y-hoc,A06,Điểm thi THPT,2022,19.0,Kỹ thuật xét nghiệm y học
9860,DCD,ky-thuat-xet-nghiem-y-hoc,B00,Điểm thi THPT,2022,19.0,Kỹ thuật xét nghiệm y học
9861,DCD,ky-thuat-xet-nghiem-y-hoc,B04,Điểm thi THPT,2022,19.0,Kỹ thuật xét nghiệm y học
9862,DCD,ky-thuat-xet-nghiem-y-hoc,C08,Điểm thi THPT,2022,19.0,Kỹ thuật xét nghiệm y học
9863,DCD,ky-thuat-xet-nghiem-y-hoc,A06,Điểm học bạ,2023,19.5,Kỹ thuật xét nghiệm y học
9864,DCD,ky-thuat-xet-nghiem-y-hoc,B00,Điểm học bạ,2023,19.5,Kỹ thuật xét nghiệm y học
9865,DCD,ky-thuat-xet-nghiem-y-hoc,B04,Điểm học bạ,2023,19.5,Kỹ thuật xét nghiệm y học
9866,DCD,ky-thuat-xet-nghiem-y-hoc,C08,Điểm học bạ,2023,19.5,Kỹ thuật xét nghiệm y học
9867,DCD,ky-thuat-xet-nghiem-y-hoc,A06,Điểm thi THPT,2023,19.0,Kỹ thuật xét nghiệm y học
9868,DCD,ky-thuat-xet-nghiem-y-hoc,B00,Điểm thi THPT,2023,19.0,Kỹ thuật xét nghiệm y học
9869,DCD,ky-thuat-xet-nghiem-y-hoc,B04,Điểm thi THPT,2023,19.0,Kỹ thuật xét nghiệm y học
9870,DCD,ky-thuat-xet-nghiem-y-hoc,C08,Điểm thi THPT,2023,19.0,Kỹ thuật xét nghiệm y học
9871,DCD,ky-thuat-xet-nghiem-y-hoc,A00,Điểm học bạ,2024,19.5,Kỹ thuật xét nghiệm y học
9872,DCD,ky-thuat-xet-nghiem-y-hoc,B00,Điểm học bạ,2024,19.5,Kỹ thuật xét nghiệm y học
9873,DCD,ky-thuat-xet-nghiem-y-hoc,C08,Điểm học bạ,2024,19.5,Kỹ thuật xét nghiệm y học
9874,DCD,ky-thuat-xet-nghiem-y-hoc,D07,Điểm học bạ,2024,19.5,Kỹ thuật xét nghiệm y học
9875,DCD,ky-thuat-xet-nghiem-y-hoc,A00,Điểm thi THPT,2024,19.0,Kỹ thuật xét nghiệm y học
9876,DCD,ky-thuat-xet-nghiem-y-hoc,B00,Điểm thi THPT,2024,19.0,Kỹ thuật xét nghiệm y học
9877,DCD,ky-thuat-xet-nghiem-y-hoc,C08,Điểm thi THPT,2024,19.0,Kỹ thuật xét nghiệm y học
9878,DCD,ky-thuat-xet-nghiem-y-hoc,D07,Điểm thi THPT,2024,19.0,Kỹ thuật xét nghiệm y học
9879,DCD,ky-thuat-xet-nghiem-y-hoc,A00,Điểm học bạ,2025,29.61,Kỹ thuật xét nghiệm y học
9880,DCD,ky-thuat-xet-nghiem-y-hoc,A02,Điểm học bạ,2025,29.61,Kỹ thuật xét nghiệm y học
9881,DCD,ky-thuat-xet-nghiem-y-hoc,B00,Điểm học bạ,2025,29.61,Kỹ thuật xét nghiệm y học
9882,DCD,ky-thuat-xet-nghiem-y-hoc,B08,Điểm học bạ,2025,29.61,Kỹ thuật xét nghiệm y học
9883,DCD,ky-thuat-xet-nghiem-y-hoc,D01,Điểm học bạ,2025,29.61,Kỹ thuật xét nghiệm y học
9884,DCD,ky-thuat-xet-nghiem-y-hoc,D07,Điểm học bạ,2025,29.61,Kỹ thuật xét nghiệm y học
9885,DCD,ky-thuat-xet-nghiem-y-hoc,D09,Điểm học bạ,2025,29.61,Kỹ thuật xét nghiệm y học
9886,DCD,ky-thuat-xet-nghiem-y-hoc,D10,Điểm học bạ,2025,29.61,Kỹ thuật xét nghiệm y học
9887,DCD,ky-thuat-xet-nghiem-y-hoc,A00,Điểm thi THPT,2025,22.8,Kỹ thuật xét nghiệm y học
9888,DCD,ky-thuat-xet-nghiem-y-hoc,A02,Điểm thi THPT,2025,22.8,Kỹ thuật xét nghiệm y học
9889,DCD,ky-thuat-xet-nghiem-y-hoc,B00,Điểm thi THPT,2025,22.8,Kỹ thuật xét nghiệm y học
9890,DCD,ky-thuat-xet-nghiem-y-hoc,B08,Điểm thi THPT,2025,22.8,Kỹ thuật xét nghiệm y học
9891,DCD,ky-thuat-xet-nghiem-y-hoc,D01,Điểm thi THPT,2025,22.8,Kỹ thuật xét nghiệm y học
9892,DCD,ky-thuat-xet-nghiem-y-hoc,D07,Điểm thi THPT,2025,22.8,Kỹ thuật xét nghiệm y học
9893,DCD,ky-thuat-xet-nghiem-y-hoc,D09,Điểm thi THPT,2025,22.8,Kỹ thuật xét nghiệm y học
9894,DCD,ky-thuat-xet-nghiem-y-hoc,D10,Điểm thi THPT,2025,22.8,Kỹ thuật xét nghiệm y học
9895,DCD,logistics-va-quan-ly-chuoi-cung-ung,A00,Điểm học bạ,2025,22.51,Logistics và quản lý chuỗi cung ứng
9896,DCD,logistics-va-quan-ly-chuoi-cung-ung,A01,Điểm học bạ,2025,22.51,Logistics và quản lý chuỗi cung ứng
9897,DCD,logistics-va-quan-ly-chuoi-cung-ung,A07,Điểm học bạ,2025,22.51,Logistics và quản lý chuỗi cung ứng
9898,DCD,logistics-va-quan-ly-chuoi-cung-ung,C04,Điểm học bạ,2025,22.51,Logistics và quản lý chuỗi cung ứng
9899,DCD,logistics-va-quan-ly-chuoi-cung-ung,D01,Điểm học bạ,2025,22.51,Logistics và quản lý chuỗi cung ứng
9900,DCD,logistics-va-quan-ly-chuoi-cung-ung,D09,Điểm học bạ,2025,22.51,Logistics và quản lý chuỗi cung ứng
9901,DCD,logistics-va-quan-ly-chuoi-cung-ung,D10,Điểm học bạ,2025,22.51,Logistics và quản lý chuỗi cung ứng
9902,DCD,logistics-va-quan-ly-chuoi-cung-ung,A00,Điểm thi THPT,2025,17.33,Logistics và quản lý chuỗi cung ứng
9903,DCD,logistics-va-quan-ly-chuoi-cung-ung,A01,Điểm thi THPT,2025,17.33,Logistics và quản lý chuỗi cung ứng
9904,DCD,logistics-va-quan-ly-chuoi-cung-ung,A07,Điểm thi THPT,2025,17.33,Logistics và quản lý chuỗi cung ứng
9905,DCD,logistics-va-quan-ly-chuoi-cung-ung,C04,Điểm thi THPT,2025,17.33,Logistics và quản lý chuỗi cung ứng
9906,DCD,logistics-va-quan-ly-chuoi-cung-ung,D01,Điểm thi THPT,2025,17.33,Logistics và quản lý chuỗi cung ứng
9907,DCD,logistics-va-quan-ly-chuoi-cung-ung,D09,Điểm thi THPT,2025,17.33,Logistics và quản lý chuỗi cung ứng
9908,DCD,logistics-va-quan-ly-chuoi-cung-ung,D10,Điểm thi THPT,2025,17.33,Logistics và quản lý chuỗi cung ứng
9909,DCD,nghe-thuat-so,C00,Điểm học bạ,2025,22.95,Nghệ thuật số
9910,DCD,nghe-thuat-so,C01,Điểm học bạ,2025,22.95,Nghệ thuật số
9911,DCD,nghe-thuat-so,C02,Điểm học bạ,2025,22.95,Nghệ thuật số
9912,DCD,nghe-thuat-so,D01,Điểm học bạ,2025,22.95,Nghệ thuật số
9913,DCD,nghe-thuat-so,D11,Điểm học bạ,2025,22.95,Nghệ thuật số
9914,DCD,nghe-thuat-so,D14,Điểm học bạ,2025,22.95,Nghệ thuật số
9915,DCD,nghe-thuat-so,D15,Điểm học bạ,2025,22.95,Nghệ thuật số
9916,DCD,nghe-thuat-so,D66,Điểm học bạ,2025,22.95,Nghệ thuật số
9917,DCD,nghe-thuat-so,X78,Điểm học bạ,2025,22.95,Nghệ thuật số
9918,DCD,nghe-thuat-so,C00,Điểm thi THPT,2025,17.67,Nghệ thuật số
9919,DCD,nghe-thuat-so,C01,Điểm thi THPT,2025,17.67,Nghệ thuật số
9920,DCD,nghe-thuat-so,C02,Điểm thi THPT,2025,17.67,Nghệ thuật số
9921,DCD,nghe-thuat-so,D01,Điểm thi THPT,2025,17.67,Nghệ thuật số
9922,DCD,nghe-thuat-so,D11,Điểm thi THPT,2025,17.67,Nghệ thuật số
9923,DCD,nghe-thuat-so,D14,Điểm thi THPT,2025,17.67,Nghệ thuật số
9924,DCD,nghe-thuat-so,D15,Điểm thi THPT,2025,17.67,Nghệ thuật số
9925,DCD,nghe-thuat-so,D66,Điểm thi THPT,2025,17.67,Nghệ thuật số
9926,DCD,nghe-thuat-so,X78,Điểm thi THPT,2025,17.67,Nghệ thuật số
9927,DCD,ngon-ngu-anh,D01,Điểm học bạ,2021,18.0,Ngôn ngữ Anh
9928,DCD,ngon-ngu-anh,D14,Điểm học bạ,2021,18.0,Ngôn ngữ Anh
9929,DCD,ngon-ngu-anh,D15,Điểm học bạ,2021,18.0,Ngôn ngữ Anh
9930,DCD,ngon-ngu-anh,D84,Điểm học bạ,2021,18.0,Ngôn ngữ Anh
9931,DCD,ngon-ngu-anh,D01,Điểm thi THPT,2021,15.0,Ngôn ngữ Anh
9932,DCD,ngon-ngu-anh,D14,Điểm thi THPT,2021,15.0,Ngôn ngữ Anh
9933,DCD,ngon-ngu-anh,D15,Điểm thi THPT,2021,15.0,Ngôn ngữ Anh
9934,DCD,ngon-ngu-anh,D84,Điểm thi THPT,2021,15.0,Ngôn ngữ Anh
9935,DCD,ngon-ngu-anh,D01,Điểm học bạ,2022,18.0,Ngôn ngữ Anh
9936,DCD,ngon-ngu-anh,D14,Điểm học bạ,2022,18.0,Ngôn ngữ Anh
9937,DCD,ngon-ngu-anh,D15,Điểm học bạ,2022,18.0,Ngôn ngữ Anh
9938,DCD,ngon-ngu-anh,D84,Điểm học bạ,2022,18.0,Ngôn ngữ Anh
9939,DCD,ngon-ngu-anh,D01,Điểm thi THPT,2022,15.0,Ngôn ngữ Anh
9940,DCD,ngon-ngu-anh,D14,Điểm thi THPT,2022,15.0,Ngôn ngữ Anh
9941,DCD,ngon-ngu-anh,D15,Điểm thi THPT,2022,15.0,Ngôn ngữ Anh
9942,DCD,ngon-ngu-anh,D84,Điểm thi THPT,2022,15.0,Ngôn ngữ Anh
9943,DCD,ngon-ngu-anh,D01,Điểm học bạ,2023,18.0,Ngôn ngữ Anh
9944,DCD,ngon-ngu-anh,D14,Điểm học bạ,2023,18.0,Ngôn ngữ Anh
9945,DCD,ngon-ngu-anh,D15,Điểm học bạ,2023,18.0,Ngôn ngữ Anh
9946,DCD,ngon-ngu-anh,D84,Điểm học bạ,2023,18.0,Ngôn ngữ Anh
9947,DCD,ngon-ngu-anh,D01,Điểm thi THPT,2023,15.0,Ngôn ngữ Anh
9948,DCD,ngon-ngu-anh,D14,Điểm thi THPT,2023,15.0,Ngôn ngữ Anh
9949,DCD,ngon-ngu-anh,D15,Điểm thi THPT,2023,15.0,Ngôn ngữ Anh
9950,DCD,ngon-ngu-anh,D84,Điểm thi THPT,2023,15.0,Ngôn ngữ Anh
9951,DCD,ngon-ngu-anh,D01,Điểm học bạ,2024,18.0,Ngôn ngữ Anh
9952,DCD,ngon-ngu-anh,D14,Điểm học bạ,2024,18.0,Ngôn ngữ Anh
9953,DCD,ngon-ngu-anh,D15,Điểm học bạ,2024,18.0,Ngôn ngữ Anh
9954,DCD,ngon-ngu-anh,D66,Điểm học bạ,2024,18.0,Ngôn ngữ Anh
9955,DCD,ngon-ngu-anh,D01,Điểm thi THPT,2024,15.0,Ngôn ngữ Anh
9956,DCD,ngon-ngu-anh,D14,Điểm thi THPT,2024,15.0,Ngôn ngữ Anh
9957,DCD,ngon-ngu-anh,D15,Điểm thi THPT,2024,15.0,Ngôn ngữ Anh
9958,DCD,ngon-ngu-anh,D66,Điểm thi THPT,2024,15.0,Ngôn ngữ Anh
9959,DCD,ngon-ngu-anh,D01,Điểm học bạ,2025,22.95,Ngôn ngữ Anh
9960,DCD,ngon-ngu-anh,D14,Điểm học bạ,2025,22.95,Ngôn ngữ Anh
9961,DCD,ngon-ngu-anh,D15,Điểm học bạ,2025,22.95,Ngôn ngữ Anh
9962,DCD,ngon-ngu-anh,D66,Điểm học bạ,2025,22.95,Ngôn ngữ Anh
9963,DCD,ngon-ngu-anh,X78,Điểm học bạ,2025,22.95,Ngôn ngữ Anh
9964,DCD,ngon-ngu-anh,D01,Điểm thi THPT,2025,17.67,Ngôn ngữ Anh
9965,DCD,ngon-ngu-anh,D14,Điểm thi THPT,2025,17.67,Ngôn ngữ Anh
9966,DCD,ngon-ngu-anh,D15,Điểm thi THPT,2025,17.67,Ngôn ngữ Anh
9967,DCD,ngon-ngu-anh,D66,Điểm thi THPT,2025,17.67,Ngôn ngữ Anh
9968,DCD,ngon-ngu-anh,X78,Điểm thi THPT,2025,17.67,Ngôn ngữ Anh
9969,DCD,ngon-ngu-trung-quoc,C00,Điểm học bạ,2022,18.0,Ngôn ngữ Trung Quốc
9970,DCD,ngon-ngu-trung-quoc,C20,Điểm học bạ,2022,18.0,Ngôn ngữ Trung Quốc
9971,DCD,ngon-ngu-trung-quoc,D14,Điểm học bạ,2022,18.0,Ngôn ngữ Trung Quốc
9972,DCD,ngon-ngu-trung-quoc,D15,Điểm học bạ,2022,18.0,Ngôn ngữ Trung Quốc
9973,DCD,ngon-ngu-trung-quoc,C00,Điểm thi THPT,2022,15.0,Ngôn ngữ Trung Quốc
9974,DCD,ngon-ngu-trung-quoc,C20,Điểm thi THPT,2022,15.0,Ngôn ngữ Trung Quốc
9975,DCD,ngon-ngu-trung-quoc,D14,Điểm thi THPT,2022,15.0,Ngôn ngữ Trung Quốc
9976,DCD,ngon-ngu-trung-quoc,D15,Điểm thi THPT,2022,15.0,Ngôn ngữ Trung Quốc
9977,DCD,ngon-ngu-trung-quoc,C00,Điểm học bạ,2023,18.0,Ngôn ngữ Trung Quốc
9978,DCD,ngon-ngu-trung-quoc,C20,Điểm học bạ,2023,18.0,Ngôn ngữ Trung Quốc
9979,DCD,ngon-ngu-trung-quoc,D14,Điểm học bạ,2023,18.0,Ngôn ngữ Trung Quốc
9980,DCD,ngon-ngu-trung-quoc,D15,Điểm học bạ,2023,18.0,Ngôn ngữ Trung Quốc
9981,DCD,ngon-ngu-trung-quoc,C00,Điểm thi THPT,2023,15.0,Ngôn ngữ Trung Quốc
9982,DCD,ngon-ngu-trung-quoc,C20,Điểm thi THPT,2023,15.0,Ngôn ngữ Trung Quốc
9983,DCD,ngon-ngu-trung-quoc,D14,Điểm thi THPT,2023,15.0,Ngôn ngữ Trung Quốc
9984,DCD,ngon-ngu-trung-quoc,D15,Điểm thi THPT,2023,15.0,Ngôn ngữ Trung Quốc
9985,DCD,ngon-ngu-trung-quoc,A07,Điểm học bạ,2024,18.0,Ngôn ngữ Trung Quốc
9986,DCD,ngon-ngu-trung-quoc,C00,Điểm học bạ,2024,18.0,Ngôn ngữ Trung Quốc
9987,DCD,ngon-ngu-trung-quoc,D14,Điểm học bạ,2024,18.0,Ngôn ngữ Trung Quốc
9988,DCD,ngon-ngu-trung-quoc,D15,Điểm học bạ,2024,18.0,Ngôn ngữ Trung Quốc
9989,DCD,ngon-ngu-trung-quoc,A07,Điểm thi THPT,2024,15.0,Ngôn ngữ Trung Quốc
9990,DCD,ngon-ngu-trung-quoc,C00,Điểm thi THPT,2024,15.0,Ngôn ngữ Trung Quốc
9991,DCD,ngon-ngu-trung-quoc,D14,Điểm thi THPT,2024,15.0,Ngôn ngữ Trung Quốc
9992,DCD,ngon-ngu-trung-quoc,D15,Điểm thi THPT,2024,15.0,Ngôn ngữ Trung Quốc
9993,DCD,ngon-ngu-trung-quoc,C00,Điểm học bạ,2025,22.95,Ngôn ngữ Trung Quốc
9994,DCD,ngon-ngu-trung-quoc,C01,Điểm học bạ,2025,22.95,Ngôn ngữ Trung Quốc
9995,DCD,ngon-ngu-trung-quoc,C02,Điểm học bạ,2025,22.95,Ngôn ngữ Trung Quốc
9996,DCD,ngon-ngu-trung-quoc,D01,Điểm học bạ,2025,22.95,Ngôn ngữ Trung Quốc
9997,DCD,ngon-ngu-trung-quoc,D14,Điểm học bạ,2025,22.95,Ngôn ngữ Trung Quốc
9998,DCD,ngon-ngu-trung-quoc,D15,Điểm học bạ,2025,22.95,Ngôn ngữ Trung Quốc
9999,DCD,ngon-ngu-trung-quoc,D66,Điểm học bạ,2025,22.95,Ngôn ngữ Trung Quốc
10000,DCD,ngon-ngu-trung-quoc,X78,Điểm học bạ,2025,22.95,Ngôn ngữ Trung Quốc
10001,DCD,ngon-ngu-trung-quoc,C00,Điểm thi THPT,2025,17.67,Ngôn ngữ Trung Quốc
10002,DCD,ngon-ngu-trung-quoc,C01,Điểm thi THPT,2025,17.67,Ngôn ngữ Trung Quốc
10003,DCD,ngon-ngu-trung-quoc,C02,Điểm thi THPT,2025,17.67,Ngôn ngữ Trung Quốc
10004,DCD,ngon-ngu-trung-quoc,D01,Điểm thi THPT,2025,17.67,Ngôn ngữ Trung Quốc
10005,DCD,ngon-ngu-trung-quoc,D14,Điểm thi THPT,2025,17.67,Ngôn ngữ Trung Quốc
10006,DCD,ngon-ngu-trung-quoc,D15,Điểm thi THPT,2025,17.67,Ngôn ngữ Trung Quốc
10007,DCD,ngon-ngu-trung-quoc,D66,Điểm thi THPT,2025,17.67,Ngôn ngữ Trung Quốc
10008,DCD,ngon-ngu-trung-quoc,X78,Điểm thi THPT,2025,17.67,Ngôn ngữ Trung Quốc
10009,DCD,quan-tri-dich-vu-du-lich-va-lu-hanh,A07,Điểm học bạ,2021,18.0,Quản trị dịch vụ du lịch và lữ hành
10010,DCD,quan-tri-dich-vu-du-lich-va-lu-hanh,A09,Điểm học bạ,2021,18.0,Quản trị dịch vụ du lịch và lữ hành
10011,DCD,quan-tri-dich-vu-du-lich-va-lu-hanh,C00,Điểm học bạ,2021,18.0,Quản trị dịch vụ du lịch và lữ hành
10012,DCD,quan-tri-dich-vu-du-lich-va-lu-hanh,C20,Điểm học bạ,2021,18.0,Quản trị dịch vụ du lịch và lữ hành
10013,DCD,quan-tri-dich-vu-du-lich-va-lu-hanh,A07,Điểm thi THPT,2021,15.0,Quản trị dịch vụ du lịch và lữ hành
10014,DCD,quan-tri-dich-vu-du-lich-va-lu-hanh,A09,Điểm thi THPT,2021,15.0,Quản trị dịch vụ du lịch và lữ hành
10015,DCD,quan-tri-dich-vu-du-lich-va-lu-hanh,C00,Điểm thi THPT,2021,15.0,Quản trị dịch vụ du lịch và lữ hành
10016,DCD,quan-tri-dich-vu-du-lich-va-lu-hanh,C20,Điểm thi THPT,2021,15.0,Quản trị dịch vụ du lịch và lữ hành
10017,DCD,quan-tri-dich-vu-du-lich-va-lu-hanh,A07,Điểm học bạ,2022,18.0,Quản trị dịch vụ du lịch và lữ hành
10018,DCD,quan-tri-dich-vu-du-lich-va-lu-hanh,A09,Điểm học bạ,2022,18.0,Quản trị dịch vụ du lịch và lữ hành
10019,DCD,quan-tri-dich-vu-du-lich-va-lu-hanh,C00,Điểm học bạ,2022,18.0,Quản trị dịch vụ du lịch và lữ hành
10020,DCD,quan-tri-dich-vu-du-lich-va-lu-hanh,C20,Điểm học bạ,2022,18.0,Quản trị dịch vụ du lịch và lữ hành
10021,DCD,quan-tri-dich-vu-du-lich-va-lu-hanh,A07,Điểm thi THPT,2022,15.0,Quản trị dịch vụ du lịch và lữ hành
10022,DCD,quan-tri-dich-vu-du-lich-va-lu-hanh,A09,Điểm thi THPT,2022,15.0,Quản trị dịch vụ du lịch và lữ hành
10023,DCD,quan-tri-dich-vu-du-lich-va-lu-hanh,C00,Điểm thi THPT,2022,15.0,Quản trị dịch vụ du lịch và lữ hành
10024,DCD,quan-tri-dich-vu-du-lich-va-lu-hanh,C20,Điểm thi THPT,2022,15.0,Quản trị dịch vụ du lịch và lữ hành
10025,DCD,quan-tri-dich-vu-du-lich-va-lu-hanh,A07,Điểm học bạ,2023,18.0,Quản trị dịch vụ du lịch và lữ hành
10026,DCD,quan-tri-dich-vu-du-lich-va-lu-hanh,A09,Điểm học bạ,2023,18.0,Quản trị dịch vụ du lịch và lữ hành
10027,DCD,quan-tri-dich-vu-du-lich-va-lu-hanh,C00,Điểm học bạ,2023,18.0,Quản trị dịch vụ du lịch và lữ hành
10028,DCD,quan-tri-dich-vu-du-lich-va-lu-hanh,C20,Điểm học bạ,2023,18.0,Quản trị dịch vụ du lịch và lữ hành
10029,DCD,quan-tri-dich-vu-du-lich-va-lu-hanh,A00,Điểm thi THPT,2023,15.0,Quản trị dịch vụ du lịch và lữ hành
10030,DCD,quan-tri-dich-vu-du-lich-va-lu-hanh,A07,Điểm thi THPT,2023,15.0,Quản trị dịch vụ du lịch và lữ hành
10031,DCD,quan-tri-dich-vu-du-lich-va-lu-hanh,A09,Điểm thi THPT,2023,15.0,Quản trị dịch vụ du lịch và lữ hành
10032,DCD,quan-tri-dich-vu-du-lich-va-lu-hanh,D84,Điểm thi THPT,2023,15.0,Quản trị dịch vụ du lịch và lữ hành
10033,DCD,quan-tri-dich-vu-du-lich-va-lu-hanh,A00,Điểm học bạ,2024,18.0,Quản trị dịch vụ du lịch và lữ hành
10034,DCD,quan-tri-dich-vu-du-lich-va-lu-hanh,A07,Điểm học bạ,2024,18.0,Quản trị dịch vụ du lịch và lữ hành
10035,DCD,quan-tri-dich-vu-du-lich-va-lu-hanh,C00,Điểm học bạ,2024,18.0,Quản trị dịch vụ du lịch và lữ hành
10036,DCD,quan-tri-dich-vu-du-lich-va-lu-hanh,D01,Điểm học bạ,2024,18.0,Quản trị dịch vụ du lịch và lữ hành
10037,DCD,quan-tri-dich-vu-du-lich-va-lu-hanh,A00,Điểm thi THPT,2024,15.0,Quản trị dịch vụ du lịch và lữ hành
10038,DCD,quan-tri-dich-vu-du-lich-va-lu-hanh,A07,Điểm thi THPT,2024,15.0,Quản trị dịch vụ du lịch và lữ hành
10039,DCD,quan-tri-dich-vu-du-lich-va-lu-hanh,C00,Điểm thi THPT,2024,15.0,Quản trị dịch vụ du lịch và lữ hành
10040,DCD,quan-tri-dich-vu-du-lich-va-lu-hanh,D01,Điểm thi THPT,2024,15.0,Quản trị dịch vụ du lịch và lữ hành
10041,DCD,quan-tri-dich-vu-du-lich-va-lu-hanh,A00,Điểm học bạ,2025,22.51,Quản trị dịch vụ du lịch và lữ hành
10042,DCD,quan-tri-dich-vu-du-lich-va-lu-hanh,A01,Điểm học bạ,2025,22.51,Quản trị dịch vụ du lịch và lữ hành
10043,DCD,quan-tri-dich-vu-du-lich-va-lu-hanh,A07,Điểm học bạ,2025,22.51,Quản trị dịch vụ du lịch và lữ hành
10044,DCD,quan-tri-dich-vu-du-lich-va-lu-hanh,C04,Điểm học bạ,2025,22.51,Quản trị dịch vụ du lịch và lữ hành
10045,DCD,quan-tri-dich-vu-du-lich-va-lu-hanh,D01,Điểm học bạ,2025,22.51,Quản trị dịch vụ du lịch và lữ hành
10046,DCD,quan-tri-dich-vu-du-lich-va-lu-hanh,D09,Điểm học bạ,2025,22.51,Quản trị dịch vụ du lịch và lữ hành
10047,DCD,quan-tri-dich-vu-du-lich-va-lu-hanh,D10,Điểm học bạ,2025,22.51,Quản trị dịch vụ du lịch và lữ hành
10048,DCD,quan-tri-dich-vu-du-lich-va-lu-hanh,A00,Điểm thi THPT,2025,17.33,Quản trị dịch vụ du lịch và lữ hành
10049,DCD,quan-tri-dich-vu-du-lich-va-lu-hanh,A01,Điểm thi THPT,2025,17.33,Quản trị dịch vụ du lịch và lữ hành
10050,DCD,quan-tri-dich-vu-du-lich-va-lu-hanh,A07,Điểm thi THPT,2025,17.33,Quản trị dịch vụ du lịch và lữ hành
10051,DCD,quan-tri-dich-vu-du-lich-va-lu-hanh,C04,Điểm thi THPT,2025,17.33,Quản trị dịch vụ du lịch và lữ hành
10052,DCD,quan-tri-dich-vu-du-lich-va-lu-hanh,D01,Điểm thi THPT,2025,17.33,Quản trị dịch vụ du lịch và lữ hành
10053,DCD,quan-tri-dich-vu-du-lich-va-lu-hanh,D09,Điểm thi THPT,2025,17.33,Quản trị dịch vụ du lịch và lữ hành
10054,DCD,quan-tri-dich-vu-du-lich-va-lu-hanh,D10,Điểm thi THPT,2025,17.33,Quản trị dịch vụ du lịch và lữ hành
10055,DCD,quan-tri-khach-san,A07,Điểm học bạ,2021,18.0,Quản trị khách sạn
10056,DCD,quan-tri-khach-san,A09,Điểm học bạ,2021,18.0,Quản trị khách sạn
10057,DCD,quan-tri-khach-san,C00,Điểm học bạ,2021,18.0,Quản trị khách sạn
10058,DCD,quan-tri-khach-san,C20,Điểm học bạ,2021,18.0,Quản trị khách sạn
10059,DCD,quan-tri-khach-san,A07,Điểm thi THPT,2021,15.0,Quản trị khách sạn
10060,DCD,quan-tri-khach-san,A09,Điểm thi THPT,2021,15.0,Quản trị khách sạn
10061,DCD,quan-tri-khach-san,C00,Điểm thi THPT,2021,15.0,Quản trị khách sạn
10062,DCD,quan-tri-khach-san,C20,Điểm thi THPT,2021,15.0,Quản trị khách sạn
10063,DCD,quan-tri-khach-san,A07,Điểm học bạ,2022,18.0,Quản trị khách sạn
10064,DCD,quan-tri-khach-san,A09,Điểm học bạ,2022,18.0,Quản trị khách sạn
10065,DCD,quan-tri-khach-san,C00,Điểm học bạ,2022,18.0,Quản trị khách sạn
10066,DCD,quan-tri-khach-san,C20,Điểm học bạ,2022,18.0,Quản trị khách sạn
10067,DCD,quan-tri-khach-san,A07,Điểm thi THPT,2022,15.0,Quản trị khách sạn
10068,DCD,quan-tri-khach-san,A09,Điểm thi THPT,2022,15.0,Quản trị khách sạn
10069,DCD,quan-tri-khach-san,C00,Điểm thi THPT,2022,15.0,Quản trị khách sạn
10070,DCD,quan-tri-khach-san,C20,Điểm thi THPT,2022,15.0,Quản trị khách sạn
10071,DCD,quan-tri-khach-san,A07,Điểm học bạ,2023,18.0,Quản trị khách sạn
10072,DCD,quan-tri-khach-san,A09,Điểm học bạ,2023,18.0,Quản trị khách sạn
10073,DCD,quan-tri-khach-san,C00,Điểm học bạ,2023,18.0,Quản trị khách sạn
10074,DCD,quan-tri-khach-san,C20,Điểm học bạ,2023,18.0,Quản trị khách sạn
10075,DCD,quan-tri-khach-san,A00,Điểm thi THPT,2023,15.0,Quản trị khách sạn
10076,DCD,quan-tri-khach-san,A07,Điểm thi THPT,2023,15.0,Quản trị khách sạn
10077,DCD,quan-tri-khach-san,A09,Điểm thi THPT,2023,15.0,Quản trị khách sạn
10078,DCD,quan-tri-khach-san,D84,Điểm thi THPT,2023,15.0,Quản trị khách sạn
10079,DCD,quan-tri-khach-san,A00,Điểm học bạ,2024,18.0,Quản trị khách sạn
10080,DCD,quan-tri-khach-san,A07,Điểm học bạ,2024,18.0,Quản trị khách sạn
10081,DCD,quan-tri-khach-san,C00,Điểm học bạ,2024,18.0,Quản trị khách sạn
10082,DCD,quan-tri-khach-san,D01,Điểm học bạ,2024,18.0,Quản trị khách sạn
10083,DCD,quan-tri-khach-san,A00,Điểm thi THPT,2024,15.0,Quản trị khách sạn
10084,DCD,quan-tri-khach-san,A07,Điểm thi THPT,2024,15.0,Quản trị khách sạn
10085,DCD,quan-tri-khach-san,C00,Điểm thi THPT,2024,15.0,Quản trị khách sạn
10086,DCD,quan-tri-khach-san,D01,Điểm thi THPT,2024,15.0,Quản trị khách sạn
10087,DCD,quan-tri-khach-san,A00,Điểm học bạ,2025,22.51,Quản trị khách sạn
10088,DCD,quan-tri-khach-san,A01,Điểm học bạ,2025,22.51,Quản trị khách sạn
10089,DCD,quan-tri-khach-san,A07,Điểm học bạ,2025,22.51,Quản trị khách sạn
10090,DCD,quan-tri-khach-san,C04,Điểm học bạ,2025,22.51,Quản trị khách sạn
10091,DCD,quan-tri-khach-san,D01,Điểm học bạ,2025,22.51,Quản trị khách sạn
10092,DCD,quan-tri-khach-san,D09,Điểm học bạ,2025,22.51,Quản trị khách sạn
10093,DCD,quan-tri-khach-san,D10,Điểm học bạ,2025,22.51,Quản trị khách sạn
10094,DCD,quan-tri-khach-san,A00,Điểm thi THPT,2025,17.33,Quản trị khách sạn
10095,DCD,quan-tri-khach-san,A01,Điểm thi THPT,2025,17.33,Quản trị khách sạn
10096,DCD,quan-tri-khach-san,A07,Điểm thi THPT,2025,17.33,Quản trị khách sạn
10097,DCD,quan-tri-khach-san,C04,Điểm thi THPT,2025,17.33,Quản trị khách sạn
10098,DCD,quan-tri-khach-san,D01,Điểm thi THPT,2025,17.33,Quản trị khách sạn
10099,DCD,quan-tri-khach-san,D09,Điểm thi THPT,2025,17.33,Quản trị khách sạn
10100,DCD,quan-tri-khach-san,D10,Điểm thi THPT,2025,17.33,Quản trị khách sạn
10101,DCD,quan-tri-kinh-doanh,A00,Điểm học bạ,2021,18.0,Quản trị kinh doanh
10102,DCD,quan-tri-kinh-doanh,A07,Điểm học bạ,2021,18.0,Quản trị kinh doanh
10103,DCD,quan-tri-kinh-doanh,A09,Điểm học bạ,2021,18.0,Quản trị kinh doanh
10104,DCD,quan-tri-kinh-doanh,D84,Điểm học bạ,2021,18.0,Quản trị kinh doanh
10105,DCD,quan-tri-kinh-doanh,A00,Điểm thi THPT,2021,15.0,Quản trị kinh doanh
10106,DCD,quan-tri-kinh-doanh,A07,Điểm thi THPT,2021,15.0,Quản trị kinh doanh
10107,DCD,quan-tri-kinh-doanh,A09,Điểm thi THPT,2021,15.0,Quản trị kinh doanh
10108,DCD,quan-tri-kinh-doanh,D84,Điểm thi THPT,2021,15.0,Quản trị kinh doanh
10109,DCD,quan-tri-kinh-doanh,A00,Điểm học bạ,2022,18.0,Quản trị kinh doanh
10110,DCD,quan-tri-kinh-doanh,A07,Điểm học bạ,2022,18.0,Quản trị kinh doanh
10111,DCD,quan-tri-kinh-doanh,A09,Điểm học bạ,2022,18.0,Quản trị kinh doanh
10112,DCD,quan-tri-kinh-doanh,D84,Điểm học bạ,2022,18.0,Quản trị kinh doanh
10113,DCD,quan-tri-kinh-doanh,A00,Điểm thi THPT,2022,15.0,Quản trị kinh doanh
10114,DCD,quan-tri-kinh-doanh,A07,Điểm thi THPT,2022,15.0,Quản trị kinh doanh
10115,DCD,quan-tri-kinh-doanh,A09,Điểm thi THPT,2022,15.0,Quản trị kinh doanh
10116,DCD,quan-tri-kinh-doanh,D84,Điểm thi THPT,2022,15.0,Quản trị kinh doanh
10117,DCD,quan-tri-kinh-doanh,A00,Điểm học bạ,2023,18.0,Quản trị kinh doanh
10118,DCD,quan-tri-kinh-doanh,A07,Điểm học bạ,2023,18.0,Quản trị kinh doanh
10119,DCD,quan-tri-kinh-doanh,A09,Điểm học bạ,2023,18.0,Quản trị kinh doanh
10120,DCD,quan-tri-kinh-doanh,D84,Điểm học bạ,2023,18.0,Quản trị kinh doanh
10121,DCD,quan-tri-kinh-doanh,A00,Điểm thi THPT,2023,15.0,Quản trị kinh doanh
10122,DCD,quan-tri-kinh-doanh,A07,Điểm thi THPT,2023,15.0,Quản trị kinh doanh
10123,DCD,quan-tri-kinh-doanh,A09,Điểm thi THPT,2023,15.0,Quản trị kinh doanh
10124,DCD,quan-tri-kinh-doanh,D84,Điểm thi THPT,2023,15.0,Quản trị kinh doanh
10125,DCD,quan-tri-kinh-doanh,A00,Điểm học bạ,2024,18.0,Quản trị kinh doanh
10126,DCD,quan-tri-kinh-doanh,A07,Điểm học bạ,2024,18.0,Quản trị kinh doanh
10127,DCD,quan-tri-kinh-doanh,C00,Điểm học bạ,2024,18.0,Quản trị kinh doanh
10128,DCD,quan-tri-kinh-doanh,D01,Điểm học bạ,2024,18.0,Quản trị kinh doanh
10129,DCD,quan-tri-kinh-doanh,A00,Điểm thi THPT,2024,15.0,Quản trị kinh doanh
10130,DCD,quan-tri-kinh-doanh,A07,Điểm thi THPT,2024,15.0,Quản trị kinh doanh
10131,DCD,quan-tri-kinh-doanh,C00,Điểm thi THPT,2024,15.0,Quản trị kinh doanh
10132,DCD,quan-tri-kinh-doanh,D01,Điểm thi THPT,2024,15.0,Quản trị kinh doanh
10133,DCD,quan-tri-kinh-doanh,A00,Điểm học bạ,2025,22.51,Quản trị kinh doanh
10134,DCD,quan-tri-kinh-doanh,A01,Điểm học bạ,2025,22.51,Quản trị kinh doanh
10135,DCD,quan-tri-kinh-doanh,A07,Điểm học bạ,2025,22.51,Quản trị kinh doanh
10136,DCD,quan-tri-kinh-doanh,C04,Điểm học bạ,2025,22.51,Quản trị kinh doanh
10137,DCD,quan-tri-kinh-doanh,D01,Điểm học bạ,2025,22.51,Quản trị kinh doanh
10138,DCD,quan-tri-kinh-doanh,D09,Điểm học bạ,2025,22.51,Quản trị kinh doanh
10139,DCD,quan-tri-kinh-doanh,D10,Điểm học bạ,2025,22.51,Quản trị kinh doanh
10140,DCD,quan-tri-kinh-doanh,A00,Điểm thi THPT,2025,17.33,Quản trị kinh doanh
10141,DCD,quan-tri-kinh-doanh,A01,Điểm thi THPT,2025,17.33,Quản trị kinh doanh
10142,DCD,quan-tri-kinh-doanh,A07,Điểm thi THPT,2025,17.33,Quản trị kinh doanh
10143,DCD,quan-tri-kinh-doanh,C04,Điểm thi THPT,2025,17.33,Quản trị kinh doanh
10144,DCD,quan-tri-kinh-doanh,D01,Điểm thi THPT,2025,17.33,Quản trị kinh doanh
10145,DCD,quan-tri-kinh-doanh,D09,Điểm thi THPT,2025,17.33,Quản trị kinh doanh
10146,DCD,quan-tri-kinh-doanh,D10,Điểm thi THPT,2025,17.33,Quản trị kinh doanh
10147,DCD,tai-chinh-ngan-hang,A00,Điểm học bạ,2021,18.0,Tài chính - Ngân hàng
10148,DCD,tai-chinh-ngan-hang,A07,Điểm học bạ,2021,18.0,Tài chính - Ngân hàng
10149,DCD,tai-chinh-ngan-hang,A09,Điểm học bạ,2021,18.0,Tài chính - Ngân hàng
10150,DCD,tai-chinh-ngan-hang,D84,Điểm học bạ,2021,18.0,Tài chính - Ngân hàng
10151,DCD,tai-chinh-ngan-hang,A00,Điểm thi THPT,2021,15.0,Tài chính - Ngân hàng
10152,DCD,tai-chinh-ngan-hang,A07,Điểm thi THPT,2021,15.0,Tài chính - Ngân hàng
10153,DCD,tai-chinh-ngan-hang,A09,Điểm thi THPT,2021,15.0,Tài chính - Ngân hàng
10154,DCD,tai-chinh-ngan-hang,D84,Điểm thi THPT,2021,15.0,Tài chính - Ngân hàng
10155,DCD,tai-chinh-ngan-hang,A00,Điểm học bạ,2022,18.0,Tài chính - Ngân hàng
10156,DCD,tai-chinh-ngan-hang,A07,Điểm học bạ,2022,18.0,Tài chính - Ngân hàng
10157,DCD,tai-chinh-ngan-hang,A09,Điểm học bạ,2022,18.0,Tài chính - Ngân hàng
10158,DCD,tai-chinh-ngan-hang,D84,Điểm học bạ,2022,18.0,Tài chính - Ngân hàng
10159,DCD,tai-chinh-ngan-hang,A00,Điểm thi THPT,2022,15.0,Tài chính - Ngân hàng
10160,DCD,tai-chinh-ngan-hang,A07,Điểm thi THPT,2022,15.0,Tài chính - Ngân hàng
10161,DCD,tai-chinh-ngan-hang,A09,Điểm thi THPT,2022,15.0,Tài chính - Ngân hàng
10162,DCD,tai-chinh-ngan-hang,D84,Điểm thi THPT,2022,15.0,Tài chính - Ngân hàng
10163,DCD,tai-chinh-ngan-hang,A00,Điểm học bạ,2023,18.0,Tài chính - Ngân hàng
10164,DCD,tai-chinh-ngan-hang,A07,Điểm học bạ,2023,18.0,Tài chính - Ngân hàng
10165,DCD,tai-chinh-ngan-hang,A09,Điểm học bạ,2023,18.0,Tài chính - Ngân hàng
10166,DCD,tai-chinh-ngan-hang,D84,Điểm học bạ,2023,18.0,Tài chính - Ngân hàng
10167,DCD,tai-chinh-ngan-hang,A00,Điểm thi THPT,2023,15.0,Tài chính - Ngân hàng
10168,DCD,tai-chinh-ngan-hang,A07,Điểm thi THPT,2023,15.0,Tài chính - Ngân hàng
10169,DCD,tai-chinh-ngan-hang,A09,Điểm thi THPT,2023,15.0,Tài chính - Ngân hàng
10170,DCD,tai-chinh-ngan-hang,D84,Điểm thi THPT,2023,15.0,Tài chính - Ngân hàng
10171,DCD,tai-chinh-ngan-hang,A00,Điểm học bạ,2024,18.0,Tài chính - ngân hàng
10172,DCD,tai-chinh-ngan-hang,A07,Điểm học bạ,2024,18.0,Tài chính - ngân hàng
10173,DCD,tai-chinh-ngan-hang,C00,Điểm học bạ,2024,18.0,Tài chính - ngân hàng
10174,DCD,tai-chinh-ngan-hang,D01,Điểm học bạ,2024,18.0,Tài chính - ngân hàng
10175,DCD,tai-chinh-ngan-hang,A00,Điểm thi THPT,2024,15.0,Tài chính - ngân hàng
10176,DCD,tai-chinh-ngan-hang,A07,Điểm thi THPT,2024,15.0,Tài chính - ngân hàng
10177,DCD,tai-chinh-ngan-hang,C00,Điểm thi THPT,2024,15.0,Tài chính - ngân hàng
10178,DCD,tai-chinh-ngan-hang,D01,Điểm thi THPT,2024,15.0,Tài chính - ngân hàng
10179,DCD,tai-chinh-ngan-hang,A00,Điểm học bạ,2025,22.51,Tài chính - Ngân hàng
10180,DCD,tai-chinh-ngan-hang,A01,Điểm học bạ,2025,22.51,Tài chính - Ngân hàng
10181,DCD,tai-chinh-ngan-hang,A07,Điểm học bạ,2025,22.51,Tài chính - Ngân hàng
10182,DCD,tai-chinh-ngan-hang,C04,Điểm học bạ,2025,22.51,Tài chính - Ngân hàng
10183,DCD,tai-chinh-ngan-hang,D01,Điểm học bạ,2025,22.51,Tài chính - Ngân hàng
10184,DCD,tai-chinh-ngan-hang,D09,Điểm học bạ,2025,22.51,Tài chính - Ngân hàng
10185,DCD,tai-chinh-ngan-hang,D10,Điểm học bạ,2025,22.51,Tài chính - Ngân hàng
10186,DCD,tai-chinh-ngan-hang,A00,Điểm thi THPT,2025,17.33,Tài chính - Ngân hàng
10187,DCD,tai-chinh-ngan-hang,A01,Điểm thi THPT,2025,17.33,Tài chính - Ngân hàng
10188,DCD,tai-chinh-ngan-hang,A07,Điểm thi THPT,2025,17.33,Tài chính - Ngân hàng
10189,DCD,tai-chinh-ngan-hang,C04,Điểm thi THPT,2025,17.33,Tài chính - Ngân hàng
10190,DCD,tai-chinh-ngan-hang,D01,Điểm thi THPT,2025,17.33,Tài chính - Ngân hàng
10191,DCD,tai-chinh-ngan-hang,D09,Điểm thi THPT,2025,17.33,Tài chính - Ngân hàng
10192,DCD,tai-chinh-ngan-hang,D10,Điểm thi THPT,2025,17.33,Tài chính - Ngân hàng
10193,DCD,thiet-ke-do-hoa,A01,Điểm học bạ,2024,18.0,Thiết kế đồ họa
10194,DCD,thiet-ke-do-hoa,C00,Điểm học bạ,2024,18.0,Thiết kế đồ họa
10195,DCD,thiet-ke-do-hoa,D01,Điểm học bạ,2024,18.0,Thiết kế đồ họa
10196,DCD,thiet-ke-do-hoa,D15,Điểm học bạ,2024,18.0,Thiết kế đồ họa
10197,DCD,thiet-ke-do-hoa,A00,Điểm thi THPT,2024,15.0,Thiết kế đồ họa
10198,DCD,thiet-ke-do-hoa,A01,Điểm thi THPT,2024,15.0,Thiết kế đồ họa
10199,DCD,thiet-ke-do-hoa,D01,Điểm thi THPT,2024,15.0,Thiết kế đồ họa
10200,DCD,thiet-ke-do-hoa,D15,Điểm thi THPT,2024,15.0,Thiết kế đồ họa
10201,DCD,thiet-ke-do-hoa,C00,Điểm học bạ,2025,22.95,Thiết kế đồ họa
10202,DCD,thiet-ke-do-hoa,C01,Điểm học bạ,2025,22.95,Thiết kế đồ họa
10203,DCD,thiet-ke-do-hoa,C02,Điểm học bạ,2025,22.95,Thiết kế đồ họa
10204,DCD,thiet-ke-do-hoa,D01,Điểm học bạ,2025,22.95,Thiết kế đồ họa
10205,DCD,thiet-ke-do-hoa,D11,Điểm học bạ,2025,22.95,Thiết kế đồ họa
10206,DCD,thiet-ke-do-hoa,D14,Điểm học bạ,2025,22.95,Thiết kế đồ họa
10207,DCD,thiet-ke-do-hoa,D15,Điểm học bạ,2025,22.95,Thiết kế đồ họa
10208,DCD,thiet-ke-do-hoa,D66,Điểm học bạ,2025,22.95,Thiết kế đồ họa
10209,DCD,thiet-ke-do-hoa,X78,Điểm học bạ,2025,22.95,Thiết kế đồ họa
10210,DCD,thiet-ke-do-hoa,C00,Điểm thi THPT,2025,17.67,Thiết kế đồ họa
10211,DCD,thiet-ke-do-hoa,C01,Điểm thi THPT,2025,17.67,Thiết kế đồ họa
10212,DCD,thiet-ke-do-hoa,C02,Điểm thi THPT,2025,17.67,Thiết kế đồ họa
10213,DCD,thiet-ke-do-hoa,D01,Điểm thi THPT,2025,17.67,Thiết kế đồ họa
10214,DCD,thiet-ke-do-hoa,D11,Điểm thi THPT,2025,17.67,Thiết kế đồ họa
10215,DCD,thiet-ke-do-hoa,D14,Điểm thi THPT,2025,17.67,Thiết kế đồ họa
10216,DCD,thiet-ke-do-hoa,D15,Điểm thi THPT,2025,17.67,Thiết kế đồ họa
10217,DCD,thiet-ke-do-hoa,D66,Điểm thi THPT,2025,17.67,Thiết kế đồ họa
10218,DCD,thiet-ke-do-hoa,X78,Điểm thi THPT,2025,17.67,Thiết kế đồ họa
10219,DCD,tri-tue-nhan-tao,A00,Điểm học bạ,2025,22.51,Trí tuệ nhân tạo
10220,DCD,tri-tue-nhan-tao,A01,Điểm học bạ,2025,22.51,Trí tuệ nhân tạo
10221,DCD,tri-tue-nhan-tao,A04,Điểm học bạ,2025,22.51,Trí tuệ nhân tạo
10222,DCD,tri-tue-nhan-tao,A10,Điểm học bạ,2025,22.51,Trí tuệ nhân tạo
10223,DCD,tri-tue-nhan-tao,D01,Điểm học bạ,2025,22.51,Trí tuệ nhân tạo
10224,DCD,tri-tue-nhan-tao,D09,Điểm học bạ,2025,22.51,Trí tuệ nhân tạo
10225,DCD,tri-tue-nhan-tao,D10,Điểm học bạ,2025,22.51,Trí tuệ nhân tạo
10226,DCD,tri-tue-nhan-tao,X05,Điểm học bạ,2025,22.51,Trí tuệ nhân tạo
10227,DCD,tri-tue-nhan-tao,A00,Điểm thi THPT,2025,17.33,Trí tuệ nhân tạo
10228,DCD,tri-tue-nhan-tao,A01,Điểm thi THPT,2025,17.33,Trí tuệ nhân tạo
10229,DCD,tri-tue-nhan-tao,A04,Điểm thi THPT,2025,17.33,Trí tuệ nhân tạo
10230,DCD,tri-tue-nhan-tao,A10,Điểm thi THPT,2025,17.33,Trí tuệ nhân tạo
10231,DCD,tri-tue-nhan-tao,D01,Điểm thi THPT,2025,17.33,Trí tuệ nhân tạo
10232,DCD,tri-tue-nhan-tao,D09,Điểm thi THPT,2025,17.33,Trí tuệ nhân tạo
10233,DCD,tri-tue-nhan-tao,D10,Điểm thi THPT,2025,17.33,Trí tuệ nhân tạo
10234,DCD,tri-tue-nhan-tao,X05,Điểm thi THPT,2025,17.33,Trí tuệ nhân tạo
10235,DCD,truyen-thong-da-phuong-tien,A01,Điểm học bạ,2024,18.0,Truyền thông đa phương tiện
10236,DCD,truyen-thong-da-phuong-tien,C00,Điểm học bạ,2024,18.0,Truyền thông đa phương tiện
10237,DCD,truyen-thong-da-phuong-tien,D01,Điểm học bạ,2024,18.0,Truyền thông đa phương tiện
10238,DCD,truyen-thong-da-phuong-tien,D66,Điểm học bạ,2024,18.0,Truyền thông đa phương tiện
10239,DCD,truyen-thong-da-phuong-tien,A01,Điểm thi THPT,2024,15.0,Truyền thông đa phương tiện
10240,DCD,truyen-thong-da-phuong-tien,C00,Điểm thi THPT,2024,15.0,Truyền thông đa phương tiện
10241,DCD,truyen-thong-da-phuong-tien,D01,Điểm thi THPT,2024,15.0,Truyền thông đa phương tiện
10242,DCD,truyen-thong-da-phuong-tien,D66,Điểm thi THPT,2024,15.0,Truyền thông đa phương tiện
10243,DCD,truyen-thong-da-phuong-tien,C00,Điểm học bạ,2025,22.95,Truyền thông đa phương tiện
10244,DCD,truyen-thong-da-phuong-tien,C01,Điểm học bạ,2025,22.95,Truyền thông đa phương tiện
10245,DCD,truyen-thong-da-phuong-tien,C02,Điểm học bạ,2025,22.95,Truyền thông đa phương tiện
10246,DCD,truyen-thong-da-phuong-tien,D01,Điểm học bạ,2025,22.95,Truyền thông đa phương tiện
10247,DCD,truyen-thong-da-phuong-tien,D11,Điểm học bạ,2025,22.95,Truyền thông đa phương tiện
10248,DCD,truyen-thong-da-phuong-tien,D14,Điểm học bạ,2025,22.95,Truyền thông đa phương tiện
10249,DCD,truyen-thong-da-phuong-tien,D15,Điểm học bạ,2025,22.95,Truyền thông đa phương tiện
10250,DCD,truyen-thong-da-phuong-tien,D66,Điểm học bạ,2025,22.95,Truyền thông đa phương tiện
10251,DCD,truyen-thong-da-phuong-tien,X78,Điểm học bạ,2025,22.95,Truyền thông đa phương tiện
10252,DCD,truyen-thong-da-phuong-tien,C00,Điểm thi THPT,2025,17.67,Truyền thông đa phương tiện
10253,DCD,truyen-thong-da-phuong-tien,C01,Điểm thi THPT,2025,17.67,Truyền thông đa phương tiện
10254,DCD,truyen-thong-da-phuong-tien,C02,Điểm thi THPT,2025,17.67,Truyền thông đa phương tiện
10255,DCD,truyen-thong-da-phuong-tien,D01,Điểm thi THPT,2025,17.67,Truyền thông đa phương tiện
10256,DCD,truyen-thong-da-phuong-tien,D11,Điểm thi THPT,2025,17.67,Truyền thông đa phương tiện
10257,DCD,truyen-thong-da-phuong-tien,D14,Điểm thi THPT,2025,17.67,Truyền thông đa phương tiện
10258,DCD,truyen-thong-da-phuong-tien,D15,Điểm thi THPT,2025,17.67,Truyền thông đa phương tiện
10259,DCD,truyen-thong-da-phuong-tien,D66,Điểm thi THPT,2025,17.67,Truyền thông đa phương tiện
10260,DCD,truyen-thong-da-phuong-tien,X78,Điểm thi THPT,2025,17.67,Truyền thông đa phương tiện
10261,DCH,chi-huy-tham-muu-dac-cong,A00,Điểm thi THPT,2021,23.9,Chỉ huy tham mưu đặc công
10262,DCH,chi-huy-tham-muu-dac-cong,A01,Điểm thi THPT,2021,23.9,Chỉ huy tham mưu đặc công
10263,DCH,chi-huy-tham-muu-dac-cong,A00,Điểm thi THPT,2022,20.15,Chỉ huy tham mưu đặc công
10264,DCH,chi-huy-tham-muu-dac-cong,A01,Điểm thi THPT,2022,20.15,Chỉ huy tham mưu đặc công
10265,DCH,chi-huy-tham-muu-dac-cong,A00,Điểm thi THPT,2023,22.45,Ngành Chỉ huy tham mưu Đặc công
10266,DCH,chi-huy-tham-muu-dac-cong,A01,Điểm thi THPT,2023,22.45,Ngành Chỉ huy tham mưu Đặc công
10267,DCH,chi-huy-tham-muu-dac-cong,A00,Điểm học bạ,2024,24.88,Ngành Chỉ huy tham mưu Đặc công
10268,DCH,chi-huy-tham-muu-dac-cong,A01,Điểm học bạ,2024,24.88,Ngành Chỉ huy tham mưu Đặc công
10269,DCH,chi-huy-tham-muu-dac-cong,A00,Điểm thi THPT,2024,22.2,Ngành Chỉ huy tham mưu Đặc công
10270,DCH,chi-huy-tham-muu-dac-cong,A01,Điểm thi THPT,2024,22.2,Ngành Chỉ huy tham mưu Đặc công
10271,DCH,chi-huy-tham-muu-dac-cong,A00,Điểm thi THPT,2025,22.5,Ngành Chỉ huy tham mưu Đặc công (Thí sinh Nam miền Bắc)
10272,DCH,chi-huy-tham-muu-dac-cong,A01,Điểm thi THPT,2025,22.5,Ngành Chỉ huy tham mưu Đặc công (Thí sinh Nam miền Bắc)
10273,DCH,chi-huy-tham-muu-dac-cong,C01,Điểm thi THPT,2025,22.5,Ngành Chỉ huy tham mưu Đặc công (Thí sinh Nam miền Bắc)
10274,DCL,bao-ve-thuc-vat,A00,Điểm học bạ,2021,6.0,Bảo vệ thực vật
10275,DCL,bao-ve-thuc-vat,A01,Điểm học bạ,2021,6.0,Bảo vệ thực vật
10276,DCL,bao-ve-thuc-vat,B00,Điểm học bạ,2021,6.0,Bảo vệ thực vật
10277,DCL,bao-ve-thuc-vat,B03,Điểm học bạ,2021,6.0,Bảo vệ thực vật
10278,DCL,bao-ve-thuc-vat,A00,Điểm thi THPT,2021,15.0,Bảo vệ thực vật
10279,DCL,bao-ve-thuc-vat,A01,Điểm thi THPT,2021,15.0,Bảo vệ thực vật
10280,DCL,bao-ve-thuc-vat,B00,Điểm thi THPT,2021,15.0,Bảo vệ thực vật
10281,DCL,bao-ve-thuc-vat,B03,Điểm thi THPT,2021,15.0,Bảo vệ thực vật
10282,DCL,bao-ve-thuc-vat,A00,Điểm thi THPT,2022,15.0,Bảo vệ thực vật
10283,DCL,bao-ve-thuc-vat,A01,Điểm thi THPT,2022,15.0,Bảo vệ thực vật
10284,DCL,bao-ve-thuc-vat,B00,Điểm thi THPT,2022,15.0,Bảo vệ thực vật
10285,DCL,bao-ve-thuc-vat,B03,Điểm thi THPT,2022,15.0,Bảo vệ thực vật
10286,DCL,bao-ve-thuc-vat,A00,Điểm học bạ,2023,6.0,Bảo vệ thực vật
10287,DCL,bao-ve-thuc-vat,A01,Điểm học bạ,2023,6.0,Bảo vệ thực vật
10288,DCL,bao-ve-thuc-vat,B00,Điểm học bạ,2023,6.0,Bảo vệ thực vật
10289,DCL,bao-ve-thuc-vat,B03,Điểm học bạ,2023,6.0,Bảo vệ thực vật
10290,DCL,bao-ve-thuc-vat,A00,Điểm thi THPT,2023,15.0,Bảo vệ thực vật
10291,DCL,bao-ve-thuc-vat,A01,Điểm thi THPT,2023,15.0,Bảo vệ thực vật
10292,DCL,bao-ve-thuc-vat,B00,Điểm thi THPT,2023,15.0,Bảo vệ thực vật
10293,DCL,bao-ve-thuc-vat,B03,Điểm thi THPT,2023,15.0,Bảo vệ thực vật
10294,DCL,bao-ve-thuc-vat,A00,Điểm học bạ,2024,6.0,Bảo vệ thực vật
10295,DCL,bao-ve-thuc-vat,A01,Điểm học bạ,2024,6.0,Bảo vệ thực vật
10296,DCL,bao-ve-thuc-vat,B00,Điểm học bạ,2024,6.0,Bảo vệ thực vật
10297,DCL,bao-ve-thuc-vat,B03,Điểm học bạ,2024,6.0,Bảo vệ thực vật
10298,DCL,bao-ve-thuc-vat,A00,Điểm thi THPT,2024,15.0,Bảo vệ thực vật
10299,DCL,bao-ve-thuc-vat,A01,Điểm thi THPT,2024,15.0,Bảo vệ thực vật
10300,DCL,bao-ve-thuc-vat,B00,Điểm thi THPT,2024,15.0,Bảo vệ thực vật
10301,DCL,bao-ve-thuc-vat,B03,Điểm thi THPT,2024,15.0,Bảo vệ thực vật
10302,DCL,bao-ve-thuc-vat,A00,Điểm học bạ,2025,18.0,Bảo vệ thực vật
10303,DCL,bao-ve-thuc-vat,A01,Điểm học bạ,2025,18.0,Bảo vệ thực vật
10304,DCL,bao-ve-thuc-vat,A02,Điểm học bạ,2025,18.0,Bảo vệ thực vật
10305,DCL,bao-ve-thuc-vat,B00,Điểm học bạ,2025,18.0,Bảo vệ thực vật
10306,DCL,bao-ve-thuc-vat,B03,Điểm học bạ,2025,18.0,Bảo vệ thực vật
10307,DCL,bao-ve-thuc-vat,B08,Điểm học bạ,2025,18.0,Bảo vệ thực vật
10308,DCL,bao-ve-thuc-vat,D01,Điểm học bạ,2025,18.0,Bảo vệ thực vật
10309,DCL,bao-ve-thuc-vat,X12,Điểm học bạ,2025,18.0,Bảo vệ thực vật
10310,DCL,bao-ve-thuc-vat,X16,Điểm học bạ,2025,18.0,Bảo vệ thực vật
10311,DCL,bao-ve-thuc-vat,A00,Điểm thi THPT,2025,15.0,Bảo vệ thực vật
10312,DCL,bao-ve-thuc-vat,A01,Điểm thi THPT,2025,15.0,Bảo vệ thực vật
10313,DCL,bao-ve-thuc-vat,A02,Điểm thi THPT,2025,15.0,Bảo vệ thực vật
10314,DCL,bao-ve-thuc-vat,B00,Điểm thi THPT,2025,15.0,Bảo vệ thực vật
10315,DCL,bao-ve-thuc-vat,B03,Điểm thi THPT,2025,15.0,Bảo vệ thực vật
10316,DCL,bao-ve-thuc-vat,B08,Điểm thi THPT,2025,15.0,Bảo vệ thực vật
10317,DCL,bao-ve-thuc-vat,D01,Điểm thi THPT,2025,15.0,Bảo vệ thực vật
10318,DCL,bao-ve-thuc-vat,X12,Điểm thi THPT,2025,15.0,Bảo vệ thực vật
10319,DCL,bao-ve-thuc-vat,X16,Điểm thi THPT,2025,15.0,Bảo vệ thực vật
10320,DCL,cong-nghe-ky-thuat-co-khi,A00,Điểm học bạ,2021,6.0,Công nghệ kỹ thuật cơ khí
10321,DCL,cong-nghe-ky-thuat-co-khi,A01,Điểm học bạ,2021,6.0,Công nghệ kỹ thuật cơ khí
10322,DCL,cong-nghe-ky-thuat-co-khi,C01,Điểm học bạ,2021,6.0,Công nghệ kỹ thuật cơ khí
10323,DCL,cong-nghe-ky-thuat-co-khi,D01,Điểm học bạ,2021,6.0,Công nghệ kỹ thuật cơ khí
10324,DCL,cong-nghe-ky-thuat-co-khi,A00,Điểm thi THPT,2021,15.0,Công nghệ kỹ thuật cơ khí
10325,DCL,cong-nghe-ky-thuat-co-khi,A01,Điểm thi THPT,2021,15.0,Công nghệ kỹ thuật cơ khí
10326,DCL,cong-nghe-ky-thuat-co-khi,C01,Điểm thi THPT,2021,15.0,Công nghệ kỹ thuật cơ khí
10327,DCL,cong-nghe-ky-thuat-co-khi,D01,Điểm thi THPT,2021,15.0,Công nghệ kỹ thuật cơ khí
10328,DCL,cong-nghe-ky-thuat-co-khi,A00,Điểm thi THPT,2022,15.0,Công nghệ kỹ thuật cơ khí
10329,DCL,cong-nghe-ky-thuat-co-khi,A01,Điểm thi THPT,2022,15.0,Công nghệ kỹ thuật cơ khí
10330,DCL,cong-nghe-ky-thuat-co-khi,C01,Điểm thi THPT,2022,15.0,Công nghệ kỹ thuật cơ khí
10331,DCL,cong-nghe-ky-thuat-co-khi,D01,Điểm thi THPT,2022,15.0,Công nghệ kỹ thuật cơ khí
10332,DCL,cong-nghe-ky-thuat-co-khi,A00,Điểm học bạ,2023,6.0,Công nghệ kỹ thuật cơ khí
10333,DCL,cong-nghe-ky-thuat-co-khi,A01,Điểm học bạ,2023,6.0,Công nghệ kỹ thuật cơ khí
10334,DCL,cong-nghe-ky-thuat-co-khi,C01,Điểm học bạ,2023,6.0,Công nghệ kỹ thuật cơ khí
10335,DCL,cong-nghe-ky-thuat-co-khi,D01,Điểm học bạ,2023,6.0,Công nghệ kỹ thuật cơ khí
10336,DCL,cong-nghe-ky-thuat-co-khi,A00,Điểm thi THPT,2023,15.0,Công nghệ kỹ thuật cơ khí
10337,DCL,cong-nghe-ky-thuat-co-khi,A01,Điểm thi THPT,2023,15.0,Công nghệ kỹ thuật cơ khí
10338,DCL,cong-nghe-ky-thuat-co-khi,C01,Điểm thi THPT,2023,15.0,Công nghệ kỹ thuật cơ khí
10339,DCL,cong-nghe-ky-thuat-co-khi,D01,Điểm thi THPT,2023,15.0,Công nghệ kỹ thuật cơ khí
10340,DCL,cong-nghe-ky-thuat-co-khi,A00,Điểm học bạ,2024,6.0,Công nghệ kỹ thuật cơ khí
10341,DCL,cong-nghe-ky-thuat-co-khi,A01,Điểm học bạ,2024,6.0,Công nghệ kỹ thuật cơ khí
10342,DCL,cong-nghe-ky-thuat-co-khi,C01,Điểm học bạ,2024,6.0,Công nghệ kỹ thuật cơ khí
10343,DCL,cong-nghe-ky-thuat-co-khi,D01,Điểm học bạ,2024,6.0,Công nghệ kỹ thuật cơ khí
10344,DCL,cong-nghe-ky-thuat-co-khi,A00,Điểm thi THPT,2024,15.0,Công nghệ kỹ thuật cơ khí
10345,DCL,cong-nghe-ky-thuat-co-khi,A01,Điểm thi THPT,2024,15.0,Công nghệ kỹ thuật cơ khí
10346,DCL,cong-nghe-ky-thuat-co-khi,C01,Điểm thi THPT,2024,15.0,Công nghệ kỹ thuật cơ khí
10347,DCL,cong-nghe-ky-thuat-co-khi,D01,Điểm thi THPT,2024,15.0,Công nghệ kỹ thuật cơ khí
10348,DCL,cong-nghe-ky-thuat-co-khi,A00,Điểm học bạ,2025,18.0,Công nghệ kỹ thuật cơ khí
10349,DCL,cong-nghe-ky-thuat-co-khi,A01,Điểm học bạ,2025,18.0,Công nghệ kỹ thuật cơ khí
10350,DCL,cong-nghe-ky-thuat-co-khi,A03,Điểm học bạ,2025,18.0,Công nghệ kỹ thuật cơ khí
10351,DCL,cong-nghe-ky-thuat-co-khi,C01,Điểm học bạ,2025,18.0,Công nghệ kỹ thuật cơ khí
10352,DCL,cong-nghe-ky-thuat-co-khi,D01,Điểm học bạ,2025,18.0,Công nghệ kỹ thuật cơ khí
10353,DCL,cong-nghe-ky-thuat-co-khi,X06,Điểm học bạ,2025,18.0,Công nghệ kỹ thuật cơ khí
10354,DCL,cong-nghe-ky-thuat-co-khi,X07,Điểm học bạ,2025,18.0,Công nghệ kỹ thuật cơ khí
10355,DCL,cong-nghe-ky-thuat-co-khi,X08,Điểm học bạ,2025,18.0,Công nghệ kỹ thuật cơ khí
10356,DCL,cong-nghe-ky-thuat-co-khi,X56,Điểm học bạ,2025,18.0,Công nghệ kỹ thuật cơ khí
10357,DCL,cong-nghe-ky-thuat-co-khi,A00,Điểm thi THPT,2025,15.0,Công nghệ kỹ thuật cơ khí
10358,DCL,cong-nghe-ky-thuat-co-khi,A01,Điểm thi THPT,2025,15.0,Công nghệ kỹ thuật cơ khí
10359,DCL,cong-nghe-ky-thuat-co-khi,A03,Điểm thi THPT,2025,15.0,Công nghệ kỹ thuật cơ khí
10360,DCL,cong-nghe-ky-thuat-co-khi,C01,Điểm thi THPT,2025,15.0,Công nghệ kỹ thuật cơ khí
10361,DCL,cong-nghe-ky-thuat-co-khi,D01,Điểm thi THPT,2025,15.0,Công nghệ kỹ thuật cơ khí
10362,DCL,cong-nghe-ky-thuat-co-khi,X06,Điểm thi THPT,2025,15.0,Công nghệ kỹ thuật cơ khí
10363,DCL,cong-nghe-ky-thuat-co-khi,X07,Điểm thi THPT,2025,15.0,Công nghệ kỹ thuật cơ khí
10364,DCL,cong-nghe-ky-thuat-co-khi,X08,Điểm thi THPT,2025,15.0,Công nghệ kỹ thuật cơ khí
10365,DCL,cong-nghe-ky-thuat-co-khi,X56,Điểm thi THPT,2025,15.0,Công nghệ kỹ thuật cơ khí
10366,DCL,cong-nghe-ky-thuat-cong-trinh-xay-dung,A00,Điểm học bạ,2021,6.0,Công nghệ kỹ thuật công trình xây dựng
10367,DCL,cong-nghe-ky-thuat-cong-trinh-xay-dung,A01,Điểm học bạ,2021,6.0,Công nghệ kỹ thuật công trình xây dựng
10368,DCL,cong-nghe-ky-thuat-cong-trinh-xay-dung,C01,Điểm học bạ,2021,6.0,Công nghệ kỹ thuật công trình xây dựng
10369,DCL,cong-nghe-ky-thuat-cong-trinh-xay-dung,D01,Điểm học bạ,2021,6.0,Công nghệ kỹ thuật công trình xây dựng
10370,DCL,cong-nghe-ky-thuat-cong-trinh-xay-dung,A00,Điểm thi THPT,2021,15.0,Công nghệ kỹ thuật công trình xây dựng
10371,DCL,cong-nghe-ky-thuat-cong-trinh-xay-dung,A01,Điểm thi THPT,2021,15.0,Công nghệ kỹ thuật công trình xây dựng
10372,DCL,cong-nghe-ky-thuat-cong-trinh-xay-dung,C01,Điểm thi THPT,2021,15.0,Công nghệ kỹ thuật công trình xây dựng
10373,DCL,cong-nghe-ky-thuat-cong-trinh-xay-dung,D01,Điểm thi THPT,2021,15.0,Công nghệ kỹ thuật công trình xây dựng
10374,DCL,cong-nghe-ky-thuat-cong-trinh-xay-dung,A00,Điểm thi THPT,2022,15.0,Công nghệ kỹ thuật công trình xây dựng
10375,DCL,cong-nghe-ky-thuat-cong-trinh-xay-dung,A01,Điểm thi THPT,2022,15.0,Công nghệ kỹ thuật công trình xây dựng
10376,DCL,cong-nghe-ky-thuat-cong-trinh-xay-dung,C01,Điểm thi THPT,2022,15.0,Công nghệ kỹ thuật công trình xây dựng
10377,DCL,cong-nghe-ky-thuat-cong-trinh-xay-dung,D01,Điểm thi THPT,2022,15.0,Công nghệ kỹ thuật công trình xây dựng
10378,DCL,cong-nghe-ky-thuat-cong-trinh-xay-dung,A00,Điểm học bạ,2023,6.0,Công nghệ kỹ thuật công trình xây dựng (Thiết kế kiến trúc xây dựng)
10379,DCL,cong-nghe-ky-thuat-cong-trinh-xay-dung,A01,Điểm học bạ,2023,6.0,Công nghệ kỹ thuật công trình xây dựng (Thiết kế kiến trúc xây dựng)
10380,DCL,cong-nghe-ky-thuat-cong-trinh-xay-dung,C01,Điểm học bạ,2023,6.0,Công nghệ kỹ thuật công trình xây dựng (Thiết kế kiến trúc xây dựng)
10381,DCL,cong-nghe-ky-thuat-cong-trinh-xay-dung,D01,Điểm học bạ,2023,6.0,Công nghệ kỹ thuật công trình xây dựng (Thiết kế kiến trúc xây dựng)
10382,DCL,cong-nghe-ky-thuat-cong-trinh-xay-dung,A00,Điểm thi THPT,2023,15.0,Công nghệ kỹ thuật công trình xây dựng (Thiết kế kiến trúc xây dựng)
10383,DCL,cong-nghe-ky-thuat-cong-trinh-xay-dung,A01,Điểm thi THPT,2023,15.0,Công nghệ kỹ thuật công trình xây dựng (Thiết kế kiến trúc xây dựng)
10384,DCL,cong-nghe-ky-thuat-cong-trinh-xay-dung,C01,Điểm thi THPT,2023,15.0,Công nghệ kỹ thuật công trình xây dựng (Thiết kế kiến trúc xây dựng)
10385,DCL,cong-nghe-ky-thuat-cong-trinh-xay-dung,D01,Điểm thi THPT,2023,15.0,Công nghệ kỹ thuật công trình xây dựng (Thiết kế kiến trúc xây dựng)
10386,DCL,cong-nghe-ky-thuat-cong-trinh-xay-dung,A00,Điểm học bạ,2024,6.0,Công nghệ kỹ thuật công trình xây dựng (Thiết kế kiến trúc xây dựng)
10387,DCL,cong-nghe-ky-thuat-cong-trinh-xay-dung,A01,Điểm học bạ,2024,6.0,Công nghệ kỹ thuật công trình xây dựng (Thiết kế kiến trúc xây dựng)
10388,DCL,cong-nghe-ky-thuat-cong-trinh-xay-dung,C01,Điểm học bạ,2024,6.0,Công nghệ kỹ thuật công trình xây dựng (Thiết kế kiến trúc xây dựng)
10389,DCL,cong-nghe-ky-thuat-cong-trinh-xay-dung,D01,Điểm học bạ,2024,6.0,Công nghệ kỹ thuật công trình xây dựng (Thiết kế kiến trúc xây dựng)
10390,DCL,cong-nghe-ky-thuat-cong-trinh-xay-dung,A00,Điểm thi THPT,2024,15.0,Công nghệ kỹ thuật công trình xây dựng (Thiết kế kiến trúc xây dựng)
10391,DCL,cong-nghe-ky-thuat-cong-trinh-xay-dung,A01,Điểm thi THPT,2024,15.0,Công nghệ kỹ thuật công trình xây dựng (Thiết kế kiến trúc xây dựng)
10392,DCL,cong-nghe-ky-thuat-cong-trinh-xay-dung,C01,Điểm thi THPT,2024,15.0,Công nghệ kỹ thuật công trình xây dựng (Thiết kế kiến trúc xây dựng)
10393,DCL,cong-nghe-ky-thuat-cong-trinh-xay-dung,D01,Điểm thi THPT,2024,15.0,Công nghệ kỹ thuật công trình xây dựng (Thiết kế kiến trúc xây dựng)
10394,DCL,cong-nghe-ky-thuat-cong-trinh-xay-dung,A00,Điểm học bạ,2025,18.0,Công nghệ kỹ thuật công trình xây dựng
10395,DCL,cong-nghe-ky-thuat-cong-trinh-xay-dung,A01,Điểm học bạ,2025,18.0,Công nghệ kỹ thuật công trình xây dựng
10396,DCL,cong-nghe-ky-thuat-cong-trinh-xay-dung,A03,Điểm học bạ,2025,18.0,Công nghệ kỹ thuật công trình xây dựng
10397,DCL,cong-nghe-ky-thuat-cong-trinh-xay-dung,C01,Điểm học bạ,2025,18.0,Công nghệ kỹ thuật công trình xây dựng
10398,DCL,cong-nghe-ky-thuat-cong-trinh-xay-dung,D01,Điểm học bạ,2025,18.0,Công nghệ kỹ thuật công trình xây dựng
10399,DCL,cong-nghe-ky-thuat-cong-trinh-xay-dung,X06,Điểm học bạ,2025,18.0,Công nghệ kỹ thuật công trình xây dựng
10400,DCL,cong-nghe-ky-thuat-cong-trinh-xay-dung,X07,Điểm học bạ,2025,18.0,Công nghệ kỹ thuật công trình xây dựng
10401,DCL,cong-nghe-ky-thuat-cong-trinh-xay-dung,X08,Điểm học bạ,2025,18.0,Công nghệ kỹ thuật công trình xây dựng
10402,DCL,cong-nghe-ky-thuat-cong-trinh-xay-dung,X56,Điểm học bạ,2025,18.0,Công nghệ kỹ thuật công trình xây dựng
10403,DCL,cong-nghe-ky-thuat-cong-trinh-xay-dung,A00,Điểm thi THPT,2025,15.0,Công nghệ kỹ thuật công trình xây dựng
10404,DCL,cong-nghe-ky-thuat-cong-trinh-xay-dung,A01,Điểm thi THPT,2025,15.0,Công nghệ kỹ thuật công trình xây dựng
10405,DCL,cong-nghe-ky-thuat-cong-trinh-xay-dung,A03,Điểm thi THPT,2025,15.0,Công nghệ kỹ thuật công trình xây dựng
10406,DCL,cong-nghe-ky-thuat-cong-trinh-xay-dung,C01,Điểm thi THPT,2025,15.0,Công nghệ kỹ thuật công trình xây dựng
10407,DCL,cong-nghe-ky-thuat-cong-trinh-xay-dung,D01,Điểm thi THPT,2025,15.0,Công nghệ kỹ thuật công trình xây dựng
10408,DCL,cong-nghe-ky-thuat-cong-trinh-xay-dung,X06,Điểm thi THPT,2025,15.0,Công nghệ kỹ thuật công trình xây dựng
10409,DCL,cong-nghe-ky-thuat-cong-trinh-xay-dung,X07,Điểm thi THPT,2025,15.0,Công nghệ kỹ thuật công trình xây dựng
10410,DCL,cong-nghe-ky-thuat-cong-trinh-xay-dung,X08,Điểm thi THPT,2025,15.0,Công nghệ kỹ thuật công trình xây dựng
10411,DCL,cong-nghe-ky-thuat-cong-trinh-xay-dung,X56,Điểm thi THPT,2025,15.0,Công nghệ kỹ thuật công trình xây dựng
10412,DCL,cong-nghe-ky-thuat-dien-dien-tu,A00,Điểm học bạ,2021,6.0,"Công nghệ kỹ thuật điện, điện tử"
10413,DCL,cong-nghe-ky-thuat-dien-dien-tu,A01,Điểm học bạ,2021,6.0,"Công nghệ kỹ thuật điện, điện tử"
10414,DCL,cong-nghe-ky-thuat-dien-dien-tu,C01,Điểm học bạ,2021,6.0,"Công nghệ kỹ thuật điện, điện tử"
10415,DCL,cong-nghe-ky-thuat-dien-dien-tu,D01,Điểm học bạ,2021,6.0,"Công nghệ kỹ thuật điện, điện tử"
10416,DCL,cong-nghe-ky-thuat-dien-dien-tu,A00,Điểm thi THPT,2021,15.0,"Công nghệ kỹ thuật điện, điện tử"
10417,DCL,cong-nghe-ky-thuat-dien-dien-tu,A01,Điểm thi THPT,2021,15.0,"Công nghệ kỹ thuật điện, điện tử"
10418,DCL,cong-nghe-ky-thuat-dien-dien-tu,C01,Điểm thi THPT,2021,15.0,"Công nghệ kỹ thuật điện, điện tử"
10419,DCL,cong-nghe-ky-thuat-dien-dien-tu,D01,Điểm thi THPT,2021,15.0,"Công nghệ kỹ thuật điện, điện tử"
10420,DCL,cong-nghe-ky-thuat-dien-dien-tu,A00,Điểm thi THPT,2022,15.0,"Công nghệ kỹ thuật điện, điện tử"
10421,DCL,cong-nghe-ky-thuat-dien-dien-tu,A01,Điểm thi THPT,2022,15.0,"Công nghệ kỹ thuật điện, điện tử"
10422,DCL,cong-nghe-ky-thuat-dien-dien-tu,C01,Điểm thi THPT,2022,15.0,"Công nghệ kỹ thuật điện, điện tử"
10423,DCL,cong-nghe-ky-thuat-dien-dien-tu,D01,Điểm thi THPT,2022,15.0,"Công nghệ kỹ thuật điện, điện tử"
10424,DCL,cong-nghe-ky-thuat-dien-dien-tu,A00,Điểm học bạ,2023,6.0,"Công nghệ kỹ thuật điện, điện tử"
10425,DCL,cong-nghe-ky-thuat-dien-dien-tu,A01,Điểm học bạ,2023,6.0,"Công nghệ kỹ thuật điện, điện tử"
10426,DCL,cong-nghe-ky-thuat-dien-dien-tu,C01,Điểm học bạ,2023,6.0,"Công nghệ kỹ thuật điện, điện tử"
10427,DCL,cong-nghe-ky-thuat-dien-dien-tu,D01,Điểm học bạ,2023,6.0,"Công nghệ kỹ thuật điện, điện tử"
10428,DCL,cong-nghe-ky-thuat-dien-dien-tu,A00,Điểm thi THPT,2023,15.0,"Công nghệ kỹ thuật điện, điện tử"
10429,DCL,cong-nghe-ky-thuat-dien-dien-tu,A01,Điểm thi THPT,2023,15.0,"Công nghệ kỹ thuật điện, điện tử"
10430,DCL,cong-nghe-ky-thuat-dien-dien-tu,C01,Điểm thi THPT,2023,15.0,"Công nghệ kỹ thuật điện, điện tử"
10431,DCL,cong-nghe-ky-thuat-dien-dien-tu,D01,Điểm thi THPT,2023,15.0,"Công nghệ kỹ thuật điện, điện tử"
10432,DCL,cong-nghe-ky-thuat-dien-dien-tu,A00,Điểm học bạ,2024,6.0,"Công nghệ kỹ thuật điện, điện tử"
10433,DCL,cong-nghe-ky-thuat-dien-dien-tu,A01,Điểm học bạ,2024,6.0,"Công nghệ kỹ thuật điện, điện tử"
10434,DCL,cong-nghe-ky-thuat-dien-dien-tu,C01,Điểm học bạ,2024,6.0,"Công nghệ kỹ thuật điện, điện tử"
10435,DCL,cong-nghe-ky-thuat-dien-dien-tu,D01,Điểm học bạ,2024,6.0,"Công nghệ kỹ thuật điện, điện tử"
10436,DCL,cong-nghe-ky-thuat-dien-dien-tu,A00,Điểm thi THPT,2024,15.0,"Công nghệ kỹ thuật điện, điện tử"
10437,DCL,cong-nghe-ky-thuat-dien-dien-tu,A01,Điểm thi THPT,2024,15.0,"Công nghệ kỹ thuật điện, điện tử"
10438,DCL,cong-nghe-ky-thuat-dien-dien-tu,C01,Điểm thi THPT,2024,15.0,"Công nghệ kỹ thuật điện, điện tử"
10439,DCL,cong-nghe-ky-thuat-dien-dien-tu,D01,Điểm thi THPT,2024,15.0,"Công nghệ kỹ thuật điện, điện tử"
10440,DCL,cong-nghe-ky-thuat-dien-dien-tu,A00,Điểm học bạ,2025,18.0,"Công nghệ kỹ thuật điện, điện tử"
10441,DCL,cong-nghe-ky-thuat-dien-dien-tu,A01,Điểm học bạ,2025,18.0,"Công nghệ kỹ thuật điện, điện tử"
10442,DCL,cong-nghe-ky-thuat-dien-dien-tu,A03,Điểm học bạ,2025,18.0,"Công nghệ kỹ thuật điện, điện tử"
10443,DCL,cong-nghe-ky-thuat-dien-dien-tu,C01,Điểm học bạ,2025,18.0,"Công nghệ kỹ thuật điện, điện tử"
10444,DCL,cong-nghe-ky-thuat-dien-dien-tu,D01,Điểm học bạ,2025,18.0,"Công nghệ kỹ thuật điện, điện tử"
10445,DCL,cong-nghe-ky-thuat-dien-dien-tu,X06,Điểm học bạ,2025,18.0,"Công nghệ kỹ thuật điện, điện tử"
10446,DCL,cong-nghe-ky-thuat-dien-dien-tu,X07,Điểm học bạ,2025,18.0,"Công nghệ kỹ thuật điện, điện tử"
10447,DCL,cong-nghe-ky-thuat-dien-dien-tu,X08,Điểm học bạ,2025,18.0,"Công nghệ kỹ thuật điện, điện tử"
10448,DCL,cong-nghe-ky-thuat-dien-dien-tu,X56,Điểm học bạ,2025,18.0,"Công nghệ kỹ thuật điện, điện tử"
10449,DCL,cong-nghe-ky-thuat-dien-dien-tu,A00,Điểm thi THPT,2025,15.0,"Công nghệ kỹ thuật điện, điện tử"
10450,DCL,cong-nghe-ky-thuat-dien-dien-tu,A01,Điểm thi THPT,2025,15.0,"Công nghệ kỹ thuật điện, điện tử"
10451,DCL,cong-nghe-ky-thuat-dien-dien-tu,A03,Điểm thi THPT,2025,15.0,"Công nghệ kỹ thuật điện, điện tử"
10452,DCL,cong-nghe-ky-thuat-dien-dien-tu,C01,Điểm thi THPT,2025,15.0,"Công nghệ kỹ thuật điện, điện tử"
10453,DCL,cong-nghe-ky-thuat-dien-dien-tu,D01,Điểm thi THPT,2025,15.0,"Công nghệ kỹ thuật điện, điện tử"
10454,DCL,cong-nghe-ky-thuat-dien-dien-tu,X06,Điểm thi THPT,2025,15.0,"Công nghệ kỹ thuật điện, điện tử"
10455,DCL,cong-nghe-ky-thuat-dien-dien-tu,X07,Điểm thi THPT,2025,15.0,"Công nghệ kỹ thuật điện, điện tử"
10456,DCL,cong-nghe-ky-thuat-dien-dien-tu,X08,Điểm thi THPT,2025,15.0,"Công nghệ kỹ thuật điện, điện tử"
10457,DCL,cong-nghe-ky-thuat-dien-dien-tu,X56,Điểm thi THPT,2025,15.0,"Công nghệ kỹ thuật điện, điện tử"
10458,DCL,cong-nghe-ky-thuat-o-to,A00,Điểm thi THPT,2022,15.0,Công nghệ kỹ thuật ô tô
10459,DCL,cong-nghe-ky-thuat-o-to,A01,Điểm thi THPT,2022,15.0,Công nghệ kỹ thuật ô tô
10460,DCL,cong-nghe-ky-thuat-o-to,C01,Điểm thi THPT,2022,15.0,Công nghệ kỹ thuật ô tô
10461,DCL,cong-nghe-ky-thuat-o-to,D01,Điểm thi THPT,2022,15.0,Công nghệ kỹ thuật ô tô
10462,DCL,cong-nghe-ky-thuat-o-to,A00,Điểm học bạ,2023,6.0,Công nghệ kỹ thuật ô tô
10463,DCL,cong-nghe-ky-thuat-o-to,A01,Điểm học bạ,2023,6.0,Công nghệ kỹ thuật ô tô
10464,DCL,cong-nghe-ky-thuat-o-to,C01,Điểm học bạ,2023,6.0,Công nghệ kỹ thuật ô tô
10465,DCL,cong-nghe-ky-thuat-o-to,D01,Điểm học bạ,2023,6.0,Công nghệ kỹ thuật ô tô
10466,DCL,cong-nghe-ky-thuat-o-to,A00,Điểm thi THPT,2023,15.0,Công nghệ kỹ thuật ô tô
10467,DCL,cong-nghe-ky-thuat-o-to,A01,Điểm thi THPT,2023,15.0,Công nghệ kỹ thuật ô tô
10468,DCL,cong-nghe-ky-thuat-o-to,C01,Điểm thi THPT,2023,15.0,Công nghệ kỹ thuật ô tô
10469,DCL,cong-nghe-ky-thuat-o-to,D01,Điểm thi THPT,2023,15.0,Công nghệ kỹ thuật ô tô
10470,DCL,cong-nghe-ky-thuat-o-to,A00,Điểm học bạ,2024,6.0,Công nghệ kỹ thuật ô tô
10471,DCL,cong-nghe-ky-thuat-o-to,A01,Điểm học bạ,2024,6.0,Công nghệ kỹ thuật ô tô
10472,DCL,cong-nghe-ky-thuat-o-to,C01,Điểm học bạ,2024,6.0,Công nghệ kỹ thuật ô tô
10473,DCL,cong-nghe-ky-thuat-o-to,D01,Điểm học bạ,2024,6.0,Công nghệ kỹ thuật ô tô
10474,DCL,cong-nghe-ky-thuat-o-to,A00,Điểm thi THPT,2024,15.0,Công nghệ kỹ thuật ô tô
10475,DCL,cong-nghe-ky-thuat-o-to,A01,Điểm thi THPT,2024,15.0,Công nghệ kỹ thuật ô tô
10476,DCL,cong-nghe-ky-thuat-o-to,C01,Điểm thi THPT,2024,15.0,Công nghệ kỹ thuật ô tô
10477,DCL,cong-nghe-ky-thuat-o-to,D01,Điểm thi THPT,2024,15.0,Công nghệ kỹ thuật ô tô
10478,DCL,cong-nghe-ky-thuat-o-to,A00,Điểm học bạ,2025,18.0,Công nghệ kỹ thuật ô tô
10479,DCL,cong-nghe-ky-thuat-o-to,A01,Điểm học bạ,2025,18.0,Công nghệ kỹ thuật ô tô
10480,DCL,cong-nghe-ky-thuat-o-to,A03,Điểm học bạ,2025,18.0,Công nghệ kỹ thuật ô tô
10481,DCL,cong-nghe-ky-thuat-o-to,C01,Điểm học bạ,2025,18.0,Công nghệ kỹ thuật ô tô
10482,DCL,cong-nghe-ky-thuat-o-to,D01,Điểm học bạ,2025,18.0,Công nghệ kỹ thuật ô tô
10483,DCL,cong-nghe-ky-thuat-o-to,X06,Điểm học bạ,2025,18.0,Công nghệ kỹ thuật ô tô
10484,DCL,cong-nghe-ky-thuat-o-to,X07,Điểm học bạ,2025,18.0,Công nghệ kỹ thuật ô tô
10485,DCL,cong-nghe-ky-thuat-o-to,X08,Điểm học bạ,2025,18.0,Công nghệ kỹ thuật ô tô
10486,DCL,cong-nghe-ky-thuat-o-to,X56,Điểm học bạ,2025,18.0,Công nghệ kỹ thuật ô tô
10487,DCL,cong-nghe-ky-thuat-o-to,A00,Điểm thi THPT,2025,15.0,Công nghệ kỹ thuật ô tô
10488,DCL,cong-nghe-ky-thuat-o-to,A01,Điểm thi THPT,2025,15.0,Công nghệ kỹ thuật ô tô
10489,DCL,cong-nghe-ky-thuat-o-to,A03,Điểm thi THPT,2025,15.0,Công nghệ kỹ thuật ô tô
10490,DCL,cong-nghe-ky-thuat-o-to,C01,Điểm thi THPT,2025,15.0,Công nghệ kỹ thuật ô tô
10491,DCL,cong-nghe-ky-thuat-o-to,D01,Điểm thi THPT,2025,15.0,Công nghệ kỹ thuật ô tô
10492,DCL,cong-nghe-ky-thuat-o-to,X06,Điểm thi THPT,2025,15.0,Công nghệ kỹ thuật ô tô
10493,DCL,cong-nghe-ky-thuat-o-to,X07,Điểm thi THPT,2025,15.0,Công nghệ kỹ thuật ô tô
10494,DCL,cong-nghe-ky-thuat-o-to,X08,Điểm thi THPT,2025,15.0,Công nghệ kỹ thuật ô tô
10495,DCL,cong-nghe-ky-thuat-o-to,X56,Điểm thi THPT,2025,15.0,Công nghệ kỹ thuật ô tô
10496,DCL,cong-nghe-sinh-hoc,A00,Điểm học bạ,2021,6.0,Công nghệ sinh học
10497,DCL,cong-nghe-sinh-hoc,A01,Điểm học bạ,2021,6.0,Công nghệ sinh học
10498,DCL,cong-nghe-sinh-hoc,B00,Điểm học bạ,2021,6.0,Công nghệ sinh học
10499,DCL,cong-nghe-sinh-hoc,B03,Điểm học bạ,2021,6.0,Công nghệ sinh học
10500,DCL,cong-nghe-sinh-hoc,A00,Điểm thi THPT,2021,15.0,Công nghệ sinh học
10501,DCL,cong-nghe-sinh-hoc,A01,Điểm thi THPT,2021,15.0,Công nghệ sinh học
10502,DCL,cong-nghe-sinh-hoc,B00,Điểm thi THPT,2021,15.0,Công nghệ sinh học
10503,DCL,cong-nghe-sinh-hoc,B03,Điểm thi THPT,2021,15.0,Công nghệ sinh học
10504,DCL,cong-nghe-sinh-hoc,A00,Điểm thi THPT,2022,15.0,Công nghệ sinh học
10505,DCL,cong-nghe-sinh-hoc,A01,Điểm thi THPT,2022,15.0,Công nghệ sinh học
10506,DCL,cong-nghe-sinh-hoc,B00,Điểm thi THPT,2022,15.0,Công nghệ sinh học
10507,DCL,cong-nghe-sinh-hoc,B03,Điểm thi THPT,2022,15.0,Công nghệ sinh học
10508,DCL,cong-nghe-sinh-hoc,A00,Điểm học bạ,2023,6.0,Công nghệ sinh học
10509,DCL,cong-nghe-sinh-hoc,A01,Điểm học bạ,2023,6.0,Công nghệ sinh học
10510,DCL,cong-nghe-sinh-hoc,B00,Điểm học bạ,2023,6.0,Công nghệ sinh học
10511,DCL,cong-nghe-sinh-hoc,B03,Điểm học bạ,2023,6.0,Công nghệ sinh học
10512,DCL,cong-nghe-sinh-hoc,A00,Điểm thi THPT,2023,15.0,Công nghệ sinh học
10513,DCL,cong-nghe-sinh-hoc,A01,Điểm thi THPT,2023,15.0,Công nghệ sinh học
10514,DCL,cong-nghe-sinh-hoc,B00,Điểm thi THPT,2023,15.0,Công nghệ sinh học
10515,DCL,cong-nghe-sinh-hoc,B03,Điểm thi THPT,2023,15.0,Công nghệ sinh học
10516,DCL,cong-nghe-tai-chinh,A00,Điểm học bạ,2025,18.0,Công nghệ tài chính
10517,DCL,cong-nghe-tai-chinh,A01,Điểm học bạ,2025,18.0,Công nghệ tài chính
10518,DCL,cong-nghe-tai-chinh,A03,Điểm học bạ,2025,18.0,Công nghệ tài chính
10519,DCL,cong-nghe-tai-chinh,C04,Điểm học bạ,2025,18.0,Công nghệ tài chính
10520,DCL,cong-nghe-tai-chinh,D01,Điểm học bạ,2025,18.0,Công nghệ tài chính
10521,DCL,cong-nghe-tai-chinh,X02,Điểm học bạ,2025,18.0,Công nghệ tài chính
10522,DCL,cong-nghe-tai-chinh,X05,Điểm học bạ,2025,18.0,Công nghệ tài chính
10523,DCL,cong-nghe-tai-chinh,X08,Điểm học bạ,2025,18.0,Công nghệ tài chính
10524,DCL,cong-nghe-tai-chinh,X26,Điểm học bạ,2025,18.0,Công nghệ tài chính
10525,DCL,cong-nghe-tai-chinh,A00,Điểm thi THPT,2025,15.0,Công nghệ tài chính
10526,DCL,cong-nghe-tai-chinh,A01,Điểm thi THPT,2025,15.0,Công nghệ tài chính
10527,DCL,cong-nghe-tai-chinh,A03,Điểm thi THPT,2025,15.0,Công nghệ tài chính
10528,DCL,cong-nghe-tai-chinh,C04,Điểm thi THPT,2025,15.0,Công nghệ tài chính
10529,DCL,cong-nghe-tai-chinh,D01,Điểm thi THPT,2025,15.0,Công nghệ tài chính
10530,DCL,cong-nghe-tai-chinh,X02,Điểm thi THPT,2025,15.0,Công nghệ tài chính
10531,DCL,cong-nghe-tai-chinh,X05,Điểm thi THPT,2025,15.0,Công nghệ tài chính
10532,DCL,cong-nghe-tai-chinh,X08,Điểm thi THPT,2025,15.0,Công nghệ tài chính
10533,DCL,cong-nghe-tai-chinh,X26,Điểm thi THPT,2025,15.0,Công nghệ tài chính
10534,DCL,cong-nghe-thong-tin,A00,Điểm học bạ,2021,6.0,Công nghệ thông tin
10535,DCL,cong-nghe-thong-tin,A01,Điểm học bạ,2021,6.0,Công nghệ thông tin
10536,DCL,cong-nghe-thong-tin,D01,Điểm học bạ,2021,6.0,Công nghệ thông tin
10537,DCL,cong-nghe-thong-tin,D07,Điểm học bạ,2021,6.0,Công nghệ thông tin
10538,DCL,cong-nghe-thong-tin,A00,Điểm thi THPT,2021,15.0,Công nghệ thông tin
10539,DCL,cong-nghe-thong-tin,A01,Điểm thi THPT,2021,15.0,Công nghệ thông tin
10540,DCL,cong-nghe-thong-tin,D01,Điểm thi THPT,2021,15.0,Công nghệ thông tin
10541,DCL,cong-nghe-thong-tin,D07,Điểm thi THPT,2021,15.0,Công nghệ thông tin
10542,DCL,cong-nghe-thong-tin,A00,Điểm thi THPT,2022,15.0,Công nghệ thông tin
10543,DCL,cong-nghe-thong-tin,A01,Điểm thi THPT,2022,15.0,Công nghệ thông tin
10544,DCL,cong-nghe-thong-tin,D01,Điểm thi THPT,2022,15.0,Công nghệ thông tin
10545,DCL,cong-nghe-thong-tin,D07,Điểm thi THPT,2022,15.0,Công nghệ thông tin
10546,DCL,cong-nghe-thong-tin,A00,Điểm học bạ,2023,6.0,Công nghệ thông tin
10547,DCL,cong-nghe-thong-tin,A01,Điểm học bạ,2023,6.0,Công nghệ thông tin
10548,DCL,cong-nghe-thong-tin,D01,Điểm học bạ,2023,6.0,Công nghệ thông tin
10549,DCL,cong-nghe-thong-tin,D07,Điểm học bạ,2023,6.0,Công nghệ thông tin
10550,DCL,cong-nghe-thong-tin,A00,Điểm thi THPT,2023,15.0,Công nghệ thông tin
10551,DCL,cong-nghe-thong-tin,A01,Điểm thi THPT,2023,15.0,Công nghệ thông tin
10552,DCL,cong-nghe-thong-tin,D01,Điểm thi THPT,2023,15.0,Công nghệ thông tin
10553,DCL,cong-nghe-thong-tin,D07,Điểm thi THPT,2023,15.0,Công nghệ thông tin
10554,DCL,cong-nghe-thong-tin,A00,Điểm học bạ,2024,6.0,Công nghệ thông tin
10555,DCL,cong-nghe-thong-tin,A01,Điểm học bạ,2024,6.0,Công nghệ thông tin
10556,DCL,cong-nghe-thong-tin,D01,Điểm học bạ,2024,6.0,Công nghệ thông tin
10557,DCL,cong-nghe-thong-tin,D07,Điểm học bạ,2024,6.0,Công nghệ thông tin
10558,DCL,cong-nghe-thong-tin,A00,Điểm thi THPT,2024,15.0,Công nghệ thông tin
10559,DCL,cong-nghe-thong-tin,A01,Điểm thi THPT,2024,15.0,Công nghệ thông tin
10560,DCL,cong-nghe-thong-tin,D01,Điểm thi THPT,2024,15.0,Công nghệ thông tin
10561,DCL,cong-nghe-thong-tin,D07,Điểm thi THPT,2024,15.0,Công nghệ thông tin
10562,DCL,cong-nghe-thong-tin,A00,Điểm học bạ,2025,18.0,Công nghệ thông tin
10563,DCL,cong-nghe-thong-tin,A01,Điểm học bạ,2025,18.0,Công nghệ thông tin
10564,DCL,cong-nghe-thong-tin,C01,Điểm học bạ,2025,18.0,Công nghệ thông tin
10565,DCL,cong-nghe-thong-tin,D01,Điểm học bạ,2025,18.0,Công nghệ thông tin
10566,DCL,cong-nghe-thong-tin,D07,Điểm học bạ,2025,18.0,Công nghệ thông tin
10567,DCL,cong-nghe-thong-tin,X02,Điểm học bạ,2025,18.0,Công nghệ thông tin
10568,DCL,cong-nghe-thong-tin,X04,Điểm học bạ,2025,18.0,Công nghệ thông tin
10569,DCL,cong-nghe-thong-tin,X06,Điểm học bạ,2025,18.0,Công nghệ thông tin
10570,DCL,cong-nghe-thong-tin,X26,Điểm học bạ,2025,18.0,Công nghệ thông tin
10571,DCL,cong-nghe-thong-tin,A00,Điểm thi THPT,2025,15.0,Công nghệ thông tin
10572,DCL,cong-nghe-thong-tin,A01,Điểm thi THPT,2025,15.0,Công nghệ thông tin
10573,DCL,cong-nghe-thong-tin,C01,Điểm thi THPT,2025,15.0,Công nghệ thông tin
10574,DCL,cong-nghe-thong-tin,D01,Điểm thi THPT,2025,15.0,Công nghệ thông tin
10575,DCL,cong-nghe-thong-tin,D07,Điểm thi THPT,2025,15.0,Công nghệ thông tin
10576,DCL,cong-nghe-thong-tin,X02,Điểm thi THPT,2025,15.0,Công nghệ thông tin
10577,DCL,cong-nghe-thong-tin,X04,Điểm thi THPT,2025,15.0,Công nghệ thông tin
10578,DCL,cong-nghe-thong-tin,X06,Điểm thi THPT,2025,15.0,Công nghệ thông tin
10579,DCL,cong-nghe-thong-tin,X26,Điểm thi THPT,2025,15.0,Công nghệ thông tin
10580,DCL,cong-nghe-thuc-pham,A00,Điểm học bạ,2021,6.0,Công nghệ thực phẩm
10581,DCL,cong-nghe-thuc-pham,A01,Điểm học bạ,2021,6.0,Công nghệ thực phẩm
10582,DCL,cong-nghe-thuc-pham,B00,Điểm học bạ,2021,6.0,Công nghệ thực phẩm
10583,DCL,cong-nghe-thuc-pham,C01,Điểm học bạ,2021,6.0,Công nghệ thực phẩm
10584,DCL,cong-nghe-thuc-pham,A00,Điểm thi THPT,2021,15.0,Công nghệ thực phẩm
10585,DCL,cong-nghe-thuc-pham,A01,Điểm thi THPT,2021,15.0,Công nghệ thực phẩm
10586,DCL,cong-nghe-thuc-pham,B00,Điểm thi THPT,2021,15.0,Công nghệ thực phẩm
10587,DCL,cong-nghe-thuc-pham,C01,Điểm thi THPT,2021,15.0,Công nghệ thực phẩm
10588,DCL,cong-nghe-thuc-pham,A00,Điểm thi THPT,2022,15.0,Công nghệ thực phẩm
10589,DCL,cong-nghe-thuc-pham,A01,Điểm thi THPT,2022,15.0,Công nghệ thực phẩm
10590,DCL,cong-nghe-thuc-pham,B00,Điểm thi THPT,2022,15.0,Công nghệ thực phẩm
10591,DCL,cong-nghe-thuc-pham,C01,Điểm thi THPT,2022,15.0,Công nghệ thực phẩm
10592,DCL,cong-nghe-thuc-pham,A00,Điểm học bạ,2023,6.0,Công nghệ thực phẩm
10593,DCL,cong-nghe-thuc-pham,A01,Điểm học bạ,2023,6.0,Công nghệ thực phẩm
10594,DCL,cong-nghe-thuc-pham,B00,Điểm học bạ,2023,6.0,Công nghệ thực phẩm
10595,DCL,cong-nghe-thuc-pham,C01,Điểm học bạ,2023,6.0,Công nghệ thực phẩm
10596,DCL,cong-nghe-thuc-pham,A00,Điểm thi THPT,2023,15.0,Công nghệ thực phẩm
10597,DCL,cong-nghe-thuc-pham,A01,Điểm thi THPT,2023,15.0,Công nghệ thực phẩm
10598,DCL,cong-nghe-thuc-pham,B00,Điểm thi THPT,2023,15.0,Công nghệ thực phẩm
10599,DCL,cong-nghe-thuc-pham,C01,Điểm thi THPT,2023,15.0,Công nghệ thực phẩm
10600,DCL,cong-nghe-thuc-pham,A00,Điểm học bạ,2024,6.0,Công nghệ thực phẩm
10601,DCL,cong-nghe-thuc-pham,A01,Điểm học bạ,2024,6.0,Công nghệ thực phẩm
10602,DCL,cong-nghe-thuc-pham,B00,Điểm học bạ,2024,6.0,Công nghệ thực phẩm
10603,DCL,cong-nghe-thuc-pham,C01,Điểm học bạ,2024,6.0,Công nghệ thực phẩm
10604,DCL,cong-nghe-thuc-pham,A00,Điểm thi THPT,2024,15.0,Công nghệ thực phẩm
10605,DCL,cong-nghe-thuc-pham,A01,Điểm thi THPT,2024,15.0,Công nghệ thực phẩm
10606,DCL,cong-nghe-thuc-pham,B00,Điểm thi THPT,2024,15.0,Công nghệ thực phẩm
10607,DCL,cong-nghe-thuc-pham,C01,Điểm thi THPT,2024,15.0,Công nghệ thực phẩm
10608,DCL,cong-nghe-thuc-pham,A00,Điểm học bạ,2025,18.0,Công nghệ thực phẩm
10609,DCL,cong-nghe-thuc-pham,A01,Điểm học bạ,2025,18.0,Công nghệ thực phẩm
10610,DCL,cong-nghe-thuc-pham,A02,Điểm học bạ,2025,18.0,Công nghệ thực phẩm
10611,DCL,cong-nghe-thuc-pham,A10,Điểm học bạ,2025,18.0,Công nghệ thực phẩm
10612,DCL,cong-nghe-thuc-pham,B00,Điểm học bạ,2025,18.0,Công nghệ thực phẩm
10613,DCL,cong-nghe-thuc-pham,C01,Điểm học bạ,2025,18.0,Công nghệ thực phẩm
10614,DCL,cong-nghe-thuc-pham,D01,Điểm học bạ,2025,18.0,Công nghệ thực phẩm
10615,DCL,cong-nghe-thuc-pham,D07,Điểm học bạ,2025,18.0,Công nghệ thực phẩm
10616,DCL,cong-nghe-thuc-pham,X11,Điểm học bạ,2025,18.0,Công nghệ thực phẩm
10617,DCL,cong-nghe-thuc-pham,A00,Điểm thi THPT,2025,15.0,Công nghệ thực phẩm
10618,DCL,cong-nghe-thuc-pham,A01,Điểm thi THPT,2025,15.0,Công nghệ thực phẩm
10619,DCL,cong-nghe-thuc-pham,A02,Điểm thi THPT,2025,15.0,Công nghệ thực phẩm
10620,DCL,cong-nghe-thuc-pham,A10,Điểm thi THPT,2025,15.0,Công nghệ thực phẩm
10621,DCL,cong-nghe-thuc-pham,B00,Điểm thi THPT,2025,15.0,Công nghệ thực phẩm
10622,DCL,cong-nghe-thuc-pham,C01,Điểm thi THPT,2025,15.0,Công nghệ thực phẩm
10623,DCL,cong-nghe-thuc-pham,D01,Điểm thi THPT,2025,15.0,Công nghệ thực phẩm
10624,DCL,cong-nghe-thuc-pham,D07,Điểm thi THPT,2025,15.0,Công nghệ thực phẩm
10625,DCL,cong-nghe-thuc-pham,X11,Điểm thi THPT,2025,15.0,Công nghệ thực phẩm
10626,DCL,cong-tac-xa-hoi,A01,Điểm học bạ,2021,6.0,Công tác xã hội
10627,DCL,cong-tac-xa-hoi,C00,Điểm học bạ,2021,6.0,Công tác xã hội
10628,DCL,cong-tac-xa-hoi,C01,Điểm học bạ,2021,6.0,Công tác xã hội
10629,DCL,cong-tac-xa-hoi,D01,Điểm học bạ,2021,6.0,Công tác xã hội
10630,DCL,cong-tac-xa-hoi,A01,Điểm thi THPT,2021,15.0,Công tác xã hội
10631,DCL,cong-tac-xa-hoi,C00,Điểm thi THPT,2021,15.0,Công tác xã hội
10632,DCL,cong-tac-xa-hoi,C01,Điểm thi THPT,2021,15.0,Công tác xã hội
10633,DCL,cong-tac-xa-hoi,D01,Điểm thi THPT,2021,15.0,Công tác xã hội
10634,DCL,cong-tac-xa-hoi,A01,Điểm thi THPT,2022,15.0,Công tác xã hội
10635,DCL,cong-tac-xa-hoi,C00,Điểm thi THPT,2022,15.0,Công tác xã hội
10636,DCL,cong-tac-xa-hoi,C01,Điểm thi THPT,2022,15.0,Công tác xã hội
10637,DCL,cong-tac-xa-hoi,D01,Điểm thi THPT,2022,15.0,Công tác xã hội
10638,DCL,cong-tac-xa-hoi,A01,Điểm học bạ,2023,6.0,Công tác xã hội
10639,DCL,cong-tac-xa-hoi,C00,Điểm học bạ,2023,6.0,Công tác xã hội
10640,DCL,cong-tac-xa-hoi,C01,Điểm học bạ,2023,6.0,Công tác xã hội
10641,DCL,cong-tac-xa-hoi,D01,Điểm học bạ,2023,6.0,Công tác xã hội
10642,DCL,cong-tac-xa-hoi,A01,Điểm thi THPT,2023,15.0,Công tác xã hội
10643,DCL,cong-tac-xa-hoi,C00,Điểm thi THPT,2023,15.0,Công tác xã hội
10644,DCL,cong-tac-xa-hoi,C01,Điểm thi THPT,2023,15.0,Công tác xã hội
10645,DCL,cong-tac-xa-hoi,D01,Điểm thi THPT,2023,15.0,Công tác xã hội
10646,DCL,cong-tac-xa-hoi,A01,Điểm học bạ,2024,6.0,Công tác xã hội
10647,DCL,cong-tac-xa-hoi,C00,Điểm học bạ,2024,6.0,Công tác xã hội
10648,DCL,cong-tac-xa-hoi,C01,Điểm học bạ,2024,6.0,Công tác xã hội
10649,DCL,cong-tac-xa-hoi,D01,Điểm học bạ,2024,6.0,Công tác xã hội
10650,DCL,cong-tac-xa-hoi,A01,Điểm thi THPT,2024,15.0,Công tác xã hội
10651,DCL,cong-tac-xa-hoi,C00,Điểm thi THPT,2024,15.0,Công tác xã hội
10652,DCL,cong-tac-xa-hoi,C01,Điểm thi THPT,2024,15.0,Công tác xã hội
10653,DCL,cong-tac-xa-hoi,D01,Điểm thi THPT,2024,15.0,Công tác xã hội
10654,DCL,cong-tac-xa-hoi,A00,Điểm học bạ,2025,18.0,Công tác xã hội
10655,DCL,cong-tac-xa-hoi,A03,Điểm học bạ,2025,18.0,Công tác xã hội
10656,DCL,cong-tac-xa-hoi,A04,Điểm học bạ,2025,18.0,Công tác xã hội
10657,DCL,cong-tac-xa-hoi,A05,Điểm học bạ,2025,18.0,Công tác xã hội
10658,DCL,cong-tac-xa-hoi,C00,Điểm học bạ,2025,18.0,Công tác xã hội
10659,DCL,cong-tac-xa-hoi,C01,Điểm học bạ,2025,18.0,Công tác xã hội
10660,DCL,cong-tac-xa-hoi,D01,Điểm học bạ,2025,18.0,Công tác xã hội
10661,DCL,cong-tac-xa-hoi,D14,Điểm học bạ,2025,18.0,Công tác xã hội
10662,DCL,cong-tac-xa-hoi,D15,Điểm học bạ,2025,18.0,Công tác xã hội
10663,DCL,cong-tac-xa-hoi,A00,Điểm thi THPT,2025,15.0,Công tác xã hội
10664,DCL,cong-tac-xa-hoi,A03,Điểm thi THPT,2025,15.0,Công tác xã hội
10665,DCL,cong-tac-xa-hoi,A04,Điểm thi THPT,2025,15.0,Công tác xã hội
10666,DCL,cong-tac-xa-hoi,A05,Điểm thi THPT,2025,15.0,Công tác xã hội
10667,DCL,cong-tac-xa-hoi,C00,Điểm thi THPT,2025,15.0,Công tác xã hội
10668,DCL,cong-tac-xa-hoi,C01,Điểm thi THPT,2025,15.0,Công tác xã hội
10669,DCL,cong-tac-xa-hoi,D01,Điểm thi THPT,2025,15.0,Công tác xã hội
10670,DCL,cong-tac-xa-hoi,D14,Điểm thi THPT,2025,15.0,Công tác xã hội
10671,DCL,cong-tac-xa-hoi,D15,Điểm thi THPT,2025,15.0,Công tác xã hội
10672,DCL,dieu-duong,A02,Điểm học bạ,2021,6.5,Điều dưỡng
10673,DCL,dieu-duong,B00,Điểm học bạ,2021,6.5,Điều dưỡng
10674,DCL,dieu-duong,B03,Điểm học bạ,2021,6.5,Điều dưỡng
10675,DCL,dieu-duong,D08,Điểm học bạ,2021,6.5,Điều dưỡng
10676,DCL,dieu-duong,A02,Điểm thi THPT,2021,19.0,Điều dưỡng
10677,DCL,dieu-duong,B00,Điểm thi THPT,2021,19.0,Điều dưỡng
10678,DCL,dieu-duong,B03,Điểm thi THPT,2021,19.0,Điều dưỡng
10679,DCL,dieu-duong,D08,Điểm thi THPT,2021,19.0,Điều dưỡng
10680,DCL,dieu-duong,A02,Điểm thi THPT,2022,19.0,Điều dưỡng
10681,DCL,dieu-duong,B00,Điểm thi THPT,2022,19.0,Điều dưỡng
10682,DCL,dieu-duong,B03,Điểm thi THPT,2022,19.0,Điều dưỡng
10683,DCL,dieu-duong,D08,Điểm thi THPT,2022,19.0,Điều dưỡng
10684,DCL,dieu-duong,A02,Điểm thi THPT,2023,19.0,Điều dưỡng
10685,DCL,dieu-duong,B00,Điểm thi THPT,2023,19.0,Điều dưỡng
10686,DCL,dieu-duong,B03,Điểm thi THPT,2023,19.0,Điều dưỡng
10687,DCL,dieu-duong,D08,Điểm thi THPT,2023,19.0,Điều dưỡng
10688,DCL,dieu-duong,A02,Điểm học bạ,2024,6.5,Điều dưỡng
10689,DCL,dieu-duong,B00,Điểm học bạ,2024,6.5,Điều dưỡng
10690,DCL,dieu-duong,B03,Điểm học bạ,2024,6.5,Điều dưỡng
10691,DCL,dieu-duong,D08,Điểm học bạ,2024,6.5,Điều dưỡng
10692,DCL,dieu-duong,A02,Điểm thi THPT,2024,19.0,Điều dưỡng
10693,DCL,dieu-duong,B00,Điểm thi THPT,2024,19.0,Điều dưỡng
10694,DCL,dieu-duong,B03,Điểm thi THPT,2024,19.0,Điều dưỡng
10695,DCL,dieu-duong,D08,Điểm thi THPT,2024,19.0,Điều dưỡng
10696,DCL,dieu-duong,A00,Điểm học bạ,2025,19.6,Điều dưỡng
10697,DCL,dieu-duong,A01,Điểm học bạ,2025,19.6,Điều dưỡng
10698,DCL,dieu-duong,A02,Điểm học bạ,2025,19.6,Điều dưỡng
10699,DCL,dieu-duong,B00,Điểm học bạ,2025,19.6,Điều dưỡng
10700,DCL,dieu-duong,B03,Điểm học bạ,2025,19.6,Điều dưỡng
10701,DCL,dieu-duong,B08,Điểm học bạ,2025,19.6,Điều dưỡng
10702,DCL,dieu-duong,C01,Điểm học bạ,2025,19.6,Điều dưỡng
10703,DCL,dieu-duong,C08,Điểm học bạ,2025,19.6,Điều dưỡng
10704,DCL,dieu-duong,D07,Điểm học bạ,2025,19.6,Điều dưỡng
10705,DCL,dieu-duong,A00,Điểm thi THPT,2025,17.0,Điều dưỡng
10706,DCL,dieu-duong,A01,Điểm thi THPT,2025,17.0,Điều dưỡng
10707,DCL,dieu-duong,A02,Điểm thi THPT,2025,17.0,Điều dưỡng
10708,DCL,dieu-duong,B00,Điểm thi THPT,2025,17.0,Điều dưỡng
10709,DCL,dieu-duong,B03,Điểm thi THPT,2025,17.0,Điều dưỡng
10710,DCL,dieu-duong,B08,Điểm thi THPT,2025,17.0,Điều dưỡng
10711,DCL,dieu-duong,C01,Điểm thi THPT,2025,17.0,Điều dưỡng
10712,DCL,dieu-duong,C08,Điểm thi THPT,2025,17.0,Điều dưỡng
10713,DCL,dieu-duong,D07,Điểm thi THPT,2025,17.0,Điều dưỡng
10714,DCL,dong-phuong-hoc,A01,Điểm học bạ,2021,6.0,Đông phương học
10715,DCL,dong-phuong-hoc,C00,Điểm học bạ,2021,6.0,Đông phương học
10716,DCL,dong-phuong-hoc,D01,Điểm học bạ,2021,6.0,Đông phương học
10717,DCL,dong-phuong-hoc,D14,Điểm học bạ,2021,6.0,Đông phương học
10718,DCL,dong-phuong-hoc,A01,Điểm thi THPT,2021,15.0,Đông phương học
10719,DCL,dong-phuong-hoc,C00,Điểm thi THPT,2021,15.0,Đông phương học
10720,DCL,dong-phuong-hoc,D01,Điểm thi THPT,2021,15.0,Đông phương học
10721,DCL,dong-phuong-hoc,D14,Điểm thi THPT,2021,15.0,Đông phương học
10722,DCL,dong-phuong-hoc,A01,Điểm thi THPT,2022,15.0,Đông phương học
10723,DCL,dong-phuong-hoc,C00,Điểm thi THPT,2022,15.0,Đông phương học
10724,DCL,dong-phuong-hoc,D01,Điểm thi THPT,2022,15.0,Đông phương học
10725,DCL,dong-phuong-hoc,D14,Điểm thi THPT,2022,15.0,Đông phương học
10726,DCL,dong-phuong-hoc,A01,Điểm học bạ,2023,6.0,Đông phương học
10727,DCL,dong-phuong-hoc,C00,Điểm học bạ,2023,6.0,Đông phương học
10728,DCL,dong-phuong-hoc,D01,Điểm học bạ,2023,6.0,Đông phương học
10729,DCL,dong-phuong-hoc,D14,Điểm học bạ,2023,6.0,Đông phương học
10730,DCL,dong-phuong-hoc,A01,Điểm thi THPT,2023,15.0,Đông phương học
10731,DCL,dong-phuong-hoc,C00,Điểm thi THPT,2023,15.0,Đông phương học
10732,DCL,dong-phuong-hoc,D01,Điểm thi THPT,2023,15.0,Đông phương học
10733,DCL,dong-phuong-hoc,D14,Điểm thi THPT,2023,15.0,Đông phương học
10734,DCL,dong-phuong-hoc,A01,Điểm học bạ,2024,6.0,Đông phương học
10735,DCL,dong-phuong-hoc,C00,Điểm học bạ,2024,6.0,Đông phương học
10736,DCL,dong-phuong-hoc,D01,Điểm học bạ,2024,6.0,Đông phương học
10737,DCL,dong-phuong-hoc,D14,Điểm học bạ,2024,6.0,Đông phương học
10738,DCL,dong-phuong-hoc,A01,Điểm thi THPT,2024,15.0,Đông phương học
10739,DCL,dong-phuong-hoc,C00,Điểm thi THPT,2024,15.0,Đông phương học
10740,DCL,dong-phuong-hoc,D01,Điểm thi THPT,2024,15.0,Đông phương học
10741,DCL,dong-phuong-hoc,D14,Điểm thi THPT,2024,15.0,Đông phương học
10742,DCL,dong-phuong-hoc,A01,Điểm học bạ,2025,18.0,Đông phương học
10743,DCL,dong-phuong-hoc,A03,Điểm học bạ,2025,18.0,Đông phương học
10744,DCL,dong-phuong-hoc,C00,Điểm học bạ,2025,18.0,Đông phương học
10745,DCL,dong-phuong-hoc,C01,Điểm học bạ,2025,18.0,Đông phương học
10746,DCL,dong-phuong-hoc,C03,Điểm học bạ,2025,18.0,Đông phương học
10747,DCL,dong-phuong-hoc,C04,Điểm học bạ,2025,18.0,Đông phương học
10748,DCL,dong-phuong-hoc,D01,Điểm học bạ,2025,18.0,Đông phương học
10749,DCL,dong-phuong-hoc,D14,Điểm học bạ,2025,18.0,Đông phương học
10750,DCL,dong-phuong-hoc,D15,Điểm học bạ,2025,18.0,Đông phương học
10751,DCL,dong-phuong-hoc,A01,Điểm thi THPT,2025,15.0,Đông phương học
10752,DCL,dong-phuong-hoc,A03,Điểm thi THPT,2025,15.0,Đông phương học
10753,DCL,dong-phuong-hoc,C00,Điểm thi THPT,2025,15.0,Đông phương học
10754,DCL,dong-phuong-hoc,C01,Điểm thi THPT,2025,15.0,Đông phương học
10755,DCL,dong-phuong-hoc,C03,Điểm thi THPT,2025,15.0,Đông phương học
10756,DCL,dong-phuong-hoc,C04,Điểm thi THPT,2025,15.0,Đông phương học
10757,DCL,dong-phuong-hoc,D01,Điểm thi THPT,2025,15.0,Đông phương học
10758,DCL,dong-phuong-hoc,D14,Điểm thi THPT,2025,15.0,Đông phương học
10759,DCL,dong-phuong-hoc,D15,Điểm thi THPT,2025,15.0,Đông phương học
10760,DCL,duoc-hoc,A00,Điểm học bạ,2021,8.0,Dược học
10761,DCL,duoc-hoc,B00,Điểm học bạ,2021,8.0,Dược học
10762,DCL,duoc-hoc,C08,Điểm học bạ,2021,8.0,Dược học
10763,DCL,duoc-hoc,D07,Điểm học bạ,2021,8.0,Dược học
10764,DCL,duoc-hoc,A00,Điểm thi THPT,2021,21.0,Dược học
10765,DCL,duoc-hoc,B00,Điểm thi THPT,2021,21.0,Dược học
10766,DCL,duoc-hoc,C08,Điểm thi THPT,2021,21.0,Dược học
10767,DCL,duoc-hoc,D07,Điểm thi THPT,2021,21.0,Dược học
10768,DCL,duoc-hoc,A00,Điểm thi THPT,2022,21.0,Dược học
10769,DCL,duoc-hoc,B00,Điểm thi THPT,2022,21.0,Dược học
10770,DCL,duoc-hoc,C08,Điểm thi THPT,2022,21.0,Dược học
10771,DCL,duoc-hoc,D07,Điểm thi THPT,2022,21.0,Dược học
10772,DCL,duoc-hoc,A00,Điểm thi THPT,2023,21.0,Dược học
10773,DCL,duoc-hoc,B00,Điểm thi THPT,2023,21.0,Dược học
10774,DCL,duoc-hoc,C08,Điểm thi THPT,2023,21.0,Dược học
10775,DCL,duoc-hoc,D07,Điểm thi THPT,2023,21.0,Dược học
10776,DCL,duoc-hoc,A00,Điểm học bạ,2024,8.0,Dược học
10777,DCL,duoc-hoc,B00,Điểm học bạ,2024,8.0,Dược học
10778,DCL,duoc-hoc,C08,Điểm học bạ,2024,8.0,Dược học
10779,DCL,duoc-hoc,D07,Điểm học bạ,2024,8.0,Dược học
10780,DCL,duoc-hoc,A00,Điểm thi THPT,2024,21.0,Dược học
10781,DCL,duoc-hoc,B00,Điểm thi THPT,2024,21.0,Dược học
10782,DCL,duoc-hoc,C08,Điểm thi THPT,2024,21.0,Dược học
10783,DCL,duoc-hoc,D07,Điểm thi THPT,2024,21.0,Dược học
10784,DCL,duoc-hoc,A00,Điểm học bạ,2025,24.0,Dược học
10785,DCL,duoc-hoc,A01,Điểm học bạ,2025,24.0,Dược học
10786,DCL,duoc-hoc,A02,Điểm học bạ,2025,24.0,Dược học
10787,DCL,duoc-hoc,B00,Điểm học bạ,2025,24.0,Dược học
10788,DCL,duoc-hoc,B03,Điểm học bạ,2025,24.0,Dược học
10789,DCL,duoc-hoc,B08,Điểm học bạ,2025,24.0,Dược học
10790,DCL,duoc-hoc,C01,Điểm học bạ,2025,24.0,Dược học
10791,DCL,duoc-hoc,C08,Điểm học bạ,2025,24.0,Dược học
10792,DCL,duoc-hoc,D07,Điểm học bạ,2025,24.0,Dược học
10793,DCL,duoc-hoc,A00,Điểm thi THPT,2025,19.0,Dược học
10794,DCL,duoc-hoc,A01,Điểm thi THPT,2025,19.0,Dược học
10795,DCL,duoc-hoc,A02,Điểm thi THPT,2025,19.0,Dược học
10796,DCL,duoc-hoc,B00,Điểm thi THPT,2025,19.0,Dược học
10797,DCL,duoc-hoc,B03,Điểm thi THPT,2025,19.0,Dược học
10798,DCL,duoc-hoc,B08,Điểm thi THPT,2025,19.0,Dược học
10799,DCL,duoc-hoc,C01,Điểm thi THPT,2025,19.0,Dược học
10800,DCL,duoc-hoc,C08,Điểm thi THPT,2025,19.0,Dược học
10801,DCL,duoc-hoc,D07,Điểm thi THPT,2025,19.0,Dược học
10802,DCL,ho-sinh,A02,Điểm học bạ,2024,6.5,Hộ sinh
10803,DCL,ho-sinh,B00,Điểm học bạ,2024,6.5,Hộ sinh
10804,DCL,ho-sinh,B03,Điểm học bạ,2024,6.5,Hộ sinh
10805,DCL,ho-sinh,D07,Điểm học bạ,2024,6.5,Hộ sinh
10806,DCL,ho-sinh,A02,Điểm thi THPT,2024,19.0,Hộ sinh
10807,DCL,ho-sinh,B00,Điểm thi THPT,2024,19.0,Hộ sinh
10808,DCL,ho-sinh,B03,Điểm thi THPT,2024,19.0,Hộ sinh
10809,DCL,ho-sinh,D07,Điểm thi THPT,2024,19.0,Hộ sinh
10810,DCL,ho-sinh,A00,Điểm học bạ,2025,19.6,Hộ sinh
10811,DCL,ho-sinh,A01,Điểm học bạ,2025,19.6,Hộ sinh
10812,DCL,ho-sinh,A02,Điểm học bạ,2025,19.6,Hộ sinh
10813,DCL,ho-sinh,B00,Điểm học bạ,2025,19.6,Hộ sinh
10814,DCL,ho-sinh,B03,Điểm học bạ,2025,19.6,Hộ sinh
10815,DCL,ho-sinh,B08,Điểm học bạ,2025,19.6,Hộ sinh
10816,DCL,ho-sinh,C01,Điểm học bạ,2025,19.6,Hộ sinh
10817,DCL,ho-sinh,C08,Điểm học bạ,2025,19.6,Hộ sinh
10818,DCL,ho-sinh,D07,Điểm học bạ,2025,19.6,Hộ sinh
10819,DCL,ho-sinh,A00,Điểm thi THPT,2025,17.0,Hộ sinh
10820,DCL,ho-sinh,A01,Điểm thi THPT,2025,17.0,Hộ sinh
10821,DCL,ho-sinh,A02,Điểm thi THPT,2025,17.0,Hộ sinh
10822,DCL,ho-sinh,B00,Điểm thi THPT,2025,17.0,Hộ sinh
10823,DCL,ho-sinh,B03,Điểm thi THPT,2025,17.0,Hộ sinh
10824,DCL,ho-sinh,B08,Điểm thi THPT,2025,17.0,Hộ sinh
10825,DCL,ho-sinh,C01,Điểm thi THPT,2025,17.0,Hộ sinh
10826,DCL,ho-sinh,C08,Điểm thi THPT,2025,17.0,Hộ sinh
10827,DCL,ho-sinh,D07,Điểm thi THPT,2025,17.0,Hộ sinh
10828,DCL,ke-toan,A00,Điểm học bạ,2021,6.0,Kế toán
10829,DCL,ke-toan,A01,Điểm học bạ,2021,6.0,Kế toán
10830,DCL,ke-toan,C04,Điểm học bạ,2021,6.0,Kế toán
10831,DCL,ke-toan,D01,Điểm học bạ,2021,6.0,Kế toán
10832,DCL,ke-toan,A00,Điểm thi THPT,2021,15.0,Kế toán
10833,DCL,ke-toan,A01,Điểm thi THPT,2021,15.0,Kế toán
10834,DCL,ke-toan,C04,Điểm thi THPT,2021,15.0,Kế toán
10835,DCL,ke-toan,D01,Điểm thi THPT,2021,15.0,Kế toán
10836,DCL,ke-toan,A00,Điểm thi THPT,2022,15.0,Kế toán
10837,DCL,ke-toan,A01,Điểm thi THPT,2022,15.0,Kế toán
10838,DCL,ke-toan,C04,Điểm thi THPT,2022,15.0,Kế toán
10839,DCL,ke-toan,D01,Điểm thi THPT,2022,15.0,Kế toán
10840,DCL,ke-toan,A00,Điểm học bạ,2023,6.0,Kế toán
10841,DCL,ke-toan,A01,Điểm học bạ,2023,6.0,Kế toán
10842,DCL,ke-toan,C04,Điểm học bạ,2023,6.0,Kế toán
10843,DCL,ke-toan,D01,Điểm học bạ,2023,6.0,Kế toán
10844,DCL,ke-toan,A00,Điểm thi THPT,2023,15.0,Kế toán
10845,DCL,ke-toan,A01,Điểm thi THPT,2023,15.0,Kế toán
10846,DCL,ke-toan,C04,Điểm thi THPT,2023,15.0,Kế toán
10847,DCL,ke-toan,D01,Điểm thi THPT,2023,15.0,Kế toán
10848,DCL,ke-toan,A00,Điểm học bạ,2024,6.0,Kế toán
10849,DCL,ke-toan,A01,Điểm học bạ,2024,6.0,Kế toán
10850,DCL,ke-toan,C04,Điểm học bạ,2024,6.0,Kế toán
10851,DCL,ke-toan,D01,Điểm học bạ,2024,6.0,Kế toán
10852,DCL,ke-toan,A00,Điểm thi THPT,2024,15.0,Kế toán
10853,DCL,ke-toan,A01,Điểm thi THPT,2024,15.0,Kế toán
10854,DCL,ke-toan,C04,Điểm thi THPT,2024,15.0,Kế toán
10855,DCL,ke-toan,D01,Điểm thi THPT,2024,15.0,Kế toán
10856,DCL,ke-toan,A00,Điểm học bạ,2025,18.0,Kế toán
10857,DCL,ke-toan,A01,Điểm học bạ,2025,18.0,Kế toán
10858,DCL,ke-toan,A03,Điểm học bạ,2025,18.0,Kế toán
10859,DCL,ke-toan,C04,Điểm học bạ,2025,18.0,Kế toán
10860,DCL,ke-toan,D01,Điểm học bạ,2025,18.0,Kế toán
10861,DCL,ke-toan,X02,Điểm học bạ,2025,18.0,Kế toán
10862,DCL,ke-toan,X05,Điểm học bạ,2025,18.0,Kế toán
10863,DCL,ke-toan,X08,Điểm học bạ,2025,18.0,Kế toán
10864,DCL,ke-toan,X26,Điểm học bạ,2025,18.0,Kế toán
10865,DCL,ke-toan,A00,Điểm thi THPT,2025,15.0,Kế toán
10866,DCL,ke-toan,A01,Điểm thi THPT,2025,15.0,Kế toán
10867,DCL,ke-toan,A03,Điểm thi THPT,2025,15.0,Kế toán
10868,DCL,ke-toan,C04,Điểm thi THPT,2025,15.0,Kế toán
10869,DCL,ke-toan,D01,Điểm thi THPT,2025,15.0,Kế toán
10870,DCL,ke-toan,X02,Điểm thi THPT,2025,15.0,Kế toán
10871,DCL,ke-toan,X05,Điểm thi THPT,2025,15.0,Kế toán
10872,DCL,ke-toan,X08,Điểm thi THPT,2025,15.0,Kế toán
10873,DCL,ke-toan,X26,Điểm thi THPT,2025,15.0,Kế toán
10874,DCL,kinh-doanh-thuong-mai,A00,Điểm học bạ,2021,6.0,Kinh doanh thương mại
10875,DCL,kinh-doanh-thuong-mai,A01,Điểm học bạ,2021,6.0,Kinh doanh thương mại
10876,DCL,kinh-doanh-thuong-mai,C04,Điểm học bạ,2021,6.0,Kinh doanh thương mại
10877,DCL,kinh-doanh-thuong-mai,D01,Điểm học bạ,2021,6.0,Kinh doanh thương mại
10878,DCL,kinh-doanh-thuong-mai,A00,Điểm thi THPT,2021,15.0,Kinh doanh thương mại
10879,DCL,kinh-doanh-thuong-mai,A01,Điểm thi THPT,2021,15.0,Kinh doanh thương mại
10880,DCL,kinh-doanh-thuong-mai,C04,Điểm thi THPT,2021,15.0,Kinh doanh thương mại
10881,DCL,kinh-doanh-thuong-mai,D01,Điểm thi THPT,2021,15.0,Kinh doanh thương mại
10882,DCL,kinh-doanh-thuong-mai,A00,Điểm thi THPT,2022,15.0,Kinh doanh thương mại
10883,DCL,kinh-doanh-thuong-mai,A01,Điểm thi THPT,2022,15.0,Kinh doanh thương mại
10884,DCL,kinh-doanh-thuong-mai,C04,Điểm thi THPT,2022,15.0,Kinh doanh thương mại
10885,DCL,kinh-doanh-thuong-mai,D01,Điểm thi THPT,2022,15.0,Kinh doanh thương mại
10886,DCL,kinh-doanh-thuong-mai,A00,Điểm học bạ,2023,6.0,Kinh doanh thương mại
10887,DCL,kinh-doanh-thuong-mai,A01,Điểm học bạ,2023,6.0,Kinh doanh thương mại
10888,DCL,kinh-doanh-thuong-mai,C04,Điểm học bạ,2023,6.0,Kinh doanh thương mại
10889,DCL,kinh-doanh-thuong-mai,D01,Điểm học bạ,2023,6.0,Kinh doanh thương mại
10890,DCL,kinh-doanh-thuong-mai,A00,Điểm thi THPT,2023,15.0,Kinh doanh thương mại
10891,DCL,kinh-doanh-thuong-mai,A01,Điểm thi THPT,2023,15.0,Kinh doanh thương mại
10892,DCL,kinh-doanh-thuong-mai,C04,Điểm thi THPT,2023,15.0,Kinh doanh thương mại
10893,DCL,kinh-doanh-thuong-mai,D01,Điểm thi THPT,2023,15.0,Kinh doanh thương mại
10894,DCL,kinh-doanh-thuong-mai,A00,Điểm học bạ,2024,6.0,Kinh doanh thương mại
10895,DCL,kinh-doanh-thuong-mai,A01,Điểm học bạ,2024,6.0,Kinh doanh thương mại
10896,DCL,kinh-doanh-thuong-mai,C04,Điểm học bạ,2024,6.0,Kinh doanh thương mại
10897,DCL,kinh-doanh-thuong-mai,D01,Điểm học bạ,2024,6.0,Kinh doanh thương mại
10898,DCL,kinh-doanh-thuong-mai,A00,Điểm thi THPT,2024,15.0,Kinh doanh thương mại
10899,DCL,kinh-doanh-thuong-mai,A01,Điểm thi THPT,2024,15.0,Kinh doanh thương mại
10900,DCL,kinh-doanh-thuong-mai,C04,Điểm thi THPT,2024,15.0,Kinh doanh thương mại
10901,DCL,kinh-doanh-thuong-mai,D01,Điểm thi THPT,2024,15.0,Kinh doanh thương mại
10902,DCL,kinh-doanh-thuong-mai,A00,Điểm học bạ,2025,18.0,kinh doanh thương mại
10903,DCL,kinh-doanh-thuong-mai,A01,Điểm học bạ,2025,18.0,kinh doanh thương mại
10904,DCL,kinh-doanh-thuong-mai,A03,Điểm học bạ,2025,18.0,kinh doanh thương mại
10905,DCL,kinh-doanh-thuong-mai,C03,Điểm học bạ,2025,18.0,kinh doanh thương mại
10906,DCL,kinh-doanh-thuong-mai,C04,Điểm học bạ,2025,18.0,kinh doanh thương mại
10907,DCL,kinh-doanh-thuong-mai,D01,Điểm học bạ,2025,18.0,kinh doanh thương mại
10908,DCL,kinh-doanh-thuong-mai,X02,Điểm học bạ,2025,18.0,kinh doanh thương mại
10909,DCL,kinh-doanh-thuong-mai,X17,Điểm học bạ,2025,18.0,kinh doanh thương mại
10910,DCL,kinh-doanh-thuong-mai,X21,Điểm học bạ,2025,18.0,kinh doanh thương mại
10911,DCL,kinh-doanh-thuong-mai,A00,Điểm thi THPT,2025,15.0,kinh doanh thương mại
10912,DCL,kinh-doanh-thuong-mai,A01,Điểm thi THPT,2025,15.0,kinh doanh thương mại
10913,DCL,kinh-doanh-thuong-mai,A03,Điểm thi THPT,2025,15.0,kinh doanh thương mại
10914,DCL,kinh-doanh-thuong-mai,C03,Điểm thi THPT,2025,15.0,kinh doanh thương mại
10915,DCL,kinh-doanh-thuong-mai,C04,Điểm thi THPT,2025,15.0,kinh doanh thương mại
10916,DCL,kinh-doanh-thuong-mai,D01,Điểm thi THPT,2025,15.0,kinh doanh thương mại
10917,DCL,kinh-doanh-thuong-mai,X02,Điểm thi THPT,2025,15.0,kinh doanh thương mại
10918,DCL,kinh-doanh-thuong-mai,X17,Điểm thi THPT,2025,15.0,kinh doanh thương mại
10919,DCL,kinh-doanh-thuong-mai,X21,Điểm thi THPT,2025,15.0,kinh doanh thương mại
10920,DCL,ky-thuat-hinh-anh-y-hoc,A00,Điểm học bạ,2024,6.5,Kỹ thuật hình ảnh y học
10921,DCL,ky-thuat-hinh-anh-y-hoc,A02,Điểm học bạ,2024,6.5,Kỹ thuật hình ảnh y học
10922,DCL,ky-thuat-hinh-anh-y-hoc,B00,Điểm học bạ,2024,6.5,Kỹ thuật hình ảnh y học
10923,DCL,ky-thuat-hinh-anh-y-hoc,D07,Điểm học bạ,2024,6.5,Kỹ thuật hình ảnh y học
10924,DCL,ky-thuat-hinh-anh-y-hoc,A00,Điểm thi THPT,2024,19.0,Kỹ thuật hình ảnh y học
10925,DCL,ky-thuat-hinh-anh-y-hoc,A02,Điểm thi THPT,2024,19.0,Kỹ thuật hình ảnh y học
10926,DCL,ky-thuat-hinh-anh-y-hoc,B00,Điểm thi THPT,2024,19.0,Kỹ thuật hình ảnh y học
10927,DCL,ky-thuat-hinh-anh-y-hoc,D07,Điểm thi THPT,2024,19.0,Kỹ thuật hình ảnh y học
10928,DCL,ky-thuat-hinh-anh-y-hoc,A00,Điểm học bạ,2025,19.6,Kỹ thuật hình ảnh y học
10929,DCL,ky-thuat-hinh-anh-y-hoc,A01,Điểm học bạ,2025,19.6,Kỹ thuật hình ảnh y học
10930,DCL,ky-thuat-hinh-anh-y-hoc,A02,Điểm học bạ,2025,19.6,Kỹ thuật hình ảnh y học
10931,DCL,ky-thuat-hinh-anh-y-hoc,B00,Điểm học bạ,2025,19.6,Kỹ thuật hình ảnh y học
10932,DCL,ky-thuat-hinh-anh-y-hoc,B03,Điểm học bạ,2025,19.6,Kỹ thuật hình ảnh y học
10933,DCL,ky-thuat-hinh-anh-y-hoc,B08,Điểm học bạ,2025,19.6,Kỹ thuật hình ảnh y học
10934,DCL,ky-thuat-hinh-anh-y-hoc,C01,Điểm học bạ,2025,19.6,Kỹ thuật hình ảnh y học
10935,DCL,ky-thuat-hinh-anh-y-hoc,C08,Điểm học bạ,2025,19.6,Kỹ thuật hình ảnh y học
10936,DCL,ky-thuat-hinh-anh-y-hoc,D07,Điểm học bạ,2025,19.6,Kỹ thuật hình ảnh y học
10937,DCL,ky-thuat-hinh-anh-y-hoc,A00,Điểm thi THPT,2025,17.0,Kỹ thuật hình ảnh y học
10938,DCL,ky-thuat-hinh-anh-y-hoc,A01,Điểm thi THPT,2025,17.0,Kỹ thuật hình ảnh y học
10939,DCL,ky-thuat-hinh-anh-y-hoc,A02,Điểm thi THPT,2025,17.0,Kỹ thuật hình ảnh y học
10940,DCL,ky-thuat-hinh-anh-y-hoc,B00,Điểm thi THPT,2025,17.0,Kỹ thuật hình ảnh y học
10941,DCL,ky-thuat-hinh-anh-y-hoc,B03,Điểm thi THPT,2025,17.0,Kỹ thuật hình ảnh y học
10942,DCL,ky-thuat-hinh-anh-y-hoc,B08,Điểm thi THPT,2025,17.0,Kỹ thuật hình ảnh y học
10943,DCL,ky-thuat-hinh-anh-y-hoc,C01,Điểm thi THPT,2025,17.0,Kỹ thuật hình ảnh y học
10944,DCL,ky-thuat-hinh-anh-y-hoc,C08,Điểm thi THPT,2025,17.0,Kỹ thuật hình ảnh y học
10945,DCL,ky-thuat-hinh-anh-y-hoc,D07,Điểm thi THPT,2025,17.0,Kỹ thuật hình ảnh y học
10946,DCL,ky-thuat-phuc-hoi-chuc-nang,A00,Điểm học bạ,2025,19.6,Kỹ thuật phục hồi chức năng
10947,DCL,ky-thuat-phuc-hoi-chuc-nang,A01,Điểm học bạ,2025,19.6,Kỹ thuật phục hồi chức năng
10948,DCL,ky-thuat-phuc-hoi-chuc-nang,A02,Điểm học bạ,2025,19.6,Kỹ thuật phục hồi chức năng
10949,DCL,ky-thuat-phuc-hoi-chuc-nang,B00,Điểm học bạ,2025,19.6,Kỹ thuật phục hồi chức năng
10950,DCL,ky-thuat-phuc-hoi-chuc-nang,B03,Điểm học bạ,2025,19.6,Kỹ thuật phục hồi chức năng
10951,DCL,ky-thuat-phuc-hoi-chuc-nang,B08,Điểm học bạ,2025,19.6,Kỹ thuật phục hồi chức năng
10952,DCL,ky-thuat-phuc-hoi-chuc-nang,C01,Điểm học bạ,2025,19.6,Kỹ thuật phục hồi chức năng
10953,DCL,ky-thuat-phuc-hoi-chuc-nang,C08,Điểm học bạ,2025,19.6,Kỹ thuật phục hồi chức năng
10954,DCL,ky-thuat-phuc-hoi-chuc-nang,D07,Điểm học bạ,2025,19.6,Kỹ thuật phục hồi chức năng
10955,DCL,ky-thuat-phuc-hoi-chuc-nang,A00,Điểm thi THPT,2025,17.0,Kỹ thuật phục hồi chức năng
10956,DCL,ky-thuat-phuc-hoi-chuc-nang,A01,Điểm thi THPT,2025,17.0,Kỹ thuật phục hồi chức năng
10957,DCL,ky-thuat-phuc-hoi-chuc-nang,A02,Điểm thi THPT,2025,17.0,Kỹ thuật phục hồi chức năng
10958,DCL,ky-thuat-phuc-hoi-chuc-nang,B00,Điểm thi THPT,2025,17.0,Kỹ thuật phục hồi chức năng
10959,DCL,ky-thuat-phuc-hoi-chuc-nang,B03,Điểm thi THPT,2025,17.0,Kỹ thuật phục hồi chức năng
10960,DCL,ky-thuat-phuc-hoi-chuc-nang,B08,Điểm thi THPT,2025,17.0,Kỹ thuật phục hồi chức năng
10961,DCL,ky-thuat-phuc-hoi-chuc-nang,C01,Điểm thi THPT,2025,17.0,Kỹ thuật phục hồi chức năng
10962,DCL,ky-thuat-phuc-hoi-chuc-nang,C08,Điểm thi THPT,2025,17.0,Kỹ thuật phục hồi chức năng
10963,DCL,ky-thuat-phuc-hoi-chuc-nang,D07,Điểm thi THPT,2025,17.0,Kỹ thuật phục hồi chức năng
10964,DCL,ky-thuat-xay-dung-cong-trinh-giao-thong,A00,Điểm học bạ,2021,6.0,Kỹ thuật xây dựng công trình giao thông
10965,DCL,ky-thuat-xay-dung-cong-trinh-giao-thong,A01,Điểm học bạ,2021,6.0,Kỹ thuật xây dựng công trình giao thông
10966,DCL,ky-thuat-xay-dung-cong-trinh-giao-thong,C01,Điểm học bạ,2021,6.0,Kỹ thuật xây dựng công trình giao thông
10967,DCL,ky-thuat-xay-dung-cong-trinh-giao-thong,D01,Điểm học bạ,2021,6.0,Kỹ thuật xây dựng công trình giao thông
10968,DCL,ky-thuat-xay-dung-cong-trinh-giao-thong,A00,Điểm thi THPT,2021,15.0,Kỹ thuật xây dựng công trình giao thông
10969,DCL,ky-thuat-xay-dung-cong-trinh-giao-thong,A01,Điểm thi THPT,2021,15.0,Kỹ thuật xây dựng công trình giao thông
10970,DCL,ky-thuat-xay-dung-cong-trinh-giao-thong,C01,Điểm thi THPT,2021,15.0,Kỹ thuật xây dựng công trình giao thông
10971,DCL,ky-thuat-xay-dung-cong-trinh-giao-thong,D01,Điểm thi THPT,2021,15.0,Kỹ thuật xây dựng công trình giao thông
10972,DCL,ky-thuat-xay-dung-cong-trinh-giao-thong,A00,Điểm thi THPT,2022,15.0,Kỹ thuật xây dựng công trình giao thông
10973,DCL,ky-thuat-xay-dung-cong-trinh-giao-thong,A01,Điểm thi THPT,2022,15.0,Kỹ thuật xây dựng công trình giao thông
10974,DCL,ky-thuat-xay-dung-cong-trinh-giao-thong,C01,Điểm thi THPT,2022,15.0,Kỹ thuật xây dựng công trình giao thông
10975,DCL,ky-thuat-xay-dung-cong-trinh-giao-thong,D01,Điểm thi THPT,2022,15.0,Kỹ thuật xây dựng công trình giao thông
10976,DCL,ky-thuat-xay-dung-cong-trinh-giao-thong,A00,Điểm học bạ,2023,6.0,Kỹ thuật xây dựng công trình giao thông
10977,DCL,ky-thuat-xay-dung-cong-trinh-giao-thong,A01,Điểm học bạ,2023,6.0,Kỹ thuật xây dựng công trình giao thông
10978,DCL,ky-thuat-xay-dung-cong-trinh-giao-thong,C01,Điểm học bạ,2023,6.0,Kỹ thuật xây dựng công trình giao thông
10979,DCL,ky-thuat-xay-dung-cong-trinh-giao-thong,D01,Điểm học bạ,2023,6.0,Kỹ thuật xây dựng công trình giao thông
10980,DCL,ky-thuat-xay-dung-cong-trinh-giao-thong,A00,Điểm thi THPT,2023,15.0,Kỹ thuật xây dựng công trình giao thông
10981,DCL,ky-thuat-xay-dung-cong-trinh-giao-thong,A01,Điểm thi THPT,2023,15.0,Kỹ thuật xây dựng công trình giao thông
10982,DCL,ky-thuat-xay-dung-cong-trinh-giao-thong,C01,Điểm thi THPT,2023,15.0,Kỹ thuật xây dựng công trình giao thông
10983,DCL,ky-thuat-xay-dung-cong-trinh-giao-thong,D01,Điểm thi THPT,2023,15.0,Kỹ thuật xây dựng công trình giao thông
10984,DCL,ky-thuat-xay-dung-cong-trinh-giao-thong,A00,Điểm học bạ,2024,6.0,Kỹ thuật xây dựng công trình giao thông
10985,DCL,ky-thuat-xay-dung-cong-trinh-giao-thong,A01,Điểm học bạ,2024,6.0,Kỹ thuật xây dựng công trình giao thông
10986,DCL,ky-thuat-xay-dung-cong-trinh-giao-thong,C01,Điểm học bạ,2024,6.0,Kỹ thuật xây dựng công trình giao thông
10987,DCL,ky-thuat-xay-dung-cong-trinh-giao-thong,D01,Điểm học bạ,2024,6.0,Kỹ thuật xây dựng công trình giao thông
10988,DCL,ky-thuat-xay-dung-cong-trinh-giao-thong,A00,Điểm thi THPT,2024,15.0,Kỹ thuật xây dựng công trình giao thông
10989,DCL,ky-thuat-xay-dung-cong-trinh-giao-thong,A01,Điểm thi THPT,2024,15.0,Kỹ thuật xây dựng công trình giao thông
10990,DCL,ky-thuat-xay-dung-cong-trinh-giao-thong,C01,Điểm thi THPT,2024,15.0,Kỹ thuật xây dựng công trình giao thông
10991,DCL,ky-thuat-xay-dung-cong-trinh-giao-thong,D01,Điểm thi THPT,2024,15.0,Kỹ thuật xây dựng công trình giao thông
10992,DCL,ky-thuat-xay-dung-cong-trinh-giao-thong,A00,Điểm học bạ,2025,18.0,Kỹ thuật xây dựng công trình giao thông
10993,DCL,ky-thuat-xay-dung-cong-trinh-giao-thong,A01,Điểm học bạ,2025,18.0,Kỹ thuật xây dựng công trình giao thông
10994,DCL,ky-thuat-xay-dung-cong-trinh-giao-thong,A03,Điểm học bạ,2025,18.0,Kỹ thuật xây dựng công trình giao thông
10995,DCL,ky-thuat-xay-dung-cong-trinh-giao-thong,C01,Điểm học bạ,2025,18.0,Kỹ thuật xây dựng công trình giao thông
10996,DCL,ky-thuat-xay-dung-cong-trinh-giao-thong,D01,Điểm học bạ,2025,18.0,Kỹ thuật xây dựng công trình giao thông
10997,DCL,ky-thuat-xay-dung-cong-trinh-giao-thong,X06,Điểm học bạ,2025,18.0,Kỹ thuật xây dựng công trình giao thông
10998,DCL,ky-thuat-xay-dung-cong-trinh-giao-thong,X07,Điểm học bạ,2025,18.0,Kỹ thuật xây dựng công trình giao thông
10999,DCL,ky-thuat-xay-dung-cong-trinh-giao-thong,X08,Điểm học bạ,2025,18.0,Kỹ thuật xây dựng công trình giao thông
11000,DCL,ky-thuat-xay-dung-cong-trinh-giao-thong,X56,Điểm học bạ,2025,18.0,Kỹ thuật xây dựng công trình giao thông
11001,DCL,ky-thuat-xay-dung-cong-trinh-giao-thong,A00,Điểm thi THPT,2025,15.0,Kỹ thuật xây dựng công trình giao thông
11002,DCL,ky-thuat-xay-dung-cong-trinh-giao-thong,A01,Điểm thi THPT,2025,15.0,Kỹ thuật xây dựng công trình giao thông
11003,DCL,ky-thuat-xay-dung-cong-trinh-giao-thong,A03,Điểm thi THPT,2025,15.0,Kỹ thuật xây dựng công trình giao thông
11004,DCL,ky-thuat-xay-dung-cong-trinh-giao-thong,C01,Điểm thi THPT,2025,15.0,Kỹ thuật xây dựng công trình giao thông
11005,DCL,ky-thuat-xay-dung-cong-trinh-giao-thong,D01,Điểm thi THPT,2025,15.0,Kỹ thuật xây dựng công trình giao thông
11006,DCL,ky-thuat-xay-dung-cong-trinh-giao-thong,X06,Điểm thi THPT,2025,15.0,Kỹ thuật xây dựng công trình giao thông
11007,DCL,ky-thuat-xay-dung-cong-trinh-giao-thong,X07,Điểm thi THPT,2025,15.0,Kỹ thuật xây dựng công trình giao thông
11008,DCL,ky-thuat-xay-dung-cong-trinh-giao-thong,X08,Điểm thi THPT,2025,15.0,Kỹ thuật xây dựng công trình giao thông
11009,DCL,ky-thuat-xay-dung-cong-trinh-giao-thong,X56,Điểm thi THPT,2025,15.0,Kỹ thuật xây dựng công trình giao thông
11010,DCL,ky-thuat-xet-nghiem-y-hoc,A00,Điểm học bạ,2021,6.5,Kỹ thuật xét nghiệm y học
11011,DCL,ky-thuat-xet-nghiem-y-hoc,B00,Điểm học bạ,2021,6.5,Kỹ thuật xét nghiệm y học
11012,DCL,ky-thuat-xet-nghiem-y-hoc,B03,Điểm học bạ,2021,6.5,Kỹ thuật xét nghiệm y học
11013,DCL,ky-thuat-xet-nghiem-y-hoc,D07,Điểm học bạ,2021,6.5,Kỹ thuật xét nghiệm y học
11014,DCL,ky-thuat-xet-nghiem-y-hoc,A00,Điểm thi THPT,2021,19.0,Kỹ thuật xét nghiệm y học
11015,DCL,ky-thuat-xet-nghiem-y-hoc,B00,Điểm thi THPT,2021,19.0,Kỹ thuật xét nghiệm y học
11016,DCL,ky-thuat-xet-nghiem-y-hoc,B03,Điểm thi THPT,2021,19.0,Kỹ thuật xét nghiệm y học
11017,DCL,ky-thuat-xet-nghiem-y-hoc,D07,Điểm thi THPT,2021,19.0,Kỹ thuật xét nghiệm y học
11018,DCL,ky-thuat-xet-nghiem-y-hoc,A00,Điểm thi THPT,2022,19.0,Kỹ thuật xét nghiệm y học
11019,DCL,ky-thuat-xet-nghiem-y-hoc,B00,Điểm thi THPT,2022,19.0,Kỹ thuật xét nghiệm y học
11020,DCL,ky-thuat-xet-nghiem-y-hoc,B03,Điểm thi THPT,2022,19.0,Kỹ thuật xét nghiệm y học
11021,DCL,ky-thuat-xet-nghiem-y-hoc,D07,Điểm thi THPT,2022,19.0,Kỹ thuật xét nghiệm y học
11022,DCL,ky-thuat-xet-nghiem-y-hoc,A00,Điểm thi THPT,2023,19.0,Kỹ thuật xét nghiệm y học
11023,DCL,ky-thuat-xet-nghiem-y-hoc,B00,Điểm thi THPT,2023,19.0,Kỹ thuật xét nghiệm y học
11024,DCL,ky-thuat-xet-nghiem-y-hoc,B03,Điểm thi THPT,2023,19.0,Kỹ thuật xét nghiệm y học
11025,DCL,ky-thuat-xet-nghiem-y-hoc,D07,Điểm thi THPT,2023,19.0,Kỹ thuật xét nghiệm y học
11026,DCL,ky-thuat-xet-nghiem-y-hoc,A00,Điểm học bạ,2024,6.5,Kỹ thuật xét nghiệm y học
11027,DCL,ky-thuat-xet-nghiem-y-hoc,B00,Điểm học bạ,2024,6.5,Kỹ thuật xét nghiệm y học
11028,DCL,ky-thuat-xet-nghiem-y-hoc,B03,Điểm học bạ,2024,6.5,Kỹ thuật xét nghiệm y học
11029,DCL,ky-thuat-xet-nghiem-y-hoc,D07,Điểm học bạ,2024,6.5,Kỹ thuật xét nghiệm y học
11030,DCL,ky-thuat-xet-nghiem-y-hoc,A00,Điểm thi THPT,2024,19.0,Kỹ thuật xét nghiệm y học
11031,DCL,ky-thuat-xet-nghiem-y-hoc,B00,Điểm thi THPT,2024,19.0,Kỹ thuật xét nghiệm y học
11032,DCL,ky-thuat-xet-nghiem-y-hoc,B03,Điểm thi THPT,2024,19.0,Kỹ thuật xét nghiệm y học
11033,DCL,ky-thuat-xet-nghiem-y-hoc,D07,Điểm thi THPT,2024,19.0,Kỹ thuật xét nghiệm y học
11034,DCL,ky-thuat-xet-nghiem-y-hoc,A00,Điểm học bạ,2025,19.6,Kỹ thuật xét nghiệm y học
11035,DCL,ky-thuat-xet-nghiem-y-hoc,A01,Điểm học bạ,2025,19.6,Kỹ thuật xét nghiệm y học
11036,DCL,ky-thuat-xet-nghiem-y-hoc,A02,Điểm học bạ,2025,19.6,Kỹ thuật xét nghiệm y học
11037,DCL,ky-thuat-xet-nghiem-y-hoc,B00,Điểm học bạ,2025,19.6,Kỹ thuật xét nghiệm y học
11038,DCL,ky-thuat-xet-nghiem-y-hoc,B03,Điểm học bạ,2025,19.6,Kỹ thuật xét nghiệm y học
11039,DCL,ky-thuat-xet-nghiem-y-hoc,B08,Điểm học bạ,2025,19.6,Kỹ thuật xét nghiệm y học
11040,DCL,ky-thuat-xet-nghiem-y-hoc,C01,Điểm học bạ,2025,19.6,Kỹ thuật xét nghiệm y học
11041,DCL,ky-thuat-xet-nghiem-y-hoc,C08,Điểm học bạ,2025,19.6,Kỹ thuật xét nghiệm y học
11042,DCL,ky-thuat-xet-nghiem-y-hoc,D07,Điểm học bạ,2025,19.6,Kỹ thuật xét nghiệm y học
11043,DCL,ky-thuat-xet-nghiem-y-hoc,A00,Điểm thi THPT,2025,17.0,Kỹ thuật xét nghiệm y học
11044,DCL,ky-thuat-xet-nghiem-y-hoc,A01,Điểm thi THPT,2025,17.0,Kỹ thuật xét nghiệm y học
11045,DCL,ky-thuat-xet-nghiem-y-hoc,A02,Điểm thi THPT,2025,17.0,Kỹ thuật xét nghiệm y học
11046,DCL,ky-thuat-xet-nghiem-y-hoc,B00,Điểm thi THPT,2025,17.0,Kỹ thuật xét nghiệm y học
11047,DCL,ky-thuat-xet-nghiem-y-hoc,B03,Điểm thi THPT,2025,17.0,Kỹ thuật xét nghiệm y học
11048,DCL,ky-thuat-xet-nghiem-y-hoc,B08,Điểm thi THPT,2025,17.0,Kỹ thuật xét nghiệm y học
11049,DCL,ky-thuat-xet-nghiem-y-hoc,C01,Điểm thi THPT,2025,17.0,Kỹ thuật xét nghiệm y học
11050,DCL,ky-thuat-xet-nghiem-y-hoc,C08,Điểm thi THPT,2025,17.0,Kỹ thuật xét nghiệm y học
11051,DCL,ky-thuat-xet-nghiem-y-hoc,D07,Điểm thi THPT,2025,17.0,Kỹ thuật xét nghiệm y học
11052,DCL,ky-thuat-y-sinh,A00,Điểm học bạ,2024,6.0,Kỹ thuật y sinh
11053,DCL,ky-thuat-y-sinh,A01,Điểm học bạ,2024,6.0,Kỹ thuật y sinh
11054,DCL,ky-thuat-y-sinh,C01,Điểm học bạ,2024,6.0,Kỹ thuật y sinh
11055,DCL,ky-thuat-y-sinh,D01,Điểm học bạ,2024,6.0,Kỹ thuật y sinh
11056,DCL,ky-thuat-y-sinh,A00,Điểm thi THPT,2024,15.0,Kỹ thuật y sinh
11057,DCL,ky-thuat-y-sinh,A01,Điểm thi THPT,2024,15.0,Kỹ thuật y sinh
11058,DCL,ky-thuat-y-sinh,C01,Điểm thi THPT,2024,15.0,Kỹ thuật y sinh
11059,DCL,ky-thuat-y-sinh,D01,Điểm thi THPT,2024,15.0,Kỹ thuật y sinh
11060,DCL,ky-thuat-y-sinh,A00,Điểm học bạ,2025,18.0,Kỹ thuật y sinh
11061,DCL,ky-thuat-y-sinh,A01,Điểm học bạ,2025,18.0,Kỹ thuật y sinh
11062,DCL,ky-thuat-y-sinh,A03,Điểm học bạ,2025,18.0,Kỹ thuật y sinh
11063,DCL,ky-thuat-y-sinh,C01,Điểm học bạ,2025,18.0,Kỹ thuật y sinh
11064,DCL,ky-thuat-y-sinh,D01,Điểm học bạ,2025,18.0,Kỹ thuật y sinh
11065,DCL,ky-thuat-y-sinh,X06,Điểm học bạ,2025,18.0,Kỹ thuật y sinh
11066,DCL,ky-thuat-y-sinh,X07,Điểm học bạ,2025,18.0,Kỹ thuật y sinh
11067,DCL,ky-thuat-y-sinh,X08,Điểm học bạ,2025,18.0,Kỹ thuật y sinh
11068,DCL,ky-thuat-y-sinh,X56,Điểm học bạ,2025,18.0,Kỹ thuật y sinh
11069,DCL,ky-thuat-y-sinh,A00,Điểm thi THPT,2025,15.0,Kỹ thuật y sinh
11070,DCL,ky-thuat-y-sinh,A01,Điểm thi THPT,2025,15.0,Kỹ thuật y sinh
11071,DCL,ky-thuat-y-sinh,A03,Điểm thi THPT,2025,15.0,Kỹ thuật y sinh
11072,DCL,ky-thuat-y-sinh,C01,Điểm thi THPT,2025,15.0,Kỹ thuật y sinh
11073,DCL,ky-thuat-y-sinh,D01,Điểm thi THPT,2025,15.0,Kỹ thuật y sinh
11074,DCL,ky-thuat-y-sinh,X06,Điểm thi THPT,2025,15.0,Kỹ thuật y sinh
11075,DCL,ky-thuat-y-sinh,X07,Điểm thi THPT,2025,15.0,Kỹ thuật y sinh
11076,DCL,ky-thuat-y-sinh,X08,Điểm thi THPT,2025,15.0,Kỹ thuật y sinh
11077,DCL,ky-thuat-y-sinh,X56,Điểm thi THPT,2025,15.0,Kỹ thuật y sinh
11078,DCL,luat,A00,Điểm học bạ,2021,6.0,Luật
11079,DCL,luat,A01,Điểm học bạ,2021,6.0,Luật
11080,DCL,luat,C00,Điểm học bạ,2021,6.0,Luật
11081,DCL,luat,D01,Điểm học bạ,2021,6.0,Luật
11082,DCL,luat,A00,Điểm thi THPT,2021,15.0,Luật
11083,DCL,luat,A01,Điểm thi THPT,2021,15.0,Luật
11084,DCL,luat,C00,Điểm thi THPT,2021,15.0,Luật
11085,DCL,luat,D01,Điểm thi THPT,2021,15.0,Luật
11086,DCL,luat,A00,Điểm thi THPT,2022,15.0,Luật
11087,DCL,luat,A01,Điểm thi THPT,2022,15.0,Luật
11088,DCL,luat,C00,Điểm thi THPT,2022,15.0,Luật
11089,DCL,luat,D01,Điểm thi THPT,2022,15.0,Luật
11090,DCL,luat,A00,Điểm học bạ,2023,6.0,Luật
11091,DCL,luat,A01,Điểm học bạ,2023,6.0,Luật
11092,DCL,luat,C00,Điểm học bạ,2023,6.0,Luật
11093,DCL,luat,D01,Điểm học bạ,2023,6.0,Luật
11094,DCL,luat,A00,Điểm thi THPT,2023,15.0,Luật
11095,DCL,luat,A01,Điểm thi THPT,2023,15.0,Luật
11096,DCL,luat,C00,Điểm thi THPT,2023,15.0,Luật
11097,DCL,luat,D01,Điểm thi THPT,2023,15.0,Luật
11098,DCL,luat,A00,Điểm học bạ,2024,6.0,Luật
11099,DCL,luat,A01,Điểm học bạ,2024,6.0,Luật
11100,DCL,luat,C00,Điểm học bạ,2024,6.0,Luật
11101,DCL,luat,D01,Điểm học bạ,2024,6.0,Luật
11102,DCL,luat,A00,Điểm thi THPT,2024,15.0,Luật
11103,DCL,luat,A01,Điểm thi THPT,2024,15.0,Luật
11104,DCL,luat,C00,Điểm thi THPT,2024,15.0,Luật
11105,DCL,luat,D01,Điểm thi THPT,2024,15.0,Luật
11106,DCL,luat,A00,Điểm học bạ,2025,18.0,Luật
11107,DCL,luat,A01,Điểm học bạ,2025,18.0,Luật
11108,DCL,luat,C00,Điểm học bạ,2025,18.0,Luật
11109,DCL,luat,C03,Điểm học bạ,2025,18.0,Luật
11110,DCL,luat,C07,Điểm học bạ,2025,18.0,Luật
11111,DCL,luat,D01,Điểm học bạ,2025,18.0,Luật
11112,DCL,luat,X02,Điểm học bạ,2025,18.0,Luật
11113,DCL,luat,X17,Điểm học bạ,2025,18.0,Luật
11114,DCL,luat,X21,Điểm học bạ,2025,18.0,Luật
11115,DCL,luat,A00,Điểm thi THPT,2025,15.0,Luật
11116,DCL,luat,A01,Điểm thi THPT,2025,15.0,Luật
11117,DCL,luat,C00,Điểm thi THPT,2025,15.0,Luật
11118,DCL,luat,C03,Điểm thi THPT,2025,15.0,Luật
11119,DCL,luat,C07,Điểm thi THPT,2025,15.0,Luật
11120,DCL,luat,D01,Điểm thi THPT,2025,15.0,Luật
11121,DCL,luat,X02,Điểm thi THPT,2025,15.0,Luật
11122,DCL,luat,X17,Điểm thi THPT,2025,15.0,Luật
11123,DCL,luat,X21,Điểm thi THPT,2025,15.0,Luật
11124,DCL,luat-kinh-te,A00,Điểm học bạ,2021,6.0,Luật kinh tế
11125,DCL,luat-kinh-te,A01,Điểm học bạ,2021,6.0,Luật kinh tế
11126,DCL,luat-kinh-te,C00,Điểm học bạ,2021,6.0,Luật kinh tế
11127,DCL,luat-kinh-te,D01,Điểm học bạ,2021,6.0,Luật kinh tế
11128,DCL,luat-kinh-te,A00,Điểm thi THPT,2021,15.0,Luật kinh tế
11129,DCL,luat-kinh-te,A01,Điểm thi THPT,2021,15.0,Luật kinh tế
11130,DCL,luat-kinh-te,C00,Điểm thi THPT,2021,15.0,Luật kinh tế
11131,DCL,luat-kinh-te,D01,Điểm thi THPT,2021,15.0,Luật kinh tế
11132,DCL,luat-kinh-te,A00,Điểm thi THPT,2022,15.0,Luật kinh tế
11133,DCL,luat-kinh-te,A01,Điểm thi THPT,2022,15.0,Luật kinh tế
11134,DCL,luat-kinh-te,C00,Điểm thi THPT,2022,15.0,Luật kinh tế
11135,DCL,luat-kinh-te,D01,Điểm thi THPT,2022,15.0,Luật kinh tế
11136,DCL,luat-kinh-te,A00,Điểm học bạ,2023,6.0,Luật kinh tế
11137,DCL,luat-kinh-te,A01,Điểm học bạ,2023,6.0,Luật kinh tế
11138,DCL,luat-kinh-te,C00,Điểm học bạ,2023,6.0,Luật kinh tế
11139,DCL,luat-kinh-te,D01,Điểm học bạ,2023,6.0,Luật kinh tế
11140,DCL,luat-kinh-te,A00,Điểm thi THPT,2023,15.0,Luật kinh tế
11141,DCL,luat-kinh-te,A01,Điểm thi THPT,2023,15.0,Luật kinh tế
11142,DCL,luat-kinh-te,C00,Điểm thi THPT,2023,15.0,Luật kinh tế
11143,DCL,luat-kinh-te,D01,Điểm thi THPT,2023,15.0,Luật kinh tế
11144,DCL,luat-kinh-te,A00,Điểm học bạ,2024,6.0,Luật kinh tế
11145,DCL,luat-kinh-te,A01,Điểm học bạ,2024,6.0,Luật kinh tế
11146,DCL,luat-kinh-te,C00,Điểm học bạ,2024,6.0,Luật kinh tế
11147,DCL,luat-kinh-te,D01,Điểm học bạ,2024,6.0,Luật kinh tế
11148,DCL,luat-kinh-te,A00,Điểm thi THPT,2024,15.0,Luật kinh tế
11149,DCL,luat-kinh-te,A01,Điểm thi THPT,2024,15.0,Luật kinh tế
11150,DCL,luat-kinh-te,C00,Điểm thi THPT,2024,15.0,Luật kinh tế
11151,DCL,luat-kinh-te,D01,Điểm thi THPT,2024,15.0,Luật kinh tế
11152,DCL,luat-kinh-te,A00,Điểm học bạ,2025,18.0,Luật kinh tế
11153,DCL,luat-kinh-te,A01,Điểm học bạ,2025,18.0,Luật kinh tế
11154,DCL,luat-kinh-te,C00,Điểm học bạ,2025,18.0,Luật kinh tế
11155,DCL,luat-kinh-te,C03,Điểm học bạ,2025,18.0,Luật kinh tế
11156,DCL,luat-kinh-te,C07,Điểm học bạ,2025,18.0,Luật kinh tế
11157,DCL,luat-kinh-te,D01,Điểm học bạ,2025,18.0,Luật kinh tế
11158,DCL,luat-kinh-te,X02,Điểm học bạ,2025,18.0,Luật kinh tế
11159,DCL,luat-kinh-te,X17,Điểm học bạ,2025,18.0,Luật kinh tế
11160,DCL,luat-kinh-te,X21,Điểm học bạ,2025,18.0,Luật kinh tế
11161,DCL,luat-kinh-te,A00,Điểm thi THPT,2025,15.0,Luật kinh tế
11162,DCL,luat-kinh-te,A01,Điểm thi THPT,2025,15.0,Luật kinh tế
11163,DCL,luat-kinh-te,C00,Điểm thi THPT,2025,15.0,Luật kinh tế
11164,DCL,luat-kinh-te,C03,Điểm thi THPT,2025,15.0,Luật kinh tế
11165,DCL,luat-kinh-te,C07,Điểm thi THPT,2025,15.0,Luật kinh tế
11166,DCL,luat-kinh-te,D01,Điểm thi THPT,2025,15.0,Luật kinh tế
11167,DCL,luat-kinh-te,X02,Điểm thi THPT,2025,15.0,Luật kinh tế
11168,DCL,luat-kinh-te,X17,Điểm thi THPT,2025,15.0,Luật kinh tế
11169,DCL,luat-kinh-te,X21,Điểm thi THPT,2025,15.0,Luật kinh tế
11170,DCL,marketing,A00,Điểm học bạ,2024,6.0,Marketing
11171,DCL,marketing,A01,Điểm học bạ,2024,6.0,Marketing
11172,DCL,marketing,C04,Điểm học bạ,2024,6.0,Marketing
11173,DCL,marketing,D01,Điểm học bạ,2024,6.0,Marketing
11174,DCL,marketing,A00,Điểm thi THPT,2024,15.0,Marketing
11175,DCL,marketing,A01,Điểm thi THPT,2024,15.0,Marketing
11176,DCL,marketing,C04,Điểm thi THPT,2024,15.0,Marketing
11177,DCL,marketing,D01,Điểm thi THPT,2024,15.0,Marketing
11178,DCL,marketing,A00,Điểm học bạ,2025,18.0,Marketing
11179,DCL,marketing,A01,Điểm học bạ,2025,18.0,Marketing
11180,DCL,marketing,A03,Điểm học bạ,2025,18.0,Marketing
11181,DCL,marketing,C03,Điểm học bạ,2025,18.0,Marketing
11182,DCL,marketing,C04,Điểm học bạ,2025,18.0,Marketing
11183,DCL,marketing,D01,Điểm học bạ,2025,18.0,Marketing
11184,DCL,marketing,X02,Điểm học bạ,2025,18.0,Marketing
11185,DCL,marketing,X17,Điểm học bạ,2025,18.0,Marketing
11186,DCL,marketing,X21,Điểm học bạ,2025,18.0,Marketing
11187,DCL,marketing,A00,Điểm thi THPT,2025,15.0,Marketing
11188,DCL,marketing,A01,Điểm thi THPT,2025,15.0,Marketing
11189,DCL,marketing,A03,Điểm thi THPT,2025,15.0,Marketing
11190,DCL,marketing,C03,Điểm thi THPT,2025,15.0,Marketing
11191,DCL,marketing,C04,Điểm thi THPT,2025,15.0,Marketing
11192,DCL,marketing,D01,Điểm thi THPT,2025,15.0,Marketing
11193,DCL,marketing,X02,Điểm thi THPT,2025,15.0,Marketing
11194,DCL,marketing,X17,Điểm thi THPT,2025,15.0,Marketing
11195,DCL,marketing,X21,Điểm thi THPT,2025,15.0,Marketing
11196,DCL,ngon-ngu-anh,A01,Điểm học bạ,2021,6.0,Ngôn ngữ Anh
11197,DCL,ngon-ngu-anh,D01,Điểm học bạ,2021,6.0,Ngôn ngữ Anh
11198,DCL,ngon-ngu-anh,D14,Điểm học bạ,2021,6.0,Ngôn ngữ Anh
11199,DCL,ngon-ngu-anh,D15,Điểm học bạ,2021,6.0,Ngôn ngữ Anh
11200,DCL,ngon-ngu-anh,A01,Điểm thi THPT,2021,15.0,Ngôn ngữ Anh
11201,DCL,ngon-ngu-anh,D01,Điểm thi THPT,2021,15.0,Ngôn ngữ Anh
11202,DCL,ngon-ngu-anh,D14,Điểm thi THPT,2021,15.0,Ngôn ngữ Anh
11203,DCL,ngon-ngu-anh,D15,Điểm thi THPT,2021,15.0,Ngôn ngữ Anh
11204,DCL,ngon-ngu-anh,A01,Điểm thi THPT,2022,15.0,Ngôn ngữ Anh
11205,DCL,ngon-ngu-anh,D01,Điểm thi THPT,2022,15.0,Ngôn ngữ Anh
11206,DCL,ngon-ngu-anh,D14,Điểm thi THPT,2022,15.0,Ngôn ngữ Anh
11207,DCL,ngon-ngu-anh,D15,Điểm thi THPT,2022,15.0,Ngôn ngữ Anh
11208,DCL,ngon-ngu-anh,A01,Điểm học bạ,2023,6.0,Ngôn ngữ Anh
11209,DCL,ngon-ngu-anh,D01,Điểm học bạ,2023,6.0,Ngôn ngữ Anh
11210,DCL,ngon-ngu-anh,D14,Điểm học bạ,2023,6.0,Ngôn ngữ Anh
11211,DCL,ngon-ngu-anh,D15,Điểm học bạ,2023,6.0,Ngôn ngữ Anh
11212,DCL,ngon-ngu-anh,A01,Điểm thi THPT,2023,15.0,Ngôn ngữ Anh
11213,DCL,ngon-ngu-anh,D01,Điểm thi THPT,2023,15.0,Ngôn ngữ Anh
11214,DCL,ngon-ngu-anh,D14,Điểm thi THPT,2023,15.0,Ngôn ngữ Anh
11215,DCL,ngon-ngu-anh,D15,Điểm thi THPT,2023,15.0,Ngôn ngữ Anh
11216,DCL,ngon-ngu-anh,A01,Điểm học bạ,2024,6.0,Ngôn ngữ Anh
11217,DCL,ngon-ngu-anh,D01,Điểm học bạ,2024,6.0,Ngôn ngữ Anh
11218,DCL,ngon-ngu-anh,D14,Điểm học bạ,2024,6.0,Ngôn ngữ Anh
11219,DCL,ngon-ngu-anh,D15,Điểm học bạ,2024,6.0,Ngôn ngữ Anh
11220,DCL,ngon-ngu-anh,A01,Điểm thi THPT,2024,15.0,Ngôn ngữ Anh
11221,DCL,ngon-ngu-anh,D01,Điểm thi THPT,2024,15.0,Ngôn ngữ Anh
11222,DCL,ngon-ngu-anh,D14,Điểm thi THPT,2024,15.0,Ngôn ngữ Anh
11223,DCL,ngon-ngu-anh,D15,Điểm thi THPT,2024,15.0,Ngôn ngữ Anh
11224,DCL,ngon-ngu-anh,A01,Điểm học bạ,2025,18.0,Ngôn ngữ Anh
11225,DCL,ngon-ngu-anh,D01,Điểm học bạ,2025,18.0,Ngôn ngữ Anh
11226,DCL,ngon-ngu-anh,D07,Điểm học bạ,2025,18.0,Ngôn ngữ Anh
11227,DCL,ngon-ngu-anh,D08,Điểm học bạ,2025,18.0,Ngôn ngữ Anh
11228,DCL,ngon-ngu-anh,D09,Điểm học bạ,2025,18.0,Ngôn ngữ Anh
11229,DCL,ngon-ngu-anh,D10,Điểm học bạ,2025,18.0,Ngôn ngữ Anh
11230,DCL,ngon-ngu-anh,D14,Điểm học bạ,2025,18.0,Ngôn ngữ Anh
11231,DCL,ngon-ngu-anh,D15,Điểm học bạ,2025,18.0,Ngôn ngữ Anh
11232,DCL,ngon-ngu-anh,X78,Điểm học bạ,2025,18.0,Ngôn ngữ Anh
11233,DCL,ngon-ngu-anh,A01,Điểm thi THPT,2025,15.0,Ngôn ngữ Anh
11234,DCL,ngon-ngu-anh,D01,Điểm thi THPT,2025,15.0,Ngôn ngữ Anh
11235,DCL,ngon-ngu-anh,D07,Điểm thi THPT,2025,15.0,Ngôn ngữ Anh
11236,DCL,ngon-ngu-anh,D08,Điểm thi THPT,2025,15.0,Ngôn ngữ Anh
11237,DCL,ngon-ngu-anh,D09,Điểm thi THPT,2025,15.0,Ngôn ngữ Anh
11238,DCL,ngon-ngu-anh,D10,Điểm thi THPT,2025,15.0,Ngôn ngữ Anh
11239,DCL,ngon-ngu-anh,D14,Điểm thi THPT,2025,15.0,Ngôn ngữ Anh
11240,DCL,ngon-ngu-anh,D15,Điểm thi THPT,2025,15.0,Ngôn ngữ Anh
11241,DCL,ngon-ngu-anh,X78,Điểm thi THPT,2025,15.0,Ngôn ngữ Anh
11242,DCL,nong-hoc,A00,Điểm học bạ,2021,6.0,Nông học
11243,DCL,nong-hoc,A01,Điểm học bạ,2021,6.0,Nông học
11244,DCL,nong-hoc,B00,Điểm học bạ,2021,6.0,Nông học
11245,DCL,nong-hoc,B03,Điểm học bạ,2021,6.0,Nông học
11246,DCL,nong-hoc,A00,Điểm thi THPT,2021,15.0,Nông học
11247,DCL,nong-hoc,A01,Điểm thi THPT,2021,15.0,Nông học
11248,DCL,nong-hoc,B00,Điểm thi THPT,2021,15.0,Nông học
11249,DCL,nong-hoc,B03,Điểm thi THPT,2021,15.0,Nông học
11250,DCL,nong-hoc,A00,Điểm thi THPT,2022,15.0,Nông học
11251,DCL,nong-hoc,A01,Điểm thi THPT,2022,15.0,Nông học
11252,DCL,nong-hoc,B00,Điểm thi THPT,2022,15.0,Nông học
11253,DCL,nong-hoc,B03,Điểm thi THPT,2022,15.0,Nông học
11254,DCL,nong-hoc,A00,Điểm học bạ,2023,6.0,Nông học
11255,DCL,nong-hoc,A01,Điểm học bạ,2023,6.0,Nông học
11256,DCL,nong-hoc,B00,Điểm học bạ,2023,6.0,Nông học
11257,DCL,nong-hoc,B03,Điểm học bạ,2023,6.0,Nông học
11258,DCL,nong-hoc,A00,Điểm thi THPT,2023,15.0,Nông học
11259,DCL,nong-hoc,A01,Điểm thi THPT,2023,15.0,Nông học
11260,DCL,nong-hoc,B00,Điểm thi THPT,2023,15.0,Nông học
11261,DCL,nong-hoc,B03,Điểm thi THPT,2023,15.0,Nông học
11262,DCL,nong-hoc,A00,Điểm học bạ,2024,6.0,Nông học
11263,DCL,nong-hoc,A01,Điểm học bạ,2024,6.0,Nông học
11264,DCL,nong-hoc,B00,Điểm học bạ,2024,6.0,Nông học
11265,DCL,nong-hoc,B03,Điểm học bạ,2024,6.0,Nông học
11266,DCL,nong-hoc,A00,Điểm thi THPT,2024,15.0,Nông học
11267,DCL,nong-hoc,A01,Điểm thi THPT,2024,15.0,Nông học
11268,DCL,nong-hoc,B00,Điểm thi THPT,2024,15.0,Nông học
11269,DCL,nong-hoc,B03,Điểm thi THPT,2024,15.0,Nông học
11270,DCL,nong-hoc,A00,Điểm học bạ,2025,18.0,Nông học
11271,DCL,nong-hoc,A01,Điểm học bạ,2025,18.0,Nông học
11272,DCL,nong-hoc,A02,Điểm học bạ,2025,18.0,Nông học
11273,DCL,nong-hoc,B00,Điểm học bạ,2025,18.0,Nông học
11274,DCL,nong-hoc,B03,Điểm học bạ,2025,18.0,Nông học
11275,DCL,nong-hoc,B08,Điểm học bạ,2025,18.0,Nông học
11276,DCL,nong-hoc,D01,Điểm học bạ,2025,18.0,Nông học
11277,DCL,nong-hoc,X12,Điểm học bạ,2025,18.0,Nông học
11278,DCL,nong-hoc,X16,Điểm học bạ,2025,18.0,Nông học
11279,DCL,nong-hoc,A00,Điểm thi THPT,2025,15.0,Nông học
11280,DCL,nong-hoc,A01,Điểm thi THPT,2025,15.0,Nông học
11281,DCL,nong-hoc,A02,Điểm thi THPT,2025,15.0,Nông học
11282,DCL,nong-hoc,B00,Điểm thi THPT,2025,15.0,Nông học
11283,DCL,nong-hoc,B03,Điểm thi THPT,2025,15.0,Nông học
11284,DCL,nong-hoc,B08,Điểm thi THPT,2025,15.0,Nông học
11285,DCL,nong-hoc,D01,Điểm thi THPT,2025,15.0,Nông học
11286,DCL,nong-hoc,X12,Điểm thi THPT,2025,15.0,Nông học
11287,DCL,nong-hoc,X16,Điểm thi THPT,2025,15.0,Nông học
11288,DCL,nuoi-trong-thuy-san,A00,Điểm học bạ,2021,6.0,Nuôi trồng thuỷ sản
11289,DCL,nuoi-trong-thuy-san,A01,Điểm học bạ,2021,6.0,Nuôi trồng thuỷ sản
11290,DCL,nuoi-trong-thuy-san,B00,Điểm học bạ,2021,6.0,Nuôi trồng thuỷ sản
11291,DCL,nuoi-trong-thuy-san,B03,Điểm học bạ,2021,6.0,Nuôi trồng thuỷ sản
11292,DCL,nuoi-trong-thuy-san,A00,Điểm thi THPT,2021,15.0,Nuôi trồng thuỷ sản
11293,DCL,nuoi-trong-thuy-san,A01,Điểm thi THPT,2021,15.0,Nuôi trồng thuỷ sản
11294,DCL,nuoi-trong-thuy-san,B00,Điểm thi THPT,2021,15.0,Nuôi trồng thuỷ sản
11295,DCL,nuoi-trong-thuy-san,B03,Điểm thi THPT,2021,15.0,Nuôi trồng thuỷ sản
11296,DCL,nuoi-trong-thuy-san,A00,Điểm thi THPT,2022,15.0,Nuôi trồng thủy sản
11297,DCL,nuoi-trong-thuy-san,A01,Điểm thi THPT,2022,15.0,Nuôi trồng thủy sản
11298,DCL,nuoi-trong-thuy-san,B00,Điểm thi THPT,2022,15.0,Nuôi trồng thủy sản
11299,DCL,nuoi-trong-thuy-san,B03,Điểm thi THPT,2022,15.0,Nuôi trồng thủy sản
11300,DCL,nuoi-trong-thuy-san,A00,Điểm học bạ,2023,6.0,Nuôi trồng thủy sản
11301,DCL,nuoi-trong-thuy-san,A01,Điểm học bạ,2023,6.0,Nuôi trồng thủy sản
11302,DCL,nuoi-trong-thuy-san,B00,Điểm học bạ,2023,6.0,Nuôi trồng thủy sản
11303,DCL,nuoi-trong-thuy-san,B03,Điểm học bạ,2023,6.0,Nuôi trồng thủy sản
11304,DCL,nuoi-trong-thuy-san,A00,Điểm thi THPT,2023,15.0,Nuôi trồng thủy sản
11305,DCL,nuoi-trong-thuy-san,A01,Điểm thi THPT,2023,15.0,Nuôi trồng thủy sản
11306,DCL,nuoi-trong-thuy-san,B00,Điểm thi THPT,2023,15.0,Nuôi trồng thủy sản
11307,DCL,nuoi-trong-thuy-san,B03,Điểm thi THPT,2023,15.0,Nuôi trồng thủy sản
11308,DCL,nuoi-trong-thuy-san,A00,Điểm học bạ,2024,6.0,Nuôi trồng thủy sản
11309,DCL,nuoi-trong-thuy-san,A01,Điểm học bạ,2024,6.0,Nuôi trồng thủy sản
11310,DCL,nuoi-trong-thuy-san,B00,Điểm học bạ,2024,6.0,Nuôi trồng thủy sản
11311,DCL,nuoi-trong-thuy-san,B03,Điểm học bạ,2024,6.0,Nuôi trồng thủy sản
11312,DCL,nuoi-trong-thuy-san,A00,Điểm thi THPT,2024,15.0,Nuôi trồng thủy sản
11313,DCL,nuoi-trong-thuy-san,A01,Điểm thi THPT,2024,15.0,Nuôi trồng thủy sản
11314,DCL,nuoi-trong-thuy-san,B00,Điểm thi THPT,2024,15.0,Nuôi trồng thủy sản
11315,DCL,nuoi-trong-thuy-san,B03,Điểm thi THPT,2024,15.0,Nuôi trồng thủy sản
11316,DCL,nuoi-trong-thuy-san,A00,Điểm học bạ,2025,18.0,Nuôi trồng thủy sản
11317,DCL,nuoi-trong-thuy-san,A01,Điểm học bạ,2025,18.0,Nuôi trồng thủy sản
11318,DCL,nuoi-trong-thuy-san,A02,Điểm học bạ,2025,18.0,Nuôi trồng thủy sản
11319,DCL,nuoi-trong-thuy-san,B00,Điểm học bạ,2025,18.0,Nuôi trồng thủy sản
11320,DCL,nuoi-trong-thuy-san,B03,Điểm học bạ,2025,18.0,Nuôi trồng thủy sản
11321,DCL,nuoi-trong-thuy-san,B08,Điểm học bạ,2025,18.0,Nuôi trồng thủy sản
11322,DCL,nuoi-trong-thuy-san,D01,Điểm học bạ,2025,18.0,Nuôi trồng thủy sản
11323,DCL,nuoi-trong-thuy-san,X12,Điểm học bạ,2025,18.0,Nuôi trồng thủy sản
11324,DCL,nuoi-trong-thuy-san,X16,Điểm học bạ,2025,18.0,Nuôi trồng thủy sản
11325,DCL,nuoi-trong-thuy-san,A00,Điểm thi THPT,2025,15.0,Nuôi trồng thủy sản
11326,DCL,nuoi-trong-thuy-san,A01,Điểm thi THPT,2025,15.0,Nuôi trồng thủy sản
11327,DCL,nuoi-trong-thuy-san,A02,Điểm thi THPT,2025,15.0,Nuôi trồng thủy sản
11328,DCL,nuoi-trong-thuy-san,B00,Điểm thi THPT,2025,15.0,Nuôi trồng thủy sản
11329,DCL,nuoi-trong-thuy-san,B03,Điểm thi THPT,2025,15.0,Nuôi trồng thủy sản
11330,DCL,nuoi-trong-thuy-san,B08,Điểm thi THPT,2025,15.0,Nuôi trồng thủy sản
11331,DCL,nuoi-trong-thuy-san,D01,Điểm thi THPT,2025,15.0,Nuôi trồng thủy sản
11332,DCL,nuoi-trong-thuy-san,X12,Điểm thi THPT,2025,15.0,Nuôi trồng thủy sản
11333,DCL,nuoi-trong-thuy-san,X16,Điểm thi THPT,2025,15.0,Nuôi trồng thủy sản
11334,DCL,quan-he-cong-chung,A00,Điểm học bạ,2025,18.0,Quan hệ công chúng
11335,DCL,quan-he-cong-chung,A01,Điểm học bạ,2025,18.0,Quan hệ công chúng
11336,DCL,quan-he-cong-chung,C00,Điểm học bạ,2025,18.0,Quan hệ công chúng
11337,DCL,quan-he-cong-chung,C01,Điểm học bạ,2025,18.0,Quan hệ công chúng
11338,DCL,quan-he-cong-chung,C03,Điểm học bạ,2025,18.0,Quan hệ công chúng
11339,DCL,quan-he-cong-chung,C04,Điểm học bạ,2025,18.0,Quan hệ công chúng
11340,DCL,quan-he-cong-chung,D01,Điểm học bạ,2025,18.0,Quan hệ công chúng
11341,DCL,quan-he-cong-chung,D14,Điểm học bạ,2025,18.0,Quan hệ công chúng
11342,DCL,quan-he-cong-chung,D15,Điểm học bạ,2025,18.0,Quan hệ công chúng
11343,DCL,quan-he-cong-chung,A00,Điểm thi THPT,2025,15.0,Quan hệ công chúng
11344,DCL,quan-he-cong-chung,A01,Điểm thi THPT,2025,15.0,Quan hệ công chúng
11345,DCL,quan-he-cong-chung,C00,Điểm thi THPT,2025,15.0,Quan hệ công chúng
11346,DCL,quan-he-cong-chung,C01,Điểm thi THPT,2025,15.0,Quan hệ công chúng
11347,DCL,quan-he-cong-chung,C03,Điểm thi THPT,2025,15.0,Quan hệ công chúng
11348,DCL,quan-he-cong-chung,C04,Điểm thi THPT,2025,15.0,Quan hệ công chúng
11349,DCL,quan-he-cong-chung,D01,Điểm thi THPT,2025,15.0,Quan hệ công chúng
11350,DCL,quan-he-cong-chung,D14,Điểm thi THPT,2025,15.0,Quan hệ công chúng
11351,DCL,quan-he-cong-chung,D15,Điểm thi THPT,2025,15.0,Quan hệ công chúng
11352,DCL,quan-ly-kinh-te,A00,Điểm học bạ,2025,18.0,Quản lý kinh tế
11353,DCL,quan-ly-kinh-te,A01,Điểm học bạ,2025,18.0,Quản lý kinh tế
11354,DCL,quan-ly-kinh-te,A03,Điểm học bạ,2025,18.0,Quản lý kinh tế
11355,DCL,quan-ly-kinh-te,C03,Điểm học bạ,2025,18.0,Quản lý kinh tế
11356,DCL,quan-ly-kinh-te,C04,Điểm học bạ,2025,18.0,Quản lý kinh tế
11357,DCL,quan-ly-kinh-te,D01,Điểm học bạ,2025,18.0,Quản lý kinh tế
11358,DCL,quan-ly-kinh-te,X02,Điểm học bạ,2025,18.0,Quản lý kinh tế
11359,DCL,quan-ly-kinh-te,X17,Điểm học bạ,2025,18.0,Quản lý kinh tế
11360,DCL,quan-ly-kinh-te,X21,Điểm học bạ,2025,18.0,Quản lý kinh tế
11361,DCL,quan-ly-kinh-te,A00,Điểm thi THPT,2025,15.0,Quản lý kinh tế
11362,DCL,quan-ly-kinh-te,A01,Điểm thi THPT,2025,15.0,Quản lý kinh tế
11363,DCL,quan-ly-kinh-te,A03,Điểm thi THPT,2025,15.0,Quản lý kinh tế
11364,DCL,quan-ly-kinh-te,C03,Điểm thi THPT,2025,15.0,Quản lý kinh tế
11365,DCL,quan-ly-kinh-te,C04,Điểm thi THPT,2025,15.0,Quản lý kinh tế
11366,DCL,quan-ly-kinh-te,D01,Điểm thi THPT,2025,15.0,Quản lý kinh tế
11367,DCL,quan-ly-kinh-te,X02,Điểm thi THPT,2025,15.0,Quản lý kinh tế
11368,DCL,quan-ly-kinh-te,X17,Điểm thi THPT,2025,15.0,Quản lý kinh tế
11369,DCL,quan-ly-kinh-te,X21,Điểm thi THPT,2025,15.0,Quản lý kinh tế
11370,DCL,quan-tri-dich-vu-du-lich-lu-hanh,A00,Điểm thi THPT,2022,15.0,Quản trị dịch vụ du lịch & lữ hành
11371,DCL,quan-tri-dich-vu-du-lich-lu-hanh,A01,Điểm thi THPT,2022,15.0,Quản trị dịch vụ du lịch & lữ hành
11372,DCL,quan-tri-dich-vu-du-lich-lu-hanh,C00,Điểm thi THPT,2022,15.0,Quản trị dịch vụ du lịch & lữ hành
11373,DCL,quan-tri-dich-vu-du-lich-lu-hanh,D01,Điểm thi THPT,2022,15.0,Quản trị dịch vụ du lịch & lữ hành
11374,DCL,quan-tri-dich-vu-du-lich-lu-hanh,A00,Điểm học bạ,2023,6.0,Quản trị dịch vụ du lịch & lữ hành
11375,DCL,quan-tri-dich-vu-du-lich-lu-hanh,A01,Điểm học bạ,2023,6.0,Quản trị dịch vụ du lịch & lữ hành
11376,DCL,quan-tri-dich-vu-du-lich-lu-hanh,C00,Điểm học bạ,2023,6.0,Quản trị dịch vụ du lịch & lữ hành
11377,DCL,quan-tri-dich-vu-du-lich-lu-hanh,D01,Điểm học bạ,2023,6.0,Quản trị dịch vụ du lịch & lữ hành
11378,DCL,quan-tri-dich-vu-du-lich-lu-hanh,A00,Điểm thi THPT,2023,15.0,Quản trị dịch vụ du lịch & lữ hành
11379,DCL,quan-tri-dich-vu-du-lich-lu-hanh,A01,Điểm thi THPT,2023,15.0,Quản trị dịch vụ du lịch & lữ hành
11380,DCL,quan-tri-dich-vu-du-lich-lu-hanh,C00,Điểm thi THPT,2023,15.0,Quản trị dịch vụ du lịch & lữ hành
11381,DCL,quan-tri-dich-vu-du-lich-lu-hanh,D01,Điểm thi THPT,2023,15.0,Quản trị dịch vụ du lịch & lữ hành
11382,DCL,quan-tri-dich-vu-du-lich-lu-hanh,A00,Điểm học bạ,2024,6.0,Quản trị dịch vụ du lịch & lữ hành
11383,DCL,quan-tri-dich-vu-du-lich-lu-hanh,A01,Điểm học bạ,2024,6.0,Quản trị dịch vụ du lịch & lữ hành
11384,DCL,quan-tri-dich-vu-du-lich-lu-hanh,C00,Điểm học bạ,2024,6.0,Quản trị dịch vụ du lịch & lữ hành
11385,DCL,quan-tri-dich-vu-du-lich-lu-hanh,D01,Điểm học bạ,2024,6.0,Quản trị dịch vụ du lịch & lữ hành
11386,DCL,quan-tri-dich-vu-du-lich-lu-hanh,A00,Điểm thi THPT,2024,15.0,Quản trị dịch vụ du lịch & lữ hành
11387,DCL,quan-tri-dich-vu-du-lich-lu-hanh,A01,Điểm thi THPT,2024,15.0,Quản trị dịch vụ du lịch & lữ hành
11388,DCL,quan-tri-dich-vu-du-lich-lu-hanh,C00,Điểm thi THPT,2024,15.0,Quản trị dịch vụ du lịch & lữ hành
11389,DCL,quan-tri-dich-vu-du-lich-lu-hanh,D01,Điểm thi THPT,2024,15.0,Quản trị dịch vụ du lịch & lữ hành
11390,DCL,quan-tri-dich-vu-du-lich-va-lu-hanh,A00,Điểm học bạ,2021,6.0,Quản trị dịch vụ du lịch và lữ hành
11391,DCL,quan-tri-dich-vu-du-lich-va-lu-hanh,A01,Điểm học bạ,2021,6.0,Quản trị dịch vụ du lịch và lữ hành
11392,DCL,quan-tri-dich-vu-du-lich-va-lu-hanh,C00,Điểm học bạ,2021,6.0,Quản trị dịch vụ du lịch và lữ hành
11393,DCL,quan-tri-dich-vu-du-lich-va-lu-hanh,D01,Điểm học bạ,2021,6.0,Quản trị dịch vụ du lịch và lữ hành
11394,DCL,quan-tri-dich-vu-du-lich-va-lu-hanh,A00,Điểm thi THPT,2021,15.0,Quản trị dịch vụ du lịch và lữ hành
11395,DCL,quan-tri-dich-vu-du-lich-va-lu-hanh,A01,Điểm thi THPT,2021,15.0,Quản trị dịch vụ du lịch và lữ hành
11396,DCL,quan-tri-dich-vu-du-lich-va-lu-hanh,C00,Điểm thi THPT,2021,15.0,Quản trị dịch vụ du lịch và lữ hành
11397,DCL,quan-tri-dich-vu-du-lich-va-lu-hanh,D01,Điểm thi THPT,2021,15.0,Quản trị dịch vụ du lịch và lữ hành
11398,DCL,quan-tri-dich-vu-du-lich-va-lu-hanh,A00,Điểm học bạ,2025,18.0,Quản trị dịch vụ du lịch và lữ hành
11399,DCL,quan-tri-dich-vu-du-lich-va-lu-hanh,A01,Điểm học bạ,2025,18.0,Quản trị dịch vụ du lịch và lữ hành
11400,DCL,quan-tri-dich-vu-du-lich-va-lu-hanh,C00,Điểm học bạ,2025,18.0,Quản trị dịch vụ du lịch và lữ hành
11401,DCL,quan-tri-dich-vu-du-lich-va-lu-hanh,C03,Điểm học bạ,2025,18.0,Quản trị dịch vụ du lịch và lữ hành
11402,DCL,quan-tri-dich-vu-du-lich-va-lu-hanh,C04,Điểm học bạ,2025,18.0,Quản trị dịch vụ du lịch và lữ hành
11403,DCL,quan-tri-dich-vu-du-lich-va-lu-hanh,C07,Điểm học bạ,2025,18.0,Quản trị dịch vụ du lịch và lữ hành
11404,DCL,quan-tri-dich-vu-du-lich-va-lu-hanh,D01,Điểm học bạ,2025,18.0,Quản trị dịch vụ du lịch và lữ hành
11405,DCL,quan-tri-dich-vu-du-lich-va-lu-hanh,X17,Điểm học bạ,2025,18.0,Quản trị dịch vụ du lịch và lữ hành
11406,DCL,quan-tri-dich-vu-du-lich-va-lu-hanh,X21,Điểm học bạ,2025,18.0,Quản trị dịch vụ du lịch và lữ hành
11407,DCL,quan-tri-dich-vu-du-lich-va-lu-hanh,A00,Điểm thi THPT,2025,15.0,Quản trị dịch vụ du lịch và lữ hành
11408,DCL,quan-tri-dich-vu-du-lich-va-lu-hanh,A01,Điểm thi THPT,2025,15.0,Quản trị dịch vụ du lịch và lữ hành
11409,DCL,quan-tri-dich-vu-du-lich-va-lu-hanh,C00,Điểm thi THPT,2025,15.0,Quản trị dịch vụ du lịch và lữ hành
11410,DCL,quan-tri-dich-vu-du-lich-va-lu-hanh,C03,Điểm thi THPT,2025,15.0,Quản trị dịch vụ du lịch và lữ hành
11411,DCL,quan-tri-dich-vu-du-lich-va-lu-hanh,C04,Điểm thi THPT,2025,15.0,Quản trị dịch vụ du lịch và lữ hành
11412,DCL,quan-tri-dich-vu-du-lich-va-lu-hanh,C07,Điểm thi THPT,2025,15.0,Quản trị dịch vụ du lịch và lữ hành
11413,DCL,quan-tri-dich-vu-du-lich-va-lu-hanh,D01,Điểm thi THPT,2025,15.0,Quản trị dịch vụ du lịch và lữ hành
11414,DCL,quan-tri-dich-vu-du-lich-va-lu-hanh,X17,Điểm thi THPT,2025,15.0,Quản trị dịch vụ du lịch và lữ hành
11415,DCL,quan-tri-dich-vu-du-lich-va-lu-hanh,X21,Điểm thi THPT,2025,15.0,Quản trị dịch vụ du lịch và lữ hành
11416,DCL,quan-tri-kinh-doanh,A00,Điểm học bạ,2021,6.0,Quản trị kinh doanh
11417,DCL,quan-tri-kinh-doanh,A01,Điểm học bạ,2021,6.0,Quản trị kinh doanh
11418,DCL,quan-tri-kinh-doanh,C04,Điểm học bạ,2021,6.0,Quản trị kinh doanh
11419,DCL,quan-tri-kinh-doanh,D01,Điểm học bạ,2021,6.0,Quản trị kinh doanh
11420,DCL,quan-tri-kinh-doanh,A00,Điểm thi THPT,2021,15.0,Quản trị kinh doanh
11421,DCL,quan-tri-kinh-doanh,A01,Điểm thi THPT,2021,15.0,Quản trị kinh doanh
11422,DCL,quan-tri-kinh-doanh,C04,Điểm thi THPT,2021,15.0,Quản trị kinh doanh
11423,DCL,quan-tri-kinh-doanh,D01,Điểm thi THPT,2021,15.0,Quản trị kinh doanh
11424,DCL,quan-tri-kinh-doanh,A00,Điểm thi THPT,2022,15.0,Quản trị kinh doanh
11425,DCL,quan-tri-kinh-doanh,A01,Điểm thi THPT,2022,15.0,Quản trị kinh doanh
11426,DCL,quan-tri-kinh-doanh,C04,Điểm thi THPT,2022,15.0,Quản trị kinh doanh
11427,DCL,quan-tri-kinh-doanh,D01,Điểm thi THPT,2022,15.0,Quản trị kinh doanh
11428,DCL,quan-tri-kinh-doanh,A00,Điểm học bạ,2023,6.0,Quản trị kinh doanh
11429,DCL,quan-tri-kinh-doanh,A01,Điểm học bạ,2023,6.0,Quản trị kinh doanh
11430,DCL,quan-tri-kinh-doanh,C04,Điểm học bạ,2023,6.0,Quản trị kinh doanh
11431,DCL,quan-tri-kinh-doanh,D01,Điểm học bạ,2023,6.0,Quản trị kinh doanh
11432,DCL,quan-tri-kinh-doanh,A00,Điểm thi THPT,2023,15.0,Quản trị kinh doanh
11433,DCL,quan-tri-kinh-doanh,A01,Điểm thi THPT,2023,15.0,Quản trị kinh doanh
11434,DCL,quan-tri-kinh-doanh,C04,Điểm thi THPT,2023,15.0,Quản trị kinh doanh
11435,DCL,quan-tri-kinh-doanh,D01,Điểm thi THPT,2023,15.0,Quản trị kinh doanh
11436,DCL,quan-tri-kinh-doanh,A00,Điểm học bạ,2024,6.0,Quản trị kinh doanh
11437,DCL,quan-tri-kinh-doanh,A01,Điểm học bạ,2024,6.0,Quản trị kinh doanh
11438,DCL,quan-tri-kinh-doanh,C04,Điểm học bạ,2024,6.0,Quản trị kinh doanh
11439,DCL,quan-tri-kinh-doanh,D01,Điểm học bạ,2024,6.0,Quản trị kinh doanh
11440,DCL,quan-tri-kinh-doanh,A00,Điểm thi THPT,2024,15.0,Quản trị kinh doanh
11441,DCL,quan-tri-kinh-doanh,A01,Điểm thi THPT,2024,15.0,Quản trị kinh doanh
11442,DCL,quan-tri-kinh-doanh,C04,Điểm thi THPT,2024,15.0,Quản trị kinh doanh
11443,DCL,quan-tri-kinh-doanh,D01,Điểm thi THPT,2024,15.0,Quản trị kinh doanh
11444,DCL,quan-tri-kinh-doanh,A00,Điểm học bạ,2025,18.0,Quản trị kinh doanh
11445,DCL,quan-tri-kinh-doanh,A01,Điểm học bạ,2025,18.0,Quản trị kinh doanh
11446,DCL,quan-tri-kinh-doanh,A03,Điểm học bạ,2025,18.0,Quản trị kinh doanh
11447,DCL,quan-tri-kinh-doanh,C03,Điểm học bạ,2025,18.0,Quản trị kinh doanh
11448,DCL,quan-tri-kinh-doanh,C04,Điểm học bạ,2025,18.0,Quản trị kinh doanh
11449,DCL,quan-tri-kinh-doanh,D01,Điểm học bạ,2025,18.0,Quản trị kinh doanh
11450,DCL,quan-tri-kinh-doanh,X02,Điểm học bạ,2025,18.0,Quản trị kinh doanh
11451,DCL,quan-tri-kinh-doanh,X17,Điểm học bạ,2025,18.0,Quản trị kinh doanh
11452,DCL,quan-tri-kinh-doanh,X21,Điểm học bạ,2025,18.0,Quản trị kinh doanh
11453,DCL,quan-tri-kinh-doanh,A00,Điểm thi THPT,2025,15.0,Quản trị kinh doanh
11454,DCL,quan-tri-kinh-doanh,A01,Điểm thi THPT,2025,15.0,Quản trị kinh doanh
11455,DCL,quan-tri-kinh-doanh,A03,Điểm thi THPT,2025,15.0,Quản trị kinh doanh
11456,DCL,quan-tri-kinh-doanh,C03,Điểm thi THPT,2025,15.0,Quản trị kinh doanh
11457,DCL,quan-tri-kinh-doanh,C04,Điểm thi THPT,2025,15.0,Quản trị kinh doanh
11458,DCL,quan-tri-kinh-doanh,D01,Điểm thi THPT,2025,15.0,Quản trị kinh doanh
11459,DCL,quan-tri-kinh-doanh,X02,Điểm thi THPT,2025,15.0,Quản trị kinh doanh
11460,DCL,quan-tri-kinh-doanh,X17,Điểm thi THPT,2025,15.0,Quản trị kinh doanh
11461,DCL,quan-tri-kinh-doanh,X21,Điểm thi THPT,2025,15.0,Quản trị kinh doanh
11462,DCL,rang-ham-mat,A00,Điểm học bạ,2025,24.0,Răng - Hàm - Mặt
11463,DCL,rang-ham-mat,A01,Điểm học bạ,2025,24.0,Răng - Hàm - Mặt
11464,DCL,rang-ham-mat,A02,Điểm học bạ,2025,24.0,Răng - Hàm - Mặt
11465,DCL,rang-ham-mat,B00,Điểm học bạ,2025,24.0,Răng - Hàm - Mặt
11466,DCL,rang-ham-mat,B03,Điểm học bạ,2025,24.0,Răng - Hàm - Mặt
11467,DCL,rang-ham-mat,B08,Điểm học bạ,2025,24.0,Răng - Hàm - Mặt
11468,DCL,rang-ham-mat,C01,Điểm học bạ,2025,24.0,Răng - Hàm - Mặt
11469,DCL,rang-ham-mat,C08,Điểm học bạ,2025,24.0,Răng - Hàm - Mặt
11470,DCL,rang-ham-mat,D07,Điểm học bạ,2025,24.0,Răng - Hàm - Mặt
11471,DCL,rang-ham-mat,A00,Điểm thi THPT,2025,20.5,Răng - Hàm - Mặt
11472,DCL,rang-ham-mat,A01,Điểm thi THPT,2025,20.5,Răng - Hàm - Mặt
11473,DCL,rang-ham-mat,A02,Điểm thi THPT,2025,20.5,Răng - Hàm - Mặt
11474,DCL,rang-ham-mat,B00,Điểm thi THPT,2025,20.5,Răng - Hàm - Mặt
11475,DCL,rang-ham-mat,B03,Điểm thi THPT,2025,20.5,Răng - Hàm - Mặt
11476,DCL,rang-ham-mat,B08,Điểm thi THPT,2025,20.5,Răng - Hàm - Mặt
11477,DCL,rang-ham-mat,C01,Điểm thi THPT,2025,20.5,Răng - Hàm - Mặt
11478,DCL,rang-ham-mat,C08,Điểm thi THPT,2025,20.5,Răng - Hàm - Mặt
11479,DCL,rang-ham-mat,D07,Điểm thi THPT,2025,20.5,Răng - Hàm - Mặt
11480,DCL,tai-chinh-ngan-hang,A00,Điểm học bạ,2021,6.0,Tài chính ngân hàng
11481,DCL,tai-chinh-ngan-hang,A01,Điểm học bạ,2021,6.0,Tài chính ngân hàng
11482,DCL,tai-chinh-ngan-hang,C04,Điểm học bạ,2021,6.0,Tài chính ngân hàng
11483,DCL,tai-chinh-ngan-hang,D01,Điểm học bạ,2021,6.0,Tài chính ngân hàng
11484,DCL,tai-chinh-ngan-hang,A00,Điểm thi THPT,2021,15.0,Tài chính ngân hàng
11485,DCL,tai-chinh-ngan-hang,A01,Điểm thi THPT,2021,15.0,Tài chính ngân hàng
11486,DCL,tai-chinh-ngan-hang,C04,Điểm thi THPT,2021,15.0,Tài chính ngân hàng
11487,DCL,tai-chinh-ngan-hang,D01,Điểm thi THPT,2021,15.0,Tài chính ngân hàng
11488,DCL,tai-chinh-ngan-hang,A00,Điểm thi THPT,2022,15.0,Tài chính - Ngân hàng
11489,DCL,tai-chinh-ngan-hang,A01,Điểm thi THPT,2022,15.0,Tài chính - Ngân hàng
11490,DCL,tai-chinh-ngan-hang,C04,Điểm thi THPT,2022,15.0,Tài chính - Ngân hàng
11491,DCL,tai-chinh-ngan-hang,D01,Điểm thi THPT,2022,15.0,Tài chính - Ngân hàng
11492,DCL,tai-chinh-ngan-hang,A00,Điểm học bạ,2023,6.0,Tài chính Ngân hàng
11493,DCL,tai-chinh-ngan-hang,A01,Điểm học bạ,2023,6.0,Tài chính Ngân hàng
11494,DCL,tai-chinh-ngan-hang,C04,Điểm học bạ,2023,6.0,Tài chính Ngân hàng
11495,DCL,tai-chinh-ngan-hang,D01,Điểm học bạ,2023,6.0,Tài chính Ngân hàng
11496,DCL,tai-chinh-ngan-hang,A00,Điểm thi THPT,2023,15.0,Tài chính Ngân hàng
11497,DCL,tai-chinh-ngan-hang,A01,Điểm thi THPT,2023,15.0,Tài chính Ngân hàng
11498,DCL,tai-chinh-ngan-hang,C04,Điểm thi THPT,2023,15.0,Tài chính Ngân hàng
11499,DCL,tai-chinh-ngan-hang,D01,Điểm thi THPT,2023,15.0,Tài chính Ngân hàng
11500,DCL,tai-chinh-ngan-hang,A00,Điểm học bạ,2024,6.0,Tài chính - Ngân hàng
11501,DCL,tai-chinh-ngan-hang,A01,Điểm học bạ,2024,6.0,Tài chính - Ngân hàng
11502,DCL,tai-chinh-ngan-hang,C04,Điểm học bạ,2024,6.0,Tài chính - Ngân hàng
11503,DCL,tai-chinh-ngan-hang,D01,Điểm học bạ,2024,6.0,Tài chính - Ngân hàng
11504,DCL,tai-chinh-ngan-hang,A00,Điểm thi THPT,2024,15.0,Tài chính - Ngân hàng
11505,DCL,tai-chinh-ngan-hang,A01,Điểm thi THPT,2024,15.0,Tài chính - Ngân hàng
11506,DCL,tai-chinh-ngan-hang,C04,Điểm thi THPT,2024,15.0,Tài chính - Ngân hàng
11507,DCL,tai-chinh-ngan-hang,D01,Điểm thi THPT,2024,15.0,Tài chính - Ngân hàng
11508,DCL,tai-chinh-ngan-hang,A00,Điểm học bạ,2025,18.0,Tài chính - Ngân hàng
11509,DCL,tai-chinh-ngan-hang,A01,Điểm học bạ,2025,18.0,Tài chính - Ngân hàng
11510,DCL,tai-chinh-ngan-hang,A03,Điểm học bạ,2025,18.0,Tài chính - Ngân hàng
11511,DCL,tai-chinh-ngan-hang,C04,Điểm học bạ,2025,18.0,Tài chính - Ngân hàng
11512,DCL,tai-chinh-ngan-hang,D01,Điểm học bạ,2025,18.0,Tài chính - Ngân hàng
11513,DCL,tai-chinh-ngan-hang,X02,Điểm học bạ,2025,18.0,Tài chính - Ngân hàng
11514,DCL,tai-chinh-ngan-hang,X05,Điểm học bạ,2025,18.0,Tài chính - Ngân hàng
11515,DCL,tai-chinh-ngan-hang,X08,Điểm học bạ,2025,18.0,Tài chính - Ngân hàng
11516,DCL,tai-chinh-ngan-hang,X26,Điểm học bạ,2025,18.0,Tài chính - Ngân hàng
11517,DCL,tai-chinh-ngan-hang,A00,Điểm thi THPT,2025,15.0,Tài chính - Ngân hàng
11518,DCL,tai-chinh-ngan-hang,A01,Điểm thi THPT,2025,15.0,Tài chính - Ngân hàng
11519,DCL,tai-chinh-ngan-hang,A03,Điểm thi THPT,2025,15.0,Tài chính - Ngân hàng
11520,DCL,tai-chinh-ngan-hang,C04,Điểm thi THPT,2025,15.0,Tài chính - Ngân hàng
11521,DCL,tai-chinh-ngan-hang,D01,Điểm thi THPT,2025,15.0,Tài chính - Ngân hàng
11522,DCL,tai-chinh-ngan-hang,X02,Điểm thi THPT,2025,15.0,Tài chính - Ngân hàng
11523,DCL,tai-chinh-ngan-hang,X05,Điểm thi THPT,2025,15.0,Tài chính - Ngân hàng
11524,DCL,tai-chinh-ngan-hang,X08,Điểm thi THPT,2025,15.0,Tài chính - Ngân hàng
11525,DCL,tai-chinh-ngan-hang,X26,Điểm thi THPT,2025,15.0,Tài chính - Ngân hàng
11526,DCL,thiet-ke-do-hoa,A00,Điểm học bạ,2021,6.0,Thiết kế đồ hoạ
11527,DCL,thiet-ke-do-hoa,A01,Điểm học bạ,2021,6.0,Thiết kế đồ hoạ
11528,DCL,thiet-ke-do-hoa,C04,Điểm học bạ,2021,6.0,Thiết kế đồ hoạ
11529,DCL,thiet-ke-do-hoa,D01,Điểm học bạ,2021,6.0,Thiết kế đồ hoạ
11530,DCL,thiet-ke-do-hoa,A00,Điểm thi THPT,2021,15.0,Thiết kế đồ hoạ
11531,DCL,thiet-ke-do-hoa,A01,Điểm thi THPT,2021,15.0,Thiết kế đồ hoạ
11532,DCL,thiet-ke-do-hoa,C04,Điểm thi THPT,2021,15.0,Thiết kế đồ hoạ
11533,DCL,thiet-ke-do-hoa,D01,Điểm thi THPT,2021,15.0,Thiết kế đồ hoạ
11534,DCL,thiet-ke-do-hoa,A00,Điểm thi THPT,2022,15.0,Thiết kế đồ họa
11535,DCL,thiet-ke-do-hoa,A01,Điểm thi THPT,2022,15.0,Thiết kế đồ họa
11536,DCL,thiet-ke-do-hoa,C04,Điểm thi THPT,2022,15.0,Thiết kế đồ họa
11537,DCL,thiet-ke-do-hoa,D01,Điểm thi THPT,2022,15.0,Thiết kế đồ họa
11538,DCL,thiet-ke-do-hoa,A00,Điểm học bạ,2023,6.0,Thiết kế đồ họa
11539,DCL,thiet-ke-do-hoa,A01,Điểm học bạ,2023,6.0,Thiết kế đồ họa
11540,DCL,thiet-ke-do-hoa,C04,Điểm học bạ,2023,6.0,Thiết kế đồ họa
11541,DCL,thiet-ke-do-hoa,D01,Điểm học bạ,2023,6.0,Thiết kế đồ họa
11542,DCL,thiet-ke-do-hoa,A00,Điểm thi THPT,2023,15.0,Thiết kế đồ họa
11543,DCL,thiet-ke-do-hoa,A01,Điểm thi THPT,2023,15.0,Thiết kế đồ họa
11544,DCL,thiet-ke-do-hoa,C04,Điểm thi THPT,2023,15.0,Thiết kế đồ họa
11545,DCL,thiet-ke-do-hoa,D01,Điểm thi THPT,2023,15.0,Thiết kế đồ họa
11546,DCL,thiet-ke-do-hoa,A00,Điểm học bạ,2024,6.0,Thiết kế đồ họa
11547,DCL,thiet-ke-do-hoa,A01,Điểm học bạ,2024,6.0,Thiết kế đồ họa
11548,DCL,thiet-ke-do-hoa,C04,Điểm học bạ,2024,6.0,Thiết kế đồ họa
11549,DCL,thiet-ke-do-hoa,D01,Điểm học bạ,2024,6.0,Thiết kế đồ họa
11550,DCL,thiet-ke-do-hoa,A00,Điểm thi THPT,2024,15.0,Thiết kế đồ họa
11551,DCL,thiet-ke-do-hoa,A01,Điểm thi THPT,2024,15.0,Thiết kế đồ họa
11552,DCL,thiet-ke-do-hoa,C04,Điểm thi THPT,2024,15.0,Thiết kế đồ họa
11553,DCL,thiet-ke-do-hoa,D01,Điểm thi THPT,2024,15.0,Thiết kế đồ họa
11554,DCL,thiet-ke-do-hoa,A00,Điểm học bạ,2025,18.0,Thiết kế đồ họa
11555,DCL,thiet-ke-do-hoa,A01,Điểm học bạ,2025,18.0,Thiết kế đồ họa
11556,DCL,thiet-ke-do-hoa,A07,Điểm học bạ,2025,18.0,Thiết kế đồ họa
11557,DCL,thiet-ke-do-hoa,C01,Điểm học bạ,2025,18.0,Thiết kế đồ họa
11558,DCL,thiet-ke-do-hoa,C04,Điểm học bạ,2025,18.0,Thiết kế đồ họa
11559,DCL,thiet-ke-do-hoa,D01,Điểm học bạ,2025,18.0,Thiết kế đồ họa
11560,DCL,thiet-ke-do-hoa,D09,Điểm học bạ,2025,18.0,Thiết kế đồ họa
11561,DCL,thiet-ke-do-hoa,D10,Điểm học bạ,2025,18.0,Thiết kế đồ họa
11562,DCL,thiet-ke-do-hoa,X02,Điểm học bạ,2025,18.0,Thiết kế đồ họa
11563,DCL,thiet-ke-do-hoa,A00,Điểm thi THPT,2025,15.0,Thiết kế đồ họa
11564,DCL,thiet-ke-do-hoa,A01,Điểm thi THPT,2025,15.0,Thiết kế đồ họa
11565,DCL,thiet-ke-do-hoa,A07,Điểm thi THPT,2025,15.0,Thiết kế đồ họa
11566,DCL,thiet-ke-do-hoa,C01,Điểm thi THPT,2025,15.0,Thiết kế đồ họa
11567,DCL,thiet-ke-do-hoa,C04,Điểm thi THPT,2025,15.0,Thiết kế đồ họa
11568,DCL,thiet-ke-do-hoa,D01,Điểm thi THPT,2025,15.0,Thiết kế đồ họa
11569,DCL,thiet-ke-do-hoa,D09,Điểm thi THPT,2025,15.0,Thiết kế đồ họa
11570,DCL,thiet-ke-do-hoa,D10,Điểm thi THPT,2025,15.0,Thiết kế đồ họa
11571,DCL,thiet-ke-do-hoa,X02,Điểm thi THPT,2025,15.0,Thiết kế đồ họa
11572,DCL,thu-y,A00,Điểm thi THPT,2022,15.0,Thú y
11573,DCL,thu-y,A01,Điểm thi THPT,2022,15.0,Thú y
11574,DCL,thu-y,B00,Điểm thi THPT,2022,15.0,Thú y
11575,DCL,thu-y,B03,Điểm thi THPT,2022,15.0,Thú y
11576,DCL,thu-y,A00,Điểm học bạ,2023,6.0,Thú y
11577,DCL,thu-y,A01,Điểm học bạ,2023,6.0,Thú y
11578,DCL,thu-y,B00,Điểm học bạ,2023,6.0,Thú y
11579,DCL,thu-y,B03,Điểm học bạ,2023,6.0,Thú y
11580,DCL,thu-y,A00,Điểm thi THPT,2023,15.0,Thú y
11581,DCL,thu-y,A01,Điểm thi THPT,2023,15.0,Thú y
11582,DCL,thu-y,B00,Điểm thi THPT,2023,15.0,Thú y
11583,DCL,thu-y,B03,Điểm thi THPT,2023,15.0,Thú y
11584,DCL,thu-y,A00,Điểm học bạ,2024,6.0,Thú y
11585,DCL,thu-y,A01,Điểm học bạ,2024,6.0,Thú y
11586,DCL,thu-y,B00,Điểm học bạ,2024,6.0,Thú y
11587,DCL,thu-y,B03,Điểm học bạ,2024,6.0,Thú y
11588,DCL,thu-y,A00,Điểm thi THPT,2024,15.0,Thú y
11589,DCL,thu-y,A01,Điểm thi THPT,2024,15.0,Thú y
11590,DCL,thu-y,B00,Điểm thi THPT,2024,15.0,Thú y
11591,DCL,thu-y,B03,Điểm thi THPT,2024,15.0,Thú y
11592,DCL,thu-y,A00,Điểm học bạ,2025,18.0,Thú y
11593,DCL,thu-y,A01,Điểm học bạ,2025,18.0,Thú y
11594,DCL,thu-y,A02,Điểm học bạ,2025,18.0,Thú y
11595,DCL,thu-y,B00,Điểm học bạ,2025,18.0,Thú y
11596,DCL,thu-y,B03,Điểm học bạ,2025,18.0,Thú y
11597,DCL,thu-y,B08,Điểm học bạ,2025,18.0,Thú y
11598,DCL,thu-y,D01,Điểm học bạ,2025,18.0,Thú y
11599,DCL,thu-y,X12,Điểm học bạ,2025,18.0,Thú y
11600,DCL,thu-y,X16,Điểm học bạ,2025,18.0,Thú y
11601,DCL,thu-y,A00,Điểm thi THPT,2025,15.0,Thú y
11602,DCL,thu-y,A01,Điểm thi THPT,2025,15.0,Thú y
11603,DCL,thu-y,A02,Điểm thi THPT,2025,15.0,Thú y
11604,DCL,thu-y,B00,Điểm thi THPT,2025,15.0,Thú y
11605,DCL,thu-y,B03,Điểm thi THPT,2025,15.0,Thú y
11606,DCL,thu-y,B08,Điểm thi THPT,2025,15.0,Thú y
11607,DCL,thu-y,D01,Điểm thi THPT,2025,15.0,Thú y
11608,DCL,thu-y,X12,Điểm thi THPT,2025,15.0,Thú y
11609,DCL,thu-y,X16,Điểm thi THPT,2025,15.0,Thú y
11610,DCL,tieng-viet-va-van-hoa-viet-nam,C00,Điểm học bạ,2021,6.0,Tiếng Việt và văn hoá Việt Nam
11611,DCL,tieng-viet-va-van-hoa-viet-nam,D01,Điểm học bạ,2021,6.0,Tiếng Việt và văn hoá Việt Nam
11612,DCL,tieng-viet-va-van-hoa-viet-nam,D14,Điểm học bạ,2021,6.0,Tiếng Việt và văn hoá Việt Nam
11613,DCL,tieng-viet-va-van-hoa-viet-nam,D15,Điểm học bạ,2021,6.0,Tiếng Việt và văn hoá Việt Nam
11614,DCL,tieng-viet-va-van-hoa-viet-nam,C00,Điểm thi THPT,2021,15.0,Tiếng Việt và văn hoá Việt Nam
11615,DCL,tieng-viet-va-van-hoa-viet-nam,D01,Điểm thi THPT,2021,15.0,Tiếng Việt và văn hoá Việt Nam
11616,DCL,tieng-viet-va-van-hoa-viet-nam,D14,Điểm thi THPT,2021,15.0,Tiếng Việt và văn hoá Việt Nam
11617,DCL,tieng-viet-va-van-hoa-viet-nam,D15,Điểm thi THPT,2021,15.0,Tiếng Việt và văn hoá Việt Nam
11618,DCL,tieng-viet-va-van-hoa-viet-nam,A01,Điểm học bạ,2025,18.0,Tiếng Việt và Văn hóa Việt Nam
11619,DCL,tieng-viet-va-van-hoa-viet-nam,A03,Điểm học bạ,2025,18.0,Tiếng Việt và Văn hóa Việt Nam
11620,DCL,tieng-viet-va-van-hoa-viet-nam,C00,Điểm học bạ,2025,18.0,Tiếng Việt và Văn hóa Việt Nam
11621,DCL,tieng-viet-va-van-hoa-viet-nam,C01,Điểm học bạ,2025,18.0,Tiếng Việt và Văn hóa Việt Nam
11622,DCL,tieng-viet-va-van-hoa-viet-nam,C03,Điểm học bạ,2025,18.0,Tiếng Việt và Văn hóa Việt Nam
11623,DCL,tieng-viet-va-van-hoa-viet-nam,C04,Điểm học bạ,2025,18.0,Tiếng Việt và Văn hóa Việt Nam
11624,DCL,tieng-viet-va-van-hoa-viet-nam,D01,Điểm học bạ,2025,18.0,Tiếng Việt và Văn hóa Việt Nam
11625,DCL,tieng-viet-va-van-hoa-viet-nam,D14,Điểm học bạ,2025,18.0,Tiếng Việt và Văn hóa Việt Nam
11626,DCL,tieng-viet-va-van-hoa-viet-nam,D15,Điểm học bạ,2025,18.0,Tiếng Việt và Văn hóa Việt Nam
11627,DCL,tieng-viet-va-van-hoa-viet-nam,A01,Điểm thi THPT,2025,15.0,Tiếng Việt và Văn hóa Việt Nam
11628,DCL,tieng-viet-va-van-hoa-viet-nam,A03,Điểm thi THPT,2025,15.0,Tiếng Việt và Văn hóa Việt Nam
11629,DCL,tieng-viet-va-van-hoa-viet-nam,C00,Điểm thi THPT,2025,15.0,Tiếng Việt và Văn hóa Việt Nam
11630,DCL,tieng-viet-va-van-hoa-viet-nam,C01,Điểm thi THPT,2025,15.0,Tiếng Việt và Văn hóa Việt Nam
11631,DCL,tieng-viet-va-van-hoa-viet-nam,C03,Điểm thi THPT,2025,15.0,Tiếng Việt và Văn hóa Việt Nam
11632,DCL,tieng-viet-va-van-hoa-viet-nam,C04,Điểm thi THPT,2025,15.0,Tiếng Việt và Văn hóa Việt Nam
11633,DCL,tieng-viet-va-van-hoa-viet-nam,D01,Điểm thi THPT,2025,15.0,Tiếng Việt và Văn hóa Việt Nam
11634,DCL,tieng-viet-va-van-hoa-viet-nam,D14,Điểm thi THPT,2025,15.0,Tiếng Việt và Văn hóa Việt Nam
11635,DCL,tieng-viet-va-van-hoa-viet-nam,D15,Điểm thi THPT,2025,15.0,Tiếng Việt và Văn hóa Việt Nam
11636,DCL,tieng-viet-van-hoa-viet-nam,C00,Điểm thi THPT,2022,15.0,Tiếng Việt & Văn hóa Việt Nam
11637,DCL,tieng-viet-van-hoa-viet-nam,D01,Điểm thi THPT,2022,15.0,Tiếng Việt & Văn hóa Việt Nam
11638,DCL,tieng-viet-van-hoa-viet-nam,D14,Điểm thi THPT,2022,15.0,Tiếng Việt & Văn hóa Việt Nam
11639,DCL,tieng-viet-van-hoa-viet-nam,D15,Điểm thi THPT,2022,15.0,Tiếng Việt & Văn hóa Việt Nam
11640,DCL,tieng-viet-van-hoa-viet-nam,C00,Điểm học bạ,2023,6.0,Tiếng Việt & Văn hóa Việt Nam
11641,DCL,tieng-viet-van-hoa-viet-nam,D01,Điểm học bạ,2023,6.0,Tiếng Việt & Văn hóa Việt Nam
11642,DCL,tieng-viet-van-hoa-viet-nam,D14,Điểm học bạ,2023,6.0,Tiếng Việt & Văn hóa Việt Nam
11643,DCL,tieng-viet-van-hoa-viet-nam,D15,Điểm học bạ,2023,6.0,Tiếng Việt & Văn hóa Việt Nam
11644,DCL,tieng-viet-van-hoa-viet-nam,C00,Điểm thi THPT,2023,15.0,Tiếng Việt & Văn hóa Việt Nam
11645,DCL,tieng-viet-van-hoa-viet-nam,D01,Điểm thi THPT,2023,15.0,Tiếng Việt & Văn hóa Việt Nam
11646,DCL,tieng-viet-van-hoa-viet-nam,D14,Điểm thi THPT,2023,15.0,Tiếng Việt & Văn hóa Việt Nam
11647,DCL,tieng-viet-van-hoa-viet-nam,D15,Điểm thi THPT,2023,15.0,Tiếng Việt & Văn hóa Việt Nam
11648,DCL,tieng-viet-van-hoa-viet-nam,C00,Điểm học bạ,2024,6.0,Tiếng Việt & Văn hóa Việt Nam
11649,DCL,tieng-viet-van-hoa-viet-nam,D01,Điểm học bạ,2024,6.0,Tiếng Việt & Văn hóa Việt Nam
11650,DCL,tieng-viet-van-hoa-viet-nam,D14,Điểm học bạ,2024,6.0,Tiếng Việt & Văn hóa Việt Nam
11651,DCL,tieng-viet-van-hoa-viet-nam,D15,Điểm học bạ,2024,6.0,Tiếng Việt & Văn hóa Việt Nam
11652,DCL,tieng-viet-van-hoa-viet-nam,C00,Điểm thi THPT,2024,15.0,Tiếng Việt & Văn hóa Việt Nam
11653,DCL,tieng-viet-van-hoa-viet-nam,D01,Điểm thi THPT,2024,15.0,Tiếng Việt & Văn hóa Việt Nam
11654,DCL,tieng-viet-van-hoa-viet-nam,D14,Điểm thi THPT,2024,15.0,Tiếng Việt & Văn hóa Việt Nam
11655,DCL,tieng-viet-van-hoa-viet-nam,D15,Điểm thi THPT,2024,15.0,Tiếng Việt & Văn hóa Việt Nam
11656,DCL,truyen-thong-da-phuong-tien,A00,Điểm học bạ,2025,18.0,Truyền thông đa phương tiện
11657,DCL,truyen-thong-da-phuong-tien,A01,Điểm học bạ,2025,18.0,Truyền thông đa phương tiện
11658,DCL,truyen-thong-da-phuong-tien,C00,Điểm học bạ,2025,18.0,Truyền thông đa phương tiện
11659,DCL,truyen-thong-da-phuong-tien,C01,Điểm học bạ,2025,18.0,Truyền thông đa phương tiện
11660,DCL,truyen-thong-da-phuong-tien,C03,Điểm học bạ,2025,18.0,Truyền thông đa phương tiện
11661,DCL,truyen-thong-da-phuong-tien,C04,Điểm học bạ,2025,18.0,Truyền thông đa phương tiện
11662,DCL,truyen-thong-da-phuong-tien,D01,Điểm học bạ,2025,18.0,Truyền thông đa phương tiện
11663,DCL,truyen-thong-da-phuong-tien,X02,Điểm học bạ,2025,18.0,Truyền thông đa phương tiện
11664,DCL,truyen-thong-da-phuong-tien,X06,Điểm học bạ,2025,18.0,Truyền thông đa phương tiện
11665,DCL,truyen-thong-da-phuong-tien,A00,Điểm thi THPT,2025,15.0,Truyền thông đa phương tiện
11666,DCL,truyen-thong-da-phuong-tien,A01,Điểm thi THPT,2025,15.0,Truyền thông đa phương tiện
11667,DCL,truyen-thong-da-phuong-tien,C00,Điểm thi THPT,2025,15.0,Truyền thông đa phương tiện
11668,DCL,truyen-thong-da-phuong-tien,C01,Điểm thi THPT,2025,15.0,Truyền thông đa phương tiện
11669,DCL,truyen-thong-da-phuong-tien,C03,Điểm thi THPT,2025,15.0,Truyền thông đa phương tiện
11670,DCL,truyen-thong-da-phuong-tien,C04,Điểm thi THPT,2025,15.0,Truyền thông đa phương tiện
11671,DCL,truyen-thong-da-phuong-tien,D01,Điểm thi THPT,2025,15.0,Truyền thông đa phương tiện
11672,DCL,truyen-thong-da-phuong-tien,X02,Điểm thi THPT,2025,15.0,Truyền thông đa phương tiện
11673,DCL,truyen-thong-da-phuong-tien,X06,Điểm thi THPT,2025,15.0,Truyền thông đa phương tiện
11674,DCL,y-hoc-co-truyen,A00,Điểm học bạ,2025,24.0,Y học cổ truyền
11675,DCL,y-hoc-co-truyen,A01,Điểm học bạ,2025,24.0,Y học cổ truyền
11676,DCL,y-hoc-co-truyen,A02,Điểm học bạ,2025,24.0,Y học cổ truyền
11677,DCL,y-hoc-co-truyen,B00,Điểm học bạ,2025,24.0,Y học cổ truyền
11678,DCL,y-hoc-co-truyen,B03,Điểm học bạ,2025,24.0,Y học cổ truyền
11679,DCL,y-hoc-co-truyen,B08,Điểm học bạ,2025,24.0,Y học cổ truyền
11680,DCL,y-hoc-co-truyen,C01,Điểm học bạ,2025,24.0,Y học cổ truyền
11681,DCL,y-hoc-co-truyen,C08,Điểm học bạ,2025,24.0,Y học cổ truyền
11682,DCL,y-hoc-co-truyen,D07,Điểm học bạ,2025,24.0,Y học cổ truyền
11683,DCL,y-hoc-co-truyen,A00,Điểm thi THPT,2025,19.0,Y học cổ truyền
11684,DCL,y-hoc-co-truyen,A01,Điểm thi THPT,2025,19.0,Y học cổ truyền
11685,DCL,y-hoc-co-truyen,A02,Điểm thi THPT,2025,19.0,Y học cổ truyền
11686,DCL,y-hoc-co-truyen,B00,Điểm thi THPT,2025,19.0,Y học cổ truyền
11687,DCL,y-hoc-co-truyen,B03,Điểm thi THPT,2025,19.0,Y học cổ truyền
11688,DCL,y-hoc-co-truyen,B08,Điểm thi THPT,2025,19.0,Y học cổ truyền
11689,DCL,y-hoc-co-truyen,C01,Điểm thi THPT,2025,19.0,Y học cổ truyền
11690,DCL,y-hoc-co-truyen,C08,Điểm thi THPT,2025,19.0,Y học cổ truyền
11691,DCL,y-hoc-co-truyen,D07,Điểm thi THPT,2025,19.0,Y học cổ truyền
11692,DCL,y-khoa,A00,Điểm thi THPT,2024,22.5,Y khoa
11693,DCL,y-khoa,A02,Điểm thi THPT,2024,22.5,Y khoa
11694,DCL,y-khoa,B00,Điểm thi THPT,2024,22.5,Y khoa
11695,DCL,y-khoa,D07,Điểm thi THPT,2024,22.5,Y khoa
11696,DCL,y-khoa,A00,Điểm học bạ,2025,24.0,Y khoa
11697,DCL,y-khoa,A01,Điểm học bạ,2025,24.0,Y khoa
11698,DCL,y-khoa,A02,Điểm học bạ,2025,24.0,Y khoa
11699,DCL,y-khoa,B00,Điểm học bạ,2025,24.0,Y khoa
11700,DCL,y-khoa,B03,Điểm học bạ,2025,24.0,Y khoa
11701,DCL,y-khoa,B08,Điểm học bạ,2025,24.0,Y khoa
11702,DCL,y-khoa,C01,Điểm học bạ,2025,24.0,Y khoa
11703,DCL,y-khoa,C08,Điểm học bạ,2025,24.0,Y khoa
11704,DCL,y-khoa,D07,Điểm học bạ,2025,24.0,Y khoa
11705,DCL,y-khoa,A00,Điểm thi THPT,2025,20.5,Y khoa
11706,DCL,y-khoa,A01,Điểm thi THPT,2025,20.5,Y khoa
11707,DCL,y-khoa,A02,Điểm thi THPT,2025,20.5,Y khoa
11708,DCL,y-khoa,B00,Điểm thi THPT,2025,20.5,Y khoa
11709,DCL,y-khoa,B03,Điểm thi THPT,2025,20.5,Y khoa
11710,DCL,y-khoa,B08,Điểm thi THPT,2025,20.5,Y khoa
11711,DCL,y-khoa,C01,Điểm thi THPT,2025,20.5,Y khoa
11712,DCL,y-khoa,C08,Điểm thi THPT,2025,20.5,Y khoa
11713,DCL,y-khoa,D07,Điểm thi THPT,2025,20.5,Y khoa
11714,DCN,an-toan-thong-tin,A00,Điểm học bạ,2024,28.29,An toàn thông tin
11715,DCN,an-toan-thong-tin,A01,Điểm học bạ,2024,28.29,An toàn thông tin
11716,DCN,an-toan-thong-tin,A00,Điểm thi THPT,2024,24.39,An toàn thông tin
11717,DCN,an-toan-thong-tin,A01,Điểm thi THPT,2024,24.39,An toàn thông tin
11718,DCN,an-toan-thong-tin,A00,Điểm học bạ,2025,23.43,An toàn thông tin
11719,DCN,an-toan-thong-tin,A01,Điểm học bạ,2025,23.43,An toàn thông tin
11720,DCN,an-toan-thong-tin,X06,Điểm học bạ,2025,23.43,An toàn thông tin
11721,DCN,an-toan-thong-tin,X07,Điểm học bạ,2025,23.43,An toàn thông tin
11722,DCN,an-toan-thong-tin,A00,Điểm thi THPT,2025,23.43,An toàn thông tin
11723,DCN,an-toan-thong-tin,A01,Điểm thi THPT,2025,23.43,An toàn thông tin
11724,DCN,an-toan-thong-tin,X06,Điểm thi THPT,2025,23.43,An toàn thông tin
11725,DCN,an-toan-thong-tin,X07,Điểm thi THPT,2025,23.43,An toàn thông tin
11726,DCN,cong-nghe-da-phuong-tien,A00,Điểm học bạ,2022,28.66,Công nghệ đa phương tiện
11727,DCN,cong-nghe-da-phuong-tien,A01,Điểm học bạ,2022,28.66,Công nghệ đa phương tiện
11728,DCN,cong-nghe-da-phuong-tien,A00,Điểm thi THPT,2022,24.75,Công nghệ đa phương tiện
11729,DCN,cong-nghe-da-phuong-tien,A01,Điểm thi THPT,2022,24.75,Công nghệ đa phương tiện
11730,DCN,cong-nghe-da-phuong-tien,A00,Điểm thi THPT,2023,24.63,Công nghệ đa phương tiện
11731,DCN,cong-nghe-da-phuong-tien,A01,Điểm thi THPT,2023,24.63,Công nghệ đa phương tiện
11732,DCN,cong-nghe-da-phuong-tien,A00,Điểm học bạ,2024,27.95,Công nghệ đa phương tiện
11733,DCN,cong-nghe-da-phuong-tien,A01,Điểm học bạ,2024,27.95,Công nghệ đa phương tiện
11734,DCN,cong-nghe-da-phuong-tien,A00,Điểm thi THPT,2024,24.91,Công nghệ đa phương tiện
11735,DCN,cong-nghe-da-phuong-tien,A01,Điểm thi THPT,2024,24.91,Công nghệ đa phương tiện
11736,DCN,cong-nghe-da-phuong-tien,A00,Điểm học bạ,2025,22.25,Công nghệ đa phương tiện
11737,DCN,cong-nghe-da-phuong-tien,A01,Điểm học bạ,2025,22.25,Công nghệ đa phương tiện
11738,DCN,cong-nghe-da-phuong-tien,X06,Điểm học bạ,2025,22.25,Công nghệ đa phương tiện
11739,DCN,cong-nghe-da-phuong-tien,X07,Điểm học bạ,2025,22.25,Công nghệ đa phương tiện
11740,DCN,cong-nghe-da-phuong-tien,A00,Điểm thi THPT,2025,22.25,Công nghệ đa phương tiện
11741,DCN,cong-nghe-da-phuong-tien,A01,Điểm thi THPT,2025,22.25,Công nghệ đa phương tiện
11742,DCN,cong-nghe-da-phuong-tien,X06,Điểm thi THPT,2025,22.25,Công nghệ đa phương tiện
11743,DCN,cong-nghe-da-phuong-tien,X07,Điểm thi THPT,2025,22.25,Công nghệ đa phương tiện
11744,DCN,cong-nghe-det-may,A00,Điểm thi THPT,2021,24.0,"Công nghệ dệt, may"
11745,DCN,cong-nghe-det-may,A01,Điểm thi THPT,2021,24.0,"Công nghệ dệt, may"
11746,DCN,cong-nghe-det-may,D01,Điểm thi THPT,2021,24.0,"Công nghệ dệt, may"
11747,DCN,cong-nghe-det-may,A00,Điểm học bạ,2022,27.04,"Công nghệ dệt, may"
11748,DCN,cong-nghe-det-may,A01,Điểm học bạ,2022,27.04,"Công nghệ dệt, may"
11749,DCN,cong-nghe-det-may,D01,Điểm học bạ,2022,27.04,"Công nghệ dệt, may"
11750,DCN,cong-nghe-det-may,A00,Điểm thi THPT,2022,22.45,"Công nghệ dệt, may"
11751,DCN,cong-nghe-det-may,A01,Điểm thi THPT,2022,22.45,"Công nghệ dệt, may"
11752,DCN,cong-nghe-det-may,D01,Điểm thi THPT,2022,22.45,"Công nghệ dệt, may"
11753,DCN,cong-nghe-det-may,A00,Điểm học bạ,2023,25.1,"Công nghệ dệt, may"
11754,DCN,cong-nghe-det-may,A01,Điểm học bạ,2023,25.1,"Công nghệ dệt, may"
11755,DCN,cong-nghe-det-may,D01,Điểm học bạ,2023,25.1,"Công nghệ dệt, may"
11756,DCN,cong-nghe-det-may,A00,Điểm thi THPT,2023,21.8,"Công nghệ dệt, may"
11757,DCN,cong-nghe-det-may,A01,Điểm thi THPT,2023,21.8,"Công nghệ dệt, may"
11758,DCN,cong-nghe-det-may,D01,Điểm thi THPT,2023,21.8,"Công nghệ dệt, may"
11759,DCN,cong-nghe-det-may,A00,Điểm học bạ,2024,25.74,Công nghệ dệt; may
11760,DCN,cong-nghe-det-may,A01,Điểm học bạ,2024,25.74,Công nghệ dệt; may
11761,DCN,cong-nghe-det-may,D01,Điểm học bạ,2024,25.74,Công nghệ dệt; may
11762,DCN,cong-nghe-det-may,A00,Điểm thi THPT,2024,21.9,"Công nghệ dệt, may"
11763,DCN,cong-nghe-det-may,A01,Điểm thi THPT,2024,21.9,"Công nghệ dệt, may"
11764,DCN,cong-nghe-det-may,D01,Điểm thi THPT,2024,21.9,"Công nghệ dệt, may"
11765,DCN,cong-nghe-det-may,A01,Điểm học bạ,2025,18.0,"Công nghệ dệt, may"
11766,DCN,cong-nghe-det-may,D01,Điểm học bạ,2025,18.0,"Công nghệ dệt, may"
11767,DCN,cong-nghe-det-may,X27,Điểm học bạ,2025,18.0,"Công nghệ dệt, may"
11768,DCN,cong-nghe-det-may,A01,Điểm thi THPT,2025,18.0,"Công nghệ dệt, may"
11769,DCN,cong-nghe-det-may,D01,Điểm thi THPT,2025,18.0,"Công nghệ dệt, may"
11770,DCN,cong-nghe-det-may,X27,Điểm thi THPT,2025,18.0,"Công nghệ dệt, may"
11771,DCN,cong-nghe-ky-thuat-co-dien-tu,A00,Điểm thi THPT,2021,25.35,Công nghệ kỹ thuật cơ điện tử
11772,DCN,cong-nghe-ky-thuat-co-dien-tu,A01,Điểm thi THPT,2021,25.35,Công nghệ kỹ thuật cơ điện tử
11773,DCN,cong-nghe-ky-thuat-co-dien-tu,A00,Điểm học bạ,2022,28.61,Công nghệ kỹ thuật cơ điện tử
11774,DCN,cong-nghe-ky-thuat-co-dien-tu,A01,Điểm học bạ,2022,28.61,Công nghệ kỹ thuật cơ điện tử
11775,DCN,cong-nghe-ky-thuat-co-dien-tu,A00,Điểm thi THPT,2022,24.95,Công nghệ kỹ thuật cơ điện tử
11776,DCN,cong-nghe-ky-thuat-co-dien-tu,A01,Điểm thi THPT,2022,24.95,Công nghệ kỹ thuật cơ điện tử
11777,DCN,cong-nghe-ky-thuat-co-dien-tu,A00,Điểm học bạ,2023,28.55,Công nghệ kỹ thuật cơ điện tử
11778,DCN,cong-nghe-ky-thuat-co-dien-tu,A01,Điểm học bạ,2023,28.55,Công nghệ kỹ thuật cơ điện tử
11779,DCN,cong-nghe-ky-thuat-co-dien-tu,A00,Điểm thi THPT,2023,24.63,Công nghệ kỹ thuật cơ điện tử
11780,DCN,cong-nghe-ky-thuat-co-dien-tu,A01,Điểm thi THPT,2023,24.63,Công nghệ kỹ thuật cơ điện tử
11781,DCN,cong-nghe-ky-thuat-co-dien-tu,A00,Điểm học bạ,2024,28.71,Công nghệ kỹ thuật cơ điện tử
11782,DCN,cong-nghe-ky-thuat-co-dien-tu,A01,Điểm học bạ,2024,28.71,Công nghệ kỹ thuật cơ điện tử
11783,DCN,cong-nghe-ky-thuat-co-dien-tu,A00,Điểm thi THPT,2024,25.41,Công nghệ kỹ thuật cơ điện tử
11784,DCN,cong-nghe-ky-thuat-co-dien-tu,A01,Điểm thi THPT,2024,25.41,Công nghệ kỹ thuật cơ điện tử
11785,DCN,cong-nghe-ky-thuat-co-dien-tu,A00,Điểm học bạ,2025,25.17,Công nghệ kỹ thuật cơ điện tử
11786,DCN,cong-nghe-ky-thuat-co-dien-tu,A01,Điểm học bạ,2025,25.17,Công nghệ kỹ thuật cơ điện tử
11787,DCN,cong-nghe-ky-thuat-co-dien-tu,X06,Điểm học bạ,2025,25.17,Công nghệ kỹ thuật cơ điện tử
11788,DCN,cong-nghe-ky-thuat-co-dien-tu,X07,Điểm học bạ,2025,25.17,Công nghệ kỹ thuật cơ điện tử
11789,DCN,cong-nghe-ky-thuat-co-dien-tu,A00,Điểm thi THPT,2025,25.17,Công nghệ kỹ thuật cơ điện tử
11790,DCN,cong-nghe-ky-thuat-co-dien-tu,A01,Điểm thi THPT,2025,25.17,Công nghệ kỹ thuật cơ điện tử
11791,DCN,cong-nghe-ky-thuat-co-dien-tu,X06,Điểm thi THPT,2025,25.17,Công nghệ kỹ thuật cơ điện tử
11792,DCN,cong-nghe-ky-thuat-co-dien-tu,X07,Điểm thi THPT,2025,25.17,Công nghệ kỹ thuật cơ điện tử
11793,DCN,cong-nghe-ky-thuat-co-dien-tu-o-to,A00,Điểm học bạ,2022,28.37,Công nghệ kỹ thuật cơ điện tử ô tô
11794,DCN,cong-nghe-ky-thuat-co-dien-tu-o-to,A01,Điểm học bạ,2022,28.37,Công nghệ kỹ thuật cơ điện tử ô tô
11795,DCN,cong-nghe-ky-thuat-co-dien-tu-o-to,A00,Điểm thi THPT,2022,23.55,Công nghệ kỹ thuật cơ điện tử ô tô
11796,DCN,cong-nghe-ky-thuat-co-dien-tu-o-to,A01,Điểm thi THPT,2022,23.55,Công nghệ kỹ thuật cơ điện tử ô tô
11797,DCN,cong-nghe-ky-thuat-co-dien-tu-o-to,A00,Điểm học bạ,2023,27.65,Công nghệ kỹ thuật cơ điện tử ô tô
11798,DCN,cong-nghe-ky-thuat-co-dien-tu-o-to,A01,Điểm học bạ,2023,27.65,Công nghệ kỹ thuật cơ điện tử ô tô
11799,DCN,cong-nghe-ky-thuat-co-dien-tu-o-to,A00,Điểm thi THPT,2023,24.17,Công nghệ kỹ thuật cơ điện tử ô tô
11800,DCN,cong-nghe-ky-thuat-co-dien-tu-o-to,A01,Điểm thi THPT,2023,24.17,Công nghệ kỹ thuật cơ điện tử ô tô
11801,DCN,cong-nghe-ky-thuat-co-dien-tu-o-to,A00,Điểm học bạ,2024,27.84,Công nghệ kỹ thuật cơ điện tử ô tô
11802,DCN,cong-nghe-ky-thuat-co-dien-tu-o-to,A01,Điểm học bạ,2024,27.84,Công nghệ kỹ thuật cơ điện tử ô tô
11803,DCN,cong-nghe-ky-thuat-co-dien-tu-o-to,A00,Điểm thi THPT,2024,24.97,Công nghệ kỹ thuật cơ điện tử ô tô
11804,DCN,cong-nghe-ky-thuat-co-dien-tu-o-to,A01,Điểm thi THPT,2024,24.97,Công nghệ kỹ thuật cơ điện tử ô tô
11805,DCN,cong-nghe-ky-thuat-co-dien-tu-o-to,A00,Điểm học bạ,2025,23.93,Công nghệ kỹ thuật cơ điện tử ô tô
11806,DCN,cong-nghe-ky-thuat-co-dien-tu-o-to,A01,Điểm học bạ,2025,23.93,Công nghệ kỹ thuật cơ điện tử ô tô
11807,DCN,cong-nghe-ky-thuat-co-dien-tu-o-to,X06,Điểm học bạ,2025,23.93,Công nghệ kỹ thuật cơ điện tử ô tô
11808,DCN,cong-nghe-ky-thuat-co-dien-tu-o-to,X07,Điểm học bạ,2025,23.93,Công nghệ kỹ thuật cơ điện tử ô tô
11809,DCN,cong-nghe-ky-thuat-co-dien-tu-o-to,A00,Điểm thi THPT,2025,23.93,Công nghệ kỹ thuật cơ điện tử ô tô
11810,DCN,cong-nghe-ky-thuat-co-dien-tu-o-to,A01,Điểm thi THPT,2025,23.93,Công nghệ kỹ thuật cơ điện tử ô tô
11811,DCN,cong-nghe-ky-thuat-co-dien-tu-o-to,X06,Điểm thi THPT,2025,23.93,Công nghệ kỹ thuật cơ điện tử ô tô
11812,DCN,cong-nghe-ky-thuat-co-dien-tu-o-to,X07,Điểm thi THPT,2025,23.93,Công nghệ kỹ thuật cơ điện tử ô tô
11813,DCN,cong-nghe-ky-thuat-co-khi,A00,Điểm thi THPT,2021,24.35,Công nghệ kỹ thuật cơ khí
11814,DCN,cong-nghe-ky-thuat-co-khi,A01,Điểm thi THPT,2021,24.35,Công nghệ kỹ thuật cơ khí
11815,DCN,cong-nghe-ky-thuat-co-khi,A00,Điểm học bạ,2022,28.05,Công nghệ kỹ thuật cơ khí
11816,DCN,cong-nghe-ky-thuat-co-khi,A01,Điểm học bạ,2022,28.05,Công nghệ kỹ thuật cơ khí
11817,DCN,cong-nghe-ky-thuat-co-khi,A00,Điểm thi THPT,2022,23.25,Công nghệ kỹ thuật cơ khí
11818,DCN,cong-nghe-ky-thuat-co-khi,A01,Điểm thi THPT,2022,23.25,Công nghệ kỹ thuật cơ khí
11819,DCN,cong-nghe-ky-thuat-co-khi,A00,Điểm học bạ,2023,27.63,Công nghệ kỹ thuật cơ khí
11820,DCN,cong-nghe-ky-thuat-co-khi,A01,Điểm học bạ,2023,27.63,Công nghệ kỹ thuật cơ khí
11821,DCN,cong-nghe-ky-thuat-co-khi,A00,Điểm thi THPT,2023,23.42,Công nghệ kỹ thuật cơ khí
11822,DCN,cong-nghe-ky-thuat-co-khi,A01,Điểm thi THPT,2023,23.42,Công nghệ kỹ thuật cơ khí
11823,DCN,cong-nghe-ky-thuat-co-khi,A00,Điểm học bạ,2024,27.75,Công nghệ kỹ thuật cơ khí
11824,DCN,cong-nghe-ky-thuat-co-khi,A01,Điểm học bạ,2024,27.75,Công nghệ kỹ thuật cơ khí
11825,DCN,cong-nghe-ky-thuat-co-khi,A00,Điểm thi THPT,2024,24.35,Công nghệ kỹ thuật cơ khí
11826,DCN,cong-nghe-ky-thuat-co-khi,A01,Điểm thi THPT,2024,24.35,Công nghệ kỹ thuật cơ khí
11827,DCN,cong-nghe-ky-thuat-co-khi,A00,Điểm học bạ,2025,23.72,Công nghệ kỹ thuật cơ khí
11828,DCN,cong-nghe-ky-thuat-co-khi,A01,Điểm học bạ,2025,23.72,Công nghệ kỹ thuật cơ khí
11829,DCN,cong-nghe-ky-thuat-co-khi,X06,Điểm học bạ,2025,23.72,Công nghệ kỹ thuật cơ khí
11830,DCN,cong-nghe-ky-thuat-co-khi,X07,Điểm học bạ,2025,23.72,Công nghệ kỹ thuật cơ khí
11831,DCN,cong-nghe-ky-thuat-co-khi,A00,Điểm thi THPT,2025,23.72,Công nghệ kỹ thuật cơ khí
11832,DCN,cong-nghe-ky-thuat-co-khi,A01,Điểm thi THPT,2025,23.72,Công nghệ kỹ thuật cơ khí
11833,DCN,cong-nghe-ky-thuat-co-khi,X06,Điểm thi THPT,2025,23.72,Công nghệ kỹ thuật cơ khí
11834,DCN,cong-nghe-ky-thuat-co-khi,X07,Điểm thi THPT,2025,23.72,Công nghệ kỹ thuật cơ khí
11835,DCN,cong-nghe-ky-thuat-dien-dien-tu,A00,Điểm thi THPT,2021,24.6,"Công nghệ kỹ thuật điện, điện tử"
11836,DCN,cong-nghe-ky-thuat-dien-dien-tu,A01,Điểm thi THPT,2021,24.6,"Công nghệ kỹ thuật điện, điện tử"
11837,DCN,cong-nghe-ky-thuat-dien-dien-tu,A00,Điểm học bạ,2022,28.18,"Công nghệ kỹ thuật điện, điện tử"
11838,DCN,cong-nghe-ky-thuat-dien-dien-tu,A01,Điểm học bạ,2022,28.18,"Công nghệ kỹ thuật điện, điện tử"
11839,DCN,cong-nghe-ky-thuat-dien-dien-tu,A00,Điểm thi THPT,2022,23.55,"Công nghệ kỹ thuật điện, điện tử"
11840,DCN,cong-nghe-ky-thuat-dien-dien-tu,A01,Điểm thi THPT,2022,23.55,"Công nghệ kỹ thuật điện, điện tử"
11841,DCN,cong-nghe-ky-thuat-dien-dien-tu,A00,Điểm học bạ,2023,27.52,"Công nghệ kỹ thuật điện, điện tử"
11842,DCN,cong-nghe-ky-thuat-dien-dien-tu,A01,Điểm học bạ,2023,27.52,"Công nghệ kỹ thuật điện, điện tử"
11843,DCN,cong-nghe-ky-thuat-dien-dien-tu,A00,Điểm thi THPT,2023,23.81,"Công nghệ kỹ thuật điện, điện tử"
11844,DCN,cong-nghe-ky-thuat-dien-dien-tu,A01,Điểm thi THPT,2023,23.81,"Công nghệ kỹ thuật điện, điện tử"
11845,DCN,cong-nghe-ky-thuat-dien-dien-tu,A00,Điểm học bạ,2024,27.8,Công nghệ kỹ thuật điện; điện tử
11846,DCN,cong-nghe-ky-thuat-dien-dien-tu,A01,Điểm học bạ,2024,27.8,Công nghệ kỹ thuật điện; điện tử
11847,DCN,cong-nghe-ky-thuat-dien-dien-tu,A00,Điểm thi THPT,2024,24.51,"Công nghệ kỹ thuật điện, điện tử"
11848,DCN,cong-nghe-ky-thuat-dien-dien-tu,A01,Điểm thi THPT,2024,24.51,"Công nghệ kỹ thuật điện, điện tử"
11849,DCN,cong-nghe-ky-thuat-dien-dien-tu,A00,Điểm học bạ,2025,23.93,"Công nghệ kỹ thuật điện, điện tử"
11850,DCN,cong-nghe-ky-thuat-dien-dien-tu,A01,Điểm học bạ,2025,23.93,"Công nghệ kỹ thuật điện, điện tử"
11851,DCN,cong-nghe-ky-thuat-dien-dien-tu,X06,Điểm học bạ,2025,23.93,"Công nghệ kỹ thuật điện, điện tử"
11852,DCN,cong-nghe-ky-thuat-dien-dien-tu,X07,Điểm học bạ,2025,23.93,"Công nghệ kỹ thuật điện, điện tử"
11853,DCN,cong-nghe-ky-thuat-dien-dien-tu,A00,Điểm thi THPT,2025,23.93,"Công nghệ kỹ thuật điện, điện tử"
11854,DCN,cong-nghe-ky-thuat-dien-dien-tu,A01,Điểm thi THPT,2025,23.93,"Công nghệ kỹ thuật điện, điện tử"
11855,DCN,cong-nghe-ky-thuat-dien-dien-tu,X06,Điểm thi THPT,2025,23.93,"Công nghệ kỹ thuật điện, điện tử"
11856,DCN,cong-nghe-ky-thuat-dien-dien-tu,X07,Điểm thi THPT,2025,23.93,"Công nghệ kỹ thuật điện, điện tử"
11857,DCN,cong-nghe-ky-thuat-dien-tu-vien-thong,A00,Điểm thi THPT,2021,24.25,Công nghệ kỹ thuật điện tử - viễn thông
11858,DCN,cong-nghe-ky-thuat-dien-tu-vien-thong,A01,Điểm thi THPT,2021,24.25,Công nghệ kỹ thuật điện tử - viễn thông
11859,DCN,cong-nghe-ky-thuat-dien-tu-vien-thong,A00,Điểm học bạ,2022,28.27,Công nghệ kỹ thuật điện tử - viễn thông
11860,DCN,cong-nghe-ky-thuat-dien-tu-vien-thong,A01,Điểm học bạ,2022,28.27,Công nghệ kỹ thuật điện tử - viễn thông
11861,DCN,cong-nghe-ky-thuat-dien-tu-vien-thong,A00,Điểm thi THPT,2022,23.05,Công nghệ kỹ thuật điện tử - viễn thông
11862,DCN,cong-nghe-ky-thuat-dien-tu-vien-thong,A01,Điểm thi THPT,2022,23.05,Công nghệ kỹ thuật điện tử - viễn thông
11863,DCN,cong-nghe-ky-thuat-dien-tu-vien-thong,A00,Điểm học bạ,2023,27.6,Công nghệ kỹ thuật điện tử - viễn thông
11864,DCN,cong-nghe-ky-thuat-dien-tu-vien-thong,A01,Điểm học bạ,2023,27.6,Công nghệ kỹ thuật điện tử - viễn thông
11865,DCN,cong-nghe-ky-thuat-dien-tu-vien-thong,A00,Điểm thi THPT,2023,23.65,Công nghệ kỹ thuật điện tử -viễn thông
11866,DCN,cong-nghe-ky-thuat-dien-tu-vien-thong,A01,Điểm thi THPT,2023,23.65,Công nghệ kỹ thuật điện tử -viễn thông
11867,DCN,cong-nghe-ky-thuat-dien-tu-vien-thong,A00,Điểm học bạ,2024,27.92,Công nghệ kỹ thuật điện tử - viễn thông
11868,DCN,cong-nghe-ky-thuat-dien-tu-vien-thong,A01,Điểm học bạ,2024,27.92,Công nghệ kỹ thuật điện tử - viễn thông
11869,DCN,cong-nghe-ky-thuat-dien-tu-vien-thong,A00,Điểm thi THPT,2024,24.4,Công nghệ kỹ thuật điện tử - viễn thông
11870,DCN,cong-nghe-ky-thuat-dien-tu-vien-thong,A01,Điểm thi THPT,2024,24.4,Công nghệ kỹ thuật điện tử - viễn thông
11871,DCN,cong-nghe-ky-thuat-dien-tu-vien-thong,A00,Điểm học bạ,2025,22.75,Công nghệ kỹ thuật điện tử - viễn thông
11872,DCN,cong-nghe-ky-thuat-dien-tu-vien-thong,A01,Điểm học bạ,2025,22.75,Công nghệ kỹ thuật điện tử - viễn thông
11873,DCN,cong-nghe-ky-thuat-dien-tu-vien-thong,X06,Điểm học bạ,2025,22.75,Công nghệ kỹ thuật điện tử - viễn thông
11874,DCN,cong-nghe-ky-thuat-dien-tu-vien-thong,X07,Điểm học bạ,2025,22.75,Công nghệ kỹ thuật điện tử - viễn thông
11875,DCN,cong-nghe-ky-thuat-dien-tu-vien-thong,A00,Điểm thi THPT,2025,22.75,Công nghệ kỹ thuật điện tử - viễn thông
11876,DCN,cong-nghe-ky-thuat-dien-tu-vien-thong,A01,Điểm thi THPT,2025,22.75,Công nghệ kỹ thuật điện tử - viễn thông
11877,DCN,cong-nghe-ky-thuat-dien-tu-vien-thong,X06,Điểm thi THPT,2025,22.75,Công nghệ kỹ thuật điện tử - viễn thông
11878,DCN,cong-nghe-ky-thuat-dien-tu-vien-thong,X07,Điểm thi THPT,2025,22.75,Công nghệ kỹ thuật điện tử - viễn thông
11879,DCN,cong-nghe-ky-thuat-dien-tu-y-sinh,A00,Điểm học bạ,2023,26.68,Công nghệ kỹ thuật điện tử y sinh
11880,DCN,cong-nghe-ky-thuat-dien-tu-y-sinh,A01,Điểm học bạ,2023,26.68,Công nghệ kỹ thuật điện tử y sinh
11881,DCN,cong-nghe-ky-thuat-dien-tu-y-sinh,A00,Điểm thi THPT,2023,19.0,Công nghệ kỹ thuật điện tử y sinh
11882,DCN,cong-nghe-ky-thuat-dien-tu-y-sinh,A01,Điểm thi THPT,2023,19.0,Công nghệ kỹ thuật điện tử y sinh
11883,DCN,cong-nghe-ky-thuat-dien-tu-y-sinh,A00,Điểm học bạ,2024,27.2,Công nghệ kỹ thuật điện tử y sinh
11884,DCN,cong-nghe-ky-thuat-dien-tu-y-sinh,A01,Điểm học bạ,2024,27.2,Công nghệ kỹ thuật điện tử y sinh
11885,DCN,cong-nghe-ky-thuat-dien-tu-y-sinh,A00,Điểm thi THPT,2024,21.4,Công nghệ kỹ thuật điện tử y sinh
11886,DCN,cong-nghe-ky-thuat-dien-tu-y-sinh,A01,Điểm thi THPT,2024,21.4,Công nghệ kỹ thuật điện tử y sinh
11887,DCN,cong-nghe-ky-thuat-dien-tu-y-sinh,A00,Điểm học bạ,2025,20.6,Công nghệ kỹ thuật điện tử y sinh
11888,DCN,cong-nghe-ky-thuat-dien-tu-y-sinh,A01,Điểm học bạ,2025,20.6,Công nghệ kỹ thuật điện tử y sinh
11889,DCN,cong-nghe-ky-thuat-dien-tu-y-sinh,X06,Điểm học bạ,2025,20.6,Công nghệ kỹ thuật điện tử y sinh
11890,DCN,cong-nghe-ky-thuat-dien-tu-y-sinh,X07,Điểm học bạ,2025,20.6,Công nghệ kỹ thuật điện tử y sinh
11891,DCN,cong-nghe-ky-thuat-dien-tu-y-sinh,A00,Điểm thi THPT,2025,20.6,Công nghệ kỹ thuật điện tử y sinh
11892,DCN,cong-nghe-ky-thuat-dien-tu-y-sinh,A01,Điểm thi THPT,2025,20.6,Công nghệ kỹ thuật điện tử y sinh
11893,DCN,cong-nghe-ky-thuat-dien-tu-y-sinh,X06,Điểm thi THPT,2025,20.6,Công nghệ kỹ thuật điện tử y sinh
11894,DCN,cong-nghe-ky-thuat-dien-tu-y-sinh,X07,Điểm thi THPT,2025,20.6,Công nghệ kỹ thuật điện tử y sinh
11895,DCN,cong-nghe-ky-thuat-dieu-khien-va-tdh,A00,Điểm thi THPT,2021,26.0,Công nghệ kỹ thuật điều khiển và TĐH
11896,DCN,cong-nghe-ky-thuat-dieu-khien-va-tdh,A01,Điểm thi THPT,2021,26.0,Công nghệ kỹ thuật điều khiển và TĐH
11897,DCN,cong-nghe-ky-thuat-dieu-khien-va-tdh,A00,Điểm học bạ,2022,29.09,Công nghệ kỹ thuật điều khiển và TĐH
11898,DCN,cong-nghe-ky-thuat-dieu-khien-va-tdh,A01,Điểm học bạ,2022,29.09,Công nghệ kỹ thuật điều khiển và TĐH
11899,DCN,cong-nghe-ky-thuat-dieu-khien-va-tdh,A00,Điểm thi THPT,2022,25.85,Công nghệ kỹ thuật điều khiển và TĐH
11900,DCN,cong-nghe-ky-thuat-dieu-khien-va-tdh,A01,Điểm thi THPT,2022,25.85,Công nghệ kỹ thuật điều khiển và TĐH
11901,DCN,cong-nghe-ky-thuat-dieu-khien-va-tu-dong-hoa,A00,Điểm học bạ,2023,28.94,Công nghệ kỹ thuật điều khiển và tự động hóa
11902,DCN,cong-nghe-ky-thuat-dieu-khien-va-tu-dong-hoa,A01,Điểm học bạ,2023,28.94,Công nghệ kỹ thuật điều khiển và tự động hóa
11903,DCN,cong-nghe-ky-thuat-dieu-khien-va-tu-dong-hoa,A00,Điểm thi THPT,2023,25.47,Công nghệ kỹ thuật điều khiển và tự động hóa
11904,DCN,cong-nghe-ky-thuat-dieu-khien-va-tu-dong-hoa,A01,Điểm thi THPT,2023,25.47,Công nghệ kỹ thuật điều khiển và tự động hóa
11905,DCN,cong-nghe-ky-thuat-dieu-khien-va-tu-dong-hoa,A00,Điểm học bạ,2024,28.97,Công nghệ kỹ thuật điều khiển và tự động hóa
11906,DCN,cong-nghe-ky-thuat-dieu-khien-va-tu-dong-hoa,A01,Điểm học bạ,2024,28.97,Công nghệ kỹ thuật điều khiển và tự động hóa
11907,DCN,cong-nghe-ky-thuat-dieu-khien-va-tu-dong-hoa,A00,Điểm thi THPT,2024,26.05,Công nghệ kỹ thuật điều khiển và tự động hóa
11908,DCN,cong-nghe-ky-thuat-dieu-khien-va-tu-dong-hoa,A01,Điểm thi THPT,2024,26.05,Công nghệ kỹ thuật điều khiển và tự động hóa
11909,DCN,cong-nghe-ky-thuat-dieu-khien-va-tu-dong-hoa,A00,Điểm học bạ,2025,26.27,Công nghệ kỹ thuật điều khiển và tự động hóa
11910,DCN,cong-nghe-ky-thuat-dieu-khien-va-tu-dong-hoa,A01,Điểm học bạ,2025,26.27,Công nghệ kỹ thuật điều khiển và tự động hóa
11911,DCN,cong-nghe-ky-thuat-dieu-khien-va-tu-dong-hoa,X06,Điểm học bạ,2025,26.27,Công nghệ kỹ thuật điều khiển và tự động hóa
11912,DCN,cong-nghe-ky-thuat-dieu-khien-va-tu-dong-hoa,X07,Điểm học bạ,2025,26.27,Công nghệ kỹ thuật điều khiển và tự động hóa
11913,DCN,cong-nghe-ky-thuat-dieu-khien-va-tu-dong-hoa,A00,Điểm thi THPT,2025,26.27,Công nghệ kỹ thuật điều khiển và tự động hóa
11914,DCN,cong-nghe-ky-thuat-dieu-khien-va-tu-dong-hoa,A01,Điểm thi THPT,2025,26.27,Công nghệ kỹ thuật điều khiển và tự động hóa
11915,DCN,cong-nghe-ky-thuat-dieu-khien-va-tu-dong-hoa,X06,Điểm thi THPT,2025,26.27,Công nghệ kỹ thuật điều khiển và tự động hóa
11916,DCN,cong-nghe-ky-thuat-dieu-khien-va-tu-dong-hoa,X07,Điểm thi THPT,2025,26.27,Công nghệ kỹ thuật điều khiển và tự động hóa
11917,DCN,cong-nghe-ky-thuat-hoa-hoc,A00,Điểm thi THPT,2021,22.05,Công nghệ kỹ thuật hoá học
11918,DCN,cong-nghe-ky-thuat-hoa-hoc,B00,Điểm thi THPT,2021,22.05,Công nghệ kỹ thuật hoá học
11919,DCN,cong-nghe-ky-thuat-hoa-hoc,D01,Điểm thi THPT,2021,22.05,Công nghệ kỹ thuật hoá học
11920,DCN,cong-nghe-ky-thuat-hoa-hoc,D07,Điểm thi THPT,2021,22.05,Công nghệ kỹ thuật hoá học
11921,DCN,cong-nghe-ky-thuat-hoa-hoc,A00,Điểm học bạ,2022,26.64,Công nghệ kỹ thuật hoá học
11922,DCN,cong-nghe-ky-thuat-hoa-hoc,B00,Điểm học bạ,2022,26.64,Công nghệ kỹ thuật hoá học
11923,DCN,cong-nghe-ky-thuat-hoa-hoc,D07,Điểm học bạ,2022,26.64,Công nghệ kỹ thuật hoá học
11924,DCN,cong-nghe-ky-thuat-hoa-hoc,A00,Điểm thi THPT,2022,19.95,Công nghệ kỹ thuật hoá học
11925,DCN,cong-nghe-ky-thuat-hoa-hoc,B00,Điểm thi THPT,2022,19.95,Công nghệ kỹ thuật hoá học
11926,DCN,cong-nghe-ky-thuat-hoa-hoc,D07,Điểm thi THPT,2022,19.95,Công nghệ kỹ thuật hoá học
11927,DCN,cong-nghe-ky-thuat-hoa-hoc,A00,Điểm học bạ,2023,26.8,Công nghệ kỹ thuật hoá học
11928,DCN,cong-nghe-ky-thuat-hoa-hoc,A01,Điểm học bạ,2023,26.8,Công nghệ kỹ thuật hoá học
11929,DCN,cong-nghe-ky-thuat-hoa-hoc,A00,Điểm thi THPT,2023,20.35,Công nghệ kỹ thuật hoá học
11930,DCN,cong-nghe-ky-thuat-hoa-hoc,B00,Điểm thi THPT,2023,20.35,Công nghệ kỹ thuật hoá học
11931,DCN,cong-nghe-ky-thuat-hoa-hoc,D07,Điểm thi THPT,2023,20.35,Công nghệ kỹ thuật hoá học
11932,DCN,cong-nghe-ky-thuat-hoa-hoc,A00,Điểm học bạ,2024,26.91,Công nghệ kỹ thuật hóa học
11933,DCN,cong-nghe-ky-thuat-hoa-hoc,B00,Điểm học bạ,2024,26.91,Công nghệ kỹ thuật hóa học
11934,DCN,cong-nghe-ky-thuat-hoa-hoc,D07,Điểm học bạ,2024,26.91,Công nghệ kỹ thuật hóa học
11935,DCN,cong-nghe-ky-thuat-hoa-hoc,A00,Điểm thi THPT,2024,19.0,Công nghệ kỹ thuật hoá học
11936,DCN,cong-nghe-ky-thuat-hoa-hoc,B00,Điểm thi THPT,2024,19.0,Công nghệ kỹ thuật hoá học
11937,DCN,cong-nghe-ky-thuat-hoa-hoc,D07,Điểm thi THPT,2024,19.0,Công nghệ kỹ thuật hoá học
11938,DCN,cong-nghe-ky-thuat-hoa-hoc,A00,Điểm học bạ,2025,20.25,Công nghệ kỹ thuật hóa học
11939,DCN,cong-nghe-ky-thuat-hoa-hoc,B00,Điểm học bạ,2025,20.25,Công nghệ kỹ thuật hóa học
11940,DCN,cong-nghe-ky-thuat-hoa-hoc,C02,Điểm học bạ,2025,20.25,Công nghệ kỹ thuật hóa học
11941,DCN,cong-nghe-ky-thuat-hoa-hoc,D07,Điểm học bạ,2025,20.25,Công nghệ kỹ thuật hóa học
11942,DCN,cong-nghe-ky-thuat-hoa-hoc,A00,Điểm thi THPT,2025,20.25,Công nghệ kỹ thuật hóa học
11943,DCN,cong-nghe-ky-thuat-hoa-hoc,B00,Điểm thi THPT,2025,20.25,Công nghệ kỹ thuật hóa học
11944,DCN,cong-nghe-ky-thuat-hoa-hoc,C02,Điểm thi THPT,2025,20.25,Công nghệ kỹ thuật hóa học
11945,DCN,cong-nghe-ky-thuat-hoa-hoc,D07,Điểm thi THPT,2025,20.25,Công nghệ kỹ thuật hóa học
11946,DCN,cong-nghe-ky-thuat-khuon-mau,A00,Điểm thi THPT,2021,23.45,Công nghệ kỹ thuật khuôn mẫu
11947,DCN,cong-nghe-ky-thuat-khuon-mau,A01,Điểm thi THPT,2021,23.45,Công nghệ kỹ thuật khuôn mẫu
11948,DCN,cong-nghe-ky-thuat-khuon-mau,A00,Điểm học bạ,2022,27.19,Công nghệ kỹ thuật khuôn mẫu
11949,DCN,cong-nghe-ky-thuat-khuon-mau,A01,Điểm học bạ,2022,27.19,Công nghệ kỹ thuật khuôn mẫu
11950,DCN,cong-nghe-ky-thuat-khuon-mau,A00,Điểm thi THPT,2022,20.6,Công nghệ kỹ thuật khuôn mẫu
11951,DCN,cong-nghe-ky-thuat-khuon-mau,A01,Điểm thi THPT,2022,20.6,Công nghệ kỹ thuật khuôn mẫu
11952,DCN,cong-nghe-ky-thuat-khuon-mau,A00,Điểm học bạ,2023,26.4,Công nghệ kỹ thuật khuôn mẫu
11953,DCN,cong-nghe-ky-thuat-khuon-mau,A01,Điểm học bạ,2023,26.4,Công nghệ kỹ thuật khuôn mẫu
11954,DCN,cong-nghe-ky-thuat-khuon-mau,D01,Điểm học bạ,2023,26.4,Công nghệ kỹ thuật khuôn mẫu
11955,DCN,cong-nghe-ky-thuat-khuon-mau,A00,Điểm thi THPT,2023,21.9,Công nghệ kỹ thuật khuôn mẫu
11956,DCN,cong-nghe-ky-thuat-khuon-mau,A01,Điểm thi THPT,2023,21.9,Công nghệ kỹ thuật khuôn mẫu
11957,DCN,cong-nghe-ky-thuat-khuon-mau,A00,Điểm học bạ,2024,26.73,Công nghệ kỹ thuật khuôn mẫu
11958,DCN,cong-nghe-ky-thuat-khuon-mau,A01,Điểm học bạ,2024,26.73,Công nghệ kỹ thuật khuôn mẫu
11959,DCN,cong-nghe-ky-thuat-khuon-mau,A00,Điểm thi THPT,2024,23.19,Công nghệ kỹ thuật khuôn mẫu
11960,DCN,cong-nghe-ky-thuat-khuon-mau,A01,Điểm thi THPT,2024,23.19,Công nghệ kỹ thuật khuôn mẫu
11961,DCN,cong-nghe-ky-thuat-khuon-mau,A00,Điểm học bạ,2025,22.5,Công nghệ kỹ thuật khuôn mẫu
11962,DCN,cong-nghe-ky-thuat-khuon-mau,A01,Điểm học bạ,2025,22.5,Công nghệ kỹ thuật khuôn mẫu
11963,DCN,cong-nghe-ky-thuat-khuon-mau,X06,Điểm học bạ,2025,22.5,Công nghệ kỹ thuật khuôn mẫu
11964,DCN,cong-nghe-ky-thuat-khuon-mau,X07,Điểm học bạ,2025,22.5,Công nghệ kỹ thuật khuôn mẫu
11965,DCN,cong-nghe-ky-thuat-khuon-mau,A00,Điểm thi THPT,2025,22.5,Công nghệ kỹ thuật khuôn mẫu
11966,DCN,cong-nghe-ky-thuat-khuon-mau,A01,Điểm thi THPT,2025,22.5,Công nghệ kỹ thuật khuôn mẫu
11967,DCN,cong-nghe-ky-thuat-khuon-mau,X06,Điểm thi THPT,2025,22.5,Công nghệ kỹ thuật khuôn mẫu
11968,DCN,cong-nghe-ky-thuat-khuon-mau,X07,Điểm thi THPT,2025,22.5,Công nghệ kỹ thuật khuôn mẫu
11969,DCN,cong-nghe-ky-thuat-may-tinh,A00,Điểm thi THPT,2021,25.1,Công nghệ kỹ thuật máy tính
11970,DCN,cong-nghe-ky-thuat-may-tinh,A01,Điểm thi THPT,2021,25.1,Công nghệ kỹ thuật máy tính
11971,DCN,cong-nghe-ky-thuat-may-tinh,A00,Điểm học bạ,2022,28.49,Công nghệ kỹ thuật máy tính
11972,DCN,cong-nghe-ky-thuat-may-tinh,A01,Điểm học bạ,2022,28.49,Công nghệ kỹ thuật máy tính
11973,DCN,cong-nghe-ky-thuat-may-tinh,A00,Điểm thi THPT,2022,24.7,Công nghệ kỹ thuật máy tính
11974,DCN,cong-nghe-ky-thuat-may-tinh,A01,Điểm thi THPT,2022,24.7,Công nghệ kỹ thuật máy tính
11975,DCN,cong-nghe-ky-thuat-may-tinh,A00,Điểm học bạ,2023,28.13,Công nghệ kỹ thuật máy tính
11976,DCN,cong-nghe-ky-thuat-may-tinh,A01,Điểm học bạ,2023,28.13,Công nghệ kỹ thuật máy tính
11977,DCN,cong-nghe-ky-thuat-may-tinh,A00,Điểm thi THPT,2023,24.3,Công nghệ kỹ thuật máy tính
11978,DCN,cong-nghe-ky-thuat-may-tinh,A01,Điểm thi THPT,2023,24.3,Công nghệ kỹ thuật máy tính
11979,DCN,cong-nghe-ky-thuat-may-tinh,A00,Điểm học bạ,2024,28.01,Công nghệ kỹ thuật máy tính
11980,DCN,cong-nghe-ky-thuat-may-tinh,A01,Điểm học bạ,2024,28.01,Công nghệ kỹ thuật máy tính
11981,DCN,cong-nghe-ky-thuat-may-tinh,A00,Điểm thi THPT,2024,24.55,Công nghệ kỹ thuật máy tính
11982,DCN,cong-nghe-ky-thuat-may-tinh,A01,Điểm thi THPT,2024,24.55,Công nghệ kỹ thuật máy tính
11983,DCN,cong-nghe-ky-thuat-may-tinh,A00,Điểm học bạ,2025,21.85,Công nghệ kỹ thuật máy tính
11984,DCN,cong-nghe-ky-thuat-may-tinh,A01,Điểm học bạ,2025,21.85,Công nghệ kỹ thuật máy tính
11985,DCN,cong-nghe-ky-thuat-may-tinh,X06,Điểm học bạ,2025,21.85,Công nghệ kỹ thuật máy tính
11986,DCN,cong-nghe-ky-thuat-may-tinh,X07,Điểm học bạ,2025,21.85,Công nghệ kỹ thuật máy tính
11987,DCN,cong-nghe-ky-thuat-may-tinh,A00,Điểm thi THPT,2025,21.85,Công nghệ kỹ thuật máy tính
11988,DCN,cong-nghe-ky-thuat-may-tinh,A01,Điểm thi THPT,2025,21.85,Công nghệ kỹ thuật máy tính
11989,DCN,cong-nghe-ky-thuat-may-tinh,X06,Điểm thi THPT,2025,21.85,Công nghệ kỹ thuật máy tính
11990,DCN,cong-nghe-ky-thuat-may-tinh,X07,Điểm thi THPT,2025,21.85,Công nghệ kỹ thuật máy tính
11991,DCN,cong-nghe-ky-thuat-moi-truong,A00,Điểm thi THPT,2021,20.8,Công nghệ kỹ thuật môi trường
11992,DCN,cong-nghe-ky-thuat-moi-truong,B00,Điểm thi THPT,2021,20.8,Công nghệ kỹ thuật môi trường
11993,DCN,cong-nghe-ky-thuat-moi-truong,D01,Điểm thi THPT,2021,20.8,Công nghệ kỹ thuật môi trường
11994,DCN,cong-nghe-ky-thuat-moi-truong,D07,Điểm thi THPT,2021,20.8,Công nghệ kỹ thuật môi trường
11995,DCN,cong-nghe-ky-thuat-moi-truong,A00,Điểm học bạ,2022,26.13,Công nghệ kỹ thuật môi trường
11996,DCN,cong-nghe-ky-thuat-moi-truong,B00,Điểm học bạ,2022,26.13,Công nghệ kỹ thuật môi trường
11997,DCN,cong-nghe-ky-thuat-moi-truong,D07,Điểm học bạ,2022,26.13,Công nghệ kỹ thuật môi trường
11998,DCN,cong-nghe-ky-thuat-moi-truong,A00,Điểm thi THPT,2022,18.65,Công nghệ kỹ thuật môi trường
11999,DCN,cong-nghe-ky-thuat-moi-truong,B00,Điểm thi THPT,2022,18.65,Công nghệ kỹ thuật môi trường
12000,DCN,cong-nghe-ky-thuat-moi-truong,D07,Điểm thi THPT,2022,18.65,Công nghệ kỹ thuật môi trường
12001,DCN,cong-nghe-ky-thuat-moi-truong,A00,Điểm học bạ,2023,26.83,Công nghệ kỹ thuật môi trường
12002,DCN,cong-nghe-ky-thuat-moi-truong,B00,Điểm học bạ,2023,26.83,Công nghệ kỹ thuật môi trường
12003,DCN,cong-nghe-ky-thuat-moi-truong,D07,Điểm học bạ,2023,26.83,Công nghệ kỹ thuật môi trường
12004,DCN,cong-nghe-ky-thuat-moi-truong,A00,Điểm thi THPT,2023,19.0,Công nghệ kỹ thuật môi trường
12005,DCN,cong-nghe-ky-thuat-moi-truong,B00,Điểm thi THPT,2023,19.0,Công nghệ kỹ thuật môi trường
12006,DCN,cong-nghe-ky-thuat-moi-truong,D07,Điểm thi THPT,2023,19.0,Công nghệ kỹ thuật môi trường
12007,DCN,cong-nghe-ky-thuat-moi-truong,A00,Điểm học bạ,2024,26.55,Công nghệ kỹ thuật môi trường
12008,DCN,cong-nghe-ky-thuat-moi-truong,B00,Điểm học bạ,2024,26.55,Công nghệ kỹ thuật môi trường
12009,DCN,cong-nghe-ky-thuat-moi-truong,D07,Điểm học bạ,2024,26.55,Công nghệ kỹ thuật môi trường
12010,DCN,cong-nghe-ky-thuat-moi-truong,A00,Điểm thi THPT,2024,19.0,Công nghệ kỹ thuật môi trường
12011,DCN,cong-nghe-ky-thuat-moi-truong,B00,Điểm thi THPT,2024,19.0,Công nghệ kỹ thuật môi trường
12012,DCN,cong-nghe-ky-thuat-moi-truong,D07,Điểm thi THPT,2024,19.0,Công nghệ kỹ thuật môi trường
12013,DCN,cong-nghe-ky-thuat-moi-truong,A00,Điểm học bạ,2025,18.75,Công nghệ kỹ thuật môi trường
12014,DCN,cong-nghe-ky-thuat-moi-truong,B00,Điểm học bạ,2025,18.75,Công nghệ kỹ thuật môi trường
12015,DCN,cong-nghe-ky-thuat-moi-truong,C02,Điểm học bạ,2025,18.75,Công nghệ kỹ thuật môi trường
12016,DCN,cong-nghe-ky-thuat-moi-truong,D07,Điểm học bạ,2025,18.75,Công nghệ kỹ thuật môi trường
12017,DCN,cong-nghe-ky-thuat-moi-truong,A00,Điểm thi THPT,2025,18.75,Công nghệ kỹ thuật môi trường
12018,DCN,cong-nghe-ky-thuat-moi-truong,B00,Điểm thi THPT,2025,18.75,Công nghệ kỹ thuật môi trường
12019,DCN,cong-nghe-ky-thuat-moi-truong,C02,Điểm thi THPT,2025,18.75,Công nghệ kỹ thuật môi trường
12020,DCN,cong-nghe-ky-thuat-moi-truong,D07,Điểm thi THPT,2025,18.75,Công nghệ kỹ thuật môi trường
12021,DCN,cong-nghe-ky-thuat-nhiet,A00,Điểm thi THPT,2021,23.9,Công nghệ kỹ thuật nhiệt
12022,DCN,cong-nghe-ky-thuat-nhiet,A01,Điểm thi THPT,2021,23.9,Công nghệ kỹ thuật nhiệt
12023,DCN,cong-nghe-ky-thuat-nhiet,A00,Điểm học bạ,2022,27.31,Công nghệ kỹ thuật nhiệt
12024,DCN,cong-nghe-ky-thuat-nhiet,A01,Điểm học bạ,2022,27.31,Công nghệ kỹ thuật nhiệt
12025,DCN,cong-nghe-ky-thuat-nhiet,A00,Điểm thi THPT,2022,20.0,Công nghệ kỹ thuật nhiệt
12026,DCN,cong-nghe-ky-thuat-nhiet,A01,Điểm thi THPT,2022,20.0,Công nghệ kỹ thuật nhiệt
12027,DCN,cong-nghe-ky-thuat-nhiet,A00,Điểm học bạ,2023,27.07,Công nghệ kỹ thuật nhiệt
12028,DCN,cong-nghe-ky-thuat-nhiet,A01,Điểm học bạ,2023,27.07,Công nghệ kỹ thuật nhiệt
12029,DCN,cong-nghe-ky-thuat-nhiet,A00,Điểm thi THPT,2023,22.15,Công nghệ kỹ thuật nhiệt
12030,DCN,cong-nghe-ky-thuat-nhiet,A01,Điểm thi THPT,2023,22.15,Công nghệ kỹ thuật nhiệt
12031,DCN,cong-nghe-ky-thuat-nhiet,A00,Điểm học bạ,2024,26.36,Công nghệ kỹ thuật nhiệt
12032,DCN,cong-nghe-ky-thuat-nhiet,A01,Điểm học bạ,2024,26.36,Công nghệ kỹ thuật nhiệt
12033,DCN,cong-nghe-ky-thuat-nhiet,A00,Điểm thi THPT,2024,23.57,Công nghệ kỹ thuật nhiệt
12034,DCN,cong-nghe-ky-thuat-nhiet,A01,Điểm thi THPT,2024,23.57,Công nghệ kỹ thuật nhiệt
12035,DCN,cong-nghe-ky-thuat-nhiet,A00,Điểm học bạ,2025,21.85,Công nghệ kỹ thuật nhiệt
12036,DCN,cong-nghe-ky-thuat-nhiet,A01,Điểm học bạ,2025,21.85,Công nghệ kỹ thuật nhiệt
12037,DCN,cong-nghe-ky-thuat-nhiet,X06,Điểm học bạ,2025,21.85,Công nghệ kỹ thuật nhiệt
12038,DCN,cong-nghe-ky-thuat-nhiet,X07,Điểm học bạ,2025,21.85,Công nghệ kỹ thuật nhiệt
12039,DCN,cong-nghe-ky-thuat-nhiet,A00,Điểm thi THPT,2025,21.85,Công nghệ kỹ thuật nhiệt
12040,DCN,cong-nghe-ky-thuat-nhiet,A01,Điểm thi THPT,2025,21.85,Công nghệ kỹ thuật nhiệt
12041,DCN,cong-nghe-ky-thuat-nhiet,X06,Điểm thi THPT,2025,21.85,Công nghệ kỹ thuật nhiệt
12042,DCN,cong-nghe-ky-thuat-nhiet,X07,Điểm thi THPT,2025,21.85,Công nghệ kỹ thuật nhiệt
12043,DCN,cong-nghe-ky-thuat-o-to,A00,Điểm thi THPT,2021,25.25,Công nghệ kỹ thuật ô tô
12044,DCN,cong-nghe-ky-thuat-o-to,A01,Điểm thi THPT,2021,25.25,Công nghệ kỹ thuật ô tô
12045,DCN,cong-nghe-ky-thuat-o-to,A00,Điểm học bạ,2022,28.46,Công nghệ kỹ thuật ô tô
12046,DCN,cong-nghe-ky-thuat-o-to,A01,Điểm học bạ,2022,28.46,Công nghệ kỹ thuật ô tô
12047,DCN,cong-nghe-ky-thuat-o-to,A00,Điểm thi THPT,2022,24.7,Công nghệ kỹ thuật ô tô
12048,DCN,cong-nghe-ky-thuat-o-to,A01,Điểm thi THPT,2022,24.7,Công nghệ kỹ thuật ô tô
12049,DCN,cong-nghe-ky-thuat-o-to,A00,Điểm học bạ,2023,27.99,Công nghệ kỹ thuật ô tô
12050,DCN,cong-nghe-ky-thuat-o-to,A01,Điểm học bạ,2023,27.99,Công nghệ kỹ thuật ô tô
12051,DCN,cong-nghe-ky-thuat-o-to,A00,Điểm thi THPT,2023,24.26,Công nghệ kỹ thuật ô tô
12052,DCN,cong-nghe-ky-thuat-o-to,A01,Điểm thi THPT,2023,24.26,Công nghệ kỹ thuật ô tô
12053,DCN,cong-nghe-ky-thuat-o-to,A00,Điểm học bạ,2024,28.11,Công nghệ kỹ thuật ô tô
12054,DCN,cong-nghe-ky-thuat-o-to,A01,Điểm học bạ,2024,28.11,Công nghệ kỹ thuật ô tô
12055,DCN,cong-nghe-ky-thuat-o-to,A00,Điểm thi THPT,2024,24.82,Công nghệ kỹ thuật ô tô
12056,DCN,cong-nghe-ky-thuat-o-to,A01,Điểm thi THPT,2024,24.82,Công nghệ kỹ thuật ô tô
12057,DCN,cong-nghe-ky-thuat-o-to,A00,Điểm học bạ,2025,22.5,Công nghệ kỹ thuật ô tô
12058,DCN,cong-nghe-ky-thuat-o-to,A01,Điểm học bạ,2025,22.5,Công nghệ kỹ thuật ô tô
12059,DCN,cong-nghe-ky-thuat-o-to,X06,Điểm học bạ,2025,22.5,Công nghệ kỹ thuật ô tô
12060,DCN,cong-nghe-ky-thuat-o-to,X07,Điểm học bạ,2025,22.5,Công nghệ kỹ thuật ô tô
12061,DCN,cong-nghe-ky-thuat-o-to,A00,Điểm thi THPT,2025,22.5,Công nghệ kỹ thuật ô tô
12062,DCN,cong-nghe-ky-thuat-o-to,A01,Điểm thi THPT,2025,22.5,Công nghệ kỹ thuật ô tô
12063,DCN,cong-nghe-ky-thuat-o-to,X06,Điểm thi THPT,2025,22.5,Công nghệ kỹ thuật ô tô
12064,DCN,cong-nghe-ky-thuat-o-to,X07,Điểm thi THPT,2025,22.5,Công nghệ kỹ thuật ô tô
12065,DCN,cong-nghe-thong-tin,A00,Điểm thi THPT,2021,26.05,Công nghệ thông tin
12066,DCN,cong-nghe-thong-tin,A01,Điểm thi THPT,2021,26.05,Công nghệ thông tin
12067,DCN,cong-nghe-thong-tin,A00,Điểm học bạ,2022,29.34,Công nghệ thông tin
12068,DCN,cong-nghe-thong-tin,A01,Điểm học bạ,2022,29.34,Công nghệ thông tin
12069,DCN,cong-nghe-thong-tin,A00,Điểm thi THPT,2022,26.15,Công nghệ thông tin
12070,DCN,cong-nghe-thong-tin,A01,Điểm thi THPT,2022,26.15,Công nghệ thông tin
12071,DCN,cong-nghe-thong-tin,A00,Điểm học bạ,2023,29.23,Công nghệ thông tin
12072,DCN,cong-nghe-thong-tin,A01,Điểm học bạ,2023,29.23,Công nghệ thông tin
12073,DCN,cong-nghe-thong-tin,A00,Điểm thi THPT,2023,25.19,Công nghệ thông tin
12074,DCN,cong-nghe-thong-tin,A01,Điểm thi THPT,2023,25.19,Công nghệ thông tin
12075,DCN,cong-nghe-thong-tin,A00,Điểm học bạ,2024,28.89,Công nghệ thông tin
12076,DCN,cong-nghe-thong-tin,A01,Điểm học bạ,2024,28.89,Công nghệ thông tin
12077,DCN,cong-nghe-thong-tin,A00,Điểm thi THPT,2024,25.22,Công nghệ thông tin
12078,DCN,cong-nghe-thong-tin,A01,Điểm thi THPT,2024,25.22,Công nghệ thông tin
12079,DCN,cong-nghe-thong-tin,A00,Điểm học bạ,2025,23.09,Công nghệ thông tin
12080,DCN,cong-nghe-thong-tin,A01,Điểm học bạ,2025,23.09,Công nghệ thông tin
12081,DCN,cong-nghe-thong-tin,X06,Điểm học bạ,2025,23.09,Công nghệ thông tin
12082,DCN,cong-nghe-thong-tin,X07,Điểm học bạ,2025,23.09,Công nghệ thông tin
12083,DCN,cong-nghe-thong-tin,A00,Điểm thi THPT,2025,23.09,Công nghệ thông tin
12084,DCN,cong-nghe-thong-tin,A01,Điểm thi THPT,2025,23.09,Công nghệ thông tin
12085,DCN,cong-nghe-thong-tin,X06,Điểm thi THPT,2025,23.09,Công nghệ thông tin
12086,DCN,cong-nghe-thong-tin,X07,Điểm thi THPT,2025,23.09,Công nghệ thông tin
12087,DCN,cong-nghe-thuc-pham,A00,Điểm thi THPT,2021,23.75,Công nghệ thực phẩm
12088,DCN,cong-nghe-thuc-pham,B00,Điểm thi THPT,2021,23.75,Công nghệ thực phẩm
12089,DCN,cong-nghe-thuc-pham,D01,Điểm thi THPT,2021,23.75,Công nghệ thực phẩm
12090,DCN,cong-nghe-thuc-pham,D07,Điểm thi THPT,2021,23.75,Công nghệ thực phẩm
12091,DCN,cong-nghe-thuc-pham,A00,Điểm học bạ,2022,28.99,Công nghệ thực phẩm
12092,DCN,cong-nghe-thuc-pham,B00,Điểm học bạ,2022,28.99,Công nghệ thực phẩm
12093,DCN,cong-nghe-thuc-pham,D07,Điểm học bạ,2022,28.99,Công nghệ thực phẩm
12094,DCN,cong-nghe-thuc-pham,A00,Điểm thi THPT,2022,23.75,Công nghệ thực phẩm
12095,DCN,cong-nghe-thuc-pham,B00,Điểm thi THPT,2022,23.75,Công nghệ thực phẩm
12096,DCN,cong-nghe-thuc-pham,D07,Điểm thi THPT,2022,23.75,Công nghệ thực phẩm
12097,DCN,cong-nghe-thuc-pham,A00,Điểm học bạ,2023,27.68,Công nghệ thực phẩm
12098,DCN,cong-nghe-thuc-pham,A01,Điểm học bạ,2023,27.68,Công nghệ thực phẩm
12099,DCN,cong-nghe-thuc-pham,A00,Điểm thi THPT,2023,23.51,Công nghệ thực phẩm
12100,DCN,cong-nghe-thuc-pham,B00,Điểm thi THPT,2023,23.51,Công nghệ thực phẩm
12101,DCN,cong-nghe-thuc-pham,D07,Điểm thi THPT,2023,23.51,Công nghệ thực phẩm
12102,DCN,cong-nghe-thuc-pham,A00,Điểm học bạ,2024,27.7,Công nghệ thực phẩm
12103,DCN,cong-nghe-thuc-pham,B00,Điểm học bạ,2024,27.7,Công nghệ thực phẩm
12104,DCN,cong-nghe-thuc-pham,D07,Điểm học bạ,2024,27.7,Công nghệ thực phẩm
12105,DCN,cong-nghe-thuc-pham,A00,Điểm thi THPT,2024,22.65,Công nghệ thực phẩm
12106,DCN,cong-nghe-thuc-pham,B00,Điểm thi THPT,2024,22.65,Công nghệ thực phẩm
12107,DCN,cong-nghe-thuc-pham,D07,Điểm thi THPT,2024,22.65,Công nghệ thực phẩm
12108,DCN,cong-nghe-thuc-pham,A00,Điểm học bạ,2025,20.6,Công nghệ thực phẩm
12109,DCN,cong-nghe-thuc-pham,B00,Điểm học bạ,2025,20.6,Công nghệ thực phẩm
12110,DCN,cong-nghe-thuc-pham,C02,Điểm học bạ,2025,20.6,Công nghệ thực phẩm
12111,DCN,cong-nghe-thuc-pham,D07,Điểm học bạ,2025,20.6,Công nghệ thực phẩm
12112,DCN,cong-nghe-thuc-pham,A00,Điểm thi THPT,2025,20.6,Công nghệ thực phẩm
12113,DCN,cong-nghe-thuc-pham,B00,Điểm thi THPT,2025,20.6,Công nghệ thực phẩm
12114,DCN,cong-nghe-thuc-pham,C02,Điểm thi THPT,2025,20.6,Công nghệ thực phẩm
12115,DCN,cong-nghe-thuc-pham,D07,Điểm thi THPT,2025,20.6,Công nghệ thực phẩm
12116,DCN,cong-nghe-vat-lieu-det-may,A00,Điểm thi THPT,2021,22.15,"Công nghệ vật liệu dệt, may"
12117,DCN,cong-nghe-vat-lieu-det-may,A01,Điểm thi THPT,2021,22.15,"Công nghệ vật liệu dệt, may"
12118,DCN,cong-nghe-vat-lieu-det-may,D01,Điểm thi THPT,2021,22.15,"Công nghệ vật liệu dệt, may"
12119,DCN,cong-nghe-vat-lieu-det-may,A00,Điểm học bạ,2022,26.63,"Công nghệ vật liệu dệt, may"
12120,DCN,cong-nghe-vat-lieu-det-may,A01,Điểm học bạ,2022,26.63,"Công nghệ vật liệu dệt, may"
12121,DCN,cong-nghe-vat-lieu-det-may,D01,Điểm học bạ,2022,26.63,"Công nghệ vật liệu dệt, may"
12122,DCN,cong-nghe-vat-lieu-det-may,A00,Điểm thi THPT,2022,22.15,"Công nghệ vật liệu dệt, may"
12123,DCN,cong-nghe-vat-lieu-det-may,A01,Điểm thi THPT,2022,22.15,"Công nghệ vật liệu dệt, may"
12124,DCN,cong-nghe-vat-lieu-det-may,D01,Điểm thi THPT,2022,22.15,"Công nghệ vật liệu dệt, may"
12125,DCN,cong-nghe-vat-lieu-det-may,A00,Điểm học bạ,2023,25.78,"Công nghệ vật liệu dệt, may"
12126,DCN,cong-nghe-vat-lieu-det-may,B00,Điểm học bạ,2023,25.78,"Công nghệ vật liệu dệt, may"
12127,DCN,cong-nghe-vat-lieu-det-may,D07,Điểm học bạ,2023,25.78,"Công nghệ vật liệu dệt, may"
12128,DCN,cong-nghe-vat-lieu-det-may,A00,Điểm thi THPT,2023,20.1,"Công nghệ vật liệu dệt, may"
12129,DCN,cong-nghe-vat-lieu-det-may,A01,Điểm thi THPT,2023,20.1,"Công nghệ vật liệu dệt, may"
12130,DCN,cong-nghe-vat-lieu-det-may,D01,Điểm thi THPT,2023,20.1,"Công nghệ vật liệu dệt, may"
12131,DCN,cong-nghe-vat-lieu-det-may,A00,Điểm học bạ,2024,26.25,Công nghệ vật liệu dệt; may
12132,DCN,cong-nghe-vat-lieu-det-may,A01,Điểm học bạ,2024,26.25,Công nghệ vật liệu dệt; may
12133,DCN,cong-nghe-vat-lieu-det-may,D01,Điểm học bạ,2024,26.25,Công nghệ vật liệu dệt; may
12134,DCN,cong-nghe-vat-lieu-det-may,A00,Điểm thi THPT,2024,20.9,"Công nghệ vật liệu dệt, may"
12135,DCN,cong-nghe-vat-lieu-det-may,A01,Điểm thi THPT,2024,20.9,"Công nghệ vật liệu dệt, may"
12136,DCN,cong-nghe-vat-lieu-det-may,D01,Điểm thi THPT,2024,20.9,"Công nghệ vật liệu dệt, may"
12137,DCN,cong-nghe-vat-lieu-det-may,A01,Điểm học bạ,2025,18.25,"Công nghệ vật liệu dệt, may"
12138,DCN,cong-nghe-vat-lieu-det-may,D01,Điểm học bạ,2025,18.25,"Công nghệ vật liệu dệt, may"
12139,DCN,cong-nghe-vat-lieu-det-may,X27,Điểm học bạ,2025,18.25,"Công nghệ vật liệu dệt, may"
12140,DCN,cong-nghe-vat-lieu-det-may,A01,Điểm thi THPT,2025,18.25,"Công nghệ vật liệu dệt, may"
12141,DCN,cong-nghe-vat-lieu-det-may,D01,Điểm thi THPT,2025,18.25,"Công nghệ vật liệu dệt, may"
12142,DCN,cong-nghe-vat-lieu-det-may,X27,Điểm thi THPT,2025,18.25,"Công nghệ vật liệu dệt, may"
12143,DCN,du-lich,C00,Điểm thi THPT,2021,24.75,Du lịch
12144,DCN,du-lich,D01,Điểm thi THPT,2021,24.75,Du lịch
12145,DCN,du-lich,D14,Điểm thi THPT,2021,24.75,Du lịch
12146,DCN,du-lich,C00,Điểm học bạ,2022,27.35,Du lịch
12147,DCN,du-lich,D01,Điểm học bạ,2022,27.35,Du lịch
12148,DCN,du-lich,D14,Điểm học bạ,2022,27.35,Du lịch
12149,DCN,du-lich,C00,Điểm thi THPT,2022,25.75,Du lịch
12150,DCN,du-lich,D01,Điểm thi THPT,2022,25.75,Du lịch
12151,DCN,du-lich,D14,Điểm thi THPT,2022,25.75,Du lịch
12152,DCN,du-lich,D01,Điểm học bạ,2023,25.92,Du lịch
12153,DCN,du-lich,D14,Điểm học bạ,2023,25.92,Du lịch
12154,DCN,du-lich,C00,Điểm thi THPT,2023,24.2,Du lịch
12155,DCN,du-lich,D01,Điểm thi THPT,2023,24.2,Du lịch
12156,DCN,du-lich,D14,Điểm thi THPT,2023,24.2,Du lịch
12157,DCN,du-lich,D01,Điểm học bạ,2024,26.16,Du lịch
12158,DCN,du-lich,D14,Điểm học bạ,2024,26.16,Du lịch
12159,DCN,du-lich,D15,Điểm học bạ,2024,26.16,Du lịch
12160,DCN,du-lich,D01,Điểm thi THPT,2024,22.4,Du lịch
12161,DCN,du-lich,D14,Điểm thi THPT,2024,22.4,Du lịch
12162,DCN,du-lich,D15,Điểm thi THPT,2024,22.4,Du lịch
12163,DCN,du-lich,D01,Điểm học bạ,2025,21.85,Du lịch
12164,DCN,du-lich,D14,Điểm học bạ,2025,21.85,Du lịch
12165,DCN,du-lich,D15,Điểm học bạ,2025,21.85,Du lịch
12166,DCN,du-lich,D01,Điểm thi THPT,2025,21.85,Du lịch
12167,DCN,du-lich,D14,Điểm thi THPT,2025,21.85,Du lịch
12168,DCN,du-lich,D15,Điểm thi THPT,2025,21.85,Du lịch
12169,DCN,he-thong-thong-tin,A00,Điểm thi THPT,2021,25.25,Hệ thống thông tin
12170,DCN,he-thong-thong-tin,A01,Điểm thi THPT,2021,25.25,Hệ thống thông tin
12171,DCN,he-thong-thong-tin,A00,Điểm học bạ,2022,28.5,Hệ thống thông tin
12172,DCN,he-thong-thong-tin,A01,Điểm học bạ,2022,28.5,Hệ thống thông tin
12173,DCN,he-thong-thong-tin,A00,Điểm thi THPT,2022,25.15,Hệ thống thông tin
12174,DCN,he-thong-thong-tin,A01,Điểm thi THPT,2022,25.15,Hệ thống thông tin
12175,DCN,he-thong-thong-tin,A00,Điểm học bạ,2023,28.27,Hệ thống thông tin
12176,DCN,he-thong-thong-tin,A01,Điểm học bạ,2023,28.27,Hệ thống thông tin
12177,DCN,he-thong-thong-tin,A00,Điểm thi THPT,2023,24.31,Hệ thống thông tin
12178,DCN,he-thong-thong-tin,A01,Điểm thi THPT,2023,24.31,Hệ thống thông tin
12179,DCN,he-thong-thong-tin,A00,Điểm học bạ,2024,28.01,Hệ thống thông tin
12180,DCN,he-thong-thong-tin,A01,Điểm học bạ,2024,28.01,Hệ thống thông tin
12181,DCN,he-thong-thong-tin,A00,Điểm thi THPT,2024,24.44,Hệ thống thông tin
12182,DCN,he-thong-thong-tin,A01,Điểm thi THPT,2024,24.44,Hệ thống thông tin
12183,DCN,he-thong-thong-tin,A00,Điểm học bạ,2025,21.1,Hệ thống thông tin
12184,DCN,he-thong-thong-tin,A01,Điểm học bạ,2025,21.1,Hệ thống thông tin
12185,DCN,he-thong-thong-tin,X06,Điểm học bạ,2025,21.1,Hệ thống thông tin
12186,DCN,he-thong-thong-tin,X07,Điểm học bạ,2025,21.1,Hệ thống thông tin
12187,DCN,he-thong-thong-tin,A00,Điểm thi THPT,2025,21.1,Hệ thống thông tin
12188,DCN,he-thong-thong-tin,A01,Điểm thi THPT,2025,21.1,Hệ thống thông tin
12189,DCN,he-thong-thong-tin,X06,Điểm thi THPT,2025,21.1,Hệ thống thông tin
12190,DCN,he-thong-thong-tin,X07,Điểm thi THPT,2025,21.1,Hệ thống thông tin
12191,DCN,hoa-duoc,A00,Điểm thi THPT,2023,19.45,Hóa dược
12192,DCN,hoa-duoc,B00,Điểm thi THPT,2023,19.45,Hóa dược
12193,DCN,hoa-duoc,D07,Điểm thi THPT,2023,19.45,Hóa dược
12194,DCN,hoa-duoc,A00,Điểm học bạ,2024,27.94,Hóa dược
12195,DCN,hoa-duoc,B00,Điểm học bạ,2024,27.94,Hóa dược
12196,DCN,hoa-duoc,D07,Điểm học bạ,2024,27.94,Hóa dược
12197,DCN,hoa-duoc,A00,Điểm thi THPT,2024,21.55,Hóa dược
12198,DCN,hoa-duoc,B00,Điểm thi THPT,2024,21.55,Hóa dược
12199,DCN,hoa-duoc,D07,Điểm thi THPT,2024,21.55,Hóa dược
12200,DCN,hoa-duoc,A00,Điểm học bạ,2025,21.35,Hóa dược
12201,DCN,hoa-duoc,B00,Điểm học bạ,2025,21.35,Hóa dược
12202,DCN,hoa-duoc,C02,Điểm học bạ,2025,21.35,Hóa dược
12203,DCN,hoa-duoc,D07,Điểm học bạ,2025,21.35,Hóa dược
12204,DCN,hoa-duoc,A00,Điểm thi THPT,2025,21.35,Hóa dược
12205,DCN,hoa-duoc,B00,Điểm thi THPT,2025,21.35,Hóa dược
12206,DCN,hoa-duoc,C02,Điểm thi THPT,2025,21.35,Hóa dược
12207,DCN,hoa-duoc,D07,Điểm thi THPT,2025,21.35,Hóa dược
12208,DCN,ke-toan,A00,Điểm thi THPT,2021,24.75,Kế toán
12209,DCN,ke-toan,A01,Điểm thi THPT,2021,24.75,Kế toán
12210,DCN,ke-toan,D01,Điểm thi THPT,2021,24.75,Kế toán
12211,DCN,ke-toan,A00,Điểm học bạ,2022,27.8,Kế toán
12212,DCN,ke-toan,A01,Điểm học bạ,2022,27.8,Kế toán
12213,DCN,ke-toan,D01,Điểm học bạ,2022,27.8,Kế toán
12214,DCN,ke-toan,A00,Điểm thi THPT,2022,23.95,Kế toán
12215,DCN,ke-toan,A01,Điểm thi THPT,2022,23.95,Kế toán
12216,DCN,ke-toan,D01,Điểm thi THPT,2022,23.95,Kế toán
12217,DCN,ke-toan,A00,Điểm học bạ,2023,27.6,Kế toán
12218,DCN,ke-toan,A01,Điểm học bạ,2023,27.6,Kế toán
12219,DCN,ke-toan,D01,Điểm học bạ,2023,27.6,Kế toán
12220,DCN,ke-toan,A00,Điểm thi THPT,2023,23.8,Kế toán
12221,DCN,ke-toan,A01,Điểm thi THPT,2023,23.8,Kế toán
12222,DCN,ke-toan,D01,Điểm thi THPT,2023,23.8,Kế toán
12223,DCN,ke-toan,A00,Điểm học bạ,2024,27.69,Kế toán
12224,DCN,ke-toan,A01,Điểm học bạ,2024,27.69,Kế toán
12225,DCN,ke-toan,D01,Điểm học bạ,2024,27.69,Kế toán
12226,DCN,ke-toan,A00,Điểm thi THPT,2024,24.01,Kế toán
12227,DCN,ke-toan,A01,Điểm thi THPT,2024,24.01,Kế toán
12228,DCN,ke-toan,D01,Điểm thi THPT,2024,24.01,Kế toán
12229,DCN,ke-toan,A01,Điểm học bạ,2025,20.0,Kế toán
12230,DCN,ke-toan,D01,Điểm học bạ,2025,20.0,Kế toán
12231,DCN,ke-toan,X25,Điểm học bạ,2025,20.0,Kế toán
12232,DCN,ke-toan,A01,Điểm thi THPT,2025,20.0,Kế toán
12233,DCN,ke-toan,D01,Điểm thi THPT,2025,20.0,Kế toán
12234,DCN,ke-toan,X25,Điểm thi THPT,2025,20.0,Kế toán
12235,DCN,khoa-hoc-may-tinh,A00,Điểm thi THPT,2021,25.65,Khoa học máy tính
12236,DCN,khoa-hoc-may-tinh,A01,Điểm thi THPT,2021,25.65,Khoa học máy tính
12237,DCN,khoa-hoc-may-tinh,A00,Điểm học bạ,2022,29.1,Khoa học máy tính
12238,DCN,khoa-hoc-may-tinh,A01,Điểm học bạ,2022,29.1,Khoa học máy tính
12239,DCN,khoa-hoc-may-tinh,A00,Điểm thi THPT,2022,25.65,Khoa học máy tính
12240,DCN,khoa-hoc-may-tinh,A01,Điểm thi THPT,2022,25.65,Khoa học máy tính
12241,DCN,khoa-hoc-may-tinh,A00,Điểm học bạ,2023,28.76,Khoa học máy tính
12242,DCN,khoa-hoc-may-tinh,A01,Điểm học bạ,2023,28.76,Khoa học máy tính
12243,DCN,khoa-hoc-may-tinh,A00,Điểm thi THPT,2023,25.05,Khoa học máy tính
12244,DCN,khoa-hoc-may-tinh,A01,Điểm thi THPT,2023,25.05,Khoa học máy tính
12245,DCN,khoa-hoc-may-tinh,A00,Điểm học bạ,2024,28.77,Khoa học máy tính
12246,DCN,khoa-hoc-may-tinh,A01,Điểm học bạ,2024,28.77,Khoa học máy tính
12247,DCN,khoa-hoc-may-tinh,A00,Điểm thi THPT,2024,25.32,Khoa học máy tính
12248,DCN,khoa-hoc-may-tinh,A01,Điểm thi THPT,2024,25.32,Khoa học máy tính
12249,DCN,khoa-hoc-may-tinh,A00,Điểm học bạ,2025,23.72,Khoa học máy tính
12250,DCN,khoa-hoc-may-tinh,A01,Điểm học bạ,2025,23.72,Khoa học máy tính
12251,DCN,khoa-hoc-may-tinh,X06,Điểm học bạ,2025,23.72,Khoa học máy tính
12252,DCN,khoa-hoc-may-tinh,X07,Điểm học bạ,2025,23.72,Khoa học máy tính
12253,DCN,khoa-hoc-may-tinh,A00,Điểm thi THPT,2025,23.72,Khoa học máy tính
12254,DCN,khoa-hoc-may-tinh,A01,Điểm thi THPT,2025,23.72,Khoa học máy tính
12255,DCN,khoa-hoc-may-tinh,X06,Điểm thi THPT,2025,23.72,Khoa học máy tính
12256,DCN,khoa-hoc-may-tinh,X07,Điểm thi THPT,2025,23.72,Khoa học máy tính
12257,DCN,kiem-toan,A00,Điểm thi THPT,2021,25.0,Kiểm toán
12258,DCN,kiem-toan,A01,Điểm thi THPT,2021,25.0,Kiểm toán
12259,DCN,kiem-toan,D01,Điểm thi THPT,2021,25.0,Kiểm toán
12260,DCN,kiem-toan,A00,Điểm học bạ,2022,27.97,Kiểm toán
12261,DCN,kiem-toan,A01,Điểm học bạ,2022,27.97,Kiểm toán
12262,DCN,kiem-toan,D01,Điểm học bạ,2022,27.97,Kiểm toán
12263,DCN,kiem-toan,A00,Điểm thi THPT,2022,24.3,Kiểm toán
12264,DCN,kiem-toan,A01,Điểm thi THPT,2022,24.3,Kiểm toán
12265,DCN,kiem-toan,D01,Điểm thi THPT,2022,24.3,Kiểm toán
12266,DCN,kiem-toan,A00,Điểm học bạ,2023,27.78,Kiểm toán
12267,DCN,kiem-toan,A01,Điểm học bạ,2023,27.78,Kiểm toán
12268,DCN,kiem-toan,D01,Điểm học bạ,2023,27.78,Kiểm toán
12269,DCN,kiem-toan,A00,Điểm thi THPT,2023,24.03,Kiểm toán
12270,DCN,kiem-toan,A01,Điểm thi THPT,2023,24.03,Kiểm toán
12271,DCN,kiem-toan,D01,Điểm thi THPT,2023,24.03,Kiểm toán
12272,DCN,kiem-toan,A00,Điểm học bạ,2024,28.11,Kiểm toán
12273,DCN,kiem-toan,A01,Điểm học bạ,2024,28.11,Kiểm toán
12274,DCN,kiem-toan,D01,Điểm học bạ,2024,28.11,Kiểm toán
12275,DCN,kiem-toan,A00,Điểm thi THPT,2024,24.45,Kiểm toán
12276,DCN,kiem-toan,A01,Điểm thi THPT,2024,24.45,Kiểm toán
12277,DCN,kiem-toan,D01,Điểm thi THPT,2024,24.45,Kiểm toán
12278,DCN,kiem-toan,A01,Điểm học bạ,2025,20.0,Kiểm toán
12279,DCN,kiem-toan,D01,Điểm học bạ,2025,20.0,Kiểm toán
12280,DCN,kiem-toan,X25,Điểm học bạ,2025,20.0,Kiểm toán
12281,DCN,kiem-toan,A01,Điểm thi THPT,2025,20.0,Kiểm toán
12282,DCN,kiem-toan,D01,Điểm thi THPT,2025,20.0,Kiểm toán
12283,DCN,kiem-toan,X25,Điểm thi THPT,2025,20.0,Kiểm toán
12284,DCN,kinh-te-dau-tu,A00,Điểm thi THPT,2021,25.05,Kinh tế đầu tư
12285,DCN,kinh-te-dau-tu,A01,Điểm thi THPT,2021,25.05,Kinh tế đầu tư
12286,DCN,kinh-te-dau-tu,D01,Điểm thi THPT,2021,25.05,Kinh tế đầu tư
12287,DCN,kinh-te-dau-tu,A00,Điểm học bạ,2022,28.16,Kinh tế đầu tư
12288,DCN,kinh-te-dau-tu,A01,Điểm học bạ,2022,28.16,Kinh tế đầu tư
12289,DCN,kinh-te-dau-tu,D01,Điểm học bạ,2022,28.16,Kinh tế đầu tư
12290,DCN,kinh-te-dau-tu,A00,Điểm thi THPT,2022,24.5,Kinh tế đầu tư
12291,DCN,kinh-te-dau-tu,A01,Điểm thi THPT,2022,24.5,Kinh tế đầu tư
12292,DCN,kinh-te-dau-tu,D01,Điểm thi THPT,2022,24.5,Kinh tế đầu tư
12293,DCN,kinh-te-dau-tu,A00,Điểm học bạ,2023,27.95,Kinh tế đầu tư
12294,DCN,kinh-te-dau-tu,A01,Điểm học bạ,2023,27.95,Kinh tế đầu tư
12295,DCN,kinh-te-dau-tu,D01,Điểm học bạ,2023,27.95,Kinh tế đầu tư
12296,DCN,kinh-te-dau-tu,A00,Điểm thi THPT,2023,24.45,Kinh tế đầu tư
12297,DCN,kinh-te-dau-tu,A01,Điểm thi THPT,2023,24.45,Kinh tế đầu tư
12298,DCN,kinh-te-dau-tu,D01,Điểm thi THPT,2023,24.45,Kinh tế đầu tư
12299,DCN,kinh-te-dau-tu,A00,Điểm học bạ,2024,27.64,Kinh tế đầu tư
12300,DCN,kinh-te-dau-tu,A01,Điểm học bạ,2024,27.64,Kinh tế đầu tư
12301,DCN,kinh-te-dau-tu,D01,Điểm học bạ,2024,27.64,Kinh tế đầu tư
12302,DCN,kinh-te-dau-tu,A00,Điểm thi THPT,2024,24.64,Kinh tế đầu tư
12303,DCN,kinh-te-dau-tu,A01,Điểm thi THPT,2024,24.64,Kinh tế đầu tư
12304,DCN,kinh-te-dau-tu,D01,Điểm thi THPT,2024,24.64,Kinh tế đầu tư
12305,DCN,kinh-te-dau-tu,A01,Điểm học bạ,2025,21.25,Kinh tế đầu tư
12306,DCN,kinh-te-dau-tu,D01,Điểm học bạ,2025,21.25,Kinh tế đầu tư
12307,DCN,kinh-te-dau-tu,X25,Điểm học bạ,2025,21.25,Kinh tế đầu tư
12308,DCN,kinh-te-dau-tu,A01,Điểm thi THPT,2025,21.25,Kinh tế đầu tư
12309,DCN,kinh-te-dau-tu,D01,Điểm thi THPT,2025,21.25,Kinh tế đầu tư
12310,DCN,kinh-te-dau-tu,X25,Điểm thi THPT,2025,21.25,Kinh tế đầu tư
12311,DCN,ky-thuat-co-khi-dong-luc,A00,Điểm học bạ,2023,26.81,Kỹ thuật cơ khí động lực
12312,DCN,ky-thuat-co-khi-dong-luc,A01,Điểm học bạ,2023,26.81,Kỹ thuật cơ khí động lực
12313,DCN,ky-thuat-co-khi-dong-luc,A00,Điểm thi THPT,2023,21.55,Kỹ thuật cơ khí động lực
12314,DCN,ky-thuat-co-khi-dong-luc,A01,Điểm thi THPT,2023,21.55,Kỹ thuật cơ khí động lực
12315,DCN,ky-thuat-co-khi-dong-luc,A00,Điểm học bạ,2024,27.49,Kỹ thuật cơ khí động lực
12316,DCN,ky-thuat-co-khi-dong-luc,A01,Điểm học bạ,2024,27.49,Kỹ thuật cơ khí động lực
12317,DCN,ky-thuat-co-khi-dong-luc,A00,Điểm thi THPT,2024,23.93,Kỹ thuật cơ khí động lực
12318,DCN,ky-thuat-co-khi-dong-luc,B00,Điểm thi THPT,2024,23.93,Kỹ thuật cơ khí động lực
12319,DCN,ky-thuat-co-khi-dong-luc,D07,Điểm thi THPT,2024,23.93,Kỹ thuật cơ khí động lực
12320,DCN,ky-thuat-co-khi-dong-luc,A00,Điểm học bạ,2025,22.5,Kỹ thuật cơ khí động lực
12321,DCN,ky-thuat-co-khi-dong-luc,A01,Điểm học bạ,2025,22.5,Kỹ thuật cơ khí động lực
12322,DCN,ky-thuat-co-khi-dong-luc,X06,Điểm học bạ,2025,22.5,Kỹ thuật cơ khí động lực
12323,DCN,ky-thuat-co-khi-dong-luc,X07,Điểm học bạ,2025,22.5,Kỹ thuật cơ khí động lực
12324,DCN,ky-thuat-co-khi-dong-luc,A00,Điểm thi THPT,2025,22.5,Kỹ thuật cơ khí động lực
12325,DCN,ky-thuat-co-khi-dong-luc,A01,Điểm thi THPT,2025,22.5,Kỹ thuật cơ khí động lực
12326,DCN,ky-thuat-co-khi-dong-luc,X06,Điểm thi THPT,2025,22.5,Kỹ thuật cơ khí động lực
12327,DCN,ky-thuat-co-khi-dong-luc,X07,Điểm thi THPT,2025,22.5,Kỹ thuật cơ khí động lực
12328,DCN,ky-thuat-he-thong-cong-nghiep,A00,Điểm thi THPT,2021,23.8,Kỹ thuật hệ thống công nghiệp
12329,DCN,ky-thuat-he-thong-cong-nghiep,A01,Điểm thi THPT,2021,23.8,Kỹ thuật hệ thống công nghiệp
12330,DCN,ky-thuat-he-thong-cong-nghiep,A00,Điểm học bạ,2022,27.12,Kỹ thuật hệ thống công nghiệp
12331,DCN,ky-thuat-he-thong-cong-nghiep,A01,Điểm học bạ,2022,27.12,Kỹ thuật hệ thống công nghiệp
12332,DCN,ky-thuat-he-thong-cong-nghiep,A00,Điểm thi THPT,2022,21.25,Kỹ thuật hệ thống công nghiệp
12333,DCN,ky-thuat-he-thong-cong-nghiep,A01,Điểm thi THPT,2022,21.25,Kỹ thuật hệ thống công nghiệp
12334,DCN,ky-thuat-he-thong-cong-nghiep,A00,Điểm học bạ,2023,27.17,Kỹ thuật hệ thống công nghiệp
12335,DCN,ky-thuat-he-thong-cong-nghiep,A01,Điểm học bạ,2023,27.17,Kỹ thuật hệ thống công nghiệp
12336,DCN,ky-thuat-he-thong-cong-nghiep,A00,Điểm thi THPT,2023,22.65,Kỹ thuật hệ thống công nghiệp
12337,DCN,ky-thuat-he-thong-cong-nghiep,A01,Điểm thi THPT,2023,22.65,Kỹ thuật hệ thống công nghiệp
12338,DCN,ky-thuat-he-thong-cong-nghiep,A00,Điểm học bạ,2024,27.4,Kỹ thuật hệ thống công nghiệp
12339,DCN,ky-thuat-he-thong-cong-nghiep,A01,Điểm học bạ,2024,27.4,Kỹ thuật hệ thống công nghiệp
12340,DCN,ky-thuat-he-thong-cong-nghiep,A00,Điểm thi THPT,2024,23.61,Kỹ thuật hệ thống công nghiệp
12341,DCN,ky-thuat-he-thong-cong-nghiep,A01,Điểm thi THPT,2024,23.61,Kỹ thuật hệ thống công nghiệp
12342,DCN,ky-thuat-he-thong-cong-nghiep,A00,Điểm học bạ,2025,21.75,Kỹ thuật hệ thống công nghiệp
12343,DCN,ky-thuat-he-thong-cong-nghiep,A01,Điểm học bạ,2025,21.75,Kỹ thuật hệ thống công nghiệp
12344,DCN,ky-thuat-he-thong-cong-nghiep,X06,Điểm học bạ,2025,21.75,Kỹ thuật hệ thống công nghiệp
12345,DCN,ky-thuat-he-thong-cong-nghiep,X07,Điểm học bạ,2025,21.75,Kỹ thuật hệ thống công nghiệp
12346,DCN,ky-thuat-he-thong-cong-nghiep,A00,Điểm thi THPT,2025,21.75,Kỹ thuật hệ thống công nghiệp
12347,DCN,ky-thuat-he-thong-cong-nghiep,A01,Điểm thi THPT,2025,21.75,Kỹ thuật hệ thống công nghiệp
12348,DCN,ky-thuat-he-thong-cong-nghiep,X06,Điểm thi THPT,2025,21.75,Kỹ thuật hệ thống công nghiệp
12349,DCN,ky-thuat-he-thong-cong-nghiep,X07,Điểm thi THPT,2025,21.75,Kỹ thuật hệ thống công nghiệp
12350,DCN,ky-thuat-phan-mem,A00,Điểm thi THPT,2021,25.4,Kỹ thuật phần mềm
12351,DCN,ky-thuat-phan-mem,A01,Điểm thi THPT,2021,25.4,Kỹ thuật phần mềm
12352,DCN,ky-thuat-phan-mem,A00,Điểm học bạ,2022,28.83,Kỹ thuật phần mềm
12353,DCN,ky-thuat-phan-mem,A01,Điểm học bạ,2022,28.83,Kỹ thuật phần mềm
12354,DCN,ky-thuat-phan-mem,A00,Điểm thi THPT,2022,25.35,Kỹ thuật phần mềm
12355,DCN,ky-thuat-phan-mem,A01,Điểm thi THPT,2022,25.35,Kỹ thuật phần mềm
12356,DCN,ky-thuat-phan-mem,A00,Điểm học bạ,2023,28.43,Kỹ thuật phần mềm
12357,DCN,ky-thuat-phan-mem,A01,Điểm học bạ,2023,28.43,Kỹ thuật phần mềm
12358,DCN,ky-thuat-phan-mem,A00,Điểm thi THPT,2023,24.54,Kỹ thuật phần mềm
12359,DCN,ky-thuat-phan-mem,A01,Điểm thi THPT,2023,24.54,Kỹ thuật phần mềm
12360,DCN,ky-thuat-phan-mem,A00,Điểm học bạ,2024,28.42,Kỹ thuật phần mềm
12361,DCN,ky-thuat-phan-mem,A01,Điểm học bạ,2024,28.42,Kỹ thuật phần mềm
12362,DCN,ky-thuat-phan-mem,A00,Điểm thi THPT,2024,24.68,Kỹ thuật phần mềm
12363,DCN,ky-thuat-phan-mem,A01,Điểm thi THPT,2024,24.68,Kỹ thuật phần mềm
12364,DCN,ky-thuat-phan-mem,A00,Điểm học bạ,2025,21.75,Kỹ thuật phần mềm
12365,DCN,ky-thuat-phan-mem,A01,Điểm học bạ,2025,21.75,Kỹ thuật phần mềm
12366,DCN,ky-thuat-phan-mem,X06,Điểm học bạ,2025,21.75,Kỹ thuật phần mềm
12367,DCN,ky-thuat-phan-mem,X07,Điểm học bạ,2025,21.75,Kỹ thuật phần mềm
12368,DCN,ky-thuat-phan-mem,A00,Điểm thi THPT,2025,21.75,Kỹ thuật phần mềm
12369,DCN,ky-thuat-phan-mem,A01,Điểm thi THPT,2025,21.75,Kỹ thuật phần mềm
12370,DCN,ky-thuat-phan-mem,X06,Điểm thi THPT,2025,21.75,Kỹ thuật phần mềm
12371,DCN,ky-thuat-phan-mem,X07,Điểm thi THPT,2025,21.75,Kỹ thuật phần mềm
12372,DCN,ky-thuat-san-xuat-thong-minh,A00,Điểm học bạ,2023,26.76,Kỹ thuật sản xuất thông minh
12373,DCN,ky-thuat-san-xuat-thong-minh,A01,Điểm học bạ,2023,26.76,Kỹ thuật sản xuất thông minh
12374,DCN,ky-thuat-san-xuat-thong-minh,A00,Điểm thi THPT,2023,20.0,Kỹ thuật sản xuất thông minh
12375,DCN,ky-thuat-san-xuat-thong-minh,A01,Điểm thi THPT,2023,20.0,Kỹ thuật sản xuất thông minh
12376,DCN,ky-thuat-san-xuat-thong-minh,A00,Điểm học bạ,2024,26.99,Kỹ thuật sản xuất thông minh
12377,DCN,ky-thuat-san-xuat-thong-minh,A01,Điểm học bạ,2024,26.99,Kỹ thuật sản xuất thông minh
12378,DCN,ky-thuat-san-xuat-thong-minh,A00,Điểm thi THPT,2024,22.6,Kỹ thuật sản xuất thông minh
12379,DCN,ky-thuat-san-xuat-thong-minh,A01,Điểm thi THPT,2024,22.6,Kỹ thuật sản xuất thông minh
12380,DCN,ky-thuat-san-xuat-thong-minh,A00,Điểm học bạ,2025,22.5,Kỹ thuật sản xuất thông minh
12381,DCN,ky-thuat-san-xuat-thong-minh,A01,Điểm học bạ,2025,22.5,Kỹ thuật sản xuất thông minh
12382,DCN,ky-thuat-san-xuat-thong-minh,X06,Điểm học bạ,2025,22.5,Kỹ thuật sản xuất thông minh
12383,DCN,ky-thuat-san-xuat-thong-minh,X07,Điểm học bạ,2025,22.5,Kỹ thuật sản xuất thông minh
12384,DCN,ky-thuat-san-xuat-thong-minh,A00,Điểm thi THPT,2025,22.5,Kỹ thuật sản xuất thông minh
12385,DCN,ky-thuat-san-xuat-thong-minh,A01,Điểm thi THPT,2025,22.5,Kỹ thuật sản xuất thông minh
12386,DCN,ky-thuat-san-xuat-thong-minh,X06,Điểm thi THPT,2025,22.5,Kỹ thuật sản xuất thông minh
12387,DCN,ky-thuat-san-xuat-thong-minh,X07,Điểm thi THPT,2025,22.5,Kỹ thuật sản xuất thông minh
12388,DCN,logistics-va-quan-ly-chuoi-cung-ung,A00,Điểm thi THPT,2021,26.1,Logistics và quản lý chuỗi cung ứng
12389,DCN,logistics-va-quan-ly-chuoi-cung-ung,A01,Điểm thi THPT,2021,26.1,Logistics và quản lý chuỗi cung ứng
12390,DCN,logistics-va-quan-ly-chuoi-cung-ung,D01,Điểm thi THPT,2021,26.1,Logistics và quản lý chuỗi cung ứng
12391,DCN,logistics-va-quan-ly-chuoi-cung-ung,A00,Điểm học bạ,2022,29.38,Logistics và quản lý chuỗi cung ứng
12392,DCN,logistics-va-quan-ly-chuoi-cung-ung,A01,Điểm học bạ,2022,29.38,Logistics và quản lý chuỗi cung ứng
12393,DCN,logistics-va-quan-ly-chuoi-cung-ung,D01,Điểm học bạ,2022,29.38,Logistics và quản lý chuỗi cung ứng
12394,DCN,logistics-va-quan-ly-chuoi-cung-ung,A00,Điểm thi THPT,2022,25.75,Logistics và quản lý chuỗi cung ứng
12395,DCN,logistics-va-quan-ly-chuoi-cung-ung,A01,Điểm thi THPT,2022,25.75,Logistics và quản lý chuỗi cung ứng
12396,DCN,logistics-va-quan-ly-chuoi-cung-ung,D01,Điểm thi THPT,2022,25.75,Logistics và quản lý chuỗi cung ứng
12397,DCN,logistics-va-quan-ly-chuoi-cung-ung,A00,Điểm học bạ,2023,28.6,Logistics và quản lý chuỗi cung ứng
12398,DCN,logistics-va-quan-ly-chuoi-cung-ung,B00,Điểm học bạ,2023,28.6,Logistics và quản lý chuỗi cung ứng
12399,DCN,logistics-va-quan-ly-chuoi-cung-ung,D07,Điểm học bạ,2023,28.6,Logistics và quản lý chuỗi cung ứng
12400,DCN,logistics-va-quan-ly-chuoi-cung-ung,A00,Điểm thi THPT,2023,25.52,Logistics và quản lý chuỗi cung ứng
12401,DCN,logistics-va-quan-ly-chuoi-cung-ung,A01,Điểm thi THPT,2023,25.52,Logistics và quản lý chuỗi cung ứng
12402,DCN,logistics-va-quan-ly-chuoi-cung-ung,D01,Điểm thi THPT,2023,25.52,Logistics và quản lý chuỗi cung ứng
12403,DCN,logistics-va-quan-ly-chuoi-cung-ung,A00,Điểm học bạ,2024,28.91,Logistics và quản lý chuỗi cung ứng
12404,DCN,logistics-va-quan-ly-chuoi-cung-ung,A01,Điểm học bạ,2024,28.91,Logistics và quản lý chuỗi cung ứng
12405,DCN,logistics-va-quan-ly-chuoi-cung-ung,D01,Điểm học bạ,2024,28.91,Logistics và quản lý chuỗi cung ứng
12406,DCN,logistics-va-quan-ly-chuoi-cung-ung,A00,Điểm thi THPT,2024,25.89,Logistics và quản lý chuỗi cung ứng
12407,DCN,logistics-va-quan-ly-chuoi-cung-ung,B00,Điểm thi THPT,2024,25.89,Logistics và quản lý chuỗi cung ứng
12408,DCN,logistics-va-quan-ly-chuoi-cung-ung,D01,Điểm thi THPT,2024,25.89,Logistics và quản lý chuỗi cung ứng
12409,DCN,logistics-va-quan-ly-chuoi-cung-ung,A01,Điểm học bạ,2025,22.76,Logistics và quản lý chuỗi cung ứng
12410,DCN,logistics-va-quan-ly-chuoi-cung-ung,D01,Điểm học bạ,2025,22.76,Logistics và quản lý chuỗi cung ứng
12411,DCN,logistics-va-quan-ly-chuoi-cung-ung,X25,Điểm học bạ,2025,22.76,Logistics và quản lý chuỗi cung ứng
12412,DCN,logistics-va-quan-ly-chuoi-cung-ung,A01,Điểm thi THPT,2025,22.76,Logistics và quản lý chuỗi cung ứng
12413,DCN,logistics-va-quan-ly-chuoi-cung-ung,D01,Điểm thi THPT,2025,22.76,Logistics và quản lý chuỗi cung ứng
12414,DCN,logistics-va-quan-ly-chuoi-cung-ung,X25,Điểm thi THPT,2025,22.76,Logistics và quản lý chuỗi cung ứng
12415,DCN,mang-may-tinh-va-truyen-thong-du-lieu,A00,Điểm thi THPT,2021,25.05,Mạng máy tính và truyền thông dữ liệu
12416,DCN,mang-may-tinh-va-truyen-thong-du-lieu,A01,Điểm thi THPT,2021,25.05,Mạng máy tính và truyền thông dữ liệu
12417,DCN,mang-may-tinh-va-truyen-thong-du-lieu,A00,Điểm học bạ,2022,28.61,Mạng máy tính và truyền thông dữ liệu
12418,DCN,mang-may-tinh-va-truyen-thong-du-lieu,A01,Điểm học bạ,2022,28.61,Mạng máy tính và truyền thông dữ liệu
12419,DCN,mang-may-tinh-va-truyen-thong-du-lieu,A00,Điểm thi THPT,2022,24.65,Mạng máy tính và truyền thông dữ liệu
12420,DCN,mang-may-tinh-va-truyen-thong-du-lieu,A01,Điểm thi THPT,2022,24.65,Mạng máy tính và truyền thông dữ liệu
12421,DCN,mang-may-tinh-va-truyen-thong-du-lieu,A00,Điểm học bạ,2023,28.04,Mạng máy tính và truyền thông dữ liệu
12422,DCN,mang-may-tinh-va-truyen-thong-du-lieu,A01,Điểm học bạ,2023,28.04,Mạng máy tính và truyền thông dữ liệu
12423,DCN,mang-may-tinh-va-truyen-thong-du-lieu,A00,Điểm thi THPT,2023,24.17,Mạng máy tính và truyền thông dữ liệu
12424,DCN,mang-may-tinh-va-truyen-thong-du-lieu,A01,Điểm thi THPT,2023,24.17,Mạng máy tính và truyền thông dữ liệu
12425,DCN,mang-may-tinh-va-truyen-thong-du-lieu,A00,Điểm học bạ,2024,28.16,Mạng máy tính và truyền thông dữ liệu
12426,DCN,mang-may-tinh-va-truyen-thong-du-lieu,A01,Điểm học bạ,2024,28.16,Mạng máy tính và truyền thông dữ liệu
12427,DCN,mang-may-tinh-va-truyen-thong-du-lieu,A00,Điểm thi THPT,2024,24.35,Mạng máy tính và truyền thông dữ liệu
12428,DCN,mang-may-tinh-va-truyen-thong-du-lieu,A01,Điểm thi THPT,2024,24.35,Mạng máy tính và truyền thông dữ liệu
12429,DCN,mang-may-tinh-va-truyen-thong-du-lieu,A00,Điểm học bạ,2025,21.7,Mạng máy tính và truyền thông dữ liệu
12430,DCN,mang-may-tinh-va-truyen-thong-du-lieu,A01,Điểm học bạ,2025,21.7,Mạng máy tính và truyền thông dữ liệu
12431,DCN,mang-may-tinh-va-truyen-thong-du-lieu,X06,Điểm học bạ,2025,21.7,Mạng máy tính và truyền thông dữ liệu
12432,DCN,mang-may-tinh-va-truyen-thong-du-lieu,X07,Điểm học bạ,2025,21.7,Mạng máy tính và truyền thông dữ liệu
12433,DCN,mang-may-tinh-va-truyen-thong-du-lieu,A00,Điểm thi THPT,2025,21.7,Mạng máy tính và truyền thông dữ liệu
12434,DCN,mang-may-tinh-va-truyen-thong-du-lieu,A01,Điểm thi THPT,2025,21.7,Mạng máy tính và truyền thông dữ liệu
12435,DCN,mang-may-tinh-va-truyen-thong-du-lieu,X06,Điểm thi THPT,2025,21.7,Mạng máy tính và truyền thông dữ liệu
12436,DCN,mang-may-tinh-va-truyen-thong-du-lieu,X07,Điểm thi THPT,2025,21.7,Mạng máy tính và truyền thông dữ liệu
12437,DCN,marketing,A00,Điểm thi THPT,2021,26.1,Marketing
12438,DCN,marketing,A01,Điểm thi THPT,2021,26.1,Marketing
12439,DCN,marketing,D01,Điểm thi THPT,2021,26.1,Marketing
12440,DCN,marketing,A00,Điểm học bạ,2022,28.8,Marketing
12441,DCN,marketing,A01,Điểm học bạ,2022,28.8,Marketing
12442,DCN,marketing,D01,Điểm học bạ,2022,28.8,Marketing
12443,DCN,marketing,A00,Điểm thi THPT,2022,25.6,Marketing
12444,DCN,marketing,A01,Điểm thi THPT,2022,25.6,Marketing
12445,DCN,marketing,D01,Điểm thi THPT,2022,25.6,Marketing
12446,DCN,marketing,A00,Điểm học bạ,2023,28.1,Marketing
12447,DCN,marketing,A01,Điểm học bạ,2023,28.1,Marketing
12448,DCN,marketing,D01,Điểm học bạ,2023,28.1,Marketing
12449,DCN,marketing,A00,Điểm thi THPT,2023,25.24,Marketing
12450,DCN,marketing,A01,Điểm thi THPT,2023,25.24,Marketing
12451,DCN,marketing,D01,Điểm thi THPT,2023,25.24,Marketing
12452,DCN,marketing,A00,Điểm học bạ,2024,28.55,Marketing
12453,DCN,marketing,A01,Điểm học bạ,2024,28.55,Marketing
12454,DCN,marketing,D01,Điểm học bạ,2024,28.55,Marketing
12455,DCN,marketing,A00,Điểm thi THPT,2024,25.33,Marketing
12456,DCN,marketing,A01,Điểm thi THPT,2024,25.33,Marketing
12457,DCN,marketing,D01,Điểm thi THPT,2024,25.33,Marketing
12458,DCN,marketing,A01,Điểm học bạ,2025,22.5,Marketing
12459,DCN,marketing,D01,Điểm học bạ,2025,22.5,Marketing
12460,DCN,marketing,X25,Điểm học bạ,2025,22.5,Marketing
12461,DCN,marketing,A01,Điểm thi THPT,2025,22.5,Marketing
12462,DCN,marketing,D01,Điểm thi THPT,2025,22.5,Marketing
12463,DCN,marketing,X25,Điểm thi THPT,2025,22.5,Marketing
12464,DCN,nang-luong-tai-tao,A00,Điểm học bạ,2023,26.3,Năng lượng tái tạo
12465,DCN,nang-luong-tai-tao,A01,Điểm học bạ,2023,26.3,Năng lượng tái tạo
12466,DCN,nang-luong-tai-tao,A00,Điểm thi THPT,2023,19.0,Năng lượng tái tạo
12467,DCN,nang-luong-tai-tao,A01,Điểm thi THPT,2023,19.0,Năng lượng tái tạo
12468,DCN,nang-luong-tai-tao,A00,Điểm học bạ,2024,27.0,Năng lượng tái tạo
12469,DCN,nang-luong-tai-tao,A01,Điểm học bạ,2024,27.0,Năng lượng tái tạo
12470,DCN,nang-luong-tai-tao,A00,Điểm thi THPT,2024,20.65,Năng lượng tái tạo
12471,DCN,nang-luong-tai-tao,A01,Điểm thi THPT,2024,20.65,Năng lượng tái tạo
12472,DCN,nang-luong-tai-tao,A00,Điểm học bạ,2025,20.75,Năng lượng tái tạo
12473,DCN,nang-luong-tai-tao,A01,Điểm học bạ,2025,20.75,Năng lượng tái tạo
12474,DCN,nang-luong-tai-tao,X06,Điểm học bạ,2025,20.75,Năng lượng tái tạo
12475,DCN,nang-luong-tai-tao,X07,Điểm học bạ,2025,20.75,Năng lượng tái tạo
12476,DCN,nang-luong-tai-tao,A00,Điểm thi THPT,2025,20.75,Năng lượng tái tạo
12477,DCN,nang-luong-tai-tao,A01,Điểm thi THPT,2025,20.75,Năng lượng tái tạo
12478,DCN,nang-luong-tai-tao,X06,Điểm thi THPT,2025,20.75,Năng lượng tái tạo
12479,DCN,nang-luong-tai-tao,X07,Điểm thi THPT,2025,20.75,Năng lượng tái tạo
12480,DCN,ngon-ngu-anh,D01,Điểm thi THPT,2021,25.89,Ngôn ngữ Anh
12481,DCN,ngon-ngu-anh,D01,Điểm học bạ,2022,27.6,Ngôn ngữ Anh
12482,DCN,ngon-ngu-anh,D01,Điểm thi THPT,2022,24.09,Ngôn ngữ Anh
12483,DCN,ngon-ngu-anh,D01,Điểm học bạ,2023,27.09,Ngôn ngữ Anh
12484,DCN,ngon-ngu-anh,D01,Điểm thi THPT,2023,24.3,Ngôn ngữ Anh
12485,DCN,ngon-ngu-anh,D01,Điểm học bạ,2024,27.37,Ngôn ngữ Anh
12486,DCN,ngon-ngu-anh,D01,Điểm thi THPT,2024,24.68,Ngôn ngữ Anh
12487,DCN,ngon-ngu-anh,D01,Điểm học bạ,2025,21.35,Ngôn ngữ Anh
12488,DCN,ngon-ngu-anh,D01,Điểm thi THPT,2025,21.35,Ngôn ngữ Anh
12489,DCN,ngon-ngu-han-quoc,D01,Điểm thi THPT,2021,26.45,Ngôn ngữ Hàn Quốc
12490,DCN,ngon-ngu-han-quoc,D01,Điểm học bạ,2022,27.09,Ngôn ngữ Hàn Quốc
12491,DCN,ngon-ngu-han-quoc,D01,Điểm thi THPT,2022,24.55,Ngôn ngữ Hàn Quốc
12492,DCN,ngon-ngu-han-quoc,D01,Điểm học bạ,2023,27.2,Ngôn ngữ Hàn Quốc
12493,DCN,ngon-ngu-han-quoc,D01,Điểm thi THPT,2023,24.92,Ngôn ngữ Hàn Quốc
12494,DCN,ngon-ngu-han-quoc,D01,Điểm học bạ,2024,27.22,Ngôn ngữ Hàn Quốc
12495,DCN,ngon-ngu-han-quoc,D01,Điểm thi THPT,2024,24.86,Ngôn ngữ Hàn Quốc
12496,DCN,ngon-ngu-han-quoc,D01,Điểm học bạ,2025,21.5,Ngôn ngữ Hàn Quốc
12497,DCN,ngon-ngu-han-quoc,D01,Điểm thi THPT,2025,21.5,Ngôn ngữ Hàn Quốc
12498,DCN,ngon-ngu-hoc,C00,Điểm học bạ,2023,26.59,Ngôn ngữ học
12499,DCN,ngon-ngu-hoc,D01,Điểm học bạ,2023,26.59,Ngôn ngữ học
12500,DCN,ngon-ngu-hoc,D14,Điểm học bạ,2023,26.59,Ngôn ngữ học
12501,DCN,ngon-ngu-hoc,C00,Điểm thi THPT,2023,22.25,Ngôn ngữ học
12502,DCN,ngon-ngu-hoc,D01,Điểm thi THPT,2023,22.25,Ngôn ngữ học
12503,DCN,ngon-ngu-hoc,D14,Điểm thi THPT,2023,22.25,Ngôn ngữ học
12504,DCN,ngon-ngu-hoc,C00,Điểm học bạ,2024,26.75,Ngôn ngữ học
12505,DCN,ngon-ngu-hoc,D01,Điểm học bạ,2024,26.75,Ngôn ngữ học
12506,DCN,ngon-ngu-hoc,D14,Điểm học bạ,2024,26.75,Ngôn ngữ học
12507,DCN,ngon-ngu-hoc,C00,Điểm thi THPT,2024,25.25,Ngôn ngữ học
12508,DCN,ngon-ngu-hoc,D01,Điểm thi THPT,2024,25.25,Ngôn ngữ học
12509,DCN,ngon-ngu-hoc,D14,Điểm thi THPT,2024,25.25,Ngôn ngữ học
12510,DCN,ngon-ngu-hoc,D01,Điểm học bạ,2025,20.0,Ngôn ngữ học
12511,DCN,ngon-ngu-hoc,D14,Điểm học bạ,2025,20.0,Ngôn ngữ học
12512,DCN,ngon-ngu-hoc,D01,Điểm thi THPT,2025,20.0,Ngôn ngữ học
12513,DCN,ngon-ngu-hoc,D14,Điểm thi THPT,2025,20.0,Ngôn ngữ học
12514,DCN,ngon-ngu-nhat,D01,Điểm thi THPT,2021,25.81,Ngôn ngữ Nhật
12515,DCN,ngon-ngu-nhat,D06,Điểm thi THPT,2021,25.81,Ngôn ngữ Nhật
12516,DCN,ngon-ngu-nhat,D01,Điểm học bạ,2022,26.41,Ngôn ngữ Nhật
12517,DCN,ngon-ngu-nhat,D06,Điểm học bạ,2022,26.41,Ngôn ngữ Nhật
12518,DCN,ngon-ngu-nhat,D01,Điểm thi THPT,2022,23.78,Ngôn ngữ Nhật
12519,DCN,ngon-ngu-nhat,D06,Điểm thi THPT,2022,23.78,Ngôn ngữ Nhật
12520,DCN,ngon-ngu-nhat,D01,Điểm học bạ,2023,26.68,Ngôn ngữ Nhật
12521,DCN,ngon-ngu-nhat,D06,Điểm học bạ,2023,26.68,Ngôn ngữ Nhật
12522,DCN,ngon-ngu-nhat,D01,Điểm thi THPT,2023,24.02,Ngôn ngữ Nhật
12523,DCN,ngon-ngu-nhat,D06,Điểm thi THPT,2023,24.02,Ngôn ngữ Nhật
12524,DCN,ngon-ngu-nhat,D01,Điểm học bạ,2024,27.0,Ngôn ngữ Nhật
12525,DCN,ngon-ngu-nhat,D06,Điểm học bạ,2024,27.0,Ngôn ngữ Nhật
12526,DCN,ngon-ngu-nhat,D01,Điểm thi THPT,2024,24.0,Ngôn ngữ Nhật
12527,DCN,ngon-ngu-nhat,D06,Điểm thi THPT,2024,24.0,Ngôn ngữ Nhật
12528,DCN,ngon-ngu-nhat,D01,Điểm học bạ,2025,20.0,Ngôn ngữ Nhật
12529,DCN,ngon-ngu-nhat,D06,Điểm học bạ,2025,20.0,Ngôn ngữ Nhật
12530,DCN,ngon-ngu-nhat,D01,Điểm thi THPT,2025,20.0,Ngôn ngữ Nhật
12531,DCN,ngon-ngu-nhat,D06,Điểm thi THPT,2025,20.0,Ngôn ngữ Nhật
12532,DCN,ngon-ngu-trung-quoc,D01,Điểm thi THPT,2021,26.19,Ngôn ngữ Trung Quốc
12533,DCN,ngon-ngu-trung-quoc,D04,Điểm thi THPT,2021,26.19,Ngôn ngữ Trung Quốc
12534,DCN,ngon-ngu-trung-quoc,D01,Điểm học bạ,2022,27.1,Ngôn ngữ Trung Quốc
12535,DCN,ngon-ngu-trung-quoc,D04,Điểm học bạ,2022,27.1,Ngôn ngữ Trung Quốc
12536,DCN,ngon-ngu-trung-quoc,D01,Điểm thi THPT,2022,24.73,Ngôn ngữ Trung Quốc
12537,DCN,ngon-ngu-trung-quoc,D04,Điểm thi THPT,2022,24.73,Ngôn ngữ Trung Quốc
12538,DCN,ngon-ngu-trung-quoc,D01,Điểm học bạ,2023,27.34,Ngôn ngữ Trung Quốc
12539,DCN,ngon-ngu-trung-quoc,D04,Điểm học bạ,2023,27.34,Ngôn ngữ Trung Quốc
12540,DCN,ngon-ngu-trung-quoc,D01,Điểm thi THPT,2023,24.86,Ngôn ngữ Trung Quốc
12541,DCN,ngon-ngu-trung-quoc,D04,Điểm thi THPT,2023,24.86,Ngôn ngữ Trung Quốc
12542,DCN,ngon-ngu-trung-quoc,D01,Điểm học bạ,2024,27.62,Ngôn ngữ Trung Quốc
12543,DCN,ngon-ngu-trung-quoc,D04,Điểm học bạ,2024,27.62,Ngôn ngữ Trung Quốc
12544,DCN,ngon-ngu-trung-quoc,D01,Điểm thi THPT,2024,25.58,Ngôn ngữ Trung Quốc
12545,DCN,ngon-ngu-trung-quoc,D04,Điểm thi THPT,2024,25.58,Ngôn ngữ Trung Quốc
12546,DCN,ngon-ngu-trung-quoc,D01,Điểm học bạ,2025,23.0,Ngôn ngữ Trung Quốc
12547,DCN,ngon-ngu-trung-quoc,D04,Điểm học bạ,2025,23.0,Ngôn ngữ Trung Quốc
12548,DCN,ngon-ngu-trung-quoc,D01,Điểm thi THPT,2025,23.0,Ngôn ngữ Trung Quốc
12549,DCN,ngon-ngu-trung-quoc,D04,Điểm thi THPT,2025,23.0,Ngôn ngữ Trung Quốc
12550,DCN,phan-tich-du-lieu-kinh-doanh,A00,Điểm thi THPT,2021,23.8,Phân tích dữ liệu kinh doanh
12551,DCN,phan-tich-du-lieu-kinh-doanh,A01,Điểm thi THPT,2021,23.8,Phân tích dữ liệu kinh doanh
12552,DCN,phan-tich-du-lieu-kinh-doanh,D01,Điểm thi THPT,2021,23.8,Phân tích dữ liệu kinh doanh
12553,DCN,phan-tich-du-lieu-kinh-doanh,A00,Điểm học bạ,2022,28.4,Phân tích dữ liệu kinh doanh
12554,DCN,phan-tich-du-lieu-kinh-doanh,A01,Điểm học bạ,2022,28.4,Phân tích dữ liệu kinh doanh
12555,DCN,phan-tich-du-lieu-kinh-doanh,D01,Điểm học bạ,2022,28.4,Phân tích dữ liệu kinh doanh
12556,DCN,phan-tich-du-lieu-kinh-doanh,A00,Điểm thi THPT,2022,24.5,Phân tích dữ liệu kinh doanh
12557,DCN,phan-tich-du-lieu-kinh-doanh,A01,Điểm thi THPT,2022,24.5,Phân tích dữ liệu kinh doanh
12558,DCN,phan-tich-du-lieu-kinh-doanh,D01,Điểm thi THPT,2022,24.5,Phân tích dữ liệu kinh doanh
12559,DCN,phan-tich-du-lieu-kinh-doanh,A00,Điểm học bạ,2023,27.36,Phân tích dữ liệu kinh doanh
12560,DCN,phan-tich-du-lieu-kinh-doanh,A01,Điểm học bạ,2023,27.36,Phân tích dữ liệu kinh doanh
12561,DCN,phan-tich-du-lieu-kinh-doanh,D01,Điểm học bạ,2023,27.36,Phân tích dữ liệu kinh doanh
12562,DCN,phan-tich-du-lieu-kinh-doanh,A00,Điểm thi THPT,2023,23.67,Phân tích dữ liệu kinh doanh
12563,DCN,phan-tich-du-lieu-kinh-doanh,A01,Điểm thi THPT,2023,23.67,Phân tích dữ liệu kinh doanh
12564,DCN,phan-tich-du-lieu-kinh-doanh,D01,Điểm thi THPT,2023,23.67,Phân tích dữ liệu kinh doanh
12565,DCN,phan-tich-du-lieu-kinh-doanh,A00,Điểm học bạ,2024,27.58,Phân tích dữ liệu kinh doanh
12566,DCN,phan-tich-du-lieu-kinh-doanh,A01,Điểm học bạ,2024,27.58,Phân tích dữ liệu kinh doanh
12567,DCN,phan-tich-du-lieu-kinh-doanh,D01,Điểm học bạ,2024,27.58,Phân tích dữ liệu kinh doanh
12568,DCN,phan-tich-du-lieu-kinh-doanh,A00,Điểm thi THPT,2024,24.25,Phân tích dữ liệu kinh doanh
12569,DCN,phan-tich-du-lieu-kinh-doanh,A01,Điểm thi THPT,2024,24.25,Phân tích dữ liệu kinh doanh
12570,DCN,phan-tich-du-lieu-kinh-doanh,D01,Điểm thi THPT,2024,24.25,Phân tích dữ liệu kinh doanh
12571,DCN,phan-tich-du-lieu-kinh-doanh,A01,Điểm học bạ,2025,20.0,Phân tích dữ liệu kinh doanh
12572,DCN,phan-tich-du-lieu-kinh-doanh,D01,Điểm học bạ,2025,20.0,Phân tích dữ liệu kinh doanh
12573,DCN,phan-tich-du-lieu-kinh-doanh,X25,Điểm học bạ,2025,20.0,Phân tích dữ liệu kinh doanh
12574,DCN,phan-tich-du-lieu-kinh-doanh,A01,Điểm thi THPT,2025,20.0,Phân tích dữ liệu kinh doanh
12575,DCN,phan-tich-du-lieu-kinh-doanh,D01,Điểm thi THPT,2025,20.0,Phân tích dữ liệu kinh doanh
12576,DCN,phan-tich-du-lieu-kinh-doanh,X25,Điểm thi THPT,2025,20.0,Phân tích dữ liệu kinh doanh
12577,DCN,quan-tri-dich-vu-du-lich-va-lu-hanh,A00,Điểm thi THPT,2021,24.3,Quản trị dịch vụ du lịch và lữ hành
12578,DCN,quan-tri-dich-vu-du-lich-va-lu-hanh,A01,Điểm thi THPT,2021,24.3,Quản trị dịch vụ du lịch và lữ hành
12579,DCN,quan-tri-dich-vu-du-lich-va-lu-hanh,D01,Điểm thi THPT,2021,24.3,Quản trị dịch vụ du lịch và lữ hành
12580,DCN,quan-tri-dich-vu-du-lich-va-lu-hanh,A00,Điểm học bạ,2022,27.58,Quản trị dịch vụ du lịch và lữ hành
12581,DCN,quan-tri-dich-vu-du-lich-va-lu-hanh,A01,Điểm học bạ,2022,27.58,Quản trị dịch vụ du lịch và lữ hành
12582,DCN,quan-tri-dich-vu-du-lich-va-lu-hanh,D01,Điểm học bạ,2022,27.58,Quản trị dịch vụ du lịch và lữ hành
12583,DCN,quan-tri-dich-vu-du-lich-va-lu-hanh,A00,Điểm thi THPT,2022,23.45,Quản trị dịch vụ du lịch và lữ hành
12584,DCN,quan-tri-dich-vu-du-lich-va-lu-hanh,A01,Điểm thi THPT,2022,23.45,Quản trị dịch vụ du lịch và lữ hành
12585,DCN,quan-tri-dich-vu-du-lich-va-lu-hanh,D01,Điểm thi THPT,2022,23.45,Quản trị dịch vụ du lịch và lữ hành
12586,DCN,quan-tri-dich-vu-du-lich-va-lu-hanh,A01,Điểm học bạ,2023,27.26,Quản trị dịch vụ du lịch và lữ hành
12587,DCN,quan-tri-dich-vu-du-lich-va-lu-hanh,D01,Điểm học bạ,2023,27.26,Quản trị dịch vụ du lịch và lữ hành
12588,DCN,quan-tri-dich-vu-du-lich-va-lu-hanh,D14,Điểm học bạ,2023,27.26,Quản trị dịch vụ du lịch và lữ hành
12589,DCN,quan-tri-dich-vu-du-lich-va-lu-hanh,A01,Điểm thi THPT,2023,23.62,Quản trị dịch vụ du lịch và lữ hành
12590,DCN,quan-tri-dich-vu-du-lich-va-lu-hanh,D01,Điểm thi THPT,2023,23.62,Quản trị dịch vụ du lịch và lữ hành
12591,DCN,quan-tri-dich-vu-du-lich-va-lu-hanh,D14,Điểm thi THPT,2023,23.62,Quản trị dịch vụ du lịch và lữ hành
12592,DCN,quan-tri-dich-vu-du-lich-va-lu-hanh,A01,Điểm học bạ,2024,27.26,Quản trị dịch vụ du lịch và lữ hành
12593,DCN,quan-tri-dich-vu-du-lich-va-lu-hanh,D01,Điểm học bạ,2024,27.26,Quản trị dịch vụ du lịch và lữ hành
12594,DCN,quan-tri-dich-vu-du-lich-va-lu-hanh,D14,Điểm học bạ,2024,27.26,Quản trị dịch vụ du lịch và lữ hành
12595,DCN,quan-tri-dich-vu-du-lich-va-lu-hanh,A01,Điểm thi THPT,2024,23.77,Quản trị dịch vụ du lịch và lữ hành
12596,DCN,quan-tri-dich-vu-du-lich-va-lu-hanh,D01,Điểm thi THPT,2024,23.77,Quản trị dịch vụ du lịch và lữ hành
12597,DCN,quan-tri-dich-vu-du-lich-va-lu-hanh,D14,Điểm thi THPT,2024,23.77,Quản trị dịch vụ du lịch và lữ hành
12598,DCN,quan-tri-dich-vu-du-lich-va-lu-hanh,D01,Điểm học bạ,2025,22.25,Quản trị dịch vụ du lịch và lữ hành
12599,DCN,quan-tri-dich-vu-du-lich-va-lu-hanh,D14,Điểm học bạ,2025,22.25,Quản trị dịch vụ du lịch và lữ hành
12600,DCN,quan-tri-dich-vu-du-lich-va-lu-hanh,D15,Điểm học bạ,2025,22.25,Quản trị dịch vụ du lịch và lữ hành
12601,DCN,quan-tri-dich-vu-du-lich-va-lu-hanh,D01,Điểm thi THPT,2025,22.25,Quản trị dịch vụ du lịch và lữ hành
12602,DCN,quan-tri-dich-vu-du-lich-va-lu-hanh,D14,Điểm thi THPT,2025,22.25,Quản trị dịch vụ du lịch và lữ hành
12603,DCN,quan-tri-dich-vu-du-lich-va-lu-hanh,D15,Điểm thi THPT,2025,22.25,Quản trị dịch vụ du lịch và lữ hành
12604,DCN,quan-tri-khach-san,A00,Điểm thi THPT,2021,24.75,Quản trị khách sạn
12605,DCN,quan-tri-khach-san,A01,Điểm thi THPT,2021,24.75,Quản trị khách sạn
12606,DCN,quan-tri-khach-san,D01,Điểm thi THPT,2021,24.75,Quản trị khách sạn
12607,DCN,quan-tri-khach-san,A00,Điểm học bạ,2022,27.79,Quản trị khách sạn
12608,DCN,quan-tri-khach-san,D01,Điểm học bạ,2022,27.79,Quản trị khách sạn
12609,DCN,quan-tri-khach-san,D14,Điểm học bạ,2022,27.79,Quản trị khách sạn
12610,DCN,quan-tri-khach-san,A00,Điểm thi THPT,2022,22.45,Quản trị khách sạn
12611,DCN,quan-tri-khach-san,D01,Điểm thi THPT,2022,22.45,Quản trị khách sạn
12612,DCN,quan-tri-khach-san,D14,Điểm thi THPT,2022,22.45,Quản trị khách sạn
12613,DCN,quan-tri-khach-san,A01,Điểm học bạ,2023,27.07,Quản trị khách sạn
12614,DCN,quan-tri-khach-san,D01,Điểm học bạ,2023,27.07,Quản trị khách sạn
12615,DCN,quan-tri-khach-san,D14,Điểm học bạ,2023,27.07,Quản trị khách sạn
12616,DCN,quan-tri-khach-san,A01,Điểm thi THPT,2023,23.56,Quản trị khách sạn
12617,DCN,quan-tri-khach-san,D01,Điểm thi THPT,2023,23.56,Quản trị khách sạn
12618,DCN,quan-tri-khach-san,D14,Điểm thi THPT,2023,23.56,Quản trị khách sạn
12619,DCN,quan-tri-khach-san,A01,Điểm học bạ,2024,27.45,Quản trị khách sạn
12620,DCN,quan-tri-khach-san,D01,Điểm học bạ,2024,27.45,Quản trị khách sạn
12621,DCN,quan-tri-khach-san,D14,Điểm học bạ,2024,27.45,Quản trị khách sạn
12622,DCN,quan-tri-khach-san,A01,Điểm thi THPT,2024,23.56,Quản trị khách sạn
12623,DCN,quan-tri-khach-san,D01,Điểm thi THPT,2024,23.56,Quản trị khách sạn
12624,DCN,quan-tri-khach-san,D14,Điểm thi THPT,2024,23.56,Quản trị khách sạn
12625,DCN,quan-tri-khach-san,D01,Điểm học bạ,2025,21.75,Quản trị khách sạn
12626,DCN,quan-tri-khach-san,D14,Điểm học bạ,2025,21.75,Quản trị khách sạn
12627,DCN,quan-tri-khach-san,D15,Điểm học bạ,2025,21.75,Quản trị khách sạn
12628,DCN,quan-tri-khach-san,D01,Điểm thi THPT,2025,21.75,Quản trị khách sạn
12629,DCN,quan-tri-khach-san,D14,Điểm thi THPT,2025,21.75,Quản trị khách sạn
12630,DCN,quan-tri-khach-san,D15,Điểm thi THPT,2025,21.75,Quản trị khách sạn
12631,DCN,quan-tri-kinh-doanh,A00,Điểm thi THPT,2021,25.3,Quản trị kinh doanh
12632,DCN,quan-tri-kinh-doanh,A01,Điểm thi THPT,2021,25.3,Quản trị kinh doanh
12633,DCN,quan-tri-kinh-doanh,D01,Điểm thi THPT,2021,25.3,Quản trị kinh doanh
12634,DCN,quan-tri-kinh-doanh,A00,Điểm học bạ,2022,28.42,Quản trị kinh doanh
12635,DCN,quan-tri-kinh-doanh,A01,Điểm học bạ,2022,28.42,Quản trị kinh doanh
12636,DCN,quan-tri-kinh-doanh,D01,Điểm học bạ,2022,28.42,Quản trị kinh doanh
12637,DCN,quan-tri-kinh-doanh,A00,Điểm thi THPT,2022,24.55,Quản trị kinh doanh
12638,DCN,quan-tri-kinh-doanh,A01,Điểm thi THPT,2022,24.55,Quản trị kinh doanh
12639,DCN,quan-tri-kinh-doanh,D01,Điểm thi THPT,2022,24.55,Quản trị kinh doanh
12640,DCN,quan-tri-kinh-doanh,A00,Điểm học bạ,2023,27.7,Quản trị kinh doanh
12641,DCN,quan-tri-kinh-doanh,A01,Điểm học bạ,2023,27.7,Quản trị kinh doanh
12642,DCN,quan-tri-kinh-doanh,D01,Điểm học bạ,2023,27.7,Quản trị kinh doanh
12643,DCN,quan-tri-kinh-doanh,A00,Điểm thi THPT,2023,24.21,Quản trị kinh doanh
12644,DCN,quan-tri-kinh-doanh,A01,Điểm thi THPT,2023,24.21,Quản trị kinh doanh
12645,DCN,quan-tri-kinh-doanh,D01,Điểm thi THPT,2023,24.21,Quản trị kinh doanh
12646,DCN,quan-tri-kinh-doanh,A00,Điểm học bạ,2024,27.87,Quản trị kinh doanh
12647,DCN,quan-tri-kinh-doanh,A01,Điểm học bạ,2024,27.87,Quản trị kinh doanh
12648,DCN,quan-tri-kinh-doanh,D01,Điểm học bạ,2024,27.87,Quản trị kinh doanh
12649,DCN,quan-tri-kinh-doanh,A00,Điểm thi THPT,2024,24.31,Quản trị kinh doanh
12650,DCN,quan-tri-kinh-doanh,A01,Điểm thi THPT,2024,24.31,Quản trị kinh doanh
12651,DCN,quan-tri-kinh-doanh,D01,Điểm thi THPT,2024,24.31,Quản trị kinh doanh
12652,DCN,quan-tri-kinh-doanh,A01,Điểm học bạ,2025,20.25,Quản trị kinh doanh
12653,DCN,quan-tri-kinh-doanh,D01,Điểm học bạ,2025,20.25,Quản trị kinh doanh
12654,DCN,quan-tri-kinh-doanh,X25,Điểm học bạ,2025,20.25,Quản trị kinh doanh
12655,DCN,quan-tri-kinh-doanh,A01,Điểm thi THPT,2025,20.25,Quản trị kinh doanh
12656,DCN,quan-tri-kinh-doanh,D01,Điểm thi THPT,2025,20.25,Quản trị kinh doanh
12657,DCN,quan-tri-kinh-doanh,X25,Điểm thi THPT,2025,20.25,Quản trị kinh doanh
12658,DCN,quan-tri-nha-hang-va-dich-vi-an-uong,A01,Điểm học bạ,2022,27.26,Quản trị nhà hàng và dịch vị ăn uống
12659,DCN,quan-tri-nha-hang-va-dich-vi-an-uong,D01,Điểm học bạ,2022,27.26,Quản trị nhà hàng và dịch vị ăn uống
12660,DCN,quan-tri-nha-hang-va-dich-vi-an-uong,D14,Điểm học bạ,2022,27.26,Quản trị nhà hàng và dịch vị ăn uống
12661,DCN,quan-tri-nha-hang-va-dich-vi-an-uong,A01,Điểm thi THPT,2022,19.4,Quản trị nhà hàng và dịch vị ăn uống
12662,DCN,quan-tri-nha-hang-va-dich-vi-an-uong,D01,Điểm thi THPT,2022,19.4,Quản trị nhà hàng và dịch vị ăn uống
12663,DCN,quan-tri-nha-hang-va-dich-vi-an-uong,D14,Điểm thi THPT,2022,19.4,Quản trị nhà hàng và dịch vị ăn uống
12664,DCN,quan-tri-nha-hang-va-dich-vu-an-uong,A01,Điểm học bạ,2023,26.27,Quản trị nhà hàng và dịch vụ ăn uống
12665,DCN,quan-tri-nha-hang-va-dich-vu-an-uong,D01,Điểm học bạ,2023,26.27,Quản trị nhà hàng và dịch vụ ăn uống
12666,DCN,quan-tri-nha-hang-va-dich-vu-an-uong,D14,Điểm học bạ,2023,26.27,Quản trị nhà hàng và dịch vụ ăn uống
12667,DCN,quan-tri-nha-hang-va-dich-vu-an-uong,A01,Điểm thi THPT,2023,22.8,Quản trị nhà hàng và dịch vụ ăn uống
12668,DCN,quan-tri-nha-hang-va-dich-vu-an-uong,D01,Điểm thi THPT,2023,22.8,Quản trị nhà hàng và dịch vụ ăn uống
12669,DCN,quan-tri-nha-hang-va-dich-vu-an-uong,D14,Điểm thi THPT,2023,22.8,Quản trị nhà hàng và dịch vụ ăn uống
12670,DCN,quan-tri-nha-hang-va-dich-vu-an-uong,A01,Điểm học bạ,2024,27.03,Quản trị nhà hàng và dịch vụ ăn uống
12671,DCN,quan-tri-nha-hang-va-dich-vu-an-uong,D01,Điểm học bạ,2024,27.03,Quản trị nhà hàng và dịch vụ ăn uống
12672,DCN,quan-tri-nha-hang-va-dich-vu-an-uong,D14,Điểm học bạ,2024,27.03,Quản trị nhà hàng và dịch vụ ăn uống
12673,DCN,quan-tri-nha-hang-va-dich-vu-an-uong,A01,Điểm thi THPT,2024,23.19,Quản trị nhà hàng và dịch vụ ăn uống
12674,DCN,quan-tri-nha-hang-va-dich-vu-an-uong,D01,Điểm thi THPT,2024,23.19,Quản trị nhà hàng và dịch vụ ăn uống
12675,DCN,quan-tri-nha-hang-va-dich-vu-an-uong,D14,Điểm thi THPT,2024,23.19,Quản trị nhà hàng và dịch vụ ăn uống
12676,DCN,quan-tri-nha-hang-va-dich-vu-an-uong,D01,Điểm học bạ,2025,20.85,Quản trị nhà hàng và dịch vụ ăn uống
12677,DCN,quan-tri-nha-hang-va-dich-vu-an-uong,D14,Điểm học bạ,2025,20.85,Quản trị nhà hàng và dịch vụ ăn uống
12678,DCN,quan-tri-nha-hang-va-dich-vu-an-uong,D15,Điểm học bạ,2025,20.85,Quản trị nhà hàng và dịch vụ ăn uống
12679,DCN,quan-tri-nha-hang-va-dich-vu-an-uong,D01,Điểm thi THPT,2025,20.85,Quản trị nhà hàng và dịch vụ ăn uống
12680,DCN,quan-tri-nha-hang-va-dich-vu-an-uong,D14,Điểm thi THPT,2025,20.85,Quản trị nhà hàng và dịch vụ ăn uống
12681,DCN,quan-tri-nha-hang-va-dich-vu-an-uong,D15,Điểm thi THPT,2025,20.85,Quản trị nhà hàng và dịch vụ ăn uống
12682,DCN,quan-tri-nhan-luc,A00,Điểm thi THPT,2021,25.65,Quản trị nhân lực
12683,DCN,quan-tri-nhan-luc,A01,Điểm thi THPT,2021,25.65,Quản trị nhân lực
12684,DCN,quan-tri-nhan-luc,D01,Điểm thi THPT,2021,25.65,Quản trị nhân lực
12685,DCN,quan-tri-nhan-luc,A00,Điểm học bạ,2022,28.04,Quản trị nhân lực
12686,DCN,quan-tri-nhan-luc,A01,Điểm học bạ,2022,28.04,Quản trị nhân lực
12687,DCN,quan-tri-nhan-luc,D01,Điểm học bạ,2022,28.04,Quản trị nhân lực
12688,DCN,quan-tri-nhan-luc,A00,Điểm thi THPT,2022,24.95,Quản trị nhân lực
12689,DCN,quan-tri-nhan-luc,A01,Điểm thi THPT,2022,24.95,Quản trị nhân lực
12690,DCN,quan-tri-nhan-luc,D01,Điểm thi THPT,2022,24.95,Quản trị nhân lực
12691,DCN,quan-tri-nhan-luc,A00,Điểm học bạ,2023,27.57,Quản trị nhân lực
12692,DCN,quan-tri-nhan-luc,A01,Điểm học bạ,2023,27.57,Quản trị nhân lực
12693,DCN,quan-tri-nhan-luc,D01,Điểm học bạ,2023,27.57,Quản trị nhân lực
12694,DCN,quan-tri-nhan-luc,A00,Điểm thi THPT,2023,24.59,Quản trị nhân lực
12695,DCN,quan-tri-nhan-luc,A01,Điểm thi THPT,2023,24.59,Quản trị nhân lực
12696,DCN,quan-tri-nhan-luc,D01,Điểm thi THPT,2023,24.59,Quản trị nhân lực
12697,DCN,quan-tri-nhan-luc,A00,Điểm học bạ,2024,27.84,Quản trị nhân lực
12698,DCN,quan-tri-nhan-luc,A01,Điểm học bạ,2024,27.84,Quản trị nhân lực
12699,DCN,quan-tri-nhan-luc,D01,Điểm học bạ,2024,27.84,Quản trị nhân lực
12700,DCN,quan-tri-nhan-luc,A00,Điểm thi THPT,2024,24.8,Quản trị nhân lực
12701,DCN,quan-tri-nhan-luc,A01,Điểm thi THPT,2024,24.8,Quản trị nhân lực
12702,DCN,quan-tri-nhan-luc,D01,Điểm thi THPT,2024,24.8,Quản trị nhân lực
12703,DCN,quan-tri-nhan-luc,A01,Điểm học bạ,2025,21.25,Quản trị nhân lực
12704,DCN,quan-tri-nhan-luc,D01,Điểm học bạ,2025,21.25,Quản trị nhân lực
12705,DCN,quan-tri-nhan-luc,X25,Điểm học bạ,2025,21.25,Quản trị nhân lực
12706,DCN,quan-tri-nhan-luc,A01,Điểm thi THPT,2025,21.25,Quản trị nhân lực
12707,DCN,quan-tri-nhan-luc,D01,Điểm thi THPT,2025,21.25,Quản trị nhân lực
12708,DCN,quan-tri-nhan-luc,X25,Điểm thi THPT,2025,21.25,Quản trị nhân lực
12709,DCN,quan-tri-van-phong,A00,Điểm thi THPT,2021,24.5,Quản trị văn phòng
12710,DCN,quan-tri-van-phong,A01,Điểm thi THPT,2021,24.5,Quản trị văn phòng
12711,DCN,quan-tri-van-phong,D01,Điểm thi THPT,2021,24.5,Quản trị văn phòng
12712,DCN,quan-tri-van-phong,A00,Điểm học bạ,2022,27.29,Quản trị văn phòng
12713,DCN,quan-tri-van-phong,A01,Điểm học bạ,2022,27.29,Quản trị văn phòng
12714,DCN,quan-tri-van-phong,D01,Điểm học bạ,2022,27.29,Quản trị văn phòng
12715,DCN,quan-tri-van-phong,A00,Điểm thi THPT,2022,24.0,Quản trị văn phòng
12716,DCN,quan-tri-van-phong,A01,Điểm thi THPT,2022,24.0,Quản trị văn phòng
12717,DCN,quan-tri-van-phong,D01,Điểm thi THPT,2022,24.0,Quản trị văn phòng
12718,DCN,quan-tri-van-phong,A00,Điểm học bạ,2023,27.29,Quản trị văn phòng
12719,DCN,quan-tri-van-phong,A01,Điểm học bạ,2023,27.29,Quản trị văn phòng
12720,DCN,quan-tri-van-phong,D01,Điểm học bạ,2023,27.29,Quản trị văn phòng
12721,DCN,quan-tri-van-phong,A00,Điểm thi THPT,2023,23.09,Quản trị văn phòng
12722,DCN,quan-tri-van-phong,A01,Điểm thi THPT,2023,23.09,Quản trị văn phòng
12723,DCN,quan-tri-van-phong,D01,Điểm thi THPT,2023,23.09,Quản trị văn phòng
12724,DCN,quan-tri-van-phong,A00,Điểm học bạ,2024,27.49,Quản trị văn phòng
12725,DCN,quan-tri-van-phong,A01,Điểm học bạ,2024,27.49,Quản trị văn phòng
12726,DCN,quan-tri-van-phong,D01,Điểm học bạ,2024,27.49,Quản trị văn phòng
12727,DCN,quan-tri-van-phong,A00,Điểm thi THPT,2024,24.01,Quản trị văn phòng
12728,DCN,quan-tri-van-phong,A01,Điểm thi THPT,2024,24.01,Quản trị văn phòng
12729,DCN,quan-tri-van-phong,D01,Điểm thi THPT,2024,24.01,Quản trị văn phòng
12730,DCN,quan-tri-van-phong,A01,Điểm học bạ,2025,20.0,Quản trị văn phòng
12731,DCN,quan-tri-van-phong,D01,Điểm học bạ,2025,20.0,Quản trị văn phòng
12732,DCN,quan-tri-van-phong,X25,Điểm học bạ,2025,20.0,Quản trị văn phòng
12733,DCN,quan-tri-van-phong,A01,Điểm thi THPT,2025,20.0,Quản trị văn phòng
12734,DCN,quan-tri-van-phong,D01,Điểm thi THPT,2025,20.0,Quản trị văn phòng
12735,DCN,quan-tri-van-phong,X25,Điểm thi THPT,2025,20.0,Quản trị văn phòng
12736,DCN,robot-va-tri-tue-nhan-tao,A00,Điểm thi THPT,2021,24.2,Robot và trí tuệ nhân tạo
12737,DCN,robot-va-tri-tue-nhan-tao,A01,Điểm thi THPT,2021,24.2,Robot và trí tuệ nhân tạo
12738,DCN,robot-va-tri-tue-nhan-tao,A00,Điểm học bạ,2022,28.99,Robot và trí tuệ nhân tạo
12739,DCN,robot-va-tri-tue-nhan-tao,A01,Điểm học bạ,2022,28.99,Robot và trí tuệ nhân tạo
12740,DCN,robot-va-tri-tue-nhan-tao,A00,Điểm thi THPT,2022,24.55,Robot và trí tuệ nhân tạo
12741,DCN,robot-va-tri-tue-nhan-tao,A01,Điểm thi THPT,2022,24.55,Robot và trí tuệ nhân tạo
12742,DCN,robot-va-tri-tue-nhan-tao,A00,Điểm học bạ,2023,28.6,Robot và trí tuệ nhân tạo
12743,DCN,robot-va-tri-tue-nhan-tao,A01,Điểm học bạ,2023,28.6,Robot và trí tuệ nhân tạo
12744,DCN,robot-va-tri-tue-nhan-tao,A00,Điểm thi THPT,2023,24.54,Robot và trí tuệ nhân tạo
12745,DCN,robot-va-tri-tue-nhan-tao,A01,Điểm thi THPT,2023,24.54,Robot và trí tuệ nhân tạo
12746,DCN,robot-va-tri-tue-nhan-tao,A00,Điểm học bạ,2024,28.44,Robot và trí tuệ nhân tạo
12747,DCN,robot-va-tri-tue-nhan-tao,A01,Điểm học bạ,2024,28.44,Robot và trí tuệ nhân tạo
12748,DCN,robot-va-tri-tue-nhan-tao,A00,Điểm thi THPT,2024,25.01,Robot và trí tuệ nhân tạo
12749,DCN,robot-va-tri-tue-nhan-tao,A01,Điểm thi THPT,2024,25.01,Robot và trí tuệ nhân tạo
12750,DCN,robot-va-tri-tue-nhan-tao,A00,Điểm học bạ,2025,24.3,Robot và trí tuệ nhân tạo
12751,DCN,robot-va-tri-tue-nhan-tao,A01,Điểm học bạ,2025,24.3,Robot và trí tuệ nhân tạo
12752,DCN,robot-va-tri-tue-nhan-tao,X06,Điểm học bạ,2025,24.3,Robot và trí tuệ nhân tạo
12753,DCN,robot-va-tri-tue-nhan-tao,X07,Điểm học bạ,2025,24.3,Robot và trí tuệ nhân tạo
12754,DCN,robot-va-tri-tue-nhan-tao,A00,Điểm thi THPT,2025,24.3,Robot và trí tuệ nhân tạo
12755,DCN,robot-va-tri-tue-nhan-tao,A01,Điểm thi THPT,2025,24.3,Robot và trí tuệ nhân tạo
12756,DCN,robot-va-tri-tue-nhan-tao,X06,Điểm thi THPT,2025,24.3,Robot và trí tuệ nhân tạo
12757,DCN,robot-va-tri-tue-nhan-tao,X07,Điểm thi THPT,2025,24.3,Robot và trí tuệ nhân tạo
12758,DCN,tai-chinh-ngan-hang,A00,Điểm thi THPT,2021,25.45,Tài chính – Ngân hàng
12759,DCN,tai-chinh-ngan-hang,A01,Điểm thi THPT,2021,25.45,Tài chính – Ngân hàng
12760,DCN,tai-chinh-ngan-hang,D01,Điểm thi THPT,2021,25.45,Tài chính – Ngân hàng
12761,DCN,tai-chinh-ngan-hang,A00,Điểm học bạ,2022,28.19,Tài chính – Ngân hàng
12762,DCN,tai-chinh-ngan-hang,A01,Điểm học bạ,2022,28.19,Tài chính – Ngân hàng
12763,DCN,tai-chinh-ngan-hang,D01,Điểm học bạ,2022,28.19,Tài chính – Ngân hàng
12764,DCN,tai-chinh-ngan-hang,A00,Điểm thi THPT,2022,24.7,Tài chính – Ngân hàng
12765,DCN,tai-chinh-ngan-hang,A01,Điểm thi THPT,2022,24.7,Tài chính – Ngân hàng
12766,DCN,tai-chinh-ngan-hang,D01,Điểm thi THPT,2022,24.7,Tài chính – Ngân hàng
12767,DCN,tai-chinh-ngan-hang,A00,Điểm học bạ,2023,27.61,Tài chính – Ngân hàng
12768,DCN,tai-chinh-ngan-hang,A01,Điểm học bạ,2023,27.61,Tài chính – Ngân hàng
12769,DCN,tai-chinh-ngan-hang,D01,Điểm học bạ,2023,27.61,Tài chính – Ngân hàng
12770,DCN,tai-chinh-ngan-hang,A00,Điểm thi THPT,2023,24.4,Tài chính - Ngân hàng
12771,DCN,tai-chinh-ngan-hang,A01,Điểm thi THPT,2023,24.4,Tài chính - Ngân hàng
12772,DCN,tai-chinh-ngan-hang,D01,Điểm thi THPT,2023,24.4,Tài chính - Ngân hàng
12773,DCN,tai-chinh-ngan-hang,A00,Điểm học bạ,2024,28.01,Tài chính - Ngân hàng
12774,DCN,tai-chinh-ngan-hang,A01,Điểm học bạ,2024,28.01,Tài chính - Ngân hàng
12775,DCN,tai-chinh-ngan-hang,D01,Điểm học bạ,2024,28.01,Tài chính - Ngân hàng
12776,DCN,tai-chinh-ngan-hang,A00,Điểm thi THPT,2024,24.74,Tài chính – Ngân hàng
12777,DCN,tai-chinh-ngan-hang,A01,Điểm thi THPT,2024,24.74,Tài chính – Ngân hàng
12778,DCN,tai-chinh-ngan-hang,D01,Điểm thi THPT,2024,24.74,Tài chính – Ngân hàng
12779,DCN,tai-chinh-ngan-hang,A01,Điểm học bạ,2025,20.75,Tài chính - Ngân hàng
12780,DCN,tai-chinh-ngan-hang,D01,Điểm học bạ,2025,20.75,Tài chính - Ngân hàng
12781,DCN,tai-chinh-ngan-hang,X25,Điểm học bạ,2025,20.75,Tài chính - Ngân hàng
12782,DCN,tai-chinh-ngan-hang,A01,Điểm thi THPT,2025,20.75,Tài chính - Ngân hàng
12783,DCN,tai-chinh-ngan-hang,D01,Điểm thi THPT,2025,20.75,Tài chính - Ngân hàng
12784,DCN,tai-chinh-ngan-hang,X25,Điểm thi THPT,2025,20.75,Tài chính - Ngân hàng
12785,DCN,thiet-ke-co-khi-va-kieu-dang-cong-nghiep,A00,Điểm học bạ,2022,26.81,Thiết kế cơ khí và kiểu dáng công nghiệp
12786,DCN,thiet-ke-co-khi-va-kieu-dang-cong-nghiep,A01,Điểm học bạ,2022,26.81,Thiết kế cơ khí và kiểu dáng công nghiệp
12787,DCN,thiet-ke-co-khi-va-kieu-dang-cong-nghiep,A00,Điểm thi THPT,2022,20.0,Thiết kế cơ khí và kiểu dáng công nghiệp
12788,DCN,thiet-ke-co-khi-va-kieu-dang-cong-nghiep,A01,Điểm thi THPT,2022,20.0,Thiết kế cơ khí và kiểu dáng công nghiệp
12789,DCN,thiet-ke-co-khi-va-kieu-dang-cong-nghiep,A00,Điểm học bạ,2023,26.16,Thiết kế cơ khí và kiểu dáng công nghiệp
12790,DCN,thiet-ke-co-khi-va-kieu-dang-cong-nghiep,A01,Điểm học bạ,2023,26.16,Thiết kế cơ khí và kiểu dáng công nghiệp
12791,DCN,thiet-ke-co-khi-va-kieu-dang-cong-nghiep,A00,Điểm thi THPT,2023,20.75,Thiết kế cơ khí và kiểu dáng công nghiệp
12792,DCN,thiet-ke-co-khi-va-kieu-dang-cong-nghiep,A01,Điểm thi THPT,2023,20.75,Thiết kế cơ khí và kiểu dáng công nghiệp
12793,DCN,thiet-ke-co-khi-va-kieu-dang-cong-nghiep,A00,Điểm học bạ,2024,26.62,Thiết kế cơ khí và kiểu dáng công nghiệp
12794,DCN,thiet-ke-co-khi-va-kieu-dang-cong-nghiep,A01,Điểm học bạ,2024,26.62,Thiết kế cơ khí và kiểu dáng công nghiệp
12795,DCN,thiet-ke-co-khi-va-kieu-dang-cong-nghiep,A00,Điểm thi THPT,2024,22.3,Thiết kế cơ khí và kiểu dáng công nghiệp
12796,DCN,thiet-ke-co-khi-va-kieu-dang-cong-nghiep,A01,Điểm thi THPT,2024,22.3,Thiết kế cơ khí và kiểu dáng công nghiệp
12797,DCN,thiet-ke-co-khi-va-kieu-dang-cong-nghiep,A00,Điểm học bạ,2025,21.35,Thiết kế cơ khí và kiểu dáng công nghiệp
12798,DCN,thiet-ke-co-khi-va-kieu-dang-cong-nghiep,A01,Điểm học bạ,2025,21.35,Thiết kế cơ khí và kiểu dáng công nghiệp
12799,DCN,thiet-ke-co-khi-va-kieu-dang-cong-nghiep,X06,Điểm học bạ,2025,21.35,Thiết kế cơ khí và kiểu dáng công nghiệp
12800,DCN,thiet-ke-co-khi-va-kieu-dang-cong-nghiep,X07,Điểm học bạ,2025,21.35,Thiết kế cơ khí và kiểu dáng công nghiệp
12801,DCN,thiet-ke-co-khi-va-kieu-dang-cong-nghiep,A00,Điểm thi THPT,2025,21.35,Thiết kế cơ khí và kiểu dáng công nghiệp
12802,DCN,thiet-ke-co-khi-va-kieu-dang-cong-nghiep,A01,Điểm thi THPT,2025,21.35,Thiết kế cơ khí và kiểu dáng công nghiệp
12803,DCN,thiet-ke-co-khi-va-kieu-dang-cong-nghiep,X06,Điểm thi THPT,2025,21.35,Thiết kế cơ khí và kiểu dáng công nghiệp
12804,DCN,thiet-ke-co-khi-va-kieu-dang-cong-nghiep,X07,Điểm thi THPT,2025,21.35,Thiết kế cơ khí và kiểu dáng công nghiệp
12805,DCN,thiet-ke-thoi-trang,A00,Điểm thi THPT,2021,24.55,Thiết kế thời trang
12806,DCN,thiet-ke-thoi-trang,A01,Điểm thi THPT,2021,24.55,Thiết kế thời trang
12807,DCN,thiet-ke-thoi-trang,D01,Điểm thi THPT,2021,24.55,Thiết kế thời trang
12808,DCN,thiet-ke-thoi-trang,D14,Điểm thi THPT,2021,24.55,Thiết kế thời trang
12809,DCN,thiet-ke-thoi-trang,A00,Điểm học bạ,2022,27.77,Thiết kế thời trang
12810,DCN,thiet-ke-thoi-trang,A01,Điểm học bạ,2022,27.77,Thiết kế thời trang
12811,DCN,thiet-ke-thoi-trang,D01,Điểm học bạ,2022,27.77,Thiết kế thời trang
12812,DCN,thiet-ke-thoi-trang,D14,Điểm học bạ,2022,27.77,Thiết kế thời trang
12813,DCN,thiet-ke-thoi-trang,A00,Điểm thi THPT,2022,24.2,Thiết kế thời trang
12814,DCN,thiet-ke-thoi-trang,A01,Điểm thi THPT,2022,24.2,Thiết kế thời trang
12815,DCN,thiet-ke-thoi-trang,D01,Điểm thi THPT,2022,24.2,Thiết kế thời trang
12816,DCN,thiet-ke-thoi-trang,D14,Điểm thi THPT,2022,24.2,Thiết kế thời trang
12817,DCN,thiet-ke-thoi-trang,A00,Điểm học bạ,2023,27.23,Thiết kế thời trang
12818,DCN,thiet-ke-thoi-trang,A01,Điểm học bạ,2023,27.23,Thiết kế thời trang
12819,DCN,thiet-ke-thoi-trang,D01,Điểm học bạ,2023,27.23,Thiết kế thời trang
12820,DCN,thiet-ke-thoi-trang,D14,Điểm học bạ,2023,27.23,Thiết kế thời trang
12821,DCN,thiet-ke-thoi-trang,A00,Điểm thi THPT,2023,23.84,Thiết kế thời trang
12822,DCN,thiet-ke-thoi-trang,A01,Điểm thi THPT,2023,23.84,Thiết kế thời trang
12823,DCN,thiet-ke-thoi-trang,D01,Điểm thi THPT,2023,23.84,Thiết kế thời trang
12824,DCN,thiet-ke-thoi-trang,D14,Điểm thi THPT,2023,23.84,Thiết kế thời trang
12825,DCN,thiet-ke-thoi-trang,A00,Điểm học bạ,2024,27.17,Thiết kế thời trang
12826,DCN,thiet-ke-thoi-trang,A01,Điểm học bạ,2024,27.17,Thiết kế thời trang
12827,DCN,thiet-ke-thoi-trang,D01,Điểm học bạ,2024,27.17,Thiết kế thời trang
12828,DCN,thiet-ke-thoi-trang,D14,Điểm học bạ,2024,27.17,Thiết kế thời trang
12829,DCN,thiet-ke-thoi-trang,A00,Điểm thi THPT,2024,23.56,Thiết kế thời trang
12830,DCN,thiet-ke-thoi-trang,A01,Điểm thi THPT,2024,23.56,Thiết kế thời trang
12831,DCN,thiet-ke-thoi-trang,D01,Điểm thi THPT,2024,23.56,Thiết kế thời trang
12832,DCN,thiet-ke-thoi-trang,D14,Điểm thi THPT,2024,23.56,Thiết kế thời trang
12833,DCN,thiet-ke-thoi-trang,D01,Điểm học bạ,2025,20.75,Thiết kế thời trang
12834,DCN,thiet-ke-thoi-trang,D14,Điểm học bạ,2025,20.75,Thiết kế thời trang
12835,DCN,thiet-ke-thoi-trang,D01,Điểm thi THPT,2025,20.75,Thiết kế thời trang
12836,DCN,thiet-ke-thoi-trang,D14,Điểm thi THPT,2025,20.75,Thiết kế thời trang
12837,DCN,trung-quoc-hoc,D01,Điểm học bạ,2022,26.21,Trung Quốc học
12838,DCN,trung-quoc-hoc,D04,Điểm học bạ,2022,26.21,Trung Quốc học
12839,DCN,trung-quoc-hoc,D01,Điểm thi THPT,2022,22.73,Trung Quốc học
12840,DCN,trung-quoc-hoc,D04,Điểm thi THPT,2022,22.73,Trung Quốc học
12841,DCN,trung-quoc-hoc,D01,Điểm học bạ,2023,26.27,Trung Quốc học
12842,DCN,trung-quoc-hoc,D04,Điểm học bạ,2023,26.27,Trung Quốc học
12843,DCN,trung-quoc-hoc,D01,Điểm thi THPT,2023,23.77,Trung Quốc học
12844,DCN,trung-quoc-hoc,D04,Điểm thi THPT,2023,23.77,Trung Quốc học
12845,DCN,trung-quoc-hoc,D01,Điểm học bạ,2024,26.6,Trung Quốc học
12846,DCN,trung-quoc-hoc,D04,Điểm học bạ,2024,26.6,Trung Quốc học
12847,DCN,trung-quoc-hoc,D01,Điểm thi THPT,2024,24.51,Trung Quốc học
12848,DCN,trung-quoc-hoc,D04,Điểm thi THPT,2024,24.51,Trung Quốc học
12849,DCN,trung-quoc-hoc,D01,Điểm học bạ,2025,21.55,Trung Quốc học
12850,DCN,trung-quoc-hoc,D04,Điểm học bạ,2025,21.55,Trung Quốc học
12851,DCN,trung-quoc-hoc,D01,Điểm thi THPT,2025,21.55,Trung Quốc học
12852,DCN,trung-quoc-hoc,D04,Điểm thi THPT,2025,21.55,Trung Quốc học
12853,DCQ,bat-dong-san,A00,Điểm thi THPT,2021,15.0,Bất động sản
12854,DCQ,bat-dong-san,A01,Điểm thi THPT,2021,15.0,Bất động sản
12855,DCQ,bat-dong-san,C00,Điểm thi THPT,2021,15.0,Bất động sản
12856,DCQ,bat-dong-san,D01,Điểm thi THPT,2021,15.0,Bất động sản
12857,DCQ,bat-dong-san,A00,Điểm học bạ,2022,18.0,Bất động sản
12858,DCQ,bat-dong-san,A01,Điểm học bạ,2022,18.0,Bất động sản
12859,DCQ,bat-dong-san,C00,Điểm học bạ,2022,18.0,Bất động sản
12860,DCQ,bat-dong-san,D01,Điểm học bạ,2022,18.0,Bất động sản
12861,DCQ,bat-dong-san,A00,Điểm thi THPT,2022,15.0,Bất động sản
12862,DCQ,bat-dong-san,A01,Điểm thi THPT,2022,15.0,Bất động sản
12863,DCQ,bat-dong-san,C00,Điểm thi THPT,2022,15.0,Bất động sản
12864,DCQ,bat-dong-san,D01,Điểm thi THPT,2022,15.0,Bất động sản
12865,DCQ,bat-dong-san,A00,Điểm học bạ,2023,18.0,Bất động sản
12866,DCQ,bat-dong-san,A01,Điểm học bạ,2023,18.0,Bất động sản
12867,DCQ,bat-dong-san,C00,Điểm học bạ,2023,18.0,Bất động sản
12868,DCQ,bat-dong-san,D01,Điểm học bạ,2023,18.0,Bất động sản
12869,DCQ,bat-dong-san,A00,Điểm thi THPT,2023,15.0,Bất động sản
12870,DCQ,bat-dong-san,A01,Điểm thi THPT,2023,15.0,Bất động sản
12871,DCQ,bat-dong-san,C00,Điểm thi THPT,2023,15.0,Bất động sản
12872,DCQ,bat-dong-san,D01,Điểm thi THPT,2023,15.0,Bất động sản
12873,DCQ,bat-dong-san,A00,Điểm học bạ,2024,20.0,Bất động sản
12874,DCQ,bat-dong-san,A01,Điểm học bạ,2024,20.0,Bất động sản
12875,DCQ,bat-dong-san,C00,Điểm học bạ,2024,20.0,Bất động sản
12876,DCQ,bat-dong-san,D01,Điểm học bạ,2024,20.0,Bất động sản
12877,DCQ,bat-dong-san,A00,Điểm thi THPT,2024,16.0,Bất động sản
12878,DCQ,bat-dong-san,A01,Điểm thi THPT,2024,16.0,Bất động sản
12879,DCQ,bat-dong-san,C00,Điểm thi THPT,2024,16.0,Bất động sản
12880,DCQ,bat-dong-san,D01,Điểm thi THPT,2024,16.0,Bất động sản
12881,DCQ,bat-dong-san,C00,Điểm học bạ,2025,20.0,Bất động sản
12882,DCQ,bat-dong-san,D01,Điểm học bạ,2025,20.0,Bất động sản
12883,DCQ,bat-dong-san,X02,Điểm học bạ,2025,20.0,Bất động sản
12884,DCQ,bat-dong-san,X25,Điểm học bạ,2025,20.0,Bất động sản
12885,DCQ,bat-dong-san,C00,Điểm thi THPT,2025,16.0,Bất động sản
12886,DCQ,bat-dong-san,D01,Điểm thi THPT,2025,16.0,Bất động sản
12887,DCQ,bat-dong-san,X02,Điểm thi THPT,2025,16.0,Bất động sản
12888,DCQ,bat-dong-san,X25,Điểm thi THPT,2025,16.0,Bất động sản
12889,DCQ,cong-nghe-ky-thuat-o-to,A00,Điểm thi THPT,2021,15.0,Công nghệ kỹ thuật ô tô
12890,DCQ,cong-nghe-ky-thuat-o-to,A01,Điểm thi THPT,2021,15.0,Công nghệ kỹ thuật ô tô
12891,DCQ,cong-nghe-ky-thuat-o-to,D01,Điểm thi THPT,2021,15.0,Công nghệ kỹ thuật ô tô
12892,DCQ,cong-nghe-ky-thuat-o-to,D07,Điểm thi THPT,2021,15.0,Công nghệ kỹ thuật ô tô
12893,DCQ,cong-nghe-ky-thuat-o-to,A00,Điểm học bạ,2022,18.0,Công nghệ kỹ thuật ô tô
12894,DCQ,cong-nghe-ky-thuat-o-to,A01,Điểm học bạ,2022,18.0,Công nghệ kỹ thuật ô tô
12895,DCQ,cong-nghe-ky-thuat-o-to,D01,Điểm học bạ,2022,18.0,Công nghệ kỹ thuật ô tô
12896,DCQ,cong-nghe-ky-thuat-o-to,D07,Điểm học bạ,2022,18.0,Công nghệ kỹ thuật ô tô
12897,DCQ,cong-nghe-ky-thuat-o-to,A00,Điểm thi THPT,2022,15.0,Công nghệ kỹ thuật ô tô
12898,DCQ,cong-nghe-ky-thuat-o-to,A01,Điểm thi THPT,2022,15.0,Công nghệ kỹ thuật ô tô
12899,DCQ,cong-nghe-ky-thuat-o-to,D01,Điểm thi THPT,2022,15.0,Công nghệ kỹ thuật ô tô
12900,DCQ,cong-nghe-ky-thuat-o-to,D07,Điểm thi THPT,2022,15.0,Công nghệ kỹ thuật ô tô
12901,DCQ,cong-nghe-ky-thuat-o-to,A00,Điểm học bạ,2023,18.0,Công nghệ kỹ thuật ô tô
12902,DCQ,cong-nghe-ky-thuat-o-to,A01,Điểm học bạ,2023,18.0,Công nghệ kỹ thuật ô tô
12903,DCQ,cong-nghe-ky-thuat-o-to,D01,Điểm học bạ,2023,18.0,Công nghệ kỹ thuật ô tô
12904,DCQ,cong-nghe-ky-thuat-o-to,D07,Điểm học bạ,2023,18.0,Công nghệ kỹ thuật ô tô
12905,DCQ,cong-nghe-ky-thuat-o-to,A00,Điểm thi THPT,2023,15.0,Công nghệ kỹ thuật ô tô
12906,DCQ,cong-nghe-ky-thuat-o-to,A01,Điểm thi THPT,2023,15.0,Công nghệ kỹ thuật ô tô
12907,DCQ,cong-nghe-ky-thuat-o-to,D01,Điểm thi THPT,2023,15.0,Công nghệ kỹ thuật ô tô
12908,DCQ,cong-nghe-ky-thuat-o-to,D07,Điểm thi THPT,2023,15.0,Công nghệ kỹ thuật ô tô
12909,DCQ,cong-nghe-ky-thuat-o-to,A00,Điểm học bạ,2024,20.0,Công nghệ kỹ thuật ô tô
12910,DCQ,cong-nghe-ky-thuat-o-to,A01,Điểm học bạ,2024,20.0,Công nghệ kỹ thuật ô tô
12911,DCQ,cong-nghe-ky-thuat-o-to,D01,Điểm học bạ,2024,20.0,Công nghệ kỹ thuật ô tô
12912,DCQ,cong-nghe-ky-thuat-o-to,D07,Điểm học bạ,2024,20.0,Công nghệ kỹ thuật ô tô
12913,DCQ,cong-nghe-ky-thuat-o-to,A00,Điểm thi THPT,2024,16.0,Công nghệ kỹ thuật ô tô
12914,DCQ,cong-nghe-ky-thuat-o-to,A01,Điểm thi THPT,2024,16.0,Công nghệ kỹ thuật ô tô
12915,DCQ,cong-nghe-ky-thuat-o-to,D01,Điểm thi THPT,2024,16.0,Công nghệ kỹ thuật ô tô
12916,DCQ,cong-nghe-ky-thuat-o-to,D07,Điểm thi THPT,2024,16.0,Công nghệ kỹ thuật ô tô
12917,DCQ,cong-nghe-ky-thuat-o-to,A00,Điểm học bạ,2025,20.0,Công nghệ kỹ thuật ô tô
12918,DCQ,cong-nghe-ky-thuat-o-to,A01,Điểm học bạ,2025,20.0,Công nghệ kỹ thuật ô tô
12919,DCQ,cong-nghe-ky-thuat-o-to,X04,Điểm học bạ,2025,20.0,Công nghệ kỹ thuật ô tô
12920,DCQ,cong-nghe-ky-thuat-o-to,X07,Điểm học bạ,2025,20.0,Công nghệ kỹ thuật ô tô
12921,DCQ,cong-nghe-ky-thuat-o-to,A00,Điểm thi THPT,2025,16.0,Công nghệ kỹ thuật ô tô
12922,DCQ,cong-nghe-ky-thuat-o-to,A01,Điểm thi THPT,2025,16.0,Công nghệ kỹ thuật ô tô
12923,DCQ,cong-nghe-ky-thuat-o-to,X04,Điểm thi THPT,2025,16.0,Công nghệ kỹ thuật ô tô
12924,DCQ,cong-nghe-ky-thuat-o-to,X07,Điểm thi THPT,2025,16.0,Công nghệ kỹ thuật ô tô
12925,DCQ,cong-nghe-tai-chinh,A00,Điểm học bạ,2022,18.0,Công nghệ tài chính
12926,DCQ,cong-nghe-tai-chinh,A01,Điểm học bạ,2022,18.0,Công nghệ tài chính
12927,DCQ,cong-nghe-tai-chinh,D01,Điểm học bạ,2022,18.0,Công nghệ tài chính
12928,DCQ,cong-nghe-tai-chinh,D07,Điểm học bạ,2022,18.0,Công nghệ tài chính
12929,DCQ,cong-nghe-tai-chinh,A00,Điểm thi THPT,2022,15.0,Công nghệ tài chính
12930,DCQ,cong-nghe-tai-chinh,A01,Điểm thi THPT,2022,15.0,Công nghệ tài chính
12931,DCQ,cong-nghe-tai-chinh,D01,Điểm thi THPT,2022,15.0,Công nghệ tài chính
12932,DCQ,cong-nghe-tai-chinh,D07,Điểm thi THPT,2022,15.0,Công nghệ tài chính
12933,DCQ,cong-nghe-tai-chinh,A00,Điểm học bạ,2023,18.0,Công nghệ Tài chính
12934,DCQ,cong-nghe-tai-chinh,A01,Điểm học bạ,2023,18.0,Công nghệ Tài chính
12935,DCQ,cong-nghe-tai-chinh,D01,Điểm học bạ,2023,18.0,Công nghệ Tài chính
12936,DCQ,cong-nghe-tai-chinh,D07,Điểm học bạ,2023,18.0,Công nghệ Tài chính
12937,DCQ,cong-nghe-tai-chinh,A00,Điểm thi THPT,2023,15.0,Công nghệ Tài chính
12938,DCQ,cong-nghe-tai-chinh,A01,Điểm thi THPT,2023,15.0,Công nghệ Tài chính
12939,DCQ,cong-nghe-tai-chinh,D01,Điểm thi THPT,2023,15.0,Công nghệ Tài chính
12940,DCQ,cong-nghe-tai-chinh,D07,Điểm thi THPT,2023,15.0,Công nghệ Tài chính
12941,DCQ,cong-nghe-tai-chinh,A00,Điểm học bạ,2024,20.0,Công nghệ tài chính
12942,DCQ,cong-nghe-tai-chinh,A01,Điểm học bạ,2024,20.0,Công nghệ tài chính
12943,DCQ,cong-nghe-tai-chinh,D01,Điểm học bạ,2024,20.0,Công nghệ tài chính
12944,DCQ,cong-nghe-tai-chinh,D07,Điểm học bạ,2024,20.0,Công nghệ tài chính
12945,DCQ,cong-nghe-tai-chinh,A00,Điểm thi THPT,2024,16.0,Công nghệ tài chính
12946,DCQ,cong-nghe-tai-chinh,A01,Điểm thi THPT,2024,16.0,Công nghệ tài chính
12947,DCQ,cong-nghe-tai-chinh,D01,Điểm thi THPT,2024,16.0,Công nghệ tài chính
12948,DCQ,cong-nghe-tai-chinh,D07,Điểm thi THPT,2024,16.0,Công nghệ tài chính
12949,DCQ,cong-nghe-tai-chinh,D01,Điểm học bạ,2025,20.0,Công nghệ tài chính
12950,DCQ,cong-nghe-tai-chinh,X02,Điểm học bạ,2025,20.0,Công nghệ tài chính
12951,DCQ,cong-nghe-tai-chinh,X25,Điểm học bạ,2025,20.0,Công nghệ tài chính
12952,DCQ,cong-nghe-tai-chinh,X53,Điểm học bạ,2025,20.0,Công nghệ tài chính
12953,DCQ,cong-nghe-tai-chinh,D01,Điểm thi THPT,2025,16.0,Công nghệ tài chính
12954,DCQ,cong-nghe-tai-chinh,X02,Điểm thi THPT,2025,16.0,Công nghệ tài chính
12955,DCQ,cong-nghe-tai-chinh,X25,Điểm thi THPT,2025,16.0,Công nghệ tài chính
12956,DCQ,cong-nghe-tai-chinh,X53,Điểm thi THPT,2025,16.0,Công nghệ tài chính
12957,DCQ,cong-nghe-thong-tin,A00,Điểm thi THPT,2021,15.0,Công nghệ Thông tin
12958,DCQ,cong-nghe-thong-tin,A01,Điểm thi THPT,2021,15.0,Công nghệ Thông tin
12959,DCQ,cong-nghe-thong-tin,D01,Điểm thi THPT,2021,15.0,Công nghệ Thông tin
12960,DCQ,cong-nghe-thong-tin,D07,Điểm thi THPT,2021,15.0,Công nghệ Thông tin
12961,DCQ,cong-nghe-thong-tin,A00,Điểm học bạ,2022,18.0,Công nghệ Thông tin
12962,DCQ,cong-nghe-thong-tin,A01,Điểm học bạ,2022,18.0,Công nghệ Thông tin
12963,DCQ,cong-nghe-thong-tin,D01,Điểm học bạ,2022,18.0,Công nghệ Thông tin
12964,DCQ,cong-nghe-thong-tin,D07,Điểm học bạ,2022,18.0,Công nghệ Thông tin
12965,DCQ,cong-nghe-thong-tin,A00,Điểm thi THPT,2022,15.0,Công nghệ Thông tin
12966,DCQ,cong-nghe-thong-tin,A01,Điểm thi THPT,2022,15.0,Công nghệ Thông tin
12967,DCQ,cong-nghe-thong-tin,D01,Điểm thi THPT,2022,15.0,Công nghệ Thông tin
12968,DCQ,cong-nghe-thong-tin,D07,Điểm thi THPT,2022,15.0,Công nghệ Thông tin
12969,DCQ,cong-nghe-thong-tin,A00,Điểm học bạ,2023,18.0,Công nghệ Thông tin
12970,DCQ,cong-nghe-thong-tin,A01,Điểm học bạ,2023,18.0,Công nghệ Thông tin
12971,DCQ,cong-nghe-thong-tin,D01,Điểm học bạ,2023,18.0,Công nghệ Thông tin
12972,DCQ,cong-nghe-thong-tin,D07,Điểm học bạ,2023,18.0,Công nghệ Thông tin
12973,DCQ,cong-nghe-thong-tin,A00,Điểm thi THPT,2023,15.0,Công nghệ Thông tin
12974,DCQ,cong-nghe-thong-tin,A01,Điểm thi THPT,2023,15.0,Công nghệ Thông tin
12975,DCQ,cong-nghe-thong-tin,D01,Điểm thi THPT,2023,15.0,Công nghệ Thông tin
12976,DCQ,cong-nghe-thong-tin,D07,Điểm thi THPT,2023,15.0,Công nghệ Thông tin
12977,DCQ,cong-nghe-thong-tin,A00,Điểm học bạ,2024,20.0,Công nghệ thông tin
12978,DCQ,cong-nghe-thong-tin,A01,Điểm học bạ,2024,20.0,Công nghệ thông tin
12979,DCQ,cong-nghe-thong-tin,D01,Điểm học bạ,2024,20.0,Công nghệ thông tin
12980,DCQ,cong-nghe-thong-tin,D07,Điểm học bạ,2024,20.0,Công nghệ thông tin
12981,DCQ,cong-nghe-thong-tin,A00,Điểm thi THPT,2024,16.0,Công nghệ thông tin
12982,DCQ,cong-nghe-thong-tin,A01,Điểm thi THPT,2024,16.0,Công nghệ thông tin
12983,DCQ,cong-nghe-thong-tin,D01,Điểm thi THPT,2024,16.0,Công nghệ thông tin
12984,DCQ,cong-nghe-thong-tin,D07,Điểm thi THPT,2024,16.0,Công nghệ thông tin
12985,DCQ,cong-nghe-thong-tin,A00,Điểm học bạ,2025,20.0,Công nghệ thông tin
12986,DCQ,cong-nghe-thong-tin,X02,Điểm học bạ,2025,20.0,Công nghệ thông tin
12987,DCQ,cong-nghe-thong-tin,X18,Điểm học bạ,2025,20.0,Công nghệ thông tin
12988,DCQ,cong-nghe-thong-tin,X26,Điểm học bạ,2025,20.0,Công nghệ thông tin
12989,DCQ,cong-nghe-thong-tin,A00,Điểm thi THPT,2025,16.0,Công nghệ thông tin
12990,DCQ,cong-nghe-thong-tin,X02,Điểm thi THPT,2025,16.0,Công nghệ thông tin
12991,DCQ,cong-nghe-thong-tin,X18,Điểm thi THPT,2025,16.0,Công nghệ thông tin
12992,DCQ,cong-nghe-thong-tin,X26,Điểm thi THPT,2025,16.0,Công nghệ thông tin
12993,DCQ,ke-toan,A00,Điểm thi THPT,2021,15.0,Kế toán
12994,DCQ,ke-toan,A01,Điểm thi THPT,2021,15.0,Kế toán
12995,DCQ,ke-toan,D01,Điểm thi THPT,2021,15.0,Kế toán
12996,DCQ,ke-toan,D07,Điểm thi THPT,2021,15.0,Kế toán
12997,DCQ,ke-toan,A00,Điểm học bạ,2022,18.0,Kế toán
12998,DCQ,ke-toan,A01,Điểm học bạ,2022,18.0,Kế toán
12999,DCQ,ke-toan,D01,Điểm học bạ,2022,18.0,Kế toán
13000,DCQ,ke-toan,D07,Điểm học bạ,2022,18.0,Kế toán
13001,DCQ,ke-toan,A00,Điểm thi THPT,2022,15.0,Kế toán
13002,DCQ,ke-toan,A01,Điểm thi THPT,2022,15.0,Kế toán
13003,DCQ,ke-toan,D01,Điểm thi THPT,2022,15.0,Kế toán
13004,DCQ,ke-toan,D07,Điểm thi THPT,2022,15.0,Kế toán
13005,DCQ,ke-toan,A00,Điểm học bạ,2023,18.0,Kế toán
13006,DCQ,ke-toan,A01,Điểm học bạ,2023,18.0,Kế toán
13007,DCQ,ke-toan,D01,Điểm học bạ,2023,18.0,Kế toán
13008,DCQ,ke-toan,D07,Điểm học bạ,2023,18.0,Kế toán
13009,DCQ,ke-toan,A00,Điểm thi THPT,2023,15.0,Kế toán
13010,DCQ,ke-toan,A01,Điểm thi THPT,2023,15.0,Kế toán
13011,DCQ,ke-toan,D01,Điểm thi THPT,2023,15.0,Kế toán
13012,DCQ,ke-toan,D07,Điểm thi THPT,2023,15.0,Kế toán
13013,DCQ,ke-toan,A00,Điểm học bạ,2024,20.0,Kế toán
13014,DCQ,ke-toan,A01,Điểm học bạ,2024,20.0,Kế toán
13015,DCQ,ke-toan,D01,Điểm học bạ,2024,20.0,Kế toán
13016,DCQ,ke-toan,D07,Điểm học bạ,2024,20.0,Kế toán
13017,DCQ,ke-toan,A00,Điểm thi THPT,2024,16.0,Kế toán
13018,DCQ,ke-toan,A01,Điểm thi THPT,2024,16.0,Kế toán
13019,DCQ,ke-toan,D01,Điểm thi THPT,2024,16.0,Kế toán
13020,DCQ,ke-toan,D07,Điểm thi THPT,2024,16.0,Kế toán
13021,DCQ,ke-toan,D01,Điểm học bạ,2025,20.0,Kế toán
13022,DCQ,ke-toan,X02,Điểm học bạ,2025,20.0,Kế toán
13023,DCQ,ke-toan,X25,Điểm học bạ,2025,20.0,Kế toán
13024,DCQ,ke-toan,X53,Điểm học bạ,2025,20.0,Kế toán
13025,DCQ,ke-toan,D01,Điểm thi THPT,2025,16.0,Kế toán
13026,DCQ,ke-toan,X02,Điểm thi THPT,2025,16.0,Kế toán
13027,DCQ,ke-toan,X25,Điểm thi THPT,2025,16.0,Kế toán
13028,DCQ,ke-toan,X53,Điểm thi THPT,2025,16.0,Kế toán
13029,DCQ,kinh-te-quoc-te,A00,Điểm học bạ,2022,18.0,Kinh tế quốc tế
13030,DCQ,kinh-te-quoc-te,A01,Điểm học bạ,2022,18.0,Kinh tế quốc tế
13031,DCQ,kinh-te-quoc-te,D01,Điểm học bạ,2022,18.0,Kinh tế quốc tế
13032,DCQ,kinh-te-quoc-te,D07,Điểm học bạ,2022,18.0,Kinh tế quốc tế
13033,DCQ,kinh-te-quoc-te,A00,Điểm thi THPT,2022,15.0,Kinh tế quốc tế
13034,DCQ,kinh-te-quoc-te,A01,Điểm thi THPT,2022,15.0,Kinh tế quốc tế
13035,DCQ,kinh-te-quoc-te,D01,Điểm thi THPT,2022,15.0,Kinh tế quốc tế
13036,DCQ,kinh-te-quoc-te,D07,Điểm thi THPT,2022,15.0,Kinh tế quốc tế
13037,DCQ,kinh-te-quoc-te,A00,Điểm học bạ,2023,18.0,Kinh tế Quốc tế
13038,DCQ,kinh-te-quoc-te,A01,Điểm học bạ,2023,18.0,Kinh tế Quốc tế
13039,DCQ,kinh-te-quoc-te,C00,Điểm học bạ,2023,18.0,Kinh tế Quốc tế
13040,DCQ,kinh-te-quoc-te,D01,Điểm học bạ,2023,18.0,Kinh tế Quốc tế
13041,DCQ,kinh-te-quoc-te,A00,Điểm thi THPT,2023,15.0,Kinh tế Quốc tế
13042,DCQ,kinh-te-quoc-te,A01,Điểm thi THPT,2023,15.0,Kinh tế Quốc tế
13043,DCQ,kinh-te-quoc-te,C00,Điểm thi THPT,2023,15.0,Kinh tế Quốc tế
13044,DCQ,kinh-te-quoc-te,D01,Điểm thi THPT,2023,15.0,Kinh tế Quốc tế
13045,DCQ,kinh-te-quoc-te,A00,Điểm học bạ,2024,20.0,Kinh tế quốc tế
13046,DCQ,kinh-te-quoc-te,A01,Điểm học bạ,2024,20.0,Kinh tế quốc tế
13047,DCQ,kinh-te-quoc-te,C00,Điểm học bạ,2024,20.0,Kinh tế quốc tế
13048,DCQ,kinh-te-quoc-te,D01,Điểm học bạ,2024,20.0,Kinh tế quốc tế
13049,DCQ,kinh-te-quoc-te,A00,Điểm thi THPT,2024,16.0,Kinh tế quốc tế
13050,DCQ,kinh-te-quoc-te,A01,Điểm thi THPT,2024,16.0,Kinh tế quốc tế
13051,DCQ,kinh-te-quoc-te,C00,Điểm thi THPT,2024,16.0,Kinh tế quốc tế
13052,DCQ,kinh-te-quoc-te,D01,Điểm thi THPT,2024,16.0,Kinh tế quốc tế
13053,DCQ,kinh-te-quoc-te,C00,Điểm học bạ,2025,20.0,Kinh tế quốc tế
13054,DCQ,kinh-te-quoc-te,D01,Điểm học bạ,2025,20.0,Kinh tế quốc tế
13055,DCQ,kinh-te-quoc-te,X02,Điểm học bạ,2025,20.0,Kinh tế quốc tế
13056,DCQ,kinh-te-quoc-te,X25,Điểm học bạ,2025,20.0,Kinh tế quốc tế
13057,DCQ,kinh-te-quoc-te,C00,Điểm thi THPT,2025,16.0,Kinh tế quốc tế
13058,DCQ,kinh-te-quoc-te,D01,Điểm thi THPT,2025,16.0,Kinh tế quốc tế
13059,DCQ,kinh-te-quoc-te,X02,Điểm thi THPT,2025,16.0,Kinh tế quốc tế
13060,DCQ,kinh-te-quoc-te,X25,Điểm thi THPT,2025,16.0,Kinh tế quốc tế
13061,DCQ,ky-thuat-phan-mem,A00,Điểm thi THPT,2021,15.0,Kỹ thuật phần mềm
13062,DCQ,ky-thuat-phan-mem,A01,Điểm thi THPT,2021,15.0,Kỹ thuật phần mềm
13063,DCQ,ky-thuat-phan-mem,D01,Điểm thi THPT,2021,15.0,Kỹ thuật phần mềm
13064,DCQ,ky-thuat-phan-mem,D07,Điểm thi THPT,2021,15.0,Kỹ thuật phần mềm
13065,DCQ,ky-thuat-phan-mem,A00,Điểm học bạ,2022,18.0,Kỹ thuật phần mềm
13066,DCQ,ky-thuat-phan-mem,A01,Điểm học bạ,2022,18.0,Kỹ thuật phần mềm
13067,DCQ,ky-thuat-phan-mem,D01,Điểm học bạ,2022,18.0,Kỹ thuật phần mềm
13068,DCQ,ky-thuat-phan-mem,D07,Điểm học bạ,2022,18.0,Kỹ thuật phần mềm
13069,DCQ,ky-thuat-phan-mem,A00,Điểm thi THPT,2022,15.0,Kỹ thuật phần mềm
13070,DCQ,ky-thuat-phan-mem,A01,Điểm thi THPT,2022,15.0,Kỹ thuật phần mềm
13071,DCQ,ky-thuat-phan-mem,D01,Điểm thi THPT,2022,15.0,Kỹ thuật phần mềm
13072,DCQ,ky-thuat-phan-mem,D07,Điểm thi THPT,2022,15.0,Kỹ thuật phần mềm
13073,DCQ,ky-thuat-phan-mem,A00,Điểm học bạ,2023,18.0,Kỹ thuật phần mềm
13074,DCQ,ky-thuat-phan-mem,A01,Điểm học bạ,2023,18.0,Kỹ thuật phần mềm
13075,DCQ,ky-thuat-phan-mem,D01,Điểm học bạ,2023,18.0,Kỹ thuật phần mềm
13076,DCQ,ky-thuat-phan-mem,D07,Điểm học bạ,2023,18.0,Kỹ thuật phần mềm
13077,DCQ,ky-thuat-phan-mem,A00,Điểm thi THPT,2023,15.0,Kỹ thuật phần mềm
13078,DCQ,ky-thuat-phan-mem,A01,Điểm thi THPT,2023,15.0,Kỹ thuật phần mềm
13079,DCQ,ky-thuat-phan-mem,D01,Điểm thi THPT,2023,15.0,Kỹ thuật phần mềm
13080,DCQ,ky-thuat-phan-mem,D07,Điểm thi THPT,2023,15.0,Kỹ thuật phần mềm
13081,DCQ,ky-thuat-phan-mem,A00,Điểm học bạ,2024,20.0,Kỹ thuật phần mềm
13082,DCQ,ky-thuat-phan-mem,A01,Điểm học bạ,2024,20.0,Kỹ thuật phần mềm
13083,DCQ,ky-thuat-phan-mem,D01,Điểm học bạ,2024,20.0,Kỹ thuật phần mềm
13084,DCQ,ky-thuat-phan-mem,D07,Điểm học bạ,2024,20.0,Kỹ thuật phần mềm
13085,DCQ,ky-thuat-phan-mem,A00,Điểm thi THPT,2024,16.0,Kỹ thuật phần mềm
13086,DCQ,ky-thuat-phan-mem,A01,Điểm thi THPT,2024,16.0,Kỹ thuật phần mềm
13087,DCQ,ky-thuat-phan-mem,D01,Điểm thi THPT,2024,16.0,Kỹ thuật phần mềm
13088,DCQ,ky-thuat-phan-mem,D07,Điểm thi THPT,2024,16.0,Kỹ thuật phần mềm
13089,DCQ,ky-thuat-phan-mem,A00,Điểm học bạ,2025,20.0,Kỹ thuật phần mềm
13090,DCQ,ky-thuat-phan-mem,X02,Điểm học bạ,2025,20.0,Kỹ thuật phần mềm
13091,DCQ,ky-thuat-phan-mem,X18,Điểm học bạ,2025,20.0,Kỹ thuật phần mềm
13092,DCQ,ky-thuat-phan-mem,X26,Điểm học bạ,2025,20.0,Kỹ thuật phần mềm
13093,DCQ,ky-thuat-phan-mem,A00,Điểm thi THPT,2025,16.0,Kỹ thuật phần mềm
13094,DCQ,ky-thuat-phan-mem,X02,Điểm thi THPT,2025,16.0,Kỹ thuật phần mềm
13095,DCQ,ky-thuat-phan-mem,X18,Điểm thi THPT,2025,16.0,Kỹ thuật phần mềm
13096,DCQ,ky-thuat-phan-mem,X26,Điểm thi THPT,2025,16.0,Kỹ thuật phần mềm
13097,DCQ,logistic-va-quan-ly-chuoi-cung-ung,A00,Điểm thi THPT,2021,15.0,Logistic và quản lý chuỗi cung ứng
13098,DCQ,logistic-va-quan-ly-chuoi-cung-ung,A01,Điểm thi THPT,2021,15.0,Logistic và quản lý chuỗi cung ứng
13099,DCQ,logistic-va-quan-ly-chuoi-cung-ung,C00,Điểm thi THPT,2021,15.0,Logistic và quản lý chuỗi cung ứng
13100,DCQ,logistic-va-quan-ly-chuoi-cung-ung,D01,Điểm thi THPT,2021,15.0,Logistic và quản lý chuỗi cung ứng
13101,DCQ,logistic-va-quan-ly-chuoi-cung-ung,A00,Điểm học bạ,2022,18.0,Logistic và quản lý chuỗi cung ứng
13102,DCQ,logistic-va-quan-ly-chuoi-cung-ung,A01,Điểm học bạ,2022,18.0,Logistic và quản lý chuỗi cung ứng
13103,DCQ,logistic-va-quan-ly-chuoi-cung-ung,C00,Điểm học bạ,2022,18.0,Logistic và quản lý chuỗi cung ứng
13104,DCQ,logistic-va-quan-ly-chuoi-cung-ung,D01,Điểm học bạ,2022,18.0,Logistic và quản lý chuỗi cung ứng
13105,DCQ,logistic-va-quan-ly-chuoi-cung-ung,A00,Điểm thi THPT,2022,15.0,Logistic và quản lý chuỗi cung ứng
13106,DCQ,logistic-va-quan-ly-chuoi-cung-ung,A01,Điểm thi THPT,2022,15.0,Logistic và quản lý chuỗi cung ứng
13107,DCQ,logistic-va-quan-ly-chuoi-cung-ung,C00,Điểm thi THPT,2022,15.0,Logistic và quản lý chuỗi cung ứng
13108,DCQ,logistic-va-quan-ly-chuoi-cung-ung,D01,Điểm thi THPT,2022,15.0,Logistic và quản lý chuỗi cung ứng
13109,DCQ,logistic-va-quan-ly-chuoi-cung-ung,A00,Điểm học bạ,2023,18.0,Logistic và quản lý chuỗi cung ứng
13110,DCQ,logistic-va-quan-ly-chuoi-cung-ung,A01,Điểm học bạ,2023,18.0,Logistic và quản lý chuỗi cung ứng
13111,DCQ,logistic-va-quan-ly-chuoi-cung-ung,D01,Điểm học bạ,2023,18.0,Logistic và quản lý chuỗi cung ứng
13112,DCQ,logistic-va-quan-ly-chuoi-cung-ung,D07,Điểm học bạ,2023,18.0,Logistic và quản lý chuỗi cung ứng
13113,DCQ,logistic-va-quan-ly-chuoi-cung-ung,A00,Điểm thi THPT,2023,15.0,Logistic và quản lý chuỗi cung ứng
13114,DCQ,logistic-va-quan-ly-chuoi-cung-ung,A01,Điểm thi THPT,2023,15.0,Logistic và quản lý chuỗi cung ứng
13115,DCQ,logistic-va-quan-ly-chuoi-cung-ung,D01,Điểm thi THPT,2023,15.0,Logistic và quản lý chuỗi cung ứng
13116,DCQ,logistic-va-quan-ly-chuoi-cung-ung,D07,Điểm thi THPT,2023,15.0,Logistic và quản lý chuỗi cung ứng
13117,DCQ,logistics-va-quan-ly-chuoi-cung-ung,A00,Điểm học bạ,2024,20.0,Logistics và quản lý chuỗi cung ứng
13118,DCQ,logistics-va-quan-ly-chuoi-cung-ung,A01,Điểm học bạ,2024,20.0,Logistics và quản lý chuỗi cung ứng
13119,DCQ,logistics-va-quan-ly-chuoi-cung-ung,D01,Điểm học bạ,2024,20.0,Logistics và quản lý chuỗi cung ứng
13120,DCQ,logistics-va-quan-ly-chuoi-cung-ung,D07,Điểm học bạ,2024,20.0,Logistics và quản lý chuỗi cung ứng
13121,DCQ,logistics-va-quan-ly-chuoi-cung-ung,A00,Điểm thi THPT,2024,16.0,Logistics và quản lý chuỗi cung ứng
13122,DCQ,logistics-va-quan-ly-chuoi-cung-ung,A01,Điểm thi THPT,2024,16.0,Logistics và quản lý chuỗi cung ứng
13123,DCQ,logistics-va-quan-ly-chuoi-cung-ung,D01,Điểm thi THPT,2024,16.0,Logistics và quản lý chuỗi cung ứng
13124,DCQ,logistics-va-quan-ly-chuoi-cung-ung,D07,Điểm thi THPT,2024,16.0,Logistics và quản lý chuỗi cung ứng
13125,DCQ,logistics-va-quan-ly-chuoi-cung-ung,A00,Điểm học bạ,2025,20.0,Logistics và quản lý chuỗi cung ứng
13126,DCQ,logistics-va-quan-ly-chuoi-cung-ung,A01,Điểm học bạ,2025,20.0,Logistics và quản lý chuỗi cung ứng
13127,DCQ,logistics-va-quan-ly-chuoi-cung-ung,D01,Điểm học bạ,2025,20.0,Logistics và quản lý chuỗi cung ứng
13128,DCQ,logistics-va-quan-ly-chuoi-cung-ung,X22,Điểm học bạ,2025,20.0,Logistics và quản lý chuỗi cung ứng
13129,DCQ,logistics-va-quan-ly-chuoi-cung-ung,A00,Điểm thi THPT,2025,16.0,Logistics và quản lý chuỗi cung ứng
13130,DCQ,logistics-va-quan-ly-chuoi-cung-ung,A01,Điểm thi THPT,2025,16.0,Logistics và quản lý chuỗi cung ứng
13131,DCQ,logistics-va-quan-ly-chuoi-cung-ung,D01,Điểm thi THPT,2025,16.0,Logistics và quản lý chuỗi cung ứng
13132,DCQ,logistics-va-quan-ly-chuoi-cung-ung,X22,Điểm thi THPT,2025,16.0,Logistics và quản lý chuỗi cung ứng
13133,DCQ,luat,C00,Điểm học bạ,2025,20.0,Luật
13134,DCQ,luat,D01,Điểm học bạ,2025,20.0,Luật
13135,DCQ,luat,D14,Điểm học bạ,2025,20.0,Luật
13136,DCQ,luat,X25,Điểm học bạ,2025,20.0,Luật
13137,DCQ,luat,C00,Điểm thi THPT,2025,18.0,Luật
13138,DCQ,luat,D01,Điểm thi THPT,2025,18.0,Luật
13139,DCQ,luat,D14,Điểm thi THPT,2025,18.0,Luật
13140,DCQ,luat,X25,Điểm thi THPT,2025,18.0,Luật
13141,DCQ,luat-kinh-te,A00,Điểm thi THPT,2021,15.0,Luật kinh tế
13142,DCQ,luat-kinh-te,A01,Điểm thi THPT,2021,15.0,Luật kinh tế
13143,DCQ,luat-kinh-te,C00,Điểm thi THPT,2021,15.0,Luật kinh tế
13144,DCQ,luat-kinh-te,D01,Điểm thi THPT,2021,15.0,Luật kinh tế
13145,DCQ,luat-kinh-te,A00,Điểm học bạ,2022,18.0,Luật kinh tế
13146,DCQ,luat-kinh-te,A01,Điểm học bạ,2022,18.0,Luật kinh tế
13147,DCQ,luat-kinh-te,C00,Điểm học bạ,2022,18.0,Luật kinh tế
13148,DCQ,luat-kinh-te,D01,Điểm học bạ,2022,18.0,Luật kinh tế
13149,DCQ,luat-kinh-te,A00,Điểm thi THPT,2022,15.0,Luật kinh tế
13150,DCQ,luat-kinh-te,A01,Điểm thi THPT,2022,15.0,Luật kinh tế
13151,DCQ,luat-kinh-te,C00,Điểm thi THPT,2022,15.0,Luật kinh tế
13152,DCQ,luat-kinh-te,D01,Điểm thi THPT,2022,15.0,Luật kinh tế
13153,DCQ,luat-kinh-te,A00,Điểm học bạ,2023,18.0,Luật kinh tế
13154,DCQ,luat-kinh-te,A01,Điểm học bạ,2023,18.0,Luật kinh tế
13155,DCQ,luat-kinh-te,C00,Điểm học bạ,2023,18.0,Luật kinh tế
13156,DCQ,luat-kinh-te,D01,Điểm học bạ,2023,18.0,Luật kinh tế
13157,DCQ,luat-kinh-te,A00,Điểm thi THPT,2023,15.0,Luật kinh tế
13158,DCQ,luat-kinh-te,A01,Điểm thi THPT,2023,15.0,Luật kinh tế
13159,DCQ,luat-kinh-te,C00,Điểm thi THPT,2023,15.0,Luật kinh tế
13160,DCQ,luat-kinh-te,D01,Điểm thi THPT,2023,15.0,Luật kinh tế
13161,DCQ,luat-kinh-te,A00,Điểm học bạ,2024,20.0,Luật kinh tế
13162,DCQ,luat-kinh-te,C00,Điểm học bạ,2024,20.0,Luật kinh tế
13163,DCQ,luat-kinh-te,D01,Điểm học bạ,2024,20.0,Luật kinh tế
13164,DCQ,luat-kinh-te,D14,Điểm học bạ,2024,20.0,Luật kinh tế
13165,DCQ,luat-kinh-te,A00,Điểm thi THPT,2024,16.0,Luật kinh tế
13166,DCQ,luat-kinh-te,C00,Điểm thi THPT,2024,16.0,Luật kinh tế
13167,DCQ,luat-kinh-te,D01,Điểm thi THPT,2024,16.0,Luật kinh tế
13168,DCQ,luat-kinh-te,D14,Điểm thi THPT,2024,16.0,Luật kinh tế
13169,DCQ,luat-kinh-te,C00,Điểm học bạ,2025,20.0,Luật kinh tế
13170,DCQ,luat-kinh-te,D01,Điểm học bạ,2025,20.0,Luật kinh tế
13171,DCQ,luat-kinh-te,D14,Điểm học bạ,2025,20.0,Luật kinh tế
13172,DCQ,luat-kinh-te,X25,Điểm học bạ,2025,20.0,Luật kinh tế
13173,DCQ,luat-kinh-te,C00,Điểm thi THPT,2025,18.0,Luật kinh tế
13174,DCQ,luat-kinh-te,D01,Điểm thi THPT,2025,18.0,Luật kinh tế
13175,DCQ,luat-kinh-te,D14,Điểm thi THPT,2025,18.0,Luật kinh tế
13176,DCQ,luat-kinh-te,X25,Điểm thi THPT,2025,18.0,Luật kinh tế
13177,DCQ,marketing,D01,Điểm học bạ,2025,20.0,Marketing
13178,DCQ,marketing,X02,Điểm học bạ,2025,20.0,Marketing
13179,DCQ,marketing,X25,Điểm học bạ,2025,20.0,Marketing
13180,DCQ,marketing,X53,Điểm học bạ,2025,20.0,Marketing
13181,DCQ,marketing,D01,Điểm thi THPT,2025,16.0,Marketing
13182,DCQ,marketing,X02,Điểm thi THPT,2025,16.0,Marketing
13183,DCQ,marketing,X25,Điểm thi THPT,2025,16.0,Marketing
13184,DCQ,marketing,X53,Điểm thi THPT,2025,16.0,Marketing
13185,DCQ,ngon-ngu-anh,D01,Điểm thi THPT,2021,15.0,Ngôn ngữ Anh
13186,DCQ,ngon-ngu-anh,D07,Điểm thi THPT,2021,15.0,Ngôn ngữ Anh
13187,DCQ,ngon-ngu-anh,D11,Điểm thi THPT,2021,15.0,Ngôn ngữ Anh
13188,DCQ,ngon-ngu-anh,D14,Điểm thi THPT,2021,15.0,Ngôn ngữ Anh
13189,DCQ,ngon-ngu-anh,D01,Điểm học bạ,2022,18.0,Ngôn ngữ Anh
13190,DCQ,ngon-ngu-anh,D07,Điểm học bạ,2022,18.0,Ngôn ngữ Anh
13191,DCQ,ngon-ngu-anh,D11,Điểm học bạ,2022,18.0,Ngôn ngữ Anh
13192,DCQ,ngon-ngu-anh,D14,Điểm học bạ,2022,18.0,Ngôn ngữ Anh
13193,DCQ,ngon-ngu-anh,D01,Điểm thi THPT,2022,15.0,Ngôn ngữ Anh
13194,DCQ,ngon-ngu-anh,D07,Điểm thi THPT,2022,15.0,Ngôn ngữ Anh
13195,DCQ,ngon-ngu-anh,D11,Điểm thi THPT,2022,15.0,Ngôn ngữ Anh
13196,DCQ,ngon-ngu-anh,D14,Điểm thi THPT,2022,15.0,Ngôn ngữ Anh
13197,DCQ,ngon-ngu-anh,D01,Điểm học bạ,2023,18.0,Ngôn ngữ Anh
13198,DCQ,ngon-ngu-anh,D07,Điểm học bạ,2023,18.0,Ngôn ngữ Anh
13199,DCQ,ngon-ngu-anh,D11,Điểm học bạ,2023,18.0,Ngôn ngữ Anh
13200,DCQ,ngon-ngu-anh,D14,Điểm học bạ,2023,18.0,Ngôn ngữ Anh
13201,DCQ,ngon-ngu-anh,D01,Điểm thi THPT,2023,15.0,Ngôn ngữ Anh
13202,DCQ,ngon-ngu-anh,D07,Điểm thi THPT,2023,15.0,Ngôn ngữ Anh
13203,DCQ,ngon-ngu-anh,D11,Điểm thi THPT,2023,15.0,Ngôn ngữ Anh
13204,DCQ,ngon-ngu-anh,D14,Điểm thi THPT,2023,15.0,Ngôn ngữ Anh
13205,DCQ,ngon-ngu-anh,D01,Điểm học bạ,2024,20.0,Ngôn ngữ Anh
13206,DCQ,ngon-ngu-anh,D10,Điểm học bạ,2024,20.0,Ngôn ngữ Anh
13207,DCQ,ngon-ngu-anh,D14,Điểm học bạ,2024,20.0,Ngôn ngữ Anh
13208,DCQ,ngon-ngu-anh,D15,Điểm học bạ,2024,20.0,Ngôn ngữ Anh
13209,DCQ,ngon-ngu-anh,D01,Điểm thi THPT,2024,16.0,Ngôn ngữ Anh
13210,DCQ,ngon-ngu-anh,D10,Điểm thi THPT,2024,16.0,Ngôn ngữ Anh
13211,DCQ,ngon-ngu-anh,D14,Điểm thi THPT,2024,16.0,Ngôn ngữ Anh
13212,DCQ,ngon-ngu-anh,D15,Điểm thi THPT,2024,16.0,Ngôn ngữ Anh
13213,DCQ,ngon-ngu-anh,D01,Điểm học bạ,2025,20.0,Ngôn ngữ Anh
13214,DCQ,ngon-ngu-anh,D10,Điểm học bạ,2025,20.0,Ngôn ngữ Anh
13215,DCQ,ngon-ngu-anh,D14,Điểm học bạ,2025,20.0,Ngôn ngữ Anh
13216,DCQ,ngon-ngu-anh,D15,Điểm học bạ,2025,20.0,Ngôn ngữ Anh
13217,DCQ,ngon-ngu-anh,D01,Điểm thi THPT,2025,16.0,Ngôn ngữ Anh
13218,DCQ,ngon-ngu-anh,D10,Điểm thi THPT,2025,16.0,Ngôn ngữ Anh
13219,DCQ,ngon-ngu-anh,D14,Điểm thi THPT,2025,16.0,Ngôn ngữ Anh
13220,DCQ,ngon-ngu-anh,D15,Điểm thi THPT,2025,16.0,Ngôn ngữ Anh
13221,DCQ,ngon-ngu-nga,D01,Điểm thi THPT,2021,15.0,Ngôn ngữ Nga
13222,DCQ,ngon-ngu-nga,D07,Điểm thi THPT,2021,15.0,Ngôn ngữ Nga
13223,DCQ,ngon-ngu-nga,D11,Điểm thi THPT,2021,15.0,Ngôn ngữ Nga
13224,DCQ,ngon-ngu-nga,D14,Điểm thi THPT,2021,15.0,Ngôn ngữ Nga
13225,DCQ,ngon-ngu-nga,D01,Điểm học bạ,2022,18.0,Ngôn ngữ Nga
13226,DCQ,ngon-ngu-nga,D07,Điểm học bạ,2022,18.0,Ngôn ngữ Nga
13227,DCQ,ngon-ngu-nga,D11,Điểm học bạ,2022,18.0,Ngôn ngữ Nga
13228,DCQ,ngon-ngu-nga,D14,Điểm học bạ,2022,18.0,Ngôn ngữ Nga
13229,DCQ,ngon-ngu-nga,D01,Điểm thi THPT,2022,15.0,Ngôn ngữ Nga
13230,DCQ,ngon-ngu-nga,D07,Điểm thi THPT,2022,15.0,Ngôn ngữ Nga
13231,DCQ,ngon-ngu-nga,D11,Điểm thi THPT,2022,15.0,Ngôn ngữ Nga
13232,DCQ,ngon-ngu-nga,D14,Điểm thi THPT,2022,15.0,Ngôn ngữ Nga
13233,DCQ,ngon-ngu-nga,D01,Điểm học bạ,2023,18.0,Ngôn ngữ Nga
13234,DCQ,ngon-ngu-nga,D07,Điểm học bạ,2023,18.0,Ngôn ngữ Nga
13235,DCQ,ngon-ngu-nga,D11,Điểm học bạ,2023,18.0,Ngôn ngữ Nga
13236,DCQ,ngon-ngu-nga,D14,Điểm học bạ,2023,18.0,Ngôn ngữ Nga
13237,DCQ,ngon-ngu-nga,D01,Điểm thi THPT,2023,15.0,Ngôn ngữ Nga
13238,DCQ,ngon-ngu-nga,D07,Điểm thi THPT,2023,15.0,Ngôn ngữ Nga
13239,DCQ,ngon-ngu-nga,D11,Điểm thi THPT,2023,15.0,Ngôn ngữ Nga
13240,DCQ,ngon-ngu-nga,D14,Điểm thi THPT,2023,15.0,Ngôn ngữ Nga
13241,DCQ,ngon-ngu-trung-quoc,D01,Điểm thi THPT,2021,15.0,Ngôn ngữ Trung quốc
13242,DCQ,ngon-ngu-trung-quoc,D07,Điểm thi THPT,2021,15.0,Ngôn ngữ Trung quốc
13243,DCQ,ngon-ngu-trung-quoc,D11,Điểm thi THPT,2021,15.0,Ngôn ngữ Trung quốc
13244,DCQ,ngon-ngu-trung-quoc,D14,Điểm thi THPT,2021,15.0,Ngôn ngữ Trung quốc
13245,DCQ,ngon-ngu-trung-quoc,D01,Điểm học bạ,2022,18.0,Ngôn ngữ Trung quốc
13246,DCQ,ngon-ngu-trung-quoc,D07,Điểm học bạ,2022,18.0,Ngôn ngữ Trung quốc
13247,DCQ,ngon-ngu-trung-quoc,D11,Điểm học bạ,2022,18.0,Ngôn ngữ Trung quốc
13248,DCQ,ngon-ngu-trung-quoc,D14,Điểm học bạ,2022,18.0,Ngôn ngữ Trung quốc
13249,DCQ,ngon-ngu-trung-quoc,D01,Điểm thi THPT,2022,15.0,Ngôn ngữ Trung quốc
13250,DCQ,ngon-ngu-trung-quoc,D07,Điểm thi THPT,2022,15.0,Ngôn ngữ Trung quốc
13251,DCQ,ngon-ngu-trung-quoc,D11,Điểm thi THPT,2022,15.0,Ngôn ngữ Trung quốc
13252,DCQ,ngon-ngu-trung-quoc,D14,Điểm thi THPT,2022,15.0,Ngôn ngữ Trung quốc
13253,DCQ,ngon-ngu-trung-quoc,D01,Điểm học bạ,2023,18.0,Ngôn ngữ Trung quốc
13254,DCQ,ngon-ngu-trung-quoc,D07,Điểm học bạ,2023,18.0,Ngôn ngữ Trung quốc
13255,DCQ,ngon-ngu-trung-quoc,D11,Điểm học bạ,2023,18.0,Ngôn ngữ Trung quốc
13256,DCQ,ngon-ngu-trung-quoc,D14,Điểm học bạ,2023,18.0,Ngôn ngữ Trung quốc
13257,DCQ,ngon-ngu-trung-quoc,D01,Điểm thi THPT,2023,15.0,Ngôn ngữ Trung quốc
13258,DCQ,ngon-ngu-trung-quoc,D07,Điểm thi THPT,2023,15.0,Ngôn ngữ Trung quốc
13259,DCQ,ngon-ngu-trung-quoc,D11,Điểm thi THPT,2023,15.0,Ngôn ngữ Trung quốc
13260,DCQ,ngon-ngu-trung-quoc,D14,Điểm thi THPT,2023,15.0,Ngôn ngữ Trung quốc
13261,DCQ,ngon-ngu-trung-quoc,D01,Điểm học bạ,2024,20.0,Ngôn ngữ Trung Quốc
13262,DCQ,ngon-ngu-trung-quoc,D10,Điểm học bạ,2024,20.0,Ngôn ngữ Trung Quốc
13263,DCQ,ngon-ngu-trung-quoc,D14,Điểm học bạ,2024,20.0,Ngôn ngữ Trung Quốc
13264,DCQ,ngon-ngu-trung-quoc,D15,Điểm học bạ,2024,20.0,Ngôn ngữ Trung Quốc
13265,DCQ,ngon-ngu-trung-quoc,D01,Điểm thi THPT,2024,16.0,Ngôn ngữ Trung Quốc
13266,DCQ,ngon-ngu-trung-quoc,D10,Điểm thi THPT,2024,16.0,Ngôn ngữ Trung Quốc
13267,DCQ,ngon-ngu-trung-quoc,D14,Điểm thi THPT,2024,16.0,Ngôn ngữ Trung Quốc
13268,DCQ,ngon-ngu-trung-quoc,D15,Điểm thi THPT,2024,16.0,Ngôn ngữ Trung Quốc
13269,DCQ,ngon-ngu-trung-quoc,D01,Điểm học bạ,2025,20.0,Ngôn ngữ Trung Quốc
13270,DCQ,ngon-ngu-trung-quoc,D10,Điểm học bạ,2025,20.0,Ngôn ngữ Trung Quốc
13271,DCQ,ngon-ngu-trung-quoc,D14,Điểm học bạ,2025,20.0,Ngôn ngữ Trung Quốc
13272,DCQ,ngon-ngu-trung-quoc,D15,Điểm học bạ,2025,20.0,Ngôn ngữ Trung Quốc
13273,DCQ,ngon-ngu-trung-quoc,D01,Điểm thi THPT,2025,16.0,Ngôn ngữ Trung Quốc
13274,DCQ,ngon-ngu-trung-quoc,D10,Điểm thi THPT,2025,16.0,Ngôn ngữ Trung Quốc
13275,DCQ,ngon-ngu-trung-quoc,D14,Điểm thi THPT,2025,16.0,Ngôn ngữ Trung Quốc
13276,DCQ,ngon-ngu-trung-quoc,D15,Điểm thi THPT,2025,16.0,Ngôn ngữ Trung Quốc
13277,DCQ,quan-ly-nha-nuoc,A00,Điểm thi THPT,2021,15.0,Quản lý nhà nước
13278,DCQ,quan-ly-nha-nuoc,D01,Điểm thi THPT,2021,15.0,Quản lý nhà nước
13279,DCQ,quan-ly-nha-nuoc,D11,Điểm thi THPT,2021,15.0,Quản lý nhà nước
13280,DCQ,quan-ly-nha-nuoc,D14,Điểm thi THPT,2021,15.0,Quản lý nhà nước
13281,DCQ,quan-ly-nha-nuoc,C00,Điểm học bạ,2022,18.0,Quản lý nhà nước
13282,DCQ,quan-ly-nha-nuoc,D01,Điểm học bạ,2022,18.0,Quản lý nhà nước
13283,DCQ,quan-ly-nha-nuoc,D11,Điểm học bạ,2022,18.0,Quản lý nhà nước
13284,DCQ,quan-ly-nha-nuoc,D14,Điểm học bạ,2022,18.0,Quản lý nhà nước
13285,DCQ,quan-ly-nha-nuoc,C00,Điểm thi THPT,2022,15.0,Quản lý nhà nước
13286,DCQ,quan-ly-nha-nuoc,D01,Điểm thi THPT,2022,15.0,Quản lý nhà nước
13287,DCQ,quan-ly-nha-nuoc,D11,Điểm thi THPT,2022,15.0,Quản lý nhà nước
13288,DCQ,quan-ly-nha-nuoc,D14,Điểm thi THPT,2022,15.0,Quản lý nhà nước
13289,DCQ,quan-ly-nha-nuoc,A00,Điểm học bạ,2023,18.0,Quản lý nhà nước
13290,DCQ,quan-ly-nha-nuoc,D01,Điểm học bạ,2023,18.0,Quản lý nhà nước
13291,DCQ,quan-ly-nha-nuoc,D11,Điểm học bạ,2023,18.0,Quản lý nhà nước
13292,DCQ,quan-ly-nha-nuoc,D14,Điểm học bạ,2023,18.0,Quản lý nhà nước
13293,DCQ,quan-ly-nha-nuoc,A00,Điểm thi THPT,2023,15.0,Quản lý nhà nước
13294,DCQ,quan-ly-nha-nuoc,D01,Điểm thi THPT,2023,15.0,Quản lý nhà nước
13295,DCQ,quan-ly-nha-nuoc,D11,Điểm thi THPT,2023,15.0,Quản lý nhà nước
13296,DCQ,quan-ly-nha-nuoc,D14,Điểm thi THPT,2023,15.0,Quản lý nhà nước
13297,DCQ,quan-ly-nha-nuoc,C00,Điểm học bạ,2024,20.0,Quản lý nhà nước
13298,DCQ,quan-ly-nha-nuoc,D01,Điểm học bạ,2024,20.0,Quản lý nhà nước
13299,DCQ,quan-ly-nha-nuoc,D14,Điểm học bạ,2024,20.0,Quản lý nhà nước
13300,DCQ,quan-ly-nha-nuoc,D15,Điểm học bạ,2024,20.0,Quản lý nhà nước
13301,DCQ,quan-ly-nha-nuoc,C00,Điểm thi THPT,2024,16.0,Quản lý nhà nước
13302,DCQ,quan-ly-nha-nuoc,D01,Điểm thi THPT,2024,16.0,Quản lý nhà nước
13303,DCQ,quan-ly-nha-nuoc,D14,Điểm thi THPT,2024,16.0,Quản lý nhà nước
13304,DCQ,quan-ly-nha-nuoc,D15,Điểm thi THPT,2024,16.0,Quản lý nhà nước
13305,DCQ,quan-ly-nha-nuoc,C00,Điểm học bạ,2025,20.0,Quản lý nhà nước
13306,DCQ,quan-ly-nha-nuoc,D01,Điểm học bạ,2025,20.0,Quản lý nhà nước
13307,DCQ,quan-ly-nha-nuoc,D14,Điểm học bạ,2025,20.0,Quản lý nhà nước
13308,DCQ,quan-ly-nha-nuoc,D15,Điểm học bạ,2025,20.0,Quản lý nhà nước
13309,DCQ,quan-ly-nha-nuoc,C00,Điểm thi THPT,2025,16.0,Quản lý nhà nước
13310,DCQ,quan-ly-nha-nuoc,D01,Điểm thi THPT,2025,16.0,Quản lý nhà nước
13311,DCQ,quan-ly-nha-nuoc,D14,Điểm thi THPT,2025,16.0,Quản lý nhà nước
13312,DCQ,quan-ly-nha-nuoc,D15,Điểm thi THPT,2025,16.0,Quản lý nhà nước
13313,DCQ,quan-tri-dich-vu-du-lich-va-lu-hanh,A00,Điểm thi THPT,2021,15.0,Quản trị dịch vụ Du lịch và Lữ hành
13314,DCQ,quan-tri-dich-vu-du-lich-va-lu-hanh,A01,Điểm thi THPT,2021,15.0,Quản trị dịch vụ Du lịch và Lữ hành
13315,DCQ,quan-tri-dich-vu-du-lich-va-lu-hanh,C00,Điểm thi THPT,2021,15.0,Quản trị dịch vụ Du lịch và Lữ hành
13316,DCQ,quan-tri-dich-vu-du-lich-va-lu-hanh,D01,Điểm thi THPT,2021,15.0,Quản trị dịch vụ Du lịch và Lữ hành
13317,DCQ,quan-tri-dich-vu-du-lich-va-lu-hanh,A00,Điểm học bạ,2022,18.0,Quản trị dịch vụ Du lịch và Lữ hành
13318,DCQ,quan-tri-dich-vu-du-lich-va-lu-hanh,A01,Điểm học bạ,2022,18.0,Quản trị dịch vụ Du lịch và Lữ hành
13319,DCQ,quan-tri-dich-vu-du-lich-va-lu-hanh,C00,Điểm học bạ,2022,18.0,Quản trị dịch vụ Du lịch và Lữ hành
13320,DCQ,quan-tri-dich-vu-du-lich-va-lu-hanh,D01,Điểm học bạ,2022,18.0,Quản trị dịch vụ Du lịch và Lữ hành
13321,DCQ,quan-tri-dich-vu-du-lich-va-lu-hanh,A00,Điểm thi THPT,2022,15.0,Quản trị dịch vụ Du lịch và Lữ hành
13322,DCQ,quan-tri-dich-vu-du-lich-va-lu-hanh,A01,Điểm thi THPT,2022,15.0,Quản trị dịch vụ Du lịch và Lữ hành
13323,DCQ,quan-tri-dich-vu-du-lich-va-lu-hanh,C00,Điểm thi THPT,2022,15.0,Quản trị dịch vụ Du lịch và Lữ hành
13324,DCQ,quan-tri-dich-vu-du-lich-va-lu-hanh,D01,Điểm thi THPT,2022,15.0,Quản trị dịch vụ Du lịch và Lữ hành
13325,DCQ,quan-tri-dich-vu-du-lich-va-lu-hanh,A00,Điểm học bạ,2023,18.0,Quản trị dịch vụ Du lịch và Lữ hành
13326,DCQ,quan-tri-dich-vu-du-lich-va-lu-hanh,A01,Điểm học bạ,2023,18.0,Quản trị dịch vụ Du lịch và Lữ hành
13327,DCQ,quan-tri-dich-vu-du-lich-va-lu-hanh,C00,Điểm học bạ,2023,18.0,Quản trị dịch vụ Du lịch và Lữ hành
13328,DCQ,quan-tri-dich-vu-du-lich-va-lu-hanh,D01,Điểm học bạ,2023,18.0,Quản trị dịch vụ Du lịch và Lữ hành
13329,DCQ,quan-tri-dich-vu-du-lich-va-lu-hanh,A00,Điểm thi THPT,2023,15.0,Quản trị dịch vụ Du lịch và Lữ hành
13330,DCQ,quan-tri-dich-vu-du-lich-va-lu-hanh,A01,Điểm thi THPT,2023,15.0,Quản trị dịch vụ Du lịch và Lữ hành
13331,DCQ,quan-tri-dich-vu-du-lich-va-lu-hanh,C00,Điểm thi THPT,2023,15.0,Quản trị dịch vụ Du lịch và Lữ hành
13332,DCQ,quan-tri-dich-vu-du-lich-va-lu-hanh,D01,Điểm thi THPT,2023,15.0,Quản trị dịch vụ Du lịch và Lữ hành
13333,DCQ,quan-tri-dich-vu-du-lich-va-lu-hanh,C00,Điểm học bạ,2024,20.0,Quản trị dịch vụ du lịch và lữ hành
13334,DCQ,quan-tri-dich-vu-du-lich-va-lu-hanh,D01,Điểm học bạ,2024,20.0,Quản trị dịch vụ du lịch và lữ hành
13335,DCQ,quan-tri-dich-vu-du-lich-va-lu-hanh,D14,Điểm học bạ,2024,20.0,Quản trị dịch vụ du lịch và lữ hành
13336,DCQ,quan-tri-dich-vu-du-lich-va-lu-hanh,D15,Điểm học bạ,2024,20.0,Quản trị dịch vụ du lịch và lữ hành
13337,DCQ,quan-tri-dich-vu-du-lich-va-lu-hanh,C00,Điểm thi THPT,2024,16.0,Quản trị dịch vụ du lịch và lữ hành
13338,DCQ,quan-tri-dich-vu-du-lich-va-lu-hanh,D01,Điểm thi THPT,2024,16.0,Quản trị dịch vụ du lịch và lữ hành
13339,DCQ,quan-tri-dich-vu-du-lich-va-lu-hanh,D14,Điểm thi THPT,2024,16.0,Quản trị dịch vụ du lịch và lữ hành
13340,DCQ,quan-tri-dich-vu-du-lich-va-lu-hanh,D15,Điểm thi THPT,2024,16.0,Quản trị dịch vụ du lịch và lữ hành
13341,DCQ,quan-tri-dich-vu-du-lich-va-lu-hanh,C00,Điểm học bạ,2025,20.0,Quản trị dịch vụ du lịch và lữ hành
13342,DCQ,quan-tri-dich-vu-du-lich-va-lu-hanh,D01,Điểm học bạ,2025,20.0,Quản trị dịch vụ du lịch và lữ hành
13343,DCQ,quan-tri-dich-vu-du-lich-va-lu-hanh,D14,Điểm học bạ,2025,20.0,Quản trị dịch vụ du lịch và lữ hành
13344,DCQ,quan-tri-dich-vu-du-lich-va-lu-hanh,D15,Điểm học bạ,2025,20.0,Quản trị dịch vụ du lịch và lữ hành
13345,DCQ,quan-tri-dich-vu-du-lich-va-lu-hanh,C00,Điểm thi THPT,2025,16.0,Quản trị dịch vụ du lịch và lữ hành
13346,DCQ,quan-tri-dich-vu-du-lich-va-lu-hanh,D01,Điểm thi THPT,2025,16.0,Quản trị dịch vụ du lịch và lữ hành
13347,DCQ,quan-tri-dich-vu-du-lich-va-lu-hanh,D14,Điểm thi THPT,2025,16.0,Quản trị dịch vụ du lịch và lữ hành
13348,DCQ,quan-tri-dich-vu-du-lich-va-lu-hanh,D15,Điểm thi THPT,2025,16.0,Quản trị dịch vụ du lịch và lữ hành
13349,DCQ,quan-tri-kinh-doanh,A00,Điểm thi THPT,2021,15.0,Quản trị kinh doanh
13350,DCQ,quan-tri-kinh-doanh,A01,Điểm thi THPT,2021,15.0,Quản trị kinh doanh
13351,DCQ,quan-tri-kinh-doanh,D01,Điểm thi THPT,2021,15.0,Quản trị kinh doanh
13352,DCQ,quan-tri-kinh-doanh,D07,Điểm thi THPT,2021,15.0,Quản trị kinh doanh
13353,DCQ,quan-tri-kinh-doanh,A00,Điểm học bạ,2022,18.0,Quản trị kinh doanh
13354,DCQ,quan-tri-kinh-doanh,A01,Điểm học bạ,2022,18.0,Quản trị kinh doanh
13355,DCQ,quan-tri-kinh-doanh,D01,Điểm học bạ,2022,18.0,Quản trị kinh doanh
13356,DCQ,quan-tri-kinh-doanh,D07,Điểm học bạ,2022,18.0,Quản trị kinh doanh
13357,DCQ,quan-tri-kinh-doanh,A00,Điểm thi THPT,2022,15.0,Quản trị kinh doanh
13358,DCQ,quan-tri-kinh-doanh,A01,Điểm thi THPT,2022,15.0,Quản trị kinh doanh
13359,DCQ,quan-tri-kinh-doanh,D01,Điểm thi THPT,2022,15.0,Quản trị kinh doanh
13360,DCQ,quan-tri-kinh-doanh,D07,Điểm thi THPT,2022,15.0,Quản trị kinh doanh
13361,DCQ,quan-tri-kinh-doanh,A00,Điểm học bạ,2023,18.0,Quản trị kinh doanh
13362,DCQ,quan-tri-kinh-doanh,A01,Điểm học bạ,2023,18.0,Quản trị kinh doanh
13363,DCQ,quan-tri-kinh-doanh,D01,Điểm học bạ,2023,18.0,Quản trị kinh doanh
13364,DCQ,quan-tri-kinh-doanh,D07,Điểm học bạ,2023,18.0,Quản trị kinh doanh
13365,DCQ,quan-tri-kinh-doanh,A00,Điểm thi THPT,2023,15.0,Quản trị kinh doanh
13366,DCQ,quan-tri-kinh-doanh,A01,Điểm thi THPT,2023,15.0,Quản trị kinh doanh
13367,DCQ,quan-tri-kinh-doanh,D01,Điểm thi THPT,2023,15.0,Quản trị kinh doanh
13368,DCQ,quan-tri-kinh-doanh,D07,Điểm thi THPT,2023,15.0,Quản trị kinh doanh
13369,DCQ,quan-tri-kinh-doanh,A00,Điểm học bạ,2024,20.0,Quản trị kinh doanh
13370,DCQ,quan-tri-kinh-doanh,A01,Điểm học bạ,2024,20.0,Quản trị kinh doanh
13371,DCQ,quan-tri-kinh-doanh,D01,Điểm học bạ,2024,20.0,Quản trị kinh doanh
13372,DCQ,quan-tri-kinh-doanh,D07,Điểm học bạ,2024,20.0,Quản trị kinh doanh
13373,DCQ,quan-tri-kinh-doanh,A00,Điểm thi THPT,2024,16.0,Quản trị kinh doanh
13374,DCQ,quan-tri-kinh-doanh,A01,Điểm thi THPT,2024,16.0,Quản trị kinh doanh
13375,DCQ,quan-tri-kinh-doanh,D01,Điểm thi THPT,2024,16.0,Quản trị kinh doanh
13376,DCQ,quan-tri-kinh-doanh,D07,Điểm thi THPT,2024,16.0,Quản trị kinh doanh
13377,DCQ,quan-tri-kinh-doanh,D01,Điểm học bạ,2025,20.0,Quản trị kinh doanh
13378,DCQ,quan-tri-kinh-doanh,X02,Điểm học bạ,2025,20.0,Quản trị kinh doanh
13379,DCQ,quan-tri-kinh-doanh,X25,Điểm học bạ,2025,20.0,Quản trị kinh doanh
13380,DCQ,quan-tri-kinh-doanh,X53,Điểm học bạ,2025,20.0,Quản trị kinh doanh
13381,DCQ,quan-tri-kinh-doanh,D01,Điểm thi THPT,2025,16.0,Quản trị kinh doanh
13382,DCQ,quan-tri-kinh-doanh,X02,Điểm thi THPT,2025,16.0,Quản trị kinh doanh
13383,DCQ,quan-tri-kinh-doanh,X25,Điểm thi THPT,2025,16.0,Quản trị kinh doanh
13384,DCQ,quan-tri-kinh-doanh,X53,Điểm thi THPT,2025,16.0,Quản trị kinh doanh
13385,DCQ,tai-chinh-ngan-hang,A00,Điểm thi THPT,2021,15.0,Tài chính ngân hàng
13386,DCQ,tai-chinh-ngan-hang,A01,Điểm thi THPT,2021,15.0,Tài chính ngân hàng
13387,DCQ,tai-chinh-ngan-hang,D01,Điểm thi THPT,2021,15.0,Tài chính ngân hàng
13388,DCQ,tai-chinh-ngan-hang,D07,Điểm thi THPT,2021,15.0,Tài chính ngân hàng
13389,DCQ,tai-chinh-ngan-hang,A00,Điểm học bạ,2022,18.0,Tài chính ngân hàng
13390,DCQ,tai-chinh-ngan-hang,A01,Điểm học bạ,2022,18.0,Tài chính ngân hàng
13391,DCQ,tai-chinh-ngan-hang,D01,Điểm học bạ,2022,18.0,Tài chính ngân hàng
13392,DCQ,tai-chinh-ngan-hang,D07,Điểm học bạ,2022,18.0,Tài chính ngân hàng
13393,DCQ,tai-chinh-ngan-hang,A00,Điểm thi THPT,2022,15.0,Tài chính ngân hàng
13394,DCQ,tai-chinh-ngan-hang,A01,Điểm thi THPT,2022,15.0,Tài chính ngân hàng
13395,DCQ,tai-chinh-ngan-hang,D01,Điểm thi THPT,2022,15.0,Tài chính ngân hàng
13396,DCQ,tai-chinh-ngan-hang,D07,Điểm thi THPT,2022,15.0,Tài chính ngân hàng
13397,DCQ,tai-chinh-ngan-hang,A00,Điểm học bạ,2023,18.0,Tài chính ngân hàng
13398,DCQ,tai-chinh-ngan-hang,A01,Điểm học bạ,2023,18.0,Tài chính ngân hàng
13399,DCQ,tai-chinh-ngan-hang,D01,Điểm học bạ,2023,18.0,Tài chính ngân hàng
13400,DCQ,tai-chinh-ngan-hang,D07,Điểm học bạ,2023,18.0,Tài chính ngân hàng
13401,DCQ,tai-chinh-ngan-hang,A00,Điểm thi THPT,2023,15.0,Tài chính ngân hàng
13402,DCQ,tai-chinh-ngan-hang,A01,Điểm thi THPT,2023,15.0,Tài chính ngân hàng
13403,DCQ,tai-chinh-ngan-hang,D01,Điểm thi THPT,2023,15.0,Tài chính ngân hàng
13404,DCQ,tai-chinh-ngan-hang,D07,Điểm thi THPT,2023,15.0,Tài chính ngân hàng
13405,DCQ,tai-chinh-ngan-hang,A00,Điểm học bạ,2024,20.0,Tài chính - Ngân hàng
13406,DCQ,tai-chinh-ngan-hang,A01,Điểm học bạ,2024,20.0,Tài chính - Ngân hàng
13407,DCQ,tai-chinh-ngan-hang,D01,Điểm học bạ,2024,20.0,Tài chính - Ngân hàng
13408,DCQ,tai-chinh-ngan-hang,D07,Điểm học bạ,2024,20.0,Tài chính - Ngân hàng
13409,DCQ,tai-chinh-ngan-hang,A00,Điểm thi THPT,2024,16.0,Tài chính - Ngân hàng
13410,DCQ,tai-chinh-ngan-hang,A01,Điểm thi THPT,2024,16.0,Tài chính - Ngân hàng
13411,DCQ,tai-chinh-ngan-hang,D01,Điểm thi THPT,2024,16.0,Tài chính - Ngân hàng
13412,DCQ,tai-chinh-ngan-hang,D07,Điểm thi THPT,2024,16.0,Tài chính - Ngân hàng
13413,DCQ,tai-chinh-ngan-hang,D01,Điểm học bạ,2025,20.0,Tài chính - ngân hàng
13414,DCQ,tai-chinh-ngan-hang,X02,Điểm học bạ,2025,20.0,Tài chính - ngân hàng
13415,DCQ,tai-chinh-ngan-hang,X25,Điểm học bạ,2025,20.0,Tài chính - ngân hàng
13416,DCQ,tai-chinh-ngan-hang,X53,Điểm học bạ,2025,20.0,Tài chính - ngân hàng
13417,DCQ,tai-chinh-ngan-hang,D01,Điểm thi THPT,2025,16.0,Tài chính - ngân hàng
13418,DCQ,tai-chinh-ngan-hang,X02,Điểm thi THPT,2025,16.0,Tài chính - ngân hàng
13419,DCQ,tai-chinh-ngan-hang,X25,Điểm thi THPT,2025,16.0,Tài chính - ngân hàng
13420,DCQ,tai-chinh-ngan-hang,X53,Điểm thi THPT,2025,16.0,Tài chính - ngân hàng
13421,DCT,an-toan-thong-tin,A00,Điểm học bạ,2021,19.0,An toàn thông tin
13422,DCT,an-toan-thong-tin,A01,Điểm học bạ,2021,19.0,An toàn thông tin
13423,DCT,an-toan-thong-tin,D01,Điểm học bạ,2021,19.0,An toàn thông tin
13424,DCT,an-toan-thong-tin,D07,Điểm học bạ,2021,19.0,An toàn thông tin
13425,DCT,an-toan-thong-tin,A00,Điểm thi THPT,2021,16.0,An toàn thông tin
13426,DCT,an-toan-thong-tin,A01,Điểm thi THPT,2021,16.0,An toàn thông tin
13427,DCT,an-toan-thong-tin,D01,Điểm thi THPT,2021,16.0,An toàn thông tin
13428,DCT,an-toan-thong-tin,D07,Điểm thi THPT,2021,16.0,An toàn thông tin
13429,DCT,an-toan-thong-tin,A00,Điểm học bạ,2022,23.0,An toàn thông tin
13430,DCT,an-toan-thong-tin,A01,Điểm học bạ,2022,23.0,An toàn thông tin
13431,DCT,an-toan-thong-tin,D01,Điểm học bạ,2022,23.0,An toàn thông tin
13432,DCT,an-toan-thong-tin,D07,Điểm học bạ,2022,23.0,An toàn thông tin
13433,DCT,an-toan-thong-tin,A00,Điểm thi THPT,2022,22.25,An toàn thông tin
13434,DCT,an-toan-thong-tin,A01,Điểm thi THPT,2022,22.25,An toàn thông tin
13435,DCT,an-toan-thong-tin,D01,Điểm thi THPT,2022,22.25,An toàn thông tin
13436,DCT,an-toan-thong-tin,D07,Điểm thi THPT,2022,22.25,An toàn thông tin
13437,DCT,an-toan-thong-tin,A00,Điểm học bạ,2023,21.25,An toàn thông tin
13438,DCT,an-toan-thong-tin,A01,Điểm học bạ,2023,21.25,An toàn thông tin
13439,DCT,an-toan-thong-tin,D01,Điểm học bạ,2023,21.25,An toàn thông tin
13440,DCT,an-toan-thong-tin,D07,Điểm học bạ,2023,21.25,An toàn thông tin
13441,DCT,an-toan-thong-tin,A00,Điểm thi THPT,2023,16.5,An toàn thông tin
13442,DCT,an-toan-thong-tin,A01,Điểm thi THPT,2023,16.5,An toàn thông tin
13443,DCT,an-toan-thong-tin,D01,Điểm thi THPT,2023,16.5,An toàn thông tin
13444,DCT,an-toan-thong-tin,D07,Điểm thi THPT,2023,16.5,An toàn thông tin
13445,DCT,an-toan-thong-tin,A00,Điểm học bạ,2024,22.0,An toàn thông tin
13446,DCT,an-toan-thong-tin,A01,Điểm học bạ,2024,22.0,An toàn thông tin
13447,DCT,an-toan-thong-tin,D01,Điểm học bạ,2024,22.0,An toàn thông tin
13448,DCT,an-toan-thong-tin,D07,Điểm học bạ,2024,22.0,An toàn thông tin
13449,DCT,an-toan-thong-tin,A00,Điểm thi THPT,2024,20.0,An toàn thông tin
13450,DCT,an-toan-thong-tin,A01,Điểm thi THPT,2024,20.0,An toàn thông tin
13451,DCT,an-toan-thong-tin,D01,Điểm thi THPT,2024,20.0,An toàn thông tin
13452,DCT,an-toan-thong-tin,D07,Điểm thi THPT,2024,20.0,An toàn thông tin
13453,DCT,an-toan-thong-tin,A00,Điểm học bạ,2025,24.0,An toàn thông tin
13454,DCT,an-toan-thong-tin,C01,Điểm học bạ,2025,24.0,An toàn thông tin
13455,DCT,an-toan-thong-tin,D01,Điểm học bạ,2025,24.0,An toàn thông tin
13456,DCT,an-toan-thong-tin,X26,Điểm học bạ,2025,24.0,An toàn thông tin
13457,DCT,an-toan-thong-tin,A00,Điểm thi THPT,2025,22.0,An toàn thông tin
13458,DCT,an-toan-thong-tin,C01,Điểm thi THPT,2025,22.0,An toàn thông tin
13459,DCT,an-toan-thong-tin,D01,Điểm thi THPT,2025,22.0,An toàn thông tin
13460,DCT,an-toan-thong-tin,X26,Điểm thi THPT,2025,22.0,An toàn thông tin
13461,DCT,cong-nghe-che-bien-thuy-san,A00,Điểm học bạ,2021,18.0,Công nghệ chế biến thủy sản
13462,DCT,cong-nghe-che-bien-thuy-san,A01,Điểm học bạ,2021,18.0,Công nghệ chế biến thủy sản
13463,DCT,cong-nghe-che-bien-thuy-san,B00,Điểm học bạ,2021,18.0,Công nghệ chế biến thủy sản
13464,DCT,cong-nghe-che-bien-thuy-san,D07,Điểm học bạ,2021,18.0,Công nghệ chế biến thủy sản
13465,DCT,cong-nghe-che-bien-thuy-san,A00,Điểm thi THPT,2021,16.0,Công nghệ chế biến thủy sản
13466,DCT,cong-nghe-che-bien-thuy-san,A01,Điểm thi THPT,2021,16.0,Công nghệ chế biến thủy sản
13467,DCT,cong-nghe-che-bien-thuy-san,B00,Điểm thi THPT,2021,16.0,Công nghệ chế biến thủy sản
13468,DCT,cong-nghe-che-bien-thuy-san,D07,Điểm thi THPT,2021,16.0,Công nghệ chế biến thủy sản
13469,DCT,cong-nghe-che-bien-thuy-san,A00,Điểm học bạ,2022,20.0,Công nghệ chế biến thủy sản
13470,DCT,cong-nghe-che-bien-thuy-san,A01,Điểm học bạ,2022,20.0,Công nghệ chế biến thủy sản
13471,DCT,cong-nghe-che-bien-thuy-san,B00,Điểm học bạ,2022,20.0,Công nghệ chế biến thủy sản
13472,DCT,cong-nghe-che-bien-thuy-san,D07,Điểm học bạ,2022,20.0,Công nghệ chế biến thủy sản
13473,DCT,cong-nghe-che-bien-thuy-san,A00,Điểm thi THPT,2022,16.0,Công nghệ chế biến thủy sản
13474,DCT,cong-nghe-che-bien-thuy-san,A01,Điểm thi THPT,2022,16.0,Công nghệ chế biến thủy sản
13475,DCT,cong-nghe-che-bien-thuy-san,B00,Điểm thi THPT,2022,16.0,Công nghệ chế biến thủy sản
13476,DCT,cong-nghe-che-bien-thuy-san,D07,Điểm thi THPT,2022,16.0,Công nghệ chế biến thủy sản
13477,DCT,cong-nghe-che-bien-thuy-san,A00,Điểm học bạ,2023,20.0,Công nghệ chế biến thủy sản
13478,DCT,cong-nghe-che-bien-thuy-san,A01,Điểm học bạ,2023,20.0,Công nghệ chế biến thủy sản
13479,DCT,cong-nghe-che-bien-thuy-san,B00,Điểm học bạ,2023,20.0,Công nghệ chế biến thủy sản
13480,DCT,cong-nghe-che-bien-thuy-san,D07,Điểm học bạ,2023,20.0,Công nghệ chế biến thủy sản
13481,DCT,cong-nghe-che-bien-thuy-san,A00,Điểm thi THPT,2023,16.0,Công nghệ chế biến thủy sản
13482,DCT,cong-nghe-che-bien-thuy-san,A01,Điểm thi THPT,2023,16.0,Công nghệ chế biến thủy sản
13483,DCT,cong-nghe-che-bien-thuy-san,B00,Điểm thi THPT,2023,16.0,Công nghệ chế biến thủy sản
13484,DCT,cong-nghe-che-bien-thuy-san,D07,Điểm thi THPT,2023,16.0,Công nghệ chế biến thủy sản
13485,DCT,cong-nghe-che-bien-thuy-san,A00,Điểm học bạ,2024,20.0,Công nghệ chế biến thủy sản
13486,DCT,cong-nghe-che-bien-thuy-san,A01,Điểm học bạ,2024,20.0,Công nghệ chế biến thủy sản
13487,DCT,cong-nghe-che-bien-thuy-san,B00,Điểm học bạ,2024,20.0,Công nghệ chế biến thủy sản
13488,DCT,cong-nghe-che-bien-thuy-san,D07,Điểm học bạ,2024,20.0,Công nghệ chế biến thủy sản
13489,DCT,cong-nghe-che-bien-thuy-san,A00,Điểm thi THPT,2024,17.0,Công nghệ chế biến thủy sản
13490,DCT,cong-nghe-che-bien-thuy-san,A01,Điểm thi THPT,2024,17.0,Công nghệ chế biến thủy sản
13491,DCT,cong-nghe-che-bien-thuy-san,B00,Điểm thi THPT,2024,17.0,Công nghệ chế biến thủy sản
13492,DCT,cong-nghe-che-bien-thuy-san,D07,Điểm thi THPT,2024,17.0,Công nghệ chế biến thủy sản
13493,DCT,cong-nghe-che-bien-thuy-san,A00,Điểm học bạ,2025,20.33,Công nghệ chế biến thủy sản
13494,DCT,cong-nghe-che-bien-thuy-san,B00,Điểm học bạ,2025,20.33,Công nghệ chế biến thủy sản
13495,DCT,cong-nghe-che-bien-thuy-san,B08,Điểm học bạ,2025,20.33,Công nghệ chế biến thủy sản
13496,DCT,cong-nghe-che-bien-thuy-san,D07,Điểm học bạ,2025,20.33,Công nghệ chế biến thủy sản
13497,DCT,cong-nghe-che-bien-thuy-san,A00,Điểm thi THPT,2025,17.0,Công nghệ chế biến thủy sản
13498,DCT,cong-nghe-che-bien-thuy-san,B00,Điểm thi THPT,2025,17.0,Công nghệ chế biến thủy sản
13499,DCT,cong-nghe-che-bien-thuy-san,B08,Điểm thi THPT,2025,17.0,Công nghệ chế biến thủy sản
13500,DCT,cong-nghe-che-bien-thuy-san,D07,Điểm thi THPT,2025,17.0,Công nghệ chế biến thủy sản
13501,DCT,cong-nghe-che-tao-may,A00,Điểm học bạ,2021,19.0,Công nghệ chế tạo máy
13502,DCT,cong-nghe-che-tao-may,A01,Điểm học bạ,2021,19.0,Công nghệ chế tạo máy
13503,DCT,cong-nghe-che-tao-may,D01,Điểm học bạ,2021,19.0,Công nghệ chế tạo máy
13504,DCT,cong-nghe-che-tao-may,D07,Điểm học bạ,2021,19.0,Công nghệ chế tạo máy
13505,DCT,cong-nghe-che-tao-may,A00,Điểm thi THPT,2021,16.0,Công nghệ chế tạo máy
13506,DCT,cong-nghe-che-tao-may,A01,Điểm thi THPT,2021,16.0,Công nghệ chế tạo máy
13507,DCT,cong-nghe-che-tao-may,D01,Điểm thi THPT,2021,16.0,Công nghệ chế tạo máy
13508,DCT,cong-nghe-che-tao-may,D07,Điểm thi THPT,2021,16.0,Công nghệ chế tạo máy
13509,DCT,cong-nghe-che-tao-may,A00,Điểm học bạ,2022,20.0,Công nghệ chế tạo máy
13510,DCT,cong-nghe-che-tao-may,A01,Điểm học bạ,2022,20.0,Công nghệ chế tạo máy
13511,DCT,cong-nghe-che-tao-may,D01,Điểm học bạ,2022,20.0,Công nghệ chế tạo máy
13512,DCT,cong-nghe-che-tao-may,D07,Điểm học bạ,2022,20.0,Công nghệ chế tạo máy
13513,DCT,cong-nghe-che-tao-may,A00,Điểm thi THPT,2022,17.25,Công nghệ chế tạo máy
13514,DCT,cong-nghe-che-tao-may,A01,Điểm thi THPT,2022,17.25,Công nghệ chế tạo máy
13515,DCT,cong-nghe-che-tao-may,D01,Điểm thi THPT,2022,17.25,Công nghệ chế tạo máy
13516,DCT,cong-nghe-che-tao-may,D07,Điểm thi THPT,2022,17.25,Công nghệ chế tạo máy
13517,DCT,cong-nghe-che-tao-may,A00,Điểm học bạ,2023,20.0,Công nghệ chế tạo máy
13518,DCT,cong-nghe-che-tao-may,A01,Điểm học bạ,2023,20.0,Công nghệ chế tạo máy
13519,DCT,cong-nghe-che-tao-may,D01,Điểm học bạ,2023,20.0,Công nghệ chế tạo máy
13520,DCT,cong-nghe-che-tao-may,D07,Điểm học bạ,2023,20.0,Công nghệ chế tạo máy
13521,DCT,cong-nghe-che-tao-may,A00,Điểm thi THPT,2023,16.0,Công nghệ chế tạo máy
13522,DCT,cong-nghe-che-tao-may,A01,Điểm thi THPT,2023,16.0,Công nghệ chế tạo máy
13523,DCT,cong-nghe-che-tao-may,D01,Điểm thi THPT,2023,16.0,Công nghệ chế tạo máy
13524,DCT,cong-nghe-che-tao-may,D07,Điểm thi THPT,2023,16.0,Công nghệ chế tạo máy
13525,DCT,cong-nghe-che-tao-may,A00,Điểm học bạ,2024,20.0,Công nghệ chế tạo máy
13526,DCT,cong-nghe-che-tao-may,A01,Điểm học bạ,2024,20.0,Công nghệ chế tạo máy
13527,DCT,cong-nghe-che-tao-may,D01,Điểm học bạ,2024,20.0,Công nghệ chế tạo máy
13528,DCT,cong-nghe-che-tao-may,D07,Điểm học bạ,2024,20.0,Công nghệ chế tạo máy
13529,DCT,cong-nghe-che-tao-may,A00,Điểm thi THPT,2024,18.0,Công nghệ chế tạo máy
13530,DCT,cong-nghe-che-tao-may,A01,Điểm thi THPT,2024,18.0,Công nghệ chế tạo máy
13531,DCT,cong-nghe-che-tao-may,D01,Điểm thi THPT,2024,18.0,Công nghệ chế tạo máy
13532,DCT,cong-nghe-che-tao-may,D07,Điểm thi THPT,2024,18.0,Công nghệ chế tạo máy
13533,DCT,cong-nghe-che-tao-may,A00,Điểm học bạ,2025,23.25,Công nghệ chế tạo máy
13534,DCT,cong-nghe-che-tao-may,A01,Điểm học bạ,2025,23.25,Công nghệ chế tạo máy
13535,DCT,cong-nghe-che-tao-may,C01,Điểm học bạ,2025,23.25,Công nghệ chế tạo máy
13536,DCT,cong-nghe-che-tao-may,D01,Điểm học bạ,2025,23.25,Công nghệ chế tạo máy
13537,DCT,cong-nghe-che-tao-may,A00,Điểm thi THPT,2025,21.25,Công nghệ chế tạo máy
13538,DCT,cong-nghe-che-tao-may,A01,Điểm thi THPT,2025,21.25,Công nghệ chế tạo máy
13539,DCT,cong-nghe-che-tao-may,C01,Điểm thi THPT,2025,21.25,Công nghệ chế tạo máy
13540,DCT,cong-nghe-che-tao-may,D01,Điểm thi THPT,2025,21.25,Công nghệ chế tạo máy
13541,DCT,cong-nghe-det-may,A00,Điểm học bạ,2021,19.0,"Công nghệ dệt, may"
13542,DCT,cong-nghe-det-may,A01,Điểm học bạ,2021,19.0,"Công nghệ dệt, may"
13543,DCT,cong-nghe-det-may,D01,Điểm học bạ,2021,19.0,"Công nghệ dệt, may"
13544,DCT,cong-nghe-det-may,D07,Điểm học bạ,2021,19.0,"Công nghệ dệt, may"
13545,DCT,cong-nghe-det-may,A00,Điểm thi THPT,2021,17.0,"Công nghệ dệt, may"
13546,DCT,cong-nghe-det-may,A01,Điểm thi THPT,2021,17.0,"Công nghệ dệt, may"
13547,DCT,cong-nghe-det-may,D01,Điểm thi THPT,2021,17.0,"Công nghệ dệt, may"
13548,DCT,cong-nghe-det-may,D07,Điểm thi THPT,2021,17.0,"Công nghệ dệt, may"
13549,DCT,cong-nghe-det-may,A00,Điểm học bạ,2022,21.0,"Công nghệ dệt, may"
13550,DCT,cong-nghe-det-may,A01,Điểm học bạ,2022,21.0,"Công nghệ dệt, may"
13551,DCT,cong-nghe-det-may,D01,Điểm học bạ,2022,21.0,"Công nghệ dệt, may"
13552,DCT,cong-nghe-det-may,D07,Điểm học bạ,2022,21.0,"Công nghệ dệt, may"
13553,DCT,cong-nghe-det-may,A00,Điểm thi THPT,2022,19.75,"Công nghệ dệt, may"
13554,DCT,cong-nghe-det-may,A01,Điểm thi THPT,2022,19.75,"Công nghệ dệt, may"
13555,DCT,cong-nghe-det-may,D01,Điểm thi THPT,2022,19.75,"Công nghệ dệt, may"
13556,DCT,cong-nghe-det-may,D07,Điểm thi THPT,2022,19.75,"Công nghệ dệt, may"
13557,DCT,cong-nghe-det-may,A00,Điểm học bạ,2023,20.0,"Công nghệ dệt, may"
13558,DCT,cong-nghe-det-may,A01,Điểm học bạ,2023,20.0,"Công nghệ dệt, may"
13559,DCT,cong-nghe-det-may,D01,Điểm học bạ,2023,20.0,"Công nghệ dệt, may"
13560,DCT,cong-nghe-det-may,D07,Điểm học bạ,2023,20.0,"Công nghệ dệt, may"
13561,DCT,cong-nghe-det-may,A00,Điểm thi THPT,2023,16.0,"Công nghệ dệt, may"
13562,DCT,cong-nghe-det-may,A01,Điểm thi THPT,2023,16.0,"Công nghệ dệt, may"
13563,DCT,cong-nghe-det-may,D01,Điểm thi THPT,2023,16.0,"Công nghệ dệt, may"
13564,DCT,cong-nghe-det-may,D07,Điểm thi THPT,2023,16.0,"Công nghệ dệt, may"
13565,DCT,cong-nghe-det-may,A00,Điểm học bạ,2024,20.0,"Công nghệ dệt, may"
13566,DCT,cong-nghe-det-may,A01,Điểm học bạ,2024,20.0,"Công nghệ dệt, may"
13567,DCT,cong-nghe-det-may,D01,Điểm học bạ,2024,20.0,"Công nghệ dệt, may"
13568,DCT,cong-nghe-det-may,D07,Điểm học bạ,2024,20.0,"Công nghệ dệt, may"
13569,DCT,cong-nghe-det-may,A00,Điểm thi THPT,2024,17.0,Công nghệ dệt; may
13570,DCT,cong-nghe-det-may,A01,Điểm thi THPT,2024,17.0,Công nghệ dệt; may
13571,DCT,cong-nghe-det-may,D01,Điểm thi THPT,2024,17.0,Công nghệ dệt; may
13572,DCT,cong-nghe-det-may,D07,Điểm thi THPT,2024,17.0,Công nghệ dệt; may
13573,DCT,cong-nghe-det-may,A00,Điểm học bạ,2025,20.33,"Công nghệ dệt, may"
13574,DCT,cong-nghe-det-may,A01,Điểm học bạ,2025,20.33,"Công nghệ dệt, may"
13575,DCT,cong-nghe-det-may,C01,Điểm học bạ,2025,20.33,"Công nghệ dệt, may"
13576,DCT,cong-nghe-det-may,D01,Điểm học bạ,2025,20.33,"Công nghệ dệt, may"
13577,DCT,cong-nghe-det-may,A00,Điểm thi THPT,2025,17.0,"Công nghệ dệt, may"
13578,DCT,cong-nghe-det-may,A01,Điểm thi THPT,2025,17.0,"Công nghệ dệt, may"
13579,DCT,cong-nghe-det-may,C01,Điểm thi THPT,2025,17.0,"Công nghệ dệt, may"
13580,DCT,cong-nghe-det-may,D01,Điểm thi THPT,2025,17.0,"Công nghệ dệt, may"
13581,DCT,cong-nghe-ky-thuat-co-dien-tu,A00,Điểm học bạ,2021,19.0,Công nghệ kỹ thuật cơ điện tử
13582,DCT,cong-nghe-ky-thuat-co-dien-tu,A01,Điểm học bạ,2021,19.0,Công nghệ kỹ thuật cơ điện tử
13583,DCT,cong-nghe-ky-thuat-co-dien-tu,D01,Điểm học bạ,2021,19.0,Công nghệ kỹ thuật cơ điện tử
13584,DCT,cong-nghe-ky-thuat-co-dien-tu,D07,Điểm học bạ,2021,19.0,Công nghệ kỹ thuật cơ điện tử
13585,DCT,cong-nghe-ky-thuat-co-dien-tu,A00,Điểm thi THPT,2021,16.0,Công nghệ kỹ thuật cơ điện tử
13586,DCT,cong-nghe-ky-thuat-co-dien-tu,A01,Điểm thi THPT,2021,16.0,Công nghệ kỹ thuật cơ điện tử
13587,DCT,cong-nghe-ky-thuat-co-dien-tu,D01,Điểm thi THPT,2021,16.0,Công nghệ kỹ thuật cơ điện tử
13588,DCT,cong-nghe-ky-thuat-co-dien-tu,D07,Điểm thi THPT,2021,16.0,Công nghệ kỹ thuật cơ điện tử
13589,DCT,cong-nghe-ky-thuat-co-dien-tu,A00,Điểm học bạ,2022,21.25,Công nghệ kỹ thuật cơ điện tử
13590,DCT,cong-nghe-ky-thuat-co-dien-tu,A01,Điểm học bạ,2022,21.25,Công nghệ kỹ thuật cơ điện tử
13591,DCT,cong-nghe-ky-thuat-co-dien-tu,D01,Điểm học bạ,2022,21.25,Công nghệ kỹ thuật cơ điện tử
13592,DCT,cong-nghe-ky-thuat-co-dien-tu,D07,Điểm học bạ,2022,21.25,Công nghệ kỹ thuật cơ điện tử
13593,DCT,cong-nghe-ky-thuat-co-dien-tu,A00,Điểm thi THPT,2022,21.0,Công nghệ kỹ thuật cơ điện tử
13594,DCT,cong-nghe-ky-thuat-co-dien-tu,A01,Điểm thi THPT,2022,21.0,Công nghệ kỹ thuật cơ điện tử
13595,DCT,cong-nghe-ky-thuat-co-dien-tu,D01,Điểm thi THPT,2022,21.0,Công nghệ kỹ thuật cơ điện tử
13596,DCT,cong-nghe-ky-thuat-co-dien-tu,D07,Điểm thi THPT,2022,21.0,Công nghệ kỹ thuật cơ điện tử
13597,DCT,cong-nghe-ky-thuat-co-dien-tu,A00,Điểm học bạ,2023,20.0,Công nghệ kỹ thuật cơ điện tử
13598,DCT,cong-nghe-ky-thuat-co-dien-tu,A01,Điểm học bạ,2023,20.0,Công nghệ kỹ thuật cơ điện tử
13599,DCT,cong-nghe-ky-thuat-co-dien-tu,D01,Điểm học bạ,2023,20.0,Công nghệ kỹ thuật cơ điện tử
13600,DCT,cong-nghe-ky-thuat-co-dien-tu,D07,Điểm học bạ,2023,20.0,Công nghệ kỹ thuật cơ điện tử
13601,DCT,cong-nghe-ky-thuat-co-dien-tu,A00,Điểm thi THPT,2023,16.0,Công nghệ kỹ thuật cơ điện tử
13602,DCT,cong-nghe-ky-thuat-co-dien-tu,A01,Điểm thi THPT,2023,16.0,Công nghệ kỹ thuật cơ điện tử
13603,DCT,cong-nghe-ky-thuat-co-dien-tu,D01,Điểm thi THPT,2023,16.0,Công nghệ kỹ thuật cơ điện tử
13604,DCT,cong-nghe-ky-thuat-co-dien-tu,D07,Điểm thi THPT,2023,16.0,Công nghệ kỹ thuật cơ điện tử
13605,DCT,cong-nghe-ky-thuat-co-dien-tu,A00,Điểm học bạ,2024,20.0,Công nghệ kỹ thuật cơ điện tử
13606,DCT,cong-nghe-ky-thuat-co-dien-tu,A01,Điểm học bạ,2024,20.0,Công nghệ kỹ thuật cơ điện tử
13607,DCT,cong-nghe-ky-thuat-co-dien-tu,D01,Điểm học bạ,2024,20.0,Công nghệ kỹ thuật cơ điện tử
13608,DCT,cong-nghe-ky-thuat-co-dien-tu,D07,Điểm học bạ,2024,20.0,Công nghệ kỹ thuật cơ điện tử
13609,DCT,cong-nghe-ky-thuat-co-dien-tu,A00,Điểm thi THPT,2024,18.5,Công nghệ kỹ thuật - cơ điện tử
13610,DCT,cong-nghe-ky-thuat-co-dien-tu,A01,Điểm thi THPT,2024,18.5,Công nghệ kỹ thuật - cơ điện tử
13611,DCT,cong-nghe-ky-thuat-co-dien-tu,D01,Điểm thi THPT,2024,18.5,Công nghệ kỹ thuật - cơ điện tử
13612,DCT,cong-nghe-ky-thuat-co-dien-tu,D07,Điểm thi THPT,2024,18.5,Công nghệ kỹ thuật - cơ điện tử
13613,DCT,cong-nghe-ky-thuat-co-dien-tu,A00,Điểm học bạ,2025,24.0,Công nghệ kỹ thuật cơ điện tử
13614,DCT,cong-nghe-ky-thuat-co-dien-tu,A01,Điểm học bạ,2025,24.0,Công nghệ kỹ thuật cơ điện tử
13615,DCT,cong-nghe-ky-thuat-co-dien-tu,C01,Điểm học bạ,2025,24.0,Công nghệ kỹ thuật cơ điện tử
13616,DCT,cong-nghe-ky-thuat-co-dien-tu,D01,Điểm học bạ,2025,24.0,Công nghệ kỹ thuật cơ điện tử
13617,DCT,cong-nghe-ky-thuat-co-dien-tu,A00,Điểm thi THPT,2025,22.0,Công nghệ kỹ thuật cơ điện tử
13618,DCT,cong-nghe-ky-thuat-co-dien-tu,A01,Điểm thi THPT,2025,22.0,Công nghệ kỹ thuật cơ điện tử
13619,DCT,cong-nghe-ky-thuat-co-dien-tu,C01,Điểm thi THPT,2025,22.0,Công nghệ kỹ thuật cơ điện tử
13620,DCT,cong-nghe-ky-thuat-co-dien-tu,D01,Điểm thi THPT,2025,22.0,Công nghệ kỹ thuật cơ điện tử
13621,DCT,cong-nghe-ky-thuat-dien-dien-tu,A00,Điểm học bạ,2021,19.0,Công nghệ kỹ thuật điện - điện tử
13622,DCT,cong-nghe-ky-thuat-dien-dien-tu,A01,Điểm học bạ,2021,19.0,Công nghệ kỹ thuật điện - điện tử
13623,DCT,cong-nghe-ky-thuat-dien-dien-tu,D01,Điểm học bạ,2021,19.0,Công nghệ kỹ thuật điện - điện tử
13624,DCT,cong-nghe-ky-thuat-dien-dien-tu,D07,Điểm học bạ,2021,19.0,Công nghệ kỹ thuật điện - điện tử
13625,DCT,cong-nghe-ky-thuat-dien-dien-tu,A00,Điểm thi THPT,2021,17.0,Công nghệ kỹ thuật điện - điện tử
13626,DCT,cong-nghe-ky-thuat-dien-dien-tu,A01,Điểm thi THPT,2021,17.0,Công nghệ kỹ thuật điện - điện tử
13627,DCT,cong-nghe-ky-thuat-dien-dien-tu,D01,Điểm thi THPT,2021,17.0,Công nghệ kỹ thuật điện - điện tử
13628,DCT,cong-nghe-ky-thuat-dien-dien-tu,D07,Điểm thi THPT,2021,17.0,Công nghệ kỹ thuật điện - điện tử
13629,DCT,cong-nghe-ky-thuat-dien-dien-tu,A00,Điểm học bạ,2022,21.25,Công nghệ kỹ thuật điện - điện tử
13630,DCT,cong-nghe-ky-thuat-dien-dien-tu,A01,Điểm học bạ,2022,21.25,Công nghệ kỹ thuật điện - điện tử
13631,DCT,cong-nghe-ky-thuat-dien-dien-tu,D01,Điểm học bạ,2022,21.25,Công nghệ kỹ thuật điện - điện tử
13632,DCT,cong-nghe-ky-thuat-dien-dien-tu,D07,Điểm học bạ,2022,21.25,Công nghệ kỹ thuật điện - điện tử
13633,DCT,cong-nghe-ky-thuat-dien-dien-tu,A00,Điểm thi THPT,2022,21.0,Công nghệ kỹ thuật điện - điện tử
13634,DCT,cong-nghe-ky-thuat-dien-dien-tu,A01,Điểm thi THPT,2022,21.0,Công nghệ kỹ thuật điện - điện tử
13635,DCT,cong-nghe-ky-thuat-dien-dien-tu,D01,Điểm thi THPT,2022,21.0,Công nghệ kỹ thuật điện - điện tử
13636,DCT,cong-nghe-ky-thuat-dien-dien-tu,D07,Điểm thi THPT,2022,21.0,Công nghệ kỹ thuật điện - điện tử
13637,DCT,cong-nghe-ky-thuat-dien-dien-tu,A00,Điểm học bạ,2023,20.0,Công nghệ kỹ thuật điện - điện tử
13638,DCT,cong-nghe-ky-thuat-dien-dien-tu,A01,Điểm học bạ,2023,20.0,Công nghệ kỹ thuật điện - điện tử
13639,DCT,cong-nghe-ky-thuat-dien-dien-tu,D01,Điểm học bạ,2023,20.0,Công nghệ kỹ thuật điện - điện tử
13640,DCT,cong-nghe-ky-thuat-dien-dien-tu,D07,Điểm học bạ,2023,20.0,Công nghệ kỹ thuật điện - điện tử
13641,DCT,cong-nghe-ky-thuat-dien-dien-tu,A00,Điểm thi THPT,2023,16.0,Công nghệ kỹ thuật điện - điện tử
13642,DCT,cong-nghe-ky-thuat-dien-dien-tu,A01,Điểm thi THPT,2023,16.0,Công nghệ kỹ thuật điện - điện tử
13643,DCT,cong-nghe-ky-thuat-dien-dien-tu,D01,Điểm thi THPT,2023,16.0,Công nghệ kỹ thuật điện - điện tử
13644,DCT,cong-nghe-ky-thuat-dien-dien-tu,D07,Điểm thi THPT,2023,16.0,Công nghệ kỹ thuật điện - điện tử
13645,DCT,cong-nghe-ky-thuat-dien-dien-tu,A00,Điểm học bạ,2024,21.0,Công nghệ kỹ thuật điện - điện tử
13646,DCT,cong-nghe-ky-thuat-dien-dien-tu,A01,Điểm học bạ,2024,21.0,Công nghệ kỹ thuật điện - điện tử
13647,DCT,cong-nghe-ky-thuat-dien-dien-tu,D01,Điểm học bạ,2024,21.0,Công nghệ kỹ thuật điện - điện tử
13648,DCT,cong-nghe-ky-thuat-dien-dien-tu,D07,Điểm học bạ,2024,21.0,Công nghệ kỹ thuật điện - điện tử
13649,DCT,cong-nghe-ky-thuat-dien-dien-tu,A00,Điểm thi THPT,2024,18.0,Công nghệ kỹ thuật Điện;Điện tử
13650,DCT,cong-nghe-ky-thuat-dien-dien-tu,A01,Điểm thi THPT,2024,18.0,Công nghệ kỹ thuật Điện;Điện tử
13651,DCT,cong-nghe-ky-thuat-dien-dien-tu,D01,Điểm thi THPT,2024,18.0,Công nghệ kỹ thuật Điện;Điện tử
13652,DCT,cong-nghe-ky-thuat-dien-dien-tu,D07,Điểm thi THPT,2024,18.0,Công nghệ kỹ thuật Điện;Điện tử
13653,DCT,cong-nghe-ky-thuat-dien-dien-tu,A00,Điểm học bạ,2025,23.5,Công nghệ kỹ thuật điện - điện tử
13654,DCT,cong-nghe-ky-thuat-dien-dien-tu,A01,Điểm học bạ,2025,23.5,Công nghệ kỹ thuật điện - điện tử
13655,DCT,cong-nghe-ky-thuat-dien-dien-tu,C01,Điểm học bạ,2025,23.5,Công nghệ kỹ thuật điện - điện tử
13656,DCT,cong-nghe-ky-thuat-dien-dien-tu,D01,Điểm học bạ,2025,23.5,Công nghệ kỹ thuật điện - điện tử
13657,DCT,cong-nghe-ky-thuat-dien-dien-tu,A00,Điểm thi THPT,2025,21.5,Công nghệ kỹ thuật điện - điện tử
13658,DCT,cong-nghe-ky-thuat-dien-dien-tu,A01,Điểm thi THPT,2025,21.5,Công nghệ kỹ thuật điện - điện tử
13659,DCT,cong-nghe-ky-thuat-dien-dien-tu,C01,Điểm thi THPT,2025,21.5,Công nghệ kỹ thuật điện - điện tử
13660,DCT,cong-nghe-ky-thuat-dien-dien-tu,D01,Điểm thi THPT,2025,21.5,Công nghệ kỹ thuật điện - điện tử
13661,DCT,cong-nghe-ky-thuat-dieu-khien-va-tu-dong-hoa,A00,Điểm học bạ,2021,19.0,Công nghệ kỹ thuật điều khiển và tự động hóa
13662,DCT,cong-nghe-ky-thuat-dieu-khien-va-tu-dong-hoa,A01,Điểm học bạ,2021,19.0,Công nghệ kỹ thuật điều khiển và tự động hóa
13663,DCT,cong-nghe-ky-thuat-dieu-khien-va-tu-dong-hoa,D01,Điểm học bạ,2021,19.0,Công nghệ kỹ thuật điều khiển và tự động hóa
13664,DCT,cong-nghe-ky-thuat-dieu-khien-va-tu-dong-hoa,D07,Điểm học bạ,2021,19.0,Công nghệ kỹ thuật điều khiển và tự động hóa
13665,DCT,cong-nghe-ky-thuat-dieu-khien-va-tu-dong-hoa,A00,Điểm thi THPT,2021,17.0,Công nghệ kỹ thuật điều khiển và tự động hóa
13666,DCT,cong-nghe-ky-thuat-dieu-khien-va-tu-dong-hoa,A01,Điểm thi THPT,2021,17.0,Công nghệ kỹ thuật điều khiển và tự động hóa
13667,DCT,cong-nghe-ky-thuat-dieu-khien-va-tu-dong-hoa,D01,Điểm thi THPT,2021,17.0,Công nghệ kỹ thuật điều khiển và tự động hóa
13668,DCT,cong-nghe-ky-thuat-dieu-khien-va-tu-dong-hoa,D07,Điểm thi THPT,2021,17.0,Công nghệ kỹ thuật điều khiển và tự động hóa
13669,DCT,cong-nghe-ky-thuat-dieu-khien-va-tu-dong-hoa,A00,Điểm học bạ,2022,23.5,Công nghệ kỹ thuật điều khiển và tự động hóa
13670,DCT,cong-nghe-ky-thuat-dieu-khien-va-tu-dong-hoa,A01,Điểm học bạ,2022,23.5,Công nghệ kỹ thuật điều khiển và tự động hóa
13671,DCT,cong-nghe-ky-thuat-dieu-khien-va-tu-dong-hoa,D01,Điểm học bạ,2022,23.5,Công nghệ kỹ thuật điều khiển và tự động hóa
13672,DCT,cong-nghe-ky-thuat-dieu-khien-va-tu-dong-hoa,D07,Điểm học bạ,2022,23.5,Công nghệ kỹ thuật điều khiển và tự động hóa
13673,DCT,cong-nghe-ky-thuat-dieu-khien-va-tu-dong-hoa,A00,Điểm thi THPT,2022,21.0,Công nghệ kỹ thuật điều khiển và tự động hóa
13674,DCT,cong-nghe-ky-thuat-dieu-khien-va-tu-dong-hoa,A01,Điểm thi THPT,2022,21.0,Công nghệ kỹ thuật điều khiển và tự động hóa
13675,DCT,cong-nghe-ky-thuat-dieu-khien-va-tu-dong-hoa,D01,Điểm thi THPT,2022,21.0,Công nghệ kỹ thuật điều khiển và tự động hóa
13676,DCT,cong-nghe-ky-thuat-dieu-khien-va-tu-dong-hoa,D07,Điểm thi THPT,2022,21.0,Công nghệ kỹ thuật điều khiển và tự động hóa
13677,DCT,cong-nghe-ky-thuat-dieu-khien-va-tu-dong-hoa,A00,Điểm học bạ,2023,20.0,Công nghệ kỹ thuật điều khiển và tự động hóa
13678,DCT,cong-nghe-ky-thuat-dieu-khien-va-tu-dong-hoa,A01,Điểm học bạ,2023,20.0,Công nghệ kỹ thuật điều khiển và tự động hóa
13679,DCT,cong-nghe-ky-thuat-dieu-khien-va-tu-dong-hoa,D01,Điểm học bạ,2023,20.0,Công nghệ kỹ thuật điều khiển và tự động hóa
13680,DCT,cong-nghe-ky-thuat-dieu-khien-va-tu-dong-hoa,D07,Điểm học bạ,2023,20.0,Công nghệ kỹ thuật điều khiển và tự động hóa
13681,DCT,cong-nghe-ky-thuat-dieu-khien-va-tu-dong-hoa,A00,Điểm thi THPT,2023,16.5,Công nghệ kỹ thuật điều khiển và tự động hóa
13682,DCT,cong-nghe-ky-thuat-dieu-khien-va-tu-dong-hoa,A01,Điểm thi THPT,2023,16.5,Công nghệ kỹ thuật điều khiển và tự động hóa
13683,DCT,cong-nghe-ky-thuat-dieu-khien-va-tu-dong-hoa,D01,Điểm thi THPT,2023,16.5,Công nghệ kỹ thuật điều khiển và tự động hóa
13684,DCT,cong-nghe-ky-thuat-dieu-khien-va-tu-dong-hoa,D07,Điểm thi THPT,2023,16.5,Công nghệ kỹ thuật điều khiển và tự động hóa
13685,DCT,cong-nghe-ky-thuat-dieu-khien-va-tu-dong-hoa,A00,Điểm học bạ,2024,21.0,Công nghệ kỹ thuật điều khiển và tự động hóa
13686,DCT,cong-nghe-ky-thuat-dieu-khien-va-tu-dong-hoa,A01,Điểm học bạ,2024,21.0,Công nghệ kỹ thuật điều khiển và tự động hóa
13687,DCT,cong-nghe-ky-thuat-dieu-khien-va-tu-dong-hoa,D01,Điểm học bạ,2024,21.0,Công nghệ kỹ thuật điều khiển và tự động hóa
13688,DCT,cong-nghe-ky-thuat-dieu-khien-va-tu-dong-hoa,D07,Điểm học bạ,2024,21.0,Công nghệ kỹ thuật điều khiển và tự động hóa
13689,DCT,cong-nghe-ky-thuat-dieu-khien-va-tu-dong-hoa,A00,Điểm thi THPT,2024,18.75,Công nghệ kỹ thuật điều khiển và tự động hóa
13690,DCT,cong-nghe-ky-thuat-dieu-khien-va-tu-dong-hoa,A01,Điểm thi THPT,2024,18.75,Công nghệ kỹ thuật điều khiển và tự động hóa
13691,DCT,cong-nghe-ky-thuat-dieu-khien-va-tu-dong-hoa,D01,Điểm thi THPT,2024,18.75,Công nghệ kỹ thuật điều khiển và tự động hóa
13692,DCT,cong-nghe-ky-thuat-dieu-khien-va-tu-dong-hoa,D07,Điểm thi THPT,2024,18.75,Công nghệ kỹ thuật điều khiển và tự động hóa
13693,DCT,cong-nghe-ky-thuat-dieu-khien-va-tu-dong-hoa,A00,Điểm học bạ,2025,24.2,Công nghệ kỹ thuật điều khiển và tự động hóa
13694,DCT,cong-nghe-ky-thuat-dieu-khien-va-tu-dong-hoa,A01,Điểm học bạ,2025,24.2,Công nghệ kỹ thuật điều khiển và tự động hóa
13695,DCT,cong-nghe-ky-thuat-dieu-khien-va-tu-dong-hoa,C01,Điểm học bạ,2025,24.2,Công nghệ kỹ thuật điều khiển và tự động hóa
13696,DCT,cong-nghe-ky-thuat-dieu-khien-va-tu-dong-hoa,D01,Điểm học bạ,2025,24.2,Công nghệ kỹ thuật điều khiển và tự động hóa
13697,DCT,cong-nghe-ky-thuat-dieu-khien-va-tu-dong-hoa,A00,Điểm thi THPT,2025,22.25,Công nghệ kỹ thuật điều khiển và tự động hóa
13698,DCT,cong-nghe-ky-thuat-dieu-khien-va-tu-dong-hoa,A01,Điểm thi THPT,2025,22.25,Công nghệ kỹ thuật điều khiển và tự động hóa
13699,DCT,cong-nghe-ky-thuat-dieu-khien-va-tu-dong-hoa,C01,Điểm thi THPT,2025,22.25,Công nghệ kỹ thuật điều khiển và tự động hóa
13700,DCT,cong-nghe-ky-thuat-dieu-khien-va-tu-dong-hoa,D01,Điểm thi THPT,2025,22.25,Công nghệ kỹ thuật điều khiển và tự động hóa
13701,DCT,cong-nghe-ky-thuat-hoa-hoc,A00,Điểm học bạ,2021,19.0,Công nghệ kỹ thuật hóa học
13702,DCT,cong-nghe-ky-thuat-hoa-hoc,A01,Điểm học bạ,2021,19.0,Công nghệ kỹ thuật hóa học
13703,DCT,cong-nghe-ky-thuat-hoa-hoc,B00,Điểm học bạ,2021,19.0,Công nghệ kỹ thuật hóa học
13704,DCT,cong-nghe-ky-thuat-hoa-hoc,D07,Điểm học bạ,2021,19.0,Công nghệ kỹ thuật hóa học
13705,DCT,cong-nghe-ky-thuat-hoa-hoc,A00,Điểm thi THPT,2021,16.0,Công nghệ kỹ thuật hóa học
13706,DCT,cong-nghe-ky-thuat-hoa-hoc,A01,Điểm thi THPT,2021,16.0,Công nghệ kỹ thuật hóa học
13707,DCT,cong-nghe-ky-thuat-hoa-hoc,B00,Điểm thi THPT,2021,16.0,Công nghệ kỹ thuật hóa học
13708,DCT,cong-nghe-ky-thuat-hoa-hoc,D07,Điểm thi THPT,2021,16.0,Công nghệ kỹ thuật hóa học
13709,DCT,cong-nghe-ky-thuat-hoa-hoc,A00,Điểm học bạ,2022,23.0,Công nghệ kỹ thuật hóa học
13710,DCT,cong-nghe-ky-thuat-hoa-hoc,A01,Điểm học bạ,2022,23.0,Công nghệ kỹ thuật hóa học
13711,DCT,cong-nghe-ky-thuat-hoa-hoc,B00,Điểm học bạ,2022,23.0,Công nghệ kỹ thuật hóa học
13712,DCT,cong-nghe-ky-thuat-hoa-hoc,D07,Điểm học bạ,2022,23.0,Công nghệ kỹ thuật hóa học
13713,DCT,cong-nghe-ky-thuat-hoa-hoc,A00,Điểm thi THPT,2022,17.25,Công nghệ kỹ thuật hóa học
13714,DCT,cong-nghe-ky-thuat-hoa-hoc,A01,Điểm thi THPT,2022,17.25,Công nghệ kỹ thuật hóa học
13715,DCT,cong-nghe-ky-thuat-hoa-hoc,B00,Điểm thi THPT,2022,17.25,Công nghệ kỹ thuật hóa học
13716,DCT,cong-nghe-ky-thuat-hoa-hoc,D07,Điểm thi THPT,2022,17.25,Công nghệ kỹ thuật hóa học
13717,DCT,cong-nghe-ky-thuat-hoa-hoc,A00,Điểm học bạ,2023,20.0,Công nghệ kỹ thuật hóa học
13718,DCT,cong-nghe-ky-thuat-hoa-hoc,A01,Điểm học bạ,2023,20.0,Công nghệ kỹ thuật hóa học
13719,DCT,cong-nghe-ky-thuat-hoa-hoc,B00,Điểm học bạ,2023,20.0,Công nghệ kỹ thuật hóa học
13720,DCT,cong-nghe-ky-thuat-hoa-hoc,D07,Điểm học bạ,2023,20.0,Công nghệ kỹ thuật hóa học
13721,DCT,cong-nghe-ky-thuat-hoa-hoc,A00,Điểm thi THPT,2023,16.0,Công nghệ kỹ thuật hóa học
13722,DCT,cong-nghe-ky-thuat-hoa-hoc,A01,Điểm thi THPT,2023,16.0,Công nghệ kỹ thuật hóa học
13723,DCT,cong-nghe-ky-thuat-hoa-hoc,B00,Điểm thi THPT,2023,16.0,Công nghệ kỹ thuật hóa học
13724,DCT,cong-nghe-ky-thuat-hoa-hoc,D07,Điểm thi THPT,2023,16.0,Công nghệ kỹ thuật hóa học
13725,DCT,cong-nghe-ky-thuat-hoa-hoc,A00,Điểm học bạ,2024,20.0,Công nghệ kỹ thuật hóa học
13726,DCT,cong-nghe-ky-thuat-hoa-hoc,A01,Điểm học bạ,2024,20.0,Công nghệ kỹ thuật hóa học
13727,DCT,cong-nghe-ky-thuat-hoa-hoc,B00,Điểm học bạ,2024,20.0,Công nghệ kỹ thuật hóa học
13728,DCT,cong-nghe-ky-thuat-hoa-hoc,D07,Điểm học bạ,2024,20.0,Công nghệ kỹ thuật hóa học
13729,DCT,cong-nghe-ky-thuat-hoa-hoc,A00,Điểm thi THPT,2024,17.0,Công nghệ kỹ thuật hóa học
13730,DCT,cong-nghe-ky-thuat-hoa-hoc,A01,Điểm thi THPT,2024,17.0,Công nghệ kỹ thuật hóa học
13731,DCT,cong-nghe-ky-thuat-hoa-hoc,B00,Điểm thi THPT,2024,17.0,Công nghệ kỹ thuật hóa học
13732,DCT,cong-nghe-ky-thuat-hoa-hoc,D07,Điểm thi THPT,2024,17.0,Công nghệ kỹ thuật hóa học
13733,DCT,cong-nghe-ky-thuat-hoa-hoc,A00,Điểm học bạ,2025,20.67,Công nghệ kỹ thuật hóa học
13734,DCT,cong-nghe-ky-thuat-hoa-hoc,B00,Điểm học bạ,2025,20.67,Công nghệ kỹ thuật hóa học
13735,DCT,cong-nghe-ky-thuat-hoa-hoc,B08,Điểm học bạ,2025,20.67,Công nghệ kỹ thuật hóa học
13736,DCT,cong-nghe-ky-thuat-hoa-hoc,D07,Điểm học bạ,2025,20.67,Công nghệ kỹ thuật hóa học
13737,DCT,cong-nghe-ky-thuat-hoa-hoc,A00,Điểm thi THPT,2025,18.0,Công nghệ kỹ thuật hóa học
13738,DCT,cong-nghe-ky-thuat-hoa-hoc,B00,Điểm thi THPT,2025,18.0,Công nghệ kỹ thuật hóa học
13739,DCT,cong-nghe-ky-thuat-hoa-hoc,B08,Điểm thi THPT,2025,18.0,Công nghệ kỹ thuật hóa học
13740,DCT,cong-nghe-ky-thuat-hoa-hoc,D07,Điểm thi THPT,2025,18.0,Công nghệ kỹ thuật hóa học
13741,DCT,cong-nghe-ky-thuat-moi-truong,A00,Điểm học bạ,2021,18.0,Công nghệ kỹ thuật môi trường
13742,DCT,cong-nghe-ky-thuat-moi-truong,A01,Điểm học bạ,2021,18.0,Công nghệ kỹ thuật môi trường
13743,DCT,cong-nghe-ky-thuat-moi-truong,B00,Điểm học bạ,2021,18.0,Công nghệ kỹ thuật môi trường
13744,DCT,cong-nghe-ky-thuat-moi-truong,D07,Điểm học bạ,2021,18.0,Công nghệ kỹ thuật môi trường
13745,DCT,cong-nghe-ky-thuat-moi-truong,A00,Điểm thi THPT,2021,16.0,Công nghệ kỹ thuật môi trường
13746,DCT,cong-nghe-ky-thuat-moi-truong,A01,Điểm thi THPT,2021,16.0,Công nghệ kỹ thuật môi trường
13747,DCT,cong-nghe-ky-thuat-moi-truong,B00,Điểm thi THPT,2021,16.0,Công nghệ kỹ thuật môi trường
13748,DCT,cong-nghe-ky-thuat-moi-truong,D07,Điểm thi THPT,2021,16.0,Công nghệ kỹ thuật môi trường
13749,DCT,cong-nghe-ky-thuat-moi-truong,A00,Điểm học bạ,2022,21.0,Công nghệ kỹ thuật môi trường
13750,DCT,cong-nghe-ky-thuat-moi-truong,A01,Điểm học bạ,2022,21.0,Công nghệ kỹ thuật môi trường
13751,DCT,cong-nghe-ky-thuat-moi-truong,B00,Điểm học bạ,2022,21.0,Công nghệ kỹ thuật môi trường
13752,DCT,cong-nghe-ky-thuat-moi-truong,D07,Điểm học bạ,2022,21.0,Công nghệ kỹ thuật môi trường
13753,DCT,cong-nghe-ky-thuat-moi-truong,A00,Điểm thi THPT,2022,16.0,Công nghệ kỹ thuật môi trường
13754,DCT,cong-nghe-ky-thuat-moi-truong,A01,Điểm thi THPT,2022,16.0,Công nghệ kỹ thuật môi trường
13755,DCT,cong-nghe-ky-thuat-moi-truong,B00,Điểm thi THPT,2022,16.0,Công nghệ kỹ thuật môi trường
13756,DCT,cong-nghe-ky-thuat-moi-truong,D07,Điểm thi THPT,2022,16.0,Công nghệ kỹ thuật môi trường
13757,DCT,cong-nghe-ky-thuat-moi-truong,A00,Điểm học bạ,2023,20.0,Công nghệ kỹ thuật môi trường
13758,DCT,cong-nghe-ky-thuat-moi-truong,A01,Điểm học bạ,2023,20.0,Công nghệ kỹ thuật môi trường
13759,DCT,cong-nghe-ky-thuat-moi-truong,B00,Điểm học bạ,2023,20.0,Công nghệ kỹ thuật môi trường
13760,DCT,cong-nghe-ky-thuat-moi-truong,D07,Điểm học bạ,2023,20.0,Công nghệ kỹ thuật môi trường
13761,DCT,cong-nghe-ky-thuat-moi-truong,A00,Điểm thi THPT,2023,16.0,Công nghệ kỹ thuật môi trường
13762,DCT,cong-nghe-ky-thuat-moi-truong,A01,Điểm thi THPT,2023,16.0,Công nghệ kỹ thuật môi trường
13763,DCT,cong-nghe-ky-thuat-moi-truong,B00,Điểm thi THPT,2023,16.0,Công nghệ kỹ thuật môi trường
13764,DCT,cong-nghe-ky-thuat-moi-truong,D07,Điểm thi THPT,2023,16.0,Công nghệ kỹ thuật môi trường
13765,DCT,cong-nghe-ky-thuat-moi-truong,A00,Điểm học bạ,2024,20.0,Công nghệ kỹ thuật môi trường
13766,DCT,cong-nghe-ky-thuat-moi-truong,A01,Điểm học bạ,2024,20.0,Công nghệ kỹ thuật môi trường
13767,DCT,cong-nghe-ky-thuat-moi-truong,B00,Điểm học bạ,2024,20.0,Công nghệ kỹ thuật môi trường
13768,DCT,cong-nghe-ky-thuat-moi-truong,D07,Điểm học bạ,2024,20.0,Công nghệ kỹ thuật môi trường
13769,DCT,cong-nghe-ky-thuat-moi-truong,A00,Điểm thi THPT,2024,17.0,Công nghệ kỹ thuật môi trường
13770,DCT,cong-nghe-ky-thuat-moi-truong,A01,Điểm thi THPT,2024,17.0,Công nghệ kỹ thuật môi trường
13771,DCT,cong-nghe-ky-thuat-moi-truong,B00,Điểm thi THPT,2024,17.0,Công nghệ kỹ thuật môi trường
13772,DCT,cong-nghe-ky-thuat-moi-truong,D07,Điểm thi THPT,2024,17.0,Công nghệ kỹ thuật môi trường
13773,DCT,cong-nghe-ky-thuat-moi-truong,A00,Điểm học bạ,2025,20.33,Công nghệ kỹ thuật môi trường
13774,DCT,cong-nghe-ky-thuat-moi-truong,A01,Điểm học bạ,2025,20.33,Công nghệ kỹ thuật môi trường
13775,DCT,cong-nghe-ky-thuat-moi-truong,B00,Điểm học bạ,2025,20.33,Công nghệ kỹ thuật môi trường
13776,DCT,cong-nghe-ky-thuat-moi-truong,D07,Điểm học bạ,2025,20.33,Công nghệ kỹ thuật môi trường
13777,DCT,cong-nghe-ky-thuat-moi-truong,A00,Điểm thi THPT,2025,17.0,Công nghệ kỹ thuật môi trường
13778,DCT,cong-nghe-ky-thuat-moi-truong,A01,Điểm thi THPT,2025,17.0,Công nghệ kỹ thuật môi trường
13779,DCT,cong-nghe-ky-thuat-moi-truong,B00,Điểm thi THPT,2025,17.0,Công nghệ kỹ thuật môi trường
13780,DCT,cong-nghe-ky-thuat-moi-truong,D07,Điểm thi THPT,2025,17.0,Công nghệ kỹ thuật môi trường
13781,DCT,cong-nghe-sinh-hoc,A00,Điểm học bạ,2021,20.0,"Công nghệ sinh học (CNSH Công nghiệp, CNSH Nông nghiệp, CNSH Y Dược)"
13782,DCT,cong-nghe-sinh-hoc,A01,Điểm học bạ,2021,20.0,"Công nghệ sinh học (CNSH Công nghiệp, CNSH Nông nghiệp, CNSH Y Dược)"
13783,DCT,cong-nghe-sinh-hoc,B00,Điểm học bạ,2021,20.0,"Công nghệ sinh học (CNSH Công nghiệp, CNSH Nông nghiệp, CNSH Y Dược)"
13784,DCT,cong-nghe-sinh-hoc,D07,Điểm học bạ,2021,20.0,"Công nghệ sinh học (CNSH Công nghiệp, CNSH Nông nghiệp, CNSH Y Dược)"
13785,DCT,cong-nghe-sinh-hoc,A00,Điểm thi THPT,2021,16.5,"Công nghệ sinh học (CNSH Công nghiệp, CNSH Nông nghiệp, CNSH Y Dược)"
13786,DCT,cong-nghe-sinh-hoc,A01,Điểm thi THPT,2021,16.5,"Công nghệ sinh học (CNSH Công nghiệp, CNSH Nông nghiệp, CNSH Y Dược)"
13787,DCT,cong-nghe-sinh-hoc,B00,Điểm thi THPT,2021,16.5,"Công nghệ sinh học (CNSH Công nghiệp, CNSH Nông nghiệp, CNSH Y Dược)"
13788,DCT,cong-nghe-sinh-hoc,D07,Điểm thi THPT,2021,16.5,"Công nghệ sinh học (CNSH Công nghiệp, CNSH Nông nghiệp, CNSH Y Dược)"
13789,DCT,cong-nghe-sinh-hoc,A00,Điểm học bạ,2022,22.0,Công nghệ sinh học
13790,DCT,cong-nghe-sinh-hoc,A01,Điểm học bạ,2022,22.0,Công nghệ sinh học
13791,DCT,cong-nghe-sinh-hoc,B00,Điểm học bạ,2022,22.0,Công nghệ sinh học
13792,DCT,cong-nghe-sinh-hoc,D07,Điểm học bạ,2022,22.0,Công nghệ sinh học
13793,DCT,cong-nghe-sinh-hoc,A00,Điểm thi THPT,2022,21.0,Công nghệ sinh học
13794,DCT,cong-nghe-sinh-hoc,A01,Điểm thi THPT,2022,21.0,Công nghệ sinh học
13795,DCT,cong-nghe-sinh-hoc,B00,Điểm thi THPT,2022,21.0,Công nghệ sinh học
13796,DCT,cong-nghe-sinh-hoc,D07,Điểm thi THPT,2022,21.0,Công nghệ sinh học
13797,DCT,cong-nghe-sinh-hoc,A00,Điểm học bạ,2023,20.0,Công nghệ sinh học
13798,DCT,cong-nghe-sinh-hoc,A01,Điểm học bạ,2023,20.0,Công nghệ sinh học
13799,DCT,cong-nghe-sinh-hoc,B00,Điểm học bạ,2023,20.0,Công nghệ sinh học
13800,DCT,cong-nghe-sinh-hoc,D07,Điểm học bạ,2023,20.0,Công nghệ sinh học
13801,DCT,cong-nghe-sinh-hoc,A00,Điểm thi THPT,2023,16.0,Công nghệ sinh học
13802,DCT,cong-nghe-sinh-hoc,A01,Điểm thi THPT,2023,16.0,Công nghệ sinh học
13803,DCT,cong-nghe-sinh-hoc,B00,Điểm thi THPT,2023,16.0,Công nghệ sinh học
13804,DCT,cong-nghe-sinh-hoc,D07,Điểm thi THPT,2023,16.0,Công nghệ sinh học
13805,DCT,cong-nghe-sinh-hoc,A00,Điểm học bạ,2024,20.0,Công nghệ sinh học
13806,DCT,cong-nghe-sinh-hoc,A01,Điểm học bạ,2024,20.0,Công nghệ sinh học
13807,DCT,cong-nghe-sinh-hoc,B00,Điểm học bạ,2024,20.0,Công nghệ sinh học
13808,DCT,cong-nghe-sinh-hoc,D07,Điểm học bạ,2024,20.0,Công nghệ sinh học
13809,DCT,cong-nghe-sinh-hoc,A00,Điểm thi THPT,2024,17.75,Công nghệ sinh học
13810,DCT,cong-nghe-sinh-hoc,A01,Điểm thi THPT,2024,17.75,Công nghệ sinh học
13811,DCT,cong-nghe-sinh-hoc,B00,Điểm thi THPT,2024,17.75,Công nghệ sinh học
13812,DCT,cong-nghe-sinh-hoc,D07,Điểm thi THPT,2024,17.75,Công nghệ sinh học
13813,DCT,cong-nghe-sinh-hoc,A00,Điểm học bạ,2025,20.83,Công nghệ sinh học
13814,DCT,cong-nghe-sinh-hoc,B00,Điểm học bạ,2025,20.83,Công nghệ sinh học
13815,DCT,cong-nghe-sinh-hoc,B08,Điểm học bạ,2025,20.83,Công nghệ sinh học
13816,DCT,cong-nghe-sinh-hoc,D07,Điểm học bạ,2025,20.83,Công nghệ sinh học
13817,DCT,cong-nghe-sinh-hoc,A00,Điểm thi THPT,2025,18.5,Công nghệ sinh học
13818,DCT,cong-nghe-sinh-hoc,B00,Điểm thi THPT,2025,18.5,Công nghệ sinh học
13819,DCT,cong-nghe-sinh-hoc,B08,Điểm thi THPT,2025,18.5,Công nghệ sinh học
13820,DCT,cong-nghe-sinh-hoc,D07,Điểm thi THPT,2025,18.5,Công nghệ sinh học
13821,DCT,cong-nghe-tai-chinh,A00,Điểm học bạ,2023,20.0,Công nghệ tài chính
13822,DCT,cong-nghe-tai-chinh,A01,Điểm học bạ,2023,20.0,Công nghệ tài chính
13823,DCT,cong-nghe-tai-chinh,D01,Điểm học bạ,2023,20.0,Công nghệ tài chính
13824,DCT,cong-nghe-tai-chinh,D07,Điểm học bạ,2023,20.0,Công nghệ tài chính
13825,DCT,cong-nghe-tai-chinh,A00,Điểm thi THPT,2023,18.5,Công nghệ tài chính
13826,DCT,cong-nghe-tai-chinh,A01,Điểm thi THPT,2023,18.5,Công nghệ tài chính
13827,DCT,cong-nghe-tai-chinh,D01,Điểm thi THPT,2023,18.5,Công nghệ tài chính
13828,DCT,cong-nghe-tai-chinh,D07,Điểm thi THPT,2023,18.5,Công nghệ tài chính
13829,DCT,cong-nghe-tai-chinh,A00,Điểm học bạ,2024,23.5,Công nghệ tài chính
13830,DCT,cong-nghe-tai-chinh,A01,Điểm học bạ,2024,23.5,Công nghệ tài chính
13831,DCT,cong-nghe-tai-chinh,D01,Điểm học bạ,2024,23.5,Công nghệ tài chính
13832,DCT,cong-nghe-tai-chinh,D07,Điểm học bạ,2024,23.5,Công nghệ tài chính
13833,DCT,cong-nghe-tai-chinh,A00,Điểm thi THPT,2024,20.75,Công nghệ tài chính
13834,DCT,cong-nghe-tai-chinh,A01,Điểm thi THPT,2024,20.75,Công nghệ tài chính
13835,DCT,cong-nghe-tai-chinh,D01,Điểm thi THPT,2024,20.75,Công nghệ tài chính
13836,DCT,cong-nghe-tai-chinh,D07,Điểm thi THPT,2024,20.75,Công nghệ tài chính
13837,DCT,cong-nghe-tai-chinh,A00,Điểm học bạ,2025,24.2,Công nghệ tài chính
13838,DCT,cong-nghe-tai-chinh,A01,Điểm học bạ,2025,24.2,Công nghệ tài chính
13839,DCT,cong-nghe-tai-chinh,C01,Điểm học bạ,2025,24.2,Công nghệ tài chính
13840,DCT,cong-nghe-tai-chinh,D01,Điểm học bạ,2025,24.2,Công nghệ tài chính
13841,DCT,cong-nghe-tai-chinh,A00,Điểm thi THPT,2025,22.25,Công nghệ tài chính
13842,DCT,cong-nghe-tai-chinh,A01,Điểm thi THPT,2025,22.25,Công nghệ tài chính
13843,DCT,cong-nghe-tai-chinh,C01,Điểm thi THPT,2025,22.25,Công nghệ tài chính
13844,DCT,cong-nghe-tai-chinh,D01,Điểm thi THPT,2025,22.25,Công nghệ tài chính
13845,DCT,cong-nghe-thong-tin,A00,Điểm học bạ,2021,21.5,Công nghệ thông tin
13846,DCT,cong-nghe-thong-tin,A01,Điểm học bạ,2021,21.5,Công nghệ thông tin
13847,DCT,cong-nghe-thong-tin,D01,Điểm học bạ,2021,21.5,Công nghệ thông tin
13848,DCT,cong-nghe-thong-tin,D07,Điểm học bạ,2021,21.5,Công nghệ thông tin
13849,DCT,cong-nghe-thong-tin,A00,Điểm thi THPT,2021,22.5,Công nghệ thông tin
13850,DCT,cong-nghe-thong-tin,A01,Điểm thi THPT,2021,22.5,Công nghệ thông tin
13851,DCT,cong-nghe-thong-tin,D01,Điểm thi THPT,2021,22.5,Công nghệ thông tin
13852,DCT,cong-nghe-thong-tin,D07,Điểm thi THPT,2021,22.5,Công nghệ thông tin
13853,DCT,cong-nghe-thong-tin,A00,Điểm học bạ,2022,26.5,Công nghệ thông tin
13854,DCT,cong-nghe-thong-tin,A01,Điểm học bạ,2022,26.5,Công nghệ thông tin
13855,DCT,cong-nghe-thong-tin,D01,Điểm học bạ,2022,26.5,Công nghệ thông tin
13856,DCT,cong-nghe-thong-tin,D07,Điểm học bạ,2022,26.5,Công nghệ thông tin
13857,DCT,cong-nghe-thong-tin,A00,Điểm thi THPT,2022,23.5,Công nghệ thông tin
13858,DCT,cong-nghe-thong-tin,A01,Điểm thi THPT,2022,23.5,Công nghệ thông tin
13859,DCT,cong-nghe-thong-tin,D01,Điểm thi THPT,2022,23.5,Công nghệ thông tin
13860,DCT,cong-nghe-thong-tin,D07,Điểm thi THPT,2022,23.5,Công nghệ thông tin
13861,DCT,cong-nghe-thong-tin,A00,Điểm học bạ,2023,23.5,Công nghệ thông tin
13862,DCT,cong-nghe-thong-tin,A01,Điểm học bạ,2023,23.5,Công nghệ thông tin
13863,DCT,cong-nghe-thong-tin,D01,Điểm học bạ,2023,23.5,Công nghệ thông tin
13864,DCT,cong-nghe-thong-tin,D07,Điểm học bạ,2023,23.5,Công nghệ thông tin
13865,DCT,cong-nghe-thong-tin,A00,Điểm thi THPT,2023,21.0,Công nghệ thông tin
13866,DCT,cong-nghe-thong-tin,A01,Điểm thi THPT,2023,21.0,Công nghệ thông tin
13867,DCT,cong-nghe-thong-tin,D01,Điểm thi THPT,2023,21.0,Công nghệ thông tin
13868,DCT,cong-nghe-thong-tin,D07,Điểm thi THPT,2023,21.0,Công nghệ thông tin
13869,DCT,cong-nghe-thong-tin,A00,Điểm học bạ,2024,23.75,Công nghệ thông tin
13870,DCT,cong-nghe-thong-tin,A01,Điểm học bạ,2024,23.75,Công nghệ thông tin
13871,DCT,cong-nghe-thong-tin,D01,Điểm học bạ,2024,23.75,Công nghệ thông tin
13872,DCT,cong-nghe-thong-tin,D07,Điểm học bạ,2024,23.75,Công nghệ thông tin
13873,DCT,cong-nghe-thong-tin,A00,Điểm thi THPT,2024,23.0,Công nghệ thông tin
13874,DCT,cong-nghe-thong-tin,A01,Điểm thi THPT,2024,23.0,Công nghệ thông tin
13875,DCT,cong-nghe-thong-tin,D01,Điểm thi THPT,2024,23.0,Công nghệ thông tin
13876,DCT,cong-nghe-thong-tin,D07,Điểm thi THPT,2024,23.0,Công nghệ thông tin
13877,DCT,cong-nghe-thong-tin,A00,Điểm học bạ,2025,25.0,Công nghệ thông tin
13878,DCT,cong-nghe-thong-tin,C01,Điểm học bạ,2025,25.0,Công nghệ thông tin
13879,DCT,cong-nghe-thong-tin,D01,Điểm học bạ,2025,25.0,Công nghệ thông tin
13880,DCT,cong-nghe-thong-tin,X26,Điểm học bạ,2025,25.0,Công nghệ thông tin
13881,DCT,cong-nghe-thong-tin,A00,Điểm thi THPT,2025,23.25,Công nghệ thông tin
13882,DCT,cong-nghe-thong-tin,C01,Điểm thi THPT,2025,23.25,Công nghệ thông tin
13883,DCT,cong-nghe-thong-tin,D01,Điểm thi THPT,2025,23.25,Công nghệ thông tin
13884,DCT,cong-nghe-thong-tin,X26,Điểm thi THPT,2025,23.25,Công nghệ thông tin
13885,DCT,cong-nghe-thuc-pham,A00,Điểm học bạ,2021,24.0,Công nghệ thực phẩm
13886,DCT,cong-nghe-thuc-pham,A01,Điểm học bạ,2021,24.0,Công nghệ thực phẩm
13887,DCT,cong-nghe-thuc-pham,B00,Điểm học bạ,2021,24.0,Công nghệ thực phẩm
13888,DCT,cong-nghe-thuc-pham,D07,Điểm học bạ,2021,24.0,Công nghệ thực phẩm
13889,DCT,cong-nghe-thuc-pham,A00,Điểm thi THPT,2021,24.0,Công nghệ thực phẩm
13890,DCT,cong-nghe-thuc-pham,A01,Điểm thi THPT,2021,24.0,Công nghệ thực phẩm
13891,DCT,cong-nghe-thuc-pham,B00,Điểm thi THPT,2021,24.0,Công nghệ thực phẩm
13892,DCT,cong-nghe-thuc-pham,D07,Điểm thi THPT,2021,24.0,Công nghệ thực phẩm
13893,DCT,cong-nghe-thuc-pham,A00,Điểm học bạ,2022,27.5,Công nghệ thực phẩm
13894,DCT,cong-nghe-thuc-pham,A01,Điểm học bạ,2022,27.5,Công nghệ thực phẩm
13895,DCT,cong-nghe-thuc-pham,B00,Điểm học bạ,2022,27.5,Công nghệ thực phẩm
13896,DCT,cong-nghe-thuc-pham,D07,Điểm học bạ,2022,27.5,Công nghệ thực phẩm
13897,DCT,cong-nghe-thuc-pham,A00,Điểm thi THPT,2022,22.5,Công nghệ thực phẩm
13898,DCT,cong-nghe-thuc-pham,A01,Điểm thi THPT,2022,22.5,Công nghệ thực phẩm
13899,DCT,cong-nghe-thuc-pham,B00,Điểm thi THPT,2022,22.5,Công nghệ thực phẩm
13900,DCT,cong-nghe-thuc-pham,D07,Điểm thi THPT,2022,22.5,Công nghệ thực phẩm
13901,DCT,cong-nghe-thuc-pham,A00,Điểm học bạ,2023,24.0,Công nghệ thực phẩm
13902,DCT,cong-nghe-thuc-pham,A01,Điểm học bạ,2023,24.0,Công nghệ thực phẩm
13903,DCT,cong-nghe-thuc-pham,B00,Điểm học bạ,2023,24.0,Công nghệ thực phẩm
13904,DCT,cong-nghe-thuc-pham,D07,Điểm học bạ,2023,24.0,Công nghệ thực phẩm
13905,DCT,cong-nghe-thuc-pham,A00,Điểm thi THPT,2023,21.0,Công nghệ thực phẩm
13906,DCT,cong-nghe-thuc-pham,A01,Điểm thi THPT,2023,21.0,Công nghệ thực phẩm
13907,DCT,cong-nghe-thuc-pham,B00,Điểm thi THPT,2023,21.0,Công nghệ thực phẩm
13908,DCT,cong-nghe-thuc-pham,D07,Điểm thi THPT,2023,21.0,Công nghệ thực phẩm
13909,DCT,cong-nghe-thuc-pham,A00,Điểm học bạ,2024,24.5,Công nghệ thực phẩm
13910,DCT,cong-nghe-thuc-pham,A01,Điểm học bạ,2024,24.5,Công nghệ thực phẩm
13911,DCT,cong-nghe-thuc-pham,B00,Điểm học bạ,2024,24.5,Công nghệ thực phẩm
13912,DCT,cong-nghe-thuc-pham,D07,Điểm học bạ,2024,24.5,Công nghệ thực phẩm
13913,DCT,cong-nghe-thuc-pham,A00,Điểm thi THPT,2024,23.0,Công nghệ thực phẩm
13914,DCT,cong-nghe-thuc-pham,A01,Điểm thi THPT,2024,23.0,Công nghệ thực phẩm
13915,DCT,cong-nghe-thuc-pham,B00,Điểm thi THPT,2024,23.0,Công nghệ thực phẩm
13916,DCT,cong-nghe-thuc-pham,D07,Điểm thi THPT,2024,23.0,Công nghệ thực phẩm
13917,DCT,cong-nghe-thuc-pham,A00,Điểm học bạ,2025,24.8,Công nghệ thực phẩm
13918,DCT,cong-nghe-thuc-pham,B00,Điểm học bạ,2025,24.8,Công nghệ thực phẩm
13919,DCT,cong-nghe-thuc-pham,B08,Điểm học bạ,2025,24.8,Công nghệ thực phẩm
13920,DCT,cong-nghe-thuc-pham,D07,Điểm học bạ,2025,24.8,Công nghệ thực phẩm
13921,DCT,cong-nghe-thuc-pham,A00,Điểm thi THPT,2025,23.0,Công nghệ thực phẩm
13922,DCT,cong-nghe-thuc-pham,B00,Điểm thi THPT,2025,23.0,Công nghệ thực phẩm
13923,DCT,cong-nghe-thuc-pham,B08,Điểm thi THPT,2025,23.0,Công nghệ thực phẩm
13924,DCT,cong-nghe-thuc-pham,D07,Điểm thi THPT,2025,23.0,Công nghệ thực phẩm
13925,DCT,cong-nghe-vat-lieu,A00,Điểm học bạ,2021,18.0,"Công nghệ vật liệu (Thương mại - sản xuất nhựa, bao bì, cao su, sơn, gạch men)"
13926,DCT,cong-nghe-vat-lieu,A01,Điểm học bạ,2021,18.0,"Công nghệ vật liệu (Thương mại - sản xuất nhựa, bao bì, cao su, sơn, gạch men)"
13927,DCT,cong-nghe-vat-lieu,B00,Điểm học bạ,2021,18.0,"Công nghệ vật liệu (Thương mại - sản xuất nhựa, bao bì, cao su, sơn, gạch men)"
13928,DCT,cong-nghe-vat-lieu,D07,Điểm học bạ,2021,18.0,"Công nghệ vật liệu (Thương mại - sản xuất nhựa, bao bì, cao su, sơn, gạch men)"
13929,DCT,cong-nghe-vat-lieu,A00,Điểm thi THPT,2021,16.0,"Công nghệ vật liệu (Thương mại - sản xuất nhựa, bao bì, cao su, sơn, gạch men)"
13930,DCT,cong-nghe-vat-lieu,A01,Điểm thi THPT,2021,16.0,"Công nghệ vật liệu (Thương mại - sản xuất nhựa, bao bì, cao su, sơn, gạch men)"
13931,DCT,cong-nghe-vat-lieu,B00,Điểm thi THPT,2021,16.0,"Công nghệ vật liệu (Thương mại - sản xuất nhựa, bao bì, cao su, sơn, gạch men)"
13932,DCT,cong-nghe-vat-lieu,D07,Điểm thi THPT,2021,16.0,"Công nghệ vật liệu (Thương mại - sản xuất nhựa, bao bì, cao su, sơn, gạch men)"
13933,DCT,cong-nghe-vat-lieu,A00,Điểm học bạ,2022,20.0,Công nghệ vật liệu
13934,DCT,cong-nghe-vat-lieu,A01,Điểm học bạ,2022,20.0,Công nghệ vật liệu
13935,DCT,cong-nghe-vat-lieu,B00,Điểm học bạ,2022,20.0,Công nghệ vật liệu
13936,DCT,cong-nghe-vat-lieu,D07,Điểm học bạ,2022,20.0,Công nghệ vật liệu
13937,DCT,cong-nghe-vat-lieu,A00,Điểm thi THPT,2022,16.0,Công nghệ vật liệu
13938,DCT,cong-nghe-vat-lieu,A01,Điểm thi THPT,2022,16.0,Công nghệ vật liệu
13939,DCT,cong-nghe-vat-lieu,B00,Điểm thi THPT,2022,16.0,Công nghệ vật liệu
13940,DCT,cong-nghe-vat-lieu,D07,Điểm thi THPT,2022,16.0,Công nghệ vật liệu
13941,DCT,cong-nghe-vat-lieu,A00,Điểm học bạ,2025,20.33,Công nghệ vật liệu
13942,DCT,cong-nghe-vat-lieu,B00,Điểm học bạ,2025,20.33,Công nghệ vật liệu
13943,DCT,cong-nghe-vat-lieu,B08,Điểm học bạ,2025,20.33,Công nghệ vật liệu
13944,DCT,cong-nghe-vat-lieu,D07,Điểm học bạ,2025,20.33,Công nghệ vật liệu
13945,DCT,cong-nghe-vat-lieu,A00,Điểm thi THPT,2025,17.0,Công nghệ vật liệu
13946,DCT,cong-nghe-vat-lieu,B00,Điểm thi THPT,2025,17.0,Công nghệ vật liệu
13947,DCT,cong-nghe-vat-lieu,B08,Điểm thi THPT,2025,17.0,Công nghệ vật liệu
13948,DCT,cong-nghe-vat-lieu,D07,Điểm thi THPT,2025,17.0,Công nghệ vật liệu
13949,DCT,dam-bao-chat-luong-attp,A00,Điểm học bạ,2021,22.0,Đảm bảo chất lượng & ATTP
13950,DCT,dam-bao-chat-luong-attp,A01,Điểm học bạ,2021,22.0,Đảm bảo chất lượng & ATTP
13951,DCT,dam-bao-chat-luong-attp,B00,Điểm học bạ,2021,22.0,Đảm bảo chất lượng & ATTP
13952,DCT,dam-bao-chat-luong-attp,D07,Điểm học bạ,2021,22.0,Đảm bảo chất lượng & ATTP
13953,DCT,dam-bao-chat-luong-attp,A00,Điểm thi THPT,2021,18.0,Đảm bảo chất lượng & ATTP
13954,DCT,dam-bao-chat-luong-attp,A01,Điểm thi THPT,2021,18.0,Đảm bảo chất lượng & ATTP
13955,DCT,dam-bao-chat-luong-attp,B00,Điểm thi THPT,2021,18.0,Đảm bảo chất lượng & ATTP
13956,DCT,dam-bao-chat-luong-attp,D07,Điểm thi THPT,2021,18.0,Đảm bảo chất lượng & ATTP
13957,DCT,dam-bao-chat-luong-attp,A00,Điểm học bạ,2022,24.5,Đảm bảo chất lượng & ATTP
13958,DCT,dam-bao-chat-luong-attp,A01,Điểm học bạ,2022,24.5,Đảm bảo chất lượng & ATTP
13959,DCT,dam-bao-chat-luong-attp,B00,Điểm học bạ,2022,24.5,Đảm bảo chất lượng & ATTP
13960,DCT,dam-bao-chat-luong-attp,D07,Điểm học bạ,2022,24.5,Đảm bảo chất lượng & ATTP
13961,DCT,dam-bao-chat-luong-attp,A00,Điểm thi THPT,2022,20.5,Đảm bảo chất lượng & ATTP
13962,DCT,dam-bao-chat-luong-attp,A01,Điểm thi THPT,2022,20.5,Đảm bảo chất lượng & ATTP
13963,DCT,dam-bao-chat-luong-attp,B00,Điểm thi THPT,2022,20.5,Đảm bảo chất lượng & ATTP
13964,DCT,dam-bao-chat-luong-attp,D07,Điểm thi THPT,2022,20.5,Đảm bảo chất lượng & ATTP
13965,DCT,dam-bao-chat-luong-attp,A00,Điểm học bạ,2023,22.0,Đảm bảo chất lượng & ATTP
13966,DCT,dam-bao-chat-luong-attp,A01,Điểm học bạ,2023,22.0,Đảm bảo chất lượng & ATTP
13967,DCT,dam-bao-chat-luong-attp,B00,Điểm học bạ,2023,22.0,Đảm bảo chất lượng & ATTP
13968,DCT,dam-bao-chat-luong-attp,D07,Điểm học bạ,2023,22.0,Đảm bảo chất lượng & ATTP
13969,DCT,dam-bao-chat-luong-attp,A00,Điểm thi THPT,2023,18.0,Đảm bảo chất lượng & ATTP
13970,DCT,dam-bao-chat-luong-attp,A01,Điểm thi THPT,2023,18.0,Đảm bảo chất lượng & ATTP
13971,DCT,dam-bao-chat-luong-attp,B00,Điểm thi THPT,2023,18.0,Đảm bảo chất lượng & ATTP
13972,DCT,dam-bao-chat-luong-attp,D07,Điểm thi THPT,2023,18.0,Đảm bảo chất lượng & ATTP
13973,DCT,dam-bao-chat-luong-attp,A00,Điểm học bạ,2024,22.0,Đảm bảo chất lượng & ATTP
13974,DCT,dam-bao-chat-luong-attp,A01,Điểm học bạ,2024,22.0,Đảm bảo chất lượng & ATTP
13975,DCT,dam-bao-chat-luong-attp,B00,Điểm học bạ,2024,22.0,Đảm bảo chất lượng & ATTP
13976,DCT,dam-bao-chat-luong-attp,D07,Điểm học bạ,2024,22.0,Đảm bảo chất lượng & ATTP
13977,DCT,dam-bao-chat-luong-attp,A00,Điểm thi THPT,2024,18.0,Đảm bảo chất lượng & ATTP
13978,DCT,dam-bao-chat-luong-attp,A01,Điểm thi THPT,2024,18.0,Đảm bảo chất lượng & ATTP
13979,DCT,dam-bao-chat-luong-attp,B00,Điểm thi THPT,2024,18.0,Đảm bảo chất lượng & ATTP
13980,DCT,dam-bao-chat-luong-attp,D07,Điểm thi THPT,2024,18.0,Đảm bảo chất lượng & ATTP
13981,DCT,dam-bao-chat-luong-va-an-toan-thuc-pham,A00,Điểm học bạ,2025,20.67,Đảm bảo chất lượng và an toàn thực phẩm
13982,DCT,dam-bao-chat-luong-va-an-toan-thuc-pham,B00,Điểm học bạ,2025,20.67,Đảm bảo chất lượng và an toàn thực phẩm
13983,DCT,dam-bao-chat-luong-va-an-toan-thuc-pham,B08,Điểm học bạ,2025,20.67,Đảm bảo chất lượng và an toàn thực phẩm
13984,DCT,dam-bao-chat-luong-va-an-toan-thuc-pham,D07,Điểm học bạ,2025,20.67,Đảm bảo chất lượng và an toàn thực phẩm
13985,DCT,dam-bao-chat-luong-va-an-toan-thuc-pham,A00,Điểm thi THPT,2025,18.0,Đảm bảo chất lượng và an toàn thực phẩm
13986,DCT,dam-bao-chat-luong-va-an-toan-thuc-pham,B00,Điểm thi THPT,2025,18.0,Đảm bảo chất lượng và an toàn thực phẩm
13987,DCT,dam-bao-chat-luong-va-an-toan-thuc-pham,B08,Điểm thi THPT,2025,18.0,Đảm bảo chất lượng và an toàn thực phẩm
13988,DCT,dam-bao-chat-luong-va-an-toan-thuc-pham,D07,Điểm thi THPT,2025,18.0,Đảm bảo chất lượng và an toàn thực phẩm
13989,DCT,du-lich,C00,Điểm học bạ,2025,25.9,Du lịch
13990,DCT,du-lich,C03,Điểm học bạ,2025,25.9,Du lịch
13991,DCT,du-lich,D01,Điểm học bạ,2025,25.9,Du lịch
13992,DCT,du-lich,D15,Điểm học bạ,2025,25.9,Du lịch
13993,DCT,du-lich,C00,Điểm thi THPT,2025,24.0,Du lịch
13994,DCT,du-lich,C03,Điểm thi THPT,2025,24.0,Du lịch
13995,DCT,du-lich,D01,Điểm thi THPT,2025,24.0,Du lịch
13996,DCT,du-lich,D15,Điểm thi THPT,2025,24.0,Du lịch
13997,DCT,ke-toan,A00,Điểm học bạ,2021,21.5,Kế toán
13998,DCT,ke-toan,A01,Điểm học bạ,2021,21.5,Kế toán
13999,DCT,ke-toan,D01,Điểm học bạ,2021,21.5,Kế toán
14000,DCT,ke-toan,D10,Điểm học bạ,2021,21.5,Kế toán
14001,DCT,ke-toan,A00,Điểm thi THPT,2021,22.75,Kế toán
14002,DCT,ke-toan,A01,Điểm thi THPT,2021,22.75,Kế toán
14003,DCT,ke-toan,D01,Điểm thi THPT,2021,22.75,Kế toán
14004,DCT,ke-toan,D10,Điểm thi THPT,2021,22.75,Kế toán
14005,DCT,ke-toan,A00,Điểm học bạ,2022,26.0,Kế toán
14006,DCT,ke-toan,A01,Điểm học bạ,2022,26.0,Kế toán
14007,DCT,ke-toan,D01,Điểm học bạ,2022,26.0,Kế toán
14008,DCT,ke-toan,D10,Điểm học bạ,2022,26.0,Kế toán
14009,DCT,ke-toan,A00,Điểm thi THPT,2022,23.5,Kế toán
14010,DCT,ke-toan,A01,Điểm thi THPT,2022,23.5,Kế toán
14011,DCT,ke-toan,D01,Điểm thi THPT,2022,23.5,Kế toán
14012,DCT,ke-toan,D10,Điểm thi THPT,2022,23.5,Kế toán
14013,DCT,ke-toan,A00,Điểm học bạ,2023,23.0,Kế toán
14014,DCT,ke-toan,A01,Điểm học bạ,2023,23.0,Kế toán
14015,DCT,ke-toan,D01,Điểm học bạ,2023,23.0,Kế toán
14016,DCT,ke-toan,D10,Điểm học bạ,2023,23.0,Kế toán
14017,DCT,ke-toan,A00,Điểm thi THPT,2023,20.0,Kế toán
14018,DCT,ke-toan,A01,Điểm thi THPT,2023,20.0,Kế toán
14019,DCT,ke-toan,D01,Điểm thi THPT,2023,20.0,Kế toán
14020,DCT,ke-toan,D10,Điểm thi THPT,2023,20.0,Kế toán
14021,DCT,ke-toan,A00,Điểm học bạ,2024,23.5,Kế toán
14022,DCT,ke-toan,A01,Điểm học bạ,2024,23.5,Kế toán
14023,DCT,ke-toan,D01,Điểm học bạ,2024,23.5,Kế toán
14024,DCT,ke-toan,D10,Điểm học bạ,2024,23.5,Kế toán
14025,DCT,ke-toan,A00,Điểm thi THPT,2024,22.5,Kế toán
14026,DCT,ke-toan,A01,Điểm thi THPT,2024,22.5,Kế toán
14027,DCT,ke-toan,D01,Điểm thi THPT,2024,22.5,Kế toán
14028,DCT,ke-toan,D10,Điểm thi THPT,2024,22.5,Kế toán
14029,DCT,ke-toan,A00,Điểm học bạ,2025,24.4,Kế toán
14030,DCT,ke-toan,A01,Điểm học bạ,2025,24.4,Kế toán
14031,DCT,ke-toan,C01,Điểm học bạ,2025,24.4,Kế toán
14032,DCT,ke-toan,D01,Điểm học bạ,2025,24.4,Kế toán
14033,DCT,ke-toan,A00,Điểm thi THPT,2025,22.5,Kế toán
14034,DCT,ke-toan,A01,Điểm thi THPT,2025,22.5,Kế toán
14035,DCT,ke-toan,C01,Điểm thi THPT,2025,22.5,Kế toán
14036,DCT,ke-toan,D01,Điểm thi THPT,2025,22.5,Kế toán
14037,DCT,khoa-hoc-che-bien-mon-an,A00,Điểm học bạ,2022,22.5,Khoa học chế biến món ăn
14038,DCT,khoa-hoc-che-bien-mon-an,A01,Điểm học bạ,2022,22.5,Khoa học chế biến món ăn
14039,DCT,khoa-hoc-che-bien-mon-an,B00,Điểm học bạ,2022,22.5,Khoa học chế biến món ăn
14040,DCT,khoa-hoc-che-bien-mon-an,D07,Điểm học bạ,2022,22.5,Khoa học chế biến món ăn
14041,DCT,khoa-hoc-che-bien-mon-an,A00,Điểm thi THPT,2022,16.5,Khoa học chế biến món ăn
14042,DCT,khoa-hoc-che-bien-mon-an,A01,Điểm thi THPT,2022,16.5,Khoa học chế biến món ăn
14043,DCT,khoa-hoc-che-bien-mon-an,B00,Điểm thi THPT,2022,16.5,Khoa học chế biến món ăn
14044,DCT,khoa-hoc-che-bien-mon-an,D07,Điểm thi THPT,2022,16.5,Khoa học chế biến món ăn
14045,DCT,khoa-hoc-che-bien-mon-an,A00,Điểm học bạ,2023,20.5,Khoa học chế biến món ăn
14046,DCT,khoa-hoc-che-bien-mon-an,A01,Điểm học bạ,2023,20.5,Khoa học chế biến món ăn
14047,DCT,khoa-hoc-che-bien-mon-an,B00,Điểm học bạ,2023,20.5,Khoa học chế biến món ăn
14048,DCT,khoa-hoc-che-bien-mon-an,D07,Điểm học bạ,2023,20.5,Khoa học chế biến món ăn
14049,DCT,khoa-hoc-che-bien-mon-an,A00,Điểm thi THPT,2023,16.0,Khoa học chế biến món ăn
14050,DCT,khoa-hoc-che-bien-mon-an,A01,Điểm thi THPT,2023,16.0,Khoa học chế biến món ăn
14051,DCT,khoa-hoc-che-bien-mon-an,B00,Điểm thi THPT,2023,16.0,Khoa học chế biến món ăn
14052,DCT,khoa-hoc-che-bien-mon-an,D07,Điểm thi THPT,2023,16.0,Khoa học chế biến món ăn
14053,DCT,khoa-hoc-che-bien-mon-an,A00,Điểm học bạ,2024,20.5,Khoa học chế biến món ăn
14054,DCT,khoa-hoc-che-bien-mon-an,A01,Điểm học bạ,2024,20.5,Khoa học chế biến món ăn
14055,DCT,khoa-hoc-che-bien-mon-an,B00,Điểm học bạ,2024,20.5,Khoa học chế biến món ăn
14056,DCT,khoa-hoc-che-bien-mon-an,D07,Điểm học bạ,2024,20.5,Khoa học chế biến món ăn
14057,DCT,khoa-hoc-che-bien-mon-an,A00,Điểm thi THPT,2024,17.5,Khoa học chế biến món ăn
14058,DCT,khoa-hoc-che-bien-mon-an,A01,Điểm thi THPT,2024,17.5,Khoa học chế biến món ăn
14059,DCT,khoa-hoc-che-bien-mon-an,B00,Điểm thi THPT,2024,17.5,Khoa học chế biến món ăn
14060,DCT,khoa-hoc-che-bien-mon-an,D07,Điểm thi THPT,2024,17.5,Khoa học chế biến món ăn
14061,DCT,khoa-hoc-che-bien-mon-an,A01,Điểm học bạ,2025,23.0,Khoa học chế biến món ăn
14062,DCT,khoa-hoc-che-bien-mon-an,B00,Điểm học bạ,2025,23.0,Khoa học chế biến món ăn
14063,DCT,khoa-hoc-che-bien-mon-an,C02,Điểm học bạ,2025,23.0,Khoa học chế biến món ăn
14064,DCT,khoa-hoc-che-bien-mon-an,D07,Điểm học bạ,2025,23.0,Khoa học chế biến món ăn
14065,DCT,khoa-hoc-che-bien-mon-an,A01,Điểm thi THPT,2025,21.0,Khoa học chế biến món ăn
14066,DCT,khoa-hoc-che-bien-mon-an,B00,Điểm thi THPT,2025,21.0,Khoa học chế biến món ăn
14067,DCT,khoa-hoc-che-bien-mon-an,C02,Điểm thi THPT,2025,21.0,Khoa học chế biến món ăn
14068,DCT,khoa-hoc-che-bien-mon-an,D07,Điểm thi THPT,2025,21.0,Khoa học chế biến món ăn
14069,DCT,khoa-hoc-dinh-duong-va-am-thuc,A00,Điểm học bạ,2022,22.5,Khoa học dinh dưỡng và ẩm thực
14070,DCT,khoa-hoc-dinh-duong-va-am-thuc,A01,Điểm học bạ,2022,22.5,Khoa học dinh dưỡng và ẩm thực
14071,DCT,khoa-hoc-dinh-duong-va-am-thuc,B00,Điểm học bạ,2022,22.5,Khoa học dinh dưỡng và ẩm thực
14072,DCT,khoa-hoc-dinh-duong-va-am-thuc,D07,Điểm học bạ,2022,22.5,Khoa học dinh dưỡng và ẩm thực
14073,DCT,khoa-hoc-dinh-duong-va-am-thuc,A00,Điểm thi THPT,2022,16.5,Khoa học dinh dưỡng và ẩm thực
14074,DCT,khoa-hoc-dinh-duong-va-am-thuc,A01,Điểm thi THPT,2022,16.5,Khoa học dinh dưỡng và ẩm thực
14075,DCT,khoa-hoc-dinh-duong-va-am-thuc,B00,Điểm thi THPT,2022,16.5,Khoa học dinh dưỡng và ẩm thực
14076,DCT,khoa-hoc-dinh-duong-va-am-thuc,D07,Điểm thi THPT,2022,16.5,Khoa học dinh dưỡng và ẩm thực
14077,DCT,khoa-hoc-dinh-duong-va-am-thuc,A00,Điểm học bạ,2023,20.5,Khoa học dinh dưỡng và ẩm thực
14078,DCT,khoa-hoc-dinh-duong-va-am-thuc,A01,Điểm học bạ,2023,20.5,Khoa học dinh dưỡng và ẩm thực
14079,DCT,khoa-hoc-dinh-duong-va-am-thuc,B00,Điểm học bạ,2023,20.5,Khoa học dinh dưỡng và ẩm thực
14080,DCT,khoa-hoc-dinh-duong-va-am-thuc,D07,Điểm học bạ,2023,20.5,Khoa học dinh dưỡng và ẩm thực
14081,DCT,khoa-hoc-dinh-duong-va-am-thuc,A00,Điểm thi THPT,2023,16.0,Khoa học dinh dưỡng và ẩm thực
14082,DCT,khoa-hoc-dinh-duong-va-am-thuc,A01,Điểm thi THPT,2023,16.0,Khoa học dinh dưỡng và ẩm thực
14083,DCT,khoa-hoc-dinh-duong-va-am-thuc,B00,Điểm thi THPT,2023,16.0,Khoa học dinh dưỡng và ẩm thực
14084,DCT,khoa-hoc-dinh-duong-va-am-thuc,D07,Điểm thi THPT,2023,16.0,Khoa học dinh dưỡng và ẩm thực
14085,DCT,khoa-hoc-dinh-duong-va-am-thuc,A00,Điểm học bạ,2024,20.5,Khoa học dinh dưỡng và ẩm thực
14086,DCT,khoa-hoc-dinh-duong-va-am-thuc,A01,Điểm học bạ,2024,20.5,Khoa học dinh dưỡng và ẩm thực
14087,DCT,khoa-hoc-dinh-duong-va-am-thuc,B00,Điểm học bạ,2024,20.5,Khoa học dinh dưỡng và ẩm thực
14088,DCT,khoa-hoc-dinh-duong-va-am-thuc,D07,Điểm học bạ,2024,20.5,Khoa học dinh dưỡng và ẩm thực
14089,DCT,khoa-hoc-dinh-duong-va-am-thuc,A00,Điểm thi THPT,2024,17.0,Khoa học dinh dưỡng và ẩm thực
14090,DCT,khoa-hoc-dinh-duong-va-am-thuc,A01,Điểm thi THPT,2024,17.0,Khoa học dinh dưỡng và ẩm thực
14091,DCT,khoa-hoc-dinh-duong-va-am-thuc,B00,Điểm thi THPT,2024,17.0,Khoa học dinh dưỡng và ẩm thực
14092,DCT,khoa-hoc-dinh-duong-va-am-thuc,D07,Điểm thi THPT,2024,17.0,Khoa học dinh dưỡng và ẩm thực
14093,DCT,khoa-hoc-dinh-duong-va-am-thuc,A01,Điểm học bạ,2025,21.0,Khoa học dinh dưỡng và ẩm thực
14094,DCT,khoa-hoc-dinh-duong-va-am-thuc,B00,Điểm học bạ,2025,21.0,Khoa học dinh dưỡng và ẩm thực
14095,DCT,khoa-hoc-dinh-duong-va-am-thuc,C02,Điểm học bạ,2025,21.0,Khoa học dinh dưỡng và ẩm thực
14096,DCT,khoa-hoc-dinh-duong-va-am-thuc,D07,Điểm học bạ,2025,21.0,Khoa học dinh dưỡng và ẩm thực
14097,DCT,khoa-hoc-dinh-duong-va-am-thuc,A01,Điểm thi THPT,2025,19.0,Khoa học dinh dưỡng và ẩm thực
14098,DCT,khoa-hoc-dinh-duong-va-am-thuc,B00,Điểm thi THPT,2025,19.0,Khoa học dinh dưỡng và ẩm thực
14099,DCT,khoa-hoc-dinh-duong-va-am-thuc,C02,Điểm thi THPT,2025,19.0,Khoa học dinh dưỡng và ẩm thực
14100,DCT,khoa-hoc-dinh-duong-va-am-thuc,D07,Điểm thi THPT,2025,19.0,Khoa học dinh dưỡng và ẩm thực
14101,DCT,khoa-hoc-du-lieu,A00,Điểm học bạ,2023,20.0,Khoa học dữ liệu
14102,DCT,khoa-hoc-du-lieu,A01,Điểm học bạ,2023,20.0,Khoa học dữ liệu
14103,DCT,khoa-hoc-du-lieu,D01,Điểm học bạ,2023,20.0,Khoa học dữ liệu
14104,DCT,khoa-hoc-du-lieu,D07,Điểm học bạ,2023,20.0,Khoa học dữ liệu
14105,DCT,khoa-hoc-du-lieu,A00,Điểm thi THPT,2023,16.75,Khoa học dữ liệu
14106,DCT,khoa-hoc-du-lieu,A01,Điểm thi THPT,2023,16.75,Khoa học dữ liệu
14107,DCT,khoa-hoc-du-lieu,D01,Điểm thi THPT,2023,16.75,Khoa học dữ liệu
14108,DCT,khoa-hoc-du-lieu,D07,Điểm thi THPT,2023,16.75,Khoa học dữ liệu
14109,DCT,khoa-hoc-du-lieu,A00,Điểm học bạ,2024,22.0,Khoa học dữ liệu
14110,DCT,khoa-hoc-du-lieu,A01,Điểm học bạ,2024,22.0,Khoa học dữ liệu
14111,DCT,khoa-hoc-du-lieu,D01,Điểm học bạ,2024,22.0,Khoa học dữ liệu
14112,DCT,khoa-hoc-du-lieu,D07,Điểm học bạ,2024,22.0,Khoa học dữ liệu
14113,DCT,khoa-hoc-du-lieu,A00,Điểm thi THPT,2024,20.0,Khoa học dữ liệu
14114,DCT,khoa-hoc-du-lieu,A01,Điểm thi THPT,2024,20.0,Khoa học dữ liệu
14115,DCT,khoa-hoc-du-lieu,D01,Điểm thi THPT,2024,20.0,Khoa học dữ liệu
14116,DCT,khoa-hoc-du-lieu,D07,Điểm thi THPT,2024,20.0,Khoa học dữ liệu
14117,DCT,khoa-hoc-du-lieu,A00,Điểm học bạ,2025,24.0,Khoa học dữ liệu
14118,DCT,khoa-hoc-du-lieu,C01,Điểm học bạ,2025,24.0,Khoa học dữ liệu
14119,DCT,khoa-hoc-du-lieu,D01,Điểm học bạ,2025,24.0,Khoa học dữ liệu
14120,DCT,khoa-hoc-du-lieu,X26,Điểm học bạ,2025,24.0,Khoa học dữ liệu
14121,DCT,khoa-hoc-du-lieu,A00,Điểm thi THPT,2025,22.0,Khoa học dữ liệu
14122,DCT,khoa-hoc-du-lieu,C01,Điểm thi THPT,2025,22.0,Khoa học dữ liệu
14123,DCT,khoa-hoc-du-lieu,D01,Điểm thi THPT,2025,22.0,Khoa học dữ liệu
14124,DCT,khoa-hoc-du-lieu,X26,Điểm thi THPT,2025,22.0,Khoa học dữ liệu
14125,DCT,khoa-hoc-thuy-san,A00,Điểm học bạ,2021,18.0,"Khoa học thủy sản (Kinh doanh, nuôi trồng, chế biến và khai thác thủy sản)"
14126,DCT,khoa-hoc-thuy-san,A01,Điểm học bạ,2021,18.0,"Khoa học thủy sản (Kinh doanh, nuôi trồng, chế biến và khai thác thủy sản)"
14127,DCT,khoa-hoc-thuy-san,B00,Điểm học bạ,2021,18.0,"Khoa học thủy sản (Kinh doanh, nuôi trồng, chế biến và khai thác thủy sản)"
14128,DCT,khoa-hoc-thuy-san,D07,Điểm học bạ,2021,18.0,"Khoa học thủy sản (Kinh doanh, nuôi trồng, chế biến và khai thác thủy sản)"
14129,DCT,khoa-hoc-thuy-san,A00,Điểm thi THPT,2021,16.0,"Khoa học thủy sản (Kinh doanh, nuôi trồng, chế biến và khai thác thủy sản)"
14130,DCT,khoa-hoc-thuy-san,A01,Điểm thi THPT,2021,16.0,"Khoa học thủy sản (Kinh doanh, nuôi trồng, chế biến và khai thác thủy sản)"
14131,DCT,khoa-hoc-thuy-san,B00,Điểm thi THPT,2021,16.0,"Khoa học thủy sản (Kinh doanh, nuôi trồng, chế biến và khai thác thủy sản)"
14132,DCT,khoa-hoc-thuy-san,D07,Điểm thi THPT,2021,16.0,"Khoa học thủy sản (Kinh doanh, nuôi trồng, chế biến và khai thác thủy sản)"
14133,DCT,kinh-doanh-quoc-te,A00,Điểm học bạ,2021,22.0,Kinh doanh quốc tế
14134,DCT,kinh-doanh-quoc-te,A01,Điểm học bạ,2021,22.0,Kinh doanh quốc tế
14135,DCT,kinh-doanh-quoc-te,D01,Điểm học bạ,2021,22.0,Kinh doanh quốc tế
14136,DCT,kinh-doanh-quoc-te,D10,Điểm học bạ,2021,22.0,Kinh doanh quốc tế
14137,DCT,kinh-doanh-quoc-te,A00,Điểm thi THPT,2021,23.5,Kinh doanh quốc tế
14138,DCT,kinh-doanh-quoc-te,A01,Điểm thi THPT,2021,23.5,Kinh doanh quốc tế
14139,DCT,kinh-doanh-quoc-te,D01,Điểm thi THPT,2021,23.5,Kinh doanh quốc tế
14140,DCT,kinh-doanh-quoc-te,D10,Điểm thi THPT,2021,23.5,Kinh doanh quốc tế
14141,DCT,kinh-doanh-quoc-te,A00,Điểm học bạ,2022,26.0,Kinh doanh quốc tế
14142,DCT,kinh-doanh-quoc-te,A01,Điểm học bạ,2022,26.0,Kinh doanh quốc tế
14143,DCT,kinh-doanh-quoc-te,D01,Điểm học bạ,2022,26.0,Kinh doanh quốc tế
14144,DCT,kinh-doanh-quoc-te,D10,Điểm học bạ,2022,26.0,Kinh doanh quốc tế
14145,DCT,kinh-doanh-quoc-te,A00,Điểm thi THPT,2022,23.5,Kinh doanh quốc tế
14146,DCT,kinh-doanh-quoc-te,A01,Điểm thi THPT,2022,23.5,Kinh doanh quốc tế
14147,DCT,kinh-doanh-quoc-te,D01,Điểm thi THPT,2022,23.5,Kinh doanh quốc tế
14148,DCT,kinh-doanh-quoc-te,D10,Điểm thi THPT,2022,23.5,Kinh doanh quốc tế
14149,DCT,kinh-doanh-quoc-te,A00,Điểm học bạ,2023,23.5,Kinh doanh quốc tế
14150,DCT,kinh-doanh-quoc-te,A01,Điểm học bạ,2023,23.5,Kinh doanh quốc tế
14151,DCT,kinh-doanh-quoc-te,D01,Điểm học bạ,2023,23.5,Kinh doanh quốc tế
14152,DCT,kinh-doanh-quoc-te,D10,Điểm học bạ,2023,23.5,Kinh doanh quốc tế
14153,DCT,kinh-doanh-quoc-te,A00,Điểm thi THPT,2023,21.5,Kinh doanh quốc tế
14154,DCT,kinh-doanh-quoc-te,A01,Điểm thi THPT,2023,21.5,Kinh doanh quốc tế
14155,DCT,kinh-doanh-quoc-te,D01,Điểm thi THPT,2023,21.5,Kinh doanh quốc tế
14156,DCT,kinh-doanh-quoc-te,D10,Điểm thi THPT,2023,21.5,Kinh doanh quốc tế
14157,DCT,kinh-doanh-quoc-te,A00,Điểm học bạ,2024,24.0,Kinh doanh quốc tế
14158,DCT,kinh-doanh-quoc-te,A01,Điểm học bạ,2024,24.0,Kinh doanh quốc tế
14159,DCT,kinh-doanh-quoc-te,D01,Điểm học bạ,2024,24.0,Kinh doanh quốc tế
14160,DCT,kinh-doanh-quoc-te,D10,Điểm học bạ,2024,24.0,Kinh doanh quốc tế
14161,DCT,kinh-doanh-quoc-te,A00,Điểm thi THPT,2024,23.25,Kinh doanh quốc tế
14162,DCT,kinh-doanh-quoc-te,A01,Điểm thi THPT,2024,23.25,Kinh doanh quốc tế
14163,DCT,kinh-doanh-quoc-te,D01,Điểm thi THPT,2024,23.25,Kinh doanh quốc tế
14164,DCT,kinh-doanh-quoc-te,D10,Điểm thi THPT,2024,23.25,Kinh doanh quốc tế
14165,DCT,kinh-doanh-quoc-te,A00,Điểm học bạ,2025,25.3,Kinh doanh quốc tế
14166,DCT,kinh-doanh-quoc-te,A01,Điểm học bạ,2025,25.3,Kinh doanh quốc tế
14167,DCT,kinh-doanh-quoc-te,C01,Điểm học bạ,2025,25.3,Kinh doanh quốc tế
14168,DCT,kinh-doanh-quoc-te,D01,Điểm học bạ,2025,25.3,Kinh doanh quốc tế
14169,DCT,kinh-doanh-quoc-te,A00,Điểm thi THPT,2025,23.5,Kinh doanh quốc tế
14170,DCT,kinh-doanh-quoc-te,A01,Điểm thi THPT,2025,23.5,Kinh doanh quốc tế
14171,DCT,kinh-doanh-quoc-te,C01,Điểm thi THPT,2025,23.5,Kinh doanh quốc tế
14172,DCT,kinh-doanh-quoc-te,D01,Điểm thi THPT,2025,23.5,Kinh doanh quốc tế
14173,DCT,kinh-doanh-thoi-trang-va-det-may,A00,Điểm học bạ,2021,18.0,Kinh doanh thời trang và Dệt may
14174,DCT,kinh-doanh-thoi-trang-va-det-may,A01,Điểm học bạ,2021,18.0,Kinh doanh thời trang và Dệt may
14175,DCT,kinh-doanh-thoi-trang-va-det-may,D01,Điểm học bạ,2021,18.0,Kinh doanh thời trang và Dệt may
14176,DCT,kinh-doanh-thoi-trang-va-det-may,D10,Điểm học bạ,2021,18.0,Kinh doanh thời trang và Dệt may
14177,DCT,kinh-doanh-thoi-trang-va-det-may,A00,Điểm thi THPT,2021,16.0,Kinh doanh thời trang và Dệt may
14178,DCT,kinh-doanh-thoi-trang-va-det-may,A01,Điểm thi THPT,2021,16.0,Kinh doanh thời trang và Dệt may
14179,DCT,kinh-doanh-thoi-trang-va-det-may,D01,Điểm thi THPT,2021,16.0,Kinh doanh thời trang và Dệt may
14180,DCT,kinh-doanh-thoi-trang-va-det-may,D10,Điểm thi THPT,2021,16.0,Kinh doanh thời trang và Dệt may
14181,DCT,kinh-doanh-thoi-trang-va-det-may,A00,Điểm học bạ,2022,20.0,Kinh doanh thời trang và Dệt may
14182,DCT,kinh-doanh-thoi-trang-va-det-may,A01,Điểm học bạ,2022,20.0,Kinh doanh thời trang và Dệt may
14183,DCT,kinh-doanh-thoi-trang-va-det-may,D01,Điểm học bạ,2022,20.0,Kinh doanh thời trang và Dệt may
14184,DCT,kinh-doanh-thoi-trang-va-det-may,D10,Điểm học bạ,2022,20.0,Kinh doanh thời trang và Dệt may
14185,DCT,kinh-doanh-thoi-trang-va-det-may,A00,Điểm thi THPT,2022,19.75,Kinh doanh thời trang và Dệt may
14186,DCT,kinh-doanh-thoi-trang-va-det-may,A01,Điểm thi THPT,2022,19.75,Kinh doanh thời trang và Dệt may
14187,DCT,kinh-doanh-thoi-trang-va-det-may,D01,Điểm thi THPT,2022,19.75,Kinh doanh thời trang và Dệt may
14188,DCT,kinh-doanh-thoi-trang-va-det-may,D10,Điểm thi THPT,2022,19.75,Kinh doanh thời trang và Dệt may
14189,DCT,kinh-doanh-thoi-trang-va-det-may,A00,Điểm học bạ,2023,20.0,Kinh doanh thời trang và Dệt may
14190,DCT,kinh-doanh-thoi-trang-va-det-may,A01,Điểm học bạ,2023,20.0,Kinh doanh thời trang và Dệt may
14191,DCT,kinh-doanh-thoi-trang-va-det-may,D01,Điểm học bạ,2023,20.0,Kinh doanh thời trang và Dệt may
14192,DCT,kinh-doanh-thoi-trang-va-det-may,D10,Điểm học bạ,2023,20.0,Kinh doanh thời trang và Dệt may
14193,DCT,kinh-doanh-thoi-trang-va-det-may,A00,Điểm thi THPT,2023,16.0,Kinh doanh thời trang và Dệt may
14194,DCT,kinh-doanh-thoi-trang-va-det-may,A01,Điểm thi THPT,2023,16.0,Kinh doanh thời trang và Dệt may
14195,DCT,kinh-doanh-thoi-trang-va-det-may,D01,Điểm thi THPT,2023,16.0,Kinh doanh thời trang và Dệt may
14196,DCT,kinh-doanh-thoi-trang-va-det-may,D10,Điểm thi THPT,2023,16.0,Kinh doanh thời trang và Dệt may
14197,DCT,kinh-doanh-thoi-trang-va-det-may,A00,Điểm học bạ,2024,20.0,Kinh doanh thời trang và Dệt may
14198,DCT,kinh-doanh-thoi-trang-va-det-may,A01,Điểm học bạ,2024,20.0,Kinh doanh thời trang và Dệt may
14199,DCT,kinh-doanh-thoi-trang-va-det-may,D01,Điểm học bạ,2024,20.0,Kinh doanh thời trang và Dệt may
14200,DCT,kinh-doanh-thoi-trang-va-det-may,D10,Điểm học bạ,2024,20.0,Kinh doanh thời trang và Dệt may
14201,DCT,kinh-doanh-thoi-trang-va-det-may,A00,Điểm thi THPT,2024,18.0,Kinh doanh thời trang và Dệt may
14202,DCT,kinh-doanh-thoi-trang-va-det-may,A01,Điểm thi THPT,2024,18.0,Kinh doanh thời trang và Dệt may
14203,DCT,kinh-doanh-thoi-trang-va-det-may,D01,Điểm thi THPT,2024,18.0,Kinh doanh thời trang và Dệt may
14204,DCT,kinh-doanh-thoi-trang-va-det-may,D10,Điểm thi THPT,2024,18.0,Kinh doanh thời trang và Dệt may
14205,DCT,kinh-doanh-thoi-trang-va-det-may,A00,Điểm học bạ,2025,20.83,Kinh doanh thời trang và dệt may
14206,DCT,kinh-doanh-thoi-trang-va-det-may,A01,Điểm học bạ,2025,20.83,Kinh doanh thời trang và dệt may
14207,DCT,kinh-doanh-thoi-trang-va-det-may,C01,Điểm học bạ,2025,20.83,Kinh doanh thời trang và dệt may
14208,DCT,kinh-doanh-thoi-trang-va-det-may,D01,Điểm học bạ,2025,20.83,Kinh doanh thời trang và dệt may
14209,DCT,kinh-doanh-thoi-trang-va-det-may,A00,Điểm thi THPT,2025,18.5,Kinh doanh thời trang và dệt may
14210,DCT,kinh-doanh-thoi-trang-va-det-may,A01,Điểm thi THPT,2025,18.5,Kinh doanh thời trang và dệt may
14211,DCT,kinh-doanh-thoi-trang-va-det-may,C01,Điểm thi THPT,2025,18.5,Kinh doanh thời trang và dệt may
14212,DCT,kinh-doanh-thoi-trang-va-det-may,D01,Điểm thi THPT,2025,18.5,Kinh doanh thời trang và dệt may
14213,DCT,ky-thuat-hoa-phan-tich,A00,Điểm học bạ,2021,18.0,Kỹ thuật hóa phân tích
14214,DCT,ky-thuat-hoa-phan-tich,A01,Điểm học bạ,2021,18.0,Kỹ thuật hóa phân tích
14215,DCT,ky-thuat-hoa-phan-tich,B00,Điểm học bạ,2021,18.0,Kỹ thuật hóa phân tích
14216,DCT,ky-thuat-hoa-phan-tich,D07,Điểm học bạ,2021,18.0,Kỹ thuật hóa phân tích
14217,DCT,ky-thuat-hoa-phan-tich,A00,Điểm thi THPT,2021,16.0,Kỹ thuật hóa phân tích
14218,DCT,ky-thuat-hoa-phan-tich,A01,Điểm thi THPT,2021,16.0,Kỹ thuật hóa phân tích
14219,DCT,ky-thuat-hoa-phan-tich,B00,Điểm thi THPT,2021,16.0,Kỹ thuật hóa phân tích
14220,DCT,ky-thuat-hoa-phan-tich,D07,Điểm thi THPT,2021,16.0,Kỹ thuật hóa phân tích
14221,DCT,ky-thuat-nhiet,A00,Điểm học bạ,2021,18.0,Kỹ thuật Nhiệt (Điện lạnh)
14222,DCT,ky-thuat-nhiet,A01,Điểm học bạ,2021,18.0,Kỹ thuật Nhiệt (Điện lạnh)
14223,DCT,ky-thuat-nhiet,D01,Điểm học bạ,2021,18.0,Kỹ thuật Nhiệt (Điện lạnh)
14224,DCT,ky-thuat-nhiet,D07,Điểm học bạ,2021,18.0,Kỹ thuật Nhiệt (Điện lạnh)
14225,DCT,ky-thuat-nhiet,A00,Điểm thi THPT,2021,16.0,Kỹ thuật Nhiệt (Điện lạnh)
14226,DCT,ky-thuat-nhiet,A01,Điểm thi THPT,2021,16.0,Kỹ thuật Nhiệt (Điện lạnh)
14227,DCT,ky-thuat-nhiet,D01,Điểm thi THPT,2021,16.0,Kỹ thuật Nhiệt (Điện lạnh)
14228,DCT,ky-thuat-nhiet,D07,Điểm thi THPT,2021,16.0,Kỹ thuật Nhiệt (Điện lạnh)
14229,DCT,ky-thuat-nhiet,A00,Điểm học bạ,2022,20.0,Kỹ thuật Nhiệt
14230,DCT,ky-thuat-nhiet,A01,Điểm học bạ,2022,20.0,Kỹ thuật Nhiệt
14231,DCT,ky-thuat-nhiet,D01,Điểm học bạ,2022,20.0,Kỹ thuật Nhiệt
14232,DCT,ky-thuat-nhiet,D07,Điểm học bạ,2022,20.0,Kỹ thuật Nhiệt
14233,DCT,ky-thuat-nhiet,A00,Điểm thi THPT,2022,17.5,Kỹ thuật Nhiệt
14234,DCT,ky-thuat-nhiet,A01,Điểm thi THPT,2022,17.5,Kỹ thuật Nhiệt
14235,DCT,ky-thuat-nhiet,D01,Điểm thi THPT,2022,17.5,Kỹ thuật Nhiệt
14236,DCT,ky-thuat-nhiet,D07,Điểm thi THPT,2022,17.5,Kỹ thuật Nhiệt
14237,DCT,ky-thuat-nhiet,A00,Điểm học bạ,2023,20.0,Kỹ thuật Nhiệt
14238,DCT,ky-thuat-nhiet,A01,Điểm học bạ,2023,20.0,Kỹ thuật Nhiệt
14239,DCT,ky-thuat-nhiet,D01,Điểm học bạ,2023,20.0,Kỹ thuật Nhiệt
14240,DCT,ky-thuat-nhiet,D07,Điểm học bạ,2023,20.0,Kỹ thuật Nhiệt
14241,DCT,ky-thuat-nhiet,A00,Điểm thi THPT,2023,16.0,Kỹ thuật Nhiệt
14242,DCT,ky-thuat-nhiet,A01,Điểm thi THPT,2023,16.0,Kỹ thuật Nhiệt
14243,DCT,ky-thuat-nhiet,D01,Điểm thi THPT,2023,16.0,Kỹ thuật Nhiệt
14244,DCT,ky-thuat-nhiet,D07,Điểm thi THPT,2023,16.0,Kỹ thuật Nhiệt
14245,DCT,ky-thuat-nhiet,A00,Điểm học bạ,2024,20.0,Kỹ thuật Nhiệt
14246,DCT,ky-thuat-nhiet,A01,Điểm học bạ,2024,20.0,Kỹ thuật Nhiệt
14247,DCT,ky-thuat-nhiet,D01,Điểm học bạ,2024,20.0,Kỹ thuật Nhiệt
14248,DCT,ky-thuat-nhiet,D07,Điểm học bạ,2024,20.0,Kỹ thuật Nhiệt
14249,DCT,ky-thuat-nhiet,A00,Điểm thi THPT,2024,17.5,Kỹ thuật nhiệt
14250,DCT,ky-thuat-nhiet,A01,Điểm thi THPT,2024,17.5,Kỹ thuật nhiệt
14251,DCT,ky-thuat-nhiet,D01,Điểm thi THPT,2024,17.5,Kỹ thuật nhiệt
14252,DCT,ky-thuat-nhiet,D07,Điểm thi THPT,2024,17.5,Kỹ thuật nhiệt
14253,DCT,ky-thuat-nhiet,A00,Điểm học bạ,2025,22.0,Kỹ thuật nhiệt
14254,DCT,ky-thuat-nhiet,A01,Điểm học bạ,2025,22.0,Kỹ thuật nhiệt
14255,DCT,ky-thuat-nhiet,C01,Điểm học bạ,2025,22.0,Kỹ thuật nhiệt
14256,DCT,ky-thuat-nhiet,D01,Điểm học bạ,2025,22.0,Kỹ thuật nhiệt
14257,DCT,ky-thuat-nhiet,A00,Điểm thi THPT,2025,20.0,Kỹ thuật nhiệt
14258,DCT,ky-thuat-nhiet,A01,Điểm thi THPT,2025,20.0,Kỹ thuật nhiệt
14259,DCT,ky-thuat-nhiet,C01,Điểm thi THPT,2025,20.0,Kỹ thuật nhiệt
14260,DCT,ky-thuat-nhiet,D01,Điểm thi THPT,2025,20.0,Kỹ thuật nhiệt
14261,DCT,logistic-va-quan-ly-chuoi-cung-ung,A00,Điểm học bạ,2024,24.0,Logistic và quản lý chuỗi cung ứng
14262,DCT,logistic-va-quan-ly-chuoi-cung-ung,A01,Điểm học bạ,2024,24.0,Logistic và quản lý chuỗi cung ứng
14263,DCT,logistic-va-quan-ly-chuoi-cung-ung,D01,Điểm học bạ,2024,24.0,Logistic và quản lý chuỗi cung ứng
14264,DCT,logistic-va-quan-ly-chuoi-cung-ung,D10,Điểm học bạ,2024,24.0,Logistic và quản lý chuỗi cung ứng
14265,DCT,logistic-va-quan-ly-chuoi-cung-ung,A00,Điểm thi THPT,2024,23.75,Logistic và quản lý chuỗi cung ứng
14266,DCT,logistic-va-quan-ly-chuoi-cung-ung,A01,Điểm thi THPT,2024,23.75,Logistic và quản lý chuỗi cung ứng
14267,DCT,logistic-va-quan-ly-chuoi-cung-ung,D01,Điểm thi THPT,2024,23.75,Logistic và quản lý chuỗi cung ứng
14268,DCT,logistic-va-quan-ly-chuoi-cung-ung,D10,Điểm thi THPT,2024,23.75,Logistic và quản lý chuỗi cung ứng
14269,DCT,logistics-va-quan-ly-chuoi-cung-ung,A00,Điểm học bạ,2025,26.5,Logistics và quản lý chuỗi cung ứng
14270,DCT,logistics-va-quan-ly-chuoi-cung-ung,A01,Điểm học bạ,2025,26.5,Logistics và quản lý chuỗi cung ứng
14271,DCT,logistics-va-quan-ly-chuoi-cung-ung,C01,Điểm học bạ,2025,26.5,Logistics và quản lý chuỗi cung ứng
14272,DCT,logistics-va-quan-ly-chuoi-cung-ung,D01,Điểm học bạ,2025,26.5,Logistics và quản lý chuỗi cung ứng
14273,DCT,logistics-va-quan-ly-chuoi-cung-ung,A00,Điểm thi THPT,2025,24.5,Logistics và quản lý chuỗi cung ứng
14274,DCT,logistics-va-quan-ly-chuoi-cung-ung,A01,Điểm thi THPT,2025,24.5,Logistics và quản lý chuỗi cung ứng
14275,DCT,logistics-va-quan-ly-chuoi-cung-ung,C01,Điểm thi THPT,2025,24.5,Logistics và quản lý chuỗi cung ứng
14276,DCT,logistics-va-quan-ly-chuoi-cung-ung,D01,Điểm thi THPT,2025,24.5,Logistics và quản lý chuỗi cung ứng
14277,DCT,luat,C00,Điểm học bạ,2025,26.2,Luật
14278,DCT,luat,C03,Điểm học bạ,2025,26.2,Luật
14279,DCT,luat,C14,Điểm học bạ,2025,26.2,Luật
14280,DCT,luat,D01,Điểm học bạ,2025,26.2,Luật
14281,DCT,luat,C00,Điểm thi THPT,2025,24.25,Luật
14282,DCT,luat,C03,Điểm thi THPT,2025,24.25,Luật
14283,DCT,luat,C14,Điểm thi THPT,2025,24.25,Luật
14284,DCT,luat,D01,Điểm thi THPT,2025,24.25,Luật
14285,DCT,luat-kinh-te,A00,Điểm học bạ,2021,21.5,Luật kinh tế
14286,DCT,luat-kinh-te,A01,Điểm học bạ,2021,21.5,Luật kinh tế
14287,DCT,luat-kinh-te,D01,Điểm học bạ,2021,21.5,Luật kinh tế
14288,DCT,luat-kinh-te,D10,Điểm học bạ,2021,21.5,Luật kinh tế
14289,DCT,luat-kinh-te,A00,Điểm thi THPT,2021,21.5,Luật kinh tế
14290,DCT,luat-kinh-te,A01,Điểm thi THPT,2021,21.5,Luật kinh tế
14291,DCT,luat-kinh-te,D01,Điểm thi THPT,2021,21.5,Luật kinh tế
14292,DCT,luat-kinh-te,D10,Điểm thi THPT,2021,21.5,Luật kinh tế
14293,DCT,luat-kinh-te,A00,Điểm học bạ,2022,24.5,Luật kinh tế
14294,DCT,luat-kinh-te,A01,Điểm học bạ,2022,24.5,Luật kinh tế
14295,DCT,luat-kinh-te,D01,Điểm học bạ,2022,24.5,Luật kinh tế
14296,DCT,luat-kinh-te,D10,Điểm học bạ,2022,24.5,Luật kinh tế
14297,DCT,luat-kinh-te,A00,Điểm thi THPT,2022,23.0,Luật kinh tế
14298,DCT,luat-kinh-te,A01,Điểm thi THPT,2022,23.0,Luật kinh tế
14299,DCT,luat-kinh-te,D01,Điểm thi THPT,2022,23.0,Luật kinh tế
14300,DCT,luat-kinh-te,D10,Điểm thi THPT,2022,23.0,Luật kinh tế
14301,DCT,luat-kinh-te,A00,Điểm học bạ,2023,23.0,Luật kinh tế
14302,DCT,luat-kinh-te,A01,Điểm học bạ,2023,23.0,Luật kinh tế
14303,DCT,luat-kinh-te,D01,Điểm học bạ,2023,23.0,Luật kinh tế
14304,DCT,luat-kinh-te,D15,Điểm học bạ,2023,23.0,Luật kinh tế
14305,DCT,luat-kinh-te,A00,Điểm thi THPT,2023,19.0,Luật kinh tế
14306,DCT,luat-kinh-te,A01,Điểm thi THPT,2023,19.0,Luật kinh tế
14307,DCT,luat-kinh-te,D01,Điểm thi THPT,2023,19.0,Luật kinh tế
14308,DCT,luat-kinh-te,D15,Điểm thi THPT,2023,19.0,Luật kinh tế
14309,DCT,luat-kinh-te,A00,Điểm học bạ,2024,23.5,Luật kinh tế
14310,DCT,luat-kinh-te,A01,Điểm học bạ,2024,23.5,Luật kinh tế
14311,DCT,luat-kinh-te,D01,Điểm học bạ,2024,23.5,Luật kinh tế
14312,DCT,luat-kinh-te,D15,Điểm học bạ,2024,23.5,Luật kinh tế
14313,DCT,luat-kinh-te,A00,Điểm thi THPT,2024,22.75,Luật kinh tế
14314,DCT,luat-kinh-te,A01,Điểm thi THPT,2024,22.75,Luật kinh tế
14315,DCT,luat-kinh-te,D01,Điểm thi THPT,2024,22.75,Luật kinh tế
14316,DCT,luat-kinh-te,D15,Điểm thi THPT,2024,22.75,Luật kinh tế
14317,DCT,luat-kinh-te,C00,Điểm học bạ,2025,25.9,Luật kinh tế
14318,DCT,luat-kinh-te,C03,Điểm học bạ,2025,25.9,Luật kinh tế
14319,DCT,luat-kinh-te,C14,Điểm học bạ,2025,25.9,Luật kinh tế
14320,DCT,luat-kinh-te,D01,Điểm học bạ,2025,25.9,Luật kinh tế
14321,DCT,luat-kinh-te,C00,Điểm thi THPT,2025,24.0,Luật kinh tế
14322,DCT,luat-kinh-te,C03,Điểm thi THPT,2025,24.0,Luật kinh tế
14323,DCT,luat-kinh-te,C14,Điểm thi THPT,2025,24.0,Luật kinh tế
14324,DCT,luat-kinh-te,D01,Điểm thi THPT,2025,24.0,Luật kinh tế
14325,DCT,marketing,A00,Điểm học bạ,2021,22.0,Marketing
14326,DCT,marketing,A01,Điểm học bạ,2021,22.0,Marketing
14327,DCT,marketing,D01,Điểm học bạ,2021,22.0,Marketing
14328,DCT,marketing,D10,Điểm học bạ,2021,22.0,Marketing
14329,DCT,marketing,A00,Điểm thi THPT,2021,24.0,Marketing
14330,DCT,marketing,A01,Điểm thi THPT,2021,24.0,Marketing
14331,DCT,marketing,D01,Điểm thi THPT,2021,24.0,Marketing
14332,DCT,marketing,D10,Điểm thi THPT,2021,24.0,Marketing
14333,DCT,marketing,A00,Điểm học bạ,2022,26.5,Marketing
14334,DCT,marketing,A01,Điểm học bạ,2022,26.5,Marketing
14335,DCT,marketing,D01,Điểm học bạ,2022,26.5,Marketing
14336,DCT,marketing,D10,Điểm học bạ,2022,26.5,Marketing
14337,DCT,marketing,A00,Điểm thi THPT,2022,24.0,Marketing
14338,DCT,marketing,A01,Điểm thi THPT,2022,24.0,Marketing
14339,DCT,marketing,D01,Điểm thi THPT,2022,24.0,Marketing
14340,DCT,marketing,D10,Điểm thi THPT,2022,24.0,Marketing
14341,DCT,marketing,A00,Điểm học bạ,2023,23.5,Marketing
14342,DCT,marketing,A01,Điểm học bạ,2023,23.5,Marketing
14343,DCT,marketing,D01,Điểm học bạ,2023,23.5,Marketing
14344,DCT,marketing,D10,Điểm học bạ,2023,23.5,Marketing
14345,DCT,marketing,A00,Điểm thi THPT,2023,22.5,Marketing
14346,DCT,marketing,A01,Điểm thi THPT,2023,22.5,Marketing
14347,DCT,marketing,D01,Điểm thi THPT,2023,22.5,Marketing
14348,DCT,marketing,D10,Điểm thi THPT,2023,22.5,Marketing
14349,DCT,marketing,A00,Điểm học bạ,2024,25.0,Marketing
14350,DCT,marketing,A01,Điểm học bạ,2024,25.0,Marketing
14351,DCT,marketing,D01,Điểm học bạ,2024,25.0,Marketing
14352,DCT,marketing,D10,Điểm học bạ,2024,25.0,Marketing
14353,DCT,marketing,A00,Điểm thi THPT,2024,24.5,Marketing
14354,DCT,marketing,A01,Điểm thi THPT,2024,24.5,Marketing
14355,DCT,marketing,D01,Điểm thi THPT,2024,24.5,Marketing
14356,DCT,marketing,D10,Điểm thi THPT,2024,24.5,Marketing
14357,DCT,marketing,A00,Điểm học bạ,2025,26.2,Marketing
14358,DCT,marketing,A01,Điểm học bạ,2025,26.2,Marketing
14359,DCT,marketing,C01,Điểm học bạ,2025,26.2,Marketing
14360,DCT,marketing,D01,Điểm học bạ,2025,26.2,Marketing
14361,DCT,marketing,A00,Điểm thi THPT,2025,24.25,Marketing
14362,DCT,marketing,A01,Điểm thi THPT,2025,24.25,Marketing
14363,DCT,marketing,C01,Điểm thi THPT,2025,24.25,Marketing
14364,DCT,marketing,D01,Điểm thi THPT,2025,24.25,Marketing
14365,DCT,ngon-ngu-anh,A01,Điểm học bạ,2021,22.0,Ngôn ngữ Anh
14366,DCT,ngon-ngu-anh,D01,Điểm học bạ,2021,22.0,Ngôn ngữ Anh
14367,DCT,ngon-ngu-anh,D09,Điểm học bạ,2021,22.0,Ngôn ngữ Anh
14368,DCT,ngon-ngu-anh,D10,Điểm học bạ,2021,22.0,Ngôn ngữ Anh
14369,DCT,ngon-ngu-anh,A01,Điểm thi THPT,2021,23.5,Ngôn ngữ Anh
14370,DCT,ngon-ngu-anh,D01,Điểm thi THPT,2021,23.5,Ngôn ngữ Anh
14371,DCT,ngon-ngu-anh,D09,Điểm thi THPT,2021,23.5,Ngôn ngữ Anh
14372,DCT,ngon-ngu-anh,D10,Điểm thi THPT,2021,23.5,Ngôn ngữ Anh
14373,DCT,ngon-ngu-anh,A01,Điểm học bạ,2022,25.5,Ngôn ngữ Anh
14374,DCT,ngon-ngu-anh,D01,Điểm học bạ,2022,25.5,Ngôn ngữ Anh
14375,DCT,ngon-ngu-anh,D09,Điểm học bạ,2022,25.5,Ngôn ngữ Anh
14376,DCT,ngon-ngu-anh,D10,Điểm học bạ,2022,25.5,Ngôn ngữ Anh
14377,DCT,ngon-ngu-anh,A01,Điểm thi THPT,2022,23.5,Ngôn ngữ Anh
14378,DCT,ngon-ngu-anh,D01,Điểm thi THPT,2022,23.5,Ngôn ngữ Anh
14379,DCT,ngon-ngu-anh,D09,Điểm thi THPT,2022,23.5,Ngôn ngữ Anh
14380,DCT,ngon-ngu-anh,D10,Điểm thi THPT,2022,23.5,Ngôn ngữ Anh
14381,DCT,ngon-ngu-anh,A01,Điểm học bạ,2023,24.0,Ngôn ngữ Anh
14382,DCT,ngon-ngu-anh,D01,Điểm học bạ,2023,24.0,Ngôn ngữ Anh
14383,DCT,ngon-ngu-anh,D09,Điểm học bạ,2023,24.0,Ngôn ngữ Anh
14384,DCT,ngon-ngu-anh,D10,Điểm học bạ,2023,24.0,Ngôn ngữ Anh
14385,DCT,ngon-ngu-anh,A01,Điểm thi THPT,2023,21.0,Ngôn ngữ Anh
14386,DCT,ngon-ngu-anh,D01,Điểm thi THPT,2023,21.0,Ngôn ngữ Anh
14387,DCT,ngon-ngu-anh,D09,Điểm thi THPT,2023,21.0,Ngôn ngữ Anh
14388,DCT,ngon-ngu-anh,D10,Điểm thi THPT,2023,21.0,Ngôn ngữ Anh
14389,DCT,ngon-ngu-anh,A00,Điểm học bạ,2024,24.25,Ngôn ngữ Anh
14390,DCT,ngon-ngu-anh,A01,Điểm học bạ,2024,24.25,Ngôn ngữ Anh
14391,DCT,ngon-ngu-anh,D09,Điểm học bạ,2024,24.25,Ngôn ngữ Anh
14392,DCT,ngon-ngu-anh,D10,Điểm học bạ,2024,24.25,Ngôn ngữ Anh
14393,DCT,ngon-ngu-anh,A01,Điểm thi THPT,2024,23.0,Ngôn ngữ Anh
14394,DCT,ngon-ngu-anh,D01,Điểm thi THPT,2024,23.0,Ngôn ngữ Anh
14395,DCT,ngon-ngu-anh,D09,Điểm thi THPT,2024,23.0,Ngôn ngữ Anh
14396,DCT,ngon-ngu-anh,D10,Điểm thi THPT,2024,23.0,Ngôn ngữ Anh
14397,DCT,ngon-ngu-anh,A01,Điểm học bạ,2025,25.6,Ngôn ngữ Anh
14398,DCT,ngon-ngu-anh,D01,Điểm học bạ,2025,25.6,Ngôn ngữ Anh
14399,DCT,ngon-ngu-anh,D09,Điểm học bạ,2025,25.6,Ngôn ngữ Anh
14400,DCT,ngon-ngu-anh,D14,Điểm học bạ,2025,25.6,Ngôn ngữ Anh
14401,DCT,ngon-ngu-anh,A01,Điểm thi THPT,2025,23.75,Ngôn ngữ Anh
14402,DCT,ngon-ngu-anh,D01,Điểm thi THPT,2025,23.75,Ngôn ngữ Anh
14403,DCT,ngon-ngu-anh,D09,Điểm thi THPT,2025,23.75,Ngôn ngữ Anh
14404,DCT,ngon-ngu-anh,D10,Điểm thi THPT,2025,23.75,Ngôn ngữ Anh
14405,DCT,ngon-ngu-trung-quoc,A01,Điểm học bạ,2021,22.0,Ngôn ngữ Trung Quốc
14406,DCT,ngon-ngu-trung-quoc,D01,Điểm học bạ,2021,22.0,Ngôn ngữ Trung Quốc
14407,DCT,ngon-ngu-trung-quoc,D09,Điểm học bạ,2021,22.0,Ngôn ngữ Trung Quốc
14408,DCT,ngon-ngu-trung-quoc,D10,Điểm học bạ,2021,22.0,Ngôn ngữ Trung Quốc
14409,DCT,ngon-ngu-trung-quoc,A01,Điểm thi THPT,2021,23.0,Ngôn ngữ Trung Quốc
14410,DCT,ngon-ngu-trung-quoc,D01,Điểm thi THPT,2021,23.0,Ngôn ngữ Trung Quốc
14411,DCT,ngon-ngu-trung-quoc,D09,Điểm thi THPT,2021,23.0,Ngôn ngữ Trung Quốc
14412,DCT,ngon-ngu-trung-quoc,D10,Điểm thi THPT,2021,23.0,Ngôn ngữ Trung Quốc
14413,DCT,ngon-ngu-trung-quoc,A01,Điểm học bạ,2022,25.5,Ngôn ngữ Trung Quốc
14414,DCT,ngon-ngu-trung-quoc,D01,Điểm học bạ,2022,25.5,Ngôn ngữ Trung Quốc
14415,DCT,ngon-ngu-trung-quoc,D09,Điểm học bạ,2022,25.5,Ngôn ngữ Trung Quốc
14416,DCT,ngon-ngu-trung-quoc,D10,Điểm học bạ,2022,25.5,Ngôn ngữ Trung Quốc
14417,DCT,ngon-ngu-trung-quoc,A01,Điểm thi THPT,2022,24.0,Ngôn ngữ Trung Quốc
14418,DCT,ngon-ngu-trung-quoc,D01,Điểm thi THPT,2022,24.0,Ngôn ngữ Trung Quốc
14419,DCT,ngon-ngu-trung-quoc,D09,Điểm thi THPT,2022,24.0,Ngôn ngữ Trung Quốc
14420,DCT,ngon-ngu-trung-quoc,D10,Điểm thi THPT,2022,24.0,Ngôn ngữ Trung Quốc
14421,DCT,ngon-ngu-trung-quoc,A01,Điểm học bạ,2023,24.0,Ngôn ngữ Trung Quốc
14422,DCT,ngon-ngu-trung-quoc,D01,Điểm học bạ,2023,24.0,Ngôn ngữ Trung Quốc
14423,DCT,ngon-ngu-trung-quoc,D09,Điểm học bạ,2023,24.0,Ngôn ngữ Trung Quốc
14424,DCT,ngon-ngu-trung-quoc,D10,Điểm học bạ,2023,24.0,Ngôn ngữ Trung Quốc
14425,DCT,ngon-ngu-trung-quoc,A01,Điểm thi THPT,2023,21.0,Ngôn ngữ Trung Quốc
14426,DCT,ngon-ngu-trung-quoc,D01,Điểm thi THPT,2023,21.0,Ngôn ngữ Trung Quốc
14427,DCT,ngon-ngu-trung-quoc,D09,Điểm thi THPT,2023,21.0,Ngôn ngữ Trung Quốc
14428,DCT,ngon-ngu-trung-quoc,D10,Điểm thi THPT,2023,21.0,Ngôn ngữ Trung Quốc
14429,DCT,ngon-ngu-trung-quoc,A00,Điểm học bạ,2024,24.5,Ngôn ngữ Trung Quốc
14430,DCT,ngon-ngu-trung-quoc,A01,Điểm học bạ,2024,24.5,Ngôn ngữ Trung Quốc
14431,DCT,ngon-ngu-trung-quoc,D09,Điểm học bạ,2024,24.5,Ngôn ngữ Trung Quốc
14432,DCT,ngon-ngu-trung-quoc,D10,Điểm học bạ,2024,24.5,Ngôn ngữ Trung Quốc
14433,DCT,ngon-ngu-trung-quoc,A01,Điểm thi THPT,2024,23.25,Ngôn ngữ Trung Quốc
14434,DCT,ngon-ngu-trung-quoc,D01,Điểm thi THPT,2024,23.25,Ngôn ngữ Trung Quốc
14435,DCT,ngon-ngu-trung-quoc,D09,Điểm thi THPT,2024,23.25,Ngôn ngữ Trung Quốc
14436,DCT,ngon-ngu-trung-quoc,D10,Điểm thi THPT,2024,23.25,Ngôn ngữ Trung Quốc
14437,DCT,ngon-ngu-trung-quoc,A01,Điểm học bạ,2025,25.9,Ngôn ngữ Trung Quốc
14438,DCT,ngon-ngu-trung-quoc,D01,Điểm học bạ,2025,25.9,Ngôn ngữ Trung Quốc
14439,DCT,ngon-ngu-trung-quoc,D09,Điểm học bạ,2025,25.9,Ngôn ngữ Trung Quốc
14440,DCT,ngon-ngu-trung-quoc,D14,Điểm học bạ,2025,25.9,Ngôn ngữ Trung Quốc
14441,DCT,ngon-ngu-trung-quoc,A01,Điểm thi THPT,2025,24.0,Ngôn ngữ Trung Quốc
14442,DCT,ngon-ngu-trung-quoc,D01,Điểm thi THPT,2025,24.0,Ngôn ngữ Trung Quốc
14443,DCT,ngon-ngu-trung-quoc,D09,Điểm thi THPT,2025,24.0,Ngôn ngữ Trung Quốc
14444,DCT,ngon-ngu-trung-quoc,D14,Điểm thi THPT,2025,24.0,Ngôn ngữ Trung Quốc
14445,DCT,ngon-ngu-trung-quoc-chuong-trinh-lien-ket-dai-hoc-ludong-trung-quoc,A00,Điểm học bạ,2025,22.0,"Ngôn ngữ Trung Quốc - Chương trình liên kết Đại học Ludong, Trung Quốc (LDU)."
14446,DCT,ngon-ngu-trung-quoc-chuong-trinh-lien-ket-dai-hoc-ludong-trung-quoc,A01,Điểm học bạ,2025,22.0,"Ngôn ngữ Trung Quốc - Chương trình liên kết Đại học Ludong, Trung Quốc (LDU)."
14447,DCT,ngon-ngu-trung-quoc-chuong-trinh-lien-ket-dai-hoc-ludong-trung-quoc,B00,Điểm học bạ,2025,22.0,"Ngôn ngữ Trung Quốc - Chương trình liên kết Đại học Ludong, Trung Quốc (LDU)."
14448,DCT,ngon-ngu-trung-quoc-chuong-trinh-lien-ket-dai-hoc-ludong-trung-quoc,B08,Điểm học bạ,2025,22.0,"Ngôn ngữ Trung Quốc - Chương trình liên kết Đại học Ludong, Trung Quốc (LDU)."
14449,DCT,ngon-ngu-trung-quoc-chuong-trinh-lien-ket-dai-hoc-ludong-trung-quoc,C00,Điểm học bạ,2025,22.0,"Ngôn ngữ Trung Quốc - Chương trình liên kết Đại học Ludong, Trung Quốc (LDU)."
14450,DCT,ngon-ngu-trung-quoc-chuong-trinh-lien-ket-dai-hoc-ludong-trung-quoc,C01,Điểm học bạ,2025,22.0,"Ngôn ngữ Trung Quốc - Chương trình liên kết Đại học Ludong, Trung Quốc (LDU)."
14451,DCT,ngon-ngu-trung-quoc-chuong-trinh-lien-ket-dai-hoc-ludong-trung-quoc,C02,Điểm học bạ,2025,22.0,"Ngôn ngữ Trung Quốc - Chương trình liên kết Đại học Ludong, Trung Quốc (LDU)."
14452,DCT,ngon-ngu-trung-quoc-chuong-trinh-lien-ket-dai-hoc-ludong-trung-quoc,C03,Điểm học bạ,2025,22.0,"Ngôn ngữ Trung Quốc - Chương trình liên kết Đại học Ludong, Trung Quốc (LDU)."
14453,DCT,ngon-ngu-trung-quoc-chuong-trinh-lien-ket-dai-hoc-ludong-trung-quoc,C14,Điểm học bạ,2025,22.0,"Ngôn ngữ Trung Quốc - Chương trình liên kết Đại học Ludong, Trung Quốc (LDU)."
14454,DCT,ngon-ngu-trung-quoc-chuong-trinh-lien-ket-dai-hoc-ludong-trung-quoc,D01,Điểm học bạ,2025,22.0,"Ngôn ngữ Trung Quốc - Chương trình liên kết Đại học Ludong, Trung Quốc (LDU)."
14455,DCT,ngon-ngu-trung-quoc-chuong-trinh-lien-ket-dai-hoc-ludong-trung-quoc,D07,Điểm học bạ,2025,22.0,"Ngôn ngữ Trung Quốc - Chương trình liên kết Đại học Ludong, Trung Quốc (LDU)."
14456,DCT,ngon-ngu-trung-quoc-chuong-trinh-lien-ket-dai-hoc-ludong-trung-quoc,D09,Điểm học bạ,2025,22.0,"Ngôn ngữ Trung Quốc - Chương trình liên kết Đại học Ludong, Trung Quốc (LDU)."
14457,DCT,ngon-ngu-trung-quoc-chuong-trinh-lien-ket-dai-hoc-ludong-trung-quoc,D14,Điểm học bạ,2025,22.0,"Ngôn ngữ Trung Quốc - Chương trình liên kết Đại học Ludong, Trung Quốc (LDU)."
14458,DCT,ngon-ngu-trung-quoc-chuong-trinh-lien-ket-dai-hoc-ludong-trung-quoc,D15,Điểm học bạ,2025,22.0,"Ngôn ngữ Trung Quốc - Chương trình liên kết Đại học Ludong, Trung Quốc (LDU)."
14459,DCT,ngon-ngu-trung-quoc-chuong-trinh-lien-ket-dai-hoc-ludong-trung-quoc,X26,Điểm học bạ,2025,22.0,"Ngôn ngữ Trung Quốc - Chương trình liên kết Đại học Ludong, Trung Quốc (LDU)."
14460,DCT,ngon-ngu-trung-quoc-chuong-trinh-lien-ket-dai-hoc-ludong-trung-quoc,A01,Điểm thi THPT,2025,20.0,"Ngôn ngữ Trung Quốc - Chương trình liên kết Đại học Ludong, Trung Quốc (LDU)."
14461,DCT,ngon-ngu-trung-quoc-chuong-trinh-lien-ket-dai-hoc-ludong-trung-quoc,D01,Điểm thi THPT,2025,20.0,"Ngôn ngữ Trung Quốc - Chương trình liên kết Đại học Ludong, Trung Quốc (LDU)."
14462,DCT,ngon-ngu-trung-quoc-chuong-trinh-lien-ket-dai-hoc-ludong-trung-quoc,D09,Điểm thi THPT,2025,20.0,"Ngôn ngữ Trung Quốc - Chương trình liên kết Đại học Ludong, Trung Quốc (LDU)."
14463,DCT,ngon-ngu-trung-quoc-chuong-trinh-lien-ket-dai-hoc-ludong-trung-quoc,D14,Điểm thi THPT,2025,20.0,"Ngôn ngữ Trung Quốc - Chương trình liên kết Đại học Ludong, Trung Quốc (LDU)."
14464,DCT,quan-ly-nang-luong,A00,Điểm học bạ,2021,18.0,Quản lý năng lượng
14465,DCT,quan-ly-nang-luong,A01,Điểm học bạ,2021,18.0,Quản lý năng lượng
14466,DCT,quan-ly-nang-luong,B00,Điểm học bạ,2021,18.0,Quản lý năng lượng
14467,DCT,quan-ly-nang-luong,D07,Điểm học bạ,2021,18.0,Quản lý năng lượng
14468,DCT,quan-ly-nang-luong,A00,Điểm thi THPT,2021,16.0,Quản lý năng lượng
14469,DCT,quan-ly-nang-luong,A01,Điểm thi THPT,2021,16.0,Quản lý năng lượng
14470,DCT,quan-ly-nang-luong,B00,Điểm thi THPT,2021,16.0,Quản lý năng lượng
14471,DCT,quan-ly-nang-luong,D07,Điểm thi THPT,2021,16.0,Quản lý năng lượng
14472,DCT,quan-ly-nang-luong,A00,Điểm học bạ,2022,20.0,Quản lý năng lượng
14473,DCT,quan-ly-nang-luong,A01,Điểm học bạ,2022,20.0,Quản lý năng lượng
14474,DCT,quan-ly-nang-luong,D01,Điểm học bạ,2022,20.0,Quản lý năng lượng
14475,DCT,quan-ly-nang-luong,D07,Điểm học bạ,2022,20.0,Quản lý năng lượng
14476,DCT,quan-ly-nang-luong,A00,Điểm thi THPT,2022,16.0,Quản lý năng lượng
14477,DCT,quan-ly-nang-luong,A01,Điểm thi THPT,2022,16.0,Quản lý năng lượng
14478,DCT,quan-ly-nang-luong,D01,Điểm thi THPT,2022,16.0,Quản lý năng lượng
14479,DCT,quan-ly-nang-luong,D07,Điểm thi THPT,2022,16.0,Quản lý năng lượng
14480,DCT,quan-ly-tai-nguyen-va-moi-truong,A00,Điểm học bạ,2021,18.0,Quản lý tài nguyên và môi trường
14481,DCT,quan-ly-tai-nguyen-va-moi-truong,A01,Điểm học bạ,2021,18.0,Quản lý tài nguyên và môi trường
14482,DCT,quan-ly-tai-nguyen-va-moi-truong,B00,Điểm học bạ,2021,18.0,Quản lý tài nguyên và môi trường
14483,DCT,quan-ly-tai-nguyen-va-moi-truong,D07,Điểm học bạ,2021,18.0,Quản lý tài nguyên và môi trường
14484,DCT,quan-ly-tai-nguyen-va-moi-truong,A00,Điểm thi THPT,2021,16.0,Quản lý tài nguyên và môi trường
14485,DCT,quan-ly-tai-nguyen-va-moi-truong,A01,Điểm thi THPT,2021,16.0,Quản lý tài nguyên và môi trường
14486,DCT,quan-ly-tai-nguyen-va-moi-truong,B00,Điểm thi THPT,2021,16.0,Quản lý tài nguyên và môi trường
14487,DCT,quan-ly-tai-nguyen-va-moi-truong,D07,Điểm thi THPT,2021,16.0,Quản lý tài nguyên và môi trường
14488,DCT,quan-ly-tai-nguyen-va-moi-truong,A00,Điểm học bạ,2022,21.0,Quản lý tài nguyên và môi trường
14489,DCT,quan-ly-tai-nguyen-va-moi-truong,A01,Điểm học bạ,2022,21.0,Quản lý tài nguyên và môi trường
14490,DCT,quan-ly-tai-nguyen-va-moi-truong,B00,Điểm học bạ,2022,21.0,Quản lý tài nguyên và môi trường
14491,DCT,quan-ly-tai-nguyen-va-moi-truong,D07,Điểm học bạ,2022,21.0,Quản lý tài nguyên và môi trường
14492,DCT,quan-ly-tai-nguyen-va-moi-truong,A00,Điểm thi THPT,2022,16.0,Quản lý tài nguyên và môi trường
14493,DCT,quan-ly-tai-nguyen-va-moi-truong,A01,Điểm thi THPT,2022,16.0,Quản lý tài nguyên và môi trường
14494,DCT,quan-ly-tai-nguyen-va-moi-truong,B00,Điểm thi THPT,2022,16.0,Quản lý tài nguyên và môi trường
14495,DCT,quan-ly-tai-nguyen-va-moi-truong,D07,Điểm thi THPT,2022,16.0,Quản lý tài nguyên và môi trường
14496,DCT,quan-ly-tai-nguyen-va-moi-truong,A00,Điểm học bạ,2023,20.0,Quản lý tài nguyên và môi trường
14497,DCT,quan-ly-tai-nguyen-va-moi-truong,A01,Điểm học bạ,2023,20.0,Quản lý tài nguyên và môi trường
14498,DCT,quan-ly-tai-nguyen-va-moi-truong,B00,Điểm học bạ,2023,20.0,Quản lý tài nguyên và môi trường
14499,DCT,quan-ly-tai-nguyen-va-moi-truong,D07,Điểm học bạ,2023,20.0,Quản lý tài nguyên và môi trường
14500,DCT,quan-ly-tai-nguyen-va-moi-truong,A00,Điểm thi THPT,2023,16.0,Quản lý tài nguyên và môi trường
14501,DCT,quan-ly-tai-nguyen-va-moi-truong,A01,Điểm thi THPT,2023,16.0,Quản lý tài nguyên và môi trường
14502,DCT,quan-ly-tai-nguyen-va-moi-truong,B00,Điểm thi THPT,2023,16.0,Quản lý tài nguyên và môi trường
14503,DCT,quan-ly-tai-nguyen-va-moi-truong,D07,Điểm thi THPT,2023,16.0,Quản lý tài nguyên và môi trường
14504,DCT,quan-ly-tai-nguyen-va-moi-truong,A00,Điểm học bạ,2024,20.0,Quản lý tài nguyên và môi trường
14505,DCT,quan-ly-tai-nguyen-va-moi-truong,A01,Điểm học bạ,2024,20.0,Quản lý tài nguyên và môi trường
14506,DCT,quan-ly-tai-nguyen-va-moi-truong,B00,Điểm học bạ,2024,20.0,Quản lý tài nguyên và môi trường
14507,DCT,quan-ly-tai-nguyen-va-moi-truong,D07,Điểm học bạ,2024,20.0,Quản lý tài nguyên và môi trường
14508,DCT,quan-ly-tai-nguyen-va-moi-truong,A00,Điểm thi THPT,2024,17.0,Quản lý tài nguyên và môi trường
14509,DCT,quan-ly-tai-nguyen-va-moi-truong,A01,Điểm thi THPT,2024,17.0,Quản lý tài nguyên và môi trường
14510,DCT,quan-ly-tai-nguyen-va-moi-truong,B00,Điểm thi THPT,2024,17.0,Quản lý tài nguyên và môi trường
14511,DCT,quan-ly-tai-nguyen-va-moi-truong,D07,Điểm thi THPT,2024,17.0,Quản lý tài nguyên và môi trường
14512,DCT,quan-ly-tai-nguyen-va-moi-truong,A00,Điểm học bạ,2025,20.33,Quản lý tài nguyên và môi trường
14513,DCT,quan-ly-tai-nguyen-va-moi-truong,A01,Điểm học bạ,2025,20.33,Quản lý tài nguyên và môi trường
14514,DCT,quan-ly-tai-nguyen-va-moi-truong,B00,Điểm học bạ,2025,20.33,Quản lý tài nguyên và môi trường
14515,DCT,quan-ly-tai-nguyen-va-moi-truong,D07,Điểm học bạ,2025,20.33,Quản lý tài nguyên và môi trường
14516,DCT,quan-ly-tai-nguyen-va-moi-truong,A00,Điểm thi THPT,2025,17.0,Quản lý tài nguyên và môi trường
14517,DCT,quan-ly-tai-nguyen-va-moi-truong,A01,Điểm thi THPT,2025,17.0,Quản lý tài nguyên và môi trường
14518,DCT,quan-ly-tai-nguyen-va-moi-truong,B00,Điểm thi THPT,2025,17.0,Quản lý tài nguyên và môi trường
14519,DCT,quan-ly-tai-nguyen-va-moi-truong,D07,Điểm thi THPT,2025,17.0,Quản lý tài nguyên và môi trường
14520,DCT,quan-tri-dich-vu-du-lich-va-lu-hanh,A00,Điểm học bạ,2021,22.0,Quản trị dịch vụ du lịch và lữ hành
14521,DCT,quan-tri-dich-vu-du-lich-va-lu-hanh,A01,Điểm học bạ,2021,22.0,Quản trị dịch vụ du lịch và lữ hành
14522,DCT,quan-tri-dich-vu-du-lich-va-lu-hanh,D01,Điểm học bạ,2021,22.0,Quản trị dịch vụ du lịch và lữ hành
14523,DCT,quan-tri-dich-vu-du-lich-va-lu-hanh,D10,Điểm học bạ,2021,22.0,Quản trị dịch vụ du lịch và lữ hành
14524,DCT,quan-tri-dich-vu-du-lich-va-lu-hanh,A00,Điểm thi THPT,2021,22.5,Quản trị dịch vụ du lịch và lữ hành
14525,DCT,quan-tri-dich-vu-du-lich-va-lu-hanh,A01,Điểm thi THPT,2021,22.5,Quản trị dịch vụ du lịch và lữ hành
14526,DCT,quan-tri-dich-vu-du-lich-va-lu-hanh,D01,Điểm thi THPT,2021,22.5,Quản trị dịch vụ du lịch và lữ hành
14527,DCT,quan-tri-dich-vu-du-lich-va-lu-hanh,D10,Điểm thi THPT,2021,22.5,Quản trị dịch vụ du lịch và lữ hành
14528,DCT,quan-tri-dich-vu-du-lich-va-lu-hanh,A00,Điểm học bạ,2022,25.0,Quản trị dịch vụ du lịch và lữ hành
14529,DCT,quan-tri-dich-vu-du-lich-va-lu-hanh,A01,Điểm học bạ,2022,25.0,Quản trị dịch vụ du lịch và lữ hành
14530,DCT,quan-tri-dich-vu-du-lich-va-lu-hanh,D01,Điểm học bạ,2022,25.0,Quản trị dịch vụ du lịch và lữ hành
14531,DCT,quan-tri-dich-vu-du-lich-va-lu-hanh,D10,Điểm học bạ,2022,25.0,Quản trị dịch vụ du lịch và lữ hành
14532,DCT,quan-tri-dich-vu-du-lich-va-lu-hanh,A00,Điểm thi THPT,2022,23.0,Quản trị dịch vụ du lịch và lữ hành
14533,DCT,quan-tri-dich-vu-du-lich-va-lu-hanh,A01,Điểm thi THPT,2022,23.0,Quản trị dịch vụ du lịch và lữ hành
14534,DCT,quan-tri-dich-vu-du-lich-va-lu-hanh,D01,Điểm thi THPT,2022,23.0,Quản trị dịch vụ du lịch và lữ hành
14535,DCT,quan-tri-dich-vu-du-lich-va-lu-hanh,D10,Điểm thi THPT,2022,23.0,Quản trị dịch vụ du lịch và lữ hành
14536,DCT,quan-tri-dich-vu-du-lich-va-lu-hanh,A00,Điểm học bạ,2023,22.0,Quản trị dịch vụ du lịch và lữ hành
14537,DCT,quan-tri-dich-vu-du-lich-va-lu-hanh,A01,Điểm học bạ,2023,22.0,Quản trị dịch vụ du lịch và lữ hành
14538,DCT,quan-tri-dich-vu-du-lich-va-lu-hanh,D01,Điểm học bạ,2023,22.0,Quản trị dịch vụ du lịch và lữ hành
14539,DCT,quan-tri-dich-vu-du-lich-va-lu-hanh,D15,Điểm học bạ,2023,22.0,Quản trị dịch vụ du lịch và lữ hành
14540,DCT,quan-tri-dich-vu-du-lich-va-lu-hanh,A00,Điểm thi THPT,2023,18.0,Quản trị dịch vụ du lịch và lữ hành
14541,DCT,quan-tri-dich-vu-du-lich-va-lu-hanh,A01,Điểm thi THPT,2023,18.0,Quản trị dịch vụ du lịch và lữ hành
14542,DCT,quan-tri-dich-vu-du-lich-va-lu-hanh,D01,Điểm thi THPT,2023,18.0,Quản trị dịch vụ du lịch và lữ hành
14543,DCT,quan-tri-dich-vu-du-lich-va-lu-hanh,D15,Điểm thi THPT,2023,18.0,Quản trị dịch vụ du lịch và lữ hành
14544,DCT,quan-tri-dich-vu-du-lich-va-lu-hanh,A00,Điểm học bạ,2024,22.0,Quản trị dịch vụ du lịch và lữ hành
14545,DCT,quan-tri-dich-vu-du-lich-va-lu-hanh,A01,Điểm học bạ,2024,22.0,Quản trị dịch vụ du lịch và lữ hành
14546,DCT,quan-tri-dich-vu-du-lich-va-lu-hanh,D01,Điểm học bạ,2024,22.0,Quản trị dịch vụ du lịch và lữ hành
14547,DCT,quan-tri-dich-vu-du-lich-va-lu-hanh,D15,Điểm học bạ,2024,22.0,Quản trị dịch vụ du lịch và lữ hành
14548,DCT,quan-tri-dich-vu-du-lich-va-lu-hanh,A00,Điểm thi THPT,2024,21.0,Quản trị dịch vụ du lịch và lữ hành
14549,DCT,quan-tri-dich-vu-du-lich-va-lu-hanh,A01,Điểm thi THPT,2024,21.0,Quản trị dịch vụ du lịch và lữ hành
14550,DCT,quan-tri-dich-vu-du-lich-va-lu-hanh,D01,Điểm thi THPT,2024,21.0,Quản trị dịch vụ du lịch và lữ hành
14551,DCT,quan-tri-dich-vu-du-lich-va-lu-hanh,D15,Điểm thi THPT,2024,21.0,Quản trị dịch vụ du lịch và lữ hành
14552,DCT,quan-tri-dich-vu-du-lich-va-lu-hanh,C00,Điểm học bạ,2025,25.9,Quản trị dịch vụ du lịch và lữ hành
14553,DCT,quan-tri-dich-vu-du-lich-va-lu-hanh,C03,Điểm học bạ,2025,25.9,Quản trị dịch vụ du lịch và lữ hành
14554,DCT,quan-tri-dich-vu-du-lich-va-lu-hanh,D01,Điểm học bạ,2025,25.9,Quản trị dịch vụ du lịch và lữ hành
14555,DCT,quan-tri-dich-vu-du-lich-va-lu-hanh,D15,Điểm học bạ,2025,25.9,Quản trị dịch vụ du lịch và lữ hành
14556,DCT,quan-tri-dich-vu-du-lich-va-lu-hanh,C00,Điểm thi THPT,2025,24.0,Quản trị dịch vụ du lịch và lữ hành
14557,DCT,quan-tri-dich-vu-du-lich-va-lu-hanh,C03,Điểm thi THPT,2025,24.0,Quản trị dịch vụ du lịch và lữ hành
14558,DCT,quan-tri-dich-vu-du-lich-va-lu-hanh,D01,Điểm thi THPT,2025,24.0,Quản trị dịch vụ du lịch và lữ hành
14559,DCT,quan-tri-dich-vu-du-lich-va-lu-hanh,D15,Điểm thi THPT,2025,24.0,Quản trị dịch vụ du lịch và lữ hành
14560,DCT,quan-tri-khach-san,A00,Điểm học bạ,2021,21.0,Quản trị khách sạn
14561,DCT,quan-tri-khach-san,A01,Điểm học bạ,2021,21.0,Quản trị khách sạn
14562,DCT,quan-tri-khach-san,D01,Điểm học bạ,2021,21.0,Quản trị khách sạn
14563,DCT,quan-tri-khach-san,D10,Điểm học bạ,2021,21.0,Quản trị khách sạn
14564,DCT,quan-tri-khach-san,A00,Điểm thi THPT,2021,22.5,Quản trị khách sạn
14565,DCT,quan-tri-khach-san,A01,Điểm thi THPT,2021,22.5,Quản trị khách sạn
14566,DCT,quan-tri-khach-san,D01,Điểm thi THPT,2021,22.5,Quản trị khách sạn
14567,DCT,quan-tri-khach-san,D10,Điểm thi THPT,2021,22.5,Quản trị khách sạn
14568,DCT,quan-tri-khach-san,A00,Điểm học bạ,2022,25.0,Quản trị khách sạn
14569,DCT,quan-tri-khach-san,A01,Điểm học bạ,2022,25.0,Quản trị khách sạn
14570,DCT,quan-tri-khach-san,D01,Điểm học bạ,2022,25.0,Quản trị khách sạn
14571,DCT,quan-tri-khach-san,D10,Điểm học bạ,2022,25.0,Quản trị khách sạn
14572,DCT,quan-tri-khach-san,A00,Điểm thi THPT,2022,22.5,Quản trị khách sạn
14573,DCT,quan-tri-khach-san,A01,Điểm thi THPT,2022,22.5,Quản trị khách sạn
14574,DCT,quan-tri-khach-san,D01,Điểm thi THPT,2022,22.5,Quản trị khách sạn
14575,DCT,quan-tri-khach-san,D10,Điểm thi THPT,2022,22.5,Quản trị khách sạn
14576,DCT,quan-tri-khach-san,A00,Điểm học bạ,2023,22.0,Quản trị khách sạn
14577,DCT,quan-tri-khach-san,A01,Điểm học bạ,2023,22.0,Quản trị khách sạn
14578,DCT,quan-tri-khach-san,D01,Điểm học bạ,2023,22.0,Quản trị khách sạn
14579,DCT,quan-tri-khach-san,D15,Điểm học bạ,2023,22.0,Quản trị khách sạn
14580,DCT,quan-tri-khach-san,A00,Điểm thi THPT,2023,18.0,Quản trị khách sạn
14581,DCT,quan-tri-khach-san,A01,Điểm thi THPT,2023,18.0,Quản trị khách sạn
14582,DCT,quan-tri-khach-san,D01,Điểm thi THPT,2023,18.0,Quản trị khách sạn
14583,DCT,quan-tri-khach-san,D15,Điểm thi THPT,2023,18.0,Quản trị khách sạn
14584,DCT,quan-tri-khach-san,A00,Điểm học bạ,2024,22.0,Quản trị khách sạn
14585,DCT,quan-tri-khach-san,A01,Điểm học bạ,2024,22.0,Quản trị khách sạn
14586,DCT,quan-tri-khach-san,D01,Điểm học bạ,2024,22.0,Quản trị khách sạn
14587,DCT,quan-tri-khach-san,D15,Điểm học bạ,2024,22.0,Quản trị khách sạn
14588,DCT,quan-tri-khach-san,A00,Điểm thi THPT,2024,21.0,Quản trị khách sạn
14589,DCT,quan-tri-khach-san,A01,Điểm thi THPT,2024,21.0,Quản trị khách sạn
14590,DCT,quan-tri-khach-san,D01,Điểm thi THPT,2024,21.0,Quản trị khách sạn
14591,DCT,quan-tri-khach-san,D15,Điểm thi THPT,2024,21.0,Quản trị khách sạn
14592,DCT,quan-tri-khach-san,C00,Điểm học bạ,2025,25.3,Quản trị khách sạn
14593,DCT,quan-tri-khach-san,C03,Điểm học bạ,2025,25.3,Quản trị khách sạn
14594,DCT,quan-tri-khach-san,D01,Điểm học bạ,2025,25.3,Quản trị khách sạn
14595,DCT,quan-tri-khach-san,D15,Điểm học bạ,2025,25.3,Quản trị khách sạn
14596,DCT,quan-tri-khach-san,C00,Điểm thi THPT,2025,23.5,Quản trị khách sạn
14597,DCT,quan-tri-khach-san,C03,Điểm thi THPT,2025,23.5,Quản trị khách sạn
14598,DCT,quan-tri-khach-san,D01,Điểm thi THPT,2025,23.5,Quản trị khách sạn
14599,DCT,quan-tri-khach-san,D15,Điểm thi THPT,2025,23.5,Quản trị khách sạn
14600,DCT,quan-tri-kinh-doanh,A00,Điểm học bạ,2021,18.0,Quản trị kinh doanh
14601,DCT,quan-tri-kinh-doanh,A01,Điểm học bạ,2021,18.0,Quản trị kinh doanh
14602,DCT,quan-tri-kinh-doanh,D01,Điểm học bạ,2021,18.0,Quản trị kinh doanh
14603,DCT,quan-tri-kinh-doanh,D10,Điểm học bạ,2021,18.0,Quản trị kinh doanh
14604,DCT,quan-tri-kinh-doanh,A00,Điểm thi THPT,2021,23.75,Quản trị kinh doanh
14605,DCT,quan-tri-kinh-doanh,A01,Điểm thi THPT,2021,23.75,Quản trị kinh doanh
14606,DCT,quan-tri-kinh-doanh,D01,Điểm thi THPT,2021,23.75,Quản trị kinh doanh
14607,DCT,quan-tri-kinh-doanh,D10,Điểm thi THPT,2021,23.75,Quản trị kinh doanh
14608,DCT,quan-tri-kinh-doanh,A00,Điểm học bạ,2022,26.0,Quản trị kinh doanh
14609,DCT,quan-tri-kinh-doanh,A01,Điểm học bạ,2022,26.0,Quản trị kinh doanh
14610,DCT,quan-tri-kinh-doanh,D01,Điểm học bạ,2022,26.0,Quản trị kinh doanh
14611,DCT,quan-tri-kinh-doanh,D10,Điểm học bạ,2022,26.0,Quản trị kinh doanh
14612,DCT,quan-tri-kinh-doanh,A00,Điểm thi THPT,2022,23.0,Quản trị kinh doanh
14613,DCT,quan-tri-kinh-doanh,A01,Điểm thi THPT,2022,23.0,Quản trị kinh doanh
14614,DCT,quan-tri-kinh-doanh,D01,Điểm thi THPT,2022,23.0,Quản trị kinh doanh
14615,DCT,quan-tri-kinh-doanh,D10,Điểm thi THPT,2022,23.0,Quản trị kinh doanh
14616,DCT,quan-tri-kinh-doanh,A00,Điểm học bạ,2023,23.5,Quản trị kinh doanh
14617,DCT,quan-tri-kinh-doanh,A01,Điểm học bạ,2023,23.5,Quản trị kinh doanh
14618,DCT,quan-tri-kinh-doanh,D01,Điểm học bạ,2023,23.5,Quản trị kinh doanh
14619,DCT,quan-tri-kinh-doanh,D10,Điểm học bạ,2023,23.5,Quản trị kinh doanh
14620,DCT,quan-tri-kinh-doanh,A00,Điểm thi THPT,2023,21.0,Quản trị kinh doanh
14621,DCT,quan-tri-kinh-doanh,A01,Điểm thi THPT,2023,21.0,Quản trị kinh doanh
14622,DCT,quan-tri-kinh-doanh,D01,Điểm thi THPT,2023,21.0,Quản trị kinh doanh
14623,DCT,quan-tri-kinh-doanh,D10,Điểm thi THPT,2023,21.0,Quản trị kinh doanh
14624,DCT,quan-tri-kinh-doanh,A00,Điểm học bạ,2024,23.5,Quản trị kinh doanh
14625,DCT,quan-tri-kinh-doanh,A01,Điểm học bạ,2024,23.5,Quản trị kinh doanh
14626,DCT,quan-tri-kinh-doanh,D01,Điểm học bạ,2024,23.5,Quản trị kinh doanh
14627,DCT,quan-tri-kinh-doanh,D10,Điểm học bạ,2024,23.5,Quản trị kinh doanh
14628,DCT,quan-tri-kinh-doanh,A00,Điểm thi THPT,2024,23.0,Quản trị kinh doanh
14629,DCT,quan-tri-kinh-doanh,A01,Điểm thi THPT,2024,23.0,Quản trị kinh doanh
14630,DCT,quan-tri-kinh-doanh,D01,Điểm thi THPT,2024,23.0,Quản trị kinh doanh
14631,DCT,quan-tri-kinh-doanh,D10,Điểm thi THPT,2024,23.0,Quản trị kinh doanh
14632,DCT,quan-tri-kinh-doanh,A00,Điểm học bạ,2025,24.8,Quản trị kinh doanh
14633,DCT,quan-tri-kinh-doanh,A01,Điểm học bạ,2025,24.8,Quản trị kinh doanh
14634,DCT,quan-tri-kinh-doanh,C01,Điểm học bạ,2025,24.8,Quản trị kinh doanh
14635,DCT,quan-tri-kinh-doanh,D01,Điểm học bạ,2025,24.8,Quản trị kinh doanh
14636,DCT,quan-tri-kinh-doanh,A00,Điểm thi THPT,2025,23.0,Quản trị kinh doanh
14637,DCT,quan-tri-kinh-doanh,A01,Điểm thi THPT,2025,23.0,Quản trị kinh doanh
14638,DCT,quan-tri-kinh-doanh,C01,Điểm thi THPT,2025,23.0,Quản trị kinh doanh
14639,DCT,quan-tri-kinh-doanh,D01,Điểm thi THPT,2025,23.0,Quản trị kinh doanh
14640,DCT,quan-tri-kinh-doanh-chuong-trinh-lien-ket-dai-hoc-shinawatra-thai-lan,A00,Điểm học bạ,2025,20.0,"Quản trị kinh doanh - Chương trình liên kết Đại học Shinawatra, Thái Lan (SIU)."
14641,DCT,quan-tri-kinh-doanh-chuong-trinh-lien-ket-dai-hoc-shinawatra-thai-lan,A01,Điểm học bạ,2025,20.0,"Quản trị kinh doanh - Chương trình liên kết Đại học Shinawatra, Thái Lan (SIU)."
14642,DCT,quan-tri-kinh-doanh-chuong-trinh-lien-ket-dai-hoc-shinawatra-thai-lan,B08,Điểm học bạ,2025,20.0,"Quản trị kinh doanh - Chương trình liên kết Đại học Shinawatra, Thái Lan (SIU)."
14643,DCT,quan-tri-kinh-doanh-chuong-trinh-lien-ket-dai-hoc-shinawatra-thai-lan,C01,Điểm học bạ,2025,20.0,"Quản trị kinh doanh - Chương trình liên kết Đại học Shinawatra, Thái Lan (SIU)."
14644,DCT,quan-tri-kinh-doanh-chuong-trinh-lien-ket-dai-hoc-shinawatra-thai-lan,D01,Điểm học bạ,2025,20.0,"Quản trị kinh doanh - Chương trình liên kết Đại học Shinawatra, Thái Lan (SIU)."
14645,DCT,quan-tri-kinh-doanh-chuong-trinh-lien-ket-dai-hoc-shinawatra-thai-lan,D07,Điểm học bạ,2025,20.0,"Quản trị kinh doanh - Chương trình liên kết Đại học Shinawatra, Thái Lan (SIU)."
14646,DCT,quan-tri-kinh-doanh-chuong-trinh-lien-ket-dai-hoc-shinawatra-thai-lan,D09,Điểm học bạ,2025,20.0,"Quản trị kinh doanh - Chương trình liên kết Đại học Shinawatra, Thái Lan (SIU)."
14647,DCT,quan-tri-kinh-doanh-chuong-trinh-lien-ket-dai-hoc-shinawatra-thai-lan,D14,Điểm học bạ,2025,20.0,"Quản trị kinh doanh - Chương trình liên kết Đại học Shinawatra, Thái Lan (SIU)."
14648,DCT,quan-tri-kinh-doanh-chuong-trinh-lien-ket-dai-hoc-shinawatra-thai-lan,D15,Điểm học bạ,2025,20.0,"Quản trị kinh doanh - Chương trình liên kết Đại học Shinawatra, Thái Lan (SIU)."
14649,DCT,quan-tri-kinh-doanh-chuong-trinh-lien-ket-dai-hoc-shinawatra-thai-lan,X26,Điểm học bạ,2025,20.0,"Quản trị kinh doanh - Chương trình liên kết Đại học Shinawatra, Thái Lan (SIU)."
14650,DCT,quan-tri-kinh-doanh-chuong-trinh-lien-ket-dai-hoc-shinawatra-thai-lan,A00,Điểm thi THPT,2025,16.0,"Quản trị kinh doanh - Chương trình liên kết Đại học Shinawatra, Thái Lan (SIU)."
14651,DCT,quan-tri-kinh-doanh-chuong-trinh-lien-ket-dai-hoc-shinawatra-thai-lan,A01,Điểm thi THPT,2025,16.0,"Quản trị kinh doanh - Chương trình liên kết Đại học Shinawatra, Thái Lan (SIU)."
14652,DCT,quan-tri-kinh-doanh-chuong-trinh-lien-ket-dai-hoc-shinawatra-thai-lan,C01,Điểm thi THPT,2025,16.0,"Quản trị kinh doanh - Chương trình liên kết Đại học Shinawatra, Thái Lan (SIU)."
14653,DCT,quan-tri-kinh-doanh-chuong-trinh-lien-ket-dai-hoc-shinawatra-thai-lan,D01,Điểm thi THPT,2025,16.0,"Quản trị kinh doanh - Chương trình liên kết Đại học Shinawatra, Thái Lan (SIU)."
14654,DCT,quan-tri-kinh-doanh-thuc-pham,A00,Điểm học bạ,2021,20.0,Quản trị kinh doanh thực phẩm
14655,DCT,quan-tri-kinh-doanh-thuc-pham,A01,Điểm học bạ,2021,20.0,Quản trị kinh doanh thực phẩm
14656,DCT,quan-tri-kinh-doanh-thuc-pham,D01,Điểm học bạ,2021,20.0,Quản trị kinh doanh thực phẩm
14657,DCT,quan-tri-kinh-doanh-thuc-pham,D10,Điểm học bạ,2021,20.0,Quản trị kinh doanh thực phẩm
14658,DCT,quan-tri-kinh-doanh-thuc-pham,A00,Điểm thi THPT,2021,20.0,Quản trị kinh doanh thực phẩm
14659,DCT,quan-tri-kinh-doanh-thuc-pham,A01,Điểm thi THPT,2021,20.0,Quản trị kinh doanh thực phẩm
14660,DCT,quan-tri-kinh-doanh-thuc-pham,D01,Điểm thi THPT,2021,20.0,Quản trị kinh doanh thực phẩm
14661,DCT,quan-tri-kinh-doanh-thuc-pham,D10,Điểm thi THPT,2021,20.0,Quản trị kinh doanh thực phẩm
14662,DCT,quan-tri-kinh-doanh-thuc-pham,A00,Điểm học bạ,2022,23.5,Quản trị kinh doanh thực phẩm
14663,DCT,quan-tri-kinh-doanh-thuc-pham,A01,Điểm học bạ,2022,23.5,Quản trị kinh doanh thực phẩm
14664,DCT,quan-tri-kinh-doanh-thuc-pham,D01,Điểm học bạ,2022,23.5,Quản trị kinh doanh thực phẩm
14665,DCT,quan-tri-kinh-doanh-thuc-pham,D10,Điểm học bạ,2022,23.5,Quản trị kinh doanh thực phẩm
14666,DCT,quan-tri-kinh-doanh-thuc-pham,A00,Điểm thi THPT,2022,21.75,Quản trị kinh doanh thực phẩm
14667,DCT,quan-tri-kinh-doanh-thuc-pham,A01,Điểm thi THPT,2022,21.75,Quản trị kinh doanh thực phẩm
14668,DCT,quan-tri-kinh-doanh-thuc-pham,D01,Điểm thi THPT,2022,21.75,Quản trị kinh doanh thực phẩm
14669,DCT,quan-tri-kinh-doanh-thuc-pham,D10,Điểm thi THPT,2022,21.75,Quản trị kinh doanh thực phẩm
14670,DCT,quan-tri-kinh-doanh-thuc-pham,A00,Điểm học bạ,2023,21.0,Quản trị kinh doanh thực phẩm
14671,DCT,quan-tri-kinh-doanh-thuc-pham,A01,Điểm học bạ,2023,21.0,Quản trị kinh doanh thực phẩm
14672,DCT,quan-tri-kinh-doanh-thuc-pham,D01,Điểm học bạ,2023,21.0,Quản trị kinh doanh thực phẩm
14673,DCT,quan-tri-kinh-doanh-thuc-pham,D10,Điểm học bạ,2023,21.0,Quản trị kinh doanh thực phẩm
14674,DCT,quan-tri-kinh-doanh-thuc-pham,A00,Điểm thi THPT,2023,18.0,Quản trị kinh doanh thực phẩm
14675,DCT,quan-tri-kinh-doanh-thuc-pham,A01,Điểm thi THPT,2023,18.0,Quản trị kinh doanh thực phẩm
14676,DCT,quan-tri-kinh-doanh-thuc-pham,D01,Điểm thi THPT,2023,18.0,Quản trị kinh doanh thực phẩm
14677,DCT,quan-tri-kinh-doanh-thuc-pham,D10,Điểm thi THPT,2023,18.0,Quản trị kinh doanh thực phẩm
14678,DCT,quan-tri-kinh-doanh-thuc-pham,A00,Điểm học bạ,2024,21.0,Quản trị kinh doanh thực phẩm
14679,DCT,quan-tri-kinh-doanh-thuc-pham,A01,Điểm học bạ,2024,21.0,Quản trị kinh doanh thực phẩm
14680,DCT,quan-tri-kinh-doanh-thuc-pham,D01,Điểm học bạ,2024,21.0,Quản trị kinh doanh thực phẩm
14681,DCT,quan-tri-kinh-doanh-thuc-pham,D10,Điểm học bạ,2024,21.0,Quản trị kinh doanh thực phẩm
14682,DCT,quan-tri-kinh-doanh-thuc-pham,A00,Điểm thi THPT,2024,20.0,Quản trị kinh doanh thực phẩm
14683,DCT,quan-tri-kinh-doanh-thuc-pham,A01,Điểm thi THPT,2024,20.0,Quản trị kinh doanh thực phẩm
14684,DCT,quan-tri-kinh-doanh-thuc-pham,D01,Điểm thi THPT,2024,20.0,Quản trị kinh doanh thực phẩm
14685,DCT,quan-tri-kinh-doanh-thuc-pham,D10,Điểm thi THPT,2024,20.0,Quản trị kinh doanh thực phẩm
14686,DCT,quan-tri-kinh-doanh-thuc-pham,B00,Điểm học bạ,2025,22.5,Quản trị kinh doanh thực phẩm
14687,DCT,quan-tri-kinh-doanh-thuc-pham,C02,Điểm học bạ,2025,22.5,Quản trị kinh doanh thực phẩm
14688,DCT,quan-tri-kinh-doanh-thuc-pham,D01,Điểm học bạ,2025,22.5,Quản trị kinh doanh thực phẩm
14689,DCT,quan-tri-kinh-doanh-thuc-pham,D07,Điểm học bạ,2025,22.5,Quản trị kinh doanh thực phẩm
14690,DCT,quan-tri-kinh-doanh-thuc-pham,B00,Điểm thi THPT,2025,20.5,Quản trị kinh doanh thực phẩm
14691,DCT,quan-tri-kinh-doanh-thuc-pham,C02,Điểm thi THPT,2025,20.5,Quản trị kinh doanh thực phẩm
14692,DCT,quan-tri-kinh-doanh-thuc-pham,D01,Điểm thi THPT,2025,20.5,Quản trị kinh doanh thực phẩm
14693,DCT,quan-tri-kinh-doanh-thuc-pham,D07,Điểm thi THPT,2025,20.5,Quản trị kinh doanh thực phẩm
14694,DCT,quan-tri-nha-hang-va-dich-vu-an-uong,A00,Điểm học bạ,2021,22.0,Quản trị nhà hàng và dịch vụ ăn uống
14695,DCT,quan-tri-nha-hang-va-dich-vu-an-uong,A01,Điểm học bạ,2021,22.0,Quản trị nhà hàng và dịch vụ ăn uống
14696,DCT,quan-tri-nha-hang-va-dich-vu-an-uong,D01,Điểm học bạ,2021,22.0,Quản trị nhà hàng và dịch vụ ăn uống
14697,DCT,quan-tri-nha-hang-va-dich-vu-an-uong,D10,Điểm học bạ,2021,22.0,Quản trị nhà hàng và dịch vụ ăn uống
14698,DCT,quan-tri-nha-hang-va-dich-vu-an-uong,A00,Điểm thi THPT,2021,22.5,Quản trị nhà hàng và dịch vụ ăn uống
14699,DCT,quan-tri-nha-hang-va-dich-vu-an-uong,A01,Điểm thi THPT,2021,22.5,Quản trị nhà hàng và dịch vụ ăn uống
14700,DCT,quan-tri-nha-hang-va-dich-vu-an-uong,D01,Điểm thi THPT,2021,22.5,Quản trị nhà hàng và dịch vụ ăn uống
14701,DCT,quan-tri-nha-hang-va-dich-vu-an-uong,D10,Điểm thi THPT,2021,22.5,Quản trị nhà hàng và dịch vụ ăn uống
14702,DCT,quan-tri-nha-hang-va-dich-vu-an-uong,A00,Điểm học bạ,2022,24.0,Quản trị nhà hàng và dịch vụ ăn uống
14703,DCT,quan-tri-nha-hang-va-dich-vu-an-uong,A01,Điểm học bạ,2022,24.0,Quản trị nhà hàng và dịch vụ ăn uống
14704,DCT,quan-tri-nha-hang-va-dich-vu-an-uong,D01,Điểm học bạ,2022,24.0,Quản trị nhà hàng và dịch vụ ăn uống
14705,DCT,quan-tri-nha-hang-va-dich-vu-an-uong,D10,Điểm học bạ,2022,24.0,Quản trị nhà hàng và dịch vụ ăn uống
14706,DCT,quan-tri-nha-hang-va-dich-vu-an-uong,A00,Điểm thi THPT,2022,22.5,Quản trị nhà hàng và dịch vụ ăn uống
14707,DCT,quan-tri-nha-hang-va-dich-vu-an-uong,A01,Điểm thi THPT,2022,22.5,Quản trị nhà hàng và dịch vụ ăn uống
14708,DCT,quan-tri-nha-hang-va-dich-vu-an-uong,D01,Điểm thi THPT,2022,22.5,Quản trị nhà hàng và dịch vụ ăn uống
14709,DCT,quan-tri-nha-hang-va-dich-vu-an-uong,D10,Điểm thi THPT,2022,22.5,Quản trị nhà hàng và dịch vụ ăn uống
14710,DCT,quan-tri-nha-hang-va-dich-vu-an-uong,A00,Điểm học bạ,2023,22.0,Quản trị nhà hàng và dịch vụ ăn uống
14711,DCT,quan-tri-nha-hang-va-dich-vu-an-uong,A01,Điểm học bạ,2023,22.0,Quản trị nhà hàng và dịch vụ ăn uống
14712,DCT,quan-tri-nha-hang-va-dich-vu-an-uong,D01,Điểm học bạ,2023,22.0,Quản trị nhà hàng và dịch vụ ăn uống
14713,DCT,quan-tri-nha-hang-va-dich-vu-an-uong,D15,Điểm học bạ,2023,22.0,Quản trị nhà hàng và dịch vụ ăn uống
14714,DCT,quan-tri-nha-hang-va-dich-vu-an-uong,A00,Điểm thi THPT,2023,18.0,Quản trị nhà hàng và dịch vụ ăn uống
14715,DCT,quan-tri-nha-hang-va-dich-vu-an-uong,A01,Điểm thi THPT,2023,18.0,Quản trị nhà hàng và dịch vụ ăn uống
14716,DCT,quan-tri-nha-hang-va-dich-vu-an-uong,D01,Điểm thi THPT,2023,18.0,Quản trị nhà hàng và dịch vụ ăn uống
14717,DCT,quan-tri-nha-hang-va-dich-vu-an-uong,D15,Điểm thi THPT,2023,18.0,Quản trị nhà hàng và dịch vụ ăn uống
14718,DCT,quan-tri-nha-hang-va-dich-vu-an-uong,A00,Điểm học bạ,2024,22.0,Quản trị nhà hàng và dịch vụ ăn uống
14719,DCT,quan-tri-nha-hang-va-dich-vu-an-uong,A01,Điểm học bạ,2024,22.0,Quản trị nhà hàng và dịch vụ ăn uống
14720,DCT,quan-tri-nha-hang-va-dich-vu-an-uong,D01,Điểm học bạ,2024,22.0,Quản trị nhà hàng và dịch vụ ăn uống
14721,DCT,quan-tri-nha-hang-va-dich-vu-an-uong,D15,Điểm học bạ,2024,22.0,Quản trị nhà hàng và dịch vụ ăn uống
14722,DCT,quan-tri-nha-hang-va-dich-vu-an-uong,A00,Điểm thi THPT,2024,21.0,Quản trị nhà hàng và dịch vụ ăn uống
14723,DCT,quan-tri-nha-hang-va-dich-vu-an-uong,A01,Điểm thi THPT,2024,21.0,Quản trị nhà hàng và dịch vụ ăn uống
14724,DCT,quan-tri-nha-hang-va-dich-vu-an-uong,D01,Điểm thi THPT,2024,21.0,Quản trị nhà hàng và dịch vụ ăn uống
14725,DCT,quan-tri-nha-hang-va-dich-vu-an-uong,D15,Điểm thi THPT,2024,21.0,Quản trị nhà hàng và dịch vụ ăn uống
14726,DCT,quan-tri-nha-hang-va-dich-vu-an-uong,C00,Điểm học bạ,2025,25.3,Quản trị nhà hàng và dịch vụ ăn uống
14727,DCT,quan-tri-nha-hang-va-dich-vu-an-uong,C03,Điểm học bạ,2025,25.3,Quản trị nhà hàng và dịch vụ ăn uống
14728,DCT,quan-tri-nha-hang-va-dich-vu-an-uong,D01,Điểm học bạ,2025,25.3,Quản trị nhà hàng và dịch vụ ăn uống
14729,DCT,quan-tri-nha-hang-va-dich-vu-an-uong,D15,Điểm học bạ,2025,25.3,Quản trị nhà hàng và dịch vụ ăn uống
14730,DCT,quan-tri-nha-hang-va-dich-vu-an-uong,C00,Điểm thi THPT,2025,23.5,Quản trị nhà hàng và dịch vụ ăn uống
14731,DCT,quan-tri-nha-hang-va-dich-vu-an-uong,C03,Điểm thi THPT,2025,23.5,Quản trị nhà hàng và dịch vụ ăn uống
14732,DCT,quan-tri-nha-hang-va-dich-vu-an-uong,D01,Điểm thi THPT,2025,23.5,Quản trị nhà hàng và dịch vụ ăn uống
14733,DCT,quan-tri-nha-hang-va-dich-vu-an-uong,D15,Điểm thi THPT,2025,23.5,Quản trị nhà hàng và dịch vụ ăn uống
14734,DCT,tai-chinh-ngan-hang,A00,Điểm học bạ,2021,21.5,Tài chính ngân hàng
14735,DCT,tai-chinh-ngan-hang,A01,Điểm học bạ,2021,21.5,Tài chính ngân hàng
14736,DCT,tai-chinh-ngan-hang,D01,Điểm học bạ,2021,21.5,Tài chính ngân hàng
14737,DCT,tai-chinh-ngan-hang,D10,Điểm học bạ,2021,21.5,Tài chính ngân hàng
14738,DCT,tai-chinh-ngan-hang,A00,Điểm thi THPT,2021,22.75,Tài chính ngân hàng
14739,DCT,tai-chinh-ngan-hang,A01,Điểm thi THPT,2021,22.75,Tài chính ngân hàng
14740,DCT,tai-chinh-ngan-hang,D01,Điểm thi THPT,2021,22.75,Tài chính ngân hàng
14741,DCT,tai-chinh-ngan-hang,D10,Điểm thi THPT,2021,22.75,Tài chính ngân hàng
14742,DCT,tai-chinh-ngan-hang,A00,Điểm học bạ,2022,26.5,Tài chính ngân hàng
14743,DCT,tai-chinh-ngan-hang,A01,Điểm học bạ,2022,26.5,Tài chính ngân hàng
14744,DCT,tai-chinh-ngan-hang,D01,Điểm học bạ,2022,26.5,Tài chính ngân hàng
14745,DCT,tai-chinh-ngan-hang,D10,Điểm học bạ,2022,26.5,Tài chính ngân hàng
14746,DCT,tai-chinh-ngan-hang,A00,Điểm thi THPT,2022,23.5,Tài chính ngân hàng
14747,DCT,tai-chinh-ngan-hang,A01,Điểm thi THPT,2022,23.5,Tài chính ngân hàng
14748,DCT,tai-chinh-ngan-hang,D01,Điểm thi THPT,2022,23.5,Tài chính ngân hàng
14749,DCT,tai-chinh-ngan-hang,D10,Điểm thi THPT,2022,23.5,Tài chính ngân hàng
14750,DCT,tai-chinh-ngan-hang,A00,Điểm học bạ,2023,23.0,Tài chính ngân hàng
14751,DCT,tai-chinh-ngan-hang,A01,Điểm học bạ,2023,23.0,Tài chính ngân hàng
14752,DCT,tai-chinh-ngan-hang,D01,Điểm học bạ,2023,23.0,Tài chính ngân hàng
14753,DCT,tai-chinh-ngan-hang,D10,Điểm học bạ,2023,23.0,Tài chính ngân hàng
14754,DCT,tai-chinh-ngan-hang,A00,Điểm thi THPT,2023,20.5,Tài chính ngân hàng
14755,DCT,tai-chinh-ngan-hang,A01,Điểm thi THPT,2023,20.5,Tài chính ngân hàng
14756,DCT,tai-chinh-ngan-hang,D01,Điểm thi THPT,2023,20.5,Tài chính ngân hàng
14757,DCT,tai-chinh-ngan-hang,D10,Điểm thi THPT,2023,20.5,Tài chính ngân hàng
14758,DCT,tai-chinh-ngan-hang,A00,Điểm học bạ,2024,24.5,Tài chính ngân hàng
14759,DCT,tai-chinh-ngan-hang,A01,Điểm học bạ,2024,24.5,Tài chính ngân hàng
14760,DCT,tai-chinh-ngan-hang,D01,Điểm học bạ,2024,24.5,Tài chính ngân hàng
14761,DCT,tai-chinh-ngan-hang,D10,Điểm học bạ,2024,24.5,Tài chính ngân hàng
14762,DCT,tai-chinh-ngan-hang,A00,Điểm thi THPT,2024,23.0,Tài chính ngân hàng
14763,DCT,tai-chinh-ngan-hang,A01,Điểm thi THPT,2024,23.0,Tài chính ngân hàng
14764,DCT,tai-chinh-ngan-hang,D01,Điểm thi THPT,2024,23.0,Tài chính ngân hàng
14765,DCT,tai-chinh-ngan-hang,D10,Điểm thi THPT,2024,23.0,Tài chính ngân hàng
14766,DCT,tai-chinh-ngan-hang,A00,Điểm học bạ,2025,25.3,Tài chính ngân hàng
14767,DCT,tai-chinh-ngan-hang,A01,Điểm học bạ,2025,25.3,Tài chính ngân hàng
14768,DCT,tai-chinh-ngan-hang,C01,Điểm học bạ,2025,25.3,Tài chính ngân hàng
14769,DCT,tai-chinh-ngan-hang,D01,Điểm học bạ,2025,25.3,Tài chính ngân hàng
14770,DCT,tai-chinh-ngan-hang,A00,Điểm thi THPT,2025,23.5,Tài chính ngân hàng
14771,DCT,tai-chinh-ngan-hang,A01,Điểm thi THPT,2025,23.5,Tài chính ngân hàng
14772,DCT,tai-chinh-ngan-hang,C01,Điểm thi THPT,2025,23.5,Tài chính ngân hàng
14773,DCT,tai-chinh-ngan-hang,D01,Điểm thi THPT,2025,23.5,Tài chính ngân hàng
14774,DCT,thuong-mai-dien-tu,A00,Điểm học bạ,2023,23.0,Thương mại điện tử
14775,DCT,thuong-mai-dien-tu,A01,Điểm học bạ,2023,23.0,Thương mại điện tử
14776,DCT,thuong-mai-dien-tu,D01,Điểm học bạ,2023,23.0,Thương mại điện tử
14777,DCT,thuong-mai-dien-tu,D10,Điểm học bạ,2023,23.0,Thương mại điện tử
14778,DCT,thuong-mai-dien-tu,A00,Điểm thi THPT,2023,22.0,Thương mại điện tử
14779,DCT,thuong-mai-dien-tu,A01,Điểm thi THPT,2023,22.0,Thương mại điện tử
14780,DCT,thuong-mai-dien-tu,D01,Điểm thi THPT,2023,22.0,Thương mại điện tử
14781,DCT,thuong-mai-dien-tu,D10,Điểm thi THPT,2023,22.0,Thương mại điện tử
14782,DCT,thuong-mai-dien-tu,A00,Điểm học bạ,2024,24.0,Thương mại điện tử
14783,DCT,thuong-mai-dien-tu,A01,Điểm học bạ,2024,24.0,Thương mại điện tử
14784,DCT,thuong-mai-dien-tu,D01,Điểm học bạ,2024,24.0,Thương mại điện tử
14785,DCT,thuong-mai-dien-tu,D10,Điểm học bạ,2024,24.0,Thương mại điện tử
14786,DCT,thuong-mai-dien-tu,A00,Điểm thi THPT,2024,23.75,Thương mại điện tử
14787,DCT,thuong-mai-dien-tu,A01,Điểm thi THPT,2024,23.75,Thương mại điện tử
14788,DCT,thuong-mai-dien-tu,D01,Điểm thi THPT,2024,23.75,Thương mại điện tử
14789,DCT,thuong-mai-dien-tu,D10,Điểm thi THPT,2024,23.75,Thương mại điện tử
14790,DCT,thuong-mai-dien-tu,A00,Điểm học bạ,2025,25.6,Thương mại điện tử
14791,DCT,thuong-mai-dien-tu,A01,Điểm học bạ,2025,25.6,Thương mại điện tử
14792,DCT,thuong-mai-dien-tu,C01,Điểm học bạ,2025,25.6,Thương mại điện tử
14793,DCT,thuong-mai-dien-tu,D01,Điểm học bạ,2025,25.6,Thương mại điện tử
14794,DCT,thuong-mai-dien-tu,A00,Điểm thi THPT,2025,23.75,Thương mại điện tử
14795,DCT,thuong-mai-dien-tu,A01,Điểm thi THPT,2025,23.75,Thương mại điện tử
14796,DCT,thuong-mai-dien-tu,C01,Điểm thi THPT,2025,23.75,Thương mại điện tử
14797,DCT,thuong-mai-dien-tu,D01,Điểm thi THPT,2025,23.75,Thương mại điện tử
14798,DCV,cong-nghe-ky-thuat-co-khi,A00,Điểm thi THPT,2021,15.9,Công nghệ kỹ thuật cơ khí
14799,DCV,cong-nghe-ky-thuat-co-khi,A01,Điểm thi THPT,2021,15.9,Công nghệ kỹ thuật cơ khí
14800,DCV,cong-nghe-ky-thuat-co-khi,D01,Điểm thi THPT,2021,15.9,Công nghệ kỹ thuật cơ khí
14801,DCV,cong-nghe-ky-thuat-co-khi,D07,Điểm thi THPT,2021,15.9,Công nghệ kỹ thuật cơ khí
14802,DCV,cong-nghe-ky-thuat-co-khi,A00,Điểm học bạ,2022,17.0,Công nghệ kỹ thuật cơ khí
14803,DCV,cong-nghe-ky-thuat-co-khi,A01,Điểm học bạ,2022,17.0,Công nghệ kỹ thuật cơ khí
14804,DCV,cong-nghe-ky-thuat-co-khi,D01,Điểm học bạ,2022,17.0,Công nghệ kỹ thuật cơ khí
14805,DCV,cong-nghe-ky-thuat-co-khi,D07,Điểm học bạ,2022,17.0,Công nghệ kỹ thuật cơ khí
14806,DCV,cong-nghe-ky-thuat-co-khi,A00,Điểm thi THPT,2022,15.0,Công nghệ kỹ thuật cơ khí
14807,DCV,cong-nghe-ky-thuat-co-khi,A01,Điểm thi THPT,2022,15.0,Công nghệ kỹ thuật cơ khí
14808,DCV,cong-nghe-ky-thuat-co-khi,D01,Điểm thi THPT,2022,15.0,Công nghệ kỹ thuật cơ khí
14809,DCV,cong-nghe-ky-thuat-co-khi,D07,Điểm thi THPT,2022,15.0,Công nghệ kỹ thuật cơ khí
14810,DCV,cong-nghe-ky-thuat-co-khi,A00,Điểm học bạ,2023,18.0,Công nghệ kỹ thuật cơ khí
14811,DCV,cong-nghe-ky-thuat-co-khi,A01,Điểm học bạ,2023,18.0,Công nghệ kỹ thuật cơ khí
14812,DCV,cong-nghe-ky-thuat-co-khi,D01,Điểm học bạ,2023,18.0,Công nghệ kỹ thuật cơ khí
14813,DCV,cong-nghe-ky-thuat-co-khi,D07,Điểm học bạ,2023,18.0,Công nghệ kỹ thuật cơ khí
14814,DCV,cong-nghe-ky-thuat-co-khi,A00,Điểm thi THPT,2023,15.0,Công nghệ kỹ thuật Cơ khí
14815,DCV,cong-nghe-ky-thuat-co-khi,A01,Điểm thi THPT,2023,15.0,Công nghệ kỹ thuật Cơ khí
14816,DCV,cong-nghe-ky-thuat-co-khi,D01,Điểm thi THPT,2023,15.0,Công nghệ kỹ thuật Cơ khí
14817,DCV,cong-nghe-ky-thuat-co-khi,D07,Điểm thi THPT,2023,15.0,Công nghệ kỹ thuật Cơ khí
14818,DCV,cong-nghe-ky-thuat-dien-dien-tu,A00,Điểm thi THPT,2021,15.2,Công nghệ kỹ thuật điện - điện tử
14819,DCV,cong-nghe-ky-thuat-dien-dien-tu,A01,Điểm thi THPT,2021,15.2,Công nghệ kỹ thuật điện - điện tử
14820,DCV,cong-nghe-ky-thuat-dien-dien-tu,D01,Điểm thi THPT,2021,15.2,Công nghệ kỹ thuật điện - điện tử
14821,DCV,cong-nghe-ky-thuat-dien-dien-tu,D07,Điểm thi THPT,2021,15.2,Công nghệ kỹ thuật điện - điện tử
14822,DCV,cong-nghe-ky-thuat-dien-dien-tu,A00,Điểm học bạ,2022,17.0,Công nghệ kỹ thuật điện - điện tử
14823,DCV,cong-nghe-ky-thuat-dien-dien-tu,A01,Điểm học bạ,2022,17.0,Công nghệ kỹ thuật điện - điện tử
14824,DCV,cong-nghe-ky-thuat-dien-dien-tu,D01,Điểm học bạ,2022,17.0,Công nghệ kỹ thuật điện - điện tử
14825,DCV,cong-nghe-ky-thuat-dien-dien-tu,D07,Điểm học bạ,2022,17.0,Công nghệ kỹ thuật điện - điện tử
14826,DCV,cong-nghe-ky-thuat-dien-dien-tu,A00,Điểm thi THPT,2022,15.0,Công nghệ kỹ thuật điện - điện tử
14827,DCV,cong-nghe-ky-thuat-dien-dien-tu,A01,Điểm thi THPT,2022,15.0,Công nghệ kỹ thuật điện - điện tử
14828,DCV,cong-nghe-ky-thuat-dien-dien-tu,D01,Điểm thi THPT,2022,15.0,Công nghệ kỹ thuật điện - điện tử
14829,DCV,cong-nghe-ky-thuat-dien-dien-tu,D07,Điểm thi THPT,2022,15.0,Công nghệ kỹ thuật điện - điện tử
14830,DCV,cong-nghe-ky-thuat-dien-dien-tu,A00,Điểm học bạ,2023,18.0,Công nghệ kỹ thuật điện - điện tử
14831,DCV,cong-nghe-ky-thuat-dien-dien-tu,A01,Điểm học bạ,2023,18.0,Công nghệ kỹ thuật điện - điện tử
14832,DCV,cong-nghe-ky-thuat-dien-dien-tu,D01,Điểm học bạ,2023,18.0,Công nghệ kỹ thuật điện - điện tử
14833,DCV,cong-nghe-ky-thuat-dien-dien-tu,D07,Điểm học bạ,2023,18.0,Công nghệ kỹ thuật điện - điện tử
14834,DCV,cong-nghe-ky-thuat-dien-dien-tu,A00,Điểm thi THPT,2023,15.0,"Công nghệ kỹ thuật Điện, Điện tử"
14835,DCV,cong-nghe-ky-thuat-dien-dien-tu,A01,Điểm thi THPT,2023,15.0,"Công nghệ kỹ thuật Điện, Điện tử"
14836,DCV,cong-nghe-ky-thuat-dien-dien-tu,D01,Điểm thi THPT,2023,15.0,"Công nghệ kỹ thuật Điện, Điện tử"
14837,DCV,cong-nghe-ky-thuat-dien-dien-tu,D07,Điểm thi THPT,2023,15.0,"Công nghệ kỹ thuật Điện, Điện tử"
14838,DCV,cong-nghe-ky-thuat-dien-dien-tu,A00,Điểm học bạ,2024,19.0,"Công nghệ kỹ thuật Điện, Điện tử"
14839,DCV,cong-nghe-ky-thuat-dien-dien-tu,A01,Điểm học bạ,2024,19.0,"Công nghệ kỹ thuật Điện, Điện tử"
14840,DCV,cong-nghe-ky-thuat-dien-dien-tu,D01,Điểm học bạ,2024,19.0,"Công nghệ kỹ thuật Điện, Điện tử"
14841,DCV,cong-nghe-ky-thuat-dien-dien-tu,D07,Điểm học bạ,2024,19.0,"Công nghệ kỹ thuật Điện, Điện tử"
14842,DCV,cong-nghe-ky-thuat-dien-dien-tu,A00,Điểm thi THPT,2024,20.0,Công nghệ kỹ thuật Điện - Điện tử
14843,DCV,cong-nghe-ky-thuat-dien-dien-tu,A01,Điểm thi THPT,2024,20.0,Công nghệ kỹ thuật Điện - Điện tử
14844,DCV,cong-nghe-ky-thuat-dien-dien-tu,D01,Điểm thi THPT,2024,20.0,Công nghệ kỹ thuật Điện - Điện tử
14845,DCV,cong-nghe-ky-thuat-dien-dien-tu,D07,Điểm thi THPT,2024,20.0,Công nghệ kỹ thuật Điện - Điện tử
14846,DCV,cong-nghe-ky-thuat-dien-dien-tu,A00,Điểm học bạ,2025,18.0,Công nghệ kỹ thuật điện điện tử
14847,DCV,cong-nghe-ky-thuat-dien-dien-tu,A01,Điểm học bạ,2025,18.0,Công nghệ kỹ thuật điện điện tử
14848,DCV,cong-nghe-ky-thuat-dien-dien-tu,C01,Điểm học bạ,2025,18.0,Công nghệ kỹ thuật điện điện tử
14849,DCV,cong-nghe-ky-thuat-dien-dien-tu,C02,Điểm học bạ,2025,18.0,Công nghệ kỹ thuật điện điện tử
14850,DCV,cong-nghe-ky-thuat-dien-dien-tu,D01,Điểm học bạ,2025,18.0,Công nghệ kỹ thuật điện điện tử
14851,DCV,cong-nghe-ky-thuat-dien-dien-tu,D07,Điểm học bạ,2025,18.0,Công nghệ kỹ thuật điện điện tử
14852,DCV,cong-nghe-ky-thuat-dien-dien-tu,X02,Điểm học bạ,2025,18.0,Công nghệ kỹ thuật điện điện tử
14853,DCV,cong-nghe-ky-thuat-dien-dien-tu,X03,Điểm học bạ,2025,18.0,Công nghệ kỹ thuật điện điện tử
14854,DCV,cong-nghe-ky-thuat-dien-dien-tu,A00,Điểm thi THPT,2025,15.0,Công nghệ kỹ thuật điện điện tử
14855,DCV,cong-nghe-ky-thuat-dien-dien-tu,A01,Điểm thi THPT,2025,15.0,Công nghệ kỹ thuật điện điện tử
14856,DCV,cong-nghe-ky-thuat-dien-dien-tu,C01,Điểm thi THPT,2025,15.0,Công nghệ kỹ thuật điện điện tử
14857,DCV,cong-nghe-ky-thuat-dien-dien-tu,C02,Điểm thi THPT,2025,15.0,Công nghệ kỹ thuật điện điện tử
14858,DCV,cong-nghe-ky-thuat-dien-dien-tu,D01,Điểm thi THPT,2025,15.0,Công nghệ kỹ thuật điện điện tử
14859,DCV,cong-nghe-ky-thuat-dien-dien-tu,D07,Điểm thi THPT,2025,15.0,Công nghệ kỹ thuật điện điện tử
14860,DCV,cong-nghe-ky-thuat-dien-dien-tu,X02,Điểm thi THPT,2025,15.0,Công nghệ kỹ thuật điện điện tử
14861,DCV,cong-nghe-ky-thuat-dien-dien-tu,X03,Điểm thi THPT,2025,15.0,Công nghệ kỹ thuật điện điện tử
14862,DCV,cong-nghe-ky-thuat-dieu-khien-va-tu-dong-hoa,A00,Điểm thi THPT,2021,15.05,Công nghệ kỹ thuật điều khiển và tự động hoá
14863,DCV,cong-nghe-ky-thuat-dieu-khien-va-tu-dong-hoa,A01,Điểm thi THPT,2021,15.05,Công nghệ kỹ thuật điều khiển và tự động hoá
14864,DCV,cong-nghe-ky-thuat-dieu-khien-va-tu-dong-hoa,D01,Điểm thi THPT,2021,15.05,Công nghệ kỹ thuật điều khiển và tự động hoá
14865,DCV,cong-nghe-ky-thuat-dieu-khien-va-tu-dong-hoa,D07,Điểm thi THPT,2021,15.05,Công nghệ kỹ thuật điều khiển và tự động hoá
14866,DCV,cong-nghe-ky-thuat-dieu-khien-va-tu-dong-hoa,A00,Điểm học bạ,2022,23.0,Công nghệ kỹ thuật điều khiển và tự động hóa
14867,DCV,cong-nghe-ky-thuat-dieu-khien-va-tu-dong-hoa,A01,Điểm học bạ,2022,23.0,Công nghệ kỹ thuật điều khiển và tự động hóa
14868,DCV,cong-nghe-ky-thuat-dieu-khien-va-tu-dong-hoa,D01,Điểm học bạ,2022,23.0,Công nghệ kỹ thuật điều khiển và tự động hóa
14869,DCV,cong-nghe-ky-thuat-dieu-khien-va-tu-dong-hoa,D07,Điểm học bạ,2022,23.0,Công nghệ kỹ thuật điều khiển và tự động hóa
14870,DCV,cong-nghe-ky-thuat-dieu-khien-va-tu-dong-hoa,A00,Điểm thi THPT,2022,20.0,Công nghệ kỹ thuật điều khiển và tự động hóa
14871,DCV,cong-nghe-ky-thuat-dieu-khien-va-tu-dong-hoa,A01,Điểm thi THPT,2022,20.0,Công nghệ kỹ thuật điều khiển và tự động hóa
14872,DCV,cong-nghe-ky-thuat-dieu-khien-va-tu-dong-hoa,D01,Điểm thi THPT,2022,20.0,Công nghệ kỹ thuật điều khiển và tự động hóa
14873,DCV,cong-nghe-ky-thuat-dieu-khien-va-tu-dong-hoa,D07,Điểm thi THPT,2022,20.0,Công nghệ kỹ thuật điều khiển và tự động hóa
14874,DCV,cong-nghe-ky-thuat-dieu-khien-va-tu-dong-hoa,A00,Điểm học bạ,2023,18.0,Công nghệ kỹ thuật điều khiển và tự động hóa
14875,DCV,cong-nghe-ky-thuat-dieu-khien-va-tu-dong-hoa,A01,Điểm học bạ,2023,18.0,Công nghệ kỹ thuật điều khiển và tự động hóa
14876,DCV,cong-nghe-ky-thuat-dieu-khien-va-tu-dong-hoa,D01,Điểm học bạ,2023,18.0,Công nghệ kỹ thuật điều khiển và tự động hóa
14877,DCV,cong-nghe-ky-thuat-dieu-khien-va-tu-dong-hoa,D07,Điểm học bạ,2023,18.0,Công nghệ kỹ thuật điều khiển và tự động hóa
14878,DCV,cong-nghe-ky-thuat-dieu-khien-va-tu-dong-hoa,A00,Điểm thi THPT,2023,15.0,Công nghệ kỹ thuật Điều khiển vả Tự động hóa
14879,DCV,cong-nghe-ky-thuat-dieu-khien-va-tu-dong-hoa,A01,Điểm thi THPT,2023,15.0,Công nghệ kỹ thuật Điều khiển vả Tự động hóa
14880,DCV,cong-nghe-ky-thuat-dieu-khien-va-tu-dong-hoa,D01,Điểm thi THPT,2023,15.0,Công nghệ kỹ thuật Điều khiển vả Tự động hóa
14881,DCV,cong-nghe-ky-thuat-dieu-khien-va-tu-dong-hoa,D07,Điểm thi THPT,2023,15.0,Công nghệ kỹ thuật Điều khiển vả Tự động hóa
14882,DCV,cong-nghe-ky-thuat-dieu-khien-va-tu-dong-hoa,A00,Điểm học bạ,2024,21.5,Công nghệ kỹ thuật Điều khiển và Tự động hóa
14883,DCV,cong-nghe-ky-thuat-dieu-khien-va-tu-dong-hoa,A01,Điểm học bạ,2024,21.5,Công nghệ kỹ thuật Điều khiển và Tự động hóa
14884,DCV,cong-nghe-ky-thuat-dieu-khien-va-tu-dong-hoa,D01,Điểm học bạ,2024,21.5,Công nghệ kỹ thuật Điều khiển và Tự động hóa
14885,DCV,cong-nghe-ky-thuat-dieu-khien-va-tu-dong-hoa,D07,Điểm học bạ,2024,21.5,Công nghệ kỹ thuật Điều khiển và Tự động hóa
14886,DCV,cong-nghe-ky-thuat-dieu-khien-va-tu-dong-hoa,A00,Điểm thi THPT,2024,23.0,Công nghệ kỹ thuật Điều khiển và Tự động hóa
14887,DCV,cong-nghe-ky-thuat-dieu-khien-va-tu-dong-hoa,A01,Điểm thi THPT,2024,23.0,Công nghệ kỹ thuật Điều khiển và Tự động hóa
14888,DCV,cong-nghe-ky-thuat-dieu-khien-va-tu-dong-hoa,D01,Điểm thi THPT,2024,23.0,Công nghệ kỹ thuật Điều khiển và Tự động hóa
14889,DCV,cong-nghe-ky-thuat-dieu-khien-va-tu-dong-hoa,D07,Điểm thi THPT,2024,23.0,Công nghệ kỹ thuật Điều khiển và Tự động hóa
14890,DCV,cong-nghe-thong-tin,A00,Điểm thi THPT,2021,15.5,Công nghệ thông tin
14891,DCV,cong-nghe-thong-tin,A01,Điểm thi THPT,2021,15.5,Công nghệ thông tin
14892,DCV,cong-nghe-thong-tin,D01,Điểm thi THPT,2021,15.5,Công nghệ thông tin
14893,DCV,cong-nghe-thong-tin,D07,Điểm thi THPT,2021,15.5,Công nghệ thông tin
14894,DCV,cong-nghe-thong-tin,A00,Điểm học bạ,2022,17.0,Công nghệ thông tin
14895,DCV,cong-nghe-thong-tin,A01,Điểm học bạ,2022,17.0,Công nghệ thông tin
14896,DCV,cong-nghe-thong-tin,D01,Điểm học bạ,2022,17.0,Công nghệ thông tin
14897,DCV,cong-nghe-thong-tin,D07,Điểm học bạ,2022,17.0,Công nghệ thông tin
14898,DCV,cong-nghe-thong-tin,A00,Điểm thi THPT,2022,15.0,Công nghệ thông tin
14899,DCV,cong-nghe-thong-tin,A01,Điểm thi THPT,2022,15.0,Công nghệ thông tin
14900,DCV,cong-nghe-thong-tin,D01,Điểm thi THPT,2022,15.0,Công nghệ thông tin
14901,DCV,cong-nghe-thong-tin,D07,Điểm thi THPT,2022,15.0,Công nghệ thông tin
14902,DCV,cong-nghe-thong-tin,A00,Điểm học bạ,2023,18.0,Công nghệ thông tin
14903,DCV,cong-nghe-thong-tin,A01,Điểm học bạ,2023,18.0,Công nghệ thông tin
14904,DCV,cong-nghe-thong-tin,D01,Điểm học bạ,2023,18.0,Công nghệ thông tin
14905,DCV,cong-nghe-thong-tin,D07,Điểm học bạ,2023,18.0,Công nghệ thông tin
14906,DCV,cong-nghe-thong-tin,A00,Điểm thi THPT,2023,15.0,Công nghệ thông tin
14907,DCV,cong-nghe-thong-tin,A01,Điểm thi THPT,2023,15.0,Công nghệ thông tin
14908,DCV,cong-nghe-thong-tin,D01,Điểm thi THPT,2023,15.0,Công nghệ thông tin
14909,DCV,cong-nghe-thong-tin,D07,Điểm thi THPT,2023,15.0,Công nghệ thông tin
14910,DCV,cong-nghe-thong-tin,A00,Điểm học bạ,2024,18.0,Công nghệ thông tin
14911,DCV,cong-nghe-thong-tin,A01,Điểm học bạ,2024,18.0,Công nghệ thông tin
14912,DCV,cong-nghe-thong-tin,D01,Điểm học bạ,2024,18.0,Công nghệ thông tin
14913,DCV,cong-nghe-thong-tin,D07,Điểm học bạ,2024,18.0,Công nghệ thông tin
14914,DCV,cong-nghe-thong-tin,A00,Điểm thi THPT,2024,20.0,Công nghệ thông tin
14915,DCV,cong-nghe-thong-tin,A01,Điểm thi THPT,2024,20.0,Công nghệ thông tin
14916,DCV,cong-nghe-thong-tin,D01,Điểm thi THPT,2024,20.0,Công nghệ thông tin
14917,DCV,cong-nghe-thong-tin,D07,Điểm thi THPT,2024,20.0,Công nghệ thông tin
14918,DCV,cong-nghe-thong-tin,A00,Điểm học bạ,2025,18.0,Công nghệ thông tin
14919,DCV,cong-nghe-thong-tin,A01,Điểm học bạ,2025,18.0,Công nghệ thông tin
14920,DCV,cong-nghe-thong-tin,C01,Điểm học bạ,2025,18.0,Công nghệ thông tin
14921,DCV,cong-nghe-thong-tin,C02,Điểm học bạ,2025,18.0,Công nghệ thông tin
14922,DCV,cong-nghe-thong-tin,D01,Điểm học bạ,2025,18.0,Công nghệ thông tin
14923,DCV,cong-nghe-thong-tin,D07,Điểm học bạ,2025,18.0,Công nghệ thông tin
14924,DCV,cong-nghe-thong-tin,X02,Điểm học bạ,2025,18.0,Công nghệ thông tin
14925,DCV,cong-nghe-thong-tin,X03,Điểm học bạ,2025,18.0,Công nghệ thông tin
14926,DCV,cong-nghe-thong-tin,A00,Điểm thi THPT,2025,15.0,Công nghệ thông tin
14927,DCV,cong-nghe-thong-tin,A01,Điểm thi THPT,2025,15.0,Công nghệ thông tin
14928,DCV,cong-nghe-thong-tin,C01,Điểm thi THPT,2025,15.0,Công nghệ thông tin
14929,DCV,cong-nghe-thong-tin,C02,Điểm thi THPT,2025,15.0,Công nghệ thông tin
14930,DCV,cong-nghe-thong-tin,D01,Điểm thi THPT,2025,15.0,Công nghệ thông tin
14931,DCV,cong-nghe-thong-tin,D07,Điểm thi THPT,2025,15.0,Công nghệ thông tin
14932,DCV,cong-nghe-thong-tin,X02,Điểm thi THPT,2025,15.0,Công nghệ thông tin
14933,DCV,cong-nghe-thong-tin,X03,Điểm thi THPT,2025,15.0,Công nghệ thông tin
14934,DCV,cong-nghe-thuc-pham,A00,Điểm thi THPT,2021,15.85,Công nghệ thực phẩm
14935,DCV,cong-nghe-thuc-pham,A01,Điểm thi THPT,2021,15.85,Công nghệ thực phẩm
14936,DCV,cong-nghe-thuc-pham,A02,Điểm thi THPT,2021,15.85,Công nghệ thực phẩm
14937,DCV,cong-nghe-thuc-pham,B00,Điểm thi THPT,2021,15.85,Công nghệ thực phẩm
14938,DCV,cong-nghe-thuc-pham,A00,Điểm học bạ,2022,23.0,Công nghệ thực phẩm
14939,DCV,cong-nghe-thuc-pham,A01,Điểm học bạ,2022,23.0,Công nghệ thực phẩm
14940,DCV,cong-nghe-thuc-pham,A02,Điểm học bạ,2022,23.0,Công nghệ thực phẩm
14941,DCV,cong-nghe-thuc-pham,B00,Điểm học bạ,2022,23.0,Công nghệ thực phẩm
14942,DCV,cong-nghe-thuc-pham,A00,Điểm thi THPT,2022,20.0,Công nghệ thực phẩm
14943,DCV,cong-nghe-thuc-pham,A01,Điểm thi THPT,2022,20.0,Công nghệ thực phẩm
14944,DCV,cong-nghe-thuc-pham,A02,Điểm thi THPT,2022,20.0,Công nghệ thực phẩm
14945,DCV,cong-nghe-thuc-pham,B00,Điểm thi THPT,2022,20.0,Công nghệ thực phẩm
14946,DCV,cong-nghe-thuc-pham,A00,Điểm học bạ,2023,18.0,Công nghệ thực phẩm
14947,DCV,cong-nghe-thuc-pham,A02,Điểm học bạ,2023,18.0,Công nghệ thực phẩm
14948,DCV,cong-nghe-thuc-pham,B00,Điểm học bạ,2023,18.0,Công nghệ thực phẩm
14949,DCV,cong-nghe-thuc-pham,D07,Điểm học bạ,2023,18.0,Công nghệ thực phẩm
14950,DCV,cong-nghe-thuc-pham,A00,Điểm thi THPT,2023,15.0,Công nghệ thực phẩm
14951,DCV,cong-nghe-thuc-pham,A02,Điểm thi THPT,2023,15.0,Công nghệ thực phẩm
14952,DCV,cong-nghe-thuc-pham,B00,Điểm thi THPT,2023,15.0,Công nghệ thực phẩm
14953,DCV,cong-nghe-thuc-pham,D07,Điểm thi THPT,2023,15.0,Công nghệ thực phẩm
14954,DCV,ke-toan,A00,Điểm thi THPT,2021,16.1,Kế toán
14955,DCV,ke-toan,A01,Điểm thi THPT,2021,16.1,Kế toán
14956,DCV,ke-toan,D01,Điểm thi THPT,2021,16.1,Kế toán
14957,DCV,ke-toan,D07,Điểm thi THPT,2021,16.1,Kế toán
14958,DCV,ke-toan,A00,Điểm học bạ,2022,17.0,Kế toán
14959,DCV,ke-toan,A01,Điểm học bạ,2022,17.0,Kế toán
14960,DCV,ke-toan,D01,Điểm học bạ,2022,17.0,Kế toán
14961,DCV,ke-toan,D07,Điểm học bạ,2022,17.0,Kế toán
14962,DCV,ke-toan,A00,Điểm thi THPT,2022,15.0,Kế toán
14963,DCV,ke-toan,A01,Điểm thi THPT,2022,15.0,Kế toán
14964,DCV,ke-toan,D01,Điểm thi THPT,2022,15.0,Kế toán
14965,DCV,ke-toan,D07,Điểm thi THPT,2022,15.0,Kế toán
14966,DCV,ke-toan,A00,Điểm học bạ,2023,18.0,Kế toán
14967,DCV,ke-toan,A01,Điểm học bạ,2023,18.0,Kế toán
14968,DCV,ke-toan,D01,Điểm học bạ,2023,18.0,Kế toán
14969,DCV,ke-toan,D07,Điểm học bạ,2023,18.0,Kế toán
14970,DCV,ke-toan,A00,Điểm thi THPT,2023,15.0,Kế toán
14971,DCV,ke-toan,A01,Điểm thi THPT,2023,15.0,Kế toán
14972,DCV,ke-toan,D01,Điểm thi THPT,2023,15.0,Kế toán
14973,DCV,ke-toan,D07,Điểm thi THPT,2023,15.0,Kế toán
14974,DCV,ke-toan,A00,Điểm học bạ,2024,24.0,Kế toán
14975,DCV,ke-toan,A01,Điểm học bạ,2024,24.0,Kế toán
14976,DCV,ke-toan,D01,Điểm học bạ,2024,24.0,Kế toán
14977,DCV,ke-toan,D07,Điểm học bạ,2024,24.0,Kế toán
14978,DCV,ke-toan,A00,Điểm thi THPT,2024,20.0,Kế toán
14979,DCV,ke-toan,A01,Điểm thi THPT,2024,20.0,Kế toán
14980,DCV,ke-toan,D01,Điểm thi THPT,2024,20.0,Kế toán
14981,DCV,ke-toan,D07,Điểm thi THPT,2024,20.0,Kế toán
14982,DCV,ke-toan,A00,Điểm học bạ,2025,27.8,Kế toán
14983,DCV,ke-toan,A01,Điểm học bạ,2025,27.8,Kế toán
14984,DCV,ke-toan,C01,Điểm học bạ,2025,27.8,Kế toán
14985,DCV,ke-toan,C02,Điểm học bạ,2025,27.8,Kế toán
14986,DCV,ke-toan,D01,Điểm học bạ,2025,27.8,Kế toán
14987,DCV,ke-toan,D07,Điểm học bạ,2025,27.8,Kế toán
14988,DCV,ke-toan,X02,Điểm học bạ,2025,27.8,Kế toán
14989,DCV,ke-toan,X03,Điểm học bạ,2025,27.8,Kế toán
14990,DCV,ke-toan,A00,Điểm thi THPT,2025,25.5,Kế toán
14991,DCV,ke-toan,A01,Điểm thi THPT,2025,25.5,Kế toán
14992,DCV,ke-toan,C01,Điểm thi THPT,2025,25.5,Kế toán
14993,DCV,ke-toan,C02,Điểm thi THPT,2025,25.5,Kế toán
14994,DCV,ke-toan,D01,Điểm thi THPT,2025,25.5,Kế toán
14995,DCV,ke-toan,D07,Điểm thi THPT,2025,25.5,Kế toán
14996,DCV,ke-toan,X02,Điểm thi THPT,2025,25.5,Kế toán
14997,DCV,ke-toan,X03,Điểm thi THPT,2025,25.5,Kế toán
14998,DCV,quan-tri-dich-vu-du-lich-va-lu-hanh,A00,Điểm thi THPT,2021,16.55,Quản trị dịch vụ du lịch và lữ hành
14999,DCV,quan-tri-dich-vu-du-lich-va-lu-hanh,C00,Điểm thi THPT,2021,16.55,Quản trị dịch vụ du lịch và lữ hành
15000,DCV,quan-tri-dich-vu-du-lich-va-lu-hanh,D01,Điểm thi THPT,2021,16.55,Quản trị dịch vụ du lịch và lữ hành
15001,DCV,quan-tri-dich-vu-du-lich-va-lu-hanh,D15,Điểm thi THPT,2021,16.55,Quản trị dịch vụ du lịch và lữ hành
15002,DCV,quan-tri-dich-vu-du-lich-va-lu-hanh,A00,Điểm học bạ,2022,17.0,Quản trị dịch vụ du lịch và lữ hành
15003,DCV,quan-tri-dich-vu-du-lich-va-lu-hanh,C00,Điểm học bạ,2022,17.0,Quản trị dịch vụ du lịch và lữ hành
15004,DCV,quan-tri-dich-vu-du-lich-va-lu-hanh,D01,Điểm học bạ,2022,17.0,Quản trị dịch vụ du lịch và lữ hành
15005,DCV,quan-tri-dich-vu-du-lich-va-lu-hanh,D15,Điểm học bạ,2022,17.0,Quản trị dịch vụ du lịch và lữ hành
15006,DCV,quan-tri-dich-vu-du-lich-va-lu-hanh,A00,Điểm thi THPT,2022,15.0,Quản trị dịch vụ du lịch và lữ hành
15007,DCV,quan-tri-dich-vu-du-lich-va-lu-hanh,C00,Điểm thi THPT,2022,15.0,Quản trị dịch vụ du lịch và lữ hành
15008,DCV,quan-tri-dich-vu-du-lich-va-lu-hanh,D01,Điểm thi THPT,2022,15.0,Quản trị dịch vụ du lịch và lữ hành
15009,DCV,quan-tri-dich-vu-du-lich-va-lu-hanh,D15,Điểm thi THPT,2022,15.0,Quản trị dịch vụ du lịch và lữ hành
15010,DCV,quan-tri-dich-vu-du-lich-va-lu-hanh,A00,Điểm học bạ,2023,18.0,Quản trị dịch vụ du lịch và lữ hành
15011,DCV,quan-tri-dich-vu-du-lich-va-lu-hanh,C00,Điểm học bạ,2023,18.0,Quản trị dịch vụ du lịch và lữ hành
15012,DCV,quan-tri-dich-vu-du-lich-va-lu-hanh,D01,Điểm học bạ,2023,18.0,Quản trị dịch vụ du lịch và lữ hành
15013,DCV,quan-tri-dich-vu-du-lich-va-lu-hanh,D15,Điểm học bạ,2023,18.0,Quản trị dịch vụ du lịch và lữ hành
15014,DCV,quan-tri-dich-vu-du-lich-va-lu-hanh,A00,Điểm thi THPT,2023,15.0,Quản trị dịch vụ du lịch và lữ hành
15015,DCV,quan-tri-dich-vu-du-lich-va-lu-hanh,C00,Điểm thi THPT,2023,15.0,Quản trị dịch vụ du lịch và lữ hành
15016,DCV,quan-tri-dich-vu-du-lich-va-lu-hanh,D01,Điểm thi THPT,2023,15.0,Quản trị dịch vụ du lịch và lữ hành
15017,DCV,quan-tri-dich-vu-du-lich-va-lu-hanh,D15,Điểm thi THPT,2023,15.0,Quản trị dịch vụ du lịch và lữ hành
15018,DCV,quan-tri-dich-vu-du-lich-va-lu-hanh,A00,Điểm học bạ,2024,23.0,Quản trị dịch vụ du lịch và lữ hành
15019,DCV,quan-tri-dich-vu-du-lich-va-lu-hanh,C00,Điểm học bạ,2024,23.0,Quản trị dịch vụ du lịch và lữ hành
15020,DCV,quan-tri-dich-vu-du-lich-va-lu-hanh,D01,Điểm học bạ,2024,23.0,Quản trị dịch vụ du lịch và lữ hành
15021,DCV,quan-tri-dich-vu-du-lich-va-lu-hanh,D15,Điểm học bạ,2024,23.0,Quản trị dịch vụ du lịch và lữ hành
15022,DCV,quan-tri-dich-vu-du-lich-va-lu-hanh,A00,Điểm thi THPT,2024,25.0,Quản trị dịch vụ du lịch và lữ hành
15023,DCV,quan-tri-dich-vu-du-lich-va-lu-hanh,C00,Điểm thi THPT,2024,25.0,Quản trị dịch vụ du lịch và lữ hành
15024,DCV,quan-tri-dich-vu-du-lich-va-lu-hanh,D01,Điểm thi THPT,2024,25.0,Quản trị dịch vụ du lịch và lữ hành
15025,DCV,quan-tri-dich-vu-du-lich-va-lu-hanh,D15,Điểm thi THPT,2024,25.0,Quản trị dịch vụ du lịch và lữ hành
15026,DCV,quan-tri-khach-san,A00,Điểm thi THPT,2021,16.0,Quản trị khách sạn
15027,DCV,quan-tri-khach-san,C00,Điểm thi THPT,2021,16.0,Quản trị khách sạn
15028,DCV,quan-tri-khach-san,D01,Điểm thi THPT,2021,16.0,Quản trị khách sạn
15029,DCV,quan-tri-khach-san,D15,Điểm thi THPT,2021,16.0,Quản trị khách sạn
15030,DCV,quan-tri-khach-san,A00,Điểm học bạ,2022,17.0,Quản trị khách sạn
15031,DCV,quan-tri-khach-san,C00,Điểm học bạ,2022,17.0,Quản trị khách sạn
15032,DCV,quan-tri-khach-san,D01,Điểm học bạ,2022,17.0,Quản trị khách sạn
15033,DCV,quan-tri-khach-san,D15,Điểm học bạ,2022,17.0,Quản trị khách sạn
15034,DCV,quan-tri-khach-san,A00,Điểm thi THPT,2022,15.0,Quản trị khách sạn
15035,DCV,quan-tri-khach-san,C00,Điểm thi THPT,2022,15.0,Quản trị khách sạn
15036,DCV,quan-tri-khach-san,D01,Điểm thi THPT,2022,15.0,Quản trị khách sạn
15037,DCV,quan-tri-khach-san,D15,Điểm thi THPT,2022,15.0,Quản trị khách sạn
15038,DCV,quan-tri-khach-san,A00,Điểm học bạ,2023,18.0,Quản trị khách sạn
15039,DCV,quan-tri-khach-san,C00,Điểm học bạ,2023,18.0,Quản trị khách sạn
15040,DCV,quan-tri-khach-san,D01,Điểm học bạ,2023,18.0,Quản trị khách sạn
15041,DCV,quan-tri-khach-san,D15,Điểm học bạ,2023,18.0,Quản trị khách sạn
15042,DCV,quan-tri-khach-san,A00,Điểm thi THPT,2023,15.0,Quản trị khách sạn
15043,DCV,quan-tri-khach-san,C00,Điểm thi THPT,2023,15.0,Quản trị khách sạn
15044,DCV,quan-tri-khach-san,D01,Điểm thi THPT,2023,15.0,Quản trị khách sạn
15045,DCV,quan-tri-khach-san,D15,Điểm thi THPT,2023,15.0,Quản trị khách sạn
15046,DCV,quan-tri-khach-san,A00,Điểm học bạ,2024,22.0,Quản trị khách sạn
15047,DCV,quan-tri-khach-san,C00,Điểm học bạ,2024,22.0,Quản trị khách sạn
15048,DCV,quan-tri-khach-san,D01,Điểm học bạ,2024,22.0,Quản trị khách sạn
15049,DCV,quan-tri-khach-san,D15,Điểm học bạ,2024,22.0,Quản trị khách sạn
15050,DCV,quan-tri-khach-san,A00,Điểm thi THPT,2024,25.0,Quản trị khách sạn
15051,DCV,quan-tri-khach-san,C00,Điểm thi THPT,2024,25.0,Quản trị khách sạn
15052,DCV,quan-tri-khach-san,D01,Điểm thi THPT,2024,25.0,Quản trị khách sạn
15053,DCV,quan-tri-khach-san,D15,Điểm thi THPT,2024,25.0,Quản trị khách sạn
15054,DCV,quan-tri-khach-san,A00,Điểm học bạ,2025,29.0,Quản trị khách sạn
15055,DCV,quan-tri-khach-san,C00,Điểm học bạ,2025,29.0,Quản trị khách sạn
15056,DCV,quan-tri-khach-san,C03,Điểm học bạ,2025,29.0,Quản trị khách sạn
15057,DCV,quan-tri-khach-san,C20,Điểm học bạ,2025,29.0,Quản trị khách sạn
15058,DCV,quan-tri-khach-san,D01,Điểm học bạ,2025,29.0,Quản trị khách sạn
15059,DCV,quan-tri-khach-san,D10,Điểm học bạ,2025,29.0,Quản trị khách sạn
15060,DCV,quan-tri-khach-san,D15,Điểm học bạ,2025,29.0,Quản trị khách sạn
15061,DCV,quan-tri-khach-san,X01,Điểm học bạ,2025,29.0,Quản trị khách sạn
15062,DCV,quan-tri-khach-san,A00,Điểm thi THPT,2025,28.5,Quản trị khách sạn
15063,DCV,quan-tri-khach-san,C00,Điểm thi THPT,2025,28.5,Quản trị khách sạn
15064,DCV,quan-tri-khach-san,C03,Điểm thi THPT,2025,28.5,Quản trị khách sạn
15065,DCV,quan-tri-khach-san,C20,Điểm thi THPT,2025,28.5,Quản trị khách sạn
15066,DCV,quan-tri-khach-san,D01,Điểm thi THPT,2025,28.5,Quản trị khách sạn
15067,DCV,quan-tri-khach-san,D10,Điểm thi THPT,2025,28.5,Quản trị khách sạn
15068,DCV,quan-tri-khach-san,D15,Điểm thi THPT,2025,28.5,Quản trị khách sạn
15069,DCV,quan-tri-khach-san,X01,Điểm thi THPT,2025,28.5,Quản trị khách sạn
15070,DDA,cong-nghe-che-tao-may,A00,Điểm học bạ,2021,18.0,công nghệ chế tạo máy
15071,DDA,cong-nghe-che-tao-may,A01,Điểm học bạ,2021,18.0,công nghệ chế tạo máy
15072,DDA,cong-nghe-che-tao-may,A02,Điểm học bạ,2021,18.0,công nghệ chế tạo máy
15073,DDA,cong-nghe-che-tao-may,D01,Điểm học bạ,2021,18.0,công nghệ chế tạo máy
15074,DDA,cong-nghe-che-tao-may,A00,Điểm thi THPT,2021,15.0,công nghệ chế tạo máy
15075,DDA,cong-nghe-che-tao-may,A01,Điểm thi THPT,2021,15.0,công nghệ chế tạo máy
15076,DDA,cong-nghe-che-tao-may,A02,Điểm thi THPT,2021,15.0,công nghệ chế tạo máy
15077,DDA,cong-nghe-che-tao-may,D01,Điểm thi THPT,2021,15.0,công nghệ chế tạo máy
15078,DDA,cong-nghe-che-tao-may,A00,Điểm thi THPT,2023,23.0,Công nghệ chế tạo máy
15079,DDA,cong-nghe-che-tao-may,A01,Điểm thi THPT,2023,23.0,Công nghệ chế tạo máy
15080,DDA,cong-nghe-che-tao-may,A03,Điểm thi THPT,2023,23.0,Công nghệ chế tạo máy
15081,DDA,cong-nghe-che-tao-may,C01,Điểm thi THPT,2023,23.0,Công nghệ chế tạo máy
15082,DDA,cong-nghe-che-tao-may,D01,Điểm thi THPT,2023,23.0,Công nghệ chế tạo máy
15083,DDA,cong-nghe-ky-thuat-dien-dien-tu,A00,Điểm học bạ,2021,18.0,Công nghệ kỹ thuật điện - điện tử
15084,DDA,cong-nghe-ky-thuat-dien-dien-tu,A01,Điểm học bạ,2021,18.0,Công nghệ kỹ thuật điện - điện tử
15085,DDA,cong-nghe-ky-thuat-dien-dien-tu,A02,Điểm học bạ,2021,18.0,Công nghệ kỹ thuật điện - điện tử
15086,DDA,cong-nghe-ky-thuat-dien-dien-tu,D01,Điểm học bạ,2021,18.0,Công nghệ kỹ thuật điện - điện tử
15087,DDA,cong-nghe-ky-thuat-dien-dien-tu,A00,Điểm thi THPT,2021,15.0,Công nghệ kỹ thuật điện - điện tử
15088,DDA,cong-nghe-ky-thuat-dien-dien-tu,A01,Điểm thi THPT,2021,15.0,Công nghệ kỹ thuật điện - điện tử
15089,DDA,cong-nghe-ky-thuat-dien-dien-tu,A02,Điểm thi THPT,2021,15.0,Công nghệ kỹ thuật điện - điện tử
15090,DDA,cong-nghe-ky-thuat-dien-dien-tu,D01,Điểm thi THPT,2021,15.0,Công nghệ kỹ thuật điện - điện tử
15091,DDA,cong-nghe-ky-thuat-dien-dien-tu,A00,Điểm thi THPT,2023,18.0,Công nghệ Kỹ thuật Điện - Điện tử
15092,DDA,cong-nghe-ky-thuat-dien-dien-tu,A01,Điểm thi THPT,2023,18.0,Công nghệ Kỹ thuật Điện - Điện tử
15093,DDA,cong-nghe-ky-thuat-dien-dien-tu,A03,Điểm thi THPT,2023,18.0,Công nghệ Kỹ thuật Điện - Điện tử
15094,DDA,cong-nghe-ky-thuat-dien-dien-tu,C01,Điểm thi THPT,2023,18.0,Công nghệ Kỹ thuật Điện - Điện tử
15095,DDA,cong-nghe-ky-thuat-dien-dien-tu,D01,Điểm thi THPT,2023,18.0,Công nghệ Kỹ thuật Điện - Điện tử
15096,DDA,cong-nghe-ky-thuat-dieu-khien-tu-dong-hoa,A00,Điểm học bạ,2021,18.0,Công nghệ kỹ thuật điều khiển - tự động hoá
15097,DDA,cong-nghe-ky-thuat-dieu-khien-tu-dong-hoa,A01,Điểm học bạ,2021,18.0,Công nghệ kỹ thuật điều khiển - tự động hoá
15098,DDA,cong-nghe-ky-thuat-dieu-khien-tu-dong-hoa,A02,Điểm học bạ,2021,18.0,Công nghệ kỹ thuật điều khiển - tự động hoá
15099,DDA,cong-nghe-ky-thuat-dieu-khien-tu-dong-hoa,D01,Điểm học bạ,2021,18.0,Công nghệ kỹ thuật điều khiển - tự động hoá
15100,DDA,cong-nghe-ky-thuat-dieu-khien-tu-dong-hoa,A00,Điểm thi THPT,2021,15.0,Công nghệ kỹ thuật điều khiển - tự động hoá
15101,DDA,cong-nghe-ky-thuat-dieu-khien-tu-dong-hoa,A01,Điểm thi THPT,2021,15.0,Công nghệ kỹ thuật điều khiển - tự động hoá
15102,DDA,cong-nghe-ky-thuat-dieu-khien-tu-dong-hoa,A02,Điểm thi THPT,2021,15.0,Công nghệ kỹ thuật điều khiển - tự động hoá
15103,DDA,cong-nghe-ky-thuat-dieu-khien-tu-dong-hoa,D01,Điểm thi THPT,2021,15.0,Công nghệ kỹ thuật điều khiển - tự động hoá
15104,DDA,cong-nghe-ky-thuat-dieu-khien-tu-dong-hoa,A00,Điểm thi THPT,2023,18.0,Công nghệ Kỹ thuật Điều khiển - Tự động hóa
15105,DDA,cong-nghe-ky-thuat-dieu-khien-tu-dong-hoa,A01,Điểm thi THPT,2023,18.0,Công nghệ Kỹ thuật Điều khiển - Tự động hóa
15106,DDA,cong-nghe-ky-thuat-dieu-khien-tu-dong-hoa,A03,Điểm thi THPT,2023,18.0,Công nghệ Kỹ thuật Điều khiển - Tự động hóa
15107,DDA,cong-nghe-ky-thuat-dieu-khien-tu-dong-hoa,C01,Điểm thi THPT,2023,18.0,Công nghệ Kỹ thuật Điều khiển - Tự động hóa
15108,DDA,cong-nghe-ky-thuat-dieu-khien-tu-dong-hoa,D01,Điểm thi THPT,2023,18.0,Công nghệ Kỹ thuật Điều khiển - Tự động hóa
15109,DDA,cong-nghe-ky-thuat-nhiet,A00,Điểm học bạ,2021,18.0,Công nghệ kỹ thuật nhiệt
15110,DDA,cong-nghe-ky-thuat-nhiet,A01,Điểm học bạ,2021,18.0,Công nghệ kỹ thuật nhiệt
15111,DDA,cong-nghe-ky-thuat-nhiet,A02,Điểm học bạ,2021,18.0,Công nghệ kỹ thuật nhiệt
15112,DDA,cong-nghe-ky-thuat-nhiet,D01,Điểm học bạ,2021,18.0,Công nghệ kỹ thuật nhiệt
15113,DDA,cong-nghe-ky-thuat-nhiet,A00,Điểm thi THPT,2021,15.0,Công nghệ kỹ thuật nhiệt
15114,DDA,cong-nghe-ky-thuat-nhiet,A01,Điểm thi THPT,2021,15.0,Công nghệ kỹ thuật nhiệt
15115,DDA,cong-nghe-ky-thuat-nhiet,A02,Điểm thi THPT,2021,15.0,Công nghệ kỹ thuật nhiệt
15116,DDA,cong-nghe-ky-thuat-nhiet,D01,Điểm thi THPT,2021,15.0,Công nghệ kỹ thuật nhiệt
15117,DDA,cong-nghe-ky-thuat-nhiet,A00,Điểm thi THPT,2023,21.0,Công nghệ kỹ thuật nhiệt (Nhiệt - Điện lạnh)
15118,DDA,cong-nghe-ky-thuat-nhiet,A01,Điểm thi THPT,2023,21.0,Công nghệ kỹ thuật nhiệt (Nhiệt - Điện lạnh)
15119,DDA,cong-nghe-ky-thuat-nhiet,A03,Điểm thi THPT,2023,21.0,Công nghệ kỹ thuật nhiệt (Nhiệt - Điện lạnh)
15120,DDA,cong-nghe-ky-thuat-nhiet,C01,Điểm thi THPT,2023,21.0,Công nghệ kỹ thuật nhiệt (Nhiệt - Điện lạnh)
15121,DDA,cong-nghe-ky-thuat-nhiet,D01,Điểm thi THPT,2023,21.0,Công nghệ kỹ thuật nhiệt (Nhiệt - Điện lạnh)
15122,DDA,cong-nghe-ky-thuat-o-to,A00,Điểm học bạ,2021,18.0,Công nghệ kỹ thuật ô tô
15123,DDA,cong-nghe-ky-thuat-o-to,A01,Điểm học bạ,2021,18.0,Công nghệ kỹ thuật ô tô
15124,DDA,cong-nghe-ky-thuat-o-to,A02,Điểm học bạ,2021,18.0,Công nghệ kỹ thuật ô tô
15125,DDA,cong-nghe-ky-thuat-o-to,D01,Điểm học bạ,2021,18.0,Công nghệ kỹ thuật ô tô
15126,DDA,cong-nghe-ky-thuat-o-to,A00,Điểm thi THPT,2021,16.0,Công nghệ kỹ thuật ô tô
15127,DDA,cong-nghe-ky-thuat-o-to,A01,Điểm thi THPT,2021,16.0,Công nghệ kỹ thuật ô tô
15128,DDA,cong-nghe-ky-thuat-o-to,A02,Điểm thi THPT,2021,16.0,Công nghệ kỹ thuật ô tô
15129,DDA,cong-nghe-ky-thuat-o-to,D01,Điểm thi THPT,2021,16.0,Công nghệ kỹ thuật ô tô
15130,DDA,cong-nghe-ky-thuat-o-to,A00,Điểm thi THPT,2023,19.0,Công nghệ kỹ thuật Ô tô
15131,DDA,cong-nghe-ky-thuat-o-to,A01,Điểm thi THPT,2023,19.0,Công nghệ kỹ thuật Ô tô
15132,DDA,cong-nghe-ky-thuat-o-to,A03,Điểm thi THPT,2023,19.0,Công nghệ kỹ thuật Ô tô
15133,DDA,cong-nghe-ky-thuat-o-to,C01,Điểm thi THPT,2023,19.0,Công nghệ kỹ thuật Ô tô
15134,DDA,cong-nghe-ky-thuat-o-to,D01,Điểm thi THPT,2023,19.0,Công nghệ kỹ thuật Ô tô
15135,DDA,cong-nghe-thong-tin,A00,Điểm học bạ,2021,18.0,Công nghệ thông tin
15136,DDA,cong-nghe-thong-tin,A01,Điểm học bạ,2021,18.0,Công nghệ thông tin
15137,DDA,cong-nghe-thong-tin,A02,Điểm học bạ,2021,18.0,Công nghệ thông tin
15138,DDA,cong-nghe-thong-tin,D01,Điểm học bạ,2021,18.0,Công nghệ thông tin
15139,DDA,cong-nghe-thong-tin,A00,Điểm thi THPT,2021,16.5,Công nghệ thông tin
15140,DDA,cong-nghe-thong-tin,A01,Điểm thi THPT,2021,16.5,Công nghệ thông tin
15141,DDA,cong-nghe-thong-tin,A02,Điểm thi THPT,2021,16.5,Công nghệ thông tin
15142,DDA,cong-nghe-thong-tin,D01,Điểm thi THPT,2021,16.5,Công nghệ thông tin
15143,DDA,cong-nghe-thong-tin,A00,Điểm thi THPT,2023,20.0,Công nghệ thông tin
15144,DDA,cong-nghe-thong-tin,A01,Điểm thi THPT,2023,20.0,Công nghệ thông tin
15145,DDA,cong-nghe-thong-tin,A03,Điểm thi THPT,2023,20.0,Công nghệ thông tin
15146,DDA,cong-nghe-thong-tin,C01,Điểm thi THPT,2023,20.0,Công nghệ thông tin
15147,DDA,cong-nghe-thong-tin,D01,Điểm thi THPT,2023,20.0,Công nghệ thông tin
15148,DDA,cong-nghe-thuc-pham,A00,Điểm học bạ,2021,18.0,Công nghệ thực phẩm
15149,DDA,cong-nghe-thuc-pham,A01,Điểm học bạ,2021,18.0,Công nghệ thực phẩm
15150,DDA,cong-nghe-thuc-pham,A02,Điểm học bạ,2021,18.0,Công nghệ thực phẩm
15151,DDA,cong-nghe-thuc-pham,B00,Điểm học bạ,2021,18.0,Công nghệ thực phẩm
15152,DDA,cong-nghe-thuc-pham,A00,Điểm thi THPT,2021,15.0,Công nghệ thực phẩm
15153,DDA,cong-nghe-thuc-pham,A01,Điểm thi THPT,2021,15.0,Công nghệ thực phẩm
15154,DDA,cong-nghe-thuc-pham,A02,Điểm thi THPT,2021,15.0,Công nghệ thực phẩm
15155,DDA,cong-nghe-thuc-pham,B00,Điểm thi THPT,2021,15.0,Công nghệ thực phẩm
15156,DDA,cong-nghe-thuc-pham,A00,Điểm thi THPT,2023,19.5,Công nghệ thực phẩm
15157,DDA,cong-nghe-thuc-pham,A01,Điểm thi THPT,2023,19.5,Công nghệ thực phẩm
15158,DDA,cong-nghe-thuc-pham,A02,Điểm thi THPT,2023,19.5,Công nghệ thực phẩm
15159,DDA,cong-nghe-thuc-pham,B00,Điểm thi THPT,2023,19.5,Công nghệ thực phẩm
15160,DDA,cong-nghe-thuc-pham,C01,Điểm thi THPT,2023,19.5,Công nghệ thực phẩm
15161,DDA,cong-nghe-thuc-pham,C08,Điểm thi THPT,2023,19.5,Công nghệ thực phẩm
15162,DDA,cong-nghe-thuc-pham,D07,Điểm thi THPT,2023,19.5,Công nghệ thực phẩm
15163,DDA,cong-nghe-thuc-pham,D08,Điểm thi THPT,2023,19.5,Công nghệ thực phẩm
15164,DDA,cong-nghe-thuc-pham,D13,Điểm thi THPT,2023,19.5,Công nghệ thực phẩm
15165,DDA,dieu-duong,A00,Điểm học bạ,2021,19.5,Điều dưỡng
15166,DDA,dieu-duong,A02,Điểm học bạ,2021,19.5,Điều dưỡng
15167,DDA,dieu-duong,B00,Điểm học bạ,2021,19.5,Điều dưỡng
15168,DDA,dieu-duong,D07,Điểm học bạ,2021,19.5,Điều dưỡng
15169,DDA,dieu-duong,A00,Điểm thi THPT,2021,19.0,Điều dưỡng
15170,DDA,dieu-duong,A02,Điểm thi THPT,2021,19.0,Điều dưỡng
15171,DDA,dieu-duong,B00,Điểm thi THPT,2021,19.0,Điều dưỡng
15172,DDA,dieu-duong,D07,Điểm thi THPT,2021,19.0,Điều dưỡng
15173,DDA,dieu-duong,A00,Điểm thi THPT,2023,19.0,Điều dưỡng
15174,DDA,dieu-duong,A02,Điểm thi THPT,2023,19.0,Điều dưỡng
15175,DDA,dieu-duong,A03,Điểm thi THPT,2023,19.0,Điều dưỡng
15176,DDA,dieu-duong,B00,Điểm thi THPT,2023,19.0,Điều dưỡng
15177,DDA,dieu-duong,B03,Điểm thi THPT,2023,19.0,Điều dưỡng
15178,DDA,dieu-duong,B08,Điểm thi THPT,2023,19.0,Điều dưỡng
15179,DDA,dieu-duong,D07,Điểm thi THPT,2023,19.0,Điều dưỡng
15180,DDA,duoc-hoc,A00,Điểm học bạ,2021,24.0,Dược học
15181,DDA,duoc-hoc,A02,Điểm học bạ,2021,24.0,Dược học
15182,DDA,duoc-hoc,B00,Điểm học bạ,2021,24.0,Dược học
15183,DDA,duoc-hoc,D07,Điểm học bạ,2021,24.0,Dược học
15184,DDA,duoc-hoc,A00,Điểm thi THPT,2021,21.0,Dược học
15185,DDA,duoc-hoc,A02,Điểm thi THPT,2021,21.0,Dược học
15186,DDA,duoc-hoc,B00,Điểm thi THPT,2021,21.0,Dược học
15187,DDA,duoc-hoc,D07,Điểm thi THPT,2021,21.0,Dược học
15188,DDA,duoc-hoc,A00,Điểm thi THPT,2023,21.0,Dược học
15189,DDA,duoc-hoc,A02,Điểm thi THPT,2023,21.0,Dược học
15190,DDA,duoc-hoc,A03,Điểm thi THPT,2023,21.0,Dược học
15191,DDA,duoc-hoc,B00,Điểm thi THPT,2023,21.0,Dược học
15192,DDA,duoc-hoc,B03,Điểm thi THPT,2023,21.0,Dược học
15193,DDA,duoc-hoc,B08,Điểm thi THPT,2023,21.0,Dược học
15194,DDA,duoc-hoc,D07,Điểm thi THPT,2023,21.0,Dược học
15195,DDA,ke-toan,A00,Điểm học bạ,2021,18.0,Kế toán
15196,DDA,ke-toan,A01,Điểm học bạ,2021,18.0,Kế toán
15197,DDA,ke-toan,C00,Điểm học bạ,2021,18.0,Kế toán
15198,DDA,ke-toan,D01,Điểm học bạ,2021,18.0,Kế toán
15199,DDA,ke-toan,A00,Điểm thi THPT,2021,15.0,Kế toán
15200,DDA,ke-toan,A01,Điểm thi THPT,2021,15.0,Kế toán
15201,DDA,ke-toan,C00,Điểm thi THPT,2021,15.0,Kế toán
15202,DDA,ke-toan,D01,Điểm thi THPT,2021,15.0,Kế toán
15203,DDA,ke-toan,A00,Điểm thi THPT,2023,18.0,Kế toán
15204,DDA,ke-toan,A01,Điểm thi THPT,2023,18.0,Kế toán
15205,DDA,ke-toan,A03,Điểm thi THPT,2023,18.0,Kế toán
15206,DDA,ke-toan,C00,Điểm thi THPT,2023,18.0,Kế toán
15207,DDA,ke-toan,D01,Điểm thi THPT,2023,18.0,Kế toán
15208,DDA,ke-toan,D14,Điểm thi THPT,2023,18.0,Kế toán
15209,DDA,ke-toan,D15,Điểm thi THPT,2023,18.0,Kế toán
15210,DDA,ky-thuat-xay-dung,A00,Điểm học bạ,2021,18.0,Kỹ thuật xây dựng
15211,DDA,ky-thuat-xay-dung,A01,Điểm học bạ,2021,18.0,Kỹ thuật xây dựng
15212,DDA,ky-thuat-xay-dung,A02,Điểm học bạ,2021,18.0,Kỹ thuật xây dựng
15213,DDA,ky-thuat-xay-dung,D01,Điểm học bạ,2021,18.0,Kỹ thuật xây dựng
15214,DDA,ky-thuat-xay-dung,A00,Điểm thi THPT,2021,15.0,Kỹ thuật xây dựng
15215,DDA,ky-thuat-xay-dung,A01,Điểm thi THPT,2021,15.0,Kỹ thuật xây dựng
15216,DDA,ky-thuat-xay-dung,A02,Điểm thi THPT,2021,15.0,Kỹ thuật xây dựng
15217,DDA,ky-thuat-xay-dung,D01,Điểm thi THPT,2021,15.0,Kỹ thuật xây dựng
15218,DDA,ky-thuat-xay-dung,A00,Điểm thi THPT,2023,22.0,Kỹ thuật xây dựng
15219,DDA,ky-thuat-xay-dung,A01,Điểm thi THPT,2023,22.0,Kỹ thuật xây dựng
15220,DDA,ky-thuat-xay-dung,A03,Điểm thi THPT,2023,22.0,Kỹ thuật xây dựng
15221,DDA,ky-thuat-xay-dung,C01,Điểm thi THPT,2023,22.0,Kỹ thuật xây dựng
15222,DDA,ky-thuat-xay-dung,D01,Điểm thi THPT,2023,22.0,Kỹ thuật xây dựng
15223,DDA,luat,A00,Điểm thi THPT,2023,19.0,Luật
15224,DDA,luat,A01,Điểm thi THPT,2023,19.0,Luật
15225,DDA,luat,A03,Điểm thi THPT,2023,19.0,Luật
15226,DDA,luat,C00,Điểm thi THPT,2023,19.0,Luật
15227,DDA,luat,D01,Điểm thi THPT,2023,19.0,Luật
15228,DDA,luat,D14,Điểm thi THPT,2023,19.0,Luật
15229,DDA,luat,D15,Điểm thi THPT,2023,19.0,Luật
15230,DDA,ngon-ngu-anh,A00,Điểm thi THPT,2023,18.5,Ngôn ngữ Anh
15231,DDA,ngon-ngu-anh,A01,Điểm thi THPT,2023,18.5,Ngôn ngữ Anh
15232,DDA,ngon-ngu-anh,A03,Điểm thi THPT,2023,18.5,Ngôn ngữ Anh
15233,DDA,ngon-ngu-anh,C00,Điểm thi THPT,2023,18.5,Ngôn ngữ Anh
15234,DDA,ngon-ngu-anh,D01,Điểm thi THPT,2023,18.5,Ngôn ngữ Anh
15235,DDA,ngon-ngu-anh,D14,Điểm thi THPT,2023,18.5,Ngôn ngữ Anh
15236,DDA,ngon-ngu-anh,D15,Điểm thi THPT,2023,18.5,Ngôn ngữ Anh
15237,DDA,quan-tri-dich-vu-du-lich-va-lu-hanh,C00,Điểm học bạ,2021,18.0,Quản trị dịch vụ du lịch và lữ hành
15238,DDA,quan-tri-dich-vu-du-lich-va-lu-hanh,D01,Điểm học bạ,2021,18.0,Quản trị dịch vụ du lịch và lữ hành
15239,DDA,quan-tri-dich-vu-du-lich-va-lu-hanh,D14,Điểm học bạ,2021,18.0,Quản trị dịch vụ du lịch và lữ hành
15240,DDA,quan-tri-dich-vu-du-lich-va-lu-hanh,D15,Điểm học bạ,2021,18.0,Quản trị dịch vụ du lịch và lữ hành
15241,DDA,quan-tri-dich-vu-du-lich-va-lu-hanh,C00,Điểm thi THPT,2021,16.0,Quản trị dịch vụ du lịch và lữ hành
15242,DDA,quan-tri-dich-vu-du-lich-va-lu-hanh,D01,Điểm thi THPT,2021,16.0,Quản trị dịch vụ du lịch và lữ hành
15243,DDA,quan-tri-dich-vu-du-lich-va-lu-hanh,D14,Điểm thi THPT,2021,16.0,Quản trị dịch vụ du lịch và lữ hành
15244,DDA,quan-tri-dich-vu-du-lich-va-lu-hanh,D15,Điểm thi THPT,2021,16.0,Quản trị dịch vụ du lịch và lữ hành
15245,DDA,quan-tri-dich-vu-du-lich-va-lu-hanh,A00,Điểm thi THPT,2023,18.5,Quản trị dịch vụ du lịch và lữ hành
15246,DDA,quan-tri-dich-vu-du-lich-va-lu-hanh,A03,Điểm thi THPT,2023,18.5,Quản trị dịch vụ du lịch và lữ hành
15247,DDA,quan-tri-dich-vu-du-lich-va-lu-hanh,C00,Điểm thi THPT,2023,18.5,Quản trị dịch vụ du lịch và lữ hành
15248,DDA,quan-tri-dich-vu-du-lich-va-lu-hanh,C01,Điểm thi THPT,2023,18.5,Quản trị dịch vụ du lịch và lữ hành
15249,DDA,quan-tri-dich-vu-du-lich-va-lu-hanh,D01,Điểm thi THPT,2023,18.5,Quản trị dịch vụ du lịch và lữ hành
15250,DDA,quan-tri-dich-vu-du-lich-va-lu-hanh,D10,Điểm thi THPT,2023,18.5,Quản trị dịch vụ du lịch và lữ hành
15251,DDA,quan-tri-dich-vu-du-lich-va-lu-hanh,D14,Điểm thi THPT,2023,18.5,Quản trị dịch vụ du lịch và lữ hành
15252,DDA,quan-tri-dich-vu-du-lich-va-lu-hanh,D15,Điểm thi THPT,2023,18.5,Quản trị dịch vụ du lịch và lữ hành
15253,DDA,quan-tri-khach-san,C00,Điểm học bạ,2021,18.0,Quản trị khách sạn
15254,DDA,quan-tri-khach-san,D01,Điểm học bạ,2021,18.0,Quản trị khách sạn
15255,DDA,quan-tri-khach-san,D14,Điểm học bạ,2021,18.0,Quản trị khách sạn
15256,DDA,quan-tri-khach-san,D15,Điểm học bạ,2021,18.0,Quản trị khách sạn
15257,DDA,quan-tri-khach-san,C00,Điểm thi THPT,2021,16.0,Quản trị khách sạn
15258,DDA,quan-tri-khach-san,D01,Điểm thi THPT,2021,16.0,Quản trị khách sạn
15259,DDA,quan-tri-khach-san,D14,Điểm thi THPT,2021,16.0,Quản trị khách sạn
15260,DDA,quan-tri-khach-san,D15,Điểm thi THPT,2021,16.0,Quản trị khách sạn
15261,DDA,quan-tri-khach-san,A00,Điểm thi THPT,2023,18.0,Quản trị khách sạn
15262,DDA,quan-tri-khach-san,A03,Điểm thi THPT,2023,18.0,Quản trị khách sạn
15263,DDA,quan-tri-khach-san,C00,Điểm thi THPT,2023,18.0,Quản trị khách sạn
15264,DDA,quan-tri-khach-san,C01,Điểm thi THPT,2023,18.0,Quản trị khách sạn
15265,DDA,quan-tri-khach-san,D01,Điểm thi THPT,2023,18.0,Quản trị khách sạn
15266,DDA,quan-tri-khach-san,D10,Điểm thi THPT,2023,18.0,Quản trị khách sạn
15267,DDA,quan-tri-khach-san,D14,Điểm thi THPT,2023,18.0,Quản trị khách sạn
15268,DDA,quan-tri-khach-san,D15,Điểm thi THPT,2023,18.0,Quản trị khách sạn
15269,DDA,quan-tri-kinh-doanh,A00,Điểm học bạ,2021,18.0,Quản trị kinh doanh
15270,DDA,quan-tri-kinh-doanh,A01,Điểm học bạ,2021,18.0,Quản trị kinh doanh
15271,DDA,quan-tri-kinh-doanh,C00,Điểm học bạ,2021,18.0,Quản trị kinh doanh
15272,DDA,quan-tri-kinh-doanh,D01,Điểm học bạ,2021,18.0,Quản trị kinh doanh
15273,DDA,quan-tri-kinh-doanh,A00,Điểm thi THPT,2021,16.0,Quản trị kinh doanh
15274,DDA,quan-tri-kinh-doanh,A01,Điểm thi THPT,2021,16.0,Quản trị kinh doanh
15275,DDA,quan-tri-kinh-doanh,C00,Điểm thi THPT,2021,16.0,Quản trị kinh doanh
15276,DDA,quan-tri-kinh-doanh,D01,Điểm thi THPT,2021,16.0,Quản trị kinh doanh
15277,DDA,quan-tri-kinh-doanh,A00,Điểm thi THPT,2023,20.0,Quản trị kinh doanh
15278,DDA,quan-tri-kinh-doanh,A01,Điểm thi THPT,2023,20.0,Quản trị kinh doanh
15279,DDA,quan-tri-kinh-doanh,A03,Điểm thi THPT,2023,20.0,Quản trị kinh doanh
15280,DDA,quan-tri-kinh-doanh,C00,Điểm thi THPT,2023,20.0,Quản trị kinh doanh
15281,DDA,quan-tri-kinh-doanh,D01,Điểm thi THPT,2023,20.0,Quản trị kinh doanh
15282,DDA,quan-tri-kinh-doanh,D14,Điểm thi THPT,2023,20.0,Quản trị kinh doanh
15283,DDA,quan-tri-kinh-doanh,D15,Điểm thi THPT,2023,20.0,Quản trị kinh doanh
15284,DDA,tai-chinh-ngan-hang,A00,Điểm học bạ,2021,18.0,Tài chính ngân hàng
15285,DDA,tai-chinh-ngan-hang,A01,Điểm học bạ,2021,18.0,Tài chính ngân hàng
15286,DDA,tai-chinh-ngan-hang,C00,Điểm học bạ,2021,18.0,Tài chính ngân hàng
15287,DDA,tai-chinh-ngan-hang,D01,Điểm học bạ,2021,18.0,Tài chính ngân hàng
15288,DDA,tai-chinh-ngan-hang,A00,Điểm thi THPT,2021,15.0,Tài chính ngân hàng
15289,DDA,tai-chinh-ngan-hang,A01,Điểm thi THPT,2021,15.0,Tài chính ngân hàng
15290,DDA,tai-chinh-ngan-hang,C00,Điểm thi THPT,2021,15.0,Tài chính ngân hàng
15291,DDA,tai-chinh-ngan-hang,D01,Điểm thi THPT,2021,15.0,Tài chính ngân hàng
15292,DDA,tai-chinh-ngan-hang,A00,Điểm thi THPT,2023,18.0,Tài chính - Ngân hàng
15293,DDA,tai-chinh-ngan-hang,A01,Điểm thi THPT,2023,18.0,Tài chính - Ngân hàng
15294,DDA,tai-chinh-ngan-hang,A03,Điểm thi THPT,2023,18.0,Tài chính - Ngân hàng
15295,DDA,tai-chinh-ngan-hang,C00,Điểm thi THPT,2023,18.0,Tài chính - Ngân hàng
15296,DDA,tai-chinh-ngan-hang,D01,Điểm thi THPT,2023,18.0,Tài chính - Ngân hàng
15297,DDA,tai-chinh-ngan-hang,D14,Điểm thi THPT,2023,18.0,Tài chính - Ngân hàng
15298,DDA,tai-chinh-ngan-hang,D15,Điểm thi THPT,2023,18.0,Tài chính - Ngân hàng
15299,DDB,chinh-tri-hoc,A00,Điểm học bạ,2021,18.0,Chính trị học
15300,DDB,chinh-tri-hoc,A01,Điểm học bạ,2021,18.0,Chính trị học
15301,DDB,chinh-tri-hoc,C00,Điểm học bạ,2021,18.0,Chính trị học
15302,DDB,chinh-tri-hoc,D01,Điểm học bạ,2021,18.0,Chính trị học
15303,DDB,chinh-tri-hoc,A00,Điểm thi THPT,2021,15.0,Chính trị học
15304,DDB,chinh-tri-hoc,A01,Điểm thi THPT,2021,15.0,Chính trị học
15305,DDB,chinh-tri-hoc,C00,Điểm thi THPT,2021,15.0,Chính trị học
15306,DDB,chinh-tri-hoc,D01,Điểm thi THPT,2021,15.0,Chính trị học
15307,DDB,chinh-tri-hoc,A00,Điểm học bạ,2022,18.0,Chính trị học
15308,DDB,chinh-tri-hoc,A01,Điểm học bạ,2022,18.0,Chính trị học
15309,DDB,chinh-tri-hoc,C00,Điểm học bạ,2022,18.0,Chính trị học
15310,DDB,chinh-tri-hoc,D01,Điểm học bạ,2022,18.0,Chính trị học
15311,DDB,chinh-tri-hoc,A00,Điểm thi THPT,2022,14.0,Chính trị học
15312,DDB,chinh-tri-hoc,A01,Điểm thi THPT,2022,14.0,Chính trị học
15313,DDB,chinh-tri-hoc,C00,Điểm thi THPT,2022,14.0,Chính trị học
15314,DDB,chinh-tri-hoc,D01,Điểm thi THPT,2022,14.0,Chính trị học
15315,DDB,chinh-tri-hoc,A00,Điểm học bạ,2023,18.0,Chính trị học
15316,DDB,chinh-tri-hoc,A01,Điểm học bạ,2023,18.0,Chính trị học
15317,DDB,chinh-tri-hoc,C01,Điểm học bạ,2023,18.0,Chính trị học
15318,DDB,chinh-tri-hoc,D01,Điểm học bạ,2023,18.0,Chính trị học
15319,DDB,chinh-tri-hoc,A00,Điểm thi THPT,2023,14.0,Chính trị học
15320,DDB,chinh-tri-hoc,A01,Điểm thi THPT,2023,14.0,Chính trị học
15321,DDB,chinh-tri-hoc,C01,Điểm thi THPT,2023,14.0,Chính trị học
15322,DDB,chinh-tri-hoc,D01,Điểm thi THPT,2023,14.0,Chính trị học
15323,DDB,cnkt-co-dien-tu,A00,Điểm học bạ,2023,18.0,CNKT Cơ điện tử
15324,DDB,cnkt-co-dien-tu,A01,Điểm học bạ,2023,18.0,CNKT Cơ điện tử
15325,DDB,cnkt-co-dien-tu,D07,Điểm học bạ,2023,18.0,CNKT Cơ điện tử
15326,DDB,cnkt-co-dien-tu,D08,Điểm học bạ,2023,18.0,CNKT Cơ điện tử
15327,DDB,cnkt-co-dien-tu,A00,Điểm thi THPT,2023,14.0,CNKT Cơ điện tử
15328,DDB,cnkt-co-dien-tu,A01,Điểm thi THPT,2023,14.0,CNKT Cơ điện tử
15329,DDB,cnkt-co-dien-tu,D07,Điểm thi THPT,2023,14.0,CNKT Cơ điện tử
15330,DDB,cnkt-co-dien-tu,D08,Điểm thi THPT,2023,14.0,CNKT Cơ điện tử
15331,DDB,cnkt-oto,A00,Điểm học bạ,2023,18.0,CNKT Ôtô
15332,DDB,cnkt-oto,A01,Điểm học bạ,2023,18.0,CNKT Ôtô
15333,DDB,cnkt-oto,C01,Điểm học bạ,2023,18.0,CNKT Ôtô
15334,DDB,cnkt-oto,D01,Điểm học bạ,2023,18.0,CNKT Ôtô
15335,DDB,cnkt-oto,A00,Điểm thi THPT,2023,14.0,CNKT Ôtô
15336,DDB,cnkt-oto,A01,Điểm thi THPT,2023,14.0,CNKT Ôtô
15337,DDB,cnkt-oto,C01,Điểm thi THPT,2023,14.0,CNKT Ôtô
15338,DDB,cnkt-oto,D01,Điểm thi THPT,2023,14.0,CNKT Ôtô
15339,DDB,cnkt-xay-dung,A00,Điểm học bạ,2023,18.0,CNKT Xây dựng
15340,DDB,cnkt-xay-dung,A01,Điểm học bạ,2023,18.0,CNKT Xây dựng
15341,DDB,cnkt-xay-dung,D07,Điểm học bạ,2023,18.0,CNKT Xây dựng
15342,DDB,cnkt-xay-dung,D08,Điểm học bạ,2023,18.0,CNKT Xây dựng
15343,DDB,cnkt-xay-dung,A00,Điểm thi THPT,2023,14.0,CNKT Xây dựng
15344,DDB,cnkt-xay-dung,A01,Điểm thi THPT,2023,14.0,CNKT Xây dựng
15345,DDB,cnkt-xay-dung,D07,Điểm thi THPT,2023,14.0,CNKT Xây dựng
15346,DDB,cnkt-xay-dung,D08,Điểm thi THPT,2023,14.0,CNKT Xây dựng
15347,DDB,cong-nghe-ky-thuat-co-dien-tu,A00,Điểm học bạ,2024,18.0,Công nghệ kỹ thuật cơ điện tử
15348,DDB,cong-nghe-ky-thuat-co-dien-tu,A01,Điểm học bạ,2024,18.0,Công nghệ kỹ thuật cơ điện tử
15349,DDB,cong-nghe-ky-thuat-co-dien-tu,D07,Điểm học bạ,2024,18.0,Công nghệ kỹ thuật cơ điện tử
15350,DDB,cong-nghe-ky-thuat-co-dien-tu,D08,Điểm học bạ,2024,18.0,Công nghệ kỹ thuật cơ điện tử
15351,DDB,cong-nghe-ky-thuat-co-dien-tu,A00,Điểm thi THPT,2024,14.0,Công nghệ kỹ thuật cơ điện tử
15352,DDB,cong-nghe-ky-thuat-co-dien-tu,A01,Điểm thi THPT,2024,14.0,Công nghệ kỹ thuật cơ điện tử
15353,DDB,cong-nghe-ky-thuat-co-dien-tu,D07,Điểm thi THPT,2024,14.0,Công nghệ kỹ thuật cơ điện tử
15354,DDB,cong-nghe-ky-thuat-co-dien-tu,D08,Điểm thi THPT,2024,14.0,Công nghệ kỹ thuật cơ điện tử
15355,DDB,cong-nghe-ky-thuat-co-khi,A00,Điểm học bạ,2024,18.0,Công nghệ kỹ thuật cơ khí
15356,DDB,cong-nghe-ky-thuat-co-khi,A01,Điểm học bạ,2024,18.0,Công nghệ kỹ thuật cơ khí
15357,DDB,cong-nghe-ky-thuat-co-khi,D07,Điểm học bạ,2024,18.0,Công nghệ kỹ thuật cơ khí
15358,DDB,cong-nghe-ky-thuat-co-khi,D08,Điểm học bạ,2024,18.0,Công nghệ kỹ thuật cơ khí
15359,DDB,cong-nghe-ky-thuat-co-khi,A00,Điểm thi THPT,2024,14.0,Công nghệ kỹ thuật cơ khí
15360,DDB,cong-nghe-ky-thuat-co-khi,A01,Điểm thi THPT,2024,14.0,Công nghệ kỹ thuật cơ khí
15361,DDB,cong-nghe-ky-thuat-co-khi,D07,Điểm thi THPT,2024,14.0,Công nghệ kỹ thuật cơ khí
15362,DDB,cong-nghe-ky-thuat-co-khi,D08,Điểm thi THPT,2024,14.0,Công nghệ kỹ thuật cơ khí
15363,DDB,cong-nghe-ky-thuat-o-to,A00,Điểm học bạ,2021,18.0,Công nghệ kỹ thuật ô tô
15364,DDB,cong-nghe-ky-thuat-o-to,A01,Điểm học bạ,2021,18.0,Công nghệ kỹ thuật ô tô
15365,DDB,cong-nghe-ky-thuat-o-to,C01,Điểm học bạ,2021,18.0,Công nghệ kỹ thuật ô tô
15366,DDB,cong-nghe-ky-thuat-o-to,D01,Điểm học bạ,2021,18.0,Công nghệ kỹ thuật ô tô
15367,DDB,cong-nghe-ky-thuat-o-to,A00,Điểm thi THPT,2021,15.0,Công nghệ kỹ thuật ô tô
15368,DDB,cong-nghe-ky-thuat-o-to,A01,Điểm thi THPT,2021,15.0,Công nghệ kỹ thuật ô tô
15369,DDB,cong-nghe-ky-thuat-o-to,C01,Điểm thi THPT,2021,15.0,Công nghệ kỹ thuật ô tô
15370,DDB,cong-nghe-ky-thuat-o-to,D01,Điểm thi THPT,2021,15.0,Công nghệ kỹ thuật ô tô
15371,DDB,cong-nghe-ky-thuat-o-to,A00,Điểm học bạ,2022,18.0,Công nghệ kỹ thuật ô tô
15372,DDB,cong-nghe-ky-thuat-o-to,A01,Điểm học bạ,2022,18.0,Công nghệ kỹ thuật ô tô
15373,DDB,cong-nghe-ky-thuat-o-to,C01,Điểm học bạ,2022,18.0,Công nghệ kỹ thuật ô tô
15374,DDB,cong-nghe-ky-thuat-o-to,D01,Điểm học bạ,2022,18.0,Công nghệ kỹ thuật ô tô
15375,DDB,cong-nghe-ky-thuat-o-to,A00,Điểm thi THPT,2022,14.0,Công nghệ kỹ thuật ô tô
15376,DDB,cong-nghe-ky-thuat-o-to,A01,Điểm thi THPT,2022,14.0,Công nghệ kỹ thuật ô tô
15377,DDB,cong-nghe-ky-thuat-o-to,C01,Điểm thi THPT,2022,14.0,Công nghệ kỹ thuật ô tô
15378,DDB,cong-nghe-ky-thuat-o-to,D01,Điểm thi THPT,2022,14.0,Công nghệ kỹ thuật ô tô
15379,DDB,cong-nghe-ky-thuat-o-to,A00,Điểm học bạ,2024,18.0,Công nghệ kỹ thuật ô tô
15380,DDB,cong-nghe-ky-thuat-o-to,A01,Điểm học bạ,2024,18.0,Công nghệ kỹ thuật ô tô
15381,DDB,cong-nghe-ky-thuat-o-to,C01,Điểm học bạ,2024,18.0,Công nghệ kỹ thuật ô tô
15382,DDB,cong-nghe-ky-thuat-o-to,D01,Điểm học bạ,2024,18.0,Công nghệ kỹ thuật ô tô
15383,DDB,cong-nghe-ky-thuat-o-to,A00,Điểm thi THPT,2024,14.0,Công nghệ kỹ thuật ô tô
15384,DDB,cong-nghe-ky-thuat-o-to,A01,Điểm thi THPT,2024,14.0,Công nghệ kỹ thuật ô tô
15385,DDB,cong-nghe-ky-thuat-o-to,C01,Điểm thi THPT,2024,14.0,Công nghệ kỹ thuật ô tô
15386,DDB,cong-nghe-ky-thuat-o-to,D01,Điểm thi THPT,2024,14.0,Công nghệ kỹ thuật ô tô
15387,DDB,cong-nghe-ky-thuat-xay-dung,A00,Điểm học bạ,2021,18.0,Công nghệ kỹ thuật xây dựng
15388,DDB,cong-nghe-ky-thuat-xay-dung,A01,Điểm học bạ,2021,18.0,Công nghệ kỹ thuật xây dựng
15389,DDB,cong-nghe-ky-thuat-xay-dung,D07,Điểm học bạ,2021,18.0,Công nghệ kỹ thuật xây dựng
15390,DDB,cong-nghe-ky-thuat-xay-dung,D08,Điểm học bạ,2021,18.0,Công nghệ kỹ thuật xây dựng
15391,DDB,cong-nghe-ky-thuat-xay-dung,A00,Điểm thi THPT,2021,15.0,Công nghệ kỹ thuật xây dựng
15392,DDB,cong-nghe-ky-thuat-xay-dung,A01,Điểm thi THPT,2021,15.0,Công nghệ kỹ thuật xây dựng
15393,DDB,cong-nghe-ky-thuat-xay-dung,D07,Điểm thi THPT,2021,15.0,Công nghệ kỹ thuật xây dựng
15394,DDB,cong-nghe-ky-thuat-xay-dung,D08,Điểm thi THPT,2021,15.0,Công nghệ kỹ thuật xây dựng
15395,DDB,cong-nghe-ky-thuat-xay-dung,A00,Điểm học bạ,2022,18.0,Công nghệ kỹ thuật xây dựng
15396,DDB,cong-nghe-ky-thuat-xay-dung,A01,Điểm học bạ,2022,18.0,Công nghệ kỹ thuật xây dựng
15397,DDB,cong-nghe-ky-thuat-xay-dung,D07,Điểm học bạ,2022,18.0,Công nghệ kỹ thuật xây dựng
15398,DDB,cong-nghe-ky-thuat-xay-dung,D08,Điểm học bạ,2022,18.0,Công nghệ kỹ thuật xây dựng
15399,DDB,cong-nghe-ky-thuat-xay-dung,A00,Điểm thi THPT,2022,14.0,Công nghệ kỹ thuật xây dựng
15400,DDB,cong-nghe-ky-thuat-xay-dung,A01,Điểm thi THPT,2022,14.0,Công nghệ kỹ thuật xây dựng
15401,DDB,cong-nghe-ky-thuat-xay-dung,D07,Điểm thi THPT,2022,14.0,Công nghệ kỹ thuật xây dựng
15402,DDB,cong-nghe-ky-thuat-xay-dung,D08,Điểm thi THPT,2022,14.0,Công nghệ kỹ thuật xây dựng
15403,DDB,cong-nghe-ky-thuat-xay-dung,A00,Điểm học bạ,2024,18.0,Công nghệ kỹ thuật xây dựng
15404,DDB,cong-nghe-ky-thuat-xay-dung,A01,Điểm học bạ,2024,18.0,Công nghệ kỹ thuật xây dựng
15405,DDB,cong-nghe-ky-thuat-xay-dung,D07,Điểm học bạ,2024,18.0,Công nghệ kỹ thuật xây dựng
15406,DDB,cong-nghe-ky-thuat-xay-dung,D08,Điểm học bạ,2024,18.0,Công nghệ kỹ thuật xây dựng
15407,DDB,cong-nghe-ky-thuat-xay-dung,A00,Điểm thi THPT,2024,14.0,Công nghệ kỹ thuật xây dựng
15408,DDB,cong-nghe-ky-thuat-xay-dung,A01,Điểm thi THPT,2024,14.0,Công nghệ kỹ thuật xây dựng
15409,DDB,cong-nghe-ky-thuat-xay-dung,D07,Điểm thi THPT,2024,14.0,Công nghệ kỹ thuật xây dựng
15410,DDB,cong-nghe-ky-thuat-xay-dung,D08,Điểm thi THPT,2024,14.0,Công nghệ kỹ thuật xây dựng
15411,DDB,cong-nghe-thong-tin,A00,Điểm học bạ,2021,18.0,Công nghệ thông tin
15412,DDB,cong-nghe-thong-tin,A01,Điểm học bạ,2021,18.0,Công nghệ thông tin
15413,DDB,cong-nghe-thong-tin,D07,Điểm học bạ,2021,18.0,Công nghệ thông tin
15414,DDB,cong-nghe-thong-tin,D08,Điểm học bạ,2021,18.0,Công nghệ thông tin
15415,DDB,cong-nghe-thong-tin,A00,Điểm thi THPT,2021,15.0,Công nghệ thông tin
15416,DDB,cong-nghe-thong-tin,A01,Điểm thi THPT,2021,15.0,Công nghệ thông tin
15417,DDB,cong-nghe-thong-tin,D07,Điểm thi THPT,2021,15.0,Công nghệ thông tin
15418,DDB,cong-nghe-thong-tin,D08,Điểm thi THPT,2021,15.0,Công nghệ thông tin
15419,DDB,cong-nghe-thong-tin,A00,Điểm học bạ,2022,18.0,Công nghệ thông tin
15420,DDB,cong-nghe-thong-tin,A01,Điểm học bạ,2022,18.0,Công nghệ thông tin
15421,DDB,cong-nghe-thong-tin,D07,Điểm học bạ,2022,18.0,Công nghệ thông tin
15422,DDB,cong-nghe-thong-tin,D08,Điểm học bạ,2022,18.0,Công nghệ thông tin
15423,DDB,cong-nghe-thong-tin,A00,Điểm thi THPT,2022,14.0,Công nghệ thông tin
15424,DDB,cong-nghe-thong-tin,A01,Điểm thi THPT,2022,14.0,Công nghệ thông tin
15425,DDB,cong-nghe-thong-tin,D07,Điểm thi THPT,2022,14.0,Công nghệ thông tin
15426,DDB,cong-nghe-thong-tin,D08,Điểm thi THPT,2022,14.0,Công nghệ thông tin
15427,DDB,cong-nghe-thong-tin,A00,Điểm học bạ,2023,18.0,Công nghệ thông tin
15428,DDB,cong-nghe-thong-tin,A01,Điểm học bạ,2023,18.0,Công nghệ thông tin
15429,DDB,cong-nghe-thong-tin,D07,Điểm học bạ,2023,18.0,Công nghệ thông tin
15430,DDB,cong-nghe-thong-tin,D08,Điểm học bạ,2023,18.0,Công nghệ thông tin
15431,DDB,cong-nghe-thong-tin,A00,Điểm thi THPT,2023,14.0,Công nghệ thông tin
15432,DDB,cong-nghe-thong-tin,A01,Điểm thi THPT,2023,14.0,Công nghệ thông tin
15433,DDB,cong-nghe-thong-tin,D07,Điểm thi THPT,2023,14.0,Công nghệ thông tin
15434,DDB,cong-nghe-thong-tin,D08,Điểm thi THPT,2023,14.0,Công nghệ thông tin
15435,DDB,cong-nghe-thong-tin,A00,Điểm học bạ,2024,18.0,Công nghệ thông tin
15436,DDB,cong-nghe-thong-tin,A01,Điểm học bạ,2024,18.0,Công nghệ thông tin
15437,DDB,cong-nghe-thong-tin,D07,Điểm học bạ,2024,18.0,Công nghệ thông tin
15438,DDB,cong-nghe-thong-tin,D08,Điểm học bạ,2024,18.0,Công nghệ thông tin
15439,DDB,cong-nghe-thong-tin,A00,Điểm thi THPT,2024,14.0,Công nghệ thông tin
15440,DDB,cong-nghe-thong-tin,A01,Điểm thi THPT,2024,14.0,Công nghệ thông tin
15441,DDB,cong-nghe-thong-tin,D07,Điểm thi THPT,2024,14.0,Công nghệ thông tin
15442,DDB,cong-nghe-thong-tin,D08,Điểm thi THPT,2024,14.0,Công nghệ thông tin
15443,DDB,dieu-duong,A00,Điểm học bạ,2021,19.5,Điều dưỡng
15444,DDB,dieu-duong,A02,Điểm học bạ,2021,19.5,Điều dưỡng
15445,DDB,dieu-duong,B00,Điểm học bạ,2021,19.5,Điều dưỡng
15446,DDB,dieu-duong,A00,Điểm thi THPT,2021,19.0,Điều dưỡng
15447,DDB,dieu-duong,A02,Điểm thi THPT,2021,19.0,Điều dưỡng
15448,DDB,dieu-duong,B00,Điểm thi THPT,2021,19.0,Điều dưỡng
15449,DDB,dieu-duong,A00,Điểm học bạ,2022,19.5,Điều dưỡng
15450,DDB,dieu-duong,A02,Điểm học bạ,2022,19.5,Điều dưỡng
15451,DDB,dieu-duong,B00,Điểm học bạ,2022,19.5,Điều dưỡng
15452,DDB,dieu-duong,A00,Điểm thi THPT,2022,19.0,Điều dưỡng
15453,DDB,dieu-duong,A02,Điểm thi THPT,2022,19.0,Điều dưỡng
15454,DDB,dieu-duong,B00,Điểm thi THPT,2022,19.0,Điều dưỡng
15455,DDB,dieu-duong,A00,Điểm học bạ,2023,19.5,Điều dưỡng
15456,DDB,dieu-duong,A02,Điểm học bạ,2023,19.5,Điều dưỡng
15457,DDB,dieu-duong,B00,Điểm học bạ,2023,19.5,Điều dưỡng
15458,DDB,dieu-duong,A00,Điểm thi THPT,2023,19.0,Điều dưỡng
15459,DDB,dieu-duong,A02,Điểm thi THPT,2023,19.0,Điều dưỡng
15460,DDB,dieu-duong,B00,Điểm thi THPT,2023,19.0,Điều dưỡng
15461,DDB,dieu-duong,A00,Điểm học bạ,2024,19.5,Điều dưỡng
15462,DDB,dieu-duong,A02,Điểm học bạ,2024,19.5,Điều dưỡng
15463,DDB,dieu-duong,B00,Điểm học bạ,2024,19.5,Điều dưỡng
15464,DDB,dieu-duong,A00,Điểm thi THPT,2024,19.0,Điều dưỡng
15465,DDB,dieu-duong,A02,Điểm thi THPT,2024,19.0,Điều dưỡng
15466,DDB,dieu-duong,B00,Điểm thi THPT,2024,19.0,Điều dưỡng
15467,DDB,dinh-duong,A00,Điểm học bạ,2021,19.5,Dinh dưỡng
15468,DDB,dinh-duong,A02,Điểm học bạ,2021,19.5,Dinh dưỡng
15469,DDB,dinh-duong,B00,Điểm học bạ,2021,19.5,Dinh dưỡng
15470,DDB,dinh-duong,A00,Điểm thi THPT,2021,19.0,Dinh dưỡng
15471,DDB,dinh-duong,A02,Điểm thi THPT,2021,19.0,Dinh dưỡng
15472,DDB,dinh-duong,B00,Điểm thi THPT,2021,19.0,Dinh dưỡng
15473,DDB,dinh-duong,A00,Điểm học bạ,2022,19.5,Dinh dưỡng
15474,DDB,dinh-duong,A02,Điểm học bạ,2022,19.5,Dinh dưỡng
15475,DDB,dinh-duong,B00,Điểm học bạ,2022,19.5,Dinh dưỡng
15476,DDB,dinh-duong,A00,Điểm thi THPT,2022,19.0,Dinh dưỡng
15477,DDB,dinh-duong,A02,Điểm thi THPT,2022,19.0,Dinh dưỡng
15478,DDB,dinh-duong,B00,Điểm thi THPT,2022,19.0,Dinh dưỡng
15479,DDB,dinh-duong,A00,Điểm học bạ,2023,19.5,Dinh dưỡng
15480,DDB,dinh-duong,A02,Điểm học bạ,2023,19.5,Dinh dưỡng
15481,DDB,dinh-duong,B00,Điểm học bạ,2023,19.5,Dinh dưỡng
15482,DDB,dinh-duong,A00,Điểm thi THPT,2023,19.0,Dinh dưỡng
15483,DDB,dinh-duong,A02,Điểm thi THPT,2023,19.0,Dinh dưỡng
15484,DDB,dinh-duong,B00,Điểm thi THPT,2023,19.0,Dinh dưỡng
15485,DDB,dinh-duong,A00,Điểm học bạ,2024,19.5,Dinh dưỡng
15486,DDB,dinh-duong,A02,Điểm học bạ,2024,19.5,Dinh dưỡng
15487,DDB,dinh-duong,B00,Điểm học bạ,2024,19.5,Dinh dưỡng
15488,DDB,dinh-duong,A00,Điểm thi THPT,2024,19.0,Dinh dưỡng
15489,DDB,dinh-duong,A02,Điểm thi THPT,2024,19.0,Dinh dưỡng
15490,DDB,dinh-duong,B00,Điểm thi THPT,2024,19.0,Dinh dưỡng
15491,DDB,duoc-hoc,A00,Điểm học bạ,2021,24.0,Dược học
15492,DDB,duoc-hoc,A02,Điểm học bạ,2021,24.0,Dược học
15493,DDB,duoc-hoc,B00,Điểm học bạ,2021,24.0,Dược học
15494,DDB,duoc-hoc,A00,Điểm thi THPT,2021,21.0,Dược học
15495,DDB,duoc-hoc,A02,Điểm thi THPT,2021,21.0,Dược học
15496,DDB,duoc-hoc,B00,Điểm thi THPT,2021,21.0,Dược học
15497,DDB,duoc-hoc,A00,Điểm học bạ,2022,24.0,Dược học
15498,DDB,duoc-hoc,A02,Điểm học bạ,2022,24.0,Dược học
15499,DDB,duoc-hoc,B00,Điểm học bạ,2022,24.0,Dược học
15500,DDB,duoc-hoc,A00,Điểm thi THPT,2022,21.0,Dược học
15501,DDB,duoc-hoc,A02,Điểm thi THPT,2022,21.0,Dược học
15502,DDB,duoc-hoc,B00,Điểm thi THPT,2022,21.0,Dược học
15503,DDB,duoc-hoc,A00,Điểm học bạ,2023,24.0,Dược học
15504,DDB,duoc-hoc,A02,Điểm học bạ,2023,24.0,Dược học
15505,DDB,duoc-hoc,B00,Điểm học bạ,2023,24.0,Dược học
15506,DDB,duoc-hoc,A00,Điểm thi THPT,2023,21.0,Dược học
15507,DDB,duoc-hoc,A02,Điểm thi THPT,2023,21.0,Dược học
15508,DDB,duoc-hoc,B00,Điểm thi THPT,2023,21.0,Dược học
15509,DDB,duoc-hoc,A00,Điểm học bạ,2024,24.0,Dược học
15510,DDB,duoc-hoc,A02,Điểm học bạ,2024,24.0,Dược học
15511,DDB,duoc-hoc,B00,Điểm học bạ,2024,24.0,Dược học
15512,DDB,duoc-hoc,A00,Điểm thi THPT,2024,21.0,Dược học
15513,DDB,duoc-hoc,A02,Điểm thi THPT,2024,21.0,Dược học
15514,DDB,duoc-hoc,B00,Điểm thi THPT,2024,21.0,Dược học
15515,DDB,ke-toan,A00,Điểm học bạ,2021,18.0,Kế toán
15516,DDB,ke-toan,A01,Điểm học bạ,2021,18.0,Kế toán
15517,DDB,ke-toan,A07,Điểm học bạ,2021,18.0,Kế toán
15518,DDB,ke-toan,D01,Điểm học bạ,2021,18.0,Kế toán
15519,DDB,ke-toan,A00,Điểm thi THPT,2021,15.0,Kế toán
15520,DDB,ke-toan,A01,Điểm thi THPT,2021,15.0,Kế toán
15521,DDB,ke-toan,A07,Điểm thi THPT,2021,15.0,Kế toán
15522,DDB,ke-toan,D01,Điểm thi THPT,2021,15.0,Kế toán
15523,DDB,ke-toan,A00,Điểm học bạ,2022,18.0,Kế toán
15524,DDB,ke-toan,A01,Điểm học bạ,2022,18.0,Kế toán
15525,DDB,ke-toan,A07,Điểm học bạ,2022,18.0,Kế toán
15526,DDB,ke-toan,D01,Điểm học bạ,2022,18.0,Kế toán
15527,DDB,ke-toan,A00,Điểm thi THPT,2022,14.0,Kế toán
15528,DDB,ke-toan,A01,Điểm thi THPT,2022,14.0,Kế toán
15529,DDB,ke-toan,A07,Điểm thi THPT,2022,14.0,Kế toán
15530,DDB,ke-toan,D01,Điểm thi THPT,2022,14.0,Kế toán
15531,DDB,ke-toan,A00,Điểm học bạ,2023,18.0,Kế toán
15532,DDB,ke-toan,A01,Điểm học bạ,2023,18.0,Kế toán
15533,DDB,ke-toan,A07,Điểm học bạ,2023,18.0,Kế toán
15534,DDB,ke-toan,D01,Điểm học bạ,2023,18.0,Kế toán
15535,DDB,ke-toan,A00,Điểm thi THPT,2023,14.0,Kế toán
15536,DDB,ke-toan,A01,Điểm thi THPT,2023,14.0,Kế toán
15537,DDB,ke-toan,A07,Điểm thi THPT,2023,14.0,Kế toán
15538,DDB,ke-toan,D01,Điểm thi THPT,2023,14.0,Kế toán
15539,DDB,ke-toan,A00,Điểm học bạ,2024,18.0,Kế toán
15540,DDB,ke-toan,A01,Điểm học bạ,2024,18.0,Kế toán
15541,DDB,ke-toan,A07,Điểm học bạ,2024,18.0,Kế toán
15542,DDB,ke-toan,D01,Điểm học bạ,2024,18.0,Kế toán
15543,DDB,ke-toan,A00,Điểm thi THPT,2024,14.0,Kế toán
15544,DDB,ke-toan,A01,Điểm thi THPT,2024,14.0,Kế toán
15545,DDB,ke-toan,A07,Điểm thi THPT,2024,14.0,Kế toán
15546,DDB,ke-toan,D01,Điểm thi THPT,2024,14.0,Kế toán
15547,DDB,ktdk-va-tu-dong-hoa,A00,Điểm học bạ,2023,18.0,KTĐK và Tự động hóa
15548,DDB,ktdk-va-tu-dong-hoa,A01,Điểm học bạ,2023,18.0,KTĐK và Tự động hóa
15549,DDB,ktdk-va-tu-dong-hoa,D07,Điểm học bạ,2023,18.0,KTĐK và Tự động hóa
15550,DDB,ktdk-va-tu-dong-hoa,D08,Điểm học bạ,2023,18.0,KTĐK và Tự động hóa
15551,DDB,ktdk-va-tu-dong-hoa,A00,Điểm thi THPT,2023,14.0,KTĐK và Tự động hóa
15552,DDB,ktdk-va-tu-dong-hoa,A01,Điểm thi THPT,2023,14.0,KTĐK và Tự động hóa
15553,DDB,ktdk-va-tu-dong-hoa,D07,Điểm thi THPT,2023,14.0,KTĐK và Tự động hóa
15554,DDB,ktdk-va-tu-dong-hoa,D08,Điểm thi THPT,2023,14.0,KTĐK và Tự động hóa
15555,DDB,ky-thuat-dieu-khien-va-tu-dong-hoa,A00,Điểm học bạ,2022,18.0,Kỹ thuật điều khiển và tự động hóa
15556,DDB,ky-thuat-dieu-khien-va-tu-dong-hoa,A01,Điểm học bạ,2022,18.0,Kỹ thuật điều khiển và tự động hóa
15557,DDB,ky-thuat-dieu-khien-va-tu-dong-hoa,D07,Điểm học bạ,2022,18.0,Kỹ thuật điều khiển và tự động hóa
15558,DDB,ky-thuat-dieu-khien-va-tu-dong-hoa,D08,Điểm học bạ,2022,18.0,Kỹ thuật điều khiển và tự động hóa
15559,DDB,ky-thuat-dieu-khien-va-tu-dong-hoa,A00,Điểm thi THPT,2022,14.0,Kỹ thuật điều khiển và tự động hóa
15560,DDB,ky-thuat-dieu-khien-va-tu-dong-hoa,A01,Điểm thi THPT,2022,14.0,Kỹ thuật điều khiển và tự động hóa
15561,DDB,ky-thuat-dieu-khien-va-tu-dong-hoa,D07,Điểm thi THPT,2022,14.0,Kỹ thuật điều khiển và tự động hóa
15562,DDB,ky-thuat-dieu-khien-va-tu-dong-hoa,D08,Điểm thi THPT,2022,14.0,Kỹ thuật điều khiển và tự động hóa
15563,DDB,ky-thuat-dieu-khien-va-tu-dong-hoa,A00,Điểm học bạ,2024,18.0,Kỹ thuật điều khiển và tự động hóa
15564,DDB,ky-thuat-dieu-khien-va-tu-dong-hoa,A01,Điểm học bạ,2024,18.0,Kỹ thuật điều khiển và tự động hóa
15565,DDB,ky-thuat-dieu-khien-va-tu-dong-hoa,D07,Điểm học bạ,2024,18.0,Kỹ thuật điều khiển và tự động hóa
15566,DDB,ky-thuat-dieu-khien-va-tu-dong-hoa,D08,Điểm học bạ,2024,18.0,Kỹ thuật điều khiển và tự động hóa
15567,DDB,ky-thuat-dieu-khien-va-tu-dong-hoa,A00,Điểm thi THPT,2024,14.0,Kỹ thuật điều khiển và tự động hóa
15568,DDB,ky-thuat-dieu-khien-va-tu-dong-hoa,A01,Điểm thi THPT,2024,14.0,Kỹ thuật điều khiển và tự động hóa
15569,DDB,ky-thuat-dieu-khien-va-tu-dong-hoa,D07,Điểm thi THPT,2024,14.0,Kỹ thuật điều khiển và tự động hóa
15570,DDB,ky-thuat-dieu-khien-va-tu-dong-hoa,D08,Điểm thi THPT,2024,14.0,Kỹ thuật điều khiển và tự động hóa
15571,DDB,ky-thuat-hinh-anh-y-hoc,A00,Điểm học bạ,2022,19.5,Kỹ thuật hình ảnh y học
15572,DDB,ky-thuat-hinh-anh-y-hoc,A02,Điểm học bạ,2022,19.5,Kỹ thuật hình ảnh y học
15573,DDB,ky-thuat-hinh-anh-y-hoc,B00,Điểm học bạ,2022,19.5,Kỹ thuật hình ảnh y học
15574,DDB,ky-thuat-hinh-anh-y-hoc,A00,Điểm thi THPT,2022,19.0,Kỹ thuật hình ảnh y học
15575,DDB,ky-thuat-hinh-anh-y-hoc,A02,Điểm thi THPT,2022,19.0,Kỹ thuật hình ảnh y học
15576,DDB,ky-thuat-hinh-anh-y-hoc,B00,Điểm thi THPT,2022,19.0,Kỹ thuật hình ảnh y học
15577,DDB,ky-thuat-hinh-anh-y-hoc,A00,Điểm học bạ,2023,19.5,Kỹ thuật hình ảnh Y học
15578,DDB,ky-thuat-hinh-anh-y-hoc,A02,Điểm học bạ,2023,19.5,Kỹ thuật hình ảnh Y học
15579,DDB,ky-thuat-hinh-anh-y-hoc,B00,Điểm học bạ,2023,19.5,Kỹ thuật hình ảnh Y học
15580,DDB,ky-thuat-hinh-anh-y-hoc,A00,Điểm thi THPT,2023,19.0,Kỹ thuật hình ảnh Y học
15581,DDB,ky-thuat-hinh-anh-y-hoc,A02,Điểm thi THPT,2023,19.0,Kỹ thuật hình ảnh Y học
15582,DDB,ky-thuat-hinh-anh-y-hoc,B00,Điểm thi THPT,2023,19.0,Kỹ thuật hình ảnh Y học
15583,DDB,ky-thuat-hinh-anh-y-hoc,A00,Điểm học bạ,2024,19.5,Kỹ thuật hình ảnh y học
15584,DDB,ky-thuat-hinh-anh-y-hoc,A02,Điểm học bạ,2024,19.5,Kỹ thuật hình ảnh y học
15585,DDB,ky-thuat-hinh-anh-y-hoc,B00,Điểm học bạ,2024,19.5,Kỹ thuật hình ảnh y học
15586,DDB,ky-thuat-hinh-anh-y-hoc,A00,Điểm thi THPT,2024,19.0,Kỹ thuật hình ảnh y học
15587,DDB,ky-thuat-hinh-anh-y-hoc,A02,Điểm thi THPT,2024,19.0,Kỹ thuật hình ảnh y học
15588,DDB,ky-thuat-hinh-anh-y-hoc,B00,Điểm thi THPT,2024,19.0,Kỹ thuật hình ảnh y học
15589,DDB,ky-thuat-xet-nghiem-y-hoc,A00,Điểm học bạ,2022,19.5,Kỹ thuật xét nghiệm y học
15590,DDB,ky-thuat-xet-nghiem-y-hoc,A02,Điểm học bạ,2022,19.5,Kỹ thuật xét nghiệm y học
15591,DDB,ky-thuat-xet-nghiem-y-hoc,B00,Điểm học bạ,2022,19.5,Kỹ thuật xét nghiệm y học
15592,DDB,ky-thuat-xet-nghiem-y-hoc,A00,Điểm thi THPT,2022,19.0,Kỹ thuật xét nghiệm y học
15593,DDB,ky-thuat-xet-nghiem-y-hoc,A02,Điểm thi THPT,2022,19.0,Kỹ thuật xét nghiệm y học
15594,DDB,ky-thuat-xet-nghiem-y-hoc,B00,Điểm thi THPT,2022,19.0,Kỹ thuật xét nghiệm y học
15595,DDB,ky-thuat-xet-nghiem-y-hoc,A00,Điểm học bạ,2023,19.5,Kỹ thuật xét nghiệm Y học
15596,DDB,ky-thuat-xet-nghiem-y-hoc,A02,Điểm học bạ,2023,19.5,Kỹ thuật xét nghiệm Y học
15597,DDB,ky-thuat-xet-nghiem-y-hoc,B00,Điểm học bạ,2023,19.5,Kỹ thuật xét nghiệm Y học
15598,DDB,ky-thuat-xet-nghiem-y-hoc,A00,Điểm thi THPT,2023,19.0,Kỹ thuật xét nghiệm Y học
15599,DDB,ky-thuat-xet-nghiem-y-hoc,A02,Điểm thi THPT,2023,19.0,Kỹ thuật xét nghiệm Y học
15600,DDB,ky-thuat-xet-nghiem-y-hoc,B00,Điểm thi THPT,2023,19.0,Kỹ thuật xét nghiệm Y học
15601,DDB,ky-thuat-xet-nghiem-y-hoc,A00,Điểm học bạ,2024,19.5,Kỹ thuật xét nghiệm y học
15602,DDB,ky-thuat-xet-nghiem-y-hoc,A02,Điểm học bạ,2024,19.5,Kỹ thuật xét nghiệm y học
15603,DDB,ky-thuat-xet-nghiem-y-hoc,B00,Điểm học bạ,2024,19.5,Kỹ thuật xét nghiệm y học
15604,DDB,ky-thuat-xet-nghiem-y-hoc,A00,Điểm thi THPT,2024,19.0,Kỹ thuật xét nghiệm y học
15605,DDB,ky-thuat-xet-nghiem-y-hoc,A02,Điểm thi THPT,2024,19.0,Kỹ thuật xét nghiệm y học
15606,DDB,ky-thuat-xet-nghiem-y-hoc,B00,Điểm thi THPT,2024,19.0,Kỹ thuật xét nghiệm y học
15607,DDB,luat,A00,Điểm học bạ,2021,18.0,Luật
15608,DDB,luat,A01,Điểm học bạ,2021,18.0,Luật
15609,DDB,luat,C00,Điểm học bạ,2021,18.0,Luật
15610,DDB,luat,D01,Điểm học bạ,2021,18.0,Luật
15611,DDB,luat,A00,Điểm thi THPT,2021,15.0,Luật
15612,DDB,luat,A01,Điểm thi THPT,2021,15.0,Luật
15613,DDB,luat,C00,Điểm thi THPT,2021,15.0,Luật
15614,DDB,luat,D01,Điểm thi THPT,2021,15.0,Luật
15615,DDB,luat,A00,Điểm học bạ,2022,18.0,Luật
15616,DDB,luat,A01,Điểm học bạ,2022,18.0,Luật
15617,DDB,luat,C00,Điểm học bạ,2022,18.0,Luật
15618,DDB,luat,D01,Điểm học bạ,2022,18.0,Luật
15619,DDB,luat,A00,Điểm thi THPT,2022,14.0,Luật
15620,DDB,luat,A01,Điểm thi THPT,2022,14.0,Luật
15621,DDB,luat,C00,Điểm thi THPT,2022,14.0,Luật
15622,DDB,luat,D01,Điểm thi THPT,2022,14.0,Luật
15623,DDB,luat,A00,Điểm học bạ,2023,18.0,Luật
15624,DDB,luat,A01,Điểm học bạ,2023,18.0,Luật
15625,DDB,luat,C00,Điểm học bạ,2023,18.0,Luật
15626,DDB,luat,D01,Điểm học bạ,2023,18.0,Luật
15627,DDB,luat,A00,Điểm thi THPT,2023,14.0,Luật
15628,DDB,luat,A01,Điểm thi THPT,2023,14.0,Luật
15629,DDB,luat,C00,Điểm thi THPT,2023,14.0,Luật
15630,DDB,luat,D01,Điểm thi THPT,2023,14.0,Luật
15631,DDB,luat,A00,Điểm học bạ,2024,18.0,Luật
15632,DDB,luat,A01,Điểm học bạ,2024,18.0,Luật
15633,DDB,luat,C00,Điểm học bạ,2024,18.0,Luật
15634,DDB,luat,D01,Điểm học bạ,2024,18.0,Luật
15635,DDB,luat,A00,Điểm thi THPT,2024,14.0,Luật
15636,DDB,luat,A01,Điểm thi THPT,2024,14.0,Luật
15637,DDB,luat,C00,Điểm thi THPT,2024,14.0,Luật
15638,DDB,luat,D01,Điểm thi THPT,2024,14.0,Luật
15639,DDB,luat-kinh-te,A00,Điểm học bạ,2021,18.0,Luật kinh tế
15640,DDB,luat-kinh-te,A01,Điểm học bạ,2021,18.0,Luật kinh tế
15641,DDB,luat-kinh-te,C00,Điểm học bạ,2021,18.0,Luật kinh tế
15642,DDB,luat-kinh-te,D01,Điểm học bạ,2021,18.0,Luật kinh tế
15643,DDB,luat-kinh-te,A00,Điểm thi THPT,2021,15.0,Luật kinh tế
15644,DDB,luat-kinh-te,A01,Điểm thi THPT,2021,15.0,Luật kinh tế
15645,DDB,luat-kinh-te,C00,Điểm thi THPT,2021,15.0,Luật kinh tế
15646,DDB,luat-kinh-te,D01,Điểm thi THPT,2021,15.0,Luật kinh tế
15647,DDB,luat-kinh-te,A00,Điểm học bạ,2022,18.0,Luật kinh tế
15648,DDB,luat-kinh-te,A01,Điểm học bạ,2022,18.0,Luật kinh tế
15649,DDB,luat-kinh-te,C00,Điểm học bạ,2022,18.0,Luật kinh tế
15650,DDB,luat-kinh-te,D01,Điểm học bạ,2022,18.0,Luật kinh tế
15651,DDB,luat-kinh-te,A00,Điểm thi THPT,2022,14.0,Luật kinh tế
15652,DDB,luat-kinh-te,A01,Điểm thi THPT,2022,14.0,Luật kinh tế
15653,DDB,luat-kinh-te,C00,Điểm thi THPT,2022,14.0,Luật kinh tế
15654,DDB,luat-kinh-te,D01,Điểm thi THPT,2022,14.0,Luật kinh tế
15655,DDB,luat-kinh-te,A00,Điểm học bạ,2023,18.0,Luật kinh tế
15656,DDB,luat-kinh-te,A01,Điểm học bạ,2023,18.0,Luật kinh tế
15657,DDB,luat-kinh-te,C00,Điểm học bạ,2023,18.0,Luật kinh tế
15658,DDB,luat-kinh-te,D01,Điểm học bạ,2023,18.0,Luật kinh tế
15659,DDB,luat-kinh-te,A00,Điểm thi THPT,2023,14.0,Luật kinh tế
15660,DDB,luat-kinh-te,A01,Điểm thi THPT,2023,14.0,Luật kinh tế
15661,DDB,luat-kinh-te,C00,Điểm thi THPT,2023,14.0,Luật kinh tế
15662,DDB,luat-kinh-te,D01,Điểm thi THPT,2023,14.0,Luật kinh tế
15663,DDB,luat-kinh-te,A00,Điểm học bạ,2024,18.0,Luật kinh tế
15664,DDB,luat-kinh-te,A01,Điểm học bạ,2024,18.0,Luật kinh tế
15665,DDB,luat-kinh-te,C00,Điểm học bạ,2024,18.0,Luật kinh tế
15666,DDB,luat-kinh-te,D01,Điểm học bạ,2024,18.0,Luật kinh tế
15667,DDB,luat-kinh-te,A00,Điểm thi THPT,2024,14.0,Luật kinh tế
15668,DDB,luat-kinh-te,A01,Điểm thi THPT,2024,14.0,Luật kinh tế
15669,DDB,luat-kinh-te,C00,Điểm thi THPT,2024,14.0,Luật kinh tế
15670,DDB,luat-kinh-te,D01,Điểm thi THPT,2024,14.0,Luật kinh tế
15671,DDB,ngon-ngu-anh,D01,Điểm học bạ,2021,18.0,Ngôn ngữ Anh
15672,DDB,ngon-ngu-anh,D07,Điểm học bạ,2021,18.0,Ngôn ngữ Anh
15673,DDB,ngon-ngu-anh,D14,Điểm học bạ,2021,18.0,Ngôn ngữ Anh
15674,DDB,ngon-ngu-anh,D15,Điểm học bạ,2021,18.0,Ngôn ngữ Anh
15675,DDB,ngon-ngu-anh,D01,Điểm thi THPT,2021,15.0,Ngôn ngữ Anh
15676,DDB,ngon-ngu-anh,D07,Điểm thi THPT,2021,15.0,Ngôn ngữ Anh
15677,DDB,ngon-ngu-anh,D14,Điểm thi THPT,2021,15.0,Ngôn ngữ Anh
15678,DDB,ngon-ngu-anh,D15,Điểm thi THPT,2021,15.0,Ngôn ngữ Anh
15679,DDB,ngon-ngu-anh,D01,Điểm học bạ,2022,18.0,Ngôn ngữ Anh
15680,DDB,ngon-ngu-anh,D07,Điểm học bạ,2022,18.0,Ngôn ngữ Anh
15681,DDB,ngon-ngu-anh,D14,Điểm học bạ,2022,18.0,Ngôn ngữ Anh
15682,DDB,ngon-ngu-anh,D15,Điểm học bạ,2022,18.0,Ngôn ngữ Anh
15683,DDB,ngon-ngu-anh,D01,Điểm thi THPT,2022,14.0,Ngôn ngữ Anh
15684,DDB,ngon-ngu-anh,D07,Điểm thi THPT,2022,14.0,Ngôn ngữ Anh
15685,DDB,ngon-ngu-anh,D14,Điểm thi THPT,2022,14.0,Ngôn ngữ Anh
15686,DDB,ngon-ngu-anh,D15,Điểm thi THPT,2022,14.0,Ngôn ngữ Anh
15687,DDB,ngon-ngu-anh,D01,Điểm học bạ,2023,18.0,Ngôn ngữ Anh
15688,DDB,ngon-ngu-anh,D07,Điểm học bạ,2023,18.0,Ngôn ngữ Anh
15689,DDB,ngon-ngu-anh,D14,Điểm học bạ,2023,18.0,Ngôn ngữ Anh
15690,DDB,ngon-ngu-anh,D15,Điểm học bạ,2023,18.0,Ngôn ngữ Anh
15691,DDB,ngon-ngu-anh,D01,Điểm thi THPT,2023,14.0,Ngôn ngữ Anh
15692,DDB,ngon-ngu-anh,D07,Điểm thi THPT,2023,14.0,Ngôn ngữ Anh
15693,DDB,ngon-ngu-anh,D14,Điểm thi THPT,2023,14.0,Ngôn ngữ Anh
15694,DDB,ngon-ngu-anh,D15,Điểm thi THPT,2023,14.0,Ngôn ngữ Anh
15695,DDB,ngon-ngu-anh,D01,Điểm học bạ,2024,18.0,Ngôn ngữ Anh
15696,DDB,ngon-ngu-anh,D07,Điểm học bạ,2024,18.0,Ngôn ngữ Anh
15697,DDB,ngon-ngu-anh,D14,Điểm học bạ,2024,18.0,Ngôn ngữ Anh
15698,DDB,ngon-ngu-anh,D15,Điểm học bạ,2024,18.0,Ngôn ngữ Anh
15699,DDB,ngon-ngu-anh,D01,Điểm thi THPT,2024,14.0,Ngôn ngữ Anh
15700,DDB,ngon-ngu-anh,D07,Điểm thi THPT,2024,14.0,Ngôn ngữ Anh
15701,DDB,ngon-ngu-anh,D14,Điểm thi THPT,2024,14.0,Ngôn ngữ Anh
15702,DDB,ngon-ngu-anh,D15,Điểm thi THPT,2024,14.0,Ngôn ngữ Anh
15703,DDB,ngon-ngu-han-quoc,C00,Điểm học bạ,2023,18.0,Ngôn ngữ Hàn Quốc
15704,DDB,ngon-ngu-han-quoc,D01,Điểm học bạ,2023,18.0,Ngôn ngữ Hàn Quốc
15705,DDB,ngon-ngu-han-quoc,D14,Điểm học bạ,2023,18.0,Ngôn ngữ Hàn Quốc
15706,DDB,ngon-ngu-han-quoc,D15,Điểm học bạ,2023,18.0,Ngôn ngữ Hàn Quốc
15707,DDB,ngon-ngu-han-quoc,C00,Điểm thi THPT,2023,14.0,Ngôn ngữ Hàn Quốc
15708,DDB,ngon-ngu-han-quoc,D01,Điểm thi THPT,2023,14.0,Ngôn ngữ Hàn Quốc
15709,DDB,ngon-ngu-han-quoc,D14,Điểm thi THPT,2023,14.0,Ngôn ngữ Hàn Quốc
15710,DDB,ngon-ngu-han-quoc,D15,Điểm thi THPT,2023,14.0,Ngôn ngữ Hàn Quốc
15711,DDB,ngon-ngu-han-quoc,C00,Điểm học bạ,2024,18.0,Ngôn ngữ Hàn Quốc
15712,DDB,ngon-ngu-han-quoc,D01,Điểm học bạ,2024,18.0,Ngôn ngữ Hàn Quốc
15713,DDB,ngon-ngu-han-quoc,D14,Điểm học bạ,2024,18.0,Ngôn ngữ Hàn Quốc
15714,DDB,ngon-ngu-han-quoc,D15,Điểm học bạ,2024,18.0,Ngôn ngữ Hàn Quốc
15715,DDB,ngon-ngu-han-quoc,C00,Điểm thi THPT,2024,14.0,Ngôn ngữ Hàn Quốc
15716,DDB,ngon-ngu-han-quoc,D01,Điểm thi THPT,2024,14.0,Ngôn ngữ Hàn Quốc
15717,DDB,ngon-ngu-han-quoc,D14,Điểm thi THPT,2024,14.0,Ngôn ngữ Hàn Quốc
15718,DDB,ngon-ngu-han-quoc,D15,Điểm thi THPT,2024,14.0,Ngôn ngữ Hàn Quốc
15719,DDB,ngon-ngu-trung-quoc,C00,Điểm học bạ,2021,18.0,Ngôn ngữ Trung Quốc
15720,DDB,ngon-ngu-trung-quoc,D01,Điểm học bạ,2021,18.0,Ngôn ngữ Trung Quốc
15721,DDB,ngon-ngu-trung-quoc,D14,Điểm học bạ,2021,18.0,Ngôn ngữ Trung Quốc
15722,DDB,ngon-ngu-trung-quoc,D15,Điểm học bạ,2021,18.0,Ngôn ngữ Trung Quốc
15723,DDB,ngon-ngu-trung-quoc,C00,Điểm thi THPT,2021,15.0,Ngôn ngữ Trung Quốc
15724,DDB,ngon-ngu-trung-quoc,D01,Điểm thi THPT,2021,15.0,Ngôn ngữ Trung Quốc
15725,DDB,ngon-ngu-trung-quoc,D14,Điểm thi THPT,2021,15.0,Ngôn ngữ Trung Quốc
15726,DDB,ngon-ngu-trung-quoc,D15,Điểm thi THPT,2021,15.0,Ngôn ngữ Trung Quốc
15727,DDB,ngon-ngu-trung-quoc,C00,Điểm học bạ,2022,18.0,Ngôn ngữ Trung Quốc
15728,DDB,ngon-ngu-trung-quoc,D01,Điểm học bạ,2022,18.0,Ngôn ngữ Trung Quốc
15729,DDB,ngon-ngu-trung-quoc,D14,Điểm học bạ,2022,18.0,Ngôn ngữ Trung Quốc
15730,DDB,ngon-ngu-trung-quoc,D15,Điểm học bạ,2022,18.0,Ngôn ngữ Trung Quốc
15731,DDB,ngon-ngu-trung-quoc,C00,Điểm thi THPT,2022,14.0,Ngôn ngữ Trung Quốc
15732,DDB,ngon-ngu-trung-quoc,D01,Điểm thi THPT,2022,14.0,Ngôn ngữ Trung Quốc
15733,DDB,ngon-ngu-trung-quoc,D14,Điểm thi THPT,2022,14.0,Ngôn ngữ Trung Quốc
15734,DDB,ngon-ngu-trung-quoc,D15,Điểm thi THPT,2022,14.0,Ngôn ngữ Trung Quốc
15735,DDB,ngon-ngu-trung-quoc,C00,Điểm học bạ,2023,18.0,Ngôn ngữ Trung Quốc
15736,DDB,ngon-ngu-trung-quoc,D01,Điểm học bạ,2023,18.0,Ngôn ngữ Trung Quốc
15737,DDB,ngon-ngu-trung-quoc,D14,Điểm học bạ,2023,18.0,Ngôn ngữ Trung Quốc
15738,DDB,ngon-ngu-trung-quoc,D15,Điểm học bạ,2023,18.0,Ngôn ngữ Trung Quốc
15739,DDB,ngon-ngu-trung-quoc,C00,Điểm thi THPT,2023,14.0,Ngôn ngữ Trung Quốc
15740,DDB,ngon-ngu-trung-quoc,D01,Điểm thi THPT,2023,14.0,Ngôn ngữ Trung Quốc
15741,DDB,ngon-ngu-trung-quoc,D14,Điểm thi THPT,2023,14.0,Ngôn ngữ Trung Quốc
15742,DDB,ngon-ngu-trung-quoc,D15,Điểm thi THPT,2023,14.0,Ngôn ngữ Trung Quốc
15743,DDB,ngon-ngu-trung-quoc,C00,Điểm học bạ,2024,18.0,Ngôn ngữ Trung Quốc
15744,DDB,ngon-ngu-trung-quoc,D01,Điểm học bạ,2024,18.0,Ngôn ngữ Trung Quốc
15745,DDB,ngon-ngu-trung-quoc,D14,Điểm học bạ,2024,18.0,Ngôn ngữ Trung Quốc
15746,DDB,ngon-ngu-trung-quoc,D15,Điểm học bạ,2024,18.0,Ngôn ngữ Trung Quốc
15747,DDB,ngon-ngu-trung-quoc,C00,Điểm thi THPT,2024,14.0,Ngôn ngữ Trung Quốc
15748,DDB,ngon-ngu-trung-quoc,D01,Điểm thi THPT,2024,14.0,Ngôn ngữ Trung Quốc
15749,DDB,ngon-ngu-trung-quoc,D14,Điểm thi THPT,2024,14.0,Ngôn ngữ Trung Quốc
15750,DDB,ngon-ngu-trung-quoc,D15,Điểm thi THPT,2024,14.0,Ngôn ngữ Trung Quốc
15751,DDB,quan-ly-dat-dai,A00,Điểm học bạ,2021,18.0,Quản lý đất đai
15752,DDB,quan-ly-dat-dai,A04,Điểm học bạ,2021,18.0,Quản lý đất đai
15753,DDB,quan-ly-dat-dai,B00,Điểm học bạ,2021,18.0,Quản lý đất đai
15754,DDB,quan-ly-dat-dai,D01,Điểm học bạ,2021,18.0,Quản lý đất đai
15755,DDB,quan-ly-dat-dai,A00,Điểm thi THPT,2021,15.0,Quản lý đất đai
15756,DDB,quan-ly-dat-dai,A04,Điểm thi THPT,2021,15.0,Quản lý đất đai
15757,DDB,quan-ly-dat-dai,B00,Điểm thi THPT,2021,15.0,Quản lý đất đai
15758,DDB,quan-ly-dat-dai,D01,Điểm thi THPT,2021,15.0,Quản lý đất đai
15759,DDB,quan-ly-dat-dai,A00,Điểm học bạ,2022,18.0,Quản lý đất đai
15760,DDB,quan-ly-dat-dai,A04,Điểm học bạ,2022,18.0,Quản lý đất đai
15761,DDB,quan-ly-dat-dai,B00,Điểm học bạ,2022,18.0,Quản lý đất đai
15762,DDB,quan-ly-dat-dai,D01,Điểm học bạ,2022,18.0,Quản lý đất đai
15763,DDB,quan-ly-dat-dai,A00,Điểm thi THPT,2022,14.0,Quản lý đất đai
15764,DDB,quan-ly-dat-dai,A04,Điểm thi THPT,2022,14.0,Quản lý đất đai
15765,DDB,quan-ly-dat-dai,B00,Điểm thi THPT,2022,14.0,Quản lý đất đai
15766,DDB,quan-ly-dat-dai,D01,Điểm thi THPT,2022,14.0,Quản lý đất đai
15767,DDB,quan-ly-dat-dai,A00,Điểm học bạ,2023,18.0,Quản lý đất đai
15768,DDB,quan-ly-dat-dai,A04,Điểm học bạ,2023,18.0,Quản lý đất đai
15769,DDB,quan-ly-dat-dai,B00,Điểm học bạ,2023,18.0,Quản lý đất đai
15770,DDB,quan-ly-dat-dai,D01,Điểm học bạ,2023,18.0,Quản lý đất đai
15771,DDB,quan-ly-dat-dai,A00,Điểm thi THPT,2023,14.0,Quản lý đất đai
15772,DDB,quan-ly-dat-dai,A04,Điểm thi THPT,2023,14.0,Quản lý đất đai
15773,DDB,quan-ly-dat-dai,B00,Điểm thi THPT,2023,14.0,Quản lý đất đai
15774,DDB,quan-ly-dat-dai,D01,Điểm thi THPT,2023,14.0,Quản lý đất đai
15775,DDB,quan-ly-dat-dai,A00,Điểm học bạ,2024,18.0,Quản lý đất đai
15776,DDB,quan-ly-dat-dai,A04,Điểm học bạ,2024,18.0,Quản lý đất đai
15777,DDB,quan-ly-dat-dai,B00,Điểm học bạ,2024,18.0,Quản lý đất đai
15778,DDB,quan-ly-dat-dai,D01,Điểm học bạ,2024,18.0,Quản lý đất đai
15779,DDB,quan-ly-dat-dai,A00,Điểm thi THPT,2024,14.0,Quản lý đất đai
15780,DDB,quan-ly-dat-dai,A04,Điểm thi THPT,2024,14.0,Quản lý đất đai
15781,DDB,quan-ly-dat-dai,B00,Điểm thi THPT,2024,14.0,Quản lý đất đai
15782,DDB,quan-ly-dat-dai,D01,Điểm thi THPT,2024,14.0,Quản lý đất đai
15783,DDB,quan-ly-nha-nuoc,A00,Điểm học bạ,2021,18.0,Quản lý nhà nước
15784,DDB,quan-ly-nha-nuoc,A01,Điểm học bạ,2021,18.0,Quản lý nhà nước
15785,DDB,quan-ly-nha-nuoc,C00,Điểm học bạ,2021,18.0,Quản lý nhà nước
15786,DDB,quan-ly-nha-nuoc,D01,Điểm học bạ,2021,18.0,Quản lý nhà nước
15787,DDB,quan-ly-nha-nuoc,A00,Điểm thi THPT,2021,15.0,Quản lý nhà nước
15788,DDB,quan-ly-nha-nuoc,A01,Điểm thi THPT,2021,15.0,Quản lý nhà nước
15789,DDB,quan-ly-nha-nuoc,C00,Điểm thi THPT,2021,15.0,Quản lý nhà nước
15790,DDB,quan-ly-nha-nuoc,D01,Điểm thi THPT,2021,15.0,Quản lý nhà nước
15791,DDB,quan-ly-nha-nuoc,A00,Điểm học bạ,2022,18.0,Quản lý nhà nước
15792,DDB,quan-ly-nha-nuoc,A01,Điểm học bạ,2022,18.0,Quản lý nhà nước
15793,DDB,quan-ly-nha-nuoc,C00,Điểm học bạ,2022,18.0,Quản lý nhà nước
15794,DDB,quan-ly-nha-nuoc,D01,Điểm học bạ,2022,18.0,Quản lý nhà nước
15795,DDB,quan-ly-nha-nuoc,A00,Điểm thi THPT,2022,14.0,Quản lý nhà nước
15796,DDB,quan-ly-nha-nuoc,A01,Điểm thi THPT,2022,14.0,Quản lý nhà nước
15797,DDB,quan-ly-nha-nuoc,C00,Điểm thi THPT,2022,14.0,Quản lý nhà nước
15798,DDB,quan-ly-nha-nuoc,D01,Điểm thi THPT,2022,14.0,Quản lý nhà nước
15799,DDB,quan-ly-nha-nuoc,A00,Điểm học bạ,2023,18.0,Quản lý nhà nước
15800,DDB,quan-ly-nha-nuoc,A01,Điểm học bạ,2023,18.0,Quản lý nhà nước
15801,DDB,quan-ly-nha-nuoc,C00,Điểm học bạ,2023,18.0,Quản lý nhà nước
15802,DDB,quan-ly-nha-nuoc,D01,Điểm học bạ,2023,18.0,Quản lý nhà nước
15803,DDB,quan-ly-nha-nuoc,A00,Điểm thi THPT,2023,14.0,Quản lý nhà nước
15804,DDB,quan-ly-nha-nuoc,A01,Điểm thi THPT,2023,14.0,Quản lý nhà nước
15805,DDB,quan-ly-nha-nuoc,C00,Điểm thi THPT,2023,14.0,Quản lý nhà nước
15806,DDB,quan-ly-nha-nuoc,D01,Điểm thi THPT,2023,14.0,Quản lý nhà nước
15807,DDB,quan-ly-nha-nuoc,A00,Điểm học bạ,2024,18.0,Quản lý nhà nước
15808,DDB,quan-ly-nha-nuoc,A01,Điểm học bạ,2024,18.0,Quản lý nhà nước
15809,DDB,quan-ly-nha-nuoc,C00,Điểm học bạ,2024,18.0,Quản lý nhà nước
15810,DDB,quan-ly-nha-nuoc,D01,Điểm học bạ,2024,18.0,Quản lý nhà nước
15811,DDB,quan-ly-nha-nuoc,A00,Điểm thi THPT,2024,14.0,Quản lý nhà nước
15812,DDB,quan-ly-nha-nuoc,A01,Điểm thi THPT,2024,14.0,Quản lý nhà nước
15813,DDB,quan-ly-nha-nuoc,C00,Điểm thi THPT,2024,14.0,Quản lý nhà nước
15814,DDB,quan-ly-nha-nuoc,D01,Điểm thi THPT,2024,14.0,Quản lý nhà nước
15815,DDB,quan-tri-dich-vu-du-lich-va-lu-hanh,A00,Điểm học bạ,2021,18.0,Quản trị dịch vụ du lịch và lữ hành
15816,DDB,quan-tri-dich-vu-du-lich-va-lu-hanh,A01,Điểm học bạ,2021,18.0,Quản trị dịch vụ du lịch và lữ hành
15817,DDB,quan-tri-dich-vu-du-lich-va-lu-hanh,C00,Điểm học bạ,2021,18.0,Quản trị dịch vụ du lịch và lữ hành
15818,DDB,quan-tri-dich-vu-du-lich-va-lu-hanh,D01,Điểm học bạ,2021,18.0,Quản trị dịch vụ du lịch và lữ hành
15819,DDB,quan-tri-dich-vu-du-lich-va-lu-hanh,A00,Điểm thi THPT,2021,15.0,Quản trị dịch vụ du lịch và lữ hành
15820,DDB,quan-tri-dich-vu-du-lich-va-lu-hanh,A01,Điểm thi THPT,2021,15.0,Quản trị dịch vụ du lịch và lữ hành
15821,DDB,quan-tri-dich-vu-du-lich-va-lu-hanh,C00,Điểm thi THPT,2021,15.0,Quản trị dịch vụ du lịch và lữ hành
15822,DDB,quan-tri-dich-vu-du-lich-va-lu-hanh,D01,Điểm thi THPT,2021,15.0,Quản trị dịch vụ du lịch và lữ hành
15823,DDB,quan-tri-dich-vu-du-lich-va-lu-hanh,A00,Điểm học bạ,2022,18.0,Quản trị dịch vụ du lịch và lữ hành
15824,DDB,quan-tri-dich-vu-du-lich-va-lu-hanh,A01,Điểm học bạ,2022,18.0,Quản trị dịch vụ du lịch và lữ hành
15825,DDB,quan-tri-dich-vu-du-lich-va-lu-hanh,C00,Điểm học bạ,2022,18.0,Quản trị dịch vụ du lịch và lữ hành
15826,DDB,quan-tri-dich-vu-du-lich-va-lu-hanh,D01,Điểm học bạ,2022,18.0,Quản trị dịch vụ du lịch và lữ hành
15827,DDB,quan-tri-dich-vu-du-lich-va-lu-hanh,A00,Điểm thi THPT,2022,14.0,Quản trị dịch vụ du lịch và lữ hành
15828,DDB,quan-tri-dich-vu-du-lich-va-lu-hanh,A01,Điểm thi THPT,2022,14.0,Quản trị dịch vụ du lịch và lữ hành
15829,DDB,quan-tri-dich-vu-du-lich-va-lu-hanh,C00,Điểm thi THPT,2022,14.0,Quản trị dịch vụ du lịch và lữ hành
15830,DDB,quan-tri-dich-vu-du-lich-va-lu-hanh,D01,Điểm thi THPT,2022,14.0,Quản trị dịch vụ du lịch và lữ hành
15831,DDB,quan-tri-dich-vu-du-lich-va-lu-hanh,A00,Điểm học bạ,2023,18.0,Quản trị dịch vụ Du lịch và Lữ hành
15832,DDB,quan-tri-dich-vu-du-lich-va-lu-hanh,A01,Điểm học bạ,2023,18.0,Quản trị dịch vụ Du lịch và Lữ hành
15833,DDB,quan-tri-dich-vu-du-lich-va-lu-hanh,C00,Điểm học bạ,2023,18.0,Quản trị dịch vụ Du lịch và Lữ hành
15834,DDB,quan-tri-dich-vu-du-lich-va-lu-hanh,D01,Điểm học bạ,2023,18.0,Quản trị dịch vụ Du lịch và Lữ hành
15835,DDB,quan-tri-dich-vu-du-lich-va-lu-hanh,A00,Điểm thi THPT,2023,14.0,Quản trị dịch vụ Du lịch và Lữ hành
15836,DDB,quan-tri-dich-vu-du-lich-va-lu-hanh,A01,Điểm thi THPT,2023,14.0,Quản trị dịch vụ Du lịch và Lữ hành
15837,DDB,quan-tri-dich-vu-du-lich-va-lu-hanh,C00,Điểm thi THPT,2023,14.0,Quản trị dịch vụ Du lịch và Lữ hành
15838,DDB,quan-tri-dich-vu-du-lich-va-lu-hanh,D01,Điểm thi THPT,2023,14.0,Quản trị dịch vụ Du lịch và Lữ hành
15839,DDB,quan-tri-dich-vu-du-lich-va-lu-hanh,A00,Điểm học bạ,2024,18.0,Quản trị dịch vụ du lịch và lữ hành
15840,DDB,quan-tri-dich-vu-du-lich-va-lu-hanh,A01,Điểm học bạ,2024,18.0,Quản trị dịch vụ du lịch và lữ hành
15841,DDB,quan-tri-dich-vu-du-lich-va-lu-hanh,C00,Điểm học bạ,2024,18.0,Quản trị dịch vụ du lịch và lữ hành
15842,DDB,quan-tri-dich-vu-du-lich-va-lu-hanh,D01,Điểm học bạ,2024,18.0,Quản trị dịch vụ du lịch và lữ hành
15843,DDB,quan-tri-dich-vu-du-lich-va-lu-hanh,A00,Điểm thi THPT,2024,14.0,Quản trị dịch vụ du lịch và lữ hành
15844,DDB,quan-tri-dich-vu-du-lich-va-lu-hanh,A01,Điểm thi THPT,2024,14.0,Quản trị dịch vụ du lịch và lữ hành
15845,DDB,quan-tri-dich-vu-du-lich-va-lu-hanh,C00,Điểm thi THPT,2024,14.0,Quản trị dịch vụ du lịch và lữ hành
15846,DDB,quan-tri-dich-vu-du-lich-va-lu-hanh,D01,Điểm thi THPT,2024,14.0,Quản trị dịch vụ du lịch và lữ hành
15847,DDB,quan-tri-khach-san,A00,Điểm học bạ,2021,18.0,Quản trị khách sạn
15848,DDB,quan-tri-khach-san,A01,Điểm học bạ,2021,18.0,Quản trị khách sạn
15849,DDB,quan-tri-khach-san,C00,Điểm học bạ,2021,18.0,Quản trị khách sạn
15850,DDB,quan-tri-khach-san,D01,Điểm học bạ,2021,18.0,Quản trị khách sạn
15851,DDB,quan-tri-khach-san,A00,Điểm thi THPT,2021,15.0,Quản trị khách sạn
15852,DDB,quan-tri-khach-san,A01,Điểm thi THPT,2021,15.0,Quản trị khách sạn
15853,DDB,quan-tri-khach-san,C00,Điểm thi THPT,2021,15.0,Quản trị khách sạn
15854,DDB,quan-tri-khach-san,D01,Điểm thi THPT,2021,15.0,Quản trị khách sạn
15855,DDB,quan-tri-khach-san,A00,Điểm học bạ,2022,18.0,Quản trị khách sạn
15856,DDB,quan-tri-khach-san,A01,Điểm học bạ,2022,18.0,Quản trị khách sạn
15857,DDB,quan-tri-khach-san,C00,Điểm học bạ,2022,18.0,Quản trị khách sạn
15858,DDB,quan-tri-khach-san,D01,Điểm học bạ,2022,18.0,Quản trị khách sạn
15859,DDB,quan-tri-khach-san,A00,Điểm thi THPT,2022,14.0,Quản trị khách sạn
15860,DDB,quan-tri-khach-san,A01,Điểm thi THPT,2022,14.0,Quản trị khách sạn
15861,DDB,quan-tri-khach-san,C00,Điểm thi THPT,2022,14.0,Quản trị khách sạn
15862,DDB,quan-tri-khach-san,D01,Điểm thi THPT,2022,14.0,Quản trị khách sạn
15863,DDB,quan-tri-khach-san,A00,Điểm học bạ,2023,18.0,Quản trị khách sạn
15864,DDB,quan-tri-khach-san,A01,Điểm học bạ,2023,18.0,Quản trị khách sạn
15865,DDB,quan-tri-khach-san,C00,Điểm học bạ,2023,18.0,Quản trị khách sạn
15866,DDB,quan-tri-khach-san,D01,Điểm học bạ,2023,18.0,Quản trị khách sạn
15867,DDB,quan-tri-khach-san,A00,Điểm thi THPT,2023,14.0,Quản trị khách sạn
15868,DDB,quan-tri-khach-san,A01,Điểm thi THPT,2023,14.0,Quản trị khách sạn
15869,DDB,quan-tri-khach-san,C00,Điểm thi THPT,2023,14.0,Quản trị khách sạn
15870,DDB,quan-tri-khach-san,D01,Điểm thi THPT,2023,14.0,Quản trị khách sạn
15871,DDB,quan-tri-khach-san,A00,Điểm học bạ,2024,18.0,Quản trị khách sạn
15872,DDB,quan-tri-khach-san,A01,Điểm học bạ,2024,18.0,Quản trị khách sạn
15873,DDB,quan-tri-khach-san,C00,Điểm học bạ,2024,18.0,Quản trị khách sạn
15874,DDB,quan-tri-khach-san,D01,Điểm học bạ,2024,18.0,Quản trị khách sạn
15875,DDB,quan-tri-khach-san,A00,Điểm thi THPT,2024,14.0,Quản trị khách sạn
15876,DDB,quan-tri-khach-san,A01,Điểm thi THPT,2024,14.0,Quản trị khách sạn
15877,DDB,quan-tri-khach-san,C00,Điểm thi THPT,2024,14.0,Quản trị khách sạn
15878,DDB,quan-tri-khach-san,D01,Điểm thi THPT,2024,14.0,Quản trị khách sạn
15879,DDB,quan-tri-kinh-doanh,A00,Điểm học bạ,2021,18.0,Quản trị kinh doanh
15880,DDB,quan-tri-kinh-doanh,A01,Điểm học bạ,2021,18.0,Quản trị kinh doanh
15881,DDB,quan-tri-kinh-doanh,A07,Điểm học bạ,2021,18.0,Quản trị kinh doanh
15882,DDB,quan-tri-kinh-doanh,D01,Điểm học bạ,2021,18.0,Quản trị kinh doanh
15883,DDB,quan-tri-kinh-doanh,A00,Điểm thi THPT,2021,15.0,Quản trị kinh doanh
15884,DDB,quan-tri-kinh-doanh,A01,Điểm thi THPT,2021,15.0,Quản trị kinh doanh
15885,DDB,quan-tri-kinh-doanh,A07,Điểm thi THPT,2021,15.0,Quản trị kinh doanh
15886,DDB,quan-tri-kinh-doanh,D01,Điểm thi THPT,2021,15.0,Quản trị kinh doanh
15887,DDB,quan-tri-kinh-doanh,A00,Điểm học bạ,2022,18.0,Quản trị kinh doanh
15888,DDB,quan-tri-kinh-doanh,A01,Điểm học bạ,2022,18.0,Quản trị kinh doanh
15889,DDB,quan-tri-kinh-doanh,A07,Điểm học bạ,2022,18.0,Quản trị kinh doanh
15890,DDB,quan-tri-kinh-doanh,D01,Điểm học bạ,2022,18.0,Quản trị kinh doanh
15891,DDB,quan-tri-kinh-doanh,A00,Điểm thi THPT,2022,14.0,Quản trị kinh doanh
15892,DDB,quan-tri-kinh-doanh,A01,Điểm thi THPT,2022,14.0,Quản trị kinh doanh
15893,DDB,quan-tri-kinh-doanh,A07,Điểm thi THPT,2022,14.0,Quản trị kinh doanh
15894,DDB,quan-tri-kinh-doanh,D01,Điểm thi THPT,2022,14.0,Quản trị kinh doanh
15895,DDB,quan-tri-kinh-doanh,A00,Điểm học bạ,2023,18.0,Quản trị kinh doanh
15896,DDB,quan-tri-kinh-doanh,A01,Điểm học bạ,2023,18.0,Quản trị kinh doanh
15897,DDB,quan-tri-kinh-doanh,A07,Điểm học bạ,2023,18.0,Quản trị kinh doanh
15898,DDB,quan-tri-kinh-doanh,D01,Điểm học bạ,2023,18.0,Quản trị kinh doanh
15899,DDB,quan-tri-kinh-doanh,A00,Điểm thi THPT,2023,14.0,Quản trị kinh doanh
15900,DDB,quan-tri-kinh-doanh,A01,Điểm thi THPT,2023,14.0,Quản trị kinh doanh
15901,DDB,quan-tri-kinh-doanh,A07,Điểm thi THPT,2023,14.0,Quản trị kinh doanh
15902,DDB,quan-tri-kinh-doanh,D01,Điểm thi THPT,2023,14.0,Quản trị kinh doanh
15903,DDB,quan-tri-kinh-doanh,A00,Điểm học bạ,2024,18.0,Quản trị kinh doanh
15904,DDB,quan-tri-kinh-doanh,A01,Điểm học bạ,2024,18.0,Quản trị kinh doanh
15905,DDB,quan-tri-kinh-doanh,A07,Điểm học bạ,2024,18.0,Quản trị kinh doanh
15906,DDB,quan-tri-kinh-doanh,D01,Điểm học bạ,2024,18.0,Quản trị kinh doanh
15907,DDB,quan-tri-kinh-doanh,A00,Điểm thi THPT,2024,14.0,Quản trị kinh doanh
15908,DDB,quan-tri-kinh-doanh,A01,Điểm thi THPT,2024,14.0,Quản trị kinh doanh
15909,DDB,quan-tri-kinh-doanh,A07,Điểm thi THPT,2024,14.0,Quản trị kinh doanh
15910,DDB,quan-tri-kinh-doanh,D01,Điểm thi THPT,2024,14.0,Quản trị kinh doanh
15911,DDB,tai-chinh-ngan-hang,A00,Điểm học bạ,2021,18.0,Tài chính - Ngân hàng
15912,DDB,tai-chinh-ngan-hang,A01,Điểm học bạ,2021,18.0,Tài chính - Ngân hàng
15913,DDB,tai-chinh-ngan-hang,A07,Điểm học bạ,2021,18.0,Tài chính - Ngân hàng
15914,DDB,tai-chinh-ngan-hang,D01,Điểm học bạ,2021,18.0,Tài chính - Ngân hàng
15915,DDB,tai-chinh-ngan-hang,A00,Điểm thi THPT,2021,15.0,Tài chính - Ngân hàng
15916,DDB,tai-chinh-ngan-hang,A01,Điểm thi THPT,2021,15.0,Tài chính - Ngân hàng
15917,DDB,tai-chinh-ngan-hang,A07,Điểm thi THPT,2021,15.0,Tài chính - Ngân hàng
15918,DDB,tai-chinh-ngan-hang,D01,Điểm thi THPT,2021,15.0,Tài chính - Ngân hàng
15919,DDB,tai-chinh-ngan-hang,A00,Điểm học bạ,2022,18.0,Tài chính - Ngân hàng
15920,DDB,tai-chinh-ngan-hang,A01,Điểm học bạ,2022,18.0,Tài chính - Ngân hàng
15921,DDB,tai-chinh-ngan-hang,A07,Điểm học bạ,2022,18.0,Tài chính - Ngân hàng
15922,DDB,tai-chinh-ngan-hang,D01,Điểm học bạ,2022,18.0,Tài chính - Ngân hàng
15923,DDB,tai-chinh-ngan-hang,A00,Điểm thi THPT,2022,14.0,Tài chính - Ngân hàng
15924,DDB,tai-chinh-ngan-hang,A01,Điểm thi THPT,2022,14.0,Tài chính - Ngân hàng
15925,DDB,tai-chinh-ngan-hang,A07,Điểm thi THPT,2022,14.0,Tài chính - Ngân hàng
15926,DDB,tai-chinh-ngan-hang,D01,Điểm thi THPT,2022,14.0,Tài chính - Ngân hàng
15927,DDB,tai-chinh-ngan-hang,A00,Điểm học bạ,2023,18.0,Tài chính - Ngân hàng
15928,DDB,tai-chinh-ngan-hang,A01,Điểm học bạ,2023,18.0,Tài chính - Ngân hàng
15929,DDB,tai-chinh-ngan-hang,A07,Điểm học bạ,2023,18.0,Tài chính - Ngân hàng
15930,DDB,tai-chinh-ngan-hang,D01,Điểm học bạ,2023,18.0,Tài chính - Ngân hàng
15931,DDB,tai-chinh-ngan-hang,A00,Điểm thi THPT,2023,14.0,Tài chính - Ngân hàng
15932,DDB,tai-chinh-ngan-hang,A01,Điểm thi THPT,2023,14.0,Tài chính - Ngân hàng
15933,DDB,tai-chinh-ngan-hang,A07,Điểm thi THPT,2023,14.0,Tài chính - Ngân hàng
15934,DDB,tai-chinh-ngan-hang,D01,Điểm thi THPT,2023,14.0,Tài chính - Ngân hàng
15935,DDB,tai-chinh-ngan-hang,A00,Điểm học bạ,2024,18.0,Tài chính ngân hàng
15936,DDB,tai-chinh-ngan-hang,A01,Điểm học bạ,2024,18.0,Tài chính ngân hàng
15937,DDB,tai-chinh-ngan-hang,A07,Điểm học bạ,2024,18.0,Tài chính ngân hàng
15938,DDB,tai-chinh-ngan-hang,D01,Điểm học bạ,2024,18.0,Tài chính ngân hàng
15939,DDB,tai-chinh-ngan-hang,A00,Điểm thi THPT,2024,14.0,Tài chính ngân hàng
15940,DDB,tai-chinh-ngan-hang,A01,Điểm thi THPT,2024,14.0,Tài chính ngân hàng
15941,DDB,tai-chinh-ngan-hang,A07,Điểm thi THPT,2024,14.0,Tài chính ngân hàng
15942,DDB,tai-chinh-ngan-hang,D01,Điểm thi THPT,2024,14.0,Tài chính ngân hàng
15943,DDB,thu-y,A00,Điểm học bạ,2021,18.0,Thú y
15944,DDB,thu-y,A02,Điểm học bạ,2021,18.0,Thú y
15945,DDB,thu-y,B00,Điểm học bạ,2021,18.0,Thú y
15946,DDB,thu-y,A00,Điểm thi THPT,2021,15.0,Thú y
15947,DDB,thu-y,A02,Điểm thi THPT,2021,15.0,Thú y
15948,DDB,thu-y,B00,Điểm thi THPT,2021,15.0,Thú y
15949,DDB,thu-y,A00,Điểm học bạ,2022,18.0,Thú y
15950,DDB,thu-y,A02,Điểm học bạ,2022,18.0,Thú y
15951,DDB,thu-y,B00,Điểm học bạ,2022,18.0,Thú y
15952,DDB,thu-y,A00,Điểm thi THPT,2022,14.0,Thú y
15953,DDB,thu-y,A02,Điểm thi THPT,2022,14.0,Thú y
15954,DDB,thu-y,B00,Điểm thi THPT,2022,14.0,Thú y
15955,DDB,thu-y,A00,Điểm học bạ,2023,18.0,Thú Y
15956,DDB,thu-y,A02,Điểm học bạ,2023,18.0,Thú Y
15957,DDB,thu-y,B00,Điểm học bạ,2023,18.0,Thú Y
15958,DDB,thu-y,A00,Điểm thi THPT,2023,14.0,Thú Y
15959,DDB,thu-y,A02,Điểm thi THPT,2023,14.0,Thú Y
15960,DDB,thu-y,B00,Điểm thi THPT,2023,14.0,Thú Y
15961,DDB,thuong-mai-dien-tu,A00,Điểm học bạ,2024,18.0,Thương mại điện tử
15962,DDB,thuong-mai-dien-tu,A01,Điểm học bạ,2024,18.0,Thương mại điện tử
15963,DDB,thuong-mai-dien-tu,A07,Điểm học bạ,2024,18.0,Thương mại điện tử
15964,DDB,thuong-mai-dien-tu,D01,Điểm học bạ,2024,18.0,Thương mại điện tử
15965,DDB,thuong-mai-dien-tu,A00,Điểm thi THPT,2024,14.0,Thương mại điện tử
15966,DDB,thuong-mai-dien-tu,A01,Điểm thi THPT,2024,14.0,Thương mại điện tử
15967,DDB,thuong-mai-dien-tu,A07,Điểm thi THPT,2024,14.0,Thương mại điện tử
15968,DDB,thuong-mai-dien-tu,D01,Điểm thi THPT,2024,14.0,Thương mại điện tử
15969,DDB,y-hoc-co-truyen,A00,Điểm học bạ,2021,24.0,Y học cổ truyền
15970,DDB,y-hoc-co-truyen,A02,Điểm học bạ,2021,24.0,Y học cổ truyền
15971,DDB,y-hoc-co-truyen,B00,Điểm học bạ,2021,24.0,Y học cổ truyền
15972,DDB,y-hoc-co-truyen,A00,Điểm thi THPT,2021,21.0,Y học cổ truyền
15973,DDB,y-hoc-co-truyen,A02,Điểm thi THPT,2021,21.0,Y học cổ truyền
15974,DDB,y-hoc-co-truyen,B00,Điểm thi THPT,2021,21.0,Y học cổ truyền
15975,DDB,y-hoc-co-truyen,A00,Điểm học bạ,2022,24.0,Y học cổ truyền
15976,DDB,y-hoc-co-truyen,A02,Điểm học bạ,2022,24.0,Y học cổ truyền
15977,DDB,y-hoc-co-truyen,B00,Điểm học bạ,2022,24.0,Y học cổ truyền
15978,DDB,y-hoc-co-truyen,A00,Điểm thi THPT,2022,21.0,Y học cổ truyền
15979,DDB,y-hoc-co-truyen,A02,Điểm thi THPT,2022,21.0,Y học cổ truyền
15980,DDB,y-hoc-co-truyen,B00,Điểm thi THPT,2022,21.0,Y học cổ truyền
15981,DDB,y-hoc-co-truyen,A00,Điểm học bạ,2023,24.0,Y học cổ truyền
15982,DDB,y-hoc-co-truyen,A02,Điểm học bạ,2023,24.0,Y học cổ truyền
15983,DDB,y-hoc-co-truyen,B00,Điểm học bạ,2023,24.0,Y học cổ truyền
15984,DDB,y-hoc-co-truyen,A00,Điểm thi THPT,2023,21.0,Y học cổ truyền
15985,DDB,y-hoc-co-truyen,A02,Điểm thi THPT,2023,21.0,Y học cổ truyền
15986,DDB,y-hoc-co-truyen,B00,Điểm thi THPT,2023,21.0,Y học cổ truyền
15987,DDB,y-hoc-co-truyen,A00,Điểm học bạ,2024,24.0,Y học cổ truyền
15988,DDB,y-hoc-co-truyen,A02,Điểm học bạ,2024,24.0,Y học cổ truyền
15989,DDB,y-hoc-co-truyen,B00,Điểm học bạ,2024,24.0,Y học cổ truyền
15990,DDB,y-hoc-co-truyen,A00,Điểm thi THPT,2024,21.0,Y học cổ truyền
15991,DDB,y-hoc-co-truyen,A02,Điểm thi THPT,2024,21.0,Y học cổ truyền
15992,DDB,y-hoc-co-truyen,B00,Điểm thi THPT,2024,21.0,Y học cổ truyền
15993,DDF,dong-phuong-hoc,D01,Điểm thi THPT,2021,23.91,Đông phương học
15994,DDF,dong-phuong-hoc,D06,Điểm thi THPT,2021,23.91,Đông phương học
15995,DDF,dong-phuong-hoc,D09,Điểm thi THPT,2021,23.91,Đông phương học
15996,DDF,dong-phuong-hoc,D10,Điểm thi THPT,2021,23.91,Đông phương học
15997,DDF,dong-phuong-hoc,D14,Điểm thi THPT,2021,23.91,Đông phương học
15998,DDF,dong-phuong-hoc,D01,Điểm thi THPT,2022,19.6,Đông phương học
15999,DDF,dong-phuong-hoc,D06,Điểm thi THPT,2022,19.6,Đông phương học
16000,DDF,dong-phuong-hoc,D78,Điểm thi THPT,2022,19.6,Đông phương học
16001,DDF,dong-phuong-hoc,D96,Điểm thi THPT,2022,19.6,Đông phương học
16002,DDF,dong-phuong-hoc,D01,Điểm học bạ,2023,25.63,Đông phương học
16003,DDF,dong-phuong-hoc,D06,Điểm học bạ,2023,25.63,Đông phương học
16004,DDF,dong-phuong-hoc,D78,Điểm học bạ,2023,25.63,Đông phương học
16005,DDF,dong-phuong-hoc,D96,Điểm học bạ,2023,25.63,Đông phương học
16006,DDF,dong-phuong-hoc,D01,Điểm thi THPT,2023,21.81,Đông phương học
16007,DDF,dong-phuong-hoc,D06,Điểm thi THPT,2023,21.81,Đông phương học
16008,DDF,dong-phuong-hoc,D78,Điểm thi THPT,2023,21.81,Đông phương học
16009,DDF,dong-phuong-hoc,D96,Điểm thi THPT,2023,21.81,Đông phương học
16010,DDF,dong-phuong-hoc,D01,Điểm học bạ,2024,25.24,Đông phương học
16011,DDF,dong-phuong-hoc,D06,Điểm học bạ,2024,25.24,Đông phương học
16012,DDF,dong-phuong-hoc,D09,Điểm học bạ,2024,25.24,Đông phương học
16013,DDF,dong-phuong-hoc,D10,Điểm học bạ,2024,25.24,Đông phương học
16014,DDF,dong-phuong-hoc,D14,Điểm học bạ,2024,25.24,Đông phương học
16015,DDF,dong-phuong-hoc,D01,Điểm thi THPT,2024,20.88,Đông phương học
16016,DDF,dong-phuong-hoc,D06,Điểm thi THPT,2024,20.88,Đông phương học
16017,DDF,dong-phuong-hoc,D78,Điểm thi THPT,2024,20.88,Đông phương học
16018,DDF,dong-phuong-hoc,D96,Điểm thi THPT,2024,20.88,Đông phương học
16019,DDF,dong-phuong-hoc,D01,Điểm học bạ,2025,24.22,Đông phương học
16020,DDF,dong-phuong-hoc,D06,Điểm học bạ,2025,24.22,Đông phương học
16021,DDF,dong-phuong-hoc,D09,Điểm học bạ,2025,24.22,Đông phương học
16022,DDF,dong-phuong-hoc,D10,Điểm học bạ,2025,24.22,Đông phương học
16023,DDF,dong-phuong-hoc,D14,Điểm học bạ,2025,24.22,Đông phương học
16024,DDF,dong-phuong-hoc,D15,Điểm học bạ,2025,24.22,Đông phương học
16025,DDF,dong-phuong-hoc,D01,Điểm thi THPT,2025,18.25,Đông phương học
16026,DDF,dong-phuong-hoc,D06,Điểm thi THPT,2025,18.25,Đông phương học
16027,DDF,dong-phuong-hoc,D09,Điểm thi THPT,2025,18.25,Đông phương học
16028,DDF,dong-phuong-hoc,D10,Điểm thi THPT,2025,18.25,Đông phương học
16029,DDF,dong-phuong-hoc,D14,Điểm thi THPT,2025,18.25,Đông phương học
16030,DDF,dong-phuong-hoc,D15,Điểm thi THPT,2025,18.25,Đông phương học
16031,DDF,han-quoc-hoc,D01,Điểm học bạ,2024,25.0,Hàn Quốc học
16032,DDF,han-quoc-hoc,D14,Điểm học bạ,2024,25.0,Hàn Quốc học
16033,DDF,han-quoc-hoc,D15,Điểm học bạ,2024,25.0,Hàn Quốc học
16034,DDF,han-quoc-hoc,A01,Điểm thi THPT,2024,22.38,Hàn Quốc học
16035,DDF,han-quoc-hoc,D01,Điểm thi THPT,2024,22.38,Hàn Quốc học
16036,DDF,han-quoc-hoc,D78,Điểm thi THPT,2024,22.38,Hàn Quốc học
16037,DDF,han-quoc-hoc,D96,Điểm thi THPT,2024,22.38,Hàn Quốc học
16038,DDF,han-quoc-hoc,D01,Điểm học bạ,2025,25.63,Hàn Quốc học
16039,DDF,han-quoc-hoc,D09,Điểm học bạ,2025,25.63,Hàn Quốc học
16040,DDF,han-quoc-hoc,D10,Điểm học bạ,2025,25.63,Hàn Quốc học
16041,DDF,han-quoc-hoc,D14,Điểm học bạ,2025,25.63,Hàn Quốc học
16042,DDF,han-quoc-hoc,D15,Điểm học bạ,2025,25.63,Hàn Quốc học
16043,DDF,han-quoc-hoc,D01,Điểm thi THPT,2025,20.05,Hàn Quốc học
16044,DDF,han-quoc-hoc,D09,Điểm thi THPT,2025,20.05,Hàn Quốc học
16045,DDF,han-quoc-hoc,D10,Điểm thi THPT,2025,20.05,Hàn Quốc học
16046,DDF,han-quoc-hoc,D14,Điểm thi THPT,2025,20.05,Hàn Quốc học
16047,DDF,han-quoc-hoc,D15,Điểm thi THPT,2025,20.05,Hàn Quốc học
16048,DDF,ngon-ngu-anh,A01,Điểm thi THPT,2021,25.58,Ngôn ngữ Anh
16049,DDF,ngon-ngu-anh,D01,Điểm thi THPT,2021,25.58,Ngôn ngữ Anh
16050,DDF,ngon-ngu-anh,D10,Điểm thi THPT,2021,25.58,Ngôn ngữ Anh
16051,DDF,ngon-ngu-anh,D15,Điểm thi THPT,2021,25.58,Ngôn ngữ Anh
16052,DDF,ngon-ngu-anh,A01,Điểm thi THPT,2022,22.74,Ngôn ngữ Anh
16053,DDF,ngon-ngu-anh,D01,Điểm thi THPT,2022,22.74,Ngôn ngữ Anh
16054,DDF,ngon-ngu-anh,D78,Điểm thi THPT,2022,22.74,Ngôn ngữ Anh
16055,DDF,ngon-ngu-anh,D96,Điểm thi THPT,2022,22.74,Ngôn ngữ Anh
16056,DDF,ngon-ngu-anh,A01,Điểm học bạ,2023,26.79,Ngôn ngữ Anh
16057,DDF,ngon-ngu-anh,D01,Điểm học bạ,2023,26.79,Ngôn ngữ Anh
16058,DDF,ngon-ngu-anh,D78,Điểm học bạ,2023,26.79,Ngôn ngữ Anh
16059,DDF,ngon-ngu-anh,D96,Điểm học bạ,2023,26.79,Ngôn ngữ Anh
16060,DDF,ngon-ngu-anh,A01,Điểm thi THPT,2023,23.22,Ngôn ngữ Anh
16061,DDF,ngon-ngu-anh,D01,Điểm thi THPT,2023,23.22,Ngôn ngữ Anh
16062,DDF,ngon-ngu-anh,D78,Điểm thi THPT,2023,23.22,Ngôn ngữ Anh
16063,DDF,ngon-ngu-anh,D96,Điểm thi THPT,2023,23.22,Ngôn ngữ Anh
16064,DDF,ngon-ngu-anh,A01,Điểm học bạ,2024,27.01,Ngôn ngữ Anh
16065,DDF,ngon-ngu-anh,D01,Điểm học bạ,2024,27.01,Ngôn ngữ Anh
16066,DDF,ngon-ngu-anh,D10,Điểm học bạ,2024,27.01,Ngôn ngữ Anh
16067,DDF,ngon-ngu-anh,D15,Điểm học bạ,2024,27.01,Ngôn ngữ Anh
16068,DDF,ngon-ngu-anh,A01,Điểm thi THPT,2024,23.58,Ngôn ngữ Anh
16069,DDF,ngon-ngu-anh,D01,Điểm thi THPT,2024,23.58,Ngôn ngữ Anh
16070,DDF,ngon-ngu-anh,D78,Điểm thi THPT,2024,23.58,Ngôn ngữ Anh
16071,DDF,ngon-ngu-anh,D96,Điểm thi THPT,2024,23.58,Ngôn ngữ Anh
16072,DDF,ngon-ngu-anh,A01,Điểm học bạ,2025,25.86,Ngôn ngữ Anh
16073,DDF,ngon-ngu-anh,D01,Điểm học bạ,2025,25.86,Ngôn ngữ Anh
16074,DDF,ngon-ngu-anh,D07,Điểm học bạ,2025,25.86,Ngôn ngữ Anh
16075,DDF,ngon-ngu-anh,D09,Điểm học bạ,2025,25.86,Ngôn ngữ Anh
16076,DDF,ngon-ngu-anh,D10,Điểm học bạ,2025,25.86,Ngôn ngữ Anh
16077,DDF,ngon-ngu-anh,D14,Điểm học bạ,2025,25.86,Ngôn ngữ Anh
16078,DDF,ngon-ngu-anh,A01,Điểm thi THPT,2025,20.35,Ngôn ngữ Anh
16079,DDF,ngon-ngu-anh,D01,Điểm thi THPT,2025,20.35,Ngôn ngữ Anh
16080,DDF,ngon-ngu-anh,D07,Điểm thi THPT,2025,20.35,Ngôn ngữ Anh
16081,DDF,ngon-ngu-anh,D09,Điểm thi THPT,2025,20.35,Ngôn ngữ Anh
16082,DDF,ngon-ngu-anh,D10,Điểm thi THPT,2025,20.35,Ngôn ngữ Anh
16083,DDF,ngon-ngu-anh,D14,Điểm thi THPT,2025,20.35,Ngôn ngữ Anh
16084,DDF,ngon-ngu-han-quoc,D01,Điểm thi THPT,2021,26.55,Ngôn ngữ Hàn Quốc
16085,DDF,ngon-ngu-han-quoc,D10,Điểm thi THPT,2021,26.55,Ngôn ngữ Hàn Quốc
16086,DDF,ngon-ngu-han-quoc,D14,Điểm thi THPT,2021,26.55,Ngôn ngữ Hàn Quốc
16087,DDF,ngon-ngu-han-quoc,D01,Điểm thi THPT,2022,23.59,Ngôn ngữ Hàn Quốc
16088,DDF,ngon-ngu-han-quoc,D78,Điểm thi THPT,2022,23.59,Ngôn ngữ Hàn Quốc
16089,DDF,ngon-ngu-han-quoc,D96,Điểm thi THPT,2022,23.59,Ngôn ngữ Hàn Quốc
16090,DDF,ngon-ngu-han-quoc,D01,Điểm học bạ,2023,27.21,Ngôn ngữ Hàn Quốc
16091,DDF,ngon-ngu-han-quoc,D02,Điểm học bạ,2023,27.21,Ngôn ngữ Hàn Quốc
16092,DDF,ngon-ngu-han-quoc,D78,Điểm học bạ,2023,27.21,Ngôn ngữ Hàn Quốc
16093,DDF,ngon-ngu-han-quoc,D96,Điểm học bạ,2023,27.21,Ngôn ngữ Hàn Quốc
16094,DDF,ngon-ngu-han-quoc,D01,Điểm thi THPT,2023,25.14,Ngôn ngữ Hàn Quốc
16095,DDF,ngon-ngu-han-quoc,D78,Điểm thi THPT,2023,25.14,Ngôn ngữ Hàn Quốc
16096,DDF,ngon-ngu-han-quoc,D96,Điểm thi THPT,2023,25.14,Ngôn ngữ Hàn Quốc
16097,DDF,ngon-ngu-han-quoc,D01,Điểm học bạ,2024,27.51,Ngôn ngữ Hàn Quốc
16098,DDF,ngon-ngu-han-quoc,D10,Điểm học bạ,2024,27.51,Ngôn ngữ Hàn Quốc
16099,DDF,ngon-ngu-han-quoc,D14,Điểm học bạ,2024,27.51,Ngôn ngữ Hàn Quốc
16100,DDF,ngon-ngu-han-quoc,D01,Điểm thi THPT,2024,25.07,Ngôn ngữ Hàn Quốc
16101,DDF,ngon-ngu-han-quoc,D78,Điểm thi THPT,2024,25.07,Ngôn ngữ Hàn Quốc
16102,DDF,ngon-ngu-han-quoc,D96,Điểm thi THPT,2024,25.07,Ngôn ngữ Hàn Quốc
16103,DDF,ngon-ngu-han-quoc,D01,Điểm học bạ,2025,26.82,Ngôn ngữ Hàn Quốc
16104,DDF,ngon-ngu-han-quoc,D09,Điểm học bạ,2025,26.82,Ngôn ngữ Hàn Quốc
16105,DDF,ngon-ngu-han-quoc,D10,Điểm học bạ,2025,26.82,Ngôn ngữ Hàn Quốc
16106,DDF,ngon-ngu-han-quoc,D14,Điểm học bạ,2025,26.82,Ngôn ngữ Hàn Quốc
16107,DDF,ngon-ngu-han-quoc,D15,Điểm học bạ,2025,26.82,Ngôn ngữ Hàn Quốc
16108,DDF,ngon-ngu-han-quoc,D01,Điểm thi THPT,2025,21.65,Ngôn ngữ Hàn Quốc
16109,DDF,ngon-ngu-han-quoc,D09,Điểm thi THPT,2025,21.65,Ngôn ngữ Hàn Quốc
16110,DDF,ngon-ngu-han-quoc,D10,Điểm thi THPT,2025,21.65,Ngôn ngữ Hàn Quốc
16111,DDF,ngon-ngu-han-quoc,D14,Điểm thi THPT,2025,21.65,Ngôn ngữ Hàn Quốc
16112,DDF,ngon-ngu-han-quoc,D15,Điểm thi THPT,2025,21.65,Ngôn ngữ Hàn Quốc
16113,DDF,ngon-ngu-nga,D01,Điểm thi THPT,2021,18.58,Ngôn ngữ Nga
16114,DDF,ngon-ngu-nga,D02,Điểm thi THPT,2021,18.58,Ngôn ngữ Nga
16115,DDF,ngon-ngu-nga,D10,Điểm thi THPT,2021,18.58,Ngôn ngữ Nga
16116,DDF,ngon-ngu-nga,D14,Điểm thi THPT,2021,18.58,Ngôn ngữ Nga
16117,DDF,ngon-ngu-nga,D01,Điểm thi THPT,2022,15.1,Ngôn ngữ Nga
16118,DDF,ngon-ngu-nga,D02,Điểm thi THPT,2022,15.1,Ngôn ngữ Nga
16119,DDF,ngon-ngu-nga,D78,Điểm thi THPT,2022,15.1,Ngôn ngữ Nga
16120,DDF,ngon-ngu-nga,D96,Điểm thi THPT,2022,15.1,Ngôn ngữ Nga
16121,DDF,ngon-ngu-nga,D01,Điểm học bạ,2023,24.14,Ngôn ngữ Nga
16122,DDF,ngon-ngu-nga,D02,Điểm học bạ,2023,24.14,Ngôn ngữ Nga
16123,DDF,ngon-ngu-nga,D78,Điểm học bạ,2023,24.14,Ngôn ngữ Nga
16124,DDF,ngon-ngu-nga,D96,Điểm học bạ,2023,24.14,Ngôn ngữ Nga
16125,DDF,ngon-ngu-nga,D01,Điểm thi THPT,2023,15.54,Ngôn ngữ Nga
16126,DDF,ngon-ngu-nga,D02,Điểm thi THPT,2023,15.04,Ngôn ngữ Nga
16127,DDF,ngon-ngu-nga,D78,Điểm thi THPT,2023,15.54,Ngôn ngữ Nga
16128,DDF,ngon-ngu-nga,D96,Điểm thi THPT,2023,15.54,Ngôn ngữ Nga
16129,DDF,ngon-ngu-nga,A01,Điểm học bạ,2024,24.56,Ngôn ngữ Nga
16130,DDF,ngon-ngu-nga,D01,Điểm học bạ,2024,24.56,Ngôn ngữ Nga
16131,DDF,ngon-ngu-nga,D10,Điểm học bạ,2024,24.56,Ngôn ngữ Nga
16132,DDF,ngon-ngu-nga,D15,Điểm học bạ,2024,24.56,Ngôn ngữ Nga
16133,DDF,ngon-ngu-nga,D01,Điểm thi THPT,2024,18.38,Ngôn ngữ Nga
16134,DDF,ngon-ngu-nga,D02,Điểm thi THPT,2024,18.38,Ngôn ngữ Nga
16135,DDF,ngon-ngu-nga,D78,Điểm thi THPT,2024,18.38,Ngôn ngữ Nga
16136,DDF,ngon-ngu-nga,D96,Điểm thi THPT,2024,18.38,Ngôn ngữ Nga
16137,DDF,ngon-ngu-nga,D01,Điểm học bạ,2025,23.28,Ngôn ngữ Nga
16138,DDF,ngon-ngu-nga,D02,Điểm học bạ,2025,23.28,Ngôn ngữ Nga
16139,DDF,ngon-ngu-nga,D09,Điểm học bạ,2025,23.28,Ngôn ngữ Nga
16140,DDF,ngon-ngu-nga,D10,Điểm học bạ,2025,23.28,Ngôn ngữ Nga
16141,DDF,ngon-ngu-nga,D14,Điểm học bạ,2025,23.28,Ngôn ngữ Nga
16142,DDF,ngon-ngu-nga,D15,Điểm học bạ,2025,23.28,Ngôn ngữ Nga
16143,DDF,ngon-ngu-nga,D01,Điểm thi THPT,2025,17.25,Ngôn ngữ Nga
16144,DDF,ngon-ngu-nga,D02,Điểm thi THPT,2025,17.25,Ngôn ngữ Nga
16145,DDF,ngon-ngu-nga,D09,Điểm thi THPT,2025,17.25,Ngôn ngữ Nga
16146,DDF,ngon-ngu-nga,D10,Điểm thi THPT,2025,17.25,Ngôn ngữ Nga
16147,DDF,ngon-ngu-nga,D14,Điểm thi THPT,2025,17.25,Ngôn ngữ Nga
16148,DDF,ngon-ngu-nga,D15,Điểm thi THPT,2025,17.25,Ngôn ngữ Nga
16149,DDF,ngon-ngu-nhat,D01,Điểm thi THPT,2021,25.5,Ngôn ngữ Nhật
16150,DDF,ngon-ngu-nhat,D06,Điểm thi THPT,2021,25.5,Ngôn ngữ Nhật
16151,DDF,ngon-ngu-nhat,D10,Điểm thi THPT,2021,25.5,Ngôn ngữ Nhật
16152,DDF,ngon-ngu-nhat,D01,Điểm thi THPT,2022,21.61,Ngôn ngữ Nhật
16153,DDF,ngon-ngu-nhat,D06,Điểm thi THPT,2022,21.61,Ngôn ngữ Nhật
16154,DDF,ngon-ngu-nhat,D01,Điểm học bạ,2023,26.44,Ngôn ngữ Nhật
16155,DDF,ngon-ngu-nhat,D06,Điểm học bạ,2023,26.44,Ngôn ngữ Nhật
16156,DDF,ngon-ngu-nhat,D06,Điểm thi THPT,2023,23.63,Ngôn ngữ Nhật
16157,DDF,ngon-ngu-nhat,D01,Điểm học bạ,2024,26.8,Ngôn ngữ Nhật
16158,DDF,ngon-ngu-nhat,D06,Điểm học bạ,2024,26.8,Ngôn ngữ Nhật
16159,DDF,ngon-ngu-nhat,D10,Điểm học bạ,2024,26.8,Ngôn ngữ Nhật
16160,DDF,ngon-ngu-nhat,D01,Điểm thi THPT,2024,22.6,Ngôn ngữ Nhật
16161,DDF,ngon-ngu-nhat,D06,Điểm thi THPT,2024,22.6,Ngôn ngữ Nhật
16162,DDF,ngon-ngu-nhat,D01,Điểm học bạ,2025,25.86,Ngôn ngữ Nhật
16163,DDF,ngon-ngu-nhat,D06,Điểm học bạ,2025,25.86,Ngôn ngữ Nhật
16164,DDF,ngon-ngu-nhat,D09,Điểm học bạ,2025,25.86,Ngôn ngữ Nhật
16165,DDF,ngon-ngu-nhat,D10,Điểm học bạ,2025,25.86,Ngôn ngữ Nhật
16166,DDF,ngon-ngu-nhat,D14,Điểm học bạ,2025,25.86,Ngôn ngữ Nhật
16167,DDF,ngon-ngu-nhat,D15,Điểm học bạ,2025,25.86,Ngôn ngữ Nhật
16168,DDF,ngon-ngu-nhat,D01,Điểm thi THPT,2025,20.35,Ngôn ngữ Nhật
16169,DDF,ngon-ngu-nhat,D06,Điểm thi THPT,2025,20.35,Ngôn ngữ Nhật
16170,DDF,ngon-ngu-nhat,D09,Điểm thi THPT,2025,20.35,Ngôn ngữ Nhật
16171,DDF,ngon-ngu-nhat,D10,Điểm thi THPT,2025,20.35,Ngôn ngữ Nhật
16172,DDF,ngon-ngu-nhat,D14,Điểm thi THPT,2025,20.35,Ngôn ngữ Nhật
16173,DDF,ngon-ngu-nhat,D15,Điểm thi THPT,2025,20.35,Ngôn ngữ Nhật
16174,DDF,ngon-ngu-phap,D01,Điểm thi THPT,2021,22.34,Ngôn ngữ Pháp
16175,DDF,ngon-ngu-phap,D03,Điểm thi THPT,2021,22.34,Ngôn ngữ Pháp
16176,DDF,ngon-ngu-phap,D10,Điểm thi THPT,2021,22.34,Ngôn ngữ Pháp
16177,DDF,ngon-ngu-phap,D15,Điểm thi THPT,2021,22.34,Ngôn ngữ Pháp
16178,DDF,ngon-ngu-phap,D01,Điểm thi THPT,2022,15.44,Ngôn ngữ Pháp
16179,DDF,ngon-ngu-phap,D03,Điểm thi THPT,2022,15.44,Ngôn ngữ Pháp
16180,DDF,ngon-ngu-phap,D78,Điểm thi THPT,2022,15.44,Ngôn ngữ Pháp
16181,DDF,ngon-ngu-phap,D96,Điểm thi THPT,2022,15.44,Ngôn ngữ Pháp
16182,DDF,ngon-ngu-phap,D01,Điểm học bạ,2023,25.52,Ngôn ngữ Pháp
16183,DDF,ngon-ngu-phap,D03,Điểm học bạ,2023,25.52,Ngôn ngữ Pháp
16184,DDF,ngon-ngu-phap,D78,Điểm học bạ,2023,25.52,Ngôn ngữ Pháp
16185,DDF,ngon-ngu-phap,D96,Điểm học bạ,2023,25.52,Ngôn ngữ Pháp
16186,DDF,ngon-ngu-phap,D01,Điểm thi THPT,2023,21.08,Ngôn ngữ Pháp
16187,DDF,ngon-ngu-phap,D03,Điểm thi THPT,2023,20.58,Ngôn ngữ Pháp
16188,DDF,ngon-ngu-phap,D78,Điểm thi THPT,2023,21.08,Ngôn ngữ Pháp
16189,DDF,ngon-ngu-phap,D96,Điểm thi THPT,2023,21.08,Ngôn ngữ Pháp
16190,DDF,ngon-ngu-phap,D01,Điểm học bạ,2024,25.6,Ngôn ngữ Pháp
16191,DDF,ngon-ngu-phap,D03,Điểm học bạ,2024,25.6,Ngôn ngữ Pháp
16192,DDF,ngon-ngu-phap,D10,Điểm học bạ,2024,25.6,Ngôn ngữ Pháp
16193,DDF,ngon-ngu-phap,D15,Điểm học bạ,2024,25.6,Ngôn ngữ Pháp
16194,DDF,ngon-ngu-phap,D01,Điểm thi THPT,2024,21.09,Ngôn ngữ Pháp
16195,DDF,ngon-ngu-phap,D03,Điểm thi THPT,2024,21.09,Ngôn ngữ Pháp
16196,DDF,ngon-ngu-phap,D78,Điểm thi THPT,2024,21.09,Ngôn ngữ Pháp
16197,DDF,ngon-ngu-phap,D96,Điểm thi THPT,2024,21.09,Ngôn ngữ Pháp
16198,DDF,ngon-ngu-phap,D01,Điểm học bạ,2025,24.26,Ngôn ngữ Pháp
16199,DDF,ngon-ngu-phap,D03,Điểm học bạ,2025,24.26,Ngôn ngữ Pháp
16200,DDF,ngon-ngu-phap,D09,Điểm học bạ,2025,24.26,Ngôn ngữ Pháp
16201,DDF,ngon-ngu-phap,D10,Điểm học bạ,2025,24.26,Ngôn ngữ Pháp
16202,DDF,ngon-ngu-phap,D14,Điểm học bạ,2025,24.26,Ngôn ngữ Pháp
16203,DDF,ngon-ngu-phap,D15,Điểm học bạ,2025,24.26,Ngôn ngữ Pháp
16204,DDF,ngon-ngu-phap,D01,Điểm thi THPT,2025,18.3,Ngôn ngữ Pháp
16205,DDF,ngon-ngu-phap,D03,Điểm thi THPT,2025,18.3,Ngôn ngữ Pháp
16206,DDF,ngon-ngu-phap,D09,Điểm thi THPT,2025,18.3,Ngôn ngữ Pháp
16207,DDF,ngon-ngu-phap,D10,Điểm thi THPT,2025,18.3,Ngôn ngữ Pháp
16208,DDF,ngon-ngu-phap,D14,Điểm thi THPT,2025,18.3,Ngôn ngữ Pháp
16209,DDF,ngon-ngu-phap,D15,Điểm thi THPT,2025,18.3,Ngôn ngữ Pháp
16210,DDF,ngon-ngu-thai-lan,D01,Điểm thi THPT,2021,22.51,Ngôn ngữ Thái Lan
16211,DDF,ngon-ngu-thai-lan,D10,Điểm thi THPT,2021,22.51,Ngôn ngữ Thái Lan
16212,DDF,ngon-ngu-thai-lan,D14,Điểm thi THPT,2021,22.51,Ngôn ngữ Thái Lan
16213,DDF,ngon-ngu-thai-lan,D15,Điểm thi THPT,2021,22.51,Ngôn ngữ Thái Lan
16214,DDF,ngon-ngu-thai-lan,D01,Điểm thi THPT,2022,22.19,Ngôn ngữ Thái Lan
16215,DDF,ngon-ngu-thai-lan,D15,Điểm thi THPT,2022,22.19,Ngôn ngữ Thái Lan
16216,DDF,ngon-ngu-thai-lan,D78,Điểm thi THPT,2022,22.19,Ngôn ngữ Thái Lan
16217,DDF,ngon-ngu-thai-lan,D96,Điểm thi THPT,2022,22.19,Ngôn ngữ Thái Lan
16218,DDF,ngon-ngu-thai-lan,D01,Điểm thi THPT,2023,22.43,Ngôn ngữ Thái Lan
16219,DDF,ngon-ngu-thai-lan,D15,Điểm thi THPT,2023,22.43,Ngôn ngữ Thái Lan
16220,DDF,ngon-ngu-thai-lan,D78,Điểm thi THPT,2023,22.43,Ngôn ngữ Thái Lan
16221,DDF,ngon-ngu-thai-lan,D96,Điểm thi THPT,2023,22.43,Ngôn ngữ Thái Lan
16222,DDF,ngon-ngu-thai-lan,D01,Điểm học bạ,2024,26.34,Ngôn ngữ Thái Lan
16223,DDF,ngon-ngu-thai-lan,D10,Điểm học bạ,2024,26.34,Ngôn ngữ Thái Lan
16224,DDF,ngon-ngu-thai-lan,D14,Điểm học bạ,2024,26.34,Ngôn ngữ Thái Lan
16225,DDF,ngon-ngu-thai-lan,D15,Điểm học bạ,2024,26.34,Ngôn ngữ Thái Lan
16226,DDF,ngon-ngu-thai-lan,D01,Điểm thi THPT,2024,22.09,Ngôn ngữ Thái Lan
16227,DDF,ngon-ngu-thai-lan,D15,Điểm thi THPT,2024,22.09,Ngôn ngữ Thái Lan
16228,DDF,ngon-ngu-thai-lan,D78,Điểm thi THPT,2024,22.09,Ngôn ngữ Thái Lan
16229,DDF,ngon-ngu-thai-lan,D96,Điểm thi THPT,2024,22.09,Ngôn ngữ Thái Lan
16230,DDF,ngon-ngu-thai-lan,D01,Điểm học bạ,2025,25.05,Ngôn ngữ Thái Lan
16231,DDF,ngon-ngu-thai-lan,D09,Điểm học bạ,2025,25.05,Ngôn ngữ Thái Lan
16232,DDF,ngon-ngu-thai-lan,D10,Điểm học bạ,2025,25.05,Ngôn ngữ Thái Lan
16233,DDF,ngon-ngu-thai-lan,D14,Điểm học bạ,2025,25.05,Ngôn ngữ Thái Lan
16234,DDF,ngon-ngu-thai-lan,D15,Điểm học bạ,2025,25.05,Ngôn ngữ Thái Lan
16235,DDF,ngon-ngu-thai-lan,D01,Điểm thi THPT,2025,19.3,Ngôn ngữ Thái Lan
16236,DDF,ngon-ngu-thai-lan,D09,Điểm thi THPT,2025,19.3,Ngôn ngữ Thái Lan
16237,DDF,ngon-ngu-thai-lan,D10,Điểm thi THPT,2025,19.3,Ngôn ngữ Thái Lan
16238,DDF,ngon-ngu-thai-lan,D14,Điểm thi THPT,2025,19.3,Ngôn ngữ Thái Lan
16239,DDF,ngon-ngu-thai-lan,D15,Điểm thi THPT,2025,19.3,Ngôn ngữ Thái Lan
16240,DDF,ngon-ngu-trung-quoc,D01,Điểm thi THPT,2021,25.83,Ngôn ngữ Trung Quốc
16241,DDF,ngon-ngu-trung-quoc,D04,Điểm thi THPT,2021,25.83,Ngôn ngữ Trung Quốc
16242,DDF,ngon-ngu-trung-quoc,D15,Điểm thi THPT,2021,25.83,Ngôn ngữ Trung Quốc
16243,DDF,ngon-ngu-trung-quoc,D45,Điểm thi THPT,2021,25.83,Ngôn ngữ Trung Quốc
16244,DDF,ngon-ngu-trung-quoc,D01,Điểm thi THPT,2022,24.43,Ngôn ngữ Trung Quốc
16245,DDF,ngon-ngu-trung-quoc,D04,Điểm thi THPT,2022,24.43,Ngôn ngữ Trung Quốc
16246,DDF,ngon-ngu-trung-quoc,D78,Điểm thi THPT,2022,24.43,Ngôn ngữ Trung Quốc
16247,DDF,ngon-ngu-trung-quoc,D83,Điểm thi THPT,2022,24.43,Ngôn ngữ Trung Quốc
16248,DDF,ngon-ngu-trung-quoc,D01,Điểm học bạ,2023,27.21,Ngôn ngữ Trung Quốc
16249,DDF,ngon-ngu-trung-quoc,D04,Điểm học bạ,2023,27.21,Ngôn ngữ Trung Quốc
16250,DDF,ngon-ngu-trung-quoc,D78,Điểm học bạ,2023,27.21,Ngôn ngữ Trung Quốc
16251,DDF,ngon-ngu-trung-quoc,D96,Điểm học bạ,2023,27.21,Ngôn ngữ Trung Quốc
16252,DDF,ngon-ngu-trung-quoc,D01,Điểm thi THPT,2023,25.28,Ngôn ngữ Trung Quốc
16253,DDF,ngon-ngu-trung-quoc,D04,Điểm thi THPT,2023,24.78,Ngôn ngữ Trung Quốc
16254,DDF,ngon-ngu-trung-quoc,D78,Điểm thi THPT,2023,25.28,Ngôn ngữ Trung Quốc
16255,DDF,ngon-ngu-trung-quoc,D83,Điểm thi THPT,2023,24.78,Ngôn ngữ Trung Quốc
16256,DDF,ngon-ngu-trung-quoc,D01,Điểm học bạ,2024,27.62,Ngôn ngữ Trung Quốc
16257,DDF,ngon-ngu-trung-quoc,D04,Điểm học bạ,2024,27.62,Ngôn ngữ Trung Quốc
16258,DDF,ngon-ngu-trung-quoc,D15,Điểm học bạ,2024,27.62,Ngôn ngữ Trung Quốc
16259,DDF,ngon-ngu-trung-quoc,D45,Điểm học bạ,2024,27.62,Ngôn ngữ Trung Quốc
16260,DDF,ngon-ngu-trung-quoc,D01,Điểm thi THPT,2024,25.11,Ngôn ngữ Trung Quốc
16261,DDF,ngon-ngu-trung-quoc,D04,Điểm thi THPT,2024,25.11,Ngôn ngữ Trung Quốc
16262,DDF,ngon-ngu-trung-quoc,D78,Điểm thi THPT,2024,25.11,Ngôn ngữ Trung Quốc
16263,DDF,ngon-ngu-trung-quoc,D83,Điểm thi THPT,2024,25.11,Ngôn ngữ Trung Quốc
16264,DDF,ngon-ngu-trung-quoc,D01,Điểm học bạ,2025,27.95,Ngôn ngữ Trung Quốc
16265,DDF,ngon-ngu-trung-quoc,D04,Điểm học bạ,2025,27.95,Ngôn ngữ Trung Quốc
16266,DDF,ngon-ngu-trung-quoc,D14,Điểm học bạ,2025,27.95,Ngôn ngữ Trung Quốc
16267,DDF,ngon-ngu-trung-quoc,D15,Điểm học bạ,2025,27.95,Ngôn ngữ Trung Quốc
16268,DDF,ngon-ngu-trung-quoc,D45,Điểm học bạ,2025,27.95,Ngôn ngữ Trung Quốc
16269,DDF,ngon-ngu-trung-quoc,D65,Điểm học bạ,2025,27.95,Ngôn ngữ Trung Quốc
16270,DDF,ngon-ngu-trung-quoc,D01,Điểm thi THPT,2025,23.65,Ngôn ngữ Trung Quốc
16271,DDF,ngon-ngu-trung-quoc,D04,Điểm thi THPT,2025,23.65,Ngôn ngữ Trung Quốc
16272,DDF,ngon-ngu-trung-quoc,D14,Điểm thi THPT,2025,23.65,Ngôn ngữ Trung Quốc
16273,DDF,ngon-ngu-trung-quoc,D15,Điểm thi THPT,2025,23.65,Ngôn ngữ Trung Quốc
16274,DDF,ngon-ngu-trung-quoc,D45,Điểm thi THPT,2025,23.65,Ngôn ngữ Trung Quốc
16275,DDF,ngon-ngu-trung-quoc,D65,Điểm thi THPT,2025,23.65,Ngôn ngữ Trung Quốc
16276,DDF,nhat-ban-hoc,D01,Điểm học bạ,2025,24.28,Nhật Bản học
16277,DDF,nhat-ban-hoc,D06,Điểm học bạ,2025,24.28,Nhật Bản học
16278,DDF,nhat-ban-hoc,D09,Điểm học bạ,2025,24.28,Nhật Bản học
16279,DDF,nhat-ban-hoc,D10,Điểm học bạ,2025,24.28,Nhật Bản học
16280,DDF,nhat-ban-hoc,D14,Điểm học bạ,2025,24.28,Nhật Bản học
16281,DDF,nhat-ban-hoc,D15,Điểm học bạ,2025,24.28,Nhật Bản học
16282,DDF,nhat-ban-hoc,D01,Điểm thi THPT,2025,18.35,Nhật Bản học
16283,DDF,nhat-ban-hoc,D06,Điểm thi THPT,2025,18.35,Nhật Bản học
16284,DDF,nhat-ban-hoc,D09,Điểm thi THPT,2025,18.35,Nhật Bản học
16285,DDF,nhat-ban-hoc,D10,Điểm thi THPT,2025,18.35,Nhật Bản học
16286,DDF,nhat-ban-hoc,D14,Điểm thi THPT,2025,18.35,Nhật Bản học
16287,DDF,nhat-ban-hoc,D15,Điểm thi THPT,2025,18.35,Nhật Bản học
16288,DDF,quan-he-quoc-te,D01,Điểm học bạ,2025,26.56,Quan hệ quốc tế
16289,DDF,quan-he-quoc-te,D09,Điểm học bạ,2025,26.56,Quan hệ quốc tế
16290,DDF,quan-he-quoc-te,D10,Điểm học bạ,2025,26.56,Quan hệ quốc tế
16291,DDF,quan-he-quoc-te,D14,Điểm học bạ,2025,26.56,Quan hệ quốc tế
16292,DDF,quan-he-quoc-te,D15,Điểm học bạ,2025,26.56,Quan hệ quốc tế
16293,DDF,quan-he-quoc-te,D01,Điểm thi THPT,2025,21.25,Quan hệ quốc tế
16294,DDF,quan-he-quoc-te,D09,Điểm thi THPT,2025,21.25,Quan hệ quốc tế
16295,DDF,quan-he-quoc-te,D10,Điểm thi THPT,2025,21.25,Quan hệ quốc tế
16296,DDF,quan-he-quoc-te,D14,Điểm thi THPT,2025,21.25,Quan hệ quốc tế
16297,DDF,quan-he-quoc-te,D15,Điểm thi THPT,2025,21.25,Quan hệ quốc tế
16298,DDF,quoc-te-hoc,D01,Điểm thi THPT,2021,24.0,Quốc tế học
16299,DDF,quoc-te-hoc,D09,Điểm thi THPT,2021,24.0,Quốc tế học
16300,DDF,quoc-te-hoc,D10,Điểm thi THPT,2021,24.0,Quốc tế học
16301,DDF,quoc-te-hoc,D14,Điểm thi THPT,2021,24.0,Quốc tế học
16302,DDF,quoc-te-hoc,D01,Điểm thi THPT,2022,17.67,Quốc tế học
16303,DDF,quoc-te-hoc,D09,Điểm thi THPT,2022,17.67,Quốc tế học
16304,DDF,quoc-te-hoc,D78,Điểm thi THPT,2022,17.67,Quốc tế học
16305,DDF,quoc-te-hoc,D96,Điểm thi THPT,2022,17.67,Quốc tế học
16306,DDF,quoc-te-hoc,D01,Điểm học bạ,2023,25.7,Quốc tế học
16307,DDF,quoc-te-hoc,D09,Điểm học bạ,2023,25.7,Quốc tế học
16308,DDF,quoc-te-hoc,D78,Điểm học bạ,2023,25.7,Quốc tế học
16309,DDF,quoc-te-hoc,D96,Điểm học bạ,2023,25.7,Quốc tế học
16310,DDF,quoc-te-hoc,D01,Điểm thi THPT,2023,21.78,Quốc tế học
16311,DDF,quoc-te-hoc,D09,Điểm thi THPT,2023,21.78,Quốc tế học
16312,DDF,quoc-te-hoc,D78,Điểm thi THPT,2023,21.78,Quốc tế học
16313,DDF,quoc-te-hoc,D96,Điểm thi THPT,2023,21.78,Quốc tế học
16314,DDF,quoc-te-hoc,D01,Điểm học bạ,2024,25.93,Quốc tế học
16315,DDF,quoc-te-hoc,D09,Điểm học bạ,2024,25.93,Quốc tế học
16316,DDF,quoc-te-hoc,D10,Điểm học bạ,2024,25.93,Quốc tế học
16317,DDF,quoc-te-hoc,D14,Điểm học bạ,2024,25.93,Quốc tế học
16318,DDF,quoc-te-hoc,D01,Điểm thi THPT,2024,22.05,Quốc tế học
16319,DDF,quoc-te-hoc,D09,Điểm thi THPT,2024,22.05,Quốc tế học
16320,DDF,quoc-te-hoc,D78,Điểm thi THPT,2024,22.05,Quốc tế học
16321,DDF,quoc-te-hoc,D96,Điểm thi THPT,2024,22.05,Quốc tế học
16322,DDF,quoc-te-hoc,D01,Điểm học bạ,2025,24.6,Quốc tế học
16323,DDF,quoc-te-hoc,D09,Điểm học bạ,2025,24.6,Quốc tế học
16324,DDF,quoc-te-hoc,D10,Điểm học bạ,2025,24.6,Quốc tế học
16325,DDF,quoc-te-hoc,D14,Điểm học bạ,2025,24.6,Quốc tế học
16326,DDF,quoc-te-hoc,D15,Điểm học bạ,2025,24.6,Quốc tế học
16327,DDF,quoc-te-hoc,D01,Điểm thi THPT,2025,18.75,Quốc tế học
16328,DDF,quoc-te-hoc,D09,Điểm thi THPT,2025,18.75,Quốc tế học
16329,DDF,quoc-te-hoc,D10,Điểm thi THPT,2025,18.75,Quốc tế học
16330,DDF,quoc-te-hoc,D14,Điểm thi THPT,2025,18.75,Quốc tế học
16331,DDF,quoc-te-hoc,D15,Điểm thi THPT,2025,18.75,Quốc tế học
16332,DDF,su-pham-tieng-anh,D01,Điểm thi THPT,2021,27.45,Sư phạm tiếng Anh
16333,DDF,su-pham-tieng-anh,D01,Điểm thi THPT,2022,26.34,Sư phạm tiếng Anh
16334,DDF,su-pham-tieng-anh,D01,Điểm học bạ,2023,28.67,Sư phạm tiếng Anh
16335,DDF,su-pham-tieng-anh,D01,Điểm thi THPT,2023,27.17,Sư phạm tiếng Anh
16336,DDF,su-pham-tieng-anh,D01,Điểm học bạ,2024,28.74,Sư phạm tiếng Anh
16337,DDF,su-pham-tieng-anh,D01,Điểm thi THPT,2024,27.24,Sư phạm tiếng Anh
16338,DDF,su-pham-tieng-anh,A01,Điểm thi THPT,2025,27.1,Sư phạm tiếng Anh
16339,DDF,su-pham-tieng-anh,D01,Điểm thi THPT,2025,27.1,Sư phạm tiếng Anh
16340,DDF,su-pham-tieng-anh,D09,Điểm thi THPT,2025,27.1,Sư phạm tiếng Anh
16341,DDF,su-pham-tieng-anh,D14,Điểm thi THPT,2025,27.1,Sư phạm tiếng Anh
16342,DDF,su-pham-tieng-phap,D01,Điểm thi THPT,2021,21.0,Sư phạm tiếng Pháp
16343,DDF,su-pham-tieng-phap,D03,Điểm thi THPT,2021,21.0,Sư phạm tiếng Pháp
16344,DDF,su-pham-tieng-phap,D10,Điểm thi THPT,2021,21.0,Sư phạm tiếng Pháp
16345,DDF,su-pham-tieng-phap,D15,Điểm thi THPT,2021,21.0,Sư phạm tiếng Pháp
16346,DDF,su-pham-tieng-phap,D01,Điểm thi THPT,2022,21.68,Sư phạm tiếng Pháp
16347,DDF,su-pham-tieng-phap,D03,Điểm thi THPT,2022,21.68,Sư phạm tiếng Pháp
16348,DDF,su-pham-tieng-phap,D78,Điểm thi THPT,2022,21.68,Sư phạm tiếng Pháp
16349,DDF,su-pham-tieng-phap,D96,Điểm thi THPT,2022,21.68,Sư phạm tiếng Pháp
16350,DDF,su-pham-tieng-phap,D01,Điểm học bạ,2023,26.6,Sư phạm tiếng Pháp
16351,DDF,su-pham-tieng-phap,D03,Điểm học bạ,2023,26.6,Sư phạm tiếng Pháp
16352,DDF,su-pham-tieng-phap,D78,Điểm học bạ,2023,26.6,Sư phạm tiếng Pháp
16353,DDF,su-pham-tieng-phap,D96,Điểm học bạ,2023,26.6,Sư phạm tiếng Pháp
16354,DDF,su-pham-tieng-phap,D01,Điểm thi THPT,2023,22.0,Sư phạm tiếng Pháp
16355,DDF,su-pham-tieng-phap,D03,Điểm thi THPT,2023,21.79,Sư phạm tiếng Pháp
16356,DDF,su-pham-tieng-phap,D78,Điểm thi THPT,2023,22.0,Sư phạm tiếng Pháp
16357,DDF,su-pham-tieng-phap,D96,Điểm thi THPT,2023,22.0,Sư phạm tiếng Pháp
16358,DDF,su-pham-tieng-phap,D01,Điểm học bạ,2024,26.0,Sư phạm tiếng Pháp
16359,DDF,su-pham-tieng-phap,D03,Điểm học bạ,2024,26.0,Sư phạm tiếng Pháp
16360,DDF,su-pham-tieng-phap,D10,Điểm học bạ,2024,26.0,Sư phạm tiếng Pháp
16361,DDF,su-pham-tieng-phap,D15,Điểm học bạ,2024,26.0,Sư phạm tiếng Pháp
16362,DDF,su-pham-tieng-phap,D01,Điểm thi THPT,2024,23.07,Sư phạm tiếng Pháp
16363,DDF,su-pham-tieng-phap,D03,Điểm thi THPT,2024,23.07,Sư phạm tiếng Pháp
16364,DDF,su-pham-tieng-phap,D78,Điểm thi THPT,2024,23.07,Sư phạm tiếng Pháp
16365,DDF,su-pham-tieng-phap,D96,Điểm thi THPT,2024,23.07,Sư phạm tiếng Pháp
16366,DDF,su-pham-tieng-phap,D01,Điểm học bạ,2025,26.69,Sư phạm tiếng Pháp
16367,DDF,su-pham-tieng-phap,D03,Điểm học bạ,2025,26.69,Sư phạm tiếng Pháp
16368,DDF,su-pham-tieng-phap,D09,Điểm học bạ,2025,26.69,Sư phạm tiếng Pháp
16369,DDF,su-pham-tieng-phap,D10,Điểm học bạ,2025,26.69,Sư phạm tiếng Pháp
16370,DDF,su-pham-tieng-phap,D14,Điểm học bạ,2025,26.69,Sư phạm tiếng Pháp
16371,DDF,su-pham-tieng-phap,D15,Điểm học bạ,2025,26.69,Sư phạm tiếng Pháp
16372,DDF,su-pham-tieng-phap,D01,Điểm thi THPT,2025,21.45,Sư phạm tiếng Pháp
16373,DDF,su-pham-tieng-phap,D03,Điểm thi THPT,2025,21.45,Sư phạm tiếng Pháp
16374,DDF,su-pham-tieng-phap,D09,Điểm thi THPT,2025,21.45,Sư phạm tiếng Pháp
16375,DDF,su-pham-tieng-phap,D10,Điểm thi THPT,2025,21.45,Sư phạm tiếng Pháp
16376,DDF,su-pham-tieng-phap,D14,Điểm thi THPT,2025,21.45,Sư phạm tiếng Pháp
16377,DDF,su-pham-tieng-phap,D15,Điểm thi THPT,2025,21.45,Sư phạm tiếng Pháp
16378,DDF,su-pham-tieng-trung,D01,Điểm thi THPT,2021,25.6,Sư phạm tiếng Trung
16379,DDF,su-pham-tieng-trung,D03,Điểm thi THPT,2021,25.6,Sư phạm tiếng Trung
16380,DDF,su-pham-tieng-trung,D10,Điểm thi THPT,2021,25.6,Sư phạm tiếng Trung
16381,DDF,su-pham-tieng-trung,D15,Điểm thi THPT,2021,25.6,Sư phạm tiếng Trung
16382,DDF,su-pham-tieng-trung-quoc,D01,Điểm thi THPT,2022,23.73,Sư phạm tiếng Trung Quốc
16383,DDF,su-pham-tieng-trung-quoc,D04,Điểm thi THPT,2022,23.73,Sư phạm tiếng Trung Quốc
16384,DDF,su-pham-tieng-trung-quoc,D78,Điểm thi THPT,2022,23.73,Sư phạm tiếng Trung Quốc
16385,DDF,su-pham-tieng-trung-quoc,D96,Điểm thi THPT,2022,23.73,Sư phạm tiếng Trung Quốc
16386,DDF,su-pham-tieng-trung-quoc,D01,Điểm học bạ,2023,27.34,Sư phạm tiếng Trung Quốc
16387,DDF,su-pham-tieng-trung-quoc,D04,Điểm học bạ,2023,27.34,Sư phạm tiếng Trung Quốc
16388,DDF,su-pham-tieng-trung-quoc,D78,Điểm học bạ,2023,27.34,Sư phạm tiếng Trung Quốc
16389,DDF,su-pham-tieng-trung-quoc,D96,Điểm học bạ,2023,27.34,Sư phạm tiếng Trung Quốc
16390,DDF,su-pham-tieng-trung-quoc,D01,Điểm thi THPT,2023,24.98,Sư phạm tiếng Trung Quốc
16391,DDF,su-pham-tieng-trung-quoc,D04,Điểm thi THPT,2023,24.48,Sư phạm tiếng Trung Quốc
16392,DDF,su-pham-tieng-trung-quoc,D78,Điểm thi THPT,2023,24.98,Sư phạm tiếng Trung Quốc
16393,DDF,su-pham-tieng-trung-quoc,D96,Điểm thi THPT,2023,24.98,Sư phạm tiếng Trung Quốc
16394,DDF,su-pham-tieng-trung-quoc,D01,Điểm học bạ,2024,28.71,Sư phạm tiếng Trung Quốc
16395,DDF,su-pham-tieng-trung-quoc,D03,Điểm học bạ,2024,28.71,Sư phạm tiếng Trung Quốc
16396,DDF,su-pham-tieng-trung-quoc,D10,Điểm học bạ,2024,28.71,Sư phạm tiếng Trung Quốc
16397,DDF,su-pham-tieng-trung-quoc,D15,Điểm học bạ,2024,28.71,Sư phạm tiếng Trung Quốc
16398,DDF,su-pham-tieng-trung-quoc,D01,Điểm thi THPT,2024,26.09,Sư phạm tiếng Trung Quốc
16399,DDF,su-pham-tieng-trung-quoc,D04,Điểm thi THPT,2024,26.09,Sư phạm tiếng Trung Quốc
16400,DDF,su-pham-tieng-trung-quoc,D78,Điểm thi THPT,2024,26.09,Sư phạm tiếng Trung Quốc
16401,DDF,su-pham-tieng-trung-quoc,D96,Điểm thi THPT,2024,26.09,Sư phạm tiếng Trung Quốc
16402,DDF,su-pham-tieng-trung-quoc,D01,Điểm học bạ,2025,29.2,Sư phạm tiếng Trung Quốc
16403,DDF,su-pham-tieng-trung-quoc,D04,Điểm học bạ,2025,29.2,Sư phạm tiếng Trung Quốc
16404,DDF,su-pham-tieng-trung-quoc,D09,Điểm học bạ,2025,29.2,Sư phạm tiếng Trung Quốc
16405,DDF,su-pham-tieng-trung-quoc,D10,Điểm học bạ,2025,29.2,Sư phạm tiếng Trung Quốc
16406,DDF,su-pham-tieng-trung-quoc,D14,Điểm học bạ,2025,29.2,Sư phạm tiếng Trung Quốc
16407,DDF,su-pham-tieng-trung-quoc,D15,Điểm học bạ,2025,29.2,Sư phạm tiếng Trung Quốc
16408,DDF,su-pham-tieng-trung-quoc,D01,Điểm thi THPT,2025,27.25,Sư phạm tiếng Trung Quốc
16409,DDF,su-pham-tieng-trung-quoc,D04,Điểm thi THPT,2025,27.25,Sư phạm tiếng Trung Quốc
16410,DDF,su-pham-tieng-trung-quoc,D09,Điểm thi THPT,2025,27.25,Sư phạm tiếng Trung Quốc
16411,DDF,su-pham-tieng-trung-quoc,D10,Điểm thi THPT,2025,27.25,Sư phạm tiếng Trung Quốc
16412,DDF,su-pham-tieng-trung-quoc,D14,Điểm thi THPT,2025,27.25,Sư phạm tiếng Trung Quốc
16413,DDF,su-pham-tieng-trung-quoc,D15,Điểm thi THPT,2025,27.25,Sư phạm tiếng Trung Quốc
16414,DDK,chuong-trinh-dao-tao-ky-su-chat-luong-cao-viet-phap,A00,Điểm thi THPT,2022,22.25,Chương trình đào tạo Kỹ sư chất lượng cao Việt - Pháp (PFIEV)
16415,DDK,chuong-trinh-dao-tao-ky-su-chat-luong-cao-viet-phap,A01,Điểm thi THPT,2022,22.25,Chương trình đào tạo Kỹ sư chất lượng cao Việt - Pháp (PFIEV)
16416,DDK,chuong-trinh-dao-tao-ky-su-chat-luong-cao-viet-phap,A00,Điểm học bạ,2023,26.68,Chương trình đào tạo kỹ sư chất lượng cao Việt - Pháp (PFIEV)
16417,DDK,chuong-trinh-dao-tao-ky-su-chat-luong-cao-viet-phap,A01,Điểm học bạ,2023,26.68,Chương trình đào tạo kỹ sư chất lượng cao Việt - Pháp (PFIEV)
16418,DDK,chuong-trinh-dao-tao-ky-su-chat-luong-cao-viet-phap,A00,Điểm thi THPT,2023,21.0,Chương trình đào tạo kỹ sư chất lượng cao Việt - Pháp (PFIEV)
16419,DDK,chuong-trinh-dao-tao-ky-su-chat-luong-cao-viet-phap,A01,Điểm thi THPT,2023,21.0,Chương trình đào tạo kỹ sư chất lượng cao Việt - Pháp (PFIEV)
16420,DDK,chuong-trinh-dao-tao-ky-su-chat-luong-cao-viet-phap,A00,Điểm học bạ,2024,25.76,Chương trình đào tạo kỹ sư chất lượng cao Việt - Pháp (PFIEV)
16421,DDK,chuong-trinh-dao-tao-ky-su-chat-luong-cao-viet-phap,A01,Điểm học bạ,2024,25.76,Chương trình đào tạo kỹ sư chất lượng cao Việt - Pháp (PFIEV)
16422,DDK,chuong-trinh-dao-tao-ky-su-chat-luong-cao-viet-phap,A00,Điểm thi THPT,2024,22.35,Chương trình đào tạo kỹ sư chất lượng cao Việt - Pháp (PFIEV)
16423,DDK,chuong-trinh-dao-tao-ky-su-chat-luong-cao-viet-phap,A01,Điểm thi THPT,2024,22.35,Chương trình đào tạo kỹ sư chất lượng cao Việt - Pháp (PFIEV)
16424,DDK,chuong-trinh-dao-tao-ky-su-chat-luong-cao-viet-phap,A00,Điểm học bạ,2025,25.23,Chương trình đào tạo kỹ sư chất lượng cao Việt - Pháp (PFIEV)
16425,DDK,chuong-trinh-dao-tao-ky-su-chat-luong-cao-viet-phap,A01,Điểm học bạ,2025,25.23,Chương trình đào tạo kỹ sư chất lượng cao Việt - Pháp (PFIEV)
16426,DDK,chuong-trinh-dao-tao-ky-su-chat-luong-cao-viet-phap,A00,Điểm thi THPT,2025,21.38,Chương trình đào tạo kỹ sư chất lượng cao Việt - Pháp (PFIEV)
16427,DDK,chuong-trinh-dao-tao-ky-su-chat-luong-cao-viet-phap,A01,Điểm thi THPT,2025,21.38,Chương trình đào tạo kỹ sư chất lượng cao Việt - Pháp (PFIEV)
16428,DDK,chuong-trinh-dao-tao-ky-su-chat-luong-cao-viet-phap,D07,Điểm thi THPT,2025,21.38,Chương trình đào tạo kỹ sư chất lượng cao Việt - Pháp (PFIEV)
16429,DDK,chuong-trinh-dao-tao-ky-su-chat-luong-cao-viet-phap,X06,Điểm thi THPT,2025,21.38,Chương trình đào tạo kỹ sư chất lượng cao Việt - Pháp (PFIEV)
16430,DDK,chuong-trinh-dao-tao-ky-su-chat-luong-cao-viet-phap,X07,Điểm thi THPT,2025,21.38,Chương trình đào tạo kỹ sư chất lượng cao Việt - Pháp (PFIEV)
16431,DDK,chuong-trinh-dao-tao-ky-su-chat-luong-cao-viet-phap,X26,Điểm thi THPT,2025,21.38,Chương trình đào tạo kỹ sư chất lượng cao Việt - Pháp (PFIEV)
16432,DDK,chuong-trinh-ky-su-chat-luong-cao-viet-phap,A00,Điểm thi THPT,2021,20.5,Chương trình Kỹ sư chất lượng cao Việt - Pháp (PFIEV)
16433,DDK,chuong-trinh-ky-su-chat-luong-cao-viet-phap,A01,Điểm thi THPT,2021,20.5,Chương trình Kỹ sư chất lượng cao Việt - Pháp (PFIEV)
16434,DDK,chuong-trinh-tien-tien-viet-my-nghanh-he-thong-nhung,A01,Điểm thi THPT,2021,19.28,Chương trình tiên tiến Việt - Mỹ nghành hệ thống nhúng
16435,DDK,chuong-trinh-tien-tien-viet-my-nghanh-he-thong-nhung,D07,Điểm thi THPT,2021,19.28,Chương trình tiên tiến Việt - Mỹ nghành hệ thống nhúng
16436,DDK,co-khi-dong-luc,A00,Điểm học bạ,2022,26.4,"Kỹ thuật Cơ khí, chuyên ngành Cơ khí động lực"
16437,DDK,co-khi-dong-luc,A01,Điểm học bạ,2022,26.4,"Kỹ thuật Cơ khí, chuyên ngành Cơ khí động lực"
16438,DDK,co-khi-dong-luc,A00,Điểm học bạ,2023,26.45,"Kỹ thuật Cơ khí, Chuyên ngành Cơ khí động lực"
16439,DDK,co-khi-dong-luc,A01,Điểm học bạ,2023,26.45,"Kỹ thuật Cơ khí, Chuyên ngành Cơ khí động lực"
16440,DDK,co-khi-dong-luc,A00,Điểm thi THPT,2023,22.4,"Kỹ thuật Cơ khí, chuyên ngành Cơ khí động lực"
16441,DDK,co-khi-dong-luc,A01,Điểm thi THPT,2023,22.4,"Kỹ thuật Cơ khí, chuyên ngành Cơ khí động lực"
16442,DDK,co-khi-dong-luc,A00,Điểm học bạ,2024,26.52,"Kỹ thuật Cơ khí, chuyên ngành Cơ khí động lực"
16443,DDK,co-khi-dong-luc,A01,Điểm học bạ,2024,26.52,"Kỹ thuật Cơ khí, chuyên ngành Cơ khí động lực"
16444,DDK,co-khi-dong-luc,A00,Điểm thi THPT,2024,24.1,"Kỹ thuật Cơ khí, chuyên ngành Cơ khí động lực"
16445,DDK,co-khi-dong-luc,A01,Điểm thi THPT,2024,24.1,"Kỹ thuật Cơ khí, chuyên ngành Cơ khí động lực"
16446,DDK,co-khi-dong-luc,A00,Điểm học bạ,2025,26.61,"Kỹ thuật Cơ khí, chuyên ngành Cơ khí động lực"
16447,DDK,co-khi-dong-luc,A01,Điểm học bạ,2025,26.61,"Kỹ thuật Cơ khí, chuyên ngành Cơ khí động lực"
16448,DDK,co-khi-dong-luc,X06,Điểm học bạ,2025,26.61,"Kỹ thuật Cơ khí, chuyên ngành Cơ khí động lực"
16449,DDK,co-khi-dong-luc,X08,Điểm học bạ,2025,26.61,"Kỹ thuật Cơ khí, chuyên ngành Cơ khí động lực"
16450,DDK,co-khi-dong-luc,X26,Điểm học bạ,2025,26.61,"Kỹ thuật Cơ khí, chuyên ngành Cơ khí động lực"
16451,DDK,co-khi-dong-luc,A00,Điểm thi THPT,2025,23.65,"Kỹ thuật Cơ khí, chuyên ngành Cơ khí động lực"
16452,DDK,co-khi-dong-luc,A01,Điểm thi THPT,2025,23.65,"Kỹ thuật Cơ khí, chuyên ngành Cơ khí động lực"
16453,DDK,co-khi-dong-luc,X06,Điểm thi THPT,2025,23.65,"Kỹ thuật Cơ khí, chuyên ngành Cơ khí động lực"
16454,DDK,co-khi-dong-luc,X07,Điểm thi THPT,2025,23.65,"Kỹ thuật Cơ khí, chuyên ngành Cơ khí động lực"
16455,DDK,co-khi-dong-luc,X26,Điểm thi THPT,2025,23.65,"Kỹ thuật Cơ khí, chuyên ngành Cơ khí động lực"
16456,DDK,co-khi-hang-khong,A00,Điểm học bạ,2022,26.98,"Kỹ thuật Cơ khí, chuyên ngành Cơ khí hàng không"
16457,DDK,co-khi-hang-khong,A01,Điểm học bạ,2022,26.98,"Kỹ thuật Cơ khí, chuyên ngành Cơ khí hàng không"
16458,DDK,co-khi-hang-khong,A00,Điểm thi THPT,2023,23.1,"Kỹ thuật Cơ khí, chuyên ngành Cơ khí hàng không"
16459,DDK,co-khi-hang-khong,A01,Điểm thi THPT,2023,23.1,"Kỹ thuật Cơ khí, chuyên ngành Cơ khí hàng không"
16460,DDK,co-khi-hang-khong,A00,Điểm học bạ,2024,27.0,"Kỹ thuật Cơ khí, chuyên ngành Cơ khí hàng không"
16461,DDK,co-khi-hang-khong,A01,Điểm học bạ,2024,27.0,"Kỹ thuật Cơ khí, chuyên ngành Cơ khí hàng không"
16462,DDK,co-khi-hang-khong,A00,Điểm thi THPT,2024,24.85,"Kỹ thuật Cơ khí, chuyên ngành Cơ khí hàng không"
16463,DDK,co-khi-hang-khong,A01,Điểm thi THPT,2024,24.85,"Kỹ thuật Cơ khí, chuyên ngành Cơ khí hàng không"
16464,DDK,co-khi-hang-khong,A00,Điểm thi THPT,2025,23.33,"Kỹ thuật Cơ khí, chuyên ngành Cơ khí hàng không"
16465,DDK,co-khi-hang-khong,A01,Điểm thi THPT,2025,23.33,"Kỹ thuật Cơ khí, chuyên ngành Cơ khí hàng không"
16466,DDK,co-khi-hang-khong,D07,Điểm thi THPT,2025,23.33,"Kỹ thuật Cơ khí, chuyên ngành Cơ khí hàng không"
16467,DDK,co-khi-hang-khong,X06,Điểm thi THPT,2025,23.33,"Kỹ thuật Cơ khí, chuyên ngành Cơ khí hàng không"
16468,DDK,co-khi-hang-khong,X26,Điểm thi THPT,2025,23.33,"Kỹ thuật Cơ khí, chuyên ngành Cơ khí hàng không"
16469,DDK,cong-nghe-che-tao-may,A00,Điểm thi THPT,2021,23.85,Công nghệ chế tạo máy
16470,DDK,cong-nghe-che-tao-may,A01,Điểm thi THPT,2021,23.85,Công nghệ chế tạo máy
16471,DDK,cong-nghe-che-tao-may,A00,Điểm học bạ,2022,26.36,Công nghệ chế tạo máy
16472,DDK,cong-nghe-che-tao-may,A01,Điểm học bạ,2022,26.36,Công nghệ chế tạo máy
16473,DDK,cong-nghe-che-tao-may,A00,Điểm thi THPT,2022,22.5,Công nghệ chế tạo máy
16474,DDK,cong-nghe-che-tao-may,A01,Điểm thi THPT,2022,22.5,Công nghệ chế tạo máy
16475,DDK,cong-nghe-che-tao-may,A00,Điểm học bạ,2023,26.77,Công nghệ chế tạo máy
16476,DDK,cong-nghe-che-tao-may,A01,Điểm học bạ,2023,26.77,Công nghệ chế tạo máy
16477,DDK,cong-nghe-che-tao-may,A00,Điểm thi THPT,2023,22.5,Công nghệ chế tạo máy
16478,DDK,cong-nghe-che-tao-may,A01,Điểm thi THPT,2023,22.5,Công nghệ chế tạo máy
16479,DDK,cong-nghe-che-tao-may,A00,Điểm học bạ,2024,26.92,Công nghệ chế tạo máy
16480,DDK,cong-nghe-che-tao-may,A01,Điểm học bạ,2024,26.92,Công nghệ chế tạo máy
16481,DDK,cong-nghe-che-tao-may,A00,Điểm thi THPT,2024,23.85,Công nghệ chế tạo máy
16482,DDK,cong-nghe-che-tao-may,A01,Điểm thi THPT,2024,23.85,Công nghệ chế tạo máy
16483,DDK,cong-nghe-che-tao-may,A00,Điểm thi THPT,2025,22.5,Công nghệ chế tạo máy
16484,DDK,cong-nghe-che-tao-may,A01,Điểm thi THPT,2025,22.5,Công nghệ chế tạo máy
16485,DDK,cong-nghe-che-tao-may,D07,Điểm thi THPT,2025,22.5,Công nghệ chế tạo máy
16486,DDK,cong-nghe-che-tao-may,X06,Điểm thi THPT,2025,22.5,Công nghệ chế tạo máy
16487,DDK,cong-nghe-che-tao-may,X26,Điểm thi THPT,2025,22.5,Công nghệ chế tạo máy
16488,DDK,cong-nghe-dau-khi-va-khai-thac-dau,A00,Điểm thi THPT,2021,23.0,Công nghệ dầu khí và khai thác dầu
16489,DDK,cong-nghe-dau-khi-va-khai-thac-dau,D07,Điểm thi THPT,2021,23.0,Công nghệ dầu khí và khai thác dầu
16490,DDK,cong-nghe-dau-khi-va-khai-thac-dau,A00,Điểm học bạ,2022,26.11,Công nghệ dầu khí và khai thác dầu
16491,DDK,cong-nghe-dau-khi-va-khai-thac-dau,D07,Điểm học bạ,2022,26.11,Công nghệ dầu khí và khai thác dầu
16492,DDK,cong-nghe-dau-khi-va-khai-thac-dau,A00,Điểm thi THPT,2022,20.8,Công nghệ dầu khí và khai thác dầu
16493,DDK,cong-nghe-dau-khi-va-khai-thac-dau,D07,Điểm thi THPT,2022,20.8,Công nghệ dầu khí và khai thác dầu
16494,DDK,cong-nghe-dau-khi-va-khai-thac-dau,A00,Điểm học bạ,2023,26.15,Công nghệ dầu khí và khai thác dầu
16495,DDK,cong-nghe-dau-khi-va-khai-thac-dau,D07,Điểm học bạ,2023,26.15,Công nghệ dầu khí và khai thác dầu
16496,DDK,cong-nghe-dau-khi-va-khai-thac-dau,A00,Điểm thi THPT,2023,21.75,Công nghệ dầu khí và khai thác dầu
16497,DDK,cong-nghe-dau-khi-va-khai-thac-dau,D07,Điểm thi THPT,2023,21.75,Công nghệ dầu khí và khai thác dầu
16498,DDK,cong-nghe-dau-khi-va-khai-thac-dau,A00,Điểm học bạ,2024,26.78,Công nghệ dầu khí và khai thác dầu
16499,DDK,cong-nghe-dau-khi-va-khai-thac-dau,D07,Điểm học bạ,2024,26.78,Công nghệ dầu khí và khai thác dầu
16500,DDK,cong-nghe-dau-khi-va-khai-thac-dau,A00,Điểm thi THPT,2024,22.8,Công nghệ dầu khí và khai thác dầu
16501,DDK,cong-nghe-dau-khi-va-khai-thac-dau,D07,Điểm thi THPT,2024,22.8,Công nghệ dầu khí và khai thác dầu
16502,DDK,cong-nghe-dau-khi-va-khai-thac-dau,A00,Điểm học bạ,2025,25.22,Công nghệ dầu khí và khai thác dầu
16503,DDK,cong-nghe-dau-khi-va-khai-thac-dau,A01,Điểm học bạ,2025,25.22,Công nghệ dầu khí và khai thác dầu
16504,DDK,cong-nghe-dau-khi-va-khai-thac-dau,C01,Điểm học bạ,2025,25.22,Công nghệ dầu khí và khai thác dầu
16505,DDK,cong-nghe-dau-khi-va-khai-thac-dau,C02,Điểm học bạ,2025,25.22,Công nghệ dầu khí và khai thác dầu
16506,DDK,cong-nghe-dau-khi-va-khai-thac-dau,D01,Điểm học bạ,2025,25.22,Công nghệ dầu khí và khai thác dầu
16507,DDK,cong-nghe-dau-khi-va-khai-thac-dau,D07,Điểm học bạ,2025,25.22,Công nghệ dầu khí và khai thác dầu
16508,DDK,cong-nghe-dau-khi-va-khai-thac-dau,A00,Điểm thi THPT,2025,21.35,Công nghệ dầu khí và khai thác dầu
16509,DDK,cong-nghe-dau-khi-va-khai-thac-dau,A01,Điểm thi THPT,2025,21.35,Công nghệ dầu khí và khai thác dầu
16510,DDK,cong-nghe-dau-khi-va-khai-thac-dau,C01,Điểm thi THPT,2025,21.35,Công nghệ dầu khí và khai thác dầu
16511,DDK,cong-nghe-dau-khi-va-khai-thac-dau,C02,Điểm thi THPT,2025,21.35,Công nghệ dầu khí và khai thác dầu
16512,DDK,cong-nghe-dau-khi-va-khai-thac-dau,D01,Điểm thi THPT,2025,21.35,Công nghệ dầu khí và khai thác dầu
16513,DDK,cong-nghe-dau-khi-va-khai-thac-dau,D07,Điểm thi THPT,2025,21.35,Công nghệ dầu khí và khai thác dầu
16514,DDK,cong-nghe-ki-thuat-vat-lieu-xay-dung,A00,Điểm thi THPT,2021,20.05,Công nghệ kĩ thuật Vật liệu xây dựng
16515,DDK,cong-nghe-ki-thuat-vat-lieu-xay-dung,A01,Điểm thi THPT,2021,20.05,Công nghệ kĩ thuật Vật liệu xây dựng
16516,DDK,cong-nghe-ki-thuat-vat-lieu-xay-dung,A00,Điểm thi THPT,2022,15.0,Công nghệ kĩ thuật Vật liệu xây dựng
16517,DDK,cong-nghe-ki-thuat-vat-lieu-xay-dung,A01,Điểm thi THPT,2022,15.0,Công nghệ kĩ thuật Vật liệu xây dựng
16518,DDK,cong-nghe-ky-thuat-vat-lieu-xay-dung,A00,Điểm học bạ,2022,23.73,Công nghệ kỹ thuật vật liệu xây dựng
16519,DDK,cong-nghe-ky-thuat-vat-lieu-xay-dung,A01,Điểm học bạ,2022,23.73,Công nghệ kỹ thuật vật liệu xây dựng
16520,DDK,cong-nghe-ky-thuat-vat-lieu-xay-dung,A00,Điểm học bạ,2023,18.73,Công nghệ kỹ thuật vật liệu xây dựng
16521,DDK,cong-nghe-ky-thuat-vat-lieu-xay-dung,A01,Điểm học bạ,2023,18.73,Công nghệ kỹ thuật vật liệu xây dựng
16522,DDK,cong-nghe-ky-thuat-vat-lieu-xay-dung,A00,Điểm thi THPT,2023,17.0,Công nghệ kỹ thuật vật liệu xây dựng
16523,DDK,cong-nghe-ky-thuat-vat-lieu-xay-dung,A01,Điểm thi THPT,2023,17.0,Công nghệ kỹ thuật vật liệu xây dựng
16524,DDK,cong-nghe-ky-thuat-vat-lieu-xay-dung,A00,Điểm học bạ,2024,21.47,Công nghệ kỹ thuật vật liệu xây dựng
16525,DDK,cong-nghe-ky-thuat-vat-lieu-xay-dung,A01,Điểm học bạ,2024,21.47,Công nghệ kỹ thuật vật liệu xây dựng
16526,DDK,cong-nghe-ky-thuat-vat-lieu-xay-dung,A00,Điểm thi THPT,2024,17.25,Công nghệ kỹ thuật vật liệu xây dựng
16527,DDK,cong-nghe-ky-thuat-vat-lieu-xay-dung,A01,Điểm thi THPT,2024,17.25,Công nghệ kỹ thuật vật liệu xây dựng
16528,DDK,cong-nghe-ky-thuat-vat-lieu-xay-dung,A00,Điểm học bạ,2025,23.65,Công nghệ kỹ thuật vật liệu xây dựng
16529,DDK,cong-nghe-ky-thuat-vat-lieu-xay-dung,A01,Điểm học bạ,2025,23.65,Công nghệ kỹ thuật vật liệu xây dựng
16530,DDK,cong-nghe-ky-thuat-vat-lieu-xay-dung,C01,Điểm học bạ,2025,23.65,Công nghệ kỹ thuật vật liệu xây dựng
16531,DDK,cong-nghe-ky-thuat-vat-lieu-xay-dung,D07,Điểm học bạ,2025,23.65,Công nghệ kỹ thuật vật liệu xây dựng
16532,DDK,cong-nghe-ky-thuat-vat-lieu-xay-dung,X06,Điểm học bạ,2025,23.65,Công nghệ kỹ thuật vật liệu xây dựng
16533,DDK,cong-nghe-ky-thuat-vat-lieu-xay-dung,X26,Điểm học bạ,2025,23.65,Công nghệ kỹ thuật vật liệu xây dựng
16534,DDK,cong-nghe-ky-thuat-vat-lieu-xay-dung,A00,Điểm thi THPT,2025,18.85,Công nghệ kỹ thuật vật liệu xây dựng
16535,DDK,cong-nghe-ky-thuat-vat-lieu-xay-dung,A01,Điểm thi THPT,2025,18.85,Công nghệ kỹ thuật vật liệu xây dựng
16536,DDK,cong-nghe-ky-thuat-vat-lieu-xay-dung,C01,Điểm thi THPT,2025,18.85,Công nghệ kỹ thuật vật liệu xây dựng
16537,DDK,cong-nghe-ky-thuat-vat-lieu-xay-dung,D07,Điểm thi THPT,2025,18.85,Công nghệ kỹ thuật vật liệu xây dựng
16538,DDK,cong-nghe-ky-thuat-vat-lieu-xay-dung,X06,Điểm thi THPT,2025,18.85,Công nghệ kỹ thuật vật liệu xây dựng
16539,DDK,cong-nghe-sinh-hoc,A00,Điểm thi THPT,2021,24.0,Công nghệ sinh học
16540,DDK,cong-nghe-sinh-hoc,B00,Điểm thi THPT,2021,24.0,Công nghệ sinh học
16541,DDK,cong-nghe-sinh-hoc,D07,Điểm thi THPT,2021,24.0,Công nghệ sinh học
16542,DDK,cong-nghe-sinh-hoc,A00,Điểm học bạ,2022,26.64,Công nghệ sinh học
16543,DDK,cong-nghe-sinh-hoc,B00,Điểm học bạ,2022,26.64,Công nghệ sinh học
16544,DDK,cong-nghe-sinh-hoc,D07,Điểm học bạ,2022,26.64,Công nghệ sinh học
16545,DDK,cong-nghe-sinh-hoc,A00,Điểm thi THPT,2022,22.75,Công nghệ sinh học
16546,DDK,cong-nghe-sinh-hoc,B00,Điểm thi THPT,2022,22.75,Công nghệ sinh học
16547,DDK,cong-nghe-sinh-hoc,D07,Điểm thi THPT,2022,22.75,Công nghệ sinh học
16548,DDK,cong-nghe-sinh-hoc,A00,Điểm học bạ,2023,27.2,Công nghệ sinh học
16549,DDK,cong-nghe-sinh-hoc,B00,Điểm học bạ,2023,27.2,Công nghệ sinh học
16550,DDK,cong-nghe-sinh-hoc,D07,Điểm học bạ,2023,27.2,Công nghệ sinh học
16551,DDK,cong-nghe-sinh-hoc,A00,Điểm thi THPT,2023,23.33,Công nghệ sinh học
16552,DDK,cong-nghe-sinh-hoc,B00,Điểm thi THPT,2023,23.33,Công nghệ sinh học
16553,DDK,cong-nghe-sinh-hoc,D07,Điểm thi THPT,2023,23.33,Công nghệ sinh học
16554,DDK,cong-nghe-sinh-hoc,A00,Điểm học bạ,2024,27.16,Công nghệ sinh học
16555,DDK,cong-nghe-sinh-hoc,B00,Điểm học bạ,2024,27.16,Công nghệ sinh học
16556,DDK,cong-nghe-sinh-hoc,D07,Điểm học bạ,2024,27.16,Công nghệ sinh học
16557,DDK,cong-nghe-sinh-hoc,A00,Điểm thi THPT,2024,23.1,Công nghệ sinh học
16558,DDK,cong-nghe-sinh-hoc,B00,Điểm thi THPT,2024,23.1,Công nghệ sinh học
16559,DDK,cong-nghe-sinh-hoc,D07,Điểm thi THPT,2024,23.1,Công nghệ sinh học
16560,DDK,cong-nghe-sinh-hoc,A00,Điểm học bạ,2025,25.3,Công nghệ sinh học
16561,DDK,cong-nghe-sinh-hoc,A01,Điểm học bạ,2025,25.3,Công nghệ sinh học
16562,DDK,cong-nghe-sinh-hoc,B00,Điểm học bạ,2025,25.3,Công nghệ sinh học
16563,DDK,cong-nghe-sinh-hoc,B08,Điểm học bạ,2025,25.3,Công nghệ sinh học
16564,DDK,cong-nghe-sinh-hoc,C04,Điểm học bạ,2025,25.3,Công nghệ sinh học
16565,DDK,cong-nghe-sinh-hoc,D07,Điểm học bạ,2025,25.3,Công nghệ sinh học
16566,DDK,cong-nghe-sinh-hoc,A00,Điểm thi THPT,2025,21.5,Công nghệ sinh học
16567,DDK,cong-nghe-sinh-hoc,A01,Điểm thi THPT,2025,21.5,Công nghệ sinh học
16568,DDK,cong-nghe-sinh-hoc,B00,Điểm thi THPT,2025,21.5,Công nghệ sinh học
16569,DDK,cong-nghe-sinh-hoc,C02,Điểm thi THPT,2025,21.5,Công nghệ sinh học
16570,DDK,cong-nghe-sinh-hoc,D07,Điểm thi THPT,2025,21.5,Công nghệ sinh học
16571,DDK,cong-nghe-sinh-hoc,D08,Điểm thi THPT,2025,21.5,Công nghệ sinh học
16572,DDK,cong-nghe-sinh-hoc-y-duoc,A00,Điểm học bạ,2022,27.63,"Công nghệ sinh học, chuyên ngành Công nghệ sinh học Y dược"
16573,DDK,cong-nghe-sinh-hoc-y-duoc,B00,Điểm học bạ,2022,27.63,"Công nghệ sinh học, chuyên ngành Công nghệ sinh học Y dược"
16574,DDK,cong-nghe-sinh-hoc-y-duoc,D07,Điểm học bạ,2022,27.63,"Công nghệ sinh học, chuyên ngành Công nghệ sinh học Y dược"
16575,DDK,cong-nghe-sinh-hoc-y-duoc,A00,Điểm thi THPT,2022,22.8,"Công nghệ sinh học, chuyên ngành Công nghệ sinh học Y Dược"
16576,DDK,cong-nghe-sinh-hoc-y-duoc,B00,Điểm thi THPT,2022,22.8,"Công nghệ sinh học, chuyên ngành Công nghệ sinh học Y Dược"
16577,DDK,cong-nghe-sinh-hoc-y-duoc,D07,Điểm thi THPT,2022,22.8,"Công nghệ sinh học, chuyên ngành Công nghệ sinh học Y Dược"
16578,DDK,cong-nghe-sinh-hoc-y-duoc,A00,Điểm học bạ,2023,27.74,"Công nghệ sinh học, chuyên ngành Công nghệ sinh học Y Dược"
16579,DDK,cong-nghe-sinh-hoc-y-duoc,B00,Điểm học bạ,2023,27.74,"Công nghệ sinh học, chuyên ngành Công nghệ sinh học Y Dược"
16580,DDK,cong-nghe-sinh-hoc-y-duoc,D07,Điểm học bạ,2023,27.74,"Công nghệ sinh học, chuyên ngành Công nghệ sinh học Y Dược"
16581,DDK,cong-nghe-sinh-hoc-y-duoc,A00,Điểm thi THPT,2023,23.45,"Công nghệ sinh học, chuyên ngành Công nghệ sinh học Y Dược"
16582,DDK,cong-nghe-sinh-hoc-y-duoc,B00,Điểm thi THPT,2023,23.45,"Công nghệ sinh học, chuyên ngành Công nghệ sinh học Y Dược"
16583,DDK,cong-nghe-sinh-hoc-y-duoc,D07,Điểm thi THPT,2023,23.45,"Công nghệ sinh học, chuyên ngành Công nghệ sinh học Y Dược"
16584,DDK,cong-nghe-sinh-hoc-y-duoc,A00,Điểm học bạ,2024,27.73,"Công nghệ sinh học, chuyên ngành Công nghệ sinh học Y Dược"
16585,DDK,cong-nghe-sinh-hoc-y-duoc,B00,Điểm học bạ,2024,27.73,"Công nghệ sinh học, chuyên ngành Công nghệ sinh học Y Dược"
16586,DDK,cong-nghe-sinh-hoc-y-duoc,D07,Điểm học bạ,2024,27.73,"Công nghệ sinh học, chuyên ngành Công nghệ sinh học Y Dược"
16587,DDK,cong-nghe-sinh-hoc-y-duoc,A00,Điểm thi THPT,2024,23.5,"Công nghệ sinh học, chuyên ngành Công nghệ sinh học Y Dược"
16588,DDK,cong-nghe-sinh-hoc-y-duoc,B00,Điểm thi THPT,2024,23.5,"Công nghệ sinh học, chuyên ngành Công nghệ sinh học Y Dược"
16589,DDK,cong-nghe-sinh-hoc-y-duoc,D07,Điểm thi THPT,2024,23.5,"Công nghệ sinh học, chuyên ngành Công nghệ sinh học Y Dược"
16590,DDK,cong-nghe-sinh-hoc-y-duoc,A00,Điểm học bạ,2025,26.51,"Công nghệ sinh học, chuyên ngành Công nghệ sinh học Y Dược"
16591,DDK,cong-nghe-sinh-hoc-y-duoc,A01,Điểm học bạ,2025,26.51,"Công nghệ sinh học, chuyên ngành Công nghệ sinh học Y Dược"
16592,DDK,cong-nghe-sinh-hoc-y-duoc,B00,Điểm học bạ,2025,26.51,"Công nghệ sinh học, chuyên ngành Công nghệ sinh học Y Dược"
16593,DDK,cong-nghe-sinh-hoc-y-duoc,B08,Điểm học bạ,2025,26.51,"Công nghệ sinh học, chuyên ngành Công nghệ sinh học Y Dược"
16594,DDK,cong-nghe-sinh-hoc-y-duoc,C04,Điểm học bạ,2025,26.51,"Công nghệ sinh học, chuyên ngành Công nghệ sinh học Y Dược"
16595,DDK,cong-nghe-sinh-hoc-y-duoc,D07,Điểm học bạ,2025,26.51,"Công nghệ sinh học, chuyên ngành Công nghệ sinh học Y Dược"
16596,DDK,cong-nghe-sinh-hoc-y-duoc,A00,Điểm thi THPT,2025,23.48,"Công nghệ sinh học, chuyên ngành Công nghệ sinh học Y Dược"
16597,DDK,cong-nghe-sinh-hoc-y-duoc,A01,Điểm thi THPT,2025,23.48,"Công nghệ sinh học, chuyên ngành Công nghệ sinh học Y Dược"
16598,DDK,cong-nghe-sinh-hoc-y-duoc,B00,Điểm thi THPT,2025,23.48,"Công nghệ sinh học, chuyên ngành Công nghệ sinh học Y Dược"
16599,DDK,cong-nghe-sinh-hoc-y-duoc,C02,Điểm thi THPT,2025,23.48,"Công nghệ sinh học, chuyên ngành Công nghệ sinh học Y Dược"
16600,DDK,cong-nghe-sinh-hoc-y-duoc,D07,Điểm thi THPT,2025,23.48,"Công nghệ sinh học, chuyên ngành Công nghệ sinh học Y Dược"
16601,DDK,cong-nghe-sinh-hoc-y-duoc,D08,Điểm thi THPT,2025,23.48,"Công nghệ sinh học, chuyên ngành Công nghệ sinh học Y Dược"
16602,DDK,cong-nghe-thong-tin,A00,Điểm thi THPT,2021,27.2,Công nghệ thông tin (Đặc thù - Hợp tác doanh nghiệp)
16603,DDK,cong-nghe-thong-tin,A01,Điểm thi THPT,2021,27.2,Công nghệ thông tin (Đặc thù - Hợp tác doanh nghiệp)
16604,DDK,cong-nghe-thong-tin,D28,Điểm thi THPT,2021,25.5,Công nghệ thông tin (Chất lượng cao- tiếng Nhật)
16605,DDK,cong-nghe-thong-tin,A00,Điểm thi THPT,2022,26.65,Công nghệ thông tin (Đặc thù - Hợp tác doanh nghiệp)
16606,DDK,cong-nghe-thong-tin,A01,Điểm thi THPT,2022,26.65,Công nghệ thông tin (Đặc thù - Hợp tác doanh nghiệp)
16607,DDK,cong-nghe-thong-tin,D28,Điểm thi THPT,2022,26.1,Công nghệ thông tin (ngoại ngữ Nhật)
16608,DDK,cong-nghe-thong-tin,A00,Điểm thi THPT,2023,25.86,Công nghệ thông tin (Đặc thù - Hợp tác doanh nghiệp)
16609,DDK,cong-nghe-thong-tin,A01,Điểm thi THPT,2023,25.86,Công nghệ thông tin (Đặc thù - Hợp tác doanh nghiệp)
16610,DDK,cong-nghe-thong-tin,D28,Điểm thi THPT,2023,25.0,Công nghệ thông tin (ngoại ngữ Nhật)
16611,DDK,cong-nghe-thong-tin,A00,Điểm thi THPT,2024,26.1,Công nghệ thông tin (Đặc thù - Hợp tác doanh nghiệp)
16612,DDK,cong-nghe-thong-tin,A01,Điểm thi THPT,2024,26.1,Công nghệ thông tin (Đặc thù - Hợp tác doanh nghiệp)
16613,DDK,cong-nghe-thong-tin,D28,Điểm thi THPT,2024,25.55,Công nghệ thông tin (ngoại ngữ Nhật)
16614,DDK,cong-nghe-thong-tin,A00,Điểm thi THPT,2025,25.57,Công nghệ thông tin (Đặc thù - Hợp tác doanh nghiệp)
16615,DDK,cong-nghe-thong-tin,A01,Điểm thi THPT,2025,25.57,Công nghệ thông tin (Đặc thù - Hợp tác doanh nghiệp)
16616,DDK,cong-nghe-thong-tin,D28,Điểm thi THPT,2025,22.5,Công nghệ thông tin (ngoại ngữ Nhật)
16617,DDK,cong-nghe-thong-tin,X06,Điểm thi THPT,2025,25.57,Công nghệ thông tin (Đặc thù - Hợp tác doanh nghiệp)
16618,DDK,cong-nghe-thong-tin,X26,Điểm thi THPT,2025,25.57,Công nghệ thông tin (Đặc thù - Hợp tác doanh nghiệp)
16619,DDK,cong-nghe-thong-tin,X46,Điểm thi THPT,2025,22.5,Công nghệ thông tin (ngoại ngữ Nhật)
16620,DDK,cong-nghe-thuc-pham,A00,Điểm thi THPT,2021,25.15,Công nghệ thực phẩm
16621,DDK,cong-nghe-thuc-pham,B00,Điểm thi THPT,2021,25.15,Công nghệ thực phẩm
16622,DDK,cong-nghe-thuc-pham,D07,Điểm thi THPT,2021,25.15,Công nghệ thực phẩm
16623,DDK,cong-nghe-thuc-pham,A00,Điểm học bạ,2022,26.45,Công nghệ thực phẩm
16624,DDK,cong-nghe-thuc-pham,B00,Điểm học bạ,2022,26.45,Công nghệ thực phẩm
16625,DDK,cong-nghe-thuc-pham,D07,Điểm học bạ,2022,26.45,Công nghệ thực phẩm
16626,DDK,cong-nghe-thuc-pham,A00,Điểm thi THPT,2022,19.25,Công nghệ thực phẩm
16627,DDK,cong-nghe-thuc-pham,B00,Điểm thi THPT,2022,19.25,Công nghệ thực phẩm
16628,DDK,cong-nghe-thuc-pham,D07,Điểm thi THPT,2022,19.25,Công nghệ thực phẩm
16629,DDK,cong-nghe-thuc-pham,A00,Điểm học bạ,2023,26.66,Công nghệ thực phẩm
16630,DDK,cong-nghe-thuc-pham,B00,Điểm học bạ,2023,26.66,Công nghệ thực phẩm
16631,DDK,cong-nghe-thuc-pham,D07,Điểm học bạ,2023,26.66,Công nghệ thực phẩm
16632,DDK,cong-nghe-thuc-pham,A00,Điểm thi THPT,2023,22.1,Công nghệ thực phẩm
16633,DDK,cong-nghe-thuc-pham,B00,Điểm thi THPT,2023,22.1,Công nghệ thực phẩm
16634,DDK,cong-nghe-thuc-pham,D07,Điểm thi THPT,2023,22.1,Công nghệ thực phẩm
16635,DDK,cong-nghe-thuc-pham,A00,Điểm học bạ,2024,26.18,Công nghệ thực phẩm
16636,DDK,cong-nghe-thuc-pham,B00,Điểm học bạ,2024,26.18,Công nghệ thực phẩm
16637,DDK,cong-nghe-thuc-pham,D07,Điểm học bạ,2024,26.18,Công nghệ thực phẩm
16638,DDK,cong-nghe-thuc-pham,A00,Điểm thi THPT,2024,22.4,Công nghệ thực phẩm
16639,DDK,cong-nghe-thuc-pham,B00,Điểm thi THPT,2024,22.4,Công nghệ thực phẩm
16640,DDK,cong-nghe-thuc-pham,D07,Điểm thi THPT,2024,22.4,Công nghệ thực phẩm
16641,DDK,cong-nghe-thuc-pham,A00,Điểm học bạ,2025,25.08,Công nghệ thực phẩm
16642,DDK,cong-nghe-thuc-pham,A01,Điểm học bạ,2025,25.08,Công nghệ thực phẩm
16643,DDK,cong-nghe-thuc-pham,B00,Điểm học bạ,2025,25.08,Công nghệ thực phẩm
16644,DDK,cong-nghe-thuc-pham,B08,Điểm học bạ,2025,25.08,Công nghệ thực phẩm
16645,DDK,cong-nghe-thuc-pham,C02,Điểm học bạ,2025,25.08,Công nghệ thực phẩm
16646,DDK,cong-nghe-thuc-pham,D07,Điểm học bạ,2025,25.08,Công nghệ thực phẩm
16647,DDK,cong-nghe-thuc-pham,A00,Điểm thi THPT,2025,21.1,Công nghệ thực phẩm
16648,DDK,cong-nghe-thuc-pham,A01,Điểm thi THPT,2025,21.1,Công nghệ thực phẩm
16649,DDK,cong-nghe-thuc-pham,B00,Điểm thi THPT,2025,21.1,Công nghệ thực phẩm
16650,DDK,cong-nghe-thuc-pham,C02,Điểm thi THPT,2025,21.1,Công nghệ thực phẩm
16651,DDK,cong-nghe-thuc-pham,D07,Điểm thi THPT,2025,21.1,Công nghệ thực phẩm
16652,DDK,cong-nghe-thuc-pham,D08,Điểm thi THPT,2025,21.1,Công nghệ thực phẩm
16653,DDK,dien-tu-vien-thong,A01,Điểm thi THPT,2021,21.04,Chương trình tiên tiến Việt - Mỹ ngành điện tử viễn thông
16654,DDK,dien-tu-vien-thong,D07,Điểm thi THPT,2021,21.04,Chương trình tiên tiến Việt - Mỹ ngành điện tử viễn thông
16655,DDK,dien-tu-vien-thong,A00,Điểm học bạ,2022,22.63,Chương trình tiên tiến Việt - Mỹ ngành Điện tử viễn thông
16656,DDK,dien-tu-vien-thong,D07,Điểm học bạ,2022,22.63,Chương trình tiên tiến Việt - Mỹ ngành Điện tử viễn thông
16657,DDK,dien-tu-vien-thong,A01,Điểm thi THPT,2022,15.86,Chương trình tiên tiến Việt - Mỹ ngành điện tử viễn thông
16658,DDK,dien-tu-vien-thong,D07,Điểm thi THPT,2022,15.86,Chương trình tiên tiến Việt - Mỹ ngành điện tử viễn thông
16659,DDK,dien-tu-vien-thong,A01,Điểm thi THPT,2023,17.5,Chương trình tiên tiến Việt-Mỹ ngành Điện tử viễn thông
16660,DDK,dien-tu-vien-thong,D07,Điểm thi THPT,2023,17.5,Chương trình tiên tiến Việt-Mỹ ngành Điện tử viễn thông
16661,DDK,he-thong-nhung-va-iot,A00,Điểm học bạ,2022,24.08,Chương trình tiên tiến Việt - Mỹ ngành Hệ thống Nhúng và IoT
16662,DDK,he-thong-nhung-va-iot,D07,Điểm học bạ,2022,24.08,Chương trình tiên tiến Việt - Mỹ ngành Hệ thống Nhúng và IoT
16663,DDK,he-thong-nhung-va-iot,A01,Điểm thi THPT,2022,16.16,Chương trình tiên tiến Việt - Mỹ ngành hệ thống nhúng và IoT
16664,DDK,he-thong-nhung-va-iot,D07,Điểm thi THPT,2022,16.16,Chương trình tiên tiến Việt - Mỹ ngành hệ thống nhúng và IoT
16665,DDK,he-thong-nhung-va-iot,A01,Điểm học bạ,2023,25.06,Chương trình tiên tiến Việt - Mỹ ngành hệ thống nhúng và IoT
16666,DDK,he-thong-nhung-va-iot,D07,Điểm học bạ,2023,25.06,Chương trình tiên tiến Việt - Mỹ ngành hệ thống nhúng và IoT
16667,DDK,he-thong-nhung-va-iot,A01,Điểm học bạ,2024,25.73,Chương trình tiên tiến Việt-Mỹ ngành Hệ thống Nhúng và IoT
16668,DDK,he-thong-nhung-va-iot,D07,Điểm học bạ,2024,25.73,Chương trình tiên tiến Việt-Mỹ ngành Hệ thống Nhúng và IoT
16669,DDK,he-thong-nhung-va-iot,A01,Điểm thi THPT,2024,23.8,Chương trình tiên tiến Việt-Mỹ ngành Hệ thống Nhúng và IoT
16670,DDK,he-thong-nhung-va-iot,D07,Điểm thi THPT,2024,23.8,Chương trình tiên tiến Việt-Mỹ ngành Hệ thống Nhúng và IoT
16671,DDK,he-thong-nhung-va-iot,A01,Điểm học bạ,2025,26.63,Chương trình tiên tiến Việt-Mỹ ngành Hệ thống Nhúng và IoT
16672,DDK,he-thong-nhung-va-iot,D07,Điểm học bạ,2025,26.63,Chương trình tiên tiến Việt-Mỹ ngành Hệ thống Nhúng và IoT
16673,DDK,he-thong-nhung-va-iot,A00,Điểm thi THPT,2025,23.68,Chương trình tiên tiến Việt-Mỹ ngành Hệ thống Nhúng và IoT
16674,DDK,he-thong-nhung-va-iot,A01,Điểm thi THPT,2025,23.68,Chương trình tiên tiến Việt-Mỹ ngành Hệ thống Nhúng và IoT
16675,DDK,he-thong-nhung-va-iot,D07,Điểm thi THPT,2025,23.68,Chương trình tiên tiến Việt-Mỹ ngành Hệ thống Nhúng và IoT
16676,DDK,he-thong-nhung-va-iot,X06,Điểm thi THPT,2025,23.68,Chương trình tiên tiến Việt-Mỹ ngành Hệ thống Nhúng và IoT
16677,DDK,he-thong-nhung-va-iot,X07,Điểm thi THPT,2025,23.68,Chương trình tiên tiến Việt-Mỹ ngành Hệ thống Nhúng và IoT
16678,DDK,he-thong-nhung-va-iot,X26,Điểm thi THPT,2025,23.68,Chương trình tiên tiến Việt-Mỹ ngành Hệ thống Nhúng và IoT
16679,DDK,he-thong-nhung-va-lot,A01,Điểm thi THPT,2023,20.33,Chương trình tiên tiến Việt-Mỹ ngành Hệ thống Nhúng và lOT
16680,DDK,he-thong-nhung-va-lot,D07,Điểm thi THPT,2023,20.33,Chương trình tiên tiến Việt-Mỹ ngành Hệ thống Nhúng và lOT
16681,DDK,khoa-hoc-du-lieu-va-tri-tue-nhan-tao,A00,Điểm thi THPT,2021,25.1,"Công nghệ thông tin (Chất lượng cao, đặc thù - Hợp tác doanh nghiệp), chuyên ngành khoa học dữ liệu và trí tuệ nhân tạo"
16682,DDK,khoa-hoc-du-lieu-va-tri-tue-nhan-tao,A01,Điểm thi THPT,2021,25.1,"Công nghệ thông tin (Chất lượng cao, đặc thù - Hợp tác doanh nghiệp), chuyên ngành khoa học dữ liệu và trí tuệ nhân tạo"
16683,DDK,khoa-hoc-du-lieu-va-tri-tue-nhan-tao,A00,Điểm thi THPT,2022,26.5,"Công nghệ thông tin (Đặc thù - Hợp tác doanh nghiệp), chuyên ngành Khoa học dữ liệu và Trí tuệ nhân tạo"
16684,DDK,khoa-hoc-du-lieu-va-tri-tue-nhan-tao,A01,Điểm thi THPT,2022,26.5,"Công nghệ thông tin (Đặc thù - Hợp tác doanh nghiệp), chuyên ngành Khoa học dữ liệu và Trí tuệ nhân tạo"
16685,DDK,khoa-hoc-du-lieu-va-tri-tue-nhan-tao,A00,Điểm thi THPT,2023,26.45,"Công nghệ thông tin (Đặc thù - Hợp tác doanh nghiệp), chuyên ngành Khoa học dữ liệu và Trí tuệ nhân tạo"
16686,DDK,khoa-hoc-du-lieu-va-tri-tue-nhan-tao,A01,Điểm thi THPT,2023,26.45,"Công nghệ thông tin (Đặc thù - Hợp tác doanh nghiệp), chuyên ngành Khoa học dữ liệu và Trí tuệ nhân tạo"
16687,DDK,khoa-hoc-du-lieu-va-tri-tue-nhan-tao,A00,Điểm thi THPT,2024,27.11,"Công nghệ thông tin (Đặc thù - Hợp tác doanh nghiệp), chuyên ngành Khoa học dữ liệu và Trí tuệ nhân tạo"
16688,DDK,khoa-hoc-du-lieu-va-tri-tue-nhan-tao,A01,Điểm thi THPT,2024,27.11,"Công nghệ thông tin (Đặc thù - Hợp tác doanh nghiệp), chuyên ngành Khoa học dữ liệu và Trí tuệ nhân tạo"
16689,DDK,khoa-hoc-du-lieu-va-tri-tue-nhan-tao,A00,Điểm thi THPT,2025,27.2,"Công nghệ thông tin (Đặc thù - Hợp tác doanh nghiệp), chuyên ngành Khoa học dữ liệu và Trí tuệ nhân tạo"
16690,DDK,khoa-hoc-du-lieu-va-tri-tue-nhan-tao,A01,Điểm thi THPT,2025,27.2,"Công nghệ thông tin (Đặc thù - Hợp tác doanh nghiệp), chuyên ngành Khoa học dữ liệu và Trí tuệ nhân tạo"
16691,DDK,khoa-hoc-du-lieu-va-tri-tue-nhan-tao,X06,Điểm thi THPT,2025,27.2,"Công nghệ thông tin (Đặc thù - Hợp tác doanh nghiệp), chuyên ngành Khoa học dữ liệu và Trí tuệ nhân tạo"
16692,DDK,khoa-hoc-du-lieu-va-tri-tue-nhan-tao,X26,Điểm thi THPT,2025,27.2,"Công nghệ thông tin (Đặc thù - Hợp tác doanh nghiệp), chuyên ngành Khoa học dữ liệu và Trí tuệ nhân tạo"
16693,DDK,kien-truc,V00,Điểm thi THPT,2021,23.25,Kiến trúc
16694,DDK,kien-truc,V01,Điểm thi THPT,2021,23.25,Kiến trúc
16695,DDK,kien-truc,V02,Điểm thi THPT,2021,23.25,Kiến trúc
16696,DDK,kien-truc,V00,Điểm thi THPT,2022,19.15,Kiến trúc
16697,DDK,kien-truc,V01,Điểm thi THPT,2022,19.15,Kiến trúc
16698,DDK,kien-truc,V02,Điểm thi THPT,2022,19.15,Kiến trúc
16699,DDK,kien-truc,V00,Điểm học bạ,2023,24.63,Kiến trúc
16700,DDK,kien-truc,V01,Điểm học bạ,2023,24.63,Kiến trúc
16701,DDK,kien-truc,V02,Điểm học bạ,2023,24.63,Kiến trúc
16702,DDK,kien-truc,V00,Điểm thi THPT,2023,22.0,Kiến trúc
16703,DDK,kien-truc,V01,Điểm thi THPT,2023,22.0,Kiến trúc
16704,DDK,kien-truc,V02,Điểm thi THPT,2023,22.0,Kiến trúc
16705,DDK,kien-truc,V00,Điểm học bạ,2024,24.08,Kiến trúc
16706,DDK,kien-truc,V01,Điểm học bạ,2024,24.08,Kiến trúc
16707,DDK,kien-truc,V02,Điểm học bạ,2024,24.08,Kiến trúc
16708,DDK,kien-truc,V00,Điểm thi THPT,2024,22.1,Kiến trúc
16709,DDK,kien-truc,V01,Điểm thi THPT,2024,22.1,Kiến trúc
16710,DDK,kien-truc,V02,Điểm thi THPT,2024,22.1,Kiến trúc
16711,DDK,kien-truc,V00,Điểm thi THPT,2025,18.5,Kiến trúc
16712,DDK,kien-truc,V01,Điểm thi THPT,2025,18.5,Kiến trúc
16713,DDK,kien-truc,V02,Điểm thi THPT,2025,18.5,Kiến trúc
16714,DDK,kinh-te-xay-dung,A00,Điểm thi THPT,2021,23.75,Kinh tế xây dựng
16715,DDK,kinh-te-xay-dung,A01,Điểm thi THPT,2021,23.75,Kinh tế xây dựng
16716,DDK,kinh-te-xay-dung,A00,Điểm học bạ,2022,25.29,Kinh tế xây dựng
16717,DDK,kinh-te-xay-dung,A01,Điểm học bạ,2022,25.29,Kinh tế xây dựng
16718,DDK,kinh-te-xay-dung,A00,Điểm thi THPT,2022,19.0,Kinh tế xây dựng
16719,DDK,kinh-te-xay-dung,A01,Điểm thi THPT,2022,19.0,Kinh tế xây dựng
16720,DDK,kinh-te-xay-dung,A00,Điểm học bạ,2023,25.36,Kinh tế xây dựng
16721,DDK,kinh-te-xay-dung,A01,Điểm học bạ,2023,25.36,Kinh tế xây dựng
16722,DDK,kinh-te-xay-dung,A00,Điểm thi THPT,2023,20.0,Kinh tế xây dựng
16723,DDK,kinh-te-xay-dung,A01,Điểm thi THPT,2023,20.0,Kinh tế xây dựng
16724,DDK,kinh-te-xay-dung,A00,Điểm học bạ,2024,25.72,Kinh tế xây dựng
16725,DDK,kinh-te-xay-dung,A01,Điểm học bạ,2024,25.72,Kinh tế xây dựng
16726,DDK,kinh-te-xay-dung,A00,Điểm thi THPT,2024,21.6,Kinh tế xây dựng
16727,DDK,kinh-te-xay-dung,A01,Điểm thi THPT,2024,21.6,Kinh tế xây dựng
16728,DDK,kinh-te-xay-dung,A00,Điểm học bạ,2025,24.66,Kinh tế xây dựng
16729,DDK,kinh-te-xay-dung,A01,Điểm học bạ,2025,24.66,Kinh tế xây dựng
16730,DDK,kinh-te-xay-dung,D01,Điểm học bạ,2025,24.66,Kinh tế xây dựng
16731,DDK,kinh-te-xay-dung,X06,Điểm học bạ,2025,24.66,Kinh tế xây dựng
16732,DDK,kinh-te-xay-dung,X25,Điểm học bạ,2025,24.66,Kinh tế xây dựng
16733,DDK,kinh-te-xay-dung,X26,Điểm học bạ,2025,24.66,Kinh tế xây dựng
16734,DDK,kinh-te-xay-dung,A00,Điểm thi THPT,2025,20.39,Kinh tế xây dựng
16735,DDK,kinh-te-xay-dung,A01,Điểm thi THPT,2025,20.39,Kinh tế xây dựng
16736,DDK,kinh-te-xay-dung,D01,Điểm thi THPT,2025,20.39,Kinh tế xây dựng
16737,DDK,kinh-te-xay-dung,X06,Điểm thi THPT,2025,20.39,Kinh tế xây dựng
16738,DDK,kinh-te-xay-dung,X25,Điểm thi THPT,2025,20.39,Kinh tế xây dựng
16739,DDK,kinh-te-xay-dung,X26,Điểm thi THPT,2025,20.39,Kinh tế xây dựng
16740,DDK,ky-thuat-co-dien-tu,A00,Điểm thi THPT,2021,25.6,Kỹ thuật cơ điện tử
16741,DDK,ky-thuat-co-dien-tu,A01,Điểm thi THPT,2021,25.6,Kỹ thuật cơ điện tử
16742,DDK,ky-thuat-co-dien-tu,A00,Điểm học bạ,2022,27.56,Kỹ thuật Cơ điện tử
16743,DDK,ky-thuat-co-dien-tu,A01,Điểm học bạ,2022,27.56,Kỹ thuật Cơ điện tử
16744,DDK,ky-thuat-co-dien-tu,A00,Điểm thi THPT,2022,24.45,Kỹ thuật cơ điện tử
16745,DDK,ky-thuat-co-dien-tu,A01,Điểm thi THPT,2022,24.45,Kỹ thuật cơ điện tử
16746,DDK,ky-thuat-co-dien-tu,A00,Điểm học bạ,2023,27.65,Kỹ thuật Cơ điện tử
16747,DDK,ky-thuat-co-dien-tu,A01,Điểm học bạ,2023,27.65,Kỹ thuật Cơ điện tử
16748,DDK,ky-thuat-co-dien-tu,A00,Điểm thi THPT,2023,24.55,Kỹ thuật Cơ điện tử
16749,DDK,ky-thuat-co-dien-tu,A01,Điểm thi THPT,2023,24.55,Kỹ thuật Cơ điện tử
16750,DDK,ky-thuat-co-dien-tu,A00,Điểm học bạ,2024,27.93,Kỹ thuật Cơ điện tử
16751,DDK,ky-thuat-co-dien-tu,A01,Điểm học bạ,2024,27.93,Kỹ thuật Cơ điện tử
16752,DDK,ky-thuat-co-dien-tu,A00,Điểm thi THPT,2024,25.35,Kỹ thuật Cơ điện tử
16753,DDK,ky-thuat-co-dien-tu,A01,Điểm thi THPT,2024,25.35,Kỹ thuật Cơ điện tử
16754,DDK,ky-thuat-co-dien-tu,A00,Điểm thi THPT,2025,24.93,Kỹ thuật Cơ điện tử
16755,DDK,ky-thuat-co-dien-tu,A01,Điểm thi THPT,2025,24.93,Kỹ thuật Cơ điện tử
16756,DDK,ky-thuat-co-dien-tu,D07,Điểm thi THPT,2025,24.93,Kỹ thuật Cơ điện tử
16757,DDK,ky-thuat-co-dien-tu,X06,Điểm thi THPT,2025,24.93,Kỹ thuật Cơ điện tử
16758,DDK,ky-thuat-co-dien-tu,X26,Điểm thi THPT,2025,24.93,Kỹ thuật Cơ điện tử
16759,DDK,ky-thuat-co-khi-chuyen-nghanh-co-khi-hang-khong,A00,Điểm thi THPT,2021,23.8,Kỹ thuật cơ khí - chuyên nghành Cơ khí hàng không
16760,DDK,ky-thuat-co-khi-chuyen-nghanh-co-khi-hang-khong,A01,Điểm thi THPT,2021,23.8,Kỹ thuật cơ khí - chuyên nghành Cơ khí hàng không
16761,DDK,ky-thuat-co-khi-chuyen-nghanh-co-khi-hang-khong,A00,Điểm thi THPT,2022,22.15,Kỹ thuật cơ khí - chuyên nghành Cơ khí hàng không
16762,DDK,ky-thuat-co-khi-chuyen-nghanh-co-khi-hang-khong,A01,Điểm thi THPT,2022,22.15,Kỹ thuật cơ khí - chuyên nghành Cơ khí hàng không
16763,DDK,ky-thuat-co-khi-chuyen-nghanh-co-khi-hang-khong,A00,Điểm học bạ,2023,26.78,"Kỹ thuật Cơ khí, chuyên nghành Cơ khí hàng không"
16764,DDK,ky-thuat-co-khi-chuyen-nghanh-co-khi-hang-khong,A01,Điểm học bạ,2023,26.78,"Kỹ thuật Cơ khí, chuyên nghành Cơ khí hàng không"
16765,DDK,ky-thuat-co-khi-cn-san-xuat-tu-dong-nganh-ky-thuat-dien-cn-tin-hoc-cong-nghiep-nganh-cong-nghe-thong-tin-cn-cong-nghe-phan-mem,A00,Điểm học bạ,2022,24.89,"Chương trình đào tạo kỹ sư chất lượng cao Việt - Pháp (PFIEV), gồm 3 chuyên ngành: - Ngành Kỹ thuật cơ khí, CN sản xuất tự động - Ngành Kỹ thuật điện, CN Tin học công nghiệp - Ngành Công nghệ thông tin, CN Công nghệ phần mềm"
16766,DDK,ky-thuat-co-khi-cn-san-xuat-tu-dong-nganh-ky-thuat-dien-cn-tin-hoc-cong-nghiep-nganh-cong-nghe-thong-tin-cn-cong-nghe-phan-mem,A01,Điểm học bạ,2022,24.89,"Chương trình đào tạo kỹ sư chất lượng cao Việt - Pháp (PFIEV), gồm 3 chuyên ngành: - Ngành Kỹ thuật cơ khí, CN sản xuất tự động - Ngành Kỹ thuật điện, CN Tin học công nghiệp - Ngành Công nghệ thông tin, CN Công nghệ phần mềm"
16767,DDK,ky-thuat-co-khi-co-khi-dong-luc,A00,Điểm thi THPT,2021,24.75,Kỹ thuật cơ khí - Cơ khí động lực
16768,DDK,ky-thuat-co-khi-co-khi-dong-luc,A01,Điểm thi THPT,2021,24.75,Kỹ thuật cơ khí - Cơ khí động lực
16769,DDK,ky-thuat-co-khi-co-khi-dong-luc,A00,Điểm thi THPT,2022,21.5,Kỹ thuật cơ khí - Cơ khí động lực
16770,DDK,ky-thuat-co-khi-co-khi-dong-luc,A01,Điểm thi THPT,2022,21.5,Kỹ thuật cơ khí - Cơ khí động lực
16771,DDK,ky-thuat-co-so-ha-tang,A00,Điểm thi THPT,2021,17.05,Kỹ thuật cơ sở hạ tầng
16772,DDK,ky-thuat-co-so-ha-tang,A01,Điểm thi THPT,2021,17.05,Kỹ thuật cơ sở hạ tầng
16773,DDK,ky-thuat-co-so-ha-tang,A00,Điểm học bạ,2022,22.78,Kỹ thuật cơ sở hạ tầng
16774,DDK,ky-thuat-co-so-ha-tang,A01,Điểm học bạ,2022,22.78,Kỹ thuật cơ sở hạ tầng
16775,DDK,ky-thuat-co-so-ha-tang,A00,Điểm thi THPT,2022,15.0,Kỹ thuật cơ sở hạ tầng
16776,DDK,ky-thuat-co-so-ha-tang,A01,Điểm thi THPT,2022,15.0,Kỹ thuật cơ sở hạ tầng
16777,DDK,ky-thuat-co-so-ha-tang,A00,Điểm học bạ,2023,21.11,Kỹ thuật cơ sở hạ tầng
16778,DDK,ky-thuat-co-so-ha-tang,A01,Điểm học bạ,2023,21.11,Kỹ thuật cơ sở hạ tầng
16779,DDK,ky-thuat-co-so-ha-tang,A00,Điểm thi THPT,2023,17.0,Kỹ thuật cơ sở hạ tầng
16780,DDK,ky-thuat-co-so-ha-tang,A01,Điểm thi THPT,2023,17.0,Kỹ thuật cơ sở hạ tầng
16781,DDK,ky-thuat-co-so-ha-tang,A00,Điểm học bạ,2024,20.35,Kỹ thuật cơ sở hạ tầng
16782,DDK,ky-thuat-co-so-ha-tang,A01,Điểm học bạ,2024,20.35,Kỹ thuật cơ sở hạ tầng
16783,DDK,ky-thuat-co-so-ha-tang,A00,Điểm thi THPT,2024,17.95,Kỹ thuật cơ sở hạ tầng
16784,DDK,ky-thuat-co-so-ha-tang,A01,Điểm thi THPT,2024,17.95,Kỹ thuật cơ sở hạ tầng
16785,DDK,ky-thuat-co-so-ha-tang,A00,Điểm học bạ,2025,23.12,Kỹ thuật cơ sở hạ tầng
16786,DDK,ky-thuat-co-so-ha-tang,A01,Điểm học bạ,2025,23.12,Kỹ thuật cơ sở hạ tầng
16787,DDK,ky-thuat-co-so-ha-tang,C01,Điểm học bạ,2025,23.12,Kỹ thuật cơ sở hạ tầng
16788,DDK,ky-thuat-co-so-ha-tang,D07,Điểm học bạ,2025,23.12,Kỹ thuật cơ sở hạ tầng
16789,DDK,ky-thuat-co-so-ha-tang,X06,Điểm học bạ,2025,23.12,Kỹ thuật cơ sở hạ tầng
16790,DDK,ky-thuat-co-so-ha-tang,A00,Điểm thi THPT,2025,18.2,Kỹ thuật cơ sở hạ tầng
16791,DDK,ky-thuat-co-so-ha-tang,A01,Điểm thi THPT,2025,18.2,Kỹ thuật cơ sở hạ tầng
16792,DDK,ky-thuat-co-so-ha-tang,C01,Điểm thi THPT,2025,18.2,Kỹ thuật cơ sở hạ tầng
16793,DDK,ky-thuat-co-so-ha-tang,D07,Điểm thi THPT,2025,18.2,Kỹ thuật cơ sở hạ tầng
16794,DDK,ky-thuat-co-so-ha-tang,X06,Điểm thi THPT,2025,18.2,Kỹ thuật cơ sở hạ tầng
16795,DDK,ky-thuat-dien,A00,Điểm thi THPT,2021,25.0,Kỹ thuật điện
16796,DDK,ky-thuat-dien,A01,Điểm thi THPT,2021,25.0,Kỹ thuật điện
16797,DDK,ky-thuat-dien,A00,Điểm học bạ,2022,26.73,Kỹ thuật Điện
16798,DDK,ky-thuat-dien,A01,Điểm học bạ,2022,26.73,Kỹ thuật Điện
16799,DDK,ky-thuat-dien,A00,Điểm thi THPT,2022,21.5,Kỹ thuật điện
16800,DDK,ky-thuat-dien,A01,Điểm thi THPT,2022,21.5,Kỹ thuật điện
16801,DDK,ky-thuat-dien,A00,Điểm học bạ,2023,26.8,Kỹ thuật điện
16802,DDK,ky-thuat-dien,A01,Điểm học bạ,2023,26.8,Kỹ thuật điện
16803,DDK,ky-thuat-dien,A00,Điểm thi THPT,2023,22.4,Kỹ thuật Điện
16804,DDK,ky-thuat-dien,A01,Điểm thi THPT,2023,22.4,Kỹ thuật Điện
16805,DDK,ky-thuat-dien,A00,Điểm học bạ,2024,27.11,Kỹ thuật Điện
16806,DDK,ky-thuat-dien,A01,Điểm học bạ,2024,27.11,Kỹ thuật Điện
16807,DDK,ky-thuat-dien,A00,Điểm thi THPT,2024,24.25,Kỹ thuật Điện
16808,DDK,ky-thuat-dien,A01,Điểm thi THPT,2024,24.25,Kỹ thuật Điện
16809,DDK,ky-thuat-dien,A00,Điểm học bạ,2025,26.55,Kỹ thuật Điện
16810,DDK,ky-thuat-dien,A01,Điểm học bạ,2025,26.55,Kỹ thuật Điện
16811,DDK,ky-thuat-dien,X06,Điểm học bạ,2025,26.55,Kỹ thuật Điện
16812,DDK,ky-thuat-dien,X08,Điểm học bạ,2025,26.55,Kỹ thuật Điện
16813,DDK,ky-thuat-dien,X26,Điểm học bạ,2025,26.55,Kỹ thuật Điện
16814,DDK,ky-thuat-dien,A00,Điểm thi THPT,2025,23.55,Kỹ thuật Điện
16815,DDK,ky-thuat-dien,A01,Điểm thi THPT,2025,23.55,Kỹ thuật Điện
16816,DDK,ky-thuat-dien,X06,Điểm thi THPT,2025,23.55,Kỹ thuật Điện
16817,DDK,ky-thuat-dien,X07,Điểm thi THPT,2025,23.55,Kỹ thuật Điện
16818,DDK,ky-thuat-dien,X26,Điểm thi THPT,2025,23.55,Kỹ thuật Điện
16819,DDK,ky-thuat-dien-tu-vien-thong,A00,Điểm thi THPT,2021,25.25,Kỹ thuật điện tử - viễn thông
16820,DDK,ky-thuat-dien-tu-vien-thong,A01,Điểm thi THPT,2021,25.25,Kỹ thuật điện tử - viễn thông
16821,DDK,ky-thuat-dien-tu-vien-thong,A00,Điểm học bạ,2022,27.12,Kỹ thuật điện tử - viễn thông
16822,DDK,ky-thuat-dien-tu-vien-thong,A01,Điểm học bạ,2022,27.12,Kỹ thuật điện tử - viễn thông
16823,DDK,ky-thuat-dien-tu-vien-thong,A00,Điểm thi THPT,2022,23.5,Kỹ thuật điện tử - viễn thông
16824,DDK,ky-thuat-dien-tu-vien-thong,A01,Điểm thi THPT,2022,23.5,Kỹ thuật điện tử - viễn thông
16825,DDK,ky-thuat-dien-tu-vien-thong,A00,Điểm học bạ,2023,27.41,Kỹ thuật điện tử - viễn thông
16826,DDK,ky-thuat-dien-tu-vien-thong,A01,Điểm học bạ,2023,27.41,Kỹ thuật điện tử - viễn thông
16827,DDK,ky-thuat-dien-tu-vien-thong,D07,Điểm học bạ,2023,23.21,Chương trình tiên tiến Việt - Mỹ ngành Kỹ thuật Điện tử viễn thông
16828,DDK,ky-thuat-dien-tu-vien-thong,A00,Điểm thi THPT,2023,24.05,Kỹ thuật điện tử - viễn thông
16829,DDK,ky-thuat-dien-tu-vien-thong,A01,Điểm thi THPT,2023,24.05,Kỹ thuật điện tử - viễn thông
16830,DDK,ky-thuat-dien-tu-vien-thong,A00,Điểm học bạ,2024,27.83,Kỹ thuật điện tử - viễn thông
16831,DDK,ky-thuat-dien-tu-vien-thong,A01,Điểm học bạ,2024,27.83,Kỹ thuật điện tử - viễn thông
16832,DDK,ky-thuat-dien-tu-vien-thong,D07,Điểm học bạ,2024,25.07,Chương trình tiên tiến Việt - Mỹ ngành Kỹ thuật Điện tử viễn thông
16833,DDK,ky-thuat-dien-tu-vien-thong,A00,Điểm thi THPT,2024,25.14,Kỹ thuật điện tử - viễn thông
16834,DDK,ky-thuat-dien-tu-vien-thong,A01,Điểm thi THPT,2024,25.14,Kỹ thuật điện tử - viễn thông
16835,DDK,ky-thuat-dien-tu-vien-thong,D07,Điểm thi THPT,2024,23.0,Chương trình tiên tiến Việt - Mỹ ngành Kỹ thuật Điện tử viễn thông
16836,DDK,ky-thuat-dien-tu-vien-thong,A00,Điểm học bạ,2025,27.15,Kỹ thuật điện tử - viễn thông
16837,DDK,ky-thuat-dien-tu-vien-thong,A01,Điểm học bạ,2025,27.15,Kỹ thuật điện tử - viễn thông
16838,DDK,ky-thuat-dien-tu-vien-thong,X06,Điểm học bạ,2025,27.15,Kỹ thuật điện tử - viễn thông
16839,DDK,ky-thuat-dien-tu-vien-thong,X08,Điểm học bạ,2025,26.26,Chương trình tiên tiến Việt - Mỹ ngành Kỹ thuật Điện tử viễn thông
16840,DDK,ky-thuat-dien-tu-vien-thong,X26,Điểm học bạ,2025,27.15,Kỹ thuật điện tử - viễn thông
16841,DDK,ky-thuat-dien-tu-vien-thong,A00,Điểm thi THPT,2025,24.65,Kỹ thuật điện tử - viễn thông
16842,DDK,ky-thuat-dien-tu-vien-thong,A01,Điểm thi THPT,2025,24.65,Kỹ thuật điện tử - viễn thông
16843,DDK,ky-thuat-dien-tu-vien-thong,D07,Điểm thi THPT,2025,23.09,Chương trình tiên tiến Việt - Mỹ ngành Kỹ thuật Điện tử viễn thông
16844,DDK,ky-thuat-dien-tu-vien-thong,X06,Điểm thi THPT,2025,24.65,Kỹ thuật điện tử - viễn thông
16845,DDK,ky-thuat-dien-tu-vien-thong,X07,Điểm thi THPT,2025,23.09,Chương trình tiên tiến Việt - Mỹ ngành Kỹ thuật Điện tử viễn thông
16846,DDK,ky-thuat-dien-tu-vien-thong,X26,Điểm thi THPT,2025,24.65,Kỹ thuật điện tử - viễn thông
16847,DDK,ky-thuat-dien-tu-vien-thong-chuyen-nganh-vi-dien-tu-thiet-ke-vi-mach,A00,Điểm thi THPT,2024,26.31,"Kỹ thuật điện tử - viễn thông, chuyên ngành vi điện tử - thiết kế vi mạch"
16848,DDK,ky-thuat-dien-tu-vien-thong-chuyen-nganh-vi-dien-tu-thiet-ke-vi-mach,A01,Điểm thi THPT,2024,26.31,"Kỹ thuật điện tử - viễn thông, chuyên ngành vi điện tử - thiết kế vi mạch"
16849,DDK,ky-thuat-dieu-khien-va-tu-dong-hoa,A00,Điểm thi THPT,2021,26.5,Kỹ thuật điều khiển và tự động hóa
16850,DDK,ky-thuat-dieu-khien-va-tu-dong-hoa,A01,Điểm thi THPT,2021,26.5,Kỹ thuật điều khiển và tự động hóa
16851,DDK,ky-thuat-dieu-khien-va-tu-dong-hoa,A00,Điểm học bạ,2022,28.57,Kỹ thuật Điều khiển và Tự động hóa
16852,DDK,ky-thuat-dieu-khien-va-tu-dong-hoa,A01,Điểm học bạ,2022,28.57,Kỹ thuật Điều khiển và Tự động hóa
16853,DDK,ky-thuat-dieu-khien-va-tu-dong-hoa,A00,Điểm thi THPT,2022,25.2,Kỹ thuật điều khiển và tự động hóa
16854,DDK,ky-thuat-dieu-khien-va-tu-dong-hoa,A01,Điểm thi THPT,2022,25.2,Kỹ thuật điều khiển và tự động hóa
16855,DDK,ky-thuat-dieu-khien-va-tu-dong-hoa,A00,Điểm học bạ,2023,28.19,Kỹ thuật điều khiển và tự động hóa
16856,DDK,ky-thuat-dieu-khien-va-tu-dong-hoa,A01,Điểm học bạ,2023,28.19,Kỹ thuật điều khiển và tự động hóa
16857,DDK,ky-thuat-dieu-khien-va-tu-dong-hoa,A00,Điểm thi THPT,2023,25.3,Kỹ thuật Điều khiền và Tự động hóa
16858,DDK,ky-thuat-dieu-khien-va-tu-dong-hoa,A01,Điểm thi THPT,2023,25.3,Kỹ thuật Điều khiền và Tự động hóa
16859,DDK,ky-thuat-dieu-khien-va-tu-dong-hoa,A00,Điểm học bạ,2024,28.38,Kỹ thuật Điều khiển và Tự động hóa
16860,DDK,ky-thuat-dieu-khien-va-tu-dong-hoa,A01,Điểm học bạ,2024,28.38,Kỹ thuật Điều khiển và Tự động hóa
16861,DDK,ky-thuat-dieu-khien-va-tu-dong-hoa,A00,Điểm thi THPT,2024,26.0,Kỹ thuật Điều khiển và Tự động hóa
16862,DDK,ky-thuat-dieu-khien-va-tu-dong-hoa,A01,Điểm thi THPT,2024,26.0,Kỹ thuật Điều khiển và Tự động hóa
16863,DDK,ky-thuat-dieu-khien-va-tu-dong-hoa,A00,Điểm thi THPT,2025,26.13,Kỹ thuật Điều khiển và Tự động hóa
16864,DDK,ky-thuat-dieu-khien-va-tu-dong-hoa,A01,Điểm thi THPT,2025,26.13,Kỹ thuật Điều khiển và Tự động hóa
16865,DDK,ky-thuat-dieu-khien-va-tu-dong-hoa,X06,Điểm thi THPT,2025,26.13,Kỹ thuật Điều khiển và Tự động hóa
16866,DDK,ky-thuat-dieu-khien-va-tu-dong-hoa,X07,Điểm thi THPT,2025,26.13,Kỹ thuật Điều khiển và Tự động hóa
16867,DDK,ky-thuat-dieu-khien-va-tu-dong-hoa,X26,Điểm thi THPT,2025,26.13,Kỹ thuật Điều khiển và Tự động hóa
16868,DDK,ky-thuat-he-thong-cong-nghiep,A00,Điểm thi THPT,2021,22.5,Kỹ thuật hệ thống công nghiệp
16869,DDK,ky-thuat-he-thong-cong-nghiep,A01,Điểm thi THPT,2021,22.5,Kỹ thuật hệ thống công nghiệp
16870,DDK,ky-thuat-he-thong-cong-nghiep,A00,Điểm học bạ,2022,23.18,Kỹ thuật hệ thống công nghiệp
16871,DDK,ky-thuat-he-thong-cong-nghiep,A01,Điểm học bạ,2022,23.18,Kỹ thuật hệ thống công nghiệp
16872,DDK,ky-thuat-he-thong-cong-nghiep,A00,Điểm thi THPT,2022,15.0,Kỹ thuật hệ thống công nghiệp
16873,DDK,ky-thuat-he-thong-cong-nghiep,A01,Điểm thi THPT,2022,15.0,Kỹ thuật hệ thống công nghiệp
16874,DDK,ky-thuat-he-thong-cong-nghiep,A00,Điểm học bạ,2023,23.25,Kỹ thuật hệ thống công nghiệp
16875,DDK,ky-thuat-he-thong-cong-nghiep,A01,Điểm học bạ,2023,23.25,Kỹ thuật hệ thống công nghiệp
16876,DDK,ky-thuat-he-thong-cong-nghiep,A00,Điểm thi THPT,2023,17.0,Kỹ thuật hệ thống công nghiệp
16877,DDK,ky-thuat-he-thong-cong-nghiep,A01,Điểm thi THPT,2023,17.0,Kỹ thuật hệ thống công nghiệp
16878,DDK,ky-thuat-he-thong-cong-nghiep,A00,Điểm học bạ,2024,21.13,Kỹ thuật hệ thống công nghiệp
16879,DDK,ky-thuat-he-thong-cong-nghiep,A01,Điểm học bạ,2024,21.13,Kỹ thuật hệ thống công nghiệp
16880,DDK,ky-thuat-he-thong-cong-nghiep,A00,Điểm thi THPT,2024,20.0,Kỹ thuật hệ thống công nghiệp
16881,DDK,ky-thuat-he-thong-cong-nghiep,A01,Điểm thi THPT,2024,20.0,Kỹ thuật hệ thống công nghiệp
16882,DDK,ky-thuat-he-thong-cong-nghiep,A00,Điểm học bạ,2025,25.17,Kỹ thuật hệ thống công nghiệp
16883,DDK,ky-thuat-he-thong-cong-nghiep,A01,Điểm học bạ,2025,25.17,Kỹ thuật hệ thống công nghiệp
16884,DDK,ky-thuat-he-thong-cong-nghiep,X06,Điểm học bạ,2025,25.17,Kỹ thuật hệ thống công nghiệp
16885,DDK,ky-thuat-he-thong-cong-nghiep,X08,Điểm học bạ,2025,25.17,Kỹ thuật hệ thống công nghiệp
16886,DDK,ky-thuat-he-thong-cong-nghiep,X26,Điểm học bạ,2025,25.17,Kỹ thuật hệ thống công nghiệp
16887,DDK,ky-thuat-he-thong-cong-nghiep,A00,Điểm thi THPT,2025,21.27,Kỹ thuật hệ thống công nghiệp
16888,DDK,ky-thuat-he-thong-cong-nghiep,A01,Điểm thi THPT,2025,21.27,Kỹ thuật hệ thống công nghiệp
16889,DDK,ky-thuat-he-thong-cong-nghiep,X06,Điểm thi THPT,2025,21.27,Kỹ thuật hệ thống công nghiệp
16890,DDK,ky-thuat-he-thong-cong-nghiep,X07,Điểm thi THPT,2025,21.27,Kỹ thuật hệ thống công nghiệp
16891,DDK,ky-thuat-he-thong-cong-nghiep,X26,Điểm thi THPT,2025,21.27,Kỹ thuật hệ thống công nghiệp
16892,DDK,ky-thuat-hoa-hoc,A00,Điểm thi THPT,2021,23.25,Kỹ thuật hóa học
16893,DDK,ky-thuat-hoa-hoc,D07,Điểm thi THPT,2021,23.25,Kỹ thuật hóa học
16894,DDK,ky-thuat-hoa-hoc,A00,Điểm học bạ,2022,26.05,Kỹ thuật hóa học
16895,DDK,ky-thuat-hoa-hoc,D07,Điểm học bạ,2022,26.05,Kỹ thuật hóa học
16896,DDK,ky-thuat-hoa-hoc,A00,Điểm thi THPT,2022,20.05,Kỹ thuật hóa học
16897,DDK,ky-thuat-hoa-hoc,D07,Điểm thi THPT,2022,20.05,Kỹ thuật hóa học
16898,DDK,ky-thuat-hoa-hoc,A00,Điểm học bạ,2023,26.6,Kỹ thuật hóa học
16899,DDK,ky-thuat-hoa-hoc,D07,Điểm học bạ,2023,26.6,Kỹ thuật hóa học
16900,DDK,ky-thuat-hoa-hoc,A00,Điểm thi THPT,2023,21.3,Kỹ thuật hóa học
16901,DDK,ky-thuat-hoa-hoc,D07,Điểm thi THPT,2023,21.3,Kỹ thuật hóa học
16902,DDK,ky-thuat-hoa-hoc,A00,Điểm học bạ,2024,26.47,Kỹ thuật hóa học
16903,DDK,ky-thuat-hoa-hoc,D07,Điểm học bạ,2024,26.47,Kỹ thuật hóa học
16904,DDK,ky-thuat-hoa-hoc,A00,Điểm thi THPT,2024,23.05,Kỹ thuật hóa học
16905,DDK,ky-thuat-hoa-hoc,D07,Điểm thi THPT,2024,23.05,Kỹ thuật hóa học
16906,DDK,ky-thuat-hoa-hoc,A00,Điểm học bạ,2025,26.88,Kỹ thuật hóa học
16907,DDK,ky-thuat-hoa-hoc,B00,Điểm học bạ,2025,26.88,Kỹ thuật hóa học
16908,DDK,ky-thuat-hoa-hoc,C02,Điểm học bạ,2025,26.88,Kỹ thuật hóa học
16909,DDK,ky-thuat-hoa-hoc,D07,Điểm học bạ,2025,26.88,Kỹ thuật hóa học
16910,DDK,ky-thuat-hoa-hoc,X06,Điểm học bạ,2025,26.88,Kỹ thuật hóa học
16911,DDK,ky-thuat-hoa-hoc,X11,Điểm học bạ,2025,26.88,Kỹ thuật hóa học
16912,DDK,ky-thuat-hoa-hoc,A00,Điểm thi THPT,2025,24.17,Kỹ thuật hóa học
16913,DDK,ky-thuat-hoa-hoc,A01,Điểm thi THPT,2025,24.17,Kỹ thuật hóa học
16914,DDK,ky-thuat-hoa-hoc,B00,Điểm thi THPT,2025,24.17,Kỹ thuật hóa học
16915,DDK,ky-thuat-hoa-hoc,C02,Điểm thi THPT,2025,24.17,Kỹ thuật hóa học
16916,DDK,ky-thuat-hoa-hoc,D07,Điểm thi THPT,2025,24.17,Kỹ thuật hóa học
16917,DDK,ky-thuat-hoa-hoc,X11,Điểm thi THPT,2025,24.17,Kỹ thuật hóa học
16918,DDK,ky-thuat-may-tinh,A00,Điểm thi THPT,2021,25.85,Kỹ thuật máy tính
16919,DDK,ky-thuat-may-tinh,A01,Điểm thi THPT,2021,25.85,Kỹ thuật máy tính
16920,DDK,ky-thuat-may-tinh,A00,Điểm học bạ,2022,28.75,Kỹ thuật máy tính
16921,DDK,ky-thuat-may-tinh,A01,Điểm học bạ,2022,28.75,Kỹ thuật máy tính
16922,DDK,ky-thuat-may-tinh,A00,Điểm thi THPT,2022,26.0,Kỹ thuật máy tính
16923,DDK,ky-thuat-may-tinh,A01,Điểm thi THPT,2022,26.0,Kỹ thuật máy tính
16924,DDK,ky-thuat-may-tinh,A00,Điểm học bạ,2023,28.4,Kỹ thuật máy tính
16925,DDK,ky-thuat-may-tinh,A01,Điểm học bạ,2023,28.4,Kỹ thuật máy tính
16926,DDK,ky-thuat-may-tinh,A00,Điểm thi THPT,2023,25.45,Kỹ thuật máy tính
16927,DDK,ky-thuat-may-tinh,A01,Điểm thi THPT,2023,25.45,Kỹ thuật máy tính
16928,DDK,ky-thuat-may-tinh,A00,Điểm học bạ,2024,28.83,Kỹ thuật máy tính
16929,DDK,ky-thuat-may-tinh,A01,Điểm học bạ,2024,28.83,Kỹ thuật máy tính
16930,DDK,ky-thuat-may-tinh,A00,Điểm thi THPT,2024,25.82,Kỹ thuật máy tính
16931,DDK,ky-thuat-may-tinh,A01,Điểm thi THPT,2024,25.82,Kỹ thuật máy tính
16932,DDK,ky-thuat-may-tinh,A00,Điểm thi THPT,2025,25.25,Kỹ thuật máy tính
16933,DDK,ky-thuat-may-tinh,A01,Điểm thi THPT,2025,25.25,Kỹ thuật máy tính
16934,DDK,ky-thuat-may-tinh,X06,Điểm thi THPT,2025,25.25,Kỹ thuật máy tính
16935,DDK,ky-thuat-may-tinh,X26,Điểm thi THPT,2025,25.25,Kỹ thuật máy tính
16936,DDK,ky-thuat-moi-truong,A00,Điểm thi THPT,2021,16.85,Kỹ thuật môi trường
16937,DDK,ky-thuat-moi-truong,D07,Điểm thi THPT,2021,16.85,Kỹ thuật môi trường
16938,DDK,ky-thuat-moi-truong,A00,Điểm học bạ,2022,18.29,Kỹ thuật môi trường
16939,DDK,ky-thuat-moi-truong,D07,Điểm học bạ,2022,18.29,Kỹ thuật môi trường
16940,DDK,ky-thuat-moi-truong,A00,Điểm thi THPT,2022,15.0,Kỹ thuật môi trường
16941,DDK,ky-thuat-moi-truong,D07,Điểm thi THPT,2022,15.0,Kỹ thuật môi trường
16942,DDK,ky-thuat-moi-truong,A00,Điểm học bạ,2023,20.35,Kỹ thuật môi trường
16943,DDK,ky-thuat-moi-truong,B00,Điểm học bạ,2023,20.35,Kỹ thuật môi trường
16944,DDK,ky-thuat-moi-truong,D07,Điểm học bạ,2023,20.35,Kỹ thuật môi trường
16945,DDK,ky-thuat-moi-truong,A00,Điểm thi THPT,2023,17.5,Kỹ thuật môi trường
16946,DDK,ky-thuat-moi-truong,B00,Điểm thi THPT,2023,17.5,Kỹ thuật môi trường
16947,DDK,ky-thuat-moi-truong,D07,Điểm thi THPT,2023,17.5,Kỹ thuật môi trường
16948,DDK,ky-thuat-moi-truong,A00,Điểm học bạ,2024,20.51,Kỹ thuật môi trường
16949,DDK,ky-thuat-moi-truong,B00,Điểm học bạ,2024,20.51,Kỹ thuật môi trường
16950,DDK,ky-thuat-moi-truong,D07,Điểm học bạ,2024,20.51,Kỹ thuật môi trường
16951,DDK,ky-thuat-moi-truong,A00,Điểm thi THPT,2024,18.0,Kỹ thuật môi trường
16952,DDK,ky-thuat-moi-truong,B00,Điểm thi THPT,2024,18.0,Kỹ thuật môi trường
16953,DDK,ky-thuat-moi-truong,D07,Điểm thi THPT,2024,18.0,Kỹ thuật môi trường
16954,DDK,ky-thuat-moi-truong,A00,Điểm học bạ,2025,23.03,Kỹ thuật môi trường
16955,DDK,ky-thuat-moi-truong,A01,Điểm học bạ,2025,23.03,Kỹ thuật môi trường
16956,DDK,ky-thuat-moi-truong,B00,Điểm học bạ,2025,23.03,Kỹ thuật môi trường
16957,DDK,ky-thuat-moi-truong,B08,Điểm học bạ,2025,23.03,Kỹ thuật môi trường
16958,DDK,ky-thuat-moi-truong,D07,Điểm học bạ,2025,23.03,Kỹ thuật môi trường
16959,DDK,ky-thuat-moi-truong,X11,Điểm học bạ,2025,23.03,Kỹ thuật môi trường
16960,DDK,ky-thuat-moi-truong,A00,Điểm thi THPT,2025,18.1,Kỹ thuật môi trường
16961,DDK,ky-thuat-moi-truong,A01,Điểm thi THPT,2025,18.1,Kỹ thuật môi trường
16962,DDK,ky-thuat-moi-truong,B00,Điểm thi THPT,2025,18.1,Kỹ thuật môi trường
16963,DDK,ky-thuat-moi-truong,D07,Điểm thi THPT,2025,18.1,Kỹ thuật môi trường
16964,DDK,ky-thuat-moi-truong,D08,Điểm thi THPT,2025,18.1,Kỹ thuật môi trường
16965,DDK,ky-thuat-moi-truong,X11,Điểm thi THPT,2025,18.1,Kỹ thuật môi trường
16966,DDK,ky-thuat-nhiet,A00,Điểm thi THPT,2021,23.65,Kỹ thuật nhiệt
16967,DDK,ky-thuat-nhiet,A01,Điểm thi THPT,2021,23.65,Kỹ thuật nhiệt
16968,DDK,ky-thuat-nhiet,A00,Điểm học bạ,2022,24.24,Kỹ thuật nhiệt
16969,DDK,ky-thuat-nhiet,A01,Điểm học bạ,2022,24.24,Kỹ thuật nhiệt
16970,DDK,ky-thuat-nhiet,A00,Điểm thi THPT,2022,16.45,Kỹ thuật nhiệt
16971,DDK,ky-thuat-nhiet,A01,Điểm thi THPT,2022,16.45,Kỹ thuật nhiệt
16972,DDK,ky-thuat-nhiet,A00,Điểm học bạ,2023,24.42,Kỹ thuật nhiệt
16973,DDK,ky-thuat-nhiet,A01,Điểm học bạ,2023,24.42,Kỹ thuật nhiệt
16974,DDK,ky-thuat-nhiet,A00,Điểm thi THPT,2023,19.25,Kỹ thuật nhiệt
16975,DDK,ky-thuat-nhiet,A01,Điểm thi THPT,2023,19.25,Kỹ thuật nhiệt
16976,DDK,ky-thuat-nhiet,A00,Điểm học bạ,2024,25.23,Kỹ thuật nhiệt
16977,DDK,ky-thuat-nhiet,A01,Điểm học bạ,2024,25.23,Kỹ thuật nhiệt
16978,DDK,ky-thuat-nhiet,A00,Điểm thi THPT,2024,22.25,Kỹ thuật nhiệt
16979,DDK,ky-thuat-nhiet,A01,Điểm thi THPT,2024,22.25,Kỹ thuật nhiệt
16980,DDK,ky-thuat-nhiet,A00,Điểm học bạ,2025,25.6,Kỹ thuật nhiệt
16981,DDK,ky-thuat-nhiet,A01,Điểm học bạ,2025,25.6,Kỹ thuật nhiệt
16982,DDK,ky-thuat-nhiet,X06,Điểm học bạ,2025,25.6,Kỹ thuật nhiệt
16983,DDK,ky-thuat-nhiet,X07,Điểm học bạ,2025,25.6,Kỹ thuật nhiệt
16984,DDK,ky-thuat-nhiet,A00,Điểm thi THPT,2025,22.0,Kỹ thuật nhiệt
16985,DDK,ky-thuat-nhiet,A01,Điểm thi THPT,2025,22.0,Kỹ thuật nhiệt
16986,DDK,ky-thuat-nhiet,X06,Điểm thi THPT,2025,22.0,Kỹ thuật nhiệt
16987,DDK,ky-thuat-nhiet,X07,Điểm thi THPT,2025,22.0,Kỹ thuật nhiệt
16988,DDK,ky-thuat-o-to,A00,Điểm thi THPT,2022,25.2,Kỹ thuật ô tô
16989,DDK,ky-thuat-o-to,A01,Điểm thi THPT,2022,25.2,Kỹ thuật ô tô
16990,DDK,ky-thuat-o-to,A00,Điểm thi THPT,2023,25.05,Kỹ thuật ô tô
16991,DDK,ky-thuat-o-to,A01,Điểm thi THPT,2023,25.05,Kỹ thuật ô tô
16992,DDK,ky-thuat-o-to,A00,Điểm thi THPT,2024,25.36,Kỹ thuật ô tô
16993,DDK,ky-thuat-o-to,A01,Điểm thi THPT,2024,25.36,Kỹ thuật ô tô
16994,DDK,ky-thuat-o-to,A00,Điểm thi THPT,2025,23.56,Kỹ thuật ô tô
16995,DDK,ky-thuat-o-to,A01,Điểm thi THPT,2025,23.56,Kỹ thuật ô tô
16996,DDK,ky-thuat-o-to,X06,Điểm thi THPT,2025,23.56,Kỹ thuật ô tô
16997,DDK,ky-thuat-o-to,X07,Điểm thi THPT,2025,23.56,Kỹ thuật ô tô
16998,DDK,ky-thuat-o-to,X26,Điểm thi THPT,2025,23.56,Kỹ thuật ô tô
16999,DDK,ky-thuat-tau-thuy,A00,Điểm thi THPT,2021,18.05,Kỹ thuật tàu thủy
17000,DDK,ky-thuat-tau-thuy,A01,Điểm thi THPT,2021,18.05,Kỹ thuật tàu thủy
17001,DDK,ky-thuat-tau-thuy,A00,Điểm học bạ,2022,18.25,Kỹ thuật Tàu thủy
17002,DDK,ky-thuat-tau-thuy,A01,Điểm học bạ,2022,18.25,Kỹ thuật Tàu thủy
17003,DDK,ky-thuat-tau-thuy,A00,Điểm thi THPT,2022,15.0,Kỹ thuật Tàu thủy
17004,DDK,ky-thuat-tau-thuy,A01,Điểm thi THPT,2022,15.0,Kỹ thuật Tàu thủy
17005,DDK,ky-thuat-tau-thuy,A00,Điểm học bạ,2023,19.06,Kỹ thuật Tàu thủy
17006,DDK,ky-thuat-tau-thuy,A01,Điểm học bạ,2023,19.06,Kỹ thuật Tàu thủy
17007,DDK,ky-thuat-tau-thuy,A00,Điểm thi THPT,2023,17.0,Kỹ thuật Tàu thủy
17008,DDK,ky-thuat-tau-thuy,A01,Điểm thi THPT,2023,17.0,Kỹ thuật Tàu thủy
17009,DDK,ky-thuat-tau-thuy,A00,Điểm học bạ,2024,19.39,Kỹ thuật Tàu thủy
17010,DDK,ky-thuat-tau-thuy,A01,Điểm học bạ,2024,19.39,Kỹ thuật Tàu thủy
17011,DDK,ky-thuat-tau-thuy,A00,Điểm thi THPT,2024,20.15,Kỹ thuật Tàu thủy
17012,DDK,ky-thuat-tau-thuy,A01,Điểm thi THPT,2024,20.15,Kỹ thuật Tàu thủy
17013,DDK,ky-thuat-tau-thuy,A00,Điểm học bạ,2025,23.98,Kỹ thuật Tàu thủy
17014,DDK,ky-thuat-tau-thuy,A01,Điểm học bạ,2025,23.98,Kỹ thuật Tàu thủy
17015,DDK,ky-thuat-tau-thuy,X06,Điểm học bạ,2025,23.98,Kỹ thuật Tàu thủy
17016,DDK,ky-thuat-tau-thuy,X08,Điểm học bạ,2025,23.98,Kỹ thuật Tàu thủy
17017,DDK,ky-thuat-tau-thuy,X26,Điểm học bạ,2025,23.98,Kỹ thuật Tàu thủy
17018,DDK,ky-thuat-tau-thuy,A00,Điểm thi THPT,2025,19.3,Kỹ thuật Tàu thủy
17019,DDK,ky-thuat-tau-thuy,A01,Điểm thi THPT,2025,19.3,Kỹ thuật Tàu thủy
17020,DDK,ky-thuat-tau-thuy,X06,Điểm thi THPT,2025,19.3,Kỹ thuật Tàu thủy
17021,DDK,ky-thuat-tau-thuy,X07,Điểm thi THPT,2025,19.3,Kỹ thuật Tàu thủy
17022,DDK,ky-thuat-tau-thuy,X26,Điểm thi THPT,2025,19.3,Kỹ thuật Tàu thủy
17023,DDK,ky-thuat-va-quan-ly-xay-dung-do-thi-thong-minh,A00,Điểm học bạ,2022,22.21,"Kỹ thuật xây dựng, chuyên ngành Kỹ thuật và quản lý xây dựng đô thị thông minh"
17024,DDK,ky-thuat-va-quan-ly-xay-dung-do-thi-thong-minh,A01,Điểm học bạ,2022,22.21,"Kỹ thuật xây dựng, chuyên ngành Kỹ thuật và quản lý xây dựng đô thị thông minh"
17025,DDK,ky-thuat-va-quan-ly-xay-dung-do-thi-thong-minh,A00,Điểm học bạ,2023,22.01,"Kỹ thuật Xây dựng, chuyên ngành Kỹ thuật và quản lý xây dựng đô thị thông minh"
17026,DDK,ky-thuat-va-quan-ly-xay-dung-do-thi-thong-minh,A01,Điểm học bạ,2023,22.01,"Kỹ thuật Xây dựng, chuyên ngành Kỹ thuật và quản lý xây dựng đô thị thông minh"
17027,DDK,ky-thuat-va-quan-ly-xay-dung-do-thi-thong-minh,A00,Điểm thi THPT,2023,17.0,"Kỹ thuật xây dựng, chuyên ngành Kỹ thuật và quản lý xây dựng đô thị thông minh"
17028,DDK,ky-thuat-va-quan-ly-xay-dung-do-thi-thong-minh,A01,Điểm thi THPT,2023,17.0,"Kỹ thuật xây dựng, chuyên ngành Kỹ thuật và quản lý xây dựng đô thị thông minh"
17029,DDK,ky-thuat-va-quan-ly-xay-dung-do-thi-thong-minh,A00,Điểm học bạ,2024,23.23,"Kỹ thuật xây dựng, chuyên ngành Kỹ thuật và quản lý xây dựng đô thị thông minh"
17030,DDK,ky-thuat-va-quan-ly-xay-dung-do-thi-thong-minh,A01,Điểm học bạ,2024,23.23,"Kỹ thuật xây dựng, chuyên ngành Kỹ thuật và quản lý xây dựng đô thị thông minh"
17031,DDK,ky-thuat-va-quan-ly-xay-dung-do-thi-thong-minh,A00,Điểm thi THPT,2024,17.05,"Kỹ thuật xây dựng, chuyên ngành Kỹ thuật và quản lý xây dựng đô thị thông minh"
17032,DDK,ky-thuat-va-quan-ly-xay-dung-do-thi-thong-minh,A01,Điểm thi THPT,2024,17.05,"Kỹ thuật xây dựng, chuyên ngành Kỹ thuật và quản lý xây dựng đô thị thông minh"
17033,DDK,ky-thuat-va-quan-ly-xay-dung-do-thi-thong-minh,A00,Điểm học bạ,2025,24.12,"Kỹ thuật xây dựng, chuyên ngành Kỹ thuật và quản lý xây dựng đô thị thông minh"
17034,DDK,ky-thuat-va-quan-ly-xay-dung-do-thi-thong-minh,C01,Điểm học bạ,2025,24.12,"Kỹ thuật xây dựng, chuyên ngành Kỹ thuật và quản lý xây dựng đô thị thông minh"
17035,DDK,ky-thuat-va-quan-ly-xay-dung-do-thi-thong-minh,X06,Điểm học bạ,2025,24.12,"Kỹ thuật xây dựng, chuyên ngành Kỹ thuật và quản lý xây dựng đô thị thông minh"
17036,DDK,ky-thuat-va-quan-ly-xay-dung-do-thi-thong-minh,X26,Điểm học bạ,2025,24.12,"Kỹ thuật xây dựng, chuyên ngành Kỹ thuật và quản lý xây dựng đô thị thông minh"
17037,DDK,ky-thuat-va-quan-ly-xay-dung-do-thi-thong-minh,A00,Điểm thi THPT,2025,19.6,"Kỹ thuật xây dựng, chuyên ngành Kỹ thuật và quản lý xây dựng đô thị thông minh"
17038,DDK,ky-thuat-va-quan-ly-xay-dung-do-thi-thong-minh,A01,Điểm thi THPT,2025,19.6,"Kỹ thuật xây dựng, chuyên ngành Kỹ thuật và quản lý xây dựng đô thị thông minh"
17039,DDK,ky-thuat-va-quan-ly-xay-dung-do-thi-thong-minh,C01,Điểm thi THPT,2025,19.6,"Kỹ thuật xây dựng, chuyên ngành Kỹ thuật và quản lý xây dựng đô thị thông minh"
17040,DDK,ky-thuat-va-quan-ly-xay-dung-do-thi-thong-minh,D07,Điểm thi THPT,2025,19.6,"Kỹ thuật xây dựng, chuyên ngành Kỹ thuật và quản lý xây dựng đô thị thông minh"
17041,DDK,ky-thuat-va-quan-ly-xay-dung-do-thi-thong-minh,X06,Điểm thi THPT,2025,19.6,"Kỹ thuật xây dựng, chuyên ngành Kỹ thuật và quản lý xây dựng đô thị thông minh"
17042,DDK,ky-thuat-va-quan-ly-xay-dung-do-thi-thong-minh,X26,Điểm thi THPT,2025,19.6,"Kỹ thuật xây dựng, chuyên ngành Kỹ thuật và quản lý xây dựng đô thị thông minh"
17043,DDK,ky-thuat-xay-dung-cn-ky-thuat-va-quan-ly-xay-dung-do-thi-thong-minh,A00,Điểm thi THPT,2022,15.0,Kỹ thuật Xây dựng - CN Kỹ thuật và quản lý xây dựng đô thị thông minh
17044,DDK,ky-thuat-xay-dung-cn-ky-thuat-va-quan-ly-xay-dung-do-thi-thong-minh,A01,Điểm thi THPT,2022,15.0,Kỹ thuật Xây dựng - CN Kỹ thuật và quản lý xây dựng đô thị thông minh
17045,DDK,ky-thuat-xay-dung-cn-mo-hinh-thong-tin-va-tri-tue-nhan-tao-trong-xay-dung,A00,Điểm thi THPT,2022,15.0,Kỹ thuật Xây dựng - CN Mô hình thông tin và trí tuệ nhân tạo trong xây dựng
17046,DDK,ky-thuat-xay-dung-cn-mo-hinh-thong-tin-va-tri-tue-nhan-tao-trong-xay-dung,A01,Điểm thi THPT,2022,15.0,Kỹ thuật Xây dựng - CN Mô hình thông tin và trí tuệ nhân tạo trong xây dựng
17047,DDK,ky-thuat-xay-dung-cn-tin-hoc-xay-dung,A00,Điểm thi THPT,2022,16.0,Kỹ thuật Xây dựng - CN Tin học xây dựng
17048,DDK,ky-thuat-xay-dung-cn-tin-hoc-xay-dung,A01,Điểm thi THPT,2022,16.0,Kỹ thuật Xây dựng - CN Tin học xây dựng
17049,DDK,ky-thuat-xay-dung-cn-xay-dung-dd-va-cn,A00,Điểm thi THPT,2021,23.45,Kỹ thuật Xây dựng - CN Xây dựng DD và CN
17050,DDK,ky-thuat-xay-dung-cn-xay-dung-dd-va-cn,A01,Điểm thi THPT,2021,23.45,Kỹ thuật Xây dựng - CN Xây dựng DD và CN
17051,DDK,ky-thuat-xay-dung-cn-xay-dung-dd-va-cn,A00,Điểm thi THPT,2022,18.1,Kỹ thuật Xây dựng - CN Xây dựng DD và CN
17052,DDK,ky-thuat-xay-dung-cn-xay-dung-dd-va-cn,A01,Điểm thi THPT,2022,18.1,Kỹ thuật Xây dựng - CN Xây dựng DD và CN
17053,DDK,ky-thuat-xay-dung-cn-xay-dung-tin-hoc-xay-dung,A00,Điểm thi THPT,2021,22.55,Kỹ thuật Xây dựng - CN Xây dựng Tin học xây dựng
17054,DDK,ky-thuat-xay-dung-cn-xay-dung-tin-hoc-xay-dung,A01,Điểm thi THPT,2021,22.55,Kỹ thuật Xây dựng - CN Xây dựng Tin học xây dựng
17055,DDK,ky-thuat-xay-dung-cong-trinh-giao-thong,A00,Điểm học bạ,2022,19.75,Kỹ thuật xây dựng công trình giao thông
17056,DDK,ky-thuat-xay-dung-cong-trinh-giao-thong,A01,Điểm học bạ,2022,19.75,Kỹ thuật xây dựng công trình giao thông
17057,DDK,ky-thuat-xay-dung-cong-trinh-giao-thong,A00,Điểm học bạ,2023,19.17,Kỹ thuật xây dựng công trình giao thông
17058,DDK,ky-thuat-xay-dung-cong-trinh-giao-thong,A01,Điểm học bạ,2023,19.17,Kỹ thuật xây dựng công trình giao thông
17059,DDK,ky-thuat-xay-dung-cong-trinh-giao-thong,A00,Điểm thi THPT,2023,18.0,Kỹ thuật xây dựng công trình giao thông
17060,DDK,ky-thuat-xay-dung-cong-trinh-giao-thong,A01,Điểm thi THPT,2023,18.0,Kỹ thuật xây dựng công trình giao thông
17061,DDK,ky-thuat-xay-dung-cong-trinh-giao-thong,A00,Điểm học bạ,2024,19.48,Kỹ thuật xây dựng công trình giao thông
17062,DDK,ky-thuat-xay-dung-cong-trinh-giao-thong,A01,Điểm học bạ,2024,19.48,Kỹ thuật xây dựng công trình giao thông
17063,DDK,ky-thuat-xay-dung-cong-trinh-giao-thong,A00,Điểm thi THPT,2024,18.35,Kỹ thuật xây dựng công trình giao thông
17064,DDK,ky-thuat-xay-dung-cong-trinh-giao-thong,A01,Điểm thi THPT,2024,18.35,Kỹ thuật xây dựng công trình giao thông
17065,DDK,ky-thuat-xay-dung-cong-trinh-giao-thong,A00,Điểm học bạ,2025,22.95,Kỹ thuật xây dựng công trình giao thông
17066,DDK,ky-thuat-xay-dung-cong-trinh-giao-thong,A01,Điểm học bạ,2025,22.95,Kỹ thuật xây dựng công trình giao thông
17067,DDK,ky-thuat-xay-dung-cong-trinh-giao-thong,C01,Điểm học bạ,2025,22.95,Kỹ thuật xây dựng công trình giao thông
17068,DDK,ky-thuat-xay-dung-cong-trinh-giao-thong,D07,Điểm học bạ,2025,22.95,Kỹ thuật xây dựng công trình giao thông
17069,DDK,ky-thuat-xay-dung-cong-trinh-giao-thong,X06,Điểm học bạ,2025,22.95,Kỹ thuật xây dựng công trình giao thông
17070,DDK,ky-thuat-xay-dung-cong-trinh-giao-thong,A00,Điểm thi THPT,2025,18.0,Kỹ thuật xây dựng công trình giao thông
17071,DDK,ky-thuat-xay-dung-cong-trinh-giao-thong,A01,Điểm thi THPT,2025,18.0,Kỹ thuật xây dựng công trình giao thông
17072,DDK,ky-thuat-xay-dung-cong-trinh-giao-thong,C01,Điểm thi THPT,2025,18.0,Kỹ thuật xây dựng công trình giao thông
17073,DDK,ky-thuat-xay-dung-cong-trinh-giao-thong,D07,Điểm thi THPT,2025,18.0,Kỹ thuật xây dựng công trình giao thông
17074,DDK,ky-thuat-xay-dung-cong-trinh-giao-thong,X06,Điểm thi THPT,2025,18.0,Kỹ thuật xây dựng công trình giao thông
17075,DDK,ky-thuat-xay-dung-cong-trinh-thuy,A00,Điểm thi THPT,2021,18.4,Kỹ thuật xây dựng công trình thủy
17076,DDK,ky-thuat-xay-dung-cong-trinh-thuy,A01,Điểm thi THPT,2021,18.4,Kỹ thuật xây dựng công trình thủy
17077,DDK,ky-thuat-xay-dung-cong-trinh-thuy,A00,Điểm học bạ,2022,17.48,Kỹ thuật xây dựng công trình thủy
17078,DDK,ky-thuat-xay-dung-cong-trinh-thuy,A01,Điểm học bạ,2022,17.48,Kỹ thuật xây dựng công trình thủy
17079,DDK,ky-thuat-xay-dung-cong-trinh-thuy,A00,Điểm thi THPT,2022,15.0,Kỹ thuật xây dựng công trình thủy
17080,DDK,ky-thuat-xay-dung-cong-trinh-thuy,A01,Điểm thi THPT,2022,15.0,Kỹ thuật xây dựng công trình thủy
17081,DDK,ky-thuat-xay-dung-cong-trinh-thuy,A00,Điểm học bạ,2023,18.68,Kỹ thuật xây dựng công trình thủy
17082,DDK,ky-thuat-xay-dung-cong-trinh-thuy,A01,Điểm học bạ,2023,18.68,Kỹ thuật xây dựng công trình thủy
17083,DDK,ky-thuat-xay-dung-cong-trinh-thuy,A00,Điểm thi THPT,2023,17.0,Kỹ thuật xây dựng công trình thủy
17084,DDK,ky-thuat-xay-dung-cong-trinh-thuy,A01,Điểm thi THPT,2023,17.0,Kỹ thuật xây dựng công trình thủy
17085,DDK,ky-thuat-xay-dung-cong-trinh-thuy,A00,Điểm học bạ,2024,18.75,Kỹ thuật xây dựng công trình thủy
17086,DDK,ky-thuat-xay-dung-cong-trinh-thuy,A01,Điểm học bạ,2024,18.75,Kỹ thuật xây dựng công trình thủy
17087,DDK,ky-thuat-xay-dung-cong-trinh-thuy,A00,Điểm thi THPT,2024,17.65,Kỹ thuật xây dựng công trình thủy
17088,DDK,ky-thuat-xay-dung-cong-trinh-thuy,A01,Điểm thi THPT,2024,17.65,Kỹ thuật xây dựng công trình thủy
17089,DDK,ky-thuat-xay-dung-cong-trinh-thuy,A00,Điểm học bạ,2025,21.88,Kỹ thuật xây dựng công trình thủy
17090,DDK,ky-thuat-xay-dung-cong-trinh-thuy,A01,Điểm học bạ,2025,21.88,Kỹ thuật xây dựng công trình thủy
17091,DDK,ky-thuat-xay-dung-cong-trinh-thuy,C01,Điểm học bạ,2025,21.88,Kỹ thuật xây dựng công trình thủy
17092,DDK,ky-thuat-xay-dung-cong-trinh-thuy,D07,Điểm học bạ,2025,21.88,Kỹ thuật xây dựng công trình thủy
17093,DDK,ky-thuat-xay-dung-cong-trinh-thuy,X06,Điểm học bạ,2025,21.88,Kỹ thuật xây dựng công trình thủy
17094,DDK,ky-thuat-xay-dung-cong-trinh-thuy,X26,Điểm học bạ,2025,21.88,Kỹ thuật xây dựng công trình thủy
17095,DDK,ky-thuat-xay-dung-cong-trinh-thuy,A00,Điểm thi THPT,2025,16.5,Kỹ thuật xây dựng công trình thủy
17096,DDK,ky-thuat-xay-dung-cong-trinh-thuy,A01,Điểm thi THPT,2025,16.5,Kỹ thuật xây dựng công trình thủy
17097,DDK,ky-thuat-xay-dung-cong-trinh-thuy,C01,Điểm thi THPT,2025,16.5,Kỹ thuật xây dựng công trình thủy
17098,DDK,ky-thuat-xay-dung-cong-trinh-thuy,D07,Điểm thi THPT,2025,16.5,Kỹ thuật xây dựng công trình thủy
17099,DDK,ky-thuat-xay-dung-cong-trinh-thuy,X06,Điểm thi THPT,2025,16.5,Kỹ thuật xây dựng công trình thủy
17100,DDK,ky-thuat-xay-dung-cong-trinh-thuy,X26,Điểm thi THPT,2025,16.5,Kỹ thuật xây dựng công trình thủy
17101,DDK,ky-thuat-xd-cong-trinh-giao-thong,A00,Điểm thi THPT,2021,21.0,Kỹ thuật XD công trình giao thông
17102,DDK,ky-thuat-xd-cong-trinh-giao-thong,A01,Điểm thi THPT,2021,21.0,Kỹ thuật XD công trình giao thông
17103,DDK,ky-thuat-xd-cong-trinh-giao-thong,A00,Điểm thi THPT,2022,15.0,Kỹ thuật XD công trình giao thông
17104,DDK,ky-thuat-xd-cong-trinh-giao-thong,A01,Điểm thi THPT,2022,15.0,Kỹ thuật XD công trình giao thông
17105,DDK,mo-hinh-thong-tin-va-tri-tue-nhan-tao-trong-xay-dung,A00,Điểm học bạ,2022,23.05,"Kỹ thuật xây dựng, chuyên ngành Mô hình thông tin và trí tuệ nhân tạo trong xây dựng"
17106,DDK,mo-hinh-thong-tin-va-tri-tue-nhan-tao-trong-xay-dung,A01,Điểm học bạ,2022,23.05,"Kỹ thuật xây dựng, chuyên ngành Mô hình thông tin và trí tuệ nhân tạo trong xây dựng"
17107,DDK,mo-hinh-thong-tin-va-tri-tue-nhan-tao-trong-xay-dung,A00,Điểm học bạ,2023,23.49,"Kỹ thuật Xây dựng, chuyên ngành Mô hình thông tin và trí tuệ nhân tạo trong xây dựng"
17108,DDK,mo-hinh-thong-tin-va-tri-tue-nhan-tao-trong-xay-dung,A01,Điểm học bạ,2023,23.49,"Kỹ thuật Xây dựng, chuyên ngành Mô hình thông tin và trí tuệ nhân tạo trong xây dựng"
17109,DDK,mo-hinh-thong-tin-va-tri-tue-nhan-tao-trong-xay-dung,A00,Điểm thi THPT,2023,17.0,"Kỹ thuật xây dựng, chuyên ngành Mô hình thông tin và trí tuệ nhân tạo trong xây dựng"
17110,DDK,mo-hinh-thong-tin-va-tri-tue-nhan-tao-trong-xay-dung,A01,Điểm thi THPT,2023,17.0,"Kỹ thuật xây dựng, chuyên ngành Mô hình thông tin và trí tuệ nhân tạo trong xây dựng"
17111,DDK,mo-hinh-thong-tin-va-tri-tue-nhan-tao-trong-xay-dung,A00,Điểm học bạ,2024,24.0,"Kỹ thuật xây dựng, chuyên ngành Mô hình thông tin và trí tuệ nhân tạo trong xây dựng"
17112,DDK,mo-hinh-thong-tin-va-tri-tue-nhan-tao-trong-xay-dung,A01,Điểm học bạ,2024,24.0,"Kỹ thuật xây dựng, chuyên ngành Mô hình thông tin và trí tuệ nhân tạo trong xây dựng"
17113,DDK,mo-hinh-thong-tin-va-tri-tue-nhan-tao-trong-xay-dung,A00,Điểm thi THPT,2024,17.2,"Kỹ thuật xây dựng, chuyên ngành Mô hình thông tin và trí tuệ nhân tạo trong xây dựng"
17114,DDK,mo-hinh-thong-tin-va-tri-tue-nhan-tao-trong-xay-dung,A01,Điểm thi THPT,2024,17.2,"Kỹ thuật xây dựng, chuyên ngành Mô hình thông tin và trí tuệ nhân tạo trong xây dựng"
17115,DDK,mo-hinh-thong-tin-va-tri-tue-nhan-tao-trong-xay-dung,A00,Điểm học bạ,2025,24.58,"Kỹ thuật xây dựng, chuyên ngành Mô hình thông tin và trí tuệ nhân tạo trong xây dựng"
17116,DDK,mo-hinh-thong-tin-va-tri-tue-nhan-tao-trong-xay-dung,C01,Điểm học bạ,2025,24.58,"Kỹ thuật xây dựng, chuyên ngành Mô hình thông tin và trí tuệ nhân tạo trong xây dựng"
17117,DDK,mo-hinh-thong-tin-va-tri-tue-nhan-tao-trong-xay-dung,X06,Điểm học bạ,2025,24.58,"Kỹ thuật xây dựng, chuyên ngành Mô hình thông tin và trí tuệ nhân tạo trong xây dựng"
17118,DDK,mo-hinh-thong-tin-va-tri-tue-nhan-tao-trong-xay-dung,A00,Điểm thi THPT,2025,20.25,"Kỹ thuật xây dựng, chuyên ngành Mô hình thông tin và trí tuệ nhân tạo trong xây dựng"
17119,DDK,mo-hinh-thong-tin-va-tri-tue-nhan-tao-trong-xay-dung,A01,Điểm thi THPT,2025,20.25,"Kỹ thuật xây dựng, chuyên ngành Mô hình thông tin và trí tuệ nhân tạo trong xây dựng"
17120,DDK,mo-hinh-thong-tin-va-tri-tue-nhan-tao-trong-xay-dung,C01,Điểm thi THPT,2025,20.25,"Kỹ thuật xây dựng, chuyên ngành Mô hình thông tin và trí tuệ nhân tạo trong xây dựng"
17121,DDK,mo-hinh-thong-tin-va-tri-tue-nhan-tao-trong-xay-dung,D07,Điểm thi THPT,2025,20.25,"Kỹ thuật xây dựng, chuyên ngành Mô hình thông tin và trí tuệ nhân tạo trong xây dựng"
17122,DDK,mo-hinh-thong-tin-va-tri-tue-nhan-tao-trong-xay-dung,X06,Điểm thi THPT,2025,20.25,"Kỹ thuật xây dựng, chuyên ngành Mô hình thông tin và trí tuệ nhân tạo trong xây dựng"
17123,DDK,quan-ly-cong-nghiep,A00,Điểm thi THPT,2021,23.85,Quản lý công nghiệp
17124,DDK,quan-ly-cong-nghiep,A01,Điểm thi THPT,2021,23.85,Quản lý công nghiệp
17125,DDK,quan-ly-cong-nghiep,A00,Điểm học bạ,2022,26.2,Quản lý công nghiệp
17126,DDK,quan-ly-cong-nghiep,A01,Điểm học bạ,2022,26.2,Quản lý công nghiệp
17127,DDK,quan-ly-cong-nghiep,A00,Điểm thi THPT,2022,21.5,Quản lý công nghiệp
17128,DDK,quan-ly-cong-nghiep,A01,Điểm thi THPT,2022,21.5,Quản lý công nghiệp
17129,DDK,quan-ly-cong-nghiep,A00,Điểm học bạ,2023,25.94,Quản lý công nghiệp
17130,DDK,quan-ly-cong-nghiep,A01,Điểm học bạ,2023,25.94,Quản lý công nghiệp
17131,DDK,quan-ly-cong-nghiep,A00,Điểm thi THPT,2023,22.0,Quản lý công nghiệp
17132,DDK,quan-ly-cong-nghiep,A01,Điểm thi THPT,2023,22.0,Quản lý công nghiệp
17133,DDK,quan-ly-cong-nghiep,A00,Điểm học bạ,2024,25.93,Quản lý công nghiệp
17134,DDK,quan-ly-cong-nghiep,A01,Điểm học bạ,2024,25.93,Quản lý công nghiệp
17135,DDK,quan-ly-cong-nghiep,A00,Điểm thi THPT,2024,23.25,Quản lý công nghiệp
17136,DDK,quan-ly-cong-nghiep,A01,Điểm thi THPT,2024,23.25,Quản lý công nghiệp
17137,DDK,quan-ly-cong-nghiep,A00,Điểm học bạ,2025,26.15,Quản lý công nghiệp
17138,DDK,quan-ly-cong-nghiep,A01,Điểm học bạ,2025,26.15,Quản lý công nghiệp
17139,DDK,quan-ly-cong-nghiep,D07,Điểm học bạ,2025,26.15,Quản lý công nghiệp
17140,DDK,quan-ly-cong-nghiep,X06,Điểm học bạ,2025,26.15,Quản lý công nghiệp
17141,DDK,quan-ly-cong-nghiep,X26,Điểm học bạ,2025,26.15,Quản lý công nghiệp
17142,DDK,quan-ly-cong-nghiep,A00,Điểm thi THPT,2025,22.93,Quản lý công nghiệp
17143,DDK,quan-ly-cong-nghiep,A01,Điểm thi THPT,2025,22.93,Quản lý công nghiệp
17144,DDK,quan-ly-cong-nghiep,D07,Điểm thi THPT,2025,22.93,Quản lý công nghiệp
17145,DDK,quan-ly-cong-nghiep,X06,Điểm thi THPT,2025,22.93,Quản lý công nghiệp
17146,DDK,quan-ly-cong-nghiep,X26,Điểm thi THPT,2025,22.93,Quản lý công nghiệp
17147,DDK,quan-ly-nang-luong,A00,Điểm học bạ,2025,25.02,"Kỹ thuật nhiệt, chuyên ngành Quản lý Năng lượng"
17148,DDK,quan-ly-nang-luong,A01,Điểm học bạ,2025,25.02,"Kỹ thuật nhiệt, chuyên ngành Quản lý Năng lượng"
17149,DDK,quan-ly-nang-luong,X06,Điểm học bạ,2025,25.02,"Kỹ thuật nhiệt, chuyên ngành Quản lý Năng lượng"
17150,DDK,quan-ly-nang-luong,X08,Điểm học bạ,2025,25.02,"Kỹ thuật nhiệt, chuyên ngành Quản lý Năng lượng"
17151,DDK,quan-ly-nang-luong,A00,Điểm thi THPT,2025,21.0,"Kỹ thuật nhiệt, chuyên ngành Quản lý Năng lượng"
17152,DDK,quan-ly-nang-luong,A01,Điểm thi THPT,2025,21.0,"Kỹ thuật nhiệt, chuyên ngành Quản lý Năng lượng"
17153,DDK,quan-ly-nang-luong,X05,Điểm thi THPT,2025,21.0,"Kỹ thuật nhiệt, chuyên ngành Quản lý Năng lượng"
17154,DDK,quan-ly-nang-luong,X06,Điểm thi THPT,2025,21.0,"Kỹ thuật nhiệt, chuyên ngành Quản lý Năng lượng"
17155,DDK,quan-ly-nang-luong,X07,Điểm thi THPT,2025,21.0,"Kỹ thuật nhiệt, chuyên ngành Quản lý Năng lượng"
17156,DDK,quan-ly-tai-nguyen-va-moi-truong,A00,Điểm thi THPT,2021,19.0,Quản lý tài nguyên và môi trường
17157,DDK,quan-ly-tai-nguyen-va-moi-truong,D07,Điểm thi THPT,2021,19.0,Quản lý tài nguyên và môi trường
17158,DDK,quan-ly-tai-nguyen-va-moi-truong,A00,Điểm học bạ,2022,23.32,Quản lý tài nguyên và môi trường
17159,DDK,quan-ly-tai-nguyen-va-moi-truong,D07,Điểm học bạ,2022,23.32,Quản lý tài nguyên và môi trường
17160,DDK,quan-ly-tai-nguyen-va-moi-truong,A00,Điểm thi THPT,2022,15.0,Quản lý tài nguyên và môi trường
17161,DDK,quan-ly-tai-nguyen-va-moi-truong,D07,Điểm thi THPT,2022,15.0,Quản lý tài nguyên và môi trường
17162,DDK,quan-ly-tai-nguyen-va-moi-truong,A00,Điểm học bạ,2023,23.91,Quản lý tài nguyên và môi trường
17163,DDK,quan-ly-tai-nguyen-va-moi-truong,B00,Điểm học bạ,2023,23.91,Quản lý tài nguyên và môi trường
17164,DDK,quan-ly-tai-nguyen-va-moi-truong,D07,Điểm học bạ,2023,23.91,Quản lý tài nguyên và môi trường
17165,DDK,quan-ly-tai-nguyen-va-moi-truong,A00,Điểm thi THPT,2023,17.0,Quản lý tài nguyên và môi trường
17166,DDK,quan-ly-tai-nguyen-va-moi-truong,B00,Điểm thi THPT,2023,17.0,Quản lý tài nguyên và môi trường
17167,DDK,quan-ly-tai-nguyen-va-moi-truong,D07,Điểm thi THPT,2023,17.0,Quản lý tài nguyên và môi trường
17168,DDK,quan-ly-tai-nguyen-va-moi-truong,A00,Điểm học bạ,2024,24.17,Quản lý tài nguyên và môi trường
17169,DDK,quan-ly-tai-nguyen-va-moi-truong,B00,Điểm học bạ,2024,24.17,Quản lý tài nguyên và môi trường
17170,DDK,quan-ly-tai-nguyen-va-moi-truong,D07,Điểm học bạ,2024,24.17,Quản lý tài nguyên và môi trường
17171,DDK,quan-ly-tai-nguyen-va-moi-truong,A00,Điểm thi THPT,2024,18.45,Quản lý tài nguyên và môi trường
17172,DDK,quan-ly-tai-nguyen-va-moi-truong,B00,Điểm thi THPT,2024,18.45,Quản lý tài nguyên và môi trường
17173,DDK,quan-ly-tai-nguyen-va-moi-truong,D07,Điểm thi THPT,2024,18.45,Quản lý tài nguyên và môi trường
17174,DDK,quan-ly-tai-nguyen-va-moi-truong,A00,Điểm học bạ,2025,24.02,Quản lý tài nguyên và môi trường
17175,DDK,quan-ly-tai-nguyen-va-moi-truong,A01,Điểm học bạ,2025,24.02,Quản lý tài nguyên và môi trường
17176,DDK,quan-ly-tai-nguyen-va-moi-truong,B00,Điểm học bạ,2025,24.02,Quản lý tài nguyên và môi trường
17177,DDK,quan-ly-tai-nguyen-va-moi-truong,B08,Điểm học bạ,2025,24.02,Quản lý tài nguyên và môi trường
17178,DDK,quan-ly-tai-nguyen-va-moi-truong,D07,Điểm học bạ,2025,24.02,Quản lý tài nguyên và môi trường
17179,DDK,quan-ly-tai-nguyen-va-moi-truong,A00,Điểm thi THPT,2025,19.35,Quản lý tài nguyên và môi trường
17180,DDK,quan-ly-tai-nguyen-va-moi-truong,A01,Điểm thi THPT,2025,19.35,Quản lý tài nguyên và môi trường
17181,DDK,quan-ly-tai-nguyen-va-moi-truong,B00,Điểm thi THPT,2025,19.35,Quản lý tài nguyên và môi trường
17182,DDK,quan-ly-tai-nguyen-va-moi-truong,D07,Điểm thi THPT,2025,19.35,Quản lý tài nguyên và môi trường
17183,DDK,quan-ly-tai-nguyen-va-moi-truong,D08,Điểm thi THPT,2025,19.35,Quản lý tài nguyên và môi trường
17184,DDK,quan-ly-tai-nguyen-va-moi-truong,X11,Điểm thi THPT,2025,19.35,Quản lý tài nguyên và môi trường
17185,DDK,tin-hoc-xay-dung,A00,Điểm học bạ,2022,25.37,"Kỹ thuật xây dựng, chuyên ngành Tin học xây dựng"
17186,DDK,tin-hoc-xay-dung,A01,Điểm học bạ,2022,25.37,"Kỹ thuật xây dựng, chuyên ngành Tin học xây dựng"
17187,DDK,tin-hoc-xay-dung,A00,Điểm học bạ,2023,21.43,"Kỹ thuật Xây dựng, chuyên ngành Tin học xây dựng"
17188,DDK,tin-hoc-xay-dung,A01,Điểm học bạ,2023,21.43,"Kỹ thuật Xây dựng, chuyên ngành Tin học xây dựng"
17189,DDK,tin-hoc-xay-dung,A00,Điểm thi THPT,2023,17.0,"Kỹ thuật xây dựng, chuyên ngành Tin học xây dựng"
17190,DDK,tin-hoc-xay-dung,A01,Điểm thi THPT,2023,17.0,"Kỹ thuật xây dựng, chuyên ngành Tin học xây dựng"
17191,DDK,tin-hoc-xay-dung,A00,Điểm học bạ,2024,22.28,"Kỹ thuật xây dựng, chuyên ngành Tin học xây dựng"
17192,DDK,tin-hoc-xay-dung,A01,Điểm học bạ,2024,22.28,"Kỹ thuật xây dựng, chuyên ngành Tin học xây dựng"
17193,DDK,tin-hoc-xay-dung,A00,Điểm thi THPT,2024,17.05,"Kỹ thuật xây dựng, chuyên ngành Tin học xây dựng"
17194,DDK,tin-hoc-xay-dung,A01,Điểm thi THPT,2024,17.05,"Kỹ thuật xây dựng, chuyên ngành Tin học xây dựng"
17195,DDK,tin-hoc-xay-dung,A00,Điểm học bạ,2025,23.84,"Kỹ thuật xây dựng, chuyên ngành Tin học xây dựng"
17196,DDK,tin-hoc-xay-dung,C01,Điểm học bạ,2025,23.84,"Kỹ thuật xây dựng, chuyên ngành Tin học xây dựng"
17197,DDK,tin-hoc-xay-dung,X06,Điểm học bạ,2025,23.84,"Kỹ thuật xây dựng, chuyên ngành Tin học xây dựng"
17198,DDK,tin-hoc-xay-dung,X26,Điểm học bạ,2025,23.84,"Kỹ thuật xây dựng, chuyên ngành Tin học xây dựng"
17199,DDK,tin-hoc-xay-dung,A00,Điểm thi THPT,2025,19.1,"Kỹ thuật xây dựng, chuyên ngành Tin học xây dựng"
17200,DDK,tin-hoc-xay-dung,A01,Điểm thi THPT,2025,19.1,"Kỹ thuật xây dựng, chuyên ngành Tin học xây dựng"
17201,DDK,tin-hoc-xay-dung,C01,Điểm thi THPT,2025,19.1,"Kỹ thuật xây dựng, chuyên ngành Tin học xây dựng"
17202,DDK,tin-hoc-xay-dung,D07,Điểm thi THPT,2025,19.1,"Kỹ thuật xây dựng, chuyên ngành Tin học xây dựng"
17203,DDK,tin-hoc-xay-dung,X06,Điểm thi THPT,2025,19.1,"Kỹ thuật xây dựng, chuyên ngành Tin học xây dựng"
17204,DDK,tin-hoc-xay-dung,X26,Điểm thi THPT,2025,19.1,"Kỹ thuật xây dựng, chuyên ngành Tin học xây dựng"
17205,DDK,vi-dien-tu-thiet-ke-vi-mach,A00,Điểm thi THPT,2025,27.0,"Kỹ thuật Điện tử - Viễn thông, chuyên ngành Vi điện tử - Thiết kế vi mạch"
17206,DDK,vi-dien-tu-thiet-ke-vi-mach,A01,Điểm thi THPT,2025,27.0,"Kỹ thuật Điện tử - Viễn thông, chuyên ngành Vi điện tử - Thiết kế vi mạch"
17207,DDK,vi-dien-tu-thiet-ke-vi-mach,X06,Điểm thi THPT,2025,27.0,"Kỹ thuật Điện tử - Viễn thông, chuyên ngành Vi điện tử - Thiết kế vi mạch"
17208,DDK,xay-dung-dan-dung-va-cong-nghiep,A00,Điểm học bạ,2022,24.89,"Kỹ thuật xây dựng, chuyên ngành Xây dựng dân dụng và công nghiệp"
17209,DDK,xay-dung-dan-dung-va-cong-nghiep,A01,Điểm học bạ,2022,24.89,"Kỹ thuật xây dựng, chuyên ngành Xây dựng dân dụng và công nghiệp"
17210,DDK,xay-dung-dan-dung-va-cong-nghiep,A00,Điểm học bạ,2023,23.8,"Kỹ thuật Xây dựng, chuyên ngành Xây dựng dân dụng và công nghiệp"
17211,DDK,xay-dung-dan-dung-va-cong-nghiep,A01,Điểm học bạ,2023,23.8,"Kỹ thuật Xây dựng, chuyên ngành Xây dựng dân dụng và công nghiệp"
17212,DDK,xay-dung-dan-dung-va-cong-nghiep,A00,Điểm thi THPT,2023,18.6,"Kỹ thuật xây dựng, chuyên ngành Xây dựng dân dụng và Công nghiệp"
17213,DDK,xay-dung-dan-dung-va-cong-nghiep,A01,Điểm thi THPT,2023,18.6,"Kỹ thuật xây dựng, chuyên ngành Xây dựng dân dụng và Công nghiệp"
17214,DDK,xay-dung-dan-dung-va-cong-nghiep,A00,Điểm học bạ,2024,24.59,"Kỹ thuật xây dựng, chuyên ngành Xây dựng dân dụng và công nghiệp"
17215,DDK,xay-dung-dan-dung-va-cong-nghiep,A01,Điểm học bạ,2024,24.59,"Kỹ thuật xây dựng, chuyên ngành Xây dựng dân dụng và công nghiệp"
17216,DDK,xay-dung-dan-dung-va-cong-nghiep,A00,Điểm thi THPT,2024,18.5,"Kỹ thuật xây dựng, chuyên ngành Xây dựng dân dụng và công nghiệp"
17217,DDK,xay-dung-dan-dung-va-cong-nghiep,A01,Điểm thi THPT,2024,18.5,"Kỹ thuật xây dựng, chuyên ngành Xây dựng dân dụng và công nghiệp"
17218,DDK,xay-dung-dan-dung-va-cong-nghiep,A00,Điểm học bạ,2025,24.12,"Kỹ thuật xây dựng, chuyên ngành Xây dựng dân dụng và công nghiệp"
17219,DDK,xay-dung-dan-dung-va-cong-nghiep,A01,Điểm học bạ,2025,24.12,"Kỹ thuật xây dựng, chuyên ngành Xây dựng dân dụng và công nghiệp"
17220,DDK,xay-dung-dan-dung-va-cong-nghiep,X05,Điểm học bạ,2025,24.12,"Kỹ thuật xây dựng, chuyên ngành Xây dựng dân dụng và công nghiệp"
17221,DDK,xay-dung-dan-dung-va-cong-nghiep,X06,Điểm học bạ,2025,24.12,"Kỹ thuật xây dựng, chuyên ngành Xây dựng dân dụng và công nghiệp"
17222,DDK,xay-dung-dan-dung-va-cong-nghiep,X08,Điểm học bạ,2025,24.12,"Kỹ thuật xây dựng, chuyên ngành Xây dựng dân dụng và công nghiệp"
17223,DDK,xay-dung-dan-dung-va-cong-nghiep,A00,Điểm thi THPT,2025,19.5,"Kỹ thuật xây dựng, chuyên ngành Xây dựng dân dụng và công nghiệp"
17224,DDK,xay-dung-dan-dung-va-cong-nghiep,A01,Điểm thi THPT,2025,19.5,"Kỹ thuật xây dựng, chuyên ngành Xây dựng dân dụng và công nghiệp"
17225,DDK,xay-dung-dan-dung-va-cong-nghiep,X05,Điểm thi THPT,2025,19.5,"Kỹ thuật xây dựng, chuyên ngành Xây dựng dân dụng và công nghiệp"
17226,DDK,xay-dung-dan-dung-va-cong-nghiep,X06,Điểm thi THPT,2025,19.5,"Kỹ thuật xây dựng, chuyên ngành Xây dựng dân dụng và công nghiệp"
17227,DDK,xay-dung-dan-dung-va-cong-nghiep,X07,Điểm thi THPT,2025,19.5,"Kỹ thuật xây dựng, chuyên ngành Xây dựng dân dụng và công nghiệp"
17228,DDK,xay-dung-duong-sat-toc-do-cao-va-duong-sat-do-thi,A00,Điểm thi THPT,2025,17.25,"Kỹ thuật xây dựng công trình giao thông, chuyên ngành Xây dựng đường sắt tốc độ cao và đường sắt đô thị"
17229,DDK,xay-dung-duong-sat-toc-do-cao-va-duong-sat-do-thi,A01,Điểm thi THPT,2025,17.25,"Kỹ thuật xây dựng công trình giao thông, chuyên ngành Xây dựng đường sắt tốc độ cao và đường sắt đô thị"
17230,DDK,xay-dung-duong-sat-toc-do-cao-va-duong-sat-do-thi,C01,Điểm thi THPT,2025,17.25,"Kỹ thuật xây dựng công trình giao thông, chuyên ngành Xây dựng đường sắt tốc độ cao và đường sắt đô thị"
17231,DDK,xay-dung-duong-sat-toc-do-cao-va-duong-sat-do-thi,D07,Điểm thi THPT,2025,17.25,"Kỹ thuật xây dựng công trình giao thông, chuyên ngành Xây dựng đường sắt tốc độ cao và đường sắt đô thị"
17232,DDK,xay-dung-duong-sat-toc-do-cao-va-duong-sat-do-thi,X06,Điểm thi THPT,2025,17.25,"Kỹ thuật xây dựng công trình giao thông, chuyên ngành Xây dựng đường sắt tốc độ cao và đường sắt đô thị"
17233,DDL,cong-nghe-ky-thuat-co-dien-tu,A00,Điểm thi THPT,2021,19.0,Công nghệ kỹ thuật cơ điện tử
17234,DDL,cong-nghe-ky-thuat-co-dien-tu,A01,Điểm thi THPT,2021,19.0,Công nghệ kỹ thuật cơ điện tử
17235,DDL,cong-nghe-ky-thuat-co-dien-tu,D01,Điểm thi THPT,2021,19.0,Công nghệ kỹ thuật cơ điện tử
17236,DDL,cong-nghe-ky-thuat-co-dien-tu,D07,Điểm thi THPT,2021,19.0,Công nghệ kỹ thuật cơ điện tử
17237,DDL,cong-nghe-ky-thuat-co-dien-tu,A00,Điểm học bạ,2022,22.0,Công nghệ kỹ thuật cơ điện tử
17238,DDL,cong-nghe-ky-thuat-co-dien-tu,A01,Điểm học bạ,2022,22.0,Công nghệ kỹ thuật cơ điện tử
17239,DDL,cong-nghe-ky-thuat-co-dien-tu,D01,Điểm học bạ,2022,22.0,Công nghệ kỹ thuật cơ điện tử
17240,DDL,cong-nghe-ky-thuat-co-dien-tu,D07,Điểm học bạ,2022,22.0,Công nghệ kỹ thuật cơ điện tử
17241,DDL,cong-nghe-ky-thuat-co-dien-tu,A00,Điểm thi THPT,2022,24.5,Công nghệ kỹ thuật cơ điện tử
17242,DDL,cong-nghe-ky-thuat-co-dien-tu,A01,Điểm thi THPT,2022,24.5,Công nghệ kỹ thuật cơ điện tử
17243,DDL,cong-nghe-ky-thuat-co-dien-tu,D01,Điểm thi THPT,2022,24.5,Công nghệ kỹ thuật cơ điện tử
17244,DDL,cong-nghe-ky-thuat-co-dien-tu,D07,Điểm thi THPT,2022,24.5,Công nghệ kỹ thuật cơ điện tử
17245,DDL,cong-nghe-ky-thuat-co-dien-tu,A00,Điểm học bạ,2023,23.5,Công nghệ kỹ thuật cơ - điện tử
17246,DDL,cong-nghe-ky-thuat-co-dien-tu,A01,Điểm học bạ,2023,23.5,Công nghệ kỹ thuật cơ - điện tử
17247,DDL,cong-nghe-ky-thuat-co-dien-tu,D01,Điểm học bạ,2023,23.5,Công nghệ kỹ thuật cơ - điện tử
17248,DDL,cong-nghe-ky-thuat-co-dien-tu,D07,Điểm học bạ,2023,23.5,Công nghệ kỹ thuật cơ - điện tử
17249,DDL,cong-nghe-ky-thuat-co-dien-tu,A00,Điểm thi THPT,2023,23.25,Công nghệ kỹ thuật cơ - điện tử
17250,DDL,cong-nghe-ky-thuat-co-dien-tu,A01,Điểm thi THPT,2023,23.25,Công nghệ kỹ thuật cơ - điện tử
17251,DDL,cong-nghe-ky-thuat-co-dien-tu,D01,Điểm thi THPT,2023,23.25,Công nghệ kỹ thuật cơ - điện tử
17252,DDL,cong-nghe-ky-thuat-co-dien-tu,D07,Điểm thi THPT,2023,23.25,Công nghệ kỹ thuật cơ - điện tử
17253,DDL,cong-nghe-ky-thuat-co-dien-tu,A00,Điểm học bạ,2024,24.0,Công nghệ kỹ thuật cơ - điện tử
17254,DDL,cong-nghe-ky-thuat-co-dien-tu,A01,Điểm học bạ,2024,24.0,Công nghệ kỹ thuật cơ - điện tử
17255,DDL,cong-nghe-ky-thuat-co-dien-tu,D01,Điểm học bạ,2024,24.0,Công nghệ kỹ thuật cơ - điện tử
17256,DDL,cong-nghe-ky-thuat-co-dien-tu,D07,Điểm học bạ,2024,24.0,Công nghệ kỹ thuật cơ - điện tử
17257,DDL,cong-nghe-ky-thuat-co-dien-tu,A00,Điểm thi THPT,2024,24.0,Công nghệ kỹ thuật cơ - điện tử
17258,DDL,cong-nghe-ky-thuat-co-dien-tu,A01,Điểm thi THPT,2024,24.0,Công nghệ kỹ thuật cơ - điện tử
17259,DDL,cong-nghe-ky-thuat-co-dien-tu,D01,Điểm thi THPT,2024,24.0,Công nghệ kỹ thuật cơ - điện tử
17260,DDL,cong-nghe-ky-thuat-co-dien-tu,D07,Điểm thi THPT,2024,24.0,Công nghệ kỹ thuật cơ - điện tử
17261,DDL,cong-nghe-ky-thuat-co-dien-tu,A00,Điểm học bạ,2025,24.75,Công nghệ kỹ thuật cơ điện tử
17262,DDL,cong-nghe-ky-thuat-co-dien-tu,A01,Điểm học bạ,2025,24.75,Công nghệ kỹ thuật cơ điện tử
17263,DDL,cong-nghe-ky-thuat-co-dien-tu,D01,Điểm học bạ,2025,24.75,Công nghệ kỹ thuật cơ điện tử
17264,DDL,cong-nghe-ky-thuat-co-dien-tu,D07,Điểm học bạ,2025,24.75,Công nghệ kỹ thuật cơ điện tử
17265,DDL,cong-nghe-ky-thuat-co-dien-tu,A00,Điểm thi THPT,2025,23.13,Công nghệ kỹ thuật cơ điện tử
17266,DDL,cong-nghe-ky-thuat-co-dien-tu,A01,Điểm thi THPT,2025,23.13,Công nghệ kỹ thuật cơ điện tử
17267,DDL,cong-nghe-ky-thuat-co-dien-tu,D01,Điểm thi THPT,2025,23.13,Công nghệ kỹ thuật cơ điện tử
17268,DDL,cong-nghe-ky-thuat-co-dien-tu,D07,Điểm thi THPT,2025,23.13,Công nghệ kỹ thuật cơ điện tử
17269,DDL,cong-nghe-ky-thuat-co-khi,A00,Điểm thi THPT,2021,20.0,Công nghệ kỹ thuật cơ khí (Gồm 2 chuyên ngành: Cơ khí chế tạo máy; Công nghệ chế tạo thiết bị điện; Cơ khí ô tô)
17270,DDL,cong-nghe-ky-thuat-co-khi,A01,Điểm thi THPT,2021,20.0,Công nghệ kỹ thuật cơ khí (Gồm 2 chuyên ngành: Cơ khí chế tạo máy; Công nghệ chế tạo thiết bị điện; Cơ khí ô tô)
17271,DDL,cong-nghe-ky-thuat-co-khi,D01,Điểm thi THPT,2021,20.0,Công nghệ kỹ thuật cơ khí (Gồm 2 chuyên ngành: Cơ khí chế tạo máy; Công nghệ chế tạo thiết bị điện; Cơ khí ô tô)
17272,DDL,cong-nghe-ky-thuat-co-khi,D07,Điểm thi THPT,2021,20.0,Công nghệ kỹ thuật cơ khí (Gồm 2 chuyên ngành: Cơ khí chế tạo máy; Công nghệ chế tạo thiết bị điện; Cơ khí ô tô)
17273,DDL,cong-nghe-ky-thuat-co-khi,A00,Điểm học bạ,2022,22.5,Công nghệ kỹ thuật cơ khí
17274,DDL,cong-nghe-ky-thuat-co-khi,A01,Điểm học bạ,2022,22.5,Công nghệ kỹ thuật cơ khí
17275,DDL,cong-nghe-ky-thuat-co-khi,D01,Điểm học bạ,2022,22.5,Công nghệ kỹ thuật cơ khí
17276,DDL,cong-nghe-ky-thuat-co-khi,D07,Điểm học bạ,2022,22.5,Công nghệ kỹ thuật cơ khí
17277,DDL,cong-nghe-ky-thuat-co-khi,A00,Điểm thi THPT,2022,23.0,Công nghệ kỹ thuật cơ khí
17278,DDL,cong-nghe-ky-thuat-co-khi,A01,Điểm thi THPT,2022,23.0,Công nghệ kỹ thuật cơ khí
17279,DDL,cong-nghe-ky-thuat-co-khi,D01,Điểm thi THPT,2022,23.0,Công nghệ kỹ thuật cơ khí
17280,DDL,cong-nghe-ky-thuat-co-khi,D07,Điểm thi THPT,2022,23.0,Công nghệ kỹ thuật cơ khí
17281,DDL,cong-nghe-ky-thuat-co-khi,A00,Điểm học bạ,2023,22.5,Công nghệ kỹ thuật cơ khí
17282,DDL,cong-nghe-ky-thuat-co-khi,A01,Điểm học bạ,2023,22.5,Công nghệ kỹ thuật cơ khí
17283,DDL,cong-nghe-ky-thuat-co-khi,D01,Điểm học bạ,2023,22.5,Công nghệ kỹ thuật cơ khí
17284,DDL,cong-nghe-ky-thuat-co-khi,D07,Điểm học bạ,2023,22.5,Công nghệ kỹ thuật cơ khí
17285,DDL,cong-nghe-ky-thuat-co-khi,A00,Điểm thi THPT,2023,22.3,Công nghệ kỹ thuật cơ khí
17286,DDL,cong-nghe-ky-thuat-co-khi,A01,Điểm thi THPT,2023,22.3,Công nghệ kỹ thuật cơ khí
17287,DDL,cong-nghe-ky-thuat-co-khi,D01,Điểm thi THPT,2023,22.3,Công nghệ kỹ thuật cơ khí
17288,DDL,cong-nghe-ky-thuat-co-khi,D07,Điểm thi THPT,2023,22.3,Công nghệ kỹ thuật cơ khí
17289,DDL,cong-nghe-ky-thuat-co-khi,A00,Điểm học bạ,2024,22.75,Công nghệ kỹ thuật cơ khí
17290,DDL,cong-nghe-ky-thuat-co-khi,A01,Điểm học bạ,2024,22.75,Công nghệ kỹ thuật cơ khí
17291,DDL,cong-nghe-ky-thuat-co-khi,D01,Điểm học bạ,2024,22.75,Công nghệ kỹ thuật cơ khí
17292,DDL,cong-nghe-ky-thuat-co-khi,D07,Điểm học bạ,2024,22.75,Công nghệ kỹ thuật cơ khí
17293,DDL,cong-nghe-ky-thuat-co-khi,A00,Điểm thi THPT,2024,23.25,Công nghệ kỹ thuật cơ khí
17294,DDL,cong-nghe-ky-thuat-co-khi,A01,Điểm thi THPT,2024,23.25,Công nghệ kỹ thuật cơ khí
17295,DDL,cong-nghe-ky-thuat-co-khi,D01,Điểm thi THPT,2024,23.25,Công nghệ kỹ thuật cơ khí
17296,DDL,cong-nghe-ky-thuat-co-khi,D07,Điểm thi THPT,2024,23.25,Công nghệ kỹ thuật cơ khí
17297,DDL,cong-nghe-ky-thuat-co-khi,A00,Điểm học bạ,2025,24.1,Công nghệ kỹ thuật cơ khí
17298,DDL,cong-nghe-ky-thuat-co-khi,A01,Điểm học bạ,2025,24.1,Công nghệ kỹ thuật cơ khí
17299,DDL,cong-nghe-ky-thuat-co-khi,D01,Điểm học bạ,2025,24.1,Công nghệ kỹ thuật cơ khí
17300,DDL,cong-nghe-ky-thuat-co-khi,D07,Điểm học bạ,2025,24.1,Công nghệ kỹ thuật cơ khí
17301,DDL,cong-nghe-ky-thuat-co-khi,A00,Điểm thi THPT,2025,22.58,Công nghệ kỹ thuật cơ khí
17302,DDL,cong-nghe-ky-thuat-co-khi,A01,Điểm thi THPT,2025,22.58,Công nghệ kỹ thuật cơ khí
17303,DDL,cong-nghe-ky-thuat-co-khi,D01,Điểm thi THPT,2025,22.58,Công nghệ kỹ thuật cơ khí
17304,DDL,cong-nghe-ky-thuat-co-khi,D07,Điểm thi THPT,2025,22.58,Công nghệ kỹ thuật cơ khí
17305,DDL,cong-nghe-ky-thuat-cong-trinh-xay-dung,A00,Điểm thi THPT,2021,16.0,Công nghệ kỹ thuật công trình xây dựng (Gồm 4 chuyên ngành: Quản lý dự án và công trình xây dựng; Xây dựng công trình điện; Xây dựng dân dụng và công nghiệp; Cơ điện công trình)
17306,DDL,cong-nghe-ky-thuat-cong-trinh-xay-dung,A01,Điểm thi THPT,2021,16.0,Công nghệ kỹ thuật công trình xây dựng (Gồm 4 chuyên ngành: Quản lý dự án và công trình xây dựng; Xây dựng công trình điện; Xây dựng dân dụng và công nghiệp; Cơ điện công trình)
17307,DDL,cong-nghe-ky-thuat-cong-trinh-xay-dung,D01,Điểm thi THPT,2021,16.0,Công nghệ kỹ thuật công trình xây dựng (Gồm 4 chuyên ngành: Quản lý dự án và công trình xây dựng; Xây dựng công trình điện; Xây dựng dân dụng và công nghiệp; Cơ điện công trình)
17308,DDL,cong-nghe-ky-thuat-cong-trinh-xay-dung,D07,Điểm thi THPT,2021,16.0,Công nghệ kỹ thuật công trình xây dựng (Gồm 4 chuyên ngành: Quản lý dự án và công trình xây dựng; Xây dựng công trình điện; Xây dựng dân dụng và công nghiệp; Cơ điện công trình)
17309,DDL,cong-nghe-ky-thuat-cong-trinh-xay-dung,A00,Điểm học bạ,2022,18.0,Công nghệ kỹ thuật công trình xây dựng
17310,DDL,cong-nghe-ky-thuat-cong-trinh-xay-dung,A01,Điểm học bạ,2022,18.0,Công nghệ kỹ thuật công trình xây dựng
17311,DDL,cong-nghe-ky-thuat-cong-trinh-xay-dung,D01,Điểm học bạ,2022,18.0,Công nghệ kỹ thuật công trình xây dựng
17312,DDL,cong-nghe-ky-thuat-cong-trinh-xay-dung,D07,Điểm học bạ,2022,18.0,Công nghệ kỹ thuật công trình xây dựng
17313,DDL,cong-nghe-ky-thuat-cong-trinh-xay-dung,A00,Điểm thi THPT,2022,17.0,Công nghệ kỹ thuật công trình xây dựng
17314,DDL,cong-nghe-ky-thuat-cong-trinh-xay-dung,A01,Điểm thi THPT,2022,17.0,Công nghệ kỹ thuật công trình xây dựng
17315,DDL,cong-nghe-ky-thuat-cong-trinh-xay-dung,D01,Điểm thi THPT,2022,17.0,Công nghệ kỹ thuật công trình xây dựng
17316,DDL,cong-nghe-ky-thuat-cong-trinh-xay-dung,D07,Điểm thi THPT,2022,17.0,Công nghệ kỹ thuật công trình xây dựng
17317,DDL,cong-nghe-ky-thuat-cong-trinh-xay-dung,A00,Điểm học bạ,2023,19.0,Công nghệ kỹ thuật công trình xây dựng
17318,DDL,cong-nghe-ky-thuat-cong-trinh-xay-dung,A01,Điểm học bạ,2023,19.0,Công nghệ kỹ thuật công trình xây dựng
17319,DDL,cong-nghe-ky-thuat-cong-trinh-xay-dung,D01,Điểm học bạ,2023,19.0,Công nghệ kỹ thuật công trình xây dựng
17320,DDL,cong-nghe-ky-thuat-cong-trinh-xay-dung,D07,Điểm học bạ,2023,19.0,Công nghệ kỹ thuật công trình xây dựng
17321,DDL,cong-nghe-ky-thuat-cong-trinh-xay-dung,A00,Điểm thi THPT,2023,20.5,Công nghệ kỹ thuật công trình xây dựng
17322,DDL,cong-nghe-ky-thuat-cong-trinh-xay-dung,A01,Điểm thi THPT,2023,20.5,Công nghệ kỹ thuật công trình xây dựng
17323,DDL,cong-nghe-ky-thuat-cong-trinh-xay-dung,D01,Điểm thi THPT,2023,20.5,Công nghệ kỹ thuật công trình xây dựng
17324,DDL,cong-nghe-ky-thuat-cong-trinh-xay-dung,D07,Điểm thi THPT,2023,20.5,Công nghệ kỹ thuật công trình xây dựng
17325,DDL,cong-nghe-ky-thuat-cong-trinh-xay-dung,A00,Điểm học bạ,2024,19.0,Công nghệ kỹ thuật công trình xây dựng
17326,DDL,cong-nghe-ky-thuat-cong-trinh-xay-dung,A01,Điểm học bạ,2024,19.0,Công nghệ kỹ thuật công trình xây dựng
17327,DDL,cong-nghe-ky-thuat-cong-trinh-xay-dung,D01,Điểm học bạ,2024,19.0,Công nghệ kỹ thuật công trình xây dựng
17328,DDL,cong-nghe-ky-thuat-cong-trinh-xay-dung,D07,Điểm học bạ,2024,19.0,Công nghệ kỹ thuật công trình xây dựng
17329,DDL,cong-nghe-ky-thuat-cong-trinh-xay-dung,A00,Điểm thi THPT,2024,21.0,Công nghệ kỹ thuật công trình xây dựng
17330,DDL,cong-nghe-ky-thuat-cong-trinh-xay-dung,A01,Điểm thi THPT,2024,21.0,Công nghệ kỹ thuật công trình xây dựng
17331,DDL,cong-nghe-ky-thuat-cong-trinh-xay-dung,D01,Điểm thi THPT,2024,21.0,Công nghệ kỹ thuật công trình xây dựng
17332,DDL,cong-nghe-ky-thuat-cong-trinh-xay-dung,D07,Điểm thi THPT,2024,21.0,Công nghệ kỹ thuật công trình xây dựng
17333,DDL,cong-nghe-ky-thuat-cong-trinh-xay-dung,A00,Điểm học bạ,2025,21.5,Công nghệ kỹ thuật công trình xây dựng
17334,DDL,cong-nghe-ky-thuat-cong-trinh-xay-dung,A01,Điểm học bạ,2025,21.5,Công nghệ kỹ thuật công trình xây dựng
17335,DDL,cong-nghe-ky-thuat-cong-trinh-xay-dung,D01,Điểm học bạ,2025,21.5,Công nghệ kỹ thuật công trình xây dựng
17336,DDL,cong-nghe-ky-thuat-cong-trinh-xay-dung,D07,Điểm học bạ,2025,21.5,Công nghệ kỹ thuật công trình xây dựng
17337,DDL,cong-nghe-ky-thuat-cong-trinh-xay-dung,A00,Điểm thi THPT,2025,19.17,Công nghệ kỹ thuật công trình xây dựng
17338,DDL,cong-nghe-ky-thuat-cong-trinh-xay-dung,A01,Điểm thi THPT,2025,19.17,Công nghệ kỹ thuật công trình xây dựng
17339,DDL,cong-nghe-ky-thuat-cong-trinh-xay-dung,D01,Điểm thi THPT,2025,19.17,Công nghệ kỹ thuật công trình xây dựng
17340,DDL,cong-nghe-ky-thuat-cong-trinh-xay-dung,D07,Điểm thi THPT,2025,19.17,Công nghệ kỹ thuật công trình xây dựng
17341,DDL,cong-nghe-ky-thuat-dien-dien-tu,A00,Điểm thi THPT,2021,22.75,"Công nghệ kỹ thuật điện, điện tử (Gồm 4 chuyên ngành: Hệ thống điện; Điện công nghiệp và dân dụng; Tự động hoá Hệ thống điện; Lưới điện thông minh)"
17342,DDL,cong-nghe-ky-thuat-dien-dien-tu,A01,Điểm thi THPT,2021,22.75,"Công nghệ kỹ thuật điện, điện tử (Gồm 4 chuyên ngành: Hệ thống điện; Điện công nghiệp và dân dụng; Tự động hoá Hệ thống điện; Lưới điện thông minh)"
17343,DDL,cong-nghe-ky-thuat-dien-dien-tu,D01,Điểm thi THPT,2021,22.75,"Công nghệ kỹ thuật điện, điện tử (Gồm 4 chuyên ngành: Hệ thống điện; Điện công nghiệp và dân dụng; Tự động hoá Hệ thống điện; Lưới điện thông minh)"
17344,DDL,cong-nghe-ky-thuat-dien-dien-tu,D07,Điểm thi THPT,2021,22.75,"Công nghệ kỹ thuật điện, điện tử (Gồm 4 chuyên ngành: Hệ thống điện; Điện công nghiệp và dân dụng; Tự động hoá Hệ thống điện; Lưới điện thông minh)"
17345,DDL,cong-nghe-ky-thuat-dien-dien-tu,A00,Điểm học bạ,2022,23.0,"Công nghệ kỹ thuật điện, điện tử"
17346,DDL,cong-nghe-ky-thuat-dien-dien-tu,A01,Điểm học bạ,2022,23.0,"Công nghệ kỹ thuật điện, điện tử"
17347,DDL,cong-nghe-ky-thuat-dien-dien-tu,D01,Điểm học bạ,2022,23.0,"Công nghệ kỹ thuật điện, điện tử"
17348,DDL,cong-nghe-ky-thuat-dien-dien-tu,D07,Điểm học bạ,2022,23.0,"Công nghệ kỹ thuật điện, điện tử"
17349,DDL,cong-nghe-ky-thuat-dien-dien-tu,A00,Điểm thi THPT,2022,22.5,"Công nghệ kỹ thuật điện, điện tử"
17350,DDL,cong-nghe-ky-thuat-dien-dien-tu,A01,Điểm thi THPT,2022,22.5,"Công nghệ kỹ thuật điện, điện tử"
17351,DDL,cong-nghe-ky-thuat-dien-dien-tu,D01,Điểm thi THPT,2022,22.5,"Công nghệ kỹ thuật điện, điện tử"
17352,DDL,cong-nghe-ky-thuat-dien-dien-tu,D07,Điểm thi THPT,2022,22.5,"Công nghệ kỹ thuật điện, điện tử"
17353,DDL,cong-nghe-ky-thuat-dien-dien-tu,A00,Điểm học bạ,2023,23.0,"Công nghệ kỹ thuật điện, điện tử"
17354,DDL,cong-nghe-ky-thuat-dien-dien-tu,A01,Điểm học bạ,2023,23.0,"Công nghệ kỹ thuật điện, điện tử"
17355,DDL,cong-nghe-ky-thuat-dien-dien-tu,D01,Điểm học bạ,2023,23.0,"Công nghệ kỹ thuật điện, điện tử"
17356,DDL,cong-nghe-ky-thuat-dien-dien-tu,D07,Điểm học bạ,2023,23.0,"Công nghệ kỹ thuật điện, điện tử"
17357,DDL,cong-nghe-ky-thuat-dien-dien-tu,A00,Điểm thi THPT,2023,22.75,"Công nghệ kỹ thuật điện, điện tử"
17358,DDL,cong-nghe-ky-thuat-dien-dien-tu,A01,Điểm thi THPT,2023,22.75,"Công nghệ kỹ thuật điện, điện tử"
17359,DDL,cong-nghe-ky-thuat-dien-dien-tu,D01,Điểm thi THPT,2023,22.75,"Công nghệ kỹ thuật điện, điện tử"
17360,DDL,cong-nghe-ky-thuat-dien-dien-tu,D07,Điểm thi THPT,2023,22.75,"Công nghệ kỹ thuật điện, điện tử"
17361,DDL,cong-nghe-ky-thuat-dien-dien-tu,A00,Điểm học bạ,2024,23.0,"Công nghệ kỹ thuật điện, điện tử"
17362,DDL,cong-nghe-ky-thuat-dien-dien-tu,A01,Điểm học bạ,2024,23.0,"Công nghệ kỹ thuật điện, điện tử"
17363,DDL,cong-nghe-ky-thuat-dien-dien-tu,D01,Điểm học bạ,2024,23.0,"Công nghệ kỹ thuật điện, điện tử"
17364,DDL,cong-nghe-ky-thuat-dien-dien-tu,D07,Điểm học bạ,2024,23.0,"Công nghệ kỹ thuật điện, điện tử"
17365,DDL,cong-nghe-ky-thuat-dien-dien-tu,A00,Điểm thi THPT,2024,23.5,"Công nghệ kỹ thuật điện, điện tử"
17366,DDL,cong-nghe-ky-thuat-dien-dien-tu,A01,Điểm thi THPT,2024,23.5,"Công nghệ kỹ thuật điện, điện tử"
17367,DDL,cong-nghe-ky-thuat-dien-dien-tu,D01,Điểm thi THPT,2024,23.5,"Công nghệ kỹ thuật điện, điện tử"
17368,DDL,cong-nghe-ky-thuat-dien-dien-tu,D07,Điểm thi THPT,2024,23.5,"Công nghệ kỹ thuật điện, điện tử"
17369,DDL,cong-nghe-ky-thuat-dien-dien-tu,A00,Điểm học bạ,2025,24.5,"Công nghệ kỹ thuật điện, điện tử"
17370,DDL,cong-nghe-ky-thuat-dien-dien-tu,A01,Điểm học bạ,2025,24.5,"Công nghệ kỹ thuật điện, điện tử"
17371,DDL,cong-nghe-ky-thuat-dien-dien-tu,D01,Điểm học bạ,2025,24.5,"Công nghệ kỹ thuật điện, điện tử"
17372,DDL,cong-nghe-ky-thuat-dien-dien-tu,D07,Điểm học bạ,2025,24.5,"Công nghệ kỹ thuật điện, điện tử"
17373,DDL,cong-nghe-ky-thuat-dien-dien-tu,A00,Điểm thi THPT,2025,22.92,"Công nghệ kỹ thuật điện, điện tử"
17374,DDL,cong-nghe-ky-thuat-dien-dien-tu,A01,Điểm thi THPT,2025,22.92,"Công nghệ kỹ thuật điện, điện tử"
17375,DDL,cong-nghe-ky-thuat-dien-dien-tu,D01,Điểm thi THPT,2025,22.92,"Công nghệ kỹ thuật điện, điện tử"
17376,DDL,cong-nghe-ky-thuat-dien-dien-tu,D07,Điểm thi THPT,2025,22.92,"Công nghệ kỹ thuật điện, điện tử"
17377,DDL,cong-nghe-ky-thuat-dien-tu-vien-thong,A00,Điểm thi THPT,2021,21.5,Công nghệ kỹ thuật điện tử - Viễn thông (Gồm 7 chuyên ngành: Điện tử viễn thông; Kỹ thuật điện tử; Điện tử và kỹ thuật máy tính; Điện tử Robot và trí tuệ nhân tạo; Thiết bị điện tử y tế; Các hệ thống thông minh và IoT; Mạng viễn thông và máy tính)
17378,DDL,cong-nghe-ky-thuat-dien-tu-vien-thong,A01,Điểm thi THPT,2021,21.5,Công nghệ kỹ thuật điện tử - Viễn thông (Gồm 7 chuyên ngành: Điện tử viễn thông; Kỹ thuật điện tử; Điện tử và kỹ thuật máy tính; Điện tử Robot và trí tuệ nhân tạo; Thiết bị điện tử y tế; Các hệ thống thông minh và IoT; Mạng viễn thông và máy tính)
17379,DDL,cong-nghe-ky-thuat-dien-tu-vien-thong,D01,Điểm thi THPT,2021,21.5,Công nghệ kỹ thuật điện tử - Viễn thông (Gồm 7 chuyên ngành: Điện tử viễn thông; Kỹ thuật điện tử; Điện tử và kỹ thuật máy tính; Điện tử Robot và trí tuệ nhân tạo; Thiết bị điện tử y tế; Các hệ thống thông minh và IoT; Mạng viễn thông và máy tính)
17380,DDL,cong-nghe-ky-thuat-dien-tu-vien-thong,D07,Điểm thi THPT,2021,21.5,Công nghệ kỹ thuật điện tử - Viễn thông (Gồm 7 chuyên ngành: Điện tử viễn thông; Kỹ thuật điện tử; Điện tử và kỹ thuật máy tính; Điện tử Robot và trí tuệ nhân tạo; Thiết bị điện tử y tế; Các hệ thống thông minh và IoT; Mạng viễn thông và máy tính)
17381,DDL,cong-nghe-ky-thuat-dien-tu-vien-thong,A00,Điểm học bạ,2022,22.0,Công nghệ kỹ thuật điện tử - viễn thông
17382,DDL,cong-nghe-ky-thuat-dien-tu-vien-thong,A01,Điểm học bạ,2022,22.0,Công nghệ kỹ thuật điện tử - viễn thông
17383,DDL,cong-nghe-ky-thuat-dien-tu-vien-thong,D01,Điểm học bạ,2022,22.0,Công nghệ kỹ thuật điện tử - viễn thông
17384,DDL,cong-nghe-ky-thuat-dien-tu-vien-thong,D07,Điểm học bạ,2022,22.0,Công nghệ kỹ thuật điện tử - viễn thông
17385,DDL,cong-nghe-ky-thuat-dien-tu-vien-thong,A00,Điểm thi THPT,2022,23.5,Công nghệ kỹ thuật điện tử - viễn thông
17386,DDL,cong-nghe-ky-thuat-dien-tu-vien-thong,A01,Điểm thi THPT,2022,23.5,Công nghệ kỹ thuật điện tử - viễn thông
17387,DDL,cong-nghe-ky-thuat-dien-tu-vien-thong,D01,Điểm thi THPT,2022,23.5,Công nghệ kỹ thuật điện tử - viễn thông
17388,DDL,cong-nghe-ky-thuat-dien-tu-vien-thong,D07,Điểm thi THPT,2022,23.5,Công nghệ kỹ thuật điện tử - viễn thông
17389,DDL,cong-nghe-ky-thuat-dien-tu-vien-thong,A00,Điểm học bạ,2023,23.5,Công nghệ kỹ thuật điện tử - viễn thông
17390,DDL,cong-nghe-ky-thuat-dien-tu-vien-thong,A01,Điểm học bạ,2023,23.5,Công nghệ kỹ thuật điện tử - viễn thông
17391,DDL,cong-nghe-ky-thuat-dien-tu-vien-thong,D01,Điểm học bạ,2023,23.5,Công nghệ kỹ thuật điện tử - viễn thông
17392,DDL,cong-nghe-ky-thuat-dien-tu-vien-thong,D07,Điểm học bạ,2023,23.5,Công nghệ kỹ thuật điện tử - viễn thông
17393,DDL,cong-nghe-ky-thuat-dien-tu-vien-thong,A00,Điểm thi THPT,2023,22.75,Công nghệ kỹ thuật điện từ - viền thông
17394,DDL,cong-nghe-ky-thuat-dien-tu-vien-thong,A01,Điểm thi THPT,2023,22.75,Công nghệ kỹ thuật điện từ - viền thông
17395,DDL,cong-nghe-ky-thuat-dien-tu-vien-thong,D01,Điểm thi THPT,2023,22.75,Công nghệ kỹ thuật điện từ - viền thông
17396,DDL,cong-nghe-ky-thuat-dien-tu-vien-thong,D07,Điểm thi THPT,2023,22.75,Công nghệ kỹ thuật điện từ - viền thông
17397,DDL,cong-nghe-ky-thuat-dien-tu-vien-thong,A00,Điểm học bạ,2024,23.0,Công nghệ kỹ thuật điện tử - viễn thông
17398,DDL,cong-nghe-ky-thuat-dien-tu-vien-thong,A01,Điểm học bạ,2024,23.0,Công nghệ kỹ thuật điện tử - viễn thông
17399,DDL,cong-nghe-ky-thuat-dien-tu-vien-thong,D01,Điểm học bạ,2024,23.0,Công nghệ kỹ thuật điện tử - viễn thông
17400,DDL,cong-nghe-ky-thuat-dien-tu-vien-thong,D07,Điểm học bạ,2024,23.0,Công nghệ kỹ thuật điện tử - viễn thông
17401,DDL,cong-nghe-ky-thuat-dien-tu-vien-thong,A00,Điểm thi THPT,2024,22.75,Công nghệ kỹ thuật điện tử - viễn thông
17402,DDL,cong-nghe-ky-thuat-dien-tu-vien-thong,A01,Điểm thi THPT,2024,22.75,Công nghệ kỹ thuật điện tử - viễn thông
17403,DDL,cong-nghe-ky-thuat-dien-tu-vien-thong,D01,Điểm thi THPT,2024,22.75,Công nghệ kỹ thuật điện tử - viễn thông
17404,DDL,cong-nghe-ky-thuat-dien-tu-vien-thong,D07,Điểm thi THPT,2024,22.75,Công nghệ kỹ thuật điện tử - viễn thông
17405,DDL,cong-nghe-ky-thuat-dien-tu-vien-thong,A00,Điểm học bạ,2025,23.5,Công nghệ kỹ thuật điện tử - viễn thông
17406,DDL,cong-nghe-ky-thuat-dien-tu-vien-thong,A01,Điểm học bạ,2025,23.5,Công nghệ kỹ thuật điện tử - viễn thông
17407,DDL,cong-nghe-ky-thuat-dien-tu-vien-thong,D01,Điểm học bạ,2025,23.5,Công nghệ kỹ thuật điện tử - viễn thông
17408,DDL,cong-nghe-ky-thuat-dien-tu-vien-thong,D07,Điểm học bạ,2025,23.5,Công nghệ kỹ thuật điện tử - viễn thông
17409,DDL,cong-nghe-ky-thuat-dien-tu-vien-thong,A00,Điểm thi THPT,2025,21.83,Công nghệ kỹ thuật điện tử - viễn thông
17410,DDL,cong-nghe-ky-thuat-dien-tu-vien-thong,A01,Điểm thi THPT,2025,21.83,Công nghệ kỹ thuật điện tử - viễn thông
17411,DDL,cong-nghe-ky-thuat-dien-tu-vien-thong,D01,Điểm thi THPT,2025,21.83,Công nghệ kỹ thuật điện tử - viễn thông
17412,DDL,cong-nghe-ky-thuat-dien-tu-vien-thong,D07,Điểm thi THPT,2025,21.83,Công nghệ kỹ thuật điện tử - viễn thông
17413,DDL,cong-nghe-ky-thuat-dieu-khien-va-tu-dong-hoa,A00,Điểm thi THPT,2021,21.5,Công nghệ kỹ thuật điều khiển và tự động hoá (Gồm 3 chuyên ngành: Công nghệ kỹ thuật điều khiển; Tự động hóa và điều khiển thiết bị điện công nghiệp; Tin học cho điều khiển và tự động hóa)
17414,DDL,cong-nghe-ky-thuat-dieu-khien-va-tu-dong-hoa,A01,Điểm thi THPT,2021,21.5,Công nghệ kỹ thuật điều khiển và tự động hoá (Gồm 3 chuyên ngành: Công nghệ kỹ thuật điều khiển; Tự động hóa và điều khiển thiết bị điện công nghiệp; Tin học cho điều khiển và tự động hóa)
17415,DDL,cong-nghe-ky-thuat-dieu-khien-va-tu-dong-hoa,D01,Điểm thi THPT,2021,21.5,Công nghệ kỹ thuật điều khiển và tự động hoá (Gồm 3 chuyên ngành: Công nghệ kỹ thuật điều khiển; Tự động hóa và điều khiển thiết bị điện công nghiệp; Tin học cho điều khiển và tự động hóa)
17416,DDL,cong-nghe-ky-thuat-dieu-khien-va-tu-dong-hoa,D07,Điểm thi THPT,2021,21.5,Công nghệ kỹ thuật điều khiển và tự động hoá (Gồm 3 chuyên ngành: Công nghệ kỹ thuật điều khiển; Tự động hóa và điều khiển thiết bị điện công nghiệp; Tin học cho điều khiển và tự động hóa)
17417,DDL,cong-nghe-ky-thuat-dieu-khien-va-tu-dong-hoa,A00,Điểm học bạ,2022,22.5,Công nghệ kỹ thuật điều khiển và tự động hóa
17418,DDL,cong-nghe-ky-thuat-dieu-khien-va-tu-dong-hoa,A01,Điểm học bạ,2022,22.5,Công nghệ kỹ thuật điều khiển và tự động hóa
17419,DDL,cong-nghe-ky-thuat-dieu-khien-va-tu-dong-hoa,D01,Điểm học bạ,2022,22.5,Công nghệ kỹ thuật điều khiển và tự động hóa
17420,DDL,cong-nghe-ky-thuat-dieu-khien-va-tu-dong-hoa,D07,Điểm học bạ,2022,22.5,Công nghệ kỹ thuật điều khiển và tự động hóa
17421,DDL,cong-nghe-ky-thuat-dieu-khien-va-tu-dong-hoa,A00,Điểm thi THPT,2022,23.25,Công nghệ kỹ thuật điều khiển và tự động hóa
17422,DDL,cong-nghe-ky-thuat-dieu-khien-va-tu-dong-hoa,A01,Điểm thi THPT,2022,23.25,Công nghệ kỹ thuật điều khiển và tự động hóa
17423,DDL,cong-nghe-ky-thuat-dieu-khien-va-tu-dong-hoa,D01,Điểm thi THPT,2022,23.25,Công nghệ kỹ thuật điều khiển và tự động hóa
17424,DDL,cong-nghe-ky-thuat-dieu-khien-va-tu-dong-hoa,D07,Điểm thi THPT,2022,23.25,Công nghệ kỹ thuật điều khiển và tự động hóa
17425,DDL,cong-nghe-ky-thuat-dieu-khien-va-tu-dong-hoa,A00,Điểm học bạ,2023,25.5,Công nghệ kỹ thuật điều khiển và tự động hóa
17426,DDL,cong-nghe-ky-thuat-dieu-khien-va-tu-dong-hoa,A01,Điểm học bạ,2023,25.5,Công nghệ kỹ thuật điều khiển và tự động hóa
17427,DDL,cong-nghe-ky-thuat-dieu-khien-va-tu-dong-hoa,D01,Điểm học bạ,2023,25.5,Công nghệ kỹ thuật điều khiển và tự động hóa
17428,DDL,cong-nghe-ky-thuat-dieu-khien-va-tu-dong-hoa,D07,Điểm học bạ,2023,25.5,Công nghệ kỹ thuật điều khiển và tự động hóa
17429,DDL,cong-nghe-ky-thuat-dieu-khien-va-tu-dong-hoa,A00,Điểm thi THPT,2023,23.0,Công nghệ kỹ thuật điều khiển và tự động hoá
17430,DDL,cong-nghe-ky-thuat-dieu-khien-va-tu-dong-hoa,A01,Điểm thi THPT,2023,23.0,Công nghệ kỹ thuật điều khiển và tự động hoá
17431,DDL,cong-nghe-ky-thuat-dieu-khien-va-tu-dong-hoa,D01,Điểm thi THPT,2023,23.0,Công nghệ kỹ thuật điều khiển và tự động hoá
17432,DDL,cong-nghe-ky-thuat-dieu-khien-va-tu-dong-hoa,D07,Điểm thi THPT,2023,23.0,Công nghệ kỹ thuật điều khiển và tự động hoá
17433,DDL,cong-nghe-ky-thuat-dieu-khien-va-tu-dong-hoa,A00,Điểm học bạ,2024,25.75,Công nghệ kỹ thuật điều khiển và tự động hóa
17434,DDL,cong-nghe-ky-thuat-dieu-khien-va-tu-dong-hoa,A01,Điểm học bạ,2024,25.75,Công nghệ kỹ thuật điều khiển và tự động hóa
17435,DDL,cong-nghe-ky-thuat-dieu-khien-va-tu-dong-hoa,D01,Điểm học bạ,2024,25.75,Công nghệ kỹ thuật điều khiển và tự động hóa
17436,DDL,cong-nghe-ky-thuat-dieu-khien-va-tu-dong-hoa,D07,Điểm học bạ,2024,25.75,Công nghệ kỹ thuật điều khiển và tự động hóa
17437,DDL,cong-nghe-ky-thuat-dieu-khien-va-tu-dong-hoa,A00,Điểm thi THPT,2024,23.5,Công nghệ kỹ thuật điều khiển và tự động hóa
17438,DDL,cong-nghe-ky-thuat-dieu-khien-va-tu-dong-hoa,A01,Điểm thi THPT,2024,23.5,Công nghệ kỹ thuật điều khiển và tự động hóa
17439,DDL,cong-nghe-ky-thuat-dieu-khien-va-tu-dong-hoa,D01,Điểm thi THPT,2024,23.5,Công nghệ kỹ thuật điều khiển và tự động hóa
17440,DDL,cong-nghe-ky-thuat-dieu-khien-va-tu-dong-hoa,D07,Điểm thi THPT,2024,23.5,Công nghệ kỹ thuật điều khiển và tự động hóa
17441,DDL,cong-nghe-ky-thuat-dieu-khien-va-tu-dong-hoa,A00,Điểm học bạ,2025,25.0,Công nghệ kỹ thuật điều khiển và tự động hoá
17442,DDL,cong-nghe-ky-thuat-dieu-khien-va-tu-dong-hoa,A01,Điểm học bạ,2025,25.0,Công nghệ kỹ thuật điều khiển và tự động hoá
17443,DDL,cong-nghe-ky-thuat-dieu-khien-va-tu-dong-hoa,D01,Điểm học bạ,2025,25.0,Công nghệ kỹ thuật điều khiển và tự động hoá
17444,DDL,cong-nghe-ky-thuat-dieu-khien-va-tu-dong-hoa,D07,Điểm học bạ,2025,25.0,Công nghệ kỹ thuật điều khiển và tự động hoá
17445,DDL,cong-nghe-ky-thuat-dieu-khien-va-tu-dong-hoa,A00,Điểm thi THPT,2025,23.33,Công nghệ kỹ thuật điều khiển và tự động hoá
17446,DDL,cong-nghe-ky-thuat-dieu-khien-va-tu-dong-hoa,A01,Điểm thi THPT,2025,23.33,Công nghệ kỹ thuật điều khiển và tự động hoá
17447,DDL,cong-nghe-ky-thuat-dieu-khien-va-tu-dong-hoa,D01,Điểm thi THPT,2025,23.33,Công nghệ kỹ thuật điều khiển và tự động hoá
17448,DDL,cong-nghe-ky-thuat-dieu-khien-va-tu-dong-hoa,D07,Điểm thi THPT,2025,23.33,Công nghệ kỹ thuật điều khiển và tự động hoá
17449,DDL,cong-nghe-ky-thuat-hat-nhan,A00,Điểm học bạ,2025,18.0,Công nghệ kỹ thuật hạt nhân
17450,DDL,cong-nghe-ky-thuat-hat-nhan,A01,Điểm học bạ,2025,18.0,Công nghệ kỹ thuật hạt nhân
17451,DDL,cong-nghe-ky-thuat-hat-nhan,D01,Điểm học bạ,2025,18.0,Công nghệ kỹ thuật hạt nhân
17452,DDL,cong-nghe-ky-thuat-hat-nhan,D07,Điểm học bạ,2025,18.0,Công nghệ kỹ thuật hạt nhân
17453,DDL,cong-nghe-ky-thuat-hat-nhan,A00,Điểm thi THPT,2025,16.5,Công nghệ kỹ thuật hạt nhân
17454,DDL,cong-nghe-ky-thuat-hat-nhan,A01,Điểm thi THPT,2025,16.5,Công nghệ kỹ thuật hạt nhân
17455,DDL,cong-nghe-ky-thuat-hat-nhan,D01,Điểm thi THPT,2025,16.5,Công nghệ kỹ thuật hạt nhân
17456,DDL,cong-nghe-ky-thuat-hat-nhan,D07,Điểm thi THPT,2025,16.5,Công nghệ kỹ thuật hạt nhân
17457,DDL,cong-nghe-ky-thuat-moi-truong,A00,Điểm thi THPT,2021,16.0,Công nghệ kỹ thuật môi trường (Gồm 2 chuyên ngành: Công nghệ môi trường và sản xuất năng lượng; Quản lý môi trường công nghiệp và đô thị)
17458,DDL,cong-nghe-ky-thuat-moi-truong,A01,Điểm thi THPT,2021,16.0,Công nghệ kỹ thuật môi trường (Gồm 2 chuyên ngành: Công nghệ môi trường và sản xuất năng lượng; Quản lý môi trường công nghiệp và đô thị)
17459,DDL,cong-nghe-ky-thuat-moi-truong,D01,Điểm thi THPT,2021,16.0,Công nghệ kỹ thuật môi trường (Gồm 2 chuyên ngành: Công nghệ môi trường và sản xuất năng lượng; Quản lý môi trường công nghiệp và đô thị)
17460,DDL,cong-nghe-ky-thuat-moi-truong,D07,Điểm thi THPT,2021,16.0,Công nghệ kỹ thuật môi trường (Gồm 2 chuyên ngành: Công nghệ môi trường và sản xuất năng lượng; Quản lý môi trường công nghiệp và đô thị)
17461,DDL,cong-nghe-ky-thuat-moi-truong,A00,Điểm học bạ,2022,18.0,Công nghệ kỹ thuật môi trường
17462,DDL,cong-nghe-ky-thuat-moi-truong,A01,Điểm học bạ,2022,18.0,Công nghệ kỹ thuật môi trường
17463,DDL,cong-nghe-ky-thuat-moi-truong,D01,Điểm học bạ,2022,18.0,Công nghệ kỹ thuật môi trường
17464,DDL,cong-nghe-ky-thuat-moi-truong,D07,Điểm học bạ,2022,18.0,Công nghệ kỹ thuật môi trường
17465,DDL,cong-nghe-ky-thuat-moi-truong,A00,Điểm thi THPT,2022,16.0,Công nghệ kỹ thuật môi trường
17466,DDL,cong-nghe-ky-thuat-moi-truong,A01,Điểm thi THPT,2022,16.0,Công nghệ kỹ thuật môi trường
17467,DDL,cong-nghe-ky-thuat-moi-truong,D01,Điểm thi THPT,2022,16.0,Công nghệ kỹ thuật môi trường
17468,DDL,cong-nghe-ky-thuat-moi-truong,D07,Điểm thi THPT,2022,16.0,Công nghệ kỹ thuật môi trường
17469,DDL,cong-nghe-ky-thuat-moi-truong,A00,Điểm học bạ,2023,18.0,Công nghệ kỹ thuật môi trường
17470,DDL,cong-nghe-ky-thuat-moi-truong,A01,Điểm học bạ,2023,18.0,Công nghệ kỹ thuật môi trường
17471,DDL,cong-nghe-ky-thuat-moi-truong,D01,Điểm học bạ,2023,18.0,Công nghệ kỹ thuật môi trường
17472,DDL,cong-nghe-ky-thuat-moi-truong,D07,Điểm học bạ,2023,18.0,Công nghệ kỹ thuật môi trường
17473,DDL,cong-nghe-ky-thuat-moi-truong,A00,Điểm thi THPT,2023,18.0,Công nghệ kỹ thuật môi trường
17474,DDL,cong-nghe-ky-thuat-moi-truong,A01,Điểm thi THPT,2023,18.0,Công nghệ kỹ thuật môi trường
17475,DDL,cong-nghe-ky-thuat-moi-truong,D01,Điểm thi THPT,2023,18.0,Công nghệ kỹ thuật môi trường
17476,DDL,cong-nghe-ky-thuat-moi-truong,D07,Điểm thi THPT,2023,18.0,Công nghệ kỹ thuật môi trường
17477,DDL,cong-nghe-ky-thuat-moi-truong,A00,Điểm học bạ,2024,18.0,Công nghệ kỹ thuật môi trường
17478,DDL,cong-nghe-ky-thuat-moi-truong,A01,Điểm học bạ,2024,18.0,Công nghệ kỹ thuật môi trường
17479,DDL,cong-nghe-ky-thuat-moi-truong,D01,Điểm học bạ,2024,18.0,Công nghệ kỹ thuật môi trường
17480,DDL,cong-nghe-ky-thuat-moi-truong,D07,Điểm học bạ,2024,18.0,Công nghệ kỹ thuật môi trường
17481,DDL,cong-nghe-ky-thuat-moi-truong,A00,Điểm thi THPT,2024,19.5,Công nghệ kỹ thuật môi trường
17482,DDL,cong-nghe-ky-thuat-moi-truong,A01,Điểm thi THPT,2024,19.5,Công nghệ kỹ thuật môi trường
17483,DDL,cong-nghe-ky-thuat-moi-truong,D01,Điểm thi THPT,2024,19.5,Công nghệ kỹ thuật môi trường
17484,DDL,cong-nghe-ky-thuat-moi-truong,D07,Điểm thi THPT,2024,19.5,Công nghệ kỹ thuật môi trường
17485,DDL,cong-nghe-ky-thuat-moi-truong,A00,Điểm học bạ,2025,20.5,Công nghệ kỹ thuật môi trường
17486,DDL,cong-nghe-ky-thuat-moi-truong,A01,Điểm học bạ,2025,20.5,Công nghệ kỹ thuật môi trường
17487,DDL,cong-nghe-ky-thuat-moi-truong,D01,Điểm học bạ,2025,20.5,Công nghệ kỹ thuật môi trường
17488,DDL,cong-nghe-ky-thuat-moi-truong,D07,Điểm học bạ,2025,20.5,Công nghệ kỹ thuật môi trường
17489,DDL,cong-nghe-ky-thuat-moi-truong,A00,Điểm thi THPT,2025,18.17,Công nghệ kỹ thuật môi trường
17490,DDL,cong-nghe-ky-thuat-moi-truong,A01,Điểm thi THPT,2025,18.17,Công nghệ kỹ thuật môi trường
17491,DDL,cong-nghe-ky-thuat-moi-truong,D01,Điểm thi THPT,2025,18.17,Công nghệ kỹ thuật môi trường
17492,DDL,cong-nghe-ky-thuat-moi-truong,D07,Điểm thi THPT,2025,18.17,Công nghệ kỹ thuật môi trường
17493,DDL,cong-nghe-ky-thuat-nang-luong,A00,Điểm thi THPT,2021,16.0,Công nghệ kỹ thuật năng lượng (Gồm chuyên ngành: Năng lượng tái tạo)
17494,DDL,cong-nghe-ky-thuat-nang-luong,A01,Điểm thi THPT,2021,16.0,Công nghệ kỹ thuật năng lượng (Gồm chuyên ngành: Năng lượng tái tạo)
17495,DDL,cong-nghe-ky-thuat-nang-luong,D01,Điểm thi THPT,2021,16.0,Công nghệ kỹ thuật năng lượng (Gồm chuyên ngành: Năng lượng tái tạo)
17496,DDL,cong-nghe-ky-thuat-nang-luong,D07,Điểm thi THPT,2021,16.0,Công nghệ kỹ thuật năng lượng (Gồm chuyên ngành: Năng lượng tái tạo)
17497,DDL,cong-nghe-ky-thuat-nang-luong,A00,Điểm học bạ,2022,18.0,Công nghệ kỹ thuật năng lượng
17498,DDL,cong-nghe-ky-thuat-nang-luong,A01,Điểm học bạ,2022,18.0,Công nghệ kỹ thuật năng lượng
17499,DDL,cong-nghe-ky-thuat-nang-luong,D01,Điểm học bạ,2022,18.0,Công nghệ kỹ thuật năng lượng
17500,DDL,cong-nghe-ky-thuat-nang-luong,D07,Điểm học bạ,2022,18.0,Công nghệ kỹ thuật năng lượng
17501,DDL,cong-nghe-ky-thuat-nang-luong,A00,Điểm thi THPT,2022,17.0,Công nghệ kỹ thuật năng lượng
17502,DDL,cong-nghe-ky-thuat-nang-luong,A01,Điểm thi THPT,2022,17.0,Công nghệ kỹ thuật năng lượng
17503,DDL,cong-nghe-ky-thuat-nang-luong,D01,Điểm thi THPT,2022,17.0,Công nghệ kỹ thuật năng lượng
17504,DDL,cong-nghe-ky-thuat-nang-luong,D07,Điểm thi THPT,2022,17.0,Công nghệ kỹ thuật năng lượng
17505,DDL,cong-nghe-ky-thuat-nang-luong,A00,Điểm học bạ,2023,18.5,Công nghệ kỹ thuật năng lượng
17506,DDL,cong-nghe-ky-thuat-nang-luong,A01,Điểm học bạ,2023,18.5,Công nghệ kỹ thuật năng lượng
17507,DDL,cong-nghe-ky-thuat-nang-luong,D01,Điểm học bạ,2023,18.5,Công nghệ kỹ thuật năng lượng
17508,DDL,cong-nghe-ky-thuat-nang-luong,D07,Điểm học bạ,2023,18.5,Công nghệ kỹ thuật năng lượng
17509,DDL,cong-nghe-ky-thuat-nang-luong,A00,Điểm thi THPT,2023,20.0,Công nghệ kỹ thuật năng lượng
17510,DDL,cong-nghe-ky-thuat-nang-luong,A01,Điểm thi THPT,2023,20.0,Công nghệ kỹ thuật năng lượng
17511,DDL,cong-nghe-ky-thuat-nang-luong,D01,Điểm thi THPT,2023,20.0,Công nghệ kỹ thuật năng lượng
17512,DDL,cong-nghe-ky-thuat-nang-luong,D07,Điểm thi THPT,2023,20.0,Công nghệ kỹ thuật năng lượng
17513,DDL,cong-nghe-ky-thuat-nang-luong,A00,Điểm học bạ,2024,18.5,Công nghệ kỹ thuật năng lượng
17514,DDL,cong-nghe-ky-thuat-nang-luong,A01,Điểm học bạ,2024,18.5,Công nghệ kỹ thuật năng lượng
17515,DDL,cong-nghe-ky-thuat-nang-luong,D01,Điểm học bạ,2024,18.5,Công nghệ kỹ thuật năng lượng
17516,DDL,cong-nghe-ky-thuat-nang-luong,D07,Điểm học bạ,2024,18.5,Công nghệ kỹ thuật năng lượng
17517,DDL,cong-nghe-ky-thuat-nang-luong,A00,Điểm thi THPT,2024,22.0,Công nghệ kỹ thuật năng lượng
17518,DDL,cong-nghe-ky-thuat-nang-luong,A01,Điểm thi THPT,2024,22.0,Công nghệ kỹ thuật năng lượng
17519,DDL,cong-nghe-ky-thuat-nang-luong,D01,Điểm thi THPT,2024,22.0,Công nghệ kỹ thuật năng lượng
17520,DDL,cong-nghe-ky-thuat-nang-luong,D07,Điểm thi THPT,2024,22.0,Công nghệ kỹ thuật năng lượng
17521,DDL,cong-nghe-ky-thuat-nang-luong,A00,Điểm học bạ,2025,21.0,Công nghệ kỹ thuật năng lượng
17522,DDL,cong-nghe-ky-thuat-nang-luong,A01,Điểm học bạ,2025,21.0,Công nghệ kỹ thuật năng lượng
17523,DDL,cong-nghe-ky-thuat-nang-luong,D01,Điểm học bạ,2025,21.0,Công nghệ kỹ thuật năng lượng
17524,DDL,cong-nghe-ky-thuat-nang-luong,D07,Điểm học bạ,2025,21.0,Công nghệ kỹ thuật năng lượng
17525,DDL,cong-nghe-ky-thuat-nang-luong,A00,Điểm thi THPT,2025,18.5,Công nghệ kỹ thuật năng lượng
17526,DDL,cong-nghe-ky-thuat-nang-luong,A01,Điểm thi THPT,2025,18.5,Công nghệ kỹ thuật năng lượng
17527,DDL,cong-nghe-ky-thuat-nang-luong,D01,Điểm thi THPT,2025,18.5,Công nghệ kỹ thuật năng lượng
17528,DDL,cong-nghe-ky-thuat-nang-luong,D07,Điểm thi THPT,2025,18.5,Công nghệ kỹ thuật năng lượng
17529,DDL,cong-nghe-ky-thuat-o-to,A00,Điểm học bạ,2025,24.3,Công nghệ kỹ thuật ô tô
17530,DDL,cong-nghe-ky-thuat-o-to,A01,Điểm học bạ,2025,24.3,Công nghệ kỹ thuật ô tô
17531,DDL,cong-nghe-ky-thuat-o-to,D01,Điểm học bạ,2025,24.3,Công nghệ kỹ thuật ô tô
17532,DDL,cong-nghe-ky-thuat-o-to,D07,Điểm học bạ,2025,24.3,Công nghệ kỹ thuật ô tô
17533,DDL,cong-nghe-ky-thuat-o-to,A00,Điểm thi THPT,2025,22.75,Công nghệ kỹ thuật ô tô
17534,DDL,cong-nghe-ky-thuat-o-to,A01,Điểm thi THPT,2025,22.75,Công nghệ kỹ thuật ô tô
17535,DDL,cong-nghe-ky-thuat-o-to,D01,Điểm thi THPT,2025,22.75,Công nghệ kỹ thuật ô tô
17536,DDL,cong-nghe-ky-thuat-o-to,D07,Điểm thi THPT,2025,22.75,Công nghệ kỹ thuật ô tô
17537,DDL,cong-nghe-tai-chinh,A00,Điểm học bạ,2025,18.0,Công nghệ tài chính
17538,DDL,cong-nghe-tai-chinh,A01,Điểm học bạ,2025,18.0,Công nghệ tài chính
17539,DDL,cong-nghe-tai-chinh,D01,Điểm học bạ,2025,18.0,Công nghệ tài chính
17540,DDL,cong-nghe-tai-chinh,D07,Điểm học bạ,2025,18.0,Công nghệ tài chính
17541,DDL,cong-nghe-tai-chinh,A00,Điểm thi THPT,2025,16.5,Công nghệ tài chính
17542,DDL,cong-nghe-tai-chinh,A01,Điểm thi THPT,2025,16.5,Công nghệ tài chính
17543,DDL,cong-nghe-tai-chinh,D01,Điểm thi THPT,2025,16.5,Công nghệ tài chính
17544,DDL,cong-nghe-tai-chinh,D07,Điểm thi THPT,2025,16.5,Công nghệ tài chính
17545,DDL,cong-nghe-thong-tin,A00,Điểm thi THPT,2021,24.25,"Công nghệ thông tin (Gồm 4 chuyên ngành: Công nghệ phần mềm; Quản trị và an ninh mạng; Hệ thống thương mại điện tử, Trí tuệ nhân tạo và thị giác máy tính)"
17546,DDL,cong-nghe-thong-tin,A01,Điểm thi THPT,2021,24.25,"Công nghệ thông tin (Gồm 4 chuyên ngành: Công nghệ phần mềm; Quản trị và an ninh mạng; Hệ thống thương mại điện tử, Trí tuệ nhân tạo và thị giác máy tính)"
17547,DDL,cong-nghe-thong-tin,D01,Điểm thi THPT,2021,24.25,"Công nghệ thông tin (Gồm 4 chuyên ngành: Công nghệ phần mềm; Quản trị và an ninh mạng; Hệ thống thương mại điện tử, Trí tuệ nhân tạo và thị giác máy tính)"
17548,DDL,cong-nghe-thong-tin,D07,Điểm thi THPT,2021,24.25,"Công nghệ thông tin (Gồm 4 chuyên ngành: Công nghệ phần mềm; Quản trị và an ninh mạng; Hệ thống thương mại điện tử, Trí tuệ nhân tạo và thị giác máy tính)"
17549,DDL,cong-nghe-thong-tin,A00,Điểm học bạ,2022,26.0,Công nghệ thông tin
17550,DDL,cong-nghe-thong-tin,A01,Điểm học bạ,2022,26.0,Công nghệ thông tin
17551,DDL,cong-nghe-thong-tin,D01,Điểm học bạ,2022,26.0,Công nghệ thông tin
17552,DDL,cong-nghe-thong-tin,D07,Điểm học bạ,2022,26.0,Công nghệ thông tin
17553,DDL,cong-nghe-thong-tin,A00,Điểm thi THPT,2022,24.4,Công nghệ thông tin
17554,DDL,cong-nghe-thong-tin,A01,Điểm thi THPT,2022,24.4,Công nghệ thông tin
17555,DDL,cong-nghe-thong-tin,D01,Điểm thi THPT,2022,24.4,Công nghệ thông tin
17556,DDL,cong-nghe-thong-tin,D07,Điểm thi THPT,2022,24.4,Công nghệ thông tin
17557,DDL,cong-nghe-thong-tin,A00,Điểm học bạ,2023,26.5,Công nghệ thông tin
17558,DDL,cong-nghe-thong-tin,A01,Điểm học bạ,2023,26.5,Công nghệ thông tin
17559,DDL,cong-nghe-thong-tin,D01,Điểm học bạ,2023,26.5,Công nghệ thông tin
17560,DDL,cong-nghe-thong-tin,D07,Điểm học bạ,2023,26.5,Công nghệ thông tin
17561,DDL,cong-nghe-thong-tin,A00,Điểm thi THPT,2023,23.25,Công nghệ thông tin
17562,DDL,cong-nghe-thong-tin,A01,Điểm thi THPT,2023,23.25,Công nghệ thông tin
17563,DDL,cong-nghe-thong-tin,D01,Điểm thi THPT,2023,23.25,Công nghệ thông tin
17564,DDL,cong-nghe-thong-tin,D07,Điểm thi THPT,2023,23.25,Công nghệ thông tin
17565,DDL,cong-nghe-thong-tin,A00,Điểm học bạ,2024,24.0,Công nghệ thông tin
17566,DDL,cong-nghe-thong-tin,A01,Điểm học bạ,2024,24.0,Công nghệ thông tin
17567,DDL,cong-nghe-thong-tin,D01,Điểm học bạ,2024,24.0,Công nghệ thông tin
17568,DDL,cong-nghe-thong-tin,D07,Điểm học bạ,2024,24.0,Công nghệ thông tin
17569,DDL,cong-nghe-thong-tin,A00,Điểm thi THPT,2024,23.0,Công nghệ thông tin
17570,DDL,cong-nghe-thong-tin,A01,Điểm thi THPT,2024,23.0,Công nghệ thông tin
17571,DDL,cong-nghe-thong-tin,D01,Điểm thi THPT,2024,23.0,Công nghệ thông tin
17572,DDL,cong-nghe-thong-tin,D07,Điểm thi THPT,2024,23.0,Công nghệ thông tin
17573,DDL,cong-nghe-thong-tin,A00,Điểm học bạ,2025,23.55,Công nghệ thông tin
17574,DDL,cong-nghe-thong-tin,A01,Điểm học bạ,2025,23.55,Công nghệ thông tin
17575,DDL,cong-nghe-thong-tin,D01,Điểm học bạ,2025,23.55,Công nghệ thông tin
17576,DDL,cong-nghe-thong-tin,D07,Điểm học bạ,2025,23.55,Công nghệ thông tin
17577,DDL,cong-nghe-thong-tin,A00,Điểm thi THPT,2025,21.9,Công nghệ thông tin
17578,DDL,cong-nghe-thong-tin,A01,Điểm thi THPT,2025,21.9,Công nghệ thông tin
17579,DDL,cong-nghe-thong-tin,D01,Điểm thi THPT,2025,21.9,Công nghệ thông tin
17580,DDL,cong-nghe-thong-tin,D07,Điểm thi THPT,2025,21.9,Công nghệ thông tin
17581,DDL,cong-nghe-vat-lieu,A00,Điểm học bạ,2025,23.14,Công nghệ vật liệu
17582,DDL,cong-nghe-vat-lieu,A01,Điểm học bạ,2025,23.14,Công nghệ vật liệu
17583,DDL,cong-nghe-vat-lieu,A02,Điểm học bạ,2025,23.14,Công nghệ vật liệu
17584,DDL,cong-nghe-vat-lieu,B00,Điểm học bạ,2025,23.14,Công nghệ vật liệu
17585,DDL,cong-nghe-vat-lieu,D07,Điểm học bạ,2025,23.14,Công nghệ vật liệu
17586,DDL,cong-nghe-vat-lieu,A00,Điểm thi THPT,2025,21.35,Công nghệ vật liệu
17587,DDL,cong-nghe-vat-lieu,A01,Điểm thi THPT,2025,21.35,Công nghệ vật liệu
17588,DDL,cong-nghe-vat-lieu,A02,Điểm thi THPT,2025,21.35,Công nghệ vật liệu
17589,DDL,cong-nghe-vat-lieu,B00,Điểm thi THPT,2025,21.35,Công nghệ vật liệu
17590,DDL,cong-nghe-vat-lieu,D07,Điểm thi THPT,2025,21.35,Công nghệ vật liệu
17591,DDL,ke-toan,A00,Điểm thi THPT,2021,22.0,Kế toán (Gồm 2 chuyên ngành: Kế toán doanh nghiệp: Kế toán và kiểm soát)
17592,DDL,ke-toan,A01,Điểm thi THPT,2021,22.0,Kế toán (Gồm 2 chuyên ngành: Kế toán doanh nghiệp: Kế toán và kiểm soát)
17593,DDL,ke-toan,D01,Điểm thi THPT,2021,22.0,Kế toán (Gồm 2 chuyên ngành: Kế toán doanh nghiệp: Kế toán và kiểm soát)
17594,DDL,ke-toan,D07,Điểm thi THPT,2021,22.0,Kế toán (Gồm 2 chuyên ngành: Kế toán doanh nghiệp: Kế toán và kiểm soát)
17595,DDL,ke-toan,A00,Điểm học bạ,2022,24.0,Kế toán
17596,DDL,ke-toan,A01,Điểm học bạ,2022,24.0,Kế toán
17597,DDL,ke-toan,D01,Điểm học bạ,2022,24.0,Kế toán
17598,DDL,ke-toan,D07,Điểm học bạ,2022,24.0,Kế toán
17599,DDL,ke-toan,A00,Điểm thi THPT,2022,23.4,Kế toán
17600,DDL,ke-toan,A01,Điểm thi THPT,2022,23.4,Kế toán
17601,DDL,ke-toan,D01,Điểm thi THPT,2022,23.4,Kế toán
17602,DDL,ke-toan,D07,Điểm thi THPT,2022,23.4,Kế toán
17603,DDL,ke-toan,A00,Điểm học bạ,2023,24.5,Kế toán
17604,DDL,ke-toan,A01,Điểm học bạ,2023,24.5,Kế toán
17605,DDL,ke-toan,D01,Điểm học bạ,2023,24.5,Kế toán
17606,DDL,ke-toan,D07,Điểm học bạ,2023,24.5,Kế toán
17607,DDL,ke-toan,A00,Điểm thi THPT,2023,22.35,Kế toán
17608,DDL,ke-toan,A01,Điểm thi THPT,2023,22.35,Kế toán
17609,DDL,ke-toan,D01,Điểm thi THPT,2023,22.35,Kế toán
17610,DDL,ke-toan,D07,Điểm thi THPT,2023,22.35,Kế toán
17611,DDL,ke-toan,A00,Điểm học bạ,2024,24.5,Kế toán
17612,DDL,ke-toan,A01,Điểm học bạ,2024,24.5,Kế toán
17613,DDL,ke-toan,D01,Điểm học bạ,2024,24.5,Kế toán
17614,DDL,ke-toan,D07,Điểm học bạ,2024,24.5,Kế toán
17615,DDL,ke-toan,A00,Điểm thi THPT,2024,22.35,Kế toán
17616,DDL,ke-toan,A01,Điểm thi THPT,2024,22.35,Kế toán
17617,DDL,ke-toan,D01,Điểm thi THPT,2024,22.35,Kế toán
17618,DDL,ke-toan,D07,Điểm thi THPT,2024,22.35,Kế toán
17619,DDL,ke-toan,A00,Điểm học bạ,2025,23.0,Kế toán
17620,DDL,ke-toan,A01,Điểm học bạ,2025,23.0,Kế toán
17621,DDL,ke-toan,D01,Điểm học bạ,2025,23.0,Kế toán
17622,DDL,ke-toan,D07,Điểm học bạ,2025,23.0,Kế toán
17623,DDL,ke-toan,A00,Điểm thi THPT,2025,21.17,Kế toán
17624,DDL,ke-toan,A01,Điểm thi THPT,2025,21.17,Kế toán
17625,DDL,ke-toan,D01,Điểm thi THPT,2025,21.17,Kế toán
17626,DDL,ke-toan,D07,Điểm thi THPT,2025,21.17,Kế toán
17627,DDL,khoa-hoc-du-lieu,A00,Điểm học bạ,2025,18.0,Khoa học dữ liệu
17628,DDL,khoa-hoc-du-lieu,A01,Điểm học bạ,2025,18.0,Khoa học dữ liệu
17629,DDL,khoa-hoc-du-lieu,D01,Điểm học bạ,2025,18.0,Khoa học dữ liệu
17630,DDL,khoa-hoc-du-lieu,D07,Điểm học bạ,2025,18.0,Khoa học dữ liệu
17631,DDL,khoa-hoc-du-lieu,A00,Điểm thi THPT,2025,16.5,Khoa học dữ liệu
17632,DDL,khoa-hoc-du-lieu,A01,Điểm thi THPT,2025,16.5,Khoa học dữ liệu
17633,DDL,khoa-hoc-du-lieu,D01,Điểm thi THPT,2025,16.5,Khoa học dữ liệu
17634,DDL,khoa-hoc-du-lieu,D07,Điểm thi THPT,2025,16.5,Khoa học dữ liệu
17635,DDL,kiem-toan,A00,Điểm thi THPT,2021,19.5,Kiểm toán
17636,DDL,kiem-toan,A01,Điểm thi THPT,2021,19.5,Kiểm toán
17637,DDL,kiem-toan,D01,Điểm thi THPT,2021,19.5,Kiểm toán
17638,DDL,kiem-toan,D07,Điểm thi THPT,2021,19.5,Kiểm toán
17639,DDL,kiem-toan,A00,Điểm học bạ,2022,23.0,Kiểm toán
17640,DDL,kiem-toan,A01,Điểm học bạ,2022,23.0,Kiểm toán
17641,DDL,kiem-toan,D01,Điểm học bạ,2022,23.0,Kiểm toán
17642,DDL,kiem-toan,D07,Điểm học bạ,2022,23.0,Kiểm toán
17643,DDL,kiem-toan,A00,Điểm thi THPT,2022,23.0,Kiểm toán
17644,DDL,kiem-toan,A01,Điểm thi THPT,2022,23.0,Kiểm toán
17645,DDL,kiem-toan,D01,Điểm thi THPT,2022,23.0,Kiểm toán
17646,DDL,kiem-toan,D07,Điểm thi THPT,2022,23.0,Kiểm toán
17647,DDL,kiem-toan,A00,Điểm học bạ,2023,24.5,Kiểm toán
17648,DDL,kiem-toan,A01,Điểm học bạ,2023,24.5,Kiểm toán
17649,DDL,kiem-toan,D01,Điểm học bạ,2023,24.5,Kiểm toán
17650,DDL,kiem-toan,D07,Điểm học bạ,2023,24.5,Kiểm toán
17651,DDL,kiem-toan,A00,Điểm thi THPT,2023,22.5,Kiểm toán
17652,DDL,kiem-toan,A01,Điểm thi THPT,2023,22.5,Kiểm toán
17653,DDL,kiem-toan,D01,Điểm thi THPT,2023,22.5,Kiểm toán
17654,DDL,kiem-toan,D07,Điểm thi THPT,2023,22.5,Kiểm toán
17655,DDL,kiem-toan,A00,Điểm học bạ,2024,24.75,Kiểm toán
17656,DDL,kiem-toan,A01,Điểm học bạ,2024,24.75,Kiểm toán
17657,DDL,kiem-toan,D01,Điểm học bạ,2024,24.75,Kiểm toán
17658,DDL,kiem-toan,D07,Điểm học bạ,2024,24.75,Kiểm toán
17659,DDL,kiem-toan,A00,Điểm thi THPT,2024,21.5,Kiểm toán
17660,DDL,kiem-toan,A01,Điểm thi THPT,2024,21.5,Kiểm toán
17661,DDL,kiem-toan,D01,Điểm thi THPT,2024,21.5,Kiểm toán
17662,DDL,kiem-toan,D07,Điểm thi THPT,2024,21.5,Kiểm toán
17663,DDL,kiem-toan,A00,Điểm học bạ,2025,22.3,Kiểm toán
17664,DDL,kiem-toan,A01,Điểm học bạ,2025,22.3,Kiểm toán
17665,DDL,kiem-toan,D01,Điểm học bạ,2025,22.3,Kiểm toán
17666,DDL,kiem-toan,D07,Điểm học bạ,2025,22.3,Kiểm toán
17667,DDL,kiem-toan,A00,Điểm thi THPT,2025,20.23,Kiểm toán
17668,DDL,kiem-toan,A01,Điểm thi THPT,2025,20.23,Kiểm toán
17669,DDL,kiem-toan,D01,Điểm thi THPT,2025,20.23,Kiểm toán
17670,DDL,kiem-toan,D07,Điểm thi THPT,2025,20.23,Kiểm toán
17671,DDL,ky-thuat-may-tinh,A00,Điểm học bạ,2025,22.75,Kỹ thuật máy tính
17672,DDL,ky-thuat-may-tinh,A01,Điểm học bạ,2025,22.75,Kỹ thuật máy tính
17673,DDL,ky-thuat-may-tinh,D01,Điểm học bạ,2025,22.75,Kỹ thuật máy tính
17674,DDL,ky-thuat-may-tinh,D07,Điểm học bạ,2025,22.75,Kỹ thuật máy tính
17675,DDL,ky-thuat-may-tinh,A00,Điểm thi THPT,2025,20.83,Kỹ thuật máy tính
17676,DDL,ky-thuat-may-tinh,A01,Điểm thi THPT,2025,20.83,Kỹ thuật máy tính
17677,DDL,ky-thuat-may-tinh,D01,Điểm thi THPT,2025,20.83,Kỹ thuật máy tính
17678,DDL,ky-thuat-may-tinh,D07,Điểm thi THPT,2025,20.83,Kỹ thuật máy tính
17679,DDL,ky-thuat-nhiet,A00,Điểm thi THPT,2021,16.5,Kỹ thuật nhiệt (Gồm 3 chuyên ngành: Nhiệt điện; Điện lạnh; Nhiệt công nghiệp)
17680,DDL,ky-thuat-nhiet,A01,Điểm thi THPT,2021,16.5,Kỹ thuật nhiệt (Gồm 3 chuyên ngành: Nhiệt điện; Điện lạnh; Nhiệt công nghiệp)
17681,DDL,ky-thuat-nhiet,D01,Điểm thi THPT,2021,16.5,Kỹ thuật nhiệt (Gồm 3 chuyên ngành: Nhiệt điện; Điện lạnh; Nhiệt công nghiệp)
17682,DDL,ky-thuat-nhiet,D07,Điểm thi THPT,2021,16.5,Kỹ thuật nhiệt (Gồm 3 chuyên ngành: Nhiệt điện; Điện lạnh; Nhiệt công nghiệp)
17683,DDL,ky-thuat-nhiet,A00,Điểm học bạ,2022,18.0,Kỹ thuật nhiệt
17684,DDL,ky-thuat-nhiet,A01,Điểm học bạ,2022,18.0,Kỹ thuật nhiệt
17685,DDL,ky-thuat-nhiet,D01,Điểm học bạ,2022,18.0,Kỹ thuật nhiệt
17686,DDL,ky-thuat-nhiet,D07,Điểm học bạ,2022,18.0,Kỹ thuật nhiệt
17687,DDL,ky-thuat-nhiet,A00,Điểm thi THPT,2022,18.5,Kỹ thuật nhiệt
17688,DDL,ky-thuat-nhiet,A01,Điểm thi THPT,2022,18.5,Kỹ thuật nhiệt
17689,DDL,ky-thuat-nhiet,D01,Điểm thi THPT,2022,18.5,Kỹ thuật nhiệt
17690,DDL,ky-thuat-nhiet,D07,Điểm thi THPT,2022,18.5,Kỹ thuật nhiệt
17691,DDL,ky-thuat-nhiet,A00,Điểm học bạ,2023,19.0,Kỹ thuật nhiệt
17692,DDL,ky-thuat-nhiet,A01,Điểm học bạ,2023,19.0,Kỹ thuật nhiệt
17693,DDL,ky-thuat-nhiet,D01,Điểm học bạ,2023,19.0,Kỹ thuật nhiệt
17694,DDL,ky-thuat-nhiet,D07,Điểm học bạ,2023,19.0,Kỹ thuật nhiệt
17695,DDL,ky-thuat-nhiet,A00,Điểm thi THPT,2023,21.3,Kỹ thuật nhiệt
17696,DDL,ky-thuat-nhiet,A01,Điểm thi THPT,2023,21.3,Kỹ thuật nhiệt
17697,DDL,ky-thuat-nhiet,D01,Điểm thi THPT,2023,21.3,Kỹ thuật nhiệt
17698,DDL,ky-thuat-nhiet,D07,Điểm thi THPT,2023,21.3,Kỹ thuật nhiệt
17699,DDL,ky-thuat-nhiet,A00,Điểm học bạ,2024,19.0,Kỹ thuật nhiệt
17700,DDL,ky-thuat-nhiet,A01,Điểm học bạ,2024,19.0,Kỹ thuật nhiệt
17701,DDL,ky-thuat-nhiet,D01,Điểm học bạ,2024,19.0,Kỹ thuật nhiệt
17702,DDL,ky-thuat-nhiet,D07,Điểm học bạ,2024,19.0,Kỹ thuật nhiệt
17703,DDL,ky-thuat-nhiet,A00,Điểm thi THPT,2024,21.9,Kỹ thuật nhiệt
17704,DDL,ky-thuat-nhiet,A01,Điểm thi THPT,2024,21.9,Kỹ thuật nhiệt
17705,DDL,ky-thuat-nhiet,D01,Điểm thi THPT,2024,21.9,Kỹ thuật nhiệt
17706,DDL,ky-thuat-nhiet,D07,Điểm thi THPT,2024,21.9,Kỹ thuật nhiệt
17707,DDL,ky-thuat-nhiet,A00,Điểm học bạ,2025,22.1,Kỹ thuật nhiệt
17708,DDL,ky-thuat-nhiet,A01,Điểm học bạ,2025,22.1,Kỹ thuật nhiệt
17709,DDL,ky-thuat-nhiet,D01,Điểm học bạ,2025,22.1,Kỹ thuật nhiệt
17710,DDL,ky-thuat-nhiet,D07,Điểm học bạ,2025,22.1,Kỹ thuật nhiệt
17711,DDL,ky-thuat-nhiet,A00,Điểm thi THPT,2025,19.97,Kỹ thuật nhiệt
17712,DDL,ky-thuat-nhiet,A01,Điểm thi THPT,2025,19.97,Kỹ thuật nhiệt
17713,DDL,ky-thuat-nhiet,D01,Điểm thi THPT,2025,19.97,Kỹ thuật nhiệt
17714,DDL,ky-thuat-nhiet,D07,Điểm thi THPT,2025,19.97,Kỹ thuật nhiệt
17715,DDL,ky-thuat-robot,A00,Điểm học bạ,2025,20.5,Kỹ thuật Robot
17716,DDL,ky-thuat-robot,A01,Điểm học bạ,2025,20.5,Kỹ thuật Robot
17717,DDL,ky-thuat-robot,D01,Điểm học bạ,2025,20.5,Kỹ thuật Robot
17718,DDL,ky-thuat-robot,D07,Điểm học bạ,2025,20.5,Kỹ thuật Robot
17719,DDL,ky-thuat-robot,A00,Điểm thi THPT,2025,18.17,Kỹ thuật Robot
17720,DDL,ky-thuat-robot,A01,Điểm thi THPT,2025,18.17,Kỹ thuật Robot
17721,DDL,ky-thuat-robot,D01,Điểm thi THPT,2025,18.17,Kỹ thuật Robot
17722,DDL,ky-thuat-robot,D07,Điểm thi THPT,2025,18.17,Kỹ thuật Robot
17723,DDL,logistics-va-quan-ly-chuoi-cung-ung,A00,Điểm thi THPT,2021,23.5,Logistics và Quản lý chuỗi cung ứng
17724,DDL,logistics-va-quan-ly-chuoi-cung-ung,A01,Điểm thi THPT,2021,23.5,Logistics và Quản lý chuỗi cung ứng
17725,DDL,logistics-va-quan-ly-chuoi-cung-ung,D01,Điểm thi THPT,2021,23.5,Logistics và Quản lý chuỗi cung ứng
17726,DDL,logistics-va-quan-ly-chuoi-cung-ung,D07,Điểm thi THPT,2021,23.5,Logistics và Quản lý chuỗi cung ứng
17727,DDL,logistics-va-quan-ly-chuoi-cung-ung,A00,Điểm học bạ,2022,25.5,Logistics và quản lý chuỗi cung ứng
17728,DDL,logistics-va-quan-ly-chuoi-cung-ung,A01,Điểm học bạ,2022,25.5,Logistics và quản lý chuỗi cung ứng
17729,DDL,logistics-va-quan-ly-chuoi-cung-ung,D01,Điểm học bạ,2022,25.5,Logistics và quản lý chuỗi cung ứng
17730,DDL,logistics-va-quan-ly-chuoi-cung-ung,D07,Điểm học bạ,2022,25.5,Logistics và quản lý chuỗi cung ứng
17731,DDL,logistics-va-quan-ly-chuoi-cung-ung,A00,Điểm thi THPT,2022,24.25,Logistics và quản lý chuỗi cung ứng
17732,DDL,logistics-va-quan-ly-chuoi-cung-ung,A01,Điểm thi THPT,2022,24.25,Logistics và quản lý chuỗi cung ứng
17733,DDL,logistics-va-quan-ly-chuoi-cung-ung,D01,Điểm thi THPT,2022,24.25,Logistics và quản lý chuỗi cung ứng
17734,DDL,logistics-va-quan-ly-chuoi-cung-ung,D07,Điểm thi THPT,2022,24.25,Logistics và quản lý chuỗi cung ứng
17735,DDL,logistics-va-quan-ly-chuoi-cung-ung,A00,Điểm học bạ,2023,25.5,Logistics và quản lý chuỗi cung ứng
17736,DDL,logistics-va-quan-ly-chuoi-cung-ung,A01,Điểm học bạ,2023,25.5,Logistics và quản lý chuỗi cung ứng
17737,DDL,logistics-va-quan-ly-chuoi-cung-ung,D01,Điểm học bạ,2023,25.5,Logistics và quản lý chuỗi cung ứng
17738,DDL,logistics-va-quan-ly-chuoi-cung-ung,D07,Điểm học bạ,2023,25.5,Logistics và quản lý chuỗi cung ứng
17739,DDL,logistics-va-quan-ly-chuoi-cung-ung,A00,Điểm thi THPT,2023,23.25,Logistics và quản lý chuỗi cung ứng
17740,DDL,logistics-va-quan-ly-chuoi-cung-ung,A01,Điểm thi THPT,2023,23.25,Logistics và quản lý chuỗi cung ứng
17741,DDL,logistics-va-quan-ly-chuoi-cung-ung,D01,Điểm thi THPT,2023,23.25,Logistics và quản lý chuỗi cung ứng
17742,DDL,logistics-va-quan-ly-chuoi-cung-ung,D07,Điểm thi THPT,2023,23.25,Logistics và quản lý chuỗi cung ứng
17743,DDL,logistics-va-quan-ly-chuoi-cung-ung,A00,Điểm học bạ,2024,25.5,Logistics và quản lý chuỗi cung ứng
17744,DDL,logistics-va-quan-ly-chuoi-cung-ung,A01,Điểm học bạ,2024,25.5,Logistics và quản lý chuỗi cung ứng
17745,DDL,logistics-va-quan-ly-chuoi-cung-ung,D01,Điểm học bạ,2024,25.5,Logistics và quản lý chuỗi cung ứng
17746,DDL,logistics-va-quan-ly-chuoi-cung-ung,D07,Điểm học bạ,2024,25.5,Logistics và quản lý chuỗi cung ứng
17747,DDL,logistics-va-quan-ly-chuoi-cung-ung,A00,Điểm thi THPT,2024,23.7,Logistics và Quản lý chuỗi cung ứng
17748,DDL,logistics-va-quan-ly-chuoi-cung-ung,A01,Điểm thi THPT,2024,23.7,Logistics và Quản lý chuỗi cung ứng
17749,DDL,logistics-va-quan-ly-chuoi-cung-ung,D01,Điểm thi THPT,2024,23.7,Logistics và Quản lý chuỗi cung ứng
17750,DDL,logistics-va-quan-ly-chuoi-cung-ung,D07,Điểm thi THPT,2024,23.7,Logistics và Quản lý chuỗi cung ứng
17751,DDL,logistics-va-quan-ly-chuoi-cung-ung,A00,Điểm học bạ,2025,24.5,Logistics và Quản lý chuỗi cung ứng
17752,DDL,logistics-va-quan-ly-chuoi-cung-ung,A01,Điểm học bạ,2025,24.5,Logistics và Quản lý chuỗi cung ứng
17753,DDL,logistics-va-quan-ly-chuoi-cung-ung,D01,Điểm học bạ,2025,24.5,Logistics và Quản lý chuỗi cung ứng
17754,DDL,logistics-va-quan-ly-chuoi-cung-ung,D07,Điểm học bạ,2025,24.5,Logistics và Quản lý chuỗi cung ứng
17755,DDL,logistics-va-quan-ly-chuoi-cung-ung,A00,Điểm thi THPT,2025,22.92,Logistics và Quản lý chuỗi cung ứng
17756,DDL,logistics-va-quan-ly-chuoi-cung-ung,A01,Điểm thi THPT,2025,22.92,Logistics và Quản lý chuỗi cung ứng
17757,DDL,logistics-va-quan-ly-chuoi-cung-ung,D01,Điểm thi THPT,2025,22.92,Logistics và Quản lý chuỗi cung ứng
17758,DDL,logistics-va-quan-ly-chuoi-cung-ung,D07,Điểm thi THPT,2025,22.92,Logistics và Quản lý chuỗi cung ứng
17759,DDL,luat-kinh-te,D01,Điểm học bạ,2025,23.0,Luật kinh tế
17760,DDL,luat-kinh-te,D09,Điểm học bạ,2025,23.0,Luật kinh tế
17761,DDL,luat-kinh-te,D10,Điểm học bạ,2025,23.0,Luật kinh tế
17762,DDL,luat-kinh-te,D14,Điểm học bạ,2025,23.0,Luật kinh tế
17763,DDL,luat-kinh-te,D66,Điểm học bạ,2025,23.0,Luật kinh tế
17764,DDL,luat-kinh-te,D84,Điểm học bạ,2025,23.0,Luật kinh tế
17765,DDL,luat-kinh-te,X25,Điểm học bạ,2025,23.0,Luật kinh tế
17766,DDL,luat-kinh-te,X78,Điểm học bạ,2025,23.0,Luật kinh tế
17767,DDL,luat-kinh-te,D01,Điểm thi THPT,2025,21.17,Luật kinh tế
17768,DDL,luat-kinh-te,D09,Điểm thi THPT,2025,21.17,Luật kinh tế
17769,DDL,luat-kinh-te,D10,Điểm thi THPT,2025,21.17,Luật kinh tế
17770,DDL,luat-kinh-te,D14,Điểm thi THPT,2025,21.17,Luật kinh tế
17771,DDL,luat-kinh-te,D66,Điểm thi THPT,2025,21.17,Luật kinh tế
17772,DDL,luat-kinh-te,D84,Điểm thi THPT,2025,21.17,Luật kinh tế
17773,DDL,luat-kinh-te,X25,Điểm thi THPT,2025,21.17,Luật kinh tế
17774,DDL,luat-kinh-te,X78,Điểm thi THPT,2025,21.17,Luật kinh tế
17775,DDL,marketing,A00,Điểm học bạ,2025,24.5,Marketing
17776,DDL,marketing,A01,Điểm học bạ,2025,24.5,Marketing
17777,DDL,marketing,D01,Điểm học bạ,2025,24.5,Marketing
17778,DDL,marketing,D07,Điểm học bạ,2025,24.5,Marketing
17779,DDL,marketing,A00,Điểm thi THPT,2025,22.92,Marketing
17780,DDL,marketing,A01,Điểm thi THPT,2025,22.92,Marketing
17781,DDL,marketing,D01,Điểm thi THPT,2025,22.92,Marketing
17782,DDL,marketing,D07,Điểm thi THPT,2025,22.92,Marketing
17783,DDL,ngon-ngu-anh,D01,Điểm học bạ,2025,24.2,Ngôn ngữ Anh
17784,DDL,ngon-ngu-anh,D09,Điểm học bạ,2025,24.2,Ngôn ngữ Anh
17785,DDL,ngon-ngu-anh,D10,Điểm học bạ,2025,24.2,Ngôn ngữ Anh
17786,DDL,ngon-ngu-anh,D14,Điểm học bạ,2025,24.2,Ngôn ngữ Anh
17787,DDL,ngon-ngu-anh,D66,Điểm học bạ,2025,24.2,Ngôn ngữ Anh
17788,DDL,ngon-ngu-anh,D84,Điểm học bạ,2025,24.2,Ngôn ngữ Anh
17789,DDL,ngon-ngu-anh,X25,Điểm học bạ,2025,24.2,Ngôn ngữ Anh
17790,DDL,ngon-ngu-anh,X78,Điểm học bạ,2025,24.2,Ngôn ngữ Anh
17791,DDL,ngon-ngu-anh,D01,Điểm thi THPT,2025,22.67,Ngôn ngữ Anh
17792,DDL,ngon-ngu-anh,D09,Điểm thi THPT,2025,22.67,Ngôn ngữ Anh
17793,DDL,ngon-ngu-anh,D10,Điểm thi THPT,2025,22.67,Ngôn ngữ Anh
17794,DDL,ngon-ngu-anh,D14,Điểm thi THPT,2025,22.67,Ngôn ngữ Anh
17795,DDL,ngon-ngu-anh,D66,Điểm thi THPT,2025,22.67,Ngôn ngữ Anh
17796,DDL,ngon-ngu-anh,D84,Điểm thi THPT,2025,22.67,Ngôn ngữ Anh
17797,DDL,ngon-ngu-anh,X25,Điểm thi THPT,2025,22.67,Ngôn ngữ Anh
17798,DDL,ngon-ngu-anh,X78,Điểm thi THPT,2025,22.67,Ngôn ngữ Anh
17799,DDL,quan-ly-cong-nghiep,A00,Điểm thi THPT,2021,17.0,Quản lý công nghiệp (Gồm chuyên ngành: Quản lý sản xuất và tác nghiệp; Quản lý bảo dưỡng công nghiệp; Quản lý dự trữ và kho hàng)
17800,DDL,quan-ly-cong-nghiep,A01,Điểm thi THPT,2021,17.0,Quản lý công nghiệp (Gồm chuyên ngành: Quản lý sản xuất và tác nghiệp; Quản lý bảo dưỡng công nghiệp; Quản lý dự trữ và kho hàng)
17801,DDL,quan-ly-cong-nghiep,D01,Điểm thi THPT,2021,17.0,Quản lý công nghiệp (Gồm chuyên ngành: Quản lý sản xuất và tác nghiệp; Quản lý bảo dưỡng công nghiệp; Quản lý dự trữ và kho hàng)
17802,DDL,quan-ly-cong-nghiep,D07,Điểm thi THPT,2021,17.0,Quản lý công nghiệp (Gồm chuyên ngành: Quản lý sản xuất và tác nghiệp; Quản lý bảo dưỡng công nghiệp; Quản lý dự trữ và kho hàng)
17803,DDL,quan-ly-cong-nghiep,A00,Điểm học bạ,2022,19.0,Quản lý công nghiệp
17804,DDL,quan-ly-cong-nghiep,A01,Điểm học bạ,2022,19.0,Quản lý công nghiệp
17805,DDL,quan-ly-cong-nghiep,D01,Điểm học bạ,2022,19.0,Quản lý công nghiệp
17806,DDL,quan-ly-cong-nghiep,D07,Điểm học bạ,2022,19.0,Quản lý công nghiệp
17807,DDL,quan-ly-cong-nghiep,A00,Điểm thi THPT,2022,20.5,Quản lý công nghiệp
17808,DDL,quan-ly-cong-nghiep,A01,Điểm thi THPT,2022,20.5,Quản lý công nghiệp
17809,DDL,quan-ly-cong-nghiep,D01,Điểm thi THPT,2022,20.5,Quản lý công nghiệp
17810,DDL,quan-ly-cong-nghiep,D07,Điểm thi THPT,2022,20.5,Quản lý công nghiệp
17811,DDL,quan-ly-cong-nghiep,A00,Điểm học bạ,2023,19.5,Quản lý công nghiệp
17812,DDL,quan-ly-cong-nghiep,A01,Điểm học bạ,2023,19.5,Quản lý công nghiệp
17813,DDL,quan-ly-cong-nghiep,D01,Điểm học bạ,2023,19.5,Quản lý công nghiệp
17814,DDL,quan-ly-cong-nghiep,D07,Điểm học bạ,2023,19.5,Quản lý công nghiệp
17815,DDL,quan-ly-cong-nghiep,A00,Điểm thi THPT,2023,23.5,Quản lý công nghiệp
17816,DDL,quan-ly-cong-nghiep,A01,Điểm thi THPT,2023,23.5,Quản lý công nghiệp
17817,DDL,quan-ly-cong-nghiep,D01,Điểm thi THPT,2023,23.5,Quản lý công nghiệp
17818,DDL,quan-ly-cong-nghiep,D07,Điểm thi THPT,2023,23.5,Quản lý công nghiệp
17819,DDL,quan-ly-cong-nghiep,A00,Điểm học bạ,2024,20.5,Quản lý công nghiệp
17820,DDL,quan-ly-cong-nghiep,A01,Điểm học bạ,2024,20.5,Quản lý công nghiệp
17821,DDL,quan-ly-cong-nghiep,D01,Điểm học bạ,2024,20.5,Quản lý công nghiệp
17822,DDL,quan-ly-cong-nghiep,D07,Điểm học bạ,2024,20.5,Quản lý công nghiệp
17823,DDL,quan-ly-cong-nghiep,A00,Điểm thi THPT,2024,22.7,Quản lý công nghiệp
17824,DDL,quan-ly-cong-nghiep,A01,Điểm thi THPT,2024,22.7,Quản lý công nghiệp
17825,DDL,quan-ly-cong-nghiep,D01,Điểm thi THPT,2024,22.7,Quản lý công nghiệp
17826,DDL,quan-ly-cong-nghiep,D07,Điểm thi THPT,2024,22.7,Quản lý công nghiệp
17827,DDL,quan-ly-cong-nghiep,A00,Điểm học bạ,2025,21.5,Quản lý công nghiệp
17828,DDL,quan-ly-cong-nghiep,A01,Điểm học bạ,2025,21.5,Quản lý công nghiệp
17829,DDL,quan-ly-cong-nghiep,D01,Điểm học bạ,2025,21.5,Quản lý công nghiệp
17830,DDL,quan-ly-cong-nghiep,D07,Điểm học bạ,2025,21.5,Quản lý công nghiệp
17831,DDL,quan-ly-cong-nghiep,A00,Điểm thi THPT,2025,19.17,Quản lý công nghiệp
17832,DDL,quan-ly-cong-nghiep,A01,Điểm thi THPT,2025,19.17,Quản lý công nghiệp
17833,DDL,quan-ly-cong-nghiep,D01,Điểm thi THPT,2025,19.17,Quản lý công nghiệp
17834,DDL,quan-ly-cong-nghiep,D07,Điểm thi THPT,2025,19.17,Quản lý công nghiệp
17835,DDL,quan-ly-nang-luong,A00,Điểm thi THPT,2021,17.0,"Quản lý năng lượng (Gồm 3 chuyên ngành: Kiểm toán năng lượng, Thị trường điện; Quản lý năng lượng tòa nhà)"
17836,DDL,quan-ly-nang-luong,A01,Điểm thi THPT,2021,17.0,"Quản lý năng lượng (Gồm 3 chuyên ngành: Kiểm toán năng lượng, Thị trường điện; Quản lý năng lượng tòa nhà)"
17837,DDL,quan-ly-nang-luong,D01,Điểm thi THPT,2021,17.0,"Quản lý năng lượng (Gồm 3 chuyên ngành: Kiểm toán năng lượng, Thị trường điện; Quản lý năng lượng tòa nhà)"
17838,DDL,quan-ly-nang-luong,D07,Điểm thi THPT,2021,17.0,"Quản lý năng lượng (Gồm 3 chuyên ngành: Kiểm toán năng lượng, Thị trường điện; Quản lý năng lượng tòa nhà)"
17839,DDL,quan-ly-nang-luong,A00,Điểm học bạ,2022,18.0,Quản lý năng lượng
17840,DDL,quan-ly-nang-luong,A01,Điểm học bạ,2022,18.0,Quản lý năng lượng
17841,DDL,quan-ly-nang-luong,D01,Điểm học bạ,2022,18.0,Quản lý năng lượng
17842,DDL,quan-ly-nang-luong,D07,Điểm học bạ,2022,18.0,Quản lý năng lượng
17843,DDL,quan-ly-nang-luong,A00,Điểm thi THPT,2022,18.0,Quản lý năng lượng
17844,DDL,quan-ly-nang-luong,A01,Điểm thi THPT,2022,18.0,Quản lý năng lượng
17845,DDL,quan-ly-nang-luong,D01,Điểm thi THPT,2022,18.0,Quản lý năng lượng
17846,DDL,quan-ly-nang-luong,D07,Điểm thi THPT,2022,18.0,Quản lý năng lượng
17847,DDL,quan-ly-nang-luong,A00,Điểm học bạ,2023,18.5,Quản lý năng lượng
17848,DDL,quan-ly-nang-luong,A01,Điểm học bạ,2023,18.5,Quản lý năng lượng
17849,DDL,quan-ly-nang-luong,D01,Điểm học bạ,2023,18.5,Quản lý năng lượng
17850,DDL,quan-ly-nang-luong,D07,Điểm học bạ,2023,18.5,Quản lý năng lượng
17851,DDL,quan-ly-nang-luong,A00,Điểm thi THPT,2023,22.0,Quản lý năng lượng
17852,DDL,quan-ly-nang-luong,A01,Điểm thi THPT,2023,22.0,Quản lý năng lượng
17853,DDL,quan-ly-nang-luong,D01,Điểm thi THPT,2023,22.0,Quản lý năng lượng
17854,DDL,quan-ly-nang-luong,D07,Điểm thi THPT,2023,22.0,Quản lý năng lượng
17855,DDL,quan-ly-nang-luong,A00,Điểm học bạ,2024,19.0,Quản lý năng lượng
17856,DDL,quan-ly-nang-luong,A01,Điểm học bạ,2024,19.0,Quản lý năng lượng
17857,DDL,quan-ly-nang-luong,D01,Điểm học bạ,2024,19.0,Quản lý năng lượng
17858,DDL,quan-ly-nang-luong,D07,Điểm học bạ,2024,19.0,Quản lý năng lượng
17859,DDL,quan-ly-nang-luong,A00,Điểm thi THPT,2024,21.5,Quản lý năng lượng
17860,DDL,quan-ly-nang-luong,A01,Điểm thi THPT,2024,21.5,Quản lý năng lượng
17861,DDL,quan-ly-nang-luong,D01,Điểm thi THPT,2024,21.5,Quản lý năng lượng
17862,DDL,quan-ly-nang-luong,D07,Điểm thi THPT,2024,21.5,Quản lý năng lượng
17863,DDL,quan-ly-nang-luong,A00,Điểm học bạ,2025,20.5,Quản lý năng lượng
17864,DDL,quan-ly-nang-luong,A01,Điểm học bạ,2025,20.5,Quản lý năng lượng
17865,DDL,quan-ly-nang-luong,D01,Điểm học bạ,2025,20.5,Quản lý năng lượng
17866,DDL,quan-ly-nang-luong,D07,Điểm học bạ,2025,20.5,Quản lý năng lượng
17867,DDL,quan-ly-nang-luong,A00,Điểm thi THPT,2025,18.17,Quản lý năng lượng
17868,DDL,quan-ly-nang-luong,A01,Điểm thi THPT,2025,18.17,Quản lý năng lượng
17869,DDL,quan-ly-nang-luong,D01,Điểm thi THPT,2025,18.17,Quản lý năng lượng
17870,DDL,quan-ly-nang-luong,D07,Điểm thi THPT,2025,18.17,Quản lý năng lượng
17871,DDL,quan-tri-dich-vu-du-lich-va-lu-hanh,A00,Điểm thi THPT,2021,20.0,Quản trị dịch vụ du lịch và lữ hành
17872,DDL,quan-tri-dich-vu-du-lich-va-lu-hanh,A01,Điểm thi THPT,2021,20.0,Quản trị dịch vụ du lịch và lữ hành
17873,DDL,quan-tri-dich-vu-du-lich-va-lu-hanh,D01,Điểm thi THPT,2021,20.0,Quản trị dịch vụ du lịch và lữ hành
17874,DDL,quan-tri-dich-vu-du-lich-va-lu-hanh,D07,Điểm thi THPT,2021,20.0,Quản trị dịch vụ du lịch và lữ hành
17875,DDL,quan-tri-dich-vu-du-lich-va-lu-hanh,A00,Điểm học bạ,2022,22.0,Quản trị dịch vụ du lịch và lữ hành
17876,DDL,quan-tri-dich-vu-du-lich-va-lu-hanh,A01,Điểm học bạ,2022,22.0,Quản trị dịch vụ du lịch và lữ hành
17877,DDL,quan-tri-dich-vu-du-lich-va-lu-hanh,D01,Điểm học bạ,2022,22.0,Quản trị dịch vụ du lịch và lữ hành
17878,DDL,quan-tri-dich-vu-du-lich-va-lu-hanh,D07,Điểm học bạ,2022,22.0,Quản trị dịch vụ du lịch và lữ hành
17879,DDL,quan-tri-dich-vu-du-lich-va-lu-hanh,A00,Điểm thi THPT,2022,23.75,Quản trị dịch vụ du lịch và lữ hành
17880,DDL,quan-tri-dich-vu-du-lich-va-lu-hanh,A01,Điểm thi THPT,2022,23.75,Quản trị dịch vụ du lịch và lữ hành
17881,DDL,quan-tri-dich-vu-du-lich-va-lu-hanh,D01,Điểm thi THPT,2022,23.75,Quản trị dịch vụ du lịch và lữ hành
17882,DDL,quan-tri-dich-vu-du-lich-va-lu-hanh,D07,Điểm thi THPT,2022,23.75,Quản trị dịch vụ du lịch và lữ hành
17883,DDL,quan-tri-dich-vu-du-lich-va-lu-hanh,A00,Điểm học bạ,2023,23.5,Quản trị dịch vụ du lịch và lữ hành
17884,DDL,quan-tri-dich-vu-du-lich-va-lu-hanh,A01,Điểm học bạ,2023,23.5,Quản trị dịch vụ du lịch và lữ hành
17885,DDL,quan-tri-dich-vu-du-lich-va-lu-hanh,D01,Điểm học bạ,2023,23.5,Quản trị dịch vụ du lịch và lữ hành
17886,DDL,quan-tri-dich-vu-du-lich-va-lu-hanh,D07,Điểm học bạ,2023,23.5,Quản trị dịch vụ du lịch và lữ hành
17887,DDL,quan-tri-dich-vu-du-lich-va-lu-hanh,A00,Điểm thi THPT,2023,21.5,Quản trị dịch vụ du lịch và lữ hành
17888,DDL,quan-tri-dich-vu-du-lich-va-lu-hanh,A01,Điểm thi THPT,2023,21.5,Quản trị dịch vụ du lịch và lữ hành
17889,DDL,quan-tri-dich-vu-du-lich-va-lu-hanh,D01,Điểm thi THPT,2023,21.5,Quản trị dịch vụ du lịch và lữ hành
17890,DDL,quan-tri-dich-vu-du-lich-va-lu-hanh,D07,Điểm thi THPT,2023,21.5,Quản trị dịch vụ du lịch và lữ hành
17891,DDL,quan-tri-dich-vu-du-lich-va-lu-hanh,A00,Điểm học bạ,2024,23.5,Quản trị dịch vụ du lịch và lữ hành
17892,DDL,quan-tri-dich-vu-du-lich-va-lu-hanh,A01,Điểm học bạ,2024,23.5,Quản trị dịch vụ du lịch và lữ hành
17893,DDL,quan-tri-dich-vu-du-lich-va-lu-hanh,D01,Điểm học bạ,2024,23.5,Quản trị dịch vụ du lịch và lữ hành
17894,DDL,quan-tri-dich-vu-du-lich-va-lu-hanh,D07,Điểm học bạ,2024,23.5,Quản trị dịch vụ du lịch và lữ hành
17895,DDL,quan-tri-dich-vu-du-lich-va-lu-hanh,A00,Điểm thi THPT,2024,21.8,Quản trị dịch vụ du lịch và lữ hành
17896,DDL,quan-tri-dich-vu-du-lich-va-lu-hanh,A01,Điểm thi THPT,2024,21.8,Quản trị dịch vụ du lịch và lữ hành
17897,DDL,quan-tri-dich-vu-du-lich-va-lu-hanh,D01,Điểm thi THPT,2024,21.8,Quản trị dịch vụ du lịch và lữ hành
17898,DDL,quan-tri-dich-vu-du-lich-va-lu-hanh,D07,Điểm thi THPT,2024,21.8,Quản trị dịch vụ du lịch và lữ hành
17899,DDL,quan-tri-dich-vu-du-lich-va-lu-hanh,A00,Điểm học bạ,2025,22.0,Quản trị dịch vụ Du lịch và Lữ hành
17900,DDL,quan-tri-dich-vu-du-lich-va-lu-hanh,A01,Điểm học bạ,2025,22.0,Quản trị dịch vụ Du lịch và Lữ hành
17901,DDL,quan-tri-dich-vu-du-lich-va-lu-hanh,D01,Điểm học bạ,2025,22.0,Quản trị dịch vụ Du lịch và Lữ hành
17902,DDL,quan-tri-dich-vu-du-lich-va-lu-hanh,D07,Điểm học bạ,2025,22.0,Quản trị dịch vụ Du lịch và Lữ hành
17903,DDL,quan-tri-dich-vu-du-lich-va-lu-hanh,A00,Điểm thi THPT,2025,19.83,Quản trị dịch vụ Du lịch và Lữ hành
17904,DDL,quan-tri-dich-vu-du-lich-va-lu-hanh,A01,Điểm thi THPT,2025,19.83,Quản trị dịch vụ Du lịch và Lữ hành
17905,DDL,quan-tri-dich-vu-du-lich-va-lu-hanh,D01,Điểm thi THPT,2025,19.83,Quản trị dịch vụ Du lịch và Lữ hành
17906,DDL,quan-tri-dich-vu-du-lich-va-lu-hanh,D07,Điểm thi THPT,2025,19.83,Quản trị dịch vụ Du lịch và Lữ hành
17907,DDL,quan-tri-khach-san,A00,Điểm học bạ,2025,22.0,Quản trị khách sạn
17908,DDL,quan-tri-khach-san,A01,Điểm học bạ,2025,22.0,Quản trị khách sạn
17909,DDL,quan-tri-khach-san,D01,Điểm học bạ,2025,22.0,Quản trị khách sạn
17910,DDL,quan-tri-khach-san,D07,Điểm học bạ,2025,22.0,Quản trị khách sạn
17911,DDL,quan-tri-khach-san,A00,Điểm thi THPT,2025,19.83,Quản trị khách sạn
17912,DDL,quan-tri-khach-san,A01,Điểm thi THPT,2025,19.83,Quản trị khách sạn
17913,DDL,quan-tri-khach-san,D01,Điểm thi THPT,2025,19.83,Quản trị khách sạn
17914,DDL,quan-tri-khach-san,D07,Điểm thi THPT,2025,19.83,Quản trị khách sạn
17915,DDL,quan-tri-kinh-doanh,A00,Điểm thi THPT,2021,22.0,"Quản trị kinh doanh (Gồm 2 chuyên ngành: Quản trị doanh nghiệp; Quản trị du lịch, khách sạn)"
17916,DDL,quan-tri-kinh-doanh,A01,Điểm thi THPT,2021,22.0,"Quản trị kinh doanh (Gồm 2 chuyên ngành: Quản trị doanh nghiệp; Quản trị du lịch, khách sạn)"
17917,DDL,quan-tri-kinh-doanh,D01,Điểm thi THPT,2021,22.0,"Quản trị kinh doanh (Gồm 2 chuyên ngành: Quản trị doanh nghiệp; Quản trị du lịch, khách sạn)"
17918,DDL,quan-tri-kinh-doanh,D07,Điểm thi THPT,2021,22.0,"Quản trị kinh doanh (Gồm 2 chuyên ngành: Quản trị doanh nghiệp; Quản trị du lịch, khách sạn)"
17919,DDL,quan-tri-kinh-doanh,A00,Điểm học bạ,2022,25.0,Quản trị kinh doanh
17920,DDL,quan-tri-kinh-doanh,A01,Điểm học bạ,2022,25.0,Quản trị kinh doanh
17921,DDL,quan-tri-kinh-doanh,D01,Điểm học bạ,2022,25.0,Quản trị kinh doanh
17922,DDL,quan-tri-kinh-doanh,D07,Điểm học bạ,2022,25.0,Quản trị kinh doanh
17923,DDL,quan-tri-kinh-doanh,A00,Điểm thi THPT,2022,23.25,Quản trị kinh doanh
17924,DDL,quan-tri-kinh-doanh,A01,Điểm thi THPT,2022,23.25,Quản trị kinh doanh
17925,DDL,quan-tri-kinh-doanh,D01,Điểm thi THPT,2022,23.25,Quản trị kinh doanh
17926,DDL,quan-tri-kinh-doanh,D07,Điểm thi THPT,2022,23.25,Quản trị kinh doanh
17927,DDL,quan-tri-kinh-doanh,A00,Điểm học bạ,2023,24.5,Quản trị kinh doanh
17928,DDL,quan-tri-kinh-doanh,A01,Điểm học bạ,2023,24.5,Quản trị kinh doanh
17929,DDL,quan-tri-kinh-doanh,D01,Điểm học bạ,2023,24.5,Quản trị kinh doanh
17930,DDL,quan-tri-kinh-doanh,D07,Điểm học bạ,2023,24.5,Quản trị kinh doanh
17931,DDL,quan-tri-kinh-doanh,A00,Điểm thi THPT,2023,22.5,Quản trị kinh doanh
17932,DDL,quan-tri-kinh-doanh,A01,Điểm thi THPT,2023,22.5,Quản trị kinh doanh
17933,DDL,quan-tri-kinh-doanh,D01,Điểm thi THPT,2023,22.5,Quản trị kinh doanh
17934,DDL,quan-tri-kinh-doanh,D07,Điểm thi THPT,2023,22.5,Quản trị kinh doanh
17935,DDL,quan-tri-kinh-doanh,A00,Điểm học bạ,2024,24.5,Quản trị kinh doanh
17936,DDL,quan-tri-kinh-doanh,A01,Điểm học bạ,2024,24.5,Quản trị kinh doanh
17937,DDL,quan-tri-kinh-doanh,D01,Điểm học bạ,2024,24.5,Quản trị kinh doanh
17938,DDL,quan-tri-kinh-doanh,D07,Điểm học bạ,2024,24.5,Quản trị kinh doanh
17939,DDL,quan-tri-kinh-doanh,A00,Điểm thi THPT,2024,22.35,Quản trị kinh doanh
17940,DDL,quan-tri-kinh-doanh,A01,Điểm thi THPT,2024,22.35,Quản trị kinh doanh
17941,DDL,quan-tri-kinh-doanh,D01,Điểm thi THPT,2024,22.35,Quản trị kinh doanh
17942,DDL,quan-tri-kinh-doanh,D07,Điểm thi THPT,2024,22.35,Quản trị kinh doanh
17943,DDL,quan-tri-kinh-doanh,A00,Điểm học bạ,2025,23.25,Quản trị kinh doanh
17944,DDL,quan-tri-kinh-doanh,A01,Điểm học bạ,2025,23.25,Quản trị kinh doanh
17945,DDL,quan-tri-kinh-doanh,D01,Điểm học bạ,2025,23.25,Quản trị kinh doanh
17946,DDL,quan-tri-kinh-doanh,D07,Điểm học bạ,2025,23.25,Quản trị kinh doanh
17947,DDL,quan-tri-kinh-doanh,A00,Điểm thi THPT,2025,21.5,Quản trị kinh doanh
17948,DDL,quan-tri-kinh-doanh,A01,Điểm thi THPT,2025,21.5,Quản trị kinh doanh
17949,DDL,quan-tri-kinh-doanh,D01,Điểm thi THPT,2025,21.5,Quản trị kinh doanh
17950,DDL,quan-tri-kinh-doanh,D07,Điểm thi THPT,2025,21.5,Quản trị kinh doanh
17951,DDL,tai-chinh-ngan-hang,A00,Điểm thi THPT,2021,21.5,Tài chính - Ngân hàng (Gồm 2 chuyên ngành: Tài chính doanh nghiệp: Ngân hàng)
17952,DDL,tai-chinh-ngan-hang,A01,Điểm thi THPT,2021,21.5,Tài chính - Ngân hàng (Gồm 2 chuyên ngành: Tài chính doanh nghiệp: Ngân hàng)
17953,DDL,tai-chinh-ngan-hang,D01,Điểm thi THPT,2021,21.5,Tài chính - Ngân hàng (Gồm 2 chuyên ngành: Tài chính doanh nghiệp: Ngân hàng)
17954,DDL,tai-chinh-ngan-hang,D07,Điểm thi THPT,2021,21.5,Tài chính - Ngân hàng (Gồm 2 chuyên ngành: Tài chính doanh nghiệp: Ngân hàng)
17955,DDL,tai-chinh-ngan-hang,A00,Điểm học bạ,2022,24.0,Tài chính - Ngân hàng
17956,DDL,tai-chinh-ngan-hang,A01,Điểm học bạ,2022,24.0,Tài chính - Ngân hàng
17957,DDL,tai-chinh-ngan-hang,D01,Điểm học bạ,2022,24.0,Tài chính - Ngân hàng
17958,DDL,tai-chinh-ngan-hang,D07,Điểm học bạ,2022,24.0,Tài chính - Ngân hàng
17959,DDL,tai-chinh-ngan-hang,A00,Điểm thi THPT,2022,23.65,Tài chính - Ngân hàng
17960,DDL,tai-chinh-ngan-hang,A01,Điểm thi THPT,2022,23.65,Tài chính - Ngân hàng
17961,DDL,tai-chinh-ngan-hang,D01,Điểm thi THPT,2022,23.65,Tài chính - Ngân hàng
17962,DDL,tai-chinh-ngan-hang,D07,Điểm thi THPT,2022,23.65,Tài chính - Ngân hàng
17963,DDL,tai-chinh-ngan-hang,A00,Điểm học bạ,2023,25.0,Tài chính - Ngân hàng
17964,DDL,tai-chinh-ngan-hang,A01,Điểm học bạ,2023,25.0,Tài chính - Ngân hàng
17965,DDL,tai-chinh-ngan-hang,D01,Điểm học bạ,2023,25.0,Tài chính - Ngân hàng
17966,DDL,tai-chinh-ngan-hang,D07,Điểm học bạ,2023,25.0,Tài chính - Ngân hàng
17967,DDL,tai-chinh-ngan-hang,A00,Điểm thi THPT,2023,22.5,Tài chính - Ngân hàng
17968,DDL,tai-chinh-ngan-hang,A01,Điểm thi THPT,2023,22.5,Tài chính - Ngân hàng
17969,DDL,tai-chinh-ngan-hang,D01,Điểm thi THPT,2023,22.5,Tài chính - Ngân hàng
17970,DDL,tai-chinh-ngan-hang,D07,Điểm thi THPT,2023,22.5,Tài chính - Ngân hàng
17971,DDL,tai-chinh-ngan-hang,A00,Điểm học bạ,2024,24.75,Tài chính - Ngân hàng
17972,DDL,tai-chinh-ngan-hang,A01,Điểm học bạ,2024,24.75,Tài chính - Ngân hàng
17973,DDL,tai-chinh-ngan-hang,D01,Điểm học bạ,2024,24.75,Tài chính - Ngân hàng
17974,DDL,tai-chinh-ngan-hang,D07,Điểm học bạ,2024,24.75,Tài chính - Ngân hàng
17975,DDL,tai-chinh-ngan-hang,A00,Điểm thi THPT,2024,22.35,Tài chính - Ngân hàng
17976,DDL,tai-chinh-ngan-hang,A01,Điểm thi THPT,2024,22.35,Tài chính - Ngân hàng
17977,DDL,tai-chinh-ngan-hang,D01,Điểm thi THPT,2024,22.35,Tài chính - Ngân hàng
17978,DDL,tai-chinh-ngan-hang,D07,Điểm thi THPT,2024,22.35,Tài chính - Ngân hàng
17979,DDL,tai-chinh-ngan-hang,A00,Điểm học bạ,2025,23.5,Tài chính - Ngân hàng
17980,DDL,tai-chinh-ngan-hang,A01,Điểm học bạ,2025,23.5,Tài chính - Ngân hàng
17981,DDL,tai-chinh-ngan-hang,D01,Điểm học bạ,2025,23.5,Tài chính - Ngân hàng
17982,DDL,tai-chinh-ngan-hang,D07,Điểm học bạ,2025,23.5,Tài chính - Ngân hàng
17983,DDL,tai-chinh-ngan-hang,A00,Điểm thi THPT,2025,21.83,Tài chính - Ngân hàng
17984,DDL,tai-chinh-ngan-hang,A01,Điểm thi THPT,2025,21.83,Tài chính - Ngân hàng
17985,DDL,tai-chinh-ngan-hang,D01,Điểm thi THPT,2025,21.83,Tài chính - Ngân hàng
17986,DDL,tai-chinh-ngan-hang,D07,Điểm thi THPT,2025,21.83,Tài chính - Ngân hàng
17987,DDL,thuong-mai-dien-tu,A00,Điểm thi THPT,2021,23.5,Thương mại điện tử (Gồm chuyên ngành: Kinh doanh thương mại trực tuyến)
17988,DDL,thuong-mai-dien-tu,A01,Điểm thi THPT,2021,23.5,Thương mại điện tử (Gồm chuyên ngành: Kinh doanh thương mại trực tuyến)
17989,DDL,thuong-mai-dien-tu,D01,Điểm thi THPT,2021,23.5,Thương mại điện tử (Gồm chuyên ngành: Kinh doanh thương mại trực tuyến)
17990,DDL,thuong-mai-dien-tu,D07,Điểm thi THPT,2021,23.5,Thương mại điện tử (Gồm chuyên ngành: Kinh doanh thương mại trực tuyến)
17991,DDL,thuong-mai-dien-tu,A00,Điểm học bạ,2022,25.5,Thương mại điện tử
17992,DDL,thuong-mai-dien-tu,A01,Điểm học bạ,2022,25.5,Thương mại điện tử
17993,DDL,thuong-mai-dien-tu,D01,Điểm học bạ,2022,25.5,Thương mại điện tử
17994,DDL,thuong-mai-dien-tu,D07,Điểm học bạ,2022,25.5,Thương mại điện tử
17995,DDL,thuong-mai-dien-tu,A00,Điểm thi THPT,2022,24.65,Thương mại điện tử
17996,DDL,thuong-mai-dien-tu,A01,Điểm thi THPT,2022,24.65,Thương mại điện tử
17997,DDL,thuong-mai-dien-tu,D01,Điểm thi THPT,2022,24.65,Thương mại điện tử
17998,DDL,thuong-mai-dien-tu,D07,Điểm thi THPT,2022,24.65,Thương mại điện tử
17999,DDL,thuong-mai-dien-tu,A00,Điểm học bạ,2023,26.0,Thương mại điện tử
18000,DDL,thuong-mai-dien-tu,A01,Điểm học bạ,2023,26.0,Thương mại điện tử
18001,DDL,thuong-mai-dien-tu,D01,Điểm học bạ,2023,26.0,Thương mại điện tử
18002,DDL,thuong-mai-dien-tu,D07,Điểm học bạ,2023,26.0,Thương mại điện tử
18003,DDL,thuong-mai-dien-tu,A00,Điểm thi THPT,2023,24.0,Thương mại điện tử
18004,DDL,thuong-mai-dien-tu,A01,Điểm thi THPT,2023,24.0,Thương mại điện tử
18005,DDL,thuong-mai-dien-tu,D01,Điểm thi THPT,2023,24.0,Thương mại điện tử
18006,DDL,thuong-mai-dien-tu,D07,Điểm thi THPT,2023,24.0,Thương mại điện tử
18007,DDL,thuong-mai-dien-tu,A00,Điểm học bạ,2024,25.75,Thương mại điện tử
18008,DDL,thuong-mai-dien-tu,A01,Điểm học bạ,2024,25.75,Thương mại điện tử
18009,DDL,thuong-mai-dien-tu,D01,Điểm học bạ,2024,25.75,Thương mại điện tử
18010,DDL,thuong-mai-dien-tu,D07,Điểm học bạ,2024,25.75,Thương mại điện tử
18011,DDL,thuong-mai-dien-tu,A00,Điểm thi THPT,2024,24.0,Thương mại điện tử
18012,DDL,thuong-mai-dien-tu,A01,Điểm thi THPT,2024,24.0,Thương mại điện tử
18013,DDL,thuong-mai-dien-tu,D01,Điểm thi THPT,2024,24.0,Thương mại điện tử
18014,DDL,thuong-mai-dien-tu,D07,Điểm thi THPT,2024,24.0,Thương mại điện tử
18015,DDL,thuong-mai-dien-tu,A00,Điểm học bạ,2025,24.5,Thương mại Điện tử
18016,DDL,thuong-mai-dien-tu,A01,Điểm học bạ,2025,24.5,Thương mại Điện tử
18017,DDL,thuong-mai-dien-tu,D01,Điểm học bạ,2025,24.5,Thương mại Điện tử
18018,DDL,thuong-mai-dien-tu,D07,Điểm học bạ,2025,24.5,Thương mại Điện tử
18019,DDL,thuong-mai-dien-tu,A00,Điểm thi THPT,2025,22.92,Thương mại Điện tử
18020,DDL,thuong-mai-dien-tu,A01,Điểm thi THPT,2025,22.92,Thương mại Điện tử
18021,DDL,thuong-mai-dien-tu,D01,Điểm thi THPT,2025,22.92,Thương mại Điện tử
18022,DDL,thuong-mai-dien-tu,D07,Điểm thi THPT,2025,22.92,Thương mại Điện tử
18023,DDL,toan-tin,A00,Điểm học bạ,2025,18.0,Toán tin
18024,DDL,toan-tin,A01,Điểm học bạ,2025,18.0,Toán tin
18025,DDL,toan-tin,D01,Điểm học bạ,2025,18.0,Toán tin
18026,DDL,toan-tin,D07,Điểm học bạ,2025,18.0,Toán tin
18027,DDL,toan-tin,A00,Điểm thi THPT,2025,16.5,Toán tin
18028,DDL,toan-tin,A01,Điểm thi THPT,2025,16.5,Toán tin
18029,DDL,toan-tin,D01,Điểm thi THPT,2025,16.5,Toán tin
18030,DDL,toan-tin,D07,Điểm thi THPT,2025,16.5,Toán tin
18031,DDL,tri-tue-nhan-tao,A00,Điểm học bạ,2025,22.5,Trí tuệ nhân tạo
18032,DDL,tri-tue-nhan-tao,A01,Điểm học bạ,2025,22.5,Trí tuệ nhân tạo
18033,DDL,tri-tue-nhan-tao,D01,Điểm học bạ,2025,22.5,Trí tuệ nhân tạo
18034,DDL,tri-tue-nhan-tao,D07,Điểm học bạ,2025,22.5,Trí tuệ nhân tạo
18035,DDL,tri-tue-nhan-tao,A00,Điểm thi THPT,2025,20.5,Trí tuệ nhân tạo
18036,DDL,tri-tue-nhan-tao,A01,Điểm thi THPT,2025,20.5,Trí tuệ nhân tạo
18037,DDL,tri-tue-nhan-tao,D01,Điểm thi THPT,2025,20.5,Trí tuệ nhân tạo
18038,DDL,tri-tue-nhan-tao,D07,Điểm thi THPT,2025,20.5,Trí tuệ nhân tạo
18039,DDM,cong-nghe-ky-thuat-co-khi,A00,Điểm học bạ,2021,16.0,Công nghệ kỹ thuật cơ khí
18040,DDM,cong-nghe-ky-thuat-co-khi,A01,Điểm học bạ,2021,16.0,Công nghệ kỹ thuật cơ khí
18041,DDM,cong-nghe-ky-thuat-co-khi,D01,Điểm học bạ,2021,16.0,Công nghệ kỹ thuật cơ khí
18042,DDM,cong-nghe-ky-thuat-co-khi,D07,Điểm học bạ,2021,16.0,Công nghệ kỹ thuật cơ khí
18043,DDM,cong-nghe-ky-thuat-co-khi,A00,Điểm thi THPT,2021,15.0,Công nghệ kỹ thuật cơ khí
18044,DDM,cong-nghe-ky-thuat-co-khi,A01,Điểm thi THPT,2021,15.0,Công nghệ kỹ thuật cơ khí
18045,DDM,cong-nghe-ky-thuat-co-khi,D01,Điểm thi THPT,2021,15.0,Công nghệ kỹ thuật cơ khí
18046,DDM,cong-nghe-ky-thuat-co-khi,D07,Điểm thi THPT,2021,15.0,Công nghệ kỹ thuật cơ khí
18047,DDM,cong-nghe-ky-thuat-co-khi,A00,Điểm học bạ,2022,18.0,Công nghệ kỹ thuật cơ khí
18048,DDM,cong-nghe-ky-thuat-co-khi,A09,Điểm học bạ,2022,18.0,Công nghệ kỹ thuật cơ khí
18049,DDM,cong-nghe-ky-thuat-co-khi,C01,Điểm học bạ,2022,18.0,Công nghệ kỹ thuật cơ khí
18050,DDM,cong-nghe-ky-thuat-co-khi,D01,Điểm học bạ,2022,18.0,Công nghệ kỹ thuật cơ khí
18051,DDM,cong-nghe-ky-thuat-co-khi,A00,Điểm thi THPT,2022,15.0,Công nghệ kỹ thuật cơ khí
18052,DDM,cong-nghe-ky-thuat-co-khi,A09,Điểm thi THPT,2022,15.0,Công nghệ kỹ thuật cơ khí
18053,DDM,cong-nghe-ky-thuat-co-khi,C01,Điểm thi THPT,2022,15.0,Công nghệ kỹ thuật cơ khí
18054,DDM,cong-nghe-ky-thuat-co-khi,D01,Điểm thi THPT,2022,15.0,Công nghệ kỹ thuật cơ khí
18055,DDM,cong-nghe-ky-thuat-co-khi,A00,Điểm học bạ,2023,18.0,Công nghệ kỹ thuật cơ khí
18056,DDM,cong-nghe-ky-thuat-co-khi,A09,Điểm học bạ,2023,18.0,Công nghệ kỹ thuật cơ khí
18057,DDM,cong-nghe-ky-thuat-co-khi,C01,Điểm học bạ,2023,18.0,Công nghệ kỹ thuật cơ khí
18058,DDM,cong-nghe-ky-thuat-co-khi,D01,Điểm học bạ,2023,18.0,Công nghệ kỹ thuật cơ khí
18059,DDM,cong-nghe-ky-thuat-co-khi,A00,Điểm thi THPT,2023,15.0,Công nghệ kỹ thuật cơ khí
18060,DDM,cong-nghe-ky-thuat-co-khi,A09,Điểm thi THPT,2023,15.0,Công nghệ kỹ thuật cơ khí
18061,DDM,cong-nghe-ky-thuat-co-khi,C01,Điểm thi THPT,2023,15.0,Công nghệ kỹ thuật cơ khí
18062,DDM,cong-nghe-ky-thuat-co-khi,D01,Điểm thi THPT,2023,15.0,Công nghệ kỹ thuật cơ khí
18063,DDM,cong-nghe-ky-thuat-co-khi,A00,Điểm học bạ,2024,18.0,Công nghệ kỹ thuật cơ khí
18064,DDM,cong-nghe-ky-thuat-co-khi,A09,Điểm học bạ,2024,18.0,Công nghệ kỹ thuật cơ khí
18065,DDM,cong-nghe-ky-thuat-co-khi,C01,Điểm học bạ,2024,18.0,Công nghệ kỹ thuật cơ khí
18066,DDM,cong-nghe-ky-thuat-co-khi,D01,Điểm học bạ,2024,18.0,Công nghệ kỹ thuật cơ khí
18067,DDM,cong-nghe-ky-thuat-co-khi,A00,Điểm thi THPT,2024,15.0,Công nghệ kỹ thuật cơ khí
18068,DDM,cong-nghe-ky-thuat-co-khi,A09,Điểm thi THPT,2024,15.0,Công nghệ kỹ thuật cơ khí
18069,DDM,cong-nghe-ky-thuat-co-khi,C01,Điểm thi THPT,2024,15.0,Công nghệ kỹ thuật cơ khí
18070,DDM,cong-nghe-ky-thuat-co-khi,D01,Điểm thi THPT,2024,15.0,Công nghệ kỹ thuật cơ khí
18071,DDM,cong-nghe-ky-thuat-co-khi,A00,Điểm học bạ,2025,18.0,Công nghệ kỹ thuật Cơ khí
18072,DDM,cong-nghe-ky-thuat-co-khi,A01,Điểm học bạ,2025,18.0,Công nghệ kỹ thuật Cơ khí
18073,DDM,cong-nghe-ky-thuat-co-khi,D01,Điểm học bạ,2025,18.0,Công nghệ kỹ thuật Cơ khí
18074,DDM,cong-nghe-ky-thuat-co-khi,D04,Điểm học bạ,2025,18.0,Công nghệ kỹ thuật Cơ khí
18075,DDM,cong-nghe-ky-thuat-co-khi,X17,Điểm học bạ,2025,18.0,Công nghệ kỹ thuật Cơ khí
18076,DDM,cong-nghe-ky-thuat-co-khi,X21,Điểm học bạ,2025,18.0,Công nghệ kỹ thuật Cơ khí
18077,DDM,cong-nghe-ky-thuat-co-khi,X23,Điểm học bạ,2025,18.0,Công nghệ kỹ thuật Cơ khí
18078,DDM,cong-nghe-ky-thuat-co-khi,A00,Điểm thi THPT,2025,15.0,Công nghệ kỹ thuật Cơ khí
18079,DDM,cong-nghe-ky-thuat-co-khi,A01,Điểm thi THPT,2025,15.0,Công nghệ kỹ thuật Cơ khí
18080,DDM,cong-nghe-ky-thuat-co-khi,D01,Điểm thi THPT,2025,15.0,Công nghệ kỹ thuật Cơ khí
18081,DDM,cong-nghe-ky-thuat-co-khi,D04,Điểm thi THPT,2025,15.0,Công nghệ kỹ thuật Cơ khí
18082,DDM,cong-nghe-ky-thuat-co-khi,X17,Điểm thi THPT,2025,15.0,Công nghệ kỹ thuật Cơ khí
18083,DDM,cong-nghe-ky-thuat-co-khi,X21,Điểm thi THPT,2025,15.0,Công nghệ kỹ thuật Cơ khí
18084,DDM,cong-nghe-ky-thuat-co-khi,X23,Điểm thi THPT,2025,15.0,Công nghệ kỹ thuật Cơ khí
18085,DDM,cong-nghe-ky-thuat-cong-trinh-xay-dung,A00,Điểm học bạ,2021,16.0,Công nghệ kỹ thuật công trình xây dựng
18086,DDM,cong-nghe-ky-thuat-cong-trinh-xay-dung,A01,Điểm học bạ,2021,16.0,Công nghệ kỹ thuật công trình xây dựng
18087,DDM,cong-nghe-ky-thuat-cong-trinh-xay-dung,D01,Điểm học bạ,2021,16.0,Công nghệ kỹ thuật công trình xây dựng
18088,DDM,cong-nghe-ky-thuat-cong-trinh-xay-dung,D07,Điểm học bạ,2021,16.0,Công nghệ kỹ thuật công trình xây dựng
18089,DDM,cong-nghe-ky-thuat-cong-trinh-xay-dung,A00,Điểm thi THPT,2021,15.0,Công nghệ kỹ thuật công trình xây dựng
18090,DDM,cong-nghe-ky-thuat-cong-trinh-xay-dung,A01,Điểm thi THPT,2021,15.0,Công nghệ kỹ thuật công trình xây dựng
18091,DDM,cong-nghe-ky-thuat-cong-trinh-xay-dung,D01,Điểm thi THPT,2021,15.0,Công nghệ kỹ thuật công trình xây dựng
18092,DDM,cong-nghe-ky-thuat-cong-trinh-xay-dung,D07,Điểm thi THPT,2021,15.0,Công nghệ kỹ thuật công trình xây dựng
18093,DDM,cong-nghe-ky-thuat-cong-trinh-xay-dung,A00,Điểm học bạ,2022,18.0,Công nghệ kỹ thuật công trình xây dựng
18094,DDM,cong-nghe-ky-thuat-cong-trinh-xay-dung,A09,Điểm học bạ,2022,18.0,Công nghệ kỹ thuật công trình xây dựng
18095,DDM,cong-nghe-ky-thuat-cong-trinh-xay-dung,C01,Điểm học bạ,2022,18.0,Công nghệ kỹ thuật công trình xây dựng
18096,DDM,cong-nghe-ky-thuat-cong-trinh-xay-dung,D01,Điểm học bạ,2022,18.0,Công nghệ kỹ thuật công trình xây dựng
18097,DDM,cong-nghe-ky-thuat-cong-trinh-xay-dung,A00,Điểm thi THPT,2022,15.0,Công nghệ kỹ thuật công trình xây dựng
18098,DDM,cong-nghe-ky-thuat-cong-trinh-xay-dung,A09,Điểm thi THPT,2022,15.0,Công nghệ kỹ thuật công trình xây dựng
18099,DDM,cong-nghe-ky-thuat-cong-trinh-xay-dung,C01,Điểm thi THPT,2022,15.0,Công nghệ kỹ thuật công trình xây dựng
18100,DDM,cong-nghe-ky-thuat-cong-trinh-xay-dung,D01,Điểm thi THPT,2022,15.0,Công nghệ kỹ thuật công trình xây dựng
18101,DDM,cong-nghe-ky-thuat-cong-trinh-xay-dung,A00,Điểm học bạ,2023,18.0,Công nghệ kỹ thuật công trình xây dựng
18102,DDM,cong-nghe-ky-thuat-cong-trinh-xay-dung,A09,Điểm học bạ,2023,18.0,Công nghệ kỹ thuật công trình xây dựng
18103,DDM,cong-nghe-ky-thuat-cong-trinh-xay-dung,C01,Điểm học bạ,2023,18.0,Công nghệ kỹ thuật công trình xây dựng
18104,DDM,cong-nghe-ky-thuat-cong-trinh-xay-dung,D01,Điểm học bạ,2023,18.0,Công nghệ kỹ thuật công trình xây dựng
18105,DDM,cong-nghe-ky-thuat-cong-trinh-xay-dung,A00,Điểm thi THPT,2023,15.0,Công nghệ kỹ thuật công trình xây dựng
18106,DDM,cong-nghe-ky-thuat-cong-trinh-xay-dung,A09,Điểm thi THPT,2023,15.0,Công nghệ kỹ thuật công trình xây dựng
18107,DDM,cong-nghe-ky-thuat-cong-trinh-xay-dung,C01,Điểm thi THPT,2023,15.0,Công nghệ kỹ thuật công trình xây dựng
18108,DDM,cong-nghe-ky-thuat-cong-trinh-xay-dung,D01,Điểm thi THPT,2023,15.0,Công nghệ kỹ thuật công trình xây dựng
18109,DDM,cong-nghe-ky-thuat-cong-trinh-xay-dung,A00,Điểm học bạ,2024,18.0,Công nghệ kỹ thuật công trình xây dựng
18110,DDM,cong-nghe-ky-thuat-cong-trinh-xay-dung,A09,Điểm học bạ,2024,18.0,Công nghệ kỹ thuật công trình xây dựng
18111,DDM,cong-nghe-ky-thuat-cong-trinh-xay-dung,C01,Điểm học bạ,2024,18.0,Công nghệ kỹ thuật công trình xây dựng
18112,DDM,cong-nghe-ky-thuat-cong-trinh-xay-dung,D01,Điểm học bạ,2024,18.0,Công nghệ kỹ thuật công trình xây dựng
18113,DDM,cong-nghe-ky-thuat-cong-trinh-xay-dung,A00,Điểm thi THPT,2024,15.0,Công nghệ kỹ thuật công trình xây dựng
18114,DDM,cong-nghe-ky-thuat-cong-trinh-xay-dung,A09,Điểm thi THPT,2024,15.0,Công nghệ kỹ thuật công trình xây dựng
18115,DDM,cong-nghe-ky-thuat-cong-trinh-xay-dung,C01,Điểm thi THPT,2024,15.0,Công nghệ kỹ thuật công trình xây dựng
18116,DDM,cong-nghe-ky-thuat-cong-trinh-xay-dung,D01,Điểm thi THPT,2024,15.0,Công nghệ kỹ thuật công trình xây dựng
18117,DDM,cong-nghe-ky-thuat-cong-trinh-xay-dung,A00,Điểm học bạ,2025,18.0,Công nghệ kỹ thuật công trình xây dựng
18118,DDM,cong-nghe-ky-thuat-cong-trinh-xay-dung,A01,Điểm học bạ,2025,18.0,Công nghệ kỹ thuật công trình xây dựng
18119,DDM,cong-nghe-ky-thuat-cong-trinh-xay-dung,D01,Điểm học bạ,2025,18.0,Công nghệ kỹ thuật công trình xây dựng
18120,DDM,cong-nghe-ky-thuat-cong-trinh-xay-dung,D04,Điểm học bạ,2025,18.0,Công nghệ kỹ thuật công trình xây dựng
18121,DDM,cong-nghe-ky-thuat-cong-trinh-xay-dung,X17,Điểm học bạ,2025,18.0,Công nghệ kỹ thuật công trình xây dựng
18122,DDM,cong-nghe-ky-thuat-cong-trinh-xay-dung,X21,Điểm học bạ,2025,18.0,Công nghệ kỹ thuật công trình xây dựng
18123,DDM,cong-nghe-ky-thuat-cong-trinh-xay-dung,X23,Điểm học bạ,2025,18.0,Công nghệ kỹ thuật công trình xây dựng
18124,DDM,cong-nghe-ky-thuat-cong-trinh-xay-dung,A00,Điểm thi THPT,2025,18.0,Công nghệ kỹ thuật công trình xây dựng
18125,DDM,cong-nghe-ky-thuat-cong-trinh-xay-dung,A01,Điểm thi THPT,2025,18.0,Công nghệ kỹ thuật công trình xây dựng
18126,DDM,cong-nghe-ky-thuat-cong-trinh-xay-dung,D01,Điểm thi THPT,2025,18.0,Công nghệ kỹ thuật công trình xây dựng
18127,DDM,cong-nghe-ky-thuat-cong-trinh-xay-dung,D04,Điểm thi THPT,2025,18.0,Công nghệ kỹ thuật công trình xây dựng
18128,DDM,cong-nghe-ky-thuat-cong-trinh-xay-dung,X17,Điểm thi THPT,2025,18.0,Công nghệ kỹ thuật công trình xây dựng
18129,DDM,cong-nghe-ky-thuat-cong-trinh-xay-dung,X21,Điểm thi THPT,2025,18.0,Công nghệ kỹ thuật công trình xây dựng
18130,DDM,cong-nghe-ky-thuat-cong-trinh-xay-dung,X23,Điểm thi THPT,2025,18.0,Công nghệ kỹ thuật công trình xây dựng
18131,DDM,cong-nghe-ky-thuat-dien-dien-tu,A00,Điểm học bạ,2021,16.0,"Công nghệ kỹ thuật điện, điện tử"
18132,DDM,cong-nghe-ky-thuat-dien-dien-tu,A01,Điểm học bạ,2021,16.0,"Công nghệ kỹ thuật điện, điện tử"
18133,DDM,cong-nghe-ky-thuat-dien-dien-tu,D01,Điểm học bạ,2021,16.0,"Công nghệ kỹ thuật điện, điện tử"
18134,DDM,cong-nghe-ky-thuat-dien-dien-tu,D07,Điểm học bạ,2021,16.0,"Công nghệ kỹ thuật điện, điện tử"
18135,DDM,cong-nghe-ky-thuat-dien-dien-tu,A00,Điểm thi THPT,2021,15.0,"Công nghệ kỹ thuật điện, điện tử"
18136,DDM,cong-nghe-ky-thuat-dien-dien-tu,A01,Điểm thi THPT,2021,15.0,"Công nghệ kỹ thuật điện, điện tử"
18137,DDM,cong-nghe-ky-thuat-dien-dien-tu,D01,Điểm thi THPT,2021,15.0,"Công nghệ kỹ thuật điện, điện tử"
18138,DDM,cong-nghe-ky-thuat-dien-dien-tu,D07,Điểm thi THPT,2021,15.0,"Công nghệ kỹ thuật điện, điện tử"
18139,DDM,cong-nghe-ky-thuat-dien-dien-tu,A00,Điểm học bạ,2022,18.0,"Công nghệ kỹ thuật điện, điện tử"
18140,DDM,cong-nghe-ky-thuat-dien-dien-tu,A09,Điểm học bạ,2022,18.0,"Công nghệ kỹ thuật điện, điện tử"
18141,DDM,cong-nghe-ky-thuat-dien-dien-tu,C01,Điểm học bạ,2022,18.0,"Công nghệ kỹ thuật điện, điện tử"
18142,DDM,cong-nghe-ky-thuat-dien-dien-tu,D01,Điểm học bạ,2022,18.0,"Công nghệ kỹ thuật điện, điện tử"
18143,DDM,cong-nghe-ky-thuat-dien-dien-tu,A00,Điểm thi THPT,2022,15.0,"Công nghệ kỹ thuật điện, điện tử"
18144,DDM,cong-nghe-ky-thuat-dien-dien-tu,A09,Điểm thi THPT,2022,15.0,"Công nghệ kỹ thuật điện, điện tử"
18145,DDM,cong-nghe-ky-thuat-dien-dien-tu,C01,Điểm thi THPT,2022,15.0,"Công nghệ kỹ thuật điện, điện tử"
18146,DDM,cong-nghe-ky-thuat-dien-dien-tu,D01,Điểm thi THPT,2022,15.0,"Công nghệ kỹ thuật điện, điện tử"
18147,DDM,cong-nghe-ky-thuat-dien-dien-tu,A00,Điểm học bạ,2023,18.0,"Công nghệ kỹ thuật điện, điện tử"
18148,DDM,cong-nghe-ky-thuat-dien-dien-tu,A09,Điểm học bạ,2023,18.0,"Công nghệ kỹ thuật điện, điện tử"
18149,DDM,cong-nghe-ky-thuat-dien-dien-tu,C01,Điểm học bạ,2023,18.0,"Công nghệ kỹ thuật điện, điện tử"
18150,DDM,cong-nghe-ky-thuat-dien-dien-tu,D01,Điểm học bạ,2023,18.0,"Công nghệ kỹ thuật điện, điện tử"
18151,DDM,cong-nghe-ky-thuat-dien-dien-tu,A00,Điểm thi THPT,2023,15.0,"Công nghệ kỹ thuật điện, điện tử"
18152,DDM,cong-nghe-ky-thuat-dien-dien-tu,A09,Điểm thi THPT,2023,15.0,"Công nghệ kỹ thuật điện, điện tử"
18153,DDM,cong-nghe-ky-thuat-dien-dien-tu,C01,Điểm thi THPT,2023,15.0,"Công nghệ kỹ thuật điện, điện tử"
18154,DDM,cong-nghe-ky-thuat-dien-dien-tu,D01,Điểm thi THPT,2023,15.0,"Công nghệ kỹ thuật điện, điện tử"
18155,DDM,cong-nghe-ky-thuat-dien-dien-tu,A00,Điểm học bạ,2024,18.0,"Công nghệ kỹ thuật điện, điện tử"
18156,DDM,cong-nghe-ky-thuat-dien-dien-tu,A09,Điểm học bạ,2024,18.0,"Công nghệ kỹ thuật điện, điện tử"
18157,DDM,cong-nghe-ky-thuat-dien-dien-tu,C01,Điểm học bạ,2024,18.0,"Công nghệ kỹ thuật điện, điện tử"
18158,DDM,cong-nghe-ky-thuat-dien-dien-tu,D01,Điểm học bạ,2024,18.0,"Công nghệ kỹ thuật điện, điện tử"
18159,DDM,cong-nghe-ky-thuat-dien-dien-tu,A00,Điểm thi THPT,2024,15.0,"Công nghệ kỹ thuật điện, điện tử"
18160,DDM,cong-nghe-ky-thuat-dien-dien-tu,A09,Điểm thi THPT,2024,15.0,"Công nghệ kỹ thuật điện, điện tử"
18161,DDM,cong-nghe-ky-thuat-dien-dien-tu,C01,Điểm thi THPT,2024,15.0,"Công nghệ kỹ thuật điện, điện tử"
18162,DDM,cong-nghe-ky-thuat-dien-dien-tu,D01,Điểm thi THPT,2024,15.0,"Công nghệ kỹ thuật điện, điện tử"
18163,DDM,cong-nghe-ky-thuat-dien-dien-tu,A00,Điểm học bạ,2025,18.0,"Công nghệ kỹ thuật điện, điện tử"
18164,DDM,cong-nghe-ky-thuat-dien-dien-tu,A01,Điểm học bạ,2025,18.0,"Công nghệ kỹ thuật điện, điện tử"
18165,DDM,cong-nghe-ky-thuat-dien-dien-tu,D01,Điểm học bạ,2025,18.0,"Công nghệ kỹ thuật điện, điện tử"
18166,DDM,cong-nghe-ky-thuat-dien-dien-tu,D04,Điểm học bạ,2025,18.0,"Công nghệ kỹ thuật điện, điện tử"
18167,DDM,cong-nghe-ky-thuat-dien-dien-tu,X17,Điểm học bạ,2025,18.0,"Công nghệ kỹ thuật điện, điện tử"
18168,DDM,cong-nghe-ky-thuat-dien-dien-tu,X21,Điểm học bạ,2025,18.0,"Công nghệ kỹ thuật điện, điện tử"
18169,DDM,cong-nghe-ky-thuat-dien-dien-tu,X23,Điểm học bạ,2025,18.0,"Công nghệ kỹ thuật điện, điện tử"
18170,DDM,cong-nghe-ky-thuat-dien-dien-tu,A00,Điểm thi THPT,2025,15.0,"Công nghệ kỹ thuật điện, điện tử"
18171,DDM,cong-nghe-ky-thuat-dien-dien-tu,A01,Điểm thi THPT,2025,15.0,"Công nghệ kỹ thuật điện, điện tử"
18172,DDM,cong-nghe-ky-thuat-dien-dien-tu,D01,Điểm thi THPT,2025,15.0,"Công nghệ kỹ thuật điện, điện tử"
18173,DDM,cong-nghe-ky-thuat-dien-dien-tu,D04,Điểm thi THPT,2025,15.0,"Công nghệ kỹ thuật điện, điện tử"
18174,DDM,cong-nghe-ky-thuat-dien-dien-tu,X17,Điểm thi THPT,2025,15.0,"Công nghệ kỹ thuật điện, điện tử"
18175,DDM,cong-nghe-ky-thuat-dien-dien-tu,X21,Điểm thi THPT,2025,15.0,"Công nghệ kỹ thuật điện, điện tử"
18176,DDM,cong-nghe-ky-thuat-dien-dien-tu,X23,Điểm thi THPT,2025,15.0,"Công nghệ kỹ thuật điện, điện tử"
18177,DDM,cong-nghe-ky-thuat-dieu-khien-va-tu-dong-hoa,A00,Điểm học bạ,2021,16.0,Công nghệ kỹ thuật điều khiển và tự động hoá
18178,DDM,cong-nghe-ky-thuat-dieu-khien-va-tu-dong-hoa,A01,Điểm học bạ,2021,16.0,Công nghệ kỹ thuật điều khiển và tự động hoá
18179,DDM,cong-nghe-ky-thuat-dieu-khien-va-tu-dong-hoa,D01,Điểm học bạ,2021,16.0,Công nghệ kỹ thuật điều khiển và tự động hoá
18180,DDM,cong-nghe-ky-thuat-dieu-khien-va-tu-dong-hoa,D07,Điểm học bạ,2021,16.0,Công nghệ kỹ thuật điều khiển và tự động hoá
18181,DDM,cong-nghe-ky-thuat-dieu-khien-va-tu-dong-hoa,A00,Điểm thi THPT,2021,15.0,Công nghệ kỹ thuật điều khiển và tự động hoá
18182,DDM,cong-nghe-ky-thuat-dieu-khien-va-tu-dong-hoa,A01,Điểm thi THPT,2021,15.0,Công nghệ kỹ thuật điều khiển và tự động hoá
18183,DDM,cong-nghe-ky-thuat-dieu-khien-va-tu-dong-hoa,D01,Điểm thi THPT,2021,15.0,Công nghệ kỹ thuật điều khiển và tự động hoá
18184,DDM,cong-nghe-ky-thuat-dieu-khien-va-tu-dong-hoa,D07,Điểm thi THPT,2021,15.0,Công nghệ kỹ thuật điều khiển và tự động hoá
18185,DDM,cong-nghe-ky-thuat-dieu-khien-va-tu-dong-hoa,A00,Điểm học bạ,2022,18.0,Công nghệ kỹ thuật điều khiển và tự động hoá
18186,DDM,cong-nghe-ky-thuat-dieu-khien-va-tu-dong-hoa,A09,Điểm học bạ,2022,18.0,Công nghệ kỹ thuật điều khiển và tự động hoá
18187,DDM,cong-nghe-ky-thuat-dieu-khien-va-tu-dong-hoa,C01,Điểm học bạ,2022,18.0,Công nghệ kỹ thuật điều khiển và tự động hoá
18188,DDM,cong-nghe-ky-thuat-dieu-khien-va-tu-dong-hoa,D01,Điểm học bạ,2022,18.0,Công nghệ kỹ thuật điều khiển và tự động hoá
18189,DDM,cong-nghe-ky-thuat-dieu-khien-va-tu-dong-hoa,A00,Điểm thi THPT,2022,15.0,Công nghệ kỹ thuật điều khiển và tự động hoá
18190,DDM,cong-nghe-ky-thuat-dieu-khien-va-tu-dong-hoa,A09,Điểm thi THPT,2022,15.0,Công nghệ kỹ thuật điều khiển và tự động hoá
18191,DDM,cong-nghe-ky-thuat-dieu-khien-va-tu-dong-hoa,C01,Điểm thi THPT,2022,15.0,Công nghệ kỹ thuật điều khiển và tự động hoá
18192,DDM,cong-nghe-ky-thuat-dieu-khien-va-tu-dong-hoa,D01,Điểm thi THPT,2022,15.0,Công nghệ kỹ thuật điều khiển và tự động hoá
18193,DDM,cong-nghe-ky-thuat-dieu-khien-va-tu-dong-hoa,A00,Điểm học bạ,2023,18.0,Công nghệ kỹ thuật điều khiển và tự động hoá
18194,DDM,cong-nghe-ky-thuat-dieu-khien-va-tu-dong-hoa,A09,Điểm học bạ,2023,18.0,Công nghệ kỹ thuật điều khiển và tự động hoá
18195,DDM,cong-nghe-ky-thuat-dieu-khien-va-tu-dong-hoa,C01,Điểm học bạ,2023,18.0,Công nghệ kỹ thuật điều khiển và tự động hoá
18196,DDM,cong-nghe-ky-thuat-dieu-khien-va-tu-dong-hoa,D01,Điểm học bạ,2023,18.0,Công nghệ kỹ thuật điều khiển và tự động hoá
18197,DDM,cong-nghe-ky-thuat-dieu-khien-va-tu-dong-hoa,A00,Điểm thi THPT,2023,15.0,Công nghệ kỹ thuật điều khiển và tự động hoá
18198,DDM,cong-nghe-ky-thuat-dieu-khien-va-tu-dong-hoa,A09,Điểm thi THPT,2023,15.0,Công nghệ kỹ thuật điều khiển và tự động hoá
18199,DDM,cong-nghe-ky-thuat-dieu-khien-va-tu-dong-hoa,C01,Điểm thi THPT,2023,15.0,Công nghệ kỹ thuật điều khiển và tự động hoá
18200,DDM,cong-nghe-ky-thuat-dieu-khien-va-tu-dong-hoa,D01,Điểm thi THPT,2023,15.0,Công nghệ kỹ thuật điều khiển và tự động hoá
18201,DDM,cong-nghe-ky-thuat-dieu-khien-va-tu-dong-hoa,A00,Điểm học bạ,2024,18.0,Công nghệ kỹ thuật điều khiển và tự động hoá
18202,DDM,cong-nghe-ky-thuat-dieu-khien-va-tu-dong-hoa,A09,Điểm học bạ,2024,18.0,Công nghệ kỹ thuật điều khiển và tự động hoá
18203,DDM,cong-nghe-ky-thuat-dieu-khien-va-tu-dong-hoa,C01,Điểm học bạ,2024,18.0,Công nghệ kỹ thuật điều khiển và tự động hoá
18204,DDM,cong-nghe-ky-thuat-dieu-khien-va-tu-dong-hoa,D01,Điểm học bạ,2024,18.0,Công nghệ kỹ thuật điều khiển và tự động hoá
18205,DDM,cong-nghe-ky-thuat-dieu-khien-va-tu-dong-hoa,A00,Điểm thi THPT,2024,15.0,Công nghệ kỹ thuật điều khiển và tự động hoá
18206,DDM,cong-nghe-ky-thuat-dieu-khien-va-tu-dong-hoa,A09,Điểm thi THPT,2024,15.0,Công nghệ kỹ thuật điều khiển và tự động hoá
18207,DDM,cong-nghe-ky-thuat-dieu-khien-va-tu-dong-hoa,C01,Điểm thi THPT,2024,15.0,Công nghệ kỹ thuật điều khiển và tự động hoá
18208,DDM,cong-nghe-ky-thuat-dieu-khien-va-tu-dong-hoa,D01,Điểm thi THPT,2024,15.0,Công nghệ kỹ thuật điều khiển và tự động hoá
18209,DDM,cong-nghe-ky-thuat-dieu-khien-va-tu-dong-hoa,A00,Điểm học bạ,2025,18.0,Công nghệ kỹ thuật điêu khiển và tự động hoá
18210,DDM,cong-nghe-ky-thuat-dieu-khien-va-tu-dong-hoa,A01,Điểm học bạ,2025,18.0,Công nghệ kỹ thuật điêu khiển và tự động hoá
18211,DDM,cong-nghe-ky-thuat-dieu-khien-va-tu-dong-hoa,D01,Điểm học bạ,2025,18.0,Công nghệ kỹ thuật điêu khiển và tự động hoá
18212,DDM,cong-nghe-ky-thuat-dieu-khien-va-tu-dong-hoa,D04,Điểm học bạ,2025,18.0,Công nghệ kỹ thuật điêu khiển và tự động hoá
18213,DDM,cong-nghe-ky-thuat-dieu-khien-va-tu-dong-hoa,X17,Điểm học bạ,2025,18.0,Công nghệ kỹ thuật điêu khiển và tự động hoá
18214,DDM,cong-nghe-ky-thuat-dieu-khien-va-tu-dong-hoa,X21,Điểm học bạ,2025,18.0,Công nghệ kỹ thuật điêu khiển và tự động hoá
18215,DDM,cong-nghe-ky-thuat-dieu-khien-va-tu-dong-hoa,X23,Điểm học bạ,2025,18.0,Công nghệ kỹ thuật điêu khiển và tự động hoá
18216,DDM,cong-nghe-ky-thuat-dieu-khien-va-tu-dong-hoa,A00,Điểm thi THPT,2025,15.0,Công nghệ kỹ thuật điêu khiển và tự động hoá
18217,DDM,cong-nghe-ky-thuat-dieu-khien-va-tu-dong-hoa,A01,Điểm thi THPT,2025,15.0,Công nghệ kỹ thuật điêu khiển và tự động hoá
18218,DDM,cong-nghe-ky-thuat-dieu-khien-va-tu-dong-hoa,D01,Điểm thi THPT,2025,15.0,Công nghệ kỹ thuật điêu khiển và tự động hoá
18219,DDM,cong-nghe-ky-thuat-dieu-khien-va-tu-dong-hoa,D04,Điểm thi THPT,2025,15.0,Công nghệ kỹ thuật điêu khiển và tự động hoá
18220,DDM,cong-nghe-ky-thuat-dieu-khien-va-tu-dong-hoa,X17,Điểm thi THPT,2025,15.0,Công nghệ kỹ thuật điêu khiển và tự động hoá
18221,DDM,cong-nghe-ky-thuat-dieu-khien-va-tu-dong-hoa,X21,Điểm thi THPT,2025,15.0,Công nghệ kỹ thuật điêu khiển và tự động hoá
18222,DDM,cong-nghe-ky-thuat-dieu-khien-va-tu-dong-hoa,X23,Điểm thi THPT,2025,15.0,Công nghệ kỹ thuật điêu khiển và tự động hoá
18223,DDM,cong-nghe-ky-thuat-o-to,A00,Điểm học bạ,2025,18.0,Công nghệ kỹ thuật ô tô
18224,DDM,cong-nghe-ky-thuat-o-to,A01,Điểm học bạ,2025,18.0,Công nghệ kỹ thuật ô tô
18225,DDM,cong-nghe-ky-thuat-o-to,D01,Điểm học bạ,2025,18.0,Công nghệ kỹ thuật ô tô
18226,DDM,cong-nghe-ky-thuat-o-to,D04,Điểm học bạ,2025,18.0,Công nghệ kỹ thuật ô tô
18227,DDM,cong-nghe-ky-thuat-o-to,X17,Điểm học bạ,2025,18.0,Công nghệ kỹ thuật ô tô
18228,DDM,cong-nghe-ky-thuat-o-to,X21,Điểm học bạ,2025,18.0,Công nghệ kỹ thuật ô tô
18229,DDM,cong-nghe-ky-thuat-o-to,X23,Điểm học bạ,2025,18.0,Công nghệ kỹ thuật ô tô
18230,DDM,cong-nghe-ky-thuat-o-to,A00,Điểm thi THPT,2025,15.0,Công nghệ kỹ thuật ô tô
18231,DDM,cong-nghe-ky-thuat-o-to,A01,Điểm thi THPT,2025,15.0,Công nghệ kỹ thuật ô tô
18232,DDM,cong-nghe-ky-thuat-o-to,D01,Điểm thi THPT,2025,15.0,Công nghệ kỹ thuật ô tô
18233,DDM,cong-nghe-ky-thuat-o-to,D04,Điểm thi THPT,2025,15.0,Công nghệ kỹ thuật ô tô
18234,DDM,cong-nghe-ky-thuat-o-to,X17,Điểm thi THPT,2025,15.0,Công nghệ kỹ thuật ô tô
18235,DDM,cong-nghe-ky-thuat-o-to,X21,Điểm thi THPT,2025,15.0,Công nghệ kỹ thuật ô tô
18236,DDM,cong-nghe-ky-thuat-o-to,X23,Điểm thi THPT,2025,15.0,Công nghệ kỹ thuật ô tô
18237,DDM,cong-nghe-thong-tin,A00,Điểm học bạ,2021,16.0,Công nghệ thông tin
18238,DDM,cong-nghe-thong-tin,A01,Điểm học bạ,2021,16.0,Công nghệ thông tin
18239,DDM,cong-nghe-thong-tin,D01,Điểm học bạ,2021,16.0,Công nghệ thông tin
18240,DDM,cong-nghe-thong-tin,D07,Điểm học bạ,2021,16.0,Công nghệ thông tin
18241,DDM,cong-nghe-thong-tin,A00,Điểm thi THPT,2021,15.0,Công nghệ thông tin
18242,DDM,cong-nghe-thong-tin,A01,Điểm thi THPT,2021,15.0,Công nghệ thông tin
18243,DDM,cong-nghe-thong-tin,D01,Điểm thi THPT,2021,15.0,Công nghệ thông tin
18244,DDM,cong-nghe-thong-tin,D07,Điểm thi THPT,2021,15.0,Công nghệ thông tin
18245,DDM,cong-nghe-thong-tin,A00,Điểm học bạ,2022,18.0,Công nghệ thống tin
18246,DDM,cong-nghe-thong-tin,A09,Điểm học bạ,2022,18.0,Công nghệ thống tin
18247,DDM,cong-nghe-thong-tin,C01,Điểm học bạ,2022,18.0,Công nghệ thống tin
18248,DDM,cong-nghe-thong-tin,D01,Điểm học bạ,2022,18.0,Công nghệ thống tin
18249,DDM,cong-nghe-thong-tin,A00,Điểm thi THPT,2022,15.0,Công nghệ thống tin
18250,DDM,cong-nghe-thong-tin,A09,Điểm thi THPT,2022,15.0,Công nghệ thống tin
18251,DDM,cong-nghe-thong-tin,C01,Điểm thi THPT,2022,15.0,Công nghệ thống tin
18252,DDM,cong-nghe-thong-tin,D01,Điểm thi THPT,2022,15.0,Công nghệ thống tin
18253,DDM,cong-nghe-thong-tin,A00,Điểm học bạ,2023,18.0,Công nghệ thông tin
18254,DDM,cong-nghe-thong-tin,A09,Điểm học bạ,2023,18.0,Công nghệ thông tin
18255,DDM,cong-nghe-thong-tin,C01,Điểm học bạ,2023,18.0,Công nghệ thông tin
18256,DDM,cong-nghe-thong-tin,D01,Điểm học bạ,2023,18.0,Công nghệ thông tin
18257,DDM,cong-nghe-thong-tin,A00,Điểm thi THPT,2023,15.0,Công nghệ thông tin
18258,DDM,cong-nghe-thong-tin,A09,Điểm thi THPT,2023,15.0,Công nghệ thông tin
18259,DDM,cong-nghe-thong-tin,C01,Điểm thi THPT,2023,15.0,Công nghệ thông tin
18260,DDM,cong-nghe-thong-tin,D01,Điểm thi THPT,2023,15.0,Công nghệ thông tin
18261,DDM,cong-nghe-thong-tin,A00,Điểm học bạ,2024,18.0,Công nghệ thông tin
18262,DDM,cong-nghe-thong-tin,A09,Điểm học bạ,2024,18.0,Công nghệ thông tin
18263,DDM,cong-nghe-thong-tin,C01,Điểm học bạ,2024,18.0,Công nghệ thông tin
18264,DDM,cong-nghe-thong-tin,D01,Điểm học bạ,2024,18.0,Công nghệ thông tin
18265,DDM,cong-nghe-thong-tin,A00,Điểm thi THPT,2024,15.0,Công nghệ thông tin
18266,DDM,cong-nghe-thong-tin,A09,Điểm thi THPT,2024,15.0,Công nghệ thông tin
18267,DDM,cong-nghe-thong-tin,C01,Điểm thi THPT,2024,15.0,Công nghệ thông tin
18268,DDM,cong-nghe-thong-tin,D01,Điểm thi THPT,2024,15.0,Công nghệ thông tin
18269,DDM,cong-nghe-thong-tin,A00,Điểm học bạ,2025,18.0,Công nghệ thông tin
18270,DDM,cong-nghe-thong-tin,A01,Điểm học bạ,2025,18.0,Công nghệ thông tin
18271,DDM,cong-nghe-thong-tin,D01,Điểm học bạ,2025,18.0,Công nghệ thông tin
18272,DDM,cong-nghe-thong-tin,D04,Điểm học bạ,2025,18.0,Công nghệ thông tin
18273,DDM,cong-nghe-thong-tin,X17,Điểm học bạ,2025,18.0,Công nghệ thông tin
18274,DDM,cong-nghe-thong-tin,X21,Điểm học bạ,2025,18.0,Công nghệ thông tin
18275,DDM,cong-nghe-thong-tin,X23,Điểm học bạ,2025,18.0,Công nghệ thông tin
18276,DDM,cong-nghe-thong-tin,A00,Điểm thi THPT,2025,15.2,Công nghệ thông tin
18277,DDM,cong-nghe-thong-tin,A01,Điểm thi THPT,2025,15.2,Công nghệ thông tin
18278,DDM,cong-nghe-thong-tin,D01,Điểm thi THPT,2025,15.2,Công nghệ thông tin
18279,DDM,cong-nghe-thong-tin,D04,Điểm thi THPT,2025,15.2,Công nghệ thông tin
18280,DDM,cong-nghe-thong-tin,X17,Điểm thi THPT,2025,15.2,Công nghệ thông tin
18281,DDM,cong-nghe-thong-tin,X21,Điểm thi THPT,2025,15.2,Công nghệ thông tin
18282,DDM,cong-nghe-thong-tin,X23,Điểm thi THPT,2025,15.2,Công nghệ thông tin
18283,DDM,ke-toan,A00,Điểm học bạ,2021,16.0,Kế toán
18284,DDM,ke-toan,A01,Điểm học bạ,2021,16.0,Kế toán
18285,DDM,ke-toan,D01,Điểm học bạ,2021,16.0,Kế toán
18286,DDM,ke-toan,D07,Điểm học bạ,2021,16.0,Kế toán
18287,DDM,ke-toan,A00,Điểm thi THPT,2021,15.0,Kế toán
18288,DDM,ke-toan,A01,Điểm thi THPT,2021,15.0,Kế toán
18289,DDM,ke-toan,D01,Điểm thi THPT,2021,15.0,Kế toán
18290,DDM,ke-toan,D07,Điểm thi THPT,2021,15.0,Kế toán
18291,DDM,ke-toan,A00,Điểm học bạ,2022,18.0,Kế toán
18292,DDM,ke-toan,A09,Điểm học bạ,2022,18.0,Kế toán
18293,DDM,ke-toan,C01,Điểm học bạ,2022,18.0,Kế toán
18294,DDM,ke-toan,D01,Điểm học bạ,2022,18.0,Kế toán
18295,DDM,ke-toan,A00,Điểm thi THPT,2022,15.0,Kế toán
18296,DDM,ke-toan,A09,Điểm thi THPT,2022,15.0,Kế toán
18297,DDM,ke-toan,C01,Điểm thi THPT,2022,15.0,Kế toán
18298,DDM,ke-toan,D01,Điểm thi THPT,2022,15.0,Kế toán
18299,DDM,ke-toan,A00,Điểm học bạ,2023,18.0,Kế toán
18300,DDM,ke-toan,A09,Điểm học bạ,2023,18.0,Kế toán
18301,DDM,ke-toan,C01,Điểm học bạ,2023,18.0,Kế toán
18302,DDM,ke-toan,D01,Điểm học bạ,2023,18.0,Kế toán
18303,DDM,ke-toan,A00,Điểm thi THPT,2023,15.0,Kế toán
18304,DDM,ke-toan,A09,Điểm thi THPT,2023,15.0,Kế toán
18305,DDM,ke-toan,C01,Điểm thi THPT,2023,15.0,Kế toán
18306,DDM,ke-toan,D01,Điểm thi THPT,2023,15.0,Kế toán
18307,DDM,ke-toan,A00,Điểm học bạ,2024,18.0,Kế toán
18308,DDM,ke-toan,A09,Điểm học bạ,2024,18.0,Kế toán
18309,DDM,ke-toan,C01,Điểm học bạ,2024,18.0,Kế toán
18310,DDM,ke-toan,D01,Điểm học bạ,2024,18.0,Kế toán
18311,DDM,ke-toan,A00,Điểm thi THPT,2024,15.0,Kế toán
18312,DDM,ke-toan,A09,Điểm thi THPT,2024,15.0,Kế toán
18313,DDM,ke-toan,C01,Điểm thi THPT,2024,15.0,Kế toán
18314,DDM,ke-toan,D01,Điểm thi THPT,2024,15.0,Kế toán
18315,DDM,ke-toan,A00,Điểm học bạ,2025,18.0,Kế toán
18316,DDM,ke-toan,A01,Điểm học bạ,2025,18.0,Kế toán
18317,DDM,ke-toan,C01,Điểm học bạ,2025,18.0,Kế toán
18318,DDM,ke-toan,C03,Điểm học bạ,2025,18.0,Kế toán
18319,DDM,ke-toan,D01,Điểm học bạ,2025,18.0,Kế toán
18320,DDM,ke-toan,D04,Điểm học bạ,2025,18.0,Kế toán
18321,DDM,ke-toan,X17,Điểm học bạ,2025,18.0,Kế toán
18322,DDM,ke-toan,X21,Điểm học bạ,2025,18.0,Kế toán
18323,DDM,ke-toan,A00,Điểm thi THPT,2025,15.0,Kế toán
18324,DDM,ke-toan,A01,Điểm thi THPT,2025,15.0,Kế toán
18325,DDM,ke-toan,C01,Điểm thi THPT,2025,15.0,Kế toán
18326,DDM,ke-toan,C03,Điểm thi THPT,2025,15.0,Kế toán
18327,DDM,ke-toan,D01,Điểm thi THPT,2025,15.0,Kế toán
18328,DDM,ke-toan,D04,Điểm thi THPT,2025,15.0,Kế toán
18329,DDM,ke-toan,X17,Điểm thi THPT,2025,15.0,Kế toán
18330,DDM,ke-toan,X21,Điểm thi THPT,2025,15.0,Kế toán
18331,DDM,ky-thuat-mo,A00,Điểm học bạ,2021,16.0,Kỹ thuật mỏ
18332,DDM,ky-thuat-mo,A01,Điểm học bạ,2021,16.0,Kỹ thuật mỏ
18333,DDM,ky-thuat-mo,D01,Điểm học bạ,2021,16.0,Kỹ thuật mỏ
18334,DDM,ky-thuat-mo,D07,Điểm học bạ,2021,16.0,Kỹ thuật mỏ
18335,DDM,ky-thuat-mo,A00,Điểm thi THPT,2021,15.0,Kỹ thuật mỏ
18336,DDM,ky-thuat-mo,A01,Điểm thi THPT,2021,15.0,Kỹ thuật mỏ
18337,DDM,ky-thuat-mo,D01,Điểm thi THPT,2021,15.0,Kỹ thuật mỏ
18338,DDM,ky-thuat-mo,D07,Điểm thi THPT,2021,15.0,Kỹ thuật mỏ
18339,DDM,ky-thuat-mo,A00,Điểm học bạ,2022,18.0,Kỹ thuật mỏ
18340,DDM,ky-thuat-mo,A09,Điểm học bạ,2022,18.0,Kỹ thuật mỏ
18341,DDM,ky-thuat-mo,C01,Điểm học bạ,2022,18.0,Kỹ thuật mỏ
18342,DDM,ky-thuat-mo,D01,Điểm học bạ,2022,18.0,Kỹ thuật mỏ
18343,DDM,ky-thuat-mo,A00,Điểm thi THPT,2022,15.0,Kỹ thuật mỏ
18344,DDM,ky-thuat-mo,A09,Điểm thi THPT,2022,15.0,Kỹ thuật mỏ
18345,DDM,ky-thuat-mo,C01,Điểm thi THPT,2022,15.0,Kỹ thuật mỏ
18346,DDM,ky-thuat-mo,D01,Điểm thi THPT,2022,15.0,Kỹ thuật mỏ
18347,DDM,ky-thuat-mo,A00,Điểm học bạ,2023,18.0,Kỹ thuật mỏ
18348,DDM,ky-thuat-mo,A09,Điểm học bạ,2023,18.0,Kỹ thuật mỏ
18349,DDM,ky-thuat-mo,C01,Điểm học bạ,2023,18.0,Kỹ thuật mỏ
18350,DDM,ky-thuat-mo,D01,Điểm học bạ,2023,18.0,Kỹ thuật mỏ
18351,DDM,ky-thuat-mo,A00,Điểm thi THPT,2023,15.0,Kỹ thuật mỏ
18352,DDM,ky-thuat-mo,A09,Điểm thi THPT,2023,15.0,Kỹ thuật mỏ
18353,DDM,ky-thuat-mo,C01,Điểm thi THPT,2023,15.0,Kỹ thuật mỏ
18354,DDM,ky-thuat-mo,D01,Điểm thi THPT,2023,15.0,Kỹ thuật mỏ
18355,DDM,ky-thuat-mo,A00,Điểm học bạ,2024,18.0,Kỹ thuật mỏ
18356,DDM,ky-thuat-mo,A09,Điểm học bạ,2024,18.0,Kỹ thuật mỏ
18357,DDM,ky-thuat-mo,C01,Điểm học bạ,2024,18.0,Kỹ thuật mỏ
18358,DDM,ky-thuat-mo,D01,Điểm học bạ,2024,18.0,Kỹ thuật mỏ
18359,DDM,ky-thuat-mo,A00,Điểm thi THPT,2024,15.0,Kỹ thuật mỏ
18360,DDM,ky-thuat-mo,A09,Điểm thi THPT,2024,15.0,Kỹ thuật mỏ
18361,DDM,ky-thuat-mo,C01,Điểm thi THPT,2024,15.0,Kỹ thuật mỏ
18362,DDM,ky-thuat-mo,D01,Điểm thi THPT,2024,15.0,Kỹ thuật mỏ
18363,DDM,ky-thuat-mo,A00,Điểm học bạ,2025,18.0,Kỹ thuật mỏ
18364,DDM,ky-thuat-mo,A01,Điểm học bạ,2025,18.0,Kỹ thuật mỏ
18365,DDM,ky-thuat-mo,D01,Điểm học bạ,2025,18.0,Kỹ thuật mỏ
18366,DDM,ky-thuat-mo,D04,Điểm học bạ,2025,18.0,Kỹ thuật mỏ
18367,DDM,ky-thuat-mo,X17,Điểm học bạ,2025,18.0,Kỹ thuật mỏ
18368,DDM,ky-thuat-mo,X21,Điểm học bạ,2025,18.0,Kỹ thuật mỏ
18369,DDM,ky-thuat-mo,X23,Điểm học bạ,2025,18.0,Kỹ thuật mỏ
18370,DDM,ky-thuat-mo,A00,Điểm thi THPT,2025,15.0,Kỹ thuật mỏ
18371,DDM,ky-thuat-mo,A01,Điểm thi THPT,2025,15.0,Kỹ thuật mỏ
18372,DDM,ky-thuat-mo,D01,Điểm thi THPT,2025,15.0,Kỹ thuật mỏ
18373,DDM,ky-thuat-mo,D04,Điểm thi THPT,2025,15.0,Kỹ thuật mỏ
18374,DDM,ky-thuat-mo,X17,Điểm thi THPT,2025,15.0,Kỹ thuật mỏ
18375,DDM,ky-thuat-mo,X21,Điểm thi THPT,2025,15.0,Kỹ thuật mỏ
18376,DDM,ky-thuat-mo,X23,Điểm thi THPT,2025,15.0,Kỹ thuật mỏ
18377,DDM,ky-thuat-trac-dia-ban-do,A00,Điểm học bạ,2021,16.0,Kỹ thuật Trắc địa-Bản đồ
18378,DDM,ky-thuat-trac-dia-ban-do,A01,Điểm học bạ,2021,16.0,Kỹ thuật Trắc địa-Bản đồ
18379,DDM,ky-thuat-trac-dia-ban-do,D01,Điểm học bạ,2021,16.0,Kỹ thuật Trắc địa-Bản đồ
18380,DDM,ky-thuat-trac-dia-ban-do,D07,Điểm học bạ,2021,16.0,Kỹ thuật Trắc địa-Bản đồ
18381,DDM,ky-thuat-trac-dia-ban-do,A00,Điểm thi THPT,2021,15.0,Kỹ thuật Trắc địa-Bản đồ
18382,DDM,ky-thuat-trac-dia-ban-do,A01,Điểm thi THPT,2021,15.0,Kỹ thuật Trắc địa-Bản đồ
18383,DDM,ky-thuat-trac-dia-ban-do,D01,Điểm thi THPT,2021,15.0,Kỹ thuật Trắc địa-Bản đồ
18384,DDM,ky-thuat-trac-dia-ban-do,D07,Điểm thi THPT,2021,15.0,Kỹ thuật Trắc địa-Bản đồ
18385,DDM,ky-thuat-trac-dia-ban-do,A00,Điểm học bạ,2022,18.0,Kỹ thuật Trắc địa - Bản đồ
18386,DDM,ky-thuat-trac-dia-ban-do,A09,Điểm học bạ,2022,18.0,Kỹ thuật Trắc địa - Bản đồ
18387,DDM,ky-thuat-trac-dia-ban-do,C01,Điểm học bạ,2022,18.0,Kỹ thuật Trắc địa - Bản đồ
18388,DDM,ky-thuat-trac-dia-ban-do,D01,Điểm học bạ,2022,18.0,Kỹ thuật Trắc địa - Bản đồ
18389,DDM,ky-thuat-trac-dia-ban-do,A00,Điểm thi THPT,2022,15.0,Kỹ thuật Trắc địa - Bản đồ
18390,DDM,ky-thuat-trac-dia-ban-do,A09,Điểm thi THPT,2022,15.0,Kỹ thuật Trắc địa - Bản đồ
18391,DDM,ky-thuat-trac-dia-ban-do,C01,Điểm thi THPT,2022,15.0,Kỹ thuật Trắc địa - Bản đồ
18392,DDM,ky-thuat-trac-dia-ban-do,D01,Điểm thi THPT,2022,15.0,Kỹ thuật Trắc địa - Bản đồ
18393,DDM,ky-thuat-trac-dia-ban-do,A00,Điểm học bạ,2023,18.0,Kỳ thuật Trắc địa-Bản đồ
18394,DDM,ky-thuat-trac-dia-ban-do,A09,Điểm học bạ,2023,18.0,Kỳ thuật Trắc địa-Bản đồ
18395,DDM,ky-thuat-trac-dia-ban-do,C01,Điểm học bạ,2023,18.0,Kỳ thuật Trắc địa-Bản đồ
18396,DDM,ky-thuat-trac-dia-ban-do,D01,Điểm học bạ,2023,18.0,Kỳ thuật Trắc địa-Bản đồ
18397,DDM,ky-thuat-trac-dia-ban-do,A00,Điểm thi THPT,2023,15.0,Kỳ thuật Trắc địa-Bản đồ
18398,DDM,ky-thuat-trac-dia-ban-do,A09,Điểm thi THPT,2023,15.0,Kỳ thuật Trắc địa-Bản đồ
18399,DDM,ky-thuat-trac-dia-ban-do,C01,Điểm thi THPT,2023,15.0,Kỳ thuật Trắc địa-Bản đồ
18400,DDM,ky-thuat-trac-dia-ban-do,D01,Điểm thi THPT,2023,15.0,Kỳ thuật Trắc địa-Bản đồ
18401,DDM,ky-thuat-tuyen-khoang,A00,Điểm học bạ,2021,16.0,Kỹ thuật tuyển khoáng
18402,DDM,ky-thuat-tuyen-khoang,A01,Điểm học bạ,2021,16.0,Kỹ thuật tuyển khoáng
18403,DDM,ky-thuat-tuyen-khoang,D01,Điểm học bạ,2021,16.0,Kỹ thuật tuyển khoáng
18404,DDM,ky-thuat-tuyen-khoang,D07,Điểm học bạ,2021,16.0,Kỹ thuật tuyển khoáng
18405,DDM,ky-thuat-tuyen-khoang,A00,Điểm thi THPT,2021,15.0,Kỹ thuật tuyển khoáng
18406,DDM,ky-thuat-tuyen-khoang,A01,Điểm thi THPT,2021,15.0,Kỹ thuật tuyển khoáng
18407,DDM,ky-thuat-tuyen-khoang,D01,Điểm thi THPT,2021,15.0,Kỹ thuật tuyển khoáng
18408,DDM,ky-thuat-tuyen-khoang,D07,Điểm thi THPT,2021,15.0,Kỹ thuật tuyển khoáng
18409,DDM,ky-thuat-tuyen-khoang,A00,Điểm học bạ,2022,18.0,Kỹ thuật tuyển khoáng
18410,DDM,ky-thuat-tuyen-khoang,A09,Điểm học bạ,2022,18.0,Kỹ thuật tuyển khoáng
18411,DDM,ky-thuat-tuyen-khoang,C01,Điểm học bạ,2022,18.0,Kỹ thuật tuyển khoáng
18412,DDM,ky-thuat-tuyen-khoang,D01,Điểm học bạ,2022,18.0,Kỹ thuật tuyển khoáng
18413,DDM,ky-thuat-tuyen-khoang,A00,Điểm thi THPT,2022,15.0,Kỹ thuật tuyển khoáng
18414,DDM,ky-thuat-tuyen-khoang,A09,Điểm thi THPT,2022,15.0,Kỹ thuật tuyển khoáng
18415,DDM,ky-thuat-tuyen-khoang,C01,Điểm thi THPT,2022,15.0,Kỹ thuật tuyển khoáng
18416,DDM,ky-thuat-tuyen-khoang,D01,Điểm thi THPT,2022,15.0,Kỹ thuật tuyển khoáng
18417,DDM,ky-thuat-tuyen-khoang,A00,Điểm học bạ,2023,18.0,Kỹ thuật tuyển khoáng
18418,DDM,ky-thuat-tuyen-khoang,A09,Điểm học bạ,2023,18.0,Kỹ thuật tuyển khoáng
18419,DDM,ky-thuat-tuyen-khoang,C01,Điểm học bạ,2023,18.0,Kỹ thuật tuyển khoáng
18420,DDM,ky-thuat-tuyen-khoang,D01,Điểm học bạ,2023,18.0,Kỹ thuật tuyển khoáng
18421,DDM,ky-thuat-tuyen-khoang,A00,Điểm thi THPT,2023,15.0,Kỹ thuật tuyển khoáng
18422,DDM,ky-thuat-tuyen-khoang,A09,Điểm thi THPT,2023,15.0,Kỹ thuật tuyển khoáng
18423,DDM,ky-thuat-tuyen-khoang,C01,Điểm thi THPT,2023,15.0,Kỹ thuật tuyển khoáng
18424,DDM,ky-thuat-tuyen-khoang,D01,Điểm thi THPT,2023,15.0,Kỹ thuật tuyển khoáng
18425,DDM,ky-thuat-tuyen-khoang,A00,Điểm học bạ,2025,18.0,Kỹ thuật tuyên khoáng
18426,DDM,ky-thuat-tuyen-khoang,A01,Điểm học bạ,2025,18.0,Kỹ thuật tuyên khoáng
18427,DDM,ky-thuat-tuyen-khoang,D01,Điểm học bạ,2025,18.0,Kỹ thuật tuyên khoáng
18428,DDM,ky-thuat-tuyen-khoang,D04,Điểm học bạ,2025,18.0,Kỹ thuật tuyên khoáng
18429,DDM,ky-thuat-tuyen-khoang,X17,Điểm học bạ,2025,18.0,Kỹ thuật tuyên khoáng
18430,DDM,ky-thuat-tuyen-khoang,X21,Điểm học bạ,2025,18.0,Kỹ thuật tuyên khoáng
18431,DDM,ky-thuat-tuyen-khoang,X23,Điểm học bạ,2025,18.0,Kỹ thuật tuyên khoáng
18432,DDM,ky-thuat-tuyen-khoang,A00,Điểm thi THPT,2025,15.5,Kỹ thuật tuyên khoáng
18433,DDM,ky-thuat-tuyen-khoang,A01,Điểm thi THPT,2025,15.5,Kỹ thuật tuyên khoáng
18434,DDM,ky-thuat-tuyen-khoang,D01,Điểm thi THPT,2025,15.5,Kỹ thuật tuyên khoáng
18435,DDM,ky-thuat-tuyen-khoang,D04,Điểm thi THPT,2025,15.5,Kỹ thuật tuyên khoáng
18436,DDM,ky-thuat-tuyen-khoang,X17,Điểm thi THPT,2025,15.5,Kỹ thuật tuyên khoáng
18437,DDM,ky-thuat-tuyen-khoang,X21,Điểm thi THPT,2025,15.5,Kỹ thuật tuyên khoáng
18438,DDM,ky-thuat-tuyen-khoang,X23,Điểm thi THPT,2025,15.5,Kỹ thuật tuyên khoáng
18439,DDM,quan-tri-kinh-doanh,A00,Điểm học bạ,2021,16.0,Quản trị kinh doanh
18440,DDM,quan-tri-kinh-doanh,A01,Điểm học bạ,2021,16.0,Quản trị kinh doanh
18441,DDM,quan-tri-kinh-doanh,D01,Điểm học bạ,2021,16.0,Quản trị kinh doanh
18442,DDM,quan-tri-kinh-doanh,D07,Điểm học bạ,2021,16.0,Quản trị kinh doanh
18443,DDM,quan-tri-kinh-doanh,A00,Điểm thi THPT,2021,15.0,Quản trị kinh doanh
18444,DDM,quan-tri-kinh-doanh,A01,Điểm thi THPT,2021,15.0,Quản trị kinh doanh
18445,DDM,quan-tri-kinh-doanh,D01,Điểm thi THPT,2021,15.0,Quản trị kinh doanh
18446,DDM,quan-tri-kinh-doanh,D07,Điểm thi THPT,2021,15.0,Quản trị kinh doanh
18447,DDM,quan-tri-kinh-doanh,A00,Điểm học bạ,2022,18.0,Quản trị kinh doanh
18448,DDM,quan-tri-kinh-doanh,A09,Điểm học bạ,2022,18.0,Quản trị kinh doanh
18449,DDM,quan-tri-kinh-doanh,C01,Điểm học bạ,2022,18.0,Quản trị kinh doanh
18450,DDM,quan-tri-kinh-doanh,D01,Điểm học bạ,2022,18.0,Quản trị kinh doanh
18451,DDM,quan-tri-kinh-doanh,A00,Điểm thi THPT,2022,15.0,Quản trị kinh doanh
18452,DDM,quan-tri-kinh-doanh,A09,Điểm thi THPT,2022,15.0,Quản trị kinh doanh
18453,DDM,quan-tri-kinh-doanh,C01,Điểm thi THPT,2022,15.0,Quản trị kinh doanh
18454,DDM,quan-tri-kinh-doanh,D01,Điểm thi THPT,2022,15.0,Quản trị kinh doanh
18455,DDM,quan-tri-kinh-doanh,A00,Điểm học bạ,2023,18.0,Quản trị kinh doanh
18456,DDM,quan-tri-kinh-doanh,A09,Điểm học bạ,2023,18.0,Quản trị kinh doanh
18457,DDM,quan-tri-kinh-doanh,C01,Điểm học bạ,2023,18.0,Quản trị kinh doanh
18458,DDM,quan-tri-kinh-doanh,D01,Điểm học bạ,2023,18.0,Quản trị kinh doanh
18459,DDM,quan-tri-kinh-doanh,A00,Điểm thi THPT,2023,15.0,Quản trị kinh doanh
18460,DDM,quan-tri-kinh-doanh,A09,Điểm thi THPT,2023,15.0,Quản trị kinh doanh
18461,DDM,quan-tri-kinh-doanh,C01,Điểm thi THPT,2023,15.0,Quản trị kinh doanh
18462,DDM,quan-tri-kinh-doanh,D01,Điểm thi THPT,2023,15.0,Quản trị kinh doanh
18463,DDM,quan-tri-kinh-doanh,A00,Điểm học bạ,2024,18.0,Quản trị kinh doanh
18464,DDM,quan-tri-kinh-doanh,A09,Điểm học bạ,2024,18.0,Quản trị kinh doanh
18465,DDM,quan-tri-kinh-doanh,C01,Điểm học bạ,2024,18.0,Quản trị kinh doanh
18466,DDM,quan-tri-kinh-doanh,D01,Điểm học bạ,2024,18.0,Quản trị kinh doanh
18467,DDM,quan-tri-kinh-doanh,A00,Điểm thi THPT,2024,15.0,Quản trị kinh doanh
18468,DDM,quan-tri-kinh-doanh,A09,Điểm thi THPT,2024,15.0,Quản trị kinh doanh
18469,DDM,quan-tri-kinh-doanh,C01,Điểm thi THPT,2024,15.0,Quản trị kinh doanh
18470,DDM,quan-tri-kinh-doanh,D01,Điểm thi THPT,2024,15.0,Quản trị kinh doanh
18471,DDM,quan-tri-kinh-doanh,A00,Điểm học bạ,2025,18.0,Quản trị kinh doanh
18472,DDM,quan-tri-kinh-doanh,A01,Điểm học bạ,2025,18.0,Quản trị kinh doanh
18473,DDM,quan-tri-kinh-doanh,C01,Điểm học bạ,2025,18.0,Quản trị kinh doanh
18474,DDM,quan-tri-kinh-doanh,C03,Điểm học bạ,2025,18.0,Quản trị kinh doanh
18475,DDM,quan-tri-kinh-doanh,D01,Điểm học bạ,2025,18.0,Quản trị kinh doanh
18476,DDM,quan-tri-kinh-doanh,D04,Điểm học bạ,2025,18.0,Quản trị kinh doanh
18477,DDM,quan-tri-kinh-doanh,X17,Điểm học bạ,2025,18.0,Quản trị kinh doanh
18478,DDM,quan-tri-kinh-doanh,X21,Điểm học bạ,2025,18.0,Quản trị kinh doanh
18479,DDM,quan-tri-kinh-doanh,A00,Điểm thi THPT,2025,15.0,Quản trị kinh doanh
18480,DDM,quan-tri-kinh-doanh,A01,Điểm thi THPT,2025,15.0,Quản trị kinh doanh
18481,DDM,quan-tri-kinh-doanh,C01,Điểm thi THPT,2025,15.0,Quản trị kinh doanh
18482,DDM,quan-tri-kinh-doanh,C03,Điểm thi THPT,2025,15.0,Quản trị kinh doanh
18483,DDM,quan-tri-kinh-doanh,D01,Điểm thi THPT,2025,15.0,Quản trị kinh doanh
18484,DDM,quan-tri-kinh-doanh,D04,Điểm thi THPT,2025,15.0,Quản trị kinh doanh
18485,DDM,quan-tri-kinh-doanh,X17,Điểm thi THPT,2025,15.0,Quản trị kinh doanh
18486,DDM,quan-tri-kinh-doanh,X21,Điểm thi THPT,2025,15.0,Quản trị kinh doanh
18487,DDM,tai-chinh-ngan-hang,A00,Điểm học bạ,2021,16.0,Tài chính ngân hàng
18488,DDM,tai-chinh-ngan-hang,A01,Điểm học bạ,2021,16.0,Tài chính ngân hàng
18489,DDM,tai-chinh-ngan-hang,D01,Điểm học bạ,2021,16.0,Tài chính ngân hàng
18490,DDM,tai-chinh-ngan-hang,D07,Điểm học bạ,2021,16.0,Tài chính ngân hàng
18491,DDM,tai-chinh-ngan-hang,A00,Điểm thi THPT,2021,15.0,Tài chính ngân hàng
18492,DDM,tai-chinh-ngan-hang,A01,Điểm thi THPT,2021,15.0,Tài chính ngân hàng
18493,DDM,tai-chinh-ngan-hang,D01,Điểm thi THPT,2021,15.0,Tài chính ngân hàng
18494,DDM,tai-chinh-ngan-hang,D07,Điểm thi THPT,2021,15.0,Tài chính ngân hàng
18495,DDM,tai-chinh-ngan-hang,A00,Điểm học bạ,2022,18.0,Tài chính ngân hàng
18496,DDM,tai-chinh-ngan-hang,A09,Điểm học bạ,2022,18.0,Tài chính ngân hàng
18497,DDM,tai-chinh-ngan-hang,C01,Điểm học bạ,2022,18.0,Tài chính ngân hàng
18498,DDM,tai-chinh-ngan-hang,D01,Điểm học bạ,2022,18.0,Tài chính ngân hàng
18499,DDM,tai-chinh-ngan-hang,A00,Điểm thi THPT,2022,15.0,Tài chính ngân hàng
18500,DDM,tai-chinh-ngan-hang,A09,Điểm thi THPT,2022,15.0,Tài chính ngân hàng
18501,DDM,tai-chinh-ngan-hang,C01,Điểm thi THPT,2022,15.0,Tài chính ngân hàng
18502,DDM,tai-chinh-ngan-hang,D01,Điểm thi THPT,2022,15.0,Tài chính ngân hàng
18503,DDM,tai-chinh-ngan-hang,A00,Điểm học bạ,2023,18.0,Tài chính ngân hàng
18504,DDM,tai-chinh-ngan-hang,A09,Điểm học bạ,2023,18.0,Tài chính ngân hàng
18505,DDM,tai-chinh-ngan-hang,C01,Điểm học bạ,2023,18.0,Tài chính ngân hàng
18506,DDM,tai-chinh-ngan-hang,D01,Điểm học bạ,2023,18.0,Tài chính ngân hàng
18507,DDM,tai-chinh-ngan-hang,A00,Điểm thi THPT,2023,15.0,Tài chính ngân hàng
18508,DDM,tai-chinh-ngan-hang,A09,Điểm thi THPT,2023,15.0,Tài chính ngân hàng
18509,DDM,tai-chinh-ngan-hang,C01,Điểm thi THPT,2023,15.0,Tài chính ngân hàng
18510,DDM,tai-chinh-ngan-hang,D01,Điểm thi THPT,2023,15.0,Tài chính ngân hàng
18511,DDM,tai-chinh-ngan-hang,A00,Điểm học bạ,2024,18.0,Tài chính ngân hàng
18512,DDM,tai-chinh-ngan-hang,A09,Điểm học bạ,2024,18.0,Tài chính ngân hàng
18513,DDM,tai-chinh-ngan-hang,C01,Điểm học bạ,2024,18.0,Tài chính ngân hàng
18514,DDM,tai-chinh-ngan-hang,D01,Điểm học bạ,2024,18.0,Tài chính ngân hàng
18515,DDM,tai-chinh-ngan-hang,A00,Điểm thi THPT,2024,15.0,Tài chính ngân hàng
18516,DDM,tai-chinh-ngan-hang,A09,Điểm thi THPT,2024,15.0,Tài chính ngân hàng
18517,DDM,tai-chinh-ngan-hang,C01,Điểm thi THPT,2024,15.0,Tài chính ngân hàng
18518,DDM,tai-chinh-ngan-hang,D01,Điểm thi THPT,2024,15.0,Tài chính ngân hàng
18519,DDM,tai-chinh-ngan-hang,A00,Điểm học bạ,2025,18.0,Tài chính ngân hàng
18520,DDM,tai-chinh-ngan-hang,A01,Điểm học bạ,2025,18.0,Tài chính ngân hàng
18521,DDM,tai-chinh-ngan-hang,C01,Điểm học bạ,2025,18.0,Tài chính ngân hàng
18522,DDM,tai-chinh-ngan-hang,C03,Điểm học bạ,2025,18.0,Tài chính ngân hàng
18523,DDM,tai-chinh-ngan-hang,D01,Điểm học bạ,2025,18.0,Tài chính ngân hàng
18524,DDM,tai-chinh-ngan-hang,D04,Điểm học bạ,2025,18.0,Tài chính ngân hàng
18525,DDM,tai-chinh-ngan-hang,X17,Điểm học bạ,2025,18.0,Tài chính ngân hàng
18526,DDM,tai-chinh-ngan-hang,X21,Điểm học bạ,2025,18.0,Tài chính ngân hàng
18527,DDM,tai-chinh-ngan-hang,A00,Điểm thi THPT,2025,16.0,Tài chính ngân hàng
18528,DDM,tai-chinh-ngan-hang,A01,Điểm thi THPT,2025,16.0,Tài chính ngân hàng
18529,DDM,tai-chinh-ngan-hang,C01,Điểm thi THPT,2025,16.0,Tài chính ngân hàng
18530,DDM,tai-chinh-ngan-hang,C03,Điểm thi THPT,2025,16.0,Tài chính ngân hàng
18531,DDM,tai-chinh-ngan-hang,D01,Điểm thi THPT,2025,16.0,Tài chính ngân hàng
18532,DDM,tai-chinh-ngan-hang,D04,Điểm thi THPT,2025,16.0,Tài chính ngân hàng
18533,DDM,tai-chinh-ngan-hang,X17,Điểm thi THPT,2025,16.0,Tài chính ngân hàng
18534,DDM,tai-chinh-ngan-hang,X21,Điểm thi THPT,2025,16.0,Tài chính ngân hàng
18535,DDN,cong-nghe-ban-dan,A00,Điểm học bạ,2024,18.0,Công nghệ kỹ thuật điều khiển và tự động hóa (chuyên ngành công nghệ bán dẫn)
18536,DDN,cong-nghe-ban-dan,A01,Điểm học bạ,2024,18.0,Công nghệ kỹ thuật điều khiển và tự động hóa (chuyên ngành công nghệ bán dẫn)
18537,DDN,cong-nghe-ban-dan,D01,Điểm học bạ,2024,18.0,Công nghệ kỹ thuật điều khiển và tự động hóa (chuyên ngành công nghệ bán dẫn)
18538,DDN,cong-nghe-ban-dan,D07,Điểm học bạ,2024,18.0,Công nghệ kỹ thuật điều khiển và tự động hóa (chuyên ngành công nghệ bán dẫn)
18539,DDN,cong-nghe-ban-dan,A00,Điểm thi THPT,2024,16.0,Công nghệ kỹ thuật điều khiển và tự động hóa (chuyên ngành công nghệ bán dẫn)
18540,DDN,cong-nghe-ban-dan,A01,Điểm thi THPT,2024,16.0,Công nghệ kỹ thuật điều khiển và tự động hóa (chuyên ngành công nghệ bán dẫn)
18541,DDN,cong-nghe-ban-dan,D01,Điểm thi THPT,2024,16.0,Công nghệ kỹ thuật điều khiển và tự động hóa (chuyên ngành công nghệ bán dẫn)
18542,DDN,cong-nghe-ban-dan,D07,Điểm thi THPT,2024,16.0,Công nghệ kỹ thuật điều khiển và tự động hóa (chuyên ngành công nghệ bán dẫn)
18543,DDN,cong-nghe-ban-dan,A00,Điểm học bạ,2025,18.0,Công nghệ bán dẫn (Liên kết Đài Loan)
18544,DDN,cong-nghe-ban-dan,A01,Điểm học bạ,2025,18.0,Công nghệ bán dẫn (Liên kết Đài Loan)
18545,DDN,cong-nghe-ban-dan,A10,Điểm học bạ,2025,18.0,Công nghệ bán dẫn (Liên kết Đài Loan)
18546,DDN,cong-nghe-ban-dan,C01,Điểm học bạ,2025,18.0,Công nghệ bán dẫn (Liên kết Đài Loan)
18547,DDN,cong-nghe-ban-dan,D01,Điểm học bạ,2025,18.0,Công nghệ bán dẫn (Liên kết Đài Loan)
18548,DDN,cong-nghe-ban-dan,D07,Điểm học bạ,2025,18.0,Công nghệ bán dẫn (Liên kết Đài Loan)
18549,DDN,cong-nghe-ban-dan,X05,Điểm học bạ,2025,18.0,Công nghệ bán dẫn (Liên kết Đài Loan)
18550,DDN,cong-nghe-ban-dan,A00,Điểm thi THPT,2025,15.0,Công nghệ bán dẫn (Liên kết Đài Loan)
18551,DDN,cong-nghe-ban-dan,A01,Điểm thi THPT,2025,15.0,Công nghệ bán dẫn (Liên kết Đài Loan)
18552,DDN,cong-nghe-ban-dan,A10,Điểm thi THPT,2025,15.0,Công nghệ bán dẫn (Liên kết Đài Loan)
18553,DDN,cong-nghe-ban-dan,C01,Điểm thi THPT,2025,15.0,Công nghệ bán dẫn (Liên kết Đài Loan)
18554,DDN,cong-nghe-ban-dan,D01,Điểm thi THPT,2025,15.0,Công nghệ bán dẫn (Liên kết Đài Loan)
18555,DDN,cong-nghe-ban-dan,D07,Điểm thi THPT,2025,15.0,Công nghệ bán dẫn (Liên kết Đài Loan)
18556,DDN,cong-nghe-ban-dan,X05,Điểm thi THPT,2025,15.0,Công nghệ bán dẫn (Liên kết Đài Loan)
18557,DDN,cong-nghe-ky-thuat-co-dien-tu,A00,Điểm học bạ,2025,18.0,Công nghệ kỹ thuật cơ điện tử
18558,DDN,cong-nghe-ky-thuat-co-dien-tu,A01,Điểm học bạ,2025,18.0,Công nghệ kỹ thuật cơ điện tử
18559,DDN,cong-nghe-ky-thuat-co-dien-tu,A10,Điểm học bạ,2025,18.0,Công nghệ kỹ thuật cơ điện tử
18560,DDN,cong-nghe-ky-thuat-co-dien-tu,C01,Điểm học bạ,2025,18.0,Công nghệ kỹ thuật cơ điện tử
18561,DDN,cong-nghe-ky-thuat-co-dien-tu,D01,Điểm học bạ,2025,18.0,Công nghệ kỹ thuật cơ điện tử
18562,DDN,cong-nghe-ky-thuat-co-dien-tu,D07,Điểm học bạ,2025,18.0,Công nghệ kỹ thuật cơ điện tử
18563,DDN,cong-nghe-ky-thuat-co-dien-tu,X05,Điểm học bạ,2025,18.0,Công nghệ kỹ thuật cơ điện tử
18564,DDN,cong-nghe-ky-thuat-co-dien-tu,A00,Điểm thi THPT,2025,15.0,Công nghệ kỹ thuật cơ điện tử
18565,DDN,cong-nghe-ky-thuat-co-dien-tu,A01,Điểm thi THPT,2025,15.0,Công nghệ kỹ thuật cơ điện tử
18566,DDN,cong-nghe-ky-thuat-co-dien-tu,A10,Điểm thi THPT,2025,15.0,Công nghệ kỹ thuật cơ điện tử
18567,DDN,cong-nghe-ky-thuat-co-dien-tu,C01,Điểm thi THPT,2025,15.0,Công nghệ kỹ thuật cơ điện tử
18568,DDN,cong-nghe-ky-thuat-co-dien-tu,D01,Điểm thi THPT,2025,15.0,Công nghệ kỹ thuật cơ điện tử
18569,DDN,cong-nghe-ky-thuat-co-dien-tu,D07,Điểm thi THPT,2025,15.0,Công nghệ kỹ thuật cơ điện tử
18570,DDN,cong-nghe-ky-thuat-co-dien-tu,X05,Điểm thi THPT,2025,15.0,Công nghệ kỹ thuật cơ điện tử
18571,DDN,cong-nghe-ky-thuat-dien-dien-tu,A00,Điểm học bạ,2024,18.0,"Công nghệ kỹ thuật điện, điện tử"
18572,DDN,cong-nghe-ky-thuat-dien-dien-tu,A01,Điểm học bạ,2024,18.0,"Công nghệ kỹ thuật điện, điện tử"
18573,DDN,cong-nghe-ky-thuat-dien-dien-tu,A10,Điểm học bạ,2024,18.0,"Công nghệ kỹ thuật điện, điện tử"
18574,DDN,cong-nghe-ky-thuat-dien-dien-tu,D01,Điểm học bạ,2024,18.0,"Công nghệ kỹ thuật điện, điện tử"
18575,DDN,cong-nghe-ky-thuat-dien-dien-tu,A00,Điểm thi THPT,2024,16.0,"Công nghệ kỹ thuật điện, điện tử"
18576,DDN,cong-nghe-ky-thuat-dien-dien-tu,A01,Điểm thi THPT,2024,16.0,"Công nghệ kỹ thuật điện, điện tử"
18577,DDN,cong-nghe-ky-thuat-dien-dien-tu,A10,Điểm thi THPT,2024,16.0,"Công nghệ kỹ thuật điện, điện tử"
18578,DDN,cong-nghe-ky-thuat-dien-dien-tu,D01,Điểm thi THPT,2024,16.0,"Công nghệ kỹ thuật điện, điện tử"
18579,DDN,cong-nghe-ky-thuat-dien-dien-tu,A00,Điểm học bạ,2025,18.0,"Công nghệ kỹ thuật điện, điện tử"
18580,DDN,cong-nghe-ky-thuat-dien-dien-tu,A01,Điểm học bạ,2025,18.0,"Công nghệ kỹ thuật điện, điện tử"
18581,DDN,cong-nghe-ky-thuat-dien-dien-tu,A10,Điểm học bạ,2025,18.0,"Công nghệ kỹ thuật điện, điện tử"
18582,DDN,cong-nghe-ky-thuat-dien-dien-tu,C01,Điểm học bạ,2025,18.0,"Công nghệ kỹ thuật điện, điện tử"
18583,DDN,cong-nghe-ky-thuat-dien-dien-tu,D01,Điểm học bạ,2025,18.0,"Công nghệ kỹ thuật điện, điện tử"
18584,DDN,cong-nghe-ky-thuat-dien-dien-tu,D07,Điểm học bạ,2025,18.0,"Công nghệ kỹ thuật điện, điện tử"
18585,DDN,cong-nghe-ky-thuat-dien-dien-tu,X05,Điểm học bạ,2025,18.0,"Công nghệ kỹ thuật điện, điện tử"
18586,DDN,cong-nghe-ky-thuat-dien-dien-tu,A00,Điểm thi THPT,2025,15.0,"Công nghệ kỹ thuật điện, điện tử"
18587,DDN,cong-nghe-ky-thuat-dien-dien-tu,A01,Điểm thi THPT,2025,15.0,"Công nghệ kỹ thuật điện, điện tử"
18588,DDN,cong-nghe-ky-thuat-dien-dien-tu,A10,Điểm thi THPT,2025,15.0,"Công nghệ kỹ thuật điện, điện tử"
18589,DDN,cong-nghe-ky-thuat-dien-dien-tu,C01,Điểm thi THPT,2025,15.0,"Công nghệ kỹ thuật điện, điện tử"
18590,DDN,cong-nghe-ky-thuat-dien-dien-tu,D01,Điểm thi THPT,2025,15.0,"Công nghệ kỹ thuật điện, điện tử"
18591,DDN,cong-nghe-ky-thuat-dien-dien-tu,D07,Điểm thi THPT,2025,15.0,"Công nghệ kỹ thuật điện, điện tử"
18592,DDN,cong-nghe-ky-thuat-dien-dien-tu,X05,Điểm thi THPT,2025,15.0,"Công nghệ kỹ thuật điện, điện tử"
18593,DDN,cong-nghe-ky-thuat-dieu-khien-tu-dong-hoa,A00,Điểm học bạ,2025,18.0,Công nghệ kỹ thuật điều khiển & tự động hóa
18594,DDN,cong-nghe-ky-thuat-dieu-khien-tu-dong-hoa,A01,Điểm học bạ,2025,18.0,Công nghệ kỹ thuật điều khiển & tự động hóa
18595,DDN,cong-nghe-ky-thuat-dieu-khien-tu-dong-hoa,A10,Điểm học bạ,2025,18.0,Công nghệ kỹ thuật điều khiển & tự động hóa
18596,DDN,cong-nghe-ky-thuat-dieu-khien-tu-dong-hoa,C01,Điểm học bạ,2025,18.0,Công nghệ kỹ thuật điều khiển & tự động hóa
18597,DDN,cong-nghe-ky-thuat-dieu-khien-tu-dong-hoa,D01,Điểm học bạ,2025,18.0,Công nghệ kỹ thuật điều khiển & tự động hóa
18598,DDN,cong-nghe-ky-thuat-dieu-khien-tu-dong-hoa,D07,Điểm học bạ,2025,18.0,Công nghệ kỹ thuật điều khiển & tự động hóa
18599,DDN,cong-nghe-ky-thuat-dieu-khien-tu-dong-hoa,X05,Điểm học bạ,2025,18.0,Công nghệ kỹ thuật điều khiển & tự động hóa
18600,DDN,cong-nghe-ky-thuat-dieu-khien-tu-dong-hoa,A00,Điểm thi THPT,2025,15.0,Công nghệ kỹ thuật điều khiển & tự động hóa
18601,DDN,cong-nghe-ky-thuat-dieu-khien-tu-dong-hoa,A01,Điểm thi THPT,2025,15.0,Công nghệ kỹ thuật điều khiển & tự động hóa
18602,DDN,cong-nghe-ky-thuat-dieu-khien-tu-dong-hoa,A10,Điểm thi THPT,2025,15.0,Công nghệ kỹ thuật điều khiển & tự động hóa
18603,DDN,cong-nghe-ky-thuat-dieu-khien-tu-dong-hoa,C01,Điểm thi THPT,2025,15.0,Công nghệ kỹ thuật điều khiển & tự động hóa
18604,DDN,cong-nghe-ky-thuat-dieu-khien-tu-dong-hoa,D01,Điểm thi THPT,2025,15.0,Công nghệ kỹ thuật điều khiển & tự động hóa
18605,DDN,cong-nghe-ky-thuat-dieu-khien-tu-dong-hoa,D07,Điểm thi THPT,2025,15.0,Công nghệ kỹ thuật điều khiển & tự động hóa
18606,DDN,cong-nghe-ky-thuat-dieu-khien-tu-dong-hoa,X05,Điểm thi THPT,2025,15.0,Công nghệ kỹ thuật điều khiển & tự động hóa
18607,DDN,cong-nghe-ky-thuat-o-to,A00,Điểm học bạ,2022,21.0,Công nghệ kỹ thuật ô tô
18608,DDN,cong-nghe-ky-thuat-o-to,A01,Điểm học bạ,2022,21.0,Công nghệ kỹ thuật ô tô
18609,DDN,cong-nghe-ky-thuat-o-to,A10,Điểm học bạ,2022,21.0,Công nghệ kỹ thuật ô tô
18610,DDN,cong-nghe-ky-thuat-o-to,D01,Điểm học bạ,2022,21.0,Công nghệ kỹ thuật ô tô
18611,DDN,cong-nghe-ky-thuat-o-to,A00,Điểm thi THPT,2022,15.0,Công nghệ kỹ thuật ô tô
18612,DDN,cong-nghe-ky-thuat-o-to,A01,Điểm thi THPT,2022,15.0,Công nghệ kỹ thuật ô tô
18613,DDN,cong-nghe-ky-thuat-o-to,A10,Điểm thi THPT,2022,15.0,Công nghệ kỹ thuật ô tô
18614,DDN,cong-nghe-ky-thuat-o-to,D01,Điểm thi THPT,2022,15.0,Công nghệ kỹ thuật ô tô
18615,DDN,cong-nghe-ky-thuat-o-to,A00,Điểm học bạ,2023,18.0,Công nghệ kỹ thuật ô tô
18616,DDN,cong-nghe-ky-thuat-o-to,A01,Điểm học bạ,2023,18.0,Công nghệ kỹ thuật ô tô
18617,DDN,cong-nghe-ky-thuat-o-to,A10,Điểm học bạ,2023,18.0,Công nghệ kỹ thuật ô tô
18618,DDN,cong-nghe-ky-thuat-o-to,D01,Điểm học bạ,2023,18.0,Công nghệ kỹ thuật ô tô
18619,DDN,cong-nghe-ky-thuat-o-to,A00,Điểm thi THPT,2023,15.0,Công nghệ kỹ thuật ô tô
18620,DDN,cong-nghe-ky-thuat-o-to,A01,Điểm thi THPT,2023,15.0,Công nghệ kỹ thuật ô tô
18621,DDN,cong-nghe-ky-thuat-o-to,A10,Điểm thi THPT,2023,15.0,Công nghệ kỹ thuật ô tô
18622,DDN,cong-nghe-ky-thuat-o-to,D01,Điểm thi THPT,2023,15.0,Công nghệ kỹ thuật ô tô
18623,DDN,cong-nghe-ky-thuat-o-to,A00,Điểm học bạ,2024,18.0,Công nghệ kỹ thuật ô tô
18624,DDN,cong-nghe-ky-thuat-o-to,A01,Điểm học bạ,2024,18.0,Công nghệ kỹ thuật ô tô
18625,DDN,cong-nghe-ky-thuat-o-to,A10,Điểm học bạ,2024,18.0,Công nghệ kỹ thuật ô tô
18626,DDN,cong-nghe-ky-thuat-o-to,D01,Điểm học bạ,2024,18.0,Công nghệ kỹ thuật ô tô
18627,DDN,cong-nghe-ky-thuat-o-to,A00,Điểm thi THPT,2024,17.0,Công nghệ kỹ thuật ô tô
18628,DDN,cong-nghe-ky-thuat-o-to,A01,Điểm thi THPT,2024,17.0,Công nghệ kỹ thuật ô tô
18629,DDN,cong-nghe-ky-thuat-o-to,A10,Điểm thi THPT,2024,17.0,Công nghệ kỹ thuật ô tô
18630,DDN,cong-nghe-ky-thuat-o-to,D01,Điểm thi THPT,2024,17.0,Công nghệ kỹ thuật ô tô
18631,DDN,cong-nghe-ky-thuat-o-to,A00,Điểm học bạ,2025,18.0,Công nghệ kỹ thuật ô tô
18632,DDN,cong-nghe-ky-thuat-o-to,A01,Điểm học bạ,2025,18.0,Công nghệ kỹ thuật ô tô
18633,DDN,cong-nghe-ky-thuat-o-to,A10,Điểm học bạ,2025,18.0,Công nghệ kỹ thuật ô tô
18634,DDN,cong-nghe-ky-thuat-o-to,C01,Điểm học bạ,2025,18.0,Công nghệ kỹ thuật ô tô
18635,DDN,cong-nghe-ky-thuat-o-to,D01,Điểm học bạ,2025,18.0,Công nghệ kỹ thuật ô tô
18636,DDN,cong-nghe-ky-thuat-o-to,D07,Điểm học bạ,2025,18.0,Công nghệ kỹ thuật ô tô
18637,DDN,cong-nghe-ky-thuat-o-to,X05,Điểm học bạ,2025,18.0,Công nghệ kỹ thuật ô tô
18638,DDN,cong-nghe-ky-thuat-o-to,A00,Điểm thi THPT,2025,15.0,Công nghệ kỹ thuật ô tô
18639,DDN,cong-nghe-ky-thuat-o-to,A01,Điểm thi THPT,2025,15.0,Công nghệ kỹ thuật ô tô
18640,DDN,cong-nghe-ky-thuat-o-to,A10,Điểm thi THPT,2025,15.0,Công nghệ kỹ thuật ô tô
18641,DDN,cong-nghe-ky-thuat-o-to,C01,Điểm thi THPT,2025,15.0,Công nghệ kỹ thuật ô tô
18642,DDN,cong-nghe-ky-thuat-o-to,D01,Điểm thi THPT,2025,15.0,Công nghệ kỹ thuật ô tô
18643,DDN,cong-nghe-ky-thuat-o-to,D07,Điểm thi THPT,2025,15.0,Công nghệ kỹ thuật ô tô
18644,DDN,cong-nghe-ky-thuat-o-to,X05,Điểm thi THPT,2025,15.0,Công nghệ kỹ thuật ô tô
18645,DDN,cong-nghe-sinh-hoc,A00,Điểm học bạ,2024,18.0,Công nghệ sinh học
18646,DDN,cong-nghe-sinh-hoc,B00,Điểm học bạ,2024,18.0,Công nghệ sinh học
18647,DDN,cong-nghe-sinh-hoc,B08,Điểm học bạ,2024,18.0,Công nghệ sinh học
18648,DDN,cong-nghe-sinh-hoc,D07,Điểm học bạ,2024,18.0,Công nghệ sinh học
18649,DDN,cong-nghe-sinh-hoc,A00,Điểm thi THPT,2024,16.0,Công nghệ sinh học
18650,DDN,cong-nghe-sinh-hoc,B00,Điểm thi THPT,2024,16.0,Công nghệ sinh học
18651,DDN,cong-nghe-sinh-hoc,B08,Điểm thi THPT,2024,16.0,Công nghệ sinh học
18652,DDN,cong-nghe-sinh-hoc,D07,Điểm thi THPT,2024,16.0,Công nghệ sinh học
18653,DDN,cong-nghe-tai-chinh,A00,Điểm học bạ,2024,18.0,Công nghệ tài chính (Fintech)
18654,DDN,cong-nghe-tai-chinh,A01,Điểm học bạ,2024,18.0,Công nghệ tài chính (Fintech)
18655,DDN,cong-nghe-tai-chinh,D01,Điểm học bạ,2024,18.0,Công nghệ tài chính (Fintech)
18656,DDN,cong-nghe-tai-chinh,D07,Điểm học bạ,2024,18.0,Công nghệ tài chính (Fintech)
18657,DDN,cong-nghe-tai-chinh,A00,Điểm thi THPT,2024,16.0,Công nghệ tài chính (Eintech)
18658,DDN,cong-nghe-tai-chinh,A01,Điểm thi THPT,2024,16.0,Công nghệ tài chính (Eintech)
18659,DDN,cong-nghe-tai-chinh,D01,Điểm thi THPT,2024,16.0,Công nghệ tài chính (Eintech)
18660,DDN,cong-nghe-tai-chinh,D07,Điểm thi THPT,2024,16.0,Công nghệ tài chính (Eintech)
18661,DDN,cong-nghe-tai-chinh,A00,Điểm học bạ,2025,18.0,Công nghệ tài chính (Fintech)
18662,DDN,cong-nghe-tai-chinh,A01,Điểm học bạ,2025,18.0,Công nghệ tài chính (Fintech)
18663,DDN,cong-nghe-tai-chinh,C01,Điểm học bạ,2025,18.0,Công nghệ tài chính (Fintech)
18664,DDN,cong-nghe-tai-chinh,C03,Điểm học bạ,2025,18.0,Công nghệ tài chính (Fintech)
18665,DDN,cong-nghe-tai-chinh,C04,Điểm học bạ,2025,18.0,Công nghệ tài chính (Fintech)
18666,DDN,cong-nghe-tai-chinh,D01,Điểm học bạ,2025,18.0,Công nghệ tài chính (Fintech)
18667,DDN,cong-nghe-tai-chinh,X26,Điểm học bạ,2025,18.0,Công nghệ tài chính (Fintech)
18668,DDN,cong-nghe-tai-chinh,A00,Điểm thi THPT,2025,15.0,Công nghệ tài chính (Fintech)
18669,DDN,cong-nghe-tai-chinh,A01,Điểm thi THPT,2025,15.0,Công nghệ tài chính (Fintech)
18670,DDN,cong-nghe-tai-chinh,C01,Điểm thi THPT,2025,15.0,Công nghệ tài chính (Fintech)
18671,DDN,cong-nghe-tai-chinh,C03,Điểm thi THPT,2025,15.0,Công nghệ tài chính (Fintech)
18672,DDN,cong-nghe-tai-chinh,C04,Điểm thi THPT,2025,15.0,Công nghệ tài chính (Fintech)
18673,DDN,cong-nghe-tai-chinh,D01,Điểm thi THPT,2025,15.0,Công nghệ tài chính (Fintech)
18674,DDN,cong-nghe-tai-chinh,X26,Điểm thi THPT,2025,15.0,Công nghệ tài chính (Fintech)
18675,DDN,cong-nghe-thong-tin,A00,Điểm học bạ,2021,18.0,Công nghệ thông tin
18676,DDN,cong-nghe-thong-tin,A10,Điểm học bạ,2021,18.0,Công nghệ thông tin
18677,DDN,cong-nghe-thong-tin,D84,Điểm học bạ,2021,18.0,Công nghệ thông tin
18678,DDN,cong-nghe-thong-tin,K01,Điểm học bạ,2021,18.0,Công nghệ thông tin
18679,DDN,cong-nghe-thong-tin,A00,Điểm thi THPT,2021,15.0,Công nghệ thông tin
18680,DDN,cong-nghe-thong-tin,A10,Điểm thi THPT,2021,15.0,Công nghệ thông tin
18681,DDN,cong-nghe-thong-tin,D84,Điểm thi THPT,2021,15.0,Công nghệ thông tin
18682,DDN,cong-nghe-thong-tin,K01,Điểm thi THPT,2021,15.0,Công nghệ thông tin
18683,DDN,cong-nghe-thong-tin,A00,Điểm học bạ,2022,20.0,Công nghệ thông tin
18684,DDN,cong-nghe-thong-tin,A01,Điểm học bạ,2022,20.0,Công nghệ thông tin
18685,DDN,cong-nghe-thong-tin,A10,Điểm học bạ,2022,20.0,Công nghệ thông tin
18686,DDN,cong-nghe-thong-tin,D84,Điểm học bạ,2022,20.0,Công nghệ thông tin
18687,DDN,cong-nghe-thong-tin,A00,Điểm thi THPT,2022,15.0,Công nghệ thông tin
18688,DDN,cong-nghe-thong-tin,A01,Điểm thi THPT,2022,15.0,Công nghệ thông tin
18689,DDN,cong-nghe-thong-tin,A10,Điểm thi THPT,2022,15.0,Công nghệ thông tin
18690,DDN,cong-nghe-thong-tin,D84,Điểm thi THPT,2022,15.0,Công nghệ thông tin
18691,DDN,cong-nghe-thong-tin,A00,Điểm học bạ,2023,18.0,Công nghệ thông tin
18692,DDN,cong-nghe-thong-tin,A01,Điểm học bạ,2023,18.0,Công nghệ thông tin
18693,DDN,cong-nghe-thong-tin,A10,Điểm học bạ,2023,18.0,Công nghệ thông tin
18694,DDN,cong-nghe-thong-tin,D84,Điểm học bạ,2023,18.0,Công nghệ thông tin
18695,DDN,cong-nghe-thong-tin,A00,Điểm thi THPT,2023,15.0,Công nghệ thông tin
18696,DDN,cong-nghe-thong-tin,A01,Điểm thi THPT,2023,15.0,Công nghệ thông tin
18697,DDN,cong-nghe-thong-tin,A10,Điểm thi THPT,2023,15.0,Công nghệ thông tin
18698,DDN,cong-nghe-thong-tin,D84,Điểm thi THPT,2023,15.0,Công nghệ thông tin
18699,DDN,cong-nghe-thong-tin,A00,Điểm học bạ,2024,18.0,Công nghệ thông tin
18700,DDN,cong-nghe-thong-tin,A01,Điểm học bạ,2024,18.0,Công nghệ thông tin
18701,DDN,cong-nghe-thong-tin,A10,Điểm học bạ,2024,18.0,Công nghệ thông tin
18702,DDN,cong-nghe-thong-tin,D84,Điểm học bạ,2024,18.0,Công nghệ thông tin
18703,DDN,cong-nghe-thong-tin,A00,Điểm thi THPT,2024,16.0,Công nghệ thông tin
18704,DDN,cong-nghe-thong-tin,A01,Điểm thi THPT,2024,16.0,Công nghệ thông tin
18705,DDN,cong-nghe-thong-tin,A10,Điểm thi THPT,2024,16.0,Công nghệ thông tin
18706,DDN,cong-nghe-thong-tin,D84,Điểm thi THPT,2024,16.0,Công nghệ thông tin
18707,DDN,cong-nghe-thong-tin,A00,Điểm học bạ,2025,18.0,Công nghệ thông tin
18708,DDN,cong-nghe-thong-tin,A01,Điểm học bạ,2025,18.0,Công nghệ thông tin
18709,DDN,cong-nghe-thong-tin,C01,Điểm học bạ,2025,18.0,Công nghệ thông tin
18710,DDN,cong-nghe-thong-tin,D01,Điểm học bạ,2025,18.0,Công nghệ thông tin
18711,DDN,cong-nghe-thong-tin,D07,Điểm học bạ,2025,18.0,Công nghệ thông tin
18712,DDN,cong-nghe-thong-tin,X06,Điểm học bạ,2025,18.0,Công nghệ thông tin
18713,DDN,cong-nghe-thong-tin,X26,Điểm học bạ,2025,18.0,Công nghệ thông tin
18714,DDN,cong-nghe-thong-tin,A00,Điểm thi THPT,2025,15.0,Công nghệ thông tin
18715,DDN,cong-nghe-thong-tin,A01,Điểm thi THPT,2025,15.0,Công nghệ thông tin
18716,DDN,cong-nghe-thong-tin,C01,Điểm thi THPT,2025,15.0,Công nghệ thông tin
18717,DDN,cong-nghe-thong-tin,D01,Điểm thi THPT,2025,15.0,Công nghệ thông tin
18718,DDN,cong-nghe-thong-tin,D07,Điểm thi THPT,2025,15.0,Công nghệ thông tin
18719,DDN,cong-nghe-thong-tin,X06,Điểm thi THPT,2025,15.0,Công nghệ thông tin
18720,DDN,cong-nghe-thong-tin,X26,Điểm thi THPT,2025,15.0,Công nghệ thông tin
18721,DDN,dieu-duong,B00,Điểm học bạ,2021,19.5,Điều dưỡng
18722,DDN,dieu-duong,C14,Điểm học bạ,2021,19.5,Điều dưỡng
18723,DDN,dieu-duong,D07,Điểm học bạ,2021,19.5,Điều dưỡng
18724,DDN,dieu-duong,D66,Điểm học bạ,2021,19.5,Điều dưỡng
18725,DDN,dieu-duong,B00,Điểm thi THPT,2021,19.0,Điều dưỡng
18726,DDN,dieu-duong,C14,Điểm thi THPT,2021,19.0,Điều dưỡng
18727,DDN,dieu-duong,D07,Điểm thi THPT,2021,19.0,Điều dưỡng
18728,DDN,dieu-duong,D66,Điểm thi THPT,2021,19.0,Điều dưỡng
18729,DDN,dieu-duong,B00,Điểm học bạ,2022,21.0,Điều dưỡng
18730,DDN,dieu-duong,C14,Điểm học bạ,2022,21.0,Điều dưỡng
18731,DDN,dieu-duong,D07,Điểm học bạ,2022,21.0,Điều dưỡng
18732,DDN,dieu-duong,D66,Điểm học bạ,2022,21.0,Điều dưỡng
18733,DDN,dieu-duong,B00,Điểm thi THPT,2022,19.0,Điều dưỡng
18734,DDN,dieu-duong,C14,Điểm thi THPT,2022,19.0,Điều dưỡng
18735,DDN,dieu-duong,D07,Điểm thi THPT,2022,19.0,Điều dưỡng
18736,DDN,dieu-duong,D66,Điểm thi THPT,2022,19.0,Điều dưỡng
18737,DDN,dieu-duong,B00,Điểm học bạ,2023,19.5,Điều dưỡng
18738,DDN,dieu-duong,C14,Điểm học bạ,2023,19.5,Điều dưỡng
18739,DDN,dieu-duong,D07,Điểm học bạ,2023,19.5,Điều dưỡng
18740,DDN,dieu-duong,D66,Điểm học bạ,2023,19.5,Điều dưỡng
18741,DDN,dieu-duong,B00,Điểm thi THPT,2023,19.0,Điều dưỡng
18742,DDN,dieu-duong,C14,Điểm thi THPT,2023,19.0,Điều dưỡng
18743,DDN,dieu-duong,D07,Điểm thi THPT,2023,19.0,Điều dưỡng
18744,DDN,dieu-duong,D66,Điểm thi THPT,2023,19.0,Điều dưỡng
18745,DDN,dieu-duong,B00,Điểm học bạ,2024,19.0,Điều dưỡng
18746,DDN,dieu-duong,C14,Điểm học bạ,2024,19.0,Điều dưỡng
18747,DDN,dieu-duong,D07,Điểm học bạ,2024,19.0,Điều dưỡng
18748,DDN,dieu-duong,D66,Điểm học bạ,2024,19.0,Điều dưỡng
18749,DDN,dieu-duong,B00,Điểm thi THPT,2024,19.0,Điều dưỡng
18750,DDN,dieu-duong,C14,Điểm thi THPT,2024,19.0,Điều dưỡng
18751,DDN,dieu-duong,D07,Điểm thi THPT,2024,19.0,Điều dưỡng
18752,DDN,dieu-duong,D66,Điểm thi THPT,2024,19.0,Điều dưỡng
18753,DDN,dieu-duong,A00,Điểm học bạ,2025,19.5,Điều dưỡng
18754,DDN,dieu-duong,B00,Điểm học bạ,2025,19.5,Điều dưỡng
18755,DDN,dieu-duong,B03,Điểm học bạ,2025,19.5,Điều dưỡng
18756,DDN,dieu-duong,C02,Điểm học bạ,2025,19.5,Điều dưỡng
18757,DDN,dieu-duong,C14,Điểm học bạ,2025,19.5,Điều dưỡng
18758,DDN,dieu-duong,D07,Điểm học bạ,2025,19.5,Điều dưỡng
18759,DDN,dieu-duong,X01,Điểm học bạ,2025,19.5,Điều dưỡng
18760,DDN,dieu-duong,A00,Điểm thi THPT,2025,17.0,Điều dưỡng
18761,DDN,dieu-duong,B00,Điểm thi THPT,2025,17.0,Điều dưỡng
18762,DDN,dieu-duong,B03,Điểm thi THPT,2025,17.0,Điều dưỡng
18763,DDN,dieu-duong,C02,Điểm thi THPT,2025,17.0,Điều dưỡng
18764,DDN,dieu-duong,C14,Điểm thi THPT,2025,17.0,Điều dưỡng
18765,DDN,dieu-duong,D07,Điểm thi THPT,2025,17.0,Điều dưỡng
18766,DDN,dieu-duong,X01,Điểm thi THPT,2025,17.0,Điều dưỡng
18767,DDN,dong-phuong-hoc,A01,Điểm học bạ,2021,18.0,Đông phương học
18768,DDN,dong-phuong-hoc,C00,Điểm học bạ,2021,18.0,Đông phương học
18769,DDN,dong-phuong-hoc,D01,Điểm học bạ,2021,18.0,Đông phương học
18770,DDN,dong-phuong-hoc,D15,Điểm học bạ,2021,18.0,Đông phương học
18771,DDN,dong-phuong-hoc,A01,Điểm thi THPT,2021,15.0,Đông phương học
18772,DDN,dong-phuong-hoc,C00,Điểm thi THPT,2021,15.0,Đông phương học
18773,DDN,dong-phuong-hoc,D01,Điểm thi THPT,2021,15.0,Đông phương học
18774,DDN,dong-phuong-hoc,D15,Điểm thi THPT,2021,15.0,Đông phương học
18775,DDN,dong-phuong-hoc,A01,Điểm học bạ,2022,21.0,Đông phương học (cn Nhật Bản)
18776,DDN,dong-phuong-hoc,C00,Điểm học bạ,2022,21.0,Đông phương học (cn Nhật Bản)
18777,DDN,dong-phuong-hoc,D01,Điểm học bạ,2022,21.0,Đông phương học (cn Nhật Bản)
18778,DDN,dong-phuong-hoc,D15,Điểm học bạ,2022,21.0,Đông phương học (cn Nhật Bản)
18779,DDN,dong-phuong-hoc,A01,Điểm thi THPT,2022,15.0,Đông phương học (cn Nhật Bản)
18780,DDN,dong-phuong-hoc,C00,Điểm thi THPT,2022,15.0,Đông phương học (cn Nhật Bản)
18781,DDN,dong-phuong-hoc,D01,Điểm thi THPT,2022,15.0,Đông phương học (cn Nhật Bản)
18782,DDN,dong-phuong-hoc,D15,Điểm thi THPT,2022,15.0,Đông phương học (cn Nhật Bản)
18783,DDN,dong-phuong-hoc,A01,Điểm học bạ,2023,18.0,Đông phương học
18784,DDN,dong-phuong-hoc,C00,Điểm học bạ,2023,18.0,Đông phương học
18785,DDN,dong-phuong-hoc,D01,Điểm học bạ,2023,18.0,Đông phương học
18786,DDN,dong-phuong-hoc,D15,Điểm học bạ,2023,18.0,Đông phương học
18787,DDN,dong-phuong-hoc,A01,Điểm thi THPT,2023,15.0,Đông phương học
18788,DDN,dong-phuong-hoc,C00,Điểm thi THPT,2023,15.0,Đông phương học
18789,DDN,dong-phuong-hoc,D01,Điểm thi THPT,2023,15.0,Đông phương học
18790,DDN,dong-phuong-hoc,D15,Điểm thi THPT,2023,15.0,Đông phương học
18791,DDN,duoc-hoc,A00,Điểm học bạ,2021,24.0,Dược học
18792,DDN,duoc-hoc,A11,Điểm học bạ,2021,24.0,Dược học
18793,DDN,duoc-hoc,B00,Điểm học bạ,2021,24.0,Dược học
18794,DDN,duoc-hoc,D07,Điểm học bạ,2021,24.0,Dược học
18795,DDN,duoc-hoc,A00,Điểm thi THPT,2021,21.0,Dược học
18796,DDN,duoc-hoc,A11,Điểm thi THPT,2021,21.0,Dược học
18797,DDN,duoc-hoc,B00,Điểm thi THPT,2021,21.0,Dược học
18798,DDN,duoc-hoc,D07,Điểm thi THPT,2021,21.0,Dược học
18799,DDN,duoc-hoc,A00,Điểm học bạ,2022,24.0,Dược học
18800,DDN,duoc-hoc,A01,Điểm học bạ,2022,24.0,Dược học
18801,DDN,duoc-hoc,B00,Điểm học bạ,2022,24.0,Dược học
18802,DDN,duoc-hoc,D08,Điểm học bạ,2022,24.0,Dược học
18803,DDN,duoc-hoc,A00,Điểm thi THPT,2022,21.0,Dược học
18804,DDN,duoc-hoc,A01,Điểm thi THPT,2022,21.0,Dược học
18805,DDN,duoc-hoc,B00,Điểm thi THPT,2022,21.0,Dược học
18806,DDN,duoc-hoc,D08,Điểm thi THPT,2022,21.0,Dược học
18807,DDN,duoc-hoc,A00,Điểm học bạ,2023,24.0,Dược học
18808,DDN,duoc-hoc,A11,Điểm học bạ,2023,24.0,Dược học
18809,DDN,duoc-hoc,B00,Điểm học bạ,2023,24.0,Dược học
18810,DDN,duoc-hoc,D07,Điểm học bạ,2023,24.0,Dược học
18811,DDN,duoc-hoc,A00,Điểm thi THPT,2023,21.0,Dược học
18812,DDN,duoc-hoc,A11,Điểm thi THPT,2023,21.0,Dược học
18813,DDN,duoc-hoc,B00,Điểm thi THPT,2023,21.0,Dược học
18814,DDN,duoc-hoc,D07,Điểm thi THPT,2023,21.0,Dược học
18815,DDN,duoc-hoc,A00,Điểm học bạ,2024,24.0,Dược học
18816,DDN,duoc-hoc,A11,Điểm học bạ,2024,24.0,Dược học
18817,DDN,duoc-hoc,B00,Điểm học bạ,2024,24.0,Dược học
18818,DDN,duoc-hoc,D07,Điểm học bạ,2024,24.0,Dược học
18819,DDN,duoc-hoc,A00,Điểm thi THPT,2024,21.0,Dược học
18820,DDN,duoc-hoc,A11,Điểm thi THPT,2024,21.0,Dược học
18821,DDN,duoc-hoc,B00,Điểm thi THPT,2024,21.0,Dược học
18822,DDN,duoc-hoc,D07,Điểm thi THPT,2024,21.0,Dược học
18823,DDN,duoc-hoc,A00,Điểm học bạ,2025,24.0,Dược học
18824,DDN,duoc-hoc,B00,Điểm học bạ,2025,24.0,Dược học
18825,DDN,duoc-hoc,B08,Điểm học bạ,2025,24.0,Dược học
18826,DDN,duoc-hoc,C02,Điểm học bạ,2025,24.0,Dược học
18827,DDN,duoc-hoc,D07,Điểm học bạ,2025,24.0,Dược học
18828,DDN,duoc-hoc,X09,Điểm học bạ,2025,24.0,Dược học
18829,DDN,duoc-hoc,X10,Điểm học bạ,2025,24.0,Dược học
18830,DDN,duoc-hoc,A00,Điểm thi THPT,2025,19.0,Dược học
18831,DDN,duoc-hoc,B00,Điểm thi THPT,2025,19.0,Dược học
18832,DDN,duoc-hoc,B08,Điểm thi THPT,2025,19.0,Dược học
18833,DDN,duoc-hoc,C02,Điểm thi THPT,2025,19.0,Dược học
18834,DDN,duoc-hoc,D07,Điểm thi THPT,2025,19.0,Dược học
18835,DDN,duoc-hoc,X09,Điểm thi THPT,2025,19.0,Dược học
18836,DDN,duoc-hoc,X10,Điểm thi THPT,2025,19.0,Dược học
18837,DDN,he-thong-thong-tin,A00,Điểm học bạ,2024,18.0,Hệ thống thông tin
18838,DDN,he-thong-thong-tin,A01,Điểm học bạ,2024,18.0,Hệ thống thông tin
18839,DDN,he-thong-thong-tin,D01,Điểm học bạ,2024,18.0,Hệ thống thông tin
18840,DDN,he-thong-thong-tin,D07,Điểm học bạ,2024,18.0,Hệ thống thông tin
18841,DDN,he-thong-thong-tin,A00,Điểm thi THPT,2024,16.0,Hệ thống thông tin
18842,DDN,he-thong-thong-tin,A01,Điểm thi THPT,2024,16.0,Hệ thống thông tin
18843,DDN,he-thong-thong-tin,D01,Điểm thi THPT,2024,16.0,Hệ thống thông tin
18844,DDN,he-thong-thong-tin,D07,Điểm thi THPT,2024,16.0,Hệ thống thông tin
18845,DDN,he-thong-thong-tin,A00,Điểm học bạ,2025,18.0,Hệ thống thông tin
18846,DDN,he-thong-thong-tin,A01,Điểm học bạ,2025,18.0,Hệ thống thông tin
18847,DDN,he-thong-thong-tin,C01,Điểm học bạ,2025,18.0,Hệ thống thông tin
18848,DDN,he-thong-thong-tin,D01,Điểm học bạ,2025,18.0,Hệ thống thông tin
18849,DDN,he-thong-thong-tin,D07,Điểm học bạ,2025,18.0,Hệ thống thông tin
18850,DDN,he-thong-thong-tin,X06,Điểm học bạ,2025,18.0,Hệ thống thông tin
18851,DDN,he-thong-thong-tin,X26,Điểm học bạ,2025,18.0,Hệ thống thông tin
18852,DDN,he-thong-thong-tin,A00,Điểm thi THPT,2025,15.0,Hệ thống thông tin
18853,DDN,he-thong-thong-tin,A01,Điểm thi THPT,2025,15.0,Hệ thống thông tin
18854,DDN,he-thong-thong-tin,C01,Điểm thi THPT,2025,15.0,Hệ thống thông tin
18855,DDN,he-thong-thong-tin,D01,Điểm thi THPT,2025,15.0,Hệ thống thông tin
18856,DDN,he-thong-thong-tin,D07,Điểm thi THPT,2025,15.0,Hệ thống thông tin
18857,DDN,he-thong-thong-tin,X06,Điểm thi THPT,2025,15.0,Hệ thống thông tin
18858,DDN,he-thong-thong-tin,X26,Điểm thi THPT,2025,15.0,Hệ thống thông tin
18859,DDN,ke-toan,A00,Điểm học bạ,2021,18.0,Kế toán
18860,DDN,ke-toan,A01,Điểm học bạ,2021,18.0,Kế toán
18861,DDN,ke-toan,C14,Điểm học bạ,2021,18.0,Kế toán
18862,DDN,ke-toan,D01,Điểm học bạ,2021,18.0,Kế toán
18863,DDN,ke-toan,A00,Điểm thi THPT,2021,15.0,Kế toán
18864,DDN,ke-toan,A01,Điểm thi THPT,2021,15.0,Kế toán
18865,DDN,ke-toan,C14,Điểm thi THPT,2021,15.0,Kế toán
18866,DDN,ke-toan,D01,Điểm thi THPT,2021,15.0,Kế toán
18867,DDN,ke-toan,A00,Điểm học bạ,2022,21.0,Kế toán
18868,DDN,ke-toan,A01,Điểm học bạ,2022,21.0,Kế toán
18869,DDN,ke-toan,C14,Điểm học bạ,2022,21.0,Kế toán
18870,DDN,ke-toan,D01,Điểm học bạ,2022,21.0,Kế toán
18871,DDN,ke-toan,A00,Điểm thi THPT,2022,15.0,Kế toán
18872,DDN,ke-toan,A01,Điểm thi THPT,2022,15.0,Kế toán
18873,DDN,ke-toan,C14,Điểm thi THPT,2022,15.0,Kế toán
18874,DDN,ke-toan,D01,Điểm thi THPT,2022,15.0,Kế toán
18875,DDN,ke-toan,A00,Điểm học bạ,2023,18.0,Kế toán
18876,DDN,ke-toan,A01,Điểm học bạ,2023,18.0,Kế toán
18877,DDN,ke-toan,C14,Điểm học bạ,2023,18.0,Kế toán
18878,DDN,ke-toan,D01,Điểm học bạ,2023,18.0,Kế toán
18879,DDN,ke-toan,A00,Điểm thi THPT,2023,15.0,Kế toán
18880,DDN,ke-toan,A01,Điểm thi THPT,2023,15.0,Kế toán
18881,DDN,ke-toan,C14,Điểm thi THPT,2023,15.0,Kế toán
18882,DDN,ke-toan,D01,Điểm thi THPT,2023,15.0,Kế toán
18883,DDN,ke-toan,A00,Điểm học bạ,2024,18.0,Kế toán
18884,DDN,ke-toan,A01,Điểm học bạ,2024,18.0,Kế toán
18885,DDN,ke-toan,C14,Điểm học bạ,2024,18.0,Kế toán
18886,DDN,ke-toan,D01,Điểm học bạ,2024,18.0,Kế toán
18887,DDN,ke-toan,A00,Điểm thi THPT,2024,17.0,Kế toán
18888,DDN,ke-toan,A01,Điểm thi THPT,2024,17.0,Kế toán
18889,DDN,ke-toan,C14,Điểm thi THPT,2024,17.0,Kế toán
18890,DDN,ke-toan,D01,Điểm thi THPT,2024,17.0,Kế toán
18891,DDN,ke-toan,A00,Điểm học bạ,2025,18.0,Kế toán
18892,DDN,ke-toan,A01,Điểm học bạ,2025,18.0,Kế toán
18893,DDN,ke-toan,C01,Điểm học bạ,2025,18.0,Kế toán
18894,DDN,ke-toan,C03,Điểm học bạ,2025,18.0,Kế toán
18895,DDN,ke-toan,C04,Điểm học bạ,2025,18.0,Kế toán
18896,DDN,ke-toan,D01,Điểm học bạ,2025,18.0,Kế toán
18897,DDN,ke-toan,X26,Điểm học bạ,2025,18.0,Kế toán
18898,DDN,ke-toan,A00,Điểm thi THPT,2025,15.0,Kế toán
18899,DDN,ke-toan,A01,Điểm thi THPT,2025,15.0,Kế toán
18900,DDN,ke-toan,C01,Điểm thi THPT,2025,15.0,Kế toán
18901,DDN,ke-toan,C03,Điểm thi THPT,2025,15.0,Kế toán
18902,DDN,ke-toan,C04,Điểm thi THPT,2025,15.0,Kế toán
18903,DDN,ke-toan,D01,Điểm thi THPT,2025,15.0,Kế toán
18904,DDN,ke-toan,X26,Điểm thi THPT,2025,15.0,Kế toán
18905,DDN,khoa-hoc-may-tinh,A00,Điểm học bạ,2022,18.0,Khoa học máy tính
18906,DDN,khoa-hoc-may-tinh,A01,Điểm học bạ,2022,18.0,Khoa học máy tính
18907,DDN,khoa-hoc-may-tinh,A10,Điểm học bạ,2022,18.0,Khoa học máy tính
18908,DDN,khoa-hoc-may-tinh,D84,Điểm học bạ,2022,18.0,Khoa học máy tính
18909,DDN,khoa-hoc-may-tinh,A00,Điểm thi THPT,2022,15.0,Khoa học máy tính
18910,DDN,khoa-hoc-may-tinh,A01,Điểm thi THPT,2022,15.0,Khoa học máy tính
18911,DDN,khoa-hoc-may-tinh,A10,Điểm thi THPT,2022,15.0,Khoa học máy tính
18912,DDN,khoa-hoc-may-tinh,D84,Điểm thi THPT,2022,15.0,Khoa học máy tính
18913,DDN,khoa-hoc-may-tinh,A00,Điểm học bạ,2023,18.0,Khoa học máy tính
18914,DDN,khoa-hoc-may-tinh,A01,Điểm học bạ,2023,18.0,Khoa học máy tính
18915,DDN,khoa-hoc-may-tinh,A10,Điểm học bạ,2023,18.0,Khoa học máy tính
18916,DDN,khoa-hoc-may-tinh,D84,Điểm học bạ,2023,18.0,Khoa học máy tính
18917,DDN,khoa-hoc-may-tinh,A00,Điểm thi THPT,2023,15.0,Khoa học máy tính
18918,DDN,khoa-hoc-may-tinh,A01,Điểm thi THPT,2023,15.0,Khoa học máy tính
18919,DDN,khoa-hoc-may-tinh,A10,Điểm thi THPT,2023,15.0,Khoa học máy tính
18920,DDN,khoa-hoc-may-tinh,D84,Điểm thi THPT,2023,15.0,Khoa học máy tính
18921,DDN,khoa-hoc-may-tinh,A00,Điểm học bạ,2024,18.0,Khoa học máy tính
18922,DDN,khoa-hoc-may-tinh,A01,Điểm học bạ,2024,18.0,Khoa học máy tính
18923,DDN,khoa-hoc-may-tinh,A10,Điểm học bạ,2024,18.0,Khoa học máy tính
18924,DDN,khoa-hoc-may-tinh,D84,Điểm học bạ,2024,18.0,Khoa học máy tính
18925,DDN,khoa-hoc-may-tinh,A00,Điểm thi THPT,2024,16.0,Khoa học máy tính
18926,DDN,khoa-hoc-may-tinh,A01,Điểm thi THPT,2024,16.0,Khoa học máy tính
18927,DDN,khoa-hoc-may-tinh,A10,Điểm thi THPT,2024,16.0,Khoa học máy tính
18928,DDN,khoa-hoc-may-tinh,D84,Điểm thi THPT,2024,16.0,Khoa học máy tính
18929,DDN,khoa-hoc-may-tinh,A00,Điểm học bạ,2025,18.0,Khoa học máy tính
18930,DDN,khoa-hoc-may-tinh,A01,Điểm học bạ,2025,18.0,Khoa học máy tính
18931,DDN,khoa-hoc-may-tinh,C01,Điểm học bạ,2025,18.0,Khoa học máy tính
18932,DDN,khoa-hoc-may-tinh,D01,Điểm học bạ,2025,18.0,Khoa học máy tính
18933,DDN,khoa-hoc-may-tinh,D07,Điểm học bạ,2025,18.0,Khoa học máy tính
18934,DDN,khoa-hoc-may-tinh,X06,Điểm học bạ,2025,18.0,Khoa học máy tính
18935,DDN,khoa-hoc-may-tinh,X26,Điểm học bạ,2025,18.0,Khoa học máy tính
18936,DDN,khoa-hoc-may-tinh,A00,Điểm thi THPT,2025,15.0,Khoa học máy tính
18937,DDN,khoa-hoc-may-tinh,A01,Điểm thi THPT,2025,15.0,Khoa học máy tính
18938,DDN,khoa-hoc-may-tinh,C01,Điểm thi THPT,2025,15.0,Khoa học máy tính
18939,DDN,khoa-hoc-may-tinh,D01,Điểm thi THPT,2025,15.0,Khoa học máy tính
18940,DDN,khoa-hoc-may-tinh,D07,Điểm thi THPT,2025,15.0,Khoa học máy tính
18941,DDN,khoa-hoc-may-tinh,X06,Điểm thi THPT,2025,15.0,Khoa học máy tính
18942,DDN,khoa-hoc-may-tinh,X26,Điểm thi THPT,2025,15.0,Khoa học máy tính
18943,DDN,kien-truc,A00,Điểm học bạ,2024,18.0,Kiến trúc
18944,DDN,kien-truc,A01,Điểm học bạ,2024,18.0,Kiến trúc
18945,DDN,kien-truc,C01,Điểm học bạ,2024,18.0,Kiến trúc
18946,DDN,kien-truc,V00,Điểm học bạ,2024,18.0,Kiến trúc
18947,DDN,kien-truc,A00,Điểm thi THPT,2024,16.0,Kiến trúc
18948,DDN,kien-truc,A01,Điểm thi THPT,2024,16.0,Kiến trúc
18949,DDN,kien-truc,C01,Điểm thi THPT,2024,16.0,Kiến trúc
18950,DDN,kien-truc,V00,Điểm thi THPT,2024,16.0,Kiến trúc
18951,DDN,kien-truc,A00,Điểm học bạ,2025,18.0,Kiến trúc
18952,DDN,kien-truc,A01,Điểm học bạ,2025,18.0,Kiến trúc
18953,DDN,kien-truc,A10,Điểm học bạ,2025,18.0,Kiến trúc
18954,DDN,kien-truc,C01,Điểm học bạ,2025,18.0,Kiến trúc
18955,DDN,kien-truc,D01,Điểm học bạ,2025,18.0,Kiến trúc
18956,DDN,kien-truc,D07,Điểm học bạ,2025,18.0,Kiến trúc
18957,DDN,kien-truc,X05,Điểm học bạ,2025,18.0,Kiến trúc
18958,DDN,kien-truc,A00,Điểm thi THPT,2025,15.0,Kiến trúc
18959,DDN,kien-truc,A01,Điểm thi THPT,2025,15.0,Kiến trúc
18960,DDN,kien-truc,A10,Điểm thi THPT,2025,15.0,Kiến trúc
18961,DDN,kien-truc,C01,Điểm thi THPT,2025,15.0,Kiến trúc
18962,DDN,kien-truc,D01,Điểm thi THPT,2025,15.0,Kiến trúc
18963,DDN,kien-truc,D07,Điểm thi THPT,2025,15.0,Kiến trúc
18964,DDN,kien-truc,X05,Điểm thi THPT,2025,15.0,Kiến trúc
18965,DDN,kinh-doanh-quoc-te,A00,Điểm học bạ,2022,18.0,Kinh doanh quốc tế
18966,DDN,kinh-doanh-quoc-te,C03,Điểm học bạ,2022,18.0,Kinh doanh quốc tế
18967,DDN,kinh-doanh-quoc-te,D01,Điểm học bạ,2022,18.0,Kinh doanh quốc tế
18968,DDN,kinh-doanh-quoc-te,D10,Điểm học bạ,2022,18.0,Kinh doanh quốc tế
18969,DDN,kinh-doanh-quoc-te,A00,Điểm thi THPT,2022,15.0,Kinh doanh quốc tế
18970,DDN,kinh-doanh-quoc-te,C03,Điểm thi THPT,2022,15.0,Kinh doanh quốc tế
18971,DDN,kinh-doanh-quoc-te,D01,Điểm thi THPT,2022,15.0,Kinh doanh quốc tế
18972,DDN,kinh-doanh-quoc-te,D10,Điểm thi THPT,2022,15.0,Kinh doanh quốc tế
18973,DDN,kinh-doanh-quoc-te,A00,Điểm học bạ,2023,18.0,Kinh doanh quốc tế
18974,DDN,kinh-doanh-quoc-te,C03,Điểm học bạ,2023,18.0,Kinh doanh quốc tế
18975,DDN,kinh-doanh-quoc-te,D01,Điểm học bạ,2023,18.0,Kinh doanh quốc tế
18976,DDN,kinh-doanh-quoc-te,D10,Điểm học bạ,2023,18.0,Kinh doanh quốc tế
18977,DDN,kinh-doanh-quoc-te,A00,Điểm thi THPT,2023,15.0,Kinh doanh quốc tế
18978,DDN,kinh-doanh-quoc-te,C03,Điểm thi THPT,2023,15.0,Kinh doanh quốc tế
18979,DDN,kinh-doanh-quoc-te,D01,Điểm thi THPT,2023,15.0,Kinh doanh quốc tế
18980,DDN,kinh-doanh-quoc-te,D10,Điểm thi THPT,2023,15.0,Kinh doanh quốc tế
18981,DDN,kinh-doanh-quoc-te,A00,Điểm học bạ,2024,18.0,Kinh doanh quốc tế
18982,DDN,kinh-doanh-quoc-te,C03,Điểm học bạ,2024,18.0,Kinh doanh quốc tế
18983,DDN,kinh-doanh-quoc-te,D01,Điểm học bạ,2024,18.0,Kinh doanh quốc tế
18984,DDN,kinh-doanh-quoc-te,D10,Điểm học bạ,2024,18.0,Kinh doanh quốc tế
18985,DDN,kinh-doanh-quoc-te,A00,Điểm thi THPT,2024,17.0,Kinh doanh quốc tế
18986,DDN,kinh-doanh-quoc-te,C03,Điểm thi THPT,2024,17.0,Kinh doanh quốc tế
18987,DDN,kinh-doanh-quoc-te,D01,Điểm thi THPT,2024,17.0,Kinh doanh quốc tế
18988,DDN,kinh-doanh-quoc-te,D10,Điểm thi THPT,2024,17.0,Kinh doanh quốc tế
18989,DDN,kinh-doanh-quoc-te,A00,Điểm học bạ,2025,18.0,Kinh doanh quốc tế
18990,DDN,kinh-doanh-quoc-te,A01,Điểm học bạ,2025,18.0,Kinh doanh quốc tế
18991,DDN,kinh-doanh-quoc-te,C01,Điểm học bạ,2025,18.0,Kinh doanh quốc tế
18992,DDN,kinh-doanh-quoc-te,C03,Điểm học bạ,2025,18.0,Kinh doanh quốc tế
18993,DDN,kinh-doanh-quoc-te,C04,Điểm học bạ,2025,18.0,Kinh doanh quốc tế
18994,DDN,kinh-doanh-quoc-te,D01,Điểm học bạ,2025,18.0,Kinh doanh quốc tế
18995,DDN,kinh-doanh-quoc-te,D07,Điểm học bạ,2025,18.0,Kinh doanh quốc tế
18996,DDN,kinh-doanh-quoc-te,A00,Điểm thi THPT,2025,15.0,Kinh doanh quốc tế
18997,DDN,kinh-doanh-quoc-te,A01,Điểm thi THPT,2025,15.0,Kinh doanh quốc tế
18998,DDN,kinh-doanh-quoc-te,C01,Điểm thi THPT,2025,15.0,Kinh doanh quốc tế
18999,DDN,kinh-doanh-quoc-te,C03,Điểm thi THPT,2025,15.0,Kinh doanh quốc tế
19000,DDN,kinh-doanh-quoc-te,C04,Điểm thi THPT,2025,15.0,Kinh doanh quốc tế
19001,DDN,kinh-doanh-quoc-te,D01,Điểm thi THPT,2025,15.0,Kinh doanh quốc tế
19002,DDN,kinh-doanh-quoc-te,D07,Điểm thi THPT,2025,15.0,Kinh doanh quốc tế
19003,DDN,kinh-te,A00,Điểm học bạ,2024,18.0,Kinh tế
19004,DDN,kinh-te,A01,Điểm học bạ,2024,18.0,Kinh tế
19005,DDN,kinh-te,D01,Điểm học bạ,2024,18.0,Kinh tế
19006,DDN,kinh-te,D07,Điểm học bạ,2024,18.0,Kinh tế
19007,DDN,kinh-te,A00,Điểm thi THPT,2024,16.0,Kinh tế
19008,DDN,kinh-te,A01,Điểm thi THPT,2024,16.0,Kinh tế
19009,DDN,kinh-te,D01,Điểm thi THPT,2024,16.0,Kinh tế
19010,DDN,kinh-te,D07,Điểm thi THPT,2024,16.0,Kinh tế
19011,DDN,kinh-te,A00,Điểm học bạ,2025,18.0,Kinh tế
19012,DDN,kinh-te,A01,Điểm học bạ,2025,18.0,Kinh tế
19013,DDN,kinh-te,C01,Điểm học bạ,2025,18.0,Kinh tế
19014,DDN,kinh-te,C03,Điểm học bạ,2025,18.0,Kinh tế
19015,DDN,kinh-te,C04,Điểm học bạ,2025,18.0,Kinh tế
19016,DDN,kinh-te,D01,Điểm học bạ,2025,18.0,Kinh tế
19017,DDN,kinh-te,X26,Điểm học bạ,2025,18.0,Kinh tế
19018,DDN,kinh-te,A00,Điểm thi THPT,2025,15.0,Kinh tế
19019,DDN,kinh-te,A01,Điểm thi THPT,2025,15.0,Kinh tế
19020,DDN,kinh-te,C01,Điểm thi THPT,2025,15.0,Kinh tế
19021,DDN,kinh-te,C03,Điểm thi THPT,2025,15.0,Kinh tế
19022,DDN,kinh-te,C04,Điểm thi THPT,2025,15.0,Kinh tế
19023,DDN,kinh-te,D01,Điểm thi THPT,2025,15.0,Kinh tế
19024,DDN,kinh-te,X26,Điểm thi THPT,2025,15.0,Kinh tế
19025,DDN,kinh-te-marketing-the-thao,A00,Điểm học bạ,2022,18.0,Quản lý thể dục thể thao (chuyên ngành Kinh tế & Marketing thể thao)
19026,DDN,kinh-te-marketing-the-thao,C03,Điểm học bạ,2022,18.0,Quản lý thể dục thể thao (chuyên ngành Kinh tế & Marketing thể thao)
19027,DDN,kinh-te-marketing-the-thao,C14,Điểm học bạ,2022,18.0,Quản lý thể dục thể thao (chuyên ngành Kinh tế & Marketing thể thao)
19028,DDN,kinh-te-marketing-the-thao,D10,Điểm học bạ,2022,18.0,Quản lý thể dục thể thao (chuyên ngành Kinh tế & Marketing thể thao)
19029,DDN,kinh-te-marketing-the-thao,A00,Điểm thi THPT,2022,15.0,Quản lý thể dục thể thao (chuyên ngành Kinh tế & Marketing thể thao)
19030,DDN,kinh-te-marketing-the-thao,C03,Điểm thi THPT,2022,15.0,Quản lý thể dục thể thao (chuyên ngành Kinh tế & Marketing thể thao)
19031,DDN,kinh-te-marketing-the-thao,C14,Điểm thi THPT,2022,15.0,Quản lý thể dục thể thao (chuyên ngành Kinh tế & Marketing thể thao)
19032,DDN,kinh-te-marketing-the-thao,D10,Điểm thi THPT,2022,15.0,Quản lý thể dục thể thao (chuyên ngành Kinh tế & Marketing thể thao)
19033,DDN,kinh-te-marketing-the-thao,A00,Điểm học bạ,2023,18.0,Quản lý thể dục thể thao (chuyên ngành Kinh tế & Marketing thể thao)
19034,DDN,kinh-te-marketing-the-thao,C03,Điểm học bạ,2023,18.0,Quản lý thể dục thể thao (chuyên ngành Kinh tế & Marketing thể thao)
19035,DDN,kinh-te-marketing-the-thao,C14,Điểm học bạ,2023,18.0,Quản lý thể dục thể thao (chuyên ngành Kinh tế & Marketing thể thao)
19036,DDN,kinh-te-marketing-the-thao,D10,Điểm học bạ,2023,18.0,Quản lý thể dục thể thao (chuyên ngành Kinh tế & Marketing thể thao)
19037,DDN,kinh-te-marketing-the-thao,A00,Điểm thi THPT,2023,15.0,Quản lý thể dục thể thao (chuyên ngành Kinh tế & Marketing thể thao)
19038,DDN,kinh-te-marketing-the-thao,C03,Điểm thi THPT,2023,15.0,Quản lý thể dục thể thao (chuyên ngành Kinh tế & Marketing thể thao)
19039,DDN,kinh-te-marketing-the-thao,C14,Điểm thi THPT,2023,15.0,Quản lý thể dục thể thao (chuyên ngành Kinh tế & Marketing thể thao)
19040,DDN,kinh-te-marketing-the-thao,D10,Điểm thi THPT,2023,15.0,Quản lý thể dục thể thao (chuyên ngành Kinh tế & Marketing thể thao)
19041,DDN,kinh-te-so,A00,Điểm học bạ,2023,18.0,Kinh tế số
19042,DDN,kinh-te-so,A01,Điểm học bạ,2023,18.0,Kinh tế số
19043,DDN,kinh-te-so,C01,Điểm học bạ,2023,18.0,Kinh tế số
19044,DDN,kinh-te-so,D01,Điểm học bạ,2023,18.0,Kinh tế số
19045,DDN,kinh-te-so,A00,Điểm thi THPT,2023,15.0,Kinh tế số
19046,DDN,kinh-te-so,A01,Điểm thi THPT,2023,15.0,Kinh tế số
19047,DDN,kinh-te-so,C01,Điểm thi THPT,2023,15.0,Kinh tế số
19048,DDN,kinh-te-so,D01,Điểm thi THPT,2023,15.0,Kinh tế số
19049,DDN,kinh-te-so,A00,Điểm học bạ,2024,18.0,Kinh tế số
19050,DDN,kinh-te-so,A01,Điểm học bạ,2024,18.0,Kinh tế số
19051,DDN,kinh-te-so,C01,Điểm học bạ,2024,18.0,Kinh tế số
19052,DDN,kinh-te-so,D01,Điểm học bạ,2024,18.0,Kinh tế số
19053,DDN,kinh-te-so,A00,Điểm thi THPT,2024,16.0,Kinh tế số
19054,DDN,kinh-te-so,A01,Điểm thi THPT,2024,16.0,Kinh tế số
19055,DDN,kinh-te-so,C01,Điểm thi THPT,2024,16.0,Kinh tế số
19056,DDN,kinh-te-so,D01,Điểm thi THPT,2024,16.0,Kinh tế số
19057,DDN,kinh-te-so,A00,Điểm học bạ,2025,18.0,Kinh tế số
19058,DDN,kinh-te-so,A01,Điểm học bạ,2025,18.0,Kinh tế số
19059,DDN,kinh-te-so,C01,Điểm học bạ,2025,18.0,Kinh tế số
19060,DDN,kinh-te-so,C03,Điểm học bạ,2025,18.0,Kinh tế số
19061,DDN,kinh-te-so,C04,Điểm học bạ,2025,18.0,Kinh tế số
19062,DDN,kinh-te-so,D01,Điểm học bạ,2025,18.0,Kinh tế số
19063,DDN,kinh-te-so,X26,Điểm học bạ,2025,18.0,Kinh tế số
19064,DDN,kinh-te-so,A00,Điểm thi THPT,2025,15.0,Kinh tế số
19065,DDN,kinh-te-so,A01,Điểm thi THPT,2025,15.0,Kinh tế số
19066,DDN,kinh-te-so,C01,Điểm thi THPT,2025,15.0,Kinh tế số
19067,DDN,kinh-te-so,C03,Điểm thi THPT,2025,15.0,Kinh tế số
19068,DDN,kinh-te-so,C04,Điểm thi THPT,2025,15.0,Kinh tế số
19069,DDN,kinh-te-so,D01,Điểm thi THPT,2025,15.0,Kinh tế số
19070,DDN,kinh-te-so,X26,Điểm thi THPT,2025,15.0,Kinh tế số
19071,DDN,kinh-te-xay-dung,A00,Điểm học bạ,2024,18.0,Kinh tế xây dựng
19072,DDN,kinh-te-xay-dung,A01,Điểm học bạ,2024,18.0,Kinh tế xây dựng
19073,DDN,kinh-te-xay-dung,A10,Điểm học bạ,2024,18.0,Kinh tế xây dựng
19074,DDN,kinh-te-xay-dung,A11,Điểm học bạ,2024,18.0,Kinh tế xây dựng
19075,DDN,kinh-te-xay-dung,A00,Điểm thi THPT,2024,16.0,Kinh tế xây dựng
19076,DDN,kinh-te-xay-dung,A01,Điểm thi THPT,2024,16.0,Kinh tế xây dựng
19077,DDN,kinh-te-xay-dung,A10,Điểm thi THPT,2024,16.0,Kinh tế xây dựng
19078,DDN,kinh-te-xay-dung,A11,Điểm thi THPT,2024,16.0,Kinh tế xây dựng
19079,DDN,kinh-te-xay-dung,A00,Điểm học bạ,2025,18.0,Kinh tế xây dựng
19080,DDN,kinh-te-xay-dung,A01,Điểm học bạ,2025,18.0,Kinh tế xây dựng
19081,DDN,kinh-te-xay-dung,A10,Điểm học bạ,2025,18.0,Kinh tế xây dựng
19082,DDN,kinh-te-xay-dung,C01,Điểm học bạ,2025,18.0,Kinh tế xây dựng
19083,DDN,kinh-te-xay-dung,D01,Điểm học bạ,2025,18.0,Kinh tế xây dựng
19084,DDN,kinh-te-xay-dung,D07,Điểm học bạ,2025,18.0,Kinh tế xây dựng
19085,DDN,kinh-te-xay-dung,X05,Điểm học bạ,2025,18.0,Kinh tế xây dựng
19086,DDN,kinh-te-xay-dung,A00,Điểm thi THPT,2025,15.0,Kinh tế xây dựng
19087,DDN,kinh-te-xay-dung,A01,Điểm thi THPT,2025,15.0,Kinh tế xây dựng
19088,DDN,kinh-te-xay-dung,A10,Điểm thi THPT,2025,15.0,Kinh tế xây dựng
19089,DDN,kinh-te-xay-dung,C01,Điểm thi THPT,2025,15.0,Kinh tế xây dựng
19090,DDN,kinh-te-xay-dung,D01,Điểm thi THPT,2025,15.0,Kinh tế xây dựng
19091,DDN,kinh-te-xay-dung,D07,Điểm thi THPT,2025,15.0,Kinh tế xây dựng
19092,DDN,kinh-te-xay-dung,X05,Điểm thi THPT,2025,15.0,Kinh tế xây dựng
19093,DDN,ky-thuat-xay-dung,A00,Điểm học bạ,2024,18.0,Kỹ thuật xây dựng
19094,DDN,ky-thuat-xay-dung,A01,Điểm học bạ,2024,18.0,Kỹ thuật xây dựng
19095,DDN,ky-thuat-xay-dung,A10,Điểm học bạ,2024,18.0,Kỹ thuật xây dựng
19096,DDN,ky-thuat-xay-dung,A11,Điểm học bạ,2024,18.0,Kỹ thuật xây dựng
19097,DDN,ky-thuat-xay-dung,A00,Điểm thi THPT,2024,16.0,Kỹ thuật xây dựng
19098,DDN,ky-thuat-xay-dung,A01,Điểm thi THPT,2024,16.0,Kỹ thuật xây dựng
19099,DDN,ky-thuat-xay-dung,A10,Điểm thi THPT,2024,16.0,Kỹ thuật xây dựng
19100,DDN,ky-thuat-xay-dung,A11,Điểm thi THPT,2024,16.0,Kỹ thuật xây dựng
19101,DDN,ky-thuat-xay-dung,A00,Điểm học bạ,2025,18.0,Kỹ thuật xây dựng
19102,DDN,ky-thuat-xay-dung,A01,Điểm học bạ,2025,18.0,Kỹ thuật xây dựng
19103,DDN,ky-thuat-xay-dung,A10,Điểm học bạ,2025,18.0,Kỹ thuật xây dựng
19104,DDN,ky-thuat-xay-dung,C01,Điểm học bạ,2025,18.0,Kỹ thuật xây dựng
19105,DDN,ky-thuat-xay-dung,D01,Điểm học bạ,2025,18.0,Kỹ thuật xây dựng
19106,DDN,ky-thuat-xay-dung,D07,Điểm học bạ,2025,18.0,Kỹ thuật xây dựng
19107,DDN,ky-thuat-xay-dung,X05,Điểm học bạ,2025,18.0,Kỹ thuật xây dựng
19108,DDN,ky-thuat-xay-dung,A00,Điểm thi THPT,2025,15.0,Kỹ thuật xây dựng
19109,DDN,ky-thuat-xay-dung,A01,Điểm thi THPT,2025,15.0,Kỹ thuật xây dựng
19110,DDN,ky-thuat-xay-dung,A10,Điểm thi THPT,2025,15.0,Kỹ thuật xây dựng
19111,DDN,ky-thuat-xay-dung,C01,Điểm thi THPT,2025,15.0,Kỹ thuật xây dựng
19112,DDN,ky-thuat-xay-dung,D01,Điểm thi THPT,2025,15.0,Kỹ thuật xây dựng
19113,DDN,ky-thuat-xay-dung,D07,Điểm thi THPT,2025,15.0,Kỹ thuật xây dựng
19114,DDN,ky-thuat-xay-dung,X05,Điểm thi THPT,2025,15.0,Kỹ thuật xây dựng
19115,DDN,logistics-quan-ly-chuoi-cung-ung,A00,Điểm học bạ,2022,18.0,Logistics & quản lý chuỗi cung ứng
19116,DDN,logistics-quan-ly-chuoi-cung-ung,C03,Điểm học bạ,2022,18.0,Logistics & quản lý chuỗi cung ứng
19117,DDN,logistics-quan-ly-chuoi-cung-ung,D01,Điểm học bạ,2022,18.0,Logistics & quản lý chuỗi cung ứng
19118,DDN,logistics-quan-ly-chuoi-cung-ung,D10,Điểm học bạ,2022,18.0,Logistics & quản lý chuỗi cung ứng
19119,DDN,logistics-quan-ly-chuoi-cung-ung,A00,Điểm thi THPT,2022,15.0,Logistics & quản lý chuỗi cung ứng
19120,DDN,logistics-quan-ly-chuoi-cung-ung,C03,Điểm thi THPT,2022,15.0,Logistics & quản lý chuỗi cung ứng
19121,DDN,logistics-quan-ly-chuoi-cung-ung,D01,Điểm thi THPT,2022,15.0,Logistics & quản lý chuỗi cung ứng
19122,DDN,logistics-quan-ly-chuoi-cung-ung,D10,Điểm thi THPT,2022,15.0,Logistics & quản lý chuỗi cung ứng
19123,DDN,logistics-quan-ly-chuoi-cung-ung,A00,Điểm học bạ,2023,18.0,Logistics & quản lý chuỗi cung ứng
19124,DDN,logistics-quan-ly-chuoi-cung-ung,C03,Điểm học bạ,2023,18.0,Logistics & quản lý chuỗi cung ứng
19125,DDN,logistics-quan-ly-chuoi-cung-ung,D01,Điểm học bạ,2023,18.0,Logistics & quản lý chuỗi cung ứng
19126,DDN,logistics-quan-ly-chuoi-cung-ung,D10,Điểm học bạ,2023,18.0,Logistics & quản lý chuỗi cung ứng
19127,DDN,logistics-quan-ly-chuoi-cung-ung,A00,Điểm thi THPT,2023,15.0,Logistics & quản lý chuỗi cung ứng
19128,DDN,logistics-quan-ly-chuoi-cung-ung,C03,Điểm thi THPT,2023,15.0,Logistics & quản lý chuỗi cung ứng
19129,DDN,logistics-quan-ly-chuoi-cung-ung,D01,Điểm thi THPT,2023,15.0,Logistics & quản lý chuỗi cung ứng
19130,DDN,logistics-quan-ly-chuoi-cung-ung,D10,Điểm thi THPT,2023,15.0,Logistics & quản lý chuỗi cung ứng
19131,DDN,logistics-va-quan-ly-chuoi-cung-ung,A00,Điểm học bạ,2024,18.0,Logistics và quản lý chuỗi cung ứng
19132,DDN,logistics-va-quan-ly-chuoi-cung-ung,C03,Điểm học bạ,2024,18.0,Logistics và quản lý chuỗi cung ứng
19133,DDN,logistics-va-quan-ly-chuoi-cung-ung,D01,Điểm học bạ,2024,18.0,Logistics và quản lý chuỗi cung ứng
19134,DDN,logistics-va-quan-ly-chuoi-cung-ung,D10,Điểm học bạ,2024,18.0,Logistics và quản lý chuỗi cung ứng
19135,DDN,logistics-va-quan-ly-chuoi-cung-ung,A00,Điểm thi THPT,2024,17.0,Logistics và quản lý chuỗi cung ứng
19136,DDN,logistics-va-quan-ly-chuoi-cung-ung,C03,Điểm thi THPT,2024,17.0,Logistics và quản lý chuỗi cung ứng
19137,DDN,logistics-va-quan-ly-chuoi-cung-ung,D01,Điểm thi THPT,2024,17.0,Logistics và quản lý chuỗi cung ứng
19138,DDN,logistics-va-quan-ly-chuoi-cung-ung,D10,Điểm thi THPT,2024,17.0,Logistics và quản lý chuỗi cung ứng
19139,DDN,logistics-va-quan-ly-chuoi-cung-ung,A00,Điểm học bạ,2025,18.0,Logistics và quản lý chuỗi cung ứng
19140,DDN,logistics-va-quan-ly-chuoi-cung-ung,A01,Điểm học bạ,2025,18.0,Logistics và quản lý chuỗi cung ứng
19141,DDN,logistics-va-quan-ly-chuoi-cung-ung,C01,Điểm học bạ,2025,18.0,Logistics và quản lý chuỗi cung ứng
19142,DDN,logistics-va-quan-ly-chuoi-cung-ung,C03,Điểm học bạ,2025,18.0,Logistics và quản lý chuỗi cung ứng
19143,DDN,logistics-va-quan-ly-chuoi-cung-ung,C04,Điểm học bạ,2025,18.0,Logistics và quản lý chuỗi cung ứng
19144,DDN,logistics-va-quan-ly-chuoi-cung-ung,D01,Điểm học bạ,2025,18.0,Logistics và quản lý chuỗi cung ứng
19145,DDN,logistics-va-quan-ly-chuoi-cung-ung,X26,Điểm học bạ,2025,18.0,Logistics và quản lý chuỗi cung ứng
19146,DDN,logistics-va-quan-ly-chuoi-cung-ung,A00,Điểm thi THPT,2025,15.0,Logistics và quản lý chuỗi cung ứng
19147,DDN,logistics-va-quan-ly-chuoi-cung-ung,A01,Điểm thi THPT,2025,15.0,Logistics và quản lý chuỗi cung ứng
19148,DDN,logistics-va-quan-ly-chuoi-cung-ung,C01,Điểm thi THPT,2025,15.0,Logistics và quản lý chuỗi cung ứng
19149,DDN,logistics-va-quan-ly-chuoi-cung-ung,C03,Điểm thi THPT,2025,15.0,Logistics và quản lý chuỗi cung ứng
19150,DDN,logistics-va-quan-ly-chuoi-cung-ung,C04,Điểm thi THPT,2025,15.0,Logistics và quản lý chuỗi cung ứng
19151,DDN,logistics-va-quan-ly-chuoi-cung-ung,D01,Điểm thi THPT,2025,15.0,Logistics và quản lý chuỗi cung ứng
19152,DDN,logistics-va-quan-ly-chuoi-cung-ung,X26,Điểm thi THPT,2025,15.0,Logistics và quản lý chuỗi cung ứng
19153,DDN,luat,A00,Điểm học bạ,2024,18.0,Luật
19154,DDN,luat,A01,Điểm học bạ,2024,18.0,Luật
19155,DDN,luat,C00,Điểm học bạ,2024,18.0,Luật
19156,DDN,luat,D01,Điểm học bạ,2024,18.0,Luật
19157,DDN,luat,A00,Điểm thi THPT,2024,16.0,Luật
19158,DDN,luat,A01,Điểm thi THPT,2024,16.0,Luật
19159,DDN,luat,C00,Điểm thi THPT,2024,16.0,Luật
19160,DDN,luat,D01,Điểm thi THPT,2024,16.0,Luật
19161,DDN,luat,C00,Điểm học bạ,2025,18.0,Luật
19162,DDN,luat,C03,Điểm học bạ,2025,18.0,Luật
19163,DDN,luat,C04,Điểm học bạ,2025,18.0,Luật
19164,DDN,luat,C14,Điểm học bạ,2025,18.0,Luật
19165,DDN,luat,D01,Điểm học bạ,2025,18.0,Luật
19166,DDN,luat,D14,Điểm học bạ,2025,18.0,Luật
19167,DDN,luat,X01,Điểm học bạ,2025,18.0,Luật
19168,DDN,luat,C00,Điểm thi THPT,2025,15.0,Luật
19169,DDN,luat,C03,Điểm thi THPT,2025,15.0,Luật
19170,DDN,luat,C04,Điểm thi THPT,2025,15.0,Luật
19171,DDN,luat,C14,Điểm thi THPT,2025,15.0,Luật
19172,DDN,luat,D01,Điểm thi THPT,2025,15.0,Luật
19173,DDN,luat,D14,Điểm thi THPT,2025,15.0,Luật
19174,DDN,luat,X01,Điểm thi THPT,2025,15.0,Luật
19175,DDN,luat-kinh-te,A08,Điểm học bạ,2021,18.0,Luật kinh tế
19176,DDN,luat-kinh-te,A09,Điểm học bạ,2021,18.0,Luật kinh tế
19177,DDN,luat-kinh-te,C00,Điểm học bạ,2021,18.0,Luật kinh tế
19178,DDN,luat-kinh-te,C19,Điểm học bạ,2021,18.0,Luật kinh tế
19179,DDN,luat-kinh-te,A08,Điểm thi THPT,2021,15.0,Luật kinh tế
19180,DDN,luat-kinh-te,A09,Điểm thi THPT,2021,15.0,Luật kinh tế
19181,DDN,luat-kinh-te,C00,Điểm thi THPT,2021,15.0,Luật kinh tế
19182,DDN,luat-kinh-te,C19,Điểm thi THPT,2021,15.0,Luật kinh tế
19183,DDN,luat-kinh-te,A08,Điểm học bạ,2022,21.0,Luật kinh tế
19184,DDN,luat-kinh-te,A09,Điểm học bạ,2022,21.0,Luật kinh tế
19185,DDN,luat-kinh-te,C00,Điểm học bạ,2022,21.0,Luật kinh tế
19186,DDN,luat-kinh-te,C19,Điểm học bạ,2022,21.0,Luật kinh tế
19187,DDN,luat-kinh-te,A08,Điểm thi THPT,2022,15.0,Luật kinh tế
19188,DDN,luat-kinh-te,A09,Điểm thi THPT,2022,15.0,Luật kinh tế
19189,DDN,luat-kinh-te,C00,Điểm thi THPT,2022,15.0,Luật kinh tế
19190,DDN,luat-kinh-te,C19,Điểm thi THPT,2022,15.0,Luật kinh tế
19191,DDN,luat-kinh-te,A08,Điểm học bạ,2023,18.0,Luật kinh tế
19192,DDN,luat-kinh-te,A09,Điểm học bạ,2023,18.0,Luật kinh tế
19193,DDN,luat-kinh-te,C00,Điểm học bạ,2023,18.0,Luật kinh tế
19194,DDN,luat-kinh-te,C19,Điểm học bạ,2023,18.0,Luật kinh tế
19195,DDN,luat-kinh-te,A08,Điểm thi THPT,2023,15.0,Luật kinh tế
19196,DDN,luat-kinh-te,A09,Điểm thi THPT,2023,15.0,Luật kinh tế
19197,DDN,luat-kinh-te,C00,Điểm thi THPT,2023,15.0,Luật kinh tế
19198,DDN,luat-kinh-te,C19,Điểm thi THPT,2023,15.0,Luật kinh tế
19199,DDN,luat-kinh-te,A08,Điểm học bạ,2024,18.0,Luật kinh tế
19200,DDN,luat-kinh-te,A09,Điểm học bạ,2024,18.0,Luật kinh tế
19201,DDN,luat-kinh-te,C00,Điểm học bạ,2024,18.0,Luật kinh tế
19202,DDN,luat-kinh-te,C19,Điểm học bạ,2024,18.0,Luật kinh tế
19203,DDN,luat-kinh-te,A08,Điểm thi THPT,2024,18.0,Luật kinh tế
19204,DDN,luat-kinh-te,A09,Điểm thi THPT,2024,18.0,Luật kinh tế
19205,DDN,luat-kinh-te,C00,Điểm thi THPT,2024,18.0,Luật kinh tế
19206,DDN,luat-kinh-te,C19,Điểm thi THPT,2024,18.0,Luật kinh tế
19207,DDN,luat-kinh-te,C00,Điểm học bạ,2025,18.0,Luật kinh tế
19208,DDN,luat-kinh-te,C03,Điểm học bạ,2025,18.0,Luật kinh tế
19209,DDN,luat-kinh-te,C04,Điểm học bạ,2025,18.0,Luật kinh tế
19210,DDN,luat-kinh-te,C14,Điểm học bạ,2025,18.0,Luật kinh tế
19211,DDN,luat-kinh-te,D01,Điểm học bạ,2025,18.0,Luật kinh tế
19212,DDN,luat-kinh-te,D14,Điểm học bạ,2025,18.0,Luật kinh tế
19213,DDN,luat-kinh-te,X01,Điểm học bạ,2025,18.0,Luật kinh tế
19214,DDN,luat-kinh-te,C00,Điểm thi THPT,2025,15.0,Luật kinh tế
19215,DDN,luat-kinh-te,C03,Điểm thi THPT,2025,15.0,Luật kinh tế
19216,DDN,luat-kinh-te,C04,Điểm thi THPT,2025,15.0,Luật kinh tế
19217,DDN,luat-kinh-te,C14,Điểm thi THPT,2025,15.0,Luật kinh tế
19218,DDN,luat-kinh-te,D01,Điểm thi THPT,2025,15.0,Luật kinh tế
19219,DDN,luat-kinh-te,D14,Điểm thi THPT,2025,15.0,Luật kinh tế
19220,DDN,luat-kinh-te,X01,Điểm thi THPT,2025,15.0,Luật kinh tế
19221,DDN,marketing,A00,Điểm học bạ,2023,18.0,Marketing
19222,DDN,marketing,C03,Điểm học bạ,2023,18.0,Marketing
19223,DDN,marketing,D01,Điểm học bạ,2023,18.0,Marketing
19224,DDN,marketing,D10,Điểm học bạ,2023,18.0,Marketing
19225,DDN,marketing,A00,Điểm thi THPT,2023,15.0,Marketing
19226,DDN,marketing,C03,Điểm thi THPT,2023,15.0,Marketing
19227,DDN,marketing,D01,Điểm thi THPT,2023,15.0,Marketing
19228,DDN,marketing,D10,Điểm thi THPT,2023,15.0,Marketing
19229,DDN,marketing,A00,Điểm học bạ,2024,18.0,Marketing
19230,DDN,marketing,C03,Điểm học bạ,2024,18.0,Marketing
19231,DDN,marketing,D01,Điểm học bạ,2024,18.0,Marketing
19232,DDN,marketing,D10,Điểm học bạ,2024,18.0,Marketing
19233,DDN,marketing,A00,Điểm thi THPT,2024,16.0,Marketing
19234,DDN,marketing,C03,Điểm thi THPT,2024,16.0,Marketing
19235,DDN,marketing,D01,Điểm thi THPT,2024,16.0,Marketing
19236,DDN,marketing,D10,Điểm thi THPT,2024,16.0,Marketing
19237,DDN,marketing,A00,Điểm học bạ,2025,18.0,Marketing
19238,DDN,marketing,A01,Điểm học bạ,2025,18.0,Marketing
19239,DDN,marketing,C01,Điểm học bạ,2025,18.0,Marketing
19240,DDN,marketing,C03,Điểm học bạ,2025,18.0,Marketing
19241,DDN,marketing,C04,Điểm học bạ,2025,18.0,Marketing
19242,DDN,marketing,D01,Điểm học bạ,2025,18.0,Marketing
19243,DDN,marketing,D07,Điểm học bạ,2025,18.0,Marketing
19244,DDN,marketing,A00,Điểm thi THPT,2025,15.0,Marketing
19245,DDN,marketing,A01,Điểm thi THPT,2025,15.0,Marketing
19246,DDN,marketing,C01,Điểm thi THPT,2025,15.0,Marketing
19247,DDN,marketing,C03,Điểm thi THPT,2025,15.0,Marketing
19248,DDN,marketing,C04,Điểm thi THPT,2025,15.0,Marketing
19249,DDN,marketing,D01,Điểm thi THPT,2025,15.0,Marketing
19250,DDN,marketing,D07,Điểm thi THPT,2025,15.0,Marketing
19251,DDN,ngon-ngu-anh,D01,Điểm học bạ,2021,18.0,Ngôn ngữ Anh
19252,DDN,ngon-ngu-anh,D09,Điểm học bạ,2021,18.0,Ngôn ngữ Anh
19253,DDN,ngon-ngu-anh,D11,Điểm học bạ,2021,18.0,Ngôn ngữ Anh
19254,DDN,ngon-ngu-anh,D14,Điểm học bạ,2021,18.0,Ngôn ngữ Anh
19255,DDN,ngon-ngu-anh,D01,Điểm thi THPT,2021,15.0,Ngôn ngữ Anh
19256,DDN,ngon-ngu-anh,D09,Điểm thi THPT,2021,15.0,Ngôn ngữ Anh
19257,DDN,ngon-ngu-anh,D11,Điểm thi THPT,2021,15.0,Ngôn ngữ Anh
19258,DDN,ngon-ngu-anh,D14,Điểm thi THPT,2021,15.0,Ngôn ngữ Anh
19259,DDN,ngon-ngu-anh,D01,Điểm học bạ,2022,22.0,Ngôn ngữ Anh
19260,DDN,ngon-ngu-anh,D09,Điểm học bạ,2022,22.0,Ngôn ngữ Anh
19261,DDN,ngon-ngu-anh,D11,Điểm học bạ,2022,22.0,Ngôn ngữ Anh
19262,DDN,ngon-ngu-anh,D14,Điểm học bạ,2022,22.0,Ngôn ngữ Anh
19263,DDN,ngon-ngu-anh,D01,Điểm thi THPT,2022,15.0,Ngôn ngữ Anh
19264,DDN,ngon-ngu-anh,D09,Điểm thi THPT,2022,15.0,Ngôn ngữ Anh
19265,DDN,ngon-ngu-anh,D11,Điểm thi THPT,2022,15.0,Ngôn ngữ Anh
19266,DDN,ngon-ngu-anh,D14,Điểm thi THPT,2022,15.0,Ngôn ngữ Anh
19267,DDN,ngon-ngu-anh,D01,Điểm học bạ,2023,18.0,Ngôn ngữ Anh
19268,DDN,ngon-ngu-anh,D09,Điểm học bạ,2023,18.0,Ngôn ngữ Anh
19269,DDN,ngon-ngu-anh,D11,Điểm học bạ,2023,18.0,Ngôn ngữ Anh
19270,DDN,ngon-ngu-anh,D14,Điểm học bạ,2023,18.0,Ngôn ngữ Anh
19271,DDN,ngon-ngu-anh,D01,Điểm thi THPT,2023,15.0,Ngôn ngữ Anh
19272,DDN,ngon-ngu-anh,D09,Điểm thi THPT,2023,15.0,Ngôn ngữ Anh
19273,DDN,ngon-ngu-anh,D11,Điểm thi THPT,2023,15.0,Ngôn ngữ Anh
19274,DDN,ngon-ngu-anh,D14,Điểm thi THPT,2023,15.0,Ngôn ngữ Anh
19275,DDN,ngon-ngu-anh,D01,Điểm học bạ,2024,18.0,Ngôn ngữ Anh
19276,DDN,ngon-ngu-anh,D09,Điểm học bạ,2024,18.0,Ngôn ngữ Anh
19277,DDN,ngon-ngu-anh,D11,Điểm học bạ,2024,18.0,Ngôn ngữ Anh
19278,DDN,ngon-ngu-anh,D14,Điểm học bạ,2024,18.0,Ngôn ngữ Anh
19279,DDN,ngon-ngu-anh,D01,Điểm thi THPT,2024,17.0,Ngôn ngữ Anh
19280,DDN,ngon-ngu-anh,D09,Điểm thi THPT,2024,17.0,Ngôn ngữ Anh
19281,DDN,ngon-ngu-anh,D11,Điểm thi THPT,2024,17.0,Ngôn ngữ Anh
19282,DDN,ngon-ngu-anh,D14,Điểm thi THPT,2024,17.0,Ngôn ngữ Anh
19283,DDN,ngon-ngu-anh,C00,Điểm học bạ,2025,18.0,Ngôn ngữ Anh
19284,DDN,ngon-ngu-anh,D01,Điểm học bạ,2025,18.0,Ngôn ngữ Anh
19285,DDN,ngon-ngu-anh,D14,Điểm học bạ,2025,18.0,Ngôn ngữ Anh
19286,DDN,ngon-ngu-anh,D15,Điểm học bạ,2025,18.0,Ngôn ngữ Anh
19287,DDN,ngon-ngu-anh,D66,Điểm học bạ,2025,18.0,Ngôn ngữ Anh
19288,DDN,ngon-ngu-anh,X78,Điểm học bạ,2025,18.0,Ngôn ngữ Anh
19289,DDN,ngon-ngu-anh,X79,Điểm học bạ,2025,18.0,Ngôn ngữ Anh
19290,DDN,ngon-ngu-anh,C00,Điểm thi THPT,2025,15.0,Ngôn ngữ Anh
19291,DDN,ngon-ngu-anh,D01,Điểm thi THPT,2025,15.0,Ngôn ngữ Anh
19292,DDN,ngon-ngu-anh,D14,Điểm thi THPT,2025,15.0,Ngôn ngữ Anh
19293,DDN,ngon-ngu-anh,D15,Điểm thi THPT,2025,15.0,Ngôn ngữ Anh
19294,DDN,ngon-ngu-anh,D66,Điểm thi THPT,2025,15.0,Ngôn ngữ Anh
19295,DDN,ngon-ngu-anh,X78,Điểm thi THPT,2025,15.0,Ngôn ngữ Anh
19296,DDN,ngon-ngu-anh,X79,Điểm thi THPT,2025,15.0,Ngôn ngữ Anh
19297,DDN,ngon-ngu-han-quoc,C00,Điểm học bạ,2021,18.0,Ngôn ngữ Hàn Quốc
19298,DDN,ngon-ngu-han-quoc,D01,Điểm học bạ,2021,18.0,Ngôn ngữ Hàn Quốc
19299,DDN,ngon-ngu-han-quoc,D09,Điểm học bạ,2021,18.0,Ngôn ngữ Hàn Quốc
19300,DDN,ngon-ngu-han-quoc,D66,Điểm học bạ,2021,18.0,Ngôn ngữ Hàn Quốc
19301,DDN,ngon-ngu-han-quoc,C00,Điểm thi THPT,2021,19.0,Ngôn ngữ Hàn Quốc
19302,DDN,ngon-ngu-han-quoc,D01,Điểm thi THPT,2021,19.0,Ngôn ngữ Hàn Quốc
19303,DDN,ngon-ngu-han-quoc,D09,Điểm thi THPT,2021,19.0,Ngôn ngữ Hàn Quốc
19304,DDN,ngon-ngu-han-quoc,D66,Điểm thi THPT,2021,19.0,Ngôn ngữ Hàn Quốc
19305,DDN,ngon-ngu-han-quoc,C00,Điểm học bạ,2022,24.0,Ngôn ngữ Hàn Quốc
19306,DDN,ngon-ngu-han-quoc,D01,Điểm học bạ,2022,24.0,Ngôn ngữ Hàn Quốc
19307,DDN,ngon-ngu-han-quoc,D09,Điểm học bạ,2022,24.0,Ngôn ngữ Hàn Quốc
19308,DDN,ngon-ngu-han-quoc,D66,Điểm học bạ,2022,24.0,Ngôn ngữ Hàn Quốc
19309,DDN,ngon-ngu-han-quoc,C00,Điểm thi THPT,2022,22.0,Ngôn ngữ Hàn Quốc
19310,DDN,ngon-ngu-han-quoc,D01,Điểm thi THPT,2022,22.0,Ngôn ngữ Hàn Quốc
19311,DDN,ngon-ngu-han-quoc,D09,Điểm thi THPT,2022,22.0,Ngôn ngữ Hàn Quốc
19312,DDN,ngon-ngu-han-quoc,D66,Điểm thi THPT,2022,22.0,Ngôn ngữ Hàn Quốc
19313,DDN,ngon-ngu-han-quoc,C00,Điểm học bạ,2023,20.0,Ngôn ngữ Hàn Quốc
19314,DDN,ngon-ngu-han-quoc,D01,Điểm học bạ,2023,20.0,Ngôn ngữ Hàn Quốc
19315,DDN,ngon-ngu-han-quoc,D09,Điểm học bạ,2023,20.0,Ngôn ngữ Hàn Quốc
19316,DDN,ngon-ngu-han-quoc,D66,Điểm học bạ,2023,20.0,Ngôn ngữ Hàn Quốc
19317,DDN,ngon-ngu-han-quoc,C00,Điểm thi THPT,2023,15.0,Ngôn ngữ Hàn Quốc
19318,DDN,ngon-ngu-han-quoc,D01,Điểm thi THPT,2023,15.0,Ngôn ngữ Hàn Quốc
19319,DDN,ngon-ngu-han-quoc,D09,Điểm thi THPT,2023,15.0,Ngôn ngữ Hàn Quốc
19320,DDN,ngon-ngu-han-quoc,D66,Điểm thi THPT,2023,15.0,Ngôn ngữ Hàn Quốc
19321,DDN,ngon-ngu-han-quoc,C00,Điểm học bạ,2024,18.0,Ngôn ngữ Hàn Quốc
19322,DDN,ngon-ngu-han-quoc,D01,Điểm học bạ,2024,18.0,Ngôn ngữ Hàn Quốc
19323,DDN,ngon-ngu-han-quoc,D09,Điểm học bạ,2024,18.0,Ngôn ngữ Hàn Quốc
19324,DDN,ngon-ngu-han-quoc,D66,Điểm học bạ,2024,18.0,Ngôn ngữ Hàn Quốc
19325,DDN,ngon-ngu-han-quoc,C00,Điểm thi THPT,2024,18.0,Ngôn ngữ Hàn Quốc
19326,DDN,ngon-ngu-han-quoc,D01,Điểm thi THPT,2024,18.0,Ngôn ngữ Hàn Quốc
19327,DDN,ngon-ngu-han-quoc,D09,Điểm thi THPT,2024,18.0,Ngôn ngữ Hàn Quốc
19328,DDN,ngon-ngu-han-quoc,D66,Điểm thi THPT,2024,18.0,Ngôn ngữ Hàn Quốc
19329,DDN,ngon-ngu-han-quoc,C00,Điểm học bạ,2025,18.0,Ngôn ngữ Hàn Quốc
19330,DDN,ngon-ngu-han-quoc,D01,Điểm học bạ,2025,18.0,Ngôn ngữ Hàn Quốc
19331,DDN,ngon-ngu-han-quoc,D14,Điểm học bạ,2025,18.0,Ngôn ngữ Hàn Quốc
19332,DDN,ngon-ngu-han-quoc,D15,Điểm học bạ,2025,18.0,Ngôn ngữ Hàn Quốc
19333,DDN,ngon-ngu-han-quoc,D66,Điểm học bạ,2025,18.0,Ngôn ngữ Hàn Quốc
19334,DDN,ngon-ngu-han-quoc,X78,Điểm học bạ,2025,18.0,Ngôn ngữ Hàn Quốc
19335,DDN,ngon-ngu-han-quoc,C00,Điểm thi THPT,2025,15.0,Ngôn ngữ Hàn Quốc
19336,DDN,ngon-ngu-han-quoc,D01,Điểm thi THPT,2025,15.0,Ngôn ngữ Hàn Quốc
19337,DDN,ngon-ngu-han-quoc,D14,Điểm thi THPT,2025,15.0,Ngôn ngữ Hàn Quốc
19338,DDN,ngon-ngu-han-quoc,D15,Điểm thi THPT,2025,15.0,Ngôn ngữ Hàn Quốc
19339,DDN,ngon-ngu-han-quoc,D66,Điểm thi THPT,2025,15.0,Ngôn ngữ Hàn Quốc
19340,DDN,ngon-ngu-han-quoc,X78,Điểm thi THPT,2025,15.0,Ngôn ngữ Hàn Quốc
19341,DDN,ngon-ngu-nhat,A01,Điểm học bạ,2024,18.0,Ngôn ngữ Nhật
19342,DDN,ngon-ngu-nhat,C00,Điểm học bạ,2024,18.0,Ngôn ngữ Nhật
19343,DDN,ngon-ngu-nhat,D01,Điểm học bạ,2024,18.0,Ngôn ngữ Nhật
19344,DDN,ngon-ngu-nhat,D15,Điểm học bạ,2024,18.0,Ngôn ngữ Nhật
19345,DDN,ngon-ngu-nhat,A01,Điểm thi THPT,2024,17.0,Ngôn ngữ Nhật
19346,DDN,ngon-ngu-nhat,C00,Điểm thi THPT,2024,17.0,Ngôn ngữ Nhật
19347,DDN,ngon-ngu-nhat,D01,Điểm thi THPT,2024,17.0,Ngôn ngữ Nhật
19348,DDN,ngon-ngu-nhat,D15,Điểm thi THPT,2024,17.0,Ngôn ngữ Nhật
19349,DDN,ngon-ngu-nhat,C00,Điểm học bạ,2025,18.0,Ngôn ngữ Nhật
19350,DDN,ngon-ngu-nhat,D01,Điểm học bạ,2025,18.0,Ngôn ngữ Nhật
19351,DDN,ngon-ngu-nhat,D06,Điểm học bạ,2025,18.0,Ngôn ngữ Nhật
19352,DDN,ngon-ngu-nhat,D14,Điểm học bạ,2025,18.0,Ngôn ngữ Nhật
19353,DDN,ngon-ngu-nhat,D15,Điểm học bạ,2025,18.0,Ngôn ngữ Nhật
19354,DDN,ngon-ngu-nhat,D66,Điểm học bạ,2025,18.0,Ngôn ngữ Nhật
19355,DDN,ngon-ngu-nhat,X78,Điểm học bạ,2025,18.0,Ngôn ngữ Nhật
19356,DDN,ngon-ngu-nhat,C00,Điểm thi THPT,2025,15.0,Ngôn ngữ Nhật
19357,DDN,ngon-ngu-nhat,D01,Điểm thi THPT,2025,15.0,Ngôn ngữ Nhật
19358,DDN,ngon-ngu-nhat,D06,Điểm thi THPT,2025,15.0,Ngôn ngữ Nhật
19359,DDN,ngon-ngu-nhat,D14,Điểm thi THPT,2025,15.0,Ngôn ngữ Nhật
19360,DDN,ngon-ngu-nhat,D15,Điểm thi THPT,2025,15.0,Ngôn ngữ Nhật
19361,DDN,ngon-ngu-nhat,D66,Điểm thi THPT,2025,15.0,Ngôn ngữ Nhật
19362,DDN,ngon-ngu-nhat,X78,Điểm thi THPT,2025,15.0,Ngôn ngữ Nhật
19363,DDN,ngon-ngu-nhat-ban,A01,Điểm học bạ,2023,18.0,Ngôn ngữ Nhật Bản
19364,DDN,ngon-ngu-nhat-ban,C00,Điểm học bạ,2023,18.0,Ngôn ngữ Nhật Bản
19365,DDN,ngon-ngu-nhat-ban,D01,Điểm học bạ,2023,18.0,Ngôn ngữ Nhật Bản
19366,DDN,ngon-ngu-nhat-ban,D15,Điểm học bạ,2023,18.0,Ngôn ngữ Nhật Bản
19367,DDN,ngon-ngu-nhat-ban,A01,Điểm thi THPT,2023,15.0,Ngôn ngữ Nhật Bản
19368,DDN,ngon-ngu-nhat-ban,C00,Điểm thi THPT,2023,15.0,Ngôn ngữ Nhật Bản
19369,DDN,ngon-ngu-nhat-ban,D01,Điểm thi THPT,2023,15.0,Ngôn ngữ Nhật Bản
19370,DDN,ngon-ngu-nhat-ban,D15,Điểm thi THPT,2023,15.0,Ngôn ngữ Nhật Bản
19371,DDN,ngon-ngu-trung-quoc,C00,Điểm học bạ,2021,18.0,Ngôn ngữ Trung Quốc
19372,DDN,ngon-ngu-trung-quoc,D01,Điểm học bạ,2021,18.0,Ngôn ngữ Trung Quốc
19373,DDN,ngon-ngu-trung-quoc,D09,Điểm học bạ,2021,18.0,Ngôn ngữ Trung Quốc
19374,DDN,ngon-ngu-trung-quoc,D66,Điểm học bạ,2021,18.0,Ngôn ngữ Trung Quốc
19375,DDN,ngon-ngu-trung-quoc,C00,Điểm thi THPT,2021,21.0,Ngôn ngữ Trung Quốc
19376,DDN,ngon-ngu-trung-quoc,D01,Điểm thi THPT,2021,21.0,Ngôn ngữ Trung Quốc
19377,DDN,ngon-ngu-trung-quoc,D09,Điểm thi THPT,2021,21.0,Ngôn ngữ Trung Quốc
19378,DDN,ngon-ngu-trung-quoc,D66,Điểm thi THPT,2021,21.0,Ngôn ngữ Trung Quốc
19379,DDN,ngon-ngu-trung-quoc,C00,Điểm học bạ,2022,24.0,Ngôn ngữ Trung Quốc
19380,DDN,ngon-ngu-trung-quoc,D01,Điểm học bạ,2022,24.0,Ngôn ngữ Trung Quốc
19381,DDN,ngon-ngu-trung-quoc,D09,Điểm học bạ,2022,24.0,Ngôn ngữ Trung Quốc
19382,DDN,ngon-ngu-trung-quoc,D66,Điểm học bạ,2022,24.0,Ngôn ngữ Trung Quốc
19383,DDN,ngon-ngu-trung-quoc,C00,Điểm thi THPT,2022,23.0,Ngôn ngữ Trung Quốc
19384,DDN,ngon-ngu-trung-quoc,D01,Điểm thi THPT,2022,23.0,Ngôn ngữ Trung Quốc
19385,DDN,ngon-ngu-trung-quoc,D09,Điểm thi THPT,2022,23.0,Ngôn ngữ Trung Quốc
19386,DDN,ngon-ngu-trung-quoc,D66,Điểm thi THPT,2022,23.0,Ngôn ngữ Trung Quốc
19387,DDN,ngon-ngu-trung-quoc,C00,Điểm học bạ,2023,20.0,Ngôn ngữ Trung Quốc
19388,DDN,ngon-ngu-trung-quoc,D01,Điểm học bạ,2023,20.0,Ngôn ngữ Trung Quốc
19389,DDN,ngon-ngu-trung-quoc,D09,Điểm học bạ,2023,20.0,Ngôn ngữ Trung Quốc
19390,DDN,ngon-ngu-trung-quoc,D66,Điểm học bạ,2023,20.0,Ngôn ngữ Trung Quốc
19391,DDN,ngon-ngu-trung-quoc,C00,Điểm thi THPT,2023,15.0,Ngôn ngữ Trung Quốc
19392,DDN,ngon-ngu-trung-quoc,D01,Điểm thi THPT,2023,15.0,Ngôn ngữ Trung Quốc
19393,DDN,ngon-ngu-trung-quoc,D09,Điểm thi THPT,2023,15.0,Ngôn ngữ Trung Quốc
19394,DDN,ngon-ngu-trung-quoc,D66,Điểm thi THPT,2023,15.0,Ngôn ngữ Trung Quốc
19395,DDN,ngon-ngu-trung-quoc,C00,Điểm học bạ,2024,18.0,Ngôn ngữ Trung Quốc
19396,DDN,ngon-ngu-trung-quoc,D01,Điểm học bạ,2024,18.0,Ngôn ngữ Trung Quốc
19397,DDN,ngon-ngu-trung-quoc,D09,Điểm học bạ,2024,18.0,Ngôn ngữ Trung Quốc
19398,DDN,ngon-ngu-trung-quoc,D66,Điểm học bạ,2024,18.0,Ngôn ngữ Trung Quốc
19399,DDN,ngon-ngu-trung-quoc,C00,Điểm thi THPT,2024,19.0,Ngôn ngữ Trung Quốc
19400,DDN,ngon-ngu-trung-quoc,D01,Điểm thi THPT,2024,19.0,Ngôn ngữ Trung Quốc
19401,DDN,ngon-ngu-trung-quoc,D09,Điểm thi THPT,2024,19.0,Ngôn ngữ Trung Quốc
19402,DDN,ngon-ngu-trung-quoc,D66,Điểm thi THPT,2024,19.0,Ngôn ngữ Trung Quốc
19403,DDN,ngon-ngu-trung-quoc,C00,Điểm học bạ,2025,18.0,Ngôn ngữ Trung Quốc
19404,DDN,ngon-ngu-trung-quoc,D01,Điểm học bạ,2025,18.0,Ngôn ngữ Trung Quốc
19405,DDN,ngon-ngu-trung-quoc,D04,Điểm học bạ,2025,18.0,Ngôn ngữ Trung Quốc
19406,DDN,ngon-ngu-trung-quoc,D14,Điểm học bạ,2025,18.0,Ngôn ngữ Trung Quốc
19407,DDN,ngon-ngu-trung-quoc,D15,Điểm học bạ,2025,18.0,Ngôn ngữ Trung Quốc
19408,DDN,ngon-ngu-trung-quoc,D66,Điểm học bạ,2025,18.0,Ngôn ngữ Trung Quốc
19409,DDN,ngon-ngu-trung-quoc,X78,Điểm học bạ,2025,18.0,Ngôn ngữ Trung Quốc
19410,DDN,ngon-ngu-trung-quoc,C00,Điểm thi THPT,2025,15.0,Ngôn ngữ Trung Quốc
19411,DDN,ngon-ngu-trung-quoc,D01,Điểm thi THPT,2025,15.0,Ngôn ngữ Trung Quốc
19412,DDN,ngon-ngu-trung-quoc,D04,Điểm thi THPT,2025,15.0,Ngôn ngữ Trung Quốc
19413,DDN,ngon-ngu-trung-quoc,D14,Điểm thi THPT,2025,15.0,Ngôn ngữ Trung Quốc
19414,DDN,ngon-ngu-trung-quoc,D15,Điểm thi THPT,2025,15.0,Ngôn ngữ Trung Quốc
19415,DDN,ngon-ngu-trung-quoc,D66,Điểm thi THPT,2025,15.0,Ngôn ngữ Trung Quốc
19416,DDN,ngon-ngu-trung-quoc,X78,Điểm thi THPT,2025,15.0,Ngôn ngữ Trung Quốc
19417,DDN,phan-tich-du-lieu-kinh-doanh,A00,Điểm học bạ,2024,18.0,Phân tích dữ liệu kinh doanh
19418,DDN,phan-tich-du-lieu-kinh-doanh,A01,Điểm học bạ,2024,18.0,Phân tích dữ liệu kinh doanh
19419,DDN,phan-tich-du-lieu-kinh-doanh,D01,Điểm học bạ,2024,18.0,Phân tích dữ liệu kinh doanh
19420,DDN,phan-tich-du-lieu-kinh-doanh,D07,Điểm học bạ,2024,18.0,Phân tích dữ liệu kinh doanh
19421,DDN,quan-he-cong-chung,C00,Điểm học bạ,2021,18.0,Quan hệ công chúng
19422,DDN,quan-he-cong-chung,C19,Điểm học bạ,2021,18.0,Quan hệ công chúng
19423,DDN,quan-he-cong-chung,D01,Điểm học bạ,2021,18.0,Quan hệ công chúng
19424,DDN,quan-he-cong-chung,D15,Điểm học bạ,2021,18.0,Quan hệ công chúng
19425,DDN,quan-he-cong-chung,C00,Điểm thi THPT,2021,15.0,Quan hệ công chúng
19426,DDN,quan-he-cong-chung,C19,Điểm thi THPT,2021,15.0,Quan hệ công chúng
19427,DDN,quan-he-cong-chung,D01,Điểm thi THPT,2021,15.0,Quan hệ công chúng
19428,DDN,quan-he-cong-chung,D15,Điểm thi THPT,2021,15.0,Quan hệ công chúng
19429,DDN,quan-he-cong-chung,C00,Điểm học bạ,2022,22.0,Quan hệ công chúng
19430,DDN,quan-he-cong-chung,C19,Điểm học bạ,2022,22.0,Quan hệ công chúng
19431,DDN,quan-he-cong-chung,D01,Điểm học bạ,2022,22.0,Quan hệ công chúng
19432,DDN,quan-he-cong-chung,D15,Điểm học bạ,2022,22.0,Quan hệ công chúng
19433,DDN,quan-he-cong-chung,C00,Điểm thi THPT,2022,15.0,Quan hệ công chúng
19434,DDN,quan-he-cong-chung,C19,Điểm thi THPT,2022,15.0,Quan hệ công chúng
19435,DDN,quan-he-cong-chung,D01,Điểm thi THPT,2022,15.0,Quan hệ công chúng
19436,DDN,quan-he-cong-chung,D15,Điểm thi THPT,2022,15.0,Quan hệ công chúng
19437,DDN,quan-he-cong-chung,C00,Điểm học bạ,2023,18.0,Quan hệ công chúng
19438,DDN,quan-he-cong-chung,C19,Điểm học bạ,2023,18.0,Quan hệ công chúng
19439,DDN,quan-he-cong-chung,D01,Điểm học bạ,2023,18.0,Quan hệ công chúng
19440,DDN,quan-he-cong-chung,D15,Điểm học bạ,2023,18.0,Quan hệ công chúng
19441,DDN,quan-he-cong-chung,C00,Điểm thi THPT,2023,15.0,Quan hệ công chúng
19442,DDN,quan-he-cong-chung,C19,Điểm thi THPT,2023,15.0,Quan hệ công chúng
19443,DDN,quan-he-cong-chung,D01,Điểm thi THPT,2023,15.0,Quan hệ công chúng
19444,DDN,quan-he-cong-chung,D15,Điểm thi THPT,2023,15.0,Quan hệ công chúng
19445,DDN,quan-he-cong-chung,C00,Điểm học bạ,2024,18.0,Quan hệ công chúng
19446,DDN,quan-he-cong-chung,C19,Điểm học bạ,2024,18.0,Quan hệ công chúng
19447,DDN,quan-he-cong-chung,D01,Điểm học bạ,2024,18.0,Quan hệ công chúng
19448,DDN,quan-he-cong-chung,D15,Điểm học bạ,2024,18.0,Quan hệ công chúng
19449,DDN,quan-he-cong-chung,C00,Điểm thi THPT,2024,17.0,Quan hệ công chúng
19450,DDN,quan-he-cong-chung,C19,Điểm thi THPT,2024,17.0,Quan hệ công chúng
19451,DDN,quan-he-cong-chung,D01,Điểm thi THPT,2024,17.0,Quan hệ công chúng
19452,DDN,quan-he-cong-chung,D15,Điểm thi THPT,2024,17.0,Quan hệ công chúng
19453,DDN,quan-he-cong-chung,C00,Điểm học bạ,2025,18.0,Quan hệ công chúng
19454,DDN,quan-he-cong-chung,C01,Điểm học bạ,2025,18.0,Quan hệ công chúng
19455,DDN,quan-he-cong-chung,C03,Điểm học bạ,2025,18.0,Quan hệ công chúng
19456,DDN,quan-he-cong-chung,C04,Điểm học bạ,2025,18.0,Quan hệ công chúng
19457,DDN,quan-he-cong-chung,C14,Điểm học bạ,2025,18.0,Quan hệ công chúng
19458,DDN,quan-he-cong-chung,D01,Điểm học bạ,2025,18.0,Quan hệ công chúng
19459,DDN,quan-he-cong-chung,X01,Điểm học bạ,2025,18.0,Quan hệ công chúng
19460,DDN,quan-he-cong-chung,C00,Điểm thi THPT,2025,15.0,Quan hệ công chúng
19461,DDN,quan-he-cong-chung,C01,Điểm thi THPT,2025,15.0,Quan hệ công chúng
19462,DDN,quan-he-cong-chung,C03,Điểm thi THPT,2025,15.0,Quan hệ công chúng
19463,DDN,quan-he-cong-chung,C04,Điểm thi THPT,2025,15.0,Quan hệ công chúng
19464,DDN,quan-he-cong-chung,C14,Điểm thi THPT,2025,15.0,Quan hệ công chúng
19465,DDN,quan-he-cong-chung,D01,Điểm thi THPT,2025,15.0,Quan hệ công chúng
19466,DDN,quan-he-cong-chung,X01,Điểm thi THPT,2025,15.0,Quan hệ công chúng
19467,DDN,quan-tri-dich-vu-du-lich-va-lu-hanh,A07,Điểm học bạ,2021,18.0,Quản trị dịch vụ du lịch và lữ hành
19468,DDN,quan-tri-dich-vu-du-lich-va-lu-hanh,A08,Điểm học bạ,2021,18.0,Quản trị dịch vụ du lịch và lữ hành
19469,DDN,quan-tri-dich-vu-du-lich-va-lu-hanh,C00,Điểm học bạ,2021,18.0,Quản trị dịch vụ du lịch và lữ hành
19470,DDN,quan-tri-dich-vu-du-lich-va-lu-hanh,D01,Điểm học bạ,2021,18.0,Quản trị dịch vụ du lịch và lữ hành
19471,DDN,quan-tri-dich-vu-du-lich-va-lu-hanh,A07,Điểm thi THPT,2021,15.0,Quản trị dịch vụ du lịch và lữ hành
19472,DDN,quan-tri-dich-vu-du-lich-va-lu-hanh,A08,Điểm thi THPT,2021,15.0,Quản trị dịch vụ du lịch và lữ hành
19473,DDN,quan-tri-dich-vu-du-lich-va-lu-hanh,C00,Điểm thi THPT,2021,15.0,Quản trị dịch vụ du lịch và lữ hành
19474,DDN,quan-tri-dich-vu-du-lich-va-lu-hanh,D01,Điểm thi THPT,2021,15.0,Quản trị dịch vụ du lịch và lữ hành
19475,DDN,quan-tri-dich-vu-du-lich-va-lu-hanh,A07,Điểm học bạ,2022,21.0,Quản trị dịch vụ du lịch và lữ hành
19476,DDN,quan-tri-dich-vu-du-lich-va-lu-hanh,A08,Điểm học bạ,2022,21.0,Quản trị dịch vụ du lịch và lữ hành
19477,DDN,quan-tri-dich-vu-du-lich-va-lu-hanh,C00,Điểm học bạ,2022,21.0,Quản trị dịch vụ du lịch và lữ hành
19478,DDN,quan-tri-dich-vu-du-lich-va-lu-hanh,D01,Điểm học bạ,2022,21.0,Quản trị dịch vụ du lịch và lữ hành
19479,DDN,quan-tri-dich-vu-du-lich-va-lu-hanh,A07,Điểm thi THPT,2022,15.0,Quản trị dịch vụ du lịch và lữ hành
19480,DDN,quan-tri-dich-vu-du-lich-va-lu-hanh,A08,Điểm thi THPT,2022,15.0,Quản trị dịch vụ du lịch và lữ hành
19481,DDN,quan-tri-dich-vu-du-lich-va-lu-hanh,C00,Điểm thi THPT,2022,15.0,Quản trị dịch vụ du lịch và lữ hành
19482,DDN,quan-tri-dich-vu-du-lich-va-lu-hanh,D01,Điểm thi THPT,2022,15.0,Quản trị dịch vụ du lịch và lữ hành
19483,DDN,quan-tri-dich-vu-du-lich-va-lu-hanh,A07,Điểm học bạ,2023,18.0,Quản trị dịch vụ du lịch và lữ hành
19484,DDN,quan-tri-dich-vu-du-lich-va-lu-hanh,A08,Điểm học bạ,2023,18.0,Quản trị dịch vụ du lịch và lữ hành
19485,DDN,quan-tri-dich-vu-du-lich-va-lu-hanh,C00,Điểm học bạ,2023,18.0,Quản trị dịch vụ du lịch và lữ hành
19486,DDN,quan-tri-dich-vu-du-lich-va-lu-hanh,D01,Điểm học bạ,2023,18.0,Quản trị dịch vụ du lịch và lữ hành
19487,DDN,quan-tri-dich-vu-du-lich-va-lu-hanh,A07,Điểm thi THPT,2023,15.0,Quản trị dịch vụ du lịch và lữ hành
19488,DDN,quan-tri-dich-vu-du-lich-va-lu-hanh,A08,Điểm thi THPT,2023,15.0,Quản trị dịch vụ du lịch và lữ hành
19489,DDN,quan-tri-dich-vu-du-lich-va-lu-hanh,C00,Điểm thi THPT,2023,15.0,Quản trị dịch vụ du lịch và lữ hành
19490,DDN,quan-tri-dich-vu-du-lich-va-lu-hanh,D01,Điểm thi THPT,2023,15.0,Quản trị dịch vụ du lịch và lữ hành
19491,DDN,quan-tri-dich-vu-du-lich-va-lu-hanh,A07,Điểm học bạ,2024,18.0,Quản trị dịch vụ du lịch và lữ hành
19492,DDN,quan-tri-dich-vu-du-lich-va-lu-hanh,A08,Điểm học bạ,2024,18.0,Quản trị dịch vụ du lịch và lữ hành
19493,DDN,quan-tri-dich-vu-du-lich-va-lu-hanh,C00,Điểm học bạ,2024,18.0,Quản trị dịch vụ du lịch và lữ hành
19494,DDN,quan-tri-dich-vu-du-lich-va-lu-hanh,D01,Điểm học bạ,2024,18.0,Quản trị dịch vụ du lịch và lữ hành
19495,DDN,quan-tri-dich-vu-du-lich-va-lu-hanh,A07,Điểm thi THPT,2024,18.0,Quản trị dịch vụ du lịch và lữ hành
19496,DDN,quan-tri-dich-vu-du-lich-va-lu-hanh,A08,Điểm thi THPT,2024,18.0,Quản trị dịch vụ du lịch và lữ hành
19497,DDN,quan-tri-dich-vu-du-lich-va-lu-hanh,C00,Điểm thi THPT,2024,18.0,Quản trị dịch vụ du lịch và lữ hành
19498,DDN,quan-tri-dich-vu-du-lich-va-lu-hanh,D01,Điểm thi THPT,2024,18.0,Quản trị dịch vụ du lịch và lữ hành
19499,DDN,quan-tri-dich-vu-du-lich-va-lu-hanh,C00,Điểm học bạ,2025,18.0,Quản trị dịch vụ du lịch và lữ hành
19500,DDN,quan-tri-dich-vu-du-lich-va-lu-hanh,C03,Điểm học bạ,2025,18.0,Quản trị dịch vụ du lịch và lữ hành
19501,DDN,quan-tri-dich-vu-du-lich-va-lu-hanh,C04,Điểm học bạ,2025,18.0,Quản trị dịch vụ du lịch và lữ hành
19502,DDN,quan-tri-dich-vu-du-lich-va-lu-hanh,D01,Điểm học bạ,2025,18.0,Quản trị dịch vụ du lịch và lữ hành
19503,DDN,quan-tri-dich-vu-du-lich-va-lu-hanh,D14,Điểm học bạ,2025,18.0,Quản trị dịch vụ du lịch và lữ hành
19504,DDN,quan-tri-dich-vu-du-lich-va-lu-hanh,D15,Điểm học bạ,2025,18.0,Quản trị dịch vụ du lịch và lữ hành
19505,DDN,quan-tri-dich-vu-du-lich-va-lu-hanh,X01,Điểm học bạ,2025,18.0,Quản trị dịch vụ du lịch và lữ hành
19506,DDN,quan-tri-dich-vu-du-lich-va-lu-hanh,C00,Điểm thi THPT,2025,15.0,Quản trị dịch vụ du lịch và lữ hành
19507,DDN,quan-tri-dich-vu-du-lich-va-lu-hanh,C03,Điểm thi THPT,2025,15.0,Quản trị dịch vụ du lịch và lữ hành
19508,DDN,quan-tri-dich-vu-du-lich-va-lu-hanh,C04,Điểm thi THPT,2025,15.0,Quản trị dịch vụ du lịch và lữ hành
19509,DDN,quan-tri-dich-vu-du-lich-va-lu-hanh,D01,Điểm thi THPT,2025,15.0,Quản trị dịch vụ du lịch và lữ hành
19510,DDN,quan-tri-dich-vu-du-lich-va-lu-hanh,D14,Điểm thi THPT,2025,15.0,Quản trị dịch vụ du lịch và lữ hành
19511,DDN,quan-tri-dich-vu-du-lich-va-lu-hanh,D15,Điểm thi THPT,2025,15.0,Quản trị dịch vụ du lịch và lữ hành
19512,DDN,quan-tri-dich-vu-du-lich-va-lu-hanh,X01,Điểm thi THPT,2025,15.0,Quản trị dịch vụ du lịch và lữ hành
19513,DDN,quan-tri-khach-san,C00,Điểm học bạ,2025,18.0,Quản trị khách sạn
19514,DDN,quan-tri-khach-san,C03,Điểm học bạ,2025,18.0,Quản trị khách sạn
19515,DDN,quan-tri-khach-san,C04,Điểm học bạ,2025,18.0,Quản trị khách sạn
19516,DDN,quan-tri-khach-san,D01,Điểm học bạ,2025,18.0,Quản trị khách sạn
19517,DDN,quan-tri-khach-san,D14,Điểm học bạ,2025,18.0,Quản trị khách sạn
19518,DDN,quan-tri-khach-san,D15,Điểm học bạ,2025,18.0,Quản trị khách sạn
19519,DDN,quan-tri-khach-san,X01,Điểm học bạ,2025,18.0,Quản trị khách sạn
19520,DDN,quan-tri-khach-san,C00,Điểm thi THPT,2025,15.0,Quản trị khách sạn
19521,DDN,quan-tri-khach-san,C03,Điểm thi THPT,2025,15.0,Quản trị khách sạn
19522,DDN,quan-tri-khach-san,C04,Điểm thi THPT,2025,15.0,Quản trị khách sạn
19523,DDN,quan-tri-khach-san,D01,Điểm thi THPT,2025,15.0,Quản trị khách sạn
19524,DDN,quan-tri-khach-san,D14,Điểm thi THPT,2025,15.0,Quản trị khách sạn
19525,DDN,quan-tri-khach-san,D15,Điểm thi THPT,2025,15.0,Quản trị khách sạn
19526,DDN,quan-tri-khach-san,X01,Điểm thi THPT,2025,15.0,Quản trị khách sạn
19527,DDN,quan-tri-kinh-doanh,A00,Điểm học bạ,2021,18.0,Quản trị kinh doanh
19528,DDN,quan-tri-kinh-doanh,C03,Điểm học bạ,2021,18.0,Quản trị kinh doanh
19529,DDN,quan-tri-kinh-doanh,D01,Điểm học bạ,2021,18.0,Quản trị kinh doanh
19530,DDN,quan-tri-kinh-doanh,D10,Điểm học bạ,2021,18.0,Quản trị kinh doanh
19531,DDN,quan-tri-kinh-doanh,A00,Điểm thi THPT,2021,15.0,Quản trị kinh doanh
19532,DDN,quan-tri-kinh-doanh,C03,Điểm thi THPT,2021,15.0,Quản trị kinh doanh
19533,DDN,quan-tri-kinh-doanh,D01,Điểm thi THPT,2021,15.0,Quản trị kinh doanh
19534,DDN,quan-tri-kinh-doanh,D10,Điểm thi THPT,2021,15.0,Quản trị kinh doanh
19535,DDN,quan-tri-kinh-doanh,A00,Điểm học bạ,2022,20.0,Quản trị kinh doanh
19536,DDN,quan-tri-kinh-doanh,C03,Điểm học bạ,2022,20.0,Quản trị kinh doanh
19537,DDN,quan-tri-kinh-doanh,D01,Điểm học bạ,2022,20.0,Quản trị kinh doanh
19538,DDN,quan-tri-kinh-doanh,D10,Điểm học bạ,2022,20.0,Quản trị kinh doanh
19539,DDN,quan-tri-kinh-doanh,A00,Điểm thi THPT,2022,15.0,Quản trị kinh doanh
19540,DDN,quan-tri-kinh-doanh,C03,Điểm thi THPT,2022,15.0,Quản trị kinh doanh
19541,DDN,quan-tri-kinh-doanh,D01,Điểm thi THPT,2022,15.0,Quản trị kinh doanh
19542,DDN,quan-tri-kinh-doanh,D10,Điểm thi THPT,2022,15.0,Quản trị kinh doanh
19543,DDN,quan-tri-kinh-doanh,A00,Điểm học bạ,2023,18.0,Quản trị kinh doanh
19544,DDN,quan-tri-kinh-doanh,C03,Điểm học bạ,2023,18.0,Quản trị kinh doanh
19545,DDN,quan-tri-kinh-doanh,D01,Điểm học bạ,2023,18.0,Quản trị kinh doanh
19546,DDN,quan-tri-kinh-doanh,D10,Điểm học bạ,2023,18.0,Quản trị kinh doanh
19547,DDN,quan-tri-kinh-doanh,A00,Điểm thi THPT,2023,15.0,Quản trị kinh doanh
19548,DDN,quan-tri-kinh-doanh,C03,Điểm thi THPT,2023,15.0,Quản trị kinh doanh
19549,DDN,quan-tri-kinh-doanh,D01,Điểm thi THPT,2023,15.0,Quản trị kinh doanh
19550,DDN,quan-tri-kinh-doanh,D10,Điểm thi THPT,2023,15.0,Quản trị kinh doanh
19551,DDN,quan-tri-kinh-doanh,A00,Điểm học bạ,2024,18.0,Quản trị kinh doanh
19552,DDN,quan-tri-kinh-doanh,C03,Điểm học bạ,2024,18.0,Quản trị kinh doanh
19553,DDN,quan-tri-kinh-doanh,D01,Điểm học bạ,2024,18.0,Quản trị kinh doanh
19554,DDN,quan-tri-kinh-doanh,D10,Điểm học bạ,2024,18.0,Quản trị kinh doanh
19555,DDN,quan-tri-kinh-doanh,A00,Điểm thi THPT,2024,16.0,Quản trị kinh doanh
19556,DDN,quan-tri-kinh-doanh,C03,Điểm thi THPT,2024,16.0,Quản trị kinh doanh
19557,DDN,quan-tri-kinh-doanh,D01,Điểm thi THPT,2024,16.0,Quản trị kinh doanh
19558,DDN,quan-tri-kinh-doanh,D10,Điểm thi THPT,2024,16.0,Quản trị kinh doanh
19559,DDN,quan-tri-kinh-doanh,A00,Điểm học bạ,2025,18.0,Quản trị kinh doanh
19560,DDN,quan-tri-kinh-doanh,A01,Điểm học bạ,2025,18.0,Quản trị kinh doanh
19561,DDN,quan-tri-kinh-doanh,C01,Điểm học bạ,2025,18.0,Quản trị kinh doanh
19562,DDN,quan-tri-kinh-doanh,C03,Điểm học bạ,2025,18.0,Quản trị kinh doanh
19563,DDN,quan-tri-kinh-doanh,C04,Điểm học bạ,2025,18.0,Quản trị kinh doanh
19564,DDN,quan-tri-kinh-doanh,D01,Điểm học bạ,2025,18.0,Quản trị kinh doanh
19565,DDN,quan-tri-kinh-doanh,D07,Điểm học bạ,2025,18.0,Quản trị kinh doanh
19566,DDN,quan-tri-kinh-doanh,A00,Điểm thi THPT,2025,15.0,Quản trị kinh doanh
19567,DDN,quan-tri-kinh-doanh,A01,Điểm thi THPT,2025,15.0,Quản trị kinh doanh
19568,DDN,quan-tri-kinh-doanh,C01,Điểm thi THPT,2025,15.0,Quản trị kinh doanh
19569,DDN,quan-tri-kinh-doanh,C03,Điểm thi THPT,2025,15.0,Quản trị kinh doanh
19570,DDN,quan-tri-kinh-doanh,C04,Điểm thi THPT,2025,15.0,Quản trị kinh doanh
19571,DDN,quan-tri-kinh-doanh,D01,Điểm thi THPT,2025,15.0,Quản trị kinh doanh
19572,DDN,quan-tri-kinh-doanh,D07,Điểm thi THPT,2025,15.0,Quản trị kinh doanh
19573,DDN,quan-tri-nhan-luc,A00,Điểm học bạ,2024,18.0,Quản trị nhân lực
19574,DDN,quan-tri-nhan-luc,A01,Điểm học bạ,2024,18.0,Quản trị nhân lực
19575,DDN,quan-tri-nhan-luc,D01,Điểm học bạ,2024,18.0,Quản trị nhân lực
19576,DDN,quan-tri-nhan-luc,D07,Điểm học bạ,2024,18.0,Quản trị nhân lực
19577,DDN,quan-tri-nhan-luc,A00,Điểm thi THPT,2024,16.0,Quản trị nhân lực
19578,DDN,quan-tri-nhan-luc,A01,Điểm thi THPT,2024,16.0,Quản trị nhân lực
19579,DDN,quan-tri-nhan-luc,D01,Điểm thi THPT,2024,16.0,Quản trị nhân lực
19580,DDN,quan-tri-nhan-luc,D07,Điểm thi THPT,2024,16.0,Quản trị nhân lực
19581,DDN,quan-tri-nhan-luc,A00,Điểm học bạ,2025,18.0,Quản trị nhân lực
19582,DDN,quan-tri-nhan-luc,A01,Điểm học bạ,2025,18.0,Quản trị nhân lực
19583,DDN,quan-tri-nhan-luc,C01,Điểm học bạ,2025,18.0,Quản trị nhân lực
19584,DDN,quan-tri-nhan-luc,C03,Điểm học bạ,2025,18.0,Quản trị nhân lực
19585,DDN,quan-tri-nhan-luc,C04,Điểm học bạ,2025,18.0,Quản trị nhân lực
19586,DDN,quan-tri-nhan-luc,D01,Điểm học bạ,2025,18.0,Quản trị nhân lực
19587,DDN,quan-tri-nhan-luc,D07,Điểm học bạ,2025,18.0,Quản trị nhân lực
19588,DDN,quan-tri-nhan-luc,A00,Điểm thi THPT,2025,15.0,Quản trị nhân lực
19589,DDN,quan-tri-nhan-luc,A01,Điểm thi THPT,2025,15.0,Quản trị nhân lực
19590,DDN,quan-tri-nhan-luc,C01,Điểm thi THPT,2025,15.0,Quản trị nhân lực
19591,DDN,quan-tri-nhan-luc,C03,Điểm thi THPT,2025,15.0,Quản trị nhân lực
19592,DDN,quan-tri-nhan-luc,C04,Điểm thi THPT,2025,15.0,Quản trị nhân lực
19593,DDN,quan-tri-nhan-luc,D01,Điểm thi THPT,2025,15.0,Quản trị nhân lực
19594,DDN,quan-tri-nhan-luc,D07,Điểm thi THPT,2025,15.0,Quản trị nhân lực
19595,DDN,tai-chinh-ngan-hang,A00,Điểm học bạ,2021,18.0,Tài chính ngân hàng
19596,DDN,tai-chinh-ngan-hang,C01,Điểm học bạ,2021,18.0,Tài chính ngân hàng
19597,DDN,tai-chinh-ngan-hang,C14,Điểm học bạ,2021,18.0,Tài chính ngân hàng
19598,DDN,tai-chinh-ngan-hang,D01,Điểm học bạ,2021,18.0,Tài chính ngân hàng
19599,DDN,tai-chinh-ngan-hang,A00,Điểm thi THPT,2021,15.0,Tài chính ngân hàng
19600,DDN,tai-chinh-ngan-hang,C01,Điểm thi THPT,2021,15.0,Tài chính ngân hàng
19601,DDN,tai-chinh-ngan-hang,C14,Điểm thi THPT,2021,15.0,Tài chính ngân hàng
19602,DDN,tai-chinh-ngan-hang,D01,Điểm thi THPT,2021,15.0,Tài chính ngân hàng
19603,DDN,tai-chinh-ngan-hang,A00,Điểm học bạ,2022,21.0,Tài chính ngân hàng
19604,DDN,tai-chinh-ngan-hang,C01,Điểm học bạ,2022,21.0,Tài chính ngân hàng
19605,DDN,tai-chinh-ngan-hang,C14,Điểm học bạ,2022,21.0,Tài chính ngân hàng
19606,DDN,tai-chinh-ngan-hang,D01,Điểm học bạ,2022,21.0,Tài chính ngân hàng
19607,DDN,tai-chinh-ngan-hang,A00,Điểm thi THPT,2022,15.0,Tài chính ngân hàng
19608,DDN,tai-chinh-ngan-hang,C01,Điểm thi THPT,2022,15.0,Tài chính ngân hàng
19609,DDN,tai-chinh-ngan-hang,C14,Điểm thi THPT,2022,15.0,Tài chính ngân hàng
19610,DDN,tai-chinh-ngan-hang,D01,Điểm thi THPT,2022,15.0,Tài chính ngân hàng
19611,DDN,tai-chinh-ngan-hang,A00,Điểm học bạ,2023,18.0,Tài chính ngân hàng
19612,DDN,tai-chinh-ngan-hang,C01,Điểm học bạ,2023,18.0,Tài chính ngân hàng
19613,DDN,tai-chinh-ngan-hang,C14,Điểm học bạ,2023,18.0,Tài chính ngân hàng
19614,DDN,tai-chinh-ngan-hang,D01,Điểm học bạ,2023,18.0,Tài chính ngân hàng
19615,DDN,tai-chinh-ngan-hang,A00,Điểm thi THPT,2023,15.0,Tài chính ngân hàng
19616,DDN,tai-chinh-ngan-hang,C01,Điểm thi THPT,2023,15.0,Tài chính ngân hàng
19617,DDN,tai-chinh-ngan-hang,C14,Điểm thi THPT,2023,15.0,Tài chính ngân hàng
19618,DDN,tai-chinh-ngan-hang,D01,Điểm thi THPT,2023,15.0,Tài chính ngân hàng
19619,DDN,tai-chinh-ngan-hang,A00,Điểm học bạ,2024,18.0,Tài chính - Ngân hàng
19620,DDN,tai-chinh-ngan-hang,C01,Điểm học bạ,2024,18.0,Tài chính - Ngân hàng
19621,DDN,tai-chinh-ngan-hang,C14,Điểm học bạ,2024,18.0,Tài chính - Ngân hàng
19622,DDN,tai-chinh-ngan-hang,D01,Điểm học bạ,2024,18.0,Tài chính - Ngân hàng
19623,DDN,tai-chinh-ngan-hang,A00,Điểm thi THPT,2024,17.0,Tài chính - Ngân hàng
19624,DDN,tai-chinh-ngan-hang,C01,Điểm thi THPT,2024,17.0,Tài chính - Ngân hàng
19625,DDN,tai-chinh-ngan-hang,C14,Điểm thi THPT,2024,17.0,Tài chính - Ngân hàng
19626,DDN,tai-chinh-ngan-hang,D01,Điểm thi THPT,2024,17.0,Tài chính - Ngân hàng
19627,DDN,tai-chinh-ngan-hang,A00,Điểm học bạ,2025,18.0,Tài chính - Ngân hàng
19628,DDN,tai-chinh-ngan-hang,A01,Điểm học bạ,2025,18.0,Tài chính - Ngân hàng
19629,DDN,tai-chinh-ngan-hang,C01,Điểm học bạ,2025,18.0,Tài chính - Ngân hàng
19630,DDN,tai-chinh-ngan-hang,C03,Điểm học bạ,2025,18.0,Tài chính - Ngân hàng
19631,DDN,tai-chinh-ngan-hang,C04,Điểm học bạ,2025,18.0,Tài chính - Ngân hàng
19632,DDN,tai-chinh-ngan-hang,D01,Điểm học bạ,2025,18.0,Tài chính - Ngân hàng
19633,DDN,tai-chinh-ngan-hang,X26,Điểm học bạ,2025,18.0,Tài chính - Ngân hàng
19634,DDN,tai-chinh-ngan-hang,A00,Điểm thi THPT,2025,15.0,Tài chính - Ngân hàng
19635,DDN,tai-chinh-ngan-hang,A01,Điểm thi THPT,2025,15.0,Tài chính - Ngân hàng
19636,DDN,tai-chinh-ngan-hang,C01,Điểm thi THPT,2025,15.0,Tài chính - Ngân hàng
19637,DDN,tai-chinh-ngan-hang,C03,Điểm thi THPT,2025,15.0,Tài chính - Ngân hàng
19638,DDN,tai-chinh-ngan-hang,C04,Điểm thi THPT,2025,15.0,Tài chính - Ngân hàng
19639,DDN,tai-chinh-ngan-hang,D01,Điểm thi THPT,2025,15.0,Tài chính - Ngân hàng
19640,DDN,tai-chinh-ngan-hang,X26,Điểm thi THPT,2025,15.0,Tài chính - Ngân hàng
19641,DDN,tam-ly-hoc,A00,Điểm học bạ,2024,18.0,Tâm lý học
19642,DDN,tam-ly-hoc,A01,Điểm học bạ,2024,18.0,Tâm lý học
19643,DDN,tam-ly-hoc,C00,Điểm học bạ,2024,18.0,Tâm lý học
19644,DDN,tam-ly-hoc,D01,Điểm học bạ,2024,18.0,Tâm lý học
19645,DDN,tam-ly-hoc,A00,Điểm thi THPT,2024,16.0,Tâm lý học
19646,DDN,tam-ly-hoc,A01,Điểm thi THPT,2024,16.0,Tâm lý học
19647,DDN,tam-ly-hoc,C00,Điểm thi THPT,2024,16.0,Tâm lý học
19648,DDN,tam-ly-hoc,D01,Điểm thi THPT,2024,16.0,Tâm lý học
19649,DDN,tam-ly-hoc,B03,Điểm học bạ,2025,18.0,Tâm lý học
19650,DDN,tam-ly-hoc,C00,Điểm học bạ,2025,18.0,Tâm lý học
19651,DDN,tam-ly-hoc,C01,Điểm học bạ,2025,18.0,Tâm lý học
19652,DDN,tam-ly-hoc,C03,Điểm học bạ,2025,18.0,Tâm lý học
19653,DDN,tam-ly-hoc,C04,Điểm học bạ,2025,18.0,Tâm lý học
19654,DDN,tam-ly-hoc,D01,Điểm học bạ,2025,18.0,Tâm lý học
19655,DDN,tam-ly-hoc,X01,Điểm học bạ,2025,18.0,Tâm lý học
19656,DDN,tam-ly-hoc,B03,Điểm thi THPT,2025,15.0,Tâm lý học
19657,DDN,tam-ly-hoc,C00,Điểm thi THPT,2025,15.0,Tâm lý học
19658,DDN,tam-ly-hoc,C01,Điểm thi THPT,2025,15.0,Tâm lý học
19659,DDN,tam-ly-hoc,C03,Điểm thi THPT,2025,15.0,Tâm lý học
19660,DDN,tam-ly-hoc,C04,Điểm thi THPT,2025,15.0,Tâm lý học
19661,DDN,tam-ly-hoc,D01,Điểm thi THPT,2025,15.0,Tâm lý học
19662,DDN,tam-ly-hoc,X01,Điểm thi THPT,2025,15.0,Tâm lý học
19663,DDN,thiet-ke-do-hoa,A00,Điểm học bạ,2024,18.0,Thiết kế đồ hoạ
19664,DDN,thiet-ke-do-hoa,A01,Điểm học bạ,2024,18.0,Thiết kế đồ hoạ
19665,DDN,thiet-ke-do-hoa,C01,Điểm học bạ,2024,18.0,Thiết kế đồ hoạ
19666,DDN,thiet-ke-do-hoa,C03,Điểm học bạ,2024,18.0,Thiết kế đồ hoạ
19667,DDN,thiet-ke-do-hoa,A00,Điểm thi THPT,2024,16.0,Thiết kế đồ hoạ
19668,DDN,thiet-ke-do-hoa,A01,Điểm thi THPT,2024,16.0,Thiết kế đồ hoạ
19669,DDN,thiet-ke-do-hoa,C01,Điểm thi THPT,2024,16.0,Thiết kế đồ hoạ
19670,DDN,thiet-ke-do-hoa,C03,Điểm thi THPT,2024,16.0,Thiết kế đồ hoạ
19671,DDN,thiet-ke-do-hoa,C01,Điểm học bạ,2025,18.0,Thiết kế đồ hoạ
19672,DDN,thiet-ke-do-hoa,C03,Điểm học bạ,2025,18.0,Thiết kế đồ hoạ
19673,DDN,thiet-ke-do-hoa,C04,Điểm học bạ,2025,18.0,Thiết kế đồ hoạ
19674,DDN,thiet-ke-do-hoa,C14,Điểm học bạ,2025,18.0,Thiết kế đồ hoạ
19675,DDN,thiet-ke-do-hoa,D01,Điểm học bạ,2025,18.0,Thiết kế đồ hoạ
19676,DDN,thiet-ke-do-hoa,H01,Điểm học bạ,2025,18.0,Thiết kế đồ hoạ
19677,DDN,thiet-ke-do-hoa,X01,Điểm học bạ,2025,18.0,Thiết kế đồ hoạ
19678,DDN,thiet-ke-do-hoa,C01,Điểm thi THPT,2025,15.0,Thiết kế đồ hoạ
19679,DDN,thiet-ke-do-hoa,C03,Điểm thi THPT,2025,15.0,Thiết kế đồ hoạ
19680,DDN,thiet-ke-do-hoa,C04,Điểm thi THPT,2025,15.0,Thiết kế đồ hoạ
19681,DDN,thiet-ke-do-hoa,C14,Điểm thi THPT,2025,15.0,Thiết kế đồ hoạ
19682,DDN,thiet-ke-do-hoa,D01,Điểm thi THPT,2025,15.0,Thiết kế đồ hoạ
19683,DDN,thiet-ke-do-hoa,H01,Điểm thi THPT,2025,15.0,Thiết kế đồ hoạ
19684,DDN,thiet-ke-do-hoa,X01,Điểm thi THPT,2025,15.0,Thiết kế đồ hoạ
19685,DDN,thuong-mai-dien-tu,A00,Điểm học bạ,2022,21.0,Thương mại điện tử
19686,DDN,thuong-mai-dien-tu,A01,Điểm học bạ,2022,21.0,Thương mại điện tử
19687,DDN,thuong-mai-dien-tu,C01,Điểm học bạ,2022,21.0,Thương mại điện tử
19688,DDN,thuong-mai-dien-tu,D01,Điểm học bạ,2022,21.0,Thương mại điện tử
19689,DDN,thuong-mai-dien-tu,A00,Điểm thi THPT,2022,15.0,Thương mại điện tử
19690,DDN,thuong-mai-dien-tu,A01,Điểm thi THPT,2022,15.0,Thương mại điện tử
19691,DDN,thuong-mai-dien-tu,C01,Điểm thi THPT,2022,15.0,Thương mại điện tử
19692,DDN,thuong-mai-dien-tu,D01,Điểm thi THPT,2022,15.0,Thương mại điện tử
19693,DDN,thuong-mai-dien-tu,A00,Điểm học bạ,2023,18.0,Thương mại điện tử
19694,DDN,thuong-mai-dien-tu,A01,Điểm học bạ,2023,18.0,Thương mại điện tử
19695,DDN,thuong-mai-dien-tu,C01,Điểm học bạ,2023,18.0,Thương mại điện tử
19696,DDN,thuong-mai-dien-tu,D01,Điểm học bạ,2023,18.0,Thương mại điện tử
19697,DDN,thuong-mai-dien-tu,A00,Điểm thi THPT,2023,15.0,Thương mại điện tử
19698,DDN,thuong-mai-dien-tu,A01,Điểm thi THPT,2023,15.0,Thương mại điện tử
19699,DDN,thuong-mai-dien-tu,C01,Điểm thi THPT,2023,15.0,Thương mại điện tử
19700,DDN,thuong-mai-dien-tu,D01,Điểm thi THPT,2023,15.0,Thương mại điện tử
19701,DDN,thuong-mai-dien-tu,A00,Điểm học bạ,2024,18.0,Thương mại điện tử
19702,DDN,thuong-mai-dien-tu,A01,Điểm học bạ,2024,18.0,Thương mại điện tử
19703,DDN,thuong-mai-dien-tu,C01,Điểm học bạ,2024,18.0,Thương mại điện tử
19704,DDN,thuong-mai-dien-tu,D01,Điểm học bạ,2024,18.0,Thương mại điện tử
19705,DDN,thuong-mai-dien-tu,A00,Điểm thi THPT,2024,16.0,Thương mại điện tử
19706,DDN,thuong-mai-dien-tu,A01,Điểm thi THPT,2024,16.0,Thương mại điện tử
19707,DDN,thuong-mai-dien-tu,C01,Điểm thi THPT,2024,16.0,Thương mại điện tử
19708,DDN,thuong-mai-dien-tu,D01,Điểm thi THPT,2024,16.0,Thương mại điện tử
19709,DDN,thuong-mai-dien-tu,A00,Điểm học bạ,2025,18.0,Thương mại điện tử
19710,DDN,thuong-mai-dien-tu,A01,Điểm học bạ,2025,18.0,Thương mại điện tử
19711,DDN,thuong-mai-dien-tu,C01,Điểm học bạ,2025,18.0,Thương mại điện tử
19712,DDN,thuong-mai-dien-tu,C03,Điểm học bạ,2025,18.0,Thương mại điện tử
19713,DDN,thuong-mai-dien-tu,C04,Điểm học bạ,2025,18.0,Thương mại điện tử
19714,DDN,thuong-mai-dien-tu,D01,Điểm học bạ,2025,18.0,Thương mại điện tử
19715,DDN,thuong-mai-dien-tu,X26,Điểm học bạ,2025,18.0,Thương mại điện tử
19716,DDN,thuong-mai-dien-tu,A00,Điểm thi THPT,2025,15.0,Thương mại điện tử
19717,DDN,thuong-mai-dien-tu,A01,Điểm thi THPT,2025,15.0,Thương mại điện tử
19718,DDN,thuong-mai-dien-tu,C01,Điểm thi THPT,2025,15.0,Thương mại điện tử
19719,DDN,thuong-mai-dien-tu,C03,Điểm thi THPT,2025,15.0,Thương mại điện tử
19720,DDN,thuong-mai-dien-tu,C04,Điểm thi THPT,2025,15.0,Thương mại điện tử
19721,DDN,thuong-mai-dien-tu,D01,Điểm thi THPT,2025,15.0,Thương mại điện tử
19722,DDN,thuong-mai-dien-tu,X26,Điểm thi THPT,2025,15.0,Thương mại điện tử
19723,DDN,truyen-thong-da-phuong-tien,A00,Điểm học bạ,2022,21.0,Truyền thông đa phương tiện
19724,DDN,truyen-thong-da-phuong-tien,A01,Điểm học bạ,2022,21.0,Truyền thông đa phương tiện
19725,DDN,truyen-thong-da-phuong-tien,C14,Điểm học bạ,2022,21.0,Truyền thông đa phương tiện
19726,DDN,truyen-thong-da-phuong-tien,D01,Điểm học bạ,2022,21.0,Truyền thông đa phương tiện
19727,DDN,truyen-thong-da-phuong-tien,A00,Điểm thi THPT,2022,15.0,Truyền thông đa phương tiện
19728,DDN,truyen-thong-da-phuong-tien,A01,Điểm thi THPT,2022,15.0,Truyền thông đa phương tiện
19729,DDN,truyen-thong-da-phuong-tien,C14,Điểm thi THPT,2022,15.0,Truyền thông đa phương tiện
19730,DDN,truyen-thong-da-phuong-tien,D01,Điểm thi THPT,2022,15.0,Truyền thông đa phương tiện
19731,DDN,truyen-thong-da-phuong-tien,A00,Điểm học bạ,2023,18.0,Truyền thông đa phương tiện
19732,DDN,truyen-thong-da-phuong-tien,A01,Điểm học bạ,2023,18.0,Truyền thông đa phương tiện
19733,DDN,truyen-thong-da-phuong-tien,C14,Điểm học bạ,2023,18.0,Truyền thông đa phương tiện
19734,DDN,truyen-thong-da-phuong-tien,D01,Điểm học bạ,2023,18.0,Truyền thông đa phương tiện
19735,DDN,truyen-thong-da-phuong-tien,A00,Điểm thi THPT,2023,15.0,Truyền thông đa phương tiện
19736,DDN,truyen-thong-da-phuong-tien,A01,Điểm thi THPT,2023,15.0,Truyền thông đa phương tiện
19737,DDN,truyen-thong-da-phuong-tien,C14,Điểm thi THPT,2023,15.0,Truyền thông đa phương tiện
19738,DDN,truyen-thong-da-phuong-tien,D01,Điểm thi THPT,2023,15.0,Truyền thông đa phương tiện
19739,DDN,truyen-thong-da-phuong-tien,A00,Điểm học bạ,2024,18.0,Truyền thông đa phương tiện
19740,DDN,truyen-thong-da-phuong-tien,A01,Điểm học bạ,2024,18.0,Truyền thông đa phương tiện
19741,DDN,truyen-thong-da-phuong-tien,C14,Điểm học bạ,2024,18.0,Truyền thông đa phương tiện
19742,DDN,truyen-thong-da-phuong-tien,D01,Điểm học bạ,2024,18.0,Truyền thông đa phương tiện
19743,DDN,truyen-thong-da-phuong-tien,A00,Điểm thi THPT,2024,18.0,Truyền thông đa phương tiện
19744,DDN,truyen-thong-da-phuong-tien,A01,Điểm thi THPT,2024,18.0,Truyền thông đa phương tiện
19745,DDN,truyen-thong-da-phuong-tien,C14,Điểm thi THPT,2024,18.0,Truyền thông đa phương tiện
19746,DDN,truyen-thong-da-phuong-tien,D01,Điểm thi THPT,2024,18.0,Truyền thông đa phương tiện
19747,DDN,truyen-thong-da-phuong-tien,C00,Điểm học bạ,2025,18.0,Truyền thông đa phương tiện
19748,DDN,truyen-thong-da-phuong-tien,C01,Điểm học bạ,2025,18.0,Truyền thông đa phương tiện
19749,DDN,truyen-thong-da-phuong-tien,C03,Điểm học bạ,2025,18.0,Truyền thông đa phương tiện
19750,DDN,truyen-thong-da-phuong-tien,C04,Điểm học bạ,2025,18.0,Truyền thông đa phương tiện
19751,DDN,truyen-thong-da-phuong-tien,C14,Điểm học bạ,2025,18.0,Truyền thông đa phương tiện
19752,DDN,truyen-thong-da-phuong-tien,D01,Điểm học bạ,2025,18.0,Truyền thông đa phương tiện
19753,DDN,truyen-thong-da-phuong-tien,X01,Điểm học bạ,2025,18.0,Truyền thông đa phương tiện
19754,DDN,truyen-thong-da-phuong-tien,C00,Điểm thi THPT,2025,15.0,Truyền thông đa phương tiện
19755,DDN,truyen-thong-da-phuong-tien,C01,Điểm thi THPT,2025,15.0,Truyền thông đa phương tiện
19756,DDN,truyen-thong-da-phuong-tien,C03,Điểm thi THPT,2025,15.0,Truyền thông đa phương tiện
19757,DDN,truyen-thong-da-phuong-tien,C04,Điểm thi THPT,2025,15.0,Truyền thông đa phương tiện
19758,DDN,truyen-thong-da-phuong-tien,C14,Điểm thi THPT,2025,15.0,Truyền thông đa phương tiện
19759,DDN,truyen-thong-da-phuong-tien,D01,Điểm thi THPT,2025,15.0,Truyền thông đa phương tiện
19760,DDN,truyen-thong-da-phuong-tien,X01,Điểm thi THPT,2025,15.0,Truyền thông đa phương tiện
19761,DDN,y-khoa,A00,Điểm học bạ,2021,24.0,Y khoa
19762,DDN,y-khoa,A01,Điểm học bạ,2021,24.0,Y khoa
19763,DDN,y-khoa,B00,Điểm học bạ,2021,24.0,Y khoa
19764,DDN,y-khoa,B08,Điểm học bạ,2021,24.0,Y khoa
19765,DDN,y-khoa,A00,Điểm thi THPT,2021,22.0,Y khoa
19766,DDN,y-khoa,A01,Điểm thi THPT,2021,22.0,Y khoa
19767,DDN,y-khoa,B00,Điểm thi THPT,2021,22.0,Y khoa
19768,DDN,y-khoa,B08,Điểm thi THPT,2021,22.0,Y khoa
19769,DDN,y-khoa,A00,Điểm học bạ,2022,24.0,Y khoa
19770,DDN,y-khoa,A01,Điểm học bạ,2022,24.0,Y khoa
19771,DDN,y-khoa,B00,Điểm học bạ,2022,24.0,Y khoa
19772,DDN,y-khoa,B08,Điểm học bạ,2022,24.0,Y khoa
19773,DDN,y-khoa,A00,Điểm thi THPT,2022,22.0,Y khoa
19774,DDN,y-khoa,A01,Điểm thi THPT,2022,22.0,Y khoa
19775,DDN,y-khoa,B00,Điểm thi THPT,2022,22.0,Y khoa
19776,DDN,y-khoa,B08,Điểm thi THPT,2022,22.0,Y khoa
19777,DDN,y-khoa,A00,Điểm học bạ,2023,24.0,Y khoa
19778,DDN,y-khoa,A01,Điểm học bạ,2023,24.0,Y khoa
19779,DDN,y-khoa,B00,Điểm học bạ,2023,24.0,Y khoa
19780,DDN,y-khoa,B08,Điểm học bạ,2023,24.0,Y khoa
19781,DDN,y-khoa,A00,Điểm thi THPT,2023,22.5,Y khoa
19782,DDN,y-khoa,A01,Điểm thi THPT,2023,22.5,Y khoa
19783,DDN,y-khoa,B00,Điểm thi THPT,2023,22.5,Y khoa
19784,DDN,y-khoa,B08,Điểm thi THPT,2023,22.5,Y khoa
19785,DDN,y-khoa,A00,Điểm học bạ,2024,24.0,Y khoa
19786,DDN,y-khoa,A01,Điểm học bạ,2024,24.0,Y khoa
19787,DDN,y-khoa,B00,Điểm học bạ,2024,24.0,Y khoa
19788,DDN,y-khoa,B08,Điểm học bạ,2024,24.0,Y khoa
19789,DDN,y-khoa,A00,Điểm thi THPT,2024,22.5,Y khoa
19790,DDN,y-khoa,A01,Điểm thi THPT,2024,22.5,Y khoa
19791,DDN,y-khoa,B00,Điểm thi THPT,2024,22.5,Y khoa
19792,DDN,y-khoa,B08,Điểm thi THPT,2024,22.5,Y khoa
19793,DDN,y-khoa,A00,Điểm học bạ,2025,24.0,Y khoa
19794,DDN,y-khoa,B00,Điểm học bạ,2025,24.0,Y khoa
19795,DDN,y-khoa,B03,Điểm học bạ,2025,24.0,Y khoa
19796,DDN,y-khoa,B04,Điểm học bạ,2025,24.0,Y khoa
19797,DDN,y-khoa,B08,Điểm học bạ,2025,24.0,Y khoa
19798,DDN,y-khoa,D07,Điểm học bạ,2025,24.0,Y khoa
19799,DDN,y-khoa,X13,Điểm học bạ,2025,24.0,Y khoa
19800,DDN,y-khoa,A00,Điểm thi THPT,2025,20.5,Y khoa
19801,DDN,y-khoa,B00,Điểm thi THPT,2025,20.5,Y khoa
19802,DDN,y-khoa,B03,Điểm thi THPT,2025,20.5,Y khoa
19803,DDN,y-khoa,B04,Điểm thi THPT,2025,20.5,Y khoa
19804,DDN,y-khoa,B08,Điểm thi THPT,2025,20.5,Y khoa
19805,DDN,y-khoa,D07,Điểm thi THPT,2025,20.5,Y khoa
19806,DDN,y-khoa,X13,Điểm thi THPT,2025,20.5,Y khoa
19807,DDP,cong-nghe-thong-tin,A00,Điểm thi THPT,2021,14.0,Công nghệ thông tin
19808,DDP,cong-nghe-thong-tin,A01,Điểm thi THPT,2021,14.0,Công nghệ thông tin
19809,DDP,cong-nghe-thong-tin,D01,Điểm thi THPT,2021,14.0,Công nghệ thông tin
19810,DDP,cong-nghe-thong-tin,D07,Điểm thi THPT,2021,14.0,Công nghệ thông tin
19811,DDP,cong-nghe-thong-tin,A00,Điểm thi THPT,2022,15.0,Công nghệ thông tin
19812,DDP,cong-nghe-thong-tin,A09,Điểm thi THPT,2022,15.0,Công nghệ thông tin
19813,DDP,cong-nghe-thong-tin,D01,Điểm thi THPT,2022,15.0,Công nghệ thông tin
19814,DDP,cong-nghe-thong-tin,D07,Điểm thi THPT,2022,15.0,Công nghệ thông tin
19815,DDP,cong-nghe-thong-tin,A00,Điểm học bạ,2023,15.0,Công nghệ thông tin
19816,DDP,cong-nghe-thong-tin,A02,Điểm học bạ,2023,15.0,Công nghệ thông tin
19817,DDP,cong-nghe-thong-tin,A04,Điểm học bạ,2023,15.0,Công nghệ thông tin
19818,DDP,cong-nghe-thong-tin,B02,Điểm học bạ,2023,15.0,Công nghệ thông tin
19819,DDP,cong-nghe-thong-tin,A00,Điểm thi THPT,2023,15.0,Công nghệ thông tin
19820,DDP,cong-nghe-thong-tin,A01,Điểm thi THPT,2023,15.0,Công nghệ thông tin
19821,DDP,cong-nghe-thong-tin,D01,Điểm thi THPT,2023,15.0,Công nghệ thông tin
19822,DDP,cong-nghe-thong-tin,D07,Điểm thi THPT,2023,15.0,Công nghệ thông tin
19823,DDP,cong-nghe-thong-tin,A00,Điểm học bạ,2024,15.0,Công nghệ thông tin
19824,DDP,cong-nghe-thong-tin,A02,Điểm học bạ,2024,15.0,Công nghệ thông tin
19825,DDP,cong-nghe-thong-tin,A04,Điểm học bạ,2024,15.0,Công nghệ thông tin
19826,DDP,cong-nghe-thong-tin,B02,Điểm học bạ,2024,15.0,Công nghệ thông tin
19827,DDP,cong-nghe-thong-tin,A00,Điểm thi THPT,2024,15.0,Công nghệ thông tin
19828,DDP,cong-nghe-thong-tin,A01,Điểm thi THPT,2024,15.0,Công nghệ thông tin
19829,DDP,cong-nghe-thong-tin,D01,Điểm thi THPT,2024,15.0,Công nghệ thông tin
19830,DDP,cong-nghe-thong-tin,D07,Điểm thi THPT,2024,15.0,Công nghệ thông tin
19831,DDP,cong-nghe-thong-tin,A00,Điểm học bạ,2025,16.0,Công nghệ thông tin
19832,DDP,cong-nghe-thong-tin,A01,Điểm học bạ,2025,16.0,Công nghệ thông tin
19833,DDP,cong-nghe-thong-tin,D07,Điểm học bạ,2025,16.0,Công nghệ thông tin
19834,DDP,cong-nghe-thong-tin,X06,Điểm học bạ,2025,16.0,Công nghệ thông tin
19835,DDP,cong-nghe-thong-tin,X10,Điểm học bạ,2025,16.0,Công nghệ thông tin
19836,DDP,cong-nghe-thong-tin,X26,Điểm học bạ,2025,16.0,Công nghệ thông tin
19837,DDP,cong-nghe-thong-tin,A00,Điểm thi THPT,2025,15.0,Công nghệ thông tin
19838,DDP,cong-nghe-thong-tin,A01,Điểm thi THPT,2025,15.0,Công nghệ thông tin
19839,DDP,cong-nghe-thong-tin,C01,Điểm thi THPT,2025,15.0,Công nghệ thông tin
19840,DDP,cong-nghe-thong-tin,C02,Điểm thi THPT,2025,15.0,Công nghệ thông tin
19841,DDP,cong-nghe-thong-tin,D07,Điểm thi THPT,2025,15.0,Công nghệ thông tin
19842,DDP,giao-duc-mam-non,M01,Điểm học bạ,2024,20.0,Giáo dục mầm non
19843,DDP,giao-duc-mam-non,M09,Điểm học bạ,2024,20.0,Giáo dục mầm non
19844,DDP,giao-duc-mam-non,A00,Điểm thi THPT,2024,25.25,Giáo dục mầm non
19845,DDP,giao-duc-mam-non,B03,Điểm thi THPT,2024,25.25,Giáo dục mầm non
19846,DDP,giao-duc-mam-non,C00,Điểm thi THPT,2024,25.25,Giáo dục mầm non
19847,DDP,giao-duc-mam-non,D01,Điểm thi THPT,2024,25.25,Giáo dục mầm non
19848,DDP,giao-duc-mam-non,M01,Điểm học bạ,2025,24.85,Giáo dục mầm non
19849,DDP,giao-duc-mam-non,M09,Điểm học bạ,2025,24.85,Giáo dục mầm non
19850,DDP,giao-duc-mam-non,M01,Điểm thi THPT,2025,24.6,Giáo dục mầm non
19851,DDP,giao-duc-mam-non,M09,Điểm thi THPT,2025,24.6,Giáo dục mầm non
19852,DDP,giao-duc-tieu-hoc,A00,Điểm thi THPT,2021,23.75,Giáo dục Tiểu học
19853,DDP,giao-duc-tieu-hoc,A09,Điểm thi THPT,2021,23.75,Giáo dục Tiểu học
19854,DDP,giao-duc-tieu-hoc,C00,Điểm thi THPT,2021,23.75,Giáo dục Tiểu học
19855,DDP,giao-duc-tieu-hoc,D01,Điểm thi THPT,2021,23.75,Giáo dục Tiểu học
19856,DDP,giao-duc-tieu-hoc,A00,Điểm thi THPT,2022,22.0,Giáo dục Tiểu học
19857,DDP,giao-duc-tieu-hoc,A09,Điểm thi THPT,2022,22.0,Giáo dục Tiểu học
19858,DDP,giao-duc-tieu-hoc,C00,Điểm thi THPT,2022,22.0,Giáo dục Tiểu học
19859,DDP,giao-duc-tieu-hoc,D01,Điểm thi THPT,2022,22.0,Giáo dục Tiểu học
19860,DDP,giao-duc-tieu-hoc,A00,Điểm thi THPT,2023,23.0,Giáo dục Tiểu học
19861,DDP,giao-duc-tieu-hoc,B03,Điểm thi THPT,2023,23.0,Giáo dục Tiểu học
19862,DDP,giao-duc-tieu-hoc,C00,Điểm thi THPT,2023,23.0,Giáo dục Tiểu học
19863,DDP,giao-duc-tieu-hoc,D01,Điểm thi THPT,2023,23.0,Giáo dục Tiểu học
19864,DDP,giao-duc-tieu-hoc,A00,Điểm thi THPT,2024,25.73,Giáo dục tiểu học
19865,DDP,giao-duc-tieu-hoc,B03,Điểm thi THPT,2024,25.73,Giáo dục tiểu học
19866,DDP,giao-duc-tieu-hoc,C00,Điểm thi THPT,2024,25.73,Giáo dục tiểu học
19867,DDP,giao-duc-tieu-hoc,D01,Điểm thi THPT,2024,25.73,Giáo dục tiểu học
19868,DDP,giao-duc-tieu-hoc,C03,Điểm thi THPT,2025,22.7,Giáo dục tiểu học
19869,DDP,giao-duc-tieu-hoc,C04,Điểm thi THPT,2025,22.7,Giáo dục tiểu học
19870,DDP,giao-duc-tieu-hoc,D01,Điểm thi THPT,2025,22.7,Giáo dục tiểu học
19871,DDP,giao-duc-tieu-hoc,X01,Điểm thi THPT,2025,22.7,Giáo dục tiểu học
19872,DDP,ke-toan,A00,Điểm thi THPT,2021,14.0,Kế Toán
19873,DDP,ke-toan,A09,Điểm thi THPT,2021,14.0,Kế Toán
19874,DDP,ke-toan,C00,Điểm thi THPT,2021,14.0,Kế Toán
19875,DDP,ke-toan,D01,Điểm thi THPT,2021,14.0,Kế Toán
19876,DDP,ke-toan,A00,Điểm thi THPT,2022,15.0,Kế toán
19877,DDP,ke-toan,A09,Điểm thi THPT,2022,15.0,Kế toán
19878,DDP,ke-toan,C00,Điểm thi THPT,2022,15.0,Kế toán
19879,DDP,ke-toan,D01,Điểm thi THPT,2022,15.0,Kế toán
19880,DDP,ke-toan,A00,Điểm học bạ,2023,15.0,Kế toán
19881,DDP,ke-toan,C04,Điểm học bạ,2023,15.0,Kế toán
19882,DDP,ke-toan,D01,Điểm học bạ,2023,15.0,Kế toán
19883,DDP,ke-toan,D10,Điểm học bạ,2023,15.0,Kế toán
19884,DDP,ke-toan,A00,Điểm thi THPT,2023,15.0,Kế toán
19885,DDP,ke-toan,A09,Điểm thi THPT,2023,15.0,Kế toán
19886,DDP,ke-toan,C00,Điểm thi THPT,2023,15.0,Kế toán
19887,DDP,ke-toan,D01,Điểm thi THPT,2023,15.0,Kế toán
19888,DDP,ke-toan,A00,Điểm học bạ,2024,15.0,Kế toán
19889,DDP,ke-toan,C04,Điểm học bạ,2024,15.0,Kế toán
19890,DDP,ke-toan,D01,Điểm học bạ,2024,15.0,Kế toán
19891,DDP,ke-toan,D10,Điểm học bạ,2024,15.0,Kế toán
19892,DDP,ke-toan,A00,Điểm thi THPT,2024,15.0,Kế toán
19893,DDP,ke-toan,A09,Điểm thi THPT,2024,15.0,Kế toán
19894,DDP,ke-toan,C00,Điểm thi THPT,2024,15.0,Kế toán
19895,DDP,ke-toan,D01,Điểm thi THPT,2024,15.0,Kế toán
19896,DDP,ke-toan,A09,Điểm học bạ,2025,16.0,Kế toán
19897,DDP,ke-toan,C00,Điểm học bạ,2025,16.0,Kế toán
19898,DDP,ke-toan,C03,Điểm học bạ,2025,16.0,Kế toán
19899,DDP,ke-toan,C04,Điểm học bạ,2025,16.0,Kế toán
19900,DDP,ke-toan,C14,Điểm học bạ,2025,16.0,Kế toán
19901,DDP,ke-toan,D01,Điểm học bạ,2025,16.0,Kế toán
19902,DDP,ke-toan,X01,Điểm học bạ,2025,16.0,Kế toán
19903,DDP,ke-toan,X21,Điểm học bạ,2025,16.0,Kế toán
19904,DDP,ke-toan,C01,Điểm thi THPT,2025,15.0,Kế toán
19905,DDP,ke-toan,C02,Điểm thi THPT,2025,15.0,Kế toán
19906,DDP,ke-toan,C03,Điểm thi THPT,2025,15.0,Kế toán
19907,DDP,ke-toan,C04,Điểm thi THPT,2025,15.0,Kế toán
19908,DDP,ke-toan,D01,Điểm thi THPT,2025,15.0,Kế toán
19909,DDP,ke-toan,X01,Điểm thi THPT,2025,15.0,Kế toán
19910,DDP,ky-thuat-xay-dung,A00,Điểm học bạ,2025,16.0,Kỹ thuật xây dựng
19911,DDP,ky-thuat-xay-dung,A01,Điểm học bạ,2025,16.0,Kỹ thuật xây dựng
19912,DDP,ky-thuat-xay-dung,D07,Điểm học bạ,2025,16.0,Kỹ thuật xây dựng
19913,DDP,ky-thuat-xay-dung,X06,Điểm học bạ,2025,16.0,Kỹ thuật xây dựng
19914,DDP,ky-thuat-xay-dung,X10,Điểm học bạ,2025,16.0,Kỹ thuật xây dựng
19915,DDP,ky-thuat-xay-dung,X26,Điểm học bạ,2025,16.0,Kỹ thuật xây dựng
19916,DDP,ky-thuat-xay-dung,A00,Điểm thi THPT,2025,15.0,Kỹ thuật xây dựng
19917,DDP,ky-thuat-xay-dung,A01,Điểm thi THPT,2025,15.0,Kỹ thuật xây dựng
19918,DDP,ky-thuat-xay-dung,C01,Điểm thi THPT,2025,15.0,Kỹ thuật xây dựng
19919,DDP,ky-thuat-xay-dung,C02,Điểm thi THPT,2025,15.0,Kỹ thuật xây dựng
19920,DDP,ky-thuat-xay-dung,D07,Điểm thi THPT,2025,15.0,Kỹ thuật xây dựng
19921,DDP,luat-kinh-te,A00,Điểm thi THPT,2021,14.0,Luật kinh tế
19922,DDP,luat-kinh-te,A09,Điểm thi THPT,2021,14.0,Luật kinh tế
19923,DDP,luat-kinh-te,C00,Điểm thi THPT,2021,14.0,Luật kinh tế
19924,DDP,luat-kinh-te,D01,Điểm thi THPT,2021,14.0,Luật kinh tế
19925,DDP,luat-kinh-te,A00,Điểm thi THPT,2022,15.0,Luật kinh tế
19926,DDP,luat-kinh-te,A09,Điểm thi THPT,2022,15.0,Luật kinh tế
19927,DDP,luat-kinh-te,C00,Điểm thi THPT,2022,15.0,Luật kinh tế
19928,DDP,luat-kinh-te,D01,Điểm thi THPT,2022,15.0,Luật kinh tế
19929,DDP,luat-kinh-te,A09,Điểm học bạ,2023,15.0,Luật kinh tế
19930,DDP,luat-kinh-te,C14,Điểm học bạ,2023,15.0,Luật kinh tế
19931,DDP,luat-kinh-te,D10,Điểm học bạ,2023,15.0,Luật kinh tế
19932,DDP,luat-kinh-te,D15,Điểm học bạ,2023,15.0,Luật kinh tế
19933,DDP,luat-kinh-te,A00,Điểm thi THPT,2023,15.0,Luật kinh tế
19934,DDP,luat-kinh-te,A09,Điểm thi THPT,2023,15.0,Luật kinh tế
19935,DDP,luat-kinh-te,C00,Điểm thi THPT,2023,15.0,Luật kinh tế
19936,DDP,luat-kinh-te,D01,Điểm thi THPT,2023,15.0,Luật kinh tế
19937,DDP,luat-kinh-te,A09,Điểm học bạ,2024,15.0,Luật kinh tế
19938,DDP,luat-kinh-te,C14,Điểm học bạ,2024,15.0,Luật kinh tế
19939,DDP,luat-kinh-te,D10,Điểm học bạ,2024,15.0,Luật kinh tế
19940,DDP,luat-kinh-te,D15,Điểm học bạ,2024,15.0,Luật kinh tế
19941,DDP,luat-kinh-te,A00,Điểm thi THPT,2024,18.75,Luật kinh tế
19942,DDP,luat-kinh-te,A09,Điểm thi THPT,2024,18.75,Luật kinh tế
19943,DDP,luat-kinh-te,C00,Điểm thi THPT,2024,18.75,Luật kinh tế
19944,DDP,luat-kinh-te,D01,Điểm thi THPT,2024,18.75,Luật kinh tế
19945,DDP,luat-kinh-te,A07,Điểm học bạ,2025,19.86,Luật kinh tế
19946,DDP,luat-kinh-te,C00,Điểm học bạ,2025,19.86,Luật kinh tế
19947,DDP,luat-kinh-te,C19,Điểm học bạ,2025,19.86,Luật kinh tế
19948,DDP,luat-kinh-te,C20,Điểm học bạ,2025,19.86,Luật kinh tế
19949,DDP,luat-kinh-te,X70,Điểm học bạ,2025,19.86,Luật kinh tế
19950,DDP,luat-kinh-te,X74,Điểm học bạ,2025,19.86,Luật kinh tế
19951,DDP,luat-kinh-te,A07,Điểm thi THPT,2025,18.0,Luật kinh tế
19952,DDP,luat-kinh-te,C00,Điểm thi THPT,2025,18.0,Luật kinh tế
19953,DDP,luat-kinh-te,X70,Điểm thi THPT,2025,18.0,Luật kinh tế
19954,DDP,luat-kinh-te,X74,Điểm thi THPT,2025,18.0,Luật kinh tế
19955,DDP,quan-ly-nha-nuoc,A00,Điểm thi THPT,2021,14.0,Quản lý nhà nước
19956,DDP,quan-ly-nha-nuoc,A09,Điểm thi THPT,2021,14.0,Quản lý nhà nước
19957,DDP,quan-ly-nha-nuoc,C00,Điểm thi THPT,2021,14.0,Quản lý nhà nước
19958,DDP,quan-ly-nha-nuoc,D01,Điểm thi THPT,2021,14.0,Quản lý nhà nước
19959,DDP,quan-ly-nha-nuoc,A00,Điểm thi THPT,2022,15.0,Quản lý nhà nước
19960,DDP,quan-ly-nha-nuoc,A09,Điểm thi THPT,2022,15.0,Quản lý nhà nước
19961,DDP,quan-ly-nha-nuoc,C00,Điểm thi THPT,2022,15.0,Quản lý nhà nước
19962,DDP,quan-ly-nha-nuoc,D01,Điểm thi THPT,2022,15.0,Quản lý nhà nước
19963,DDP,quan-ly-nha-nuoc,A09,Điểm học bạ,2023,15.0,Quản lý nhà nước
19964,DDP,quan-ly-nha-nuoc,C14,Điểm học bạ,2023,15.0,Quản lý nhà nước
19965,DDP,quan-ly-nha-nuoc,D10,Điểm học bạ,2023,15.0,Quản lý nhà nước
19966,DDP,quan-ly-nha-nuoc,D15,Điểm học bạ,2023,15.0,Quản lý nhà nước
19967,DDP,quan-ly-nha-nuoc,A00,Điểm thi THPT,2023,15.0,Quản lý nhà nước
19968,DDP,quan-ly-nha-nuoc,A09,Điểm thi THPT,2023,15.0,Quản lý nhà nước
19969,DDP,quan-ly-nha-nuoc,C00,Điểm thi THPT,2023,15.0,Quản lý nhà nước
19970,DDP,quan-ly-nha-nuoc,D01,Điểm thi THPT,2023,15.0,Quản lý nhà nước
19971,DDP,quan-ly-nha-nuoc,A00,Điểm học bạ,2024,15.0,Quản lý Nhà nước
19972,DDP,quan-ly-nha-nuoc,C14,Điểm học bạ,2024,15.0,Quản lý Nhà nước
19973,DDP,quan-ly-nha-nuoc,D10,Điểm học bạ,2024,15.0,Quản lý Nhà nước
19974,DDP,quan-ly-nha-nuoc,D15,Điểm học bạ,2024,15.0,Quản lý Nhà nước
19975,DDP,quan-ly-nha-nuoc,A00,Điểm thi THPT,2024,22.7,Quản lý nhà nước
19976,DDP,quan-ly-nha-nuoc,A09,Điểm thi THPT,2024,22.7,Quản lý nhà nước
19977,DDP,quan-ly-nha-nuoc,C00,Điểm thi THPT,2024,22.7,Quản lý nhà nước
19978,DDP,quan-ly-nha-nuoc,D01,Điểm thi THPT,2024,22.7,Quản lý nhà nước
19979,DDP,quan-tri-dich-vu-du-lich-lu-hanh,A09,Điểm học bạ,2025,16.0,Quản trị dịch vụ du lịch & lữ hành
19980,DDP,quan-tri-dich-vu-du-lich-lu-hanh,C00,Điểm học bạ,2025,16.0,Quản trị dịch vụ du lịch & lữ hành
19981,DDP,quan-tri-dich-vu-du-lich-lu-hanh,C03,Điểm học bạ,2025,16.0,Quản trị dịch vụ du lịch & lữ hành
19982,DDP,quan-tri-dich-vu-du-lich-lu-hanh,C04,Điểm học bạ,2025,16.0,Quản trị dịch vụ du lịch & lữ hành
19983,DDP,quan-tri-dich-vu-du-lich-lu-hanh,C14,Điểm học bạ,2025,16.0,Quản trị dịch vụ du lịch & lữ hành
19984,DDP,quan-tri-dich-vu-du-lich-lu-hanh,D01,Điểm học bạ,2025,16.0,Quản trị dịch vụ du lịch & lữ hành
19985,DDP,quan-tri-dich-vu-du-lich-lu-hanh,X01,Điểm học bạ,2025,16.0,Quản trị dịch vụ du lịch & lữ hành
19986,DDP,quan-tri-dich-vu-du-lich-lu-hanh,X21,Điểm học bạ,2025,16.0,Quản trị dịch vụ du lịch & lữ hành
19987,DDP,quan-tri-dich-vu-du-lich-lu-hanh,C01,Điểm thi THPT,2025,15.0,Quản trị dịch vụ du lịch & lữ hành
19988,DDP,quan-tri-dich-vu-du-lich-lu-hanh,C02,Điểm thi THPT,2025,15.0,Quản trị dịch vụ du lịch & lữ hành
19989,DDP,quan-tri-dich-vu-du-lich-lu-hanh,C03,Điểm thi THPT,2025,15.0,Quản trị dịch vụ du lịch & lữ hành
19990,DDP,quan-tri-dich-vu-du-lich-lu-hanh,C04,Điểm thi THPT,2025,15.0,Quản trị dịch vụ du lịch & lữ hành
19991,DDP,quan-tri-dich-vu-du-lich-lu-hanh,D01,Điểm thi THPT,2025,15.0,Quản trị dịch vụ du lịch & lữ hành
19992,DDP,quan-tri-dich-vu-du-lich-lu-hanh,X01,Điểm thi THPT,2025,15.0,Quản trị dịch vụ du lịch & lữ hành
19993,DDP,quan-tri-dich-vu-du-lich-va-lu-hanh,A00,Điểm thi THPT,2021,14.0,Quản trị dịch vụ du lịch và lữ hành
19994,DDP,quan-tri-dich-vu-du-lich-va-lu-hanh,A09,Điểm thi THPT,2021,14.0,Quản trị dịch vụ du lịch và lữ hành
19995,DDP,quan-tri-dich-vu-du-lich-va-lu-hanh,C00,Điểm thi THPT,2021,14.0,Quản trị dịch vụ du lịch và lữ hành
19996,DDP,quan-tri-dich-vu-du-lich-va-lu-hanh,D01,Điểm thi THPT,2021,14.0,Quản trị dịch vụ du lịch và lữ hành
19997,DDP,quan-tri-dich-vu-du-lich-va-lu-hanh,A00,Điểm thi THPT,2022,15.0,Quản trị dịch vụ du lịch và lữ hành
19998,DDP,quan-tri-dich-vu-du-lich-va-lu-hanh,A09,Điểm thi THPT,2022,15.0,Quản trị dịch vụ du lịch và lữ hành
19999,DDP,quan-tri-dich-vu-du-lich-va-lu-hanh,C00,Điểm thi THPT,2022,15.0,Quản trị dịch vụ du lịch và lữ hành
20000,DDP,quan-tri-dich-vu-du-lich-va-lu-hanh,D01,Điểm thi THPT,2022,15.0,Quản trị dịch vụ du lịch và lữ hành
20001,DDP,quan-tri-kinh-doanh,A00,Điểm thi THPT,2021,14.0,Quản trị kinh Doanh
20002,DDP,quan-tri-kinh-doanh,A09,Điểm thi THPT,2021,14.0,Quản trị kinh Doanh
20003,DDP,quan-tri-kinh-doanh,C00,Điểm thi THPT,2021,14.0,Quản trị kinh Doanh
20004,DDP,quan-tri-kinh-doanh,D01,Điểm thi THPT,2021,14.0,Quản trị kinh Doanh
20005,DDP,quan-tri-kinh-doanh,A00,Điểm thi THPT,2022,15.0,Quản trị kinh doanh
20006,DDP,quan-tri-kinh-doanh,A09,Điểm thi THPT,2022,15.0,Quản trị kinh doanh
20007,DDP,quan-tri-kinh-doanh,C00,Điểm thi THPT,2022,15.0,Quản trị kinh doanh
20008,DDP,quan-tri-kinh-doanh,D01,Điểm thi THPT,2022,15.0,Quản trị kinh doanh
20009,DDP,quan-tri-kinh-doanh,A00,Điểm học bạ,2023,15.0,Quản trị kinh doanh
20010,DDP,quan-tri-kinh-doanh,C04,Điểm học bạ,2023,15.0,Quản trị kinh doanh
20011,DDP,quan-tri-kinh-doanh,D01,Điểm học bạ,2023,15.0,Quản trị kinh doanh
20012,DDP,quan-tri-kinh-doanh,D10,Điểm học bạ,2023,15.0,Quản trị kinh doanh
20013,DDP,quan-tri-kinh-doanh,A00,Điểm thi THPT,2023,15.0,Quản trị kinh doanh
20014,DDP,quan-tri-kinh-doanh,A09,Điểm thi THPT,2023,15.0,Quản trị kinh doanh
20015,DDP,quan-tri-kinh-doanh,C00,Điểm thi THPT,2023,15.0,Quản trị kinh doanh
20016,DDP,quan-tri-kinh-doanh,D01,Điểm thi THPT,2023,15.0,Quản trị kinh doanh
20017,DDP,quan-tri-kinh-doanh,A00,Điểm học bạ,2024,15.0,Quản trị kinh doanh
20018,DDP,quan-tri-kinh-doanh,C04,Điểm học bạ,2024,15.0,Quản trị kinh doanh
20019,DDP,quan-tri-kinh-doanh,D01,Điểm học bạ,2024,15.0,Quản trị kinh doanh
20020,DDP,quan-tri-kinh-doanh,D10,Điểm học bạ,2024,15.0,Quản trị kinh doanh
20021,DDP,quan-tri-kinh-doanh,A00,Điểm thi THPT,2024,15.0,Quản trị kinh doanh
20022,DDP,quan-tri-kinh-doanh,A09,Điểm thi THPT,2024,15.0,Quản trị kinh doanh
20023,DDP,quan-tri-kinh-doanh,C00,Điểm thi THPT,2024,15.0,Quản trị kinh doanh
20024,DDP,quan-tri-kinh-doanh,D01,Điểm thi THPT,2024,15.0,Quản trị kinh doanh
20025,DDP,quan-tri-kinh-doanh,A09,Điểm học bạ,2025,16.0,Quản trị kinh doanh
20026,DDP,quan-tri-kinh-doanh,C03,Điểm học bạ,2025,16.0,Quản trị kinh doanh
20027,DDP,quan-tri-kinh-doanh,C04,Điểm học bạ,2025,16.0,Quản trị kinh doanh
20028,DDP,quan-tri-kinh-doanh,C14,Điểm học bạ,2025,16.0,Quản trị kinh doanh
20029,DDP,quan-tri-kinh-doanh,D01,Điểm học bạ,2025,16.0,Quản trị kinh doanh
20030,DDP,quan-tri-kinh-doanh,X01,Điểm học bạ,2025,16.0,Quản trị kinh doanh
20031,DDP,quan-tri-kinh-doanh,X02,Điểm học bạ,2025,16.0,Quản trị kinh doanh
20032,DDP,quan-tri-kinh-doanh,X21,Điểm học bạ,2025,16.0,Quản trị kinh doanh
20033,DDP,quan-tri-kinh-doanh,C01,Điểm thi THPT,2025,15.0,Quản trị kinh doanh
20034,DDP,quan-tri-kinh-doanh,C02,Điểm thi THPT,2025,15.0,Quản trị kinh doanh
20035,DDP,quan-tri-kinh-doanh,C03,Điểm thi THPT,2025,15.0,Quản trị kinh doanh
20036,DDP,quan-tri-kinh-doanh,C04,Điểm thi THPT,2025,15.0,Quản trị kinh doanh
20037,DDP,quan-tri-kinh-doanh,D01,Điểm thi THPT,2025,15.0,Quản trị kinh doanh
20038,DDP,quan-tri-kinh-doanh,X01,Điểm thi THPT,2025,15.0,Quản trị kinh doanh
20039,DDP,tai-chinh-ngan-hang,A00,Điểm thi THPT,2022,15.0,Tài chính - Ngân hàng
20040,DDP,tai-chinh-ngan-hang,A09,Điểm thi THPT,2022,15.0,Tài chính - Ngân hàng
20041,DDP,tai-chinh-ngan-hang,C00,Điểm thi THPT,2022,15.0,Tài chính - Ngân hàng
20042,DDP,tai-chinh-ngan-hang,D01,Điểm thi THPT,2022,15.0,Tài chính - Ngân hàng
20043,DDP,tai-chinh-ngan-hang,A00,Điểm học bạ,2023,15.0,Tài chính - Ngân hàng
20044,DDP,tai-chinh-ngan-hang,C04,Điểm học bạ,2023,15.0,Tài chính - Ngân hàng
20045,DDP,tai-chinh-ngan-hang,D01,Điểm học bạ,2023,15.0,Tài chính - Ngân hàng
20046,DDP,tai-chinh-ngan-hang,D10,Điểm học bạ,2023,15.0,Tài chính - Ngân hàng
20047,DDP,tai-chinh-ngan-hang,A00,Điểm thi THPT,2023,15.0,Tài chính - Ngân hàng
20048,DDP,tai-chinh-ngan-hang,A09,Điểm thi THPT,2023,15.0,Tài chính - Ngân hàng
20049,DDP,tai-chinh-ngan-hang,C00,Điểm thi THPT,2023,15.0,Tài chính - Ngân hàng
20050,DDP,tai-chinh-ngan-hang,D01,Điểm thi THPT,2023,15.0,Tài chính - Ngân hàng
20051,DDP,thuong-mai-dien-tu,A09,Điểm học bạ,2025,16.0,Thương mại điện tử
20052,DDP,thuong-mai-dien-tu,C00,Điểm học bạ,2025,16.0,Thương mại điện tử
20053,DDP,thuong-mai-dien-tu,C03,Điểm học bạ,2025,16.0,Thương mại điện tử
20054,DDP,thuong-mai-dien-tu,C04,Điểm học bạ,2025,16.0,Thương mại điện tử
20055,DDP,thuong-mai-dien-tu,C14,Điểm học bạ,2025,16.0,Thương mại điện tử
20056,DDP,thuong-mai-dien-tu,D01,Điểm học bạ,2025,16.0,Thương mại điện tử
20057,DDP,thuong-mai-dien-tu,X01,Điểm học bạ,2025,16.0,Thương mại điện tử
20058,DDP,thuong-mai-dien-tu,X21,Điểm học bạ,2025,16.0,Thương mại điện tử
20059,DDP,thuong-mai-dien-tu,C01,Điểm thi THPT,2025,15.0,Thương mại điện tử
20060,DDP,thuong-mai-dien-tu,C02,Điểm thi THPT,2025,15.0,Thương mại điện tử
20061,DDP,thuong-mai-dien-tu,C03,Điểm thi THPT,2025,15.0,Thương mại điện tử
20062,DDP,thuong-mai-dien-tu,C04,Điểm thi THPT,2025,15.0,Thương mại điện tử
20063,DDP,thuong-mai-dien-tu,D01,Điểm thi THPT,2025,15.0,Thương mại điện tử
20064,DDP,thuong-mai-dien-tu,X01,Điểm thi THPT,2025,15.0,Thương mại điện tử
20065,DDQ,cong-nghe-tai-chinh,A00,Điểm thi THPT,2022,23.5,Công nghệ tài chính
20066,DDQ,cong-nghe-tai-chinh,A01,Điểm thi THPT,2022,23.5,Công nghệ tài chính
20067,DDQ,cong-nghe-tai-chinh,D01,Điểm thi THPT,2022,23.5,Công nghệ tài chính
20068,DDQ,cong-nghe-tai-chinh,D90,Điểm thi THPT,2022,23.5,Công nghệ tài chính
20069,DDQ,cong-nghe-tai-chinh,A00,Điểm học bạ,2023,27.0,Công nghệ tài chính
20070,DDQ,cong-nghe-tai-chinh,A01,Điểm học bạ,2023,27.0,Công nghệ tài chính
20071,DDQ,cong-nghe-tai-chinh,D01,Điểm học bạ,2023,27.0,Công nghệ tài chính
20072,DDQ,cong-nghe-tai-chinh,A00,Điểm thi THPT,2023,24.25,Công nghệ tài chính
20073,DDQ,cong-nghe-tai-chinh,A01,Điểm thi THPT,2023,24.25,Công nghệ tài chính
20074,DDQ,cong-nghe-tai-chinh,D01,Điểm thi THPT,2023,24.25,Công nghệ tài chính
20075,DDQ,cong-nghe-tai-chinh,D90,Điểm thi THPT,2023,24.25,Công nghệ tài chính
20076,DDQ,cong-nghe-tai-chinh,A00,Điểm học bạ,2024,27.0,Công nghệ tài chính
20077,DDQ,cong-nghe-tai-chinh,A01,Điểm học bạ,2024,27.0,Công nghệ tài chính
20078,DDQ,cong-nghe-tai-chinh,D01,Điểm học bạ,2024,27.0,Công nghệ tài chính
20079,DDQ,cong-nghe-tai-chinh,A00,Điểm thi THPT,2024,25.5,Công nghệ tài chính
20080,DDQ,cong-nghe-tai-chinh,A01,Điểm thi THPT,2024,25.5,Công nghệ tài chính
20081,DDQ,cong-nghe-tai-chinh,D01,Điểm thi THPT,2024,25.5,Công nghệ tài chính
20082,DDQ,cong-nghe-tai-chinh,D90,Điểm thi THPT,2024,25.5,Công nghệ tài chính
20083,DDQ,cong-nghe-tai-chinh-chuong-trinh-cong-nghe-tai-chinh,A00,Điểm học bạ,2025,24.0,Công nghệ tài chính - Chương trình Công nghệ tài chính (P - Bán phần tiếng Anh)
20084,DDQ,cong-nghe-tai-chinh-chuong-trinh-cong-nghe-tai-chinh,A01,Điểm học bạ,2025,24.0,Công nghệ tài chính - Chương trình Công nghệ tài chính (P - Bán phần tiếng Anh)
20085,DDQ,cong-nghe-tai-chinh-chuong-trinh-cong-nghe-tai-chinh,D01,Điểm học bạ,2025,24.0,Công nghệ tài chính - Chương trình Công nghệ tài chính (P - Bán phần tiếng Anh)
20086,DDQ,cong-nghe-tai-chinh-chuong-trinh-cong-nghe-tai-chinh,D07,Điểm học bạ,2025,24.0,Công nghệ tài chính - Chương trình Công nghệ tài chính (P - Bán phần tiếng Anh)
20087,DDQ,cong-nghe-tai-chinh-chuong-trinh-cong-nghe-tai-chinh,X25,Điểm học bạ,2025,24.0,Công nghệ tài chính - Chương trình Công nghệ tài chính (P - Bán phần tiếng Anh)
20088,DDQ,cong-nghe-tai-chinh-chuong-trinh-cong-nghe-tai-chinh,X26,Điểm học bạ,2025,24.0,Công nghệ tài chính - Chương trình Công nghệ tài chính (P - Bán phần tiếng Anh)
20089,DDQ,cong-nghe-tai-chinh-chuong-trinh-cong-nghe-tai-chinh,A00,Điểm thi THPT,2025,21.5,Công nghệ tài chính - Chương trình Công nghệ tài chính (S - Tiêu chuẩn)
20090,DDQ,cong-nghe-tai-chinh-chuong-trinh-cong-nghe-tai-chinh,A01,Điểm thi THPT,2025,21.5,Công nghệ tài chính - Chương trình Công nghệ tài chính (S - Tiêu chuẩn)
20091,DDQ,cong-nghe-tai-chinh-chuong-trinh-cong-nghe-tai-chinh,D01,Điểm thi THPT,2025,21.5,Công nghệ tài chính - Chương trình Công nghệ tài chính (S - Tiêu chuẩn)
20092,DDQ,cong-nghe-tai-chinh-chuong-trinh-cong-nghe-tai-chinh,D07,Điểm thi THPT,2025,21.5,Công nghệ tài chính - Chương trình Công nghệ tài chính (S - Tiêu chuẩn)
20093,DDQ,cong-nghe-tai-chinh-chuong-trinh-cong-nghe-tai-chinh,X25,Điểm thi THPT,2025,21.5,Công nghệ tài chính - Chương trình Công nghệ tài chính (S - Tiêu chuẩn)
20094,DDQ,cong-nghe-tai-chinh-chuong-trinh-cong-nghe-tai-chinh,X26,Điểm thi THPT,2025,21.5,Công nghệ tài chính - Chương trình Công nghệ tài chính (S - Tiêu chuẩn)
20095,DDQ,he-thong-thong-tin-quan-ly,A00,Điểm thi THPT,2021,24.75,Hệ thống thông tin quản lý
20096,DDQ,he-thong-thong-tin-quan-ly,A01,Điểm thi THPT,2021,24.75,Hệ thống thông tin quản lý
20097,DDQ,he-thong-thong-tin-quan-ly,D01,Điểm thi THPT,2021,24.75,Hệ thống thông tin quản lý
20098,DDQ,he-thong-thong-tin-quan-ly,D90,Điểm thi THPT,2021,24.75,Hệ thống thông tin quản lý
20099,DDQ,he-thong-thong-tin-quan-ly,A00,Điểm thi THPT,2022,23.75,Hệ thống thông tin quản lý
20100,DDQ,he-thong-thong-tin-quan-ly,A01,Điểm thi THPT,2022,23.75,Hệ thống thông tin quản lý
20101,DDQ,he-thong-thong-tin-quan-ly,D01,Điểm thi THPT,2022,23.75,Hệ thống thông tin quản lý
20102,DDQ,he-thong-thong-tin-quan-ly,D90,Điểm thi THPT,2022,23.75,Hệ thống thông tin quản lý
20103,DDQ,he-thong-thong-tin-quan-ly,A00,Điểm học bạ,2023,26.25,Hệ thống thông tin quản lý
20104,DDQ,he-thong-thong-tin-quan-ly,A01,Điểm học bạ,2023,26.25,Hệ thống thông tin quản lý
20105,DDQ,he-thong-thong-tin-quan-ly,D01,Điểm học bạ,2023,26.25,Hệ thống thông tin quản lý
20106,DDQ,he-thong-thong-tin-quan-ly,A00,Điểm thi THPT,2023,23.75,Hệ thống thông tin quản lý
20107,DDQ,he-thong-thong-tin-quan-ly,A01,Điểm thi THPT,2023,23.75,Hệ thống thông tin quản lý
20108,DDQ,he-thong-thong-tin-quan-ly,D01,Điểm thi THPT,2023,23.75,Hệ thống thông tin quản lý
20109,DDQ,he-thong-thong-tin-quan-ly,D90,Điểm thi THPT,2023,23.75,Hệ thống thông tin quản lý
20110,DDQ,he-thong-thong-tin-quan-ly,A00,Điểm học bạ,2024,26.0,Hệ thống thông tin quản lý
20111,DDQ,he-thong-thong-tin-quan-ly,A01,Điểm học bạ,2024,26.0,Hệ thống thông tin quản lý
20112,DDQ,he-thong-thong-tin-quan-ly,D01,Điểm học bạ,2024,26.0,Hệ thống thông tin quản lý
20113,DDQ,he-thong-thong-tin-quan-ly,A00,Điểm thi THPT,2024,24.0,Hệ thống thông tin quản lý
20114,DDQ,he-thong-thong-tin-quan-ly,A01,Điểm thi THPT,2024,24.0,Hệ thống thông tin quản lý
20115,DDQ,he-thong-thong-tin-quan-ly,D01,Điểm thi THPT,2024,24.0,Hệ thống thông tin quản lý
20116,DDQ,he-thong-thong-tin-quan-ly,D90,Điểm thi THPT,2024,24.0,Hệ thống thông tin quản lý
20117,DDQ,he-thong-thong-tin-quan-ly-chuong-trinh-he-thong-thong-tin-quan-ly,A00,Điểm thi THPT,2025,20.0,Hệ thống thông tin quản lý - Chương trình Hệ thống thông tin quản lý (S - Tiêu chuẩn)
20118,DDQ,he-thong-thong-tin-quan-ly-chuong-trinh-he-thong-thong-tin-quan-ly,A01,Điểm thi THPT,2025,20.0,Hệ thống thông tin quản lý - Chương trình Hệ thống thông tin quản lý (S - Tiêu chuẩn)
20119,DDQ,he-thong-thong-tin-quan-ly-chuong-trinh-he-thong-thong-tin-quan-ly,D01,Điểm thi THPT,2025,20.0,Hệ thống thông tin quản lý - Chương trình Hệ thống thông tin quản lý (S - Tiêu chuẩn)
20120,DDQ,he-thong-thong-tin-quan-ly-chuong-trinh-he-thong-thong-tin-quan-ly,D07,Điểm thi THPT,2025,20.0,Hệ thống thông tin quản lý - Chương trình Hệ thống thông tin quản lý (S - Tiêu chuẩn)
20121,DDQ,he-thong-thong-tin-quan-ly-chuong-trinh-he-thong-thong-tin-quan-ly,X25,Điểm thi THPT,2025,20.0,Hệ thống thông tin quản lý - Chương trình Hệ thống thông tin quản lý (S - Tiêu chuẩn)
20122,DDQ,he-thong-thong-tin-quan-ly-chuong-trinh-he-thong-thong-tin-quan-ly,X26,Điểm thi THPT,2025,20.0,Hệ thống thông tin quản lý - Chương trình Hệ thống thông tin quản lý (S - Tiêu chuẩn)
20123,DDQ,he-thong-thong-tin-quan-ly-chuong-trinh-tri-tue-nhan-tao-trong-kinh-doanh,A00,Điểm học bạ,2025,23.0,Hệ thống thông tin quản lý - Chương trình Trí tuệ nhân tạo trong kinh doanh (P - Bán phần tiếng Anh)
20124,DDQ,he-thong-thong-tin-quan-ly-chuong-trinh-tri-tue-nhan-tao-trong-kinh-doanh,A01,Điểm học bạ,2025,23.0,Hệ thống thông tin quản lý - Chương trình Trí tuệ nhân tạo trong kinh doanh (P - Bán phần tiếng Anh)
20125,DDQ,he-thong-thong-tin-quan-ly-chuong-trinh-tri-tue-nhan-tao-trong-kinh-doanh,D01,Điểm học bạ,2025,23.0,Hệ thống thông tin quản lý - Chương trình Trí tuệ nhân tạo trong kinh doanh (P - Bán phần tiếng Anh)
20126,DDQ,he-thong-thong-tin-quan-ly-chuong-trinh-tri-tue-nhan-tao-trong-kinh-doanh,D07,Điểm học bạ,2025,23.0,Hệ thống thông tin quản lý - Chương trình Trí tuệ nhân tạo trong kinh doanh (P - Bán phần tiếng Anh)
20127,DDQ,he-thong-thong-tin-quan-ly-chuong-trinh-tri-tue-nhan-tao-trong-kinh-doanh,X25,Điểm học bạ,2025,23.0,Hệ thống thông tin quản lý - Chương trình Trí tuệ nhân tạo trong kinh doanh (P - Bán phần tiếng Anh)
20128,DDQ,he-thong-thong-tin-quan-ly-chuong-trinh-tri-tue-nhan-tao-trong-kinh-doanh,X26,Điểm học bạ,2025,23.0,Hệ thống thông tin quản lý - Chương trình Trí tuệ nhân tạo trong kinh doanh (P - Bán phần tiếng Anh)
20129,DDQ,ke-toan,A00,Điểm thi THPT,2021,25.5,Kế toán
20130,DDQ,ke-toan,A01,Điểm thi THPT,2021,25.5,Kế toán
20131,DDQ,ke-toan,D01,Điểm thi THPT,2021,25.5,Kế toán
20132,DDQ,ke-toan,D90,Điểm thi THPT,2021,25.5,Kế toán
20133,DDQ,ke-toan,A00,Điểm thi THPT,2022,23.75,Kế toán
20134,DDQ,ke-toan,A01,Điểm thi THPT,2022,23.75,Kế toán
20135,DDQ,ke-toan,D01,Điểm thi THPT,2022,23.75,Kế toán
20136,DDQ,ke-toan,D90,Điểm thi THPT,2022,23.75,Kế toán
20137,DDQ,ke-toan,A00,Điểm học bạ,2023,26.5,Kế toán
20138,DDQ,ke-toan,A01,Điểm học bạ,2023,26.5,Kế toán
20139,DDQ,ke-toan,D01,Điểm học bạ,2023,26.5,Kế toán
20140,DDQ,ke-toan,A00,Điểm thi THPT,2023,23.85,Kế toán
20141,DDQ,ke-toan,A01,Điểm thi THPT,2023,23.85,Kế toán
20142,DDQ,ke-toan,D01,Điểm thi THPT,2023,23.85,Kế toán
20143,DDQ,ke-toan,D90,Điểm thi THPT,2023,23.85,Kế toán
20144,DDQ,ke-toan,A00,Điểm học bạ,2024,26.5,Kế toán
20145,DDQ,ke-toan,A01,Điểm học bạ,2024,26.5,Kế toán
20146,DDQ,ke-toan,D01,Điểm học bạ,2024,26.5,Kế toán
20147,DDQ,ke-toan,A00,Điểm thi THPT,2024,24.25,Kế toán
20148,DDQ,ke-toan,A01,Điểm thi THPT,2024,24.25,Kế toán
20149,DDQ,ke-toan,D01,Điểm thi THPT,2024,24.25,Kế toán
20150,DDQ,ke-toan,D90,Điểm thi THPT,2024,24.25,Kế toán
20151,DDQ,ke-toan-chuong-trinh-ke-toan,A00,Điểm thi THPT,2025,20.25,Kế toán - Chương trình Kế toán (S - Tiêu chuẩn)
20152,DDQ,ke-toan-chuong-trinh-ke-toan,A01,Điểm thi THPT,2025,20.25,Kế toán - Chương trình Kế toán (S - Tiêu chuẩn)
20153,DDQ,ke-toan-chuong-trinh-ke-toan,D01,Điểm thi THPT,2025,20.25,Kế toán - Chương trình Kế toán (S - Tiêu chuẩn)
20154,DDQ,ke-toan-chuong-trinh-ke-toan,D07,Điểm thi THPT,2025,20.25,Kế toán - Chương trình Kế toán (S - Tiêu chuẩn)
20155,DDQ,ke-toan-chuong-trinh-ke-toan,X25,Điểm thi THPT,2025,20.25,Kế toán - Chương trình Kế toán (S - Tiêu chuẩn)
20156,DDQ,ke-toan-chuong-trinh-ke-toan,X26,Điểm thi THPT,2025,20.25,Kế toán - Chương trình Kế toán (S - Tiêu chuẩn)
20157,DDQ,ke-toan-chuong-trinh-ke-toan-tich-hop-chuong-trinh-quoc-te-icaew,A00,Điểm học bạ,2025,23.0,Kế toán - Chương trình Kế toán tích hợp chương trình quốc tế ICAEW (P - Bán phần tiếng Anh)
20158,DDQ,ke-toan-chuong-trinh-ke-toan-tich-hop-chuong-trinh-quoc-te-icaew,A01,Điểm học bạ,2025,23.0,Kế toán - Chương trình Kế toán tích hợp chương trình quốc tế ICAEW (P - Bán phần tiếng Anh)
20159,DDQ,ke-toan-chuong-trinh-ke-toan-tich-hop-chuong-trinh-quoc-te-icaew,D01,Điểm học bạ,2025,23.0,Kế toán - Chương trình Kế toán tích hợp chương trình quốc tế ICAEW (P - Bán phần tiếng Anh)
20160,DDQ,ke-toan-chuong-trinh-ke-toan-tich-hop-chuong-trinh-quoc-te-icaew,D07,Điểm học bạ,2025,23.0,Kế toán - Chương trình Kế toán tích hợp chương trình quốc tế ICAEW (P - Bán phần tiếng Anh)
20161,DDQ,ke-toan-chuong-trinh-ke-toan-tich-hop-chuong-trinh-quoc-te-icaew,X25,Điểm học bạ,2025,23.0,Kế toán - Chương trình Kế toán tích hợp chương trình quốc tế ICAEW (P - Bán phần tiếng Anh)
20162,DDQ,ke-toan-chuong-trinh-ke-toan-tich-hop-chuong-trinh-quoc-te-icaew,X26,Điểm học bạ,2025,23.0,Kế toán - Chương trình Kế toán tích hợp chương trình quốc tế ICAEW (P - Bán phần tiếng Anh)
20163,DDQ,khoa-hoc-du-lieu,A00,Điểm học bạ,2023,27.0,Khoa học dữ liệu
20164,DDQ,khoa-hoc-du-lieu,A01,Điểm học bạ,2023,27.0,Khoa học dữ liệu
20165,DDQ,khoa-hoc-du-lieu,D01,Điểm học bạ,2023,27.0,Khoa học dữ liệu
20166,DDQ,khoa-hoc-du-lieu,A00,Điểm thi THPT,2023,24.6,Khoa học dữ liệu
20167,DDQ,khoa-hoc-du-lieu,A01,Điểm thi THPT,2023,24.6,Khoa học dữ liệu
20168,DDQ,khoa-hoc-du-lieu,D01,Điểm thi THPT,2023,24.6,Khoa học dữ liệu
20169,DDQ,khoa-hoc-du-lieu,D90,Điểm thi THPT,2023,24.6,Khoa học dữ liệu
20170,DDQ,khoa-hoc-du-lieu,A00,Điểm học bạ,2024,27.5,Khoa học dữ liệu
20171,DDQ,khoa-hoc-du-lieu,A01,Điểm học bạ,2024,27.5,Khoa học dữ liệu
20172,DDQ,khoa-hoc-du-lieu,D01,Điểm học bạ,2024,27.5,Khoa học dữ liệu
20173,DDQ,khoa-hoc-du-lieu,A00,Điểm thi THPT,2024,24.75,Khoa học dữ liệu
20174,DDQ,khoa-hoc-du-lieu,A01,Điểm thi THPT,2024,24.75,Khoa học dữ liệu
20175,DDQ,khoa-hoc-du-lieu,D01,Điểm thi THPT,2024,24.75,Khoa học dữ liệu
20176,DDQ,khoa-hoc-du-lieu,D90,Điểm thi THPT,2024,24.75,Khoa học dữ liệu
20177,DDQ,khoa-hoc-du-lieu-chuong-trinh-khoa-hoc-du-lieu,A00,Điểm thi THPT,2025,21.0,Khoa học dữ liệu - Chương trình Khoa học dữ liệu (S - Tiêu chuẩn)
20178,DDQ,khoa-hoc-du-lieu-chuong-trinh-khoa-hoc-du-lieu,A01,Điểm thi THPT,2025,21.0,Khoa học dữ liệu - Chương trình Khoa học dữ liệu (S - Tiêu chuẩn)
20179,DDQ,khoa-hoc-du-lieu-chuong-trinh-khoa-hoc-du-lieu,D01,Điểm thi THPT,2025,21.0,Khoa học dữ liệu - Chương trình Khoa học dữ liệu (S - Tiêu chuẩn)
20180,DDQ,khoa-hoc-du-lieu-chuong-trinh-khoa-hoc-du-lieu,D07,Điểm thi THPT,2025,21.0,Khoa học dữ liệu - Chương trình Khoa học dữ liệu (S - Tiêu chuẩn)
20181,DDQ,khoa-hoc-du-lieu-chuong-trinh-khoa-hoc-du-lieu,X25,Điểm thi THPT,2025,21.0,Khoa học dữ liệu - Chương trình Khoa học dữ liệu (S - Tiêu chuẩn)
20182,DDQ,khoa-hoc-du-lieu-chuong-trinh-khoa-hoc-du-lieu,X26,Điểm thi THPT,2025,21.0,Khoa học dữ liệu - Chương trình Khoa học dữ liệu (S - Tiêu chuẩn)
20183,DDQ,khoa-hoc-du-lieu-phan-tich-kinh-doanh,A00,Điểm thi THPT,2022,24.5,Khoa học dữ liệu & phân tích kinh doanh
20184,DDQ,khoa-hoc-du-lieu-phan-tich-kinh-doanh,A01,Điểm thi THPT,2022,24.5,Khoa học dữ liệu & phân tích kinh doanh
20185,DDQ,khoa-hoc-du-lieu-phan-tich-kinh-doanh,D01,Điểm thi THPT,2022,24.5,Khoa học dữ liệu & phân tích kinh doanh
20186,DDQ,khoa-hoc-du-lieu-phan-tich-kinh-doanh,D90,Điểm thi THPT,2022,24.5,Khoa học dữ liệu & phân tích kinh doanh
20187,DDQ,khoa-hoc-du-lieu-va-phan-tich-kinh-doanh,A00,Điểm thi THPT,2021,25.5,Khoa học dữ liệu và phân tích kinh doanh
20188,DDQ,khoa-hoc-du-lieu-va-phan-tich-kinh-doanh,A01,Điểm thi THPT,2021,25.5,Khoa học dữ liệu và phân tích kinh doanh
20189,DDQ,khoa-hoc-du-lieu-va-phan-tich-kinh-doanh,D01,Điểm thi THPT,2021,25.5,Khoa học dữ liệu và phân tích kinh doanh
20190,DDQ,khoa-hoc-du-lieu-va-phan-tich-kinh-doanh,D90,Điểm thi THPT,2021,25.5,Khoa học dữ liệu và phân tích kinh doanh
20191,DDQ,kiem-toan,A00,Điểm thi THPT,2021,25.5,Kiểm toán
20192,DDQ,kiem-toan,A01,Điểm thi THPT,2021,25.5,Kiểm toán
20193,DDQ,kiem-toan,D01,Điểm thi THPT,2021,25.5,Kiểm toán
20194,DDQ,kiem-toan,D90,Điểm thi THPT,2021,25.5,Kiểm toán
20195,DDQ,kiem-toan,A00,Điểm thi THPT,2022,23.75,Kiểm toán
20196,DDQ,kiem-toan,A01,Điểm thi THPT,2022,23.75,Kiểm toán
20197,DDQ,kiem-toan,D01,Điểm thi THPT,2022,23.75,Kiểm toán
20198,DDQ,kiem-toan,D90,Điểm thi THPT,2022,23.75,Kiểm toán
20199,DDQ,kiem-toan,A00,Điểm học bạ,2023,26.75,Kiểm toán
20200,DDQ,kiem-toan,A01,Điểm học bạ,2023,26.75,Kiểm toán
20201,DDQ,kiem-toan,D01,Điểm học bạ,2023,26.75,Kiểm toán
20202,DDQ,kiem-toan,A00,Điểm thi THPT,2023,24.25,Kiểm toán
20203,DDQ,kiem-toan,A01,Điểm thi THPT,2023,24.25,Kiểm toán
20204,DDQ,kiem-toan,D01,Điểm thi THPT,2023,24.25,Kiểm toán
20205,DDQ,kiem-toan,D90,Điểm thi THPT,2023,24.25,Kiểm toán
20206,DDQ,kiem-toan,A00,Điểm học bạ,2024,26.75,Kiểm toán
20207,DDQ,kiem-toan,A01,Điểm học bạ,2024,26.75,Kiểm toán
20208,DDQ,kiem-toan,D01,Điểm học bạ,2024,26.75,Kiểm toán
20209,DDQ,kiem-toan,A00,Điểm thi THPT,2024,25.25,Kiểm toán
20210,DDQ,kiem-toan,A01,Điểm thi THPT,2024,25.25,Kiểm toán
20211,DDQ,kiem-toan,D01,Điểm thi THPT,2024,25.25,Kiểm toán
20212,DDQ,kiem-toan,D90,Điểm thi THPT,2024,25.25,Kiểm toán
20213,DDQ,kiem-toan-chuong-trinh-kiem-toan,A00,Điểm thi THPT,2025,20.25,Kiểm toán - Chương trình Kiểm toán (S - Tiêu chuẩn)
20214,DDQ,kiem-toan-chuong-trinh-kiem-toan,A01,Điểm thi THPT,2025,20.25,Kiểm toán - Chương trình Kiểm toán (S - Tiêu chuẩn)
20215,DDQ,kiem-toan-chuong-trinh-kiem-toan,D01,Điểm thi THPT,2025,20.25,Kiểm toán - Chương trình Kiểm toán (S - Tiêu chuẩn)
20216,DDQ,kiem-toan-chuong-trinh-kiem-toan,D07,Điểm thi THPT,2025,20.25,Kiểm toán - Chương trình Kiểm toán (S - Tiêu chuẩn)
20217,DDQ,kiem-toan-chuong-trinh-kiem-toan,X25,Điểm thi THPT,2025,20.25,Kiểm toán - Chương trình Kiểm toán (S - Tiêu chuẩn)
20218,DDQ,kiem-toan-chuong-trinh-kiem-toan,X26,Điểm thi THPT,2025,20.25,Kiểm toán - Chương trình Kiểm toán (S - Tiêu chuẩn)
20219,DDQ,kiem-toan-chuong-trinh-kiem-toan-tich-hop-chuong-trinh-quoc-te-acca,A00,Điểm học bạ,2025,25.0,Kiểm toán - Chương trình Kiểm toán tích hợp chương trình quốc tế ACCA (P - Bán phần tiếng Anh)
20220,DDQ,kiem-toan-chuong-trinh-kiem-toan-tich-hop-chuong-trinh-quoc-te-acca,A01,Điểm học bạ,2025,25.0,Kiểm toán - Chương trình Kiểm toán tích hợp chương trình quốc tế ACCA (P - Bán phần tiếng Anh)
20221,DDQ,kiem-toan-chuong-trinh-kiem-toan-tich-hop-chuong-trinh-quoc-te-acca,D01,Điểm học bạ,2025,25.0,Kiểm toán - Chương trình Kiểm toán tích hợp chương trình quốc tế ACCA (P - Bán phần tiếng Anh)
20222,DDQ,kiem-toan-chuong-trinh-kiem-toan-tich-hop-chuong-trinh-quoc-te-acca,D07,Điểm học bạ,2025,25.0,Kiểm toán - Chương trình Kiểm toán tích hợp chương trình quốc tế ACCA (P - Bán phần tiếng Anh)
20223,DDQ,kiem-toan-chuong-trinh-kiem-toan-tich-hop-chuong-trinh-quoc-te-acca,X25,Điểm học bạ,2025,25.0,Kiểm toán - Chương trình Kiểm toán tích hợp chương trình quốc tế ACCA (P - Bán phần tiếng Anh)
20224,DDQ,kiem-toan-chuong-trinh-kiem-toan-tich-hop-chuong-trinh-quoc-te-acca,X26,Điểm học bạ,2025,25.0,Kiểm toán - Chương trình Kiểm toán tích hợp chương trình quốc tế ACCA (P - Bán phần tiếng Anh)
20225,DDQ,kinh-doanh-quoc-te,A00,Điểm thi THPT,2021,26.75,Kinh doanh quốc tế
20226,DDQ,kinh-doanh-quoc-te,A01,Điểm thi THPT,2021,26.75,Kinh doanh quốc tế
20227,DDQ,kinh-doanh-quoc-te,D01,Điểm thi THPT,2021,26.75,Kinh doanh quốc tế
20228,DDQ,kinh-doanh-quoc-te,D90,Điểm thi THPT,2021,26.75,Kinh doanh quốc tế
20229,DDQ,kinh-doanh-quoc-te,A00,Điểm thi THPT,2022,26.0,Kinh doanh quốc tế
20230,DDQ,kinh-doanh-quoc-te,A01,Điểm thi THPT,2022,26.0,Kinh doanh quốc tế
20231,DDQ,kinh-doanh-quoc-te,D01,Điểm thi THPT,2022,26.0,Kinh doanh quốc tế
20232,DDQ,kinh-doanh-quoc-te,D90,Điểm thi THPT,2022,26.0,Kinh doanh quốc tế
20233,DDQ,kinh-doanh-quoc-te,A00,Điểm học bạ,2023,28.0,Kinh doanh quốc tế
20234,DDQ,kinh-doanh-quoc-te,A01,Điểm học bạ,2023,28.0,Kinh doanh quốc tế
20235,DDQ,kinh-doanh-quoc-te,D01,Điểm học bạ,2023,28.0,Kinh doanh quốc tế
20236,DDQ,kinh-doanh-quoc-te,A00,Điểm thi THPT,2023,26.5,Kinh doanh quốc tế
20237,DDQ,kinh-doanh-quoc-te,A01,Điểm thi THPT,2023,26.5,Kinh doanh quốc tế
20238,DDQ,kinh-doanh-quoc-te,D01,Điểm thi THPT,2023,26.5,Kinh doanh quốc tế
20239,DDQ,kinh-doanh-quoc-te,D90,Điểm thi THPT,2023,26.5,Kinh doanh quốc tế
20240,DDQ,kinh-doanh-quoc-te,A00,Điểm học bạ,2024,28.0,Kinh doanh quốc tế
20241,DDQ,kinh-doanh-quoc-te,A01,Điểm học bạ,2024,28.0,Kinh doanh quốc tế
20242,DDQ,kinh-doanh-quoc-te,D01,Điểm học bạ,2024,28.0,Kinh doanh quốc tế
20243,DDQ,kinh-doanh-quoc-te,A00,Điểm thi THPT,2024,27.0,Kinh doanh quốc tế
20244,DDQ,kinh-doanh-quoc-te,A01,Điểm thi THPT,2024,27.0,Kinh doanh quốc tế
20245,DDQ,kinh-doanh-quoc-te,D01,Điểm thi THPT,2024,27.0,Kinh doanh quốc tế
20246,DDQ,kinh-doanh-quoc-te,D90,Điểm thi THPT,2024,27.0,Kinh doanh quốc tế
20247,DDQ,kinh-doanh-quoc-te-chuong-trinh-kinh-doanh-giao-nhan-va-van-tai-quoc-te,A00,Điểm học bạ,2025,26.0,Kinh doanh quốc tế - Chương trình Kinh doanh giao nhận và vận tải quốc tế (P - Bán phần tiếng Anh)
20248,DDQ,kinh-doanh-quoc-te-chuong-trinh-kinh-doanh-giao-nhan-va-van-tai-quoc-te,A01,Điểm học bạ,2025,26.0,Kinh doanh quốc tế - Chương trình Kinh doanh giao nhận và vận tải quốc tế (P - Bán phần tiếng Anh)
20249,DDQ,kinh-doanh-quoc-te-chuong-trinh-kinh-doanh-giao-nhan-va-van-tai-quoc-te,D01,Điểm học bạ,2025,26.0,Kinh doanh quốc tế - Chương trình Kinh doanh giao nhận và vận tải quốc tế (P - Bán phần tiếng Anh)
20250,DDQ,kinh-doanh-quoc-te-chuong-trinh-kinh-doanh-giao-nhan-va-van-tai-quoc-te,D07,Điểm học bạ,2025,26.0,Kinh doanh quốc tế - Chương trình Kinh doanh giao nhận và vận tải quốc tế (P - Bán phần tiếng Anh)
20251,DDQ,kinh-doanh-quoc-te-chuong-trinh-kinh-doanh-giao-nhan-va-van-tai-quoc-te,X25,Điểm học bạ,2025,26.0,Kinh doanh quốc tế - Chương trình Kinh doanh giao nhận và vận tải quốc tế (P - Bán phần tiếng Anh)
20252,DDQ,kinh-doanh-quoc-te-chuong-trinh-kinh-doanh-giao-nhan-va-van-tai-quoc-te,X26,Điểm học bạ,2025,26.0,Kinh doanh quốc tế - Chương trình Kinh doanh giao nhận và vận tải quốc tế (P - Bán phần tiếng Anh)
20253,DDQ,kinh-doanh-quoc-te-chuong-trinh-kinh-doanh-quoc-te,A00,Điểm thi THPT,2025,24.0,Kinh doanh quốc tế - Chương trình Kinh doanh quốc tế (S - Tiêu chuẩn)
20254,DDQ,kinh-doanh-quoc-te-chuong-trinh-kinh-doanh-quoc-te,A01,Điểm thi THPT,2025,24.0,Kinh doanh quốc tế - Chương trình Kinh doanh quốc tế (S - Tiêu chuẩn)
20255,DDQ,kinh-doanh-quoc-te-chuong-trinh-kinh-doanh-quoc-te,D01,Điểm thi THPT,2025,24.0,Kinh doanh quốc tế - Chương trình Kinh doanh quốc tế (S - Tiêu chuẩn)
20256,DDQ,kinh-doanh-quoc-te-chuong-trinh-kinh-doanh-quoc-te,D07,Điểm thi THPT,2025,24.0,Kinh doanh quốc tế - Chương trình Kinh doanh quốc tế (S - Tiêu chuẩn)
20257,DDQ,kinh-doanh-quoc-te-chuong-trinh-kinh-doanh-quoc-te,X25,Điểm thi THPT,2025,24.0,Kinh doanh quốc tế - Chương trình Kinh doanh quốc tế (S - Tiêu chuẩn)
20258,DDQ,kinh-doanh-quoc-te-chuong-trinh-kinh-doanh-quoc-te,X26,Điểm thi THPT,2025,24.0,Kinh doanh quốc tế - Chương trình Kinh doanh quốc tế (S - Tiêu chuẩn)
20259,DDQ,kinh-doanh-quoc-te-chuong-trinh-ngoai-thuong,A00,Điểm học bạ,2025,27.0,Kinh doanh quốc tế - Chương trình Ngoại thương (E - Toàn phần tiếng Anh)
20260,DDQ,kinh-doanh-quoc-te-chuong-trinh-ngoai-thuong,A01,Điểm học bạ,2025,27.0,Kinh doanh quốc tế - Chương trình Ngoại thương (E - Toàn phần tiếng Anh)
20261,DDQ,kinh-doanh-quoc-te-chuong-trinh-ngoai-thuong,D01,Điểm học bạ,2025,27.0,Kinh doanh quốc tế - Chương trình Ngoại thương (E - Toàn phần tiếng Anh)
20262,DDQ,kinh-doanh-quoc-te-chuong-trinh-ngoai-thuong,D07,Điểm học bạ,2025,27.0,Kinh doanh quốc tế - Chương trình Ngoại thương (E - Toàn phần tiếng Anh)
20263,DDQ,kinh-doanh-quoc-te-chuong-trinh-ngoai-thuong,X25,Điểm học bạ,2025,27.0,Kinh doanh quốc tế - Chương trình Ngoại thương (E - Toàn phần tiếng Anh)
20264,DDQ,kinh-doanh-quoc-te-chuong-trinh-ngoai-thuong,X26,Điểm học bạ,2025,27.0,Kinh doanh quốc tế - Chương trình Ngoại thương (E - Toàn phần tiếng Anh)
20265,DDQ,kinh-doanh-thuong-mai,A00,Điểm thi THPT,2021,26.25,Kinh doanh thương mại
20266,DDQ,kinh-doanh-thuong-mai,A01,Điểm thi THPT,2021,26.25,Kinh doanh thương mại
20267,DDQ,kinh-doanh-thuong-mai,D01,Điểm thi THPT,2021,26.25,Kinh doanh thương mại
20268,DDQ,kinh-doanh-thuong-mai,D90,Điểm thi THPT,2021,26.25,Kinh doanh thương mại
20269,DDQ,kinh-doanh-thuong-mai,A00,Điểm thi THPT,2022,25.0,Kinh doanh thương mại
20270,DDQ,kinh-doanh-thuong-mai,A01,Điểm thi THPT,2022,25.0,Kinh doanh thương mại
20271,DDQ,kinh-doanh-thuong-mai,D01,Điểm thi THPT,2022,25.0,Kinh doanh thương mại
20272,DDQ,kinh-doanh-thuong-mai,D90,Điểm thi THPT,2022,25.0,Kinh doanh thương mại
20273,DDQ,kinh-doanh-thuong-mai,A00,Điểm học bạ,2023,27.0,Kinh doanh thương mại
20274,DDQ,kinh-doanh-thuong-mai,A01,Điểm học bạ,2023,27.0,Kinh doanh thương mại
20275,DDQ,kinh-doanh-thuong-mai,D01,Điểm học bạ,2023,27.0,Kinh doanh thương mại
20276,DDQ,kinh-doanh-thuong-mai,A00,Điểm thi THPT,2023,26.0,Kinh doanh thương mại
20277,DDQ,kinh-doanh-thuong-mai,A01,Điểm thi THPT,2023,26.0,Kinh doanh thương mại
20278,DDQ,kinh-doanh-thuong-mai,D01,Điểm thi THPT,2023,26.0,Kinh doanh thương mại
20279,DDQ,kinh-doanh-thuong-mai,D90,Điểm thi THPT,2023,26.0,Kinh doanh thương mại
20280,DDQ,kinh-doanh-thuong-mai,A00,Điểm học bạ,2024,27.5,Kinh doanh thương mại
20281,DDQ,kinh-doanh-thuong-mai,A01,Điểm học bạ,2024,27.5,Kinh doanh thương mại
20282,DDQ,kinh-doanh-thuong-mai,D01,Điểm học bạ,2024,27.5,Kinh doanh thương mại
20283,DDQ,kinh-doanh-thuong-mai,A00,Điểm thi THPT,2024,25.75,Kinh doanh thương mại
20284,DDQ,kinh-doanh-thuong-mai,A01,Điểm thi THPT,2024,25.75,Kinh doanh thương mại
20285,DDQ,kinh-doanh-thuong-mai,D01,Điểm thi THPT,2024,25.75,Kinh doanh thương mại
20286,DDQ,kinh-doanh-thuong-mai,D90,Điểm thi THPT,2024,25.75,Kinh doanh thương mại
20287,DDQ,kinh-doanh-thuong-mai-chuong-trinh-kinh-doanh-thuong-mai,A00,Điểm thi THPT,2025,21.0,Kinh doanh thương mại - Chương trình Kinh doanh thương mại (S - Tiêu chuẩn)
20288,DDQ,kinh-doanh-thuong-mai-chuong-trinh-kinh-doanh-thuong-mai,A01,Điểm thi THPT,2025,21.0,Kinh doanh thương mại - Chương trình Kinh doanh thương mại (S - Tiêu chuẩn)
20289,DDQ,kinh-doanh-thuong-mai-chuong-trinh-kinh-doanh-thuong-mai,D01,Điểm thi THPT,2025,21.0,Kinh doanh thương mại - Chương trình Kinh doanh thương mại (S - Tiêu chuẩn)
20290,DDQ,kinh-doanh-thuong-mai-chuong-trinh-kinh-doanh-thuong-mai,D07,Điểm thi THPT,2025,21.0,Kinh doanh thương mại - Chương trình Kinh doanh thương mại (S - Tiêu chuẩn)
20291,DDQ,kinh-doanh-thuong-mai-chuong-trinh-kinh-doanh-thuong-mai,X25,Điểm thi THPT,2025,21.0,Kinh doanh thương mại - Chương trình Kinh doanh thương mại (S - Tiêu chuẩn)
20292,DDQ,kinh-doanh-thuong-mai-chuong-trinh-kinh-doanh-thuong-mai,X26,Điểm thi THPT,2025,21.0,Kinh doanh thương mại - Chương trình Kinh doanh thương mại (S - Tiêu chuẩn)
20293,DDQ,kinh-te,A00,Điểm thi THPT,2021,25.0,Kinh tế
20294,DDQ,kinh-te,A01,Điểm thi THPT,2021,25.0,Kinh tế
20295,DDQ,kinh-te,D01,Điểm thi THPT,2021,25.0,Kinh tế
20296,DDQ,kinh-te,D90,Điểm thi THPT,2021,25.0,Kinh tế
20297,DDQ,kinh-te,A00,Điểm thi THPT,2022,24.5,Kinh tế
20298,DDQ,kinh-te,A01,Điểm thi THPT,2022,24.5,Kinh tế
20299,DDQ,kinh-te,D01,Điểm thi THPT,2022,24.5,Kinh tế
20300,DDQ,kinh-te,D90,Điểm thi THPT,2022,24.5,Kinh tế
20301,DDQ,kinh-te,A00,Điểm học bạ,2023,26.75,Kinh tế
20302,DDQ,kinh-te,A01,Điểm học bạ,2023,26.75,Kinh tế
20303,DDQ,kinh-te,D01,Điểm học bạ,2023,26.75,Kinh tế
20304,DDQ,kinh-te,A00,Điểm thi THPT,2023,24.5,Kinh tế
20305,DDQ,kinh-te,A01,Điểm thi THPT,2023,24.5,Kinh tế
20306,DDQ,kinh-te,D01,Điểm thi THPT,2023,24.5,Kinh tế
20307,DDQ,kinh-te,D90,Điểm thi THPT,2023,24.5,Kinh tế
20308,DDQ,kinh-te,A00,Điểm học bạ,2024,26.75,Kinh tế
20309,DDQ,kinh-te,A01,Điểm học bạ,2024,26.75,Kinh tế
20310,DDQ,kinh-te,D01,Điểm học bạ,2024,26.75,Kinh tế
20311,DDQ,kinh-te,A00,Điểm thi THPT,2024,24.5,Kinh tế
20312,DDQ,kinh-te,A01,Điểm thi THPT,2024,24.5,Kinh tế
20313,DDQ,kinh-te,D01,Điểm thi THPT,2024,24.5,Kinh tế
20314,DDQ,kinh-te,D90,Điểm thi THPT,2024,24.5,Kinh tế
20315,DDQ,kinh-te-chuong-trinh-kinh-te,A00,Điểm thi THPT,2025,20.0,Kinh tế - Chương trình Kinh tế (S - Tiêu chuẩn)
20316,DDQ,kinh-te-chuong-trinh-kinh-te,A01,Điểm thi THPT,2025,20.0,Kinh tế - Chương trình Kinh tế (S - Tiêu chuẩn)
20317,DDQ,kinh-te-chuong-trinh-kinh-te,D01,Điểm thi THPT,2025,20.0,Kinh tế - Chương trình Kinh tế (S - Tiêu chuẩn)
20318,DDQ,kinh-te-chuong-trinh-kinh-te,D07,Điểm thi THPT,2025,20.0,Kinh tế - Chương trình Kinh tế (S - Tiêu chuẩn)
20319,DDQ,kinh-te-chuong-trinh-kinh-te,X25,Điểm thi THPT,2025,20.0,Kinh tế - Chương trình Kinh tế (S - Tiêu chuẩn)
20320,DDQ,kinh-te-chuong-trinh-kinh-te,X26,Điểm thi THPT,2025,20.0,Kinh tế - Chương trình Kinh tế (S - Tiêu chuẩn)
20321,DDQ,kinh-te-chuong-trinh-kinh-te-quoc-te,A00,Điểm học bạ,2025,23.0,Kinh tế - Chương trình Kinh tế quốc tế (P - Bán phần tiếng Anh)
20322,DDQ,kinh-te-chuong-trinh-kinh-te-quoc-te,A01,Điểm học bạ,2025,23.0,Kinh tế - Chương trình Kinh tế quốc tế (P - Bán phần tiếng Anh)
20323,DDQ,kinh-te-chuong-trinh-kinh-te-quoc-te,D01,Điểm học bạ,2025,23.0,Kinh tế - Chương trình Kinh tế quốc tế (P - Bán phần tiếng Anh)
20324,DDQ,kinh-te-chuong-trinh-kinh-te-quoc-te,D07,Điểm học bạ,2025,23.0,Kinh tế - Chương trình Kinh tế quốc tế (P - Bán phần tiếng Anh)
20325,DDQ,kinh-te-chuong-trinh-kinh-te-quoc-te,X25,Điểm học bạ,2025,23.0,Kinh tế - Chương trình Kinh tế quốc tế (P - Bán phần tiếng Anh)
20326,DDQ,kinh-te-chuong-trinh-kinh-te-quoc-te,X26,Điểm học bạ,2025,23.0,Kinh tế - Chương trình Kinh tế quốc tế (P - Bán phần tiếng Anh)
20327,DDQ,luat,A00,Điểm thi THPT,2021,24.75,Luật
20328,DDQ,luat,A01,Điểm thi THPT,2021,24.75,Luật
20329,DDQ,luat,D01,Điểm thi THPT,2021,24.75,Luật
20330,DDQ,luat,D96,Điểm thi THPT,2021,24.75,Luật
20331,DDQ,luat,A00,Điểm thi THPT,2022,23.5,Luật
20332,DDQ,luat,A01,Điểm thi THPT,2022,23.5,Luật
20333,DDQ,luat,D01,Điểm thi THPT,2022,23.5,Luật
20334,DDQ,luat,D96,Điểm thi THPT,2022,23.5,Luật
20335,DDQ,luat,A00,Điểm học bạ,2023,27.0,Luật
20336,DDQ,luat,A01,Điểm học bạ,2023,27.0,Luật
20337,DDQ,luat,D01,Điểm học bạ,2023,27.0,Luật
20338,DDQ,luat,A00,Điểm thi THPT,2023,23.5,Luật
20339,DDQ,luat,A01,Điểm thi THPT,2023,23.5,Luật
20340,DDQ,luat,D01,Điểm thi THPT,2023,23.5,Luật
20341,DDQ,luat,D96,Điểm thi THPT,2023,23.5,Luật
20342,DDQ,luat,A00,Điểm học bạ,2024,27.5,Luật
20343,DDQ,luat,A01,Điểm học bạ,2024,27.5,Luật
20344,DDQ,luat,D01,Điểm học bạ,2024,27.5,Luật
20345,DDQ,luat,A00,Điểm thi THPT,2024,24.25,Luật
20346,DDQ,luat,A01,Điểm thi THPT,2024,24.25,Luật
20347,DDQ,luat,D01,Điểm thi THPT,2024,24.25,Luật
20348,DDQ,luat,D96,Điểm thi THPT,2024,24.25,Luật
20349,DDQ,luat-chuong-trinh-luat,A00,Điểm thi THPT,2025,20.0,Luật - Chương trình Luật (S - Tiêu chuẩn)
20350,DDQ,luat-chuong-trinh-luat,A01,Điểm thi THPT,2025,20.0,Luật - Chương trình Luật (S - Tiêu chuẩn)
20351,DDQ,luat-chuong-trinh-luat,D01,Điểm thi THPT,2025,20.0,Luật - Chương trình Luật (S - Tiêu chuẩn)
20352,DDQ,luat-chuong-trinh-luat,D07,Điểm thi THPT,2025,20.0,Luật - Chương trình Luật (S - Tiêu chuẩn)
20353,DDQ,luat-chuong-trinh-luat,X25,Điểm thi THPT,2025,20.0,Luật - Chương trình Luật (S - Tiêu chuẩn)
20354,DDQ,luat-chuong-trinh-luat,X26,Điểm thi THPT,2025,20.0,Luật - Chương trình Luật (S - Tiêu chuẩn)
20355,DDQ,luat-kinh-te,A00,Điểm thi THPT,2021,25.5,Luật kinh tế
20356,DDQ,luat-kinh-te,A01,Điểm thi THPT,2021,25.5,Luật kinh tế
20357,DDQ,luat-kinh-te,D01,Điểm thi THPT,2021,25.5,Luật kinh tế
20358,DDQ,luat-kinh-te,D96,Điểm thi THPT,2021,25.5,Luật kinh tế
20359,DDQ,luat-kinh-te,A00,Điểm thi THPT,2022,25.0,Luật kinh tế
20360,DDQ,luat-kinh-te,A01,Điểm thi THPT,2022,25.0,Luật kinh tế
20361,DDQ,luat-kinh-te,D01,Điểm thi THPT,2022,25.0,Luật kinh tế
20362,DDQ,luat-kinh-te,D96,Điểm thi THPT,2022,25.0,Luật kinh tế
20363,DDQ,luat-kinh-te,A00,Điểm học bạ,2023,27.5,Luật kinh tế
20364,DDQ,luat-kinh-te,A01,Điểm học bạ,2023,27.5,Luật kinh tế
20365,DDQ,luat-kinh-te,D01,Điểm học bạ,2023,27.5,Luật kinh tế
20366,DDQ,luat-kinh-te,A00,Điểm thi THPT,2023,25.25,Luật kinh tế
20367,DDQ,luat-kinh-te,A01,Điểm thi THPT,2023,25.25,Luật kinh tế
20368,DDQ,luat-kinh-te,D01,Điểm thi THPT,2023,25.25,Luật kinh tế
20369,DDQ,luat-kinh-te,D96,Điểm thi THPT,2023,25.25,Luật kinh tế
20370,DDQ,luat-kinh-te,A00,Điểm học bạ,2024,27.75,Luật kinh tế
20371,DDQ,luat-kinh-te,A01,Điểm học bạ,2024,27.75,Luật kinh tế
20372,DDQ,luat-kinh-te,D01,Điểm học bạ,2024,27.75,Luật kinh tế
20373,DDQ,luat-kinh-te,A00,Điểm thi THPT,2024,24.5,Luật kinh tế
20374,DDQ,luat-kinh-te,A01,Điểm thi THPT,2024,24.5,Luật kinh tế
20375,DDQ,luat-kinh-te,D01,Điểm thi THPT,2024,24.5,Luật kinh tế
20376,DDQ,luat-kinh-te,D96,Điểm thi THPT,2024,24.5,Luật kinh tế
20377,DDQ,luat-kinh-te-chuong-trinh-luat-kinh-te,A00,Điểm thi THPT,2025,20.0,Luật kinh tế - Chương trình Luật Kinh tế (S - Tiêu chuẩn)
20378,DDQ,luat-kinh-te-chuong-trinh-luat-kinh-te,A01,Điểm thi THPT,2025,20.0,Luật kinh tế - Chương trình Luật Kinh tế (S - Tiêu chuẩn)
20379,DDQ,luat-kinh-te-chuong-trinh-luat-kinh-te,D01,Điểm thi THPT,2025,20.0,Luật kinh tế - Chương trình Luật Kinh tế (S - Tiêu chuẩn)
20380,DDQ,luat-kinh-te-chuong-trinh-luat-kinh-te,D07,Điểm thi THPT,2025,20.0,Luật kinh tế - Chương trình Luật Kinh tế (S - Tiêu chuẩn)
20381,DDQ,luat-kinh-te-chuong-trinh-luat-kinh-te,X25,Điểm thi THPT,2025,20.0,Luật kinh tế - Chương trình Luật Kinh tế (S - Tiêu chuẩn)
20382,DDQ,luat-kinh-te-chuong-trinh-luat-kinh-te,X26,Điểm thi THPT,2025,20.0,Luật kinh tế - Chương trình Luật Kinh tế (S - Tiêu chuẩn)
20383,DDQ,luat-kinh-te-chuong-trinh-luat-thuong-mai-quoc-te,A00,Điểm học bạ,2025,25.0,Luật kinh tế - Chương trình Luật thương mại quốc tế (P - Bán phần tiếng Anh)
20384,DDQ,luat-kinh-te-chuong-trinh-luat-thuong-mai-quoc-te,A01,Điểm học bạ,2025,25.0,Luật kinh tế - Chương trình Luật thương mại quốc tế (P - Bán phần tiếng Anh)
20385,DDQ,luat-kinh-te-chuong-trinh-luat-thuong-mai-quoc-te,D01,Điểm học bạ,2025,25.0,Luật kinh tế - Chương trình Luật thương mại quốc tế (P - Bán phần tiếng Anh)
20386,DDQ,luat-kinh-te-chuong-trinh-luat-thuong-mai-quoc-te,D07,Điểm học bạ,2025,25.0,Luật kinh tế - Chương trình Luật thương mại quốc tế (P - Bán phần tiếng Anh)
20387,DDQ,luat-kinh-te-chuong-trinh-luat-thuong-mai-quoc-te,X25,Điểm học bạ,2025,25.0,Luật kinh tế - Chương trình Luật thương mại quốc tế (P - Bán phần tiếng Anh)
20388,DDQ,luat-kinh-te-chuong-trinh-luat-thuong-mai-quoc-te,X26,Điểm học bạ,2025,25.0,Luật kinh tế - Chương trình Luật thương mại quốc tế (P - Bán phần tiếng Anh)
20389,DDQ,marketing,A00,Điểm thi THPT,2021,26.75,Marketing
20390,DDQ,marketing,A01,Điểm thi THPT,2021,26.75,Marketing
20391,DDQ,marketing,D01,Điểm thi THPT,2021,26.75,Marketing
20392,DDQ,marketing,D90,Điểm thi THPT,2021,26.75,Marketing
20393,DDQ,marketing,A00,Điểm thi THPT,2022,26.5,Marketing
20394,DDQ,marketing,A01,Điểm thi THPT,2022,26.5,Marketing
20395,DDQ,marketing,D01,Điểm thi THPT,2022,26.5,Marketing
20396,DDQ,marketing,D90,Điểm thi THPT,2022,26.5,Marketing
20397,DDQ,marketing,A00,Điểm học bạ,2023,28.0,Marketing
20398,DDQ,marketing,A01,Điểm học bạ,2023,28.0,Marketing
20399,DDQ,marketing,D01,Điểm học bạ,2023,28.0,Marketing
20400,DDQ,marketing,A00,Điểm thi THPT,2023,25.75,Marketing
20401,DDQ,marketing,A01,Điểm thi THPT,2023,25.75,Marketing
20402,DDQ,marketing,D01,Điểm thi THPT,2023,25.75,Marketing
20403,DDQ,marketing,D90,Điểm thi THPT,2023,25.75,Marketing
20404,DDQ,marketing,A00,Điểm học bạ,2024,28.0,Marketing
20405,DDQ,marketing,A01,Điểm học bạ,2024,28.0,Marketing
20406,DDQ,marketing,D01,Điểm học bạ,2024,28.0,Marketing
20407,DDQ,marketing,A00,Điểm thi THPT,2024,26.0,Marketing
20408,DDQ,marketing,A01,Điểm thi THPT,2024,26.0,Marketing
20409,DDQ,marketing,D01,Điểm thi THPT,2024,26.0,Marketing
20410,DDQ,marketing,D90,Điểm thi THPT,2024,26.0,Marketing
20411,DDQ,marketing-chuong-trinh-marketing,A00,Điểm học bạ,2025,24.5,Marketing - Chương trình Marketing (P - Bán phần tiếng Anh)
20412,DDQ,marketing-chuong-trinh-marketing,A01,Điểm học bạ,2025,24.5,Marketing - Chương trình Marketing (P - Bán phần tiếng Anh)
20413,DDQ,marketing-chuong-trinh-marketing,D01,Điểm học bạ,2025,24.5,Marketing - Chương trình Marketing (P - Bán phần tiếng Anh)
20414,DDQ,marketing-chuong-trinh-marketing,D07,Điểm học bạ,2025,24.5,Marketing - Chương trình Marketing (P - Bán phần tiếng Anh)
20415,DDQ,marketing-chuong-trinh-marketing,X25,Điểm học bạ,2025,24.5,Marketing - Chương trình Marketing (P - Bán phần tiếng Anh)
20416,DDQ,marketing-chuong-trinh-marketing,X26,Điểm học bạ,2025,24.5,Marketing - Chương trình Marketing (P - Bán phần tiếng Anh)
20417,DDQ,marketing-chuong-trinh-marketing,A00,Điểm thi THPT,2025,22.5,Marketing - Chương trình Marketing (S - Tiêu chuẩn)
20418,DDQ,marketing-chuong-trinh-marketing,A01,Điểm thi THPT,2025,22.5,Marketing - Chương trình Marketing (S - Tiêu chuẩn)
20419,DDQ,marketing-chuong-trinh-marketing,D01,Điểm thi THPT,2025,22.5,Marketing - Chương trình Marketing (S - Tiêu chuẩn)
20420,DDQ,marketing-chuong-trinh-marketing,D07,Điểm thi THPT,2025,22.5,Marketing - Chương trình Marketing (S - Tiêu chuẩn)
20421,DDQ,marketing-chuong-trinh-marketing,X25,Điểm thi THPT,2025,22.5,Marketing - Chương trình Marketing (S - Tiêu chuẩn)
20422,DDQ,marketing-chuong-trinh-marketing,X26,Điểm thi THPT,2025,22.5,Marketing - Chương trình Marketing (S - Tiêu chuẩn)
20423,DDQ,marketing-chuong-trinh-marketing-so,A00,Điểm học bạ,2025,27.0,Marketing - Chương trình Marketing số (E - Toàn phần tiếng Anh)
20424,DDQ,marketing-chuong-trinh-marketing-so,A01,Điểm học bạ,2025,27.0,Marketing - Chương trình Marketing số (E - Toàn phần tiếng Anh)
20425,DDQ,marketing-chuong-trinh-marketing-so,D01,Điểm học bạ,2025,27.0,Marketing - Chương trình Marketing số (E - Toàn phần tiếng Anh)
20426,DDQ,marketing-chuong-trinh-marketing-so,D07,Điểm học bạ,2025,27.0,Marketing - Chương trình Marketing số (E - Toàn phần tiếng Anh)
20427,DDQ,marketing-chuong-trinh-marketing-so,X25,Điểm học bạ,2025,27.0,Marketing - Chương trình Marketing số (E - Toàn phần tiếng Anh)
20428,DDQ,marketing-chuong-trinh-marketing-so,X26,Điểm học bạ,2025,27.0,Marketing - Chương trình Marketing số (E - Toàn phần tiếng Anh)
20429,DDQ,quan-ly-nha-nuoc,A00,Điểm thi THPT,2021,24.25,Quản lý Nhà nước
20430,DDQ,quan-ly-nha-nuoc,A01,Điểm thi THPT,2021,24.25,Quản lý Nhà nước
20431,DDQ,quan-ly-nha-nuoc,D01,Điểm thi THPT,2021,24.25,Quản lý Nhà nước
20432,DDQ,quan-ly-nha-nuoc,D96,Điểm thi THPT,2021,24.25,Quản lý Nhà nước
20433,DDQ,quan-ly-nha-nuoc,A00,Điểm thi THPT,2022,23.0,Quản lý nhà nước
20434,DDQ,quan-ly-nha-nuoc,A01,Điểm thi THPT,2022,23.0,Quản lý nhà nước
20435,DDQ,quan-ly-nha-nuoc,D01,Điểm thi THPT,2022,23.0,Quản lý nhà nước
20436,DDQ,quan-ly-nha-nuoc,D96,Điểm thi THPT,2022,23.0,Quản lý nhà nước
20437,DDQ,quan-ly-nha-nuoc,A00,Điểm học bạ,2023,26.0,Quản lý nhà nước
20438,DDQ,quan-ly-nha-nuoc,A01,Điểm học bạ,2023,26.0,Quản lý nhà nước
20439,DDQ,quan-ly-nha-nuoc,D01,Điểm học bạ,2023,26.0,Quản lý nhà nước
20440,DDQ,quan-ly-nha-nuoc,A00,Điểm thi THPT,2023,23.0,Quản lý nhà nước
20441,DDQ,quan-ly-nha-nuoc,A01,Điểm thi THPT,2023,23.0,Quản lý nhà nước
20442,DDQ,quan-ly-nha-nuoc,D01,Điểm thi THPT,2023,23.0,Quản lý nhà nước
20443,DDQ,quan-ly-nha-nuoc,D96,Điểm thi THPT,2023,23.0,Quản lý nhà nước
20444,DDQ,quan-ly-nha-nuoc,A00,Điểm học bạ,2024,26.0,Quản lý nhà nước
20445,DDQ,quan-ly-nha-nuoc,A01,Điểm học bạ,2024,26.0,Quản lý nhà nước
20446,DDQ,quan-ly-nha-nuoc,D01,Điểm học bạ,2024,26.0,Quản lý nhà nước
20447,DDQ,quan-ly-nha-nuoc,A00,Điểm thi THPT,2024,23.75,Quản lý nhà nước
20448,DDQ,quan-ly-nha-nuoc,A01,Điểm thi THPT,2024,23.75,Quản lý nhà nước
20449,DDQ,quan-ly-nha-nuoc,D01,Điểm thi THPT,2024,23.75,Quản lý nhà nước
20450,DDQ,quan-ly-nha-nuoc,D96,Điểm thi THPT,2024,23.75,Quản lý nhà nước
20451,DDQ,quan-ly-nha-nuoc-chuong-trinh-quan-ly-nha-nuoc,A00,Điểm thi THPT,2025,20.0,Quản lý nhà nước - Chương trình Quản lý nhà nước (S - Tiêu chuẩn)
20452,DDQ,quan-ly-nha-nuoc-chuong-trinh-quan-ly-nha-nuoc,A01,Điểm thi THPT,2025,20.0,Quản lý nhà nước - Chương trình Quản lý nhà nước (S - Tiêu chuẩn)
20453,DDQ,quan-ly-nha-nuoc-chuong-trinh-quan-ly-nha-nuoc,D01,Điểm thi THPT,2025,20.0,Quản lý nhà nước - Chương trình Quản lý nhà nước (S - Tiêu chuẩn)
20454,DDQ,quan-ly-nha-nuoc-chuong-trinh-quan-ly-nha-nuoc,D07,Điểm thi THPT,2025,20.0,Quản lý nhà nước - Chương trình Quản lý nhà nước (S - Tiêu chuẩn)
20455,DDQ,quan-ly-nha-nuoc-chuong-trinh-quan-ly-nha-nuoc,X25,Điểm thi THPT,2025,20.0,Quản lý nhà nước - Chương trình Quản lý nhà nước (S - Tiêu chuẩn)
20456,DDQ,quan-ly-nha-nuoc-chuong-trinh-quan-ly-nha-nuoc,X26,Điểm thi THPT,2025,20.0,Quản lý nhà nước - Chương trình Quản lý nhà nước (S - Tiêu chuẩn)
20457,DDQ,quan-tri-dich-vu-du-lich-va-lu-hanh,A00,Điểm thi THPT,2021,25.25,Quản trị Dịch vụ du lịch và lữ hành
20458,DDQ,quan-tri-dich-vu-du-lich-va-lu-hanh,A01,Điểm thi THPT,2021,25.25,Quản trị Dịch vụ du lịch và lữ hành
20459,DDQ,quan-tri-dich-vu-du-lich-va-lu-hanh,D01,Điểm thi THPT,2021,25.25,Quản trị Dịch vụ du lịch và lữ hành
20460,DDQ,quan-tri-dich-vu-du-lich-va-lu-hanh,D90,Điểm thi THPT,2021,25.25,Quản trị Dịch vụ du lịch và lữ hành
20461,DDQ,quan-tri-dich-vu-du-lich-va-lu-hanh,A00,Điểm thi THPT,2022,24.0,Quản trị dịch vụ du lịch và lữ hành
20462,DDQ,quan-tri-dich-vu-du-lich-va-lu-hanh,A01,Điểm thi THPT,2022,24.0,Quản trị dịch vụ du lịch và lữ hành
20463,DDQ,quan-tri-dich-vu-du-lich-va-lu-hanh,D01,Điểm thi THPT,2022,24.0,Quản trị dịch vụ du lịch và lữ hành
20464,DDQ,quan-tri-dich-vu-du-lich-va-lu-hanh,D90,Điểm thi THPT,2022,24.0,Quản trị dịch vụ du lịch và lữ hành
20465,DDQ,quan-tri-dich-vu-du-lich-va-lu-hanh,A00,Điểm học bạ,2023,26.25,Quản trị dịch vụ du lịch và lữ hành
20466,DDQ,quan-tri-dich-vu-du-lich-va-lu-hanh,A01,Điểm học bạ,2023,26.25,Quản trị dịch vụ du lịch và lữ hành
20467,DDQ,quan-tri-dich-vu-du-lich-va-lu-hanh,D01,Điểm học bạ,2023,26.25,Quản trị dịch vụ du lịch và lữ hành
20468,DDQ,quan-tri-dich-vu-du-lich-va-lu-hanh,A00,Điểm thi THPT,2023,24.5,Quản trị dịch vụ du lịch và lữ hành
20469,DDQ,quan-tri-dich-vu-du-lich-va-lu-hanh,A01,Điểm thi THPT,2023,24.5,Quản trị dịch vụ du lịch và lữ hành
20470,DDQ,quan-tri-dich-vu-du-lich-va-lu-hanh,D01,Điểm thi THPT,2023,24.5,Quản trị dịch vụ du lịch và lữ hành
20471,DDQ,quan-tri-dich-vu-du-lich-va-lu-hanh,D90,Điểm thi THPT,2023,24.5,Quản trị dịch vụ du lịch và lữ hành
20472,DDQ,quan-tri-dich-vu-du-lich-va-lu-hanh,A00,Điểm học bạ,2024,26.25,Quản trị dịch vụ du lịch và lữ hành
20473,DDQ,quan-tri-dich-vu-du-lich-va-lu-hanh,A01,Điểm học bạ,2024,26.25,Quản trị dịch vụ du lịch và lữ hành
20474,DDQ,quan-tri-dich-vu-du-lich-va-lu-hanh,D01,Điểm học bạ,2024,26.25,Quản trị dịch vụ du lịch và lữ hành
20475,DDQ,quan-tri-dich-vu-du-lich-va-lu-hanh,A00,Điểm thi THPT,2024,25.75,Quản trị dịch vụ du lịch và lữ hành
20476,DDQ,quan-tri-dich-vu-du-lich-va-lu-hanh,A01,Điểm thi THPT,2024,25.75,Quản trị dịch vụ du lịch và lữ hành
20477,DDQ,quan-tri-dich-vu-du-lich-va-lu-hanh,D01,Điểm thi THPT,2024,25.75,Quản trị dịch vụ du lịch và lữ hành
20478,DDQ,quan-tri-dich-vu-du-lich-va-lu-hanh,D90,Điểm thi THPT,2024,25.75,Quản trị dịch vụ du lịch và lữ hành
20479,DDQ,quan-tri-dich-vu-du-lich-va-lu-hanh-chuong-trinh-quan-tri-dich-vu-du-lich-va-lu-hanh,A00,Điểm thi THPT,2025,20.0,Quản trị dịch vụ du lịch và lữ hành - Chương trình Quản trị dịch vụ du lịch và lữ hành (S - Tiêu chuẩn)
20480,DDQ,quan-tri-dich-vu-du-lich-va-lu-hanh-chuong-trinh-quan-tri-dich-vu-du-lich-va-lu-hanh,A01,Điểm thi THPT,2025,20.0,Quản trị dịch vụ du lịch và lữ hành - Chương trình Quản trị dịch vụ du lịch và lữ hành (S - Tiêu chuẩn)
20481,DDQ,quan-tri-dich-vu-du-lich-va-lu-hanh-chuong-trinh-quan-tri-dich-vu-du-lich-va-lu-hanh,D01,Điểm thi THPT,2025,20.0,Quản trị dịch vụ du lịch và lữ hành - Chương trình Quản trị dịch vụ du lịch và lữ hành (S - Tiêu chuẩn)
20482,DDQ,quan-tri-dich-vu-du-lich-va-lu-hanh-chuong-trinh-quan-tri-dich-vu-du-lich-va-lu-hanh,D07,Điểm thi THPT,2025,20.0,Quản trị dịch vụ du lịch và lữ hành - Chương trình Quản trị dịch vụ du lịch và lữ hành (S - Tiêu chuẩn)
20483,DDQ,quan-tri-dich-vu-du-lich-va-lu-hanh-chuong-trinh-quan-tri-dich-vu-du-lich-va-lu-hanh,X25,Điểm thi THPT,2025,20.0,Quản trị dịch vụ du lịch và lữ hành - Chương trình Quản trị dịch vụ du lịch và lữ hành (S - Tiêu chuẩn)
20484,DDQ,quan-tri-dich-vu-du-lich-va-lu-hanh-chuong-trinh-quan-tri-dich-vu-du-lich-va-lu-hanh,X26,Điểm thi THPT,2025,20.0,Quản trị dịch vụ du lịch và lữ hành - Chương trình Quản trị dịch vụ du lịch và lữ hành (S - Tiêu chuẩn)
20485,DDQ,quan-tri-dich-vu-du-lich-va-lu-hanh-chuong-trinh-quan-tri-kinh-doanh-du-lich,A00,Điểm học bạ,2025,23.0,Quản trị dịch vụ du lịch và lữ hành - Chương trình Quản trị kinh doanh du lịch (P - Bán phần tiếng Anh)
20486,DDQ,quan-tri-dich-vu-du-lich-va-lu-hanh-chuong-trinh-quan-tri-kinh-doanh-du-lich,A01,Điểm học bạ,2025,23.0,Quản trị dịch vụ du lịch và lữ hành - Chương trình Quản trị kinh doanh du lịch (P - Bán phần tiếng Anh)
20487,DDQ,quan-tri-dich-vu-du-lich-va-lu-hanh-chuong-trinh-quan-tri-kinh-doanh-du-lich,D01,Điểm học bạ,2025,23.0,Quản trị dịch vụ du lịch và lữ hành - Chương trình Quản trị kinh doanh du lịch (P - Bán phần tiếng Anh)
20488,DDQ,quan-tri-dich-vu-du-lich-va-lu-hanh-chuong-trinh-quan-tri-kinh-doanh-du-lich,D07,Điểm học bạ,2025,23.0,Quản trị dịch vụ du lịch và lữ hành - Chương trình Quản trị kinh doanh du lịch (P - Bán phần tiếng Anh)
20489,DDQ,quan-tri-dich-vu-du-lich-va-lu-hanh-chuong-trinh-quan-tri-kinh-doanh-du-lich,X25,Điểm học bạ,2025,23.0,Quản trị dịch vụ du lịch và lữ hành - Chương trình Quản trị kinh doanh du lịch (P - Bán phần tiếng Anh)
20490,DDQ,quan-tri-dich-vu-du-lich-va-lu-hanh-chuong-trinh-quan-tri-kinh-doanh-du-lich,X26,Điểm học bạ,2025,23.0,Quản trị dịch vụ du lịch và lữ hành - Chương trình Quản trị kinh doanh du lịch (P - Bán phần tiếng Anh)
20491,DDQ,quan-tri-khach-san,A00,Điểm thi THPT,2021,24.75,Quản trị khách sạn
20492,DDQ,quan-tri-khach-san,A01,Điểm thi THPT,2021,24.75,Quản trị khách sạn
20493,DDQ,quan-tri-khach-san,D01,Điểm thi THPT,2021,24.75,Quản trị khách sạn
20494,DDQ,quan-tri-khach-san,D90,Điểm thi THPT,2021,24.75,Quản trị khách sạn
20495,DDQ,quan-tri-khach-san,A00,Điểm thi THPT,2022,23.0,Quản trị khách sạn
20496,DDQ,quan-tri-khach-san,A01,Điểm thi THPT,2022,23.0,Quản trị khách sạn
20497,DDQ,quan-tri-khach-san,D01,Điểm thi THPT,2022,23.0,Quản trị khách sạn
20498,DDQ,quan-tri-khach-san,D90,Điểm thi THPT,2022,23.0,Quản trị khách sạn
20499,DDQ,quan-tri-khach-san,A00,Điểm học bạ,2023,26.0,Quản trị khách sạn
20500,DDQ,quan-tri-khach-san,A01,Điểm học bạ,2023,26.0,Quản trị khách sạn
20501,DDQ,quan-tri-khach-san,D01,Điểm học bạ,2023,26.0,Quản trị khách sạn
20502,DDQ,quan-tri-khach-san,A00,Điểm thi THPT,2023,23.5,Quản trị khách sạn
20503,DDQ,quan-tri-khach-san,A01,Điểm thi THPT,2023,23.5,Quản trị khách sạn
20504,DDQ,quan-tri-khach-san,D01,Điểm thi THPT,2023,23.5,Quản trị khách sạn
20505,DDQ,quan-tri-khach-san,D90,Điểm thi THPT,2023,23.5,Quản trị khách sạn
20506,DDQ,quan-tri-khach-san,A00,Điểm học bạ,2024,26.0,Quản trị khách sạn
20507,DDQ,quan-tri-khach-san,A01,Điểm học bạ,2024,26.0,Quản trị khách sạn
20508,DDQ,quan-tri-khach-san,D01,Điểm học bạ,2024,26.0,Quản trị khách sạn
20509,DDQ,quan-tri-khach-san,A00,Điểm thi THPT,2024,24.25,Quản trị khách sạn
20510,DDQ,quan-tri-khach-san,A01,Điểm thi THPT,2024,24.25,Quản trị khách sạn
20511,DDQ,quan-tri-khach-san,D01,Điểm thi THPT,2024,24.25,Quản trị khách sạn
20512,DDQ,quan-tri-khach-san,D90,Điểm thi THPT,2024,24.25,Quản trị khách sạn
20513,DDQ,quan-tri-khach-san-chuong-trinh-quan-tri-khach-san,A00,Điểm học bạ,2025,23.0,Quản trị khách sạn - Chương trình Quản trị khách sạn (P - Bán phần tiếng Anh)
20514,DDQ,quan-tri-khach-san-chuong-trinh-quan-tri-khach-san,A01,Điểm học bạ,2025,23.0,Quản trị khách sạn - Chương trình Quản trị khách sạn (P - Bán phần tiếng Anh)
20515,DDQ,quan-tri-khach-san-chuong-trinh-quan-tri-khach-san,D01,Điểm học bạ,2025,23.0,Quản trị khách sạn - Chương trình Quản trị khách sạn (P - Bán phần tiếng Anh)
20516,DDQ,quan-tri-khach-san-chuong-trinh-quan-tri-khach-san,D07,Điểm học bạ,2025,23.0,Quản trị khách sạn - Chương trình Quản trị khách sạn (P - Bán phần tiếng Anh)
20517,DDQ,quan-tri-khach-san-chuong-trinh-quan-tri-khach-san,X25,Điểm học bạ,2025,23.0,Quản trị khách sạn - Chương trình Quản trị khách sạn (P - Bán phần tiếng Anh)
20518,DDQ,quan-tri-khach-san-chuong-trinh-quan-tri-khach-san,X26,Điểm học bạ,2025,23.0,Quản trị khách sạn - Chương trình Quản trị khách sạn (P - Bán phần tiếng Anh)
20519,DDQ,quan-tri-khach-san-chuong-trinh-quan-tri-khach-san,A00,Điểm thi THPT,2025,20.0,Quản trị khách sạn - Chương trình Quản trị khách sạn (S - Tiêu chuẩn)
20520,DDQ,quan-tri-khach-san-chuong-trinh-quan-tri-khach-san,A01,Điểm thi THPT,2025,20.0,Quản trị khách sạn - Chương trình Quản trị khách sạn (S - Tiêu chuẩn)
20521,DDQ,quan-tri-khach-san-chuong-trinh-quan-tri-khach-san,D01,Điểm thi THPT,2025,20.0,Quản trị khách sạn - Chương trình Quản trị khách sạn (S - Tiêu chuẩn)
20522,DDQ,quan-tri-khach-san-chuong-trinh-quan-tri-khach-san,D07,Điểm thi THPT,2025,20.0,Quản trị khách sạn - Chương trình Quản trị khách sạn (S - Tiêu chuẩn)
20523,DDQ,quan-tri-khach-san-chuong-trinh-quan-tri-khach-san,X25,Điểm thi THPT,2025,20.0,Quản trị khách sạn - Chương trình Quản trị khách sạn (S - Tiêu chuẩn)
20524,DDQ,quan-tri-khach-san-chuong-trinh-quan-tri-khach-san,X26,Điểm thi THPT,2025,20.0,Quản trị khách sạn - Chương trình Quản trị khách sạn (S - Tiêu chuẩn)
20525,DDQ,quan-tri-kinh-doanh,A00,Điểm thi THPT,2021,26.0,Quản trị kinh doanh
20526,DDQ,quan-tri-kinh-doanh,A01,Điểm thi THPT,2021,26.0,Quản trị kinh doanh
20527,DDQ,quan-tri-kinh-doanh,D01,Điểm thi THPT,2021,26.0,Quản trị kinh doanh
20528,DDQ,quan-tri-kinh-doanh,D90,Điểm thi THPT,2021,26.0,Quản trị kinh doanh
20529,DDQ,quan-tri-kinh-doanh,A00,Điểm thi THPT,2022,25.0,Quản trị kinh doanh
20530,DDQ,quan-tri-kinh-doanh,A01,Điểm thi THPT,2022,25.0,Quản trị kinh doanh
20531,DDQ,quan-tri-kinh-doanh,D01,Điểm thi THPT,2022,25.0,Quản trị kinh doanh
20532,DDQ,quan-tri-kinh-doanh,D90,Điểm thi THPT,2022,25.0,Quản trị kinh doanh
20533,DDQ,quan-tri-kinh-doanh,A00,Điểm học bạ,2023,27.0,Quản trị kinh doanh
20534,DDQ,quan-tri-kinh-doanh,A01,Điểm học bạ,2023,27.0,Quản trị kinh doanh
20535,DDQ,quan-tri-kinh-doanh,D01,Điểm học bạ,2023,27.0,Quản trị kinh doanh
20536,DDQ,quan-tri-kinh-doanh,A00,Điểm thi THPT,2023,24.75,Quản trị kinh doanh
20537,DDQ,quan-tri-kinh-doanh,A01,Điểm thi THPT,2023,24.75,Quản trị kinh doanh
20538,DDQ,quan-tri-kinh-doanh,D01,Điểm thi THPT,2023,24.75,Quản trị kinh doanh
20539,DDQ,quan-tri-kinh-doanh,D90,Điểm thi THPT,2023,24.75,Quản trị kinh doanh
20540,DDQ,quan-tri-kinh-doanh,A00,Điểm học bạ,2024,27.0,Quản trị kinh doanh
20541,DDQ,quan-tri-kinh-doanh,A01,Điểm học bạ,2024,27.0,Quản trị kinh doanh
20542,DDQ,quan-tri-kinh-doanh,D01,Điểm học bạ,2024,27.0,Quản trị kinh doanh
20543,DDQ,quan-tri-kinh-doanh,A00,Điểm thi THPT,2024,25.0,Quản trị kinh doanh
20544,DDQ,quan-tri-kinh-doanh,A01,Điểm thi THPT,2024,25.0,Quản trị kinh doanh
20545,DDQ,quan-tri-kinh-doanh,D01,Điểm thi THPT,2024,25.0,Quản trị kinh doanh
20546,DDQ,quan-tri-kinh-doanh,D90,Điểm thi THPT,2024,25.0,Quản trị kinh doanh
20547,DDQ,quan-tri-kinh-doanh-chuong-trinh-quan-tri-kinh-doanh,A00,Điểm học bạ,2025,24.0,Quản trị kinh doanh - Chương trình Quản trị kinh doanh (P - Bán phần tiếng Anh)
20548,DDQ,quan-tri-kinh-doanh-chuong-trinh-quan-tri-kinh-doanh,A01,Điểm học bạ,2025,24.0,Quản trị kinh doanh - Chương trình Quản trị kinh doanh (P - Bán phần tiếng Anh)
20549,DDQ,quan-tri-kinh-doanh-chuong-trinh-quan-tri-kinh-doanh,D01,Điểm học bạ,2025,24.0,Quản trị kinh doanh - Chương trình Quản trị kinh doanh (P - Bán phần tiếng Anh)
20550,DDQ,quan-tri-kinh-doanh-chuong-trinh-quan-tri-kinh-doanh,D07,Điểm học bạ,2025,24.0,Quản trị kinh doanh - Chương trình Quản trị kinh doanh (P - Bán phần tiếng Anh)
20551,DDQ,quan-tri-kinh-doanh-chuong-trinh-quan-tri-kinh-doanh,X25,Điểm học bạ,2025,24.0,Quản trị kinh doanh - Chương trình Quản trị kinh doanh (P - Bán phần tiếng Anh)
20552,DDQ,quan-tri-kinh-doanh-chuong-trinh-quan-tri-kinh-doanh,X26,Điểm học bạ,2025,24.0,Quản trị kinh doanh - Chương trình Quản trị kinh doanh (P - Bán phần tiếng Anh)
20553,DDQ,quan-tri-kinh-doanh-chuong-trinh-quan-tri-kinh-doanh,A00,Điểm thi THPT,2025,21.0,Quản trị kinh doanh - Chương trình Quản trị kinh doanh (S - Tiêu chuẩn)
20554,DDQ,quan-tri-kinh-doanh-chuong-trinh-quan-tri-kinh-doanh,A01,Điểm thi THPT,2025,21.0,Quản trị kinh doanh - Chương trình Quản trị kinh doanh (S - Tiêu chuẩn)
20555,DDQ,quan-tri-kinh-doanh-chuong-trinh-quan-tri-kinh-doanh,D01,Điểm thi THPT,2025,21.0,Quản trị kinh doanh - Chương trình Quản trị kinh doanh (S - Tiêu chuẩn)
20556,DDQ,quan-tri-kinh-doanh-chuong-trinh-quan-tri-kinh-doanh,D07,Điểm thi THPT,2025,21.0,Quản trị kinh doanh - Chương trình Quản trị kinh doanh (S - Tiêu chuẩn)
20557,DDQ,quan-tri-kinh-doanh-chuong-trinh-quan-tri-kinh-doanh,X25,Điểm thi THPT,2025,21.0,Quản trị kinh doanh - Chương trình Quản trị kinh doanh (S - Tiêu chuẩn)
20558,DDQ,quan-tri-kinh-doanh-chuong-trinh-quan-tri-kinh-doanh,X26,Điểm thi THPT,2025,21.0,Quản trị kinh doanh - Chương trình Quản trị kinh doanh (S - Tiêu chuẩn)
20559,DDQ,quan-tri-nhan-luc,A00,Điểm thi THPT,2021,26.0,Quản trị nhân lực
20560,DDQ,quan-tri-nhan-luc,A01,Điểm thi THPT,2021,26.0,Quản trị nhân lực
20561,DDQ,quan-tri-nhan-luc,D01,Điểm thi THPT,2021,26.0,Quản trị nhân lực
20562,DDQ,quan-tri-nhan-luc,D90,Điểm thi THPT,2021,26.0,Quản trị nhân lực
20563,DDQ,quan-tri-nhan-luc,A00,Điểm thi THPT,2022,24.75,Quản trị nhân lực
20564,DDQ,quan-tri-nhan-luc,A01,Điểm thi THPT,2022,24.75,Quản trị nhân lực
20565,DDQ,quan-tri-nhan-luc,D01,Điểm thi THPT,2022,24.75,Quản trị nhân lực
20566,DDQ,quan-tri-nhan-luc,D90,Điểm thi THPT,2022,24.75,Quản trị nhân lực
20567,DDQ,quan-tri-nhan-luc,A00,Điểm học bạ,2023,27.0,Quản trị nhân lực
20568,DDQ,quan-tri-nhan-luc,A01,Điểm học bạ,2023,27.0,Quản trị nhân lực
20569,DDQ,quan-tri-nhan-luc,D01,Điểm học bạ,2023,27.0,Quản trị nhân lực
20570,DDQ,quan-tri-nhan-luc,A00,Điểm thi THPT,2023,24.75,Quản trị nhân lực
20571,DDQ,quan-tri-nhan-luc,A01,Điểm thi THPT,2023,24.75,Quản trị nhân lực
20572,DDQ,quan-tri-nhan-luc,D01,Điểm thi THPT,2023,24.75,Quản trị nhân lực
20573,DDQ,quan-tri-nhan-luc,D90,Điểm thi THPT,2023,24.75,Quản trị nhân lực
20574,DDQ,quan-tri-nhan-luc,A00,Điểm học bạ,2024,27.0,Quản trị nhân lực
20575,DDQ,quan-tri-nhan-luc,A01,Điểm học bạ,2024,27.0,Quản trị nhân lực
20576,DDQ,quan-tri-nhan-luc,D01,Điểm học bạ,2024,27.0,Quản trị nhân lực
20577,DDQ,quan-tri-nhan-luc,A00,Điểm thi THPT,2024,26.0,Quản trị nhân lực
20578,DDQ,quan-tri-nhan-luc,A01,Điểm thi THPT,2024,26.0,Quản trị nhân lực
20579,DDQ,quan-tri-nhan-luc,D01,Điểm thi THPT,2024,26.0,Quản trị nhân lực
20580,DDQ,quan-tri-nhan-luc,D90,Điểm thi THPT,2024,26.0,Quản trị nhân lực
20581,DDQ,quan-tri-nhan-luc-chuong-trinh-quan-tri-nguon-nhan-luc,A00,Điểm học bạ,2025,23.5,Quản trị nhân lực - Chương trình Quản trị nguồn nhân lực (P - Bán phần tiếng Anh)
20582,DDQ,quan-tri-nhan-luc-chuong-trinh-quan-tri-nguon-nhan-luc,A01,Điểm học bạ,2025,23.5,Quản trị nhân lực - Chương trình Quản trị nguồn nhân lực (P - Bán phần tiếng Anh)
20583,DDQ,quan-tri-nhan-luc-chuong-trinh-quan-tri-nguon-nhan-luc,D01,Điểm học bạ,2025,23.5,Quản trị nhân lực - Chương trình Quản trị nguồn nhân lực (P - Bán phần tiếng Anh)
20584,DDQ,quan-tri-nhan-luc-chuong-trinh-quan-tri-nguon-nhan-luc,D07,Điểm học bạ,2025,23.5,Quản trị nhân lực - Chương trình Quản trị nguồn nhân lực (P - Bán phần tiếng Anh)
20585,DDQ,quan-tri-nhan-luc-chuong-trinh-quan-tri-nguon-nhan-luc,X25,Điểm học bạ,2025,23.5,Quản trị nhân lực - Chương trình Quản trị nguồn nhân lực (P - Bán phần tiếng Anh)
20586,DDQ,quan-tri-nhan-luc-chuong-trinh-quan-tri-nguon-nhan-luc,X26,Điểm học bạ,2025,23.5,Quản trị nhân lực - Chương trình Quản trị nguồn nhân lực (P - Bán phần tiếng Anh)
20587,DDQ,quan-tri-nhan-luc-chuong-trinh-quan-tri-nguon-nhan-luc,A00,Điểm thi THPT,2025,20.5,Quản trị nhân lực - Chương trình Quản trị nguồn nhân lực (S - Tiêu chuẩn)
20588,DDQ,quan-tri-nhan-luc-chuong-trinh-quan-tri-nguon-nhan-luc,A01,Điểm thi THPT,2025,20.5,Quản trị nhân lực - Chương trình Quản trị nguồn nhân lực (S - Tiêu chuẩn)
20589,DDQ,quan-tri-nhan-luc-chuong-trinh-quan-tri-nguon-nhan-luc,D01,Điểm thi THPT,2025,20.5,Quản trị nhân lực - Chương trình Quản trị nguồn nhân lực (S - Tiêu chuẩn)
20590,DDQ,quan-tri-nhan-luc-chuong-trinh-quan-tri-nguon-nhan-luc,D07,Điểm thi THPT,2025,20.5,Quản trị nhân lực - Chương trình Quản trị nguồn nhân lực (S - Tiêu chuẩn)
20591,DDQ,quan-tri-nhan-luc-chuong-trinh-quan-tri-nguon-nhan-luc,X25,Điểm thi THPT,2025,20.5,Quản trị nhân lực - Chương trình Quản trị nguồn nhân lực (S - Tiêu chuẩn)
20592,DDQ,quan-tri-nhan-luc-chuong-trinh-quan-tri-nguon-nhan-luc,X26,Điểm thi THPT,2025,20.5,Quản trị nhân lực - Chương trình Quản trị nguồn nhân lực (S - Tiêu chuẩn)
20593,DDQ,tai-chinh-ngan-hang,A00,Điểm thi THPT,2021,25.25,Tài chính - Ngân hàng
20594,DDQ,tai-chinh-ngan-hang,A01,Điểm thi THPT,2021,25.25,Tài chính - Ngân hàng
20595,DDQ,tai-chinh-ngan-hang,D01,Điểm thi THPT,2021,25.25,Tài chính - Ngân hàng
20596,DDQ,tai-chinh-ngan-hang,D90,Điểm thi THPT,2021,25.25,Tài chính - Ngân hàng
20597,DDQ,tai-chinh-ngan-hang,A00,Điểm thi THPT,2022,23.75,Tài chính - Ngân hàng
20598,DDQ,tai-chinh-ngan-hang,A01,Điểm thi THPT,2022,23.75,Tài chính - Ngân hàng
20599,DDQ,tai-chinh-ngan-hang,D01,Điểm thi THPT,2022,23.75,Tài chính - Ngân hàng
20600,DDQ,tai-chinh-ngan-hang,D90,Điểm thi THPT,2022,23.75,Tài chính - Ngân hàng
20601,DDQ,tai-chinh-ngan-hang,A00,Điểm học bạ,2023,26.75,Tài chính - Ngân hàng
20602,DDQ,tai-chinh-ngan-hang,A01,Điểm học bạ,2023,26.75,Tài chính - Ngân hàng
20603,DDQ,tai-chinh-ngan-hang,D01,Điểm học bạ,2023,26.75,Tài chính - Ngân hàng
20604,DDQ,tai-chinh-ngan-hang,A00,Điểm thi THPT,2023,24.0,Tài chính - Ngân hàng
20605,DDQ,tai-chinh-ngan-hang,A01,Điểm thi THPT,2023,24.0,Tài chính - Ngân hàng
20606,DDQ,tai-chinh-ngan-hang,D01,Điểm thi THPT,2023,24.0,Tài chính - Ngân hàng
20607,DDQ,tai-chinh-ngan-hang,D90,Điểm thi THPT,2023,24.0,Tài chính - Ngân hàng
20608,DDQ,tai-chinh-ngan-hang,A00,Điểm học bạ,2024,26.75,Tài chính - Ngân hàng
20609,DDQ,tai-chinh-ngan-hang,A01,Điểm học bạ,2024,26.75,Tài chính - Ngân hàng
20610,DDQ,tai-chinh-ngan-hang,D01,Điểm học bạ,2024,26.75,Tài chính - Ngân hàng
20611,DDQ,tai-chinh-ngan-hang,A00,Điểm thi THPT,2024,25.0,Tài chính ngân hàng
20612,DDQ,tai-chinh-ngan-hang,A01,Điểm thi THPT,2024,25.0,Tài chính ngân hàng
20613,DDQ,tai-chinh-ngan-hang,D01,Điểm thi THPT,2024,25.0,Tài chính ngân hàng
20614,DDQ,tai-chinh-ngan-hang,D90,Điểm thi THPT,2024,25.0,Tài chính ngân hàng
20615,DDQ,tai-chinh-ngan-hang-chuong-trinh-tai-chinh-ngan-hang,A00,Điểm học bạ,2025,23.0,Tài chính - Ngân hàng - Chương trình Tài chính - Ngân hàng (P - Bán phần tiếng Anh)
20616,DDQ,tai-chinh-ngan-hang-chuong-trinh-tai-chinh-ngan-hang,A01,Điểm học bạ,2025,23.0,Tài chính - Ngân hàng - Chương trình Tài chính - Ngân hàng (P - Bán phần tiếng Anh)
20617,DDQ,tai-chinh-ngan-hang-chuong-trinh-tai-chinh-ngan-hang,D01,Điểm học bạ,2025,23.0,Tài chính - Ngân hàng - Chương trình Tài chính - Ngân hàng (P - Bán phần tiếng Anh)
20618,DDQ,tai-chinh-ngan-hang-chuong-trinh-tai-chinh-ngan-hang,D07,Điểm học bạ,2025,23.0,Tài chính - Ngân hàng - Chương trình Tài chính - Ngân hàng (P - Bán phần tiếng Anh)
20619,DDQ,tai-chinh-ngan-hang-chuong-trinh-tai-chinh-ngan-hang,X25,Điểm học bạ,2025,23.0,Tài chính - Ngân hàng - Chương trình Tài chính - Ngân hàng (P - Bán phần tiếng Anh)
20620,DDQ,tai-chinh-ngan-hang-chuong-trinh-tai-chinh-ngan-hang,X26,Điểm học bạ,2025,23.0,Tài chính - Ngân hàng - Chương trình Tài chính - Ngân hàng (P - Bán phần tiếng Anh)
20621,DDQ,tai-chinh-ngan-hang-chuong-trinh-tai-chinh-ngan-hang,A00,Điểm thi THPT,2025,20.25,Tài chính - Ngân hàng - Chương trình Tài chính - Ngân hàng (S - Tiêu chuẩn)
20622,DDQ,tai-chinh-ngan-hang-chuong-trinh-tai-chinh-ngan-hang,A01,Điểm thi THPT,2025,20.25,Tài chính - Ngân hàng - Chương trình Tài chính - Ngân hàng (S - Tiêu chuẩn)
20623,DDQ,tai-chinh-ngan-hang-chuong-trinh-tai-chinh-ngan-hang,D01,Điểm thi THPT,2025,20.25,Tài chính - Ngân hàng - Chương trình Tài chính - Ngân hàng (S - Tiêu chuẩn)
20624,DDQ,tai-chinh-ngan-hang-chuong-trinh-tai-chinh-ngan-hang,D07,Điểm thi THPT,2025,20.25,Tài chính - Ngân hàng - Chương trình Tài chính - Ngân hàng (S - Tiêu chuẩn)
20625,DDQ,tai-chinh-ngan-hang-chuong-trinh-tai-chinh-ngan-hang,X25,Điểm thi THPT,2025,20.25,Tài chính - Ngân hàng - Chương trình Tài chính - Ngân hàng (S - Tiêu chuẩn)
20626,DDQ,tai-chinh-ngan-hang-chuong-trinh-tai-chinh-ngan-hang,X26,Điểm thi THPT,2025,20.25,Tài chính - Ngân hàng - Chương trình Tài chính - Ngân hàng (S - Tiêu chuẩn)
20627,DDQ,thong-ke-kinh-te,A00,Điểm thi THPT,2021,24.75,Thống kê kinh tế
20628,DDQ,thong-ke-kinh-te,A01,Điểm thi THPT,2021,24.75,Thống kê kinh tế
20629,DDQ,thong-ke-kinh-te,D01,Điểm thi THPT,2021,24.75,Thống kê kinh tế
20630,DDQ,thong-ke-kinh-te,D90,Điểm thi THPT,2021,24.75,Thống kê kinh tế
20631,DDQ,thong-ke-kinh-te,A00,Điểm thi THPT,2022,23.25,Thống kê kinh tế
20632,DDQ,thong-ke-kinh-te,A01,Điểm thi THPT,2022,23.25,Thống kê kinh tế
20633,DDQ,thong-ke-kinh-te,D01,Điểm thi THPT,2022,23.25,Thống kê kinh tế
20634,DDQ,thong-ke-kinh-te,D90,Điểm thi THPT,2022,23.25,Thống kê kinh tế
20635,DDQ,thong-ke-kinh-te,A00,Điểm học bạ,2023,26.0,Thống kê kinh tế
20636,DDQ,thong-ke-kinh-te,A01,Điểm học bạ,2023,26.0,Thống kê kinh tế
20637,DDQ,thong-ke-kinh-te,D01,Điểm học bạ,2023,26.0,Thống kê kinh tế
20638,DDQ,thong-ke-kinh-te,A00,Điểm thi THPT,2023,23.5,Thông kê kinh tế
20639,DDQ,thong-ke-kinh-te,A01,Điểm thi THPT,2023,23.5,Thông kê kinh tế
20640,DDQ,thong-ke-kinh-te,D01,Điểm thi THPT,2023,23.5,Thông kê kinh tế
20641,DDQ,thong-ke-kinh-te,D90,Điểm thi THPT,2023,23.5,Thông kê kinh tế
20642,DDQ,thong-ke-kinh-te,A00,Điểm học bạ,2024,26.0,Thống kê kinh tế
20643,DDQ,thong-ke-kinh-te,A01,Điểm học bạ,2024,26.0,Thống kê kinh tế
20644,DDQ,thong-ke-kinh-te,D01,Điểm học bạ,2024,26.0,Thống kê kinh tế
20645,DDQ,thong-ke-kinh-te,A00,Điểm thi THPT,2024,24.25,Thống kê kinh tế
20646,DDQ,thong-ke-kinh-te,A01,Điểm thi THPT,2024,24.25,Thống kê kinh tế
20647,DDQ,thong-ke-kinh-te,D01,Điểm thi THPT,2024,24.25,Thống kê kinh tế
20648,DDQ,thong-ke-kinh-te,D90,Điểm thi THPT,2024,24.25,Thống kê kinh tế
20649,DDQ,thong-ke-kinh-te-chuong-trinh-thong-ke-kinh-te,A00,Điểm thi THPT,2025,20.0,Thống kê kinh tế - Chương trình Thống kê kinh tế (S - Tiêu chuẩn)
20650,DDQ,thong-ke-kinh-te-chuong-trinh-thong-ke-kinh-te,A01,Điểm thi THPT,2025,20.0,Thống kê kinh tế - Chương trình Thống kê kinh tế (S - Tiêu chuẩn)
20651,DDQ,thong-ke-kinh-te-chuong-trinh-thong-ke-kinh-te,D01,Điểm thi THPT,2025,20.0,Thống kê kinh tế - Chương trình Thống kê kinh tế (S - Tiêu chuẩn)
20652,DDQ,thong-ke-kinh-te-chuong-trinh-thong-ke-kinh-te,D07,Điểm thi THPT,2025,20.0,Thống kê kinh tế - Chương trình Thống kê kinh tế (S - Tiêu chuẩn)
20653,DDQ,thong-ke-kinh-te-chuong-trinh-thong-ke-kinh-te,X25,Điểm thi THPT,2025,20.0,Thống kê kinh tế - Chương trình Thống kê kinh tế (S - Tiêu chuẩn)
20654,DDQ,thong-ke-kinh-te-chuong-trinh-thong-ke-kinh-te,X26,Điểm thi THPT,2025,20.0,Thống kê kinh tế - Chương trình Thống kê kinh tế (S - Tiêu chuẩn)
20655,DDQ,thuong-mai-dien-tu,A00,Điểm thi THPT,2021,26.5,Thương mại điện tử
20656,DDQ,thuong-mai-dien-tu,A01,Điểm thi THPT,2021,26.5,Thương mại điện tử
20657,DDQ,thuong-mai-dien-tu,D01,Điểm thi THPT,2021,26.5,Thương mại điện tử
20658,DDQ,thuong-mai-dien-tu,D90,Điểm thi THPT,2021,26.5,Thương mại điện tử
20659,DDQ,thuong-mai-dien-tu,A00,Điểm thi THPT,2022,26.0,Thương mại điện tử
20660,DDQ,thuong-mai-dien-tu,A01,Điểm thi THPT,2022,26.0,Thương mại điện tử
20661,DDQ,thuong-mai-dien-tu,D01,Điểm thi THPT,2022,26.0,Thương mại điện tử
20662,DDQ,thuong-mai-dien-tu,D90,Điểm thi THPT,2022,26.0,Thương mại điện tử
20663,DDQ,thuong-mai-dien-tu,A00,Điểm học bạ,2023,27.75,Thương mại điện tử
20664,DDQ,thuong-mai-dien-tu,A01,Điểm học bạ,2023,27.75,Thương mại điện tử
20665,DDQ,thuong-mai-dien-tu,D01,Điểm học bạ,2023,27.75,Thương mại điện tử
20666,DDQ,thuong-mai-dien-tu,A00,Điểm thi THPT,2023,26.5,Thương mại điện tử
20667,DDQ,thuong-mai-dien-tu,A01,Điểm thi THPT,2023,26.5,Thương mại điện tử
20668,DDQ,thuong-mai-dien-tu,D01,Điểm thi THPT,2023,26.5,Thương mại điện tử
20669,DDQ,thuong-mai-dien-tu,D90,Điểm thi THPT,2023,26.5,Thương mại điện tử
20670,DDQ,thuong-mai-dien-tu,A00,Điểm học bạ,2024,28.0,Thương mại điện tử
20671,DDQ,thuong-mai-dien-tu,A01,Điểm học bạ,2024,28.0,Thương mại điện tử
20672,DDQ,thuong-mai-dien-tu,D01,Điểm học bạ,2024,28.0,Thương mại điện tử
20673,DDQ,thuong-mai-dien-tu,A00,Điểm thi THPT,2024,26.0,Thương mại điện tử
20674,DDQ,thuong-mai-dien-tu,A01,Điểm thi THPT,2024,26.0,Thương mại điện tử
20675,DDQ,thuong-mai-dien-tu,D01,Điểm thi THPT,2024,26.0,Thương mại điện tử
20676,DDQ,thuong-mai-dien-tu,D90,Điểm thi THPT,2024,26.0,Thương mại điện tử
20677,DDQ,thuong-mai-dien-tu-chuong-trinh-thuong-mai-dien-tu,A00,Điểm học bạ,2025,26.0,Thương mại điện tử - Chương trình Thương mại điện tử (E - Toàn phần tiếng Anh)
20678,DDQ,thuong-mai-dien-tu-chuong-trinh-thuong-mai-dien-tu,A01,Điểm học bạ,2025,26.0,Thương mại điện tử - Chương trình Thương mại điện tử (E - Toàn phần tiếng Anh)
20679,DDQ,thuong-mai-dien-tu-chuong-trinh-thuong-mai-dien-tu,D01,Điểm học bạ,2025,26.0,Thương mại điện tử - Chương trình Thương mại điện tử (E - Toàn phần tiếng Anh)
20680,DDQ,thuong-mai-dien-tu-chuong-trinh-thuong-mai-dien-tu,D07,Điểm học bạ,2025,26.0,Thương mại điện tử - Chương trình Thương mại điện tử (E - Toàn phần tiếng Anh)
20681,DDQ,thuong-mai-dien-tu-chuong-trinh-thuong-mai-dien-tu,X25,Điểm học bạ,2025,26.0,Thương mại điện tử - Chương trình Thương mại điện tử (E - Toàn phần tiếng Anh)
20682,DDQ,thuong-mai-dien-tu-chuong-trinh-thuong-mai-dien-tu,X26,Điểm học bạ,2025,26.0,Thương mại điện tử - Chương trình Thương mại điện tử (E - Toàn phần tiếng Anh)
20683,DDQ,thuong-mai-dien-tu-chuong-trinh-thuong-mai-dien-tu,A00,Điểm thi THPT,2025,22.0,Thương mại điện tử - Chương trình Thương mại điện tử (S - Tiêu chuẩn)
20684,DDQ,thuong-mai-dien-tu-chuong-trinh-thuong-mai-dien-tu,A01,Điểm thi THPT,2025,22.0,Thương mại điện tử - Chương trình Thương mại điện tử (S - Tiêu chuẩn)
20685,DDQ,thuong-mai-dien-tu-chuong-trinh-thuong-mai-dien-tu,D01,Điểm thi THPT,2025,22.0,Thương mại điện tử - Chương trình Thương mại điện tử (S - Tiêu chuẩn)
20686,DDQ,thuong-mai-dien-tu-chuong-trinh-thuong-mai-dien-tu,D07,Điểm thi THPT,2025,22.0,Thương mại điện tử - Chương trình Thương mại điện tử (S - Tiêu chuẩn)
20687,DDQ,thuong-mai-dien-tu-chuong-trinh-thuong-mai-dien-tu,X25,Điểm thi THPT,2025,22.0,Thương mại điện tử - Chương trình Thương mại điện tử (S - Tiêu chuẩn)
20688,DDQ,thuong-mai-dien-tu-chuong-trinh-thuong-mai-dien-tu,X26,Điểm thi THPT,2025,22.0,Thương mại điện tử - Chương trình Thương mại điện tử (S - Tiêu chuẩn)
20689,DDS,bao-chi,C00,Điểm học bạ,2021,24.0,Báo chí
20690,DDS,bao-chi,C14,Điểm học bạ,2021,24.0,Báo chí
20691,DDS,bao-chi,D15,Điểm học bạ,2021,24.0,Báo chí
20692,DDS,bao-chi,D66,Điểm học bạ,2021,24.0,Báo chí
20693,DDS,bao-chi,C00,Điểm thi THPT,2021,22.5,Báo chí
20694,DDS,bao-chi,C14,Điểm thi THPT,2021,22.5,Báo chí
20695,DDS,bao-chi,D15,Điểm thi THPT,2021,22.5,Báo chí
20696,DDS,bao-chi,D66,Điểm thi THPT,2021,22.5,Báo chí
20697,DDS,bao-chi,C00,Điểm thi THPT,2022,24.15,Báo chí
20698,DDS,bao-chi,C14,Điểm thi THPT,2022,24.15,Báo chí
20699,DDS,bao-chi,D15,Điểm thi THPT,2022,24.15,Báo chí
20700,DDS,bao-chi,D66,Điểm thi THPT,2022,24.15,Báo chí
20701,DDS,bao-chi,C00,Điểm học bạ,2023,26.5,Báo chí
20702,DDS,bao-chi,C14,Điểm học bạ,2023,26.5,Báo chí
20703,DDS,bao-chi,D15,Điểm học bạ,2023,26.5,Báo chí
20704,DDS,bao-chi,D66,Điểm học bạ,2023,26.5,Báo chí
20705,DDS,bao-chi,C00,Điểm thi THPT,2023,24.77,Báo chí
20706,DDS,bao-chi,C14,Điểm thi THPT,2023,24.77,Báo chí
20707,DDS,bao-chi,D15,Điểm thi THPT,2023,24.77,Báo chí
20708,DDS,bao-chi,D66,Điểm thi THPT,2023,24.77,Báo chí
20709,DDS,bao-chi,C00,Điểm học bạ,2024,26.9,Báo chí
20710,DDS,bao-chi,C14,Điểm học bạ,2024,26.9,Báo chí
20711,DDS,bao-chi,D01,Điểm học bạ,2024,26.9,Báo chí
20712,DDS,bao-chi,D66,Điểm học bạ,2024,26.9,Báo chí
20713,DDS,bao-chi,C00,Điểm thi THPT,2024,25.8,Báo chí
20714,DDS,bao-chi,C14,Điểm thi THPT,2024,25.8,Báo chí
20715,DDS,bao-chi,D01,Điểm thi THPT,2024,25.8,Báo chí
20716,DDS,bao-chi,D66,Điểm thi THPT,2024,25.8,Báo chí
20717,DDS,bao-chi,C00,Điểm học bạ,2025,26.33,Báo chí
20718,DDS,bao-chi,C03,Điểm học bạ,2025,26.33,Báo chí
20719,DDS,bao-chi,D14,Điểm học bạ,2025,26.33,Báo chí
20720,DDS,bao-chi,C00,Điểm thi THPT,2025,27.16,Báo chí
20721,DDS,bao-chi,C03,Điểm thi THPT,2025,27.16,Báo chí
20722,DDS,bao-chi,D14,Điểm thi THPT,2025,27.16,Báo chí
20723,DDS,cong-nghe-sinh-hoc,A00,Điểm học bạ,2021,15.0,Công nghệ Sinh học
20724,DDS,cong-nghe-sinh-hoc,B00,Điểm học bạ,2021,15.0,Công nghệ Sinh học
20725,DDS,cong-nghe-sinh-hoc,D08,Điểm học bạ,2021,15.0,Công nghệ Sinh học
20726,DDS,cong-nghe-sinh-hoc,A00,Điểm thi THPT,2021,16.15,Công nghệ Sinh học
20727,DDS,cong-nghe-sinh-hoc,B00,Điểm thi THPT,2021,16.15,Công nghệ Sinh học
20728,DDS,cong-nghe-sinh-hoc,D08,Điểm thi THPT,2021,16.15,Công nghệ Sinh học
20729,DDS,cong-nghe-sinh-hoc,A01,Điểm thi THPT,2022,16.85,Công nghệ sinh học
20730,DDS,cong-nghe-sinh-hoc,B00,Điểm thi THPT,2022,16.85,Công nghệ sinh học
20731,DDS,cong-nghe-sinh-hoc,B03,Điểm thi THPT,2022,16.85,Công nghệ sinh học
20732,DDS,cong-nghe-sinh-hoc,B08,Điểm thi THPT,2022,16.85,Công nghệ sinh học
20733,DDS,cong-nghe-sinh-hoc,A01,Điểm học bạ,2023,22.0,Công nghệ sinh học
20734,DDS,cong-nghe-sinh-hoc,B00,Điểm học bạ,2023,22.0,Công nghệ sinh học
20735,DDS,cong-nghe-sinh-hoc,B03,Điểm học bạ,2023,22.0,Công nghệ sinh học
20736,DDS,cong-nghe-sinh-hoc,B08,Điểm học bạ,2023,22.0,Công nghệ sinh học
20737,DDS,cong-nghe-sinh-hoc,A01,Điểm thi THPT,2023,16.85,Công nghệ Sinh học
20738,DDS,cong-nghe-sinh-hoc,B00,Điểm thi THPT,2023,16.85,Công nghệ Sinh học
20739,DDS,cong-nghe-sinh-hoc,B03,Điểm thi THPT,2023,16.85,Công nghệ Sinh học
20740,DDS,cong-nghe-sinh-hoc,B08,Điểm thi THPT,2023,16.85,Công nghệ Sinh học
20741,DDS,cong-nghe-sinh-hoc,B00,Điểm học bạ,2024,24.0,Công nghệ Sinh học
20742,DDS,cong-nghe-sinh-hoc,B03,Điểm học bạ,2024,24.0,Công nghệ Sinh học
20743,DDS,cong-nghe-sinh-hoc,B08,Điểm học bạ,2024,24.0,Công nghệ Sinh học
20744,DDS,cong-nghe-sinh-hoc,D07,Điểm học bạ,2024,24.0,Công nghệ Sinh học
20745,DDS,cong-nghe-sinh-hoc,B00,Điểm thi THPT,2024,19.0,Công nghệ Sinh học
20746,DDS,cong-nghe-sinh-hoc,B03,Điểm thi THPT,2024,19.0,Công nghệ Sinh học
20747,DDS,cong-nghe-sinh-hoc,B08,Điểm thi THPT,2024,19.0,Công nghệ Sinh học
20748,DDS,cong-nghe-sinh-hoc,D07,Điểm thi THPT,2024,19.0,Công nghệ Sinh học
20749,DDS,cong-nghe-sinh-hoc,A02,Điểm học bạ,2025,24.23,Công nghệ Sinh học
20750,DDS,cong-nghe-sinh-hoc,B00,Điểm học bạ,2025,24.23,Công nghệ Sinh học
20751,DDS,cong-nghe-sinh-hoc,B03,Điểm học bạ,2025,24.23,Công nghệ Sinh học
20752,DDS,cong-nghe-sinh-hoc,B08,Điểm học bạ,2025,24.23,Công nghệ Sinh học
20753,DDS,cong-nghe-sinh-hoc,X14,Điểm học bạ,2025,24.23,Công nghệ Sinh học
20754,DDS,cong-nghe-sinh-hoc,A02,Điểm thi THPT,2025,16.71,Công nghệ sinh học
20755,DDS,cong-nghe-sinh-hoc,B00,Điểm thi THPT,2025,16.71,Công nghệ sinh học
20756,DDS,cong-nghe-sinh-hoc,B03,Điểm thi THPT,2025,16.71,Công nghệ sinh học
20757,DDS,cong-nghe-sinh-hoc,B08,Điểm thi THPT,2025,16.71,Công nghệ sinh học
20758,DDS,cong-nghe-sinh-hoc,X14,Điểm thi THPT,2025,16.71,Công nghệ sinh học
20759,DDS,cong-nghe-thong-tin,A00,Điểm học bạ,2021,15.0,Công nghệ thông tin
20760,DDS,cong-nghe-thong-tin,A01,Điểm học bạ,2021,15.0,Công nghệ thông tin
20761,DDS,cong-nghe-thong-tin,A00,Điểm thi THPT,2021,15.15,Công nghệ thông tin
20762,DDS,cong-nghe-thong-tin,A01,Điểm thi THPT,2021,15.15,Công nghệ thông tin
20763,DDS,cong-nghe-thong-tin,A00,Điểm thi THPT,2022,22.3,Công nghệ thông tin
20764,DDS,cong-nghe-thong-tin,A01,Điểm thi THPT,2022,22.3,Công nghệ thông tin
20765,DDS,cong-nghe-thong-tin,A00,Điểm học bạ,2023,23.0,Công nghệ thông tin
20766,DDS,cong-nghe-thong-tin,A01,Điểm học bạ,2023,23.0,Công nghệ thông tin
20767,DDS,cong-nghe-thong-tin,A00,Điểm thi THPT,2023,21.15,Công nghệ thông tin
20768,DDS,cong-nghe-thong-tin,A01,Điểm thi THPT,2023,21.15,Công nghệ thông tin
20769,DDS,cong-nghe-thong-tin,A00,Điểm học bạ,2024,23.0,Công nghệ thông tin
20770,DDS,cong-nghe-thong-tin,A01,Điểm học bạ,2024,23.0,Công nghệ thông tin
20771,DDS,cong-nghe-thong-tin,A00,Điểm thi THPT,2024,21.35,Công nghệ thông tin
20772,DDS,cong-nghe-thong-tin,A01,Điểm thi THPT,2024,21.35,Công nghệ thông tin
20773,DDS,cong-nghe-thong-tin,A00,Điểm học bạ,2025,23.63,Công nghệ thông tin
20774,DDS,cong-nghe-thong-tin,A01,Điểm học bạ,2025,23.63,Công nghệ thông tin
20775,DDS,cong-nghe-thong-tin,X06,Điểm học bạ,2025,23.63,Công nghệ thông tin
20776,DDS,cong-nghe-thong-tin,A00,Điểm thi THPT,2025,17.5,Công nghệ thông tin
20777,DDS,cong-nghe-thong-tin,A01,Điểm thi THPT,2025,17.5,Công nghệ thông tin
20778,DDS,cong-nghe-thong-tin,X06,Điểm thi THPT,2025,17.5,Công nghệ thông tin
20779,DDS,cong-tac-xa-hoi,C00,Điểm học bạ,2021,15.0,Công tác xã hội
20780,DDS,cong-tac-xa-hoi,D01,Điểm học bạ,2021,15.0,Công tác xã hội
20781,DDS,cong-tac-xa-hoi,C00,Điểm thi THPT,2021,15.25,Công tác xã hội
20782,DDS,cong-tac-xa-hoi,D01,Điểm thi THPT,2021,15.25,Công tác xã hội
20783,DDS,cong-tac-xa-hoi,C00,Điểm thi THPT,2022,20.75,Công tác xã hội
20784,DDS,cong-tac-xa-hoi,C19,Điểm thi THPT,2022,20.75,Công tác xã hội
20785,DDS,cong-tac-xa-hoi,C20,Điểm thi THPT,2022,20.75,Công tác xã hội
20786,DDS,cong-tac-xa-hoi,D01,Điểm thi THPT,2022,20.75,Công tác xã hội
20787,DDS,cong-tac-xa-hoi,C00,Điểm học bạ,2023,23.5,Công tác xã hội
20788,DDS,cong-tac-xa-hoi,C19,Điểm học bạ,2023,23.5,Công tác xã hội
20789,DDS,cong-tac-xa-hoi,C20,Điểm học bạ,2023,23.5,Công tác xã hội
20790,DDS,cong-tac-xa-hoi,D01,Điểm học bạ,2023,23.5,Công tác xã hội
20791,DDS,cong-tac-xa-hoi,C00,Điểm thi THPT,2023,21.75,Công tác xã hội
20792,DDS,cong-tac-xa-hoi,C19,Điểm thi THPT,2023,21.75,Công tác xã hội
20793,DDS,cong-tac-xa-hoi,C20,Điểm thi THPT,2023,21.75,Công tác xã hội
20794,DDS,cong-tac-xa-hoi,D01,Điểm thi THPT,2023,21.75,Công tác xã hội
20795,DDS,cong-tac-xa-hoi,C00,Điểm học bạ,2024,24.75,Công tác xã hội
20796,DDS,cong-tac-xa-hoi,C19,Điểm học bạ,2024,24.75,Công tác xã hội
20797,DDS,cong-tac-xa-hoi,C20,Điểm học bạ,2024,24.75,Công tác xã hội
20798,DDS,cong-tac-xa-hoi,D01,Điểm học bạ,2024,24.75,Công tác xã hội
20799,DDS,cong-tac-xa-hoi,C00,Điểm thi THPT,2024,24.68,Công tác xã hội
20800,DDS,cong-tac-xa-hoi,C19,Điểm thi THPT,2024,24.68,Công tác xã hội
20801,DDS,cong-tac-xa-hoi,C20,Điểm thi THPT,2024,24.68,Công tác xã hội
20802,DDS,cong-tac-xa-hoi,D01,Điểm thi THPT,2024,24.68,Công tác xã hội
20803,DDS,cong-tac-xa-hoi,B03,Điểm học bạ,2025,26.63,Công tác xã hội
20804,DDS,cong-tac-xa-hoi,C02,Điểm học bạ,2025,26.63,Công tác xã hội
20805,DDS,cong-tac-xa-hoi,C03,Điểm học bạ,2025,26.63,Công tác xã hội
20806,DDS,cong-tac-xa-hoi,C04,Điểm học bạ,2025,26.63,Công tác xã hội
20807,DDS,cong-tac-xa-hoi,C14,Điểm học bạ,2025,26.63,Công tác xã hội
20808,DDS,cong-tac-xa-hoi,D01,Điểm học bạ,2025,26.63,Công tác xã hội
20809,DDS,cong-tac-xa-hoi,X01,Điểm học bạ,2025,26.63,Công tác xã hội
20810,DDS,cong-tac-xa-hoi,B03,Điểm thi THPT,2025,21.35,Công tác xã hội
20811,DDS,cong-tac-xa-hoi,C02,Điểm thi THPT,2025,21.35,Công tác xã hội
20812,DDS,cong-tac-xa-hoi,C03,Điểm thi THPT,2025,21.35,Công tác xã hội
20813,DDS,cong-tac-xa-hoi,C04,Điểm thi THPT,2025,21.35,Công tác xã hội
20814,DDS,cong-tac-xa-hoi,C14,Điểm thi THPT,2025,21.35,Công tác xã hội
20815,DDS,cong-tac-xa-hoi,D01,Điểm thi THPT,2025,21.35,Công tác xã hội
20816,DDS,cong-tac-xa-hoi,X01,Điểm thi THPT,2025,21.35,Công tác xã hội
20817,DDS,dia-ly-du-lich,C00,Điểm học bạ,2021,15.0,Địa lý học (Chuyên ngành Địa lý du lịch)
20818,DDS,dia-ly-du-lich,D15,Điểm học bạ,2021,15.0,Địa lý học (Chuyên ngành Địa lý du lịch)
20819,DDS,dia-ly-du-lich,C00,Điểm thi THPT,2021,15.0,Địa lý học (Chuyên ngành Địa lý du lịch)
20820,DDS,dia-ly-du-lich,D15,Điểm thi THPT,2021,15.0,Địa lý học (Chuyên ngành Địa lý du lịch)
20821,DDS,dia-ly-du-lich,C00,Điểm học bạ,2023,23.5,Địa lý học (chuyên ngành Địa lý du lịch)
20822,DDS,dia-ly-du-lich,D15,Điểm học bạ,2023,23.5,Địa lý học (chuyên ngành Địa lý du lịch)
20823,DDS,dia-ly-du-lich,C00,Điểm thi THPT,2023,19.5,Địa lý học (chuyên ngành Địa lý du lịch)
20824,DDS,dia-ly-du-lich,D15,Điểm thi THPT,2023,19.5,Địa lý học (chuyên ngành Địa lý du lịch)
20825,DDS,dia-ly-du-lich,C00,Điểm học bạ,2024,24.25,Địa lý học (chuyên ngành Địa lý du lịch)
20826,DDS,dia-ly-du-lich,D15,Điểm học bạ,2024,24.25,Địa lý học (chuyên ngành Địa lý du lịch)
20827,DDS,dia-ly-du-lich,C00,Điểm thi THPT,2024,24.25,Địa lý học (chuyên ngành Địa lý du lịch)
20828,DDS,dia-ly-du-lich,D15,Điểm thi THPT,2024,24.25,Địa lý học (chuyên ngành Địa lý du lịch)
20829,DDS,dia-ly-du-lich,C00,Điểm học bạ,2025,26.08,Địa lý học (chuyên ngành Địa lý du lịch)
20830,DDS,dia-ly-du-lich,C04,Điểm học bạ,2025,26.08,Địa lý học (chuyên ngành Địa lý du lịch)
20831,DDS,dia-ly-du-lich,C20,Điểm học bạ,2025,26.08,Địa lý học (chuyên ngành Địa lý du lịch)
20832,DDS,dia-ly-du-lich,X74,Điểm học bạ,2025,26.08,Địa lý học (chuyên ngành Địa lý du lịch)
20833,DDS,dia-ly-du-lich,C00,Điểm thi THPT,2025,26.98,Địa lý học (chuyên ngành Địa lý du lịch)
20834,DDS,dia-ly-du-lich,C04,Điểm thi THPT,2025,26.98,Địa lý học (chuyên ngành Địa lý du lịch)
20835,DDS,dia-ly-du-lich,C20,Điểm thi THPT,2025,26.98,Địa lý học (chuyên ngành Địa lý du lịch)
20836,DDS,dia-ly-du-lich,X74,Điểm thi THPT,2025,26.98,Địa lý học (chuyên ngành Địa lý du lịch)
20837,DDS,dia-ly-hoc,C00,Điểm thi THPT,2022,20.5,Địa lý học (Địa lý du lịch)
20838,DDS,dia-ly-hoc,D15,Điểm thi THPT,2022,20.5,Địa lý học (Địa lý du lịch)
20839,DDS,giao-duc-chinh-tri,C00,Điểm học bạ,2021,18.0,Giáo dục Chính trị
20840,DDS,giao-duc-chinh-tri,C19,Điểm học bạ,2021,18.0,Giáo dục Chính trị
20841,DDS,giao-duc-chinh-tri,C20,Điểm học bạ,2021,18.0,Giáo dục Chính trị
20842,DDS,giao-duc-chinh-tri,D66,Điểm học bạ,2021,18.0,Giáo dục Chính trị
20843,DDS,giao-duc-chinh-tri,C00,Điểm thi THPT,2021,23.5,Giáo dục Chính trị
20844,DDS,giao-duc-chinh-tri,C19,Điểm thi THPT,2021,23.5,Giáo dục Chính trị
20845,DDS,giao-duc-chinh-tri,C20,Điểm thi THPT,2021,23.5,Giáo dục Chính trị
20846,DDS,giao-duc-chinh-tri,D66,Điểm thi THPT,2021,23.5,Giáo dục Chính trị
20847,DDS,giao-duc-chinh-tri,C00,Điểm thi THPT,2022,23.0,Giáo dục Chính trị
20848,DDS,giao-duc-chinh-tri,C19,Điểm thi THPT,2022,23.0,Giáo dục Chính trị
20849,DDS,giao-duc-chinh-tri,C20,Điểm thi THPT,2022,23.0,Giáo dục Chính trị
20850,DDS,giao-duc-chinh-tri,D66,Điểm thi THPT,2022,23.0,Giáo dục Chính trị
20851,DDS,giao-duc-chinh-tri,C00,Điểm học bạ,2023,23.0,Giáo dục Chính trị
20852,DDS,giao-duc-chinh-tri,C19,Điểm học bạ,2023,23.0,Giáo dục Chính trị
20853,DDS,giao-duc-chinh-tri,C20,Điểm học bạ,2023,23.0,Giáo dục Chính trị
20854,DDS,giao-duc-chinh-tri,D66,Điểm học bạ,2023,23.0,Giáo dục Chính trị
20855,DDS,giao-duc-chinh-tri,C00,Điểm thi THPT,2023,25.8,Giáo dục Chính trị
20856,DDS,giao-duc-chinh-tri,C02,Điểm thi THPT,2023,25.8,Giáo dục Chính trị
20857,DDS,giao-duc-chinh-tri,C19,Điểm thi THPT,2023,25.8,Giáo dục Chính trị
20858,DDS,giao-duc-chinh-tri,D66,Điểm thi THPT,2023,25.8,Giáo dục Chính trị
20859,DDS,giao-duc-chinh-tri,C00,Điểm học bạ,2024,26.25,Giáo dục Chính trị
20860,DDS,giao-duc-chinh-tri,C19,Điểm học bạ,2024,26.25,Giáo dục Chính trị
20861,DDS,giao-duc-chinh-tri,C20,Điểm học bạ,2024,26.25,Giáo dục Chính trị
20862,DDS,giao-duc-chinh-tri,D66,Điểm học bạ,2024,26.25,Giáo dục Chính trị
20863,DDS,giao-duc-chinh-tri,C00,Điểm thi THPT,2024,27.2,Giáo dục Chính trị
20864,DDS,giao-duc-chinh-tri,C19,Điểm thi THPT,2024,27.2,Giáo dục Chính trị
20865,DDS,giao-duc-chinh-tri,C20,Điểm thi THPT,2024,27.2,Giáo dục Chính trị
20866,DDS,giao-duc-chinh-tri,D66,Điểm thi THPT,2024,27.2,Giáo dục Chính trị
20867,DDS,giao-duc-chinh-tri,C00,Điểm học bạ,2025,27.77,Giáo dục Chính trị
20868,DDS,giao-duc-chinh-tri,C03,Điểm học bạ,2025,27.77,Giáo dục Chính trị
20869,DDS,giao-duc-chinh-tri,C19,Điểm học bạ,2025,27.77,Giáo dục Chính trị
20870,DDS,giao-duc-chinh-tri,X70,Điểm học bạ,2025,27.77,Giáo dục Chính trị
20871,DDS,giao-duc-chinh-tri,C00,Điểm thi THPT,2025,28.33,Giáo dục Chính trị
20872,DDS,giao-duc-chinh-tri,C03,Điểm thi THPT,2025,28.33,Giáo dục Chính trị
20873,DDS,giao-duc-chinh-tri,C19,Điểm thi THPT,2025,28.33,Giáo dục Chính trị
20874,DDS,giao-duc-chinh-tri,X70,Điểm thi THPT,2025,28.33,Giáo dục Chính trị
20875,DDS,giao-duc-cong-dan,C00,Điểm học bạ,2021,18.0,Giáo dục Công dân
20876,DDS,giao-duc-cong-dan,C19,Điểm học bạ,2021,18.0,Giáo dục Công dân
20877,DDS,giao-duc-cong-dan,C20,Điểm học bạ,2021,18.0,Giáo dục Công dân
20878,DDS,giao-duc-cong-dan,D66,Điểm học bạ,2021,18.0,Giáo dục Công dân
20879,DDS,giao-duc-cong-dan,C00,Điểm thi THPT,2021,21.25,Giáo dục Công dân
20880,DDS,giao-duc-cong-dan,C19,Điểm thi THPT,2021,21.25,Giáo dục Công dân
20881,DDS,giao-duc-cong-dan,C20,Điểm thi THPT,2021,21.25,Giáo dục Công dân
20882,DDS,giao-duc-cong-dan,D66,Điểm thi THPT,2021,21.25,Giáo dục Công dân
20883,DDS,giao-duc-cong-dan,C00,Điểm thi THPT,2022,22.75,Giáo dục Công dân
20884,DDS,giao-duc-cong-dan,C19,Điểm thi THPT,2022,22.75,Giáo dục Công dân
20885,DDS,giao-duc-cong-dan,C20,Điểm thi THPT,2022,22.75,Giáo dục Công dân
20886,DDS,giao-duc-cong-dan,D66,Điểm thi THPT,2022,22.75,Giáo dục Công dân
20887,DDS,giao-duc-cong-dan,C00,Điểm học bạ,2023,25.5,Giáo dục Công dân
20888,DDS,giao-duc-cong-dan,C19,Điểm học bạ,2023,25.5,Giáo dục Công dân
20889,DDS,giao-duc-cong-dan,C20,Điểm học bạ,2023,25.5,Giáo dục Công dân
20890,DDS,giao-duc-cong-dan,D66,Điểm học bạ,2023,25.5,Giáo dục Công dân
20891,DDS,giao-duc-cong-dan,C00,Điểm thi THPT,2023,25.33,Giáo dục Công dân
20892,DDS,giao-duc-cong-dan,C19,Điểm thi THPT,2023,25.33,Giáo dục Công dân
20893,DDS,giao-duc-cong-dan,C20,Điểm thi THPT,2023,25.33,Giáo dục Công dân
20894,DDS,giao-duc-cong-dan,D66,Điểm thi THPT,2023,25.33,Giáo dục Công dân
20895,DDS,giao-duc-cong-dan,C00,Điểm học bạ,2024,26.25,Giáo dục Công dân
20896,DDS,giao-duc-cong-dan,C19,Điểm học bạ,2024,26.25,Giáo dục Công dân
20897,DDS,giao-duc-cong-dan,C20,Điểm học bạ,2024,26.25,Giáo dục Công dân
20898,DDS,giao-duc-cong-dan,D66,Điểm học bạ,2024,26.25,Giáo dục Công dân
20899,DDS,giao-duc-cong-dan,C00,Điểm thi THPT,2024,27.34,Giáo dục Công dân
20900,DDS,giao-duc-cong-dan,C19,Điểm thi THPT,2024,27.34,Giáo dục Công dân
20901,DDS,giao-duc-cong-dan,C20,Điểm thi THPT,2024,27.34,Giáo dục Công dân
20902,DDS,giao-duc-cong-dan,D66,Điểm thi THPT,2024,27.34,Giáo dục Công dân
20903,DDS,giao-duc-cong-dan,C00,Điểm học bạ,2025,27.18,Giáo dục Công dân
20904,DDS,giao-duc-cong-dan,C03,Điểm học bạ,2025,27.18,Giáo dục Công dân
20905,DDS,giao-duc-cong-dan,C19,Điểm học bạ,2025,27.18,Giáo dục Công dân
20906,DDS,giao-duc-cong-dan,X70,Điểm học bạ,2025,27.18,Giáo dục Công dân
20907,DDS,giao-duc-cong-dan,C00,Điểm thi THPT,2025,27.79,Giáo dục Công dân
20908,DDS,giao-duc-cong-dan,C03,Điểm thi THPT,2025,27.79,Giáo dục Công dân
20909,DDS,giao-duc-cong-dan,C19,Điểm thi THPT,2025,27.79,Giáo dục Công dân
20910,DDS,giao-duc-cong-dan,X70,Điểm thi THPT,2025,27.79,Giáo dục Công dân
20911,DDS,giao-duc-mam-non,M01,Điểm thi THPT,2021,19.35,Giáo dục Mầm non
20912,DDS,giao-duc-mam-non,M09,Điểm thi THPT,2021,19.35,Giáo dục Mầm non
20913,DDS,giao-duc-mam-non,M01,Điểm thi THPT,2022,19.35,Giáo dục Mầm non
20914,DDS,giao-duc-mam-non,M02,Điểm thi THPT,2022,19.35,Giáo dục Mầm non
20915,DDS,giao-duc-mam-non,M02,Điểm học bạ,2023,18.0,Giáo dục Mầm non
20916,DDS,giao-duc-mam-non,M03,Điểm học bạ,2023,18.0,Giáo dục Mầm non
20917,DDS,giao-duc-mam-non,M01,Điểm thi THPT,2023,20.0,Giáo dục Mầm non
20918,DDS,giao-duc-mam-non,M09,Điểm thi THPT,2023,20.0,Giáo dục Mầm non
20919,DDS,giao-duc-mam-non,M01,Điểm học bạ,2024,23.0,Giáo dục Mầm non
20920,DDS,giao-duc-mam-non,M09,Điểm học bạ,2024,23.0,Giáo dục Mầm non
20921,DDS,giao-duc-mam-non,M01,Điểm thi THPT,2024,24.25,Giáo dục Mầm non
20922,DDS,giao-duc-mam-non,M09,Điểm thi THPT,2024,24.25,Giáo dục Mầm non
20923,DDS,giao-duc-mam-non,M01,Điểm học bạ,2025,25.57,Giáo dục Mầm non
20924,DDS,giao-duc-mam-non,M09,Điểm học bạ,2025,25.57,Giáo dục Mầm non
20925,DDS,giao-duc-mam-non,M01,Điểm thi THPT,2025,25.88,Giáo dục Mầm non
20926,DDS,giao-duc-mam-non,M09,Điểm thi THPT,2025,25.88,Giáo dục Mầm non
20927,DDS,giao-duc-phap-luat,C03,Điểm học bạ,2025,26.59,Giáo dục pháp luật
20928,DDS,giao-duc-phap-luat,C04,Điểm học bạ,2025,26.59,Giáo dục pháp luật
20929,DDS,giao-duc-phap-luat,C14,Điểm học bạ,2025,26.59,Giáo dục pháp luật
20930,DDS,giao-duc-phap-luat,X01,Điểm học bạ,2025,26.59,Giáo dục pháp luật
20931,DDS,giao-duc-phap-luat,C03,Điểm thi THPT,2025,27.33,Giáo dục pháp luật
20932,DDS,giao-duc-phap-luat,C04,Điểm thi THPT,2025,27.33,Giáo dục pháp luật
20933,DDS,giao-duc-phap-luat,C14,Điểm thi THPT,2025,27.33,Giáo dục pháp luật
20934,DDS,giao-duc-phap-luat,X01,Điểm thi THPT,2025,27.33,Giáo dục pháp luật
20935,DDS,giao-duc-the-chat,T00,Điểm thi THPT,2021,17.81,Giáo dục thể chất
20936,DDS,giao-duc-the-chat,T02,Điểm thi THPT,2021,17.81,Giáo dục thể chất
20937,DDS,giao-duc-the-chat,T03,Điểm thi THPT,2021,17.81,Giáo dục thể chất
20938,DDS,giao-duc-the-chat,T05,Điểm thi THPT,2021,17.81,Giáo dục thể chất
20939,DDS,giao-duc-the-chat,T00,Điểm thi THPT,2022,21.94,Giáo dục thể chất
20940,DDS,giao-duc-the-chat,T01,Điểm thi THPT,2022,21.94,Giáo dục thể chất
20941,DDS,giao-duc-the-chat,T02,Điểm thi THPT,2022,21.94,Giáo dục thể chất
20942,DDS,giao-duc-the-chat,T05,Điểm thi THPT,2022,21.94,Giáo dục thể chất
20943,DDS,giao-duc-the-chat,T00,Điểm học bạ,2023,24.0,Giáo dục thể chất
20944,DDS,giao-duc-the-chat,T01,Điểm học bạ,2023,24.0,Giáo dục thể chất
20945,DDS,giao-duc-the-chat,T02,Điểm học bạ,2023,24.0,Giáo dục thể chất
20946,DDS,giao-duc-the-chat,T05,Điểm học bạ,2023,24.0,Giáo dục thể chất
20947,DDS,giao-duc-the-chat,T00,Điểm thi THPT,2023,20.63,Giáo dục thể chất
20948,DDS,giao-duc-the-chat,T02,Điểm thi THPT,2023,20.63,Giáo dục thể chất
20949,DDS,giao-duc-the-chat,T03,Điểm thi THPT,2023,20.63,Giáo dục thể chất
20950,DDS,giao-duc-the-chat,T05,Điểm thi THPT,2023,20.63,Giáo dục thể chất
20951,DDS,giao-duc-the-chat,T00,Điểm học bạ,2024,23.3,Giáo dục thể chất
20952,DDS,giao-duc-the-chat,T02,Điểm học bạ,2024,23.3,Giáo dục thể chất
20953,DDS,giao-duc-the-chat,T03,Điểm học bạ,2024,23.3,Giáo dục thể chất
20954,DDS,giao-duc-the-chat,T05,Điểm học bạ,2024,23.3,Giáo dục thể chất
20955,DDS,giao-duc-the-chat,T00,Điểm thi THPT,2024,23.25,Giáo dục thể chất
20956,DDS,giao-duc-the-chat,T02,Điểm thi THPT,2024,23.25,Giáo dục thể chất
20957,DDS,giao-duc-the-chat,T03,Điểm thi THPT,2024,23.25,Giáo dục thể chất
20958,DDS,giao-duc-the-chat,T05,Điểm thi THPT,2024,23.25,Giáo dục thể chất
20959,DDS,giao-duc-the-chat,T01,Điểm học bạ,2025,26.54,Giáo dục thể chất
20960,DDS,giao-duc-the-chat,T08,Điểm học bạ,2025,26.54,Giáo dục thể chất
20961,DDS,giao-duc-the-chat,T01,Điểm thi THPT,2025,26.86,Giáo dục Thể chất
20962,DDS,giao-duc-the-chat,T08,Điểm thi THPT,2025,26.86,Giáo dục Thể chất
20963,DDS,giao-duc-tieu-hoc,D01,Điểm học bạ,2021,25.0,Giáo dục Tiểu học
20964,DDS,giao-duc-tieu-hoc,D01,Điểm thi THPT,2021,22.85,Giáo dục Tiểu học
20965,DDS,giao-duc-tieu-hoc,A00,Điểm thi THPT,2022,24.8,Giáo dục Tiểu học
20966,DDS,giao-duc-tieu-hoc,B00,Điểm thi THPT,2022,24.8,Giáo dục Tiểu học
20967,DDS,giao-duc-tieu-hoc,C00,Điểm thi THPT,2022,24.8,Giáo dục Tiểu học
20968,DDS,giao-duc-tieu-hoc,D01,Điểm thi THPT,2022,24.8,Giáo dục Tiểu học
20969,DDS,giao-duc-tieu-hoc,A00,Điểm học bạ,2023,27.0,Giáo dục Tiểu học
20970,DDS,giao-duc-tieu-hoc,B00,Điểm học bạ,2023,27.0,Giáo dục Tiểu học
20971,DDS,giao-duc-tieu-hoc,C00,Điểm học bạ,2023,27.0,Giáo dục Tiểu học
20972,DDS,giao-duc-tieu-hoc,D01,Điểm học bạ,2023,27.0,Giáo dục Tiểu học
20973,DDS,giao-duc-tieu-hoc,A00,Điểm thi THPT,2023,25.02,Giáo dục Tiểu học
20974,DDS,giao-duc-tieu-hoc,B00,Điểm thi THPT,2023,25.02,Giáo dục Tiểu học
20975,DDS,giao-duc-tieu-hoc,C00,Điểm thi THPT,2023,25.02,Giáo dục Tiểu học
20976,DDS,giao-duc-tieu-hoc,D01,Điểm thi THPT,2023,25.02,Giáo dục Tiểu học
20977,DDS,giao-duc-tieu-hoc,A00,Điểm học bạ,2024,28.0,Giáo dục Tiểu học
20978,DDS,giao-duc-tieu-hoc,B00,Điểm học bạ,2024,28.0,Giáo dục Tiểu học
20979,DDS,giao-duc-tieu-hoc,C00,Điểm học bạ,2024,28.0,Giáo dục Tiểu học
20980,DDS,giao-duc-tieu-hoc,D01,Điểm học bạ,2024,28.0,Giáo dục Tiểu học
20981,DDS,giao-duc-tieu-hoc,A00,Điểm thi THPT,2024,27.5,Giáo dục Tiểu học
20982,DDS,giao-duc-tieu-hoc,B00,Điểm thi THPT,2024,27.5,Giáo dục Tiểu học
20983,DDS,giao-duc-tieu-hoc,C00,Điểm thi THPT,2024,27.5,Giáo dục Tiểu học
20984,DDS,giao-duc-tieu-hoc,D01,Điểm thi THPT,2024,27.5,Giáo dục Tiểu học
20985,DDS,giao-duc-tieu-hoc,C03,Điểm học bạ,2025,28.48,Giáo dục Tiểu học
20986,DDS,giao-duc-tieu-hoc,C04,Điểm học bạ,2025,28.48,Giáo dục Tiểu học
20987,DDS,giao-duc-tieu-hoc,D01,Điểm học bạ,2025,28.48,Giáo dục Tiểu học
20988,DDS,giao-duc-tieu-hoc,X02,Điểm học bạ,2025,28.48,Giáo dục Tiểu học
20989,DDS,giao-duc-tieu-hoc,X03,Điểm học bạ,2025,28.48,Giáo dục Tiểu học
20990,DDS,giao-duc-tieu-hoc,C03,Điểm thi THPT,2025,24.88,Giáo dục Tiểu học
20991,DDS,giao-duc-tieu-hoc,C04,Điểm thi THPT,2025,24.88,Giáo dục Tiểu học
20992,DDS,giao-duc-tieu-hoc,D01,Điểm thi THPT,2025,24.88,Giáo dục Tiểu học
20993,DDS,giao-duc-tieu-hoc,X02,Điểm thi THPT,2025,24.88,Giáo dục Tiểu học
20994,DDS,giao-duc-tieu-hoc,X03,Điểm thi THPT,2025,24.88,Giáo dục Tiểu học
20995,DDS,hoa-duoc-chat-luong-cao,A00,Điểm thi THPT,2021,18.65,Hóa học (Chuyên ngành Hóa Dược - Chất lượng cao)
20996,DDS,hoa-duoc-chat-luong-cao,B00,Điểm thi THPT,2021,18.65,Hóa học (Chuyên ngành Hóa Dược - Chất lượng cao)
20997,DDS,hoa-duoc-chat-luong-cao,D07,Điểm thi THPT,2021,18.65,Hóa học (Chuyên ngành Hóa Dược - Chất lượng cao)
20998,DDS,hoa-duoc-hoa-phan-tich-moi-truong,A00,Điểm học bạ,2021,15.0,Hóa học (chuyên ngành Hóa Dược; Hóa phân tích môi trường
20999,DDS,hoa-duoc-hoa-phan-tich-moi-truong,B00,Điểm học bạ,2021,15.0,Hóa học (chuyên ngành Hóa Dược; Hóa phân tích môi trường
21000,DDS,hoa-duoc-hoa-phan-tich-moi-truong,D07,Điểm học bạ,2021,15.0,Hóa học (chuyên ngành Hóa Dược; Hóa phân tích môi trường
21001,DDS,hoa-duoc-hoa-phan-tich-moi-truong,A00,Điểm thi THPT,2021,17.55,Hóa học (chuyên ngành Hóa Dược; Hóa phân tích môi trường
21002,DDS,hoa-duoc-hoa-phan-tich-moi-truong,B00,Điểm thi THPT,2021,17.55,Hóa học (chuyên ngành Hóa Dược; Hóa phân tích môi trường
21003,DDS,hoa-duoc-hoa-phan-tich-moi-truong,D07,Điểm thi THPT,2021,17.55,Hóa học (chuyên ngành Hóa Dược; Hóa phân tích môi trường
21004,DDS,hoa-hoc,A00,Điểm thi THPT,2022,16.0,Hóa học
21005,DDS,hoa-hoc,B00,Điểm thi THPT,2022,16.0,Hóa học
21006,DDS,hoa-hoc,D07,Điểm thi THPT,2022,16.0,Hóa học
21007,DDS,hoa-hoc,A00,Điểm thi THPT,2023,17.8,Hóa học
21008,DDS,hoa-hoc,B00,Điểm thi THPT,2023,17.8,Hóa học
21009,DDS,hoa-hoc,D07,Điểm thi THPT,2023,17.8,Hóa học
21010,DDS,hoa-hoc,A00,Điểm học bạ,2024,23.7,Hóa học
21011,DDS,hoa-hoc,B00,Điểm học bạ,2024,23.7,Hóa học
21012,DDS,hoa-hoc,D07,Điểm học bạ,2024,23.7,Hóa học
21013,DDS,hoa-hoc-gom-cac-chuyen-nganh-1-hoa-duoc-2-hoa-phan-tich-moi-truong,A00,Điểm học bạ,2023,22.0,"Hóa học, gồm các chuyên ngành: 1. Hóa Dược; 2. Hóa phân tích môi trường"
21014,DDS,hoa-hoc-gom-cac-chuyen-nganh-1-hoa-duoc-2-hoa-phan-tich-moi-truong,B00,Điểm học bạ,2023,22.0,"Hóa học, gồm các chuyên ngành: 1. Hóa Dược; 2. Hóa phân tích môi trường"
21015,DDS,hoa-hoc-gom-cac-chuyen-nganh-1-hoa-duoc-2-hoa-phan-tich-moi-truong,D07,Điểm học bạ,2023,22.0,"Hóa học, gồm các chuyên ngành: 1. Hóa Dược; 2. Hóa phân tích môi trường"
21016,DDS,hoa-hoc-gom-cac-chuyen-nganh-1-hoa-duoc-2-hoa-phan-tich-moi-truong,A00,Điểm học bạ,2025,26.66,"Hóa học, gồm các chuyên ngành: 1. Hóa Dược; 2. Hóa phân tích môi trường"
21017,DDS,hoa-hoc-gom-cac-chuyen-nganh-1-hoa-duoc-2-hoa-phan-tich-moi-truong,B00,Điểm học bạ,2025,26.66,"Hóa học, gồm các chuyên ngành: 1. Hóa Dược; 2. Hóa phân tích môi trường"
21018,DDS,hoa-hoc-gom-cac-chuyen-nganh-1-hoa-duoc-2-hoa-phan-tich-moi-truong,C02,Điểm học bạ,2025,26.66,"Hóa học, gồm các chuyên ngành: 1. Hóa Dược; 2. Hóa phân tích môi trường"
21019,DDS,hoa-hoc-gom-cac-chuyen-nganh-1-hoa-duoc-2-hoa-phan-tich-moi-truong,D07,Điểm học bạ,2025,26.66,"Hóa học, gồm các chuyên ngành: 1. Hóa Dược; 2. Hóa phân tích môi trường"
21020,DDS,hoa-hoc-gom-cac-chuyen-nganh-1-hoa-duoc-2-hoa-phan-tich-moi-truong,X11,Điểm học bạ,2025,26.66,"Hóa học, gồm các chuyên ngành: 1. Hóa Dược; 2. Hóa phân tích môi trường"
21021,DDS,hoa-hoc-gom-cac-chuyen-nganh-hoa-duoc-hoa-phan-tich-moi-truong,A00,Điểm thi THPT,2024,21.3,"Hóa học, gồm các chuyên ngành: Hóa Dược; Hóa phân tích môi trường"
21022,DDS,hoa-hoc-gom-cac-chuyen-nganh-hoa-duoc-hoa-phan-tich-moi-truong,B00,Điểm thi THPT,2024,21.3,"Hóa học, gồm các chuyên ngành: Hóa Dược; Hóa phân tích môi trường"
21023,DDS,hoa-hoc-gom-cac-chuyen-nganh-hoa-duoc-hoa-phan-tich-moi-truong,D07,Điểm thi THPT,2024,21.3,"Hóa học, gồm các chuyên ngành: Hóa Dược; Hóa phân tích môi trường"
21024,DDS,hoa-hoc-gom-cac-chuyen-nganh-hoa-duoc-hoa-phan-tich-moi-truong,A00,Điểm thi THPT,2025,21.25,"Hóa học, gồm các chuyên ngành: Hóa Dược; ; Hóa phân tích môi trường"
21025,DDS,hoa-hoc-gom-cac-chuyen-nganh-hoa-duoc-hoa-phan-tich-moi-truong,B00,Điểm thi THPT,2025,21.25,"Hóa học, gồm các chuyên ngành: Hóa Dược; ; Hóa phân tích môi trường"
21026,DDS,hoa-hoc-gom-cac-chuyen-nganh-hoa-duoc-hoa-phan-tich-moi-truong,C02,Điểm thi THPT,2025,21.25,"Hóa học, gồm các chuyên ngành: Hóa Dược; ; Hóa phân tích môi trường"
21027,DDS,hoa-hoc-gom-cac-chuyen-nganh-hoa-duoc-hoa-phan-tich-moi-truong,D07,Điểm thi THPT,2025,21.25,"Hóa học, gồm các chuyên ngành: Hóa Dược; ; Hóa phân tích môi trường"
21028,DDS,hoa-hoc-gom-cac-chuyen-nganh-hoa-duoc-hoa-phan-tich-moi-truong,X11,Điểm thi THPT,2025,21.25,"Hóa học, gồm các chuyên ngành: Hóa Dược; ; Hóa phân tích môi trường"
21029,DDS,khoa-hoc-du-lieu,A00,Điểm học bạ,2024,19.0,Khoa học dữ liệu
21030,DDS,khoa-hoc-du-lieu,A01,Điểm học bạ,2024,19.0,Khoa học dữ liệu
21031,DDS,khoa-hoc-du-lieu,A00,Điểm thi THPT,2024,20.1,Khoa học dữ liệu
21032,DDS,khoa-hoc-du-lieu,A01,Điểm thi THPT,2024,20.1,Khoa học dữ liệu
21033,DDS,khoa-hoc-du-lieu,C01,Điểm học bạ,2025,25.02,Khoa học dữ liệu
21034,DDS,khoa-hoc-du-lieu,D01,Điểm học bạ,2025,25.02,Khoa học dữ liệu
21035,DDS,khoa-hoc-du-lieu,X02,Điểm học bạ,2025,25.02,Khoa học dữ liệu
21036,DDS,khoa-hoc-du-lieu,C01,Điểm thi THPT,2025,19.25,Khoa học dữ liệu
21037,DDS,khoa-hoc-du-lieu,D01,Điểm thi THPT,2025,19.25,Khoa học dữ liệu
21038,DDS,khoa-hoc-du-lieu,X02,Điểm thi THPT,2025,19.25,Khoa học dữ liệu
21039,DDS,lich-su,C00,Điểm thi THPT,2022,15.5,Lịch sử (Quan hệ quốc tế)
21040,DDS,lich-su,C19,Điểm thi THPT,2022,15.5,Lịch sử (Quan hệ quốc tế)
21041,DDS,lich-su,D14,Điểm thi THPT,2022,15.5,Lịch sử (Quan hệ quốc tế)
21042,DDS,quan-he-cong-chung,C00,Điểm học bạ,2024,26.45,Quan hệ công chúng
21043,DDS,quan-he-cong-chung,D01,Điểm học bạ,2024,26.45,Quan hệ công chúng
21044,DDS,quan-he-cong-chung,D14,Điểm học bạ,2024,26.45,Quan hệ công chúng
21045,DDS,quan-he-cong-chung,D15,Điểm học bạ,2024,26.45,Quan hệ công chúng
21046,DDS,quan-he-cong-chung,C00,Điểm thi THPT,2024,25.33,Quan hệ công chúng
21047,DDS,quan-he-cong-chung,D01,Điểm thi THPT,2024,25.33,Quan hệ công chúng
21048,DDS,quan-he-cong-chung,D14,Điểm thi THPT,2024,25.33,Quan hệ công chúng
21049,DDS,quan-he-cong-chung,D15,Điểm thi THPT,2024,25.33,Quan hệ công chúng
21050,DDS,quan-he-cong-chung,D01,Điểm học bạ,2025,26.97,Quan hệ công chúng
21051,DDS,quan-he-cong-chung,D14,Điểm học bạ,2025,26.97,Quan hệ công chúng
21052,DDS,quan-he-cong-chung,D15,Điểm học bạ,2025,26.97,Quan hệ công chúng
21053,DDS,quan-he-cong-chung,D01,Điểm thi THPT,2025,22.0,Quan hệ công chúng
21054,DDS,quan-he-cong-chung,D14,Điểm thi THPT,2025,22.0,Quan hệ công chúng
21055,DDS,quan-he-cong-chung,D15,Điểm thi THPT,2025,22.0,Quan hệ công chúng
21056,DDS,quan-he-quoc-te,C00,Điểm học bạ,2021,15.0,Lịch sử (chuyên ngành Quan hệ quốc tế)
21057,DDS,quan-he-quoc-te,C19,Điểm học bạ,2021,15.0,Lịch sử (chuyên ngành Quan hệ quốc tế)
21058,DDS,quan-he-quoc-te,D14,Điểm học bạ,2021,15.0,Lịch sử (chuyên ngành Quan hệ quốc tế)
21059,DDS,quan-he-quoc-te,C00,Điểm thi THPT,2021,15.0,Lịch sử (chuyên ngành Quan hệ quốc tế)
21060,DDS,quan-he-quoc-te,C19,Điểm thi THPT,2021,15.0,Lịch sử (chuyên ngành Quan hệ quốc tế)
21061,DDS,quan-he-quoc-te,D14,Điểm thi THPT,2021,15.0,Lịch sử (chuyên ngành Quan hệ quốc tế)
21062,DDS,quan-he-quoc-te,C00,Điểm học bạ,2023,22.25,Lịch sử (chuyên ngành Quan hệ quốc tế)
21063,DDS,quan-he-quoc-te,C19,Điểm học bạ,2023,22.25,Lịch sử (chuyên ngành Quan hệ quốc tế)
21064,DDS,quan-he-quoc-te,D14,Điểm học bạ,2023,22.25,Lịch sử (chuyên ngành Quan hệ quốc tế)
21065,DDS,quan-he-quoc-te,C00,Điểm thi THPT,2023,22.25,Lịch sử (chuyên ngành Quan hệ quốc tế)
21066,DDS,quan-he-quoc-te,C19,Điểm thi THPT,2023,22.25,Lịch sử (chuyên ngành Quan hệ quốc tế)
21067,DDS,quan-he-quoc-te,D14,Điểm thi THPT,2023,22.25,Lịch sử (chuyên ngành Quan hệ quốc tế)
21068,DDS,quan-he-quoc-te,C00,Điểm học bạ,2024,24.0,Lịch sử (chuyên ngành Quan hệ quốc tế)
21069,DDS,quan-he-quoc-te,C19,Điểm học bạ,2024,24.0,Lịch sử (chuyên ngành Quan hệ quốc tế)
21070,DDS,quan-he-quoc-te,D14,Điểm học bạ,2024,24.0,Lịch sử (chuyên ngành Quan hệ quốc tế)
21071,DDS,quan-he-quoc-te,C00,Điểm thi THPT,2024,25.17,Lịch sử (chuyên ngành Quan hệ quốc tế)
21072,DDS,quan-he-quoc-te,C19,Điểm thi THPT,2024,25.17,Lịch sử (chuyên ngành Quan hệ quốc tế)
21073,DDS,quan-he-quoc-te,D14,Điểm thi THPT,2024,25.17,Lịch sử (chuyên ngành Quan hệ quốc tế)
21074,DDS,quan-he-quoc-te,C00,Điểm học bạ,2025,26.1,Lịch sử (chuyên ngành Quan hệ quốc tế)
21075,DDS,quan-he-quoc-te,C19,Điểm học bạ,2025,26.1,Lịch sử (chuyên ngành Quan hệ quốc tế)
21076,DDS,quan-he-quoc-te,D14,Điểm học bạ,2025,26.1,Lịch sử (chuyên ngành Quan hệ quốc tế)
21077,DDS,quan-he-quoc-te,X70,Điểm học bạ,2025,26.1,Lịch sử (chuyên ngành Quan hệ quốc tế)
21078,DDS,quan-he-quoc-te,C00,Điểm thi THPT,2025,27.0,Lịch sử (chuyên ngành Quan hệ quốc tế)
21079,DDS,quan-he-quoc-te,C19,Điểm thi THPT,2025,27.0,Lịch sử (chuyên ngành Quan hệ quốc tế)
21080,DDS,quan-he-quoc-te,D14,Điểm thi THPT,2025,27.0,Lịch sử (chuyên ngành Quan hệ quốc tế)
21081,DDS,quan-he-quoc-te,X70,Điểm thi THPT,2025,27.0,Lịch sử (chuyên ngành Quan hệ quốc tế)
21082,DDS,quan-ly-tai-nguyen-va-moi-truong,A00,Điểm học bạ,2021,15.0,Quản lý tài nguyên và môi trường
21083,DDS,quan-ly-tai-nguyen-va-moi-truong,B00,Điểm học bạ,2021,15.0,Quản lý tài nguyên và môi trường
21084,DDS,quan-ly-tai-nguyen-va-moi-truong,D08,Điểm học bạ,2021,15.0,Quản lý tài nguyên và môi trường
21085,DDS,quan-ly-tai-nguyen-va-moi-truong,A00,Điểm thi THPT,2021,15.4,Quản lý tài nguyên và môi trường
21086,DDS,quan-ly-tai-nguyen-va-moi-truong,B00,Điểm thi THPT,2021,15.4,Quản lý tài nguyên và môi trường
21087,DDS,quan-ly-tai-nguyen-va-moi-truong,D08,Điểm thi THPT,2021,15.4,Quản lý tài nguyên và môi trường
21088,DDS,quan-ly-tai-nguyen-va-moi-truong,A01,Điểm thi THPT,2022,15.85,Quản lý tài nguyên và môi trường
21089,DDS,quan-ly-tai-nguyen-va-moi-truong,B00,Điểm thi THPT,2022,15.85,Quản lý tài nguyên và môi trường
21090,DDS,quan-ly-tai-nguyen-va-moi-truong,B03,Điểm thi THPT,2022,15.85,Quản lý tài nguyên và môi trường
21091,DDS,quan-ly-tai-nguyen-va-moi-truong,B08,Điểm thi THPT,2022,15.85,Quản lý tài nguyên và môi trường
21092,DDS,quan-ly-tai-nguyen-va-moi-truong,A01,Điểm học bạ,2023,15.0,Quản lý tài nguyên và môi trường
21093,DDS,quan-ly-tai-nguyen-va-moi-truong,B00,Điểm học bạ,2023,15.0,Quản lý tài nguyên và môi trường
21094,DDS,quan-ly-tai-nguyen-va-moi-truong,B03,Điểm học bạ,2023,15.0,Quản lý tài nguyên và môi trường
21095,DDS,quan-ly-tai-nguyen-va-moi-truong,B08,Điểm học bạ,2023,15.0,Quản lý tài nguyên và môi trường
21096,DDS,quan-ly-tai-nguyen-va-moi-truong,A01,Điểm thi THPT,2023,15.9,Quản lý tài nguyên và môi trường
21097,DDS,quan-ly-tai-nguyen-va-moi-truong,B00,Điểm thi THPT,2023,15.9,Quản lý tài nguyên và môi trường
21098,DDS,quan-ly-tai-nguyen-va-moi-truong,B03,Điểm thi THPT,2023,15.9,Quản lý tài nguyên và môi trường
21099,DDS,quan-ly-tai-nguyen-va-moi-truong,B08,Điểm thi THPT,2023,15.9,Quản lý tài nguyên và môi trường
21100,DDS,quan-ly-tai-nguyen-va-moi-truong,A00,Điểm học bạ,2024,19.0,Quản lý tài nguyên và môi trường
21101,DDS,quan-ly-tai-nguyen-va-moi-truong,B00,Điểm học bạ,2024,19.0,Quản lý tài nguyên và môi trường
21102,DDS,quan-ly-tai-nguyen-va-moi-truong,B03,Điểm học bạ,2024,19.0,Quản lý tài nguyên và môi trường
21103,DDS,quan-ly-tai-nguyen-va-moi-truong,C04,Điểm học bạ,2024,19.0,Quản lý tài nguyên và môi trường
21104,DDS,quan-ly-tai-nguyen-va-moi-truong,A00,Điểm thi THPT,2024,21.15,Quản lý tài nguyên và môi trường
21105,DDS,quan-ly-tai-nguyen-va-moi-truong,B00,Điểm thi THPT,2024,21.15,Quản lý tài nguyên và môi trường
21106,DDS,quan-ly-tai-nguyen-va-moi-truong,B03,Điểm thi THPT,2024,21.15,Quản lý tài nguyên và môi trường
21107,DDS,quan-ly-tai-nguyen-va-moi-truong,C04,Điểm thi THPT,2024,21.15,Quản lý tài nguyên và môi trường
21108,DDS,quan-ly-tai-nguyen-va-moi-truong,B03,Điểm học bạ,2025,25.55,Quản lý tài nguyên và môi trường
21109,DDS,quan-ly-tai-nguyen-va-moi-truong,C02,Điểm học bạ,2025,25.55,Quản lý tài nguyên và môi trường
21110,DDS,quan-ly-tai-nguyen-va-moi-truong,C04,Điểm học bạ,2025,25.55,Quản lý tài nguyên và môi trường
21111,DDS,quan-ly-tai-nguyen-va-moi-truong,D01,Điểm học bạ,2025,25.55,Quản lý tài nguyên và môi trường
21112,DDS,quan-ly-tai-nguyen-va-moi-truong,X04,Điểm học bạ,2025,25.55,Quản lý tài nguyên và môi trường
21113,DDS,quan-ly-tai-nguyen-va-moi-truong,B03,Điểm thi THPT,2025,20.0,Quản lý tài nguyên và môi trường
21114,DDS,quan-ly-tai-nguyen-va-moi-truong,C02,Điểm thi THPT,2025,20.0,Quản lý tài nguyên và môi trường
21115,DDS,quan-ly-tai-nguyen-va-moi-truong,C04,Điểm thi THPT,2025,20.0,Quản lý tài nguyên và môi trường
21116,DDS,quan-ly-tai-nguyen-va-moi-truong,D01,Điểm thi THPT,2025,20.0,Quản lý tài nguyên và môi trường
21117,DDS,quan-ly-tai-nguyen-va-moi-truong,X04,Điểm thi THPT,2025,20.0,Quản lý tài nguyên và môi trường
21118,DDS,sp-tin-hoc-va-cong-nghe-tieu-hoc,A00,Điểm thi THPT,2022,22.75,SP Tin học và Công nghệ Tiểu học
21119,DDS,sp-tin-hoc-va-cong-nghe-tieu-hoc,B00,Điểm thi THPT,2022,22.75,SP Tin học và Công nghệ Tiểu học
21120,DDS,sp-tin-hoc-va-cong-nghe-tieu-hoc,C00,Điểm thi THPT,2022,22.75,SP Tin học và Công nghệ Tiểu học
21121,DDS,sp-tin-hoc-va-cong-nghe-tieu-hoc,D01,Điểm thi THPT,2022,22.75,SP Tin học và Công nghệ Tiểu học
21122,DDS,su-pham-am-nhac,N00,Điểm thi THPT,2021,18.25,Sư phạm Âm nhạc
21123,DDS,su-pham-am-nhac,N00,Điểm thi THPT,2022,20.16,Sư phạm Âm nhạc
21124,DDS,su-pham-am-nhac,N00,Điểm học bạ,2023,20.5,Sư phạm Âm nhạc
21125,DDS,su-pham-am-nhac,N00,Điểm thi THPT,2023,22.2,Sư phạm Âm nhạc
21126,DDS,su-pham-am-nhac,N01,Điểm thi THPT,2023,22.2,Sư phạm Âm nhạc
21127,DDS,su-pham-am-nhac,N00,Điểm học bạ,2024,25.0,Sư phạm Âm nhạc
21128,DDS,su-pham-am-nhac,N01,Điểm học bạ,2024,25.0,Sư phạm Âm nhạc
21129,DDS,su-pham-am-nhac,N00,Điểm thi THPT,2024,19.05,Sư phạm Âm nhạc
21130,DDS,su-pham-am-nhac,N01,Điểm thi THPT,2024,19.05,Sư phạm Âm nhạc
21131,DDS,su-pham-am-nhac,N00,Điểm học bạ,2025,22.5,Sư phạm Âm nhạc
21132,DDS,su-pham-am-nhac,N01,Điểm học bạ,2025,22.5,Sư phạm Âm nhạc
21133,DDS,su-pham-am-nhac,N00,Điểm thi THPT,2025,22.75,Sư phạm Âm nhạc
21134,DDS,su-pham-am-nhac,N01,Điểm thi THPT,2025,22.75,Sư phạm Âm nhạc
21135,DDS,su-pham-cong-nghe,A00,Điểm học bạ,2021,18.0,Sư phạm Công nghệ
21136,DDS,su-pham-cong-nghe,A02,Điểm học bạ,2021,18.0,Sư phạm Công nghệ
21137,DDS,su-pham-cong-nghe,B00,Điểm học bạ,2021,18.0,Sư phạm Công nghệ
21138,DDS,su-pham-cong-nghe,D90,Điểm học bạ,2021,18.0,Sư phạm Công nghệ
21139,DDS,su-pham-dia-ly,C00,Điểm học bạ,2021,18.0,Sư phạm Địa lý
21140,DDS,su-pham-dia-ly,D15,Điểm học bạ,2021,18.0,Sư phạm Địa lý
21141,DDS,su-pham-dia-ly,C00,Điểm thi THPT,2021,21.5,Sư phạm Địa lý
21142,DDS,su-pham-dia-ly,D15,Điểm thi THPT,2021,21.5,Sư phạm Địa lý
21143,DDS,su-pham-dia-ly,C00,Điểm thi THPT,2022,23.75,Sư phạm Địa lý
21144,DDS,su-pham-dia-ly,D15,Điểm thi THPT,2022,23.75,Sư phạm Địa lý
21145,DDS,su-pham-dia-ly,C00,Điểm học bạ,2023,26.0,Sư phạm Địa lý
21146,DDS,su-pham-dia-ly,D15,Điểm học bạ,2023,26.0,Sư phạm Địa lý
21147,DDS,su-pham-dia-ly,C00,Điểm thi THPT,2023,24.63,Sư phạm Địa lý
21148,DDS,su-pham-dia-ly,D15,Điểm thi THPT,2023,24.63,Sư phạm Địa lý
21149,DDS,su-pham-dia-ly,C00,Điểm học bạ,2024,27.1,Sư phạm Địa lý
21150,DDS,su-pham-dia-ly,D15,Điểm học bạ,2024,27.1,Sư phạm Địa lý
21151,DDS,su-pham-dia-ly,C00,Điểm thi THPT,2024,27.9,Sư phạm Địa lý
21152,DDS,su-pham-dia-ly,D15,Điểm thi THPT,2024,27.9,Sư phạm Địa lý
21153,DDS,su-pham-dia-ly,C00,Điểm học bạ,2025,28.08,Sư phạm Địa lý
21154,DDS,su-pham-dia-ly,C04,Điểm học bạ,2025,28.08,Sư phạm Địa lý
21155,DDS,su-pham-dia-ly,D15,Điểm học bạ,2025,28.08,Sư phạm Địa lý
21156,DDS,su-pham-dia-ly,C00,Điểm thi THPT,2025,28.61,Sư phạm Địa lý
21157,DDS,su-pham-dia-ly,C04,Điểm thi THPT,2025,28.61,Sư phạm Địa lý
21158,DDS,su-pham-dia-ly,D15,Điểm thi THPT,2025,28.61,Sư phạm Địa lý
21159,DDS,su-pham-hoa-hoc,A00,Điểm học bạ,2021,26.75,Sư phạm Hoá học
21160,DDS,su-pham-hoa-hoc,B00,Điểm học bạ,2021,26.75,Sư phạm Hoá học
21161,DDS,su-pham-hoa-hoc,D07,Điểm học bạ,2021,26.75,Sư phạm Hoá học
21162,DDS,su-pham-hoa-hoc,A00,Điểm thi THPT,2021,24.4,Sư phạm Hoá học
21163,DDS,su-pham-hoa-hoc,B00,Điểm thi THPT,2021,24.4,Sư phạm Hoá học
21164,DDS,su-pham-hoa-hoc,D07,Điểm thi THPT,2021,24.4,Sư phạm Hoá học
21165,DDS,su-pham-hoa-hoc,A00,Điểm thi THPT,2022,24.15,Sư phạm Hóa học
21166,DDS,su-pham-hoa-hoc,B00,Điểm thi THPT,2022,24.15,Sư phạm Hóa học
21167,DDS,su-pham-hoa-hoc,D07,Điểm thi THPT,2022,24.15,Sư phạm Hóa học
21168,DDS,su-pham-hoa-hoc,A00,Điểm học bạ,2023,28.0,Sư phạm Hóa học
21169,DDS,su-pham-hoa-hoc,B00,Điểm học bạ,2023,28.0,Sư phạm Hóa học
21170,DDS,su-pham-hoa-hoc,D07,Điểm học bạ,2023,28.0,Sư phạm Hóa học
21171,DDS,su-pham-hoa-hoc,A00,Điểm thi THPT,2023,25.02,Sư phạm Hoá học
21172,DDS,su-pham-hoa-hoc,B00,Điểm thi THPT,2023,25.02,Sư phạm Hoá học
21173,DDS,su-pham-hoa-hoc,D07,Điểm thi THPT,2023,25.02,Sư phạm Hoá học
21174,DDS,su-pham-hoa-hoc,A00,Điểm học bạ,2024,28.84,Sư phạm Hoá học
21175,DDS,su-pham-hoa-hoc,B00,Điểm học bạ,2024,28.84,Sư phạm Hoá học
21176,DDS,su-pham-hoa-hoc,D07,Điểm học bạ,2024,28.84,Sư phạm Hoá học
21177,DDS,su-pham-hoa-hoc,A00,Điểm thi THPT,2024,25.99,Sư phạm Hoá học
21178,DDS,su-pham-hoa-hoc,B00,Điểm thi THPT,2024,25.99,Sư phạm Hoá học
21179,DDS,su-pham-hoa-hoc,D07,Điểm thi THPT,2024,25.99,Sư phạm Hoá học
21180,DDS,su-pham-hoa-hoc,A00,Điểm học bạ,2025,29.3,Sư phạm Hóa học
21181,DDS,su-pham-hoa-hoc,B00,Điểm học bạ,2025,29.3,Sư phạm Hóa học
21182,DDS,su-pham-hoa-hoc,C02,Điểm học bạ,2025,29.3,Sư phạm Hóa học
21183,DDS,su-pham-hoa-hoc,D07,Điểm học bạ,2025,29.3,Sư phạm Hóa học
21184,DDS,su-pham-hoa-hoc,A00,Điểm thi THPT,2025,27.53,Sư phạm Hóa học
21185,DDS,su-pham-hoa-hoc,B00,Điểm thi THPT,2025,27.53,Sư phạm Hóa học
21186,DDS,su-pham-hoa-hoc,C02,Điểm thi THPT,2025,27.53,Sư phạm Hóa học
21187,DDS,su-pham-hoa-hoc,D07,Điểm thi THPT,2025,27.53,Sư phạm Hóa học
21188,DDS,su-pham-khoa-hoc-tu-nhien,A00,Điểm học bạ,2021,18.0,Sư phạm Khoa học tự nhiên
21189,DDS,su-pham-khoa-hoc-tu-nhien,A02,Điểm học bạ,2021,18.0,Sư phạm Khoa học tự nhiên
21190,DDS,su-pham-khoa-hoc-tu-nhien,B00,Điểm học bạ,2021,18.0,Sư phạm Khoa học tự nhiên
21191,DDS,su-pham-khoa-hoc-tu-nhien,D90,Điểm học bạ,2021,18.0,Sư phạm Khoa học tự nhiên
21192,DDS,su-pham-khoa-hoc-tu-nhien,A00,Điểm thi THPT,2021,19.3,Sư phạm Khoa học tự nhiên
21193,DDS,su-pham-khoa-hoc-tu-nhien,A02,Điểm thi THPT,2021,19.3,Sư phạm Khoa học tự nhiên
21194,DDS,su-pham-khoa-hoc-tu-nhien,B00,Điểm thi THPT,2021,19.3,Sư phạm Khoa học tự nhiên
21195,DDS,su-pham-khoa-hoc-tu-nhien,D90,Điểm thi THPT,2021,19.3,Sư phạm Khoa học tự nhiên
21196,DDS,su-pham-khoa-hoc-tu-nhien,A00,Điểm thi THPT,2022,21.0,Sư phạm Khoa học tự nhiên
21197,DDS,su-pham-khoa-hoc-tu-nhien,A02,Điểm thi THPT,2022,21.0,Sư phạm Khoa học tự nhiên
21198,DDS,su-pham-khoa-hoc-tu-nhien,B00,Điểm thi THPT,2022,21.0,Sư phạm Khoa học tự nhiên
21199,DDS,su-pham-khoa-hoc-tu-nhien,D90,Điểm thi THPT,2022,21.0,Sư phạm Khoa học tự nhiên
21200,DDS,su-pham-khoa-hoc-tu-nhien,A00,Điểm học bạ,2023,25.5,Sư phạm Khoa học tự nhiên
21201,DDS,su-pham-khoa-hoc-tu-nhien,A02,Điểm học bạ,2023,25.5,Sư phạm Khoa học tự nhiên
21202,DDS,su-pham-khoa-hoc-tu-nhien,B00,Điểm học bạ,2023,25.5,Sư phạm Khoa học tự nhiên
21203,DDS,su-pham-khoa-hoc-tu-nhien,D90,Điểm học bạ,2023,25.5,Sư phạm Khoa học tự nhiên
21204,DDS,su-pham-khoa-hoc-tu-nhien,A00,Điểm thi THPT,2023,23.5,Sư phạm Khoa học tự nhiên
21205,DDS,su-pham-khoa-hoc-tu-nhien,A02,Điểm thi THPT,2023,23.5,Sư phạm Khoa học tự nhiên
21206,DDS,su-pham-khoa-hoc-tu-nhien,B00,Điểm thi THPT,2023,23.5,Sư phạm Khoa học tự nhiên
21207,DDS,su-pham-khoa-hoc-tu-nhien,A00,Điểm học bạ,2024,27.1,Sư phạm Khoa học tự nhiên
21208,DDS,su-pham-khoa-hoc-tu-nhien,A02,Điểm học bạ,2024,27.1,Sư phạm Khoa học tự nhiên
21209,DDS,su-pham-khoa-hoc-tu-nhien,B00,Điểm học bạ,2024,27.1,Sư phạm Khoa học tự nhiên
21210,DDS,su-pham-khoa-hoc-tu-nhien,D90,Điểm học bạ,2024,27.1,Sư phạm Khoa học tự nhiên
21211,DDS,su-pham-khoa-hoc-tu-nhien,A00,Điểm thi THPT,2024,25.24,Sư phạm Khoa học tự nhiên
21212,DDS,su-pham-khoa-hoc-tu-nhien,A02,Điểm thi THPT,2024,25.24,Sư phạm Khoa học tự nhiên
21213,DDS,su-pham-khoa-hoc-tu-nhien,B00,Điểm thi THPT,2024,25.24,Sư phạm Khoa học tự nhiên
21214,DDS,su-pham-khoa-hoc-tu-nhien,D90,Điểm thi THPT,2024,25.24,Sư phạm Khoa học tự nhiên
21215,DDS,su-pham-khoa-hoc-tu-nhien,A00,Điểm học bạ,2025,28.57,Sư phạm Khoa học tự nhiên
21216,DDS,su-pham-khoa-hoc-tu-nhien,B00,Điểm học bạ,2025,28.57,Sư phạm Khoa học tự nhiên
21217,DDS,su-pham-khoa-hoc-tu-nhien,C02,Điểm học bạ,2025,28.57,Sư phạm Khoa học tự nhiên
21218,DDS,su-pham-khoa-hoc-tu-nhien,D07,Điểm học bạ,2025,28.57,Sư phạm Khoa học tự nhiên
21219,DDS,su-pham-khoa-hoc-tu-nhien,A00,Điểm thi THPT,2025,26.81,Sư phạm Khoa học tự nhiên
21220,DDS,su-pham-khoa-hoc-tu-nhien,B00,Điểm thi THPT,2025,26.81,Sư phạm Khoa học tự nhiên
21221,DDS,su-pham-khoa-hoc-tu-nhien,C02,Điểm thi THPT,2025,26.81,Sư phạm Khoa học tự nhiên
21222,DDS,su-pham-khoa-hoc-tu-nhien,D07,Điểm thi THPT,2025,26.81,Sư phạm Khoa học tự nhiên
21223,DDS,su-pham-lich-su,C00,Điểm học bạ,2021,18.0,Sư phạm Lịch sử
21224,DDS,su-pham-lich-su,C19,Điểm học bạ,2021,18.0,Sư phạm Lịch sử
21225,DDS,su-pham-lich-su,C00,Điểm thi THPT,2021,23.0,Sư phạm Lịch sử
21226,DDS,su-pham-lich-su,C19,Điểm thi THPT,2021,23.0,Sư phạm Lịch sử
21227,DDS,su-pham-lich-su,C00,Điểm thi THPT,2022,25.0,Sư phạm Lịch sử
21228,DDS,su-pham-lich-su,C19,Điểm thi THPT,2022,25.0,Sư phạm Lịch sử
21229,DDS,su-pham-lich-su,C00,Điểm học bạ,2023,26.75,Sư phạm Lịch sử
21230,DDS,su-pham-lich-su,C19,Điểm học bạ,2023,26.75,Sư phạm Lịch sử
21231,DDS,su-pham-lich-su,C00,Điểm thi THPT,2023,27.58,Sư phạm Lịch sử
21232,DDS,su-pham-lich-su,C19,Điểm thi THPT,2023,27.58,Sư phạm Lịch sử
21233,DDS,su-pham-lich-su,C00,Điểm học bạ,2024,28.1,Sư phạm Lịch sử
21234,DDS,su-pham-lich-su,C19,Điểm học bạ,2024,28.1,Sư phạm Lịch sử
21235,DDS,su-pham-lich-su,C00,Điểm thi THPT,2024,28.13,Sư phạm Lịch sử
21236,DDS,su-pham-lich-su,C19,Điểm thi THPT,2024,28.13,Sư phạm Lịch sử
21237,DDS,su-pham-lich-su,C00,Điểm học bạ,2025,28.25,Sư phạm Lịch sử
21238,DDS,su-pham-lich-su,C19,Điểm học bạ,2025,28.25,Sư phạm Lịch sử
21239,DDS,su-pham-lich-su,D14,Điểm học bạ,2025,28.25,Sư phạm Lịch sử
21240,DDS,su-pham-lich-su,X70,Điểm học bạ,2025,28.25,Sư phạm Lịch sử
21241,DDS,su-pham-lich-su,C00,Điểm thi THPT,2025,28.76,Sư phạm Lịch sử
21242,DDS,su-pham-lich-su,C19,Điểm thi THPT,2025,28.76,Sư phạm Lịch sử
21243,DDS,su-pham-lich-su,D14,Điểm thi THPT,2025,28.76,Sư phạm Lịch sử
21244,DDS,su-pham-lich-su,X70,Điểm thi THPT,2025,28.76,Sư phạm Lịch sử
21245,DDS,su-pham-lich-su-dia-ly,C00,Điểm học bạ,2021,18.0,Sư phạm Lịch sử Địa lý
21246,DDS,su-pham-lich-su-dia-ly,C19,Điểm học bạ,2021,18.0,Sư phạm Lịch sử Địa lý
21247,DDS,su-pham-lich-su-dia-ly,C20,Điểm học bạ,2021,18.0,Sư phạm Lịch sử Địa lý
21248,DDS,su-pham-lich-su-dia-ly,D78,Điểm học bạ,2021,18.0,Sư phạm Lịch sử Địa lý
21249,DDS,su-pham-lich-su-dia-ly,C00,Điểm thi THPT,2021,21.25,Sư phạm Lịch sử Địa lý
21250,DDS,su-pham-lich-su-dia-ly,C19,Điểm thi THPT,2021,21.25,Sư phạm Lịch sử Địa lý
21251,DDS,su-pham-lich-su-dia-ly,C20,Điểm thi THPT,2021,21.25,Sư phạm Lịch sử Địa lý
21252,DDS,su-pham-lich-su-dia-ly,D78,Điểm thi THPT,2021,21.25,Sư phạm Lịch sử Địa lý
21253,DDS,su-pham-lich-su-dia-ly,C00,Điểm thi THPT,2022,23.25,Sư phạm Lịch sử - Địa lý
21254,DDS,su-pham-lich-su-dia-ly,C19,Điểm thi THPT,2022,23.25,Sư phạm Lịch sử - Địa lý
21255,DDS,su-pham-lich-su-dia-ly,C20,Điểm thi THPT,2022,23.25,Sư phạm Lịch sử - Địa lý
21256,DDS,su-pham-lich-su-dia-ly,D78,Điểm thi THPT,2022,23.25,Sư phạm Lịch sử - Địa lý
21257,DDS,su-pham-lich-su-dia-ly,C00,Điểm học bạ,2023,23.75,Sư phạm Lịch sử - Địa lý
21258,DDS,su-pham-lich-su-dia-ly,C19,Điểm học bạ,2023,23.75,Sư phạm Lịch sử - Địa lý
21259,DDS,su-pham-lich-su-dia-ly,C20,Điểm học bạ,2023,23.75,Sư phạm Lịch sử - Địa lý
21260,DDS,su-pham-lich-su-dia-ly,D78,Điểm học bạ,2023,23.75,Sư phạm Lịch sử - Địa lý
21261,DDS,su-pham-lich-su-dia-ly,C00,Điểm thi THPT,2023,25.8,Sư phạm Lịch sử- Địa lý
21262,DDS,su-pham-lich-su-dia-ly,C19,Điểm thi THPT,2023,25.8,Sư phạm Lịch sử- Địa lý
21263,DDS,su-pham-lich-su-dia-ly,C20,Điểm thi THPT,2023,25.8,Sư phạm Lịch sử- Địa lý
21264,DDS,su-pham-lich-su-dia-ly,C00,Điểm học bạ,2024,26.7,Sư phạm Lịch sử - Địa lý
21265,DDS,su-pham-lich-su-dia-ly,C19,Điểm học bạ,2024,26.7,Sư phạm Lịch sử - Địa lý
21266,DDS,su-pham-lich-su-dia-ly,C20,Điểm học bạ,2024,26.7,Sư phạm Lịch sử - Địa lý
21267,DDS,su-pham-lich-su-dia-ly,D78,Điểm học bạ,2024,26.7,Sư phạm Lịch sử - Địa lý
21268,DDS,su-pham-lich-su-dia-ly,C00,Điểm thi THPT,2024,27.43,Sư phạm Lịch sử - Địa lý
21269,DDS,su-pham-lich-su-dia-ly,C19,Điểm thi THPT,2024,27.43,Sư phạm Lịch sử - Địa lý
21270,DDS,su-pham-lich-su-dia-ly,C20,Điểm thi THPT,2024,27.43,Sư phạm Lịch sử - Địa lý
21271,DDS,su-pham-lich-su-dia-ly,D78,Điểm thi THPT,2024,27.43,Sư phạm Lịch sử - Địa lý
21272,DDS,su-pham-lich-su-dia-ly,C00,Điểm học bạ,2025,27.63,Sư phạm Lịch sử - Địa lý
21273,DDS,su-pham-lich-su-dia-ly,C19,Điểm học bạ,2025,27.63,Sư phạm Lịch sử - Địa lý
21274,DDS,su-pham-lich-su-dia-ly,D14,Điểm học bạ,2025,27.63,Sư phạm Lịch sử - Địa lý
21275,DDS,su-pham-lich-su-dia-ly,X70,Điểm học bạ,2025,27.63,Sư phạm Lịch sử - Địa lý
21276,DDS,su-pham-lich-su-dia-ly,C00,Điểm thi THPT,2025,28.2,Sư phạm Lịch sử - Địa lý
21277,DDS,su-pham-lich-su-dia-ly,C19,Điểm thi THPT,2025,28.2,Sư phạm Lịch sử - Địa lý
21278,DDS,su-pham-lich-su-dia-ly,D14,Điểm thi THPT,2025,28.2,Sư phạm Lịch sử - Địa lý
21279,DDS,su-pham-lich-su-dia-ly,X70,Điểm thi THPT,2025,28.2,Sư phạm Lịch sử - Địa lý
21280,DDS,su-pham-my-thuat,H00,Điểm học bạ,2024,25.25,Sư phạm Mỹ thuật
21281,DDS,su-pham-my-thuat,H07,Điểm học bạ,2024,25.25,Sư phạm Mỹ thuật
21282,DDS,su-pham-my-thuat,H00,Điểm thi THPT,2024,24.3,Sư phạm Mỹ thuật
21283,DDS,su-pham-my-thuat,H07,Điểm thi THPT,2024,24.3,Sư phạm Mỹ thuật
21284,DDS,su-pham-my-thuat,H00,Điểm học bạ,2025,23.2,Sư phạm Mỹ thuật
21285,DDS,su-pham-my-thuat,H07,Điểm học bạ,2025,23.2,Sư phạm Mỹ thuật
21286,DDS,su-pham-my-thuat,H00,Điểm thi THPT,2025,23.46,Sư phạm Mỹ thuật
21287,DDS,su-pham-my-thuat,H07,Điểm thi THPT,2025,23.46,Sư phạm Mỹ thuật
21288,DDS,su-pham-ngu-van,C00,Điểm học bạ,2021,25.5,Sư phạm Ngữ văn
21289,DDS,su-pham-ngu-van,C14,Điểm học bạ,2021,25.5,Sư phạm Ngữ văn
21290,DDS,su-pham-ngu-van,D66,Điểm học bạ,2021,25.5,Sư phạm Ngữ văn
21291,DDS,su-pham-ngu-van,C00,Điểm thi THPT,2021,24.15,Sư phạm Ngữ văn
21292,DDS,su-pham-ngu-van,C14,Điểm thi THPT,2021,24.15,Sư phạm Ngữ văn
21293,DDS,su-pham-ngu-van,D66,Điểm thi THPT,2021,24.15,Sư phạm Ngữ văn
21294,DDS,su-pham-ngu-van,C00,Điểm thi THPT,2022,25.75,Sư phạm Ngữ văn
21295,DDS,su-pham-ngu-van,C14,Điểm thi THPT,2022,25.75,Sư phạm Ngữ văn
21296,DDS,su-pham-ngu-van,D66,Điểm thi THPT,2022,25.75,Sư phạm Ngữ văn
21297,DDS,su-pham-ngu-van,C00,Điểm học bạ,2023,27.35,Sư phạm Ngữ văn
21298,DDS,su-pham-ngu-van,C14,Điểm học bạ,2023,27.35,Sư phạm Ngữ văn
21299,DDS,su-pham-ngu-van,D66,Điểm học bạ,2023,27.35,Sư phạm Ngữ văn
21300,DDS,su-pham-ngu-van,C00,Điểm thi THPT,2023,25.92,Sư phạm Ngữ văn
21301,DDS,su-pham-ngu-van,C14,Điểm thi THPT,2023,25.92,Sư phạm Ngữ văn
21302,DDS,su-pham-ngu-van,D66,Điểm thi THPT,2023,25.92,Sư phạm Ngữ văn
21303,DDS,su-pham-ngu-van,C00,Điểm học bạ,2024,28.0,Sư phạm Ngữ văn
21304,DDS,su-pham-ngu-van,C14,Điểm học bạ,2024,28.0,Sư phạm Ngữ văn
21305,DDS,su-pham-ngu-van,D66,Điểm học bạ,2024,28.0,Sư phạm Ngữ văn
21306,DDS,su-pham-ngu-van,C00,Điểm thi THPT,2024,27.83,Sư phạm Ngữ văn
21307,DDS,su-pham-ngu-van,C14,Điểm thi THPT,2024,27.83,Sư phạm Ngữ văn
21308,DDS,su-pham-ngu-van,D66,Điểm thi THPT,2024,27.83,Sư phạm Ngữ văn
21309,DDS,su-pham-ngu-van,C00,Điểm học bạ,2025,28.39,Sư phạm Ngữ văn
21310,DDS,su-pham-ngu-van,C03,Điểm học bạ,2025,28.39,Sư phạm Ngữ văn
21311,DDS,su-pham-ngu-van,D14,Điểm học bạ,2025,28.39,Sư phạm Ngữ văn
21312,DDS,su-pham-ngu-van,C00,Điểm thi THPT,2025,28.84,Sư phạm Ngữ văn
21313,DDS,su-pham-ngu-van,C03,Điểm thi THPT,2025,28.84,Sư phạm Ngữ văn
21314,DDS,su-pham-ngu-van,D14,Điểm thi THPT,2025,28.84,Sư phạm Ngữ văn
21315,DDS,su-pham-sinh-hoc,B00,Điểm học bạ,2021,18.0,Sư phạm Sinh học
21316,DDS,su-pham-sinh-hoc,B08,Điểm học bạ,2021,18.0,Sư phạm Sinh học
21317,DDS,su-pham-sinh-hoc,B00,Điểm thi THPT,2021,19.05,Sư phạm Sinh học
21318,DDS,su-pham-sinh-hoc,B08,Điểm thi THPT,2021,19.05,Sư phạm Sinh học
21319,DDS,su-pham-sinh-hoc,B00,Điểm thi THPT,2022,19.25,Sư phạm Sinh học
21320,DDS,su-pham-sinh-hoc,B03,Điểm thi THPT,2022,19.25,Sư phạm Sinh học
21321,DDS,su-pham-sinh-hoc,B08,Điểm thi THPT,2022,19.25,Sư phạm Sinh học
21322,DDS,su-pham-sinh-hoc,B00,Điểm học bạ,2023,25.75,Sư phạm Sinh học
21323,DDS,su-pham-sinh-hoc,B03,Điểm học bạ,2023,25.75,Sư phạm Sinh học
21324,DDS,su-pham-sinh-hoc,B08,Điểm học bạ,2023,25.75,Sư phạm Sinh học
21325,DDS,su-pham-sinh-hoc,B00,Điểm thi THPT,2023,22.35,Sư phạm Sinh học
21326,DDS,su-pham-sinh-hoc,B03,Điểm thi THPT,2023,22.35,Sư phạm Sinh học
21327,DDS,su-pham-sinh-hoc,B08,Điểm thi THPT,2023,22.35,Sư phạm Sinh học
21328,DDS,su-pham-sinh-hoc,B00,Điểm học bạ,2024,27.5,Sư phạm Sinh học
21329,DDS,su-pham-sinh-hoc,B03,Điểm học bạ,2024,27.5,Sư phạm Sinh học
21330,DDS,su-pham-sinh-hoc,B08,Điểm học bạ,2024,27.5,Sư phạm Sinh học
21331,DDS,su-pham-sinh-hoc,B00,Điểm thi THPT,2024,25.12,Sư phạm Sinh học
21332,DDS,su-pham-sinh-hoc,B03,Điểm thi THPT,2024,25.12,Sư phạm Sinh học
21333,DDS,su-pham-sinh-hoc,B08,Điểm thi THPT,2024,25.12,Sư phạm Sinh học
21334,DDS,su-pham-sinh-hoc,B00,Điểm học bạ,2025,28.31,Sư phạm Sinh học
21335,DDS,su-pham-sinh-hoc,B03,Điểm học bạ,2025,28.31,Sư phạm Sinh học
21336,DDS,su-pham-sinh-hoc,B08,Điểm học bạ,2025,28.31,Sư phạm Sinh học
21337,DDS,su-pham-sinh-hoc,X14,Điểm học bạ,2025,28.31,Sư phạm Sinh học
21338,DDS,su-pham-sinh-hoc,X16,Điểm học bạ,2025,28.31,Sư phạm Sinh học
21339,DDS,su-pham-sinh-hoc,B00,Điểm thi THPT,2025,24.87,Sư phạm Sinh học
21340,DDS,su-pham-sinh-hoc,B03,Điểm thi THPT,2025,24.87,Sư phạm Sinh học
21341,DDS,su-pham-sinh-hoc,B08,Điểm thi THPT,2025,24.87,Sư phạm Sinh học
21342,DDS,su-pham-sinh-hoc,X14,Điểm thi THPT,2025,24.87,Sư phạm Sinh học
21343,DDS,su-pham-sinh-hoc,X16,Điểm thi THPT,2025,24.87,Sư phạm Sinh học
21344,DDS,su-pham-tin-hoc,A00,Điểm học bạ,2021,18.0,Sư phạm Tin học
21345,DDS,su-pham-tin-hoc,A01,Điểm học bạ,2021,18.0,Sư phạm Tin học
21346,DDS,su-pham-tin-hoc,A00,Điểm thi THPT,2021,19.75,Sư phạm Tin học
21347,DDS,su-pham-tin-hoc,A01,Điểm thi THPT,2021,19.75,Sư phạm Tin học
21348,DDS,su-pham-tin-hoc,A00,Điểm thi THPT,2022,19.4,Sư phạm Tin học
21349,DDS,su-pham-tin-hoc,A01,Điểm thi THPT,2022,19.4,Sư phạm Tin học
21350,DDS,su-pham-tin-hoc,A00,Điểm học bạ,2023,24.2,Sư phạm Tin học
21351,DDS,su-pham-tin-hoc,A01,Điểm học bạ,2023,24.2,Sư phạm Tin học
21352,DDS,su-pham-tin-hoc,A00,Điểm thi THPT,2023,21.4,Sư phạm Tin học
21353,DDS,su-pham-tin-hoc,A01,Điểm thi THPT,2023,21.4,Sư phạm Tin học
21354,DDS,su-pham-tin-hoc,A00,Điểm học bạ,2024,26.45,Sư phạm Tin học
21355,DDS,su-pham-tin-hoc,A01,Điểm học bạ,2024,26.45,Sư phạm Tin học
21356,DDS,su-pham-tin-hoc,A00,Điểm thi THPT,2024,24.1,Sư phạm Tin học
21357,DDS,su-pham-tin-hoc,A01,Điểm thi THPT,2024,24.1,Sư phạm Tin học
21358,DDS,su-pham-tin-hoc,A00,Điểm học bạ,2025,28.07,Sư phạm Tin học
21359,DDS,su-pham-tin-hoc,A01,Điểm học bạ,2025,28.07,Sư phạm Tin học
21360,DDS,su-pham-tin-hoc,X06,Điểm học bạ,2025,28.07,Sư phạm Tin học
21361,DDS,su-pham-tin-hoc,A00,Điểm thi THPT,2025,25.99,Sư phạm Tin học
21362,DDS,su-pham-tin-hoc,A01,Điểm thi THPT,2025,25.99,Sư phạm Tin học
21363,DDS,su-pham-tin-hoc,X06,Điểm thi THPT,2025,25.99,Sư phạm Tin học
21364,DDS,su-pham-tin-hoc-va-cong-nghe-tieu-hoc,A00,Điểm học bạ,2021,18.0,Sư phạm Tin học và Công nghệ Tiểu học
21365,DDS,su-pham-tin-hoc-va-cong-nghe-tieu-hoc,A02,Điểm học bạ,2021,18.0,Sư phạm Tin học và Công nghệ Tiểu học
21366,DDS,su-pham-tin-hoc-va-cong-nghe-tieu-hoc,D01,Điểm học bạ,2021,18.0,Sư phạm Tin học và Công nghệ Tiểu học
21367,DDS,su-pham-tin-hoc-va-cong-nghe-tieu-hoc,A00,Điểm thi THPT,2021,19.85,Sư phạm Tin học và Công nghệ Tiểu học
21368,DDS,su-pham-tin-hoc-va-cong-nghe-tieu-hoc,A02,Điểm thi THPT,2021,19.85,Sư phạm Tin học và Công nghệ Tiểu học
21369,DDS,su-pham-tin-hoc-va-cong-nghe-tieu-hoc,D01,Điểm thi THPT,2021,19.85,Sư phạm Tin học và Công nghệ Tiểu học
21370,DDS,su-pham-tin-hoc-va-cong-nghe-tieu-hoc,A00,Điểm thi THPT,2023,22.3,Sư phạm Tin học và Công nghệ Tiểu học
21371,DDS,su-pham-tin-hoc-va-cong-nghe-tieu-hoc,B00,Điểm thi THPT,2023,22.3,Sư phạm Tin học và Công nghệ Tiểu học
21372,DDS,su-pham-tin-hoc-va-cong-nghe-tieu-hoc,C00,Điểm thi THPT,2023,22.3,Sư phạm Tin học và Công nghệ Tiểu học
21373,DDS,su-pham-tin-hoc-va-cong-nghe-tieu-hoc,D01,Điểm thi THPT,2023,22.3,Sư phạm Tin học và Công nghệ Tiểu học
21374,DDS,su-pham-tin-hoc-va-cong-nghe-tieu-hoc,A00,Điểm học bạ,2024,23.75,Sư phạm Tin học và Công nghệ Tiểu học
21375,DDS,su-pham-tin-hoc-va-cong-nghe-tieu-hoc,B00,Điểm học bạ,2024,23.75,Sư phạm Tin học và Công nghệ Tiểu học
21376,DDS,su-pham-tin-hoc-va-cong-nghe-tieu-hoc,C00,Điểm học bạ,2024,23.75,Sư phạm Tin học và Công nghệ Tiểu học
21377,DDS,su-pham-tin-hoc-va-cong-nghe-tieu-hoc,D01,Điểm học bạ,2024,23.75,Sư phạm Tin học và Công nghệ Tiểu học
21378,DDS,su-pham-tin-hoc-va-cong-nghe-tieu-hoc,A00,Điểm thi THPT,2024,26.5,Sư phạm Tin học và Công nghệ Tiểu học
21379,DDS,su-pham-tin-hoc-va-cong-nghe-tieu-hoc,B00,Điểm thi THPT,2024,26.5,Sư phạm Tin học và Công nghệ Tiểu học
21380,DDS,su-pham-tin-hoc-va-cong-nghe-tieu-hoc,C00,Điểm thi THPT,2024,26.5,Sư phạm Tin học và Công nghệ Tiểu học
21381,DDS,su-pham-tin-hoc-va-cong-nghe-tieu-hoc,D01,Điểm thi THPT,2024,26.5,Sư phạm Tin học và Công nghệ Tiểu học
21382,DDS,su-pham-tin-hoc-va-cong-nghe-tieu-hoc,C01,Điểm học bạ,2025,27.14,Sư phạm Tin học và Công nghệ Tiểu học
21383,DDS,su-pham-tin-hoc-va-cong-nghe-tieu-hoc,C02,Điểm học bạ,2025,27.14,Sư phạm Tin học và Công nghệ Tiểu học
21384,DDS,su-pham-tin-hoc-va-cong-nghe-tieu-hoc,D01,Điểm học bạ,2025,27.14,Sư phạm Tin học và Công nghệ Tiểu học
21385,DDS,su-pham-tin-hoc-va-cong-nghe-tieu-hoc,X02,Điểm học bạ,2025,27.14,Sư phạm Tin học và Công nghệ Tiểu học
21386,DDS,su-pham-tin-hoc-va-cong-nghe-tieu-hoc,X03,Điểm học bạ,2025,27.14,Sư phạm Tin học và Công nghệ Tiểu học
21387,DDS,su-pham-tin-hoc-va-cong-nghe-tieu-hoc,C01,Điểm thi THPT,2025,22.25,Sư phạm Tin học và Công nghệ Tiểu học
21388,DDS,su-pham-tin-hoc-va-cong-nghe-tieu-hoc,C02,Điểm thi THPT,2025,22.25,Sư phạm Tin học và Công nghệ Tiểu học
21389,DDS,su-pham-tin-hoc-va-cong-nghe-tieu-hoc,D01,Điểm thi THPT,2025,22.25,Sư phạm Tin học và Công nghệ Tiểu học
21390,DDS,su-pham-tin-hoc-va-cong-nghe-tieu-hoc,X02,Điểm thi THPT,2025,22.25,Sư phạm Tin học và Công nghệ Tiểu học
21391,DDS,su-pham-tin-hoc-va-cong-nghe-tieu-hoc,X03,Điểm thi THPT,2025,22.25,Sư phạm Tin học và Công nghệ Tiểu học
21392,DDS,su-pham-toan-hoc,A00,Điểm học bạ,2021,27.25,Sư phạm Toán học
21393,DDS,su-pham-toan-hoc,A01,Điểm học bạ,2021,27.25,Sư phạm Toán học
21394,DDS,su-pham-toan-hoc,A00,Điểm thi THPT,2021,24.4,Sư phạm Toán học
21395,DDS,su-pham-toan-hoc,A01,Điểm thi THPT,2021,24.4,Sư phạm Toán học
21396,DDS,su-pham-toan-hoc,A00,Điểm thi THPT,2022,25.0,Sư phạm Toán học
21397,DDS,su-pham-toan-hoc,A01,Điểm thi THPT,2022,25.0,Sư phạm Toán học
21398,DDS,su-pham-toan-hoc,A00,Điểm học bạ,2023,28.6,Sư phạm Toán học
21399,DDS,su-pham-toan-hoc,A01,Điểm học bạ,2023,28.6,Sư phạm Toán học
21400,DDS,su-pham-toan-hoc,A00,Điểm thi THPT,2023,24.96,Sư phạm Toán học
21401,DDS,su-pham-toan-hoc,A01,Điểm thi THPT,2023,24.96,Sư phạm Toán học
21402,DDS,su-pham-toan-hoc,A00,Điểm học bạ,2024,29.0,Sư phạm Toán học
21403,DDS,su-pham-toan-hoc,A01,Điểm học bạ,2024,29.0,Sư phạm Toán học
21404,DDS,su-pham-toan-hoc,A00,Điểm thi THPT,2024,26.18,Sư phạm Toán học
21405,DDS,su-pham-toan-hoc,A01,Điểm thi THPT,2024,26.18,Sư phạm Toán học
21406,DDS,su-pham-toan-hoc,A00,Điểm học bạ,2025,29.26,Sư phạm Toán học
21407,DDS,su-pham-toan-hoc,A01,Điểm học bạ,2025,29.26,Sư phạm Toán học
21408,DDS,su-pham-toan-hoc,X06,Điểm học bạ,2025,29.26,Sư phạm Toán học
21409,DDS,su-pham-toan-hoc,A00,Điểm thi THPT,2025,28.07,Sư phạm Toán học
21410,DDS,su-pham-toan-hoc,A01,Điểm thi THPT,2025,28.07,Sư phạm Toán học
21411,DDS,su-pham-toan-hoc,X06,Điểm thi THPT,2025,28.07,Sư phạm Toán học
21412,DDS,su-pham-vat-ly,A00,Điểm học bạ,2021,24.0,Sư phạm Vật lý
21413,DDS,su-pham-vat-ly,A01,Điểm học bạ,2021,24.0,Sư phạm Vật lý
21414,DDS,su-pham-vat-ly,A02,Điểm học bạ,2021,24.0,Sư phạm Vật lý
21415,DDS,su-pham-vat-ly,A00,Điểm thi THPT,2021,23.4,Sư phạm Vật lý
21416,DDS,su-pham-vat-ly,A01,Điểm thi THPT,2021,23.4,Sư phạm Vật lý
21417,DDS,su-pham-vat-ly,A02,Điểm thi THPT,2021,23.4,Sư phạm Vật lý
21418,DDS,su-pham-vat-ly,A00,Điểm thi THPT,2022,23.75,Sư phạm Vật lý
21419,DDS,su-pham-vat-ly,A01,Điểm thi THPT,2022,23.75,Sư phạm Vật lý
21420,DDS,su-pham-vat-ly,A02,Điểm thi THPT,2022,23.75,Sư phạm Vật lý
21421,DDS,su-pham-vat-ly,A00,Điểm học bạ,2023,27.0,Sư phạm Vật lý
21422,DDS,su-pham-vat-ly,A01,Điểm học bạ,2023,27.0,Sư phạm Vật lý
21423,DDS,su-pham-vat-ly,A02,Điểm học bạ,2023,27.0,Sư phạm Vật lý
21424,DDS,su-pham-vat-ly,A00,Điểm thi THPT,2023,24.7,Sư phạm Vật lý
21425,DDS,su-pham-vat-ly,A01,Điểm thi THPT,2023,24.7,Sư phạm Vật lý
21426,DDS,su-pham-vat-ly,A02,Điểm thi THPT,2023,24.7,Sư phạm Vật lý
21427,DDS,su-pham-vat-ly,A00,Điểm học bạ,2024,28.4,Sư phạm Vật lý
21428,DDS,su-pham-vat-ly,A01,Điểm học bạ,2024,28.4,Sư phạm Vật lý
21429,DDS,su-pham-vat-ly,A02,Điểm học bạ,2024,28.4,Sư phạm Vật lý
21430,DDS,su-pham-vat-ly,A00,Điểm thi THPT,2024,26.0,Sư phạm Vật lý
21431,DDS,su-pham-vat-ly,A01,Điểm thi THPT,2024,26.0,Sư phạm Vật lý
21432,DDS,su-pham-vat-ly,A02,Điểm thi THPT,2024,26.0,Sư phạm Vật lý
21433,DDS,su-pham-vat-ly,A00,Điểm học bạ,2025,29.25,Sư phạm Vật lý
21434,DDS,su-pham-vat-ly,A01,Điểm học bạ,2025,29.25,Sư phạm Vật lý
21435,DDS,su-pham-vat-ly,C01,Điểm học bạ,2025,29.25,Sư phạm Vật lý
21436,DDS,su-pham-vat-ly,X06,Điểm học bạ,2025,29.25,Sư phạm Vật lý
21437,DDS,su-pham-vat-ly,A00,Điểm thi THPT,2025,28.06,Sư phạm Vật lý
21438,DDS,su-pham-vat-ly,A01,Điểm thi THPT,2025,28.06,Sư phạm Vật lý
21439,DDS,su-pham-vat-ly,C01,Điểm thi THPT,2025,28.06,Sư phạm Vật lý
21440,DDS,su-pham-vat-ly,X06,Điểm thi THPT,2025,28.06,Sư phạm Vật lý
21441,DDS,tam-ly-hoc,B00,Điểm học bạ,2021,21.0,Tâm lý học
21442,DDS,tam-ly-hoc,C00,Điểm học bạ,2021,21.0,Tâm lý học
21443,DDS,tam-ly-hoc,D01,Điểm học bạ,2021,21.0,Tâm lý học
21444,DDS,tam-ly-hoc,B00,Điểm thi THPT,2021,16.25,Tâm lý học
21445,DDS,tam-ly-hoc,C00,Điểm thi THPT,2021,16.25,Tâm lý học
21446,DDS,tam-ly-hoc,D01,Điểm thi THPT,2021,16.25,Tâm lý học
21447,DDS,tam-ly-hoc,B00,Điểm thi THPT,2022,21.5,Tâm lý học
21448,DDS,tam-ly-hoc,C00,Điểm thi THPT,2022,21.5,Tâm lý học
21449,DDS,tam-ly-hoc,D01,Điểm thi THPT,2022,21.5,Tâm lý học
21450,DDS,tam-ly-hoc,D66,Điểm thi THPT,2022,21.5,Tâm lý học
21451,DDS,tam-ly-hoc,B00,Điểm học bạ,2023,26.0,Tâm lý học
21452,DDS,tam-ly-hoc,C00,Điểm học bạ,2023,26.0,Tâm lý học
21453,DDS,tam-ly-hoc,D01,Điểm học bạ,2023,26.0,Tâm lý học
21454,DDS,tam-ly-hoc,D66,Điểm học bạ,2023,26.0,Tâm lý học
21455,DDS,tam-ly-hoc,B00,Điểm thi THPT,2023,23.0,Tâm lý học
21456,DDS,tam-ly-hoc,C00,Điểm thi THPT,2023,23.0,Tâm lý học
21457,DDS,tam-ly-hoc,D01,Điểm thi THPT,2023,23.0,Tâm lý học
21458,DDS,tam-ly-hoc,D66,Điểm thi THPT,2023,23.0,Tâm lý học
21459,DDS,tam-ly-hoc,B00,Điểm học bạ,2024,26.25,Tâm lý học
21460,DDS,tam-ly-hoc,C00,Điểm học bạ,2024,26.25,Tâm lý học
21461,DDS,tam-ly-hoc,D01,Điểm học bạ,2024,26.25,Tâm lý học
21462,DDS,tam-ly-hoc,D66,Điểm học bạ,2024,26.25,Tâm lý học
21463,DDS,tam-ly-hoc,B00,Điểm thi THPT,2024,25.41,Tâm lý học
21464,DDS,tam-ly-hoc,C00,Điểm thi THPT,2024,25.41,Tâm lý học
21465,DDS,tam-ly-hoc,D01,Điểm thi THPT,2024,25.41,Tâm lý học
21466,DDS,tam-ly-hoc,D66,Điểm thi THPT,2024,25.41,Tâm lý học
21467,DDS,tam-ly-hoc-gom-cac-chuyen-nganh-1-tam-ly-hoc-truong-hoc-va-to-chuc-2-tam-ly-hoc-lam-sang,B03,Điểm học bạ,2025,27.44,"Tâm lý học, gồm các chuyên ngành: 1. Tâm lý học trường học và tổ chức 2. Tâm lý học lâm sàng"
21468,DDS,tam-ly-hoc-gom-cac-chuyen-nganh-1-tam-ly-hoc-truong-hoc-va-to-chuc-2-tam-ly-hoc-lam-sang,C02,Điểm học bạ,2025,27.44,"Tâm lý học, gồm các chuyên ngành: 1. Tâm lý học trường học và tổ chức 2. Tâm lý học lâm sàng"
21469,DDS,tam-ly-hoc-gom-cac-chuyen-nganh-1-tam-ly-hoc-truong-hoc-va-to-chuc-2-tam-ly-hoc-lam-sang,C03,Điểm học bạ,2025,27.44,"Tâm lý học, gồm các chuyên ngành: 1. Tâm lý học trường học và tổ chức 2. Tâm lý học lâm sàng"
21470,DDS,tam-ly-hoc-gom-cac-chuyen-nganh-1-tam-ly-hoc-truong-hoc-va-to-chuc-2-tam-ly-hoc-lam-sang,C04,Điểm học bạ,2025,27.44,"Tâm lý học, gồm các chuyên ngành: 1. Tâm lý học trường học và tổ chức 2. Tâm lý học lâm sàng"
21471,DDS,tam-ly-hoc-gom-cac-chuyen-nganh-1-tam-ly-hoc-truong-hoc-va-to-chuc-2-tam-ly-hoc-lam-sang,C14,Điểm học bạ,2025,27.44,"Tâm lý học, gồm các chuyên ngành: 1. Tâm lý học trường học và tổ chức 2. Tâm lý học lâm sàng"
21472,DDS,tam-ly-hoc-gom-cac-chuyen-nganh-1-tam-ly-hoc-truong-hoc-va-to-chuc-2-tam-ly-hoc-lam-sang,D01,Điểm học bạ,2025,27.44,"Tâm lý học, gồm các chuyên ngành: 1. Tâm lý học trường học và tổ chức 2. Tâm lý học lâm sàng"
21473,DDS,tam-ly-hoc-gom-cac-chuyen-nganh-1-tam-ly-hoc-truong-hoc-va-to-chuc-2-tam-ly-hoc-lam-sang,X01,Điểm học bạ,2025,27.44,"Tâm lý học, gồm các chuyên ngành: 1. Tâm lý học trường học và tổ chức 2. Tâm lý học lâm sàng"
21474,DDS,tam-ly-hoc-gom-cac-chuyen-nganh-tam-ly-hoc-truong-hoc-va-to-chuc-tam-ly-hoc-lam-sang,B03,Điểm thi THPT,2025,22.7,"Tâm lý học, gồm các chuyên ngành: Tâm lý học trường học và tổ chức ; Tâm lý học lâm sàng"
21475,DDS,tam-ly-hoc-gom-cac-chuyen-nganh-tam-ly-hoc-truong-hoc-va-to-chuc-tam-ly-hoc-lam-sang,C02,Điểm thi THPT,2025,22.7,"Tâm lý học, gồm các chuyên ngành: Tâm lý học trường học và tổ chức ; Tâm lý học lâm sàng"
21476,DDS,tam-ly-hoc-gom-cac-chuyen-nganh-tam-ly-hoc-truong-hoc-va-to-chuc-tam-ly-hoc-lam-sang,C03,Điểm thi THPT,2025,22.7,"Tâm lý học, gồm các chuyên ngành: Tâm lý học trường học và tổ chức ; Tâm lý học lâm sàng"
21477,DDS,tam-ly-hoc-gom-cac-chuyen-nganh-tam-ly-hoc-truong-hoc-va-to-chuc-tam-ly-hoc-lam-sang,C04,Điểm thi THPT,2025,22.7,"Tâm lý học, gồm các chuyên ngành: Tâm lý học trường học và tổ chức ; Tâm lý học lâm sàng"
21478,DDS,tam-ly-hoc-gom-cac-chuyen-nganh-tam-ly-hoc-truong-hoc-va-to-chuc-tam-ly-hoc-lam-sang,C14,Điểm thi THPT,2025,22.7,"Tâm lý học, gồm các chuyên ngành: Tâm lý học trường học và tổ chức ; Tâm lý học lâm sàng"
21479,DDS,tam-ly-hoc-gom-cac-chuyen-nganh-tam-ly-hoc-truong-hoc-va-to-chuc-tam-ly-hoc-lam-sang,D01,Điểm thi THPT,2025,22.7,"Tâm lý học, gồm các chuyên ngành: Tâm lý học trường học và tổ chức ; Tâm lý học lâm sàng"
21480,DDS,tam-ly-hoc-gom-cac-chuyen-nganh-tam-ly-hoc-truong-hoc-va-to-chuc-tam-ly-hoc-lam-sang,X01,Điểm thi THPT,2025,22.7,"Tâm lý học, gồm các chuyên ngành: Tâm lý học trường học và tổ chức ; Tâm lý học lâm sàng"
21481,DDS,van-hoa-du-lich,C00,Điểm học bạ,2021,16.0,Việt Nam học (chuyên ngành Văn hóa du lịch)
21482,DDS,van-hoa-du-lich,D14,Điểm học bạ,2021,16.0,Việt Nam học (chuyên ngành Văn hóa du lịch)
21483,DDS,van-hoa-du-lich,D15,Điểm học bạ,2021,16.0,Việt Nam học (chuyên ngành Văn hóa du lịch)
21484,DDS,van-hoa-du-lich,C00,Điểm thi THPT,2021,15.0,Việt Nam học (chuyên ngành Văn hóa du lịch)
21485,DDS,van-hoa-du-lich,D14,Điểm thi THPT,2021,15.0,Việt Nam học (chuyên ngành Văn hóa du lịch)
21486,DDS,van-hoa-du-lich,D15,Điểm thi THPT,2021,15.0,Việt Nam học (chuyên ngành Văn hóa du lịch)
21487,DDS,van-hoa-du-lich,C00,Điểm học bạ,2023,23.75,Việt Nam học (chuyên ngành Văn hóa du lịch)
21488,DDS,van-hoa-du-lich,D14,Điểm học bạ,2023,23.75,Việt Nam học (chuyên ngành Văn hóa du lịch)
21489,DDS,van-hoa-du-lich,D15,Điểm học bạ,2023,23.75,Việt Nam học (chuyên ngành Văn hóa du lịch)
21490,DDS,van-hoa-du-lich,C00,Điểm thi THPT,2023,20.5,Việt Nam học (chuyên ngành Văn hóa du lịch)
21491,DDS,van-hoa-du-lich,D14,Điểm thi THPT,2023,20.5,Việt Nam học (chuyên ngành Văn hóa du lịch)
21492,DDS,van-hoa-du-lich,D15,Điểm thi THPT,2023,20.5,Việt Nam học (chuyên ngành Văn hóa du lịch)
21493,DDS,van-hoa-du-lich,C00,Điểm học bạ,2024,23.75,Việt Nam học (chuyên ngành Văn hóa du lịch)
21494,DDS,van-hoa-du-lich,D14,Điểm học bạ,2024,23.75,Việt Nam học (chuyên ngành Văn hóa du lịch)
21495,DDS,van-hoa-du-lich,D15,Điểm học bạ,2024,23.75,Việt Nam học (chuyên ngành Văn hóa du lịch)
21496,DDS,van-hoa-du-lich,C00,Điểm thi THPT,2024,24.25,Việt Nam học (chuyên ngành Văn hóa du lịch)
21497,DDS,van-hoa-du-lich,D14,Điểm thi THPT,2024,24.25,Việt Nam học (chuyên ngành Văn hóa du lịch)
21498,DDS,van-hoa-du-lich,D15,Điểm thi THPT,2024,24.25,Việt Nam học (chuyên ngành Văn hóa du lịch)
21499,DDS,van-hoa-du-lich,C00,Điểm học bạ,2025,25.96,Việt Nam học (chuyên ngành Văn hóa du lịch)
21500,DDS,van-hoa-du-lich,C19,Điểm học bạ,2025,25.96,Việt Nam học (chuyên ngành Văn hóa du lịch)
21501,DDS,van-hoa-du-lich,D14,Điểm học bạ,2025,25.96,Việt Nam học (chuyên ngành Văn hóa du lịch)
21502,DDS,van-hoa-du-lich,X70,Điểm học bạ,2025,25.96,Việt Nam học (chuyên ngành Văn hóa du lịch)
21503,DDS,van-hoa-du-lich,C00,Điểm thi THPT,2025,26.87,Việt Nam học (chuyên ngành Văn hóa du lịch)
21504,DDS,van-hoa-du-lich,C19,Điểm thi THPT,2025,26.87,Việt Nam học (chuyên ngành Văn hóa du lịch)
21505,DDS,van-hoa-du-lich,D14,Điểm thi THPT,2025,26.87,Việt Nam học (chuyên ngành Văn hóa du lịch)
21506,DDS,van-hoa-du-lich,X70,Điểm thi THPT,2025,26.87,Việt Nam học (chuyên ngành Văn hóa du lịch)
21507,DDS,van-hoa-hoc,C00,Điểm học bạ,2021,15.0,Văn hoá học
21508,DDS,van-hoa-hoc,C14,Điểm học bạ,2021,15.0,Văn hoá học
21509,DDS,van-hoa-hoc,D15,Điểm học bạ,2021,15.0,Văn hoá học
21510,DDS,van-hoa-hoc,D66,Điểm học bạ,2021,15.0,Văn hoá học
21511,DDS,van-hoa-hoc,C00,Điểm thi THPT,2021,15.0,Văn hoá học
21512,DDS,van-hoa-hoc,C14,Điểm thi THPT,2021,15.0,Văn hoá học
21513,DDS,van-hoa-hoc,D15,Điểm thi THPT,2021,15.0,Văn hoá học
21514,DDS,van-hoa-hoc,D66,Điểm thi THPT,2021,15.0,Văn hoá học
21515,DDS,van-hoa-hoc,C00,Điểm thi THPT,2022,15.25,Văn hóa học
21516,DDS,van-hoa-hoc,C14,Điểm thi THPT,2022,15.25,Văn hóa học
21517,DDS,van-hoa-hoc,D15,Điểm thi THPT,2022,15.25,Văn hóa học
21518,DDS,van-hoa-hoc,D66,Điểm thi THPT,2022,15.25,Văn hóa học
21519,DDS,van-hoa-hoc,C00,Điểm học bạ,2023,21.75,Văn hóa học
21520,DDS,van-hoa-hoc,C14,Điểm học bạ,2023,21.75,Văn hóa học
21521,DDS,van-hoa-hoc,D15,Điểm học bạ,2023,21.75,Văn hóa học
21522,DDS,van-hoa-hoc,D66,Điểm học bạ,2023,21.75,Văn hóa học
21523,DDS,van-hoa-hoc,C00,Điểm thi THPT,2023,21.35,Văn hoá học
21524,DDS,van-hoa-hoc,C14,Điểm thi THPT,2023,21.35,Văn hoá học
21525,DDS,van-hoa-hoc,D15,Điểm thi THPT,2023,21.35,Văn hoá học
21526,DDS,van-hoa-hoc,D66,Điểm thi THPT,2023,21.35,Văn hoá học
21527,DDS,van-hoa-hoc,C00,Điểm học bạ,2024,23.75,Văn hóa học
21528,DDS,van-hoa-hoc,C14,Điểm học bạ,2024,23.75,Văn hóa học
21529,DDS,van-hoa-hoc,D15,Điểm học bạ,2024,23.75,Văn hóa học
21530,DDS,van-hoa-hoc,D66,Điểm học bạ,2024,23.75,Văn hóa học
21531,DDS,van-hoa-hoc,C00,Điểm thi THPT,2024,24.25,Văn hoá học
21532,DDS,van-hoa-hoc,C14,Điểm thi THPT,2024,24.25,Văn hoá học
21533,DDS,van-hoa-hoc,D15,Điểm thi THPT,2024,24.25,Văn hoá học
21534,DDS,van-hoa-hoc,D66,Điểm thi THPT,2024,24.25,Văn hoá học
21535,DDS,van-hoa-hoc,C00,Điểm học bạ,2025,25.55,Văn hóa học
21536,DDS,van-hoa-hoc,C03,Điểm học bạ,2025,25.55,Văn hóa học
21537,DDS,van-hoa-hoc,D14,Điểm học bạ,2025,25.55,Văn hóa học
21538,DDS,van-hoa-hoc,C00,Điểm thi THPT,2025,26.52,Văn hóa học
21539,DDS,van-hoa-hoc,C03,Điểm thi THPT,2025,26.52,Văn hóa học
21540,DDS,van-hoa-hoc,D14,Điểm thi THPT,2025,26.52,Văn hóa học
21541,DDS,van-hoc,C00,Điểm học bạ,2021,15.0,Văn học
21542,DDS,van-hoc,C14,Điểm học bạ,2021,15.0,Văn học
21543,DDS,van-hoc,D15,Điểm học bạ,2021,15.0,Văn học
21544,DDS,van-hoc,D66,Điểm học bạ,2021,15.0,Văn học
21545,DDS,van-hoc,C00,Điểm thi THPT,2021,15.5,Văn học
21546,DDS,van-hoc,C14,Điểm thi THPT,2021,15.5,Văn học
21547,DDS,van-hoc,D15,Điểm thi THPT,2021,15.5,Văn học
21548,DDS,van-hoc,D66,Điểm thi THPT,2021,15.5,Văn học
21549,DDS,van-hoc,C00,Điểm thi THPT,2022,20.0,Văn học
21550,DDS,van-hoc,C14,Điểm thi THPT,2022,20.0,Văn học
21551,DDS,van-hoc,D15,Điểm thi THPT,2022,20.0,Văn học
21552,DDS,van-hoc,D66,Điểm thi THPT,2022,20.0,Văn học
21553,DDS,van-hoc,C00,Điểm học bạ,2023,23.0,Văn học
21554,DDS,van-hoc,C14,Điểm học bạ,2023,23.0,Văn học
21555,DDS,van-hoc,D15,Điểm học bạ,2023,23.0,Văn học
21556,DDS,van-hoc,D66,Điểm học bạ,2023,23.0,Văn học
21557,DDS,van-hoc,C00,Điểm thi THPT,2023,23.34,Văn học
21558,DDS,van-hoc,C14,Điểm thi THPT,2023,23.34,Văn học
21559,DDS,van-hoc,D15,Điểm thi THPT,2023,23.34,Văn học
21560,DDS,van-hoc,D66,Điểm thi THPT,2023,23.34,Văn học
21561,DDS,van-hoc,C00,Điểm học bạ,2024,24.25,Văn học
21562,DDS,van-hoc,C14,Điểm học bạ,2024,24.25,Văn học
21563,DDS,van-hoc,D15,Điểm học bạ,2024,24.25,Văn học
21564,DDS,van-hoc,D66,Điểm học bạ,2024,24.25,Văn học
21565,DDS,van-hoc,C00,Điểm thi THPT,2024,26.0,Văn học
21566,DDS,van-hoc,C14,Điểm thi THPT,2024,26.0,Văn học
21567,DDS,van-hoc,D15,Điểm thi THPT,2024,26.0,Văn học
21568,DDS,van-hoc,D66,Điểm thi THPT,2024,26.0,Văn học
21569,DDS,van-hoc,C00,Điểm học bạ,2025,26.67,Văn học
21570,DDS,van-hoc,C03,Điểm học bạ,2025,26.67,Văn học
21571,DDS,van-hoc,D14,Điểm học bạ,2025,26.67,Văn học
21572,DDS,van-hoc,C00,Điểm thi THPT,2025,27.38,Văn học
21573,DDS,van-hoc,C03,Điểm thi THPT,2025,27.38,Văn học
21574,DDS,van-hoc,D14,Điểm thi THPT,2025,27.38,Văn học
21575,DDS,vat-ly-ky-thuat,A00,Điểm thi THPT,2022,15.8,Vật lý kỹ thuật
21576,DDS,vat-ly-ky-thuat,A01,Điểm thi THPT,2022,15.8,Vật lý kỹ thuật
21577,DDS,vat-ly-ky-thuat,A02,Điểm thi THPT,2022,15.8,Vật lý kỹ thuật
21578,DDS,vat-ly-ky-thuat,A00,Điểm học bạ,2023,15.0,Vật lý kỹ thuật
21579,DDS,vat-ly-ky-thuat,A01,Điểm học bạ,2023,15.0,Vật lý kỹ thuật
21580,DDS,vat-ly-ky-thuat,A02,Điểm học bạ,2023,15.0,Vật lý kỹ thuật
21581,DDS,vat-ly-ky-thuat,A00,Điểm thi THPT,2023,15.35,Vật lý kỹ thuật
21582,DDS,vat-ly-ky-thuat,A01,Điểm thi THPT,2023,15.35,Vật lý kỹ thuật
21583,DDS,vat-ly-ky-thuat,A02,Điểm thi THPT,2023,15.35,Vật lý kỹ thuật
21584,DDS,vat-ly-ky-thuat,A00,Điểm học bạ,2024,19.0,Vật lý kỹ thuật
21585,DDS,vat-ly-ky-thuat,A01,Điểm học bạ,2024,19.0,Vật lý kỹ thuật
21586,DDS,vat-ly-ky-thuat,A02,Điểm học bạ,2024,19.0,Vật lý kỹ thuật
21587,DDS,vat-ly-ky-thuat,A00,Điểm thi THPT,2024,17.2,Vật lý kỹ thuật
21588,DDS,vat-ly-ky-thuat,A01,Điểm thi THPT,2024,17.2,Vật lý kỹ thuật
21589,DDS,vat-ly-ky-thuat,A02,Điểm thi THPT,2024,17.2,Vật lý kỹ thuật
21590,DDS,vat-ly-ky-thuat,A00,Điểm học bạ,2025,25.63,Vật lý kỹ thuật
21591,DDS,vat-ly-ky-thuat,A01,Điểm học bạ,2025,25.63,Vật lý kỹ thuật
21592,DDS,vat-ly-ky-thuat,C01,Điểm học bạ,2025,25.63,Vật lý kỹ thuật
21593,DDS,vat-ly-ky-thuat,X06,Điểm học bạ,2025,25.63,Vật lý kỹ thuật
21594,DDS,vat-ly-ky-thuat,X07,Điểm học bạ,2025,25.63,Vật lý kỹ thuật
21595,DDS,vat-ly-ky-thuat,A00,Điểm thi THPT,2025,21.0,Vật lý kỹ thuật
21596,DDS,vat-ly-ky-thuat,A01,Điểm thi THPT,2025,21.0,Vật lý kỹ thuật
21597,DDS,vat-ly-ky-thuat,C01,Điểm thi THPT,2025,21.0,Vật lý kỹ thuật
21598,DDS,vat-ly-ky-thuat,X06,Điểm thi THPT,2025,21.0,Vật lý kỹ thuật
21599,DDS,vat-ly-ky-thuat,X07,Điểm thi THPT,2025,21.0,Vật lý kỹ thuật
21600,DDS,viet-nam-hoc,C00,Điểm thi THPT,2022,18.75,Việt Nam học (Văn hóa du lịch)
21601,DDS,viet-nam-hoc,D14,Điểm thi THPT,2022,18.75,Việt Nam học (Văn hóa du lịch)
21602,DDS,viet-nam-hoc,D15,Điểm thi THPT,2022,18.75,Việt Nam học (Văn hóa du lịch)
21603,DDT,an-toan-thong-tin,A00,Điểm học bạ,2021,18.0,An toàn Thông tin
21604,DDT,an-toan-thong-tin,C01,Điểm học bạ,2021,18.0,An toàn Thông tin
21605,DDT,an-toan-thong-tin,C02,Điểm học bạ,2021,18.0,An toàn Thông tin
21606,DDT,an-toan-thong-tin,D01,Điểm học bạ,2021,18.0,An toàn Thông tin
21607,DDT,an-toan-thong-tin,A00,Điểm thi THPT,2021,14.0,An toàn Thông tin
21608,DDT,an-toan-thong-tin,A16,Điểm thi THPT,2021,14.0,An toàn Thông tin
21609,DDT,an-toan-thong-tin,C01,Điểm thi THPT,2021,14.0,An toàn Thông tin
21610,DDT,an-toan-thong-tin,D01,Điểm thi THPT,2021,14.0,An toàn Thông tin
21611,DDT,an-toan-thong-tin,A00,Điểm học bạ,2022,18.0,An toàn thông tin
21612,DDT,an-toan-thong-tin,C01,Điểm học bạ,2022,18.0,An toàn thông tin
21613,DDT,an-toan-thong-tin,C02,Điểm học bạ,2022,18.0,An toàn thông tin
21614,DDT,an-toan-thong-tin,D01,Điểm học bạ,2022,18.0,An toàn thông tin
21615,DDT,an-toan-thong-tin,A00,Điểm thi THPT,2022,14.0,An toàn thông tin
21616,DDT,an-toan-thong-tin,A01,Điểm thi THPT,2022,14.0,An toàn thông tin
21617,DDT,an-toan-thong-tin,A16,Điểm thi THPT,2022,14.0,An toàn thông tin
21618,DDT,an-toan-thong-tin,D01,Điểm thi THPT,2022,14.0,An toàn thông tin
21619,DDT,an-toan-thong-tin,A00,Điểm học bạ,2023,18.0,An toàn thông tin
21620,DDT,an-toan-thong-tin,C01,Điểm học bạ,2023,18.0,An toàn thông tin
21621,DDT,an-toan-thong-tin,C02,Điểm học bạ,2023,18.0,An toàn thông tin
21622,DDT,an-toan-thong-tin,D01,Điểm học bạ,2023,18.0,An toàn thông tin
21623,DDT,an-toan-thong-tin,A00,Điểm thi THPT,2023,14.0,An toàn Thông tin
21624,DDT,an-toan-thong-tin,A01,Điểm thi THPT,2023,14.0,An toàn Thông tin
21625,DDT,an-toan-thong-tin,A16,Điểm thi THPT,2023,14.0,An toàn Thông tin
21626,DDT,an-toan-thong-tin,D01,Điểm thi THPT,2023,14.0,An toàn Thông tin
21627,DDT,an-toan-thong-tin,A00,Điểm học bạ,2024,18.0,An toàn Thông tin
21628,DDT,an-toan-thong-tin,C01,Điểm học bạ,2024,18.0,An toàn Thông tin
21629,DDT,an-toan-thong-tin,C02,Điểm học bạ,2024,18.0,An toàn Thông tin
21630,DDT,an-toan-thong-tin,D01,Điểm học bạ,2024,18.0,An toàn Thông tin
21631,DDT,an-toan-thong-tin,A00,Điểm thi THPT,2024,16.0,An toàn Thông tin
21632,DDT,an-toan-thong-tin,A01,Điểm thi THPT,2024,16.0,An toàn Thông tin
21633,DDT,an-toan-thong-tin,A16,Điểm thi THPT,2024,16.0,An toàn Thông tin
21634,DDT,an-toan-thong-tin,D01,Điểm thi THPT,2024,16.0,An toàn Thông tin
21635,DDT,an-toan-thong-tin,A00,Điểm học bạ,2025,18.0,Ngành An toàn Thông tin
21636,DDT,an-toan-thong-tin,A01,Điểm học bạ,2025,18.0,Ngành An toàn Thông tin
21637,DDT,an-toan-thong-tin,C01,Điểm học bạ,2025,18.0,Ngành An toàn Thông tin
21638,DDT,an-toan-thong-tin,C02,Điểm học bạ,2025,18.0,Ngành An toàn Thông tin
21639,DDT,an-toan-thong-tin,D01,Điểm học bạ,2025,18.0,Ngành An toàn Thông tin
21640,DDT,an-toan-thong-tin,X26,Điểm học bạ,2025,18.0,Ngành An toàn Thông tin
21641,DDT,an-toan-thong-tin,A00,Điểm thi THPT,2025,15.0,Ngành An toàn Thông tin
21642,DDT,an-toan-thong-tin,A01,Điểm thi THPT,2025,15.0,Ngành An toàn Thông tin
21643,DDT,an-toan-thong-tin,C01,Điểm thi THPT,2025,15.0,Ngành An toàn Thông tin
21644,DDT,an-toan-thong-tin,C02,Điểm thi THPT,2025,15.0,Ngành An toàn Thông tin
21645,DDT,an-toan-thong-tin,D01,Điểm thi THPT,2025,15.0,Ngành An toàn Thông tin
21646,DDT,an-toan-thong-tin,X26,Điểm thi THPT,2025,15.0,Ngành An toàn Thông tin
21647,DDT,bac-si-rang-ham-mat,A00,Điểm học bạ,2023,24.0,Bác sĩ Răng Hàm Mặt
21648,DDT,bac-si-rang-ham-mat,A02,Điểm học bạ,2023,24.0,Bác sĩ Răng Hàm Mặt
21649,DDT,bac-si-rang-ham-mat,B00,Điểm học bạ,2023,24.0,Bác sĩ Răng Hàm Mặt
21650,DDT,bac-si-rang-ham-mat,D08,Điểm học bạ,2023,24.0,Bác sĩ Răng Hàm Mặt
21651,DDT,bac-si-rang-ham-mat,A00,Điểm học bạ,2024,24.0,Bác sĩ Răng Hàm Mặt
21652,DDT,bac-si-rang-ham-mat,A02,Điểm học bạ,2024,24.0,Bác sĩ Răng Hàm Mặt
21653,DDT,bac-si-rang-ham-mat,B00,Điểm học bạ,2024,24.0,Bác sĩ Răng Hàm Mặt
21654,DDT,bac-si-rang-ham-mat,D08,Điểm học bạ,2024,24.0,Bác sĩ Răng Hàm Mặt
21655,DDT,bac-si-rang-ham-mat,A00,Điểm thi THPT,2024,22.5,Bác sĩ Răng Hàm Mặt
21656,DDT,bac-si-rang-ham-mat,A16,Điểm thi THPT,2024,22.5,Bác sĩ Răng Hàm Mặt
21657,DDT,bac-si-rang-ham-mat,B00,Điểm thi THPT,2024,22.5,Bác sĩ Răng Hàm Mặt
21658,DDT,bac-si-rang-ham-mat,D90,Điểm thi THPT,2024,22.5,Bác sĩ Răng Hàm Mặt
21659,DDT,cong-nghe-che-tao-may,A00,Điểm học bạ,2025,18.0,Ngành Công nghệ Chế tạo Máy
21660,DDT,cong-nghe-che-tao-may,A01,Điểm học bạ,2025,18.0,Ngành Công nghệ Chế tạo Máy
21661,DDT,cong-nghe-che-tao-may,C01,Điểm học bạ,2025,18.0,Ngành Công nghệ Chế tạo Máy
21662,DDT,cong-nghe-che-tao-may,C02,Điểm học bạ,2025,18.0,Ngành Công nghệ Chế tạo Máy
21663,DDT,cong-nghe-che-tao-may,D01,Điểm học bạ,2025,18.0,Ngành Công nghệ Chế tạo Máy
21664,DDT,cong-nghe-che-tao-may,X26,Điểm học bạ,2025,18.0,Ngành Công nghệ Chế tạo Máy
21665,DDT,cong-nghe-che-tao-may,A00,Điểm thi THPT,2025,15.0,Ngành Công nghệ Chế tạo Máy
21666,DDT,cong-nghe-che-tao-may,A01,Điểm thi THPT,2025,15.0,Ngành Công nghệ Chế tạo Máy
21667,DDT,cong-nghe-che-tao-may,C01,Điểm thi THPT,2025,15.0,Ngành Công nghệ Chế tạo Máy
21668,DDT,cong-nghe-che-tao-may,C02,Điểm thi THPT,2025,15.0,Ngành Công nghệ Chế tạo Máy
21669,DDT,cong-nghe-che-tao-may,D01,Điểm thi THPT,2025,15.0,Ngành Công nghệ Chế tạo Máy
21670,DDT,cong-nghe-che-tao-may,X26,Điểm thi THPT,2025,15.0,Ngành Công nghệ Chế tạo Máy
21671,DDT,cong-nghe-ky-thuat-cong-trinh-xay-dung,A00,Điểm học bạ,2022,18.0,Công nghệ kỹ thuật Công trình xây dựng
21672,DDT,cong-nghe-ky-thuat-cong-trinh-xay-dung,C01,Điểm học bạ,2022,18.0,Công nghệ kỹ thuật Công trình xây dựng
21673,DDT,cong-nghe-ky-thuat-cong-trinh-xay-dung,C02,Điểm học bạ,2022,18.0,Công nghệ kỹ thuật Công trình xây dựng
21674,DDT,cong-nghe-ky-thuat-cong-trinh-xay-dung,D01,Điểm học bạ,2022,18.0,Công nghệ kỹ thuật Công trình xây dựng
21675,DDT,cong-nghe-ky-thuat-cong-trinh-xay-dung,A00,Điểm thi THPT,2022,14.0,Công nghệ kỹ thuật Công trình xây dựng
21676,DDT,cong-nghe-ky-thuat-cong-trinh-xay-dung,A16,Điểm thi THPT,2022,14.0,Công nghệ kỹ thuật Công trình xây dựng
21677,DDT,cong-nghe-ky-thuat-cong-trinh-xay-dung,C01,Điểm thi THPT,2022,14.0,Công nghệ kỹ thuật Công trình xây dựng
21678,DDT,cong-nghe-ky-thuat-cong-trinh-xay-dung,D01,Điểm thi THPT,2022,14.0,Công nghệ kỹ thuật Công trình xây dựng
21679,DDT,cong-nghe-ky-thuat-cong-trinh-xay-dung,A00,Điểm học bạ,2023,18.0,Công nghệ kỹ thuật Công trình xây dựng
21680,DDT,cong-nghe-ky-thuat-cong-trinh-xay-dung,C01,Điểm học bạ,2023,18.0,Công nghệ kỹ thuật Công trình xây dựng
21681,DDT,cong-nghe-ky-thuat-cong-trinh-xay-dung,C02,Điểm học bạ,2023,18.0,Công nghệ kỹ thuật Công trình xây dựng
21682,DDT,cong-nghe-ky-thuat-cong-trinh-xay-dung,D01,Điểm học bạ,2023,18.0,Công nghệ kỹ thuật Công trình xây dựng
21683,DDT,cong-nghe-ky-thuat-cong-trinh-xay-dung,A00,Điểm thi THPT,2023,14.5,Công nghệ Kỹ thuật Công trình Xây dựng
21684,DDT,cong-nghe-ky-thuat-cong-trinh-xay-dung,A16,Điểm thi THPT,2023,14.5,Công nghệ Kỹ thuật Công trình Xây dựng
21685,DDT,cong-nghe-ky-thuat-cong-trinh-xay-dung,C01,Điểm thi THPT,2023,14.5,Công nghệ Kỹ thuật Công trình Xây dựng
21686,DDT,cong-nghe-ky-thuat-cong-trinh-xay-dung,D01,Điểm thi THPT,2023,14.5,Công nghệ Kỹ thuật Công trình Xây dựng
21687,DDT,cong-nghe-ky-thuat-cong-trinh-xay-dung,A00,Điểm học bạ,2024,18.0,Công nghệ kỹ thuật Công trình xây dựng
21688,DDT,cong-nghe-ky-thuat-cong-trinh-xay-dung,C01,Điểm học bạ,2024,18.0,Công nghệ kỹ thuật Công trình xây dựng
21689,DDT,cong-nghe-ky-thuat-cong-trinh-xay-dung,C02,Điểm học bạ,2024,18.0,Công nghệ kỹ thuật Công trình xây dựng
21690,DDT,cong-nghe-ky-thuat-cong-trinh-xay-dung,D01,Điểm học bạ,2024,18.0,Công nghệ kỹ thuật Công trình xây dựng
21691,DDT,cong-nghe-ky-thuat-cong-trinh-xay-dung,A00,Điểm thi THPT,2024,16.0,Công nghệ kỹ thuật Công trình xây dựng
21692,DDT,cong-nghe-ky-thuat-cong-trinh-xay-dung,A16,Điểm thi THPT,2024,16.0,Công nghệ kỹ thuật Công trình xây dựng
21693,DDT,cong-nghe-ky-thuat-cong-trinh-xay-dung,C01,Điểm thi THPT,2024,16.0,Công nghệ kỹ thuật Công trình xây dựng
21694,DDT,cong-nghe-ky-thuat-cong-trinh-xay-dung,D01,Điểm thi THPT,2024,16.0,Công nghệ kỹ thuật Công trình xây dựng
21695,DDT,cong-nghe-ky-thuat-cong-trinh-xay-dung,A00,Điểm học bạ,2025,18.0,Ngành Công nghệ Kỹ thuật Công trình Xây dựng
21696,DDT,cong-nghe-ky-thuat-cong-trinh-xay-dung,A01,Điểm học bạ,2025,18.0,Ngành Công nghệ Kỹ thuật Công trình Xây dựng
21697,DDT,cong-nghe-ky-thuat-cong-trinh-xay-dung,C01,Điểm học bạ,2025,18.0,Ngành Công nghệ Kỹ thuật Công trình Xây dựng
21698,DDT,cong-nghe-ky-thuat-cong-trinh-xay-dung,D01,Điểm học bạ,2025,18.0,Ngành Công nghệ Kỹ thuật Công trình Xây dựng
21699,DDT,cong-nghe-ky-thuat-cong-trinh-xay-dung,X06,Điểm học bạ,2025,18.0,Ngành Công nghệ Kỹ thuật Công trình Xây dựng
21700,DDT,cong-nghe-ky-thuat-cong-trinh-xay-dung,X07,Điểm học bạ,2025,18.0,Ngành Công nghệ Kỹ thuật Công trình Xây dựng
21701,DDT,cong-nghe-ky-thuat-cong-trinh-xay-dung,A00,Điểm thi THPT,2025,15.0,Ngành Công nghệ Kỹ thuật Công trình Xây dựng
21702,DDT,cong-nghe-ky-thuat-cong-trinh-xay-dung,A01,Điểm thi THPT,2025,15.0,Ngành Công nghệ Kỹ thuật Công trình Xây dựng
21703,DDT,cong-nghe-ky-thuat-cong-trinh-xay-dung,C01,Điểm thi THPT,2025,15.0,Ngành Công nghệ Kỹ thuật Công trình Xây dựng
21704,DDT,cong-nghe-ky-thuat-cong-trinh-xay-dung,D01,Điểm thi THPT,2025,15.0,Ngành Công nghệ Kỹ thuật Công trình Xây dựng
21705,DDT,cong-nghe-ky-thuat-cong-trinh-xay-dung,X06,Điểm thi THPT,2025,15.0,Ngành Công nghệ Kỹ thuật Công trình Xây dựng
21706,DDT,cong-nghe-ky-thuat-cong-trinh-xay-dung,X07,Điểm thi THPT,2025,15.0,Ngành Công nghệ Kỹ thuật Công trình Xây dựng
21707,DDT,cong-nghe-ky-thuat-dien-dien-tu,A00,Điểm học bạ,2021,18.0,"Công nghệ Kỹ thuật điện, điện tử"
21708,DDT,cong-nghe-ky-thuat-dien-dien-tu,C01,Điểm học bạ,2021,18.0,"Công nghệ Kỹ thuật điện, điện tử"
21709,DDT,cong-nghe-ky-thuat-dien-dien-tu,C02,Điểm học bạ,2021,18.0,"Công nghệ Kỹ thuật điện, điện tử"
21710,DDT,cong-nghe-ky-thuat-dien-dien-tu,D01,Điểm học bạ,2021,18.0,"Công nghệ Kỹ thuật điện, điện tử"
21711,DDT,cong-nghe-ky-thuat-dien-dien-tu,A00,Điểm thi THPT,2021,14.0,"Công nghệ Kỹ thuật điện, điện tử"
21712,DDT,cong-nghe-ky-thuat-dien-dien-tu,A16,Điểm thi THPT,2021,14.0,"Công nghệ Kỹ thuật điện, điện tử"
21713,DDT,cong-nghe-ky-thuat-dien-dien-tu,C01,Điểm thi THPT,2021,14.0,"Công nghệ Kỹ thuật điện, điện tử"
21714,DDT,cong-nghe-ky-thuat-dien-dien-tu,D01,Điểm thi THPT,2021,14.0,"Công nghệ Kỹ thuật điện, điện tử"
21715,DDT,cong-nghe-ky-thuat-dien-dien-tu,A00,Điểm học bạ,2022,18.0,"Công nghệ kỹ thuật điện, điện tử"
21716,DDT,cong-nghe-ky-thuat-dien-dien-tu,C01,Điểm học bạ,2022,18.0,"Công nghệ kỹ thuật điện, điện tử"
21717,DDT,cong-nghe-ky-thuat-dien-dien-tu,C02,Điểm học bạ,2022,18.0,"Công nghệ kỹ thuật điện, điện tử"
21718,DDT,cong-nghe-ky-thuat-dien-dien-tu,D01,Điểm học bạ,2022,18.0,"Công nghệ kỹ thuật điện, điện tử"
21719,DDT,cong-nghe-ky-thuat-dien-dien-tu,A00,Điểm thi THPT,2022,14.0,"Công nghệ kỹ thuật điện, điện tử"
21720,DDT,cong-nghe-ky-thuat-dien-dien-tu,A16,Điểm thi THPT,2022,14.0,"Công nghệ kỹ thuật điện, điện tử"
21721,DDT,cong-nghe-ky-thuat-dien-dien-tu,C01,Điểm thi THPT,2022,14.0,"Công nghệ kỹ thuật điện, điện tử"
21722,DDT,cong-nghe-ky-thuat-dien-dien-tu,D01,Điểm thi THPT,2022,14.0,"Công nghệ kỹ thuật điện, điện tử"
21723,DDT,cong-nghe-ky-thuat-dien-dien-tu,A00,Điểm học bạ,2023,18.0,"Công nghệ kỹ thuật điện, điện tử"
21724,DDT,cong-nghe-ky-thuat-dien-dien-tu,C01,Điểm học bạ,2023,18.0,"Công nghệ kỹ thuật điện, điện tử"
21725,DDT,cong-nghe-ky-thuat-dien-dien-tu,C02,Điểm học bạ,2023,18.0,"Công nghệ kỹ thuật điện, điện tử"
21726,DDT,cong-nghe-ky-thuat-dien-dien-tu,D01,Điểm học bạ,2023,18.0,"Công nghệ kỹ thuật điện, điện tử"
21727,DDT,cong-nghe-ky-thuat-dien-dien-tu,A00,Điểm thi THPT,2023,14.0,"Công nghệ Kỹ thuật Điện, điện tử"
21728,DDT,cong-nghe-ky-thuat-dien-dien-tu,A16,Điểm thi THPT,2023,14.0,"Công nghệ Kỹ thuật Điện, điện tử"
21729,DDT,cong-nghe-ky-thuat-dien-dien-tu,C01,Điểm thi THPT,2023,14.0,"Công nghệ Kỹ thuật Điện, điện tử"
21730,DDT,cong-nghe-ky-thuat-dien-dien-tu,D01,Điểm thi THPT,2023,14.0,"Công nghệ Kỹ thuật Điện, điện tử"
21731,DDT,cong-nghe-ky-thuat-dien-dien-tu,A00,Điểm học bạ,2024,18.0,"Công nghệ Kỹ thuật điện, điện tử *"
21732,DDT,cong-nghe-ky-thuat-dien-dien-tu,C01,Điểm học bạ,2024,18.0,"Công nghệ Kỹ thuật điện, điện tử *"
21733,DDT,cong-nghe-ky-thuat-dien-dien-tu,C02,Điểm học bạ,2024,18.0,"Công nghệ Kỹ thuật điện, điện tử *"
21734,DDT,cong-nghe-ky-thuat-dien-dien-tu,D01,Điểm học bạ,2024,18.0,"Công nghệ Kỹ thuật điện, điện tử *"
21735,DDT,cong-nghe-ky-thuat-dien-dien-tu,A00,Điểm thi THPT,2024,16.0,"Công nghệ Kỹ thuật điện, điện tử"
21736,DDT,cong-nghe-ky-thuat-dien-dien-tu,A16,Điểm thi THPT,2024,16.0,"Công nghệ Kỹ thuật điện, điện tử"
21737,DDT,cong-nghe-ky-thuat-dien-dien-tu,C01,Điểm thi THPT,2024,16.0,"Công nghệ Kỹ thuật điện, điện tử"
21738,DDT,cong-nghe-ky-thuat-dien-dien-tu,D01,Điểm thi THPT,2024,16.0,"Công nghệ Kỹ thuật điện, điện tử"
21739,DDT,cong-nghe-ky-thuat-dien-dien-tu,A00,Điểm học bạ,2025,18.0,"Ngành Công nghệ Kỹ thuật Điện, Điện tử"
21740,DDT,cong-nghe-ky-thuat-dien-dien-tu,A01,Điểm học bạ,2025,18.0,"Ngành Công nghệ Kỹ thuật Điện, Điện tử"
21741,DDT,cong-nghe-ky-thuat-dien-dien-tu,C01,Điểm học bạ,2025,18.0,"Ngành Công nghệ Kỹ thuật Điện, Điện tử"
21742,DDT,cong-nghe-ky-thuat-dien-dien-tu,C02,Điểm học bạ,2025,18.0,"Ngành Công nghệ Kỹ thuật Điện, Điện tử"
21743,DDT,cong-nghe-ky-thuat-dien-dien-tu,D01,Điểm học bạ,2025,18.0,"Ngành Công nghệ Kỹ thuật Điện, Điện tử"
21744,DDT,cong-nghe-ky-thuat-dien-dien-tu,X26,Điểm học bạ,2025,18.0,"Ngành Công nghệ Kỹ thuật Điện, Điện tử"
21745,DDT,cong-nghe-ky-thuat-dien-dien-tu,A00,Điểm thi THPT,2025,15.0,"Ngành Công nghệ Kỹ thuật Điện, Điện tử"
21746,DDT,cong-nghe-ky-thuat-dien-dien-tu,A01,Điểm thi THPT,2025,15.0,"Ngành Công nghệ Kỹ thuật Điện, Điện tử"
21747,DDT,cong-nghe-ky-thuat-dien-dien-tu,C01,Điểm thi THPT,2025,15.0,"Ngành Công nghệ Kỹ thuật Điện, Điện tử"
21748,DDT,cong-nghe-ky-thuat-dien-dien-tu,C02,Điểm thi THPT,2025,15.0,"Ngành Công nghệ Kỹ thuật Điện, Điện tử"
21749,DDT,cong-nghe-ky-thuat-dien-dien-tu,D01,Điểm thi THPT,2025,15.0,"Ngành Công nghệ Kỹ thuật Điện, Điện tử"
21750,DDT,cong-nghe-ky-thuat-dien-dien-tu,X26,Điểm thi THPT,2025,15.0,"Ngành Công nghệ Kỹ thuật Điện, Điện tử"
21751,DDT,cong-nghe-ky-thuat-moi-truong,A00,Điểm học bạ,2021,18.0,Công nghệ kỹ thuật môi trường
21752,DDT,cong-nghe-ky-thuat-moi-truong,B00,Điểm học bạ,2021,18.0,Công nghệ kỹ thuật môi trường
21753,DDT,cong-nghe-ky-thuat-moi-truong,C01,Điểm học bạ,2021,18.0,Công nghệ kỹ thuật môi trường
21754,DDT,cong-nghe-ky-thuat-moi-truong,C02,Điểm học bạ,2021,18.0,Công nghệ kỹ thuật môi trường
21755,DDT,cong-nghe-ky-thuat-moi-truong,A00,Điểm thi THPT,2021,14.0,Công nghệ kỹ thuật môi trường
21756,DDT,cong-nghe-ky-thuat-moi-truong,A16,Điểm thi THPT,2021,14.0,Công nghệ kỹ thuật môi trường
21757,DDT,cong-nghe-ky-thuat-moi-truong,B00,Điểm thi THPT,2021,14.0,Công nghệ kỹ thuật môi trường
21758,DDT,cong-nghe-ky-thuat-moi-truong,C02,Điểm thi THPT,2021,14.0,Công nghệ kỹ thuật môi trường
21759,DDT,cong-nghe-ky-thuat-moi-truong,A00,Điểm học bạ,2022,18.0,Công nghệ kỹ thuật môi trường
21760,DDT,cong-nghe-ky-thuat-moi-truong,B00,Điểm học bạ,2022,18.0,Công nghệ kỹ thuật môi trường
21761,DDT,cong-nghe-ky-thuat-moi-truong,C01,Điểm học bạ,2022,18.0,Công nghệ kỹ thuật môi trường
21762,DDT,cong-nghe-ky-thuat-moi-truong,C02,Điểm học bạ,2022,18.0,Công nghệ kỹ thuật môi trường
21763,DDT,cong-nghe-ky-thuat-moi-truong,A00,Điểm thi THPT,2022,19.0,Công nghệ kỹ thuật môi trường
21764,DDT,cong-nghe-ky-thuat-moi-truong,A16,Điểm thi THPT,2022,19.0,Công nghệ kỹ thuật môi trường
21765,DDT,cong-nghe-ky-thuat-moi-truong,B00,Điểm thi THPT,2022,19.0,Công nghệ kỹ thuật môi trường
21766,DDT,cong-nghe-ky-thuat-moi-truong,C02,Điểm thi THPT,2022,19.0,Công nghệ kỹ thuật môi trường
21767,DDT,cong-nghe-ky-thuat-moi-truong,A00,Điểm học bạ,2023,18.0,Công nghệ kỹ thuật môi trường
21768,DDT,cong-nghe-ky-thuat-moi-truong,B00,Điểm học bạ,2023,18.0,Công nghệ kỹ thuật môi trường
21769,DDT,cong-nghe-ky-thuat-moi-truong,C01,Điểm học bạ,2023,18.0,Công nghệ kỹ thuật môi trường
21770,DDT,cong-nghe-ky-thuat-moi-truong,C02,Điểm học bạ,2023,18.0,Công nghệ kỹ thuật môi trường
21771,DDT,cong-nghe-ky-thuat-moi-truong,A00,Điểm thi THPT,2023,14.0,Công nghệ Kỹ thuật Môi trường
21772,DDT,cong-nghe-ky-thuat-moi-truong,A16,Điểm thi THPT,2023,14.0,Công nghệ Kỹ thuật Môi trường
21773,DDT,cong-nghe-ky-thuat-moi-truong,B00,Điểm thi THPT,2023,14.0,Công nghệ Kỹ thuật Môi trường
21774,DDT,cong-nghe-ky-thuat-moi-truong,C02,Điểm thi THPT,2023,14.0,Công nghệ Kỹ thuật Môi trường
21775,DDT,cong-nghe-ky-thuat-moi-truong,A00,Điểm học bạ,2024,18.0,Công nghệ kỹ thuật môi trường
21776,DDT,cong-nghe-ky-thuat-moi-truong,B00,Điểm học bạ,2024,18.0,Công nghệ kỹ thuật môi trường
21777,DDT,cong-nghe-ky-thuat-moi-truong,C01,Điểm học bạ,2024,18.0,Công nghệ kỹ thuật môi trường
21778,DDT,cong-nghe-ky-thuat-moi-truong,C02,Điểm học bạ,2024,18.0,Công nghệ kỹ thuật môi trường
21779,DDT,cong-nghe-ky-thuat-moi-truong,A00,Điểm thi THPT,2024,16.0,Công nghệ kỹ thuật môi trường
21780,DDT,cong-nghe-ky-thuat-moi-truong,A16,Điểm thi THPT,2024,16.0,Công nghệ kỹ thuật môi trường
21781,DDT,cong-nghe-ky-thuat-moi-truong,B00,Điểm thi THPT,2024,16.0,Công nghệ kỹ thuật môi trường
21782,DDT,cong-nghe-ky-thuat-moi-truong,C02,Điểm thi THPT,2024,16.0,Công nghệ kỹ thuật môi trường
21783,DDT,cong-nghe-ky-thuat-moi-truong,A00,Điểm học bạ,2025,18.0,Ngành Công nghệ Kỹ thuật Môi trường
21784,DDT,cong-nghe-ky-thuat-moi-truong,A02,Điểm học bạ,2025,18.0,Ngành Công nghệ Kỹ thuật Môi trường
21785,DDT,cong-nghe-ky-thuat-moi-truong,B00,Điểm học bạ,2025,18.0,Ngành Công nghệ Kỹ thuật Môi trường
21786,DDT,cong-nghe-ky-thuat-moi-truong,B03,Điểm học bạ,2025,18.0,Ngành Công nghệ Kỹ thuật Môi trường
21787,DDT,cong-nghe-ky-thuat-moi-truong,C01,Điểm học bạ,2025,18.0,Ngành Công nghệ Kỹ thuật Môi trường
21788,DDT,cong-nghe-ky-thuat-moi-truong,C02,Điểm học bạ,2025,18.0,Ngành Công nghệ Kỹ thuật Môi trường
21789,DDT,cong-nghe-ky-thuat-moi-truong,A00,Điểm thi THPT,2025,15.0,Ngành Công nghệ Kỹ thuật Môi trường
21790,DDT,cong-nghe-ky-thuat-moi-truong,A02,Điểm thi THPT,2025,15.0,Ngành Công nghệ Kỹ thuật Môi trường
21791,DDT,cong-nghe-ky-thuat-moi-truong,B00,Điểm thi THPT,2025,15.0,Ngành Công nghệ Kỹ thuật Môi trường
21792,DDT,cong-nghe-ky-thuat-moi-truong,B03,Điểm thi THPT,2025,15.0,Ngành Công nghệ Kỹ thuật Môi trường
21793,DDT,cong-nghe-ky-thuat-moi-truong,C01,Điểm thi THPT,2025,15.0,Ngành Công nghệ Kỹ thuật Môi trường
21794,DDT,cong-nghe-ky-thuat-moi-truong,C02,Điểm thi THPT,2025,15.0,Ngành Công nghệ Kỹ thuật Môi trường
21795,DDT,cong-nghe-ky-thuat-o-to,A00,Điểm học bạ,2021,18.0,Công nghệ kỹ thuật ô tô
21796,DDT,cong-nghe-ky-thuat-o-to,C01,Điểm học bạ,2021,18.0,Công nghệ kỹ thuật ô tô
21797,DDT,cong-nghe-ky-thuat-o-to,C02,Điểm học bạ,2021,18.0,Công nghệ kỹ thuật ô tô
21798,DDT,cong-nghe-ky-thuat-o-to,D01,Điểm học bạ,2021,18.0,Công nghệ kỹ thuật ô tô
21799,DDT,cong-nghe-ky-thuat-o-to,A00,Điểm thi THPT,2021,14.0,Công nghệ kỹ thuật ô tô
21800,DDT,cong-nghe-ky-thuat-o-to,A16,Điểm thi THPT,2021,14.0,Công nghệ kỹ thuật ô tô
21801,DDT,cong-nghe-ky-thuat-o-to,C01,Điểm thi THPT,2021,14.0,Công nghệ kỹ thuật ô tô
21802,DDT,cong-nghe-ky-thuat-o-to,D01,Điểm thi THPT,2021,14.0,Công nghệ kỹ thuật ô tô
21803,DDT,cong-nghe-ky-thuat-o-to,A00,Điểm học bạ,2022,18.0,Công nghệ kỹ thuật ô tô
21804,DDT,cong-nghe-ky-thuat-o-to,C01,Điểm học bạ,2022,18.0,Công nghệ kỹ thuật ô tô
21805,DDT,cong-nghe-ky-thuat-o-to,C02,Điểm học bạ,2022,18.0,Công nghệ kỹ thuật ô tô
21806,DDT,cong-nghe-ky-thuat-o-to,D01,Điểm học bạ,2022,18.0,Công nghệ kỹ thuật ô tô
21807,DDT,cong-nghe-ky-thuat-o-to,A00,Điểm thi THPT,2022,14.0,Công nghệ kỹ thuật ô tô
21808,DDT,cong-nghe-ky-thuat-o-to,A16,Điểm thi THPT,2022,14.0,Công nghệ kỹ thuật ô tô
21809,DDT,cong-nghe-ky-thuat-o-to,C01,Điểm thi THPT,2022,14.0,Công nghệ kỹ thuật ô tô
21810,DDT,cong-nghe-ky-thuat-o-to,D01,Điểm thi THPT,2022,14.0,Công nghệ kỹ thuật ô tô
21811,DDT,cong-nghe-ky-thuat-o-to,A00,Điểm học bạ,2023,18.0,Công nghệ kỹ thuật ô tô
21812,DDT,cong-nghe-ky-thuat-o-to,C01,Điểm học bạ,2023,18.0,Công nghệ kỹ thuật ô tô
21813,DDT,cong-nghe-ky-thuat-o-to,C02,Điểm học bạ,2023,18.0,Công nghệ kỹ thuật ô tô
21814,DDT,cong-nghe-ky-thuat-o-to,D01,Điểm học bạ,2023,18.0,Công nghệ kỹ thuật ô tô
21815,DDT,cong-nghe-ky-thuat-o-to,A00,Điểm thi THPT,2023,14.0,Công nghệ Kỹ thuật Ô tô
21816,DDT,cong-nghe-ky-thuat-o-to,A16,Điểm thi THPT,2023,14.0,Công nghệ Kỹ thuật Ô tô
21817,DDT,cong-nghe-ky-thuat-o-to,C01,Điểm thi THPT,2023,14.0,Công nghệ Kỹ thuật Ô tô
21818,DDT,cong-nghe-ky-thuat-o-to,D01,Điểm thi THPT,2023,14.0,Công nghệ Kỹ thuật Ô tô
21819,DDT,cong-nghe-ky-thuat-o-to,A00,Điểm học bạ,2024,18.0,Công nghệ kỹ thuật ô tô
21820,DDT,cong-nghe-ky-thuat-o-to,C01,Điểm học bạ,2024,18.0,Công nghệ kỹ thuật ô tô
21821,DDT,cong-nghe-ky-thuat-o-to,C02,Điểm học bạ,2024,18.0,Công nghệ kỹ thuật ô tô
21822,DDT,cong-nghe-ky-thuat-o-to,D01,Điểm học bạ,2024,18.0,Công nghệ kỹ thuật ô tô
21823,DDT,cong-nghe-ky-thuat-o-to,A00,Điểm thi THPT,2024,16.0,Công nghệ kỹ thuật ô tô
21824,DDT,cong-nghe-ky-thuat-o-to,A16,Điểm thi THPT,2024,16.0,Công nghệ kỹ thuật ô tô
21825,DDT,cong-nghe-ky-thuat-o-to,C01,Điểm thi THPT,2024,16.0,Công nghệ kỹ thuật ô tô
21826,DDT,cong-nghe-ky-thuat-o-to,D01,Điểm thi THPT,2024,16.0,Công nghệ kỹ thuật ô tô
21827,DDT,cong-nghe-ky-thuat-o-to,A00,Điểm học bạ,2025,18.0,Ngành Công nghệ Kỹ thuật Ô tô
21828,DDT,cong-nghe-ky-thuat-o-to,A01,Điểm học bạ,2025,18.0,Ngành Công nghệ Kỹ thuật Ô tô
21829,DDT,cong-nghe-ky-thuat-o-to,C01,Điểm học bạ,2025,18.0,Ngành Công nghệ Kỹ thuật Ô tô
21830,DDT,cong-nghe-ky-thuat-o-to,C02,Điểm học bạ,2025,18.0,Ngành Công nghệ Kỹ thuật Ô tô
21831,DDT,cong-nghe-ky-thuat-o-to,D01,Điểm học bạ,2025,18.0,Ngành Công nghệ Kỹ thuật Ô tô
21832,DDT,cong-nghe-ky-thuat-o-to,X26,Điểm học bạ,2025,18.0,Ngành Công nghệ Kỹ thuật Ô tô
21833,DDT,cong-nghe-ky-thuat-o-to,A00,Điểm thi THPT,2025,15.0,Ngành Công nghệ Kỹ thuật Ô tô
21834,DDT,cong-nghe-ky-thuat-o-to,A01,Điểm thi THPT,2025,15.0,Ngành Công nghệ Kỹ thuật Ô tô
21835,DDT,cong-nghe-ky-thuat-o-to,C01,Điểm thi THPT,2025,15.0,Ngành Công nghệ Kỹ thuật Ô tô
21836,DDT,cong-nghe-ky-thuat-o-to,C02,Điểm thi THPT,2025,15.0,Ngành Công nghệ Kỹ thuật Ô tô
21837,DDT,cong-nghe-ky-thuat-o-to,D01,Điểm thi THPT,2025,15.0,Ngành Công nghệ Kỹ thuật Ô tô
21838,DDT,cong-nghe-ky-thuat-o-to,X26,Điểm thi THPT,2025,15.0,Ngành Công nghệ Kỹ thuật Ô tô
21839,DDT,cong-nghe-ky-thuat-o-to-chuong-trinh-viet-nhat,A00,Điểm học bạ,2025,18.0,Ngành Công nghệ Kỹ thuật Ô tô - Chương trình Việt Nhật
21840,DDT,cong-nghe-ky-thuat-o-to-chuong-trinh-viet-nhat,A01,Điểm học bạ,2025,18.0,Ngành Công nghệ Kỹ thuật Ô tô - Chương trình Việt Nhật
21841,DDT,cong-nghe-ky-thuat-o-to-chuong-trinh-viet-nhat,C01,Điểm học bạ,2025,18.0,Ngành Công nghệ Kỹ thuật Ô tô - Chương trình Việt Nhật
21842,DDT,cong-nghe-ky-thuat-o-to-chuong-trinh-viet-nhat,C02,Điểm học bạ,2025,18.0,Ngành Công nghệ Kỹ thuật Ô tô - Chương trình Việt Nhật
21843,DDT,cong-nghe-ky-thuat-o-to-chuong-trinh-viet-nhat,D01,Điểm học bạ,2025,18.0,Ngành Công nghệ Kỹ thuật Ô tô - Chương trình Việt Nhật
21844,DDT,cong-nghe-ky-thuat-o-to-chuong-trinh-viet-nhat,X26,Điểm học bạ,2025,18.0,Ngành Công nghệ Kỹ thuật Ô tô - Chương trình Việt Nhật
21845,DDT,cong-nghe-ky-thuat-o-to-chuong-trinh-viet-nhat,A00,Điểm thi THPT,2025,15.0,Ngành Công nghệ Kỹ thuật Ô tô - Chương trình Việt Nhật
21846,DDT,cong-nghe-ky-thuat-o-to-chuong-trinh-viet-nhat,A01,Điểm thi THPT,2025,15.0,Ngành Công nghệ Kỹ thuật Ô tô - Chương trình Việt Nhật
21847,DDT,cong-nghe-ky-thuat-o-to-chuong-trinh-viet-nhat,C01,Điểm thi THPT,2025,15.0,Ngành Công nghệ Kỹ thuật Ô tô - Chương trình Việt Nhật
21848,DDT,cong-nghe-ky-thuat-o-to-chuong-trinh-viet-nhat,C02,Điểm thi THPT,2025,15.0,Ngành Công nghệ Kỹ thuật Ô tô - Chương trình Việt Nhật
21849,DDT,cong-nghe-ky-thuat-o-to-chuong-trinh-viet-nhat,D01,Điểm thi THPT,2025,15.0,Ngành Công nghệ Kỹ thuật Ô tô - Chương trình Việt Nhật
21850,DDT,cong-nghe-ky-thuat-o-to-chuong-trinh-viet-nhat,X26,Điểm thi THPT,2025,15.0,Ngành Công nghệ Kỹ thuật Ô tô - Chương trình Việt Nhật
21851,DDT,cong-nghe-sinh-hoc,A02,Điểm học bạ,2021,18.0,Công nghệ Sinh học
21852,DDT,cong-nghe-sinh-hoc,B00,Điểm học bạ,2021,18.0,Công nghệ Sinh học
21853,DDT,cong-nghe-sinh-hoc,B03,Điểm học bạ,2021,18.0,Công nghệ Sinh học
21854,DDT,cong-nghe-sinh-hoc,D08,Điểm học bạ,2021,18.0,Công nghệ Sinh học
21855,DDT,cong-nghe-sinh-hoc,A16,Điểm thi THPT,2021,14.0,Công nghệ Sinh học
21856,DDT,cong-nghe-sinh-hoc,B00,Điểm thi THPT,2021,14.0,Công nghệ Sinh học
21857,DDT,cong-nghe-sinh-hoc,D08,Điểm thi THPT,2021,14.0,Công nghệ Sinh học
21858,DDT,cong-nghe-sinh-hoc,D90,Điểm thi THPT,2021,14.0,Công nghệ Sinh học
21859,DDT,cong-nghe-sinh-hoc,A02,Điểm học bạ,2022,18.0,Công nghệ sinh học
21860,DDT,cong-nghe-sinh-hoc,B00,Điểm học bạ,2022,18.0,Công nghệ sinh học
21861,DDT,cong-nghe-sinh-hoc,B03,Điểm học bạ,2022,18.0,Công nghệ sinh học
21862,DDT,cong-nghe-sinh-hoc,D08,Điểm học bạ,2022,18.0,Công nghệ sinh học
21863,DDT,cong-nghe-sinh-hoc,A16,Điểm thi THPT,2022,16.0,Công nghệ sinh học
21864,DDT,cong-nghe-sinh-hoc,B00,Điểm thi THPT,2022,16.0,Công nghệ sinh học
21865,DDT,cong-nghe-sinh-hoc,D08,Điểm thi THPT,2022,16.0,Công nghệ sinh học
21866,DDT,cong-nghe-sinh-hoc,D09,Điểm thi THPT,2022,16.0,Công nghệ sinh học
21867,DDT,cong-nghe-sinh-hoc,A02,Điểm học bạ,2023,18.0,Công nghệ sinh học
21868,DDT,cong-nghe-sinh-hoc,B00,Điểm học bạ,2023,18.0,Công nghệ sinh học
21869,DDT,cong-nghe-sinh-hoc,B03,Điểm học bạ,2023,18.0,Công nghệ sinh học
21870,DDT,cong-nghe-sinh-hoc,D08,Điểm học bạ,2023,18.0,Công nghệ sinh học
21871,DDT,cong-nghe-sinh-hoc,A16,Điểm thi THPT,2023,17.0,Công nghệ Sinh học
21872,DDT,cong-nghe-sinh-hoc,B00,Điểm thi THPT,2023,17.0,Công nghệ Sinh học
21873,DDT,cong-nghe-sinh-hoc,D08,Điểm thi THPT,2023,17.0,Công nghệ Sinh học
21874,DDT,cong-nghe-sinh-hoc,D09,Điểm thi THPT,2023,17.0,Công nghệ Sinh học
21875,DDT,cong-nghe-sinh-hoc,A02,Điểm học bạ,2024,18.0,Công nghệ sinh học
21876,DDT,cong-nghe-sinh-hoc,B00,Điểm học bạ,2024,18.0,Công nghệ sinh học
21877,DDT,cong-nghe-sinh-hoc,B03,Điểm học bạ,2024,18.0,Công nghệ sinh học
21878,DDT,cong-nghe-sinh-hoc,D08,Điểm học bạ,2024,18.0,Công nghệ sinh học
21879,DDT,cong-nghe-sinh-hoc,A00,Điểm thi THPT,2024,16.0,Công nghệ sinh học
21880,DDT,cong-nghe-sinh-hoc,A01,Điểm thi THPT,2024,16.0,Công nghệ sinh học
21881,DDT,cong-nghe-sinh-hoc,B00,Điểm thi THPT,2024,16.0,Công nghệ sinh học
21882,DDT,cong-nghe-sinh-hoc,B03,Điểm thi THPT,2024,16.0,Công nghệ sinh học
21883,DDT,cong-nghe-sinh-hoc,A00,Điểm học bạ,2025,18.0,Ngành Công nghệ Sinh học
21884,DDT,cong-nghe-sinh-hoc,A02,Điểm học bạ,2025,18.0,Ngành Công nghệ Sinh học
21885,DDT,cong-nghe-sinh-hoc,B00,Điểm học bạ,2025,18.0,Ngành Công nghệ Sinh học
21886,DDT,cong-nghe-sinh-hoc,B03,Điểm học bạ,2025,18.0,Ngành Công nghệ Sinh học
21887,DDT,cong-nghe-sinh-hoc,D08,Điểm học bạ,2025,18.0,Ngành Công nghệ Sinh học
21888,DDT,cong-nghe-sinh-hoc,X14,Điểm học bạ,2025,18.0,Ngành Công nghệ Sinh học
21889,DDT,cong-nghe-sinh-hoc,A00,Điểm thi THPT,2025,15.0,Ngành Công nghệ Sinh học
21890,DDT,cong-nghe-sinh-hoc,A02,Điểm thi THPT,2025,15.0,Ngành Công nghệ Sinh học
21891,DDT,cong-nghe-sinh-hoc,B00,Điểm thi THPT,2025,15.0,Ngành Công nghệ Sinh học
21892,DDT,cong-nghe-sinh-hoc,B03,Điểm thi THPT,2025,15.0,Ngành Công nghệ Sinh học
21893,DDT,cong-nghe-sinh-hoc,D08,Điểm thi THPT,2025,15.0,Ngành Công nghệ Sinh học
21894,DDT,cong-nghe-sinh-hoc,X14,Điểm thi THPT,2025,15.0,Ngành Công nghệ Sinh học
21895,DDT,cong-nghe-tai-chinh,A00,Điểm học bạ,2025,18.0,Ngành Công nghệ Tài chính
21896,DDT,cong-nghe-tai-chinh,A01,Điểm học bạ,2025,18.0,Ngành Công nghệ Tài chính
21897,DDT,cong-nghe-tai-chinh,A07,Điểm học bạ,2025,18.0,Ngành Công nghệ Tài chính
21898,DDT,cong-nghe-tai-chinh,C01,Điểm học bạ,2025,18.0,Ngành Công nghệ Tài chính
21899,DDT,cong-nghe-tai-chinh,D01,Điểm học bạ,2025,18.0,Ngành Công nghệ Tài chính
21900,DDT,cong-nghe-tai-chinh,X01,Điểm học bạ,2025,18.0,Ngành Công nghệ Tài chính
21901,DDT,cong-nghe-tai-chinh,A00,Điểm thi THPT,2025,15.0,Ngành Công nghệ Tài chính
21902,DDT,cong-nghe-tai-chinh,A01,Điểm thi THPT,2025,15.0,Ngành Công nghệ Tài chính
21903,DDT,cong-nghe-tai-chinh,A07,Điểm thi THPT,2025,15.0,Ngành Công nghệ Tài chính
21904,DDT,cong-nghe-tai-chinh,C01,Điểm thi THPT,2025,15.0,Ngành Công nghệ Tài chính
21905,DDT,cong-nghe-tai-chinh,D01,Điểm thi THPT,2025,15.0,Ngành Công nghệ Tài chính
21906,DDT,cong-nghe-tai-chinh,X01,Điểm thi THPT,2025,15.0,Ngành Công nghệ Tài chính
21907,DDT,cong-nghe-thuc-pham,A00,Điểm học bạ,2021,18.0,Công nghệ thực phẩm
21908,DDT,cong-nghe-thuc-pham,B00,Điểm học bạ,2021,18.0,Công nghệ thực phẩm
21909,DDT,cong-nghe-thuc-pham,C01,Điểm học bạ,2021,18.0,Công nghệ thực phẩm
21910,DDT,cong-nghe-thuc-pham,C02,Điểm học bạ,2021,18.0,Công nghệ thực phẩm
21911,DDT,cong-nghe-thuc-pham,A00,Điểm thi THPT,2021,14.0,Công nghệ thực phẩm
21912,DDT,cong-nghe-thuc-pham,A16,Điểm thi THPT,2021,14.0,Công nghệ thực phẩm
21913,DDT,cong-nghe-thuc-pham,B00,Điểm thi THPT,2021,14.0,Công nghệ thực phẩm
21914,DDT,cong-nghe-thuc-pham,C01,Điểm thi THPT,2021,14.0,Công nghệ thực phẩm
21915,DDT,cong-nghe-thuc-pham,A00,Điểm học bạ,2022,18.0,Công nghệ thực phẩm
21916,DDT,cong-nghe-thuc-pham,B00,Điểm học bạ,2022,18.0,Công nghệ thực phẩm
21917,DDT,cong-nghe-thuc-pham,C01,Điểm học bạ,2022,18.0,Công nghệ thực phẩm
21918,DDT,cong-nghe-thuc-pham,C02,Điểm học bạ,2022,18.0,Công nghệ thực phẩm
21919,DDT,cong-nghe-thuc-pham,A00,Điểm thi THPT,2022,14.0,Công nghệ thực phẩm
21920,DDT,cong-nghe-thuc-pham,A16,Điểm thi THPT,2022,14.0,Công nghệ thực phẩm
21921,DDT,cong-nghe-thuc-pham,B00,Điểm thi THPT,2022,14.0,Công nghệ thực phẩm
21922,DDT,cong-nghe-thuc-pham,C01,Điểm thi THPT,2022,14.0,Công nghệ thực phẩm
21923,DDT,cong-nghe-thuc-pham,A00,Điểm học bạ,2023,18.0,Công nghệ thực phẩm
21924,DDT,cong-nghe-thuc-pham,B00,Điểm học bạ,2023,18.0,Công nghệ thực phẩm
21925,DDT,cong-nghe-thuc-pham,C01,Điểm học bạ,2023,18.0,Công nghệ thực phẩm
21926,DDT,cong-nghe-thuc-pham,C02,Điểm học bạ,2023,18.0,Công nghệ thực phẩm
21927,DDT,cong-nghe-thuc-pham,A00,Điểm thi THPT,2023,18.0,Công nghệ Thực phẩm
21928,DDT,cong-nghe-thuc-pham,A16,Điểm thi THPT,2023,18.0,Công nghệ Thực phẩm
21929,DDT,cong-nghe-thuc-pham,B00,Điểm thi THPT,2023,18.0,Công nghệ Thực phẩm
21930,DDT,cong-nghe-thuc-pham,C01,Điểm thi THPT,2023,18.0,Công nghệ Thực phẩm
21931,DDT,cong-nghe-thuc-pham,A00,Điểm học bạ,2024,18.0,Công nghệ thực phẩm
21932,DDT,cong-nghe-thuc-pham,B00,Điểm học bạ,2024,18.0,Công nghệ thực phẩm
21933,DDT,cong-nghe-thuc-pham,C01,Điểm học bạ,2024,18.0,Công nghệ thực phẩm
21934,DDT,cong-nghe-thuc-pham,C02,Điểm học bạ,2024,18.0,Công nghệ thực phẩm
21935,DDT,cong-nghe-thuc-pham,A00,Điểm thi THPT,2024,16.0,Công nghệ thực phẩm
21936,DDT,cong-nghe-thuc-pham,A01,Điểm thi THPT,2024,16.0,Công nghệ thực phẩm
21937,DDT,cong-nghe-thuc-pham,B00,Điểm thi THPT,2024,16.0,Công nghệ thực phẩm
21938,DDT,cong-nghe-thuc-pham,C01,Điểm thi THPT,2024,16.0,Công nghệ thực phẩm
21939,DDT,cong-nghe-thuc-pham,A00,Điểm học bạ,2025,18.0,Ngành Công nghệ Thực phẩm
21940,DDT,cong-nghe-thuc-pham,A02,Điểm học bạ,2025,18.0,Ngành Công nghệ Thực phẩm
21941,DDT,cong-nghe-thuc-pham,B00,Điểm học bạ,2025,18.0,Ngành Công nghệ Thực phẩm
21942,DDT,cong-nghe-thuc-pham,B03,Điểm học bạ,2025,18.0,Ngành Công nghệ Thực phẩm
21943,DDT,cong-nghe-thuc-pham,C01,Điểm học bạ,2025,18.0,Ngành Công nghệ Thực phẩm
21944,DDT,cong-nghe-thuc-pham,C02,Điểm học bạ,2025,18.0,Ngành Công nghệ Thực phẩm
21945,DDT,cong-nghe-thuc-pham,A00,Điểm thi THPT,2025,15.0,Ngành Công nghệ Thực phẩm
21946,DDT,cong-nghe-thuc-pham,A02,Điểm thi THPT,2025,15.0,Ngành Công nghệ Thực phẩm
21947,DDT,cong-nghe-thuc-pham,B00,Điểm thi THPT,2025,15.0,Ngành Công nghệ Thực phẩm
21948,DDT,cong-nghe-thuc-pham,B03,Điểm thi THPT,2025,15.0,Ngành Công nghệ Thực phẩm
21949,DDT,cong-nghe-thuc-pham,C01,Điểm thi THPT,2025,15.0,Ngành Công nghệ Thực phẩm
21950,DDT,cong-nghe-thuc-pham,C02,Điểm thi THPT,2025,15.0,Ngành Công nghệ Thực phẩm
21951,DDT,cong-nghe-thuc-pham-chuong-trinh-viet-nhat,A00,Điểm học bạ,2025,18.0,Ngành Công nghệ Thực phẩm - Chương trình Việt Nhật
21952,DDT,cong-nghe-thuc-pham-chuong-trinh-viet-nhat,A02,Điểm học bạ,2025,18.0,Ngành Công nghệ Thực phẩm - Chương trình Việt Nhật
21953,DDT,cong-nghe-thuc-pham-chuong-trinh-viet-nhat,B00,Điểm học bạ,2025,18.0,Ngành Công nghệ Thực phẩm - Chương trình Việt Nhật
21954,DDT,cong-nghe-thuc-pham-chuong-trinh-viet-nhat,B03,Điểm học bạ,2025,18.0,Ngành Công nghệ Thực phẩm - Chương trình Việt Nhật
21955,DDT,cong-nghe-thuc-pham-chuong-trinh-viet-nhat,C01,Điểm học bạ,2025,18.0,Ngành Công nghệ Thực phẩm - Chương trình Việt Nhật
21956,DDT,cong-nghe-thuc-pham-chuong-trinh-viet-nhat,C02,Điểm học bạ,2025,18.0,Ngành Công nghệ Thực phẩm - Chương trình Việt Nhật
21957,DDT,cong-nghe-thuc-pham-chuong-trinh-viet-nhat,A00,Điểm thi THPT,2025,15.0,Ngành Công nghệ Thực phẩm - Chương trình Việt Nhật
21958,DDT,cong-nghe-thuc-pham-chuong-trinh-viet-nhat,A02,Điểm thi THPT,2025,15.0,Ngành Công nghệ Thực phẩm - Chương trình Việt Nhật
21959,DDT,cong-nghe-thuc-pham-chuong-trinh-viet-nhat,B00,Điểm thi THPT,2025,15.0,Ngành Công nghệ Thực phẩm - Chương trình Việt Nhật
21960,DDT,cong-nghe-thuc-pham-chuong-trinh-viet-nhat,B03,Điểm thi THPT,2025,15.0,Ngành Công nghệ Thực phẩm - Chương trình Việt Nhật
21961,DDT,cong-nghe-thuc-pham-chuong-trinh-viet-nhat,C01,Điểm thi THPT,2025,15.0,Ngành Công nghệ Thực phẩm - Chương trình Việt Nhật
21962,DDT,cong-nghe-thuc-pham-chuong-trinh-viet-nhat,C02,Điểm thi THPT,2025,15.0,Ngành Công nghệ Thực phẩm - Chương trình Việt Nhật
21963,DDT,da-khoa,A00,Điểm học bạ,2021,24.0,Đa khoa
21964,DDT,da-khoa,A02,Điểm học bạ,2021,24.0,Đa khoa
21965,DDT,da-khoa,B00,Điểm học bạ,2021,24.0,Đa khoa
21966,DDT,da-khoa,D08,Điểm học bạ,2021,24.0,Đa khoa
21967,DDT,dieu-duong,A00,Điểm học bạ,2021,19.5,Điều dưỡng
21968,DDT,dieu-duong,B00,Điểm học bạ,2021,19.5,Điều dưỡng
21969,DDT,dieu-duong,B03,Điểm học bạ,2021,19.5,Điều dưỡng
21970,DDT,dieu-duong,C02,Điểm học bạ,2021,19.5,Điều dưỡng
21971,DDT,dieu-duong,A00,Điểm thi THPT,2021,19.0,Điều dưỡng
21972,DDT,dieu-duong,A16,Điểm thi THPT,2021,19.0,Điều dưỡng
21973,DDT,dieu-duong,B00,Điểm thi THPT,2021,19.0,Điều dưỡng
21974,DDT,dieu-duong,B03,Điểm thi THPT,2021,19.0,Điều dưỡng
21975,DDT,dieu-duong,A00,Điểm học bạ,2022,19.5,Điều dưỡng
21976,DDT,dieu-duong,B00,Điểm học bạ,2022,19.5,Điều dưỡng
21977,DDT,dieu-duong,B03,Điểm học bạ,2022,19.5,Điều dưỡng
21978,DDT,dieu-duong,C02,Điểm học bạ,2022,19.5,Điều dưỡng
21979,DDT,dieu-duong,A00,Điểm thi THPT,2022,19.0,Điều dưỡng
21980,DDT,dieu-duong,A16,Điểm thi THPT,2022,19.0,Điều dưỡng
21981,DDT,dieu-duong,B00,Điểm thi THPT,2022,19.0,Điều dưỡng
21982,DDT,dieu-duong,B03,Điểm thi THPT,2022,19.0,Điều dưỡng
21983,DDT,dieu-duong,A00,Điểm học bạ,2023,19.5,Điều dưỡng
21984,DDT,dieu-duong,B00,Điểm học bạ,2023,19.5,Điều dưỡng
21985,DDT,dieu-duong,B03,Điểm học bạ,2023,19.5,Điều dưỡng
21986,DDT,dieu-duong,C02,Điểm học bạ,2023,19.5,Điều dưỡng
21987,DDT,dieu-duong,A00,Điểm thi THPT,2023,19.0,Điều dưỡng
21988,DDT,dieu-duong,A16,Điểm thi THPT,2023,19.0,Điều dưỡng
21989,DDT,dieu-duong,B00,Điểm thi THPT,2023,19.0,Điều dưỡng
21990,DDT,dieu-duong,B03,Điểm thi THPT,2023,19.0,Điều dưỡng
21991,DDT,dieu-duong,A00,Điểm học bạ,2024,19.5,Điều dưỡng
21992,DDT,dieu-duong,B00,Điểm học bạ,2024,19.5,Điều dưỡng
21993,DDT,dieu-duong,B03,Điểm học bạ,2024,19.5,Điều dưỡng
21994,DDT,dieu-duong,C02,Điểm học bạ,2024,19.5,Điều dưỡng
21995,DDT,dieu-duong,A00,Điểm thi THPT,2024,19.0,Điều dưỡng
21996,DDT,dieu-duong,A16,Điểm thi THPT,2024,19.0,Điều dưỡng
21997,DDT,dieu-duong,B00,Điểm thi THPT,2024,19.0,Điều dưỡng
21998,DDT,dieu-duong,B03,Điểm thi THPT,2024,19.0,Điều dưỡng
21999,DDT,dieu-duong,A00,Điểm học bạ,2025,19.5,Ngành Điều dưỡng
22000,DDT,dieu-duong,A02,Điểm học bạ,2025,19.5,Ngành Điều dưỡng
22001,DDT,dieu-duong,B00,Điểm học bạ,2025,19.5,Ngành Điều dưỡng
22002,DDT,dieu-duong,B03,Điểm học bạ,2025,19.5,Ngành Điều dưỡng
22003,DDT,dieu-duong,D08,Điểm học bạ,2025,19.5,Ngành Điều dưỡng
22004,DDT,dieu-duong,X14,Điểm học bạ,2025,19.5,Ngành Điều dưỡng
22005,DDT,dieu-duong,A00,Điểm thi THPT,2025,17.0,Ngành Điều dưỡng
22006,DDT,dieu-duong,A02,Điểm thi THPT,2025,17.0,Ngành Điều dưỡng
22007,DDT,dieu-duong,B00,Điểm thi THPT,2025,17.0,Ngành Điều dưỡng
22008,DDT,dieu-duong,B03,Điểm thi THPT,2025,17.0,Ngành Điều dưỡng
22009,DDT,dieu-duong,D08,Điểm thi THPT,2025,17.0,Ngành Điều dưỡng
22010,DDT,dieu-duong,X14,Điểm thi THPT,2025,17.0,Ngành Điều dưỡng
22011,DDT,dieu-duong-chuong-trinh-viet-nhat,A00,Điểm học bạ,2025,19.5,Ngành Điều dưỡng - Chương trình Việt Nhật
22012,DDT,dieu-duong-chuong-trinh-viet-nhat,A02,Điểm học bạ,2025,19.5,Ngành Điều dưỡng - Chương trình Việt Nhật
22013,DDT,dieu-duong-chuong-trinh-viet-nhat,B00,Điểm học bạ,2025,19.5,Ngành Điều dưỡng - Chương trình Việt Nhật
22014,DDT,dieu-duong-chuong-trinh-viet-nhat,B03,Điểm học bạ,2025,19.5,Ngành Điều dưỡng - Chương trình Việt Nhật
22015,DDT,dieu-duong-chuong-trinh-viet-nhat,D08,Điểm học bạ,2025,19.5,Ngành Điều dưỡng - Chương trình Việt Nhật
22016,DDT,dieu-duong-chuong-trinh-viet-nhat,X14,Điểm học bạ,2025,19.5,Ngành Điều dưỡng - Chương trình Việt Nhật
22017,DDT,dieu-duong-chuong-trinh-viet-nhat,A00,Điểm thi THPT,2025,17.0,Ngành Điều dưỡng - Chương trình Việt Nhật
22018,DDT,dieu-duong-chuong-trinh-viet-nhat,A02,Điểm thi THPT,2025,17.0,Ngành Điều dưỡng - Chương trình Việt Nhật
22019,DDT,dieu-duong-chuong-trinh-viet-nhat,B00,Điểm thi THPT,2025,17.0,Ngành Điều dưỡng - Chương trình Việt Nhật
22020,DDT,dieu-duong-chuong-trinh-viet-nhat,B03,Điểm thi THPT,2025,17.0,Ngành Điều dưỡng - Chương trình Việt Nhật
22021,DDT,dieu-duong-chuong-trinh-viet-nhat,D08,Điểm thi THPT,2025,17.0,Ngành Điều dưỡng - Chương trình Việt Nhật
22022,DDT,dieu-duong-chuong-trinh-viet-nhat,X14,Điểm thi THPT,2025,17.0,Ngành Điều dưỡng - Chương trình Việt Nhật
22023,DDT,du-lich,A00,Điểm học bạ,2021,18.0,Du lịch
22024,DDT,du-lich,A01,Điểm học bạ,2021,18.0,Du lịch
22025,DDT,du-lich,C00,Điểm học bạ,2021,18.0,Du lịch
22026,DDT,du-lich,D01,Điểm học bạ,2021,18.0,Du lịch
22027,DDT,du-lich,A00,Điểm thi THPT,2021,14.0,Du lịch
22028,DDT,du-lich,C00,Điểm thi THPT,2021,14.0,Du lịch
22029,DDT,du-lich,C15,Điểm thi THPT,2021,14.0,Du lịch
22030,DDT,du-lich,D01,Điểm thi THPT,2021,14.0,Du lịch
22031,DDT,du-lich,A00,Điểm học bạ,2022,18.0,Du lịch
22032,DDT,du-lich,A01,Điểm học bạ,2022,18.0,Du lịch
22033,DDT,du-lich,C00,Điểm học bạ,2022,18.0,Du lịch
22034,DDT,du-lich,D01,Điểm học bạ,2022,18.0,Du lịch
22035,DDT,du-lich,A00,Điểm thi THPT,2022,14.0,Du lịch
22036,DDT,du-lich,C00,Điểm thi THPT,2022,14.0,Du lịch
22037,DDT,du-lich,C15,Điểm thi THPT,2022,14.0,Du lịch
22038,DDT,du-lich,D01,Điểm thi THPT,2022,14.0,Du lịch
22039,DDT,du-lich,A00,Điểm học bạ,2023,18.0,Du lịch
22040,DDT,du-lich,A01,Điểm học bạ,2023,18.0,Du lịch
22041,DDT,du-lich,C00,Điểm học bạ,2023,18.0,Du lịch
22042,DDT,du-lich,D01,Điểm học bạ,2023,18.0,Du lịch
22043,DDT,du-lich,A00,Điểm thi THPT,2023,14.0,Du lịch
22044,DDT,du-lich,C00,Điểm thi THPT,2023,14.0,Du lịch
22045,DDT,du-lich,C15,Điểm thi THPT,2023,14.0,Du lịch
22046,DDT,du-lich,D01,Điểm thi THPT,2023,14.0,Du lịch
22047,DDT,du-lich,A00,Điểm học bạ,2024,18.0,Du lịch
22048,DDT,du-lich,A01,Điểm học bạ,2024,18.0,Du lịch
22049,DDT,du-lich,C00,Điểm học bạ,2024,18.0,Du lịch
22050,DDT,du-lich,D01,Điểm học bạ,2024,18.0,Du lịch
22051,DDT,du-lich,A00,Điểm thi THPT,2024,16.0,Du lịch
22052,DDT,du-lich,C00,Điểm thi THPT,2024,16.0,Du lịch
22053,DDT,du-lich,C15,Điểm thi THPT,2024,16.0,Du lịch
22054,DDT,du-lich,D01,Điểm thi THPT,2024,16.0,Du lịch
22055,DDT,du-lich,A01,Điểm học bạ,2025,18.0,Ngành Du lịch
22056,DDT,du-lich,C00,Điểm học bạ,2025,18.0,Ngành Du lịch
22057,DDT,du-lich,C03,Điểm học bạ,2025,18.0,Ngành Du lịch
22058,DDT,du-lich,C04,Điểm học bạ,2025,18.0,Ngành Du lịch
22059,DDT,du-lich,D01,Điểm học bạ,2025,18.0,Ngành Du lịch
22060,DDT,du-lich,X01,Điểm học bạ,2025,18.0,Ngành Du lịch
22061,DDT,du-lich,A01,Điểm thi THPT,2025,15.0,Ngành Du lịch
22062,DDT,du-lich,C00,Điểm thi THPT,2025,15.0,Ngành Du lịch
22063,DDT,du-lich,C03,Điểm thi THPT,2025,15.0,Ngành Du lịch
22064,DDT,du-lich,C04,Điểm thi THPT,2025,15.0,Ngành Du lịch
22065,DDT,du-lich,D01,Điểm thi THPT,2025,15.0,Ngành Du lịch
22066,DDT,du-lich,X01,Điểm thi THPT,2025,15.0,Ngành Du lịch
22067,DDT,duoc,A00,Điểm học bạ,2022,24.0,Dược
22068,DDT,duoc,B00,Điểm học bạ,2022,24.0,Dược
22069,DDT,duoc,B03,Điểm học bạ,2022,24.0,Dược
22070,DDT,duoc,C02,Điểm học bạ,2022,24.0,Dược
22071,DDT,duoc,A00,Điểm thi THPT,2022,21.0,Dược
22072,DDT,duoc,A16,Điểm thi THPT,2022,21.0,Dược
22073,DDT,duoc,B00,Điểm thi THPT,2022,21.0,Dược
22074,DDT,duoc,B03,Điểm thi THPT,2022,21.0,Dược
22075,DDT,duoc,A00,Điểm học bạ,2023,24.0,Dược
22076,DDT,duoc,B00,Điểm học bạ,2023,24.0,Dược
22077,DDT,duoc,B03,Điểm học bạ,2023,24.0,Dược
22078,DDT,duoc,C02,Điểm học bạ,2023,24.0,Dược
22079,DDT,duoc,A00,Điểm học bạ,2024,24.0,Dược
22080,DDT,duoc,B00,Điểm học bạ,2024,24.0,Dược
22081,DDT,duoc,B03,Điểm học bạ,2024,24.0,Dược
22082,DDT,duoc,C02,Điểm học bạ,2024,24.0,Dược
22083,DDT,duoc,A00,Điểm thi THPT,2024,21.0,Dược
22084,DDT,duoc,A16,Điểm thi THPT,2024,21.0,Dược
22085,DDT,duoc,B00,Điểm thi THPT,2024,21.0,Dược
22086,DDT,duoc,B03,Điểm thi THPT,2024,21.0,Dược
22087,DDT,duoc,A00,Điểm học bạ,2025,24.0,Ngành Dược
22088,DDT,duoc,A02,Điểm học bạ,2025,24.0,Ngành Dược
22089,DDT,duoc,B00,Điểm học bạ,2025,24.0,Ngành Dược
22090,DDT,duoc,B03,Điểm học bạ,2025,24.0,Ngành Dược
22091,DDT,duoc,D08,Điểm học bạ,2025,24.0,Ngành Dược
22092,DDT,duoc,X14,Điểm học bạ,2025,24.0,Ngành Dược
22093,DDT,duoc,A00,Điểm thi THPT,2025,19.0,Ngành Dược
22094,DDT,duoc,A02,Điểm thi THPT,2025,19.0,Ngành Dược
22095,DDT,duoc,B00,Điểm thi THPT,2025,19.0,Ngành Dược
22096,DDT,duoc,B03,Điểm thi THPT,2025,19.0,Ngành Dược
22097,DDT,duoc,D08,Điểm thi THPT,2025,19.0,Ngành Dược
22098,DDT,duoc,X14,Điểm thi THPT,2025,19.0,Ngành Dược
22099,DDT,duoc-hoc,A00,Điểm thi THPT,2023,21.0,Dược học
22100,DDT,duoc-hoc,A16,Điểm thi THPT,2023,21.0,Dược học
22101,DDT,duoc-hoc,B00,Điểm thi THPT,2023,21.0,Dược học
22102,DDT,duoc-hoc,B03,Điểm thi THPT,2023,21.0,Dược học
22103,DDT,duoc-hoc-lien-thong,A00,Điểm thi THPT,2023,21.0,Dược học liên thông
22104,DDT,duoc-hoc-lien-thong,A16,Điểm thi THPT,2023,21.0,Dược học liên thông
22105,DDT,duoc-hoc-lien-thong,B00,Điểm thi THPT,2023,21.0,Dược học liên thông
22106,DDT,duoc-hoc-lien-thong,B03,Điểm thi THPT,2023,21.0,Dược học liên thông
22107,DDT,duoc-si,A00,Điểm học bạ,2021,24.0,Dược sĩ
22108,DDT,duoc-si,B00,Điểm học bạ,2021,24.0,Dược sĩ
22109,DDT,duoc-si,B03,Điểm học bạ,2021,24.0,Dược sĩ
22110,DDT,duoc-si,C02,Điểm học bạ,2021,24.0,Dược sĩ
22111,DDT,duoc-si,A00,Điểm thi THPT,2021,21.0,Dược sĩ
22112,DDT,duoc-si,A16,Điểm thi THPT,2021,21.0,Dược sĩ
22113,DDT,duoc-si,B00,Điểm thi THPT,2021,21.0,Dược sĩ
22114,DDT,duoc-si,B03,Điểm thi THPT,2021,21.0,Dược sĩ
22115,DDT,he-thong-thong-tin-quan-ly,A00,Điểm học bạ,2022,18.0,Hệ thống thông tin quản lý
22116,DDT,he-thong-thong-tin-quan-ly,C01,Điểm học bạ,2022,18.0,Hệ thống thông tin quản lý
22117,DDT,he-thong-thong-tin-quan-ly,C02,Điểm học bạ,2022,18.0,Hệ thống thông tin quản lý
22118,DDT,he-thong-thong-tin-quan-ly,D01,Điểm học bạ,2022,18.0,Hệ thống thông tin quản lý
22119,DDT,he-thong-thong-tin-quan-ly,A00,Điểm thi THPT,2022,16.0,Hệ thống thông tin quản lý
22120,DDT,he-thong-thong-tin-quan-ly,A16,Điểm thi THPT,2022,16.0,Hệ thống thông tin quản lý
22121,DDT,he-thong-thong-tin-quan-ly,C01,Điểm thi THPT,2022,16.0,Hệ thống thông tin quản lý
22122,DDT,he-thong-thong-tin-quan-ly,D01,Điểm thi THPT,2022,16.0,Hệ thống thông tin quản lý
22123,DDT,he-thong-thong-tin-quan-ly,A00,Điểm học bạ,2023,18.0,Hệ thống thông tin quản lý
22124,DDT,he-thong-thong-tin-quan-ly,C01,Điểm học bạ,2023,18.0,Hệ thống thông tin quản lý
22125,DDT,he-thong-thong-tin-quan-ly,C02,Điểm học bạ,2023,18.0,Hệ thống thông tin quản lý
22126,DDT,he-thong-thong-tin-quan-ly,D01,Điểm học bạ,2023,18.0,Hệ thống thông tin quản lý
22127,DDT,he-thong-thong-tin-quan-ly,A00,Điểm thi THPT,2023,14.5,Hệ thống Thông tin Quản lý
22128,DDT,he-thong-thong-tin-quan-ly,A16,Điểm thi THPT,2023,14.5,Hệ thống Thông tin Quản lý
22129,DDT,he-thong-thong-tin-quan-ly,C01,Điểm thi THPT,2023,14.5,Hệ thống Thông tin Quản lý
22130,DDT,he-thong-thong-tin-quan-ly,D01,Điểm thi THPT,2023,14.5,Hệ thống Thông tin Quản lý
22131,DDT,he-thong-thong-tin-quan-ly,A00,Điểm học bạ,2024,18.0,Hệ thống thông tin quản lý
22132,DDT,he-thong-thong-tin-quan-ly,C01,Điểm học bạ,2024,18.0,Hệ thống thông tin quản lý
22133,DDT,he-thong-thong-tin-quan-ly,C02,Điểm học bạ,2024,18.0,Hệ thống thông tin quản lý
22134,DDT,he-thong-thong-tin-quan-ly,D01,Điểm học bạ,2024,18.0,Hệ thống thông tin quản lý
22135,DDT,he-thong-thong-tin-quan-ly,A00,Điểm thi THPT,2024,16.0,Hệ thống thông tin quản lý
22136,DDT,he-thong-thong-tin-quan-ly,A01,Điểm thi THPT,2024,16.0,Hệ thống thông tin quản lý
22137,DDT,he-thong-thong-tin-quan-ly,A16,Điểm thi THPT,2024,16.0,Hệ thống thông tin quản lý
22138,DDT,he-thong-thong-tin-quan-ly,D01,Điểm thi THPT,2024,16.0,Hệ thống thông tin quản lý
22139,DDT,he-thong-thong-tin-quan-ly,A00,Điểm học bạ,2025,18.0,Ngành Hệ thống Thông tin Quản lý - Chương trình Tiên tiến và Quốc tế
22140,DDT,he-thong-thong-tin-quan-ly,A01,Điểm học bạ,2025,18.0,Ngành Hệ thống Thông tin Quản lý - Chương trình Tiên tiến và Quốc tế
22141,DDT,he-thong-thong-tin-quan-ly,C01,Điểm học bạ,2025,18.0,Ngành Hệ thống Thông tin Quản lý - Chương trình Tiên tiến và Quốc tế
22142,DDT,he-thong-thong-tin-quan-ly,C02,Điểm học bạ,2025,18.0,Ngành Hệ thống Thông tin Quản lý - Chương trình Tiên tiến và Quốc tế
22143,DDT,he-thong-thong-tin-quan-ly,D01,Điểm học bạ,2025,18.0,Ngành Hệ thống Thông tin Quản lý - Chương trình Tiên tiến và Quốc tế
22144,DDT,he-thong-thong-tin-quan-ly,X26,Điểm học bạ,2025,18.0,Ngành Hệ thống Thông tin Quản lý - Chương trình Tiên tiến và Quốc tế
22145,DDT,he-thong-thong-tin-quan-ly,A00,Điểm thi THPT,2025,15.0,Ngành Hệ thống Thông tin Quản lý - Chương trình Tiên tiến và Quốc tế
22146,DDT,he-thong-thong-tin-quan-ly,A01,Điểm thi THPT,2025,15.0,Ngành Hệ thống Thông tin Quản lý - Chương trình Tiên tiến và Quốc tế
22147,DDT,he-thong-thong-tin-quan-ly,C01,Điểm thi THPT,2025,15.0,Ngành Hệ thống Thông tin Quản lý - Chương trình Tiên tiến và Quốc tế
22148,DDT,he-thong-thong-tin-quan-ly,C02,Điểm thi THPT,2025,15.0,Ngành Hệ thống Thông tin Quản lý - Chương trình Tiên tiến và Quốc tế
22149,DDT,he-thong-thong-tin-quan-ly,D01,Điểm thi THPT,2025,15.0,Ngành Hệ thống Thông tin Quản lý - Chương trình Tiên tiến và Quốc tế
22150,DDT,he-thong-thong-tin-quan-ly,X26,Điểm thi THPT,2025,15.0,Ngành Hệ thống Thông tin Quản lý - Chương trình Tiên tiến và Quốc tế
22151,DDT,ke-toan,A00,Điểm học bạ,2021,18.0,Kế toán
22152,DDT,ke-toan,C01,Điểm học bạ,2021,18.0,Kế toán
22153,DDT,ke-toan,C02,Điểm học bạ,2021,18.0,Kế toán
22154,DDT,ke-toan,D01,Điểm học bạ,2021,18.0,Kế toán
22155,DDT,ke-toan,A00,Điểm thi THPT,2021,14.0,Kế toán
22156,DDT,ke-toan,A16,Điểm thi THPT,2021,14.0,Kế toán
22157,DDT,ke-toan,C01,Điểm thi THPT,2021,14.0,Kế toán
22158,DDT,ke-toan,D01,Điểm thi THPT,2021,14.0,Kế toán
22159,DDT,ke-toan,A00,Điểm học bạ,2022,18.0,Kế toán
22160,DDT,ke-toan,C01,Điểm học bạ,2022,18.0,Kế toán
22161,DDT,ke-toan,C02,Điểm học bạ,2022,18.0,Kế toán
22162,DDT,ke-toan,D01,Điểm học bạ,2022,18.0,Kế toán
22163,DDT,ke-toan,A00,Điểm thi THPT,2022,14.0,Kế toán
22164,DDT,ke-toan,A16,Điểm thi THPT,2022,14.0,Kế toán
22165,DDT,ke-toan,C01,Điểm thi THPT,2022,14.0,Kế toán
22166,DDT,ke-toan,D01,Điểm thi THPT,2022,14.0,Kế toán
22167,DDT,ke-toan,A00,Điểm học bạ,2023,18.0,Kế toán
22168,DDT,ke-toan,C01,Điểm học bạ,2023,18.0,Kế toán
22169,DDT,ke-toan,C02,Điểm học bạ,2023,18.0,Kế toán
22170,DDT,ke-toan,D01,Điểm học bạ,2023,18.0,Kế toán
22171,DDT,ke-toan,A00,Điểm thi THPT,2023,14.0,Kế toán
22172,DDT,ke-toan,A16,Điểm thi THPT,2023,14.0,Kế toán
22173,DDT,ke-toan,C01,Điểm thi THPT,2023,14.0,Kế toán
22174,DDT,ke-toan,D01,Điểm thi THPT,2023,14.0,Kế toán
22175,DDT,ke-toan,A00,Điểm học bạ,2024,18.0,Kế toán
22176,DDT,ke-toan,C01,Điểm học bạ,2024,18.0,Kế toán
22177,DDT,ke-toan,C02,Điểm học bạ,2024,18.0,Kế toán
22178,DDT,ke-toan,D01,Điểm học bạ,2024,18.0,Kế toán
22179,DDT,ke-toan,A00,Điểm thi THPT,2024,16.0,Kế toán
22180,DDT,ke-toan,A16,Điểm thi THPT,2024,16.0,Kế toán
22181,DDT,ke-toan,C01,Điểm thi THPT,2024,16.0,Kế toán
22182,DDT,ke-toan,D01,Điểm thi THPT,2024,16.0,Kế toán
22183,DDT,ke-toan-co-cac-chuyen-nganh-ke-toan-doanh-nghiep-ke-toan-quan-tri,A00,Điểm học bạ,2025,18.0,Ngành Kế toán có các chuyên ngành: Kế toán Doanh nghiệp; Kế toán Quản trị
22184,DDT,ke-toan-co-cac-chuyen-nganh-ke-toan-doanh-nghiep-ke-toan-quan-tri,A01,Điểm học bạ,2025,18.0,Ngành Kế toán có các chuyên ngành: Kế toán Doanh nghiệp; Kế toán Quản trị
22185,DDT,ke-toan-co-cac-chuyen-nganh-ke-toan-doanh-nghiep-ke-toan-quan-tri,A07,Điểm học bạ,2025,18.0,Ngành Kế toán có các chuyên ngành: Kế toán Doanh nghiệp; Kế toán Quản trị
22186,DDT,ke-toan-co-cac-chuyen-nganh-ke-toan-doanh-nghiep-ke-toan-quan-tri,C01,Điểm học bạ,2025,18.0,Ngành Kế toán có các chuyên ngành: Kế toán Doanh nghiệp; Kế toán Quản trị
22187,DDT,ke-toan-co-cac-chuyen-nganh-ke-toan-doanh-nghiep-ke-toan-quan-tri,D01,Điểm học bạ,2025,18.0,Ngành Kế toán có các chuyên ngành: Kế toán Doanh nghiệp; Kế toán Quản trị
22188,DDT,ke-toan-co-cac-chuyen-nganh-ke-toan-doanh-nghiep-ke-toan-quan-tri,X01,Điểm học bạ,2025,18.0,Ngành Kế toán có các chuyên ngành: Kế toán Doanh nghiệp; Kế toán Quản trị
22189,DDT,ke-toan-co-cac-chuyen-nganh-ke-toan-doanh-nghiep-ke-toan-quan-tri,A00,Điểm thi THPT,2025,15.0,Ngành Kế toán có các chuyên ngành: Kế toán Doanh nghiệp; Kế toán Quản trị
22190,DDT,ke-toan-co-cac-chuyen-nganh-ke-toan-doanh-nghiep-ke-toan-quan-tri,A01,Điểm thi THPT,2025,15.0,Ngành Kế toán có các chuyên ngành: Kế toán Doanh nghiệp; Kế toán Quản trị
22191,DDT,ke-toan-co-cac-chuyen-nganh-ke-toan-doanh-nghiep-ke-toan-quan-tri,A07,Điểm thi THPT,2025,15.0,Ngành Kế toán có các chuyên ngành: Kế toán Doanh nghiệp; Kế toán Quản trị
22192,DDT,ke-toan-co-cac-chuyen-nganh-ke-toan-doanh-nghiep-ke-toan-quan-tri,C01,Điểm thi THPT,2025,15.0,Ngành Kế toán có các chuyên ngành: Kế toán Doanh nghiệp; Kế toán Quản trị
22193,DDT,ke-toan-co-cac-chuyen-nganh-ke-toan-doanh-nghiep-ke-toan-quan-tri,D01,Điểm thi THPT,2025,15.0,Ngành Kế toán có các chuyên ngành: Kế toán Doanh nghiệp; Kế toán Quản trị
22194,DDT,ke-toan-co-cac-chuyen-nganh-ke-toan-doanh-nghiep-ke-toan-quan-tri,X01,Điểm thi THPT,2025,15.0,Ngành Kế toán có các chuyên ngành: Kế toán Doanh nghiệp; Kế toán Quản trị
22195,DDT,khoa-hoc-du-lieu,A00,Điểm học bạ,2021,18.0,Khoa học dữ liệu
22196,DDT,khoa-hoc-du-lieu,C01,Điểm học bạ,2021,18.0,Khoa học dữ liệu
22197,DDT,khoa-hoc-du-lieu,C02,Điểm học bạ,2021,18.0,Khoa học dữ liệu
22198,DDT,khoa-hoc-du-lieu,D01,Điểm học bạ,2021,18.0,Khoa học dữ liệu
22199,DDT,khoa-hoc-du-lieu,A00,Điểm thi THPT,2021,14.0,Khoa học dữ liệu
22200,DDT,khoa-hoc-du-lieu,A16,Điểm thi THPT,2021,14.0,Khoa học dữ liệu
22201,DDT,khoa-hoc-du-lieu,C01,Điểm thi THPT,2021,14.0,Khoa học dữ liệu
22202,DDT,khoa-hoc-du-lieu,D01,Điểm thi THPT,2021,14.0,Khoa học dữ liệu
22203,DDT,khoa-hoc-du-lieu,A00,Điểm học bạ,2022,18.0,Khoa học dữ liệu
22204,DDT,khoa-hoc-du-lieu,B00,Điểm học bạ,2022,18.0,Khoa học dữ liệu
22205,DDT,khoa-hoc-du-lieu,C01,Điểm học bạ,2022,18.0,Khoa học dữ liệu
22206,DDT,khoa-hoc-du-lieu,C02,Điểm học bạ,2022,18.0,Khoa học dữ liệu
22207,DDT,khoa-hoc-du-lieu,A00,Điểm thi THPT,2022,17.0,Khoa học dữ liệu
22208,DDT,khoa-hoc-du-lieu,A01,Điểm thi THPT,2022,17.0,Khoa học dữ liệu
22209,DDT,khoa-hoc-du-lieu,A16,Điểm thi THPT,2022,17.0,Khoa học dữ liệu
22210,DDT,khoa-hoc-du-lieu,D01,Điểm thi THPT,2022,17.0,Khoa học dữ liệu
22211,DDT,khoa-hoc-du-lieu,A00,Điểm học bạ,2023,18.0,Khoa học dữ liệu
22212,DDT,khoa-hoc-du-lieu,C01,Điểm học bạ,2023,18.0,Khoa học dữ liệu
22213,DDT,khoa-hoc-du-lieu,C02,Điểm học bạ,2023,18.0,Khoa học dữ liệu
22214,DDT,khoa-hoc-du-lieu,D01,Điểm học bạ,2023,18.0,Khoa học dữ liệu
22215,DDT,khoa-hoc-du-lieu,A00,Điểm thi THPT,2023,14.0,Khoa học Dữ liệu
22216,DDT,khoa-hoc-du-lieu,A01,Điểm thi THPT,2023,14.0,Khoa học Dữ liệu
22217,DDT,khoa-hoc-du-lieu,A16,Điểm thi THPT,2023,14.0,Khoa học Dữ liệu
22218,DDT,khoa-hoc-du-lieu,D01,Điểm thi THPT,2023,14.0,Khoa học Dữ liệu
22219,DDT,khoa-hoc-du-lieu,A00,Điểm học bạ,2024,18.0,Khoa học dữ liệu
22220,DDT,khoa-hoc-du-lieu,C01,Điểm học bạ,2024,18.0,Khoa học dữ liệu
22221,DDT,khoa-hoc-du-lieu,C02,Điểm học bạ,2024,18.0,Khoa học dữ liệu
22222,DDT,khoa-hoc-du-lieu,D01,Điểm học bạ,2024,18.0,Khoa học dữ liệu
22223,DDT,khoa-hoc-du-lieu,A00,Điểm thi THPT,2024,16.0,Khoa học dữ liệu
22224,DDT,khoa-hoc-du-lieu,A01,Điểm thi THPT,2024,16.0,Khoa học dữ liệu
22225,DDT,khoa-hoc-du-lieu,A16,Điểm thi THPT,2024,16.0,Khoa học dữ liệu
22226,DDT,khoa-hoc-du-lieu,D01,Điểm thi THPT,2024,16.0,Khoa học dữ liệu
22227,DDT,khoa-hoc-du-lieu,A00,Điểm học bạ,2025,18.0,Ngành Khoa học Dữ liệu
22228,DDT,khoa-hoc-du-lieu,A01,Điểm học bạ,2025,18.0,Ngành Khoa học Dữ liệu
22229,DDT,khoa-hoc-du-lieu,C01,Điểm học bạ,2025,18.0,Ngành Khoa học Dữ liệu
22230,DDT,khoa-hoc-du-lieu,C02,Điểm học bạ,2025,18.0,Ngành Khoa học Dữ liệu
22231,DDT,khoa-hoc-du-lieu,D01,Điểm học bạ,2025,18.0,Ngành Khoa học Dữ liệu
22232,DDT,khoa-hoc-du-lieu,X26,Điểm học bạ,2025,18.0,Ngành Khoa học Dữ liệu
22233,DDT,khoa-hoc-du-lieu,A00,Điểm thi THPT,2025,15.0,Ngành Khoa học Dữ liệu
22234,DDT,khoa-hoc-du-lieu,A01,Điểm thi THPT,2025,15.0,Ngành Khoa học Dữ liệu
22235,DDT,khoa-hoc-du-lieu,C01,Điểm thi THPT,2025,15.0,Ngành Khoa học Dữ liệu
22236,DDT,khoa-hoc-du-lieu,C02,Điểm thi THPT,2025,15.0,Ngành Khoa học Dữ liệu
22237,DDT,khoa-hoc-du-lieu,D01,Điểm thi THPT,2025,15.0,Ngành Khoa học Dữ liệu
22238,DDT,khoa-hoc-du-lieu,X26,Điểm thi THPT,2025,15.0,Ngành Khoa học Dữ liệu
22239,DDT,khoa-hoc-may-tinh,A00,Điểm học bạ,2021,18.0,Khoa học máy tính
22240,DDT,khoa-hoc-may-tinh,C01,Điểm học bạ,2021,18.0,Khoa học máy tính
22241,DDT,khoa-hoc-may-tinh,C02,Điểm học bạ,2021,18.0,Khoa học máy tính
22242,DDT,khoa-hoc-may-tinh,D01,Điểm học bạ,2021,18.0,Khoa học máy tính
22243,DDT,khoa-hoc-may-tinh,A00,Điểm thi THPT,2021,14.0,Khoa học máy tính
22244,DDT,khoa-hoc-may-tinh,A16,Điểm thi THPT,2021,14.0,Khoa học máy tính
22245,DDT,khoa-hoc-may-tinh,C01,Điểm thi THPT,2021,14.0,Khoa học máy tính
22246,DDT,khoa-hoc-may-tinh,D01,Điểm thi THPT,2021,14.0,Khoa học máy tính
22247,DDT,khoa-hoc-may-tinh,A00,Điểm học bạ,2022,18.0,Khoa học máy tính
22248,DDT,khoa-hoc-may-tinh,C01,Điểm học bạ,2022,18.0,Khoa học máy tính
22249,DDT,khoa-hoc-may-tinh,C02,Điểm học bạ,2022,18.0,Khoa học máy tính
22250,DDT,khoa-hoc-may-tinh,D01,Điểm học bạ,2022,18.0,Khoa học máy tính
22251,DDT,khoa-hoc-may-tinh,A00,Điểm thi THPT,2022,14.0,Khoa học máy tính
22252,DDT,khoa-hoc-may-tinh,A01,Điểm thi THPT,2022,14.0,Khoa học máy tính
22253,DDT,khoa-hoc-may-tinh,A16,Điểm thi THPT,2022,14.0,Khoa học máy tính
22254,DDT,khoa-hoc-may-tinh,D01,Điểm thi THPT,2022,14.0,Khoa học máy tính
22255,DDT,khoa-hoc-may-tinh,A00,Điểm học bạ,2023,18.0,Khoa học máy tính
22256,DDT,khoa-hoc-may-tinh,C01,Điểm học bạ,2023,18.0,Khoa học máy tính
22257,DDT,khoa-hoc-may-tinh,C02,Điểm học bạ,2023,18.0,Khoa học máy tính
22258,DDT,khoa-hoc-may-tinh,D01,Điểm học bạ,2023,18.0,Khoa học máy tính
22259,DDT,khoa-hoc-may-tinh,A00,Điểm thi THPT,2023,14.0,Khoa học Máy tính
22260,DDT,khoa-hoc-may-tinh,A01,Điểm thi THPT,2023,14.0,Khoa học Máy tính
22261,DDT,khoa-hoc-may-tinh,A16,Điểm thi THPT,2023,14.0,Khoa học Máy tính
22262,DDT,khoa-hoc-may-tinh,D01,Điểm thi THPT,2023,14.0,Khoa học Máy tính
22263,DDT,khoa-hoc-may-tinh,A00,Điểm học bạ,2024,18.0,Khoa học máy tinh
22264,DDT,khoa-hoc-may-tinh,C01,Điểm học bạ,2024,18.0,Khoa học máy tinh
22265,DDT,khoa-hoc-may-tinh,C02,Điểm học bạ,2024,18.0,Khoa học máy tinh
22266,DDT,khoa-hoc-may-tinh,D01,Điểm học bạ,2024,18.0,Khoa học máy tinh
22267,DDT,khoa-hoc-may-tinh,A00,Điểm thi THPT,2024,16.0,Khoa học máy tính
22268,DDT,khoa-hoc-may-tinh,A01,Điểm thi THPT,2024,16.0,Khoa học máy tính
22269,DDT,khoa-hoc-may-tinh,A16,Điểm thi THPT,2024,16.0,Khoa học máy tính
22270,DDT,khoa-hoc-may-tinh,D01,Điểm thi THPT,2024,16.0,Khoa học máy tính
22271,DDT,khoa-hoc-may-tinh-chuong-trinh-du-hoc-tai-cho-lay-bang-my,A00,Điểm học bạ,2025,18.0,Ngành Khoa học Máy tính - Chương trình Du học tại chỗ lấy bằng Mỹ
22272,DDT,khoa-hoc-may-tinh-chuong-trinh-du-hoc-tai-cho-lay-bang-my,A01,Điểm học bạ,2025,18.0,Ngành Khoa học Máy tính - Chương trình Du học tại chỗ lấy bằng Mỹ
22273,DDT,khoa-hoc-may-tinh-chuong-trinh-du-hoc-tai-cho-lay-bang-my,C01,Điểm học bạ,2025,18.0,Ngành Khoa học Máy tính - Chương trình Du học tại chỗ lấy bằng Mỹ
22274,DDT,khoa-hoc-may-tinh-chuong-trinh-du-hoc-tai-cho-lay-bang-my,C02,Điểm học bạ,2025,18.0,Ngành Khoa học Máy tính - Chương trình Du học tại chỗ lấy bằng Mỹ
22275,DDT,khoa-hoc-may-tinh-chuong-trinh-du-hoc-tai-cho-lay-bang-my,D01,Điểm học bạ,2025,18.0,Ngành Khoa học Máy tính - Chương trình Du học tại chỗ lấy bằng Mỹ
22276,DDT,khoa-hoc-may-tinh-chuong-trinh-du-hoc-tai-cho-lay-bang-my,X26,Điểm học bạ,2025,18.0,Ngành Khoa học Máy tính - Chương trình Du học tại chỗ lấy bằng Mỹ
22277,DDT,khoa-hoc-may-tinh-chuong-trinh-du-hoc-tai-cho-lay-bang-my,A00,Điểm thi THPT,2025,15.0,Ngành Khoa học Máy tính - Chương trình Du học tại chỗ lấy bằng Mỹ
22278,DDT,khoa-hoc-may-tinh-chuong-trinh-du-hoc-tai-cho-lay-bang-my,A01,Điểm thi THPT,2025,15.0,Ngành Khoa học Máy tính - Chương trình Du học tại chỗ lấy bằng Mỹ
22279,DDT,khoa-hoc-may-tinh-chuong-trinh-du-hoc-tai-cho-lay-bang-my,C01,Điểm thi THPT,2025,15.0,Ngành Khoa học Máy tính - Chương trình Du học tại chỗ lấy bằng Mỹ
22280,DDT,khoa-hoc-may-tinh-chuong-trinh-du-hoc-tai-cho-lay-bang-my,C02,Điểm thi THPT,2025,15.0,Ngành Khoa học Máy tính - Chương trình Du học tại chỗ lấy bằng Mỹ
22281,DDT,khoa-hoc-may-tinh-chuong-trinh-du-hoc-tai-cho-lay-bang-my,D01,Điểm thi THPT,2025,15.0,Ngành Khoa học Máy tính - Chương trình Du học tại chỗ lấy bằng Mỹ
22282,DDT,khoa-hoc-may-tinh-chuong-trinh-du-hoc-tai-cho-lay-bang-my,X26,Điểm thi THPT,2025,15.0,Ngành Khoa học Máy tính - Chương trình Du học tại chỗ lấy bằng Mỹ
22283,DDT,khoa-hoc-may-tinh-co-cac-chuyen-nganh-khoa-hoc-may-tinh-ky-thuat-may-tinh,A00,Điểm học bạ,2025,18.0,"Ngành Khoa học Máy tính có các chuyên ngành Khoa học máy tính, Kỹ thuật máy tính"
22284,DDT,khoa-hoc-may-tinh-co-cac-chuyen-nganh-khoa-hoc-may-tinh-ky-thuat-may-tinh,A01,Điểm học bạ,2025,18.0,"Ngành Khoa học Máy tính có các chuyên ngành Khoa học máy tính, Kỹ thuật máy tính"
22285,DDT,khoa-hoc-may-tinh-co-cac-chuyen-nganh-khoa-hoc-may-tinh-ky-thuat-may-tinh,C01,Điểm học bạ,2025,18.0,"Ngành Khoa học Máy tính có các chuyên ngành Khoa học máy tính, Kỹ thuật máy tính"
22286,DDT,khoa-hoc-may-tinh-co-cac-chuyen-nganh-khoa-hoc-may-tinh-ky-thuat-may-tinh,C02,Điểm học bạ,2025,18.0,"Ngành Khoa học Máy tính có các chuyên ngành Khoa học máy tính, Kỹ thuật máy tính"
22287,DDT,khoa-hoc-may-tinh-co-cac-chuyen-nganh-khoa-hoc-may-tinh-ky-thuat-may-tinh,D01,Điểm học bạ,2025,18.0,"Ngành Khoa học Máy tính có các chuyên ngành Khoa học máy tính, Kỹ thuật máy tính"
22288,DDT,khoa-hoc-may-tinh-co-cac-chuyen-nganh-khoa-hoc-may-tinh-ky-thuat-may-tinh,X26,Điểm học bạ,2025,18.0,"Ngành Khoa học Máy tính có các chuyên ngành Khoa học máy tính, Kỹ thuật máy tính"
22289,DDT,khoa-hoc-may-tinh-co-cac-chuyen-nganh-khoa-hoc-may-tinh-ky-thuat-may-tinh,A00,Điểm thi THPT,2025,15.0,"Ngành Khoa học Máy tính có các chuyên ngành Khoa học máy tính, Kỹ thuật máy tính"
22290,DDT,khoa-hoc-may-tinh-co-cac-chuyen-nganh-khoa-hoc-may-tinh-ky-thuat-may-tinh,A01,Điểm thi THPT,2025,15.0,"Ngành Khoa học Máy tính có các chuyên ngành Khoa học máy tính, Kỹ thuật máy tính"
22291,DDT,khoa-hoc-may-tinh-co-cac-chuyen-nganh-khoa-hoc-may-tinh-ky-thuat-may-tinh,C01,Điểm thi THPT,2025,15.0,"Ngành Khoa học Máy tính có các chuyên ngành Khoa học máy tính, Kỹ thuật máy tính"
22292,DDT,khoa-hoc-may-tinh-co-cac-chuyen-nganh-khoa-hoc-may-tinh-ky-thuat-may-tinh,C02,Điểm thi THPT,2025,15.0,"Ngành Khoa học Máy tính có các chuyên ngành Khoa học máy tính, Kỹ thuật máy tính"
22293,DDT,khoa-hoc-may-tinh-co-cac-chuyen-nganh-khoa-hoc-may-tinh-ky-thuat-may-tinh,D01,Điểm thi THPT,2025,15.0,"Ngành Khoa học Máy tính có các chuyên ngành Khoa học máy tính, Kỹ thuật máy tính"
22294,DDT,khoa-hoc-may-tinh-co-cac-chuyen-nganh-khoa-hoc-may-tinh-ky-thuat-may-tinh,X26,Điểm thi THPT,2025,15.0,"Ngành Khoa học Máy tính có các chuyên ngành Khoa học máy tính, Kỹ thuật máy tính"
22295,DDT,kiem-toan,A00,Điểm học bạ,2021,18.0,Kiểm toán
22296,DDT,kiem-toan,C01,Điểm học bạ,2021,18.0,Kiểm toán
22297,DDT,kiem-toan,C02,Điểm học bạ,2021,18.0,Kiểm toán
22298,DDT,kiem-toan,D01,Điểm học bạ,2021,18.0,Kiểm toán
22299,DDT,kiem-toan,A00,Điểm thi THPT,2021,14.0,Kiểm toán
22300,DDT,kiem-toan,A16,Điểm thi THPT,2021,14.0,Kiểm toán
22301,DDT,kiem-toan,C01,Điểm thi THPT,2021,14.0,Kiểm toán
22302,DDT,kiem-toan,D01,Điểm thi THPT,2021,14.0,Kiểm toán
22303,DDT,kiem-toan,A00,Điểm học bạ,2022,18.0,Kiểm toán
22304,DDT,kiem-toan,C01,Điểm học bạ,2022,18.0,Kiểm toán
22305,DDT,kiem-toan,C02,Điểm học bạ,2022,18.0,Kiểm toán
22306,DDT,kiem-toan,D01,Điểm học bạ,2022,18.0,Kiểm toán
22307,DDT,kiem-toan,A00,Điểm thi THPT,2022,14.0,Kiểm toán
22308,DDT,kiem-toan,A16,Điểm thi THPT,2022,14.0,Kiểm toán
22309,DDT,kiem-toan,C01,Điểm thi THPT,2022,14.0,Kiểm toán
22310,DDT,kiem-toan,D01,Điểm thi THPT,2022,14.0,Kiểm toán
22311,DDT,kiem-toan,A00,Điểm học bạ,2023,18.0,Kiểm toán
22312,DDT,kiem-toan,C01,Điểm học bạ,2023,18.0,Kiểm toán
22313,DDT,kiem-toan,C02,Điểm học bạ,2023,18.0,Kiểm toán
22314,DDT,kiem-toan,D01,Điểm học bạ,2023,18.0,Kiểm toán
22315,DDT,kiem-toan,A00,Điểm thi THPT,2023,14.0,Kiểm toán
22316,DDT,kiem-toan,A16,Điểm thi THPT,2023,14.0,Kiểm toán
22317,DDT,kiem-toan,C01,Điểm thi THPT,2023,14.0,Kiểm toán
22318,DDT,kiem-toan,D01,Điểm thi THPT,2023,14.0,Kiểm toán
22319,DDT,kiem-toan,A00,Điểm học bạ,2024,18.0,Kiểm toán
22320,DDT,kiem-toan,C01,Điểm học bạ,2024,18.0,Kiểm toán
22321,DDT,kiem-toan,C02,Điểm học bạ,2024,18.0,Kiểm toán
22322,DDT,kiem-toan,D01,Điểm học bạ,2024,18.0,Kiểm toán
22323,DDT,kiem-toan,A00,Điểm thi THPT,2024,16.0,Kiểm toán
22324,DDT,kiem-toan,A16,Điểm thi THPT,2024,16.0,Kiểm toán
22325,DDT,kiem-toan,C01,Điểm thi THPT,2024,16.0,Kiểm toán
22326,DDT,kiem-toan,D01,Điểm thi THPT,2024,16.0,Kiểm toán
22327,DDT,kiem-toan,A00,Điểm học bạ,2025,18.0,Ngành Kiểm toán
22328,DDT,kiem-toan,A01,Điểm học bạ,2025,18.0,Ngành Kiểm toán
22329,DDT,kiem-toan,A07,Điểm học bạ,2025,18.0,Ngành Kiểm toán
22330,DDT,kiem-toan,C01,Điểm học bạ,2025,18.0,Ngành Kiểm toán
22331,DDT,kiem-toan,D01,Điểm học bạ,2025,18.0,Ngành Kiểm toán
22332,DDT,kiem-toan,X01,Điểm học bạ,2025,18.0,Ngành Kiểm toán
22333,DDT,kiem-toan,A00,Điểm thi THPT,2025,15.0,Ngành Kiểm toán
22334,DDT,kiem-toan,A01,Điểm thi THPT,2025,15.0,Ngành Kiểm toán
22335,DDT,kiem-toan,A07,Điểm thi THPT,2025,15.0,Ngành Kiểm toán
22336,DDT,kiem-toan,C01,Điểm thi THPT,2025,15.0,Ngành Kiểm toán
22337,DDT,kiem-toan,D01,Điểm thi THPT,2025,15.0,Ngành Kiểm toán
22338,DDT,kiem-toan,X01,Điểm thi THPT,2025,15.0,Ngành Kiểm toán
22339,DDT,kien-truc,V00,Điểm học bạ,2021,18.0,Kiến trúc
22340,DDT,kien-truc,V01,Điểm học bạ,2021,18.0,Kiến trúc
22341,DDT,kien-truc,V02,Điểm học bạ,2021,18.0,Kiến trúc
22342,DDT,kien-truc,V06,Điểm học bạ,2021,18.0,Kiến trúc
22343,DDT,kien-truc,M02,Điểm thi THPT,2021,14.0,Kiến trúc
22344,DDT,kien-truc,M04,Điểm thi THPT,2021,14.0,Kiến trúc
22345,DDT,kien-truc,V00,Điểm thi THPT,2021,14.0,Kiến trúc
22346,DDT,kien-truc,V01,Điểm thi THPT,2021,14.0,Kiến trúc
22347,DDT,kien-truc,V00,Điểm học bạ,2022,17.0,Kiến trúc
22348,DDT,kien-truc,V01,Điểm học bạ,2022,17.0,Kiến trúc
22349,DDT,kien-truc,V02,Điểm học bạ,2022,17.0,Kiến trúc
22350,DDT,kien-truc,V06,Điểm học bạ,2022,17.0,Kiến trúc
22351,DDT,kien-truc,M02,Điểm thi THPT,2022,16.0,Kiến trúc
22352,DDT,kien-truc,M04,Điểm thi THPT,2022,16.0,Kiến trúc
22353,DDT,kien-truc,V00,Điểm thi THPT,2022,16.0,Kiến trúc
22354,DDT,kien-truc,V01,Điểm thi THPT,2022,16.0,Kiến trúc
22355,DDT,kien-truc,V00,Điểm học bạ,2023,17.0,Kiến trúc
22356,DDT,kien-truc,V01,Điểm học bạ,2023,17.0,Kiến trúc
22357,DDT,kien-truc,V02,Điểm học bạ,2023,17.0,Kiến trúc
22358,DDT,kien-truc,V06,Điểm học bạ,2023,17.0,Kiến trúc
22359,DDT,kien-truc,M02,Điểm thi THPT,2023,16.5,Kiến trúc
22360,DDT,kien-truc,M04,Điểm thi THPT,2023,16.5,Kiến trúc
22361,DDT,kien-truc,V00,Điểm thi THPT,2023,16.5,Kiến trúc
22362,DDT,kien-truc,V01,Điểm thi THPT,2023,16.5,Kiến trúc
22363,DDT,kien-truc,V00,Điểm học bạ,2024,20.0,Kiến trúc
22364,DDT,kien-truc,V01,Điểm học bạ,2024,20.0,Kiến trúc
22365,DDT,kien-truc,V02,Điểm học bạ,2024,20.0,Kiến trúc
22366,DDT,kien-truc,V06,Điểm học bạ,2024,20.0,Kiến trúc
22367,DDT,kien-truc,M02,Điểm thi THPT,2024,22.0,Kiến trúc
22368,DDT,kien-truc,M04,Điểm thi THPT,2024,22.0,Kiến trúc
22369,DDT,kien-truc,V00,Điểm thi THPT,2024,22.0,Kiến trúc
22370,DDT,kien-truc,V01,Điểm thi THPT,2024,22.0,Kiến trúc
22371,DDT,kien-truc-co-chuyen-nganh-kien-truc-cong-trinh-thiet-ke-noi-that,V00,Điểm học bạ,2025,22.0,"Ngành Kiến trúc có chuyên ngành: Kiến trúc công trình, Thiết kế nội thất"
22372,DDT,kien-truc-co-chuyen-nganh-kien-truc-cong-trinh-thiet-ke-noi-that,V01,Điểm học bạ,2025,22.0,"Ngành Kiến trúc có chuyên ngành: Kiến trúc công trình, Thiết kế nội thất"
22373,DDT,kien-truc-co-chuyen-nganh-kien-truc-cong-trinh-thiet-ke-noi-that,V02,Điểm học bạ,2025,22.0,"Ngành Kiến trúc có chuyên ngành: Kiến trúc công trình, Thiết kế nội thất"
22374,DDT,kien-truc-co-chuyen-nganh-kien-truc-cong-trinh-thiet-ke-noi-that,V06,Điểm học bạ,2025,22.0,"Ngành Kiến trúc có chuyên ngành: Kiến trúc công trình, Thiết kế nội thất"
22375,DDT,kien-truc-co-chuyen-nganh-kien-truc-cong-trinh-thiet-ke-noi-that,V00,Điểm thi THPT,2025,20.0,"Ngành Kiến trúc có chuyên ngành: Kiến trúc công trình, Thiết kế nội thất"
22376,DDT,kien-truc-co-chuyen-nganh-kien-truc-cong-trinh-thiet-ke-noi-that,V01,Điểm thi THPT,2025,20.0,"Ngành Kiến trúc có chuyên ngành: Kiến trúc công trình, Thiết kế nội thất"
22377,DDT,kien-truc-co-chuyen-nganh-kien-truc-cong-trinh-thiet-ke-noi-that,V02,Điểm thi THPT,2025,20.0,"Ngành Kiến trúc có chuyên ngành: Kiến trúc công trình, Thiết kế nội thất"
22378,DDT,kien-truc-co-chuyen-nganh-kien-truc-cong-trinh-thiet-ke-noi-that,V06,Điểm thi THPT,2025,20.0,"Ngành Kiến trúc có chuyên ngành: Kiến trúc công trình, Thiết kế nội thất"
22379,DDT,kien-truc-noi-that,V00,Điểm học bạ,2021,18.0,Kiến trúc nội thất
22380,DDT,kien-truc-noi-that,V01,Điểm học bạ,2021,18.0,Kiến trúc nội thất
22381,DDT,kien-truc-noi-that,V02,Điểm học bạ,2021,18.0,Kiến trúc nội thất
22382,DDT,kien-truc-noi-that,V06,Điểm học bạ,2021,18.0,Kiến trúc nội thất
22383,DDT,kien-truc-noi-that,M02,Điểm thi THPT,2021,14.0,Kiến trúc nội thất
22384,DDT,kien-truc-noi-that,M04,Điểm thi THPT,2021,14.0,Kiến trúc nội thất
22385,DDT,kien-truc-noi-that,V00,Điểm thi THPT,2021,14.0,Kiến trúc nội thất
22386,DDT,kien-truc-noi-that,V01,Điểm thi THPT,2021,14.0,Kiến trúc nội thất
22387,DDT,kinh-doanh-thuong-mai,A00,Điểm học bạ,2021,18.0,Kinh doanh thương mại
22388,DDT,kinh-doanh-thuong-mai,C01,Điểm học bạ,2021,18.0,Kinh doanh thương mại
22389,DDT,kinh-doanh-thuong-mai,C02,Điểm học bạ,2021,18.0,Kinh doanh thương mại
22390,DDT,kinh-doanh-thuong-mai,D01,Điểm học bạ,2021,18.0,Kinh doanh thương mại
22391,DDT,kinh-doanh-thuong-mai,A00,Điểm thi THPT,2021,14.0,Kinh doanh thương mại
22392,DDT,kinh-doanh-thuong-mai,A16,Điểm thi THPT,2021,14.0,Kinh doanh thương mại
22393,DDT,kinh-doanh-thuong-mai,C01,Điểm thi THPT,2021,14.0,Kinh doanh thương mại
22394,DDT,kinh-doanh-thuong-mai,D01,Điểm thi THPT,2021,14.0,Kinh doanh thương mại
22395,DDT,kinh-doanh-thuong-mai,A00,Điểm học bạ,2022,18.0,Kinh doanh thương mại
22396,DDT,kinh-doanh-thuong-mai,C01,Điểm học bạ,2022,18.0,Kinh doanh thương mại
22397,DDT,kinh-doanh-thuong-mai,C02,Điểm học bạ,2022,18.0,Kinh doanh thương mại
22398,DDT,kinh-doanh-thuong-mai,D01,Điểm học bạ,2022,18.0,Kinh doanh thương mại
22399,DDT,kinh-doanh-thuong-mai,A00,Điểm thi THPT,2022,15.0,Kinh doanh thương mại
22400,DDT,kinh-doanh-thuong-mai,A16,Điểm thi THPT,2022,15.0,Kinh doanh thương mại
22401,DDT,kinh-doanh-thuong-mai,C01,Điểm thi THPT,2022,15.0,Kinh doanh thương mại
22402,DDT,kinh-doanh-thuong-mai,D01,Điểm thi THPT,2022,15.0,Kinh doanh thương mại
22403,DDT,kinh-doanh-thuong-mai,A00,Điểm học bạ,2023,18.0,Kinh doanh thương mại
22404,DDT,kinh-doanh-thuong-mai,C01,Điểm học bạ,2023,18.0,Kinh doanh thương mại
22405,DDT,kinh-doanh-thuong-mai,C02,Điểm học bạ,2023,18.0,Kinh doanh thương mại
22406,DDT,kinh-doanh-thuong-mai,D01,Điểm học bạ,2023,18.0,Kinh doanh thương mại
22407,DDT,kinh-doanh-thuong-mai,A00,Điểm thi THPT,2023,14.0,Kinh doanh Thương mại
22408,DDT,kinh-doanh-thuong-mai,A16,Điểm thi THPT,2023,14.0,Kinh doanh Thương mại
22409,DDT,kinh-doanh-thuong-mai,C01,Điểm thi THPT,2023,14.0,Kinh doanh Thương mại
22410,DDT,kinh-doanh-thuong-mai,D01,Điểm thi THPT,2023,14.0,Kinh doanh Thương mại
22411,DDT,kinh-doanh-thuong-mai,A00,Điểm học bạ,2024,18.0,Kinh doanh thương mại
22412,DDT,kinh-doanh-thuong-mai,C01,Điểm học bạ,2024,18.0,Kinh doanh thương mại
22413,DDT,kinh-doanh-thuong-mai,C02,Điểm học bạ,2024,18.0,Kinh doanh thương mại
22414,DDT,kinh-doanh-thuong-mai,D01,Điểm học bạ,2024,18.0,Kinh doanh thương mại
22415,DDT,kinh-doanh-thuong-mai,A00,Điểm thi THPT,2024,16.0,Kinh doanh thương mại
22416,DDT,kinh-doanh-thuong-mai,A16,Điểm thi THPT,2024,16.0,Kinh doanh thương mại
22417,DDT,kinh-doanh-thuong-mai,C01,Điểm thi THPT,2024,16.0,Kinh doanh thương mại
22418,DDT,kinh-doanh-thuong-mai,D01,Điểm thi THPT,2024,16.0,Kinh doanh thương mại
22419,DDT,kinh-doanh-thuong-mai,A00,Điểm học bạ,2025,18.0,Ngành Kinh doanh Thương mại
22420,DDT,kinh-doanh-thuong-mai,A01,Điểm học bạ,2025,18.0,Ngành Kinh doanh Thương mại
22421,DDT,kinh-doanh-thuong-mai,A07,Điểm học bạ,2025,18.0,Ngành Kinh doanh Thương mại
22422,DDT,kinh-doanh-thuong-mai,C01,Điểm học bạ,2025,18.0,Ngành Kinh doanh Thương mại
22423,DDT,kinh-doanh-thuong-mai,D01,Điểm học bạ,2025,18.0,Ngành Kinh doanh Thương mại
22424,DDT,kinh-doanh-thuong-mai,X01,Điểm học bạ,2025,18.0,Ngành Kinh doanh Thương mại
22425,DDT,kinh-doanh-thuong-mai,A00,Điểm thi THPT,2025,15.0,Ngành Kinh doanh Thương mại
22426,DDT,kinh-doanh-thuong-mai,A01,Điểm thi THPT,2025,15.0,Ngành Kinh doanh Thương mại
22427,DDT,kinh-doanh-thuong-mai,A07,Điểm thi THPT,2025,15.0,Ngành Kinh doanh Thương mại
22428,DDT,kinh-doanh-thuong-mai,C01,Điểm thi THPT,2025,15.0,Ngành Kinh doanh Thương mại
22429,DDT,kinh-doanh-thuong-mai,D01,Điểm thi THPT,2025,15.0,Ngành Kinh doanh Thương mại
22430,DDT,kinh-doanh-thuong-mai,X01,Điểm thi THPT,2025,15.0,Ngành Kinh doanh Thương mại
22431,DDT,kinh-te-dau-tu,A00,Điểm học bạ,2024,18.0,Kinh tế đầu tư
22432,DDT,kinh-te-dau-tu,C01,Điểm học bạ,2024,18.0,Kinh tế đầu tư
22433,DDT,kinh-te-dau-tu,C02,Điểm học bạ,2024,18.0,Kinh tế đầu tư
22434,DDT,kinh-te-dau-tu,D01,Điểm học bạ,2024,18.0,Kinh tế đầu tư
22435,DDT,kinh-te-dau-tu,A00,Điểm thi THPT,2024,16.0,Kinh tế đầu tư
22436,DDT,kinh-te-dau-tu,A16,Điểm thi THPT,2024,16.0,Kinh tế đầu tư
22437,DDT,kinh-te-dau-tu,C01,Điểm thi THPT,2024,16.0,Kinh tế đầu tư
22438,DDT,kinh-te-dau-tu,D01,Điểm thi THPT,2024,16.0,Kinh tế đầu tư
22439,DDT,kinh-te-dau-tu-co-chuyen-nganh-kinh-te-dau-tu-kinh-te-quoc-te,A00,Điểm học bạ,2025,18.0,Ngành Kinh tế Đầu tư có chuyên ngành: Kinh tế đầu tư; Kinh tế quốc tế
22440,DDT,kinh-te-dau-tu-co-chuyen-nganh-kinh-te-dau-tu-kinh-te-quoc-te,A01,Điểm học bạ,2025,18.0,Ngành Kinh tế Đầu tư có chuyên ngành: Kinh tế đầu tư; Kinh tế quốc tế
22441,DDT,kinh-te-dau-tu-co-chuyen-nganh-kinh-te-dau-tu-kinh-te-quoc-te,A07,Điểm học bạ,2025,18.0,Ngành Kinh tế Đầu tư có chuyên ngành: Kinh tế đầu tư; Kinh tế quốc tế
22442,DDT,kinh-te-dau-tu-co-chuyen-nganh-kinh-te-dau-tu-kinh-te-quoc-te,C01,Điểm học bạ,2025,18.0,Ngành Kinh tế Đầu tư có chuyên ngành: Kinh tế đầu tư; Kinh tế quốc tế
22443,DDT,kinh-te-dau-tu-co-chuyen-nganh-kinh-te-dau-tu-kinh-te-quoc-te,D01,Điểm học bạ,2025,18.0,Ngành Kinh tế Đầu tư có chuyên ngành: Kinh tế đầu tư; Kinh tế quốc tế
22444,DDT,kinh-te-dau-tu-co-chuyen-nganh-kinh-te-dau-tu-kinh-te-quoc-te,X01,Điểm học bạ,2025,18.0,Ngành Kinh tế Đầu tư có chuyên ngành: Kinh tế đầu tư; Kinh tế quốc tế
22445,DDT,kinh-te-dau-tu-co-chuyen-nganh-kinh-te-dau-tu-kinh-te-quoc-te,A00,Điểm thi THPT,2025,15.0,Ngành Kinh tế Đầu tư có chuyên ngành: Kinh tế đầu tư; Kinh tế quốc tế
22446,DDT,kinh-te-dau-tu-co-chuyen-nganh-kinh-te-dau-tu-kinh-te-quoc-te,A01,Điểm thi THPT,2025,15.0,Ngành Kinh tế Đầu tư có chuyên ngành: Kinh tế đầu tư; Kinh tế quốc tế
22447,DDT,kinh-te-dau-tu-co-chuyen-nganh-kinh-te-dau-tu-kinh-te-quoc-te,A07,Điểm thi THPT,2025,15.0,Ngành Kinh tế Đầu tư có chuyên ngành: Kinh tế đầu tư; Kinh tế quốc tế
22448,DDT,kinh-te-dau-tu-co-chuyen-nganh-kinh-te-dau-tu-kinh-te-quoc-te,C01,Điểm thi THPT,2025,15.0,Ngành Kinh tế Đầu tư có chuyên ngành: Kinh tế đầu tư; Kinh tế quốc tế
22449,DDT,kinh-te-dau-tu-co-chuyen-nganh-kinh-te-dau-tu-kinh-te-quoc-te,D01,Điểm thi THPT,2025,15.0,Ngành Kinh tế Đầu tư có chuyên ngành: Kinh tế đầu tư; Kinh tế quốc tế
22450,DDT,kinh-te-dau-tu-co-chuyen-nganh-kinh-te-dau-tu-kinh-te-quoc-te,X01,Điểm thi THPT,2025,15.0,Ngành Kinh tế Đầu tư có chuyên ngành: Kinh tế đầu tư; Kinh tế quốc tế
22451,DDT,kinh-te-gia-dinh,A00,Điểm học bạ,2024,18.0,Kinh tế gia đình
22452,DDT,kinh-te-gia-dinh,A01,Điểm học bạ,2024,18.0,Kinh tế gia đình
22453,DDT,kinh-te-gia-dinh,C00,Điểm học bạ,2024,18.0,Kinh tế gia đình
22454,DDT,kinh-te-gia-dinh,D01,Điểm học bạ,2024,18.0,Kinh tế gia đình
22455,DDT,kinh-te-gia-dinh,A00,Điểm thi THPT,2024,16.0,Kinh tế gia đình
22456,DDT,kinh-te-gia-dinh,C00,Điểm thi THPT,2024,16.0,Kinh tế gia đình
22457,DDT,kinh-te-gia-dinh,C15,Điểm thi THPT,2024,16.0,Kinh tế gia đình
22458,DDT,kinh-te-gia-dinh,D01,Điểm thi THPT,2024,16.0,Kinh tế gia đình
22459,DDT,kinh-te-gia-dinh,A01,Điểm học bạ,2025,18.0,Ngành Kinh tế Gia đình
22460,DDT,kinh-te-gia-dinh,C00,Điểm học bạ,2025,18.0,Ngành Kinh tế Gia đình
22461,DDT,kinh-te-gia-dinh,C03,Điểm học bạ,2025,18.0,Ngành Kinh tế Gia đình
22462,DDT,kinh-te-gia-dinh,C04,Điểm học bạ,2025,18.0,Ngành Kinh tế Gia đình
22463,DDT,kinh-te-gia-dinh,D01,Điểm học bạ,2025,18.0,Ngành Kinh tế Gia đình
22464,DDT,kinh-te-gia-dinh,X01,Điểm học bạ,2025,18.0,Ngành Kinh tế Gia đình
22465,DDT,kinh-te-gia-dinh,A01,Điểm thi THPT,2025,15.0,Ngành Kinh tế Gia đình
22466,DDT,kinh-te-gia-dinh,C00,Điểm thi THPT,2025,15.0,Ngành Kinh tế Gia đình
22467,DDT,kinh-te-gia-dinh,C03,Điểm thi THPT,2025,15.0,Ngành Kinh tế Gia đình
22468,DDT,kinh-te-gia-dinh,C04,Điểm thi THPT,2025,15.0,Ngành Kinh tế Gia đình
22469,DDT,kinh-te-gia-dinh,D01,Điểm thi THPT,2025,15.0,Ngành Kinh tế Gia đình
22470,DDT,kinh-te-gia-dinh,X01,Điểm thi THPT,2025,15.0,Ngành Kinh tế Gia đình
22471,DDT,ky-thuat-co-dien-tu,A00,Điểm học bạ,2021,18.0,Kỹ thuật cơ điện tử
22472,DDT,ky-thuat-co-dien-tu,C01,Điểm học bạ,2021,18.0,Kỹ thuật cơ điện tử
22473,DDT,ky-thuat-co-dien-tu,C02,Điểm học bạ,2021,18.0,Kỹ thuật cơ điện tử
22474,DDT,ky-thuat-co-dien-tu,D01,Điểm học bạ,2021,18.0,Kỹ thuật cơ điện tử
22475,DDT,ky-thuat-co-dien-tu,A00,Điểm thi THPT,2021,14.0,Kỹ thuật cơ điện tử
22476,DDT,ky-thuat-co-dien-tu,A16,Điểm thi THPT,2021,14.0,Kỹ thuật cơ điện tử
22477,DDT,ky-thuat-co-dien-tu,C01,Điểm thi THPT,2021,14.0,Kỹ thuật cơ điện tử
22478,DDT,ky-thuat-co-dien-tu,D01,Điểm thi THPT,2021,14.0,Kỹ thuật cơ điện tử
22479,DDT,ky-thuat-dien,A00,Điểm học bạ,2021,18.0,Kỹ thuật điện
22480,DDT,ky-thuat-dien,C01,Điểm học bạ,2021,18.0,Kỹ thuật điện
22481,DDT,ky-thuat-dien,C02,Điểm học bạ,2021,18.0,Kỹ thuật điện
22482,DDT,ky-thuat-dien,D01,Điểm học bạ,2021,18.0,Kỹ thuật điện
22483,DDT,ky-thuat-dien,A00,Điểm thi THPT,2021,14.0,Kỹ thuật điện
22484,DDT,ky-thuat-dien,A16,Điểm thi THPT,2021,14.0,Kỹ thuật điện
22485,DDT,ky-thuat-dien,C01,Điểm thi THPT,2021,14.0,Kỹ thuật điện
22486,DDT,ky-thuat-dien,D01,Điểm thi THPT,2021,14.0,Kỹ thuật điện
22487,DDT,ky-thuat-dien,A00,Điểm học bạ,2022,18.0,Kỹ thuật điện
22488,DDT,ky-thuat-dien,B00,Điểm học bạ,2022,18.0,Kỹ thuật điện
22489,DDT,ky-thuat-dien,C01,Điểm học bạ,2022,18.0,Kỹ thuật điện
22490,DDT,ky-thuat-dien,C02,Điểm học bạ,2022,18.0,Kỹ thuật điện
22491,DDT,ky-thuat-dien,A00,Điểm thi THPT,2022,17.0,Kỹ thuật điện
22492,DDT,ky-thuat-dien,A16,Điểm thi THPT,2022,17.0,Kỹ thuật điện
22493,DDT,ky-thuat-dien,C01,Điểm thi THPT,2022,17.0,Kỹ thuật điện
22494,DDT,ky-thuat-dien,D01,Điểm thi THPT,2022,17.0,Kỹ thuật điện
22495,DDT,ky-thuat-dien,A00,Điểm học bạ,2023,18.0,Kỹ thuật điện
22496,DDT,ky-thuat-dien,C01,Điểm học bạ,2023,18.0,Kỹ thuật điện
22497,DDT,ky-thuat-dien,C02,Điểm học bạ,2023,18.0,Kỹ thuật điện
22498,DDT,ky-thuat-dien,D01,Điểm học bạ,2023,18.0,Kỹ thuật điện
22499,DDT,ky-thuat-dien,A00,Điểm thi THPT,2023,14.0,Kỹ thuật Điện
22500,DDT,ky-thuat-dien,A16,Điểm thi THPT,2023,14.0,Kỹ thuật Điện
22501,DDT,ky-thuat-dien,C01,Điểm thi THPT,2023,14.0,Kỹ thuật Điện
22502,DDT,ky-thuat-dien,D01,Điểm thi THPT,2023,14.0,Kỹ thuật Điện
22503,DDT,ky-thuat-dien,A00,Điểm thi THPT,2024,16.0,Kỹ thuật điện
22504,DDT,ky-thuat-dien,A16,Điểm thi THPT,2024,16.0,Kỹ thuật điện
22505,DDT,ky-thuat-dien,C01,Điểm thi THPT,2024,16.0,Kỹ thuật điện
22506,DDT,ky-thuat-dien,D01,Điểm thi THPT,2024,16.0,Kỹ thuật điện
22507,DDT,ky-thuat-dien,A00,Điểm học bạ,2025,18.0,Ngành Kỹ thuật Điện
22508,DDT,ky-thuat-dien,A01,Điểm học bạ,2025,18.0,Ngành Kỹ thuật Điện
22509,DDT,ky-thuat-dien,C01,Điểm học bạ,2025,18.0,Ngành Kỹ thuật Điện
22510,DDT,ky-thuat-dien,C02,Điểm học bạ,2025,18.0,Ngành Kỹ thuật Điện
22511,DDT,ky-thuat-dien,D01,Điểm học bạ,2025,18.0,Ngành Kỹ thuật Điện
22512,DDT,ky-thuat-dien,X26,Điểm học bạ,2025,18.0,Ngành Kỹ thuật Điện
22513,DDT,ky-thuat-dien,A00,Điểm thi THPT,2025,15.0,Ngành Kỹ thuật Điện
22514,DDT,ky-thuat-dien,A01,Điểm thi THPT,2025,15.0,Ngành Kỹ thuật Điện
22515,DDT,ky-thuat-dien,C01,Điểm thi THPT,2025,15.0,Ngành Kỹ thuật Điện
22516,DDT,ky-thuat-dien,C02,Điểm thi THPT,2025,15.0,Ngành Kỹ thuật Điện
22517,DDT,ky-thuat-dien,D01,Điểm thi THPT,2025,15.0,Ngành Kỹ thuật Điện
22518,DDT,ky-thuat-dien,X26,Điểm thi THPT,2025,15.0,Ngành Kỹ thuật Điện
22519,DDT,ky-thuat-dien-va-tu-dong-hoa,A00,Điểm thi THPT,2024,16.0,Kỹ thuật Điện và Tự động hóa
22520,DDT,ky-thuat-dien-va-tu-dong-hoa,A16,Điểm thi THPT,2024,16.0,Kỹ thuật Điện và Tự động hóa
22521,DDT,ky-thuat-dien-va-tu-dong-hoa,C01,Điểm thi THPT,2024,16.0,Kỹ thuật Điện và Tự động hóa
22522,DDT,ky-thuat-dien-va-tu-dong-hoa,D01,Điểm thi THPT,2024,16.0,Kỹ thuật Điện và Tự động hóa
22523,DDT,ky-thuat-dieu-khien-tu-dong-hoa,A00,Điểm học bạ,2025,18.0,Ngành Kỹ thuật Điều khiển & Tự động hóa
22524,DDT,ky-thuat-dieu-khien-tu-dong-hoa,A01,Điểm học bạ,2025,18.0,Ngành Kỹ thuật Điều khiển & Tự động hóa
22525,DDT,ky-thuat-dieu-khien-tu-dong-hoa,C01,Điểm học bạ,2025,18.0,Ngành Kỹ thuật Điều khiển & Tự động hóa
22526,DDT,ky-thuat-dieu-khien-tu-dong-hoa,C02,Điểm học bạ,2025,18.0,Ngành Kỹ thuật Điều khiển & Tự động hóa
22527,DDT,ky-thuat-dieu-khien-tu-dong-hoa,D01,Điểm học bạ,2025,18.0,Ngành Kỹ thuật Điều khiển & Tự động hóa
22528,DDT,ky-thuat-dieu-khien-tu-dong-hoa,X26,Điểm học bạ,2025,18.0,Ngành Kỹ thuật Điều khiển & Tự động hóa
22529,DDT,ky-thuat-dieu-khien-tu-dong-hoa,A00,Điểm thi THPT,2025,15.0,Ngành Kỹ thuật Điều khiển & Tự động hóa
22530,DDT,ky-thuat-dieu-khien-tu-dong-hoa,A01,Điểm thi THPT,2025,15.0,Ngành Kỹ thuật Điều khiển & Tự động hóa
22531,DDT,ky-thuat-dieu-khien-tu-dong-hoa,C01,Điểm thi THPT,2025,15.0,Ngành Kỹ thuật Điều khiển & Tự động hóa
22532,DDT,ky-thuat-dieu-khien-tu-dong-hoa,C02,Điểm thi THPT,2025,15.0,Ngành Kỹ thuật Điều khiển & Tự động hóa
22533,DDT,ky-thuat-dieu-khien-tu-dong-hoa,D01,Điểm thi THPT,2025,15.0,Ngành Kỹ thuật Điều khiển & Tự động hóa
22534,DDT,ky-thuat-dieu-khien-tu-dong-hoa,X26,Điểm thi THPT,2025,15.0,Ngành Kỹ thuật Điều khiển & Tự động hóa
22535,DDT,ky-thuat-dieu-khien-tu-dong-hoa-chuong-trinh-viet-nhat,A00,Điểm học bạ,2025,18.0,Ngành Kỹ thuật Điều khiển & Tự động hóa - Chương trình Việt Nhật
22536,DDT,ky-thuat-dieu-khien-tu-dong-hoa-chuong-trinh-viet-nhat,A01,Điểm học bạ,2025,18.0,Ngành Kỹ thuật Điều khiển & Tự động hóa - Chương trình Việt Nhật
22537,DDT,ky-thuat-dieu-khien-tu-dong-hoa-chuong-trinh-viet-nhat,C01,Điểm học bạ,2025,18.0,Ngành Kỹ thuật Điều khiển & Tự động hóa - Chương trình Việt Nhật
22538,DDT,ky-thuat-dieu-khien-tu-dong-hoa-chuong-trinh-viet-nhat,C02,Điểm học bạ,2025,18.0,Ngành Kỹ thuật Điều khiển & Tự động hóa - Chương trình Việt Nhật
22539,DDT,ky-thuat-dieu-khien-tu-dong-hoa-chuong-trinh-viet-nhat,D01,Điểm học bạ,2025,18.0,Ngành Kỹ thuật Điều khiển & Tự động hóa - Chương trình Việt Nhật
22540,DDT,ky-thuat-dieu-khien-tu-dong-hoa-chuong-trinh-viet-nhat,X26,Điểm học bạ,2025,18.0,Ngành Kỹ thuật Điều khiển & Tự động hóa - Chương trình Việt Nhật
22541,DDT,ky-thuat-dieu-khien-tu-dong-hoa-chuong-trinh-viet-nhat,A00,Điểm thi THPT,2025,15.0,Ngành Kỹ thuật Điều khiển & Tự động hóa - Chương trình Việt Nhật
22542,DDT,ky-thuat-dieu-khien-tu-dong-hoa-chuong-trinh-viet-nhat,A01,Điểm thi THPT,2025,15.0,Ngành Kỹ thuật Điều khiển & Tự động hóa - Chương trình Việt Nhật
22543,DDT,ky-thuat-dieu-khien-tu-dong-hoa-chuong-trinh-viet-nhat,C01,Điểm thi THPT,2025,15.0,Ngành Kỹ thuật Điều khiển & Tự động hóa - Chương trình Việt Nhật
22544,DDT,ky-thuat-dieu-khien-tu-dong-hoa-chuong-trinh-viet-nhat,C02,Điểm thi THPT,2025,15.0,Ngành Kỹ thuật Điều khiển & Tự động hóa - Chương trình Việt Nhật
22545,DDT,ky-thuat-dieu-khien-tu-dong-hoa-chuong-trinh-viet-nhat,D01,Điểm thi THPT,2025,15.0,Ngành Kỹ thuật Điều khiển & Tự động hóa - Chương trình Việt Nhật
22546,DDT,ky-thuat-dieu-khien-tu-dong-hoa-chuong-trinh-viet-nhat,X26,Điểm thi THPT,2025,15.0,Ngành Kỹ thuật Điều khiển & Tự động hóa - Chương trình Việt Nhật
22547,DDT,ky-thuat-dieu-khien-va-tu-dong-hoa,A00,Điểm học bạ,2021,18.0,Kỹ thuật điều khiển và tự động hóa
22548,DDT,ky-thuat-dieu-khien-va-tu-dong-hoa,C01,Điểm học bạ,2021,18.0,Kỹ thuật điều khiển và tự động hóa
22549,DDT,ky-thuat-dieu-khien-va-tu-dong-hoa,C02,Điểm học bạ,2021,18.0,Kỹ thuật điều khiển và tự động hóa
22550,DDT,ky-thuat-dieu-khien-va-tu-dong-hoa,D01,Điểm học bạ,2021,18.0,Kỹ thuật điều khiển và tự động hóa
22551,DDT,ky-thuat-dieu-khien-va-tu-dong-hoa,A00,Điểm thi THPT,2021,14.0,Kỹ thuật điều khiển và tự động hóa
22552,DDT,ky-thuat-dieu-khien-va-tu-dong-hoa,A16,Điểm thi THPT,2021,14.0,Kỹ thuật điều khiển và tự động hóa
22553,DDT,ky-thuat-dieu-khien-va-tu-dong-hoa,C01,Điểm thi THPT,2021,14.0,Kỹ thuật điều khiển và tự động hóa
22554,DDT,ky-thuat-dieu-khien-va-tu-dong-hoa,D01,Điểm thi THPT,2021,14.0,Kỹ thuật điều khiển và tự động hóa
22555,DDT,ky-thuat-dieu-khien-va-tu-dong-hoa,A00,Điểm học bạ,2022,18.0,Kỹ thuật điều khiển và tự động hóa
22556,DDT,ky-thuat-dieu-khien-va-tu-dong-hoa,C01,Điểm học bạ,2022,18.0,Kỹ thuật điều khiển và tự động hóa
22557,DDT,ky-thuat-dieu-khien-va-tu-dong-hoa,C02,Điểm học bạ,2022,18.0,Kỹ thuật điều khiển và tự động hóa
22558,DDT,ky-thuat-dieu-khien-va-tu-dong-hoa,D01,Điểm học bạ,2022,18.0,Kỹ thuật điều khiển và tự động hóa
22559,DDT,ky-thuat-dieu-khien-va-tu-dong-hoa,A00,Điểm thi THPT,2022,14.0,Kỹ thuật điều khiển và tự động hóa
22560,DDT,ky-thuat-dieu-khien-va-tu-dong-hoa,A16,Điểm thi THPT,2022,14.0,Kỹ thuật điều khiển và tự động hóa
22561,DDT,ky-thuat-dieu-khien-va-tu-dong-hoa,C01,Điểm thi THPT,2022,14.0,Kỹ thuật điều khiển và tự động hóa
22562,DDT,ky-thuat-dieu-khien-va-tu-dong-hoa,D01,Điểm thi THPT,2022,14.0,Kỹ thuật điều khiển và tự động hóa
22563,DDT,ky-thuat-dieu-khien-va-tu-dong-hoa,A00,Điểm học bạ,2023,18.0,Kỹ thuật điều khiển và tự động hóa
22564,DDT,ky-thuat-dieu-khien-va-tu-dong-hoa,C01,Điểm học bạ,2023,18.0,Kỹ thuật điều khiển và tự động hóa
22565,DDT,ky-thuat-dieu-khien-va-tu-dong-hoa,C02,Điểm học bạ,2023,18.0,Kỹ thuật điều khiển và tự động hóa
22566,DDT,ky-thuat-dieu-khien-va-tu-dong-hoa,D01,Điểm học bạ,2023,18.0,Kỹ thuật điều khiển và tự động hóa
22567,DDT,ky-thuat-dieu-khien-va-tu-dong-hoa,A00,Điểm thi THPT,2023,14.0,Kỹ thuật Điều khiển và Tự động hoá
22568,DDT,ky-thuat-dieu-khien-va-tu-dong-hoa,A16,Điểm thi THPT,2023,14.0,Kỹ thuật Điều khiển và Tự động hoá
22569,DDT,ky-thuat-dieu-khien-va-tu-dong-hoa,C01,Điểm thi THPT,2023,14.0,Kỹ thuật Điều khiển và Tự động hoá
22570,DDT,ky-thuat-dieu-khien-va-tu-dong-hoa,D01,Điểm thi THPT,2023,14.0,Kỹ thuật Điều khiển và Tự động hoá
22571,DDT,ky-thuat-dieu-khien-va-tu-dong-hoa,A00,Điểm học bạ,2024,18.0,Kỹ thuật Điều khiển và Tự động hóa
22572,DDT,ky-thuat-dieu-khien-va-tu-dong-hoa,C01,Điểm học bạ,2024,18.0,Kỹ thuật Điều khiển và Tự động hóa
22573,DDT,ky-thuat-dieu-khien-va-tu-dong-hoa,C02,Điểm học bạ,2024,18.0,Kỹ thuật Điều khiển và Tự động hóa
22574,DDT,ky-thuat-dieu-khien-va-tu-dong-hoa,D01,Điểm học bạ,2024,18.0,Kỹ thuật Điều khiển và Tự động hóa
22575,DDT,ky-thuat-phan-mem,A00,Điểm học bạ,2021,18.0,Kỹ thuật phần mềm
22576,DDT,ky-thuat-phan-mem,C01,Điểm học bạ,2021,18.0,Kỹ thuật phần mềm
22577,DDT,ky-thuat-phan-mem,C02,Điểm học bạ,2021,18.0,Kỹ thuật phần mềm
22578,DDT,ky-thuat-phan-mem,D01,Điểm học bạ,2021,18.0,Kỹ thuật phần mềm
22579,DDT,ky-thuat-phan-mem,A00,Điểm thi THPT,2021,14.0,Kỹ thuật phần mềm
22580,DDT,ky-thuat-phan-mem,A16,Điểm thi THPT,2021,14.0,Kỹ thuật phần mềm
22581,DDT,ky-thuat-phan-mem,C01,Điểm thi THPT,2021,14.0,Kỹ thuật phần mềm
22582,DDT,ky-thuat-phan-mem,D01,Điểm thi THPT,2021,14.0,Kỹ thuật phần mềm
22583,DDT,ky-thuat-phan-mem,A00,Điểm học bạ,2022,18.0,Kỹ thuật phần mềm
22584,DDT,ky-thuat-phan-mem,C01,Điểm học bạ,2022,18.0,Kỹ thuật phần mềm
22585,DDT,ky-thuat-phan-mem,C02,Điểm học bạ,2022,18.0,Kỹ thuật phần mềm
22586,DDT,ky-thuat-phan-mem,D01,Điểm học bạ,2022,18.0,Kỹ thuật phần mềm
22587,DDT,ky-thuat-phan-mem,A00,Điểm thi THPT,2022,14.0,Kỹ thuật phần mềm
22588,DDT,ky-thuat-phan-mem,A01,Điểm thi THPT,2022,14.0,Kỹ thuật phần mềm
22589,DDT,ky-thuat-phan-mem,A16,Điểm thi THPT,2022,14.0,Kỹ thuật phần mềm
22590,DDT,ky-thuat-phan-mem,D01,Điểm thi THPT,2022,14.0,Kỹ thuật phần mềm
22591,DDT,ky-thuat-phan-mem,A00,Điểm học bạ,2023,18.0,Kỹ thuật phần mềm
22592,DDT,ky-thuat-phan-mem,C01,Điểm học bạ,2023,18.0,Kỹ thuật phần mềm
22593,DDT,ky-thuat-phan-mem,C02,Điểm học bạ,2023,18.0,Kỹ thuật phần mềm
22594,DDT,ky-thuat-phan-mem,D01,Điểm học bạ,2023,18.0,Kỹ thuật phần mềm
22595,DDT,ky-thuat-phan-mem,A00,Điểm thi THPT,2023,14.0,Kỹ thuật Phần mềm
22596,DDT,ky-thuat-phan-mem,A01,Điểm thi THPT,2023,14.0,Kỹ thuật Phần mềm
22597,DDT,ky-thuat-phan-mem,A16,Điểm thi THPT,2023,14.0,Kỹ thuật Phần mềm
22598,DDT,ky-thuat-phan-mem,D01,Điểm thi THPT,2023,14.0,Kỹ thuật Phần mềm
22599,DDT,ky-thuat-phan-mem,A00,Điểm học bạ,2024,18.0,Kỹ thuật phần mềm*
22600,DDT,ky-thuat-phan-mem,C01,Điểm học bạ,2024,18.0,Kỹ thuật phần mềm*
22601,DDT,ky-thuat-phan-mem,C02,Điểm học bạ,2024,18.0,Kỹ thuật phần mềm*
22602,DDT,ky-thuat-phan-mem,D01,Điểm học bạ,2024,18.0,Kỹ thuật phần mềm*
22603,DDT,ky-thuat-phan-mem,A00,Điểm thi THPT,2024,16.0,Kỹ thuật phần mềm
22604,DDT,ky-thuat-phan-mem,A01,Điểm thi THPT,2024,16.0,Kỹ thuật phần mềm
22605,DDT,ky-thuat-phan-mem,A16,Điểm thi THPT,2024,16.0,Kỹ thuật phần mềm
22606,DDT,ky-thuat-phan-mem,D01,Điểm thi THPT,2024,16.0,Kỹ thuật phần mềm
22607,DDT,ky-thuat-phan-mem,A00,Điểm học bạ,2025,18.0,Ngành Kỹ thuật Phần mềm - Chương trình Tiên tiến và Quốc tế
22608,DDT,ky-thuat-phan-mem,A01,Điểm học bạ,2025,18.0,Ngành Kỹ thuật Phần mềm - Chương trình Tiên tiến và Quốc tế
22609,DDT,ky-thuat-phan-mem,C01,Điểm học bạ,2025,18.0,Ngành Kỹ thuật Phần mềm - Chương trình Tiên tiến và Quốc tế
22610,DDT,ky-thuat-phan-mem,C02,Điểm học bạ,2025,18.0,Ngành Kỹ thuật Phần mềm - Chương trình Tiên tiến và Quốc tế
22611,DDT,ky-thuat-phan-mem,D01,Điểm học bạ,2025,18.0,Ngành Kỹ thuật Phần mềm - Chương trình Tiên tiến và Quốc tế
22612,DDT,ky-thuat-phan-mem,X26,Điểm học bạ,2025,18.0,Ngành Kỹ thuật Phần mềm - Chương trình Tiên tiến và Quốc tế
22613,DDT,ky-thuat-phan-mem,A00,Điểm thi THPT,2025,15.0,Ngành Kỹ thuật Phần mềm - Chương trình Tiên tiến và Quốc tế
22614,DDT,ky-thuat-phan-mem,A01,Điểm thi THPT,2025,15.0,Ngành Kỹ thuật Phần mềm - Chương trình Tiên tiến và Quốc tế
22615,DDT,ky-thuat-phan-mem,C01,Điểm thi THPT,2025,15.0,Ngành Kỹ thuật Phần mềm - Chương trình Tiên tiến và Quốc tế
22616,DDT,ky-thuat-phan-mem,C02,Điểm thi THPT,2025,15.0,Ngành Kỹ thuật Phần mềm - Chương trình Tiên tiến và Quốc tế
22617,DDT,ky-thuat-phan-mem,D01,Điểm thi THPT,2025,15.0,Ngành Kỹ thuật Phần mềm - Chương trình Tiên tiến và Quốc tế
22618,DDT,ky-thuat-phan-mem,X26,Điểm thi THPT,2025,15.0,Ngành Kỹ thuật Phần mềm - Chương trình Tiên tiến và Quốc tế
22619,DDT,ky-thuat-phan-mem-chuong-trinh-viet-nhat,A00,Điểm học bạ,2025,18.0,Ngành Kỹ thuật Phần mềm - Chương trình Việt Nhật
22620,DDT,ky-thuat-phan-mem-chuong-trinh-viet-nhat,A01,Điểm học bạ,2025,18.0,Ngành Kỹ thuật Phần mềm - Chương trình Việt Nhật
22621,DDT,ky-thuat-phan-mem-chuong-trinh-viet-nhat,C01,Điểm học bạ,2025,18.0,Ngành Kỹ thuật Phần mềm - Chương trình Việt Nhật
22622,DDT,ky-thuat-phan-mem-chuong-trinh-viet-nhat,C02,Điểm học bạ,2025,18.0,Ngành Kỹ thuật Phần mềm - Chương trình Việt Nhật
22623,DDT,ky-thuat-phan-mem-chuong-trinh-viet-nhat,D01,Điểm học bạ,2025,18.0,Ngành Kỹ thuật Phần mềm - Chương trình Việt Nhật
22624,DDT,ky-thuat-phan-mem-chuong-trinh-viet-nhat,X26,Điểm học bạ,2025,18.0,Ngành Kỹ thuật Phần mềm - Chương trình Việt Nhật
22625,DDT,ky-thuat-phan-mem-chuong-trinh-viet-nhat,A00,Điểm thi THPT,2025,15.0,Ngành Kỹ thuật Phần mềm - Chương trình Việt Nhật
22626,DDT,ky-thuat-phan-mem-chuong-trinh-viet-nhat,A01,Điểm thi THPT,2025,15.0,Ngành Kỹ thuật Phần mềm - Chương trình Việt Nhật
22627,DDT,ky-thuat-phan-mem-chuong-trinh-viet-nhat,C01,Điểm thi THPT,2025,15.0,Ngành Kỹ thuật Phần mềm - Chương trình Việt Nhật
22628,DDT,ky-thuat-phan-mem-chuong-trinh-viet-nhat,C02,Điểm thi THPT,2025,15.0,Ngành Kỹ thuật Phần mềm - Chương trình Việt Nhật
22629,DDT,ky-thuat-phan-mem-chuong-trinh-viet-nhat,D01,Điểm thi THPT,2025,15.0,Ngành Kỹ thuật Phần mềm - Chương trình Việt Nhật
22630,DDT,ky-thuat-phan-mem-chuong-trinh-viet-nhat,X26,Điểm thi THPT,2025,15.0,Ngành Kỹ thuật Phần mềm - Chương trình Việt Nhật
22631,DDT,ky-thuat-phan-mem-co-cac-chuyen-nganh-cong-nghe-phan-mem-thiet-ke-games-va-multimedia,A00,Điểm học bạ,2025,18.0,Ngành Kỹ thuật Phần mềm có các chuyên ngành Công nghệ Phần mềm; Thiết kế Games và Multimedia)
22632,DDT,ky-thuat-phan-mem-co-cac-chuyen-nganh-cong-nghe-phan-mem-thiet-ke-games-va-multimedia,A01,Điểm học bạ,2025,18.0,Ngành Kỹ thuật Phần mềm có các chuyên ngành Công nghệ Phần mềm; Thiết kế Games và Multimedia)
22633,DDT,ky-thuat-phan-mem-co-cac-chuyen-nganh-cong-nghe-phan-mem-thiet-ke-games-va-multimedia,C01,Điểm học bạ,2025,18.0,Ngành Kỹ thuật Phần mềm có các chuyên ngành Công nghệ Phần mềm; Thiết kế Games và Multimedia)
22634,DDT,ky-thuat-phan-mem-co-cac-chuyen-nganh-cong-nghe-phan-mem-thiet-ke-games-va-multimedia,C02,Điểm học bạ,2025,18.0,Ngành Kỹ thuật Phần mềm có các chuyên ngành Công nghệ Phần mềm; Thiết kế Games và Multimedia)
22635,DDT,ky-thuat-phan-mem-co-cac-chuyen-nganh-cong-nghe-phan-mem-thiet-ke-games-va-multimedia,D01,Điểm học bạ,2025,18.0,Ngành Kỹ thuật Phần mềm có các chuyên ngành Công nghệ Phần mềm; Thiết kế Games và Multimedia)
22636,DDT,ky-thuat-phan-mem-co-cac-chuyen-nganh-cong-nghe-phan-mem-thiet-ke-games-va-multimedia,X26,Điểm học bạ,2025,18.0,Ngành Kỹ thuật Phần mềm có các chuyên ngành Công nghệ Phần mềm; Thiết kế Games và Multimedia)
22637,DDT,ky-thuat-phan-mem-co-cac-chuyen-nganh-cong-nghe-phan-mem-thiet-ke-games-va-multimedia,A00,Điểm thi THPT,2025,15.0,Ngành Kỹ thuật Phần mềm có các chuyên ngành Công nghệ Phần mềm; Thiết kế Games và Multimedia)
22638,DDT,ky-thuat-phan-mem-co-cac-chuyen-nganh-cong-nghe-phan-mem-thiet-ke-games-va-multimedia,A01,Điểm thi THPT,2025,15.0,Ngành Kỹ thuật Phần mềm có các chuyên ngành Công nghệ Phần mềm; Thiết kế Games và Multimedia)
22639,DDT,ky-thuat-phan-mem-co-cac-chuyen-nganh-cong-nghe-phan-mem-thiet-ke-games-va-multimedia,C01,Điểm thi THPT,2025,15.0,Ngành Kỹ thuật Phần mềm có các chuyên ngành Công nghệ Phần mềm; Thiết kế Games và Multimedia)
22640,DDT,ky-thuat-phan-mem-co-cac-chuyen-nganh-cong-nghe-phan-mem-thiet-ke-games-va-multimedia,C02,Điểm thi THPT,2025,15.0,Ngành Kỹ thuật Phần mềm có các chuyên ngành Công nghệ Phần mềm; Thiết kế Games và Multimedia)
22641,DDT,ky-thuat-phan-mem-co-cac-chuyen-nganh-cong-nghe-phan-mem-thiet-ke-games-va-multimedia,D01,Điểm thi THPT,2025,15.0,Ngành Kỹ thuật Phần mềm có các chuyên ngành Công nghệ Phần mềm; Thiết kế Games và Multimedia)
22642,DDT,ky-thuat-phan-mem-co-cac-chuyen-nganh-cong-nghe-phan-mem-thiet-ke-games-va-multimedia,X26,Điểm thi THPT,2025,15.0,Ngành Kỹ thuật Phần mềm có các chuyên ngành Công nghệ Phần mềm; Thiết kế Games và Multimedia)
22643,DDT,ky-thuat-xay-dung,A00,Điểm học bạ,2021,18.0,Kỹ thuật xây dựng
22644,DDT,ky-thuat-xay-dung,C01,Điểm học bạ,2021,18.0,Kỹ thuật xây dựng
22645,DDT,ky-thuat-xay-dung,C02,Điểm học bạ,2021,18.0,Kỹ thuật xây dựng
22646,DDT,ky-thuat-xay-dung,D01,Điểm học bạ,2021,18.0,Kỹ thuật xây dựng
22647,DDT,ky-thuat-xay-dung,A00,Điểm thi THPT,2021,14.0,Kỹ thuật xây dựng
22648,DDT,ky-thuat-xay-dung,A16,Điểm thi THPT,2021,14.0,Kỹ thuật xây dựng
22649,DDT,ky-thuat-xay-dung,C01,Điểm thi THPT,2021,14.0,Kỹ thuật xây dựng
22650,DDT,ky-thuat-xay-dung,D01,Điểm thi THPT,2021,14.0,Kỹ thuật xây dựng
22651,DDT,ky-thuat-xay-dung,A00,Điểm học bạ,2022,18.0,Kỹ thuật xây dựng
22652,DDT,ky-thuat-xay-dung,C01,Điểm học bạ,2022,18.0,Kỹ thuật xây dựng
22653,DDT,ky-thuat-xay-dung,C02,Điểm học bạ,2022,18.0,Kỹ thuật xây dựng
22654,DDT,ky-thuat-xay-dung,D01,Điểm học bạ,2022,18.0,Kỹ thuật xây dựng
22655,DDT,ky-thuat-xay-dung,A00,Điểm thi THPT,2022,14.0,Kỹ thuật xây dựng
22656,DDT,ky-thuat-xay-dung,A16,Điểm thi THPT,2022,14.0,Kỹ thuật xây dựng
22657,DDT,ky-thuat-xay-dung,C01,Điểm thi THPT,2022,14.0,Kỹ thuật xây dựng
22658,DDT,ky-thuat-xay-dung,D01,Điểm thi THPT,2022,14.0,Kỹ thuật xây dựng
22659,DDT,ky-thuat-xay-dung,A00,Điểm học bạ,2023,18.0,Kỹ thuật xây dựng
22660,DDT,ky-thuat-xay-dung,C01,Điểm học bạ,2023,18.0,Kỹ thuật xây dựng
22661,DDT,ky-thuat-xay-dung,C02,Điểm học bạ,2023,18.0,Kỹ thuật xây dựng
22662,DDT,ky-thuat-xay-dung,D01,Điểm học bạ,2023,18.0,Kỹ thuật xây dựng
22663,DDT,ky-thuat-xay-dung,A00,Điểm thi THPT,2023,14.0,Kỹ thuật Xây dựng
22664,DDT,ky-thuat-xay-dung,A16,Điểm thi THPT,2023,14.0,Kỹ thuật Xây dựng
22665,DDT,ky-thuat-xay-dung,C01,Điểm thi THPT,2023,14.0,Kỹ thuật Xây dựng
22666,DDT,ky-thuat-xay-dung,D01,Điểm thi THPT,2023,14.0,Kỹ thuật Xây dựng
22667,DDT,ky-thuat-xay-dung,A00,Điểm học bạ,2024,18.0,Kỹ thuật xây dựng
22668,DDT,ky-thuat-xay-dung,C01,Điểm học bạ,2024,18.0,Kỹ thuật xây dựng
22669,DDT,ky-thuat-xay-dung,C02,Điểm học bạ,2024,18.0,Kỹ thuật xây dựng
22670,DDT,ky-thuat-xay-dung,D01,Điểm học bạ,2024,18.0,Kỹ thuật xây dựng
22671,DDT,ky-thuat-xay-dung,A00,Điểm thi THPT,2024,16.0,Kỹ thuật xây dựng
22672,DDT,ky-thuat-xay-dung,A16,Điểm thi THPT,2024,16.0,Kỹ thuật xây dựng
22673,DDT,ky-thuat-xay-dung,C01,Điểm thi THPT,2024,16.0,Kỹ thuật xây dựng
22674,DDT,ky-thuat-xay-dung,D01,Điểm thi THPT,2024,16.0,Kỹ thuật xây dựng
22675,DDT,ky-thuat-xay-dung,A00,Điểm học bạ,2025,18.0,Ngành Kỹ thuật Xây dựng
22676,DDT,ky-thuat-xay-dung,A01,Điểm học bạ,2025,18.0,Ngành Kỹ thuật Xây dựng
22677,DDT,ky-thuat-xay-dung,C01,Điểm học bạ,2025,18.0,Ngành Kỹ thuật Xây dựng
22678,DDT,ky-thuat-xay-dung,D01,Điểm học bạ,2025,18.0,Ngành Kỹ thuật Xây dựng
22679,DDT,ky-thuat-xay-dung,X06,Điểm học bạ,2025,18.0,Ngành Kỹ thuật Xây dựng
22680,DDT,ky-thuat-xay-dung,X07,Điểm học bạ,2025,18.0,Ngành Kỹ thuật Xây dựng
22681,DDT,ky-thuat-xay-dung,A00,Điểm thi THPT,2025,15.0,Ngành Kỹ thuật Xây dựng
22682,DDT,ky-thuat-xay-dung,A01,Điểm thi THPT,2025,15.0,Ngành Kỹ thuật Xây dựng
22683,DDT,ky-thuat-xay-dung,C01,Điểm thi THPT,2025,15.0,Ngành Kỹ thuật Xây dựng
22684,DDT,ky-thuat-xay-dung,D01,Điểm thi THPT,2025,15.0,Ngành Kỹ thuật Xây dựng
22685,DDT,ky-thuat-xay-dung,X06,Điểm thi THPT,2025,15.0,Ngành Kỹ thuật Xây dựng
22686,DDT,ky-thuat-xay-dung,X07,Điểm thi THPT,2025,15.0,Ngành Kỹ thuật Xây dựng
22687,DDT,ky-thuat-xay-dung-chuong-trinh-viet-nhat,A00,Điểm học bạ,2025,18.0,Ngành Kỹ thuật Xây dựng - Chương trình Việt Nhật
22688,DDT,ky-thuat-xay-dung-chuong-trinh-viet-nhat,A01,Điểm học bạ,2025,18.0,Ngành Kỹ thuật Xây dựng - Chương trình Việt Nhật
22689,DDT,ky-thuat-xay-dung-chuong-trinh-viet-nhat,C01,Điểm học bạ,2025,18.0,Ngành Kỹ thuật Xây dựng - Chương trình Việt Nhật
22690,DDT,ky-thuat-xay-dung-chuong-trinh-viet-nhat,D01,Điểm học bạ,2025,18.0,Ngành Kỹ thuật Xây dựng - Chương trình Việt Nhật
22691,DDT,ky-thuat-xay-dung-chuong-trinh-viet-nhat,X06,Điểm học bạ,2025,18.0,Ngành Kỹ thuật Xây dựng - Chương trình Việt Nhật
22692,DDT,ky-thuat-xay-dung-chuong-trinh-viet-nhat,X07,Điểm học bạ,2025,18.0,Ngành Kỹ thuật Xây dựng - Chương trình Việt Nhật
22693,DDT,ky-thuat-xay-dung-chuong-trinh-viet-nhat,A00,Điểm thi THPT,2025,15.0,Ngành Kỹ thuật Xây dựng - Chương trình Việt Nhật
22694,DDT,ky-thuat-xay-dung-chuong-trinh-viet-nhat,A01,Điểm thi THPT,2025,15.0,Ngành Kỹ thuật Xây dựng - Chương trình Việt Nhật
22695,DDT,ky-thuat-xay-dung-chuong-trinh-viet-nhat,C01,Điểm thi THPT,2025,15.0,Ngành Kỹ thuật Xây dựng - Chương trình Việt Nhật
22696,DDT,ky-thuat-xay-dung-chuong-trinh-viet-nhat,D01,Điểm thi THPT,2025,15.0,Ngành Kỹ thuật Xây dựng - Chương trình Việt Nhật
22697,DDT,ky-thuat-xay-dung-chuong-trinh-viet-nhat,X06,Điểm thi THPT,2025,15.0,Ngành Kỹ thuật Xây dựng - Chương trình Việt Nhật
22698,DDT,ky-thuat-xay-dung-chuong-trinh-viet-nhat,X07,Điểm thi THPT,2025,15.0,Ngành Kỹ thuật Xây dựng - Chương trình Việt Nhật
22699,DDT,ky-thuat-xay-dung-cong-trinh-giao-thong,A00,Điểm học bạ,2021,18.0,Kỹ thuật xây dựng công trình giao thông
22700,DDT,ky-thuat-xay-dung-cong-trinh-giao-thong,C01,Điểm học bạ,2021,18.0,Kỹ thuật xây dựng công trình giao thông
22701,DDT,ky-thuat-xay-dung-cong-trinh-giao-thong,C02,Điểm học bạ,2021,18.0,Kỹ thuật xây dựng công trình giao thông
22702,DDT,ky-thuat-xay-dung-cong-trinh-giao-thong,D01,Điểm học bạ,2021,18.0,Kỹ thuật xây dựng công trình giao thông
22703,DDT,ky-thuat-xay-dung-cong-trinh-giao-thong,A00,Điểm thi THPT,2021,14.0,Kỹ thuật xây dựng công trình giao thông
22704,DDT,ky-thuat-xay-dung-cong-trinh-giao-thong,A16,Điểm thi THPT,2021,14.0,Kỹ thuật xây dựng công trình giao thông
22705,DDT,ky-thuat-xay-dung-cong-trinh-giao-thong,C01,Điểm thi THPT,2021,14.0,Kỹ thuật xây dựng công trình giao thông
22706,DDT,ky-thuat-xay-dung-cong-trinh-giao-thong,D01,Điểm thi THPT,2021,14.0,Kỹ thuật xây dựng công trình giao thông
22707,DDT,ky-thuat-xet-nghiem-y-hoc,A00,Điểm học bạ,2025,19.5,Ngành Kỹ thuật Xét nghiệm Y học
22708,DDT,ky-thuat-xet-nghiem-y-hoc,A02,Điểm học bạ,2025,19.5,Ngành Kỹ thuật Xét nghiệm Y học
22709,DDT,ky-thuat-xet-nghiem-y-hoc,B00,Điểm học bạ,2025,19.5,Ngành Kỹ thuật Xét nghiệm Y học
22710,DDT,ky-thuat-xet-nghiem-y-hoc,B03,Điểm học bạ,2025,19.5,Ngành Kỹ thuật Xét nghiệm Y học
22711,DDT,ky-thuat-xet-nghiem-y-hoc,D08,Điểm học bạ,2025,19.5,Ngành Kỹ thuật Xét nghiệm Y học
22712,DDT,ky-thuat-xet-nghiem-y-hoc,X14,Điểm học bạ,2025,19.5,Ngành Kỹ thuật Xét nghiệm Y học
22713,DDT,ky-thuat-xet-nghiem-y-hoc,A00,Điểm thi THPT,2025,17.0,Ngành Kỹ thuật Xét nghiệm Y học
22714,DDT,ky-thuat-xet-nghiem-y-hoc,A02,Điểm thi THPT,2025,17.0,Ngành Kỹ thuật Xét nghiệm Y học
22715,DDT,ky-thuat-xet-nghiem-y-hoc,B00,Điểm thi THPT,2025,17.0,Ngành Kỹ thuật Xét nghiệm Y học
22716,DDT,ky-thuat-xet-nghiem-y-hoc,B03,Điểm thi THPT,2025,17.0,Ngành Kỹ thuật Xét nghiệm Y học
22717,DDT,ky-thuat-xet-nghiem-y-hoc,D08,Điểm thi THPT,2025,17.0,Ngành Kỹ thuật Xét nghiệm Y học
22718,DDT,ky-thuat-xet-nghiem-y-hoc,X14,Điểm thi THPT,2025,17.0,Ngành Kỹ thuật Xét nghiệm Y học
22719,DDT,ky-thuat-y-sinh,A00,Điểm học bạ,2021,18.0,Kỹ thuật y sinh
22720,DDT,ky-thuat-y-sinh,B00,Điểm học bạ,2021,18.0,Kỹ thuật y sinh
22721,DDT,ky-thuat-y-sinh,B03,Điểm học bạ,2021,18.0,Kỹ thuật y sinh
22722,DDT,ky-thuat-y-sinh,C02,Điểm học bạ,2021,18.0,Kỹ thuật y sinh
22723,DDT,ky-thuat-y-sinh,A00,Điểm thi THPT,2021,14.0,Kỹ thuật y sinh
22724,DDT,ky-thuat-y-sinh,A16,Điểm thi THPT,2021,14.0,Kỹ thuật y sinh
22725,DDT,ky-thuat-y-sinh,B00,Điểm thi THPT,2021,14.0,Kỹ thuật y sinh
22726,DDT,ky-thuat-y-sinh,B03,Điểm thi THPT,2021,14.0,Kỹ thuật y sinh
22727,DDT,ky-thuat-y-sinh,A00,Điểm học bạ,2022,18.0,Kỹ thuật y sinh
22728,DDT,ky-thuat-y-sinh,B00,Điểm học bạ,2022,18.0,Kỹ thuật y sinh
22729,DDT,ky-thuat-y-sinh,B03,Điểm học bạ,2022,18.0,Kỹ thuật y sinh
22730,DDT,ky-thuat-y-sinh,C02,Điểm học bạ,2022,18.0,Kỹ thuật y sinh
22731,DDT,ky-thuat-y-sinh,A00,Điểm thi THPT,2022,19.0,Kỹ thuật y sinh
22732,DDT,ky-thuat-y-sinh,A16,Điểm thi THPT,2022,19.0,Kỹ thuật y sinh
22733,DDT,ky-thuat-y-sinh,B00,Điểm thi THPT,2022,19.0,Kỹ thuật y sinh
22734,DDT,ky-thuat-y-sinh,B03,Điểm thi THPT,2022,19.0,Kỹ thuật y sinh
22735,DDT,ky-thuat-y-sinh,A00,Điểm học bạ,2023,18.0,Kỹ thuật Y sinh
22736,DDT,ky-thuat-y-sinh,B00,Điểm học bạ,2023,18.0,Kỹ thuật Y sinh
22737,DDT,ky-thuat-y-sinh,B03,Điểm học bạ,2023,18.0,Kỹ thuật Y sinh
22738,DDT,ky-thuat-y-sinh,C02,Điểm học bạ,2023,18.0,Kỹ thuật Y sinh
22739,DDT,ky-thuat-y-sinh,A00,Điểm thi THPT,2023,14.0,Kỹ thuật Y sinh
22740,DDT,ky-thuat-y-sinh,A16,Điểm thi THPT,2023,14.0,Kỹ thuật Y sinh
22741,DDT,ky-thuat-y-sinh,B00,Điểm thi THPT,2023,14.0,Kỹ thuật Y sinh
22742,DDT,ky-thuat-y-sinh,B03,Điểm thi THPT,2023,14.0,Kỹ thuật Y sinh
22743,DDT,ky-thuat-y-sinh,A00,Điểm học bạ,2024,18.0,Kỹ thuật Y sinh
22744,DDT,ky-thuat-y-sinh,B00,Điểm học bạ,2024,18.0,Kỹ thuật Y sinh
22745,DDT,ky-thuat-y-sinh,B03,Điểm học bạ,2024,18.0,Kỹ thuật Y sinh
22746,DDT,ky-thuat-y-sinh,C02,Điểm học bạ,2024,18.0,Kỹ thuật Y sinh
22747,DDT,ky-thuat-y-sinh,A00,Điểm thi THPT,2024,16.0,Kỹ thuật Y sinh
22748,DDT,ky-thuat-y-sinh,A01,Điểm thi THPT,2024,16.0,Kỹ thuật Y sinh
22749,DDT,ky-thuat-y-sinh,B00,Điểm thi THPT,2024,16.0,Kỹ thuật Y sinh
22750,DDT,ky-thuat-y-sinh,B03,Điểm thi THPT,2024,16.0,Kỹ thuật Y sinh
22751,DDT,ky-thuat-y-sinh,A00,Điểm học bạ,2025,18.0,Ngành Kỹ thuật Y sinh
22752,DDT,ky-thuat-y-sinh,A02,Điểm học bạ,2025,18.0,Ngành Kỹ thuật Y sinh
22753,DDT,ky-thuat-y-sinh,B00,Điểm học bạ,2025,18.0,Ngành Kỹ thuật Y sinh
22754,DDT,ky-thuat-y-sinh,B03,Điểm học bạ,2025,18.0,Ngành Kỹ thuật Y sinh
22755,DDT,ky-thuat-y-sinh,D08,Điểm học bạ,2025,18.0,Ngành Kỹ thuật Y sinh
22756,DDT,ky-thuat-y-sinh,X14,Điểm học bạ,2025,18.0,Ngành Kỹ thuật Y sinh
22757,DDT,ky-thuat-y-sinh,A00,Điểm thi THPT,2025,15.0,Ngành Kỹ thuật Y sinh
22758,DDT,ky-thuat-y-sinh,A02,Điểm thi THPT,2025,15.0,Ngành Kỹ thuật Y sinh
22759,DDT,ky-thuat-y-sinh,B00,Điểm thi THPT,2025,15.0,Ngành Kỹ thuật Y sinh
22760,DDT,ky-thuat-y-sinh,B03,Điểm thi THPT,2025,15.0,Ngành Kỹ thuật Y sinh
22761,DDT,ky-thuat-y-sinh,D08,Điểm thi THPT,2025,15.0,Ngành Kỹ thuật Y sinh
22762,DDT,ky-thuat-y-sinh,X14,Điểm thi THPT,2025,15.0,Ngành Kỹ thuật Y sinh
22763,DDT,logistics-quan-ly-chuoi-cung-ung,A00,Điểm học bạ,2025,18.0,Ngành Logistics & Quản lý Chuỗi cung ứng
22764,DDT,logistics-quan-ly-chuoi-cung-ung,A01,Điểm học bạ,2025,18.0,Ngành Logistics & Quản lý Chuỗi cung ứng
22765,DDT,logistics-quan-ly-chuoi-cung-ung,A07,Điểm học bạ,2025,18.0,Ngành Logistics & Quản lý Chuỗi cung ứng
22766,DDT,logistics-quan-ly-chuoi-cung-ung,C01,Điểm học bạ,2025,18.0,Ngành Logistics & Quản lý Chuỗi cung ứng
22767,DDT,logistics-quan-ly-chuoi-cung-ung,D01,Điểm học bạ,2025,18.0,Ngành Logistics & Quản lý Chuỗi cung ứng
22768,DDT,logistics-quan-ly-chuoi-cung-ung,X01,Điểm học bạ,2025,18.0,Ngành Logistics & Quản lý Chuỗi cung ứng
22769,DDT,logistics-quan-ly-chuoi-cung-ung,A00,Điểm thi THPT,2025,15.0,Ngành Logistics & Quản lý Chuỗi cung ứng
22770,DDT,logistics-quan-ly-chuoi-cung-ung,A01,Điểm thi THPT,2025,15.0,Ngành Logistics & Quản lý Chuỗi cung ứng
22771,DDT,logistics-quan-ly-chuoi-cung-ung,A07,Điểm thi THPT,2025,15.0,Ngành Logistics & Quản lý Chuỗi cung ứng
22772,DDT,logistics-quan-ly-chuoi-cung-ung,C01,Điểm thi THPT,2025,15.0,Ngành Logistics & Quản lý Chuỗi cung ứng
22773,DDT,logistics-quan-ly-chuoi-cung-ung,D01,Điểm thi THPT,2025,15.0,Ngành Logistics & Quản lý Chuỗi cung ứng
22774,DDT,logistics-quan-ly-chuoi-cung-ung,X01,Điểm thi THPT,2025,15.0,Ngành Logistics & Quản lý Chuỗi cung ứng
22775,DDT,logistics-quan-ly-chuoi-cung-ung-chuong-trinh-tai-nang,A00,Điểm học bạ,2025,18.0,Ngành Logistics & Quản lý Chuỗi cung ứng - Chương trình Tài năng
22776,DDT,logistics-quan-ly-chuoi-cung-ung-chuong-trinh-tai-nang,A01,Điểm học bạ,2025,18.0,Ngành Logistics & Quản lý Chuỗi cung ứng - Chương trình Tài năng
22777,DDT,logistics-quan-ly-chuoi-cung-ung-chuong-trinh-tai-nang,A07,Điểm học bạ,2025,18.0,Ngành Logistics & Quản lý Chuỗi cung ứng - Chương trình Tài năng
22778,DDT,logistics-quan-ly-chuoi-cung-ung-chuong-trinh-tai-nang,C01,Điểm học bạ,2025,18.0,Ngành Logistics & Quản lý Chuỗi cung ứng - Chương trình Tài năng
22779,DDT,logistics-quan-ly-chuoi-cung-ung-chuong-trinh-tai-nang,D01,Điểm học bạ,2025,18.0,Ngành Logistics & Quản lý Chuỗi cung ứng - Chương trình Tài năng
22780,DDT,logistics-quan-ly-chuoi-cung-ung-chuong-trinh-tai-nang,X01,Điểm học bạ,2025,18.0,Ngành Logistics & Quản lý Chuỗi cung ứng - Chương trình Tài năng
22781,DDT,logistics-quan-ly-chuoi-cung-ung-chuong-trinh-tai-nang,A00,Điểm thi THPT,2025,15.0,Ngành Logistics & Quản lý Chuỗi cung ứng - Chương trình Tài năng
22782,DDT,logistics-quan-ly-chuoi-cung-ung-chuong-trinh-tai-nang,A01,Điểm thi THPT,2025,15.0,Ngành Logistics & Quản lý Chuỗi cung ứng - Chương trình Tài năng
22783,DDT,logistics-quan-ly-chuoi-cung-ung-chuong-trinh-tai-nang,A07,Điểm thi THPT,2025,15.0,Ngành Logistics & Quản lý Chuỗi cung ứng - Chương trình Tài năng
22784,DDT,logistics-quan-ly-chuoi-cung-ung-chuong-trinh-tai-nang,C01,Điểm thi THPT,2025,15.0,Ngành Logistics & Quản lý Chuỗi cung ứng - Chương trình Tài năng
22785,DDT,logistics-quan-ly-chuoi-cung-ung-chuong-trinh-tai-nang,D01,Điểm thi THPT,2025,15.0,Ngành Logistics & Quản lý Chuỗi cung ứng - Chương trình Tài năng
22786,DDT,logistics-quan-ly-chuoi-cung-ung-chuong-trinh-tai-nang,X01,Điểm thi THPT,2025,15.0,Ngành Logistics & Quản lý Chuỗi cung ứng - Chương trình Tài năng
22787,DDT,logistics-va-quan-ly-chuoi-cung-ung,A00,Điểm học bạ,2021,18.0,Logistics và quản lý chuỗi cung ứng
22788,DDT,logistics-va-quan-ly-chuoi-cung-ung,C01,Điểm học bạ,2021,18.0,Logistics và quản lý chuỗi cung ứng
22789,DDT,logistics-va-quan-ly-chuoi-cung-ung,C02,Điểm học bạ,2021,18.0,Logistics và quản lý chuỗi cung ứng
22790,DDT,logistics-va-quan-ly-chuoi-cung-ung,D01,Điểm học bạ,2021,18.0,Logistics và quản lý chuỗi cung ứng
22791,DDT,logistics-va-quan-ly-chuoi-cung-ung,A00,Điểm thi THPT,2021,14.0,Logistics và quản lý chuỗi cung ứng
22792,DDT,logistics-va-quan-ly-chuoi-cung-ung,A16,Điểm thi THPT,2021,14.0,Logistics và quản lý chuỗi cung ứng
22793,DDT,logistics-va-quan-ly-chuoi-cung-ung,C01,Điểm thi THPT,2021,14.0,Logistics và quản lý chuỗi cung ứng
22794,DDT,logistics-va-quan-ly-chuoi-cung-ung,D01,Điểm thi THPT,2021,14.0,Logistics và quản lý chuỗi cung ứng
22795,DDT,logistics-va-quan-ly-chuoi-cung-ung,A00,Điểm học bạ,2022,18.0,Logistics và quản lý chuỗi cung ứng
22796,DDT,logistics-va-quan-ly-chuoi-cung-ung,C01,Điểm học bạ,2022,18.0,Logistics và quản lý chuỗi cung ứng
22797,DDT,logistics-va-quan-ly-chuoi-cung-ung,C02,Điểm học bạ,2022,18.0,Logistics và quản lý chuỗi cung ứng
22798,DDT,logistics-va-quan-ly-chuoi-cung-ung,D01,Điểm học bạ,2022,18.0,Logistics và quản lý chuỗi cung ứng
22799,DDT,logistics-va-quan-ly-chuoi-cung-ung,A00,Điểm thi THPT,2022,14.0,Logistics và quản lý chuỗi cung ứng
22800,DDT,logistics-va-quan-ly-chuoi-cung-ung,A16,Điểm thi THPT,2022,14.0,Logistics và quản lý chuỗi cung ứng
22801,DDT,logistics-va-quan-ly-chuoi-cung-ung,C01,Điểm thi THPT,2022,14.0,Logistics và quản lý chuỗi cung ứng
22802,DDT,logistics-va-quan-ly-chuoi-cung-ung,D01,Điểm thi THPT,2022,14.0,Logistics và quản lý chuỗi cung ứng
22803,DDT,logistics-va-quan-ly-chuoi-cung-ung,A00,Điểm học bạ,2023,18.0,Logistics và quản lý chuỗi cung ứng
22804,DDT,logistics-va-quan-ly-chuoi-cung-ung,C01,Điểm học bạ,2023,18.0,Logistics và quản lý chuỗi cung ứng
22805,DDT,logistics-va-quan-ly-chuoi-cung-ung,C02,Điểm học bạ,2023,18.0,Logistics và quản lý chuỗi cung ứng
22806,DDT,logistics-va-quan-ly-chuoi-cung-ung,D01,Điểm học bạ,2023,18.0,Logistics và quản lý chuỗi cung ứng
22807,DDT,logistics-va-quan-ly-chuoi-cung-ung,A00,Điểm thi THPT,2023,14.0,Logistics và Quản lý Chuỗi Cung ứng
22808,DDT,logistics-va-quan-ly-chuoi-cung-ung,A16,Điểm thi THPT,2023,14.0,Logistics và Quản lý Chuỗi Cung ứng
22809,DDT,logistics-va-quan-ly-chuoi-cung-ung,C01,Điểm thi THPT,2023,14.0,Logistics và Quản lý Chuỗi Cung ứng
22810,DDT,logistics-va-quan-ly-chuoi-cung-ung,D01,Điểm thi THPT,2023,14.0,Logistics và Quản lý Chuỗi Cung ứng
22811,DDT,logistics-va-quan-ly-chuoi-cung-ung,A00,Điểm học bạ,2024,18.0,Logistics và quản lý chuỗi cung ứng
22812,DDT,logistics-va-quan-ly-chuoi-cung-ung,C01,Điểm học bạ,2024,18.0,Logistics và quản lý chuỗi cung ứng
22813,DDT,logistics-va-quan-ly-chuoi-cung-ung,C02,Điểm học bạ,2024,18.0,Logistics và quản lý chuỗi cung ứng
22814,DDT,logistics-va-quan-ly-chuoi-cung-ung,D01,Điểm học bạ,2024,18.0,Logistics và quản lý chuỗi cung ứng
22815,DDT,logistics-va-quan-ly-chuoi-cung-ung,A00,Điểm thi THPT,2024,16.0,Logistics và quản lý chuỗi cung ứng
22816,DDT,logistics-va-quan-ly-chuoi-cung-ung,A16,Điểm thi THPT,2024,16.0,Logistics và quản lý chuỗi cung ứng
22817,DDT,logistics-va-quan-ly-chuoi-cung-ung,C01,Điểm thi THPT,2024,16.0,Logistics và quản lý chuỗi cung ứng
22818,DDT,logistics-va-quan-ly-chuoi-cung-ung,D01,Điểm thi THPT,2024,16.0,Logistics và quản lý chuỗi cung ứng
22819,DDT,luat,A00,Điểm học bạ,2022,18.0,Luật
22820,DDT,luat,A01,Điểm học bạ,2022,18.0,Luật
22821,DDT,luat,C00,Điểm học bạ,2022,18.0,Luật
22822,DDT,luat,D01,Điểm học bạ,2022,18.0,Luật
22823,DDT,luat,A00,Điểm thi THPT,2022,15.0,Luật
22824,DDT,luat,C00,Điểm thi THPT,2022,15.0,Luật
22825,DDT,luat,C15,Điểm thi THPT,2022,15.0,Luật
22826,DDT,luat,D01,Điểm thi THPT,2022,15.0,Luật
22827,DDT,luat,A00,Điểm học bạ,2023,18.0,Luật
22828,DDT,luat,A01,Điểm học bạ,2023,18.0,Luật
22829,DDT,luat,C00,Điểm học bạ,2023,18.0,Luật
22830,DDT,luat,D01,Điểm học bạ,2023,18.0,Luật
22831,DDT,luat,A00,Điểm thi THPT,2023,14.0,Luật
22832,DDT,luat,C00,Điểm thi THPT,2023,14.0,Luật
22833,DDT,luat,C15,Điểm thi THPT,2023,14.0,Luật
22834,DDT,luat,D01,Điểm thi THPT,2023,14.0,Luật
22835,DDT,luat,A00,Điểm học bạ,2024,18.0,Luật
22836,DDT,luat,A01,Điểm học bạ,2024,18.0,Luật
22837,DDT,luat,C00,Điểm học bạ,2024,18.0,Luật
22838,DDT,luat,D01,Điểm học bạ,2024,18.0,Luật
22839,DDT,luat,A00,Điểm thi THPT,2024,16.0,Luật
22840,DDT,luat,C00,Điểm thi THPT,2024,16.0,Luật
22841,DDT,luat,C15,Điểm thi THPT,2024,16.0,Luật
22842,DDT,luat,D01,Điểm thi THPT,2024,16.0,Luật
22843,DDT,luat,C00,Điểm học bạ,2025,18.0,Ngành Luật
22844,DDT,luat,C03,Điểm học bạ,2025,18.0,Ngành Luật
22845,DDT,luat,C04,Điểm học bạ,2025,18.0,Ngành Luật
22846,DDT,luat,D01,Điểm học bạ,2025,18.0,Ngành Luật
22847,DDT,luat,D14,Điểm học bạ,2025,18.0,Ngành Luật
22848,DDT,luat,D15,Điểm học bạ,2025,18.0,Ngành Luật
22849,DDT,luat,C00,Điểm thi THPT,2025,15.0,Ngành Luật
22850,DDT,luat,C03,Điểm thi THPT,2025,15.0,Ngành Luật
22851,DDT,luat,C04,Điểm thi THPT,2025,15.0,Ngành Luật
22852,DDT,luat,D01,Điểm thi THPT,2025,15.0,Ngành Luật
22853,DDT,luat,D14,Điểm thi THPT,2025,15.0,Ngành Luật
22854,DDT,luat,D15,Điểm thi THPT,2025,15.0,Ngành Luật
22855,DDT,luat-hoc,A00,Điểm học bạ,2021,18.0,Luật học
22856,DDT,luat-hoc,A01,Điểm học bạ,2021,18.0,Luật học
22857,DDT,luat-hoc,C00,Điểm học bạ,2021,18.0,Luật học
22858,DDT,luat-hoc,D01,Điểm học bạ,2021,18.0,Luật học
22859,DDT,luat-hoc,A00,Điểm thi THPT,2021,14.0,Luật học
22860,DDT,luat-hoc,C00,Điểm thi THPT,2021,14.0,Luật học
22861,DDT,luat-hoc,C15,Điểm thi THPT,2021,14.0,Luật học
22862,DDT,luat-hoc,D01,Điểm thi THPT,2021,14.0,Luật học
22863,DDT,luat-kinh-te,A00,Điểm học bạ,2021,18.0,Luật kinh tế
22864,DDT,luat-kinh-te,A01,Điểm học bạ,2021,18.0,Luật kinh tế
22865,DDT,luat-kinh-te,C00,Điểm học bạ,2021,18.0,Luật kinh tế
22866,DDT,luat-kinh-te,D01,Điểm học bạ,2021,18.0,Luật kinh tế
22867,DDT,luat-kinh-te,A00,Điểm thi THPT,2021,14.0,Luật kinh tế
22868,DDT,luat-kinh-te,C00,Điểm thi THPT,2021,14.0,Luật kinh tế
22869,DDT,luat-kinh-te,C15,Điểm thi THPT,2021,14.0,Luật kinh tế
22870,DDT,luat-kinh-te,D01,Điểm thi THPT,2021,14.0,Luật kinh tế
22871,DDT,luat-kinh-te,A00,Điểm học bạ,2022,18.0,Luật kinh tế
22872,DDT,luat-kinh-te,A01,Điểm học bạ,2022,18.0,Luật kinh tế
22873,DDT,luat-kinh-te,C00,Điểm học bạ,2022,18.0,Luật kinh tế
22874,DDT,luat-kinh-te,D01,Điểm học bạ,2022,18.0,Luật kinh tế
22875,DDT,luat-kinh-te,A00,Điểm thi THPT,2022,14.0,Luật kinh tế
22876,DDT,luat-kinh-te,C00,Điểm thi THPT,2022,14.0,Luật kinh tế
22877,DDT,luat-kinh-te,C15,Điểm thi THPT,2022,14.0,Luật kinh tế
22878,DDT,luat-kinh-te,D01,Điểm thi THPT,2022,14.0,Luật kinh tế
22879,DDT,luat-kinh-te,A00,Điểm học bạ,2023,18.0,Luật kinh tế
22880,DDT,luat-kinh-te,A01,Điểm học bạ,2023,18.0,Luật kinh tế
22881,DDT,luat-kinh-te,C00,Điểm học bạ,2023,18.0,Luật kinh tế
22882,DDT,luat-kinh-te,D01,Điểm học bạ,2023,18.0,Luật kinh tế
22883,DDT,luat-kinh-te,A00,Điểm thi THPT,2023,15.0,Luật Kinh tế
22884,DDT,luat-kinh-te,C00,Điểm thi THPT,2023,15.0,Luật Kinh tế
22885,DDT,luat-kinh-te,C15,Điểm thi THPT,2023,15.0,Luật Kinh tế
22886,DDT,luat-kinh-te,D01,Điểm thi THPT,2023,15.0,Luật Kinh tế
22887,DDT,luat-kinh-te,A00,Điểm học bạ,2024,18.0,Luật kinh tế
22888,DDT,luat-kinh-te,A01,Điểm học bạ,2024,18.0,Luật kinh tế
22889,DDT,luat-kinh-te,C00,Điểm học bạ,2024,18.0,Luật kinh tế
22890,DDT,luat-kinh-te,D01,Điểm học bạ,2024,18.0,Luật kinh tế
22891,DDT,luat-kinh-te,A00,Điểm thi THPT,2024,16.0,Luật kinh tế
22892,DDT,luat-kinh-te,C00,Điểm thi THPT,2024,16.0,Luật kinh tế
22893,DDT,luat-kinh-te,C15,Điểm thi THPT,2024,16.0,Luật kinh tế
22894,DDT,luat-kinh-te,D01,Điểm thi THPT,2024,16.0,Luật kinh tế
22895,DDT,luat-kinh-te,C00,Điểm học bạ,2025,18.0,Ngành Luật kinh tế
22896,DDT,luat-kinh-te,C03,Điểm học bạ,2025,18.0,Ngành Luật kinh tế
22897,DDT,luat-kinh-te,C04,Điểm học bạ,2025,18.0,Ngành Luật kinh tế
22898,DDT,luat-kinh-te,D01,Điểm học bạ,2025,18.0,Ngành Luật kinh tế
22899,DDT,luat-kinh-te,D14,Điểm học bạ,2025,18.0,Ngành Luật kinh tế
22900,DDT,luat-kinh-te,D15,Điểm học bạ,2025,18.0,Ngành Luật kinh tế
22901,DDT,luat-kinh-te,C00,Điểm thi THPT,2025,15.0,Ngành Luật kinh tế
22902,DDT,luat-kinh-te,C03,Điểm thi THPT,2025,15.0,Ngành Luật kinh tế
22903,DDT,luat-kinh-te,C04,Điểm thi THPT,2025,15.0,Ngành Luật kinh tế
22904,DDT,luat-kinh-te,D01,Điểm thi THPT,2025,15.0,Ngành Luật kinh tế
22905,DDT,luat-kinh-te,D14,Điểm thi THPT,2025,15.0,Ngành Luật kinh tế
22906,DDT,luat-kinh-te,D15,Điểm thi THPT,2025,15.0,Ngành Luật kinh tế
22907,DDT,mang-may-tinh-truyen-thong-du-lieu,A00,Điểm học bạ,2025,18.0,Ngành Mạng Máy tính & Truyền thông Dữ liệu
22908,DDT,mang-may-tinh-truyen-thong-du-lieu,A01,Điểm học bạ,2025,18.0,Ngành Mạng Máy tính & Truyền thông Dữ liệu
22909,DDT,mang-may-tinh-truyen-thong-du-lieu,C01,Điểm học bạ,2025,18.0,Ngành Mạng Máy tính & Truyền thông Dữ liệu
22910,DDT,mang-may-tinh-truyen-thong-du-lieu,C02,Điểm học bạ,2025,18.0,Ngành Mạng Máy tính & Truyền thông Dữ liệu
22911,DDT,mang-may-tinh-truyen-thong-du-lieu,D01,Điểm học bạ,2025,18.0,Ngành Mạng Máy tính & Truyền thông Dữ liệu
22912,DDT,mang-may-tinh-truyen-thong-du-lieu,X26,Điểm học bạ,2025,18.0,Ngành Mạng Máy tính & Truyền thông Dữ liệu
22913,DDT,mang-may-tinh-truyen-thong-du-lieu,A00,Điểm thi THPT,2025,15.0,Ngành Mạng Máy tính & Truyền thông Dữ liệu
22914,DDT,mang-may-tinh-truyen-thong-du-lieu,A01,Điểm thi THPT,2025,15.0,Ngành Mạng Máy tính & Truyền thông Dữ liệu
22915,DDT,mang-may-tinh-truyen-thong-du-lieu,C01,Điểm thi THPT,2025,15.0,Ngành Mạng Máy tính & Truyền thông Dữ liệu
22916,DDT,mang-may-tinh-truyen-thong-du-lieu,C02,Điểm thi THPT,2025,15.0,Ngành Mạng Máy tính & Truyền thông Dữ liệu
22917,DDT,mang-may-tinh-truyen-thong-du-lieu,D01,Điểm thi THPT,2025,15.0,Ngành Mạng Máy tính & Truyền thông Dữ liệu
22918,DDT,mang-may-tinh-truyen-thong-du-lieu,X26,Điểm thi THPT,2025,15.0,Ngành Mạng Máy tính & Truyền thông Dữ liệu
22919,DDT,mang-may-tinh-va-truyen-thong-du-lieu,A00,Điểm học bạ,2021,18.0,Mạng máy tính và truyền thông dữ liệu
22920,DDT,mang-may-tinh-va-truyen-thong-du-lieu,C01,Điểm học bạ,2021,18.0,Mạng máy tính và truyền thông dữ liệu
22921,DDT,mang-may-tinh-va-truyen-thong-du-lieu,C02,Điểm học bạ,2021,18.0,Mạng máy tính và truyền thông dữ liệu
22922,DDT,mang-may-tinh-va-truyen-thong-du-lieu,D01,Điểm học bạ,2021,18.0,Mạng máy tính và truyền thông dữ liệu
22923,DDT,mang-may-tinh-va-truyen-thong-du-lieu,A00,Điểm thi THPT,2021,14.0,Mạng máy tính và truyền thông dữ liệu
22924,DDT,mang-may-tinh-va-truyen-thong-du-lieu,A16,Điểm thi THPT,2021,14.0,Mạng máy tính và truyền thông dữ liệu
22925,DDT,mang-may-tinh-va-truyen-thong-du-lieu,C01,Điểm thi THPT,2021,14.0,Mạng máy tính và truyền thông dữ liệu
22926,DDT,mang-may-tinh-va-truyen-thong-du-lieu,D01,Điểm thi THPT,2021,14.0,Mạng máy tính và truyền thông dữ liệu
22927,DDT,mang-may-tinh-va-truyen-thong-du-lieu,A00,Điểm học bạ,2022,18.0,Mạng Máy tính và Truyền thông dữ liệu
22928,DDT,mang-may-tinh-va-truyen-thong-du-lieu,C01,Điểm học bạ,2022,18.0,Mạng Máy tính và Truyền thông dữ liệu
22929,DDT,mang-may-tinh-va-truyen-thong-du-lieu,C02,Điểm học bạ,2022,18.0,Mạng Máy tính và Truyền thông dữ liệu
22930,DDT,mang-may-tinh-va-truyen-thong-du-lieu,D01,Điểm học bạ,2022,18.0,Mạng Máy tính và Truyền thông dữ liệu
22931,DDT,mang-may-tinh-va-truyen-thong-du-lieu,A00,Điểm thi THPT,2022,14.0,Mạng Máy tính và Truyền thông dữ liệu
22932,DDT,mang-may-tinh-va-truyen-thong-du-lieu,A01,Điểm thi THPT,2022,14.0,Mạng Máy tính và Truyền thông dữ liệu
22933,DDT,mang-may-tinh-va-truyen-thong-du-lieu,A16,Điểm thi THPT,2022,14.0,Mạng Máy tính và Truyền thông dữ liệu
22934,DDT,mang-may-tinh-va-truyen-thong-du-lieu,D01,Điểm thi THPT,2022,14.0,Mạng Máy tính và Truyền thông dữ liệu
22935,DDT,mang-may-tinh-va-truyen-thong-du-lieu,A00,Điểm học bạ,2023,18.0,Mạng Máy tính và Truyền thông dữ liệu
22936,DDT,mang-may-tinh-va-truyen-thong-du-lieu,C01,Điểm học bạ,2023,18.0,Mạng Máy tính và Truyền thông dữ liệu
22937,DDT,mang-may-tinh-va-truyen-thong-du-lieu,C02,Điểm học bạ,2023,18.0,Mạng Máy tính và Truyền thông dữ liệu
22938,DDT,mang-may-tinh-va-truyen-thong-du-lieu,D01,Điểm học bạ,2023,18.0,Mạng Máy tính và Truyền thông dữ liệu
22939,DDT,mang-may-tinh-va-truyen-thong-du-lieu,A00,Điểm thi THPT,2023,15.0,Mạng máy tính và Truyền thông Dữ liệu
22940,DDT,mang-may-tinh-va-truyen-thong-du-lieu,A01,Điểm thi THPT,2023,15.0,Mạng máy tính và Truyền thông Dữ liệu
22941,DDT,mang-may-tinh-va-truyen-thong-du-lieu,A16,Điểm thi THPT,2023,15.0,Mạng máy tính và Truyền thông Dữ liệu
22942,DDT,mang-may-tinh-va-truyen-thong-du-lieu,D01,Điểm thi THPT,2023,15.0,Mạng máy tính và Truyền thông Dữ liệu
22943,DDT,mang-may-tinh-va-truyen-thong-du-lieu,A00,Điểm học bạ,2024,18.0,Mạng Máy tính và Truyền thông Dữ liệu
22944,DDT,mang-may-tinh-va-truyen-thong-du-lieu,C01,Điểm học bạ,2024,18.0,Mạng Máy tính và Truyền thông Dữ liệu
22945,DDT,mang-may-tinh-va-truyen-thong-du-lieu,C02,Điểm học bạ,2024,18.0,Mạng Máy tính và Truyền thông Dữ liệu
22946,DDT,mang-may-tinh-va-truyen-thong-du-lieu,D01,Điểm học bạ,2024,18.0,Mạng Máy tính và Truyền thông Dữ liệu
22947,DDT,mang-may-tinh-va-truyen-thong-du-lieu,A00,Điểm thi THPT,2024,16.0,Mạng Máy tính và Truyền thông Dữ liệu
22948,DDT,mang-may-tinh-va-truyen-thong-du-lieu,A01,Điểm thi THPT,2024,16.0,Mạng Máy tính và Truyền thông Dữ liệu
22949,DDT,mang-may-tinh-va-truyen-thong-du-lieu,A16,Điểm thi THPT,2024,16.0,Mạng Máy tính và Truyền thông Dữ liệu
22950,DDT,mang-may-tinh-va-truyen-thong-du-lieu,D01,Điểm thi THPT,2024,16.0,Mạng Máy tính và Truyền thông Dữ liệu
22951,DDT,marketing,A00,Điểm học bạ,2021,18.0,Marketing
22952,DDT,marketing,C01,Điểm học bạ,2021,18.0,Marketing
22953,DDT,marketing,C02,Điểm học bạ,2021,18.0,Marketing
22954,DDT,marketing,D01,Điểm học bạ,2021,18.0,Marketing
22955,DDT,marketing,A00,Điểm thi THPT,2021,14.0,Marketing
22956,DDT,marketing,A16,Điểm thi THPT,2021,14.0,Marketing
22957,DDT,marketing,C01,Điểm thi THPT,2021,14.0,Marketing
22958,DDT,marketing,D01,Điểm thi THPT,2021,14.0,Marketing
22959,DDT,marketing,A00,Điểm học bạ,2022,18.0,Marketing
22960,DDT,marketing,C01,Điểm học bạ,2022,18.0,Marketing
22961,DDT,marketing,C02,Điểm học bạ,2022,18.0,Marketing
22962,DDT,marketing,D01,Điểm học bạ,2022,18.0,Marketing
22963,DDT,marketing,A00,Điểm thi THPT,2022,14.0,Marketing
22964,DDT,marketing,A16,Điểm thi THPT,2022,14.0,Marketing
22965,DDT,marketing,C01,Điểm thi THPT,2022,14.0,Marketing
22966,DDT,marketing,D01,Điểm thi THPT,2022,14.0,Marketing
22967,DDT,marketing,A00,Điểm học bạ,2023,18.0,Marketing
22968,DDT,marketing,C01,Điểm học bạ,2023,18.0,Marketing
22969,DDT,marketing,C02,Điểm học bạ,2023,18.0,Marketing
22970,DDT,marketing,D01,Điểm học bạ,2023,18.0,Marketing
22971,DDT,marketing,A00,Điểm thi THPT,2023,14.0,Marketing
22972,DDT,marketing,A16,Điểm thi THPT,2023,14.0,Marketing
22973,DDT,marketing,C01,Điểm thi THPT,2023,14.0,Marketing
22974,DDT,marketing,D01,Điểm thi THPT,2023,14.0,Marketing
22975,DDT,marketing,A00,Điểm học bạ,2024,18.0,Marketing
22976,DDT,marketing,C01,Điểm học bạ,2024,18.0,Marketing
22977,DDT,marketing,C02,Điểm học bạ,2024,18.0,Marketing
22978,DDT,marketing,D01,Điểm học bạ,2024,18.0,Marketing
22979,DDT,marketing,A00,Điểm thi THPT,2024,16.0,Marketing
22980,DDT,marketing,A16,Điểm thi THPT,2024,16.0,Marketing
22981,DDT,marketing,C01,Điểm thi THPT,2024,16.0,Marketing
22982,DDT,marketing,D01,Điểm thi THPT,2024,16.0,Marketing
22983,DDT,marketing-chuong-trinh-tai-nang,A00,Điểm học bạ,2025,18.0,Ngành Marketing - Chương trình Tài năng
22984,DDT,marketing-chuong-trinh-tai-nang,A01,Điểm học bạ,2025,18.0,Ngành Marketing - Chương trình Tài năng
22985,DDT,marketing-chuong-trinh-tai-nang,A07,Điểm học bạ,2025,18.0,Ngành Marketing - Chương trình Tài năng
22986,DDT,marketing-chuong-trinh-tai-nang,C01,Điểm học bạ,2025,18.0,Ngành Marketing - Chương trình Tài năng
22987,DDT,marketing-chuong-trinh-tai-nang,D01,Điểm học bạ,2025,18.0,Ngành Marketing - Chương trình Tài năng
22988,DDT,marketing-chuong-trinh-tai-nang,X01,Điểm học bạ,2025,18.0,Ngành Marketing - Chương trình Tài năng
22989,DDT,marketing-chuong-trinh-tai-nang,A00,Điểm thi THPT,2025,15.0,Ngành Marketing - Chương trình Tài năng
22990,DDT,marketing-chuong-trinh-tai-nang,A01,Điểm thi THPT,2025,15.0,Ngành Marketing - Chương trình Tài năng
22991,DDT,marketing-chuong-trinh-tai-nang,A07,Điểm thi THPT,2025,15.0,Ngành Marketing - Chương trình Tài năng
22992,DDT,marketing-chuong-trinh-tai-nang,C01,Điểm thi THPT,2025,15.0,Ngành Marketing - Chương trình Tài năng
22993,DDT,marketing-chuong-trinh-tai-nang,D01,Điểm thi THPT,2025,15.0,Ngành Marketing - Chương trình Tài năng
22994,DDT,marketing-chuong-trinh-tai-nang,X01,Điểm thi THPT,2025,15.0,Ngành Marketing - Chương trình Tài năng
22995,DDT,marketing-co-cac-chuyen-nganh-quan-tri-kinh-doanh-marketing-digital-marketing,A00,Điểm học bạ,2025,18.0,"Ngành Marketing có các chuyên ngành: Quản trị kinh doanh Marketing, Digital Marketing"
22996,DDT,marketing-co-cac-chuyen-nganh-quan-tri-kinh-doanh-marketing-digital-marketing,A01,Điểm học bạ,2025,18.0,"Ngành Marketing có các chuyên ngành: Quản trị kinh doanh Marketing, Digital Marketing"
22997,DDT,marketing-co-cac-chuyen-nganh-quan-tri-kinh-doanh-marketing-digital-marketing,A07,Điểm học bạ,2025,18.0,"Ngành Marketing có các chuyên ngành: Quản trị kinh doanh Marketing, Digital Marketing"
22998,DDT,marketing-co-cac-chuyen-nganh-quan-tri-kinh-doanh-marketing-digital-marketing,C01,Điểm học bạ,2025,18.0,"Ngành Marketing có các chuyên ngành: Quản trị kinh doanh Marketing, Digital Marketing"
22999,DDT,marketing-co-cac-chuyen-nganh-quan-tri-kinh-doanh-marketing-digital-marketing,D01,Điểm học bạ,2025,18.0,"Ngành Marketing có các chuyên ngành: Quản trị kinh doanh Marketing, Digital Marketing"
23000,DDT,marketing-co-cac-chuyen-nganh-quan-tri-kinh-doanh-marketing-digital-marketing,X01,Điểm học bạ,2025,18.0,"Ngành Marketing có các chuyên ngành: Quản trị kinh doanh Marketing, Digital Marketing"
23001,DDT,marketing-co-cac-chuyen-nganh-quan-tri-kinh-doanh-marketing-digital-marketing,A00,Điểm thi THPT,2025,15.0,"Ngành Marketing có các chuyên ngành: Quản trị kinh doanh Marketing, Digital Marketing"
23002,DDT,marketing-co-cac-chuyen-nganh-quan-tri-kinh-doanh-marketing-digital-marketing,A01,Điểm thi THPT,2025,15.0,"Ngành Marketing có các chuyên ngành: Quản trị kinh doanh Marketing, Digital Marketing"
23003,DDT,marketing-co-cac-chuyen-nganh-quan-tri-kinh-doanh-marketing-digital-marketing,A07,Điểm thi THPT,2025,15.0,"Ngành Marketing có các chuyên ngành: Quản trị kinh doanh Marketing, Digital Marketing"
23004,DDT,marketing-co-cac-chuyen-nganh-quan-tri-kinh-doanh-marketing-digital-marketing,C01,Điểm thi THPT,2025,15.0,"Ngành Marketing có các chuyên ngành: Quản trị kinh doanh Marketing, Digital Marketing"
23005,DDT,marketing-co-cac-chuyen-nganh-quan-tri-kinh-doanh-marketing-digital-marketing,D01,Điểm thi THPT,2025,15.0,"Ngành Marketing có các chuyên ngành: Quản trị kinh doanh Marketing, Digital Marketing"
23006,DDT,marketing-co-cac-chuyen-nganh-quan-tri-kinh-doanh-marketing-digital-marketing,X01,Điểm thi THPT,2025,15.0,"Ngành Marketing có các chuyên ngành: Quản trị kinh doanh Marketing, Digital Marketing"
23007,DDT,ngon-ngu-anh,A01,Điểm học bạ,2021,18.0,Ngôn ngữ Anh
23008,DDT,ngon-ngu-anh,D01,Điểm học bạ,2021,18.0,Ngôn ngữ Anh
23009,DDT,ngon-ngu-anh,D14,Điểm học bạ,2021,18.0,Ngôn ngữ Anh
23010,DDT,ngon-ngu-anh,D15,Điểm học bạ,2021,18.0,Ngôn ngữ Anh
23011,DDT,ngon-ngu-anh,D01,Điểm thi THPT,2021,14.0,Ngôn ngữ Anh
23012,DDT,ngon-ngu-anh,D14,Điểm thi THPT,2021,14.0,Ngôn ngữ Anh
23013,DDT,ngon-ngu-anh,D15,Điểm thi THPT,2021,14.0,Ngôn ngữ Anh
23014,DDT,ngon-ngu-anh,D72,Điểm thi THPT,2021,14.0,Ngôn ngữ Anh
23015,DDT,ngon-ngu-anh,A01,Điểm học bạ,2022,18.0,Ngôn ngữ Anh
23016,DDT,ngon-ngu-anh,D01,Điểm học bạ,2022,18.0,Ngôn ngữ Anh
23017,DDT,ngon-ngu-anh,D14,Điểm học bạ,2022,18.0,Ngôn ngữ Anh
23018,DDT,ngon-ngu-anh,D15,Điểm học bạ,2022,18.0,Ngôn ngữ Anh
23019,DDT,ngon-ngu-anh,D01,Điểm thi THPT,2022,14.0,Ngôn ngữ Anh
23020,DDT,ngon-ngu-anh,D14,Điểm thi THPT,2022,14.0,Ngôn ngữ Anh
23021,DDT,ngon-ngu-anh,D15,Điểm thi THPT,2022,14.0,Ngôn ngữ Anh
23022,DDT,ngon-ngu-anh,D72,Điểm thi THPT,2022,14.0,Ngôn ngữ Anh
23023,DDT,ngon-ngu-anh,A01,Điểm học bạ,2023,18.0,Ngôn ngữ Anh
23024,DDT,ngon-ngu-anh,D01,Điểm học bạ,2023,18.0,Ngôn ngữ Anh
23025,DDT,ngon-ngu-anh,D14,Điểm học bạ,2023,18.0,Ngôn ngữ Anh
23026,DDT,ngon-ngu-anh,D15,Điểm học bạ,2023,18.0,Ngôn ngữ Anh
23027,DDT,ngon-ngu-anh,D01,Điểm thi THPT,2023,14.0,Ngôn ngữ Anh
23028,DDT,ngon-ngu-anh,D14,Điểm thi THPT,2023,14.0,Ngôn ngữ Anh
23029,DDT,ngon-ngu-anh,D15,Điểm thi THPT,2023,14.0,Ngôn ngữ Anh
23030,DDT,ngon-ngu-anh,D72,Điểm thi THPT,2023,14.0,Ngôn ngữ Anh
23031,DDT,ngon-ngu-anh,A01,Điểm học bạ,2024,18.0,Ngôn ngữ Anh
23032,DDT,ngon-ngu-anh,D01,Điểm học bạ,2024,18.0,Ngôn ngữ Anh
23033,DDT,ngon-ngu-anh,D14,Điểm học bạ,2024,18.0,Ngôn ngữ Anh
23034,DDT,ngon-ngu-anh,D15,Điểm học bạ,2024,18.0,Ngôn ngữ Anh
23035,DDT,ngon-ngu-anh,D01,Điểm thi THPT,2024,16.0,Ngôn ngữ Anh
23036,DDT,ngon-ngu-anh,D14,Điểm thi THPT,2024,16.0,Ngôn ngữ Anh
23037,DDT,ngon-ngu-anh,D15,Điểm thi THPT,2024,16.0,Ngôn ngữ Anh
23038,DDT,ngon-ngu-anh,D72,Điểm thi THPT,2024,16.0,Ngôn ngữ Anh
23039,DDT,ngon-ngu-anh,A01,Điểm học bạ,2025,18.0,Ngành Ngôn ngữ Anh
23040,DDT,ngon-ngu-anh,D01,Điểm học bạ,2025,18.0,Ngành Ngôn ngữ Anh
23041,DDT,ngon-ngu-anh,D09,Điểm học bạ,2025,18.0,Ngành Ngôn ngữ Anh
23042,DDT,ngon-ngu-anh,D10,Điểm học bạ,2025,18.0,Ngành Ngôn ngữ Anh
23043,DDT,ngon-ngu-anh,D14,Điểm học bạ,2025,18.0,Ngành Ngôn ngữ Anh
23044,DDT,ngon-ngu-anh,D15,Điểm học bạ,2025,18.0,Ngành Ngôn ngữ Anh
23045,DDT,ngon-ngu-anh,A01,Điểm thi THPT,2025,15.0,Ngành Ngôn ngữ Anh
23046,DDT,ngon-ngu-anh,D01,Điểm thi THPT,2025,15.0,Ngành Ngôn ngữ Anh
23047,DDT,ngon-ngu-anh,D09,Điểm thi THPT,2025,15.0,Ngành Ngôn ngữ Anh
23048,DDT,ngon-ngu-anh,D10,Điểm thi THPT,2025,15.0,Ngành Ngôn ngữ Anh
23049,DDT,ngon-ngu-anh,D14,Điểm thi THPT,2025,15.0,Ngành Ngôn ngữ Anh
23050,DDT,ngon-ngu-anh,D15,Điểm thi THPT,2025,15.0,Ngành Ngôn ngữ Anh
23051,DDT,ngon-ngu-han-quoc,D01,Điểm học bạ,2021,18.0,Ngôn Ngữ Hàn Quốc
23052,DDT,ngon-ngu-han-quoc,D08,Điểm học bạ,2021,18.0,Ngôn Ngữ Hàn Quốc
23053,DDT,ngon-ngu-han-quoc,D09,Điểm học bạ,2021,18.0,Ngôn Ngữ Hàn Quốc
23054,DDT,ngon-ngu-han-quoc,D10,Điểm học bạ,2021,18.0,Ngôn Ngữ Hàn Quốc
23055,DDT,ngon-ngu-han-quoc,D01,Điểm thi THPT,2021,14.0,Ngôn Ngữ Hàn Quốc
23056,DDT,ngon-ngu-han-quoc,D08,Điểm thi THPT,2021,14.0,Ngôn Ngữ Hàn Quốc
23057,DDT,ngon-ngu-han-quoc,D09,Điểm thi THPT,2021,14.0,Ngôn Ngữ Hàn Quốc
23058,DDT,ngon-ngu-han-quoc,D10,Điểm thi THPT,2021,14.0,Ngôn Ngữ Hàn Quốc
23059,DDT,ngon-ngu-han-quoc,D01,Điểm học bạ,2022,18.0,Ngôn ngữ Hàn Quốc
23060,DDT,ngon-ngu-han-quoc,D09,Điểm học bạ,2022,18.0,Ngôn ngữ Hàn Quốc
23061,DDT,ngon-ngu-han-quoc,D10,Điểm học bạ,2022,18.0,Ngôn ngữ Hàn Quốc
23062,DDT,ngon-ngu-han-quoc,D13,Điểm học bạ,2022,18.0,Ngôn ngữ Hàn Quốc
23063,DDT,ngon-ngu-han-quoc,D01,Điểm thi THPT,2022,14.0,Ngôn ngữ Hàn Quốc
23064,DDT,ngon-ngu-han-quoc,D09,Điểm thi THPT,2022,14.0,Ngôn ngữ Hàn Quốc
23065,DDT,ngon-ngu-han-quoc,D10,Điểm thi THPT,2022,14.0,Ngôn ngữ Hàn Quốc
23066,DDT,ngon-ngu-han-quoc,D13,Điểm thi THPT,2022,14.0,Ngôn ngữ Hàn Quốc
23067,DDT,ngon-ngu-han-quoc,D01,Điểm học bạ,2023,18.0,Ngôn ngữ Hàn Quốc
23068,DDT,ngon-ngu-han-quoc,D09,Điểm học bạ,2023,18.0,Ngôn ngữ Hàn Quốc
23069,DDT,ngon-ngu-han-quoc,D10,Điểm học bạ,2023,18.0,Ngôn ngữ Hàn Quốc
23070,DDT,ngon-ngu-han-quoc,D13,Điểm học bạ,2023,18.0,Ngôn ngữ Hàn Quốc
23071,DDT,ngon-ngu-han-quoc,D01,Điểm thi THPT,2023,14.0,Ngôn ngữ Hàn Quốc
23072,DDT,ngon-ngu-han-quoc,D09,Điểm thi THPT,2023,14.0,Ngôn ngữ Hàn Quốc
23073,DDT,ngon-ngu-han-quoc,D10,Điểm thi THPT,2023,14.0,Ngôn ngữ Hàn Quốc
23074,DDT,ngon-ngu-han-quoc,D13,Điểm thi THPT,2023,14.0,Ngôn ngữ Hàn Quốc
23075,DDT,ngon-ngu-han-quoc,D01,Điểm học bạ,2024,18.0,Ngôn ngữ Hàn Quốc
23076,DDT,ngon-ngu-han-quoc,D09,Điểm học bạ,2024,18.0,Ngôn ngữ Hàn Quốc
23077,DDT,ngon-ngu-han-quoc,D10,Điểm học bạ,2024,18.0,Ngôn ngữ Hàn Quốc
23078,DDT,ngon-ngu-han-quoc,D13,Điểm học bạ,2024,18.0,Ngôn ngữ Hàn Quốc
23079,DDT,ngon-ngu-han-quoc,D01,Điểm thi THPT,2024,16.0,Ngôn ngữ Hàn Quốc
23080,DDT,ngon-ngu-han-quoc,D09,Điểm thi THPT,2024,16.0,Ngôn ngữ Hàn Quốc
23081,DDT,ngon-ngu-han-quoc,D10,Điểm thi THPT,2024,16.0,Ngôn ngữ Hàn Quốc
23082,DDT,ngon-ngu-han-quoc,D13,Điểm thi THPT,2024,16.0,Ngôn ngữ Hàn Quốc
23083,DDT,ngon-ngu-han-quoc,A01,Điểm học bạ,2025,18.0,Ngành Ngôn Ngữ Hàn Quốc
23084,DDT,ngon-ngu-han-quoc,D01,Điểm học bạ,2025,18.0,Ngành Ngôn Ngữ Hàn Quốc
23085,DDT,ngon-ngu-han-quoc,D09,Điểm học bạ,2025,18.0,Ngành Ngôn Ngữ Hàn Quốc
23086,DDT,ngon-ngu-han-quoc,D10,Điểm học bạ,2025,18.0,Ngành Ngôn Ngữ Hàn Quốc
23087,DDT,ngon-ngu-han-quoc,D14,Điểm học bạ,2025,18.0,Ngành Ngôn Ngữ Hàn Quốc
23088,DDT,ngon-ngu-han-quoc,D15,Điểm học bạ,2025,18.0,Ngành Ngôn Ngữ Hàn Quốc
23089,DDT,ngon-ngu-han-quoc,A01,Điểm thi THPT,2025,15.0,Ngành Ngôn Ngữ Hàn Quốc
23090,DDT,ngon-ngu-han-quoc,D01,Điểm thi THPT,2025,15.0,Ngành Ngôn Ngữ Hàn Quốc
23091,DDT,ngon-ngu-han-quoc,D09,Điểm thi THPT,2025,15.0,Ngành Ngôn Ngữ Hàn Quốc
23092,DDT,ngon-ngu-han-quoc,D10,Điểm thi THPT,2025,15.0,Ngành Ngôn Ngữ Hàn Quốc
23093,DDT,ngon-ngu-han-quoc,D14,Điểm thi THPT,2025,15.0,Ngành Ngôn Ngữ Hàn Quốc
23094,DDT,ngon-ngu-han-quoc,D15,Điểm thi THPT,2025,15.0,Ngành Ngôn Ngữ Hàn Quốc
23095,DDT,ngon-ngu-nhat,A00,Điểm học bạ,2021,18.0,Ngôn ngữ Nhật
23096,DDT,ngon-ngu-nhat,D01,Điểm học bạ,2021,18.0,Ngôn ngữ Nhật
23097,DDT,ngon-ngu-nhat,D14,Điểm học bạ,2021,18.0,Ngôn ngữ Nhật
23098,DDT,ngon-ngu-nhat,D15,Điểm học bạ,2021,18.0,Ngôn ngữ Nhật
23099,DDT,ngon-ngu-nhat,A00,Điểm thi THPT,2021,14.0,Ngôn ngữ Nhật
23100,DDT,ngon-ngu-nhat,D01,Điểm thi THPT,2021,14.0,Ngôn ngữ Nhật
23101,DDT,ngon-ngu-nhat,D14,Điểm thi THPT,2021,14.0,Ngôn ngữ Nhật
23102,DDT,ngon-ngu-nhat,D15,Điểm thi THPT,2021,14.0,Ngôn ngữ Nhật
23103,DDT,ngon-ngu-nhat,A01,Điểm học bạ,2022,18.0,Ngôn ngữ Nhật
23104,DDT,ngon-ngu-nhat,D01,Điểm học bạ,2022,18.0,Ngôn ngữ Nhật
23105,DDT,ngon-ngu-nhat,D14,Điểm học bạ,2022,18.0,Ngôn ngữ Nhật
23106,DDT,ngon-ngu-nhat,D15,Điểm học bạ,2022,18.0,Ngôn ngữ Nhật
23107,DDT,ngon-ngu-nhat,A01,Điểm thi THPT,2022,14.0,Ngôn ngữ Nhật
23108,DDT,ngon-ngu-nhat,D01,Điểm thi THPT,2022,14.0,Ngôn ngữ Nhật
23109,DDT,ngon-ngu-nhat,D14,Điểm thi THPT,2022,14.0,Ngôn ngữ Nhật
23110,DDT,ngon-ngu-nhat,D15,Điểm thi THPT,2022,14.0,Ngôn ngữ Nhật
23111,DDT,ngon-ngu-nhat,A01,Điểm học bạ,2023,18.0,Ngôn ngữ Nhật
23112,DDT,ngon-ngu-nhat,D01,Điểm học bạ,2023,18.0,Ngôn ngữ Nhật
23113,DDT,ngon-ngu-nhat,D14,Điểm học bạ,2023,18.0,Ngôn ngữ Nhật
23114,DDT,ngon-ngu-nhat,D15,Điểm học bạ,2023,18.0,Ngôn ngữ Nhật
23115,DDT,ngon-ngu-nhat,A01,Điểm thi THPT,2023,14.0,Ngôn ngữ Nhật
23116,DDT,ngon-ngu-nhat,D01,Điểm thi THPT,2023,14.0,Ngôn ngữ Nhật
23117,DDT,ngon-ngu-nhat,D14,Điểm thi THPT,2023,14.0,Ngôn ngữ Nhật
23118,DDT,ngon-ngu-nhat,D15,Điểm thi THPT,2023,14.0,Ngôn ngữ Nhật
23119,DDT,ngon-ngu-nhat,A01,Điểm học bạ,2024,18.0,Ngôn ngữ Nhật
23120,DDT,ngon-ngu-nhat,D01,Điểm học bạ,2024,18.0,Ngôn ngữ Nhật
23121,DDT,ngon-ngu-nhat,D14,Điểm học bạ,2024,18.0,Ngôn ngữ Nhật
23122,DDT,ngon-ngu-nhat,D15,Điểm học bạ,2024,18.0,Ngôn ngữ Nhật
23123,DDT,ngon-ngu-nhat,A01,Điểm thi THPT,2024,16.0,Ngôn ngữ Nhật
23124,DDT,ngon-ngu-nhat,D01,Điểm thi THPT,2024,16.0,Ngôn ngữ Nhật
23125,DDT,ngon-ngu-nhat,D14,Điểm thi THPT,2024,16.0,Ngôn ngữ Nhật
23126,DDT,ngon-ngu-nhat,D15,Điểm thi THPT,2024,16.0,Ngôn ngữ Nhật
23127,DDT,ngon-ngu-nhat,A01,Điểm học bạ,2025,18.0,Ngành Ngôn ngữ Nhật
23128,DDT,ngon-ngu-nhat,D01,Điểm học bạ,2025,18.0,Ngành Ngôn ngữ Nhật
23129,DDT,ngon-ngu-nhat,D09,Điểm học bạ,2025,18.0,Ngành Ngôn ngữ Nhật
23130,DDT,ngon-ngu-nhat,D10,Điểm học bạ,2025,18.0,Ngành Ngôn ngữ Nhật
23131,DDT,ngon-ngu-nhat,D14,Điểm học bạ,2025,18.0,Ngành Ngôn ngữ Nhật
23132,DDT,ngon-ngu-nhat,D15,Điểm học bạ,2025,18.0,Ngành Ngôn ngữ Nhật
23133,DDT,ngon-ngu-nhat,A01,Điểm thi THPT,2025,15.0,Ngành Ngôn ngữ Nhật
23134,DDT,ngon-ngu-nhat,D01,Điểm thi THPT,2025,15.0,Ngành Ngôn ngữ Nhật
23135,DDT,ngon-ngu-nhat,D09,Điểm thi THPT,2025,15.0,Ngành Ngôn ngữ Nhật
23136,DDT,ngon-ngu-nhat,D10,Điểm thi THPT,2025,15.0,Ngành Ngôn ngữ Nhật
23137,DDT,ngon-ngu-nhat,D14,Điểm thi THPT,2025,15.0,Ngành Ngôn ngữ Nhật
23138,DDT,ngon-ngu-nhat,D15,Điểm thi THPT,2025,15.0,Ngành Ngôn ngữ Nhật
23139,DDT,ngon-ngu-trung-quoc,D01,Điểm học bạ,2021,18.0,Ngôn Ngữ Trung Quốc
23140,DDT,ngon-ngu-trung-quoc,D09,Điểm học bạ,2021,18.0,Ngôn Ngữ Trung Quốc
23141,DDT,ngon-ngu-trung-quoc,D14,Điểm học bạ,2021,18.0,Ngôn Ngữ Trung Quốc
23142,DDT,ngon-ngu-trung-quoc,D15,Điểm học bạ,2021,18.0,Ngôn Ngữ Trung Quốc
23143,DDT,ngon-ngu-trung-quoc,D01,Điểm thi THPT,2021,14.0,Ngôn Ngữ Trung Quốc
23144,DDT,ngon-ngu-trung-quoc,D14,Điểm thi THPT,2021,14.0,Ngôn Ngữ Trung Quốc
23145,DDT,ngon-ngu-trung-quoc,D15,Điểm thi THPT,2021,14.0,Ngôn Ngữ Trung Quốc
23146,DDT,ngon-ngu-trung-quoc,D72,Điểm thi THPT,2021,14.0,Ngôn Ngữ Trung Quốc
23147,DDT,ngon-ngu-trung-quoc,D01,Điểm học bạ,2022,18.0,Ngôn ngữ Trung Quốc
23148,DDT,ngon-ngu-trung-quoc,D09,Điểm học bạ,2022,18.0,Ngôn ngữ Trung Quốc
23149,DDT,ngon-ngu-trung-quoc,D14,Điểm học bạ,2022,18.0,Ngôn ngữ Trung Quốc
23150,DDT,ngon-ngu-trung-quoc,D15,Điểm học bạ,2022,18.0,Ngôn ngữ Trung Quốc
23151,DDT,ngon-ngu-trung-quoc,D01,Điểm thi THPT,2022,14.0,Ngôn ngữ Trung Quốc
23152,DDT,ngon-ngu-trung-quoc,D14,Điểm thi THPT,2022,14.0,Ngôn ngữ Trung Quốc
23153,DDT,ngon-ngu-trung-quoc,D15,Điểm thi THPT,2022,14.0,Ngôn ngữ Trung Quốc
23154,DDT,ngon-ngu-trung-quoc,D72,Điểm thi THPT,2022,14.0,Ngôn ngữ Trung Quốc
23155,DDT,ngon-ngu-trung-quoc,D01,Điểm học bạ,2023,18.0,Ngôn ngữ Trung Quốc
23156,DDT,ngon-ngu-trung-quoc,D09,Điểm học bạ,2023,18.0,Ngôn ngữ Trung Quốc
23157,DDT,ngon-ngu-trung-quoc,D14,Điểm học bạ,2023,18.0,Ngôn ngữ Trung Quốc
23158,DDT,ngon-ngu-trung-quoc,D15,Điểm học bạ,2023,18.0,Ngôn ngữ Trung Quốc
23159,DDT,ngon-ngu-trung-quoc,D01,Điểm thi THPT,2023,14.0,Ngôn ngữ Trung Quốc
23160,DDT,ngon-ngu-trung-quoc,D14,Điểm thi THPT,2023,14.0,Ngôn ngữ Trung Quốc
23161,DDT,ngon-ngu-trung-quoc,D15,Điểm thi THPT,2023,14.0,Ngôn ngữ Trung Quốc
23162,DDT,ngon-ngu-trung-quoc,D72,Điểm thi THPT,2023,14.0,Ngôn ngữ Trung Quốc
23163,DDT,ngon-ngu-trung-quoc,D01,Điểm học bạ,2024,18.0,Ngôn ngữ Trung Quốc
23164,DDT,ngon-ngu-trung-quoc,D09,Điểm học bạ,2024,18.0,Ngôn ngữ Trung Quốc
23165,DDT,ngon-ngu-trung-quoc,D14,Điểm học bạ,2024,18.0,Ngôn ngữ Trung Quốc
23166,DDT,ngon-ngu-trung-quoc,D15,Điểm học bạ,2024,18.0,Ngôn ngữ Trung Quốc
23167,DDT,ngon-ngu-trung-quoc,D01,Điểm thi THPT,2024,16.0,Ngôn ngữ Trung Quốc
23168,DDT,ngon-ngu-trung-quoc,D14,Điểm thi THPT,2024,16.0,Ngôn ngữ Trung Quốc
23169,DDT,ngon-ngu-trung-quoc,D15,Điểm thi THPT,2024,16.0,Ngôn ngữ Trung Quốc
23170,DDT,ngon-ngu-trung-quoc,D72,Điểm thi THPT,2024,16.0,Ngôn ngữ Trung Quốc
23171,DDT,ngon-ngu-trung-quoc,A01,Điểm học bạ,2025,18.0,Ngành Ngôn Ngữ Trung Quốc
23172,DDT,ngon-ngu-trung-quoc,D01,Điểm học bạ,2025,18.0,Ngành Ngôn Ngữ Trung Quốc
23173,DDT,ngon-ngu-trung-quoc,D09,Điểm học bạ,2025,18.0,Ngành Ngôn Ngữ Trung Quốc
23174,DDT,ngon-ngu-trung-quoc,D10,Điểm học bạ,2025,18.0,Ngành Ngôn Ngữ Trung Quốc
23175,DDT,ngon-ngu-trung-quoc,D14,Điểm học bạ,2025,18.0,Ngành Ngôn Ngữ Trung Quốc
23176,DDT,ngon-ngu-trung-quoc,D15,Điểm học bạ,2025,18.0,Ngành Ngôn Ngữ Trung Quốc
23177,DDT,ngon-ngu-trung-quoc,A01,Điểm thi THPT,2025,15.0,Ngành Ngôn Ngữ Trung Quốc
23178,DDT,ngon-ngu-trung-quoc,D01,Điểm thi THPT,2025,15.0,Ngành Ngôn Ngữ Trung Quốc
23179,DDT,ngon-ngu-trung-quoc,D09,Điểm thi THPT,2025,15.0,Ngành Ngôn Ngữ Trung Quốc
23180,DDT,ngon-ngu-trung-quoc,D10,Điểm thi THPT,2025,15.0,Ngành Ngôn Ngữ Trung Quốc
23181,DDT,ngon-ngu-trung-quoc,D14,Điểm thi THPT,2025,15.0,Ngành Ngôn Ngữ Trung Quốc
23182,DDT,ngon-ngu-trung-quoc,D15,Điểm thi THPT,2025,15.0,Ngành Ngôn Ngữ Trung Quốc
23183,DDT,quan-he-cong-chung,A01,Điểm học bạ,2024,18.0,Quan hệ công chúng
23184,DDT,quan-he-cong-chung,C00,Điểm học bạ,2024,18.0,Quan hệ công chúng
23185,DDT,quan-he-cong-chung,C01,Điểm học bạ,2024,18.0,Quan hệ công chúng
23186,DDT,quan-he-cong-chung,D01,Điểm học bạ,2024,18.0,Quan hệ công chúng
23187,DDT,quan-he-cong-chung,A01,Điểm thi THPT,2024,16.0,Quan hệ công chúng
23188,DDT,quan-he-cong-chung,C00,Điểm thi THPT,2024,16.0,Quan hệ công chúng
23189,DDT,quan-he-cong-chung,C15,Điểm thi THPT,2024,16.0,Quan hệ công chúng
23190,DDT,quan-he-cong-chung,D01,Điểm thi THPT,2024,16.0,Quan hệ công chúng
23191,DDT,quan-he-cong-chung,C00,Điểm học bạ,2025,18.0,Ngành Quan hệ Công chúng
23192,DDT,quan-he-cong-chung,C03,Điểm học bạ,2025,18.0,Ngành Quan hệ Công chúng
23193,DDT,quan-he-cong-chung,C04,Điểm học bạ,2025,18.0,Ngành Quan hệ Công chúng
23194,DDT,quan-he-cong-chung,D01,Điểm học bạ,2025,18.0,Ngành Quan hệ Công chúng
23195,DDT,quan-he-cong-chung,D14,Điểm học bạ,2025,18.0,Ngành Quan hệ Công chúng
23196,DDT,quan-he-cong-chung,D15,Điểm học bạ,2025,18.0,Ngành Quan hệ Công chúng
23197,DDT,quan-he-cong-chung,C00,Điểm thi THPT,2025,15.0,Ngành Quan hệ Công chúng
23198,DDT,quan-he-cong-chung,C03,Điểm thi THPT,2025,15.0,Ngành Quan hệ Công chúng
23199,DDT,quan-he-cong-chung,C04,Điểm thi THPT,2025,15.0,Ngành Quan hệ Công chúng
23200,DDT,quan-he-cong-chung,D01,Điểm thi THPT,2025,15.0,Ngành Quan hệ Công chúng
23201,DDT,quan-he-cong-chung,D14,Điểm thi THPT,2025,15.0,Ngành Quan hệ Công chúng
23202,DDT,quan-he-cong-chung,D15,Điểm thi THPT,2025,15.0,Ngành Quan hệ Công chúng
23203,DDT,quan-he-quoc-te,A01,Điểm học bạ,2021,18.0,Quan hệ quốc tế
23204,DDT,quan-he-quoc-te,C00,Điểm học bạ,2021,18.0,Quan hệ quốc tế
23205,DDT,quan-he-quoc-te,C01,Điểm học bạ,2021,18.0,Quan hệ quốc tế
23206,DDT,quan-he-quoc-te,D01,Điểm học bạ,2021,18.0,Quan hệ quốc tế
23207,DDT,quan-he-quoc-te,A01,Điểm thi THPT,2021,14.0,Quan hệ quốc tế
23208,DDT,quan-he-quoc-te,C00,Điểm thi THPT,2021,14.0,Quan hệ quốc tế
23209,DDT,quan-he-quoc-te,C15,Điểm thi THPT,2021,14.0,Quan hệ quốc tế
23210,DDT,quan-he-quoc-te,D01,Điểm thi THPT,2021,14.0,Quan hệ quốc tế
23211,DDT,quan-he-quoc-te,A01,Điểm học bạ,2022,18.0,Quan hệ quốc tế
23212,DDT,quan-he-quoc-te,C00,Điểm học bạ,2022,18.0,Quan hệ quốc tế
23213,DDT,quan-he-quoc-te,C01,Điểm học bạ,2022,18.0,Quan hệ quốc tế
23214,DDT,quan-he-quoc-te,D01,Điểm học bạ,2022,18.0,Quan hệ quốc tế
23215,DDT,quan-he-quoc-te,A01,Điểm thi THPT,2022,16.0,Quan hệ quốc tế
23216,DDT,quan-he-quoc-te,C00,Điểm thi THPT,2022,16.0,Quan hệ quốc tế
23217,DDT,quan-he-quoc-te,C15,Điểm thi THPT,2022,16.0,Quan hệ quốc tế
23218,DDT,quan-he-quoc-te,D01,Điểm thi THPT,2022,16.0,Quan hệ quốc tế
23219,DDT,quan-he-quoc-te,A01,Điểm học bạ,2023,18.0,Quan hệ quốc tế
23220,DDT,quan-he-quoc-te,C00,Điểm học bạ,2023,18.0,Quan hệ quốc tế
23221,DDT,quan-he-quoc-te,C01,Điểm học bạ,2023,18.0,Quan hệ quốc tế
23222,DDT,quan-he-quoc-te,D01,Điểm học bạ,2023,18.0,Quan hệ quốc tế
23223,DDT,quan-he-quoc-te,A01,Điểm thi THPT,2023,16.0,Quan hệ Quốc tế
23224,DDT,quan-he-quoc-te,C00,Điểm thi THPT,2023,16.0,Quan hệ Quốc tế
23225,DDT,quan-he-quoc-te,C15,Điểm thi THPT,2023,16.0,Quan hệ Quốc tế
23226,DDT,quan-he-quoc-te,D01,Điểm thi THPT,2023,16.0,Quan hệ Quốc tế
23227,DDT,quan-he-quoc-te,A01,Điểm học bạ,2024,18.0,Quan hệ quốc tế
23228,DDT,quan-he-quoc-te,C00,Điểm học bạ,2024,18.0,Quan hệ quốc tế
23229,DDT,quan-he-quoc-te,C01,Điểm học bạ,2024,18.0,Quan hệ quốc tế
23230,DDT,quan-he-quoc-te,D01,Điểm học bạ,2024,18.0,Quan hệ quốc tế
23231,DDT,quan-he-quoc-te,A01,Điểm thi THPT,2024,16.0,Quan hệ quốc tế
23232,DDT,quan-he-quoc-te,C00,Điểm thi THPT,2024,16.0,Quan hệ quốc tế
23233,DDT,quan-he-quoc-te,C15,Điểm thi THPT,2024,16.0,Quan hệ quốc tế
23234,DDT,quan-he-quoc-te,D01,Điểm thi THPT,2024,16.0,Quan hệ quốc tế
23235,DDT,quan-he-quoc-te,C00,Điểm học bạ,2025,18.0,Ngành Quan hệ Quốc tế
23236,DDT,quan-he-quoc-te,C03,Điểm học bạ,2025,18.0,Ngành Quan hệ Quốc tế
23237,DDT,quan-he-quoc-te,C04,Điểm học bạ,2025,18.0,Ngành Quan hệ Quốc tế
23238,DDT,quan-he-quoc-te,D01,Điểm học bạ,2025,18.0,Ngành Quan hệ Quốc tế
23239,DDT,quan-he-quoc-te,D14,Điểm học bạ,2025,18.0,Ngành Quan hệ Quốc tế
23240,DDT,quan-he-quoc-te,D15,Điểm học bạ,2025,18.0,Ngành Quan hệ Quốc tế
23241,DDT,quan-he-quoc-te,C00,Điểm thi THPT,2025,15.0,Ngành Quan hệ Quốc tế
23242,DDT,quan-he-quoc-te,C03,Điểm thi THPT,2025,15.0,Ngành Quan hệ Quốc tế
23243,DDT,quan-he-quoc-te,C04,Điểm thi THPT,2025,15.0,Ngành Quan hệ Quốc tế
23244,DDT,quan-he-quoc-te,D01,Điểm thi THPT,2025,15.0,Ngành Quan hệ Quốc tế
23245,DDT,quan-he-quoc-te,D14,Điểm thi THPT,2025,15.0,Ngành Quan hệ Quốc tế
23246,DDT,quan-he-quoc-te,D15,Điểm thi THPT,2025,15.0,Ngành Quan hệ Quốc tế
23247,DDT,quan-ly-benh-vien,B00,Điểm học bạ,2021,18.0,Quản lý bệnh viện
23248,DDT,quan-ly-benh-vien,B03,Điểm học bạ,2021,18.0,Quản lý bệnh viện
23249,DDT,quan-ly-benh-vien,C01,Điểm học bạ,2021,18.0,Quản lý bệnh viện
23250,DDT,quan-ly-benh-vien,D08,Điểm học bạ,2021,18.0,Quản lý bệnh viện
23251,DDT,quan-ly-benh-vien,A16,Điểm thi THPT,2021,14.0,Quản lý bệnh viện
23252,DDT,quan-ly-benh-vien,B00,Điểm thi THPT,2021,14.0,Quản lý bệnh viện
23253,DDT,quan-ly-benh-vien,B03,Điểm thi THPT,2021,14.0,Quản lý bệnh viện
23254,DDT,quan-ly-benh-vien,D08,Điểm thi THPT,2021,14.0,Quản lý bệnh viện
23255,DDT,quan-ly-tai-nguyen-moi-truong,A00,Điểm học bạ,2025,18.0,Ngành Quản lý Tài nguyên & Môi trường
23256,DDT,quan-ly-tai-nguyen-moi-truong,A02,Điểm học bạ,2025,18.0,Ngành Quản lý Tài nguyên & Môi trường
23257,DDT,quan-ly-tai-nguyen-moi-truong,B00,Điểm học bạ,2025,18.0,Ngành Quản lý Tài nguyên & Môi trường
23258,DDT,quan-ly-tai-nguyen-moi-truong,B03,Điểm học bạ,2025,18.0,Ngành Quản lý Tài nguyên & Môi trường
23259,DDT,quan-ly-tai-nguyen-moi-truong,C01,Điểm học bạ,2025,18.0,Ngành Quản lý Tài nguyên & Môi trường
23260,DDT,quan-ly-tai-nguyen-moi-truong,C02,Điểm học bạ,2025,18.0,Ngành Quản lý Tài nguyên & Môi trường
23261,DDT,quan-ly-tai-nguyen-moi-truong,A00,Điểm thi THPT,2025,15.0,Ngành Quản lý Tài nguyên & Môi trường
23262,DDT,quan-ly-tai-nguyen-moi-truong,A02,Điểm thi THPT,2025,15.0,Ngành Quản lý Tài nguyên & Môi trường
23263,DDT,quan-ly-tai-nguyen-moi-truong,B00,Điểm thi THPT,2025,15.0,Ngành Quản lý Tài nguyên & Môi trường
23264,DDT,quan-ly-tai-nguyen-moi-truong,B03,Điểm thi THPT,2025,15.0,Ngành Quản lý Tài nguyên & Môi trường
23265,DDT,quan-ly-tai-nguyen-moi-truong,C01,Điểm thi THPT,2025,15.0,Ngành Quản lý Tài nguyên & Môi trường
23266,DDT,quan-ly-tai-nguyen-moi-truong,C02,Điểm thi THPT,2025,15.0,Ngành Quản lý Tài nguyên & Môi trường
23267,DDT,quan-ly-tai-nguyen-va-moi-truong,A00,Điểm học bạ,2021,18.0,Quản lý Tài nguyên và Môi trường
23268,DDT,quan-ly-tai-nguyen-va-moi-truong,B00,Điểm học bạ,2021,18.0,Quản lý Tài nguyên và Môi trường
23269,DDT,quan-ly-tai-nguyen-va-moi-truong,C01,Điểm học bạ,2021,18.0,Quản lý Tài nguyên và Môi trường
23270,DDT,quan-ly-tai-nguyen-va-moi-truong,C02,Điểm học bạ,2021,18.0,Quản lý Tài nguyên và Môi trường
23271,DDT,quan-ly-tai-nguyen-va-moi-truong,A00,Điểm thi THPT,2021,14.0,Quản lý Tài nguyên và Môi trường
23272,DDT,quan-ly-tai-nguyen-va-moi-truong,A16,Điểm thi THPT,2021,14.0,Quản lý Tài nguyên và Môi trường
23273,DDT,quan-ly-tai-nguyen-va-moi-truong,B00,Điểm thi THPT,2021,14.0,Quản lý Tài nguyên và Môi trường
23274,DDT,quan-ly-tai-nguyen-va-moi-truong,C15,Điểm thi THPT,2021,14.0,Quản lý Tài nguyên và Môi trường
23275,DDT,quan-ly-tai-nguyen-va-moi-truong,A00,Điểm học bạ,2022,18.0,Quản lý tài nguyên và môi trường
23276,DDT,quan-ly-tai-nguyen-va-moi-truong,B00,Điểm học bạ,2022,18.0,Quản lý tài nguyên và môi trường
23277,DDT,quan-ly-tai-nguyen-va-moi-truong,C01,Điểm học bạ,2022,18.0,Quản lý tài nguyên và môi trường
23278,DDT,quan-ly-tai-nguyen-va-moi-truong,C02,Điểm học bạ,2022,18.0,Quản lý tài nguyên và môi trường
23279,DDT,quan-ly-tai-nguyen-va-moi-truong,A00,Điểm thi THPT,2022,16.0,Quản lý tài nguyên và môi trường
23280,DDT,quan-ly-tai-nguyen-va-moi-truong,A16,Điểm thi THPT,2022,16.0,Quản lý tài nguyên và môi trường
23281,DDT,quan-ly-tai-nguyen-va-moi-truong,B00,Điểm thi THPT,2022,16.0,Quản lý tài nguyên và môi trường
23282,DDT,quan-ly-tai-nguyen-va-moi-truong,C15,Điểm thi THPT,2022,16.0,Quản lý tài nguyên và môi trường
23283,DDT,quan-ly-tai-nguyen-va-moi-truong,A00,Điểm học bạ,2023,18.0,Quản lý tài nguyên và môi trường
23284,DDT,quan-ly-tai-nguyen-va-moi-truong,B00,Điểm học bạ,2023,18.0,Quản lý tài nguyên và môi trường
23285,DDT,quan-ly-tai-nguyen-va-moi-truong,C01,Điểm học bạ,2023,18.0,Quản lý tài nguyên và môi trường
23286,DDT,quan-ly-tai-nguyen-va-moi-truong,C02,Điểm học bạ,2023,18.0,Quản lý tài nguyên và môi trường
23287,DDT,quan-ly-tai-nguyen-va-moi-truong,A00,Điểm thi THPT,2023,15.5,Quản lý Tài nguyên và Môi trường
23288,DDT,quan-ly-tai-nguyen-va-moi-truong,A16,Điểm thi THPT,2023,15.5,Quản lý Tài nguyên và Môi trường
23289,DDT,quan-ly-tai-nguyen-va-moi-truong,B00,Điểm thi THPT,2023,15.5,Quản lý Tài nguyên và Môi trường
23290,DDT,quan-ly-tai-nguyen-va-moi-truong,C15,Điểm thi THPT,2023,15.5,Quản lý Tài nguyên và Môi trường
23291,DDT,quan-ly-tai-nguyen-va-moi-truong,A00,Điểm học bạ,2024,18.0,Quản lý tài nguyên và môi trường
23292,DDT,quan-ly-tai-nguyen-va-moi-truong,B00,Điểm học bạ,2024,18.0,Quản lý tài nguyên và môi trường
23293,DDT,quan-ly-tai-nguyen-va-moi-truong,C01,Điểm học bạ,2024,18.0,Quản lý tài nguyên và môi trường
23294,DDT,quan-ly-tai-nguyen-va-moi-truong,C02,Điểm học bạ,2024,18.0,Quản lý tài nguyên và môi trường
23295,DDT,quan-ly-tai-nguyen-va-moi-truong,A00,Điểm thi THPT,2024,16.0,Quản lý tài nguyên và môi trường
23296,DDT,quan-ly-tai-nguyen-va-moi-truong,A16,Điểm thi THPT,2024,16.0,Quản lý tài nguyên và môi trường
23297,DDT,quan-ly-tai-nguyen-va-moi-truong,B00,Điểm thi THPT,2024,16.0,Quản lý tài nguyên và môi trường
23298,DDT,quan-ly-tai-nguyen-va-moi-truong,C15,Điểm thi THPT,2024,16.0,Quản lý tài nguyên và môi trường
23299,DDT,quan-ly-xay-dung,A00,Điểm học bạ,2021,18.0,Quản lý xây dựng
23300,DDT,quan-ly-xay-dung,C01,Điểm học bạ,2021,18.0,Quản lý xây dựng
23301,DDT,quan-ly-xay-dung,C02,Điểm học bạ,2021,18.0,Quản lý xây dựng
23302,DDT,quan-ly-xay-dung,D01,Điểm học bạ,2021,18.0,Quản lý xây dựng
23303,DDT,quan-ly-xay-dung,A00,Điểm thi THPT,2021,14.0,Quản lý xây dựng
23304,DDT,quan-ly-xay-dung,A16,Điểm thi THPT,2021,14.0,Quản lý xây dựng
23305,DDT,quan-ly-xay-dung,C01,Điểm thi THPT,2021,14.0,Quản lý xây dựng
23306,DDT,quan-ly-xay-dung,D01,Điểm thi THPT,2021,14.0,Quản lý xây dựng
23307,DDT,quan-tri-dich-vu-du-lich-lu-hanh,A01,Điểm học bạ,2025,18.0,Ngành Quản trị Dịch vụ Du lịch & Lữ hành
23308,DDT,quan-tri-dich-vu-du-lich-lu-hanh,C00,Điểm học bạ,2025,18.0,Ngành Quản trị Dịch vụ Du lịch & Lữ hành
23309,DDT,quan-tri-dich-vu-du-lich-lu-hanh,C03,Điểm học bạ,2025,18.0,Ngành Quản trị Dịch vụ Du lịch & Lữ hành
23310,DDT,quan-tri-dich-vu-du-lich-lu-hanh,C04,Điểm học bạ,2025,18.0,Ngành Quản trị Dịch vụ Du lịch & Lữ hành
23311,DDT,quan-tri-dich-vu-du-lich-lu-hanh,D01,Điểm học bạ,2025,18.0,Ngành Quản trị Dịch vụ Du lịch & Lữ hành
23312,DDT,quan-tri-dich-vu-du-lich-lu-hanh,X01,Điểm học bạ,2025,18.0,Ngành Quản trị Dịch vụ Du lịch & Lữ hành
23313,DDT,quan-tri-dich-vu-du-lich-lu-hanh,A01,Điểm thi THPT,2025,15.0,Ngành Quản trị Dịch vụ Du lịch & Lữ hành
23314,DDT,quan-tri-dich-vu-du-lich-lu-hanh,C00,Điểm thi THPT,2025,15.0,Ngành Quản trị Dịch vụ Du lịch & Lữ hành
23315,DDT,quan-tri-dich-vu-du-lich-lu-hanh,C03,Điểm thi THPT,2025,15.0,Ngành Quản trị Dịch vụ Du lịch & Lữ hành
23316,DDT,quan-tri-dich-vu-du-lich-lu-hanh,C04,Điểm thi THPT,2025,15.0,Ngành Quản trị Dịch vụ Du lịch & Lữ hành
23317,DDT,quan-tri-dich-vu-du-lich-lu-hanh,D01,Điểm thi THPT,2025,15.0,Ngành Quản trị Dịch vụ Du lịch & Lữ hành
23318,DDT,quan-tri-dich-vu-du-lich-lu-hanh,X01,Điểm thi THPT,2025,15.0,Ngành Quản trị Dịch vụ Du lịch & Lữ hành
23319,DDT,quan-tri-dich-vu-du-lich-va-lu-hanh,A00,Điểm học bạ,2021,18.0,Quản trị Dịch vụ Du lịch và Lữ hành
23320,DDT,quan-tri-dich-vu-du-lich-va-lu-hanh,A01,Điểm học bạ,2021,18.0,Quản trị Dịch vụ Du lịch và Lữ hành
23321,DDT,quan-tri-dich-vu-du-lich-va-lu-hanh,C00,Điểm học bạ,2021,18.0,Quản trị Dịch vụ Du lịch và Lữ hành
23322,DDT,quan-tri-dich-vu-du-lich-va-lu-hanh,D01,Điểm học bạ,2021,18.0,Quản trị Dịch vụ Du lịch và Lữ hành
23323,DDT,quan-tri-dich-vu-du-lich-va-lu-hanh,A00,Điểm thi THPT,2021,14.0,Quản trị Dịch vụ Du lịch và Lữ hành
23324,DDT,quan-tri-dich-vu-du-lich-va-lu-hanh,C00,Điểm thi THPT,2021,14.0,Quản trị Dịch vụ Du lịch và Lữ hành
23325,DDT,quan-tri-dich-vu-du-lich-va-lu-hanh,C15,Điểm thi THPT,2021,14.0,Quản trị Dịch vụ Du lịch và Lữ hành
23326,DDT,quan-tri-dich-vu-du-lich-va-lu-hanh,D01,Điểm thi THPT,2021,14.0,Quản trị Dịch vụ Du lịch và Lữ hành
23327,DDT,quan-tri-dich-vu-du-lich-va-lu-hanh,A00,Điểm học bạ,2022,18.0,Quản trị dịch vụ du lịch và lữ hành
23328,DDT,quan-tri-dich-vu-du-lich-va-lu-hanh,A01,Điểm học bạ,2022,18.0,Quản trị dịch vụ du lịch và lữ hành
23329,DDT,quan-tri-dich-vu-du-lich-va-lu-hanh,C00,Điểm học bạ,2022,18.0,Quản trị dịch vụ du lịch và lữ hành
23330,DDT,quan-tri-dich-vu-du-lich-va-lu-hanh,D01,Điểm học bạ,2022,18.0,Quản trị dịch vụ du lịch và lữ hành
23331,DDT,quan-tri-dich-vu-du-lich-va-lu-hanh,A00,Điểm thi THPT,2022,15.0,Quản trị dịch vụ du lịch và lữ hành
23332,DDT,quan-tri-dich-vu-du-lich-va-lu-hanh,C00,Điểm thi THPT,2022,15.0,Quản trị dịch vụ du lịch và lữ hành
23333,DDT,quan-tri-dich-vu-du-lich-va-lu-hanh,C15,Điểm thi THPT,2022,15.0,Quản trị dịch vụ du lịch và lữ hành
23334,DDT,quan-tri-dich-vu-du-lich-va-lu-hanh,D01,Điểm thi THPT,2022,15.0,Quản trị dịch vụ du lịch và lữ hành
23335,DDT,quan-tri-dich-vu-du-lich-va-lu-hanh,A00,Điểm học bạ,2023,18.0,Quản trị dịch vụ du lịch và lữ hành
23336,DDT,quan-tri-dich-vu-du-lich-va-lu-hanh,A01,Điểm học bạ,2023,18.0,Quản trị dịch vụ du lịch và lữ hành
23337,DDT,quan-tri-dich-vu-du-lich-va-lu-hanh,C00,Điểm học bạ,2023,18.0,Quản trị dịch vụ du lịch và lữ hành
23338,DDT,quan-tri-dich-vu-du-lich-va-lu-hanh,D01,Điểm học bạ,2023,18.0,Quản trị dịch vụ du lịch và lữ hành
23339,DDT,quan-tri-dich-vu-du-lich-va-lu-hanh,A00,Điểm thi THPT,2023,14.0,Quản trị Dịch vụ Du lịch và Lữ hành
23340,DDT,quan-tri-dich-vu-du-lich-va-lu-hanh,C00,Điểm thi THPT,2023,14.0,Quản trị Dịch vụ Du lịch và Lữ hành
23341,DDT,quan-tri-dich-vu-du-lich-va-lu-hanh,C15,Điểm thi THPT,2023,14.0,Quản trị Dịch vụ Du lịch và Lữ hành
23342,DDT,quan-tri-dich-vu-du-lich-va-lu-hanh,D01,Điểm thi THPT,2023,14.0,Quản trị Dịch vụ Du lịch và Lữ hành
23343,DDT,quan-tri-dich-vu-du-lich-va-lu-hanh,A00,Điểm học bạ,2024,18.0,Quản trị dịch vụ du lịch và lữ hành
23344,DDT,quan-tri-dich-vu-du-lich-va-lu-hanh,A01,Điểm học bạ,2024,18.0,Quản trị dịch vụ du lịch và lữ hành
23345,DDT,quan-tri-dich-vu-du-lich-va-lu-hanh,C00,Điểm học bạ,2024,18.0,Quản trị dịch vụ du lịch và lữ hành
23346,DDT,quan-tri-dich-vu-du-lich-va-lu-hanh,D01,Điểm học bạ,2024,18.0,Quản trị dịch vụ du lịch và lữ hành
23347,DDT,quan-tri-dich-vu-du-lich-va-lu-hanh,A00,Điểm thi THPT,2024,16.0,Quản trị dịch vụ du lịch và lữ hành
23348,DDT,quan-tri-dich-vu-du-lich-va-lu-hanh,C00,Điểm thi THPT,2024,16.0,Quản trị dịch vụ du lịch và lữ hành
23349,DDT,quan-tri-dich-vu-du-lich-va-lu-hanh,C15,Điểm thi THPT,2024,16.0,Quản trị dịch vụ du lịch và lữ hành
23350,DDT,quan-tri-dich-vu-du-lich-va-lu-hanh,D01,Điểm thi THPT,2024,16.0,Quản trị dịch vụ du lịch và lữ hành
23351,DDT,quan-tri-du-lich-khach-san,A00,Điểm học bạ,2021,18.0,Quản trị Du lịch & Khách sạn
23352,DDT,quan-tri-du-lich-khach-san,A01,Điểm học bạ,2021,18.0,Quản trị Du lịch & Khách sạn
23353,DDT,quan-tri-du-lich-khach-san,C00,Điểm học bạ,2021,18.0,Quản trị Du lịch & Khách sạn
23354,DDT,quan-tri-du-lich-khach-san,D01,Điểm học bạ,2021,18.0,Quản trị Du lịch & Khách sạn
23355,DDT,quan-tri-du-lich-khach-san,A00,Điểm thi THPT,2021,14.0,Quản trị Du lịch & Khách sạn
23356,DDT,quan-tri-du-lich-khach-san,C00,Điểm thi THPT,2021,14.0,Quản trị Du lịch & Khách sạn
23357,DDT,quan-tri-du-lich-khach-san,C15,Điểm thi THPT,2021,14.0,Quản trị Du lịch & Khách sạn
23358,DDT,quan-tri-du-lich-khach-san,D01,Điểm thi THPT,2021,14.0,Quản trị Du lịch & Khách sạn
23359,DDT,quan-tri-khach-san,A00,Điểm học bạ,2022,18.0,Quản trị khách sạn
23360,DDT,quan-tri-khach-san,A01,Điểm học bạ,2022,18.0,Quản trị khách sạn
23361,DDT,quan-tri-khach-san,C00,Điểm học bạ,2022,18.0,Quản trị khách sạn
23362,DDT,quan-tri-khach-san,D01,Điểm học bạ,2022,18.0,Quản trị khách sạn
23363,DDT,quan-tri-khach-san,A00,Điểm thi THPT,2022,14.0,Quản trị khách sạn
23364,DDT,quan-tri-khach-san,C00,Điểm thi THPT,2022,14.0,Quản trị khách sạn
23365,DDT,quan-tri-khach-san,C15,Điểm thi THPT,2022,14.0,Quản trị khách sạn
23366,DDT,quan-tri-khach-san,D01,Điểm thi THPT,2022,14.0,Quản trị khách sạn
23367,DDT,quan-tri-khach-san,A00,Điểm học bạ,2023,18.0,Quản trị khách sạn
23368,DDT,quan-tri-khach-san,A01,Điểm học bạ,2023,18.0,Quản trị khách sạn
23369,DDT,quan-tri-khach-san,C00,Điểm học bạ,2023,18.0,Quản trị khách sạn
23370,DDT,quan-tri-khach-san,D01,Điểm học bạ,2023,18.0,Quản trị khách sạn
23371,DDT,quan-tri-khach-san,A00,Điểm thi THPT,2023,14.0,Quản trị Khách sạn
23372,DDT,quan-tri-khach-san,C00,Điểm thi THPT,2023,14.0,Quản trị Khách sạn
23373,DDT,quan-tri-khach-san,C15,Điểm thi THPT,2023,14.0,Quản trị Khách sạn
23374,DDT,quan-tri-khach-san,D01,Điểm thi THPT,2023,14.0,Quản trị Khách sạn
23375,DDT,quan-tri-khach-san,A00,Điểm học bạ,2024,18.0,Quản trị khách sạn
23376,DDT,quan-tri-khach-san,A01,Điểm học bạ,2024,18.0,Quản trị khách sạn
23377,DDT,quan-tri-khach-san,C00,Điểm học bạ,2024,18.0,Quản trị khách sạn
23378,DDT,quan-tri-khach-san,D01,Điểm học bạ,2024,18.0,Quản trị khách sạn
23379,DDT,quan-tri-khach-san,A00,Điểm thi THPT,2024,16.0,Quản trị khách sạn
23380,DDT,quan-tri-khach-san,C00,Điểm thi THPT,2024,16.0,Quản trị khách sạn
23381,DDT,quan-tri-khach-san,C15,Điểm thi THPT,2024,16.0,Quản trị khách sạn
23382,DDT,quan-tri-khach-san,D01,Điểm thi THPT,2024,16.0,Quản trị khách sạn
23383,DDT,quan-tri-khach-san,A01,Điểm học bạ,2025,18.0,Ngành Quản trị Khách sạn
23384,DDT,quan-tri-khach-san,C00,Điểm học bạ,2025,18.0,Ngành Quản trị Khách sạn
23385,DDT,quan-tri-khach-san,C03,Điểm học bạ,2025,18.0,Ngành Quản trị Khách sạn
23386,DDT,quan-tri-khach-san,C04,Điểm học bạ,2025,18.0,Ngành Quản trị Khách sạn
23387,DDT,quan-tri-khach-san,D01,Điểm học bạ,2025,18.0,Ngành Quản trị Khách sạn
23388,DDT,quan-tri-khach-san,X01,Điểm học bạ,2025,18.0,Ngành Quản trị Khách sạn
23389,DDT,quan-tri-khach-san,A01,Điểm thi THPT,2025,15.0,Ngành Quản trị Khách sạn
23390,DDT,quan-tri-khach-san,C00,Điểm thi THPT,2025,15.0,Ngành Quản trị Khách sạn
23391,DDT,quan-tri-khach-san,C03,Điểm thi THPT,2025,15.0,Ngành Quản trị Khách sạn
23392,DDT,quan-tri-khach-san,C04,Điểm thi THPT,2025,15.0,Ngành Quản trị Khách sạn
23393,DDT,quan-tri-khach-san,D01,Điểm thi THPT,2025,15.0,Ngành Quản trị Khách sạn
23394,DDT,quan-tri-khach-san,X01,Điểm thi THPT,2025,15.0,Ngành Quản trị Khách sạn
23395,DDT,quan-tri-khach-san-chuong-trinh-du-hoc-tai-cho-lay-bang-my,A01,Điểm học bạ,2025,18.0,Ngành Quản trị Khách sạn - Chương trình du học tại chỗ lấy bằng Mỹ
23396,DDT,quan-tri-khach-san-chuong-trinh-du-hoc-tai-cho-lay-bang-my,C00,Điểm học bạ,2025,18.0,Ngành Quản trị Khách sạn - Chương trình du học tại chỗ lấy bằng Mỹ
23397,DDT,quan-tri-khach-san-chuong-trinh-du-hoc-tai-cho-lay-bang-my,C03,Điểm học bạ,2025,18.0,Ngành Quản trị Khách sạn - Chương trình du học tại chỗ lấy bằng Mỹ
23398,DDT,quan-tri-khach-san-chuong-trinh-du-hoc-tai-cho-lay-bang-my,C04,Điểm học bạ,2025,18.0,Ngành Quản trị Khách sạn - Chương trình du học tại chỗ lấy bằng Mỹ
23399,DDT,quan-tri-khach-san-chuong-trinh-du-hoc-tai-cho-lay-bang-my,D01,Điểm học bạ,2025,18.0,Ngành Quản trị Khách sạn - Chương trình du học tại chỗ lấy bằng Mỹ
23400,DDT,quan-tri-khach-san-chuong-trinh-du-hoc-tai-cho-lay-bang-my,X01,Điểm học bạ,2025,18.0,Ngành Quản trị Khách sạn - Chương trình du học tại chỗ lấy bằng Mỹ
23401,DDT,quan-tri-khach-san-chuong-trinh-du-hoc-tai-cho-lay-bang-my,A01,Điểm thi THPT,2025,15.0,Ngành Quản trị Khách sạn - Chương trình du học tại chỗ lấy bằng Mỹ
23402,DDT,quan-tri-khach-san-chuong-trinh-du-hoc-tai-cho-lay-bang-my,C00,Điểm thi THPT,2025,15.0,Ngành Quản trị Khách sạn - Chương trình du học tại chỗ lấy bằng Mỹ
23403,DDT,quan-tri-khach-san-chuong-trinh-du-hoc-tai-cho-lay-bang-my,C03,Điểm thi THPT,2025,15.0,Ngành Quản trị Khách sạn - Chương trình du học tại chỗ lấy bằng Mỹ
23404,DDT,quan-tri-khach-san-chuong-trinh-du-hoc-tai-cho-lay-bang-my,C04,Điểm thi THPT,2025,15.0,Ngành Quản trị Khách sạn - Chương trình du học tại chỗ lấy bằng Mỹ
23405,DDT,quan-tri-khach-san-chuong-trinh-du-hoc-tai-cho-lay-bang-my,D01,Điểm thi THPT,2025,15.0,Ngành Quản trị Khách sạn - Chương trình du học tại chỗ lấy bằng Mỹ
23406,DDT,quan-tri-khach-san-chuong-trinh-du-hoc-tai-cho-lay-bang-my,X01,Điểm thi THPT,2025,15.0,Ngành Quản trị Khách sạn - Chương trình du học tại chỗ lấy bằng Mỹ
23407,DDT,quan-tri-kinh-doanh,A00,Điểm học bạ,2021,18.0,Quản trị kinh doanh
23408,DDT,quan-tri-kinh-doanh,C01,Điểm học bạ,2021,18.0,Quản trị kinh doanh
23409,DDT,quan-tri-kinh-doanh,C02,Điểm học bạ,2021,18.0,Quản trị kinh doanh
23410,DDT,quan-tri-kinh-doanh,D01,Điểm học bạ,2021,18.0,Quản trị kinh doanh
23411,DDT,quan-tri-kinh-doanh,A00,Điểm thi THPT,2021,14.0,Quản trị kinh doanh
23412,DDT,quan-tri-kinh-doanh,A16,Điểm thi THPT,2021,14.0,Quản trị kinh doanh
23413,DDT,quan-tri-kinh-doanh,C01,Điểm thi THPT,2021,14.0,Quản trị kinh doanh
23414,DDT,quan-tri-kinh-doanh,D01,Điểm thi THPT,2021,14.0,Quản trị kinh doanh
23415,DDT,quan-tri-kinh-doanh,A00,Điểm học bạ,2022,18.0,Quản trị kinh doanh
23416,DDT,quan-tri-kinh-doanh,C01,Điểm học bạ,2022,18.0,Quản trị kinh doanh
23417,DDT,quan-tri-kinh-doanh,C02,Điểm học bạ,2022,18.0,Quản trị kinh doanh
23418,DDT,quan-tri-kinh-doanh,D01,Điểm học bạ,2022,18.0,Quản trị kinh doanh
23419,DDT,quan-tri-kinh-doanh,A00,Điểm thi THPT,2022,14.0,Quản trị kinh doanh
23420,DDT,quan-tri-kinh-doanh,A16,Điểm thi THPT,2022,14.0,Quản trị kinh doanh
23421,DDT,quan-tri-kinh-doanh,C01,Điểm thi THPT,2022,14.0,Quản trị kinh doanh
23422,DDT,quan-tri-kinh-doanh,D01,Điểm thi THPT,2022,14.0,Quản trị kinh doanh
23423,DDT,quan-tri-kinh-doanh,A00,Điểm học bạ,2023,18.0,Quản trị kinh doanh
23424,DDT,quan-tri-kinh-doanh,C01,Điểm học bạ,2023,18.0,Quản trị kinh doanh
23425,DDT,quan-tri-kinh-doanh,C02,Điểm học bạ,2023,18.0,Quản trị kinh doanh
23426,DDT,quan-tri-kinh-doanh,D01,Điểm học bạ,2023,18.0,Quản trị kinh doanh
23427,DDT,quan-tri-kinh-doanh,A00,Điểm thi THPT,2023,14.0,Quản trị Kinh doanh
23428,DDT,quan-tri-kinh-doanh,A16,Điểm thi THPT,2023,14.0,Quản trị Kinh doanh
23429,DDT,quan-tri-kinh-doanh,C01,Điểm thi THPT,2023,14.0,Quản trị Kinh doanh
23430,DDT,quan-tri-kinh-doanh,D01,Điểm thi THPT,2023,14.0,Quản trị Kinh doanh
23431,DDT,quan-tri-kinh-doanh,A00,Điểm học bạ,2024,18.0,Quản trị kinh doanh
23432,DDT,quan-tri-kinh-doanh,C01,Điểm học bạ,2024,18.0,Quản trị kinh doanh
23433,DDT,quan-tri-kinh-doanh,C02,Điểm học bạ,2024,18.0,Quản trị kinh doanh
23434,DDT,quan-tri-kinh-doanh,D01,Điểm học bạ,2024,18.0,Quản trị kinh doanh
23435,DDT,quan-tri-kinh-doanh,A00,Điểm thi THPT,2024,16.0,Quản trị kinh doanh
23436,DDT,quan-tri-kinh-doanh,A16,Điểm thi THPT,2024,16.0,Quản trị kinh doanh
23437,DDT,quan-tri-kinh-doanh,C01,Điểm thi THPT,2024,16.0,Quản trị kinh doanh
23438,DDT,quan-tri-kinh-doanh,D01,Điểm thi THPT,2024,16.0,Quản trị kinh doanh
23439,DDT,quan-tri-kinh-doanh,A00,Điểm học bạ,2025,18.0,Ngành Quản trị Kinh doanh
23440,DDT,quan-tri-kinh-doanh,A01,Điểm học bạ,2025,18.0,Ngành Quản trị Kinh doanh
23441,DDT,quan-tri-kinh-doanh,A07,Điểm học bạ,2025,18.0,Ngành Quản trị Kinh doanh
23442,DDT,quan-tri-kinh-doanh,C01,Điểm học bạ,2025,18.0,Ngành Quản trị Kinh doanh
23443,DDT,quan-tri-kinh-doanh,D01,Điểm học bạ,2025,18.0,Ngành Quản trị Kinh doanh
23444,DDT,quan-tri-kinh-doanh,X01,Điểm học bạ,2025,18.0,Ngành Quản trị Kinh doanh
23445,DDT,quan-tri-kinh-doanh,A00,Điểm thi THPT,2025,15.0,Ngành Quản trị Kinh doanh
23446,DDT,quan-tri-kinh-doanh,A01,Điểm thi THPT,2025,15.0,Ngành Quản trị Kinh doanh
23447,DDT,quan-tri-kinh-doanh,A07,Điểm thi THPT,2025,15.0,Ngành Quản trị Kinh doanh
23448,DDT,quan-tri-kinh-doanh,C01,Điểm thi THPT,2025,15.0,Ngành Quản trị Kinh doanh
23449,DDT,quan-tri-kinh-doanh,D01,Điểm thi THPT,2025,15.0,Ngành Quản trị Kinh doanh
23450,DDT,quan-tri-kinh-doanh,X01,Điểm thi THPT,2025,15.0,Ngành Quản trị Kinh doanh
23451,DDT,quan-tri-kinh-doanh-chuong-trinh-du-hoc-tai-cho-lay-bang-my,A00,Điểm học bạ,2025,18.0,Ngành Quản trị Kinh doanh - Chương trình du học tại chỗ lấy bằng Mỹ
23452,DDT,quan-tri-kinh-doanh-chuong-trinh-du-hoc-tai-cho-lay-bang-my,A01,Điểm học bạ,2025,18.0,Ngành Quản trị Kinh doanh - Chương trình du học tại chỗ lấy bằng Mỹ
23453,DDT,quan-tri-kinh-doanh-chuong-trinh-du-hoc-tai-cho-lay-bang-my,A07,Điểm học bạ,2025,18.0,Ngành Quản trị Kinh doanh - Chương trình du học tại chỗ lấy bằng Mỹ
23454,DDT,quan-tri-kinh-doanh-chuong-trinh-du-hoc-tai-cho-lay-bang-my,C01,Điểm học bạ,2025,18.0,Ngành Quản trị Kinh doanh - Chương trình du học tại chỗ lấy bằng Mỹ
23455,DDT,quan-tri-kinh-doanh-chuong-trinh-du-hoc-tai-cho-lay-bang-my,D01,Điểm học bạ,2025,18.0,Ngành Quản trị Kinh doanh - Chương trình du học tại chỗ lấy bằng Mỹ
23456,DDT,quan-tri-kinh-doanh-chuong-trinh-du-hoc-tai-cho-lay-bang-my,X01,Điểm học bạ,2025,18.0,Ngành Quản trị Kinh doanh - Chương trình du học tại chỗ lấy bằng Mỹ
23457,DDT,quan-tri-kinh-doanh-chuong-trinh-du-hoc-tai-cho-lay-bang-my,A00,Điểm thi THPT,2025,15.0,Ngành Quản trị Kinh doanh - Chương trình du học tại chỗ lấy bằng Mỹ
23458,DDT,quan-tri-kinh-doanh-chuong-trinh-du-hoc-tai-cho-lay-bang-my,A01,Điểm thi THPT,2025,15.0,Ngành Quản trị Kinh doanh - Chương trình du học tại chỗ lấy bằng Mỹ
23459,DDT,quan-tri-kinh-doanh-chuong-trinh-du-hoc-tai-cho-lay-bang-my,A07,Điểm thi THPT,2025,15.0,Ngành Quản trị Kinh doanh - Chương trình du học tại chỗ lấy bằng Mỹ
23460,DDT,quan-tri-kinh-doanh-chuong-trinh-du-hoc-tai-cho-lay-bang-my,C01,Điểm thi THPT,2025,15.0,Ngành Quản trị Kinh doanh - Chương trình du học tại chỗ lấy bằng Mỹ
23461,DDT,quan-tri-kinh-doanh-chuong-trinh-du-hoc-tai-cho-lay-bang-my,D01,Điểm thi THPT,2025,15.0,Ngành Quản trị Kinh doanh - Chương trình du học tại chỗ lấy bằng Mỹ
23462,DDT,quan-tri-kinh-doanh-chuong-trinh-du-hoc-tai-cho-lay-bang-my,X01,Điểm thi THPT,2025,15.0,Ngành Quản trị Kinh doanh - Chương trình du học tại chỗ lấy bằng Mỹ
23463,DDT,quan-tri-kinh-doanh-chuong-trinh-tai-nang,A00,Điểm học bạ,2025,18.0,Ngành Quản trị Kinh doanh - Chương trình tài năng
23464,DDT,quan-tri-kinh-doanh-chuong-trinh-tai-nang,A01,Điểm học bạ,2025,18.0,Ngành Quản trị Kinh doanh - Chương trình tài năng
23465,DDT,quan-tri-kinh-doanh-chuong-trinh-tai-nang,A07,Điểm học bạ,2025,18.0,Ngành Quản trị Kinh doanh - Chương trình tài năng
23466,DDT,quan-tri-kinh-doanh-chuong-trinh-tai-nang,C01,Điểm học bạ,2025,18.0,Ngành Quản trị Kinh doanh - Chương trình tài năng
23467,DDT,quan-tri-kinh-doanh-chuong-trinh-tai-nang,D01,Điểm học bạ,2025,18.0,Ngành Quản trị Kinh doanh - Chương trình tài năng
23468,DDT,quan-tri-kinh-doanh-chuong-trinh-tai-nang,X01,Điểm học bạ,2025,18.0,Ngành Quản trị Kinh doanh - Chương trình tài năng
23469,DDT,quan-tri-kinh-doanh-chuong-trinh-tai-nang,A00,Điểm thi THPT,2025,15.0,Ngành Quản trị Kinh doanh - Chương trình tài năng
23470,DDT,quan-tri-kinh-doanh-chuong-trinh-tai-nang,A01,Điểm thi THPT,2025,15.0,Ngành Quản trị Kinh doanh - Chương trình tài năng
23471,DDT,quan-tri-kinh-doanh-chuong-trinh-tai-nang,A07,Điểm thi THPT,2025,15.0,Ngành Quản trị Kinh doanh - Chương trình tài năng
23472,DDT,quan-tri-kinh-doanh-chuong-trinh-tai-nang,C01,Điểm thi THPT,2025,15.0,Ngành Quản trị Kinh doanh - Chương trình tài năng
23473,DDT,quan-tri-kinh-doanh-chuong-trinh-tai-nang,D01,Điểm thi THPT,2025,15.0,Ngành Quản trị Kinh doanh - Chương trình tài năng
23474,DDT,quan-tri-kinh-doanh-chuong-trinh-tai-nang,X01,Điểm thi THPT,2025,15.0,Ngành Quản trị Kinh doanh - Chương trình tài năng
23475,DDT,quan-tri-nha-hang-dich-vu-an-uong,A01,Điểm học bạ,2025,18.0,Ngành Quản trị Nhà hàng & Dịch vụ Ăn uống
23476,DDT,quan-tri-nha-hang-dich-vu-an-uong,C00,Điểm học bạ,2025,18.0,Ngành Quản trị Nhà hàng & Dịch vụ Ăn uống
23477,DDT,quan-tri-nha-hang-dich-vu-an-uong,C03,Điểm học bạ,2025,18.0,Ngành Quản trị Nhà hàng & Dịch vụ Ăn uống
23478,DDT,quan-tri-nha-hang-dich-vu-an-uong,C04,Điểm học bạ,2025,18.0,Ngành Quản trị Nhà hàng & Dịch vụ Ăn uống
23479,DDT,quan-tri-nha-hang-dich-vu-an-uong,D01,Điểm học bạ,2025,18.0,Ngành Quản trị Nhà hàng & Dịch vụ Ăn uống
23480,DDT,quan-tri-nha-hang-dich-vu-an-uong,X01,Điểm học bạ,2025,18.0,Ngành Quản trị Nhà hàng & Dịch vụ Ăn uống
23481,DDT,quan-tri-nha-hang-dich-vu-an-uong,A01,Điểm thi THPT,2025,15.0,Ngành Quản trị Nhà hàng & Dịch vụ Ăn uống
23482,DDT,quan-tri-nha-hang-dich-vu-an-uong,C00,Điểm thi THPT,2025,15.0,Ngành Quản trị Nhà hàng & Dịch vụ Ăn uống
23483,DDT,quan-tri-nha-hang-dich-vu-an-uong,C03,Điểm thi THPT,2025,15.0,Ngành Quản trị Nhà hàng & Dịch vụ Ăn uống
23484,DDT,quan-tri-nha-hang-dich-vu-an-uong,C04,Điểm thi THPT,2025,15.0,Ngành Quản trị Nhà hàng & Dịch vụ Ăn uống
23485,DDT,quan-tri-nha-hang-dich-vu-an-uong,D01,Điểm thi THPT,2025,15.0,Ngành Quản trị Nhà hàng & Dịch vụ Ăn uống
23486,DDT,quan-tri-nha-hang-dich-vu-an-uong,X01,Điểm thi THPT,2025,15.0,Ngành Quản trị Nhà hàng & Dịch vụ Ăn uống
23487,DDT,quan-tri-nha-hang-va-dich-vu-an-uong,A00,Điểm học bạ,2021,18.0,Quản trị Nhà hàng và Dịch vụ ăn uống
23488,DDT,quan-tri-nha-hang-va-dich-vu-an-uong,A01,Điểm học bạ,2021,18.0,Quản trị Nhà hàng và Dịch vụ ăn uống
23489,DDT,quan-tri-nha-hang-va-dich-vu-an-uong,C00,Điểm học bạ,2021,18.0,Quản trị Nhà hàng và Dịch vụ ăn uống
23490,DDT,quan-tri-nha-hang-va-dich-vu-an-uong,D01,Điểm học bạ,2021,18.0,Quản trị Nhà hàng và Dịch vụ ăn uống
23491,DDT,quan-tri-nha-hang-va-dich-vu-an-uong,A00,Điểm thi THPT,2021,14.0,Quản trị Nhà hàng và Dịch vụ ăn uống
23492,DDT,quan-tri-nha-hang-va-dich-vu-an-uong,C00,Điểm thi THPT,2021,14.0,Quản trị Nhà hàng và Dịch vụ ăn uống
23493,DDT,quan-tri-nha-hang-va-dich-vu-an-uong,C15,Điểm thi THPT,2021,14.0,Quản trị Nhà hàng và Dịch vụ ăn uống
23494,DDT,quan-tri-nha-hang-va-dich-vu-an-uong,D01,Điểm thi THPT,2021,14.0,Quản trị Nhà hàng và Dịch vụ ăn uống
23495,DDT,quan-tri-nha-hang-va-dich-vu-an-uong,A00,Điểm học bạ,2022,18.0,Quản trị nhà hàng và Dịch vụ ăn uống
23496,DDT,quan-tri-nha-hang-va-dich-vu-an-uong,A01,Điểm học bạ,2022,18.0,Quản trị nhà hàng và Dịch vụ ăn uống
23497,DDT,quan-tri-nha-hang-va-dich-vu-an-uong,C00,Điểm học bạ,2022,18.0,Quản trị nhà hàng và Dịch vụ ăn uống
23498,DDT,quan-tri-nha-hang-va-dich-vu-an-uong,D01,Điểm học bạ,2022,18.0,Quản trị nhà hàng và Dịch vụ ăn uống
23499,DDT,quan-tri-nha-hang-va-dich-vu-an-uong,A00,Điểm thi THPT,2022,15.0,Quản trị nhà hàng và Dịch vụ ăn uống
23500,DDT,quan-tri-nha-hang-va-dich-vu-an-uong,C00,Điểm thi THPT,2022,15.0,Quản trị nhà hàng và Dịch vụ ăn uống
23501,DDT,quan-tri-nha-hang-va-dich-vu-an-uong,C15,Điểm thi THPT,2022,15.0,Quản trị nhà hàng và Dịch vụ ăn uống
23502,DDT,quan-tri-nha-hang-va-dich-vu-an-uong,D01,Điểm thi THPT,2022,15.0,Quản trị nhà hàng và Dịch vụ ăn uống
23503,DDT,quan-tri-nha-hang-va-dich-vu-an-uong,A00,Điểm học bạ,2023,18.0,Quản trị nhà hàng và Dịch vụ ăn uống
23504,DDT,quan-tri-nha-hang-va-dich-vu-an-uong,A01,Điểm học bạ,2023,18.0,Quản trị nhà hàng và Dịch vụ ăn uống
23505,DDT,quan-tri-nha-hang-va-dich-vu-an-uong,C00,Điểm học bạ,2023,18.0,Quản trị nhà hàng và Dịch vụ ăn uống
23506,DDT,quan-tri-nha-hang-va-dich-vu-an-uong,D01,Điểm học bạ,2023,18.0,Quản trị nhà hàng và Dịch vụ ăn uống
23507,DDT,quan-tri-nha-hang-va-dich-vu-an-uong,A00,Điểm thi THPT,2023,15.5,Quản trị Nhà hàng và Dịch vụ ăn uống
23508,DDT,quan-tri-nha-hang-va-dich-vu-an-uong,C00,Điểm thi THPT,2023,15.5,Quản trị Nhà hàng và Dịch vụ ăn uống
23509,DDT,quan-tri-nha-hang-va-dich-vu-an-uong,C15,Điểm thi THPT,2023,15.5,Quản trị Nhà hàng và Dịch vụ ăn uống
23510,DDT,quan-tri-nha-hang-va-dich-vu-an-uong,D01,Điểm thi THPT,2023,15.5,Quản trị Nhà hàng và Dịch vụ ăn uống
23511,DDT,quan-tri-nha-hang-va-dich-vu-an-uong,A00,Điểm học bạ,2024,18.0,Quản trị nhà hàng và Dịch vụ ăn uống
23512,DDT,quan-tri-nha-hang-va-dich-vu-an-uong,A01,Điểm học bạ,2024,18.0,Quản trị nhà hàng và Dịch vụ ăn uống
23513,DDT,quan-tri-nha-hang-va-dich-vu-an-uong,C00,Điểm học bạ,2024,18.0,Quản trị nhà hàng và Dịch vụ ăn uống
23514,DDT,quan-tri-nha-hang-va-dich-vu-an-uong,D01,Điểm học bạ,2024,18.0,Quản trị nhà hàng và Dịch vụ ăn uống
23515,DDT,quan-tri-nha-hang-va-dich-vu-an-uong,A00,Điểm thi THPT,2024,16.0,Quản trị nhà hàng và Dịch vụ ăn uống
23516,DDT,quan-tri-nha-hang-va-dich-vu-an-uong,C00,Điểm thi THPT,2024,16.0,Quản trị nhà hàng và Dịch vụ ăn uống
23517,DDT,quan-tri-nha-hang-va-dich-vu-an-uong,C15,Điểm thi THPT,2024,16.0,Quản trị nhà hàng và Dịch vụ ăn uống
23518,DDT,quan-tri-nha-hang-va-dich-vu-an-uong,D01,Điểm thi THPT,2024,16.0,Quản trị nhà hàng và Dịch vụ ăn uống
23519,DDT,quan-tri-nhan-luc,A00,Điểm học bạ,2021,18.0,Quản trị nhân lực
23520,DDT,quan-tri-nhan-luc,C01,Điểm học bạ,2021,18.0,Quản trị nhân lực
23521,DDT,quan-tri-nhan-luc,C02,Điểm học bạ,2021,18.0,Quản trị nhân lực
23522,DDT,quan-tri-nhan-luc,D01,Điểm học bạ,2021,18.0,Quản trị nhân lực
23523,DDT,quan-tri-nhan-luc,A00,Điểm thi THPT,2021,14.0,Quản trị nhân lực
23524,DDT,quan-tri-nhan-luc,A16,Điểm thi THPT,2021,14.0,Quản trị nhân lực
23525,DDT,quan-tri-nhan-luc,C01,Điểm thi THPT,2021,14.0,Quản trị nhân lực
23526,DDT,quan-tri-nhan-luc,D01,Điểm thi THPT,2021,14.0,Quản trị nhân lực
23527,DDT,quan-tri-nhan-luc,A00,Điểm học bạ,2022,18.0,Quản trị nhân lực
23528,DDT,quan-tri-nhan-luc,C01,Điểm học bạ,2022,18.0,Quản trị nhân lực
23529,DDT,quan-tri-nhan-luc,C02,Điểm học bạ,2022,18.0,Quản trị nhân lực
23530,DDT,quan-tri-nhan-luc,D01,Điểm học bạ,2022,18.0,Quản trị nhân lực
23531,DDT,quan-tri-nhan-luc,A00,Điểm thi THPT,2022,14.0,Quản trị nhân lực
23532,DDT,quan-tri-nhan-luc,A16,Điểm thi THPT,2022,14.0,Quản trị nhân lực
23533,DDT,quan-tri-nhan-luc,C01,Điểm thi THPT,2022,14.0,Quản trị nhân lực
23534,DDT,quan-tri-nhan-luc,D01,Điểm thi THPT,2022,14.0,Quản trị nhân lực
23535,DDT,quan-tri-nhan-luc,A00,Điểm học bạ,2023,18.0,Quản trị nhân lực
23536,DDT,quan-tri-nhan-luc,C01,Điểm học bạ,2023,18.0,Quản trị nhân lực
23537,DDT,quan-tri-nhan-luc,C02,Điểm học bạ,2023,18.0,Quản trị nhân lực
23538,DDT,quan-tri-nhan-luc,D01,Điểm học bạ,2023,18.0,Quản trị nhân lực
23539,DDT,quan-tri-nhan-luc,A00,Điểm thi THPT,2023,14.0,Quản trị Nhân lực
23540,DDT,quan-tri-nhan-luc,A16,Điểm thi THPT,2023,14.0,Quản trị Nhân lực
23541,DDT,quan-tri-nhan-luc,C01,Điểm thi THPT,2023,14.0,Quản trị Nhân lực
23542,DDT,quan-tri-nhan-luc,D01,Điểm thi THPT,2023,14.0,Quản trị Nhân lực
23543,DDT,quan-tri-nhan-luc,A00,Điểm học bạ,2024,18.0,Quản trị nhân lực
23544,DDT,quan-tri-nhan-luc,C01,Điểm học bạ,2024,18.0,Quản trị nhân lực
23545,DDT,quan-tri-nhan-luc,C02,Điểm học bạ,2024,18.0,Quản trị nhân lực
23546,DDT,quan-tri-nhan-luc,D01,Điểm học bạ,2024,18.0,Quản trị nhân lực
23547,DDT,quan-tri-nhan-luc,A00,Điểm thi THPT,2024,16.0,Quản trị nhân lực
23548,DDT,quan-tri-nhan-luc,A16,Điểm thi THPT,2024,16.0,Quản trị nhân lực
23549,DDT,quan-tri-nhan-luc,C01,Điểm thi THPT,2024,16.0,Quản trị nhân lực
23550,DDT,quan-tri-nhan-luc,D01,Điểm thi THPT,2024,16.0,Quản trị nhân lực
23551,DDT,quan-tri-nhan-luc,A00,Điểm học bạ,2025,18.0,Ngành Quản trị Nhân lực
23552,DDT,quan-tri-nhan-luc,A01,Điểm học bạ,2025,18.0,Ngành Quản trị Nhân lực
23553,DDT,quan-tri-nhan-luc,A07,Điểm học bạ,2025,18.0,Ngành Quản trị Nhân lực
23554,DDT,quan-tri-nhan-luc,C01,Điểm học bạ,2025,18.0,Ngành Quản trị Nhân lực
23555,DDT,quan-tri-nhan-luc,D01,Điểm học bạ,2025,18.0,Ngành Quản trị Nhân lực
23556,DDT,quan-tri-nhan-luc,X01,Điểm học bạ,2025,18.0,Ngành Quản trị Nhân lực
23557,DDT,quan-tri-nhan-luc,A00,Điểm thi THPT,2025,15.0,Ngành Quản trị Nhân lực
23558,DDT,quan-tri-nhan-luc,A01,Điểm thi THPT,2025,15.0,Ngành Quản trị Nhân lực
23559,DDT,quan-tri-nhan-luc,A07,Điểm thi THPT,2025,15.0,Ngành Quản trị Nhân lực
23560,DDT,quan-tri-nhan-luc,C01,Điểm thi THPT,2025,15.0,Ngành Quản trị Nhân lực
23561,DDT,quan-tri-nhan-luc,D01,Điểm thi THPT,2025,15.0,Ngành Quản trị Nhân lực
23562,DDT,quan-tri-nhan-luc,X01,Điểm thi THPT,2025,15.0,Ngành Quản trị Nhân lực
23563,DDT,quan-tri-su-kien,A00,Điểm học bạ,2022,18.0,Quản trị sự kiện
23564,DDT,quan-tri-su-kien,A01,Điểm học bạ,2022,18.0,Quản trị sự kiện
23565,DDT,quan-tri-su-kien,C00,Điểm học bạ,2022,18.0,Quản trị sự kiện
23566,DDT,quan-tri-su-kien,D01,Điểm học bạ,2022,18.0,Quản trị sự kiện
23567,DDT,quan-tri-su-kien,A00,Điểm thi THPT,2022,14.0,Quản trị sự kiện
23568,DDT,quan-tri-su-kien,C00,Điểm thi THPT,2022,14.0,Quản trị sự kiện
23569,DDT,quan-tri-su-kien,C15,Điểm thi THPT,2022,14.0,Quản trị sự kiện
23570,DDT,quan-tri-su-kien,D01,Điểm thi THPT,2022,14.0,Quản trị sự kiện
23571,DDT,quan-tri-su-kien,A00,Điểm học bạ,2023,18.0,Quản trị sự kiện
23572,DDT,quan-tri-su-kien,A01,Điểm học bạ,2023,18.0,Quản trị sự kiện
23573,DDT,quan-tri-su-kien,C00,Điểm học bạ,2023,18.0,Quản trị sự kiện
23574,DDT,quan-tri-su-kien,D01,Điểm học bạ,2023,18.0,Quản trị sự kiện
23575,DDT,quan-tri-su-kien,A00,Điểm thi THPT,2023,14.5,Quản trị Sự kiện
23576,DDT,quan-tri-su-kien,C00,Điểm thi THPT,2023,14.5,Quản trị Sự kiện
23577,DDT,quan-tri-su-kien,C15,Điểm thi THPT,2023,14.5,Quản trị Sự kiện
23578,DDT,quan-tri-su-kien,D01,Điểm thi THPT,2023,14.5,Quản trị Sự kiện
23579,DDT,quan-tri-su-kien,A00,Điểm học bạ,2024,18.0,Quản trị sự kiện
23580,DDT,quan-tri-su-kien,A01,Điểm học bạ,2024,18.0,Quản trị sự kiện
23581,DDT,quan-tri-su-kien,C00,Điểm học bạ,2024,18.0,Quản trị sự kiện
23582,DDT,quan-tri-su-kien,D01,Điểm học bạ,2024,18.0,Quản trị sự kiện
23583,DDT,quan-tri-su-kien,A00,Điểm thi THPT,2024,16.0,Quản trị sự kiện
23584,DDT,quan-tri-su-kien,C00,Điểm thi THPT,2024,16.0,Quản trị sự kiện
23585,DDT,quan-tri-su-kien,C15,Điểm thi THPT,2024,16.0,Quản trị sự kiện
23586,DDT,quan-tri-su-kien,D01,Điểm thi THPT,2024,16.0,Quản trị sự kiện
23587,DDT,quan-tri-su-kien,A01,Điểm học bạ,2025,18.0,Ngành Quản trị Sự kiện
23588,DDT,quan-tri-su-kien,C00,Điểm học bạ,2025,18.0,Ngành Quản trị Sự kiện
23589,DDT,quan-tri-su-kien,C03,Điểm học bạ,2025,18.0,Ngành Quản trị Sự kiện
23590,DDT,quan-tri-su-kien,C04,Điểm học bạ,2025,18.0,Ngành Quản trị Sự kiện
23591,DDT,quan-tri-su-kien,D01,Điểm học bạ,2025,18.0,Ngành Quản trị Sự kiện
23592,DDT,quan-tri-su-kien,X01,Điểm học bạ,2025,18.0,Ngành Quản trị Sự kiện
23593,DDT,quan-tri-su-kien,A01,Điểm thi THPT,2025,15.0,Ngành Quản trị Sự kiện
23594,DDT,quan-tri-su-kien,C00,Điểm thi THPT,2025,15.0,Ngành Quản trị Sự kiện
23595,DDT,quan-tri-su-kien,C03,Điểm thi THPT,2025,15.0,Ngành Quản trị Sự kiện
23596,DDT,quan-tri-su-kien,C04,Điểm thi THPT,2025,15.0,Ngành Quản trị Sự kiện
23597,DDT,quan-tri-su-kien,D01,Điểm thi THPT,2025,15.0,Ngành Quản trị Sự kiện
23598,DDT,quan-tri-su-kien,X01,Điểm thi THPT,2025,15.0,Ngành Quản trị Sự kiện
23599,DDT,rang-ham-mat,A00,Điểm học bạ,2021,24.0,Răng Hàm Mặt
23600,DDT,rang-ham-mat,A02,Điểm học bạ,2021,24.0,Răng Hàm Mặt
23601,DDT,rang-ham-mat,B00,Điểm học bạ,2021,24.0,Răng Hàm Mặt
23602,DDT,rang-ham-mat,D08,Điểm học bạ,2021,24.0,Răng Hàm Mặt
23603,DDT,rang-ham-mat,A00,Điểm thi THPT,2021,22.0,Răng Hàm Mặt
23604,DDT,rang-ham-mat,A16,Điểm thi THPT,2021,22.0,Răng Hàm Mặt
23605,DDT,rang-ham-mat,B00,Điểm thi THPT,2021,22.0,Răng Hàm Mặt
23606,DDT,rang-ham-mat,D72,Điểm thi THPT,2021,22.0,Răng Hàm Mặt
23607,DDT,rang-ham-mat,A00,Điểm học bạ,2022,24.0,Răng Hàm Mặt
23608,DDT,rang-ham-mat,A02,Điểm học bạ,2022,24.0,Răng Hàm Mặt
23609,DDT,rang-ham-mat,B00,Điểm học bạ,2022,24.0,Răng Hàm Mặt
23610,DDT,rang-ham-mat,D08,Điểm học bạ,2022,24.0,Răng Hàm Mặt
23611,DDT,rang-ham-mat,A00,Điểm thi THPT,2022,22.0,Răng Hàm Mặt
23612,DDT,rang-ham-mat,A16,Điểm thi THPT,2022,22.0,Răng Hàm Mặt
23613,DDT,rang-ham-mat,B00,Điểm thi THPT,2022,22.0,Răng Hàm Mặt
23614,DDT,rang-ham-mat,D90,Điểm thi THPT,2022,22.0,Răng Hàm Mặt
23615,DDT,rang-ham-mat,A00,Điểm thi THPT,2023,22.5,Răng - Hàm - Mặt
23616,DDT,rang-ham-mat,A16,Điểm thi THPT,2023,22.5,Răng - Hàm - Mặt
23617,DDT,rang-ham-mat,B00,Điểm thi THPT,2023,22.5,Răng - Hàm - Mặt
23618,DDT,rang-ham-mat,D90,Điểm thi THPT,2023,22.5,Răng - Hàm - Mặt
23619,DDT,rang-ham-mat,A00,Điểm học bạ,2025,24.0,Ngành Răng-Hàm-Mặt
23620,DDT,rang-ham-mat,A02,Điểm học bạ,2025,24.0,Ngành Răng-Hàm-Mặt
23621,DDT,rang-ham-mat,B00,Điểm học bạ,2025,24.0,Ngành Răng-Hàm-Mặt
23622,DDT,rang-ham-mat,B03,Điểm học bạ,2025,24.0,Ngành Răng-Hàm-Mặt
23623,DDT,rang-ham-mat,D08,Điểm học bạ,2025,24.0,Ngành Răng-Hàm-Mặt
23624,DDT,rang-ham-mat,X14,Điểm học bạ,2025,24.0,Ngành Răng-Hàm-Mặt
23625,DDT,rang-ham-mat,A00,Điểm thi THPT,2025,20.5,Ngành Răng-Hàm-Mặt
23626,DDT,rang-ham-mat,A02,Điểm thi THPT,2025,20.5,Ngành Răng-Hàm-Mặt
23627,DDT,rang-ham-mat,B00,Điểm thi THPT,2025,20.5,Ngành Răng-Hàm-Mặt
23628,DDT,rang-ham-mat,B03,Điểm thi THPT,2025,20.5,Ngành Răng-Hàm-Mặt
23629,DDT,rang-ham-mat,D08,Điểm thi THPT,2025,20.5,Ngành Răng-Hàm-Mặt
23630,DDT,rang-ham-mat,X14,Điểm thi THPT,2025,20.5,Ngành Răng-Hàm-Mặt
23631,DDT,tai-chinh-ngan-hang,A00,Điểm học bạ,2021,18.0,Tài chính - Ngân hàng
23632,DDT,tai-chinh-ngan-hang,C01,Điểm học bạ,2021,18.0,Tài chính - Ngân hàng
23633,DDT,tai-chinh-ngan-hang,C02,Điểm học bạ,2021,18.0,Tài chính - Ngân hàng
23634,DDT,tai-chinh-ngan-hang,D01,Điểm học bạ,2021,18.0,Tài chính - Ngân hàng
23635,DDT,tai-chinh-ngan-hang,A00,Điểm thi THPT,2021,14.0,Tài chính - Ngân hàng
23636,DDT,tai-chinh-ngan-hang,A16,Điểm thi THPT,2021,14.0,Tài chính - Ngân hàng
23637,DDT,tai-chinh-ngan-hang,C01,Điểm thi THPT,2021,14.0,Tài chính - Ngân hàng
23638,DDT,tai-chinh-ngan-hang,D01,Điểm thi THPT,2021,14.0,Tài chính - Ngân hàng
23639,DDT,tai-chinh-ngan-hang,A00,Điểm học bạ,2022,18.0,Tài chính - Ngân hàng
23640,DDT,tai-chinh-ngan-hang,C01,Điểm học bạ,2022,18.0,Tài chính - Ngân hàng
23641,DDT,tai-chinh-ngan-hang,C02,Điểm học bạ,2022,18.0,Tài chính - Ngân hàng
23642,DDT,tai-chinh-ngan-hang,D01,Điểm học bạ,2022,18.0,Tài chính - Ngân hàng
23643,DDT,tai-chinh-ngan-hang,A00,Điểm thi THPT,2022,14.0,Tài chính - Ngân hàng
23644,DDT,tai-chinh-ngan-hang,A16,Điểm thi THPT,2022,14.0,Tài chính - Ngân hàng
23645,DDT,tai-chinh-ngan-hang,C01,Điểm thi THPT,2022,14.0,Tài chính - Ngân hàng
23646,DDT,tai-chinh-ngan-hang,D01,Điểm thi THPT,2022,14.0,Tài chính - Ngân hàng
23647,DDT,tai-chinh-ngan-hang,A00,Điểm học bạ,2023,18.0,Tài chính - Ngân hàng
23648,DDT,tai-chinh-ngan-hang,C01,Điểm học bạ,2023,18.0,Tài chính - Ngân hàng
23649,DDT,tai-chinh-ngan-hang,C02,Điểm học bạ,2023,18.0,Tài chính - Ngân hàng
23650,DDT,tai-chinh-ngan-hang,D01,Điểm học bạ,2023,18.0,Tài chính - Ngân hàng
23651,DDT,tai-chinh-ngan-hang,A00,Điểm thi THPT,2023,14.0,Tài chính - Ngân hàng
23652,DDT,tai-chinh-ngan-hang,A16,Điểm thi THPT,2023,14.0,Tài chính - Ngân hàng
23653,DDT,tai-chinh-ngan-hang,C01,Điểm thi THPT,2023,14.0,Tài chính - Ngân hàng
23654,DDT,tai-chinh-ngan-hang,D01,Điểm thi THPT,2023,14.0,Tài chính - Ngân hàng
23655,DDT,tai-chinh-ngan-hang,A00,Điểm học bạ,2024,18.0,Tài chính - Ngân hàng
23656,DDT,tai-chinh-ngan-hang,C01,Điểm học bạ,2024,18.0,Tài chính - Ngân hàng
23657,DDT,tai-chinh-ngan-hang,C02,Điểm học bạ,2024,18.0,Tài chính - Ngân hàng
23658,DDT,tai-chinh-ngan-hang,D01,Điểm học bạ,2024,18.0,Tài chính - Ngân hàng
23659,DDT,tai-chinh-ngan-hang,A00,Điểm thi THPT,2024,16.0,Tài chính - Ngân hàng
23660,DDT,tai-chinh-ngan-hang,A16,Điểm thi THPT,2024,16.0,Tài chính - Ngân hàng
23661,DDT,tai-chinh-ngan-hang,C01,Điểm thi THPT,2024,16.0,Tài chính - Ngân hàng
23662,DDT,tai-chinh-ngan-hang,D01,Điểm thi THPT,2024,16.0,Tài chính - Ngân hàng
23663,DDT,tai-chinh-ngan-hang-co-cac-chuyen-nganh-tai-chinh-doanh-nghiep-ngan-hang,A00,Điểm học bạ,2025,18.0,"Ngành Tài chính - Ngân hàng có các chuyên ngành: Tài chính Doanh nghiệp, Ngân hàng"
23664,DDT,tai-chinh-ngan-hang-co-cac-chuyen-nganh-tai-chinh-doanh-nghiep-ngan-hang,A01,Điểm học bạ,2025,18.0,"Ngành Tài chính - Ngân hàng có các chuyên ngành: Tài chính Doanh nghiệp, Ngân hàng"
23665,DDT,tai-chinh-ngan-hang-co-cac-chuyen-nganh-tai-chinh-doanh-nghiep-ngan-hang,A07,Điểm học bạ,2025,18.0,"Ngành Tài chính - Ngân hàng có các chuyên ngành: Tài chính Doanh nghiệp, Ngân hàng"
23666,DDT,tai-chinh-ngan-hang-co-cac-chuyen-nganh-tai-chinh-doanh-nghiep-ngan-hang,C01,Điểm học bạ,2025,18.0,"Ngành Tài chính - Ngân hàng có các chuyên ngành: Tài chính Doanh nghiệp, Ngân hàng"
23667,DDT,tai-chinh-ngan-hang-co-cac-chuyen-nganh-tai-chinh-doanh-nghiep-ngan-hang,D01,Điểm học bạ,2025,18.0,"Ngành Tài chính - Ngân hàng có các chuyên ngành: Tài chính Doanh nghiệp, Ngân hàng"
23668,DDT,tai-chinh-ngan-hang-co-cac-chuyen-nganh-tai-chinh-doanh-nghiep-ngan-hang,X01,Điểm học bạ,2025,18.0,"Ngành Tài chính - Ngân hàng có các chuyên ngành: Tài chính Doanh nghiệp, Ngân hàng"
23669,DDT,tai-chinh-ngan-hang-co-cac-chuyen-nganh-tai-chinh-doanh-nghiep-ngan-hang,A00,Điểm thi THPT,2025,15.0,"Ngành Tài chính - Ngân hàng có các chuyên ngành: Tài chính Doanh nghiệp, Ngân hàng"
23670,DDT,tai-chinh-ngan-hang-co-cac-chuyen-nganh-tai-chinh-doanh-nghiep-ngan-hang,A01,Điểm thi THPT,2025,15.0,"Ngành Tài chính - Ngân hàng có các chuyên ngành: Tài chính Doanh nghiệp, Ngân hàng"
23671,DDT,tai-chinh-ngan-hang-co-cac-chuyen-nganh-tai-chinh-doanh-nghiep-ngan-hang,A07,Điểm thi THPT,2025,15.0,"Ngành Tài chính - Ngân hàng có các chuyên ngành: Tài chính Doanh nghiệp, Ngân hàng"
23672,DDT,tai-chinh-ngan-hang-co-cac-chuyen-nganh-tai-chinh-doanh-nghiep-ngan-hang,C01,Điểm thi THPT,2025,15.0,"Ngành Tài chính - Ngân hàng có các chuyên ngành: Tài chính Doanh nghiệp, Ngân hàng"
23673,DDT,tai-chinh-ngan-hang-co-cac-chuyen-nganh-tai-chinh-doanh-nghiep-ngan-hang,D01,Điểm thi THPT,2025,15.0,"Ngành Tài chính - Ngân hàng có các chuyên ngành: Tài chính Doanh nghiệp, Ngân hàng"
23674,DDT,tai-chinh-ngan-hang-co-cac-chuyen-nganh-tai-chinh-doanh-nghiep-ngan-hang,X01,Điểm thi THPT,2025,15.0,"Ngành Tài chính - Ngân hàng có các chuyên ngành: Tài chính Doanh nghiệp, Ngân hàng"
23675,DDT,tai-chinh-ngan-hanh-chuong-trinh-tai-nang,A00,Điểm học bạ,2025,18.0,Ngành Tài chính-Ngân hành - Chương trình tài năng
23676,DDT,tai-chinh-ngan-hanh-chuong-trinh-tai-nang,A01,Điểm học bạ,2025,18.0,Ngành Tài chính-Ngân hành - Chương trình tài năng
23677,DDT,tai-chinh-ngan-hanh-chuong-trinh-tai-nang,A07,Điểm học bạ,2025,18.0,Ngành Tài chính-Ngân hành - Chương trình tài năng
23678,DDT,tai-chinh-ngan-hanh-chuong-trinh-tai-nang,C01,Điểm học bạ,2025,18.0,Ngành Tài chính-Ngân hành - Chương trình tài năng
23679,DDT,tai-chinh-ngan-hanh-chuong-trinh-tai-nang,D01,Điểm học bạ,2025,18.0,Ngành Tài chính-Ngân hành - Chương trình tài năng
23680,DDT,tai-chinh-ngan-hanh-chuong-trinh-tai-nang,X01,Điểm học bạ,2025,18.0,Ngành Tài chính-Ngân hành - Chương trình tài năng
23681,DDT,tai-chinh-ngan-hanh-chuong-trinh-tai-nang,A00,Điểm thi THPT,2025,15.0,Ngành Tài chính-Ngân hành - Chương trình tài năng
23682,DDT,tai-chinh-ngan-hanh-chuong-trinh-tai-nang,A01,Điểm thi THPT,2025,15.0,Ngành Tài chính-Ngân hành - Chương trình tài năng
23683,DDT,tai-chinh-ngan-hanh-chuong-trinh-tai-nang,A07,Điểm thi THPT,2025,15.0,Ngành Tài chính-Ngân hành - Chương trình tài năng
23684,DDT,tai-chinh-ngan-hanh-chuong-trinh-tai-nang,C01,Điểm thi THPT,2025,15.0,Ngành Tài chính-Ngân hành - Chương trình tài năng
23685,DDT,tai-chinh-ngan-hanh-chuong-trinh-tai-nang,D01,Điểm thi THPT,2025,15.0,Ngành Tài chính-Ngân hành - Chương trình tài năng
23686,DDT,tai-chinh-ngan-hanh-chuong-trinh-tai-nang,X01,Điểm thi THPT,2025,15.0,Ngành Tài chính-Ngân hành - Chương trình tài năng
23687,DDT,thiet-ke-do-hoa,A00,Điểm học bạ,2021,18.0,Thiết kế đồ họa
23688,DDT,thiet-ke-do-hoa,C02,Điểm học bạ,2021,18.0,Thiết kế đồ họa
23689,DDT,thiet-ke-do-hoa,D01,Điểm học bạ,2021,18.0,Thiết kế đồ họa
23690,DDT,thiet-ke-do-hoa,V01,Điểm học bạ,2021,18.0,Thiết kế đồ họa
23691,DDT,thiet-ke-do-hoa,A00,Điểm thi THPT,2021,14.0,Thiết kế đồ họa
23692,DDT,thiet-ke-do-hoa,A16,Điểm thi THPT,2021,14.0,Thiết kế đồ họa
23693,DDT,thiet-ke-do-hoa,D01,Điểm thi THPT,2021,14.0,Thiết kế đồ họa
23694,DDT,thiet-ke-do-hoa,V01,Điểm thi THPT,2021,14.0,Thiết kế đồ họa
23695,DDT,thiet-ke-do-hoa,A00,Điểm học bạ,2022,18.0,Thiết kế đồ họa
23696,DDT,thiet-ke-do-hoa,C02,Điểm học bạ,2022,18.0,Thiết kế đồ họa
23697,DDT,thiet-ke-do-hoa,D01,Điểm học bạ,2022,18.0,Thiết kế đồ họa
23698,DDT,thiet-ke-do-hoa,V01,Điểm học bạ,2022,18.0,Thiết kế đồ họa
23699,DDT,thiet-ke-do-hoa,A00,Điểm thi THPT,2022,14.0,Thiết kế đồ họa
23700,DDT,thiet-ke-do-hoa,A16,Điểm thi THPT,2022,14.0,Thiết kế đồ họa
23701,DDT,thiet-ke-do-hoa,D01,Điểm thi THPT,2022,14.0,Thiết kế đồ họa
23702,DDT,thiet-ke-do-hoa,V01,Điểm thi THPT,2022,14.0,Thiết kế đồ họa
23703,DDT,thiet-ke-do-hoa,A01,Điểm học bạ,2023,18.0,Thiết kế đồ họa
23704,DDT,thiet-ke-do-hoa,C02,Điểm học bạ,2023,18.0,Thiết kế đồ họa
23705,DDT,thiet-ke-do-hoa,D01,Điểm học bạ,2023,18.0,Thiết kế đồ họa
23706,DDT,thiet-ke-do-hoa,V01,Điểm học bạ,2023,18.0,Thiết kế đồ họa
23707,DDT,thiet-ke-do-hoa,A00,Điểm thi THPT,2023,14.0,Thiết kế Đồ họa
23708,DDT,thiet-ke-do-hoa,A16,Điểm thi THPT,2023,14.0,Thiết kế Đồ họa
23709,DDT,thiet-ke-do-hoa,D01,Điểm thi THPT,2023,14.0,Thiết kế Đồ họa
23710,DDT,thiet-ke-do-hoa,V01,Điểm thi THPT,2023,14.0,Thiết kế Đồ họa
23711,DDT,thiet-ke-do-hoa,A01,Điểm học bạ,2024,18.0,Thiết kế đồ họa
23712,DDT,thiet-ke-do-hoa,C02,Điểm học bạ,2024,18.0,Thiết kế đồ họa
23713,DDT,thiet-ke-do-hoa,D01,Điểm học bạ,2024,18.0,Thiết kế đồ họa
23714,DDT,thiet-ke-do-hoa,V01,Điểm học bạ,2024,18.0,Thiết kế đồ họa
23715,DDT,thiet-ke-do-hoa,A00,Điểm thi THPT,2024,16.0,Thiết kế đồ họa
23716,DDT,thiet-ke-do-hoa,A16,Điểm thi THPT,2024,16.0,Thiết kế đồ họa
23717,DDT,thiet-ke-do-hoa,D01,Điểm thi THPT,2024,16.0,Thiết kế đồ họa
23718,DDT,thiet-ke-do-hoa,V01,Điểm thi THPT,2024,16.0,Thiết kế đồ họa
23719,DDT,thiet-ke-do-hoa,A00,Điểm học bạ,2025,18.0,Ngành Thiết kế Đồ họa
23720,DDT,thiet-ke-do-hoa,A01,Điểm học bạ,2025,18.0,Ngành Thiết kế Đồ họa
23721,DDT,thiet-ke-do-hoa,C01,Điểm học bạ,2025,18.0,Ngành Thiết kế Đồ họa
23722,DDT,thiet-ke-do-hoa,C02,Điểm học bạ,2025,18.0,Ngành Thiết kế Đồ họa
23723,DDT,thiet-ke-do-hoa,D01,Điểm học bạ,2025,18.0,Ngành Thiết kế Đồ họa
23724,DDT,thiet-ke-do-hoa,V01,Điểm học bạ,2025,18.0,Ngành Thiết kế Đồ họa
23725,DDT,thiet-ke-do-hoa,A00,Điểm thi THPT,2025,15.0,Ngành Thiết kế Đồ họa
23726,DDT,thiet-ke-do-hoa,A01,Điểm thi THPT,2025,15.0,Ngành Thiết kế Đồ họa
23727,DDT,thiet-ke-do-hoa,C01,Điểm thi THPT,2025,15.0,Ngành Thiết kế Đồ họa
23728,DDT,thiet-ke-do-hoa,C02,Điểm thi THPT,2025,15.0,Ngành Thiết kế Đồ họa
23729,DDT,thiet-ke-do-hoa,D01,Điểm thi THPT,2025,15.0,Ngành Thiết kế Đồ họa
23730,DDT,thiet-ke-do-hoa,V01,Điểm thi THPT,2025,15.0,Ngành Thiết kế Đồ họa
23731,DDT,thiet-ke-do-hoa-chuong-trinh-viet-nhat,A00,Điểm học bạ,2025,18.0,Ngành Thiết kế đồ họa - Chương trình Việt - Nhật
23732,DDT,thiet-ke-do-hoa-chuong-trinh-viet-nhat,A01,Điểm học bạ,2025,18.0,Ngành Thiết kế đồ họa - Chương trình Việt - Nhật
23733,DDT,thiet-ke-do-hoa-chuong-trinh-viet-nhat,C01,Điểm học bạ,2025,18.0,Ngành Thiết kế đồ họa - Chương trình Việt - Nhật
23734,DDT,thiet-ke-do-hoa-chuong-trinh-viet-nhat,C02,Điểm học bạ,2025,18.0,Ngành Thiết kế đồ họa - Chương trình Việt - Nhật
23735,DDT,thiet-ke-do-hoa-chuong-trinh-viet-nhat,D01,Điểm học bạ,2025,18.0,Ngành Thiết kế đồ họa - Chương trình Việt - Nhật
23736,DDT,thiet-ke-do-hoa-chuong-trinh-viet-nhat,V01,Điểm học bạ,2025,18.0,Ngành Thiết kế đồ họa - Chương trình Việt - Nhật
23737,DDT,thiet-ke-do-hoa-chuong-trinh-viet-nhat,A00,Điểm thi THPT,2025,15.0,Ngành Thiết kế đồ họa - Chương trình Việt - Nhật
23738,DDT,thiet-ke-do-hoa-chuong-trinh-viet-nhat,A01,Điểm thi THPT,2025,15.0,Ngành Thiết kế đồ họa - Chương trình Việt - Nhật
23739,DDT,thiet-ke-do-hoa-chuong-trinh-viet-nhat,C01,Điểm thi THPT,2025,15.0,Ngành Thiết kế đồ họa - Chương trình Việt - Nhật
23740,DDT,thiet-ke-do-hoa-chuong-trinh-viet-nhat,C02,Điểm thi THPT,2025,15.0,Ngành Thiết kế đồ họa - Chương trình Việt - Nhật
23741,DDT,thiet-ke-do-hoa-chuong-trinh-viet-nhat,D01,Điểm thi THPT,2025,15.0,Ngành Thiết kế đồ họa - Chương trình Việt - Nhật
23742,DDT,thiet-ke-do-hoa-chuong-trinh-viet-nhat,V01,Điểm thi THPT,2025,15.0,Ngành Thiết kế đồ họa - Chương trình Việt - Nhật
23743,DDT,thiet-ke-thoi-trang,A00,Điểm học bạ,2021,18.0,Thiết kế thời trang
23744,DDT,thiet-ke-thoi-trang,C02,Điểm học bạ,2021,18.0,Thiết kế thời trang
23745,DDT,thiet-ke-thoi-trang,D01,Điểm học bạ,2021,18.0,Thiết kế thời trang
23746,DDT,thiet-ke-thoi-trang,V01,Điểm học bạ,2021,18.0,Thiết kế thời trang
23747,DDT,thiet-ke-thoi-trang,A00,Điểm thi THPT,2021,14.0,Thiết kế thời trang
23748,DDT,thiet-ke-thoi-trang,A16,Điểm thi THPT,2021,14.0,Thiết kế thời trang
23749,DDT,thiet-ke-thoi-trang,D01,Điểm thi THPT,2021,14.0,Thiết kế thời trang
23750,DDT,thiet-ke-thoi-trang,V01,Điểm thi THPT,2021,14.0,Thiết kế thời trang
23751,DDT,thiet-ke-thoi-trang,A00,Điểm học bạ,2022,18.0,Thiết kế thời trang
23752,DDT,thiet-ke-thoi-trang,C02,Điểm học bạ,2022,18.0,Thiết kế thời trang
23753,DDT,thiet-ke-thoi-trang,D01,Điểm học bạ,2022,18.0,Thiết kế thời trang
23754,DDT,thiet-ke-thoi-trang,V01,Điểm học bạ,2022,18.0,Thiết kế thời trang
23755,DDT,thiet-ke-thoi-trang,A00,Điểm thi THPT,2022,14.0,Thiết kế thời trang
23756,DDT,thiet-ke-thoi-trang,A16,Điểm thi THPT,2022,14.0,Thiết kế thời trang
23757,DDT,thiet-ke-thoi-trang,D01,Điểm thi THPT,2022,14.0,Thiết kế thời trang
23758,DDT,thiet-ke-thoi-trang,V01,Điểm thi THPT,2022,14.0,Thiết kế thời trang
23759,DDT,thiet-ke-thoi-trang,A00,Điểm học bạ,2023,18.0,Thiết kế thời trang
23760,DDT,thiet-ke-thoi-trang,C02,Điểm học bạ,2023,18.0,Thiết kế thời trang
23761,DDT,thiet-ke-thoi-trang,D01,Điểm học bạ,2023,18.0,Thiết kế thời trang
23762,DDT,thiet-ke-thoi-trang,V01,Điểm học bạ,2023,18.0,Thiết kế thời trang
23763,DDT,thiet-ke-thoi-trang,A00,Điểm thi THPT,2023,14.0,Thiết kế Thời trang
23764,DDT,thiet-ke-thoi-trang,A16,Điểm thi THPT,2023,14.0,Thiết kế Thời trang
23765,DDT,thiet-ke-thoi-trang,D01,Điểm thi THPT,2023,14.0,Thiết kế Thời trang
23766,DDT,thiet-ke-thoi-trang,V01,Điểm thi THPT,2023,14.0,Thiết kế Thời trang
23767,DDT,thiet-ke-thoi-trang,A00,Điểm học bạ,2024,18.0,Thiết kế thời trang
23768,DDT,thiet-ke-thoi-trang,C02,Điểm học bạ,2024,18.0,Thiết kế thời trang
23769,DDT,thiet-ke-thoi-trang,D01,Điểm học bạ,2024,18.0,Thiết kế thời trang
23770,DDT,thiet-ke-thoi-trang,V01,Điểm học bạ,2024,18.0,Thiết kế thời trang
23771,DDT,thiet-ke-thoi-trang,A00,Điểm thi THPT,2024,16.0,Thiết kế thời trang
23772,DDT,thiet-ke-thoi-trang,A16,Điểm thi THPT,2024,16.0,Thiết kế thời trang
23773,DDT,thiet-ke-thoi-trang,D01,Điểm thi THPT,2024,16.0,Thiết kế thời trang
23774,DDT,thiet-ke-thoi-trang,V01,Điểm thi THPT,2024,16.0,Thiết kế thời trang
23775,DDT,thiet-ke-thoi-trang,A00,Điểm học bạ,2025,18.0,Ngành Thiết kế Thời trang
23776,DDT,thiet-ke-thoi-trang,A01,Điểm học bạ,2025,18.0,Ngành Thiết kế Thời trang
23777,DDT,thiet-ke-thoi-trang,C01,Điểm học bạ,2025,18.0,Ngành Thiết kế Thời trang
23778,DDT,thiet-ke-thoi-trang,C02,Điểm học bạ,2025,18.0,Ngành Thiết kế Thời trang
23779,DDT,thiet-ke-thoi-trang,D01,Điểm học bạ,2025,18.0,Ngành Thiết kế Thời trang
23780,DDT,thiet-ke-thoi-trang,V01,Điểm học bạ,2025,18.0,Ngành Thiết kế Thời trang
23781,DDT,thiet-ke-thoi-trang,A00,Điểm thi THPT,2025,15.0,Ngành Thiết kế Thời trang
23782,DDT,thiet-ke-thoi-trang,A01,Điểm thi THPT,2025,15.0,Ngành Thiết kế Thời trang
23783,DDT,thiet-ke-thoi-trang,C01,Điểm thi THPT,2025,15.0,Ngành Thiết kế Thời trang
23784,DDT,thiet-ke-thoi-trang,C02,Điểm thi THPT,2025,15.0,Ngành Thiết kế Thời trang
23785,DDT,thiet-ke-thoi-trang,D01,Điểm thi THPT,2025,15.0,Ngành Thiết kế Thời trang
23786,DDT,thiet-ke-thoi-trang,V01,Điểm thi THPT,2025,15.0,Ngành Thiết kế Thời trang
23787,DDT,thuong-mai-dien-tu,A00,Điểm học bạ,2024,18.0,Thương mại điện tử
23788,DDT,thuong-mai-dien-tu,C01,Điểm học bạ,2024,18.0,Thương mại điện tử
23789,DDT,thuong-mai-dien-tu,C02,Điểm học bạ,2024,18.0,Thương mại điện tử
23790,DDT,thuong-mai-dien-tu,D01,Điểm học bạ,2024,18.0,Thương mại điện tử
23791,DDT,thuong-mai-dien-tu,A00,Điểm thi THPT,2024,16.0,Thương mại điện tử
23792,DDT,thuong-mai-dien-tu,A16,Điểm thi THPT,2024,16.0,Thương mại điện tử
23793,DDT,thuong-mai-dien-tu,C01,Điểm thi THPT,2024,16.0,Thương mại điện tử
23794,DDT,thuong-mai-dien-tu,D01,Điểm thi THPT,2024,16.0,Thương mại điện tử
23795,DDT,thuong-mai-dien-tu,A00,Điểm học bạ,2025,18.0,Ngành Thương mại Điện tử
23796,DDT,thuong-mai-dien-tu,A01,Điểm học bạ,2025,18.0,Ngành Thương mại Điện tử
23797,DDT,thuong-mai-dien-tu,A07,Điểm học bạ,2025,18.0,Ngành Thương mại Điện tử
23798,DDT,thuong-mai-dien-tu,C01,Điểm học bạ,2025,18.0,Ngành Thương mại Điện tử
23799,DDT,thuong-mai-dien-tu,D01,Điểm học bạ,2025,18.0,Ngành Thương mại Điện tử
23800,DDT,thuong-mai-dien-tu,X01,Điểm học bạ,2025,18.0,Ngành Thương mại Điện tử
23801,DDT,thuong-mai-dien-tu,A00,Điểm thi THPT,2025,15.0,Ngành Thương mại Điện tử
23802,DDT,thuong-mai-dien-tu,A01,Điểm thi THPT,2025,15.0,Ngành Thương mại Điện tử
23803,DDT,thuong-mai-dien-tu,A07,Điểm thi THPT,2025,15.0,Ngành Thương mại Điện tử
23804,DDT,thuong-mai-dien-tu,C01,Điểm thi THPT,2025,15.0,Ngành Thương mại Điện tử
23805,DDT,thuong-mai-dien-tu,D01,Điểm thi THPT,2025,15.0,Ngành Thương mại Điện tử
23806,DDT,thuong-mai-dien-tu,X01,Điểm thi THPT,2025,15.0,Ngành Thương mại Điện tử
23807,DDT,tri-tue-nhan-tao,A00,Điểm học bạ,2024,18.0,Trí tuệ Nhân tạo
23808,DDT,tri-tue-nhan-tao,C01,Điểm học bạ,2024,18.0,Trí tuệ Nhân tạo
23809,DDT,tri-tue-nhan-tao,C02,Điểm học bạ,2024,18.0,Trí tuệ Nhân tạo
23810,DDT,tri-tue-nhan-tao,D01,Điểm học bạ,2024,18.0,Trí tuệ Nhân tạo
23811,DDT,tri-tue-nhan-tao,A00,Điểm thi THPT,2024,16.0,Trí tuệ Nhân tạo
23812,DDT,tri-tue-nhan-tao,A01,Điểm thi THPT,2024,16.0,Trí tuệ Nhân tạo
23813,DDT,tri-tue-nhan-tao,A16,Điểm thi THPT,2024,16.0,Trí tuệ Nhân tạo
23814,DDT,tri-tue-nhan-tao,D01,Điểm thi THPT,2024,16.0,Trí tuệ Nhân tạo
23815,DDT,tri-tue-nhan-tao,A00,Điểm học bạ,2025,18.0,Ngành Trí tuệ Nhân tạo
23816,DDT,tri-tue-nhan-tao,A01,Điểm học bạ,2025,18.0,Ngành Trí tuệ Nhân tạo
23817,DDT,tri-tue-nhan-tao,C01,Điểm học bạ,2025,18.0,Ngành Trí tuệ Nhân tạo
23818,DDT,tri-tue-nhan-tao,C02,Điểm học bạ,2025,18.0,Ngành Trí tuệ Nhân tạo
23819,DDT,tri-tue-nhan-tao,D01,Điểm học bạ,2025,18.0,Ngành Trí tuệ Nhân tạo
23820,DDT,tri-tue-nhan-tao,X26,Điểm học bạ,2025,18.0,Ngành Trí tuệ Nhân tạo
23821,DDT,tri-tue-nhan-tao,A00,Điểm thi THPT,2025,15.0,Ngành Trí tuệ Nhân tạo
23822,DDT,tri-tue-nhan-tao,A01,Điểm thi THPT,2025,15.0,Ngành Trí tuệ Nhân tạo
23823,DDT,tri-tue-nhan-tao,C01,Điểm thi THPT,2025,15.0,Ngành Trí tuệ Nhân tạo
23824,DDT,tri-tue-nhan-tao,C02,Điểm thi THPT,2025,15.0,Ngành Trí tuệ Nhân tạo
23825,DDT,tri-tue-nhan-tao,D01,Điểm thi THPT,2025,15.0,Ngành Trí tuệ Nhân tạo
23826,DDT,tri-tue-nhan-tao,X26,Điểm thi THPT,2025,15.0,Ngành Trí tuệ Nhân tạo
23827,DDT,truyen-thong-da-phuong-tien,A00,Điểm học bạ,2021,18.0,Truyền thông đa phương tiện
23828,DDT,truyen-thong-da-phuong-tien,A01,Điểm học bạ,2021,18.0,Truyền thông đa phương tiện
23829,DDT,truyen-thong-da-phuong-tien,C00,Điểm học bạ,2021,18.0,Truyền thông đa phương tiện
23830,DDT,truyen-thong-da-phuong-tien,D01,Điểm học bạ,2021,18.0,Truyền thông đa phương tiện
23831,DDT,truyen-thong-da-phuong-tien,A00,Điểm thi THPT,2021,14.0,Truyền thông đa phương tiện
23832,DDT,truyen-thong-da-phuong-tien,C00,Điểm thi THPT,2021,14.0,Truyền thông đa phương tiện
23833,DDT,truyen-thong-da-phuong-tien,C15,Điểm thi THPT,2021,14.0,Truyền thông đa phương tiện
23834,DDT,truyen-thong-da-phuong-tien,D01,Điểm thi THPT,2021,14.0,Truyền thông đa phương tiện
23835,DDT,truyen-thong-da-phuong-tien,A00,Điểm học bạ,2022,18.0,Truyền thông đa phương tiện
23836,DDT,truyen-thong-da-phuong-tien,A01,Điểm học bạ,2022,18.0,Truyền thông đa phương tiện
23837,DDT,truyen-thong-da-phuong-tien,C00,Điểm học bạ,2022,18.0,Truyền thông đa phương tiện
23838,DDT,truyen-thong-da-phuong-tien,D01,Điểm học bạ,2022,18.0,Truyền thông đa phương tiện
23839,DDT,truyen-thong-da-phuong-tien,A00,Điểm thi THPT,2022,14.0,Truyền thông đa phương tiện
23840,DDT,truyen-thong-da-phuong-tien,C00,Điểm thi THPT,2022,14.0,Truyền thông đa phương tiện
23841,DDT,truyen-thong-da-phuong-tien,C15,Điểm thi THPT,2022,14.0,Truyền thông đa phương tiện
23842,DDT,truyen-thong-da-phuong-tien,D01,Điểm thi THPT,2022,14.0,Truyền thông đa phương tiện
23843,DDT,truyen-thong-da-phuong-tien,A00,Điểm học bạ,2023,18.0,Truyền thông đa phương tiện
23844,DDT,truyen-thong-da-phuong-tien,A01,Điểm học bạ,2023,18.0,Truyền thông đa phương tiện
23845,DDT,truyen-thong-da-phuong-tien,C00,Điểm học bạ,2023,18.0,Truyền thông đa phương tiện
23846,DDT,truyen-thong-da-phuong-tien,D01,Điểm học bạ,2023,18.0,Truyền thông đa phương tiện
23847,DDT,truyen-thong-da-phuong-tien,A00,Điểm thi THPT,2023,14.0,Truyền thông Đa phương tiện
23848,DDT,truyen-thong-da-phuong-tien,C00,Điểm thi THPT,2023,14.0,Truyền thông Đa phương tiện
23849,DDT,truyen-thong-da-phuong-tien,C15,Điểm thi THPT,2023,14.0,Truyền thông Đa phương tiện
23850,DDT,truyen-thong-da-phuong-tien,D01,Điểm thi THPT,2023,14.0,Truyền thông Đa phương tiện
23851,DDT,truyen-thong-da-phuong-tien,A00,Điểm học bạ,2024,18.0,Truyền thông đa phương tiện
23852,DDT,truyen-thong-da-phuong-tien,A01,Điểm học bạ,2024,18.0,Truyền thông đa phương tiện
23853,DDT,truyen-thong-da-phuong-tien,C00,Điểm học bạ,2024,18.0,Truyền thông đa phương tiện
23854,DDT,truyen-thong-da-phuong-tien,D01,Điểm học bạ,2024,18.0,Truyền thông đa phương tiện
23855,DDT,truyen-thong-da-phuong-tien,A00,Điểm thi THPT,2024,16.0,Truyền thông đa phương tiện
23856,DDT,truyen-thong-da-phuong-tien,C00,Điểm thi THPT,2024,16.0,Truyền thông đa phương tiện
23857,DDT,truyen-thong-da-phuong-tien,C15,Điểm thi THPT,2024,16.0,Truyền thông đa phương tiện
23858,DDT,truyen-thong-da-phuong-tien,D01,Điểm thi THPT,2024,16.0,Truyền thông đa phương tiện
23859,DDT,truyen-thong-da-phuong-tien,C00,Điểm học bạ,2025,18.0,Ngành Truyền thông Đa phương tiện
23860,DDT,truyen-thong-da-phuong-tien,C03,Điểm học bạ,2025,18.0,Ngành Truyền thông Đa phương tiện
23861,DDT,truyen-thong-da-phuong-tien,C04,Điểm học bạ,2025,18.0,Ngành Truyền thông Đa phương tiện
23862,DDT,truyen-thong-da-phuong-tien,D01,Điểm học bạ,2025,18.0,Ngành Truyền thông Đa phương tiện
23863,DDT,truyen-thong-da-phuong-tien,D14,Điểm học bạ,2025,18.0,Ngành Truyền thông Đa phương tiện
23864,DDT,truyen-thong-da-phuong-tien,D15,Điểm học bạ,2025,18.0,Ngành Truyền thông Đa phương tiện
23865,DDT,truyen-thong-da-phuong-tien,C00,Điểm thi THPT,2025,15.0,Ngành Truyền thông Đa phương tiện
23866,DDT,truyen-thong-da-phuong-tien,C03,Điểm thi THPT,2025,15.0,Ngành Truyền thông Đa phương tiện
23867,DDT,truyen-thong-da-phuong-tien,C04,Điểm thi THPT,2025,15.0,Ngành Truyền thông Đa phương tiện
23868,DDT,truyen-thong-da-phuong-tien,D01,Điểm thi THPT,2025,15.0,Ngành Truyền thông Đa phương tiện
23869,DDT,truyen-thong-da-phuong-tien,D14,Điểm thi THPT,2025,15.0,Ngành Truyền thông Đa phương tiện
23870,DDT,truyen-thong-da-phuong-tien,D15,Điểm thi THPT,2025,15.0,Ngành Truyền thông Đa phương tiện
23871,DDT,van-hoc,C00,Điểm học bạ,2021,18.0,Văn học
23872,DDT,van-hoc,C03,Điểm học bạ,2021,18.0,Văn học
23873,DDT,van-hoc,C04,Điểm học bạ,2021,18.0,Văn học
23874,DDT,van-hoc,D01,Điểm học bạ,2021,18.0,Văn học
23875,DDT,van-hoc,C00,Điểm thi THPT,2021,14.0,Văn học
23876,DDT,van-hoc,C04,Điểm thi THPT,2021,14.0,Văn học
23877,DDT,van-hoc,C15,Điểm thi THPT,2021,14.0,Văn học
23878,DDT,van-hoc,D01,Điểm thi THPT,2021,14.0,Văn học
23879,DDT,van-hoc,C00,Điểm học bạ,2022,18.0,Văn học
23880,DDT,van-hoc,C03,Điểm học bạ,2022,18.0,Văn học
23881,DDT,van-hoc,C04,Điểm học bạ,2022,18.0,Văn học
23882,DDT,van-hoc,D01,Điểm học bạ,2022,18.0,Văn học
23883,DDT,van-hoc,C00,Điểm thi THPT,2022,15.0,Văn học
23884,DDT,van-hoc,C04,Điểm thi THPT,2022,15.0,Văn học
23885,DDT,van-hoc,C15,Điểm thi THPT,2022,15.0,Văn học
23886,DDT,van-hoc,D01,Điểm thi THPT,2022,15.0,Văn học
23887,DDT,van-hoc,C00,Điểm học bạ,2023,18.0,Văn học
23888,DDT,van-hoc,C03,Điểm học bạ,2023,18.0,Văn học
23889,DDT,van-hoc,C04,Điểm học bạ,2023,18.0,Văn học
23890,DDT,van-hoc,D01,Điểm học bạ,2023,18.0,Văn học
23891,DDT,van-hoc,C00,Điểm thi THPT,2023,14.5,Văn học
23892,DDT,van-hoc,C04,Điểm thi THPT,2023,14.5,Văn học
23893,DDT,van-hoc,C15,Điểm thi THPT,2023,14.5,Văn học
23894,DDT,van-hoc,D01,Điểm thi THPT,2023,14.5,Văn học
23895,DDT,van-hoc,C00,Điểm học bạ,2024,18.0,Văn học
23896,DDT,van-hoc,C03,Điểm học bạ,2024,18.0,Văn học
23897,DDT,van-hoc,C04,Điểm học bạ,2024,18.0,Văn học
23898,DDT,van-hoc,D01,Điểm học bạ,2024,18.0,Văn học
23899,DDT,van-hoc,C00,Điểm thi THPT,2024,16.0,Văn học
23900,DDT,van-hoc,C04,Điểm thi THPT,2024,16.0,Văn học
23901,DDT,van-hoc,C15,Điểm thi THPT,2024,16.0,Văn học
23902,DDT,van-hoc,D01,Điểm thi THPT,2024,16.0,Văn học
23903,DDT,van-hoc,C00,Điểm học bạ,2025,18.0,Ngành Văn học
23904,DDT,van-hoc,C03,Điểm học bạ,2025,18.0,Ngành Văn học
23905,DDT,van-hoc,C04,Điểm học bạ,2025,18.0,Ngành Văn học
23906,DDT,van-hoc,D01,Điểm học bạ,2025,18.0,Ngành Văn học
23907,DDT,van-hoc,D14,Điểm học bạ,2025,18.0,Ngành Văn học
23908,DDT,van-hoc,D15,Điểm học bạ,2025,18.0,Ngành Văn học
23909,DDT,van-hoc,C00,Điểm thi THPT,2025,15.0,Ngành Văn học
23910,DDT,van-hoc,C03,Điểm thi THPT,2025,15.0,Ngành Văn học
23911,DDT,van-hoc,C04,Điểm thi THPT,2025,15.0,Ngành Văn học
23912,DDT,van-hoc,D01,Điểm thi THPT,2025,15.0,Ngành Văn học
23913,DDT,van-hoc,D14,Điểm thi THPT,2025,15.0,Ngành Văn học
23914,DDT,van-hoc,D15,Điểm thi THPT,2025,15.0,Ngành Văn học
23915,DDT,viet-nam-hoc,A01,Điểm học bạ,2021,18.0,Việt Nam học
23916,DDT,viet-nam-hoc,C00,Điểm học bạ,2021,18.0,Việt Nam học
23917,DDT,viet-nam-hoc,C01,Điểm học bạ,2021,18.0,Việt Nam học
23918,DDT,viet-nam-hoc,D01,Điểm học bạ,2021,18.0,Việt Nam học
23919,DDT,viet-nam-hoc,A01,Điểm thi THPT,2021,14.0,Việt Nam học
23920,DDT,viet-nam-hoc,C00,Điểm thi THPT,2021,14.0,Việt Nam học
23921,DDT,viet-nam-hoc,C15,Điểm thi THPT,2021,14.0,Việt Nam học
23922,DDT,viet-nam-hoc,D01,Điểm thi THPT,2021,14.0,Việt Nam học
23923,DDT,viet-nam-hoc,A01,Điểm học bạ,2022,18.0,Việt Nam học
23924,DDT,viet-nam-hoc,C00,Điểm học bạ,2022,18.0,Việt Nam học
23925,DDT,viet-nam-hoc,C01,Điểm học bạ,2022,18.0,Việt Nam học
23926,DDT,viet-nam-hoc,D01,Điểm học bạ,2022,18.0,Việt Nam học
23927,DDT,viet-nam-hoc,A01,Điểm thi THPT,2022,17.0,Việt Nam học
23928,DDT,viet-nam-hoc,C00,Điểm thi THPT,2022,17.0,Việt Nam học
23929,DDT,viet-nam-hoc,C15,Điểm thi THPT,2022,17.0,Việt Nam học
23930,DDT,viet-nam-hoc,D01,Điểm thi THPT,2022,17.0,Việt Nam học
23931,DDT,viet-nam-hoc,A01,Điểm học bạ,2023,18.0,Việt Nam học
23932,DDT,viet-nam-hoc,C00,Điểm học bạ,2023,18.0,Việt Nam học
23933,DDT,viet-nam-hoc,C01,Điểm học bạ,2023,18.0,Việt Nam học
23934,DDT,viet-nam-hoc,D01,Điểm học bạ,2023,18.0,Việt Nam học
23935,DDT,viet-nam-hoc,A01,Điểm thi THPT,2023,17.0,Việt Nam học
23936,DDT,viet-nam-hoc,C00,Điểm thi THPT,2023,17.0,Việt Nam học
23937,DDT,viet-nam-hoc,C15,Điểm thi THPT,2023,17.0,Việt Nam học
23938,DDT,viet-nam-hoc,D01,Điểm thi THPT,2023,17.0,Việt Nam học
23939,DDT,viet-nam-hoc,A01,Điểm học bạ,2024,18.0,Việt Nam học
23940,DDT,viet-nam-hoc,C00,Điểm học bạ,2024,18.0,Việt Nam học
23941,DDT,viet-nam-hoc,C01,Điểm học bạ,2024,18.0,Việt Nam học
23942,DDT,viet-nam-hoc,D01,Điểm học bạ,2024,18.0,Việt Nam học
23943,DDT,viet-nam-hoc,A01,Điểm thi THPT,2024,16.0,Việt Nam học
23944,DDT,viet-nam-hoc,C00,Điểm thi THPT,2024,16.0,Việt Nam học
23945,DDT,viet-nam-hoc,C15,Điểm thi THPT,2024,16.0,Việt Nam học
23946,DDT,viet-nam-hoc,D01,Điểm thi THPT,2024,16.0,Việt Nam học
23947,DDT,viet-nam-hoc,C00,Điểm học bạ,2025,18.0,Ngành Việt Nam học
23948,DDT,viet-nam-hoc,C03,Điểm học bạ,2025,18.0,Ngành Việt Nam học
23949,DDT,viet-nam-hoc,C04,Điểm học bạ,2025,18.0,Ngành Việt Nam học
23950,DDT,viet-nam-hoc,D01,Điểm học bạ,2025,18.0,Ngành Việt Nam học
23951,DDT,viet-nam-hoc,D14,Điểm học bạ,2025,18.0,Ngành Việt Nam học
23952,DDT,viet-nam-hoc,D15,Điểm học bạ,2025,18.0,Ngành Việt Nam học
23953,DDT,viet-nam-hoc,C00,Điểm thi THPT,2025,15.0,Ngành Việt Nam học
23954,DDT,viet-nam-hoc,C03,Điểm thi THPT,2025,15.0,Ngành Việt Nam học
23955,DDT,viet-nam-hoc,C04,Điểm thi THPT,2025,15.0,Ngành Việt Nam học
23956,DDT,viet-nam-hoc,D01,Điểm thi THPT,2025,15.0,Ngành Việt Nam học
23957,DDT,viet-nam-hoc,D14,Điểm thi THPT,2025,15.0,Ngành Việt Nam học
23958,DDT,viet-nam-hoc,D15,Điểm thi THPT,2025,15.0,Ngành Việt Nam học
23959,DDT,y-khoa,A16,Điểm thi THPT,2021,22.0,Y khoa
23960,DDT,y-khoa,B00,Điểm thi THPT,2021,22.0,Y khoa
23961,DDT,y-khoa,D08,Điểm thi THPT,2021,22.0,Y khoa
23962,DDT,y-khoa,D90,Điểm thi THPT,2021,22.0,Y khoa
23963,DDT,y-khoa,A00,Điểm học bạ,2022,24.0,Y khoa
23964,DDT,y-khoa,A02,Điểm học bạ,2022,24.0,Y khoa
23965,DDT,y-khoa,B00,Điểm học bạ,2022,24.0,Y khoa
23966,DDT,y-khoa,D08,Điểm học bạ,2022,24.0,Y khoa
23967,DDT,y-khoa,A16,Điểm thi THPT,2022,22.0,Y khoa
23968,DDT,y-khoa,B00,Điểm thi THPT,2022,22.0,Y khoa
23969,DDT,y-khoa,D08,Điểm thi THPT,2022,22.0,Y khoa
23970,DDT,y-khoa,D90,Điểm thi THPT,2022,22.0,Y khoa
23971,DDT,y-khoa,A00,Điểm học bạ,2023,24.0,Y khoa
23972,DDT,y-khoa,A02,Điểm học bạ,2023,24.0,Y khoa
23973,DDT,y-khoa,B00,Điểm học bạ,2023,24.0,Y khoa
23974,DDT,y-khoa,D08,Điểm học bạ,2023,24.0,Y khoa
23975,DDT,y-khoa,A16,Điểm thi THPT,2023,22.5,Y khoa
23976,DDT,y-khoa,B00,Điểm thi THPT,2023,22.5,Y khoa
23977,DDT,y-khoa,D08,Điểm thi THPT,2023,22.5,Y khoa
23978,DDT,y-khoa,D90,Điểm thi THPT,2023,22.5,Y khoa
23979,DDT,y-khoa,A00,Điểm học bạ,2024,24.0,Y khoa
23980,DDT,y-khoa,A02,Điểm học bạ,2024,24.0,Y khoa
23981,DDT,y-khoa,B00,Điểm học bạ,2024,24.0,Y khoa
23982,DDT,y-khoa,D08,Điểm học bạ,2024,24.0,Y khoa
23983,DDT,y-khoa,A16,Điểm thi THPT,2024,22.5,Y khoa
23984,DDT,y-khoa,B00,Điểm thi THPT,2024,22.5,Y khoa
23985,DDT,y-khoa,D08,Điểm thi THPT,2024,22.5,Y khoa
23986,DDT,y-khoa,D90,Điểm thi THPT,2024,22.5,Y khoa
23987,DDT,y-khoa,A00,Điểm học bạ,2025,24.0,Ngành Y Khoa
23988,DDT,y-khoa,A02,Điểm học bạ,2025,24.0,Ngành Y Khoa
23989,DDT,y-khoa,B00,Điểm học bạ,2025,24.0,Ngành Y Khoa
23990,DDT,y-khoa,B03,Điểm học bạ,2025,24.0,Ngành Y Khoa
23991,DDT,y-khoa,D08,Điểm học bạ,2025,24.0,Ngành Y Khoa
23992,DDT,y-khoa,X14,Điểm học bạ,2025,24.0,Ngành Y Khoa
23993,DDT,y-khoa,A00,Điểm thi THPT,2025,20.5,Ngành Y Khoa
23994,DDT,y-khoa,A02,Điểm thi THPT,2025,20.5,Ngành Y Khoa
23995,DDT,y-khoa,B00,Điểm thi THPT,2025,20.5,Ngành Y Khoa
23996,DDT,y-khoa,B03,Điểm thi THPT,2025,20.5,Ngành Y Khoa
23997,DDT,y-khoa,D08,Điểm thi THPT,2025,20.5,Ngành Y Khoa
23998,DDT,y-khoa,X14,Điểm thi THPT,2025,20.5,Ngành Y Khoa
23999,DDU,cong-nghe-ky-thuat-moi-truong,A00,Điểm thi THPT,2022,15.0,Công nghệ kỹ thuật môi trường
24000,DDU,cong-nghe-ky-thuat-moi-truong,A01,Điểm thi THPT,2022,15.0,Công nghệ kỹ thuật môi trường
24001,DDU,cong-nghe-ky-thuat-moi-truong,D01,Điểm thi THPT,2022,15.0,Công nghệ kỹ thuật môi trường
24002,DDU,cong-nghe-ky-thuat-moi-truong,D07,Điểm thi THPT,2022,15.0,Công nghệ kỹ thuật môi trường
24003,DDU,cong-nghe-ky-thuat-moi-truong,A00,Điểm học bạ,2023,16.5,Công nghệ kỹ thuật môi trường
24004,DDU,cong-nghe-ky-thuat-moi-truong,A01,Điểm học bạ,2023,16.5,Công nghệ kỹ thuật môi trường
24005,DDU,cong-nghe-ky-thuat-moi-truong,B00,Điểm học bạ,2023,16.5,Công nghệ kỹ thuật môi trường
24006,DDU,cong-nghe-ky-thuat-moi-truong,D07,Điểm học bạ,2023,16.5,Công nghệ kỹ thuật môi trường
24007,DDU,cong-nghe-ky-thuat-moi-truong,A00,Điểm thi THPT,2023,15.0,Công nghệ kỹ thuật môi trường
24008,DDU,cong-nghe-ky-thuat-moi-truong,A01,Điểm thi THPT,2023,15.0,Công nghệ kỹ thuật môi trường
24009,DDU,cong-nghe-ky-thuat-moi-truong,B00,Điểm thi THPT,2023,15.0,Công nghệ kỹ thuật môi trường
24010,DDU,cong-nghe-ky-thuat-moi-truong,D07,Điểm thi THPT,2023,15.0,Công nghệ kỹ thuật môi trường
24011,DDU,cong-nghe-ky-thuat-moi-truong,A00,Điểm học bạ,2024,16.5,Công nghệ kỹ thuật môi trường
24012,DDU,cong-nghe-ky-thuat-moi-truong,A01,Điểm học bạ,2024,16.5,Công nghệ kỹ thuật môi trường
24013,DDU,cong-nghe-ky-thuat-moi-truong,B00,Điểm học bạ,2024,16.5,Công nghệ kỹ thuật môi trường
24014,DDU,cong-nghe-ky-thuat-moi-truong,D07,Điểm học bạ,2024,16.5,Công nghệ kỹ thuật môi trường
24015,DDU,cong-nghe-ky-thuat-moi-truong,A00,Điểm thi THPT,2024,15.0,Công nghệ kỹ thuật môi trường
24016,DDU,cong-nghe-ky-thuat-moi-truong,A01,Điểm thi THPT,2024,15.0,Công nghệ kỹ thuật môi trường
24017,DDU,cong-nghe-ky-thuat-moi-truong,B00,Điểm thi THPT,2024,15.0,Công nghệ kỹ thuật môi trường
24018,DDU,cong-nghe-ky-thuat-moi-truong,D07,Điểm thi THPT,2024,15.0,Công nghệ kỹ thuật môi trường
24019,DDU,cong-nghe-ky-thuat-o-to,A00,Điểm thi THPT,2022,15.0,Công nghệ kỹ thuật ô tô
24020,DDU,cong-nghe-ky-thuat-o-to,A01,Điểm thi THPT,2022,15.0,Công nghệ kỹ thuật ô tô
24021,DDU,cong-nghe-ky-thuat-o-to,B00,Điểm thi THPT,2022,15.0,Công nghệ kỹ thuật ô tô
24022,DDU,cong-nghe-ky-thuat-o-to,D07,Điểm thi THPT,2022,15.0,Công nghệ kỹ thuật ô tô
24023,DDU,cong-nghe-ky-thuat-o-to,A00,Điểm học bạ,2023,16.5,Công nghệ kỹ thuật ô tô
24024,DDU,cong-nghe-ky-thuat-o-to,A01,Điểm học bạ,2023,16.5,Công nghệ kỹ thuật ô tô
24025,DDU,cong-nghe-ky-thuat-o-to,B00,Điểm học bạ,2023,16.5,Công nghệ kỹ thuật ô tô
24026,DDU,cong-nghe-ky-thuat-o-to,D07,Điểm học bạ,2023,16.5,Công nghệ kỹ thuật ô tô
24027,DDU,cong-nghe-ky-thuat-o-to,A00,Điểm thi THPT,2023,15.0,Công nghệ kỹ thuật ô tô
24028,DDU,cong-nghe-ky-thuat-o-to,A01,Điểm thi THPT,2023,15.0,Công nghệ kỹ thuật ô tô
24029,DDU,cong-nghe-ky-thuat-o-to,B00,Điểm thi THPT,2023,15.0,Công nghệ kỹ thuật ô tô
24030,DDU,cong-nghe-ky-thuat-o-to,D07,Điểm thi THPT,2023,15.0,Công nghệ kỹ thuật ô tô
24031,DDU,cong-nghe-ky-thuat-o-to,A00,Điểm học bạ,2024,16.5,Công nghệ kỹ thuật ô tô
24032,DDU,cong-nghe-ky-thuat-o-to,A01,Điểm học bạ,2024,16.5,Công nghệ kỹ thuật ô tô
24033,DDU,cong-nghe-ky-thuat-o-to,B00,Điểm học bạ,2024,16.5,Công nghệ kỹ thuật ô tô
24034,DDU,cong-nghe-ky-thuat-o-to,D07,Điểm học bạ,2024,16.5,Công nghệ kỹ thuật ô tô
24035,DDU,cong-nghe-ky-thuat-o-to,A00,Điểm thi THPT,2024,15.0,Công nghệ kỹ thuật ô tô
24036,DDU,cong-nghe-ky-thuat-o-to,A01,Điểm thi THPT,2024,15.0,Công nghệ kỹ thuật ô tô
24037,DDU,cong-nghe-ky-thuat-o-to,B00,Điểm thi THPT,2024,15.0,Công nghệ kỹ thuật ô tô
24038,DDU,cong-nghe-ky-thuat-o-to,D07,Điểm thi THPT,2024,15.0,Công nghệ kỹ thuật ô tô
24039,DDU,cong-nghe-ky-thuat-o-to,A00,Điểm học bạ,2025,16.5,Công nghệ kỹ thuật ô tô
24040,DDU,cong-nghe-ky-thuat-o-to,A01,Điểm học bạ,2025,16.5,Công nghệ kỹ thuật ô tô
24041,DDU,cong-nghe-ky-thuat-o-to,D01,Điểm học bạ,2025,16.5,Công nghệ kỹ thuật ô tô
24042,DDU,cong-nghe-ky-thuat-o-to,X03,Điểm học bạ,2025,16.5,Công nghệ kỹ thuật ô tô
24043,DDU,cong-nghe-ky-thuat-o-to,X07,Điểm học bạ,2025,16.5,Công nghệ kỹ thuật ô tô
24044,DDU,cong-nghe-ky-thuat-o-to,X27,Điểm học bạ,2025,16.5,Công nghệ kỹ thuật ô tô
24045,DDU,cong-nghe-ky-thuat-o-to,A00,Điểm thi THPT,2025,14.0,Công nghệ kỹ thuật ô tô
24046,DDU,cong-nghe-ky-thuat-o-to,A01,Điểm thi THPT,2025,14.0,Công nghệ kỹ thuật ô tô
24047,DDU,cong-nghe-ky-thuat-o-to,D01,Điểm thi THPT,2025,14.0,Công nghệ kỹ thuật ô tô
24048,DDU,cong-nghe-ky-thuat-o-to,X03,Điểm thi THPT,2025,14.0,Công nghệ kỹ thuật ô tô
24049,DDU,cong-nghe-ky-thuat-o-to,X07,Điểm thi THPT,2025,14.0,Công nghệ kỹ thuật ô tô
24050,DDU,cong-nghe-ky-thuat-o-to,X27,Điểm thi THPT,2025,14.0,Công nghệ kỹ thuật ô tô
24051,DDU,cong-nghe-thong-tin,A00,Điểm thi THPT,2022,15.0,Công nghệ thông tin
24052,DDU,cong-nghe-thong-tin,A01,Điểm thi THPT,2022,15.0,Công nghệ thông tin
24053,DDU,cong-nghe-thong-tin,A02,Điểm thi THPT,2022,15.0,Công nghệ thông tin
24054,DDU,cong-nghe-thong-tin,D01,Điểm thi THPT,2022,15.0,Công nghệ thông tin
24055,DDU,cong-nghe-thong-tin,A00,Điểm học bạ,2023,16.5,Công nghệ thông tin
24056,DDU,cong-nghe-thong-tin,A01,Điểm học bạ,2023,16.5,Công nghệ thông tin
24057,DDU,cong-nghe-thong-tin,A02,Điểm học bạ,2023,16.5,Công nghệ thông tin
24058,DDU,cong-nghe-thong-tin,D01,Điểm học bạ,2023,16.5,Công nghệ thông tin
24059,DDU,cong-nghe-thong-tin,A00,Điểm thi THPT,2023,15.0,Công nghệ thông tin
24060,DDU,cong-nghe-thong-tin,A01,Điểm thi THPT,2023,15.0,Công nghệ thông tin
24061,DDU,cong-nghe-thong-tin,A02,Điểm thi THPT,2023,15.0,Công nghệ thông tin
24062,DDU,cong-nghe-thong-tin,D01,Điểm thi THPT,2023,15.0,Công nghệ thông tin
24063,DDU,cong-nghe-thong-tin,A00,Điểm học bạ,2024,16.5,Công nghệ thông tin
24064,DDU,cong-nghe-thong-tin,A01,Điểm học bạ,2024,16.5,Công nghệ thông tin
24065,DDU,cong-nghe-thong-tin,A02,Điểm học bạ,2024,16.5,Công nghệ thông tin
24066,DDU,cong-nghe-thong-tin,D01,Điểm học bạ,2024,16.5,Công nghệ thông tin
24067,DDU,cong-nghe-thong-tin,A00,Điểm thi THPT,2024,15.0,Công nghệ thông tin
24068,DDU,cong-nghe-thong-tin,A01,Điểm thi THPT,2024,15.0,Công nghệ thông tin
24069,DDU,cong-nghe-thong-tin,A02,Điểm thi THPT,2024,15.0,Công nghệ thông tin
24070,DDU,cong-nghe-thong-tin,D01,Điểm thi THPT,2024,15.0,Công nghệ thông tin
24071,DDU,cong-nghe-thong-tin,A00,Điểm học bạ,2025,16.5,Công nghệ thông tin
24072,DDU,cong-nghe-thong-tin,A01,Điểm học bạ,2025,16.5,Công nghệ thông tin
24073,DDU,cong-nghe-thong-tin,D01,Điểm học bạ,2025,16.5,Công nghệ thông tin
24074,DDU,cong-nghe-thong-tin,X02,Điểm học bạ,2025,16.5,Công nghệ thông tin
24075,DDU,cong-nghe-thong-tin,X06,Điểm học bạ,2025,16.5,Công nghệ thông tin
24076,DDU,cong-nghe-thong-tin,X26,Điểm học bạ,2025,16.5,Công nghệ thông tin
24077,DDU,cong-nghe-thong-tin,A00,Điểm thi THPT,2025,14.0,Công nghệ thông tin
24078,DDU,cong-nghe-thong-tin,A01,Điểm thi THPT,2025,14.0,Công nghệ thông tin
24079,DDU,cong-nghe-thong-tin,D01,Điểm thi THPT,2025,14.0,Công nghệ thông tin
24080,DDU,cong-nghe-thong-tin,X02,Điểm thi THPT,2025,14.0,Công nghệ thông tin
24081,DDU,cong-nghe-thong-tin,X06,Điểm thi THPT,2025,14.0,Công nghệ thông tin
24082,DDU,cong-nghe-thong-tin,X26,Điểm thi THPT,2025,14.0,Công nghệ thông tin
24083,DDU,dieu-duong,A00,Điểm học bạ,2023,19.5,Điều Dưỡng
24084,DDU,dieu-duong,A01,Điểm học bạ,2023,19.5,Điều Dưỡng
24085,DDU,dieu-duong,B00,Điểm học bạ,2023,19.5,Điều Dưỡng
24086,DDU,dieu-duong,B08,Điểm học bạ,2023,19.5,Điều Dưỡng
24087,DDU,dieu-duong,A00,Điểm thi THPT,2023,19.0,Điều Dưỡng
24088,DDU,dieu-duong,A01,Điểm thi THPT,2023,19.0,Điều Dưỡng
24089,DDU,dieu-duong,B00,Điểm thi THPT,2023,19.0,Điều Dưỡng
24090,DDU,dieu-duong,B08,Điểm thi THPT,2023,19.0,Điều Dưỡng
24091,DDU,dieu-duong,A00,Điểm học bạ,2024,19.5,Điều dưỡng
24092,DDU,dieu-duong,A01,Điểm học bạ,2024,19.5,Điều dưỡng
24093,DDU,dieu-duong,B00,Điểm học bạ,2024,19.5,Điều dưỡng
24094,DDU,dieu-duong,B08,Điểm học bạ,2024,19.5,Điều dưỡng
24095,DDU,dieu-duong,A00,Điểm thi THPT,2024,19.0,Điều dưỡng
24096,DDU,dieu-duong,A01,Điểm thi THPT,2024,19.0,Điều dưỡng
24097,DDU,dieu-duong,B00,Điểm thi THPT,2024,19.0,Điều dưỡng
24098,DDU,dieu-duong,B08,Điểm thi THPT,2024,19.0,Điều dưỡng
24099,DDU,dieu-duong,A00,Điểm học bạ,2025,19.5,Điều dưỡng
24100,DDU,dieu-duong,A01,Điểm học bạ,2025,19.5,Điều dưỡng
24101,DDU,dieu-duong,B00,Điểm học bạ,2025,19.5,Điều dưỡng
24102,DDU,dieu-duong,B08,Điểm học bạ,2025,19.5,Điều dưỡng
24103,DDU,dieu-duong,D07,Điểm học bạ,2025,19.5,Điều dưỡng
24104,DDU,dieu-duong,X13,Điểm học bạ,2025,19.5,Điều dưỡng
24105,DDU,dieu-duong,A00,Điểm thi THPT,2025,17.0,Điều dưỡng
24106,DDU,dieu-duong,A01,Điểm thi THPT,2025,17.0,Điều dưỡng
24107,DDU,dieu-duong,B00,Điểm thi THPT,2025,17.0,Điều dưỡng
24108,DDU,dieu-duong,B08,Điểm thi THPT,2025,17.0,Điều dưỡng
24109,DDU,dieu-duong,D07,Điểm thi THPT,2025,17.0,Điều dưỡng
24110,DDU,dieu-duong,X13,Điểm thi THPT,2025,17.0,Điều dưỡng
24111,DDU,duoc-hoc,A00,Điểm học bạ,2021,24.0,Dược học
24112,DDU,duoc-hoc,A02,Điểm học bạ,2021,24.0,Dược học
24113,DDU,duoc-hoc,B00,Điểm học bạ,2021,24.0,Dược học
24114,DDU,duoc-hoc,D07,Điểm học bạ,2021,24.0,Dược học
24115,DDU,duoc-hoc,A00,Điểm thi THPT,2021,21.0,Dược học
24116,DDU,duoc-hoc,A02,Điểm thi THPT,2021,21.0,Dược học
24117,DDU,duoc-hoc,B00,Điểm thi THPT,2021,21.0,Dược học
24118,DDU,duoc-hoc,D07,Điểm thi THPT,2021,21.0,Dược học
24119,DDU,duoc-hoc,A00,Điểm thi THPT,2022,21.0,Dược học
24120,DDU,duoc-hoc,A02,Điểm thi THPT,2022,21.0,Dược học
24121,DDU,duoc-hoc,B00,Điểm thi THPT,2022,21.0,Dược học
24122,DDU,duoc-hoc,D07,Điểm thi THPT,2022,21.0,Dược học
24123,DDU,duoc-hoc,A00,Điểm học bạ,2024,24.0,Dược học
24124,DDU,duoc-hoc,A02,Điểm học bạ,2024,24.0,Dược học
24125,DDU,duoc-hoc,B00,Điểm học bạ,2024,24.0,Dược học
24126,DDU,duoc-hoc,D07,Điểm học bạ,2024,24.0,Dược học
24127,DDU,duoc-hoc,A00,Điểm thi THPT,2024,21.0,Dược học
24128,DDU,duoc-hoc,A02,Điểm thi THPT,2024,21.0,Dược học
24129,DDU,duoc-hoc,B00,Điểm thi THPT,2024,21.0,Dược học
24130,DDU,duoc-hoc,D07,Điểm thi THPT,2024,21.0,Dược học
24131,DDU,duoc-hoc,A00,Điểm học bạ,2025,24.0,Dược học
24132,DDU,duoc-hoc,A02,Điểm học bạ,2025,24.0,Dược học
24133,DDU,duoc-hoc,B00,Điểm học bạ,2025,24.0,Dược học
24134,DDU,duoc-hoc,B08,Điểm học bạ,2025,24.0,Dược học
24135,DDU,duoc-hoc,D07,Điểm học bạ,2025,24.0,Dược học
24136,DDU,duoc-hoc,X13,Điểm học bạ,2025,24.0,Dược học
24137,DDU,duoc-hoc,A00,Điểm thi THPT,2025,19.0,Dược học
24138,DDU,duoc-hoc,A02,Điểm thi THPT,2025,19.0,Dược học
24139,DDU,duoc-hoc,B00,Điểm thi THPT,2025,19.0,Dược học
24140,DDU,duoc-hoc,B08,Điểm thi THPT,2025,19.0,Dược học
24141,DDU,duoc-hoc,D07,Điểm thi THPT,2025,19.0,Dược học
24142,DDU,duoc-hoc,X13,Điểm thi THPT,2025,19.0,Dược học
24143,DDU,ke-toan,A00,Điểm thi THPT,2022,15.0,Kế toán
24144,DDU,ke-toan,A01,Điểm thi THPT,2022,15.0,Kế toán
24145,DDU,ke-toan,B00,Điểm thi THPT,2022,15.0,Kế toán
24146,DDU,ke-toan,D01,Điểm thi THPT,2022,15.0,Kế toán
24147,DDU,ke-toan,A00,Điểm học bạ,2023,16.5,Kế toán
24148,DDU,ke-toan,A01,Điểm học bạ,2023,16.5,Kế toán
24149,DDU,ke-toan,B00,Điểm học bạ,2023,16.5,Kế toán
24150,DDU,ke-toan,D01,Điểm học bạ,2023,16.5,Kế toán
24151,DDU,ke-toan,A00,Điểm thi THPT,2023,15.0,Kế toán
24152,DDU,ke-toan,A01,Điểm thi THPT,2023,15.0,Kế toán
24153,DDU,ke-toan,B00,Điểm thi THPT,2023,15.0,Kế toán
24154,DDU,ke-toan,D01,Điểm thi THPT,2023,15.0,Kế toán
24155,DDU,ke-toan,A00,Điểm học bạ,2024,16.5,Kế toán
24156,DDU,ke-toan,A01,Điểm học bạ,2024,16.5,Kế toán
24157,DDU,ke-toan,B00,Điểm học bạ,2024,16.5,Kế toán
24158,DDU,ke-toan,D01,Điểm học bạ,2024,16.5,Kế toán
24159,DDU,ke-toan,A00,Điểm thi THPT,2024,15.0,Kế toán
24160,DDU,ke-toan,A01,Điểm thi THPT,2024,15.0,Kế toán
24161,DDU,ke-toan,B00,Điểm thi THPT,2024,15.0,Kế toán
24162,DDU,ke-toan,D01,Điểm thi THPT,2024,15.0,Kế toán
24163,DDU,ke-toan,A00,Điểm học bạ,2025,16.5,Kế toán
24164,DDU,ke-toan,A01,Điểm học bạ,2025,16.5,Kế toán
24165,DDU,ke-toan,C00,Điểm học bạ,2025,16.5,Kế toán
24166,DDU,ke-toan,D01,Điểm học bạ,2025,16.5,Kế toán
24167,DDU,ke-toan,X01,Điểm học bạ,2025,16.5,Kế toán
24168,DDU,ke-toan,X21,Điểm học bạ,2025,16.5,Kế toán
24169,DDU,ke-toan,A00,Điểm thi THPT,2025,14.0,Kế toán
24170,DDU,ke-toan,A01,Điểm thi THPT,2025,14.0,Kế toán
24171,DDU,ke-toan,C00,Điểm thi THPT,2025,14.0,Kế toán
24172,DDU,ke-toan,D01,Điểm thi THPT,2025,14.0,Kế toán
24173,DDU,ke-toan,X01,Điểm thi THPT,2025,14.0,Kế toán
24174,DDU,ke-toan,X21,Điểm thi THPT,2025,14.0,Kế toán
24175,DDU,kien-truc,A00,Điểm thi THPT,2022,15.0,Kiến trúc
24176,DDU,kien-truc,H00,Điểm học bạ,2023,16.5,Kiến trúc
24177,DDU,kien-truc,V00,Điểm học bạ,2023,16.5,Kiến trúc
24178,DDU,kien-truc,V01,Điểm học bạ,2023,16.5,Kiến trúc
24179,DDU,kien-truc,V02,Điểm học bạ,2023,16.5,Kiến trúc
24180,DDU,kien-truc,H00,Điểm thi THPT,2023,15.0,Kiến trúc
24181,DDU,kien-truc,V00,Điểm thi THPT,2023,15.0,Kiến trúc
24182,DDU,kien-truc,V01,Điểm thi THPT,2023,15.0,Kiến trúc
24183,DDU,kien-truc,V02,Điểm thi THPT,2023,15.0,Kiến trúc
24184,DDU,kien-truc,H01,Điểm học bạ,2024,16.5,Kiến trúc
24185,DDU,kien-truc,H04,Điểm học bạ,2024,16.5,Kiến trúc
24186,DDU,kien-truc,V00,Điểm học bạ,2024,16.5,Kiến trúc
24187,DDU,kien-truc,V01,Điểm học bạ,2024,16.5,Kiến trúc
24188,DDU,kien-truc,H01,Điểm thi THPT,2024,15.0,Kiến trúc
24189,DDU,kien-truc,H04,Điểm thi THPT,2024,15.0,Kiến trúc
24190,DDU,kien-truc,V00,Điểm thi THPT,2024,15.0,Kiến trúc
24191,DDU,kien-truc,V01,Điểm thi THPT,2024,15.0,Kiến trúc
24192,DDU,ky-thuat-xay-dung,A00,Điểm học bạ,2021,16.5,Kỹ thuật xây dựng
24193,DDU,ky-thuat-xay-dung,A01,Điểm học bạ,2021,16.5,Kỹ thuật xây dựng
24194,DDU,ky-thuat-xay-dung,B00,Điểm học bạ,2021,16.5,Kỹ thuật xây dựng
24195,DDU,ky-thuat-xay-dung,D01,Điểm học bạ,2021,16.5,Kỹ thuật xây dựng
24196,DDU,ky-thuat-xay-dung,A00,Điểm thi THPT,2021,15.0,Kỹ thuật xây dựng
24197,DDU,ky-thuat-xay-dung,A01,Điểm thi THPT,2021,15.0,Kỹ thuật xây dựng
24198,DDU,ky-thuat-xay-dung,B00,Điểm thi THPT,2021,15.0,Kỹ thuật xây dựng
24199,DDU,ky-thuat-xay-dung,D01,Điểm thi THPT,2021,15.0,Kỹ thuật xây dựng
24200,DDU,ky-thuat-xay-dung,A00,Điểm thi THPT,2022,15.0,Kỹ thuật xây dựng
24201,DDU,ky-thuat-xay-dung,A01,Điểm thi THPT,2022,15.0,Kỹ thuật xây dựng
24202,DDU,ky-thuat-xay-dung,B00,Điểm thi THPT,2022,15.0,Kỹ thuật xây dựng
24203,DDU,ky-thuat-xay-dung,D01,Điểm thi THPT,2022,15.0,Kỹ thuật xây dựng
24204,DDU,ky-thuat-xay-dung,A00,Điểm học bạ,2023,16.5,Kỹ thuật xây dựng
24205,DDU,ky-thuat-xay-dung,A01,Điểm học bạ,2023,16.5,Kỹ thuật xây dựng
24206,DDU,ky-thuat-xay-dung,B00,Điểm học bạ,2023,16.5,Kỹ thuật xây dựng
24207,DDU,ky-thuat-xay-dung,D01,Điểm học bạ,2023,16.5,Kỹ thuật xây dựng
24208,DDU,ky-thuat-xay-dung,A00,Điểm thi THPT,2023,15.0,Kỹ thuật xây dựng
24209,DDU,ky-thuat-xay-dung,A01,Điểm thi THPT,2023,15.0,Kỹ thuật xây dựng
24210,DDU,ky-thuat-xay-dung,B00,Điểm thi THPT,2023,15.0,Kỹ thuật xây dựng
24211,DDU,ky-thuat-xay-dung,D01,Điểm thi THPT,2023,15.0,Kỹ thuật xây dựng
24212,DDU,ky-thuat-xay-dung,A00,Điểm học bạ,2024,16.5,Kỹ thuật xây dựng
24213,DDU,ky-thuat-xay-dung,A01,Điểm học bạ,2024,16.5,Kỹ thuật xây dựng
24214,DDU,ky-thuat-xay-dung,B00,Điểm học bạ,2024,16.5,Kỹ thuật xây dựng
24215,DDU,ky-thuat-xay-dung,D01,Điểm học bạ,2024,16.5,Kỹ thuật xây dựng
24216,DDU,ky-thuat-xay-dung,A00,Điểm thi THPT,2024,15.0,Kỹ thuật xây dựng
24217,DDU,ky-thuat-xay-dung,A01,Điểm thi THPT,2024,15.0,Kỹ thuật xây dựng
24218,DDU,ky-thuat-xay-dung,B00,Điểm thi THPT,2024,15.0,Kỹ thuật xây dựng
24219,DDU,ky-thuat-xay-dung,D01,Điểm thi THPT,2024,15.0,Kỹ thuật xây dựng
24220,DDU,ky-thuat-xet-nghiem-y-hoc,A00,Điểm thi THPT,2022,19.0,Kỹ thuật Xét nghiệm y học
24221,DDU,ky-thuat-xet-nghiem-y-hoc,A02,Điểm thi THPT,2022,19.0,Kỹ thuật Xét nghiệm y học
24222,DDU,ky-thuat-xet-nghiem-y-hoc,B00,Điểm thi THPT,2022,19.0,Kỹ thuật Xét nghiệm y học
24223,DDU,ky-thuat-xet-nghiem-y-hoc,D07,Điểm thi THPT,2022,19.0,Kỹ thuật Xét nghiệm y học
24224,DDU,ky-thuat-xet-nghiem-y-hoc,A00,Điểm học bạ,2023,19.5,Kỹ thuật Xét nghiệm y học
24225,DDU,ky-thuat-xet-nghiem-y-hoc,A02,Điểm học bạ,2023,19.5,Kỹ thuật Xét nghiệm y học
24226,DDU,ky-thuat-xet-nghiem-y-hoc,B00,Điểm học bạ,2023,19.5,Kỹ thuật Xét nghiệm y học
24227,DDU,ky-thuat-xet-nghiem-y-hoc,D07,Điểm học bạ,2023,19.5,Kỹ thuật Xét nghiệm y học
24228,DDU,ky-thuat-xet-nghiem-y-hoc,A00,Điểm thi THPT,2023,19.0,Kỹ thuật Xét nghiệm y học
24229,DDU,ky-thuat-xet-nghiem-y-hoc,A02,Điểm thi THPT,2023,19.0,Kỹ thuật Xét nghiệm y học
24230,DDU,ky-thuat-xet-nghiem-y-hoc,B00,Điểm thi THPT,2023,19.0,Kỹ thuật Xét nghiệm y học
24231,DDU,ky-thuat-xet-nghiem-y-hoc,D07,Điểm thi THPT,2023,19.0,Kỹ thuật Xét nghiệm y học
24232,DDU,ky-thuat-xet-nghiem-y-hoc,A00,Điểm học bạ,2024,19.5,Kỹ thuật xét nghiệm y học
24233,DDU,ky-thuat-xet-nghiem-y-hoc,A02,Điểm học bạ,2024,19.5,Kỹ thuật xét nghiệm y học
24234,DDU,ky-thuat-xet-nghiem-y-hoc,B00,Điểm học bạ,2024,19.5,Kỹ thuật xét nghiệm y học
24235,DDU,ky-thuat-xet-nghiem-y-hoc,D07,Điểm học bạ,2024,19.5,Kỹ thuật xét nghiệm y học
24236,DDU,ky-thuat-xet-nghiem-y-hoc,A00,Điểm thi THPT,2024,19.0,Kỹ thuật xét nghiệm y học
24237,DDU,ky-thuat-xet-nghiem-y-hoc,A02,Điểm thi THPT,2024,19.0,Kỹ thuật xét nghiệm y học
24238,DDU,ky-thuat-xet-nghiem-y-hoc,B00,Điểm thi THPT,2024,19.0,Kỹ thuật xét nghiệm y học
24239,DDU,ky-thuat-xet-nghiem-y-hoc,D07,Điểm thi THPT,2024,19.0,Kỹ thuật xét nghiệm y học
24240,DDU,ky-thuat-xet-nghiem-y-hoc,A00,Điểm học bạ,2025,19.5,Kỹ thuật xét nghiệm y học
24241,DDU,ky-thuat-xet-nghiem-y-hoc,A01,Điểm học bạ,2025,19.5,Kỹ thuật xét nghiệm y học
24242,DDU,ky-thuat-xet-nghiem-y-hoc,B00,Điểm học bạ,2025,19.5,Kỹ thuật xét nghiệm y học
24243,DDU,ky-thuat-xet-nghiem-y-hoc,B08,Điểm học bạ,2025,19.5,Kỹ thuật xét nghiệm y học
24244,DDU,ky-thuat-xet-nghiem-y-hoc,D07,Điểm học bạ,2025,19.5,Kỹ thuật xét nghiệm y học
24245,DDU,ky-thuat-xet-nghiem-y-hoc,X13,Điểm học bạ,2025,19.5,Kỹ thuật xét nghiệm y học
24246,DDU,ky-thuat-xet-nghiem-y-hoc,A00,Điểm thi THPT,2025,17.0,Kỹ thuật xét nghiệm y học
24247,DDU,ky-thuat-xet-nghiem-y-hoc,A01,Điểm thi THPT,2025,17.0,Kỹ thuật xét nghiệm y học
24248,DDU,ky-thuat-xet-nghiem-y-hoc,B00,Điểm thi THPT,2025,17.0,Kỹ thuật xét nghiệm y học
24249,DDU,ky-thuat-xet-nghiem-y-hoc,B08,Điểm thi THPT,2025,17.0,Kỹ thuật xét nghiệm y học
24250,DDU,ky-thuat-xet-nghiem-y-hoc,D07,Điểm thi THPT,2025,17.0,Kỹ thuật xét nghiệm y học
24251,DDU,ky-thuat-xet-nghiem-y-hoc,X13,Điểm thi THPT,2025,17.0,Kỹ thuật xét nghiệm y học
24252,DDU,luat-kinh-te,A00,Điểm học bạ,2021,16.5,Luật kinh tế
24253,DDU,luat-kinh-te,A01,Điểm học bạ,2021,16.5,Luật kinh tế
24254,DDU,luat-kinh-te,C00,Điểm học bạ,2021,16.5,Luật kinh tế
24255,DDU,luat-kinh-te,D01,Điểm học bạ,2021,16.5,Luật kinh tế
24256,DDU,luat-kinh-te,A00,Điểm thi THPT,2021,15.0,Luật kinh tế
24257,DDU,luat-kinh-te,A01,Điểm thi THPT,2021,15.0,Luật kinh tế
24258,DDU,luat-kinh-te,C00,Điểm thi THPT,2021,15.0,Luật kinh tế
24259,DDU,luat-kinh-te,D01,Điểm thi THPT,2021,15.0,Luật kinh tế
24260,DDU,luat-kinh-te,A00,Điểm học bạ,2023,16.5,Luật kinh tế
24261,DDU,luat-kinh-te,A01,Điểm học bạ,2023,16.5,Luật kinh tế
24262,DDU,luat-kinh-te,C00,Điểm học bạ,2023,16.5,Luật kinh tế
24263,DDU,luat-kinh-te,D01,Điểm học bạ,2023,16.5,Luật kinh tế
24264,DDU,luat-kinh-te,A00,Điểm thi THPT,2023,15.0,Luật kinh tế
24265,DDU,luat-kinh-te,A01,Điểm thi THPT,2023,15.0,Luật kinh tế
24266,DDU,luat-kinh-te,C00,Điểm thi THPT,2023,15.0,Luật kinh tế
24267,DDU,luat-kinh-te,D01,Điểm thi THPT,2023,15.0,Luật kinh tế
24268,DDU,luat-kinh-te,A00,Điểm học bạ,2024,16.5,Luật kinh tế
24269,DDU,luat-kinh-te,A01,Điểm học bạ,2024,16.5,Luật kinh tế
24270,DDU,luat-kinh-te,C00,Điểm học bạ,2024,16.5,Luật kinh tế
24271,DDU,luat-kinh-te,D01,Điểm học bạ,2024,16.5,Luật kinh tế
24272,DDU,luat-kinh-te,A00,Điểm thi THPT,2024,15.0,Luật kinh tế
24273,DDU,luat-kinh-te,A01,Điểm thi THPT,2024,15.0,Luật kinh tế
24274,DDU,luat-kinh-te,C00,Điểm thi THPT,2024,15.0,Luật kinh tế
24275,DDU,luat-kinh-te,D01,Điểm thi THPT,2024,15.0,Luật kinh tế
24276,DDU,luat-kinh-te,A00,Điểm học bạ,2025,21.0,Luật kinh tế
24277,DDU,luat-kinh-te,A01,Điểm học bạ,2025,21.0,Luật kinh tế
24278,DDU,luat-kinh-te,C00,Điểm học bạ,2025,21.0,Luật kinh tế
24279,DDU,luat-kinh-te,D01,Điểm học bạ,2025,21.0,Luật kinh tế
24280,DDU,luat-kinh-te,X01,Điểm học bạ,2025,21.0,Luật kinh tế
24281,DDU,luat-kinh-te,X70,Điểm học bạ,2025,21.0,Luật kinh tế
24282,DDU,luat-kinh-te,A00,Điểm thi THPT,2025,18.0,Luật kinh tế
24283,DDU,luat-kinh-te,A01,Điểm thi THPT,2025,18.0,Luật kinh tế
24284,DDU,luat-kinh-te,C00,Điểm thi THPT,2025,18.0,Luật kinh tế
24285,DDU,luat-kinh-te,D01,Điểm thi THPT,2025,18.0,Luật kinh tế
24286,DDU,luat-kinh-te,X01,Điểm thi THPT,2025,18.0,Luật kinh tế
24287,DDU,luat-kinh-te,X70,Điểm thi THPT,2025,18.0,Luật kinh tế
24288,DDU,ngon-ngu-han-quoc,A00,Điểm học bạ,2024,16.5,Ngôn ngữ Hàn Quốc
24289,DDU,ngon-ngu-han-quoc,C00,Điểm học bạ,2024,16.5,Ngôn ngữ Hàn Quốc
24290,DDU,ngon-ngu-han-quoc,D01,Điểm học bạ,2024,16.5,Ngôn ngữ Hàn Quốc
24291,DDU,ngon-ngu-han-quoc,A00,Điểm thi THPT,2024,15.0,Ngôn ngữ Hàn Quốc
24292,DDU,ngon-ngu-han-quoc,C00,Điểm thi THPT,2024,15.0,Ngôn ngữ Hàn Quốc
24293,DDU,ngon-ngu-han-quoc,D01,Điểm thi THPT,2024,15.0,Ngôn ngữ Hàn Quốc
24294,DDU,ngon-ngu-han-quoc,A01,Điểm học bạ,2025,16.5,Ngôn Ngữ Hàn Quốc
24295,DDU,ngon-ngu-han-quoc,C00,Điểm học bạ,2025,16.5,Ngôn Ngữ Hàn Quốc
24296,DDU,ngon-ngu-han-quoc,D01,Điểm học bạ,2025,16.5,Ngôn Ngữ Hàn Quốc
24297,DDU,ngon-ngu-han-quoc,D14,Điểm học bạ,2025,16.5,Ngôn Ngữ Hàn Quốc
24298,DDU,ngon-ngu-han-quoc,X70,Điểm học bạ,2025,16.5,Ngôn Ngữ Hàn Quốc
24299,DDU,ngon-ngu-han-quoc,A01,Điểm thi THPT,2025,14.0,Ngôn Ngữ Hàn Quốc
24300,DDU,ngon-ngu-han-quoc,C00,Điểm thi THPT,2025,14.0,Ngôn Ngữ Hàn Quốc
24301,DDU,ngon-ngu-han-quoc,D01,Điểm thi THPT,2025,14.0,Ngôn Ngữ Hàn Quốc
24302,DDU,ngon-ngu-han-quoc,D14,Điểm thi THPT,2025,14.0,Ngôn Ngữ Hàn Quốc
24303,DDU,ngon-ngu-han-quoc,X70,Điểm thi THPT,2025,14.0,Ngôn Ngữ Hàn Quốc
24304,DDU,ngon-ngu-nhat,A01,Điểm học bạ,2023,16.5,Ngôn Ngữ Nhật
24305,DDU,ngon-ngu-nhat,C00,Điểm học bạ,2023,16.5,Ngôn Ngữ Nhật
24306,DDU,ngon-ngu-nhat,D01,Điểm học bạ,2023,16.5,Ngôn Ngữ Nhật
24307,DDU,ngon-ngu-nhat,D14,Điểm học bạ,2023,16.5,Ngôn Ngữ Nhật
24308,DDU,ngon-ngu-nhat,A01,Điểm thi THPT,2023,15.0,Ngôn Ngữ Nhật
24309,DDU,ngon-ngu-nhat,C00,Điểm thi THPT,2023,15.0,Ngôn Ngữ Nhật
24310,DDU,ngon-ngu-nhat,D01,Điểm thi THPT,2023,15.0,Ngôn Ngữ Nhật
24311,DDU,ngon-ngu-nhat,D14,Điểm thi THPT,2023,15.0,Ngôn Ngữ Nhật
24312,DDU,ngon-ngu-nhat,A00,Điểm học bạ,2024,16.5,Ngôn ngữ Nhật
24313,DDU,ngon-ngu-nhat,C00,Điểm học bạ,2024,16.5,Ngôn ngữ Nhật
24314,DDU,ngon-ngu-nhat,D01,Điểm học bạ,2024,16.5,Ngôn ngữ Nhật
24315,DDU,ngon-ngu-nhat,D04,Điểm học bạ,2024,16.5,Ngôn ngữ Nhật
24316,DDU,ngon-ngu-nhat,A00,Điểm thi THPT,2024,15.0,Ngôn ngữ Nhật
24317,DDU,ngon-ngu-nhat,C00,Điểm thi THPT,2024,15.0,Ngôn ngữ Nhật
24318,DDU,ngon-ngu-nhat,D01,Điểm thi THPT,2024,15.0,Ngôn ngữ Nhật
24319,DDU,ngon-ngu-nhat,D04,Điểm thi THPT,2024,15.0,Ngôn ngữ Nhật
24320,DDU,ngon-ngu-nhat,A01,Điểm học bạ,2025,16.5,Ngôn ngữ Nhật
24321,DDU,ngon-ngu-nhat,C00,Điểm học bạ,2025,16.5,Ngôn ngữ Nhật
24322,DDU,ngon-ngu-nhat,D01,Điểm học bạ,2025,16.5,Ngôn ngữ Nhật
24323,DDU,ngon-ngu-nhat,D06,Điểm học bạ,2025,16.5,Ngôn ngữ Nhật
24324,DDU,ngon-ngu-nhat,D14,Điểm học bạ,2025,16.5,Ngôn ngữ Nhật
24325,DDU,ngon-ngu-nhat,X70,Điểm học bạ,2025,16.5,Ngôn ngữ Nhật
24326,DDU,ngon-ngu-nhat,A01,Điểm thi THPT,2025,14.0,Ngôn ngữ Nhật
24327,DDU,ngon-ngu-nhat,C00,Điểm thi THPT,2025,14.0,Ngôn ngữ Nhật
24328,DDU,ngon-ngu-nhat,D01,Điểm thi THPT,2025,14.0,Ngôn ngữ Nhật
24329,DDU,ngon-ngu-nhat,D06,Điểm thi THPT,2025,14.0,Ngôn ngữ Nhật
24330,DDU,ngon-ngu-nhat,D14,Điểm thi THPT,2025,14.0,Ngôn ngữ Nhật
24331,DDU,ngon-ngu-nhat,X70,Điểm thi THPT,2025,14.0,Ngôn ngữ Nhật
24332,DDU,ngon-ngu-trung-quoc,A01,Điểm thi THPT,2022,15.0,Ngôn ngữ Trung Quốc
24333,DDU,ngon-ngu-trung-quoc,D01,Điểm thi THPT,2022,15.0,Ngôn ngữ Trung Quốc
24334,DDU,ngon-ngu-trung-quoc,D04,Điểm thi THPT,2022,15.0,Ngôn ngữ Trung Quốc
24335,DDU,ngon-ngu-trung-quoc,D20,Điểm thi THPT,2022,15.0,Ngôn ngữ Trung Quốc
24336,DDU,ngon-ngu-trung-quoc,A00,Điểm học bạ,2023,16.5,Ngôn ngữ Trung Quốc
24337,DDU,ngon-ngu-trung-quoc,D01,Điểm học bạ,2023,16.5,Ngôn ngữ Trung Quốc
24338,DDU,ngon-ngu-trung-quoc,D04,Điểm học bạ,2023,16.5,Ngôn ngữ Trung Quốc
24339,DDU,ngon-ngu-trung-quoc,D20,Điểm học bạ,2023,16.5,Ngôn ngữ Trung Quốc
24340,DDU,ngon-ngu-trung-quoc,A00,Điểm thi THPT,2023,15.0,Ngôn ngữ Trung Quốc
24341,DDU,ngon-ngu-trung-quoc,D01,Điểm thi THPT,2023,15.0,Ngôn ngữ Trung Quốc
24342,DDU,ngon-ngu-trung-quoc,D04,Điểm thi THPT,2023,15.0,Ngôn ngữ Trung Quốc
24343,DDU,ngon-ngu-trung-quoc,D20,Điểm thi THPT,2023,15.0,Ngôn ngữ Trung Quốc
24344,DDU,ngon-ngu-trung-quoc,A00,Điểm học bạ,2024,16.5,Ngôn ngữ Trung Quốc
24345,DDU,ngon-ngu-trung-quoc,C00,Điểm học bạ,2024,16.5,Ngôn ngữ Trung Quốc
24346,DDU,ngon-ngu-trung-quoc,D01,Điểm học bạ,2024,16.5,Ngôn ngữ Trung Quốc
24347,DDU,ngon-ngu-trung-quoc,D04,Điểm học bạ,2024,16.5,Ngôn ngữ Trung Quốc
24348,DDU,ngon-ngu-trung-quoc,A00,Điểm thi THPT,2024,15.0,Ngôn ngữ Trung Quốc
24349,DDU,ngon-ngu-trung-quoc,C00,Điểm thi THPT,2024,15.0,Ngôn ngữ Trung Quốc
24350,DDU,ngon-ngu-trung-quoc,D01,Điểm thi THPT,2024,15.0,Ngôn ngữ Trung Quốc
24351,DDU,ngon-ngu-trung-quoc,D04,Điểm thi THPT,2024,15.0,Ngôn ngữ Trung Quốc
24352,DDU,ngon-ngu-trung-quoc,A01,Điểm học bạ,2025,16.5,Ngôn ngữ Trung Quốc
24353,DDU,ngon-ngu-trung-quoc,C00,Điểm học bạ,2025,16.5,Ngôn ngữ Trung Quốc
24354,DDU,ngon-ngu-trung-quoc,D01,Điểm học bạ,2025,16.5,Ngôn ngữ Trung Quốc
24355,DDU,ngon-ngu-trung-quoc,D04,Điểm học bạ,2025,16.5,Ngôn ngữ Trung Quốc
24356,DDU,ngon-ngu-trung-quoc,D14,Điểm học bạ,2025,16.5,Ngôn ngữ Trung Quốc
24357,DDU,ngon-ngu-trung-quoc,X70,Điểm học bạ,2025,16.5,Ngôn ngữ Trung Quốc
24358,DDU,ngon-ngu-trung-quoc,A01,Điểm thi THPT,2025,14.0,Ngôn ngữ Trung Quốc
24359,DDU,ngon-ngu-trung-quoc,C00,Điểm thi THPT,2025,14.0,Ngôn ngữ Trung Quốc
24360,DDU,ngon-ngu-trung-quoc,D01,Điểm thi THPT,2025,14.0,Ngôn ngữ Trung Quốc
24361,DDU,ngon-ngu-trung-quoc,D04,Điểm thi THPT,2025,14.0,Ngôn ngữ Trung Quốc
24362,DDU,ngon-ngu-trung-quoc,D14,Điểm thi THPT,2025,14.0,Ngôn ngữ Trung Quốc
24363,DDU,ngon-ngu-trung-quoc,X70,Điểm thi THPT,2025,14.0,Ngôn ngữ Trung Quốc
24364,DDU,quan-ly-nha-nuoc,A00,Điểm thi THPT,2022,15.0,Quản lý nhà nước
24365,DDU,quan-ly-nha-nuoc,A01,Điểm thi THPT,2022,15.0,Quản lý nhà nước
24366,DDU,quan-ly-nha-nuoc,C00,Điểm thi THPT,2022,15.0,Quản lý nhà nước
24367,DDU,quan-ly-nha-nuoc,D01,Điểm thi THPT,2022,15.0,Quản lý nhà nước
24368,DDU,quan-ly-nha-nuoc,A00,Điểm học bạ,2023,16.5,Quản lý nhà nước
24369,DDU,quan-ly-nha-nuoc,A01,Điểm học bạ,2023,16.5,Quản lý nhà nước
24370,DDU,quan-ly-nha-nuoc,C00,Điểm học bạ,2023,16.5,Quản lý nhà nước
24371,DDU,quan-ly-nha-nuoc,D01,Điểm học bạ,2023,16.5,Quản lý nhà nước
24372,DDU,quan-ly-nha-nuoc,A00,Điểm thi THPT,2023,15.0,Quản lý nhà nước
24373,DDU,quan-ly-nha-nuoc,A01,Điểm thi THPT,2023,15.0,Quản lý nhà nước
24374,DDU,quan-ly-nha-nuoc,C00,Điểm thi THPT,2023,15.0,Quản lý nhà nước
24375,DDU,quan-ly-nha-nuoc,D01,Điểm thi THPT,2023,15.0,Quản lý nhà nước
24376,DDU,quan-ly-nha-nuoc,A00,Điểm học bạ,2024,16.5,Quản lý nhà nước
24377,DDU,quan-ly-nha-nuoc,A01,Điểm học bạ,2024,16.5,Quản lý nhà nước
24378,DDU,quan-ly-nha-nuoc,B00,Điểm học bạ,2024,16.5,Quản lý nhà nước
24379,DDU,quan-ly-nha-nuoc,D01,Điểm học bạ,2024,16.5,Quản lý nhà nước
24380,DDU,quan-ly-nha-nuoc,A00,Điểm thi THPT,2024,15.0,Quản lý nhà nước
24381,DDU,quan-ly-nha-nuoc,A01,Điểm thi THPT,2024,15.0,Quản lý nhà nước
24382,DDU,quan-ly-nha-nuoc,B00,Điểm thi THPT,2024,15.0,Quản lý nhà nước
24383,DDU,quan-ly-nha-nuoc,D01,Điểm thi THPT,2024,15.0,Quản lý nhà nước
24384,DDU,quan-ly-nha-nuoc,A00,Điểm học bạ,2025,16.5,Quản lý nhà nước
24385,DDU,quan-ly-nha-nuoc,A01,Điểm học bạ,2025,16.5,Quản lý nhà nước
24386,DDU,quan-ly-nha-nuoc,C00,Điểm học bạ,2025,16.5,Quản lý nhà nước
24387,DDU,quan-ly-nha-nuoc,D01,Điểm học bạ,2025,16.5,Quản lý nhà nước
24388,DDU,quan-ly-nha-nuoc,X01,Điểm học bạ,2025,16.5,Quản lý nhà nước
24389,DDU,quan-ly-nha-nuoc,X70,Điểm học bạ,2025,16.5,Quản lý nhà nước
24390,DDU,quan-ly-nha-nuoc,A00,Điểm thi THPT,2025,14.0,Quản lý nhà nước
24391,DDU,quan-ly-nha-nuoc,A01,Điểm thi THPT,2025,14.0,Quản lý nhà nước
24392,DDU,quan-ly-nha-nuoc,C00,Điểm thi THPT,2025,14.0,Quản lý nhà nước
24393,DDU,quan-ly-nha-nuoc,D01,Điểm thi THPT,2025,14.0,Quản lý nhà nước
24394,DDU,quan-ly-nha-nuoc,X01,Điểm thi THPT,2025,14.0,Quản lý nhà nước
24395,DDU,quan-ly-nha-nuoc,X70,Điểm thi THPT,2025,14.0,Quản lý nhà nước
24396,DDU,quan-tri-kinh-doanh,A00,Điểm học bạ,2021,16.5,Quản trị kinh doanh
24397,DDU,quan-tri-kinh-doanh,A01,Điểm học bạ,2021,16.5,Quản trị kinh doanh
24398,DDU,quan-tri-kinh-doanh,B00,Điểm học bạ,2021,16.5,Quản trị kinh doanh
24399,DDU,quan-tri-kinh-doanh,D01,Điểm học bạ,2021,16.5,Quản trị kinh doanh
24400,DDU,quan-tri-kinh-doanh,A00,Điểm thi THPT,2021,15.0,Quản trị kinh doanh
24401,DDU,quan-tri-kinh-doanh,A01,Điểm thi THPT,2021,15.0,Quản trị kinh doanh
24402,DDU,quan-tri-kinh-doanh,B00,Điểm thi THPT,2021,15.0,Quản trị kinh doanh
24403,DDU,quan-tri-kinh-doanh,D01,Điểm thi THPT,2021,15.0,Quản trị kinh doanh
24404,DDU,quan-tri-kinh-doanh,A00,Điểm thi THPT,2022,15.0,Quản trị kinh doanh
24405,DDU,quan-tri-kinh-doanh,A01,Điểm thi THPT,2022,15.0,Quản trị kinh doanh
24406,DDU,quan-tri-kinh-doanh,B00,Điểm thi THPT,2022,15.0,Quản trị kinh doanh
24407,DDU,quan-tri-kinh-doanh,D01,Điểm thi THPT,2022,15.0,Quản trị kinh doanh
24408,DDU,quan-tri-kinh-doanh,A00,Điểm học bạ,2023,16.5,Quản trị kinh doanh
24409,DDU,quan-tri-kinh-doanh,A01,Điểm học bạ,2023,16.5,Quản trị kinh doanh
24410,DDU,quan-tri-kinh-doanh,B00,Điểm học bạ,2023,16.5,Quản trị kinh doanh
24411,DDU,quan-tri-kinh-doanh,D01,Điểm học bạ,2023,16.5,Quản trị kinh doanh
24412,DDU,quan-tri-kinh-doanh,A00,Điểm thi THPT,2023,15.0,Quản trị kinh doanh
24413,DDU,quan-tri-kinh-doanh,A01,Điểm thi THPT,2023,15.0,Quản trị kinh doanh
24414,DDU,quan-tri-kinh-doanh,B00,Điểm thi THPT,2023,15.0,Quản trị kinh doanh
24415,DDU,quan-tri-kinh-doanh,D01,Điểm thi THPT,2023,15.0,Quản trị kinh doanh
24416,DDU,quan-tri-kinh-doanh,A00,Điểm học bạ,2024,16.5,Quản trị kinh doanh
24417,DDU,quan-tri-kinh-doanh,A01,Điểm học bạ,2024,16.5,Quản trị kinh doanh
24418,DDU,quan-tri-kinh-doanh,B00,Điểm học bạ,2024,16.5,Quản trị kinh doanh
24419,DDU,quan-tri-kinh-doanh,D01,Điểm học bạ,2024,16.5,Quản trị kinh doanh
24420,DDU,quan-tri-kinh-doanh,A00,Điểm thi THPT,2024,15.0,Quản trị kinh doanh
24421,DDU,quan-tri-kinh-doanh,A01,Điểm thi THPT,2024,15.0,Quản trị kinh doanh
24422,DDU,quan-tri-kinh-doanh,B00,Điểm thi THPT,2024,15.0,Quản trị kinh doanh
24423,DDU,quan-tri-kinh-doanh,D01,Điểm thi THPT,2024,15.0,Quản trị kinh doanh
24424,DDU,quan-tri-kinh-doanh,A00,Điểm học bạ,2025,16.5,Quản trị kinh doanh
24425,DDU,quan-tri-kinh-doanh,A01,Điểm học bạ,2025,16.5,Quản trị kinh doanh
24426,DDU,quan-tri-kinh-doanh,C00,Điểm học bạ,2025,16.5,Quản trị kinh doanh
24427,DDU,quan-tri-kinh-doanh,D01,Điểm học bạ,2025,16.5,Quản trị kinh doanh
24428,DDU,quan-tri-kinh-doanh,X01,Điểm học bạ,2025,16.5,Quản trị kinh doanh
24429,DDU,quan-tri-kinh-doanh,X21,Điểm học bạ,2025,16.5,Quản trị kinh doanh
24430,DDU,quan-tri-kinh-doanh,A00,Điểm thi THPT,2025,14.0,Quản trị kinh doanh
24431,DDU,quan-tri-kinh-doanh,A01,Điểm thi THPT,2025,14.0,Quản trị kinh doanh
24432,DDU,quan-tri-kinh-doanh,C00,Điểm thi THPT,2025,14.0,Quản trị kinh doanh
24433,DDU,quan-tri-kinh-doanh,D01,Điểm thi THPT,2025,14.0,Quản trị kinh doanh
24434,DDU,quan-tri-kinh-doanh,X01,Điểm thi THPT,2025,14.0,Quản trị kinh doanh
24435,DDU,quan-tri-kinh-doanh,X21,Điểm thi THPT,2025,14.0,Quản trị kinh doanh
24436,DDU,tai-chinh-ngan-hang,A00,Điểm thi THPT,2022,15.0,Tài chính ngân hàng
24437,DDU,tai-chinh-ngan-hang,A01,Điểm thi THPT,2022,15.0,Tài chính ngân hàng
24438,DDU,tai-chinh-ngan-hang,B00,Điểm thi THPT,2022,15.0,Tài chính ngân hàng
24439,DDU,tai-chinh-ngan-hang,D01,Điểm thi THPT,2022,15.0,Tài chính ngân hàng
24440,DDU,tai-chinh-ngan-hang,A00,Điểm học bạ,2023,16.5,Tài chính ngân hàng
24441,DDU,tai-chinh-ngan-hang,A01,Điểm học bạ,2023,16.5,Tài chính ngân hàng
24442,DDU,tai-chinh-ngan-hang,B00,Điểm học bạ,2023,16.5,Tài chính ngân hàng
24443,DDU,tai-chinh-ngan-hang,D01,Điểm học bạ,2023,16.5,Tài chính ngân hàng
24444,DDU,tai-chinh-ngan-hang,A00,Điểm thi THPT,2023,15.0,Tài chính ngân hàng
24445,DDU,tai-chinh-ngan-hang,A01,Điểm thi THPT,2023,15.0,Tài chính ngân hàng
24446,DDU,tai-chinh-ngan-hang,B00,Điểm thi THPT,2023,15.0,Tài chính ngân hàng
24447,DDU,tai-chinh-ngan-hang,D01,Điểm thi THPT,2023,15.0,Tài chính ngân hàng
24448,DDU,tai-chinh-ngan-hang,A00,Điểm học bạ,2024,16.5,Tài chính - Ngân hàng
24449,DDU,tai-chinh-ngan-hang,A01,Điểm học bạ,2024,16.5,Tài chính - Ngân hàng
24450,DDU,tai-chinh-ngan-hang,B00,Điểm học bạ,2024,16.5,Tài chính - Ngân hàng
24451,DDU,tai-chinh-ngan-hang,D01,Điểm học bạ,2024,16.5,Tài chính - Ngân hàng
24452,DDU,tai-chinh-ngan-hang,A00,Điểm thi THPT,2024,15.0,Tài chính - Ngân hàng
24453,DDU,tai-chinh-ngan-hang,A01,Điểm thi THPT,2024,15.0,Tài chính - Ngân hàng
24454,DDU,tai-chinh-ngan-hang,B00,Điểm thi THPT,2024,15.0,Tài chính - Ngân hàng
24455,DDU,tai-chinh-ngan-hang,D01,Điểm thi THPT,2024,15.0,Tài chính - Ngân hàng
24456,DDU,tai-chinh-ngan-hang,A00,Điểm học bạ,2025,16.5,Tài chính - Ngân hàng
24457,DDU,tai-chinh-ngan-hang,A01,Điểm học bạ,2025,16.5,Tài chính - Ngân hàng
24458,DDU,tai-chinh-ngan-hang,C00,Điểm học bạ,2025,16.5,Tài chính - Ngân hàng
24459,DDU,tai-chinh-ngan-hang,D01,Điểm học bạ,2025,16.5,Tài chính - Ngân hàng
24460,DDU,tai-chinh-ngan-hang,X01,Điểm học bạ,2025,16.5,Tài chính - Ngân hàng
24461,DDU,tai-chinh-ngan-hang,X21,Điểm học bạ,2025,16.5,Tài chính - Ngân hàng
24462,DDU,tai-chinh-ngan-hang,A00,Điểm thi THPT,2025,14.0,Tài chính - Ngân hàng
24463,DDU,tai-chinh-ngan-hang,A01,Điểm thi THPT,2025,14.0,Tài chính - Ngân hàng
24464,DDU,tai-chinh-ngan-hang,C00,Điểm thi THPT,2025,14.0,Tài chính - Ngân hàng
24465,DDU,tai-chinh-ngan-hang,D01,Điểm thi THPT,2025,14.0,Tài chính - Ngân hàng
24466,DDU,tai-chinh-ngan-hang,X01,Điểm thi THPT,2025,14.0,Tài chính - Ngân hàng
24467,DDU,tai-chinh-ngan-hang,X21,Điểm thi THPT,2025,14.0,Tài chính - Ngân hàng
24468,DDU,thu-y,A00,Điểm học bạ,2021,16.5,Thú y
24469,DDU,thu-y,A01,Điểm học bạ,2021,16.5,Thú y
24470,DDU,thu-y,B00,Điểm học bạ,2021,16.5,Thú y
24471,DDU,thu-y,D01,Điểm học bạ,2021,16.5,Thú y
24472,DDU,thu-y,A00,Điểm thi THPT,2021,15.0,Thú y
24473,DDU,thu-y,A01,Điểm thi THPT,2021,15.0,Thú y
24474,DDU,thu-y,B00,Điểm thi THPT,2021,15.0,Thú y
24475,DDU,thu-y,D01,Điểm thi THPT,2021,15.0,Thú y
24476,DDU,thu-y,A00,Điểm thi THPT,2022,15.0,Thú y
24477,DDU,thu-y,A01,Điểm thi THPT,2022,15.0,Thú y
24478,DDU,thu-y,B00,Điểm thi THPT,2022,15.0,Thú y
24479,DDU,thu-y,D01,Điểm thi THPT,2022,15.0,Thú y
24480,DDU,thu-y,A00,Điểm học bạ,2023,16.5,Thú y
24481,DDU,thu-y,A01,Điểm học bạ,2023,16.5,Thú y
24482,DDU,thu-y,B00,Điểm học bạ,2023,16.5,Thú y
24483,DDU,thu-y,D01,Điểm học bạ,2023,16.5,Thú y
24484,DDU,thu-y,A00,Điểm thi THPT,2023,15.0,Thú y
24485,DDU,thu-y,A01,Điểm thi THPT,2023,15.0,Thú y
24486,DDU,thu-y,B00,Điểm thi THPT,2023,15.0,Thú y
24487,DDU,thu-y,D01,Điểm thi THPT,2023,15.0,Thú y
24488,DDU,thu-y,A00,Điểm học bạ,2024,16.5,Thú y
24489,DDU,thu-y,A01,Điểm học bạ,2024,16.5,Thú y
24490,DDU,thu-y,B00,Điểm học bạ,2024,16.5,Thú y
24491,DDU,thu-y,D01,Điểm học bạ,2024,16.5,Thú y
24492,DDU,thu-y,A00,Điểm thi THPT,2024,15.0,Thú y
24493,DDU,thu-y,A01,Điểm thi THPT,2024,15.0,Thú y
24494,DDU,thu-y,B00,Điểm thi THPT,2024,15.0,Thú y
24495,DDU,thu-y,D01,Điểm thi THPT,2024,15.0,Thú y
24496,DDU,thu-y,A00,Điểm học bạ,2025,16.5,Thú y
24497,DDU,thu-y,A01,Điểm học bạ,2025,16.5,Thú y
24498,DDU,thu-y,B00,Điểm học bạ,2025,16.5,Thú y
24499,DDU,thu-y,B08,Điểm học bạ,2025,16.5,Thú y
24500,DDU,thu-y,D01,Điểm học bạ,2025,16.5,Thú y
24501,DDU,thu-y,X13,Điểm học bạ,2025,16.5,Thú y
24502,DDU,thu-y,A00,Điểm thi THPT,2025,14.0,Thú y
24503,DDU,thu-y,A01,Điểm thi THPT,2025,14.0,Thú y
24504,DDU,thu-y,B00,Điểm thi THPT,2025,14.0,Thú y
24505,DDU,thu-y,B08,Điểm thi THPT,2025,14.0,Thú y
24506,DDU,thu-y,D01,Điểm thi THPT,2025,14.0,Thú y
24507,DDU,thu-y,X13,Điểm thi THPT,2025,14.0,Thú y
24508,DDU,thuong-mai-dien-tu,A00,Điểm thi THPT,2022,15.0,Thương mại điện tử
24509,DDU,thuong-mai-dien-tu,A01,Điểm thi THPT,2022,15.0,Thương mại điện tử
24510,DDU,thuong-mai-dien-tu,D01,Điểm thi THPT,2022,15.0,Thương mại điện tử
24511,DDU,thuong-mai-dien-tu,D07,Điểm thi THPT,2022,15.0,Thương mại điện tử
24512,DDU,thuong-mai-dien-tu,A00,Điểm học bạ,2023,16.5,Thương mại điện tử
24513,DDU,thuong-mai-dien-tu,A01,Điểm học bạ,2023,16.5,Thương mại điện tử
24514,DDU,thuong-mai-dien-tu,D01,Điểm học bạ,2023,16.5,Thương mại điện tử
24515,DDU,thuong-mai-dien-tu,D07,Điểm học bạ,2023,16.5,Thương mại điện tử
24516,DDU,thuong-mai-dien-tu,A00,Điểm thi THPT,2023,15.0,Thương mại điện tử
24517,DDU,thuong-mai-dien-tu,A01,Điểm thi THPT,2023,15.0,Thương mại điện tử
24518,DDU,thuong-mai-dien-tu,D01,Điểm thi THPT,2023,15.0,Thương mại điện tử
24519,DDU,thuong-mai-dien-tu,D07,Điểm thi THPT,2023,15.0,Thương mại điện tử
24520,DDU,thuong-mai-dien-tu,A00,Điểm học bạ,2024,16.5,Thương mại điện tử
24521,DDU,thuong-mai-dien-tu,A01,Điểm học bạ,2024,16.5,Thương mại điện tử
24522,DDU,thuong-mai-dien-tu,D01,Điểm học bạ,2024,16.5,Thương mại điện tử
24523,DDU,thuong-mai-dien-tu,D07,Điểm học bạ,2024,16.5,Thương mại điện tử
24524,DDU,thuong-mai-dien-tu,A00,Điểm thi THPT,2024,15.0,Thương mại điện tử
24525,DDU,thuong-mai-dien-tu,A01,Điểm thi THPT,2024,15.0,Thương mại điện tử
24526,DDU,thuong-mai-dien-tu,D01,Điểm thi THPT,2024,15.0,Thương mại điện tử
24527,DDU,thuong-mai-dien-tu,D07,Điểm thi THPT,2024,15.0,Thương mại điện tử
24528,DDU,thuong-mai-dien-tu,A00,Điểm học bạ,2025,16.5,Thương mại điện tử
24529,DDU,thuong-mai-dien-tu,A01,Điểm học bạ,2025,16.5,Thương mại điện tử
24530,DDU,thuong-mai-dien-tu,C00,Điểm học bạ,2025,16.5,Thương mại điện tử
24531,DDU,thuong-mai-dien-tu,D01,Điểm học bạ,2025,16.5,Thương mại điện tử
24532,DDU,thuong-mai-dien-tu,X01,Điểm học bạ,2025,16.5,Thương mại điện tử
24533,DDU,thuong-mai-dien-tu,X26,Điểm học bạ,2025,16.5,Thương mại điện tử
24534,DDU,thuong-mai-dien-tu,A00,Điểm thi THPT,2025,14.0,Thương mại điện tử
24535,DDU,thuong-mai-dien-tu,A01,Điểm thi THPT,2025,14.0,Thương mại điện tử
24536,DDU,thuong-mai-dien-tu,C00,Điểm thi THPT,2025,14.0,Thương mại điện tử
24537,DDU,thuong-mai-dien-tu,D01,Điểm thi THPT,2025,14.0,Thương mại điện tử
24538,DDU,thuong-mai-dien-tu,X01,Điểm thi THPT,2025,14.0,Thương mại điện tử
24539,DDU,thuong-mai-dien-tu,X26,Điểm thi THPT,2025,14.0,Thương mại điện tử
24540,DDV,cong-nghe-nano,A00,Điểm học bạ,2023,20.0,Công nghệ Vật liệu - Chuyên ngành Công nghệ Nano
24541,DDV,cong-nghe-nano,A01,Điểm học bạ,2023,20.0,Công nghệ Vật liệu - Chuyên ngành Công nghệ Nano
24542,DDV,cong-nghe-nano,B00,Điểm học bạ,2023,20.0,Công nghệ Vật liệu - Chuyên ngành Công nghệ Nano
24543,DDV,cong-nghe-nano,D07,Điểm học bạ,2023,20.0,Công nghệ Vật liệu - Chuyên ngành Công nghệ Nano
24544,DDV,cong-nghe-nano,A00,Điểm thi THPT,2023,19.5,Công nghệ Vật liệu – Chuyên ngành Công nghệ Nano
24545,DDV,cong-nghe-nano,B00,Điểm thi THPT,2023,19.5,Công nghệ Vật liệu – Chuyên ngành Công nghệ Nano
24546,DDV,cong-nghe-nano,B08,Điểm thi THPT,2023,19.5,Công nghệ Vật liệu – Chuyên ngành Công nghệ Nano
24547,DDV,cong-nghe-nano,D07,Điểm thi THPT,2023,19.5,Công nghệ Vật liệu – Chuyên ngành Công nghệ Nano
24548,DDV,cong-nghe-nano,A00,Điểm thi THPT,2024,17.0,Công nghệ Vật liệu – Chuyên ngành Công nghệ Nano
24549,DDV,cong-nghe-nano,A01,Điểm thi THPT,2024,17.0,Công nghệ Vật liệu – Chuyên ngành Công nghệ Nano
24550,DDV,cong-nghe-nano,B00,Điểm thi THPT,2024,17.0,Công nghệ Vật liệu – Chuyên ngành Công nghệ Nano
24551,DDV,cong-nghe-nano,D07,Điểm thi THPT,2024,17.0,Công nghệ Vật liệu – Chuyên ngành Công nghệ Nano
24552,DDV,cong-nghe-nano,A00,Điểm học bạ,2025,20.12,Công nghệ vật liệu- Chuyên ngành Công nghệ Nano
24553,DDV,cong-nghe-nano,A01,Điểm học bạ,2025,20.12,Công nghệ vật liệu- Chuyên ngành Công nghệ Nano
24554,DDV,cong-nghe-nano,B00,Điểm học bạ,2025,20.12,Công nghệ vật liệu- Chuyên ngành Công nghệ Nano
24555,DDV,cong-nghe-nano,C01,Điểm học bạ,2025,20.12,Công nghệ vật liệu- Chuyên ngành Công nghệ Nano
24556,DDV,cong-nghe-nano,D01,Điểm học bạ,2025,20.12,Công nghệ vật liệu- Chuyên ngành Công nghệ Nano
24557,DDV,cong-nghe-nano,X09,Điểm học bạ,2025,20.12,Công nghệ vật liệu- Chuyên ngành Công nghệ Nano
24558,DDV,cong-nghe-nano,A00,Điểm thi THPT,2025,15.5,Công nghệ vật liệu- Chuyên ngành Công nghệ Nano
24559,DDV,cong-nghe-nano,A01,Điểm thi THPT,2025,15.5,Công nghệ vật liệu- Chuyên ngành Công nghệ Nano
24560,DDV,cong-nghe-nano,B00,Điểm thi THPT,2025,15.5,Công nghệ vật liệu- Chuyên ngành Công nghệ Nano
24561,DDV,cong-nghe-nano,C01,Điểm thi THPT,2025,15.5,Công nghệ vật liệu- Chuyên ngành Công nghệ Nano
24562,DDV,cong-nghe-nano,D01,Điểm thi THPT,2025,15.5,Công nghệ vật liệu- Chuyên ngành Công nghệ Nano
24563,DDV,cong-nghe-nano,X09,Điểm thi THPT,2025,15.5,Công nghệ vật liệu- Chuyên ngành Công nghệ Nano
24564,DDV,cong-nghe-phan-mem,A00,Điểm học bạ,2023,18.0,Khoa học Máy tính - Chuyên ngành Công nghệ phần mềm
24565,DDV,cong-nghe-phan-mem,A01,Điểm học bạ,2023,18.0,Khoa học Máy tính - Chuyên ngành Công nghệ phần mềm
24566,DDV,cong-nghe-phan-mem,D01,Điểm học bạ,2023,18.0,Khoa học Máy tính - Chuyên ngành Công nghệ phần mềm
24567,DDV,cong-nghe-phan-mem,K01,Điểm học bạ,2023,18.0,Khoa học Máy tính - Chuyên ngành Công nghệ phần mềm
24568,DDV,cong-nghe-phan-mem,A01,Điểm thi THPT,2023,17.0,Khoa học Máy tính – Chuyên ngành Công nghệ Phần mềm
24569,DDV,cong-nghe-phan-mem,D01,Điểm thi THPT,2023,17.0,Khoa học Máy tính – Chuyên ngành Công nghệ Phần mềm
24570,DDV,cong-nghe-phan-mem,D90,Điểm thi THPT,2023,17.0,Khoa học Máy tính – Chuyên ngành Công nghệ Phần mềm
24571,DDV,cong-nghe-phan-mem,A00,Điểm học bạ,2024,19.23,Khoa học Máy tính - Chuyên ngành Công nghệ Phần mềm
24572,DDV,cong-nghe-phan-mem,A01,Điểm học bạ,2024,19.23,Khoa học Máy tính - Chuyên ngành Công nghệ Phần mềm
24573,DDV,cong-nghe-phan-mem,D01,Điểm học bạ,2024,19.23,Khoa học Máy tính - Chuyên ngành Công nghệ Phần mềm
24574,DDV,cong-nghe-phan-mem,D90,Điểm học bạ,2024,19.23,Khoa học Máy tính - Chuyên ngành Công nghệ Phần mềm
24575,DDV,cong-nghe-phan-mem,A00,Điểm thi THPT,2024,17.0,Khoa học Máy tính – Chuyên ngành Công nghệ Phần mềm
24576,DDV,cong-nghe-phan-mem,A01,Điểm thi THPT,2024,17.0,Khoa học Máy tính – Chuyên ngành Công nghệ Phần mềm
24577,DDV,cong-nghe-phan-mem,D01,Điểm thi THPT,2024,17.0,Khoa học Máy tính – Chuyên ngành Công nghệ Phần mềm
24578,DDV,cong-nghe-phan-mem,D90,Điểm thi THPT,2024,17.0,Khoa học Máy tính – Chuyên ngành Công nghệ Phần mềm
24579,DDV,cong-nghe-phan-mem,A00,Điểm học bạ,2025,19.85,Khoa học máy tính -Chuyên ngành công nghệ phần mềm
24580,DDV,cong-nghe-phan-mem,A01,Điểm học bạ,2025,19.85,Khoa học máy tính -Chuyên ngành công nghệ phần mềm
24581,DDV,cong-nghe-phan-mem,D01,Điểm học bạ,2025,19.85,Khoa học máy tính -Chuyên ngành công nghệ phần mềm
24582,DDV,cong-nghe-phan-mem,X02,Điểm học bạ,2025,19.85,Khoa học máy tính -Chuyên ngành công nghệ phần mềm
24583,DDV,cong-nghe-phan-mem,X06,Điểm học bạ,2025,19.85,Khoa học máy tính -Chuyên ngành công nghệ phần mềm
24584,DDV,cong-nghe-phan-mem,X26,Điểm học bạ,2025,19.85,Khoa học máy tính -Chuyên ngành công nghệ phần mềm
24585,DDV,cong-nghe-phan-mem,A00,Điểm thi THPT,2025,15.5,Khoa học máy tính -Chuyên ngành công nghệ phần mềm
24586,DDV,cong-nghe-phan-mem,A01,Điểm thi THPT,2025,15.5,Khoa học máy tính -Chuyên ngành công nghệ phần mềm
24587,DDV,cong-nghe-phan-mem,D01,Điểm thi THPT,2025,15.5,Khoa học máy tính -Chuyên ngành công nghệ phần mềm
24588,DDV,cong-nghe-phan-mem,X02,Điểm thi THPT,2025,15.5,Khoa học máy tính -Chuyên ngành công nghệ phần mềm
24589,DDV,cong-nghe-phan-mem,X06,Điểm thi THPT,2025,15.5,Khoa học máy tính -Chuyên ngành công nghệ phần mềm
24590,DDV,cong-nghe-phan-mem,X26,Điểm thi THPT,2025,15.5,Khoa học máy tính -Chuyên ngành công nghệ phần mềm
24591,DDV,cong-nghe-sinh-hoc,A00,Điểm học bạ,2025,19.08,Công nghệ sinh học
24592,DDV,cong-nghe-sinh-hoc,B00,Điểm học bạ,2025,19.08,Công nghệ sinh học
24593,DDV,cong-nghe-sinh-hoc,B03,Điểm học bạ,2025,19.08,Công nghệ sinh học
24594,DDV,cong-nghe-sinh-hoc,B08,Điểm học bạ,2025,19.08,Công nghệ sinh học
24595,DDV,cong-nghe-sinh-hoc,D01,Điểm học bạ,2025,19.08,Công nghệ sinh học
24596,DDV,cong-nghe-sinh-hoc,D07,Điểm học bạ,2025,19.08,Công nghệ sinh học
24597,DDV,cong-nghe-sinh-hoc,A00,Điểm thi THPT,2025,15.25,Công nghệ sinh học
24598,DDV,cong-nghe-sinh-hoc,B00,Điểm thi THPT,2025,15.25,Công nghệ sinh học
24599,DDV,cong-nghe-sinh-hoc,B03,Điểm thi THPT,2025,15.25,Công nghệ sinh học
24600,DDV,cong-nghe-sinh-hoc,B08,Điểm thi THPT,2025,15.25,Công nghệ sinh học
24601,DDV,cong-nghe-sinh-hoc,D01,Điểm thi THPT,2025,15.25,Công nghệ sinh học
24602,DDV,cong-nghe-sinh-hoc,D07,Điểm thi THPT,2025,15.25,Công nghệ sinh học
24603,DDV,khoa-hoc-du-lieu,A00,Điểm thi THPT,2021,21.0,Khoa học và Kỹ thuật Máy tính – Chuyên ngành Khoa học Dữ liệu
24604,DDV,khoa-hoc-du-lieu,A01,Điểm thi THPT,2021,21.0,Khoa học và Kỹ thuật Máy tính – Chuyên ngành Khoa học Dữ liệu
24605,DDV,khoa-hoc-du-lieu,D01,Điểm thi THPT,2021,21.0,Khoa học và Kỹ thuật Máy tính – Chuyên ngành Khoa học Dữ liệu
24606,DDV,khoa-hoc-du-lieu,D90,Điểm thi THPT,2021,21.0,Khoa học và Kỹ thuật Máy tính – Chuyên ngành Khoa học Dữ liệu
24607,DDV,khoa-hoc-may-tinh,A00,Điểm học bạ,2025,19.85,Khoa học máy tính
24608,DDV,khoa-hoc-may-tinh,A01,Điểm học bạ,2025,19.85,Khoa học máy tính
24609,DDV,khoa-hoc-may-tinh,D01,Điểm học bạ,2025,19.85,Khoa học máy tính
24610,DDV,khoa-hoc-may-tinh,X02,Điểm học bạ,2025,19.85,Khoa học máy tính
24611,DDV,khoa-hoc-may-tinh,X06,Điểm học bạ,2025,19.85,Khoa học máy tính
24612,DDV,khoa-hoc-may-tinh,X26,Điểm học bạ,2025,19.85,Khoa học máy tính
24613,DDV,khoa-hoc-may-tinh,A00,Điểm thi THPT,2025,15.5,Khoa học máy tính
24614,DDV,khoa-hoc-may-tinh,A01,Điểm thi THPT,2025,15.5,Khoa học máy tính
24615,DDV,khoa-hoc-may-tinh,D01,Điểm thi THPT,2025,15.5,Khoa học máy tính
24616,DDV,khoa-hoc-may-tinh,X02,Điểm thi THPT,2025,15.5,Khoa học máy tính
24617,DDV,khoa-hoc-may-tinh,X06,Điểm thi THPT,2025,15.5,Khoa học máy tính
24618,DDV,khoa-hoc-may-tinh,X26,Điểm thi THPT,2025,15.5,Khoa học máy tính
24619,DDV,khoa-hoc-va-ky-thuat-may-tinh,A00,Điểm thi THPT,2021,20.0,Khoa học và Kỹ thuật Máy tính
24620,DDV,khoa-hoc-va-ky-thuat-may-tinh,A01,Điểm thi THPT,2021,20.0,Khoa học và Kỹ thuật Máy tính
24621,DDV,khoa-hoc-va-ky-thuat-may-tinh,D01,Điểm thi THPT,2021,20.0,Khoa học và Kỹ thuật Máy tính
24622,DDV,khoa-hoc-va-ky-thuat-may-tinh,D90,Điểm thi THPT,2021,20.0,Khoa học và Kỹ thuật Máy tính
24623,DDV,khoa-hoc-va-ky-thuat-may-tinh,A00,Điểm thi THPT,2022,19.0,Khoa học và Kỹ thuật Máy tính
24624,DDV,khoa-hoc-va-ky-thuat-may-tinh,A01,Điểm thi THPT,2022,19.0,Khoa học và Kỹ thuật Máy tính
24625,DDV,khoa-hoc-va-ky-thuat-may-tinh,D01,Điểm thi THPT,2022,19.0,Khoa học và Kỹ thuật Máy tính
24626,DDV,khoa-hoc-va-ky-thuat-may-tinh,D90,Điểm thi THPT,2022,19.0,Khoa học và Kỹ thuật Máy tính
24627,DDV,khoa-hoc-va-ky-thuat-may-tinh,A00,Điểm học bạ,2023,21.0,Khoa học Máy tính - Chuyên ngành Khoa học và Kỹ thuật Máy tính
24628,DDV,khoa-hoc-va-ky-thuat-may-tinh,A01,Điểm học bạ,2023,21.0,Khoa học Máy tính - Chuyên ngành Khoa học và Kỹ thuật Máy tính
24629,DDV,khoa-hoc-va-ky-thuat-may-tinh,D01,Điểm học bạ,2023,21.0,Khoa học Máy tính - Chuyên ngành Khoa học và Kỹ thuật Máy tính
24630,DDV,khoa-hoc-va-ky-thuat-may-tinh,K01,Điểm học bạ,2023,21.0,Khoa học Máy tính - Chuyên ngành Khoa học và Kỹ thuật Máy tính
24631,DDV,khoa-hoc-y-sinh,A00,Điểm thi THPT,2021,19.5,Khoa học Y Sinh
24632,DDV,khoa-hoc-y-sinh,B00,Điểm thi THPT,2021,19.5,Khoa học Y Sinh
24633,DDV,khoa-hoc-y-sinh,B08,Điểm thi THPT,2021,19.5,Khoa học Y Sinh
24634,DDV,khoa-hoc-y-sinh,D07,Điểm thi THPT,2021,19.5,Khoa học Y Sinh
24635,DDV,khoa-hoc-y-sinh,A00,Điểm học bạ,2023,21.0,Khoa học Y sinh
24636,DDV,khoa-hoc-y-sinh,B00,Điểm học bạ,2023,21.0,Khoa học Y sinh
24637,DDV,khoa-hoc-y-sinh,B08,Điểm học bạ,2023,21.0,Khoa học Y sinh
24638,DDV,khoa-hoc-y-sinh,D07,Điểm học bạ,2023,21.0,Khoa học Y sinh
24639,DDV,khoa-hoc-y-sinh,A00,Điểm thi THPT,2023,20.25,Khoa học Y Sinh
24640,DDV,khoa-hoc-y-sinh,B00,Điểm thi THPT,2023,20.25,Khoa học Y Sinh
24641,DDV,khoa-hoc-y-sinh,B08,Điểm thi THPT,2023,20.25,Khoa học Y Sinh
24642,DDV,khoa-hoc-y-sinh,D07,Điểm thi THPT,2023,20.25,Khoa học Y Sinh
24643,DDV,khoa-hoc-y-sinh,A00,Điểm thi THPT,2024,17.0,Khoa học Y Sinh
24644,DDV,khoa-hoc-y-sinh,B00,Điểm thi THPT,2024,17.0,Khoa học Y Sinh
24645,DDV,khoa-hoc-y-sinh,B08,Điểm thi THPT,2024,17.0,Khoa học Y Sinh
24646,DDV,khoa-hoc-y-sinh,D07,Điểm thi THPT,2024,17.0,Khoa học Y Sinh
24647,DDV,khoa-hoc-y-sinh,A00,Điểm học bạ,2025,21.46,Khoa học y sinh
24648,DDV,khoa-hoc-y-sinh,B00,Điểm học bạ,2025,21.46,Khoa học y sinh
24649,DDV,khoa-hoc-y-sinh,B03,Điểm học bạ,2025,21.46,Khoa học y sinh
24650,DDV,khoa-hoc-y-sinh,B08,Điểm học bạ,2025,21.46,Khoa học y sinh
24651,DDV,khoa-hoc-y-sinh,D01,Điểm học bạ,2025,21.46,Khoa học y sinh
24652,DDV,khoa-hoc-y-sinh,D07,Điểm học bạ,2025,21.46,Khoa học y sinh
24653,DDV,khoa-hoc-y-sinh,A00,Điểm thi THPT,2025,16.0,Khoa học y sinh
24654,DDV,khoa-hoc-y-sinh,B00,Điểm thi THPT,2025,16.0,Khoa học y sinh
24655,DDV,khoa-hoc-y-sinh,B03,Điểm thi THPT,2025,16.0,Khoa học y sinh
24656,DDV,khoa-hoc-y-sinh,B08,Điểm thi THPT,2025,16.0,Khoa học y sinh
24657,DDV,khoa-hoc-y-sinh,D01,Điểm thi THPT,2025,16.0,Khoa học y sinh
24658,DDV,khoa-hoc-y-sinh,D07,Điểm thi THPT,2025,16.0,Khoa học y sinh
24659,DDV,kinh-doanh-quoc-te,A01,Điểm học bạ,2025,19.08,Kinh doanh quốc tế
24660,DDV,kinh-doanh-quoc-te,A07,Điểm học bạ,2025,19.08,Kinh doanh quốc tế
24661,DDV,kinh-doanh-quoc-te,D01,Điểm học bạ,2025,19.08,Kinh doanh quốc tế
24662,DDV,kinh-doanh-quoc-te,D07,Điểm học bạ,2025,19.08,Kinh doanh quốc tế
24663,DDV,kinh-doanh-quoc-te,D09,Điểm học bạ,2025,19.08,Kinh doanh quốc tế
24664,DDV,kinh-doanh-quoc-te,D10,Điểm học bạ,2025,19.08,Kinh doanh quốc tế
24665,DDV,kinh-doanh-quoc-te,A01,Điểm thi THPT,2025,15.25,Kinh doanh quốc tế
24666,DDV,kinh-doanh-quoc-te,A07,Điểm thi THPT,2025,15.25,Kinh doanh quốc tế
24667,DDV,kinh-doanh-quoc-te,D01,Điểm thi THPT,2025,15.25,Kinh doanh quốc tế
24668,DDV,kinh-doanh-quoc-te,D07,Điểm thi THPT,2025,15.25,Kinh doanh quốc tế
24669,DDV,kinh-doanh-quoc-te,D09,Điểm thi THPT,2025,15.25,Kinh doanh quốc tế
24670,DDV,kinh-doanh-quoc-te,D10,Điểm thi THPT,2025,15.25,Kinh doanh quốc tế
24671,DDV,ky-thuat-may-tinh,A00,Điểm học bạ,2025,18.85,Kỹ thuật máy tính
24672,DDV,ky-thuat-may-tinh,A01,Điểm học bạ,2025,18.85,Kỹ thuật máy tính
24673,DDV,ky-thuat-may-tinh,D01,Điểm học bạ,2025,18.85,Kỹ thuật máy tính
24674,DDV,ky-thuat-may-tinh,X02,Điểm học bạ,2025,18.85,Kỹ thuật máy tính
24675,DDV,ky-thuat-may-tinh,X06,Điểm học bạ,2025,18.85,Kỹ thuật máy tính
24676,DDV,ky-thuat-may-tinh,X26,Điểm học bạ,2025,18.85,Kỹ thuật máy tính
24677,DDV,ky-thuat-may-tinh,A00,Điểm thi THPT,2025,15.15,Kỹ thuật máy tính
24678,DDV,ky-thuat-may-tinh,A01,Điểm thi THPT,2025,15.15,Kỹ thuật máy tính
24679,DDV,ky-thuat-may-tinh,D01,Điểm thi THPT,2025,15.15,Kỹ thuật máy tính
24680,DDV,ky-thuat-may-tinh,X02,Điểm thi THPT,2025,15.15,Kỹ thuật máy tính
24681,DDV,ky-thuat-may-tinh,X06,Điểm thi THPT,2025,15.15,Kỹ thuật máy tính
24682,DDV,ky-thuat-may-tinh,X26,Điểm thi THPT,2025,15.15,Kỹ thuật máy tính
24683,DDV,quan-tri-du-lich-va-khach-san-quoc-te,A00,Điểm thi THPT,2021,19.8,Quản trị & Kinh doanh quốc tế – Chuyên ngành Quản trị Du lịch và Khách sạn quốc tế
24684,DDV,quan-tri-du-lich-va-khach-san-quoc-te,A01,Điểm thi THPT,2021,19.8,Quản trị & Kinh doanh quốc tế – Chuyên ngành Quản trị Du lịch và Khách sạn quốc tế
24685,DDV,quan-tri-du-lich-va-khach-san-quoc-te,D01,Điểm thi THPT,2021,19.8,Quản trị & Kinh doanh quốc tế – Chuyên ngành Quản trị Du lịch và Khách sạn quốc tế
24686,DDV,quan-tri-du-lich-va-khach-san-quoc-te,D10,Điểm thi THPT,2021,19.8,Quản trị & Kinh doanh quốc tế – Chuyên ngành Quản trị Du lịch và Khách sạn quốc tế
24687,DDV,quan-tri-khach-san,A01,Điểm học bạ,2025,20.12,Quản trị khách sạn
24688,DDV,quan-tri-khach-san,A07,Điểm học bạ,2025,20.12,Quản trị khách sạn
24689,DDV,quan-tri-khach-san,D01,Điểm học bạ,2025,20.12,Quản trị khách sạn
24690,DDV,quan-tri-khach-san,D07,Điểm học bạ,2025,20.12,Quản trị khách sạn
24691,DDV,quan-tri-khach-san,D09,Điểm học bạ,2025,20.12,Quản trị khách sạn
24692,DDV,quan-tri-khach-san,D10,Điểm học bạ,2025,20.12,Quản trị khách sạn
24693,DDV,quan-tri-khach-san,A01,Điểm thi THPT,2025,15.5,Quản trị khách sạn
24694,DDV,quan-tri-khach-san,A07,Điểm thi THPT,2025,15.5,Quản trị khách sạn
24695,DDV,quan-tri-khach-san,D01,Điểm thi THPT,2025,15.5,Quản trị khách sạn
24696,DDV,quan-tri-khach-san,D07,Điểm thi THPT,2025,15.5,Quản trị khách sạn
24697,DDV,quan-tri-khach-san,D09,Điểm thi THPT,2025,15.5,Quản trị khách sạn
24698,DDV,quan-tri-khach-san,D10,Điểm thi THPT,2025,15.5,Quản trị khách sạn
24699,DDV,quan-tri-kinh-doanh-quoc-te,A00,Điểm thi THPT,2021,19.5,Quản trị & Kinh doanh quốc tế
24700,DDV,quan-tri-kinh-doanh-quoc-te,A01,Điểm thi THPT,2021,19.5,Quản trị & Kinh doanh quốc tế
24701,DDV,quan-tri-kinh-doanh-quoc-te,D01,Điểm thi THPT,2021,19.5,Quản trị & Kinh doanh quốc tế
24702,DDV,quan-tri-kinh-doanh-quoc-te,D10,Điểm thi THPT,2021,19.5,Quản trị & Kinh doanh quốc tế
24703,DDV,quan-tri-va-kinh-doanh-quoc-te,A01,Điểm thi THPT,2022,19.0,Quản trị và Kinh doanh Quốc tế
24704,DDV,quan-tri-va-kinh-doanh-quoc-te,D01,Điểm thi THPT,2022,19.0,Quản trị và Kinh doanh Quốc tế
24705,DDV,quan-tri-va-kinh-doanh-quoc-te,D07,Điểm thi THPT,2022,19.0,Quản trị và Kinh doanh Quốc tế
24706,DDV,quan-tri-va-kinh-doanh-quoc-te,D10,Điểm thi THPT,2022,19.0,Quản trị và Kinh doanh Quốc tế
24707,DDV,quan-tri-va-kinh-doanh-quoc-te,A01,Điểm học bạ,2023,21.0,Quản trị và Kinh doanh Quốc tế
24708,DDV,quan-tri-va-kinh-doanh-quoc-te,D01,Điểm học bạ,2023,21.0,Quản trị và Kinh doanh Quốc tế
24709,DDV,quan-tri-va-kinh-doanh-quoc-te,D07,Điểm học bạ,2023,21.0,Quản trị và Kinh doanh Quốc tế
24710,DDV,quan-tri-va-kinh-doanh-quoc-te,D10,Điểm học bạ,2023,21.0,Quản trị và Kinh doanh Quốc tế
24711,DDV,quan-tri-va-kinh-doanh-quoc-te,A01,Điểm thi THPT,2023,18.0,Quản trị và Kinh doanh Quốc tế
24712,DDV,quan-tri-va-kinh-doanh-quoc-te,D01,Điểm thi THPT,2023,18.0,Quản trị và Kinh doanh Quốc tế
24713,DDV,quan-tri-va-kinh-doanh-quoc-te,D07,Điểm thi THPT,2023,18.0,Quản trị và Kinh doanh Quốc tế
24714,DDV,quan-tri-va-kinh-doanh-quoc-te,D10,Điểm thi THPT,2023,18.0,Quản trị và Kinh doanh Quốc tế
24715,DDV,quan-tri-va-kinh-doanh-quoc-te,A01,Điểm thi THPT,2024,17.0,Quản trị và Kinh doanh Quốc tế
24716,DDV,quan-tri-va-kinh-doanh-quoc-te,D01,Điểm thi THPT,2024,17.0,Quản trị và Kinh doanh Quốc tế
24717,DDV,quan-tri-va-kinh-doanh-quoc-te,D07,Điểm thi THPT,2024,17.0,Quản trị và Kinh doanh Quốc tế
24718,DDV,quan-tri-va-kinh-doanh-quoc-te,D10,Điểm thi THPT,2024,17.0,Quản trị và Kinh doanh Quốc tế
24719,DDY,dieu-duong,B00,Điểm thi THPT,2021,20.65,Điều dưỡng
24720,DDY,dieu-duong,B00,Điểm thi THPT,2022,19.1,Điều dưỡng
24721,DDY,dieu-duong,B08,Điểm thi THPT,2022,19.1,Điều dưỡng
24722,DDY,dieu-duong,B00,Điểm học bạ,2023,24.27,Điều dưỡng
24723,DDY,dieu-duong,B08,Điểm học bạ,2023,24.27,Điều dưỡng
24724,DDY,dieu-duong,B00,Điểm thi THPT,2023,20.95,Điều dưỡng
24725,DDY,dieu-duong,B08,Điểm thi THPT,2023,20.95,Điều dưỡng
24726,DDY,dieu-duong,B00,Điểm học bạ,2024,25.59,Điều dưỡng
24727,DDY,dieu-duong,B08,Điểm học bạ,2024,25.59,Điều dưỡng
24728,DDY,dieu-duong,B00,Điểm thi THPT,2024,22.65,Điều dưỡng
24729,DDY,dieu-duong,B08,Điểm thi THPT,2024,22.65,Điều dưỡng
24730,DDY,dieu-duong,A00,Điểm học bạ,2025,24.86,Điều dưỡng
24731,DDY,dieu-duong,B00,Điểm học bạ,2025,24.86,Điều dưỡng
24732,DDY,dieu-duong,B08,Điểm học bạ,2025,24.86,Điều dưỡng
24733,DDY,dieu-duong,D07,Điểm học bạ,2025,24.86,Điều dưỡng
24734,DDY,dieu-duong,A00,Điểm thi THPT,2025,18.8,Điều dưỡng
24735,DDY,dieu-duong,B00,Điểm thi THPT,2025,18.8,Điều dưỡng
24736,DDY,dieu-duong,B08,Điểm thi THPT,2025,18.8,Điều dưỡng
24737,DDY,dieu-duong,D07,Điểm thi THPT,2025,18.8,Điều dưỡng
24738,DDY,duoc-hoc,A00,Điểm thi THPT,2021,25.95,Dược học
24739,DDY,duoc-hoc,B00,Điểm thi THPT,2021,25.95,Dược học
24740,DDY,duoc-hoc,A00,Điểm thi THPT,2022,24.75,Dược học
24741,DDY,duoc-hoc,B00,Điểm thi THPT,2022,24.75,Dược học
24742,DDY,duoc-hoc,A00,Điểm thi THPT,2023,24.56,Dược học
24743,DDY,duoc-hoc,B00,Điểm thi THPT,2023,24.56,Dược học
24744,DDY,duoc-hoc,D07,Điểm thi THPT,2023,24.56,Dược học
24745,DDY,duoc-hoc,A00,Điểm thi THPT,2024,24.45,Dược học
24746,DDY,duoc-hoc,B00,Điểm thi THPT,2024,24.45,Dược học
24747,DDY,duoc-hoc,D07,Điểm thi THPT,2024,24.45,Dược học
24748,DDY,duoc-hoc,A00,Điểm thi THPT,2025,19.5,Dược học
24749,DDY,duoc-hoc,B00,Điểm thi THPT,2025,19.5,Dược học
24750,DDY,duoc-hoc,D07,Điểm thi THPT,2025,19.5,Dược học
24751,DDY,hoa-duoc,A00,Điểm học bạ,2025,23.5,Hóa dược
24752,DDY,hoa-duoc,A01,Điểm học bạ,2025,23.5,Hóa dược
24753,DDY,hoa-duoc,B00,Điểm học bạ,2025,23.5,Hóa dược
24754,DDY,hoa-duoc,D07,Điểm học bạ,2025,23.5,Hóa dược
24755,DDY,hoa-duoc,A00,Điểm thi THPT,2025,16.5,Hóa dược
24756,DDY,hoa-duoc,A01,Điểm thi THPT,2025,16.5,Hóa dược
24757,DDY,hoa-duoc,B00,Điểm thi THPT,2025,16.5,Hóa dược
24758,DDY,hoa-duoc,D07,Điểm thi THPT,2025,16.5,Hóa dược
24759,DDY,ky-thuat-xet-nghiem-y-hoc,B00,Điểm thi THPT,2023,19.05,Kỹ thuật xét nghiệm y học
24760,DDY,ky-thuat-xet-nghiem-y-hoc,B08,Điểm thi THPT,2023,19.05,Kỹ thuật xét nghiệm y học
24761,DDY,ky-thuat-xet-nghiem-y-hoc,A00,Điểm học bạ,2024,26.2,Kỹ thuật xét nghiệm y học
24762,DDY,ky-thuat-xet-nghiem-y-hoc,B00,Điểm học bạ,2024,26.2,Kỹ thuật xét nghiệm y học
24763,DDY,ky-thuat-xet-nghiem-y-hoc,B08,Điểm học bạ,2024,26.2,Kỹ thuật xét nghiệm y học
24764,DDY,ky-thuat-xet-nghiem-y-hoc,A00,Điểm thi THPT,2024,22.35,Kỹ thuật xét nghiệm y học
24765,DDY,ky-thuat-xet-nghiem-y-hoc,B00,Điểm thi THPT,2024,22.35,Kỹ thuật xét nghiệm y học
24766,DDY,ky-thuat-xet-nghiem-y-hoc,B08,Điểm thi THPT,2024,22.35,Kỹ thuật xét nghiệm y học
24767,DDY,ky-thuat-xet-nghiem-y-hoc,A00,Điểm học bạ,2025,25.35,Kỹ thuật xét nghiệm y học
24768,DDY,ky-thuat-xet-nghiem-y-hoc,B00,Điểm học bạ,2025,25.35,Kỹ thuật xét nghiệm y học
24769,DDY,ky-thuat-xet-nghiem-y-hoc,B08,Điểm học bạ,2025,25.35,Kỹ thuật xét nghiệm y học
24770,DDY,ky-thuat-xet-nghiem-y-hoc,A00,Điểm thi THPT,2025,19.85,Kỹ thuật xét nghiệm y học
24771,DDY,ky-thuat-xet-nghiem-y-hoc,B00,Điểm thi THPT,2025,19.85,Kỹ thuật xét nghiệm y học
24772,DDY,ky-thuat-xet-nghiem-y-hoc,B08,Điểm thi THPT,2025,19.85,Kỹ thuật xét nghiệm y học
24773,DDY,rang-ham-mat,B00,Điểm thi THPT,2021,26.55,Răng-Hàm-Mặt
24774,DDY,rang-ham-mat,B00,Điểm thi THPT,2022,25.7,Răng - Hàm - Mặt
24775,DDY,rang-ham-mat,B08,Điểm thi THPT,2022,25.7,Răng - Hàm - Mặt
24776,DDY,rang-ham-mat,B00,Điểm thi THPT,2023,25.52,Răng - Hàm - Mặt
24777,DDY,rang-ham-mat,B08,Điểm thi THPT,2023,25.52,Răng - Hàm - Mặt
24778,DDY,rang-ham-mat,B00,Điểm thi THPT,2024,25.57,Răng - Hàm - Mặt
24779,DDY,rang-ham-mat,B08,Điểm thi THPT,2024,25.57,Răng - Hàm - Mặt
24780,DDY,rang-ham-mat,B00,Điểm thi THPT,2025,23.23,Răng - Hàm - Mặt
24781,DDY,rang-ham-mat,B08,Điểm thi THPT,2025,23.23,Răng - Hàm - Mặt
24782,DDY,tam-li-hoc,B00,Điểm học bạ,2025,24.3,Tâm lí học (Định hướng lâm sàng)
24783,DDY,tam-li-hoc,B03,Điểm học bạ,2025,24.3,Tâm lí học (Định hướng lâm sàng)
24784,DDY,tam-li-hoc,B08,Điểm học bạ,2025,24.3,Tâm lí học (Định hướng lâm sàng)
24785,DDY,tam-li-hoc,D01,Điểm học bạ,2025,24.3,Tâm lí học (Định hướng lâm sàng)
24786,DDY,tam-li-hoc,B00,Điểm thi THPT,2025,17.7,Tâm lí học (Định hướng lâm sàng)
24787,DDY,tam-li-hoc,B03,Điểm thi THPT,2025,17.7,Tâm lí học (Định hướng lâm sàng)
24788,DDY,tam-li-hoc,B08,Điểm thi THPT,2025,17.7,Tâm lí học (Định hướng lâm sàng)
24789,DDY,tam-li-hoc,D01,Điểm thi THPT,2025,17.7,Tâm lí học (Định hướng lâm sàng)
24790,DDY,y-khoa,B00,Điểm thi THPT,2021,26.55,Y khoa
24791,DDY,y-khoa,B00,Điểm thi THPT,2022,25.45,Y khoa
24792,DDY,y-khoa,B08,Điểm thi THPT,2022,25.45,Y khoa
24793,DDY,y-khoa,B00,Điểm thi THPT,2023,25.05,Y khoa
24794,DDY,y-khoa,B08,Điểm thi THPT,2023,25.05,Y khoa
24795,DDY,y-khoa,B00,Điểm thi THPT,2024,25.55,Y khoa
24796,DDY,y-khoa,B08,Điểm thi THPT,2024,25.55,Y khoa
24797,DDY,y-khoa,B00,Điểm thi THPT,2025,23.0,Y khoa
24798,DDY,y-khoa,B08,Điểm thi THPT,2025,23.0,Y khoa
24799,DFA,he-thong-thong-tin-quan-ly,A00,Điểm học bạ,2022,18.0,Hệ thống thông tin quản lý
24800,DFA,he-thong-thong-tin-quan-ly,A01,Điểm học bạ,2022,18.0,Hệ thống thông tin quản lý
24801,DFA,he-thong-thong-tin-quan-ly,C01,Điểm học bạ,2022,18.0,Hệ thống thông tin quản lý
24802,DFA,he-thong-thong-tin-quan-ly,D01,Điểm học bạ,2022,18.0,Hệ thống thông tin quản lý
24803,DFA,he-thong-thong-tin-quan-ly,A00,Điểm thi THPT,2022,15.0,Hệ thống thông tin quản lý
24804,DFA,he-thong-thong-tin-quan-ly,A01,Điểm thi THPT,2022,15.0,Hệ thống thông tin quản lý
24805,DFA,he-thong-thong-tin-quan-ly,C01,Điểm thi THPT,2022,15.0,Hệ thống thông tin quản lý
24806,DFA,he-thong-thong-tin-quan-ly,D01,Điểm thi THPT,2022,15.0,Hệ thống thông tin quản lý
24807,DFA,he-thong-thong-tin-quan-ly,A00,Điểm học bạ,2023,18.0,Hệ thống thông tin quản lý (Chuyên ngành: Công nghệ Thương mại điện tử)
24808,DFA,he-thong-thong-tin-quan-ly,A01,Điểm học bạ,2023,18.0,Hệ thống thông tin quản lý (Chuyên ngành: Công nghệ Thương mại điện tử)
24809,DFA,he-thong-thong-tin-quan-ly,C01,Điểm học bạ,2023,18.0,Hệ thống thông tin quản lý (Chuyên ngành: Công nghệ Thương mại điện tử)
24810,DFA,he-thong-thong-tin-quan-ly,D01,Điểm học bạ,2023,18.0,Hệ thống thông tin quản lý (Chuyên ngành: Công nghệ Thương mại điện tử)
24811,DFA,he-thong-thong-tin-quan-ly,A00,Điểm thi THPT,2023,15.0,Hệ thống thông tin quản lý (Chuyên ngành: Công nghệ Thương mại điện tử)
24812,DFA,he-thong-thong-tin-quan-ly,A01,Điểm thi THPT,2023,15.0,Hệ thống thông tin quản lý (Chuyên ngành: Công nghệ Thương mại điện tử)
24813,DFA,he-thong-thong-tin-quan-ly,C01,Điểm thi THPT,2023,15.0,Hệ thống thông tin quản lý (Chuyên ngành: Công nghệ Thương mại điện tử)
24814,DFA,he-thong-thong-tin-quan-ly,D01,Điểm thi THPT,2023,15.0,Hệ thống thông tin quản lý (Chuyên ngành: Công nghệ Thương mại điện tử)
24815,DFA,he-thong-thong-tin-quan-ly,A00,Điểm học bạ,2024,18.0,Hệ thống thông tin quản lý (Chuyên ngành: Công nghệ Thương mại điện tử)
24816,DFA,he-thong-thong-tin-quan-ly,A01,Điểm học bạ,2024,18.0,Hệ thống thông tin quản lý (Chuyên ngành: Công nghệ Thương mại điện tử)
24817,DFA,he-thong-thong-tin-quan-ly,C01,Điểm học bạ,2024,18.0,Hệ thống thông tin quản lý (Chuyên ngành: Công nghệ Thương mại điện tử)
24818,DFA,he-thong-thong-tin-quan-ly,D01,Điểm học bạ,2024,18.0,Hệ thống thông tin quản lý (Chuyên ngành: Công nghệ Thương mại điện tử)
24819,DFA,he-thong-thong-tin-quan-ly,A00,Điểm thi THPT,2024,15.0,Hệ thống thông tin quản lý (Chuyên ngành: Công nghệ Thương mại điện tử)
24820,DFA,he-thong-thong-tin-quan-ly,A01,Điểm thi THPT,2024,15.0,Hệ thống thông tin quản lý (Chuyên ngành: Công nghệ Thương mại điện tử)
24821,DFA,he-thong-thong-tin-quan-ly,C01,Điểm thi THPT,2024,15.0,Hệ thống thông tin quản lý (Chuyên ngành: Công nghệ Thương mại điện tử)
24822,DFA,he-thong-thong-tin-quan-ly,D01,Điểm thi THPT,2024,15.0,Hệ thống thông tin quản lý (Chuyên ngành: Công nghệ Thương mại điện tử)
24823,DFA,he-thong-thong-tin-quan-ly,A00,Điểm học bạ,2025,15.0,Hệ thống thông tin quản lý
24824,DFA,he-thong-thong-tin-quan-ly,A01,Điểm học bạ,2025,15.0,Hệ thống thông tin quản lý
24825,DFA,he-thong-thong-tin-quan-ly,C01,Điểm học bạ,2025,15.0,Hệ thống thông tin quản lý
24826,DFA,he-thong-thong-tin-quan-ly,D01,Điểm học bạ,2025,15.0,Hệ thống thông tin quản lý
24827,DFA,he-thong-thong-tin-quan-ly,A00,Điểm thi THPT,2025,15.0,Hệ thống thông tin quản lý
24828,DFA,he-thong-thong-tin-quan-ly,A01,Điểm thi THPT,2025,15.0,Hệ thống thông tin quản lý
24829,DFA,he-thong-thong-tin-quan-ly,C01,Điểm thi THPT,2025,15.0,Hệ thống thông tin quản lý
24830,DFA,he-thong-thong-tin-quan-ly,D01,Điểm thi THPT,2025,15.0,Hệ thống thông tin quản lý
24831,DFA,ke-toan,A00,Điểm học bạ,2022,18.0,Kế toán
24832,DFA,ke-toan,A01,Điểm học bạ,2022,18.0,Kế toán
24833,DFA,ke-toan,C03,Điểm học bạ,2022,18.0,Kế toán
24834,DFA,ke-toan,D01,Điểm học bạ,2022,18.0,Kế toán
24835,DFA,ke-toan,A00,Điểm thi THPT,2022,15.0,Kế toán
24836,DFA,ke-toan,A01,Điểm thi THPT,2022,15.0,Kế toán
24837,DFA,ke-toan,C03,Điểm thi THPT,2022,15.0,Kế toán
24838,DFA,ke-toan,D01,Điểm thi THPT,2022,15.0,Kế toán
24839,DFA,ke-toan,A00,Điểm học bạ,2023,18.0,"Ké toán (Chuyên ngành: Kế toán công, Kế toán doanh nghiệp, Kế toán tin)"
24840,DFA,ke-toan,A01,Điểm học bạ,2023,18.0,"Ké toán (Chuyên ngành: Kế toán công, Kế toán doanh nghiệp, Kế toán tin)"
24841,DFA,ke-toan,C03,Điểm học bạ,2023,18.0,"Ké toán (Chuyên ngành: Kế toán công, Kế toán doanh nghiệp, Kế toán tin)"
24842,DFA,ke-toan,D01,Điểm học bạ,2023,18.0,"Ké toán (Chuyên ngành: Kế toán công, Kế toán doanh nghiệp, Kế toán tin)"
24843,DFA,ke-toan,A00,Điểm thi THPT,2023,15.0,"Ké toán (Chuyên ngành: Kế toán công, Kế toán doanh nghiệp, Kế toán tin)"
24844,DFA,ke-toan,A01,Điểm thi THPT,2023,15.0,"Ké toán (Chuyên ngành: Kế toán công, Kế toán doanh nghiệp, Kế toán tin)"
24845,DFA,ke-toan,C03,Điểm thi THPT,2023,15.0,"Ké toán (Chuyên ngành: Kế toán công, Kế toán doanh nghiệp, Kế toán tin)"
24846,DFA,ke-toan,D01,Điểm thi THPT,2023,15.0,"Ké toán (Chuyên ngành: Kế toán công, Kế toán doanh nghiệp, Kế toán tin)"
24847,DFA,ke-toan,A00,Điểm học bạ,2024,18.0,"Kế toán (Chuyên ngành: Kế toán công, Kế toán doanh nghiệp, Kế toán tin)"
24848,DFA,ke-toan,A01,Điểm học bạ,2024,18.0,"Kế toán (Chuyên ngành: Kế toán công, Kế toán doanh nghiệp, Kế toán tin)"
24849,DFA,ke-toan,C03,Điểm học bạ,2024,18.0,"Kế toán (Chuyên ngành: Kế toán công, Kế toán doanh nghiệp, Kế toán tin)"
24850,DFA,ke-toan,D01,Điểm học bạ,2024,18.0,"Kế toán (Chuyên ngành: Kế toán công, Kế toán doanh nghiệp, Kế toán tin)"
24851,DFA,ke-toan,A00,Điểm thi THPT,2024,15.0,"Kế toán (Chuyên ngành: Kế toán công, Kế toán doanh nghiệp, Kế toán tin)"
24852,DFA,ke-toan,A01,Điểm thi THPT,2024,15.0,"Kế toán (Chuyên ngành: Kế toán công, Kế toán doanh nghiệp, Kế toán tin)"
24853,DFA,ke-toan,C03,Điểm thi THPT,2024,15.0,"Kế toán (Chuyên ngành: Kế toán công, Kế toán doanh nghiệp, Kế toán tin)"
24854,DFA,ke-toan,D01,Điểm thi THPT,2024,15.0,"Kế toán (Chuyên ngành: Kế toán công, Kế toán doanh nghiệp, Kế toán tin)"
24855,DFA,ke-toan,A00,Điểm học bạ,2025,15.0,Kế toán
24856,DFA,ke-toan,A01,Điểm học bạ,2025,15.0,Kế toán
24857,DFA,ke-toan,C03,Điểm học bạ,2025,15.0,Kế toán
24858,DFA,ke-toan,D01,Điểm học bạ,2025,15.0,Kế toán
24859,DFA,ke-toan,A00,Điểm thi THPT,2025,15.0,Kế toán
24860,DFA,ke-toan,A01,Điểm thi THPT,2025,15.0,Kế toán
24861,DFA,ke-toan,C03,Điểm thi THPT,2025,15.0,Kế toán
24862,DFA,ke-toan,D01,Điểm thi THPT,2025,15.0,Kế toán
24863,DFA,kiem-toan,A00,Điểm học bạ,2022,18.0,Kiểm toán
24864,DFA,kiem-toan,A01,Điểm học bạ,2022,18.0,Kiểm toán
24865,DFA,kiem-toan,C03,Điểm học bạ,2022,18.0,Kiểm toán
24866,DFA,kiem-toan,D01,Điểm học bạ,2022,18.0,Kiểm toán
24867,DFA,kiem-toan,A00,Điểm thi THPT,2022,15.0,Kiểm toán
24868,DFA,kiem-toan,A01,Điểm thi THPT,2022,15.0,Kiểm toán
24869,DFA,kiem-toan,C03,Điểm thi THPT,2022,15.0,Kiểm toán
24870,DFA,kiem-toan,D01,Điểm thi THPT,2022,15.0,Kiểm toán
24871,DFA,kiem-toan,A00,Điểm học bạ,2023,18.0,Kiểm toán (Chuyên ngành: Kiểm toán)
24872,DFA,kiem-toan,A01,Điểm học bạ,2023,18.0,Kiểm toán (Chuyên ngành: Kiểm toán)
24873,DFA,kiem-toan,C03,Điểm học bạ,2023,18.0,Kiểm toán (Chuyên ngành: Kiểm toán)
24874,DFA,kiem-toan,D01,Điểm học bạ,2023,18.0,Kiểm toán (Chuyên ngành: Kiểm toán)
24875,DFA,kiem-toan,A00,Điểm thi THPT,2023,15.0,Kiểm toán (Chuyên ngành: Kiểm toán)
24876,DFA,kiem-toan,A01,Điểm thi THPT,2023,15.0,Kiểm toán (Chuyên ngành: Kiểm toán)
24877,DFA,kiem-toan,C03,Điểm thi THPT,2023,15.0,Kiểm toán (Chuyên ngành: Kiểm toán)
24878,DFA,kiem-toan,D01,Điểm thi THPT,2023,15.0,Kiểm toán (Chuyên ngành: Kiểm toán)
24879,DFA,kiem-toan,A00,Điểm học bạ,2024,18.0,Kiểm toán (Chuyên ngành: Kiểm toán)
24880,DFA,kiem-toan,A01,Điểm học bạ,2024,18.0,Kiểm toán (Chuyên ngành: Kiểm toán)
24881,DFA,kiem-toan,C03,Điểm học bạ,2024,18.0,Kiểm toán (Chuyên ngành: Kiểm toán)
24882,DFA,kiem-toan,D01,Điểm học bạ,2024,18.0,Kiểm toán (Chuyên ngành: Kiểm toán)
24883,DFA,kiem-toan,A00,Điểm thi THPT,2024,15.0,Kiểm toán (Chuyên ngành: Kiểm toán)
24884,DFA,kiem-toan,A01,Điểm thi THPT,2024,15.0,Kiểm toán (Chuyên ngành: Kiểm toán)
24885,DFA,kiem-toan,C03,Điểm thi THPT,2024,15.0,Kiểm toán (Chuyên ngành: Kiểm toán)
24886,DFA,kiem-toan,D01,Điểm thi THPT,2024,15.0,Kiểm toán (Chuyên ngành: Kiểm toán)
24887,DFA,kiem-toan,A00,Điểm học bạ,2025,15.0,Kiểm toán
24888,DFA,kiem-toan,A01,Điểm học bạ,2025,15.0,Kiểm toán
24889,DFA,kiem-toan,C03,Điểm học bạ,2025,15.0,Kiểm toán
24890,DFA,kiem-toan,D01,Điểm học bạ,2025,15.0,Kiểm toán
24891,DFA,kiem-toan,A00,Điểm thi THPT,2025,15.0,Kiểm toán
24892,DFA,kiem-toan,A01,Điểm thi THPT,2025,15.0,Kiểm toán
24893,DFA,kiem-toan,C03,Điểm thi THPT,2025,15.0,Kiểm toán
24894,DFA,kiem-toan,D01,Điểm thi THPT,2025,15.0,Kiểm toán
24895,DFA,kinh-doanh-quoc-te,A00,Điểm học bạ,2022,18.0,Kinh doanh quốc tế
24896,DFA,kinh-doanh-quoc-te,A01,Điểm học bạ,2022,18.0,Kinh doanh quốc tế
24897,DFA,kinh-doanh-quoc-te,C14,Điểm học bạ,2022,18.0,Kinh doanh quốc tế
24898,DFA,kinh-doanh-quoc-te,D01,Điểm học bạ,2022,18.0,Kinh doanh quốc tế
24899,DFA,kinh-doanh-quoc-te,A00,Điểm thi THPT,2022,15.0,Kinh doanh quốc tế
24900,DFA,kinh-doanh-quoc-te,A01,Điểm thi THPT,2022,15.0,Kinh doanh quốc tế
24901,DFA,kinh-doanh-quoc-te,C14,Điểm thi THPT,2022,15.0,Kinh doanh quốc tế
24902,DFA,kinh-doanh-quoc-te,D01,Điểm thi THPT,2022,15.0,Kinh doanh quốc tế
24903,DFA,kinh-doanh-quoc-te,A00,Điểm học bạ,2023,18.0,Kinh doanh quốc tế (Chuyên ngành: Thương mại quốc tế)
24904,DFA,kinh-doanh-quoc-te,A01,Điểm học bạ,2023,18.0,Kinh doanh quốc tế (Chuyên ngành: Thương mại quốc tế)
24905,DFA,kinh-doanh-quoc-te,C14,Điểm học bạ,2023,18.0,Kinh doanh quốc tế (Chuyên ngành: Thương mại quốc tế)
24906,DFA,kinh-doanh-quoc-te,D01,Điểm học bạ,2023,18.0,Kinh doanh quốc tế (Chuyên ngành: Thương mại quốc tế)
24907,DFA,kinh-doanh-quoc-te,A00,Điểm thi THPT,2023,15.0,Kinh doanh quốc tế (Chuyên ngành: Thương mại quốc tế)
24908,DFA,kinh-doanh-quoc-te,A01,Điểm thi THPT,2023,15.0,Kinh doanh quốc tế (Chuyên ngành: Thương mại quốc tế)
24909,DFA,kinh-doanh-quoc-te,C14,Điểm thi THPT,2023,15.0,Kinh doanh quốc tế (Chuyên ngành: Thương mại quốc tế)
24910,DFA,kinh-doanh-quoc-te,D01,Điểm thi THPT,2023,15.0,Kinh doanh quốc tế (Chuyên ngành: Thương mại quốc tế)
24911,DFA,kinh-doanh-quoc-te,A00,Điểm học bạ,2024,18.0,Kinh doanh quốc tế (Chuyên ngành: Thương mại quốc tế)
24912,DFA,kinh-doanh-quoc-te,A01,Điểm học bạ,2024,18.0,Kinh doanh quốc tế (Chuyên ngành: Thương mại quốc tế)
24913,DFA,kinh-doanh-quoc-te,C14,Điểm học bạ,2024,18.0,Kinh doanh quốc tế (Chuyên ngành: Thương mại quốc tế)
24914,DFA,kinh-doanh-quoc-te,D01,Điểm học bạ,2024,18.0,Kinh doanh quốc tế (Chuyên ngành: Thương mại quốc tế)
24915,DFA,kinh-doanh-quoc-te,A00,Điểm thi THPT,2024,15.0,Kinh doanh quốc tế (Chuyên ngành: Thương mại quốc tế)
24916,DFA,kinh-doanh-quoc-te,A01,Điểm thi THPT,2024,15.0,Kinh doanh quốc tế (Chuyên ngành: Thương mại quốc tế)
24917,DFA,kinh-doanh-quoc-te,C14,Điểm thi THPT,2024,15.0,Kinh doanh quốc tế (Chuyên ngành: Thương mại quốc tế)
24918,DFA,kinh-doanh-quoc-te,D01,Điểm thi THPT,2024,15.0,Kinh doanh quốc tế (Chuyên ngành: Thương mại quốc tế)
24919,DFA,kinh-doanh-quoc-te,A00,Điểm học bạ,2025,15.0,Kinh doanh quốc tế
24920,DFA,kinh-doanh-quoc-te,A01,Điểm học bạ,2025,15.0,Kinh doanh quốc tế
24921,DFA,kinh-doanh-quoc-te,C14,Điểm học bạ,2025,15.0,Kinh doanh quốc tế
24922,DFA,kinh-doanh-quoc-te,D01,Điểm học bạ,2025,15.0,Kinh doanh quốc tế
24923,DFA,kinh-doanh-quoc-te,A00,Điểm thi THPT,2025,15.0,Kinh doanh quốc tế
24924,DFA,kinh-doanh-quoc-te,A01,Điểm thi THPT,2025,15.0,Kinh doanh quốc tế
24925,DFA,kinh-doanh-quoc-te,C14,Điểm thi THPT,2025,15.0,Kinh doanh quốc tế
24926,DFA,kinh-doanh-quoc-te,D01,Điểm thi THPT,2025,15.0,Kinh doanh quốc tế
24927,DFA,kinh-te,A00,Điểm học bạ,2022,18.0,Kinh tế
24928,DFA,kinh-te,A01,Điểm học bạ,2022,18.0,Kinh tế
24929,DFA,kinh-te,C04,Điểm học bạ,2022,18.0,Kinh tế
24930,DFA,kinh-te,D01,Điểm học bạ,2022,18.0,Kinh tế
24931,DFA,kinh-te,A00,Điểm thi THPT,2022,15.0,Kinh tế
24932,DFA,kinh-te,A01,Điểm thi THPT,2022,15.0,Kinh tế
24933,DFA,kinh-te,C04,Điểm thi THPT,2022,15.0,Kinh tế
24934,DFA,kinh-te,D01,Điểm thi THPT,2022,15.0,Kinh tế
24935,DFA,kinh-te,A00,Điểm học bạ,2023,18.0,Kỉnh tế (Chuyên ngành: Quản lý kinh tế: Kinh tế-Luật)
24936,DFA,kinh-te,A01,Điểm học bạ,2023,18.0,Kỉnh tế (Chuyên ngành: Quản lý kinh tế: Kinh tế-Luật)
24937,DFA,kinh-te,C04,Điểm học bạ,2023,18.0,Kỉnh tế (Chuyên ngành: Quản lý kinh tế: Kinh tế-Luật)
24938,DFA,kinh-te,D01,Điểm học bạ,2023,18.0,Kỉnh tế (Chuyên ngành: Quản lý kinh tế: Kinh tế-Luật)
24939,DFA,kinh-te,A00,Điểm thi THPT,2023,15.0,Kỉnh tế (Chuyên ngành: Quản lý kinh tế: Kinh tế-Luật)
24940,DFA,kinh-te,A01,Điểm thi THPT,2023,15.0,Kỉnh tế (Chuyên ngành: Quản lý kinh tế: Kinh tế-Luật)
24941,DFA,kinh-te,C04,Điểm thi THPT,2023,15.0,Kỉnh tế (Chuyên ngành: Quản lý kinh tế: Kinh tế-Luật)
24942,DFA,kinh-te,D01,Điểm thi THPT,2023,15.0,Kỉnh tế (Chuyên ngành: Quản lý kinh tế: Kinh tế-Luật)
24943,DFA,kinh-te,A00,Điểm học bạ,2024,24.5,Kinh tế (Chuyên ngành: Quản lý kinh tế; Kinh tế - Luật)
24944,DFA,kinh-te,A01,Điểm học bạ,2024,24.5,Kinh tế (Chuyên ngành: Quản lý kinh tế; Kinh tế - Luật)
24945,DFA,kinh-te,D01,Điểm học bạ,2024,24.5,Kinh tế (Chuyên ngành: Quản lý kinh tế; Kinh tế - Luật)
24946,DFA,kinh-te,A00,Điểm thi THPT,2024,20.5,Kinh tế (Chuyên ngành: Quản lý kinh tế; Kinh tế - Luật)
24947,DFA,kinh-te,A01,Điểm thi THPT,2024,20.5,Kinh tế (Chuyên ngành: Quản lý kinh tế; Kinh tế - Luật)
24948,DFA,kinh-te,D01,Điểm thi THPT,2024,20.5,Kinh tế (Chuyên ngành: Quản lý kinh tế; Kinh tế - Luật)
24949,DFA,kinh-te,A00,Điểm học bạ,2025,19.0,Kinh tế
24950,DFA,kinh-te,A01,Điểm học bạ,2025,19.0,Kinh tế
24951,DFA,kinh-te,C04,Điểm học bạ,2025,19.0,Kinh tế
24952,DFA,kinh-te,D01,Điểm học bạ,2025,19.0,Kinh tế
24953,DFA,kinh-te,A00,Điểm thi THPT,2025,19.0,Kinh tế
24954,DFA,kinh-te,A01,Điểm thi THPT,2025,19.0,Kinh tế
24955,DFA,kinh-te,C04,Điểm thi THPT,2025,19.0,Kinh tế
24956,DFA,kinh-te,D01,Điểm thi THPT,2025,19.0,Kinh tế
24957,DFA,quan-tri-kinh-doanh,A00,Điểm học bạ,2022,18.0,Quản trị kinh doanh
24958,DFA,quan-tri-kinh-doanh,A01,Điểm học bạ,2022,18.0,Quản trị kinh doanh
24959,DFA,quan-tri-kinh-doanh,C04,Điểm học bạ,2022,18.0,Quản trị kinh doanh
24960,DFA,quan-tri-kinh-doanh,D01,Điểm học bạ,2022,18.0,Quản trị kinh doanh
24961,DFA,quan-tri-kinh-doanh,A00,Điểm thi THPT,2022,15.0,Quản trị kinh doanh
24962,DFA,quan-tri-kinh-doanh,A01,Điểm thi THPT,2022,15.0,Quản trị kinh doanh
24963,DFA,quan-tri-kinh-doanh,C04,Điểm thi THPT,2022,15.0,Quản trị kinh doanh
24964,DFA,quan-tri-kinh-doanh,D01,Điểm thi THPT,2022,15.0,Quản trị kinh doanh
24965,DFA,quan-tri-kinh-doanh,A00,Điểm học bạ,2023,18.0,Quản trị kinh doanh (Chuyên ngành: Quản trị doanh nghiệp: Quản trị Marketing; Quản trị kinh doanh du lịch)
24966,DFA,quan-tri-kinh-doanh,A01,Điểm học bạ,2023,18.0,Quản trị kinh doanh (Chuyên ngành: Quản trị doanh nghiệp: Quản trị Marketing; Quản trị kinh doanh du lịch)
24967,DFA,quan-tri-kinh-doanh,C04,Điểm học bạ,2023,18.0,Quản trị kinh doanh (Chuyên ngành: Quản trị doanh nghiệp: Quản trị Marketing; Quản trị kinh doanh du lịch)
24968,DFA,quan-tri-kinh-doanh,D01,Điểm học bạ,2023,18.0,Quản trị kinh doanh (Chuyên ngành: Quản trị doanh nghiệp: Quản trị Marketing; Quản trị kinh doanh du lịch)
24969,DFA,quan-tri-kinh-doanh,A00,Điểm thi THPT,2023,15.0,Quản trị kinh doanh (Chuyên ngành: Quản trị doanh nghiệp: Quản trị Marketing; Quản trị kinh doanh du lịch)
24970,DFA,quan-tri-kinh-doanh,A01,Điểm thi THPT,2023,15.0,Quản trị kinh doanh (Chuyên ngành: Quản trị doanh nghiệp: Quản trị Marketing; Quản trị kinh doanh du lịch)
24971,DFA,quan-tri-kinh-doanh,C04,Điểm thi THPT,2023,15.0,Quản trị kinh doanh (Chuyên ngành: Quản trị doanh nghiệp: Quản trị Marketing; Quản trị kinh doanh du lịch)
24972,DFA,quan-tri-kinh-doanh,D01,Điểm thi THPT,2023,15.0,Quản trị kinh doanh (Chuyên ngành: Quản trị doanh nghiệp: Quản trị Marketing; Quản trị kinh doanh du lịch)
24973,DFA,quan-tri-kinh-doanh,A00,Điểm học bạ,2024,18.0,Quản trị kinh doanh (Chuyên ngành: Quản trị doanh nghiệp; Quản trị Marketing; Quản trị kinh doanh du lịch)
24974,DFA,quan-tri-kinh-doanh,A01,Điểm học bạ,2024,18.0,Quản trị kinh doanh (Chuyên ngành: Quản trị doanh nghiệp; Quản trị Marketing; Quản trị kinh doanh du lịch)
24975,DFA,quan-tri-kinh-doanh,C04,Điểm học bạ,2024,18.0,Quản trị kinh doanh (Chuyên ngành: Quản trị doanh nghiệp; Quản trị Marketing; Quản trị kinh doanh du lịch)
24976,DFA,quan-tri-kinh-doanh,D01,Điểm học bạ,2024,18.0,Quản trị kinh doanh (Chuyên ngành: Quản trị doanh nghiệp; Quản trị Marketing; Quản trị kinh doanh du lịch)
24977,DFA,quan-tri-kinh-doanh,A00,Điểm thi THPT,2024,15.0,Quản trị kinh doanh (Chuyên ngành: Quản trị doanh nghiệp; Quản trị Marketing; Quản trị kinh doanh du lịch)
24978,DFA,quan-tri-kinh-doanh,A01,Điểm thi THPT,2024,15.0,Quản trị kinh doanh (Chuyên ngành: Quản trị doanh nghiệp; Quản trị Marketing; Quản trị kinh doanh du lịch)
24979,DFA,quan-tri-kinh-doanh,C04,Điểm thi THPT,2024,15.0,Quản trị kinh doanh (Chuyên ngành: Quản trị doanh nghiệp; Quản trị Marketing; Quản trị kinh doanh du lịch)
24980,DFA,quan-tri-kinh-doanh,D01,Điểm thi THPT,2024,15.0,Quản trị kinh doanh (Chuyên ngành: Quản trị doanh nghiệp; Quản trị Marketing; Quản trị kinh doanh du lịch)
24981,DFA,quan-tri-kinh-doanh,A00,Điểm học bạ,2025,15.0,Quản trị kinh doanh
24982,DFA,quan-tri-kinh-doanh,A01,Điểm học bạ,2025,15.0,Quản trị kinh doanh
24983,DFA,quan-tri-kinh-doanh,C04,Điểm học bạ,2025,15.0,Quản trị kinh doanh
24984,DFA,quan-tri-kinh-doanh,D01,Điểm học bạ,2025,15.0,Quản trị kinh doanh
24985,DFA,quan-tri-kinh-doanh,A00,Điểm thi THPT,2025,15.0,Quản trị kinh doanh
24986,DFA,quan-tri-kinh-doanh,A01,Điểm thi THPT,2025,15.0,Quản trị kinh doanh
24987,DFA,quan-tri-kinh-doanh,C04,Điểm thi THPT,2025,15.0,Quản trị kinh doanh
24988,DFA,quan-tri-kinh-doanh,D01,Điểm thi THPT,2025,15.0,Quản trị kinh doanh
24989,DFA,tai-chinh-ngan-hang,A00,Điểm học bạ,2022,18.0,Tài chính - Ngân hàng
24990,DFA,tai-chinh-ngan-hang,A01,Điểm học bạ,2022,18.0,Tài chính - Ngân hàng
24991,DFA,tai-chinh-ngan-hang,C14,Điểm học bạ,2022,18.0,Tài chính - Ngân hàng
24992,DFA,tai-chinh-ngan-hang,D01,Điểm học bạ,2022,18.0,Tài chính - Ngân hàng
24993,DFA,tai-chinh-ngan-hang,A00,Điểm thi THPT,2022,15.0,Tài chính - Ngân hàng
24994,DFA,tai-chinh-ngan-hang,A01,Điểm thi THPT,2022,15.0,Tài chính - Ngân hàng
24995,DFA,tai-chinh-ngan-hang,C14,Điểm thi THPT,2022,15.0,Tài chính - Ngân hàng
24996,DFA,tai-chinh-ngan-hang,D01,Điểm thi THPT,2022,15.0,Tài chính - Ngân hàng
24997,DFA,tai-chinh-ngan-hang,A00,Điểm học bạ,2023,18.0,Tài chính-Ngân hàng (Chuyên ngành: Tài chính doanh nghiệp: Thuế: Ngân hàng: Thẩm định gía)
24998,DFA,tai-chinh-ngan-hang,A01,Điểm học bạ,2023,18.0,Tài chính-Ngân hàng (Chuyên ngành: Tài chính doanh nghiệp: Thuế: Ngân hàng: Thẩm định gía)
24999,DFA,tai-chinh-ngan-hang,C14,Điểm học bạ,2023,18.0,Tài chính-Ngân hàng (Chuyên ngành: Tài chính doanh nghiệp: Thuế: Ngân hàng: Thẩm định gía)
25000,DFA,tai-chinh-ngan-hang,D01,Điểm học bạ,2023,18.0,Tài chính-Ngân hàng (Chuyên ngành: Tài chính doanh nghiệp: Thuế: Ngân hàng: Thẩm định gía)
25001,DFA,tai-chinh-ngan-hang,A00,Điểm thi THPT,2023,15.0,Tài chính-Ngân hàng (Chuyên ngành: Tài chính doanh nghiệp: Thuế: Ngân hàng: Thẩm định gía)
25002,DFA,tai-chinh-ngan-hang,A01,Điểm thi THPT,2023,15.0,Tài chính-Ngân hàng (Chuyên ngành: Tài chính doanh nghiệp: Thuế: Ngân hàng: Thẩm định gía)
25003,DFA,tai-chinh-ngan-hang,C14,Điểm thi THPT,2023,15.0,Tài chính-Ngân hàng (Chuyên ngành: Tài chính doanh nghiệp: Thuế: Ngân hàng: Thẩm định gía)
25004,DFA,tai-chinh-ngan-hang,D01,Điểm thi THPT,2023,15.0,Tài chính-Ngân hàng (Chuyên ngành: Tài chính doanh nghiệp: Thuế: Ngân hàng: Thẩm định gía)
25005,DFA,tai-chinh-ngan-hang,A00,Điểm học bạ,2024,18.0,Tài chính - Ngân hàng (Chuyên ngành: Tài chính doanh nghiệp; Thuế; Ngân hàng; Thẩm định giá)
25006,DFA,tai-chinh-ngan-hang,A01,Điểm học bạ,2024,18.0,Tài chính - Ngân hàng (Chuyên ngành: Tài chính doanh nghiệp; Thuế; Ngân hàng; Thẩm định giá)
25007,DFA,tai-chinh-ngan-hang,C14,Điểm học bạ,2024,18.0,Tài chính - Ngân hàng (Chuyên ngành: Tài chính doanh nghiệp; Thuế; Ngân hàng; Thẩm định giá)
25008,DFA,tai-chinh-ngan-hang,D01,Điểm học bạ,2024,18.0,Tài chính - Ngân hàng (Chuyên ngành: Tài chính doanh nghiệp; Thuế; Ngân hàng; Thẩm định giá)
25009,DFA,tai-chinh-ngan-hang,A00,Điểm thi THPT,2024,15.0,Tài chính - Ngân hàng (Chuyên ngành: Tài chính doanh nghiệp; Thuế; Ngân hàng; Thẩm định giá)
25010,DFA,tai-chinh-ngan-hang,A01,Điểm thi THPT,2024,15.0,Tài chính - Ngân hàng (Chuyên ngành: Tài chính doanh nghiệp; Thuế; Ngân hàng; Thẩm định giá)
25011,DFA,tai-chinh-ngan-hang,C14,Điểm thi THPT,2024,15.0,Tài chính - Ngân hàng (Chuyên ngành: Tài chính doanh nghiệp; Thuế; Ngân hàng; Thẩm định giá)
25012,DFA,tai-chinh-ngan-hang,D01,Điểm thi THPT,2024,15.0,Tài chính - Ngân hàng (Chuyên ngành: Tài chính doanh nghiệp; Thuế; Ngân hàng; Thẩm định giá)
25013,DFA,tai-chinh-ngan-hang,A00,Điểm học bạ,2025,15.0,Tài chính - Ngân hàng
25014,DFA,tai-chinh-ngan-hang,A01,Điểm học bạ,2025,15.0,Tài chính - Ngân hàng
25015,DFA,tai-chinh-ngan-hang,C14,Điểm học bạ,2025,15.0,Tài chính - Ngân hàng
25016,DFA,tai-chinh-ngan-hang,D01,Điểm học bạ,2025,15.0,Tài chính - Ngân hàng
25017,DFA,tai-chinh-ngan-hang,A00,Điểm thi THPT,2025,15.0,Tài chính - Ngân hàng
25018,DFA,tai-chinh-ngan-hang,A01,Điểm thi THPT,2025,15.0,Tài chính - Ngân hàng
25019,DFA,tai-chinh-ngan-hang,C14,Điểm thi THPT,2025,15.0,Tài chính - Ngân hàng
25020,DFA,tai-chinh-ngan-hang,D01,Điểm thi THPT,2025,15.0,Tài chính - Ngân hàng
25021,DHA,luat,A00,Điểm học bạ,2021,20.0,Luật
25022,DHA,luat,C00,Điểm học bạ,2021,20.0,Luật
25023,DHA,luat,C20,Điểm học bạ,2021,20.0,Luật
25024,DHA,luat,D66,Điểm học bạ,2021,20.0,Luật
25025,DHA,luat,A00,Điểm thi THPT,2021,18.5,Luật
25026,DHA,luat,C00,Điểm thi THPT,2021,18.5,Luật
25027,DHA,luat,C20,Điểm thi THPT,2021,18.5,Luật
25028,DHA,luat,D66,Điểm thi THPT,2021,18.5,Luật
25029,DHA,luat,A00,Điểm thi THPT,2022,19.0,Luật
25030,DHA,luat,C00,Điểm thi THPT,2022,19.0,Luật
25031,DHA,luat,C20,Điểm thi THPT,2022,19.0,Luật
25032,DHA,luat,D66,Điểm thi THPT,2022,19.0,Luật
25033,DHA,luat,A00,Điểm học bạ,2023,21.0,Luật
25034,DHA,luat,C00,Điểm học bạ,2023,21.0,Luật
25035,DHA,luat,C20,Điểm học bạ,2023,21.0,Luật
25036,DHA,luat,D66,Điểm học bạ,2023,21.0,Luật
25037,DHA,luat,A00,Điểm thi THPT,2023,19.0,Luật
25038,DHA,luat,C00,Điểm thi THPT,2023,19.0,Luật
25039,DHA,luat,C20,Điểm thi THPT,2023,19.0,Luật
25040,DHA,luat,D66,Điểm thi THPT,2023,19.0,Luật
25041,DHA,luat,A00,Điểm học bạ,2024,21.0,Luật
25042,DHA,luat,C00,Điểm học bạ,2024,21.0,Luật
25043,DHA,luat,C20,Điểm học bạ,2024,21.0,Luật
25044,DHA,luat,D66,Điểm học bạ,2024,21.0,Luật
25045,DHA,luat,A00,Điểm thi THPT,2024,21.0,Luật
25046,DHA,luat,C00,Điểm thi THPT,2024,21.0,Luật
25047,DHA,luat,C20,Điểm thi THPT,2024,21.0,Luật
25048,DHA,luat,D66,Điểm thi THPT,2024,21.0,Luật
25049,DHA,luat,A00,Điểm học bạ,2025,23.5,Luật
25050,DHA,luat,C00,Điểm học bạ,2025,23.5,Luật
25051,DHA,luat,C19,Điểm học bạ,2025,23.5,Luật
25052,DHA,luat,C20,Điểm học bạ,2025,23.5,Luật
25053,DHA,luat,D01,Điểm học bạ,2025,23.5,Luật
25054,DHA,luat,D66,Điểm học bạ,2025,23.5,Luật
25055,DHA,luat,A00,Điểm thi THPT,2025,22.0,Luật
25056,DHA,luat,C00,Điểm thi THPT,2025,22.0,Luật
25057,DHA,luat,C19,Điểm thi THPT,2025,22.0,Luật
25058,DHA,luat,C20,Điểm thi THPT,2025,22.0,Luật
25059,DHA,luat,D01,Điểm thi THPT,2025,22.0,Luật
25060,DHA,luat,D66,Điểm thi THPT,2025,22.0,Luật
25061,DHA,luat-kinh-te,A00,Điểm học bạ,2021,20.0,Luật Kinh tế
25062,DHA,luat-kinh-te,C00,Điểm học bạ,2021,20.0,Luật Kinh tế
25063,DHA,luat-kinh-te,C20,Điểm học bạ,2021,20.0,Luật Kinh tế
25064,DHA,luat-kinh-te,D01,Điểm học bạ,2021,20.0,Luật Kinh tế
25065,DHA,luat-kinh-te,A00,Điểm thi THPT,2021,18.5,Luật Kinh tế
25066,DHA,luat-kinh-te,C00,Điểm thi THPT,2021,18.5,Luật Kinh tế
25067,DHA,luat-kinh-te,C20,Điểm thi THPT,2021,18.5,Luật Kinh tế
25068,DHA,luat-kinh-te,D01,Điểm thi THPT,2021,18.5,Luật Kinh tế
25069,DHA,luat-kinh-te,A00,Điểm thi THPT,2022,19.0,Luật Kinh tế
25070,DHA,luat-kinh-te,C00,Điểm thi THPT,2022,19.0,Luật Kinh tế
25071,DHA,luat-kinh-te,C20,Điểm thi THPT,2022,19.0,Luật Kinh tế
25072,DHA,luat-kinh-te,D01,Điểm thi THPT,2022,19.0,Luật Kinh tế
25073,DHA,luat-kinh-te,A00,Điểm học bạ,2023,21.0,Luật kinh tế
25074,DHA,luat-kinh-te,C00,Điểm học bạ,2023,21.0,Luật kinh tế
25075,DHA,luat-kinh-te,C20,Điểm học bạ,2023,21.0,Luật kinh tế
25076,DHA,luat-kinh-te,D01,Điểm học bạ,2023,21.0,Luật kinh tế
25077,DHA,luat-kinh-te,A00,Điểm thi THPT,2023,19.0,Luật Kinh tế
25078,DHA,luat-kinh-te,C00,Điểm thi THPT,2023,19.0,Luật Kinh tế
25079,DHA,luat-kinh-te,C20,Điểm thi THPT,2023,19.0,Luật Kinh tế
25080,DHA,luat-kinh-te,D01,Điểm thi THPT,2023,19.0,Luật Kinh tế
25081,DHA,luat-kinh-te,A00,Điểm học bạ,2024,21.0,Luật kinh tế
25082,DHA,luat-kinh-te,C00,Điểm học bạ,2024,21.0,Luật kinh tế
25083,DHA,luat-kinh-te,C20,Điểm học bạ,2024,21.0,Luật kinh tế
25084,DHA,luat-kinh-te,D01,Điểm học bạ,2024,21.0,Luật kinh tế
25085,DHA,luat-kinh-te,A00,Điểm thi THPT,2024,21.0,Luật Kinh tế
25086,DHA,luat-kinh-te,C00,Điểm thi THPT,2024,21.0,Luật Kinh tế
25087,DHA,luat-kinh-te,C20,Điểm thi THPT,2024,21.0,Luật Kinh tế
25088,DHA,luat-kinh-te,D01,Điểm thi THPT,2024,21.0,Luật Kinh tế
25089,DHA,luat-kinh-te,A00,Điểm học bạ,2025,23.5,Luật Kinh tế
25090,DHA,luat-kinh-te,C00,Điểm học bạ,2025,23.5,Luật Kinh tế
25091,DHA,luat-kinh-te,C19,Điểm học bạ,2025,23.5,Luật Kinh tế
25092,DHA,luat-kinh-te,C20,Điểm học bạ,2025,23.5,Luật Kinh tế
25093,DHA,luat-kinh-te,D01,Điểm học bạ,2025,23.5,Luật Kinh tế
25094,DHA,luat-kinh-te,D66,Điểm học bạ,2025,23.5,Luật Kinh tế
25095,DHA,luat-kinh-te,A00,Điểm thi THPT,2025,22.0,Luật Kinh tế
25096,DHA,luat-kinh-te,C00,Điểm thi THPT,2025,22.0,Luật Kinh tế
25097,DHA,luat-kinh-te,C19,Điểm thi THPT,2025,22.0,Luật Kinh tế
25098,DHA,luat-kinh-te,C20,Điểm thi THPT,2025,22.0,Luật Kinh tế
25099,DHA,luat-kinh-te,D01,Điểm thi THPT,2025,22.0,Luật Kinh tế
25100,DHA,luat-kinh-te,D66,Điểm thi THPT,2025,22.0,Luật Kinh tế
25101,DHC,giao-duc-the-chat,T00,Điểm thi THPT,2021,25.88,Giáo dục Thể chất
25102,DHC,giao-duc-the-chat,T02,Điểm thi THPT,2021,25.88,Giáo dục Thể chất
25103,DHC,giao-duc-the-chat,T05,Điểm thi THPT,2021,25.88,Giáo dục Thể chất
25104,DHC,giao-duc-the-chat,T07,Điểm thi THPT,2021,25.88,Giáo dục Thể chất
25105,DHC,giao-duc-the-chat,T00,Điểm thi THPT,2022,19.0,Giáo dục thể chất
25106,DHC,giao-duc-the-chat,T02,Điểm thi THPT,2022,19.0,Giáo dục thể chất
25107,DHC,giao-duc-the-chat,T05,Điểm thi THPT,2022,19.0,Giáo dục thể chất
25108,DHC,giao-duc-the-chat,T07,Điểm thi THPT,2022,19.0,Giáo dục thể chất
25109,DHC,giao-duc-the-chat,T00,Điểm học bạ,2023,18.0,Giáo dục thể chất
25110,DHC,giao-duc-the-chat,T02,Điểm học bạ,2023,18.0,Giáo dục thể chất
25111,DHC,giao-duc-the-chat,T05,Điểm học bạ,2023,18.0,Giáo dục thể chất
25112,DHC,giao-duc-the-chat,T07,Điểm học bạ,2023,18.0,Giáo dục thể chất
25113,DHC,giao-duc-the-chat,T00,Điểm thi THPT,2023,21.0,Giáo dục thể chất
25114,DHC,giao-duc-the-chat,T02,Điểm thi THPT,2023,21.0,Giáo dục thể chất
25115,DHC,giao-duc-the-chat,T05,Điểm thi THPT,2023,21.0,Giáo dục thể chất
25116,DHC,giao-duc-the-chat,T07,Điểm thi THPT,2023,21.0,Giáo dục thể chất
25117,DHC,giao-duc-the-chat,T00,Điểm học bạ,2024,26.0,Giáo dục thể chất
25118,DHC,giao-duc-the-chat,T02,Điểm học bạ,2024,26.0,Giáo dục thể chất
25119,DHC,giao-duc-the-chat,T05,Điểm học bạ,2024,26.0,Giáo dục thể chất
25120,DHC,giao-duc-the-chat,T07,Điểm học bạ,2024,26.0,Giáo dục thể chất
25121,DHC,giao-duc-the-chat,T00,Điểm thi THPT,2024,27.1,Giáo dục thể chất
25122,DHC,giao-duc-the-chat,T02,Điểm thi THPT,2024,27.1,Giáo dục thể chất
25123,DHC,giao-duc-the-chat,T05,Điểm thi THPT,2024,27.1,Giáo dục thể chất
25124,DHC,giao-duc-the-chat,T07,Điểm thi THPT,2024,27.1,Giáo dục thể chất
25125,DHC,giao-duc-the-chat,T00,Điểm học bạ,2025,23.2,Giáo dục Thế chất
25126,DHC,giao-duc-the-chat,T02,Điểm học bạ,2025,23.2,Giáo dục Thế chất
25127,DHC,giao-duc-the-chat,T05,Điểm học bạ,2025,23.2,Giáo dục Thế chất
25128,DHC,giao-duc-the-chat,T07,Điểm học bạ,2025,23.2,Giáo dục Thế chất
25129,DHC,giao-duc-the-chat,T08,Điểm học bạ,2025,23.2,Giáo dục Thế chất
25130,DHC,giao-duc-the-chat,T00,Điểm thi THPT,2025,21.41,Giáo dục Thế chất
25131,DHC,giao-duc-the-chat,T02,Điểm thi THPT,2025,21.41,Giáo dục Thế chất
25132,DHC,giao-duc-the-chat,T05,Điểm thi THPT,2025,21.41,Giáo dục Thế chất
25133,DHC,giao-duc-the-chat,T07,Điểm thi THPT,2025,21.41,Giáo dục Thế chất
25134,DHC,giao-duc-the-chat,T08,Điểm thi THPT,2025,21.41,Giáo dục Thế chất
25135,DHD,du-lich,A00,Điểm thi THPT,2021,17.0,Du lich
25136,DHD,du-lich,C00,Điểm thi THPT,2021,17.0,Du lich
25137,DHD,du-lich,D01,Điểm thi THPT,2021,17.0,Du lich
25138,DHD,du-lich,D10,Điểm thi THPT,2021,17.0,Du lich
25139,DHD,du-lich,A00,Điểm thi THPT,2022,17.0,Du lịch
25140,DHD,du-lich,C00,Điểm thi THPT,2022,17.0,Du lịch
25141,DHD,du-lich,D01,Điểm thi THPT,2022,17.0,Du lịch
25142,DHD,du-lich,D10,Điểm thi THPT,2022,17.0,Du lịch
25143,DHD,du-lich,A00,Điểm học bạ,2023,20.0,Du lịch
25144,DHD,du-lich,C00,Điểm học bạ,2023,20.0,Du lịch
25145,DHD,du-lich,D01,Điểm học bạ,2023,20.0,Du lịch
25146,DHD,du-lich,D10,Điểm học bạ,2023,20.0,Du lịch
25147,DHD,du-lich,A00,Điểm thi THPT,2023,16.0,Du lịch
25148,DHD,du-lich,C00,Điểm thi THPT,2023,16.0,Du lịch
25149,DHD,du-lich,D01,Điểm thi THPT,2023,16.0,Du lịch
25150,DHD,du-lich,D10,Điểm thi THPT,2023,16.0,Du lịch
25151,DHD,du-lich,A00,Điểm học bạ,2024,19.5,Du lịch
25152,DHD,du-lich,C00,Điểm học bạ,2024,19.5,Du lịch
25153,DHD,du-lich,D01,Điểm học bạ,2024,19.5,Du lịch
25154,DHD,du-lich,D10,Điểm học bạ,2024,19.5,Du lịch
25155,DHD,du-lich,A00,Điểm thi THPT,2024,17.0,Du lịch
25156,DHD,du-lich,C00,Điểm thi THPT,2024,17.0,Du lịch
25157,DHD,du-lich,D01,Điểm thi THPT,2024,17.0,Du lịch
25158,DHD,du-lich,D10,Điểm thi THPT,2024,17.0,Du lịch
25159,DHD,du-lich,A00,Điểm thi THPT,2025,19.5,Du lịch
25160,DHD,du-lich,C00,Điểm thi THPT,2025,19.5,Du lịch
25161,DHD,du-lich,C14,Điểm thi THPT,2025,19.5,Du lịch
25162,DHD,du-lich,C19,Điểm thi THPT,2025,19.5,Du lịch
25163,DHD,du-lich,D01,Điểm thi THPT,2025,19.5,Du lịch
25164,DHD,du-lich,D10,Điểm thi THPT,2025,19.5,Du lịch
25165,DHD,du-lich,X01,Điểm thi THPT,2025,19.5,Du lịch
25166,DHD,du-lich,X70,Điểm thi THPT,2025,19.5,Du lịch
25167,DHD,du-lich-dien-tu,A00,Điểm thi THPT,2021,16.5,Du lịch điện tử
25168,DHD,du-lich-dien-tu,A01,Điểm thi THPT,2021,16.5,Du lịch điện tử
25169,DHD,du-lich-dien-tu,D01,Điểm thi THPT,2021,16.5,Du lịch điện tử
25170,DHD,du-lich-dien-tu,D10,Điểm thi THPT,2021,16.5,Du lịch điện tử
25171,DHD,du-lich-dien-tu,A00,Điểm thi THPT,2022,16.0,Du lịch điện tử
25172,DHD,du-lich-dien-tu,A01,Điểm thi THPT,2022,16.0,Du lịch điện tử
25173,DHD,du-lich-dien-tu,D01,Điểm thi THPT,2022,16.0,Du lịch điện tử
25174,DHD,du-lich-dien-tu,D10,Điểm thi THPT,2022,16.0,Du lịch điện tử
25175,DHD,du-lich-dien-tu,A00,Điểm học bạ,2023,18.0,Du lịch điện tử
25176,DHD,du-lich-dien-tu,A01,Điểm học bạ,2023,18.0,Du lịch điện tử
25177,DHD,du-lich-dien-tu,D01,Điểm học bạ,2023,18.0,Du lịch điện tử
25178,DHD,du-lich-dien-tu,D10,Điểm học bạ,2023,18.0,Du lịch điện tử
25179,DHD,du-lich-dien-tu,A00,Điểm thi THPT,2023,15.5,Du lịch điện tử
25180,DHD,du-lich-dien-tu,A01,Điểm thi THPT,2023,15.5,Du lịch điện tử
25181,DHD,du-lich-dien-tu,D01,Điểm thi THPT,2023,15.5,Du lịch điện tử
25182,DHD,du-lich-dien-tu,D10,Điểm thi THPT,2023,15.5,Du lịch điện tử
25183,DHD,du-lich-dien-tu,A00,Điểm học bạ,2024,19.0,Du lịch điện tử
25184,DHD,du-lich-dien-tu,C00,Điểm học bạ,2024,19.0,Du lịch điện tử
25185,DHD,du-lich-dien-tu,D01,Điểm học bạ,2024,19.0,Du lịch điện tử
25186,DHD,du-lich-dien-tu,D10,Điểm học bạ,2024,19.0,Du lịch điện tử
25187,DHD,du-lich-dien-tu,A00,Điểm thi THPT,2024,17.0,Du lịch điện tử
25188,DHD,du-lich-dien-tu,A01,Điểm thi THPT,2024,17.0,Du lịch điện tử
25189,DHD,du-lich-dien-tu,D01,Điểm thi THPT,2024,17.0,Du lịch điện tử
25190,DHD,du-lich-dien-tu,D10,Điểm thi THPT,2024,17.0,Du lịch điện tử
25191,DHD,du-lich-dien-tu,A00,Điểm thi THPT,2025,15.0,Du lịch điện tử
25192,DHD,du-lich-dien-tu,A01,Điểm thi THPT,2025,15.0,Du lịch điện tử
25193,DHD,du-lich-dien-tu,C14,Điểm thi THPT,2025,15.0,Du lịch điện tử
25194,DHD,du-lich-dien-tu,D01,Điểm thi THPT,2025,15.0,Du lịch điện tử
25195,DHD,du-lich-dien-tu,D10,Điểm thi THPT,2025,15.0,Du lịch điện tử
25196,DHD,du-lich-dien-tu,X01,Điểm thi THPT,2025,15.0,Du lịch điện tử
25197,DHD,du-lich-dien-tu,X02,Điểm thi THPT,2025,15.0,Du lịch điện tử
25198,DHD,quan-tri-dich-vu-du-lich-va-lu-hanh,A00,Điểm thi THPT,2021,17.0,Quản trị dịch vụ du lịch và lữ hành
25199,DHD,quan-tri-dich-vu-du-lich-va-lu-hanh,C00,Điểm thi THPT,2021,17.0,Quản trị dịch vụ du lịch và lữ hành
25200,DHD,quan-tri-dich-vu-du-lich-va-lu-hanh,D01,Điểm thi THPT,2021,17.0,Quản trị dịch vụ du lịch và lữ hành
25201,DHD,quan-tri-dich-vu-du-lich-va-lu-hanh,D10,Điểm thi THPT,2021,17.0,Quản trị dịch vụ du lịch và lữ hành
25202,DHD,quan-tri-dich-vu-du-lich-va-lu-hanh,A00,Điểm thi THPT,2022,17.0,Quản trị dịch vụ du lịch và lữ hành
25203,DHD,quan-tri-dich-vu-du-lich-va-lu-hanh,C00,Điểm thi THPT,2022,17.0,Quản trị dịch vụ du lịch và lữ hành
25204,DHD,quan-tri-dich-vu-du-lich-va-lu-hanh,D01,Điểm thi THPT,2022,17.0,Quản trị dịch vụ du lịch và lữ hành
25205,DHD,quan-tri-dich-vu-du-lich-va-lu-hanh,D10,Điểm thi THPT,2022,17.0,Quản trị dịch vụ du lịch và lữ hành
25206,DHD,quan-tri-dich-vu-du-lich-va-lu-hanh,A00,Điểm học bạ,2023,20.0,Quản trị dịch vụ du lịch và lữ hành
25207,DHD,quan-tri-dich-vu-du-lich-va-lu-hanh,C00,Điểm học bạ,2023,20.0,Quản trị dịch vụ du lịch và lữ hành
25208,DHD,quan-tri-dich-vu-du-lich-va-lu-hanh,D01,Điểm học bạ,2023,20.0,Quản trị dịch vụ du lịch và lữ hành
25209,DHD,quan-tri-dich-vu-du-lich-va-lu-hanh,D10,Điểm học bạ,2023,20.0,Quản trị dịch vụ du lịch và lữ hành
25210,DHD,quan-tri-dich-vu-du-lich-va-lu-hanh,A00,Điểm thi THPT,2023,16.0,Quản trị dịch vụ du lịch và lữ hành
25211,DHD,quan-tri-dich-vu-du-lich-va-lu-hanh,C00,Điểm thi THPT,2023,16.0,Quản trị dịch vụ du lịch và lữ hành
25212,DHD,quan-tri-dich-vu-du-lich-va-lu-hanh,D01,Điểm thi THPT,2023,16.0,Quản trị dịch vụ du lịch và lữ hành
25213,DHD,quan-tri-dich-vu-du-lich-va-lu-hanh,D10,Điểm thi THPT,2023,16.0,Quản trị dịch vụ du lịch và lữ hành
25214,DHD,quan-tri-dich-vu-du-lich-va-lu-hanh,A00,Điểm học bạ,2024,19.5,Quản trị dịch vụ du lịch và lữ hành
25215,DHD,quan-tri-dich-vu-du-lich-va-lu-hanh,C00,Điểm học bạ,2024,19.5,Quản trị dịch vụ du lịch và lữ hành
25216,DHD,quan-tri-dich-vu-du-lich-va-lu-hanh,D01,Điểm học bạ,2024,19.5,Quản trị dịch vụ du lịch và lữ hành
25217,DHD,quan-tri-dich-vu-du-lich-va-lu-hanh,D10,Điểm học bạ,2024,19.5,Quản trị dịch vụ du lịch và lữ hành
25218,DHD,quan-tri-dich-vu-du-lich-va-lu-hanh,A00,Điểm thi THPT,2024,17.0,Quản trị dịch vụ du lịch và lữ hành
25219,DHD,quan-tri-dich-vu-du-lich-va-lu-hanh,C00,Điểm thi THPT,2024,17.0,Quản trị dịch vụ du lịch và lữ hành
25220,DHD,quan-tri-dich-vu-du-lich-va-lu-hanh,D01,Điểm thi THPT,2024,17.0,Quản trị dịch vụ du lịch và lữ hành
25221,DHD,quan-tri-dich-vu-du-lich-va-lu-hanh,D10,Điểm thi THPT,2024,17.0,Quản trị dịch vụ du lịch và lữ hành
25222,DHD,quan-tri-dich-vu-du-lich-va-lu-hanh,A00,Điểm thi THPT,2025,19.75,Quản trị dịch vụ du lịch và lữ hành
25223,DHD,quan-tri-dich-vu-du-lich-va-lu-hanh,C00,Điểm thi THPT,2025,19.75,Quản trị dịch vụ du lịch và lữ hành
25224,DHD,quan-tri-dich-vu-du-lich-va-lu-hanh,C14,Điểm thi THPT,2025,19.75,Quản trị dịch vụ du lịch và lữ hành
25225,DHD,quan-tri-dich-vu-du-lich-va-lu-hanh,C19,Điểm thi THPT,2025,19.75,Quản trị dịch vụ du lịch và lữ hành
25226,DHD,quan-tri-dich-vu-du-lich-va-lu-hanh,D01,Điểm thi THPT,2025,19.75,Quản trị dịch vụ du lịch và lữ hành
25227,DHD,quan-tri-dich-vu-du-lich-va-lu-hanh,D10,Điểm thi THPT,2025,19.75,Quản trị dịch vụ du lịch và lữ hành
25228,DHD,quan-tri-dich-vu-du-lich-va-lu-hanh,X01,Điểm thi THPT,2025,19.75,Quản trị dịch vụ du lịch và lữ hành
25229,DHD,quan-tri-dich-vu-du-lich-va-lu-hanh,X70,Điểm thi THPT,2025,19.75,Quản trị dịch vụ du lịch và lữ hành
25230,DHD,quan-tri-du-lich-va-khach-san,A00,Điểm thi THPT,2021,20.0,Quản trị du lịch và khách sạn
25231,DHD,quan-tri-du-lich-va-khach-san,C00,Điểm thi THPT,2021,20.0,Quản trị du lịch và khách sạn
25232,DHD,quan-tri-du-lich-va-khach-san,D01,Điểm thi THPT,2021,20.0,Quản trị du lịch và khách sạn
25233,DHD,quan-tri-du-lich-va-khach-san,D10,Điểm thi THPT,2021,20.0,Quản trị du lịch và khách sạn
25234,DHD,quan-tri-du-lich-va-khach-san,A00,Điểm thi THPT,2022,22.0,Quản trị du lịch và khách sạn
25235,DHD,quan-tri-du-lich-va-khach-san,C00,Điểm thi THPT,2022,22.0,Quản trị du lịch và khách sạn
25236,DHD,quan-tri-du-lich-va-khach-san,D01,Điểm thi THPT,2022,22.0,Quản trị du lịch và khách sạn
25237,DHD,quan-tri-du-lich-va-khach-san,D10,Điểm thi THPT,2022,22.0,Quản trị du lịch và khách sạn
25238,DHD,quan-tri-du-lich-va-khach-san,A00,Điểm học bạ,2023,25.0,Quản trị du lịch và khách sạn
25239,DHD,quan-tri-du-lich-va-khach-san,C00,Điểm học bạ,2023,25.0,Quản trị du lịch và khách sạn
25240,DHD,quan-tri-du-lich-va-khach-san,D01,Điểm học bạ,2023,25.0,Quản trị du lịch và khách sạn
25241,DHD,quan-tri-du-lich-va-khach-san,D10,Điểm học bạ,2023,25.0,Quản trị du lịch và khách sạn
25242,DHD,quan-tri-du-lich-va-khach-san,A00,Điểm thi THPT,2023,21.0,Quản trị du lịch và khách sạn
25243,DHD,quan-tri-du-lich-va-khach-san,C00,Điểm thi THPT,2023,21.0,Quản trị du lịch và khách sạn
25244,DHD,quan-tri-du-lich-va-khach-san,D01,Điểm thi THPT,2023,21.0,Quản trị du lịch và khách sạn
25245,DHD,quan-tri-du-lich-va-khach-san,D10,Điểm thi THPT,2023,21.0,Quản trị du lịch và khách sạn
25246,DHD,quan-tri-du-lich-va-khach-san,A00,Điểm học bạ,2024,25.0,Quản trị du lịch và khách sạn
25247,DHD,quan-tri-du-lich-va-khach-san,C00,Điểm học bạ,2024,25.0,Quản trị du lịch và khách sạn
25248,DHD,quan-tri-du-lich-va-khach-san,D01,Điểm học bạ,2024,25.0,Quản trị du lịch và khách sạn
25249,DHD,quan-tri-du-lich-va-khach-san,D10,Điểm học bạ,2024,25.0,Quản trị du lịch và khách sạn
25250,DHD,quan-tri-du-lich-va-khach-san,A00,Điểm thi THPT,2024,23.0,Quản trị du lịch và khách sạn
25251,DHD,quan-tri-du-lich-va-khach-san,C00,Điểm thi THPT,2024,23.0,Quản trị du lịch và khách sạn
25252,DHD,quan-tri-du-lich-va-khach-san,D01,Điểm thi THPT,2024,23.0,Quản trị du lịch và khách sạn
25253,DHD,quan-tri-du-lich-va-khach-san,D10,Điểm thi THPT,2024,23.0,Quản trị du lịch và khách sạn
25254,DHD,quan-tri-du-lich-va-khach-san,A00,Điểm thi THPT,2025,21.5,Quản trị du lịch và khách sạn
25255,DHD,quan-tri-du-lich-va-khach-san,C00,Điểm thi THPT,2025,21.5,Quản trị du lịch và khách sạn
25256,DHD,quan-tri-du-lich-va-khach-san,C14,Điểm thi THPT,2025,21.5,Quản trị du lịch và khách sạn
25257,DHD,quan-tri-du-lich-va-khach-san,C19,Điểm thi THPT,2025,21.5,Quản trị du lịch và khách sạn
25258,DHD,quan-tri-du-lich-va-khach-san,D01,Điểm thi THPT,2025,21.5,Quản trị du lịch và khách sạn
25259,DHD,quan-tri-du-lich-va-khach-san,D10,Điểm thi THPT,2025,21.5,Quản trị du lịch và khách sạn
25260,DHD,quan-tri-du-lich-va-khach-san,X01,Điểm thi THPT,2025,21.5,Quản trị du lịch và khách sạn
25261,DHD,quan-tri-du-lich-va-khach-san,X70,Điểm thi THPT,2025,21.5,Quản trị du lịch và khách sạn
25262,DHD,quan-tri-khach-san,A00,Điểm thi THPT,2021,17.0,Quản trị khách sạn
25263,DHD,quan-tri-khach-san,C00,Điểm thi THPT,2021,17.0,Quản trị khách sạn
25264,DHD,quan-tri-khach-san,D01,Điểm thi THPT,2021,17.0,Quản trị khách sạn
25265,DHD,quan-tri-khach-san,D10,Điểm thi THPT,2021,17.0,Quản trị khách sạn
25266,DHD,quan-tri-khach-san,A00,Điểm thi THPT,2022,17.0,Quản trị khách sạn
25267,DHD,quan-tri-khach-san,C00,Điểm thi THPT,2022,17.0,Quản trị khách sạn
25268,DHD,quan-tri-khach-san,D01,Điểm thi THPT,2022,17.0,Quản trị khách sạn
25269,DHD,quan-tri-khach-san,D10,Điểm thi THPT,2022,17.0,Quản trị khách sạn
25270,DHD,quan-tri-khach-san,A00,Điểm học bạ,2023,20.0,Quản trị khách sạn
25271,DHD,quan-tri-khach-san,C00,Điểm học bạ,2023,20.0,Quản trị khách sạn
25272,DHD,quan-tri-khach-san,D01,Điểm học bạ,2023,20.0,Quản trị khách sạn
25273,DHD,quan-tri-khach-san,D10,Điểm học bạ,2023,20.0,Quản trị khách sạn
25274,DHD,quan-tri-khach-san,A00,Điểm thi THPT,2023,16.0,Quản trị khách sạn
25275,DHD,quan-tri-khach-san,C00,Điểm thi THPT,2023,16.0,Quản trị khách sạn
25276,DHD,quan-tri-khach-san,D01,Điểm thi THPT,2023,16.0,Quản trị khách sạn
25277,DHD,quan-tri-khach-san,D10,Điểm thi THPT,2023,16.0,Quản trị khách sạn
25278,DHD,quan-tri-khach-san,A00,Điểm học bạ,2024,19.0,Quản trị khách sạn
25279,DHD,quan-tri-khach-san,C00,Điểm học bạ,2024,19.0,Quản trị khách sạn
25280,DHD,quan-tri-khach-san,D01,Điểm học bạ,2024,19.0,Quản trị khách sạn
25281,DHD,quan-tri-khach-san,D10,Điểm học bạ,2024,19.0,Quản trị khách sạn
25282,DHD,quan-tri-khach-san,A00,Điểm thi THPT,2024,17.0,Quản trị khách sạn
25283,DHD,quan-tri-khach-san,C00,Điểm thi THPT,2024,17.0,Quản trị khách sạn
25284,DHD,quan-tri-khach-san,D01,Điểm thi THPT,2024,17.0,Quản trị khách sạn
25285,DHD,quan-tri-khach-san,D10,Điểm thi THPT,2024,17.0,Quản trị khách sạn
25286,DHD,quan-tri-khach-san,A00,Điểm thi THPT,2025,18.5,Quản trị khách sạn
25287,DHD,quan-tri-khach-san,C00,Điểm thi THPT,2025,18.5,Quản trị khách sạn
25288,DHD,quan-tri-khach-san,C14,Điểm thi THPT,2025,18.5,Quản trị khách sạn
25289,DHD,quan-tri-khach-san,C19,Điểm thi THPT,2025,18.5,Quản trị khách sạn
25290,DHD,quan-tri-khach-san,D01,Điểm thi THPT,2025,18.5,Quản trị khách sạn
25291,DHD,quan-tri-khach-san,D10,Điểm thi THPT,2025,18.5,Quản trị khách sạn
25292,DHD,quan-tri-khach-san,X01,Điểm thi THPT,2025,18.5,Quản trị khách sạn
25293,DHD,quan-tri-khach-san,X70,Điểm thi THPT,2025,18.5,Quản trị khách sạn
25294,DHD,quan-tri-kinh-doanh,A00,Điểm thi THPT,2021,17.0,Quản trị kinh doanh
25295,DHD,quan-tri-kinh-doanh,C00,Điểm thi THPT,2021,17.0,Quản trị kinh doanh
25296,DHD,quan-tri-kinh-doanh,D01,Điểm thi THPT,2021,17.0,Quản trị kinh doanh
25297,DHD,quan-tri-kinh-doanh,D10,Điểm thi THPT,2021,17.0,Quản trị kinh doanh
25298,DHD,quan-tri-kinh-doanh,A00,Điểm thi THPT,2022,17.0,Quản trị kinh doanh
25299,DHD,quan-tri-kinh-doanh,C00,Điểm thi THPT,2022,17.0,Quản trị kinh doanh
25300,DHD,quan-tri-kinh-doanh,D01,Điểm thi THPT,2022,17.0,Quản trị kinh doanh
25301,DHD,quan-tri-kinh-doanh,D10,Điểm thi THPT,2022,17.0,Quản trị kinh doanh
25302,DHD,quan-tri-kinh-doanh,A00,Điểm học bạ,2023,21.0,Quản trị kinh doanh
25303,DHD,quan-tri-kinh-doanh,C00,Điểm học bạ,2023,21.0,Quản trị kinh doanh
25304,DHD,quan-tri-kinh-doanh,D01,Điểm học bạ,2023,21.0,Quản trị kinh doanh
25305,DHD,quan-tri-kinh-doanh,D10,Điểm học bạ,2023,21.0,Quản trị kinh doanh
25306,DHD,quan-tri-kinh-doanh,A00,Điểm thi THPT,2023,16.0,Quản trị kinh doanh
25307,DHD,quan-tri-kinh-doanh,C00,Điểm thi THPT,2023,16.0,Quản trị kinh doanh
25308,DHD,quan-tri-kinh-doanh,D01,Điểm thi THPT,2023,16.0,Quản trị kinh doanh
25309,DHD,quan-tri-kinh-doanh,D10,Điểm thi THPT,2023,16.0,Quản trị kinh doanh
25310,DHD,quan-tri-kinh-doanh,A00,Điểm học bạ,2024,19.5,Quản trị kinh doanh
25311,DHD,quan-tri-kinh-doanh,C00,Điểm học bạ,2024,19.5,Quản trị kinh doanh
25312,DHD,quan-tri-kinh-doanh,D01,Điểm học bạ,2024,19.5,Quản trị kinh doanh
25313,DHD,quan-tri-kinh-doanh,D10,Điểm học bạ,2024,19.5,Quản trị kinh doanh
25314,DHD,quan-tri-kinh-doanh,A00,Điểm thi THPT,2024,17.0,Quản trị kinh doanh
25315,DHD,quan-tri-kinh-doanh,C00,Điểm thi THPT,2024,17.0,Quản trị kinh doanh
25316,DHD,quan-tri-kinh-doanh,D01,Điểm thi THPT,2024,17.0,Quản trị kinh doanh
25317,DHD,quan-tri-kinh-doanh,D10,Điểm thi THPT,2024,17.0,Quản trị kinh doanh
25318,DHD,quan-tri-kinh-doanh,A00,Điểm thi THPT,2025,19.5,Quản trị kinh doanh
25319,DHD,quan-tri-kinh-doanh,C00,Điểm thi THPT,2025,19.5,Quản trị kinh doanh
25320,DHD,quan-tri-kinh-doanh,C14,Điểm thi THPT,2025,19.5,Quản trị kinh doanh
25321,DHD,quan-tri-kinh-doanh,C19,Điểm thi THPT,2025,19.5,Quản trị kinh doanh
25322,DHD,quan-tri-kinh-doanh,D01,Điểm thi THPT,2025,19.5,Quản trị kinh doanh
25323,DHD,quan-tri-kinh-doanh,D10,Điểm thi THPT,2025,19.5,Quản trị kinh doanh
25324,DHD,quan-tri-kinh-doanh,X01,Điểm thi THPT,2025,19.5,Quản trị kinh doanh
25325,DHD,quan-tri-kinh-doanh,X70,Điểm thi THPT,2025,19.5,Quản trị kinh doanh
25326,DHD,quan-tri-nha-hang-va-dich-vu-an-uong,A00,Điểm thi THPT,2021,17.0,Quản trị nhà hàng và dịch vụ ăn uống
25327,DHD,quan-tri-nha-hang-va-dich-vu-an-uong,C00,Điểm thi THPT,2021,17.0,Quản trị nhà hàng và dịch vụ ăn uống
25328,DHD,quan-tri-nha-hang-va-dich-vu-an-uong,D01,Điểm thi THPT,2021,17.0,Quản trị nhà hàng và dịch vụ ăn uống
25329,DHD,quan-tri-nha-hang-va-dich-vu-an-uong,D10,Điểm thi THPT,2021,17.0,Quản trị nhà hàng và dịch vụ ăn uống
25330,DHD,quan-tri-nha-hang-va-dich-vu-an-uong,A00,Điểm thi THPT,2022,17.0,Quản trị nhà hàng và dịch vụ ăn uống
25331,DHD,quan-tri-nha-hang-va-dich-vu-an-uong,C00,Điểm thi THPT,2022,17.0,Quản trị nhà hàng và dịch vụ ăn uống
25332,DHD,quan-tri-nha-hang-va-dich-vu-an-uong,D01,Điểm thi THPT,2022,17.0,Quản trị nhà hàng và dịch vụ ăn uống
25333,DHD,quan-tri-nha-hang-va-dich-vu-an-uong,D10,Điểm thi THPT,2022,17.0,Quản trị nhà hàng và dịch vụ ăn uống
25334,DHD,quan-tri-nha-hang-va-dich-vu-an-uong,A00,Điểm học bạ,2023,19.0,Quản trị nhà hàng và dịch vụ ăn uống
25335,DHD,quan-tri-nha-hang-va-dich-vu-an-uong,C00,Điểm học bạ,2023,19.0,Quản trị nhà hàng và dịch vụ ăn uống
25336,DHD,quan-tri-nha-hang-va-dich-vu-an-uong,D01,Điểm học bạ,2023,19.0,Quản trị nhà hàng và dịch vụ ăn uống
25337,DHD,quan-tri-nha-hang-va-dich-vu-an-uong,D10,Điểm học bạ,2023,19.0,Quản trị nhà hàng và dịch vụ ăn uống
25338,DHD,quan-tri-nha-hang-va-dich-vu-an-uong,A00,Điểm thi THPT,2023,16.0,Quản trị nhà hàng và dịch vụ ăn uống
25339,DHD,quan-tri-nha-hang-va-dich-vu-an-uong,C00,Điểm thi THPT,2023,16.0,Quản trị nhà hàng và dịch vụ ăn uống
25340,DHD,quan-tri-nha-hang-va-dich-vu-an-uong,D01,Điểm thi THPT,2023,16.0,Quản trị nhà hàng và dịch vụ ăn uống
25341,DHD,quan-tri-nha-hang-va-dich-vu-an-uong,D10,Điểm thi THPT,2023,16.0,Quản trị nhà hàng và dịch vụ ăn uống
25342,DHD,quan-tri-nha-hang-va-dich-vu-an-uong,A00,Điểm học bạ,2024,19.0,Quản trị nhà hàng và dịch vụ ăn uống
25343,DHD,quan-tri-nha-hang-va-dich-vu-an-uong,C00,Điểm học bạ,2024,19.0,Quản trị nhà hàng và dịch vụ ăn uống
25344,DHD,quan-tri-nha-hang-va-dich-vu-an-uong,D01,Điểm học bạ,2024,19.0,Quản trị nhà hàng và dịch vụ ăn uống
25345,DHD,quan-tri-nha-hang-va-dich-vu-an-uong,D10,Điểm học bạ,2024,19.0,Quản trị nhà hàng và dịch vụ ăn uống
25346,DHD,quan-tri-nha-hang-va-dich-vu-an-uong,A00,Điểm thi THPT,2024,17.0,Quản trị nhà hàng và dịch vụ ăn uống
25347,DHD,quan-tri-nha-hang-va-dich-vu-an-uong,C00,Điểm thi THPT,2024,17.0,Quản trị nhà hàng và dịch vụ ăn uống
25348,DHD,quan-tri-nha-hang-va-dich-vu-an-uong,D01,Điểm thi THPT,2024,17.0,Quản trị nhà hàng và dịch vụ ăn uống
25349,DHD,quan-tri-nha-hang-va-dich-vu-an-uong,D10,Điểm thi THPT,2024,17.0,Quản trị nhà hàng và dịch vụ ăn uống
25350,DHD,quan-tri-nha-hang-va-dich-vu-an-uong,A00,Điểm thi THPT,2025,16.75,Quản trị nhà hàng và dịch vụ ăn uống
25351,DHD,quan-tri-nha-hang-va-dich-vu-an-uong,C00,Điểm thi THPT,2025,16.75,Quản trị nhà hàng và dịch vụ ăn uống
25352,DHD,quan-tri-nha-hang-va-dich-vu-an-uong,C14,Điểm thi THPT,2025,16.75,Quản trị nhà hàng và dịch vụ ăn uống
25353,DHD,quan-tri-nha-hang-va-dich-vu-an-uong,C19,Điểm thi THPT,2025,16.75,Quản trị nhà hàng và dịch vụ ăn uống
25354,DHD,quan-tri-nha-hang-va-dich-vu-an-uong,D01,Điểm thi THPT,2025,16.75,Quản trị nhà hàng và dịch vụ ăn uống
25355,DHD,quan-tri-nha-hang-va-dich-vu-an-uong,D10,Điểm thi THPT,2025,16.75,Quản trị nhà hàng và dịch vụ ăn uống
25356,DHD,quan-tri-nha-hang-va-dich-vu-an-uong,X01,Điểm thi THPT,2025,16.75,Quản trị nhà hàng và dịch vụ ăn uống
25357,DHD,quan-tri-nha-hang-va-dich-vu-an-uong,X70,Điểm thi THPT,2025,16.75,Quản trị nhà hàng và dịch vụ ăn uống
25358,DHE,cong-nghe-ky-thuat-dien-dien-tu,A00,Điểm thi THPT,2025,18.2,"Công nghệ kỹ thuật điện, điện tử"
25359,DHE,cong-nghe-ky-thuat-dien-dien-tu,A01,Điểm thi THPT,2025,18.2,"Công nghệ kỹ thuật điện, điện tử"
25360,DHE,cong-nghe-ky-thuat-dien-dien-tu,C01,Điểm thi THPT,2025,18.2,"Công nghệ kỹ thuật điện, điện tử"
25361,DHE,cong-nghe-ky-thuat-dien-dien-tu,C02,Điểm thi THPT,2025,18.2,"Công nghệ kỹ thuật điện, điện tử"
25362,DHE,cong-nghe-ky-thuat-dien-dien-tu,D01,Điểm thi THPT,2025,18.2,"Công nghệ kỹ thuật điện, điện tử"
25363,DHE,cong-nghe-ky-thuat-dien-dien-tu,X07,Điểm thi THPT,2025,18.2,"Công nghệ kỹ thuật điện, điện tử"
25364,DHE,cong-nghe-ky-thuat-o-to,A00,Điểm học bạ,2024,20.0,Công nghệ kỹ thuật ô tô
25365,DHE,cong-nghe-ky-thuat-o-to,A01,Điểm học bạ,2024,20.0,Công nghệ kỹ thuật ô tô
25366,DHE,cong-nghe-ky-thuat-o-to,D01,Điểm học bạ,2024,20.0,Công nghệ kỹ thuật ô tô
25367,DHE,cong-nghe-ky-thuat-o-to,A00,Điểm thi THPT,2024,17.75,Công nghệ kỹ thuật ô tô
25368,DHE,cong-nghe-ky-thuat-o-to,A01,Điểm thi THPT,2024,17.75,Công nghệ kỹ thuật ô tô
25369,DHE,cong-nghe-ky-thuat-o-to,D01,Điểm thi THPT,2024,17.75,Công nghệ kỹ thuật ô tô
25370,DHE,cong-nghe-ky-thuat-o-to,A00,Điểm thi THPT,2025,20.0,Công nghệ kỹ thuật ô tô
25371,DHE,cong-nghe-ky-thuat-o-to,A01,Điểm thi THPT,2025,20.0,Công nghệ kỹ thuật ô tô
25372,DHE,cong-nghe-ky-thuat-o-to,A10,Điểm thi THPT,2025,20.0,Công nghệ kỹ thuật ô tô
25373,DHE,cong-nghe-ky-thuat-o-to,C01,Điểm thi THPT,2025,20.0,Công nghệ kỹ thuật ô tô
25374,DHE,cong-nghe-ky-thuat-o-to,D01,Điểm thi THPT,2025,20.0,Công nghệ kỹ thuật ô tô
25375,DHE,cong-nghe-ky-thuat-o-to,X05,Điểm thi THPT,2025,20.0,Công nghệ kỹ thuật ô tô
25376,DHE,cong-nghe-ky-thuat-o-to,X07,Điểm thi THPT,2025,20.0,Công nghệ kỹ thuật ô tô
25377,DHE,khoa-hoc-du-lieu-va-tri-tue-nhan-tao,A00,Điểm thi THPT,2021,18.0,Khoa học dữ liệu và Trí tuệ nhân tạo (hệ cử nhân)
25378,DHE,khoa-hoc-du-lieu-va-tri-tue-nhan-tao,A01,Điểm thi THPT,2021,18.0,Khoa học dữ liệu và Trí tuệ nhân tạo (hệ cử nhân)
25379,DHE,khoa-hoc-du-lieu-va-tri-tue-nhan-tao,D01,Điểm thi THPT,2021,18.0,Khoa học dữ liệu và Trí tuệ nhân tạo (hệ cử nhân)
25380,DHE,khoa-hoc-du-lieu-va-tri-tue-nhan-tao,A00,Điểm thi THPT,2022,18.5,Khoa học dữ liệu và trí tuệ nhân tạo (Hệ Cử nhân)
25381,DHE,khoa-hoc-du-lieu-va-tri-tue-nhan-tao,A01,Điểm thi THPT,2022,18.5,Khoa học dữ liệu và trí tuệ nhân tạo (Hệ Cử nhân)
25382,DHE,khoa-hoc-du-lieu-va-tri-tue-nhan-tao,D01,Điểm thi THPT,2022,18.5,Khoa học dữ liệu và trí tuệ nhân tạo (Hệ Cử nhân)
25383,DHE,khoa-hoc-du-lieu-va-tri-tue-nhan-tao,A00,Điểm học bạ,2023,20.1,"Khoa học dữ liệu và trí tuệ nhân tạo (Hệ Cử nhân, gồm 3 chuyên ngành: Khoa học dữ liệu; Trí tuệ nhân tạo và Phân tích dữ liệu kinh doanh)"
25384,DHE,khoa-hoc-du-lieu-va-tri-tue-nhan-tao,A01,Điểm học bạ,2023,20.1,"Khoa học dữ liệu và trí tuệ nhân tạo (Hệ Cử nhân, gồm 3 chuyên ngành: Khoa học dữ liệu; Trí tuệ nhân tạo và Phân tích dữ liệu kinh doanh)"
25385,DHE,khoa-hoc-du-lieu-va-tri-tue-nhan-tao,D01,Điểm học bạ,2023,20.1,"Khoa học dữ liệu và trí tuệ nhân tạo (Hệ Cử nhân, gồm 3 chuyên ngành: Khoa học dữ liệu; Trí tuệ nhân tạo và Phân tích dữ liệu kinh doanh)"
25386,DHE,khoa-hoc-du-lieu-va-tri-tue-nhan-tao,A00,Điểm thi THPT,2023,18.2,Khoa học dữ liệu và trí tuệ nhân tạo (Hệ Cử nhân)
25387,DHE,khoa-hoc-du-lieu-va-tri-tue-nhan-tao,A01,Điểm thi THPT,2023,18.2,Khoa học dữ liệu và trí tuệ nhân tạo (Hệ Cử nhân)
25388,DHE,khoa-hoc-du-lieu-va-tri-tue-nhan-tao,D01,Điểm thi THPT,2023,18.2,Khoa học dữ liệu và trí tuệ nhân tạo (Hệ Cử nhân)
25389,DHE,khoa-hoc-du-lieu-va-tri-tue-nhan-tao,A00,Điểm học bạ,2024,20.5,Khoa học dữ liệu và trí tuệ nhân tạo (Hệ Cử nhân)
25390,DHE,khoa-hoc-du-lieu-va-tri-tue-nhan-tao,A01,Điểm học bạ,2024,20.5,Khoa học dữ liệu và trí tuệ nhân tạo (Hệ Cử nhân)
25391,DHE,khoa-hoc-du-lieu-va-tri-tue-nhan-tao,D01,Điểm học bạ,2024,20.5,Khoa học dữ liệu và trí tuệ nhân tạo (Hệ Cử nhân)
25392,DHE,khoa-hoc-du-lieu-va-tri-tue-nhan-tao,A00,Điểm thi THPT,2024,18.2,Khoa học dữ liệu và trí tuệ nhân tạo (Hệ Cử nhân)
25393,DHE,khoa-hoc-du-lieu-va-tri-tue-nhan-tao,A01,Điểm thi THPT,2024,18.2,Khoa học dữ liệu và trí tuệ nhân tạo (Hệ Cử nhân)
25394,DHE,khoa-hoc-du-lieu-va-tri-tue-nhan-tao,D01,Điểm thi THPT,2024,18.2,Khoa học dữ liệu và trí tuệ nhân tạo (Hệ Cử nhân)
25395,DHE,khoa-hoc-du-lieu-va-tri-tue-nhan-tao,A00,Điểm thi THPT,2025,19.6,Khoa học dữ liệu và trí tuệ nhân tạo
25396,DHE,khoa-hoc-du-lieu-va-tri-tue-nhan-tao,A01,Điểm thi THPT,2025,19.6,Khoa học dữ liệu và trí tuệ nhân tạo
25397,DHE,khoa-hoc-du-lieu-va-tri-tue-nhan-tao,C01,Điểm thi THPT,2025,19.6,Khoa học dữ liệu và trí tuệ nhân tạo
25398,DHE,khoa-hoc-du-lieu-va-tri-tue-nhan-tao,D01,Điểm thi THPT,2025,19.6,Khoa học dữ liệu và trí tuệ nhân tạo
25399,DHE,khoa-hoc-du-lieu-va-tri-tue-nhan-tao,X07,Điểm thi THPT,2025,19.6,Khoa học dữ liệu và trí tuệ nhân tạo
25400,DHE,khoa-hoc-du-lieu-va-tri-tue-nhan-tao,X26,Điểm thi THPT,2025,19.6,Khoa học dữ liệu và trí tuệ nhân tạo
25401,DHE,kinh-te-xay-dung,A00,Điểm thi THPT,2022,15.75,Kinh tế xây dựng
25402,DHE,kinh-te-xay-dung,A01,Điểm thi THPT,2022,15.75,Kinh tế xây dựng
25403,DHE,kinh-te-xay-dung,C01,Điểm thi THPT,2022,15.75,Kinh tế xây dựng
25404,DHE,kinh-te-xay-dung,D01,Điểm thi THPT,2022,15.75,Kinh tế xây dựng
25405,DHE,kinh-te-xay-dung,A00,Điểm học bạ,2023,18.3,Kinh tế xây dựng
25406,DHE,kinh-te-xay-dung,A01,Điểm học bạ,2023,18.3,Kinh tế xây dựng
25407,DHE,kinh-te-xay-dung,C01,Điểm học bạ,2023,18.3,Kinh tế xây dựng
25408,DHE,kinh-te-xay-dung,D01,Điểm học bạ,2023,18.3,Kinh tế xây dựng
25409,DHE,kinh-te-xay-dung,A00,Điểm thi THPT,2023,15.75,Kinh tế xây dựng
25410,DHE,kinh-te-xay-dung,A01,Điểm thi THPT,2023,15.75,Kinh tế xây dựng
25411,DHE,kinh-te-xay-dung,C01,Điểm thi THPT,2023,15.75,Kinh tế xây dựng
25412,DHE,kinh-te-xay-dung,D01,Điểm thi THPT,2023,15.75,Kinh tế xây dựng
25413,DHE,ky-thuat-dien,A00,Điểm thi THPT,2021,16.25,Kỹ thuật điện
25414,DHE,ky-thuat-dien,A01,Điểm thi THPT,2021,16.25,Kỹ thuật điện
25415,DHE,ky-thuat-dien,D01,Điểm thi THPT,2021,16.25,Kỹ thuật điện
25416,DHE,ky-thuat-dien,A00,Điểm thi THPT,2022,16.5,Kỹ thuật điện
25417,DHE,ky-thuat-dien,A01,Điểm thi THPT,2022,16.5,Kỹ thuật điện
25418,DHE,ky-thuat-dien,D01,Điểm thi THPT,2022,16.5,Kỹ thuật điện
25419,DHE,ky-thuat-dien,A00,Điểm học bạ,2023,19.6,Kỹ thuật điện
25420,DHE,ky-thuat-dien,A01,Điểm học bạ,2023,19.6,Kỹ thuật điện
25421,DHE,ky-thuat-dien,D01,Điểm học bạ,2023,19.6,Kỹ thuật điện
25422,DHE,ky-thuat-dien,A00,Điểm thi THPT,2023,16.5,Kỹ thuật điện
25423,DHE,ky-thuat-dien,A01,Điểm thi THPT,2023,16.5,Kỹ thuật điện
25424,DHE,ky-thuat-dien,D01,Điểm thi THPT,2023,16.5,Kỹ thuật điện
25425,DHE,ky-thuat-dien,A00,Điểm học bạ,2024,20.0,Kỹ thuật điện
25426,DHE,ky-thuat-dien,A01,Điểm học bạ,2024,20.0,Kỹ thuật điện
25427,DHE,ky-thuat-dien,D01,Điểm học bạ,2024,20.0,Kỹ thuật điện
25428,DHE,ky-thuat-dien,A00,Điểm thi THPT,2024,16.7,Kỹ thuật điện
25429,DHE,ky-thuat-dien,A01,Điểm thi THPT,2024,16.7,Kỹ thuật điện
25430,DHE,ky-thuat-dien,D01,Điểm thi THPT,2024,16.7,Kỹ thuật điện
25431,DHE,ky-thuat-dien,A00,Điểm thi THPT,2025,17.2,Kỹ thuật điện
25432,DHE,ky-thuat-dien,A01,Điểm thi THPT,2025,17.2,Kỹ thuật điện
25433,DHE,ky-thuat-dien,C01,Điểm thi THPT,2025,17.2,Kỹ thuật điện
25434,DHE,ky-thuat-dien,C02,Điểm thi THPT,2025,17.2,Kỹ thuật điện
25435,DHE,ky-thuat-dien,D01,Điểm thi THPT,2025,17.2,Kỹ thuật điện
25436,DHE,ky-thuat-dien,X07,Điểm thi THPT,2025,17.2,Kỹ thuật điện
25437,DHE,ky-thuat-dieu-khien-va-tu-dong-hoa,A00,Điểm thi THPT,2021,18.0,Kỹ thuật điều khiển và Tự động hóa (hệ kỹ sư và hệ cử nhân)
25438,DHE,ky-thuat-dieu-khien-va-tu-dong-hoa,A01,Điểm thi THPT,2021,18.0,Kỹ thuật điều khiển và Tự động hóa (hệ kỹ sư và hệ cử nhân)
25439,DHE,ky-thuat-dieu-khien-va-tu-dong-hoa,D01,Điểm thi THPT,2021,18.0,Kỹ thuật điều khiển và Tự động hóa (hệ kỹ sư và hệ cử nhân)
25440,DHE,ky-thuat-dieu-khien-va-tu-dong-hoa,A00,Điểm thi THPT,2022,17.5,Kỹ thuật điều khiển và tự động hóa
25441,DHE,ky-thuat-dieu-khien-va-tu-dong-hoa,A01,Điểm thi THPT,2022,17.5,Kỹ thuật điều khiển và tự động hóa
25442,DHE,ky-thuat-dieu-khien-va-tu-dong-hoa,D01,Điểm thi THPT,2022,17.5,Kỹ thuật điều khiển và tự động hóa
25443,DHE,ky-thuat-dieu-khien-va-tu-dong-hoa,A00,Điểm học bạ,2023,19.6,Kỹ thuật điều khiển và tự động hóa
25444,DHE,ky-thuat-dieu-khien-va-tu-dong-hoa,A01,Điểm học bạ,2023,19.6,Kỹ thuật điều khiển và tự động hóa
25445,DHE,ky-thuat-dieu-khien-va-tu-dong-hoa,D01,Điểm học bạ,2023,19.6,Kỹ thuật điều khiển và tự động hóa
25446,DHE,ky-thuat-dieu-khien-va-tu-dong-hoa,A00,Điểm thi THPT,2023,17.5,Kỹ thuật điều khiển và tự động hóa
25447,DHE,ky-thuat-dieu-khien-va-tu-dong-hoa,A01,Điểm thi THPT,2023,17.5,Kỹ thuật điều khiển và tự động hóa
25448,DHE,ky-thuat-dieu-khien-va-tu-dong-hoa,D01,Điểm thi THPT,2023,17.5,Kỹ thuật điều khiển và tự động hóa
25449,DHE,ky-thuat-dieu-khien-va-tu-dong-hoa,A00,Điểm học bạ,2024,20.5,Kỹ thuật điều khiển và tụ động hóa
25450,DHE,ky-thuat-dieu-khien-va-tu-dong-hoa,A01,Điểm học bạ,2024,20.5,Kỹ thuật điều khiển và tụ động hóa
25451,DHE,ky-thuat-dieu-khien-va-tu-dong-hoa,D01,Điểm học bạ,2024,20.5,Kỹ thuật điều khiển và tụ động hóa
25452,DHE,ky-thuat-dieu-khien-va-tu-dong-hoa,A00,Điểm thi THPT,2024,17.5,Kỹ thuật điều khiển và tự động hóa
25453,DHE,ky-thuat-dieu-khien-va-tu-dong-hoa,A01,Điểm thi THPT,2024,17.5,Kỹ thuật điều khiển và tự động hóa
25454,DHE,ky-thuat-dieu-khien-va-tu-dong-hoa,D01,Điểm thi THPT,2024,17.5,Kỹ thuật điều khiển và tự động hóa
25455,DHE,ky-thuat-dieu-kien-va-tu-dong-hoa,A00,Điểm thi THPT,2025,18.5,Kỹ thuật điều kiển và tự động hoá
25456,DHE,ky-thuat-dieu-kien-va-tu-dong-hoa,A01,Điểm thi THPT,2025,18.5,Kỹ thuật điều kiển và tự động hoá
25457,DHE,ky-thuat-dieu-kien-va-tu-dong-hoa,C01,Điểm thi THPT,2025,18.5,Kỹ thuật điều kiển và tự động hoá
25458,DHE,ky-thuat-dieu-kien-va-tu-dong-hoa,C02,Điểm thi THPT,2025,18.5,Kỹ thuật điều kiển và tự động hoá
25459,DHE,ky-thuat-dieu-kien-va-tu-dong-hoa,D01,Điểm thi THPT,2025,18.5,Kỹ thuật điều kiển và tự động hoá
25460,DHE,ky-thuat-dieu-kien-va-tu-dong-hoa,X07,Điểm thi THPT,2025,18.5,Kỹ thuật điều kiển và tự động hoá
25461,DHE,ky-thuat-xay-dung,A00,Điểm thi THPT,2022,15.75,Kỹ thuật xây dựng
25462,DHE,ky-thuat-xay-dung,A01,Điểm thi THPT,2022,15.75,Kỹ thuật xây dựng
25463,DHE,ky-thuat-xay-dung,D01,Điểm thi THPT,2022,15.75,Kỹ thuật xây dựng
25464,DHE,ky-thuat-xay-dung,A00,Điểm học bạ,2023,18.3,Kỹ thuật xây dựng
25465,DHE,ky-thuat-xay-dung,A01,Điểm học bạ,2023,18.3,Kỹ thuật xây dựng
25466,DHE,ky-thuat-xay-dung,C01,Điểm học bạ,2023,18.3,Kỹ thuật xây dựng
25467,DHE,ky-thuat-xay-dung,D01,Điểm học bạ,2023,18.3,Kỹ thuật xây dựng
25468,DHE,ky-thuat-xay-dung,A00,Điểm thi THPT,2023,15.75,Kỹ thuật xây dựng
25469,DHE,ky-thuat-xay-dung,A01,Điểm thi THPT,2023,15.75,Kỹ thuật xây dựng
25470,DHE,ky-thuat-xay-dung,C01,Điểm thi THPT,2023,15.75,Kỹ thuật xây dựng
25471,DHE,ky-thuat-xay-dung,D01,Điểm thi THPT,2023,15.75,Kỹ thuật xây dựng
25472,DHE,ky-thuat-xay-dung,A00,Điểm học bạ,2024,18.5,Kỹ thuật xây dựng
25473,DHE,ky-thuat-xay-dung,A01,Điểm học bạ,2024,18.5,Kỹ thuật xây dựng
25474,DHE,ky-thuat-xay-dung,C01,Điểm học bạ,2024,18.5,Kỹ thuật xây dựng
25475,DHE,ky-thuat-xay-dung,D01,Điểm học bạ,2024,18.5,Kỹ thuật xây dựng
25476,DHE,ky-thuat-xay-dung,A00,Điểm thi THPT,2024,15.75,Kỹ thuật xây dựng
25477,DHE,ky-thuat-xay-dung,A01,Điểm thi THPT,2024,15.75,Kỹ thuật xây dựng
25478,DHE,ky-thuat-xay-dung,C01,Điểm thi THPT,2024,15.75,Kỹ thuật xây dựng
25479,DHE,ky-thuat-xay-dung,D01,Điểm thi THPT,2024,15.75,Kỹ thuật xây dựng
25480,DHE,ky-thuat-xay-dung,A00,Điểm thi THPT,2025,16.0,Kỹ thuật xây dựng
25481,DHE,ky-thuat-xay-dung,A01,Điểm thi THPT,2025,16.0,Kỹ thuật xây dựng
25482,DHE,ky-thuat-xay-dung,A04,Điểm thi THPT,2025,16.0,Kỹ thuật xây dựng
25483,DHE,ky-thuat-xay-dung,C01,Điểm thi THPT,2025,16.0,Kỹ thuật xây dựng
25484,DHE,ky-thuat-xay-dung,C02,Điểm thi THPT,2025,16.0,Kỹ thuật xây dựng
25485,DHE,ky-thuat-xay-dung,D01,Điểm thi THPT,2025,16.0,Kỹ thuật xây dựng
25486,DHF,hoa-ky-hoc,D01,Điểm học bạ,2025,18.0,Hoa Kỳ học
25487,DHF,hoa-ky-hoc,D14,Điểm học bạ,2025,18.0,Hoa Kỳ học
25488,DHF,hoa-ky-hoc,D15,Điểm học bạ,2025,18.0,Hoa Kỳ học
25489,DHF,hoa-ky-hoc,D66,Điểm học bạ,2025,18.0,Hoa Kỳ học
25490,DHF,hoa-ky-hoc,D01,Điểm thi THPT,2025,15.0,Hoa Kỳ học
25491,DHF,hoa-ky-hoc,D14,Điểm thi THPT,2025,15.0,Hoa Kỳ học
25492,DHF,hoa-ky-hoc,D15,Điểm thi THPT,2025,15.0,Hoa Kỳ học
25493,DHF,hoa-ky-hoc,D66,Điểm thi THPT,2025,15.0,Hoa Kỳ học
25494,DHF,ngon-ngu-anh,D01,Điểm học bạ,2021,23.0,Ngôn ngữ Anh
25495,DHF,ngon-ngu-anh,D14,Điểm học bạ,2021,23.0,Ngôn ngữ Anh
25496,DHF,ngon-ngu-anh,D15,Điểm học bạ,2021,23.0,Ngôn ngữ Anh
25497,DHF,ngon-ngu-anh,D01,Điểm thi THPT,2021,22.25,Ngôn ngữ Anh
25498,DHF,ngon-ngu-anh,D14,Điểm thi THPT,2021,22.25,Ngôn ngữ Anh
25499,DHF,ngon-ngu-anh,D15,Điểm thi THPT,2021,22.25,Ngôn ngữ Anh
25500,DHF,ngon-ngu-anh,D01,Điểm thi THPT,2022,16.5,Ngôn ngữ Anh
25501,DHF,ngon-ngu-anh,D14,Điểm thi THPT,2022,16.5,Ngôn ngữ Anh
25502,DHF,ngon-ngu-anh,D15,Điểm thi THPT,2022,16.5,Ngôn ngữ Anh
25503,DHF,ngon-ngu-anh,D01,Điểm học bạ,2023,20.0,Ngôn ngữ Anh
25504,DHF,ngon-ngu-anh,D14,Điểm học bạ,2023,20.0,Ngôn ngữ Anh
25505,DHF,ngon-ngu-anh,D15,Điểm học bạ,2023,20.0,Ngôn ngữ Anh
25506,DHF,ngon-ngu-anh,D01,Điểm thi THPT,2023,19.5,Ngôn ngữ Anh
25507,DHF,ngon-ngu-anh,D14,Điểm thi THPT,2023,19.5,Ngôn ngữ Anh
25508,DHF,ngon-ngu-anh,D15,Điểm thi THPT,2023,19.5,Ngôn ngữ Anh
25509,DHF,ngon-ngu-anh,D01,Điểm học bạ,2024,23.95,Ngôn ngữ Anh
25510,DHF,ngon-ngu-anh,D14,Điểm học bạ,2024,23.95,Ngôn ngữ Anh
25511,DHF,ngon-ngu-anh,D15,Điểm học bạ,2024,23.95,Ngôn ngữ Anh
25512,DHF,ngon-ngu-anh,D01,Điểm thi THPT,2024,21.5,Ngôn ngữ Anh
25513,DHF,ngon-ngu-anh,D14,Điểm thi THPT,2024,21.5,Ngôn ngữ Anh
25514,DHF,ngon-ngu-anh,D15,Điểm thi THPT,2024,21.5,Ngôn ngữ Anh
25515,DHF,ngon-ngu-anh,D01,Điểm học bạ,2025,24.05,Ngôn ngữ Anh
25516,DHF,ngon-ngu-anh,D14,Điểm học bạ,2025,24.05,Ngôn ngữ Anh
25517,DHF,ngon-ngu-anh,D15,Điểm học bạ,2025,24.05,Ngôn ngữ Anh
25518,DHF,ngon-ngu-anh,D01,Điểm thi THPT,2025,23.0,Ngôn ngữ Anh
25519,DHF,ngon-ngu-anh,D14,Điểm thi THPT,2025,23.0,Ngôn ngữ Anh
25520,DHF,ngon-ngu-anh,D15,Điểm thi THPT,2025,23.0,Ngôn ngữ Anh
25521,DHF,ngon-ngu-han,D01,Điểm học bạ,2021,25.0,Ngôn ngữ Hàn
25522,DHF,ngon-ngu-han,D14,Điểm học bạ,2021,25.0,Ngôn ngữ Hàn
25523,DHF,ngon-ngu-han,D15,Điểm học bạ,2021,25.0,Ngôn ngữ Hàn
25524,DHF,ngon-ngu-han,D01,Điểm thi THPT,2021,23.5,Ngôn ngữ Hàn
25525,DHF,ngon-ngu-han,D14,Điểm thi THPT,2021,23.5,Ngôn ngữ Hàn
25526,DHF,ngon-ngu-han,D15,Điểm thi THPT,2021,23.5,Ngôn ngữ Hàn
25527,DHF,ngon-ngu-han-quoc,D01,Điểm thi THPT,2022,21.5,Ngôn ngữ Hàn Quốc
25528,DHF,ngon-ngu-han-quoc,D14,Điểm thi THPT,2022,21.5,Ngôn ngữ Hàn Quốc
25529,DHF,ngon-ngu-han-quoc,D15,Điểm thi THPT,2022,21.5,Ngôn ngữ Hàn Quốc
25530,DHF,ngon-ngu-han-quoc,D01,Điểm học bạ,2023,25.0,Ngôn ngữ Hàn Quốc
25531,DHF,ngon-ngu-han-quoc,D14,Điểm học bạ,2023,25.0,Ngôn ngữ Hàn Quốc
25532,DHF,ngon-ngu-han-quoc,D15,Điểm học bạ,2023,25.0,Ngôn ngữ Hàn Quốc
25533,DHF,ngon-ngu-han-quoc,D01,Điểm thi THPT,2023,22.5,Ngôn ngữ Hàn Quốc
25534,DHF,ngon-ngu-han-quoc,D14,Điểm thi THPT,2023,22.5,Ngôn ngữ Hàn Quốc
25535,DHF,ngon-ngu-han-quoc,D15,Điểm thi THPT,2023,22.5,Ngôn ngữ Hàn Quốc
25536,DHF,ngon-ngu-han-quoc,D01,Điểm học bạ,2024,25.5,Ngôn ngữ Hàn Quốc
25537,DHF,ngon-ngu-han-quoc,D14,Điểm học bạ,2024,25.5,Ngôn ngữ Hàn Quốc
25538,DHF,ngon-ngu-han-quoc,D15,Điểm học bạ,2024,25.5,Ngôn ngữ Hàn Quốc
25539,DHF,ngon-ngu-han-quoc,D01,Điểm thi THPT,2024,24.5,Ngôn ngữ Hàn Quốc
25540,DHF,ngon-ngu-han-quoc,D14,Điểm thi THPT,2024,24.5,Ngôn ngữ Hàn Quốc
25541,DHF,ngon-ngu-han-quoc,D15,Điểm thi THPT,2024,24.5,Ngôn ngữ Hàn Quốc
25542,DHF,ngon-ngu-han-quoc,D01,Điểm học bạ,2025,24.38,Ngôn ngữ Hàn Quốc
25543,DHF,ngon-ngu-han-quoc,D14,Điểm học bạ,2025,24.38,Ngôn ngữ Hàn Quốc
25544,DHF,ngon-ngu-han-quoc,D15,Điểm học bạ,2025,24.38,Ngôn ngữ Hàn Quốc
25545,DHF,ngon-ngu-han-quoc,D01,Điểm thi THPT,2025,23.6,Ngôn ngữ Hàn Quốc
25546,DHF,ngon-ngu-han-quoc,D14,Điểm thi THPT,2025,23.6,Ngôn ngữ Hàn Quốc
25547,DHF,ngon-ngu-han-quoc,D15,Điểm thi THPT,2025,23.6,Ngôn ngữ Hàn Quốc
25548,DHF,ngon-ngu-nga,D01,Điểm học bạ,2021,18.0,Ngôn ngữ Nga
25549,DHF,ngon-ngu-nga,D02,Điểm học bạ,2021,18.0,Ngôn ngữ Nga
25550,DHF,ngon-ngu-nga,D15,Điểm học bạ,2021,18.0,Ngôn ngữ Nga
25551,DHF,ngon-ngu-nga,D42,Điểm học bạ,2021,18.0,Ngôn ngữ Nga
25552,DHF,ngon-ngu-nga,D01,Điểm thi THPT,2021,15.0,Ngôn ngữ Nga
25553,DHF,ngon-ngu-nga,D02,Điểm thi THPT,2021,15.0,Ngôn ngữ Nga
25554,DHF,ngon-ngu-nga,D15,Điểm thi THPT,2021,15.0,Ngôn ngữ Nga
25555,DHF,ngon-ngu-nga,D42,Điểm thi THPT,2021,15.0,Ngôn ngữ Nga
25556,DHF,ngon-ngu-nga,D01,Điểm thi THPT,2022,15.0,Ngôn ngữ Nga
25557,DHF,ngon-ngu-nga,D02,Điểm thi THPT,2022,15.0,Ngôn ngữ Nga
25558,DHF,ngon-ngu-nga,D15,Điểm thi THPT,2022,15.0,Ngôn ngữ Nga
25559,DHF,ngon-ngu-nga,D42,Điểm thi THPT,2022,15.0,Ngôn ngữ Nga
25560,DHF,ngon-ngu-nga,D01,Điểm học bạ,2023,18.0,Ngôn ngữ Nga
25561,DHF,ngon-ngu-nga,D02,Điểm học bạ,2023,18.0,Ngôn ngữ Nga
25562,DHF,ngon-ngu-nga,D15,Điểm học bạ,2023,18.0,Ngôn ngữ Nga
25563,DHF,ngon-ngu-nga,D42,Điểm học bạ,2023,18.0,Ngôn ngữ Nga
25564,DHF,ngon-ngu-nga,D01,Điểm thi THPT,2023,15.0,Ngôn ngữ Nga
25565,DHF,ngon-ngu-nga,D02,Điểm thi THPT,2023,15.0,Ngôn ngữ Nga
25566,DHF,ngon-ngu-nga,D15,Điểm thi THPT,2023,15.0,Ngôn ngữ Nga
25567,DHF,ngon-ngu-nga,D42,Điểm thi THPT,2023,15.0,Ngôn ngữ Nga
25568,DHF,ngon-ngu-nga,D01,Điểm học bạ,2024,18.0,Ngôn ngữ Nga
25569,DHF,ngon-ngu-nga,D02,Điểm học bạ,2024,18.0,Ngôn ngữ Nga
25570,DHF,ngon-ngu-nga,D15,Điểm học bạ,2024,18.0,Ngôn ngữ Nga
25571,DHF,ngon-ngu-nga,D42,Điểm học bạ,2024,18.0,Ngôn ngữ Nga
25572,DHF,ngon-ngu-nga,D01,Điểm thi THPT,2024,15.0,Ngôn ngữ Nga
25573,DHF,ngon-ngu-nga,D02,Điểm thi THPT,2024,15.0,Ngôn ngữ Nga
25574,DHF,ngon-ngu-nga,D15,Điểm thi THPT,2024,15.0,Ngôn ngữ Nga
25575,DHF,ngon-ngu-nga,D42,Điểm thi THPT,2024,15.0,Ngôn ngữ Nga
25576,DHF,ngon-ngu-nga,D01,Điểm học bạ,2025,18.0,Ngôn ngữ Nga
25577,DHF,ngon-ngu-nga,D02,Điểm học bạ,2025,18.0,Ngôn ngữ Nga
25578,DHF,ngon-ngu-nga,D14,Điểm học bạ,2025,18.0,Ngôn ngữ Nga
25579,DHF,ngon-ngu-nga,D15,Điểm học bạ,2025,18.0,Ngôn ngữ Nga
25580,DHF,ngon-ngu-nga,D42,Điểm học bạ,2025,18.0,Ngôn ngữ Nga
25581,DHF,ngon-ngu-nga,D62,Điểm học bạ,2025,18.0,Ngôn ngữ Nga
25582,DHF,ngon-ngu-nga,D01,Điểm thi THPT,2025,15.0,Ngôn ngữ Nga
25583,DHF,ngon-ngu-nga,D02,Điểm thi THPT,2025,15.0,Ngôn ngữ Nga
25584,DHF,ngon-ngu-nga,D14,Điểm thi THPT,2025,15.0,Ngôn ngữ Nga
25585,DHF,ngon-ngu-nga,D15,Điểm thi THPT,2025,15.0,Ngôn ngữ Nga
25586,DHF,ngon-ngu-nga,D42,Điểm thi THPT,2025,15.0,Ngôn ngữ Nga
25587,DHF,ngon-ngu-nga,D62,Điểm thi THPT,2025,15.0,Ngôn ngữ Nga
25588,DHF,ngon-ngu-nhat,D01,Điểm học bạ,2021,23.0,Ngôn ngữ Nhật
25589,DHF,ngon-ngu-nhat,D06,Điểm học bạ,2021,23.0,Ngôn ngữ Nhật
25590,DHF,ngon-ngu-nhat,D15,Điểm học bạ,2021,23.0,Ngôn ngữ Nhật
25591,DHF,ngon-ngu-nhat,D43,Điểm học bạ,2021,23.0,Ngôn ngữ Nhật
25592,DHF,ngon-ngu-nhat,D01,Điểm thi THPT,2021,21.5,Ngôn ngữ Nhật
25593,DHF,ngon-ngu-nhat,D06,Điểm thi THPT,2021,21.5,Ngôn ngữ Nhật
25594,DHF,ngon-ngu-nhat,D15,Điểm thi THPT,2021,21.5,Ngôn ngữ Nhật
25595,DHF,ngon-ngu-nhat,D43,Điểm thi THPT,2021,21.5,Ngôn ngữ Nhật
25596,DHF,ngon-ngu-nhat,D01,Điểm thi THPT,2022,17.0,Ngôn ngữ Nhật
25597,DHF,ngon-ngu-nhat,D06,Điểm thi THPT,2022,17.0,Ngôn ngữ Nhật
25598,DHF,ngon-ngu-nhat,D15,Điểm thi THPT,2022,17.0,Ngôn ngữ Nhật
25599,DHF,ngon-ngu-nhat,D43,Điểm thi THPT,2022,17.0,Ngôn ngữ Nhật
25600,DHF,ngon-ngu-nhat,D01,Điểm học bạ,2023,19.0,Ngôn ngữ Nhật
25601,DHF,ngon-ngu-nhat,D06,Điểm học bạ,2023,19.0,Ngôn ngữ Nhật
25602,DHF,ngon-ngu-nhat,D15,Điểm học bạ,2023,19.0,Ngôn ngữ Nhật
25603,DHF,ngon-ngu-nhat,D43,Điểm học bạ,2023,19.0,Ngôn ngữ Nhật
25604,DHF,ngon-ngu-nhat,D01,Điểm thi THPT,2023,19.5,Ngôn ngữ Nhật
25605,DHF,ngon-ngu-nhat,D06,Điểm thi THPT,2023,19.5,Ngôn ngữ Nhật
25606,DHF,ngon-ngu-nhat,D15,Điểm thi THPT,2023,19.5,Ngôn ngữ Nhật
25607,DHF,ngon-ngu-nhat,D43,Điểm thi THPT,2023,19.5,Ngôn ngữ Nhật
25608,DHF,ngon-ngu-nhat,D01,Điểm học bạ,2024,18.05,Ngôn ngữ Nhật
25609,DHF,ngon-ngu-nhat,D06,Điểm học bạ,2024,18.05,Ngôn ngữ Nhật
25610,DHF,ngon-ngu-nhat,D15,Điểm học bạ,2024,18.05,Ngôn ngữ Nhật
25611,DHF,ngon-ngu-nhat,D43,Điểm học bạ,2024,18.05,Ngôn ngữ Nhật
25612,DHF,ngon-ngu-nhat,D01,Điểm thi THPT,2024,20.5,Ngôn ngữ Nhật
25613,DHF,ngon-ngu-nhat,D06,Điểm thi THPT,2024,20.5,Ngôn ngữ Nhật
25614,DHF,ngon-ngu-nhat,D15,Điểm thi THPT,2024,20.5,Ngôn ngữ Nhật
25615,DHF,ngon-ngu-nhat,D43,Điểm thi THPT,2024,20.5,Ngôn ngữ Nhật
25616,DHF,ngon-ngu-nhat,D01,Điểm học bạ,2025,18.43,Ngôn ngữ Nhật
25617,DHF,ngon-ngu-nhat,D06,Điểm học bạ,2025,18.43,Ngôn ngữ Nhật
25618,DHF,ngon-ngu-nhat,D15,Điểm học bạ,2025,18.43,Ngôn ngữ Nhật
25619,DHF,ngon-ngu-nhat,D43,Điểm học bạ,2025,18.43,Ngôn ngữ Nhật
25620,DHF,ngon-ngu-nhat,D01,Điểm thi THPT,2025,16.25,Ngôn ngữ Nhật
25621,DHF,ngon-ngu-nhat,D06,Điểm thi THPT,2025,16.25,Ngôn ngữ Nhật
25622,DHF,ngon-ngu-nhat,D15,Điểm thi THPT,2025,16.25,Ngôn ngữ Nhật
25623,DHF,ngon-ngu-nhat,D43,Điểm thi THPT,2025,16.25,Ngôn ngữ Nhật
25624,DHF,ngon-ngu-phap,D01,Điểm học bạ,2021,18.0,Ngôn ngữ Pháp
25625,DHF,ngon-ngu-phap,D03,Điểm học bạ,2021,18.0,Ngôn ngữ Pháp
25626,DHF,ngon-ngu-phap,D15,Điểm học bạ,2021,18.0,Ngôn ngữ Pháp
25627,DHF,ngon-ngu-phap,D44,Điểm học bạ,2021,18.0,Ngôn ngữ Pháp
25628,DHF,ngon-ngu-phap,D01,Điểm thi THPT,2021,15.0,Ngôn ngữ Pháp
25629,DHF,ngon-ngu-phap,D03,Điểm thi THPT,2021,15.0,Ngôn ngữ Pháp
25630,DHF,ngon-ngu-phap,D15,Điểm thi THPT,2021,15.0,Ngôn ngữ Pháp
25631,DHF,ngon-ngu-phap,D44,Điểm thi THPT,2021,15.0,Ngôn ngữ Pháp
25632,DHF,ngon-ngu-phap,D01,Điểm thi THPT,2022,15.0,Ngôn ngữ Pháp
25633,DHF,ngon-ngu-phap,D03,Điểm thi THPT,2022,15.0,Ngôn ngữ Pháp
25634,DHF,ngon-ngu-phap,D15,Điểm thi THPT,2022,15.0,Ngôn ngữ Pháp
25635,DHF,ngon-ngu-phap,D44,Điểm thi THPT,2022,15.0,Ngôn ngữ Pháp
25636,DHF,ngon-ngu-phap,D01,Điểm học bạ,2023,18.0,Ngôn ngữ Pháp
25637,DHF,ngon-ngu-phap,D03,Điểm học bạ,2023,18.0,Ngôn ngữ Pháp
25638,DHF,ngon-ngu-phap,D15,Điểm học bạ,2023,18.0,Ngôn ngữ Pháp
25639,DHF,ngon-ngu-phap,D44,Điểm học bạ,2023,18.0,Ngôn ngữ Pháp
25640,DHF,ngon-ngu-phap,D01,Điểm thi THPT,2023,15.0,Ngôn ngữ Pháp
25641,DHF,ngon-ngu-phap,D03,Điểm thi THPT,2023,15.0,Ngôn ngữ Pháp
25642,DHF,ngon-ngu-phap,D15,Điểm thi THPT,2023,15.0,Ngôn ngữ Pháp
25643,DHF,ngon-ngu-phap,D44,Điểm thi THPT,2023,15.0,Ngôn ngữ Pháp
25644,DHF,ngon-ngu-phap,D01,Điểm học bạ,2024,18.0,Ngôn ngữ Pháp
25645,DHF,ngon-ngu-phap,D03,Điểm học bạ,2024,18.0,Ngôn ngữ Pháp
25646,DHF,ngon-ngu-phap,D15,Điểm học bạ,2024,18.0,Ngôn ngữ Pháp
25647,DHF,ngon-ngu-phap,D44,Điểm học bạ,2024,18.0,Ngôn ngữ Pháp
25648,DHF,ngon-ngu-phap,D01,Điểm thi THPT,2024,15.0,Ngôn ngữ Pháp
25649,DHF,ngon-ngu-phap,D03,Điểm thi THPT,2024,15.0,Ngôn ngữ Pháp
25650,DHF,ngon-ngu-phap,D15,Điểm thi THPT,2024,15.0,Ngôn ngữ Pháp
25651,DHF,ngon-ngu-phap,D44,Điểm thi THPT,2024,15.0,Ngôn ngữ Pháp
25652,DHF,ngon-ngu-phap,D01,Điểm học bạ,2025,18.0,Ngôn ngữ Pháp
25653,DHF,ngon-ngu-phap,D03,Điểm học bạ,2025,18.0,Ngôn ngữ Pháp
25654,DHF,ngon-ngu-phap,D14,Điểm học bạ,2025,18.0,Ngôn ngữ Pháp
25655,DHF,ngon-ngu-phap,D15,Điểm học bạ,2025,18.0,Ngôn ngữ Pháp
25656,DHF,ngon-ngu-phap,D44,Điểm học bạ,2025,18.0,Ngôn ngữ Pháp
25657,DHF,ngon-ngu-phap,D64,Điểm học bạ,2025,18.0,Ngôn ngữ Pháp
25658,DHF,ngon-ngu-phap,D01,Điểm thi THPT,2025,15.0,Ngôn ngữ Pháp
25659,DHF,ngon-ngu-phap,D03,Điểm thi THPT,2025,15.0,Ngôn ngữ Pháp
25660,DHF,ngon-ngu-phap,D14,Điểm thi THPT,2025,15.0,Ngôn ngữ Pháp
25661,DHF,ngon-ngu-phap,D15,Điểm thi THPT,2025,15.0,Ngôn ngữ Pháp
25662,DHF,ngon-ngu-phap,D44,Điểm thi THPT,2025,15.0,Ngôn ngữ Pháp
25663,DHF,ngon-ngu-phap,D64,Điểm thi THPT,2025,15.0,Ngôn ngữ Pháp
25664,DHF,ngon-ngu-trung-quoc,D01,Điểm học bạ,2021,24.0,Ngôn ngữ Trung Quốc
25665,DHF,ngon-ngu-trung-quoc,D04,Điểm học bạ,2021,24.0,Ngôn ngữ Trung Quốc
25666,DHF,ngon-ngu-trung-quoc,D15,Điểm học bạ,2021,24.0,Ngôn ngữ Trung Quốc
25667,DHF,ngon-ngu-trung-quoc,D45,Điểm học bạ,2021,24.0,Ngôn ngữ Trung Quốc
25668,DHF,ngon-ngu-trung-quoc,D01,Điểm thi THPT,2021,23.75,Ngôn ngữ Trung Quốc
25669,DHF,ngon-ngu-trung-quoc,D04,Điểm thi THPT,2021,23.75,Ngôn ngữ Trung Quốc
25670,DHF,ngon-ngu-trung-quoc,D15,Điểm thi THPT,2021,23.75,Ngôn ngữ Trung Quốc
25671,DHF,ngon-ngu-trung-quoc,D45,Điểm thi THPT,2021,23.75,Ngôn ngữ Trung Quốc
25672,DHF,ngon-ngu-trung-quoc,D01,Điểm thi THPT,2022,21.0,Ngôn ngữ Trung Quốc
25673,DHF,ngon-ngu-trung-quoc,D04,Điểm thi THPT,2022,21.0,Ngôn ngữ Trung Quốc
25674,DHF,ngon-ngu-trung-quoc,D15,Điểm thi THPT,2022,21.0,Ngôn ngữ Trung Quốc
25675,DHF,ngon-ngu-trung-quoc,D45,Điểm thi THPT,2022,21.0,Ngôn ngữ Trung Quốc
25676,DHF,ngon-ngu-trung-quoc,D01,Điểm học bạ,2023,25.5,Ngôn ngữ Trung Quốc
25677,DHF,ngon-ngu-trung-quoc,D04,Điểm học bạ,2023,25.5,Ngôn ngữ Trung Quốc
25678,DHF,ngon-ngu-trung-quoc,D15,Điểm học bạ,2023,25.5,Ngôn ngữ Trung Quốc
25679,DHF,ngon-ngu-trung-quoc,D45,Điểm học bạ,2023,25.5,Ngôn ngữ Trung Quốc
25680,DHF,ngon-ngu-trung-quoc,D01,Điểm thi THPT,2023,23.0,Ngôn ngữ Trung Quốc
25681,DHF,ngon-ngu-trung-quoc,D04,Điểm thi THPT,2023,23.0,Ngôn ngữ Trung Quốc
25682,DHF,ngon-ngu-trung-quoc,D15,Điểm thi THPT,2023,23.0,Ngôn ngữ Trung Quốc
25683,DHF,ngon-ngu-trung-quoc,D45,Điểm thi THPT,2023,23.0,Ngôn ngữ Trung Quốc
25684,DHF,ngon-ngu-trung-quoc,D01,Điểm học bạ,2024,25.7,Ngôn ngữ Trung Quốc
25685,DHF,ngon-ngu-trung-quoc,D04,Điểm học bạ,2024,25.7,Ngôn ngữ Trung Quốc
25686,DHF,ngon-ngu-trung-quoc,D15,Điểm học bạ,2024,25.7,Ngôn ngữ Trung Quốc
25687,DHF,ngon-ngu-trung-quoc,D45,Điểm học bạ,2024,25.7,Ngôn ngữ Trung Quốc
25688,DHF,ngon-ngu-trung-quoc,D01,Điểm thi THPT,2024,24.5,Ngôn ngữ Trung Quốc
25689,DHF,ngon-ngu-trung-quoc,D04,Điểm thi THPT,2024,24.5,Ngôn ngữ Trung Quốc
25690,DHF,ngon-ngu-trung-quoc,D15,Điểm thi THPT,2024,24.5,Ngôn ngữ Trung Quốc
25691,DHF,ngon-ngu-trung-quoc,D45,Điểm thi THPT,2024,24.5,Ngôn ngữ Trung Quốc
25692,DHF,ngon-ngu-trung-quoc,D01,Điểm học bạ,2025,26.94,Ngôn ngữ Trung Quốc
25693,DHF,ngon-ngu-trung-quoc,D04,Điểm học bạ,2025,26.94,Ngôn ngữ Trung Quốc
25694,DHF,ngon-ngu-trung-quoc,D15,Điểm học bạ,2025,26.94,Ngôn ngữ Trung Quốc
25695,DHF,ngon-ngu-trung-quoc,D45,Điểm học bạ,2025,26.94,Ngôn ngữ Trung Quốc
25696,DHF,ngon-ngu-trung-quoc,D01,Điểm thi THPT,2025,26.6,Ngôn ngữ Trung Quốc
25697,DHF,ngon-ngu-trung-quoc,D04,Điểm thi THPT,2025,26.6,Ngôn ngữ Trung Quốc
25698,DHF,ngon-ngu-trung-quoc,D15,Điểm thi THPT,2025,26.6,Ngôn ngữ Trung Quốc
25699,DHF,ngon-ngu-trung-quoc,D45,Điểm thi THPT,2025,26.6,Ngôn ngữ Trung Quốc
25700,DHF,quoc-te-hoc,D01,Điểm học bạ,2021,18.0,Quốc tế học
25701,DHF,quoc-te-hoc,D14,Điểm học bạ,2021,18.0,Quốc tế học
25702,DHF,quoc-te-hoc,D15,Điểm học bạ,2021,18.0,Quốc tế học
25703,DHF,quoc-te-hoc,D01,Điểm thi THPT,2021,15.0,Quốc tế học
25704,DHF,quoc-te-hoc,D14,Điểm thi THPT,2021,15.0,Quốc tế học
25705,DHF,quoc-te-hoc,D15,Điểm thi THPT,2021,15.0,Quốc tế học
25706,DHF,quoc-te-hoc,D01,Điểm thi THPT,2022,15.0,Quốc tế học
25707,DHF,quoc-te-hoc,D14,Điểm thi THPT,2022,15.0,Quốc tế học
25708,DHF,quoc-te-hoc,D15,Điểm thi THPT,2022,15.0,Quốc tế học
25709,DHF,quoc-te-hoc,D01,Điểm học bạ,2023,18.0,Quốc tế học
25710,DHF,quoc-te-hoc,D14,Điểm học bạ,2023,18.0,Quốc tế học
25711,DHF,quoc-te-hoc,D15,Điểm học bạ,2023,18.0,Quốc tế học
25712,DHF,quoc-te-hoc,D01,Điểm thi THPT,2023,15.0,Quốc tế học
25713,DHF,quoc-te-hoc,D14,Điểm thi THPT,2023,15.0,Quốc tế học
25714,DHF,quoc-te-hoc,D15,Điểm thi THPT,2023,15.0,Quốc tế học
25715,DHF,quoc-te-hoc,D01,Điểm học bạ,2024,18.0,Quốc tế học
25716,DHF,quoc-te-hoc,D14,Điểm học bạ,2024,18.0,Quốc tế học
25717,DHF,quoc-te-hoc,D15,Điểm học bạ,2024,18.0,Quốc tế học
25718,DHF,quoc-te-hoc,D01,Điểm thi THPT,2024,15.0,Quốc tế học
25719,DHF,quoc-te-hoc,D14,Điểm thi THPT,2024,15.0,Quốc tế học
25720,DHF,quoc-te-hoc,D15,Điểm thi THPT,2024,15.0,Quốc tế học
25721,DHF,quoc-te-hoc,D01,Điểm học bạ,2025,18.0,Quốc tế học
25722,DHF,quoc-te-hoc,D14,Điểm học bạ,2025,18.0,Quốc tế học
25723,DHF,quoc-te-hoc,D15,Điểm học bạ,2025,18.0,Quốc tế học
25724,DHF,quoc-te-hoc,D66,Điểm học bạ,2025,18.0,Quốc tế học
25725,DHF,quoc-te-hoc,X78,Điểm học bạ,2025,18.0,Quốc tế học
25726,DHF,quoc-te-hoc,D01,Điểm thi THPT,2025,15.0,Quốc tế học
25727,DHF,quoc-te-hoc,D14,Điểm thi THPT,2025,15.0,Quốc tế học
25728,DHF,quoc-te-hoc,D15,Điểm thi THPT,2025,15.0,Quốc tế học
25729,DHF,quoc-te-hoc,D66,Điểm thi THPT,2025,15.0,Quốc tế học
25730,DHF,quoc-te-hoc,X78,Điểm thi THPT,2025,15.0,Quốc tế học
25731,DHF,su-pham-tieng-anh,D01,Điểm học bạ,2021,26.0,Sư Phạm tiếng Anh
25732,DHF,su-pham-tieng-anh,D14,Điểm học bạ,2021,26.0,Sư Phạm tiếng Anh
25733,DHF,su-pham-tieng-anh,D15,Điểm học bạ,2021,26.0,Sư Phạm tiếng Anh
25734,DHF,su-pham-tieng-anh,D01,Điểm thi THPT,2021,25.75,Sư Phạm tiếng Anh
25735,DHF,su-pham-tieng-anh,D14,Điểm thi THPT,2021,25.75,Sư Phạm tiếng Anh
25736,DHF,su-pham-tieng-anh,D15,Điểm thi THPT,2021,25.75,Sư Phạm tiếng Anh
25737,DHF,su-pham-tieng-anh,D01,Điểm thi THPT,2022,19.0,Sư Phạm tiếng Anh
25738,DHF,su-pham-tieng-anh,D14,Điểm thi THPT,2022,19.0,Sư Phạm tiếng Anh
25739,DHF,su-pham-tieng-anh,D15,Điểm thi THPT,2022,19.0,Sư Phạm tiếng Anh
25740,DHF,su-pham-tieng-anh,D01,Điểm học bạ,2023,27.25,Sư phạm Tiếng Anh
25741,DHF,su-pham-tieng-anh,D14,Điểm học bạ,2023,27.25,Sư phạm Tiếng Anh
25742,DHF,su-pham-tieng-anh,D15,Điểm học bạ,2023,27.25,Sư phạm Tiếng Anh
25743,DHF,su-pham-tieng-anh,D01,Điểm thi THPT,2023,25.5,Sư phạm Tiếng Anh
25744,DHF,su-pham-tieng-anh,D14,Điểm thi THPT,2023,25.5,Sư phạm Tiếng Anh
25745,DHF,su-pham-tieng-anh,D15,Điểm thi THPT,2023,25.5,Sư phạm Tiếng Anh
25746,DHF,su-pham-tieng-anh,D01,Điểm học bạ,2024,28.2,Sư phạm Tiếng Anh
25747,DHF,su-pham-tieng-anh,D14,Điểm học bạ,2024,28.2,Sư phạm Tiếng Anh
25748,DHF,su-pham-tieng-anh,D15,Điểm học bạ,2024,28.2,Sư phạm Tiếng Anh
25749,DHF,su-pham-tieng-anh,D01,Điểm thi THPT,2024,27.1,Sư phạm Tiếng Anh
25750,DHF,su-pham-tieng-anh,D14,Điểm thi THPT,2024,27.1,Sư phạm Tiếng Anh
25751,DHF,su-pham-tieng-anh,D15,Điểm thi THPT,2024,27.1,Sư phạm Tiếng Anh
25752,DHF,su-pham-tieng-anh,D01,Điểm học bạ,2025,30.0,Sư phạm Tiếng Anh
25753,DHF,su-pham-tieng-anh,D14,Điểm học bạ,2025,30.0,Sư phạm Tiếng Anh
25754,DHF,su-pham-tieng-anh,D15,Điểm học bạ,2025,30.0,Sư phạm Tiếng Anh
25755,DHF,su-pham-tieng-anh,D01,Điểm thi THPT,2025,30.0,Sư phạm Tiếng Anh
25756,DHF,su-pham-tieng-anh,D14,Điểm thi THPT,2025,30.0,Sư phạm Tiếng Anh
25757,DHF,su-pham-tieng-anh,D15,Điểm thi THPT,2025,30.0,Sư phạm Tiếng Anh
25758,DHF,su-pham-tieng-phap,D01,Điểm học bạ,2021,18.0,Sư Phạm tiếng Pháp
25759,DHF,su-pham-tieng-phap,D03,Điểm học bạ,2021,18.0,Sư Phạm tiếng Pháp
25760,DHF,su-pham-tieng-phap,D15,Điểm học bạ,2021,18.0,Sư Phạm tiếng Pháp
25761,DHF,su-pham-tieng-phap,D44,Điểm học bạ,2021,18.0,Sư Phạm tiếng Pháp
25762,DHF,su-pham-tieng-phap,D01,Điểm thi THPT,2021,19.0,Sư Phạm tiếng Pháp
25763,DHF,su-pham-tieng-phap,D03,Điểm thi THPT,2021,19.0,Sư Phạm tiếng Pháp
25764,DHF,su-pham-tieng-phap,D15,Điểm thi THPT,2021,19.0,Sư Phạm tiếng Pháp
25765,DHF,su-pham-tieng-phap,D44,Điểm thi THPT,2021,19.0,Sư Phạm tiếng Pháp
25766,DHF,su-pham-tieng-phap,D01,Điểm thi THPT,2022,19.0,Sư Phạm tiếng Pháp
25767,DHF,su-pham-tieng-phap,D03,Điểm thi THPT,2022,19.0,Sư Phạm tiếng Pháp
25768,DHF,su-pham-tieng-phap,D15,Điểm thi THPT,2022,19.0,Sư Phạm tiếng Pháp
25769,DHF,su-pham-tieng-phap,D44,Điểm thi THPT,2022,19.0,Sư Phạm tiếng Pháp
25770,DHF,su-pham-tieng-phap,D01,Điểm học bạ,2023,18.0,Sư phạm Tiếng Pháp
25771,DHF,su-pham-tieng-phap,D03,Điểm học bạ,2023,18.0,Sư phạm Tiếng Pháp
25772,DHF,su-pham-tieng-phap,D15,Điểm học bạ,2023,18.0,Sư phạm Tiếng Pháp
25773,DHF,su-pham-tieng-phap,D44,Điểm học bạ,2023,18.0,Sư phạm Tiếng Pháp
25774,DHF,su-pham-tieng-phap,D01,Điểm thi THPT,2023,19.0,Sư phạm Tiếng Pháp
25775,DHF,su-pham-tieng-phap,D03,Điểm thi THPT,2023,19.0,Sư phạm Tiếng Pháp
25776,DHF,su-pham-tieng-phap,D15,Điểm thi THPT,2023,19.0,Sư phạm Tiếng Pháp
25777,DHF,su-pham-tieng-phap,D44,Điểm thi THPT,2023,19.0,Sư phạm Tiếng Pháp
25778,DHF,su-pham-tieng-phap,D01,Điểm học bạ,2024,19.0,Sư phạm Tiếng Pháp
25779,DHF,su-pham-tieng-phap,D03,Điểm học bạ,2024,19.0,Sư phạm Tiếng Pháp
25780,DHF,su-pham-tieng-phap,D15,Điểm học bạ,2024,19.0,Sư phạm Tiếng Pháp
25781,DHF,su-pham-tieng-phap,D44,Điểm học bạ,2024,19.0,Sư phạm Tiếng Pháp
25782,DHF,su-pham-tieng-phap,D01,Điểm thi THPT,2024,19.0,Sư phạm Tiếng Pháp
25783,DHF,su-pham-tieng-phap,D03,Điểm thi THPT,2024,19.0,Sư phạm Tiếng Pháp
25784,DHF,su-pham-tieng-phap,D44,Điểm thi THPT,2024,19.0,Sư phạm Tiếng Pháp
25785,DHF,su-pham-tieng-phap,D01,Điểm học bạ,2025,27.66,Sư phạm Tiếng Pháp
25786,DHF,su-pham-tieng-phap,D03,Điểm học bạ,2025,27.66,Sư phạm Tiếng Pháp
25787,DHF,su-pham-tieng-phap,D15,Điểm học bạ,2025,27.66,Sư phạm Tiếng Pháp
25788,DHF,su-pham-tieng-phap,D44,Điểm học bạ,2025,27.66,Sư phạm Tiếng Pháp
25789,DHF,su-pham-tieng-phap,D01,Điểm thi THPT,2025,27.4,Sư phạm Tiếng Pháp
25790,DHF,su-pham-tieng-phap,D03,Điểm thi THPT,2025,27.4,Sư phạm Tiếng Pháp
25791,DHF,su-pham-tieng-phap,D15,Điểm thi THPT,2025,27.4,Sư phạm Tiếng Pháp
25792,DHF,su-pham-tieng-phap,D44,Điểm thi THPT,2025,27.4,Sư phạm Tiếng Pháp
25793,DHF,su-pham-tieng-trung,D01,Điểm học bạ,2021,24.0,Sư Phạm tiếng Trung
25794,DHF,su-pham-tieng-trung,D04,Điểm học bạ,2021,24.0,Sư Phạm tiếng Trung
25795,DHF,su-pham-tieng-trung,D15,Điểm học bạ,2021,24.0,Sư Phạm tiếng Trung
25796,DHF,su-pham-tieng-trung,D45,Điểm học bạ,2021,24.0,Sư Phạm tiếng Trung
25797,DHF,su-pham-tieng-trung,D01,Điểm thi THPT,2021,23.0,Sư Phạm tiếng Trung
25798,DHF,su-pham-tieng-trung,D04,Điểm thi THPT,2021,23.0,Sư Phạm tiếng Trung
25799,DHF,su-pham-tieng-trung,D15,Điểm thi THPT,2021,23.0,Sư Phạm tiếng Trung
25800,DHF,su-pham-tieng-trung,D45,Điểm thi THPT,2021,23.0,Sư Phạm tiếng Trung
25801,DHF,su-pham-tieng-trung-quoc,D01,Điểm thi THPT,2022,23.0,Sư Phạm tiếng Trung Quốc
25802,DHF,su-pham-tieng-trung-quoc,D04,Điểm thi THPT,2022,23.0,Sư Phạm tiếng Trung Quốc
25803,DHF,su-pham-tieng-trung-quoc,D15,Điểm thi THPT,2022,23.0,Sư Phạm tiếng Trung Quốc
25804,DHF,su-pham-tieng-trung-quoc,D45,Điểm thi THPT,2022,23.0,Sư Phạm tiếng Trung Quốc
25805,DHF,su-pham-tieng-trung-quoc,D01,Điểm học bạ,2023,25.5,Sư phạm Tiếng Trung Quốc
25806,DHF,su-pham-tieng-trung-quoc,D04,Điểm học bạ,2023,25.5,Sư phạm Tiếng Trung Quốc
25807,DHF,su-pham-tieng-trung-quoc,D15,Điểm học bạ,2023,25.5,Sư phạm Tiếng Trung Quốc
25808,DHF,su-pham-tieng-trung-quoc,D45,Điểm học bạ,2023,25.5,Sư phạm Tiếng Trung Quốc
25809,DHF,su-pham-tieng-trung-quoc,D01,Điểm thi THPT,2023,24.85,Sư phạm Tiếng Trung Quốc
25810,DHF,su-pham-tieng-trung-quoc,D04,Điểm thi THPT,2023,24.85,Sư phạm Tiếng Trung Quốc
25811,DHF,su-pham-tieng-trung-quoc,D15,Điểm thi THPT,2023,24.85,Sư phạm Tiếng Trung Quốc
25812,DHF,su-pham-tieng-trung-quoc,D45,Điểm thi THPT,2023,24.85,Sư phạm Tiếng Trung Quốc
25813,DHF,su-pham-tieng-trung-quoc,D01,Điểm học bạ,2024,27.6,Sư phạm Tiếng Trung Quốc
25814,DHF,su-pham-tieng-trung-quoc,D04,Điểm học bạ,2024,27.6,Sư phạm Tiếng Trung Quốc
25815,DHF,su-pham-tieng-trung-quoc,D15,Điểm học bạ,2024,27.6,Sư phạm Tiếng Trung Quốc
25816,DHF,su-pham-tieng-trung-quoc,D45,Điểm học bạ,2024,27.6,Sư phạm Tiếng Trung Quốc
25817,DHF,su-pham-tieng-trung-quoc,D01,Điểm thi THPT,2024,26.5,Sư phạm Tiếng Trung Quốc
25818,DHF,su-pham-tieng-trung-quoc,D04,Điểm thi THPT,2024,26.5,Sư phạm Tiếng Trung Quốc
25819,DHF,su-pham-tieng-trung-quoc,D15,Điểm thi THPT,2024,26.5,Sư phạm Tiếng Trung Quốc
25820,DHF,su-pham-tieng-trung-quoc,D45,Điểm thi THPT,2024,26.5,Sư phạm Tiếng Trung Quốc
25821,DHF,su-pham-tieng-trung-quoc,D01,Điểm học bạ,2025,30.0,Sư phạm Tiếng Trung Quốc
25822,DHF,su-pham-tieng-trung-quoc,D04,Điểm học bạ,2025,30.0,Sư phạm Tiếng Trung Quốc
25823,DHF,su-pham-tieng-trung-quoc,D15,Điểm học bạ,2025,30.0,Sư phạm Tiếng Trung Quốc
25824,DHF,su-pham-tieng-trung-quoc,D45,Điểm học bạ,2025,30.0,Sư phạm Tiếng Trung Quốc
25825,DHF,su-pham-tieng-trung-quoc,D01,Điểm thi THPT,2025,30.0,Sư phạm Tiếng Trung Quốc
25826,DHF,su-pham-tieng-trung-quoc,D04,Điểm thi THPT,2025,30.0,Sư phạm Tiếng Trung Quốc
25827,DHF,su-pham-tieng-trung-quoc,D15,Điểm thi THPT,2025,30.0,Sư phạm Tiếng Trung Quốc
25828,DHF,su-pham-tieng-trung-quoc,D45,Điểm thi THPT,2025,30.0,Sư phạm Tiếng Trung Quốc
25829,DHF,viet-nam-hoc,D01,Điểm học bạ,2021,18.0,Việt Nam học
25830,DHF,viet-nam-hoc,D14,Điểm học bạ,2021,18.0,Việt Nam học
25831,DHF,viet-nam-hoc,D15,Điểm học bạ,2021,18.0,Việt Nam học
25832,DHF,viet-nam-hoc,D01,Điểm thi THPT,2021,15.0,Việt Nam học
25833,DHF,viet-nam-hoc,D14,Điểm thi THPT,2021,15.0,Việt Nam học
25834,DHF,viet-nam-hoc,D15,Điểm thi THPT,2021,15.0,Việt Nam học
25835,DHF,viet-nam-hoc,D01,Điểm thi THPT,2022,15.0,Việt Nam học
25836,DHF,viet-nam-hoc,D14,Điểm thi THPT,2022,15.0,Việt Nam học
25837,DHF,viet-nam-hoc,D15,Điểm thi THPT,2022,15.0,Việt Nam học
25838,DHF,viet-nam-hoc,D01,Điểm học bạ,2023,18.0,Việt Nam học
25839,DHF,viet-nam-hoc,D14,Điểm học bạ,2023,18.0,Việt Nam học
25840,DHF,viet-nam-hoc,D15,Điểm học bạ,2023,18.0,Việt Nam học
25841,DHF,viet-nam-hoc,D01,Điểm thi THPT,2023,15.0,Việt Nam học
25842,DHF,viet-nam-hoc,D14,Điểm thi THPT,2023,15.0,Việt Nam học
25843,DHF,viet-nam-hoc,D15,Điểm thi THPT,2023,15.0,Việt Nam học
25844,DHF,viet-nam-hoc,D01,Điểm học bạ,2024,18.0,Việt Nam học
25845,DHF,viet-nam-hoc,D14,Điểm học bạ,2024,18.0,Việt Nam học
25846,DHF,viet-nam-hoc,D15,Điểm học bạ,2024,18.0,Việt Nam học
25847,DHF,viet-nam-hoc,D01,Điểm thi THPT,2024,15.0,Việt Nam học
25848,DHF,viet-nam-hoc,D14,Điểm thi THPT,2024,15.0,Việt Nam học
25849,DHF,viet-nam-hoc,D15,Điểm thi THPT,2024,15.0,Việt Nam học
25850,DHF,viet-nam-hoc,C00,Điểm học bạ,2025,18.0,Việt Nam học
25851,DHF,viet-nam-hoc,D01,Điểm học bạ,2025,18.0,Việt Nam học
25852,DHF,viet-nam-hoc,D14,Điểm học bạ,2025,18.0,Việt Nam học
25853,DHF,viet-nam-hoc,D15,Điểm học bạ,2025,18.0,Việt Nam học
25854,DHF,viet-nam-hoc,D66,Điểm học bạ,2025,18.0,Việt Nam học
25855,DHF,viet-nam-hoc,X78,Điểm học bạ,2025,18.0,Việt Nam học
25856,DHF,viet-nam-hoc,C00,Điểm thi THPT,2025,15.0,Việt Nam học
25857,DHF,viet-nam-hoc,D01,Điểm thi THPT,2025,15.0,Việt Nam học
25858,DHF,viet-nam-hoc,D14,Điểm thi THPT,2025,15.0,Việt Nam học
25859,DHF,viet-nam-hoc,D15,Điểm thi THPT,2025,15.0,Việt Nam học
25860,DHF,viet-nam-hoc,D66,Điểm thi THPT,2025,15.0,Việt Nam học
25861,DHF,viet-nam-hoc,X78,Điểm thi THPT,2025,15.0,Việt Nam học
25862,DHI,cong-nghe-ky-thuat-moi-truong,C03,Điểm học bạ,2025,15.0,Công nghệ kỹ thuật môi trường
25863,DHI,cong-nghe-ky-thuat-moi-truong,C04,Điểm học bạ,2025,15.0,Công nghệ kỹ thuật môi trường
25864,DHI,cong-nghe-ky-thuat-moi-truong,D01,Điểm học bạ,2025,15.0,Công nghệ kỹ thuật môi trường
25865,DHI,cong-nghe-ky-thuat-moi-truong,D09,Điểm học bạ,2025,15.0,Công nghệ kỹ thuật môi trường
25866,DHI,cong-nghe-ky-thuat-moi-truong,D10,Điểm học bạ,2025,15.0,Công nghệ kỹ thuật môi trường
25867,DHI,cong-nghe-ky-thuat-moi-truong,C03,Điểm thi THPT,2025,15.0,Công nghệ kỹ thuật môi trường
25868,DHI,cong-nghe-ky-thuat-moi-truong,C04,Điểm thi THPT,2025,15.0,Công nghệ kỹ thuật môi trường
25869,DHI,cong-nghe-ky-thuat-moi-truong,D01,Điểm thi THPT,2025,15.0,Công nghệ kỹ thuật môi trường
25870,DHI,cong-nghe-ky-thuat-moi-truong,D09,Điểm thi THPT,2025,15.0,Công nghệ kỹ thuật môi trường
25871,DHI,cong-nghe-ky-thuat-moi-truong,D10,Điểm thi THPT,2025,15.0,Công nghệ kỹ thuật môi trường
25872,DHI,kinh-te-tai-nguyen-thien-nhien,A00,Điểm thi THPT,2022,16.0,Kinh tế tài nguyên thiên nhiên
25873,DHI,kinh-te-tai-nguyen-thien-nhien,A01,Điểm thi THPT,2022,16.0,Kinh tế tài nguyên thiên nhiên
25874,DHI,kinh-te-tai-nguyen-thien-nhien,C00,Điểm thi THPT,2022,16.0,Kinh tế tài nguyên thiên nhiên
25875,DHI,kinh-te-tai-nguyen-thien-nhien,D01,Điểm thi THPT,2022,16.0,Kinh tế tài nguyên thiên nhiên
25876,DHI,kinh-te-tai-nguyen-thien-nhien,A00,Điểm học bạ,2023,18.0,Kinh tế tài nguyên thiên nhiên
25877,DHI,kinh-te-tai-nguyen-thien-nhien,A01,Điểm học bạ,2023,18.0,Kinh tế tài nguyên thiên nhiên
25878,DHI,kinh-te-tai-nguyen-thien-nhien,C00,Điểm học bạ,2023,18.0,Kinh tế tài nguyên thiên nhiên
25879,DHI,kinh-te-tai-nguyen-thien-nhien,D01,Điểm học bạ,2023,18.0,Kinh tế tài nguyên thiên nhiên
25880,DHI,kinh-te-tai-nguyen-thien-nhien,A00,Điểm thi THPT,2023,17.0,Kinh tế tài nguyên thiên nhiên
25881,DHI,kinh-te-tai-nguyen-thien-nhien,A01,Điểm thi THPT,2023,17.0,Kinh tế tài nguyên thiên nhiên
25882,DHI,kinh-te-tai-nguyen-thien-nhien,C00,Điểm thi THPT,2023,17.0,Kinh tế tài nguyên thiên nhiên
25883,DHI,kinh-te-tai-nguyen-thien-nhien,D01,Điểm thi THPT,2023,17.0,Kinh tế tài nguyên thiên nhiên
25884,DHI,kinh-te-tai-nguyen-thien-nhien,A00,Điểm học bạ,2024,20.0,Kinh tế tài nguyên thiên nhiên
25885,DHI,kinh-te-tai-nguyen-thien-nhien,A01,Điểm học bạ,2024,20.0,Kinh tế tài nguyên thiên nhiên
25886,DHI,kinh-te-tai-nguyen-thien-nhien,C00,Điểm học bạ,2024,20.0,Kinh tế tài nguyên thiên nhiên
25887,DHI,kinh-te-tai-nguyen-thien-nhien,D01,Điểm học bạ,2024,20.0,Kinh tế tài nguyên thiên nhiên
25888,DHI,kinh-te-tai-nguyen-thien-nhien,A00,Điểm thi THPT,2024,17.0,Kinh tế tài nguyên thiên nhiên
25889,DHI,kinh-te-tai-nguyen-thien-nhien,A01,Điểm thi THPT,2024,17.0,Kinh tế tài nguyên thiên nhiên
25890,DHI,kinh-te-tai-nguyen-thien-nhien,C00,Điểm thi THPT,2024,17.0,Kinh tế tài nguyên thiên nhiên
25891,DHI,kinh-te-tai-nguyen-thien-nhien,D01,Điểm thi THPT,2024,17.0,Kinh tế tài nguyên thiên nhiên
25892,DHI,kinh-te-tai-nguyen-thien-nhien,C03,Điểm học bạ,2025,18.0,Kinh tế tài nguyên thiên nhiên
25893,DHI,kinh-te-tai-nguyen-thien-nhien,C04,Điểm học bạ,2025,18.0,Kinh tế tài nguyên thiên nhiên
25894,DHI,kinh-te-tai-nguyen-thien-nhien,D01,Điểm học bạ,2025,18.0,Kinh tế tài nguyên thiên nhiên
25895,DHI,kinh-te-tai-nguyen-thien-nhien,D09,Điểm học bạ,2025,18.0,Kinh tế tài nguyên thiên nhiên
25896,DHI,kinh-te-tai-nguyen-thien-nhien,D10,Điểm học bạ,2025,18.0,Kinh tế tài nguyên thiên nhiên
25897,DHI,kinh-te-tai-nguyen-thien-nhien,C03,Điểm thi THPT,2025,15.0,Kinh tế tài nguyên thiên nhiên
25898,DHI,kinh-te-tai-nguyen-thien-nhien,C04,Điểm thi THPT,2025,15.0,Kinh tế tài nguyên thiên nhiên
25899,DHI,kinh-te-tai-nguyen-thien-nhien,D01,Điểm thi THPT,2025,15.0,Kinh tế tài nguyên thiên nhiên
25900,DHI,kinh-te-tai-nguyen-thien-nhien,D09,Điểm thi THPT,2025,15.0,Kinh tế tài nguyên thiên nhiên
25901,DHI,kinh-te-tai-nguyen-thien-nhien,D10,Điểm thi THPT,2025,15.0,Kinh tế tài nguyên thiên nhiên
25902,DHI,kinh-te-xay-dung,C03,Điểm học bạ,2025,15.0,Kinh tế xây dựng
25903,DHI,kinh-te-xay-dung,C04,Điểm học bạ,2025,15.0,Kinh tế xây dựng
25904,DHI,kinh-te-xay-dung,D01,Điểm học bạ,2025,15.0,Kinh tế xây dựng
25905,DHI,kinh-te-xay-dung,D09,Điểm học bạ,2025,15.0,Kinh tế xây dựng
25906,DHI,kinh-te-xay-dung,D10,Điểm học bạ,2025,15.0,Kinh tế xây dựng
25907,DHI,kinh-te-xay-dung,C03,Điểm thi THPT,2025,15.0,Kinh tế xây dựng
25908,DHI,kinh-te-xay-dung,C04,Điểm thi THPT,2025,15.0,Kinh tế xây dựng
25909,DHI,kinh-te-xay-dung,D01,Điểm thi THPT,2025,15.0,Kinh tế xây dựng
25910,DHI,kinh-te-xay-dung,D09,Điểm thi THPT,2025,15.0,Kinh tế xây dựng
25911,DHI,kinh-te-xay-dung,D10,Điểm thi THPT,2025,15.0,Kinh tế xây dựng
25912,DHI,quan-he-quoc-te,A01,Điểm thi THPT,2021,19.5,Quan hệ quốc tế
25913,DHI,quan-he-quoc-te,C00,Điểm thi THPT,2021,19.5,Quan hệ quốc tế
25914,DHI,quan-he-quoc-te,D01,Điểm thi THPT,2021,19.5,Quan hệ quốc tế
25915,DHI,quan-he-quoc-te,D14,Điểm thi THPT,2021,19.5,Quan hệ quốc tế
25916,DHI,quan-he-quoc-te,C00,Điểm thi THPT,2022,18.0,Quan hệ quốc tế
25917,DHI,quan-he-quoc-te,D01,Điểm thi THPT,2022,18.0,Quan hệ quốc tế
25918,DHI,quan-he-quoc-te,D14,Điểm thi THPT,2022,18.0,Quan hệ quốc tế
25919,DHI,quan-he-quoc-te,D15,Điểm thi THPT,2022,18.0,Quan hệ quốc tế
25920,DHI,quan-he-quoc-te,C00,Điểm học bạ,2023,22.0,Quan hệ quốc tế
25921,DHI,quan-he-quoc-te,D01,Điểm học bạ,2023,22.0,Quan hệ quốc tế
25922,DHI,quan-he-quoc-te,D14,Điểm học bạ,2023,22.0,Quan hệ quốc tế
25923,DHI,quan-he-quoc-te,D15,Điểm học bạ,2023,22.0,Quan hệ quốc tế
25924,DHI,quan-he-quoc-te,C00,Điểm thi THPT,2023,20.0,Quan hệ Quốc tế
25925,DHI,quan-he-quoc-te,D01,Điểm thi THPT,2023,20.0,Quan hệ Quốc tế
25926,DHI,quan-he-quoc-te,D14,Điểm thi THPT,2023,20.0,Quan hệ Quốc tế
25927,DHI,quan-he-quoc-te,D15,Điểm thi THPT,2023,20.0,Quan hệ Quốc tế
25928,DHI,quan-he-quoc-te,C00,Điểm học bạ,2024,25.0,Quan hệ Quốc tế
25929,DHI,quan-he-quoc-te,D01,Điểm học bạ,2024,25.0,Quan hệ Quốc tế
25930,DHI,quan-he-quoc-te,D14,Điểm học bạ,2024,25.0,Quan hệ Quốc tế
25931,DHI,quan-he-quoc-te,D15,Điểm học bạ,2024,25.0,Quan hệ Quốc tế
25932,DHI,quan-he-quoc-te,C00,Điểm thi THPT,2024,20.0,Quan hệ Quốc tế
25933,DHI,quan-he-quoc-te,D01,Điểm thi THPT,2024,20.0,Quan hệ Quốc tế
25934,DHI,quan-he-quoc-te,D14,Điểm thi THPT,2024,20.0,Quan hệ Quốc tế
25935,DHI,quan-he-quoc-te,D15,Điểm thi THPT,2024,20.0,Quan hệ Quốc tế
25936,DHI,quan-he-quoc-te,C03,Điểm thi THPT,2025,19.0,Quan hệ quốc tế
25937,DHI,quan-he-quoc-te,C04,Điểm thi THPT,2025,19.0,Quan hệ quốc tế
25938,DHI,quan-he-quoc-te,D01,Điểm thi THPT,2025,19.0,Quan hệ quốc tế
25939,DHI,quan-he-quoc-te,D09,Điểm thi THPT,2025,19.0,Quan hệ quốc tế
25940,DHI,quan-he-quoc-te,D10,Điểm thi THPT,2025,19.0,Quan hệ quốc tế
25941,DHI,truyen-thong-da-phuong-tien,A00,Điểm thi THPT,2021,19.5,Truyền thông đa phương tiện
25942,DHI,truyen-thong-da-phuong-tien,C00,Điểm thi THPT,2021,19.5,Truyền thông đa phương tiện
25943,DHI,truyen-thong-da-phuong-tien,C15,Điểm thi THPT,2021,19.5,Truyền thông đa phương tiện
25944,DHI,truyen-thong-da-phuong-tien,D01,Điểm thi THPT,2021,19.5,Truyền thông đa phương tiện
25945,DHI,truyen-thong-da-phuong-tien,C00,Điểm thi THPT,2022,21.0,Truyền thông đa phương tiện
25946,DHI,truyen-thong-da-phuong-tien,D01,Điểm thi THPT,2022,21.0,Truyền thông đa phương tiện
25947,DHI,truyen-thong-da-phuong-tien,D14,Điểm thi THPT,2022,21.0,Truyền thông đa phương tiện
25948,DHI,truyen-thong-da-phuong-tien,D15,Điểm thi THPT,2022,21.0,Truyền thông đa phương tiện
25949,DHI,truyen-thong-da-phuong-tien,C00,Điểm học bạ,2023,25.0,Truyền thông đa phương tiện
25950,DHI,truyen-thong-da-phuong-tien,D01,Điểm học bạ,2023,25.0,Truyền thông đa phương tiện
25951,DHI,truyen-thong-da-phuong-tien,D14,Điểm học bạ,2023,25.0,Truyền thông đa phương tiện
25952,DHI,truyen-thong-da-phuong-tien,D15,Điểm học bạ,2023,25.0,Truyền thông đa phương tiện
25953,DHI,truyen-thong-da-phuong-tien,C00,Điểm thi THPT,2023,23.0,Truyền thông đa phương tiện
25954,DHI,truyen-thong-da-phuong-tien,D01,Điểm thi THPT,2023,23.0,Truyền thông đa phương tiện
25955,DHI,truyen-thong-da-phuong-tien,D14,Điểm thi THPT,2023,23.0,Truyền thông đa phương tiện
25956,DHI,truyen-thong-da-phuong-tien,D15,Điểm thi THPT,2023,23.0,Truyền thông đa phương tiện
25957,DHI,truyen-thong-da-phuong-tien,C00,Điểm học bạ,2024,26.0,Truyền thông đa phương tiện
25958,DHI,truyen-thong-da-phuong-tien,D01,Điểm học bạ,2024,26.0,Truyền thông đa phương tiện
25959,DHI,truyen-thong-da-phuong-tien,D14,Điểm học bạ,2024,26.0,Truyền thông đa phương tiện
25960,DHI,truyen-thong-da-phuong-tien,D15,Điểm học bạ,2024,26.0,Truyền thông đa phương tiện
25961,DHI,truyen-thong-da-phuong-tien,C00,Điểm thi THPT,2024,23.0,Truyền thông đa phương tiện
25962,DHI,truyen-thong-da-phuong-tien,D01,Điểm thi THPT,2024,23.0,Truyền thông đa phương tiện
25963,DHI,truyen-thong-da-phuong-tien,D14,Điểm thi THPT,2024,23.0,Truyền thông đa phương tiện
25964,DHI,truyen-thong-da-phuong-tien,D15,Điểm thi THPT,2024,23.0,Truyền thông đa phương tiện
25965,DHI,truyen-thong-da-phuong-tien,C03,Điểm thi THPT,2025,21.5,Truyền thông đa phương tiện
25966,DHI,truyen-thong-da-phuong-tien,C04,Điểm thi THPT,2025,21.5,Truyền thông đa phương tiện
25967,DHI,truyen-thong-da-phuong-tien,D01,Điểm thi THPT,2025,21.5,Truyền thông đa phương tiện
25968,DHI,truyen-thong-da-phuong-tien,D09,Điểm thi THPT,2025,21.5,Truyền thông đa phương tiện
25969,DHI,truyen-thong-da-phuong-tien,D10,Điểm thi THPT,2025,21.5,Truyền thông đa phương tiện
25970,DHK,he-thong-thong-tin-quan-ly,A00,Điểm thi THPT,2021,16.0,Hệ thống thông tin quản lý
25971,DHK,he-thong-thong-tin-quan-ly,A01,Điểm thi THPT,2021,16.0,Hệ thống thông tin quản lý
25972,DHK,he-thong-thong-tin-quan-ly,C15,Điểm thi THPT,2021,16.0,Hệ thống thông tin quản lý
25973,DHK,he-thong-thong-tin-quan-ly,D01,Điểm thi THPT,2021,16.0,Hệ thống thông tin quản lý
25974,DHK,he-thong-thong-tin-quan-ly,A00,Điểm thi THPT,2022,16.0,Hệ thống thông tin quản lý
25975,DHK,he-thong-thong-tin-quan-ly,A01,Điểm thi THPT,2022,16.0,Hệ thống thông tin quản lý
25976,DHK,he-thong-thong-tin-quan-ly,C15,Điểm thi THPT,2022,16.0,Hệ thống thông tin quản lý
25977,DHK,he-thong-thong-tin-quan-ly,D01,Điểm thi THPT,2022,16.0,Hệ thống thông tin quản lý
25978,DHK,he-thong-thong-tin-quan-ly,A00,Điểm học bạ,2023,18.0,Hệ thống thông tin quản lý (Gồm 2 chuyên ngành: Tin học kinh tế; Phân tích dữ liệu kinh doanh)
25979,DHK,he-thong-thong-tin-quan-ly,A01,Điểm học bạ,2023,18.0,Hệ thống thông tin quản lý (Gồm 2 chuyên ngành: Tin học kinh tế; Phân tích dữ liệu kinh doanh)
25980,DHK,he-thong-thong-tin-quan-ly,C15,Điểm học bạ,2023,18.0,Hệ thống thông tin quản lý (Gồm 2 chuyên ngành: Tin học kinh tế; Phân tích dữ liệu kinh doanh)
25981,DHK,he-thong-thong-tin-quan-ly,D01,Điểm học bạ,2023,18.0,Hệ thống thông tin quản lý (Gồm 2 chuyên ngành: Tin học kinh tế; Phân tích dữ liệu kinh doanh)
25982,DHK,he-thong-thong-tin-quan-ly,A00,Điểm thi THPT,2023,17.0,Hệ thống thông tin quản lý
25983,DHK,he-thong-thong-tin-quan-ly,A01,Điểm thi THPT,2023,17.0,Hệ thống thông tin quản lý
25984,DHK,he-thong-thong-tin-quan-ly,C15,Điểm thi THPT,2023,17.0,Hệ thống thông tin quản lý
25985,DHK,he-thong-thong-tin-quan-ly,D01,Điểm thi THPT,2023,17.0,Hệ thống thông tin quản lý
25986,DHK,he-thong-thong-tin-quan-ly,A00,Điểm thi THPT,2024,17.0,Hệ thống thông tin quản lý
25987,DHK,he-thong-thong-tin-quan-ly,A01,Điểm thi THPT,2024,17.0,Hệ thống thông tin quản lý
25988,DHK,he-thong-thong-tin-quan-ly,C15,Điểm thi THPT,2024,17.0,Hệ thống thông tin quản lý
25989,DHK,he-thong-thong-tin-quan-ly,D01,Điểm thi THPT,2024,17.0,Hệ thống thông tin quản lý
25990,DHK,he-thong-thong-tin-quan-ly,A00,Điểm thi THPT,2025,15.0,Hệ thống thông tin quản lý
25991,DHK,he-thong-thong-tin-quan-ly,A01,Điểm thi THPT,2025,15.0,Hệ thống thông tin quản lý
25992,DHK,he-thong-thong-tin-quan-ly,C03,Điểm thi THPT,2025,15.0,Hệ thống thông tin quản lý
25993,DHK,he-thong-thong-tin-quan-ly,D01,Điểm thi THPT,2025,15.0,Hệ thống thông tin quản lý
25994,DHK,he-thong-thong-tin-quan-ly,D03,Điểm thi THPT,2025,15.0,Hệ thống thông tin quản lý
25995,DHK,he-thong-thong-tin-quan-ly,D07,Điểm thi THPT,2025,15.0,Hệ thống thông tin quản lý
25996,DHK,he-thong-thong-tin-quan-ly,D09,Điểm thi THPT,2025,15.0,Hệ thống thông tin quản lý
25997,DHK,he-thong-thong-tin-quan-ly,D10,Điểm thi THPT,2025,15.0,Hệ thống thông tin quản lý
25998,DHK,he-thong-thong-tin-quan-ly,X01,Điểm thi THPT,2025,15.0,Hệ thống thông tin quản lý
25999,DHK,he-thong-thong-tin-quan-ly,X26,Điểm thi THPT,2025,15.0,Hệ thống thông tin quản lý
26000,DHK,ke-hoach-dau-tu,A00,Điểm thi THPT,2022,16.0,Kinh tế (chuyên ngành Kế hoạch - Đầu tư
26001,DHK,ke-hoach-dau-tu,A01,Điểm thi THPT,2022,16.0,Kinh tế (chuyên ngành Kế hoạch - Đầu tư
26002,DHK,ke-hoach-dau-tu,C15,Điểm thi THPT,2022,16.0,Kinh tế (chuyên ngành Kế hoạch - Đầu tư
26003,DHK,ke-hoach-dau-tu,D01,Điểm thi THPT,2022,16.0,Kinh tế (chuyên ngành Kế hoạch - Đầu tư
26004,DHK,ke-hoach-dau-tu,A00,Điểm học bạ,2023,24.0,Kinh tế (chuyên ngành Kế hoạch - Đầu tư)
26005,DHK,ke-hoach-dau-tu,A01,Điểm học bạ,2023,24.0,Kinh tế (chuyên ngành Kế hoạch - Đầu tư)
26006,DHK,ke-hoach-dau-tu,C15,Điểm học bạ,2023,24.0,Kinh tế (chuyên ngành Kế hoạch - Đầu tư)
26007,DHK,ke-hoach-dau-tu,D01,Điểm học bạ,2023,24.0,Kinh tế (chuyên ngành Kế hoạch - Đầu tư)
26008,DHK,ke-hoach-dau-tu-chat-luong-cao,A00,Điểm thi THPT,2023,17.0,Kinh tế (chuyên ngành Kế hoạch - Đẩu tư) - Chất lượng cao
26009,DHK,ke-hoach-dau-tu-chat-luong-cao,A01,Điểm thi THPT,2023,17.0,Kinh tế (chuyên ngành Kế hoạch - Đẩu tư) - Chất lượng cao
26010,DHK,ke-hoach-dau-tu-chat-luong-cao,C15,Điểm thi THPT,2023,17.0,Kinh tế (chuyên ngành Kế hoạch - Đẩu tư) - Chất lượng cao
26011,DHK,ke-hoach-dau-tu-chat-luong-cao,D01,Điểm thi THPT,2023,17.0,Kinh tế (chuyên ngành Kế hoạch - Đẩu tư) - Chất lượng cao
26012,DHK,ke-toan,A00,Điểm thi THPT,2021,20.0,Kế toán
26013,DHK,ke-toan,A01,Điểm thi THPT,2021,20.0,Kế toán
26014,DHK,ke-toan,C15,Điểm thi THPT,2021,20.0,Kế toán
26015,DHK,ke-toan,D01,Điểm thi THPT,2021,20.0,Kế toán
26016,DHK,ke-toan,A00,Điểm thi THPT,2022,20.5,Kế toán
26017,DHK,ke-toan,A01,Điểm thi THPT,2022,20.5,Kế toán
26018,DHK,ke-toan,C15,Điểm thi THPT,2022,20.5,Kế toán
26019,DHK,ke-toan,D01,Điểm thi THPT,2022,20.5,Kế toán
26020,DHK,ke-toan,A00,Điểm thi THPT,2023,19.0,Kế toán
26021,DHK,ke-toan,A01,Điểm thi THPT,2023,19.0,Kế toán
26022,DHK,ke-toan,C15,Điểm thi THPT,2023,19.0,Kế toán
26023,DHK,ke-toan,D01,Điểm thi THPT,2023,19.0,Kế toán
26024,DHK,ke-toan,A00,Điểm thi THPT,2024,19.0,Kế toán
26025,DHK,ke-toan,A01,Điểm thi THPT,2024,19.0,Kế toán
26026,DHK,ke-toan,C15,Điểm thi THPT,2024,19.0,Kế toán
26027,DHK,ke-toan,D01,Điểm thi THPT,2024,19.0,Kế toán
26028,DHK,ke-toan,A00,Điểm thi THPT,2025,16.0,Kế toán
26029,DHK,ke-toan,A01,Điểm thi THPT,2025,16.0,Kế toán
26030,DHK,ke-toan,C03,Điểm thi THPT,2025,16.0,Kế toán
26031,DHK,ke-toan,D01,Điểm thi THPT,2025,16.0,Kế toán
26032,DHK,ke-toan,D03,Điểm thi THPT,2025,16.0,Kế toán
26033,DHK,ke-toan,D07,Điểm thi THPT,2025,16.0,Kế toán
26034,DHK,ke-toan,D09,Điểm thi THPT,2025,16.0,Kế toán
26035,DHK,ke-toan,D10,Điểm thi THPT,2025,16.0,Kế toán
26036,DHK,ke-toan,X01,Điểm thi THPT,2025,16.0,Kế toán
26037,DHK,ke-toan,X26,Điểm thi THPT,2025,16.0,Kế toán
26038,DHK,kiem-toan,A00,Điểm thi THPT,2021,17.0,Kiểm toán
26039,DHK,kiem-toan,A01,Điểm thi THPT,2021,17.0,Kiểm toán
26040,DHK,kiem-toan,C15,Điểm thi THPT,2021,17.0,Kiểm toán
26041,DHK,kiem-toan,D01,Điểm thi THPT,2021,17.0,Kiểm toán
26042,DHK,kiem-toan,A00,Điểm thi THPT,2022,17.0,Kiểm toán
26043,DHK,kiem-toan,A01,Điểm thi THPT,2022,17.0,Kiểm toán
26044,DHK,kiem-toan,C15,Điểm thi THPT,2022,17.0,Kiểm toán
26045,DHK,kiem-toan,D01,Điểm thi THPT,2022,17.0,Kiểm toán
26046,DHK,kiem-toan,A00,Điểm học bạ,2023,24.0,Kiểm toán
26047,DHK,kiem-toan,A01,Điểm học bạ,2023,24.0,Kiểm toán
26048,DHK,kiem-toan,C15,Điểm học bạ,2023,24.0,Kiểm toán
26049,DHK,kiem-toan,D01,Điểm học bạ,2023,24.0,Kiểm toán
26050,DHK,kiem-toan,A00,Điểm thi THPT,2023,17.0,Kiểm toán
26051,DHK,kiem-toan,A01,Điểm thi THPT,2023,17.0,Kiểm toán
26052,DHK,kiem-toan,C15,Điểm thi THPT,2023,17.0,Kiểm toán
26053,DHK,kiem-toan,D01,Điểm thi THPT,2023,17.0,Kiểm toán
26054,DHK,kiem-toan,A00,Điểm thi THPT,2024,17.0,Kiểm toán
26055,DHK,kiem-toan,A01,Điểm thi THPT,2024,17.0,Kiểm toán
26056,DHK,kiem-toan,C15,Điểm thi THPT,2024,17.0,Kiểm toán
26057,DHK,kiem-toan,D01,Điểm thi THPT,2024,17.0,Kiểm toán
26058,DHK,kiem-toan,A00,Điểm thi THPT,2025,15.0,Kiểm toán
26059,DHK,kiem-toan,A01,Điểm thi THPT,2025,15.0,Kiểm toán
26060,DHK,kiem-toan,C03,Điểm thi THPT,2025,15.0,Kiểm toán
26061,DHK,kiem-toan,D01,Điểm thi THPT,2025,15.0,Kiểm toán
26062,DHK,kiem-toan,D03,Điểm thi THPT,2025,15.0,Kiểm toán
26063,DHK,kiem-toan,D07,Điểm thi THPT,2025,15.0,Kiểm toán
26064,DHK,kiem-toan,D09,Điểm thi THPT,2025,15.0,Kiểm toán
26065,DHK,kiem-toan,D10,Điểm thi THPT,2025,15.0,Kiểm toán
26066,DHK,kiem-toan,X01,Điểm thi THPT,2025,15.0,Kiểm toán
26067,DHK,kiem-toan,X26,Điểm thi THPT,2025,15.0,Kiểm toán
26068,DHK,kiem-toan-chat-luong-cao,A00,Điểm thi THPT,2023,17.0,Kiểm toán - Chất lượng cao
26069,DHK,kiem-toan-chat-luong-cao,A01,Điểm thi THPT,2023,17.0,Kiểm toán - Chất lượng cao
26070,DHK,kiem-toan-chat-luong-cao,C15,Điểm thi THPT,2023,17.0,Kiểm toán - Chất lượng cao
26071,DHK,kiem-toan-chat-luong-cao,D01,Điểm thi THPT,2023,17.0,Kiểm toán - Chất lượng cao
26072,DHK,kinh-doanh-thuong-mai,A00,Điểm thi THPT,2021,17.0,Kinh doanh thương mại
26073,DHK,kinh-doanh-thuong-mai,A01,Điểm thi THPT,2021,17.0,Kinh doanh thương mại
26074,DHK,kinh-doanh-thuong-mai,C15,Điểm thi THPT,2021,17.0,Kinh doanh thương mại
26075,DHK,kinh-doanh-thuong-mai,D01,Điểm thi THPT,2021,17.0,Kinh doanh thương mại
26076,DHK,kinh-doanh-thuong-mai,A00,Điểm thi THPT,2022,18.0,Kinh doanh thương mại
26077,DHK,kinh-doanh-thuong-mai,A01,Điểm thi THPT,2022,18.0,Kinh doanh thương mại
26078,DHK,kinh-doanh-thuong-mai,C15,Điểm thi THPT,2022,18.0,Kinh doanh thương mại
26079,DHK,kinh-doanh-thuong-mai,D01,Điểm thi THPT,2022,18.0,Kinh doanh thương mại
26080,DHK,kinh-doanh-thuong-mai,A00,Điểm thi THPT,2023,18.0,Kinh doanh thương mại
26081,DHK,kinh-doanh-thuong-mai,A01,Điểm thi THPT,2023,18.0,Kinh doanh thương mại
26082,DHK,kinh-doanh-thuong-mai,C15,Điểm thi THPT,2023,18.0,Kinh doanh thương mại
26083,DHK,kinh-doanh-thuong-mai,D01,Điểm thi THPT,2023,18.0,Kinh doanh thương mại
26084,DHK,kinh-doanh-thuong-mai,A00,Điểm thi THPT,2024,17.0,Kinh doanh thương mại
26085,DHK,kinh-doanh-thuong-mai,A01,Điểm thi THPT,2024,17.0,Kinh doanh thương mại
26086,DHK,kinh-doanh-thuong-mai,C15,Điểm thi THPT,2024,17.0,Kinh doanh thương mại
26087,DHK,kinh-doanh-thuong-mai,D01,Điểm thi THPT,2024,17.0,Kinh doanh thương mại
26088,DHK,kinh-doanh-thuong-mai,A00,Điểm thi THPT,2025,16.0,Kinh doanh thương mại
26089,DHK,kinh-doanh-thuong-mai,A01,Điểm thi THPT,2025,16.0,Kinh doanh thương mại
26090,DHK,kinh-doanh-thuong-mai,C03,Điểm thi THPT,2025,16.0,Kinh doanh thương mại
26091,DHK,kinh-doanh-thuong-mai,D01,Điểm thi THPT,2025,16.0,Kinh doanh thương mại
26092,DHK,kinh-doanh-thuong-mai,D03,Điểm thi THPT,2025,16.0,Kinh doanh thương mại
26093,DHK,kinh-doanh-thuong-mai,D07,Điểm thi THPT,2025,16.0,Kinh doanh thương mại
26094,DHK,kinh-doanh-thuong-mai,D09,Điểm thi THPT,2025,16.0,Kinh doanh thương mại
26095,DHK,kinh-doanh-thuong-mai,D10,Điểm thi THPT,2025,16.0,Kinh doanh thương mại
26096,DHK,kinh-doanh-thuong-mai,X01,Điểm thi THPT,2025,16.0,Kinh doanh thương mại
26097,DHK,kinh-doanh-thuong-mai,X26,Điểm thi THPT,2025,16.0,Kinh doanh thương mại
26098,DHK,kinh-te,A00,Điểm thi THPT,2021,18.0,Kinh tế
26099,DHK,kinh-te,A01,Điểm thi THPT,2021,18.0,Kinh tế
26100,DHK,kinh-te,C15,Điểm thi THPT,2021,18.0,Kinh tế
26101,DHK,kinh-te,D01,Điểm thi THPT,2021,18.0,Kinh tế
26102,DHK,kinh-te,A00,Điểm thi THPT,2022,16.0,Kinh tế
26103,DHK,kinh-te,A01,Điểm thi THPT,2022,16.0,Kinh tế
26104,DHK,kinh-te,C15,Điểm thi THPT,2022,16.0,Kinh tế
26105,DHK,kinh-te,D01,Điểm thi THPT,2022,16.0,Kinh tế
26106,DHK,kinh-te,A00,Điểm học bạ,2023,24.0,Kinh tế (gồm 03 chuyên ngành: Kế hoạch - Đầu tư; Kinh tế và quản lý tài nguyên môi trường; Kinh tế và Quản lý du lịch )
26107,DHK,kinh-te,A01,Điểm học bạ,2023,24.0,Kinh tế (gồm 03 chuyên ngành: Kế hoạch - Đầu tư; Kinh tế và quản lý tài nguyên môi trường; Kinh tế và Quản lý du lịch )
26108,DHK,kinh-te,C15,Điểm học bạ,2023,24.0,Kinh tế (gồm 03 chuyên ngành: Kế hoạch - Đầu tư; Kinh tế và quản lý tài nguyên môi trường; Kinh tế và Quản lý du lịch )
26109,DHK,kinh-te,D01,Điểm học bạ,2023,24.0,Kinh tế (gồm 03 chuyên ngành: Kế hoạch - Đầu tư; Kinh tế và quản lý tài nguyên môi trường; Kinh tế và Quản lý du lịch )
26110,DHK,kinh-te,A00,Điểm thi THPT,2023,17.0,Kinh tế
26111,DHK,kinh-te,A01,Điểm thi THPT,2023,17.0,Kinh tế
26112,DHK,kinh-te,C15,Điểm thi THPT,2023,17.0,Kinh tế
26113,DHK,kinh-te,D01,Điểm thi THPT,2023,17.0,Kinh tế
26114,DHK,kinh-te,A00,Điểm thi THPT,2024,17.0,Kinh tế
26115,DHK,kinh-te,A01,Điểm thi THPT,2024,17.0,Kinh tế
26116,DHK,kinh-te,C15,Điểm thi THPT,2024,17.0,Kinh tế
26117,DHK,kinh-te,D01,Điểm thi THPT,2024,17.0,Kinh tế
26118,DHK,kinh-te,A00,Điểm thi THPT,2025,15.0,Kinh tế
26119,DHK,kinh-te,A01,Điểm thi THPT,2025,15.0,Kinh tế
26120,DHK,kinh-te,C03,Điểm thi THPT,2025,15.0,Kinh tế
26121,DHK,kinh-te,D01,Điểm thi THPT,2025,15.0,Kinh tế
26122,DHK,kinh-te,D03,Điểm thi THPT,2025,15.0,Kinh tế
26123,DHK,kinh-te,D07,Điểm thi THPT,2025,15.0,Kinh tế
26124,DHK,kinh-te,D09,Điểm thi THPT,2025,15.0,Kinh tế
26125,DHK,kinh-te,D10,Điểm thi THPT,2025,15.0,Kinh tế
26126,DHK,kinh-te,X01,Điểm thi THPT,2025,15.0,Kinh tế
26127,DHK,kinh-te,X26,Điểm thi THPT,2025,15.0,Kinh tế
26128,DHK,kinh-te-chinh-tri,A00,Điểm thi THPT,2021,16.0,Kinh tế chính trị
26129,DHK,kinh-te-chinh-tri,A01,Điểm thi THPT,2021,16.0,Kinh tế chính trị
26130,DHK,kinh-te-chinh-tri,C15,Điểm thi THPT,2021,16.0,Kinh tế chính trị
26131,DHK,kinh-te-chinh-tri,D01,Điểm thi THPT,2021,16.0,Kinh tế chính trị
26132,DHK,kinh-te-chinh-tri,A00,Điểm thi THPT,2022,16.0,Kinh tế chính trị
26133,DHK,kinh-te-chinh-tri,A01,Điểm thi THPT,2022,16.0,Kinh tế chính trị
26134,DHK,kinh-te-chinh-tri,C15,Điểm thi THPT,2022,16.0,Kinh tế chính trị
26135,DHK,kinh-te-chinh-tri,D01,Điểm thi THPT,2022,16.0,Kinh tế chính trị
26136,DHK,kinh-te-chinh-tri,A00,Điểm thi THPT,2023,17.0,Kinh tế chính trị
26137,DHK,kinh-te-chinh-tri,A01,Điểm thi THPT,2023,17.0,Kinh tế chính trị
26138,DHK,kinh-te-chinh-tri,C15,Điểm thi THPT,2023,17.0,Kinh tế chính trị
26139,DHK,kinh-te-chinh-tri,D01,Điểm thi THPT,2023,17.0,Kinh tế chính trị
26140,DHK,kinh-te-chinh-tri,A00,Điểm thi THPT,2024,17.0,Kinh tế chính trị
26141,DHK,kinh-te-chinh-tri,A01,Điểm thi THPT,2024,17.0,Kinh tế chính trị
26142,DHK,kinh-te-chinh-tri,C15,Điểm thi THPT,2024,17.0,Kinh tế chính trị
26143,DHK,kinh-te-chinh-tri,D01,Điểm thi THPT,2024,17.0,Kinh tế chính trị
26144,DHK,kinh-te-chinh-tri,A00,Điểm thi THPT,2025,15.0,Kinh tế chính trị
26145,DHK,kinh-te-chinh-tri,A01,Điểm thi THPT,2025,15.0,Kinh tế chính trị
26146,DHK,kinh-te-chinh-tri,C03,Điểm thi THPT,2025,15.0,Kinh tế chính trị
26147,DHK,kinh-te-chinh-tri,D01,Điểm thi THPT,2025,15.0,Kinh tế chính trị
26148,DHK,kinh-te-chinh-tri,D03,Điểm thi THPT,2025,15.0,Kinh tế chính trị
26149,DHK,kinh-te-chinh-tri,D07,Điểm thi THPT,2025,15.0,Kinh tế chính trị
26150,DHK,kinh-te-chinh-tri,D09,Điểm thi THPT,2025,15.0,Kinh tế chính trị
26151,DHK,kinh-te-chinh-tri,D10,Điểm thi THPT,2025,15.0,Kinh tế chính trị
26152,DHK,kinh-te-chinh-tri,X01,Điểm thi THPT,2025,15.0,Kinh tế chính trị
26153,DHK,kinh-te-chinh-tri,X26,Điểm thi THPT,2025,15.0,Kinh tế chính trị
26154,DHK,kinh-te-nong-nghiep,A00,Điểm thi THPT,2021,16.0,Kinh tế nông nghiệp
26155,DHK,kinh-te-nong-nghiep,A01,Điểm thi THPT,2021,16.0,Kinh tế nông nghiệp
26156,DHK,kinh-te-nong-nghiep,C15,Điểm thi THPT,2021,16.0,Kinh tế nông nghiệp
26157,DHK,kinh-te-nong-nghiep,D01,Điểm thi THPT,2021,16.0,Kinh tế nông nghiệp
26158,DHK,kinh-te-nong-nghiep,A00,Điểm thi THPT,2022,16.0,Kinh tế nông nghiệp
26159,DHK,kinh-te-nong-nghiep,A01,Điểm thi THPT,2022,16.0,Kinh tế nông nghiệp
26160,DHK,kinh-te-nong-nghiep,C15,Điểm thi THPT,2022,16.0,Kinh tế nông nghiệp
26161,DHK,kinh-te-nong-nghiep,D01,Điểm thi THPT,2022,16.0,Kinh tế nông nghiệp
26162,DHK,kinh-te-nong-nghiep,A00,Điểm học bạ,2023,18.0,Kinh tế nông nghiệp
26163,DHK,kinh-te-nong-nghiep,A01,Điểm học bạ,2023,18.0,Kinh tế nông nghiệp
26164,DHK,kinh-te-nong-nghiep,C15,Điểm học bạ,2023,18.0,Kinh tế nông nghiệp
26165,DHK,kinh-te-nong-nghiep,D01,Điểm học bạ,2023,18.0,Kinh tế nông nghiệp
26166,DHK,kinh-te-nong-nghiep,A00,Điểm thi THPT,2023,17.0,Kinh tế nông nghiệp
26167,DHK,kinh-te-nong-nghiep,A01,Điểm thi THPT,2023,17.0,Kinh tế nông nghiệp
26168,DHK,kinh-te-nong-nghiep,C15,Điểm thi THPT,2023,17.0,Kinh tế nông nghiệp
26169,DHK,kinh-te-nong-nghiep,D01,Điểm thi THPT,2023,17.0,Kinh tế nông nghiệp
26170,DHK,kinh-te-nong-nghiep,A00,Điểm thi THPT,2024,17.0,Kinh tế nông nghiệp
26171,DHK,kinh-te-nong-nghiep,A01,Điểm thi THPT,2024,17.0,Kinh tế nông nghiệp
26172,DHK,kinh-te-nong-nghiep,C15,Điểm thi THPT,2024,17.0,Kinh tế nông nghiệp
26173,DHK,kinh-te-nong-nghiep,D01,Điểm thi THPT,2024,17.0,Kinh tế nông nghiệp
26174,DHK,kinh-te-nong-nghiep,A00,Điểm thi THPT,2025,15.0,Kinh tế nông nghiệp
26175,DHK,kinh-te-nong-nghiep,A01,Điểm thi THPT,2025,15.0,Kinh tế nông nghiệp
26176,DHK,kinh-te-nong-nghiep,C03,Điểm thi THPT,2025,15.0,Kinh tế nông nghiệp
26177,DHK,kinh-te-nong-nghiep,D01,Điểm thi THPT,2025,15.0,Kinh tế nông nghiệp
26178,DHK,kinh-te-nong-nghiep,D03,Điểm thi THPT,2025,15.0,Kinh tế nông nghiệp
26179,DHK,kinh-te-nong-nghiep,D07,Điểm thi THPT,2025,15.0,Kinh tế nông nghiệp
26180,DHK,kinh-te-nong-nghiep,D09,Điểm thi THPT,2025,15.0,Kinh tế nông nghiệp
26181,DHK,kinh-te-nong-nghiep,D10,Điểm thi THPT,2025,15.0,Kinh tế nông nghiệp
26182,DHK,kinh-te-nong-nghiep,X01,Điểm thi THPT,2025,15.0,Kinh tế nông nghiệp
26183,DHK,kinh-te-nong-nghiep,X26,Điểm thi THPT,2025,15.0,Kinh tế nông nghiệp
26184,DHK,kinh-te-quoc-te,A00,Điểm thi THPT,2021,16.0,Kinh tế quốc tế
26185,DHK,kinh-te-quoc-te,A01,Điểm thi THPT,2021,16.0,Kinh tế quốc tế
26186,DHK,kinh-te-quoc-te,C15,Điểm thi THPT,2021,16.0,Kinh tế quốc tế
26187,DHK,kinh-te-quoc-te,D01,Điểm thi THPT,2021,16.0,Kinh tế quốc tế
26188,DHK,kinh-te-quoc-te,A00,Điểm thi THPT,2022,16.0,Kinh tế quốc tế
26189,DHK,kinh-te-quoc-te,A01,Điểm thi THPT,2022,16.0,Kinh tế quốc tế
26190,DHK,kinh-te-quoc-te,C15,Điểm thi THPT,2022,16.0,Kinh tế quốc tế
26191,DHK,kinh-te-quoc-te,D01,Điểm thi THPT,2022,16.0,Kinh tế quốc tế
26192,DHK,kinh-te-quoc-te,A00,Điểm thi THPT,2023,17.0,Kinh tế quốc tế
26193,DHK,kinh-te-quoc-te,A01,Điểm thi THPT,2023,17.0,Kinh tế quốc tế
26194,DHK,kinh-te-quoc-te,C15,Điểm thi THPT,2023,17.0,Kinh tế quốc tế
26195,DHK,kinh-te-quoc-te,D01,Điểm thi THPT,2023,17.0,Kinh tế quốc tế
26196,DHK,kinh-te-quoc-te,A00,Điểm thi THPT,2024,17.0,Kinh tế quốc tế
26197,DHK,kinh-te-quoc-te,A01,Điểm thi THPT,2024,17.0,Kinh tế quốc tế
26198,DHK,kinh-te-quoc-te,C15,Điểm thi THPT,2024,17.0,Kinh tế quốc tế
26199,DHK,kinh-te-quoc-te,D01,Điểm thi THPT,2024,17.0,Kinh tế quốc tế
26200,DHK,kinh-te-quoc-te,A00,Điểm thi THPT,2025,15.0,Kinh tế quốc tế
26201,DHK,kinh-te-quoc-te,A01,Điểm thi THPT,2025,15.0,Kinh tế quốc tế
26202,DHK,kinh-te-quoc-te,C03,Điểm thi THPT,2025,15.0,Kinh tế quốc tế
26203,DHK,kinh-te-quoc-te,D01,Điểm thi THPT,2025,15.0,Kinh tế quốc tế
26204,DHK,kinh-te-quoc-te,D03,Điểm thi THPT,2025,15.0,Kinh tế quốc tế
26205,DHK,kinh-te-quoc-te,D07,Điểm thi THPT,2025,15.0,Kinh tế quốc tế
26206,DHK,kinh-te-quoc-te,D09,Điểm thi THPT,2025,15.0,Kinh tế quốc tế
26207,DHK,kinh-te-quoc-te,D10,Điểm thi THPT,2025,15.0,Kinh tế quốc tế
26208,DHK,kinh-te-quoc-te,X01,Điểm thi THPT,2025,15.0,Kinh tế quốc tế
26209,DHK,kinh-te-quoc-te,X26,Điểm thi THPT,2025,15.0,Kinh tế quốc tế
26210,DHK,kinh-te-so,A00,Điểm học bạ,2023,20.0,Kinh tế số
26211,DHK,kinh-te-so,A01,Điểm học bạ,2023,20.0,Kinh tế số
26212,DHK,kinh-te-so,C15,Điểm học bạ,2023,20.0,Kinh tế số
26213,DHK,kinh-te-so,D01,Điểm học bạ,2023,20.0,Kinh tế số
26214,DHK,kinh-te-so,A00,Điểm thi THPT,2023,18.0,Kinh tế số
26215,DHK,kinh-te-so,A01,Điểm thi THPT,2023,18.0,Kinh tế số
26216,DHK,kinh-te-so,C15,Điểm thi THPT,2023,18.0,Kinh tế số
26217,DHK,kinh-te-so,D01,Điểm thi THPT,2023,18.0,Kinh tế số
26218,DHK,kinh-te-so,A00,Điểm thi THPT,2024,17.0,Kinh tế số
26219,DHK,kinh-te-so,A01,Điểm thi THPT,2024,17.0,Kinh tế số
26220,DHK,kinh-te-so,C15,Điểm thi THPT,2024,17.0,Kinh tế số
26221,DHK,kinh-te-so,D01,Điểm thi THPT,2024,17.0,Kinh tế số
26222,DHK,kinh-te-so,A00,Điểm thi THPT,2025,15.0,Kinh tế số
26223,DHK,kinh-te-so,A01,Điểm thi THPT,2025,15.0,Kinh tế số
26224,DHK,kinh-te-so,C03,Điểm thi THPT,2025,15.0,Kinh tế số
26225,DHK,kinh-te-so,D01,Điểm thi THPT,2025,15.0,Kinh tế số
26226,DHK,kinh-te-so,D03,Điểm thi THPT,2025,15.0,Kinh tế số
26227,DHK,kinh-te-so,D07,Điểm thi THPT,2025,15.0,Kinh tế số
26228,DHK,kinh-te-so,D09,Điểm thi THPT,2025,15.0,Kinh tế số
26229,DHK,kinh-te-so,D10,Điểm thi THPT,2025,15.0,Kinh tế số
26230,DHK,kinh-te-so,X01,Điểm thi THPT,2025,15.0,Kinh tế số
26231,DHK,kinh-te-so,X26,Điểm thi THPT,2025,15.0,Kinh tế số
26232,DHK,kinh-te-tai-chinh,A00,Điểm thi THPT,2021,16.0,Song ngành Kinh tế - Tài chính (Sydney)
26233,DHK,kinh-te-tai-chinh,A01,Điểm thi THPT,2021,16.0,Song ngành Kinh tế - Tài chính (Sydney)
26234,DHK,kinh-te-tai-chinh,C15,Điểm thi THPT,2021,16.0,Song ngành Kinh tế - Tài chính (Sydney)
26235,DHK,kinh-te-tai-chinh,D01,Điểm thi THPT,2021,16.0,Song ngành Kinh tế - Tài chính (Sydney)
26236,DHK,kinh-te-tai-chinh,A00,Điểm thi THPT,2022,16.0,"Song ngành Kinh tế - Tài chính (đào tạo theo chương trình tiên tiến, giảng dạy bằng Tiếng Anh theo chương trình đào tạo của trường Đại học Sydney, Australia)"
26237,DHK,kinh-te-tai-chinh,A01,Điểm thi THPT,2022,16.0,"Song ngành Kinh tế - Tài chính (đào tạo theo chương trình tiên tiến, giảng dạy bằng Tiếng Anh theo chương trình đào tạo của trường Đại học Sydney, Australia)"
26238,DHK,kinh-te-tai-chinh,C15,Điểm thi THPT,2022,16.0,"Song ngành Kinh tế - Tài chính (đào tạo theo chương trình tiên tiến, giảng dạy bằng Tiếng Anh theo chương trình đào tạo của trường Đại học Sydney, Australia)"
26239,DHK,kinh-te-tai-chinh,D01,Điểm thi THPT,2022,16.0,"Song ngành Kinh tế - Tài chính (đào tạo theo chương trình tiên tiến, giảng dạy bằng Tiếng Anh theo chương trình đào tạo của trường Đại học Sydney, Australia)"
26240,DHK,kinh-te-tai-chinh,A00,Điểm học bạ,2023,22.0,"Song ngành Kinh tế - Tài chính (đào tạo theo chương trình tiên tiến, giảng dạy bằng Tiếng Anh theo chương trình đào tạo của trường Đại học Sydney, Australia)"
26241,DHK,kinh-te-tai-chinh,A01,Điểm học bạ,2023,22.0,"Song ngành Kinh tế - Tài chính (đào tạo theo chương trình tiên tiến, giảng dạy bằng Tiếng Anh theo chương trình đào tạo của trường Đại học Sydney, Australia)"
26242,DHK,kinh-te-tai-chinh,C15,Điểm học bạ,2023,22.0,"Song ngành Kinh tế - Tài chính (đào tạo theo chương trình tiên tiến, giảng dạy bằng Tiếng Anh theo chương trình đào tạo của trường Đại học Sydney, Australia)"
26243,DHK,kinh-te-tai-chinh,D01,Điểm học bạ,2023,22.0,"Song ngành Kinh tế - Tài chính (đào tạo theo chương trình tiên tiến, giảng dạy bằng Tiếng Anh theo chương trình đào tạo của trường Đại học Sydney, Australia)"
26244,DHK,kinh-te-tai-chinh,A00,Điểm thi THPT,2023,17.0,"Song ngành Kinh tế - Tài chính (đào tạo theo chương trình tiên tiền, giảng dạy bằng tiếng Anh theo chương trình đào tạo của Trường Đại học Sydncy, Australia)"
26245,DHK,kinh-te-tai-chinh,A01,Điểm thi THPT,2023,17.0,"Song ngành Kinh tế - Tài chính (đào tạo theo chương trình tiên tiền, giảng dạy bằng tiếng Anh theo chương trình đào tạo của Trường Đại học Sydncy, Australia)"
26246,DHK,kinh-te-tai-chinh,C15,Điểm thi THPT,2023,17.0,"Song ngành Kinh tế - Tài chính (đào tạo theo chương trình tiên tiền, giảng dạy bằng tiếng Anh theo chương trình đào tạo của Trường Đại học Sydncy, Australia)"
26247,DHK,kinh-te-tai-chinh,D01,Điểm thi THPT,2023,17.0,"Song ngành Kinh tế - Tài chính (đào tạo theo chương trình tiên tiền, giảng dạy bằng tiếng Anh theo chương trình đào tạo của Trường Đại học Sydncy, Australia)"
26248,DHK,kinh-te-tai-chinh,A00,Điểm thi THPT,2024,17.0,Song ngành Kinh tế - Tài chính (CT tiên tiến)
26249,DHK,kinh-te-tai-chinh,A01,Điểm thi THPT,2024,17.0,Song ngành Kinh tế - Tài chính (CT tiên tiến)
26250,DHK,kinh-te-tai-chinh,C15,Điểm thi THPT,2024,17.0,Song ngành Kinh tế - Tài chính (CT tiên tiến)
26251,DHK,kinh-te-tai-chinh,D01,Điểm thi THPT,2024,17.0,Song ngành Kinh tế - Tài chính (CT tiên tiến)
26252,DHK,kinh-te-tai-chinh,A00,Điểm thi THPT,2025,16.0,Song ngành Kinh tế - Tài chính
26253,DHK,kinh-te-tai-chinh,A01,Điểm thi THPT,2025,16.0,Song ngành Kinh tế - Tài chính
26254,DHK,kinh-te-tai-chinh,C03,Điểm thi THPT,2025,16.0,Song ngành Kinh tế - Tài chính
26255,DHK,kinh-te-tai-chinh,D01,Điểm thi THPT,2025,16.0,Song ngành Kinh tế - Tài chính
26256,DHK,kinh-te-tai-chinh,D03,Điểm thi THPT,2025,16.0,Song ngành Kinh tế - Tài chính
26257,DHK,kinh-te-tai-chinh,D07,Điểm thi THPT,2025,16.0,Song ngành Kinh tế - Tài chính
26258,DHK,kinh-te-tai-chinh,D09,Điểm thi THPT,2025,16.0,Song ngành Kinh tế - Tài chính
26259,DHK,kinh-te-tai-chinh,D10,Điểm thi THPT,2025,16.0,Song ngành Kinh tế - Tài chính
26260,DHK,kinh-te-tai-chinh,X01,Điểm thi THPT,2025,16.0,Song ngành Kinh tế - Tài chính
26261,DHK,kinh-te-tai-chinh,X26,Điểm thi THPT,2025,16.0,Song ngành Kinh tế - Tài chính
26262,DHK,logistics-va-quan-ly-chuoi-cung-ung,A00,Điểm thi THPT,2021,20.0,Logistics và Quản lý chuỗi cung ứng
26263,DHK,logistics-va-quan-ly-chuoi-cung-ung,A01,Điểm thi THPT,2021,20.0,Logistics và Quản lý chuỗi cung ứng
26264,DHK,logistics-va-quan-ly-chuoi-cung-ung,C15,Điểm thi THPT,2021,20.0,Logistics và Quản lý chuỗi cung ứng
26265,DHK,logistics-va-quan-ly-chuoi-cung-ung,D01,Điểm thi THPT,2021,20.0,Logistics và Quản lý chuỗi cung ứng
26266,DHK,logistics-va-quan-ly-chuoi-cung-ung,A00,Điểm thi THPT,2022,21.5,Logistics và Quản lý chuỗi cung ứng
26267,DHK,logistics-va-quan-ly-chuoi-cung-ung,A01,Điểm thi THPT,2022,21.5,Logistics và Quản lý chuỗi cung ứng
26268,DHK,logistics-va-quan-ly-chuoi-cung-ung,C15,Điểm thi THPT,2022,21.5,Logistics và Quản lý chuỗi cung ứng
26269,DHK,logistics-va-quan-ly-chuoi-cung-ung,D01,Điểm thi THPT,2022,21.5,Logistics và Quản lý chuỗi cung ứng
26270,DHK,logistics-va-quan-ly-chuoi-cung-ung,A00,Điểm thi THPT,2023,21.0,Logistics và Quản lý chuỗi cung ứng
26271,DHK,logistics-va-quan-ly-chuoi-cung-ung,A01,Điểm thi THPT,2023,21.0,Logistics và Quản lý chuỗi cung ứng
26272,DHK,logistics-va-quan-ly-chuoi-cung-ung,C15,Điểm thi THPT,2023,21.0,Logistics và Quản lý chuỗi cung ứng
26273,DHK,logistics-va-quan-ly-chuoi-cung-ung,D01,Điểm thi THPT,2023,21.0,Logistics và Quản lý chuỗi cung ứng
26274,DHK,logistics-va-quan-ly-chuoi-cung-ung,A00,Điểm thi THPT,2024,22.0,Logistics và Quản lý chuỗi cung ứng
26275,DHK,logistics-va-quan-ly-chuoi-cung-ung,A01,Điểm thi THPT,2024,22.0,Logistics và Quản lý chuỗi cung ứng
26276,DHK,logistics-va-quan-ly-chuoi-cung-ung,C15,Điểm thi THPT,2024,22.0,Logistics và Quản lý chuỗi cung ứng
26277,DHK,logistics-va-quan-ly-chuoi-cung-ung,D01,Điểm thi THPT,2024,22.0,Logistics và Quản lý chuỗi cung ứng
26278,DHK,logistics-va-quan-ly-chuoi-cung-ung,A00,Điểm thi THPT,2025,18.0,Logistics và Quản lý chuỗi cung ứng
26279,DHK,logistics-va-quan-ly-chuoi-cung-ung,A01,Điểm thi THPT,2025,18.0,Logistics và Quản lý chuỗi cung ứng
26280,DHK,logistics-va-quan-ly-chuoi-cung-ung,C03,Điểm thi THPT,2025,18.0,Logistics và Quản lý chuỗi cung ứng
26281,DHK,logistics-va-quan-ly-chuoi-cung-ung,D01,Điểm thi THPT,2025,18.0,Logistics và Quản lý chuỗi cung ứng
26282,DHK,logistics-va-quan-ly-chuoi-cung-ung,D03,Điểm thi THPT,2025,18.0,Logistics và Quản lý chuỗi cung ứng
26283,DHK,logistics-va-quan-ly-chuoi-cung-ung,D07,Điểm thi THPT,2025,18.0,Logistics và Quản lý chuỗi cung ứng
26284,DHK,logistics-va-quan-ly-chuoi-cung-ung,D09,Điểm thi THPT,2025,18.0,Logistics và Quản lý chuỗi cung ứng
26285,DHK,logistics-va-quan-ly-chuoi-cung-ung,D10,Điểm thi THPT,2025,18.0,Logistics và Quản lý chuỗi cung ứng
26286,DHK,logistics-va-quan-ly-chuoi-cung-ung,X01,Điểm thi THPT,2025,18.0,Logistics và Quản lý chuỗi cung ứng
26287,DHK,logistics-va-quan-ly-chuoi-cung-ung,X26,Điểm thi THPT,2025,18.0,Logistics và Quản lý chuỗi cung ứng
26288,DHK,marketing,A00,Điểm thi THPT,2021,23.0,Marketing
26289,DHK,marketing,A01,Điểm thi THPT,2021,23.0,Marketing
26290,DHK,marketing,C15,Điểm thi THPT,2021,23.0,Marketing
26291,DHK,marketing,D01,Điểm thi THPT,2021,23.0,Marketing
26292,DHK,marketing,A00,Điểm thi THPT,2022,23.0,Marketing
26293,DHK,marketing,A01,Điểm thi THPT,2022,23.0,Marketing
26294,DHK,marketing,C15,Điểm thi THPT,2022,23.0,Marketing
26295,DHK,marketing,D01,Điểm thi THPT,2022,23.0,Marketing
26296,DHK,marketing,A00,Điểm thi THPT,2023,23.0,Marketing
26297,DHK,marketing,A01,Điểm thi THPT,2023,23.0,Marketing
26298,DHK,marketing,C15,Điểm thi THPT,2023,23.0,Marketing
26299,DHK,marketing,D01,Điểm thi THPT,2023,23.0,Marketing
26300,DHK,marketing,A00,Điểm thi THPT,2024,23.0,Marketing
26301,DHK,marketing,A01,Điểm thi THPT,2024,23.0,Marketing
26302,DHK,marketing,C15,Điểm thi THPT,2024,23.0,Marketing
26303,DHK,marketing,D01,Điểm thi THPT,2024,23.0,Marketing
26304,DHK,marketing,A00,Điểm thi THPT,2025,20.0,Marketing
26305,DHK,marketing,A01,Điểm thi THPT,2025,20.0,Marketing
26306,DHK,marketing,C03,Điểm thi THPT,2025,20.0,Marketing
26307,DHK,marketing,D01,Điểm thi THPT,2025,20.0,Marketing
26308,DHK,marketing,D03,Điểm thi THPT,2025,20.0,Marketing
26309,DHK,marketing,D07,Điểm thi THPT,2025,20.0,Marketing
26310,DHK,marketing,D09,Điểm thi THPT,2025,20.0,Marketing
26311,DHK,marketing,D10,Điểm thi THPT,2025,20.0,Marketing
26312,DHK,marketing,X01,Điểm thi THPT,2025,20.0,Marketing
26313,DHK,marketing,X26,Điểm thi THPT,2025,20.0,Marketing
26314,DHK,quan-tri-kinh-doanh,A00,Điểm thi THPT,2021,18.0,Quản trị kinh doanh
26315,DHK,quan-tri-kinh-doanh,A01,Điểm thi THPT,2021,18.0,Quản trị kinh doanh
26316,DHK,quan-tri-kinh-doanh,C15,Điểm thi THPT,2021,18.0,Quản trị kinh doanh
26317,DHK,quan-tri-kinh-doanh,D01,Điểm thi THPT,2021,18.0,Quản trị kinh doanh
26318,DHK,quan-tri-kinh-doanh,A00,Điểm thi THPT,2022,18.0,Quản trị kinh doanh
26319,DHK,quan-tri-kinh-doanh,A01,Điểm thi THPT,2022,18.0,Quản trị kinh doanh
26320,DHK,quan-tri-kinh-doanh,C15,Điểm thi THPT,2022,18.0,Quản trị kinh doanh
26321,DHK,quan-tri-kinh-doanh,D01,Điểm thi THPT,2022,18.0,Quản trị kinh doanh
26322,DHK,quan-tri-kinh-doanh,A00,Điểm học bạ,2023,25.0,Quản trị kinh doanh
26323,DHK,quan-tri-kinh-doanh,A01,Điểm học bạ,2023,25.0,Quản trị kinh doanh
26324,DHK,quan-tri-kinh-doanh,C15,Điểm học bạ,2023,25.0,Quản trị kinh doanh
26325,DHK,quan-tri-kinh-doanh,D01,Điểm học bạ,2023,25.0,Quản trị kinh doanh
26326,DHK,quan-tri-kinh-doanh,A00,Điểm thi THPT,2023,19.0,Quản trị kinh doanh
26327,DHK,quan-tri-kinh-doanh,A01,Điểm thi THPT,2023,19.0,Quản trị kinh doanh
26328,DHK,quan-tri-kinh-doanh,C15,Điểm thi THPT,2023,19.0,Quản trị kinh doanh
26329,DHK,quan-tri-kinh-doanh,D01,Điểm thi THPT,2023,19.0,Quản trị kinh doanh
26330,DHK,quan-tri-kinh-doanh,A00,Điểm thi THPT,2024,19.0,Quản trị kinh doanh
26331,DHK,quan-tri-kinh-doanh,A01,Điểm thi THPT,2024,19.0,Quản trị kinh doanh
26332,DHK,quan-tri-kinh-doanh,C15,Điểm thi THPT,2024,19.0,Quản trị kinh doanh
26333,DHK,quan-tri-kinh-doanh,D01,Điểm thi THPT,2024,19.0,Quản trị kinh doanh
26334,DHK,quan-tri-kinh-doanh,A00,Điểm thi THPT,2025,16.0,Quản trị kinh doanh
26335,DHK,quan-tri-kinh-doanh,A01,Điểm thi THPT,2025,16.0,Quản trị kinh doanh
26336,DHK,quan-tri-kinh-doanh,C03,Điểm thi THPT,2025,16.0,Quản trị kinh doanh
26337,DHK,quan-tri-kinh-doanh,D01,Điểm thi THPT,2025,16.0,Quản trị kinh doanh
26338,DHK,quan-tri-kinh-doanh,D03,Điểm thi THPT,2025,16.0,Quản trị kinh doanh
26339,DHK,quan-tri-kinh-doanh,D07,Điểm thi THPT,2025,16.0,Quản trị kinh doanh
26340,DHK,quan-tri-kinh-doanh,D09,Điểm thi THPT,2025,16.0,Quản trị kinh doanh
26341,DHK,quan-tri-kinh-doanh,D10,Điểm thi THPT,2025,16.0,Quản trị kinh doanh
26342,DHK,quan-tri-kinh-doanh,X01,Điểm thi THPT,2025,16.0,Quản trị kinh doanh
26343,DHK,quan-tri-kinh-doanh,X26,Điểm thi THPT,2025,16.0,Quản trị kinh doanh
26344,DHK,quan-tri-kinh-doanh-chat-luong-cao,A00,Điểm thi THPT,2023,19.0,Quản trị kinh doanh - Chất lượng cao
26345,DHK,quan-tri-kinh-doanh-chat-luong-cao,A01,Điểm thi THPT,2023,19.0,Quản trị kinh doanh - Chất lượng cao
26346,DHK,quan-tri-kinh-doanh-chat-luong-cao,C15,Điểm thi THPT,2023,19.0,Quản trị kinh doanh - Chất lượng cao
26347,DHK,quan-tri-kinh-doanh-chat-luong-cao,D01,Điểm thi THPT,2023,19.0,Quản trị kinh doanh - Chất lượng cao
26348,DHK,quan-tri-nhan-luc,A00,Điểm thi THPT,2021,17.0,Quản trị nhân lực
26349,DHK,quan-tri-nhan-luc,A01,Điểm thi THPT,2021,17.0,Quản trị nhân lực
26350,DHK,quan-tri-nhan-luc,C15,Điểm thi THPT,2021,17.0,Quản trị nhân lực
26351,DHK,quan-tri-nhan-luc,D01,Điểm thi THPT,2021,17.0,Quản trị nhân lực
26352,DHK,quan-tri-nhan-luc,A00,Điểm thi THPT,2022,18.0,Quản trị nhân lực
26353,DHK,quan-tri-nhan-luc,A01,Điểm thi THPT,2022,18.0,Quản trị nhân lực
26354,DHK,quan-tri-nhan-luc,C15,Điểm thi THPT,2022,18.0,Quản trị nhân lực
26355,DHK,quan-tri-nhan-luc,D01,Điểm thi THPT,2022,18.0,Quản trị nhân lực
26356,DHK,quan-tri-nhan-luc,A00,Điểm thi THPT,2023,18.0,Quản trị nhân lực
26357,DHK,quan-tri-nhan-luc,A01,Điểm thi THPT,2023,18.0,Quản trị nhân lực
26358,DHK,quan-tri-nhan-luc,C15,Điểm thi THPT,2023,18.0,Quản trị nhân lực
26359,DHK,quan-tri-nhan-luc,D01,Điểm thi THPT,2023,18.0,Quản trị nhân lực
26360,DHK,quan-tri-nhan-luc,A00,Điểm thi THPT,2024,17.0,Quản trị nhân lực
26361,DHK,quan-tri-nhan-luc,A01,Điểm thi THPT,2024,17.0,Quản trị nhân lực
26362,DHK,quan-tri-nhan-luc,C15,Điểm thi THPT,2024,17.0,Quản trị nhân lực
26363,DHK,quan-tri-nhan-luc,D01,Điểm thi THPT,2024,17.0,Quản trị nhân lực
26364,DHK,quan-tri-nhan-luc,A00,Điểm thi THPT,2025,16.0,Quản trị nhân lực
26365,DHK,quan-tri-nhan-luc,A01,Điểm thi THPT,2025,16.0,Quản trị nhân lực
26366,DHK,quan-tri-nhan-luc,C03,Điểm thi THPT,2025,16.0,Quản trị nhân lực
26367,DHK,quan-tri-nhan-luc,D01,Điểm thi THPT,2025,16.0,Quản trị nhân lực
26368,DHK,quan-tri-nhan-luc,D03,Điểm thi THPT,2025,16.0,Quản trị nhân lực
26369,DHK,quan-tri-nhan-luc,D07,Điểm thi THPT,2025,16.0,Quản trị nhân lực
26370,DHK,quan-tri-nhan-luc,D09,Điểm thi THPT,2025,16.0,Quản trị nhân lực
26371,DHK,quan-tri-nhan-luc,D10,Điểm thi THPT,2025,16.0,Quản trị nhân lực
26372,DHK,quan-tri-nhan-luc,X01,Điểm thi THPT,2025,16.0,Quản trị nhân lực
26373,DHK,quan-tri-nhan-luc,X26,Điểm thi THPT,2025,16.0,Quản trị nhân lực
26374,DHK,tai-chinh-ngan-hang,A00,Điểm thi THPT,2021,17.0,Tài chính - Ngân hàng
26375,DHK,tai-chinh-ngan-hang,D01,Điểm thi THPT,2021,17.0,Tài chính - Ngân hàng
26376,DHK,tai-chinh-ngan-hang,D03,Điểm thi THPT,2021,17.0,Tài chính - Ngân hàng
26377,DHK,tai-chinh-ngan-hang,D96,Điểm thi THPT,2021,17.0,Tài chính - Ngân hàng
26378,DHK,tai-chinh-ngan-hang,A00,Điểm thi THPT,2022,18.0,Tài chính - Ngân hàng
26379,DHK,tai-chinh-ngan-hang,D01,Điểm thi THPT,2022,18.0,Tài chính - Ngân hàng
26380,DHK,tai-chinh-ngan-hang,D03,Điểm thi THPT,2022,18.0,Tài chính - Ngân hàng
26381,DHK,tai-chinh-ngan-hang,D96,Điểm thi THPT,2022,18.0,Tài chính - Ngân hàng
26382,DHK,tai-chinh-ngan-hang,A00,Điểm học bạ,2023,22.0,"Tài chính - Ngân hàng (liên kết đào tạo đồng cấp bằng với Trường Đại học Rennes I, Cộng hoà Pháp)"
26383,DHK,tai-chinh-ngan-hang,D01,Điểm học bạ,2023,22.0,"Tài chính - Ngân hàng (liên kết đào tạo đồng cấp bằng với Trường Đại học Rennes I, Cộng hoà Pháp)"
26384,DHK,tai-chinh-ngan-hang,D03,Điểm học bạ,2023,22.0,"Tài chính - Ngân hàng (liên kết đào tạo đồng cấp bằng với Trường Đại học Rennes I, Cộng hoà Pháp)"
26385,DHK,tai-chinh-ngan-hang,D96,Điểm học bạ,2023,22.0,"Tài chính - Ngân hàng (liên kết đào tạo đồng cấp bằng với Trường Đại học Rennes I, Cộng hoà Pháp)"
26386,DHK,tai-chinh-ngan-hang,A00,Điểm thi THPT,2023,18.0,Tài chính - Ngân hàng
26387,DHK,tai-chinh-ngan-hang,D01,Điểm thi THPT,2023,18.0,Tài chính - Ngân hàng
26388,DHK,tai-chinh-ngan-hang,D03,Điểm thi THPT,2023,18.0,Tài chính - Ngân hàng
26389,DHK,tai-chinh-ngan-hang,D96,Điểm thi THPT,2023,18.0,Tài chính - Ngân hàng
26390,DHK,tai-chinh-ngan-hang,A00,Điểm thi THPT,2024,18.0,Tài chính - Ngân hàng
26391,DHK,tai-chinh-ngan-hang,D01,Điểm thi THPT,2024,18.0,Tài chính - Ngân hàng
26392,DHK,tai-chinh-ngan-hang,D03,Điểm thi THPT,2024,18.0,Tài chính - Ngân hàng
26393,DHK,tai-chinh-ngan-hang,D96,Điểm thi THPT,2024,18.0,Tài chính - Ngân hàng
26394,DHK,tai-chinh-ngan-hang,A00,Điểm thi THPT,2025,16.0,Tài chính - Ngân hàng
26395,DHK,tai-chinh-ngan-hang,A01,Điểm thi THPT,2025,16.0,Tài chính - Ngân hàng
26396,DHK,tai-chinh-ngan-hang,C03,Điểm thi THPT,2025,16.0,Tài chính - Ngân hàng
26397,DHK,tai-chinh-ngan-hang,D01,Điểm thi THPT,2025,16.0,Tài chính - Ngân hàng
26398,DHK,tai-chinh-ngan-hang,D03,Điểm thi THPT,2025,16.0,Tài chính - Ngân hàng
26399,DHK,tai-chinh-ngan-hang,D07,Điểm thi THPT,2025,16.0,Tài chính - Ngân hàng
26400,DHK,tai-chinh-ngan-hang,D09,Điểm thi THPT,2025,16.0,Tài chính - Ngân hàng
26401,DHK,tai-chinh-ngan-hang,D10,Điểm thi THPT,2025,16.0,Tài chính - Ngân hàng
26402,DHK,tai-chinh-ngan-hang,X01,Điểm thi THPT,2025,16.0,Tài chính - Ngân hàng
26403,DHK,tai-chinh-ngan-hang,X26,Điểm thi THPT,2025,16.0,Tài chính - Ngân hàng
26404,DHK,tai-chinh-ngan-hang-lien-ket-dao-tao-dong-cap-bang-voi-truong-dai-hoc-rennes-i-cong-hoa-phap,A00,Điểm thi THPT,2022,16.0,"Tài chính - Ngân hàng (liên kết đào tạo đồng cấp bằng với Trường Đại học Rennes I, Cộng hòa Pháp"
26405,DHK,tai-chinh-ngan-hang-lien-ket-dao-tao-dong-cap-bang-voi-truong-dai-hoc-rennes-i-cong-hoa-phap,D01,Điểm thi THPT,2022,16.0,"Tài chính - Ngân hàng (liên kết đào tạo đồng cấp bằng với Trường Đại học Rennes I, Cộng hòa Pháp"
26406,DHK,tai-chinh-ngan-hang-lien-ket-dao-tao-dong-cap-bang-voi-truong-dai-hoc-rennes-i-cong-hoa-phap,D03,Điểm thi THPT,2022,16.0,"Tài chính - Ngân hàng (liên kết đào tạo đồng cấp bằng với Trường Đại học Rennes I, Cộng hòa Pháp"
26407,DHK,tai-chinh-ngan-hang-lien-ket-dao-tao-dong-cap-bang-voi-truong-dai-hoc-rennes-i-cong-hoa-phap,D96,Điểm thi THPT,2022,16.0,"Tài chính - Ngân hàng (liên kết đào tạo đồng cấp bằng với Trường Đại học Rennes I, Cộng hòa Pháp"
26408,DHK,thong-ke-kinh-doanh,A00,Điểm học bạ,2023,18.0,Thống kê kinh tế (chuyên ngành Thống kê kinh doanh)
26409,DHK,thong-ke-kinh-doanh,A01,Điểm học bạ,2023,18.0,Thống kê kinh tế (chuyên ngành Thống kê kinh doanh)
26410,DHK,thong-ke-kinh-doanh,C15,Điểm học bạ,2023,18.0,Thống kê kinh tế (chuyên ngành Thống kê kinh doanh)
26411,DHK,thong-ke-kinh-doanh,D01,Điểm học bạ,2023,18.0,Thống kê kinh tế (chuyên ngành Thống kê kinh doanh)
26412,DHK,thong-ke-kinh-te,A00,Điểm thi THPT,2021,16.0,Thống kê kinh tế
26413,DHK,thong-ke-kinh-te,A01,Điểm thi THPT,2021,16.0,Thống kê kinh tế
26414,DHK,thong-ke-kinh-te,C15,Điểm thi THPT,2021,16.0,Thống kê kinh tế
26415,DHK,thong-ke-kinh-te,D01,Điểm thi THPT,2021,16.0,Thống kê kinh tế
26416,DHK,thong-ke-kinh-te,A00,Điểm thi THPT,2022,16.0,Thống kê kinh tế
26417,DHK,thong-ke-kinh-te,A01,Điểm thi THPT,2022,16.0,Thống kê kinh tế
26418,DHK,thong-ke-kinh-te,C15,Điểm thi THPT,2022,16.0,Thống kê kinh tế
26419,DHK,thong-ke-kinh-te,D01,Điểm thi THPT,2022,16.0,Thống kê kinh tế
26420,DHK,thong-ke-kinh-te,A00,Điểm thi THPT,2023,17.0,Thống kê kinh tế
26421,DHK,thong-ke-kinh-te,A01,Điểm thi THPT,2023,17.0,Thống kê kinh tế
26422,DHK,thong-ke-kinh-te,C15,Điểm thi THPT,2023,17.0,Thống kê kinh tế
26423,DHK,thong-ke-kinh-te,D01,Điểm thi THPT,2023,17.0,Thống kê kinh tế
26424,DHK,thong-ke-kinh-te,A00,Điểm thi THPT,2024,17.0,Thống kê kinh tế
26425,DHK,thong-ke-kinh-te,A01,Điểm thi THPT,2024,17.0,Thống kê kinh tế
26426,DHK,thong-ke-kinh-te,C15,Điểm thi THPT,2024,17.0,Thống kê kinh tế
26427,DHK,thong-ke-kinh-te,D01,Điểm thi THPT,2024,17.0,Thống kê kinh tế
26428,DHK,thong-ke-kinh-te,A00,Điểm thi THPT,2025,15.0,Thống kê kinh tế
26429,DHK,thong-ke-kinh-te,A01,Điểm thi THPT,2025,15.0,Thống kê kinh tế
26430,DHK,thong-ke-kinh-te,C03,Điểm thi THPT,2025,15.0,Thống kê kinh tế
26431,DHK,thong-ke-kinh-te,D01,Điểm thi THPT,2025,15.0,Thống kê kinh tế
26432,DHK,thong-ke-kinh-te,D03,Điểm thi THPT,2025,15.0,Thống kê kinh tế
26433,DHK,thong-ke-kinh-te,D07,Điểm thi THPT,2025,15.0,Thống kê kinh tế
26434,DHK,thong-ke-kinh-te,D09,Điểm thi THPT,2025,15.0,Thống kê kinh tế
26435,DHK,thong-ke-kinh-te,D10,Điểm thi THPT,2025,15.0,Thống kê kinh tế
26436,DHK,thong-ke-kinh-te,X01,Điểm thi THPT,2025,15.0,Thống kê kinh tế
26437,DHK,thong-ke-kinh-te,X26,Điểm thi THPT,2025,15.0,Thống kê kinh tế
26438,DHK,thuong-mai-dien-tu,A00,Điểm thi THPT,2021,20.0,Thương mại điện tử
26439,DHK,thuong-mai-dien-tu,A01,Điểm thi THPT,2021,20.0,Thương mại điện tử
26440,DHK,thuong-mai-dien-tu,C15,Điểm thi THPT,2021,20.0,Thương mại điện tử
26441,DHK,thuong-mai-dien-tu,D01,Điểm thi THPT,2021,20.0,Thương mại điện tử
26442,DHK,thuong-mai-dien-tu,A00,Điểm thi THPT,2022,22.5,Thương mại điện tử
26443,DHK,thuong-mai-dien-tu,A01,Điểm thi THPT,2022,22.5,Thương mại điện tử
26444,DHK,thuong-mai-dien-tu,C15,Điểm thi THPT,2022,22.5,Thương mại điện tử
26445,DHK,thuong-mai-dien-tu,D01,Điểm thi THPT,2022,22.5,Thương mại điện tử
26446,DHK,thuong-mai-dien-tu,A00,Điểm thi THPT,2023,22.0,Thương mại điện tử
26447,DHK,thuong-mai-dien-tu,A01,Điểm thi THPT,2023,22.0,Thương mại điện tử
26448,DHK,thuong-mai-dien-tu,C15,Điểm thi THPT,2023,22.0,Thương mại điện tử
26449,DHK,thuong-mai-dien-tu,D01,Điểm thi THPT,2023,22.0,Thương mại điện tử
26450,DHK,thuong-mai-dien-tu,A00,Điểm thi THPT,2024,21.0,Thương mại điện tử
26451,DHK,thuong-mai-dien-tu,A01,Điểm thi THPT,2024,21.0,Thương mại điện tử
26452,DHK,thuong-mai-dien-tu,C15,Điểm thi THPT,2024,21.0,Thương mại điện tử
26453,DHK,thuong-mai-dien-tu,D01,Điểm thi THPT,2024,21.0,Thương mại điện tử
26454,DHK,thuong-mai-dien-tu,A00,Điểm thi THPT,2025,17.0,Thương mại điện tử
26455,DHK,thuong-mai-dien-tu,A01,Điểm thi THPT,2025,17.0,Thương mại điện tử
26456,DHK,thuong-mai-dien-tu,C03,Điểm thi THPT,2025,17.0,Thương mại điện tử
26457,DHK,thuong-mai-dien-tu,D01,Điểm thi THPT,2025,17.0,Thương mại điện tử
26458,DHK,thuong-mai-dien-tu,D03,Điểm thi THPT,2025,17.0,Thương mại điện tử
26459,DHK,thuong-mai-dien-tu,D07,Điểm thi THPT,2025,17.0,Thương mại điện tử
26460,DHK,thuong-mai-dien-tu,D09,Điểm thi THPT,2025,17.0,Thương mại điện tử
26461,DHK,thuong-mai-dien-tu,D10,Điểm thi THPT,2025,17.0,Thương mại điện tử
26462,DHK,thuong-mai-dien-tu,X01,Điểm thi THPT,2025,17.0,Thương mại điện tử
26463,DHK,thuong-mai-dien-tu,X26,Điểm thi THPT,2025,17.0,Thương mại điện tử
26464,DHL,bao-ve-thuc-vat,A00,Điểm học bạ,2021,18.0,Bảo vệ thực vật
26465,DHL,bao-ve-thuc-vat,A02,Điểm học bạ,2021,18.0,Bảo vệ thực vật
26466,DHL,bao-ve-thuc-vat,B00,Điểm học bạ,2021,18.0,Bảo vệ thực vật
26467,DHL,bao-ve-thuc-vat,D08,Điểm học bạ,2021,18.0,Bảo vệ thực vật
26468,DHL,bao-ve-thuc-vat,A00,Điểm thi THPT,2021,15.0,Bảo vệ thực vật
26469,DHL,bao-ve-thuc-vat,A02,Điểm thi THPT,2021,15.0,Bảo vệ thực vật
26470,DHL,bao-ve-thuc-vat,B00,Điểm thi THPT,2021,15.0,Bảo vệ thực vật
26471,DHL,bao-ve-thuc-vat,D08,Điểm thi THPT,2021,15.0,Bảo vệ thực vật
26472,DHL,bao-ve-thuc-vat,A00,Điểm thi THPT,2022,15.0,Bảo vệ thực vật
26473,DHL,bao-ve-thuc-vat,A02,Điểm thi THPT,2022,15.0,Bảo vệ thực vật
26474,DHL,bao-ve-thuc-vat,B00,Điểm thi THPT,2022,15.0,Bảo vệ thực vật
26475,DHL,bao-ve-thuc-vat,D08,Điểm thi THPT,2022,15.0,Bảo vệ thực vật
26476,DHL,bao-ve-thuc-vat,A00,Điểm học bạ,2023,18.0,Bảo vệ thực vật
26477,DHL,bao-ve-thuc-vat,B00,Điểm học bạ,2023,18.0,Bảo vệ thực vật
26478,DHL,bao-ve-thuc-vat,B04,Điểm học bạ,2023,18.0,Bảo vệ thực vật
26479,DHL,bao-ve-thuc-vat,D08,Điểm học bạ,2023,18.0,Bảo vệ thực vật
26480,DHL,bao-ve-thuc-vat,A00,Điểm thi THPT,2023,15.0,Bảo vệ thực vật
26481,DHL,bao-ve-thuc-vat,B00,Điểm thi THPT,2023,15.0,Bảo vệ thực vật
26482,DHL,bao-ve-thuc-vat,B04,Điểm thi THPT,2023,15.0,Bảo vệ thực vật
26483,DHL,bao-ve-thuc-vat,D08,Điểm thi THPT,2023,15.0,Bảo vệ thực vật
26484,DHL,bao-ve-thuc-vat,A00,Điểm học bạ,2024,18.0,Bảo vệ thực vật
26485,DHL,bao-ve-thuc-vat,B00,Điểm học bạ,2024,18.0,Bảo vệ thực vật
26486,DHL,bao-ve-thuc-vat,B04,Điểm học bạ,2024,18.0,Bảo vệ thực vật
26487,DHL,bao-ve-thuc-vat,D08,Điểm học bạ,2024,18.0,Bảo vệ thực vật
26488,DHL,bao-ve-thuc-vat,A00,Điểm thi THPT,2024,15.0,Bảo vệ thực vật
26489,DHL,bao-ve-thuc-vat,B00,Điểm thi THPT,2024,15.0,Bảo vệ thực vật
26490,DHL,bao-ve-thuc-vat,B03,Điểm thi THPT,2024,15.0,Bảo vệ thực vật
26491,DHL,bao-ve-thuc-vat,D08,Điểm thi THPT,2024,15.0,Bảo vệ thực vật
26492,DHL,bao-ve-thuc-vat,A08,Điểm học bạ,2025,18.0,Bảo vệ thực vật
26493,DHL,bao-ve-thuc-vat,B00,Điểm học bạ,2025,18.0,Bảo vệ thực vật
26494,DHL,bao-ve-thuc-vat,B03,Điểm học bạ,2025,18.0,Bảo vệ thực vật
26495,DHL,bao-ve-thuc-vat,C03,Điểm học bạ,2025,18.0,Bảo vệ thực vật
26496,DHL,bao-ve-thuc-vat,C04,Điểm học bạ,2025,18.0,Bảo vệ thực vật
26497,DHL,bao-ve-thuc-vat,D01,Điểm học bạ,2025,18.0,Bảo vệ thực vật
26498,DHL,bao-ve-thuc-vat,X04,Điểm học bạ,2025,18.0,Bảo vệ thực vật
26499,DHL,bao-ve-thuc-vat,X17,Điểm học bạ,2025,18.0,Bảo vệ thực vật
26500,DHL,bao-ve-thuc-vat,A08,Điểm thi THPT,2025,15.0,Bảo vệ thực vật
26501,DHL,bao-ve-thuc-vat,B00,Điểm thi THPT,2025,15.0,Bảo vệ thực vật
26502,DHL,bao-ve-thuc-vat,B03,Điểm thi THPT,2025,15.0,Bảo vệ thực vật
26503,DHL,bao-ve-thuc-vat,C03,Điểm thi THPT,2025,15.0,Bảo vệ thực vật
26504,DHL,bao-ve-thuc-vat,C04,Điểm thi THPT,2025,15.0,Bảo vệ thực vật
26505,DHL,bao-ve-thuc-vat,D01,Điểm thi THPT,2025,15.0,Bảo vệ thực vật
26506,DHL,bao-ve-thuc-vat,X04,Điểm thi THPT,2025,15.0,Bảo vệ thực vật
26507,DHL,bao-ve-thuc-vat,X17,Điểm thi THPT,2025,15.0,Bảo vệ thực vật
26508,DHL,bat-dong-san,A00,Điểm học bạ,2021,18.0,Bất động sản
26509,DHL,bat-dong-san,B00,Điểm học bạ,2021,18.0,Bất động sản
26510,DHL,bat-dong-san,C00,Điểm học bạ,2021,18.0,Bất động sản
26511,DHL,bat-dong-san,C04,Điểm học bạ,2021,18.0,Bất động sản
26512,DHL,bat-dong-san,A00,Điểm thi THPT,2021,16.0,Bất động sản
26513,DHL,bat-dong-san,B00,Điểm thi THPT,2021,16.0,Bất động sản
26514,DHL,bat-dong-san,C00,Điểm thi THPT,2021,16.0,Bất động sản
26515,DHL,bat-dong-san,C04,Điểm thi THPT,2021,16.0,Bất động sản
26516,DHL,bat-dong-san,A00,Điểm thi THPT,2022,15.0,Bất động sản
26517,DHL,bat-dong-san,B00,Điểm thi THPT,2022,15.0,Bất động sản
26518,DHL,bat-dong-san,C00,Điểm thi THPT,2022,15.0,Bất động sản
26519,DHL,bat-dong-san,C04,Điểm thi THPT,2022,15.0,Bất động sản
26520,DHL,bat-dong-san,A00,Điểm học bạ,2023,18.0,Bất động sản
26521,DHL,bat-dong-san,B00,Điểm học bạ,2023,18.0,Bất động sản
26522,DHL,bat-dong-san,C00,Điểm học bạ,2023,18.0,Bất động sản
26523,DHL,bat-dong-san,C04,Điểm học bạ,2023,18.0,Bất động sản
26524,DHL,bat-dong-san,A00,Điểm thi THPT,2023,15.0,Bất động sản
26525,DHL,bat-dong-san,B00,Điểm thi THPT,2023,15.0,Bất động sản
26526,DHL,bat-dong-san,C00,Điểm thi THPT,2023,15.0,Bất động sản
26527,DHL,bat-dong-san,C04,Điểm thi THPT,2023,15.0,Bất động sản
26528,DHL,bat-dong-san,A00,Điểm học bạ,2024,18.0,Bất động sản
26529,DHL,bat-dong-san,B00,Điểm học bạ,2024,18.0,Bất động sản
26530,DHL,bat-dong-san,C00,Điểm học bạ,2024,18.0,Bất động sản
26531,DHL,bat-dong-san,C04,Điểm học bạ,2024,18.0,Bất động sản
26532,DHL,bat-dong-san,A00,Điểm thi THPT,2024,15.0,Bất động sản
26533,DHL,bat-dong-san,B00,Điểm thi THPT,2024,15.0,Bất động sản
26534,DHL,bat-dong-san,C00,Điểm thi THPT,2024,15.0,Bất động sản
26535,DHL,bat-dong-san,C04,Điểm thi THPT,2024,15.0,Bất động sản
26536,DHL,bat-dong-san,A01,Điểm học bạ,2025,18.0,Bất động sản
26537,DHL,bat-dong-san,C00,Điểm học bạ,2025,18.0,Bất động sản
26538,DHL,bat-dong-san,C01,Điểm học bạ,2025,18.0,Bất động sản
26539,DHL,bat-dong-san,C03,Điểm học bạ,2025,18.0,Bất động sản
26540,DHL,bat-dong-san,C04,Điểm học bạ,2025,18.0,Bất động sản
26541,DHL,bat-dong-san,C14,Điểm học bạ,2025,18.0,Bất động sản
26542,DHL,bat-dong-san,D01,Điểm học bạ,2025,18.0,Bất động sản
26543,DHL,bat-dong-san,X01,Điểm học bạ,2025,18.0,Bất động sản
26544,DHL,bat-dong-san,A01,Điểm thi THPT,2025,15.0,Bất động sản
26545,DHL,bat-dong-san,C00,Điểm thi THPT,2025,15.0,Bất động sản
26546,DHL,bat-dong-san,C01,Điểm thi THPT,2025,15.0,Bất động sản
26547,DHL,bat-dong-san,C03,Điểm thi THPT,2025,15.0,Bất động sản
26548,DHL,bat-dong-san,C04,Điểm thi THPT,2025,15.0,Bất động sản
26549,DHL,bat-dong-san,C14,Điểm thi THPT,2025,15.0,Bất động sản
26550,DHL,bat-dong-san,D01,Điểm thi THPT,2025,15.0,Bất động sản
26551,DHL,bat-dong-san,X01,Điểm thi THPT,2025,15.0,Bất động sản
26552,DHL,benh-hoc-thuy-san,A00,Điểm học bạ,2021,18.0,Bệnh học thủy sản
26553,DHL,benh-hoc-thuy-san,A02,Điểm học bạ,2021,18.0,Bệnh học thủy sản
26554,DHL,benh-hoc-thuy-san,B00,Điểm học bạ,2021,18.0,Bệnh học thủy sản
26555,DHL,benh-hoc-thuy-san,D08,Điểm học bạ,2021,18.0,Bệnh học thủy sản
26556,DHL,benh-hoc-thuy-san,A00,Điểm thi THPT,2021,16.0,Bệnh học thủy sản
26557,DHL,benh-hoc-thuy-san,A02,Điểm thi THPT,2021,16.0,Bệnh học thủy sản
26558,DHL,benh-hoc-thuy-san,B00,Điểm thi THPT,2021,16.0,Bệnh học thủy sản
26559,DHL,benh-hoc-thuy-san,D08,Điểm thi THPT,2021,16.0,Bệnh học thủy sản
26560,DHL,benh-hoc-thuy-san,A00,Điểm thi THPT,2022,15.0,Bệnh học thủy sản
26561,DHL,benh-hoc-thuy-san,B00,Điểm thi THPT,2022,15.0,Bệnh học thủy sản
26562,DHL,benh-hoc-thuy-san,D01,Điểm thi THPT,2022,15.0,Bệnh học thủy sản
26563,DHL,benh-hoc-thuy-san,D08,Điểm thi THPT,2022,15.0,Bệnh học thủy sản
26564,DHL,benh-hoc-thuy-san,A00,Điểm học bạ,2023,18.0,Bệnh học thủy sản
26565,DHL,benh-hoc-thuy-san,B00,Điểm học bạ,2023,18.0,Bệnh học thủy sản
26566,DHL,benh-hoc-thuy-san,B04,Điểm học bạ,2023,18.0,Bệnh học thủy sản
26567,DHL,benh-hoc-thuy-san,D08,Điểm học bạ,2023,18.0,Bệnh học thủy sản
26568,DHL,benh-hoc-thuy-san,A00,Điểm thi THPT,2023,15.0,Bệnh học thủy sản
26569,DHL,benh-hoc-thuy-san,B00,Điểm thi THPT,2023,15.0,Bệnh học thủy sản
26570,DHL,benh-hoc-thuy-san,D01,Điểm thi THPT,2023,15.0,Bệnh học thủy sản
26571,DHL,benh-hoc-thuy-san,D08,Điểm thi THPT,2023,15.0,Bệnh học thủy sản
26572,DHL,benh-hoc-thuy-san,A00,Điểm học bạ,2024,18.0,Bệnh học thủy sản
26573,DHL,benh-hoc-thuy-san,B00,Điểm học bạ,2024,18.0,Bệnh học thủy sản
26574,DHL,benh-hoc-thuy-san,B04,Điểm học bạ,2024,18.0,Bệnh học thủy sản
26575,DHL,benh-hoc-thuy-san,D08,Điểm học bạ,2024,18.0,Bệnh học thủy sản
26576,DHL,benh-hoc-thuy-san,A00,Điểm thi THPT,2024,15.0,Bệnh học thủy sản
26577,DHL,benh-hoc-thuy-san,B00,Điểm thi THPT,2024,15.0,Bệnh học thủy sản
26578,DHL,benh-hoc-thuy-san,D01,Điểm thi THPT,2024,15.0,Bệnh học thủy sản
26579,DHL,benh-hoc-thuy-san,D08,Điểm thi THPT,2024,15.0,Bệnh học thủy sản
26580,DHL,benh-hoc-thuy-san,A00,Điểm học bạ,2025,18.0,Bệnh học thủy sản
26581,DHL,benh-hoc-thuy-san,A09,Điểm học bạ,2025,18.0,Bệnh học thủy sản
26582,DHL,benh-hoc-thuy-san,A11,Điểm học bạ,2025,18.0,Bệnh học thủy sản
26583,DHL,benh-hoc-thuy-san,B00,Điểm học bạ,2025,18.0,Bệnh học thủy sản
26584,DHL,benh-hoc-thuy-san,B03,Điểm học bạ,2025,18.0,Bệnh học thủy sản
26585,DHL,benh-hoc-thuy-san,B04,Điểm học bạ,2025,18.0,Bệnh học thủy sản
26586,DHL,benh-hoc-thuy-san,C02,Điểm học bạ,2025,18.0,Bệnh học thủy sản
26587,DHL,benh-hoc-thuy-san,C04,Điểm học bạ,2025,18.0,Bệnh học thủy sản
26588,DHL,benh-hoc-thuy-san,C14,Điểm học bạ,2025,18.0,Bệnh học thủy sản
26589,DHL,benh-hoc-thuy-san,D01,Điểm học bạ,2025,18.0,Bệnh học thủy sản
26590,DHL,benh-hoc-thuy-san,X01,Điểm học bạ,2025,18.0,Bệnh học thủy sản
26591,DHL,benh-hoc-thuy-san,X09,Điểm học bạ,2025,18.0,Bệnh học thủy sản
26592,DHL,benh-hoc-thuy-san,X13,Điểm học bạ,2025,18.0,Bệnh học thủy sản
26593,DHL,benh-hoc-thuy-san,X21,Điểm học bạ,2025,18.0,Bệnh học thủy sản
26594,DHL,benh-hoc-thuy-san,A00,Điểm thi THPT,2025,15.0,Bệnh học thủy sản
26595,DHL,benh-hoc-thuy-san,A09,Điểm thi THPT,2025,15.0,Bệnh học thủy sản
26596,DHL,benh-hoc-thuy-san,A11,Điểm thi THPT,2025,15.0,Bệnh học thủy sản
26597,DHL,benh-hoc-thuy-san,B00,Điểm thi THPT,2025,15.0,Bệnh học thủy sản
26598,DHL,benh-hoc-thuy-san,B03,Điểm thi THPT,2025,15.0,Bệnh học thủy sản
26599,DHL,benh-hoc-thuy-san,B04,Điểm thi THPT,2025,15.0,Bệnh học thủy sản
26600,DHL,benh-hoc-thuy-san,C02,Điểm thi THPT,2025,15.0,Bệnh học thủy sản
26601,DHL,benh-hoc-thuy-san,C04,Điểm thi THPT,2025,15.0,Bệnh học thủy sản
26602,DHL,benh-hoc-thuy-san,C14,Điểm thi THPT,2025,15.0,Bệnh học thủy sản
26603,DHL,benh-hoc-thuy-san,D01,Điểm thi THPT,2025,15.0,Bệnh học thủy sản
26604,DHL,benh-hoc-thuy-san,X01,Điểm thi THPT,2025,15.0,Bệnh học thủy sản
26605,DHL,benh-hoc-thuy-san,X09,Điểm thi THPT,2025,15.0,Bệnh học thủy sản
26606,DHL,benh-hoc-thuy-san,X13,Điểm thi THPT,2025,15.0,Bệnh học thủy sản
26607,DHL,benh-hoc-thuy-san,X21,Điểm thi THPT,2025,15.0,Bệnh học thủy sản
26608,DHL,chan-nuoi,A00,Điểm học bạ,2024,18.5,Chăn nuôi
26609,DHL,chan-nuoi,A02,Điểm học bạ,2024,18.5,Chăn nuôi
26610,DHL,chan-nuoi,B00,Điểm học bạ,2024,18.5,Chăn nuôi
26611,DHL,chan-nuoi,D08,Điểm học bạ,2024,18.5,Chăn nuôi
26612,DHL,chan-nuoi,A00,Điểm thi THPT,2024,15.0,Chăn nuôi
26613,DHL,chan-nuoi,A02,Điểm thi THPT,2024,15.0,Chăn nuôi
26614,DHL,chan-nuoi,B00,Điểm thi THPT,2024,15.0,Chăn nuôi
26615,DHL,chan-nuoi,D08,Điểm thi THPT,2024,15.0,Chăn nuôi
26616,DHL,chan-nuoi,A00,Điểm học bạ,2025,18.3,Chăn nuôi
26617,DHL,chan-nuoi,B00,Điểm học bạ,2025,18.3,Chăn nuôi
26618,DHL,chan-nuoi,C04,Điểm học bạ,2025,18.3,Chăn nuôi
26619,DHL,chan-nuoi,D01,Điểm học bạ,2025,18.3,Chăn nuôi
26620,DHL,chan-nuoi,X04,Điểm học bạ,2025,18.3,Chăn nuôi
26621,DHL,chan-nuoi,X12,Điểm học bạ,2025,18.3,Chăn nuôi
26622,DHL,chan-nuoi,A00,Điểm thi THPT,2025,16.0,Chăn nuôi
26623,DHL,chan-nuoi,B00,Điểm thi THPT,2025,16.0,Chăn nuôi
26624,DHL,chan-nuoi,C04,Điểm thi THPT,2025,16.0,Chăn nuôi
26625,DHL,chan-nuoi,D01,Điểm thi THPT,2025,16.0,Chăn nuôi
26626,DHL,chan-nuoi,X04,Điểm thi THPT,2025,16.0,Chăn nuôi
26627,DHL,chan-nuoi,X12,Điểm thi THPT,2025,16.0,Chăn nuôi
26628,DHL,chan-nuoi-thu-y,A00,Điểm học bạ,2021,20.0,Chăn nuôi (song ngành Chăn nuôi – Thú y)
26629,DHL,chan-nuoi-thu-y,A02,Điểm học bạ,2021,20.0,Chăn nuôi (song ngành Chăn nuôi – Thú y)
26630,DHL,chan-nuoi-thu-y,B00,Điểm học bạ,2021,20.0,Chăn nuôi (song ngành Chăn nuôi – Thú y)
26631,DHL,chan-nuoi-thu-y,D08,Điểm học bạ,2021,20.0,Chăn nuôi (song ngành Chăn nuôi – Thú y)
26632,DHL,chan-nuoi-thu-y,A00,Điểm thi THPT,2021,18.5,Chăn nuôi (song ngành Chăn nuôi – Thú y)
26633,DHL,chan-nuoi-thu-y,A02,Điểm thi THPT,2021,18.5,Chăn nuôi (song ngành Chăn nuôi – Thú y)
26634,DHL,chan-nuoi-thu-y,B00,Điểm thi THPT,2021,18.5,Chăn nuôi (song ngành Chăn nuôi – Thú y)
26635,DHL,chan-nuoi-thu-y,D08,Điểm thi THPT,2021,18.5,Chăn nuôi (song ngành Chăn nuôi – Thú y)
26636,DHL,chan-nuoi-thu-y,A00,Điểm thi THPT,2022,16.0,Chăn nuôi (song ngành Chăn nuôi – Thú y)
26637,DHL,chan-nuoi-thu-y,A02,Điểm thi THPT,2022,16.0,Chăn nuôi (song ngành Chăn nuôi – Thú y)
26638,DHL,chan-nuoi-thu-y,B00,Điểm thi THPT,2022,16.0,Chăn nuôi (song ngành Chăn nuôi – Thú y)
26639,DHL,chan-nuoi-thu-y,D08,Điểm thi THPT,2022,16.0,Chăn nuôi (song ngành Chăn nuôi – Thú y)
26640,DHL,chan-nuoi-thu-y,A00,Điểm học bạ,2023,19.0,Chăn nuôi (song ngành Chăn nuôi – Thú y)
26641,DHL,chan-nuoi-thu-y,A02,Điểm học bạ,2023,19.0,Chăn nuôi (song ngành Chăn nuôi – Thú y)
26642,DHL,chan-nuoi-thu-y,B00,Điểm học bạ,2023,19.0,Chăn nuôi (song ngành Chăn nuôi – Thú y)
26643,DHL,chan-nuoi-thu-y,D08,Điểm học bạ,2023,19.0,Chăn nuôi (song ngành Chăn nuôi – Thú y)
26644,DHL,chan-nuoi-thu-y,A00,Điểm thi THPT,2023,16.0,Chăn nuôi (Song ngành Chăn nuôi - Thú y)
26645,DHL,chan-nuoi-thu-y,A02,Điểm thi THPT,2023,16.0,Chăn nuôi (Song ngành Chăn nuôi - Thú y)
26646,DHL,chan-nuoi-thu-y,B00,Điểm thi THPT,2023,16.0,Chăn nuôi (Song ngành Chăn nuôi - Thú y)
26647,DHL,chan-nuoi-thu-y,D08,Điểm thi THPT,2023,16.0,Chăn nuôi (Song ngành Chăn nuôi - Thú y)
26648,DHL,cong-nghe-ky-thuat-co-khi,A00,Điểm học bạ,2021,18.0,Công nghệ kỹ thuật cơ khí
26649,DHL,cong-nghe-ky-thuat-co-khi,A02,Điểm học bạ,2021,18.0,Công nghệ kỹ thuật cơ khí
26650,DHL,cong-nghe-ky-thuat-co-khi,A10,Điểm học bạ,2021,18.0,Công nghệ kỹ thuật cơ khí
26651,DHL,cong-nghe-ky-thuat-co-khi,B00,Điểm học bạ,2021,18.0,Công nghệ kỹ thuật cơ khí
26652,DHL,cong-nghe-ky-thuat-co-khi,A00,Điểm thi THPT,2021,16.0,Công nghệ kỹ thuật cơ khí
26653,DHL,cong-nghe-ky-thuat-co-khi,A02,Điểm thi THPT,2021,16.0,Công nghệ kỹ thuật cơ khí
26654,DHL,cong-nghe-ky-thuat-co-khi,A10,Điểm thi THPT,2021,16.0,Công nghệ kỹ thuật cơ khí
26655,DHL,cong-nghe-ky-thuat-co-khi,B00,Điểm thi THPT,2021,16.0,Công nghệ kỹ thuật cơ khí
26656,DHL,cong-nghe-ky-thuat-co-khi,A00,Điểm thi THPT,2022,15.0,Công nghệ kỹ thuật cơ khí
26657,DHL,cong-nghe-ky-thuat-co-khi,A01,Điểm thi THPT,2022,15.0,Công nghệ kỹ thuật cơ khí
26658,DHL,cong-nghe-ky-thuat-co-khi,A02,Điểm thi THPT,2022,15.0,Công nghệ kỹ thuật cơ khí
26659,DHL,cong-nghe-ky-thuat-co-khi,B00,Điểm thi THPT,2022,15.0,Công nghệ kỹ thuật cơ khí
26660,DHL,cong-nghe-ky-thuat-co-khi,A00,Điểm học bạ,2023,18.0,Công nghệ kỹ thuật cơ khí
26661,DHL,cong-nghe-ky-thuat-co-khi,A02,Điểm học bạ,2023,18.0,Công nghệ kỹ thuật cơ khí
26662,DHL,cong-nghe-ky-thuat-co-khi,A10,Điểm học bạ,2023,18.0,Công nghệ kỹ thuật cơ khí
26663,DHL,cong-nghe-ky-thuat-co-khi,B00,Điểm học bạ,2023,18.0,Công nghệ kỹ thuật cơ khí
26664,DHL,cong-nghe-ky-thuat-co-khi,A00,Điểm thi THPT,2023,15.0,Công nghệ kỹ thuật cơ khí
26665,DHL,cong-nghe-ky-thuat-co-khi,A01,Điểm thi THPT,2023,15.0,Công nghệ kỹ thuật cơ khí
26666,DHL,cong-nghe-ky-thuat-co-khi,A02,Điểm thi THPT,2023,15.0,Công nghệ kỹ thuật cơ khí
26667,DHL,cong-nghe-ky-thuat-co-khi,B00,Điểm thi THPT,2023,15.0,Công nghệ kỹ thuật cơ khí
26668,DHL,cong-nghe-ky-thuat-co-khi,A00,Điểm học bạ,2024,18.0,Công nghệ kỹ thuật cơ khí
26669,DHL,cong-nghe-ky-thuat-co-khi,A02,Điểm học bạ,2024,18.0,Công nghệ kỹ thuật cơ khí
26670,DHL,cong-nghe-ky-thuat-co-khi,A10,Điểm học bạ,2024,18.0,Công nghệ kỹ thuật cơ khí
26671,DHL,cong-nghe-ky-thuat-co-khi,B00,Điểm học bạ,2024,18.0,Công nghệ kỹ thuật cơ khí
26672,DHL,cong-nghe-ky-thuat-co-khi,A00,Điểm thi THPT,2024,15.0,Công nghệ kỹ thuật cơ khí
26673,DHL,cong-nghe-ky-thuat-co-khi,A01,Điểm thi THPT,2024,15.0,Công nghệ kỹ thuật cơ khí
26674,DHL,cong-nghe-ky-thuat-co-khi,A02,Điểm thi THPT,2024,15.0,Công nghệ kỹ thuật cơ khí
26675,DHL,cong-nghe-ky-thuat-co-khi,B00,Điểm thi THPT,2024,15.0,Công nghệ kỹ thuật cơ khí
26676,DHL,cong-nghe-ky-thuat-co-khi,A00,Điểm học bạ,2025,20.81,Công nghệ kỹ thuật cơ khí
26677,DHL,cong-nghe-ky-thuat-co-khi,A01,Điểm học bạ,2025,20.81,Công nghệ kỹ thuật cơ khí
26678,DHL,cong-nghe-ky-thuat-co-khi,A08,Điểm học bạ,2025,20.81,Công nghệ kỹ thuật cơ khí
26679,DHL,cong-nghe-ky-thuat-co-khi,C01,Điểm học bạ,2025,20.81,Công nghệ kỹ thuật cơ khí
26680,DHL,cong-nghe-ky-thuat-co-khi,C04,Điểm học bạ,2025,20.81,Công nghệ kỹ thuật cơ khí
26681,DHL,cong-nghe-ky-thuat-co-khi,C14,Điểm học bạ,2025,20.81,Công nghệ kỹ thuật cơ khí
26682,DHL,cong-nghe-ky-thuat-co-khi,D01,Điểm học bạ,2025,20.81,Công nghệ kỹ thuật cơ khí
26683,DHL,cong-nghe-ky-thuat-co-khi,X01,Điểm học bạ,2025,20.81,Công nghệ kỹ thuật cơ khí
26684,DHL,cong-nghe-ky-thuat-co-khi,X17,Điểm học bạ,2025,20.81,Công nghệ kỹ thuật cơ khí
26685,DHL,cong-nghe-ky-thuat-co-khi,A00,Điểm thi THPT,2025,18.5,Công nghệ kỹ thuật cơ khí
26686,DHL,cong-nghe-ky-thuat-co-khi,A01,Điểm thi THPT,2025,18.5,Công nghệ kỹ thuật cơ khí
26687,DHL,cong-nghe-ky-thuat-co-khi,A08,Điểm thi THPT,2025,18.5,Công nghệ kỹ thuật cơ khí
26688,DHL,cong-nghe-ky-thuat-co-khi,C01,Điểm thi THPT,2025,18.5,Công nghệ kỹ thuật cơ khí
26689,DHL,cong-nghe-ky-thuat-co-khi,C04,Điểm thi THPT,2025,18.5,Công nghệ kỹ thuật cơ khí
26690,DHL,cong-nghe-ky-thuat-co-khi,C14,Điểm thi THPT,2025,18.5,Công nghệ kỹ thuật cơ khí
26691,DHL,cong-nghe-ky-thuat-co-khi,D01,Điểm thi THPT,2025,18.5,Công nghệ kỹ thuật cơ khí
26692,DHL,cong-nghe-ky-thuat-co-khi,X01,Điểm thi THPT,2025,18.5,Công nghệ kỹ thuật cơ khí
26693,DHL,cong-nghe-ky-thuat-co-khi,X17,Điểm thi THPT,2025,18.5,Công nghệ kỹ thuật cơ khí
26694,DHL,cong-nghe-sau-thu-hoach,A00,Điểm học bạ,2021,18.0,Công nghệ sau thu hoạch
26695,DHL,cong-nghe-sau-thu-hoach,A02,Điểm học bạ,2021,18.0,Công nghệ sau thu hoạch
26696,DHL,cong-nghe-sau-thu-hoach,B00,Điểm học bạ,2021,18.0,Công nghệ sau thu hoạch
26697,DHL,cong-nghe-sau-thu-hoach,C02,Điểm học bạ,2021,18.0,Công nghệ sau thu hoạch
26698,DHL,cong-nghe-sau-thu-hoach,A00,Điểm thi THPT,2021,15.0,Công nghệ sau thu hoạch
26699,DHL,cong-nghe-sau-thu-hoach,A02,Điểm thi THPT,2021,15.0,Công nghệ sau thu hoạch
26700,DHL,cong-nghe-sau-thu-hoach,B00,Điểm thi THPT,2021,15.0,Công nghệ sau thu hoạch
26701,DHL,cong-nghe-sau-thu-hoach,C02,Điểm thi THPT,2021,15.0,Công nghệ sau thu hoạch
26702,DHL,cong-nghe-sau-thu-hoach,A00,Điểm thi THPT,2022,15.0,Công nghệ sau thu hoạch
26703,DHL,cong-nghe-sau-thu-hoach,B00,Điểm thi THPT,2022,15.0,Công nghệ sau thu hoạch
26704,DHL,cong-nghe-sau-thu-hoach,B04,Điểm thi THPT,2022,15.0,Công nghệ sau thu hoạch
26705,DHL,cong-nghe-sau-thu-hoach,D08,Điểm thi THPT,2022,15.0,Công nghệ sau thu hoạch
26706,DHL,cong-nghe-thuc-pham,A00,Điểm học bạ,2021,20.0,Công nghệ thực phẩm
26707,DHL,cong-nghe-thuc-pham,A02,Điểm học bạ,2021,20.0,Công nghệ thực phẩm
26708,DHL,cong-nghe-thuc-pham,B00,Điểm học bạ,2021,20.0,Công nghệ thực phẩm
26709,DHL,cong-nghe-thuc-pham,C02,Điểm học bạ,2021,20.0,Công nghệ thực phẩm
26710,DHL,cong-nghe-thuc-pham,A00,Điểm thi THPT,2021,19.5,Công nghệ thực phẩm
26711,DHL,cong-nghe-thuc-pham,A02,Điểm thi THPT,2021,19.5,Công nghệ thực phẩm
26712,DHL,cong-nghe-thuc-pham,B00,Điểm thi THPT,2021,19.5,Công nghệ thực phẩm
26713,DHL,cong-nghe-thuc-pham,C02,Điểm thi THPT,2021,19.5,Công nghệ thực phẩm
26714,DHL,cong-nghe-thuc-pham,A00,Điểm thi THPT,2022,20.0,Công nghệ thực phẩm
26715,DHL,cong-nghe-thuc-pham,B00,Điểm thi THPT,2022,20.0,Công nghệ thực phẩm
26716,DHL,cong-nghe-thuc-pham,B04,Điểm thi THPT,2022,20.0,Công nghệ thực phẩm
26717,DHL,cong-nghe-thuc-pham,D08,Điểm thi THPT,2022,20.0,Công nghệ thực phẩm
26718,DHL,cong-nghe-thuc-pham,A00,Điểm học bạ,2023,21.0,Công nghệ thực phẩm
26719,DHL,cong-nghe-thuc-pham,B00,Điểm học bạ,2023,21.0,Công nghệ thực phẩm
26720,DHL,cong-nghe-thuc-pham,B04,Điểm học bạ,2023,21.0,Công nghệ thực phẩm
26721,DHL,cong-nghe-thuc-pham,D08,Điểm học bạ,2023,21.0,Công nghệ thực phẩm
26722,DHL,cong-nghe-thuc-pham,A00,Điểm thi THPT,2023,16.0,Công nghệ thực phẩm
26723,DHL,cong-nghe-thuc-pham,B00,Điểm thi THPT,2023,16.0,Công nghệ thực phẩm
26724,DHL,cong-nghe-thuc-pham,B04,Điểm thi THPT,2023,16.0,Công nghệ thực phẩm
26725,DHL,cong-nghe-thuc-pham,D08,Điểm thi THPT,2023,16.0,Công nghệ thực phẩm
26726,DHL,cong-nghe-thuc-pham,A00,Điểm học bạ,2024,20.0,Công nghệ thực phẩm
26727,DHL,cong-nghe-thuc-pham,B00,Điểm học bạ,2024,20.0,Công nghệ thực phẩm
26728,DHL,cong-nghe-thuc-pham,B04,Điểm học bạ,2024,20.0,Công nghệ thực phẩm
26729,DHL,cong-nghe-thuc-pham,D08,Điểm học bạ,2024,20.0,Công nghệ thực phẩm
26730,DHL,cong-nghe-thuc-pham,A00,Điểm thi THPT,2024,16.0,Công nghệ thực phẩm
26731,DHL,cong-nghe-thuc-pham,B00,Điểm thi THPT,2024,16.0,Công nghệ thực phẩm
26732,DHL,cong-nghe-thuc-pham,B03,Điểm thi THPT,2024,16.0,Công nghệ thực phẩm
26733,DHL,cong-nghe-thuc-pham,D08,Điểm thi THPT,2024,16.0,Công nghệ thực phẩm
26734,DHL,cong-nghe-thuc-pham,A00,Điểm học bạ,2025,19.13,Công nghệ thực phẩm
26735,DHL,cong-nghe-thuc-pham,A08,Điểm học bạ,2025,19.13,Công nghệ thực phẩm
26736,DHL,cong-nghe-thuc-pham,B03,Điểm học bạ,2025,19.13,Công nghệ thực phẩm
26737,DHL,cong-nghe-thuc-pham,C01,Điểm học bạ,2025,19.13,Công nghệ thực phẩm
26738,DHL,cong-nghe-thuc-pham,C02,Điểm học bạ,2025,19.13,Công nghệ thực phẩm
26739,DHL,cong-nghe-thuc-pham,C04,Điểm học bạ,2025,19.13,Công nghệ thực phẩm
26740,DHL,cong-nghe-thuc-pham,D01,Điểm học bạ,2025,19.13,Công nghệ thực phẩm
26741,DHL,cong-nghe-thuc-pham,X17,Điểm học bạ,2025,19.13,Công nghệ thực phẩm
26742,DHL,cong-nghe-thuc-pham,A00,Điểm thi THPT,2025,17.0,Công nghệ thực phẩm
26743,DHL,cong-nghe-thuc-pham,A08,Điểm thi THPT,2025,17.0,Công nghệ thực phẩm
26744,DHL,cong-nghe-thuc-pham,B03,Điểm thi THPT,2025,17.0,Công nghệ thực phẩm
26745,DHL,cong-nghe-thuc-pham,C01,Điểm thi THPT,2025,17.0,Công nghệ thực phẩm
26746,DHL,cong-nghe-thuc-pham,C02,Điểm thi THPT,2025,17.0,Công nghệ thực phẩm
26747,DHL,cong-nghe-thuc-pham,C04,Điểm thi THPT,2025,17.0,Công nghệ thực phẩm
26748,DHL,cong-nghe-thuc-pham,D01,Điểm thi THPT,2025,17.0,Công nghệ thực phẩm
26749,DHL,cong-nghe-thuc-pham,X17,Điểm thi THPT,2025,17.0,Công nghệ thực phẩm
26750,DHL,dam-bao-chat-luong-va-an-toan-thuc-pham,A00,Điểm học bạ,2021,18.0,Đảm bảo chất lượng và an toàn thực phẩm
26751,DHL,dam-bao-chat-luong-va-an-toan-thuc-pham,A02,Điểm học bạ,2021,18.0,Đảm bảo chất lượng và an toàn thực phẩm
26752,DHL,dam-bao-chat-luong-va-an-toan-thuc-pham,B00,Điểm học bạ,2021,18.0,Đảm bảo chất lượng và an toàn thực phẩm
26753,DHL,dam-bao-chat-luong-va-an-toan-thuc-pham,C02,Điểm học bạ,2021,18.0,Đảm bảo chất lượng và an toàn thực phẩm
26754,DHL,dam-bao-chat-luong-va-an-toan-thuc-pham,A00,Điểm thi THPT,2021,15.0,Đảm bảo chất lượng và an toàn thực phẩm
26755,DHL,dam-bao-chat-luong-va-an-toan-thuc-pham,A02,Điểm thi THPT,2021,15.0,Đảm bảo chất lượng và an toàn thực phẩm
26756,DHL,dam-bao-chat-luong-va-an-toan-thuc-pham,B00,Điểm thi THPT,2021,15.0,Đảm bảo chất lượng và an toàn thực phẩm
26757,DHL,dam-bao-chat-luong-va-an-toan-thuc-pham,C02,Điểm thi THPT,2021,15.0,Đảm bảo chất lượng và an toàn thực phẩm
26758,DHL,dam-bao-chat-luong-va-an-toan-thuc-pham,A00,Điểm thi THPT,2022,15.0,Đảm bảo chất lượng và an toàn thực phẩm
26759,DHL,dam-bao-chat-luong-va-an-toan-thuc-pham,B00,Điểm thi THPT,2022,15.0,Đảm bảo chất lượng và an toàn thực phẩm
26760,DHL,dam-bao-chat-luong-va-an-toan-thuc-pham,B04,Điểm thi THPT,2022,15.0,Đảm bảo chất lượng và an toàn thực phẩm
26761,DHL,dam-bao-chat-luong-va-an-toan-thuc-pham,D08,Điểm thi THPT,2022,15.0,Đảm bảo chất lượng và an toàn thực phẩm
26762,DHL,dam-bao-chat-luong-va-an-toan-thuc-pham,A00,Điểm học bạ,2023,18.0,Đảm bảo chất lượng và an toàn thực phẩm
26763,DHL,dam-bao-chat-luong-va-an-toan-thuc-pham,B00,Điểm học bạ,2023,18.0,Đảm bảo chất lượng và an toàn thực phẩm
26764,DHL,dam-bao-chat-luong-va-an-toan-thuc-pham,B04,Điểm học bạ,2023,18.0,Đảm bảo chất lượng và an toàn thực phẩm
26765,DHL,dam-bao-chat-luong-va-an-toan-thuc-pham,D08,Điểm học bạ,2023,18.0,Đảm bảo chất lượng và an toàn thực phẩm
26766,DHL,dam-bao-chat-luong-va-an-toan-thuc-pham,A00,Điểm thi THPT,2023,15.0,Đảm bảo chất lượng và an toàn thực phẩm
26767,DHL,dam-bao-chat-luong-va-an-toan-thuc-pham,B00,Điểm thi THPT,2023,15.0,Đảm bảo chất lượng và an toàn thực phẩm
26768,DHL,dam-bao-chat-luong-va-an-toan-thuc-pham,B04,Điểm thi THPT,2023,15.0,Đảm bảo chất lượng và an toàn thực phẩm
26769,DHL,dam-bao-chat-luong-va-an-toan-thuc-pham,D08,Điểm thi THPT,2023,15.0,Đảm bảo chất lượng và an toàn thực phẩm
26770,DHL,dam-bao-chat-luong-va-an-toan-thuc-pham,A00,Điểm học bạ,2024,18.0,Đảm bảo chất lượng và an toàn thực phẩm
26771,DHL,dam-bao-chat-luong-va-an-toan-thuc-pham,B00,Điểm học bạ,2024,18.0,Đảm bảo chất lượng và an toàn thực phẩm
26772,DHL,dam-bao-chat-luong-va-an-toan-thuc-pham,B04,Điểm học bạ,2024,18.0,Đảm bảo chất lượng và an toàn thực phẩm
26773,DHL,dam-bao-chat-luong-va-an-toan-thuc-pham,D08,Điểm học bạ,2024,18.0,Đảm bảo chất lượng và an toàn thực phẩm
26774,DHL,dam-bao-chat-luong-va-an-toan-thuc-pham,A00,Điểm thi THPT,2024,15.0,Đảm bảo chất lượng và an toàn thực phẩm
26775,DHL,dam-bao-chat-luong-va-an-toan-thuc-pham,B00,Điểm thi THPT,2024,15.0,Đảm bảo chất lượng và an toàn thực phẩm
26776,DHL,dam-bao-chat-luong-va-an-toan-thuc-pham,B03,Điểm thi THPT,2024,15.0,Đảm bảo chất lượng và an toàn thực phẩm
26777,DHL,dam-bao-chat-luong-va-an-toan-thuc-pham,D08,Điểm thi THPT,2024,15.0,Đảm bảo chất lượng và an toàn thực phẩm
26778,DHL,dam-bao-chat-luong-va-an-toan-thuc-pham,A00,Điểm học bạ,2025,18.0,Đảm bảo chất lượng và an toàn thực phẩm
26779,DHL,dam-bao-chat-luong-va-an-toan-thuc-pham,A08,Điểm học bạ,2025,18.0,Đảm bảo chất lượng và an toàn thực phẩm
26780,DHL,dam-bao-chat-luong-va-an-toan-thuc-pham,B03,Điểm học bạ,2025,18.0,Đảm bảo chất lượng và an toàn thực phẩm
26781,DHL,dam-bao-chat-luong-va-an-toan-thuc-pham,C01,Điểm học bạ,2025,18.0,Đảm bảo chất lượng và an toàn thực phẩm
26782,DHL,dam-bao-chat-luong-va-an-toan-thuc-pham,C02,Điểm học bạ,2025,18.0,Đảm bảo chất lượng và an toàn thực phẩm
26783,DHL,dam-bao-chat-luong-va-an-toan-thuc-pham,C04,Điểm học bạ,2025,18.0,Đảm bảo chất lượng và an toàn thực phẩm
26784,DHL,dam-bao-chat-luong-va-an-toan-thuc-pham,D01,Điểm học bạ,2025,18.0,Đảm bảo chất lượng và an toàn thực phẩm
26785,DHL,dam-bao-chat-luong-va-an-toan-thuc-pham,X17,Điểm học bạ,2025,18.0,Đảm bảo chất lượng và an toàn thực phẩm
26786,DHL,dam-bao-chat-luong-va-an-toan-thuc-pham,A00,Điểm thi THPT,2025,15.0,Đảm bảo chất lượng và an toàn thực phẩm
26787,DHL,dam-bao-chat-luong-va-an-toan-thuc-pham,A08,Điểm thi THPT,2025,15.0,Đảm bảo chất lượng và an toàn thực phẩm
26788,DHL,dam-bao-chat-luong-va-an-toan-thuc-pham,B03,Điểm thi THPT,2025,15.0,Đảm bảo chất lượng và an toàn thực phẩm
26789,DHL,dam-bao-chat-luong-va-an-toan-thuc-pham,C01,Điểm thi THPT,2025,15.0,Đảm bảo chất lượng và an toàn thực phẩm
26790,DHL,dam-bao-chat-luong-va-an-toan-thuc-pham,C02,Điểm thi THPT,2025,15.0,Đảm bảo chất lượng và an toàn thực phẩm
26791,DHL,dam-bao-chat-luong-va-an-toan-thuc-pham,C04,Điểm thi THPT,2025,15.0,Đảm bảo chất lượng và an toàn thực phẩm
26792,DHL,dam-bao-chat-luong-va-an-toan-thuc-pham,D01,Điểm thi THPT,2025,15.0,Đảm bảo chất lượng và an toàn thực phẩm
26793,DHL,dam-bao-chat-luong-va-an-toan-thuc-pham,X17,Điểm thi THPT,2025,15.0,Đảm bảo chất lượng và an toàn thực phẩm
26794,DHL,khoa-hoc-cay-trong,A00,Điểm học bạ,2021,18.0,Khoa học cây trồng
26795,DHL,khoa-hoc-cay-trong,A02,Điểm học bạ,2021,18.0,Khoa học cây trồng
26796,DHL,khoa-hoc-cay-trong,B00,Điểm học bạ,2021,18.0,Khoa học cây trồng
26797,DHL,khoa-hoc-cay-trong,D08,Điểm học bạ,2021,18.0,Khoa học cây trồng
26798,DHL,khoa-hoc-cay-trong,A00,Điểm thi THPT,2021,15.0,Khoa học cây trồng
26799,DHL,khoa-hoc-cay-trong,A02,Điểm thi THPT,2021,15.0,Khoa học cây trồng
26800,DHL,khoa-hoc-cay-trong,B00,Điểm thi THPT,2021,15.0,Khoa học cây trồng
26801,DHL,khoa-hoc-cay-trong,D08,Điểm thi THPT,2021,15.0,Khoa học cây trồng
26802,DHL,khoa-hoc-cay-trong,A00,Điểm thi THPT,2022,15.0,Khoa học cây trồng
26803,DHL,khoa-hoc-cay-trong,A02,Điểm thi THPT,2022,15.0,Khoa học cây trồng
26804,DHL,khoa-hoc-cay-trong,B00,Điểm thi THPT,2022,15.0,Khoa học cây trồng
26805,DHL,khoa-hoc-cay-trong,D08,Điểm thi THPT,2022,15.0,Khoa học cây trồng
26806,DHL,khoa-hoc-cay-trong,A00,Điểm học bạ,2023,18.0,Khoa học cây trồng
26807,DHL,khoa-hoc-cay-trong,B00,Điểm học bạ,2023,18.0,Khoa học cây trồng
26808,DHL,khoa-hoc-cay-trong,B04,Điểm học bạ,2023,18.0,Khoa học cây trồng
26809,DHL,khoa-hoc-cay-trong,D08,Điểm học bạ,2023,18.0,Khoa học cây trồng
26810,DHL,khoa-hoc-cay-trong,A00,Điểm thi THPT,2023,15.0,Khoa học cây trồng
26811,DHL,khoa-hoc-cay-trong,B00,Điểm thi THPT,2023,15.0,Khoa học cây trồng
26812,DHL,khoa-hoc-cay-trong,B04,Điểm thi THPT,2023,15.0,Khoa học cây trồng
26813,DHL,khoa-hoc-cay-trong,D08,Điểm thi THPT,2023,15.0,Khoa học cây trồng
26814,DHL,khoa-hoc-cay-trong,A00,Điểm học bạ,2024,18.0,Khoa học cây trồng
26815,DHL,khoa-hoc-cay-trong,B00,Điểm học bạ,2024,18.0,Khoa học cây trồng
26816,DHL,khoa-hoc-cay-trong,B04,Điểm học bạ,2024,18.0,Khoa học cây trồng
26817,DHL,khoa-hoc-cay-trong,D08,Điểm học bạ,2024,18.0,Khoa học cây trồng
26818,DHL,khoa-hoc-cay-trong,A00,Điểm thi THPT,2024,15.0,Khoa học cây trồng
26819,DHL,khoa-hoc-cay-trong,B00,Điểm thi THPT,2024,15.0,Khoa học cây trồng
26820,DHL,khoa-hoc-cay-trong,B03,Điểm thi THPT,2024,15.0,Khoa học cây trồng
26821,DHL,khoa-hoc-cay-trong,D08,Điểm thi THPT,2024,15.0,Khoa học cây trồng
26822,DHL,khoa-hoc-cay-trong,A08,Điểm học bạ,2025,18.0,Khoa học cây trồng
26823,DHL,khoa-hoc-cay-trong,B00,Điểm học bạ,2025,18.0,Khoa học cây trồng
26824,DHL,khoa-hoc-cay-trong,B03,Điểm học bạ,2025,18.0,Khoa học cây trồng
26825,DHL,khoa-hoc-cay-trong,C03,Điểm học bạ,2025,18.0,Khoa học cây trồng
26826,DHL,khoa-hoc-cay-trong,C04,Điểm học bạ,2025,18.0,Khoa học cây trồng
26827,DHL,khoa-hoc-cay-trong,D01,Điểm học bạ,2025,18.0,Khoa học cây trồng
26828,DHL,khoa-hoc-cay-trong,X04,Điểm học bạ,2025,18.0,Khoa học cây trồng
26829,DHL,khoa-hoc-cay-trong,X17,Điểm học bạ,2025,18.0,Khoa học cây trồng
26830,DHL,khoa-hoc-cay-trong,A08,Điểm thi THPT,2025,15.0,Khoa học cây trồng
26831,DHL,khoa-hoc-cay-trong,B00,Điểm thi THPT,2025,15.0,Khoa học cây trồng
26832,DHL,khoa-hoc-cay-trong,B03,Điểm thi THPT,2025,15.0,Khoa học cây trồng
26833,DHL,khoa-hoc-cay-trong,C03,Điểm thi THPT,2025,15.0,Khoa học cây trồng
26834,DHL,khoa-hoc-cay-trong,C04,Điểm thi THPT,2025,15.0,Khoa học cây trồng
26835,DHL,khoa-hoc-cay-trong,D01,Điểm thi THPT,2025,15.0,Khoa học cây trồng
26836,DHL,khoa-hoc-cay-trong,X04,Điểm thi THPT,2025,15.0,Khoa học cây trồng
26837,DHL,khoa-hoc-cay-trong,X17,Điểm thi THPT,2025,15.0,Khoa học cây trồng
26838,DHL,khuyen-nong,A07,Điểm thi THPT,2023,15.0,Khuyến nông
26839,DHL,khuyen-nong,B04,Điểm thi THPT,2023,15.0,Khuyến nông
26840,DHL,khuyen-nong,C00,Điểm thi THPT,2023,15.0,Khuyến nông
26841,DHL,khuyen-nong,C04,Điểm thi THPT,2023,15.0,Khuyến nông
26842,DHL,khuyen-nong,A07,Điểm học bạ,2024,18.0,Khuyến nông
26843,DHL,khuyen-nong,B03,Điểm học bạ,2024,18.0,Khuyến nông
26844,DHL,khuyen-nong,C00,Điểm học bạ,2024,18.0,Khuyến nông
26845,DHL,khuyen-nong,C04,Điểm học bạ,2024,18.0,Khuyến nông
26846,DHL,khuyen-nong,A07,Điểm thi THPT,2024,15.0,Khuyến nông
26847,DHL,khuyen-nong,B03,Điểm thi THPT,2024,15.0,Khuyến nông
26848,DHL,khuyen-nong,C00,Điểm thi THPT,2024,15.0,Khuyến nông
26849,DHL,khuyen-nong,C04,Điểm thi THPT,2024,15.0,Khuyến nông
26850,DHL,khuyen-nong,A07,Điểm học bạ,2025,18.0,Khuyến nông
26851,DHL,khuyen-nong,C00,Điểm học bạ,2025,18.0,Khuyến nông
26852,DHL,khuyen-nong,C03,Điểm học bạ,2025,18.0,Khuyến nông
26853,DHL,khuyen-nong,C04,Điểm học bạ,2025,18.0,Khuyến nông
26854,DHL,khuyen-nong,C14,Điểm học bạ,2025,18.0,Khuyến nông
26855,DHL,khuyen-nong,C20,Điểm học bạ,2025,18.0,Khuyến nông
26856,DHL,khuyen-nong,D01,Điểm học bạ,2025,18.0,Khuyến nông
26857,DHL,khuyen-nong,D14,Điểm học bạ,2025,18.0,Khuyến nông
26858,DHL,khuyen-nong,X01,Điểm học bạ,2025,18.0,Khuyến nông
26859,DHL,khuyen-nong,X74,Điểm học bạ,2025,18.0,Khuyến nông
26860,DHL,khuyen-nong,A07,Điểm thi THPT,2025,15.0,Khuyến nông
26861,DHL,khuyen-nong,C00,Điểm thi THPT,2025,15.0,Khuyến nông
26862,DHL,khuyen-nong,C03,Điểm thi THPT,2025,15.0,Khuyến nông
26863,DHL,khuyen-nong,C04,Điểm thi THPT,2025,15.0,Khuyến nông
26864,DHL,khuyen-nong,C14,Điểm thi THPT,2025,15.0,Khuyến nông
26865,DHL,khuyen-nong,C20,Điểm thi THPT,2025,15.0,Khuyến nông
26866,DHL,khuyen-nong,D01,Điểm thi THPT,2025,15.0,Khuyến nông
26867,DHL,khuyen-nong,D14,Điểm thi THPT,2025,15.0,Khuyến nông
26868,DHL,khuyen-nong,X01,Điểm thi THPT,2025,15.0,Khuyến nông
26869,DHL,khuyen-nong,X74,Điểm thi THPT,2025,15.0,Khuyến nông
26870,DHL,khuyen-nong-phat-trien-nong-thon,A07,Điểm học bạ,2023,18.0,Khuyến nông (Song ngành Khuyến nông - Phát triển nông thôn)
26871,DHL,khuyen-nong-phat-trien-nong-thon,B03,Điểm học bạ,2023,18.0,Khuyến nông (Song ngành Khuyến nông - Phát triển nông thôn)
26872,DHL,khuyen-nong-phat-trien-nong-thon,C00,Điểm học bạ,2023,18.0,Khuyến nông (Song ngành Khuyến nông - Phát triển nông thôn)
26873,DHL,khuyen-nong-phat-trien-nong-thon,C04,Điểm học bạ,2023,18.0,Khuyến nông (Song ngành Khuyến nông - Phát triển nông thôn)
26874,DHL,khuyen-nong-va-phat-trien-nong-thon,A00,Điểm học bạ,2021,18.0,Khuyến nông (Song ngành Khuyến nông và Phát triển nông thôn)
26875,DHL,khuyen-nong-va-phat-trien-nong-thon,B00,Điểm học bạ,2021,18.0,Khuyến nông (Song ngành Khuyến nông và Phát triển nông thôn)
26876,DHL,khuyen-nong-va-phat-trien-nong-thon,C00,Điểm học bạ,2021,18.0,Khuyến nông (Song ngành Khuyến nông và Phát triển nông thôn)
26877,DHL,khuyen-nong-va-phat-trien-nong-thon,C04,Điểm học bạ,2021,18.0,Khuyến nông (Song ngành Khuyến nông và Phát triển nông thôn)
26878,DHL,khuyen-nong-va-phat-trien-nong-thon,A00,Điểm thi THPT,2021,15.0,Khuyến nông (Song ngành Khuyến nông và Phát triển nông thôn)
26879,DHL,khuyen-nong-va-phat-trien-nong-thon,B00,Điểm thi THPT,2021,15.0,Khuyến nông (Song ngành Khuyến nông và Phát triển nông thôn)
26880,DHL,khuyen-nong-va-phat-trien-nong-thon,C00,Điểm thi THPT,2021,15.0,Khuyến nông (Song ngành Khuyến nông và Phát triển nông thôn)
26881,DHL,khuyen-nong-va-phat-trien-nong-thon,C04,Điểm thi THPT,2021,15.0,Khuyến nông (Song ngành Khuyến nông và Phát triển nông thôn)
26882,DHL,khuyen-nong-va-phat-trien-nong-thon,A07,Điểm thi THPT,2022,15.0,Khuyến nông (Song ngành Khuyến nông và Phát triển nông thôn)
26883,DHL,khuyen-nong-va-phat-trien-nong-thon,B03,Điểm thi THPT,2022,15.0,Khuyến nông (Song ngành Khuyến nông và Phát triển nông thôn)
26884,DHL,khuyen-nong-va-phat-trien-nong-thon,C00,Điểm thi THPT,2022,15.0,Khuyến nông (Song ngành Khuyến nông và Phát triển nông thôn)
26885,DHL,khuyen-nong-va-phat-trien-nong-thon,C04,Điểm thi THPT,2022,15.0,Khuyến nông (Song ngành Khuyến nông và Phát triển nông thôn)
26886,DHL,kinh-doanh-va-khoi-nghiep-nong-thon,A00,Điểm học bạ,2021,18.0,Kinh doanh và khởi nghiệp nông thôn
26887,DHL,kinh-doanh-va-khoi-nghiep-nong-thon,C00,Điểm học bạ,2021,18.0,Kinh doanh và khởi nghiệp nông thôn
26888,DHL,kinh-doanh-va-khoi-nghiep-nong-thon,C04,Điểm học bạ,2021,18.0,Kinh doanh và khởi nghiệp nông thôn
26889,DHL,kinh-doanh-va-khoi-nghiep-nong-thon,D01,Điểm học bạ,2021,18.0,Kinh doanh và khởi nghiệp nông thôn
26890,DHL,kinh-doanh-va-khoi-nghiep-nong-thon,A00,Điểm thi THPT,2021,15.0,Kinh doanh và khởi nghiệp nông thôn
26891,DHL,kinh-doanh-va-khoi-nghiep-nong-thon,C00,Điểm thi THPT,2021,15.0,Kinh doanh và khởi nghiệp nông thôn
26892,DHL,kinh-doanh-va-khoi-nghiep-nong-thon,C04,Điểm thi THPT,2021,15.0,Kinh doanh và khởi nghiệp nông thôn
26893,DHL,kinh-doanh-va-khoi-nghiep-nong-thon,D01,Điểm thi THPT,2021,15.0,Kinh doanh và khởi nghiệp nông thôn
26894,DHL,kinh-doanh-va-khoi-nghiep-nong-thon,A07,Điểm thi THPT,2022,15.0,Kinh doanh và khởi nghiệp nông thôn
26895,DHL,kinh-doanh-va-khoi-nghiep-nong-thon,C00,Điểm thi THPT,2022,15.0,Kinh doanh và khởi nghiệp nông thôn
26896,DHL,kinh-doanh-va-khoi-nghiep-nong-thon,C04,Điểm thi THPT,2022,15.0,Kinh doanh và khởi nghiệp nông thôn
26897,DHL,kinh-doanh-va-khoi-nghiep-nong-thon,D10,Điểm thi THPT,2022,15.0,Kinh doanh và khởi nghiệp nông thôn
26898,DHL,kinh-doanh-va-khoi-nghiep-nong-thon,A07,Điểm học bạ,2023,18.0,Kinh doanh và khởi nghiệp nông thôn
26899,DHL,kinh-doanh-va-khoi-nghiep-nong-thon,C00,Điểm học bạ,2023,18.0,Kinh doanh và khởi nghiệp nông thôn
26900,DHL,kinh-doanh-va-khoi-nghiep-nong-thon,C04,Điểm học bạ,2023,18.0,Kinh doanh và khởi nghiệp nông thôn
26901,DHL,kinh-doanh-va-khoi-nghiep-nong-thon,D10,Điểm học bạ,2023,18.0,Kinh doanh và khởi nghiệp nông thôn
26902,DHL,kinh-doanh-va-khoi-nghiep-nong-thon,A07,Điểm thi THPT,2023,15.0,Kinh doanh và khởi nghiệp nông thôn
26903,DHL,kinh-doanh-va-khoi-nghiep-nong-thon,C00,Điểm thi THPT,2023,15.0,Kinh doanh và khởi nghiệp nông thôn
26904,DHL,kinh-doanh-va-khoi-nghiep-nong-thon,C04,Điểm thi THPT,2023,15.0,Kinh doanh và khởi nghiệp nông thôn
26905,DHL,kinh-doanh-va-khoi-nghiep-nong-thon,D10,Điểm thi THPT,2023,15.0,Kinh doanh và khởi nghiệp nông thôn
26906,DHL,kinh-doanh-va-khoi-nghiep-nong-thon,A07,Điểm học bạ,2024,18.0,Kinh doanh và khởi nghiệp nông thôn
26907,DHL,kinh-doanh-va-khoi-nghiep-nong-thon,C00,Điểm học bạ,2024,18.0,Kinh doanh và khởi nghiệp nông thôn
26908,DHL,kinh-doanh-va-khoi-nghiep-nong-thon,C04,Điểm học bạ,2024,18.0,Kinh doanh và khởi nghiệp nông thôn
26909,DHL,kinh-doanh-va-khoi-nghiep-nong-thon,D10,Điểm học bạ,2024,18.0,Kinh doanh và khởi nghiệp nông thôn
26910,DHL,kinh-doanh-va-khoi-nghiep-nong-thon,A07,Điểm thi THPT,2024,15.0,Kinh doanh và khởi nghiệp nông thôn
26911,DHL,kinh-doanh-va-khoi-nghiep-nong-thon,C00,Điểm thi THPT,2024,15.0,Kinh doanh và khởi nghiệp nông thôn
26912,DHL,kinh-doanh-va-khoi-nghiep-nong-thon,C04,Điểm thi THPT,2024,15.0,Kinh doanh và khởi nghiệp nông thôn
26913,DHL,kinh-doanh-va-khoi-nghiep-nong-thon,D10,Điểm thi THPT,2024,15.0,Kinh doanh và khởi nghiệp nông thôn
26914,DHL,kinh-doanh-va-khoi-nghiep-nong-thon,A07,Điểm học bạ,2025,18.0,Kinh doanh và khởi nghiệp nông thôn
26915,DHL,kinh-doanh-va-khoi-nghiep-nong-thon,C00,Điểm học bạ,2025,18.0,Kinh doanh và khởi nghiệp nông thôn
26916,DHL,kinh-doanh-va-khoi-nghiep-nong-thon,C03,Điểm học bạ,2025,18.0,Kinh doanh và khởi nghiệp nông thôn
26917,DHL,kinh-doanh-va-khoi-nghiep-nong-thon,C04,Điểm học bạ,2025,18.0,Kinh doanh và khởi nghiệp nông thôn
26918,DHL,kinh-doanh-va-khoi-nghiep-nong-thon,C14,Điểm học bạ,2025,18.0,Kinh doanh và khởi nghiệp nông thôn
26919,DHL,kinh-doanh-va-khoi-nghiep-nong-thon,C19,Điểm học bạ,2025,18.0,Kinh doanh và khởi nghiệp nông thôn
26920,DHL,kinh-doanh-va-khoi-nghiep-nong-thon,D01,Điểm học bạ,2025,18.0,Kinh doanh và khởi nghiệp nông thôn
26921,DHL,kinh-doanh-va-khoi-nghiep-nong-thon,X01,Điểm học bạ,2025,18.0,Kinh doanh và khởi nghiệp nông thôn
26922,DHL,kinh-doanh-va-khoi-nghiep-nong-thon,X70,Điểm học bạ,2025,18.0,Kinh doanh và khởi nghiệp nông thôn
26923,DHL,kinh-doanh-va-khoi-nghiep-nong-thon,A07,Điểm thi THPT,2025,15.0,Kinh doanh và khởi nghiệp nông thôn
26924,DHL,kinh-doanh-va-khoi-nghiep-nong-thon,C00,Điểm thi THPT,2025,15.0,Kinh doanh và khởi nghiệp nông thôn
26925,DHL,kinh-doanh-va-khoi-nghiep-nong-thon,C03,Điểm thi THPT,2025,15.0,Kinh doanh và khởi nghiệp nông thôn
26926,DHL,kinh-doanh-va-khoi-nghiep-nong-thon,C04,Điểm thi THPT,2025,15.0,Kinh doanh và khởi nghiệp nông thôn
26927,DHL,kinh-doanh-va-khoi-nghiep-nong-thon,C14,Điểm thi THPT,2025,15.0,Kinh doanh và khởi nghiệp nông thôn
26928,DHL,kinh-doanh-va-khoi-nghiep-nong-thon,C19,Điểm thi THPT,2025,15.0,Kinh doanh và khởi nghiệp nông thôn
26929,DHL,kinh-doanh-va-khoi-nghiep-nong-thon,D01,Điểm thi THPT,2025,15.0,Kinh doanh và khởi nghiệp nông thôn
26930,DHL,kinh-doanh-va-khoi-nghiep-nong-thon,X01,Điểm thi THPT,2025,15.0,Kinh doanh và khởi nghiệp nông thôn
26931,DHL,kinh-doanh-va-khoi-nghiep-nong-thon,X70,Điểm thi THPT,2025,15.0,Kinh doanh và khởi nghiệp nông thôn
26932,DHL,ky-thuat-co-dien-tu,A00,Điểm học bạ,2021,18.0,Kỹ thuật cơ – điện tử
26933,DHL,ky-thuat-co-dien-tu,A02,Điểm học bạ,2021,18.0,Kỹ thuật cơ – điện tử
26934,DHL,ky-thuat-co-dien-tu,A10,Điểm học bạ,2021,18.0,Kỹ thuật cơ – điện tử
26935,DHL,ky-thuat-co-dien-tu,B00,Điểm học bạ,2021,18.0,Kỹ thuật cơ – điện tử
26936,DHL,ky-thuat-co-dien-tu,A00,Điểm thi THPT,2021,16.0,Kỹ thuật cơ – điện tử
26937,DHL,ky-thuat-co-dien-tu,A02,Điểm thi THPT,2021,16.0,Kỹ thuật cơ – điện tử
26938,DHL,ky-thuat-co-dien-tu,A10,Điểm thi THPT,2021,16.0,Kỹ thuật cơ – điện tử
26939,DHL,ky-thuat-co-dien-tu,B00,Điểm thi THPT,2021,16.0,Kỹ thuật cơ – điện tử
26940,DHL,ky-thuat-co-dien-tu,A00,Điểm thi THPT,2022,15.0,Kỹ thuật cơ – điện tử
26941,DHL,ky-thuat-co-dien-tu,A01,Điểm thi THPT,2022,15.0,Kỹ thuật cơ – điện tử
26942,DHL,ky-thuat-co-dien-tu,A02,Điểm thi THPT,2022,15.0,Kỹ thuật cơ – điện tử
26943,DHL,ky-thuat-co-dien-tu,B00,Điểm thi THPT,2022,15.0,Kỹ thuật cơ – điện tử
26944,DHL,ky-thuat-co-dien-tu,A00,Điểm học bạ,2023,18.0,Kỹ thuật cơ – điện tử
26945,DHL,ky-thuat-co-dien-tu,A02,Điểm học bạ,2023,18.0,Kỹ thuật cơ – điện tử
26946,DHL,ky-thuat-co-dien-tu,A10,Điểm học bạ,2023,18.0,Kỹ thuật cơ – điện tử
26947,DHL,ky-thuat-co-dien-tu,B00,Điểm học bạ,2023,18.0,Kỹ thuật cơ – điện tử
26948,DHL,ky-thuat-co-dien-tu,A00,Điểm thi THPT,2023,15.0,Kỹ thuật Cơ - diện tử
26949,DHL,ky-thuat-co-dien-tu,A01,Điểm thi THPT,2023,15.0,Kỹ thuật Cơ - diện tử
26950,DHL,ky-thuat-co-dien-tu,A02,Điểm thi THPT,2023,15.0,Kỹ thuật Cơ - diện tử
26951,DHL,ky-thuat-co-dien-tu,B00,Điểm thi THPT,2023,15.0,Kỹ thuật Cơ - diện tử
26952,DHL,ky-thuat-co-dien-tu,A00,Điểm học bạ,2024,18.0,Kỹ thuật cơ – điện tử
26953,DHL,ky-thuat-co-dien-tu,A02,Điểm học bạ,2024,18.0,Kỹ thuật cơ – điện tử
26954,DHL,ky-thuat-co-dien-tu,A10,Điểm học bạ,2024,18.0,Kỹ thuật cơ – điện tử
26955,DHL,ky-thuat-co-dien-tu,B00,Điểm học bạ,2024,18.0,Kỹ thuật cơ – điện tử
26956,DHL,ky-thuat-co-dien-tu,A00,Điểm thi THPT,2024,15.0,Kỹ thuật cơ – điện tử
26957,DHL,ky-thuat-co-dien-tu,A01,Điểm thi THPT,2024,15.0,Kỹ thuật cơ – điện tử
26958,DHL,ky-thuat-co-dien-tu,A02,Điểm thi THPT,2024,15.0,Kỹ thuật cơ – điện tử
26959,DHL,ky-thuat-co-dien-tu,B00,Điểm thi THPT,2024,15.0,Kỹ thuật cơ – điện tử
26960,DHL,ky-thuat-co-dien-tu,A00,Điểm học bạ,2025,18.3,Kỹ thuật cơ điện tử
26961,DHL,ky-thuat-co-dien-tu,A01,Điểm học bạ,2025,18.3,Kỹ thuật cơ điện tử
26962,DHL,ky-thuat-co-dien-tu,A08,Điểm học bạ,2025,18.3,Kỹ thuật cơ điện tử
26963,DHL,ky-thuat-co-dien-tu,C01,Điểm học bạ,2025,18.3,Kỹ thuật cơ điện tử
26964,DHL,ky-thuat-co-dien-tu,C04,Điểm học bạ,2025,18.3,Kỹ thuật cơ điện tử
26965,DHL,ky-thuat-co-dien-tu,C14,Điểm học bạ,2025,18.3,Kỹ thuật cơ điện tử
26966,DHL,ky-thuat-co-dien-tu,D01,Điểm học bạ,2025,18.3,Kỹ thuật cơ điện tử
26967,DHL,ky-thuat-co-dien-tu,X01,Điểm học bạ,2025,18.3,Kỹ thuật cơ điện tử
26968,DHL,ky-thuat-co-dien-tu,X17,Điểm học bạ,2025,18.3,Kỹ thuật cơ điện tử
26969,DHL,ky-thuat-co-dien-tu,A00,Điểm thi THPT,2025,16.0,Kỹ thuật cơ điện tử
26970,DHL,ky-thuat-co-dien-tu,A01,Điểm thi THPT,2025,16.0,Kỹ thuật cơ điện tử
26971,DHL,ky-thuat-co-dien-tu,A08,Điểm thi THPT,2025,16.0,Kỹ thuật cơ điện tử
26972,DHL,ky-thuat-co-dien-tu,C01,Điểm thi THPT,2025,16.0,Kỹ thuật cơ điện tử
26973,DHL,ky-thuat-co-dien-tu,C04,Điểm thi THPT,2025,16.0,Kỹ thuật cơ điện tử
26974,DHL,ky-thuat-co-dien-tu,C14,Điểm thi THPT,2025,16.0,Kỹ thuật cơ điện tử
26975,DHL,ky-thuat-co-dien-tu,D01,Điểm thi THPT,2025,16.0,Kỹ thuật cơ điện tử
26976,DHL,ky-thuat-co-dien-tu,X01,Điểm thi THPT,2025,16.0,Kỹ thuật cơ điện tử
26977,DHL,ky-thuat-co-dien-tu,X17,Điểm thi THPT,2025,16.0,Kỹ thuật cơ điện tử
26978,DHL,ky-thuat-co-so-ha-tang,A00,Điểm học bạ,2021,18.0,Kỹ thuật cơ sở hạ tầng
26979,DHL,ky-thuat-co-so-ha-tang,A02,Điểm học bạ,2021,18.0,Kỹ thuật cơ sở hạ tầng
26980,DHL,ky-thuat-co-so-ha-tang,A10,Điểm học bạ,2021,18.0,Kỹ thuật cơ sở hạ tầng
26981,DHL,ky-thuat-co-so-ha-tang,B00,Điểm học bạ,2021,18.0,Kỹ thuật cơ sở hạ tầng
26982,DHL,ky-thuat-co-so-ha-tang,A00,Điểm thi THPT,2021,16.0,Kỹ thuật cơ sở hạ tầng
26983,DHL,ky-thuat-co-so-ha-tang,A02,Điểm thi THPT,2021,16.0,Kỹ thuật cơ sở hạ tầng
26984,DHL,ky-thuat-co-so-ha-tang,A10,Điểm thi THPT,2021,16.0,Kỹ thuật cơ sở hạ tầng
26985,DHL,ky-thuat-co-so-ha-tang,B00,Điểm thi THPT,2021,16.0,Kỹ thuật cơ sở hạ tầng
26986,DHL,ky-thuat-co-so-ha-tang,A00,Điểm thi THPT,2022,15.0,Kỹ thuật cơ sở hạ tầng
26987,DHL,ky-thuat-co-so-ha-tang,A01,Điểm thi THPT,2022,15.0,Kỹ thuật cơ sở hạ tầng
26988,DHL,ky-thuat-co-so-ha-tang,A02,Điểm thi THPT,2022,15.0,Kỹ thuật cơ sở hạ tầng
26989,DHL,ky-thuat-co-so-ha-tang,B00,Điểm thi THPT,2022,15.0,Kỹ thuật cơ sở hạ tầng
26990,DHL,ky-thuat-co-so-ha-tang,A00,Điểm học bạ,2023,18.0,Kỹ thuật cơ sở hạ tầng
26991,DHL,ky-thuat-co-so-ha-tang,A02,Điểm học bạ,2023,18.0,Kỹ thuật cơ sở hạ tầng
26992,DHL,ky-thuat-co-so-ha-tang,A10,Điểm học bạ,2023,18.0,Kỹ thuật cơ sở hạ tầng
26993,DHL,ky-thuat-co-so-ha-tang,B00,Điểm học bạ,2023,18.0,Kỹ thuật cơ sở hạ tầng
26994,DHL,ky-thuat-co-so-ha-tang,A00,Điểm thi THPT,2023,15.0,Kỹ thuật cơ sở hạ tầng
26995,DHL,ky-thuat-co-so-ha-tang,A01,Điểm thi THPT,2023,15.0,Kỹ thuật cơ sở hạ tầng
26996,DHL,ky-thuat-co-so-ha-tang,A02,Điểm thi THPT,2023,15.0,Kỹ thuật cơ sở hạ tầng
26997,DHL,ky-thuat-co-so-ha-tang,B00,Điểm thi THPT,2023,15.0,Kỹ thuật cơ sở hạ tầng
26998,DHL,ky-thuat-co-so-ha-tang,A00,Điểm học bạ,2025,18.0,Kỹ thuật cơ sở hạ tầng
26999,DHL,ky-thuat-co-so-ha-tang,A01,Điểm học bạ,2025,18.0,Kỹ thuật cơ sở hạ tầng
27000,DHL,ky-thuat-co-so-ha-tang,A08,Điểm học bạ,2025,18.0,Kỹ thuật cơ sở hạ tầng
27001,DHL,ky-thuat-co-so-ha-tang,C01,Điểm học bạ,2025,18.0,Kỹ thuật cơ sở hạ tầng
27002,DHL,ky-thuat-co-so-ha-tang,C04,Điểm học bạ,2025,18.0,Kỹ thuật cơ sở hạ tầng
27003,DHL,ky-thuat-co-so-ha-tang,C14,Điểm học bạ,2025,18.0,Kỹ thuật cơ sở hạ tầng
27004,DHL,ky-thuat-co-so-ha-tang,D01,Điểm học bạ,2025,18.0,Kỹ thuật cơ sở hạ tầng
27005,DHL,ky-thuat-co-so-ha-tang,X01,Điểm học bạ,2025,18.0,Kỹ thuật cơ sở hạ tầng
27006,DHL,ky-thuat-co-so-ha-tang,X17,Điểm học bạ,2025,18.0,Kỹ thuật cơ sở hạ tầng
27007,DHL,ky-thuat-co-so-ha-tang,A00,Điểm thi THPT,2025,15.0,Kỹ thuật cơ sở hạ tầng
27008,DHL,ky-thuat-co-so-ha-tang,A01,Điểm thi THPT,2025,15.0,Kỹ thuật cơ sở hạ tầng
27009,DHL,ky-thuat-co-so-ha-tang,A08,Điểm thi THPT,2025,15.0,Kỹ thuật cơ sở hạ tầng
27010,DHL,ky-thuat-co-so-ha-tang,C01,Điểm thi THPT,2025,15.0,Kỹ thuật cơ sở hạ tầng
27011,DHL,ky-thuat-co-so-ha-tang,C04,Điểm thi THPT,2025,15.0,Kỹ thuật cơ sở hạ tầng
27012,DHL,ky-thuat-co-so-ha-tang,C14,Điểm thi THPT,2025,15.0,Kỹ thuật cơ sở hạ tầng
27013,DHL,ky-thuat-co-so-ha-tang,D01,Điểm thi THPT,2025,15.0,Kỹ thuật cơ sở hạ tầng
27014,DHL,ky-thuat-co-so-ha-tang,X01,Điểm thi THPT,2025,15.0,Kỹ thuật cơ sở hạ tầng
27015,DHL,ky-thuat-co-so-ha-tang,X17,Điểm thi THPT,2025,15.0,Kỹ thuật cơ sở hạ tầng
27016,DHL,lam-hoc,A00,Điểm học bạ,2021,18.0,Lâm học
27017,DHL,lam-hoc,A02,Điểm học bạ,2021,18.0,Lâm học
27018,DHL,lam-hoc,B00,Điểm học bạ,2021,18.0,Lâm học
27019,DHL,lam-hoc,D08,Điểm học bạ,2021,18.0,Lâm học
27020,DHL,lam-hoc,A00,Điểm thi THPT,2021,15.0,Lâm học
27021,DHL,lam-hoc,A02,Điểm thi THPT,2021,15.0,Lâm học
27022,DHL,lam-hoc,B00,Điểm thi THPT,2021,15.0,Lâm học
27023,DHL,lam-hoc,D08,Điểm thi THPT,2021,15.0,Lâm học
27024,DHL,lam-nghiep,A00,Điểm thi THPT,2022,15.0,Lâm nghiệp
27025,DHL,lam-nghiep,A02,Điểm thi THPT,2022,15.0,Lâm nghiệp
27026,DHL,lam-nghiep,B00,Điểm thi THPT,2022,15.0,Lâm nghiệp
27027,DHL,lam-nghiep,D08,Điểm thi THPT,2022,15.0,Lâm nghiệp
27028,DHL,lam-nghiep,A00,Điểm học bạ,2023,18.0,Lâm nghiệp
27029,DHL,lam-nghiep,A02,Điểm học bạ,2023,18.0,Lâm nghiệp
27030,DHL,lam-nghiep,B00,Điểm học bạ,2023,18.0,Lâm nghiệp
27031,DHL,lam-nghiep,D08,Điểm học bạ,2023,18.0,Lâm nghiệp
27032,DHL,lam-nghiep,A00,Điểm thi THPT,2023,15.0,Lâm nghiệp
27033,DHL,lam-nghiep,A02,Điểm thi THPT,2023,15.0,Lâm nghiệp
27034,DHL,lam-nghiep,B00,Điểm thi THPT,2023,15.0,Lâm nghiệp
27035,DHL,lam-nghiep,B04,Điểm thi THPT,2023,15.0,Lâm nghiệp
27036,DHL,lam-nghiep,A00,Điểm học bạ,2024,18.0,Lâm nghiệp
27037,DHL,lam-nghiep,A02,Điểm học bạ,2024,18.0,Lâm nghiệp
27038,DHL,lam-nghiep,B00,Điểm học bạ,2024,18.0,Lâm nghiệp
27039,DHL,lam-nghiep,D08,Điểm học bạ,2024,18.0,Lâm nghiệp
27040,DHL,lam-nghiep,A00,Điểm thi THPT,2024,15.0,Lâm nghiệp
27041,DHL,lam-nghiep,A02,Điểm thi THPT,2024,15.0,Lâm nghiệp
27042,DHL,lam-nghiep,B00,Điểm thi THPT,2024,15.0,Lâm nghiệp
27043,DHL,lam-nghiep,B03,Điểm thi THPT,2024,15.0,Lâm nghiệp
27044,DHL,lam-nghiep,A00,Điểm học bạ,2025,18.0,Lâm nghiệp
27045,DHL,lam-nghiep,B00,Điểm học bạ,2025,18.0,Lâm nghiệp
27046,DHL,lam-nghiep,C03,Điểm học bạ,2025,18.0,Lâm nghiệp
27047,DHL,lam-nghiep,C04,Điểm học bạ,2025,18.0,Lâm nghiệp
27048,DHL,lam-nghiep,C14,Điểm học bạ,2025,18.0,Lâm nghiệp
27049,DHL,lam-nghiep,X01,Điểm học bạ,2025,18.0,Lâm nghiệp
27050,DHL,lam-nghiep,X04,Điểm học bạ,2025,18.0,Lâm nghiệp
27051,DHL,lam-nghiep,A00,Điểm thi THPT,2025,15.0,Lâm nghiệp
27052,DHL,lam-nghiep,B00,Điểm thi THPT,2025,15.0,Lâm nghiệp
27053,DHL,lam-nghiep,C03,Điểm thi THPT,2025,15.0,Lâm nghiệp
27054,DHL,lam-nghiep,C04,Điểm thi THPT,2025,15.0,Lâm nghiệp
27055,DHL,lam-nghiep,C14,Điểm thi THPT,2025,15.0,Lâm nghiệp
27056,DHL,lam-nghiep,X01,Điểm thi THPT,2025,15.0,Lâm nghiệp
27057,DHL,lam-nghiep,X04,Điểm thi THPT,2025,15.0,Lâm nghiệp
27058,DHL,nong-hoc,A00,Điểm học bạ,2021,18.0,Nông học
27059,DHL,nong-hoc,A02,Điểm học bạ,2021,18.0,Nông học
27060,DHL,nong-hoc,B00,Điểm học bạ,2021,18.0,Nông học
27061,DHL,nong-hoc,D08,Điểm học bạ,2021,18.0,Nông học
27062,DHL,nong-hoc,A00,Điểm thi THPT,2021,15.0,Nông học
27063,DHL,nong-hoc,A02,Điểm thi THPT,2021,15.0,Nông học
27064,DHL,nong-hoc,B00,Điểm thi THPT,2021,15.0,Nông học
27065,DHL,nong-hoc,D08,Điểm thi THPT,2021,15.0,Nông học
27066,DHL,nong-hoc,A00,Điểm thi THPT,2022,15.0,Nông học
27067,DHL,nong-hoc,A02,Điểm thi THPT,2022,15.0,Nông học
27068,DHL,nong-hoc,B00,Điểm thi THPT,2022,15.0,Nông học
27069,DHL,nong-hoc,D08,Điểm thi THPT,2022,15.0,Nông học
27070,DHL,nong-hoc,A00,Điểm học bạ,2023,18.0,Nông học
27071,DHL,nong-hoc,B00,Điểm học bạ,2023,18.0,Nông học
27072,DHL,nong-hoc,B04,Điểm học bạ,2023,18.0,Nông học
27073,DHL,nong-hoc,D08,Điểm học bạ,2023,18.0,Nông học
27074,DHL,nong-hoc,A00,Điểm thi THPT,2023,15.0,Nông học
27075,DHL,nong-hoc,B00,Điểm thi THPT,2023,15.0,Nông học
27076,DHL,nong-hoc,B04,Điểm thi THPT,2023,15.0,Nông học
27077,DHL,nong-hoc,D08,Điểm thi THPT,2023,15.0,Nông học
27078,DHL,nong-nghiep-cong-nghe-cao,A00,Điểm học bạ,2021,18.0,Nông nghiệp công nghệ cao
27079,DHL,nong-nghiep-cong-nghe-cao,A02,Điểm học bạ,2021,18.0,Nông nghiệp công nghệ cao
27080,DHL,nong-nghiep-cong-nghe-cao,B00,Điểm học bạ,2021,18.0,Nông nghiệp công nghệ cao
27081,DHL,nong-nghiep-cong-nghe-cao,D08,Điểm học bạ,2021,18.0,Nông nghiệp công nghệ cao
27082,DHL,nong-nghiep-cong-nghe-cao,A00,Điểm thi THPT,2021,15.0,Nông nghiệp công nghệ cao
27083,DHL,nong-nghiep-cong-nghe-cao,A02,Điểm thi THPT,2021,15.0,Nông nghiệp công nghệ cao
27084,DHL,nong-nghiep-cong-nghe-cao,B00,Điểm thi THPT,2021,15.0,Nông nghiệp công nghệ cao
27085,DHL,nong-nghiep-cong-nghe-cao,D08,Điểm thi THPT,2021,15.0,Nông nghiệp công nghệ cao
27086,DHL,nong-nghiep-cong-nghe-cao,A00,Điểm thi THPT,2022,15.0,Nông nghiệp công nghệ cao
27087,DHL,nong-nghiep-cong-nghe-cao,A02,Điểm thi THPT,2022,15.0,Nông nghiệp công nghệ cao
27088,DHL,nong-nghiep-cong-nghe-cao,B00,Điểm thi THPT,2022,15.0,Nông nghiệp công nghệ cao
27089,DHL,nong-nghiep-cong-nghe-cao,D08,Điểm thi THPT,2022,15.0,Nông nghiệp công nghệ cao
27090,DHL,nong-nghiep-cong-nghe-cao,A00,Điểm học bạ,2023,18.0,Nông nghiệp công nghệ cao
27091,DHL,nong-nghiep-cong-nghe-cao,B00,Điểm học bạ,2023,18.0,Nông nghiệp công nghệ cao
27092,DHL,nong-nghiep-cong-nghe-cao,B04,Điểm học bạ,2023,18.0,Nông nghiệp công nghệ cao
27093,DHL,nong-nghiep-cong-nghe-cao,D08,Điểm học bạ,2023,18.0,Nông nghiệp công nghệ cao
27094,DHL,nong-nghiep-cong-nghe-cao,A00,Điểm thi THPT,2023,15.0,Nông nghiệp công nghệ cao
27095,DHL,nong-nghiep-cong-nghe-cao,B00,Điểm thi THPT,2023,15.0,Nông nghiệp công nghệ cao
27096,DHL,nong-nghiep-cong-nghe-cao,B04,Điểm thi THPT,2023,15.0,Nông nghiệp công nghệ cao
27097,DHL,nong-nghiep-cong-nghe-cao,D08,Điểm thi THPT,2023,15.0,Nông nghiệp công nghệ cao
27098,DHL,nong-nghiep-cong-nghe-cao,A00,Điểm học bạ,2024,18.0,Nông nghiệp công nghệ cao
27099,DHL,nong-nghiep-cong-nghe-cao,B00,Điểm học bạ,2024,18.0,Nông nghiệp công nghệ cao
27100,DHL,nong-nghiep-cong-nghe-cao,B04,Điểm học bạ,2024,18.0,Nông nghiệp công nghệ cao
27101,DHL,nong-nghiep-cong-nghe-cao,D08,Điểm học bạ,2024,18.0,Nông nghiệp công nghệ cao
27102,DHL,nong-nghiep-cong-nghe-cao,A00,Điểm thi THPT,2024,15.0,Nông nghiệp công nghệ cao
27103,DHL,nong-nghiep-cong-nghe-cao,B00,Điểm thi THPT,2024,15.0,Nông nghiệp công nghệ cao
27104,DHL,nong-nghiep-cong-nghe-cao,B03,Điểm thi THPT,2024,15.0,Nông nghiệp công nghệ cao
27105,DHL,nong-nghiep-cong-nghe-cao,D08,Điểm thi THPT,2024,15.0,Nông nghiệp công nghệ cao
27106,DHL,nong-nghiep-cong-nghe-cao,A08,Điểm học bạ,2025,18.0,Nông nghiệp công nghệ cao
27107,DHL,nong-nghiep-cong-nghe-cao,B00,Điểm học bạ,2025,18.0,Nông nghiệp công nghệ cao
27108,DHL,nong-nghiep-cong-nghe-cao,B03,Điểm học bạ,2025,18.0,Nông nghiệp công nghệ cao
27109,DHL,nong-nghiep-cong-nghe-cao,C03,Điểm học bạ,2025,18.0,Nông nghiệp công nghệ cao
27110,DHL,nong-nghiep-cong-nghe-cao,C04,Điểm học bạ,2025,18.0,Nông nghiệp công nghệ cao
27111,DHL,nong-nghiep-cong-nghe-cao,D01,Điểm học bạ,2025,18.0,Nông nghiệp công nghệ cao
27112,DHL,nong-nghiep-cong-nghe-cao,X04,Điểm học bạ,2025,18.0,Nông nghiệp công nghệ cao
27113,DHL,nong-nghiep-cong-nghe-cao,X17,Điểm học bạ,2025,18.0,Nông nghiệp công nghệ cao
27114,DHL,nong-nghiep-cong-nghe-cao,A08,Điểm thi THPT,2025,15.0,Nông nghiệp công nghệ cao
27115,DHL,nong-nghiep-cong-nghe-cao,B00,Điểm thi THPT,2025,15.0,Nông nghiệp công nghệ cao
27116,DHL,nong-nghiep-cong-nghe-cao,B03,Điểm thi THPT,2025,15.0,Nông nghiệp công nghệ cao
27117,DHL,nong-nghiep-cong-nghe-cao,C03,Điểm thi THPT,2025,15.0,Nông nghiệp công nghệ cao
27118,DHL,nong-nghiep-cong-nghe-cao,C04,Điểm thi THPT,2025,15.0,Nông nghiệp công nghệ cao
27119,DHL,nong-nghiep-cong-nghe-cao,D01,Điểm thi THPT,2025,15.0,Nông nghiệp công nghệ cao
27120,DHL,nong-nghiep-cong-nghe-cao,X04,Điểm thi THPT,2025,15.0,Nông nghiệp công nghệ cao
27121,DHL,nong-nghiep-cong-nghe-cao,X17,Điểm thi THPT,2025,15.0,Nông nghiệp công nghệ cao
27122,DHL,nuoi-trong-thuy-san,A00,Điểm học bạ,2021,19.5,Nuôi trồng thủy sản
27123,DHL,nuoi-trong-thuy-san,A02,Điểm học bạ,2021,19.5,Nuôi trồng thủy sản
27124,DHL,nuoi-trong-thuy-san,B00,Điểm học bạ,2021,19.5,Nuôi trồng thủy sản
27125,DHL,nuoi-trong-thuy-san,D08,Điểm học bạ,2021,19.5,Nuôi trồng thủy sản
27126,DHL,nuoi-trong-thuy-san,A00,Điểm thi THPT,2021,17.0,Nuôi trồng thủy sản
27127,DHL,nuoi-trong-thuy-san,A02,Điểm thi THPT,2021,17.0,Nuôi trồng thủy sản
27128,DHL,nuoi-trong-thuy-san,B00,Điểm thi THPT,2021,17.0,Nuôi trồng thủy sản
27129,DHL,nuoi-trong-thuy-san,D08,Điểm thi THPT,2021,17.0,Nuôi trồng thủy sản
27130,DHL,nuoi-trong-thuy-san,A00,Điểm thi THPT,2022,16.0,Nuôi trồng thủy sản
27131,DHL,nuoi-trong-thuy-san,B00,Điểm thi THPT,2022,16.0,Nuôi trồng thủy sản
27132,DHL,nuoi-trong-thuy-san,D01,Điểm thi THPT,2022,16.0,Nuôi trồng thủy sản
27133,DHL,nuoi-trong-thuy-san,D08,Điểm thi THPT,2022,16.0,Nuôi trồng thủy sản
27134,DHL,nuoi-trong-thuy-san,A00,Điểm học bạ,2023,19.0,Nuôi trồng thủy sản
27135,DHL,nuoi-trong-thuy-san,B00,Điểm học bạ,2023,19.0,Nuôi trồng thủy sản
27136,DHL,nuoi-trong-thuy-san,B04,Điểm học bạ,2023,19.0,Nuôi trồng thủy sản
27137,DHL,nuoi-trong-thuy-san,D08,Điểm học bạ,2023,19.0,Nuôi trồng thủy sản
27138,DHL,nuoi-trong-thuy-san,A00,Điểm thi THPT,2023,15.0,Nuôi trồng thủy sản
27139,DHL,nuoi-trong-thuy-san,B00,Điểm thi THPT,2023,15.0,Nuôi trồng thủy sản
27140,DHL,nuoi-trong-thuy-san,D01,Điểm thi THPT,2023,15.0,Nuôi trồng thủy sản
27141,DHL,nuoi-trong-thuy-san,D08,Điểm thi THPT,2023,15.0,Nuôi trồng thủy sản
27142,DHL,nuoi-trong-thuy-san,A00,Điểm học bạ,2024,18.5,Nuôi trồng thủy sản
27143,DHL,nuoi-trong-thuy-san,B00,Điểm học bạ,2024,18.5,Nuôi trồng thủy sản
27144,DHL,nuoi-trong-thuy-san,B04,Điểm học bạ,2024,18.5,Nuôi trồng thủy sản
27145,DHL,nuoi-trong-thuy-san,D08,Điểm học bạ,2024,18.5,Nuôi trồng thủy sản
27146,DHL,nuoi-trong-thuy-san,A00,Điểm thi THPT,2024,15.0,Nuôi trồng thủy sản
27147,DHL,nuoi-trong-thuy-san,B00,Điểm thi THPT,2024,15.0,Nuôi trồng thủy sản
27148,DHL,nuoi-trong-thuy-san,D01,Điểm thi THPT,2024,15.0,Nuôi trồng thủy sản
27149,DHL,nuoi-trong-thuy-san,D08,Điểm thi THPT,2024,15.0,Nuôi trồng thủy sản
27150,DHL,nuoi-trong-thuy-san,A00,Điểm học bạ,2025,18.0,Nuôi trồng thủy sản
27151,DHL,nuoi-trong-thuy-san,A09,Điểm học bạ,2025,18.0,Nuôi trồng thủy sản
27152,DHL,nuoi-trong-thuy-san,A11,Điểm học bạ,2025,18.0,Nuôi trồng thủy sản
27153,DHL,nuoi-trong-thuy-san,B00,Điểm học bạ,2025,18.0,Nuôi trồng thủy sản
27154,DHL,nuoi-trong-thuy-san,B03,Điểm học bạ,2025,18.0,Nuôi trồng thủy sản
27155,DHL,nuoi-trong-thuy-san,B04,Điểm học bạ,2025,18.0,Nuôi trồng thủy sản
27156,DHL,nuoi-trong-thuy-san,C02,Điểm học bạ,2025,18.0,Nuôi trồng thủy sản
27157,DHL,nuoi-trong-thuy-san,C04,Điểm học bạ,2025,18.0,Nuôi trồng thủy sản
27158,DHL,nuoi-trong-thuy-san,C14,Điểm học bạ,2025,18.0,Nuôi trồng thủy sản
27159,DHL,nuoi-trong-thuy-san,D01,Điểm học bạ,2025,18.0,Nuôi trồng thủy sản
27160,DHL,nuoi-trong-thuy-san,X01,Điểm học bạ,2025,18.0,Nuôi trồng thủy sản
27161,DHL,nuoi-trong-thuy-san,X09,Điểm học bạ,2025,18.0,Nuôi trồng thủy sản
27162,DHL,nuoi-trong-thuy-san,X13,Điểm học bạ,2025,18.0,Nuôi trồng thủy sản
27163,DHL,nuoi-trong-thuy-san,X21,Điểm học bạ,2025,18.0,Nuôi trồng thủy sản
27164,DHL,nuoi-trong-thuy-san,A00,Điểm thi THPT,2025,15.0,Nuôi trồng thủy sản
27165,DHL,nuoi-trong-thuy-san,A09,Điểm thi THPT,2025,15.0,Nuôi trồng thủy sản
27166,DHL,nuoi-trong-thuy-san,A11,Điểm thi THPT,2025,15.0,Nuôi trồng thủy sản
27167,DHL,nuoi-trong-thuy-san,B00,Điểm thi THPT,2025,15.0,Nuôi trồng thủy sản
27168,DHL,nuoi-trong-thuy-san,B03,Điểm thi THPT,2025,15.0,Nuôi trồng thủy sản
27169,DHL,nuoi-trong-thuy-san,B04,Điểm thi THPT,2025,15.0,Nuôi trồng thủy sản
27170,DHL,nuoi-trong-thuy-san,C02,Điểm thi THPT,2025,15.0,Nuôi trồng thủy sản
27171,DHL,nuoi-trong-thuy-san,C04,Điểm thi THPT,2025,15.0,Nuôi trồng thủy sản
27172,DHL,nuoi-trong-thuy-san,C14,Điểm thi THPT,2025,15.0,Nuôi trồng thủy sản
27173,DHL,nuoi-trong-thuy-san,D01,Điểm thi THPT,2025,15.0,Nuôi trồng thủy sản
27174,DHL,nuoi-trong-thuy-san,X01,Điểm thi THPT,2025,15.0,Nuôi trồng thủy sản
27175,DHL,nuoi-trong-thuy-san,X09,Điểm thi THPT,2025,15.0,Nuôi trồng thủy sản
27176,DHL,nuoi-trong-thuy-san,X13,Điểm thi THPT,2025,15.0,Nuôi trồng thủy sản
27177,DHL,nuoi-trong-thuy-san,X21,Điểm thi THPT,2025,15.0,Nuôi trồng thủy sản
27178,DHL,phat-trien-nong-thon,A00,Điểm học bạ,2021,18.0,Phát triển nông thôn
27179,DHL,phat-trien-nong-thon,B00,Điểm học bạ,2021,18.0,Phát triển nông thôn
27180,DHL,phat-trien-nong-thon,C00,Điểm học bạ,2021,18.0,Phát triển nông thôn
27181,DHL,phat-trien-nong-thon,C04,Điểm học bạ,2021,18.0,Phát triển nông thôn
27182,DHL,phat-trien-nong-thon,A00,Điểm thi THPT,2021,15.0,Phát triển nông thôn
27183,DHL,phat-trien-nong-thon,B00,Điểm thi THPT,2021,15.0,Phát triển nông thôn
27184,DHL,phat-trien-nong-thon,C00,Điểm thi THPT,2021,15.0,Phát triển nông thôn
27185,DHL,phat-trien-nong-thon,C04,Điểm thi THPT,2021,15.0,Phát triển nông thôn
27186,DHL,phat-trien-nong-thon,A07,Điểm thi THPT,2022,15.0,Phát triển nông thôn
27187,DHL,phat-trien-nong-thon,B03,Điểm thi THPT,2022,15.0,Phát triển nông thôn
27188,DHL,phat-trien-nong-thon,C00,Điểm thi THPT,2022,15.0,Phát triển nông thôn
27189,DHL,phat-trien-nong-thon,C04,Điểm thi THPT,2022,15.0,Phát triển nông thôn
27190,DHL,phat-trien-nong-thon,A07,Điểm học bạ,2023,18.0,Phát triển nông thôn
27191,DHL,phat-trien-nong-thon,B03,Điểm học bạ,2023,18.0,Phát triển nông thôn
27192,DHL,phat-trien-nong-thon,C00,Điểm học bạ,2023,18.0,Phát triển nông thôn
27193,DHL,phat-trien-nong-thon,C04,Điểm học bạ,2023,18.0,Phát triển nông thôn
27194,DHL,phat-trien-nong-thon,A07,Điểm thi THPT,2023,15.0,Phát triển nông thôn
27195,DHL,phat-trien-nong-thon,B04,Điểm thi THPT,2023,15.0,Phát triển nông thôn
27196,DHL,phat-trien-nong-thon,C00,Điểm thi THPT,2023,15.0,Phát triển nông thôn
27197,DHL,phat-trien-nong-thon,C04,Điểm thi THPT,2023,15.0,Phát triển nông thôn
27198,DHL,phat-trien-nong-thon,A07,Điểm học bạ,2024,18.0,Phát triển nông thôn
27199,DHL,phat-trien-nong-thon,B03,Điểm học bạ,2024,18.0,Phát triển nông thôn
27200,DHL,phat-trien-nong-thon,C00,Điểm học bạ,2024,18.0,Phát triển nông thôn
27201,DHL,phat-trien-nong-thon,C04,Điểm học bạ,2024,18.0,Phát triển nông thôn
27202,DHL,phat-trien-nong-thon,A07,Điểm thi THPT,2024,15.0,Phát triển nông thôn
27203,DHL,phat-trien-nong-thon,B03,Điểm thi THPT,2024,15.0,Phát triển nông thôn
27204,DHL,phat-trien-nong-thon,C00,Điểm thi THPT,2024,15.0,Phát triển nông thôn
27205,DHL,phat-trien-nong-thon,C04,Điểm thi THPT,2024,15.0,Phát triển nông thôn
27206,DHL,phat-trien-nong-thon,A07,Điểm học bạ,2025,18.0,Phát triển nông thôn
27207,DHL,phat-trien-nong-thon,C00,Điểm học bạ,2025,18.0,Phát triển nông thôn
27208,DHL,phat-trien-nong-thon,C03,Điểm học bạ,2025,18.0,Phát triển nông thôn
27209,DHL,phat-trien-nong-thon,C04,Điểm học bạ,2025,18.0,Phát triển nông thôn
27210,DHL,phat-trien-nong-thon,C14,Điểm học bạ,2025,18.0,Phát triển nông thôn
27211,DHL,phat-trien-nong-thon,C20,Điểm học bạ,2025,18.0,Phát triển nông thôn
27212,DHL,phat-trien-nong-thon,D01,Điểm học bạ,2025,18.0,Phát triển nông thôn
27213,DHL,phat-trien-nong-thon,X01,Điểm học bạ,2025,18.0,Phát triển nông thôn
27214,DHL,phat-trien-nong-thon,X74,Điểm học bạ,2025,18.0,Phát triển nông thôn
27215,DHL,phat-trien-nong-thon,A07,Điểm thi THPT,2025,15.0,Phát triển nông thôn
27216,DHL,phat-trien-nong-thon,C00,Điểm thi THPT,2025,15.0,Phát triển nông thôn
27217,DHL,phat-trien-nong-thon,C03,Điểm thi THPT,2025,15.0,Phát triển nông thôn
27218,DHL,phat-trien-nong-thon,C04,Điểm thi THPT,2025,15.0,Phát triển nông thôn
27219,DHL,phat-trien-nong-thon,C14,Điểm thi THPT,2025,15.0,Phát triển nông thôn
27220,DHL,phat-trien-nong-thon,C20,Điểm thi THPT,2025,15.0,Phát triển nông thôn
27221,DHL,phat-trien-nong-thon,D01,Điểm thi THPT,2025,15.0,Phát triển nông thôn
27222,DHL,phat-trien-nong-thon,X01,Điểm thi THPT,2025,15.0,Phát triển nông thôn
27223,DHL,phat-trien-nong-thon,X74,Điểm thi THPT,2025,15.0,Phát triển nông thôn
27224,DHL,quan-ly-dat-dai,A00,Điểm học bạ,2021,18.0,Quản lý đất đai
27225,DHL,quan-ly-dat-dai,B00,Điểm học bạ,2021,18.0,Quản lý đất đai
27226,DHL,quan-ly-dat-dai,C00,Điểm học bạ,2021,18.0,Quản lý đất đai
27227,DHL,quan-ly-dat-dai,C04,Điểm học bạ,2021,18.0,Quản lý đất đai
27228,DHL,quan-ly-dat-dai,A00,Điểm thi THPT,2021,16.0,Quản lý đất đai
27229,DHL,quan-ly-dat-dai,B00,Điểm thi THPT,2021,16.0,Quản lý đất đai
27230,DHL,quan-ly-dat-dai,C00,Điểm thi THPT,2021,16.0,Quản lý đất đai
27231,DHL,quan-ly-dat-dai,C04,Điểm thi THPT,2021,16.0,Quản lý đất đai
27232,DHL,quan-ly-dat-dai,A00,Điểm thi THPT,2022,15.0,Quản lý đất đai
27233,DHL,quan-ly-dat-dai,B00,Điểm thi THPT,2022,15.0,Quản lý đất đai
27234,DHL,quan-ly-dat-dai,C00,Điểm thi THPT,2022,15.0,Quản lý đất đai
27235,DHL,quan-ly-dat-dai,C04,Điểm thi THPT,2022,15.0,Quản lý đất đai
27236,DHL,quan-ly-dat-dai,A00,Điểm học bạ,2023,18.0,Quản lý đất đai
27237,DHL,quan-ly-dat-dai,B00,Điểm học bạ,2023,18.0,Quản lý đất đai
27238,DHL,quan-ly-dat-dai,C00,Điểm học bạ,2023,18.0,Quản lý đất đai
27239,DHL,quan-ly-dat-dai,C04,Điểm học bạ,2023,18.0,Quản lý đất đai
27240,DHL,quan-ly-dat-dai,A00,Điểm thi THPT,2023,15.0,Quản lý đất đai
27241,DHL,quan-ly-dat-dai,B00,Điểm thi THPT,2023,15.0,Quản lý đất đai
27242,DHL,quan-ly-dat-dai,C00,Điểm thi THPT,2023,15.0,Quản lý đất đai
27243,DHL,quan-ly-dat-dai,C04,Điểm thi THPT,2023,15.0,Quản lý đất đai
27244,DHL,quan-ly-dat-dai,A00,Điểm học bạ,2024,18.0,Quản lý đất đai
27245,DHL,quan-ly-dat-dai,B00,Điểm học bạ,2024,18.0,Quản lý đất đai
27246,DHL,quan-ly-dat-dai,C00,Điểm học bạ,2024,18.0,Quản lý đất đai
27247,DHL,quan-ly-dat-dai,C04,Điểm học bạ,2024,18.0,Quản lý đất đai
27248,DHL,quan-ly-dat-dai,A00,Điểm thi THPT,2024,15.0,Quản lý đất đai
27249,DHL,quan-ly-dat-dai,B00,Điểm thi THPT,2024,15.0,Quản lý đất đai
27250,DHL,quan-ly-dat-dai,C00,Điểm thi THPT,2024,15.0,Quản lý đất đai
27251,DHL,quan-ly-dat-dai,C04,Điểm thi THPT,2024,15.0,Quản lý đất đai
27252,DHL,quan-ly-dat-dai,A01,Điểm học bạ,2025,18.0,Quản lý đất đai
27253,DHL,quan-ly-dat-dai,C00,Điểm học bạ,2025,18.0,Quản lý đất đai
27254,DHL,quan-ly-dat-dai,C01,Điểm học bạ,2025,18.0,Quản lý đất đai
27255,DHL,quan-ly-dat-dai,C03,Điểm học bạ,2025,18.0,Quản lý đất đai
27256,DHL,quan-ly-dat-dai,C04,Điểm học bạ,2025,18.0,Quản lý đất đai
27257,DHL,quan-ly-dat-dai,C14,Điểm học bạ,2025,18.0,Quản lý đất đai
27258,DHL,quan-ly-dat-dai,D01,Điểm học bạ,2025,18.0,Quản lý đất đai
27259,DHL,quan-ly-dat-dai,X01,Điểm học bạ,2025,18.0,Quản lý đất đai
27260,DHL,quan-ly-dat-dai,A01,Điểm thi THPT,2025,15.0,Quản lý đất đai
27261,DHL,quan-ly-dat-dai,C00,Điểm thi THPT,2025,15.0,Quản lý đất đai
27262,DHL,quan-ly-dat-dai,C01,Điểm thi THPT,2025,15.0,Quản lý đất đai
27263,DHL,quan-ly-dat-dai,C03,Điểm thi THPT,2025,15.0,Quản lý đất đai
27264,DHL,quan-ly-dat-dai,C04,Điểm thi THPT,2025,15.0,Quản lý đất đai
27265,DHL,quan-ly-dat-dai,C14,Điểm thi THPT,2025,15.0,Quản lý đất đai
27266,DHL,quan-ly-dat-dai,D01,Điểm thi THPT,2025,15.0,Quản lý đất đai
27267,DHL,quan-ly-dat-dai,X01,Điểm thi THPT,2025,15.0,Quản lý đất đai
27268,DHL,quan-ly-tai-nguyen-rung,A00,Điểm học bạ,2021,18.0,Quản lý tài nguyên rừng
27269,DHL,quan-ly-tai-nguyen-rung,A02,Điểm học bạ,2021,18.0,Quản lý tài nguyên rừng
27270,DHL,quan-ly-tai-nguyen-rung,B00,Điểm học bạ,2021,18.0,Quản lý tài nguyên rừng
27271,DHL,quan-ly-tai-nguyen-rung,D08,Điểm học bạ,2021,18.0,Quản lý tài nguyên rừng
27272,DHL,quan-ly-tai-nguyen-rung,A00,Điểm thi THPT,2021,15.0,Quản lý tài nguyên rừng
27273,DHL,quan-ly-tai-nguyen-rung,A02,Điểm thi THPT,2021,15.0,Quản lý tài nguyên rừng
27274,DHL,quan-ly-tai-nguyen-rung,B00,Điểm thi THPT,2021,15.0,Quản lý tài nguyên rừng
27275,DHL,quan-ly-tai-nguyen-rung,D08,Điểm thi THPT,2021,15.0,Quản lý tài nguyên rừng
27276,DHL,quan-ly-tai-nguyen-rung,A00,Điểm thi THPT,2022,15.0,Quản lý tài nguyên rừng
27277,DHL,quan-ly-tai-nguyen-rung,A02,Điểm thi THPT,2022,15.0,Quản lý tài nguyên rừng
27278,DHL,quan-ly-tai-nguyen-rung,B00,Điểm thi THPT,2022,15.0,Quản lý tài nguyên rừng
27279,DHL,quan-ly-tai-nguyen-rung,D08,Điểm thi THPT,2022,15.0,Quản lý tài nguyên rừng
27280,DHL,quan-ly-tai-nguyen-rung,A00,Điểm học bạ,2023,18.0,Quản lý tài nguyên rừng
27281,DHL,quan-ly-tai-nguyen-rung,A02,Điểm học bạ,2023,18.0,Quản lý tài nguyên rừng
27282,DHL,quan-ly-tai-nguyen-rung,B00,Điểm học bạ,2023,18.0,Quản lý tài nguyên rừng
27283,DHL,quan-ly-tai-nguyen-rung,D08,Điểm học bạ,2023,18.0,Quản lý tài nguyên rừng
27284,DHL,quan-ly-tai-nguyen-rung,A00,Điểm thi THPT,2023,15.0,Quản lý tài nguyên rừng
27285,DHL,quan-ly-tai-nguyen-rung,A02,Điểm thi THPT,2023,15.0,Quản lý tài nguyên rừng
27286,DHL,quan-ly-tai-nguyen-rung,B00,Điểm thi THPT,2023,15.0,Quản lý tài nguyên rừng
27287,DHL,quan-ly-tai-nguyen-rung,B04,Điểm thi THPT,2023,15.0,Quản lý tài nguyên rừng
27288,DHL,quan-ly-tai-nguyen-rung,A00,Điểm học bạ,2024,18.0,Quản lý tài nguyên rừng
27289,DHL,quan-ly-tai-nguyen-rung,A02,Điểm học bạ,2024,18.0,Quản lý tài nguyên rừng
27290,DHL,quan-ly-tai-nguyen-rung,B00,Điểm học bạ,2024,18.0,Quản lý tài nguyên rừng
27291,DHL,quan-ly-tai-nguyen-rung,D08,Điểm học bạ,2024,18.0,Quản lý tài nguyên rừng
27292,DHL,quan-ly-tai-nguyen-rung,A00,Điểm thi THPT,2024,15.0,Quản lý tài nguyên rừng
27293,DHL,quan-ly-tai-nguyen-rung,A02,Điểm thi THPT,2024,15.0,Quản lý tài nguyên rừng
27294,DHL,quan-ly-tai-nguyen-rung,B00,Điểm thi THPT,2024,15.0,Quản lý tài nguyên rừng
27295,DHL,quan-ly-tai-nguyen-rung,B03,Điểm thi THPT,2024,15.0,Quản lý tài nguyên rừng
27296,DHL,quan-ly-tai-nguyen-rung,A00,Điểm học bạ,2025,18.0,Quản lý tài nguyên rừng
27297,DHL,quan-ly-tai-nguyen-rung,B00,Điểm học bạ,2025,18.0,Quản lý tài nguyên rừng
27298,DHL,quan-ly-tai-nguyen-rung,C03,Điểm học bạ,2025,18.0,Quản lý tài nguyên rừng
27299,DHL,quan-ly-tai-nguyen-rung,C04,Điểm học bạ,2025,18.0,Quản lý tài nguyên rừng
27300,DHL,quan-ly-tai-nguyen-rung,C14,Điểm học bạ,2025,18.0,Quản lý tài nguyên rừng
27301,DHL,quan-ly-tai-nguyen-rung,X01,Điểm học bạ,2025,18.0,Quản lý tài nguyên rừng
27302,DHL,quan-ly-tai-nguyen-rung,X04,Điểm học bạ,2025,18.0,Quản lý tài nguyên rừng
27303,DHL,quan-ly-tai-nguyen-rung,A00,Điểm thi THPT,2025,15.0,Quản lý tài nguyên rừng
27304,DHL,quan-ly-tai-nguyen-rung,B00,Điểm thi THPT,2025,15.0,Quản lý tài nguyên rừng
27305,DHL,quan-ly-tai-nguyen-rung,C03,Điểm thi THPT,2025,15.0,Quản lý tài nguyên rừng
27306,DHL,quan-ly-tai-nguyen-rung,C04,Điểm thi THPT,2025,15.0,Quản lý tài nguyên rừng
27307,DHL,quan-ly-tai-nguyen-rung,C14,Điểm thi THPT,2025,15.0,Quản lý tài nguyên rừng
27308,DHL,quan-ly-tai-nguyen-rung,X01,Điểm thi THPT,2025,15.0,Quản lý tài nguyên rừng
27309,DHL,quan-ly-tai-nguyen-rung,X04,Điểm thi THPT,2025,15.0,Quản lý tài nguyên rừng
27310,DHL,quan-ly-thuy-san,A00,Điểm học bạ,2021,18.0,Quản lý thủy sản
27311,DHL,quan-ly-thuy-san,A02,Điểm học bạ,2021,18.0,Quản lý thủy sản
27312,DHL,quan-ly-thuy-san,B00,Điểm học bạ,2021,18.0,Quản lý thủy sản
27313,DHL,quan-ly-thuy-san,D08,Điểm học bạ,2021,18.0,Quản lý thủy sản
27314,DHL,quan-ly-thuy-san,A00,Điểm thi THPT,2021,16.0,Quản lý thủy sản
27315,DHL,quan-ly-thuy-san,A02,Điểm thi THPT,2021,16.0,Quản lý thủy sản
27316,DHL,quan-ly-thuy-san,B00,Điểm thi THPT,2021,16.0,Quản lý thủy sản
27317,DHL,quan-ly-thuy-san,D08,Điểm thi THPT,2021,16.0,Quản lý thủy sản
27318,DHL,quan-ly-thuy-san,A00,Điểm thi THPT,2022,15.0,Quản lý thủy sản
27319,DHL,quan-ly-thuy-san,B00,Điểm thi THPT,2022,15.0,Quản lý thủy sản
27320,DHL,quan-ly-thuy-san,D01,Điểm thi THPT,2022,15.0,Quản lý thủy sản
27321,DHL,quan-ly-thuy-san,D08,Điểm thi THPT,2022,15.0,Quản lý thủy sản
27322,DHL,quan-ly-thuy-san,A00,Điểm học bạ,2023,18.0,Quản lý thủy sản
27323,DHL,quan-ly-thuy-san,B00,Điểm học bạ,2023,18.0,Quản lý thủy sản
27324,DHL,quan-ly-thuy-san,B04,Điểm học bạ,2023,18.0,Quản lý thủy sản
27325,DHL,quan-ly-thuy-san,D08,Điểm học bạ,2023,18.0,Quản lý thủy sản
27326,DHL,quan-ly-thuy-san,A00,Điểm thi THPT,2023,15.0,Quản lý thủy sản
27327,DHL,quan-ly-thuy-san,B00,Điểm thi THPT,2023,15.0,Quản lý thủy sản
27328,DHL,quan-ly-thuy-san,D01,Điểm thi THPT,2023,15.0,Quản lý thủy sản
27329,DHL,quan-ly-thuy-san,D08,Điểm thi THPT,2023,15.0,Quản lý thủy sản
27330,DHL,quan-ly-thuy-san,A00,Điểm học bạ,2024,18.0,Quản lý thủy sản
27331,DHL,quan-ly-thuy-san,B00,Điểm học bạ,2024,18.0,Quản lý thủy sản
27332,DHL,quan-ly-thuy-san,B04,Điểm học bạ,2024,18.0,Quản lý thủy sản
27333,DHL,quan-ly-thuy-san,D08,Điểm học bạ,2024,18.0,Quản lý thủy sản
27334,DHL,quan-ly-thuy-san,A00,Điểm thi THPT,2024,15.0,Quản lý thủy sản
27335,DHL,quan-ly-thuy-san,B00,Điểm thi THPT,2024,15.0,Quản lý thủy sản
27336,DHL,quan-ly-thuy-san,D01,Điểm thi THPT,2024,15.0,Quản lý thủy sản
27337,DHL,quan-ly-thuy-san,D08,Điểm thi THPT,2024,15.0,Quản lý thủy sản
27338,DHL,quan-ly-thuy-san,A00,Điểm học bạ,2025,18.0,Quản lý thủy sản
27339,DHL,quan-ly-thuy-san,A09,Điểm học bạ,2025,18.0,Quản lý thủy sản
27340,DHL,quan-ly-thuy-san,A11,Điểm học bạ,2025,18.0,Quản lý thủy sản
27341,DHL,quan-ly-thuy-san,B00,Điểm học bạ,2025,18.0,Quản lý thủy sản
27342,DHL,quan-ly-thuy-san,B03,Điểm học bạ,2025,18.0,Quản lý thủy sản
27343,DHL,quan-ly-thuy-san,B04,Điểm học bạ,2025,18.0,Quản lý thủy sản
27344,DHL,quan-ly-thuy-san,C02,Điểm học bạ,2025,18.0,Quản lý thủy sản
27345,DHL,quan-ly-thuy-san,C04,Điểm học bạ,2025,18.0,Quản lý thủy sản
27346,DHL,quan-ly-thuy-san,C14,Điểm học bạ,2025,18.0,Quản lý thủy sản
27347,DHL,quan-ly-thuy-san,D01,Điểm học bạ,2025,18.0,Quản lý thủy sản
27348,DHL,quan-ly-thuy-san,X01,Điểm học bạ,2025,18.0,Quản lý thủy sản
27349,DHL,quan-ly-thuy-san,X09,Điểm học bạ,2025,18.0,Quản lý thủy sản
27350,DHL,quan-ly-thuy-san,X13,Điểm học bạ,2025,18.0,Quản lý thủy sản
27351,DHL,quan-ly-thuy-san,X21,Điểm học bạ,2025,18.0,Quản lý thủy sản
27352,DHL,quan-ly-thuy-san,A00,Điểm thi THPT,2025,15.0,Quản lý thủy sản
27353,DHL,quan-ly-thuy-san,A09,Điểm thi THPT,2025,15.0,Quản lý thủy sản
27354,DHL,quan-ly-thuy-san,A11,Điểm thi THPT,2025,15.0,Quản lý thủy sản
27355,DHL,quan-ly-thuy-san,B00,Điểm thi THPT,2025,15.0,Quản lý thủy sản
27356,DHL,quan-ly-thuy-san,B03,Điểm thi THPT,2025,15.0,Quản lý thủy sản
27357,DHL,quan-ly-thuy-san,B04,Điểm thi THPT,2025,15.0,Quản lý thủy sản
27358,DHL,quan-ly-thuy-san,C02,Điểm thi THPT,2025,15.0,Quản lý thủy sản
27359,DHL,quan-ly-thuy-san,C04,Điểm thi THPT,2025,15.0,Quản lý thủy sản
27360,DHL,quan-ly-thuy-san,C14,Điểm thi THPT,2025,15.0,Quản lý thủy sản
27361,DHL,quan-ly-thuy-san,D01,Điểm thi THPT,2025,15.0,Quản lý thủy sản
27362,DHL,quan-ly-thuy-san,X01,Điểm thi THPT,2025,15.0,Quản lý thủy sản
27363,DHL,quan-ly-thuy-san,X09,Điểm thi THPT,2025,15.0,Quản lý thủy sản
27364,DHL,quan-ly-thuy-san,X13,Điểm thi THPT,2025,15.0,Quản lý thủy sản
27365,DHL,quan-ly-thuy-san,X21,Điểm thi THPT,2025,15.0,Quản lý thủy sản
27366,DHL,sinh-hoc-ung-dung,A00,Điểm học bạ,2021,18.0,Sinh học ứng dụng
27367,DHL,sinh-hoc-ung-dung,A02,Điểm học bạ,2021,18.0,Sinh học ứng dụng
27368,DHL,sinh-hoc-ung-dung,B00,Điểm học bạ,2021,18.0,Sinh học ứng dụng
27369,DHL,sinh-hoc-ung-dung,D08,Điểm học bạ,2021,18.0,Sinh học ứng dụng
27370,DHL,sinh-hoc-ung-dung,A00,Điểm thi THPT,2021,15.0,Sinh học ứng dụng
27371,DHL,sinh-hoc-ung-dung,A02,Điểm thi THPT,2021,15.0,Sinh học ứng dụng
27372,DHL,sinh-hoc-ung-dung,B00,Điểm thi THPT,2021,15.0,Sinh học ứng dụng
27373,DHL,sinh-hoc-ung-dung,D08,Điểm thi THPT,2021,15.0,Sinh học ứng dụng
27374,DHL,thu-y,A00,Điểm học bạ,2021,21.0,Thú y
27375,DHL,thu-y,A02,Điểm học bạ,2021,21.0,Thú y
27376,DHL,thu-y,B00,Điểm học bạ,2021,21.0,Thú y
27377,DHL,thu-y,D08,Điểm học bạ,2021,21.0,Thú y
27378,DHL,thu-y,A00,Điểm thi THPT,2021,20.5,Thú y
27379,DHL,thu-y,A02,Điểm thi THPT,2021,20.5,Thú y
27380,DHL,thu-y,B00,Điểm thi THPT,2021,20.5,Thú y
27381,DHL,thu-y,D08,Điểm thi THPT,2021,20.5,Thú y
27382,DHL,thu-y,A00,Điểm thi THPT,2022,20.0,Thú y
27383,DHL,thu-y,A02,Điểm thi THPT,2022,20.0,Thú y
27384,DHL,thu-y,B00,Điểm thi THPT,2022,20.0,Thú y
27385,DHL,thu-y,D08,Điểm thi THPT,2022,20.0,Thú y
27386,DHL,thu-y,A00,Điểm học bạ,2023,21.0,Thú y
27387,DHL,thu-y,A02,Điểm học bạ,2023,21.0,Thú y
27388,DHL,thu-y,B00,Điểm học bạ,2023,21.0,Thú y
27389,DHL,thu-y,D08,Điểm học bạ,2023,21.0,Thú y
27390,DHL,thu-y,A00,Điểm thi THPT,2023,18.0,Thú y
27391,DHL,thu-y,A02,Điểm thi THPT,2023,18.0,Thú y
27392,DHL,thu-y,B00,Điểm thi THPT,2023,18.0,Thú y
27393,DHL,thu-y,D08,Điểm thi THPT,2023,18.0,Thú y
27394,DHL,thu-y,A00,Điểm học bạ,2024,21.0,Thú y
27395,DHL,thu-y,A02,Điểm học bạ,2024,21.0,Thú y
27396,DHL,thu-y,B00,Điểm học bạ,2024,21.0,Thú y
27397,DHL,thu-y,D08,Điểm học bạ,2024,21.0,Thú y
27398,DHL,thu-y,A00,Điểm thi THPT,2024,17.5,Thú y
27399,DHL,thu-y,A02,Điểm thi THPT,2024,17.5,Thú y
27400,DHL,thu-y,B00,Điểm thi THPT,2024,17.5,Thú y
27401,DHL,thu-y,D08,Điểm thi THPT,2024,17.5,Thú y
27402,DHL,thu-y,A00,Điểm học bạ,2025,21.94,Thú y
27403,DHL,thu-y,B00,Điểm học bạ,2025,21.94,Thú y
27404,DHL,thu-y,C04,Điểm học bạ,2025,21.94,Thú y
27405,DHL,thu-y,D01,Điểm học bạ,2025,21.94,Thú y
27406,DHL,thu-y,X04,Điểm học bạ,2025,21.94,Thú y
27407,DHL,thu-y,X12,Điểm học bạ,2025,21.94,Thú y
27408,DHL,thu-y,A00,Điểm thi THPT,2025,19.5,Thú y
27409,DHL,thu-y,B00,Điểm thi THPT,2025,19.5,Thú y
27410,DHL,thu-y,C04,Điểm thi THPT,2025,19.5,Thú y
27411,DHL,thu-y,D01,Điểm thi THPT,2025,19.5,Thú y
27412,DHL,thu-y,X04,Điểm thi THPT,2025,19.5,Thú y
27413,DHL,thu-y,X12,Điểm thi THPT,2025,19.5,Thú y
27414,DHN,dieu-khac,H00,Điểm thi THPT,2021,18.0,Điêu khắc
27415,DHN,dieu-khac,H00,Điểm thi THPT,2022,18.0,Điêu khắc
27416,DHN,dieu-khac,H00,Điểm học bạ,2023,18.0,Điêu khắc
27417,DHN,dieu-khac,H00,Điểm thi THPT,2023,22.0,Điêu khắc
27418,DHN,dieu-khac,H00,Điểm học bạ,2024,20.0,Điêu khắc
27419,DHN,dieu-khac,H00,Điểm thi THPT,2024,18.5,Điêu khắc
27420,DHN,dieu-khac,H00,Điểm học bạ,2025,20.25,Điêu khắc
27421,DHN,dieu-khac,H00,Điểm thi THPT,2025,18.0,Điêu khắc
27422,DHN,hoi-hoa,H00,Điểm thi THPT,2021,18.0,Hội họa (Gồm 2 chuyên ngành: Hội họa;Tạo hình đa phương tiện)
27423,DHN,hoi-hoa,H00,Điểm thi THPT,2022,19.0,Hội họa
27424,DHN,hoi-hoa,H00,Điểm học bạ,2023,18.0,"Hội họa (Gồm 2 chuyên ngành: Hội họa, Tạo hình đa phương tiện)"
27425,DHN,hoi-hoa,H00,Điểm thi THPT,2023,18.5,Hội họa
27426,DHN,hoi-hoa,H00,Điểm học bạ,2024,20.0,Hội họa
27427,DHN,hoi-hoa,H00,Điểm thi THPT,2024,18.5,Hội họa
27428,DHN,hoi-hoa,H00,Điểm học bạ,2025,20.25,Hội hoạ
27429,DHN,hoi-hoa,H00,Điểm thi THPT,2025,18.0,Hội hoạ
27430,DHN,su-pham-my-thuat,H00,Điểm thi THPT,2021,18.0,Sư Phạm Mỹ thuật
27431,DHN,su-pham-my-thuat,H00,Điểm thi THPT,2022,20.0,Sư phạm Mỹ thuật
27432,DHN,su-pham-my-thuat,H00,Điểm học bạ,2023,18.0,Sư phạm Mỹ thuật
27433,DHN,su-pham-my-thuat,H00,Điểm thi THPT,2023,24.0,Sư phạm Mỹ thuật
27434,DHN,su-pham-my-thuat,H00,Điểm học bạ,2024,24.3,Sư phạm Mỹ thuật
27435,DHN,su-pham-my-thuat,H00,Điểm thi THPT,2024,21.0,Sư phạm Mỹ thuật
27436,DHN,su-pham-my-thuat,H00,Điểm học bạ,2025,22.75,Sư phạm Mỹ thuật
27437,DHN,su-pham-my-thuat,H00,Điểm thi THPT,2025,20.5,Sư phạm Mỹ thuật
27438,DHN,thiet-ke-do-hoa,H00,Điểm thi THPT,2021,18.0,Thiết kế Đồ họa (Gồm 2 chuyên nghành: Thiết kế Đồ họa; Thiết kế Mỹ thuật đa phương tiện)
27439,DHN,thiet-ke-do-hoa,H00,Điểm thi THPT,2022,19.5,Thiết kế Đồ họa
27440,DHN,thiet-ke-do-hoa,H00,Điểm học bạ,2023,18.0,"Thiết kế Đồ họa (Gồm 2 chuyên ngành: Thiết kế đồ họa, Thiết kế mỹ thuật đa phương tiện)"
27441,DHN,thiet-ke-do-hoa,H00,Điểm thi THPT,2023,18.0,Thiết kế Đồ họa
27442,DHN,thiet-ke-do-hoa,H00,Điểm học bạ,2024,20.0,Thiết kế Đồ họa
27443,DHN,thiet-ke-do-hoa,H00,Điểm thi THPT,2024,18.5,Thiết kế Đồ họa
27444,DHN,thiet-ke-do-hoa,H00,Điểm học bạ,2025,20.25,Thiết kế đồ hoạ
27445,DHN,thiet-ke-do-hoa,H00,Điểm thi THPT,2025,18.0,Thiết kế đồ hoạ
27446,DHN,thiet-ke-noi-that,H00,Điểm thi THPT,2021,18.0,Thiết kế Nội thất (Gồm 2 chuyên nghành: Thiết kế Nội thất; Thiết kế truyền thống)
27447,DHN,thiet-ke-noi-that,H00,Điểm thi THPT,2022,19.0,Thiết kế Nội thất
27448,DHN,thiet-ke-noi-that,H00,Điểm học bạ,2023,18.0,Thiết kế Nội thất
27449,DHN,thiet-ke-noi-that,H00,Điểm thi THPT,2023,18.5,Thiết kế Nội thất
27450,DHN,thiet-ke-noi-that,H00,Điểm học bạ,2024,20.0,Thiết kế Nội thất
27451,DHN,thiet-ke-noi-that,H00,Điểm thi THPT,2024,18.5,Thiết kế Nội thất
27452,DHN,thiet-ke-noi-that,H00,Điểm học bạ,2025,20.25,Thiết kế nội thất
27453,DHN,thiet-ke-noi-that,H00,Điểm thi THPT,2025,18.0,Thiết kế nội thất
27454,DHN,thiet-ke-thoi-trang,H00,Điểm thi THPT,2021,18.0,Thiết kế Thời trang
27455,DHN,thiet-ke-thoi-trang,H00,Điểm thi THPT,2022,19.0,Thiết kế Thời trang
27456,DHN,thiet-ke-thoi-trang,H00,Điểm học bạ,2023,18.0,Thiết kế Thời trang
27457,DHN,thiet-ke-thoi-trang,H00,Điểm thi THPT,2023,18.5,Thiết kế Thời trang
27458,DHN,thiet-ke-thoi-trang,H00,Điểm học bạ,2024,20.0,Thiết kế Thời trang
27459,DHN,thiet-ke-thoi-trang,H00,Điểm thi THPT,2024,18.5,Thiết kế Thời trang
27460,DHN,thiet-ke-thoi-trang,H00,Điểm học bạ,2025,20.25,Thiết kế thời trang
27461,DHN,thiet-ke-thoi-trang,H00,Điểm thi THPT,2025,18.0,Thiết kế thời trang
27462,DHQ,cong-nghe-ky-thuat-moi-truong,A09,Điểm thi THPT,2021,14.0,Công nghệ kỹ thuật môi trường
27463,DHQ,cong-nghe-ky-thuat-moi-truong,B00,Điểm thi THPT,2021,14.0,Công nghệ kỹ thuật môi trường
27464,DHQ,cong-nghe-ky-thuat-moi-truong,B04,Điểm thi THPT,2021,14.0,Công nghệ kỹ thuật môi trường
27465,DHQ,cong-nghe-ky-thuat-moi-truong,D07,Điểm thi THPT,2021,14.0,Công nghệ kỹ thuật môi trường
27466,DHQ,cong-nghe-ky-thuat-moi-truong,A09,Điểm thi THPT,2022,15.0,Công nghệ kỹ thuật môi trường
27467,DHQ,cong-nghe-ky-thuat-moi-truong,B00,Điểm thi THPT,2022,15.0,Công nghệ kỹ thuật môi trường
27468,DHQ,cong-nghe-ky-thuat-moi-truong,B04,Điểm thi THPT,2022,15.0,Công nghệ kỹ thuật môi trường
27469,DHQ,cong-nghe-ky-thuat-moi-truong,D07,Điểm thi THPT,2022,15.0,Công nghệ kỹ thuật môi trường
27470,DHQ,cong-nghe-ky-thuat-moi-truong,A09,Điểm học bạ,2023,18.0,Công nghệ kỹ thuật môi trường
27471,DHQ,cong-nghe-ky-thuat-moi-truong,B00,Điểm học bạ,2023,18.0,Công nghệ kỹ thuật môi trường
27472,DHQ,cong-nghe-ky-thuat-moi-truong,B04,Điểm học bạ,2023,18.0,Công nghệ kỹ thuật môi trường
27473,DHQ,cong-nghe-ky-thuat-moi-truong,D07,Điểm học bạ,2023,18.0,Công nghệ kỹ thuật môi trường
27474,DHQ,cong-nghe-ky-thuat-moi-truong,A09,Điểm thi THPT,2023,15.0,Công nghệ kỹ thuật môi trường
27475,DHQ,cong-nghe-ky-thuat-moi-truong,B00,Điểm thi THPT,2023,15.0,Công nghệ kỹ thuật môi trường
27476,DHQ,cong-nghe-ky-thuat-moi-truong,B04,Điểm thi THPT,2023,15.0,Công nghệ kỹ thuật môi trường
27477,DHQ,cong-nghe-ky-thuat-moi-truong,D07,Điểm thi THPT,2023,15.0,Công nghệ kỹ thuật môi trường
27478,DHQ,cong-nghe-ky-thuat-moi-truong,A09,Điểm học bạ,2024,18.0,Công nghệ kỹ thuật môi trường
27479,DHQ,cong-nghe-ky-thuat-moi-truong,B00,Điểm học bạ,2024,18.0,Công nghệ kỹ thuật môi trường
27480,DHQ,cong-nghe-ky-thuat-moi-truong,B04,Điểm học bạ,2024,18.0,Công nghệ kỹ thuật môi trường
27481,DHQ,cong-nghe-ky-thuat-moi-truong,D07,Điểm học bạ,2024,18.0,Công nghệ kỹ thuật môi trường
27482,DHQ,cong-nghe-ky-thuat-moi-truong,A09,Điểm thi THPT,2024,15.0,Công nghệ kỹ thuật môi trường
27483,DHQ,cong-nghe-ky-thuat-moi-truong,B00,Điểm thi THPT,2024,15.0,Công nghệ kỹ thuật môi trường
27484,DHQ,cong-nghe-ky-thuat-moi-truong,B04,Điểm thi THPT,2024,15.0,Công nghệ kỹ thuật môi trường
27485,DHQ,cong-nghe-ky-thuat-moi-truong,D07,Điểm thi THPT,2024,15.0,Công nghệ kỹ thuật môi trường
27486,DHQ,cong-nghe-thong-tin,A00,Điểm thi THPT,2021,15.0,Công nghệ thông tin
27487,DHQ,cong-nghe-thong-tin,A01,Điểm thi THPT,2021,15.0,Công nghệ thông tin
27488,DHQ,cong-nghe-thong-tin,D01,Điểm thi THPT,2021,15.0,Công nghệ thông tin
27489,DHQ,cong-nghe-thong-tin,D07,Điểm thi THPT,2021,15.0,Công nghệ thông tin
27490,DHQ,cong-nghe-thong-tin,A00,Điểm thi THPT,2022,17.0,Công nghệ thông tin
27491,DHQ,cong-nghe-thong-tin,A01,Điểm thi THPT,2022,17.0,Công nghệ thông tin
27492,DHQ,cong-nghe-thong-tin,D01,Điểm thi THPT,2022,17.0,Công nghệ thông tin
27493,DHQ,cong-nghe-thong-tin,D07,Điểm thi THPT,2022,17.0,Công nghệ thông tin
27494,DHQ,du-lich,A00,Điểm thi THPT,2022,17.0,Du lịch
27495,DHQ,du-lich,C00,Điểm thi THPT,2022,17.0,Du lịch
27496,DHQ,du-lich,D01,Điểm thi THPT,2022,17.0,Du lịch
27497,DHQ,du-lich,D10,Điểm thi THPT,2022,17.0,Du lịch
27498,DHQ,kinh-te-xay-dung,A00,Điểm thi THPT,2021,14.0,Kinh tế xây dựng
27499,DHQ,kinh-te-xay-dung,A01,Điểm thi THPT,2021,14.0,Kinh tế xây dựng
27500,DHQ,kinh-te-xay-dung,A09,Điểm thi THPT,2021,14.0,Kinh tế xây dựng
27501,DHQ,kinh-te-xay-dung,C14,Điểm thi THPT,2021,14.0,Kinh tế xây dựng
27502,DHQ,kinh-te-xay-dung,A00,Điểm thi THPT,2022,15.0,Kinh tế xây dựng
27503,DHQ,kinh-te-xay-dung,A01,Điểm thi THPT,2022,15.0,Kinh tế xây dựng
27504,DHQ,kinh-te-xay-dung,A09,Điểm thi THPT,2022,15.0,Kinh tế xây dựng
27505,DHQ,kinh-te-xay-dung,C14,Điểm thi THPT,2022,15.0,Kinh tế xây dựng
27506,DHQ,kinh-te-xay-dung,A00,Điểm học bạ,2023,18.0,Kinh tế xây dựng
27507,DHQ,kinh-te-xay-dung,A01,Điểm học bạ,2023,18.0,Kinh tế xây dựng
27508,DHQ,kinh-te-xay-dung,C01,Điểm học bạ,2023,18.0,Kinh tế xây dựng
27509,DHQ,kinh-te-xay-dung,D01,Điểm học bạ,2023,18.0,Kinh tế xây dựng
27510,DHQ,kinh-te-xay-dung,A00,Điểm thi THPT,2023,15.0,Kinh tế xây dựng
27511,DHQ,kinh-te-xay-dung,A01,Điểm thi THPT,2023,15.0,Kinh tế xây dựng
27512,DHQ,kinh-te-xay-dung,C01,Điểm thi THPT,2023,15.0,Kinh tế xây dựng
27513,DHQ,kinh-te-xay-dung,D01,Điểm thi THPT,2023,15.0,Kinh tế xây dựng
27514,DHQ,kinh-te-xay-dung,A00,Điểm học bạ,2024,18.0,Kinh tế xây dựng
27515,DHQ,kinh-te-xay-dung,A01,Điểm học bạ,2024,18.0,Kinh tế xây dựng
27516,DHQ,kinh-te-xay-dung,C01,Điểm học bạ,2024,18.0,Kinh tế xây dựng
27517,DHQ,kinh-te-xay-dung,D01,Điểm học bạ,2024,18.0,Kinh tế xây dựng
27518,DHQ,kinh-te-xay-dung,A00,Điểm thi THPT,2024,15.0,Kinh tế xây dựng
27519,DHQ,kinh-te-xay-dung,A01,Điểm thi THPT,2024,15.0,Kinh tế xây dựng
27520,DHQ,kinh-te-xay-dung,C01,Điểm thi THPT,2024,15.0,Kinh tế xây dựng
27521,DHQ,kinh-te-xay-dung,D01,Điểm thi THPT,2024,15.0,Kinh tế xây dựng
27522,DHQ,ky-thuat-dien,A00,Điểm thi THPT,2021,14.0,Kỹ thuật điện
27523,DHQ,ky-thuat-dien,A01,Điểm thi THPT,2021,14.0,Kỹ thuật điện
27524,DHQ,ky-thuat-dien,A10,Điểm thi THPT,2021,14.0,Kỹ thuật điện
27525,DHQ,ky-thuat-dien,D07,Điểm thi THPT,2021,14.0,Kỹ thuật điện
27526,DHQ,ky-thuat-dien,A00,Điểm thi THPT,2022,16.0,Kỹ thuật điện
27527,DHQ,ky-thuat-dien,A01,Điểm thi THPT,2022,16.0,Kỹ thuật điện
27528,DHQ,ky-thuat-dien,A10,Điểm thi THPT,2022,16.0,Kỹ thuật điện
27529,DHQ,ky-thuat-dien,D07,Điểm thi THPT,2022,16.0,Kỹ thuật điện
27530,DHQ,ky-thuat-dien,A00,Điểm học bạ,2023,18.0,Kỹ thuật điện
27531,DHQ,ky-thuat-dien,A01,Điểm học bạ,2023,18.0,Kỹ thuật điện
27532,DHQ,ky-thuat-dien,D01,Điểm học bạ,2023,18.0,Kỹ thuật điện
27533,DHQ,ky-thuat-dien,A00,Điểm thi THPT,2023,15.0,Kỹ thuật điện
27534,DHQ,ky-thuat-dien,A01,Điểm thi THPT,2023,15.0,Kỹ thuật điện
27535,DHQ,ky-thuat-dien,D01,Điểm thi THPT,2023,15.0,Kỹ thuật điện
27536,DHQ,ky-thuat-dien,A00,Điểm học bạ,2024,18.0,Kỹ thuật điện
27537,DHQ,ky-thuat-dien,A01,Điểm học bạ,2024,18.0,Kỹ thuật điện
27538,DHQ,ky-thuat-dien,D01,Điểm học bạ,2024,18.0,Kỹ thuật điện
27539,DHQ,ky-thuat-dien,A00,Điểm thi THPT,2024,15.0,Kỹ thuật điện
27540,DHQ,ky-thuat-dien,A01,Điểm thi THPT,2024,15.0,Kỹ thuật điện
27541,DHQ,ky-thuat-dien,D01,Điểm thi THPT,2024,15.0,Kỹ thuật điện
27542,DHQ,ky-thuat-dien,A00,Điểm học bạ,2025,18.0,Kỹ thuật điện
27543,DHQ,ky-thuat-dien,A01,Điểm học bạ,2025,18.0,Kỹ thuật điện
27544,DHQ,ky-thuat-dien,C01,Điểm học bạ,2025,18.0,Kỹ thuật điện
27545,DHQ,ky-thuat-dien,D01,Điểm học bạ,2025,18.0,Kỹ thuật điện
27546,DHQ,ky-thuat-dien,X06,Điểm học bạ,2025,18.0,Kỹ thuật điện
27547,DHQ,ky-thuat-dien,X07,Điểm học bạ,2025,18.0,Kỹ thuật điện
27548,DHQ,ky-thuat-dien,A00,Điểm thi THPT,2025,15.0,Kỹ thuật điện
27549,DHQ,ky-thuat-dien,A01,Điểm thi THPT,2025,15.0,Kỹ thuật điện
27550,DHQ,ky-thuat-dien,C01,Điểm thi THPT,2025,15.0,Kỹ thuật điện
27551,DHQ,ky-thuat-dien,D01,Điểm thi THPT,2025,15.0,Kỹ thuật điện
27552,DHQ,ky-thuat-dien,X06,Điểm thi THPT,2025,15.0,Kỹ thuật điện
27553,DHQ,ky-thuat-dien,X07,Điểm thi THPT,2025,15.0,Kỹ thuật điện
27554,DHQ,ky-thuat-dieu-khien-va-tu-dong-hoa,A00,Điểm thi THPT,2021,14.0,Kỹ thuật điều khiển và tự động hóa
27555,DHQ,ky-thuat-dieu-khien-va-tu-dong-hoa,A01,Điểm thi THPT,2021,14.0,Kỹ thuật điều khiển và tự động hóa
27556,DHQ,ky-thuat-dieu-khien-va-tu-dong-hoa,A10,Điểm thi THPT,2021,14.0,Kỹ thuật điều khiển và tự động hóa
27557,DHQ,ky-thuat-dieu-khien-va-tu-dong-hoa,D07,Điểm thi THPT,2021,14.0,Kỹ thuật điều khiển và tự động hóa
27558,DHQ,ky-thuat-dieu-khien-va-tu-dong-hoa,A00,Điểm thi THPT,2022,16.0,Kỹ thuật điều khiển và tự động hóa
27559,DHQ,ky-thuat-dieu-khien-va-tu-dong-hoa,A01,Điểm thi THPT,2022,16.0,Kỹ thuật điều khiển và tự động hóa
27560,DHQ,ky-thuat-dieu-khien-va-tu-dong-hoa,A10,Điểm thi THPT,2022,16.0,Kỹ thuật điều khiển và tự động hóa
27561,DHQ,ky-thuat-dieu-khien-va-tu-dong-hoa,D07,Điểm thi THPT,2022,16.0,Kỹ thuật điều khiển và tự động hóa
27562,DHQ,ky-thuat-dieu-khien-va-tu-dong-hoa,A00,Điểm học bạ,2023,18.0,Kỹ thuật điều khiển và tự động hóa
27563,DHQ,ky-thuat-dieu-khien-va-tu-dong-hoa,A01,Điểm học bạ,2023,18.0,Kỹ thuật điều khiển và tự động hóa
27564,DHQ,ky-thuat-dieu-khien-va-tu-dong-hoa,D01,Điểm học bạ,2023,18.0,Kỹ thuật điều khiển và tự động hóa
27565,DHQ,ky-thuat-dieu-khien-va-tu-dong-hoa,A00,Điểm thi THPT,2023,15.0,Kỹ thuật diều khiển và tự động hóa
27566,DHQ,ky-thuat-dieu-khien-va-tu-dong-hoa,A01,Điểm thi THPT,2023,15.0,Kỹ thuật diều khiển và tự động hóa
27567,DHQ,ky-thuat-dieu-khien-va-tu-dong-hoa,D01,Điểm thi THPT,2023,15.0,Kỹ thuật diều khiển và tự động hóa
27568,DHQ,ky-thuat-dieu-khien-va-tu-dong-hoa,A00,Điểm học bạ,2024,18.0,Kỹ thuật điều khiển và tự động hóa
27569,DHQ,ky-thuat-dieu-khien-va-tu-dong-hoa,A01,Điểm học bạ,2024,18.0,Kỹ thuật điều khiển và tự động hóa
27570,DHQ,ky-thuat-dieu-khien-va-tu-dong-hoa,D01,Điểm học bạ,2024,18.0,Kỹ thuật điều khiển và tự động hóa
27571,DHQ,ky-thuat-dieu-khien-va-tu-dong-hoa,A00,Điểm thi THPT,2024,15.0,Kỹ thuật diều khiển và tự động hóa
27572,DHQ,ky-thuat-dieu-khien-va-tu-dong-hoa,A01,Điểm thi THPT,2024,15.0,Kỹ thuật diều khiển và tự động hóa
27573,DHQ,ky-thuat-dieu-khien-va-tu-dong-hoa,D01,Điểm thi THPT,2024,15.0,Kỹ thuật diều khiển và tự động hóa
27574,DHQ,ky-thuat-dieu-kien-va-tu-dong-hoa,A00,Điểm học bạ,2025,18.0,Kỹ thuật điều kiển và tự động hoá
27575,DHQ,ky-thuat-dieu-kien-va-tu-dong-hoa,A01,Điểm học bạ,2025,18.0,Kỹ thuật điều kiển và tự động hoá
27576,DHQ,ky-thuat-dieu-kien-va-tu-dong-hoa,C01,Điểm học bạ,2025,18.0,Kỹ thuật điều kiển và tự động hoá
27577,DHQ,ky-thuat-dieu-kien-va-tu-dong-hoa,D01,Điểm học bạ,2025,18.0,Kỹ thuật điều kiển và tự động hoá
27578,DHQ,ky-thuat-dieu-kien-va-tu-dong-hoa,X06,Điểm học bạ,2025,18.0,Kỹ thuật điều kiển và tự động hoá
27579,DHQ,ky-thuat-dieu-kien-va-tu-dong-hoa,X07,Điểm học bạ,2025,18.0,Kỹ thuật điều kiển và tự động hoá
27580,DHQ,ky-thuat-dieu-kien-va-tu-dong-hoa,A00,Điểm thi THPT,2025,15.0,Kỹ thuật điều kiển và tự động hoá
27581,DHQ,ky-thuat-dieu-kien-va-tu-dong-hoa,A01,Điểm thi THPT,2025,15.0,Kỹ thuật điều kiển và tự động hoá
27582,DHQ,ky-thuat-dieu-kien-va-tu-dong-hoa,C01,Điểm thi THPT,2025,15.0,Kỹ thuật điều kiển và tự động hoá
27583,DHQ,ky-thuat-dieu-kien-va-tu-dong-hoa,D01,Điểm thi THPT,2025,15.0,Kỹ thuật điều kiển và tự động hoá
27584,DHQ,ky-thuat-dieu-kien-va-tu-dong-hoa,X06,Điểm thi THPT,2025,15.0,Kỹ thuật điều kiển và tự động hoá
27585,DHQ,ky-thuat-dieu-kien-va-tu-dong-hoa,X07,Điểm thi THPT,2025,15.0,Kỹ thuật điều kiển và tự động hoá
27586,DHQ,ky-thuat-xay-dung,A00,Điểm thi THPT,2021,14.0,Kỹ thuật xây dựng
27587,DHQ,ky-thuat-xay-dung,A01,Điểm thi THPT,2021,14.0,Kỹ thuật xây dựng
27588,DHQ,ky-thuat-xay-dung,A09,Điểm thi THPT,2021,14.0,Kỹ thuật xây dựng
27589,DHQ,ky-thuat-xay-dung,A10,Điểm thi THPT,2021,14.0,Kỹ thuật xây dựng
27590,DHQ,ky-thuat-xay-dung,A00,Điểm thi THPT,2022,15.0,Kỹ thuật xây dựng
27591,DHQ,ky-thuat-xay-dung,A01,Điểm thi THPT,2022,15.0,Kỹ thuật xây dựng
27592,DHQ,ky-thuat-xay-dung,A09,Điểm thi THPT,2022,15.0,Kỹ thuật xây dựng
27593,DHQ,ky-thuat-xay-dung,A10,Điểm thi THPT,2022,15.0,Kỹ thuật xây dựng
27594,DHQ,ky-thuat-xay-dung,A00,Điểm học bạ,2023,18.0,Kỹ thuật xây dựng
27595,DHQ,ky-thuat-xay-dung,A01,Điểm học bạ,2023,18.0,Kỹ thuật xây dựng
27596,DHQ,ky-thuat-xay-dung,D01,Điểm học bạ,2023,18.0,Kỹ thuật xây dựng
27597,DHQ,ky-thuat-xay-dung,A00,Điểm thi THPT,2023,15.0,Kỹ thuật xây dựng
27598,DHQ,ky-thuat-xay-dung,A01,Điểm thi THPT,2023,15.0,Kỹ thuật xây dựng
27599,DHQ,ky-thuat-xay-dung,D01,Điểm thi THPT,2023,15.0,Kỹ thuật xây dựng
27600,DHQ,ky-thuat-xay-dung,A00,Điểm học bạ,2024,18.0,Kỹ thuật xây dựng
27601,DHQ,ky-thuat-xay-dung,A01,Điểm học bạ,2024,18.0,Kỹ thuật xây dựng
27602,DHQ,ky-thuat-xay-dung,D01,Điểm học bạ,2024,18.0,Kỹ thuật xây dựng
27603,DHQ,ky-thuat-xay-dung,A00,Điểm thi THPT,2024,15.0,Kỹ thuật xây dựng
27604,DHQ,ky-thuat-xay-dung,A01,Điểm thi THPT,2024,15.0,Kỹ thuật xây dựng
27605,DHQ,ky-thuat-xay-dung,D01,Điểm thi THPT,2024,15.0,Kỹ thuật xây dựng
27606,DHQ,ky-thuat-xay-dung,A00,Điểm học bạ,2025,18.0,Kỹ thuật xây dựng
27607,DHQ,ky-thuat-xay-dung,A01,Điểm học bạ,2025,18.0,Kỹ thuật xây dựng
27608,DHQ,ky-thuat-xay-dung,C01,Điểm học bạ,2025,18.0,Kỹ thuật xây dựng
27609,DHQ,ky-thuat-xay-dung,D01,Điểm học bạ,2025,18.0,Kỹ thuật xây dựng
27610,DHQ,ky-thuat-xay-dung,X06,Điểm học bạ,2025,18.0,Kỹ thuật xây dựng
27611,DHQ,ky-thuat-xay-dung,X07,Điểm học bạ,2025,18.0,Kỹ thuật xây dựng
27612,DHQ,ky-thuat-xay-dung,A00,Điểm thi THPT,2025,15.0,Kỹ thuật xây dựng
27613,DHQ,ky-thuat-xay-dung,A01,Điểm thi THPT,2025,15.0,Kỹ thuật xây dựng
27614,DHQ,ky-thuat-xay-dung,C01,Điểm thi THPT,2025,15.0,Kỹ thuật xây dựng
27615,DHQ,ky-thuat-xay-dung,D01,Điểm thi THPT,2025,15.0,Kỹ thuật xây dựng
27616,DHQ,ky-thuat-xay-dung,X06,Điểm thi THPT,2025,15.0,Kỹ thuật xây dựng
27617,DHQ,ky-thuat-xay-dung,X07,Điểm thi THPT,2025,15.0,Kỹ thuật xây dựng
27618,DHQ,marketing,A00,Điểm thi THPT,2021,22.0,Marketing
27619,DHQ,marketing,A01,Điểm thi THPT,2021,22.0,Marketing
27620,DHQ,marketing,C15,Điểm thi THPT,2021,22.0,Marketing
27621,DHQ,marketing,D01,Điểm thi THPT,2021,22.0,Marketing
27622,DHQ,quan-tri-dich-vu-du-lich-va-lu-hanh,A00,Điểm thi THPT,2021,14.0,Quản trị dịch vụ du lịch và lữ hành
27623,DHQ,quan-tri-dich-vu-du-lich-va-lu-hanh,C00,Điểm thi THPT,2021,14.0,Quản trị dịch vụ du lịch và lữ hành
27624,DHQ,quan-tri-dich-vu-du-lich-va-lu-hanh,D01,Điểm thi THPT,2021,14.0,Quản trị dịch vụ du lịch và lữ hành
27625,DHQ,quan-tri-dich-vu-du-lich-va-lu-hanh,D10,Điểm thi THPT,2021,14.0,Quản trị dịch vụ du lịch và lữ hành
27626,DHQ,quan-tri-dich-vu-du-lich-va-lu-hanh,A00,Điểm thi THPT,2022,17.0,Quản trị dịch vụ du lịch và lữ hành
27627,DHQ,quan-tri-dich-vu-du-lich-va-lu-hanh,C00,Điểm thi THPT,2022,17.0,Quản trị dịch vụ du lịch và lữ hành
27628,DHQ,quan-tri-dich-vu-du-lich-va-lu-hanh,D01,Điểm thi THPT,2022,17.0,Quản trị dịch vụ du lịch và lữ hành
27629,DHQ,quan-tri-dich-vu-du-lich-va-lu-hanh,D10,Điểm thi THPT,2022,17.0,Quản trị dịch vụ du lịch và lữ hành
27630,DHQ,quan-tri-khach-san,A00,Điểm thi THPT,2021,14.0,Quản trị khách sạn
27631,DHQ,quan-tri-khach-san,C00,Điểm thi THPT,2021,14.0,Quản trị khách sạn
27632,DHQ,quan-tri-khach-san,D01,Điểm thi THPT,2021,14.0,Quản trị khách sạn
27633,DHQ,quan-tri-khach-san,D10,Điểm thi THPT,2021,14.0,Quản trị khách sạn
27634,DHQ,quan-tri-kinh-doanh,A00,Điểm thi THPT,2021,21.0,Quản trị kinh doanh
27635,DHQ,quan-tri-kinh-doanh,A01,Điểm thi THPT,2021,21.0,Quản trị kinh doanh
27636,DHQ,quan-tri-kinh-doanh,C15,Điểm thi THPT,2021,21.0,Quản trị kinh doanh
27637,DHQ,quan-tri-kinh-doanh,D01,Điểm thi THPT,2021,21.0,Quản trị kinh doanh
27638,DHS,giao-duc-chinh-tri,C00,Điểm thi THPT,2021,19.0,Giáo dục chính trị
27639,DHS,giao-duc-chinh-tri,C19,Điểm thi THPT,2021,19.0,Giáo dục chính trị
27640,DHS,giao-duc-chinh-tri,C20,Điểm thi THPT,2021,19.0,Giáo dục chính trị
27641,DHS,giao-duc-chinh-tri,D66,Điểm thi THPT,2021,19.0,Giáo dục chính trị
27642,DHS,giao-duc-chinh-tri,C00,Điểm thi THPT,2022,19.0,Giáo dục chính trị
27643,DHS,giao-duc-chinh-tri,C19,Điểm thi THPT,2022,19.0,Giáo dục chính trị
27644,DHS,giao-duc-chinh-tri,C20,Điểm thi THPT,2022,19.0,Giáo dục chính trị
27645,DHS,giao-duc-chinh-tri,D66,Điểm thi THPT,2022,19.0,Giáo dục chính trị
27646,DHS,giao-duc-chinh-tri,C00,Điểm học bạ,2023,26.0,Giáo dục chính trị
27647,DHS,giao-duc-chinh-tri,C19,Điểm học bạ,2023,26.0,Giáo dục chính trị
27648,DHS,giao-duc-chinh-tri,C20,Điểm học bạ,2023,26.0,Giáo dục chính trị
27649,DHS,giao-duc-chinh-tri,D66,Điểm học bạ,2023,26.0,Giáo dục chính trị
27650,DHS,giao-duc-chinh-tri,C00,Điểm thi THPT,2023,25.5,Giáo dục Chính trị
27651,DHS,giao-duc-chinh-tri,C19,Điểm thi THPT,2023,25.5,Giáo dục Chính trị
27652,DHS,giao-duc-chinh-tri,C20,Điểm thi THPT,2023,25.5,Giáo dục Chính trị
27653,DHS,giao-duc-chinh-tri,D66,Điểm thi THPT,2023,25.5,Giáo dục Chính trị
27654,DHS,giao-duc-chinh-tri,C00,Điểm học bạ,2024,27.6,Giáo dục Chính trị
27655,DHS,giao-duc-chinh-tri,C19,Điểm học bạ,2024,27.6,Giáo dục Chính trị
27656,DHS,giao-duc-chinh-tri,C20,Điểm học bạ,2024,27.6,Giáo dục Chính trị
27657,DHS,giao-duc-chinh-tri,D66,Điểm học bạ,2024,27.6,Giáo dục Chính trị
27658,DHS,giao-duc-chinh-tri,C00,Điểm thi THPT,2024,27.05,Giáo dục Chính trị
27659,DHS,giao-duc-chinh-tri,C19,Điểm thi THPT,2024,27.05,Giáo dục Chính trị
27660,DHS,giao-duc-chinh-tri,C20,Điểm thi THPT,2024,27.05,Giáo dục Chính trị
27661,DHS,giao-duc-chinh-tri,D66,Điểm thi THPT,2024,27.05,Giáo dục Chính trị
27662,DHS,giao-duc-chinh-tri,C00,Điểm thi THPT,2025,27.3,Giáo dục Chính trị
27663,DHS,giao-duc-chinh-tri,C19,Điểm thi THPT,2025,27.3,Giáo dục Chính trị
27664,DHS,giao-duc-chinh-tri,C20,Điểm thi THPT,2025,27.3,Giáo dục Chính trị
27665,DHS,giao-duc-chinh-tri,D66,Điểm thi THPT,2025,27.3,Giáo dục Chính trị
27666,DHS,giao-duc-chinh-tri,X01,Điểm thi THPT,2025,27.3,Giáo dục Chính trị
27667,DHS,giao-duc-chinh-tri,X25,Điểm thi THPT,2025,27.3,Giáo dục Chính trị
27668,DHS,giao-duc-chinh-tri,X70,Điểm thi THPT,2025,27.3,Giáo dục Chính trị
27669,DHS,giao-duc-chinh-tri,X74,Điểm thi THPT,2025,27.3,Giáo dục Chính trị
27670,DHS,giao-duc-chinh-tri,X78,Điểm thi THPT,2025,27.3,Giáo dục Chính trị
27671,DHS,giao-duc-cong-dan,C00,Điểm thi THPT,2021,19.0,Giáo dục công dân
27672,DHS,giao-duc-cong-dan,C19,Điểm thi THPT,2021,19.0,Giáo dục công dân
27673,DHS,giao-duc-cong-dan,C20,Điểm thi THPT,2021,19.0,Giáo dục công dân
27674,DHS,giao-duc-cong-dan,D66,Điểm thi THPT,2021,19.0,Giáo dục công dân
27675,DHS,giao-duc-cong-dan,C00,Điểm thi THPT,2022,19.0,Giáo dục công dân
27676,DHS,giao-duc-cong-dan,C19,Điểm thi THPT,2022,19.0,Giáo dục công dân
27677,DHS,giao-duc-cong-dan,C20,Điểm thi THPT,2022,19.0,Giáo dục công dân
27678,DHS,giao-duc-cong-dan,D66,Điểm thi THPT,2022,19.0,Giáo dục công dân
27679,DHS,giao-duc-cong-dan,C00,Điểm học bạ,2023,26.0,Giáo dục công dân
27680,DHS,giao-duc-cong-dan,C19,Điểm học bạ,2023,26.0,Giáo dục công dân
27681,DHS,giao-duc-cong-dan,C20,Điểm học bạ,2023,26.0,Giáo dục công dân
27682,DHS,giao-duc-cong-dan,D66,Điểm học bạ,2023,26.0,Giáo dục công dân
27683,DHS,giao-duc-cong-dan,C00,Điểm thi THPT,2023,25.6,Giáo dục công dân
27684,DHS,giao-duc-cong-dan,C19,Điểm thi THPT,2023,25.6,Giáo dục công dân
27685,DHS,giao-duc-cong-dan,C20,Điểm thi THPT,2023,25.6,Giáo dục công dân
27686,DHS,giao-duc-cong-dan,D66,Điểm thi THPT,2023,25.6,Giáo dục công dân
27687,DHS,giao-duc-cong-dan,C00,Điểm học bạ,2024,27.0,Giáo dục công dân
27688,DHS,giao-duc-cong-dan,C19,Điểm học bạ,2024,27.0,Giáo dục công dân
27689,DHS,giao-duc-cong-dan,C20,Điểm học bạ,2024,27.0,Giáo dục công dân
27690,DHS,giao-duc-cong-dan,D66,Điểm học bạ,2024,27.0,Giáo dục công dân
27691,DHS,giao-duc-cong-dan,C00,Điểm thi THPT,2024,27.3,Giáo dục công dân
27692,DHS,giao-duc-cong-dan,C19,Điểm thi THPT,2024,27.3,Giáo dục công dân
27693,DHS,giao-duc-cong-dan,C20,Điểm thi THPT,2024,27.3,Giáo dục công dân
27694,DHS,giao-duc-cong-dan,D66,Điểm thi THPT,2024,27.3,Giáo dục công dân
27695,DHS,giao-duc-cong-dan,C00,Điểm thi THPT,2025,26.55,Giáo dục Công dân
27696,DHS,giao-duc-cong-dan,C19,Điểm thi THPT,2025,26.55,Giáo dục Công dân
27697,DHS,giao-duc-cong-dan,C20,Điểm thi THPT,2025,26.55,Giáo dục Công dân
27698,DHS,giao-duc-cong-dan,D66,Điểm thi THPT,2025,26.55,Giáo dục Công dân
27699,DHS,giao-duc-cong-dan,X01,Điểm thi THPT,2025,26.55,Giáo dục Công dân
27700,DHS,giao-duc-cong-dan,X25,Điểm thi THPT,2025,26.55,Giáo dục Công dân
27701,DHS,giao-duc-cong-dan,X70,Điểm thi THPT,2025,26.55,Giáo dục Công dân
27702,DHS,giao-duc-cong-dan,X74,Điểm thi THPT,2025,26.55,Giáo dục Công dân
27703,DHS,giao-duc-cong-dan,X78,Điểm thi THPT,2025,26.55,Giáo dục Công dân
27704,DHS,giao-duc-mam-non,M01,Điểm thi THPT,2021,19.0,Giáo dục Mầm non
27705,DHS,giao-duc-mam-non,M09,Điểm thi THPT,2021,19.0,Giáo dục Mầm non
27706,DHS,giao-duc-mam-non,M01,Điểm thi THPT,2022,19.0,Giáo dục Mầm non
27707,DHS,giao-duc-mam-non,M09,Điểm thi THPT,2022,19.0,Giáo dục Mầm non
27708,DHS,giao-duc-mam-non,M01,Điểm học bạ,2023,19.0,Giáo dục Mầm non
27709,DHS,giao-duc-mam-non,M09,Điểm học bạ,2023,19.0,Giáo dục Mầm non
27710,DHS,giao-duc-mam-non,M01,Điểm thi THPT,2023,22.0,Giáo dục Mầm non
27711,DHS,giao-duc-mam-non,M09,Điểm thi THPT,2023,22.0,Giáo dục Mầm non
27712,DHS,giao-duc-mam-non,M01,Điểm học bạ,2024,22.5,Giáo dục Mầm non
27713,DHS,giao-duc-mam-non,M09,Điểm học bạ,2024,22.5,Giáo dục Mầm non
27714,DHS,giao-duc-mam-non,M01,Điểm thi THPT,2024,24.2,Giáo dục Mầm non
27715,DHS,giao-duc-mam-non,M09,Điểm thi THPT,2024,24.2,Giáo dục Mầm non
27716,DHS,giao-duc-mam-non,M01,Điểm thi THPT,2025,23.6,Giáo dục mầm non
27717,DHS,giao-duc-mam-non,M09,Điểm thi THPT,2025,23.6,Giáo dục mầm non
27718,DHS,giao-duc-ouoc-phong-an-ninh,C00,Điểm thi THPT,2023,24.6,Giáo dục Ọuốc phòng - An ninh
27719,DHS,giao-duc-ouoc-phong-an-ninh,C19,Điểm thi THPT,2023,24.6,Giáo dục Ọuốc phòng - An ninh
27720,DHS,giao-duc-ouoc-phong-an-ninh,C20,Điểm thi THPT,2023,24.6,Giáo dục Ọuốc phòng - An ninh
27721,DHS,giao-duc-ouoc-phong-an-ninh,D66,Điểm thi THPT,2023,24.6,Giáo dục Ọuốc phòng - An ninh
27722,DHS,giao-duc-phap-luat,C00,Điểm thi THPT,2021,19.0,Giáo dục pháp luật
27723,DHS,giao-duc-phap-luat,C19,Điểm thi THPT,2021,19.0,Giáo dục pháp luật
27724,DHS,giao-duc-phap-luat,C20,Điểm thi THPT,2021,19.0,Giáo dục pháp luật
27725,DHS,giao-duc-phap-luat,D66,Điểm thi THPT,2021,19.0,Giáo dục pháp luật
27726,DHS,giao-duc-phap-luat,C00,Điểm thi THPT,2022,24.0,Giáo dục pháp luật
27727,DHS,giao-duc-phap-luat,C19,Điểm thi THPT,2022,24.0,Giáo dục pháp luật
27728,DHS,giao-duc-phap-luat,C20,Điểm thi THPT,2022,24.0,Giáo dục pháp luật
27729,DHS,giao-duc-phap-luat,D66,Điểm thi THPT,2022,24.0,Giáo dục pháp luật
27730,DHS,giao-duc-phap-luat,C00,Điểm học bạ,2023,24.0,Giáo dục pháp luật
27731,DHS,giao-duc-phap-luat,C19,Điểm học bạ,2023,24.0,Giáo dục pháp luật
27732,DHS,giao-duc-phap-luat,C20,Điểm học bạ,2023,24.0,Giáo dục pháp luật
27733,DHS,giao-duc-phap-luat,D66,Điểm học bạ,2023,24.0,Giáo dục pháp luật
27734,DHS,giao-duc-phap-luat,C00,Điểm thi THPT,2023,19.0,Giáo dục pháp luật
27735,DHS,giao-duc-phap-luat,C19,Điểm thi THPT,2023,19.0,Giáo dục pháp luật
27736,DHS,giao-duc-phap-luat,D20,Điểm thi THPT,2023,19.0,Giáo dục pháp luật
27737,DHS,giao-duc-phap-luat,D66,Điểm thi THPT,2023,19.0,Giáo dục pháp luật
27738,DHS,giao-duc-phap-luat,C00,Điểm học bạ,2024,25.2,Giáo dục pháp luật
27739,DHS,giao-duc-phap-luat,C19,Điểm học bạ,2024,25.2,Giáo dục pháp luật
27740,DHS,giao-duc-phap-luat,C20,Điểm học bạ,2024,25.2,Giáo dục pháp luật
27741,DHS,giao-duc-phap-luat,D66,Điểm học bạ,2024,25.2,Giáo dục pháp luật
27742,DHS,giao-duc-phap-luat,C00,Điểm thi THPT,2024,26.0,Giáo dục pháp luật
27743,DHS,giao-duc-phap-luat,C19,Điểm thi THPT,2024,26.0,Giáo dục pháp luật
27744,DHS,giao-duc-phap-luat,D20,Điểm thi THPT,2024,26.0,Giáo dục pháp luật
27745,DHS,giao-duc-phap-luat,D66,Điểm thi THPT,2024,26.0,Giáo dục pháp luật
27746,DHS,giao-duc-phap-luat,C00,Điểm thi THPT,2025,26.52,Giáo dục pháp luật
27747,DHS,giao-duc-phap-luat,C19,Điểm thi THPT,2025,26.52,Giáo dục pháp luật
27748,DHS,giao-duc-phap-luat,C20,Điểm thi THPT,2025,26.52,Giáo dục pháp luật
27749,DHS,giao-duc-phap-luat,D66,Điểm thi THPT,2025,26.52,Giáo dục pháp luật
27750,DHS,giao-duc-phap-luat,X01,Điểm thi THPT,2025,26.52,Giáo dục pháp luật
27751,DHS,giao-duc-phap-luat,X25,Điểm thi THPT,2025,26.52,Giáo dục pháp luật
27752,DHS,giao-duc-phap-luat,X70,Điểm thi THPT,2025,26.52,Giáo dục pháp luật
27753,DHS,giao-duc-phap-luat,X74,Điểm thi THPT,2025,26.52,Giáo dục pháp luật
27754,DHS,giao-duc-phap-luat,X78,Điểm thi THPT,2025,26.52,Giáo dục pháp luật
27755,DHS,giao-duc-quoc-phong-an-ninh,C00,Điểm thi THPT,2021,19.0,Giáo dục Quốc phòng - An ninh
27756,DHS,giao-duc-quoc-phong-an-ninh,C19,Điểm thi THPT,2021,19.0,Giáo dục Quốc phòng - An ninh
27757,DHS,giao-duc-quoc-phong-an-ninh,C20,Điểm thi THPT,2021,19.0,Giáo dục Quốc phòng - An ninh
27758,DHS,giao-duc-quoc-phong-an-ninh,D66,Điểm thi THPT,2021,19.0,Giáo dục Quốc phòng - An ninh
27759,DHS,giao-duc-quoc-phong-an-ninh,C00,Điểm thi THPT,2022,19.0,Giáo dục Quốc phòng - An ninh
27760,DHS,giao-duc-quoc-phong-an-ninh,C19,Điểm thi THPT,2022,19.0,Giáo dục Quốc phòng - An ninh
27761,DHS,giao-duc-quoc-phong-an-ninh,C20,Điểm thi THPT,2022,19.0,Giáo dục Quốc phòng - An ninh
27762,DHS,giao-duc-quoc-phong-an-ninh,D66,Điểm thi THPT,2022,19.0,Giáo dục Quốc phòng - An ninh
27763,DHS,giao-duc-quoc-phong-an-ninh,C00,Điểm học bạ,2023,25.5,Giáo dục Quốc phòng - An ninh
27764,DHS,giao-duc-quoc-phong-an-ninh,C19,Điểm học bạ,2023,25.5,Giáo dục Quốc phòng - An ninh
27765,DHS,giao-duc-quoc-phong-an-ninh,C20,Điểm học bạ,2023,25.5,Giáo dục Quốc phòng - An ninh
27766,DHS,giao-duc-quoc-phong-an-ninh,D66,Điểm học bạ,2023,25.5,Giáo dục Quốc phòng - An ninh
27767,DHS,giao-duc-quoc-phong-an-ninh,C00,Điểm học bạ,2024,26.9,Giáo dục Quốc phòng - An ninh
27768,DHS,giao-duc-quoc-phong-an-ninh,C19,Điểm học bạ,2024,26.9,Giáo dục Quốc phòng - An ninh
27769,DHS,giao-duc-quoc-phong-an-ninh,C20,Điểm học bạ,2024,26.9,Giáo dục Quốc phòng - An ninh
27770,DHS,giao-duc-quoc-phong-an-ninh,D66,Điểm học bạ,2024,26.9,Giáo dục Quốc phòng - An ninh
27771,DHS,giao-duc-quoc-phong-an-ninh,C00,Điểm thi THPT,2024,26.95,Giáo dục Quốc phòng - An ninh
27772,DHS,giao-duc-quoc-phong-an-ninh,C19,Điểm thi THPT,2024,26.95,Giáo dục Quốc phòng - An ninh
27773,DHS,giao-duc-quoc-phong-an-ninh,C20,Điểm thi THPT,2024,26.95,Giáo dục Quốc phòng - An ninh
27774,DHS,giao-duc-quoc-phong-an-ninh,D66,Điểm thi THPT,2024,26.95,Giáo dục Quốc phòng - An ninh
27775,DHS,giao-duc-quoc-phong-an-ninh,C00,Điểm thi THPT,2025,26.55,Giáo dục Quốc phòng - An ninh
27776,DHS,giao-duc-quoc-phong-an-ninh,C19,Điểm thi THPT,2025,26.55,Giáo dục Quốc phòng - An ninh
27777,DHS,giao-duc-quoc-phong-an-ninh,C20,Điểm thi THPT,2025,26.55,Giáo dục Quốc phòng - An ninh
27778,DHS,giao-duc-quoc-phong-an-ninh,D66,Điểm thi THPT,2025,26.55,Giáo dục Quốc phòng - An ninh
27779,DHS,giao-duc-quoc-phong-an-ninh,X01,Điểm thi THPT,2025,26.55,Giáo dục Quốc phòng - An ninh
27780,DHS,giao-duc-quoc-phong-an-ninh,X25,Điểm thi THPT,2025,26.55,Giáo dục Quốc phòng - An ninh
27781,DHS,giao-duc-quoc-phong-an-ninh,X70,Điểm thi THPT,2025,26.55,Giáo dục Quốc phòng - An ninh
27782,DHS,giao-duc-quoc-phong-an-ninh,X74,Điểm thi THPT,2025,26.55,Giáo dục Quốc phòng - An ninh
27783,DHS,giao-duc-quoc-phong-an-ninh,X78,Điểm thi THPT,2025,26.55,Giáo dục Quốc phòng - An ninh
27784,DHS,giao-duc-tieu-hoc,C00,Điểm thi THPT,2021,21.0,Giáo dục Tiểu học
27785,DHS,giao-duc-tieu-hoc,D01,Điểm thi THPT,2021,21.0,Giáo dục Tiểu học
27786,DHS,giao-duc-tieu-hoc,D08,Điểm thi THPT,2021,21.0,Giáo dục Tiểu học
27787,DHS,giao-duc-tieu-hoc,D10,Điểm thi THPT,2021,21.0,Giáo dục Tiểu học
27788,DHS,giao-duc-tieu-hoc,C00,Điểm thi THPT,2022,25.25,Giáo dục Tiểu học
27789,DHS,giao-duc-tieu-hoc,D01,Điểm thi THPT,2022,25.25,Giáo dục Tiểu học
27790,DHS,giao-duc-tieu-hoc,D08,Điểm thi THPT,2022,25.25,Giáo dục Tiểu học
27791,DHS,giao-duc-tieu-hoc,D10,Điểm thi THPT,2022,25.25,Giáo dục Tiểu học
27792,DHS,giao-duc-tieu-hoc,C00,Điểm học bạ,2023,27.25,Giáo dục Tiểu học
27793,DHS,giao-duc-tieu-hoc,D01,Điểm học bạ,2023,27.25,Giáo dục Tiểu học
27794,DHS,giao-duc-tieu-hoc,D08,Điểm học bạ,2023,27.25,Giáo dục Tiểu học
27795,DHS,giao-duc-tieu-hoc,D10,Điểm học bạ,2023,27.25,Giáo dục Tiểu học
27796,DHS,giao-duc-tieu-hoc,C00,Điểm thi THPT,2023,25.3,Giáo dục Tiểu học
27797,DHS,giao-duc-tieu-hoc,D01,Điểm thi THPT,2023,25.3,Giáo dục Tiểu học
27798,DHS,giao-duc-tieu-hoc,D08,Điểm thi THPT,2023,25.3,Giáo dục Tiểu học
27799,DHS,giao-duc-tieu-hoc,D10,Điểm thi THPT,2023,25.3,Giáo dục Tiểu học
27800,DHS,giao-duc-tieu-hoc,C00,Điểm học bạ,2024,28.2,Giáo dục Tiểu học
27801,DHS,giao-duc-tieu-hoc,D01,Điểm học bạ,2024,28.2,Giáo dục Tiểu học
27802,DHS,giao-duc-tieu-hoc,D08,Điểm học bạ,2024,28.2,Giáo dục Tiểu học
27803,DHS,giao-duc-tieu-hoc,D10,Điểm học bạ,2024,28.2,Giáo dục Tiểu học
27804,DHS,giao-duc-tieu-hoc,C00,Điểm thi THPT,2024,27.75,Giáo dục Tiểu học
27805,DHS,giao-duc-tieu-hoc,D01,Điểm thi THPT,2024,27.75,Giáo dục Tiểu học
27806,DHS,giao-duc-tieu-hoc,D08,Điểm thi THPT,2024,27.75,Giáo dục Tiểu học
27807,DHS,giao-duc-tieu-hoc,D10,Điểm thi THPT,2024,27.75,Giáo dục Tiểu học
27808,DHS,giao-duc-tieu-hoc,B03,Điểm thi THPT,2025,27.82,Giáo dục Tiểu học
27809,DHS,giao-duc-tieu-hoc,C00,Điểm thi THPT,2025,27.82,Giáo dục Tiểu học
27810,DHS,giao-duc-tieu-hoc,C03,Điểm thi THPT,2025,27.82,Giáo dục Tiểu học
27811,DHS,giao-duc-tieu-hoc,C04,Điểm thi THPT,2025,27.82,Giáo dục Tiểu học
27812,DHS,giao-duc-tieu-hoc,C14,Điểm thi THPT,2025,27.82,Giáo dục Tiểu học
27813,DHS,giao-duc-tieu-hoc,D01,Điểm thi THPT,2025,27.82,Giáo dục Tiểu học
27814,DHS,giao-duc-tieu-hoc,X01,Điểm thi THPT,2025,27.82,Giáo dục Tiểu học
27815,DHS,he-thong-thong-tin,A00,Điểm thi THPT,2021,16.0,Hệ thống thông tin
27816,DHS,he-thong-thong-tin,A01,Điểm thi THPT,2021,16.0,Hệ thống thông tin
27817,DHS,he-thong-thong-tin,D07,Điểm thi THPT,2021,16.0,Hệ thống thông tin
27818,DHS,he-thong-thong-tin,D90,Điểm thi THPT,2021,16.0,Hệ thống thông tin
27819,DHS,he-thong-thong-tin,A00,Điểm thi THPT,2022,15.0,Hệ thống thông tin
27820,DHS,he-thong-thong-tin,A01,Điểm thi THPT,2022,15.0,Hệ thống thông tin
27821,DHS,he-thong-thong-tin,A02,Điểm thi THPT,2022,15.0,Hệ thống thông tin
27822,DHS,he-thong-thong-tin,D90,Điểm thi THPT,2022,15.0,Hệ thống thông tin
27823,DHS,he-thong-thong-tin,A00,Điểm học bạ,2023,18.0,Hệ thống thông tin
27824,DHS,he-thong-thong-tin,A01,Điểm học bạ,2023,18.0,Hệ thống thông tin
27825,DHS,he-thong-thong-tin,D01,Điểm học bạ,2023,18.0,Hệ thống thông tin
27826,DHS,he-thong-thong-tin,D90,Điểm học bạ,2023,18.0,Hệ thống thông tin
27827,DHS,he-thong-thong-tin,A00,Điểm học bạ,2024,21.0,Hệ thống thông tin
27828,DHS,he-thong-thong-tin,A01,Điểm học bạ,2024,21.0,Hệ thống thông tin
27829,DHS,he-thong-thong-tin,D01,Điểm học bạ,2024,21.0,Hệ thống thông tin
27830,DHS,he-thong-thong-tin,D90,Điểm học bạ,2024,21.0,Hệ thống thông tin
27831,DHS,he-thong-thong-tin,A00,Điểm thi THPT,2024,15.0,Hệ thống thông tin
27832,DHS,he-thong-thong-tin,A01,Điểm thi THPT,2024,15.0,Hệ thống thông tin
27833,DHS,he-thong-thong-tin,D01,Điểm thi THPT,2024,15.0,Hệ thống thông tin
27834,DHS,he-thong-thong-tin,D90,Điểm thi THPT,2024,15.0,Hệ thống thông tin
27835,DHS,he-thong-thong-tin,A00,Điểm học bạ,2025,19.69,Hệ thống thông tin
27836,DHS,he-thong-thong-tin,C01,Điểm học bạ,2025,19.69,Hệ thống thông tin
27837,DHS,he-thong-thong-tin,D01,Điểm học bạ,2025,19.69,Hệ thống thông tin
27838,DHS,he-thong-thong-tin,X02,Điểm học bạ,2025,19.69,Hệ thống thông tin
27839,DHS,he-thong-thong-tin,X26,Điểm học bạ,2025,19.69,Hệ thống thông tin
27840,DHS,he-thong-thong-tin,A00,Điểm thi THPT,2025,17.5,Hệ thống thông tin
27841,DHS,he-thong-thong-tin,C01,Điểm thi THPT,2025,17.5,Hệ thống thông tin
27842,DHS,he-thong-thong-tin,D01,Điểm thi THPT,2025,17.5,Hệ thống thông tin
27843,DHS,he-thong-thong-tin,X02,Điểm thi THPT,2025,17.5,Hệ thống thông tin
27844,DHS,he-thong-thong-tin,X26,Điểm thi THPT,2025,17.5,Hệ thống thông tin
27845,DHS,ho-thong-thong-tin,A00,Điểm thi THPT,2023,15.0,Hộ thống thông tin
27846,DHS,ho-thong-thong-tin,A01,Điểm thi THPT,2023,15.0,Hộ thống thông tin
27847,DHS,ho-thong-thong-tin,D01,Điểm thi THPT,2023,15.0,Hộ thống thông tin
27848,DHS,ho-thong-thong-tin,D90,Điểm thi THPT,2023,15.0,Hộ thống thông tin
27849,DHS,su-pham-am-nhac,N00,Điểm thi THPT,2021,24.0,Sư phạm Âm nhạc
27850,DHS,su-pham-am-nhac,N01,Điểm thi THPT,2021,24.0,Sư phạm Âm nhạc
27851,DHS,su-pham-am-nhac,N00,Điểm thi THPT,2022,18.0,Sư phạm Âm nhạc
27852,DHS,su-pham-am-nhac,N01,Điểm thi THPT,2022,18.0,Sư phạm Âm nhạc
27853,DHS,su-pham-am-nhac,N00,Điểm học bạ,2023,22.0,Sư phạm Âm nhạc
27854,DHS,su-pham-am-nhac,N01,Điểm học bạ,2023,22.0,Sư phạm Âm nhạc
27855,DHS,su-pham-am-nhac,N00,Điểm thi THPT,2023,18.0,Sư phạm Âm nhạc
27856,DHS,su-pham-am-nhac,N01,Điểm thi THPT,2023,18.0,Sư phạm Âm nhạc
27857,DHS,su-pham-am-nhac,N00,Điểm học bạ,2024,21.0,Sư phạm Âm nhạc
27858,DHS,su-pham-am-nhac,N01,Điểm học bạ,2024,21.0,Sư phạm Âm nhạc
27859,DHS,su-pham-am-nhac,N00,Điểm thi THPT,2024,19.5,Sư phạm Âm nhạc
27860,DHS,su-pham-am-nhac,N01,Điểm thi THPT,2024,19.5,Sư phạm Âm nhạc
27861,DHS,su-pham-am-nhac,N00,Điểm thi THPT,2025,21.72,Sư phạm Âm nhạc
27862,DHS,su-pham-am-nhac,N01,Điểm thi THPT,2025,21.72,Sư phạm Âm nhạc
27863,DHS,su-pham-cong-nghe,A00,Điểm thi THPT,2021,19.0,Sư phạm Công nghệ
27864,DHS,su-pham-cong-nghe,B00,Điểm thi THPT,2021,19.0,Sư phạm Công nghệ
27865,DHS,su-pham-cong-nghe,D90,Điểm thi THPT,2021,19.0,Sư phạm Công nghệ
27866,DHS,su-pham-cong-nghe,A00,Điểm thi THPT,2022,19.0,Sư phạm Công nghệ
27867,DHS,su-pham-cong-nghe,A02,Điểm thi THPT,2022,19.0,Sư phạm Công nghệ
27868,DHS,su-pham-cong-nghe,D90,Điểm thi THPT,2022,19.0,Sư phạm Công nghệ
27869,DHS,su-pham-cong-nghe,A00,Điểm học bạ,2023,20.0,Sư phạm Công nghệ
27870,DHS,su-pham-cong-nghe,A02,Điểm học bạ,2023,20.0,Sư phạm Công nghệ
27871,DHS,su-pham-cong-nghe,D90,Điểm học bạ,2023,20.0,Sư phạm Công nghệ
27872,DHS,su-pham-cong-nghe,A00,Điểm thi THPT,2023,19.0,Sư phạm Công nghệ
27873,DHS,su-pham-cong-nghe,A02,Điểm thi THPT,2023,19.0,Sư phạm Công nghệ
27874,DHS,su-pham-cong-nghe,D90,Điểm thi THPT,2023,19.0,Sư phạm Công nghệ
27875,DHS,su-pham-cong-nghe,A00,Điểm học bạ,2024,24.0,Sư phạm Công nghệ
27876,DHS,su-pham-cong-nghe,A02,Điểm học bạ,2024,24.0,Sư phạm Công nghệ
27877,DHS,su-pham-cong-nghe,D90,Điểm học bạ,2024,24.0,Sư phạm Công nghệ
27878,DHS,su-pham-cong-nghe,A00,Điểm thi THPT,2024,19.0,Sư phạm Công nghệ
27879,DHS,su-pham-cong-nghe,A02,Điểm thi THPT,2024,19.0,Sư phạm Công nghệ
27880,DHS,su-pham-cong-nghe,D90,Điểm thi THPT,2024,19.0,Sư phạm Công nghệ
27881,DHS,su-pham-cong-nghe,A00,Điểm thi THPT,2025,20.0,Sư phạm công nghệ
27882,DHS,su-pham-cong-nghe,A01,Điểm thi THPT,2025,20.0,Sư phạm công nghệ
27883,DHS,su-pham-cong-nghe,A02,Điểm thi THPT,2025,20.0,Sư phạm công nghệ
27884,DHS,su-pham-cong-nghe,X07,Điểm thi THPT,2025,20.0,Sư phạm công nghệ
27885,DHS,su-pham-cong-nghe,X08,Điểm thi THPT,2025,20.0,Sư phạm công nghệ
27886,DHS,su-pham-cong-nghe,X11,Điểm thi THPT,2025,20.0,Sư phạm công nghệ
27887,DHS,su-pham-cong-nghe,X12,Điểm thi THPT,2025,20.0,Sư phạm công nghệ
27888,DHS,su-pham-cong-nghe,X27,Điểm thi THPT,2025,20.0,Sư phạm công nghệ
27889,DHS,su-pham-cong-nghe,X28,Điểm thi THPT,2025,20.0,Sư phạm công nghệ
27890,DHS,su-pham-dia-li,C00,Điểm thi THPT,2023,26.3,Sư phạm Địa lí
27891,DHS,su-pham-dia-li,C20,Điểm thi THPT,2023,26.3,Sư phạm Địa lí
27892,DHS,su-pham-dia-li,D15,Điểm thi THPT,2023,26.3,Sư phạm Địa lí
27893,DHS,su-pham-dia-li,D78,Điểm thi THPT,2023,26.3,Sư phạm Địa lí
27894,DHS,su-pham-dia-li,C00,Điểm học bạ,2024,28.5,Sư phạm Địa lí
27895,DHS,su-pham-dia-li,C20,Điểm học bạ,2024,28.5,Sư phạm Địa lí
27896,DHS,su-pham-dia-li,D15,Điểm học bạ,2024,28.5,Sư phạm Địa lí
27897,DHS,su-pham-dia-li,D78,Điểm học bạ,2024,28.5,Sư phạm Địa lí
27898,DHS,su-pham-dia-ly,A09,Điểm thi THPT,2021,20.0,Sư phạm Địa lý
27899,DHS,su-pham-dia-ly,C00,Điểm thi THPT,2021,20.0,Sư phạm Địa lý
27900,DHS,su-pham-dia-ly,C20,Điểm thi THPT,2021,20.0,Sư phạm Địa lý
27901,DHS,su-pham-dia-ly,D15,Điểm thi THPT,2021,20.0,Sư phạm Địa lý
27902,DHS,su-pham-dia-ly,A09,Điểm thi THPT,2022,24.25,Sư phạm Địa lý
27903,DHS,su-pham-dia-ly,C00,Điểm thi THPT,2022,24.25,Sư phạm Địa lý
27904,DHS,su-pham-dia-ly,C20,Điểm thi THPT,2022,24.25,Sư phạm Địa lý
27905,DHS,su-pham-dia-ly,D15,Điểm thi THPT,2022,24.25,Sư phạm Địa lý
27906,DHS,su-pham-dia-ly,C00,Điểm học bạ,2023,28.0,Sư phạm Địa lý
27907,DHS,su-pham-dia-ly,C20,Điểm học bạ,2023,28.0,Sư phạm Địa lý
27908,DHS,su-pham-dia-ly,D15,Điểm học bạ,2023,28.0,Sư phạm Địa lý
27909,DHS,su-pham-dia-ly,D78,Điểm học bạ,2023,28.0,Sư phạm Địa lý
27910,DHS,su-pham-dia-ly,C00,Điểm thi THPT,2024,28.05,Sư phạm Địa lý
27911,DHS,su-pham-dia-ly,C20,Điểm thi THPT,2024,28.05,Sư phạm Địa lý
27912,DHS,su-pham-dia-ly,D15,Điểm thi THPT,2024,28.05,Sư phạm Địa lý
27913,DHS,su-pham-dia-ly,D78,Điểm thi THPT,2024,28.05,Sư phạm Địa lý
27914,DHS,su-pham-dia-ly,C00,Điểm thi THPT,2025,27.71,Sư phạm Địa lý
27915,DHS,su-pham-dia-ly,C20,Điểm thi THPT,2025,27.71,Sư phạm Địa lý
27916,DHS,su-pham-dia-ly,D15,Điểm thi THPT,2025,27.71,Sư phạm Địa lý
27917,DHS,su-pham-dia-ly,X21,Điểm thi THPT,2025,27.71,Sư phạm Địa lý
27918,DHS,su-pham-dia-ly,X74,Điểm thi THPT,2025,27.71,Sư phạm Địa lý
27919,DHS,su-pham-dia-ly,X75,Điểm thi THPT,2025,27.71,Sư phạm Địa lý
27920,DHS,su-pham-dia-ly,X77,Điểm thi THPT,2025,27.71,Sư phạm Địa lý
27921,DHS,su-pham-hoa-hoc,A00,Điểm thi THPT,2021,19.0,Sư phạm Hoá học
27922,DHS,su-pham-hoa-hoc,B00,Điểm thi THPT,2021,19.0,Sư phạm Hoá học
27923,DHS,su-pham-hoa-hoc,D07,Điểm thi THPT,2021,19.0,Sư phạm Hoá học
27924,DHS,su-pham-hoa-hoc,D90,Điểm thi THPT,2021,19.0,Sư phạm Hoá học
27925,DHS,su-pham-hoa-hoc,A00,Điểm thi THPT,2022,22.0,Sư phạm Hoá học
27926,DHS,su-pham-hoa-hoc,B00,Điểm thi THPT,2022,22.0,Sư phạm Hoá học
27927,DHS,su-pham-hoa-hoc,D07,Điểm thi THPT,2022,22.0,Sư phạm Hoá học
27928,DHS,su-pham-hoa-hoc,D90,Điểm thi THPT,2022,22.0,Sư phạm Hoá học
27929,DHS,su-pham-hoa-hoc,A00,Điểm học bạ,2023,29.0,Sư phạm Hoá học
27930,DHS,su-pham-hoa-hoc,B00,Điểm học bạ,2023,29.0,Sư phạm Hoá học
27931,DHS,su-pham-hoa-hoc,D07,Điểm học bạ,2023,29.0,Sư phạm Hoá học
27932,DHS,su-pham-hoa-hoc,D90,Điểm học bạ,2023,29.0,Sư phạm Hoá học
27933,DHS,su-pham-hoa-hoc,A00,Điểm thi THPT,2023,24.6,Sư phạm Hóa học
27934,DHS,su-pham-hoa-hoc,B00,Điểm thi THPT,2023,24.6,Sư phạm Hóa học
27935,DHS,su-pham-hoa-hoc,D07,Điểm thi THPT,2023,24.6,Sư phạm Hóa học
27936,DHS,su-pham-hoa-hoc,D90,Điểm thi THPT,2023,24.6,Sư phạm Hóa học
27937,DHS,su-pham-hoa-hoc,A00,Điểm học bạ,2024,29.0,Sư phạm Hóa học
27938,DHS,su-pham-hoa-hoc,B00,Điểm học bạ,2024,29.0,Sư phạm Hóa học
27939,DHS,su-pham-hoa-hoc,D07,Điểm học bạ,2024,29.0,Sư phạm Hóa học
27940,DHS,su-pham-hoa-hoc,D90,Điểm học bạ,2024,29.0,Sư phạm Hóa học
27941,DHS,su-pham-hoa-hoc,A00,Điểm thi THPT,2024,25.8,Sư phạm Hoá học
27942,DHS,su-pham-hoa-hoc,B00,Điểm thi THPT,2024,25.8,Sư phạm Hoá học
27943,DHS,su-pham-hoa-hoc,D07,Điểm thi THPT,2024,25.8,Sư phạm Hoá học
27944,DHS,su-pham-hoa-hoc,D90,Điểm thi THPT,2024,25.8,Sư phạm Hoá học
27945,DHS,su-pham-hoa-hoc,A00,Điểm thi THPT,2025,26.88,Sư phạm Hóa học
27946,DHS,su-pham-hoa-hoc,B00,Điểm thi THPT,2025,26.88,Sư phạm Hóa học
27947,DHS,su-pham-hoa-hoc,D07,Điểm thi THPT,2025,26.88,Sư phạm Hóa học
27948,DHS,su-pham-khoa-hoc-tu-nhien,A00,Điểm thi THPT,2021,19.0,Sư phạm Khoa học tự nhiên
27949,DHS,su-pham-khoa-hoc-tu-nhien,B00,Điểm thi THPT,2021,19.0,Sư phạm Khoa học tự nhiên
27950,DHS,su-pham-khoa-hoc-tu-nhien,D90,Điểm thi THPT,2021,19.0,Sư phạm Khoa học tự nhiên
27951,DHS,su-pham-khoa-hoc-tu-nhien,A00,Điểm thi THPT,2022,19.0,Sư phạm Khoa học tự nhiên
27952,DHS,su-pham-khoa-hoc-tu-nhien,B00,Điểm thi THPT,2022,19.0,Sư phạm Khoa học tự nhiên
27953,DHS,su-pham-khoa-hoc-tu-nhien,D90,Điểm thi THPT,2022,19.0,Sư phạm Khoa học tự nhiên
27954,DHS,su-pham-khoa-hoc-tu-nhien,A00,Điểm học bạ,2023,27.0,Sư phạm Khoa học tự nhiên
27955,DHS,su-pham-khoa-hoc-tu-nhien,B00,Điểm học bạ,2023,27.0,Sư phạm Khoa học tự nhiên
27956,DHS,su-pham-khoa-hoc-tu-nhien,D90,Điểm học bạ,2023,27.0,Sư phạm Khoa học tự nhiên
27957,DHS,su-pham-khoa-hoc-tu-nhien,A00,Điểm thi THPT,2023,23.0,Sư phạm Khoa học tự nhiên
27958,DHS,su-pham-khoa-hoc-tu-nhien,B00,Điểm thi THPT,2023,23.0,Sư phạm Khoa học tự nhiên
27959,DHS,su-pham-khoa-hoc-tu-nhien,D90,Điểm thi THPT,2023,23.0,Sư phạm Khoa học tự nhiên
27960,DHS,su-pham-khoa-hoc-tu-nhien,A00,Điểm học bạ,2024,27.8,Sư phạm Khoa học tự nhiên
27961,DHS,su-pham-khoa-hoc-tu-nhien,B00,Điểm học bạ,2024,27.8,Sư phạm Khoa học tự nhiên
27962,DHS,su-pham-khoa-hoc-tu-nhien,D90,Điểm học bạ,2024,27.8,Sư phạm Khoa học tự nhiên
27963,DHS,su-pham-khoa-hoc-tu-nhien,A00,Điểm thi THPT,2024,24.6,Sư phạm Khoa học tự nhiên
27964,DHS,su-pham-khoa-hoc-tu-nhien,B00,Điểm thi THPT,2024,24.6,Sư phạm Khoa học tự nhiên
27965,DHS,su-pham-khoa-hoc-tu-nhien,D90,Điểm thi THPT,2024,24.6,Sư phạm Khoa học tự nhiên
27966,DHS,su-pham-khoa-hoc-tu-nhien,A00,Điểm thi THPT,2025,23.5,Sư phạm khoa học tự nhiên
27967,DHS,su-pham-khoa-hoc-tu-nhien,A01,Điểm thi THPT,2025,23.5,Sư phạm khoa học tự nhiên
27968,DHS,su-pham-khoa-hoc-tu-nhien,A02,Điểm thi THPT,2025,23.5,Sư phạm khoa học tự nhiên
27969,DHS,su-pham-khoa-hoc-tu-nhien,B00,Điểm thi THPT,2025,23.5,Sư phạm khoa học tự nhiên
27970,DHS,su-pham-khoa-hoc-tu-nhien,B08,Điểm thi THPT,2025,23.5,Sư phạm khoa học tự nhiên
27971,DHS,su-pham-khoa-hoc-tu-nhien,D07,Điểm thi THPT,2025,23.5,Sư phạm khoa học tự nhiên
27972,DHS,su-pham-lich-su,C00,Điểm thi THPT,2021,19.0,Sư phạm Lịch sử
27973,DHS,su-pham-lich-su,C19,Điểm thi THPT,2021,19.0,Sư phạm Lịch sử
27974,DHS,su-pham-lich-su,D14,Điểm thi THPT,2021,19.0,Sư phạm Lịch sử
27975,DHS,su-pham-lich-su,D78,Điểm thi THPT,2021,19.0,Sư phạm Lịch sử
27976,DHS,su-pham-lich-su,C00,Điểm thi THPT,2022,25.0,Sư phạm Lịch sử
27977,DHS,su-pham-lich-su,C19,Điểm thi THPT,2022,25.0,Sư phạm Lịch sử
27978,DHS,su-pham-lich-su,D14,Điểm thi THPT,2022,25.0,Sư phạm Lịch sử
27979,DHS,su-pham-lich-su,D78,Điểm thi THPT,2022,25.0,Sư phạm Lịch sử
27980,DHS,su-pham-lich-su,C00,Điểm học bạ,2023,28.5,Sư phạm Lịch sử
27981,DHS,su-pham-lich-su,C19,Điểm học bạ,2023,28.5,Sư phạm Lịch sử
27982,DHS,su-pham-lich-su,D14,Điểm học bạ,2023,28.5,Sư phạm Lịch sử
27983,DHS,su-pham-lich-su,D78,Điểm học bạ,2023,28.5,Sư phạm Lịch sử
27984,DHS,su-pham-lich-su,C00,Điểm thi THPT,2023,27.6,Sư phạm Lịch sử
27985,DHS,su-pham-lich-su,C19,Điểm thi THPT,2023,27.6,Sư phạm Lịch sử
27986,DHS,su-pham-lich-su,D14,Điểm thi THPT,2023,27.6,Sư phạm Lịch sử
27987,DHS,su-pham-lich-su,D78,Điểm thi THPT,2023,27.6,Sư phạm Lịch sử
27988,DHS,su-pham-lich-su,C00,Điểm học bạ,2024,28.95,Sư phạm Lịch sử
27989,DHS,su-pham-lich-su,C19,Điểm học bạ,2024,28.95,Sư phạm Lịch sử
27990,DHS,su-pham-lich-su,D14,Điểm học bạ,2024,28.95,Sư phạm Lịch sử
27991,DHS,su-pham-lich-su,D78,Điểm học bạ,2024,28.95,Sư phạm Lịch sử
27992,DHS,su-pham-lich-su,C00,Điểm thi THPT,2024,28.3,Sư phạm Lịch sử
27993,DHS,su-pham-lich-su,C19,Điểm thi THPT,2024,28.3,Sư phạm Lịch sử
27994,DHS,su-pham-lich-su,D14,Điểm thi THPT,2024,28.3,Sư phạm Lịch sử
27995,DHS,su-pham-lich-su,D78,Điểm thi THPT,2024,28.3,Sư phạm Lịch sử
27996,DHS,su-pham-lich-su,A07,Điểm thi THPT,2025,27.63,Sư phạm Lịch sử
27997,DHS,su-pham-lich-su,A08,Điểm thi THPT,2025,27.63,Sư phạm Lịch sử
27998,DHS,su-pham-lich-su,C00,Điểm thi THPT,2025,27.63,Sư phạm Lịch sử
27999,DHS,su-pham-lich-su,C03,Điểm thi THPT,2025,27.63,Sư phạm Lịch sử
28000,DHS,su-pham-lich-su,C19,Điểm thi THPT,2025,27.63,Sư phạm Lịch sử
28001,DHS,su-pham-lich-su,D14,Điểm thi THPT,2025,27.63,Sư phạm Lịch sử
28002,DHS,su-pham-lich-su,X17,Điểm thi THPT,2025,27.63,Sư phạm Lịch sử
28003,DHS,su-pham-lich-su,X70,Điểm thi THPT,2025,27.63,Sư phạm Lịch sử
28004,DHS,su-pham-lich-su-dia-ly,C00,Điểm thi THPT,2021,19.0,Sư phạm Lịch sử - Địa lý
28005,DHS,su-pham-lich-su-dia-ly,C19,Điểm thi THPT,2021,19.0,Sư phạm Lịch sử - Địa lý
28006,DHS,su-pham-lich-su-dia-ly,C20,Điểm thi THPT,2021,19.0,Sư phạm Lịch sử - Địa lý
28007,DHS,su-pham-lich-su-dia-ly,D78,Điểm thi THPT,2021,19.0,Sư phạm Lịch sử - Địa lý
28008,DHS,su-pham-lich-su-dia-ly,C00,Điểm thi THPT,2022,19.0,Sư phạm Lịch sử - Địa lý
28009,DHS,su-pham-lich-su-dia-ly,C19,Điểm thi THPT,2022,19.0,Sư phạm Lịch sử - Địa lý
28010,DHS,su-pham-lich-su-dia-ly,C20,Điểm thi THPT,2022,19.0,Sư phạm Lịch sử - Địa lý
28011,DHS,su-pham-lich-su-dia-ly,D78,Điểm thi THPT,2022,19.0,Sư phạm Lịch sử - Địa lý
28012,DHS,su-pham-lich-su-dia-ly,C00,Điểm học bạ,2023,26.25,Sư phạm Lịch sử - Địa lý
28013,DHS,su-pham-lich-su-dia-ly,C19,Điểm học bạ,2023,26.25,Sư phạm Lịch sử - Địa lý
28014,DHS,su-pham-lich-su-dia-ly,C20,Điểm học bạ,2023,26.25,Sư phạm Lịch sử - Địa lý
28015,DHS,su-pham-lich-su-dia-ly,D78,Điểm học bạ,2023,26.25,Sư phạm Lịch sử - Địa lý
28016,DHS,su-pham-lich-su-dia-ly,C00,Điểm thi THPT,2023,26.0,Sư phạm Lịch sử - Địa lý
28017,DHS,su-pham-lich-su-dia-ly,C19,Điểm thi THPT,2023,26.0,Sư phạm Lịch sử - Địa lý
28018,DHS,su-pham-lich-su-dia-ly,C20,Điểm thi THPT,2023,26.0,Sư phạm Lịch sử - Địa lý
28019,DHS,su-pham-lich-su-dia-ly,D78,Điểm thi THPT,2023,26.0,Sư phạm Lịch sử - Địa lý
28020,DHS,su-pham-lich-su-dia-ly,C00,Điểm học bạ,2024,26.8,Sư phạm Lịch sử - Địa lý
28021,DHS,su-pham-lich-su-dia-ly,C19,Điểm học bạ,2024,26.8,Sư phạm Lịch sử - Địa lý
28022,DHS,su-pham-lich-su-dia-ly,D14,Điểm học bạ,2024,26.8,Sư phạm Lịch sử - Địa lý
28023,DHS,su-pham-lich-su-dia-ly,D78,Điểm học bạ,2024,26.8,Sư phạm Lịch sử - Địa lý
28024,DHS,su-pham-lich-su-dia-ly,C00,Điểm thi THPT,2024,27.37,Sư phạm Lịch sử - Địa lý
28025,DHS,su-pham-lich-su-dia-ly,C19,Điểm thi THPT,2024,27.37,Sư phạm Lịch sử - Địa lý
28026,DHS,su-pham-lich-su-dia-ly,D20,Điểm thi THPT,2024,27.37,Sư phạm Lịch sử - Địa lý
28027,DHS,su-pham-lich-su-dia-ly,D78,Điểm thi THPT,2024,27.37,Sư phạm Lịch sử - Địa lý
28028,DHS,su-pham-lich-su-dia-ly,A07,Điểm thi THPT,2025,27.25,Sư phạm Lịch sử - Địa lý
28029,DHS,su-pham-lich-su-dia-ly,C00,Điểm thi THPT,2025,27.25,Sư phạm Lịch sử - Địa lý
28030,DHS,su-pham-lich-su-dia-ly,C19,Điểm thi THPT,2025,27.25,Sư phạm Lịch sử - Địa lý
28031,DHS,su-pham-lich-su-dia-ly,C20,Điểm thi THPT,2025,27.25,Sư phạm Lịch sử - Địa lý
28032,DHS,su-pham-lich-su-dia-ly,D14,Điểm thi THPT,2025,27.25,Sư phạm Lịch sử - Địa lý
28033,DHS,su-pham-lich-su-dia-ly,D15,Điểm thi THPT,2025,27.25,Sư phạm Lịch sử - Địa lý
28034,DHS,su-pham-lich-su-dia-ly,X70,Điểm thi THPT,2025,27.25,Sư phạm Lịch sử - Địa lý
28035,DHS,su-pham-lich-su-dia-ly,X74,Điểm thi THPT,2025,27.25,Sư phạm Lịch sử - Địa lý
28036,DHS,su-pham-ngu-van,C00,Điểm thi THPT,2021,20.0,Sư phạm Ngữ văn
28037,DHS,su-pham-ngu-van,C19,Điểm thi THPT,2021,20.0,Sư phạm Ngữ văn
28038,DHS,su-pham-ngu-van,D01,Điểm thi THPT,2021,20.0,Sư phạm Ngữ văn
28039,DHS,su-pham-ngu-van,D66,Điểm thi THPT,2021,20.0,Sư phạm Ngữ văn
28040,DHS,su-pham-ngu-van,C00,Điểm thi THPT,2022,25.0,Sư phạm Ngữ văn
28041,DHS,su-pham-ngu-van,C19,Điểm thi THPT,2022,25.0,Sư phạm Ngữ văn
28042,DHS,su-pham-ngu-van,D01,Điểm thi THPT,2022,25.0,Sư phạm Ngữ văn
28043,DHS,su-pham-ngu-van,D66,Điểm thi THPT,2022,25.0,Sư phạm Ngữ văn
28044,DHS,su-pham-ngu-van,C00,Điểm học bạ,2023,28.5,Sư phạm Ngữ văn
28045,DHS,su-pham-ngu-van,C19,Điểm học bạ,2023,28.5,Sư phạm Ngữ văn
28046,DHS,su-pham-ngu-van,D01,Điểm học bạ,2023,28.5,Sư phạm Ngữ văn
28047,DHS,su-pham-ngu-van,D66,Điểm học bạ,2023,28.5,Sư phạm Ngữ văn
28048,DHS,su-pham-ngu-van,C00,Điểm thi THPT,2023,27.35,Sư phạm Ngữ văn
28049,DHS,su-pham-ngu-van,C19,Điểm thi THPT,2023,27.35,Sư phạm Ngữ văn
28050,DHS,su-pham-ngu-van,D01,Điểm thi THPT,2023,27.35,Sư phạm Ngữ văn
28051,DHS,su-pham-ngu-van,D66,Điểm thi THPT,2023,27.35,Sư phạm Ngữ văn
28052,DHS,su-pham-ngu-van,C00,Điểm học bạ,2024,28.7,Sư phạm Ngữ văn
28053,DHS,su-pham-ngu-van,C19,Điểm học bạ,2024,28.7,Sư phạm Ngữ văn
28054,DHS,su-pham-ngu-van,C20,Điểm học bạ,2024,28.7,Sư phạm Ngữ văn
28055,DHS,su-pham-ngu-van,D66,Điểm học bạ,2024,28.7,Sư phạm Ngữ văn
28056,DHS,su-pham-ngu-van,C00,Điểm thi THPT,2024,28.1,Sư phạm Ngữ Văn
28057,DHS,su-pham-ngu-van,C19,Điểm thi THPT,2024,28.1,Sư phạm Ngữ Văn
28058,DHS,su-pham-ngu-van,D01,Điểm thi THPT,2024,28.1,Sư phạm Ngữ Văn
28059,DHS,su-pham-ngu-van,D66,Điểm thi THPT,2024,28.1,Sư phạm Ngữ Văn
28060,DHS,su-pham-ngu-van,C00,Điểm thi THPT,2025,28.9,Sư phạm Ngữ văn
28061,DHS,su-pham-ngu-van,D01,Điểm thi THPT,2025,28.9,Sư phạm Ngữ văn
28062,DHS,su-pham-ngu-van,X70,Điểm thi THPT,2025,28.9,Sư phạm Ngữ văn
28063,DHS,su-pham-ngu-van,X78,Điểm thi THPT,2025,28.9,Sư phạm Ngữ văn
28064,DHS,su-pham-sinh-hoc,B00,Điểm thi THPT,2021,19.0,Sư phạm Sinh học
28065,DHS,su-pham-sinh-hoc,B02,Điểm thi THPT,2021,19.0,Sư phạm Sinh học
28066,DHS,su-pham-sinh-hoc,B04,Điểm thi THPT,2021,19.0,Sư phạm Sinh học
28067,DHS,su-pham-sinh-hoc,D90,Điểm thi THPT,2021,19.0,Sư phạm Sinh học
28068,DHS,su-pham-sinh-hoc,B00,Điểm thi THPT,2022,19.0,Sư phạm Sinh học
28069,DHS,su-pham-sinh-hoc,B02,Điểm thi THPT,2022,19.0,Sư phạm Sinh học
28070,DHS,su-pham-sinh-hoc,B04,Điểm thi THPT,2022,19.0,Sư phạm Sinh học
28071,DHS,su-pham-sinh-hoc,B08,Điểm thi THPT,2022,19.0,Sư phạm Sinh học
28072,DHS,su-pham-sinh-hoc,D90,Điểm thi THPT,2022,19.0,Sư phạm Sinh học
28073,DHS,su-pham-sinh-hoc,B00,Điểm học bạ,2023,28.0,Sư phạm Sinh học
28074,DHS,su-pham-sinh-hoc,B02,Điểm học bạ,2023,28.0,Sư phạm Sinh học
28075,DHS,su-pham-sinh-hoc,B04,Điểm học bạ,2023,28.0,Sư phạm Sinh học
28076,DHS,su-pham-sinh-hoc,D08,Điểm học bạ,2023,28.0,Sư phạm Sinh học
28077,DHS,su-pham-sinh-hoc,D90,Điểm học bạ,2023,28.0,Sư phạm Sinh học
28078,DHS,su-pham-sinh-hoc,B00,Điểm thi THPT,2023,22.5,Sư phạm Sinh học
28079,DHS,su-pham-sinh-hoc,B02,Điểm thi THPT,2023,22.5,Sư phạm Sinh học
28080,DHS,su-pham-sinh-hoc,B04,Điểm thi THPT,2023,22.5,Sư phạm Sinh học
28081,DHS,su-pham-sinh-hoc,D90,Điểm thi THPT,2023,22.5,Sư phạm Sinh học
28082,DHS,su-pham-sinh-hoc,B00,Điểm học bạ,2024,28.5,Sư phạm Sinh học
28083,DHS,su-pham-sinh-hoc,B02,Điểm học bạ,2024,28.5,Sư phạm Sinh học
28084,DHS,su-pham-sinh-hoc,B04,Điểm học bạ,2024,28.5,Sư phạm Sinh học
28085,DHS,su-pham-sinh-hoc,D90,Điểm học bạ,2024,28.5,Sư phạm Sinh học
28086,DHS,su-pham-sinh-hoc,B00,Điểm thi THPT,2024,24.6,Sư phạm Sinh học
28087,DHS,su-pham-sinh-hoc,B02,Điểm thi THPT,2024,24.6,Sư phạm Sinh học
28088,DHS,su-pham-sinh-hoc,B04,Điểm thi THPT,2024,24.6,Sư phạm Sinh học
28089,DHS,su-pham-sinh-hoc,D90,Điểm thi THPT,2024,24.6,Sư phạm Sinh học
28090,DHS,su-pham-sinh-hoc,A02,Điểm thi THPT,2025,23.08,Sư phạm Sinh học
28091,DHS,su-pham-sinh-hoc,B00,Điểm thi THPT,2025,23.08,Sư phạm Sinh học
28092,DHS,su-pham-sinh-hoc,B01,Điểm thi THPT,2025,23.08,Sư phạm Sinh học
28093,DHS,su-pham-sinh-hoc,B02,Điểm thi THPT,2025,23.08,Sư phạm Sinh học
28094,DHS,su-pham-sinh-hoc,B03,Điểm thi THPT,2025,23.08,Sư phạm Sinh học
28095,DHS,su-pham-sinh-hoc,B08,Điểm thi THPT,2025,23.08,Sư phạm Sinh học
28096,DHS,su-pham-tin-hoc,A00,Điểm thi THPT,2021,19.0,Sư phạm Tin học
28097,DHS,su-pham-tin-hoc,A01,Điểm thi THPT,2021,19.0,Sư phạm Tin học
28098,DHS,su-pham-tin-hoc,D01,Điểm thi THPT,2021,19.0,Sư phạm Tin học
28099,DHS,su-pham-tin-hoc,D90,Điểm thi THPT,2021,19.0,Sư phạm Tin học
28100,DHS,su-pham-tin-hoc,A00,Điểm thi THPT,2022,23.0,Sư phạm Tin học
28101,DHS,su-pham-tin-hoc,A01,Điểm thi THPT,2022,23.0,Sư phạm Tin học
28102,DHS,su-pham-tin-hoc,D01,Điểm thi THPT,2022,23.0,Sư phạm Tin học
28103,DHS,su-pham-tin-hoc,D90,Điểm thi THPT,2022,23.0,Sư phạm Tin học
28104,DHS,su-pham-tin-hoc,A00,Điểm học bạ,2023,24.25,Sư phạm Tin học
28105,DHS,su-pham-tin-hoc,A01,Điểm học bạ,2023,24.25,Sư phạm Tin học
28106,DHS,su-pham-tin-hoc,D01,Điểm học bạ,2023,24.25,Sư phạm Tin học
28107,DHS,su-pham-tin-hoc,D90,Điểm học bạ,2023,24.25,Sư phạm Tin học
28108,DHS,su-pham-tin-hoc,A00,Điểm thi THPT,2023,19.75,Sư phạm Tin học
28109,DHS,su-pham-tin-hoc,A01,Điểm thi THPT,2023,19.75,Sư phạm Tin học
28110,DHS,su-pham-tin-hoc,D01,Điểm thi THPT,2023,19.75,Sư phạm Tin học
28111,DHS,su-pham-tin-hoc,D90,Điểm thi THPT,2023,19.75,Sư phạm Tin học
28112,DHS,su-pham-tin-hoc,A00,Điểm học bạ,2024,26.0,Sư phạm Tin học
28113,DHS,su-pham-tin-hoc,A01,Điểm học bạ,2024,26.0,Sư phạm Tin học
28114,DHS,su-pham-tin-hoc,D07,Điểm học bạ,2024,26.0,Sư phạm Tin học
28115,DHS,su-pham-tin-hoc,D90,Điểm học bạ,2024,26.0,Sư phạm Tin học
28116,DHS,su-pham-tin-hoc,A00,Điểm thi THPT,2024,23.3,Sư phạm Tin học
28117,DHS,su-pham-tin-hoc,A01,Điểm thi THPT,2024,23.3,Sư phạm Tin học
28118,DHS,su-pham-tin-hoc,D01,Điểm thi THPT,2024,23.3,Sư phạm Tin học
28119,DHS,su-pham-tin-hoc,D90,Điểm thi THPT,2024,23.3,Sư phạm Tin học
28120,DHS,su-pham-tin-hoc,A00,Điểm thi THPT,2025,22.3,Sư phạm Tin học
28121,DHS,su-pham-tin-hoc,C01,Điểm thi THPT,2025,22.3,Sư phạm Tin học
28122,DHS,su-pham-tin-hoc,D01,Điểm thi THPT,2025,22.3,Sư phạm Tin học
28123,DHS,su-pham-tin-hoc,X02,Điểm thi THPT,2025,22.3,Sư phạm Tin học
28124,DHS,su-pham-tin-hoc,X26,Điểm thi THPT,2025,22.3,Sư phạm Tin học
28125,DHS,su-pham-toan-hoc,A00,Điểm thi THPT,2021,20.0,Sư phạm Toán học
28126,DHS,su-pham-toan-hoc,A01,Điểm thi THPT,2021,20.0,Sư phạm Toán học
28127,DHS,su-pham-toan-hoc,D07,Điểm thi THPT,2021,20.0,Sư phạm Toán học
28128,DHS,su-pham-toan-hoc,D90,Điểm thi THPT,2021,20.0,Sư phạm Toán học
28129,DHS,su-pham-toan-hoc,A00,Điểm thi THPT,2022,24.0,Sư phạm Toán học
28130,DHS,su-pham-toan-hoc,A01,Điểm thi THPT,2022,24.0,Sư phạm Toán học
28131,DHS,su-pham-toan-hoc,D07,Điểm thi THPT,2022,24.0,Sư phạm Toán học
28132,DHS,su-pham-toan-hoc,D90,Điểm thi THPT,2022,24.0,Sư phạm Toán học
28133,DHS,su-pham-toan-hoc,A00,Điểm học bạ,2023,28.75,Sư phạm Toán học
28134,DHS,su-pham-toan-hoc,A01,Điểm học bạ,2023,28.75,Sư phạm Toán học
28135,DHS,su-pham-toan-hoc,D07,Điểm học bạ,2023,28.75,Sư phạm Toán học
28136,DHS,su-pham-toan-hoc,D90,Điểm học bạ,2023,28.75,Sư phạm Toán học
28137,DHS,su-pham-toan-hoc,A00,Điểm thi THPT,2023,25.0,Sư phạm Toán học
28138,DHS,su-pham-toan-hoc,A01,Điểm thi THPT,2023,25.0,Sư phạm Toán học
28139,DHS,su-pham-toan-hoc,D07,Điểm thi THPT,2023,25.0,Sư phạm Toán học
28140,DHS,su-pham-toan-hoc,D90,Điểm thi THPT,2023,25.0,Sư phạm Toán học
28141,DHS,su-pham-toan-hoc,A00,Điểm học bạ,2024,29.3,Sư phạm Toán học
28142,DHS,su-pham-toan-hoc,A01,Điểm học bạ,2024,29.3,Sư phạm Toán học
28143,DHS,su-pham-toan-hoc,D07,Điểm học bạ,2024,29.3,Sư phạm Toán học
28144,DHS,su-pham-toan-hoc,D90,Điểm học bạ,2024,29.3,Sư phạm Toán học
28145,DHS,su-pham-toan-hoc,A00,Điểm thi THPT,2024,26.2,Sư phạm Toán học
28146,DHS,su-pham-toan-hoc,A01,Điểm thi THPT,2024,26.2,Sư phạm Toán học
28147,DHS,su-pham-toan-hoc,D07,Điểm thi THPT,2024,26.2,Sư phạm Toán học
28148,DHS,su-pham-toan-hoc,D90,Điểm thi THPT,2024,26.2,Sư phạm Toán học (ĐT bằng Tiếng Anh)
28149,DHS,su-pham-toan-hoc,A00,Điểm thi THPT,2025,26.1,Sư phạm Toán học
28150,DHS,su-pham-toan-hoc,A01,Điểm thi THPT,2025,26.1,Sư phạm Toán học
28151,DHS,su-pham-vat-li,A00,Điểm thi THPT,2023,24.0,Sư phạm Vật lí
28152,DHS,su-pham-vat-li,A01,Điểm thi THPT,2023,24.0,Sư phạm Vật lí
28153,DHS,su-pham-vat-li,A02,Điểm thi THPT,2023,24.0,Sư phạm Vật lí
28154,DHS,su-pham-vat-li,D90,Điểm thi THPT,2023,24.0,Sư phạm Vật lí
28155,DHS,su-pham-vat-li,A00,Điểm học bạ,2024,29.0,Sư phạm Vật lí
28156,DHS,su-pham-vat-li,A01,Điểm học bạ,2024,29.0,Sư phạm Vật lí
28157,DHS,su-pham-vat-li,A02,Điểm học bạ,2024,29.0,Sư phạm Vật lí
28158,DHS,su-pham-vat-li,D90,Điểm học bạ,2024,29.0,Sư phạm Vật lí
28159,DHS,su-pham-vat-ly,A00,Điểm thi THPT,2021,19.0,Sư phạm Vật lý
28160,DHS,su-pham-vat-ly,A01,Điểm thi THPT,2021,19.0,Sư phạm Vật lý
28161,DHS,su-pham-vat-ly,D07,Điểm thi THPT,2021,19.0,Sư phạm Vật lý
28162,DHS,su-pham-vat-ly,D90,Điểm thi THPT,2021,19.0,Sư phạm Vật lý
28163,DHS,su-pham-vat-ly,A00,Điểm thi THPT,2022,26.0,Sư phạm Vật lý
28164,DHS,su-pham-vat-ly,A01,Điểm thi THPT,2022,26.0,Sư phạm Vật lý
28165,DHS,su-pham-vat-ly,A02,Điểm thi THPT,2022,26.0,Sư phạm Vật lý
28166,DHS,su-pham-vat-ly,D90,Điểm thi THPT,2022,26.0,Sư phạm Vật lý
28167,DHS,su-pham-vat-ly,A00,Điểm học bạ,2023,28.5,Sư phạm Vật lý
28168,DHS,su-pham-vat-ly,A01,Điểm học bạ,2023,28.5,Sư phạm Vật lý
28169,DHS,su-pham-vat-ly,A02,Điểm học bạ,2023,28.5,Sư phạm Vật lý
28170,DHS,su-pham-vat-ly,D07,Điểm học bạ,2023,29.0,Sư phạm Vật lý
28171,DHS,su-pham-vat-ly,D90,Điểm học bạ,2023,28.5,Sư phạm Vật lý
28172,DHS,su-pham-vat-ly,A00,Điểm thi THPT,2024,25.7,Sư phạm Vật lý
28173,DHS,su-pham-vat-ly,A01,Điểm thi THPT,2024,25.7,Sư phạm Vật lý
28174,DHS,su-pham-vat-ly,A02,Điểm thi THPT,2024,25.7,Sư phạm Vật lý
28175,DHS,su-pham-vat-ly,D90,Điểm thi THPT,2024,25.7,Sư phạm Vật lý
28176,DHS,su-pham-vat-ly,A00,Điểm thi THPT,2025,26.08,Sư phạm Vật lý
28177,DHS,su-pham-vat-ly,A01,Điểm thi THPT,2025,26.08,Sư phạm Vật lý
28178,DHS,su-pham-vat-ly,A02,Điểm thi THPT,2025,26.08,Sư phạm Vật lý
28179,DHS,su-pham-vat-ly,X07,Điểm thi THPT,2025,26.08,Sư phạm Vật lý
28180,DHS,tam-ly-hoc-giao-duc,B00,Điểm thi THPT,2021,15.0,Tâm lý học giáo dục
28181,DHS,tam-ly-hoc-giao-duc,C00,Điểm thi THPT,2021,15.0,Tâm lý học giáo dục
28182,DHS,tam-ly-hoc-giao-duc,C20,Điểm thi THPT,2021,15.0,Tâm lý học giáo dục
28183,DHS,tam-ly-hoc-giao-duc,D01,Điểm thi THPT,2021,15.0,Tâm lý học giáo dục
28184,DHS,tam-ly-hoc-giao-duc,B00,Điểm thi THPT,2022,15.0,Tâm lý học giáo dục
28185,DHS,tam-ly-hoc-giao-duc,C00,Điểm thi THPT,2022,15.0,Tâm lý học giáo dục
28186,DHS,tam-ly-hoc-giao-duc,C20,Điểm thi THPT,2022,15.0,Tâm lý học giáo dục
28187,DHS,tam-ly-hoc-giao-duc,D66,Điểm thi THPT,2022,15.0,Tâm lý học giáo dục
28188,DHS,tam-ly-hoc-giao-duc,B00,Điểm học bạ,2023,24.0,Tâm lý học giáo dục
28189,DHS,tam-ly-hoc-giao-duc,C00,Điểm học bạ,2023,24.0,Tâm lý học giáo dục
28190,DHS,tam-ly-hoc-giao-duc,C20,Điểm học bạ,2023,24.0,Tâm lý học giáo dục
28191,DHS,tam-ly-hoc-giao-duc,D01,Điểm học bạ,2023,24.0,Tâm lý học giáo dục
28192,DHS,tam-ly-hoc-giao-duc,B00,Điểm thi THPT,2023,18.0,Tâm lý học giáo dục
28193,DHS,tam-ly-hoc-giao-duc,C00,Điểm thi THPT,2023,18.0,Tâm lý học giáo dục
28194,DHS,tam-ly-hoc-giao-duc,C20,Điểm thi THPT,2023,18.0,Tâm lý học giáo dục
28195,DHS,tam-ly-hoc-giao-duc,D01,Điểm thi THPT,2023,18.0,Tâm lý học giáo dục
28196,DHS,tam-ly-hoc-giao-duc,B00,Điểm học bạ,2024,25.0,Tâm lý học giáo dục
28197,DHS,tam-ly-hoc-giao-duc,C00,Điểm học bạ,2024,25.0,Tâm lý học giáo dục
28198,DHS,tam-ly-hoc-giao-duc,C20,Điểm học bạ,2024,25.0,Tâm lý học giáo dục
28199,DHS,tam-ly-hoc-giao-duc,D01,Điểm học bạ,2024,25.0,Tâm lý học giáo dục
28200,DHS,tam-ly-hoc-giao-duc,B00,Điểm thi THPT,2024,23.8,Tâm lý học giáo dục
28201,DHS,tam-ly-hoc-giao-duc,C00,Điểm thi THPT,2024,23.8,Tâm lý học giáo dục
28202,DHS,tam-ly-hoc-giao-duc,C20,Điểm thi THPT,2024,23.8,Tâm lý học giáo dục
28203,DHS,tam-ly-hoc-giao-duc,D01,Điểm thi THPT,2024,23.8,Tâm lý học giáo dục
28204,DHS,tam-ly-hoc-giao-duc,B00,Điểm học bạ,2025,26.31,Tâm lý học giáo dục
28205,DHS,tam-ly-hoc-giao-duc,C00,Điểm học bạ,2025,26.31,Tâm lý học giáo dục
28206,DHS,tam-ly-hoc-giao-duc,C14,Điểm học bạ,2025,26.31,Tâm lý học giáo dục
28207,DHS,tam-ly-hoc-giao-duc,C19,Điểm học bạ,2025,26.31,Tâm lý học giáo dục
28208,DHS,tam-ly-hoc-giao-duc,C20,Điểm học bạ,2025,26.31,Tâm lý học giáo dục
28209,DHS,tam-ly-hoc-giao-duc,D01,Điểm học bạ,2025,26.31,Tâm lý học giáo dục
28210,DHS,tam-ly-hoc-giao-duc,X01,Điểm học bạ,2025,26.31,Tâm lý học giáo dục
28211,DHS,tam-ly-hoc-giao-duc,X70,Điểm học bạ,2025,26.31,Tâm lý học giáo dục
28212,DHS,tam-ly-hoc-giao-duc,X74,Điểm học bạ,2025,26.31,Tâm lý học giáo dục
28213,DHS,tam-ly-hoc-giao-duc,B00,Điểm thi THPT,2025,25.9,Tâm lý học giáo dục
28214,DHS,tam-ly-hoc-giao-duc,C00,Điểm thi THPT,2025,25.9,Tâm lý học giáo dục
28215,DHS,tam-ly-hoc-giao-duc,C14,Điểm thi THPT,2025,25.9,Tâm lý học giáo dục
28216,DHS,tam-ly-hoc-giao-duc,C19,Điểm thi THPT,2025,25.9,Tâm lý học giáo dục
28217,DHS,tam-ly-hoc-giao-duc,C20,Điểm thi THPT,2025,25.9,Tâm lý học giáo dục
28218,DHS,tam-ly-hoc-giao-duc,D01,Điểm thi THPT,2025,25.9,Tâm lý học giáo dục
28219,DHS,tam-ly-hoc-giao-duc,X01,Điểm thi THPT,2025,25.9,Tâm lý học giáo dục
28220,DHS,tam-ly-hoc-giao-duc,X70,Điểm thi THPT,2025,25.9,Tâm lý học giáo dục
28221,DHS,tam-ly-hoc-giao-duc,X74,Điểm thi THPT,2025,25.9,Tâm lý học giáo dục
28222,DHS,vat-ly,A00,Điểm thi THPT,2021,15.5,Vật lý (Tiên tiến)
28223,DHS,vat-ly,A01,Điểm thi THPT,2021,15.5,Vật lý (Tiên tiến)
28224,DHS,vat-ly,D07,Điểm thi THPT,2021,15.5,Vật lý (Tiên tiến)
28225,DHS,vat-ly,D90,Điểm thi THPT,2021,15.5,Vật lý (Tiên tiến)
28226,DHS,vat-ly,A00,Điểm thi THPT,2022,26.0,Vật lý (Tiên tiến)
28227,DHS,vat-ly,A01,Điểm thi THPT,2022,26.0,Vật lý (Tiên tiến)
28228,DHS,vat-ly,D07,Điểm thi THPT,2022,26.0,Vật lý (Tiên tiến)
28229,DHS,vat-ly,D90,Điểm thi THPT,2022,26.0,Vật lý (Tiên tiến)
28230,DHT,bao-chi,C00,Điểm học bạ,2021,20.0,Báo chí
28231,DHT,bao-chi,D01,Điểm học bạ,2021,20.0,Báo chí
28232,DHT,bao-chi,D15,Điểm học bạ,2021,20.0,Báo chí
28233,DHT,bao-chi,C00,Điểm thi THPT,2021,16.5,Báo chí
28234,DHT,bao-chi,D01,Điểm thi THPT,2021,16.5,Báo chí
28235,DHT,bao-chi,D15,Điểm thi THPT,2021,16.5,Báo chí
28236,DHT,bao-chi,C00,Điểm thi THPT,2022,17.0,Báo chí
28237,DHT,bao-chi,D01,Điểm thi THPT,2022,17.0,Báo chí
28238,DHT,bao-chi,D15,Điểm thi THPT,2022,17.0,Báo chí
28239,DHT,bao-chi,C00,Điểm học bạ,2023,21.0,Báo chí
28240,DHT,bao-chi,D01,Điểm học bạ,2023,21.0,Báo chí
28241,DHT,bao-chi,D15,Điểm học bạ,2023,21.0,Báo chí
28242,DHT,bao-chi,C00,Điểm thi THPT,2023,17.5,Báo chí
28243,DHT,bao-chi,D01,Điểm thi THPT,2023,17.5,Báo chí
28244,DHT,bao-chi,D15,Điểm thi THPT,2023,17.5,Báo chí
28245,DHT,bao-chi,C00,Điểm học bạ,2024,22.0,Báo chí
28246,DHT,bao-chi,D01,Điểm học bạ,2024,22.0,Báo chí
28247,DHT,bao-chi,D15,Điểm học bạ,2024,22.0,Báo chí
28248,DHT,bao-chi,C00,Điểm thi THPT,2024,18.0,Báo chí
28249,DHT,bao-chi,D01,Điểm thi THPT,2024,18.0,Báo chí
28250,DHT,bao-chi,D15,Điểm thi THPT,2024,18.0,Báo chí
28251,DHT,bao-chi,C00,Điểm thi THPT,2025,19.0,Báo chí
28252,DHT,bao-chi,C03,Điểm thi THPT,2025,19.0,Báo chí
28253,DHT,bao-chi,C19,Điểm thi THPT,2025,19.0,Báo chí
28254,DHT,bao-chi,D01,Điểm thi THPT,2025,19.0,Báo chí
28255,DHT,bao-chi,X70,Điểm thi THPT,2025,19.0,Báo chí
28256,DHT,cong-nghe-ky-thuat-dien-tu-vien-thong,A00,Điểm học bạ,2021,19.0,Công nghệ kỹ thuật điện tử - Viễn thông
28257,DHT,cong-nghe-ky-thuat-dien-tu-vien-thong,A01,Điểm học bạ,2021,19.0,Công nghệ kỹ thuật điện tử - Viễn thông
28258,DHT,cong-nghe-ky-thuat-dien-tu-vien-thong,D01,Điểm học bạ,2021,19.0,Công nghệ kỹ thuật điện tử - Viễn thông
28259,DHT,cong-nghe-ky-thuat-dien-tu-vien-thong,D07,Điểm học bạ,2021,19.0,Công nghệ kỹ thuật điện tử - Viễn thông
28260,DHT,cong-nghe-ky-thuat-dien-tu-vien-thong,A00,Điểm thi THPT,2021,15.25,Công nghệ kỹ thuật điện tử - Viễn thông
28261,DHT,cong-nghe-ky-thuat-dien-tu-vien-thong,A01,Điểm thi THPT,2021,15.25,Công nghệ kỹ thuật điện tử - Viễn thông
28262,DHT,cong-nghe-ky-thuat-dien-tu-vien-thong,D01,Điểm thi THPT,2021,15.25,Công nghệ kỹ thuật điện tử - Viễn thông
28263,DHT,cong-nghe-ky-thuat-dien-tu-vien-thong,D07,Điểm thi THPT,2021,15.25,Công nghệ kỹ thuật điện tử - Viễn thông
28264,DHT,cong-nghe-ky-thuat-dien-tu-vien-thong,A00,Điểm thi THPT,2022,15.0,Công nghệ kỹ thuật điện tử - viễn thông
28265,DHT,cong-nghe-ky-thuat-dien-tu-vien-thong,A01,Điểm thi THPT,2022,15.0,Công nghệ kỹ thuật điện tử - viễn thông
28266,DHT,cong-nghe-ky-thuat-dien-tu-vien-thong,D07,Điểm thi THPT,2022,15.0,Công nghệ kỹ thuật điện tử - viễn thông
28267,DHT,cong-nghe-ky-thuat-dien-tu-vien-thong,A00,Điểm học bạ,2023,19.0,Công nghệ kỹ thuật điện tử - viễn thông
28268,DHT,cong-nghe-ky-thuat-dien-tu-vien-thong,A01,Điểm học bạ,2023,19.0,Công nghệ kỹ thuật điện tử - viễn thông
28269,DHT,cong-nghe-ky-thuat-dien-tu-vien-thong,D01,Điểm học bạ,2023,19.0,Công nghệ kỹ thuật điện tử - viễn thông
28270,DHT,cong-nghe-ky-thuat-dien-tu-vien-thong,D07,Điểm học bạ,2023,19.0,Công nghệ kỹ thuật điện tử - viễn thông
28271,DHT,cong-nghe-ky-thuat-dien-tu-vien-thong,A00,Điểm thi THPT,2023,16.0,Công nghệ kỹ thuật điện tử - Viễn thông
28272,DHT,cong-nghe-ky-thuat-dien-tu-vien-thong,A01,Điểm thi THPT,2023,16.0,Công nghệ kỹ thuật điện tử - Viễn thông
28273,DHT,cong-nghe-ky-thuat-dien-tu-vien-thong,D01,Điểm thi THPT,2023,16.0,Công nghệ kỹ thuật điện tử - Viễn thông
28274,DHT,cong-nghe-ky-thuat-dien-tu-vien-thong,D07,Điểm thi THPT,2023,16.0,Công nghệ kỹ thuật điện tử - Viễn thông
28275,DHT,cong-nghe-ky-thuat-dien-tu-vien-thong,A00,Điểm học bạ,2024,19.5,Công nghệ kỹ thuật điện tử -Viễn thông
28276,DHT,cong-nghe-ky-thuat-dien-tu-vien-thong,A01,Điểm học bạ,2024,19.5,Công nghệ kỹ thuật điện tử -Viễn thông
28277,DHT,cong-nghe-ky-thuat-dien-tu-vien-thong,D01,Điểm học bạ,2024,19.5,Công nghệ kỹ thuật điện tử -Viễn thông
28278,DHT,cong-nghe-ky-thuat-dien-tu-vien-thong,D07,Điểm học bạ,2024,19.5,Công nghệ kỹ thuật điện tử -Viễn thông
28279,DHT,cong-nghe-ky-thuat-dien-tu-vien-thong,A00,Điểm thi THPT,2024,16.5,Công nghệ kỹ thuật điện tử - Viễn thông
28280,DHT,cong-nghe-ky-thuat-dien-tu-vien-thong,A01,Điểm thi THPT,2024,16.5,Công nghệ kỹ thuật điện tử - Viễn thông
28281,DHT,cong-nghe-ky-thuat-dien-tu-vien-thong,D01,Điểm thi THPT,2024,16.5,Công nghệ kỹ thuật điện tử - Viễn thông
28282,DHT,cong-nghe-ky-thuat-dien-tu-vien-thong,D07,Điểm thi THPT,2024,16.5,Công nghệ kỹ thuật điện tử - Viễn thông
28283,DHT,cong-nghe-ky-thuat-dien-tu-vien-thong,A00,Điểm thi THPT,2025,17.5,Công nghệ kỹ thuật điện tử - Viễn thông
28284,DHT,cong-nghe-ky-thuat-dien-tu-vien-thong,A01,Điểm thi THPT,2025,17.5,Công nghệ kỹ thuật điện tử - Viễn thông
28285,DHT,cong-nghe-ky-thuat-dien-tu-vien-thong,C01,Điểm thi THPT,2025,17.5,Công nghệ kỹ thuật điện tử - Viễn thông
28286,DHT,cong-nghe-ky-thuat-dien-tu-vien-thong,X06,Điểm thi THPT,2025,17.5,Công nghệ kỹ thuật điện tử - Viễn thông
28287,DHT,cong-nghe-ky-thuat-hoa-hoc,A00,Điểm học bạ,2021,19.0,Công nghệ kỹ thuật hoá học
28288,DHT,cong-nghe-ky-thuat-hoa-hoc,B00,Điểm học bạ,2021,19.0,Công nghệ kỹ thuật hoá học
28289,DHT,cong-nghe-ky-thuat-hoa-hoc,D01,Điểm học bạ,2021,19.0,Công nghệ kỹ thuật hoá học
28290,DHT,cong-nghe-ky-thuat-hoa-hoc,D07,Điểm học bạ,2021,19.0,Công nghệ kỹ thuật hoá học
28291,DHT,cong-nghe-ky-thuat-hoa-hoc,A00,Điểm thi THPT,2021,15.0,Công nghệ kỹ thuật hoá học
28292,DHT,cong-nghe-ky-thuat-hoa-hoc,B00,Điểm thi THPT,2021,15.0,Công nghệ kỹ thuật hoá học
28293,DHT,cong-nghe-ky-thuat-hoa-hoc,D01,Điểm thi THPT,2021,15.0,Công nghệ kỹ thuật hoá học
28294,DHT,cong-nghe-ky-thuat-hoa-hoc,D07,Điểm thi THPT,2021,15.0,Công nghệ kỹ thuật hoá học
28295,DHT,cong-nghe-ky-thuat-hoa-hoc,A00,Điểm thi THPT,2022,15.0,Công nghệ kỹ thuật hóa học
28296,DHT,cong-nghe-ky-thuat-hoa-hoc,B00,Điểm thi THPT,2022,15.0,Công nghệ kỹ thuật hóa học
28297,DHT,cong-nghe-ky-thuat-hoa-hoc,D01,Điểm thi THPT,2022,15.0,Công nghệ kỹ thuật hóa học
28298,DHT,cong-nghe-ky-thuat-hoa-hoc,D07,Điểm thi THPT,2022,15.0,Công nghệ kỹ thuật hóa học
28299,DHT,cong-nghe-ky-thuat-hoa-hoc,A00,Điểm học bạ,2023,18.5,Công nghệ kỹ thuật hóa học
28300,DHT,cong-nghe-ky-thuat-hoa-hoc,B00,Điểm học bạ,2023,18.5,Công nghệ kỹ thuật hóa học
28301,DHT,cong-nghe-ky-thuat-hoa-hoc,D01,Điểm học bạ,2023,18.5,Công nghệ kỹ thuật hóa học
28302,DHT,cong-nghe-ky-thuat-hoa-hoc,D07,Điểm học bạ,2023,18.5,Công nghệ kỹ thuật hóa học
28303,DHT,cong-nghe-ky-thuat-hoa-hoc,A00,Điểm thi THPT,2023,15.5,Công nghệ kỹ thuật hóa học
28304,DHT,cong-nghe-ky-thuat-hoa-hoc,B00,Điểm thi THPT,2023,15.5,Công nghệ kỹ thuật hóa học
28305,DHT,cong-nghe-ky-thuat-hoa-hoc,D01,Điểm thi THPT,2023,15.5,Công nghệ kỹ thuật hóa học
28306,DHT,cong-nghe-ky-thuat-hoa-hoc,D07,Điểm thi THPT,2023,15.5,Công nghệ kỹ thuật hóa học
28307,DHT,cong-nghe-ky-thuat-hoa-hoc,A00,Điểm học bạ,2024,19.5,Công nghệ kỹ thuật hóa học
28308,DHT,cong-nghe-ky-thuat-hoa-hoc,B00,Điểm học bạ,2024,19.5,Công nghệ kỹ thuật hóa học
28309,DHT,cong-nghe-ky-thuat-hoa-hoc,D01,Điểm học bạ,2024,19.5,Công nghệ kỹ thuật hóa học
28310,DHT,cong-nghe-ky-thuat-hoa-hoc,D07,Điểm học bạ,2024,19.5,Công nghệ kỹ thuật hóa học
28311,DHT,cong-nghe-ky-thuat-hoa-hoc,A00,Điểm thi THPT,2024,15.75,Công nghệ kỹ thuật hóa học
28312,DHT,cong-nghe-ky-thuat-hoa-hoc,B00,Điểm thi THPT,2024,15.75,Công nghệ kỹ thuật hóa học
28313,DHT,cong-nghe-ky-thuat-hoa-hoc,D01,Điểm thi THPT,2024,15.75,Công nghệ kỹ thuật hóa học
28314,DHT,cong-nghe-ky-thuat-hoa-hoc,D07,Điểm thi THPT,2024,15.75,Công nghệ kỹ thuật hóa học
28315,DHT,cong-nghe-ky-thuat-hoa-hoc,A00,Điểm thi THPT,2025,17.0,Công nghệ kỹ thuật hóa học
28316,DHT,cong-nghe-ky-thuat-hoa-hoc,B00,Điểm thi THPT,2025,17.0,Công nghệ kỹ thuật hóa học
28317,DHT,cong-nghe-ky-thuat-hoa-hoc,C02,Điểm thi THPT,2025,17.0,Công nghệ kỹ thuật hóa học
28318,DHT,cong-nghe-ky-thuat-hoa-hoc,D07,Điểm thi THPT,2025,17.0,Công nghệ kỹ thuật hóa học
28319,DHT,cong-nghe-sinh-hoc,A00,Điểm học bạ,2021,20.0,Công nghệ sinh học
28320,DHT,cong-nghe-sinh-hoc,B00,Điểm học bạ,2021,20.0,Công nghệ sinh học
28321,DHT,cong-nghe-sinh-hoc,D01,Điểm học bạ,2021,20.0,Công nghệ sinh học
28322,DHT,cong-nghe-sinh-hoc,D08,Điểm học bạ,2021,20.0,Công nghệ sinh học
28323,DHT,cong-nghe-sinh-hoc,A00,Điểm thi THPT,2021,16.0,Công nghệ sinh học
28324,DHT,cong-nghe-sinh-hoc,B00,Điểm thi THPT,2021,16.0,Công nghệ sinh học
28325,DHT,cong-nghe-sinh-hoc,D01,Điểm thi THPT,2021,16.0,Công nghệ sinh học
28326,DHT,cong-nghe-sinh-hoc,D08,Điểm thi THPT,2021,16.0,Công nghệ sinh học
28327,DHT,cong-nghe-sinh-hoc,A00,Điểm thi THPT,2022,16.0,Công nghệ sinh học
28328,DHT,cong-nghe-sinh-hoc,B00,Điểm thi THPT,2022,16.0,Công nghệ sinh học
28329,DHT,cong-nghe-sinh-hoc,D01,Điểm thi THPT,2022,16.0,Công nghệ sinh học
28330,DHT,cong-nghe-sinh-hoc,D08,Điểm thi THPT,2022,16.0,Công nghệ sinh học
28331,DHT,cong-nghe-sinh-hoc,A00,Điểm học bạ,2023,19.0,Công nghệ sinh học
28332,DHT,cong-nghe-sinh-hoc,B00,Điểm học bạ,2023,19.0,Công nghệ sinh học
28333,DHT,cong-nghe-sinh-hoc,D01,Điểm học bạ,2023,19.0,Công nghệ sinh học
28334,DHT,cong-nghe-sinh-hoc,D08,Điểm học bạ,2023,19.0,Công nghệ sinh học
28335,DHT,cong-nghe-sinh-hoc,A00,Điểm thi THPT,2023,16.0,Công nghệ sinh học
28336,DHT,cong-nghe-sinh-hoc,B00,Điểm thi THPT,2023,16.0,Công nghệ sinh học
28337,DHT,cong-nghe-sinh-hoc,D01,Điểm thi THPT,2023,16.0,Công nghệ sinh học
28338,DHT,cong-nghe-sinh-hoc,D08,Điểm thi THPT,2023,16.0,Công nghệ sinh học
28339,DHT,cong-nghe-sinh-hoc,A00,Điểm học bạ,2024,21.0,Công nghệ sinh học
28340,DHT,cong-nghe-sinh-hoc,B00,Điểm học bạ,2024,21.0,Công nghệ sinh học
28341,DHT,cong-nghe-sinh-hoc,D01,Điểm học bạ,2024,21.0,Công nghệ sinh học
28342,DHT,cong-nghe-sinh-hoc,D08,Điểm học bạ,2024,21.0,Công nghệ sinh học
28343,DHT,cong-nghe-sinh-hoc,A00,Điểm thi THPT,2024,16.0,Công nghệ sinh học
28344,DHT,cong-nghe-sinh-hoc,B00,Điểm thi THPT,2024,16.0,Công nghệ sinh học
28345,DHT,cong-nghe-sinh-hoc,D01,Điểm thi THPT,2024,16.0,Công nghệ sinh học
28346,DHT,cong-nghe-sinh-hoc,D08,Điểm thi THPT,2024,16.0,Công nghệ sinh học
28347,DHT,cong-nghe-sinh-hoc,A02,Điểm thi THPT,2025,17.0,Công nghệ sinh học
28348,DHT,cong-nghe-sinh-hoc,B00,Điểm thi THPT,2025,17.0,Công nghệ sinh học
28349,DHT,cong-nghe-sinh-hoc,B03,Điểm thi THPT,2025,17.0,Công nghệ sinh học
28350,DHT,cong-nghe-sinh-hoc,B08,Điểm thi THPT,2025,17.0,Công nghệ sinh học
28351,DHT,cong-nghe-thong-tin,A00,Điểm học bạ,2021,20.5,Công nghệ thông tin
28352,DHT,cong-nghe-thong-tin,A01,Điểm học bạ,2021,20.5,Công nghệ thông tin
28353,DHT,cong-nghe-thong-tin,D01,Điểm học bạ,2021,20.5,Công nghệ thông tin
28354,DHT,cong-nghe-thong-tin,D07,Điểm học bạ,2021,20.5,Công nghệ thông tin
28355,DHT,cong-nghe-thong-tin,A00,Điểm thi THPT,2021,17.0,Công nghệ thông tin
28356,DHT,cong-nghe-thong-tin,A01,Điểm thi THPT,2021,17.0,Công nghệ thông tin
28357,DHT,cong-nghe-thong-tin,D01,Điểm thi THPT,2021,17.0,Công nghệ thông tin
28358,DHT,cong-nghe-thong-tin,D07,Điểm thi THPT,2021,17.0,Công nghệ thông tin
28359,DHT,cong-nghe-thong-tin,A00,Điểm thi THPT,2022,17.0,Công nghệ thông tin
28360,DHT,cong-nghe-thong-tin,A01,Điểm thi THPT,2022,17.0,Công nghệ thông tin
28361,DHT,cong-nghe-thong-tin,D01,Điểm thi THPT,2022,17.0,Công nghệ thông tin
28362,DHT,cong-nghe-thong-tin,D07,Điểm thi THPT,2022,17.0,Công nghệ thông tin
28363,DHT,cong-nghe-thong-tin,A00,Điểm học bạ,2023,20.5,Công nghệ thông tin
28364,DHT,cong-nghe-thong-tin,A01,Điểm học bạ,2023,20.5,Công nghệ thông tin
28365,DHT,cong-nghe-thong-tin,D01,Điểm học bạ,2023,20.5,Công nghệ thông tin
28366,DHT,cong-nghe-thong-tin,D07,Điểm học bạ,2023,20.5,Công nghệ thông tin
28367,DHT,cong-nghe-thong-tin,A00,Điểm thi THPT,2023,17.5,Công nghệ thông tin
28368,DHT,cong-nghe-thong-tin,A01,Điểm thi THPT,2023,17.5,Công nghệ thông tin
28369,DHT,cong-nghe-thong-tin,D01,Điểm thi THPT,2023,17.5,Công nghệ thông tin
28370,DHT,cong-nghe-thong-tin,D07,Điểm thi THPT,2023,17.5,Công nghệ thông tin
28371,DHT,cong-nghe-thong-tin,A00,Điểm học bạ,2024,20.5,Công nghệ thông tin
28372,DHT,cong-nghe-thong-tin,A01,Điểm học bạ,2024,20.5,Công nghệ thông tin
28373,DHT,cong-nghe-thong-tin,D01,Điểm học bạ,2024,20.5,Công nghệ thông tin
28374,DHT,cong-nghe-thong-tin,D07,Điểm học bạ,2024,20.5,Công nghệ thông tin
28375,DHT,cong-nghe-thong-tin,A00,Điểm thi THPT,2024,17.5,Công nghệ thông tin
28376,DHT,cong-nghe-thong-tin,A01,Điểm thi THPT,2024,17.5,Công nghệ thông tin
28377,DHT,cong-nghe-thong-tin,D01,Điểm thi THPT,2024,17.5,Công nghệ thông tin
28378,DHT,cong-nghe-thong-tin,D07,Điểm thi THPT,2024,17.5,Công nghệ thông tin
28379,DHT,cong-nghe-thong-tin,A00,Điểm thi THPT,2025,17.5,Công nghệ thông tin
28380,DHT,cong-nghe-thong-tin,A01,Điểm thi THPT,2025,17.5,Công nghệ thông tin
28381,DHT,cong-nghe-thong-tin,D01,Điểm thi THPT,2025,17.5,Công nghệ thông tin
28382,DHT,cong-nghe-thong-tin,X26,Điểm thi THPT,2025,17.5,Công nghệ thông tin
28383,DHT,cong-tac-xa-hoi,C19,Điểm học bạ,2021,18.0,Công tác xã hội
28384,DHT,cong-tac-xa-hoi,D01,Điểm học bạ,2021,18.0,Công tác xã hội
28385,DHT,cong-tac-xa-hoi,D14,Điểm học bạ,2021,18.0,Công tác xã hội
28386,DHT,cong-tac-xa-hoi,C19,Điểm thi THPT,2021,15.0,Công tác xã hội
28387,DHT,cong-tac-xa-hoi,D01,Điểm thi THPT,2021,15.0,Công tác xã hội
28388,DHT,cong-tac-xa-hoi,D14,Điểm thi THPT,2021,15.0,Công tác xã hội
28389,DHT,cong-tac-xa-hoi,C00,Điểm thi THPT,2022,15.5,Công tác xã hội
28390,DHT,cong-tac-xa-hoi,C19,Điểm thi THPT,2022,15.5,Công tác xã hội
28391,DHT,cong-tac-xa-hoi,D01,Điểm thi THPT,2022,15.5,Công tác xã hội
28392,DHT,cong-tac-xa-hoi,D14,Điểm thi THPT,2022,15.5,Công tác xã hội
28393,DHT,cong-tac-xa-hoi,C00,Điểm học bạ,2023,18.0,Công tác xã hội
28394,DHT,cong-tac-xa-hoi,C19,Điểm học bạ,2023,18.0,Công tác xã hội
28395,DHT,cong-tac-xa-hoi,D01,Điểm học bạ,2023,18.0,Công tác xã hội
28396,DHT,cong-tac-xa-hoi,D14,Điểm học bạ,2023,18.0,Công tác xã hội
28397,DHT,cong-tac-xa-hoi,C00,Điểm thi THPT,2023,15.5,Công tác xã hội
28398,DHT,cong-tac-xa-hoi,C19,Điểm thi THPT,2023,15.5,Công tác xã hội
28399,DHT,cong-tac-xa-hoi,D01,Điểm thi THPT,2023,15.5,Công tác xã hội
28400,DHT,cong-tac-xa-hoi,D14,Điểm thi THPT,2023,15.5,Công tác xã hội
28401,DHT,cong-tac-xa-hoi,C00,Điểm học bạ,2024,19.0,Công tác xã hội
28402,DHT,cong-tac-xa-hoi,C19,Điểm học bạ,2024,19.0,Công tác xã hội
28403,DHT,cong-tac-xa-hoi,D01,Điểm học bạ,2024,19.0,Công tác xã hội
28404,DHT,cong-tac-xa-hoi,D14,Điểm học bạ,2024,19.0,Công tác xã hội
28405,DHT,cong-tac-xa-hoi,C00,Điểm thi THPT,2024,16.25,Công tác xã hội
28406,DHT,cong-tac-xa-hoi,C19,Điểm thi THPT,2024,16.25,Công tác xã hội
28407,DHT,cong-tac-xa-hoi,D01,Điểm thi THPT,2024,16.25,Công tác xã hội
28408,DHT,cong-tac-xa-hoi,D14,Điểm thi THPT,2024,16.25,Công tác xã hội
28409,DHT,cong-tac-xa-hoi,C00,Điểm thi THPT,2025,19.0,Công tác xã hội
28410,DHT,cong-tac-xa-hoi,D01,Điểm thi THPT,2025,19.0,Công tác xã hội
28411,DHT,cong-tac-xa-hoi,D14,Điểm thi THPT,2025,19.0,Công tác xã hội
28412,DHT,cong-tac-xa-hoi,X70,Điểm thi THPT,2025,19.0,Công tác xã hội
28413,DHT,dia-ky-thuat-xay-dung,A00,Điểm thi THPT,2022,15.0,Địa kỹ thuật xây dựng
28414,DHT,dia-ky-thuat-xay-dung,B00,Điểm thi THPT,2022,15.0,Địa kỹ thuật xây dựng
28415,DHT,dia-ky-thuat-xay-dung,D01,Điểm thi THPT,2022,15.0,Địa kỹ thuật xây dựng
28416,DHT,dia-ky-thuat-xay-dung,D10,Điểm thi THPT,2022,15.0,Địa kỹ thuật xây dựng
28417,DHT,dia-ky-thuat-xay-dung,A00,Điểm học bạ,2023,18.0,Địa kỹ thuật xây dựng
28418,DHT,dia-ky-thuat-xay-dung,B00,Điểm học bạ,2023,18.0,Địa kỹ thuật xây dựng
28419,DHT,dia-ky-thuat-xay-dung,D01,Điểm học bạ,2023,18.0,Địa kỹ thuật xây dựng
28420,DHT,dia-ky-thuat-xay-dung,D10,Điểm học bạ,2023,18.0,Địa kỹ thuật xây dựng
28421,DHT,dia-ky-thuat-xay-dung,A00,Điểm thi THPT,2023,15.5,Địa kỹ thuật xây dựng
28422,DHT,dia-ky-thuat-xay-dung,B00,Điểm thi THPT,2023,15.5,Địa kỹ thuật xây dựng
28423,DHT,dia-ky-thuat-xay-dung,D01,Điểm thi THPT,2023,15.5,Địa kỹ thuật xây dựng
28424,DHT,dia-ky-thuat-xay-dung,D10,Điểm thi THPT,2023,15.5,Địa kỹ thuật xây dựng
28425,DHT,dia-ky-thuat-xay-dung,A00,Điểm học bạ,2024,18.5,Địa kỹ thuật xây dựng
28426,DHT,dia-ky-thuat-xay-dung,B00,Điểm học bạ,2024,18.5,Địa kỹ thuật xây dựng
28427,DHT,dia-ky-thuat-xay-dung,D01,Điểm học bạ,2024,18.5,Địa kỹ thuật xây dựng
28428,DHT,dia-ky-thuat-xay-dung,D10,Điểm học bạ,2024,18.5,Địa kỹ thuật xây dựng
28429,DHT,dia-ky-thuat-xay-dung,A00,Điểm thi THPT,2024,15.5,Địa kỹ thuật xây dựng
28430,DHT,dia-ky-thuat-xay-dung,B00,Điểm thi THPT,2024,15.5,Địa kỹ thuật xây dựng
28431,DHT,dia-ky-thuat-xay-dung,D01,Điểm thi THPT,2024,15.5,Địa kỹ thuật xây dựng
28432,DHT,dia-ky-thuat-xay-dung,D10,Điểm thi THPT,2024,15.5,Địa kỹ thuật xây dựng
28433,DHT,dia-ky-thuat-xay-dung,A00,Điểm thi THPT,2025,15.5,Địa kỹ thuật xây dựng
28434,DHT,dia-ky-thuat-xay-dung,C04,Điểm thi THPT,2025,15.5,Địa kỹ thuật xây dựng
28435,DHT,dia-ky-thuat-xay-dung,D01,Điểm thi THPT,2025,15.5,Địa kỹ thuật xây dựng
28436,DHT,dia-ky-thuat-xay-dung,D84,Điểm thi THPT,2025,15.5,Địa kỹ thuật xây dựng
28437,DHT,dia-ky-thuat-xay-dung,X25,Điểm thi THPT,2025,15.5,Địa kỹ thuật xây dựng
28438,DHT,dong-phuong-hoc,C00,Điểm học bạ,2021,19.0,Đông phương học
28439,DHT,dong-phuong-hoc,C19,Điểm học bạ,2021,19.0,Đông phương học
28440,DHT,dong-phuong-hoc,D01,Điểm học bạ,2021,19.0,Đông phương học
28441,DHT,dong-phuong-hoc,D14,Điểm học bạ,2021,19.0,Đông phương học
28442,DHT,dong-phuong-hoc,C00,Điểm thi THPT,2021,15.25,Đông phương học
28443,DHT,dong-phuong-hoc,C19,Điểm thi THPT,2021,15.25,Đông phương học
28444,DHT,dong-phuong-hoc,D01,Điểm thi THPT,2021,15.25,Đông phương học
28445,DHT,dong-phuong-hoc,D14,Điểm thi THPT,2021,15.25,Đông phương học
28446,DHT,dong-phuong-hoc,C00,Điểm thi THPT,2022,15.5,Đông phương học
28447,DHT,dong-phuong-hoc,C19,Điểm thi THPT,2022,15.5,Đông phương học
28448,DHT,dong-phuong-hoc,D01,Điểm thi THPT,2022,15.5,Đông phương học
28449,DHT,dong-phuong-hoc,D14,Điểm thi THPT,2022,15.5,Đông phương học
28450,DHT,dong-phuong-hoc,C00,Điểm học bạ,2023,18.5,Đông phương học
28451,DHT,dong-phuong-hoc,C19,Điểm học bạ,2023,18.5,Đông phương học
28452,DHT,dong-phuong-hoc,D01,Điểm học bạ,2023,18.5,Đông phương học
28453,DHT,dong-phuong-hoc,D14,Điểm học bạ,2023,18.5,Đông phương học
28454,DHT,dong-phuong-hoc,C00,Điểm thi THPT,2023,16.0,Đông phương học
28455,DHT,dong-phuong-hoc,C19,Điểm thi THPT,2023,16.0,Đông phương học
28456,DHT,dong-phuong-hoc,D01,Điểm thi THPT,2023,16.0,Đông phương học
28457,DHT,dong-phuong-hoc,D14,Điểm thi THPT,2023,16.0,Đông phương học
28458,DHT,dong-phuong-hoc,C00,Điểm học bạ,2024,19.5,Đông phương học
28459,DHT,dong-phuong-hoc,C19,Điểm học bạ,2024,19.5,Đông phương học
28460,DHT,dong-phuong-hoc,D01,Điểm học bạ,2024,19.5,Đông phương học
28461,DHT,dong-phuong-hoc,D14,Điểm học bạ,2024,19.5,Đông phương học
28462,DHT,dong-phuong-hoc,C00,Điểm thi THPT,2024,16.0,Đông phương học
28463,DHT,dong-phuong-hoc,C19,Điểm thi THPT,2024,16.0,Đông phương học
28464,DHT,dong-phuong-hoc,D01,Điểm thi THPT,2024,16.0,Đông phương học
28465,DHT,dong-phuong-hoc,D14,Điểm thi THPT,2024,16.0,Đông phương học
28466,DHT,dong-phuong-hoc,C00,Điểm thi THPT,2025,15.5,Đông phương học
28467,DHT,dong-phuong-hoc,C19,Điểm thi THPT,2025,15.5,Đông phương học
28468,DHT,dong-phuong-hoc,D01,Điểm thi THPT,2025,15.5,Đông phương học
28469,DHT,dong-phuong-hoc,D14,Điểm thi THPT,2025,15.5,Đông phương học
28470,DHT,dong-phuong-hoc,X70,Điểm thi THPT,2025,15.5,Đông phương học
28471,DHT,han-nom,C00,Điểm học bạ,2021,19.0,Hán - Nôm
28472,DHT,han-nom,C19,Điểm học bạ,2021,19.0,Hán - Nôm
28473,DHT,han-nom,D01,Điểm học bạ,2021,19.0,Hán - Nôm
28474,DHT,han-nom,D14,Điểm học bạ,2021,19.0,Hán - Nôm
28475,DHT,han-nom,C00,Điểm thi THPT,2021,15.0,Hán - Nôm
28476,DHT,han-nom,C19,Điểm thi THPT,2021,15.0,Hán - Nôm
28477,DHT,han-nom,D01,Điểm thi THPT,2021,15.0,Hán - Nôm
28478,DHT,han-nom,D14,Điểm thi THPT,2021,15.0,Hán - Nôm
28479,DHT,han-nom,C00,Điểm thi THPT,2022,15.5,Hán - Nôm
28480,DHT,han-nom,C19,Điểm thi THPT,2022,15.5,Hán - Nôm
28481,DHT,han-nom,D14,Điểm thi THPT,2022,15.5,Hán - Nôm
28482,DHT,han-nom,C00,Điểm học bạ,2023,18.5,Hán - Nôm
28483,DHT,han-nom,C19,Điểm học bạ,2023,18.5,Hán - Nôm
28484,DHT,han-nom,D14,Điểm học bạ,2023,18.5,Hán - Nôm
28485,DHT,han-nom,C00,Điểm thi THPT,2023,15.5,Hán - Nôm
28486,DHT,han-nom,C19,Điểm thi THPT,2023,15.5,Hán - Nôm
28487,DHT,han-nom,D14,Điểm thi THPT,2023,15.5,Hán - Nôm
28488,DHT,han-nom,C00,Điểm học bạ,2024,19.5,Hán - Nôm
28489,DHT,han-nom,C19,Điểm học bạ,2024,19.5,Hán - Nôm
28490,DHT,han-nom,D14,Điểm học bạ,2024,19.5,Hán - Nôm
28491,DHT,han-nom,C00,Điểm thi THPT,2024,16.25,Hán Nôm
28492,DHT,han-nom,C19,Điểm thi THPT,2024,16.25,Hán Nôm
28493,DHT,han-nom,D14,Điểm thi THPT,2024,16.25,Hán Nôm
28494,DHT,han-nom,C00,Điểm thi THPT,2025,16.0,Hán Nôm
28495,DHT,han-nom,C19,Điểm thi THPT,2025,16.0,Hán Nôm
28496,DHT,han-nom,D01,Điểm thi THPT,2025,16.0,Hán Nôm
28497,DHT,han-nom,D14,Điểm thi THPT,2025,16.0,Hán Nôm
28498,DHT,han-nom,X70,Điểm thi THPT,2025,16.0,Hán Nôm
28499,DHT,hoa-hoc,A00,Điểm học bạ,2021,19.0,Hoá học
28500,DHT,hoa-hoc,B00,Điểm học bạ,2021,19.0,Hoá học
28501,DHT,hoa-hoc,D01,Điểm học bạ,2021,19.0,Hoá học
28502,DHT,hoa-hoc,D07,Điểm học bạ,2021,19.0,Hoá học
28503,DHT,hoa-hoc,A00,Điểm thi THPT,2021,15.0,Hoá học
28504,DHT,hoa-hoc,B00,Điểm thi THPT,2021,15.0,Hoá học
28505,DHT,hoa-hoc,D01,Điểm thi THPT,2021,15.0,Hoá học
28506,DHT,hoa-hoc,D07,Điểm thi THPT,2021,15.0,Hoá học
28507,DHT,hoa-hoc,A00,Điểm thi THPT,2022,15.0,Hóa học
28508,DHT,hoa-hoc,B00,Điểm thi THPT,2022,15.0,Hóa học
28509,DHT,hoa-hoc,D01,Điểm thi THPT,2022,15.0,Hóa học
28510,DHT,hoa-hoc,D07,Điểm thi THPT,2022,15.0,Hóa học
28511,DHT,hoa-hoc,A00,Điểm học bạ,2023,18.5,Hóa học
28512,DHT,hoa-hoc,B00,Điểm học bạ,2023,18.5,Hóa học
28513,DHT,hoa-hoc,D01,Điểm học bạ,2023,18.5,Hóa học
28514,DHT,hoa-hoc,D07,Điểm học bạ,2023,18.5,Hóa học
28515,DHT,hoa-hoc,A00,Điểm thi THPT,2023,15.5,Hoá học
28516,DHT,hoa-hoc,B00,Điểm thi THPT,2023,15.5,Hoá học
28517,DHT,hoa-hoc,D01,Điểm thi THPT,2023,15.5,Hoá học
28518,DHT,hoa-hoc,D07,Điểm thi THPT,2023,15.5,Hoá học
28519,DHT,hoa-hoc,A00,Điểm học bạ,2024,19.5,Hoá học
28520,DHT,hoa-hoc,B00,Điểm học bạ,2024,19.5,Hoá học
28521,DHT,hoa-hoc,D01,Điểm học bạ,2024,19.5,Hoá học
28522,DHT,hoa-hoc,D07,Điểm học bạ,2024,19.5,Hoá học
28523,DHT,hoa-hoc,A00,Điểm thi THPT,2024,15.75,Hóa học
28524,DHT,hoa-hoc,B00,Điểm thi THPT,2024,15.75,Hóa học
28525,DHT,hoa-hoc,D01,Điểm thi THPT,2024,15.75,Hóa học
28526,DHT,hoa-hoc,D07,Điểm thi THPT,2024,15.75,Hóa học
28527,DHT,hoa-hoc,A00,Điểm thi THPT,2025,16.0,Hóa học
28528,DHT,hoa-hoc,B00,Điểm thi THPT,2025,16.0,Hóa học
28529,DHT,hoa-hoc,C02,Điểm thi THPT,2025,16.0,Hóa học
28530,DHT,hoa-hoc,D07,Điểm thi THPT,2025,16.0,Hóa học
28531,DHT,khoa-hoc-moi-truong,A00,Điểm học bạ,2021,18.5,Khoa học môi trường
28532,DHT,khoa-hoc-moi-truong,B00,Điểm học bạ,2021,18.5,Khoa học môi trường
28533,DHT,khoa-hoc-moi-truong,D07,Điểm học bạ,2021,18.5,Khoa học môi trường
28534,DHT,khoa-hoc-moi-truong,D15,Điểm học bạ,2021,18.5,Khoa học môi trường
28535,DHT,khoa-hoc-moi-truong,A00,Điểm thi THPT,2021,15.25,Khoa học môi trường
28536,DHT,khoa-hoc-moi-truong,B00,Điểm thi THPT,2021,15.25,Khoa học môi trường
28537,DHT,khoa-hoc-moi-truong,D07,Điểm thi THPT,2021,15.25,Khoa học môi trường
28538,DHT,khoa-hoc-moi-truong,D15,Điểm thi THPT,2021,15.25,Khoa học môi trường
28539,DHT,khoa-hoc-moi-truong,A00,Điểm thi THPT,2022,15.0,Khoa học môi trường
28540,DHT,khoa-hoc-moi-truong,B00,Điểm thi THPT,2022,15.0,Khoa học môi trường
28541,DHT,khoa-hoc-moi-truong,D07,Điểm thi THPT,2022,15.0,Khoa học môi trường
28542,DHT,khoa-hoc-moi-truong,D15,Điểm thi THPT,2022,15.0,Khoa học môi trường
28543,DHT,khoa-hoc-moi-truong,A00,Điểm học bạ,2023,18.5,Khoa học môi trường
28544,DHT,khoa-hoc-moi-truong,B00,Điểm học bạ,2023,18.5,Khoa học môi trường
28545,DHT,khoa-hoc-moi-truong,D07,Điểm học bạ,2023,18.5,Khoa học môi trường
28546,DHT,khoa-hoc-moi-truong,D15,Điểm học bạ,2023,18.5,Khoa học môi trường
28547,DHT,khoa-hoc-moi-truong,A00,Điểm thi THPT,2023,15.0,Khoa học môi trường
28548,DHT,khoa-hoc-moi-truong,B00,Điểm thi THPT,2023,15.0,Khoa học môi trường
28549,DHT,khoa-hoc-moi-truong,D07,Điểm thi THPT,2023,15.0,Khoa học môi trường
28550,DHT,khoa-hoc-moi-truong,D15,Điểm thi THPT,2023,15.0,Khoa học môi trường
28551,DHT,khoa-hoc-moi-truong,A00,Điểm học bạ,2024,19.0,Khoa học môi trường
28552,DHT,khoa-hoc-moi-truong,B00,Điểm học bạ,2024,19.0,Khoa học môi trường
28553,DHT,khoa-hoc-moi-truong,D07,Điểm học bạ,2024,19.0,Khoa học môi trường
28554,DHT,khoa-hoc-moi-truong,D15,Điểm học bạ,2024,19.0,Khoa học môi trường
28555,DHT,khoa-hoc-moi-truong,A00,Điểm thi THPT,2024,15.0,Khoa học môi trường
28556,DHT,khoa-hoc-moi-truong,B00,Điểm thi THPT,2024,15.0,Khoa học môi trường
28557,DHT,khoa-hoc-moi-truong,D07,Điểm thi THPT,2024,15.0,Khoa học môi trường
28558,DHT,khoa-hoc-moi-truong,D15,Điểm thi THPT,2024,15.0,Khoa học môi trường
28559,DHT,khoa-hoc-moi-truong,A00,Điểm thi THPT,2025,15.0,Khoa học môi trường
28560,DHT,khoa-hoc-moi-truong,B00,Điểm thi THPT,2025,15.0,Khoa học môi trường
28561,DHT,khoa-hoc-moi-truong,C14,Điểm thi THPT,2025,15.0,Khoa học môi trường
28562,DHT,khoa-hoc-moi-truong,D10,Điểm thi THPT,2025,15.0,Khoa học môi trường
28563,DHT,khoa-hoc-moi-truong,X01,Điểm thi THPT,2025,15.0,Khoa học môi trường
28564,DHT,kien-truc,V00,Điểm thi THPT,2021,16.5,Kiến trúc
28565,DHT,kien-truc,V01,Điểm thi THPT,2021,16.5,Kiến trúc
28566,DHT,kien-truc,V02,Điểm thi THPT,2021,16.5,Kiến trúc
28567,DHT,kien-truc,V00,Điểm thi THPT,2022,16.0,Kiến trúc
28568,DHT,kien-truc,V01,Điểm thi THPT,2022,16.0,Kiến trúc
28569,DHT,kien-truc,V02,Điểm thi THPT,2022,16.0,Kiến trúc
28570,DHT,kien-truc,V00,Điểm học bạ,2023,20.0,Kiến trúc
28571,DHT,kien-truc,V01,Điểm học bạ,2023,20.0,Kiến trúc
28572,DHT,kien-truc,V02,Điểm học bạ,2023,20.0,Kiến trúc
28573,DHT,kien-truc,V00,Điểm thi THPT,2023,16.5,Kiến trúc
28574,DHT,kien-truc,V01,Điểm thi THPT,2023,16.5,Kiến trúc
28575,DHT,kien-truc,V02,Điểm thi THPT,2023,16.5,Kiến trúc
28576,DHT,kien-truc,V00,Điểm học bạ,2024,20.0,Kiến trúc
28577,DHT,kien-truc,V01,Điểm học bạ,2024,20.0,Kiến trúc
28578,DHT,kien-truc,V02,Điểm học bạ,2024,20.0,Kiến trúc
28579,DHT,kien-truc,V00,Điểm thi THPT,2024,16.75,Kiến trúc
28580,DHT,kien-truc,V01,Điểm thi THPT,2024,16.75,Kiến trúc
28581,DHT,kien-truc,V02,Điểm thi THPT,2024,16.75,Kiến trúc
28582,DHT,kien-truc,V00,Điểm thi THPT,2025,16.75,Kiến trúc
28583,DHT,kien-truc,V01,Điểm thi THPT,2025,16.75,Kiến trúc
28584,DHT,kien-truc,V02,Điểm thi THPT,2025,16.75,Kiến trúc
28585,DHT,kien-truc,V03,Điểm thi THPT,2025,16.75,Kiến trúc
28586,DHT,ky-thuat-dia-chat,A00,Điểm học bạ,2021,18.5,Kỹ thuật địa chất
28587,DHT,ky-thuat-dia-chat,B00,Điểm học bạ,2021,18.5,Kỹ thuật địa chất
28588,DHT,ky-thuat-dia-chat,D01,Điểm học bạ,2021,18.5,Kỹ thuật địa chất
28589,DHT,ky-thuat-dia-chat,D07,Điểm học bạ,2021,18.5,Kỹ thuật địa chất
28590,DHT,ky-thuat-dia-chat,A00,Điểm thi THPT,2021,15.25,Kỹ thuật địa chất
28591,DHT,ky-thuat-dia-chat,B00,Điểm thi THPT,2021,15.25,Kỹ thuật địa chất
28592,DHT,ky-thuat-dia-chat,D01,Điểm thi THPT,2021,15.25,Kỹ thuật địa chất
28593,DHT,ky-thuat-dia-chat,D07,Điểm thi THPT,2021,15.25,Kỹ thuật địa chất
28594,DHT,ky-thuat-moi-truong,A00,Điểm học bạ,2021,18.5,Kỹ thuật môi trường
28595,DHT,ky-thuat-moi-truong,B00,Điểm học bạ,2021,18.5,Kỹ thuật môi trường
28596,DHT,ky-thuat-moi-truong,D07,Điểm học bạ,2021,18.5,Kỹ thuật môi trường
28597,DHT,ky-thuat-moi-truong,D15,Điểm học bạ,2021,18.5,Kỹ thuật môi trường
28598,DHT,ky-thuat-moi-truong,A00,Điểm thi THPT,2021,15.25,Kỹ thuật môi trường
28599,DHT,ky-thuat-moi-truong,B00,Điểm thi THPT,2021,15.25,Kỹ thuật môi trường
28600,DHT,ky-thuat-moi-truong,D07,Điểm thi THPT,2021,15.25,Kỹ thuật môi trường
28601,DHT,ky-thuat-moi-truong,D15,Điểm thi THPT,2021,15.25,Kỹ thuật môi trường
28602,DHT,ky-thuat-phan-mem,A00,Điểm thi THPT,2021,16.5,Kỹ thuật phần mềm
28603,DHT,ky-thuat-phan-mem,A01,Điểm thi THPT,2021,16.5,Kỹ thuật phần mềm
28604,DHT,ky-thuat-phan-mem,D01,Điểm thi THPT,2021,16.5,Kỹ thuật phần mềm
28605,DHT,ky-thuat-phan-mem,D07,Điểm thi THPT,2021,16.5,Kỹ thuật phần mềm
28606,DHT,ky-thuat-phan-mem,A00,Điểm thi THPT,2022,16.5,Kỹ thuật phần mềm
28607,DHT,ky-thuat-phan-mem,A01,Điểm thi THPT,2022,16.5,Kỹ thuật phần mềm
28608,DHT,ky-thuat-phan-mem,D01,Điểm thi THPT,2022,16.5,Kỹ thuật phần mềm
28609,DHT,ky-thuat-phan-mem,D07,Điểm thi THPT,2022,16.5,Kỹ thuật phần mềm
28610,DHT,ky-thuat-phan-mem,A00,Điểm học bạ,2023,19.0,Kỹ thuật phần mềm
28611,DHT,ky-thuat-phan-mem,A01,Điểm học bạ,2023,19.0,Kỹ thuật phần mềm
28612,DHT,ky-thuat-phan-mem,D01,Điểm học bạ,2023,19.0,Kỹ thuật phần mềm
28613,DHT,ky-thuat-phan-mem,D07,Điểm học bạ,2023,19.0,Kỹ thuật phần mềm
28614,DHT,ky-thuat-phan-mem,A00,Điểm thi THPT,2023,16.5,Kỹ thuật phần mềm
28615,DHT,ky-thuat-phan-mem,A01,Điểm thi THPT,2023,16.5,Kỹ thuật phần mềm
28616,DHT,ky-thuat-phan-mem,D01,Điểm thi THPT,2023,16.5,Kỹ thuật phần mềm
28617,DHT,ky-thuat-phan-mem,D07,Điểm thi THPT,2023,16.5,Kỹ thuật phần mềm
28618,DHT,ky-thuat-phan-mem,A00,Điểm học bạ,2024,20.0,Kỹ thuật phần mềm
28619,DHT,ky-thuat-phan-mem,A01,Điểm học bạ,2024,20.0,Kỹ thuật phần mềm
28620,DHT,ky-thuat-phan-mem,D01,Điểm học bạ,2024,20.0,Kỹ thuật phần mềm
28621,DHT,ky-thuat-phan-mem,D07,Điểm học bạ,2024,20.0,Kỹ thuật phần mềm
28622,DHT,ky-thuat-phan-mem,A00,Điểm thi THPT,2024,17.0,Kỹ thuật phần mềm
28623,DHT,ky-thuat-phan-mem,A01,Điểm thi THPT,2024,17.0,Kỹ thuật phần mềm
28624,DHT,ky-thuat-phan-mem,D01,Điểm thi THPT,2024,17.0,Kỹ thuật phần mềm
28625,DHT,ky-thuat-phan-mem,D07,Điểm thi THPT,2024,17.0,Kỹ thuật phần mềm
28626,DHT,ky-thuat-phan-mem,A00,Điểm thi THPT,2025,17.5,Kỹ thuật phần mềm
28627,DHT,ky-thuat-phan-mem,A01,Điểm thi THPT,2025,17.5,Kỹ thuật phần mềm
28628,DHT,ky-thuat-phan-mem,D01,Điểm thi THPT,2025,17.5,Kỹ thuật phần mềm
28629,DHT,ky-thuat-phan-mem,X26,Điểm thi THPT,2025,17.5,Kỹ thuật phần mềm
28630,DHT,ky-thuat-sinh-hoc,A00,Điểm học bạ,2021,20.0,Kỹ thuật sinh học
28631,DHT,ky-thuat-sinh-hoc,B00,Điểm học bạ,2021,20.0,Kỹ thuật sinh học
28632,DHT,ky-thuat-sinh-hoc,D01,Điểm học bạ,2021,20.0,Kỹ thuật sinh học
28633,DHT,ky-thuat-sinh-hoc,D08,Điểm học bạ,2021,20.0,Kỹ thuật sinh học
28634,DHT,ky-thuat-sinh-hoc,A00,Điểm thi THPT,2021,16.0,Kỹ thuật sinh học
28635,DHT,ky-thuat-sinh-hoc,B00,Điểm thi THPT,2021,16.0,Kỹ thuật sinh học
28636,DHT,ky-thuat-sinh-hoc,D01,Điểm thi THPT,2021,16.0,Kỹ thuật sinh học
28637,DHT,ky-thuat-sinh-hoc,D08,Điểm thi THPT,2021,16.0,Kỹ thuật sinh học
28638,DHT,ky-thuat-trac-dia-ban-do,A00,Điểm thi THPT,2022,15.0,Kỹ thuật trắc địa - bản đồ
28639,DHT,ky-thuat-trac-dia-ban-do,B00,Điểm thi THPT,2022,15.0,Kỹ thuật trắc địa - bản đồ
28640,DHT,ky-thuat-trac-dia-ban-do,D01,Điểm thi THPT,2022,15.0,Kỹ thuật trắc địa - bản đồ
28641,DHT,ky-thuat-trac-dia-ban-do,D10,Điểm thi THPT,2022,15.0,Kỹ thuật trắc địa - bản đồ
28642,DHT,ky-thuat-trac-dia-ban-do,A00,Điểm học bạ,2023,18.5,Kỹ thuật trắc địa - bản đồ
28643,DHT,ky-thuat-trac-dia-ban-do,B00,Điểm học bạ,2023,18.5,Kỹ thuật trắc địa - bản đồ
28644,DHT,ky-thuat-trac-dia-ban-do,D01,Điểm học bạ,2023,18.5,Kỹ thuật trắc địa - bản đồ
28645,DHT,ky-thuat-trac-dia-ban-do,D10,Điểm học bạ,2023,18.5,Kỹ thuật trắc địa - bản đồ
28646,DHT,ky-thuat-trac-dia-ban-do,A00,Điểm thi THPT,2023,15.5,Kỹ thuật trác địa - bản đồ
28647,DHT,ky-thuat-trac-dia-ban-do,B00,Điểm thi THPT,2023,15.5,Kỹ thuật trác địa - bản đồ
28648,DHT,ky-thuat-trac-dia-ban-do,D01,Điểm thi THPT,2023,15.5,Kỹ thuật trác địa - bản đồ
28649,DHT,ky-thuat-trac-dia-ban-do,D10,Điểm thi THPT,2023,15.5,Kỹ thuật trác địa - bản đồ
28650,DHT,ky-thuat-trac-dia-ban-do,A00,Điểm học bạ,2024,18.5,Kỹ thuật trắc địa - bản đồ
28651,DHT,ky-thuat-trac-dia-ban-do,B00,Điểm học bạ,2024,18.5,Kỹ thuật trắc địa - bản đồ
28652,DHT,ky-thuat-trac-dia-ban-do,D01,Điểm học bạ,2024,18.5,Kỹ thuật trắc địa - bản đồ
28653,DHT,ky-thuat-trac-dia-ban-do,D10,Điểm học bạ,2024,18.5,Kỹ thuật trắc địa - bản đồ
28654,DHT,ky-thuat-trac-dia-ban-do,A00,Điểm thi THPT,2024,15.5,Kỹ thuật trắc địa - bản đồ
28655,DHT,ky-thuat-trac-dia-ban-do,B00,Điểm thi THPT,2024,15.5,Kỹ thuật trắc địa - bản đồ
28656,DHT,ky-thuat-trac-dia-ban-do,D01,Điểm thi THPT,2024,15.5,Kỹ thuật trắc địa - bản đồ
28657,DHT,ky-thuat-trac-dia-ban-do,D10,Điểm thi THPT,2024,15.5,Kỹ thuật trắc địa - bản đồ
28658,DHT,ky-thuat-trac-dia-ban-do,A00,Điểm thi THPT,2025,15.5,Kỹ thuật trắc địa - bản đồ
28659,DHT,ky-thuat-trac-dia-ban-do,C04,Điểm thi THPT,2025,15.5,Kỹ thuật trắc địa - bản đồ
28660,DHT,ky-thuat-trac-dia-ban-do,D01,Điểm thi THPT,2025,15.5,Kỹ thuật trắc địa - bản đồ
28661,DHT,ky-thuat-trac-dia-ban-do,D84,Điểm thi THPT,2025,15.5,Kỹ thuật trắc địa - bản đồ
28662,DHT,ky-thuat-trac-dia-ban-do,X25,Điểm thi THPT,2025,15.5,Kỹ thuật trắc địa - bản đồ
28663,DHT,lich-su,C00,Điểm học bạ,2021,19.0,Lịch sử
28664,DHT,lich-su,C19,Điểm học bạ,2021,19.0,Lịch sử
28665,DHT,lich-su,D01,Điểm học bạ,2021,19.0,Lịch sử
28666,DHT,lich-su,D14,Điểm học bạ,2021,19.0,Lịch sử
28667,DHT,lich-su,C00,Điểm thi THPT,2021,15.5,Lịch sử
28668,DHT,lich-su,C19,Điểm thi THPT,2021,15.5,Lịch sử
28669,DHT,lich-su,D01,Điểm thi THPT,2021,15.5,Lịch sử
28670,DHT,lich-su,D14,Điểm thi THPT,2021,15.5,Lịch sử
28671,DHT,lich-su,C00,Điểm thi THPT,2022,15.5,Lịch sử
28672,DHT,lich-su,C19,Điểm thi THPT,2022,15.5,Lịch sử
28673,DHT,lich-su,D01,Điểm thi THPT,2022,15.5,Lịch sử
28674,DHT,lich-su,D14,Điểm thi THPT,2022,15.5,Lịch sử
28675,DHT,lich-su,C00,Điểm học bạ,2023,18.0,Lịch sử
28676,DHT,lich-su,C19,Điểm học bạ,2023,18.0,Lịch sử
28677,DHT,lich-su,D01,Điểm học bạ,2023,18.0,Lịch sử
28678,DHT,lich-su,D14,Điểm học bạ,2023,18.0,Lịch sử
28679,DHT,lich-su,C00,Điểm thi THPT,2023,16.0,Lịch sử
28680,DHT,lich-su,C19,Điểm thi THPT,2023,16.0,Lịch sử
28681,DHT,lich-su,D01,Điểm thi THPT,2023,16.0,Lịch sử
28682,DHT,lich-su,D14,Điểm thi THPT,2023,16.0,Lịch sử
28683,DHT,lich-su,C00,Điểm học bạ,2024,19.5,Lịch sử
28684,DHT,lich-su,C19,Điểm học bạ,2024,19.5,Lịch sử
28685,DHT,lich-su,D01,Điểm học bạ,2024,19.5,Lịch sử
28686,DHT,lich-su,D14,Điểm học bạ,2024,19.5,Lịch sử
28687,DHT,lich-su,C00,Điểm thi THPT,2024,16.0,Lịch sử
28688,DHT,lich-su,C19,Điểm thi THPT,2024,16.0,Lịch sử
28689,DHT,lich-su,D01,Điểm thi THPT,2024,16.0,Lịch sử
28690,DHT,lich-su,D14,Điểm thi THPT,2024,16.0,Lịch sử
28691,DHT,lich-su,C00,Điểm thi THPT,2025,22.0,Lịch sử
28692,DHT,lich-su,C03,Điểm thi THPT,2025,22.0,Lịch sử
28693,DHT,lich-su,C19,Điểm thi THPT,2025,22.0,Lịch sử
28694,DHT,lich-su,D14,Điểm thi THPT,2025,22.0,Lịch sử
28695,DHT,lich-su,X70,Điểm thi THPT,2025,22.0,Lịch sử
28696,DHT,quan-ly-an-toan-suc-khoe-va-moi-truong,A00,Điểm thi THPT,2022,15.0,"Quản lý an toàn, sức khoẻ và môi trường"
28697,DHT,quan-ly-an-toan-suc-khoe-va-moi-truong,B00,Điểm thi THPT,2022,15.0,"Quản lý an toàn, sức khoẻ và môi trường"
28698,DHT,quan-ly-an-toan-suc-khoe-va-moi-truong,D07,Điểm thi THPT,2022,15.0,"Quản lý an toàn, sức khoẻ và môi trường"
28699,DHT,quan-ly-an-toan-suc-khoe-va-moi-truong,D15,Điểm thi THPT,2022,15.0,"Quản lý an toàn, sức khoẻ và môi trường"
28700,DHT,quan-ly-an-toan-suc-khoe-va-moi-truong,A00,Điểm học bạ,2023,18.0,"Quản lý an toàn, sức khoẻ và môi trường"
28701,DHT,quan-ly-an-toan-suc-khoe-va-moi-truong,B00,Điểm học bạ,2023,18.0,"Quản lý an toàn, sức khoẻ và môi trường"
28702,DHT,quan-ly-an-toan-suc-khoe-va-moi-truong,D07,Điểm học bạ,2023,18.0,"Quản lý an toàn, sức khoẻ và môi trường"
28703,DHT,quan-ly-an-toan-suc-khoe-va-moi-truong,D15,Điểm học bạ,2023,18.0,"Quản lý an toàn, sức khoẻ và môi trường"
28704,DHT,quan-ly-an-toan-suc-khoe-va-moi-truong,A00,Điểm thi THPT,2023,15.0,"Quản lý an toàn, sức khỏe và môi truờng"
28705,DHT,quan-ly-an-toan-suc-khoe-va-moi-truong,B00,Điểm thi THPT,2023,15.0,"Quản lý an toàn, sức khỏe và môi truờng"
28706,DHT,quan-ly-an-toan-suc-khoe-va-moi-truong,D07,Điểm thi THPT,2023,15.0,"Quản lý an toàn, sức khỏe và môi truờng"
28707,DHT,quan-ly-an-toan-suc-khoe-va-moi-truong,D15,Điểm thi THPT,2023,15.0,"Quản lý an toàn, sức khỏe và môi truờng"
28708,DHT,quan-ly-an-toan-suc-khoe-va-moi-truong,A00,Điểm học bạ,2024,19.0,Quản lý an toàn; sức khỏe và môi trường
28709,DHT,quan-ly-an-toan-suc-khoe-va-moi-truong,B00,Điểm học bạ,2024,19.0,Quản lý an toàn; sức khỏe và môi trường
28710,DHT,quan-ly-an-toan-suc-khoe-va-moi-truong,D07,Điểm học bạ,2024,19.0,Quản lý an toàn; sức khỏe và môi trường
28711,DHT,quan-ly-an-toan-suc-khoe-va-moi-truong,D15,Điểm học bạ,2024,19.0,Quản lý an toàn; sức khỏe và môi trường
28712,DHT,quan-ly-an-toan-suc-khoe-va-moi-truong,A00,Điểm thi THPT,2024,15.0,"Quản lý an toàn, sức khỏe và môi trường"
28713,DHT,quan-ly-an-toan-suc-khoe-va-moi-truong,B00,Điểm thi THPT,2024,15.0,"Quản lý an toàn, sức khỏe và môi trường"
28714,DHT,quan-ly-an-toan-suc-khoe-va-moi-truong,D07,Điểm thi THPT,2024,15.0,"Quản lý an toàn, sức khỏe và môi trường"
28715,DHT,quan-ly-an-toan-suc-khoe-va-moi-truong,D15,Điểm thi THPT,2024,15.0,"Quản lý an toàn, sức khỏe và môi trường"
28716,DHT,quan-ly-an-toan-suc-khoe-va-moi-truong,A00,Điểm thi THPT,2025,15.5,"Quản lý an toàn, sức khỏe và môi trường"
28717,DHT,quan-ly-an-toan-suc-khoe-va-moi-truong,B00,Điểm thi THPT,2025,15.5,"Quản lý an toàn, sức khỏe và môi trường"
28718,DHT,quan-ly-an-toan-suc-khoe-va-moi-truong,C14,Điểm thi THPT,2025,15.5,"Quản lý an toàn, sức khỏe và môi trường"
28719,DHT,quan-ly-an-toan-suc-khoe-va-moi-truong,D10,Điểm thi THPT,2025,15.5,"Quản lý an toàn, sức khỏe và môi trường"
28720,DHT,quan-ly-an-toan-suc-khoe-va-moi-truong,X01,Điểm thi THPT,2025,15.5,"Quản lý an toàn, sức khỏe và môi trường"
28721,DHT,quan-ly-nha-nuoc,A00,Điểm học bạ,2021,18.5,Quản lý nhà nước
28722,DHT,quan-ly-nha-nuoc,C14,Điểm học bạ,2021,18.5,Quản lý nhà nước
28723,DHT,quan-ly-nha-nuoc,C19,Điểm học bạ,2021,18.5,Quản lý nhà nước
28724,DHT,quan-ly-nha-nuoc,D01,Điểm học bạ,2021,18.5,Quản lý nhà nước
28725,DHT,quan-ly-nha-nuoc,A00,Điểm thi THPT,2021,15.0,Quản lý nhà nước
28726,DHT,quan-ly-nha-nuoc,C14,Điểm thi THPT,2021,15.0,Quản lý nhà nước
28727,DHT,quan-ly-nha-nuoc,C19,Điểm thi THPT,2021,15.0,Quản lý nhà nước
28728,DHT,quan-ly-nha-nuoc,D01,Điểm thi THPT,2021,15.0,Quản lý nhà nước
28729,DHT,quan-ly-nha-nuoc,C14,Điểm thi THPT,2022,15.0,Quản lý nhà nước
28730,DHT,quan-ly-nha-nuoc,C19,Điểm thi THPT,2022,15.0,Quản lý nhà nước
28731,DHT,quan-ly-nha-nuoc,D01,Điểm thi THPT,2022,15.0,Quản lý nhà nước
28732,DHT,quan-ly-nha-nuoc,D66,Điểm thi THPT,2022,15.0,Quản lý nhà nước
28733,DHT,quan-ly-nha-nuoc,C14,Điểm học bạ,2023,18.5,Quản lý nhà nước
28734,DHT,quan-ly-nha-nuoc,C19,Điểm học bạ,2023,18.5,Quản lý nhà nước
28735,DHT,quan-ly-nha-nuoc,D01,Điểm học bạ,2023,18.5,Quản lý nhà nước
28736,DHT,quan-ly-nha-nuoc,D66,Điểm học bạ,2023,18.5,Quản lý nhà nước
28737,DHT,quan-ly-nha-nuoc,C14,Điểm thi THPT,2023,15.5,Quản lý nhà nước
28738,DHT,quan-ly-nha-nuoc,C19,Điểm thi THPT,2023,15.5,Quản lý nhà nước
28739,DHT,quan-ly-nha-nuoc,D01,Điểm thi THPT,2023,15.5,Quản lý nhà nước
28740,DHT,quan-ly-nha-nuoc,D66,Điểm thi THPT,2023,15.5,Quản lý nhà nước
28741,DHT,quan-ly-nha-nuoc,C14,Điểm học bạ,2024,19.0,Quản lý nhà nước
28742,DHT,quan-ly-nha-nuoc,C19,Điểm học bạ,2024,19.0,Quản lý nhà nước
28743,DHT,quan-ly-nha-nuoc,D01,Điểm học bạ,2024,19.0,Quản lý nhà nước
28744,DHT,quan-ly-nha-nuoc,D66,Điểm học bạ,2024,19.0,Quản lý nhà nước
28745,DHT,quan-ly-nha-nuoc,C14,Điểm thi THPT,2024,16.0,Quản lý nhà nước
28746,DHT,quan-ly-nha-nuoc,C19,Điểm thi THPT,2024,16.0,Quản lý nhà nước
28747,DHT,quan-ly-nha-nuoc,D01,Điểm thi THPT,2024,16.0,Quản lý nhà nước
28748,DHT,quan-ly-nha-nuoc,D66,Điểm thi THPT,2024,16.0,Quản lý nhà nước
28749,DHT,quan-ly-nha-nuoc,A00,Điểm thi THPT,2025,15.5,Quản lý nhà nước
28750,DHT,quan-ly-nha-nuoc,C19,Điểm thi THPT,2025,15.5,Quản lý nhà nước
28751,DHT,quan-ly-nha-nuoc,D01,Điểm thi THPT,2025,15.5,Quản lý nhà nước
28752,DHT,quan-ly-nha-nuoc,D66,Điểm thi THPT,2025,15.5,Quản lý nhà nước
28753,DHT,quan-ly-nha-nuoc,X70,Điểm thi THPT,2025,15.5,Quản lý nhà nước
28754,DHT,quan-ly-nha-nuoc,X78,Điểm thi THPT,2025,15.5,Quản lý nhà nước
28755,DHT,quan-ly-tai-nguyen-va-moi-truong,B00,Điểm học bạ,2021,18.5,Quản lý tài nguyên và môi trường
28756,DHT,quan-ly-tai-nguyen-va-moi-truong,C04,Điểm học bạ,2021,18.5,Quản lý tài nguyên và môi trường
28757,DHT,quan-ly-tai-nguyen-va-moi-truong,D01,Điểm học bạ,2021,18.5,Quản lý tài nguyên và môi trường
28758,DHT,quan-ly-tai-nguyen-va-moi-truong,D15,Điểm học bạ,2021,18.5,Quản lý tài nguyên và môi trường
28759,DHT,quan-ly-tai-nguyen-va-moi-truong,B00,Điểm thi THPT,2021,15.25,Quản lý tài nguyên và môi trường
28760,DHT,quan-ly-tai-nguyen-va-moi-truong,C04,Điểm thi THPT,2021,15.25,Quản lý tài nguyên và môi trường
28761,DHT,quan-ly-tai-nguyen-va-moi-truong,D01,Điểm thi THPT,2021,15.25,Quản lý tài nguyên và môi trường
28762,DHT,quan-ly-tai-nguyen-va-moi-truong,D15,Điểm thi THPT,2021,15.25,Quản lý tài nguyên và môi trường
28763,DHT,quan-ly-tai-nguyen-va-moi-truong,B00,Điểm thi THPT,2022,15.0,Quản lý tài nguyên và môi trường
28764,DHT,quan-ly-tai-nguyen-va-moi-truong,C04,Điểm thi THPT,2022,15.0,Quản lý tài nguyên và môi trường
28765,DHT,quan-ly-tai-nguyen-va-moi-truong,D01,Điểm thi THPT,2022,15.0,Quản lý tài nguyên và môi trường
28766,DHT,quan-ly-tai-nguyen-va-moi-truong,D10,Điểm thi THPT,2022,15.0,Quản lý tài nguyên và môi trường
28767,DHT,quan-ly-tai-nguyen-va-moi-truong,B00,Điểm học bạ,2023,18.0,Quản lý tài nguyên và môi trường
28768,DHT,quan-ly-tai-nguyen-va-moi-truong,C04,Điểm học bạ,2023,18.0,Quản lý tài nguyên và môi trường
28769,DHT,quan-ly-tai-nguyen-va-moi-truong,D01,Điểm học bạ,2023,18.0,Quản lý tài nguyên và môi trường
28770,DHT,quan-ly-tai-nguyen-va-moi-truong,D10,Điểm học bạ,2023,18.0,Quản lý tài nguyên và môi trường
28771,DHT,quan-ly-tai-nguyen-va-moi-truong,B00,Điểm thi THPT,2023,15.5,Quản lý tài nguyên và môi trường
28772,DHT,quan-ly-tai-nguyen-va-moi-truong,C04,Điểm thi THPT,2023,15.5,Quản lý tài nguyên và môi trường
28773,DHT,quan-ly-tai-nguyen-va-moi-truong,D01,Điểm thi THPT,2023,15.5,Quản lý tài nguyên và môi trường
28774,DHT,quan-ly-tai-nguyen-va-moi-truong,D10,Điểm thi THPT,2023,15.5,Quản lý tài nguyên và môi trường
28775,DHT,quan-ly-tai-nguyen-va-moi-truong,B00,Điểm học bạ,2024,18.5,Quản lý tài nguyên và môi trường
28776,DHT,quan-ly-tai-nguyen-va-moi-truong,C04,Điểm học bạ,2024,18.5,Quản lý tài nguyên và môi trường
28777,DHT,quan-ly-tai-nguyen-va-moi-truong,D01,Điểm học bạ,2024,18.5,Quản lý tài nguyên và môi trường
28778,DHT,quan-ly-tai-nguyen-va-moi-truong,D10,Điểm học bạ,2024,18.5,Quản lý tài nguyên và môi trường
28779,DHT,quan-ly-tai-nguyen-va-moi-truong,B00,Điểm thi THPT,2024,15.5,Quản lý tài nguyên và môi trường
28780,DHT,quan-ly-tai-nguyen-va-moi-truong,C04,Điểm thi THPT,2024,15.5,Quản lý tài nguyên và môi trường
28781,DHT,quan-ly-tai-nguyen-va-moi-truong,D01,Điểm thi THPT,2024,15.5,Quản lý tài nguyên và môi trường
28782,DHT,quan-ly-tai-nguyen-va-moi-truong,D10,Điểm thi THPT,2024,15.5,Quản lý tài nguyên và môi trường
28783,DHT,quan-ly-tai-nguyen-va-moi-truong,A09,Điểm thi THPT,2025,15.5,Quản lý tài nguyên và môi trường
28784,DHT,quan-ly-tai-nguyen-va-moi-truong,C04,Điểm thi THPT,2025,15.5,Quản lý tài nguyên và môi trường
28785,DHT,quan-ly-tai-nguyen-va-moi-truong,C14,Điểm thi THPT,2025,15.5,Quản lý tài nguyên và môi trường
28786,DHT,quan-ly-tai-nguyen-va-moi-truong,D01,Điểm thi THPT,2025,15.5,Quản lý tài nguyên và môi trường
28787,DHT,quan-ly-tai-nguyen-va-moi-truong,X01,Điểm thi THPT,2025,15.5,Quản lý tài nguyên và môi trường
28788,DHT,quan-ly-tai-nguyen-va-moi-truong,X21,Điểm thi THPT,2025,15.5,Quản lý tài nguyên và môi trường
28789,DHT,quan-ly-van-hoa,C00,Điểm học bạ,2024,18.5,Quản lý văn hóa
28790,DHT,quan-ly-van-hoa,C19,Điểm học bạ,2024,18.5,Quản lý văn hóa
28791,DHT,quan-ly-van-hoa,D01,Điểm học bạ,2024,18.5,Quản lý văn hóa
28792,DHT,quan-ly-van-hoa,D14,Điểm học bạ,2024,18.5,Quản lý văn hóa
28793,DHT,quan-ly-van-hoa,C00,Điểm thi THPT,2024,16.0,Quản lý văn hóa
28794,DHT,quan-ly-van-hoa,C19,Điểm thi THPT,2024,16.0,Quản lý văn hóa
28795,DHT,quan-ly-van-hoa,D01,Điểm thi THPT,2024,16.0,Quản lý văn hóa
28796,DHT,quan-ly-van-hoa,D14,Điểm thi THPT,2024,16.0,Quản lý văn hóa
28797,DHT,quan-ly-van-hoa,C00,Điểm thi THPT,2025,16.0,Quản lý văn hóa
28798,DHT,quan-ly-van-hoa,C03,Điểm thi THPT,2025,16.0,Quản lý văn hóa
28799,DHT,quan-ly-van-hoa,C19,Điểm thi THPT,2025,16.0,Quản lý văn hóa
28800,DHT,quan-ly-van-hoa,D14,Điểm thi THPT,2025,16.0,Quản lý văn hóa
28801,DHT,quan-ly-van-hoa,X70,Điểm thi THPT,2025,16.0,Quản lý văn hóa
28802,DHT,quan-tri-va-phan-tich-du-lieu,A00,Điểm học bạ,2021,20.5,Quản trị và phân tích dữ liệu
28803,DHT,quan-tri-va-phan-tich-du-lieu,A01,Điểm học bạ,2021,20.5,Quản trị và phân tích dữ liệu
28804,DHT,quan-tri-va-phan-tich-du-lieu,D01,Điểm học bạ,2021,20.5,Quản trị và phân tích dữ liệu
28805,DHT,quan-tri-va-phan-tich-du-lieu,A00,Điểm thi THPT,2021,16.0,Quản trị và phân tích dữ liệu
28806,DHT,quan-tri-va-phan-tich-du-lieu,A01,Điểm thi THPT,2021,16.0,Quản trị và phân tích dữ liệu
28807,DHT,quan-tri-va-phan-tich-du-lieu,D01,Điểm thi THPT,2021,16.0,Quản trị và phân tích dữ liệu
28808,DHT,quan-tri-va-phan-tich-du-lieu,A00,Điểm thi THPT,2022,16.0,Quản trị và phân tích dữ liệu
28809,DHT,quan-tri-va-phan-tich-du-lieu,A01,Điểm thi THPT,2022,16.0,Quản trị và phân tích dữ liệu
28810,DHT,quan-tri-va-phan-tich-du-lieu,D01,Điểm thi THPT,2022,16.0,Quản trị và phân tích dữ liệu
28811,DHT,quan-tri-va-phan-tich-du-lieu,A00,Điểm học bạ,2023,19.0,Quản trị và phân tích dữ liệu
28812,DHT,quan-tri-va-phan-tich-du-lieu,A01,Điểm học bạ,2023,19.0,Quản trị và phân tích dữ liệu
28813,DHT,quan-tri-va-phan-tich-du-lieu,D01,Điểm học bạ,2023,19.0,Quản trị và phân tích dữ liệu
28814,DHT,quan-tri-va-phan-tich-du-lieu,A00,Điểm thi THPT,2023,16.0,Quản trị và phân tích dữ liệu
28815,DHT,quan-tri-va-phan-tich-du-lieu,A11,Điểm thi THPT,2023,16.0,Quản trị và phân tích dữ liệu
28816,DHT,quan-tri-va-phan-tich-du-lieu,D01,Điểm thi THPT,2023,16.0,Quản trị và phân tích dữ liệu
28817,DHT,quan-tri-va-phan-tich-du-lieu,A00,Điểm học bạ,2024,20.0,Quản trị và phân tích dữ liệu
28818,DHT,quan-tri-va-phan-tich-du-lieu,A01,Điểm học bạ,2024,20.0,Quản trị và phân tích dữ liệu
28819,DHT,quan-tri-va-phan-tich-du-lieu,D01,Điểm học bạ,2024,20.0,Quản trị và phân tích dữ liệu
28820,DHT,quan-tri-va-phan-tich-du-lieu,A00,Điểm thi THPT,2024,16.5,Quản trị và phân tích dữ liệu (thí điểm)
28821,DHT,quan-tri-va-phan-tich-du-lieu,A01,Điểm thi THPT,2024,16.5,Quản trị và phân tích dữ liệu (thí điểm)
28822,DHT,quan-tri-va-phan-tich-du-lieu,D01,Điểm thi THPT,2024,16.5,Quản trị và phân tích dữ liệu (thí điểm)
28823,DHT,quan-tri-va-phan-tich-du-lieu,A01,Điểm thi THPT,2025,16.0,Quản trị và phân tích dữ liệu
28824,DHT,quan-tri-va-phan-tich-du-lieu,C01,Điểm thi THPT,2025,16.0,Quản trị và phân tích dữ liệu
28825,DHT,quan-tri-va-phan-tich-du-lieu,D01,Điểm thi THPT,2025,16.0,Quản trị và phân tích dữ liệu
28826,DHT,quan-tri-va-phan-tich-du-lieu,X02,Điểm thi THPT,2025,16.0,Quản trị và phân tích dữ liệu
28827,DHT,toan-ung-dung,A00,Điểm học bạ,2021,18.0,Toán ứng dụng
28828,DHT,toan-ung-dung,A01,Điểm học bạ,2021,18.0,Toán ứng dụng
28829,DHT,toan-ung-dung,D01,Điểm học bạ,2021,18.0,Toán ứng dụng
28830,DHT,toan-ung-dung,A00,Điểm thi THPT,2021,16.0,Toán ứng dụng
28831,DHT,toan-ung-dung,A01,Điểm thi THPT,2021,16.0,Toán ứng dụng
28832,DHT,toan-ung-dung,D01,Điểm thi THPT,2021,16.0,Toán ứng dụng
28833,DHT,triet-hoc,A08,Điểm học bạ,2021,19.0,Triết học
28834,DHT,triet-hoc,C19,Điểm học bạ,2021,19.0,Triết học
28835,DHT,triet-hoc,D01,Điểm học bạ,2021,19.0,Triết học
28836,DHT,triet-hoc,D66,Điểm học bạ,2021,19.0,Triết học
28837,DHT,triet-hoc,A08,Điểm thi THPT,2021,15.0,Triết học
28838,DHT,triet-hoc,C19,Điểm thi THPT,2021,15.0,Triết học
28839,DHT,triet-hoc,D01,Điểm thi THPT,2021,15.0,Triết học
28840,DHT,triet-hoc,D66,Điểm thi THPT,2021,15.0,Triết học
28841,DHT,triet-hoc,A00,Điểm thi THPT,2022,15.0,Triết học
28842,DHT,triet-hoc,C19,Điểm thi THPT,2022,15.0,Triết học
28843,DHT,triet-hoc,D01,Điểm thi THPT,2022,15.0,Triết học
28844,DHT,triet-hoc,D66,Điểm thi THPT,2022,15.0,Triết học
28845,DHT,triet-hoc,A00,Điểm học bạ,2023,18.5,Triết học
28846,DHT,triet-hoc,C19,Điểm học bạ,2023,18.5,Triết học
28847,DHT,triet-hoc,D01,Điểm học bạ,2023,18.5,Triết học
28848,DHT,triet-hoc,D66,Điểm học bạ,2023,18.5,Triết học
28849,DHT,triet-hoc,A00,Điểm thi THPT,2023,15.5,Triết học
28850,DHT,triet-hoc,C19,Điểm thi THPT,2023,15.5,Triết học
28851,DHT,triet-hoc,D01,Điểm thi THPT,2023,15.5,Triết học
28852,DHT,triet-hoc,D66,Điểm thi THPT,2023,15.5,Triết học
28853,DHT,triet-hoc,A00,Điểm học bạ,2024,19.5,Triết học
28854,DHT,triet-hoc,C19,Điểm học bạ,2024,19.5,Triết học
28855,DHT,triet-hoc,D01,Điểm học bạ,2024,19.5,Triết học
28856,DHT,triet-hoc,D66,Điểm học bạ,2024,19.5,Triết học
28857,DHT,triet-hoc,A00,Điểm thi THPT,2024,16.0,Triết học
28858,DHT,triet-hoc,C19,Điểm thi THPT,2024,16.0,Triết học
28859,DHT,triet-hoc,D01,Điểm thi THPT,2024,16.0,Triết học
28860,DHT,triet-hoc,D66,Điểm thi THPT,2024,16.0,Triết học
28861,DHT,triet-hoc,A00,Điểm thi THPT,2025,16.0,Triết học
28862,DHT,triet-hoc,C19,Điểm thi THPT,2025,16.0,Triết học
28863,DHT,triet-hoc,D01,Điểm thi THPT,2025,16.0,Triết học
28864,DHT,triet-hoc,D66,Điểm thi THPT,2025,16.0,Triết học
28865,DHT,triet-hoc,X70,Điểm thi THPT,2025,16.0,Triết học
28866,DHT,triet-hoc,X78,Điểm thi THPT,2025,16.0,Triết học
28867,DHT,truyen-thong-so,C00,Điểm thi THPT,2022,16.5,Truyền thông số
28868,DHT,truyen-thong-so,D01,Điểm thi THPT,2022,16.5,Truyền thông số
28869,DHT,truyen-thong-so,D15,Điểm thi THPT,2022,16.5,Truyền thông số
28870,DHT,truyen-thong-so,C00,Điểm học bạ,2023,19.0,Truyền thông số
28871,DHT,truyen-thong-so,D01,Điểm học bạ,2023,19.0,Truyền thông số
28872,DHT,truyen-thong-so,D15,Điểm học bạ,2023,19.0,Truyền thông số
28873,DHT,truyen-thong-so,C00,Điểm thi THPT,2023,16.5,Truyền thông số
28874,DHT,truyen-thong-so,D01,Điểm thi THPT,2023,16.5,Truyền thông số
28875,DHT,truyen-thong-so,D15,Điểm thi THPT,2023,16.5,Truyền thông số
28876,DHT,truyen-thong-so,C00,Điểm học bạ,2024,20.0,Truyền thông số
28877,DHT,truyen-thong-so,D01,Điểm học bạ,2024,20.0,Truyền thông số
28878,DHT,truyen-thong-so,D15,Điểm học bạ,2024,20.0,Truyền thông số
28879,DHT,truyen-thong-so,C00,Điểm thi THPT,2024,17.5,Truyền thông số
28880,DHT,truyen-thong-so,D01,Điểm thi THPT,2024,17.5,Truyền thông số
28881,DHT,truyen-thong-so,D15,Điểm thi THPT,2024,17.5,Truyền thông số
28882,DHT,truyen-thong-so,C00,Điểm thi THPT,2025,20.0,Truyền thông số
28883,DHT,truyen-thong-so,C03,Điểm thi THPT,2025,20.0,Truyền thông số
28884,DHT,truyen-thong-so,C19,Điểm thi THPT,2025,20.0,Truyền thông số
28885,DHT,truyen-thong-so,D01,Điểm thi THPT,2025,20.0,Truyền thông số
28886,DHT,truyen-thong-so,X70,Điểm thi THPT,2025,20.0,Truyền thông số
28887,DHT,van-hoc,C00,Điểm học bạ,2021,19.0,Văn học
28888,DHT,van-hoc,C19,Điểm học bạ,2021,19.0,Văn học
28889,DHT,van-hoc,D01,Điểm học bạ,2021,19.0,Văn học
28890,DHT,van-hoc,D14,Điểm học bạ,2021,19.0,Văn học
28891,DHT,van-hoc,C00,Điểm thi THPT,2021,15.0,Văn học
28892,DHT,van-hoc,C19,Điểm thi THPT,2021,15.0,Văn học
28893,DHT,van-hoc,D01,Điểm thi THPT,2021,15.0,Văn học
28894,DHT,van-hoc,D14,Điểm thi THPT,2021,15.0,Văn học
28895,DHT,van-hoc,C00,Điểm thi THPT,2022,15.5,Văn học
28896,DHT,van-hoc,C19,Điểm thi THPT,2022,15.5,Văn học
28897,DHT,van-hoc,D14,Điểm thi THPT,2022,15.5,Văn học
28898,DHT,van-hoc,C00,Điểm học bạ,2023,18.5,Văn học
28899,DHT,van-hoc,C19,Điểm học bạ,2023,18.5,Văn học
28900,DHT,van-hoc,D14,Điểm học bạ,2023,18.5,Văn học
28901,DHT,van-hoc,C00,Điểm thi THPT,2023,15.5,Văn học
28902,DHT,van-hoc,C19,Điểm thi THPT,2023,15.5,Văn học
28903,DHT,van-hoc,D14,Điểm thi THPT,2023,15.5,Văn học
28904,DHT,van-hoc,C00,Điểm học bạ,2024,19.5,Văn học
28905,DHT,van-hoc,C19,Điểm học bạ,2024,19.5,Văn học
28906,DHT,van-hoc,D14,Điểm học bạ,2024,19.5,Văn học
28907,DHT,van-hoc,C00,Điểm thi THPT,2024,16.25,Văn học
28908,DHT,van-hoc,C19,Điểm thi THPT,2024,16.25,Văn học
28909,DHT,van-hoc,D14,Điểm thi THPT,2024,16.25,Văn học
28910,DHT,van-hoc,C00,Điểm thi THPT,2025,22.0,Văn học
28911,DHT,van-hoc,C19,Điểm thi THPT,2025,22.0,Văn học
28912,DHT,van-hoc,D01,Điểm thi THPT,2025,22.0,Văn học
28913,DHT,van-hoc,D14,Điểm thi THPT,2025,22.0,Văn học
28914,DHT,van-hoc,X70,Điểm thi THPT,2025,22.0,Văn học
28915,DHT,vat-ly-hoc,A00,Điểm học bạ,2024,19.5,Vật lý học
28916,DHT,vat-ly-hoc,A01,Điểm học bạ,2024,19.5,Vật lý học
28917,DHT,vat-ly-hoc,A10,Điểm học bạ,2024,19.5,Vật lý học
28918,DHT,vat-ly-hoc,D01,Điểm học bạ,2024,19.5,Vật lý học
28919,DHT,vat-ly-hoc,A00,Điểm thi THPT,2024,15.0,Vật lý học
28920,DHT,vat-ly-hoc,A01,Điểm thi THPT,2024,15.0,Vật lý học
28921,DHT,vat-ly-hoc,A10,Điểm thi THPT,2024,15.0,Vật lý học
28922,DHT,vat-ly-hoc,D01,Điểm thi THPT,2024,15.0,Vật lý học
28923,DHT,vat-ly-hoc,A00,Điểm thi THPT,2025,16.0,Vật lý học
28924,DHT,vat-ly-hoc,A01,Điểm thi THPT,2025,16.0,Vật lý học
28925,DHT,vat-ly-hoc,C01,Điểm thi THPT,2025,16.0,Vật lý học
28926,DHT,vat-ly-hoc,X06,Điểm thi THPT,2025,16.0,Vật lý học
28927,DHT,xa-hoi-hoc,C00,Điểm học bạ,2021,18.5,Xã hội học
28928,DHT,xa-hoi-hoc,D01,Điểm học bạ,2021,18.5,Xã hội học
28929,DHT,xa-hoi-hoc,D14,Điểm học bạ,2021,18.5,Xã hội học
28930,DHT,xa-hoi-hoc,C00,Điểm thi THPT,2021,15.0,Xã hội học
28931,DHT,xa-hoi-hoc,D01,Điểm thi THPT,2021,15.0,Xã hội học
28932,DHT,xa-hoi-hoc,D14,Điểm thi THPT,2021,15.0,Xã hội học
28933,DHT,xa-hoi-hoc,C00,Điểm thi THPT,2022,15.5,Xã hội học
28934,DHT,xa-hoi-hoc,C19,Điểm thi THPT,2022,15.5,Xã hội học
28935,DHT,xa-hoi-hoc,D01,Điểm thi THPT,2022,15.5,Xã hội học
28936,DHT,xa-hoi-hoc,D14,Điểm thi THPT,2022,15.5,Xã hội học
28937,DHT,xa-hoi-hoc,C00,Điểm học bạ,2023,18.0,Xã hội học
28938,DHT,xa-hoi-hoc,C19,Điểm học bạ,2023,18.0,Xã hội học
28939,DHT,xa-hoi-hoc,D01,Điểm học bạ,2023,18.0,Xã hội học
28940,DHT,xa-hoi-hoc,D14,Điểm học bạ,2023,18.0,Xã hội học
28941,DHT,xa-hoi-hoc,C00,Điểm thi THPT,2023,15.5,Xã hội học
28942,DHT,xa-hoi-hoc,C19,Điểm thi THPT,2023,15.5,Xã hội học
28943,DHT,xa-hoi-hoc,D01,Điểm thi THPT,2023,15.5,Xã hội học
28944,DHT,xa-hoi-hoc,D14,Điểm thi THPT,2023,15.5,Xã hội học
28945,DHT,xa-hoi-hoc,C00,Điểm học bạ,2024,18.5,Xã hội học
28946,DHT,xa-hoi-hoc,C19,Điểm học bạ,2024,18.5,Xã hội học
28947,DHT,xa-hoi-hoc,D01,Điểm học bạ,2024,18.5,Xã hội học
28948,DHT,xa-hoi-hoc,D14,Điểm học bạ,2024,18.5,Xã hội học
28949,DHT,xa-hoi-hoc,C00,Điểm thi THPT,2024,16.25,Xã hội học
28950,DHT,xa-hoi-hoc,C19,Điểm thi THPT,2024,16.25,Xã hội học
28951,DHT,xa-hoi-hoc,D01,Điểm thi THPT,2024,16.25,Xã hội học
28952,DHT,xa-hoi-hoc,D14,Điểm thi THPT,2024,16.25,Xã hội học
28953,DHT,xa-hoi-hoc,C00,Điểm thi THPT,2025,15.5,Xã hội học
28954,DHT,xa-hoi-hoc,C19,Điểm thi THPT,2025,15.5,Xã hội học
28955,DHT,xa-hoi-hoc,D01,Điểm thi THPT,2025,15.5,Xã hội học
28956,DHT,xa-hoi-hoc,D14,Điểm thi THPT,2025,15.5,Xã hội học
28957,DHT,xa-hoi-hoc,X70,Điểm thi THPT,2025,15.5,Xã hội học
28958,DHV,cong-nghe-tai-chinh,A00,Điểm học bạ,2024,18.0,Công nghệ tài chính
28959,DHV,cong-nghe-tai-chinh,A01,Điểm học bạ,2024,18.0,Công nghệ tài chính
28960,DHV,cong-nghe-tai-chinh,C01,Điểm học bạ,2024,18.0,Công nghệ tài chính
28961,DHV,cong-nghe-tai-chinh,D01,Điểm học bạ,2024,18.0,Công nghệ tài chính
28962,DHV,cong-nghe-tai-chinh,A00,Điểm thi THPT,2024,15.0,Công nghệ tài chính
28963,DHV,cong-nghe-tai-chinh,A01,Điểm thi THPT,2024,15.0,Công nghệ tài chính
28964,DHV,cong-nghe-tai-chinh,C01,Điểm thi THPT,2024,15.0,Công nghệ tài chính
28965,DHV,cong-nghe-tai-chinh,D01,Điểm thi THPT,2024,15.0,Công nghệ tài chính
28966,DHV,cong-nghe-tai-chinh,A01,Điểm học bạ,2025,15.0,Công nghệ tài chính
28967,DHV,cong-nghe-tai-chinh,C00,Điểm học bạ,2025,15.0,Công nghệ tài chính
28968,DHV,cong-nghe-tai-chinh,C03,Điểm học bạ,2025,15.0,Công nghệ tài chính
28969,DHV,cong-nghe-tai-chinh,C04,Điểm học bạ,2025,15.0,Công nghệ tài chính
28970,DHV,cong-nghe-tai-chinh,D01,Điểm học bạ,2025,15.0,Công nghệ tài chính
28971,DHV,cong-nghe-tai-chinh,X01,Điểm học bạ,2025,15.0,Công nghệ tài chính
28972,DHV,cong-nghe-tai-chinh,X78,Điểm học bạ,2025,15.0,Công nghệ tài chính
28973,DHV,cong-nghe-tai-chinh,A01,Điểm thi THPT,2025,15.0,Công nghệ tài chính
28974,DHV,cong-nghe-tai-chinh,C00,Điểm thi THPT,2025,15.0,Công nghệ tài chính
28975,DHV,cong-nghe-tai-chinh,C03,Điểm thi THPT,2025,15.0,Công nghệ tài chính
28976,DHV,cong-nghe-tai-chinh,C04,Điểm thi THPT,2025,15.0,Công nghệ tài chính
28977,DHV,cong-nghe-tai-chinh,D01,Điểm thi THPT,2025,15.0,Công nghệ tài chính
28978,DHV,cong-nghe-tai-chinh,X01,Điểm thi THPT,2025,15.0,Công nghệ tài chính
28979,DHV,cong-nghe-tai-chinh,X78,Điểm thi THPT,2025,15.0,Công nghệ tài chính
28980,DHV,cong-nghe-thong-tin,A00,Điểm thi THPT,2021,15.0,Công nghệ Thông tin
28981,DHV,cong-nghe-thong-tin,A01,Điểm thi THPT,2021,15.0,Công nghệ Thông tin
28982,DHV,cong-nghe-thong-tin,C14,Điểm thi THPT,2021,15.0,Công nghệ Thông tin
28983,DHV,cong-nghe-thong-tin,D01,Điểm thi THPT,2021,15.0,Công nghệ Thông tin
28984,DHV,cong-nghe-thong-tin,A00,Điểm học bạ,2022,15.0,Công nghệ Thông tin
28985,DHV,cong-nghe-thong-tin,A01,Điểm học bạ,2022,15.0,Công nghệ Thông tin
28986,DHV,cong-nghe-thong-tin,C14,Điểm học bạ,2022,15.0,Công nghệ Thông tin
28987,DHV,cong-nghe-thong-tin,D01,Điểm học bạ,2022,15.0,Công nghệ Thông tin
28988,DHV,cong-nghe-thong-tin,A00,Điểm thi THPT,2022,15.0,Công nghệ Thông tin
28989,DHV,cong-nghe-thong-tin,A01,Điểm thi THPT,2022,15.0,Công nghệ Thông tin
28990,DHV,cong-nghe-thong-tin,C14,Điểm thi THPT,2022,15.0,Công nghệ Thông tin
28991,DHV,cong-nghe-thong-tin,D01,Điểm thi THPT,2022,15.0,Công nghệ Thông tin
28992,DHV,cong-nghe-thong-tin,A00,Điểm học bạ,2023,15.0,Công nghệ thông tin
28993,DHV,cong-nghe-thong-tin,A01,Điểm học bạ,2023,15.0,Công nghệ thông tin
28994,DHV,cong-nghe-thong-tin,C14,Điểm học bạ,2023,15.0,Công nghệ thông tin
28995,DHV,cong-nghe-thong-tin,D01,Điểm học bạ,2023,15.0,Công nghệ thông tin
28996,DHV,cong-nghe-thong-tin,A00,Điểm thi THPT,2023,15.0,Công nghệ thông tin
28997,DHV,cong-nghe-thong-tin,A01,Điểm thi THPT,2023,15.0,Công nghệ thông tin
28998,DHV,cong-nghe-thong-tin,C14,Điểm thi THPT,2023,15.0,Công nghệ thông tin
28999,DHV,cong-nghe-thong-tin,D01,Điểm thi THPT,2023,15.0,Công nghệ thông tin
29000,DHV,cong-nghe-thong-tin,A00,Điểm học bạ,2024,18.0,Công nghệ thông tin
29001,DHV,cong-nghe-thong-tin,A01,Điểm học bạ,2024,18.0,Công nghệ thông tin
29002,DHV,cong-nghe-thong-tin,C14,Điểm học bạ,2024,18.0,Công nghệ thông tin
29003,DHV,cong-nghe-thong-tin,D01,Điểm học bạ,2024,18.0,Công nghệ thông tin
29004,DHV,cong-nghe-thong-tin,A00,Điểm thi THPT,2024,15.0,Công nghệ thông tin
29005,DHV,cong-nghe-thong-tin,A01,Điểm thi THPT,2024,15.0,Công nghệ thông tin
29006,DHV,cong-nghe-thong-tin,C14,Điểm thi THPT,2024,15.0,Công nghệ thông tin
29007,DHV,cong-nghe-thong-tin,D01,Điểm thi THPT,2024,15.0,Công nghệ thông tin
29008,DHV,cong-nghe-thong-tin,A00,Điểm học bạ,2025,15.0,Công nghệ thông tin
29009,DHV,cong-nghe-thong-tin,A01,Điểm học bạ,2025,15.0,Công nghệ thông tin
29010,DHV,cong-nghe-thong-tin,C01,Điểm học bạ,2025,15.0,Công nghệ thông tin
29011,DHV,cong-nghe-thong-tin,C03,Điểm học bạ,2025,15.0,Công nghệ thông tin
29012,DHV,cong-nghe-thong-tin,C04,Điểm học bạ,2025,15.0,Công nghệ thông tin
29013,DHV,cong-nghe-thong-tin,D01,Điểm học bạ,2025,15.0,Công nghệ thông tin
29014,DHV,cong-nghe-thong-tin,X01,Điểm học bạ,2025,15.0,Công nghệ thông tin
29015,DHV,cong-nghe-thong-tin,A00,Điểm thi THPT,2025,15.0,Công nghệ thông tin
29016,DHV,cong-nghe-thong-tin,A01,Điểm thi THPT,2025,15.0,Công nghệ thông tin
29017,DHV,cong-nghe-thong-tin,C01,Điểm thi THPT,2025,15.0,Công nghệ thông tin
29018,DHV,cong-nghe-thong-tin,C03,Điểm thi THPT,2025,15.0,Công nghệ thông tin
29019,DHV,cong-nghe-thong-tin,C04,Điểm thi THPT,2025,15.0,Công nghệ thông tin
29020,DHV,cong-nghe-thong-tin,D01,Điểm thi THPT,2025,15.0,Công nghệ thông tin
29021,DHV,cong-nghe-thong-tin,X01,Điểm thi THPT,2025,15.0,Công nghệ thông tin
29022,DHV,ke-toan,A00,Điểm thi THPT,2021,15.0,Kế Toán
29023,DHV,ke-toan,C03,Điểm thi THPT,2021,15.0,Kế Toán
29024,DHV,ke-toan,C14,Điểm thi THPT,2021,15.0,Kế Toán
29025,DHV,ke-toan,D01,Điểm thi THPT,2021,15.0,Kế Toán
29026,DHV,ke-toan,A00,Điểm học bạ,2022,15.0,Kế Toán
29027,DHV,ke-toan,C03,Điểm học bạ,2022,15.0,Kế Toán
29028,DHV,ke-toan,C14,Điểm học bạ,2022,15.0,Kế Toán
29029,DHV,ke-toan,D01,Điểm học bạ,2022,15.0,Kế Toán
29030,DHV,ke-toan,A00,Điểm thi THPT,2022,15.0,Kế Toán
29031,DHV,ke-toan,C03,Điểm thi THPT,2022,15.0,Kế Toán
29032,DHV,ke-toan,C14,Điểm thi THPT,2022,15.0,Kế Toán
29033,DHV,ke-toan,D01,Điểm thi THPT,2022,15.0,Kế Toán
29034,DHV,ke-toan,A00,Điểm học bạ,2023,15.0,Kế toán
29035,DHV,ke-toan,C03,Điểm học bạ,2023,15.0,Kế toán
29036,DHV,ke-toan,C14,Điểm học bạ,2023,15.0,Kế toán
29037,DHV,ke-toan,D01,Điểm học bạ,2023,15.0,Kế toán
29038,DHV,ke-toan,A00,Điểm thi THPT,2023,15.0,Kế toán
29039,DHV,ke-toan,C03,Điểm thi THPT,2023,15.0,Kế toán
29040,DHV,ke-toan,C14,Điểm thi THPT,2023,15.0,Kế toán
29041,DHV,ke-toan,D01,Điểm thi THPT,2023,15.0,Kế toán
29042,DHV,ke-toan,A00,Điểm học bạ,2024,18.0,Kế toán
29043,DHV,ke-toan,C03,Điểm học bạ,2024,18.0,Kế toán
29044,DHV,ke-toan,C14,Điểm học bạ,2024,18.0,Kế toán
29045,DHV,ke-toan,D01,Điểm học bạ,2024,18.0,Kế toán
29046,DHV,ke-toan,A00,Điểm thi THPT,2024,15.0,Kế toán
29047,DHV,ke-toan,C03,Điểm thi THPT,2024,15.0,Kế toán
29048,DHV,ke-toan,C14,Điểm thi THPT,2024,15.0,Kế toán
29049,DHV,ke-toan,D01,Điểm thi THPT,2024,15.0,Kế toán
29050,DHV,ke-toan,A01,Điểm học bạ,2025,15.0,Kế toán
29051,DHV,ke-toan,C00,Điểm học bạ,2025,15.0,Kế toán
29052,DHV,ke-toan,C03,Điểm học bạ,2025,15.0,Kế toán
29053,DHV,ke-toan,C04,Điểm học bạ,2025,15.0,Kế toán
29054,DHV,ke-toan,D01,Điểm học bạ,2025,15.0,Kế toán
29055,DHV,ke-toan,X01,Điểm học bạ,2025,15.0,Kế toán
29056,DHV,ke-toan,X78,Điểm học bạ,2025,15.0,Kế toán
29057,DHV,ke-toan,A01,Điểm thi THPT,2025,15.0,Kế toán
29058,DHV,ke-toan,C00,Điểm thi THPT,2025,15.0,Kế toán
29059,DHV,ke-toan,C03,Điểm thi THPT,2025,15.0,Kế toán
29060,DHV,ke-toan,C04,Điểm thi THPT,2025,15.0,Kế toán
29061,DHV,ke-toan,D01,Điểm thi THPT,2025,15.0,Kế toán
29062,DHV,ke-toan,X01,Điểm thi THPT,2025,15.0,Kế toán
29063,DHV,ke-toan,X78,Điểm thi THPT,2025,15.0,Kế toán
29064,DHV,kinh-te-quoc-te,A00,Điểm học bạ,2024,18.0,Kinh tế quốc tế
29065,DHV,kinh-te-quoc-te,A01,Điểm học bạ,2024,18.0,Kinh tế quốc tế
29066,DHV,kinh-te-quoc-te,D01,Điểm học bạ,2024,18.0,Kinh tế quốc tế
29067,DHV,kinh-te-quoc-te,D07,Điểm học bạ,2024,18.0,Kinh tế quốc tế
29068,DHV,kinh-te-quoc-te,A00,Điểm thi THPT,2024,15.0,Kinh tế quốc tế
29069,DHV,kinh-te-quoc-te,A01,Điểm thi THPT,2024,15.0,Kinh tế quốc tế
29070,DHV,kinh-te-quoc-te,D01,Điểm thi THPT,2024,15.0,Kinh tế quốc tế
29071,DHV,kinh-te-quoc-te,D07,Điểm thi THPT,2024,15.0,Kinh tế quốc tế
29072,DHV,kinh-te-quoc-te,A01,Điểm học bạ,2025,15.0,Kinh tế quốc tế
29073,DHV,kinh-te-quoc-te,C00,Điểm học bạ,2025,15.0,Kinh tế quốc tế
29074,DHV,kinh-te-quoc-te,C03,Điểm học bạ,2025,15.0,Kinh tế quốc tế
29075,DHV,kinh-te-quoc-te,C04,Điểm học bạ,2025,15.0,Kinh tế quốc tế
29076,DHV,kinh-te-quoc-te,D01,Điểm học bạ,2025,15.0,Kinh tế quốc tế
29077,DHV,kinh-te-quoc-te,X01,Điểm học bạ,2025,15.0,Kinh tế quốc tế
29078,DHV,kinh-te-quoc-te,X78,Điểm học bạ,2025,15.0,Kinh tế quốc tế
29079,DHV,kinh-te-quoc-te,A01,Điểm thi THPT,2025,15.0,Kinh tế quốc tế
29080,DHV,kinh-te-quoc-te,C00,Điểm thi THPT,2025,15.0,Kinh tế quốc tế
29081,DHV,kinh-te-quoc-te,C03,Điểm thi THPT,2025,15.0,Kinh tế quốc tế
29082,DHV,kinh-te-quoc-te,C04,Điểm thi THPT,2025,15.0,Kinh tế quốc tế
29083,DHV,kinh-te-quoc-te,D01,Điểm thi THPT,2025,15.0,Kinh tế quốc tế
29084,DHV,kinh-te-quoc-te,X01,Điểm thi THPT,2025,15.0,Kinh tế quốc tế
29085,DHV,kinh-te-quoc-te,X78,Điểm thi THPT,2025,15.0,Kinh tế quốc tế
29086,DHV,ky-thuat-may-tinh,A00,Điểm học bạ,2024,18.0,Kỹ thuật máy tính
29087,DHV,ky-thuat-may-tinh,A01,Điểm học bạ,2024,18.0,Kỹ thuật máy tính
29088,DHV,ky-thuat-may-tinh,C01,Điểm học bạ,2024,18.0,Kỹ thuật máy tính
29089,DHV,ky-thuat-may-tinh,D01,Điểm học bạ,2024,18.0,Kỹ thuật máy tính
29090,DHV,ky-thuat-may-tinh,A00,Điểm thi THPT,2024,15.0,Kỹ thuật máy tính
29091,DHV,ky-thuat-may-tinh,A01,Điểm thi THPT,2024,15.0,Kỹ thuật máy tính
29092,DHV,ky-thuat-may-tinh,C01,Điểm thi THPT,2024,15.0,Kỹ thuật máy tính
29093,DHV,ky-thuat-may-tinh,D01,Điểm thi THPT,2024,15.0,Kỹ thuật máy tính
29094,DHV,ky-thuat-may-tinh,A00,Điểm học bạ,2025,15.0,Kỹ thuật máy tính
29095,DHV,ky-thuat-may-tinh,A01,Điểm học bạ,2025,15.0,Kỹ thuật máy tính
29096,DHV,ky-thuat-may-tinh,C01,Điểm học bạ,2025,15.0,Kỹ thuật máy tính
29097,DHV,ky-thuat-may-tinh,C03,Điểm học bạ,2025,15.0,Kỹ thuật máy tính
29098,DHV,ky-thuat-may-tinh,C04,Điểm học bạ,2025,15.0,Kỹ thuật máy tính
29099,DHV,ky-thuat-may-tinh,D01,Điểm học bạ,2025,15.0,Kỹ thuật máy tính
29100,DHV,ky-thuat-may-tinh,X01,Điểm học bạ,2025,15.0,Kỹ thuật máy tính
29101,DHV,ky-thuat-may-tinh,A00,Điểm thi THPT,2025,15.0,Kỹ thuật máy tính
29102,DHV,ky-thuat-may-tinh,A01,Điểm thi THPT,2025,15.0,Kỹ thuật máy tính
29103,DHV,ky-thuat-may-tinh,C01,Điểm thi THPT,2025,15.0,Kỹ thuật máy tính
29104,DHV,ky-thuat-may-tinh,C03,Điểm thi THPT,2025,15.0,Kỹ thuật máy tính
29105,DHV,ky-thuat-may-tinh,C04,Điểm thi THPT,2025,15.0,Kỹ thuật máy tính
29106,DHV,ky-thuat-may-tinh,D01,Điểm thi THPT,2025,15.0,Kỹ thuật máy tính
29107,DHV,ky-thuat-may-tinh,X01,Điểm thi THPT,2025,15.0,Kỹ thuật máy tính
29108,DHV,luat,A00,Điểm thi THPT,2021,15.0,Luật
29109,DHV,luat,A09,Điểm thi THPT,2021,15.0,Luật
29110,DHV,luat,C00,Điểm thi THPT,2021,15.0,Luật
29111,DHV,luat,C14,Điểm thi THPT,2021,15.0,Luật
29112,DHV,luat,A00,Điểm học bạ,2022,15.0,Luật
29113,DHV,luat,A09,Điểm học bạ,2022,15.0,Luật
29114,DHV,luat,C00,Điểm học bạ,2022,15.0,Luật
29115,DHV,luat,C14,Điểm học bạ,2022,15.0,Luật
29116,DHV,luat,A00,Điểm thi THPT,2022,15.0,Luật
29117,DHV,luat,A09,Điểm thi THPT,2022,15.0,Luật
29118,DHV,luat,C00,Điểm thi THPT,2022,15.0,Luật
29119,DHV,luat,C14,Điểm thi THPT,2022,15.0,Luật
29120,DHV,luat,A00,Điểm học bạ,2023,15.0,Luật
29121,DHV,luat,A09,Điểm học bạ,2023,15.0,Luật
29122,DHV,luat,C00,Điểm học bạ,2023,15.0,Luật
29123,DHV,luat,C14,Điểm học bạ,2023,15.0,Luật
29124,DHV,luat,A00,Điểm thi THPT,2023,15.0,Luật
29125,DHV,luat,A09,Điểm thi THPT,2023,15.0,Luật
29126,DHV,luat,C00,Điểm thi THPT,2023,15.0,Luật
29127,DHV,luat,C14,Điểm thi THPT,2023,15.0,Luật
29128,DHV,luat,A00,Điểm học bạ,2024,18.0,Luật
29129,DHV,luat,A09,Điểm học bạ,2024,18.0,Luật
29130,DHV,luat,C00,Điểm học bạ,2024,18.0,Luật
29131,DHV,luat,C14,Điểm học bạ,2024,18.0,Luật
29132,DHV,luat,A00,Điểm thi THPT,2024,15.0,Luật
29133,DHV,luat,A09,Điểm thi THPT,2024,15.0,Luật
29134,DHV,luat,C00,Điểm thi THPT,2024,15.0,Luật
29135,DHV,luat,C14,Điểm thi THPT,2024,15.0,Luật
29136,DHV,luat,A01,Điểm học bạ,2025,18.0,Luật
29137,DHV,luat,C00,Điểm học bạ,2025,18.0,Luật
29138,DHV,luat,C03,Điểm học bạ,2025,18.0,Luật
29139,DHV,luat,C04,Điểm học bạ,2025,18.0,Luật
29140,DHV,luat,D01,Điểm học bạ,2025,18.0,Luật
29141,DHV,luat,X01,Điểm học bạ,2025,18.0,Luật
29142,DHV,luat,X78,Điểm học bạ,2025,18.0,Luật
29143,DHV,luat,A01,Điểm thi THPT,2025,18.0,Luật
29144,DHV,luat,C00,Điểm thi THPT,2025,18.0,Luật
29145,DHV,luat,C03,Điểm thi THPT,2025,18.0,Luật
29146,DHV,luat,C04,Điểm thi THPT,2025,18.0,Luật
29147,DHV,luat,D01,Điểm thi THPT,2025,18.0,Luật
29148,DHV,luat,X01,Điểm thi THPT,2025,18.0,Luật
29149,DHV,luat,X78,Điểm thi THPT,2025,18.0,Luật
29150,DHV,luat-kinh-te,A00,Điểm học bạ,2024,18.0,Luật kinh tế
29151,DHV,luat-kinh-te,C00,Điểm học bạ,2024,18.0,Luật kinh tế
29152,DHV,luat-kinh-te,D01,Điểm học bạ,2024,18.0,Luật kinh tế
29153,DHV,luat-kinh-te,D04,Điểm học bạ,2024,18.0,Luật kinh tế
29154,DHV,luat-kinh-te,A00,Điểm thi THPT,2024,15.0,Luật kinh tế
29155,DHV,luat-kinh-te,C00,Điểm thi THPT,2024,15.0,Luật kinh tế
29156,DHV,luat-kinh-te,D01,Điểm thi THPT,2024,15.0,Luật kinh tế
29157,DHV,luat-kinh-te,D04,Điểm thi THPT,2024,15.0,Luật kinh tế
29158,DHV,luat-kinh-te,A01,Điểm học bạ,2025,18.0,Luật kinh tế
29159,DHV,luat-kinh-te,C00,Điểm học bạ,2025,18.0,Luật kinh tế
29160,DHV,luat-kinh-te,C03,Điểm học bạ,2025,18.0,Luật kinh tế
29161,DHV,luat-kinh-te,C04,Điểm học bạ,2025,18.0,Luật kinh tế
29162,DHV,luat-kinh-te,D01,Điểm học bạ,2025,18.0,Luật kinh tế
29163,DHV,luat-kinh-te,X01,Điểm học bạ,2025,18.0,Luật kinh tế
29164,DHV,luat-kinh-te,X78,Điểm học bạ,2025,18.0,Luật kinh tế
29165,DHV,luat-kinh-te,A01,Điểm thi THPT,2025,18.0,Luật kinh tế
29166,DHV,luat-kinh-te,C00,Điểm thi THPT,2025,18.0,Luật kinh tế
29167,DHV,luat-kinh-te,C03,Điểm thi THPT,2025,18.0,Luật kinh tế
29168,DHV,luat-kinh-te,C04,Điểm thi THPT,2025,18.0,Luật kinh tế
29169,DHV,luat-kinh-te,D01,Điểm thi THPT,2025,18.0,Luật kinh tế
29170,DHV,luat-kinh-te,X01,Điểm thi THPT,2025,18.0,Luật kinh tế
29171,DHV,luat-kinh-te,X78,Điểm thi THPT,2025,18.0,Luật kinh tế
29172,DHV,marketing,A00,Điểm thi THPT,2021,15.0,Marketing
29173,DHV,marketing,A01,Điểm thi THPT,2021,15.0,Marketing
29174,DHV,marketing,C00,Điểm thi THPT,2021,15.0,Marketing
29175,DHV,marketing,D01,Điểm thi THPT,2021,15.0,Marketing
29176,DHV,marketing,A00,Điểm học bạ,2022,15.0,Marketing
29177,DHV,marketing,A01,Điểm học bạ,2022,15.0,Marketing
29178,DHV,marketing,C00,Điểm học bạ,2022,15.0,Marketing
29179,DHV,marketing,D01,Điểm học bạ,2022,15.0,Marketing
29180,DHV,marketing,A00,Điểm thi THPT,2022,15.0,Marketing
29181,DHV,marketing,A01,Điểm thi THPT,2022,15.0,Marketing
29182,DHV,marketing,C00,Điểm thi THPT,2022,15.0,Marketing
29183,DHV,marketing,D01,Điểm thi THPT,2022,15.0,Marketing
29184,DHV,marketing,A00,Điểm học bạ,2023,15.0,Marketing
29185,DHV,marketing,A01,Điểm học bạ,2023,15.0,Marketing
29186,DHV,marketing,C00,Điểm học bạ,2023,15.0,Marketing
29187,DHV,marketing,C01,Điểm học bạ,2023,15.0,Marketing
29188,DHV,marketing,A00,Điểm thi THPT,2023,15.0,Marketing
29189,DHV,marketing,A01,Điểm thi THPT,2023,15.0,Marketing
29190,DHV,marketing,C00,Điểm thi THPT,2023,15.0,Marketing
29191,DHV,marketing,C01,Điểm thi THPT,2023,15.0,Marketing
29192,DHV,marketing,A00,Điểm học bạ,2024,18.0,Marketing
29193,DHV,marketing,C00,Điểm học bạ,2024,18.0,Marketing
29194,DHV,marketing,C01,Điểm học bạ,2024,18.0,Marketing
29195,DHV,marketing,D01,Điểm học bạ,2024,18.0,Marketing
29196,DHV,marketing,A00,Điểm thi THPT,2024,15.0,Marketing
29197,DHV,marketing,C00,Điểm thi THPT,2024,15.0,Marketing
29198,DHV,marketing,C01,Điểm thi THPT,2024,15.0,Marketing
29199,DHV,marketing,D01,Điểm thi THPT,2024,15.0,Marketing
29200,DHV,marketing,A01,Điểm học bạ,2025,15.0,Marketing
29201,DHV,marketing,C00,Điểm học bạ,2025,15.0,Marketing
29202,DHV,marketing,C03,Điểm học bạ,2025,15.0,Marketing
29203,DHV,marketing,C04,Điểm học bạ,2025,15.0,Marketing
29204,DHV,marketing,D01,Điểm học bạ,2025,15.0,Marketing
29205,DHV,marketing,X01,Điểm học bạ,2025,15.0,Marketing
29206,DHV,marketing,X78,Điểm học bạ,2025,15.0,Marketing
29207,DHV,marketing,A01,Điểm thi THPT,2025,15.0,Marketing
29208,DHV,marketing,C00,Điểm thi THPT,2025,15.0,Marketing
29209,DHV,marketing,C03,Điểm thi THPT,2025,15.0,Marketing
29210,DHV,marketing,C04,Điểm thi THPT,2025,15.0,Marketing
29211,DHV,marketing,D01,Điểm thi THPT,2025,15.0,Marketing
29212,DHV,marketing,X01,Điểm thi THPT,2025,15.0,Marketing
29213,DHV,marketing,X78,Điểm thi THPT,2025,15.0,Marketing
29214,DHV,ngon-ngu-anh,D01,Điểm thi THPT,2021,15.0,Ngôn ngữ Anh
29215,DHV,ngon-ngu-anh,D14,Điểm thi THPT,2021,15.0,Ngôn ngữ Anh
29216,DHV,ngon-ngu-anh,D15,Điểm thi THPT,2021,15.0,Ngôn ngữ Anh
29217,DHV,ngon-ngu-anh,D66,Điểm thi THPT,2021,15.0,Ngôn ngữ Anh
29218,DHV,ngon-ngu-anh,D01,Điểm học bạ,2022,15.0,Ngôn ngữ Anh
29219,DHV,ngon-ngu-anh,D14,Điểm học bạ,2022,15.0,Ngôn ngữ Anh
29220,DHV,ngon-ngu-anh,D15,Điểm học bạ,2022,15.0,Ngôn ngữ Anh
29221,DHV,ngon-ngu-anh,D66,Điểm học bạ,2022,15.0,Ngôn ngữ Anh
29222,DHV,ngon-ngu-anh,D01,Điểm thi THPT,2022,15.0,Ngôn ngữ Anh
29223,DHV,ngon-ngu-anh,D14,Điểm thi THPT,2022,15.0,Ngôn ngữ Anh
29224,DHV,ngon-ngu-anh,D15,Điểm thi THPT,2022,15.0,Ngôn ngữ Anh
29225,DHV,ngon-ngu-anh,D66,Điểm thi THPT,2022,15.0,Ngôn ngữ Anh
29226,DHV,ngon-ngu-anh,D01,Điểm học bạ,2023,15.0,Ngôn ngữ Anh
29227,DHV,ngon-ngu-anh,D14,Điểm học bạ,2023,15.0,Ngôn ngữ Anh
29228,DHV,ngon-ngu-anh,D15,Điểm học bạ,2023,15.0,Ngôn ngữ Anh
29229,DHV,ngon-ngu-anh,D66,Điểm học bạ,2023,15.0,Ngôn ngữ Anh
29230,DHV,ngon-ngu-anh,D01,Điểm thi THPT,2023,15.0,Ngôn ngữ Anh
29231,DHV,ngon-ngu-anh,D14,Điểm thi THPT,2023,15.0,Ngôn ngữ Anh
29232,DHV,ngon-ngu-anh,D15,Điểm thi THPT,2023,15.0,Ngôn ngữ Anh
29233,DHV,ngon-ngu-anh,D66,Điểm thi THPT,2023,15.0,Ngôn ngữ Anh
29234,DHV,ngon-ngu-anh,D01,Điểm học bạ,2024,18.0,Ngôn ngữ Anh
29235,DHV,ngon-ngu-anh,D14,Điểm học bạ,2024,18.0,Ngôn ngữ Anh
29236,DHV,ngon-ngu-anh,D15,Điểm học bạ,2024,18.0,Ngôn ngữ Anh
29237,DHV,ngon-ngu-anh,D66,Điểm học bạ,2024,18.0,Ngôn ngữ Anh
29238,DHV,ngon-ngu-anh,D01,Điểm thi THPT,2024,15.0,Ngôn ngữ Anh
29239,DHV,ngon-ngu-anh,D14,Điểm thi THPT,2024,15.0,Ngôn ngữ Anh
29240,DHV,ngon-ngu-anh,D15,Điểm thi THPT,2024,15.0,Ngôn ngữ Anh
29241,DHV,ngon-ngu-anh,D66,Điểm thi THPT,2024,15.0,Ngôn ngữ Anh
29242,DHV,ngon-ngu-anh,A01,Điểm học bạ,2025,15.0,Ngôn ngữ Anh
29243,DHV,ngon-ngu-anh,D01,Điểm học bạ,2025,15.0,Ngôn ngữ Anh
29244,DHV,ngon-ngu-anh,D09,Điểm học bạ,2025,15.0,Ngôn ngữ Anh
29245,DHV,ngon-ngu-anh,D14,Điểm học bạ,2025,15.0,Ngôn ngữ Anh
29246,DHV,ngon-ngu-anh,X25,Điểm học bạ,2025,15.0,Ngôn ngữ Anh
29247,DHV,ngon-ngu-anh,X78,Điểm học bạ,2025,15.0,Ngôn ngữ Anh
29248,DHV,ngon-ngu-anh,A01,Điểm thi THPT,2025,15.0,Ngôn ngữ Anh
29249,DHV,ngon-ngu-anh,D01,Điểm thi THPT,2025,15.0,Ngôn ngữ Anh
29250,DHV,ngon-ngu-anh,D09,Điểm thi THPT,2025,15.0,Ngôn ngữ Anh
29251,DHV,ngon-ngu-anh,D14,Điểm thi THPT,2025,15.0,Ngôn ngữ Anh
29252,DHV,ngon-ngu-anh,X25,Điểm thi THPT,2025,15.0,Ngôn ngữ Anh
29253,DHV,ngon-ngu-anh,X78,Điểm thi THPT,2025,15.0,Ngôn ngữ Anh
29254,DHV,ngon-ngu-han-quoc,D01,Điểm học bạ,2024,18.0,Ngôn ngữ Hàn Quốc
29255,DHV,ngon-ngu-han-quoc,D14,Điểm học bạ,2024,18.0,Ngôn ngữ Hàn Quốc
29256,DHV,ngon-ngu-han-quoc,D78,Điểm học bạ,2024,18.0,Ngôn ngữ Hàn Quốc
29257,DHV,ngon-ngu-han-quoc,D96,Điểm học bạ,2024,18.0,Ngôn ngữ Hàn Quốc
29258,DHV,ngon-ngu-han-quoc,D01,Điểm thi THPT,2024,15.0,Ngôn ngữ Hàn Quốc
29259,DHV,ngon-ngu-han-quoc,D14,Điểm thi THPT,2024,15.0,Ngôn ngữ Hàn Quốc
29260,DHV,ngon-ngu-han-quoc,D78,Điểm thi THPT,2024,15.0,Ngôn ngữ Hàn Quốc
29261,DHV,ngon-ngu-han-quoc,D96,Điểm thi THPT,2024,15.0,Ngôn ngữ Hàn Quốc
29262,DHV,ngon-ngu-han-quoc,A01,Điểm học bạ,2025,15.0,Ngôn ngữ Hàn Quốc
29263,DHV,ngon-ngu-han-quoc,C00,Điểm học bạ,2025,15.0,Ngôn ngữ Hàn Quốc
29264,DHV,ngon-ngu-han-quoc,C03,Điểm học bạ,2025,15.0,Ngôn ngữ Hàn Quốc
29265,DHV,ngon-ngu-han-quoc,C04,Điểm học bạ,2025,15.0,Ngôn ngữ Hàn Quốc
29266,DHV,ngon-ngu-han-quoc,D01,Điểm học bạ,2025,15.0,Ngôn ngữ Hàn Quốc
29267,DHV,ngon-ngu-han-quoc,D14,Điểm học bạ,2025,15.0,Ngôn ngữ Hàn Quốc
29268,DHV,ngon-ngu-han-quoc,X78,Điểm học bạ,2025,15.0,Ngôn ngữ Hàn Quốc
29269,DHV,ngon-ngu-han-quoc,A01,Điểm thi THPT,2025,15.0,Ngôn ngữ Hàn Quốc
29270,DHV,ngon-ngu-han-quoc,C00,Điểm thi THPT,2025,15.0,Ngôn ngữ Hàn Quốc
29271,DHV,ngon-ngu-han-quoc,C03,Điểm thi THPT,2025,15.0,Ngôn ngữ Hàn Quốc
29272,DHV,ngon-ngu-han-quoc,C04,Điểm thi THPT,2025,15.0,Ngôn ngữ Hàn Quốc
29273,DHV,ngon-ngu-han-quoc,D01,Điểm thi THPT,2025,15.0,Ngôn ngữ Hàn Quốc
29274,DHV,ngon-ngu-han-quoc,D14,Điểm thi THPT,2025,15.0,Ngôn ngữ Hàn Quốc
29275,DHV,ngon-ngu-han-quoc,X78,Điểm thi THPT,2025,15.0,Ngôn ngữ Hàn Quốc
29276,DHV,ngon-ngu-nhat,C00,Điểm thi THPT,2021,15.0,Ngôn ngữ Nhật
29277,DHV,ngon-ngu-nhat,D01,Điểm thi THPT,2021,15.0,Ngôn ngữ Nhật
29278,DHV,ngon-ngu-nhat,D15,Điểm thi THPT,2021,15.0,Ngôn ngữ Nhật
29279,DHV,ngon-ngu-nhat,D66,Điểm thi THPT,2021,15.0,Ngôn ngữ Nhật
29280,DHV,ngon-ngu-nhat,C00,Điểm học bạ,2022,15.0,Ngôn ngữ Nhật
29281,DHV,ngon-ngu-nhat,D01,Điểm học bạ,2022,15.0,Ngôn ngữ Nhật
29282,DHV,ngon-ngu-nhat,D15,Điểm học bạ,2022,15.0,Ngôn ngữ Nhật
29283,DHV,ngon-ngu-nhat,D66,Điểm học bạ,2022,15.0,Ngôn ngữ Nhật
29284,DHV,ngon-ngu-nhat,C00,Điểm thi THPT,2022,15.0,Ngôn ngữ Nhật
29285,DHV,ngon-ngu-nhat,D01,Điểm thi THPT,2022,15.0,Ngôn ngữ Nhật
29286,DHV,ngon-ngu-nhat,D15,Điểm thi THPT,2022,15.0,Ngôn ngữ Nhật
29287,DHV,ngon-ngu-nhat,D66,Điểm thi THPT,2022,15.0,Ngôn ngữ Nhật
29288,DHV,ngon-ngu-nhat,C00,Điểm học bạ,2023,15.0,Ngôn ngữ Nhật
29289,DHV,ngon-ngu-nhat,D01,Điểm học bạ,2023,15.0,Ngôn ngữ Nhật
29290,DHV,ngon-ngu-nhat,D15,Điểm học bạ,2023,15.0,Ngôn ngữ Nhật
29291,DHV,ngon-ngu-nhat,D66,Điểm học bạ,2023,15.0,Ngôn ngữ Nhật
29292,DHV,ngon-ngu-nhat,C00,Điểm thi THPT,2023,15.0,Ngôn ngữ Nhật
29293,DHV,ngon-ngu-nhat,D01,Điểm thi THPT,2023,15.0,Ngôn ngữ Nhật
29294,DHV,ngon-ngu-nhat,D15,Điểm thi THPT,2023,15.0,Ngôn ngữ Nhật
29295,DHV,ngon-ngu-nhat,D66,Điểm thi THPT,2023,15.0,Ngôn ngữ Nhật
29296,DHV,ngon-ngu-nhat,C00,Điểm học bạ,2024,18.0,Ngôn ngữ Nhật
29297,DHV,ngon-ngu-nhat,D01,Điểm học bạ,2024,18.0,Ngôn ngữ Nhật
29298,DHV,ngon-ngu-nhat,D15,Điểm học bạ,2024,18.0,Ngôn ngữ Nhật
29299,DHV,ngon-ngu-nhat,D66,Điểm học bạ,2024,18.0,Ngôn ngữ Nhật
29300,DHV,ngon-ngu-nhat,C00,Điểm thi THPT,2024,15.0,Ngôn ngữ Nhật
29301,DHV,ngon-ngu-nhat,D01,Điểm thi THPT,2024,15.0,Ngôn ngữ Nhật
29302,DHV,ngon-ngu-nhat,D15,Điểm thi THPT,2024,15.0,Ngôn ngữ Nhật
29303,DHV,ngon-ngu-nhat,D66,Điểm thi THPT,2024,15.0,Ngôn ngữ Nhật
29304,DHV,ngon-ngu-nhat,A01,Điểm học bạ,2025,15.0,Ngôn ngữ Nhật
29305,DHV,ngon-ngu-nhat,C00,Điểm học bạ,2025,15.0,Ngôn ngữ Nhật
29306,DHV,ngon-ngu-nhat,C03,Điểm học bạ,2025,15.0,Ngôn ngữ Nhật
29307,DHV,ngon-ngu-nhat,C04,Điểm học bạ,2025,15.0,Ngôn ngữ Nhật
29308,DHV,ngon-ngu-nhat,D01,Điểm học bạ,2025,15.0,Ngôn ngữ Nhật
29309,DHV,ngon-ngu-nhat,D04,Điểm học bạ,2025,15.0,Ngôn ngữ Nhật
29310,DHV,ngon-ngu-nhat,D14,Điểm học bạ,2025,15.0,Ngôn ngữ Nhật
29311,DHV,ngon-ngu-nhat,X78,Điểm học bạ,2025,15.0,Ngôn ngữ Nhật
29312,DHV,ngon-ngu-nhat,A01,Điểm thi THPT,2025,15.0,Ngôn ngữ Nhật
29313,DHV,ngon-ngu-nhat,C00,Điểm thi THPT,2025,15.0,Ngôn ngữ Nhật
29314,DHV,ngon-ngu-nhat,C03,Điểm thi THPT,2025,15.0,Ngôn ngữ Nhật
29315,DHV,ngon-ngu-nhat,C04,Điểm thi THPT,2025,15.0,Ngôn ngữ Nhật
29316,DHV,ngon-ngu-nhat,D01,Điểm thi THPT,2025,15.0,Ngôn ngữ Nhật
29317,DHV,ngon-ngu-nhat,D04,Điểm thi THPT,2025,15.0,Ngôn ngữ Nhật
29318,DHV,ngon-ngu-nhat,D14,Điểm thi THPT,2025,15.0,Ngôn ngữ Nhật
29319,DHV,ngon-ngu-nhat,X78,Điểm thi THPT,2025,15.0,Ngôn ngữ Nhật
29320,DHV,ngon-ngu-trung-quoc,C00,Điểm thi THPT,2021,15.0,Ngôn ngữ Trung Quốc
29321,DHV,ngon-ngu-trung-quoc,D01,Điểm thi THPT,2021,15.0,Ngôn ngữ Trung Quốc
29322,DHV,ngon-ngu-trung-quoc,D04,Điểm thi THPT,2021,15.0,Ngôn ngữ Trung Quốc
29323,DHV,ngon-ngu-trung-quoc,D15,Điểm thi THPT,2021,15.0,Ngôn ngữ Trung Quốc
29324,DHV,ngon-ngu-trung-quoc,C00,Điểm học bạ,2022,15.0,Ngôn ngữ Trung Quốc
29325,DHV,ngon-ngu-trung-quoc,D01,Điểm học bạ,2022,15.0,Ngôn ngữ Trung Quốc
29326,DHV,ngon-ngu-trung-quoc,D04,Điểm học bạ,2022,15.0,Ngôn ngữ Trung Quốc
29327,DHV,ngon-ngu-trung-quoc,D15,Điểm học bạ,2022,15.0,Ngôn ngữ Trung Quốc
29328,DHV,ngon-ngu-trung-quoc,C00,Điểm thi THPT,2022,15.0,Ngôn ngữ Trung Quốc
29329,DHV,ngon-ngu-trung-quoc,D01,Điểm thi THPT,2022,15.0,Ngôn ngữ Trung Quốc
29330,DHV,ngon-ngu-trung-quoc,D04,Điểm thi THPT,2022,15.0,Ngôn ngữ Trung Quốc
29331,DHV,ngon-ngu-trung-quoc,D15,Điểm thi THPT,2022,15.0,Ngôn ngữ Trung Quốc
29332,DHV,ngon-ngu-trung-quoc,C00,Điểm học bạ,2023,15.0,Ngôn ngữ Trung Quốc
29333,DHV,ngon-ngu-trung-quoc,D01,Điểm học bạ,2023,15.0,Ngôn ngữ Trung Quốc
29334,DHV,ngon-ngu-trung-quoc,D04,Điểm học bạ,2023,15.0,Ngôn ngữ Trung Quốc
29335,DHV,ngon-ngu-trung-quoc,D15,Điểm học bạ,2023,15.0,Ngôn ngữ Trung Quốc
29336,DHV,ngon-ngu-trung-quoc,C00,Điểm thi THPT,2023,15.0,Ngôn ngữ Trung Quốc
29337,DHV,ngon-ngu-trung-quoc,D01,Điểm thi THPT,2023,15.0,Ngôn ngữ Trung Quốc
29338,DHV,ngon-ngu-trung-quoc,D04,Điểm thi THPT,2023,15.0,Ngôn ngữ Trung Quốc
29339,DHV,ngon-ngu-trung-quoc,D15,Điểm thi THPT,2023,15.0,Ngôn ngữ Trung Quốc
29340,DHV,ngon-ngu-trung-quoc,C00,Điểm học bạ,2024,18.0,Ngôn ngữ Trung Quốc
29341,DHV,ngon-ngu-trung-quoc,D01,Điểm học bạ,2024,18.0,Ngôn ngữ Trung Quốc
29342,DHV,ngon-ngu-trung-quoc,D04,Điểm học bạ,2024,18.0,Ngôn ngữ Trung Quốc
29343,DHV,ngon-ngu-trung-quoc,D15,Điểm học bạ,2024,18.0,Ngôn ngữ Trung Quốc
29344,DHV,ngon-ngu-trung-quoc,C00,Điểm thi THPT,2024,15.0,Ngôn ngữ Trung Quốc
29345,DHV,ngon-ngu-trung-quoc,D01,Điểm thi THPT,2024,15.0,Ngôn ngữ Trung Quốc
29346,DHV,ngon-ngu-trung-quoc,D04,Điểm thi THPT,2024,15.0,Ngôn ngữ Trung Quốc
29347,DHV,ngon-ngu-trung-quoc,D15,Điểm thi THPT,2024,15.0,Ngôn ngữ Trung Quốc
29348,DHV,ngon-ngu-trung-quoc,A01,Điểm học bạ,2025,15.0,Ngôn ngữ Trung Quốc
29349,DHV,ngon-ngu-trung-quoc,C00,Điểm học bạ,2025,15.0,Ngôn ngữ Trung Quốc
29350,DHV,ngon-ngu-trung-quoc,C03,Điểm học bạ,2025,15.0,Ngôn ngữ Trung Quốc
29351,DHV,ngon-ngu-trung-quoc,C04,Điểm học bạ,2025,15.0,Ngôn ngữ Trung Quốc
29352,DHV,ngon-ngu-trung-quoc,D01,Điểm học bạ,2025,15.0,Ngôn ngữ Trung Quốc
29353,DHV,ngon-ngu-trung-quoc,D04,Điểm học bạ,2025,15.0,Ngôn ngữ Trung Quốc
29354,DHV,ngon-ngu-trung-quoc,D14,Điểm học bạ,2025,15.0,Ngôn ngữ Trung Quốc
29355,DHV,ngon-ngu-trung-quoc,X78,Điểm học bạ,2025,15.0,Ngôn ngữ Trung Quốc
29356,DHV,ngon-ngu-trung-quoc,A01,Điểm thi THPT,2025,15.0,Ngôn ngữ Trung Quốc
29357,DHV,ngon-ngu-trung-quoc,C00,Điểm thi THPT,2025,15.0,Ngôn ngữ Trung Quốc
29358,DHV,ngon-ngu-trung-quoc,C03,Điểm thi THPT,2025,15.0,Ngôn ngữ Trung Quốc
29359,DHV,ngon-ngu-trung-quoc,C04,Điểm thi THPT,2025,15.0,Ngôn ngữ Trung Quốc
29360,DHV,ngon-ngu-trung-quoc,D01,Điểm thi THPT,2025,15.0,Ngôn ngữ Trung Quốc
29361,DHV,ngon-ngu-trung-quoc,D04,Điểm thi THPT,2025,15.0,Ngôn ngữ Trung Quốc
29362,DHV,ngon-ngu-trung-quoc,D14,Điểm thi THPT,2025,15.0,Ngôn ngữ Trung Quốc
29363,DHV,ngon-ngu-trung-quoc,X78,Điểm thi THPT,2025,15.0,Ngôn ngữ Trung Quốc
29364,DHV,quan-ly-benh-vien,B00,Điểm thi THPT,2021,15.0,Quản lý Bệnh viện
29365,DHV,quan-ly-benh-vien,B03,Điểm thi THPT,2021,15.0,Quản lý Bệnh viện
29366,DHV,quan-ly-benh-vien,C01,Điểm thi THPT,2021,15.0,Quản lý Bệnh viện
29367,DHV,quan-ly-benh-vien,C02,Điểm thi THPT,2021,15.0,Quản lý Bệnh viện
29368,DHV,quan-ly-benh-vien,B00,Điểm học bạ,2022,15.0,Quản lý Bệnh viện
29369,DHV,quan-ly-benh-vien,B03,Điểm học bạ,2022,15.0,Quản lý Bệnh viện
29370,DHV,quan-ly-benh-vien,C01,Điểm học bạ,2022,15.0,Quản lý Bệnh viện
29371,DHV,quan-ly-benh-vien,C02,Điểm học bạ,2022,15.0,Quản lý Bệnh viện
29372,DHV,quan-ly-benh-vien,B00,Điểm thi THPT,2022,15.0,Quản lý Bệnh viện
29373,DHV,quan-ly-benh-vien,B03,Điểm thi THPT,2022,15.0,Quản lý Bệnh viện
29374,DHV,quan-ly-benh-vien,C01,Điểm thi THPT,2022,15.0,Quản lý Bệnh viện
29375,DHV,quan-ly-benh-vien,C02,Điểm thi THPT,2022,15.0,Quản lý Bệnh viện
29376,DHV,quan-ly-benh-vien,B00,Điểm học bạ,2023,15.0,Quản lý bệnh viện
29377,DHV,quan-ly-benh-vien,B03,Điểm học bạ,2023,15.0,Quản lý bệnh viện
29378,DHV,quan-ly-benh-vien,C01,Điểm học bạ,2023,15.0,Quản lý bệnh viện
29379,DHV,quan-ly-benh-vien,C02,Điểm học bạ,2023,15.0,Quản lý bệnh viện
29380,DHV,quan-ly-benh-vien,B00,Điểm thi THPT,2023,15.0,Quản lý bệnh viện
29381,DHV,quan-ly-benh-vien,B03,Điểm thi THPT,2023,15.0,Quản lý bệnh viện
29382,DHV,quan-ly-benh-vien,C01,Điểm thi THPT,2023,15.0,Quản lý bệnh viện
29383,DHV,quan-ly-benh-vien,C02,Điểm thi THPT,2023,15.0,Quản lý bệnh viện
29384,DHV,quan-ly-benh-vien,B00,Điểm học bạ,2024,18.0,Quản lý bệnh viện
29385,DHV,quan-ly-benh-vien,B03,Điểm học bạ,2024,18.0,Quản lý bệnh viện
29386,DHV,quan-ly-benh-vien,C01,Điểm học bạ,2024,18.0,Quản lý bệnh viện
29387,DHV,quan-ly-benh-vien,C14,Điểm học bạ,2024,18.0,Quản lý bệnh viện
29388,DHV,quan-ly-benh-vien,B00,Điểm thi THPT,2024,15.0,Quản lý bệnh viện
29389,DHV,quan-ly-benh-vien,B03,Điểm thi THPT,2024,15.0,Quản lý bệnh viện
29390,DHV,quan-ly-benh-vien,C01,Điểm thi THPT,2024,15.0,Quản lý bệnh viện
29391,DHV,quan-ly-benh-vien,C14,Điểm thi THPT,2024,15.0,Quản lý bệnh viện
29392,DHV,quan-ly-benh-vien,A01,Điểm học bạ,2025,15.0,Quản lý bệnh viện
29393,DHV,quan-ly-benh-vien,C00,Điểm học bạ,2025,15.0,Quản lý bệnh viện
29394,DHV,quan-ly-benh-vien,C03,Điểm học bạ,2025,15.0,Quản lý bệnh viện
29395,DHV,quan-ly-benh-vien,C04,Điểm học bạ,2025,15.0,Quản lý bệnh viện
29396,DHV,quan-ly-benh-vien,D01,Điểm học bạ,2025,15.0,Quản lý bệnh viện
29397,DHV,quan-ly-benh-vien,X01,Điểm học bạ,2025,15.0,Quản lý bệnh viện
29398,DHV,quan-ly-benh-vien,X78,Điểm học bạ,2025,15.0,Quản lý bệnh viện
29399,DHV,quan-ly-benh-vien,A01,Điểm thi THPT,2025,15.0,Quản lý bệnh viện
29400,DHV,quan-ly-benh-vien,C00,Điểm thi THPT,2025,15.0,Quản lý bệnh viện
29401,DHV,quan-ly-benh-vien,C03,Điểm thi THPT,2025,15.0,Quản lý bệnh viện
29402,DHV,quan-ly-benh-vien,C04,Điểm thi THPT,2025,15.0,Quản lý bệnh viện
29403,DHV,quan-ly-benh-vien,D01,Điểm thi THPT,2025,15.0,Quản lý bệnh viện
29404,DHV,quan-ly-benh-vien,X01,Điểm thi THPT,2025,15.0,Quản lý bệnh viện
29405,DHV,quan-ly-benh-vien,X78,Điểm thi THPT,2025,15.0,Quản lý bệnh viện
29406,DHV,quan-tri-dich-vu-du-lich-va-lu-hanh,A00,Điểm thi THPT,2021,15.0,Quản trị Dịch vụ Du lịch và Lữ hành
29407,DHV,quan-tri-dich-vu-du-lich-va-lu-hanh,A01,Điểm thi THPT,2021,15.0,Quản trị Dịch vụ Du lịch và Lữ hành
29408,DHV,quan-tri-dich-vu-du-lich-va-lu-hanh,C00,Điểm thi THPT,2021,15.0,Quản trị Dịch vụ Du lịch và Lữ hành
29409,DHV,quan-tri-dich-vu-du-lich-va-lu-hanh,D01,Điểm thi THPT,2021,15.0,Quản trị Dịch vụ Du lịch và Lữ hành
29410,DHV,quan-tri-dich-vu-du-lich-va-lu-hanh,A00,Điểm học bạ,2022,15.0,Quản trị Dịch vụ Du lịch và Lữ hành
29411,DHV,quan-tri-dich-vu-du-lich-va-lu-hanh,A01,Điểm học bạ,2022,15.0,Quản trị Dịch vụ Du lịch và Lữ hành
29412,DHV,quan-tri-dich-vu-du-lich-va-lu-hanh,C00,Điểm học bạ,2022,15.0,Quản trị Dịch vụ Du lịch và Lữ hành
29413,DHV,quan-tri-dich-vu-du-lich-va-lu-hanh,D01,Điểm học bạ,2022,15.0,Quản trị Dịch vụ Du lịch và Lữ hành
29414,DHV,quan-tri-dich-vu-du-lich-va-lu-hanh,A00,Điểm thi THPT,2022,15.0,Quản trị Dịch vụ Du lịch và Lữ hành
29415,DHV,quan-tri-dich-vu-du-lich-va-lu-hanh,A01,Điểm thi THPT,2022,15.0,Quản trị Dịch vụ Du lịch và Lữ hành
29416,DHV,quan-tri-dich-vu-du-lich-va-lu-hanh,C00,Điểm thi THPT,2022,15.0,Quản trị Dịch vụ Du lịch và Lữ hành
29417,DHV,quan-tri-dich-vu-du-lich-va-lu-hanh,D01,Điểm thi THPT,2022,15.0,Quản trị Dịch vụ Du lịch và Lữ hành
29418,DHV,quan-tri-dich-vu-du-lich-va-lu-hanh,A00,Điểm học bạ,2023,15.0,Quản trị dịch vụ du lịch và lữ hành
29419,DHV,quan-tri-dich-vu-du-lich-va-lu-hanh,A01,Điểm học bạ,2023,15.0,Quản trị dịch vụ du lịch và lữ hành
29420,DHV,quan-tri-dich-vu-du-lich-va-lu-hanh,C00,Điểm học bạ,2023,15.0,Quản trị dịch vụ du lịch và lữ hành
29421,DHV,quan-tri-dich-vu-du-lich-va-lu-hanh,D01,Điểm học bạ,2023,15.0,Quản trị dịch vụ du lịch và lữ hành
29422,DHV,quan-tri-dich-vu-du-lich-va-lu-hanh,A00,Điểm thi THPT,2023,15.0,Quản trị dịch vụ du lịch và lữ hành
29423,DHV,quan-tri-dich-vu-du-lich-va-lu-hanh,A01,Điểm thi THPT,2023,15.0,Quản trị dịch vụ du lịch và lữ hành
29424,DHV,quan-tri-dich-vu-du-lich-va-lu-hanh,C00,Điểm thi THPT,2023,15.0,Quản trị dịch vụ du lịch và lữ hành
29425,DHV,quan-tri-dich-vu-du-lich-va-lu-hanh,D01,Điểm thi THPT,2023,15.0,Quản trị dịch vụ du lịch và lữ hành
29426,DHV,quan-tri-dich-vu-du-lich-va-lu-hanh,A01,Điểm học bạ,2025,15.0,Quản trị dịch vụ du lịch và lữ hành
29427,DHV,quan-tri-dich-vu-du-lich-va-lu-hanh,C00,Điểm học bạ,2025,15.0,Quản trị dịch vụ du lịch và lữ hành
29428,DHV,quan-tri-dich-vu-du-lich-va-lu-hanh,C03,Điểm học bạ,2025,15.0,Quản trị dịch vụ du lịch và lữ hành
29429,DHV,quan-tri-dich-vu-du-lich-va-lu-hanh,C04,Điểm học bạ,2025,15.0,Quản trị dịch vụ du lịch và lữ hành
29430,DHV,quan-tri-dich-vu-du-lich-va-lu-hanh,D01,Điểm học bạ,2025,15.0,Quản trị dịch vụ du lịch và lữ hành
29431,DHV,quan-tri-dich-vu-du-lich-va-lu-hanh,D14,Điểm học bạ,2025,15.0,Quản trị dịch vụ du lịch và lữ hành
29432,DHV,quan-tri-dich-vu-du-lich-va-lu-hanh,X01,Điểm học bạ,2025,15.0,Quản trị dịch vụ du lịch và lữ hành
29433,DHV,quan-tri-dich-vu-du-lich-va-lu-hanh,X78,Điểm học bạ,2025,15.0,Quản trị dịch vụ du lịch và lữ hành
29434,DHV,quan-tri-dich-vu-du-lich-va-lu-hanh,A01,Điểm thi THPT,2025,15.0,Quản trị dịch vụ du lịch và lữ hành
29435,DHV,quan-tri-dich-vu-du-lich-va-lu-hanh,C00,Điểm thi THPT,2025,15.0,Quản trị dịch vụ du lịch và lữ hành
29436,DHV,quan-tri-dich-vu-du-lich-va-lu-hanh,C03,Điểm thi THPT,2025,15.0,Quản trị dịch vụ du lịch và lữ hành
29437,DHV,quan-tri-dich-vu-du-lich-va-lu-hanh,C04,Điểm thi THPT,2025,15.0,Quản trị dịch vụ du lịch và lữ hành
29438,DHV,quan-tri-dich-vu-du-lich-va-lu-hanh,D01,Điểm thi THPT,2025,15.0,Quản trị dịch vụ du lịch và lữ hành
29439,DHV,quan-tri-dich-vu-du-lich-va-lu-hanh,D14,Điểm thi THPT,2025,15.0,Quản trị dịch vụ du lịch và lữ hành
29440,DHV,quan-tri-dich-vu-du-lich-va-lu-hanh,X01,Điểm thi THPT,2025,15.0,Quản trị dịch vụ du lịch và lữ hành
29441,DHV,quan-tri-dich-vu-du-lich-va-lu-hanh,X78,Điểm thi THPT,2025,15.0,Quản trị dịch vụ du lịch và lữ hành
29442,DHV,quan-tri-dv-du-lich-va-lu-hanh,A00,Điểm học bạ,2024,18.0,Quản trị dv du lịch và lữ hành
29443,DHV,quan-tri-dv-du-lich-va-lu-hanh,A01,Điểm học bạ,2024,18.0,Quản trị dv du lịch và lữ hành
29444,DHV,quan-tri-dv-du-lich-va-lu-hanh,C00,Điểm học bạ,2024,18.0,Quản trị dv du lịch và lữ hành
29445,DHV,quan-tri-dv-du-lich-va-lu-hanh,D01,Điểm học bạ,2024,18.0,Quản trị dv du lịch và lữ hành
29446,DHV,quan-tri-dv-du-lich-va-lu-hanh,A00,Điểm thi THPT,2024,15.0,Quản trị dv du lịch và lữ hành
29447,DHV,quan-tri-dv-du-lich-va-lu-hanh,A01,Điểm thi THPT,2024,15.0,Quản trị dv du lịch và lữ hành
29448,DHV,quan-tri-dv-du-lich-va-lu-hanh,C00,Điểm thi THPT,2024,15.0,Quản trị dv du lịch và lữ hành
29449,DHV,quan-tri-dv-du-lich-va-lu-hanh,D01,Điểm thi THPT,2024,15.0,Quản trị dv du lịch và lữ hành
29450,DHV,quan-tri-khach-san,A00,Điểm học bạ,2024,18.0,Quản trị khách sạn
29451,DHV,quan-tri-khach-san,A01,Điểm học bạ,2024,18.0,Quản trị khách sạn
29452,DHV,quan-tri-khach-san,C00,Điểm học bạ,2024,18.0,Quản trị khách sạn
29453,DHV,quan-tri-khach-san,D01,Điểm học bạ,2024,18.0,Quản trị khách sạn
29454,DHV,quan-tri-khach-san,A00,Điểm thi THPT,2024,15.0,Quản trị khách sạn
29455,DHV,quan-tri-khach-san,A01,Điểm thi THPT,2024,15.0,Quản trị khách sạn
29456,DHV,quan-tri-khach-san,C00,Điểm thi THPT,2024,15.0,Quản trị khách sạn
29457,DHV,quan-tri-khach-san,D01,Điểm thi THPT,2024,15.0,Quản trị khách sạn
29458,DHV,quan-tri-khach-san,A01,Điểm học bạ,2025,15.0,Quản trị khách sạn
29459,DHV,quan-tri-khach-san,C00,Điểm học bạ,2025,15.0,Quản trị khách sạn
29460,DHV,quan-tri-khach-san,C03,Điểm học bạ,2025,15.0,Quản trị khách sạn
29461,DHV,quan-tri-khach-san,C04,Điểm học bạ,2025,15.0,Quản trị khách sạn
29462,DHV,quan-tri-khach-san,D01,Điểm học bạ,2025,15.0,Quản trị khách sạn
29463,DHV,quan-tri-khach-san,D14,Điểm học bạ,2025,15.0,Quản trị khách sạn
29464,DHV,quan-tri-khach-san,X01,Điểm học bạ,2025,15.0,Quản trị khách sạn
29465,DHV,quan-tri-khach-san,X78,Điểm học bạ,2025,15.0,Quản trị khách sạn
29466,DHV,quan-tri-khach-san,A01,Điểm thi THPT,2025,15.0,Quản trị khách sạn
29467,DHV,quan-tri-khach-san,C00,Điểm thi THPT,2025,15.0,Quản trị khách sạn
29468,DHV,quan-tri-khach-san,C03,Điểm thi THPT,2025,15.0,Quản trị khách sạn
29469,DHV,quan-tri-khach-san,C04,Điểm thi THPT,2025,15.0,Quản trị khách sạn
29470,DHV,quan-tri-khach-san,D01,Điểm thi THPT,2025,15.0,Quản trị khách sạn
29471,DHV,quan-tri-khach-san,D14,Điểm thi THPT,2025,15.0,Quản trị khách sạn
29472,DHV,quan-tri-khach-san,X01,Điểm thi THPT,2025,15.0,Quản trị khách sạn
29473,DHV,quan-tri-khach-san,X78,Điểm thi THPT,2025,15.0,Quản trị khách sạn
29474,DHV,quan-tri-kinh-doanh,A00,Điểm thi THPT,2021,15.0,Quản trị Kinh doanh
29475,DHV,quan-tri-kinh-doanh,C00,Điểm thi THPT,2021,15.0,Quản trị Kinh doanh
29476,DHV,quan-tri-kinh-doanh,C01,Điểm thi THPT,2021,15.0,Quản trị Kinh doanh
29477,DHV,quan-tri-kinh-doanh,D01,Điểm thi THPT,2021,15.0,Quản trị Kinh doanh
29478,DHV,quan-tri-kinh-doanh,A00,Điểm học bạ,2022,15.0,Quản trị Kinh doanh
29479,DHV,quan-tri-kinh-doanh,C00,Điểm học bạ,2022,15.0,Quản trị Kinh doanh
29480,DHV,quan-tri-kinh-doanh,C01,Điểm học bạ,2022,15.0,Quản trị Kinh doanh
29481,DHV,quan-tri-kinh-doanh,D01,Điểm học bạ,2022,15.0,Quản trị Kinh doanh
29482,DHV,quan-tri-kinh-doanh,A00,Điểm thi THPT,2022,15.0,Quản trị Kinh doanh
29483,DHV,quan-tri-kinh-doanh,C00,Điểm thi THPT,2022,15.0,Quản trị Kinh doanh
29484,DHV,quan-tri-kinh-doanh,C01,Điểm thi THPT,2022,15.0,Quản trị Kinh doanh
29485,DHV,quan-tri-kinh-doanh,D01,Điểm thi THPT,2022,15.0,Quản trị Kinh doanh
29486,DHV,quan-tri-kinh-doanh,A00,Điểm học bạ,2023,15.0,Quản trị kinh doanh
29487,DHV,quan-tri-kinh-doanh,C00,Điểm học bạ,2023,15.0,Quản trị kinh doanh
29488,DHV,quan-tri-kinh-doanh,C01,Điểm học bạ,2023,15.0,Quản trị kinh doanh
29489,DHV,quan-tri-kinh-doanh,D01,Điểm học bạ,2023,15.0,Quản trị kinh doanh
29490,DHV,quan-tri-kinh-doanh,A00,Điểm thi THPT,2023,15.0,Quản trị kinh doanh
29491,DHV,quan-tri-kinh-doanh,C00,Điểm thi THPT,2023,15.0,Quản trị kinh doanh
29492,DHV,quan-tri-kinh-doanh,C01,Điểm thi THPT,2023,15.0,Quản trị kinh doanh
29493,DHV,quan-tri-kinh-doanh,D01,Điểm thi THPT,2023,15.0,Quản trị kinh doanh
29494,DHV,quan-tri-kinh-doanh,C00,Điểm học bạ,2024,18.0,Quản trị kinh doanh
29495,DHV,quan-tri-kinh-doanh,C01,Điểm học bạ,2024,18.0,Quản trị kinh doanh
29496,DHV,quan-tri-kinh-doanh,D01,Điểm học bạ,2024,18.0,Quản trị kinh doanh
29497,DHV,quan-tri-kinh-doanh,C00,Điểm thi THPT,2024,15.0,Quản trị kinh doanh
29498,DHV,quan-tri-kinh-doanh,C01,Điểm thi THPT,2024,15.0,Quản trị kinh doanh
29499,DHV,quan-tri-kinh-doanh,D01,Điểm thi THPT,2024,15.0,Quản trị kinh doanh
29500,DHV,quan-tri-kinh-doanh,A01,Điểm học bạ,2025,15.0,Quản trị kinh doanh
29501,DHV,quan-tri-kinh-doanh,C00,Điểm học bạ,2025,15.0,Quản trị kinh doanh
29502,DHV,quan-tri-kinh-doanh,C03,Điểm học bạ,2025,15.0,Quản trị kinh doanh
29503,DHV,quan-tri-kinh-doanh,C04,Điểm học bạ,2025,15.0,Quản trị kinh doanh
29504,DHV,quan-tri-kinh-doanh,D01,Điểm học bạ,2025,15.0,Quản trị kinh doanh
29505,DHV,quan-tri-kinh-doanh,X01,Điểm học bạ,2025,15.0,Quản trị kinh doanh
29506,DHV,quan-tri-kinh-doanh,X78,Điểm học bạ,2025,15.0,Quản trị kinh doanh
29507,DHV,quan-tri-kinh-doanh,A01,Điểm thi THPT,2025,15.0,Quản trị kinh doanh
29508,DHV,quan-tri-kinh-doanh,C00,Điểm thi THPT,2025,15.0,Quản trị kinh doanh
29509,DHV,quan-tri-kinh-doanh,C03,Điểm thi THPT,2025,15.0,Quản trị kinh doanh
29510,DHV,quan-tri-kinh-doanh,C04,Điểm thi THPT,2025,15.0,Quản trị kinh doanh
29511,DHV,quan-tri-kinh-doanh,D01,Điểm thi THPT,2025,15.0,Quản trị kinh doanh
29512,DHV,quan-tri-kinh-doanh,X01,Điểm thi THPT,2025,15.0,Quản trị kinh doanh
29513,DHV,quan-tri-kinh-doanh,X78,Điểm thi THPT,2025,15.0,Quản trị kinh doanh
29514,DHV,tai-chinh-ngan-hang,A00,Điểm thi THPT,2021,15.0,Tài chính Ngân hàng
29515,DHV,tai-chinh-ngan-hang,C00,Điểm thi THPT,2021,15.0,Tài chính Ngân hàng
29516,DHV,tai-chinh-ngan-hang,C04,Điểm thi THPT,2021,15.0,Tài chính Ngân hàng
29517,DHV,tai-chinh-ngan-hang,D01,Điểm thi THPT,2021,15.0,Tài chính Ngân hàng
29518,DHV,tai-chinh-ngan-hang,A00,Điểm học bạ,2022,15.0,Tài chính Ngân hàng
29519,DHV,tai-chinh-ngan-hang,C00,Điểm học bạ,2022,15.0,Tài chính Ngân hàng
29520,DHV,tai-chinh-ngan-hang,C04,Điểm học bạ,2022,15.0,Tài chính Ngân hàng
29521,DHV,tai-chinh-ngan-hang,D01,Điểm học bạ,2022,15.0,Tài chính Ngân hàng
29522,DHV,tai-chinh-ngan-hang,A00,Điểm thi THPT,2022,15.0,Tài chính Ngân hàng
29523,DHV,tai-chinh-ngan-hang,C00,Điểm thi THPT,2022,15.0,Tài chính Ngân hàng
29524,DHV,tai-chinh-ngan-hang,C04,Điểm thi THPT,2022,15.0,Tài chính Ngân hàng
29525,DHV,tai-chinh-ngan-hang,D01,Điểm thi THPT,2022,15.0,Tài chính Ngân hàng
29526,DHV,tai-chinh-ngan-hang,A00,Điểm học bạ,2023,15.0,Tài chính - Ngân hàng
29527,DHV,tai-chinh-ngan-hang,C00,Điểm học bạ,2023,15.0,Tài chính - Ngân hàng
29528,DHV,tai-chinh-ngan-hang,C04,Điểm học bạ,2023,15.0,Tài chính - Ngân hàng
29529,DHV,tai-chinh-ngan-hang,D01,Điểm học bạ,2023,15.0,Tài chính - Ngân hàng
29530,DHV,tai-chinh-ngan-hang,A00,Điểm thi THPT,2023,15.0,Tài chính - Ngân hàng
29531,DHV,tai-chinh-ngan-hang,C00,Điểm thi THPT,2023,15.0,Tài chính - Ngân hàng
29532,DHV,tai-chinh-ngan-hang,C04,Điểm thi THPT,2023,15.0,Tài chính - Ngân hàng
29533,DHV,tai-chinh-ngan-hang,D01,Điểm thi THPT,2023,15.0,Tài chính - Ngân hàng
29534,DHV,tai-chinh-ngan-hang,A00,Điểm học bạ,2024,18.0,Tài chính - ngân hàng
29535,DHV,tai-chinh-ngan-hang,C00,Điểm học bạ,2024,18.0,Tài chính - ngân hàng
29536,DHV,tai-chinh-ngan-hang,C04,Điểm học bạ,2024,18.0,Tài chính - ngân hàng
29537,DHV,tai-chinh-ngan-hang,D01,Điểm học bạ,2024,18.0,Tài chính - ngân hàng
29538,DHV,tai-chinh-ngan-hang,A00,Điểm thi THPT,2024,15.0,Tài chính - ngân hàng
29539,DHV,tai-chinh-ngan-hang,C00,Điểm thi THPT,2024,15.0,Tài chính - ngân hàng
29540,DHV,tai-chinh-ngan-hang,C04,Điểm thi THPT,2024,15.0,Tài chính - ngân hàng
29541,DHV,tai-chinh-ngan-hang,D01,Điểm thi THPT,2024,15.0,Tài chính - ngân hàng
29542,DHV,tai-chinh-ngan-hang,A01,Điểm học bạ,2025,15.0,Tài chính ngân hàng
29543,DHV,tai-chinh-ngan-hang,C00,Điểm học bạ,2025,15.0,Tài chính ngân hàng
29544,DHV,tai-chinh-ngan-hang,C03,Điểm học bạ,2025,15.0,Tài chính ngân hàng
29545,DHV,tai-chinh-ngan-hang,C04,Điểm học bạ,2025,15.0,Tài chính ngân hàng
29546,DHV,tai-chinh-ngan-hang,D01,Điểm học bạ,2025,15.0,Tài chính ngân hàng
29547,DHV,tai-chinh-ngan-hang,X01,Điểm học bạ,2025,15.0,Tài chính ngân hàng
29548,DHV,tai-chinh-ngan-hang,X78,Điểm học bạ,2025,15.0,Tài chính ngân hàng
29549,DHV,tai-chinh-ngan-hang,A01,Điểm thi THPT,2025,15.0,Tài chính ngân hàng
29550,DHV,tai-chinh-ngan-hang,C00,Điểm thi THPT,2025,15.0,Tài chính ngân hàng
29551,DHV,tai-chinh-ngan-hang,C03,Điểm thi THPT,2025,15.0,Tài chính ngân hàng
29552,DHV,tai-chinh-ngan-hang,C04,Điểm thi THPT,2025,15.0,Tài chính ngân hàng
29553,DHV,tai-chinh-ngan-hang,D01,Điểm thi THPT,2025,15.0,Tài chính ngân hàng
29554,DHV,tai-chinh-ngan-hang,X01,Điểm thi THPT,2025,15.0,Tài chính ngân hàng
29555,DHV,tai-chinh-ngan-hang,X78,Điểm thi THPT,2025,15.0,Tài chính ngân hàng
29556,DHV,tam-ly-hoc,A12,Điểm học bạ,2024,18.0,Tâm lý học
29557,DHV,tam-ly-hoc,B05,Điểm học bạ,2024,18.0,Tâm lý học
29558,DHV,tam-ly-hoc,C15,Điểm học bạ,2024,18.0,Tâm lý học
29559,DHV,tam-ly-hoc,D01,Điểm học bạ,2024,18.0,Tâm lý học
29560,DHV,tam-ly-hoc,A12,Điểm thi THPT,2024,15.0,Tâm lý học
29561,DHV,tam-ly-hoc,B05,Điểm thi THPT,2024,15.0,Tâm lý học
29562,DHV,tam-ly-hoc,C15,Điểm thi THPT,2024,15.0,Tâm lý học
29563,DHV,tam-ly-hoc,D01,Điểm thi THPT,2024,15.0,Tâm lý học
29564,DHV,tam-ly-hoc,A01,Điểm học bạ,2025,20.0,Tâm lý học
29565,DHV,tam-ly-hoc,C00,Điểm học bạ,2025,20.0,Tâm lý học
29566,DHV,tam-ly-hoc,C03,Điểm học bạ,2025,20.0,Tâm lý học
29567,DHV,tam-ly-hoc,C04,Điểm học bạ,2025,20.0,Tâm lý học
29568,DHV,tam-ly-hoc,D01,Điểm học bạ,2025,20.0,Tâm lý học
29569,DHV,tam-ly-hoc,X01,Điểm học bạ,2025,20.0,Tâm lý học
29570,DHV,tam-ly-hoc,X78,Điểm học bạ,2025,20.0,Tâm lý học
29571,DHV,tam-ly-hoc,A01,Điểm thi THPT,2025,20.0,Tâm lý học
29572,DHV,tam-ly-hoc,C00,Điểm thi THPT,2025,20.0,Tâm lý học
29573,DHV,tam-ly-hoc,C03,Điểm thi THPT,2025,20.0,Tâm lý học
29574,DHV,tam-ly-hoc,C04,Điểm thi THPT,2025,20.0,Tâm lý học
29575,DHV,tam-ly-hoc,D01,Điểm thi THPT,2025,20.0,Tâm lý học
29576,DHV,tam-ly-hoc,X01,Điểm thi THPT,2025,20.0,Tâm lý học
29577,DHV,tam-ly-hoc,X78,Điểm thi THPT,2025,20.0,Tâm lý học
29578,DHV,thuong-mai-dien-tu,A00,Điểm học bạ,2024,18.0,Thương mại điện tử
29579,DHV,thuong-mai-dien-tu,C00,Điểm học bạ,2024,18.0,Thương mại điện tử
29580,DHV,thuong-mai-dien-tu,C04,Điểm học bạ,2024,18.0,Thương mại điện tử
29581,DHV,thuong-mai-dien-tu,D01,Điểm học bạ,2024,18.0,Thương mại điện tử
29582,DHV,thuong-mai-dien-tu,A00,Điểm thi THPT,2024,15.0,Thương mại điện tử
29583,DHV,thuong-mai-dien-tu,C00,Điểm thi THPT,2024,15.0,Thương mại điện tử
29584,DHV,thuong-mai-dien-tu,C04,Điểm thi THPT,2024,15.0,Thương mại điện tử
29585,DHV,thuong-mai-dien-tu,D01,Điểm thi THPT,2024,15.0,Thương mại điện tử
29586,DHV,thuong-mai-dien-tu,A01,Điểm học bạ,2025,15.0,Thương mại điện tử
29587,DHV,thuong-mai-dien-tu,C00,Điểm học bạ,2025,15.0,Thương mại điện tử
29588,DHV,thuong-mai-dien-tu,C03,Điểm học bạ,2025,15.0,Thương mại điện tử
29589,DHV,thuong-mai-dien-tu,C04,Điểm học bạ,2025,15.0,Thương mại điện tử
29590,DHV,thuong-mai-dien-tu,D01,Điểm học bạ,2025,15.0,Thương mại điện tử
29591,DHV,thuong-mai-dien-tu,X01,Điểm học bạ,2025,15.0,Thương mại điện tử
29592,DHV,thuong-mai-dien-tu,X78,Điểm học bạ,2025,15.0,Thương mại điện tử
29593,DHV,thuong-mai-dien-tu,A01,Điểm thi THPT,2025,15.0,Thương mại điện tử
29594,DHV,thuong-mai-dien-tu,C00,Điểm thi THPT,2025,15.0,Thương mại điện tử
29595,DHV,thuong-mai-dien-tu,C03,Điểm thi THPT,2025,15.0,Thương mại điện tử
29596,DHV,thuong-mai-dien-tu,C04,Điểm thi THPT,2025,15.0,Thương mại điện tử
29597,DHV,thuong-mai-dien-tu,D01,Điểm thi THPT,2025,15.0,Thương mại điện tử
29598,DHV,thuong-mai-dien-tu,X01,Điểm thi THPT,2025,15.0,Thương mại điện tử
29599,DHV,thuong-mai-dien-tu,X78,Điểm thi THPT,2025,15.0,Thương mại điện tử
29600,DHY,dieu-duong,B00,Điểm thi THPT,2021,21.9,Điều dưỡng
29601,DHY,dieu-duong,B00,Điểm thi THPT,2022,19.0,Điều dưỡng
29602,DHY,dieu-duong,B00,Điểm thi THPT,2023,19.05,Điều dưỡng
29603,DHY,dieu-duong,B08,Điểm thi THPT,2023,19.05,Điều dưỡng
29604,DHY,dieu-duong,B00,Điểm thi THPT,2024,19.9,Điều dưỡng
29605,DHY,dieu-duong,B08,Điểm thi THPT,2024,19.9,Điều dưỡng
29606,DHY,dieu-duong,B00,Điểm thi THPT,2025,17.0,Điều dưỡng
29607,DHY,dieu-duong,B08,Điểm thi THPT,2025,17.0,Điều dưỡng
29608,DHY,dieu-duong,D07,Điểm thi THPT,2025,17.0,Điều dưỡng
29609,DHY,dinh-duong,B00,Điểm thi THPT,2024,15.0,Dinh dưỡng
29610,DHY,dinh-duong,B08,Điểm thi THPT,2024,15.0,Dinh dưỡng
29611,DHY,dinh-duong,B00,Điểm thi THPT,2025,17.0,Dinh dưỡng
29612,DHY,dinh-duong,B08,Điểm thi THPT,2025,17.0,Dinh dưỡng
29613,DHY,dinh-duong,D07,Điểm thi THPT,2025,17.0,Dinh dưỡng
29614,DHY,duoc-hoc,A00,Điểm thi THPT,2021,24.9,Dược học
29615,DHY,duoc-hoc,A00,Điểm thi THPT,2022,25.1,Dược học
29616,DHY,duoc-hoc,B00,Điểm thi THPT,2022,25.1,Dược học
29617,DHY,duoc-hoc,A00,Điểm thi THPT,2023,24.7,Dưọc học
29618,DHY,duoc-hoc,B00,Điểm thi THPT,2023,24.7,Dưọc học
29619,DHY,duoc-hoc,A00,Điểm thi THPT,2024,24.55,Dược học
29620,DHY,duoc-hoc,B00,Điểm thi THPT,2024,24.55,Dược học
29621,DHY,duoc-hoc,A00,Điểm thi THPT,2025,21.25,Dược học
29622,DHY,duoc-hoc,B00,Điểm thi THPT,2025,21.25,Dược học
29623,DHY,duoc-hoc,D07,Điểm thi THPT,2025,21.25,Dược học
29624,DHY,ho-sinh,B00,Điểm thi THPT,2021,19.05,Hộ sinh
29625,DHY,ho-sinh,B00,Điểm thi THPT,2022,19.0,Hộ sinh
29626,DHY,ho-sinh,B00,Điểm thi THPT,2023,19.0,Hộ sinh
29627,DHY,ho-sinh,B00,Điểm thi THPT,2024,19.0,Hộ sinh
29628,DHY,ho-sinh,B08,Điểm thi THPT,2024,19.0,Hộ sinh
29629,DHY,ho-sinh,B00,Điểm thi THPT,2025,17.0,Hộ sinh
29630,DHY,ho-sinh,B08,Điểm thi THPT,2025,17.0,Hộ sinh
29631,DHY,ho-sinh,D07,Điểm thi THPT,2025,17.0,Hộ sinh
29632,DHY,ky-thuat-hinh-anh-y-hoc,B00,Điểm thi THPT,2021,23.5,Kỹ thuật hình ảnh y học
29633,DHY,ky-thuat-hinh-anh-y-hoc,B00,Điểm thi THPT,2022,19.0,Kỹ thuật hình ảnh y học
29634,DHY,ky-thuat-hinh-anh-y-hoc,A00,Điểm thi THPT,2023,19.05,Kỹ thuật hình ảnh y học
29635,DHY,ky-thuat-hinh-anh-y-hoc,B00,Điểm thi THPT,2023,19.05,Kỹ thuật hình ảnh y học
29636,DHY,ky-thuat-hinh-anh-y-hoc,A00,Điểm thi THPT,2024,19.8,Kỹ thuật hình ảnh y học
29637,DHY,ky-thuat-hinh-anh-y-hoc,B00,Điểm thi THPT,2024,19.8,Kỹ thuật hình ảnh y học
29638,DHY,ky-thuat-hinh-anh-y-hoc,A00,Điểm thi THPT,2025,19.0,Kỹ thuật hình ảnh y học
29639,DHY,ky-thuat-hinh-anh-y-hoc,B00,Điểm thi THPT,2025,19.0,Kỹ thuật hình ảnh y học
29640,DHY,ky-thuat-hinh-anh-y-hoc,B08,Điểm thi THPT,2025,19.0,Kỹ thuật hình ảnh y học
29641,DHY,ky-thuat-hinh-anh-y-hoc,D07,Điểm thi THPT,2025,19.0,Kỹ thuật hình ảnh y học
29642,DHY,ky-thuat-xet-nghiem-y-hoc,B00,Điểm thi THPT,2021,24.5,Kỹ thuật xét nghiệm y học
29643,DHY,ky-thuat-xet-nghiem-y-hoc,B00,Điểm thi THPT,2022,19.3,Kỹ thuật xét nghiệm y học
29644,DHY,ky-thuat-xet-nghiem-y-hoc,B00,Điểm thi THPT,2023,20.7,Kỹ thuật xét nghiệm y học
29645,DHY,ky-thuat-xet-nghiem-y-hoc,B00,Điểm thi THPT,2024,21.7,Kỹ thuật xét nghiệm y học
29646,DHY,ky-thuat-xet-nghiem-y-hoc,B08,Điểm thi THPT,2024,21.7,Kỹ thuật xét nghiệm y học
29647,DHY,ky-thuat-xet-nghiem-y-hoc,B00,Điểm thi THPT,2025,17.25,Kỹ thuật xét nghiệm y học
29648,DHY,ky-thuat-xet-nghiem-y-hoc,B08,Điểm thi THPT,2025,17.25,Kỹ thuật xét nghiệm y học
29649,DHY,ky-thuat-xet-nghiem-y-hoc,D07,Điểm thi THPT,2025,17.25,Kỹ thuật xét nghiệm y học
29650,DHY,rang-ham-mat,B00,Điểm thi THPT,2021,26.85,Răng- hàm - mặt
29651,DHY,rang-ham-mat,B00,Điểm thi THPT,2022,26.2,Răng- hàm - mặt
29652,DHY,rang-ham-mat,B00,Điểm thi THPT,2023,25.8,Răng - Hàm - Mặt
29653,DHY,rang-ham-mat,B00,Điểm thi THPT,2024,25.95,Răng - Hàm - Mặt
29654,DHY,rang-ham-mat,B00,Điểm thi THPT,2025,24.4,Răng - Hàm - Mặt
29655,DHY,rang-ham-mat,B08,Điểm thi THPT,2025,24.4,Răng - Hàm - Mặt
29656,DHY,rang-ham-mat,D07,Điểm thi THPT,2025,24.4,Răng - Hàm - Mặt
29657,DHY,y-hoc-co-truyen,B00,Điểm thi THPT,2021,24.9,Y học cổ truyền
29658,DHY,y-hoc-co-truyen,B00,Điểm thi THPT,2022,21.0,Y học cổ truyền
29659,DHY,y-hoc-co-truyen,B00,Điểm thi THPT,2023,22.7,Y học cổ truyền
29660,DHY,y-hoc-co-truyen,B00,Điểm thi THPT,2024,23.5,Y học cổ truyền
29661,DHY,y-hoc-co-truyen,B00,Điểm thi THPT,2025,19.6,Y học cổ truyền
29662,DHY,y-hoc-co-truyen,B08,Điểm thi THPT,2025,19.6,Y học cổ truyền
29663,DHY,y-hoc-co-truyen,D07,Điểm thi THPT,2025,19.6,Y học cổ truyền
29664,DHY,y-hoc-du-phong,B00,Điểm thi THPT,2021,19.5,Y học dự phòng
29665,DHY,y-hoc-du-phong,B00,Điểm thi THPT,2022,19.0,Y học dự phòng
29666,DHY,y-hoc-du-phong,B00,Điểm thi THPT,2023,19.05,Y học dự phòng
29667,DHY,y-hoc-du-phong,B00,Điểm thi THPT,2024,19.0,Y học dự phòng
29668,DHY,y-hoc-du-phong,B08,Điểm thi THPT,2024,19.0,Y học dự phòng
29669,DHY,y-hoc-du-phong,B00,Điểm thi THPT,2025,17.0,Y học dự phòng
29670,DHY,y-hoc-du-phong,B08,Điểm thi THPT,2025,17.0,Y học dự phòng
29671,DHY,y-hoc-du-phong,D07,Điểm thi THPT,2025,17.0,Y học dự phòng
29672,DHY,y-khoa,B00,Điểm thi THPT,2021,27.25,Y khoa
29673,DHY,y-khoa,B00,Điểm thi THPT,2022,24.4,Y khoa
29674,DHY,y-khoa,B00,Điểm thi THPT,2023,24.5,Y khoa
29675,DHY,y-khoa,B00,Điểm thi THPT,2024,26.3,Y khoa
29676,DHY,y-khoa,B00,Điểm thi THPT,2025,25.17,Y khoa
29677,DHY,y-khoa,B08,Điểm thi THPT,2025,25.17,Y khoa
29678,DHY,y-khoa,D07,Điểm thi THPT,2025,25.17,Y khoa
29679,DHY,y-te-cong-cong,B00,Điểm thi THPT,2021,16.0,Y tế công cộng
29680,DHY,y-te-cong-cong,B00,Điểm thi THPT,2022,16.0,Y tế công cộng
29681,DHY,y-te-cong-cong,B00,Điểm thi THPT,2023,16.0,Y tế công cộng
29682,DHY,y-te-cong-cong,B08,Điểm thi THPT,2023,16.0,Y tế công cộng
29683,DHY,y-te-cong-cong,B00,Điểm thi THPT,2024,15.0,Y tế công cộng
29684,DHY,y-te-cong-cong,B08,Điểm thi THPT,2024,15.0,Y tế công cộng
29685,DHY,y-te-cong-cong,B00,Điểm thi THPT,2025,17.0,Y tế công cộng
29686,DHY,y-te-cong-cong,B08,Điểm thi THPT,2025,17.0,Y tế công cộng
29687,DHY,y-te-cong-cong,D07,Điểm thi THPT,2025,17.0,Y tế công cộng
29688,DKB,cong-nghe-ky-thuat-dien-dien-tu,A00,Điểm học bạ,2021,18.0,"Công nghệ kỹ thuật điện, điện tử"
29689,DKB,cong-nghe-ky-thuat-dien-dien-tu,A01,Điểm học bạ,2021,18.0,"Công nghệ kỹ thuật điện, điện tử"
29690,DKB,cong-nghe-ky-thuat-dien-dien-tu,C01,Điểm học bạ,2021,18.0,"Công nghệ kỹ thuật điện, điện tử"
29691,DKB,cong-nghe-ky-thuat-dien-dien-tu,D07,Điểm học bạ,2021,18.0,"Công nghệ kỹ thuật điện, điện tử"
29692,DKB,cong-nghe-ky-thuat-dien-dien-tu,A00,Điểm thi THPT,2021,14.0,"Công nghệ kỹ thuật điện, điện tử"
29693,DKB,cong-nghe-ky-thuat-dien-dien-tu,A01,Điểm thi THPT,2021,14.0,"Công nghệ kỹ thuật điện, điện tử"
29694,DKB,cong-nghe-ky-thuat-dien-dien-tu,C01,Điểm thi THPT,2021,14.0,"Công nghệ kỹ thuật điện, điện tử"
29695,DKB,cong-nghe-ky-thuat-dien-dien-tu,D07,Điểm thi THPT,2021,14.0,"Công nghệ kỹ thuật điện, điện tử"
29696,DKB,cong-nghe-ky-thuat-dien-dien-tu,A00,Điểm học bạ,2022,18.0,"Công nghệ kỹ thuật điện, điện tử"
29697,DKB,cong-nghe-ky-thuat-dien-dien-tu,A01,Điểm học bạ,2022,18.0,"Công nghệ kỹ thuật điện, điện tử"
29698,DKB,cong-nghe-ky-thuat-dien-dien-tu,C01,Điểm học bạ,2022,18.0,"Công nghệ kỹ thuật điện, điện tử"
29699,DKB,cong-nghe-ky-thuat-dien-dien-tu,D07,Điểm học bạ,2022,18.0,"Công nghệ kỹ thuật điện, điện tử"
29700,DKB,cong-nghe-ky-thuat-dien-dien-tu,A00,Điểm thi THPT,2022,14.0,"Công nghệ kỹ thuật điện, điện tử"
29701,DKB,cong-nghe-ky-thuat-dien-dien-tu,A01,Điểm thi THPT,2022,14.0,"Công nghệ kỹ thuật điện, điện tử"
29702,DKB,cong-nghe-ky-thuat-dien-dien-tu,C01,Điểm thi THPT,2022,14.0,"Công nghệ kỹ thuật điện, điện tử"
29703,DKB,cong-nghe-ky-thuat-dien-dien-tu,D07,Điểm thi THPT,2022,14.0,"Công nghệ kỹ thuật điện, điện tử"
29704,DKB,cong-nghe-ky-thuat-dien-dien-tu,A00,Điểm học bạ,2023,15.0,"Công nghệ kỹ thuật Điện, Điện tử"
29705,DKB,cong-nghe-ky-thuat-dien-dien-tu,A01,Điểm học bạ,2023,15.0,"Công nghệ kỹ thuật Điện, Điện tử"
29706,DKB,cong-nghe-ky-thuat-dien-dien-tu,C01,Điểm học bạ,2023,15.0,"Công nghệ kỹ thuật Điện, Điện tử"
29707,DKB,cong-nghe-ky-thuat-dien-dien-tu,D01,Điểm học bạ,2023,15.0,"Công nghệ kỹ thuật Điện, Điện tử"
29708,DKB,cong-nghe-ky-thuat-dien-dien-tu,A00,Điểm thi THPT,2023,14.0,"Công nghệ kỹ thuật Điện, Điện tử"
29709,DKB,cong-nghe-ky-thuat-dien-dien-tu,A01,Điểm thi THPT,2023,14.0,"Công nghệ kỹ thuật Điện, Điện tử"
29710,DKB,cong-nghe-ky-thuat-dien-dien-tu,C01,Điểm thi THPT,2023,14.0,"Công nghệ kỹ thuật Điện, Điện tử"
29711,DKB,cong-nghe-ky-thuat-dien-dien-tu,D01,Điểm thi THPT,2023,14.0,"Công nghệ kỹ thuật Điện, Điện tử"
29712,DKB,cong-nghe-ky-thuat-dien-dien-tu,A00,Điểm học bạ,2024,15.0,"Công nghệ kỹ thuật điện, điện tử"
29713,DKB,cong-nghe-ky-thuat-dien-dien-tu,A01,Điểm học bạ,2024,15.0,"Công nghệ kỹ thuật điện, điện tử"
29714,DKB,cong-nghe-ky-thuat-dien-dien-tu,C01,Điểm học bạ,2024,15.0,"Công nghệ kỹ thuật điện, điện tử"
29715,DKB,cong-nghe-ky-thuat-dien-dien-tu,D01,Điểm học bạ,2024,15.0,"Công nghệ kỹ thuật điện, điện tử"
29716,DKB,cong-nghe-ky-thuat-dien-dien-tu,A00,Điểm thi THPT,2024,14.0,"Công nghệ kỹ thuật điện, điện tử"
29717,DKB,cong-nghe-ky-thuat-dien-dien-tu,A01,Điểm thi THPT,2024,14.0,"Công nghệ kỹ thuật điện, điện tử"
29718,DKB,cong-nghe-ky-thuat-dien-dien-tu,C01,Điểm thi THPT,2024,14.0,"Công nghệ kỹ thuật điện, điện tử"
29719,DKB,cong-nghe-ky-thuat-dien-dien-tu,D01,Điểm thi THPT,2024,14.0,"Công nghệ kỹ thuật điện, điện tử"
29720,DKB,cong-nghe-ky-thuat-dien-dien-tu,A00,Điểm học bạ,2025,15.0,"Công nghệ kỹ thuật điện, điện tử"
29721,DKB,cong-nghe-ky-thuat-dien-dien-tu,A01,Điểm học bạ,2025,15.0,"Công nghệ kỹ thuật điện, điện tử"
29722,DKB,cong-nghe-ky-thuat-dien-dien-tu,C01,Điểm học bạ,2025,15.0,"Công nghệ kỹ thuật điện, điện tử"
29723,DKB,cong-nghe-ky-thuat-dien-dien-tu,D01,Điểm học bạ,2025,15.0,"Công nghệ kỹ thuật điện, điện tử"
29724,DKB,cong-nghe-ky-thuat-dien-dien-tu,X02,Điểm học bạ,2025,15.0,"Công nghệ kỹ thuật điện, điện tử"
29725,DKB,cong-nghe-ky-thuat-dien-dien-tu,X03,Điểm học bạ,2025,15.0,"Công nghệ kỹ thuật điện, điện tử"
29726,DKB,cong-nghe-ky-thuat-dien-dien-tu,X06,Điểm học bạ,2025,15.0,"Công nghệ kỹ thuật điện, điện tử"
29727,DKB,cong-nghe-ky-thuat-dien-dien-tu,X07,Điểm học bạ,2025,15.0,"Công nghệ kỹ thuật điện, điện tử"
29728,DKB,cong-nghe-ky-thuat-dien-dien-tu,X26,Điểm học bạ,2025,15.0,"Công nghệ kỹ thuật điện, điện tử"
29729,DKB,cong-nghe-ky-thuat-dien-dien-tu,A00,Điểm thi THPT,2025,14.0,"Công nghệ kỹ thuật điện, điện tử"
29730,DKB,cong-nghe-ky-thuat-dien-dien-tu,A01,Điểm thi THPT,2025,14.0,"Công nghệ kỹ thuật điện, điện tử"
29731,DKB,cong-nghe-ky-thuat-dien-dien-tu,C01,Điểm thi THPT,2025,14.0,"Công nghệ kỹ thuật điện, điện tử"
29732,DKB,cong-nghe-ky-thuat-dien-dien-tu,D01,Điểm thi THPT,2025,14.0,"Công nghệ kỹ thuật điện, điện tử"
29733,DKB,cong-nghe-ky-thuat-dien-dien-tu,X02,Điểm thi THPT,2025,14.0,"Công nghệ kỹ thuật điện, điện tử"
29734,DKB,cong-nghe-ky-thuat-dien-dien-tu,X03,Điểm thi THPT,2025,14.0,"Công nghệ kỹ thuật điện, điện tử"
29735,DKB,cong-nghe-ky-thuat-dien-dien-tu,X06,Điểm thi THPT,2025,14.0,"Công nghệ kỹ thuật điện, điện tử"
29736,DKB,cong-nghe-ky-thuat-dien-dien-tu,X07,Điểm thi THPT,2025,14.0,"Công nghệ kỹ thuật điện, điện tử"
29737,DKB,cong-nghe-ky-thuat-dien-dien-tu,X26,Điểm thi THPT,2025,14.0,"Công nghệ kỹ thuật điện, điện tử"
29738,DKB,cong-nghe-ky-thuat-o-to,A00,Điểm học bạ,2022,18.0,Công nghệ kỹ thuật ô tô
29739,DKB,cong-nghe-ky-thuat-o-to,A01,Điểm học bạ,2022,18.0,Công nghệ kỹ thuật ô tô
29740,DKB,cong-nghe-ky-thuat-o-to,C01,Điểm học bạ,2022,18.0,Công nghệ kỹ thuật ô tô
29741,DKB,cong-nghe-ky-thuat-o-to,D01,Điểm học bạ,2022,18.0,Công nghệ kỹ thuật ô tô
29742,DKB,cong-nghe-ky-thuat-o-to,A00,Điểm thi THPT,2022,14.0,Công nghệ kỹ thuật ô tô
29743,DKB,cong-nghe-ky-thuat-o-to,A01,Điểm thi THPT,2022,14.0,Công nghệ kỹ thuật ô tô
29744,DKB,cong-nghe-ky-thuat-o-to,C01,Điểm thi THPT,2022,14.0,Công nghệ kỹ thuật ô tô
29745,DKB,cong-nghe-ky-thuat-o-to,D01,Điểm thi THPT,2022,14.0,Công nghệ kỹ thuật ô tô
29746,DKB,cong-nghe-ky-thuat-o-to,A00,Điểm học bạ,2023,15.0,Công nghệ kỹ thuật ô tô
29747,DKB,cong-nghe-ky-thuat-o-to,A01,Điểm học bạ,2023,15.0,Công nghệ kỹ thuật ô tô
29748,DKB,cong-nghe-ky-thuat-o-to,C01,Điểm học bạ,2023,15.0,Công nghệ kỹ thuật ô tô
29749,DKB,cong-nghe-ky-thuat-o-to,D01,Điểm học bạ,2023,15.0,Công nghệ kỹ thuật ô tô
29750,DKB,cong-nghe-ky-thuat-o-to,A00,Điểm thi THPT,2023,14.0,Công nghệ kỹ thuật ô tô
29751,DKB,cong-nghe-ky-thuat-o-to,A01,Điểm thi THPT,2023,14.0,Công nghệ kỹ thuật ô tô
29752,DKB,cong-nghe-ky-thuat-o-to,C01,Điểm thi THPT,2023,14.0,Công nghệ kỹ thuật ô tô
29753,DKB,cong-nghe-ky-thuat-o-to,D01,Điểm thi THPT,2023,14.0,Công nghệ kỹ thuật ô tô
29754,DKB,cong-nghe-ky-thuat-o-to,A00,Điểm học bạ,2024,15.0,Công nghệ kỹ thuật ô tô
29755,DKB,cong-nghe-ky-thuat-o-to,A01,Điểm học bạ,2024,15.0,Công nghệ kỹ thuật ô tô
29756,DKB,cong-nghe-ky-thuat-o-to,C01,Điểm học bạ,2024,15.0,Công nghệ kỹ thuật ô tô
29757,DKB,cong-nghe-ky-thuat-o-to,D01,Điểm học bạ,2024,15.0,Công nghệ kỹ thuật ô tô
29758,DKB,cong-nghe-ky-thuat-o-to,A00,Điểm thi THPT,2024,14.0,Công nghệ kỹ thuật ô tô
29759,DKB,cong-nghe-ky-thuat-o-to,A01,Điểm thi THPT,2024,14.0,Công nghệ kỹ thuật ô tô
29760,DKB,cong-nghe-ky-thuat-o-to,C01,Điểm thi THPT,2024,14.0,Công nghệ kỹ thuật ô tô
29761,DKB,cong-nghe-ky-thuat-o-to,D01,Điểm thi THPT,2024,14.0,Công nghệ kỹ thuật ô tô
29762,DKB,cong-nghe-ky-thuat-o-to,A00,Điểm học bạ,2025,15.0,Công nghệ Kỹ thuật ô tô
29763,DKB,cong-nghe-ky-thuat-o-to,A01,Điểm học bạ,2025,15.0,Công nghệ Kỹ thuật ô tô
29764,DKB,cong-nghe-ky-thuat-o-to,C01,Điểm học bạ,2025,15.0,Công nghệ Kỹ thuật ô tô
29765,DKB,cong-nghe-ky-thuat-o-to,D01,Điểm học bạ,2025,15.0,Công nghệ Kỹ thuật ô tô
29766,DKB,cong-nghe-ky-thuat-o-to,X02,Điểm học bạ,2025,15.0,Công nghệ Kỹ thuật ô tô
29767,DKB,cong-nghe-ky-thuat-o-to,X03,Điểm học bạ,2025,15.0,Công nghệ Kỹ thuật ô tô
29768,DKB,cong-nghe-ky-thuat-o-to,X06,Điểm học bạ,2025,15.0,Công nghệ Kỹ thuật ô tô
29769,DKB,cong-nghe-ky-thuat-o-to,X07,Điểm học bạ,2025,15.0,Công nghệ Kỹ thuật ô tô
29770,DKB,cong-nghe-ky-thuat-o-to,X26,Điểm học bạ,2025,15.0,Công nghệ Kỹ thuật ô tô
29771,DKB,cong-nghe-ky-thuat-o-to,A00,Điểm thi THPT,2025,14.0,Công nghệ Kỹ thuật ô tô
29772,DKB,cong-nghe-ky-thuat-o-to,A01,Điểm thi THPT,2025,14.0,Công nghệ Kỹ thuật ô tô
29773,DKB,cong-nghe-ky-thuat-o-to,C01,Điểm thi THPT,2025,14.0,Công nghệ Kỹ thuật ô tô
29774,DKB,cong-nghe-ky-thuat-o-to,D01,Điểm thi THPT,2025,14.0,Công nghệ Kỹ thuật ô tô
29775,DKB,cong-nghe-ky-thuat-o-to,X02,Điểm thi THPT,2025,14.0,Công nghệ Kỹ thuật ô tô
29776,DKB,cong-nghe-ky-thuat-o-to,X03,Điểm thi THPT,2025,14.0,Công nghệ Kỹ thuật ô tô
29777,DKB,cong-nghe-ky-thuat-o-to,X06,Điểm thi THPT,2025,14.0,Công nghệ Kỹ thuật ô tô
29778,DKB,cong-nghe-ky-thuat-o-to,X07,Điểm thi THPT,2025,14.0,Công nghệ Kỹ thuật ô tô
29779,DKB,cong-nghe-ky-thuat-o-to,X26,Điểm thi THPT,2025,14.0,Công nghệ Kỹ thuật ô tô
29780,DKB,cong-nghe-ky-thuat-o-to-dien,A00,Điểm học bạ,2024,15.0,Công nghệ kỹ thuật ô tô điện
29781,DKB,cong-nghe-ky-thuat-o-to-dien,A01,Điểm học bạ,2024,15.0,Công nghệ kỹ thuật ô tô điện
29782,DKB,cong-nghe-ky-thuat-o-to-dien,C01,Điểm học bạ,2024,15.0,Công nghệ kỹ thuật ô tô điện
29783,DKB,cong-nghe-ky-thuat-o-to-dien,D01,Điểm học bạ,2024,15.0,Công nghệ kỹ thuật ô tô điện
29784,DKB,cong-nghe-ky-thuat-o-to-dien,A00,Điểm thi THPT,2024,14.0,Công nghệ kỹ thuật ô tô điện
29785,DKB,cong-nghe-ky-thuat-o-to-dien,A01,Điểm thi THPT,2024,14.0,Công nghệ kỹ thuật ô tô điện
29786,DKB,cong-nghe-ky-thuat-o-to-dien,C01,Điểm thi THPT,2024,14.0,Công nghệ kỹ thuật ô tô điện
29787,DKB,cong-nghe-ky-thuat-o-to-dien,D01,Điểm thi THPT,2024,14.0,Công nghệ kỹ thuật ô tô điện
29788,DKB,cong-nghe-thong-tin,A00,Điểm học bạ,2021,18.0,Công nghệ thông tin
29789,DKB,cong-nghe-thong-tin,A01,Điểm học bạ,2021,18.0,Công nghệ thông tin
29790,DKB,cong-nghe-thong-tin,C01,Điểm học bạ,2021,18.0,Công nghệ thông tin
29791,DKB,cong-nghe-thong-tin,D07,Điểm học bạ,2021,18.0,Công nghệ thông tin
29792,DKB,cong-nghe-thong-tin,A00,Điểm thi THPT,2021,14.0,Công nghệ thông tin
29793,DKB,cong-nghe-thong-tin,A01,Điểm thi THPT,2021,14.0,Công nghệ thông tin
29794,DKB,cong-nghe-thong-tin,C01,Điểm thi THPT,2021,14.0,Công nghệ thông tin
29795,DKB,cong-nghe-thong-tin,D07,Điểm thi THPT,2021,14.0,Công nghệ thông tin
29796,DKB,cong-nghe-thong-tin,A00,Điểm học bạ,2022,18.0,Công nghệ thông tin
29797,DKB,cong-nghe-thong-tin,A01,Điểm học bạ,2022,18.0,Công nghệ thông tin
29798,DKB,cong-nghe-thong-tin,C01,Điểm học bạ,2022,18.0,Công nghệ thông tin
29799,DKB,cong-nghe-thong-tin,D07,Điểm học bạ,2022,18.0,Công nghệ thông tin
29800,DKB,cong-nghe-thong-tin,A00,Điểm thi THPT,2022,14.0,Công nghệ thông tin
29801,DKB,cong-nghe-thong-tin,A01,Điểm thi THPT,2022,14.0,Công nghệ thông tin
29802,DKB,cong-nghe-thong-tin,C01,Điểm thi THPT,2022,14.0,Công nghệ thông tin
29803,DKB,cong-nghe-thong-tin,D07,Điểm thi THPT,2022,14.0,Công nghệ thông tin
29804,DKB,cong-nghe-thong-tin,A00,Điểm học bạ,2023,15.0,Công nghệ thông tin
29805,DKB,cong-nghe-thong-tin,A01,Điểm học bạ,2023,15.0,Công nghệ thông tin
29806,DKB,cong-nghe-thong-tin,D01,Điểm học bạ,2023,15.0,Công nghệ thông tin
29807,DKB,cong-nghe-thong-tin,D10,Điểm học bạ,2023,15.0,Công nghệ thông tin
29808,DKB,cong-nghe-thong-tin,A00,Điểm thi THPT,2023,14.0,Công nghệ thông tin
29809,DKB,cong-nghe-thong-tin,A01,Điểm thi THPT,2023,14.0,Công nghệ thông tin
29810,DKB,cong-nghe-thong-tin,D01,Điểm thi THPT,2023,14.0,Công nghệ thông tin
29811,DKB,cong-nghe-thong-tin,D10,Điểm thi THPT,2023,14.0,Công nghệ thông tin
29812,DKB,cong-nghe-thong-tin,A00,Điểm học bạ,2024,15.0,Công nghệ thông tin
29813,DKB,cong-nghe-thong-tin,A01,Điểm học bạ,2024,15.0,Công nghệ thông tin
29814,DKB,cong-nghe-thong-tin,D01,Điểm học bạ,2024,15.0,Công nghệ thông tin
29815,DKB,cong-nghe-thong-tin,D10,Điểm học bạ,2024,15.0,Công nghệ thông tin
29816,DKB,cong-nghe-thong-tin,A00,Điểm thi THPT,2024,14.0,Công nghệ thông tin
29817,DKB,cong-nghe-thong-tin,A01,Điểm thi THPT,2024,14.0,Công nghệ thông tin
29818,DKB,cong-nghe-thong-tin,D01,Điểm thi THPT,2024,14.0,Công nghệ thông tin
29819,DKB,cong-nghe-thong-tin,D10,Điểm thi THPT,2024,14.0,Công nghệ thông tin
29820,DKB,cong-nghe-thong-tin,A00,Điểm học bạ,2025,15.0,Công nghệ thông tin
29821,DKB,cong-nghe-thong-tin,A01,Điểm học bạ,2025,15.0,Công nghệ thông tin
29822,DKB,cong-nghe-thong-tin,C01,Điểm học bạ,2025,15.0,Công nghệ thông tin
29823,DKB,cong-nghe-thong-tin,D01,Điểm học bạ,2025,15.0,Công nghệ thông tin
29824,DKB,cong-nghe-thong-tin,X02,Điểm học bạ,2025,15.0,Công nghệ thông tin
29825,DKB,cong-nghe-thong-tin,X03,Điểm học bạ,2025,15.0,Công nghệ thông tin
29826,DKB,cong-nghe-thong-tin,X06,Điểm học bạ,2025,15.0,Công nghệ thông tin
29827,DKB,cong-nghe-thong-tin,X07,Điểm học bạ,2025,15.0,Công nghệ thông tin
29828,DKB,cong-nghe-thong-tin,X26,Điểm học bạ,2025,15.0,Công nghệ thông tin
29829,DKB,cong-nghe-thong-tin,X27,Điểm học bạ,2025,15.0,Công nghệ thông tin
29830,DKB,cong-nghe-thong-tin,X56,Điểm học bạ,2025,15.0,Công nghệ thông tin
29831,DKB,cong-nghe-thong-tin,A00,Điểm thi THPT,2025,14.0,Công nghệ thông tin
29832,DKB,cong-nghe-thong-tin,A01,Điểm thi THPT,2025,14.0,Công nghệ thông tin
29833,DKB,cong-nghe-thong-tin,C01,Điểm thi THPT,2025,14.0,Công nghệ thông tin
29834,DKB,cong-nghe-thong-tin,D01,Điểm thi THPT,2025,14.0,Công nghệ thông tin
29835,DKB,cong-nghe-thong-tin,X02,Điểm thi THPT,2025,14.0,Công nghệ thông tin
29836,DKB,cong-nghe-thong-tin,X03,Điểm thi THPT,2025,14.0,Công nghệ thông tin
29837,DKB,cong-nghe-thong-tin,X06,Điểm thi THPT,2025,14.0,Công nghệ thông tin
29838,DKB,cong-nghe-thong-tin,X07,Điểm thi THPT,2025,14.0,Công nghệ thông tin
29839,DKB,cong-nghe-thong-tin,X26,Điểm thi THPT,2025,14.0,Công nghệ thông tin
29840,DKB,cong-nghe-thong-tin,X27,Điểm thi THPT,2025,14.0,Công nghệ thông tin
29841,DKB,cong-nghe-thong-tin,X56,Điểm thi THPT,2025,14.0,Công nghệ thông tin
29842,DKB,duoc-hoc,A00,Điểm học bạ,2021,24.0,Dược học
29843,DKB,duoc-hoc,A02,Điểm học bạ,2021,24.0,Dược học
29844,DKB,duoc-hoc,B00,Điểm học bạ,2021,24.0,Dược học
29845,DKB,duoc-hoc,D07,Điểm học bạ,2021,24.0,Dược học
29846,DKB,duoc-hoc,A00,Điểm thi THPT,2021,21.0,Dược học
29847,DKB,duoc-hoc,A02,Điểm thi THPT,2021,21.0,Dược học
29848,DKB,duoc-hoc,B00,Điểm thi THPT,2021,21.0,Dược học
29849,DKB,duoc-hoc,D07,Điểm thi THPT,2021,21.0,Dược học
29850,DKB,duoc-hoc,A00,Điểm học bạ,2022,24.0,Dược học
29851,DKB,duoc-hoc,A02,Điểm học bạ,2022,24.0,Dược học
29852,DKB,duoc-hoc,B00,Điểm học bạ,2022,24.0,Dược học
29853,DKB,duoc-hoc,D07,Điểm học bạ,2022,24.0,Dược học
29854,DKB,duoc-hoc,A00,Điểm thi THPT,2022,21.0,Dược học
29855,DKB,duoc-hoc,A02,Điểm thi THPT,2022,21.0,Dược học
29856,DKB,duoc-hoc,B00,Điểm thi THPT,2022,21.0,Dược học
29857,DKB,duoc-hoc,D07,Điểm thi THPT,2022,21.0,Dược học
29858,DKB,duoc-hoc,A00,Điểm học bạ,2023,21.0,Dược học
29859,DKB,duoc-hoc,B00,Điểm học bạ,2023,21.0,Dược học
29860,DKB,duoc-hoc,D07,Điểm học bạ,2023,21.0,Dược học
29861,DKB,duoc-hoc,A00,Điểm thi THPT,2023,21.0,Dược học
29862,DKB,duoc-hoc,B00,Điểm thi THPT,2023,21.0,Dược học
29863,DKB,duoc-hoc,D07,Điểm thi THPT,2023,21.0,Dược học
29864,DKB,duoc-hoc,A00,Điểm học bạ,2024,22.0,Dược học
29865,DKB,duoc-hoc,B00,Điểm học bạ,2024,22.0,Dược học
29866,DKB,duoc-hoc,D07,Điểm học bạ,2024,22.0,Dược học
29867,DKB,duoc-hoc,A00,Điểm thi THPT,2024,21.0,Dược học
29868,DKB,duoc-hoc,B00,Điểm thi THPT,2024,21.0,Dược học
29869,DKB,duoc-hoc,D07,Điểm thi THPT,2024,21.0,Dược học
29870,DKB,duoc-hoc,A00,Điểm học bạ,2025,21.0,Dược học
29871,DKB,duoc-hoc,A11,Điểm học bạ,2025,21.0,Dược học
29872,DKB,duoc-hoc,B00,Điểm học bạ,2025,21.0,Dược học
29873,DKB,duoc-hoc,B03,Điểm học bạ,2025,21.0,Dược học
29874,DKB,duoc-hoc,C02,Điểm học bạ,2025,21.0,Dược học
29875,DKB,duoc-hoc,D01,Điểm học bạ,2025,21.0,Dược học
29876,DKB,duoc-hoc,D07,Điểm học bạ,2025,21.0,Dược học
29877,DKB,duoc-hoc,X10,Điểm học bạ,2025,21.0,Dược học
29878,DKB,duoc-hoc,X11,Điểm học bạ,2025,21.0,Dược học
29879,DKB,duoc-hoc,A00,Điểm thi THPT,2025,19.0,Dược học
29880,DKB,duoc-hoc,A11,Điểm thi THPT,2025,19.0,Dược học
29881,DKB,duoc-hoc,B00,Điểm thi THPT,2025,19.0,Dược học
29882,DKB,duoc-hoc,B03,Điểm thi THPT,2025,19.0,Dược học
29883,DKB,duoc-hoc,C02,Điểm thi THPT,2025,19.0,Dược học
29884,DKB,duoc-hoc,D01,Điểm thi THPT,2025,19.0,Dược học
29885,DKB,duoc-hoc,D07,Điểm thi THPT,2025,19.0,Dược học
29886,DKB,duoc-hoc,X10,Điểm thi THPT,2025,19.0,Dược học
29887,DKB,duoc-hoc,X11,Điểm thi THPT,2025,19.0,Dược học
29888,DKB,ke-toan,A00,Điểm học bạ,2021,18.0,Kế toán
29889,DKB,ke-toan,A01,Điểm học bạ,2021,18.0,Kế toán
29890,DKB,ke-toan,C03,Điểm học bạ,2021,18.0,Kế toán
29891,DKB,ke-toan,D01,Điểm học bạ,2021,18.0,Kế toán
29892,DKB,ke-toan,A00,Điểm thi THPT,2021,14.0,Kế toán
29893,DKB,ke-toan,A01,Điểm thi THPT,2021,14.0,Kế toán
29894,DKB,ke-toan,C03,Điểm thi THPT,2021,14.0,Kế toán
29895,DKB,ke-toan,D01,Điểm thi THPT,2021,14.0,Kế toán
29896,DKB,ke-toan,A00,Điểm học bạ,2022,18.0,Kế toán
29897,DKB,ke-toan,A01,Điểm học bạ,2022,18.0,Kế toán
29898,DKB,ke-toan,C03,Điểm học bạ,2022,18.0,Kế toán
29899,DKB,ke-toan,D01,Điểm học bạ,2022,18.0,Kế toán
29900,DKB,ke-toan,A00,Điểm thi THPT,2022,14.0,Kế toán
29901,DKB,ke-toan,A01,Điểm thi THPT,2022,14.0,Kế toán
29902,DKB,ke-toan,C03,Điểm thi THPT,2022,14.0,Kế toán
29903,DKB,ke-toan,D01,Điểm thi THPT,2022,14.0,Kế toán
29904,DKB,ke-toan,A00,Điểm học bạ,2023,15.0,Kế toán
29905,DKB,ke-toan,A01,Điểm học bạ,2023,15.0,Kế toán
29906,DKB,ke-toan,D01,Điểm học bạ,2023,15.0,Kế toán
29907,DKB,ke-toan,D10,Điểm học bạ,2023,15.0,Kế toán
29908,DKB,ke-toan,A00,Điểm thi THPT,2023,14.0,Kế toán
29909,DKB,ke-toan,A01,Điểm thi THPT,2023,14.0,Kế toán
29910,DKB,ke-toan,D01,Điểm thi THPT,2023,14.0,Kế toán
29911,DKB,ke-toan,D10,Điểm thi THPT,2023,14.0,Kế toán
29912,DKB,ke-toan,A00,Điểm học bạ,2024,15.0,Kế toán
29913,DKB,ke-toan,A01,Điểm học bạ,2024,15.0,Kế toán
29914,DKB,ke-toan,D01,Điểm học bạ,2024,15.0,Kế toán
29915,DKB,ke-toan,D10,Điểm học bạ,2024,15.0,Kế toán
29916,DKB,ke-toan,A00,Điểm thi THPT,2024,14.0,Kế toán
29917,DKB,ke-toan,A01,Điểm thi THPT,2024,14.0,Kế toán
29918,DKB,ke-toan,D01,Điểm thi THPT,2024,14.0,Kế toán
29919,DKB,ke-toan,D10,Điểm thi THPT,2024,14.0,Kế toán
29920,DKB,ke-toan,A00,Điểm học bạ,2025,15.0,Kế toán
29921,DKB,ke-toan,A01,Điểm học bạ,2025,15.0,Kế toán
29922,DKB,ke-toan,C01,Điểm học bạ,2025,15.0,Kế toán
29923,DKB,ke-toan,C14,Điểm học bạ,2025,15.0,Kế toán
29924,DKB,ke-toan,D01,Điểm học bạ,2025,15.0,Kế toán
29925,DKB,ke-toan,D07,Điểm học bạ,2025,15.0,Kế toán
29926,DKB,ke-toan,D10,Điểm học bạ,2025,15.0,Kế toán
29927,DKB,ke-toan,D84,Điểm học bạ,2025,15.0,Kế toán
29928,DKB,ke-toan,X03,Điểm học bạ,2025,15.0,Kế toán
29929,DKB,ke-toan,X26,Điểm học bạ,2025,15.0,Kế toán
29930,DKB,ke-toan,Y08,Điểm học bạ,2025,15.0,Kế toán
29931,DKB,ke-toan,A00,Điểm thi THPT,2025,14.0,Kế toán
29932,DKB,ke-toan,A01,Điểm thi THPT,2025,14.0,Kế toán
29933,DKB,ke-toan,C01,Điểm thi THPT,2025,14.0,Kế toán
29934,DKB,ke-toan,C14,Điểm thi THPT,2025,14.0,Kế toán
29935,DKB,ke-toan,D01,Điểm thi THPT,2025,14.0,Kế toán
29936,DKB,ke-toan,D07,Điểm thi THPT,2025,14.0,Kế toán
29937,DKB,ke-toan,D10,Điểm thi THPT,2025,14.0,Kế toán
29938,DKB,ke-toan,D84,Điểm thi THPT,2025,14.0,Kế toán
29939,DKB,ke-toan,X03,Điểm thi THPT,2025,14.0,Kế toán
29940,DKB,ke-toan,X26,Điểm thi THPT,2025,14.0,Kế toán
29941,DKB,ke-toan,Y08,Điểm thi THPT,2025,14.0,Kế toán
29942,DKB,ky-thuat-phan-mem,A00,Điểm học bạ,2023,15.0,Kỹ thuật phần mềm
29943,DKB,ky-thuat-phan-mem,A01,Điểm học bạ,2023,15.0,Kỹ thuật phần mềm
29944,DKB,ky-thuat-phan-mem,D01,Điểm học bạ,2023,15.0,Kỹ thuật phần mềm
29945,DKB,ky-thuat-phan-mem,D10,Điểm học bạ,2023,15.0,Kỹ thuật phần mềm
29946,DKB,ky-thuat-phan-mem,A00,Điểm thi THPT,2023,14.0,Kỹ thuật phần mềm
29947,DKB,ky-thuat-phan-mem,A01,Điểm thi THPT,2023,14.0,Kỹ thuật phần mềm
29948,DKB,ky-thuat-phan-mem,D01,Điểm thi THPT,2023,14.0,Kỹ thuật phần mềm
29949,DKB,ky-thuat-phan-mem,D10,Điểm thi THPT,2023,14.0,Kỹ thuật phần mềm
29950,DKB,ky-thuat-phan-mem,A00,Điểm học bạ,2024,15.0,Kỹ thuật phần mềm
29951,DKB,ky-thuat-phan-mem,A01,Điểm học bạ,2024,15.0,Kỹ thuật phần mềm
29952,DKB,ky-thuat-phan-mem,D01,Điểm học bạ,2024,15.0,Kỹ thuật phần mềm
29953,DKB,ky-thuat-phan-mem,D10,Điểm học bạ,2024,15.0,Kỹ thuật phần mềm
29954,DKB,ky-thuat-phan-mem,A00,Điểm thi THPT,2024,14.0,Kỹ thuật phần mềm
29955,DKB,ky-thuat-phan-mem,A01,Điểm thi THPT,2024,14.0,Kỹ thuật phần mềm
29956,DKB,ky-thuat-phan-mem,D01,Điểm thi THPT,2024,14.0,Kỹ thuật phần mềm
29957,DKB,ky-thuat-phan-mem,D10,Điểm thi THPT,2024,14.0,Kỹ thuật phần mềm
29958,DKB,ky-thuat-phan-mem,A00,Điểm học bạ,2025,15.0,Kỹ thuật phần mềm
29959,DKB,ky-thuat-phan-mem,A01,Điểm học bạ,2025,15.0,Kỹ thuật phần mềm
29960,DKB,ky-thuat-phan-mem,C01,Điểm học bạ,2025,15.0,Kỹ thuật phần mềm
29961,DKB,ky-thuat-phan-mem,D01,Điểm học bạ,2025,15.0,Kỹ thuật phần mềm
29962,DKB,ky-thuat-phan-mem,X02,Điểm học bạ,2025,15.0,Kỹ thuật phần mềm
29963,DKB,ky-thuat-phan-mem,X03,Điểm học bạ,2025,15.0,Kỹ thuật phần mềm
29964,DKB,ky-thuat-phan-mem,X06,Điểm học bạ,2025,15.0,Kỹ thuật phần mềm
29965,DKB,ky-thuat-phan-mem,X07,Điểm học bạ,2025,15.0,Kỹ thuật phần mềm
29966,DKB,ky-thuat-phan-mem,X26,Điểm học bạ,2025,15.0,Kỹ thuật phần mềm
29967,DKB,ky-thuat-phan-mem,X27,Điểm học bạ,2025,15.0,Kỹ thuật phần mềm
29968,DKB,ky-thuat-phan-mem,X56,Điểm học bạ,2025,15.0,Kỹ thuật phần mềm
29969,DKB,ky-thuat-phan-mem,A00,Điểm thi THPT,2025,14.0,Kỹ thuật phần mềm
29970,DKB,ky-thuat-phan-mem,A01,Điểm thi THPT,2025,14.0,Kỹ thuật phần mềm
29971,DKB,ky-thuat-phan-mem,C01,Điểm thi THPT,2025,14.0,Kỹ thuật phần mềm
29972,DKB,ky-thuat-phan-mem,D01,Điểm thi THPT,2025,14.0,Kỹ thuật phần mềm
29973,DKB,ky-thuat-phan-mem,X02,Điểm thi THPT,2025,14.0,Kỹ thuật phần mềm
29974,DKB,ky-thuat-phan-mem,X03,Điểm thi THPT,2025,14.0,Kỹ thuật phần mềm
29975,DKB,ky-thuat-phan-mem,X06,Điểm thi THPT,2025,14.0,Kỹ thuật phần mềm
29976,DKB,ky-thuat-phan-mem,X07,Điểm thi THPT,2025,14.0,Kỹ thuật phần mềm
29977,DKB,ky-thuat-phan-mem,X26,Điểm thi THPT,2025,14.0,Kỹ thuật phần mềm
29978,DKB,ky-thuat-phan-mem,X27,Điểm thi THPT,2025,14.0,Kỹ thuật phần mềm
29979,DKB,ky-thuat-phan-mem,X56,Điểm thi THPT,2025,14.0,Kỹ thuật phần mềm
29980,DKB,ky-thuat-xay-dung-cong-trinh-giao-thong,A00,Điểm học bạ,2021,18.0,Kỹ thuật xây dựng công trình giao thông
29981,DKB,ky-thuat-xay-dung-cong-trinh-giao-thong,A01,Điểm học bạ,2021,18.0,Kỹ thuật xây dựng công trình giao thông
29982,DKB,ky-thuat-xay-dung-cong-trinh-giao-thong,C01,Điểm học bạ,2021,18.0,Kỹ thuật xây dựng công trình giao thông
29983,DKB,ky-thuat-xay-dung-cong-trinh-giao-thong,D07,Điểm học bạ,2021,18.0,Kỹ thuật xây dựng công trình giao thông
29984,DKB,ky-thuat-xay-dung-cong-trinh-giao-thong,A00,Điểm thi THPT,2021,14.0,Kỹ thuật xây dựng công trình giao thông
29985,DKB,ky-thuat-xay-dung-cong-trinh-giao-thong,A01,Điểm thi THPT,2021,14.0,Kỹ thuật xây dựng công trình giao thông
29986,DKB,ky-thuat-xay-dung-cong-trinh-giao-thong,C01,Điểm thi THPT,2021,14.0,Kỹ thuật xây dựng công trình giao thông
29987,DKB,ky-thuat-xay-dung-cong-trinh-giao-thong,D07,Điểm thi THPT,2021,14.0,Kỹ thuật xây dựng công trình giao thông
29988,DKB,logistic-va-quan-ly-chuoi-cung-ung,A00,Điểm học bạ,2022,18.0,Logistic và quản lý chuỗi cung ứng
29989,DKB,logistic-va-quan-ly-chuoi-cung-ung,A01,Điểm học bạ,2022,18.0,Logistic và quản lý chuỗi cung ứng
29990,DKB,logistic-va-quan-ly-chuoi-cung-ung,C01,Điểm học bạ,2022,18.0,Logistic và quản lý chuỗi cung ứng
29991,DKB,logistic-va-quan-ly-chuoi-cung-ung,D01,Điểm học bạ,2022,18.0,Logistic và quản lý chuỗi cung ứng
29992,DKB,logistic-va-quan-ly-chuoi-cung-ung,A00,Điểm thi THPT,2022,14.0,Logistic và quản lý chuỗi cung ứng
29993,DKB,logistic-va-quan-ly-chuoi-cung-ung,A01,Điểm thi THPT,2022,14.0,Logistic và quản lý chuỗi cung ứng
29994,DKB,logistic-va-quan-ly-chuoi-cung-ung,C01,Điểm thi THPT,2022,14.0,Logistic và quản lý chuỗi cung ứng
29995,DKB,logistic-va-quan-ly-chuoi-cung-ung,D01,Điểm thi THPT,2022,14.0,Logistic và quản lý chuỗi cung ứng
29996,DKB,logistics-va-quan-ly-chuoi-cung-ung,A00,Điểm học bạ,2023,15.0,Logistics và quản lý chuỗi cung ứng
29997,DKB,logistics-va-quan-ly-chuoi-cung-ung,A01,Điểm học bạ,2023,15.0,Logistics và quản lý chuỗi cung ứng
29998,DKB,logistics-va-quan-ly-chuoi-cung-ung,C01,Điểm học bạ,2023,15.0,Logistics và quản lý chuỗi cung ứng
29999,DKB,logistics-va-quan-ly-chuoi-cung-ung,D01,Điểm học bạ,2023,15.0,Logistics và quản lý chuỗi cung ứng
30000,DKB,logistics-va-quan-ly-chuoi-cung-ung,A00,Điểm thi THPT,2023,14.0,Logistics và quản lý chuỗi cung ứng
30001,DKB,logistics-va-quan-ly-chuoi-cung-ung,A01,Điểm thi THPT,2023,14.0,Logistics và quản lý chuỗi cung ứng
30002,DKB,logistics-va-quan-ly-chuoi-cung-ung,C01,Điểm thi THPT,2023,14.0,Logistics và quản lý chuỗi cung ứng
30003,DKB,logistics-va-quan-ly-chuoi-cung-ung,D01,Điểm thi THPT,2023,14.0,Logistics và quản lý chuỗi cung ứng
30004,DKB,logistics-va-quan-ly-chuoi-cung-ung,A00,Điểm học bạ,2025,15.0,Logistics và quản lý chuỗi cung ứng
30005,DKB,logistics-va-quan-ly-chuoi-cung-ung,A01,Điểm học bạ,2025,15.0,Logistics và quản lý chuỗi cung ứng
30006,DKB,logistics-va-quan-ly-chuoi-cung-ung,C01,Điểm học bạ,2025,15.0,Logistics và quản lý chuỗi cung ứng
30007,DKB,logistics-va-quan-ly-chuoi-cung-ung,C03,Điểm học bạ,2025,15.0,Logistics và quản lý chuỗi cung ứng
30008,DKB,logistics-va-quan-ly-chuoi-cung-ung,C14,Điểm học bạ,2025,15.0,Logistics và quản lý chuỗi cung ứng
30009,DKB,logistics-va-quan-ly-chuoi-cung-ung,D01,Điểm học bạ,2025,15.0,Logistics và quản lý chuỗi cung ứng
30010,DKB,logistics-va-quan-ly-chuoi-cung-ung,X02,Điểm học bạ,2025,15.0,Logistics và quản lý chuỗi cung ứng
30011,DKB,logistics-va-quan-ly-chuoi-cung-ung,X03,Điểm học bạ,2025,15.0,Logistics và quản lý chuỗi cung ứng
30012,DKB,logistics-va-quan-ly-chuoi-cung-ung,X06,Điểm học bạ,2025,15.0,Logistics và quản lý chuỗi cung ứng
30013,DKB,logistics-va-quan-ly-chuoi-cung-ung,X07,Điểm học bạ,2025,15.0,Logistics và quản lý chuỗi cung ứng
30014,DKB,logistics-va-quan-ly-chuoi-cung-ung,X26,Điểm học bạ,2025,15.0,Logistics và quản lý chuỗi cung ứng
30015,DKB,logistics-va-quan-ly-chuoi-cung-ung,X27,Điểm học bạ,2025,15.0,Logistics và quản lý chuỗi cung ứng
30016,DKB,logistics-va-quan-ly-chuoi-cung-ung,X56,Điểm học bạ,2025,15.0,Logistics và quản lý chuỗi cung ứng
30017,DKB,logistics-va-quan-ly-chuoi-cung-ung,A00,Điểm thi THPT,2025,14.0,Logistics và quản lý chuỗi cung ứng
30018,DKB,logistics-va-quan-ly-chuoi-cung-ung,A01,Điểm thi THPT,2025,14.0,Logistics và quản lý chuỗi cung ứng
30019,DKB,logistics-va-quan-ly-chuoi-cung-ung,C01,Điểm thi THPT,2025,14.0,Logistics và quản lý chuỗi cung ứng
30020,DKB,logistics-va-quan-ly-chuoi-cung-ung,C03,Điểm thi THPT,2025,14.0,Logistics và quản lý chuỗi cung ứng
30021,DKB,logistics-va-quan-ly-chuoi-cung-ung,C14,Điểm thi THPT,2025,14.0,Logistics và quản lý chuỗi cung ứng
30022,DKB,logistics-va-quan-ly-chuoi-cung-ung,D01,Điểm thi THPT,2025,14.0,Logistics và quản lý chuỗi cung ứng
30023,DKB,logistics-va-quan-ly-chuoi-cung-ung,X02,Điểm thi THPT,2025,14.0,Logistics và quản lý chuỗi cung ứng
30024,DKB,logistics-va-quan-ly-chuoi-cung-ung,X03,Điểm thi THPT,2025,14.0,Logistics và quản lý chuỗi cung ứng
30025,DKB,logistics-va-quan-ly-chuoi-cung-ung,X06,Điểm thi THPT,2025,14.0,Logistics và quản lý chuỗi cung ứng
30026,DKB,logistics-va-quan-ly-chuoi-cung-ung,X07,Điểm thi THPT,2025,14.0,Logistics và quản lý chuỗi cung ứng
30027,DKB,logistics-va-quan-ly-chuoi-cung-ung,X26,Điểm thi THPT,2025,14.0,Logistics và quản lý chuỗi cung ứng
30028,DKB,logistics-va-quan-ly-chuoi-cung-ung,X27,Điểm thi THPT,2025,14.0,Logistics và quản lý chuỗi cung ứng
30029,DKB,logistics-va-quan-ly-chuoi-cung-ung,X56,Điểm thi THPT,2025,14.0,Logistics và quản lý chuỗi cung ứng
30030,DKB,luat,A00,Điểm học bạ,2023,15.0,Luật
30031,DKB,luat,A01,Điểm học bạ,2023,15.0,Luật
30032,DKB,luat,C00,Điểm học bạ,2023,15.0,Luật
30033,DKB,luat,D01,Điểm học bạ,2023,15.0,Luật
30034,DKB,luat,A00,Điểm thi THPT,2023,14.0,Luật
30035,DKB,luat,A01,Điểm thi THPT,2023,14.0,Luật
30036,DKB,luat,C00,Điểm thi THPT,2023,14.0,Luật
30037,DKB,luat,D01,Điểm thi THPT,2023,14.0,Luật
30038,DKB,luat,A00,Điểm học bạ,2024,15.0,Luật
30039,DKB,luat,A01,Điểm học bạ,2024,15.0,Luật
30040,DKB,luat,C01,Điểm học bạ,2024,15.0,Luật
30041,DKB,luat,D01,Điểm học bạ,2024,15.0,Luật
30042,DKB,luat,A00,Điểm thi THPT,2024,14.0,Luật
30043,DKB,luat,A01,Điểm thi THPT,2024,14.0,Luật
30044,DKB,luat,C01,Điểm thi THPT,2024,14.0,Luật
30045,DKB,luat,D01,Điểm thi THPT,2024,14.0,Luật
30046,DKB,luat,A03,Điểm học bạ,2025,15.0,Luật
30047,DKB,luat,C00,Điểm học bạ,2025,15.0,Luật
30048,DKB,luat,C03,Điểm học bạ,2025,15.0,Luật
30049,DKB,luat,C07,Điểm học bạ,2025,15.0,Luật
30050,DKB,luat,C14,Điểm học bạ,2025,15.0,Luật
30051,DKB,luat,D01,Điểm học bạ,2025,15.0,Luật
30052,DKB,luat,D09,Điểm học bạ,2025,15.0,Luật
30053,DKB,luat,D10,Điểm học bạ,2025,15.0,Luật
30054,DKB,luat,D14,Điểm học bạ,2025,15.0,Luật
30055,DKB,luat,D15,Điểm học bạ,2025,15.0,Luật
30056,DKB,luat,D84,Điểm học bạ,2025,15.0,Luật
30057,DKB,luat,A03,Điểm thi THPT,2025,14.0,Luật
30058,DKB,luat,C00,Điểm thi THPT,2025,14.0,Luật
30059,DKB,luat,C03,Điểm thi THPT,2025,14.0,Luật
30060,DKB,luat,C07,Điểm thi THPT,2025,14.0,Luật
30061,DKB,luat,C14,Điểm thi THPT,2025,14.0,Luật
30062,DKB,luat,D01,Điểm thi THPT,2025,14.0,Luật
30063,DKB,luat,D09,Điểm thi THPT,2025,14.0,Luật
30064,DKB,luat,D10,Điểm thi THPT,2025,14.0,Luật
30065,DKB,luat,D14,Điểm thi THPT,2025,14.0,Luật
30066,DKB,luat,D15,Điểm thi THPT,2025,14.0,Luật
30067,DKB,luat,D84,Điểm thi THPT,2025,14.0,Luật
30068,DKB,luat-kinh-te,A03,Điểm học bạ,2025,15.0,Luật kinh tế
30069,DKB,luat-kinh-te,C00,Điểm học bạ,2025,15.0,Luật kinh tế
30070,DKB,luat-kinh-te,C03,Điểm học bạ,2025,15.0,Luật kinh tế
30071,DKB,luat-kinh-te,C07,Điểm học bạ,2025,15.0,Luật kinh tế
30072,DKB,luat-kinh-te,C14,Điểm học bạ,2025,15.0,Luật kinh tế
30073,DKB,luat-kinh-te,D01,Điểm học bạ,2025,15.0,Luật kinh tế
30074,DKB,luat-kinh-te,D09,Điểm học bạ,2025,15.0,Luật kinh tế
30075,DKB,luat-kinh-te,D10,Điểm học bạ,2025,15.0,Luật kinh tế
30076,DKB,luat-kinh-te,D14,Điểm học bạ,2025,15.0,Luật kinh tế
30077,DKB,luat-kinh-te,D15,Điểm học bạ,2025,15.0,Luật kinh tế
30078,DKB,luat-kinh-te,D84,Điểm học bạ,2025,15.0,Luật kinh tế
30079,DKB,luat-kinh-te,A03,Điểm thi THPT,2025,14.0,Luật kinh tế
30080,DKB,luat-kinh-te,C00,Điểm thi THPT,2025,14.0,Luật kinh tế
30081,DKB,luat-kinh-te,C03,Điểm thi THPT,2025,14.0,Luật kinh tế
30082,DKB,luat-kinh-te,C07,Điểm thi THPT,2025,14.0,Luật kinh tế
30083,DKB,luat-kinh-te,C14,Điểm thi THPT,2025,14.0,Luật kinh tế
30084,DKB,luat-kinh-te,D01,Điểm thi THPT,2025,14.0,Luật kinh tế
30085,DKB,luat-kinh-te,D09,Điểm thi THPT,2025,14.0,Luật kinh tế
30086,DKB,luat-kinh-te,D10,Điểm thi THPT,2025,14.0,Luật kinh tế
30087,DKB,luat-kinh-te,D14,Điểm thi THPT,2025,14.0,Luật kinh tế
30088,DKB,luat-kinh-te,D15,Điểm thi THPT,2025,14.0,Luật kinh tế
30089,DKB,luat-kinh-te,D84,Điểm thi THPT,2025,14.0,Luật kinh tế
30090,DKB,marketing,A00,Điểm học bạ,2021,18.0,Marketing
30091,DKB,marketing,A01,Điểm học bạ,2021,18.0,Marketing
30092,DKB,marketing,C03,Điểm học bạ,2021,18.0,Marketing
30093,DKB,marketing,D01,Điểm học bạ,2021,18.0,Marketing
30094,DKB,marketing,A00,Điểm thi THPT,2021,14.0,Marketing
30095,DKB,marketing,A01,Điểm thi THPT,2021,14.0,Marketing
30096,DKB,marketing,C03,Điểm thi THPT,2021,14.0,Marketing
30097,DKB,marketing,D01,Điểm thi THPT,2021,14.0,Marketing
30098,DKB,marketing,A00,Điểm học bạ,2022,18.0,Marketing
30099,DKB,marketing,A01,Điểm học bạ,2022,18.0,Marketing
30100,DKB,marketing,C03,Điểm học bạ,2022,18.0,Marketing
30101,DKB,marketing,D01,Điểm học bạ,2022,18.0,Marketing
30102,DKB,marketing,A00,Điểm thi THPT,2022,14.0,Marketing
30103,DKB,marketing,A01,Điểm thi THPT,2022,14.0,Marketing
30104,DKB,marketing,C03,Điểm thi THPT,2022,14.0,Marketing
30105,DKB,marketing,D01,Điểm thi THPT,2022,14.0,Marketing
30106,DKB,marketing,A00,Điểm học bạ,2023,15.0,Marketing
30107,DKB,marketing,A01,Điểm học bạ,2023,15.0,Marketing
30108,DKB,marketing,C01,Điểm học bạ,2023,15.0,Marketing
30109,DKB,marketing,D01,Điểm học bạ,2023,15.0,Marketing
30110,DKB,marketing,A00,Điểm thi THPT,2023,14.0,Marketing
30111,DKB,marketing,A01,Điểm thi THPT,2023,14.0,Marketing
30112,DKB,marketing,C01,Điểm thi THPT,2023,14.0,Marketing
30113,DKB,marketing,D01,Điểm thi THPT,2023,14.0,Marketing
30114,DKB,marketing,A00,Điểm học bạ,2024,15.0,Marketing
30115,DKB,marketing,A01,Điểm học bạ,2024,15.0,Marketing
30116,DKB,marketing,C01,Điểm học bạ,2024,15.0,Marketing
30117,DKB,marketing,D01,Điểm học bạ,2024,15.0,Marketing
30118,DKB,marketing,A00,Điểm thi THPT,2024,14.0,Marketing
30119,DKB,marketing,A01,Điểm thi THPT,2024,14.0,Marketing
30120,DKB,marketing,C01,Điểm thi THPT,2024,14.0,Marketing
30121,DKB,marketing,D01,Điểm thi THPT,2024,14.0,Marketing
30122,DKB,marketing,A00,Điểm học bạ,2025,15.0,Marketing
30123,DKB,marketing,A01,Điểm học bạ,2025,15.0,Marketing
30124,DKB,marketing,C01,Điểm học bạ,2025,15.0,Marketing
30125,DKB,marketing,C14,Điểm học bạ,2025,15.0,Marketing
30126,DKB,marketing,D01,Điểm học bạ,2025,15.0,Marketing
30127,DKB,marketing,D07,Điểm học bạ,2025,15.0,Marketing
30128,DKB,marketing,D10,Điểm học bạ,2025,15.0,Marketing
30129,DKB,marketing,D84,Điểm học bạ,2025,15.0,Marketing
30130,DKB,marketing,X03,Điểm học bạ,2025,15.0,Marketing
30131,DKB,marketing,X26,Điểm học bạ,2025,15.0,Marketing
30132,DKB,marketing,Y08,Điểm học bạ,2025,15.0,Marketing
30133,DKB,marketing,A00,Điểm thi THPT,2025,14.0,Marketing
30134,DKB,marketing,A01,Điểm thi THPT,2025,14.0,Marketing
30135,DKB,marketing,C01,Điểm thi THPT,2025,14.0,Marketing
30136,DKB,marketing,C14,Điểm thi THPT,2025,14.0,Marketing
30137,DKB,marketing,D01,Điểm thi THPT,2025,14.0,Marketing
30138,DKB,marketing,D07,Điểm thi THPT,2025,14.0,Marketing
30139,DKB,marketing,D10,Điểm thi THPT,2025,14.0,Marketing
30140,DKB,marketing,D84,Điểm thi THPT,2025,14.0,Marketing
30141,DKB,marketing,X03,Điểm thi THPT,2025,14.0,Marketing
30142,DKB,marketing,X26,Điểm thi THPT,2025,14.0,Marketing
30143,DKB,marketing,Y08,Điểm thi THPT,2025,14.0,Marketing
30144,DKB,ngon-ngu-anh,D01,Điểm học bạ,2022,18.0,Ngôn ngữ Anh
30145,DKB,ngon-ngu-anh,D08,Điểm học bạ,2022,18.0,Ngôn ngữ Anh
30146,DKB,ngon-ngu-anh,D10,Điểm học bạ,2022,18.0,Ngôn ngữ Anh
30147,DKB,ngon-ngu-anh,D15,Điểm học bạ,2022,18.0,Ngôn ngữ Anh
30148,DKB,ngon-ngu-anh,D01,Điểm thi THPT,2022,14.0,Ngôn ngữ Anh
30149,DKB,ngon-ngu-anh,D08,Điểm thi THPT,2022,14.0,Ngôn ngữ Anh
30150,DKB,ngon-ngu-anh,D10,Điểm thi THPT,2022,14.0,Ngôn ngữ Anh
30151,DKB,ngon-ngu-anh,D15,Điểm thi THPT,2022,14.0,Ngôn ngữ Anh
30152,DKB,ngon-ngu-anh,C00,Điểm học bạ,2023,15.0,Ngôn ngữ Anh
30153,DKB,ngon-ngu-anh,D01,Điểm học bạ,2023,15.0,Ngôn ngữ Anh
30154,DKB,ngon-ngu-anh,D08,Điểm học bạ,2023,15.0,Ngôn ngữ Anh
30155,DKB,ngon-ngu-anh,D10,Điểm học bạ,2023,15.0,Ngôn ngữ Anh
30156,DKB,ngon-ngu-anh,C00,Điểm thi THPT,2023,14.0,Ngôn ngữ Anh
30157,DKB,ngon-ngu-anh,D01,Điểm thi THPT,2023,14.0,Ngôn ngữ Anh
30158,DKB,ngon-ngu-anh,D08,Điểm thi THPT,2023,14.0,Ngôn ngữ Anh
30159,DKB,ngon-ngu-anh,D10,Điểm thi THPT,2023,14.0,Ngôn ngữ Anh
30160,DKB,ngon-ngu-anh,C00,Điểm học bạ,2024,15.0,Ngôn ngữ Anh
30161,DKB,ngon-ngu-anh,D01,Điểm học bạ,2024,15.0,Ngôn ngữ Anh
30162,DKB,ngon-ngu-anh,D08,Điểm học bạ,2024,15.0,Ngôn ngữ Anh
30163,DKB,ngon-ngu-anh,D10,Điểm học bạ,2024,15.0,Ngôn ngữ Anh
30164,DKB,ngon-ngu-anh,C00,Điểm thi THPT,2024,14.0,Ngôn ngữ Anh
30165,DKB,ngon-ngu-anh,D01,Điểm thi THPT,2024,14.0,Ngôn ngữ Anh
30166,DKB,ngon-ngu-anh,D08,Điểm thi THPT,2024,14.0,Ngôn ngữ Anh
30167,DKB,ngon-ngu-anh,D10,Điểm thi THPT,2024,14.0,Ngôn ngữ Anh
30168,DKB,ngon-ngu-anh,C00,Điểm học bạ,2025,15.0,Ngôn ngữ Anh
30169,DKB,ngon-ngu-anh,C03,Điểm học bạ,2025,15.0,Ngôn ngữ Anh
30170,DKB,ngon-ngu-anh,C04,Điểm học bạ,2025,15.0,Ngôn ngữ Anh
30171,DKB,ngon-ngu-anh,D01,Điểm học bạ,2025,15.0,Ngôn ngữ Anh
30172,DKB,ngon-ngu-anh,D10,Điểm học bạ,2025,15.0,Ngôn ngữ Anh
30173,DKB,ngon-ngu-anh,D14,Điểm học bạ,2025,15.0,Ngôn ngữ Anh
30174,DKB,ngon-ngu-anh,D15,Điểm học bạ,2025,15.0,Ngôn ngữ Anh
30175,DKB,ngon-ngu-anh,D66,Điểm học bạ,2025,15.0,Ngôn ngữ Anh
30176,DKB,ngon-ngu-anh,X79,Điểm học bạ,2025,15.0,Ngôn ngữ Anh
30177,DKB,ngon-ngu-anh,C00,Điểm thi THPT,2025,14.0,Ngôn ngữ Anh
30178,DKB,ngon-ngu-anh,C03,Điểm thi THPT,2025,14.0,Ngôn ngữ Anh
30179,DKB,ngon-ngu-anh,C04,Điểm thi THPT,2025,14.0,Ngôn ngữ Anh
30180,DKB,ngon-ngu-anh,D01,Điểm thi THPT,2025,14.0,Ngôn ngữ Anh
30181,DKB,ngon-ngu-anh,D10,Điểm thi THPT,2025,14.0,Ngôn ngữ Anh
30182,DKB,ngon-ngu-anh,D14,Điểm thi THPT,2025,14.0,Ngôn ngữ Anh
30183,DKB,ngon-ngu-anh,D15,Điểm thi THPT,2025,14.0,Ngôn ngữ Anh
30184,DKB,ngon-ngu-anh,D66,Điểm thi THPT,2025,14.0,Ngôn ngữ Anh
30185,DKB,ngon-ngu-anh,X79,Điểm thi THPT,2025,14.0,Ngôn ngữ Anh
30186,DKB,ngon-ngu-han,C00,Điểm học bạ,2023,15.0,Ngôn ngữ Hàn
30187,DKB,ngon-ngu-han,D01,Điểm học bạ,2023,15.0,Ngôn ngữ Hàn
30188,DKB,ngon-ngu-han,D10,Điểm học bạ,2023,15.0,Ngôn ngữ Hàn
30189,DKB,ngon-ngu-han,D66,Điểm học bạ,2023,15.0,Ngôn ngữ Hàn
30190,DKB,ngon-ngu-han,C00,Điểm thi THPT,2023,14.0,Ngôn ngữ Hàn
30191,DKB,ngon-ngu-han,D01,Điểm thi THPT,2023,14.0,Ngôn ngữ Hàn
30192,DKB,ngon-ngu-han,D10,Điểm thi THPT,2023,14.0,Ngôn ngữ Hàn
30193,DKB,ngon-ngu-han,D66,Điểm thi THPT,2023,14.0,Ngôn ngữ Hàn
30194,DKB,ngon-ngu-han-quoc,A01,Điểm học bạ,2022,18.0,Ngôn ngữ Hàn Quốc
30195,DKB,ngon-ngu-han-quoc,C00,Điểm học bạ,2022,18.0,Ngôn ngữ Hàn Quốc
30196,DKB,ngon-ngu-han-quoc,D01,Điểm học bạ,2022,18.0,Ngôn ngữ Hàn Quốc
30197,DKB,ngon-ngu-han-quoc,D15,Điểm học bạ,2022,18.0,Ngôn ngữ Hàn Quốc
30198,DKB,ngon-ngu-han-quoc,A01,Điểm thi THPT,2022,14.0,Ngôn ngữ Hàn Quốc
30199,DKB,ngon-ngu-han-quoc,C00,Điểm thi THPT,2022,14.0,Ngôn ngữ Hàn Quốc
30200,DKB,ngon-ngu-han-quoc,D01,Điểm thi THPT,2022,14.0,Ngôn ngữ Hàn Quốc
30201,DKB,ngon-ngu-han-quoc,D15,Điểm thi THPT,2022,14.0,Ngôn ngữ Hàn Quốc
30202,DKB,ngon-ngu-han-quoc,C00,Điểm học bạ,2024,15.0,Ngôn ngữ Hàn Quốc
30203,DKB,ngon-ngu-han-quoc,D01,Điểm học bạ,2024,15.0,Ngôn ngữ Hàn Quốc
30204,DKB,ngon-ngu-han-quoc,D10,Điểm học bạ,2024,15.0,Ngôn ngữ Hàn Quốc
30205,DKB,ngon-ngu-han-quoc,D66,Điểm học bạ,2024,15.0,Ngôn ngữ Hàn Quốc
30206,DKB,ngon-ngu-han-quoc,C00,Điểm thi THPT,2024,14.0,Ngôn ngữ Hàn Quốc
30207,DKB,ngon-ngu-han-quoc,D01,Điểm thi THPT,2024,14.0,Ngôn ngữ Hàn Quốc
30208,DKB,ngon-ngu-han-quoc,D10,Điểm thi THPT,2024,14.0,Ngôn ngữ Hàn Quốc
30209,DKB,ngon-ngu-han-quoc,D66,Điểm thi THPT,2024,14.0,Ngôn ngữ Hàn Quốc
30210,DKB,ngon-ngu-han-quoc,C00,Điểm học bạ,2025,15.0,Ngôn ngữ Hàn Quốc
30211,DKB,ngon-ngu-han-quoc,C03,Điểm học bạ,2025,15.0,Ngôn ngữ Hàn Quốc
30212,DKB,ngon-ngu-han-quoc,C04,Điểm học bạ,2025,15.0,Ngôn ngữ Hàn Quốc
30213,DKB,ngon-ngu-han-quoc,C14,Điểm học bạ,2025,15.0,Ngôn ngữ Hàn Quốc
30214,DKB,ngon-ngu-han-quoc,D01,Điểm học bạ,2025,15.0,Ngôn ngữ Hàn Quốc
30215,DKB,ngon-ngu-han-quoc,D14,Điểm học bạ,2025,15.0,Ngôn ngữ Hàn Quốc
30216,DKB,ngon-ngu-han-quoc,D15,Điểm học bạ,2025,15.0,Ngôn ngữ Hàn Quốc
30217,DKB,ngon-ngu-han-quoc,D66,Điểm học bạ,2025,15.0,Ngôn ngữ Hàn Quốc
30218,DKB,ngon-ngu-han-quoc,X79,Điểm học bạ,2025,15.0,Ngôn ngữ Hàn Quốc
30219,DKB,ngon-ngu-han-quoc,C00,Điểm thi THPT,2025,14.0,Ngôn ngữ Hàn Quốc
30220,DKB,ngon-ngu-han-quoc,C03,Điểm thi THPT,2025,14.0,Ngôn ngữ Hàn Quốc
30221,DKB,ngon-ngu-han-quoc,C04,Điểm thi THPT,2025,14.0,Ngôn ngữ Hàn Quốc
30222,DKB,ngon-ngu-han-quoc,C14,Điểm thi THPT,2025,14.0,Ngôn ngữ Hàn Quốc
30223,DKB,ngon-ngu-han-quoc,D01,Điểm thi THPT,2025,14.0,Ngôn ngữ Hàn Quốc
30224,DKB,ngon-ngu-han-quoc,D14,Điểm thi THPT,2025,14.0,Ngôn ngữ Hàn Quốc
30225,DKB,ngon-ngu-han-quoc,D15,Điểm thi THPT,2025,14.0,Ngôn ngữ Hàn Quốc
30226,DKB,ngon-ngu-han-quoc,D66,Điểm thi THPT,2025,14.0,Ngôn ngữ Hàn Quốc
30227,DKB,ngon-ngu-han-quoc,X79,Điểm thi THPT,2025,14.0,Ngôn ngữ Hàn Quốc
30228,DKB,quan-he-cong-chung,A00,Điểm học bạ,2022,18.0,Quan hệ công chúng
30229,DKB,quan-he-cong-chung,A01,Điểm học bạ,2022,18.0,Quan hệ công chúng
30230,DKB,quan-he-cong-chung,C00,Điểm học bạ,2022,18.0,Quan hệ công chúng
30231,DKB,quan-he-cong-chung,D01,Điểm học bạ,2022,18.0,Quan hệ công chúng
30232,DKB,quan-he-cong-chung,A00,Điểm thi THPT,2022,14.0,Quan hệ công chúng
30233,DKB,quan-he-cong-chung,A01,Điểm thi THPT,2022,14.0,Quan hệ công chúng
30234,DKB,quan-he-cong-chung,C00,Điểm thi THPT,2022,14.0,Quan hệ công chúng
30235,DKB,quan-he-cong-chung,D01,Điểm thi THPT,2022,14.0,Quan hệ công chúng
30236,DKB,quan-he-cong-chung,A00,Điểm học bạ,2023,15.0,Quan hệ công chúng
30237,DKB,quan-he-cong-chung,A01,Điểm học bạ,2023,15.0,Quan hệ công chúng
30238,DKB,quan-he-cong-chung,C00,Điểm học bạ,2023,15.0,Quan hệ công chúng
30239,DKB,quan-he-cong-chung,D01,Điểm học bạ,2023,15.0,Quan hệ công chúng
30240,DKB,quan-he-cong-chung,A00,Điểm thi THPT,2023,14.0,Quan hệ công chúng
30241,DKB,quan-he-cong-chung,A01,Điểm thi THPT,2023,14.0,Quan hệ công chúng
30242,DKB,quan-he-cong-chung,C00,Điểm thi THPT,2023,14.0,Quan hệ công chúng
30243,DKB,quan-he-cong-chung,D01,Điểm thi THPT,2023,14.0,Quan hệ công chúng
30244,DKB,quan-he-cong-chung,A00,Điểm học bạ,2024,15.0,Quan hệ công chúng
30245,DKB,quan-he-cong-chung,A01,Điểm học bạ,2024,15.0,Quan hệ công chúng
30246,DKB,quan-he-cong-chung,C01,Điểm học bạ,2024,15.0,Quan hệ công chúng
30247,DKB,quan-he-cong-chung,D01,Điểm học bạ,2024,15.0,Quan hệ công chúng
30248,DKB,quan-he-cong-chung,A00,Điểm thi THPT,2024,14.0,Quan hệ công chúng
30249,DKB,quan-he-cong-chung,A01,Điểm thi THPT,2024,14.0,Quan hệ công chúng
30250,DKB,quan-he-cong-chung,C01,Điểm thi THPT,2024,14.0,Quan hệ công chúng
30251,DKB,quan-he-cong-chung,D01,Điểm thi THPT,2024,14.0,Quan hệ công chúng
30252,DKB,quan-he-cong-chung,C00,Điểm học bạ,2025,15.0,Quan hệ công chúng
30253,DKB,quan-he-cong-chung,C01,Điểm học bạ,2025,15.0,Quan hệ công chúng
30254,DKB,quan-he-cong-chung,C03,Điểm học bạ,2025,15.0,Quan hệ công chúng
30255,DKB,quan-he-cong-chung,C14,Điểm học bạ,2025,15.0,Quan hệ công chúng
30256,DKB,quan-he-cong-chung,D01,Điểm học bạ,2025,15.0,Quan hệ công chúng
30257,DKB,quan-he-cong-chung,D66,Điểm học bạ,2025,15.0,Quan hệ công chúng
30258,DKB,quan-he-cong-chung,X79,Điểm học bạ,2025,15.0,Quan hệ công chúng
30259,DKB,quan-he-cong-chung,C00,Điểm thi THPT,2025,14.0,Quan hệ công chúng
30260,DKB,quan-he-cong-chung,C01,Điểm thi THPT,2025,14.0,Quan hệ công chúng
30261,DKB,quan-he-cong-chung,C03,Điểm thi THPT,2025,14.0,Quan hệ công chúng
30262,DKB,quan-he-cong-chung,C14,Điểm thi THPT,2025,14.0,Quan hệ công chúng
30263,DKB,quan-he-cong-chung,D01,Điểm thi THPT,2025,14.0,Quan hệ công chúng
30264,DKB,quan-he-cong-chung,D66,Điểm thi THPT,2025,14.0,Quan hệ công chúng
30265,DKB,quan-he-cong-chung,X79,Điểm thi THPT,2025,14.0,Quan hệ công chúng
30266,DKB,quan-tri-kinh-doanh,A00,Điểm học bạ,2021,18.0,Quản trị kinh doanh
30267,DKB,quan-tri-kinh-doanh,A01,Điểm học bạ,2021,18.0,Quản trị kinh doanh
30268,DKB,quan-tri-kinh-doanh,C03,Điểm học bạ,2021,18.0,Quản trị kinh doanh
30269,DKB,quan-tri-kinh-doanh,D01,Điểm học bạ,2021,18.0,Quản trị kinh doanh
30270,DKB,quan-tri-kinh-doanh,A00,Điểm thi THPT,2021,14.0,Quản trị kinh doanh
30271,DKB,quan-tri-kinh-doanh,A01,Điểm thi THPT,2021,14.0,Quản trị kinh doanh
30272,DKB,quan-tri-kinh-doanh,C03,Điểm thi THPT,2021,14.0,Quản trị kinh doanh
30273,DKB,quan-tri-kinh-doanh,D01,Điểm thi THPT,2021,14.0,Quản trị kinh doanh
30274,DKB,quan-tri-kinh-doanh,A00,Điểm học bạ,2022,18.0,Quản trị kinh doanh
30275,DKB,quan-tri-kinh-doanh,A01,Điểm học bạ,2022,18.0,Quản trị kinh doanh
30276,DKB,quan-tri-kinh-doanh,C03,Điểm học bạ,2022,18.0,Quản trị kinh doanh
30277,DKB,quan-tri-kinh-doanh,D01,Điểm học bạ,2022,18.0,Quản trị kinh doanh
30278,DKB,quan-tri-kinh-doanh,A00,Điểm thi THPT,2022,14.0,Quản trị kinh doanh
30279,DKB,quan-tri-kinh-doanh,A01,Điểm thi THPT,2022,14.0,Quản trị kinh doanh
30280,DKB,quan-tri-kinh-doanh,C03,Điểm thi THPT,2022,14.0,Quản trị kinh doanh
30281,DKB,quan-tri-kinh-doanh,D01,Điểm thi THPT,2022,14.0,Quản trị kinh doanh
30282,DKB,quan-tri-kinh-doanh,A00,Điểm học bạ,2023,15.0,Quản trị kinh doanh
30283,DKB,quan-tri-kinh-doanh,A01,Điểm học bạ,2023,15.0,Quản trị kinh doanh
30284,DKB,quan-tri-kinh-doanh,C01,Điểm học bạ,2023,15.0,Quản trị kinh doanh
30285,DKB,quan-tri-kinh-doanh,D01,Điểm học bạ,2023,15.0,Quản trị kinh doanh
30286,DKB,quan-tri-kinh-doanh,A00,Điểm thi THPT,2023,14.0,Quản trị kinh doanh
30287,DKB,quan-tri-kinh-doanh,A01,Điểm thi THPT,2023,14.0,Quản trị kinh doanh
30288,DKB,quan-tri-kinh-doanh,C01,Điểm thi THPT,2023,14.0,Quản trị kinh doanh
30289,DKB,quan-tri-kinh-doanh,D01,Điểm thi THPT,2023,14.0,Quản trị kinh doanh
30290,DKB,quan-tri-kinh-doanh,A00,Điểm học bạ,2024,15.0,Quản trị kinh doanh
30291,DKB,quan-tri-kinh-doanh,A01,Điểm học bạ,2024,15.0,Quản trị kinh doanh
30292,DKB,quan-tri-kinh-doanh,C01,Điểm học bạ,2024,15.0,Quản trị kinh doanh
30293,DKB,quan-tri-kinh-doanh,D01,Điểm học bạ,2024,15.0,Quản trị kinh doanh
30294,DKB,quan-tri-kinh-doanh,A00,Điểm thi THPT,2024,14.0,Quản trị kinh doanh
30295,DKB,quan-tri-kinh-doanh,A01,Điểm thi THPT,2024,14.0,Quản trị kinh doanh
30296,DKB,quan-tri-kinh-doanh,C01,Điểm thi THPT,2024,14.0,Quản trị kinh doanh
30297,DKB,quan-tri-kinh-doanh,D01,Điểm thi THPT,2024,14.0,Quản trị kinh doanh
30298,DKB,quan-tri-kinh-doanh,A00,Điểm học bạ,2025,15.0,Quản trị kinh doanh
30299,DKB,quan-tri-kinh-doanh,A01,Điểm học bạ,2025,15.0,Quản trị kinh doanh
30300,DKB,quan-tri-kinh-doanh,C01,Điểm học bạ,2025,15.0,Quản trị kinh doanh
30301,DKB,quan-tri-kinh-doanh,C14,Điểm học bạ,2025,15.0,Quản trị kinh doanh
30302,DKB,quan-tri-kinh-doanh,D01,Điểm học bạ,2025,15.0,Quản trị kinh doanh
30303,DKB,quan-tri-kinh-doanh,D07,Điểm học bạ,2025,15.0,Quản trị kinh doanh
30304,DKB,quan-tri-kinh-doanh,D10,Điểm học bạ,2025,15.0,Quản trị kinh doanh
30305,DKB,quan-tri-kinh-doanh,D84,Điểm học bạ,2025,15.0,Quản trị kinh doanh
30306,DKB,quan-tri-kinh-doanh,X03,Điểm học bạ,2025,15.0,Quản trị kinh doanh
30307,DKB,quan-tri-kinh-doanh,X26,Điểm học bạ,2025,15.0,Quản trị kinh doanh
30308,DKB,quan-tri-kinh-doanh,Y08,Điểm học bạ,2025,15.0,Quản trị kinh doanh
30309,DKB,quan-tri-kinh-doanh,A00,Điểm thi THPT,2025,14.0,Quản trị kinh doanh
30310,DKB,quan-tri-kinh-doanh,A01,Điểm thi THPT,2025,14.0,Quản trị kinh doanh
30311,DKB,quan-tri-kinh-doanh,C01,Điểm thi THPT,2025,14.0,Quản trị kinh doanh
30312,DKB,quan-tri-kinh-doanh,C14,Điểm thi THPT,2025,14.0,Quản trị kinh doanh
30313,DKB,quan-tri-kinh-doanh,D01,Điểm thi THPT,2025,14.0,Quản trị kinh doanh
30314,DKB,quan-tri-kinh-doanh,D07,Điểm thi THPT,2025,14.0,Quản trị kinh doanh
30315,DKB,quan-tri-kinh-doanh,D10,Điểm thi THPT,2025,14.0,Quản trị kinh doanh
30316,DKB,quan-tri-kinh-doanh,D84,Điểm thi THPT,2025,14.0,Quản trị kinh doanh
30317,DKB,quan-tri-kinh-doanh,X03,Điểm thi THPT,2025,14.0,Quản trị kinh doanh
30318,DKB,quan-tri-kinh-doanh,X26,Điểm thi THPT,2025,14.0,Quản trị kinh doanh
30319,DKB,quan-tri-kinh-doanh,Y08,Điểm thi THPT,2025,14.0,Quản trị kinh doanh
30320,DKB,quan-tri-nha-hang-va-dich-vu-an-uong,A00,Điểm học bạ,2022,18.0,Quản trị nhà hàng và dịch vụ ăn uống
30321,DKB,quan-tri-nha-hang-va-dich-vu-an-uong,A01,Điểm học bạ,2022,18.0,Quản trị nhà hàng và dịch vụ ăn uống
30322,DKB,quan-tri-nha-hang-va-dich-vu-an-uong,C00,Điểm học bạ,2022,18.0,Quản trị nhà hàng và dịch vụ ăn uống
30323,DKB,quan-tri-nha-hang-va-dich-vu-an-uong,D01,Điểm học bạ,2022,18.0,Quản trị nhà hàng và dịch vụ ăn uống
30324,DKB,quan-tri-nha-hang-va-dich-vu-an-uong,A00,Điểm thi THPT,2022,14.0,Quản trị nhà hàng và dịch vụ ăn uống
30325,DKB,quan-tri-nha-hang-va-dich-vu-an-uong,A01,Điểm thi THPT,2022,14.0,Quản trị nhà hàng và dịch vụ ăn uống
30326,DKB,quan-tri-nha-hang-va-dich-vu-an-uong,C00,Điểm thi THPT,2022,14.0,Quản trị nhà hàng và dịch vụ ăn uống
30327,DKB,quan-tri-nha-hang-va-dich-vu-an-uong,D01,Điểm thi THPT,2022,14.0,Quản trị nhà hàng và dịch vụ ăn uống
30328,DKB,quan-tri-nha-hang-va-dich-vu-an-uong,A00,Điểm học bạ,2023,15.0,Quản trị nhà hàng và dịch vụ ăn uống
30329,DKB,quan-tri-nha-hang-va-dich-vu-an-uong,A01,Điểm học bạ,2023,15.0,Quản trị nhà hàng và dịch vụ ăn uống
30330,DKB,quan-tri-nha-hang-va-dich-vu-an-uong,C00,Điểm học bạ,2023,15.0,Quản trị nhà hàng và dịch vụ ăn uống
30331,DKB,quan-tri-nha-hang-va-dich-vu-an-uong,D01,Điểm học bạ,2023,15.0,Quản trị nhà hàng và dịch vụ ăn uống
30332,DKB,quan-tri-nha-hang-va-dich-vu-an-uong,A00,Điểm thi THPT,2023,14.0,Quản trị nhà hàng và dịch vụ ăn uống
30333,DKB,quan-tri-nha-hang-va-dich-vu-an-uong,A01,Điểm thi THPT,2023,14.0,Quản trị nhà hàng và dịch vụ ăn uống
30334,DKB,quan-tri-nha-hang-va-dich-vu-an-uong,C00,Điểm thi THPT,2023,14.0,Quản trị nhà hàng và dịch vụ ăn uống
30335,DKB,quan-tri-nha-hang-va-dich-vu-an-uong,D01,Điểm thi THPT,2023,14.0,Quản trị nhà hàng và dịch vụ ăn uống
30336,DKB,quan-tri-nha-hang-va-dich-vu-an-uong,A00,Điểm học bạ,2024,15.0,Quản trị nhà hàng và dịch vụ ăn uống
30337,DKB,quan-tri-nha-hang-va-dich-vu-an-uong,A01,Điểm học bạ,2024,15.0,Quản trị nhà hàng và dịch vụ ăn uống
30338,DKB,quan-tri-nha-hang-va-dich-vu-an-uong,C01,Điểm học bạ,2024,15.0,Quản trị nhà hàng và dịch vụ ăn uống
30339,DKB,quan-tri-nha-hang-va-dich-vu-an-uong,D01,Điểm học bạ,2024,15.0,Quản trị nhà hàng và dịch vụ ăn uống
30340,DKB,quan-tri-nha-hang-va-dich-vu-an-uong,A00,Điểm thi THPT,2024,14.0,Quản trị nhà hàng và dịch vụ ăn uống
30341,DKB,quan-tri-nha-hang-va-dich-vu-an-uong,A01,Điểm thi THPT,2024,14.0,Quản trị nhà hàng và dịch vụ ăn uống
30342,DKB,quan-tri-nha-hang-va-dich-vu-an-uong,C01,Điểm thi THPT,2024,14.0,Quản trị nhà hàng và dịch vụ ăn uống
30343,DKB,quan-tri-nha-hang-va-dich-vu-an-uong,D01,Điểm thi THPT,2024,14.0,Quản trị nhà hàng và dịch vụ ăn uống
30344,DKB,quan-tri-nha-hang-va-dich-vu-an-uong,C00,Điểm học bạ,2025,15.0,Quản trị nhà hàng và dịch vụ ăn uống
30345,DKB,quan-tri-nha-hang-va-dich-vu-an-uong,C03,Điểm học bạ,2025,15.0,Quản trị nhà hàng và dịch vụ ăn uống
30346,DKB,quan-tri-nha-hang-va-dich-vu-an-uong,C04,Điểm học bạ,2025,15.0,Quản trị nhà hàng và dịch vụ ăn uống
30347,DKB,quan-tri-nha-hang-va-dich-vu-an-uong,D01,Điểm học bạ,2025,15.0,Quản trị nhà hàng và dịch vụ ăn uống
30348,DKB,quan-tri-nha-hang-va-dich-vu-an-uong,D09,Điểm học bạ,2025,15.0,Quản trị nhà hàng và dịch vụ ăn uống
30349,DKB,quan-tri-nha-hang-va-dich-vu-an-uong,D10,Điểm học bạ,2025,15.0,Quản trị nhà hàng và dịch vụ ăn uống
30350,DKB,quan-tri-nha-hang-va-dich-vu-an-uong,D14,Điểm học bạ,2025,15.0,Quản trị nhà hàng và dịch vụ ăn uống
30351,DKB,quan-tri-nha-hang-va-dich-vu-an-uong,D15,Điểm học bạ,2025,15.0,Quản trị nhà hàng và dịch vụ ăn uống
30352,DKB,quan-tri-nha-hang-va-dich-vu-an-uong,D66,Điểm học bạ,2025,15.0,Quản trị nhà hàng và dịch vụ ăn uống
30353,DKB,quan-tri-nha-hang-va-dich-vu-an-uong,X26,Điểm học bạ,2025,15.0,Quản trị nhà hàng và dịch vụ ăn uống
30354,DKB,quan-tri-nha-hang-va-dich-vu-an-uong,C00,Điểm thi THPT,2025,14.0,Quản trị nhà hàng và dịch vụ ăn uống
30355,DKB,quan-tri-nha-hang-va-dich-vu-an-uong,C03,Điểm thi THPT,2025,14.0,Quản trị nhà hàng và dịch vụ ăn uống
30356,DKB,quan-tri-nha-hang-va-dich-vu-an-uong,C04,Điểm thi THPT,2025,14.0,Quản trị nhà hàng và dịch vụ ăn uống
30357,DKB,quan-tri-nha-hang-va-dich-vu-an-uong,D01,Điểm thi THPT,2025,14.0,Quản trị nhà hàng và dịch vụ ăn uống
30358,DKB,quan-tri-nha-hang-va-dich-vu-an-uong,D09,Điểm thi THPT,2025,14.0,Quản trị nhà hàng và dịch vụ ăn uống
30359,DKB,quan-tri-nha-hang-va-dich-vu-an-uong,D10,Điểm thi THPT,2025,14.0,Quản trị nhà hàng và dịch vụ ăn uống
30360,DKB,quan-tri-nha-hang-va-dich-vu-an-uong,D14,Điểm thi THPT,2025,14.0,Quản trị nhà hàng và dịch vụ ăn uống
30361,DKB,quan-tri-nha-hang-va-dich-vu-an-uong,D15,Điểm thi THPT,2025,14.0,Quản trị nhà hàng và dịch vụ ăn uống
30362,DKB,quan-tri-nha-hang-va-dich-vu-an-uong,D66,Điểm thi THPT,2025,14.0,Quản trị nhà hàng và dịch vụ ăn uống
30363,DKB,quan-tri-nha-hang-va-dich-vu-an-uong,X26,Điểm thi THPT,2025,14.0,Quản trị nhà hàng và dịch vụ ăn uống
30364,DKB,quan-tri-van-phong,A00,Điểm học bạ,2021,18.0,Quản trị văn phòng
30365,DKB,quan-tri-van-phong,A01,Điểm học bạ,2021,18.0,Quản trị văn phòng
30366,DKB,quan-tri-van-phong,C03,Điểm học bạ,2021,18.0,Quản trị văn phòng
30367,DKB,quan-tri-van-phong,D01,Điểm học bạ,2021,18.0,Quản trị văn phòng
30368,DKB,quan-tri-van-phong,A00,Điểm thi THPT,2021,14.0,Quản trị văn phòng
30369,DKB,quan-tri-van-phong,A01,Điểm thi THPT,2021,14.0,Quản trị văn phòng
30370,DKB,quan-tri-van-phong,C03,Điểm thi THPT,2021,14.0,Quản trị văn phòng
30371,DKB,quan-tri-van-phong,D01,Điểm thi THPT,2021,14.0,Quản trị văn phòng
30372,DKB,quan-tri-van-phong,A00,Điểm học bạ,2022,18.0,Quản trị văn phòng
30373,DKB,quan-tri-van-phong,A01,Điểm học bạ,2022,18.0,Quản trị văn phòng
30374,DKB,quan-tri-van-phong,C03,Điểm học bạ,2022,18.0,Quản trị văn phòng
30375,DKB,quan-tri-van-phong,D01,Điểm học bạ,2022,18.0,Quản trị văn phòng
30376,DKB,quan-tri-van-phong,A00,Điểm thi THPT,2022,14.0,Quản trị văn phòng
30377,DKB,quan-tri-van-phong,A01,Điểm thi THPT,2022,14.0,Quản trị văn phòng
30378,DKB,quan-tri-van-phong,C03,Điểm thi THPT,2022,14.0,Quản trị văn phòng
30379,DKB,quan-tri-van-phong,D01,Điểm thi THPT,2022,14.0,Quản trị văn phòng
30380,DKB,quan-tri-van-phong,A00,Điểm học bạ,2023,15.0,Quản trị văn phòng
30381,DKB,quan-tri-van-phong,A01,Điểm học bạ,2023,15.0,Quản trị văn phòng
30382,DKB,quan-tri-van-phong,C03,Điểm học bạ,2023,15.0,Quản trị văn phòng
30383,DKB,quan-tri-van-phong,D01,Điểm học bạ,2023,15.0,Quản trị văn phòng
30384,DKB,quan-tri-van-phong,A00,Điểm thi THPT,2023,14.0,Quản trị văn phòng
30385,DKB,quan-tri-van-phong,A01,Điểm thi THPT,2023,14.0,Quản trị văn phòng
30386,DKB,quan-tri-van-phong,C03,Điểm thi THPT,2023,14.0,Quản trị văn phòng
30387,DKB,quan-tri-van-phong,D01,Điểm thi THPT,2023,14.0,Quản trị văn phòng
30388,DKB,quan-tri-van-phong,A00,Điểm học bạ,2024,15.0,Quản trị văn phòng
30389,DKB,quan-tri-van-phong,A01,Điểm học bạ,2024,15.0,Quản trị văn phòng
30390,DKB,quan-tri-van-phong,C03,Điểm học bạ,2024,15.0,Quản trị văn phòng
30391,DKB,quan-tri-van-phong,D01,Điểm học bạ,2024,15.0,Quản trị văn phòng
30392,DKB,quan-tri-van-phong,A00,Điểm thi THPT,2024,14.0,Quản trị văn phòng
30393,DKB,quan-tri-van-phong,A01,Điểm thi THPT,2024,14.0,Quản trị văn phòng
30394,DKB,quan-tri-van-phong,C03,Điểm thi THPT,2024,14.0,Quản trị văn phòng
30395,DKB,quan-tri-van-phong,D01,Điểm thi THPT,2024,14.0,Quản trị văn phòng
30396,DKB,quan-tri-van-phong,C00,Điểm học bạ,2025,15.0,Quản trị văn phòng
30397,DKB,quan-tri-van-phong,C03,Điểm học bạ,2025,15.0,Quản trị văn phòng
30398,DKB,quan-tri-van-phong,C04,Điểm học bạ,2025,15.0,Quản trị văn phòng
30399,DKB,quan-tri-van-phong,D01,Điểm học bạ,2025,15.0,Quản trị văn phòng
30400,DKB,quan-tri-van-phong,C00,Điểm thi THPT,2025,14.0,Quản trị văn phòng
30401,DKB,quan-tri-van-phong,C03,Điểm thi THPT,2025,14.0,Quản trị văn phòng
30402,DKB,quan-tri-van-phong,C04,Điểm thi THPT,2025,14.0,Quản trị văn phòng
30403,DKB,quan-tri-van-phong,D01,Điểm thi THPT,2025,14.0,Quản trị văn phòng
30404,DKB,tai-chinh-ngan-hang,A00,Điểm học bạ,2021,18.0,Tài chính - Ngân hàng
30405,DKB,tai-chinh-ngan-hang,A01,Điểm học bạ,2021,18.0,Tài chính - Ngân hàng
30406,DKB,tai-chinh-ngan-hang,C03,Điểm học bạ,2021,18.0,Tài chính - Ngân hàng
30407,DKB,tai-chinh-ngan-hang,D01,Điểm học bạ,2021,18.0,Tài chính - Ngân hàng
30408,DKB,tai-chinh-ngan-hang,A00,Điểm thi THPT,2021,14.0,Tài chính - Ngân hàng
30409,DKB,tai-chinh-ngan-hang,A01,Điểm thi THPT,2021,14.0,Tài chính - Ngân hàng
30410,DKB,tai-chinh-ngan-hang,C03,Điểm thi THPT,2021,14.0,Tài chính - Ngân hàng
30411,DKB,tai-chinh-ngan-hang,D01,Điểm thi THPT,2021,14.0,Tài chính - Ngân hàng
30412,DKB,tai-chinh-ngan-hang,A00,Điểm học bạ,2022,18.0,Tài chính - Ngân hàng
30413,DKB,tai-chinh-ngan-hang,A01,Điểm học bạ,2022,18.0,Tài chính - Ngân hàng
30414,DKB,tai-chinh-ngan-hang,C03,Điểm học bạ,2022,18.0,Tài chính - Ngân hàng
30415,DKB,tai-chinh-ngan-hang,D01,Điểm học bạ,2022,18.0,Tài chính - Ngân hàng
30416,DKB,tai-chinh-ngan-hang,A00,Điểm thi THPT,2022,14.0,Tài chính - Ngân hàng
30417,DKB,tai-chinh-ngan-hang,A01,Điểm thi THPT,2022,14.0,Tài chính - Ngân hàng
30418,DKB,tai-chinh-ngan-hang,C03,Điểm thi THPT,2022,14.0,Tài chính - Ngân hàng
30419,DKB,tai-chinh-ngan-hang,D01,Điểm thi THPT,2022,14.0,Tài chính - Ngân hàng
30420,DKB,tai-chinh-ngan-hang,A00,Điểm học bạ,2023,15.0,Tài chính – Ngân hàng
30421,DKB,tai-chinh-ngan-hang,A01,Điểm học bạ,2023,15.0,Tài chính – Ngân hàng
30422,DKB,tai-chinh-ngan-hang,C04,Điểm học bạ,2023,15.0,Tài chính – Ngân hàng
30423,DKB,tai-chinh-ngan-hang,D01,Điểm học bạ,2023,15.0,Tài chính – Ngân hàng
30424,DKB,tai-chinh-ngan-hang,A00,Điểm thi THPT,2023,14.0,Tài chính – Ngân hàng
30425,DKB,tai-chinh-ngan-hang,A01,Điểm thi THPT,2023,14.0,Tài chính – Ngân hàng
30426,DKB,tai-chinh-ngan-hang,C04,Điểm thi THPT,2023,14.0,Tài chính – Ngân hàng
30427,DKB,tai-chinh-ngan-hang,D01,Điểm thi THPT,2023,14.0,Tài chính – Ngân hàng
30428,DKB,tai-chinh-ngan-hang,A00,Điểm học bạ,2024,15.0,Tài chính - Ngân hàng
30429,DKB,tai-chinh-ngan-hang,A01,Điểm học bạ,2024,15.0,Tài chính - Ngân hàng
30430,DKB,tai-chinh-ngan-hang,C04,Điểm học bạ,2024,15.0,Tài chính - Ngân hàng
30431,DKB,tai-chinh-ngan-hang,D01,Điểm học bạ,2024,15.0,Tài chính - Ngân hàng
30432,DKB,tai-chinh-ngan-hang,A00,Điểm thi THPT,2024,14.0,Tài chính - Ngân hàng
30433,DKB,tai-chinh-ngan-hang,A01,Điểm thi THPT,2024,14.0,Tài chính - Ngân hàng
30434,DKB,tai-chinh-ngan-hang,C04,Điểm thi THPT,2024,14.0,Tài chính - Ngân hàng
30435,DKB,tai-chinh-ngan-hang,D01,Điểm thi THPT,2024,14.0,Tài chính - Ngân hàng
30436,DKB,tai-chinh-ngan-hang,A00,Điểm học bạ,2025,15.0,Tài chính Ngân hàng
30437,DKB,tai-chinh-ngan-hang,A01,Điểm học bạ,2025,15.0,Tài chính Ngân hàng
30438,DKB,tai-chinh-ngan-hang,C01,Điểm học bạ,2025,15.0,Tài chính Ngân hàng
30439,DKB,tai-chinh-ngan-hang,C14,Điểm học bạ,2025,15.0,Tài chính Ngân hàng
30440,DKB,tai-chinh-ngan-hang,D01,Điểm học bạ,2025,15.0,Tài chính Ngân hàng
30441,DKB,tai-chinh-ngan-hang,D07,Điểm học bạ,2025,15.0,Tài chính Ngân hàng
30442,DKB,tai-chinh-ngan-hang,D10,Điểm học bạ,2025,15.0,Tài chính Ngân hàng
30443,DKB,tai-chinh-ngan-hang,D84,Điểm học bạ,2025,15.0,Tài chính Ngân hàng
30444,DKB,tai-chinh-ngan-hang,X03,Điểm học bạ,2025,15.0,Tài chính Ngân hàng
30445,DKB,tai-chinh-ngan-hang,X26,Điểm học bạ,2025,15.0,Tài chính Ngân hàng
30446,DKB,tai-chinh-ngan-hang,Y08,Điểm học bạ,2025,15.0,Tài chính Ngân hàng
30447,DKB,tai-chinh-ngan-hang,A00,Điểm thi THPT,2025,14.0,Tài chính Ngân hàng
30448,DKB,tai-chinh-ngan-hang,A01,Điểm thi THPT,2025,14.0,Tài chính Ngân hàng
30449,DKB,tai-chinh-ngan-hang,C01,Điểm thi THPT,2025,14.0,Tài chính Ngân hàng
30450,DKB,tai-chinh-ngan-hang,C14,Điểm thi THPT,2025,14.0,Tài chính Ngân hàng
30451,DKB,tai-chinh-ngan-hang,D01,Điểm thi THPT,2025,14.0,Tài chính Ngân hàng
30452,DKB,tai-chinh-ngan-hang,D07,Điểm thi THPT,2025,14.0,Tài chính Ngân hàng
30453,DKB,tai-chinh-ngan-hang,D10,Điểm thi THPT,2025,14.0,Tài chính Ngân hàng
30454,DKB,tai-chinh-ngan-hang,D84,Điểm thi THPT,2025,14.0,Tài chính Ngân hàng
30455,DKB,tai-chinh-ngan-hang,X03,Điểm thi THPT,2025,14.0,Tài chính Ngân hàng
30456,DKB,tai-chinh-ngan-hang,X26,Điểm thi THPT,2025,14.0,Tài chính Ngân hàng
30457,DKB,tai-chinh-ngan-hang,Y08,Điểm thi THPT,2025,14.0,Tài chính Ngân hàng
30458,DKB,thuong-mai-dien-tu,A00,Điểm học bạ,2024,15.0,Thương mại điện tử
30459,DKB,thuong-mai-dien-tu,A01,Điểm học bạ,2024,15.0,Thương mại điện tử
30460,DKB,thuong-mai-dien-tu,C01,Điểm học bạ,2024,15.0,Thương mại điện tử
30461,DKB,thuong-mai-dien-tu,D01,Điểm học bạ,2024,15.0,Thương mại điện tử
30462,DKB,thuong-mai-dien-tu,A00,Điểm thi THPT,2024,14.0,Thương mại điện tử
30463,DKB,thuong-mai-dien-tu,A01,Điểm thi THPT,2024,14.0,Thương mại điện tử
30464,DKB,thuong-mai-dien-tu,C01,Điểm thi THPT,2024,14.0,Thương mại điện tử
30465,DKB,thuong-mai-dien-tu,D01,Điểm thi THPT,2024,14.0,Thương mại điện tử
30466,DKB,thuong-mai-dien-tu,A00,Điểm học bạ,2025,15.0,Thương mại điện tử
30467,DKB,thuong-mai-dien-tu,A01,Điểm học bạ,2025,15.0,Thương mại điện tử
30468,DKB,thuong-mai-dien-tu,C01,Điểm học bạ,2025,15.0,Thương mại điện tử
30469,DKB,thuong-mai-dien-tu,C14,Điểm học bạ,2025,15.0,Thương mại điện tử
30470,DKB,thuong-mai-dien-tu,D01,Điểm học bạ,2025,15.0,Thương mại điện tử
30471,DKB,thuong-mai-dien-tu,D07,Điểm học bạ,2025,15.0,Thương mại điện tử
30472,DKB,thuong-mai-dien-tu,D10,Điểm học bạ,2025,15.0,Thương mại điện tử
30473,DKB,thuong-mai-dien-tu,D84,Điểm học bạ,2025,15.0,Thương mại điện tử
30474,DKB,thuong-mai-dien-tu,X03,Điểm học bạ,2025,15.0,Thương mại điện tử
30475,DKB,thuong-mai-dien-tu,X26,Điểm học bạ,2025,15.0,Thương mại điện tử
30476,DKB,thuong-mai-dien-tu,Y08,Điểm học bạ,2025,15.0,Thương mại điện tử
30477,DKB,thuong-mai-dien-tu,A00,Điểm thi THPT,2025,14.0,Thương mại điện tử
30478,DKB,thuong-mai-dien-tu,A01,Điểm thi THPT,2025,14.0,Thương mại điện tử
30479,DKB,thuong-mai-dien-tu,C01,Điểm thi THPT,2025,14.0,Thương mại điện tử
30480,DKB,thuong-mai-dien-tu,C14,Điểm thi THPT,2025,14.0,Thương mại điện tử
30481,DKB,thuong-mai-dien-tu,D01,Điểm thi THPT,2025,14.0,Thương mại điện tử
30482,DKB,thuong-mai-dien-tu,D07,Điểm thi THPT,2025,14.0,Thương mại điện tử
30483,DKB,thuong-mai-dien-tu,D10,Điểm thi THPT,2025,14.0,Thương mại điện tử
30484,DKB,thuong-mai-dien-tu,D84,Điểm thi THPT,2025,14.0,Thương mại điện tử
30485,DKB,thuong-mai-dien-tu,X03,Điểm thi THPT,2025,14.0,Thương mại điện tử
30486,DKB,thuong-mai-dien-tu,X26,Điểm thi THPT,2025,14.0,Thương mại điện tử
30487,DKB,thuong-mai-dien-tu,Y08,Điểm thi THPT,2025,14.0,Thương mại điện tử
30488,DKC,an-toan-thong-tin,A00,Điểm học bạ,2021,18.0,An toàn thông tin
30489,DKC,an-toan-thong-tin,A01,Điểm học bạ,2021,18.0,An toàn thông tin
30490,DKC,an-toan-thong-tin,C01,Điểm học bạ,2021,18.0,An toàn thông tin
30491,DKC,an-toan-thong-tin,D01,Điểm học bạ,2021,18.0,An toàn thông tin
30492,DKC,an-toan-thong-tin,A00,Điểm thi THPT,2021,20.0,An toàn thông tin
30493,DKC,an-toan-thong-tin,A01,Điểm thi THPT,2021,20.0,An toàn thông tin
30494,DKC,an-toan-thong-tin,C01,Điểm thi THPT,2021,20.0,An toàn thông tin
30495,DKC,an-toan-thong-tin,D01,Điểm thi THPT,2021,20.0,An toàn thông tin
30496,DKC,an-toan-thong-tin,A00,Điểm học bạ,2022,18.0,An toàn thông tin
30497,DKC,an-toan-thong-tin,A01,Điểm học bạ,2022,18.0,An toàn thông tin
30498,DKC,an-toan-thong-tin,C01,Điểm học bạ,2022,18.0,An toàn thông tin
30499,DKC,an-toan-thong-tin,D01,Điểm học bạ,2022,18.0,An toàn thông tin
30500,DKC,an-toan-thong-tin,A00,Điểm thi THPT,2022,20.0,An toàn thông tin
30501,DKC,an-toan-thong-tin,A01,Điểm thi THPT,2022,20.0,An toàn thông tin
30502,DKC,an-toan-thong-tin,C01,Điểm thi THPT,2022,20.0,An toàn thông tin
30503,DKC,an-toan-thong-tin,D01,Điểm thi THPT,2022,20.0,An toàn thông tin
30504,DKC,an-toan-thong-tin,A00,Điểm học bạ,2023,18.0,An toàn thông tin
30505,DKC,an-toan-thong-tin,A01,Điểm học bạ,2023,18.0,An toàn thông tin
30506,DKC,an-toan-thong-tin,C01,Điểm học bạ,2023,18.0,An toàn thông tin
30507,DKC,an-toan-thong-tin,D01,Điểm học bạ,2023,18.0,An toàn thông tin
30508,DKC,an-toan-thong-tin,A00,Điểm thi THPT,2023,18.0,An toàn thông tin
30509,DKC,an-toan-thong-tin,A01,Điểm thi THPT,2023,18.0,An toàn thông tin
30510,DKC,an-toan-thong-tin,C01,Điểm thi THPT,2023,18.0,An toàn thông tin
30511,DKC,an-toan-thong-tin,D01,Điểm thi THPT,2023,18.0,An toàn thông tin
30512,DKC,an-toan-thong-tin,A00,Điểm học bạ,2024,18.0,An toàn thông tin
30513,DKC,an-toan-thong-tin,A01,Điểm học bạ,2024,18.0,An toàn thông tin
30514,DKC,an-toan-thong-tin,C01,Điểm học bạ,2024,18.0,An toàn thông tin
30515,DKC,an-toan-thong-tin,D01,Điểm học bạ,2024,18.0,An toàn thông tin
30516,DKC,an-toan-thong-tin,A00,Điểm thi THPT,2024,18.0,An toàn thông tin
30517,DKC,an-toan-thong-tin,A01,Điểm thi THPT,2024,18.0,An toàn thông tin
30518,DKC,an-toan-thong-tin,C01,Điểm thi THPT,2024,18.0,An toàn thông tin
30519,DKC,an-toan-thong-tin,D01,Điểm thi THPT,2024,18.0,An toàn thông tin
30520,DKC,an-toan-thong-tin,C01,Điểm học bạ,2025,18.0,An toàn thông tin
30521,DKC,an-toan-thong-tin,C03,Điểm học bạ,2025,18.0,An toàn thông tin
30522,DKC,an-toan-thong-tin,C04,Điểm học bạ,2025,18.0,An toàn thông tin
30523,DKC,an-toan-thong-tin,D01,Điểm học bạ,2025,18.0,An toàn thông tin
30524,DKC,an-toan-thong-tin,X01,Điểm học bạ,2025,18.0,An toàn thông tin
30525,DKC,an-toan-thong-tin,X02,Điểm học bạ,2025,18.0,An toàn thông tin
30526,DKC,an-toan-thong-tin,C01,Điểm thi THPT,2025,15.0,An toàn thông tin
30527,DKC,an-toan-thong-tin,C03,Điểm thi THPT,2025,15.0,An toàn thông tin
30528,DKC,an-toan-thong-tin,C04,Điểm thi THPT,2025,15.0,An toàn thông tin
30529,DKC,an-toan-thong-tin,D01,Điểm thi THPT,2025,15.0,An toàn thông tin
30530,DKC,an-toan-thong-tin,X01,Điểm thi THPT,2025,15.0,An toàn thông tin
30531,DKC,an-toan-thong-tin,X02,Điểm thi THPT,2025,15.0,An toàn thông tin
30532,DKC,bat-dong-san,A00,Điểm học bạ,2023,18.0,Bất động sản
30533,DKC,bat-dong-san,A01,Điểm học bạ,2023,18.0,Bất động sản
30534,DKC,bat-dong-san,C00,Điểm học bạ,2023,18.0,Bất động sản
30535,DKC,bat-dong-san,D01,Điểm học bạ,2023,18.0,Bất động sản
30536,DKC,bat-dong-san,A00,Điểm thi THPT,2023,16.0,Bất động sản
30537,DKC,bat-dong-san,A01,Điểm thi THPT,2023,16.0,Bất động sản
30538,DKC,bat-dong-san,C00,Điểm thi THPT,2023,16.0,Bất động sản
30539,DKC,bat-dong-san,D01,Điểm thi THPT,2023,16.0,Bất động sản
30540,DKC,bat-dong-san,A00,Điểm học bạ,2024,18.0,Bất động sản
30541,DKC,bat-dong-san,A01,Điểm học bạ,2024,18.0,Bất động sản
30542,DKC,bat-dong-san,C00,Điểm học bạ,2024,18.0,Bất động sản
30543,DKC,bat-dong-san,D01,Điểm học bạ,2024,18.0,Bất động sản
30544,DKC,bat-dong-san,A00,Điểm thi THPT,2024,16.0,Bất động sản
30545,DKC,bat-dong-san,A01,Điểm thi THPT,2024,16.0,Bất động sản
30546,DKC,bat-dong-san,C00,Điểm thi THPT,2024,16.0,Bất động sản
30547,DKC,bat-dong-san,D01,Điểm thi THPT,2024,16.0,Bất động sản
30548,DKC,bat-dong-san,C01,Điểm học bạ,2025,18.0,Bất động sản
30549,DKC,bat-dong-san,C03,Điểm học bạ,2025,18.0,Bất động sản
30550,DKC,bat-dong-san,C04,Điểm học bạ,2025,18.0,Bất động sản
30551,DKC,bat-dong-san,D01,Điểm học bạ,2025,18.0,Bất động sản
30552,DKC,bat-dong-san,X01,Điểm học bạ,2025,18.0,Bất động sản
30553,DKC,bat-dong-san,X02,Điểm học bạ,2025,18.0,Bất động sản
30554,DKC,bat-dong-san,C01,Điểm thi THPT,2025,15.0,Bất động sản
30555,DKC,bat-dong-san,C03,Điểm thi THPT,2025,15.0,Bất động sản
30556,DKC,bat-dong-san,C04,Điểm thi THPT,2025,15.0,Bất động sản
30557,DKC,bat-dong-san,D01,Điểm thi THPT,2025,15.0,Bất động sản
30558,DKC,bat-dong-san,X01,Điểm thi THPT,2025,15.0,Bất động sản
30559,DKC,bat-dong-san,X02,Điểm thi THPT,2025,15.0,Bất động sản
30560,DKC,chan-nuoi,A00,Điểm học bạ,2022,18.0,Chăn nuôi
30561,DKC,chan-nuoi,B00,Điểm học bạ,2022,18.0,Chăn nuôi
30562,DKC,chan-nuoi,C08,Điểm học bạ,2022,18.0,Chăn nuôi
30563,DKC,chan-nuoi,D07,Điểm học bạ,2022,18.0,Chăn nuôi
30564,DKC,chan-nuoi,A00,Điểm thi THPT,2022,17.0,Chăn nuôi
30565,DKC,chan-nuoi,B00,Điểm thi THPT,2022,17.0,Chăn nuôi
30566,DKC,chan-nuoi,C08,Điểm thi THPT,2022,17.0,Chăn nuôi
30567,DKC,chan-nuoi,D07,Điểm thi THPT,2022,17.0,Chăn nuôi
30568,DKC,cong-nghe-det-may,A00,Điểm học bạ,2021,18.0,"Công nghệ dệt, may"
30569,DKC,cong-nghe-det-may,A01,Điểm học bạ,2021,18.0,"Công nghệ dệt, may"
30570,DKC,cong-nghe-det-may,C01,Điểm học bạ,2021,18.0,"Công nghệ dệt, may"
30571,DKC,cong-nghe-det-may,D01,Điểm học bạ,2021,18.0,"Công nghệ dệt, may"
30572,DKC,cong-nghe-det-may,A00,Điểm thi THPT,2021,18.0,"Công nghệ dệt, may"
30573,DKC,cong-nghe-det-may,A01,Điểm thi THPT,2021,18.0,"Công nghệ dệt, may"
30574,DKC,cong-nghe-det-may,C01,Điểm thi THPT,2021,18.0,"Công nghệ dệt, may"
30575,DKC,cong-nghe-det-may,D01,Điểm thi THPT,2021,18.0,"Công nghệ dệt, may"
30576,DKC,cong-nghe-det-may,A00,Điểm học bạ,2022,18.0,"Công nghệ dệt, may"
30577,DKC,cong-nghe-det-may,A01,Điểm học bạ,2022,18.0,"Công nghệ dệt, may"
30578,DKC,cong-nghe-det-may,C01,Điểm học bạ,2022,18.0,"Công nghệ dệt, may"
30579,DKC,cong-nghe-det-may,D01,Điểm học bạ,2022,18.0,"Công nghệ dệt, may"
30580,DKC,cong-nghe-det-may,A00,Điểm thi THPT,2022,17.0,"Công nghệ dệt, may"
30581,DKC,cong-nghe-det-may,A01,Điểm thi THPT,2022,17.0,"Công nghệ dệt, may"
30582,DKC,cong-nghe-det-may,C01,Điểm thi THPT,2022,17.0,"Công nghệ dệt, may"
30583,DKC,cong-nghe-det-may,D01,Điểm thi THPT,2022,17.0,"Công nghệ dệt, may"
30584,DKC,cong-nghe-det-may,A00,Điểm học bạ,2023,18.0,"Công nghệ dệt, may"
30585,DKC,cong-nghe-det-may,A01,Điểm học bạ,2023,18.0,"Công nghệ dệt, may"
30586,DKC,cong-nghe-det-may,C01,Điểm học bạ,2023,18.0,"Công nghệ dệt, may"
30587,DKC,cong-nghe-det-may,D01,Điểm học bạ,2023,18.0,"Công nghệ dệt, may"
30588,DKC,cong-nghe-det-may,A00,Điểm thi THPT,2023,16.0,"Công nghệ dệt, may"
30589,DKC,cong-nghe-det-may,A01,Điểm thi THPT,2023,16.0,"Công nghệ dệt, may"
30590,DKC,cong-nghe-det-may,C01,Điểm thi THPT,2023,16.0,"Công nghệ dệt, may"
30591,DKC,cong-nghe-det-may,D01,Điểm thi THPT,2023,16.0,"Công nghệ dệt, may"
30592,DKC,cong-nghe-dien-anh-truyen-hinh,A00,Điểm học bạ,2022,18.0,"Công nghệ điện ảnh, truyền hình"
30593,DKC,cong-nghe-dien-anh-truyen-hinh,D01,Điểm học bạ,2022,18.0,"Công nghệ điện ảnh, truyền hình"
30594,DKC,cong-nghe-dien-anh-truyen-hinh,H01,Điểm học bạ,2022,18.0,"Công nghệ điện ảnh, truyền hình"
30595,DKC,cong-nghe-dien-anh-truyen-hinh,V00,Điểm học bạ,2022,18.0,"Công nghệ điện ảnh, truyền hình"
30596,DKC,cong-nghe-dien-anh-truyen-hinh,A00,Điểm thi THPT,2022,17.0,"Công nghệ điện ảnh, truyền hình"
30597,DKC,cong-nghe-dien-anh-truyen-hinh,D01,Điểm thi THPT,2022,17.0,"Công nghệ điện ảnh, truyền hình"
30598,DKC,cong-nghe-dien-anh-truyen-hinh,H01,Điểm thi THPT,2022,17.0,"Công nghệ điện ảnh, truyền hình"
30599,DKC,cong-nghe-dien-anh-truyen-hinh,V00,Điểm thi THPT,2022,17.0,"Công nghệ điện ảnh, truyền hình"
30600,DKC,cong-nghe-dien-anh-truyen-hinh,A00,Điểm học bạ,2023,18.0,"Công nghệ điện ảnh, truyền hình"
30601,DKC,cong-nghe-dien-anh-truyen-hinh,D01,Điểm học bạ,2023,18.0,"Công nghệ điện ảnh, truyền hình"
30602,DKC,cong-nghe-dien-anh-truyen-hinh,H01,Điểm học bạ,2023,18.0,"Công nghệ điện ảnh, truyền hình"
30603,DKC,cong-nghe-dien-anh-truyen-hinh,V00,Điểm học bạ,2023,18.0,"Công nghệ điện ảnh, truyền hình"
30604,DKC,cong-nghe-dien-anh-truyen-hinh,A00,Điểm thi THPT,2023,17.0,"Công nghệ điện ảnh, truyền hình"
30605,DKC,cong-nghe-dien-anh-truyen-hinh,D01,Điểm thi THPT,2023,17.0,"Công nghệ điện ảnh, truyền hình"
30606,DKC,cong-nghe-dien-anh-truyen-hinh,H01,Điểm thi THPT,2023,17.0,"Công nghệ điện ảnh, truyền hình"
30607,DKC,cong-nghe-dien-anh-truyen-hinh,V00,Điểm thi THPT,2023,17.0,"Công nghệ điện ảnh, truyền hình"
30608,DKC,cong-nghe-dien-anh-truyen-hinh,A00,Điểm học bạ,2024,18.0,"Công nghệ điện ảnh, truyền hình"
30609,DKC,cong-nghe-dien-anh-truyen-hinh,D01,Điểm học bạ,2024,18.0,"Công nghệ điện ảnh, truyền hình"
30610,DKC,cong-nghe-dien-anh-truyen-hinh,H01,Điểm học bạ,2024,18.0,"Công nghệ điện ảnh, truyền hình"
30611,DKC,cong-nghe-dien-anh-truyen-hinh,V00,Điểm học bạ,2024,18.0,"Công nghệ điện ảnh, truyền hình"
30612,DKC,cong-nghe-dien-anh-truyen-hinh,A00,Điểm thi THPT,2024,17.0,"Công nghệ điện ảnh, truyền hình"
30613,DKC,cong-nghe-dien-anh-truyen-hinh,D01,Điểm thi THPT,2024,17.0,"Công nghệ điện ảnh, truyền hình"
30614,DKC,cong-nghe-dien-anh-truyen-hinh,H01,Điểm thi THPT,2024,17.0,"Công nghệ điện ảnh, truyền hình"
30615,DKC,cong-nghe-dien-anh-truyen-hinh,V00,Điểm thi THPT,2024,17.0,"Công nghệ điện ảnh, truyền hình"
30616,DKC,cong-nghe-dien-anh-truyen-hinh,C01,Điểm học bạ,2025,18.0,"Công nghệ điện ảnh, truyền hình"
30617,DKC,cong-nghe-dien-anh-truyen-hinh,C03,Điểm học bạ,2025,18.0,"Công nghệ điện ảnh, truyền hình"
30618,DKC,cong-nghe-dien-anh-truyen-hinh,C04,Điểm học bạ,2025,18.0,"Công nghệ điện ảnh, truyền hình"
30619,DKC,cong-nghe-dien-anh-truyen-hinh,D01,Điểm học bạ,2025,18.0,"Công nghệ điện ảnh, truyền hình"
30620,DKC,cong-nghe-dien-anh-truyen-hinh,H01,Điểm học bạ,2025,18.0,"Công nghệ điện ảnh, truyền hình"
30621,DKC,cong-nghe-dien-anh-truyen-hinh,X02,Điểm học bạ,2025,18.0,"Công nghệ điện ảnh, truyền hình"
30622,DKC,cong-nghe-dien-anh-truyen-hinh,C01,Điểm thi THPT,2025,15.0,"Công nghệ điện ảnh, truyền hình"
30623,DKC,cong-nghe-dien-anh-truyen-hinh,C03,Điểm thi THPT,2025,15.0,"Công nghệ điện ảnh, truyền hình"
30624,DKC,cong-nghe-dien-anh-truyen-hinh,C04,Điểm thi THPT,2025,15.0,"Công nghệ điện ảnh, truyền hình"
30625,DKC,cong-nghe-dien-anh-truyen-hinh,D01,Điểm thi THPT,2025,15.0,"Công nghệ điện ảnh, truyền hình"
30626,DKC,cong-nghe-dien-anh-truyen-hinh,H01,Điểm thi THPT,2025,15.0,"Công nghệ điện ảnh, truyền hình"
30627,DKC,cong-nghe-dien-anh-truyen-hinh,X02,Điểm thi THPT,2025,15.0,"Công nghệ điện ảnh, truyền hình"
30628,DKC,cong-nghe-ky-thuat-o-to,A00,Điểm học bạ,2021,18.0,Công nghệ kỹ thuật ô tô
30629,DKC,cong-nghe-ky-thuat-o-to,A01,Điểm học bạ,2021,18.0,Công nghệ kỹ thuật ô tô
30630,DKC,cong-nghe-ky-thuat-o-to,C01,Điểm học bạ,2021,18.0,Công nghệ kỹ thuật ô tô
30631,DKC,cong-nghe-ky-thuat-o-to,D01,Điểm học bạ,2021,18.0,Công nghệ kỹ thuật ô tô
30632,DKC,cong-nghe-ky-thuat-o-to,A00,Điểm thi THPT,2021,20.0,Công nghệ kỹ thuật ô tô
30633,DKC,cong-nghe-ky-thuat-o-to,A01,Điểm thi THPT,2021,20.0,Công nghệ kỹ thuật ô tô
30634,DKC,cong-nghe-ky-thuat-o-to,C01,Điểm thi THPT,2021,20.0,Công nghệ kỹ thuật ô tô
30635,DKC,cong-nghe-ky-thuat-o-to,D01,Điểm thi THPT,2021,20.0,Công nghệ kỹ thuật ô tô
30636,DKC,cong-nghe-ky-thuat-o-to,A00,Điểm học bạ,2022,18.0,Công nghệ kỹ thuật ô tô
30637,DKC,cong-nghe-ky-thuat-o-to,A01,Điểm học bạ,2022,18.0,Công nghệ kỹ thuật ô tô
30638,DKC,cong-nghe-ky-thuat-o-to,C01,Điểm học bạ,2022,18.0,Công nghệ kỹ thuật ô tô
30639,DKC,cong-nghe-ky-thuat-o-to,D01,Điểm học bạ,2022,18.0,Công nghệ kỹ thuật ô tô
30640,DKC,cong-nghe-ky-thuat-o-to,A00,Điểm thi THPT,2022,19.0,Công nghệ kỹ thuật ô tô
30641,DKC,cong-nghe-ky-thuat-o-to,A01,Điểm thi THPT,2022,19.0,Công nghệ kỹ thuật ô tô
30642,DKC,cong-nghe-ky-thuat-o-to,C01,Điểm thi THPT,2022,19.0,Công nghệ kỹ thuật ô tô
30643,DKC,cong-nghe-ky-thuat-o-to,D01,Điểm thi THPT,2022,19.0,Công nghệ kỹ thuật ô tô
30644,DKC,cong-nghe-ky-thuat-o-to,A00,Điểm học bạ,2023,18.0,Công nghệ kỹ thuật ô tô
30645,DKC,cong-nghe-ky-thuat-o-to,A01,Điểm học bạ,2023,18.0,Công nghệ kỹ thuật ô tô
30646,DKC,cong-nghe-ky-thuat-o-to,C01,Điểm học bạ,2023,18.0,Công nghệ kỹ thuật ô tô
30647,DKC,cong-nghe-ky-thuat-o-to,D01,Điểm học bạ,2023,18.0,Công nghệ kỹ thuật ô tô
30648,DKC,cong-nghe-ky-thuat-o-to,A00,Điểm thi THPT,2023,20.0,Công nghệ kỹ thuật ô tô
30649,DKC,cong-nghe-ky-thuat-o-to,A01,Điểm thi THPT,2023,20.0,Công nghệ kỹ thuật ô tô
30650,DKC,cong-nghe-ky-thuat-o-to,C01,Điểm thi THPT,2023,20.0,Công nghệ kỹ thuật ô tô
30651,DKC,cong-nghe-ky-thuat-o-to,D01,Điểm thi THPT,2023,20.0,Công nghệ kỹ thuật ô tô
30652,DKC,cong-nghe-ky-thuat-o-to,A00,Điểm học bạ,2024,18.0,Công nghệ kỹ thuật ô tô
30653,DKC,cong-nghe-ky-thuat-o-to,A01,Điểm học bạ,2024,18.0,Công nghệ kỹ thuật ô tô
30654,DKC,cong-nghe-ky-thuat-o-to,C01,Điểm học bạ,2024,18.0,Công nghệ kỹ thuật ô tô
30655,DKC,cong-nghe-ky-thuat-o-to,D01,Điểm học bạ,2024,18.0,Công nghệ kỹ thuật ô tô
30656,DKC,cong-nghe-ky-thuat-o-to,A00,Điểm thi THPT,2024,20.0,Công nghệ kỹ thuật ô tô
30657,DKC,cong-nghe-ky-thuat-o-to,A01,Điểm thi THPT,2024,20.0,Công nghệ kỹ thuật ô tô
30658,DKC,cong-nghe-ky-thuat-o-to,C01,Điểm thi THPT,2024,20.0,Công nghệ kỹ thuật ô tô
30659,DKC,cong-nghe-ky-thuat-o-to,D01,Điểm thi THPT,2024,20.0,Công nghệ kỹ thuật ô tô
30660,DKC,cong-nghe-ky-thuat-o-to,C01,Điểm học bạ,2025,18.0,Công nghệ kỹ thuật ô tô
30661,DKC,cong-nghe-ky-thuat-o-to,C03,Điểm học bạ,2025,18.0,Công nghệ kỹ thuật ô tô
30662,DKC,cong-nghe-ky-thuat-o-to,C04,Điểm học bạ,2025,18.0,Công nghệ kỹ thuật ô tô
30663,DKC,cong-nghe-ky-thuat-o-to,D01,Điểm học bạ,2025,18.0,Công nghệ kỹ thuật ô tô
30664,DKC,cong-nghe-ky-thuat-o-to,X01,Điểm học bạ,2025,18.0,Công nghệ kỹ thuật ô tô
30665,DKC,cong-nghe-ky-thuat-o-to,X02,Điểm học bạ,2025,18.0,Công nghệ kỹ thuật ô tô
30666,DKC,cong-nghe-ky-thuat-o-to,C01,Điểm thi THPT,2025,15.0,Công nghệ kỹ thuật ô tô
30667,DKC,cong-nghe-ky-thuat-o-to,C03,Điểm thi THPT,2025,15.0,Công nghệ kỹ thuật ô tô
30668,DKC,cong-nghe-ky-thuat-o-to,C04,Điểm thi THPT,2025,15.0,Công nghệ kỹ thuật ô tô
30669,DKC,cong-nghe-ky-thuat-o-to,D01,Điểm thi THPT,2025,15.0,Công nghệ kỹ thuật ô tô
30670,DKC,cong-nghe-ky-thuat-o-to,X01,Điểm thi THPT,2025,15.0,Công nghệ kỹ thuật ô tô
30671,DKC,cong-nghe-ky-thuat-o-to,X02,Điểm thi THPT,2025,15.0,Công nghệ kỹ thuật ô tô
30672,DKC,cong-nghe-o-to-dien,A00,Điểm học bạ,2023,18.0,Công nghệ ô tô điện
30673,DKC,cong-nghe-o-to-dien,A01,Điểm học bạ,2023,18.0,Công nghệ ô tô điện
30674,DKC,cong-nghe-o-to-dien,C01,Điểm học bạ,2023,18.0,Công nghệ ô tô điện
30675,DKC,cong-nghe-o-to-dien,D01,Điểm học bạ,2023,18.0,Công nghệ ô tô điện
30676,DKC,cong-nghe-o-to-dien,A00,Điểm thi THPT,2023,19.0,Công nghệ ô tô điện
30677,DKC,cong-nghe-o-to-dien,A01,Điểm thi THPT,2023,19.0,Công nghệ ô tô điện
30678,DKC,cong-nghe-o-to-dien,C01,Điểm thi THPT,2023,19.0,Công nghệ ô tô điện
30679,DKC,cong-nghe-o-to-dien,D01,Điểm thi THPT,2023,19.0,Công nghệ ô tô điện
30680,DKC,cong-nghe-o-to-dien,A00,Điểm học bạ,2024,18.0,Công nghệ ô tô điện
30681,DKC,cong-nghe-o-to-dien,A01,Điểm học bạ,2024,18.0,Công nghệ ô tô điện
30682,DKC,cong-nghe-o-to-dien,C01,Điểm học bạ,2024,18.0,Công nghệ ô tô điện
30683,DKC,cong-nghe-o-to-dien,D01,Điểm học bạ,2024,18.0,Công nghệ ô tô điện
30684,DKC,cong-nghe-o-to-dien,A00,Điểm thi THPT,2024,19.0,Công nghệ ô tô điện
30685,DKC,cong-nghe-o-to-dien,A01,Điểm thi THPT,2024,19.0,Công nghệ ô tô điện
30686,DKC,cong-nghe-o-to-dien,C01,Điểm thi THPT,2024,19.0,Công nghệ ô tô điện
30687,DKC,cong-nghe-o-to-dien,D01,Điểm thi THPT,2024,19.0,Công nghệ ô tô điện
30688,DKC,cong-nghe-o-to-dien,C01,Điểm học bạ,2025,18.0,Công nghệ ô tô điện
30689,DKC,cong-nghe-o-to-dien,C03,Điểm học bạ,2025,18.0,Công nghệ ô tô điện
30690,DKC,cong-nghe-o-to-dien,C04,Điểm học bạ,2025,18.0,Công nghệ ô tô điện
30691,DKC,cong-nghe-o-to-dien,D01,Điểm học bạ,2025,18.0,Công nghệ ô tô điện
30692,DKC,cong-nghe-o-to-dien,X01,Điểm học bạ,2025,18.0,Công nghệ ô tô điện
30693,DKC,cong-nghe-o-to-dien,X02,Điểm học bạ,2025,18.0,Công nghệ ô tô điện
30694,DKC,cong-nghe-o-to-dien,C01,Điểm thi THPT,2025,15.0,Công nghệ ô tô điện
30695,DKC,cong-nghe-o-to-dien,C03,Điểm thi THPT,2025,15.0,Công nghệ ô tô điện
30696,DKC,cong-nghe-o-to-dien,C04,Điểm thi THPT,2025,15.0,Công nghệ ô tô điện
30697,DKC,cong-nghe-o-to-dien,D01,Điểm thi THPT,2025,15.0,Công nghệ ô tô điện
30698,DKC,cong-nghe-o-to-dien,X01,Điểm thi THPT,2025,15.0,Công nghệ ô tô điện
30699,DKC,cong-nghe-o-to-dien,X02,Điểm thi THPT,2025,15.0,Công nghệ ô tô điện
30700,DKC,cong-nghe-sinh-hoc,A00,Điểm học bạ,2021,18.0,Công nghệ sinh học
30701,DKC,cong-nghe-sinh-hoc,B00,Điểm học bạ,2021,18.0,Công nghệ sinh học
30702,DKC,cong-nghe-sinh-hoc,C08,Điểm học bạ,2021,18.0,Công nghệ sinh học
30703,DKC,cong-nghe-sinh-hoc,D07,Điểm học bạ,2021,18.0,Công nghệ sinh học
30704,DKC,cong-nghe-sinh-hoc,A00,Điểm thi THPT,2021,18.0,Công nghệ sinh học
30705,DKC,cong-nghe-sinh-hoc,B00,Điểm thi THPT,2021,18.0,Công nghệ sinh học
30706,DKC,cong-nghe-sinh-hoc,C08,Điểm thi THPT,2021,18.0,Công nghệ sinh học
30707,DKC,cong-nghe-sinh-hoc,D07,Điểm thi THPT,2021,18.0,Công nghệ sinh học
30708,DKC,cong-nghe-sinh-hoc,A00,Điểm học bạ,2022,18.0,Công nghệ sinh học
30709,DKC,cong-nghe-sinh-hoc,B00,Điểm học bạ,2022,18.0,Công nghệ sinh học
30710,DKC,cong-nghe-sinh-hoc,C08,Điểm học bạ,2022,18.0,Công nghệ sinh học
30711,DKC,cong-nghe-sinh-hoc,D07,Điểm học bạ,2022,18.0,Công nghệ sinh học
30712,DKC,cong-nghe-sinh-hoc,A00,Điểm thi THPT,2022,17.0,Công nghệ sinh học
30713,DKC,cong-nghe-sinh-hoc,B00,Điểm thi THPT,2022,17.0,Công nghệ sinh học
30714,DKC,cong-nghe-sinh-hoc,C08,Điểm thi THPT,2022,17.0,Công nghệ sinh học
30715,DKC,cong-nghe-sinh-hoc,D07,Điểm thi THPT,2022,17.0,Công nghệ sinh học
30716,DKC,cong-nghe-sinh-hoc,A00,Điểm học bạ,2023,18.0,Công nghệ sinh học
30717,DKC,cong-nghe-sinh-hoc,B00,Điểm học bạ,2023,18.0,Công nghệ sinh học
30718,DKC,cong-nghe-sinh-hoc,C08,Điểm học bạ,2023,18.0,Công nghệ sinh học
30719,DKC,cong-nghe-sinh-hoc,D07,Điểm học bạ,2023,18.0,Công nghệ sinh học
30720,DKC,cong-nghe-sinh-hoc,A00,Điểm thi THPT,2023,16.0,Công nghệ sinh học
30721,DKC,cong-nghe-sinh-hoc,B00,Điểm thi THPT,2023,16.0,Công nghệ sinh học
30722,DKC,cong-nghe-sinh-hoc,C08,Điểm thi THPT,2023,16.0,Công nghệ sinh học
30723,DKC,cong-nghe-sinh-hoc,D07,Điểm thi THPT,2023,16.0,Công nghệ sinh học
30724,DKC,cong-nghe-sinh-hoc,A00,Điểm học bạ,2024,18.0,Công nghệ sinh học
30725,DKC,cong-nghe-sinh-hoc,B00,Điểm học bạ,2024,18.0,Công nghệ sinh học
30726,DKC,cong-nghe-sinh-hoc,C08,Điểm học bạ,2024,18.0,Công nghệ sinh học
30727,DKC,cong-nghe-sinh-hoc,D07,Điểm học bạ,2024,18.0,Công nghệ sinh học
30728,DKC,cong-nghe-sinh-hoc,A00,Điểm thi THPT,2024,16.0,Công nghệ sinh học
30729,DKC,cong-nghe-sinh-hoc,B00,Điểm thi THPT,2024,16.0,Công nghệ sinh học
30730,DKC,cong-nghe-sinh-hoc,C08,Điểm thi THPT,2024,16.0,Công nghệ sinh học
30731,DKC,cong-nghe-sinh-hoc,D07,Điểm thi THPT,2024,16.0,Công nghệ sinh học
30732,DKC,cong-nghe-sinh-hoc,B03,Điểm học bạ,2025,18.0,Công nghệ sinh học
30733,DKC,cong-nghe-sinh-hoc,C01,Điểm học bạ,2025,18.0,Công nghệ sinh học
30734,DKC,cong-nghe-sinh-hoc,C02,Điểm học bạ,2025,18.0,Công nghệ sinh học
30735,DKC,cong-nghe-sinh-hoc,D01,Điểm học bạ,2025,18.0,Công nghệ sinh học
30736,DKC,cong-nghe-sinh-hoc,X01,Điểm học bạ,2025,18.0,Công nghệ sinh học
30737,DKC,cong-nghe-sinh-hoc,X02,Điểm học bạ,2025,18.0,Công nghệ sinh học
30738,DKC,cong-nghe-sinh-hoc,B03,Điểm thi THPT,2025,15.0,Công nghệ sinh học
30739,DKC,cong-nghe-sinh-hoc,C01,Điểm thi THPT,2025,15.0,Công nghệ sinh học
30740,DKC,cong-nghe-sinh-hoc,C02,Điểm thi THPT,2025,15.0,Công nghệ sinh học
30741,DKC,cong-nghe-sinh-hoc,D01,Điểm thi THPT,2025,15.0,Công nghệ sinh học
30742,DKC,cong-nghe-sinh-hoc,X01,Điểm thi THPT,2025,15.0,Công nghệ sinh học
30743,DKC,cong-nghe-sinh-hoc,X02,Điểm thi THPT,2025,15.0,Công nghệ sinh học
30744,DKC,cong-nghe-tai-chinh,A00,Điểm học bạ,2024,18.0,Công nghệ tài chính
30745,DKC,cong-nghe-tai-chinh,A01,Điểm học bạ,2024,18.0,Công nghệ tài chính
30746,DKC,cong-nghe-tai-chinh,C01,Điểm học bạ,2024,18.0,Công nghệ tài chính
30747,DKC,cong-nghe-tai-chinh,D01,Điểm học bạ,2024,18.0,Công nghệ tài chính
30748,DKC,cong-nghe-tai-chinh,A00,Điểm thi THPT,2024,16.0,Công nghệ tài chính
30749,DKC,cong-nghe-tai-chinh,A01,Điểm thi THPT,2024,16.0,Công nghệ tài chính
30750,DKC,cong-nghe-tai-chinh,C01,Điểm thi THPT,2024,16.0,Công nghệ tài chính
30751,DKC,cong-nghe-tai-chinh,D01,Điểm thi THPT,2024,16.0,Công nghệ tài chính
30752,DKC,cong-nghe-tai-chinh,C01,Điểm học bạ,2025,18.0,Công nghệ tài chính
30753,DKC,cong-nghe-tai-chinh,C03,Điểm học bạ,2025,18.0,Công nghệ tài chính
30754,DKC,cong-nghe-tai-chinh,C04,Điểm học bạ,2025,18.0,Công nghệ tài chính
30755,DKC,cong-nghe-tai-chinh,D01,Điểm học bạ,2025,18.0,Công nghệ tài chính
30756,DKC,cong-nghe-tai-chinh,X01,Điểm học bạ,2025,18.0,Công nghệ tài chính
30757,DKC,cong-nghe-tai-chinh,X02,Điểm học bạ,2025,18.0,Công nghệ tài chính
30758,DKC,cong-nghe-tai-chinh,C01,Điểm thi THPT,2025,15.0,Công nghệ tài chính
30759,DKC,cong-nghe-tai-chinh,C03,Điểm thi THPT,2025,15.0,Công nghệ tài chính
30760,DKC,cong-nghe-tai-chinh,C04,Điểm thi THPT,2025,15.0,Công nghệ tài chính
30761,DKC,cong-nghe-tai-chinh,D01,Điểm thi THPT,2025,15.0,Công nghệ tài chính
30762,DKC,cong-nghe-tai-chinh,X01,Điểm thi THPT,2025,15.0,Công nghệ tài chính
30763,DKC,cong-nghe-tai-chinh,X02,Điểm thi THPT,2025,15.0,Công nghệ tài chính
30764,DKC,cong-nghe-tham-my,A00,Điểm học bạ,2024,18.0,Công nghệ thẩm mỹ
30765,DKC,cong-nghe-tham-my,B00,Điểm học bạ,2024,18.0,Công nghệ thẩm mỹ
30766,DKC,cong-nghe-tham-my,C08,Điểm học bạ,2024,18.0,Công nghệ thẩm mỹ
30767,DKC,cong-nghe-tham-my,D07,Điểm học bạ,2024,18.0,Công nghệ thẩm mỹ
30768,DKC,cong-nghe-tham-my,A00,Điểm thi THPT,2024,16.0,Công nghệ thẩm mỹ
30769,DKC,cong-nghe-tham-my,B00,Điểm thi THPT,2024,16.0,Công nghệ thẩm mỹ
30770,DKC,cong-nghe-tham-my,C08,Điểm thi THPT,2024,16.0,Công nghệ thẩm mỹ
30771,DKC,cong-nghe-tham-my,D07,Điểm thi THPT,2024,16.0,Công nghệ thẩm mỹ
30772,DKC,cong-nghe-tham-my,B03,Điểm học bạ,2025,18.0,Công nghệ thẩm mỹ
30773,DKC,cong-nghe-tham-my,C01,Điểm học bạ,2025,18.0,Công nghệ thẩm mỹ
30774,DKC,cong-nghe-tham-my,C02,Điểm học bạ,2025,18.0,Công nghệ thẩm mỹ
30775,DKC,cong-nghe-tham-my,D01,Điểm học bạ,2025,18.0,Công nghệ thẩm mỹ
30776,DKC,cong-nghe-tham-my,X01,Điểm học bạ,2025,18.0,Công nghệ thẩm mỹ
30777,DKC,cong-nghe-tham-my,X02,Điểm học bạ,2025,18.0,Công nghệ thẩm mỹ
30778,DKC,cong-nghe-tham-my,B03,Điểm thi THPT,2025,15.0,Công nghệ thẩm mỹ
30779,DKC,cong-nghe-tham-my,C01,Điểm thi THPT,2025,15.0,Công nghệ thẩm mỹ
30780,DKC,cong-nghe-tham-my,C02,Điểm thi THPT,2025,15.0,Công nghệ thẩm mỹ
30781,DKC,cong-nghe-tham-my,D01,Điểm thi THPT,2025,15.0,Công nghệ thẩm mỹ
30782,DKC,cong-nghe-tham-my,X01,Điểm thi THPT,2025,15.0,Công nghệ thẩm mỹ
30783,DKC,cong-nghe-tham-my,X02,Điểm thi THPT,2025,15.0,Công nghệ thẩm mỹ
30784,DKC,cong-nghe-thong-tin,A00,Điểm học bạ,2021,18.0,Công nghệ thông tin
30785,DKC,cong-nghe-thong-tin,A01,Điểm học bạ,2021,18.0,Công nghệ thông tin
30786,DKC,cong-nghe-thong-tin,C01,Điểm học bạ,2021,18.0,Công nghệ thông tin
30787,DKC,cong-nghe-thong-tin,D01,Điểm học bạ,2021,18.0,Công nghệ thông tin
30788,DKC,cong-nghe-thong-tin,A00,Điểm thi THPT,2021,20.0,Công nghệ thông tin
30789,DKC,cong-nghe-thong-tin,A01,Điểm thi THPT,2021,20.0,Công nghệ thông tin
30790,DKC,cong-nghe-thong-tin,C01,Điểm thi THPT,2021,20.0,Công nghệ thông tin
30791,DKC,cong-nghe-thong-tin,D01,Điểm thi THPT,2021,20.0,Công nghệ thông tin
30792,DKC,cong-nghe-thong-tin,A00,Điểm học bạ,2022,18.0,Công nghệ thông tin
30793,DKC,cong-nghe-thong-tin,A01,Điểm học bạ,2022,18.0,Công nghệ thông tin
30794,DKC,cong-nghe-thong-tin,C01,Điểm học bạ,2022,18.0,Công nghệ thông tin
30795,DKC,cong-nghe-thong-tin,D01,Điểm học bạ,2022,18.0,Công nghệ thông tin
30796,DKC,cong-nghe-thong-tin,A00,Điểm thi THPT,2022,20.0,Công nghệ thông tin
30797,DKC,cong-nghe-thong-tin,A01,Điểm thi THPT,2022,20.0,Công nghệ thông tin
30798,DKC,cong-nghe-thong-tin,C01,Điểm thi THPT,2022,20.0,Công nghệ thông tin
30799,DKC,cong-nghe-thong-tin,D01,Điểm thi THPT,2022,20.0,Công nghệ thông tin
30800,DKC,cong-nghe-thong-tin,A00,Điểm học bạ,2023,18.0,Công nghệ thông tin
30801,DKC,cong-nghe-thong-tin,A01,Điểm học bạ,2023,18.0,Công nghệ thông tin
30802,DKC,cong-nghe-thong-tin,C01,Điểm học bạ,2023,18.0,Công nghệ thông tin
30803,DKC,cong-nghe-thong-tin,D01,Điểm học bạ,2023,18.0,Công nghệ thông tin
30804,DKC,cong-nghe-thong-tin,A00,Điểm thi THPT,2023,21.0,Công nghệ thông tin
30805,DKC,cong-nghe-thong-tin,A01,Điểm thi THPT,2023,21.0,Công nghệ thông tin
30806,DKC,cong-nghe-thong-tin,C01,Điểm thi THPT,2023,21.0,Công nghệ thông tin
30807,DKC,cong-nghe-thong-tin,D01,Điểm thi THPT,2023,21.0,Công nghệ thông tin
30808,DKC,cong-nghe-thong-tin,A00,Điểm học bạ,2024,18.0,Công nghệ thông tin
30809,DKC,cong-nghe-thong-tin,A01,Điểm học bạ,2024,18.0,Công nghệ thông tin
30810,DKC,cong-nghe-thong-tin,C01,Điểm học bạ,2024,18.0,Công nghệ thông tin
30811,DKC,cong-nghe-thong-tin,D01,Điểm học bạ,2024,18.0,Công nghệ thông tin
30812,DKC,cong-nghe-thong-tin,A00,Điểm thi THPT,2024,21.0,Công nghệ thông tin
30813,DKC,cong-nghe-thong-tin,A01,Điểm thi THPT,2024,21.0,Công nghệ thông tin
30814,DKC,cong-nghe-thong-tin,C01,Điểm thi THPT,2024,21.0,Công nghệ thông tin
30815,DKC,cong-nghe-thong-tin,D01,Điểm thi THPT,2024,21.0,Công nghệ thông tin
30816,DKC,cong-nghe-thong-tin,C01,Điểm học bạ,2025,18.0,Công nghệ thông tin
30817,DKC,cong-nghe-thong-tin,C03,Điểm học bạ,2025,18.0,Công nghệ thông tin
30818,DKC,cong-nghe-thong-tin,C04,Điểm học bạ,2025,18.0,Công nghệ thông tin
30819,DKC,cong-nghe-thong-tin,D01,Điểm học bạ,2025,18.0,Công nghệ thông tin
30820,DKC,cong-nghe-thong-tin,X01,Điểm học bạ,2025,18.0,Công nghệ thông tin
30821,DKC,cong-nghe-thong-tin,X02,Điểm học bạ,2025,18.0,Công nghệ thông tin
30822,DKC,cong-nghe-thong-tin,C01,Điểm thi THPT,2025,15.0,Công nghệ thông tin
30823,DKC,cong-nghe-thong-tin,C03,Điểm thi THPT,2025,15.0,Công nghệ thông tin
30824,DKC,cong-nghe-thong-tin,C04,Điểm thi THPT,2025,15.0,Công nghệ thông tin
30825,DKC,cong-nghe-thong-tin,D01,Điểm thi THPT,2025,15.0,Công nghệ thông tin
30826,DKC,cong-nghe-thong-tin,X01,Điểm thi THPT,2025,15.0,Công nghệ thông tin
30827,DKC,cong-nghe-thong-tin,X02,Điểm thi THPT,2025,15.0,Công nghệ thông tin
30828,DKC,cong-nghe-thuc-pham,A00,Điểm học bạ,2021,18.0,Công nghệ thực phẩm
30829,DKC,cong-nghe-thuc-pham,B00,Điểm học bạ,2021,18.0,Công nghệ thực phẩm
30830,DKC,cong-nghe-thuc-pham,C08,Điểm học bạ,2021,18.0,Công nghệ thực phẩm
30831,DKC,cong-nghe-thuc-pham,D07,Điểm học bạ,2021,18.0,Công nghệ thực phẩm
30832,DKC,cong-nghe-thuc-pham,A00,Điểm thi THPT,2021,18.0,Công nghệ thực phẩm
30833,DKC,cong-nghe-thuc-pham,B00,Điểm thi THPT,2021,18.0,Công nghệ thực phẩm
30834,DKC,cong-nghe-thuc-pham,C08,Điểm thi THPT,2021,18.0,Công nghệ thực phẩm
30835,DKC,cong-nghe-thuc-pham,D07,Điểm thi THPT,2021,18.0,Công nghệ thực phẩm
30836,DKC,cong-nghe-thuc-pham,A00,Điểm học bạ,2022,18.0,Công nghệ thực phẩm
30837,DKC,cong-nghe-thuc-pham,B00,Điểm học bạ,2022,18.0,Công nghệ thực phẩm
30838,DKC,cong-nghe-thuc-pham,C08,Điểm học bạ,2022,18.0,Công nghệ thực phẩm
30839,DKC,cong-nghe-thuc-pham,D07,Điểm học bạ,2022,18.0,Công nghệ thực phẩm
30840,DKC,cong-nghe-thuc-pham,A00,Điểm thi THPT,2022,17.0,Công nghệ thực phẩm
30841,DKC,cong-nghe-thuc-pham,B00,Điểm thi THPT,2022,17.0,Công nghệ thực phẩm
30842,DKC,cong-nghe-thuc-pham,C08,Điểm thi THPT,2022,17.0,Công nghệ thực phẩm
30843,DKC,cong-nghe-thuc-pham,D07,Điểm thi THPT,2022,17.0,Công nghệ thực phẩm
30844,DKC,cong-nghe-thuc-pham,A00,Điểm học bạ,2023,18.0,Công nghệ thực phẩm
30845,DKC,cong-nghe-thuc-pham,B00,Điểm học bạ,2023,18.0,Công nghệ thực phẩm
30846,DKC,cong-nghe-thuc-pham,C08,Điểm học bạ,2023,18.0,Công nghệ thực phẩm
30847,DKC,cong-nghe-thuc-pham,D07,Điểm học bạ,2023,18.0,Công nghệ thực phẩm
30848,DKC,cong-nghe-thuc-pham,A00,Điểm thi THPT,2023,17.0,Công nghệ thực phẩm
30849,DKC,cong-nghe-thuc-pham,B00,Điểm thi THPT,2023,17.0,Công nghệ thực phẩm
30850,DKC,cong-nghe-thuc-pham,C08,Điểm thi THPT,2023,17.0,Công nghệ thực phẩm
30851,DKC,cong-nghe-thuc-pham,D07,Điểm thi THPT,2023,17.0,Công nghệ thực phẩm
30852,DKC,cong-nghe-thuc-pham,A00,Điểm học bạ,2024,18.0,Công nghệ thực phẩm
30853,DKC,cong-nghe-thuc-pham,B00,Điểm học bạ,2024,18.0,Công nghệ thực phẩm
30854,DKC,cong-nghe-thuc-pham,C08,Điểm học bạ,2024,18.0,Công nghệ thực phẩm
30855,DKC,cong-nghe-thuc-pham,D07,Điểm học bạ,2024,18.0,Công nghệ thực phẩm
30856,DKC,cong-nghe-thuc-pham,A00,Điểm thi THPT,2024,17.0,Công nghệ thực phẩm
30857,DKC,cong-nghe-thuc-pham,B00,Điểm thi THPT,2024,17.0,Công nghệ thực phẩm
30858,DKC,cong-nghe-thuc-pham,C08,Điểm thi THPT,2024,17.0,Công nghệ thực phẩm
30859,DKC,cong-nghe-thuc-pham,D07,Điểm thi THPT,2024,17.0,Công nghệ thực phẩm
30860,DKC,cong-nghe-thuc-pham,B03,Điểm học bạ,2025,18.0,Công nghệ thực phẩm
30861,DKC,cong-nghe-thuc-pham,C01,Điểm học bạ,2025,18.0,Công nghệ thực phẩm
30862,DKC,cong-nghe-thuc-pham,C02,Điểm học bạ,2025,18.0,Công nghệ thực phẩm
30863,DKC,cong-nghe-thuc-pham,D01,Điểm học bạ,2025,18.0,Công nghệ thực phẩm
30864,DKC,cong-nghe-thuc-pham,X01,Điểm học bạ,2025,18.0,Công nghệ thực phẩm
30865,DKC,cong-nghe-thuc-pham,X02,Điểm học bạ,2025,18.0,Công nghệ thực phẩm
30866,DKC,cong-nghe-thuc-pham,B03,Điểm thi THPT,2025,15.0,Công nghệ thực phẩm
30867,DKC,cong-nghe-thuc-pham,C01,Điểm thi THPT,2025,15.0,Công nghệ thực phẩm
30868,DKC,cong-nghe-thuc-pham,C02,Điểm thi THPT,2025,15.0,Công nghệ thực phẩm
30869,DKC,cong-nghe-thuc-pham,D01,Điểm thi THPT,2025,15.0,Công nghệ thực phẩm
30870,DKC,cong-nghe-thuc-pham,X01,Điểm thi THPT,2025,15.0,Công nghệ thực phẩm
30871,DKC,cong-nghe-thuc-pham,X02,Điểm thi THPT,2025,15.0,Công nghệ thực phẩm
30872,DKC,dieu-duong,A00,Điểm học bạ,2021,19.5,Điều dưỡng
30873,DKC,dieu-duong,B00,Điểm học bạ,2021,19.5,Điều dưỡng
30874,DKC,dieu-duong,C08,Điểm học bạ,2021,19.5,Điều dưỡng
30875,DKC,dieu-duong,D07,Điểm học bạ,2021,19.5,Điều dưỡng
30876,DKC,dieu-duong,A00,Điểm thi THPT,2021,20.0,Điều dưỡng
30877,DKC,dieu-duong,B00,Điểm thi THPT,2021,20.0,Điều dưỡng
30878,DKC,dieu-duong,C08,Điểm thi THPT,2021,20.0,Điều dưỡng
30879,DKC,dieu-duong,D07,Điểm thi THPT,2021,20.0,Điều dưỡng
30880,DKC,dieu-duong,A00,Điểm học bạ,2022,19.5,Điều dưỡng
30881,DKC,dieu-duong,B00,Điểm học bạ,2022,19.5,Điều dưỡng
30882,DKC,dieu-duong,C08,Điểm học bạ,2022,19.5,Điều dưỡng
30883,DKC,dieu-duong,D07,Điểm học bạ,2022,19.5,Điều dưỡng
30884,DKC,dieu-duong,A00,Điểm thi THPT,2022,19.0,Điều dưỡng
30885,DKC,dieu-duong,B00,Điểm thi THPT,2022,19.0,Điều dưỡng
30886,DKC,dieu-duong,C08,Điểm thi THPT,2022,19.0,Điều dưỡng
30887,DKC,dieu-duong,D07,Điểm thi THPT,2022,19.0,Điều dưỡng
30888,DKC,dieu-duong,A00,Điểm học bạ,2023,19.5,Điều dưỡng
30889,DKC,dieu-duong,B00,Điểm học bạ,2023,19.5,Điều dưỡng
30890,DKC,dieu-duong,C08,Điểm học bạ,2023,19.5,Điều dưỡng
30891,DKC,dieu-duong,D07,Điểm học bạ,2023,19.5,Điều dưỡng
30892,DKC,dieu-duong,A00,Điểm thi THPT,2023,19.0,Điều dưỡng
30893,DKC,dieu-duong,B00,Điểm thi THPT,2023,19.0,Điều dưỡng
30894,DKC,dieu-duong,C08,Điểm thi THPT,2023,19.0,Điều dưỡng
30895,DKC,dieu-duong,D07,Điểm thi THPT,2023,19.0,Điều dưỡng
30896,DKC,dieu-duong,A00,Điểm học bạ,2024,19.5,Điều dưỡng
30897,DKC,dieu-duong,B00,Điểm học bạ,2024,19.5,Điều dưỡng
30898,DKC,dieu-duong,C08,Điểm học bạ,2024,19.5,Điều dưỡng
30899,DKC,dieu-duong,D07,Điểm học bạ,2024,19.5,Điều dưỡng
30900,DKC,dieu-duong,A00,Điểm thi THPT,2024,19.0,Điều dưỡng
30901,DKC,dieu-duong,B00,Điểm thi THPT,2024,19.0,Điều dưỡng
30902,DKC,dieu-duong,C08,Điểm thi THPT,2024,19.0,Điều dưỡng
30903,DKC,dieu-duong,D07,Điểm thi THPT,2024,19.0,Điều dưỡng
30904,DKC,dieu-duong,A00,Điểm học bạ,2025,19.0,Điều dưỡng
30905,DKC,dieu-duong,B00,Điểm học bạ,2025,19.0,Điều dưỡng
30906,DKC,dieu-duong,B03,Điểm học bạ,2025,19.0,Điều dưỡng
30907,DKC,dieu-duong,C02,Điểm học bạ,2025,19.0,Điều dưỡng
30908,DKC,dieu-duong,D07,Điểm học bạ,2025,19.0,Điều dưỡng
30909,DKC,dieu-duong,X09,Điểm học bạ,2025,19.0,Điều dưỡng
30910,DKC,dieu-duong,A00,Điểm thi THPT,2025,17.0,Điều dưỡng
30911,DKC,dieu-duong,B00,Điểm thi THPT,2025,17.0,Điều dưỡng
30912,DKC,dieu-duong,B03,Điểm thi THPT,2025,17.0,Điều dưỡng
30913,DKC,dieu-duong,C02,Điểm thi THPT,2025,17.0,Điều dưỡng
30914,DKC,dieu-duong,D07,Điểm thi THPT,2025,17.0,Điều dưỡng
30915,DKC,dieu-duong,X09,Điểm thi THPT,2025,17.0,Điều dưỡng
30916,DKC,digital-art,A00,Điểm học bạ,2023,18.0,Digital Art (Nghệ thuật số)
30917,DKC,digital-art,D01,Điểm học bạ,2023,18.0,Digital Art (Nghệ thuật số)
30918,DKC,digital-art,H01,Điểm học bạ,2023,18.0,Digital Art (Nghệ thuật số)
30919,DKC,digital-art,V00,Điểm học bạ,2023,18.0,Digital Art (Nghệ thuật số)
30920,DKC,digital-art,A00,Điểm thi THPT,2023,17.0,Digital Art (Nghệ thuật số)
30921,DKC,digital-art,D01,Điểm thi THPT,2023,17.0,Digital Art (Nghệ thuật số)
30922,DKC,digital-art,H01,Điểm thi THPT,2023,17.0,Digital Art (Nghệ thuật số)
30923,DKC,digital-art,V00,Điểm thi THPT,2023,17.0,Digital Art (Nghệ thuật số)
30924,DKC,digital-art,A00,Điểm học bạ,2024,18.0,Digital Art (Nghệ thuật số)
30925,DKC,digital-art,D01,Điểm học bạ,2024,18.0,Digital Art (Nghệ thuật số)
30926,DKC,digital-art,H01,Điểm học bạ,2024,18.0,Digital Art (Nghệ thuật số)
30927,DKC,digital-art,V00,Điểm học bạ,2024,18.0,Digital Art (Nghệ thuật số)
30928,DKC,digital-marketing,A00,Điểm học bạ,2022,18.0,Digital Marketing (Marketing số)
30929,DKC,digital-marketing,A01,Điểm học bạ,2022,18.0,Digital Marketing (Marketing số)
30930,DKC,digital-marketing,C00,Điểm học bạ,2022,18.0,Digital Marketing (Marketing số)
30931,DKC,digital-marketing,D01,Điểm học bạ,2022,18.0,Digital Marketing (Marketing số)
30932,DKC,digital-marketing,A00,Điểm thi THPT,2022,18.0,Digital Marketing (Marketing số)
30933,DKC,digital-marketing,A01,Điểm thi THPT,2022,18.0,Digital Marketing (Marketing số)
30934,DKC,digital-marketing,C00,Điểm thi THPT,2022,18.0,Digital Marketing (Marketing số)
30935,DKC,digital-marketing,D01,Điểm thi THPT,2022,18.0,Digital Marketing (Marketing số)
30936,DKC,digital-marketing,A00,Điểm học bạ,2023,18.0,Digital Marketing (Marketing số)
30937,DKC,digital-marketing,A01,Điểm học bạ,2023,18.0,Digital Marketing (Marketing số)
30938,DKC,digital-marketing,C00,Điểm học bạ,2023,18.0,Digital Marketing (Marketing số)
30939,DKC,digital-marketing,D01,Điểm học bạ,2023,18.0,Digital Marketing (Marketing số)
30940,DKC,digital-marketing,A00,Điểm thi THPT,2023,19.0,Digital Marketing
30941,DKC,digital-marketing,A01,Điểm thi THPT,2023,19.0,Digital Marketing
30942,DKC,digital-marketing,C00,Điểm thi THPT,2023,19.0,Digital Marketing
30943,DKC,digital-marketing,D01,Điểm thi THPT,2023,19.0,Digital Marketing
30944,DKC,digital-marketing,A00,Điểm học bạ,2024,18.0,Digital Marketing (Marketing số)
30945,DKC,digital-marketing,A01,Điểm học bạ,2024,18.0,Digital Marketing (Marketing số)
30946,DKC,digital-marketing,C00,Điểm học bạ,2024,18.0,Digital Marketing (Marketing số)
30947,DKC,digital-marketing,D01,Điểm học bạ,2024,18.0,Digital Marketing (Marketing số)
30948,DKC,digital-marketing,A00,Điểm thi THPT,2024,19.0,Digital Marketing (Marketing số)
30949,DKC,digital-marketing,A01,Điểm thi THPT,2024,19.0,Digital Marketing (Marketing số)
30950,DKC,digital-marketing,C00,Điểm thi THPT,2024,19.0,Digital Marketing (Marketing số)
30951,DKC,digital-marketing,D01,Điểm thi THPT,2024,19.0,Digital Marketing (Marketing số)
30952,DKC,digital-marketing,C01,Điểm học bạ,2025,18.0,Digital Marketing
30953,DKC,digital-marketing,C03,Điểm học bạ,2025,18.0,Digital Marketing
30954,DKC,digital-marketing,C04,Điểm học bạ,2025,18.0,Digital Marketing
30955,DKC,digital-marketing,D01,Điểm học bạ,2025,18.0,Digital Marketing
30956,DKC,digital-marketing,X01,Điểm học bạ,2025,18.0,Digital Marketing
30957,DKC,digital-marketing,X02,Điểm học bạ,2025,18.0,Digital Marketing
30958,DKC,digital-marketing,C01,Điểm thi THPT,2025,15.0,Digital Marketing
30959,DKC,digital-marketing,C03,Điểm thi THPT,2025,15.0,Digital Marketing
30960,DKC,digital-marketing,C04,Điểm thi THPT,2025,15.0,Digital Marketing
30961,DKC,digital-marketing,D01,Điểm thi THPT,2025,15.0,Digital Marketing
30962,DKC,digital-marketing,X01,Điểm thi THPT,2025,15.0,Digital Marketing
30963,DKC,digital-marketing,X02,Điểm thi THPT,2025,15.0,Digital Marketing
30964,DKC,dinh-duong-va-khoa-hoc-thuc-pham,A00,Điểm học bạ,2022,18.0,Dinh dưỡng và khoa học thực phẩm
30965,DKC,dinh-duong-va-khoa-hoc-thuc-pham,B00,Điểm học bạ,2022,18.0,Dinh dưỡng và khoa học thực phẩm
30966,DKC,dinh-duong-va-khoa-hoc-thuc-pham,C08,Điểm học bạ,2022,18.0,Dinh dưỡng và khoa học thực phẩm
30967,DKC,dinh-duong-va-khoa-hoc-thuc-pham,D07,Điểm học bạ,2022,18.0,Dinh dưỡng và khoa học thực phẩm
30968,DKC,dinh-duong-va-khoa-hoc-thuc-pham,A00,Điểm thi THPT,2022,17.0,Dinh dưỡng và khoa học thực phẩm
30969,DKC,dinh-duong-va-khoa-hoc-thuc-pham,B00,Điểm thi THPT,2022,17.0,Dinh dưỡng và khoa học thực phẩm
30970,DKC,dinh-duong-va-khoa-hoc-thuc-pham,C08,Điểm thi THPT,2022,17.0,Dinh dưỡng và khoa học thực phẩm
30971,DKC,dinh-duong-va-khoa-hoc-thuc-pham,D07,Điểm thi THPT,2022,17.0,Dinh dưỡng và khoa học thực phẩm
30972,DKC,dong-phuong-hoc,A01,Điểm học bạ,2021,18.0,Đông phương học
30973,DKC,dong-phuong-hoc,C00,Điểm học bạ,2021,18.0,Đông phương học
30974,DKC,dong-phuong-hoc,D01,Điểm học bạ,2021,18.0,Đông phương học
30975,DKC,dong-phuong-hoc,D15,Điểm học bạ,2021,18.0,Đông phương học
30976,DKC,dong-phuong-hoc,A01,Điểm thi THPT,2021,18.0,Đông phương học
30977,DKC,dong-phuong-hoc,C00,Điểm thi THPT,2021,18.0,Đông phương học
30978,DKC,dong-phuong-hoc,D01,Điểm thi THPT,2021,18.0,Đông phương học
30979,DKC,dong-phuong-hoc,D15,Điểm thi THPT,2021,18.0,Đông phương học
30980,DKC,dong-phuong-hoc,A01,Điểm học bạ,2022,18.0,Đông phương học
30981,DKC,dong-phuong-hoc,C00,Điểm học bạ,2022,18.0,Đông phương học
30982,DKC,dong-phuong-hoc,D01,Điểm học bạ,2022,18.0,Đông phương học
30983,DKC,dong-phuong-hoc,D15,Điểm học bạ,2022,18.0,Đông phương học
30984,DKC,dong-phuong-hoc,A01,Điểm thi THPT,2022,17.0,Đông phương học
30985,DKC,dong-phuong-hoc,C00,Điểm thi THPT,2022,17.0,Đông phương học
30986,DKC,dong-phuong-hoc,D01,Điểm thi THPT,2022,17.0,Đông phương học
30987,DKC,dong-phuong-hoc,D15,Điểm thi THPT,2022,17.0,Đông phương học
30988,DKC,dong-phuong-hoc,A00,Điểm học bạ,2023,18.0,Đông phương học
30989,DKC,dong-phuong-hoc,C00,Điểm học bạ,2023,18.0,Đông phương học
30990,DKC,dong-phuong-hoc,D01,Điểm học bạ,2023,18.0,Đông phương học
30991,DKC,dong-phuong-hoc,D15,Điểm học bạ,2023,18.0,Đông phương học
30992,DKC,dong-phuong-hoc,A00,Điểm thi THPT,2023,16.0,Đông phương học
30993,DKC,dong-phuong-hoc,C00,Điểm thi THPT,2023,16.0,Đông phương học
30994,DKC,dong-phuong-hoc,D01,Điểm thi THPT,2023,16.0,Đông phương học
30995,DKC,dong-phuong-hoc,D15,Điểm thi THPT,2023,16.0,Đông phương học
30996,DKC,dong-phuong-hoc,A01,Điểm học bạ,2024,18.0,Đông phương học
30997,DKC,dong-phuong-hoc,C00,Điểm học bạ,2024,18.0,Đông phương học
30998,DKC,dong-phuong-hoc,D01,Điểm học bạ,2024,18.0,Đông phương học
30999,DKC,dong-phuong-hoc,D15,Điểm học bạ,2024,18.0,Đông phương học
31000,DKC,dong-phuong-hoc,A01,Điểm thi THPT,2024,16.0,Đông phương học
31001,DKC,dong-phuong-hoc,C00,Điểm thi THPT,2024,16.0,Đông phương học
31002,DKC,dong-phuong-hoc,D01,Điểm thi THPT,2024,16.0,Đông phương học
31003,DKC,dong-phuong-hoc,D15,Điểm thi THPT,2024,16.0,Đông phương học
31004,DKC,duoc-hoc,A00,Điểm học bạ,2021,24.0,Dược học
31005,DKC,duoc-hoc,B00,Điểm học bạ,2021,24.0,Dược học
31006,DKC,duoc-hoc,C08,Điểm học bạ,2021,24.0,Dược học
31007,DKC,duoc-hoc,D07,Điểm học bạ,2021,24.0,Dược học
31008,DKC,duoc-hoc,A00,Điểm thi THPT,2021,21.0,Dược học
31009,DKC,duoc-hoc,B00,Điểm thi THPT,2021,21.0,Dược học
31010,DKC,duoc-hoc,C08,Điểm thi THPT,2021,21.0,Dược học
31011,DKC,duoc-hoc,D07,Điểm thi THPT,2021,21.0,Dược học
31012,DKC,duoc-hoc,A00,Điểm học bạ,2022,24.0,Dược học
31013,DKC,duoc-hoc,B00,Điểm học bạ,2022,24.0,Dược học
31014,DKC,duoc-hoc,C08,Điểm học bạ,2022,24.0,Dược học
31015,DKC,duoc-hoc,D07,Điểm học bạ,2022,24.0,Dược học
31016,DKC,duoc-hoc,A00,Điểm thi THPT,2022,21.0,Dược học
31017,DKC,duoc-hoc,B00,Điểm thi THPT,2022,21.0,Dược học
31018,DKC,duoc-hoc,C08,Điểm thi THPT,2022,21.0,Dược học
31019,DKC,duoc-hoc,D07,Điểm thi THPT,2022,21.0,Dược học
31020,DKC,duoc-hoc,A00,Điểm học bạ,2023,24.0,Dược học
31021,DKC,duoc-hoc,B00,Điểm học bạ,2023,24.0,Dược học
31022,DKC,duoc-hoc,C08,Điểm học bạ,2023,24.0,Dược học
31023,DKC,duoc-hoc,D07,Điểm học bạ,2023,24.0,Dược học
31024,DKC,duoc-hoc,A00,Điểm thi THPT,2023,21.0,Dược học
31025,DKC,duoc-hoc,B00,Điểm thi THPT,2023,21.0,Dược học
31026,DKC,duoc-hoc,C08,Điểm thi THPT,2023,21.0,Dược học
31027,DKC,duoc-hoc,D07,Điểm thi THPT,2023,21.0,Dược học
31028,DKC,duoc-hoc,A00,Điểm học bạ,2024,24.0,Dược học
31029,DKC,duoc-hoc,B00,Điểm học bạ,2024,24.0,Dược học
31030,DKC,duoc-hoc,C08,Điểm học bạ,2024,24.0,Dược học
31031,DKC,duoc-hoc,D07,Điểm học bạ,2024,24.0,Dược học
31032,DKC,duoc-hoc,A00,Điểm thi THPT,2024,21.0,Dược học
31033,DKC,duoc-hoc,B00,Điểm thi THPT,2024,21.0,Dược học
31034,DKC,duoc-hoc,C08,Điểm thi THPT,2024,21.0,Dược học
31035,DKC,duoc-hoc,D07,Điểm thi THPT,2024,21.0,Dược học
31036,DKC,duoc-hoc,A00,Điểm học bạ,2025,21.0,Dược học
31037,DKC,duoc-hoc,B00,Điểm học bạ,2025,21.0,Dược học
31038,DKC,duoc-hoc,B03,Điểm học bạ,2025,21.0,Dược học
31039,DKC,duoc-hoc,C02,Điểm học bạ,2025,21.0,Dược học
31040,DKC,duoc-hoc,D07,Điểm học bạ,2025,21.0,Dược học
31041,DKC,duoc-hoc,X09,Điểm học bạ,2025,21.0,Dược học
31042,DKC,duoc-hoc,A00,Điểm thi THPT,2025,19.0,Dược học
31043,DKC,duoc-hoc,B00,Điểm thi THPT,2025,19.0,Dược học
31044,DKC,duoc-hoc,B03,Điểm thi THPT,2025,19.0,Dược học
31045,DKC,duoc-hoc,C02,Điểm thi THPT,2025,19.0,Dược học
31046,DKC,duoc-hoc,D07,Điểm thi THPT,2025,19.0,Dược học
31047,DKC,duoc-hoc,X09,Điểm thi THPT,2025,19.0,Dược học
31048,DKC,he-thong-thong-tin-quan-ly,A00,Điểm học bạ,2021,18.0,Hệ thống thông tin quản lý
31049,DKC,he-thong-thong-tin-quan-ly,A01,Điểm học bạ,2021,18.0,Hệ thống thông tin quản lý
31050,DKC,he-thong-thong-tin-quan-ly,C01,Điểm học bạ,2021,18.0,Hệ thống thông tin quản lý
31051,DKC,he-thong-thong-tin-quan-ly,D01,Điểm học bạ,2021,18.0,Hệ thống thông tin quản lý
31052,DKC,he-thong-thong-tin-quan-ly,A00,Điểm thi THPT,2021,18.0,Hệ thống thông tin quản lý
31053,DKC,he-thong-thong-tin-quan-ly,A01,Điểm thi THPT,2021,18.0,Hệ thống thông tin quản lý
31054,DKC,he-thong-thong-tin-quan-ly,C01,Điểm thi THPT,2021,18.0,Hệ thống thông tin quản lý
31055,DKC,he-thong-thong-tin-quan-ly,D01,Điểm thi THPT,2021,18.0,Hệ thống thông tin quản lý
31056,DKC,he-thong-thong-tin-quan-ly,A00,Điểm học bạ,2022,18.0,Hệ thống thông tin quản lý
31057,DKC,he-thong-thong-tin-quan-ly,A01,Điểm học bạ,2022,18.0,Hệ thống thông tin quản lý
31058,DKC,he-thong-thong-tin-quan-ly,C01,Điểm học bạ,2022,18.0,Hệ thống thông tin quản lý
31059,DKC,he-thong-thong-tin-quan-ly,D01,Điểm học bạ,2022,18.0,Hệ thống thông tin quản lý
31060,DKC,he-thong-thong-tin-quan-ly,A00,Điểm thi THPT,2022,19.0,Hệ thống thông tin quản lý
31061,DKC,he-thong-thong-tin-quan-ly,A01,Điểm thi THPT,2022,19.0,Hệ thống thông tin quản lý
31062,DKC,he-thong-thong-tin-quan-ly,C01,Điểm thi THPT,2022,19.0,Hệ thống thông tin quản lý
31063,DKC,he-thong-thong-tin-quan-ly,D01,Điểm thi THPT,2022,19.0,Hệ thống thông tin quản lý
31064,DKC,he-thong-thong-tin-quan-ly,A00,Điểm học bạ,2023,18.0,Hệ thống thông tin quản lý
31065,DKC,he-thong-thong-tin-quan-ly,A01,Điểm học bạ,2023,18.0,Hệ thống thông tin quản lý
31066,DKC,he-thong-thong-tin-quan-ly,C01,Điểm học bạ,2023,18.0,Hệ thống thông tin quản lý
31067,DKC,he-thong-thong-tin-quan-ly,D01,Điểm học bạ,2023,18.0,Hệ thống thông tin quản lý
31068,DKC,he-thong-thong-tin-quan-ly,A00,Điểm thi THPT,2023,17.0,Hệ thống thông tin quản lý
31069,DKC,he-thong-thong-tin-quan-ly,A01,Điểm thi THPT,2023,17.0,Hệ thống thông tin quản lý
31070,DKC,he-thong-thong-tin-quan-ly,C01,Điểm thi THPT,2023,17.0,Hệ thống thông tin quản lý
31071,DKC,he-thong-thong-tin-quan-ly,D01,Điểm thi THPT,2023,17.0,Hệ thống thông tin quản lý
31072,DKC,he-thong-thong-tin-quan-ly,A00,Điểm học bạ,2024,18.0,Hệ thống thông tin quản lý
31073,DKC,he-thong-thong-tin-quan-ly,A01,Điểm học bạ,2024,18.0,Hệ thống thông tin quản lý
31074,DKC,he-thong-thong-tin-quan-ly,C01,Điểm học bạ,2024,18.0,Hệ thống thông tin quản lý
31075,DKC,he-thong-thong-tin-quan-ly,D01,Điểm học bạ,2024,18.0,Hệ thống thông tin quản lý
31076,DKC,he-thong-thong-tin-quan-ly,A00,Điểm thi THPT,2024,17.0,Hệ thống thông tin quản lý
31077,DKC,he-thong-thong-tin-quan-ly,A01,Điểm thi THPT,2024,17.0,Hệ thống thông tin quản lý
31078,DKC,he-thong-thong-tin-quan-ly,C01,Điểm thi THPT,2024,17.0,Hệ thống thông tin quản lý
31079,DKC,he-thong-thong-tin-quan-ly,D01,Điểm thi THPT,2024,17.0,Hệ thống thông tin quản lý
31080,DKC,he-thong-thong-tin-quan-ly,C01,Điểm học bạ,2025,18.0,Hệ thống thông tin quản lý
31081,DKC,he-thong-thong-tin-quan-ly,C03,Điểm học bạ,2025,18.0,Hệ thống thông tin quản lý
31082,DKC,he-thong-thong-tin-quan-ly,C04,Điểm học bạ,2025,18.0,Hệ thống thông tin quản lý
31083,DKC,he-thong-thong-tin-quan-ly,D01,Điểm học bạ,2025,18.0,Hệ thống thông tin quản lý
31084,DKC,he-thong-thong-tin-quan-ly,X01,Điểm học bạ,2025,18.0,Hệ thống thông tin quản lý
31085,DKC,he-thong-thong-tin-quan-ly,X02,Điểm học bạ,2025,18.0,Hệ thống thông tin quản lý
31086,DKC,he-thong-thong-tin-quan-ly,C01,Điểm thi THPT,2025,15.0,Hệ thống thông tin quản lý
31087,DKC,he-thong-thong-tin-quan-ly,C03,Điểm thi THPT,2025,15.0,Hệ thống thông tin quản lý
31088,DKC,he-thong-thong-tin-quan-ly,C04,Điểm thi THPT,2025,15.0,Hệ thống thông tin quản lý
31089,DKC,he-thong-thong-tin-quan-ly,D01,Điểm thi THPT,2025,15.0,Hệ thống thông tin quản lý
31090,DKC,he-thong-thong-tin-quan-ly,X01,Điểm thi THPT,2025,15.0,Hệ thống thông tin quản lý
31091,DKC,he-thong-thong-tin-quan-ly,X02,Điểm thi THPT,2025,15.0,Hệ thống thông tin quản lý
31092,DKC,ke-toan,A00,Điểm học bạ,2021,18.0,Kế toán
31093,DKC,ke-toan,A01,Điểm học bạ,2021,18.0,Kế toán
31094,DKC,ke-toan,C01,Điểm học bạ,2021,18.0,Kế toán
31095,DKC,ke-toan,D01,Điểm học bạ,2021,18.0,Kế toán
31096,DKC,ke-toan,A00,Điểm thi THPT,2021,18.0,Kế toán
31097,DKC,ke-toan,A01,Điểm thi THPT,2021,18.0,Kế toán
31098,DKC,ke-toan,C01,Điểm thi THPT,2021,18.0,Kế toán
31099,DKC,ke-toan,D01,Điểm thi THPT,2021,18.0,Kế toán
31100,DKC,ke-toan,A00,Điểm học bạ,2022,18.0,Kế toán
31101,DKC,ke-toan,A01,Điểm học bạ,2022,18.0,Kế toán
31102,DKC,ke-toan,C01,Điểm học bạ,2022,18.0,Kế toán
31103,DKC,ke-toan,D01,Điểm học bạ,2022,18.0,Kế toán
31104,DKC,ke-toan,A00,Điểm thi THPT,2022,17.0,Kế toán
31105,DKC,ke-toan,A01,Điểm thi THPT,2022,17.0,Kế toán
31106,DKC,ke-toan,C01,Điểm thi THPT,2022,17.0,Kế toán
31107,DKC,ke-toan,D01,Điểm thi THPT,2022,17.0,Kế toán
31108,DKC,ke-toan,A00,Điểm học bạ,2023,18.0,Kế toán
31109,DKC,ke-toan,A01,Điểm học bạ,2023,18.0,Kế toán
31110,DKC,ke-toan,C01,Điểm học bạ,2023,18.0,Kế toán
31111,DKC,ke-toan,D01,Điểm học bạ,2023,18.0,Kế toán
31112,DKC,ke-toan,A00,Điểm thi THPT,2023,18.0,Kế toán
31113,DKC,ke-toan,A01,Điểm thi THPT,2023,18.0,Kế toán
31114,DKC,ke-toan,C01,Điểm thi THPT,2023,18.0,Kế toán
31115,DKC,ke-toan,D01,Điểm thi THPT,2023,18.0,Kế toán
31116,DKC,ke-toan,A00,Điểm học bạ,2024,18.0,Kế toán
31117,DKC,ke-toan,A01,Điểm học bạ,2024,18.0,Kế toán
31118,DKC,ke-toan,C01,Điểm học bạ,2024,18.0,Kế toán
31119,DKC,ke-toan,D01,Điểm học bạ,2024,18.0,Kế toán
31120,DKC,ke-toan,A00,Điểm thi THPT,2024,18.0,Kế toán
31121,DKC,ke-toan,A01,Điểm thi THPT,2024,18.0,Kế toán
31122,DKC,ke-toan,C01,Điểm thi THPT,2024,18.0,Kế toán
31123,DKC,ke-toan,D01,Điểm thi THPT,2024,18.0,Kế toán
31124,DKC,ke-toan,C01,Điểm học bạ,2025,18.0,Kế toán
31125,DKC,ke-toan,C03,Điểm học bạ,2025,18.0,Kế toán
31126,DKC,ke-toan,C04,Điểm học bạ,2025,18.0,Kế toán
31127,DKC,ke-toan,D01,Điểm học bạ,2025,18.0,Kế toán
31128,DKC,ke-toan,X01,Điểm học bạ,2025,18.0,Kế toán
31129,DKC,ke-toan,X02,Điểm học bạ,2025,18.0,Kế toán
31130,DKC,ke-toan,C01,Điểm thi THPT,2025,15.0,Kế toán
31131,DKC,ke-toan,C03,Điểm thi THPT,2025,15.0,Kế toán
31132,DKC,ke-toan,C04,Điểm thi THPT,2025,15.0,Kế toán
31133,DKC,ke-toan,D01,Điểm thi THPT,2025,15.0,Kế toán
31134,DKC,ke-toan,X01,Điểm thi THPT,2025,15.0,Kế toán
31135,DKC,ke-toan,X02,Điểm thi THPT,2025,15.0,Kế toán
31136,DKC,khoa-hoc-du-lieu,A00,Điểm học bạ,2021,18.0,Khoa học dữ liệu
31137,DKC,khoa-hoc-du-lieu,A01,Điểm học bạ,2021,18.0,Khoa học dữ liệu
31138,DKC,khoa-hoc-du-lieu,C01,Điểm học bạ,2021,18.0,Khoa học dữ liệu
31139,DKC,khoa-hoc-du-lieu,D01,Điểm học bạ,2021,18.0,Khoa học dữ liệu
31140,DKC,khoa-hoc-du-lieu,A00,Điểm thi THPT,2021,18.0,Khoa học dữ liệu
31141,DKC,khoa-hoc-du-lieu,A01,Điểm thi THPT,2021,18.0,Khoa học dữ liệu
31142,DKC,khoa-hoc-du-lieu,C01,Điểm thi THPT,2021,18.0,Khoa học dữ liệu
31143,DKC,khoa-hoc-du-lieu,D01,Điểm thi THPT,2021,18.0,Khoa học dữ liệu
31144,DKC,khoa-hoc-du-lieu,A00,Điểm học bạ,2022,18.0,Khoa học dữ liệu (Data Science)
31145,DKC,khoa-hoc-du-lieu,A01,Điểm học bạ,2022,18.0,Khoa học dữ liệu (Data Science)
31146,DKC,khoa-hoc-du-lieu,C01,Điểm học bạ,2022,18.0,Khoa học dữ liệu (Data Science)
31147,DKC,khoa-hoc-du-lieu,D01,Điểm học bạ,2022,18.0,Khoa học dữ liệu (Data Science)
31148,DKC,khoa-hoc-du-lieu,A00,Điểm thi THPT,2022,20.0,Khoa học dữ liệu (Data Science)
31149,DKC,khoa-hoc-du-lieu,A01,Điểm thi THPT,2022,20.0,Khoa học dữ liệu (Data Science)
31150,DKC,khoa-hoc-du-lieu,C01,Điểm thi THPT,2022,20.0,Khoa học dữ liệu (Data Science)
31151,DKC,khoa-hoc-du-lieu,D01,Điểm thi THPT,2022,20.0,Khoa học dữ liệu (Data Science)
31152,DKC,khoa-hoc-du-lieu,A00,Điểm học bạ,2023,18.0,Khoa học dữ liệu (Data Science)
31153,DKC,khoa-hoc-du-lieu,A01,Điểm học bạ,2023,18.0,Khoa học dữ liệu (Data Science)
31154,DKC,khoa-hoc-du-lieu,C01,Điểm học bạ,2023,18.0,Khoa học dữ liệu (Data Science)
31155,DKC,khoa-hoc-du-lieu,D01,Điểm học bạ,2023,18.0,Khoa học dữ liệu (Data Science)
31156,DKC,khoa-hoc-du-lieu,A00,Điểm thi THPT,2023,17.0,Khoa học dữ liệu (Data Science)
31157,DKC,khoa-hoc-du-lieu,A01,Điểm thi THPT,2023,17.0,Khoa học dữ liệu (Data Science)
31158,DKC,khoa-hoc-du-lieu,C01,Điểm thi THPT,2023,17.0,Khoa học dữ liệu (Data Science)
31159,DKC,khoa-hoc-du-lieu,D01,Điểm thi THPT,2023,17.0,Khoa học dữ liệu (Data Science)
31160,DKC,khoa-hoc-du-lieu,A00,Điểm học bạ,2024,18.0,Khoa học dữ liệu (Data Science)
31161,DKC,khoa-hoc-du-lieu,A01,Điểm học bạ,2024,18.0,Khoa học dữ liệu (Data Science)
31162,DKC,khoa-hoc-du-lieu,C01,Điểm học bạ,2024,18.0,Khoa học dữ liệu (Data Science)
31163,DKC,khoa-hoc-du-lieu,D01,Điểm học bạ,2024,18.0,Khoa học dữ liệu (Data Science)
31164,DKC,khoa-hoc-du-lieu,A00,Điểm thi THPT,2024,17.0,Khoa học dữ liệu (Data Science)
31165,DKC,khoa-hoc-du-lieu,A01,Điểm thi THPT,2024,17.0,Khoa học dữ liệu (Data Science)
31166,DKC,khoa-hoc-du-lieu,C01,Điểm thi THPT,2024,17.0,Khoa học dữ liệu (Data Science)
31167,DKC,khoa-hoc-du-lieu,D01,Điểm thi THPT,2024,17.0,Khoa học dữ liệu (Data Science)
31168,DKC,khoa-hoc-du-lieu,C01,Điểm học bạ,2025,18.0,Khoa học dữ liệu
31169,DKC,khoa-hoc-du-lieu,C03,Điểm học bạ,2025,18.0,Khoa học dữ liệu
31170,DKC,khoa-hoc-du-lieu,C04,Điểm học bạ,2025,18.0,Khoa học dữ liệu
31171,DKC,khoa-hoc-du-lieu,D01,Điểm học bạ,2025,18.0,Khoa học dữ liệu
31172,DKC,khoa-hoc-du-lieu,X01,Điểm học bạ,2025,18.0,Khoa học dữ liệu
31173,DKC,khoa-hoc-du-lieu,X02,Điểm học bạ,2025,18.0,Khoa học dữ liệu
31174,DKC,khoa-hoc-du-lieu,C01,Điểm thi THPT,2025,15.0,Khoa học dữ liệu
31175,DKC,khoa-hoc-du-lieu,C03,Điểm thi THPT,2025,15.0,Khoa học dữ liệu
31176,DKC,khoa-hoc-du-lieu,C04,Điểm thi THPT,2025,15.0,Khoa học dữ liệu
31177,DKC,khoa-hoc-du-lieu,D01,Điểm thi THPT,2025,15.0,Khoa học dữ liệu
31178,DKC,khoa-hoc-du-lieu,X01,Điểm thi THPT,2025,15.0,Khoa học dữ liệu
31179,DKC,khoa-hoc-du-lieu,X02,Điểm thi THPT,2025,15.0,Khoa học dữ liệu
31180,DKC,khoa-hoc-may-tinh,A00,Điểm học bạ,2024,18.0,Khoa học máy tính
31181,DKC,khoa-hoc-may-tinh,A01,Điểm học bạ,2024,18.0,Khoa học máy tính
31182,DKC,khoa-hoc-may-tinh,C01,Điểm học bạ,2024,18.0,Khoa học máy tính
31183,DKC,khoa-hoc-may-tinh,D01,Điểm học bạ,2024,18.0,Khoa học máy tính
31184,DKC,khoa-hoc-may-tinh,A00,Điểm thi THPT,2024,17.0,Khoa học máy tính
31185,DKC,khoa-hoc-may-tinh,A01,Điểm thi THPT,2024,17.0,Khoa học máy tính
31186,DKC,khoa-hoc-may-tinh,C01,Điểm thi THPT,2024,17.0,Khoa học máy tính
31187,DKC,khoa-hoc-may-tinh,D01,Điểm thi THPT,2024,17.0,Khoa học máy tính
31188,DKC,khoa-hoc-may-tinh,C01,Điểm học bạ,2025,18.0,Khoa học máy tính
31189,DKC,khoa-hoc-may-tinh,C03,Điểm học bạ,2025,18.0,Khoa học máy tính
31190,DKC,khoa-hoc-may-tinh,C04,Điểm học bạ,2025,18.0,Khoa học máy tính
31191,DKC,khoa-hoc-may-tinh,D01,Điểm học bạ,2025,18.0,Khoa học máy tính
31192,DKC,khoa-hoc-may-tinh,X01,Điểm học bạ,2025,18.0,Khoa học máy tính
31193,DKC,khoa-hoc-may-tinh,X02,Điểm học bạ,2025,18.0,Khoa học máy tính
31194,DKC,khoa-hoc-may-tinh,C01,Điểm thi THPT,2025,15.0,Khoa học máy tính
31195,DKC,khoa-hoc-may-tinh,C03,Điểm thi THPT,2025,15.0,Khoa học máy tính
31196,DKC,khoa-hoc-may-tinh,C04,Điểm thi THPT,2025,15.0,Khoa học máy tính
31197,DKC,khoa-hoc-may-tinh,D01,Điểm thi THPT,2025,15.0,Khoa học máy tính
31198,DKC,khoa-hoc-may-tinh,X01,Điểm thi THPT,2025,15.0,Khoa học máy tính
31199,DKC,khoa-hoc-may-tinh,X02,Điểm thi THPT,2025,15.0,Khoa học máy tính
31200,DKC,kien-truc,A00,Điểm học bạ,2021,18.0,Kiến trúc
31201,DKC,kien-truc,D01,Điểm học bạ,2021,18.0,Kiến trúc
31202,DKC,kien-truc,H01,Điểm học bạ,2021,18.0,Kiến trúc
31203,DKC,kien-truc,V00,Điểm học bạ,2021,18.0,Kiến trúc
31204,DKC,kien-truc,A00,Điểm thi THPT,2021,19.0,Kiến trúc
31205,DKC,kien-truc,D01,Điểm thi THPT,2021,19.0,Kiến trúc
31206,DKC,kien-truc,H01,Điểm thi THPT,2021,19.0,Kiến trúc
31207,DKC,kien-truc,V00,Điểm thi THPT,2021,19.0,Kiến trúc
31208,DKC,kien-truc,A00,Điểm học bạ,2022,18.0,Kiến trúc
31209,DKC,kien-truc,D01,Điểm học bạ,2022,18.0,Kiến trúc
31210,DKC,kien-truc,H01,Điểm học bạ,2022,18.0,Kiến trúc
31211,DKC,kien-truc,V00,Điểm học bạ,2022,18.0,Kiến trúc
31212,DKC,kien-truc,A00,Điểm thi THPT,2022,17.0,Kiến trúc
31213,DKC,kien-truc,D01,Điểm thi THPT,2022,17.0,Kiến trúc
31214,DKC,kien-truc,H01,Điểm thi THPT,2022,17.0,Kiến trúc
31215,DKC,kien-truc,V00,Điểm thi THPT,2022,17.0,Kiến trúc
31216,DKC,kien-truc,A00,Điểm học bạ,2023,18.0,Kiến trúc
31217,DKC,kien-truc,D01,Điểm học bạ,2023,18.0,Kiến trúc
31218,DKC,kien-truc,H01,Điểm học bạ,2023,18.0,Kiến trúc
31219,DKC,kien-truc,V00,Điểm học bạ,2023,18.0,Kiến trúc
31220,DKC,kien-truc,A00,Điểm thi THPT,2023,17.0,Kiến trúc
31221,DKC,kien-truc,D01,Điểm thi THPT,2023,17.0,Kiến trúc
31222,DKC,kien-truc,H01,Điểm thi THPT,2023,17.0,Kiến trúc
31223,DKC,kien-truc,V00,Điểm thi THPT,2023,17.0,Kiến trúc
31224,DKC,kien-truc,A00,Điểm học bạ,2024,18.0,Kiến trúc
31225,DKC,kien-truc,D01,Điểm học bạ,2024,18.0,Kiến trúc
31226,DKC,kien-truc,H01,Điểm học bạ,2024,18.0,Kiến trúc
31227,DKC,kien-truc,V00,Điểm học bạ,2024,18.0,Kiến trúc
31228,DKC,kien-truc,A00,Điểm thi THPT,2024,17.0,Kiến trúc
31229,DKC,kien-truc,D01,Điểm thi THPT,2024,17.0,Kiến trúc
31230,DKC,kien-truc,H01,Điểm thi THPT,2024,17.0,Kiến trúc
31231,DKC,kien-truc,V00,Điểm thi THPT,2024,17.0,Kiến trúc
31232,DKC,kien-truc,C01,Điểm học bạ,2025,18.0,Kiến trúc
31233,DKC,kien-truc,C03,Điểm học bạ,2025,18.0,Kiến trúc
31234,DKC,kien-truc,C04,Điểm học bạ,2025,18.0,Kiến trúc
31235,DKC,kien-truc,D01,Điểm học bạ,2025,18.0,Kiến trúc
31236,DKC,kien-truc,H01,Điểm học bạ,2025,18.0,Kiến trúc
31237,DKC,kien-truc,X02,Điểm học bạ,2025,18.0,Kiến trúc
31238,DKC,kien-truc,C01,Điểm thi THPT,2025,15.0,Kiến trúc
31239,DKC,kien-truc,C03,Điểm thi THPT,2025,15.0,Kiến trúc
31240,DKC,kien-truc,C04,Điểm thi THPT,2025,15.0,Kiến trúc
31241,DKC,kien-truc,D01,Điểm thi THPT,2025,15.0,Kiến trúc
31242,DKC,kien-truc,H01,Điểm thi THPT,2025,15.0,Kiến trúc
31243,DKC,kien-truc,X02,Điểm thi THPT,2025,15.0,Kiến trúc
31244,DKC,kinh-doanh-quoc-te,A00,Điểm học bạ,2021,18.0,Kinh doanh quốc tế
31245,DKC,kinh-doanh-quoc-te,A01,Điểm học bạ,2021,18.0,Kinh doanh quốc tế
31246,DKC,kinh-doanh-quoc-te,C00,Điểm học bạ,2021,18.0,Kinh doanh quốc tế
31247,DKC,kinh-doanh-quoc-te,D01,Điểm học bạ,2021,18.0,Kinh doanh quốc tế
31248,DKC,kinh-doanh-quoc-te,A00,Điểm thi THPT,2021,18.0,Kinh doanh quốc tế
31249,DKC,kinh-doanh-quoc-te,A01,Điểm thi THPT,2021,18.0,Kinh doanh quốc tế
31250,DKC,kinh-doanh-quoc-te,C00,Điểm thi THPT,2021,18.0,Kinh doanh quốc tế
31251,DKC,kinh-doanh-quoc-te,D01,Điểm thi THPT,2021,18.0,Kinh doanh quốc tế
31252,DKC,kinh-doanh-quoc-te,A00,Điểm học bạ,2022,18.0,Kinh doanh quốc tế
31253,DKC,kinh-doanh-quoc-te,A01,Điểm học bạ,2022,18.0,Kinh doanh quốc tế
31254,DKC,kinh-doanh-quoc-te,C00,Điểm học bạ,2022,18.0,Kinh doanh quốc tế
31255,DKC,kinh-doanh-quoc-te,D01,Điểm học bạ,2022,18.0,Kinh doanh quốc tế
31256,DKC,kinh-doanh-quoc-te,A00,Điểm thi THPT,2022,18.0,Kinh doanh quốc tế
31257,DKC,kinh-doanh-quoc-te,A01,Điểm thi THPT,2022,18.0,Kinh doanh quốc tế
31258,DKC,kinh-doanh-quoc-te,C00,Điểm thi THPT,2022,18.0,Kinh doanh quốc tế
31259,DKC,kinh-doanh-quoc-te,D01,Điểm thi THPT,2022,18.0,Kinh doanh quốc tế
31260,DKC,kinh-doanh-quoc-te,A00,Điểm học bạ,2023,18.0,Kinh doanh quốc tế
31261,DKC,kinh-doanh-quoc-te,A01,Điểm học bạ,2023,18.0,Kinh doanh quốc tế
31262,DKC,kinh-doanh-quoc-te,C00,Điểm học bạ,2023,18.0,Kinh doanh quốc tế
31263,DKC,kinh-doanh-quoc-te,D01,Điểm học bạ,2023,18.0,Kinh doanh quốc tế
31264,DKC,kinh-doanh-quoc-te,A00,Điểm thi THPT,2023,17.0,Kinh doanh quốc tế
31265,DKC,kinh-doanh-quoc-te,A01,Điểm thi THPT,2023,17.0,Kinh doanh quốc tế
31266,DKC,kinh-doanh-quoc-te,C00,Điểm thi THPT,2023,17.0,Kinh doanh quốc tế
31267,DKC,kinh-doanh-quoc-te,D01,Điểm thi THPT,2023,17.0,Kinh doanh quốc tế
31268,DKC,kinh-doanh-quoc-te,A00,Điểm học bạ,2024,18.0,Kinh doanh quốc tế
31269,DKC,kinh-doanh-quoc-te,A01,Điểm học bạ,2024,18.0,Kinh doanh quốc tế
31270,DKC,kinh-doanh-quoc-te,C00,Điểm học bạ,2024,18.0,Kinh doanh quốc tế
31271,DKC,kinh-doanh-quoc-te,D01,Điểm học bạ,2024,18.0,Kinh doanh quốc tế
31272,DKC,kinh-doanh-quoc-te,A00,Điểm thi THPT,2024,17.0,Kinh doanh quốc tế
31273,DKC,kinh-doanh-quoc-te,A01,Điểm thi THPT,2024,17.0,Kinh doanh quốc tế
31274,DKC,kinh-doanh-quoc-te,C00,Điểm thi THPT,2024,17.0,Kinh doanh quốc tế
31275,DKC,kinh-doanh-quoc-te,D01,Điểm thi THPT,2024,17.0,Kinh doanh quốc tế
31276,DKC,kinh-doanh-quoc-te,C01,Điểm học bạ,2025,18.0,Kinh doanh quốc tế
31277,DKC,kinh-doanh-quoc-te,C03,Điểm học bạ,2025,18.0,Kinh doanh quốc tế
31278,DKC,kinh-doanh-quoc-te,C04,Điểm học bạ,2025,18.0,Kinh doanh quốc tế
31279,DKC,kinh-doanh-quoc-te,D01,Điểm học bạ,2025,18.0,Kinh doanh quốc tế
31280,DKC,kinh-doanh-quoc-te,X01,Điểm học bạ,2025,18.0,Kinh doanh quốc tế
31281,DKC,kinh-doanh-quoc-te,X02,Điểm học bạ,2025,18.0,Kinh doanh quốc tế
31282,DKC,kinh-doanh-quoc-te,C01,Điểm thi THPT,2025,15.0,Kinh doanh quốc tế
31283,DKC,kinh-doanh-quoc-te,C03,Điểm thi THPT,2025,15.0,Kinh doanh quốc tế
31284,DKC,kinh-doanh-quoc-te,C04,Điểm thi THPT,2025,15.0,Kinh doanh quốc tế
31285,DKC,kinh-doanh-quoc-te,D01,Điểm thi THPT,2025,15.0,Kinh doanh quốc tế
31286,DKC,kinh-doanh-quoc-te,X01,Điểm thi THPT,2025,15.0,Kinh doanh quốc tế
31287,DKC,kinh-doanh-quoc-te,X02,Điểm thi THPT,2025,15.0,Kinh doanh quốc tế
31288,DKC,kinh-doanh-thuong-mai,A00,Điểm học bạ,2021,18.0,Kinh doanh thương mại
31289,DKC,kinh-doanh-thuong-mai,A01,Điểm học bạ,2021,18.0,Kinh doanh thương mại
31290,DKC,kinh-doanh-thuong-mai,C00,Điểm học bạ,2021,18.0,Kinh doanh thương mại
31291,DKC,kinh-doanh-thuong-mai,D01,Điểm học bạ,2021,18.0,Kinh doanh thương mại
31292,DKC,kinh-doanh-thuong-mai,A00,Điểm thi THPT,2021,18.0,Kinh doanh thương mại
31293,DKC,kinh-doanh-thuong-mai,A01,Điểm thi THPT,2021,18.0,Kinh doanh thương mại
31294,DKC,kinh-doanh-thuong-mai,C00,Điểm thi THPT,2021,18.0,Kinh doanh thương mại
31295,DKC,kinh-doanh-thuong-mai,D01,Điểm thi THPT,2021,18.0,Kinh doanh thương mại
31296,DKC,kinh-doanh-thuong-mai,A00,Điểm học bạ,2022,18.0,Kinh doanh thương mại
31297,DKC,kinh-doanh-thuong-mai,A01,Điểm học bạ,2022,18.0,Kinh doanh thương mại
31298,DKC,kinh-doanh-thuong-mai,C00,Điểm học bạ,2022,18.0,Kinh doanh thương mại
31299,DKC,kinh-doanh-thuong-mai,D01,Điểm học bạ,2022,18.0,Kinh doanh thương mại
31300,DKC,kinh-doanh-thuong-mai,A00,Điểm thi THPT,2022,18.0,Kinh doanh thương mại
31301,DKC,kinh-doanh-thuong-mai,A01,Điểm thi THPT,2022,18.0,Kinh doanh thương mại
31302,DKC,kinh-doanh-thuong-mai,C00,Điểm thi THPT,2022,18.0,Kinh doanh thương mại
31303,DKC,kinh-doanh-thuong-mai,D01,Điểm thi THPT,2022,18.0,Kinh doanh thương mại
31304,DKC,kinh-doanh-thuong-mai,A00,Điểm học bạ,2023,18.0,Kinh doanh thương mại
31305,DKC,kinh-doanh-thuong-mai,A01,Điểm học bạ,2023,18.0,Kinh doanh thương mại
31306,DKC,kinh-doanh-thuong-mai,C00,Điểm học bạ,2023,18.0,Kinh doanh thương mại
31307,DKC,kinh-doanh-thuong-mai,D01,Điểm học bạ,2023,18.0,Kinh doanh thương mại
31308,DKC,kinh-doanh-thuong-mai,A00,Điểm thi THPT,2023,17.0,Kinh doanh thương mại
31309,DKC,kinh-doanh-thuong-mai,A01,Điểm thi THPT,2023,17.0,Kinh doanh thương mại
31310,DKC,kinh-doanh-thuong-mai,C00,Điểm thi THPT,2023,17.0,Kinh doanh thương mại
31311,DKC,kinh-doanh-thuong-mai,D01,Điểm thi THPT,2023,17.0,Kinh doanh thương mại
31312,DKC,kinh-doanh-thuong-mai,A00,Điểm học bạ,2024,18.0,Kinh doanh thương mại
31313,DKC,kinh-doanh-thuong-mai,A01,Điểm học bạ,2024,18.0,Kinh doanh thương mại
31314,DKC,kinh-doanh-thuong-mai,C00,Điểm học bạ,2024,18.0,Kinh doanh thương mại
31315,DKC,kinh-doanh-thuong-mai,D01,Điểm học bạ,2024,18.0,Kinh doanh thương mại
31316,DKC,kinh-doanh-thuong-mai,A00,Điểm thi THPT,2024,17.0,Kinh doanh thương mại
31317,DKC,kinh-doanh-thuong-mai,A01,Điểm thi THPT,2024,17.0,Kinh doanh thương mại
31318,DKC,kinh-doanh-thuong-mai,C00,Điểm thi THPT,2024,17.0,Kinh doanh thương mại
31319,DKC,kinh-doanh-thuong-mai,D01,Điểm thi THPT,2024,17.0,Kinh doanh thương mại
31320,DKC,kinh-doanh-thuong-mai,C01,Điểm học bạ,2025,18.0,Kinh doanh thương mại
31321,DKC,kinh-doanh-thuong-mai,C03,Điểm học bạ,2025,18.0,Kinh doanh thương mại
31322,DKC,kinh-doanh-thuong-mai,C04,Điểm học bạ,2025,18.0,Kinh doanh thương mại
31323,DKC,kinh-doanh-thuong-mai,D01,Điểm học bạ,2025,18.0,Kinh doanh thương mại
31324,DKC,kinh-doanh-thuong-mai,X01,Điểm học bạ,2025,18.0,Kinh doanh thương mại
31325,DKC,kinh-doanh-thuong-mai,X02,Điểm học bạ,2025,18.0,Kinh doanh thương mại
31326,DKC,kinh-doanh-thuong-mai,C01,Điểm thi THPT,2025,15.0,Kinh doanh thương mại
31327,DKC,kinh-doanh-thuong-mai,C03,Điểm thi THPT,2025,15.0,Kinh doanh thương mại
31328,DKC,kinh-doanh-thuong-mai,C04,Điểm thi THPT,2025,15.0,Kinh doanh thương mại
31329,DKC,kinh-doanh-thuong-mai,D01,Điểm thi THPT,2025,15.0,Kinh doanh thương mại
31330,DKC,kinh-doanh-thuong-mai,X01,Điểm thi THPT,2025,15.0,Kinh doanh thương mại
31331,DKC,kinh-doanh-thuong-mai,X02,Điểm thi THPT,2025,15.0,Kinh doanh thương mại
31332,DKC,kinh-te-quoc-te,A00,Điểm học bạ,2022,18.0,Kinh tế quốc tế
31333,DKC,kinh-te-quoc-te,A01,Điểm học bạ,2022,18.0,Kinh tế quốc tế
31334,DKC,kinh-te-quoc-te,C00,Điểm học bạ,2022,18.0,Kinh tế quốc tế
31335,DKC,kinh-te-quoc-te,D01,Điểm học bạ,2022,18.0,Kinh tế quốc tế
31336,DKC,kinh-te-quoc-te,A00,Điểm thi THPT,2022,17.0,Kinh tế quốc tế
31337,DKC,kinh-te-quoc-te,A01,Điểm thi THPT,2022,17.0,Kinh tế quốc tế
31338,DKC,kinh-te-quoc-te,C00,Điểm thi THPT,2022,17.0,Kinh tế quốc tế
31339,DKC,kinh-te-quoc-te,D01,Điểm thi THPT,2022,17.0,Kinh tế quốc tế
31340,DKC,kinh-te-quoc-te,A00,Điểm học bạ,2023,18.0,Kinh tế quốc tế
31341,DKC,kinh-te-quoc-te,A01,Điểm học bạ,2023,18.0,Kinh tế quốc tế
31342,DKC,kinh-te-quoc-te,C00,Điểm học bạ,2023,18.0,Kinh tế quốc tế
31343,DKC,kinh-te-quoc-te,D01,Điểm học bạ,2023,18.0,Kinh tế quốc tế
31344,DKC,kinh-te-quoc-te,A00,Điểm thi THPT,2023,17.0,Kinh tế quốc tế
31345,DKC,kinh-te-quoc-te,A01,Điểm thi THPT,2023,17.0,Kinh tế quốc tế
31346,DKC,kinh-te-quoc-te,C00,Điểm thi THPT,2023,17.0,Kinh tế quốc tế
31347,DKC,kinh-te-quoc-te,D01,Điểm thi THPT,2023,17.0,Kinh tế quốc tế
31348,DKC,kinh-te-quoc-te,A00,Điểm học bạ,2024,18.0,Kinh tế quốc tế
31349,DKC,kinh-te-quoc-te,A01,Điểm học bạ,2024,18.0,Kinh tế quốc tế
31350,DKC,kinh-te-quoc-te,C00,Điểm học bạ,2024,18.0,Kinh tế quốc tế
31351,DKC,kinh-te-quoc-te,D01,Điểm học bạ,2024,18.0,Kinh tế quốc tế
31352,DKC,kinh-te-quoc-te,A00,Điểm thi THPT,2024,17.0,Kinh tế quốc tế
31353,DKC,kinh-te-quoc-te,A01,Điểm thi THPT,2024,17.0,Kinh tế quốc tế
31354,DKC,kinh-te-quoc-te,C00,Điểm thi THPT,2024,17.0,Kinh tế quốc tế
31355,DKC,kinh-te-quoc-te,D01,Điểm thi THPT,2024,17.0,Kinh tế quốc tế
31356,DKC,kinh-te-quoc-te,C01,Điểm học bạ,2025,18.0,Kinh tế quốc tế
31357,DKC,kinh-te-quoc-te,C03,Điểm học bạ,2025,18.0,Kinh tế quốc tế
31358,DKC,kinh-te-quoc-te,C04,Điểm học bạ,2025,18.0,Kinh tế quốc tế
31359,DKC,kinh-te-quoc-te,D01,Điểm học bạ,2025,18.0,Kinh tế quốc tế
31360,DKC,kinh-te-quoc-te,X01,Điểm học bạ,2025,18.0,Kinh tế quốc tế
31361,DKC,kinh-te-quoc-te,X02,Điểm học bạ,2025,18.0,Kinh tế quốc tế
31362,DKC,kinh-te-quoc-te,C01,Điểm thi THPT,2025,15.0,Kinh tế quốc tế
31363,DKC,kinh-te-quoc-te,C03,Điểm thi THPT,2025,15.0,Kinh tế quốc tế
31364,DKC,kinh-te-quoc-te,C04,Điểm thi THPT,2025,15.0,Kinh tế quốc tế
31365,DKC,kinh-te-quoc-te,D01,Điểm thi THPT,2025,15.0,Kinh tế quốc tế
31366,DKC,kinh-te-quoc-te,X01,Điểm thi THPT,2025,15.0,Kinh tế quốc tế
31367,DKC,kinh-te-quoc-te,X02,Điểm thi THPT,2025,15.0,Kinh tế quốc tế
31368,DKC,kinh-te-so,A00,Điểm học bạ,2024,18.0,Kinh tế số
31369,DKC,kinh-te-so,A01,Điểm học bạ,2024,18.0,Kinh tế số
31370,DKC,kinh-te-so,C00,Điểm học bạ,2024,18.0,Kinh tế số
31371,DKC,kinh-te-so,D01,Điểm học bạ,2024,18.0,Kinh tế số
31372,DKC,kinh-te-so,A00,Điểm thi THPT,2024,16.0,Kinh tế số
31373,DKC,kinh-te-so,A01,Điểm thi THPT,2024,16.0,Kinh tế số
31374,DKC,kinh-te-so,C00,Điểm thi THPT,2024,16.0,Kinh tế số
31375,DKC,kinh-te-so,D01,Điểm thi THPT,2024,16.0,Kinh tế số
31376,DKC,kinh-te-so,C01,Điểm học bạ,2025,18.0,Kinh tế số
31377,DKC,kinh-te-so,C03,Điểm học bạ,2025,18.0,Kinh tế số
31378,DKC,kinh-te-so,C04,Điểm học bạ,2025,18.0,Kinh tế số
31379,DKC,kinh-te-so,D01,Điểm học bạ,2025,18.0,Kinh tế số
31380,DKC,kinh-te-so,X01,Điểm học bạ,2025,18.0,Kinh tế số
31381,DKC,kinh-te-so,X02,Điểm học bạ,2025,18.0,Kinh tế số
31382,DKC,kinh-te-so,C01,Điểm thi THPT,2025,15.0,Kinh tế số
31383,DKC,kinh-te-so,C03,Điểm thi THPT,2025,15.0,Kinh tế số
31384,DKC,kinh-te-so,C04,Điểm thi THPT,2025,15.0,Kinh tế số
31385,DKC,kinh-te-so,D01,Điểm thi THPT,2025,15.0,Kinh tế số
31386,DKC,kinh-te-so,X01,Điểm thi THPT,2025,15.0,Kinh tế số
31387,DKC,kinh-te-so,X02,Điểm thi THPT,2025,15.0,Kinh tế số
31388,DKC,ky-thuat-co-dien-tu,A00,Điểm học bạ,2021,18.0,Kỹ thuật cơ điện tử
31389,DKC,ky-thuat-co-dien-tu,A01,Điểm học bạ,2021,18.0,Kỹ thuật cơ điện tử
31390,DKC,ky-thuat-co-dien-tu,C01,Điểm học bạ,2021,18.0,Kỹ thuật cơ điện tử
31391,DKC,ky-thuat-co-dien-tu,D01,Điểm học bạ,2021,18.0,Kỹ thuật cơ điện tử
31392,DKC,ky-thuat-co-dien-tu,A00,Điểm thi THPT,2021,18.0,Kỹ thuật cơ điện tử
31393,DKC,ky-thuat-co-dien-tu,A01,Điểm thi THPT,2021,18.0,Kỹ thuật cơ điện tử
31394,DKC,ky-thuat-co-dien-tu,C01,Điểm thi THPT,2021,18.0,Kỹ thuật cơ điện tử
31395,DKC,ky-thuat-co-dien-tu,D01,Điểm thi THPT,2021,18.0,Kỹ thuật cơ điện tử
31396,DKC,ky-thuat-co-dien-tu,A00,Điểm học bạ,2022,18.0,Kỹ thuật cơ điện tử
31397,DKC,ky-thuat-co-dien-tu,A01,Điểm học bạ,2022,18.0,Kỹ thuật cơ điện tử
31398,DKC,ky-thuat-co-dien-tu,C01,Điểm học bạ,2022,18.0,Kỹ thuật cơ điện tử
31399,DKC,ky-thuat-co-dien-tu,D01,Điểm học bạ,2022,18.0,Kỹ thuật cơ điện tử
31400,DKC,ky-thuat-co-dien-tu,A00,Điểm thi THPT,2022,17.0,Kỹ thuật cơ điện tử
31401,DKC,ky-thuat-co-dien-tu,A01,Điểm thi THPT,2022,17.0,Kỹ thuật cơ điện tử
31402,DKC,ky-thuat-co-dien-tu,C01,Điểm thi THPT,2022,17.0,Kỹ thuật cơ điện tử
31403,DKC,ky-thuat-co-dien-tu,D01,Điểm thi THPT,2022,17.0,Kỹ thuật cơ điện tử
31404,DKC,ky-thuat-co-dien-tu,A00,Điểm học bạ,2023,18.0,Kỹ thuật cơ điện tử
31405,DKC,ky-thuat-co-dien-tu,A01,Điểm học bạ,2023,18.0,Kỹ thuật cơ điện tử
31406,DKC,ky-thuat-co-dien-tu,C01,Điểm học bạ,2023,18.0,Kỹ thuật cơ điện tử
31407,DKC,ky-thuat-co-dien-tu,D01,Điểm học bạ,2023,18.0,Kỹ thuật cơ điện tử
31408,DKC,ky-thuat-co-dien-tu,A00,Điểm thi THPT,2023,16.0,Kỹ thuật cơ điện tử
31409,DKC,ky-thuat-co-dien-tu,A01,Điểm thi THPT,2023,16.0,Kỹ thuật cơ điện tử
31410,DKC,ky-thuat-co-dien-tu,C01,Điểm thi THPT,2023,16.0,Kỹ thuật cơ điện tử
31411,DKC,ky-thuat-co-dien-tu,D01,Điểm thi THPT,2023,16.0,Kỹ thuật cơ điện tử
31412,DKC,ky-thuat-co-dien-tu,A00,Điểm học bạ,2024,18.0,Kỹ thuật cơ điện tử
31413,DKC,ky-thuat-co-dien-tu,A01,Điểm học bạ,2024,18.0,Kỹ thuật cơ điện tử
31414,DKC,ky-thuat-co-dien-tu,C01,Điểm học bạ,2024,18.0,Kỹ thuật cơ điện tử
31415,DKC,ky-thuat-co-dien-tu,D01,Điểm học bạ,2024,18.0,Kỹ thuật cơ điện tử
31416,DKC,ky-thuat-co-dien-tu,A00,Điểm thi THPT,2024,16.0,Kỹ thuật cơ điện tử
31417,DKC,ky-thuat-co-dien-tu,A01,Điểm thi THPT,2024,16.0,Kỹ thuật cơ điện tử
31418,DKC,ky-thuat-co-dien-tu,C01,Điểm thi THPT,2024,16.0,Kỹ thuật cơ điện tử
31419,DKC,ky-thuat-co-dien-tu,D01,Điểm thi THPT,2024,16.0,Kỹ thuật cơ điện tử
31420,DKC,ky-thuat-co-dien-tu,C01,Điểm học bạ,2025,18.0,Kỹ thuật cơ điện tử
31421,DKC,ky-thuat-co-dien-tu,C03,Điểm học bạ,2025,18.0,Kỹ thuật cơ điện tử
31422,DKC,ky-thuat-co-dien-tu,C04,Điểm học bạ,2025,18.0,Kỹ thuật cơ điện tử
31423,DKC,ky-thuat-co-dien-tu,D01,Điểm học bạ,2025,18.0,Kỹ thuật cơ điện tử
31424,DKC,ky-thuat-co-dien-tu,X01,Điểm học bạ,2025,18.0,Kỹ thuật cơ điện tử
31425,DKC,ky-thuat-co-dien-tu,X02,Điểm học bạ,2025,18.0,Kỹ thuật cơ điện tử
31426,DKC,ky-thuat-co-dien-tu,C01,Điểm thi THPT,2025,15.0,Kỹ thuật cơ điện tử
31427,DKC,ky-thuat-co-dien-tu,C03,Điểm thi THPT,2025,15.0,Kỹ thuật cơ điện tử
31428,DKC,ky-thuat-co-dien-tu,C04,Điểm thi THPT,2025,15.0,Kỹ thuật cơ điện tử
31429,DKC,ky-thuat-co-dien-tu,D01,Điểm thi THPT,2025,15.0,Kỹ thuật cơ điện tử
31430,DKC,ky-thuat-co-dien-tu,X01,Điểm thi THPT,2025,15.0,Kỹ thuật cơ điện tử
31431,DKC,ky-thuat-co-dien-tu,X02,Điểm thi THPT,2025,15.0,Kỹ thuật cơ điện tử
31432,DKC,ky-thuat-co-khi,A00,Điểm học bạ,2021,18.0,Kỹ thuật cơ khí
31433,DKC,ky-thuat-co-khi,A01,Điểm học bạ,2021,18.0,Kỹ thuật cơ khí
31434,DKC,ky-thuat-co-khi,C01,Điểm học bạ,2021,18.0,Kỹ thuật cơ khí
31435,DKC,ky-thuat-co-khi,D01,Điểm học bạ,2021,18.0,Kỹ thuật cơ khí
31436,DKC,ky-thuat-co-khi,A00,Điểm thi THPT,2021,18.0,Kỹ thuật cơ khí
31437,DKC,ky-thuat-co-khi,A01,Điểm thi THPT,2021,18.0,Kỹ thuật cơ khí
31438,DKC,ky-thuat-co-khi,C01,Điểm thi THPT,2021,18.0,Kỹ thuật cơ khí
31439,DKC,ky-thuat-co-khi,D01,Điểm thi THPT,2021,18.0,Kỹ thuật cơ khí
31440,DKC,ky-thuat-co-khi,A00,Điểm học bạ,2022,18.0,Kỹ thuật cơ khí
31441,DKC,ky-thuat-co-khi,A01,Điểm học bạ,2022,18.0,Kỹ thuật cơ khí
31442,DKC,ky-thuat-co-khi,C01,Điểm học bạ,2022,18.0,Kỹ thuật cơ khí
31443,DKC,ky-thuat-co-khi,D01,Điểm học bạ,2022,18.0,Kỹ thuật cơ khí
31444,DKC,ky-thuat-co-khi,A00,Điểm thi THPT,2022,17.0,Kỹ thuật cơ khí
31445,DKC,ky-thuat-co-khi,A01,Điểm thi THPT,2022,17.0,Kỹ thuật cơ khí
31446,DKC,ky-thuat-co-khi,C01,Điểm thi THPT,2022,17.0,Kỹ thuật cơ khí
31447,DKC,ky-thuat-co-khi,D01,Điểm thi THPT,2022,17.0,Kỹ thuật cơ khí
31448,DKC,ky-thuat-co-khi,A00,Điểm học bạ,2023,18.0,Kỹ thuật cơ khí
31449,DKC,ky-thuat-co-khi,A01,Điểm học bạ,2023,18.0,Kỹ thuật cơ khí
31450,DKC,ky-thuat-co-khi,C01,Điểm học bạ,2023,18.0,Kỹ thuật cơ khí
31451,DKC,ky-thuat-co-khi,D01,Điểm học bạ,2023,18.0,Kỹ thuật cơ khí
31452,DKC,ky-thuat-co-khi,A00,Điểm thi THPT,2023,16.0,Kỹ thuật cơ khí
31453,DKC,ky-thuat-co-khi,A01,Điểm thi THPT,2023,16.0,Kỹ thuật cơ khí
31454,DKC,ky-thuat-co-khi,C01,Điểm thi THPT,2023,16.0,Kỹ thuật cơ khí
31455,DKC,ky-thuat-co-khi,D01,Điểm thi THPT,2023,16.0,Kỹ thuật cơ khí
31456,DKC,ky-thuat-co-khi,A00,Điểm học bạ,2024,18.0,Kỹ thuật cơ khí
31457,DKC,ky-thuat-co-khi,A01,Điểm học bạ,2024,18.0,Kỹ thuật cơ khí
31458,DKC,ky-thuat-co-khi,C01,Điểm học bạ,2024,18.0,Kỹ thuật cơ khí
31459,DKC,ky-thuat-co-khi,D01,Điểm học bạ,2024,18.0,Kỹ thuật cơ khí
31460,DKC,ky-thuat-co-khi,A00,Điểm thi THPT,2024,16.0,Kỹ thuật cơ khí
31461,DKC,ky-thuat-co-khi,A01,Điểm thi THPT,2024,16.0,Kỹ thuật cơ khí
31462,DKC,ky-thuat-co-khi,C01,Điểm thi THPT,2024,16.0,Kỹ thuật cơ khí
31463,DKC,ky-thuat-co-khi,D01,Điểm thi THPT,2024,16.0,Kỹ thuật cơ khí
31464,DKC,ky-thuat-co-khi,C01,Điểm học bạ,2025,18.0,Kỹ thuật cơ khí
31465,DKC,ky-thuat-co-khi,C03,Điểm học bạ,2025,18.0,Kỹ thuật cơ khí
31466,DKC,ky-thuat-co-khi,C04,Điểm học bạ,2025,18.0,Kỹ thuật cơ khí
31467,DKC,ky-thuat-co-khi,D01,Điểm học bạ,2025,18.0,Kỹ thuật cơ khí
31468,DKC,ky-thuat-co-khi,X01,Điểm học bạ,2025,18.0,Kỹ thuật cơ khí
31469,DKC,ky-thuat-co-khi,X02,Điểm học bạ,2025,18.0,Kỹ thuật cơ khí
31470,DKC,ky-thuat-co-khi,C01,Điểm thi THPT,2025,15.0,Kỹ thuật cơ khí
31471,DKC,ky-thuat-co-khi,C03,Điểm thi THPT,2025,15.0,Kỹ thuật cơ khí
31472,DKC,ky-thuat-co-khi,C04,Điểm thi THPT,2025,15.0,Kỹ thuật cơ khí
31473,DKC,ky-thuat-co-khi,D01,Điểm thi THPT,2025,15.0,Kỹ thuật cơ khí
31474,DKC,ky-thuat-co-khi,X01,Điểm thi THPT,2025,15.0,Kỹ thuật cơ khí
31475,DKC,ky-thuat-co-khi,X02,Điểm thi THPT,2025,15.0,Kỹ thuật cơ khí
31476,DKC,ky-thuat-dien,A00,Điểm học bạ,2021,18.0,Kỹ thuật điện
31477,DKC,ky-thuat-dien,A01,Điểm học bạ,2021,18.0,Kỹ thuật điện
31478,DKC,ky-thuat-dien,C01,Điểm học bạ,2021,18.0,Kỹ thuật điện
31479,DKC,ky-thuat-dien,D01,Điểm học bạ,2021,18.0,Kỹ thuật điện
31480,DKC,ky-thuat-dien,A00,Điểm thi THPT,2021,18.0,Kỹ thuật điện
31481,DKC,ky-thuat-dien,A01,Điểm thi THPT,2021,18.0,Kỹ thuật điện
31482,DKC,ky-thuat-dien,C01,Điểm thi THPT,2021,18.0,Kỹ thuật điện
31483,DKC,ky-thuat-dien,D01,Điểm thi THPT,2021,18.0,Kỹ thuật điện
31484,DKC,ky-thuat-dien,A00,Điểm học bạ,2022,18.0,Kỹ thuật điện
31485,DKC,ky-thuat-dien,A01,Điểm học bạ,2022,18.0,Kỹ thuật điện
31486,DKC,ky-thuat-dien,C01,Điểm học bạ,2022,18.0,Kỹ thuật điện
31487,DKC,ky-thuat-dien,D01,Điểm học bạ,2022,18.0,Kỹ thuật điện
31488,DKC,ky-thuat-dien,A00,Điểm thi THPT,2022,17.0,Kỹ thuật điện
31489,DKC,ky-thuat-dien,A01,Điểm thi THPT,2022,17.0,Kỹ thuật điện
31490,DKC,ky-thuat-dien,C01,Điểm thi THPT,2022,17.0,Kỹ thuật điện
31491,DKC,ky-thuat-dien,D01,Điểm thi THPT,2022,17.0,Kỹ thuật điện
31492,DKC,ky-thuat-dien,A00,Điểm học bạ,2023,18.0,Kỹ thuật điện
31493,DKC,ky-thuat-dien,A01,Điểm học bạ,2023,18.0,Kỹ thuật điện
31494,DKC,ky-thuat-dien,C01,Điểm học bạ,2023,18.0,Kỹ thuật điện
31495,DKC,ky-thuat-dien,D01,Điểm học bạ,2023,18.0,Kỹ thuật điện
31496,DKC,ky-thuat-dien,A00,Điểm thi THPT,2023,16.0,Kỹ thuật điện
31497,DKC,ky-thuat-dien,A01,Điểm thi THPT,2023,16.0,Kỹ thuật điện
31498,DKC,ky-thuat-dien,C01,Điểm thi THPT,2023,16.0,Kỹ thuật điện
31499,DKC,ky-thuat-dien,D01,Điểm thi THPT,2023,16.0,Kỹ thuật điện
31500,DKC,ky-thuat-dien,A00,Điểm học bạ,2024,18.0,Kỹ thuật điện
31501,DKC,ky-thuat-dien,A01,Điểm học bạ,2024,18.0,Kỹ thuật điện
31502,DKC,ky-thuat-dien,C01,Điểm học bạ,2024,18.0,Kỹ thuật điện
31503,DKC,ky-thuat-dien,D01,Điểm học bạ,2024,18.0,Kỹ thuật điện
31504,DKC,ky-thuat-dien,A00,Điểm thi THPT,2024,16.0,Kỹ thuật điện
31505,DKC,ky-thuat-dien,A01,Điểm thi THPT,2024,16.0,Kỹ thuật điện
31506,DKC,ky-thuat-dien,C01,Điểm thi THPT,2024,16.0,Kỹ thuật điện
31507,DKC,ky-thuat-dien,D01,Điểm thi THPT,2024,16.0,Kỹ thuật điện
31508,DKC,ky-thuat-dien,C01,Điểm học bạ,2025,18.0,Kỹ thuật điện
31509,DKC,ky-thuat-dien,C03,Điểm học bạ,2025,18.0,Kỹ thuật điện
31510,DKC,ky-thuat-dien,C04,Điểm học bạ,2025,18.0,Kỹ thuật điện
31511,DKC,ky-thuat-dien,D01,Điểm học bạ,2025,18.0,Kỹ thuật điện
31512,DKC,ky-thuat-dien,X01,Điểm học bạ,2025,18.0,Kỹ thuật điện
31513,DKC,ky-thuat-dien,X02,Điểm học bạ,2025,18.0,Kỹ thuật điện
31514,DKC,ky-thuat-dien,C01,Điểm thi THPT,2025,15.0,Kỹ thuật điện
31515,DKC,ky-thuat-dien,C03,Điểm thi THPT,2025,15.0,Kỹ thuật điện
31516,DKC,ky-thuat-dien,C04,Điểm thi THPT,2025,15.0,Kỹ thuật điện
31517,DKC,ky-thuat-dien,D01,Điểm thi THPT,2025,15.0,Kỹ thuật điện
31518,DKC,ky-thuat-dien,X01,Điểm thi THPT,2025,15.0,Kỹ thuật điện
31519,DKC,ky-thuat-dien,X02,Điểm thi THPT,2025,15.0,Kỹ thuật điện
31520,DKC,ky-thuat-dien-tu-vien-thong,A00,Điểm học bạ,2021,18.0,Kỹ thuật điện tử - viễn thông
31521,DKC,ky-thuat-dien-tu-vien-thong,A01,Điểm học bạ,2021,18.0,Kỹ thuật điện tử - viễn thông
31522,DKC,ky-thuat-dien-tu-vien-thong,C01,Điểm học bạ,2021,18.0,Kỹ thuật điện tử - viễn thông
31523,DKC,ky-thuat-dien-tu-vien-thong,D01,Điểm học bạ,2021,18.0,Kỹ thuật điện tử - viễn thông
31524,DKC,ky-thuat-dien-tu-vien-thong,A00,Điểm thi THPT,2021,19.0,Kỹ thuật điện tử - viễn thông
31525,DKC,ky-thuat-dien-tu-vien-thong,A01,Điểm thi THPT,2021,19.0,Kỹ thuật điện tử - viễn thông
31526,DKC,ky-thuat-dien-tu-vien-thong,C01,Điểm thi THPT,2021,19.0,Kỹ thuật điện tử - viễn thông
31527,DKC,ky-thuat-dien-tu-vien-thong,D01,Điểm thi THPT,2021,19.0,Kỹ thuật điện tử - viễn thông
31528,DKC,ky-thuat-dien-tu-vien-thong,A00,Điểm học bạ,2022,18.0,Kỹ thuật điện tử - viễn thông
31529,DKC,ky-thuat-dien-tu-vien-thong,A01,Điểm học bạ,2022,18.0,Kỹ thuật điện tử - viễn thông
31530,DKC,ky-thuat-dien-tu-vien-thong,C01,Điểm học bạ,2022,18.0,Kỹ thuật điện tử - viễn thông
31531,DKC,ky-thuat-dien-tu-vien-thong,D01,Điểm học bạ,2022,18.0,Kỹ thuật điện tử - viễn thông
31532,DKC,ky-thuat-dien-tu-vien-thong,A00,Điểm thi THPT,2022,17.0,Kỹ thuật điện tử - viễn thông
31533,DKC,ky-thuat-dien-tu-vien-thong,A01,Điểm thi THPT,2022,17.0,Kỹ thuật điện tử - viễn thông
31534,DKC,ky-thuat-dien-tu-vien-thong,C01,Điểm thi THPT,2022,17.0,Kỹ thuật điện tử - viễn thông
31535,DKC,ky-thuat-dien-tu-vien-thong,D01,Điểm thi THPT,2022,17.0,Kỹ thuật điện tử - viễn thông
31536,DKC,ky-thuat-dien-tu-vien-thong,A00,Điểm học bạ,2023,18.0,Kỹ thuật điện tử - viễn thông
31537,DKC,ky-thuat-dien-tu-vien-thong,A01,Điểm học bạ,2023,18.0,Kỹ thuật điện tử - viễn thông
31538,DKC,ky-thuat-dien-tu-vien-thong,C01,Điểm học bạ,2023,18.0,Kỹ thuật điện tử - viễn thông
31539,DKC,ky-thuat-dien-tu-vien-thong,D01,Điểm học bạ,2023,18.0,Kỹ thuật điện tử - viễn thông
31540,DKC,ky-thuat-dien-tu-vien-thong,A00,Điểm thi THPT,2023,16.0,Kỹ thuật điện tử - viễn thông
31541,DKC,ky-thuat-dien-tu-vien-thong,A01,Điểm thi THPT,2023,16.0,Kỹ thuật điện tử - viễn thông
31542,DKC,ky-thuat-dien-tu-vien-thong,C01,Điểm thi THPT,2023,16.0,Kỹ thuật điện tử - viễn thông
31543,DKC,ky-thuat-dien-tu-vien-thong,D01,Điểm thi THPT,2023,16.0,Kỹ thuật điện tử - viễn thông
31544,DKC,ky-thuat-dien-tu-vien-thong,A00,Điểm học bạ,2024,18.0,Kỹ thuật điện tử - viễn thông
31545,DKC,ky-thuat-dien-tu-vien-thong,A01,Điểm học bạ,2024,18.0,Kỹ thuật điện tử - viễn thông
31546,DKC,ky-thuat-dien-tu-vien-thong,C01,Điểm học bạ,2024,18.0,Kỹ thuật điện tử - viễn thông
31547,DKC,ky-thuat-dien-tu-vien-thong,D01,Điểm học bạ,2024,18.0,Kỹ thuật điện tử - viễn thông
31548,DKC,ky-thuat-dien-tu-vien-thong,A00,Điểm thi THPT,2024,16.0,Kỹ thuật điện tử - viễn thông
31549,DKC,ky-thuat-dien-tu-vien-thong,A01,Điểm thi THPT,2024,16.0,Kỹ thuật điện tử - viễn thông
31550,DKC,ky-thuat-dien-tu-vien-thong,C01,Điểm thi THPT,2024,16.0,Kỹ thuật điện tử - viễn thông
31551,DKC,ky-thuat-dien-tu-vien-thong,D01,Điểm thi THPT,2024,16.0,Kỹ thuật điện tử - viễn thông
31552,DKC,ky-thuat-dien-tu-vien-thong,C01,Điểm học bạ,2025,18.0,Kỹ thuật điện tử - viễn thông
31553,DKC,ky-thuat-dien-tu-vien-thong,C03,Điểm học bạ,2025,18.0,Kỹ thuật điện tử - viễn thông
31554,DKC,ky-thuat-dien-tu-vien-thong,C04,Điểm học bạ,2025,18.0,Kỹ thuật điện tử - viễn thông
31555,DKC,ky-thuat-dien-tu-vien-thong,D01,Điểm học bạ,2025,18.0,Kỹ thuật điện tử - viễn thông
31556,DKC,ky-thuat-dien-tu-vien-thong,X01,Điểm học bạ,2025,18.0,Kỹ thuật điện tử - viễn thông
31557,DKC,ky-thuat-dien-tu-vien-thong,X02,Điểm học bạ,2025,18.0,Kỹ thuật điện tử - viễn thông
31558,DKC,ky-thuat-dien-tu-vien-thong,C01,Điểm thi THPT,2025,15.0,Kỹ thuật điện tử - viễn thông
31559,DKC,ky-thuat-dien-tu-vien-thong,C03,Điểm thi THPT,2025,15.0,Kỹ thuật điện tử - viễn thông
31560,DKC,ky-thuat-dien-tu-vien-thong,C04,Điểm thi THPT,2025,15.0,Kỹ thuật điện tử - viễn thông
31561,DKC,ky-thuat-dien-tu-vien-thong,D01,Điểm thi THPT,2025,15.0,Kỹ thuật điện tử - viễn thông
31562,DKC,ky-thuat-dien-tu-vien-thong,X01,Điểm thi THPT,2025,15.0,Kỹ thuật điện tử - viễn thông
31563,DKC,ky-thuat-dien-tu-vien-thong,X02,Điểm thi THPT,2025,15.0,Kỹ thuật điện tử - viễn thông
31564,DKC,ky-thuat-dieu-khien-va-tu-dong-hoa,A00,Điểm học bạ,2021,18.0,Kỹ thuật điều khiển và tự động hóa
31565,DKC,ky-thuat-dieu-khien-va-tu-dong-hoa,A01,Điểm học bạ,2021,18.0,Kỹ thuật điều khiển và tự động hóa
31566,DKC,ky-thuat-dieu-khien-va-tu-dong-hoa,C01,Điểm học bạ,2021,18.0,Kỹ thuật điều khiển và tự động hóa
31567,DKC,ky-thuat-dieu-khien-va-tu-dong-hoa,D01,Điểm học bạ,2021,18.0,Kỹ thuật điều khiển và tự động hóa
31568,DKC,ky-thuat-dieu-khien-va-tu-dong-hoa,A00,Điểm thi THPT,2021,19.0,Kỹ thuật điều khiển và tự động hóa
31569,DKC,ky-thuat-dieu-khien-va-tu-dong-hoa,A01,Điểm thi THPT,2021,19.0,Kỹ thuật điều khiển và tự động hóa
31570,DKC,ky-thuat-dieu-khien-va-tu-dong-hoa,C01,Điểm thi THPT,2021,19.0,Kỹ thuật điều khiển và tự động hóa
31571,DKC,ky-thuat-dieu-khien-va-tu-dong-hoa,D01,Điểm thi THPT,2021,19.0,Kỹ thuật điều khiển và tự động hóa
31572,DKC,ky-thuat-dieu-khien-va-tu-dong-hoa,A00,Điểm học bạ,2022,18.0,Kỹ thuật điều khiển và tự động hóa
31573,DKC,ky-thuat-dieu-khien-va-tu-dong-hoa,A01,Điểm học bạ,2022,18.0,Kỹ thuật điều khiển và tự động hóa
31574,DKC,ky-thuat-dieu-khien-va-tu-dong-hoa,C01,Điểm học bạ,2022,18.0,Kỹ thuật điều khiển và tự động hóa
31575,DKC,ky-thuat-dieu-khien-va-tu-dong-hoa,D01,Điểm học bạ,2022,18.0,Kỹ thuật điều khiển và tự động hóa
31576,DKC,ky-thuat-dieu-khien-va-tu-dong-hoa,A00,Điểm thi THPT,2022,17.0,Kỹ thuật điều khiển và tự động hóa
31577,DKC,ky-thuat-dieu-khien-va-tu-dong-hoa,A01,Điểm thi THPT,2022,17.0,Kỹ thuật điều khiển và tự động hóa
31578,DKC,ky-thuat-dieu-khien-va-tu-dong-hoa,C01,Điểm thi THPT,2022,17.0,Kỹ thuật điều khiển và tự động hóa
31579,DKC,ky-thuat-dieu-khien-va-tu-dong-hoa,D01,Điểm thi THPT,2022,17.0,Kỹ thuật điều khiển và tự động hóa
31580,DKC,ky-thuat-dieu-khien-va-tu-dong-hoa,A00,Điểm học bạ,2023,18.0,Kỹ thuật điều khiển và tự động hóa
31581,DKC,ky-thuat-dieu-khien-va-tu-dong-hoa,A01,Điểm học bạ,2023,18.0,Kỹ thuật điều khiển và tự động hóa
31582,DKC,ky-thuat-dieu-khien-va-tu-dong-hoa,C01,Điểm học bạ,2023,18.0,Kỹ thuật điều khiển và tự động hóa
31583,DKC,ky-thuat-dieu-khien-va-tu-dong-hoa,D01,Điểm học bạ,2023,18.0,Kỹ thuật điều khiển và tự động hóa
31584,DKC,ky-thuat-dieu-khien-va-tu-dong-hoa,A00,Điểm thi THPT,2023,16.0,Kỹ thuật điều khiển và tự động hóa
31585,DKC,ky-thuat-dieu-khien-va-tu-dong-hoa,A01,Điểm thi THPT,2023,16.0,Kỹ thuật điều khiển và tự động hóa
31586,DKC,ky-thuat-dieu-khien-va-tu-dong-hoa,C01,Điểm thi THPT,2023,16.0,Kỹ thuật điều khiển và tự động hóa
31587,DKC,ky-thuat-dieu-khien-va-tu-dong-hoa,D01,Điểm thi THPT,2023,16.0,Kỹ thuật điều khiển và tự động hóa
31588,DKC,ky-thuat-dieu-khien-va-tu-dong-hoa,A00,Điểm học bạ,2024,18.0,Kỹ thuật điều khiển và tự động hóa
31589,DKC,ky-thuat-dieu-khien-va-tu-dong-hoa,A01,Điểm học bạ,2024,18.0,Kỹ thuật điều khiển và tự động hóa
31590,DKC,ky-thuat-dieu-khien-va-tu-dong-hoa,C01,Điểm học bạ,2024,18.0,Kỹ thuật điều khiển và tự động hóa
31591,DKC,ky-thuat-dieu-khien-va-tu-dong-hoa,D01,Điểm học bạ,2024,18.0,Kỹ thuật điều khiển và tự động hóa
31592,DKC,ky-thuat-dieu-khien-va-tu-dong-hoa,A00,Điểm thi THPT,2024,16.0,Kỹ thuật điều khiển và tự động hóa
31593,DKC,ky-thuat-dieu-khien-va-tu-dong-hoa,A01,Điểm thi THPT,2024,16.0,Kỹ thuật điều khiển và tự động hóa
31594,DKC,ky-thuat-dieu-khien-va-tu-dong-hoa,C01,Điểm thi THPT,2024,16.0,Kỹ thuật điều khiển và tự động hóa
31595,DKC,ky-thuat-dieu-khien-va-tu-dong-hoa,D01,Điểm thi THPT,2024,16.0,Kỹ thuật điều khiển và tự động hóa
31596,DKC,ky-thuat-dieu-khien-va-tu-dong-hoa,C01,Điểm học bạ,2025,18.0,Kỹ thuật điều khiển và tự động hóa
31597,DKC,ky-thuat-dieu-khien-va-tu-dong-hoa,C03,Điểm học bạ,2025,18.0,Kỹ thuật điều khiển và tự động hóa
31598,DKC,ky-thuat-dieu-khien-va-tu-dong-hoa,C04,Điểm học bạ,2025,18.0,Kỹ thuật điều khiển và tự động hóa
31599,DKC,ky-thuat-dieu-khien-va-tu-dong-hoa,D01,Điểm học bạ,2025,18.0,Kỹ thuật điều khiển và tự động hóa
31600,DKC,ky-thuat-dieu-khien-va-tu-dong-hoa,X01,Điểm học bạ,2025,18.0,Kỹ thuật điều khiển và tự động hóa
31601,DKC,ky-thuat-dieu-khien-va-tu-dong-hoa,X02,Điểm học bạ,2025,18.0,Kỹ thuật điều khiển và tự động hóa
31602,DKC,ky-thuat-dieu-khien-va-tu-dong-hoa,C01,Điểm thi THPT,2025,15.0,Kỹ thuật điều khiển và tự động hóa
31603,DKC,ky-thuat-dieu-khien-va-tu-dong-hoa,C03,Điểm thi THPT,2025,15.0,Kỹ thuật điều khiển và tự động hóa
31604,DKC,ky-thuat-dieu-khien-va-tu-dong-hoa,C04,Điểm thi THPT,2025,15.0,Kỹ thuật điều khiển và tự động hóa
31605,DKC,ky-thuat-dieu-khien-va-tu-dong-hoa,D01,Điểm thi THPT,2025,15.0,Kỹ thuật điều khiển và tự động hóa
31606,DKC,ky-thuat-dieu-khien-va-tu-dong-hoa,X01,Điểm thi THPT,2025,15.0,Kỹ thuật điều khiển và tự động hóa
31607,DKC,ky-thuat-dieu-khien-va-tu-dong-hoa,X02,Điểm thi THPT,2025,15.0,Kỹ thuật điều khiển và tự động hóa
31608,DKC,ky-thuat-may-tinh,A00,Điểm học bạ,2024,18.0,Kỹ thuật máy tính
31609,DKC,ky-thuat-may-tinh,A01,Điểm học bạ,2024,18.0,Kỹ thuật máy tính
31610,DKC,ky-thuat-may-tinh,C01,Điểm học bạ,2024,18.0,Kỹ thuật máy tính
31611,DKC,ky-thuat-may-tinh,D01,Điểm học bạ,2024,18.0,Kỹ thuật máy tính
31612,DKC,ky-thuat-may-tinh,A00,Điểm thi THPT,2024,16.0,Kỹ thuật máy tính
31613,DKC,ky-thuat-may-tinh,A01,Điểm thi THPT,2024,16.0,Kỹ thuật máy tính
31614,DKC,ky-thuat-may-tinh,C01,Điểm thi THPT,2024,16.0,Kỹ thuật máy tính
31615,DKC,ky-thuat-may-tinh,D01,Điểm thi THPT,2024,16.0,Kỹ thuật máy tính
31616,DKC,ky-thuat-may-tinh,C01,Điểm học bạ,2025,18.0,Kỹ thuật máy tính
31617,DKC,ky-thuat-may-tinh,C03,Điểm học bạ,2025,18.0,Kỹ thuật máy tính
31618,DKC,ky-thuat-may-tinh,C04,Điểm học bạ,2025,18.0,Kỹ thuật máy tính
31619,DKC,ky-thuat-may-tinh,D01,Điểm học bạ,2025,18.0,Kỹ thuật máy tính
31620,DKC,ky-thuat-may-tinh,X01,Điểm học bạ,2025,18.0,Kỹ thuật máy tính
31621,DKC,ky-thuat-may-tinh,X02,Điểm học bạ,2025,18.0,Kỹ thuật máy tính
31622,DKC,ky-thuat-may-tinh,C01,Điểm thi THPT,2025,15.0,Kỹ thuật máy tính
31623,DKC,ky-thuat-may-tinh,C03,Điểm thi THPT,2025,15.0,Kỹ thuật máy tính
31624,DKC,ky-thuat-may-tinh,C04,Điểm thi THPT,2025,15.0,Kỹ thuật máy tính
31625,DKC,ky-thuat-may-tinh,D01,Điểm thi THPT,2025,15.0,Kỹ thuật máy tính
31626,DKC,ky-thuat-may-tinh,X01,Điểm thi THPT,2025,15.0,Kỹ thuật máy tính
31627,DKC,ky-thuat-may-tinh,X02,Điểm thi THPT,2025,15.0,Kỹ thuật máy tính
31628,DKC,ky-thuat-moi-truong,A00,Điểm học bạ,2021,18.0,Kỹ thuật môi trường
31629,DKC,ky-thuat-moi-truong,B00,Điểm học bạ,2021,18.0,Kỹ thuật môi trường
31630,DKC,ky-thuat-moi-truong,C08,Điểm học bạ,2021,18.0,Kỹ thuật môi trường
31631,DKC,ky-thuat-moi-truong,D07,Điểm học bạ,2021,18.0,Kỹ thuật môi trường
31632,DKC,ky-thuat-moi-truong,A00,Điểm thi THPT,2021,18.0,Kỹ thuật môi trường
31633,DKC,ky-thuat-moi-truong,B00,Điểm thi THPT,2021,18.0,Kỹ thuật môi trường
31634,DKC,ky-thuat-moi-truong,C08,Điểm thi THPT,2021,18.0,Kỹ thuật môi trường
31635,DKC,ky-thuat-moi-truong,D07,Điểm thi THPT,2021,18.0,Kỹ thuật môi trường
31636,DKC,ky-thuat-moi-truong,A00,Điểm học bạ,2022,18.0,Kỹ thuật môi trường
31637,DKC,ky-thuat-moi-truong,B00,Điểm học bạ,2022,18.0,Kỹ thuật môi trường
31638,DKC,ky-thuat-moi-truong,C08,Điểm học bạ,2022,18.0,Kỹ thuật môi trường
31639,DKC,ky-thuat-moi-truong,D07,Điểm học bạ,2022,18.0,Kỹ thuật môi trường
31640,DKC,ky-thuat-moi-truong,A00,Điểm thi THPT,2022,17.0,Kỹ thuật môi trường
31641,DKC,ky-thuat-moi-truong,B00,Điểm thi THPT,2022,17.0,Kỹ thuật môi trường
31642,DKC,ky-thuat-moi-truong,C08,Điểm thi THPT,2022,17.0,Kỹ thuật môi trường
31643,DKC,ky-thuat-moi-truong,D07,Điểm thi THPT,2022,17.0,Kỹ thuật môi trường
31644,DKC,ky-thuat-nhiet,A00,Điểm học bạ,2024,18.0,Kỹ thuật nhiệt
31645,DKC,ky-thuat-nhiet,A01,Điểm học bạ,2024,18.0,Kỹ thuật nhiệt
31646,DKC,ky-thuat-nhiet,C01,Điểm học bạ,2024,18.0,Kỹ thuật nhiệt
31647,DKC,ky-thuat-nhiet,D01,Điểm học bạ,2024,18.0,Kỹ thuật nhiệt
31648,DKC,ky-thuat-nhiet,A00,Điểm thi THPT,2024,16.0,Kỹ thuật nhiệt
31649,DKC,ky-thuat-nhiet,A01,Điểm thi THPT,2024,16.0,Kỹ thuật nhiệt
31650,DKC,ky-thuat-nhiet,C01,Điểm thi THPT,2024,16.0,Kỹ thuật nhiệt
31651,DKC,ky-thuat-nhiet,D01,Điểm thi THPT,2024,16.0,Kỹ thuật nhiệt
31652,DKC,ky-thuat-xay-dung,A00,Điểm học bạ,2021,18.0,Kỹ thuật xây dựng
31653,DKC,ky-thuat-xay-dung,A01,Điểm học bạ,2021,18.0,Kỹ thuật xây dựng
31654,DKC,ky-thuat-xay-dung,C01,Điểm học bạ,2021,18.0,Kỹ thuật xây dựng
31655,DKC,ky-thuat-xay-dung,D01,Điểm học bạ,2021,18.0,Kỹ thuật xây dựng
31656,DKC,ky-thuat-xay-dung,A00,Điểm thi THPT,2021,18.0,Kỹ thuật xây dựng
31657,DKC,ky-thuat-xay-dung,A01,Điểm thi THPT,2021,18.0,Kỹ thuật xây dựng
31658,DKC,ky-thuat-xay-dung,C01,Điểm thi THPT,2021,18.0,Kỹ thuật xây dựng
31659,DKC,ky-thuat-xay-dung,D01,Điểm thi THPT,2021,18.0,Kỹ thuật xây dựng
31660,DKC,ky-thuat-xay-dung,A00,Điểm học bạ,2022,18.0,Kỹ thuật xây dựng
31661,DKC,ky-thuat-xay-dung,A01,Điểm học bạ,2022,18.0,Kỹ thuật xây dựng
31662,DKC,ky-thuat-xay-dung,C01,Điểm học bạ,2022,18.0,Kỹ thuật xây dựng
31663,DKC,ky-thuat-xay-dung,D01,Điểm học bạ,2022,18.0,Kỹ thuật xây dựng
31664,DKC,ky-thuat-xay-dung,A00,Điểm thi THPT,2022,17.0,Kỹ thuật xây dựng
31665,DKC,ky-thuat-xay-dung,A01,Điểm thi THPT,2022,17.0,Kỹ thuật xây dựng
31666,DKC,ky-thuat-xay-dung,C01,Điểm thi THPT,2022,17.0,Kỹ thuật xây dựng
31667,DKC,ky-thuat-xay-dung,D01,Điểm thi THPT,2022,17.0,Kỹ thuật xây dựng
31668,DKC,ky-thuat-xay-dung,A00,Điểm học bạ,2023,18.0,Kỹ thuật xây dựng
31669,DKC,ky-thuat-xay-dung,A01,Điểm học bạ,2023,18.0,Kỹ thuật xây dựng
31670,DKC,ky-thuat-xay-dung,C01,Điểm học bạ,2023,18.0,Kỹ thuật xây dựng
31671,DKC,ky-thuat-xay-dung,D01,Điểm học bạ,2023,18.0,Kỹ thuật xây dựng
31672,DKC,ky-thuat-xay-dung,A00,Điểm thi THPT,2023,16.0,Kỹ thuật xây dựng
31673,DKC,ky-thuat-xay-dung,A01,Điểm thi THPT,2023,16.0,Kỹ thuật xây dựng
31674,DKC,ky-thuat-xay-dung,C01,Điểm thi THPT,2023,16.0,Kỹ thuật xây dựng
31675,DKC,ky-thuat-xay-dung,D01,Điểm thi THPT,2023,16.0,Kỹ thuật xây dựng
31676,DKC,ky-thuat-xay-dung,A00,Điểm học bạ,2024,18.0,Kỹ thuật xây dựng
31677,DKC,ky-thuat-xay-dung,A01,Điểm học bạ,2024,18.0,Kỹ thuật xây dựng
31678,DKC,ky-thuat-xay-dung,C01,Điểm học bạ,2024,18.0,Kỹ thuật xây dựng
31679,DKC,ky-thuat-xay-dung,D01,Điểm học bạ,2024,18.0,Kỹ thuật xây dựng
31680,DKC,ky-thuat-xay-dung,A00,Điểm thi THPT,2024,16.0,Kỹ thuật xây dựng
31681,DKC,ky-thuat-xay-dung,A01,Điểm thi THPT,2024,16.0,Kỹ thuật xây dựng
31682,DKC,ky-thuat-xay-dung,C01,Điểm thi THPT,2024,16.0,Kỹ thuật xây dựng
31683,DKC,ky-thuat-xay-dung,D01,Điểm thi THPT,2024,16.0,Kỹ thuật xây dựng
31684,DKC,ky-thuat-xay-dung,C01,Điểm học bạ,2025,18.0,Kỹ thuật xây dựng
31685,DKC,ky-thuat-xay-dung,C03,Điểm học bạ,2025,18.0,Kỹ thuật xây dựng
31686,DKC,ky-thuat-xay-dung,C04,Điểm học bạ,2025,18.0,Kỹ thuật xây dựng
31687,DKC,ky-thuat-xay-dung,D01,Điểm học bạ,2025,18.0,Kỹ thuật xây dựng
31688,DKC,ky-thuat-xay-dung,X01,Điểm học bạ,2025,18.0,Kỹ thuật xây dựng
31689,DKC,ky-thuat-xay-dung,X02,Điểm học bạ,2025,18.0,Kỹ thuật xây dựng
31690,DKC,ky-thuat-xay-dung,C01,Điểm thi THPT,2025,15.0,Kỹ thuật xây dựng
31691,DKC,ky-thuat-xay-dung,C03,Điểm thi THPT,2025,15.0,Kỹ thuật xây dựng
31692,DKC,ky-thuat-xay-dung,C04,Điểm thi THPT,2025,15.0,Kỹ thuật xây dựng
31693,DKC,ky-thuat-xay-dung,D01,Điểm thi THPT,2025,15.0,Kỹ thuật xây dựng
31694,DKC,ky-thuat-xay-dung,X01,Điểm thi THPT,2025,15.0,Kỹ thuật xây dựng
31695,DKC,ky-thuat-xay-dung,X02,Điểm thi THPT,2025,15.0,Kỹ thuật xây dựng
31696,DKC,ky-thuat-xet-nghiem-y-hoc,A00,Điểm học bạ,2021,19.5,Kỹ thuật xét nghiệm y học
31697,DKC,ky-thuat-xet-nghiem-y-hoc,B00,Điểm học bạ,2021,19.5,Kỹ thuật xét nghiệm y học
31698,DKC,ky-thuat-xet-nghiem-y-hoc,C08,Điểm học bạ,2021,19.5,Kỹ thuật xét nghiệm y học
31699,DKC,ky-thuat-xet-nghiem-y-hoc,D07,Điểm học bạ,2021,19.5,Kỹ thuật xét nghiệm y học
31700,DKC,ky-thuat-xet-nghiem-y-hoc,A00,Điểm thi THPT,2021,20.0,Kỹ thuật xét nghiệm y học
31701,DKC,ky-thuat-xet-nghiem-y-hoc,B00,Điểm thi THPT,2021,20.0,Kỹ thuật xét nghiệm y học
31702,DKC,ky-thuat-xet-nghiem-y-hoc,C08,Điểm thi THPT,2021,20.0,Kỹ thuật xét nghiệm y học
31703,DKC,ky-thuat-xet-nghiem-y-hoc,D07,Điểm thi THPT,2021,20.0,Kỹ thuật xét nghiệm y học
31704,DKC,ky-thuat-xet-nghiem-y-hoc,A00,Điểm học bạ,2022,19.5,Kỹ thuật xét nghiệm y học
31705,DKC,ky-thuat-xet-nghiem-y-hoc,B00,Điểm học bạ,2022,19.5,Kỹ thuật xét nghiệm y học
31706,DKC,ky-thuat-xet-nghiem-y-hoc,C08,Điểm học bạ,2022,19.5,Kỹ thuật xét nghiệm y học
31707,DKC,ky-thuat-xet-nghiem-y-hoc,D07,Điểm học bạ,2022,19.5,Kỹ thuật xét nghiệm y học
31708,DKC,ky-thuat-xet-nghiem-y-hoc,A00,Điểm thi THPT,2022,19.0,Kỹ thuật xét nghiệm y học
31709,DKC,ky-thuat-xet-nghiem-y-hoc,B00,Điểm thi THPT,2022,19.0,Kỹ thuật xét nghiệm y học
31710,DKC,ky-thuat-xet-nghiem-y-hoc,C08,Điểm thi THPT,2022,19.0,Kỹ thuật xét nghiệm y học
31711,DKC,ky-thuat-xet-nghiem-y-hoc,D07,Điểm thi THPT,2022,19.0,Kỹ thuật xét nghiệm y học
31712,DKC,ky-thuat-xet-nghiem-y-hoc,A00,Điểm học bạ,2023,19.5,Kỹ thuật xét nghiệm y học
31713,DKC,ky-thuat-xet-nghiem-y-hoc,B00,Điểm học bạ,2023,19.5,Kỹ thuật xét nghiệm y học
31714,DKC,ky-thuat-xet-nghiem-y-hoc,C08,Điểm học bạ,2023,19.5,Kỹ thuật xét nghiệm y học
31715,DKC,ky-thuat-xet-nghiem-y-hoc,D07,Điểm học bạ,2023,19.5,Kỹ thuật xét nghiệm y học
31716,DKC,ky-thuat-xet-nghiem-y-hoc,A00,Điểm thi THPT,2023,19.0,Kỹ thuật xét nghiệm y học
31717,DKC,ky-thuat-xet-nghiem-y-hoc,B00,Điểm thi THPT,2023,19.0,Kỹ thuật xét nghiệm y học
31718,DKC,ky-thuat-xet-nghiem-y-hoc,C08,Điểm thi THPT,2023,19.0,Kỹ thuật xét nghiệm y học
31719,DKC,ky-thuat-xet-nghiem-y-hoc,D07,Điểm thi THPT,2023,19.0,Kỹ thuật xét nghiệm y học
31720,DKC,ky-thuat-xet-nghiem-y-hoc,A00,Điểm học bạ,2024,19.5,Kỹ thuật xét nghiệm y học
31721,DKC,ky-thuat-xet-nghiem-y-hoc,B00,Điểm học bạ,2024,19.5,Kỹ thuật xét nghiệm y học
31722,DKC,ky-thuat-xet-nghiem-y-hoc,C08,Điểm học bạ,2024,19.5,Kỹ thuật xét nghiệm y học
31723,DKC,ky-thuat-xet-nghiem-y-hoc,D07,Điểm học bạ,2024,19.5,Kỹ thuật xét nghiệm y học
31724,DKC,ky-thuat-xet-nghiem-y-hoc,A00,Điểm thi THPT,2024,19.0,Kỹ thuật xét nghiệm y học
31725,DKC,ky-thuat-xet-nghiem-y-hoc,B00,Điểm thi THPT,2024,19.0,Kỹ thuật xét nghiệm y học
31726,DKC,ky-thuat-xet-nghiem-y-hoc,C08,Điểm thi THPT,2024,19.0,Kỹ thuật xét nghiệm y học
31727,DKC,ky-thuat-xet-nghiem-y-hoc,D07,Điểm thi THPT,2024,19.0,Kỹ thuật xét nghiệm y học
31728,DKC,ky-thuat-xet-nghiem-y-hoc,A00,Điểm học bạ,2025,19.0,Kỹ thuật xét nghiệm y học
31729,DKC,ky-thuat-xet-nghiem-y-hoc,B00,Điểm học bạ,2025,19.0,Kỹ thuật xét nghiệm y học
31730,DKC,ky-thuat-xet-nghiem-y-hoc,B03,Điểm học bạ,2025,19.0,Kỹ thuật xét nghiệm y học
31731,DKC,ky-thuat-xet-nghiem-y-hoc,C02,Điểm học bạ,2025,19.0,Kỹ thuật xét nghiệm y học
31732,DKC,ky-thuat-xet-nghiem-y-hoc,D07,Điểm học bạ,2025,19.0,Kỹ thuật xét nghiệm y học
31733,DKC,ky-thuat-xet-nghiem-y-hoc,X09,Điểm học bạ,2025,19.0,Kỹ thuật xét nghiệm y học
31734,DKC,ky-thuat-xet-nghiem-y-hoc,A00,Điểm thi THPT,2025,17.0,Kỹ thuật xét nghiệm y học
31735,DKC,ky-thuat-xet-nghiem-y-hoc,B00,Điểm thi THPT,2025,17.0,Kỹ thuật xét nghiệm y học
31736,DKC,ky-thuat-xet-nghiem-y-hoc,B03,Điểm thi THPT,2025,17.0,Kỹ thuật xét nghiệm y học
31737,DKC,ky-thuat-xet-nghiem-y-hoc,C02,Điểm thi THPT,2025,17.0,Kỹ thuật xét nghiệm y học
31738,DKC,ky-thuat-xet-nghiem-y-hoc,D07,Điểm thi THPT,2025,17.0,Kỹ thuật xét nghiệm y học
31739,DKC,ky-thuat-xet-nghiem-y-hoc,X09,Điểm thi THPT,2025,17.0,Kỹ thuật xét nghiệm y học
31740,DKC,ky-thuat-y-sinh,A00,Điểm học bạ,2021,18.0,Kỹ thuật y sinh
31741,DKC,ky-thuat-y-sinh,A01,Điểm học bạ,2021,18.0,Kỹ thuật y sinh
31742,DKC,ky-thuat-y-sinh,C01,Điểm học bạ,2021,18.0,Kỹ thuật y sinh
31743,DKC,ky-thuat-y-sinh,D01,Điểm học bạ,2021,18.0,Kỹ thuật y sinh
31744,DKC,ky-thuat-y-sinh,A00,Điểm thi THPT,2021,18.0,Kỹ thuật y sinh
31745,DKC,ky-thuat-y-sinh,A01,Điểm thi THPT,2021,18.0,Kỹ thuật y sinh
31746,DKC,ky-thuat-y-sinh,C01,Điểm thi THPT,2021,18.0,Kỹ thuật y sinh
31747,DKC,ky-thuat-y-sinh,D01,Điểm thi THPT,2021,18.0,Kỹ thuật y sinh
31748,DKC,ky-thuat-y-sinh,A00,Điểm học bạ,2022,18.0,Kỹ thuật y sinh
31749,DKC,ky-thuat-y-sinh,A01,Điểm học bạ,2022,18.0,Kỹ thuật y sinh
31750,DKC,ky-thuat-y-sinh,C01,Điểm học bạ,2022,18.0,Kỹ thuật y sinh
31751,DKC,ky-thuat-y-sinh,D01,Điểm học bạ,2022,18.0,Kỹ thuật y sinh
31752,DKC,ky-thuat-y-sinh,A00,Điểm thi THPT,2022,18.0,Kỹ thuật y sinh
31753,DKC,ky-thuat-y-sinh,A01,Điểm thi THPT,2022,18.0,Kỹ thuật y sinh
31754,DKC,ky-thuat-y-sinh,C01,Điểm thi THPT,2022,18.0,Kỹ thuật y sinh
31755,DKC,ky-thuat-y-sinh,D01,Điểm thi THPT,2022,18.0,Kỹ thuật y sinh
31756,DKC,logistics-quan-ly-chuoi-cung-ung,A00,Điểm học bạ,2021,18.0,Logistics & quản lý chuỗi cung ứng
31757,DKC,logistics-quan-ly-chuoi-cung-ung,A01,Điểm học bạ,2021,18.0,Logistics & quản lý chuỗi cung ứng
31758,DKC,logistics-quan-ly-chuoi-cung-ung,C01,Điểm học bạ,2021,18.0,Logistics & quản lý chuỗi cung ứng
31759,DKC,logistics-quan-ly-chuoi-cung-ung,D01,Điểm học bạ,2021,18.0,Logistics & quản lý chuỗi cung ứng
31760,DKC,logistics-quan-ly-chuoi-cung-ung,A00,Điểm thi THPT,2021,20.0,Logistics & quản lý chuỗi cung ứng
31761,DKC,logistics-quan-ly-chuoi-cung-ung,A01,Điểm thi THPT,2021,20.0,Logistics & quản lý chuỗi cung ứng
31762,DKC,logistics-quan-ly-chuoi-cung-ung,C01,Điểm thi THPT,2021,20.0,Logistics & quản lý chuỗi cung ứng
31763,DKC,logistics-quan-ly-chuoi-cung-ung,D01,Điểm thi THPT,2021,20.0,Logistics & quản lý chuỗi cung ứng
31764,DKC,logistics-va-quan-ly-chuoi-cung-ung,A00,Điểm học bạ,2022,18.0,Logistics và quản lý chuỗi cung ứng
31765,DKC,logistics-va-quan-ly-chuoi-cung-ung,A01,Điểm học bạ,2022,18.0,Logistics và quản lý chuỗi cung ứng
31766,DKC,logistics-va-quan-ly-chuoi-cung-ung,C00,Điểm học bạ,2022,18.0,Logistics và quản lý chuỗi cung ứng
31767,DKC,logistics-va-quan-ly-chuoi-cung-ung,D01,Điểm học bạ,2022,18.0,Logistics và quản lý chuỗi cung ứng
31768,DKC,logistics-va-quan-ly-chuoi-cung-ung,A00,Điểm thi THPT,2022,17.0,Logistics và quản lý chuỗi cung ứng
31769,DKC,logistics-va-quan-ly-chuoi-cung-ung,A01,Điểm thi THPT,2022,17.0,Logistics và quản lý chuỗi cung ứng
31770,DKC,logistics-va-quan-ly-chuoi-cung-ung,C00,Điểm thi THPT,2022,17.0,Logistics và quản lý chuỗi cung ứng
31771,DKC,logistics-va-quan-ly-chuoi-cung-ung,D01,Điểm thi THPT,2022,17.0,Logistics và quản lý chuỗi cung ứng
31772,DKC,logistics-va-quan-ly-chuoi-cung-ung,A00,Điểm học bạ,2023,18.0,Logistics và quản lý chuỗi cung ứng
31773,DKC,logistics-va-quan-ly-chuoi-cung-ung,A01,Điểm học bạ,2023,18.0,Logistics và quản lý chuỗi cung ứng
31774,DKC,logistics-va-quan-ly-chuoi-cung-ung,C00,Điểm học bạ,2023,18.0,Logistics và quản lý chuỗi cung ứng
31775,DKC,logistics-va-quan-ly-chuoi-cung-ung,D01,Điểm học bạ,2023,18.0,Logistics và quản lý chuỗi cung ứng
31776,DKC,logistics-va-quan-ly-chuoi-cung-ung,A00,Điểm thi THPT,2023,19.0,Logistics và quản lý chuỗi cung ứng
31777,DKC,logistics-va-quan-ly-chuoi-cung-ung,A01,Điểm thi THPT,2023,19.0,Logistics và quản lý chuỗi cung ứng
31778,DKC,logistics-va-quan-ly-chuoi-cung-ung,C00,Điểm thi THPT,2023,19.0,Logistics và quản lý chuỗi cung ứng
31779,DKC,logistics-va-quan-ly-chuoi-cung-ung,D01,Điểm thi THPT,2023,19.0,Logistics và quản lý chuỗi cung ứng
31780,DKC,logistics-va-quan-ly-chuoi-cung-ung,A00,Điểm học bạ,2024,18.0,Logistics và quản lý chuỗi cung ứng
31781,DKC,logistics-va-quan-ly-chuoi-cung-ung,A01,Điểm học bạ,2024,18.0,Logistics và quản lý chuỗi cung ứng
31782,DKC,logistics-va-quan-ly-chuoi-cung-ung,C00,Điểm học bạ,2024,18.0,Logistics và quản lý chuỗi cung ứng
31783,DKC,logistics-va-quan-ly-chuoi-cung-ung,D01,Điểm học bạ,2024,18.0,Logistics và quản lý chuỗi cung ứng
31784,DKC,logistics-va-quan-ly-chuoi-cung-ung,A00,Điểm thi THPT,2024,19.0,Logistics và quản lý chuỗi cung ứng
31785,DKC,logistics-va-quan-ly-chuoi-cung-ung,A01,Điểm thi THPT,2024,19.0,Logistics và quản lý chuỗi cung ứng
31786,DKC,logistics-va-quan-ly-chuoi-cung-ung,C00,Điểm thi THPT,2024,19.0,Logistics và quản lý chuỗi cung ứng
31787,DKC,logistics-va-quan-ly-chuoi-cung-ung,D01,Điểm thi THPT,2024,19.0,Logistics và quản lý chuỗi cung ứng
31788,DKC,logistics-va-quan-ly-chuoi-cung-ung,C01,Điểm học bạ,2025,18.0,Logistics và Quản lý chuỗi cung ứng
31789,DKC,logistics-va-quan-ly-chuoi-cung-ung,C03,Điểm học bạ,2025,18.0,Logistics và Quản lý chuỗi cung ứng
31790,DKC,logistics-va-quan-ly-chuoi-cung-ung,C04,Điểm học bạ,2025,18.0,Logistics và Quản lý chuỗi cung ứng
31791,DKC,logistics-va-quan-ly-chuoi-cung-ung,D01,Điểm học bạ,2025,18.0,Logistics và Quản lý chuỗi cung ứng
31792,DKC,logistics-va-quan-ly-chuoi-cung-ung,X01,Điểm học bạ,2025,18.0,Logistics và Quản lý chuỗi cung ứng
31793,DKC,logistics-va-quan-ly-chuoi-cung-ung,X02,Điểm học bạ,2025,18.0,Logistics và Quản lý chuỗi cung ứng
31794,DKC,logistics-va-quan-ly-chuoi-cung-ung,C01,Điểm thi THPT,2025,15.0,Logistics và Quản lý chuỗi cung ứng
31795,DKC,logistics-va-quan-ly-chuoi-cung-ung,C03,Điểm thi THPT,2025,15.0,Logistics và Quản lý chuỗi cung ứng
31796,DKC,logistics-va-quan-ly-chuoi-cung-ung,C04,Điểm thi THPT,2025,15.0,Logistics và Quản lý chuỗi cung ứng
31797,DKC,logistics-va-quan-ly-chuoi-cung-ung,D01,Điểm thi THPT,2025,15.0,Logistics và Quản lý chuỗi cung ứng
31798,DKC,logistics-va-quan-ly-chuoi-cung-ung,X01,Điểm thi THPT,2025,15.0,Logistics và Quản lý chuỗi cung ứng
31799,DKC,logistics-va-quan-ly-chuoi-cung-ung,X02,Điểm thi THPT,2025,15.0,Logistics và Quản lý chuỗi cung ứng
31800,DKC,luat,A00,Điểm học bạ,2021,18.0,Luật
31801,DKC,luat,A01,Điểm học bạ,2021,18.0,Luật
31802,DKC,luat,C00,Điểm học bạ,2021,18.0,Luật
31803,DKC,luat,D01,Điểm học bạ,2021,18.0,Luật
31804,DKC,luat,A00,Điểm thi THPT,2021,18.0,Luật
31805,DKC,luat,A01,Điểm thi THPT,2021,18.0,Luật
31806,DKC,luat,C00,Điểm thi THPT,2021,18.0,Luật
31807,DKC,luat,D01,Điểm thi THPT,2021,18.0,Luật
31808,DKC,luat,A00,Điểm học bạ,2022,18.0,Luật
31809,DKC,luat,A01,Điểm học bạ,2022,18.0,Luật
31810,DKC,luat,C00,Điểm học bạ,2022,18.0,Luật
31811,DKC,luat,D01,Điểm học bạ,2022,18.0,Luật
31812,DKC,luat,A00,Điểm thi THPT,2022,17.0,Luật
31813,DKC,luat,A01,Điểm thi THPT,2022,17.0,Luật
31814,DKC,luat,C00,Điểm thi THPT,2022,17.0,Luật
31815,DKC,luat,D01,Điểm thi THPT,2022,17.0,Luật
31816,DKC,luat,A00,Điểm học bạ,2023,18.0,Luật
31817,DKC,luat,A01,Điểm học bạ,2023,18.0,Luật
31818,DKC,luat,C00,Điểm học bạ,2023,18.0,Luật
31819,DKC,luat,D01,Điểm học bạ,2023,18.0,Luật
31820,DKC,luat,A00,Điểm thi THPT,2023,17.0,Luật
31821,DKC,luat,A01,Điểm thi THPT,2023,17.0,Luật
31822,DKC,luat,C00,Điểm thi THPT,2023,17.0,Luật
31823,DKC,luat,D01,Điểm thi THPT,2023,17.0,Luật
31824,DKC,luat,A00,Điểm học bạ,2024,18.0,Luật
31825,DKC,luat,A01,Điểm học bạ,2024,18.0,Luật
31826,DKC,luat,C00,Điểm học bạ,2024,18.0,Luật
31827,DKC,luat,D01,Điểm học bạ,2024,18.0,Luật
31828,DKC,luat,A00,Điểm thi THPT,2024,17.0,Luật
31829,DKC,luat,A01,Điểm thi THPT,2024,17.0,Luật
31830,DKC,luat,C00,Điểm thi THPT,2024,17.0,Luật
31831,DKC,luat,D01,Điểm thi THPT,2024,17.0,Luật
31832,DKC,luat,C01,Điểm học bạ,2025,18.0,Luật
31833,DKC,luat,C03,Điểm học bạ,2025,18.0,Luật
31834,DKC,luat,C04,Điểm học bạ,2025,18.0,Luật
31835,DKC,luat,D01,Điểm học bạ,2025,18.0,Luật
31836,DKC,luat,X01,Điểm học bạ,2025,18.0,Luật
31837,DKC,luat,X02,Điểm học bạ,2025,18.0,Luật
31838,DKC,luat,C01,Điểm thi THPT,2025,15.0,Luật
31839,DKC,luat,C03,Điểm thi THPT,2025,15.0,Luật
31840,DKC,luat,C04,Điểm thi THPT,2025,15.0,Luật
31841,DKC,luat,D01,Điểm thi THPT,2025,15.0,Luật
31842,DKC,luat,X01,Điểm thi THPT,2025,15.0,Luật
31843,DKC,luat,X02,Điểm thi THPT,2025,15.0,Luật
31844,DKC,luat-kinh-te,A00,Điểm học bạ,2021,18.0,Luật kinh tế
31845,DKC,luat-kinh-te,A01,Điểm học bạ,2021,18.0,Luật kinh tế
31846,DKC,luat-kinh-te,C00,Điểm học bạ,2021,18.0,Luật kinh tế
31847,DKC,luat-kinh-te,D01,Điểm học bạ,2021,18.0,Luật kinh tế
31848,DKC,luat-kinh-te,A00,Điểm thi THPT,2021,18.0,Luật kinh tế
31849,DKC,luat-kinh-te,A01,Điểm thi THPT,2021,18.0,Luật kinh tế
31850,DKC,luat-kinh-te,C00,Điểm thi THPT,2021,18.0,Luật kinh tế
31851,DKC,luat-kinh-te,D01,Điểm thi THPT,2021,18.0,Luật kinh tế
31852,DKC,luat-kinh-te,A00,Điểm học bạ,2022,18.0,Luật kinh tế
31853,DKC,luat-kinh-te,A01,Điểm học bạ,2022,18.0,Luật kinh tế
31854,DKC,luat-kinh-te,C00,Điểm học bạ,2022,18.0,Luật kinh tế
31855,DKC,luat-kinh-te,D01,Điểm học bạ,2022,18.0,Luật kinh tế
31856,DKC,luat-kinh-te,A00,Điểm thi THPT,2022,17.0,Luật kinh tế
31857,DKC,luat-kinh-te,A01,Điểm thi THPT,2022,17.0,Luật kinh tế
31858,DKC,luat-kinh-te,C00,Điểm thi THPT,2022,17.0,Luật kinh tế
31859,DKC,luat-kinh-te,D01,Điểm thi THPT,2022,17.0,Luật kinh tế
31860,DKC,luat-kinh-te,A00,Điểm học bạ,2023,18.0,Luật kinh tế
31861,DKC,luat-kinh-te,A01,Điểm học bạ,2023,18.0,Luật kinh tế
31862,DKC,luat-kinh-te,C00,Điểm học bạ,2023,18.0,Luật kinh tế
31863,DKC,luat-kinh-te,D01,Điểm học bạ,2023,18.0,Luật kinh tế
31864,DKC,luat-kinh-te,A00,Điểm thi THPT,2023,17.0,Luật kinh tế
31865,DKC,luat-kinh-te,A01,Điểm thi THPT,2023,17.0,Luật kinh tế
31866,DKC,luat-kinh-te,C00,Điểm thi THPT,2023,17.0,Luật kinh tế
31867,DKC,luat-kinh-te,D01,Điểm thi THPT,2023,17.0,Luật kinh tế
31868,DKC,luat-kinh-te,A00,Điểm học bạ,2024,18.0,Luật kinh tế
31869,DKC,luat-kinh-te,A01,Điểm học bạ,2024,18.0,Luật kinh tế
31870,DKC,luat-kinh-te,C00,Điểm học bạ,2024,18.0,Luật kinh tế
31871,DKC,luat-kinh-te,D01,Điểm học bạ,2024,18.0,Luật kinh tế
31872,DKC,luat-kinh-te,A00,Điểm thi THPT,2024,17.0,Luật kinh tế
31873,DKC,luat-kinh-te,A01,Điểm thi THPT,2024,17.0,Luật kinh tế
31874,DKC,luat-kinh-te,C00,Điểm thi THPT,2024,17.0,Luật kinh tế
31875,DKC,luat-kinh-te,D01,Điểm thi THPT,2024,17.0,Luật kinh tế
31876,DKC,luat-kinh-te,C01,Điểm học bạ,2025,18.0,Luật kinh tế
31877,DKC,luat-kinh-te,C03,Điểm học bạ,2025,18.0,Luật kinh tế
31878,DKC,luat-kinh-te,C04,Điểm học bạ,2025,18.0,Luật kinh tế
31879,DKC,luat-kinh-te,D01,Điểm học bạ,2025,18.0,Luật kinh tế
31880,DKC,luat-kinh-te,X01,Điểm học bạ,2025,18.0,Luật kinh tế
31881,DKC,luat-kinh-te,X02,Điểm học bạ,2025,18.0,Luật kinh tế
31882,DKC,luat-kinh-te,C01,Điểm thi THPT,2025,15.0,Luật kinh tế
31883,DKC,luat-kinh-te,C03,Điểm thi THPT,2025,15.0,Luật kinh tế
31884,DKC,luat-kinh-te,C04,Điểm thi THPT,2025,15.0,Luật kinh tế
31885,DKC,luat-kinh-te,D01,Điểm thi THPT,2025,15.0,Luật kinh tế
31886,DKC,luat-kinh-te,X01,Điểm thi THPT,2025,15.0,Luật kinh tế
31887,DKC,luat-kinh-te,X02,Điểm thi THPT,2025,15.0,Luật kinh tế
31888,DKC,luat-thuong-mai-quoc-te,A00,Điểm học bạ,2023,18.0,Luật thương mại quốc tế
31889,DKC,luat-thuong-mai-quoc-te,A01,Điểm học bạ,2023,18.0,Luật thương mại quốc tế
31890,DKC,luat-thuong-mai-quoc-te,C00,Điểm học bạ,2023,18.0,Luật thương mại quốc tế
31891,DKC,luat-thuong-mai-quoc-te,D01,Điểm học bạ,2023,18.0,Luật thương mại quốc tế
31892,DKC,luat-thuong-mai-quoc-te,A00,Điểm thi THPT,2023,16.0,Luật thương mại quốc tế
31893,DKC,luat-thuong-mai-quoc-te,A01,Điểm thi THPT,2023,16.0,Luật thương mại quốc tế
31894,DKC,luat-thuong-mai-quoc-te,C00,Điểm thi THPT,2023,16.0,Luật thương mại quốc tế
31895,DKC,luat-thuong-mai-quoc-te,D01,Điểm thi THPT,2023,16.0,Luật thương mại quốc tế
31896,DKC,luat-thuong-mai-quoc-te,A00,Điểm học bạ,2024,18.0,Luật thương mại quốc tế
31897,DKC,luat-thuong-mai-quoc-te,A01,Điểm học bạ,2024,18.0,Luật thương mại quốc tế
31898,DKC,luat-thuong-mai-quoc-te,C00,Điểm học bạ,2024,18.0,Luật thương mại quốc tế
31899,DKC,luat-thuong-mai-quoc-te,D01,Điểm học bạ,2024,18.0,Luật thương mại quốc tế
31900,DKC,luat-thuong-mai-quoc-te,A00,Điểm thi THPT,2024,16.0,Luật thương mại quốc tế
31901,DKC,luat-thuong-mai-quoc-te,A01,Điểm thi THPT,2024,16.0,Luật thương mại quốc tế
31902,DKC,luat-thuong-mai-quoc-te,C00,Điểm thi THPT,2024,16.0,Luật thương mại quốc tế
31903,DKC,luat-thuong-mai-quoc-te,D01,Điểm thi THPT,2024,16.0,Luật thương mại quốc tế
31904,DKC,luat-thuong-mai-quoc-te,C01,Điểm học bạ,2025,18.0,Luật thương mại quốc tế
31905,DKC,luat-thuong-mai-quoc-te,C03,Điểm học bạ,2025,18.0,Luật thương mại quốc tế
31906,DKC,luat-thuong-mai-quoc-te,C04,Điểm học bạ,2025,18.0,Luật thương mại quốc tế
31907,DKC,luat-thuong-mai-quoc-te,D01,Điểm học bạ,2025,18.0,Luật thương mại quốc tế
31908,DKC,luat-thuong-mai-quoc-te,X01,Điểm học bạ,2025,18.0,Luật thương mại quốc tế
31909,DKC,luat-thuong-mai-quoc-te,X02,Điểm học bạ,2025,18.0,Luật thương mại quốc tế
31910,DKC,luat-thuong-mai-quoc-te,C01,Điểm thi THPT,2025,15.0,Luật thương mại quốc tế
31911,DKC,luat-thuong-mai-quoc-te,C03,Điểm thi THPT,2025,15.0,Luật thương mại quốc tế
31912,DKC,luat-thuong-mai-quoc-te,C04,Điểm thi THPT,2025,15.0,Luật thương mại quốc tế
31913,DKC,luat-thuong-mai-quoc-te,D01,Điểm thi THPT,2025,15.0,Luật thương mại quốc tế
31914,DKC,luat-thuong-mai-quoc-te,X01,Điểm thi THPT,2025,15.0,Luật thương mại quốc tế
31915,DKC,luat-thuong-mai-quoc-te,X02,Điểm thi THPT,2025,15.0,Luật thương mại quốc tế
31916,DKC,marketing,A00,Điểm học bạ,2021,18.0,Marketing
31917,DKC,marketing,A01,Điểm học bạ,2021,18.0,Marketing
31918,DKC,marketing,C00,Điểm học bạ,2021,18.0,Marketing
31919,DKC,marketing,D01,Điểm học bạ,2021,18.0,Marketing
31920,DKC,marketing,A00,Điểm thi THPT,2021,20.0,Marketing
31921,DKC,marketing,A01,Điểm thi THPT,2021,20.0,Marketing
31922,DKC,marketing,C00,Điểm thi THPT,2021,20.0,Marketing
31923,DKC,marketing,D01,Điểm thi THPT,2021,20.0,Marketing
31924,DKC,marketing,A00,Điểm học bạ,2022,18.0,Marketing
31925,DKC,marketing,A01,Điểm học bạ,2022,18.0,Marketing
31926,DKC,marketing,C00,Điểm học bạ,2022,18.0,Marketing
31927,DKC,marketing,D01,Điểm học bạ,2022,18.0,Marketing
31928,DKC,marketing,A00,Điểm thi THPT,2022,17.0,Marketing
31929,DKC,marketing,A01,Điểm thi THPT,2022,17.0,Marketing
31930,DKC,marketing,C00,Điểm thi THPT,2022,17.0,Marketing
31931,DKC,marketing,D01,Điểm thi THPT,2022,17.0,Marketing
31932,DKC,marketing,A00,Điểm học bạ,2023,18.0,Marketing
31933,DKC,marketing,A01,Điểm học bạ,2023,18.0,Marketing
31934,DKC,marketing,C00,Điểm học bạ,2023,18.0,Marketing
31935,DKC,marketing,D01,Điểm học bạ,2023,18.0,Marketing
31936,DKC,marketing,A00,Điểm thi THPT,2023,20.0,Marketing
31937,DKC,marketing,A01,Điểm thi THPT,2023,20.0,Marketing
31938,DKC,marketing,C00,Điểm thi THPT,2023,20.0,Marketing
31939,DKC,marketing,D01,Điểm thi THPT,2023,20.0,Marketing
31940,DKC,marketing,A00,Điểm học bạ,2024,18.0,Marketing
31941,DKC,marketing,A01,Điểm học bạ,2024,18.0,Marketing
31942,DKC,marketing,C00,Điểm học bạ,2024,18.0,Marketing
31943,DKC,marketing,D01,Điểm học bạ,2024,18.0,Marketing
31944,DKC,marketing,A00,Điểm thi THPT,2024,20.0,Marketing
31945,DKC,marketing,A01,Điểm thi THPT,2024,20.0,Marketing
31946,DKC,marketing,C00,Điểm thi THPT,2024,20.0,Marketing
31947,DKC,marketing,D01,Điểm thi THPT,2024,20.0,Marketing
31948,DKC,marketing,C01,Điểm học bạ,2025,18.0,Marketing
31949,DKC,marketing,C03,Điểm học bạ,2025,18.0,Marketing
31950,DKC,marketing,C04,Điểm học bạ,2025,18.0,Marketing
31951,DKC,marketing,D01,Điểm học bạ,2025,18.0,Marketing
31952,DKC,marketing,X01,Điểm học bạ,2025,18.0,Marketing
31953,DKC,marketing,X02,Điểm học bạ,2025,18.0,Marketing
31954,DKC,marketing,C01,Điểm thi THPT,2025,15.0,Marketing
31955,DKC,marketing,C03,Điểm thi THPT,2025,15.0,Marketing
31956,DKC,marketing,C04,Điểm thi THPT,2025,15.0,Marketing
31957,DKC,marketing,D01,Điểm thi THPT,2025,15.0,Marketing
31958,DKC,marketing,X01,Điểm thi THPT,2025,15.0,Marketing
31959,DKC,marketing,X02,Điểm thi THPT,2025,15.0,Marketing
31960,DKC,nghe-thuat-so,A00,Điểm học bạ,2022,18.0,Nghệ thuật số (Digital Art)
31961,DKC,nghe-thuat-so,D01,Điểm học bạ,2022,18.0,Nghệ thuật số (Digital Art)
31962,DKC,nghe-thuat-so,H01,Điểm học bạ,2022,18.0,Nghệ thuật số (Digital Art)
31963,DKC,nghe-thuat-so,V00,Điểm học bạ,2022,18.0,Nghệ thuật số (Digital Art)
31964,DKC,nghe-thuat-so,A00,Điểm thi THPT,2022,17.0,Nghệ thuật số (Digital Art)
31965,DKC,nghe-thuat-so,D01,Điểm thi THPT,2022,17.0,Nghệ thuật số (Digital Art)
31966,DKC,nghe-thuat-so,H01,Điểm thi THPT,2022,17.0,Nghệ thuật số (Digital Art)
31967,DKC,nghe-thuat-so,V00,Điểm thi THPT,2022,17.0,Nghệ thuật số (Digital Art)
31968,DKC,nghe-thuat-so,A00,Điểm thi THPT,2024,17.0,Nghệ thuật số (Digital Art)
31969,DKC,nghe-thuat-so,D01,Điểm thi THPT,2024,17.0,Nghệ thuật số (Digital Art)
31970,DKC,nghe-thuat-so,H01,Điểm thi THPT,2024,17.0,Nghệ thuật số (Digital Art)
31971,DKC,nghe-thuat-so,V00,Điểm thi THPT,2024,17.0,Nghệ thuật số (Digital Art)
31972,DKC,nghe-thuat-so,C01,Điểm học bạ,2025,18.0,Nghệ thuật số
31973,DKC,nghe-thuat-so,C03,Điểm học bạ,2025,18.0,Nghệ thuật số
31974,DKC,nghe-thuat-so,C04,Điểm học bạ,2025,18.0,Nghệ thuật số
31975,DKC,nghe-thuat-so,D01,Điểm học bạ,2025,18.0,Nghệ thuật số
31976,DKC,nghe-thuat-so,H01,Điểm học bạ,2025,18.0,Nghệ thuật số
31977,DKC,nghe-thuat-so,X02,Điểm học bạ,2025,18.0,Nghệ thuật số
31978,DKC,nghe-thuat-so,C01,Điểm thi THPT,2025,15.0,Nghệ thuật số
31979,DKC,nghe-thuat-so,C03,Điểm thi THPT,2025,15.0,Nghệ thuật số
31980,DKC,nghe-thuat-so,C04,Điểm thi THPT,2025,15.0,Nghệ thuật số
31981,DKC,nghe-thuat-so,D01,Điểm thi THPT,2025,15.0,Nghệ thuật số
31982,DKC,nghe-thuat-so,H01,Điểm thi THPT,2025,15.0,Nghệ thuật số
31983,DKC,nghe-thuat-so,X02,Điểm thi THPT,2025,15.0,Nghệ thuật số
31984,DKC,ngon-ngu-anh,A01,Điểm học bạ,2021,18.0,Ngôn ngữ Anh
31985,DKC,ngon-ngu-anh,D01,Điểm học bạ,2021,18.0,Ngôn ngữ Anh
31986,DKC,ngon-ngu-anh,D14,Điểm học bạ,2021,18.0,Ngôn ngữ Anh
31987,DKC,ngon-ngu-anh,D15,Điểm học bạ,2021,18.0,Ngôn ngữ Anh
31988,DKC,ngon-ngu-anh,A01,Điểm thi THPT,2021,18.0,Ngôn ngữ Anh
31989,DKC,ngon-ngu-anh,D01,Điểm thi THPT,2021,18.0,Ngôn ngữ Anh
31990,DKC,ngon-ngu-anh,D14,Điểm thi THPT,2021,18.0,Ngôn ngữ Anh
31991,DKC,ngon-ngu-anh,D15,Điểm thi THPT,2021,18.0,Ngôn ngữ Anh
31992,DKC,ngon-ngu-anh,A01,Điểm học bạ,2022,18.0,Ngôn ngữ Anh
31993,DKC,ngon-ngu-anh,D01,Điểm học bạ,2022,18.0,Ngôn ngữ Anh
31994,DKC,ngon-ngu-anh,D14,Điểm học bạ,2022,18.0,Ngôn ngữ Anh
31995,DKC,ngon-ngu-anh,D15,Điểm học bạ,2022,18.0,Ngôn ngữ Anh
31996,DKC,ngon-ngu-anh,A01,Điểm thi THPT,2022,17.0,Ngôn ngữ Anh
31997,DKC,ngon-ngu-anh,D01,Điểm thi THPT,2022,17.0,Ngôn ngữ Anh
31998,DKC,ngon-ngu-anh,D14,Điểm thi THPT,2022,17.0,Ngôn ngữ Anh
31999,DKC,ngon-ngu-anh,D15,Điểm thi THPT,2022,17.0,Ngôn ngữ Anh
32000,DKC,ngon-ngu-anh,A01,Điểm học bạ,2023,18.0,Ngôn ngữ Anh
32001,DKC,ngon-ngu-anh,D01,Điểm học bạ,2023,18.0,Ngôn ngữ Anh
32002,DKC,ngon-ngu-anh,D14,Điểm học bạ,2023,18.0,Ngôn ngữ Anh
32003,DKC,ngon-ngu-anh,D15,Điểm học bạ,2023,18.0,Ngôn ngữ Anh
32004,DKC,ngon-ngu-anh,A01,Điểm thi THPT,2023,17.0,Ngôn ngữ Anh
32005,DKC,ngon-ngu-anh,D01,Điểm thi THPT,2023,17.0,Ngôn ngữ Anh
32006,DKC,ngon-ngu-anh,D14,Điểm thi THPT,2023,17.0,Ngôn ngữ Anh
32007,DKC,ngon-ngu-anh,D15,Điểm thi THPT,2023,17.0,Ngôn ngữ Anh
32008,DKC,ngon-ngu-anh,A01,Điểm học bạ,2024,18.0,Ngôn ngữ Anh
32009,DKC,ngon-ngu-anh,D01,Điểm học bạ,2024,18.0,Ngôn ngữ Anh
32010,DKC,ngon-ngu-anh,D14,Điểm học bạ,2024,18.0,Ngôn ngữ Anh
32011,DKC,ngon-ngu-anh,D15,Điểm học bạ,2024,18.0,Ngôn ngữ Anh
32012,DKC,ngon-ngu-anh,A01,Điểm thi THPT,2024,17.0,Ngôn ngữ Anh
32013,DKC,ngon-ngu-anh,D01,Điểm thi THPT,2024,17.0,Ngôn ngữ Anh
32014,DKC,ngon-ngu-anh,D14,Điểm thi THPT,2024,17.0,Ngôn ngữ Anh
32015,DKC,ngon-ngu-anh,D15,Điểm thi THPT,2024,17.0,Ngôn ngữ Anh
32016,DKC,ngon-ngu-anh,C00,Điểm học bạ,2025,18.0,Ngôn ngữ Anh
32017,DKC,ngon-ngu-anh,D01,Điểm học bạ,2025,18.0,Ngôn ngữ Anh
32018,DKC,ngon-ngu-anh,D03,Điểm học bạ,2025,18.0,Ngôn ngữ Anh
32019,DKC,ngon-ngu-anh,D04,Điểm học bạ,2025,18.0,Ngôn ngữ Anh
32020,DKC,ngon-ngu-anh,D06,Điểm học bạ,2025,18.0,Ngôn ngữ Anh
32021,DKC,ngon-ngu-anh,D11,Điểm học bạ,2025,18.0,Ngôn ngữ Anh
32022,DKC,ngon-ngu-anh,D14,Điểm học bạ,2025,18.0,Ngôn ngữ Anh
32023,DKC,ngon-ngu-anh,D15,Điểm học bạ,2025,18.0,Ngôn ngữ Anh
32024,DKC,ngon-ngu-anh,D43,Điểm học bạ,2025,18.0,Ngôn ngữ Anh
32025,DKC,ngon-ngu-anh,D44,Điểm học bạ,2025,18.0,Ngôn ngữ Anh
32026,DKC,ngon-ngu-anh,D45,Điểm học bạ,2025,18.0,Ngôn ngữ Anh
32027,DKC,ngon-ngu-anh,D53,Điểm học bạ,2025,18.0,Ngôn ngữ Anh
32028,DKC,ngon-ngu-anh,D54,Điểm học bạ,2025,18.0,Ngôn ngữ Anh
32029,DKC,ngon-ngu-anh,D55,Điểm học bạ,2025,18.0,Ngôn ngữ Anh
32030,DKC,ngon-ngu-anh,D63,Điểm học bạ,2025,18.0,Ngôn ngữ Anh
32031,DKC,ngon-ngu-anh,D64,Điểm học bạ,2025,18.0,Ngôn ngữ Anh
32032,DKC,ngon-ngu-anh,D65,Điểm học bạ,2025,18.0,Ngôn ngữ Anh
32033,DKC,ngon-ngu-anh,X01,Điểm học bạ,2025,18.0,Ngôn ngữ Anh
32034,DKC,ngon-ngu-anh,C00,Điểm thi THPT,2025,15.0,Ngôn ngữ Anh
32035,DKC,ngon-ngu-anh,D01,Điểm thi THPT,2025,15.0,Ngôn ngữ Anh
32036,DKC,ngon-ngu-anh,D03,Điểm thi THPT,2025,15.0,Ngôn ngữ Anh
32037,DKC,ngon-ngu-anh,D04,Điểm thi THPT,2025,15.0,Ngôn ngữ Anh
32038,DKC,ngon-ngu-anh,D06,Điểm thi THPT,2025,15.0,Ngôn ngữ Anh
32039,DKC,ngon-ngu-anh,D11,Điểm thi THPT,2025,15.0,Ngôn ngữ Anh
32040,DKC,ngon-ngu-anh,D14,Điểm thi THPT,2025,15.0,Ngôn ngữ Anh
32041,DKC,ngon-ngu-anh,D15,Điểm thi THPT,2025,15.0,Ngôn ngữ Anh
32042,DKC,ngon-ngu-anh,D43,Điểm thi THPT,2025,15.0,Ngôn ngữ Anh
32043,DKC,ngon-ngu-anh,D44,Điểm thi THPT,2025,15.0,Ngôn ngữ Anh
32044,DKC,ngon-ngu-anh,D45,Điểm thi THPT,2025,15.0,Ngôn ngữ Anh
32045,DKC,ngon-ngu-anh,D53,Điểm thi THPT,2025,15.0,Ngôn ngữ Anh
32046,DKC,ngon-ngu-anh,D54,Điểm thi THPT,2025,15.0,Ngôn ngữ Anh
32047,DKC,ngon-ngu-anh,D55,Điểm thi THPT,2025,15.0,Ngôn ngữ Anh
32048,DKC,ngon-ngu-anh,D63,Điểm thi THPT,2025,15.0,Ngôn ngữ Anh
32049,DKC,ngon-ngu-anh,D64,Điểm thi THPT,2025,15.0,Ngôn ngữ Anh
32050,DKC,ngon-ngu-anh,D65,Điểm thi THPT,2025,15.0,Ngôn ngữ Anh
32051,DKC,ngon-ngu-anh,X01,Điểm thi THPT,2025,15.0,Ngôn ngữ Anh
32052,DKC,ngon-ngu-han-quoc,A01,Điểm học bạ,2021,18.0,Ngôn ngữ Hàn Quốc
32053,DKC,ngon-ngu-han-quoc,C00,Điểm học bạ,2021,18.0,Ngôn ngữ Hàn Quốc
32054,DKC,ngon-ngu-han-quoc,D01,Điểm học bạ,2021,18.0,Ngôn ngữ Hàn Quốc
32055,DKC,ngon-ngu-han-quoc,D15,Điểm học bạ,2021,18.0,Ngôn ngữ Hàn Quốc
32056,DKC,ngon-ngu-han-quoc,A01,Điểm thi THPT,2021,18.0,Ngôn ngữ Hàn Quốc
32057,DKC,ngon-ngu-han-quoc,C00,Điểm thi THPT,2021,18.0,Ngôn ngữ Hàn Quốc
32058,DKC,ngon-ngu-han-quoc,D01,Điểm thi THPT,2021,18.0,Ngôn ngữ Hàn Quốc
32059,DKC,ngon-ngu-han-quoc,D15,Điểm thi THPT,2021,18.0,Ngôn ngữ Hàn Quốc
32060,DKC,ngon-ngu-han-quoc,A01,Điểm học bạ,2022,18.0,Ngôn ngữ Hàn Quốc
32061,DKC,ngon-ngu-han-quoc,C00,Điểm học bạ,2022,18.0,Ngôn ngữ Hàn Quốc
32062,DKC,ngon-ngu-han-quoc,D01,Điểm học bạ,2022,18.0,Ngôn ngữ Hàn Quốc
32063,DKC,ngon-ngu-han-quoc,D15,Điểm học bạ,2022,18.0,Ngôn ngữ Hàn Quốc
32064,DKC,ngon-ngu-han-quoc,A01,Điểm thi THPT,2022,17.0,Ngôn ngữ Hàn Quốc
32065,DKC,ngon-ngu-han-quoc,C00,Điểm thi THPT,2022,17.0,Ngôn ngữ Hàn Quốc
32066,DKC,ngon-ngu-han-quoc,D01,Điểm thi THPT,2022,17.0,Ngôn ngữ Hàn Quốc
32067,DKC,ngon-ngu-han-quoc,D15,Điểm thi THPT,2022,17.0,Ngôn ngữ Hàn Quốc
32068,DKC,ngon-ngu-han-quoc,A00,Điểm học bạ,2023,18.0,Ngôn ngữ Hàn Quốc
32069,DKC,ngon-ngu-han-quoc,C00,Điểm học bạ,2023,18.0,Ngôn ngữ Hàn Quốc
32070,DKC,ngon-ngu-han-quoc,D01,Điểm học bạ,2023,18.0,Ngôn ngữ Hàn Quốc
32071,DKC,ngon-ngu-han-quoc,D15,Điểm học bạ,2023,18.0,Ngôn ngữ Hàn Quốc
32072,DKC,ngon-ngu-han-quoc,A00,Điểm thi THPT,2023,17.0,Ngôn ngữ Hàn Quốc
32073,DKC,ngon-ngu-han-quoc,C00,Điểm thi THPT,2023,17.0,Ngôn ngữ Hàn Quốc
32074,DKC,ngon-ngu-han-quoc,D01,Điểm thi THPT,2023,17.0,Ngôn ngữ Hàn Quốc
32075,DKC,ngon-ngu-han-quoc,D15,Điểm thi THPT,2023,17.0,Ngôn ngữ Hàn Quốc
32076,DKC,ngon-ngu-han-quoc,A01,Điểm học bạ,2024,18.0,Ngôn ngữ Hàn Quốc
32077,DKC,ngon-ngu-han-quoc,C00,Điểm học bạ,2024,18.0,Ngôn ngữ Hàn Quốc
32078,DKC,ngon-ngu-han-quoc,D01,Điểm học bạ,2024,18.0,Ngôn ngữ Hàn Quốc
32079,DKC,ngon-ngu-han-quoc,D15,Điểm học bạ,2024,18.0,Ngôn ngữ Hàn Quốc
32080,DKC,ngon-ngu-han-quoc,A01,Điểm thi THPT,2024,17.0,Ngôn ngữ Hàn Quốc
32081,DKC,ngon-ngu-han-quoc,C00,Điểm thi THPT,2024,17.0,Ngôn ngữ Hàn Quốc
32082,DKC,ngon-ngu-han-quoc,D01,Điểm thi THPT,2024,17.0,Ngôn ngữ Hàn Quốc
32083,DKC,ngon-ngu-han-quoc,D15,Điểm thi THPT,2024,17.0,Ngôn ngữ Hàn Quốc
32084,DKC,ngon-ngu-han-quoc,C00,Điểm học bạ,2025,18.0,Ngôn ngữ Hàn Quốc
32085,DKC,ngon-ngu-han-quoc,D01,Điểm học bạ,2025,18.0,Ngôn ngữ Hàn Quốc
32086,DKC,ngon-ngu-han-quoc,D03,Điểm học bạ,2025,18.0,Ngôn ngữ Hàn Quốc
32087,DKC,ngon-ngu-han-quoc,D04,Điểm học bạ,2025,18.0,Ngôn ngữ Hàn Quốc
32088,DKC,ngon-ngu-han-quoc,D06,Điểm học bạ,2025,18.0,Ngôn ngữ Hàn Quốc
32089,DKC,ngon-ngu-han-quoc,D11,Điểm học bạ,2025,18.0,Ngôn ngữ Hàn Quốc
32090,DKC,ngon-ngu-han-quoc,D14,Điểm học bạ,2025,18.0,Ngôn ngữ Hàn Quốc
32091,DKC,ngon-ngu-han-quoc,D15,Điểm học bạ,2025,18.0,Ngôn ngữ Hàn Quốc
32092,DKC,ngon-ngu-han-quoc,D43,Điểm học bạ,2025,18.0,Ngôn ngữ Hàn Quốc
32093,DKC,ngon-ngu-han-quoc,D44,Điểm học bạ,2025,18.0,Ngôn ngữ Hàn Quốc
32094,DKC,ngon-ngu-han-quoc,D45,Điểm học bạ,2025,18.0,Ngôn ngữ Hàn Quốc
32095,DKC,ngon-ngu-han-quoc,D53,Điểm học bạ,2025,18.0,Ngôn ngữ Hàn Quốc
32096,DKC,ngon-ngu-han-quoc,D54,Điểm học bạ,2025,18.0,Ngôn ngữ Hàn Quốc
32097,DKC,ngon-ngu-han-quoc,D55,Điểm học bạ,2025,18.0,Ngôn ngữ Hàn Quốc
32098,DKC,ngon-ngu-han-quoc,D63,Điểm học bạ,2025,18.0,Ngôn ngữ Hàn Quốc
32099,DKC,ngon-ngu-han-quoc,D64,Điểm học bạ,2025,18.0,Ngôn ngữ Hàn Quốc
32100,DKC,ngon-ngu-han-quoc,D65,Điểm học bạ,2025,18.0,Ngôn ngữ Hàn Quốc
32101,DKC,ngon-ngu-han-quoc,X01,Điểm học bạ,2025,18.0,Ngôn ngữ Hàn Quốc
32102,DKC,ngon-ngu-han-quoc,C00,Điểm thi THPT,2025,15.0,Ngôn ngữ Hàn Quốc
32103,DKC,ngon-ngu-han-quoc,D01,Điểm thi THPT,2025,15.0,Ngôn ngữ Hàn Quốc
32104,DKC,ngon-ngu-han-quoc,D03,Điểm thi THPT,2025,15.0,Ngôn ngữ Hàn Quốc
32105,DKC,ngon-ngu-han-quoc,D04,Điểm thi THPT,2025,15.0,Ngôn ngữ Hàn Quốc
32106,DKC,ngon-ngu-han-quoc,D06,Điểm thi THPT,2025,15.0,Ngôn ngữ Hàn Quốc
32107,DKC,ngon-ngu-han-quoc,D11,Điểm thi THPT,2025,15.0,Ngôn ngữ Hàn Quốc
32108,DKC,ngon-ngu-han-quoc,D14,Điểm thi THPT,2025,15.0,Ngôn ngữ Hàn Quốc
32109,DKC,ngon-ngu-han-quoc,D15,Điểm thi THPT,2025,15.0,Ngôn ngữ Hàn Quốc
32110,DKC,ngon-ngu-han-quoc,D43,Điểm thi THPT,2025,15.0,Ngôn ngữ Hàn Quốc
32111,DKC,ngon-ngu-han-quoc,D44,Điểm thi THPT,2025,15.0,Ngôn ngữ Hàn Quốc
32112,DKC,ngon-ngu-han-quoc,D45,Điểm thi THPT,2025,15.0,Ngôn ngữ Hàn Quốc
32113,DKC,ngon-ngu-han-quoc,D53,Điểm thi THPT,2025,15.0,Ngôn ngữ Hàn Quốc
32114,DKC,ngon-ngu-han-quoc,D54,Điểm thi THPT,2025,15.0,Ngôn ngữ Hàn Quốc
32115,DKC,ngon-ngu-han-quoc,D55,Điểm thi THPT,2025,15.0,Ngôn ngữ Hàn Quốc
32116,DKC,ngon-ngu-han-quoc,D63,Điểm thi THPT,2025,15.0,Ngôn ngữ Hàn Quốc
32117,DKC,ngon-ngu-han-quoc,D64,Điểm thi THPT,2025,15.0,Ngôn ngữ Hàn Quốc
32118,DKC,ngon-ngu-han-quoc,D65,Điểm thi THPT,2025,15.0,Ngôn ngữ Hàn Quốc
32119,DKC,ngon-ngu-han-quoc,X01,Điểm thi THPT,2025,15.0,Ngôn ngữ Hàn Quốc
32120,DKC,ngon-ngu-nhat,A01,Điểm học bạ,2021,18.0,Ngôn ngữ Nhật
32121,DKC,ngon-ngu-nhat,D01,Điểm học bạ,2021,18.0,Ngôn ngữ Nhật
32122,DKC,ngon-ngu-nhat,D14,Điểm học bạ,2021,18.0,Ngôn ngữ Nhật
32123,DKC,ngon-ngu-nhat,D15,Điểm học bạ,2021,18.0,Ngôn ngữ Nhật
32124,DKC,ngon-ngu-nhat,A01,Điểm thi THPT,2021,18.0,Ngôn ngữ Nhật
32125,DKC,ngon-ngu-nhat,D01,Điểm thi THPT,2021,18.0,Ngôn ngữ Nhật
32126,DKC,ngon-ngu-nhat,D14,Điểm thi THPT,2021,18.0,Ngôn ngữ Nhật
32127,DKC,ngon-ngu-nhat,D15,Điểm thi THPT,2021,18.0,Ngôn ngữ Nhật
32128,DKC,ngon-ngu-nhat,A01,Điểm học bạ,2022,18.0,Ngôn ngữ Nhật
32129,DKC,ngon-ngu-nhat,D01,Điểm học bạ,2022,18.0,Ngôn ngữ Nhật
32130,DKC,ngon-ngu-nhat,D14,Điểm học bạ,2022,18.0,Ngôn ngữ Nhật
32131,DKC,ngon-ngu-nhat,D15,Điểm học bạ,2022,18.0,Ngôn ngữ Nhật
32132,DKC,ngon-ngu-nhat,A01,Điểm thi THPT,2022,17.0,Ngôn ngữ Nhật
32133,DKC,ngon-ngu-nhat,D01,Điểm thi THPT,2022,17.0,Ngôn ngữ Nhật
32134,DKC,ngon-ngu-nhat,D14,Điểm thi THPT,2022,17.0,Ngôn ngữ Nhật
32135,DKC,ngon-ngu-nhat,D15,Điểm thi THPT,2022,17.0,Ngôn ngữ Nhật
32136,DKC,ngon-ngu-nhat,A01,Điểm học bạ,2023,18.0,Ngôn ngữ Nhật
32137,DKC,ngon-ngu-nhat,D01,Điểm học bạ,2023,18.0,Ngôn ngữ Nhật
32138,DKC,ngon-ngu-nhat,D14,Điểm học bạ,2023,18.0,Ngôn ngữ Nhật
32139,DKC,ngon-ngu-nhat,D15,Điểm học bạ,2023,18.0,Ngôn ngữ Nhật
32140,DKC,ngon-ngu-nhat,A01,Điểm thi THPT,2023,17.0,Ngôn ngữ Nhật
32141,DKC,ngon-ngu-nhat,D01,Điểm thi THPT,2023,17.0,Ngôn ngữ Nhật
32142,DKC,ngon-ngu-nhat,D14,Điểm thi THPT,2023,17.0,Ngôn ngữ Nhật
32143,DKC,ngon-ngu-nhat,D15,Điểm thi THPT,2023,17.0,Ngôn ngữ Nhật
32144,DKC,ngon-ngu-nhat,A01,Điểm học bạ,2024,18.0,Ngôn ngữ Nhật
32145,DKC,ngon-ngu-nhat,D01,Điểm học bạ,2024,18.0,Ngôn ngữ Nhật
32146,DKC,ngon-ngu-nhat,D14,Điểm học bạ,2024,18.0,Ngôn ngữ Nhật
32147,DKC,ngon-ngu-nhat,D15,Điểm học bạ,2024,18.0,Ngôn ngữ Nhật
32148,DKC,ngon-ngu-nhat,A01,Điểm thi THPT,2024,17.0,Ngôn ngữ Nhật
32149,DKC,ngon-ngu-nhat,D01,Điểm thi THPT,2024,17.0,Ngôn ngữ Nhật
32150,DKC,ngon-ngu-nhat,D14,Điểm thi THPT,2024,17.0,Ngôn ngữ Nhật
32151,DKC,ngon-ngu-nhat,D15,Điểm thi THPT,2024,17.0,Ngôn ngữ Nhật
32152,DKC,ngon-ngu-nhat,C00,Điểm học bạ,2025,18.0,Ngôn ngữ Nhật
32153,DKC,ngon-ngu-nhat,D01,Điểm học bạ,2025,18.0,Ngôn ngữ Nhật
32154,DKC,ngon-ngu-nhat,D03,Điểm học bạ,2025,18.0,Ngôn ngữ Nhật
32155,DKC,ngon-ngu-nhat,D04,Điểm học bạ,2025,18.0,Ngôn ngữ Nhật
32156,DKC,ngon-ngu-nhat,D06,Điểm học bạ,2025,18.0,Ngôn ngữ Nhật
32157,DKC,ngon-ngu-nhat,D11,Điểm học bạ,2025,18.0,Ngôn ngữ Nhật
32158,DKC,ngon-ngu-nhat,D14,Điểm học bạ,2025,18.0,Ngôn ngữ Nhật
32159,DKC,ngon-ngu-nhat,D15,Điểm học bạ,2025,18.0,Ngôn ngữ Nhật
32160,DKC,ngon-ngu-nhat,D43,Điểm học bạ,2025,18.0,Ngôn ngữ Nhật
32161,DKC,ngon-ngu-nhat,D44,Điểm học bạ,2025,18.0,Ngôn ngữ Nhật
32162,DKC,ngon-ngu-nhat,D45,Điểm học bạ,2025,18.0,Ngôn ngữ Nhật
32163,DKC,ngon-ngu-nhat,D53,Điểm học bạ,2025,18.0,Ngôn ngữ Nhật
32164,DKC,ngon-ngu-nhat,D54,Điểm học bạ,2025,18.0,Ngôn ngữ Nhật
32165,DKC,ngon-ngu-nhat,D55,Điểm học bạ,2025,18.0,Ngôn ngữ Nhật
32166,DKC,ngon-ngu-nhat,D63,Điểm học bạ,2025,18.0,Ngôn ngữ Nhật
32167,DKC,ngon-ngu-nhat,D64,Điểm học bạ,2025,18.0,Ngôn ngữ Nhật
32168,DKC,ngon-ngu-nhat,D65,Điểm học bạ,2025,18.0,Ngôn ngữ Nhật
32169,DKC,ngon-ngu-nhat,X01,Điểm học bạ,2025,18.0,Ngôn ngữ Nhật
32170,DKC,ngon-ngu-nhat,C00,Điểm thi THPT,2025,15.0,Ngôn ngữ Nhật
32171,DKC,ngon-ngu-nhat,D01,Điểm thi THPT,2025,15.0,Ngôn ngữ Nhật
32172,DKC,ngon-ngu-nhat,D03,Điểm thi THPT,2025,15.0,Ngôn ngữ Nhật
32173,DKC,ngon-ngu-nhat,D04,Điểm thi THPT,2025,15.0,Ngôn ngữ Nhật
32174,DKC,ngon-ngu-nhat,D06,Điểm thi THPT,2025,15.0,Ngôn ngữ Nhật
32175,DKC,ngon-ngu-nhat,D11,Điểm thi THPT,2025,15.0,Ngôn ngữ Nhật
32176,DKC,ngon-ngu-nhat,D14,Điểm thi THPT,2025,15.0,Ngôn ngữ Nhật
32177,DKC,ngon-ngu-nhat,D15,Điểm thi THPT,2025,15.0,Ngôn ngữ Nhật
32178,DKC,ngon-ngu-nhat,D43,Điểm thi THPT,2025,15.0,Ngôn ngữ Nhật
32179,DKC,ngon-ngu-nhat,D44,Điểm thi THPT,2025,15.0,Ngôn ngữ Nhật
32180,DKC,ngon-ngu-nhat,D45,Điểm thi THPT,2025,15.0,Ngôn ngữ Nhật
32181,DKC,ngon-ngu-nhat,D53,Điểm thi THPT,2025,15.0,Ngôn ngữ Nhật
32182,DKC,ngon-ngu-nhat,D54,Điểm thi THPT,2025,15.0,Ngôn ngữ Nhật
32183,DKC,ngon-ngu-nhat,D55,Điểm thi THPT,2025,15.0,Ngôn ngữ Nhật
32184,DKC,ngon-ngu-nhat,D63,Điểm thi THPT,2025,15.0,Ngôn ngữ Nhật
32185,DKC,ngon-ngu-nhat,D64,Điểm thi THPT,2025,15.0,Ngôn ngữ Nhật
32186,DKC,ngon-ngu-nhat,D65,Điểm thi THPT,2025,15.0,Ngôn ngữ Nhật
32187,DKC,ngon-ngu-nhat,X01,Điểm thi THPT,2025,15.0,Ngôn ngữ Nhật
32188,DKC,ngon-ngu-trung-quoc,A01,Điểm học bạ,2021,18.0,Ngôn ngữ Trung Quốc
32189,DKC,ngon-ngu-trung-quoc,C00,Điểm học bạ,2021,18.0,Ngôn ngữ Trung Quốc
32190,DKC,ngon-ngu-trung-quoc,D01,Điểm học bạ,2021,18.0,Ngôn ngữ Trung Quốc
32191,DKC,ngon-ngu-trung-quoc,D15,Điểm học bạ,2021,18.0,Ngôn ngữ Trung Quốc
32192,DKC,ngon-ngu-trung-quoc,A01,Điểm thi THPT,2021,19.0,Ngôn ngữ Trung Quốc
32193,DKC,ngon-ngu-trung-quoc,C00,Điểm thi THPT,2021,19.0,Ngôn ngữ Trung Quốc
32194,DKC,ngon-ngu-trung-quoc,D01,Điểm thi THPT,2021,19.0,Ngôn ngữ Trung Quốc
32195,DKC,ngon-ngu-trung-quoc,D15,Điểm thi THPT,2021,19.0,Ngôn ngữ Trung Quốc
32196,DKC,ngon-ngu-trung-quoc,A01,Điểm học bạ,2022,18.0,Ngôn ngữ Trung Quốc
32197,DKC,ngon-ngu-trung-quoc,C00,Điểm học bạ,2022,18.0,Ngôn ngữ Trung Quốc
32198,DKC,ngon-ngu-trung-quoc,D01,Điểm học bạ,2022,18.0,Ngôn ngữ Trung Quốc
32199,DKC,ngon-ngu-trung-quoc,D15,Điểm học bạ,2022,18.0,Ngôn ngữ Trung Quốc
32200,DKC,ngon-ngu-trung-quoc,A01,Điểm thi THPT,2022,17.0,Ngôn ngữ Trung Quốc
32201,DKC,ngon-ngu-trung-quoc,C00,Điểm thi THPT,2022,17.0,Ngôn ngữ Trung Quốc
32202,DKC,ngon-ngu-trung-quoc,D01,Điểm thi THPT,2022,17.0,Ngôn ngữ Trung Quốc
32203,DKC,ngon-ngu-trung-quoc,D15,Điểm thi THPT,2022,17.0,Ngôn ngữ Trung Quốc
32204,DKC,ngon-ngu-trung-quoc,A00,Điểm học bạ,2023,18.0,Ngôn ngữ Trung Quốc
32205,DKC,ngon-ngu-trung-quoc,C00,Điểm học bạ,2023,18.0,Ngôn ngữ Trung Quốc
32206,DKC,ngon-ngu-trung-quoc,D01,Điểm học bạ,2023,18.0,Ngôn ngữ Trung Quốc
32207,DKC,ngon-ngu-trung-quoc,D15,Điểm học bạ,2023,18.0,Ngôn ngữ Trung Quốc
32208,DKC,ngon-ngu-trung-quoc,A00,Điểm thi THPT,2023,17.0,Ngôn ngữ Trung Quốc
32209,DKC,ngon-ngu-trung-quoc,C00,Điểm thi THPT,2023,17.0,Ngôn ngữ Trung Quốc
32210,DKC,ngon-ngu-trung-quoc,D01,Điểm thi THPT,2023,17.0,Ngôn ngữ Trung Quốc
32211,DKC,ngon-ngu-trung-quoc,D15,Điểm thi THPT,2023,17.0,Ngôn ngữ Trung Quốc
32212,DKC,ngon-ngu-trung-quoc,A01,Điểm học bạ,2024,18.0,Ngôn ngữ Trung Quốc
32213,DKC,ngon-ngu-trung-quoc,C00,Điểm học bạ,2024,18.0,Ngôn ngữ Trung Quốc
32214,DKC,ngon-ngu-trung-quoc,D01,Điểm học bạ,2024,18.0,Ngôn ngữ Trung Quốc
32215,DKC,ngon-ngu-trung-quoc,D15,Điểm học bạ,2024,18.0,Ngôn ngữ Trung Quốc
32216,DKC,ngon-ngu-trung-quoc,A01,Điểm thi THPT,2024,17.0,Ngôn ngữ Trung Quốc
32217,DKC,ngon-ngu-trung-quoc,C00,Điểm thi THPT,2024,17.0,Ngôn ngữ Trung Quốc
32218,DKC,ngon-ngu-trung-quoc,D01,Điểm thi THPT,2024,17.0,Ngôn ngữ Trung Quốc
32219,DKC,ngon-ngu-trung-quoc,D15,Điểm thi THPT,2024,17.0,Ngôn ngữ Trung Quốc
32220,DKC,ngon-ngu-trung-quoc,C00,Điểm học bạ,2025,18.0,Ngôn ngữ Trung Quốc
32221,DKC,ngon-ngu-trung-quoc,D01,Điểm học bạ,2025,18.0,Ngôn ngữ Trung Quốc
32222,DKC,ngon-ngu-trung-quoc,D03,Điểm học bạ,2025,18.0,Ngôn ngữ Trung Quốc
32223,DKC,ngon-ngu-trung-quoc,D04,Điểm học bạ,2025,18.0,Ngôn ngữ Trung Quốc
32224,DKC,ngon-ngu-trung-quoc,D06,Điểm học bạ,2025,18.0,Ngôn ngữ Trung Quốc
32225,DKC,ngon-ngu-trung-quoc,D11,Điểm học bạ,2025,18.0,Ngôn ngữ Trung Quốc
32226,DKC,ngon-ngu-trung-quoc,D14,Điểm học bạ,2025,18.0,Ngôn ngữ Trung Quốc
32227,DKC,ngon-ngu-trung-quoc,D15,Điểm học bạ,2025,18.0,Ngôn ngữ Trung Quốc
32228,DKC,ngon-ngu-trung-quoc,D43,Điểm học bạ,2025,18.0,Ngôn ngữ Trung Quốc
32229,DKC,ngon-ngu-trung-quoc,D44,Điểm học bạ,2025,18.0,Ngôn ngữ Trung Quốc
32230,DKC,ngon-ngu-trung-quoc,D45,Điểm học bạ,2025,18.0,Ngôn ngữ Trung Quốc
32231,DKC,ngon-ngu-trung-quoc,D53,Điểm học bạ,2025,18.0,Ngôn ngữ Trung Quốc
32232,DKC,ngon-ngu-trung-quoc,D54,Điểm học bạ,2025,18.0,Ngôn ngữ Trung Quốc
32233,DKC,ngon-ngu-trung-quoc,D55,Điểm học bạ,2025,18.0,Ngôn ngữ Trung Quốc
32234,DKC,ngon-ngu-trung-quoc,D63,Điểm học bạ,2025,18.0,Ngôn ngữ Trung Quốc
32235,DKC,ngon-ngu-trung-quoc,D64,Điểm học bạ,2025,18.0,Ngôn ngữ Trung Quốc
32236,DKC,ngon-ngu-trung-quoc,D65,Điểm học bạ,2025,18.0,Ngôn ngữ Trung Quốc
32237,DKC,ngon-ngu-trung-quoc,X01,Điểm học bạ,2025,18.0,Ngôn ngữ Trung Quốc
32238,DKC,ngon-ngu-trung-quoc,C00,Điểm thi THPT,2025,15.0,Ngôn ngữ Trung Quốc
32239,DKC,ngon-ngu-trung-quoc,D01,Điểm thi THPT,2025,15.0,Ngôn ngữ Trung Quốc
32240,DKC,ngon-ngu-trung-quoc,D03,Điểm thi THPT,2025,15.0,Ngôn ngữ Trung Quốc
32241,DKC,ngon-ngu-trung-quoc,D04,Điểm thi THPT,2025,15.0,Ngôn ngữ Trung Quốc
32242,DKC,ngon-ngu-trung-quoc,D06,Điểm thi THPT,2025,15.0,Ngôn ngữ Trung Quốc
32243,DKC,ngon-ngu-trung-quoc,D11,Điểm thi THPT,2025,15.0,Ngôn ngữ Trung Quốc
32244,DKC,ngon-ngu-trung-quoc,D14,Điểm thi THPT,2025,15.0,Ngôn ngữ Trung Quốc
32245,DKC,ngon-ngu-trung-quoc,D15,Điểm thi THPT,2025,15.0,Ngôn ngữ Trung Quốc
32246,DKC,ngon-ngu-trung-quoc,D43,Điểm thi THPT,2025,15.0,Ngôn ngữ Trung Quốc
32247,DKC,ngon-ngu-trung-quoc,D44,Điểm thi THPT,2025,15.0,Ngôn ngữ Trung Quốc
32248,DKC,ngon-ngu-trung-quoc,D45,Điểm thi THPT,2025,15.0,Ngôn ngữ Trung Quốc
32249,DKC,ngon-ngu-trung-quoc,D53,Điểm thi THPT,2025,15.0,Ngôn ngữ Trung Quốc
32250,DKC,ngon-ngu-trung-quoc,D54,Điểm thi THPT,2025,15.0,Ngôn ngữ Trung Quốc
32251,DKC,ngon-ngu-trung-quoc,D55,Điểm thi THPT,2025,15.0,Ngôn ngữ Trung Quốc
32252,DKC,ngon-ngu-trung-quoc,D63,Điểm thi THPT,2025,15.0,Ngôn ngữ Trung Quốc
32253,DKC,ngon-ngu-trung-quoc,D64,Điểm thi THPT,2025,15.0,Ngôn ngữ Trung Quốc
32254,DKC,ngon-ngu-trung-quoc,D65,Điểm thi THPT,2025,15.0,Ngôn ngữ Trung Quốc
32255,DKC,ngon-ngu-trung-quoc,X01,Điểm thi THPT,2025,15.0,Ngôn ngữ Trung Quốc
32256,DKC,quan-he-cong-chung,A00,Điểm học bạ,2021,18.0,Quan hệ công chúng
32257,DKC,quan-he-cong-chung,A01,Điểm học bạ,2021,18.0,Quan hệ công chúng
32258,DKC,quan-he-cong-chung,C00,Điểm học bạ,2021,18.0,Quan hệ công chúng
32259,DKC,quan-he-cong-chung,D01,Điểm học bạ,2021,18.0,Quan hệ công chúng
32260,DKC,quan-he-cong-chung,A00,Điểm thi THPT,2021,22.0,Quan hệ công chúng
32261,DKC,quan-he-cong-chung,A01,Điểm thi THPT,2021,22.0,Quan hệ công chúng
32262,DKC,quan-he-cong-chung,C00,Điểm thi THPT,2021,22.0,Quan hệ công chúng
32263,DKC,quan-he-cong-chung,D01,Điểm thi THPT,2021,22.0,Quan hệ công chúng
32264,DKC,quan-he-cong-chung,A00,Điểm học bạ,2022,18.0,Quan hệ công chúng
32265,DKC,quan-he-cong-chung,A01,Điểm học bạ,2022,18.0,Quan hệ công chúng
32266,DKC,quan-he-cong-chung,C00,Điểm học bạ,2022,18.0,Quan hệ công chúng
32267,DKC,quan-he-cong-chung,D01,Điểm học bạ,2022,18.0,Quan hệ công chúng
32268,DKC,quan-he-cong-chung,A00,Điểm thi THPT,2022,17.0,Quan hệ công chúng
32269,DKC,quan-he-cong-chung,A01,Điểm thi THPT,2022,17.0,Quan hệ công chúng
32270,DKC,quan-he-cong-chung,C00,Điểm thi THPT,2022,17.0,Quan hệ công chúng
32271,DKC,quan-he-cong-chung,D01,Điểm thi THPT,2022,17.0,Quan hệ công chúng
32272,DKC,quan-he-cong-chung,A00,Điểm học bạ,2023,18.0,Quan hệ công chúng
32273,DKC,quan-he-cong-chung,A01,Điểm học bạ,2023,18.0,Quan hệ công chúng
32274,DKC,quan-he-cong-chung,C00,Điểm học bạ,2023,18.0,Quan hệ công chúng
32275,DKC,quan-he-cong-chung,D01,Điểm học bạ,2023,18.0,Quan hệ công chúng
32276,DKC,quan-he-cong-chung,A00,Điểm thi THPT,2023,18.0,Quan hệ công chúng
32277,DKC,quan-he-cong-chung,A01,Điểm thi THPT,2023,18.0,Quan hệ công chúng
32278,DKC,quan-he-cong-chung,C00,Điểm thi THPT,2023,18.0,Quan hệ công chúng
32279,DKC,quan-he-cong-chung,D01,Điểm thi THPT,2023,18.0,Quan hệ công chúng
32280,DKC,quan-he-cong-chung,A00,Điểm học bạ,2024,18.0,Quan hệ công chúng
32281,DKC,quan-he-cong-chung,A01,Điểm học bạ,2024,18.0,Quan hệ công chúng
32282,DKC,quan-he-cong-chung,C00,Điểm học bạ,2024,18.0,Quan hệ công chúng
32283,DKC,quan-he-cong-chung,D01,Điểm học bạ,2024,18.0,Quan hệ công chúng
32284,DKC,quan-he-cong-chung,A00,Điểm thi THPT,2024,18.0,Quan hệ công chúng
32285,DKC,quan-he-cong-chung,A01,Điểm thi THPT,2024,18.0,Quan hệ công chúng
32286,DKC,quan-he-cong-chung,C00,Điểm thi THPT,2024,18.0,Quan hệ công chúng
32287,DKC,quan-he-cong-chung,D01,Điểm thi THPT,2024,18.0,Quan hệ công chúng
32288,DKC,quan-he-cong-chung,C01,Điểm học bạ,2025,18.0,Quan hệ công chúng
32289,DKC,quan-he-cong-chung,C03,Điểm học bạ,2025,18.0,Quan hệ công chúng
32290,DKC,quan-he-cong-chung,C04,Điểm học bạ,2025,18.0,Quan hệ công chúng
32291,DKC,quan-he-cong-chung,D01,Điểm học bạ,2025,18.0,Quan hệ công chúng
32292,DKC,quan-he-cong-chung,X01,Điểm học bạ,2025,18.0,Quan hệ công chúng
32293,DKC,quan-he-cong-chung,X02,Điểm học bạ,2025,18.0,Quan hệ công chúng
32294,DKC,quan-he-cong-chung,C01,Điểm thi THPT,2025,15.0,Quan hệ công chúng
32295,DKC,quan-he-cong-chung,C03,Điểm thi THPT,2025,15.0,Quan hệ công chúng
32296,DKC,quan-he-cong-chung,C04,Điểm thi THPT,2025,15.0,Quan hệ công chúng
32297,DKC,quan-he-cong-chung,D01,Điểm thi THPT,2025,15.0,Quan hệ công chúng
32298,DKC,quan-he-cong-chung,X01,Điểm thi THPT,2025,15.0,Quan hệ công chúng
32299,DKC,quan-he-cong-chung,X02,Điểm thi THPT,2025,15.0,Quan hệ công chúng
32300,DKC,quan-he-quoc-te,A00,Điểm học bạ,2021,18.0,Quan hệ quốc tế
32301,DKC,quan-he-quoc-te,A01,Điểm học bạ,2021,18.0,Quan hệ quốc tế
32302,DKC,quan-he-quoc-te,C00,Điểm học bạ,2021,18.0,Quan hệ quốc tế
32303,DKC,quan-he-quoc-te,D01,Điểm học bạ,2021,18.0,Quan hệ quốc tế
32304,DKC,quan-he-quoc-te,A00,Điểm thi THPT,2021,18.0,Quan hệ quốc tế
32305,DKC,quan-he-quoc-te,A01,Điểm thi THPT,2021,18.0,Quan hệ quốc tế
32306,DKC,quan-he-quoc-te,C00,Điểm thi THPT,2021,18.0,Quan hệ quốc tế
32307,DKC,quan-he-quoc-te,D01,Điểm thi THPT,2021,18.0,Quan hệ quốc tế
32308,DKC,quan-he-quoc-te,A00,Điểm học bạ,2022,18.0,Quan hệ quốc tế
32309,DKC,quan-he-quoc-te,A01,Điểm học bạ,2022,18.0,Quan hệ quốc tế
32310,DKC,quan-he-quoc-te,C00,Điểm học bạ,2022,18.0,Quan hệ quốc tế
32311,DKC,quan-he-quoc-te,D01,Điểm học bạ,2022,18.0,Quan hệ quốc tế
32312,DKC,quan-he-quoc-te,A00,Điểm thi THPT,2022,17.0,Quan hệ quốc tế
32313,DKC,quan-he-quoc-te,A01,Điểm thi THPT,2022,17.0,Quan hệ quốc tế
32314,DKC,quan-he-quoc-te,C00,Điểm thi THPT,2022,17.0,Quan hệ quốc tế
32315,DKC,quan-he-quoc-te,D01,Điểm thi THPT,2022,17.0,Quan hệ quốc tế
32316,DKC,quan-he-quoc-te,A00,Điểm học bạ,2023,18.0,Quan hệ quốc tế
32317,DKC,quan-he-quoc-te,A01,Điểm học bạ,2023,18.0,Quan hệ quốc tế
32318,DKC,quan-he-quoc-te,C00,Điểm học bạ,2023,18.0,Quan hệ quốc tế
32319,DKC,quan-he-quoc-te,D01,Điểm học bạ,2023,18.0,Quan hệ quốc tế
32320,DKC,quan-he-quoc-te,A00,Điểm thi THPT,2023,17.0,Quan hệ quốc tế
32321,DKC,quan-he-quoc-te,A01,Điểm thi THPT,2023,17.0,Quan hệ quốc tế
32322,DKC,quan-he-quoc-te,C00,Điểm thi THPT,2023,17.0,Quan hệ quốc tế
32323,DKC,quan-he-quoc-te,D01,Điểm thi THPT,2023,17.0,Quan hệ quốc tế
32324,DKC,quan-ly-tai-nguyen-va-moi-truong,A00,Điểm học bạ,2022,18.0,Quản lý tài nguyên và môi trường
32325,DKC,quan-ly-tai-nguyen-va-moi-truong,B00,Điểm học bạ,2022,18.0,Quản lý tài nguyên và môi trường
32326,DKC,quan-ly-tai-nguyen-va-moi-truong,C08,Điểm học bạ,2022,18.0,Quản lý tài nguyên và môi trường
32327,DKC,quan-ly-tai-nguyen-va-moi-truong,D07,Điểm học bạ,2022,18.0,Quản lý tài nguyên và môi trường
32328,DKC,quan-ly-tai-nguyen-va-moi-truong,A00,Điểm thi THPT,2022,17.0,Quản lý tài nguyên và môi trường
32329,DKC,quan-ly-tai-nguyen-va-moi-truong,B00,Điểm thi THPT,2022,17.0,Quản lý tài nguyên và môi trường
32330,DKC,quan-ly-tai-nguyen-va-moi-truong,C08,Điểm thi THPT,2022,17.0,Quản lý tài nguyên và môi trường
32331,DKC,quan-ly-tai-nguyen-va-moi-truong,D07,Điểm thi THPT,2022,17.0,Quản lý tài nguyên và môi trường
32332,DKC,quan-ly-tai-nguyen-va-moi-truong,A00,Điểm học bạ,2023,18.0,Quản lý tài nguyên và môi trường
32333,DKC,quan-ly-tai-nguyen-va-moi-truong,B00,Điểm học bạ,2023,18.0,Quản lý tài nguyên và môi trường
32334,DKC,quan-ly-tai-nguyen-va-moi-truong,C08,Điểm học bạ,2023,18.0,Quản lý tài nguyên và môi trường
32335,DKC,quan-ly-tai-nguyen-va-moi-truong,D07,Điểm học bạ,2023,18.0,Quản lý tài nguyên và môi trường
32336,DKC,quan-ly-tai-nguyen-va-moi-truong,A00,Điểm thi THPT,2023,16.0,Quản lý tài nguyên và môi trường
32337,DKC,quan-ly-tai-nguyen-va-moi-truong,B00,Điểm thi THPT,2023,16.0,Quản lý tài nguyên và môi trường
32338,DKC,quan-ly-tai-nguyen-va-moi-truong,C08,Điểm thi THPT,2023,16.0,Quản lý tài nguyên và môi trường
32339,DKC,quan-ly-tai-nguyen-va-moi-truong,D07,Điểm thi THPT,2023,16.0,Quản lý tài nguyên và môi trường
32340,DKC,quan-ly-tai-nguyen-va-moi-truong,A00,Điểm học bạ,2024,18.0,Quản lý tài nguyên và môi trường
32341,DKC,quan-ly-tai-nguyen-va-moi-truong,B00,Điểm học bạ,2024,18.0,Quản lý tài nguyên và môi trường
32342,DKC,quan-ly-tai-nguyen-va-moi-truong,C08,Điểm học bạ,2024,18.0,Quản lý tài nguyên và môi trường
32343,DKC,quan-ly-tai-nguyen-va-moi-truong,D07,Điểm học bạ,2024,18.0,Quản lý tài nguyên và môi trường
32344,DKC,quan-ly-tai-nguyen-va-moi-truong,A00,Điểm thi THPT,2024,16.0,Quản lý tài nguyên và môi trường
32345,DKC,quan-ly-tai-nguyen-va-moi-truong,B00,Điểm thi THPT,2024,16.0,Quản lý tài nguyên và môi trường
32346,DKC,quan-ly-tai-nguyen-va-moi-truong,C08,Điểm thi THPT,2024,16.0,Quản lý tài nguyên và môi trường
32347,DKC,quan-ly-tai-nguyen-va-moi-truong,D07,Điểm thi THPT,2024,16.0,Quản lý tài nguyên và môi trường
32348,DKC,quan-ly-tai-nguyen-va-moi-truong,B03,Điểm học bạ,2025,18.0,Quản lý tài nguyên và môi trường
32349,DKC,quan-ly-tai-nguyen-va-moi-truong,C01,Điểm học bạ,2025,18.0,Quản lý tài nguyên và môi trường
32350,DKC,quan-ly-tai-nguyen-va-moi-truong,C02,Điểm học bạ,2025,18.0,Quản lý tài nguyên và môi trường
32351,DKC,quan-ly-tai-nguyen-va-moi-truong,D01,Điểm học bạ,2025,18.0,Quản lý tài nguyên và môi trường
32352,DKC,quan-ly-tai-nguyen-va-moi-truong,X01,Điểm học bạ,2025,18.0,Quản lý tài nguyên và môi trường
32353,DKC,quan-ly-tai-nguyen-va-moi-truong,X02,Điểm học bạ,2025,18.0,Quản lý tài nguyên và môi trường
32354,DKC,quan-ly-tai-nguyen-va-moi-truong,B03,Điểm thi THPT,2025,15.0,Quản lý tài nguyên và môi trường
32355,DKC,quan-ly-tai-nguyen-va-moi-truong,C01,Điểm thi THPT,2025,15.0,Quản lý tài nguyên và môi trường
32356,DKC,quan-ly-tai-nguyen-va-moi-truong,C02,Điểm thi THPT,2025,15.0,Quản lý tài nguyên và môi trường
32357,DKC,quan-ly-tai-nguyen-va-moi-truong,D01,Điểm thi THPT,2025,15.0,Quản lý tài nguyên và môi trường
32358,DKC,quan-ly-tai-nguyen-va-moi-truong,X01,Điểm thi THPT,2025,15.0,Quản lý tài nguyên và môi trường
32359,DKC,quan-ly-tai-nguyen-va-moi-truong,X02,Điểm thi THPT,2025,15.0,Quản lý tài nguyên và môi trường
32360,DKC,quan-ly-the-duc-the-thao,A00,Điểm học bạ,2023,18.0,Quản lý thể dục thể thao
32361,DKC,quan-ly-the-duc-the-thao,A01,Điểm học bạ,2023,18.0,Quản lý thể dục thể thao
32362,DKC,quan-ly-the-duc-the-thao,C00,Điểm học bạ,2023,18.0,Quản lý thể dục thể thao
32363,DKC,quan-ly-the-duc-the-thao,D01,Điểm học bạ,2023,18.0,Quản lý thể dục thể thao
32364,DKC,quan-ly-the-duc-the-thao,A00,Điểm thi THPT,2023,16.0,Quản lý thể dục thể thao
32365,DKC,quan-ly-the-duc-the-thao,A01,Điểm thi THPT,2023,16.0,Quản lý thể dục thể thao
32366,DKC,quan-ly-the-duc-the-thao,C00,Điểm thi THPT,2023,16.0,Quản lý thể dục thể thao
32367,DKC,quan-ly-the-duc-the-thao,D01,Điểm thi THPT,2023,16.0,Quản lý thể dục thể thao
32368,DKC,quan-ly-the-duc-the-thao,A00,Điểm học bạ,2024,18.0,Quản lý thể dục thể thao
32369,DKC,quan-ly-the-duc-the-thao,A01,Điểm học bạ,2024,18.0,Quản lý thể dục thể thao
32370,DKC,quan-ly-the-duc-the-thao,C00,Điểm học bạ,2024,18.0,Quản lý thể dục thể thao
32371,DKC,quan-ly-the-duc-the-thao,D01,Điểm học bạ,2024,18.0,Quản lý thể dục thể thao
32372,DKC,quan-ly-the-duc-the-thao,A00,Điểm thi THPT,2024,16.0,Quản lý thể dục thể thao
32373,DKC,quan-ly-the-duc-the-thao,A01,Điểm thi THPT,2024,16.0,Quản lý thể dục thể thao
32374,DKC,quan-ly-the-duc-the-thao,C00,Điểm thi THPT,2024,16.0,Quản lý thể dục thể thao
32375,DKC,quan-ly-the-duc-the-thao,D01,Điểm thi THPT,2024,16.0,Quản lý thể dục thể thao
32376,DKC,quan-ly-the-duc-the-thao,C01,Điểm học bạ,2025,18.0,Quản lý thể dục thể thao
32377,DKC,quan-ly-the-duc-the-thao,C03,Điểm học bạ,2025,18.0,Quản lý thể dục thể thao
32378,DKC,quan-ly-the-duc-the-thao,C04,Điểm học bạ,2025,18.0,Quản lý thể dục thể thao
32379,DKC,quan-ly-the-duc-the-thao,D01,Điểm học bạ,2025,18.0,Quản lý thể dục thể thao
32380,DKC,quan-ly-the-duc-the-thao,X01,Điểm học bạ,2025,18.0,Quản lý thể dục thể thao
32381,DKC,quan-ly-the-duc-the-thao,X02,Điểm học bạ,2025,18.0,Quản lý thể dục thể thao
32382,DKC,quan-ly-the-duc-the-thao,C01,Điểm thi THPT,2025,15.0,Quản lý thể dục thể thao
32383,DKC,quan-ly-the-duc-the-thao,C03,Điểm thi THPT,2025,15.0,Quản lý thể dục thể thao
32384,DKC,quan-ly-the-duc-the-thao,C04,Điểm thi THPT,2025,15.0,Quản lý thể dục thể thao
32385,DKC,quan-ly-the-duc-the-thao,D01,Điểm thi THPT,2025,15.0,Quản lý thể dục thể thao
32386,DKC,quan-ly-the-duc-the-thao,X01,Điểm thi THPT,2025,15.0,Quản lý thể dục thể thao
32387,DKC,quan-ly-the-duc-the-thao,X02,Điểm thi THPT,2025,15.0,Quản lý thể dục thể thao
32388,DKC,quan-ly-xay-dung,A00,Điểm học bạ,2021,18.0,Quản lý xây dựng
32389,DKC,quan-ly-xay-dung,A01,Điểm học bạ,2021,18.0,Quản lý xây dựng
32390,DKC,quan-ly-xay-dung,C01,Điểm học bạ,2021,18.0,Quản lý xây dựng
32391,DKC,quan-ly-xay-dung,D01,Điểm học bạ,2021,18.0,Quản lý xây dựng
32392,DKC,quan-ly-xay-dung,A00,Điểm thi THPT,2021,18.0,Quản lý xây dựng
32393,DKC,quan-ly-xay-dung,A01,Điểm thi THPT,2021,18.0,Quản lý xây dựng
32394,DKC,quan-ly-xay-dung,C01,Điểm thi THPT,2021,18.0,Quản lý xây dựng
32395,DKC,quan-ly-xay-dung,D01,Điểm thi THPT,2021,18.0,Quản lý xây dựng
32396,DKC,quan-ly-xay-dung,A00,Điểm học bạ,2022,18.0,Quản lý xây dựng
32397,DKC,quan-ly-xay-dung,A01,Điểm học bạ,2022,18.0,Quản lý xây dựng
32398,DKC,quan-ly-xay-dung,C01,Điểm học bạ,2022,18.0,Quản lý xây dựng
32399,DKC,quan-ly-xay-dung,D01,Điểm học bạ,2022,18.0,Quản lý xây dựng
32400,DKC,quan-ly-xay-dung,A00,Điểm thi THPT,2022,17.0,Quản lý xây dựng
32401,DKC,quan-ly-xay-dung,A01,Điểm thi THPT,2022,17.0,Quản lý xây dựng
32402,DKC,quan-ly-xay-dung,C01,Điểm thi THPT,2022,17.0,Quản lý xây dựng
32403,DKC,quan-ly-xay-dung,D01,Điểm thi THPT,2022,17.0,Quản lý xây dựng
32404,DKC,quan-ly-xay-dung,A00,Điểm học bạ,2023,18.0,Quản lý xây dựng
32405,DKC,quan-ly-xay-dung,A01,Điểm học bạ,2023,18.0,Quản lý xây dựng
32406,DKC,quan-ly-xay-dung,C01,Điểm học bạ,2023,18.0,Quản lý xây dựng
32407,DKC,quan-ly-xay-dung,D01,Điểm học bạ,2023,18.0,Quản lý xây dựng
32408,DKC,quan-ly-xay-dung,A00,Điểm thi THPT,2023,16.0,Quản lý xây dựng
32409,DKC,quan-ly-xay-dung,A01,Điểm thi THPT,2023,16.0,Quản lý xây dựng
32410,DKC,quan-ly-xay-dung,C01,Điểm thi THPT,2023,16.0,Quản lý xây dựng
32411,DKC,quan-ly-xay-dung,D01,Điểm thi THPT,2023,16.0,Quản lý xây dựng
32412,DKC,quan-ly-xay-dung,A00,Điểm học bạ,2024,18.0,Quản lý xây dựng
32413,DKC,quan-ly-xay-dung,A01,Điểm học bạ,2024,18.0,Quản lý xây dựng
32414,DKC,quan-ly-xay-dung,C01,Điểm học bạ,2024,18.0,Quản lý xây dựng
32415,DKC,quan-ly-xay-dung,D01,Điểm học bạ,2024,18.0,Quản lý xây dựng
32416,DKC,quan-ly-xay-dung,A00,Điểm thi THPT,2024,16.0,Quản lý xây dựng
32417,DKC,quan-ly-xay-dung,A01,Điểm thi THPT,2024,16.0,Quản lý xây dựng
32418,DKC,quan-ly-xay-dung,C01,Điểm thi THPT,2024,16.0,Quản lý xây dựng
32419,DKC,quan-ly-xay-dung,D01,Điểm thi THPT,2024,16.0,Quản lý xây dựng
32420,DKC,quan-ly-xay-dung,C01,Điểm học bạ,2025,18.0,Quản lý xây dựng
32421,DKC,quan-ly-xay-dung,C03,Điểm học bạ,2025,18.0,Quản lý xây dựng
32422,DKC,quan-ly-xay-dung,C04,Điểm học bạ,2025,18.0,Quản lý xây dựng
32423,DKC,quan-ly-xay-dung,D01,Điểm học bạ,2025,18.0,Quản lý xây dựng
32424,DKC,quan-ly-xay-dung,X01,Điểm học bạ,2025,18.0,Quản lý xây dựng
32425,DKC,quan-ly-xay-dung,X02,Điểm học bạ,2025,18.0,Quản lý xây dựng
32426,DKC,quan-ly-xay-dung,C01,Điểm thi THPT,2025,15.0,Quản lý xây dựng
32427,DKC,quan-ly-xay-dung,C03,Điểm thi THPT,2025,15.0,Quản lý xây dựng
32428,DKC,quan-ly-xay-dung,C04,Điểm thi THPT,2025,15.0,Quản lý xây dựng
32429,DKC,quan-ly-xay-dung,D01,Điểm thi THPT,2025,15.0,Quản lý xây dựng
32430,DKC,quan-ly-xay-dung,X01,Điểm thi THPT,2025,15.0,Quản lý xây dựng
32431,DKC,quan-ly-xay-dung,X02,Điểm thi THPT,2025,15.0,Quản lý xây dựng
32432,DKC,quan-tri-dich-vu-du-lich-va-lu-hanh,A00,Điểm học bạ,2021,18.0,Quản trị dịch vụ du lịch và lữ hành
32433,DKC,quan-tri-dich-vu-du-lich-va-lu-hanh,A01,Điểm học bạ,2021,18.0,Quản trị dịch vụ du lịch và lữ hành
32434,DKC,quan-tri-dich-vu-du-lich-va-lu-hanh,C00,Điểm học bạ,2021,18.0,Quản trị dịch vụ du lịch và lữ hành
32435,DKC,quan-tri-dich-vu-du-lich-va-lu-hanh,D01,Điểm học bạ,2021,18.0,Quản trị dịch vụ du lịch và lữ hành
32436,DKC,quan-tri-dich-vu-du-lich-va-lu-hanh,A00,Điểm thi THPT,2021,18.0,Quản trị dịch vụ du lịch và lữ hành
32437,DKC,quan-tri-dich-vu-du-lich-va-lu-hanh,A01,Điểm thi THPT,2021,18.0,Quản trị dịch vụ du lịch và lữ hành
32438,DKC,quan-tri-dich-vu-du-lich-va-lu-hanh,C00,Điểm thi THPT,2021,18.0,Quản trị dịch vụ du lịch và lữ hành
32439,DKC,quan-tri-dich-vu-du-lich-va-lu-hanh,D01,Điểm thi THPT,2021,18.0,Quản trị dịch vụ du lịch và lữ hành
32440,DKC,quan-tri-dich-vu-du-lich-va-lu-hanh,A00,Điểm học bạ,2022,18.0,Quản trị dịch vụ du lịch và lữ hành
32441,DKC,quan-tri-dich-vu-du-lich-va-lu-hanh,A01,Điểm học bạ,2022,18.0,Quản trị dịch vụ du lịch và lữ hành
32442,DKC,quan-tri-dich-vu-du-lich-va-lu-hanh,C00,Điểm học bạ,2022,18.0,Quản trị dịch vụ du lịch và lữ hành
32443,DKC,quan-tri-dich-vu-du-lich-va-lu-hanh,D01,Điểm học bạ,2022,18.0,Quản trị dịch vụ du lịch và lữ hành
32444,DKC,quan-tri-dich-vu-du-lich-va-lu-hanh,A00,Điểm thi THPT,2022,17.0,Quản trị dịch vụ du lịch và lữ hành
32445,DKC,quan-tri-dich-vu-du-lich-va-lu-hanh,A01,Điểm thi THPT,2022,17.0,Quản trị dịch vụ du lịch và lữ hành
32446,DKC,quan-tri-dich-vu-du-lich-va-lu-hanh,C00,Điểm thi THPT,2022,17.0,Quản trị dịch vụ du lịch và lữ hành
32447,DKC,quan-tri-dich-vu-du-lich-va-lu-hanh,D01,Điểm thi THPT,2022,17.0,Quản trị dịch vụ du lịch và lữ hành
32448,DKC,quan-tri-dich-vu-du-lich-va-lu-hanh,A00,Điểm học bạ,2023,18.0,Quản trị dịch vụ du lịch và lữ hành
32449,DKC,quan-tri-dich-vu-du-lich-va-lu-hanh,A01,Điểm học bạ,2023,18.0,Quản trị dịch vụ du lịch và lữ hành
32450,DKC,quan-tri-dich-vu-du-lich-va-lu-hanh,C00,Điểm học bạ,2023,18.0,Quản trị dịch vụ du lịch và lữ hành
32451,DKC,quan-tri-dich-vu-du-lich-va-lu-hanh,D01,Điểm học bạ,2023,18.0,Quản trị dịch vụ du lịch và lữ hành
32452,DKC,quan-tri-dich-vu-du-lich-va-lu-hanh,A00,Điểm thi THPT,2023,17.0,Quản trị dịch vụ du lịch và lữ hành
32453,DKC,quan-tri-dich-vu-du-lich-va-lu-hanh,A01,Điểm thi THPT,2023,17.0,Quản trị dịch vụ du lịch và lữ hành
32454,DKC,quan-tri-dich-vu-du-lich-va-lu-hanh,C00,Điểm thi THPT,2023,17.0,Quản trị dịch vụ du lịch và lữ hành
32455,DKC,quan-tri-dich-vu-du-lich-va-lu-hanh,D01,Điểm thi THPT,2023,17.0,Quản trị dịch vụ du lịch và lữ hành
32456,DKC,quan-tri-dich-vu-du-lich-va-lu-hanh,A00,Điểm học bạ,2024,18.0,Quản trị dịch vụ du lịch và lữ hành
32457,DKC,quan-tri-dich-vu-du-lich-va-lu-hanh,A01,Điểm học bạ,2024,18.0,Quản trị dịch vụ du lịch và lữ hành
32458,DKC,quan-tri-dich-vu-du-lich-va-lu-hanh,C00,Điểm học bạ,2024,18.0,Quản trị dịch vụ du lịch và lữ hành
32459,DKC,quan-tri-dich-vu-du-lich-va-lu-hanh,D01,Điểm học bạ,2024,18.0,Quản trị dịch vụ du lịch và lữ hành
32460,DKC,quan-tri-dich-vu-du-lich-va-lu-hanh,A00,Điểm thi THPT,2024,17.0,Quản trị dịch vụ du lịch và lữ hành
32461,DKC,quan-tri-dich-vu-du-lich-va-lu-hanh,A01,Điểm thi THPT,2024,17.0,Quản trị dịch vụ du lịch và lữ hành
32462,DKC,quan-tri-dich-vu-du-lich-va-lu-hanh,C00,Điểm thi THPT,2024,17.0,Quản trị dịch vụ du lịch và lữ hành
32463,DKC,quan-tri-dich-vu-du-lich-va-lu-hanh,D01,Điểm thi THPT,2024,17.0,Quản trị dịch vụ du lịch và lữ hành
32464,DKC,quan-tri-dich-vu-du-lich-va-lu-hanh,C01,Điểm học bạ,2025,18.0,Quản trị dịch vụ du lịch và lữ hành
32465,DKC,quan-tri-dich-vu-du-lich-va-lu-hanh,C03,Điểm học bạ,2025,18.0,Quản trị dịch vụ du lịch và lữ hành
32466,DKC,quan-tri-dich-vu-du-lich-va-lu-hanh,C04,Điểm học bạ,2025,18.0,Quản trị dịch vụ du lịch và lữ hành
32467,DKC,quan-tri-dich-vu-du-lich-va-lu-hanh,D01,Điểm học bạ,2025,18.0,Quản trị dịch vụ du lịch và lữ hành
32468,DKC,quan-tri-dich-vu-du-lich-va-lu-hanh,X01,Điểm học bạ,2025,18.0,Quản trị dịch vụ du lịch và lữ hành
32469,DKC,quan-tri-dich-vu-du-lich-va-lu-hanh,X02,Điểm học bạ,2025,18.0,Quản trị dịch vụ du lịch và lữ hành
32470,DKC,quan-tri-dich-vu-du-lich-va-lu-hanh,C01,Điểm thi THPT,2025,15.0,Quản trị dịch vụ du lịch và lữ hành
32471,DKC,quan-tri-dich-vu-du-lich-va-lu-hanh,C03,Điểm thi THPT,2025,15.0,Quản trị dịch vụ du lịch và lữ hành
32472,DKC,quan-tri-dich-vu-du-lich-va-lu-hanh,C04,Điểm thi THPT,2025,15.0,Quản trị dịch vụ du lịch và lữ hành
32473,DKC,quan-tri-dich-vu-du-lich-va-lu-hanh,D01,Điểm thi THPT,2025,15.0,Quản trị dịch vụ du lịch và lữ hành
32474,DKC,quan-tri-dich-vu-du-lich-va-lu-hanh,X01,Điểm thi THPT,2025,15.0,Quản trị dịch vụ du lịch và lữ hành
32475,DKC,quan-tri-dich-vu-du-lich-va-lu-hanh,X02,Điểm thi THPT,2025,15.0,Quản trị dịch vụ du lịch và lữ hành
32476,DKC,quan-tri-khach-san,A00,Điểm học bạ,2021,18.0,Quản trị khách sạn
32477,DKC,quan-tri-khach-san,A01,Điểm học bạ,2021,18.0,Quản trị khách sạn
32478,DKC,quan-tri-khach-san,C00,Điểm học bạ,2021,18.0,Quản trị khách sạn
32479,DKC,quan-tri-khach-san,D01,Điểm học bạ,2021,18.0,Quản trị khách sạn
32480,DKC,quan-tri-khach-san,A00,Điểm thi THPT,2021,19.0,Quản trị khách sạn
32481,DKC,quan-tri-khach-san,A01,Điểm thi THPT,2021,19.0,Quản trị khách sạn
32482,DKC,quan-tri-khach-san,C00,Điểm thi THPT,2021,19.0,Quản trị khách sạn
32483,DKC,quan-tri-khach-san,D01,Điểm thi THPT,2021,19.0,Quản trị khách sạn
32484,DKC,quan-tri-khach-san,A00,Điểm học bạ,2022,18.0,Quản trị khách sạn
32485,DKC,quan-tri-khach-san,A01,Điểm học bạ,2022,18.0,Quản trị khách sạn
32486,DKC,quan-tri-khach-san,C00,Điểm học bạ,2022,18.0,Quản trị khách sạn
32487,DKC,quan-tri-khach-san,D01,Điểm học bạ,2022,18.0,Quản trị khách sạn
32488,DKC,quan-tri-khach-san,A00,Điểm thi THPT,2022,17.0,Quản trị khách sạn
32489,DKC,quan-tri-khach-san,A01,Điểm thi THPT,2022,17.0,Quản trị khách sạn
32490,DKC,quan-tri-khach-san,C00,Điểm thi THPT,2022,17.0,Quản trị khách sạn
32491,DKC,quan-tri-khach-san,D01,Điểm thi THPT,2022,17.0,Quản trị khách sạn
32492,DKC,quan-tri-khach-san,A00,Điểm học bạ,2023,18.0,Quản trị khách sạn
32493,DKC,quan-tri-khach-san,A01,Điểm học bạ,2023,18.0,Quản trị khách sạn
32494,DKC,quan-tri-khach-san,C00,Điểm học bạ,2023,18.0,Quản trị khách sạn
32495,DKC,quan-tri-khach-san,D01,Điểm học bạ,2023,18.0,Quản trị khách sạn
32496,DKC,quan-tri-khach-san,A00,Điểm thi THPT,2023,17.0,Quản trị khách sạn
32497,DKC,quan-tri-khach-san,A01,Điểm thi THPT,2023,17.0,Quản trị khách sạn
32498,DKC,quan-tri-khach-san,C00,Điểm thi THPT,2023,17.0,Quản trị khách sạn
32499,DKC,quan-tri-khach-san,D01,Điểm thi THPT,2023,17.0,Quản trị khách sạn
32500,DKC,quan-tri-khach-san,A00,Điểm học bạ,2024,18.0,Quản trị khách sạn
32501,DKC,quan-tri-khach-san,A01,Điểm học bạ,2024,18.0,Quản trị khách sạn
32502,DKC,quan-tri-khach-san,C00,Điểm học bạ,2024,18.0,Quản trị khách sạn
32503,DKC,quan-tri-khach-san,D01,Điểm học bạ,2024,18.0,Quản trị khách sạn
32504,DKC,quan-tri-khach-san,A00,Điểm thi THPT,2024,17.0,Quản trị khách sạn
32505,DKC,quan-tri-khach-san,A01,Điểm thi THPT,2024,17.0,Quản trị khách sạn
32506,DKC,quan-tri-khach-san,C00,Điểm thi THPT,2024,17.0,Quản trị khách sạn
32507,DKC,quan-tri-khach-san,D01,Điểm thi THPT,2024,17.0,Quản trị khách sạn
32508,DKC,quan-tri-khach-san,C01,Điểm học bạ,2025,18.0,Quản trị khách sạn
32509,DKC,quan-tri-khach-san,C03,Điểm học bạ,2025,18.0,Quản trị khách sạn
32510,DKC,quan-tri-khach-san,C04,Điểm học bạ,2025,18.0,Quản trị khách sạn
32511,DKC,quan-tri-khach-san,D01,Điểm học bạ,2025,18.0,Quản trị khách sạn
32512,DKC,quan-tri-khach-san,X01,Điểm học bạ,2025,18.0,Quản trị khách sạn
32513,DKC,quan-tri-khach-san,X02,Điểm học bạ,2025,18.0,Quản trị khách sạn
32514,DKC,quan-tri-khach-san,C01,Điểm thi THPT,2025,15.0,Quản trị khách sạn
32515,DKC,quan-tri-khach-san,C03,Điểm thi THPT,2025,15.0,Quản trị khách sạn
32516,DKC,quan-tri-khach-san,C04,Điểm thi THPT,2025,15.0,Quản trị khách sạn
32517,DKC,quan-tri-khach-san,D01,Điểm thi THPT,2025,15.0,Quản trị khách sạn
32518,DKC,quan-tri-khach-san,X01,Điểm thi THPT,2025,15.0,Quản trị khách sạn
32519,DKC,quan-tri-khach-san,X02,Điểm thi THPT,2025,15.0,Quản trị khách sạn
32520,DKC,quan-tri-kinh-doanh,A00,Điểm học bạ,2021,18.0,Quản trị kinh doanh
32521,DKC,quan-tri-kinh-doanh,A01,Điểm học bạ,2021,18.0,Quản trị kinh doanh
32522,DKC,quan-tri-kinh-doanh,C00,Điểm học bạ,2021,18.0,Quản trị kinh doanh
32523,DKC,quan-tri-kinh-doanh,D01,Điểm học bạ,2021,18.0,Quản trị kinh doanh
32524,DKC,quan-tri-kinh-doanh,A00,Điểm thi THPT,2021,19.0,Quản trị kinh doanh
32525,DKC,quan-tri-kinh-doanh,A01,Điểm thi THPT,2021,19.0,Quản trị kinh doanh
32526,DKC,quan-tri-kinh-doanh,C00,Điểm thi THPT,2021,19.0,Quản trị kinh doanh
32527,DKC,quan-tri-kinh-doanh,D01,Điểm thi THPT,2021,19.0,Quản trị kinh doanh
32528,DKC,quan-tri-kinh-doanh,A00,Điểm học bạ,2022,18.0,Quản trị kinh doanh
32529,DKC,quan-tri-kinh-doanh,A01,Điểm học bạ,2022,18.0,Quản trị kinh doanh
32530,DKC,quan-tri-kinh-doanh,C00,Điểm học bạ,2022,18.0,Quản trị kinh doanh
32531,DKC,quan-tri-kinh-doanh,D01,Điểm học bạ,2022,18.0,Quản trị kinh doanh
32532,DKC,quan-tri-kinh-doanh,A00,Điểm thi THPT,2022,18.0,Quản trị kinh doanh
32533,DKC,quan-tri-kinh-doanh,A01,Điểm thi THPT,2022,18.0,Quản trị kinh doanh
32534,DKC,quan-tri-kinh-doanh,C00,Điểm thi THPT,2022,18.0,Quản trị kinh doanh
32535,DKC,quan-tri-kinh-doanh,D01,Điểm thi THPT,2022,18.0,Quản trị kinh doanh
32536,DKC,quan-tri-kinh-doanh,A00,Điểm học bạ,2023,18.0,Quản trị kinh doanh
32537,DKC,quan-tri-kinh-doanh,A01,Điểm học bạ,2023,18.0,Quản trị kinh doanh
32538,DKC,quan-tri-kinh-doanh,C00,Điểm học bạ,2023,18.0,Quản trị kinh doanh
32539,DKC,quan-tri-kinh-doanh,D01,Điểm học bạ,2023,18.0,Quản trị kinh doanh
32540,DKC,quan-tri-kinh-doanh,A00,Điểm thi THPT,2023,20.0,Quản trị kinh doanh
32541,DKC,quan-tri-kinh-doanh,A01,Điểm thi THPT,2023,20.0,Quản trị kinh doanh
32542,DKC,quan-tri-kinh-doanh,C00,Điểm thi THPT,2023,20.0,Quản trị kinh doanh
32543,DKC,quan-tri-kinh-doanh,D01,Điểm thi THPT,2023,20.0,Quản trị kinh doanh
32544,DKC,quan-tri-kinh-doanh,A00,Điểm học bạ,2024,18.0,Quản trị kinh doanh
32545,DKC,quan-tri-kinh-doanh,A01,Điểm học bạ,2024,18.0,Quản trị kinh doanh
32546,DKC,quan-tri-kinh-doanh,C00,Điểm học bạ,2024,18.0,Quản trị kinh doanh
32547,DKC,quan-tri-kinh-doanh,D01,Điểm học bạ,2024,18.0,Quản trị kinh doanh
32548,DKC,quan-tri-kinh-doanh,A00,Điểm thi THPT,2024,20.0,Quản trị kinh doanh
32549,DKC,quan-tri-kinh-doanh,A01,Điểm thi THPT,2024,20.0,Quản trị kinh doanh
32550,DKC,quan-tri-kinh-doanh,C00,Điểm thi THPT,2024,20.0,Quản trị kinh doanh
32551,DKC,quan-tri-kinh-doanh,D01,Điểm thi THPT,2024,20.0,Quản trị kinh doanh
32552,DKC,quan-tri-kinh-doanh,C01,Điểm học bạ,2025,18.0,Quản trị kinh doanh
32553,DKC,quan-tri-kinh-doanh,C03,Điểm học bạ,2025,18.0,Quản trị kinh doanh
32554,DKC,quan-tri-kinh-doanh,C04,Điểm học bạ,2025,18.0,Quản trị kinh doanh
32555,DKC,quan-tri-kinh-doanh,D01,Điểm học bạ,2025,18.0,Quản trị kinh doanh
32556,DKC,quan-tri-kinh-doanh,X01,Điểm học bạ,2025,18.0,Quản trị kinh doanh
32557,DKC,quan-tri-kinh-doanh,X02,Điểm học bạ,2025,18.0,Quản trị kinh doanh
32558,DKC,quan-tri-kinh-doanh,C01,Điểm thi THPT,2025,15.0,Quản trị kinh doanh
32559,DKC,quan-tri-kinh-doanh,C03,Điểm thi THPT,2025,15.0,Quản trị kinh doanh
32560,DKC,quan-tri-kinh-doanh,C04,Điểm thi THPT,2025,15.0,Quản trị kinh doanh
32561,DKC,quan-tri-kinh-doanh,D01,Điểm thi THPT,2025,15.0,Quản trị kinh doanh
32562,DKC,quan-tri-kinh-doanh,X01,Điểm thi THPT,2025,15.0,Quản trị kinh doanh
32563,DKC,quan-tri-kinh-doanh,X02,Điểm thi THPT,2025,15.0,Quản trị kinh doanh
32564,DKC,quan-tri-nha-hang-va-dich-vu-an-uong,A00,Điểm học bạ,2021,18.0,Quản trị nhà hàng và dịch vụ ăn uống
32565,DKC,quan-tri-nha-hang-va-dich-vu-an-uong,A01,Điểm học bạ,2021,18.0,Quản trị nhà hàng và dịch vụ ăn uống
32566,DKC,quan-tri-nha-hang-va-dich-vu-an-uong,C00,Điểm học bạ,2021,18.0,Quản trị nhà hàng và dịch vụ ăn uống
32567,DKC,quan-tri-nha-hang-va-dich-vu-an-uong,D01,Điểm học bạ,2021,18.0,Quản trị nhà hàng và dịch vụ ăn uống
32568,DKC,quan-tri-nha-hang-va-dich-vu-an-uong,A00,Điểm thi THPT,2021,18.0,Quản trị nhà hàng và dịch vụ ăn uống
32569,DKC,quan-tri-nha-hang-va-dich-vu-an-uong,A01,Điểm thi THPT,2021,18.0,Quản trị nhà hàng và dịch vụ ăn uống
32570,DKC,quan-tri-nha-hang-va-dich-vu-an-uong,C00,Điểm thi THPT,2021,18.0,Quản trị nhà hàng và dịch vụ ăn uống
32571,DKC,quan-tri-nha-hang-va-dich-vu-an-uong,D01,Điểm thi THPT,2021,18.0,Quản trị nhà hàng và dịch vụ ăn uống
32572,DKC,quan-tri-nha-hang-va-dich-vu-an-uong,A00,Điểm học bạ,2022,18.0,Quản trị nhà hàng và dịch vụ ăn uống
32573,DKC,quan-tri-nha-hang-va-dich-vu-an-uong,A01,Điểm học bạ,2022,18.0,Quản trị nhà hàng và dịch vụ ăn uống
32574,DKC,quan-tri-nha-hang-va-dich-vu-an-uong,C00,Điểm học bạ,2022,18.0,Quản trị nhà hàng và dịch vụ ăn uống
32575,DKC,quan-tri-nha-hang-va-dich-vu-an-uong,D01,Điểm học bạ,2022,18.0,Quản trị nhà hàng và dịch vụ ăn uống
32576,DKC,quan-tri-nha-hang-va-dich-vu-an-uong,A00,Điểm thi THPT,2022,17.0,Quản trị nhà hàng và dịch vụ ăn uống
32577,DKC,quan-tri-nha-hang-va-dich-vu-an-uong,A01,Điểm thi THPT,2022,17.0,Quản trị nhà hàng và dịch vụ ăn uống
32578,DKC,quan-tri-nha-hang-va-dich-vu-an-uong,C00,Điểm thi THPT,2022,17.0,Quản trị nhà hàng và dịch vụ ăn uống
32579,DKC,quan-tri-nha-hang-va-dich-vu-an-uong,D01,Điểm thi THPT,2022,17.0,Quản trị nhà hàng và dịch vụ ăn uống
32580,DKC,quan-tri-nha-hang-va-dich-vu-an-uong,A00,Điểm học bạ,2023,18.0,Quản trị nhà hàng và dịch vụ ăn uống
32581,DKC,quan-tri-nha-hang-va-dich-vu-an-uong,A01,Điểm học bạ,2023,18.0,Quản trị nhà hàng và dịch vụ ăn uống
32582,DKC,quan-tri-nha-hang-va-dich-vu-an-uong,C00,Điểm học bạ,2023,18.0,Quản trị nhà hàng và dịch vụ ăn uống
32583,DKC,quan-tri-nha-hang-va-dich-vu-an-uong,D01,Điểm học bạ,2023,18.0,Quản trị nhà hàng và dịch vụ ăn uống
32584,DKC,quan-tri-nha-hang-va-dich-vu-an-uong,A00,Điểm thi THPT,2023,17.0,Quản trị nhà hàng và dịch vụ ăn uống
32585,DKC,quan-tri-nha-hang-va-dich-vu-an-uong,A01,Điểm thi THPT,2023,17.0,Quản trị nhà hàng và dịch vụ ăn uống
32586,DKC,quan-tri-nha-hang-va-dich-vu-an-uong,C00,Điểm thi THPT,2023,17.0,Quản trị nhà hàng và dịch vụ ăn uống
32587,DKC,quan-tri-nha-hang-va-dich-vu-an-uong,D01,Điểm thi THPT,2023,17.0,Quản trị nhà hàng và dịch vụ ăn uống
32588,DKC,quan-tri-nha-hang-va-dich-vu-an-uong,A00,Điểm học bạ,2024,18.0,Quản trị nhà hàng và dịch vụ ăn uống
32589,DKC,quan-tri-nha-hang-va-dich-vu-an-uong,A01,Điểm học bạ,2024,18.0,Quản trị nhà hàng và dịch vụ ăn uống
32590,DKC,quan-tri-nha-hang-va-dich-vu-an-uong,C00,Điểm học bạ,2024,18.0,Quản trị nhà hàng và dịch vụ ăn uống
32591,DKC,quan-tri-nha-hang-va-dich-vu-an-uong,D01,Điểm học bạ,2024,18.0,Quản trị nhà hàng và dịch vụ ăn uống
32592,DKC,quan-tri-nha-hang-va-dich-vu-an-uong,A00,Điểm thi THPT,2024,17.0,Quản trị nhà hàng và dịch vụ ăn uống
32593,DKC,quan-tri-nha-hang-va-dich-vu-an-uong,A01,Điểm thi THPT,2024,17.0,Quản trị nhà hàng và dịch vụ ăn uống
32594,DKC,quan-tri-nha-hang-va-dich-vu-an-uong,C00,Điểm thi THPT,2024,17.0,Quản trị nhà hàng và dịch vụ ăn uống
32595,DKC,quan-tri-nha-hang-va-dich-vu-an-uong,D01,Điểm thi THPT,2024,17.0,Quản trị nhà hàng và dịch vụ ăn uống
32596,DKC,quan-tri-nha-hang-va-dich-vu-an-uong,C01,Điểm học bạ,2025,18.0,Quản trị nhà hàng và dịch vụ ăn uống
32597,DKC,quan-tri-nha-hang-va-dich-vu-an-uong,C03,Điểm học bạ,2025,18.0,Quản trị nhà hàng và dịch vụ ăn uống
32598,DKC,quan-tri-nha-hang-va-dich-vu-an-uong,C04,Điểm học bạ,2025,18.0,Quản trị nhà hàng và dịch vụ ăn uống
32599,DKC,quan-tri-nha-hang-va-dich-vu-an-uong,D01,Điểm học bạ,2025,18.0,Quản trị nhà hàng và dịch vụ ăn uống
32600,DKC,quan-tri-nha-hang-va-dich-vu-an-uong,X01,Điểm học bạ,2025,18.0,Quản trị nhà hàng và dịch vụ ăn uống
32601,DKC,quan-tri-nha-hang-va-dich-vu-an-uong,X02,Điểm học bạ,2025,18.0,Quản trị nhà hàng và dịch vụ ăn uống
32602,DKC,quan-tri-nha-hang-va-dich-vu-an-uong,C01,Điểm thi THPT,2025,15.0,Quản trị nhà hàng và dịch vụ ăn uống
32603,DKC,quan-tri-nha-hang-va-dich-vu-an-uong,C03,Điểm thi THPT,2025,15.0,Quản trị nhà hàng và dịch vụ ăn uống
32604,DKC,quan-tri-nha-hang-va-dich-vu-an-uong,C04,Điểm thi THPT,2025,15.0,Quản trị nhà hàng và dịch vụ ăn uống
32605,DKC,quan-tri-nha-hang-va-dich-vu-an-uong,D01,Điểm thi THPT,2025,15.0,Quản trị nhà hàng và dịch vụ ăn uống
32606,DKC,quan-tri-nha-hang-va-dich-vu-an-uong,X01,Điểm thi THPT,2025,15.0,Quản trị nhà hàng và dịch vụ ăn uống
32607,DKC,quan-tri-nha-hang-va-dich-vu-an-uong,X02,Điểm thi THPT,2025,15.0,Quản trị nhà hàng và dịch vụ ăn uống
32608,DKC,quan-tri-nhan-luc,A00,Điểm học bạ,2021,18.0,Quản trị nhân lực
32609,DKC,quan-tri-nhan-luc,A01,Điểm học bạ,2021,18.0,Quản trị nhân lực
32610,DKC,quan-tri-nhan-luc,C00,Điểm học bạ,2021,18.0,Quản trị nhân lực
32611,DKC,quan-tri-nhan-luc,D01,Điểm học bạ,2021,18.0,Quản trị nhân lực
32612,DKC,quan-tri-nhan-luc,A00,Điểm thi THPT,2021,19.0,Quản trị nhân lực
32613,DKC,quan-tri-nhan-luc,A01,Điểm thi THPT,2021,19.0,Quản trị nhân lực
32614,DKC,quan-tri-nhan-luc,C00,Điểm thi THPT,2021,19.0,Quản trị nhân lực
32615,DKC,quan-tri-nhan-luc,D01,Điểm thi THPT,2021,19.0,Quản trị nhân lực
32616,DKC,quan-tri-nhan-luc,A00,Điểm học bạ,2022,18.0,Quản trị nhân lực
32617,DKC,quan-tri-nhan-luc,A01,Điểm học bạ,2022,18.0,Quản trị nhân lực
32618,DKC,quan-tri-nhan-luc,C00,Điểm học bạ,2022,18.0,Quản trị nhân lực
32619,DKC,quan-tri-nhan-luc,D01,Điểm học bạ,2022,18.0,Quản trị nhân lực
32620,DKC,quan-tri-nhan-luc,A00,Điểm thi THPT,2022,17.0,Quản trị nhân lực
32621,DKC,quan-tri-nhan-luc,A01,Điểm thi THPT,2022,17.0,Quản trị nhân lực
32622,DKC,quan-tri-nhan-luc,C00,Điểm thi THPT,2022,17.0,Quản trị nhân lực
32623,DKC,quan-tri-nhan-luc,D01,Điểm thi THPT,2022,17.0,Quản trị nhân lực
32624,DKC,quan-tri-nhan-luc,A00,Điểm học bạ,2023,18.0,Quản trị nhân lực
32625,DKC,quan-tri-nhan-luc,A01,Điểm học bạ,2023,18.0,Quản trị nhân lực
32626,DKC,quan-tri-nhan-luc,C00,Điểm học bạ,2023,18.0,Quản trị nhân lực
32627,DKC,quan-tri-nhan-luc,D01,Điểm học bạ,2023,18.0,Quản trị nhân lực
32628,DKC,quan-tri-nhan-luc,A00,Điểm thi THPT,2023,16.0,Quản trị nhân lực
32629,DKC,quan-tri-nhan-luc,A01,Điểm thi THPT,2023,16.0,Quản trị nhân lực
32630,DKC,quan-tri-nhan-luc,C00,Điểm thi THPT,2023,16.0,Quản trị nhân lực
32631,DKC,quan-tri-nhan-luc,D01,Điểm thi THPT,2023,16.0,Quản trị nhân lực
32632,DKC,quan-tri-nhan-luc,A00,Điểm học bạ,2024,18.0,Quản trị nhân lực
32633,DKC,quan-tri-nhan-luc,A01,Điểm học bạ,2024,18.0,Quản trị nhân lực
32634,DKC,quan-tri-nhan-luc,C00,Điểm học bạ,2024,18.0,Quản trị nhân lực
32635,DKC,quan-tri-nhan-luc,D01,Điểm học bạ,2024,18.0,Quản trị nhân lực
32636,DKC,quan-tri-nhan-luc,A00,Điểm thi THPT,2024,16.0,Quản trị nhân lực
32637,DKC,quan-tri-nhan-luc,A01,Điểm thi THPT,2024,16.0,Quản trị nhân lực
32638,DKC,quan-tri-nhan-luc,C00,Điểm thi THPT,2024,16.0,Quản trị nhân lực
32639,DKC,quan-tri-nhan-luc,D01,Điểm thi THPT,2024,16.0,Quản trị nhân lực
32640,DKC,quan-tri-nhan-luc,C01,Điểm học bạ,2025,18.0,Quản trị nhân lực
32641,DKC,quan-tri-nhan-luc,C03,Điểm học bạ,2025,18.0,Quản trị nhân lực
32642,DKC,quan-tri-nhan-luc,C04,Điểm học bạ,2025,18.0,Quản trị nhân lực
32643,DKC,quan-tri-nhan-luc,D01,Điểm học bạ,2025,18.0,Quản trị nhân lực
32644,DKC,quan-tri-nhan-luc,X01,Điểm học bạ,2025,18.0,Quản trị nhân lực
32645,DKC,quan-tri-nhan-luc,X02,Điểm học bạ,2025,18.0,Quản trị nhân lực
32646,DKC,quan-tri-nhan-luc,C01,Điểm thi THPT,2025,15.0,Quản trị nhân lực
32647,DKC,quan-tri-nhan-luc,C03,Điểm thi THPT,2025,15.0,Quản trị nhân lực
32648,DKC,quan-tri-nhan-luc,C04,Điểm thi THPT,2025,15.0,Quản trị nhân lực
32649,DKC,quan-tri-nhan-luc,D01,Điểm thi THPT,2025,15.0,Quản trị nhân lực
32650,DKC,quan-tri-nhan-luc,X01,Điểm thi THPT,2025,15.0,Quản trị nhân lực
32651,DKC,quan-tri-nhan-luc,X02,Điểm thi THPT,2025,15.0,Quản trị nhân lực
32652,DKC,quan-tri-su-kien,A00,Điểm học bạ,2022,18.0,Quản trị sự kiện
32653,DKC,quan-tri-su-kien,A01,Điểm học bạ,2022,18.0,Quản trị sự kiện
32654,DKC,quan-tri-su-kien,C00,Điểm học bạ,2022,18.0,Quản trị sự kiện
32655,DKC,quan-tri-su-kien,D01,Điểm học bạ,2022,18.0,Quản trị sự kiện
32656,DKC,quan-tri-su-kien,A00,Điểm thi THPT,2022,17.0,Quản trị sự kiện
32657,DKC,quan-tri-su-kien,A01,Điểm thi THPT,2022,17.0,Quản trị sự kiện
32658,DKC,quan-tri-su-kien,C00,Điểm thi THPT,2022,17.0,Quản trị sự kiện
32659,DKC,quan-tri-su-kien,D01,Điểm thi THPT,2022,17.0,Quản trị sự kiện
32660,DKC,quan-tri-su-kien,A00,Điểm học bạ,2023,18.0,Quản trị sự kiện
32661,DKC,quan-tri-su-kien,A01,Điểm học bạ,2023,18.0,Quản trị sự kiện
32662,DKC,quan-tri-su-kien,C00,Điểm học bạ,2023,18.0,Quản trị sự kiện
32663,DKC,quan-tri-su-kien,D01,Điểm học bạ,2023,18.0,Quản trị sự kiện
32664,DKC,quan-tri-su-kien,A00,Điểm thi THPT,2023,16.0,Quản trị sự kiện
32665,DKC,quan-tri-su-kien,A01,Điểm thi THPT,2023,16.0,Quản trị sự kiện
32666,DKC,quan-tri-su-kien,C00,Điểm thi THPT,2023,16.0,Quản trị sự kiện
32667,DKC,quan-tri-su-kien,D01,Điểm thi THPT,2023,16.0,Quản trị sự kiện
32668,DKC,quan-tri-su-kien,A00,Điểm học bạ,2024,18.0,Quản trị sự kiện
32669,DKC,quan-tri-su-kien,A01,Điểm học bạ,2024,18.0,Quản trị sự kiện
32670,DKC,quan-tri-su-kien,C00,Điểm học bạ,2024,18.0,Quản trị sự kiện
32671,DKC,quan-tri-su-kien,D01,Điểm học bạ,2024,18.0,Quản trị sự kiện
32672,DKC,quan-tri-su-kien,A00,Điểm thi THPT,2024,16.0,Quản trị sự kiện
32673,DKC,quan-tri-su-kien,A01,Điểm thi THPT,2024,16.0,Quản trị sự kiện
32674,DKC,quan-tri-su-kien,C00,Điểm thi THPT,2024,16.0,Quản trị sự kiện
32675,DKC,quan-tri-su-kien,D01,Điểm thi THPT,2024,16.0,Quản trị sự kiện
32676,DKC,quan-tri-su-kien,C01,Điểm học bạ,2025,18.0,Quản trị sự kiện
32677,DKC,quan-tri-su-kien,C03,Điểm học bạ,2025,18.0,Quản trị sự kiện
32678,DKC,quan-tri-su-kien,C04,Điểm học bạ,2025,18.0,Quản trị sự kiện
32679,DKC,quan-tri-su-kien,D01,Điểm học bạ,2025,18.0,Quản trị sự kiện
32680,DKC,quan-tri-su-kien,X01,Điểm học bạ,2025,18.0,Quản trị sự kiện
32681,DKC,quan-tri-su-kien,X02,Điểm học bạ,2025,18.0,Quản trị sự kiện
32682,DKC,quan-tri-su-kien,C01,Điểm thi THPT,2025,15.0,Quản trị sự kiện
32683,DKC,quan-tri-su-kien,C03,Điểm thi THPT,2025,15.0,Quản trị sự kiện
32684,DKC,quan-tri-su-kien,C04,Điểm thi THPT,2025,15.0,Quản trị sự kiện
32685,DKC,quan-tri-su-kien,D01,Điểm thi THPT,2025,15.0,Quản trị sự kiện
32686,DKC,quan-tri-su-kien,X01,Điểm thi THPT,2025,15.0,Quản trị sự kiện
32687,DKC,quan-tri-su-kien,X02,Điểm thi THPT,2025,15.0,Quản trị sự kiện
32688,DKC,robot-tri-tue-nhan-tao,A00,Điểm học bạ,2021,18.0,Robot & trí tuệ nhân tạo
32689,DKC,robot-tri-tue-nhan-tao,A01,Điểm học bạ,2021,18.0,Robot & trí tuệ nhân tạo
32690,DKC,robot-tri-tue-nhan-tao,C01,Điểm học bạ,2021,18.0,Robot & trí tuệ nhân tạo
32691,DKC,robot-tri-tue-nhan-tao,D01,Điểm học bạ,2021,18.0,Robot & trí tuệ nhân tạo
32692,DKC,robot-tri-tue-nhan-tao,A00,Điểm thi THPT,2021,21.0,Robot & trí tuệ nhân tạo
32693,DKC,robot-tri-tue-nhan-tao,A01,Điểm thi THPT,2021,21.0,Robot & trí tuệ nhân tạo
32694,DKC,robot-tri-tue-nhan-tao,C01,Điểm thi THPT,2021,21.0,Robot & trí tuệ nhân tạo
32695,DKC,robot-tri-tue-nhan-tao,D01,Điểm thi THPT,2021,21.0,Robot & trí tuệ nhân tạo
32696,DKC,robot-va-tri-tue-nhan-tao,A00,Điểm học bạ,2022,18.0,Robot và trí tuệ nhân tạo
32697,DKC,robot-va-tri-tue-nhan-tao,A01,Điểm học bạ,2022,18.0,Robot và trí tuệ nhân tạo
32698,DKC,robot-va-tri-tue-nhan-tao,C01,Điểm học bạ,2022,18.0,Robot và trí tuệ nhân tạo
32699,DKC,robot-va-tri-tue-nhan-tao,D01,Điểm học bạ,2022,18.0,Robot và trí tuệ nhân tạo
32700,DKC,robot-va-tri-tue-nhan-tao,A00,Điểm thi THPT,2022,19.0,Robot và trí tuệ nhân tạo
32701,DKC,robot-va-tri-tue-nhan-tao,A01,Điểm thi THPT,2022,19.0,Robot và trí tuệ nhân tạo
32702,DKC,robot-va-tri-tue-nhan-tao,C01,Điểm thi THPT,2022,19.0,Robot và trí tuệ nhân tạo
32703,DKC,robot-va-tri-tue-nhan-tao,D01,Điểm thi THPT,2022,19.0,Robot và trí tuệ nhân tạo
32704,DKC,robot-va-tri-tue-nhan-tao,A00,Điểm học bạ,2023,18.0,Robot và trí tuệ nhân tạo
32705,DKC,robot-va-tri-tue-nhan-tao,A01,Điểm học bạ,2023,18.0,Robot và trí tuệ nhân tạo
32706,DKC,robot-va-tri-tue-nhan-tao,C01,Điểm học bạ,2023,18.0,Robot và trí tuệ nhân tạo
32707,DKC,robot-va-tri-tue-nhan-tao,D01,Điểm học bạ,2023,18.0,Robot và trí tuệ nhân tạo
32708,DKC,robot-va-tri-tue-nhan-tao,A00,Điểm thi THPT,2023,17.0,Robot và trí tuệ nhân tạo
32709,DKC,robot-va-tri-tue-nhan-tao,A01,Điểm thi THPT,2023,17.0,Robot và trí tuệ nhân tạo
32710,DKC,robot-va-tri-tue-nhan-tao,C01,Điểm thi THPT,2023,17.0,Robot và trí tuệ nhân tạo
32711,DKC,robot-va-tri-tue-nhan-tao,D01,Điểm thi THPT,2023,17.0,Robot và trí tuệ nhân tạo
32712,DKC,robot-va-tri-tue-nhan-tao,A00,Điểm học bạ,2024,18.0,Robot và trí tuệ nhân tạo
32713,DKC,robot-va-tri-tue-nhan-tao,A01,Điểm học bạ,2024,18.0,Robot và trí tuệ nhân tạo
32714,DKC,robot-va-tri-tue-nhan-tao,C01,Điểm học bạ,2024,18.0,Robot và trí tuệ nhân tạo
32715,DKC,robot-va-tri-tue-nhan-tao,D01,Điểm học bạ,2024,18.0,Robot và trí tuệ nhân tạo
32716,DKC,robot-va-tri-tue-nhan-tao,A00,Điểm thi THPT,2024,17.0,Robot và trí tuệ nhân tạo
32717,DKC,robot-va-tri-tue-nhan-tao,A01,Điểm thi THPT,2024,17.0,Robot và trí tuệ nhân tạo
32718,DKC,robot-va-tri-tue-nhan-tao,C01,Điểm thi THPT,2024,17.0,Robot và trí tuệ nhân tạo
32719,DKC,robot-va-tri-tue-nhan-tao,D01,Điểm thi THPT,2024,17.0,Robot và trí tuệ nhân tạo
32720,DKC,robot-va-tri-tue-nhan-tao,C01,Điểm học bạ,2025,18.0,Robot và trí tuệ nhân tạo
32721,DKC,robot-va-tri-tue-nhan-tao,C03,Điểm học bạ,2025,18.0,Robot và trí tuệ nhân tạo
32722,DKC,robot-va-tri-tue-nhan-tao,C04,Điểm học bạ,2025,18.0,Robot và trí tuệ nhân tạo
32723,DKC,robot-va-tri-tue-nhan-tao,D01,Điểm học bạ,2025,18.0,Robot và trí tuệ nhân tạo
32724,DKC,robot-va-tri-tue-nhan-tao,X01,Điểm học bạ,2025,18.0,Robot và trí tuệ nhân tạo
32725,DKC,robot-va-tri-tue-nhan-tao,X02,Điểm học bạ,2025,18.0,Robot và trí tuệ nhân tạo
32726,DKC,robot-va-tri-tue-nhan-tao,C01,Điểm thi THPT,2025,15.0,Robot và trí tuệ nhân tạo
32727,DKC,robot-va-tri-tue-nhan-tao,C03,Điểm thi THPT,2025,15.0,Robot và trí tuệ nhân tạo
32728,DKC,robot-va-tri-tue-nhan-tao,C04,Điểm thi THPT,2025,15.0,Robot và trí tuệ nhân tạo
32729,DKC,robot-va-tri-tue-nhan-tao,D01,Điểm thi THPT,2025,15.0,Robot và trí tuệ nhân tạo
32730,DKC,robot-va-tri-tue-nhan-tao,X01,Điểm thi THPT,2025,15.0,Robot và trí tuệ nhân tạo
32731,DKC,robot-va-tri-tue-nhan-tao,X02,Điểm thi THPT,2025,15.0,Robot và trí tuệ nhân tạo
32732,DKC,tai-chinh-ngan-hang,A00,Điểm học bạ,2021,18.0,Tài chính - Ngân hàng
32733,DKC,tai-chinh-ngan-hang,A01,Điểm học bạ,2021,18.0,Tài chính - Ngân hàng
32734,DKC,tai-chinh-ngan-hang,C01,Điểm học bạ,2021,18.0,Tài chính - Ngân hàng
32735,DKC,tai-chinh-ngan-hang,D01,Điểm học bạ,2021,18.0,Tài chính - Ngân hàng
32736,DKC,tai-chinh-ngan-hang,A00,Điểm thi THPT,2021,18.0,Tài chính - Ngân hàng
32737,DKC,tai-chinh-ngan-hang,A01,Điểm thi THPT,2021,18.0,Tài chính - Ngân hàng
32738,DKC,tai-chinh-ngan-hang,C01,Điểm thi THPT,2021,18.0,Tài chính - Ngân hàng
32739,DKC,tai-chinh-ngan-hang,D01,Điểm thi THPT,2021,18.0,Tài chính - Ngân hàng
32740,DKC,tai-chinh-ngan-hang,A00,Điểm học bạ,2022,18.0,Tài chính - Ngân hàng
32741,DKC,tai-chinh-ngan-hang,A01,Điểm học bạ,2022,18.0,Tài chính - Ngân hàng
32742,DKC,tai-chinh-ngan-hang,C01,Điểm học bạ,2022,18.0,Tài chính - Ngân hàng
32743,DKC,tai-chinh-ngan-hang,D01,Điểm học bạ,2022,18.0,Tài chính - Ngân hàng
32744,DKC,tai-chinh-ngan-hang,A00,Điểm thi THPT,2022,17.0,Tài chính - Ngân hàng
32745,DKC,tai-chinh-ngan-hang,A01,Điểm thi THPT,2022,17.0,Tài chính - Ngân hàng
32746,DKC,tai-chinh-ngan-hang,C01,Điểm thi THPT,2022,17.0,Tài chính - Ngân hàng
32747,DKC,tai-chinh-ngan-hang,D01,Điểm thi THPT,2022,17.0,Tài chính - Ngân hàng
32748,DKC,tai-chinh-ngan-hang,A00,Điểm học bạ,2023,18.0,Tài chính - Ngân hàng
32749,DKC,tai-chinh-ngan-hang,A01,Điểm học bạ,2023,18.0,Tài chính - Ngân hàng
32750,DKC,tai-chinh-ngan-hang,C01,Điểm học bạ,2023,18.0,Tài chính - Ngân hàng
32751,DKC,tai-chinh-ngan-hang,D01,Điểm học bạ,2023,18.0,Tài chính - Ngân hàng
32752,DKC,tai-chinh-ngan-hang,A00,Điểm thi THPT,2023,18.0,Tài chính - Ngân hàng
32753,DKC,tai-chinh-ngan-hang,A01,Điểm thi THPT,2023,18.0,Tài chính - Ngân hàng
32754,DKC,tai-chinh-ngan-hang,C01,Điểm thi THPT,2023,18.0,Tài chính - Ngân hàng
32755,DKC,tai-chinh-ngan-hang,D01,Điểm thi THPT,2023,18.0,Tài chính - Ngân hàng
32756,DKC,tai-chinh-ngan-hang,A00,Điểm học bạ,2024,18.0,Tài chính - Ngân hàng
32757,DKC,tai-chinh-ngan-hang,A01,Điểm học bạ,2024,18.0,Tài chính - Ngân hàng
32758,DKC,tai-chinh-ngan-hang,C01,Điểm học bạ,2024,18.0,Tài chính - Ngân hàng
32759,DKC,tai-chinh-ngan-hang,D01,Điểm học bạ,2024,18.0,Tài chính - Ngân hàng
32760,DKC,tai-chinh-ngan-hang,A00,Điểm thi THPT,2024,18.0,Tài chính - Ngân hàng
32761,DKC,tai-chinh-ngan-hang,A01,Điểm thi THPT,2024,18.0,Tài chính - Ngân hàng
32762,DKC,tai-chinh-ngan-hang,C01,Điểm thi THPT,2024,18.0,Tài chính - Ngân hàng
32763,DKC,tai-chinh-ngan-hang,D01,Điểm thi THPT,2024,18.0,Tài chính - Ngân hàng
32764,DKC,tai-chinh-ngan-hang,C01,Điểm học bạ,2025,18.0,Tài chính - Ngân hàng
32765,DKC,tai-chinh-ngan-hang,C03,Điểm học bạ,2025,18.0,Tài chính - Ngân hàng
32766,DKC,tai-chinh-ngan-hang,C04,Điểm học bạ,2025,18.0,Tài chính - Ngân hàng
32767,DKC,tai-chinh-ngan-hang,D01,Điểm học bạ,2025,18.0,Tài chính - Ngân hàng
32768,DKC,tai-chinh-ngan-hang,X01,Điểm học bạ,2025,18.0,Tài chính - Ngân hàng
32769,DKC,tai-chinh-ngan-hang,X02,Điểm học bạ,2025,18.0,Tài chính - Ngân hàng
32770,DKC,tai-chinh-ngan-hang,C01,Điểm thi THPT,2025,15.0,Tài chính - Ngân hàng
32771,DKC,tai-chinh-ngan-hang,C03,Điểm thi THPT,2025,15.0,Tài chính - Ngân hàng
32772,DKC,tai-chinh-ngan-hang,C04,Điểm thi THPT,2025,15.0,Tài chính - Ngân hàng
32773,DKC,tai-chinh-ngan-hang,D01,Điểm thi THPT,2025,15.0,Tài chính - Ngân hàng
32774,DKC,tai-chinh-ngan-hang,X01,Điểm thi THPT,2025,15.0,Tài chính - Ngân hàng
32775,DKC,tai-chinh-ngan-hang,X02,Điểm thi THPT,2025,15.0,Tài chính - Ngân hàng
32776,DKC,tai-chinh-quoc-te,A00,Điểm học bạ,2022,18.0,Tài chính quốc tế
32777,DKC,tai-chinh-quoc-te,A01,Điểm học bạ,2022,18.0,Tài chính quốc tế
32778,DKC,tai-chinh-quoc-te,C01,Điểm học bạ,2022,18.0,Tài chính quốc tế
32779,DKC,tai-chinh-quoc-te,D01,Điểm học bạ,2022,18.0,Tài chính quốc tế
32780,DKC,tai-chinh-quoc-te,A00,Điểm thi THPT,2022,17.0,Tài chính quốc tế
32781,DKC,tai-chinh-quoc-te,A01,Điểm thi THPT,2022,17.0,Tài chính quốc tế
32782,DKC,tai-chinh-quoc-te,C01,Điểm thi THPT,2022,17.0,Tài chính quốc tế
32783,DKC,tai-chinh-quoc-te,D01,Điểm thi THPT,2022,17.0,Tài chính quốc tế
32784,DKC,tai-chinh-quoc-te,A00,Điểm học bạ,2023,18.0,Tài chính quốc tế
32785,DKC,tai-chinh-quoc-te,A01,Điểm học bạ,2023,18.0,Tài chính quốc tế
32786,DKC,tai-chinh-quoc-te,C01,Điểm học bạ,2023,18.0,Tài chính quốc tế
32787,DKC,tai-chinh-quoc-te,D01,Điểm học bạ,2023,18.0,Tài chính quốc tế
32788,DKC,tai-chinh-quoc-te,A00,Điểm thi THPT,2023,16.0,Tài chính quốc tế
32789,DKC,tai-chinh-quoc-te,A01,Điểm thi THPT,2023,16.0,Tài chính quốc tế
32790,DKC,tai-chinh-quoc-te,C01,Điểm thi THPT,2023,16.0,Tài chính quốc tế
32791,DKC,tai-chinh-quoc-te,D01,Điểm thi THPT,2023,16.0,Tài chính quốc tế
32792,DKC,tam-ly-hoc,A00,Điểm học bạ,2021,18.0,Tâm lý học
32793,DKC,tam-ly-hoc,A01,Điểm học bạ,2021,18.0,Tâm lý học
32794,DKC,tam-ly-hoc,C00,Điểm học bạ,2021,18.0,Tâm lý học
32795,DKC,tam-ly-hoc,D01,Điểm học bạ,2021,18.0,Tâm lý học
32796,DKC,tam-ly-hoc,A00,Điểm thi THPT,2021,20.0,Tâm lý học
32797,DKC,tam-ly-hoc,A01,Điểm thi THPT,2021,20.0,Tâm lý học
32798,DKC,tam-ly-hoc,C00,Điểm thi THPT,2021,20.0,Tâm lý học
32799,DKC,tam-ly-hoc,D01,Điểm thi THPT,2021,20.0,Tâm lý học
32800,DKC,tam-ly-hoc,A00,Điểm học bạ,2022,18.0,Tâm lý học
32801,DKC,tam-ly-hoc,A01,Điểm học bạ,2022,18.0,Tâm lý học
32802,DKC,tam-ly-hoc,C00,Điểm học bạ,2022,18.0,Tâm lý học
32803,DKC,tam-ly-hoc,D01,Điểm học bạ,2022,18.0,Tâm lý học
32804,DKC,tam-ly-hoc,A00,Điểm thi THPT,2022,17.0,Tâm lý học
32805,DKC,tam-ly-hoc,A01,Điểm thi THPT,2022,17.0,Tâm lý học
32806,DKC,tam-ly-hoc,C00,Điểm thi THPT,2022,17.0,Tâm lý học
32807,DKC,tam-ly-hoc,D01,Điểm thi THPT,2022,17.0,Tâm lý học
32808,DKC,tam-ly-hoc,A00,Điểm học bạ,2023,18.0,Tâm lý học
32809,DKC,tam-ly-hoc,A01,Điểm học bạ,2023,18.0,Tâm lý học
32810,DKC,tam-ly-hoc,C00,Điểm học bạ,2023,18.0,Tâm lý học
32811,DKC,tam-ly-hoc,D01,Điểm học bạ,2023,18.0,Tâm lý học
32812,DKC,tam-ly-hoc,A00,Điểm thi THPT,2023,16.0,Tâm lý học
32813,DKC,tam-ly-hoc,A01,Điểm thi THPT,2023,16.0,Tâm lý học
32814,DKC,tam-ly-hoc,C00,Điểm thi THPT,2023,16.0,Tâm lý học
32815,DKC,tam-ly-hoc,D01,Điểm thi THPT,2023,16.0,Tâm lý học
32816,DKC,tam-ly-hoc,A00,Điểm học bạ,2024,18.0,Tâm lý học
32817,DKC,tam-ly-hoc,A01,Điểm học bạ,2024,18.0,Tâm lý học
32818,DKC,tam-ly-hoc,C00,Điểm học bạ,2024,18.0,Tâm lý học
32819,DKC,tam-ly-hoc,D01,Điểm học bạ,2024,18.0,Tâm lý học
32820,DKC,tam-ly-hoc,A00,Điểm thi THPT,2024,16.0,Tâm lý học
32821,DKC,tam-ly-hoc,A01,Điểm thi THPT,2024,16.0,Tâm lý học
32822,DKC,tam-ly-hoc,C00,Điểm thi THPT,2024,16.0,Tâm lý học
32823,DKC,tam-ly-hoc,D01,Điểm thi THPT,2024,16.0,Tâm lý học
32824,DKC,tam-ly-hoc,C01,Điểm học bạ,2025,18.0,Tâm lý học
32825,DKC,tam-ly-hoc,C03,Điểm học bạ,2025,18.0,Tâm lý học
32826,DKC,tam-ly-hoc,C04,Điểm học bạ,2025,18.0,Tâm lý học
32827,DKC,tam-ly-hoc,D01,Điểm học bạ,2025,18.0,Tâm lý học
32828,DKC,tam-ly-hoc,X01,Điểm học bạ,2025,18.0,Tâm lý học
32829,DKC,tam-ly-hoc,X02,Điểm học bạ,2025,18.0,Tâm lý học
32830,DKC,tam-ly-hoc,C01,Điểm thi THPT,2025,15.0,Tâm lý học
32831,DKC,tam-ly-hoc,C03,Điểm thi THPT,2025,15.0,Tâm lý học
32832,DKC,tam-ly-hoc,C04,Điểm thi THPT,2025,15.0,Tâm lý học
32833,DKC,tam-ly-hoc,D01,Điểm thi THPT,2025,15.0,Tâm lý học
32834,DKC,tam-ly-hoc,X01,Điểm thi THPT,2025,15.0,Tâm lý học
32835,DKC,tam-ly-hoc,X02,Điểm thi THPT,2025,15.0,Tâm lý học
32836,DKC,thanh-nhac,N00,Điểm học bạ,2021,18.0,Thanh nhạc
32837,DKC,thanh-nhac,N00,Điểm thi THPT,2021,21.0,Thanh nhạc
32838,DKC,thanh-nhac,N00,Điểm học bạ,2022,18.0,Thanh nhạc
32839,DKC,thanh-nhac,N00,Điểm thi THPT,2022,17.0,Thanh nhạc
32840,DKC,thanh-nhac,N00,Điểm học bạ,2023,18.0,Thanh nhạc
32841,DKC,thanh-nhac,N00,Điểm thi THPT,2023,16.0,Thanh nhạc
32842,DKC,thanh-nhac,N00,Điểm học bạ,2024,18.0,Thanh nhạc
32843,DKC,thanh-nhac,N00,Điểm thi THPT,2024,16.0,Thanh nhạc
32844,DKC,thanh-nhac,C03,Điểm học bạ,2025,18.0,Thanh nhạc
32845,DKC,thanh-nhac,C04,Điểm học bạ,2025,18.0,Thanh nhạc
32846,DKC,thanh-nhac,D01,Điểm học bạ,2025,18.0,Thanh nhạc
32847,DKC,thanh-nhac,N05,Điểm học bạ,2025,18.0,Thanh nhạc
32848,DKC,thanh-nhac,X01,Điểm học bạ,2025,18.0,Thanh nhạc
32849,DKC,thanh-nhac,X02,Điểm học bạ,2025,18.0,Thanh nhạc
32850,DKC,thanh-nhac,C03,Điểm thi THPT,2025,15.0,Thanh nhạc
32851,DKC,thanh-nhac,C04,Điểm thi THPT,2025,15.0,Thanh nhạc
32852,DKC,thanh-nhac,D01,Điểm thi THPT,2025,15.0,Thanh nhạc
32853,DKC,thanh-nhac,N05,Điểm thi THPT,2025,15.0,Thanh nhạc
32854,DKC,thanh-nhac,X01,Điểm thi THPT,2025,15.0,Thanh nhạc
32855,DKC,thanh-nhac,X02,Điểm thi THPT,2025,15.0,Thanh nhạc
32856,DKC,thiet-ke-do-hoa,H01,Điểm học bạ,2021,18.0,Thiết kế đồ họa
32857,DKC,thiet-ke-do-hoa,H02,Điểm học bạ,2021,18.0,Thiết kế đồ họa
32858,DKC,thiet-ke-do-hoa,H06,Điểm học bạ,2021,18.0,Thiết kế đồ họa
32859,DKC,thiet-ke-do-hoa,V00,Điểm học bạ,2021,18.0,Thiết kế đồ họa
32860,DKC,thiet-ke-do-hoa,H01,Điểm thi THPT,2021,19.0,Thiết kế đồ họa
32861,DKC,thiet-ke-do-hoa,H02,Điểm thi THPT,2021,19.0,Thiết kế đồ họa
32862,DKC,thiet-ke-do-hoa,H06,Điểm thi THPT,2021,19.0,Thiết kế đồ họa
32863,DKC,thiet-ke-do-hoa,V00,Điểm thi THPT,2021,19.0,Thiết kế đồ họa
32864,DKC,thiet-ke-do-hoa,A00,Điểm học bạ,2022,18.0,Thiết kế đồ họa
32865,DKC,thiet-ke-do-hoa,D01,Điểm học bạ,2022,18.0,Thiết kế đồ họa
32866,DKC,thiet-ke-do-hoa,H01,Điểm học bạ,2022,18.0,Thiết kế đồ họa
32867,DKC,thiet-ke-do-hoa,V00,Điểm học bạ,2022,18.0,Thiết kế đồ họa
32868,DKC,thiet-ke-do-hoa,A00,Điểm thi THPT,2022,17.0,Thiết kế đồ họa
32869,DKC,thiet-ke-do-hoa,D01,Điểm thi THPT,2022,17.0,Thiết kế đồ họa
32870,DKC,thiet-ke-do-hoa,H01,Điểm thi THPT,2022,17.0,Thiết kế đồ họa
32871,DKC,thiet-ke-do-hoa,V00,Điểm thi THPT,2022,17.0,Thiết kế đồ họa
32872,DKC,thiet-ke-do-hoa,A00,Điểm học bạ,2023,18.0,Thiết kế đồ họa
32873,DKC,thiet-ke-do-hoa,D01,Điểm học bạ,2023,18.0,Thiết kế đồ họa
32874,DKC,thiet-ke-do-hoa,H01,Điểm học bạ,2023,18.0,Thiết kế đồ họa
32875,DKC,thiet-ke-do-hoa,V00,Điểm học bạ,2023,18.0,Thiết kế đồ họa
32876,DKC,thiet-ke-do-hoa,A00,Điểm thi THPT,2023,19.0,Thiết kế đồ họa
32877,DKC,thiet-ke-do-hoa,D01,Điểm thi THPT,2023,19.0,Thiết kế đồ họa
32878,DKC,thiet-ke-do-hoa,H01,Điểm thi THPT,2023,19.0,Thiết kế đồ họa
32879,DKC,thiet-ke-do-hoa,V00,Điểm thi THPT,2023,19.0,Thiết kế đồ họa
32880,DKC,thiet-ke-do-hoa,A00,Điểm học bạ,2024,18.0,Thiết kế đồ họa
32881,DKC,thiet-ke-do-hoa,D01,Điểm học bạ,2024,18.0,Thiết kế đồ họa
32882,DKC,thiet-ke-do-hoa,H01,Điểm học bạ,2024,18.0,Thiết kế đồ họa
32883,DKC,thiet-ke-do-hoa,V00,Điểm học bạ,2024,18.0,Thiết kế đồ họa
32884,DKC,thiet-ke-do-hoa,A00,Điểm thi THPT,2024,19.0,Thiết kế đồ họa
32885,DKC,thiet-ke-do-hoa,D01,Điểm thi THPT,2024,19.0,Thiết kế đồ họa
32886,DKC,thiet-ke-do-hoa,H01,Điểm thi THPT,2024,19.0,Thiết kế đồ họa
32887,DKC,thiet-ke-do-hoa,V00,Điểm thi THPT,2024,19.0,Thiết kế đồ họa
32888,DKC,thiet-ke-do-hoa,C01,Điểm học bạ,2025,18.0,Thiết kế đồ họa
32889,DKC,thiet-ke-do-hoa,C03,Điểm học bạ,2025,18.0,Thiết kế đồ họa
32890,DKC,thiet-ke-do-hoa,C04,Điểm học bạ,2025,18.0,Thiết kế đồ họa
32891,DKC,thiet-ke-do-hoa,D01,Điểm học bạ,2025,18.0,Thiết kế đồ họa
32892,DKC,thiet-ke-do-hoa,H01,Điểm học bạ,2025,18.0,Thiết kế đồ họa
32893,DKC,thiet-ke-do-hoa,X02,Điểm học bạ,2025,18.0,Thiết kế đồ họa
32894,DKC,thiet-ke-do-hoa,C01,Điểm thi THPT,2025,15.0,Thiết kế đồ họa
32895,DKC,thiet-ke-do-hoa,C03,Điểm thi THPT,2025,15.0,Thiết kế đồ họa
32896,DKC,thiet-ke-do-hoa,C04,Điểm thi THPT,2025,15.0,Thiết kế đồ họa
32897,DKC,thiet-ke-do-hoa,D01,Điểm thi THPT,2025,15.0,Thiết kế đồ họa
32898,DKC,thiet-ke-do-hoa,H01,Điểm thi THPT,2025,15.0,Thiết kế đồ họa
32899,DKC,thiet-ke-do-hoa,X02,Điểm thi THPT,2025,15.0,Thiết kế đồ họa
32900,DKC,thiet-ke-noi-that,A00,Điểm học bạ,2021,18.0,Thiết kế nội thất
32901,DKC,thiet-ke-noi-that,D01,Điểm học bạ,2021,18.0,Thiết kế nội thất
32902,DKC,thiet-ke-noi-that,H01,Điểm học bạ,2021,18.0,Thiết kế nội thất
32903,DKC,thiet-ke-noi-that,V00,Điểm học bạ,2021,18.0,Thiết kế nội thất
32904,DKC,thiet-ke-noi-that,A00,Điểm thi THPT,2021,19.0,Thiết kế nội thất
32905,DKC,thiet-ke-noi-that,D01,Điểm thi THPT,2021,19.0,Thiết kế nội thất
32906,DKC,thiet-ke-noi-that,H01,Điểm thi THPT,2021,19.0,Thiết kế nội thất
32907,DKC,thiet-ke-noi-that,V00,Điểm thi THPT,2021,19.0,Thiết kế nội thất
32908,DKC,thiet-ke-noi-that,A00,Điểm học bạ,2022,18.0,Thiết kế nội thất
32909,DKC,thiet-ke-noi-that,D01,Điểm học bạ,2022,18.0,Thiết kế nội thất
32910,DKC,thiet-ke-noi-that,H01,Điểm học bạ,2022,18.0,Thiết kế nội thất
32911,DKC,thiet-ke-noi-that,V00,Điểm học bạ,2022,18.0,Thiết kế nội thất
32912,DKC,thiet-ke-noi-that,A00,Điểm thi THPT,2022,17.0,Thiết kế nội thất
32913,DKC,thiet-ke-noi-that,D01,Điểm thi THPT,2022,17.0,Thiết kế nội thất
32914,DKC,thiet-ke-noi-that,H01,Điểm thi THPT,2022,17.0,Thiết kế nội thất
32915,DKC,thiet-ke-noi-that,V00,Điểm thi THPT,2022,17.0,Thiết kế nội thất
32916,DKC,thiet-ke-noi-that,A00,Điểm học bạ,2023,18.0,Thiết kế nội thất
32917,DKC,thiet-ke-noi-that,D01,Điểm học bạ,2023,18.0,Thiết kế nội thất
32918,DKC,thiet-ke-noi-that,H01,Điểm học bạ,2023,18.0,Thiết kế nội thất
32919,DKC,thiet-ke-noi-that,V00,Điểm học bạ,2023,18.0,Thiết kế nội thất
32920,DKC,thiet-ke-noi-that,A00,Điểm thi THPT,2023,16.0,Thiết kế nội thất
32921,DKC,thiet-ke-noi-that,D01,Điểm thi THPT,2023,16.0,Thiết kế nội thất
32922,DKC,thiet-ke-noi-that,H01,Điểm thi THPT,2023,16.0,Thiết kế nội thất
32923,DKC,thiet-ke-noi-that,V00,Điểm thi THPT,2023,16.0,Thiết kế nội thất
32924,DKC,thiet-ke-noi-that,A00,Điểm học bạ,2024,18.0,Thiết kế nội thất
32925,DKC,thiet-ke-noi-that,D01,Điểm học bạ,2024,18.0,Thiết kế nội thất
32926,DKC,thiet-ke-noi-that,H01,Điểm học bạ,2024,18.0,Thiết kế nội thất
32927,DKC,thiet-ke-noi-that,V00,Điểm học bạ,2024,18.0,Thiết kế nội thất
32928,DKC,thiet-ke-noi-that,A00,Điểm thi THPT,2024,16.0,Thiết kế nội thất
32929,DKC,thiet-ke-noi-that,D01,Điểm thi THPT,2024,16.0,Thiết kế nội thất
32930,DKC,thiet-ke-noi-that,H01,Điểm thi THPT,2024,16.0,Thiết kế nội thất
32931,DKC,thiet-ke-noi-that,V00,Điểm thi THPT,2024,16.0,Thiết kế nội thất
32932,DKC,thiet-ke-noi-that,C01,Điểm học bạ,2025,18.0,Thiết kế nội thất
32933,DKC,thiet-ke-noi-that,C03,Điểm học bạ,2025,18.0,Thiết kế nội thất
32934,DKC,thiet-ke-noi-that,C04,Điểm học bạ,2025,18.0,Thiết kế nội thất
32935,DKC,thiet-ke-noi-that,D01,Điểm học bạ,2025,18.0,Thiết kế nội thất
32936,DKC,thiet-ke-noi-that,H01,Điểm học bạ,2025,18.0,Thiết kế nội thất
32937,DKC,thiet-ke-noi-that,X02,Điểm học bạ,2025,18.0,Thiết kế nội thất
32938,DKC,thiet-ke-noi-that,C01,Điểm thi THPT,2025,15.0,Thiết kế nội thất
32939,DKC,thiet-ke-noi-that,C03,Điểm thi THPT,2025,15.0,Thiết kế nội thất
32940,DKC,thiet-ke-noi-that,C04,Điểm thi THPT,2025,15.0,Thiết kế nội thất
32941,DKC,thiet-ke-noi-that,D01,Điểm thi THPT,2025,15.0,Thiết kế nội thất
32942,DKC,thiet-ke-noi-that,H01,Điểm thi THPT,2025,15.0,Thiết kế nội thất
32943,DKC,thiet-ke-noi-that,X02,Điểm thi THPT,2025,15.0,Thiết kế nội thất
32944,DKC,thiet-ke-thoi-trang,H01,Điểm học bạ,2021,18.0,Thiết kế thời trang
32945,DKC,thiet-ke-thoi-trang,H02,Điểm học bạ,2021,18.0,Thiết kế thời trang
32946,DKC,thiet-ke-thoi-trang,H06,Điểm học bạ,2021,18.0,Thiết kế thời trang
32947,DKC,thiet-ke-thoi-trang,V00,Điểm học bạ,2021,18.0,Thiết kế thời trang
32948,DKC,thiet-ke-thoi-trang,H01,Điểm thi THPT,2021,19.0,Thiết kế thời trang
32949,DKC,thiet-ke-thoi-trang,H02,Điểm thi THPT,2021,19.0,Thiết kế thời trang
32950,DKC,thiet-ke-thoi-trang,H06,Điểm thi THPT,2021,19.0,Thiết kế thời trang
32951,DKC,thiet-ke-thoi-trang,V00,Điểm thi THPT,2021,19.0,Thiết kế thời trang
32952,DKC,thiet-ke-thoi-trang,A00,Điểm học bạ,2022,18.0,Thiết kế thời trang
32953,DKC,thiet-ke-thoi-trang,D01,Điểm học bạ,2022,18.0,Thiết kế thời trang
32954,DKC,thiet-ke-thoi-trang,H01,Điểm học bạ,2022,18.0,Thiết kế thời trang
32955,DKC,thiet-ke-thoi-trang,V00,Điểm học bạ,2022,18.0,Thiết kế thời trang
32956,DKC,thiet-ke-thoi-trang,A00,Điểm thi THPT,2022,17.0,Thiết kế thời trang
32957,DKC,thiet-ke-thoi-trang,D01,Điểm thi THPT,2022,17.0,Thiết kế thời trang
32958,DKC,thiet-ke-thoi-trang,H01,Điểm thi THPT,2022,17.0,Thiết kế thời trang
32959,DKC,thiet-ke-thoi-trang,V00,Điểm thi THPT,2022,17.0,Thiết kế thời trang
32960,DKC,thiet-ke-thoi-trang,A00,Điểm học bạ,2023,18.0,Thiết kế thời trang
32961,DKC,thiet-ke-thoi-trang,D01,Điểm học bạ,2023,18.0,Thiết kế thời trang
32962,DKC,thiet-ke-thoi-trang,H01,Điểm học bạ,2023,18.0,Thiết kế thời trang
32963,DKC,thiet-ke-thoi-trang,V00,Điểm học bạ,2023,18.0,Thiết kế thời trang
32964,DKC,thiet-ke-thoi-trang,A00,Điểm thi THPT,2023,16.0,Thiết kế thời trang
32965,DKC,thiet-ke-thoi-trang,D01,Điểm thi THPT,2023,16.0,Thiết kế thời trang
32966,DKC,thiet-ke-thoi-trang,H01,Điểm thi THPT,2023,16.0,Thiết kế thời trang
32967,DKC,thiet-ke-thoi-trang,V00,Điểm thi THPT,2023,16.0,Thiết kế thời trang
32968,DKC,thiet-ke-thoi-trang,A00,Điểm học bạ,2024,18.0,Thiết kế thời trang
32969,DKC,thiet-ke-thoi-trang,D01,Điểm học bạ,2024,18.0,Thiết kế thời trang
32970,DKC,thiet-ke-thoi-trang,H01,Điểm học bạ,2024,18.0,Thiết kế thời trang
32971,DKC,thiet-ke-thoi-trang,V00,Điểm học bạ,2024,18.0,Thiết kế thời trang
32972,DKC,thiet-ke-thoi-trang,A00,Điểm thi THPT,2024,16.0,Thiết kế thời trang
32973,DKC,thiet-ke-thoi-trang,D01,Điểm thi THPT,2024,16.0,Thiết kế thời trang
32974,DKC,thiet-ke-thoi-trang,H01,Điểm thi THPT,2024,16.0,Thiết kế thời trang
32975,DKC,thiet-ke-thoi-trang,V00,Điểm thi THPT,2024,16.0,Thiết kế thời trang
32976,DKC,thiet-ke-thoi-trang,C01,Điểm học bạ,2025,18.0,Thiết kế thời trang
32977,DKC,thiet-ke-thoi-trang,C03,Điểm học bạ,2025,18.0,Thiết kế thời trang
32978,DKC,thiet-ke-thoi-trang,C04,Điểm học bạ,2025,18.0,Thiết kế thời trang
32979,DKC,thiet-ke-thoi-trang,D01,Điểm học bạ,2025,18.0,Thiết kế thời trang
32980,DKC,thiet-ke-thoi-trang,H01,Điểm học bạ,2025,18.0,Thiết kế thời trang
32981,DKC,thiet-ke-thoi-trang,X02,Điểm học bạ,2025,18.0,Thiết kế thời trang
32982,DKC,thiet-ke-thoi-trang,C01,Điểm thi THPT,2025,15.0,Thiết kế thời trang
32983,DKC,thiet-ke-thoi-trang,C03,Điểm thi THPT,2025,15.0,Thiết kế thời trang
32984,DKC,thiet-ke-thoi-trang,C04,Điểm thi THPT,2025,15.0,Thiết kế thời trang
32985,DKC,thiet-ke-thoi-trang,D01,Điểm thi THPT,2025,15.0,Thiết kế thời trang
32986,DKC,thiet-ke-thoi-trang,H01,Điểm thi THPT,2025,15.0,Thiết kế thời trang
32987,DKC,thiet-ke-thoi-trang,X02,Điểm thi THPT,2025,15.0,Thiết kế thời trang
32988,DKC,thu-y,A00,Điểm học bạ,2021,18.0,Thú y
32989,DKC,thu-y,B00,Điểm học bạ,2021,18.0,Thú y
32990,DKC,thu-y,C08,Điểm học bạ,2021,18.0,Thú y
32991,DKC,thu-y,D07,Điểm học bạ,2021,18.0,Thú y
32992,DKC,thu-y,A00,Điểm thi THPT,2021,20.0,Thú y
32993,DKC,thu-y,B00,Điểm thi THPT,2021,20.0,Thú y
32994,DKC,thu-y,C08,Điểm thi THPT,2021,20.0,Thú y
32995,DKC,thu-y,D07,Điểm thi THPT,2021,20.0,Thú y
32996,DKC,thu-y,A00,Điểm học bạ,2022,18.0,Thú y
32997,DKC,thu-y,B00,Điểm học bạ,2022,18.0,Thú y
32998,DKC,thu-y,C08,Điểm học bạ,2022,18.0,Thú y
32999,DKC,thu-y,D07,Điểm học bạ,2022,18.0,Thú y
33000,DKC,thu-y,A00,Điểm thi THPT,2022,19.0,Thú y
33001,DKC,thu-y,B00,Điểm thi THPT,2022,19.0,Thú y
33002,DKC,thu-y,C08,Điểm thi THPT,2022,19.0,Thú y
33003,DKC,thu-y,D07,Điểm thi THPT,2022,19.0,Thú y
33004,DKC,thu-y,A00,Điểm học bạ,2023,18.0,Thú y
33005,DKC,thu-y,B00,Điểm học bạ,2023,18.0,Thú y
33006,DKC,thu-y,C08,Điểm học bạ,2023,18.0,Thú y
33007,DKC,thu-y,D07,Điểm học bạ,2023,18.0,Thú y
33008,DKC,thu-y,A00,Điểm thi THPT,2023,18.0,Thú y
33009,DKC,thu-y,B00,Điểm thi THPT,2023,18.0,Thú y
33010,DKC,thu-y,C08,Điểm thi THPT,2023,18.0,Thú y
33011,DKC,thu-y,D07,Điểm thi THPT,2023,18.0,Thú y
33012,DKC,thu-y,A00,Điểm học bạ,2024,18.0,Thú y
33013,DKC,thu-y,B00,Điểm học bạ,2024,18.0,Thú y
33014,DKC,thu-y,C08,Điểm học bạ,2024,18.0,Thú y
33015,DKC,thu-y,D07,Điểm học bạ,2024,18.0,Thú y
33016,DKC,thu-y,A00,Điểm thi THPT,2024,18.0,Thú y
33017,DKC,thu-y,B00,Điểm thi THPT,2024,18.0,Thú y
33018,DKC,thu-y,C08,Điểm thi THPT,2024,18.0,Thú y
33019,DKC,thu-y,D07,Điểm thi THPT,2024,18.0,Thú y
33020,DKC,thu-y,A00,Điểm học bạ,2025,18.0,Thú y
33021,DKC,thu-y,B00,Điểm học bạ,2025,18.0,Thú y
33022,DKC,thu-y,B03,Điểm học bạ,2025,18.0,Thú y
33023,DKC,thu-y,C02,Điểm học bạ,2025,18.0,Thú y
33024,DKC,thu-y,D07,Điểm học bạ,2025,18.0,Thú y
33025,DKC,thu-y,X09,Điểm học bạ,2025,18.0,Thú y
33026,DKC,thu-y,A00,Điểm thi THPT,2025,15.0,Thú y
33027,DKC,thu-y,B00,Điểm thi THPT,2025,15.0,Thú y
33028,DKC,thu-y,B03,Điểm thi THPT,2025,15.0,Thú y
33029,DKC,thu-y,C02,Điểm thi THPT,2025,15.0,Thú y
33030,DKC,thu-y,D07,Điểm thi THPT,2025,15.0,Thú y
33031,DKC,thu-y,X09,Điểm thi THPT,2025,15.0,Thú y
33032,DKC,thuong-mai-dien-tu,A00,Điểm học bạ,2021,18.0,Thương mại điện tử
33033,DKC,thuong-mai-dien-tu,A01,Điểm học bạ,2021,18.0,Thương mại điện tử
33034,DKC,thuong-mai-dien-tu,C00,Điểm học bạ,2021,18.0,Thương mại điện tử
33035,DKC,thuong-mai-dien-tu,D01,Điểm học bạ,2021,18.0,Thương mại điện tử
33036,DKC,thuong-mai-dien-tu,A00,Điểm thi THPT,2021,22.0,Thương mại điện tử
33037,DKC,thuong-mai-dien-tu,A01,Điểm thi THPT,2021,22.0,Thương mại điện tử
33038,DKC,thuong-mai-dien-tu,C00,Điểm thi THPT,2021,22.0,Thương mại điện tử
33039,DKC,thuong-mai-dien-tu,D01,Điểm thi THPT,2021,22.0,Thương mại điện tử
33040,DKC,thuong-mai-dien-tu,A00,Điểm học bạ,2022,18.0,Thương mại điện tử
33041,DKC,thuong-mai-dien-tu,A01,Điểm học bạ,2022,18.0,Thương mại điện tử
33042,DKC,thuong-mai-dien-tu,C00,Điểm học bạ,2022,18.0,Thương mại điện tử
33043,DKC,thuong-mai-dien-tu,D01,Điểm học bạ,2022,18.0,Thương mại điện tử
33044,DKC,thuong-mai-dien-tu,A00,Điểm thi THPT,2022,18.0,Thương mại điện tử
33045,DKC,thuong-mai-dien-tu,A01,Điểm thi THPT,2022,18.0,Thương mại điện tử
33046,DKC,thuong-mai-dien-tu,C00,Điểm thi THPT,2022,18.0,Thương mại điện tử
33047,DKC,thuong-mai-dien-tu,D01,Điểm thi THPT,2022,18.0,Thương mại điện tử
33048,DKC,thuong-mai-dien-tu,A00,Điểm học bạ,2023,18.0,Thương mại điện tử
33049,DKC,thuong-mai-dien-tu,A01,Điểm học bạ,2023,18.0,Thương mại điện tử
33050,DKC,thuong-mai-dien-tu,C00,Điểm học bạ,2023,18.0,Thương mại điện tử
33051,DKC,thuong-mai-dien-tu,D01,Điểm học bạ,2023,18.0,Thương mại điện tử
33052,DKC,thuong-mai-dien-tu,A00,Điểm thi THPT,2023,18.0,Thương mại điện tử
33053,DKC,thuong-mai-dien-tu,A01,Điểm thi THPT,2023,18.0,Thương mại điện tử
33054,DKC,thuong-mai-dien-tu,C00,Điểm thi THPT,2023,18.0,Thương mại điện tử
33055,DKC,thuong-mai-dien-tu,D01,Điểm thi THPT,2023,18.0,Thương mại điện tử
33056,DKC,thuong-mai-dien-tu,A00,Điểm học bạ,2024,18.0,Thương mại điện tử
33057,DKC,thuong-mai-dien-tu,A01,Điểm học bạ,2024,18.0,Thương mại điện tử
33058,DKC,thuong-mai-dien-tu,C00,Điểm học bạ,2024,18.0,Thương mại điện tử
33059,DKC,thuong-mai-dien-tu,D01,Điểm học bạ,2024,18.0,Thương mại điện tử
33060,DKC,thuong-mai-dien-tu,A00,Điểm thi THPT,2024,18.0,Thương mại điện tử
33061,DKC,thuong-mai-dien-tu,A01,Điểm thi THPT,2024,18.0,Thương mại điện tử
33062,DKC,thuong-mai-dien-tu,C00,Điểm thi THPT,2024,18.0,Thương mại điện tử
33063,DKC,thuong-mai-dien-tu,D01,Điểm thi THPT,2024,18.0,Thương mại điện tử
33064,DKC,thuong-mai-dien-tu,C01,Điểm học bạ,2025,18.0,Thương mại điện tử
33065,DKC,thuong-mai-dien-tu,C03,Điểm học bạ,2025,18.0,Thương mại điện tử
33066,DKC,thuong-mai-dien-tu,C04,Điểm học bạ,2025,18.0,Thương mại điện tử
33067,DKC,thuong-mai-dien-tu,D01,Điểm học bạ,2025,18.0,Thương mại điện tử
33068,DKC,thuong-mai-dien-tu,X01,Điểm học bạ,2025,18.0,Thương mại điện tử
33069,DKC,thuong-mai-dien-tu,X02,Điểm học bạ,2025,18.0,Thương mại điện tử
33070,DKC,thuong-mai-dien-tu,C01,Điểm thi THPT,2025,15.0,Thương mại điện tử
33071,DKC,thuong-mai-dien-tu,C03,Điểm thi THPT,2025,15.0,Thương mại điện tử
33072,DKC,thuong-mai-dien-tu,C04,Điểm thi THPT,2025,15.0,Thương mại điện tử
33073,DKC,thuong-mai-dien-tu,D01,Điểm thi THPT,2025,15.0,Thương mại điện tử
33074,DKC,thuong-mai-dien-tu,X01,Điểm thi THPT,2025,15.0,Thương mại điện tử
33075,DKC,thuong-mai-dien-tu,X02,Điểm thi THPT,2025,15.0,Thương mại điện tử
33076,DKC,tri-tue-nhan-tao,A00,Điểm học bạ,2024,18.0,Trí tuệ nhân tạo
33077,DKC,tri-tue-nhan-tao,A01,Điểm học bạ,2024,18.0,Trí tuệ nhân tạo
33078,DKC,tri-tue-nhan-tao,C01,Điểm học bạ,2024,18.0,Trí tuệ nhân tạo
33079,DKC,tri-tue-nhan-tao,D01,Điểm học bạ,2024,18.0,Trí tuệ nhân tạo
33080,DKC,tri-tue-nhan-tao,A00,Điểm thi THPT,2024,16.0,Trí tuệ nhân tạo
33081,DKC,tri-tue-nhan-tao,A01,Điểm thi THPT,2024,16.0,Trí tuệ nhân tạo
33082,DKC,tri-tue-nhan-tao,C01,Điểm thi THPT,2024,16.0,Trí tuệ nhân tạo
33083,DKC,tri-tue-nhan-tao,D01,Điểm thi THPT,2024,16.0,Trí tuệ nhân tạo
33084,DKC,tri-tue-nhan-tao,C01,Điểm học bạ,2025,18.0,Trí tuệ nhân tạo
33085,DKC,tri-tue-nhan-tao,C03,Điểm học bạ,2025,18.0,Trí tuệ nhân tạo
33086,DKC,tri-tue-nhan-tao,C04,Điểm học bạ,2025,18.0,Trí tuệ nhân tạo
33087,DKC,tri-tue-nhan-tao,D01,Điểm học bạ,2025,18.0,Trí tuệ nhân tạo
33088,DKC,tri-tue-nhan-tao,X01,Điểm học bạ,2025,18.0,Trí tuệ nhân tạo
33089,DKC,tri-tue-nhan-tao,X02,Điểm học bạ,2025,18.0,Trí tuệ nhân tạo
33090,DKC,tri-tue-nhan-tao,C01,Điểm thi THPT,2025,15.0,Trí tuệ nhân tạo
33091,DKC,tri-tue-nhan-tao,C03,Điểm thi THPT,2025,15.0,Trí tuệ nhân tạo
33092,DKC,tri-tue-nhan-tao,C04,Điểm thi THPT,2025,15.0,Trí tuệ nhân tạo
33093,DKC,tri-tue-nhan-tao,D01,Điểm thi THPT,2025,15.0,Trí tuệ nhân tạo
33094,DKC,tri-tue-nhan-tao,X01,Điểm thi THPT,2025,15.0,Trí tuệ nhân tạo
33095,DKC,tri-tue-nhan-tao,X02,Điểm thi THPT,2025,15.0,Trí tuệ nhân tạo
33096,DKC,truyen-thong-da-phuong-tien,A01,Điểm học bạ,2021,18.0,Truyền thông đa phương tiện
33097,DKC,truyen-thong-da-phuong-tien,C00,Điểm học bạ,2021,18.0,Truyền thông đa phương tiện
33098,DKC,truyen-thong-da-phuong-tien,D01,Điểm học bạ,2021,18.0,Truyền thông đa phương tiện
33099,DKC,truyen-thong-da-phuong-tien,D15,Điểm học bạ,2021,18.0,Truyền thông đa phương tiện
33100,DKC,truyen-thong-da-phuong-tien,A01,Điểm thi THPT,2021,21.0,Truyền thông đa phương tiện
33101,DKC,truyen-thong-da-phuong-tien,C00,Điểm thi THPT,2021,21.0,Truyền thông đa phương tiện
33102,DKC,truyen-thong-da-phuong-tien,D01,Điểm thi THPT,2021,21.0,Truyền thông đa phương tiện
33103,DKC,truyen-thong-da-phuong-tien,D15,Điểm thi THPT,2021,21.0,Truyền thông đa phương tiện
33104,DKC,truyen-thong-da-phuong-tien,A01,Điểm học bạ,2022,18.0,Truyền thông đa phương tiện
33105,DKC,truyen-thong-da-phuong-tien,C00,Điểm học bạ,2022,18.0,Truyền thông đa phương tiện
33106,DKC,truyen-thong-da-phuong-tien,D01,Điểm học bạ,2022,18.0,Truyền thông đa phương tiện
33107,DKC,truyen-thong-da-phuong-tien,D15,Điểm học bạ,2022,18.0,Truyền thông đa phương tiện
33108,DKC,truyen-thong-da-phuong-tien,A01,Điểm thi THPT,2022,18.0,Truyền thông đa phương tiện
33109,DKC,truyen-thong-da-phuong-tien,C00,Điểm thi THPT,2022,18.0,Truyền thông đa phương tiện
33110,DKC,truyen-thong-da-phuong-tien,D01,Điểm thi THPT,2022,18.0,Truyền thông đa phương tiện
33111,DKC,truyen-thong-da-phuong-tien,D15,Điểm thi THPT,2022,18.0,Truyền thông đa phương tiện
33112,DKC,truyen-thong-da-phuong-tien,A00,Điểm học bạ,2023,18.0,Truyền thông đa phương tiện
33113,DKC,truyen-thong-da-phuong-tien,C00,Điểm học bạ,2023,18.0,Truyền thông đa phương tiện
33114,DKC,truyen-thong-da-phuong-tien,D01,Điểm học bạ,2023,18.0,Truyền thông đa phương tiện
33115,DKC,truyen-thong-da-phuong-tien,D15,Điểm học bạ,2023,18.0,Truyền thông đa phương tiện
33116,DKC,truyen-thong-da-phuong-tien,A00,Điểm thi THPT,2023,20.0,Truyền thông đa phương tiện
33117,DKC,truyen-thong-da-phuong-tien,C00,Điểm thi THPT,2023,20.0,Truyền thông đa phương tiện
33118,DKC,truyen-thong-da-phuong-tien,D01,Điểm thi THPT,2023,20.0,Truyền thông đa phương tiện
33119,DKC,truyen-thong-da-phuong-tien,D15,Điểm thi THPT,2023,20.0,Truyền thông đa phương tiện
33120,DKC,truyen-thong-da-phuong-tien,A01,Điểm học bạ,2024,18.0,Truyền thông đa phương tiện
33121,DKC,truyen-thong-da-phuong-tien,C00,Điểm học bạ,2024,18.0,Truyền thông đa phương tiện
33122,DKC,truyen-thong-da-phuong-tien,D01,Điểm học bạ,2024,18.0,Truyền thông đa phương tiện
33123,DKC,truyen-thong-da-phuong-tien,D15,Điểm học bạ,2024,18.0,Truyền thông đa phương tiện
33124,DKC,truyen-thong-da-phuong-tien,A01,Điểm thi THPT,2024,20.0,Truyền thông đa phương tiện
33125,DKC,truyen-thong-da-phuong-tien,C00,Điểm thi THPT,2024,20.0,Truyền thông đa phương tiện
33126,DKC,truyen-thong-da-phuong-tien,D01,Điểm thi THPT,2024,20.0,Truyền thông đa phương tiện
33127,DKC,truyen-thong-da-phuong-tien,D15,Điểm thi THPT,2024,20.0,Truyền thông đa phương tiện
33128,DKC,truyen-thong-da-phuong-tien,C01,Điểm học bạ,2025,18.0,Truyền thông đa phương tiện
33129,DKC,truyen-thong-da-phuong-tien,C03,Điểm học bạ,2025,18.0,Truyền thông đa phương tiện
33130,DKC,truyen-thong-da-phuong-tien,C04,Điểm học bạ,2025,18.0,Truyền thông đa phương tiện
33131,DKC,truyen-thong-da-phuong-tien,D01,Điểm học bạ,2025,18.0,Truyền thông đa phương tiện
33132,DKC,truyen-thong-da-phuong-tien,X01,Điểm học bạ,2025,18.0,Truyền thông đa phương tiện
33133,DKC,truyen-thong-da-phuong-tien,X02,Điểm học bạ,2025,18.0,Truyền thông đa phương tiện
33134,DKC,truyen-thong-da-phuong-tien,C01,Điểm thi THPT,2025,15.0,Truyền thông đa phương tiện
33135,DKC,truyen-thong-da-phuong-tien,C03,Điểm thi THPT,2025,15.0,Truyền thông đa phương tiện
33136,DKC,truyen-thong-da-phuong-tien,C04,Điểm thi THPT,2025,15.0,Truyền thông đa phương tiện
33137,DKC,truyen-thong-da-phuong-tien,D01,Điểm thi THPT,2025,15.0,Truyền thông đa phương tiện
33138,DKC,truyen-thong-da-phuong-tien,X01,Điểm thi THPT,2025,15.0,Truyền thông đa phương tiện
33139,DKC,truyen-thong-da-phuong-tien,X02,Điểm thi THPT,2025,15.0,Truyền thông đa phương tiện
33140,DKC,viet-nam-hoc,A01,Điểm học bạ,2021,18.0,Việt Nam học
33141,DKC,viet-nam-hoc,C00,Điểm học bạ,2021,18.0,Việt Nam học
33142,DKC,viet-nam-hoc,D01,Điểm học bạ,2021,18.0,Việt Nam học
33143,DKC,viet-nam-hoc,D15,Điểm học bạ,2021,18.0,Việt Nam học
33144,DKC,viet-nam-hoc,A01,Điểm thi THPT,2021,18.0,Việt Nam học
33145,DKC,viet-nam-hoc,C00,Điểm thi THPT,2021,18.0,Việt Nam học
33146,DKC,viet-nam-hoc,D01,Điểm thi THPT,2021,18.0,Việt Nam học
33147,DKC,viet-nam-hoc,D15,Điểm thi THPT,2021,18.0,Việt Nam học
33148,DKH,cong-nghe-sinh-hoc,B00,Điểm thi THPT,2022,23.45,Công nghệ sinh học
33149,DKH,cong-nghe-sinh-hoc,B00,Điểm học bạ,2023,28.2,Công nghệ sinh học
33150,DKH,cong-nghe-sinh-hoc,B00,Điểm thi THPT,2023,24.21,Công nghệ sinh học
33151,DKH,cong-nghe-sinh-hoc,B00,Điểm học bạ,2024,28.53,Công nghệ sinh học
33152,DKH,cong-nghe-sinh-hoc,B00,Điểm thi THPT,2024,24.26,Công nghệ sinh học
33153,DKH,cong-nghe-sinh-hoc,B00,Điểm học bạ,2025,24.0,Công nghệ sinh học
33154,DKH,cong-nghe-sinh-hoc,B00,Điểm thi THPT,2025,20.0,Công nghệ sinh học
33155,DKH,duoc-hoc,A00,Điểm học bạ,2021,28.0,Dược học​
33156,DKH,duoc-hoc,A00,Điểm thi THPT,2021,26.25,Dược học​
33157,DKH,duoc-hoc,A00,Điểm thi THPT,2022,26.0,Dược học
33158,DKH,duoc-hoc,A00,Điểm học bạ,2023,28.0,Dược học
33159,DKH,duoc-hoc,A00,Điểm thi THPT,2023,25.0,Dược học
33160,DKH,duoc-hoc,A00,Điểm học bạ,2024,28.09,Dược học
33161,DKH,duoc-hoc,A00,Điểm thi THPT,2024,25.51,Dược học
33162,DKH,duoc-hoc,A00,Điểm học bạ,2025,27.27,Dược học
33163,DKH,duoc-hoc,B00,Điểm học bạ,2025,27.27,Dược học
33164,DKH,duoc-hoc,A00,Điểm thi THPT,2025,24.5,Dược học
33165,DKH,duoc-hoc,B00,Điểm thi THPT,2025,24.5,Dược học
33166,DKH,hoa-duoc,A00,Điểm học bạ,2021,27.81,Hóa dược​
33167,DKH,hoa-duoc,A00,Điểm thi THPT,2021,26.05,Hóa dược​
33168,DKH,hoa-duoc,A00,Điểm thi THPT,2022,25.8,Hóa dược
33169,DKH,hoa-duoc,A00,Điểm học bạ,2023,27.95,Hóa dược
33170,DKH,hoa-duoc,A00,Điểm thi THPT,2023,24.9,Hóa dược
33171,DKH,hoa-duoc,A00,Điểm học bạ,2024,27.87,Hóa dược
33172,DKH,hoa-duoc,A00,Điểm thi THPT,2024,25.31,Hóa dược
33173,DKH,hoa-duoc,A00,Điểm học bạ,2025,26.31,Hóa dược
33174,DKH,hoa-duoc,A00,Điểm thi THPT,2025,23.56,Hóa dược
33175,DKH,hoa-hoc,A00,Điểm thi THPT,2022,22.95,Hóa học
33176,DKH,hoa-hoc,A00,Điểm học bạ,2023,27.04,Hóa học
33177,DKH,hoa-hoc,A00,Điểm thi THPT,2023,23.81,Hóa học
33178,DKH,hoa-hoc,A00,Điểm học bạ,2024,25.88,Hóa học
33179,DKH,hoa-hoc,A00,Điểm thi THPT,2024,24.55,Hóa học
33180,DKH,hoa-hoc,A00,Điểm học bạ,2025,24.53,Hóa học
33181,DKH,hoa-hoc,A00,Điểm thi THPT,2025,20.85,Hóa học
33182,DKK,bao-hiem,A00,Điểm học bạ,2022,23.5,Bảo hiểm
33183,DKK,bao-hiem,A01,Điểm học bạ,2022,23.5,Bảo hiểm
33184,DKK,bao-hiem,C01,Điểm học bạ,2022,23.5,Bảo hiểm
33185,DKK,bao-hiem,D01,Điểm học bạ,2022,23.5,Bảo hiểm
33186,DKK,bao-hiem,A00,Điểm thi THPT,2022,21.0,Bảo hiểm
33187,DKK,bao-hiem,A01,Điểm thi THPT,2022,21.0,Bảo hiểm
33188,DKK,bao-hiem,C01,Điểm thi THPT,2022,21.0,Bảo hiểm
33189,DKK,bao-hiem,D01,Điểm thi THPT,2022,21.0,Bảo hiểm
33190,DKK,bao-hiem,A00,Điểm học bạ,2023,23.5,Bảo hiểm
33191,DKK,bao-hiem,A01,Điểm học bạ,2023,23.5,Bảo hiểm
33192,DKK,bao-hiem,C01,Điểm học bạ,2023,23.5,Bảo hiểm
33193,DKK,bao-hiem,D01,Điểm học bạ,2023,23.5,Bảo hiểm
33194,DKK,bao-hiem,A00,Điểm thi THPT,2023,21.0,Bảo hiểm
33195,DKK,bao-hiem,A01,Điểm thi THPT,2023,21.0,Bảo hiểm
33196,DKK,bao-hiem,C01,Điểm thi THPT,2023,21.0,Bảo hiểm
33197,DKK,bao-hiem,D01,Điểm thi THPT,2023,21.0,Bảo hiểm
33198,DKK,bao-hiem,A00,Điểm học bạ,2024,24.0,Bảo hiểm
33199,DKK,bao-hiem,A01,Điểm học bạ,2024,24.0,Bảo hiểm
33200,DKK,bao-hiem,C01,Điểm học bạ,2024,24.0,Bảo hiểm
33201,DKK,bao-hiem,D01,Điểm học bạ,2024,24.0,Bảo hiểm
33202,DKK,bao-hiem,A00,Điểm thi THPT,2024,22.0,Bảo hiểm
33203,DKK,bao-hiem,A01,Điểm thi THPT,2024,22.0,Bảo hiểm
33204,DKK,bao-hiem,C01,Điểm thi THPT,2024,22.0,Bảo hiểm
33205,DKK,bao-hiem,D01,Điểm thi THPT,2024,22.0,Bảo hiểm
33206,DKK,bao-hiem,A00,Điểm học bạ,2025,23.65,Bảo hiểm (CS Nam Định)
33207,DKK,bao-hiem,A01,Điểm học bạ,2025,23.65,Bảo hiểm (CS Nam Định)
33208,DKK,bao-hiem,A03,Điểm học bạ,2025,23.65,Bảo hiểm (CS Nam Định)
33209,DKK,bao-hiem,A04,Điểm học bạ,2025,23.65,Bảo hiểm (CS Nam Định)
33210,DKK,bao-hiem,C01,Điểm học bạ,2025,23.65,Bảo hiểm (CS Nam Định)
33211,DKK,bao-hiem,C03,Điểm học bạ,2025,23.65,Bảo hiểm (CS Nam Định)
33212,DKK,bao-hiem,C04,Điểm học bạ,2025,23.65,Bảo hiểm (CS Nam Định)
33213,DKK,bao-hiem,D01,Điểm học bạ,2025,23.65,Bảo hiểm (CS Nam Định)
33214,DKK,bao-hiem,D07,Điểm học bạ,2025,23.65,Bảo hiểm (CS Nam Định)
33215,DKK,bao-hiem,D09,Điểm học bạ,2025,23.65,Bảo hiểm (CS Nam Định)
33216,DKK,bao-hiem,D10,Điểm học bạ,2025,23.65,Bảo hiểm (CS Nam Định)
33217,DKK,bao-hiem,X01,Điểm học bạ,2025,23.65,Bảo hiểm (CS Nam Định)
33218,DKK,bao-hiem,X02,Điểm học bạ,2025,23.65,Bảo hiểm (CS Nam Định)
33219,DKK,bao-hiem,X03,Điểm học bạ,2025,23.65,Bảo hiểm (CS Nam Định)
33220,DKK,bao-hiem,X05,Điểm học bạ,2025,23.65,Bảo hiểm (CS Nam Định)
33221,DKK,bao-hiem,X06,Điểm học bạ,2025,23.65,Bảo hiểm (CS Nam Định)
33222,DKK,bao-hiem,X07,Điểm học bạ,2025,23.65,Bảo hiểm (CS Nam Định)
33223,DKK,bao-hiem,X25,Điểm học bạ,2025,23.65,Bảo hiểm (CS Nam Định)
33224,DKK,bao-hiem,X26,Điểm học bạ,2025,23.65,Bảo hiểm (CS Nam Định)
33225,DKK,bao-hiem,X27,Điểm học bạ,2025,23.65,Bảo hiểm (CS Nam Định)
33226,DKK,bao-hiem,A00,Điểm thi THPT,2025,20.8,Bảo hiểm (CS Nam Định)
33227,DKK,bao-hiem,A01,Điểm thi THPT,2025,20.8,Bảo hiểm (CS Nam Định)
33228,DKK,bao-hiem,A03,Điểm thi THPT,2025,20.8,Bảo hiểm (CS Nam Định)
33229,DKK,bao-hiem,A04,Điểm thi THPT,2025,20.8,Bảo hiểm (CS Nam Định)
33230,DKK,bao-hiem,C01,Điểm thi THPT,2025,20.8,Bảo hiểm (CS Nam Định)
33231,DKK,bao-hiem,C03,Điểm thi THPT,2025,20.8,Bảo hiểm (CS Nam Định)
33232,DKK,bao-hiem,C04,Điểm thi THPT,2025,20.8,Bảo hiểm (CS Nam Định)
33233,DKK,bao-hiem,D01,Điểm thi THPT,2025,20.8,Bảo hiểm (CS Nam Định)
33234,DKK,bao-hiem,D07,Điểm thi THPT,2025,20.8,Bảo hiểm (CS Nam Định)
33235,DKK,bao-hiem,D09,Điểm thi THPT,2025,20.8,Bảo hiểm (CS Nam Định)
33236,DKK,bao-hiem,D10,Điểm thi THPT,2025,20.8,Bảo hiểm (CS Nam Định)
33237,DKK,bao-hiem,X01,Điểm thi THPT,2025,20.8,Bảo hiểm (CS Nam Định)
33238,DKK,bao-hiem,X02,Điểm thi THPT,2025,20.8,Bảo hiểm (CS Nam Định)
33239,DKK,bao-hiem,X03,Điểm thi THPT,2025,20.8,Bảo hiểm (CS Nam Định)
33240,DKK,bao-hiem,X05,Điểm thi THPT,2025,20.8,Bảo hiểm (CS Nam Định)
33241,DKK,bao-hiem,X06,Điểm thi THPT,2025,20.8,Bảo hiểm (CS Nam Định)
33242,DKK,bao-hiem,X07,Điểm thi THPT,2025,20.8,Bảo hiểm (CS Nam Định)
33243,DKK,bao-hiem,X25,Điểm thi THPT,2025,20.8,Bảo hiểm (CS Nam Định)
33244,DKK,bao-hiem,X26,Điểm thi THPT,2025,20.8,Bảo hiểm (CS Nam Định)
33245,DKK,bao-hiem,X27,Điểm thi THPT,2025,20.8,Bảo hiểm (CS Nam Định)
33246,DKK,cn-ky-thuat-co-dien-tu,A00,Điểm học bạ,2022,24.2,CN kỹ thuật cơ điện tử
33247,DKK,cn-ky-thuat-co-dien-tu,A01,Điểm học bạ,2022,24.2,CN kỹ thuật cơ điện tử
33248,DKK,cn-ky-thuat-co-dien-tu,C01,Điểm học bạ,2022,24.2,CN kỹ thuật cơ điện tử
33249,DKK,cn-ky-thuat-co-dien-tu,D01,Điểm học bạ,2022,24.2,CN kỹ thuật cơ điện tử
33250,DKK,cn-ky-thuat-co-dien-tu,A00,Điểm thi THPT,2022,22.0,CN kỹ thuật cơ điện tử
33251,DKK,cn-ky-thuat-co-dien-tu,A01,Điểm thi THPT,2022,22.0,CN kỹ thuật cơ điện tử
33252,DKK,cn-ky-thuat-co-dien-tu,C01,Điểm thi THPT,2022,22.0,CN kỹ thuật cơ điện tử
33253,DKK,cn-ky-thuat-co-dien-tu,D01,Điểm thi THPT,2022,22.0,CN kỹ thuật cơ điện tử
33254,DKK,cn-ky-thuat-co-khi,A00,Điểm học bạ,2022,24.0,CN kỹ thuật cơ khí
33255,DKK,cn-ky-thuat-co-khi,A01,Điểm học bạ,2022,24.0,CN kỹ thuật cơ khí
33256,DKK,cn-ky-thuat-co-khi,C01,Điểm học bạ,2022,24.0,CN kỹ thuật cơ khí
33257,DKK,cn-ky-thuat-co-khi,D01,Điểm học bạ,2022,24.0,CN kỹ thuật cơ khí
33258,DKK,cn-ky-thuat-co-khi,A00,Điểm thi THPT,2022,21.5,CN kỹ thuật cơ khí
33259,DKK,cn-ky-thuat-co-khi,A01,Điểm thi THPT,2022,21.5,CN kỹ thuật cơ khí
33260,DKK,cn-ky-thuat-co-khi,C01,Điểm thi THPT,2022,21.5,CN kỹ thuật cơ khí
33261,DKK,cn-ky-thuat-co-khi,D01,Điểm thi THPT,2022,21.5,CN kỹ thuật cơ khí
33262,DKK,cn-ky-thuat-dien-dien-tu,A00,Điểm học bạ,2022,24.2,"CN kỹ thuật điện, điện tử"
33263,DKK,cn-ky-thuat-dien-dien-tu,A01,Điểm học bạ,2022,24.2,"CN kỹ thuật điện, điện tử"
33264,DKK,cn-ky-thuat-dien-dien-tu,C01,Điểm học bạ,2022,24.2,"CN kỹ thuật điện, điện tử"
33265,DKK,cn-ky-thuat-dien-dien-tu,D01,Điểm học bạ,2022,24.2,"CN kỹ thuật điện, điện tử"
33266,DKK,cn-ky-thuat-dien-dien-tu,A00,Điểm thi THPT,2022,22.0,"CN kỹ thuật điện, điện tử"
33267,DKK,cn-ky-thuat-dien-dien-tu,A01,Điểm thi THPT,2022,22.0,"CN kỹ thuật điện, điện tử"
33268,DKK,cn-ky-thuat-dien-dien-tu,C01,Điểm thi THPT,2022,22.0,"CN kỹ thuật điện, điện tử"
33269,DKK,cn-ky-thuat-dien-dien-tu,D01,Điểm thi THPT,2022,22.0,"CN kỹ thuật điện, điện tử"
33270,DKK,cn-ky-thuat-may-tinh,A00,Điểm học bạ,2022,24.8,CN kỹ thuật máy tính
33271,DKK,cn-ky-thuat-may-tinh,A01,Điểm học bạ,2022,24.8,CN kỹ thuật máy tính
33272,DKK,cn-ky-thuat-may-tinh,C01,Điểm học bạ,2022,24.8,CN kỹ thuật máy tính
33273,DKK,cn-ky-thuat-may-tinh,D01,Điểm học bạ,2022,24.8,CN kỹ thuật máy tính
33274,DKK,cn-ky-thuat-may-tinh,A00,Điểm thi THPT,2022,22.2,CN kỹ thuật máy tính
33275,DKK,cn-ky-thuat-may-tinh,A01,Điểm thi THPT,2022,22.2,CN kỹ thuật máy tính
33276,DKK,cn-ky-thuat-may-tinh,C01,Điểm thi THPT,2022,22.2,CN kỹ thuật máy tính
33277,DKK,cn-ky-thuat-may-tinh,D01,Điểm thi THPT,2022,22.2,CN kỹ thuật máy tính
33278,DKK,cn-ky-thuat-o-to,A00,Điểm học bạ,2022,25.2,CN kỹ thuật ô tô
33279,DKK,cn-ky-thuat-o-to,A01,Điểm học bạ,2022,25.2,CN kỹ thuật ô tô
33280,DKK,cn-ky-thuat-o-to,C01,Điểm học bạ,2022,25.2,CN kỹ thuật ô tô
33281,DKK,cn-ky-thuat-o-to,D01,Điểm học bạ,2022,25.2,CN kỹ thuật ô tô
33282,DKK,cn-ky-thuat-o-to,A00,Điểm thi THPT,2022,22.8,CN kỹ thuật ô tô
33283,DKK,cn-ky-thuat-o-to,A01,Điểm thi THPT,2022,22.8,CN kỹ thuật ô tô
33284,DKK,cn-ky-thuat-o-to,C01,Điểm thi THPT,2022,22.8,CN kỹ thuật ô tô
33285,DKK,cn-ky-thuat-o-to,D01,Điểm thi THPT,2022,22.8,CN kỹ thuật ô tô
33286,DKK,cnkt-co-dien-tu,A00,Điểm học bạ,2021,22.0,Ngành CNKT cơ – điện tử
33287,DKK,cnkt-co-dien-tu,A01,Điểm học bạ,2021,22.0,Ngành CNKT cơ – điện tử
33288,DKK,cnkt-co-dien-tu,C01,Điểm học bạ,2021,22.0,Ngành CNKT cơ – điện tử
33289,DKK,cnkt-co-dien-tu,D01,Điểm học bạ,2021,22.0,Ngành CNKT cơ – điện tử
33290,DKK,cnkt-co-dien-tu,A00,Điểm thi THPT,2021,17.75,Ngành CNKT cơ – điện tử
33291,DKK,cnkt-co-dien-tu,A01,Điểm thi THPT,2021,17.75,Ngành CNKT cơ – điện tử
33292,DKK,cnkt-co-dien-tu,C01,Điểm thi THPT,2021,17.75,Ngành CNKT cơ – điện tử
33293,DKK,cnkt-co-dien-tu,D01,Điểm thi THPT,2021,17.75,Ngành CNKT cơ – điện tử
33294,DKK,cnkt-co-khi,A00,Điểm học bạ,2021,18.0,Ngành CNKT cơ khí
33295,DKK,cnkt-co-khi,A01,Điểm học bạ,2021,18.0,Ngành CNKT cơ khí
33296,DKK,cnkt-co-khi,C01,Điểm học bạ,2021,18.0,Ngành CNKT cơ khí
33297,DKK,cnkt-co-khi,D01,Điểm học bạ,2021,18.0,Ngành CNKT cơ khí
33298,DKK,cnkt-co-khi,A00,Điểm thi THPT,2021,16.75,Ngành CNKT cơ khí
33299,DKK,cnkt-co-khi,A01,Điểm thi THPT,2021,16.75,Ngành CNKT cơ khí
33300,DKK,cnkt-co-khi,C01,Điểm thi THPT,2021,16.75,Ngành CNKT cơ khí
33301,DKK,cnkt-co-khi,D01,Điểm thi THPT,2021,16.75,Ngành CNKT cơ khí
33302,DKK,cnkt-dien-dien-tu,A00,Điểm học bạ,2021,22.0,"Ngành CNKT điện, điện tử"
33303,DKK,cnkt-dien-dien-tu,A01,Điểm học bạ,2021,22.0,"Ngành CNKT điện, điện tử"
33304,DKK,cnkt-dien-dien-tu,C01,Điểm học bạ,2021,22.0,"Ngành CNKT điện, điện tử"
33305,DKK,cnkt-dien-dien-tu,D01,Điểm học bạ,2021,22.0,"Ngành CNKT điện, điện tử"
33306,DKK,cnkt-dien-dien-tu,A00,Điểm thi THPT,2021,17.25,"Ngành CNKT điện, điện tử"
33307,DKK,cnkt-dien-dien-tu,A01,Điểm thi THPT,2021,17.25,"Ngành CNKT điện, điện tử"
33308,DKK,cnkt-dien-dien-tu,C01,Điểm thi THPT,2021,17.25,"Ngành CNKT điện, điện tử"
33309,DKK,cnkt-dien-dien-tu,D01,Điểm thi THPT,2021,17.25,"Ngành CNKT điện, điện tử"
33310,DKK,cnkt-dien-tu-vien-thong,A00,Điểm học bạ,2021,21.0,Ngành CNKT điện tử – viễn thông
33311,DKK,cnkt-dien-tu-vien-thong,A01,Điểm học bạ,2021,21.0,Ngành CNKT điện tử – viễn thông
33312,DKK,cnkt-dien-tu-vien-thong,C01,Điểm học bạ,2021,21.0,Ngành CNKT điện tử – viễn thông
33313,DKK,cnkt-dien-tu-vien-thong,D01,Điểm học bạ,2021,21.0,Ngành CNKT điện tử – viễn thông
33314,DKK,cnkt-dien-tu-vien-thong,A00,Điểm thi THPT,2021,18.5,Ngành CNKT điện tử – viễn thông
33315,DKK,cnkt-dien-tu-vien-thong,A01,Điểm thi THPT,2021,18.5,Ngành CNKT điện tử – viễn thông
33316,DKK,cnkt-dien-tu-vien-thong,C01,Điểm thi THPT,2021,18.5,Ngành CNKT điện tử – viễn thông
33317,DKK,cnkt-dien-tu-vien-thong,D01,Điểm thi THPT,2021,18.5,Ngành CNKT điện tử – viễn thông
33318,DKK,cnkt-dien-tu-vien-thong,A00,Điểm học bạ,2022,24.1,CNKT điện tử - viễn thông
33319,DKK,cnkt-dien-tu-vien-thong,A01,Điểm học bạ,2022,24.1,CNKT điện tử - viễn thông
33320,DKK,cnkt-dien-tu-vien-thong,C01,Điểm học bạ,2022,24.1,CNKT điện tử - viễn thông
33321,DKK,cnkt-dien-tu-vien-thong,D01,Điểm học bạ,2022,24.1,CNKT điện tử - viễn thông
33322,DKK,cnkt-dien-tu-vien-thong,A00,Điểm thi THPT,2022,21.8,CNKT điện tử - viễn thông
33323,DKK,cnkt-dien-tu-vien-thong,A01,Điểm thi THPT,2022,21.8,CNKT điện tử - viễn thông
33324,DKK,cnkt-dien-tu-vien-thong,C01,Điểm thi THPT,2022,21.8,CNKT điện tử - viễn thông
33325,DKK,cnkt-dien-tu-vien-thong,D01,Điểm thi THPT,2022,21.8,CNKT điện tử - viễn thông
33326,DKK,cnkt-dieu-khien-va-tu-dong-hoa,A00,Điểm học bạ,2021,22.5,Ngành CNKT điều khiển và tự động hoá
33327,DKK,cnkt-dieu-khien-va-tu-dong-hoa,A01,Điểm học bạ,2021,22.5,Ngành CNKT điều khiển và tự động hoá
33328,DKK,cnkt-dieu-khien-va-tu-dong-hoa,C01,Điểm học bạ,2021,22.5,Ngành CNKT điều khiển và tự động hoá
33329,DKK,cnkt-dieu-khien-va-tu-dong-hoa,D01,Điểm học bạ,2021,22.5,Ngành CNKT điều khiển và tự động hoá
33330,DKK,cnkt-dieu-khien-va-tu-dong-hoa,A00,Điểm thi THPT,2021,21.25,Ngành CNKT điều khiển và tự động hoá
33331,DKK,cnkt-dieu-khien-va-tu-dong-hoa,A01,Điểm thi THPT,2021,21.25,Ngành CNKT điều khiển và tự động hoá
33332,DKK,cnkt-dieu-khien-va-tu-dong-hoa,C01,Điểm thi THPT,2021,21.25,Ngành CNKT điều khiển và tự động hoá
33333,DKK,cnkt-dieu-khien-va-tu-dong-hoa,D01,Điểm thi THPT,2021,21.25,Ngành CNKT điều khiển và tự động hoá
33334,DKK,cnkt-dieu-khien-va-tu-dong-hoa,A00,Điểm học bạ,2023,25.5,CNKT điều khiển và tự động hóa
33335,DKK,cnkt-dieu-khien-va-tu-dong-hoa,A01,Điểm học bạ,2023,25.5,CNKT điều khiển và tự động hóa
33336,DKK,cnkt-dieu-khien-va-tu-dong-hoa,C01,Điểm học bạ,2023,25.5,CNKT điều khiển và tự động hóa
33337,DKK,cnkt-dieu-khien-va-tu-dong-hoa,D01,Điểm học bạ,2023,25.5,CNKT điều khiển và tự động hóa
33338,DKK,cnkt-dieu-khien-va-tu-dong-hoa,A00,Điểm thi THPT,2023,23.3,CNKT điều khiển và tự động hóa
33339,DKK,cnkt-dieu-khien-va-tu-dong-hoa,A01,Điểm thi THPT,2023,23.3,CNKT điều khiển và tự động hóa
33340,DKK,cnkt-dieu-khien-va-tu-dong-hoa,C01,Điểm thi THPT,2023,23.3,CNKT điều khiển và tự động hóa
33341,DKK,cnkt-dieu-khien-va-tu-dong-hoa,D01,Điểm thi THPT,2023,23.3,CNKT điều khiển và tự động hóa
33342,DKK,cnkt-dieu-khien-va-tu-dong-hoa,A00,Điểm học bạ,2024,26.0,CNKT điều khiển và tự động hoá
33343,DKK,cnkt-dieu-khien-va-tu-dong-hoa,A01,Điểm học bạ,2024,26.0,CNKT điều khiển và tự động hoá
33344,DKK,cnkt-dieu-khien-va-tu-dong-hoa,C01,Điểm học bạ,2024,26.0,CNKT điều khiển và tự động hoá
33345,DKK,cnkt-dieu-khien-va-tu-dong-hoa,D01,Điểm học bạ,2024,26.0,CNKT điều khiển và tự động hoá
33346,DKK,cnkt-dieu-khien-va-tu-dong-hoa,A00,Điểm thi THPT,2024,24.0,CNKT điều khiển và tự động hoá
33347,DKK,cnkt-dieu-khien-va-tu-dong-hoa,A01,Điểm thi THPT,2024,24.0,CNKT điều khiển và tự động hoá
33348,DKK,cnkt-dieu-khien-va-tu-dong-hoa,C01,Điểm thi THPT,2024,24.0,CNKT điều khiển và tự động hoá
33349,DKK,cnkt-dieu-khien-va-tu-dong-hoa,D01,Điểm thi THPT,2024,24.0,CNKT điều khiển và tự động hoá
33350,DKK,cnkt-dk-tu-dong-hoa,A00,Điểm học bạ,2022,25.5,CNKT ĐK & tự động hóa
33351,DKK,cnkt-dk-tu-dong-hoa,A01,Điểm học bạ,2022,25.5,CNKT ĐK & tự động hóa
33352,DKK,cnkt-dk-tu-dong-hoa,C01,Điểm học bạ,2022,25.5,CNKT ĐK & tự động hóa
33353,DKK,cnkt-dk-tu-dong-hoa,D01,Điểm học bạ,2022,25.5,CNKT ĐK & tự động hóa
33354,DKK,cnkt-dk-tu-dong-hoa,A00,Điểm thi THPT,2022,23.0,CNKT ĐK & tự động hóa
33355,DKK,cnkt-dk-tu-dong-hoa,A01,Điểm thi THPT,2022,23.0,CNKT ĐK & tự động hóa
33356,DKK,cnkt-dk-tu-dong-hoa,C01,Điểm thi THPT,2022,23.0,CNKT ĐK & tự động hóa
33357,DKK,cnkt-dk-tu-dong-hoa,D01,Điểm thi THPT,2022,23.0,CNKT ĐK & tự động hóa
33358,DKK,cong-nghe-det-may,A00,Điểm học bạ,2021,21.0,"Ngành Công nghệ dệt, may"
33359,DKK,cong-nghe-det-may,A01,Điểm học bạ,2021,21.0,"Ngành Công nghệ dệt, may"
33360,DKK,cong-nghe-det-may,C01,Điểm học bạ,2021,21.0,"Ngành Công nghệ dệt, may"
33361,DKK,cong-nghe-det-may,D01,Điểm học bạ,2021,21.0,"Ngành Công nghệ dệt, may"
33362,DKK,cong-nghe-det-may,A00,Điểm thi THPT,2021,17.25,"Ngành Công nghệ dệt, may"
33363,DKK,cong-nghe-det-may,A01,Điểm thi THPT,2021,17.25,"Ngành Công nghệ dệt, may"
33364,DKK,cong-nghe-det-may,C01,Điểm thi THPT,2021,17.25,"Ngành Công nghệ dệt, may"
33365,DKK,cong-nghe-det-may,D01,Điểm thi THPT,2021,17.25,"Ngành Công nghệ dệt, may"
33366,DKK,cong-nghe-det-may,A00,Điểm học bạ,2022,23.5,"Công nghệ dệt, may"
33367,DKK,cong-nghe-det-may,A01,Điểm học bạ,2022,23.5,"Công nghệ dệt, may"
33368,DKK,cong-nghe-det-may,C01,Điểm học bạ,2022,23.5,"Công nghệ dệt, may"
33369,DKK,cong-nghe-det-may,D01,Điểm học bạ,2022,23.5,"Công nghệ dệt, may"
33370,DKK,cong-nghe-det-may,A00,Điểm thi THPT,2022,21.0,"Công nghệ dệt, may"
33371,DKK,cong-nghe-det-may,A01,Điểm thi THPT,2022,21.0,"Công nghệ dệt, may"
33372,DKK,cong-nghe-det-may,C01,Điểm thi THPT,2022,21.0,"Công nghệ dệt, may"
33373,DKK,cong-nghe-det-may,D01,Điểm thi THPT,2022,21.0,"Công nghệ dệt, may"
33374,DKK,cong-nghe-det-may,A00,Điểm học bạ,2023,22.5,"Công nghệ dệt, may"
33375,DKK,cong-nghe-det-may,A01,Điểm học bạ,2023,22.5,"Công nghệ dệt, may"
33376,DKK,cong-nghe-det-may,C01,Điểm học bạ,2023,22.5,"Công nghệ dệt, may"
33377,DKK,cong-nghe-det-may,D01,Điểm học bạ,2023,22.5,"Công nghệ dệt, may"
33378,DKK,cong-nghe-det-may,A00,Điểm thi THPT,2023,20.0,"Công nghệ dệt, may"
33379,DKK,cong-nghe-det-may,A01,Điểm thi THPT,2023,20.0,"Công nghệ dệt, may"
33380,DKK,cong-nghe-det-may,C01,Điểm thi THPT,2023,20.0,"Công nghệ dệt, may"
33381,DKK,cong-nghe-det-may,D01,Điểm thi THPT,2023,20.0,"Công nghệ dệt, may"
33382,DKK,cong-nghe-det-may,A00,Điểm học bạ,2024,22.0,"Công nghệ dệt, may"
33383,DKK,cong-nghe-det-may,A01,Điểm học bạ,2024,22.0,"Công nghệ dệt, may"
33384,DKK,cong-nghe-det-may,C01,Điểm học bạ,2024,22.0,"Công nghệ dệt, may"
33385,DKK,cong-nghe-det-may,D01,Điểm học bạ,2024,22.0,"Công nghệ dệt, may"
33386,DKK,cong-nghe-det-may,A00,Điểm thi THPT,2024,20.0,"Công nghệ dệt, may"
33387,DKK,cong-nghe-det-may,A01,Điểm thi THPT,2024,20.0,"Công nghệ dệt, may"
33388,DKK,cong-nghe-det-may,C01,Điểm thi THPT,2024,20.0,"Công nghệ dệt, may"
33389,DKK,cong-nghe-det-may,D01,Điểm thi THPT,2024,20.0,"Công nghệ dệt, may"
33390,DKK,cong-nghe-det-may,A00,Điểm học bạ,2025,23.88,"Công nghệ dệt, may (CS Nam Định)"
33391,DKK,cong-nghe-det-may,A01,Điểm học bạ,2025,23.88,"Công nghệ dệt, may (CS Nam Định)"
33392,DKK,cong-nghe-det-may,A02,Điểm học bạ,2025,23.88,"Công nghệ dệt, may (CS Nam Định)"
33393,DKK,cong-nghe-det-may,A03,Điểm học bạ,2025,23.88,"Công nghệ dệt, may (CS Nam Định)"
33394,DKK,cong-nghe-det-may,B00,Điểm học bạ,2025,23.88,"Công nghệ dệt, may (CS Nam Định)"
33395,DKK,cong-nghe-det-may,C01,Điểm học bạ,2025,23.88,"Công nghệ dệt, may (CS Nam Định)"
33396,DKK,cong-nghe-det-may,C02,Điểm học bạ,2025,23.88,"Công nghệ dệt, may (CS Nam Định)"
33397,DKK,cong-nghe-det-may,D01,Điểm học bạ,2025,23.88,"Công nghệ dệt, may (CS Nam Định)"
33398,DKK,cong-nghe-det-may,D07,Điểm học bạ,2025,23.88,"Công nghệ dệt, may (CS Nam Định)"
33399,DKK,cong-nghe-det-may,X02,Điểm học bạ,2025,23.88,"Công nghệ dệt, may (CS Nam Định)"
33400,DKK,cong-nghe-det-may,X03,Điểm học bạ,2025,23.88,"Công nghệ dệt, may (CS Nam Định)"
33401,DKK,cong-nghe-det-may,X05,Điểm học bạ,2025,23.88,"Công nghệ dệt, may (CS Nam Định)"
33402,DKK,cong-nghe-det-may,X06,Điểm học bạ,2025,23.88,"Công nghệ dệt, may (CS Nam Định)"
33403,DKK,cong-nghe-det-may,X07,Điểm học bạ,2025,23.88,"Công nghệ dệt, may (CS Nam Định)"
33404,DKK,cong-nghe-det-may,X10,Điểm học bạ,2025,23.88,"Công nghệ dệt, may (CS Nam Định)"
33405,DKK,cong-nghe-det-may,X11,Điểm học bạ,2025,23.88,"Công nghệ dệt, may (CS Nam Định)"
33406,DKK,cong-nghe-det-may,X14,Điểm học bạ,2025,23.88,"Công nghệ dệt, may (CS Nam Định)"
33407,DKK,cong-nghe-det-may,X15,Điểm học bạ,2025,23.88,"Công nghệ dệt, may (CS Nam Định)"
33408,DKK,cong-nghe-det-may,X26,Điểm học bạ,2025,23.88,"Công nghệ dệt, may (CS Nam Định)"
33409,DKK,cong-nghe-det-may,X27,Điểm học bạ,2025,23.88,"Công nghệ dệt, may (CS Nam Định)"
33410,DKK,cong-nghe-det-may,X56,Điểm học bạ,2025,23.88,"Công nghệ dệt, may (CS Nam Định)"
33411,DKK,cong-nghe-det-may,A00,Điểm thi THPT,2025,21.0,"Công nghệ dệt, may (CS Nam Định)"
33412,DKK,cong-nghe-det-may,A01,Điểm thi THPT,2025,21.0,"Công nghệ dệt, may (CS Nam Định)"
33413,DKK,cong-nghe-det-may,A02,Điểm thi THPT,2025,21.0,"Công nghệ dệt, may (CS Nam Định)"
33414,DKK,cong-nghe-det-may,A03,Điểm thi THPT,2025,21.0,"Công nghệ dệt, may (CS Nam Định)"
33415,DKK,cong-nghe-det-may,B00,Điểm thi THPT,2025,21.0,"Công nghệ dệt, may (CS Nam Định)"
33416,DKK,cong-nghe-det-may,C01,Điểm thi THPT,2025,21.0,"Công nghệ dệt, may (CS Nam Định)"
33417,DKK,cong-nghe-det-may,C02,Điểm thi THPT,2025,21.0,"Công nghệ dệt, may (CS Nam Định)"
33418,DKK,cong-nghe-det-may,D01,Điểm thi THPT,2025,21.0,"Công nghệ dệt, may (CS Nam Định)"
33419,DKK,cong-nghe-det-may,D07,Điểm thi THPT,2025,21.0,"Công nghệ dệt, may (CS Nam Định)"
33420,DKK,cong-nghe-det-may,X02,Điểm thi THPT,2025,21.0,"Công nghệ dệt, may (CS Nam Định)"
33421,DKK,cong-nghe-det-may,X03,Điểm thi THPT,2025,21.0,"Công nghệ dệt, may (CS Nam Định)"
33422,DKK,cong-nghe-det-may,X05,Điểm thi THPT,2025,21.0,"Công nghệ dệt, may (CS Nam Định)"
33423,DKK,cong-nghe-det-may,X06,Điểm thi THPT,2025,21.0,"Công nghệ dệt, may (CS Nam Định)"
33424,DKK,cong-nghe-det-may,X07,Điểm thi THPT,2025,21.0,"Công nghệ dệt, may (CS Nam Định)"
33425,DKK,cong-nghe-det-may,X10,Điểm thi THPT,2025,21.0,"Công nghệ dệt, may (CS Nam Định)"
33426,DKK,cong-nghe-det-may,X11,Điểm thi THPT,2025,21.0,"Công nghệ dệt, may (CS Nam Định)"
33427,DKK,cong-nghe-det-may,X14,Điểm thi THPT,2025,21.0,"Công nghệ dệt, may (CS Nam Định)"
33428,DKK,cong-nghe-det-may,X15,Điểm thi THPT,2025,21.0,"Công nghệ dệt, may (CS Nam Định)"
33429,DKK,cong-nghe-det-may,X26,Điểm thi THPT,2025,21.0,"Công nghệ dệt, may (CS Nam Định)"
33430,DKK,cong-nghe-det-may,X27,Điểm thi THPT,2025,21.0,"Công nghệ dệt, may (CS Nam Định)"
33431,DKK,cong-nghe-det-may,X56,Điểm thi THPT,2025,21.0,"Công nghệ dệt, may (CS Nam Định)"
33432,DKK,cong-nghe-ky-thuat-co-dien-tu,A00,Điểm học bạ,2023,25.0,Công nghệ kỹ thuật cơ điện tử
33433,DKK,cong-nghe-ky-thuat-co-dien-tu,A01,Điểm học bạ,2023,25.0,Công nghệ kỹ thuật cơ điện tử
33434,DKK,cong-nghe-ky-thuat-co-dien-tu,C01,Điểm học bạ,2023,25.0,Công nghệ kỹ thuật cơ điện tử
33435,DKK,cong-nghe-ky-thuat-co-dien-tu,D01,Điểm học bạ,2023,25.0,Công nghệ kỹ thuật cơ điện tử
33436,DKK,cong-nghe-ky-thuat-co-dien-tu,A00,Điểm thi THPT,2023,22.5,Công nghệ kỹ thuật cơ điện tử
33437,DKK,cong-nghe-ky-thuat-co-dien-tu,A01,Điểm thi THPT,2023,22.5,Công nghệ kỹ thuật cơ điện tử
33438,DKK,cong-nghe-ky-thuat-co-dien-tu,C01,Điểm thi THPT,2023,22.5,Công nghệ kỹ thuật cơ điện tử
33439,DKK,cong-nghe-ky-thuat-co-dien-tu,D01,Điểm thi THPT,2023,22.5,Công nghệ kỹ thuật cơ điện tử
33440,DKK,cong-nghe-ky-thuat-co-dien-tu,A00,Điểm học bạ,2024,25.2,Công nghệ kỹ thuật cơ điện tử
33441,DKK,cong-nghe-ky-thuat-co-dien-tu,A01,Điểm học bạ,2024,25.2,Công nghệ kỹ thuật cơ điện tử
33442,DKK,cong-nghe-ky-thuat-co-dien-tu,C01,Điểm học bạ,2024,25.2,Công nghệ kỹ thuật cơ điện tử
33443,DKK,cong-nghe-ky-thuat-co-dien-tu,D01,Điểm học bạ,2024,25.2,Công nghệ kỹ thuật cơ điện tử
33444,DKK,cong-nghe-ky-thuat-co-dien-tu,A00,Điểm thi THPT,2024,23.2,Công nghệ kỹ thuật cơ điện tử
33445,DKK,cong-nghe-ky-thuat-co-dien-tu,A01,Điểm thi THPT,2024,23.2,Công nghệ kỹ thuật cơ điện tử
33446,DKK,cong-nghe-ky-thuat-co-dien-tu,C01,Điểm thi THPT,2024,23.2,Công nghệ kỹ thuật cơ điện tử
33447,DKK,cong-nghe-ky-thuat-co-dien-tu,D01,Điểm thi THPT,2024,23.2,Công nghệ kỹ thuật cơ điện tử
33448,DKK,cong-nghe-ky-thuat-co-dien-tu,A00,Điểm học bạ,2025,25.0,Công nghệ kỹ thuật cơ điện tử (CS Nam Định)
33449,DKK,cong-nghe-ky-thuat-co-dien-tu,A01,Điểm học bạ,2025,25.0,Công nghệ kỹ thuật cơ điện tử (CS Nam Định)
33450,DKK,cong-nghe-ky-thuat-co-dien-tu,A02,Điểm học bạ,2025,25.0,Công nghệ kỹ thuật cơ điện tử (CS Nam Định)
33451,DKK,cong-nghe-ky-thuat-co-dien-tu,A03,Điểm học bạ,2025,25.0,Công nghệ kỹ thuật cơ điện tử (CS Nam Định)
33452,DKK,cong-nghe-ky-thuat-co-dien-tu,B00,Điểm học bạ,2025,25.0,Công nghệ kỹ thuật cơ điện tử (CS Nam Định)
33453,DKK,cong-nghe-ky-thuat-co-dien-tu,C01,Điểm học bạ,2025,25.0,Công nghệ kỹ thuật cơ điện tử (CS Nam Định)
33454,DKK,cong-nghe-ky-thuat-co-dien-tu,C02,Điểm học bạ,2025,25.0,Công nghệ kỹ thuật cơ điện tử (CS Nam Định)
33455,DKK,cong-nghe-ky-thuat-co-dien-tu,D01,Điểm học bạ,2025,25.0,Công nghệ kỹ thuật cơ điện tử (CS Nam Định)
33456,DKK,cong-nghe-ky-thuat-co-dien-tu,D07,Điểm học bạ,2025,25.0,Công nghệ kỹ thuật cơ điện tử (CS Nam Định)
33457,DKK,cong-nghe-ky-thuat-co-dien-tu,X02,Điểm học bạ,2025,25.0,Công nghệ kỹ thuật cơ điện tử (CS Nam Định)
33458,DKK,cong-nghe-ky-thuat-co-dien-tu,X03,Điểm học bạ,2025,25.0,Công nghệ kỹ thuật cơ điện tử (CS Nam Định)
33459,DKK,cong-nghe-ky-thuat-co-dien-tu,X05,Điểm học bạ,2025,25.0,Công nghệ kỹ thuật cơ điện tử (CS Nam Định)
33460,DKK,cong-nghe-ky-thuat-co-dien-tu,X06,Điểm học bạ,2025,25.0,Công nghệ kỹ thuật cơ điện tử (CS Nam Định)
33461,DKK,cong-nghe-ky-thuat-co-dien-tu,X07,Điểm học bạ,2025,25.0,Công nghệ kỹ thuật cơ điện tử (CS Nam Định)
33462,DKK,cong-nghe-ky-thuat-co-dien-tu,X10,Điểm học bạ,2025,25.0,Công nghệ kỹ thuật cơ điện tử (CS Nam Định)
33463,DKK,cong-nghe-ky-thuat-co-dien-tu,X11,Điểm học bạ,2025,25.0,Công nghệ kỹ thuật cơ điện tử (CS Nam Định)
33464,DKK,cong-nghe-ky-thuat-co-dien-tu,X14,Điểm học bạ,2025,25.0,Công nghệ kỹ thuật cơ điện tử (CS Nam Định)
33465,DKK,cong-nghe-ky-thuat-co-dien-tu,X15,Điểm học bạ,2025,25.0,Công nghệ kỹ thuật cơ điện tử (CS Nam Định)
33466,DKK,cong-nghe-ky-thuat-co-dien-tu,X26,Điểm học bạ,2025,25.0,Công nghệ kỹ thuật cơ điện tử (CS Nam Định)
33467,DKK,cong-nghe-ky-thuat-co-dien-tu,X27,Điểm học bạ,2025,25.0,Công nghệ kỹ thuật cơ điện tử (CS Nam Định)
33468,DKK,cong-nghe-ky-thuat-co-dien-tu,X56,Điểm học bạ,2025,25.0,Công nghệ kỹ thuật cơ điện tử (CS Nam Định)
33469,DKK,cong-nghe-ky-thuat-co-dien-tu,A00,Điểm thi THPT,2025,22.0,Công nghệ kỹ thuật cơ điện tử (CS Nam Định)
33470,DKK,cong-nghe-ky-thuat-co-dien-tu,A01,Điểm thi THPT,2025,22.0,Công nghệ kỹ thuật cơ điện tử (CS Nam Định)
33471,DKK,cong-nghe-ky-thuat-co-dien-tu,A02,Điểm thi THPT,2025,22.0,Công nghệ kỹ thuật cơ điện tử (CS Nam Định)
33472,DKK,cong-nghe-ky-thuat-co-dien-tu,A03,Điểm thi THPT,2025,22.0,Công nghệ kỹ thuật cơ điện tử (CS Nam Định)
33473,DKK,cong-nghe-ky-thuat-co-dien-tu,B00,Điểm thi THPT,2025,22.0,Công nghệ kỹ thuật cơ điện tử (CS Nam Định)
33474,DKK,cong-nghe-ky-thuat-co-dien-tu,C01,Điểm thi THPT,2025,22.0,Công nghệ kỹ thuật cơ điện tử (CS Nam Định)
33475,DKK,cong-nghe-ky-thuat-co-dien-tu,C02,Điểm thi THPT,2025,22.0,Công nghệ kỹ thuật cơ điện tử (CS Nam Định)
33476,DKK,cong-nghe-ky-thuat-co-dien-tu,D01,Điểm thi THPT,2025,22.0,Công nghệ kỹ thuật cơ điện tử (CS Nam Định)
33477,DKK,cong-nghe-ky-thuat-co-dien-tu,D07,Điểm thi THPT,2025,22.0,Công nghệ kỹ thuật cơ điện tử (CS Nam Định)
33478,DKK,cong-nghe-ky-thuat-co-dien-tu,X02,Điểm thi THPT,2025,22.0,Công nghệ kỹ thuật cơ điện tử (CS Nam Định)
33479,DKK,cong-nghe-ky-thuat-co-dien-tu,X03,Điểm thi THPT,2025,22.0,Công nghệ kỹ thuật cơ điện tử (CS Nam Định)
33480,DKK,cong-nghe-ky-thuat-co-dien-tu,X05,Điểm thi THPT,2025,22.0,Công nghệ kỹ thuật cơ điện tử (CS Nam Định)
33481,DKK,cong-nghe-ky-thuat-co-dien-tu,X06,Điểm thi THPT,2025,22.0,Công nghệ kỹ thuật cơ điện tử (CS Nam Định)
33482,DKK,cong-nghe-ky-thuat-co-dien-tu,X07,Điểm thi THPT,2025,22.0,Công nghệ kỹ thuật cơ điện tử (CS Nam Định)
33483,DKK,cong-nghe-ky-thuat-co-dien-tu,X10,Điểm thi THPT,2025,22.0,Công nghệ kỹ thuật cơ điện tử (CS Nam Định)
33484,DKK,cong-nghe-ky-thuat-co-dien-tu,X11,Điểm thi THPT,2025,22.0,Công nghệ kỹ thuật cơ điện tử (CS Nam Định)
33485,DKK,cong-nghe-ky-thuat-co-dien-tu,X14,Điểm thi THPT,2025,22.0,Công nghệ kỹ thuật cơ điện tử (CS Nam Định)
33486,DKK,cong-nghe-ky-thuat-co-dien-tu,X15,Điểm thi THPT,2025,22.0,Công nghệ kỹ thuật cơ điện tử (CS Nam Định)
33487,DKK,cong-nghe-ky-thuat-co-dien-tu,X26,Điểm thi THPT,2025,22.0,Công nghệ kỹ thuật cơ điện tử (CS Nam Định)
33488,DKK,cong-nghe-ky-thuat-co-dien-tu,X27,Điểm thi THPT,2025,22.0,Công nghệ kỹ thuật cơ điện tử (CS Nam Định)
33489,DKK,cong-nghe-ky-thuat-co-dien-tu,X56,Điểm thi THPT,2025,22.0,Công nghệ kỹ thuật cơ điện tử (CS Nam Định)
33490,DKK,cong-nghe-ky-thuat-co-khi,A00,Điểm học bạ,2023,24.5,Công nghệ kỹ thuật cơ khí
33491,DKK,cong-nghe-ky-thuat-co-khi,A01,Điểm học bạ,2023,24.5,Công nghệ kỹ thuật cơ khí
33492,DKK,cong-nghe-ky-thuat-co-khi,C01,Điểm học bạ,2023,24.5,Công nghệ kỹ thuật cơ khí
33493,DKK,cong-nghe-ky-thuat-co-khi,D01,Điểm học bạ,2023,24.5,Công nghệ kỹ thuật cơ khí
33494,DKK,cong-nghe-ky-thuat-co-khi,A00,Điểm thi THPT,2023,22.0,Công nghệ kỹ thuật cơ khí
33495,DKK,cong-nghe-ky-thuat-co-khi,A01,Điểm thi THPT,2023,22.0,Công nghệ kỹ thuật cơ khí
33496,DKK,cong-nghe-ky-thuat-co-khi,C01,Điểm thi THPT,2023,22.0,Công nghệ kỹ thuật cơ khí
33497,DKK,cong-nghe-ky-thuat-co-khi,D01,Điểm thi THPT,2023,22.0,Công nghệ kỹ thuật cơ khí
33498,DKK,cong-nghe-ky-thuat-co-khi,A00,Điểm học bạ,2024,24.8,Công nghệ kỹ thuật cơ khí
33499,DKK,cong-nghe-ky-thuat-co-khi,A01,Điểm học bạ,2024,24.8,Công nghệ kỹ thuật cơ khí
33500,DKK,cong-nghe-ky-thuat-co-khi,C01,Điểm học bạ,2024,24.8,Công nghệ kỹ thuật cơ khí
33501,DKK,cong-nghe-ky-thuat-co-khi,D01,Điểm học bạ,2024,24.8,Công nghệ kỹ thuật cơ khí
33502,DKK,cong-nghe-ky-thuat-co-khi,A00,Điểm thi THPT,2024,22.8,Công nghệ kỹ thuật cơ khí
33503,DKK,cong-nghe-ky-thuat-co-khi,A01,Điểm thi THPT,2024,22.8,Công nghệ kỹ thuật cơ khí
33504,DKK,cong-nghe-ky-thuat-co-khi,C01,Điểm thi THPT,2024,22.8,Công nghệ kỹ thuật cơ khí
33505,DKK,cong-nghe-ky-thuat-co-khi,D01,Điểm thi THPT,2024,22.8,Công nghệ kỹ thuật cơ khí
33506,DKK,cong-nghe-ky-thuat-co-khi,A00,Điểm học bạ,2025,25.0,Công nghệ kỹ thuật cơ khí (CS Nam Định)
33507,DKK,cong-nghe-ky-thuat-co-khi,A01,Điểm học bạ,2025,25.0,Công nghệ kỹ thuật cơ khí (CS Nam Định)
33508,DKK,cong-nghe-ky-thuat-co-khi,A02,Điểm học bạ,2025,25.0,Công nghệ kỹ thuật cơ khí (CS Nam Định)
33509,DKK,cong-nghe-ky-thuat-co-khi,A03,Điểm học bạ,2025,25.0,Công nghệ kỹ thuật cơ khí (CS Nam Định)
33510,DKK,cong-nghe-ky-thuat-co-khi,B00,Điểm học bạ,2025,25.0,Công nghệ kỹ thuật cơ khí (CS Nam Định)
33511,DKK,cong-nghe-ky-thuat-co-khi,C01,Điểm học bạ,2025,25.0,Công nghệ kỹ thuật cơ khí (CS Nam Định)
33512,DKK,cong-nghe-ky-thuat-co-khi,C02,Điểm học bạ,2025,25.0,Công nghệ kỹ thuật cơ khí (CS Nam Định)
33513,DKK,cong-nghe-ky-thuat-co-khi,D01,Điểm học bạ,2025,25.0,Công nghệ kỹ thuật cơ khí (CS Nam Định)
33514,DKK,cong-nghe-ky-thuat-co-khi,D07,Điểm học bạ,2025,25.0,Công nghệ kỹ thuật cơ khí (CS Nam Định)
33515,DKK,cong-nghe-ky-thuat-co-khi,X02,Điểm học bạ,2025,25.0,Công nghệ kỹ thuật cơ khí (CS Nam Định)
33516,DKK,cong-nghe-ky-thuat-co-khi,X03,Điểm học bạ,2025,25.0,Công nghệ kỹ thuật cơ khí (CS Nam Định)
33517,DKK,cong-nghe-ky-thuat-co-khi,X05,Điểm học bạ,2025,25.0,Công nghệ kỹ thuật cơ khí (CS Nam Định)
33518,DKK,cong-nghe-ky-thuat-co-khi,X06,Điểm học bạ,2025,25.0,Công nghệ kỹ thuật cơ khí (CS Nam Định)
33519,DKK,cong-nghe-ky-thuat-co-khi,X07,Điểm học bạ,2025,25.0,Công nghệ kỹ thuật cơ khí (CS Nam Định)
33520,DKK,cong-nghe-ky-thuat-co-khi,X10,Điểm học bạ,2025,25.0,Công nghệ kỹ thuật cơ khí (CS Nam Định)
33521,DKK,cong-nghe-ky-thuat-co-khi,X11,Điểm học bạ,2025,25.0,Công nghệ kỹ thuật cơ khí (CS Nam Định)
33522,DKK,cong-nghe-ky-thuat-co-khi,X14,Điểm học bạ,2025,25.0,Công nghệ kỹ thuật cơ khí (CS Nam Định)
33523,DKK,cong-nghe-ky-thuat-co-khi,X15,Điểm học bạ,2025,25.0,Công nghệ kỹ thuật cơ khí (CS Nam Định)
33524,DKK,cong-nghe-ky-thuat-co-khi,X26,Điểm học bạ,2025,25.0,Công nghệ kỹ thuật cơ khí (CS Nam Định)
33525,DKK,cong-nghe-ky-thuat-co-khi,X27,Điểm học bạ,2025,25.0,Công nghệ kỹ thuật cơ khí (CS Nam Định)
33526,DKK,cong-nghe-ky-thuat-co-khi,X56,Điểm học bạ,2025,25.0,Công nghệ kỹ thuật cơ khí (CS Nam Định)
33527,DKK,cong-nghe-ky-thuat-co-khi,A00,Điểm thi THPT,2025,22.0,Công nghệ kỹ thuật cơ khí (CS Nam Định)
33528,DKK,cong-nghe-ky-thuat-co-khi,A01,Điểm thi THPT,2025,22.0,Công nghệ kỹ thuật cơ khí (CS Nam Định)
33529,DKK,cong-nghe-ky-thuat-co-khi,A02,Điểm thi THPT,2025,22.0,Công nghệ kỹ thuật cơ khí (CS Nam Định)
33530,DKK,cong-nghe-ky-thuat-co-khi,A03,Điểm thi THPT,2025,22.0,Công nghệ kỹ thuật cơ khí (CS Nam Định)
33531,DKK,cong-nghe-ky-thuat-co-khi,B00,Điểm thi THPT,2025,22.0,Công nghệ kỹ thuật cơ khí (CS Nam Định)
33532,DKK,cong-nghe-ky-thuat-co-khi,C01,Điểm thi THPT,2025,22.0,Công nghệ kỹ thuật cơ khí (CS Nam Định)
33533,DKK,cong-nghe-ky-thuat-co-khi,C02,Điểm thi THPT,2025,22.0,Công nghệ kỹ thuật cơ khí (CS Nam Định)
33534,DKK,cong-nghe-ky-thuat-co-khi,D01,Điểm thi THPT,2025,22.0,Công nghệ kỹ thuật cơ khí (CS Nam Định)
33535,DKK,cong-nghe-ky-thuat-co-khi,D07,Điểm thi THPT,2025,22.0,Công nghệ kỹ thuật cơ khí (CS Nam Định)
33536,DKK,cong-nghe-ky-thuat-co-khi,X02,Điểm thi THPT,2025,22.0,Công nghệ kỹ thuật cơ khí (CS Nam Định)
33537,DKK,cong-nghe-ky-thuat-co-khi,X03,Điểm thi THPT,2025,22.0,Công nghệ kỹ thuật cơ khí (CS Nam Định)
33538,DKK,cong-nghe-ky-thuat-co-khi,X05,Điểm thi THPT,2025,22.0,Công nghệ kỹ thuật cơ khí (CS Nam Định)
33539,DKK,cong-nghe-ky-thuat-co-khi,X06,Điểm thi THPT,2025,22.0,Công nghệ kỹ thuật cơ khí (CS Nam Định)
33540,DKK,cong-nghe-ky-thuat-co-khi,X07,Điểm thi THPT,2025,22.0,Công nghệ kỹ thuật cơ khí (CS Nam Định)
33541,DKK,cong-nghe-ky-thuat-co-khi,X10,Điểm thi THPT,2025,22.0,Công nghệ kỹ thuật cơ khí (CS Nam Định)
33542,DKK,cong-nghe-ky-thuat-co-khi,X11,Điểm thi THPT,2025,22.0,Công nghệ kỹ thuật cơ khí (CS Nam Định)
33543,DKK,cong-nghe-ky-thuat-co-khi,X14,Điểm thi THPT,2025,22.0,Công nghệ kỹ thuật cơ khí (CS Nam Định)
33544,DKK,cong-nghe-ky-thuat-co-khi,X15,Điểm thi THPT,2025,22.0,Công nghệ kỹ thuật cơ khí (CS Nam Định)
33545,DKK,cong-nghe-ky-thuat-co-khi,X26,Điểm thi THPT,2025,22.0,Công nghệ kỹ thuật cơ khí (CS Nam Định)
33546,DKK,cong-nghe-ky-thuat-co-khi,X27,Điểm thi THPT,2025,22.0,Công nghệ kỹ thuật cơ khí (CS Nam Định)
33547,DKK,cong-nghe-ky-thuat-co-khi,X56,Điểm thi THPT,2025,22.0,Công nghệ kỹ thuật cơ khí (CS Nam Định)
33548,DKK,cong-nghe-ky-thuat-dien-dien-tu,A00,Điểm học bạ,2023,24.5,"Công nghệ kỹ thuật điện, điện tử"
33549,DKK,cong-nghe-ky-thuat-dien-dien-tu,A01,Điểm học bạ,2023,24.5,"Công nghệ kỹ thuật điện, điện tử"
33550,DKK,cong-nghe-ky-thuat-dien-dien-tu,C01,Điểm học bạ,2023,24.5,"Công nghệ kỹ thuật điện, điện tử"
33551,DKK,cong-nghe-ky-thuat-dien-dien-tu,D01,Điểm học bạ,2023,24.5,"Công nghệ kỹ thuật điện, điện tử"
33552,DKK,cong-nghe-ky-thuat-dien-dien-tu,A00,Điểm thi THPT,2023,22.2,"Công nghệ kỹ thuật điện, điện tử"
33553,DKK,cong-nghe-ky-thuat-dien-dien-tu,A01,Điểm thi THPT,2023,22.2,"Công nghệ kỹ thuật điện, điện tử"
33554,DKK,cong-nghe-ky-thuat-dien-dien-tu,C01,Điểm thi THPT,2023,22.2,"Công nghệ kỹ thuật điện, điện tử"
33555,DKK,cong-nghe-ky-thuat-dien-dien-tu,D01,Điểm thi THPT,2023,22.2,"Công nghệ kỹ thuật điện, điện tử"
33556,DKK,cong-nghe-ky-thuat-dien-dien-tu,A00,Điểm học bạ,2024,25.0,"Công nghệ kỹ thuật điện, điện tử"
33557,DKK,cong-nghe-ky-thuat-dien-dien-tu,A01,Điểm học bạ,2024,25.0,"Công nghệ kỹ thuật điện, điện tử"
33558,DKK,cong-nghe-ky-thuat-dien-dien-tu,C01,Điểm học bạ,2024,25.0,"Công nghệ kỹ thuật điện, điện tử"
33559,DKK,cong-nghe-ky-thuat-dien-dien-tu,D01,Điểm học bạ,2024,25.0,"Công nghệ kỹ thuật điện, điện tử"
33560,DKK,cong-nghe-ky-thuat-dien-dien-tu,A00,Điểm thi THPT,2024,23.0,"Công nghệ kỹ thuật điện, điện tử"
33561,DKK,cong-nghe-ky-thuat-dien-dien-tu,A01,Điểm thi THPT,2024,23.0,"Công nghệ kỹ thuật điện, điện tử"
33562,DKK,cong-nghe-ky-thuat-dien-dien-tu,C01,Điểm thi THPT,2024,23.0,"Công nghệ kỹ thuật điện, điện tử"
33563,DKK,cong-nghe-ky-thuat-dien-dien-tu,D01,Điểm thi THPT,2024,23.0,"Công nghệ kỹ thuật điện, điện tử"
33564,DKK,cong-nghe-ky-thuat-dien-dien-tu,A00,Điểm học bạ,2025,25.0,"Công nghệ kỹ thuật điện, điện tử (CS Nam Định)"
33565,DKK,cong-nghe-ky-thuat-dien-dien-tu,A01,Điểm học bạ,2025,25.0,"Công nghệ kỹ thuật điện, điện tử (CS Nam Định)"
33566,DKK,cong-nghe-ky-thuat-dien-dien-tu,A02,Điểm học bạ,2025,25.0,"Công nghệ kỹ thuật điện, điện tử (CS Nam Định)"
33567,DKK,cong-nghe-ky-thuat-dien-dien-tu,A03,Điểm học bạ,2025,25.0,"Công nghệ kỹ thuật điện, điện tử (CS Nam Định)"
33568,DKK,cong-nghe-ky-thuat-dien-dien-tu,B00,Điểm học bạ,2025,25.0,"Công nghệ kỹ thuật điện, điện tử (CS Nam Định)"
33569,DKK,cong-nghe-ky-thuat-dien-dien-tu,C01,Điểm học bạ,2025,25.0,"Công nghệ kỹ thuật điện, điện tử (CS Nam Định)"
33570,DKK,cong-nghe-ky-thuat-dien-dien-tu,C02,Điểm học bạ,2025,25.0,"Công nghệ kỹ thuật điện, điện tử (CS Nam Định)"
33571,DKK,cong-nghe-ky-thuat-dien-dien-tu,D01,Điểm học bạ,2025,25.0,"Công nghệ kỹ thuật điện, điện tử (CS Nam Định)"
33572,DKK,cong-nghe-ky-thuat-dien-dien-tu,D07,Điểm học bạ,2025,25.0,"Công nghệ kỹ thuật điện, điện tử (CS Nam Định)"
33573,DKK,cong-nghe-ky-thuat-dien-dien-tu,X02,Điểm học bạ,2025,25.0,"Công nghệ kỹ thuật điện, điện tử (CS Nam Định)"
33574,DKK,cong-nghe-ky-thuat-dien-dien-tu,X03,Điểm học bạ,2025,25.0,"Công nghệ kỹ thuật điện, điện tử (CS Nam Định)"
33575,DKK,cong-nghe-ky-thuat-dien-dien-tu,X05,Điểm học bạ,2025,25.0,"Công nghệ kỹ thuật điện, điện tử (CS Nam Định)"
33576,DKK,cong-nghe-ky-thuat-dien-dien-tu,X06,Điểm học bạ,2025,25.0,"Công nghệ kỹ thuật điện, điện tử (CS Nam Định)"
33577,DKK,cong-nghe-ky-thuat-dien-dien-tu,X07,Điểm học bạ,2025,25.0,"Công nghệ kỹ thuật điện, điện tử (CS Nam Định)"
33578,DKK,cong-nghe-ky-thuat-dien-dien-tu,X10,Điểm học bạ,2025,25.0,"Công nghệ kỹ thuật điện, điện tử (CS Nam Định)"
33579,DKK,cong-nghe-ky-thuat-dien-dien-tu,X11,Điểm học bạ,2025,25.0,"Công nghệ kỹ thuật điện, điện tử (CS Nam Định)"
33580,DKK,cong-nghe-ky-thuat-dien-dien-tu,X14,Điểm học bạ,2025,25.0,"Công nghệ kỹ thuật điện, điện tử (CS Nam Định)"
33581,DKK,cong-nghe-ky-thuat-dien-dien-tu,X15,Điểm học bạ,2025,25.0,"Công nghệ kỹ thuật điện, điện tử (CS Nam Định)"
33582,DKK,cong-nghe-ky-thuat-dien-dien-tu,X26,Điểm học bạ,2025,25.0,"Công nghệ kỹ thuật điện, điện tử (CS Nam Định)"
33583,DKK,cong-nghe-ky-thuat-dien-dien-tu,X27,Điểm học bạ,2025,25.0,"Công nghệ kỹ thuật điện, điện tử (CS Nam Định)"
33584,DKK,cong-nghe-ky-thuat-dien-dien-tu,X56,Điểm học bạ,2025,25.0,"Công nghệ kỹ thuật điện, điện tử (CS Nam Định)"
33585,DKK,cong-nghe-ky-thuat-dien-dien-tu,A00,Điểm thi THPT,2025,22.0,"Công nghệ kỹ thuật điện, điện tử (CS Nam Định)"
33586,DKK,cong-nghe-ky-thuat-dien-dien-tu,A01,Điểm thi THPT,2025,22.0,"Công nghệ kỹ thuật điện, điện tử (CS Nam Định)"
33587,DKK,cong-nghe-ky-thuat-dien-dien-tu,A02,Điểm thi THPT,2025,22.0,"Công nghệ kỹ thuật điện, điện tử (CS Nam Định)"
33588,DKK,cong-nghe-ky-thuat-dien-dien-tu,A03,Điểm thi THPT,2025,22.0,"Công nghệ kỹ thuật điện, điện tử (CS Nam Định)"
33589,DKK,cong-nghe-ky-thuat-dien-dien-tu,B00,Điểm thi THPT,2025,22.0,"Công nghệ kỹ thuật điện, điện tử (CS Nam Định)"
33590,DKK,cong-nghe-ky-thuat-dien-dien-tu,C01,Điểm thi THPT,2025,22.0,"Công nghệ kỹ thuật điện, điện tử (CS Nam Định)"
33591,DKK,cong-nghe-ky-thuat-dien-dien-tu,C02,Điểm thi THPT,2025,22.0,"Công nghệ kỹ thuật điện, điện tử (CS Nam Định)"
33592,DKK,cong-nghe-ky-thuat-dien-dien-tu,D01,Điểm thi THPT,2025,22.0,"Công nghệ kỹ thuật điện, điện tử (CS Nam Định)"
33593,DKK,cong-nghe-ky-thuat-dien-dien-tu,D07,Điểm thi THPT,2025,22.0,"Công nghệ kỹ thuật điện, điện tử (CS Nam Định)"
33594,DKK,cong-nghe-ky-thuat-dien-dien-tu,X02,Điểm thi THPT,2025,22.0,"Công nghệ kỹ thuật điện, điện tử (CS Nam Định)"
33595,DKK,cong-nghe-ky-thuat-dien-dien-tu,X03,Điểm thi THPT,2025,22.0,"Công nghệ kỹ thuật điện, điện tử (CS Nam Định)"
33596,DKK,cong-nghe-ky-thuat-dien-dien-tu,X05,Điểm thi THPT,2025,22.0,"Công nghệ kỹ thuật điện, điện tử (CS Nam Định)"
33597,DKK,cong-nghe-ky-thuat-dien-dien-tu,X06,Điểm thi THPT,2025,22.0,"Công nghệ kỹ thuật điện, điện tử (CS Nam Định)"
33598,DKK,cong-nghe-ky-thuat-dien-dien-tu,X07,Điểm thi THPT,2025,22.0,"Công nghệ kỹ thuật điện, điện tử (CS Nam Định)"
33599,DKK,cong-nghe-ky-thuat-dien-dien-tu,X10,Điểm thi THPT,2025,22.0,"Công nghệ kỹ thuật điện, điện tử (CS Nam Định)"
33600,DKK,cong-nghe-ky-thuat-dien-dien-tu,X11,Điểm thi THPT,2025,22.0,"Công nghệ kỹ thuật điện, điện tử (CS Nam Định)"
33601,DKK,cong-nghe-ky-thuat-dien-dien-tu,X14,Điểm thi THPT,2025,22.0,"Công nghệ kỹ thuật điện, điện tử (CS Nam Định)"
33602,DKK,cong-nghe-ky-thuat-dien-dien-tu,X15,Điểm thi THPT,2025,22.0,"Công nghệ kỹ thuật điện, điện tử (CS Nam Định)"
33603,DKK,cong-nghe-ky-thuat-dien-dien-tu,X26,Điểm thi THPT,2025,22.0,"Công nghệ kỹ thuật điện, điện tử (CS Nam Định)"
33604,DKK,cong-nghe-ky-thuat-dien-dien-tu,X27,Điểm thi THPT,2025,22.0,"Công nghệ kỹ thuật điện, điện tử (CS Nam Định)"
33605,DKK,cong-nghe-ky-thuat-dien-dien-tu,X56,Điểm thi THPT,2025,22.0,"Công nghệ kỹ thuật điện, điện tử (CS Nam Định)"
33606,DKK,cong-nghe-ky-thuat-dien-tu-vien-thong,A00,Điểm học bạ,2023,24.5,Công nghệ kỹ thuật điện tử - viễn thông
33607,DKK,cong-nghe-ky-thuat-dien-tu-vien-thong,A01,Điểm học bạ,2023,24.5,Công nghệ kỹ thuật điện tử - viễn thông
33608,DKK,cong-nghe-ky-thuat-dien-tu-vien-thong,C01,Điểm học bạ,2023,24.5,Công nghệ kỹ thuật điện tử - viễn thông
33609,DKK,cong-nghe-ky-thuat-dien-tu-vien-thong,D01,Điểm học bạ,2023,24.5,Công nghệ kỹ thuật điện tử - viễn thông
33610,DKK,cong-nghe-ky-thuat-dien-tu-vien-thong,A00,Điểm thi THPT,2023,22.2,Công nghệ kỹ thuật điện tử - viễn thông
33611,DKK,cong-nghe-ky-thuat-dien-tu-vien-thong,A01,Điểm thi THPT,2023,22.2,Công nghệ kỹ thuật điện tử - viễn thông
33612,DKK,cong-nghe-ky-thuat-dien-tu-vien-thong,C01,Điểm thi THPT,2023,22.2,Công nghệ kỹ thuật điện tử - viễn thông
33613,DKK,cong-nghe-ky-thuat-dien-tu-vien-thong,D01,Điểm thi THPT,2023,22.2,Công nghệ kỹ thuật điện tử - viễn thông
33614,DKK,cong-nghe-ky-thuat-dien-tu-vien-thong,A00,Điểm học bạ,2024,25.0,Công nghệ kỹ thuật điện tử - viễn thông
33615,DKK,cong-nghe-ky-thuat-dien-tu-vien-thong,A01,Điểm học bạ,2024,25.0,Công nghệ kỹ thuật điện tử - viễn thông
33616,DKK,cong-nghe-ky-thuat-dien-tu-vien-thong,C01,Điểm học bạ,2024,25.0,Công nghệ kỹ thuật điện tử - viễn thông
33617,DKK,cong-nghe-ky-thuat-dien-tu-vien-thong,D01,Điểm học bạ,2024,25.0,Công nghệ kỹ thuật điện tử - viễn thông
33618,DKK,cong-nghe-ky-thuat-dien-tu-vien-thong,A00,Điểm thi THPT,2024,23.0,Công nghệ kỹ thuật điện tử - viễn thông
33619,DKK,cong-nghe-ky-thuat-dien-tu-vien-thong,A01,Điểm thi THPT,2024,23.0,Công nghệ kỹ thuật điện tử - viễn thông
33620,DKK,cong-nghe-ky-thuat-dien-tu-vien-thong,C01,Điểm thi THPT,2024,23.0,Công nghệ kỹ thuật điện tử - viễn thông
33621,DKK,cong-nghe-ky-thuat-dien-tu-vien-thong,D01,Điểm thi THPT,2024,23.0,Công nghệ kỹ thuật điện tử - viễn thông
33622,DKK,cong-nghe-ky-thuat-dien-tu-vien-thong,A00,Điểm học bạ,2025,23.31,Công nghệ kỹ thuật điện tử - viễn thông (CS Nam Định)
33623,DKK,cong-nghe-ky-thuat-dien-tu-vien-thong,A01,Điểm học bạ,2025,23.31,Công nghệ kỹ thuật điện tử - viễn thông (CS Nam Định)
33624,DKK,cong-nghe-ky-thuat-dien-tu-vien-thong,A02,Điểm học bạ,2025,23.31,Công nghệ kỹ thuật điện tử - viễn thông (CS Nam Định)
33625,DKK,cong-nghe-ky-thuat-dien-tu-vien-thong,A03,Điểm học bạ,2025,23.31,Công nghệ kỹ thuật điện tử - viễn thông (CS Nam Định)
33626,DKK,cong-nghe-ky-thuat-dien-tu-vien-thong,B00,Điểm học bạ,2025,23.31,Công nghệ kỹ thuật điện tử - viễn thông (CS Nam Định)
33627,DKK,cong-nghe-ky-thuat-dien-tu-vien-thong,C01,Điểm học bạ,2025,23.31,Công nghệ kỹ thuật điện tử - viễn thông (CS Nam Định)
33628,DKK,cong-nghe-ky-thuat-dien-tu-vien-thong,C02,Điểm học bạ,2025,23.31,Công nghệ kỹ thuật điện tử - viễn thông (CS Nam Định)
33629,DKK,cong-nghe-ky-thuat-dien-tu-vien-thong,D01,Điểm học bạ,2025,23.31,Công nghệ kỹ thuật điện tử - viễn thông (CS Nam Định)
33630,DKK,cong-nghe-ky-thuat-dien-tu-vien-thong,D07,Điểm học bạ,2025,23.31,Công nghệ kỹ thuật điện tử - viễn thông (CS Nam Định)
33631,DKK,cong-nghe-ky-thuat-dien-tu-vien-thong,X02,Điểm học bạ,2025,23.31,Công nghệ kỹ thuật điện tử - viễn thông (CS Nam Định)
33632,DKK,cong-nghe-ky-thuat-dien-tu-vien-thong,X03,Điểm học bạ,2025,23.31,Công nghệ kỹ thuật điện tử - viễn thông (CS Nam Định)
33633,DKK,cong-nghe-ky-thuat-dien-tu-vien-thong,X05,Điểm học bạ,2025,23.31,Công nghệ kỹ thuật điện tử - viễn thông (CS Nam Định)
33634,DKK,cong-nghe-ky-thuat-dien-tu-vien-thong,X06,Điểm học bạ,2025,23.31,Công nghệ kỹ thuật điện tử - viễn thông (CS Nam Định)
33635,DKK,cong-nghe-ky-thuat-dien-tu-vien-thong,X07,Điểm học bạ,2025,23.31,Công nghệ kỹ thuật điện tử - viễn thông (CS Nam Định)
33636,DKK,cong-nghe-ky-thuat-dien-tu-vien-thong,X10,Điểm học bạ,2025,23.31,Công nghệ kỹ thuật điện tử - viễn thông (CS Nam Định)
33637,DKK,cong-nghe-ky-thuat-dien-tu-vien-thong,X11,Điểm học bạ,2025,23.31,Công nghệ kỹ thuật điện tử - viễn thông (CS Nam Định)
33638,DKK,cong-nghe-ky-thuat-dien-tu-vien-thong,X14,Điểm học bạ,2025,23.31,Công nghệ kỹ thuật điện tử - viễn thông (CS Nam Định)
33639,DKK,cong-nghe-ky-thuat-dien-tu-vien-thong,X15,Điểm học bạ,2025,23.31,Công nghệ kỹ thuật điện tử - viễn thông (CS Nam Định)
33640,DKK,cong-nghe-ky-thuat-dien-tu-vien-thong,X26,Điểm học bạ,2025,23.31,Công nghệ kỹ thuật điện tử - viễn thông (CS Nam Định)
33641,DKK,cong-nghe-ky-thuat-dien-tu-vien-thong,X27,Điểm học bạ,2025,23.31,Công nghệ kỹ thuật điện tử - viễn thông (CS Nam Định)
33642,DKK,cong-nghe-ky-thuat-dien-tu-vien-thong,X56,Điểm học bạ,2025,23.31,Công nghệ kỹ thuật điện tử - viễn thông (CS Nam Định)
33643,DKK,cong-nghe-ky-thuat-dien-tu-vien-thong,A00,Điểm thi THPT,2025,20.5,Công nghệ kỹ thuật điện tử - viễn thông (CS Nam Định)
33644,DKK,cong-nghe-ky-thuat-dien-tu-vien-thong,A01,Điểm thi THPT,2025,20.5,Công nghệ kỹ thuật điện tử - viễn thông (CS Nam Định)
33645,DKK,cong-nghe-ky-thuat-dien-tu-vien-thong,A02,Điểm thi THPT,2025,20.5,Công nghệ kỹ thuật điện tử - viễn thông (CS Nam Định)
33646,DKK,cong-nghe-ky-thuat-dien-tu-vien-thong,A03,Điểm thi THPT,2025,20.5,Công nghệ kỹ thuật điện tử - viễn thông (CS Nam Định)
33647,DKK,cong-nghe-ky-thuat-dien-tu-vien-thong,B00,Điểm thi THPT,2025,20.5,Công nghệ kỹ thuật điện tử - viễn thông (CS Nam Định)
33648,DKK,cong-nghe-ky-thuat-dien-tu-vien-thong,C01,Điểm thi THPT,2025,20.5,Công nghệ kỹ thuật điện tử - viễn thông (CS Nam Định)
33649,DKK,cong-nghe-ky-thuat-dien-tu-vien-thong,C02,Điểm thi THPT,2025,20.5,Công nghệ kỹ thuật điện tử - viễn thông (CS Nam Định)
33650,DKK,cong-nghe-ky-thuat-dien-tu-vien-thong,D01,Điểm thi THPT,2025,20.5,Công nghệ kỹ thuật điện tử - viễn thông (CS Nam Định)
33651,DKK,cong-nghe-ky-thuat-dien-tu-vien-thong,D07,Điểm thi THPT,2025,20.5,Công nghệ kỹ thuật điện tử - viễn thông (CS Nam Định)
33652,DKK,cong-nghe-ky-thuat-dien-tu-vien-thong,X02,Điểm thi THPT,2025,20.5,Công nghệ kỹ thuật điện tử - viễn thông (CS Nam Định)
33653,DKK,cong-nghe-ky-thuat-dien-tu-vien-thong,X03,Điểm thi THPT,2025,20.5,Công nghệ kỹ thuật điện tử - viễn thông (CS Nam Định)
33654,DKK,cong-nghe-ky-thuat-dien-tu-vien-thong,X05,Điểm thi THPT,2025,20.5,Công nghệ kỹ thuật điện tử - viễn thông (CS Nam Định)
33655,DKK,cong-nghe-ky-thuat-dien-tu-vien-thong,X06,Điểm thi THPT,2025,20.5,Công nghệ kỹ thuật điện tử - viễn thông (CS Nam Định)
33656,DKK,cong-nghe-ky-thuat-dien-tu-vien-thong,X07,Điểm thi THPT,2025,20.5,Công nghệ kỹ thuật điện tử - viễn thông (CS Nam Định)
33657,DKK,cong-nghe-ky-thuat-dien-tu-vien-thong,X10,Điểm thi THPT,2025,20.5,Công nghệ kỹ thuật điện tử - viễn thông (CS Nam Định)
33658,DKK,cong-nghe-ky-thuat-dien-tu-vien-thong,X11,Điểm thi THPT,2025,20.5,Công nghệ kỹ thuật điện tử - viễn thông (CS Nam Định)
33659,DKK,cong-nghe-ky-thuat-dien-tu-vien-thong,X14,Điểm thi THPT,2025,20.5,Công nghệ kỹ thuật điện tử - viễn thông (CS Nam Định)
33660,DKK,cong-nghe-ky-thuat-dien-tu-vien-thong,X15,Điểm thi THPT,2025,20.5,Công nghệ kỹ thuật điện tử - viễn thông (CS Nam Định)
33661,DKK,cong-nghe-ky-thuat-dien-tu-vien-thong,X26,Điểm thi THPT,2025,20.5,Công nghệ kỹ thuật điện tử - viễn thông (CS Nam Định)
33662,DKK,cong-nghe-ky-thuat-dien-tu-vien-thong,X27,Điểm thi THPT,2025,20.5,Công nghệ kỹ thuật điện tử - viễn thông (CS Nam Định)
33663,DKK,cong-nghe-ky-thuat-dien-tu-vien-thong,X56,Điểm thi THPT,2025,20.5,Công nghệ kỹ thuật điện tử - viễn thông (CS Nam Định)
33664,DKK,cong-nghe-ky-thuat-dieu-khien-va-tu-dong-hoa,A00,Điểm học bạ,2025,25.44,Công nghệ kỹ thuật điều khiển và tự động hóa (CS Nam Định)
33665,DKK,cong-nghe-ky-thuat-dieu-khien-va-tu-dong-hoa,A01,Điểm học bạ,2025,25.44,Công nghệ kỹ thuật điều khiển và tự động hóa (CS Nam Định)
33666,DKK,cong-nghe-ky-thuat-dieu-khien-va-tu-dong-hoa,A02,Điểm học bạ,2025,25.44,Công nghệ kỹ thuật điều khiển và tự động hóa (CS Nam Định)
33667,DKK,cong-nghe-ky-thuat-dieu-khien-va-tu-dong-hoa,A03,Điểm học bạ,2025,25.44,Công nghệ kỹ thuật điều khiển và tự động hóa (CS Nam Định)
33668,DKK,cong-nghe-ky-thuat-dieu-khien-va-tu-dong-hoa,B00,Điểm học bạ,2025,25.44,Công nghệ kỹ thuật điều khiển và tự động hóa (CS Nam Định)
33669,DKK,cong-nghe-ky-thuat-dieu-khien-va-tu-dong-hoa,C01,Điểm học bạ,2025,25.44,Công nghệ kỹ thuật điều khiển và tự động hóa (CS Nam Định)
33670,DKK,cong-nghe-ky-thuat-dieu-khien-va-tu-dong-hoa,C02,Điểm học bạ,2025,25.44,Công nghệ kỹ thuật điều khiển và tự động hóa (CS Nam Định)
33671,DKK,cong-nghe-ky-thuat-dieu-khien-va-tu-dong-hoa,D01,Điểm học bạ,2025,25.44,Công nghệ kỹ thuật điều khiển và tự động hóa (CS Nam Định)
33672,DKK,cong-nghe-ky-thuat-dieu-khien-va-tu-dong-hoa,D07,Điểm học bạ,2025,25.44,Công nghệ kỹ thuật điều khiển và tự động hóa (CS Nam Định)
33673,DKK,cong-nghe-ky-thuat-dieu-khien-va-tu-dong-hoa,X02,Điểm học bạ,2025,25.44,Công nghệ kỹ thuật điều khiển và tự động hóa (CS Nam Định)
33674,DKK,cong-nghe-ky-thuat-dieu-khien-va-tu-dong-hoa,X03,Điểm học bạ,2025,25.44,Công nghệ kỹ thuật điều khiển và tự động hóa (CS Nam Định)
33675,DKK,cong-nghe-ky-thuat-dieu-khien-va-tu-dong-hoa,X05,Điểm học bạ,2025,25.44,Công nghệ kỹ thuật điều khiển và tự động hóa (CS Nam Định)
33676,DKK,cong-nghe-ky-thuat-dieu-khien-va-tu-dong-hoa,X06,Điểm học bạ,2025,25.44,Công nghệ kỹ thuật điều khiển và tự động hóa (CS Nam Định)
33677,DKK,cong-nghe-ky-thuat-dieu-khien-va-tu-dong-hoa,X07,Điểm học bạ,2025,25.44,Công nghệ kỹ thuật điều khiển và tự động hóa (CS Nam Định)
33678,DKK,cong-nghe-ky-thuat-dieu-khien-va-tu-dong-hoa,X10,Điểm học bạ,2025,25.44,Công nghệ kỹ thuật điều khiển và tự động hóa (CS Nam Định)
33679,DKK,cong-nghe-ky-thuat-dieu-khien-va-tu-dong-hoa,X11,Điểm học bạ,2025,25.44,Công nghệ kỹ thuật điều khiển và tự động hóa (CS Nam Định)
33680,DKK,cong-nghe-ky-thuat-dieu-khien-va-tu-dong-hoa,X14,Điểm học bạ,2025,25.44,Công nghệ kỹ thuật điều khiển và tự động hóa (CS Nam Định)
33681,DKK,cong-nghe-ky-thuat-dieu-khien-va-tu-dong-hoa,X15,Điểm học bạ,2025,25.44,Công nghệ kỹ thuật điều khiển và tự động hóa (CS Nam Định)
33682,DKK,cong-nghe-ky-thuat-dieu-khien-va-tu-dong-hoa,X26,Điểm học bạ,2025,25.44,Công nghệ kỹ thuật điều khiển và tự động hóa (CS Nam Định)
33683,DKK,cong-nghe-ky-thuat-dieu-khien-va-tu-dong-hoa,X27,Điểm học bạ,2025,25.44,Công nghệ kỹ thuật điều khiển và tự động hóa (CS Nam Định)
33684,DKK,cong-nghe-ky-thuat-dieu-khien-va-tu-dong-hoa,X56,Điểm học bạ,2025,25.44,Công nghệ kỹ thuật điều khiển và tự động hóa (CS Nam Định)
33685,DKK,cong-nghe-ky-thuat-dieu-khien-va-tu-dong-hoa,A00,Điểm thi THPT,2025,22.5,Công nghệ kỹ thuật điều khiển và tự động hóa (CS Nam Định)
33686,DKK,cong-nghe-ky-thuat-dieu-khien-va-tu-dong-hoa,A01,Điểm thi THPT,2025,22.5,Công nghệ kỹ thuật điều khiển và tự động hóa (CS Nam Định)
33687,DKK,cong-nghe-ky-thuat-dieu-khien-va-tu-dong-hoa,A02,Điểm thi THPT,2025,22.5,Công nghệ kỹ thuật điều khiển và tự động hóa (CS Nam Định)
33688,DKK,cong-nghe-ky-thuat-dieu-khien-va-tu-dong-hoa,A03,Điểm thi THPT,2025,22.5,Công nghệ kỹ thuật điều khiển và tự động hóa (CS Nam Định)
33689,DKK,cong-nghe-ky-thuat-dieu-khien-va-tu-dong-hoa,B00,Điểm thi THPT,2025,22.5,Công nghệ kỹ thuật điều khiển và tự động hóa (CS Nam Định)
33690,DKK,cong-nghe-ky-thuat-dieu-khien-va-tu-dong-hoa,C01,Điểm thi THPT,2025,22.5,Công nghệ kỹ thuật điều khiển và tự động hóa (CS Nam Định)
33691,DKK,cong-nghe-ky-thuat-dieu-khien-va-tu-dong-hoa,C02,Điểm thi THPT,2025,22.5,Công nghệ kỹ thuật điều khiển và tự động hóa (CS Nam Định)
33692,DKK,cong-nghe-ky-thuat-dieu-khien-va-tu-dong-hoa,D01,Điểm thi THPT,2025,22.5,Công nghệ kỹ thuật điều khiển và tự động hóa (CS Nam Định)
33693,DKK,cong-nghe-ky-thuat-dieu-khien-va-tu-dong-hoa,D07,Điểm thi THPT,2025,22.5,Công nghệ kỹ thuật điều khiển và tự động hóa (CS Nam Định)
33694,DKK,cong-nghe-ky-thuat-dieu-khien-va-tu-dong-hoa,X02,Điểm thi THPT,2025,22.5,Công nghệ kỹ thuật điều khiển và tự động hóa (CS Nam Định)
33695,DKK,cong-nghe-ky-thuat-dieu-khien-va-tu-dong-hoa,X03,Điểm thi THPT,2025,22.5,Công nghệ kỹ thuật điều khiển và tự động hóa (CS Nam Định)
33696,DKK,cong-nghe-ky-thuat-dieu-khien-va-tu-dong-hoa,X05,Điểm thi THPT,2025,22.5,Công nghệ kỹ thuật điều khiển và tự động hóa (CS Nam Định)
33697,DKK,cong-nghe-ky-thuat-dieu-khien-va-tu-dong-hoa,X06,Điểm thi THPT,2025,22.5,Công nghệ kỹ thuật điều khiển và tự động hóa (CS Nam Định)
33698,DKK,cong-nghe-ky-thuat-dieu-khien-va-tu-dong-hoa,X07,Điểm thi THPT,2025,22.5,Công nghệ kỹ thuật điều khiển và tự động hóa (CS Nam Định)
33699,DKK,cong-nghe-ky-thuat-dieu-khien-va-tu-dong-hoa,X10,Điểm thi THPT,2025,22.5,Công nghệ kỹ thuật điều khiển và tự động hóa (CS Nam Định)
33700,DKK,cong-nghe-ky-thuat-dieu-khien-va-tu-dong-hoa,X11,Điểm thi THPT,2025,22.5,Công nghệ kỹ thuật điều khiển và tự động hóa (CS Nam Định)
33701,DKK,cong-nghe-ky-thuat-dieu-khien-va-tu-dong-hoa,X14,Điểm thi THPT,2025,22.5,Công nghệ kỹ thuật điều khiển và tự động hóa (CS Nam Định)
33702,DKK,cong-nghe-ky-thuat-dieu-khien-va-tu-dong-hoa,X15,Điểm thi THPT,2025,22.5,Công nghệ kỹ thuật điều khiển và tự động hóa (CS Nam Định)
33703,DKK,cong-nghe-ky-thuat-dieu-khien-va-tu-dong-hoa,X26,Điểm thi THPT,2025,22.5,Công nghệ kỹ thuật điều khiển và tự động hóa (CS Nam Định)
33704,DKK,cong-nghe-ky-thuat-dieu-khien-va-tu-dong-hoa,X27,Điểm thi THPT,2025,22.5,Công nghệ kỹ thuật điều khiển và tự động hóa (CS Nam Định)
33705,DKK,cong-nghe-ky-thuat-dieu-khien-va-tu-dong-hoa,X56,Điểm thi THPT,2025,22.5,Công nghệ kỹ thuật điều khiển và tự động hóa (CS Nam Định)
33706,DKK,cong-nghe-ky-thuat-may-tinh,A00,Điểm học bạ,2021,21.5,Công nghệ kỹ thuật máy tính
33707,DKK,cong-nghe-ky-thuat-may-tinh,A01,Điểm học bạ,2021,21.5,Công nghệ kỹ thuật máy tính
33708,DKK,cong-nghe-ky-thuat-may-tinh,C01,Điểm học bạ,2021,21.5,Công nghệ kỹ thuật máy tính
33709,DKK,cong-nghe-ky-thuat-may-tinh,D01,Điểm học bạ,2021,21.5,Công nghệ kỹ thuật máy tính
33710,DKK,cong-nghe-ky-thuat-may-tinh,A00,Điểm thi THPT,2021,19.75,Công nghệ kỹ thuật máy tính
33711,DKK,cong-nghe-ky-thuat-may-tinh,A01,Điểm thi THPT,2021,19.75,Công nghệ kỹ thuật máy tính
33712,DKK,cong-nghe-ky-thuat-may-tinh,C01,Điểm thi THPT,2021,19.75,Công nghệ kỹ thuật máy tính
33713,DKK,cong-nghe-ky-thuat-may-tinh,D01,Điểm thi THPT,2021,19.75,Công nghệ kỹ thuật máy tính
33714,DKK,cong-nghe-ky-thuat-may-tinh,A00,Điểm học bạ,2023,24.5,Công nghệ kỹ thuật máy tính
33715,DKK,cong-nghe-ky-thuat-may-tinh,A01,Điểm học bạ,2023,24.5,Công nghệ kỹ thuật máy tính
33716,DKK,cong-nghe-ky-thuat-may-tinh,C01,Điểm học bạ,2023,24.5,Công nghệ kỹ thuật máy tính
33717,DKK,cong-nghe-ky-thuat-may-tinh,D01,Điểm học bạ,2023,24.5,Công nghệ kỹ thuật máy tính
33718,DKK,cong-nghe-ky-thuat-may-tinh,A00,Điểm thi THPT,2023,22.5,Công nghệ kỹ thuật máy tính
33719,DKK,cong-nghe-ky-thuat-may-tinh,A01,Điểm thi THPT,2023,22.5,Công nghệ kỹ thuật máy tính
33720,DKK,cong-nghe-ky-thuat-may-tinh,C01,Điểm thi THPT,2023,22.5,Công nghệ kỹ thuật máy tính
33721,DKK,cong-nghe-ky-thuat-may-tinh,D01,Điểm thi THPT,2023,22.5,Công nghệ kỹ thuật máy tính
33722,DKK,cong-nghe-ky-thuat-may-tinh,A00,Điểm học bạ,2024,24.8,Công nghệ kỹ thuật máy tính
33723,DKK,cong-nghe-ky-thuat-may-tinh,A01,Điểm học bạ,2024,24.8,Công nghệ kỹ thuật máy tính
33724,DKK,cong-nghe-ky-thuat-may-tinh,C01,Điểm học bạ,2024,24.8,Công nghệ kỹ thuật máy tính
33725,DKK,cong-nghe-ky-thuat-may-tinh,D01,Điểm học bạ,2024,24.8,Công nghệ kỹ thuật máy tính
33726,DKK,cong-nghe-ky-thuat-may-tinh,A00,Điểm thi THPT,2024,22.8,Công nghệ kỹ thuật máy tính
33727,DKK,cong-nghe-ky-thuat-may-tinh,A01,Điểm thi THPT,2024,22.8,Công nghệ kỹ thuật máy tính
33728,DKK,cong-nghe-ky-thuat-may-tinh,C01,Điểm thi THPT,2024,22.8,Công nghệ kỹ thuật máy tính
33729,DKK,cong-nghe-ky-thuat-may-tinh,D01,Điểm thi THPT,2024,22.8,Công nghệ kỹ thuật máy tính
33730,DKK,cong-nghe-ky-thuat-may-tinh,A00,Điểm học bạ,2025,23.31,Công nghệ kỹ thuật máy tính (CS Nam Định)
33731,DKK,cong-nghe-ky-thuat-may-tinh,A01,Điểm học bạ,2025,23.31,Công nghệ kỹ thuật máy tính (CS Nam Định)
33732,DKK,cong-nghe-ky-thuat-may-tinh,A02,Điểm học bạ,2025,23.31,Công nghệ kỹ thuật máy tính (CS Nam Định)
33733,DKK,cong-nghe-ky-thuat-may-tinh,A03,Điểm học bạ,2025,23.31,Công nghệ kỹ thuật máy tính (CS Nam Định)
33734,DKK,cong-nghe-ky-thuat-may-tinh,B00,Điểm học bạ,2025,23.31,Công nghệ kỹ thuật máy tính (CS Nam Định)
33735,DKK,cong-nghe-ky-thuat-may-tinh,C01,Điểm học bạ,2025,23.31,Công nghệ kỹ thuật máy tính (CS Nam Định)
33736,DKK,cong-nghe-ky-thuat-may-tinh,C02,Điểm học bạ,2025,23.31,Công nghệ kỹ thuật máy tính (CS Nam Định)
33737,DKK,cong-nghe-ky-thuat-may-tinh,D01,Điểm học bạ,2025,23.31,Công nghệ kỹ thuật máy tính (CS Nam Định)
33738,DKK,cong-nghe-ky-thuat-may-tinh,D07,Điểm học bạ,2025,23.31,Công nghệ kỹ thuật máy tính (CS Nam Định)
33739,DKK,cong-nghe-ky-thuat-may-tinh,X02,Điểm học bạ,2025,23.31,Công nghệ kỹ thuật máy tính (CS Nam Định)
33740,DKK,cong-nghe-ky-thuat-may-tinh,X03,Điểm học bạ,2025,23.31,Công nghệ kỹ thuật máy tính (CS Nam Định)
33741,DKK,cong-nghe-ky-thuat-may-tinh,X05,Điểm học bạ,2025,23.31,Công nghệ kỹ thuật máy tính (CS Nam Định)
33742,DKK,cong-nghe-ky-thuat-may-tinh,X06,Điểm học bạ,2025,23.31,Công nghệ kỹ thuật máy tính (CS Nam Định)
33743,DKK,cong-nghe-ky-thuat-may-tinh,X07,Điểm học bạ,2025,23.31,Công nghệ kỹ thuật máy tính (CS Nam Định)
33744,DKK,cong-nghe-ky-thuat-may-tinh,X10,Điểm học bạ,2025,23.31,Công nghệ kỹ thuật máy tính (CS Nam Định)
33745,DKK,cong-nghe-ky-thuat-may-tinh,X11,Điểm học bạ,2025,23.31,Công nghệ kỹ thuật máy tính (CS Nam Định)
33746,DKK,cong-nghe-ky-thuat-may-tinh,X14,Điểm học bạ,2025,23.31,Công nghệ kỹ thuật máy tính (CS Nam Định)
33747,DKK,cong-nghe-ky-thuat-may-tinh,X15,Điểm học bạ,2025,23.31,Công nghệ kỹ thuật máy tính (CS Nam Định)
33748,DKK,cong-nghe-ky-thuat-may-tinh,X26,Điểm học bạ,2025,23.31,Công nghệ kỹ thuật máy tính (CS Nam Định)
33749,DKK,cong-nghe-ky-thuat-may-tinh,X27,Điểm học bạ,2025,23.31,Công nghệ kỹ thuật máy tính (CS Nam Định)
33750,DKK,cong-nghe-ky-thuat-may-tinh,X56,Điểm học bạ,2025,23.31,Công nghệ kỹ thuật máy tính (CS Nam Định)
33751,DKK,cong-nghe-ky-thuat-may-tinh,A00,Điểm thi THPT,2025,20.5,Công nghệ kỹ thuật máy tính (CS Nam Định)
33752,DKK,cong-nghe-ky-thuat-may-tinh,A01,Điểm thi THPT,2025,20.5,Công nghệ kỹ thuật máy tính (CS Nam Định)
33753,DKK,cong-nghe-ky-thuat-may-tinh,A02,Điểm thi THPT,2025,20.5,Công nghệ kỹ thuật máy tính (CS Nam Định)
33754,DKK,cong-nghe-ky-thuat-may-tinh,A03,Điểm thi THPT,2025,20.5,Công nghệ kỹ thuật máy tính (CS Nam Định)
33755,DKK,cong-nghe-ky-thuat-may-tinh,B00,Điểm thi THPT,2025,20.5,Công nghệ kỹ thuật máy tính (CS Nam Định)
33756,DKK,cong-nghe-ky-thuat-may-tinh,C01,Điểm thi THPT,2025,20.5,Công nghệ kỹ thuật máy tính (CS Nam Định)
33757,DKK,cong-nghe-ky-thuat-may-tinh,C02,Điểm thi THPT,2025,20.5,Công nghệ kỹ thuật máy tính (CS Nam Định)
33758,DKK,cong-nghe-ky-thuat-may-tinh,D01,Điểm thi THPT,2025,20.5,Công nghệ kỹ thuật máy tính (CS Nam Định)
33759,DKK,cong-nghe-ky-thuat-may-tinh,D07,Điểm thi THPT,2025,20.5,Công nghệ kỹ thuật máy tính (CS Nam Định)
33760,DKK,cong-nghe-ky-thuat-may-tinh,X02,Điểm thi THPT,2025,20.5,Công nghệ kỹ thuật máy tính (CS Nam Định)
33761,DKK,cong-nghe-ky-thuat-may-tinh,X03,Điểm thi THPT,2025,20.5,Công nghệ kỹ thuật máy tính (CS Nam Định)
33762,DKK,cong-nghe-ky-thuat-may-tinh,X05,Điểm thi THPT,2025,20.5,Công nghệ kỹ thuật máy tính (CS Nam Định)
33763,DKK,cong-nghe-ky-thuat-may-tinh,X06,Điểm thi THPT,2025,20.5,Công nghệ kỹ thuật máy tính (CS Nam Định)
33764,DKK,cong-nghe-ky-thuat-may-tinh,X07,Điểm thi THPT,2025,20.5,Công nghệ kỹ thuật máy tính (CS Nam Định)
33765,DKK,cong-nghe-ky-thuat-may-tinh,X10,Điểm thi THPT,2025,20.5,Công nghệ kỹ thuật máy tính (CS Nam Định)
33766,DKK,cong-nghe-ky-thuat-may-tinh,X11,Điểm thi THPT,2025,20.5,Công nghệ kỹ thuật máy tính (CS Nam Định)
33767,DKK,cong-nghe-ky-thuat-may-tinh,X14,Điểm thi THPT,2025,20.5,Công nghệ kỹ thuật máy tính (CS Nam Định)
33768,DKK,cong-nghe-ky-thuat-may-tinh,X15,Điểm thi THPT,2025,20.5,Công nghệ kỹ thuật máy tính (CS Nam Định)
33769,DKK,cong-nghe-ky-thuat-may-tinh,X26,Điểm thi THPT,2025,20.5,Công nghệ kỹ thuật máy tính (CS Nam Định)
33770,DKK,cong-nghe-ky-thuat-may-tinh,X27,Điểm thi THPT,2025,20.5,Công nghệ kỹ thuật máy tính (CS Nam Định)
33771,DKK,cong-nghe-ky-thuat-may-tinh,X56,Điểm thi THPT,2025,20.5,Công nghệ kỹ thuật máy tính (CS Nam Định)
33772,DKK,cong-nghe-ky-thuat-o-to,A00,Điểm thi THPT,2021,20.5,Ngành Công nghệ kỹ thuật Ô tô
33773,DKK,cong-nghe-ky-thuat-o-to,A01,Điểm thi THPT,2021,20.5,Ngành Công nghệ kỹ thuật Ô tô
33774,DKK,cong-nghe-ky-thuat-o-to,C01,Điểm thi THPT,2021,20.5,Ngành Công nghệ kỹ thuật Ô tô
33775,DKK,cong-nghe-ky-thuat-o-to,D01,Điểm thi THPT,2021,20.5,Ngành Công nghệ kỹ thuật Ô tô
33776,DKK,cong-nghe-ky-thuat-o-to,A00,Điểm học bạ,2023,25.5,Công nghệ kỹ thuật Ô tô
33777,DKK,cong-nghe-ky-thuat-o-to,A01,Điểm học bạ,2023,25.5,Công nghệ kỹ thuật Ô tô
33778,DKK,cong-nghe-ky-thuat-o-to,C01,Điểm học bạ,2023,25.5,Công nghệ kỹ thuật Ô tô
33779,DKK,cong-nghe-ky-thuat-o-to,D01,Điểm học bạ,2023,25.5,Công nghệ kỹ thuật Ô tô
33780,DKK,cong-nghe-ky-thuat-o-to,A00,Điểm thi THPT,2023,23.0,Công nghệ kỹ thuật Ô tô
33781,DKK,cong-nghe-ky-thuat-o-to,A01,Điểm thi THPT,2023,23.0,Công nghệ kỹ thuật Ô tô
33782,DKK,cong-nghe-ky-thuat-o-to,C01,Điểm thi THPT,2023,23.0,Công nghệ kỹ thuật Ô tô
33783,DKK,cong-nghe-ky-thuat-o-to,D01,Điểm thi THPT,2023,23.0,Công nghệ kỹ thuật Ô tô
33784,DKK,cong-nghe-ky-thuat-o-to,A00,Điểm học bạ,2024,25.8,Công nghệ kỹ thuật Ô tô
33785,DKK,cong-nghe-ky-thuat-o-to,A01,Điểm học bạ,2024,25.8,Công nghệ kỹ thuật Ô tô
33786,DKK,cong-nghe-ky-thuat-o-to,C01,Điểm học bạ,2024,25.8,Công nghệ kỹ thuật Ô tô
33787,DKK,cong-nghe-ky-thuat-o-to,D01,Điểm học bạ,2024,25.8,Công nghệ kỹ thuật Ô tô
33788,DKK,cong-nghe-ky-thuat-o-to,A00,Điểm thi THPT,2024,23.8,Công nghệ kỹ thuật Ô tô
33789,DKK,cong-nghe-ky-thuat-o-to,A01,Điểm thi THPT,2024,23.8,Công nghệ kỹ thuật Ô tô
33790,DKK,cong-nghe-ky-thuat-o-to,C01,Điểm thi THPT,2024,23.8,Công nghệ kỹ thuật Ô tô
33791,DKK,cong-nghe-ky-thuat-o-to,D01,Điểm thi THPT,2024,23.8,Công nghệ kỹ thuật Ô tô
33792,DKK,cong-nghe-ky-thuat-o-to,A00,Điểm học bạ,2025,25.44,Công nghệ kỹ thuật ô tô (CS Nam Định)
33793,DKK,cong-nghe-ky-thuat-o-to,A01,Điểm học bạ,2025,25.44,Công nghệ kỹ thuật ô tô (CS Nam Định)
33794,DKK,cong-nghe-ky-thuat-o-to,A02,Điểm học bạ,2025,25.44,Công nghệ kỹ thuật ô tô (CS Nam Định)
33795,DKK,cong-nghe-ky-thuat-o-to,A03,Điểm học bạ,2025,25.44,Công nghệ kỹ thuật ô tô (CS Nam Định)
33796,DKK,cong-nghe-ky-thuat-o-to,B00,Điểm học bạ,2025,25.44,Công nghệ kỹ thuật ô tô (CS Nam Định)
33797,DKK,cong-nghe-ky-thuat-o-to,C01,Điểm học bạ,2025,25.44,Công nghệ kỹ thuật ô tô (CS Nam Định)
33798,DKK,cong-nghe-ky-thuat-o-to,C02,Điểm học bạ,2025,25.44,Công nghệ kỹ thuật ô tô (CS Nam Định)
33799,DKK,cong-nghe-ky-thuat-o-to,D01,Điểm học bạ,2025,25.44,Công nghệ kỹ thuật ô tô (CS Nam Định)
33800,DKK,cong-nghe-ky-thuat-o-to,D07,Điểm học bạ,2025,25.44,Công nghệ kỹ thuật ô tô (CS Nam Định)
33801,DKK,cong-nghe-ky-thuat-o-to,X02,Điểm học bạ,2025,25.44,Công nghệ kỹ thuật ô tô (CS Nam Định)
33802,DKK,cong-nghe-ky-thuat-o-to,X03,Điểm học bạ,2025,25.44,Công nghệ kỹ thuật ô tô (CS Nam Định)
33803,DKK,cong-nghe-ky-thuat-o-to,X05,Điểm học bạ,2025,25.44,Công nghệ kỹ thuật ô tô (CS Nam Định)
33804,DKK,cong-nghe-ky-thuat-o-to,X06,Điểm học bạ,2025,25.44,Công nghệ kỹ thuật ô tô (CS Nam Định)
33805,DKK,cong-nghe-ky-thuat-o-to,X07,Điểm học bạ,2025,25.44,Công nghệ kỹ thuật ô tô (CS Nam Định)
33806,DKK,cong-nghe-ky-thuat-o-to,X10,Điểm học bạ,2025,25.44,Công nghệ kỹ thuật ô tô (CS Nam Định)
33807,DKK,cong-nghe-ky-thuat-o-to,X11,Điểm học bạ,2025,25.44,Công nghệ kỹ thuật ô tô (CS Nam Định)
33808,DKK,cong-nghe-ky-thuat-o-to,X14,Điểm học bạ,2025,25.44,Công nghệ kỹ thuật ô tô (CS Nam Định)
33809,DKK,cong-nghe-ky-thuat-o-to,X15,Điểm học bạ,2025,25.44,Công nghệ kỹ thuật ô tô (CS Nam Định)
33810,DKK,cong-nghe-ky-thuat-o-to,X26,Điểm học bạ,2025,25.44,Công nghệ kỹ thuật ô tô (CS Nam Định)
33811,DKK,cong-nghe-ky-thuat-o-to,X27,Điểm học bạ,2025,25.44,Công nghệ kỹ thuật ô tô (CS Nam Định)
33812,DKK,cong-nghe-ky-thuat-o-to,X56,Điểm học bạ,2025,25.44,Công nghệ kỹ thuật ô tô (CS Nam Định)
33813,DKK,cong-nghe-ky-thuat-o-to,A00,Điểm thi THPT,2025,22.5,Công nghệ kỹ thuật ô tô (CS Nam Định)
33814,DKK,cong-nghe-ky-thuat-o-to,A01,Điểm thi THPT,2025,22.5,Công nghệ kỹ thuật ô tô (CS Nam Định)
33815,DKK,cong-nghe-ky-thuat-o-to,A02,Điểm thi THPT,2025,22.5,Công nghệ kỹ thuật ô tô (CS Nam Định)
33816,DKK,cong-nghe-ky-thuat-o-to,A03,Điểm thi THPT,2025,22.5,Công nghệ kỹ thuật ô tô (CS Nam Định)
33817,DKK,cong-nghe-ky-thuat-o-to,B00,Điểm thi THPT,2025,22.5,Công nghệ kỹ thuật ô tô (CS Nam Định)
33818,DKK,cong-nghe-ky-thuat-o-to,C01,Điểm thi THPT,2025,22.5,Công nghệ kỹ thuật ô tô (CS Nam Định)
33819,DKK,cong-nghe-ky-thuat-o-to,C02,Điểm thi THPT,2025,22.5,Công nghệ kỹ thuật ô tô (CS Nam Định)
33820,DKK,cong-nghe-ky-thuat-o-to,D01,Điểm thi THPT,2025,22.5,Công nghệ kỹ thuật ô tô (CS Nam Định)
33821,DKK,cong-nghe-ky-thuat-o-to,D07,Điểm thi THPT,2025,22.5,Công nghệ kỹ thuật ô tô (CS Nam Định)
33822,DKK,cong-nghe-ky-thuat-o-to,X02,Điểm thi THPT,2025,22.5,Công nghệ kỹ thuật ô tô (CS Nam Định)
33823,DKK,cong-nghe-ky-thuat-o-to,X03,Điểm thi THPT,2025,22.5,Công nghệ kỹ thuật ô tô (CS Nam Định)
33824,DKK,cong-nghe-ky-thuat-o-to,X05,Điểm thi THPT,2025,22.5,Công nghệ kỹ thuật ô tô (CS Nam Định)
33825,DKK,cong-nghe-ky-thuat-o-to,X06,Điểm thi THPT,2025,22.5,Công nghệ kỹ thuật ô tô (CS Nam Định)
33826,DKK,cong-nghe-ky-thuat-o-to,X07,Điểm thi THPT,2025,22.5,Công nghệ kỹ thuật ô tô (CS Nam Định)
33827,DKK,cong-nghe-ky-thuat-o-to,X10,Điểm thi THPT,2025,22.5,Công nghệ kỹ thuật ô tô (CS Nam Định)
33828,DKK,cong-nghe-ky-thuat-o-to,X11,Điểm thi THPT,2025,22.5,Công nghệ kỹ thuật ô tô (CS Nam Định)
33829,DKK,cong-nghe-ky-thuat-o-to,X14,Điểm thi THPT,2025,22.5,Công nghệ kỹ thuật ô tô (CS Nam Định)
33830,DKK,cong-nghe-ky-thuat-o-to,X15,Điểm thi THPT,2025,22.5,Công nghệ kỹ thuật ô tô (CS Nam Định)
33831,DKK,cong-nghe-ky-thuat-o-to,X26,Điểm thi THPT,2025,22.5,Công nghệ kỹ thuật ô tô (CS Nam Định)
33832,DKK,cong-nghe-ky-thuat-o-to,X27,Điểm thi THPT,2025,22.5,Công nghệ kỹ thuật ô tô (CS Nam Định)
33833,DKK,cong-nghe-ky-thuat-o-to,X56,Điểm thi THPT,2025,22.5,Công nghệ kỹ thuật ô tô (CS Nam Định)
33834,DKK,cong-nghe-soi-det,A00,Điểm học bạ,2021,19.0,"Ngành Công nghệ sợi, dệt"
33835,DKK,cong-nghe-soi-det,A01,Điểm học bạ,2021,19.0,"Ngành Công nghệ sợi, dệt"
33836,DKK,cong-nghe-soi-det,C01,Điểm học bạ,2021,19.0,"Ngành Công nghệ sợi, dệt"
33837,DKK,cong-nghe-soi-det,D01,Điểm học bạ,2021,19.0,"Ngành Công nghệ sợi, dệt"
33838,DKK,cong-nghe-soi-det,A00,Điểm thi THPT,2021,18.0,"Ngành Công nghệ sợi, dệt"
33839,DKK,cong-nghe-soi-det,A01,Điểm thi THPT,2021,18.0,"Ngành Công nghệ sợi, dệt"
33840,DKK,cong-nghe-soi-det,C01,Điểm thi THPT,2021,18.0,"Ngành Công nghệ sợi, dệt"
33841,DKK,cong-nghe-soi-det,D01,Điểm thi THPT,2021,18.0,"Ngành Công nghệ sợi, dệt"
33842,DKK,cong-nghe-soi-det,A00,Điểm học bạ,2022,21.0,"Công nghệ sợi, dệt"
33843,DKK,cong-nghe-soi-det,A01,Điểm học bạ,2022,21.0,"Công nghệ sợi, dệt"
33844,DKK,cong-nghe-soi-det,C01,Điểm học bạ,2022,21.0,"Công nghệ sợi, dệt"
33845,DKK,cong-nghe-soi-det,D01,Điểm học bạ,2022,21.0,"Công nghệ sợi, dệt"
33846,DKK,cong-nghe-soi-det,A00,Điểm thi THPT,2022,19.0,"Công nghệ sợi, dệt"
33847,DKK,cong-nghe-soi-det,A01,Điểm thi THPT,2022,19.0,"Công nghệ sợi, dệt"
33848,DKK,cong-nghe-soi-det,C01,Điểm thi THPT,2022,19.0,"Công nghệ sợi, dệt"
33849,DKK,cong-nghe-soi-det,D01,Điểm thi THPT,2022,19.0,"Công nghệ sợi, dệt"
33850,DKK,cong-nghe-soi-det,A00,Điểm học bạ,2023,21.0,"Công nghệ sợi, dệt"
33851,DKK,cong-nghe-soi-det,A01,Điểm học bạ,2023,21.0,"Công nghệ sợi, dệt"
33852,DKK,cong-nghe-soi-det,C01,Điểm học bạ,2023,21.0,"Công nghệ sợi, dệt"
33853,DKK,cong-nghe-soi-det,D01,Điểm học bạ,2023,21.0,"Công nghệ sợi, dệt"
33854,DKK,cong-nghe-soi-det,A00,Điểm thi THPT,2023,19.0,"Công nghệ sợi, dệt"
33855,DKK,cong-nghe-soi-det,A01,Điểm thi THPT,2023,19.0,"Công nghệ sợi, dệt"
33856,DKK,cong-nghe-soi-det,C01,Điểm thi THPT,2023,19.0,"Công nghệ sợi, dệt"
33857,DKK,cong-nghe-soi-det,D01,Điểm thi THPT,2023,19.0,"Công nghệ sợi, dệt"
33858,DKK,cong-nghe-soi-det,A00,Điểm học bạ,2024,21.0,"Công nghệ sợi, dệt"
33859,DKK,cong-nghe-soi-det,A01,Điểm học bạ,2024,21.0,"Công nghệ sợi, dệt"
33860,DKK,cong-nghe-soi-det,C01,Điểm học bạ,2024,21.0,"Công nghệ sợi, dệt"
33861,DKK,cong-nghe-soi-det,D01,Điểm học bạ,2024,21.0,"Công nghệ sợi, dệt"
33862,DKK,cong-nghe-soi-det,A00,Điểm thi THPT,2024,19.0,"Công nghệ sợi, dệt"
33863,DKK,cong-nghe-soi-det,A01,Điểm thi THPT,2024,19.0,"Công nghệ sợi, dệt"
33864,DKK,cong-nghe-soi-det,C01,Điểm thi THPT,2024,19.0,"Công nghệ sợi, dệt"
33865,DKK,cong-nghe-soi-det,D01,Điểm thi THPT,2024,19.0,"Công nghệ sợi, dệt"
33866,DKK,cong-nghe-thong-tin,A00,Điểm học bạ,2021,19.0,Ngành Công nghệ thông tin
33867,DKK,cong-nghe-thong-tin,A01,Điểm học bạ,2021,19.0,Ngành Công nghệ thông tin
33868,DKK,cong-nghe-thong-tin,C01,Điểm học bạ,2021,19.0,Ngành Công nghệ thông tin
33869,DKK,cong-nghe-thong-tin,D01,Điểm học bạ,2021,19.0,Ngành Công nghệ thông tin
33870,DKK,cong-nghe-thong-tin,A00,Điểm thi THPT,2021,18.75,Ngành Công nghệ thông tin
33871,DKK,cong-nghe-thong-tin,A01,Điểm thi THPT,2021,18.75,Ngành Công nghệ thông tin
33872,DKK,cong-nghe-thong-tin,C01,Điểm thi THPT,2021,18.75,Ngành Công nghệ thông tin
33873,DKK,cong-nghe-thong-tin,D01,Điểm thi THPT,2021,18.75,Ngành Công nghệ thông tin
33874,DKK,cong-nghe-thong-tin,A00,Điểm học bạ,2022,25.8,Công nghệ thông tin
33875,DKK,cong-nghe-thong-tin,A01,Điểm học bạ,2022,25.8,Công nghệ thông tin
33876,DKK,cong-nghe-thong-tin,C01,Điểm học bạ,2022,25.8,Công nghệ thông tin
33877,DKK,cong-nghe-thong-tin,D01,Điểm học bạ,2022,25.8,Công nghệ thông tin
33878,DKK,cong-nghe-thong-tin,A00,Điểm thi THPT,2022,24.0,Công nghệ thông tin
33879,DKK,cong-nghe-thong-tin,A01,Điểm thi THPT,2022,24.0,Công nghệ thông tin
33880,DKK,cong-nghe-thong-tin,C01,Điểm thi THPT,2022,24.0,Công nghệ thông tin
33881,DKK,cong-nghe-thong-tin,D01,Điểm thi THPT,2022,24.0,Công nghệ thông tin
33882,DKK,cong-nghe-thong-tin,A00,Điểm học bạ,2023,26.0,Công nghệ thông tin
33883,DKK,cong-nghe-thong-tin,A01,Điểm học bạ,2023,26.0,Công nghệ thông tin
33884,DKK,cong-nghe-thong-tin,C01,Điểm học bạ,2023,26.0,Công nghệ thông tin
33885,DKK,cong-nghe-thong-tin,D01,Điểm học bạ,2023,26.0,Công nghệ thông tin
33886,DKK,cong-nghe-thong-tin,A00,Điểm thi THPT,2023,24.0,Công nghệ thông tin
33887,DKK,cong-nghe-thong-tin,A01,Điểm thi THPT,2023,24.0,Công nghệ thông tin
33888,DKK,cong-nghe-thong-tin,C01,Điểm thi THPT,2023,24.0,Công nghệ thông tin
33889,DKK,cong-nghe-thong-tin,D01,Điểm thi THPT,2023,24.0,Công nghệ thông tin
33890,DKK,cong-nghe-thong-tin,A00,Điểm học bạ,2024,26.0,Công nghệ thông tin
33891,DKK,cong-nghe-thong-tin,A01,Điểm học bạ,2024,26.0,Công nghệ thông tin
33892,DKK,cong-nghe-thong-tin,C01,Điểm học bạ,2024,26.0,Công nghệ thông tin
33893,DKK,cong-nghe-thong-tin,D01,Điểm học bạ,2024,26.0,Công nghệ thông tin
33894,DKK,cong-nghe-thong-tin,A00,Điểm thi THPT,2024,24.0,Công nghệ thông tin
33895,DKK,cong-nghe-thong-tin,A01,Điểm thi THPT,2024,24.0,Công nghệ thông tin
33896,DKK,cong-nghe-thong-tin,C01,Điểm thi THPT,2024,24.0,Công nghệ thông tin
33897,DKK,cong-nghe-thong-tin,D01,Điểm thi THPT,2024,24.0,Công nghệ thông tin
33898,DKK,cong-nghe-thong-tin,A00,Điểm học bạ,2025,25.44,Công nghệ thông tin (CS Nam Định)
33899,DKK,cong-nghe-thong-tin,A01,Điểm học bạ,2025,25.44,Công nghệ thông tin (CS Nam Định)
33900,DKK,cong-nghe-thong-tin,A02,Điểm học bạ,2025,25.44,Công nghệ thông tin (CS Nam Định)
33901,DKK,cong-nghe-thong-tin,A03,Điểm học bạ,2025,25.44,Công nghệ thông tin (CS Nam Định)
33902,DKK,cong-nghe-thong-tin,B00,Điểm học bạ,2025,25.44,Công nghệ thông tin (CS Nam Định)
33903,DKK,cong-nghe-thong-tin,C01,Điểm học bạ,2025,25.44,Công nghệ thông tin (CS Nam Định)
33904,DKK,cong-nghe-thong-tin,C02,Điểm học bạ,2025,25.44,Công nghệ thông tin (CS Nam Định)
33905,DKK,cong-nghe-thong-tin,D01,Điểm học bạ,2025,25.44,Công nghệ thông tin (CS Nam Định)
33906,DKK,cong-nghe-thong-tin,D07,Điểm học bạ,2025,25.44,Công nghệ thông tin (CS Nam Định)
33907,DKK,cong-nghe-thong-tin,X02,Điểm học bạ,2025,25.44,Công nghệ thông tin (CS Nam Định)
33908,DKK,cong-nghe-thong-tin,X03,Điểm học bạ,2025,25.44,Công nghệ thông tin (CS Nam Định)
33909,DKK,cong-nghe-thong-tin,X05,Điểm học bạ,2025,25.44,Công nghệ thông tin (CS Nam Định)
33910,DKK,cong-nghe-thong-tin,X06,Điểm học bạ,2025,25.44,Công nghệ thông tin (CS Nam Định)
33911,DKK,cong-nghe-thong-tin,X07,Điểm học bạ,2025,25.44,Công nghệ thông tin (CS Nam Định)
33912,DKK,cong-nghe-thong-tin,X10,Điểm học bạ,2025,25.44,Công nghệ thông tin (CS Nam Định)
33913,DKK,cong-nghe-thong-tin,X11,Điểm học bạ,2025,25.44,Công nghệ thông tin (CS Nam Định)
33914,DKK,cong-nghe-thong-tin,X14,Điểm học bạ,2025,25.44,Công nghệ thông tin (CS Nam Định)
33915,DKK,cong-nghe-thong-tin,X15,Điểm học bạ,2025,25.44,Công nghệ thông tin (CS Nam Định)
33916,DKK,cong-nghe-thong-tin,X26,Điểm học bạ,2025,25.44,Công nghệ thông tin (CS Nam Định)
33917,DKK,cong-nghe-thong-tin,X27,Điểm học bạ,2025,25.44,Công nghệ thông tin (CS Nam Định)
33918,DKK,cong-nghe-thong-tin,X56,Điểm học bạ,2025,25.44,Công nghệ thông tin (CS Nam Định)
33919,DKK,cong-nghe-thong-tin,A00,Điểm thi THPT,2025,22.5,Công nghệ thông tin (CS Nam Định)
33920,DKK,cong-nghe-thong-tin,A01,Điểm thi THPT,2025,22.5,Công nghệ thông tin (CS Nam Định)
33921,DKK,cong-nghe-thong-tin,A02,Điểm thi THPT,2025,22.5,Công nghệ thông tin (CS Nam Định)
33922,DKK,cong-nghe-thong-tin,A03,Điểm thi THPT,2025,22.5,Công nghệ thông tin (CS Nam Định)
33923,DKK,cong-nghe-thong-tin,B00,Điểm thi THPT,2025,22.5,Công nghệ thông tin (CS Nam Định)
33924,DKK,cong-nghe-thong-tin,C01,Điểm thi THPT,2025,22.5,Công nghệ thông tin (CS Nam Định)
33925,DKK,cong-nghe-thong-tin,C02,Điểm thi THPT,2025,22.5,Công nghệ thông tin (CS Nam Định)
33926,DKK,cong-nghe-thong-tin,D01,Điểm thi THPT,2025,22.5,Công nghệ thông tin (CS Nam Định)
33927,DKK,cong-nghe-thong-tin,D07,Điểm thi THPT,2025,22.5,Công nghệ thông tin (CS Nam Định)
33928,DKK,cong-nghe-thong-tin,X02,Điểm thi THPT,2025,22.5,Công nghệ thông tin (CS Nam Định)
33929,DKK,cong-nghe-thong-tin,X03,Điểm thi THPT,2025,22.5,Công nghệ thông tin (CS Nam Định)
33930,DKK,cong-nghe-thong-tin,X05,Điểm thi THPT,2025,22.5,Công nghệ thông tin (CS Nam Định)
33931,DKK,cong-nghe-thong-tin,X06,Điểm thi THPT,2025,22.5,Công nghệ thông tin (CS Nam Định)
33932,DKK,cong-nghe-thong-tin,X07,Điểm thi THPT,2025,22.5,Công nghệ thông tin (CS Nam Định)
33933,DKK,cong-nghe-thong-tin,X10,Điểm thi THPT,2025,22.5,Công nghệ thông tin (CS Nam Định)
33934,DKK,cong-nghe-thong-tin,X11,Điểm thi THPT,2025,22.5,Công nghệ thông tin (CS Nam Định)
33935,DKK,cong-nghe-thong-tin,X14,Điểm thi THPT,2025,22.5,Công nghệ thông tin (CS Nam Định)
33936,DKK,cong-nghe-thong-tin,X15,Điểm thi THPT,2025,22.5,Công nghệ thông tin (CS Nam Định)
33937,DKK,cong-nghe-thong-tin,X26,Điểm thi THPT,2025,22.5,Công nghệ thông tin (CS Nam Định)
33938,DKK,cong-nghe-thong-tin,X27,Điểm thi THPT,2025,22.5,Công nghệ thông tin (CS Nam Định)
33939,DKK,cong-nghe-thong-tin,X56,Điểm thi THPT,2025,22.5,Công nghệ thông tin (CS Nam Định)
33940,DKK,cong-nghe-thuc-pham,A00,Điểm học bạ,2021,18.0,Ngành Công nghệ thực phẩm
33941,DKK,cong-nghe-thuc-pham,A01,Điểm học bạ,2021,18.0,Ngành Công nghệ thực phẩm
33942,DKK,cong-nghe-thuc-pham,B00,Điểm học bạ,2021,18.0,Ngành Công nghệ thực phẩm
33943,DKK,cong-nghe-thuc-pham,D07,Điểm học bạ,2021,18.0,Ngành Công nghệ thực phẩm
33944,DKK,cong-nghe-thuc-pham,A00,Điểm thi THPT,2021,17.0,Ngành Công nghệ thực phẩm
33945,DKK,cong-nghe-thuc-pham,A01,Điểm thi THPT,2021,17.0,Ngành Công nghệ thực phẩm
33946,DKK,cong-nghe-thuc-pham,B00,Điểm thi THPT,2021,17.0,Ngành Công nghệ thực phẩm
33947,DKK,cong-nghe-thuc-pham,D07,Điểm thi THPT,2021,17.0,Ngành Công nghệ thực phẩm
33948,DKK,cong-nghe-thuc-pham,A00,Điểm học bạ,2022,23.5,Công nghệ thực phẩm
33949,DKK,cong-nghe-thuc-pham,A01,Điểm học bạ,2022,23.5,Công nghệ thực phẩm
33950,DKK,cong-nghe-thuc-pham,B00,Điểm học bạ,2022,23.5,Công nghệ thực phẩm
33951,DKK,cong-nghe-thuc-pham,D07,Điểm học bạ,2022,23.5,Công nghệ thực phẩm
33952,DKK,cong-nghe-thuc-pham,A00,Điểm thi THPT,2022,21.0,Công nghệ thực phẩm
33953,DKK,cong-nghe-thuc-pham,A01,Điểm thi THPT,2022,21.0,Công nghệ thực phẩm
33954,DKK,cong-nghe-thuc-pham,B00,Điểm thi THPT,2022,21.0,Công nghệ thực phẩm
33955,DKK,cong-nghe-thuc-pham,D07,Điểm thi THPT,2022,21.0,Công nghệ thực phẩm
33956,DKK,cong-nghe-thuc-pham,A00,Điểm học bạ,2023,22.5,Công nghệ thực phẩm
33957,DKK,cong-nghe-thuc-pham,A01,Điểm học bạ,2023,22.5,Công nghệ thực phẩm
33958,DKK,cong-nghe-thuc-pham,B00,Điểm học bạ,2023,22.5,Công nghệ thực phẩm
33959,DKK,cong-nghe-thuc-pham,D07,Điểm học bạ,2023,22.5,Công nghệ thực phẩm
33960,DKK,cong-nghe-thuc-pham,A00,Điểm thi THPT,2023,20.0,Công nghệ thực phẩm
33961,DKK,cong-nghe-thuc-pham,A01,Điểm thi THPT,2023,20.0,Công nghệ thực phẩm
33962,DKK,cong-nghe-thuc-pham,B00,Điểm thi THPT,2023,20.0,Công nghệ thực phẩm
33963,DKK,cong-nghe-thuc-pham,D07,Điểm thi THPT,2023,20.0,Công nghệ thực phẩm
33964,DKK,cong-nghe-thuc-pham,A00,Điểm học bạ,2024,22.0,Công nghệ thực phẩm
33965,DKK,cong-nghe-thuc-pham,A01,Điểm học bạ,2024,22.0,Công nghệ thực phẩm
33966,DKK,cong-nghe-thuc-pham,B00,Điểm học bạ,2024,22.0,Công nghệ thực phẩm
33967,DKK,cong-nghe-thuc-pham,D07,Điểm học bạ,2024,22.0,Công nghệ thực phẩm
33968,DKK,cong-nghe-thuc-pham,A00,Điểm thi THPT,2024,20.0,Công nghệ thực phẩm
33969,DKK,cong-nghe-thuc-pham,A01,Điểm thi THPT,2024,20.0,Công nghệ thực phẩm
33970,DKK,cong-nghe-thuc-pham,B00,Điểm thi THPT,2024,20.0,Công nghệ thực phẩm
33971,DKK,cong-nghe-thuc-pham,D07,Điểm thi THPT,2024,20.0,Công nghệ thực phẩm
33972,DKK,cong-nghe-thuc-pham,A00,Điểm học bạ,2025,21.62,Công nghệ thực phẩm (CS Nam Định)
33973,DKK,cong-nghe-thuc-pham,A01,Điểm học bạ,2025,21.62,Công nghệ thực phẩm (CS Nam Định)
33974,DKK,cong-nghe-thuc-pham,A02,Điểm học bạ,2025,21.62,Công nghệ thực phẩm (CS Nam Định)
33975,DKK,cong-nghe-thuc-pham,A03,Điểm học bạ,2025,21.62,Công nghệ thực phẩm (CS Nam Định)
33976,DKK,cong-nghe-thuc-pham,B00,Điểm học bạ,2025,21.62,Công nghệ thực phẩm (CS Nam Định)
33977,DKK,cong-nghe-thuc-pham,C01,Điểm học bạ,2025,21.62,Công nghệ thực phẩm (CS Nam Định)
33978,DKK,cong-nghe-thuc-pham,C02,Điểm học bạ,2025,21.62,Công nghệ thực phẩm (CS Nam Định)
33979,DKK,cong-nghe-thuc-pham,D01,Điểm học bạ,2025,21.62,Công nghệ thực phẩm (CS Nam Định)
33980,DKK,cong-nghe-thuc-pham,D07,Điểm học bạ,2025,21.62,Công nghệ thực phẩm (CS Nam Định)
33981,DKK,cong-nghe-thuc-pham,X02,Điểm học bạ,2025,21.62,Công nghệ thực phẩm (CS Nam Định)
33982,DKK,cong-nghe-thuc-pham,X03,Điểm học bạ,2025,21.62,Công nghệ thực phẩm (CS Nam Định)
33983,DKK,cong-nghe-thuc-pham,X05,Điểm học bạ,2025,21.62,Công nghệ thực phẩm (CS Nam Định)
33984,DKK,cong-nghe-thuc-pham,X06,Điểm học bạ,2025,21.62,Công nghệ thực phẩm (CS Nam Định)
33985,DKK,cong-nghe-thuc-pham,X07,Điểm học bạ,2025,21.62,Công nghệ thực phẩm (CS Nam Định)
33986,DKK,cong-nghe-thuc-pham,X10,Điểm học bạ,2025,21.62,Công nghệ thực phẩm (CS Nam Định)
33987,DKK,cong-nghe-thuc-pham,X11,Điểm học bạ,2025,21.62,Công nghệ thực phẩm (CS Nam Định)
33988,DKK,cong-nghe-thuc-pham,X14,Điểm học bạ,2025,21.62,Công nghệ thực phẩm (CS Nam Định)
33989,DKK,cong-nghe-thuc-pham,X15,Điểm học bạ,2025,21.62,Công nghệ thực phẩm (CS Nam Định)
33990,DKK,cong-nghe-thuc-pham,X26,Điểm học bạ,2025,21.62,Công nghệ thực phẩm (CS Nam Định)
33991,DKK,cong-nghe-thuc-pham,X27,Điểm học bạ,2025,21.62,Công nghệ thực phẩm (CS Nam Định)
33992,DKK,cong-nghe-thuc-pham,X56,Điểm học bạ,2025,21.62,Công nghệ thực phẩm (CS Nam Định)
33993,DKK,cong-nghe-thuc-pham,A00,Điểm thi THPT,2025,19.0,Công nghệ thực phẩm (CS Nam Định)
33994,DKK,cong-nghe-thuc-pham,A01,Điểm thi THPT,2025,19.0,Công nghệ thực phẩm (CS Nam Định)
33995,DKK,cong-nghe-thuc-pham,A02,Điểm thi THPT,2025,19.0,Công nghệ thực phẩm (CS Nam Định)
33996,DKK,cong-nghe-thuc-pham,A03,Điểm thi THPT,2025,19.0,Công nghệ thực phẩm (CS Nam Định)
33997,DKK,cong-nghe-thuc-pham,B00,Điểm thi THPT,2025,19.0,Công nghệ thực phẩm (CS Nam Định)
33998,DKK,cong-nghe-thuc-pham,C01,Điểm thi THPT,2025,19.0,Công nghệ thực phẩm (CS Nam Định)
33999,DKK,cong-nghe-thuc-pham,C02,Điểm thi THPT,2025,19.0,Công nghệ thực phẩm (CS Nam Định)
34000,DKK,cong-nghe-thuc-pham,D01,Điểm thi THPT,2025,19.0,Công nghệ thực phẩm (CS Nam Định)
34001,DKK,cong-nghe-thuc-pham,D07,Điểm thi THPT,2025,19.0,Công nghệ thực phẩm (CS Nam Định)
34002,DKK,cong-nghe-thuc-pham,X02,Điểm thi THPT,2025,19.0,Công nghệ thực phẩm (CS Nam Định)
34003,DKK,cong-nghe-thuc-pham,X03,Điểm thi THPT,2025,19.0,Công nghệ thực phẩm (CS Nam Định)
34004,DKK,cong-nghe-thuc-pham,X05,Điểm thi THPT,2025,19.0,Công nghệ thực phẩm (CS Nam Định)
34005,DKK,cong-nghe-thuc-pham,X06,Điểm thi THPT,2025,19.0,Công nghệ thực phẩm (CS Nam Định)
34006,DKK,cong-nghe-thuc-pham,X07,Điểm thi THPT,2025,19.0,Công nghệ thực phẩm (CS Nam Định)
34007,DKK,cong-nghe-thuc-pham,X10,Điểm thi THPT,2025,19.0,Công nghệ thực phẩm (CS Nam Định)
34008,DKK,cong-nghe-thuc-pham,X11,Điểm thi THPT,2025,19.0,Công nghệ thực phẩm (CS Nam Định)
34009,DKK,cong-nghe-thuc-pham,X14,Điểm thi THPT,2025,19.0,Công nghệ thực phẩm (CS Nam Định)
34010,DKK,cong-nghe-thuc-pham,X15,Điểm thi THPT,2025,19.0,Công nghệ thực phẩm (CS Nam Định)
34011,DKK,cong-nghe-thuc-pham,X26,Điểm thi THPT,2025,19.0,Công nghệ thực phẩm (CS Nam Định)
34012,DKK,cong-nghe-thuc-pham,X27,Điểm thi THPT,2025,19.0,Công nghệ thực phẩm (CS Nam Định)
34013,DKK,cong-nghe-thuc-pham,X56,Điểm thi THPT,2025,19.0,Công nghệ thực phẩm (CS Nam Định)
34014,DKK,cong-nghe-vat-lieu-det-may,A00,Điểm học bạ,2025,22.75,"Công nghệ vật liệu dệt, may (CS Nam Định)"
34015,DKK,cong-nghe-vat-lieu-det-may,A01,Điểm học bạ,2025,22.75,"Công nghệ vật liệu dệt, may (CS Nam Định)"
34016,DKK,cong-nghe-vat-lieu-det-may,A02,Điểm học bạ,2025,22.75,"Công nghệ vật liệu dệt, may (CS Nam Định)"
34017,DKK,cong-nghe-vat-lieu-det-may,A03,Điểm học bạ,2025,22.75,"Công nghệ vật liệu dệt, may (CS Nam Định)"
34018,DKK,cong-nghe-vat-lieu-det-may,B00,Điểm học bạ,2025,22.75,"Công nghệ vật liệu dệt, may (CS Nam Định)"
34019,DKK,cong-nghe-vat-lieu-det-may,C01,Điểm học bạ,2025,22.75,"Công nghệ vật liệu dệt, may (CS Nam Định)"
34020,DKK,cong-nghe-vat-lieu-det-may,C02,Điểm học bạ,2025,22.75,"Công nghệ vật liệu dệt, may (CS Nam Định)"
34021,DKK,cong-nghe-vat-lieu-det-may,D01,Điểm học bạ,2025,22.75,"Công nghệ vật liệu dệt, may (CS Nam Định)"
34022,DKK,cong-nghe-vat-lieu-det-may,D07,Điểm học bạ,2025,22.75,"Công nghệ vật liệu dệt, may (CS Nam Định)"
34023,DKK,cong-nghe-vat-lieu-det-may,X02,Điểm học bạ,2025,22.75,"Công nghệ vật liệu dệt, may (CS Nam Định)"
34024,DKK,cong-nghe-vat-lieu-det-may,X03,Điểm học bạ,2025,22.75,"Công nghệ vật liệu dệt, may (CS Nam Định)"
34025,DKK,cong-nghe-vat-lieu-det-may,X05,Điểm học bạ,2025,22.75,"Công nghệ vật liệu dệt, may (CS Nam Định)"
34026,DKK,cong-nghe-vat-lieu-det-may,X06,Điểm học bạ,2025,22.75,"Công nghệ vật liệu dệt, may (CS Nam Định)"
34027,DKK,cong-nghe-vat-lieu-det-may,X07,Điểm học bạ,2025,22.75,"Công nghệ vật liệu dệt, may (CS Nam Định)"
34028,DKK,cong-nghe-vat-lieu-det-may,X10,Điểm học bạ,2025,22.75,"Công nghệ vật liệu dệt, may (CS Nam Định)"
34029,DKK,cong-nghe-vat-lieu-det-may,X11,Điểm học bạ,2025,22.75,"Công nghệ vật liệu dệt, may (CS Nam Định)"
34030,DKK,cong-nghe-vat-lieu-det-may,X14,Điểm học bạ,2025,22.75,"Công nghệ vật liệu dệt, may (CS Nam Định)"
34031,DKK,cong-nghe-vat-lieu-det-may,X15,Điểm học bạ,2025,22.75,"Công nghệ vật liệu dệt, may (CS Nam Định)"
34032,DKK,cong-nghe-vat-lieu-det-may,X26,Điểm học bạ,2025,22.75,"Công nghệ vật liệu dệt, may (CS Nam Định)"
34033,DKK,cong-nghe-vat-lieu-det-may,X27,Điểm học bạ,2025,22.75,"Công nghệ vật liệu dệt, may (CS Nam Định)"
34034,DKK,cong-nghe-vat-lieu-det-may,X56,Điểm học bạ,2025,22.75,"Công nghệ vật liệu dệt, may (CS Nam Định)"
34035,DKK,cong-nghe-vat-lieu-det-may,A00,Điểm thi THPT,2025,20.0,"Công nghệ vật liệu dệt, may (CS Nam Định)"
34036,DKK,cong-nghe-vat-lieu-det-may,A01,Điểm thi THPT,2025,20.0,"Công nghệ vật liệu dệt, may (CS Nam Định)"
34037,DKK,cong-nghe-vat-lieu-det-may,A02,Điểm thi THPT,2025,20.0,"Công nghệ vật liệu dệt, may (CS Nam Định)"
34038,DKK,cong-nghe-vat-lieu-det-may,A03,Điểm thi THPT,2025,20.0,"Công nghệ vật liệu dệt, may (CS Nam Định)"
34039,DKK,cong-nghe-vat-lieu-det-may,B00,Điểm thi THPT,2025,20.0,"Công nghệ vật liệu dệt, may (CS Nam Định)"
34040,DKK,cong-nghe-vat-lieu-det-may,C01,Điểm thi THPT,2025,20.0,"Công nghệ vật liệu dệt, may (CS Nam Định)"
34041,DKK,cong-nghe-vat-lieu-det-may,C02,Điểm thi THPT,2025,20.0,"Công nghệ vật liệu dệt, may (CS Nam Định)"
34042,DKK,cong-nghe-vat-lieu-det-may,D01,Điểm thi THPT,2025,20.0,"Công nghệ vật liệu dệt, may (CS Nam Định)"
34043,DKK,cong-nghe-vat-lieu-det-may,D07,Điểm thi THPT,2025,20.0,"Công nghệ vật liệu dệt, may (CS Nam Định)"
34044,DKK,cong-nghe-vat-lieu-det-may,X02,Điểm thi THPT,2025,20.0,"Công nghệ vật liệu dệt, may (CS Nam Định)"
34045,DKK,cong-nghe-vat-lieu-det-may,X03,Điểm thi THPT,2025,20.0,"Công nghệ vật liệu dệt, may (CS Nam Định)"
34046,DKK,cong-nghe-vat-lieu-det-may,X05,Điểm thi THPT,2025,20.0,"Công nghệ vật liệu dệt, may (CS Nam Định)"
34047,DKK,cong-nghe-vat-lieu-det-may,X06,Điểm thi THPT,2025,20.0,"Công nghệ vật liệu dệt, may (CS Nam Định)"
34048,DKK,cong-nghe-vat-lieu-det-may,X07,Điểm thi THPT,2025,20.0,"Công nghệ vật liệu dệt, may (CS Nam Định)"
34049,DKK,cong-nghe-vat-lieu-det-may,X10,Điểm thi THPT,2025,20.0,"Công nghệ vật liệu dệt, may (CS Nam Định)"
34050,DKK,cong-nghe-vat-lieu-det-may,X11,Điểm thi THPT,2025,20.0,"Công nghệ vật liệu dệt, may (CS Nam Định)"
34051,DKK,cong-nghe-vat-lieu-det-may,X14,Điểm thi THPT,2025,20.0,"Công nghệ vật liệu dệt, may (CS Nam Định)"
34052,DKK,cong-nghe-vat-lieu-det-may,X15,Điểm thi THPT,2025,20.0,"Công nghệ vật liệu dệt, may (CS Nam Định)"
34053,DKK,cong-nghe-vat-lieu-det-may,X26,Điểm thi THPT,2025,20.0,"Công nghệ vật liệu dệt, may (CS Nam Định)"
34054,DKK,cong-nghe-vat-lieu-det-may,X27,Điểm thi THPT,2025,20.0,"Công nghệ vật liệu dệt, may (CS Nam Định)"
34055,DKK,cong-nghe-vat-lieu-det-may,X56,Điểm thi THPT,2025,20.0,"Công nghệ vật liệu dệt, may (CS Nam Định)"
34056,DKK,dam-bao-chat-luong-va-an-toan-thuc-pham,A00,Điểm học bạ,2025,22.75,Đảm bảo chất lượng và an toàn thực phẩm (CS Nam Định)
34057,DKK,dam-bao-chat-luong-va-an-toan-thuc-pham,A01,Điểm học bạ,2025,22.75,Đảm bảo chất lượng và an toàn thực phẩm (CS Nam Định)
34058,DKK,dam-bao-chat-luong-va-an-toan-thuc-pham,A02,Điểm học bạ,2025,22.75,Đảm bảo chất lượng và an toàn thực phẩm (CS Nam Định)
34059,DKK,dam-bao-chat-luong-va-an-toan-thuc-pham,A03,Điểm học bạ,2025,22.75,Đảm bảo chất lượng và an toàn thực phẩm (CS Nam Định)
34060,DKK,dam-bao-chat-luong-va-an-toan-thuc-pham,B00,Điểm học bạ,2025,22.75,Đảm bảo chất lượng và an toàn thực phẩm (CS Nam Định)
34061,DKK,dam-bao-chat-luong-va-an-toan-thuc-pham,C01,Điểm học bạ,2025,22.75,Đảm bảo chất lượng và an toàn thực phẩm (CS Nam Định)
34062,DKK,dam-bao-chat-luong-va-an-toan-thuc-pham,C02,Điểm học bạ,2025,22.75,Đảm bảo chất lượng và an toàn thực phẩm (CS Nam Định)
34063,DKK,dam-bao-chat-luong-va-an-toan-thuc-pham,D01,Điểm học bạ,2025,22.75,Đảm bảo chất lượng và an toàn thực phẩm (CS Nam Định)
34064,DKK,dam-bao-chat-luong-va-an-toan-thuc-pham,D07,Điểm học bạ,2025,22.75,Đảm bảo chất lượng và an toàn thực phẩm (CS Nam Định)
34065,DKK,dam-bao-chat-luong-va-an-toan-thuc-pham,X02,Điểm học bạ,2025,22.75,Đảm bảo chất lượng và an toàn thực phẩm (CS Nam Định)
34066,DKK,dam-bao-chat-luong-va-an-toan-thuc-pham,X03,Điểm học bạ,2025,22.75,Đảm bảo chất lượng và an toàn thực phẩm (CS Nam Định)
34067,DKK,dam-bao-chat-luong-va-an-toan-thuc-pham,X05,Điểm học bạ,2025,22.75,Đảm bảo chất lượng và an toàn thực phẩm (CS Nam Định)
34068,DKK,dam-bao-chat-luong-va-an-toan-thuc-pham,X06,Điểm học bạ,2025,22.75,Đảm bảo chất lượng và an toàn thực phẩm (CS Nam Định)
34069,DKK,dam-bao-chat-luong-va-an-toan-thuc-pham,X07,Điểm học bạ,2025,22.75,Đảm bảo chất lượng và an toàn thực phẩm (CS Nam Định)
34070,DKK,dam-bao-chat-luong-va-an-toan-thuc-pham,X10,Điểm học bạ,2025,22.75,Đảm bảo chất lượng và an toàn thực phẩm (CS Nam Định)
34071,DKK,dam-bao-chat-luong-va-an-toan-thuc-pham,X11,Điểm học bạ,2025,22.75,Đảm bảo chất lượng và an toàn thực phẩm (CS Nam Định)
34072,DKK,dam-bao-chat-luong-va-an-toan-thuc-pham,X14,Điểm học bạ,2025,22.75,Đảm bảo chất lượng và an toàn thực phẩm (CS Nam Định)
34073,DKK,dam-bao-chat-luong-va-an-toan-thuc-pham,X15,Điểm học bạ,2025,22.75,Đảm bảo chất lượng và an toàn thực phẩm (CS Nam Định)
34074,DKK,dam-bao-chat-luong-va-an-toan-thuc-pham,X26,Điểm học bạ,2025,22.75,Đảm bảo chất lượng và an toàn thực phẩm (CS Nam Định)
34075,DKK,dam-bao-chat-luong-va-an-toan-thuc-pham,X27,Điểm học bạ,2025,22.75,Đảm bảo chất lượng và an toàn thực phẩm (CS Nam Định)
34076,DKK,dam-bao-chat-luong-va-an-toan-thuc-pham,X56,Điểm học bạ,2025,22.75,Đảm bảo chất lượng và an toàn thực phẩm (CS Nam Định)
34077,DKK,dam-bao-chat-luong-va-an-toan-thuc-pham,A00,Điểm thi THPT,2025,20.0,Đảm bảo chất lượng và an toàn thực phẩm (CS Nam Định)
34078,DKK,dam-bao-chat-luong-va-an-toan-thuc-pham,A01,Điểm thi THPT,2025,20.0,Đảm bảo chất lượng và an toàn thực phẩm (CS Nam Định)
34079,DKK,dam-bao-chat-luong-va-an-toan-thuc-pham,A02,Điểm thi THPT,2025,20.0,Đảm bảo chất lượng và an toàn thực phẩm (CS Nam Định)
34080,DKK,dam-bao-chat-luong-va-an-toan-thuc-pham,A03,Điểm thi THPT,2025,20.0,Đảm bảo chất lượng và an toàn thực phẩm (CS Nam Định)
34081,DKK,dam-bao-chat-luong-va-an-toan-thuc-pham,B00,Điểm thi THPT,2025,20.0,Đảm bảo chất lượng và an toàn thực phẩm (CS Nam Định)
34082,DKK,dam-bao-chat-luong-va-an-toan-thuc-pham,C01,Điểm thi THPT,2025,20.0,Đảm bảo chất lượng và an toàn thực phẩm (CS Nam Định)
34083,DKK,dam-bao-chat-luong-va-an-toan-thuc-pham,C02,Điểm thi THPT,2025,20.0,Đảm bảo chất lượng và an toàn thực phẩm (CS Nam Định)
34084,DKK,dam-bao-chat-luong-va-an-toan-thuc-pham,D01,Điểm thi THPT,2025,20.0,Đảm bảo chất lượng và an toàn thực phẩm (CS Nam Định)
34085,DKK,dam-bao-chat-luong-va-an-toan-thuc-pham,D07,Điểm thi THPT,2025,20.0,Đảm bảo chất lượng và an toàn thực phẩm (CS Nam Định)
34086,DKK,dam-bao-chat-luong-va-an-toan-thuc-pham,X02,Điểm thi THPT,2025,20.0,Đảm bảo chất lượng và an toàn thực phẩm (CS Nam Định)
34087,DKK,dam-bao-chat-luong-va-an-toan-thuc-pham,X03,Điểm thi THPT,2025,20.0,Đảm bảo chất lượng và an toàn thực phẩm (CS Nam Định)
34088,DKK,dam-bao-chat-luong-va-an-toan-thuc-pham,X05,Điểm thi THPT,2025,20.0,Đảm bảo chất lượng và an toàn thực phẩm (CS Nam Định)
34089,DKK,dam-bao-chat-luong-va-an-toan-thuc-pham,X06,Điểm thi THPT,2025,20.0,Đảm bảo chất lượng và an toàn thực phẩm (CS Nam Định)
34090,DKK,dam-bao-chat-luong-va-an-toan-thuc-pham,X07,Điểm thi THPT,2025,20.0,Đảm bảo chất lượng và an toàn thực phẩm (CS Nam Định)
34091,DKK,dam-bao-chat-luong-va-an-toan-thuc-pham,X10,Điểm thi THPT,2025,20.0,Đảm bảo chất lượng và an toàn thực phẩm (CS Nam Định)
34092,DKK,dam-bao-chat-luong-va-an-toan-thuc-pham,X11,Điểm thi THPT,2025,20.0,Đảm bảo chất lượng và an toàn thực phẩm (CS Nam Định)
34093,DKK,dam-bao-chat-luong-va-an-toan-thuc-pham,X14,Điểm thi THPT,2025,20.0,Đảm bảo chất lượng và an toàn thực phẩm (CS Nam Định)
34094,DKK,dam-bao-chat-luong-va-an-toan-thuc-pham,X15,Điểm thi THPT,2025,20.0,Đảm bảo chất lượng và an toàn thực phẩm (CS Nam Định)
34095,DKK,dam-bao-chat-luong-va-an-toan-thuc-pham,X26,Điểm thi THPT,2025,20.0,Đảm bảo chất lượng và an toàn thực phẩm (CS Nam Định)
34096,DKK,dam-bao-chat-luong-va-an-toan-thuc-pham,X27,Điểm thi THPT,2025,20.0,Đảm bảo chất lượng và an toàn thực phẩm (CS Nam Định)
34097,DKK,dam-bao-chat-luong-va-an-toan-thuc-pham,X56,Điểm thi THPT,2025,20.0,Đảm bảo chất lượng và an toàn thực phẩm (CS Nam Định)
34098,DKK,ke-toan,A00,Điểm học bạ,2021,21.5,Ngành Kế toán
34099,DKK,ke-toan,A01,Điểm học bạ,2021,21.5,Ngành Kế toán
34100,DKK,ke-toan,C01,Điểm học bạ,2021,21.5,Ngành Kế toán
34101,DKK,ke-toan,D01,Điểm học bạ,2021,21.5,Ngành Kế toán
34102,DKK,ke-toan,A00,Điểm thi THPT,2021,19.25,Ngành Kế toán
34103,DKK,ke-toan,A01,Điểm thi THPT,2021,19.25,Ngành Kế toán
34104,DKK,ke-toan,C01,Điểm thi THPT,2021,19.25,Ngành Kế toán
34105,DKK,ke-toan,D01,Điểm thi THPT,2021,19.25,Ngành Kế toán
34106,DKK,ke-toan,A00,Điểm học bạ,2022,25.0,Kế toán
34107,DKK,ke-toan,A01,Điểm học bạ,2022,25.0,Kế toán
34108,DKK,ke-toan,C01,Điểm học bạ,2022,25.0,Kế toán
34109,DKK,ke-toan,D01,Điểm học bạ,2022,25.0,Kế toán
34110,DKK,ke-toan,A00,Điểm thi THPT,2022,22.5,Kế toán
34111,DKK,ke-toan,A01,Điểm thi THPT,2022,22.5,Kế toán
34112,DKK,ke-toan,C01,Điểm thi THPT,2022,22.5,Kế toán
34113,DKK,ke-toan,D01,Điểm thi THPT,2022,22.5,Kế toán
34114,DKK,ke-toan,A00,Điểm học bạ,2023,25.0,Kế toán
34115,DKK,ke-toan,A01,Điểm học bạ,2023,25.0,Kế toán
34116,DKK,ke-toan,C01,Điểm học bạ,2023,25.0,Kế toán
34117,DKK,ke-toan,D01,Điểm học bạ,2023,25.0,Kế toán
34118,DKK,ke-toan,A00,Điểm thi THPT,2023,22.5,Kế toán
34119,DKK,ke-toan,A01,Điểm thi THPT,2023,22.5,Kế toán
34120,DKK,ke-toan,C01,Điểm thi THPT,2023,22.5,Kế toán
34121,DKK,ke-toan,D01,Điểm thi THPT,2023,22.5,Kế toán
34122,DKK,ke-toan,A00,Điểm học bạ,2024,25.0,Kế toán
34123,DKK,ke-toan,A01,Điểm học bạ,2024,25.0,Kế toán
34124,DKK,ke-toan,C01,Điểm học bạ,2024,25.0,Kế toán
34125,DKK,ke-toan,D01,Điểm học bạ,2024,25.0,Kế toán
34126,DKK,ke-toan,A00,Điểm thi THPT,2024,23.0,Kế toán
34127,DKK,ke-toan,A01,Điểm thi THPT,2024,23.0,Kế toán
34128,DKK,ke-toan,C01,Điểm thi THPT,2024,23.0,Kế toán
34129,DKK,ke-toan,D01,Điểm thi THPT,2024,23.0,Kế toán
34130,DKK,ke-toan,A00,Điểm học bạ,2025,22.75,Kế toán (CS Nam Định)
34131,DKK,ke-toan,A01,Điểm học bạ,2025,22.75,Kế toán (CS Nam Định)
34132,DKK,ke-toan,A03,Điểm học bạ,2025,22.75,Kế toán (CS Nam Định)
34133,DKK,ke-toan,A04,Điểm học bạ,2025,22.75,Kế toán (CS Nam Định)
34134,DKK,ke-toan,C01,Điểm học bạ,2025,22.75,Kế toán (CS Nam Định)
34135,DKK,ke-toan,C03,Điểm học bạ,2025,22.75,Kế toán (CS Nam Định)
34136,DKK,ke-toan,C04,Điểm học bạ,2025,22.75,Kế toán (CS Nam Định)
34137,DKK,ke-toan,D01,Điểm học bạ,2025,22.75,Kế toán (CS Nam Định)
34138,DKK,ke-toan,D07,Điểm học bạ,2025,22.75,Kế toán (CS Nam Định)
34139,DKK,ke-toan,D09,Điểm học bạ,2025,22.75,Kế toán (CS Nam Định)
34140,DKK,ke-toan,D10,Điểm học bạ,2025,22.75,Kế toán (CS Nam Định)
34141,DKK,ke-toan,X01,Điểm học bạ,2025,22.75,Kế toán (CS Nam Định)
34142,DKK,ke-toan,X02,Điểm học bạ,2025,22.75,Kế toán (CS Nam Định)
34143,DKK,ke-toan,X03,Điểm học bạ,2025,22.75,Kế toán (CS Nam Định)
34144,DKK,ke-toan,X05,Điểm học bạ,2025,22.75,Kế toán (CS Nam Định)
34145,DKK,ke-toan,X06,Điểm học bạ,2025,22.75,Kế toán (CS Nam Định)
34146,DKK,ke-toan,X07,Điểm học bạ,2025,22.75,Kế toán (CS Nam Định)
34147,DKK,ke-toan,X25,Điểm học bạ,2025,22.75,Kế toán (CS Nam Định)
34148,DKK,ke-toan,X26,Điểm học bạ,2025,22.75,Kế toán (CS Nam Định)
34149,DKK,ke-toan,X27,Điểm học bạ,2025,22.75,Kế toán (CS Nam Định)
34150,DKK,ke-toan,A00,Điểm thi THPT,2025,20.0,Kế toán (CS Nam Định)
34151,DKK,ke-toan,A01,Điểm thi THPT,2025,20.0,Kế toán (CS Nam Định)
34152,DKK,ke-toan,A03,Điểm thi THPT,2025,20.0,Kế toán (CS Nam Định)
34153,DKK,ke-toan,A04,Điểm thi THPT,2025,20.0,Kế toán (CS Nam Định)
34154,DKK,ke-toan,C01,Điểm thi THPT,2025,20.0,Kế toán (CS Nam Định)
34155,DKK,ke-toan,C03,Điểm thi THPT,2025,20.0,Kế toán (CS Nam Định)
34156,DKK,ke-toan,C04,Điểm thi THPT,2025,20.0,Kế toán (CS Nam Định)
34157,DKK,ke-toan,D01,Điểm thi THPT,2025,20.0,Kế toán (CS Nam Định)
34158,DKK,ke-toan,D07,Điểm thi THPT,2025,20.0,Kế toán (CS Nam Định)
34159,DKK,ke-toan,D09,Điểm thi THPT,2025,20.0,Kế toán (CS Nam Định)
34160,DKK,ke-toan,D10,Điểm thi THPT,2025,20.0,Kế toán (CS Nam Định)
34161,DKK,ke-toan,X01,Điểm thi THPT,2025,20.0,Kế toán (CS Nam Định)
34162,DKK,ke-toan,X02,Điểm thi THPT,2025,20.0,Kế toán (CS Nam Định)
34163,DKK,ke-toan,X03,Điểm thi THPT,2025,20.0,Kế toán (CS Nam Định)
34164,DKK,ke-toan,X05,Điểm thi THPT,2025,20.0,Kế toán (CS Nam Định)
34165,DKK,ke-toan,X06,Điểm thi THPT,2025,20.0,Kế toán (CS Nam Định)
34166,DKK,ke-toan,X07,Điểm thi THPT,2025,20.0,Kế toán (CS Nam Định)
34167,DKK,ke-toan,X25,Điểm thi THPT,2025,20.0,Kế toán (CS Nam Định)
34168,DKK,ke-toan,X26,Điểm thi THPT,2025,20.0,Kế toán (CS Nam Định)
34169,DKK,ke-toan,X27,Điểm thi THPT,2025,20.0,Kế toán (CS Nam Định)
34170,DKK,khoa-hoc-du-lieu,A00,Điểm học bạ,2022,24.2,Khoa học dữ liệu
34171,DKK,khoa-hoc-du-lieu,A01,Điểm học bạ,2022,24.2,Khoa học dữ liệu
34172,DKK,khoa-hoc-du-lieu,C01,Điểm học bạ,2022,24.2,Khoa học dữ liệu
34173,DKK,khoa-hoc-du-lieu,D01,Điểm học bạ,2022,24.2,Khoa học dữ liệu
34174,DKK,khoa-hoc-du-lieu,A00,Điểm thi THPT,2022,22.0,Khoa học dữ liệu
34175,DKK,khoa-hoc-du-lieu,A01,Điểm thi THPT,2022,22.0,Khoa học dữ liệu
34176,DKK,khoa-hoc-du-lieu,C01,Điểm thi THPT,2022,22.0,Khoa học dữ liệu
34177,DKK,khoa-hoc-du-lieu,D01,Điểm thi THPT,2022,22.0,Khoa học dữ liệu
34178,DKK,khoa-hoc-du-lieu,A00,Điểm học bạ,2023,24.5,Khoa học dữ liệu
34179,DKK,khoa-hoc-du-lieu,A01,Điểm học bạ,2023,24.5,Khoa học dữ liệu
34180,DKK,khoa-hoc-du-lieu,C01,Điểm học bạ,2023,24.5,Khoa học dữ liệu
34181,DKK,khoa-hoc-du-lieu,D01,Điểm học bạ,2023,24.5,Khoa học dữ liệu
34182,DKK,khoa-hoc-du-lieu,A00,Điểm thi THPT,2023,22.0,Khoa học dữ liệu
34183,DKK,khoa-hoc-du-lieu,A01,Điểm thi THPT,2023,22.0,Khoa học dữ liệu
34184,DKK,khoa-hoc-du-lieu,C01,Điểm thi THPT,2023,22.0,Khoa học dữ liệu
34185,DKK,khoa-hoc-du-lieu,D01,Điểm thi THPT,2023,22.0,Khoa học dữ liệu
34186,DKK,khoa-hoc-du-lieu,A00,Điểm học bạ,2024,24.2,Khoa học dữ liệu
34187,DKK,khoa-hoc-du-lieu,A01,Điểm học bạ,2024,24.2,Khoa học dữ liệu
34188,DKK,khoa-hoc-du-lieu,C01,Điểm học bạ,2024,24.2,Khoa học dữ liệu
34189,DKK,khoa-hoc-du-lieu,D01,Điểm học bạ,2024,24.2,Khoa học dữ liệu
34190,DKK,khoa-hoc-du-lieu,A00,Điểm thi THPT,2024,22.2,Khoa học dữ liệu
34191,DKK,khoa-hoc-du-lieu,A01,Điểm thi THPT,2024,22.2,Khoa học dữ liệu
34192,DKK,khoa-hoc-du-lieu,C01,Điểm thi THPT,2024,22.2,Khoa học dữ liệu
34193,DKK,khoa-hoc-du-lieu,D01,Điểm thi THPT,2024,22.2,Khoa học dữ liệu
34194,DKK,khoa-hoc-du-lieu,A00,Điểm học bạ,2025,23.88,Khoa học dữ liệu (CS Nam Định)
34195,DKK,khoa-hoc-du-lieu,A01,Điểm học bạ,2025,23.88,Khoa học dữ liệu (CS Nam Định)
34196,DKK,khoa-hoc-du-lieu,A02,Điểm học bạ,2025,23.88,Khoa học dữ liệu (CS Nam Định)
34197,DKK,khoa-hoc-du-lieu,A03,Điểm học bạ,2025,23.88,Khoa học dữ liệu (CS Nam Định)
34198,DKK,khoa-hoc-du-lieu,B00,Điểm học bạ,2025,23.88,Khoa học dữ liệu (CS Nam Định)
34199,DKK,khoa-hoc-du-lieu,C01,Điểm học bạ,2025,23.88,Khoa học dữ liệu (CS Nam Định)
34200,DKK,khoa-hoc-du-lieu,C02,Điểm học bạ,2025,23.88,Khoa học dữ liệu (CS Nam Định)
34201,DKK,khoa-hoc-du-lieu,D01,Điểm học bạ,2025,23.88,Khoa học dữ liệu (CS Nam Định)
34202,DKK,khoa-hoc-du-lieu,D07,Điểm học bạ,2025,23.88,Khoa học dữ liệu (CS Nam Định)
34203,DKK,khoa-hoc-du-lieu,X02,Điểm học bạ,2025,23.88,Khoa học dữ liệu (CS Nam Định)
34204,DKK,khoa-hoc-du-lieu,X03,Điểm học bạ,2025,23.88,Khoa học dữ liệu (CS Nam Định)
34205,DKK,khoa-hoc-du-lieu,X05,Điểm học bạ,2025,23.88,Khoa học dữ liệu (CS Nam Định)
34206,DKK,khoa-hoc-du-lieu,X06,Điểm học bạ,2025,23.88,Khoa học dữ liệu (CS Nam Định)
34207,DKK,khoa-hoc-du-lieu,X07,Điểm học bạ,2025,23.88,Khoa học dữ liệu (CS Nam Định)
34208,DKK,khoa-hoc-du-lieu,X10,Điểm học bạ,2025,23.88,Khoa học dữ liệu (CS Nam Định)
34209,DKK,khoa-hoc-du-lieu,X11,Điểm học bạ,2025,23.88,Khoa học dữ liệu (CS Nam Định)
34210,DKK,khoa-hoc-du-lieu,X14,Điểm học bạ,2025,23.88,Khoa học dữ liệu (CS Nam Định)
34211,DKK,khoa-hoc-du-lieu,X15,Điểm học bạ,2025,23.88,Khoa học dữ liệu (CS Nam Định)
34212,DKK,khoa-hoc-du-lieu,X26,Điểm học bạ,2025,23.88,Khoa học dữ liệu (CS Nam Định)
34213,DKK,khoa-hoc-du-lieu,X27,Điểm học bạ,2025,23.88,Khoa học dữ liệu (CS Nam Định)
34214,DKK,khoa-hoc-du-lieu,X56,Điểm học bạ,2025,23.88,Khoa học dữ liệu (CS Nam Định)
34215,DKK,khoa-hoc-du-lieu,A00,Điểm thi THPT,2025,21.0,Khoa học dữ liệu (CS Nam Định)
34216,DKK,khoa-hoc-du-lieu,A01,Điểm thi THPT,2025,21.0,Khoa học dữ liệu (CS Nam Định)
34217,DKK,khoa-hoc-du-lieu,A02,Điểm thi THPT,2025,21.0,Khoa học dữ liệu (CS Nam Định)
34218,DKK,khoa-hoc-du-lieu,A03,Điểm thi THPT,2025,21.0,Khoa học dữ liệu (CS Nam Định)
34219,DKK,khoa-hoc-du-lieu,B00,Điểm thi THPT,2025,21.0,Khoa học dữ liệu (CS Nam Định)
34220,DKK,khoa-hoc-du-lieu,C01,Điểm thi THPT,2025,21.0,Khoa học dữ liệu (CS Nam Định)
34221,DKK,khoa-hoc-du-lieu,C02,Điểm thi THPT,2025,21.0,Khoa học dữ liệu (CS Nam Định)
34222,DKK,khoa-hoc-du-lieu,D01,Điểm thi THPT,2025,21.0,Khoa học dữ liệu (CS Nam Định)
34223,DKK,khoa-hoc-du-lieu,D07,Điểm thi THPT,2025,21.0,Khoa học dữ liệu (CS Nam Định)
34224,DKK,khoa-hoc-du-lieu,X02,Điểm thi THPT,2025,21.0,Khoa học dữ liệu (CS Nam Định)
34225,DKK,khoa-hoc-du-lieu,X03,Điểm thi THPT,2025,21.0,Khoa học dữ liệu (CS Nam Định)
34226,DKK,khoa-hoc-du-lieu,X05,Điểm thi THPT,2025,21.0,Khoa học dữ liệu (CS Nam Định)
34227,DKK,khoa-hoc-du-lieu,X06,Điểm thi THPT,2025,21.0,Khoa học dữ liệu (CS Nam Định)
34228,DKK,khoa-hoc-du-lieu,X07,Điểm thi THPT,2025,21.0,Khoa học dữ liệu (CS Nam Định)
34229,DKK,khoa-hoc-du-lieu,X10,Điểm thi THPT,2025,21.0,Khoa học dữ liệu (CS Nam Định)
34230,DKK,khoa-hoc-du-lieu,X11,Điểm thi THPT,2025,21.0,Khoa học dữ liệu (CS Nam Định)
34231,DKK,khoa-hoc-du-lieu,X14,Điểm thi THPT,2025,21.0,Khoa học dữ liệu (CS Nam Định)
34232,DKK,khoa-hoc-du-lieu,X15,Điểm thi THPT,2025,21.0,Khoa học dữ liệu (CS Nam Định)
34233,DKK,khoa-hoc-du-lieu,X26,Điểm thi THPT,2025,21.0,Khoa học dữ liệu (CS Nam Định)
34234,DKK,khoa-hoc-du-lieu,X27,Điểm thi THPT,2025,21.0,Khoa học dữ liệu (CS Nam Định)
34235,DKK,khoa-hoc-du-lieu,X56,Điểm thi THPT,2025,21.0,Khoa học dữ liệu (CS Nam Định)
34236,DKK,kiem-toan,A00,Điểm học bạ,2023,25.0,Kiểm toán
34237,DKK,kiem-toan,A01,Điểm học bạ,2023,25.0,Kiểm toán
34238,DKK,kiem-toan,C01,Điểm học bạ,2023,25.0,Kiểm toán
34239,DKK,kiem-toan,D01,Điểm học bạ,2023,25.0,Kiểm toán
34240,DKK,kiem-toan,A00,Điểm thi THPT,2023,22.5,Kiểm toán
34241,DKK,kiem-toan,A01,Điểm thi THPT,2023,22.5,Kiểm toán
34242,DKK,kiem-toan,C01,Điểm thi THPT,2023,22.5,Kiểm toán
34243,DKK,kiem-toan,D01,Điểm thi THPT,2023,22.5,Kiểm toán
34244,DKK,kiem-toan,A00,Điểm học bạ,2024,25.0,Kiểm toán
34245,DKK,kiem-toan,A01,Điểm học bạ,2024,25.0,Kiểm toán
34246,DKK,kiem-toan,C01,Điểm học bạ,2024,25.0,Kiểm toán
34247,DKK,kiem-toan,D01,Điểm học bạ,2024,25.0,Kiểm toán
34248,DKK,kiem-toan,A00,Điểm thi THPT,2024,23.0,Kiểm toán
34249,DKK,kiem-toan,A01,Điểm thi THPT,2024,23.0,Kiểm toán
34250,DKK,kiem-toan,C01,Điểm thi THPT,2024,23.0,Kiểm toán
34251,DKK,kiem-toan,D01,Điểm thi THPT,2024,23.0,Kiểm toán
34252,DKK,kiem-toan,A00,Điểm học bạ,2025,22.75,Kiểm toán (CS Nam Định)
34253,DKK,kiem-toan,A01,Điểm học bạ,2025,22.75,Kiểm toán (CS Nam Định)
34254,DKK,kiem-toan,A03,Điểm học bạ,2025,22.75,Kiểm toán (CS Nam Định)
34255,DKK,kiem-toan,A04,Điểm học bạ,2025,22.75,Kiểm toán (CS Nam Định)
34256,DKK,kiem-toan,C01,Điểm học bạ,2025,22.75,Kiểm toán (CS Nam Định)
34257,DKK,kiem-toan,C03,Điểm học bạ,2025,22.75,Kiểm toán (CS Nam Định)
34258,DKK,kiem-toan,C04,Điểm học bạ,2025,22.75,Kiểm toán (CS Nam Định)
34259,DKK,kiem-toan,D01,Điểm học bạ,2025,22.75,Kiểm toán (CS Nam Định)
34260,DKK,kiem-toan,D07,Điểm học bạ,2025,22.75,Kiểm toán (CS Nam Định)
34261,DKK,kiem-toan,D09,Điểm học bạ,2025,22.75,Kiểm toán (CS Nam Định)
34262,DKK,kiem-toan,D10,Điểm học bạ,2025,22.75,Kiểm toán (CS Nam Định)
34263,DKK,kiem-toan,X01,Điểm học bạ,2025,22.75,Kiểm toán (CS Nam Định)
34264,DKK,kiem-toan,X02,Điểm học bạ,2025,22.75,Kiểm toán (CS Nam Định)
34265,DKK,kiem-toan,X03,Điểm học bạ,2025,22.75,Kiểm toán (CS Nam Định)
34266,DKK,kiem-toan,X05,Điểm học bạ,2025,22.75,Kiểm toán (CS Nam Định)
34267,DKK,kiem-toan,X06,Điểm học bạ,2025,22.75,Kiểm toán (CS Nam Định)
34268,DKK,kiem-toan,X07,Điểm học bạ,2025,22.75,Kiểm toán (CS Nam Định)
34269,DKK,kiem-toan,X25,Điểm học bạ,2025,22.75,Kiểm toán (CS Nam Định)
34270,DKK,kiem-toan,X26,Điểm học bạ,2025,22.75,Kiểm toán (CS Nam Định)
34271,DKK,kiem-toan,X27,Điểm học bạ,2025,22.75,Kiểm toán (CS Nam Định)
34272,DKK,kiem-toan,A00,Điểm thi THPT,2025,20.0,Kiểm toán (CS Nam Định)
34273,DKK,kiem-toan,A01,Điểm thi THPT,2025,20.0,Kiểm toán (CS Nam Định)
34274,DKK,kiem-toan,A03,Điểm thi THPT,2025,20.0,Kiểm toán (CS Nam Định)
34275,DKK,kiem-toan,A04,Điểm thi THPT,2025,20.0,Kiểm toán (CS Nam Định)
34276,DKK,kiem-toan,C01,Điểm thi THPT,2025,20.0,Kiểm toán (CS Nam Định)
34277,DKK,kiem-toan,C03,Điểm thi THPT,2025,20.0,Kiểm toán (CS Nam Định)
34278,DKK,kiem-toan,C04,Điểm thi THPT,2025,20.0,Kiểm toán (CS Nam Định)
34279,DKK,kiem-toan,D01,Điểm thi THPT,2025,20.0,Kiểm toán (CS Nam Định)
34280,DKK,kiem-toan,D07,Điểm thi THPT,2025,20.0,Kiểm toán (CS Nam Định)
34281,DKK,kiem-toan,D09,Điểm thi THPT,2025,20.0,Kiểm toán (CS Nam Định)
34282,DKK,kiem-toan,D10,Điểm thi THPT,2025,20.0,Kiểm toán (CS Nam Định)
34283,DKK,kiem-toan,X01,Điểm thi THPT,2025,20.0,Kiểm toán (CS Nam Định)
34284,DKK,kiem-toan,X02,Điểm thi THPT,2025,20.0,Kiểm toán (CS Nam Định)
34285,DKK,kiem-toan,X03,Điểm thi THPT,2025,20.0,Kiểm toán (CS Nam Định)
34286,DKK,kiem-toan,X05,Điểm thi THPT,2025,20.0,Kiểm toán (CS Nam Định)
34287,DKK,kiem-toan,X06,Điểm thi THPT,2025,20.0,Kiểm toán (CS Nam Định)
34288,DKK,kiem-toan,X07,Điểm thi THPT,2025,20.0,Kiểm toán (CS Nam Định)
34289,DKK,kiem-toan,X25,Điểm thi THPT,2025,20.0,Kiểm toán (CS Nam Định)
34290,DKK,kiem-toan,X26,Điểm thi THPT,2025,20.0,Kiểm toán (CS Nam Định)
34291,DKK,kiem-toan,X27,Điểm thi THPT,2025,20.0,Kiểm toán (CS Nam Định)
34292,DKK,kinh-doanh-thuong-mai,A00,Điểm học bạ,2021,21.75,Ngành Kinh doanh thương mại
34293,DKK,kinh-doanh-thuong-mai,A01,Điểm học bạ,2021,21.75,Ngành Kinh doanh thương mại
34294,DKK,kinh-doanh-thuong-mai,C01,Điểm học bạ,2021,21.75,Ngành Kinh doanh thương mại
34295,DKK,kinh-doanh-thuong-mai,D01,Điểm học bạ,2021,21.75,Ngành Kinh doanh thương mại
34296,DKK,kinh-doanh-thuong-mai,A00,Điểm thi THPT,2021,16.75,Ngành Kinh doanh thương mại
34297,DKK,kinh-doanh-thuong-mai,A01,Điểm thi THPT,2021,16.75,Ngành Kinh doanh thương mại
34298,DKK,kinh-doanh-thuong-mai,C01,Điểm thi THPT,2021,16.75,Ngành Kinh doanh thương mại
34299,DKK,kinh-doanh-thuong-mai,D01,Điểm thi THPT,2021,16.75,Ngành Kinh doanh thương mại
34300,DKK,kinh-doanh-thuong-mai,A00,Điểm học bạ,2022,26.5,Kinh doanh thương mại
34301,DKK,kinh-doanh-thuong-mai,A01,Điểm học bạ,2022,26.5,Kinh doanh thương mại
34302,DKK,kinh-doanh-thuong-mai,C01,Điểm học bạ,2022,26.5,Kinh doanh thương mại
34303,DKK,kinh-doanh-thuong-mai,D01,Điểm học bạ,2022,26.5,Kinh doanh thương mại
34304,DKK,kinh-doanh-thuong-mai,A00,Điểm thi THPT,2022,24.0,Kinh doanh thương mại
34305,DKK,kinh-doanh-thuong-mai,A01,Điểm thi THPT,2022,24.0,Kinh doanh thương mại
34306,DKK,kinh-doanh-thuong-mai,C01,Điểm thi THPT,2022,24.0,Kinh doanh thương mại
34307,DKK,kinh-doanh-thuong-mai,D01,Điểm thi THPT,2022,24.0,Kinh doanh thương mại
34308,DKK,kinh-doanh-thuong-mai,A00,Điểm học bạ,2023,26.0,Kinh doanh thương mại
34309,DKK,kinh-doanh-thuong-mai,A01,Điểm học bạ,2023,26.0,Kinh doanh thương mại
34310,DKK,kinh-doanh-thuong-mai,C01,Điểm học bạ,2023,26.0,Kinh doanh thương mại
34311,DKK,kinh-doanh-thuong-mai,D01,Điểm học bạ,2023,26.0,Kinh doanh thương mại
34312,DKK,kinh-doanh-thuong-mai,A00,Điểm thi THPT,2023,24.0,Kinh doanh thương mại
34313,DKK,kinh-doanh-thuong-mai,A01,Điểm thi THPT,2023,24.0,Kinh doanh thương mại
34314,DKK,kinh-doanh-thuong-mai,C01,Điểm thi THPT,2023,24.0,Kinh doanh thương mại
34315,DKK,kinh-doanh-thuong-mai,D01,Điểm thi THPT,2023,24.0,Kinh doanh thương mại
34316,DKK,kinh-doanh-thuong-mai,A00,Điểm học bạ,2024,25.8,Kinh doanh thương mại
34317,DKK,kinh-doanh-thuong-mai,A01,Điểm học bạ,2024,25.8,Kinh doanh thương mại
34318,DKK,kinh-doanh-thuong-mai,C01,Điểm học bạ,2024,25.8,Kinh doanh thương mại
34319,DKK,kinh-doanh-thuong-mai,D01,Điểm học bạ,2024,25.8,Kinh doanh thương mại
34320,DKK,kinh-doanh-thuong-mai,A00,Điểm thi THPT,2024,23.8,Kinh doanh thương mại
34321,DKK,kinh-doanh-thuong-mai,A01,Điểm thi THPT,2024,23.8,Kinh doanh thương mại
34322,DKK,kinh-doanh-thuong-mai,C01,Điểm thi THPT,2024,23.8,Kinh doanh thương mại
34323,DKK,kinh-doanh-thuong-mai,D01,Điểm thi THPT,2024,23.8,Kinh doanh thương mại
34324,DKK,kinh-doanh-thuong-mai,A00,Điểm học bạ,2025,24.1,Kinh doanh thương mại (CS Nam Định)
34325,DKK,kinh-doanh-thuong-mai,A01,Điểm học bạ,2025,24.1,Kinh doanh thương mại (CS Nam Định)
34326,DKK,kinh-doanh-thuong-mai,A03,Điểm học bạ,2025,24.1,Kinh doanh thương mại (CS Nam Định)
34327,DKK,kinh-doanh-thuong-mai,A04,Điểm học bạ,2025,24.1,Kinh doanh thương mại (CS Nam Định)
34328,DKK,kinh-doanh-thuong-mai,C01,Điểm học bạ,2025,24.1,Kinh doanh thương mại (CS Nam Định)
34329,DKK,kinh-doanh-thuong-mai,C03,Điểm học bạ,2025,24.1,Kinh doanh thương mại (CS Nam Định)
34330,DKK,kinh-doanh-thuong-mai,C04,Điểm học bạ,2025,24.1,Kinh doanh thương mại (CS Nam Định)
34331,DKK,kinh-doanh-thuong-mai,D01,Điểm học bạ,2025,24.1,Kinh doanh thương mại (CS Nam Định)
34332,DKK,kinh-doanh-thuong-mai,D07,Điểm học bạ,2025,24.1,Kinh doanh thương mại (CS Nam Định)
34333,DKK,kinh-doanh-thuong-mai,D09,Điểm học bạ,2025,24.1,Kinh doanh thương mại (CS Nam Định)
34334,DKK,kinh-doanh-thuong-mai,D10,Điểm học bạ,2025,24.1,Kinh doanh thương mại (CS Nam Định)
34335,DKK,kinh-doanh-thuong-mai,X01,Điểm học bạ,2025,24.1,Kinh doanh thương mại (CS Nam Định)
34336,DKK,kinh-doanh-thuong-mai,X02,Điểm học bạ,2025,24.1,Kinh doanh thương mại (CS Nam Định)
34337,DKK,kinh-doanh-thuong-mai,X03,Điểm học bạ,2025,24.1,Kinh doanh thương mại (CS Nam Định)
34338,DKK,kinh-doanh-thuong-mai,X05,Điểm học bạ,2025,24.1,Kinh doanh thương mại (CS Nam Định)
34339,DKK,kinh-doanh-thuong-mai,X06,Điểm học bạ,2025,24.1,Kinh doanh thương mại (CS Nam Định)
34340,DKK,kinh-doanh-thuong-mai,X07,Điểm học bạ,2025,24.1,Kinh doanh thương mại (CS Nam Định)
34341,DKK,kinh-doanh-thuong-mai,X25,Điểm học bạ,2025,24.1,Kinh doanh thương mại (CS Nam Định)
34342,DKK,kinh-doanh-thuong-mai,X26,Điểm học bạ,2025,24.1,Kinh doanh thương mại (CS Nam Định)
34343,DKK,kinh-doanh-thuong-mai,X27,Điểm học bạ,2025,24.1,Kinh doanh thương mại (CS Nam Định)
34344,DKK,kinh-doanh-thuong-mai,A00,Điểm thi THPT,2025,21.2,Kinh doanh thương mại (CS Nam Định)
34345,DKK,kinh-doanh-thuong-mai,A01,Điểm thi THPT,2025,21.2,Kinh doanh thương mại (CS Nam Định)
34346,DKK,kinh-doanh-thuong-mai,A03,Điểm thi THPT,2025,21.2,Kinh doanh thương mại (CS Nam Định)
34347,DKK,kinh-doanh-thuong-mai,A04,Điểm thi THPT,2025,21.2,Kinh doanh thương mại (CS Nam Định)
34348,DKK,kinh-doanh-thuong-mai,C01,Điểm thi THPT,2025,21.2,Kinh doanh thương mại (CS Nam Định)
34349,DKK,kinh-doanh-thuong-mai,C03,Điểm thi THPT,2025,21.2,Kinh doanh thương mại (CS Nam Định)
34350,DKK,kinh-doanh-thuong-mai,C04,Điểm thi THPT,2025,21.2,Kinh doanh thương mại (CS Nam Định)
34351,DKK,kinh-doanh-thuong-mai,D01,Điểm thi THPT,2025,21.2,Kinh doanh thương mại (CS Nam Định)
34352,DKK,kinh-doanh-thuong-mai,D07,Điểm thi THPT,2025,21.2,Kinh doanh thương mại (CS Nam Định)
34353,DKK,kinh-doanh-thuong-mai,D09,Điểm thi THPT,2025,21.2,Kinh doanh thương mại (CS Nam Định)
34354,DKK,kinh-doanh-thuong-mai,D10,Điểm thi THPT,2025,21.2,Kinh doanh thương mại (CS Nam Định)
34355,DKK,kinh-doanh-thuong-mai,X01,Điểm thi THPT,2025,21.2,Kinh doanh thương mại (CS Nam Định)
34356,DKK,kinh-doanh-thuong-mai,X02,Điểm thi THPT,2025,21.2,Kinh doanh thương mại (CS Nam Định)
34357,DKK,kinh-doanh-thuong-mai,X03,Điểm thi THPT,2025,21.2,Kinh doanh thương mại (CS Nam Định)
34358,DKK,kinh-doanh-thuong-mai,X05,Điểm thi THPT,2025,21.2,Kinh doanh thương mại (CS Nam Định)
34359,DKK,kinh-doanh-thuong-mai,X06,Điểm thi THPT,2025,21.2,Kinh doanh thương mại (CS Nam Định)
34360,DKK,kinh-doanh-thuong-mai,X07,Điểm thi THPT,2025,21.2,Kinh doanh thương mại (CS Nam Định)
34361,DKK,kinh-doanh-thuong-mai,X25,Điểm thi THPT,2025,21.2,Kinh doanh thương mại (CS Nam Định)
34362,DKK,kinh-doanh-thuong-mai,X26,Điểm thi THPT,2025,21.2,Kinh doanh thương mại (CS Nam Định)
34363,DKK,kinh-doanh-thuong-mai,X27,Điểm thi THPT,2025,21.2,Kinh doanh thương mại (CS Nam Định)
34364,DKK,logistic-va-quan-ly-chuoi-cung-ung,A00,Điểm học bạ,2024,26.2,Logistic và Quản lý chuỗi cung ứng
34365,DKK,logistic-va-quan-ly-chuoi-cung-ung,A01,Điểm học bạ,2024,26.2,Logistic và Quản lý chuỗi cung ứng
34366,DKK,logistic-va-quan-ly-chuoi-cung-ung,C01,Điểm học bạ,2024,26.2,Logistic và Quản lý chuỗi cung ứng
34367,DKK,logistic-va-quan-ly-chuoi-cung-ung,D01,Điểm học bạ,2024,26.2,Logistic và Quản lý chuỗi cung ứng
34368,DKK,logistic-va-quan-ly-chuoi-cung-ung,A00,Điểm thi THPT,2024,24.2,Logistic và Quản lý chuỗi cung ứng
34369,DKK,logistic-va-quan-ly-chuoi-cung-ung,A01,Điểm thi THPT,2024,24.2,Logistic và Quản lý chuỗi cung ứng
34370,DKK,logistic-va-quan-ly-chuoi-cung-ung,C01,Điểm thi THPT,2024,24.2,Logistic và Quản lý chuỗi cung ứng
34371,DKK,logistic-va-quan-ly-chuoi-cung-ung,D01,Điểm thi THPT,2024,24.2,Logistic và Quản lý chuỗi cung ứng
34372,DKK,logistics-va-quan-ly-chuoi-cung-ung,A00,Điểm học bạ,2023,25.5,Logistics và quản lý chuỗi cung ứng
34373,DKK,logistics-va-quan-ly-chuoi-cung-ung,A01,Điểm học bạ,2023,25.5,Logistics và quản lý chuỗi cung ứng
34374,DKK,logistics-va-quan-ly-chuoi-cung-ung,C01,Điểm học bạ,2023,25.5,Logistics và quản lý chuỗi cung ứng
34375,DKK,logistics-va-quan-ly-chuoi-cung-ung,D01,Điểm học bạ,2023,25.5,Logistics và quản lý chuỗi cung ứng
34376,DKK,logistics-va-quan-ly-chuoi-cung-ung,A00,Điểm thi THPT,2023,23.3,Logistics và quản lý chuỗi cung ứng
34377,DKK,logistics-va-quan-ly-chuoi-cung-ung,A01,Điểm thi THPT,2023,23.3,Logistics và quản lý chuỗi cung ứng
34378,DKK,logistics-va-quan-ly-chuoi-cung-ung,C01,Điểm thi THPT,2023,23.3,Logistics và quản lý chuỗi cung ứng
34379,DKK,logistics-va-quan-ly-chuoi-cung-ung,D01,Điểm thi THPT,2023,23.3,Logistics và quản lý chuỗi cung ứng
34380,DKK,logistics-va-quan-ly-chuoi-cung-ung,A00,Điểm học bạ,2025,25.88,Logistics và Quản lý chuỗi cung ứng (CS Nam Định)
34381,DKK,logistics-va-quan-ly-chuoi-cung-ung,A01,Điểm học bạ,2025,25.88,Logistics và Quản lý chuỗi cung ứng (CS Nam Định)
34382,DKK,logistics-va-quan-ly-chuoi-cung-ung,A03,Điểm học bạ,2025,25.88,Logistics và Quản lý chuỗi cung ứng (CS Nam Định)
34383,DKK,logistics-va-quan-ly-chuoi-cung-ung,A04,Điểm học bạ,2025,25.88,Logistics và Quản lý chuỗi cung ứng (CS Nam Định)
34384,DKK,logistics-va-quan-ly-chuoi-cung-ung,C01,Điểm học bạ,2025,25.88,Logistics và Quản lý chuỗi cung ứng (CS Nam Định)
34385,DKK,logistics-va-quan-ly-chuoi-cung-ung,C03,Điểm học bạ,2025,25.88,Logistics và Quản lý chuỗi cung ứng (CS Nam Định)
34386,DKK,logistics-va-quan-ly-chuoi-cung-ung,C04,Điểm học bạ,2025,25.88,Logistics và Quản lý chuỗi cung ứng (CS Nam Định)
34387,DKK,logistics-va-quan-ly-chuoi-cung-ung,D01,Điểm học bạ,2025,25.88,Logistics và Quản lý chuỗi cung ứng (CS Nam Định)
34388,DKK,logistics-va-quan-ly-chuoi-cung-ung,D07,Điểm học bạ,2025,25.88,Logistics và Quản lý chuỗi cung ứng (CS Nam Định)
34389,DKK,logistics-va-quan-ly-chuoi-cung-ung,D09,Điểm học bạ,2025,25.88,Logistics và Quản lý chuỗi cung ứng (CS Nam Định)
34390,DKK,logistics-va-quan-ly-chuoi-cung-ung,D10,Điểm học bạ,2025,25.88,Logistics và Quản lý chuỗi cung ứng (CS Nam Định)
34391,DKK,logistics-va-quan-ly-chuoi-cung-ung,X01,Điểm học bạ,2025,25.88,Logistics và Quản lý chuỗi cung ứng (CS Nam Định)
34392,DKK,logistics-va-quan-ly-chuoi-cung-ung,X02,Điểm học bạ,2025,25.88,Logistics và Quản lý chuỗi cung ứng (CS Nam Định)
34393,DKK,logistics-va-quan-ly-chuoi-cung-ung,X03,Điểm học bạ,2025,25.88,Logistics và Quản lý chuỗi cung ứng (CS Nam Định)
34394,DKK,logistics-va-quan-ly-chuoi-cung-ung,X05,Điểm học bạ,2025,25.88,Logistics và Quản lý chuỗi cung ứng (CS Nam Định)
34395,DKK,logistics-va-quan-ly-chuoi-cung-ung,X06,Điểm học bạ,2025,25.88,Logistics và Quản lý chuỗi cung ứng (CS Nam Định)
34396,DKK,logistics-va-quan-ly-chuoi-cung-ung,X07,Điểm học bạ,2025,25.88,Logistics và Quản lý chuỗi cung ứng (CS Nam Định)
34397,DKK,logistics-va-quan-ly-chuoi-cung-ung,X25,Điểm học bạ,2025,25.88,Logistics và Quản lý chuỗi cung ứng (CS Nam Định)
34398,DKK,logistics-va-quan-ly-chuoi-cung-ung,X26,Điểm học bạ,2025,25.88,Logistics và Quản lý chuỗi cung ứng (CS Nam Định)
34399,DKK,logistics-va-quan-ly-chuoi-cung-ung,X27,Điểm học bạ,2025,25.88,Logistics và Quản lý chuỗi cung ứng (CS Nam Định)
34400,DKK,logistics-va-quan-ly-chuoi-cung-ung,A00,Điểm thi THPT,2025,23.0,Logistics và Quản lý chuỗi cung ứng (CS Nam Định)
34401,DKK,logistics-va-quan-ly-chuoi-cung-ung,A01,Điểm thi THPT,2025,23.0,Logistics và Quản lý chuỗi cung ứng (CS Nam Định)
34402,DKK,logistics-va-quan-ly-chuoi-cung-ung,A03,Điểm thi THPT,2025,23.0,Logistics và Quản lý chuỗi cung ứng (CS Nam Định)
34403,DKK,logistics-va-quan-ly-chuoi-cung-ung,A04,Điểm thi THPT,2025,23.0,Logistics và Quản lý chuỗi cung ứng (CS Nam Định)
34404,DKK,logistics-va-quan-ly-chuoi-cung-ung,C01,Điểm thi THPT,2025,23.0,Logistics và Quản lý chuỗi cung ứng (CS Nam Định)
34405,DKK,logistics-va-quan-ly-chuoi-cung-ung,C03,Điểm thi THPT,2025,23.0,Logistics và Quản lý chuỗi cung ứng (CS Nam Định)
34406,DKK,logistics-va-quan-ly-chuoi-cung-ung,C04,Điểm thi THPT,2025,23.0,Logistics và Quản lý chuỗi cung ứng (CS Nam Định)
34407,DKK,logistics-va-quan-ly-chuoi-cung-ung,D01,Điểm thi THPT,2025,23.0,Logistics và Quản lý chuỗi cung ứng (CS Nam Định)
34408,DKK,logistics-va-quan-ly-chuoi-cung-ung,D07,Điểm thi THPT,2025,23.0,Logistics và Quản lý chuỗi cung ứng (CS Nam Định)
34409,DKK,logistics-va-quan-ly-chuoi-cung-ung,D09,Điểm thi THPT,2025,23.0,Logistics và Quản lý chuỗi cung ứng (CS Nam Định)
34410,DKK,logistics-va-quan-ly-chuoi-cung-ung,D10,Điểm thi THPT,2025,23.0,Logistics và Quản lý chuỗi cung ứng (CS Nam Định)
34411,DKK,logistics-va-quan-ly-chuoi-cung-ung,X01,Điểm thi THPT,2025,23.0,Logistics và Quản lý chuỗi cung ứng (CS Nam Định)
34412,DKK,logistics-va-quan-ly-chuoi-cung-ung,X02,Điểm thi THPT,2025,23.0,Logistics và Quản lý chuỗi cung ứng (CS Nam Định)
34413,DKK,logistics-va-quan-ly-chuoi-cung-ung,X03,Điểm thi THPT,2025,23.0,Logistics và Quản lý chuỗi cung ứng (CS Nam Định)
34414,DKK,logistics-va-quan-ly-chuoi-cung-ung,X05,Điểm thi THPT,2025,23.0,Logistics và Quản lý chuỗi cung ứng (CS Nam Định)
34415,DKK,logistics-va-quan-ly-chuoi-cung-ung,X06,Điểm thi THPT,2025,23.0,Logistics và Quản lý chuỗi cung ứng (CS Nam Định)
34416,DKK,logistics-va-quan-ly-chuoi-cung-ung,X07,Điểm thi THPT,2025,23.0,Logistics và Quản lý chuỗi cung ứng (CS Nam Định)
34417,DKK,logistics-va-quan-ly-chuoi-cung-ung,X25,Điểm thi THPT,2025,23.0,Logistics và Quản lý chuỗi cung ứng (CS Nam Định)
34418,DKK,logistics-va-quan-ly-chuoi-cung-ung,X26,Điểm thi THPT,2025,23.0,Logistics và Quản lý chuỗi cung ứng (CS Nam Định)
34419,DKK,logistics-va-quan-ly-chuoi-cung-ung,X27,Điểm thi THPT,2025,23.0,Logistics và Quản lý chuỗi cung ứng (CS Nam Định)
34420,DKK,mang-may-tinh-ttdl,A00,Điểm học bạ,2022,24.8,Mạng máy tính & TTDL
34421,DKK,mang-may-tinh-ttdl,A01,Điểm học bạ,2022,24.8,Mạng máy tính & TTDL
34422,DKK,mang-may-tinh-ttdl,C01,Điểm học bạ,2022,24.8,Mạng máy tính & TTDL
34423,DKK,mang-may-tinh-ttdl,D01,Điểm học bạ,2022,24.8,Mạng máy tính & TTDL
34424,DKK,mang-may-tinh-ttdl,A00,Điểm thi THPT,2022,22.2,Mạng máy tính & TTDL
34425,DKK,mang-may-tinh-ttdl,A01,Điểm thi THPT,2022,22.2,Mạng máy tính & TTDL
34426,DKK,mang-may-tinh-ttdl,C01,Điểm thi THPT,2022,22.2,Mạng máy tính & TTDL
34427,DKK,mang-may-tinh-ttdl,D01,Điểm thi THPT,2022,22.2,Mạng máy tính & TTDL
34428,DKK,mang-may-tinh-va-truyen-thong-du-lieu,A00,Điểm học bạ,2023,24.5,Mạng máy tính và truyền thông dữ liệu
34429,DKK,mang-may-tinh-va-truyen-thong-du-lieu,A01,Điểm học bạ,2023,24.5,Mạng máy tính và truyền thông dữ liệu
34430,DKK,mang-may-tinh-va-truyen-thong-du-lieu,C01,Điểm học bạ,2023,24.5,Mạng máy tính và truyền thông dữ liệu
34431,DKK,mang-may-tinh-va-truyen-thong-du-lieu,D01,Điểm học bạ,2023,24.5,Mạng máy tính và truyền thông dữ liệu
34432,DKK,mang-may-tinh-va-truyen-thong-du-lieu,A00,Điểm thi THPT,2023,22.2,Mạng máy tính và truyền thông dữ liệu
34433,DKK,mang-may-tinh-va-truyen-thong-du-lieu,A01,Điểm thi THPT,2023,22.2,Mạng máy tính và truyền thông dữ liệu
34434,DKK,mang-may-tinh-va-truyen-thong-du-lieu,C01,Điểm thi THPT,2023,22.2,Mạng máy tính và truyền thông dữ liệu
34435,DKK,mang-may-tinh-va-truyen-thong-du-lieu,D01,Điểm thi THPT,2023,22.2,Mạng máy tính và truyền thông dữ liệu
34436,DKK,mang-may-tinh-va-truyen-thong-du-lieu,A00,Điểm học bạ,2024,24.5,Mạng máy tính và truyền thông dữ liệu
34437,DKK,mang-may-tinh-va-truyen-thong-du-lieu,A01,Điểm học bạ,2024,24.5,Mạng máy tính và truyền thông dữ liệu
34438,DKK,mang-may-tinh-va-truyen-thong-du-lieu,C01,Điểm học bạ,2024,24.5,Mạng máy tính và truyền thông dữ liệu
34439,DKK,mang-may-tinh-va-truyen-thong-du-lieu,D01,Điểm học bạ,2024,24.5,Mạng máy tính và truyền thông dữ liệu
34440,DKK,mang-may-tinh-va-truyen-thong-du-lieu,A00,Điểm thi THPT,2024,22.5,Mạng máy tính và truyền thông dữ liệu
34441,DKK,mang-may-tinh-va-truyen-thong-du-lieu,A01,Điểm thi THPT,2024,22.5,Mạng máy tính và truyền thông dữ liệu
34442,DKK,mang-may-tinh-va-truyen-thong-du-lieu,C01,Điểm thi THPT,2024,22.5,Mạng máy tính và truyền thông dữ liệu
34443,DKK,mang-may-tinh-va-truyen-thong-du-lieu,D01,Điểm thi THPT,2024,22.5,Mạng máy tính và truyền thông dữ liệu
34444,DKK,mang-may-tinh-va-truyen-thong-du-lieu,A00,Điểm học bạ,2025,22.75,Mạng máy tính và truyền thông dữ liệu (CS Nam Định)
34445,DKK,mang-may-tinh-va-truyen-thong-du-lieu,A01,Điểm học bạ,2025,22.75,Mạng máy tính và truyền thông dữ liệu (CS Nam Định)
34446,DKK,mang-may-tinh-va-truyen-thong-du-lieu,A02,Điểm học bạ,2025,22.75,Mạng máy tính và truyền thông dữ liệu (CS Nam Định)
34447,DKK,mang-may-tinh-va-truyen-thong-du-lieu,A03,Điểm học bạ,2025,22.75,Mạng máy tính và truyền thông dữ liệu (CS Nam Định)
34448,DKK,mang-may-tinh-va-truyen-thong-du-lieu,B00,Điểm học bạ,2025,22.75,Mạng máy tính và truyền thông dữ liệu (CS Nam Định)
34449,DKK,mang-may-tinh-va-truyen-thong-du-lieu,C01,Điểm học bạ,2025,22.75,Mạng máy tính và truyền thông dữ liệu (CS Nam Định)
34450,DKK,mang-may-tinh-va-truyen-thong-du-lieu,C02,Điểm học bạ,2025,22.75,Mạng máy tính và truyền thông dữ liệu (CS Nam Định)
34451,DKK,mang-may-tinh-va-truyen-thong-du-lieu,D01,Điểm học bạ,2025,22.75,Mạng máy tính và truyền thông dữ liệu (CS Nam Định)
34452,DKK,mang-may-tinh-va-truyen-thong-du-lieu,D07,Điểm học bạ,2025,22.75,Mạng máy tính và truyền thông dữ liệu (CS Nam Định)
34453,DKK,mang-may-tinh-va-truyen-thong-du-lieu,X02,Điểm học bạ,2025,22.75,Mạng máy tính và truyền thông dữ liệu (CS Nam Định)
34454,DKK,mang-may-tinh-va-truyen-thong-du-lieu,X03,Điểm học bạ,2025,22.75,Mạng máy tính và truyền thông dữ liệu (CS Nam Định)
34455,DKK,mang-may-tinh-va-truyen-thong-du-lieu,X05,Điểm học bạ,2025,22.75,Mạng máy tính và truyền thông dữ liệu (CS Nam Định)
34456,DKK,mang-may-tinh-va-truyen-thong-du-lieu,X06,Điểm học bạ,2025,22.75,Mạng máy tính và truyền thông dữ liệu (CS Nam Định)
34457,DKK,mang-may-tinh-va-truyen-thong-du-lieu,X07,Điểm học bạ,2025,22.75,Mạng máy tính và truyền thông dữ liệu (CS Nam Định)
34458,DKK,mang-may-tinh-va-truyen-thong-du-lieu,X10,Điểm học bạ,2025,22.75,Mạng máy tính và truyền thông dữ liệu (CS Nam Định)
34459,DKK,mang-may-tinh-va-truyen-thong-du-lieu,X11,Điểm học bạ,2025,22.75,Mạng máy tính và truyền thông dữ liệu (CS Nam Định)
34460,DKK,mang-may-tinh-va-truyen-thong-du-lieu,X14,Điểm học bạ,2025,22.75,Mạng máy tính và truyền thông dữ liệu (CS Nam Định)
34461,DKK,mang-may-tinh-va-truyen-thong-du-lieu,X15,Điểm học bạ,2025,22.75,Mạng máy tính và truyền thông dữ liệu (CS Nam Định)
34462,DKK,mang-may-tinh-va-truyen-thong-du-lieu,X26,Điểm học bạ,2025,22.75,Mạng máy tính và truyền thông dữ liệu (CS Nam Định)
34463,DKK,mang-may-tinh-va-truyen-thong-du-lieu,X27,Điểm học bạ,2025,22.75,Mạng máy tính và truyền thông dữ liệu (CS Nam Định)
34464,DKK,mang-may-tinh-va-truyen-thong-du-lieu,X56,Điểm học bạ,2025,22.75,Mạng máy tính và truyền thông dữ liệu (CS Nam Định)
34465,DKK,mang-may-tinh-va-truyen-thong-du-lieu,A00,Điểm thi THPT,2025,20.0,Mạng máy tính và truyền thông dữ liệu (CS Nam Định)
34466,DKK,mang-may-tinh-va-truyen-thong-du-lieu,A01,Điểm thi THPT,2025,20.0,Mạng máy tính và truyền thông dữ liệu (CS Nam Định)
34467,DKK,mang-may-tinh-va-truyen-thong-du-lieu,A02,Điểm thi THPT,2025,20.0,Mạng máy tính và truyền thông dữ liệu (CS Nam Định)
34468,DKK,mang-may-tinh-va-truyen-thong-du-lieu,A03,Điểm thi THPT,2025,20.0,Mạng máy tính và truyền thông dữ liệu (CS Nam Định)
34469,DKK,mang-may-tinh-va-truyen-thong-du-lieu,B00,Điểm thi THPT,2025,20.0,Mạng máy tính và truyền thông dữ liệu (CS Nam Định)
34470,DKK,mang-may-tinh-va-truyen-thong-du-lieu,C01,Điểm thi THPT,2025,20.0,Mạng máy tính và truyền thông dữ liệu (CS Nam Định)
34471,DKK,mang-may-tinh-va-truyen-thong-du-lieu,C02,Điểm thi THPT,2025,20.0,Mạng máy tính và truyền thông dữ liệu (CS Nam Định)
34472,DKK,mang-may-tinh-va-truyen-thong-du-lieu,D01,Điểm thi THPT,2025,20.0,Mạng máy tính và truyền thông dữ liệu (CS Nam Định)
34473,DKK,mang-may-tinh-va-truyen-thong-du-lieu,D07,Điểm thi THPT,2025,20.0,Mạng máy tính và truyền thông dữ liệu (CS Nam Định)
34474,DKK,mang-may-tinh-va-truyen-thong-du-lieu,X02,Điểm thi THPT,2025,20.0,Mạng máy tính và truyền thông dữ liệu (CS Nam Định)
34475,DKK,mang-may-tinh-va-truyen-thong-du-lieu,X03,Điểm thi THPT,2025,20.0,Mạng máy tính và truyền thông dữ liệu (CS Nam Định)
34476,DKK,mang-may-tinh-va-truyen-thong-du-lieu,X05,Điểm thi THPT,2025,20.0,Mạng máy tính và truyền thông dữ liệu (CS Nam Định)
34477,DKK,mang-may-tinh-va-truyen-thong-du-lieu,X06,Điểm thi THPT,2025,20.0,Mạng máy tính và truyền thông dữ liệu (CS Nam Định)
34478,DKK,mang-may-tinh-va-truyen-thong-du-lieu,X07,Điểm thi THPT,2025,20.0,Mạng máy tính và truyền thông dữ liệu (CS Nam Định)
34479,DKK,mang-may-tinh-va-truyen-thong-du-lieu,X10,Điểm thi THPT,2025,20.0,Mạng máy tính và truyền thông dữ liệu (CS Nam Định)
34480,DKK,mang-may-tinh-va-truyen-thong-du-lieu,X11,Điểm thi THPT,2025,20.0,Mạng máy tính và truyền thông dữ liệu (CS Nam Định)
34481,DKK,mang-may-tinh-va-truyen-thong-du-lieu,X14,Điểm thi THPT,2025,20.0,Mạng máy tính và truyền thông dữ liệu (CS Nam Định)
34482,DKK,mang-may-tinh-va-truyen-thong-du-lieu,X15,Điểm thi THPT,2025,20.0,Mạng máy tính và truyền thông dữ liệu (CS Nam Định)
34483,DKK,mang-may-tinh-va-truyen-thong-du-lieu,X26,Điểm thi THPT,2025,20.0,Mạng máy tính và truyền thông dữ liệu (CS Nam Định)
34484,DKK,mang-may-tinh-va-truyen-thong-du-lieu,X27,Điểm thi THPT,2025,20.0,Mạng máy tính và truyền thông dữ liệu (CS Nam Định)
34485,DKK,mang-may-tinh-va-truyen-thong-du-lieu,X56,Điểm thi THPT,2025,20.0,Mạng máy tính và truyền thông dữ liệu (CS Nam Định)
34486,DKK,mang-may-tinh-va-ttdl,A00,Điểm học bạ,2021,21.5,Ngành Mạng máy tính và TTDL
34487,DKK,mang-may-tinh-va-ttdl,A01,Điểm học bạ,2021,21.5,Ngành Mạng máy tính và TTDL
34488,DKK,mang-may-tinh-va-ttdl,C01,Điểm học bạ,2021,21.5,Ngành Mạng máy tính và TTDL
34489,DKK,mang-may-tinh-va-ttdl,D01,Điểm học bạ,2021,21.5,Ngành Mạng máy tính và TTDL
34490,DKK,mang-may-tinh-va-ttdl,A00,Điểm thi THPT,2021,19.75,Ngành Mạng máy tính và TTDL
34491,DKK,mang-may-tinh-va-ttdl,A01,Điểm thi THPT,2021,19.75,Ngành Mạng máy tính và TTDL
34492,DKK,mang-may-tinh-va-ttdl,C01,Điểm thi THPT,2021,19.75,Ngành Mạng máy tính và TTDL
34493,DKK,mang-may-tinh-va-ttdl,D01,Điểm thi THPT,2021,19.75,Ngành Mạng máy tính và TTDL
34494,DKK,marketing,A00,Điểm học bạ,2023,26.0,Marketing
34495,DKK,marketing,A01,Điểm học bạ,2023,26.0,Marketing
34496,DKK,marketing,C01,Điểm học bạ,2023,26.0,Marketing
34497,DKK,marketing,D01,Điểm học bạ,2023,26.0,Marketing
34498,DKK,marketing,A00,Điểm thi THPT,2023,23.7,Marketing
34499,DKK,marketing,A01,Điểm thi THPT,2023,23.7,Marketing
34500,DKK,marketing,C01,Điểm thi THPT,2023,23.7,Marketing
34501,DKK,marketing,D01,Điểm thi THPT,2023,23.7,Marketing
34502,DKK,marketing,A00,Điểm học bạ,2024,26.2,Marketing
34503,DKK,marketing,A01,Điểm học bạ,2024,26.2,Marketing
34504,DKK,marketing,C01,Điểm học bạ,2024,26.2,Marketing
34505,DKK,marketing,D01,Điểm học bạ,2024,26.2,Marketing
34506,DKK,marketing,A00,Điểm thi THPT,2024,24.2,Marketing
34507,DKK,marketing,A01,Điểm thi THPT,2024,24.2,Marketing
34508,DKK,marketing,C01,Điểm thi THPT,2024,24.2,Marketing
34509,DKK,marketing,D01,Điểm thi THPT,2024,24.2,Marketing
34510,DKK,marketing,A00,Điểm học bạ,2025,25.88,Marketing (CS Nam Định)
34511,DKK,marketing,A01,Điểm học bạ,2025,25.88,Marketing (CS Nam Định)
34512,DKK,marketing,A03,Điểm học bạ,2025,25.88,Marketing (CS Nam Định)
34513,DKK,marketing,A04,Điểm học bạ,2025,25.88,Marketing (CS Nam Định)
34514,DKK,marketing,C01,Điểm học bạ,2025,25.88,Marketing (CS Nam Định)
34515,DKK,marketing,C03,Điểm học bạ,2025,25.88,Marketing (CS Nam Định)
34516,DKK,marketing,C04,Điểm học bạ,2025,25.88,Marketing (CS Nam Định)
34517,DKK,marketing,D01,Điểm học bạ,2025,25.88,Marketing (CS Nam Định)
34518,DKK,marketing,D07,Điểm học bạ,2025,25.88,Marketing (CS Nam Định)
34519,DKK,marketing,D09,Điểm học bạ,2025,25.88,Marketing (CS Nam Định)
34520,DKK,marketing,D10,Điểm học bạ,2025,25.88,Marketing (CS Nam Định)
34521,DKK,marketing,X01,Điểm học bạ,2025,25.88,Marketing (CS Nam Định)
34522,DKK,marketing,X02,Điểm học bạ,2025,25.88,Marketing (CS Nam Định)
34523,DKK,marketing,X03,Điểm học bạ,2025,25.88,Marketing (CS Nam Định)
34524,DKK,marketing,X05,Điểm học bạ,2025,25.88,Marketing (CS Nam Định)
34525,DKK,marketing,X06,Điểm học bạ,2025,25.88,Marketing (CS Nam Định)
34526,DKK,marketing,X07,Điểm học bạ,2025,25.88,Marketing (CS Nam Định)
34527,DKK,marketing,X25,Điểm học bạ,2025,25.88,Marketing (CS Nam Định)
34528,DKK,marketing,X26,Điểm học bạ,2025,25.88,Marketing (CS Nam Định)
34529,DKK,marketing,X27,Điểm học bạ,2025,25.88,Marketing (CS Nam Định)
34530,DKK,marketing,A00,Điểm thi THPT,2025,23.0,Marketing (CS Nam Định)
34531,DKK,marketing,A01,Điểm thi THPT,2025,23.0,Marketing (CS Nam Định)
34532,DKK,marketing,A03,Điểm thi THPT,2025,23.0,Marketing (CS Nam Định)
34533,DKK,marketing,A04,Điểm thi THPT,2025,23.0,Marketing (CS Nam Định)
34534,DKK,marketing,C01,Điểm thi THPT,2025,23.0,Marketing (CS Nam Định)
34535,DKK,marketing,C03,Điểm thi THPT,2025,23.0,Marketing (CS Nam Định)
34536,DKK,marketing,C04,Điểm thi THPT,2025,23.0,Marketing (CS Nam Định)
34537,DKK,marketing,D01,Điểm thi THPT,2025,23.0,Marketing (CS Nam Định)
34538,DKK,marketing,D07,Điểm thi THPT,2025,23.0,Marketing (CS Nam Định)
34539,DKK,marketing,D09,Điểm thi THPT,2025,23.0,Marketing (CS Nam Định)
34540,DKK,marketing,D10,Điểm thi THPT,2025,23.0,Marketing (CS Nam Định)
34541,DKK,marketing,X01,Điểm thi THPT,2025,23.0,Marketing (CS Nam Định)
34542,DKK,marketing,X02,Điểm thi THPT,2025,23.0,Marketing (CS Nam Định)
34543,DKK,marketing,X03,Điểm thi THPT,2025,23.0,Marketing (CS Nam Định)
34544,DKK,marketing,X05,Điểm thi THPT,2025,23.0,Marketing (CS Nam Định)
34545,DKK,marketing,X06,Điểm thi THPT,2025,23.0,Marketing (CS Nam Định)
34546,DKK,marketing,X07,Điểm thi THPT,2025,23.0,Marketing (CS Nam Định)
34547,DKK,marketing,X25,Điểm thi THPT,2025,23.0,Marketing (CS Nam Định)
34548,DKK,marketing,X26,Điểm thi THPT,2025,23.0,Marketing (CS Nam Định)
34549,DKK,marketing,X27,Điểm thi THPT,2025,23.0,Marketing (CS Nam Định)
34550,DKK,ngon-ngu-anh,A01,Điểm học bạ,2021,21.5,Ngành Ngôn ngữ Anh
34551,DKK,ngon-ngu-anh,D01,Điểm học bạ,2021,21.5,Ngành Ngôn ngữ Anh
34552,DKK,ngon-ngu-anh,D09,Điểm học bạ,2021,21.5,Ngành Ngôn ngữ Anh
34553,DKK,ngon-ngu-anh,D10,Điểm học bạ,2021,21.5,Ngành Ngôn ngữ Anh
34554,DKK,ngon-ngu-anh,A01,Điểm thi THPT,2021,17.25,Ngành Ngôn ngữ Anh
34555,DKK,ngon-ngu-anh,D01,Điểm thi THPT,2021,17.25,Ngành Ngôn ngữ Anh
34556,DKK,ngon-ngu-anh,D09,Điểm thi THPT,2021,17.25,Ngành Ngôn ngữ Anh
34557,DKK,ngon-ngu-anh,D10,Điểm thi THPT,2021,17.25,Ngành Ngôn ngữ Anh
34558,DKK,ngon-ngu-anh,A01,Điểm học bạ,2022,25.5,Ngôn ngữ Anh
34559,DKK,ngon-ngu-anh,D01,Điểm học bạ,2022,25.5,Ngôn ngữ Anh
34560,DKK,ngon-ngu-anh,D09,Điểm học bạ,2022,25.5,Ngôn ngữ Anh
34561,DKK,ngon-ngu-anh,D10,Điểm học bạ,2022,25.5,Ngôn ngữ Anh
34562,DKK,ngon-ngu-anh,A01,Điểm thi THPT,2022,23.0,Ngôn ngữ Anh
34563,DKK,ngon-ngu-anh,D01,Điểm thi THPT,2022,23.0,Ngôn ngữ Anh
34564,DKK,ngon-ngu-anh,D09,Điểm thi THPT,2022,23.0,Ngôn ngữ Anh
34565,DKK,ngon-ngu-anh,D10,Điểm thi THPT,2022,23.0,Ngôn ngữ Anh
34566,DKK,ngon-ngu-anh,A01,Điểm học bạ,2023,25.5,Ngôn ngữ Anh
34567,DKK,ngon-ngu-anh,D01,Điểm học bạ,2023,25.5,Ngôn ngữ Anh
34568,DKK,ngon-ngu-anh,D09,Điểm học bạ,2023,25.5,Ngôn ngữ Anh
34569,DKK,ngon-ngu-anh,D14,Điểm học bạ,2023,25.5,Ngôn ngữ Anh
34570,DKK,ngon-ngu-anh,A01,Điểm thi THPT,2023,23.0,Ngôn ngữ Anh
34571,DKK,ngon-ngu-anh,D01,Điểm thi THPT,2023,23.0,Ngôn ngữ Anh
34572,DKK,ngon-ngu-anh,D09,Điểm thi THPT,2023,23.0,Ngôn ngữ Anh
34573,DKK,ngon-ngu-anh,D14,Điểm thi THPT,2023,23.0,Ngôn ngữ Anh
34574,DKK,ngon-ngu-anh,A01,Điểm học bạ,2024,25.2,Ngôn ngữ Anh
34575,DKK,ngon-ngu-anh,D01,Điểm học bạ,2024,25.2,Ngôn ngữ Anh
34576,DKK,ngon-ngu-anh,D09,Điểm học bạ,2024,25.2,Ngôn ngữ Anh
34577,DKK,ngon-ngu-anh,D14,Điểm học bạ,2024,25.2,Ngôn ngữ Anh
34578,DKK,ngon-ngu-anh,A01,Điểm thi THPT,2024,23.2,Ngôn ngữ Anh
34579,DKK,ngon-ngu-anh,D01,Điểm thi THPT,2024,23.2,Ngôn ngữ Anh
34580,DKK,ngon-ngu-anh,D09,Điểm thi THPT,2024,23.2,Ngôn ngữ Anh
34581,DKK,ngon-ngu-anh,D14,Điểm thi THPT,2024,23.2,Ngôn ngữ Anh
34582,DKK,ngon-ngu-anh,A01,Điểm học bạ,2025,25.0,Ngôn ngữ Anh (CS Nam Định)
34583,DKK,ngon-ngu-anh,D01,Điểm học bạ,2025,25.0,Ngôn ngữ Anh (CS Nam Định)
34584,DKK,ngon-ngu-anh,D07,Điểm học bạ,2025,25.0,Ngôn ngữ Anh (CS Nam Định)
34585,DKK,ngon-ngu-anh,D09,Điểm học bạ,2025,25.0,Ngôn ngữ Anh (CS Nam Định)
34586,DKK,ngon-ngu-anh,D10,Điểm học bạ,2025,25.0,Ngôn ngữ Anh (CS Nam Định)
34587,DKK,ngon-ngu-anh,D11,Điểm học bạ,2025,25.0,Ngôn ngữ Anh (CS Nam Định)
34588,DKK,ngon-ngu-anh,D14,Điểm học bạ,2025,25.0,Ngôn ngữ Anh (CS Nam Định)
34589,DKK,ngon-ngu-anh,D15,Điểm học bạ,2025,25.0,Ngôn ngữ Anh (CS Nam Định)
34590,DKK,ngon-ngu-anh,X25,Điểm học bạ,2025,25.0,Ngôn ngữ Anh (CS Nam Định)
34591,DKK,ngon-ngu-anh,X26,Điểm học bạ,2025,25.0,Ngôn ngữ Anh (CS Nam Định)
34592,DKK,ngon-ngu-anh,X27,Điểm học bạ,2025,25.0,Ngôn ngữ Anh (CS Nam Định)
34593,DKK,ngon-ngu-anh,X78,Điểm học bạ,2025,25.0,Ngôn ngữ Anh (CS Nam Định)
34594,DKK,ngon-ngu-anh,A01,Điểm thi THPT,2025,22.0,Ngôn ngữ Anh (CS Nam Định)
34595,DKK,ngon-ngu-anh,D01,Điểm thi THPT,2025,22.0,Ngôn ngữ Anh (CS Nam Định)
34596,DKK,ngon-ngu-anh,D07,Điểm thi THPT,2025,22.0,Ngôn ngữ Anh (CS Nam Định)
34597,DKK,ngon-ngu-anh,D09,Điểm thi THPT,2025,22.0,Ngôn ngữ Anh (CS Nam Định)
34598,DKK,ngon-ngu-anh,D10,Điểm thi THPT,2025,22.0,Ngôn ngữ Anh (CS Nam Định)
34599,DKK,ngon-ngu-anh,D11,Điểm thi THPT,2025,22.0,Ngôn ngữ Anh (CS Nam Định)
34600,DKK,ngon-ngu-anh,D14,Điểm thi THPT,2025,22.0,Ngôn ngữ Anh (CS Nam Định)
34601,DKK,ngon-ngu-anh,D15,Điểm thi THPT,2025,22.0,Ngôn ngữ Anh (CS Nam Định)
34602,DKK,ngon-ngu-anh,X25,Điểm thi THPT,2025,22.0,Ngôn ngữ Anh (CS Nam Định)
34603,DKK,ngon-ngu-anh,X26,Điểm thi THPT,2025,22.0,Ngôn ngữ Anh (CS Nam Định)
34604,DKK,ngon-ngu-anh,X27,Điểm thi THPT,2025,22.0,Ngôn ngữ Anh (CS Nam Định)
34605,DKK,ngon-ngu-anh,X78,Điểm thi THPT,2025,22.0,Ngôn ngữ Anh (CS Nam Định)
34606,DKK,qt-dv-du-lich-lu-hanh,A00,Điểm học bạ,2022,26.5,QT DV du lịch & lữ hành
34607,DKK,qt-dv-du-lich-lu-hanh,A01,Điểm học bạ,2022,26.5,QT DV du lịch & lữ hành
34608,DKK,qt-dv-du-lich-lu-hanh,C00,Điểm học bạ,2022,26.5,QT DV du lịch & lữ hành
34609,DKK,qt-dv-du-lich-lu-hanh,D01,Điểm học bạ,2022,26.5,QT DV du lịch & lữ hành
34610,DKK,qt-dv-du-lich-lu-hanh,A00,Điểm thi THPT,2022,24.0,QT DV du lịch & lữ hành
34611,DKK,qt-dv-du-lich-lu-hanh,A01,Điểm thi THPT,2022,24.0,QT DV du lịch & lữ hành
34612,DKK,qt-dv-du-lich-lu-hanh,C00,Điểm thi THPT,2022,24.0,QT DV du lịch & lữ hành
34613,DKK,qt-dv-du-lich-lu-hanh,D01,Điểm thi THPT,2022,24.0,QT DV du lịch & lữ hành
34614,DKK,quan-tri-dich-vu-du-lich-va-lu-hanh,A00,Điểm học bạ,2021,18.0,Ngành Quản trị dịch vụ du lịch và lữ hành
34615,DKK,quan-tri-dich-vu-du-lich-va-lu-hanh,A01,Điểm học bạ,2021,18.0,Ngành Quản trị dịch vụ du lịch và lữ hành
34616,DKK,quan-tri-dich-vu-du-lich-va-lu-hanh,C00,Điểm học bạ,2021,18.0,Ngành Quản trị dịch vụ du lịch và lữ hành
34617,DKK,quan-tri-dich-vu-du-lich-va-lu-hanh,D01,Điểm học bạ,2021,18.0,Ngành Quản trị dịch vụ du lịch và lữ hành
34618,DKK,quan-tri-dich-vu-du-lich-va-lu-hanh,A00,Điểm thi THPT,2021,17.25,Ngành Quản trị dịch vụ du lịch và lữ hành
34619,DKK,quan-tri-dich-vu-du-lich-va-lu-hanh,A01,Điểm thi THPT,2021,17.25,Ngành Quản trị dịch vụ du lịch và lữ hành
34620,DKK,quan-tri-dich-vu-du-lich-va-lu-hanh,C00,Điểm thi THPT,2021,17.25,Ngành Quản trị dịch vụ du lịch và lữ hành
34621,DKK,quan-tri-dich-vu-du-lich-va-lu-hanh,D01,Điểm thi THPT,2021,17.25,Ngành Quản trị dịch vụ du lịch và lữ hành
34622,DKK,quan-tri-dich-vu-du-lich-va-lu-hanh,A00,Điểm học bạ,2023,25.5,Quản trị dịch vụ du lịch và lữ hành
34623,DKK,quan-tri-dich-vu-du-lich-va-lu-hanh,A01,Điểm học bạ,2023,25.5,Quản trị dịch vụ du lịch và lữ hành
34624,DKK,quan-tri-dich-vu-du-lich-va-lu-hanh,C00,Điểm học bạ,2023,25.5,Quản trị dịch vụ du lịch và lữ hành
34625,DKK,quan-tri-dich-vu-du-lich-va-lu-hanh,D01,Điểm học bạ,2023,25.5,Quản trị dịch vụ du lịch và lữ hành
34626,DKK,quan-tri-dich-vu-du-lich-va-lu-hanh,A00,Điểm thi THPT,2023,23.0,Quản trị dịch vụ du lịch và lữ hành
34627,DKK,quan-tri-dich-vu-du-lich-va-lu-hanh,A01,Điểm thi THPT,2023,23.0,Quản trị dịch vụ du lịch và lữ hành
34628,DKK,quan-tri-dich-vu-du-lich-va-lu-hanh,C00,Điểm thi THPT,2023,23.0,Quản trị dịch vụ du lịch và lữ hành
34629,DKK,quan-tri-dich-vu-du-lich-va-lu-hanh,D01,Điểm thi THPT,2023,23.0,Quản trị dịch vụ du lịch và lữ hành
34630,DKK,quan-tri-dich-vu-du-lich-va-lu-hanh,A00,Điểm học bạ,2024,26.5,Quản trị dịch vụ du lịch và lữ hành
34631,DKK,quan-tri-dich-vu-du-lich-va-lu-hanh,A01,Điểm học bạ,2024,26.5,Quản trị dịch vụ du lịch và lữ hành
34632,DKK,quan-tri-dich-vu-du-lich-va-lu-hanh,C01,Điểm học bạ,2024,26.5,Quản trị dịch vụ du lịch và lữ hành
34633,DKK,quan-tri-dich-vu-du-lich-va-lu-hanh,D01,Điểm học bạ,2024,26.5,Quản trị dịch vụ du lịch và lữ hành
34634,DKK,quan-tri-dich-vu-du-lich-va-lu-hanh,A00,Điểm thi THPT,2024,24.5,Quản trị dịch vụ du lịch và lữ hành
34635,DKK,quan-tri-dich-vu-du-lich-va-lu-hanh,A01,Điểm thi THPT,2024,24.5,Quản trị dịch vụ du lịch và lữ hành
34636,DKK,quan-tri-dich-vu-du-lich-va-lu-hanh,C01,Điểm thi THPT,2024,24.5,Quản trị dịch vụ du lịch và lữ hành
34637,DKK,quan-tri-dich-vu-du-lich-va-lu-hanh,D01,Điểm thi THPT,2024,24.5,Quản trị dịch vụ du lịch và lữ hành
34638,DKK,quan-tri-dich-vu-du-lich-va-lu-hanh,C00,Điểm học bạ,2025,26.31,Quản trị dịch vụ du lịch và lữ hành (CS Nam Định)
34639,DKK,quan-tri-dich-vu-du-lich-va-lu-hanh,C01,Điểm học bạ,2025,26.31,Quản trị dịch vụ du lịch và lữ hành (CS Nam Định)
34640,DKK,quan-tri-dich-vu-du-lich-va-lu-hanh,C03,Điểm học bạ,2025,26.31,Quản trị dịch vụ du lịch và lữ hành (CS Nam Định)
34641,DKK,quan-tri-dich-vu-du-lich-va-lu-hanh,C04,Điểm học bạ,2025,26.31,Quản trị dịch vụ du lịch và lữ hành (CS Nam Định)
34642,DKK,quan-tri-dich-vu-du-lich-va-lu-hanh,C07,Điểm học bạ,2025,26.31,Quản trị dịch vụ du lịch và lữ hành (CS Nam Định)
34643,DKK,quan-tri-dich-vu-du-lich-va-lu-hanh,C09,Điểm học bạ,2025,26.31,Quản trị dịch vụ du lịch và lữ hành (CS Nam Định)
34644,DKK,quan-tri-dich-vu-du-lich-va-lu-hanh,D01,Điểm học bạ,2025,26.31,Quản trị dịch vụ du lịch và lữ hành (CS Nam Định)
34645,DKK,quan-tri-dich-vu-du-lich-va-lu-hanh,D11,Điểm học bạ,2025,26.31,Quản trị dịch vụ du lịch và lữ hành (CS Nam Định)
34646,DKK,quan-tri-dich-vu-du-lich-va-lu-hanh,D14,Điểm học bạ,2025,26.31,Quản trị dịch vụ du lịch và lữ hành (CS Nam Định)
34647,DKK,quan-tri-dich-vu-du-lich-va-lu-hanh,D15,Điểm học bạ,2025,26.31,Quản trị dịch vụ du lịch và lữ hành (CS Nam Định)
34648,DKK,quan-tri-dich-vu-du-lich-va-lu-hanh,X01,Điểm học bạ,2025,26.31,Quản trị dịch vụ du lịch và lữ hành (CS Nam Định)
34649,DKK,quan-tri-dich-vu-du-lich-va-lu-hanh,X70,Điểm học bạ,2025,26.31,Quản trị dịch vụ du lịch và lữ hành (CS Nam Định)
34650,DKK,quan-tri-dich-vu-du-lich-va-lu-hanh,X74,Điểm học bạ,2025,26.31,Quản trị dịch vụ du lịch và lữ hành (CS Nam Định)
34651,DKK,quan-tri-dich-vu-du-lich-va-lu-hanh,X78,Điểm học bạ,2025,26.31,Quản trị dịch vụ du lịch và lữ hành (CS Nam Định)
34652,DKK,quan-tri-dich-vu-du-lich-va-lu-hanh,X79,Điểm học bạ,2025,26.31,Quản trị dịch vụ du lịch và lữ hành (CS Nam Định)
34653,DKK,quan-tri-dich-vu-du-lich-va-lu-hanh,X80,Điểm học bạ,2025,26.31,Quản trị dịch vụ du lịch và lữ hành (CS Nam Định)
34654,DKK,quan-tri-dich-vu-du-lich-va-lu-hanh,C00,Điểm thi THPT,2025,23.5,Quản trị dịch vụ du lịch và lữ hành (CS Nam Định)
34655,DKK,quan-tri-dich-vu-du-lich-va-lu-hanh,C01,Điểm thi THPT,2025,23.5,Quản trị dịch vụ du lịch và lữ hành (CS Nam Định)
34656,DKK,quan-tri-dich-vu-du-lich-va-lu-hanh,C03,Điểm thi THPT,2025,23.5,Quản trị dịch vụ du lịch và lữ hành (CS Nam Định)
34657,DKK,quan-tri-dich-vu-du-lich-va-lu-hanh,C04,Điểm thi THPT,2025,23.5,Quản trị dịch vụ du lịch và lữ hành (CS Nam Định)
34658,DKK,quan-tri-dich-vu-du-lich-va-lu-hanh,C07,Điểm thi THPT,2025,23.5,Quản trị dịch vụ du lịch và lữ hành (CS Nam Định)
34659,DKK,quan-tri-dich-vu-du-lich-va-lu-hanh,C09,Điểm thi THPT,2025,23.5,Quản trị dịch vụ du lịch và lữ hành (CS Nam Định)
34660,DKK,quan-tri-dich-vu-du-lich-va-lu-hanh,D01,Điểm thi THPT,2025,23.5,Quản trị dịch vụ du lịch và lữ hành (CS Nam Định)
34661,DKK,quan-tri-dich-vu-du-lich-va-lu-hanh,D11,Điểm thi THPT,2025,23.5,Quản trị dịch vụ du lịch và lữ hành (CS Nam Định)
34662,DKK,quan-tri-dich-vu-du-lich-va-lu-hanh,D14,Điểm thi THPT,2025,23.5,Quản trị dịch vụ du lịch và lữ hành (CS Nam Định)
34663,DKK,quan-tri-dich-vu-du-lich-va-lu-hanh,D15,Điểm thi THPT,2025,23.5,Quản trị dịch vụ du lịch và lữ hành (CS Nam Định)
34664,DKK,quan-tri-dich-vu-du-lich-va-lu-hanh,X01,Điểm thi THPT,2025,23.5,Quản trị dịch vụ du lịch và lữ hành (CS Nam Định)
34665,DKK,quan-tri-dich-vu-du-lich-va-lu-hanh,X70,Điểm thi THPT,2025,23.5,Quản trị dịch vụ du lịch và lữ hành (CS Nam Định)
34666,DKK,quan-tri-dich-vu-du-lich-va-lu-hanh,X74,Điểm thi THPT,2025,23.5,Quản trị dịch vụ du lịch và lữ hành (CS Nam Định)
34667,DKK,quan-tri-dich-vu-du-lich-va-lu-hanh,X78,Điểm thi THPT,2025,23.5,Quản trị dịch vụ du lịch và lữ hành (CS Nam Định)
34668,DKK,quan-tri-dich-vu-du-lich-va-lu-hanh,X79,Điểm thi THPT,2025,23.5,Quản trị dịch vụ du lịch và lữ hành (CS Nam Định)
34669,DKK,quan-tri-dich-vu-du-lich-va-lu-hanh,X80,Điểm thi THPT,2025,23.5,Quản trị dịch vụ du lịch và lữ hành (CS Nam Định)
34670,DKK,quan-tri-khach-san,A00,Điểm học bạ,2023,25.5,Quản trị khách sạn
34671,DKK,quan-tri-khach-san,A01,Điểm học bạ,2023,25.5,Quản trị khách sạn
34672,DKK,quan-tri-khach-san,C00,Điểm học bạ,2023,25.5,Quản trị khách sạn
34673,DKK,quan-tri-khach-san,D01,Điểm học bạ,2023,25.5,Quản trị khách sạn
34674,DKK,quan-tri-khach-san,A00,Điểm thi THPT,2023,23.3,Quản trị khách sạn
34675,DKK,quan-tri-khach-san,A01,Điểm thi THPT,2023,23.3,Quản trị khách sạn
34676,DKK,quan-tri-khach-san,C00,Điểm thi THPT,2023,23.3,Quản trị khách sạn
34677,DKK,quan-tri-khach-san,D01,Điểm thi THPT,2023,23.3,Quản trị khách sạn
34678,DKK,quan-tri-khach-san,A00,Điểm học bạ,2024,26.5,Quản trị khách sạn
34679,DKK,quan-tri-khach-san,A01,Điểm học bạ,2024,26.5,Quản trị khách sạn
34680,DKK,quan-tri-khach-san,C01,Điểm học bạ,2024,26.5,Quản trị khách sạn
34681,DKK,quan-tri-khach-san,D01,Điểm học bạ,2024,26.5,Quản trị khách sạn
34682,DKK,quan-tri-khach-san,A00,Điểm thi THPT,2024,24.5,Quản trị khách sạn
34683,DKK,quan-tri-khach-san,A01,Điểm thi THPT,2024,24.5,Quản trị khách sạn
34684,DKK,quan-tri-khach-san,C01,Điểm thi THPT,2024,24.5,Quản trị khách sạn
34685,DKK,quan-tri-khach-san,D01,Điểm thi THPT,2024,24.5,Quản trị khách sạn
34686,DKK,quan-tri-khach-san,C00,Điểm học bạ,2025,26.31,Quản trị khách sạn (CS Nam Định)
34687,DKK,quan-tri-khach-san,C01,Điểm học bạ,2025,26.31,Quản trị khách sạn (CS Nam Định)
34688,DKK,quan-tri-khach-san,C03,Điểm học bạ,2025,26.31,Quản trị khách sạn (CS Nam Định)
34689,DKK,quan-tri-khach-san,C04,Điểm học bạ,2025,26.31,Quản trị khách sạn (CS Nam Định)
34690,DKK,quan-tri-khach-san,C07,Điểm học bạ,2025,26.31,Quản trị khách sạn (CS Nam Định)
34691,DKK,quan-tri-khach-san,C09,Điểm học bạ,2025,26.31,Quản trị khách sạn (CS Nam Định)
34692,DKK,quan-tri-khach-san,D01,Điểm học bạ,2025,26.31,Quản trị khách sạn (CS Nam Định)
34693,DKK,quan-tri-khach-san,D11,Điểm học bạ,2025,26.31,Quản trị khách sạn (CS Nam Định)
34694,DKK,quan-tri-khach-san,D14,Điểm học bạ,2025,26.31,Quản trị khách sạn (CS Nam Định)
34695,DKK,quan-tri-khach-san,D15,Điểm học bạ,2025,26.31,Quản trị khách sạn (CS Nam Định)
34696,DKK,quan-tri-khach-san,X01,Điểm học bạ,2025,26.31,Quản trị khách sạn (CS Nam Định)
34697,DKK,quan-tri-khach-san,X70,Điểm học bạ,2025,26.31,Quản trị khách sạn (CS Nam Định)
34698,DKK,quan-tri-khach-san,X74,Điểm học bạ,2025,26.31,Quản trị khách sạn (CS Nam Định)
34699,DKK,quan-tri-khach-san,X78,Điểm học bạ,2025,26.31,Quản trị khách sạn (CS Nam Định)
34700,DKK,quan-tri-khach-san,X79,Điểm học bạ,2025,26.31,Quản trị khách sạn (CS Nam Định)
34701,DKK,quan-tri-khach-san,X80,Điểm học bạ,2025,26.31,Quản trị khách sạn (CS Nam Định)
34702,DKK,quan-tri-khach-san,C00,Điểm thi THPT,2025,23.5,Quản trị khách sạn (CS Nam Định)
34703,DKK,quan-tri-khach-san,C01,Điểm thi THPT,2025,23.5,Quản trị khách sạn (CS Nam Định)
34704,DKK,quan-tri-khach-san,C03,Điểm thi THPT,2025,23.5,Quản trị khách sạn (CS Nam Định)
34705,DKK,quan-tri-khach-san,C04,Điểm thi THPT,2025,23.5,Quản trị khách sạn (CS Nam Định)
34706,DKK,quan-tri-khach-san,C07,Điểm thi THPT,2025,23.5,Quản trị khách sạn (CS Nam Định)
34707,DKK,quan-tri-khach-san,C09,Điểm thi THPT,2025,23.5,Quản trị khách sạn (CS Nam Định)
34708,DKK,quan-tri-khach-san,D01,Điểm thi THPT,2025,23.5,Quản trị khách sạn (CS Nam Định)
34709,DKK,quan-tri-khach-san,D11,Điểm thi THPT,2025,23.5,Quản trị khách sạn (CS Nam Định)
34710,DKK,quan-tri-khach-san,D14,Điểm thi THPT,2025,23.5,Quản trị khách sạn (CS Nam Định)
34711,DKK,quan-tri-khach-san,D15,Điểm thi THPT,2025,23.5,Quản trị khách sạn (CS Nam Định)
34712,DKK,quan-tri-khach-san,X01,Điểm thi THPT,2025,23.5,Quản trị khách sạn (CS Nam Định)
34713,DKK,quan-tri-khach-san,X70,Điểm thi THPT,2025,23.5,Quản trị khách sạn (CS Nam Định)
34714,DKK,quan-tri-khach-san,X74,Điểm thi THPT,2025,23.5,Quản trị khách sạn (CS Nam Định)
34715,DKK,quan-tri-khach-san,X78,Điểm thi THPT,2025,23.5,Quản trị khách sạn (CS Nam Định)
34716,DKK,quan-tri-khach-san,X79,Điểm thi THPT,2025,23.5,Quản trị khách sạn (CS Nam Định)
34717,DKK,quan-tri-khach-san,X80,Điểm thi THPT,2025,23.5,Quản trị khách sạn (CS Nam Định)
34718,DKK,quan-tri-kinh-doanh,A00,Điểm học bạ,2021,23.0,Ngành Quản trị kinh doanh
34719,DKK,quan-tri-kinh-doanh,A01,Điểm học bạ,2021,23.0,Ngành Quản trị kinh doanh
34720,DKK,quan-tri-kinh-doanh,C01,Điểm học bạ,2021,23.0,Ngành Quản trị kinh doanh
34721,DKK,quan-tri-kinh-doanh,D01,Điểm học bạ,2021,23.0,Ngành Quản trị kinh doanh
34722,DKK,quan-tri-kinh-doanh,A00,Điểm thi THPT,2021,17.75,Ngành Quản trị kinh doanh
34723,DKK,quan-tri-kinh-doanh,A01,Điểm thi THPT,2021,17.75,Ngành Quản trị kinh doanh
34724,DKK,quan-tri-kinh-doanh,C01,Điểm thi THPT,2021,17.75,Ngành Quản trị kinh doanh
34725,DKK,quan-tri-kinh-doanh,D01,Điểm thi THPT,2021,17.75,Ngành Quản trị kinh doanh
34726,DKK,quan-tri-kinh-doanh,A00,Điểm học bạ,2022,26.0,Quản trị kinh doanh
34727,DKK,quan-tri-kinh-doanh,A01,Điểm học bạ,2022,26.0,Quản trị kinh doanh
34728,DKK,quan-tri-kinh-doanh,C01,Điểm học bạ,2022,26.0,Quản trị kinh doanh
34729,DKK,quan-tri-kinh-doanh,D01,Điểm học bạ,2022,26.0,Quản trị kinh doanh
34730,DKK,quan-tri-kinh-doanh,A00,Điểm thi THPT,2022,23.5,Quản trị kinh doanh
34731,DKK,quan-tri-kinh-doanh,A01,Điểm thi THPT,2022,23.5,Quản trị kinh doanh
34732,DKK,quan-tri-kinh-doanh,C01,Điểm thi THPT,2022,23.5,Quản trị kinh doanh
34733,DKK,quan-tri-kinh-doanh,D01,Điểm thi THPT,2022,23.5,Quản trị kinh doanh
34734,DKK,quan-tri-kinh-doanh,A00,Điểm học bạ,2023,25.5,Quản trị kinh doanh
34735,DKK,quan-tri-kinh-doanh,A01,Điểm học bạ,2023,25.5,Quản trị kinh doanh
34736,DKK,quan-tri-kinh-doanh,C01,Điểm học bạ,2023,25.5,Quản trị kinh doanh
34737,DKK,quan-tri-kinh-doanh,D01,Điểm học bạ,2023,25.5,Quản trị kinh doanh
34738,DKK,quan-tri-kinh-doanh,A00,Điểm thi THPT,2023,23.3,Quản trị kinh doanh
34739,DKK,quan-tri-kinh-doanh,A01,Điểm thi THPT,2023,23.3,Quản trị kinh doanh
34740,DKK,quan-tri-kinh-doanh,C01,Điểm thi THPT,2023,23.3,Quản trị kinh doanh
34741,DKK,quan-tri-kinh-doanh,D01,Điểm thi THPT,2023,23.3,Quản trị kinh doanh
34742,DKK,quan-tri-kinh-doanh,A00,Điểm học bạ,2024,25.2,Quản trị kinh doanh
34743,DKK,quan-tri-kinh-doanh,A01,Điểm học bạ,2024,25.2,Quản trị kinh doanh
34744,DKK,quan-tri-kinh-doanh,C01,Điểm học bạ,2024,25.2,Quản trị kinh doanh
34745,DKK,quan-tri-kinh-doanh,D01,Điểm học bạ,2024,25.2,Quản trị kinh doanh
34746,DKK,quan-tri-kinh-doanh,A00,Điểm thi THPT,2024,23.2,Quản trị kinh doanh
34747,DKK,quan-tri-kinh-doanh,A01,Điểm thi THPT,2024,23.2,Quản trị kinh doanh
34748,DKK,quan-tri-kinh-doanh,C01,Điểm thi THPT,2024,23.2,Quản trị kinh doanh
34749,DKK,quan-tri-kinh-doanh,D01,Điểm thi THPT,2024,23.2,Quản trị kinh doanh
34750,DKK,quan-tri-kinh-doanh,A00,Điểm học bạ,2025,25.0,Quản trị kinh doanh (CS Nam Định)
34751,DKK,quan-tri-kinh-doanh,A01,Điểm học bạ,2025,25.0,Quản trị kinh doanh (CS Nam Định)
34752,DKK,quan-tri-kinh-doanh,A03,Điểm học bạ,2025,25.0,Quản trị kinh doanh (CS Nam Định)
34753,DKK,quan-tri-kinh-doanh,A04,Điểm học bạ,2025,25.0,Quản trị kinh doanh (CS Nam Định)
34754,DKK,quan-tri-kinh-doanh,C01,Điểm học bạ,2025,25.0,Quản trị kinh doanh (CS Nam Định)
34755,DKK,quan-tri-kinh-doanh,C03,Điểm học bạ,2025,25.0,Quản trị kinh doanh (CS Nam Định)
34756,DKK,quan-tri-kinh-doanh,C04,Điểm học bạ,2025,25.0,Quản trị kinh doanh (CS Nam Định)
34757,DKK,quan-tri-kinh-doanh,D01,Điểm học bạ,2025,25.0,Quản trị kinh doanh (CS Nam Định)
34758,DKK,quan-tri-kinh-doanh,D07,Điểm học bạ,2025,25.0,Quản trị kinh doanh (CS Nam Định)
34759,DKK,quan-tri-kinh-doanh,D09,Điểm học bạ,2025,25.0,Quản trị kinh doanh (CS Nam Định)
34760,DKK,quan-tri-kinh-doanh,D10,Điểm học bạ,2025,25.0,Quản trị kinh doanh (CS Nam Định)
34761,DKK,quan-tri-kinh-doanh,X01,Điểm học bạ,2025,25.0,Quản trị kinh doanh (CS Nam Định)
34762,DKK,quan-tri-kinh-doanh,X02,Điểm học bạ,2025,25.0,Quản trị kinh doanh (CS Nam Định)
34763,DKK,quan-tri-kinh-doanh,X03,Điểm học bạ,2025,25.0,Quản trị kinh doanh (CS Nam Định)
34764,DKK,quan-tri-kinh-doanh,X05,Điểm học bạ,2025,25.0,Quản trị kinh doanh (CS Nam Định)
34765,DKK,quan-tri-kinh-doanh,X06,Điểm học bạ,2025,25.0,Quản trị kinh doanh (CS Nam Định)
34766,DKK,quan-tri-kinh-doanh,X07,Điểm học bạ,2025,25.0,Quản trị kinh doanh (CS Nam Định)
34767,DKK,quan-tri-kinh-doanh,X25,Điểm học bạ,2025,25.0,Quản trị kinh doanh (CS Nam Định)
34768,DKK,quan-tri-kinh-doanh,X26,Điểm học bạ,2025,25.0,Quản trị kinh doanh (CS Nam Định)
34769,DKK,quan-tri-kinh-doanh,X27,Điểm học bạ,2025,25.0,Quản trị kinh doanh (CS Nam Định)
34770,DKK,quan-tri-kinh-doanh,A00,Điểm thi THPT,2025,22.0,Quản trị kinh doanh (CS Nam Định)
34771,DKK,quan-tri-kinh-doanh,A01,Điểm thi THPT,2025,22.0,Quản trị kinh doanh (CS Nam Định)
34772,DKK,quan-tri-kinh-doanh,A03,Điểm thi THPT,2025,22.0,Quản trị kinh doanh (CS Nam Định)
34773,DKK,quan-tri-kinh-doanh,A04,Điểm thi THPT,2025,22.0,Quản trị kinh doanh (CS Nam Định)
34774,DKK,quan-tri-kinh-doanh,C01,Điểm thi THPT,2025,22.0,Quản trị kinh doanh (CS Nam Định)
34775,DKK,quan-tri-kinh-doanh,C03,Điểm thi THPT,2025,22.0,Quản trị kinh doanh (CS Nam Định)
34776,DKK,quan-tri-kinh-doanh,C04,Điểm thi THPT,2025,22.0,Quản trị kinh doanh (CS Nam Định)
34777,DKK,quan-tri-kinh-doanh,D01,Điểm thi THPT,2025,22.0,Quản trị kinh doanh (CS Nam Định)
34778,DKK,quan-tri-kinh-doanh,D07,Điểm thi THPT,2025,22.0,Quản trị kinh doanh (CS Nam Định)
34779,DKK,quan-tri-kinh-doanh,D09,Điểm thi THPT,2025,22.0,Quản trị kinh doanh (CS Nam Định)
34780,DKK,quan-tri-kinh-doanh,D10,Điểm thi THPT,2025,22.0,Quản trị kinh doanh (CS Nam Định)
34781,DKK,quan-tri-kinh-doanh,X01,Điểm thi THPT,2025,22.0,Quản trị kinh doanh (CS Nam Định)
34782,DKK,quan-tri-kinh-doanh,X02,Điểm thi THPT,2025,22.0,Quản trị kinh doanh (CS Nam Định)
34783,DKK,quan-tri-kinh-doanh,X03,Điểm thi THPT,2025,22.0,Quản trị kinh doanh (CS Nam Định)
34784,DKK,quan-tri-kinh-doanh,X05,Điểm thi THPT,2025,22.0,Quản trị kinh doanh (CS Nam Định)
34785,DKK,quan-tri-kinh-doanh,X06,Điểm thi THPT,2025,22.0,Quản trị kinh doanh (CS Nam Định)
34786,DKK,quan-tri-kinh-doanh,X07,Điểm thi THPT,2025,22.0,Quản trị kinh doanh (CS Nam Định)
34787,DKK,quan-tri-kinh-doanh,X25,Điểm thi THPT,2025,22.0,Quản trị kinh doanh (CS Nam Định)
34788,DKK,quan-tri-kinh-doanh,X26,Điểm thi THPT,2025,22.0,Quản trị kinh doanh (CS Nam Định)
34789,DKK,quan-tri-kinh-doanh,X27,Điểm thi THPT,2025,22.0,Quản trị kinh doanh (CS Nam Định)
34790,DKK,tai-chinh-ngan-hang,A00,Điểm học bạ,2021,20.75,Ngành Tài chính – Ngân hàng
34791,DKK,tai-chinh-ngan-hang,A01,Điểm học bạ,2021,20.75,Ngành Tài chính – Ngân hàng
34792,DKK,tai-chinh-ngan-hang,C01,Điểm học bạ,2021,20.75,Ngành Tài chính – Ngân hàng
34793,DKK,tai-chinh-ngan-hang,D01,Điểm học bạ,2021,20.75,Ngành Tài chính – Ngân hàng
34794,DKK,tai-chinh-ngan-hang,A00,Điểm thi THPT,2021,16.75,Ngành Tài chính – Ngân hàng
34795,DKK,tai-chinh-ngan-hang,A01,Điểm thi THPT,2021,16.75,Ngành Tài chính – Ngân hàng
34796,DKK,tai-chinh-ngan-hang,C01,Điểm thi THPT,2021,16.75,Ngành Tài chính – Ngân hàng
34797,DKK,tai-chinh-ngan-hang,D01,Điểm thi THPT,2021,16.75,Ngành Tài chính – Ngân hàng
34798,DKK,tai-chinh-ngan-hang,A00,Điểm học bạ,2022,25.2,Tài chính ngân hàng
34799,DKK,tai-chinh-ngan-hang,A01,Điểm học bạ,2022,25.2,Tài chính ngân hàng
34800,DKK,tai-chinh-ngan-hang,C01,Điểm học bạ,2022,25.2,Tài chính ngân hàng
34801,DKK,tai-chinh-ngan-hang,D01,Điểm học bạ,2022,25.2,Tài chính ngân hàng
34802,DKK,tai-chinh-ngan-hang,A00,Điểm thi THPT,2022,22.8,Tài chính ngân hàng
34803,DKK,tai-chinh-ngan-hang,A01,Điểm thi THPT,2022,22.8,Tài chính ngân hàng
34804,DKK,tai-chinh-ngan-hang,C01,Điểm thi THPT,2022,22.8,Tài chính ngân hàng
34805,DKK,tai-chinh-ngan-hang,D01,Điểm thi THPT,2022,22.8,Tài chính ngân hàng
34806,DKK,tai-chinh-ngan-hang,A00,Điểm học bạ,2023,25.5,Tài chính - Ngân hàng
34807,DKK,tai-chinh-ngan-hang,A01,Điểm học bạ,2023,25.5,Tài chính - Ngân hàng
34808,DKK,tai-chinh-ngan-hang,C01,Điểm học bạ,2023,25.5,Tài chính - Ngân hàng
34809,DKK,tai-chinh-ngan-hang,D01,Điểm học bạ,2023,25.5,Tài chính - Ngân hàng
34810,DKK,tai-chinh-ngan-hang,A00,Điểm thi THPT,2023,23.0,Tài chính - Ngân hàng
34811,DKK,tai-chinh-ngan-hang,A01,Điểm thi THPT,2023,23.0,Tài chính - Ngân hàng
34812,DKK,tai-chinh-ngan-hang,C01,Điểm thi THPT,2023,23.0,Tài chính - Ngân hàng
34813,DKK,tai-chinh-ngan-hang,D01,Điểm thi THPT,2023,23.0,Tài chính - Ngân hàng
34814,DKK,tai-chinh-ngan-hang,A00,Điểm học bạ,2024,25.2,Tài chính - Ngân hàng
34815,DKK,tai-chinh-ngan-hang,A01,Điểm học bạ,2024,25.2,Tài chính - Ngân hàng
34816,DKK,tai-chinh-ngan-hang,C01,Điểm học bạ,2024,25.2,Tài chính - Ngân hàng
34817,DKK,tai-chinh-ngan-hang,D01,Điểm học bạ,2024,25.2,Tài chính - Ngân hàng
34818,DKK,tai-chinh-ngan-hang,A00,Điểm thi THPT,2024,23.2,Tài chính - Ngân hàng
34819,DKK,tai-chinh-ngan-hang,A01,Điểm thi THPT,2024,23.2,Tài chính - Ngân hàng
34820,DKK,tai-chinh-ngan-hang,C01,Điểm thi THPT,2024,23.2,Tài chính - Ngân hàng
34821,DKK,tai-chinh-ngan-hang,D01,Điểm thi THPT,2024,23.2,Tài chính - Ngân hàng
34822,DKK,tai-chinh-ngan-hang,A00,Điểm học bạ,2025,22.98,Tài chính – Ngân hàng (CS Nam Định)
34823,DKK,tai-chinh-ngan-hang,A01,Điểm học bạ,2025,22.98,Tài chính – Ngân hàng (CS Nam Định)
34824,DKK,tai-chinh-ngan-hang,A03,Điểm học bạ,2025,22.98,Tài chính – Ngân hàng (CS Nam Định)
34825,DKK,tai-chinh-ngan-hang,A04,Điểm học bạ,2025,22.98,Tài chính – Ngân hàng (CS Nam Định)
34826,DKK,tai-chinh-ngan-hang,C01,Điểm học bạ,2025,22.98,Tài chính – Ngân hàng (CS Nam Định)
34827,DKK,tai-chinh-ngan-hang,C03,Điểm học bạ,2025,22.98,Tài chính – Ngân hàng (CS Nam Định)
34828,DKK,tai-chinh-ngan-hang,C04,Điểm học bạ,2025,22.98,Tài chính – Ngân hàng (CS Nam Định)
34829,DKK,tai-chinh-ngan-hang,D01,Điểm học bạ,2025,22.98,Tài chính – Ngân hàng (CS Nam Định)
34830,DKK,tai-chinh-ngan-hang,D07,Điểm học bạ,2025,22.98,Tài chính – Ngân hàng (CS Nam Định)
34831,DKK,tai-chinh-ngan-hang,D09,Điểm học bạ,2025,22.98,Tài chính – Ngân hàng (CS Nam Định)
34832,DKK,tai-chinh-ngan-hang,D10,Điểm học bạ,2025,22.98,Tài chính – Ngân hàng (CS Nam Định)
34833,DKK,tai-chinh-ngan-hang,X01,Điểm học bạ,2025,22.98,Tài chính – Ngân hàng (CS Nam Định)
34834,DKK,tai-chinh-ngan-hang,X02,Điểm học bạ,2025,22.98,Tài chính – Ngân hàng (CS Nam Định)
34835,DKK,tai-chinh-ngan-hang,X03,Điểm học bạ,2025,22.98,Tài chính – Ngân hàng (CS Nam Định)
34836,DKK,tai-chinh-ngan-hang,X05,Điểm học bạ,2025,22.98,Tài chính – Ngân hàng (CS Nam Định)
34837,DKK,tai-chinh-ngan-hang,X06,Điểm học bạ,2025,22.98,Tài chính – Ngân hàng (CS Nam Định)
34838,DKK,tai-chinh-ngan-hang,X07,Điểm học bạ,2025,22.98,Tài chính – Ngân hàng (CS Nam Định)
34839,DKK,tai-chinh-ngan-hang,X25,Điểm học bạ,2025,22.98,Tài chính – Ngân hàng (CS Nam Định)
34840,DKK,tai-chinh-ngan-hang,X26,Điểm học bạ,2025,22.98,Tài chính – Ngân hàng (CS Nam Định)
34841,DKK,tai-chinh-ngan-hang,X27,Điểm học bạ,2025,22.98,Tài chính – Ngân hàng (CS Nam Định)
34842,DKK,tai-chinh-ngan-hang,A00,Điểm thi THPT,2025,20.2,Tài chính – Ngân hàng (CS Nam Định)
34843,DKK,tai-chinh-ngan-hang,A01,Điểm thi THPT,2025,20.2,Tài chính – Ngân hàng (CS Nam Định)
34844,DKK,tai-chinh-ngan-hang,A03,Điểm thi THPT,2025,20.2,Tài chính – Ngân hàng (CS Nam Định)
34845,DKK,tai-chinh-ngan-hang,A04,Điểm thi THPT,2025,20.2,Tài chính – Ngân hàng (CS Nam Định)
34846,DKK,tai-chinh-ngan-hang,C01,Điểm thi THPT,2025,20.2,Tài chính – Ngân hàng (CS Nam Định)
34847,DKK,tai-chinh-ngan-hang,C03,Điểm thi THPT,2025,20.2,Tài chính – Ngân hàng (CS Nam Định)
34848,DKK,tai-chinh-ngan-hang,C04,Điểm thi THPT,2025,20.2,Tài chính – Ngân hàng (CS Nam Định)
34849,DKK,tai-chinh-ngan-hang,D01,Điểm thi THPT,2025,20.2,Tài chính – Ngân hàng (CS Nam Định)
34850,DKK,tai-chinh-ngan-hang,D07,Điểm thi THPT,2025,20.2,Tài chính – Ngân hàng (CS Nam Định)
34851,DKK,tai-chinh-ngan-hang,D09,Điểm thi THPT,2025,20.2,Tài chính – Ngân hàng (CS Nam Định)
34852,DKK,tai-chinh-ngan-hang,D10,Điểm thi THPT,2025,20.2,Tài chính – Ngân hàng (CS Nam Định)
34853,DKK,tai-chinh-ngan-hang,X01,Điểm thi THPT,2025,20.2,Tài chính – Ngân hàng (CS Nam Định)
34854,DKK,tai-chinh-ngan-hang,X02,Điểm thi THPT,2025,20.2,Tài chính – Ngân hàng (CS Nam Định)
34855,DKK,tai-chinh-ngan-hang,X03,Điểm thi THPT,2025,20.2,Tài chính – Ngân hàng (CS Nam Định)
34856,DKK,tai-chinh-ngan-hang,X05,Điểm thi THPT,2025,20.2,Tài chính – Ngân hàng (CS Nam Định)
34857,DKK,tai-chinh-ngan-hang,X06,Điểm thi THPT,2025,20.2,Tài chính – Ngân hàng (CS Nam Định)
34858,DKK,tai-chinh-ngan-hang,X07,Điểm thi THPT,2025,20.2,Tài chính – Ngân hàng (CS Nam Định)
34859,DKK,tai-chinh-ngan-hang,X25,Điểm thi THPT,2025,20.2,Tài chính – Ngân hàng (CS Nam Định)
34860,DKK,tai-chinh-ngan-hang,X26,Điểm thi THPT,2025,20.2,Tài chính – Ngân hàng (CS Nam Định)
34861,DKK,tai-chinh-ngan-hang,X27,Điểm thi THPT,2025,20.2,Tài chính – Ngân hàng (CS Nam Định)
34862,DKS,kiem-sat,A00,Điểm thi THPT,2023,20.1,"Luật, chuyên ngành Kiểm sát"
34863,DKS,kiem-sat,A01,Điểm thi THPT,2023,20.15,"Luật, chuyên ngành Kiểm sát"
34864,DKS,kiem-sat,C00,Điểm thi THPT,2023,21.5,"Luật, chuyên ngành Kiểm sát"
34865,DKS,kiem-sat,D01,Điểm thi THPT,2023,22.3,"Luật, chuyên ngành Kiểm sát"
34866,DKS,kiem-sat,A00,Điểm học bạ,2024,28.23,Luật - Chuyên ngành Kiểm sát
34867,DKS,kiem-sat,A01,Điểm học bạ,2024,25.7,Luật - Chuyên ngành Kiểm sát
34868,DKS,kiem-sat,C00,Điểm học bạ,2024,25.17,Luật - Chuyên ngành Kiểm sát
34869,DKS,kiem-sat,D01,Điểm học bạ,2024,23.72,Luật - Chuyên ngành Kiểm sát
34870,DKS,kiem-sat,A00,Điểm thi THPT,2024,22.7,"Luật, chuyên ngành Kiểm sát"
34871,DKS,kiem-sat,A01,Điểm thi THPT,2024,24.6,"Luật, chuyên ngành Kiểm sát"
34872,DKS,kiem-sat,C00,Điểm thi THPT,2024,26.03,"Luật, chuyên ngành Kiểm sát"
34873,DKS,kiem-sat,D01,Điểm thi THPT,2024,23.23,"Luật, chuyên ngành Kiểm sát"
34874,DKS,luat,A00,Điểm học bạ,2024,24.05,Luật
34875,DKS,luat,A01,Điểm học bạ,2024,24.05,Luật
34876,DKS,luat,C00,Điểm học bạ,2024,24.05,Luật
34877,DKS,luat,D01,Điểm học bạ,2024,24.05,Luật
34878,DKS,luat,A00,Điểm thi THPT,2024,27.62,Luật
34879,DKS,luat,A01,Điểm thi THPT,2024,27.62,Luật
34880,DKS,luat,C00,Điểm thi THPT,2024,27.62,Luật
34881,DKS,luat,D01,Điểm thi THPT,2024,27.62,Luật
34882,DKS,luat,A00,Điểm học bạ,2025,23.55,Luật
34883,DKS,luat,A01,Điểm học bạ,2025,23.55,Luật
34884,DKS,luat,C01,Điểm học bạ,2025,23.55,Luật
34885,DKS,luat,C02,Điểm học bạ,2025,23.55,Luật
34886,DKS,luat,C03,Điểm học bạ,2025,23.55,Luật
34887,DKS,luat,C04,Điểm học bạ,2025,23.55,Luật
34888,DKS,luat,D01,Điểm học bạ,2025,23.55,Luật
34889,DKS,luat,D07,Điểm học bạ,2025,23.55,Luật
34890,DKS,luat,D09,Điểm học bạ,2025,23.55,Luật
34891,DKS,luat,D14,Điểm học bạ,2025,23.55,Luật
34892,DKS,luat,D15,Điểm học bạ,2025,23.55,Luật
34893,DKS,luat,A00,Điểm thi THPT,2025,24.92,Luật
34894,DKS,luat,A01,Điểm thi THPT,2025,23.83,Luật
34895,DKS,luat,C01,Điểm thi THPT,2025,25.25,Luật
34896,DKS,luat,C02,Điểm thi THPT,2025,25.25,Luật
34897,DKS,luat,C03,Điểm thi THPT,2025,25.25,Luật
34898,DKS,luat,C04,Điểm thi THPT,2025,25.25,Luật
34899,DKS,luat,D01,Điểm thi THPT,2025,23.55,Luật
34900,DKS,luat,D07,Điểm thi THPT,2025,23.22,Luật
34901,DKS,luat,D09,Điểm thi THPT,2025,23.55,Luật
34902,DKS,luat,D14,Điểm thi THPT,2025,23.55,Luật
34903,DKS,luat,D15,Điểm thi THPT,2025,23.55,Luật
34904,DKS,luat-kiem-sat,A00,Điểm học bạ,2025,23.96,"Luật Kiểm Sát (GT: Nam, miền Bắc)"
34905,DKS,luat-kiem-sat,A01,Điểm học bạ,2025,23.96,"Luật Kiểm Sát (GT: Nam, miền Bắc)"
34906,DKS,luat-kiem-sat,C01,Điểm học bạ,2025,23.96,"Luật Kiểm Sát (GT: Nam, miền Bắc)"
34907,DKS,luat-kiem-sat,C02,Điểm học bạ,2025,23.96,"Luật Kiểm Sát (GT: Nam, miền Bắc)"
34908,DKS,luat-kiem-sat,C03,Điểm học bạ,2025,23.96,"Luật Kiểm Sát (GT: Nam, miền Bắc)"
34909,DKS,luat-kiem-sat,C04,Điểm học bạ,2025,23.96,"Luật Kiểm Sát (GT: Nam, miền Bắc)"
34910,DKS,luat-kiem-sat,D01,Điểm học bạ,2025,23.96,"Luật Kiểm Sát (GT: Nam, miền Bắc)"
34911,DKS,luat-kiem-sat,D07,Điểm học bạ,2025,23.96,"Luật Kiểm Sát (GT: Nam, miền Bắc)"
34912,DKS,luat-kiem-sat,D09,Điểm học bạ,2025,23.96,"Luật Kiểm Sát (GT: Nam, miền Bắc)"
34913,DKS,luat-kiem-sat,D14,Điểm học bạ,2025,23.96,"Luật Kiểm Sát (GT: Nam, miền Bắc)"
34914,DKS,luat-kiem-sat,D15,Điểm học bạ,2025,23.96,"Luật Kiểm Sát (GT: Nam, miền Bắc)"
34915,DKS,luat-kiem-sat,A00,Điểm thi THPT,2025,25.33,"Luật Kiểm Sát (GT: Nam, miền Bắc)"
34916,DKS,luat-kiem-sat,A01,Điểm thi THPT,2025,24.24,"Luật Kiểm Sát (GT: Nam, miền Bắc)"
34917,DKS,luat-kiem-sat,C01,Điểm thi THPT,2025,25.66,"Luật Kiểm Sát (GT: Nam, miền Bắc)"
34918,DKS,luat-kiem-sat,C02,Điểm thi THPT,2025,25.66,"Luật Kiểm Sát (GT: Nam, miền Bắc)"
34919,DKS,luat-kiem-sat,C03,Điểm thi THPT,2025,25.66,"Luật Kiểm Sát (GT: Nam, miền Bắc)"
34920,DKS,luat-kiem-sat,C04,Điểm thi THPT,2025,25.66,"Luật Kiểm Sát (GT: Nam, miền Bắc)"
34921,DKS,luat-kiem-sat,D01,Điểm thi THPT,2025,23.96,"Luật Kiểm Sát (GT: Nam, miền Bắc)"
34922,DKS,luat-kiem-sat,D07,Điểm thi THPT,2025,23.63,"Luật Kiểm Sát (GT: Nam, miền Bắc)"
34923,DKS,luat-kiem-sat,D09,Điểm thi THPT,2025,23.96,"Luật Kiểm Sát (GT: Nam, miền Bắc)"
34924,DKS,luat-kiem-sat,D14,Điểm thi THPT,2025,23.96,"Luật Kiểm Sát (GT: Nam, miền Bắc)"
34925,DKS,luat-kiem-sat,D15,Điểm thi THPT,2025,23.96,"Luật Kiểm Sát (GT: Nam, miền Bắc)"
34926,DKS,luat-kinh-te,A00,Điểm học bạ,2024,23.45,Luật kinh tế
34927,DKS,luat-kinh-te,A01,Điểm học bạ,2024,23.45,Luật kinh tế
34928,DKS,luat-kinh-te,C00,Điểm học bạ,2024,23.45,Luật kinh tế
34929,DKS,luat-kinh-te,D01,Điểm học bạ,2024,23.45,Luật kinh tế
34930,DKS,luat-kinh-te,A00,Điểm thi THPT,2024,26.86,Luật kinh tế
34931,DKS,luat-kinh-te,A01,Điểm thi THPT,2024,26.86,Luật kinh tế
34932,DKS,luat-kinh-te,C00,Điểm thi THPT,2024,26.86,Luật kinh tế
34933,DKS,luat-kinh-te,D01,Điểm thi THPT,2024,26.86,Luật kinh tế
34934,DKS,luat-kinh-te,A00,Điểm học bạ,2025,23.42,Luật Kinh Tế
34935,DKS,luat-kinh-te,A01,Điểm học bạ,2025,23.42,Luật Kinh Tế
34936,DKS,luat-kinh-te,C01,Điểm học bạ,2025,23.42,Luật Kinh Tế
34937,DKS,luat-kinh-te,C02,Điểm học bạ,2025,23.42,Luật Kinh Tế
34938,DKS,luat-kinh-te,C03,Điểm học bạ,2025,23.42,Luật Kinh Tế
34939,DKS,luat-kinh-te,C04,Điểm học bạ,2025,23.42,Luật Kinh Tế
34940,DKS,luat-kinh-te,D01,Điểm học bạ,2025,23.42,Luật Kinh Tế
34941,DKS,luat-kinh-te,D07,Điểm học bạ,2025,23.42,Luật Kinh Tế
34942,DKS,luat-kinh-te,D09,Điểm học bạ,2025,23.42,Luật Kinh Tế
34943,DKS,luat-kinh-te,D14,Điểm học bạ,2025,23.42,Luật Kinh Tế
34944,DKS,luat-kinh-te,D15,Điểm học bạ,2025,23.42,Luật Kinh Tế
34945,DKS,luat-kinh-te,A00,Điểm thi THPT,2025,24.79,Luật Kinh Tế
34946,DKS,luat-kinh-te,A01,Điểm thi THPT,2025,23.7,Luật Kinh Tế
34947,DKS,luat-kinh-te,C01,Điểm thi THPT,2025,25.12,Luật Kinh Tế
34948,DKS,luat-kinh-te,C02,Điểm thi THPT,2025,25.12,Luật Kinh Tế
34949,DKS,luat-kinh-te,C03,Điểm thi THPT,2025,25.12,Luật Kinh Tế
34950,DKS,luat-kinh-te,C04,Điểm thi THPT,2025,25.12,Luật Kinh Tế
34951,DKS,luat-kinh-te,D01,Điểm thi THPT,2025,23.42,Luật Kinh Tế
34952,DKS,luat-kinh-te,D07,Điểm thi THPT,2025,23.09,Luật Kinh Tế
34953,DKS,luat-kinh-te,D09,Điểm thi THPT,2025,23.42,Luật Kinh Tế
34954,DKS,luat-kinh-te,D14,Điểm thi THPT,2025,23.42,Luật Kinh Tế
34955,DKS,luat-kinh-te,D15,Điểm thi THPT,2025,23.42,Luật Kinh Tế
34956,DKS,luat-thi-sinh-nam-khu-vuc-tay-bac,A00,Điểm thi THPT,2022,26.75,Luật - Thí sinh Nam khu vực Tây Bắc
34957,DKS,luat-thi-sinh-nam-khu-vuc-tay-bac,A01,Điểm thi THPT,2022,21.95,Luật - Thí sinh Nam khu vực Tây Bắc
34958,DKS,luat-thi-sinh-nam-khu-vuc-tay-bac,C00,Điểm thi THPT,2022,22.5,Luật - Thí sinh Nam khu vực Tây Bắc
34959,DKS,luat-thi-sinh-nam-khu-vuc-tay-bac,D01,Điểm thi THPT,2022,23.9,Luật - Thí sinh Nam khu vực Tây Bắc
34960,DKS,luat-thi-sinh-nam-khu-vuc-tay-nam-bo,A00,Điểm thi THPT,2021,25.55,Luật - Thí sinh Nam khu vực Tây Nam Bộ
34961,DKS,luat-thi-sinh-nam-khu-vuc-tay-nam-bo,A01,Điểm thi THPT,2021,21.55,Luật - Thí sinh Nam khu vực Tây Nam Bộ
34962,DKS,luat-thi-sinh-nam-khu-vuc-tay-nam-bo,C00,Điểm thi THPT,2021,26.5,Luật - Thí sinh Nam khu vực Tây Nam Bộ
34963,DKS,luat-thi-sinh-nam-khu-vuc-tay-nam-bo,D01,Điểm thi THPT,2021,20.2,Luật - Thí sinh Nam khu vực Tây Nam Bộ
34964,DKS,luat-thi-sinh-nam-khu-vuc-tay-nam-bo,A00,Điểm thi THPT,2022,20.45,Luật - Thí sinh Nam khu vực Tây Nam Bộ
34965,DKS,luat-thi-sinh-nam-khu-vuc-tay-nam-bo,A01,Điểm thi THPT,2022,22.35,Luật - Thí sinh Nam khu vực Tây Nam Bộ
34966,DKS,luat-thi-sinh-nam-khu-vuc-tay-nam-bo,C00,Điểm thi THPT,2022,25.25,Luật - Thí sinh Nam khu vực Tây Nam Bộ
34967,DKS,luat-thi-sinh-nam-khu-vuc-tay-nam-bo,D01,Điểm thi THPT,2022,20.0,Luật - Thí sinh Nam khu vực Tây Nam Bộ
34968,DKS,luat-thi-sinh-nam-phia-bac,A00,Điểm thi THPT,2021,23.2,Luật - Thí sinh Nam phía Bắc
34969,DKS,luat-thi-sinh-nam-phia-bac,A01,Điểm thi THPT,2021,24.6,Luật - Thí sinh Nam phía Bắc
34970,DKS,luat-thi-sinh-nam-phia-bac,C00,Điểm thi THPT,2021,27.5,Luật - Thí sinh Nam phía Bắc
34971,DKS,luat-thi-sinh-nam-phia-bac,D01,Điểm thi THPT,2021,24.75,Luật - Thí sinh Nam phía Bắc
34972,DKS,luat-thi-sinh-nam-phia-bac,A00,Điểm thi THPT,2022,23.25,Luật - Thí sinh Nam phía Bắc
34973,DKS,luat-thi-sinh-nam-phia-bac,A01,Điểm thi THPT,2022,23.4,Luật - Thí sinh Nam phía Bắc
34974,DKS,luat-thi-sinh-nam-phia-bac,C00,Điểm thi THPT,2022,27.25,Luật - Thí sinh Nam phía Bắc
34975,DKS,luat-thi-sinh-nam-phia-bac,D01,Điểm thi THPT,2022,22.65,Luật - Thí sinh Nam phía Bắc
34976,DKS,luat-thi-sinh-nam-phia-nam,A00,Điểm thi THPT,2021,22.1,Luật - Thí sinh Nam phía Nam
34977,DKS,luat-thi-sinh-nam-phia-nam,A01,Điểm thi THPT,2021,20.1,Luật - Thí sinh Nam phía Nam
34978,DKS,luat-thi-sinh-nam-phia-nam,C00,Điểm thi THPT,2021,25.25,Luật - Thí sinh Nam phía Nam
34979,DKS,luat-thi-sinh-nam-phia-nam,D01,Điểm thi THPT,2021,20.3,Luật - Thí sinh Nam phía Nam
34980,DKS,luat-thi-sinh-nam-phia-nam,A00,Điểm thi THPT,2022,20.4,Luật - Thí sinh Nam phía Nam
34981,DKS,luat-thi-sinh-nam-phia-nam,A01,Điểm thi THPT,2022,20.25,Luật - Thí sinh Nam phía Nam
34982,DKS,luat-thi-sinh-nam-phia-nam,C00,Điểm thi THPT,2022,21.25,Luật - Thí sinh Nam phía Nam
34983,DKS,luat-thi-sinh-nam-phia-nam,D01,Điểm thi THPT,2022,20.35,Luật - Thí sinh Nam phía Nam
34984,DKS,luat-thi-sinh-nu-khu-vuc-tay-bac,A00,Điểm thi THPT,2022,20.6,Luật - Thí sinh Nữ khu vực Tây Bắc
34985,DKS,luat-thi-sinh-nu-khu-vuc-tay-bac,A01,Điểm thi THPT,2022,23.05,Luật - Thí sinh Nữ khu vực Tây Bắc
34986,DKS,luat-thi-sinh-nu-khu-vuc-tay-bac,C00,Điểm thi THPT,2022,21.75,Luật - Thí sinh Nữ khu vực Tây Bắc
34987,DKS,luat-thi-sinh-nu-khu-vuc-tay-bac,D01,Điểm thi THPT,2022,22.05,Luật - Thí sinh Nữ khu vực Tây Bắc
34988,DKS,luat-thi-sinh-nu-khu-vuc-tay-nam-bo,A00,Điểm thi THPT,2021,22.35,Luật - Thí sinh Nữ khu vực Tây Nam Bộ
34989,DKS,luat-thi-sinh-nu-khu-vuc-tay-nam-bo,A01,Điểm thi THPT,2021,25.8,Luật - Thí sinh Nữ khu vực Tây Nam Bộ
34990,DKS,luat-thi-sinh-nu-khu-vuc-tay-nam-bo,C00,Điểm thi THPT,2021,26.75,Luật - Thí sinh Nữ khu vực Tây Nam Bộ
34991,DKS,luat-thi-sinh-nu-khu-vuc-tay-nam-bo,D01,Điểm thi THPT,2021,24.4,Luật - Thí sinh Nữ khu vực Tây Nam Bộ
34992,DKS,luat-thi-sinh-nu-khu-vuc-tay-nam-bo,A00,Điểm thi THPT,2022,21.4,Luật - Thí sinh Nữ khu vực Tây Nam Bộ
34993,DKS,luat-thi-sinh-nu-khu-vuc-tay-nam-bo,C00,Điểm thi THPT,2022,20.5,Luật - Thí sinh Nữ khu vực Tây Nam Bộ
34994,DKS,luat-thi-sinh-nu-khu-vuc-tay-nam-bo,D01,Điểm thi THPT,2022,21.3,Luật - Thí sinh Nữ khu vực Tây Nam Bộ
34995,DKS,luat-thi-sinh-nu-phia-bac,A00,Điểm thi THPT,2021,24.05,Luật - Thí sinh Nữ phía Bắc
34996,DKS,luat-thi-sinh-nu-phia-bac,A01,Điểm thi THPT,2021,24.55,Luật - Thí sinh Nữ phía Bắc
34997,DKS,luat-thi-sinh-nu-phia-bac,C00,Điểm thi THPT,2021,29.25,Luật - Thí sinh Nữ phía Bắc
34998,DKS,luat-thi-sinh-nu-phia-bac,D01,Điểm thi THPT,2021,26.55,Luật - Thí sinh Nữ phía Bắc
34999,DKS,luat-thi-sinh-nu-phia-bac,A00,Điểm thi THPT,2022,24.55,Luật - Thí sinh Nữ phía Bắc
35000,DKS,luat-thi-sinh-nu-phia-bac,A01,Điểm thi THPT,2022,25.75,Luật - Thí sinh Nữ phía Bắc
35001,DKS,luat-thi-sinh-nu-phia-bac,C00,Điểm thi THPT,2022,28.75,Luật - Thí sinh Nữ phía Bắc
35002,DKS,luat-thi-sinh-nu-phia-bac,D01,Điểm thi THPT,2022,25.5,Luật - Thí sinh Nữ phía Bắc
35003,DKS,luat-thi-sinh-nu-phia-nam,A00,Điểm thi THPT,2021,23.2,Luật - Thí sinh Nữ phía Nam
35004,DKS,luat-thi-sinh-nu-phia-nam,A01,Điểm thi THPT,2021,23.55,Luật - Thí sinh Nữ phía Nam
35005,DKS,luat-thi-sinh-nu-phia-nam,C00,Điểm thi THPT,2021,26.0,Luật - Thí sinh Nữ phía Nam
35006,DKS,luat-thi-sinh-nu-phia-nam,D01,Điểm thi THPT,2021,25.75,Luật - Thí sinh Nữ phía Nam
35007,DKS,luat-thi-sinh-nu-phia-nam,A00,Điểm thi THPT,2022,21.45,Luật - Thí sinh Nữ phía Nam
35008,DKS,luat-thi-sinh-nu-phia-nam,A01,Điểm thi THPT,2022,22.1,Luật - Thí sinh Nữ phía Nam
35009,DKS,luat-thi-sinh-nu-phia-nam,C00,Điểm thi THPT,2022,24.0,Luật - Thí sinh Nữ phía Nam
35010,DKS,luat-thi-sinh-nu-phia-nam,D01,Điểm thi THPT,2022,22.45,Luật - Thí sinh Nữ phía Nam
35011,DKS,luat-thuong-mai,A00,Điểm học bạ,2021,25.66,Luật - Chuyên ngành Luật Thương Mại
35012,DKS,luat-thuong-mai,A01,Điểm học bạ,2021,25.66,Luật - Chuyên ngành Luật Thương Mại
35013,DKS,luat-thuong-mai,C00,Điểm học bạ,2021,25.66,Luật - Chuyên ngành Luật Thương Mại
35014,DKS,luat-thuong-mai,D01,Điểm học bạ,2021,25.66,Luật - Chuyên ngành Luật Thương Mại
35015,DKT,chinh-tri-hoc,A01,Điểm thi THPT,2021,18.0,Chính trị học
35016,DKT,chinh-tri-hoc,C00,Điểm thi THPT,2021,18.0,Chính trị học
35017,DKT,chinh-tri-hoc,C19,Điểm thi THPT,2021,18.0,Chính trị học
35018,DKT,chinh-tri-hoc,D01,Điểm thi THPT,2021,18.0,Chính trị học
35019,DKT,cong-nghe-ky-thuat-co-dien-tu,A00,Điểm học bạ,2025,15.0,Công nghệ kỹ thuật cơ - điện tử
35020,DKT,cong-nghe-ky-thuat-co-dien-tu,A01,Điểm học bạ,2025,15.0,Công nghệ kỹ thuật cơ - điện tử
35021,DKT,cong-nghe-ky-thuat-co-dien-tu,A02,Điểm học bạ,2025,15.0,Công nghệ kỹ thuật cơ - điện tử
35022,DKT,cong-nghe-ky-thuat-co-dien-tu,A12,Điểm học bạ,2025,15.0,Công nghệ kỹ thuật cơ - điện tử
35023,DKT,cong-nghe-ky-thuat-co-dien-tu,C01,Điểm học bạ,2025,15.0,Công nghệ kỹ thuật cơ - điện tử
35024,DKT,cong-nghe-ky-thuat-co-dien-tu,C02,Điểm học bạ,2025,15.0,Công nghệ kỹ thuật cơ - điện tử
35025,DKT,cong-nghe-ky-thuat-co-dien-tu,C04,Điểm học bạ,2025,15.0,Công nghệ kỹ thuật cơ - điện tử
35026,DKT,cong-nghe-ky-thuat-co-dien-tu,D07,Điểm học bạ,2025,15.0,Công nghệ kỹ thuật cơ - điện tử
35027,DKT,cong-nghe-ky-thuat-co-dien-tu,A00,Điểm thi THPT,2025,15.0,Công nghệ kỹ thuật cơ - điện tử
35028,DKT,cong-nghe-ky-thuat-co-dien-tu,A01,Điểm thi THPT,2025,15.0,Công nghệ kỹ thuật cơ - điện tử
35029,DKT,cong-nghe-ky-thuat-co-dien-tu,A02,Điểm thi THPT,2025,15.0,Công nghệ kỹ thuật cơ - điện tử
35030,DKT,cong-nghe-ky-thuat-co-dien-tu,A12,Điểm thi THPT,2025,15.0,Công nghệ kỹ thuật cơ - điện tử
35031,DKT,cong-nghe-ky-thuat-co-dien-tu,C01,Điểm thi THPT,2025,15.0,Công nghệ kỹ thuật cơ - điện tử
35032,DKT,cong-nghe-ky-thuat-co-dien-tu,C02,Điểm thi THPT,2025,15.0,Công nghệ kỹ thuật cơ - điện tử
35033,DKT,cong-nghe-ky-thuat-co-dien-tu,C04,Điểm thi THPT,2025,15.0,Công nghệ kỹ thuật cơ - điện tử
35034,DKT,cong-nghe-ky-thuat-co-dien-tu,D07,Điểm thi THPT,2025,15.0,Công nghệ kỹ thuật cơ - điện tử
35035,DKT,cong-nghe-ky-thuat-dien-tu-vien-thong,A00,Điểm học bạ,2023,15.5,Công nghệ kỹ thuật điện tử - viễn thông
35036,DKT,cong-nghe-ky-thuat-dien-tu-vien-thong,A01,Điểm học bạ,2023,15.5,Công nghệ kỹ thuật điện tử - viễn thông
35037,DKT,cong-nghe-ky-thuat-dien-tu-vien-thong,D01,Điểm học bạ,2023,15.5,Công nghệ kỹ thuật điện tử - viễn thông
35038,DKT,cong-nghe-ky-thuat-dien-tu-vien-thong,A00,Điểm thi THPT,2023,15.0,Công nghệ kỹ thuật điện tử - viễn thông
35039,DKT,cong-nghe-ky-thuat-dien-tu-vien-thong,A01,Điểm thi THPT,2023,15.0,Công nghệ kỹ thuật điện tử - viễn thông
35040,DKT,cong-nghe-ky-thuat-dien-tu-vien-thong,D01,Điểm thi THPT,2023,15.0,Công nghệ kỹ thuật điện tử - viễn thông
35041,DKT,cong-nghe-ky-thuat-dien-tu-vien-thong,A00,Điểm học bạ,2024,15.5,Công nghệ kỹ thuật điện tử - viễn thông
35042,DKT,cong-nghe-ky-thuat-dien-tu-vien-thong,A01,Điểm học bạ,2024,15.5,Công nghệ kỹ thuật điện tử - viễn thông
35043,DKT,cong-nghe-ky-thuat-dien-tu-vien-thong,D01,Điểm học bạ,2024,15.5,Công nghệ kỹ thuật điện tử - viễn thông
35044,DKT,cong-nghe-ky-thuat-dien-tu-vien-thong,A00,Điểm thi THPT,2024,15.0,Công nghệ kỹ thuật điện tử - viễn thông
35045,DKT,cong-nghe-ky-thuat-dien-tu-vien-thong,A01,Điểm thi THPT,2024,15.0,Công nghệ kỹ thuật điện tử - viễn thông
35046,DKT,cong-nghe-ky-thuat-dien-tu-vien-thong,D01,Điểm thi THPT,2024,15.0,Công nghệ kỹ thuật điện tử - viễn thông
35047,DKT,cong-nghe-ky-thuat-dien-tu-vien-thong,A00,Điểm học bạ,2025,15.0,Công nghệ Kỹ thuật Điện tử - Viễn thông
35048,DKT,cong-nghe-ky-thuat-dien-tu-vien-thong,A01,Điểm học bạ,2025,15.0,Công nghệ Kỹ thuật Điện tử - Viễn thông
35049,DKT,cong-nghe-ky-thuat-dien-tu-vien-thong,A02,Điểm học bạ,2025,15.0,Công nghệ Kỹ thuật Điện tử - Viễn thông
35050,DKT,cong-nghe-ky-thuat-dien-tu-vien-thong,A12,Điểm học bạ,2025,15.0,Công nghệ Kỹ thuật Điện tử - Viễn thông
35051,DKT,cong-nghe-ky-thuat-dien-tu-vien-thong,C01,Điểm học bạ,2025,15.0,Công nghệ Kỹ thuật Điện tử - Viễn thông
35052,DKT,cong-nghe-ky-thuat-dien-tu-vien-thong,C02,Điểm học bạ,2025,15.0,Công nghệ Kỹ thuật Điện tử - Viễn thông
35053,DKT,cong-nghe-ky-thuat-dien-tu-vien-thong,C04,Điểm học bạ,2025,15.0,Công nghệ Kỹ thuật Điện tử - Viễn thông
35054,DKT,cong-nghe-ky-thuat-dien-tu-vien-thong,D01,Điểm học bạ,2025,15.0,Công nghệ Kỹ thuật Điện tử - Viễn thông
35055,DKT,cong-nghe-ky-thuat-dien-tu-vien-thong,A00,Điểm thi THPT,2025,15.0,Công nghệ Kỹ thuật Điện tử - Viễn thông
35056,DKT,cong-nghe-ky-thuat-dien-tu-vien-thong,A01,Điểm thi THPT,2025,15.0,Công nghệ Kỹ thuật Điện tử - Viễn thông
35057,DKT,cong-nghe-ky-thuat-dien-tu-vien-thong,A02,Điểm thi THPT,2025,15.0,Công nghệ Kỹ thuật Điện tử - Viễn thông
35058,DKT,cong-nghe-ky-thuat-dien-tu-vien-thong,A12,Điểm thi THPT,2025,15.0,Công nghệ Kỹ thuật Điện tử - Viễn thông
35059,DKT,cong-nghe-ky-thuat-dien-tu-vien-thong,C01,Điểm thi THPT,2025,15.0,Công nghệ Kỹ thuật Điện tử - Viễn thông
35060,DKT,cong-nghe-ky-thuat-dien-tu-vien-thong,C02,Điểm thi THPT,2025,15.0,Công nghệ Kỹ thuật Điện tử - Viễn thông
35061,DKT,cong-nghe-ky-thuat-dien-tu-vien-thong,C04,Điểm thi THPT,2025,15.0,Công nghệ Kỹ thuật Điện tử - Viễn thông
35062,DKT,cong-nghe-ky-thuat-dien-tu-vien-thong,D01,Điểm thi THPT,2025,15.0,Công nghệ Kỹ thuật Điện tử - Viễn thông
35063,DKT,cong-nghe-thong-tin,A00,Điểm thi THPT,2021,15.5,Công nghệ thông tin
35064,DKT,cong-nghe-thong-tin,A01,Điểm thi THPT,2021,15.5,Công nghệ thông tin
35065,DKT,cong-nghe-thong-tin,D01,Điểm thi THPT,2021,15.5,Công nghệ thông tin
35066,DKT,cong-nghe-thong-tin,A00,Điểm học bạ,2022,16.1,Công nghệ thông tin
35067,DKT,cong-nghe-thong-tin,A01,Điểm học bạ,2022,16.1,Công nghệ thông tin
35068,DKT,cong-nghe-thong-tin,D01,Điểm học bạ,2022,16.1,Công nghệ thông tin
35069,DKT,cong-nghe-thong-tin,A00,Điểm thi THPT,2022,14.5,Công nghệ thông tin
35070,DKT,cong-nghe-thong-tin,A01,Điểm thi THPT,2022,14.5,Công nghệ thông tin
35071,DKT,cong-nghe-thong-tin,D01,Điểm thi THPT,2022,14.5,Công nghệ thông tin
35072,DKT,cong-nghe-thong-tin,A00,Điểm học bạ,2023,15.5,Công nghệ thông tin
35073,DKT,cong-nghe-thong-tin,A01,Điểm học bạ,2023,15.5,Công nghệ thông tin
35074,DKT,cong-nghe-thong-tin,D01,Điểm học bạ,2023,15.5,Công nghệ thông tin
35075,DKT,cong-nghe-thong-tin,A00,Điểm thi THPT,2023,15.0,Công nghệ thông tin
35076,DKT,cong-nghe-thong-tin,A01,Điểm thi THPT,2023,15.0,Công nghệ thông tin
35077,DKT,cong-nghe-thong-tin,D01,Điểm thi THPT,2023,15.0,Công nghệ thông tin
35078,DKT,cong-nghe-thong-tin,A00,Điểm học bạ,2024,15.5,Công nghệ thông tin
35079,DKT,cong-nghe-thong-tin,A01,Điểm học bạ,2024,15.5,Công nghệ thông tin
35080,DKT,cong-nghe-thong-tin,D01,Điểm học bạ,2024,15.5,Công nghệ thông tin
35081,DKT,cong-nghe-thong-tin,A00,Điểm thi THPT,2024,15.0,Công nghệ thông tin
35082,DKT,cong-nghe-thong-tin,A01,Điểm thi THPT,2024,15.0,Công nghệ thông tin
35083,DKT,cong-nghe-thong-tin,D01,Điểm thi THPT,2024,15.0,Công nghệ thông tin
35084,DKT,cong-nghe-thong-tin,A00,Điểm học bạ,2025,15.0,Công nghệ thông tin
35085,DKT,cong-nghe-thong-tin,A01,Điểm học bạ,2025,15.0,Công nghệ thông tin
35086,DKT,cong-nghe-thong-tin,A02,Điểm học bạ,2025,15.0,Công nghệ thông tin
35087,DKT,cong-nghe-thong-tin,A12,Điểm học bạ,2025,15.0,Công nghệ thông tin
35088,DKT,cong-nghe-thong-tin,C01,Điểm học bạ,2025,15.0,Công nghệ thông tin
35089,DKT,cong-nghe-thong-tin,C02,Điểm học bạ,2025,15.0,Công nghệ thông tin
35090,DKT,cong-nghe-thong-tin,C04,Điểm học bạ,2025,15.0,Công nghệ thông tin
35091,DKT,cong-nghe-thong-tin,D01,Điểm học bạ,2025,15.0,Công nghệ thông tin
35092,DKT,cong-nghe-thong-tin,A00,Điểm thi THPT,2025,15.0,Công nghệ thông tin
35093,DKT,cong-nghe-thong-tin,A01,Điểm thi THPT,2025,15.0,Công nghệ thông tin
35094,DKT,cong-nghe-thong-tin,A02,Điểm thi THPT,2025,15.0,Công nghệ thông tin
35095,DKT,cong-nghe-thong-tin,A12,Điểm thi THPT,2025,15.0,Công nghệ thông tin
35096,DKT,cong-nghe-thong-tin,C01,Điểm thi THPT,2025,15.0,Công nghệ thông tin
35097,DKT,cong-nghe-thong-tin,C02,Điểm thi THPT,2025,15.0,Công nghệ thông tin
35098,DKT,cong-nghe-thong-tin,C04,Điểm thi THPT,2025,15.0,Công nghệ thông tin
35099,DKT,cong-nghe-thong-tin,D01,Điểm thi THPT,2025,15.0,Công nghệ thông tin
35100,DKT,giao-duc-chinh-tri,A00,Điểm học bạ,2025,25.73,Giáo dục Chính trị
35101,DKT,giao-duc-chinh-tri,C00,Điểm học bạ,2025,25.73,Giáo dục Chính trị
35102,DKT,giao-duc-chinh-tri,C02,Điểm học bạ,2025,25.73,Giáo dục Chính trị
35103,DKT,giao-duc-chinh-tri,C03,Điểm học bạ,2025,25.73,Giáo dục Chính trị
35104,DKT,giao-duc-chinh-tri,C04,Điểm học bạ,2025,25.73,Giáo dục Chính trị
35105,DKT,giao-duc-chinh-tri,C19,Điểm học bạ,2025,25.73,Giáo dục Chính trị
35106,DKT,giao-duc-chinh-tri,C20,Điểm học bạ,2025,25.73,Giáo dục Chính trị
35107,DKT,giao-duc-chinh-tri,D01,Điểm học bạ,2025,25.73,Giáo dục Chính trị
35108,DKT,giao-duc-chinh-tri,X70,Điểm học bạ,2025,25.73,Giáo dục Chính trị
35109,DKT,giao-duc-chinh-tri,A00,Điểm thi THPT,2025,25.73,Giáo dục Chính trị
35110,DKT,giao-duc-chinh-tri,C00,Điểm thi THPT,2025,25.73,Giáo dục Chính trị
35111,DKT,giao-duc-chinh-tri,C02,Điểm thi THPT,2025,25.73,Giáo dục Chính trị
35112,DKT,giao-duc-chinh-tri,C03,Điểm thi THPT,2025,25.73,Giáo dục Chính trị
35113,DKT,giao-duc-chinh-tri,C04,Điểm thi THPT,2025,25.73,Giáo dục Chính trị
35114,DKT,giao-duc-chinh-tri,C19,Điểm thi THPT,2025,25.73,Giáo dục Chính trị
35115,DKT,giao-duc-chinh-tri,C20,Điểm thi THPT,2025,25.73,Giáo dục Chính trị
35116,DKT,giao-duc-chinh-tri,D01,Điểm thi THPT,2025,25.73,Giáo dục Chính trị
35117,DKT,giao-duc-chinh-tri,X70,Điểm thi THPT,2025,25.73,Giáo dục Chính trị
35118,DKT,giao-duc-mam-non,M00,Điểm học bạ,2023,17.0,Giáo dục Mầm non (trình độ cao đẳng)
35119,DKT,giao-duc-mam-non,M01,Điểm học bạ,2023,17.0,Giáo dục Mầm non (trình độ cao đẳng)
35120,DKT,giao-duc-mam-non,M03,Điểm học bạ,2023,17.0,Giáo dục Mầm non (trình độ cao đẳng)
35121,DKT,giao-duc-mam-non,M00,Điểm thi THPT,2023,17.0,Giáo dục Mầm non (trình độ cao đẳng)
35122,DKT,giao-duc-mam-non,M01,Điểm thi THPT,2023,17.0,Giáo dục Mầm non (trình độ cao đẳng)
35123,DKT,giao-duc-mam-non,M03,Điểm thi THPT,2023,17.0,Giáo dục Mầm non (trình độ cao đẳng)
35124,DKT,giao-duc-mam-non,C00,Điểm học bạ,2024,25.05,Giáo dục Mầm non (CĐ)
35125,DKT,giao-duc-mam-non,C19,Điểm học bạ,2024,25.05,Giáo dục Mầm non (CĐ)
35126,DKT,giao-duc-mam-non,C20,Điểm học bạ,2024,25.05,Giáo dục Mầm non (CĐ)
35127,DKT,giao-duc-mam-non,D01,Điểm học bạ,2024,25.05,Giáo dục Mầm non (CĐ)
35128,DKT,giao-duc-mam-non,C00,Điểm thi THPT,2024,21.0,Giáo dục Mầm non (CĐ)
35129,DKT,giao-duc-mam-non,C19,Điểm thi THPT,2024,21.0,Giáo dục Mầm non (CĐ)
35130,DKT,giao-duc-mam-non,C20,Điểm thi THPT,2024,21.0,Giáo dục Mầm non (CĐ)
35131,DKT,giao-duc-mam-non,D01,Điểm thi THPT,2024,21.0,Giáo dục Mầm non (CĐ)
35132,DKT,giao-duc-mam-non,C00,Điểm học bạ,2025,24.03,Giáo dục Mầm non (CĐ)
35133,DKT,giao-duc-mam-non,C03,Điểm học bạ,2025,24.03,Giáo dục Mầm non (CĐ)
35134,DKT,giao-duc-mam-non,C04,Điểm học bạ,2025,24.03,Giáo dục Mầm non (CĐ)
35135,DKT,giao-duc-mam-non,C14,Điểm học bạ,2025,24.03,Giáo dục Mầm non (CĐ)
35136,DKT,giao-duc-mam-non,C19,Điểm học bạ,2025,24.03,Giáo dục Mầm non (CĐ)
35137,DKT,giao-duc-mam-non,C20,Điểm học bạ,2025,24.03,Giáo dục Mầm non (CĐ)
35138,DKT,giao-duc-mam-non,D01,Điểm học bạ,2025,24.03,Giáo dục Mầm non (CĐ)
35139,DKT,giao-duc-mam-non,D14,Điểm học bạ,2025,24.03,Giáo dục Mầm non (CĐ)
35140,DKT,giao-duc-mam-non,X01,Điểm học bạ,2025,24.03,Giáo dục Mầm non (CĐ)
35141,DKT,giao-duc-mam-non,X70,Điểm học bạ,2025,24.03,Giáo dục Mầm non (CĐ)
35142,DKT,giao-duc-mam-non,X74,Điểm học bạ,2025,24.03,Giáo dục Mầm non (CĐ)
35143,DKT,giao-duc-mam-non,C00,Điểm thi THPT,2025,24.03,Giáo dục Mầm non (CĐ)
35144,DKT,giao-duc-mam-non,C03,Điểm thi THPT,2025,24.03,Giáo dục Mầm non (CĐ)
35145,DKT,giao-duc-mam-non,C04,Điểm thi THPT,2025,24.03,Giáo dục Mầm non (CĐ)
35146,DKT,giao-duc-mam-non,C14,Điểm thi THPT,2025,24.03,Giáo dục Mầm non (CĐ)
35147,DKT,giao-duc-mam-non,C19,Điểm thi THPT,2025,24.03,Giáo dục Mầm non (CĐ)
35148,DKT,giao-duc-mam-non,C20,Điểm thi THPT,2025,24.03,Giáo dục Mầm non (CĐ)
35149,DKT,giao-duc-mam-non,D01,Điểm thi THPT,2025,24.03,Giáo dục Mầm non (CĐ)
35150,DKT,giao-duc-mam-non,D14,Điểm thi THPT,2025,24.03,Giáo dục Mầm non (CĐ)
35151,DKT,giao-duc-mam-non,X01,Điểm thi THPT,2025,24.03,Giáo dục Mầm non (CĐ)
35152,DKT,giao-duc-mam-non,X70,Điểm thi THPT,2025,24.03,Giáo dục Mầm non (CĐ)
35153,DKT,giao-duc-mam-non,X74,Điểm thi THPT,2025,24.03,Giáo dục Mầm non (CĐ)
35154,DKT,giao-duc-the-chat,T00,Điểm học bạ,2023,19.0,Giáo dục thể chất
35155,DKT,giao-duc-the-chat,T01,Điểm học bạ,2023,19.0,Giáo dục thể chất
35156,DKT,giao-duc-the-chat,T02,Điểm học bạ,2023,19.0,Giáo dục thể chất
35157,DKT,giao-duc-the-chat,T03,Điểm học bạ,2023,19.0,Giáo dục thể chất
35158,DKT,giao-duc-the-chat,T00,Điểm thi THPT,2023,19.0,Giáo dục thể chất
35159,DKT,giao-duc-the-chat,T01,Điểm thi THPT,2023,19.0,Giáo dục thể chất
35160,DKT,giao-duc-the-chat,T02,Điểm thi THPT,2023,19.0,Giáo dục thể chất
35161,DKT,giao-duc-the-chat,T03,Điểm thi THPT,2023,19.0,Giáo dục thể chất
35162,DKT,giao-duc-the-chat,T00,Điểm thi THPT,2025,24.42,Giáo dục Thể chất
35163,DKT,giao-duc-the-chat,T01,Điểm thi THPT,2025,24.42,Giáo dục Thể chất
35164,DKT,giao-duc-the-chat,T02,Điểm thi THPT,2025,24.42,Giáo dục Thể chất
35165,DKT,giao-duc-the-chat,T03,Điểm thi THPT,2025,24.42,Giáo dục Thể chất
35166,DKT,giao-duc-the-chat,T05,Điểm thi THPT,2025,24.42,Giáo dục Thể chất
35167,DKT,giao-duc-tieu-hoc,A00,Điểm học bạ,2023,19.0,Giáo dục Tiểu học
35168,DKT,giao-duc-tieu-hoc,A01,Điểm học bạ,2023,19.0,Giáo dục Tiểu học
35169,DKT,giao-duc-tieu-hoc,C00,Điểm học bạ,2023,19.0,Giáo dục Tiểu học
35170,DKT,giao-duc-tieu-hoc,D01,Điểm học bạ,2023,19.0,Giáo dục Tiểu học
35171,DKT,giao-duc-tieu-hoc,A00,Điểm thi THPT,2023,19.0,Giáo dục Tiểu học
35172,DKT,giao-duc-tieu-hoc,A01,Điểm thi THPT,2023,19.0,Giáo dục Tiểu học
35173,DKT,giao-duc-tieu-hoc,C00,Điểm thi THPT,2023,19.0,Giáo dục Tiểu học
35174,DKT,giao-duc-tieu-hoc,D01,Điểm thi THPT,2023,19.0,Giáo dục Tiểu học
35175,DKT,giao-duc-tieu-hoc,A00,Điểm học bạ,2024,28.3,Giáo dục Tiểu học
35176,DKT,giao-duc-tieu-hoc,A01,Điểm học bạ,2024,28.3,Giáo dục Tiểu học
35177,DKT,giao-duc-tieu-hoc,C00,Điểm học bạ,2024,28.3,Giáo dục Tiểu học
35178,DKT,giao-duc-tieu-hoc,D01,Điểm học bạ,2024,28.3,Giáo dục Tiểu học
35179,DKT,giao-duc-tieu-hoc,A00,Điểm thi THPT,2024,26.5,Giáo dục Tiểu học
35180,DKT,giao-duc-tieu-hoc,A01,Điểm thi THPT,2024,26.5,Giáo dục Tiểu học
35181,DKT,giao-duc-tieu-hoc,C00,Điểm thi THPT,2024,26.5,Giáo dục Tiểu học
35182,DKT,giao-duc-tieu-hoc,D01,Điểm thi THPT,2024,26.5,Giáo dục Tiểu học
35183,DKT,giao-duc-tieu-hoc,A00,Điểm học bạ,2025,23.85,Giáo dục Tiểu học
35184,DKT,giao-duc-tieu-hoc,A01,Điểm học bạ,2025,23.85,Giáo dục Tiểu học
35185,DKT,giao-duc-tieu-hoc,C01,Điểm học bạ,2025,23.85,Giáo dục Tiểu học
35186,DKT,giao-duc-tieu-hoc,C02,Điểm học bạ,2025,23.85,Giáo dục Tiểu học
35187,DKT,giao-duc-tieu-hoc,C03,Điểm học bạ,2025,23.85,Giáo dục Tiểu học
35188,DKT,giao-duc-tieu-hoc,C04,Điểm học bạ,2025,23.85,Giáo dục Tiểu học
35189,DKT,giao-duc-tieu-hoc,C14,Điểm học bạ,2025,23.85,Giáo dục Tiểu học
35190,DKT,giao-duc-tieu-hoc,D01,Điểm học bạ,2025,23.85,Giáo dục Tiểu học
35191,DKT,giao-duc-tieu-hoc,X01,Điểm học bạ,2025,23.85,Giáo dục Tiểu học
35192,DKT,giao-duc-tieu-hoc,A00,Điểm thi THPT,2025,23.85,Giáo dục Tiểu học
35193,DKT,giao-duc-tieu-hoc,A01,Điểm thi THPT,2025,23.85,Giáo dục Tiểu học
35194,DKT,giao-duc-tieu-hoc,C01,Điểm thi THPT,2025,23.85,Giáo dục Tiểu học
35195,DKT,giao-duc-tieu-hoc,C02,Điểm thi THPT,2025,23.85,Giáo dục Tiểu học
35196,DKT,giao-duc-tieu-hoc,C03,Điểm thi THPT,2025,23.85,Giáo dục Tiểu học
35197,DKT,giao-duc-tieu-hoc,C04,Điểm thi THPT,2025,23.85,Giáo dục Tiểu học
35198,DKT,giao-duc-tieu-hoc,C14,Điểm thi THPT,2025,23.85,Giáo dục Tiểu học
35199,DKT,giao-duc-tieu-hoc,D01,Điểm thi THPT,2025,23.85,Giáo dục Tiểu học
35200,DKT,giao-duc-tieu-hoc,X01,Điểm thi THPT,2025,23.85,Giáo dục Tiểu học
35201,DKT,ho-tro-giao-duc-nguoi-khuyet-tat,B03,Điểm học bạ,2024,15.5,Hỗ trợ giáo dục người khuyết tật
35202,DKT,ho-tro-giao-duc-nguoi-khuyet-tat,C00,Điểm học bạ,2024,15.5,Hỗ trợ giáo dục người khuyết tật
35203,DKT,ho-tro-giao-duc-nguoi-khuyet-tat,D01,Điểm học bạ,2024,15.5,Hỗ trợ giáo dục người khuyết tật
35204,DKT,ho-tro-giao-duc-nguoi-khuyet-tat,B03,Điểm thi THPT,2024,15.0,Hỗ trợ giáo dục người khuyết tật
35205,DKT,ho-tro-giao-duc-nguoi-khuyet-tat,C00,Điểm thi THPT,2024,15.0,Hỗ trợ giáo dục người khuyết tật
35206,DKT,ho-tro-giao-duc-nguoi-khuyet-tat,D01,Điểm thi THPT,2024,15.0,Hỗ trợ giáo dục người khuyết tật
35207,DKT,ho-tro-giao-duc-nguoi-khuyet-tat,A00,Điểm học bạ,2025,15.0,Hỗ trợ giáo dục người khuyết tật
35208,DKT,ho-tro-giao-duc-nguoi-khuyet-tat,B00,Điểm học bạ,2025,15.0,Hỗ trợ giáo dục người khuyết tật
35209,DKT,ho-tro-giao-duc-nguoi-khuyet-tat,B03,Điểm học bạ,2025,15.0,Hỗ trợ giáo dục người khuyết tật
35210,DKT,ho-tro-giao-duc-nguoi-khuyet-tat,B08,Điểm học bạ,2025,15.0,Hỗ trợ giáo dục người khuyết tật
35211,DKT,ho-tro-giao-duc-nguoi-khuyet-tat,C00,Điểm học bạ,2025,15.0,Hỗ trợ giáo dục người khuyết tật
35212,DKT,ho-tro-giao-duc-nguoi-khuyet-tat,C03,Điểm học bạ,2025,15.0,Hỗ trợ giáo dục người khuyết tật
35213,DKT,ho-tro-giao-duc-nguoi-khuyet-tat,C14,Điểm học bạ,2025,15.0,Hỗ trợ giáo dục người khuyết tật
35214,DKT,ho-tro-giao-duc-nguoi-khuyet-tat,D01,Điểm học bạ,2025,15.0,Hỗ trợ giáo dục người khuyết tật
35215,DKT,ho-tro-giao-duc-nguoi-khuyet-tat,X01,Điểm học bạ,2025,15.0,Hỗ trợ giáo dục người khuyết tật
35216,DKT,ho-tro-giao-duc-nguoi-khuyet-tat,A00,Điểm thi THPT,2025,15.0,Hỗ trợ giáo dục người khuyết tật
35217,DKT,ho-tro-giao-duc-nguoi-khuyet-tat,B00,Điểm thi THPT,2025,15.0,Hỗ trợ giáo dục người khuyết tật
35218,DKT,ho-tro-giao-duc-nguoi-khuyet-tat,B03,Điểm thi THPT,2025,15.0,Hỗ trợ giáo dục người khuyết tật
35219,DKT,ho-tro-giao-duc-nguoi-khuyet-tat,B08,Điểm thi THPT,2025,15.0,Hỗ trợ giáo dục người khuyết tật
35220,DKT,ho-tro-giao-duc-nguoi-khuyet-tat,C00,Điểm thi THPT,2025,15.0,Hỗ trợ giáo dục người khuyết tật
35221,DKT,ho-tro-giao-duc-nguoi-khuyet-tat,C03,Điểm thi THPT,2025,15.0,Hỗ trợ giáo dục người khuyết tật
35222,DKT,ho-tro-giao-duc-nguoi-khuyet-tat,C14,Điểm thi THPT,2025,15.0,Hỗ trợ giáo dục người khuyết tật
35223,DKT,ho-tro-giao-duc-nguoi-khuyet-tat,D01,Điểm thi THPT,2025,15.0,Hỗ trợ giáo dục người khuyết tật
35224,DKT,ho-tro-giao-duc-nguoi-khuyet-tat,X01,Điểm thi THPT,2025,15.0,Hỗ trợ giáo dục người khuyết tật
35225,DKT,ke-toan,A00,Điểm thi THPT,2021,15.5,Kế toán
35226,DKT,ke-toan,A01,Điểm thi THPT,2021,15.5,Kế toán
35227,DKT,ke-toan,D01,Điểm thi THPT,2021,15.5,Kế toán
35228,DKT,ke-toan,A00,Điểm học bạ,2022,15.5,Kế toán
35229,DKT,ke-toan,A01,Điểm học bạ,2022,15.5,Kế toán
35230,DKT,ke-toan,D01,Điểm học bạ,2022,15.5,Kế toán
35231,DKT,ke-toan,A00,Điểm thi THPT,2022,14.5,Kế toán
35232,DKT,ke-toan,A01,Điểm thi THPT,2022,14.5,Kế toán
35233,DKT,ke-toan,D01,Điểm thi THPT,2022,14.5,Kế toán
35234,DKT,ke-toan,A00,Điểm học bạ,2023,15.5,Kế toán
35235,DKT,ke-toan,A01,Điểm học bạ,2023,15.5,Kế toán
35236,DKT,ke-toan,D01,Điểm học bạ,2023,15.5,Kế toán
35237,DKT,ke-toan,A00,Điểm thi THPT,2023,15.0,Kế toán
35238,DKT,ke-toan,A01,Điểm thi THPT,2023,15.0,Kế toán
35239,DKT,ke-toan,D01,Điểm thi THPT,2023,15.0,Kế toán
35240,DKT,ke-toan,A00,Điểm học bạ,2024,15.5,Kế toán
35241,DKT,ke-toan,A01,Điểm học bạ,2024,15.5,Kế toán
35242,DKT,ke-toan,D01,Điểm học bạ,2024,15.5,Kế toán
35243,DKT,ke-toan,A00,Điểm thi THPT,2024,15.0,Kế toán
35244,DKT,ke-toan,A01,Điểm thi THPT,2024,15.0,Kế toán
35245,DKT,ke-toan,D01,Điểm thi THPT,2024,15.0,Kế toán
35246,DKT,ke-toan,A00,Điểm học bạ,2025,15.0,Kế toán
35247,DKT,ke-toan,A01,Điểm học bạ,2025,15.0,Kế toán
35248,DKT,ke-toan,C01,Điểm học bạ,2025,15.0,Kế toán
35249,DKT,ke-toan,C02,Điểm học bạ,2025,15.0,Kế toán
35250,DKT,ke-toan,C03,Điểm học bạ,2025,15.0,Kế toán
35251,DKT,ke-toan,C04,Điểm học bạ,2025,15.0,Kế toán
35252,DKT,ke-toan,C14,Điểm học bạ,2025,15.0,Kế toán
35253,DKT,ke-toan,D01,Điểm học bạ,2025,15.0,Kế toán
35254,DKT,ke-toan,X01,Điểm học bạ,2025,15.0,Kế toán
35255,DKT,ke-toan,A00,Điểm thi THPT,2025,15.0,Kế toán
35256,DKT,ke-toan,A01,Điểm thi THPT,2025,15.0,Kế toán
35257,DKT,ke-toan,C01,Điểm thi THPT,2025,15.0,Kế toán
35258,DKT,ke-toan,C02,Điểm thi THPT,2025,15.0,Kế toán
35259,DKT,ke-toan,C03,Điểm thi THPT,2025,15.0,Kế toán
35260,DKT,ke-toan,C04,Điểm thi THPT,2025,15.0,Kế toán
35261,DKT,ke-toan,C14,Điểm thi THPT,2025,15.0,Kế toán
35262,DKT,ke-toan,D01,Điểm thi THPT,2025,15.0,Kế toán
35263,DKT,ke-toan,X01,Điểm thi THPT,2025,15.0,Kế toán
35264,DKT,kinh-te,A00,Điểm thi THPT,2021,16.0,Kinh tế
35265,DKT,kinh-te,A01,Điểm thi THPT,2021,16.0,Kinh tế
35266,DKT,kinh-te,D01,Điểm thi THPT,2021,16.0,Kinh tế
35267,DKT,kinh-te,A00,Điểm học bạ,2022,15.6,Kinh tế
35268,DKT,kinh-te,A01,Điểm học bạ,2022,15.6,Kinh tế
35269,DKT,kinh-te,D01,Điểm học bạ,2022,15.6,Kinh tế
35270,DKT,kinh-te,A00,Điểm thi THPT,2022,15.0,Kinh tế
35271,DKT,kinh-te,A01,Điểm thi THPT,2022,15.0,Kinh tế
35272,DKT,kinh-te,D01,Điểm thi THPT,2022,15.0,Kinh tế
35273,DKT,kinh-te,A00,Điểm học bạ,2023,15.5,Kinh tế
35274,DKT,kinh-te,A01,Điểm học bạ,2023,15.5,Kinh tế
35275,DKT,kinh-te,D01,Điểm học bạ,2023,15.5,Kinh tế
35276,DKT,kinh-te,A00,Điểm thi THPT,2023,15.0,Kinh tế
35277,DKT,kinh-te,A01,Điểm thi THPT,2023,15.0,Kinh tế
35278,DKT,kinh-te,D01,Điểm thi THPT,2023,15.0,Kinh tế
35279,DKT,kinh-te,A00,Điểm học bạ,2024,15.5,Kinh tế
35280,DKT,kinh-te,A01,Điểm học bạ,2024,15.5,Kinh tế
35281,DKT,kinh-te,D01,Điểm học bạ,2024,15.5,Kinh tế
35282,DKT,kinh-te,A00,Điểm thi THPT,2024,15.0,Kinh tế
35283,DKT,kinh-te,A01,Điểm thi THPT,2024,15.0,Kinh tế
35284,DKT,kinh-te,D01,Điểm thi THPT,2024,15.0,Kinh tế
35285,DKT,kinh-te,A00,Điểm học bạ,2025,15.0,Kinh tế
35286,DKT,kinh-te,A01,Điểm học bạ,2025,15.0,Kinh tế
35287,DKT,kinh-te,C01,Điểm học bạ,2025,15.0,Kinh tế
35288,DKT,kinh-te,C02,Điểm học bạ,2025,15.0,Kinh tế
35289,DKT,kinh-te,C03,Điểm học bạ,2025,15.0,Kinh tế
35290,DKT,kinh-te,C04,Điểm học bạ,2025,15.0,Kinh tế
35291,DKT,kinh-te,C14,Điểm học bạ,2025,15.0,Kinh tế
35292,DKT,kinh-te,D01,Điểm học bạ,2025,15.0,Kinh tế
35293,DKT,kinh-te,X01,Điểm học bạ,2025,15.0,Kinh tế
35294,DKT,kinh-te,A00,Điểm thi THPT,2025,15.0,Kinh tế
35295,DKT,kinh-te,A01,Điểm thi THPT,2025,15.0,Kinh tế
35296,DKT,kinh-te,C01,Điểm thi THPT,2025,15.0,Kinh tế
35297,DKT,kinh-te,C02,Điểm thi THPT,2025,15.0,Kinh tế
35298,DKT,kinh-te,C03,Điểm thi THPT,2025,15.0,Kinh tế
35299,DKT,kinh-te,C04,Điểm thi THPT,2025,15.0,Kinh tế
35300,DKT,kinh-te,C14,Điểm thi THPT,2025,15.0,Kinh tế
35301,DKT,kinh-te,D01,Điểm thi THPT,2025,15.0,Kinh tế
35302,DKT,kinh-te,X01,Điểm thi THPT,2025,15.0,Kinh tế
35303,DKT,ky-thuat-dien,A00,Điểm thi THPT,2021,15.5,Kỹ thuật điện
35304,DKT,ky-thuat-dien,A01,Điểm thi THPT,2021,15.5,Kỹ thuật điện
35305,DKT,ky-thuat-dien,A00,Điểm học bạ,2022,15.6,Kỹ thuật điện
35306,DKT,ky-thuat-dien,A01,Điểm học bạ,2022,15.6,Kỹ thuật điện
35307,DKT,ky-thuat-dien,A00,Điểm thi THPT,2022,14.5,Kỹ thuật điện
35308,DKT,ky-thuat-dien,A01,Điểm thi THPT,2022,14.5,Kỹ thuật điện
35309,DKT,ky-thuat-dien,A00,Điểm học bạ,2023,15.5,Kỹ thuật điện
35310,DKT,ky-thuat-dien,A01,Điểm học bạ,2023,15.5,Kỹ thuật điện
35311,DKT,ky-thuat-dien,A00,Điểm thi THPT,2023,15.0,Kỹ thuật điện
35312,DKT,ky-thuat-dien,A01,Điểm thi THPT,2023,15.0,Kỹ thuật điện
35313,DKT,ky-thuat-dien,A00,Điểm học bạ,2024,15.5,Kỹ thuật điện
35314,DKT,ky-thuat-dien,A01,Điểm học bạ,2024,15.5,Kỹ thuật điện
35315,DKT,ky-thuat-dien,D01,Điểm học bạ,2024,15.5,Kỹ thuật điện
35316,DKT,ky-thuat-dien,A00,Điểm thi THPT,2024,15.0,Kỹ thuật điện
35317,DKT,ky-thuat-dien,A01,Điểm thi THPT,2024,15.0,Kỹ thuật điện
35318,DKT,ky-thuat-dien,D01,Điểm thi THPT,2024,15.0,Kỹ thuật điện
35319,DKT,ky-thuat-dien,A00,Điểm học bạ,2025,15.0,Kỹ thuật điện
35320,DKT,ky-thuat-dien,A01,Điểm học bạ,2025,15.0,Kỹ thuật điện
35321,DKT,ky-thuat-dien,C01,Điểm học bạ,2025,15.0,Kỹ thuật điện
35322,DKT,ky-thuat-dien,C02,Điểm học bạ,2025,15.0,Kỹ thuật điện
35323,DKT,ky-thuat-dien,C03,Điểm học bạ,2025,15.0,Kỹ thuật điện
35324,DKT,ky-thuat-dien,C04,Điểm học bạ,2025,15.0,Kỹ thuật điện
35325,DKT,ky-thuat-dien,C14,Điểm học bạ,2025,15.0,Kỹ thuật điện
35326,DKT,ky-thuat-dien,D01,Điểm học bạ,2025,15.0,Kỹ thuật điện
35327,DKT,ky-thuat-dien,X01,Điểm học bạ,2025,15.0,Kỹ thuật điện
35328,DKT,ky-thuat-dien,A00,Điểm thi THPT,2025,15.0,Kỹ thuật điện
35329,DKT,ky-thuat-dien,A01,Điểm thi THPT,2025,15.0,Kỹ thuật điện
35330,DKT,ky-thuat-dien,C01,Điểm thi THPT,2025,15.0,Kỹ thuật điện
35331,DKT,ky-thuat-dien,C02,Điểm thi THPT,2025,15.0,Kỹ thuật điện
35332,DKT,ky-thuat-dien,C03,Điểm thi THPT,2025,15.0,Kỹ thuật điện
35333,DKT,ky-thuat-dien,C04,Điểm thi THPT,2025,15.0,Kỹ thuật điện
35334,DKT,ky-thuat-dien,C14,Điểm thi THPT,2025,15.0,Kỹ thuật điện
35335,DKT,ky-thuat-dien,D01,Điểm thi THPT,2025,15.0,Kỹ thuật điện
35336,DKT,ky-thuat-dien,X01,Điểm thi THPT,2025,15.0,Kỹ thuật điện
35337,DKT,marketing,A00,Điểm học bạ,2023,15.5,Marketing
35338,DKT,marketing,A01,Điểm học bạ,2023,15.5,Marketing
35339,DKT,marketing,D01,Điểm học bạ,2023,15.5,Marketing
35340,DKT,marketing,A00,Điểm thi THPT,2023,15.0,Marketing
35341,DKT,marketing,A01,Điểm thi THPT,2023,15.0,Marketing
35342,DKT,marketing,D01,Điểm thi THPT,2023,15.0,Marketing
35343,DKT,marketing,A00,Điểm học bạ,2024,15.5,Marketing
35344,DKT,marketing,A01,Điểm học bạ,2024,15.5,Marketing
35345,DKT,marketing,D01,Điểm học bạ,2024,15.5,Marketing
35346,DKT,marketing,A00,Điểm thi THPT,2024,15.0,Marketing
35347,DKT,marketing,A01,Điểm thi THPT,2024,15.0,Marketing
35348,DKT,marketing,D01,Điểm thi THPT,2024,15.0,Marketing
35349,DKT,marketing,A00,Điểm học bạ,2025,15.0,Marketing
35350,DKT,marketing,A01,Điểm học bạ,2025,15.0,Marketing
35351,DKT,marketing,C01,Điểm học bạ,2025,15.0,Marketing
35352,DKT,marketing,C02,Điểm học bạ,2025,15.0,Marketing
35353,DKT,marketing,C03,Điểm học bạ,2025,15.0,Marketing
35354,DKT,marketing,C04,Điểm học bạ,2025,15.0,Marketing
35355,DKT,marketing,C14,Điểm học bạ,2025,15.0,Marketing
35356,DKT,marketing,D01,Điểm học bạ,2025,15.0,Marketing
35357,DKT,marketing,X01,Điểm học bạ,2025,15.0,Marketing
35358,DKT,marketing,A00,Điểm thi THPT,2025,15.0,Marketing
35359,DKT,marketing,A01,Điểm thi THPT,2025,15.0,Marketing
35360,DKT,marketing,C01,Điểm thi THPT,2025,15.0,Marketing
35361,DKT,marketing,C02,Điểm thi THPT,2025,15.0,Marketing
35362,DKT,marketing,C03,Điểm thi THPT,2025,15.0,Marketing
35363,DKT,marketing,C04,Điểm thi THPT,2025,15.0,Marketing
35364,DKT,marketing,C14,Điểm thi THPT,2025,15.0,Marketing
35365,DKT,marketing,D01,Điểm thi THPT,2025,15.0,Marketing
35366,DKT,marketing,X01,Điểm thi THPT,2025,15.0,Marketing
35367,DKT,ngon-ngu-anh,D01,Điểm thi THPT,2021,16.0,Ngôn ngữ Anh
35368,DKT,ngon-ngu-anh,A01,Điểm học bạ,2022,16.1,Ngôn ngữ Anh
35369,DKT,ngon-ngu-anh,D01,Điểm học bạ,2022,16.1,Ngôn ngữ Anh
35370,DKT,ngon-ngu-anh,D09,Điểm học bạ,2022,16.1,Ngôn ngữ Anh
35371,DKT,ngon-ngu-anh,D10,Điểm học bạ,2022,16.1,Ngôn ngữ Anh
35372,DKT,ngon-ngu-anh,A01,Điểm thi THPT,2022,14.5,Ngôn ngữ Anh
35373,DKT,ngon-ngu-anh,D01,Điểm thi THPT,2022,14.5,Ngôn ngữ Anh
35374,DKT,ngon-ngu-anh,D09,Điểm thi THPT,2022,14.5,Ngôn ngữ Anh
35375,DKT,ngon-ngu-anh,D10,Điểm thi THPT,2022,14.5,Ngôn ngữ Anh
35376,DKT,ngon-ngu-anh,A01,Điểm học bạ,2023,15.5,Ngôn ngữ Anh
35377,DKT,ngon-ngu-anh,D01,Điểm học bạ,2023,15.5,Ngôn ngữ Anh
35378,DKT,ngon-ngu-anh,D09,Điểm học bạ,2023,15.5,Ngôn ngữ Anh
35379,DKT,ngon-ngu-anh,D10,Điểm học bạ,2023,15.5,Ngôn ngữ Anh
35380,DKT,ngon-ngu-anh,A01,Điểm thi THPT,2023,15.0,Ngôn ngữ Anh
35381,DKT,ngon-ngu-anh,D01,Điểm thi THPT,2023,15.0,Ngôn ngữ Anh
35382,DKT,ngon-ngu-anh,D09,Điểm thi THPT,2023,15.0,Ngôn ngữ Anh
35383,DKT,ngon-ngu-anh,D10,Điểm thi THPT,2023,15.0,Ngôn ngữ Anh
35384,DKT,ngon-ngu-anh,A01,Điểm học bạ,2024,15.5,Ngôn ngữ Anh
35385,DKT,ngon-ngu-anh,D01,Điểm học bạ,2024,15.5,Ngôn ngữ Anh
35386,DKT,ngon-ngu-anh,D09,Điểm học bạ,2024,15.5,Ngôn ngữ Anh
35387,DKT,ngon-ngu-anh,D10,Điểm học bạ,2024,15.5,Ngôn ngữ Anh
35388,DKT,ngon-ngu-anh,A01,Điểm thi THPT,2024,15.0,Ngôn ngữ Anh
35389,DKT,ngon-ngu-anh,D01,Điểm thi THPT,2024,15.0,Ngôn ngữ Anh
35390,DKT,ngon-ngu-anh,D09,Điểm thi THPT,2024,15.0,Ngôn ngữ Anh
35391,DKT,ngon-ngu-anh,D10,Điểm thi THPT,2024,15.0,Ngôn ngữ Anh
35392,DKT,ngon-ngu-anh,A01,Điểm học bạ,2025,15.0,Ngôn ngữ Anh
35393,DKT,ngon-ngu-anh,D01,Điểm học bạ,2025,15.0,Ngôn ngữ Anh
35394,DKT,ngon-ngu-anh,D09,Điểm học bạ,2025,15.0,Ngôn ngữ Anh
35395,DKT,ngon-ngu-anh,D10,Điểm học bạ,2025,15.0,Ngôn ngữ Anh
35396,DKT,ngon-ngu-anh,D14,Điểm học bạ,2025,15.0,Ngôn ngữ Anh
35397,DKT,ngon-ngu-anh,D15,Điểm học bạ,2025,15.0,Ngôn ngữ Anh
35398,DKT,ngon-ngu-anh,D66,Điểm học bạ,2025,15.0,Ngôn ngữ Anh
35399,DKT,ngon-ngu-anh,D84,Điểm học bạ,2025,15.0,Ngôn ngữ Anh
35400,DKT,ngon-ngu-anh,X25,Điểm học bạ,2025,15.0,Ngôn ngữ Anh
35401,DKT,ngon-ngu-anh,X78,Điểm học bạ,2025,15.0,Ngôn ngữ Anh
35402,DKT,ngon-ngu-anh,A01,Điểm thi THPT,2025,15.0,Ngôn ngữ Anh
35403,DKT,ngon-ngu-anh,D01,Điểm thi THPT,2025,15.0,Ngôn ngữ Anh
35404,DKT,ngon-ngu-anh,D09,Điểm thi THPT,2025,15.0,Ngôn ngữ Anh
35405,DKT,ngon-ngu-anh,D10,Điểm thi THPT,2025,15.0,Ngôn ngữ Anh
35406,DKT,ngon-ngu-anh,D14,Điểm thi THPT,2025,15.0,Ngôn ngữ Anh
35407,DKT,ngon-ngu-anh,D15,Điểm thi THPT,2025,15.0,Ngôn ngữ Anh
35408,DKT,ngon-ngu-anh,D66,Điểm thi THPT,2025,15.0,Ngôn ngữ Anh
35409,DKT,ngon-ngu-anh,D84,Điểm thi THPT,2025,15.0,Ngôn ngữ Anh
35410,DKT,ngon-ngu-anh,X25,Điểm thi THPT,2025,15.0,Ngôn ngữ Anh
35411,DKT,ngon-ngu-anh,X78,Điểm thi THPT,2025,15.0,Ngôn ngữ Anh
35412,DKT,quan-tri-dich-vu-du-lich-va-lu-hanh,A00,Điểm thi THPT,2021,15.0,Quản trị dịch vụ du lịch và lữ hành
35413,DKT,quan-tri-dich-vu-du-lich-va-lu-hanh,A01,Điểm thi THPT,2021,15.0,Quản trị dịch vụ du lịch và lữ hành
35414,DKT,quan-tri-dich-vu-du-lich-va-lu-hanh,C00,Điểm thi THPT,2021,15.0,Quản trị dịch vụ du lịch và lữ hành
35415,DKT,quan-tri-dich-vu-du-lich-va-lu-hanh,D01,Điểm thi THPT,2021,15.0,Quản trị dịch vụ du lịch và lữ hành
35416,DKT,quan-tri-dich-vu-du-lich-va-lu-hanh,A00,Điểm học bạ,2022,15.6,Quản trị dịch vụ du lịch và lữ hành
35417,DKT,quan-tri-dich-vu-du-lich-va-lu-hanh,A01,Điểm học bạ,2022,15.6,Quản trị dịch vụ du lịch và lữ hành
35418,DKT,quan-tri-dich-vu-du-lich-va-lu-hanh,D01,Điểm học bạ,2022,15.6,Quản trị dịch vụ du lịch và lữ hành
35419,DKT,quan-tri-dich-vu-du-lich-va-lu-hanh,A00,Điểm thi THPT,2022,14.5,Quản trị dịch vụ du lịch và lữ hành
35420,DKT,quan-tri-dich-vu-du-lich-va-lu-hanh,A01,Điểm thi THPT,2022,14.5,Quản trị dịch vụ du lịch và lữ hành
35421,DKT,quan-tri-dich-vu-du-lich-va-lu-hanh,D01,Điểm thi THPT,2022,14.5,Quản trị dịch vụ du lịch và lữ hành
35422,DKT,quan-tri-dich-vu-du-lich-va-lu-hanh,A00,Điểm học bạ,2025,15.0,Quản trị dịch vụ Du lịch và Lữ hành
35423,DKT,quan-tri-dich-vu-du-lich-va-lu-hanh,A01,Điểm học bạ,2025,15.0,Quản trị dịch vụ Du lịch và Lữ hành
35424,DKT,quan-tri-dich-vu-du-lich-va-lu-hanh,C00,Điểm học bạ,2025,15.0,Quản trị dịch vụ Du lịch và Lữ hành
35425,DKT,quan-tri-dich-vu-du-lich-va-lu-hanh,C03,Điểm học bạ,2025,15.0,Quản trị dịch vụ Du lịch và Lữ hành
35426,DKT,quan-tri-dich-vu-du-lich-va-lu-hanh,D01,Điểm học bạ,2025,15.0,Quản trị dịch vụ Du lịch và Lữ hành
35427,DKT,quan-tri-dich-vu-du-lich-va-lu-hanh,D14,Điểm học bạ,2025,15.0,Quản trị dịch vụ Du lịch và Lữ hành
35428,DKT,quan-tri-dich-vu-du-lich-va-lu-hanh,D15,Điểm học bạ,2025,15.0,Quản trị dịch vụ Du lịch và Lữ hành
35429,DKT,quan-tri-dich-vu-du-lich-va-lu-hanh,D66,Điểm học bạ,2025,15.0,Quản trị dịch vụ Du lịch và Lữ hành
35430,DKT,quan-tri-dich-vu-du-lich-va-lu-hanh,X78,Điểm học bạ,2025,15.0,Quản trị dịch vụ Du lịch và Lữ hành
35431,DKT,quan-tri-dich-vu-du-lich-va-lu-hanh,A00,Điểm thi THPT,2025,15.0,Quản trị dịch vụ Du lịch và Lữ hành
35432,DKT,quan-tri-dich-vu-du-lich-va-lu-hanh,A01,Điểm thi THPT,2025,15.0,Quản trị dịch vụ Du lịch và Lữ hành
35433,DKT,quan-tri-dich-vu-du-lich-va-lu-hanh,C00,Điểm thi THPT,2025,15.0,Quản trị dịch vụ Du lịch và Lữ hành
35434,DKT,quan-tri-dich-vu-du-lich-va-lu-hanh,C03,Điểm thi THPT,2025,15.0,Quản trị dịch vụ Du lịch và Lữ hành
35435,DKT,quan-tri-dich-vu-du-lich-va-lu-hanh,D01,Điểm thi THPT,2025,15.0,Quản trị dịch vụ Du lịch và Lữ hành
35436,DKT,quan-tri-dich-vu-du-lich-va-lu-hanh,D14,Điểm thi THPT,2025,15.0,Quản trị dịch vụ Du lịch và Lữ hành
35437,DKT,quan-tri-dich-vu-du-lich-va-lu-hanh,D15,Điểm thi THPT,2025,15.0,Quản trị dịch vụ Du lịch và Lữ hành
35438,DKT,quan-tri-dich-vu-du-lich-va-lu-hanh,D66,Điểm thi THPT,2025,15.0,Quản trị dịch vụ Du lịch và Lữ hành
35439,DKT,quan-tri-dich-vu-du-lich-va-lu-hanh,X78,Điểm thi THPT,2025,15.0,Quản trị dịch vụ Du lịch và Lữ hành
35440,DKT,quan-tri-kinh-doanh,A00,Điểm thi THPT,2021,15.0,Quản trị kinh doanh
35441,DKT,quan-tri-kinh-doanh,A01,Điểm thi THPT,2021,15.0,Quản trị kinh doanh
35442,DKT,quan-tri-kinh-doanh,D01,Điểm thi THPT,2021,15.0,Quản trị kinh doanh
35443,DKT,quan-tri-kinh-doanh,A00,Điểm học bạ,2022,16.1,Quản trị kinh doanh
35444,DKT,quan-tri-kinh-doanh,A01,Điểm học bạ,2022,16.1,Quản trị kinh doanh
35445,DKT,quan-tri-kinh-doanh,D01,Điểm học bạ,2022,16.1,Quản trị kinh doanh
35446,DKT,quan-tri-kinh-doanh,A00,Điểm thi THPT,2022,14.5,Quản trị kinh doanh
35447,DKT,quan-tri-kinh-doanh,A01,Điểm thi THPT,2022,14.5,Quản trị kinh doanh
35448,DKT,quan-tri-kinh-doanh,D01,Điểm thi THPT,2022,14.5,Quản trị kinh doanh
35449,DKT,quan-tri-kinh-doanh,A00,Điểm học bạ,2023,15.5,Quản trị kinh doanh
35450,DKT,quan-tri-kinh-doanh,A01,Điểm học bạ,2023,15.5,Quản trị kinh doanh
35451,DKT,quan-tri-kinh-doanh,D01,Điểm học bạ,2023,15.5,Quản trị kinh doanh
35452,DKT,quan-tri-kinh-doanh,A00,Điểm thi THPT,2023,15.0,Quản trị kinh doanh
35453,DKT,quan-tri-kinh-doanh,A01,Điểm thi THPT,2023,15.0,Quản trị kinh doanh
35454,DKT,quan-tri-kinh-doanh,D01,Điểm thi THPT,2023,15.0,Quản trị kinh doanh
35455,DKT,quan-tri-kinh-doanh,A00,Điểm học bạ,2024,15.5,Quản trị kinh doanh
35456,DKT,quan-tri-kinh-doanh,A01,Điểm học bạ,2024,15.5,Quản trị kinh doanh
35457,DKT,quan-tri-kinh-doanh,D01,Điểm học bạ,2024,15.5,Quản trị kinh doanh
35458,DKT,quan-tri-kinh-doanh,A00,Điểm thi THPT,2024,15.0,Quản trị kinh doanh
35459,DKT,quan-tri-kinh-doanh,A01,Điểm thi THPT,2024,15.0,Quản trị kinh doanh
35460,DKT,quan-tri-kinh-doanh,D01,Điểm thi THPT,2024,15.0,Quản trị kinh doanh
35461,DKT,quan-tri-kinh-doanh,A00,Điểm học bạ,2025,15.0,Quản trị kinh doanh
35462,DKT,quan-tri-kinh-doanh,A01,Điểm học bạ,2025,15.0,Quản trị kinh doanh
35463,DKT,quan-tri-kinh-doanh,C01,Điểm học bạ,2025,15.0,Quản trị kinh doanh
35464,DKT,quan-tri-kinh-doanh,C02,Điểm học bạ,2025,15.0,Quản trị kinh doanh
35465,DKT,quan-tri-kinh-doanh,C03,Điểm học bạ,2025,15.0,Quản trị kinh doanh
35466,DKT,quan-tri-kinh-doanh,C04,Điểm học bạ,2025,15.0,Quản trị kinh doanh
35467,DKT,quan-tri-kinh-doanh,C14,Điểm học bạ,2025,15.0,Quản trị kinh doanh
35468,DKT,quan-tri-kinh-doanh,D01,Điểm học bạ,2025,15.0,Quản trị kinh doanh
35469,DKT,quan-tri-kinh-doanh,X01,Điểm học bạ,2025,15.0,Quản trị kinh doanh
35470,DKT,quan-tri-kinh-doanh,A00,Điểm thi THPT,2025,15.0,Quản trị kinh doanh
35471,DKT,quan-tri-kinh-doanh,A01,Điểm thi THPT,2025,15.0,Quản trị kinh doanh
35472,DKT,quan-tri-kinh-doanh,C01,Điểm thi THPT,2025,15.0,Quản trị kinh doanh
35473,DKT,quan-tri-kinh-doanh,C02,Điểm thi THPT,2025,15.0,Quản trị kinh doanh
35474,DKT,quan-tri-kinh-doanh,C03,Điểm thi THPT,2025,15.0,Quản trị kinh doanh
35475,DKT,quan-tri-kinh-doanh,C04,Điểm thi THPT,2025,15.0,Quản trị kinh doanh
35476,DKT,quan-tri-kinh-doanh,C14,Điểm thi THPT,2025,15.0,Quản trị kinh doanh
35477,DKT,quan-tri-kinh-doanh,D01,Điểm thi THPT,2025,15.0,Quản trị kinh doanh
35478,DKT,quan-tri-kinh-doanh,X01,Điểm thi THPT,2025,15.0,Quản trị kinh doanh
35479,DKT,quan-tri-van-phong,A00,Điểm thi THPT,2021,15.5,Quản trị văn phòng
35480,DKT,quan-tri-van-phong,A01,Điểm thi THPT,2021,15.5,Quản trị văn phòng
35481,DKT,quan-tri-van-phong,C00,Điểm thi THPT,2021,15.5,Quản trị văn phòng
35482,DKT,quan-tri-van-phong,D01,Điểm thi THPT,2021,15.5,Quản trị văn phòng
35483,DKT,quan-tri-van-phong,A00,Điểm học bạ,2022,15.6,Quản trị văn phòng
35484,DKT,quan-tri-van-phong,A01,Điểm học bạ,2022,15.6,Quản trị văn phòng
35485,DKT,quan-tri-van-phong,D01,Điểm học bạ,2022,15.6,Quản trị văn phòng
35486,DKT,quan-tri-van-phong,A00,Điểm thi THPT,2022,15.0,Quản trị văn phòng
35487,DKT,quan-tri-van-phong,A01,Điểm thi THPT,2022,15.0,Quản trị văn phòng
35488,DKT,quan-tri-van-phong,D01,Điểm thi THPT,2022,15.0,Quản trị văn phòng
35489,DKT,quan-tri-van-phong,A00,Điểm học bạ,2023,15.5,Quản trị văn phòng
35490,DKT,quan-tri-van-phong,A01,Điểm học bạ,2023,15.5,Quản trị văn phòng
35491,DKT,quan-tri-van-phong,C00,Điểm học bạ,2023,15.5,Quản trị văn phòng
35492,DKT,quan-tri-van-phong,D01,Điểm học bạ,2023,15.5,Quản trị văn phòng
35493,DKT,quan-tri-van-phong,A00,Điểm thi THPT,2023,15.0,Quản trị văn phòng
35494,DKT,quan-tri-van-phong,A01,Điểm thi THPT,2023,15.0,Quản trị văn phòng
35495,DKT,quan-tri-van-phong,C00,Điểm thi THPT,2023,15.0,Quản trị văn phòng
35496,DKT,quan-tri-van-phong,D01,Điểm thi THPT,2023,15.0,Quản trị văn phòng
35497,DKT,quan-tri-van-phong,A00,Điểm học bạ,2024,15.5,Quản trị văn phòng
35498,DKT,quan-tri-van-phong,A01,Điểm học bạ,2024,15.5,Quản trị văn phòng
35499,DKT,quan-tri-van-phong,C00,Điểm học bạ,2024,15.5,Quản trị văn phòng
35500,DKT,quan-tri-van-phong,D01,Điểm học bạ,2024,15.5,Quản trị văn phòng
35501,DKT,quan-tri-van-phong,A00,Điểm thi THPT,2024,15.0,Quản trị văn phòng
35502,DKT,quan-tri-van-phong,A01,Điểm thi THPT,2024,15.0,Quản trị văn phòng
35503,DKT,quan-tri-van-phong,C00,Điểm thi THPT,2024,15.0,Quản trị văn phòng
35504,DKT,quan-tri-van-phong,D01,Điểm thi THPT,2024,15.0,Quản trị văn phòng
35505,DKT,quan-tri-van-phong,A00,Điểm học bạ,2025,15.0,Quản trị văn phòng
35506,DKT,quan-tri-van-phong,A01,Điểm học bạ,2025,15.0,Quản trị văn phòng
35507,DKT,quan-tri-van-phong,C01,Điểm học bạ,2025,15.0,Quản trị văn phòng
35508,DKT,quan-tri-van-phong,C02,Điểm học bạ,2025,15.0,Quản trị văn phòng
35509,DKT,quan-tri-van-phong,C03,Điểm học bạ,2025,15.0,Quản trị văn phòng
35510,DKT,quan-tri-van-phong,C04,Điểm học bạ,2025,15.0,Quản trị văn phòng
35511,DKT,quan-tri-van-phong,C14,Điểm học bạ,2025,15.0,Quản trị văn phòng
35512,DKT,quan-tri-van-phong,D01,Điểm học bạ,2025,15.0,Quản trị văn phòng
35513,DKT,quan-tri-van-phong,X01,Điểm học bạ,2025,15.0,Quản trị văn phòng
35514,DKT,quan-tri-van-phong,A00,Điểm thi THPT,2025,15.0,Quản trị văn phòng
35515,DKT,quan-tri-van-phong,A01,Điểm thi THPT,2025,15.0,Quản trị văn phòng
35516,DKT,quan-tri-van-phong,C01,Điểm thi THPT,2025,15.0,Quản trị văn phòng
35517,DKT,quan-tri-van-phong,C02,Điểm thi THPT,2025,15.0,Quản trị văn phòng
35518,DKT,quan-tri-van-phong,C03,Điểm thi THPT,2025,15.0,Quản trị văn phòng
35519,DKT,quan-tri-van-phong,C04,Điểm thi THPT,2025,15.0,Quản trị văn phòng
35520,DKT,quan-tri-van-phong,C14,Điểm thi THPT,2025,15.0,Quản trị văn phòng
35521,DKT,quan-tri-van-phong,D01,Điểm thi THPT,2025,15.0,Quản trị văn phòng
35522,DKT,quan-tri-van-phong,X01,Điểm thi THPT,2025,15.0,Quản trị văn phòng
35523,DKT,su-pham-cong-nghe,A00,Điểm học bạ,2025,19.5,Sư phạm công nghệ
35524,DKT,su-pham-cong-nghe,A01,Điểm học bạ,2025,19.5,Sư phạm công nghệ
35525,DKT,su-pham-cong-nghe,A02,Điểm học bạ,2025,19.5,Sư phạm công nghệ
35526,DKT,su-pham-cong-nghe,A13,Điểm học bạ,2025,19.5,Sư phạm công nghệ
35527,DKT,su-pham-cong-nghe,B00,Điểm học bạ,2025,19.5,Sư phạm công nghệ
35528,DKT,su-pham-cong-nghe,C01,Điểm học bạ,2025,19.5,Sư phạm công nghệ
35529,DKT,su-pham-cong-nghe,D01,Điểm học bạ,2025,19.5,Sư phạm công nghệ
35530,DKT,su-pham-cong-nghe,D07,Điểm học bạ,2025,19.5,Sư phạm công nghệ
35531,DKT,su-pham-cong-nghe,A00,Điểm thi THPT,2025,19.5,Sư phạm công nghệ
35532,DKT,su-pham-cong-nghe,A01,Điểm thi THPT,2025,19.5,Sư phạm công nghệ
35533,DKT,su-pham-cong-nghe,A02,Điểm thi THPT,2025,19.5,Sư phạm công nghệ
35534,DKT,su-pham-cong-nghe,A13,Điểm thi THPT,2025,19.5,Sư phạm công nghệ
35535,DKT,su-pham-cong-nghe,B00,Điểm thi THPT,2025,19.5,Sư phạm công nghệ
35536,DKT,su-pham-cong-nghe,C01,Điểm thi THPT,2025,19.5,Sư phạm công nghệ
35537,DKT,su-pham-cong-nghe,D01,Điểm thi THPT,2025,19.5,Sư phạm công nghệ
35538,DKT,su-pham-cong-nghe,D07,Điểm thi THPT,2025,19.5,Sư phạm công nghệ
35539,DKT,su-pham-dia-li,C00,Điểm học bạ,2024,27.35,Sư phạm Địa lí
35540,DKT,su-pham-dia-li,C04,Điểm học bạ,2024,27.35,Sư phạm Địa lí
35541,DKT,su-pham-dia-li,C20,Điểm học bạ,2024,27.35,Sư phạm Địa lí
35542,DKT,su-pham-dia-li,D01,Điểm học bạ,2024,27.35,Sư phạm Địa lí
35543,DKT,su-pham-dia-li,C00,Điểm thi THPT,2024,26.85,Sư phạm Địa lí
35544,DKT,su-pham-dia-li,C04,Điểm thi THPT,2024,26.85,Sư phạm Địa lí
35545,DKT,su-pham-dia-li,C20,Điểm thi THPT,2024,26.85,Sư phạm Địa lí
35546,DKT,su-pham-dia-li,D01,Điểm thi THPT,2024,26.85,Sư phạm Địa lí
35547,DKT,su-pham-dia-ly,A09,Điểm học bạ,2025,26.67,Sư phạm Địa lý
35548,DKT,su-pham-dia-ly,C00,Điểm học bạ,2025,26.67,Sư phạm Địa lý
35549,DKT,su-pham-dia-ly,C04,Điểm học bạ,2025,26.67,Sư phạm Địa lý
35550,DKT,su-pham-dia-ly,C20,Điểm học bạ,2025,26.67,Sư phạm Địa lý
35551,DKT,su-pham-dia-ly,D10,Điểm học bạ,2025,26.67,Sư phạm Địa lý
35552,DKT,su-pham-dia-ly,D15,Điểm học bạ,2025,26.67,Sư phạm Địa lý
35553,DKT,su-pham-dia-ly,X21,Điểm học bạ,2025,26.67,Sư phạm Địa lý
35554,DKT,su-pham-dia-ly,X74,Điểm học bạ,2025,26.67,Sư phạm Địa lý
35555,DKT,su-pham-dia-ly,A09,Điểm thi THPT,2025,26.67,Sư phạm Địa lý
35556,DKT,su-pham-dia-ly,C00,Điểm thi THPT,2025,26.67,Sư phạm Địa lý
35557,DKT,su-pham-dia-ly,C04,Điểm thi THPT,2025,26.67,Sư phạm Địa lý
35558,DKT,su-pham-dia-ly,C20,Điểm thi THPT,2025,26.67,Sư phạm Địa lý
35559,DKT,su-pham-dia-ly,D10,Điểm thi THPT,2025,26.67,Sư phạm Địa lý
35560,DKT,su-pham-dia-ly,D15,Điểm thi THPT,2025,26.67,Sư phạm Địa lý
35561,DKT,su-pham-dia-ly,X21,Điểm thi THPT,2025,26.67,Sư phạm Địa lý
35562,DKT,su-pham-dia-ly,X74,Điểm thi THPT,2025,26.67,Sư phạm Địa lý
35563,DKT,su-pham-giao-duc-chinh-tri,C00,Điểm học bạ,2024,26.7,Sư phạm Giáo dục Chính trị
35564,DKT,su-pham-giao-duc-chinh-tri,C14,Điểm học bạ,2024,26.7,Sư phạm Giáo dục Chính trị
35565,DKT,su-pham-giao-duc-chinh-tri,C20,Điểm học bạ,2024,26.7,Sư phạm Giáo dục Chính trị
35566,DKT,su-pham-giao-duc-chinh-tri,D01,Điểm học bạ,2024,26.7,Sư phạm Giáo dục Chính trị
35567,DKT,su-pham-giao-duc-chinh-tri,C00,Điểm thi THPT,2024,24.15,Sư phạm Giáo dục Chính trị
35568,DKT,su-pham-giao-duc-chinh-tri,C14,Điểm thi THPT,2024,24.15,Sư phạm Giáo dục Chính trị
35569,DKT,su-pham-giao-duc-chinh-tri,C20,Điểm thi THPT,2024,24.15,Sư phạm Giáo dục Chính trị
35570,DKT,su-pham-giao-duc-chinh-tri,D01,Điểm thi THPT,2024,24.15,Sư phạm Giáo dục Chính trị
35571,DKT,su-pham-hoa-hoc,A00,Điểm học bạ,2025,21.8,Sư phạm Hoá học
35572,DKT,su-pham-hoa-hoc,B00,Điểm học bạ,2025,21.8,Sư phạm Hoá học
35573,DKT,su-pham-hoa-hoc,C02,Điểm học bạ,2025,21.8,Sư phạm Hoá học
35574,DKT,su-pham-hoa-hoc,D07,Điểm học bạ,2025,21.8,Sư phạm Hoá học
35575,DKT,su-pham-hoa-hoc,D12,Điểm học bạ,2025,21.8,Sư phạm Hoá học
35576,DKT,su-pham-hoa-hoc,A00,Điểm thi THPT,2025,21.8,Sư phạm Hoá học
35577,DKT,su-pham-hoa-hoc,B00,Điểm thi THPT,2025,21.8,Sư phạm Hoá học
35578,DKT,su-pham-hoa-hoc,C02,Điểm thi THPT,2025,21.8,Sư phạm Hoá học
35579,DKT,su-pham-hoa-hoc,D07,Điểm thi THPT,2025,21.8,Sư phạm Hoá học
35580,DKT,su-pham-hoa-hoc,D12,Điểm thi THPT,2025,21.8,Sư phạm Hoá học
35581,DKT,su-pham-khoa-hoc-tu-nhien,A00,Điểm học bạ,2023,19.0,Sư phạm Khoa học tự nhiên
35582,DKT,su-pham-khoa-hoc-tu-nhien,A02,Điểm học bạ,2023,19.0,Sư phạm Khoa học tự nhiên
35583,DKT,su-pham-khoa-hoc-tu-nhien,B00,Điểm học bạ,2023,19.0,Sư phạm Khoa học tự nhiên
35584,DKT,su-pham-khoa-hoc-tu-nhien,A00,Điểm thi THPT,2023,19.0,Sư phạm Khoa học tự nhiên
35585,DKT,su-pham-khoa-hoc-tu-nhien,A02,Điểm thi THPT,2023,19.0,Sư phạm Khoa học tự nhiên
35586,DKT,su-pham-khoa-hoc-tu-nhien,B00,Điểm thi THPT,2023,19.0,Sư phạm Khoa học tự nhiên
35587,DKT,su-pham-khoa-hoc-tu-nhien,A00,Điểm học bạ,2024,27.75,Sư phạm Khoa học tự nhiên
35588,DKT,su-pham-khoa-hoc-tu-nhien,A02,Điểm học bạ,2024,27.75,Sư phạm Khoa học tự nhiên
35589,DKT,su-pham-khoa-hoc-tu-nhien,B00,Điểm học bạ,2024,27.75,Sư phạm Khoa học tự nhiên
35590,DKT,su-pham-khoa-hoc-tu-nhien,D01,Điểm học bạ,2024,27.75,Sư phạm Khoa học tự nhiên
35591,DKT,su-pham-khoa-hoc-tu-nhien,A00,Điểm thi THPT,2024,23.7,Sư phạm Khoa học tự nhiên
35592,DKT,su-pham-khoa-hoc-tu-nhien,A02,Điểm thi THPT,2024,23.7,Sư phạm Khoa học tự nhiên
35593,DKT,su-pham-khoa-hoc-tu-nhien,B00,Điểm thi THPT,2024,23.7,Sư phạm Khoa học tự nhiên
35594,DKT,su-pham-khoa-hoc-tu-nhien,D01,Điểm thi THPT,2024,23.7,Sư phạm Khoa học tự nhiên
35595,DKT,su-pham-khoa-hoc-tu-nhien,A00,Điểm học bạ,2025,22.55,Sư phạm khoa học tự nhiên
35596,DKT,su-pham-khoa-hoc-tu-nhien,A01,Điểm học bạ,2025,22.55,Sư phạm khoa học tự nhiên
35597,DKT,su-pham-khoa-hoc-tu-nhien,A02,Điểm học bạ,2025,22.55,Sư phạm khoa học tự nhiên
35598,DKT,su-pham-khoa-hoc-tu-nhien,B00,Điểm học bạ,2025,22.55,Sư phạm khoa học tự nhiên
35599,DKT,su-pham-khoa-hoc-tu-nhien,C01,Điểm học bạ,2025,22.55,Sư phạm khoa học tự nhiên
35600,DKT,su-pham-khoa-hoc-tu-nhien,C02,Điểm học bạ,2025,22.55,Sư phạm khoa học tự nhiên
35601,DKT,su-pham-khoa-hoc-tu-nhien,D01,Điểm học bạ,2025,22.55,Sư phạm khoa học tự nhiên
35602,DKT,su-pham-khoa-hoc-tu-nhien,D07,Điểm học bạ,2025,22.55,Sư phạm khoa học tự nhiên
35603,DKT,su-pham-khoa-hoc-tu-nhien,A00,Điểm thi THPT,2025,22.55,Sư phạm khoa học tự nhiên
35604,DKT,su-pham-khoa-hoc-tu-nhien,A01,Điểm thi THPT,2025,22.55,Sư phạm khoa học tự nhiên
35605,DKT,su-pham-khoa-hoc-tu-nhien,A02,Điểm thi THPT,2025,22.55,Sư phạm khoa học tự nhiên
35606,DKT,su-pham-khoa-hoc-tu-nhien,B00,Điểm thi THPT,2025,22.55,Sư phạm khoa học tự nhiên
35607,DKT,su-pham-khoa-hoc-tu-nhien,C01,Điểm thi THPT,2025,22.55,Sư phạm khoa học tự nhiên
35608,DKT,su-pham-khoa-hoc-tu-nhien,C02,Điểm thi THPT,2025,22.55,Sư phạm khoa học tự nhiên
35609,DKT,su-pham-khoa-hoc-tu-nhien,D01,Điểm thi THPT,2025,22.55,Sư phạm khoa học tự nhiên
35610,DKT,su-pham-khoa-hoc-tu-nhien,D07,Điểm thi THPT,2025,22.55,Sư phạm khoa học tự nhiên
35611,DKT,su-pham-lich-su,C00,Điểm học bạ,2023,19.0,Sư phạm Lịch Sử
35612,DKT,su-pham-lich-su,C03,Điểm học bạ,2023,19.0,Sư phạm Lịch Sử
35613,DKT,su-pham-lich-su,D14,Điểm học bạ,2023,19.0,Sư phạm Lịch Sử
35614,DKT,su-pham-lich-su,C00,Điểm thi THPT,2023,19.0,Sư phạm Lịch Sử
35615,DKT,su-pham-lich-su,C03,Điểm thi THPT,2023,19.0,Sư phạm Lịch Sử
35616,DKT,su-pham-lich-su,D14,Điểm thi THPT,2023,19.0,Sư phạm Lịch Sử
35617,DKT,su-pham-lich-su,C00,Điểm học bạ,2024,27.5,Sư phạm Lịch Sử
35618,DKT,su-pham-lich-su,C03,Điểm học bạ,2024,27.5,Sư phạm Lịch Sử
35619,DKT,su-pham-lich-su,D14,Điểm học bạ,2024,27.5,Sư phạm Lịch Sử
35620,DKT,su-pham-lich-su,C00,Điểm thi THPT,2024,26.35,Sư phạm Lịch Sử
35621,DKT,su-pham-lich-su,C03,Điểm thi THPT,2024,26.35,Sư phạm Lịch Sử
35622,DKT,su-pham-lich-su,D14,Điểm thi THPT,2024,26.35,Sư phạm Lịch Sử
35623,DKT,su-pham-lich-su,A07,Điểm học bạ,2025,26.83,Sư phạm Lịch sử
35624,DKT,su-pham-lich-su,A08,Điểm học bạ,2025,26.83,Sư phạm Lịch sử
35625,DKT,su-pham-lich-su,C00,Điểm học bạ,2025,26.83,Sư phạm Lịch sử
35626,DKT,su-pham-lich-su,C03,Điểm học bạ,2025,26.83,Sư phạm Lịch sử
35627,DKT,su-pham-lich-su,C19,Điểm học bạ,2025,26.83,Sư phạm Lịch sử
35628,DKT,su-pham-lich-su,D09,Điểm học bạ,2025,26.83,Sư phạm Lịch sử
35629,DKT,su-pham-lich-su,D14,Điểm học bạ,2025,26.83,Sư phạm Lịch sử
35630,DKT,su-pham-lich-su,X17,Điểm học bạ,2025,26.83,Sư phạm Lịch sử
35631,DKT,su-pham-lich-su,X70,Điểm học bạ,2025,26.83,Sư phạm Lịch sử
35632,DKT,su-pham-lich-su,A07,Điểm thi THPT,2025,26.83,Sư phạm Lịch sử
35633,DKT,su-pham-lich-su,A08,Điểm thi THPT,2025,26.83,Sư phạm Lịch sử
35634,DKT,su-pham-lich-su,C00,Điểm thi THPT,2025,26.83,Sư phạm Lịch sử
35635,DKT,su-pham-lich-su,C03,Điểm thi THPT,2025,26.83,Sư phạm Lịch sử
35636,DKT,su-pham-lich-su,C19,Điểm thi THPT,2025,26.83,Sư phạm Lịch sử
35637,DKT,su-pham-lich-su,D09,Điểm thi THPT,2025,26.83,Sư phạm Lịch sử
35638,DKT,su-pham-lich-su,D14,Điểm thi THPT,2025,26.83,Sư phạm Lịch sử
35639,DKT,su-pham-lich-su,X17,Điểm thi THPT,2025,26.83,Sư phạm Lịch sử
35640,DKT,su-pham-lich-su,X70,Điểm thi THPT,2025,26.83,Sư phạm Lịch sử
35641,DKT,su-pham-ngu-van,C00,Điểm học bạ,2023,19.0,Sư phạm Ngữ Văn
35642,DKT,su-pham-ngu-van,C03,Điểm học bạ,2023,19.0,Sư phạm Ngữ Văn
35643,DKT,su-pham-ngu-van,D01,Điểm học bạ,2023,19.0,Sư phạm Ngữ Văn
35644,DKT,su-pham-ngu-van,D14,Điểm học bạ,2023,19.0,Sư phạm Ngữ Văn
35645,DKT,su-pham-ngu-van,C00,Điểm thi THPT,2023,19.0,Sư phạm Ngữ Văn
35646,DKT,su-pham-ngu-van,C03,Điểm thi THPT,2023,19.0,Sư phạm Ngữ Văn
35647,DKT,su-pham-ngu-van,D01,Điểm thi THPT,2023,19.0,Sư phạm Ngữ Văn
35648,DKT,su-pham-ngu-van,D14,Điểm thi THPT,2023,19.0,Sư phạm Ngữ Văn
35649,DKT,su-pham-ngu-van,C00,Điểm học bạ,2024,27.85,Sư phạm Ngữ Văn
35650,DKT,su-pham-ngu-van,C03,Điểm học bạ,2024,27.85,Sư phạm Ngữ Văn
35651,DKT,su-pham-ngu-van,D01,Điểm học bạ,2024,27.85,Sư phạm Ngữ Văn
35652,DKT,su-pham-ngu-van,D14,Điểm học bạ,2024,27.85,Sư phạm Ngữ Văn
35653,DKT,su-pham-ngu-van,C00,Điểm thi THPT,2024,26.62,Sư phạm Ngữ Văn
35654,DKT,su-pham-ngu-van,C03,Điểm thi THPT,2024,26.62,Sư phạm Ngữ Văn
35655,DKT,su-pham-ngu-van,D01,Điểm thi THPT,2024,26.62,Sư phạm Ngữ Văn
35656,DKT,su-pham-ngu-van,D14,Điểm thi THPT,2024,26.62,Sư phạm Ngữ Văn
35657,DKT,su-pham-ngu-van,C00,Điểm học bạ,2025,26.47,Sư phạm Ngữ văn
35658,DKT,su-pham-ngu-van,C03,Điểm học bạ,2025,26.47,Sư phạm Ngữ văn
35659,DKT,su-pham-ngu-van,C04,Điểm học bạ,2025,26.47,Sư phạm Ngữ văn
35660,DKT,su-pham-ngu-van,C09,Điểm học bạ,2025,26.47,Sư phạm Ngữ văn
35661,DKT,su-pham-ngu-van,C14,Điểm học bạ,2025,26.47,Sư phạm Ngữ văn
35662,DKT,su-pham-ngu-van,C19,Điểm học bạ,2025,26.47,Sư phạm Ngữ văn
35663,DKT,su-pham-ngu-van,C20,Điểm học bạ,2025,26.47,Sư phạm Ngữ văn
35664,DKT,su-pham-ngu-van,D01,Điểm học bạ,2025,26.47,Sư phạm Ngữ văn
35665,DKT,su-pham-ngu-van,X01,Điểm học bạ,2025,26.47,Sư phạm Ngữ văn
35666,DKT,su-pham-ngu-van,X70,Điểm học bạ,2025,26.47,Sư phạm Ngữ văn
35667,DKT,su-pham-ngu-van,X74,Điểm học bạ,2025,26.47,Sư phạm Ngữ văn
35668,DKT,su-pham-ngu-van,C00,Điểm thi THPT,2025,26.47,Sư phạm Ngữ văn
35669,DKT,su-pham-ngu-van,C03,Điểm thi THPT,2025,26.47,Sư phạm Ngữ văn
35670,DKT,su-pham-ngu-van,C04,Điểm thi THPT,2025,26.47,Sư phạm Ngữ văn
35671,DKT,su-pham-ngu-van,C09,Điểm thi THPT,2025,26.47,Sư phạm Ngữ văn
35672,DKT,su-pham-ngu-van,C14,Điểm thi THPT,2025,26.47,Sư phạm Ngữ văn
35673,DKT,su-pham-ngu-van,C19,Điểm thi THPT,2025,26.47,Sư phạm Ngữ văn
35674,DKT,su-pham-ngu-van,C20,Điểm thi THPT,2025,26.47,Sư phạm Ngữ văn
35675,DKT,su-pham-ngu-van,D01,Điểm thi THPT,2025,26.47,Sư phạm Ngữ văn
35676,DKT,su-pham-ngu-van,X01,Điểm thi THPT,2025,26.47,Sư phạm Ngữ văn
35677,DKT,su-pham-ngu-van,X70,Điểm thi THPT,2025,26.47,Sư phạm Ngữ văn
35678,DKT,su-pham-ngu-van,X74,Điểm thi THPT,2025,26.47,Sư phạm Ngữ văn
35679,DKT,su-pham-sinh-hoc,A02,Điểm học bạ,2025,19.75,Sư phạm Sinh học
35680,DKT,su-pham-sinh-hoc,B00,Điểm học bạ,2025,19.75,Sư phạm Sinh học
35681,DKT,su-pham-sinh-hoc,B01,Điểm học bạ,2025,19.75,Sư phạm Sinh học
35682,DKT,su-pham-sinh-hoc,B02,Điểm học bạ,2025,19.75,Sư phạm Sinh học
35683,DKT,su-pham-sinh-hoc,B03,Điểm học bạ,2025,19.75,Sư phạm Sinh học
35684,DKT,su-pham-sinh-hoc,B08,Điểm học bạ,2025,19.75,Sư phạm Sinh học
35685,DKT,su-pham-sinh-hoc,A02,Điểm thi THPT,2025,19.75,Sư phạm Sinh học
35686,DKT,su-pham-sinh-hoc,B00,Điểm thi THPT,2025,19.75,Sư phạm Sinh học
35687,DKT,su-pham-sinh-hoc,B01,Điểm thi THPT,2025,19.75,Sư phạm Sinh học
35688,DKT,su-pham-sinh-hoc,B02,Điểm thi THPT,2025,19.75,Sư phạm Sinh học
35689,DKT,su-pham-sinh-hoc,B03,Điểm thi THPT,2025,19.75,Sư phạm Sinh học
35690,DKT,su-pham-sinh-hoc,B08,Điểm thi THPT,2025,19.75,Sư phạm Sinh học
35691,DKT,su-pham-tieng-anh,D01,Điểm học bạ,2023,19.0,Sư phạm tiếng Anh
35692,DKT,su-pham-tieng-anh,D14,Điểm học bạ,2023,19.0,Sư phạm tiếng Anh
35693,DKT,su-pham-tieng-anh,D15,Điểm học bạ,2023,19.0,Sư phạm tiếng Anh
35694,DKT,su-pham-tieng-anh,D01,Điểm thi THPT,2023,19.0,Sư phạm tiếng Anh
35695,DKT,su-pham-tieng-anh,D14,Điểm thi THPT,2023,19.0,Sư phạm tiếng Anh
35696,DKT,su-pham-tieng-anh,D15,Điểm thi THPT,2023,19.0,Sư phạm tiếng Anh
35697,DKT,su-pham-tieng-anh,D01,Điểm học bạ,2024,27.5,Sư phạm tiếng Anh
35698,DKT,su-pham-tieng-anh,D14,Điểm học bạ,2024,27.5,Sư phạm tiếng Anh
35699,DKT,su-pham-tieng-anh,D15,Điểm học bạ,2024,27.5,Sư phạm tiếng Anh
35700,DKT,su-pham-tieng-anh,D01,Điểm thi THPT,2024,25.25,Sư phạm tiếng Anh
35701,DKT,su-pham-tieng-anh,D14,Điểm thi THPT,2024,25.25,Sư phạm tiếng Anh
35702,DKT,su-pham-tieng-anh,D15,Điểm thi THPT,2024,25.25,Sư phạm tiếng Anh
35703,DKT,su-pham-tieng-anh,A01,Điểm học bạ,2025,24.44,Sư phạm Tiếng Anh
35704,DKT,su-pham-tieng-anh,D01,Điểm học bạ,2025,24.44,Sư phạm Tiếng Anh
35705,DKT,su-pham-tieng-anh,D07,Điểm học bạ,2025,24.44,Sư phạm Tiếng Anh
35706,DKT,su-pham-tieng-anh,D11,Điểm học bạ,2025,24.44,Sư phạm Tiếng Anh
35707,DKT,su-pham-tieng-anh,D12,Điểm học bạ,2025,24.44,Sư phạm Tiếng Anh
35708,DKT,su-pham-tieng-anh,D14,Điểm học bạ,2025,24.44,Sư phạm Tiếng Anh
35709,DKT,su-pham-tieng-anh,D15,Điểm học bạ,2025,24.44,Sư phạm Tiếng Anh
35710,DKT,su-pham-tieng-anh,A01,Điểm thi THPT,2025,24.44,Sư phạm Tiếng Anh
35711,DKT,su-pham-tieng-anh,D01,Điểm thi THPT,2025,24.44,Sư phạm Tiếng Anh
35712,DKT,su-pham-tieng-anh,D07,Điểm thi THPT,2025,24.44,Sư phạm Tiếng Anh
35713,DKT,su-pham-tieng-anh,D11,Điểm thi THPT,2025,24.44,Sư phạm Tiếng Anh
35714,DKT,su-pham-tieng-anh,D12,Điểm thi THPT,2025,24.44,Sư phạm Tiếng Anh
35715,DKT,su-pham-tieng-anh,D14,Điểm thi THPT,2025,24.44,Sư phạm Tiếng Anh
35716,DKT,su-pham-tieng-anh,D15,Điểm thi THPT,2025,24.44,Sư phạm Tiếng Anh
35717,DKT,su-pham-tin-hoc,A00,Điểm học bạ,2024,26.0,Sư phạm Tin học
35718,DKT,su-pham-tin-hoc,A01,Điểm học bạ,2024,26.0,Sư phạm Tin học
35719,DKT,su-pham-tin-hoc,D01,Điểm học bạ,2024,26.0,Sư phạm Tin học
35720,DKT,su-pham-tin-hoc,A00,Điểm thi THPT,2024,20.7,Sư phạm Tin học
35721,DKT,su-pham-tin-hoc,A01,Điểm thi THPT,2024,20.7,Sư phạm Tin học
35722,DKT,su-pham-tin-hoc,D01,Điểm thi THPT,2024,20.7,Sư phạm Tin học
35723,DKT,su-pham-tin-hoc,A00,Điểm học bạ,2025,22.2,Sư phạm Tin học
35724,DKT,su-pham-tin-hoc,A01,Điểm học bạ,2025,22.2,Sư phạm Tin học
35725,DKT,su-pham-tin-hoc,A02,Điểm học bạ,2025,22.2,Sư phạm Tin học
35726,DKT,su-pham-tin-hoc,A12,Điểm học bạ,2025,22.2,Sư phạm Tin học
35727,DKT,su-pham-tin-hoc,B00,Điểm học bạ,2025,22.2,Sư phạm Tin học
35728,DKT,su-pham-tin-hoc,C01,Điểm học bạ,2025,22.2,Sư phạm Tin học
35729,DKT,su-pham-tin-hoc,C02,Điểm học bạ,2025,22.2,Sư phạm Tin học
35730,DKT,su-pham-tin-hoc,D01,Điểm học bạ,2025,22.2,Sư phạm Tin học
35731,DKT,su-pham-tin-hoc,A00,Điểm thi THPT,2025,22.2,Sư phạm Tin học
35732,DKT,su-pham-tin-hoc,A01,Điểm thi THPT,2025,22.2,Sư phạm Tin học
35733,DKT,su-pham-tin-hoc,A02,Điểm thi THPT,2025,22.2,Sư phạm Tin học
35734,DKT,su-pham-tin-hoc,A12,Điểm thi THPT,2025,22.2,Sư phạm Tin học
35735,DKT,su-pham-tin-hoc,B00,Điểm thi THPT,2025,22.2,Sư phạm Tin học
35736,DKT,su-pham-tin-hoc,C01,Điểm thi THPT,2025,22.2,Sư phạm Tin học
35737,DKT,su-pham-tin-hoc,C02,Điểm thi THPT,2025,22.2,Sư phạm Tin học
35738,DKT,su-pham-tin-hoc,D01,Điểm thi THPT,2025,22.2,Sư phạm Tin học
35739,DKT,su-pham-toan-hoc,A00,Điểm học bạ,2023,19.0,Sư phạm Toán học
35740,DKT,su-pham-toan-hoc,A01,Điểm học bạ,2023,19.0,Sư phạm Toán học
35741,DKT,su-pham-toan-hoc,A02,Điểm học bạ,2023,19.0,Sư phạm Toán học
35742,DKT,su-pham-toan-hoc,D01,Điểm học bạ,2023,19.0,Sư phạm Toán học
35743,DKT,su-pham-toan-hoc,A00,Điểm thi THPT,2023,19.0,Sư phạm Toán học
35744,DKT,su-pham-toan-hoc,A01,Điểm thi THPT,2023,19.0,Sư phạm Toán học
35745,DKT,su-pham-toan-hoc,A02,Điểm thi THPT,2023,19.0,Sư phạm Toán học
35746,DKT,su-pham-toan-hoc,D01,Điểm thi THPT,2023,19.0,Sư phạm Toán học
35747,DKT,su-pham-toan-hoc,A00,Điểm học bạ,2024,28.6,Sư phạm Toán học
35748,DKT,su-pham-toan-hoc,A01,Điểm học bạ,2024,28.6,Sư phạm Toán học
35749,DKT,su-pham-toan-hoc,A02,Điểm học bạ,2024,28.6,Sư phạm Toán học
35750,DKT,su-pham-toan-hoc,D01,Điểm học bạ,2024,28.6,Sư phạm Toán học
35751,DKT,su-pham-toan-hoc,A00,Điểm thi THPT,2024,25.11,Sư phạm Toán học
35752,DKT,su-pham-toan-hoc,A01,Điểm thi THPT,2024,25.11,Sư phạm Toán học
35753,DKT,su-pham-toan-hoc,A02,Điểm thi THPT,2024,25.11,Sư phạm Toán học
35754,DKT,su-pham-toan-hoc,D01,Điểm thi THPT,2024,25.11,Sư phạm Toán học
35755,DKT,su-pham-toan-hoc,A00,Điểm học bạ,2025,23.77,Sư phạm Toán học
35756,DKT,su-pham-toan-hoc,A01,Điểm học bạ,2025,23.77,Sư phạm Toán học
35757,DKT,su-pham-toan-hoc,A02,Điểm học bạ,2025,23.77,Sư phạm Toán học
35758,DKT,su-pham-toan-hoc,B00,Điểm học bạ,2025,23.77,Sư phạm Toán học
35759,DKT,su-pham-toan-hoc,C01,Điểm học bạ,2025,23.77,Sư phạm Toán học
35760,DKT,su-pham-toan-hoc,C02,Điểm học bạ,2025,23.77,Sư phạm Toán học
35761,DKT,su-pham-toan-hoc,D01,Điểm học bạ,2025,23.77,Sư phạm Toán học
35762,DKT,su-pham-toan-hoc,D07,Điểm học bạ,2025,23.77,Sư phạm Toán học
35763,DKT,su-pham-toan-hoc,A00,Điểm thi THPT,2025,23.77,Sư phạm Toán học
35764,DKT,su-pham-toan-hoc,A01,Điểm thi THPT,2025,23.77,Sư phạm Toán học
35765,DKT,su-pham-toan-hoc,A02,Điểm thi THPT,2025,23.77,Sư phạm Toán học
35766,DKT,su-pham-toan-hoc,B00,Điểm thi THPT,2025,23.77,Sư phạm Toán học
35767,DKT,su-pham-toan-hoc,C01,Điểm thi THPT,2025,23.77,Sư phạm Toán học
35768,DKT,su-pham-toan-hoc,C02,Điểm thi THPT,2025,23.77,Sư phạm Toán học
35769,DKT,su-pham-toan-hoc,D01,Điểm thi THPT,2025,23.77,Sư phạm Toán học
35770,DKT,su-pham-toan-hoc,D07,Điểm thi THPT,2025,23.77,Sư phạm Toán học
35771,DKT,su-pham-vat-ly,A00,Điểm học bạ,2025,23.21,Sư phạm Vật lý
35772,DKT,su-pham-vat-ly,A01,Điểm học bạ,2025,23.21,Sư phạm Vật lý
35773,DKT,su-pham-vat-ly,A02,Điểm học bạ,2025,23.21,Sư phạm Vật lý
35774,DKT,su-pham-vat-ly,A10,Điểm học bạ,2025,23.21,Sư phạm Vật lý
35775,DKT,su-pham-vat-ly,C01,Điểm học bạ,2025,23.21,Sư phạm Vật lý
35776,DKT,su-pham-vat-ly,D11,Điểm học bạ,2025,23.21,Sư phạm Vật lý
35777,DKT,su-pham-vat-ly,X05,Điểm học bạ,2025,23.21,Sư phạm Vật lý
35778,DKT,su-pham-vat-ly,A00,Điểm thi THPT,2025,23.21,Sư phạm Vật lý
35779,DKT,su-pham-vat-ly,A01,Điểm thi THPT,2025,23.21,Sư phạm Vật lý
35780,DKT,su-pham-vat-ly,A02,Điểm thi THPT,2025,23.21,Sư phạm Vật lý
35781,DKT,su-pham-vat-ly,A10,Điểm thi THPT,2025,23.21,Sư phạm Vật lý
35782,DKT,su-pham-vat-ly,C01,Điểm thi THPT,2025,23.21,Sư phạm Vật lý
35783,DKT,su-pham-vat-ly,D11,Điểm thi THPT,2025,23.21,Sư phạm Vật lý
35784,DKT,su-pham-vat-ly,X05,Điểm thi THPT,2025,23.21,Sư phạm Vật lý
35785,DKT,tai-chinh-ngan-hang,A00,Điểm thi THPT,2021,15.5,Tài chính - Ngân hàng
35786,DKT,tai-chinh-ngan-hang,A01,Điểm thi THPT,2021,15.5,Tài chính - Ngân hàng
35787,DKT,tai-chinh-ngan-hang,D01,Điểm thi THPT,2021,15.5,Tài chính - Ngân hàng
35788,DKT,tai-chinh-ngan-hang,A00,Điểm học bạ,2022,15.5,Tài chính - Ngân hàng
35789,DKT,tai-chinh-ngan-hang,A01,Điểm học bạ,2022,15.5,Tài chính - Ngân hàng
35790,DKT,tai-chinh-ngan-hang,D01,Điểm học bạ,2022,15.5,Tài chính - Ngân hàng
35791,DKT,tai-chinh-ngan-hang,A00,Điểm thi THPT,2022,14.5,Tài chính - Ngân hàng
35792,DKT,tai-chinh-ngan-hang,A01,Điểm thi THPT,2022,14.5,Tài chính - Ngân hàng
35793,DKT,tai-chinh-ngan-hang,D01,Điểm thi THPT,2022,14.5,Tài chính - Ngân hàng
35794,DKT,tai-chinh-ngan-hang,A00,Điểm học bạ,2023,15.5,Tài chính - Ngân hàng
35795,DKT,tai-chinh-ngan-hang,A01,Điểm học bạ,2023,15.5,Tài chính - Ngân hàng
35796,DKT,tai-chinh-ngan-hang,D01,Điểm học bạ,2023,15.5,Tài chính - Ngân hàng
35797,DKT,tai-chinh-ngan-hang,A00,Điểm thi THPT,2023,15.0,Tài chính - Ngân hàng
35798,DKT,tai-chinh-ngan-hang,A01,Điểm thi THPT,2023,15.0,Tài chính - Ngân hàng
35799,DKT,tai-chinh-ngan-hang,D01,Điểm thi THPT,2023,15.0,Tài chính - Ngân hàng
35800,DKT,tai-chinh-ngan-hang,A00,Điểm học bạ,2024,15.5,Tài chính - Ngân hàng
35801,DKT,tai-chinh-ngan-hang,A01,Điểm học bạ,2024,15.5,Tài chính - Ngân hàng
35802,DKT,tai-chinh-ngan-hang,D01,Điểm học bạ,2024,15.5,Tài chính - Ngân hàng
35803,DKT,tai-chinh-ngan-hang,A00,Điểm thi THPT,2024,15.0,Tài chính - Ngân hàng
35804,DKT,tai-chinh-ngan-hang,A01,Điểm thi THPT,2024,15.0,Tài chính - Ngân hàng
35805,DKT,tai-chinh-ngan-hang,D01,Điểm thi THPT,2024,15.0,Tài chính - Ngân hàng
35806,DKT,tai-chinh-ngan-hang,A00,Điểm học bạ,2025,15.0,Tài chính - Ngân hàng
35807,DKT,tai-chinh-ngan-hang,A01,Điểm học bạ,2025,15.0,Tài chính - Ngân hàng
35808,DKT,tai-chinh-ngan-hang,C01,Điểm học bạ,2025,15.0,Tài chính - Ngân hàng
35809,DKT,tai-chinh-ngan-hang,C02,Điểm học bạ,2025,15.0,Tài chính - Ngân hàng
35810,DKT,tai-chinh-ngan-hang,C03,Điểm học bạ,2025,15.0,Tài chính - Ngân hàng
35811,DKT,tai-chinh-ngan-hang,C04,Điểm học bạ,2025,15.0,Tài chính - Ngân hàng
35812,DKT,tai-chinh-ngan-hang,C14,Điểm học bạ,2025,15.0,Tài chính - Ngân hàng
35813,DKT,tai-chinh-ngan-hang,D01,Điểm học bạ,2025,15.0,Tài chính - Ngân hàng
35814,DKT,tai-chinh-ngan-hang,X01,Điểm học bạ,2025,15.0,Tài chính - Ngân hàng
35815,DKT,tai-chinh-ngan-hang,A00,Điểm thi THPT,2025,15.0,Tài chính - Ngân hàng
35816,DKT,tai-chinh-ngan-hang,A01,Điểm thi THPT,2025,15.0,Tài chính - Ngân hàng
35817,DKT,tai-chinh-ngan-hang,C01,Điểm thi THPT,2025,15.0,Tài chính - Ngân hàng
35818,DKT,tai-chinh-ngan-hang,C02,Điểm thi THPT,2025,15.0,Tài chính - Ngân hàng
35819,DKT,tai-chinh-ngan-hang,C03,Điểm thi THPT,2025,15.0,Tài chính - Ngân hàng
35820,DKT,tai-chinh-ngan-hang,C04,Điểm thi THPT,2025,15.0,Tài chính - Ngân hàng
35821,DKT,tai-chinh-ngan-hang,C14,Điểm thi THPT,2025,15.0,Tài chính - Ngân hàng
35822,DKT,tai-chinh-ngan-hang,D01,Điểm thi THPT,2025,15.0,Tài chính - Ngân hàng
35823,DKT,tai-chinh-ngan-hang,X01,Điểm thi THPT,2025,15.0,Tài chính - Ngân hàng
35824,DKT,toan-hoc,A00,Điểm học bạ,2025,20.5,Toán học
35825,DKT,toan-hoc,A01,Điểm học bạ,2025,20.5,Toán học
35826,DKT,toan-hoc,A02,Điểm học bạ,2025,20.5,Toán học
35827,DKT,toan-hoc,B00,Điểm học bạ,2025,20.5,Toán học
35828,DKT,toan-hoc,C01,Điểm học bạ,2025,20.5,Toán học
35829,DKT,toan-hoc,C02,Điểm học bạ,2025,20.5,Toán học
35830,DKT,toan-hoc,D01,Điểm học bạ,2025,20.5,Toán học
35831,DKT,toan-hoc,D07,Điểm học bạ,2025,20.5,Toán học
35832,DKT,toan-hoc,A00,Điểm thi THPT,2025,20.5,Toán học
35833,DKT,toan-hoc,A01,Điểm thi THPT,2025,20.5,Toán học
35834,DKT,toan-hoc,A02,Điểm thi THPT,2025,20.5,Toán học
35835,DKT,toan-hoc,B00,Điểm thi THPT,2025,20.5,Toán học
35836,DKT,toan-hoc,C01,Điểm thi THPT,2025,20.5,Toán học
35837,DKT,toan-hoc,C02,Điểm thi THPT,2025,20.5,Toán học
35838,DKT,toan-hoc,D01,Điểm thi THPT,2025,20.5,Toán học
35839,DKT,toan-hoc,D07,Điểm thi THPT,2025,20.5,Toán học
35840,DKT,van-hoc,C00,Điểm học bạ,2025,21.15,Văn học
35841,DKT,van-hoc,C03,Điểm học bạ,2025,21.15,Văn học
35842,DKT,van-hoc,C04,Điểm học bạ,2025,21.15,Văn học
35843,DKT,van-hoc,C09,Điểm học bạ,2025,21.15,Văn học
35844,DKT,van-hoc,C14,Điểm học bạ,2025,21.15,Văn học
35845,DKT,van-hoc,C19,Điểm học bạ,2025,21.15,Văn học
35846,DKT,van-hoc,C20,Điểm học bạ,2025,21.15,Văn học
35847,DKT,van-hoc,D01,Điểm học bạ,2025,21.15,Văn học
35848,DKT,van-hoc,X01,Điểm học bạ,2025,21.15,Văn học
35849,DKT,van-hoc,X70,Điểm học bạ,2025,21.15,Văn học
35850,DKT,van-hoc,X74,Điểm học bạ,2025,21.15,Văn học
35851,DKT,van-hoc,C00,Điểm thi THPT,2025,21.15,Văn học
35852,DKT,van-hoc,C03,Điểm thi THPT,2025,21.15,Văn học
35853,DKT,van-hoc,C04,Điểm thi THPT,2025,21.15,Văn học
35854,DKT,van-hoc,C09,Điểm thi THPT,2025,21.15,Văn học
35855,DKT,van-hoc,C14,Điểm thi THPT,2025,21.15,Văn học
35856,DKT,van-hoc,C19,Điểm thi THPT,2025,21.15,Văn học
35857,DKT,van-hoc,C20,Điểm thi THPT,2025,21.15,Văn học
35858,DKT,van-hoc,D01,Điểm thi THPT,2025,21.15,Văn học
35859,DKT,van-hoc,X01,Điểm thi THPT,2025,21.15,Văn học
35860,DKT,van-hoc,X70,Điểm thi THPT,2025,21.15,Văn học
35861,DKT,van-hoc,X74,Điểm thi THPT,2025,21.15,Văn học
35862,DKY,dieu-duong,B00,Điểm học bạ,2021,23.0,Điều dưỡng
35863,DKY,dieu-duong,B00,Điểm thi THPT,2021,21.0,Điều dưỡng
35864,DKY,dieu-duong,B00,Điểm học bạ,2022,21.0,Điều dưỡng
35865,DKY,dieu-duong,B00,Điểm thi THPT,2022,19.0,Điều dưỡng
35866,DKY,dieu-duong,B00,Điểm học bạ,2023,21.0,Điều dưỡng
35867,DKY,dieu-duong,B00,Điểm thi THPT,2023,19.0,Điều dưỡng
35868,DKY,dieu-duong,A00,Điểm học bạ,2024,21.0,Điều dưỡng
35869,DKY,dieu-duong,B00,Điểm học bạ,2024,21.0,Điều dưỡng
35870,DKY,dieu-duong,A00,Điểm thi THPT,2024,19.0,Điều dưỡng
35871,DKY,dieu-duong,B00,Điểm thi THPT,2024,19.0,Điều dưỡng
35872,DKY,dieu-duong,A00,Điểm học bạ,2025,23.75,Điều dưỡng
35873,DKY,dieu-duong,B00,Điểm học bạ,2025,23.75,Điều dưỡng
35874,DKY,dieu-duong,B08,Điểm học bạ,2025,23.75,Điều dưỡng
35875,DKY,dieu-duong,D07,Điểm học bạ,2025,23.75,Điều dưỡng
35876,DKY,dieu-duong,A00,Điểm thi THPT,2025,21.0,Điều dưỡng
35877,DKY,dieu-duong,B00,Điểm thi THPT,2025,21.0,Điều dưỡng
35878,DKY,dieu-duong,B08,Điểm thi THPT,2025,21.0,Điều dưỡng
35879,DKY,dieu-duong,D07,Điểm thi THPT,2025,21.0,Điều dưỡng
35880,DKY,ky-thuat-hinh-anh-y-hoc,A00,Điểm thi THPT,2021,22.6,Kỹ thuật Hình ảnh y học
35881,DKY,ky-thuat-hinh-anh-y-hoc,B00,Điểm thi THPT,2021,22.6,Kỹ thuật Hình ảnh y học
35882,DKY,ky-thuat-hinh-anh-y-hoc,A00,Điểm thi THPT,2022,21.0,Kỹ thuật Hình ảnh y học
35883,DKY,ky-thuat-hinh-anh-y-hoc,B00,Điểm thi THPT,2022,21.0,Kỹ thuật Hình ảnh y học
35884,DKY,ky-thuat-hinh-anh-y-hoc,A00,Điểm thi THPT,2023,19.0,Kỹ thuật Hình ảnh y học
35885,DKY,ky-thuat-hinh-anh-y-hoc,B00,Điểm thi THPT,2023,19.0,Kỹ thuật Hình ảnh y học
35886,DKY,ky-thuat-hinh-anh-y-hoc,A00,Điểm học bạ,2024,22.0,Kỹ thuật Hình ảnh y học
35887,DKY,ky-thuat-hinh-anh-y-hoc,B00,Điểm học bạ,2024,22.0,Kỹ thuật Hình ảnh y học
35888,DKY,ky-thuat-hinh-anh-y-hoc,A00,Điểm thi THPT,2024,20.0,Kỹ thuật Hình ảnh y học
35889,DKY,ky-thuat-hinh-anh-y-hoc,B00,Điểm thi THPT,2024,20.0,Kỹ thuật Hình ảnh y học
35890,DKY,ky-thuat-hinh-anh-y-hoc,A00,Điểm học bạ,2025,24.69,Kỹ thuật hình ảnh y học
35891,DKY,ky-thuat-hinh-anh-y-hoc,B00,Điểm học bạ,2025,24.69,Kỹ thuật hình ảnh y học
35892,DKY,ky-thuat-hinh-anh-y-hoc,B08,Điểm học bạ,2025,24.69,Kỹ thuật hình ảnh y học
35893,DKY,ky-thuat-hinh-anh-y-hoc,D07,Điểm học bạ,2025,24.69,Kỹ thuật hình ảnh y học
35894,DKY,ky-thuat-hinh-anh-y-hoc,A00,Điểm thi THPT,2025,22.5,Kỹ thuật hình ảnh y học
35895,DKY,ky-thuat-hinh-anh-y-hoc,B00,Điểm thi THPT,2025,22.5,Kỹ thuật hình ảnh y học
35896,DKY,ky-thuat-hinh-anh-y-hoc,B08,Điểm thi THPT,2025,22.5,Kỹ thuật hình ảnh y học
35897,DKY,ky-thuat-hinh-anh-y-hoc,D07,Điểm thi THPT,2025,22.5,Kỹ thuật hình ảnh y học
35898,DKY,ky-thuat-phuc-hoi-chuc-nang,B00,Điểm học bạ,2021,23.0,Kỹ thuật Phục hồi chức năng
35899,DKY,ky-thuat-phuc-hoi-chuc-nang,B00,Điểm thi THPT,2021,21.5,Kỹ thuật Phục hồi chức năng
35900,DKY,ky-thuat-phuc-hoi-chuc-nang,B00,Điểm học bạ,2022,21.0,Kỹ thuật Phục hồi chức năng
35901,DKY,ky-thuat-phuc-hoi-chuc-nang,B00,Điểm thi THPT,2022,19.0,Kỹ thuật Phục hồi chức năng
35902,DKY,ky-thuat-phuc-hoi-chuc-nang,B00,Điểm học bạ,2023,21.0,Kỹ thuật Phục hồi chức năng
35903,DKY,ky-thuat-phuc-hoi-chuc-nang,B00,Điểm thi THPT,2023,19.0,Kỹ thuật phục hồi chức năng
35904,DKY,ky-thuat-phuc-hoi-chuc-nang,A00,Điểm học bạ,2024,22.0,Kỹ thuật Phục hồi chức năng
35905,DKY,ky-thuat-phuc-hoi-chuc-nang,B00,Điểm học bạ,2024,22.0,Kỹ thuật Phục hồi chức năng
35906,DKY,ky-thuat-phuc-hoi-chuc-nang,A00,Điểm thi THPT,2024,20.5,Kỹ thuật phục hồi chức năng
35907,DKY,ky-thuat-phuc-hoi-chuc-nang,B00,Điểm thi THPT,2024,20.5,Kỹ thuật phục hồi chức năng
35908,DKY,ky-thuat-phuc-hoi-chuc-nang,A00,Điểm học bạ,2025,25.0,Kỹ thuật Phục hồi chức năng
35909,DKY,ky-thuat-phuc-hoi-chuc-nang,B00,Điểm học bạ,2025,25.0,Kỹ thuật Phục hồi chức năng
35910,DKY,ky-thuat-phuc-hoi-chuc-nang,B08,Điểm học bạ,2025,25.0,Kỹ thuật Phục hồi chức năng
35911,DKY,ky-thuat-phuc-hoi-chuc-nang,D07,Điểm học bạ,2025,25.0,Kỹ thuật Phục hồi chức năng
35912,DKY,ky-thuat-phuc-hoi-chuc-nang,A00,Điểm thi THPT,2025,23.0,Kỹ thuật Phục hồi chức năng
35913,DKY,ky-thuat-phuc-hoi-chuc-nang,B00,Điểm thi THPT,2025,23.0,Kỹ thuật Phục hồi chức năng
35914,DKY,ky-thuat-phuc-hoi-chuc-nang,B08,Điểm thi THPT,2025,23.0,Kỹ thuật Phục hồi chức năng
35915,DKY,ky-thuat-phuc-hoi-chuc-nang,D07,Điểm thi THPT,2025,23.0,Kỹ thuật Phục hồi chức năng
35916,DKY,ky-thuat-xet-nghiem-y-hoc,A00,Điểm thi THPT,2021,23.9,Kỹ thuật Xét nghiệm y học
35917,DKY,ky-thuat-xet-nghiem-y-hoc,B00,Điểm thi THPT,2021,23.9,Kỹ thuật Xét nghiệm y học
35918,DKY,ky-thuat-xet-nghiem-y-hoc,A00,Điểm thi THPT,2022,22.0,Kỹ thuật Xét nghiệm y học
35919,DKY,ky-thuat-xet-nghiem-y-hoc,B00,Điểm thi THPT,2022,22.0,Kỹ thuật Xét nghiệm y học
35920,DKY,ky-thuat-xet-nghiem-y-hoc,A00,Điểm thi THPT,2023,19.0,Kỹ thuật xét nghiệm y học
35921,DKY,ky-thuat-xet-nghiem-y-hoc,B00,Điểm thi THPT,2023,19.0,Kỹ thuật xét nghiệm y học
35922,DKY,ky-thuat-xet-nghiem-y-hoc,A00,Điểm học bạ,2024,23.0,Kỹ thuật Xét nghiệm y học
35923,DKY,ky-thuat-xet-nghiem-y-hoc,B00,Điểm học bạ,2024,23.0,Kỹ thuật Xét nghiệm y học
35924,DKY,ky-thuat-xet-nghiem-y-hoc,A00,Điểm thi THPT,2024,20.0,Kỹ thuật xét nghiệm y học
35925,DKY,ky-thuat-xet-nghiem-y-hoc,B00,Điểm thi THPT,2024,20.0,Kỹ thuật xét nghiệm y học
35926,DKY,ky-thuat-xet-nghiem-y-hoc,A00,Điểm học bạ,2025,24.75,Kỹ thuật Xét nghiệm y học
35927,DKY,ky-thuat-xet-nghiem-y-hoc,B00,Điểm học bạ,2025,24.75,Kỹ thuật Xét nghiệm y học
35928,DKY,ky-thuat-xet-nghiem-y-hoc,B08,Điểm học bạ,2025,24.75,Kỹ thuật Xét nghiệm y học
35929,DKY,ky-thuat-xet-nghiem-y-hoc,D07,Điểm học bạ,2025,24.75,Kỹ thuật Xét nghiệm y học
35930,DKY,ky-thuat-xet-nghiem-y-hoc,A00,Điểm thi THPT,2025,22.6,Kỹ thuật Xét nghiệm y học
35931,DKY,ky-thuat-xet-nghiem-y-hoc,B00,Điểm thi THPT,2025,22.6,Kỹ thuật Xét nghiệm y học
35932,DKY,ky-thuat-xet-nghiem-y-hoc,B08,Điểm thi THPT,2025,22.6,Kỹ thuật Xét nghiệm y học
35933,DKY,ky-thuat-xet-nghiem-y-hoc,D07,Điểm thi THPT,2025,22.6,Kỹ thuật Xét nghiệm y học
35934,DKY,y-khoa,B00,Điểm thi THPT,2021,26.1,Y khoa
35935,DKY,y-khoa,B00,Điểm thi THPT,2022,25.4,Y khoa
35936,DKY,y-khoa,B00,Điểm thi THPT,2023,24.5,Y khoa
35937,DKY,y-khoa,B00,Điểm thi THPT,2024,25.4,Y khoa
35938,DKY,y-khoa,A00,Điểm học bạ,2025,26.8,Y khoa
35939,DKY,y-khoa,B00,Điểm học bạ,2025,26.8,Y khoa
35940,DKY,y-khoa,B08,Điểm học bạ,2025,26.8,Y khoa
35941,DKY,y-khoa,D07,Điểm học bạ,2025,26.8,Y khoa
35942,DKY,y-khoa,A00,Điểm thi THPT,2025,23.8,Y khoa
35943,DKY,y-khoa,B00,Điểm thi THPT,2025,23.8,Y khoa
35944,DKY,y-khoa,B08,Điểm thi THPT,2025,23.8,Y khoa
35945,DKY,y-khoa,D07,Điểm thi THPT,2025,23.8,Y khoa
35946,DLA,cong-nghe-ky-thuat-xay-dung,A00,Điểm thi THPT,2021,15.0,Công nghệ kỹ thuật xây dựng
35947,DLA,cong-nghe-ky-thuat-xay-dung,A02,Điểm thi THPT,2021,15.0,Công nghệ kỹ thuật xây dựng
35948,DLA,cong-nghe-ky-thuat-xay-dung,C01,Điểm thi THPT,2021,15.0,Công nghệ kỹ thuật xây dựng
35949,DLA,cong-nghe-ky-thuat-xay-dung,D84,Điểm thi THPT,2021,15.0,Công nghệ kỹ thuật xây dựng
35950,DLA,cong-nghe-ky-thuat-xay-dung,A00,Điểm học bạ,2022,18.0,Công nghệ kỹ thuật xây dựng
35951,DLA,cong-nghe-ky-thuat-xay-dung,A02,Điểm học bạ,2022,18.0,Công nghệ kỹ thuật xây dựng
35952,DLA,cong-nghe-ky-thuat-xay-dung,C01,Điểm học bạ,2022,18.0,Công nghệ kỹ thuật xây dựng
35953,DLA,cong-nghe-ky-thuat-xay-dung,D84,Điểm học bạ,2022,18.0,Công nghệ kỹ thuật xây dựng
35954,DLA,cong-nghe-ky-thuat-xay-dung,A00,Điểm thi THPT,2022,15.0,Công nghệ kỹ thuật xây dựng
35955,DLA,cong-nghe-ky-thuat-xay-dung,A02,Điểm thi THPT,2022,15.0,Công nghệ kỹ thuật xây dựng
35956,DLA,cong-nghe-ky-thuat-xay-dung,C01,Điểm thi THPT,2022,15.0,Công nghệ kỹ thuật xây dựng
35957,DLA,cong-nghe-ky-thuat-xay-dung,D84,Điểm thi THPT,2022,15.0,Công nghệ kỹ thuật xây dựng
35958,DLA,cong-nghe-ky-thuat-xay-dung,A00,Điểm học bạ,2023,18.0,Công nghệ Kỹ thuật Xây dựng
35959,DLA,cong-nghe-ky-thuat-xay-dung,A02,Điểm học bạ,2023,18.0,Công nghệ Kỹ thuật Xây dựng
35960,DLA,cong-nghe-ky-thuat-xay-dung,C01,Điểm học bạ,2023,18.0,Công nghệ Kỹ thuật Xây dựng
35961,DLA,cong-nghe-ky-thuat-xay-dung,D84,Điểm học bạ,2023,18.0,Công nghệ Kỹ thuật Xây dựng
35962,DLA,cong-nghe-ky-thuat-xay-dung,A00,Điểm thi THPT,2023,15.0,Công nghệ Kỹ thuật Xây dựng
35963,DLA,cong-nghe-ky-thuat-xay-dung,A02,Điểm thi THPT,2023,15.0,Công nghệ Kỹ thuật Xây dựng
35964,DLA,cong-nghe-ky-thuat-xay-dung,C01,Điểm thi THPT,2023,15.0,Công nghệ Kỹ thuật Xây dựng
35965,DLA,cong-nghe-ky-thuat-xay-dung,D84,Điểm thi THPT,2023,15.0,Công nghệ Kỹ thuật Xây dựng
35966,DLA,cong-nghe-ky-thuat-xay-dung,A00,Điểm học bạ,2024,18.0,Công nghệ Kỹ thuật Xây dựng
35967,DLA,cong-nghe-ky-thuat-xay-dung,A02,Điểm học bạ,2024,18.0,Công nghệ Kỹ thuật Xây dựng
35968,DLA,cong-nghe-ky-thuat-xay-dung,C01,Điểm học bạ,2024,18.0,Công nghệ Kỹ thuật Xây dựng
35969,DLA,cong-nghe-ky-thuat-xay-dung,D84,Điểm học bạ,2024,18.0,Công nghệ Kỹ thuật Xây dựng
35970,DLA,cong-nghe-ky-thuat-xay-dung,A00,Điểm thi THPT,2024,15.0,Công nghệ Kỹ thuật Xây dựng
35971,DLA,cong-nghe-ky-thuat-xay-dung,A02,Điểm thi THPT,2024,15.0,Công nghệ Kỹ thuật Xây dựng
35972,DLA,cong-nghe-ky-thuat-xay-dung,C01,Điểm thi THPT,2024,15.0,Công nghệ Kỹ thuật Xây dựng
35973,DLA,cong-nghe-ky-thuat-xay-dung,D84,Điểm thi THPT,2024,15.0,Công nghệ Kỹ thuật Xây dựng
35974,DLA,cong-nghe-ky-thuat-xay-dung,A00,Điểm học bạ,2025,18.0,Công nghệ Kỹ thuật Xây dựng
35975,DLA,cong-nghe-ky-thuat-xay-dung,A02,Điểm học bạ,2025,18.0,Công nghệ Kỹ thuật Xây dựng
35976,DLA,cong-nghe-ky-thuat-xay-dung,C01,Điểm học bạ,2025,18.0,Công nghệ Kỹ thuật Xây dựng
35977,DLA,cong-nghe-ky-thuat-xay-dung,X25,Điểm học bạ,2025,18.0,Công nghệ Kỹ thuật Xây dựng
35978,DLA,cong-nghe-ky-thuat-xay-dung,A00,Điểm thi THPT,2025,15.0,Công nghệ Kỹ thuật Xây dựng
35979,DLA,cong-nghe-ky-thuat-xay-dung,A02,Điểm thi THPT,2025,15.0,Công nghệ Kỹ thuật Xây dựng
35980,DLA,cong-nghe-ky-thuat-xay-dung,C01,Điểm thi THPT,2025,15.0,Công nghệ Kỹ thuật Xây dựng
35981,DLA,cong-nghe-ky-thuat-xay-dung,X25,Điểm thi THPT,2025,15.0,Công nghệ Kỹ thuật Xây dựng
35982,DLA,cong-nghe-thong-tin,A00,Điểm thi THPT,2021,15.0,Công nghệ thông tin
35983,DLA,cong-nghe-thong-tin,C01,Điểm thi THPT,2021,15.0,Công nghệ thông tin
35984,DLA,cong-nghe-thong-tin,C14,Điểm thi THPT,2021,15.0,Công nghệ thông tin
35985,DLA,cong-nghe-thong-tin,D08,Điểm thi THPT,2021,15.0,Công nghệ thông tin
35986,DLA,cong-nghe-thong-tin,A00,Điểm học bạ,2022,18.0,Công nghệ thông tin
35987,DLA,cong-nghe-thong-tin,B08,Điểm học bạ,2022,18.0,Công nghệ thông tin
35988,DLA,cong-nghe-thong-tin,C01,Điểm học bạ,2022,18.0,Công nghệ thông tin
35989,DLA,cong-nghe-thong-tin,C14,Điểm học bạ,2022,18.0,Công nghệ thông tin
35990,DLA,cong-nghe-thong-tin,A00,Điểm thi THPT,2022,15.0,Công nghệ thông tin
35991,DLA,cong-nghe-thong-tin,B08,Điểm thi THPT,2022,15.0,Công nghệ thông tin
35992,DLA,cong-nghe-thong-tin,C01,Điểm thi THPT,2022,15.0,Công nghệ thông tin
35993,DLA,cong-nghe-thong-tin,C14,Điểm thi THPT,2022,15.0,Công nghệ thông tin
35994,DLA,cong-nghe-thong-tin,A00,Điểm học bạ,2023,18.0,Công nghệ thông tin
35995,DLA,cong-nghe-thong-tin,C01,Điểm học bạ,2023,18.0,Công nghệ thông tin
35996,DLA,cong-nghe-thong-tin,C14,Điểm học bạ,2023,18.0,Công nghệ thông tin
35997,DLA,cong-nghe-thong-tin,D08,Điểm học bạ,2023,18.0,Công nghệ thông tin
35998,DLA,cong-nghe-thong-tin,A00,Điểm thi THPT,2023,15.0,Công nghệ thông tin
35999,DLA,cong-nghe-thong-tin,C01,Điểm thi THPT,2023,15.0,Công nghệ thông tin
36000,DLA,cong-nghe-thong-tin,C14,Điểm thi THPT,2023,15.0,Công nghệ thông tin
36001,DLA,cong-nghe-thong-tin,D08,Điểm thi THPT,2023,15.0,Công nghệ thông tin
36002,DLA,cong-nghe-thong-tin,A00,Điểm học bạ,2024,18.0,Công nghệ thông tin
36003,DLA,cong-nghe-thong-tin,C01,Điểm học bạ,2024,18.0,Công nghệ thông tin
36004,DLA,cong-nghe-thong-tin,C14,Điểm học bạ,2024,18.0,Công nghệ thông tin
36005,DLA,cong-nghe-thong-tin,D08,Điểm học bạ,2024,18.0,Công nghệ thông tin
36006,DLA,cong-nghe-thong-tin,A00,Điểm thi THPT,2024,15.0,Công nghệ thông tin
36007,DLA,cong-nghe-thong-tin,C01,Điểm thi THPT,2024,15.0,Công nghệ thông tin
36008,DLA,cong-nghe-thong-tin,C14,Điểm thi THPT,2024,15.0,Công nghệ thông tin
36009,DLA,cong-nghe-thong-tin,D08,Điểm thi THPT,2024,15.0,Công nghệ thông tin
36010,DLA,cong-nghe-thong-tin,A00,Điểm học bạ,2025,20.85,Công nghệ thông tin
36011,DLA,cong-nghe-thong-tin,B08,Điểm học bạ,2025,20.85,Công nghệ thông tin
36012,DLA,cong-nghe-thong-tin,C01,Điểm học bạ,2025,20.85,Công nghệ thông tin
36013,DLA,cong-nghe-thong-tin,X01,Điểm học bạ,2025,20.85,Công nghệ thông tin
36014,DLA,cong-nghe-thong-tin,A00,Điểm thi THPT,2025,18.56,Công nghệ thông tin
36015,DLA,cong-nghe-thong-tin,B08,Điểm thi THPT,2025,18.56,Công nghệ thông tin
36016,DLA,cong-nghe-thong-tin,C01,Điểm thi THPT,2025,18.56,Công nghệ thông tin
36017,DLA,cong-nghe-thong-tin,X01,Điểm thi THPT,2025,18.56,Công nghệ thông tin
36018,DLA,ke-toan,A00,Điểm thi THPT,2021,15.0,Kế toán
36019,DLA,ke-toan,A09,Điểm thi THPT,2021,15.0,Kế toán
36020,DLA,ke-toan,C02,Điểm thi THPT,2021,15.0,Kế toán
36021,DLA,ke-toan,D10,Điểm thi THPT,2021,15.0,Kế toán
36022,DLA,ke-toan,A00,Điểm học bạ,2022,18.0,Kế toán
36023,DLA,ke-toan,A09,Điểm học bạ,2022,18.0,Kế toán
36024,DLA,ke-toan,C02,Điểm học bạ,2022,18.0,Kế toán
36025,DLA,ke-toan,D10,Điểm học bạ,2022,18.0,Kế toán
36026,DLA,ke-toan,A00,Điểm thi THPT,2022,15.0,Kế toán
36027,DLA,ke-toan,A09,Điểm thi THPT,2022,15.0,Kế toán
36028,DLA,ke-toan,C02,Điểm thi THPT,2022,15.0,Kế toán
36029,DLA,ke-toan,D10,Điểm thi THPT,2022,15.0,Kế toán
36030,DLA,ke-toan,A00,Điểm học bạ,2023,18.0,Kế toán
36031,DLA,ke-toan,A09,Điểm học bạ,2023,18.0,Kế toán
36032,DLA,ke-toan,C02,Điểm học bạ,2023,18.0,Kế toán
36033,DLA,ke-toan,D10,Điểm học bạ,2023,18.0,Kế toán
36034,DLA,ke-toan,A00,Điểm thi THPT,2023,15.0,Kế toán
36035,DLA,ke-toan,A09,Điểm thi THPT,2023,15.0,Kế toán
36036,DLA,ke-toan,C02,Điểm thi THPT,2023,15.0,Kế toán
36037,DLA,ke-toan,D10,Điểm thi THPT,2023,15.0,Kế toán
36038,DLA,ke-toan,A00,Điểm học bạ,2024,18.0,Kế toán
36039,DLA,ke-toan,A09,Điểm học bạ,2024,18.0,Kế toán
36040,DLA,ke-toan,C02,Điểm học bạ,2024,18.0,Kế toán
36041,DLA,ke-toan,D10,Điểm học bạ,2024,18.0,Kế toán
36042,DLA,ke-toan,A00,Điểm thi THPT,2024,15.0,Kế toán
36043,DLA,ke-toan,A09,Điểm thi THPT,2024,15.0,Kế toán
36044,DLA,ke-toan,C02,Điểm thi THPT,2024,15.0,Kế toán
36045,DLA,ke-toan,D10,Điểm thi THPT,2024,15.0,Kế toán
36046,DLA,ke-toan,A00,Điểm học bạ,2025,18.0,Kế toán
36047,DLA,ke-toan,C02,Điểm học bạ,2025,18.0,Kế toán
36048,DLA,ke-toan,D10,Điểm học bạ,2025,18.0,Kế toán
36049,DLA,ke-toan,X21,Điểm học bạ,2025,18.0,Kế toán
36050,DLA,ke-toan,A00,Điểm thi THPT,2025,15.0,Kế toán
36051,DLA,ke-toan,C02,Điểm thi THPT,2025,15.0,Kế toán
36052,DLA,ke-toan,D10,Điểm thi THPT,2025,15.0,Kế toán
36053,DLA,ke-toan,X21,Điểm thi THPT,2025,15.0,Kế toán
36054,DLA,kien-truc,V00,Điểm thi THPT,2021,17.0,Kiến trúc
36055,DLA,kien-truc,V01,Điểm thi THPT,2021,17.0,Kiến trúc
36056,DLA,kien-truc,V02,Điểm thi THPT,2021,17.0,Kiến trúc
36057,DLA,kien-truc,V03,Điểm thi THPT,2021,17.0,Kiến trúc
36058,DLA,kien-truc,V00,Điểm học bạ,2022,20.0,Kiến trúc
36059,DLA,kien-truc,V01,Điểm học bạ,2022,20.0,Kiến trúc
36060,DLA,kien-truc,V02,Điểm học bạ,2022,20.0,Kiến trúc
36061,DLA,kien-truc,V03,Điểm học bạ,2022,20.0,Kiến trúc
36062,DLA,kien-truc,V00,Điểm thi THPT,2022,17.0,Kiến trúc
36063,DLA,kien-truc,V01,Điểm thi THPT,2022,17.0,Kiến trúc
36064,DLA,kien-truc,V02,Điểm thi THPT,2022,17.0,Kiến trúc
36065,DLA,kien-truc,V03,Điểm thi THPT,2022,17.0,Kiến trúc
36066,DLA,luat-kinh-te,A00,Điểm thi THPT,2021,15.0,Luật kinh tế
36067,DLA,luat-kinh-te,C00,Điểm thi THPT,2021,15.0,Luật kinh tế
36068,DLA,luat-kinh-te,C04,Điểm thi THPT,2021,15.0,Luật kinh tế
36069,DLA,luat-kinh-te,C05,Điểm thi THPT,2021,15.0,Luật kinh tế
36070,DLA,luat-kinh-te,A00,Điểm học bạ,2022,18.0,Luật kinh tế
36071,DLA,luat-kinh-te,C00,Điểm học bạ,2022,18.0,Luật kinh tế
36072,DLA,luat-kinh-te,C04,Điểm học bạ,2022,18.0,Luật kinh tế
36073,DLA,luat-kinh-te,C05,Điểm học bạ,2022,18.0,Luật kinh tế
36074,DLA,luat-kinh-te,A00,Điểm thi THPT,2022,15.0,Luật kinh tế
36075,DLA,luat-kinh-te,C00,Điểm thi THPT,2022,15.0,Luật kinh tế
36076,DLA,luat-kinh-te,C04,Điểm thi THPT,2022,15.0,Luật kinh tế
36077,DLA,luat-kinh-te,C05,Điểm thi THPT,2022,15.0,Luật kinh tế
36078,DLA,luat-kinh-te,A00,Điểm học bạ,2023,18.0,Luật Kinh tế
36079,DLA,luat-kinh-te,C00,Điểm học bạ,2023,18.0,Luật Kinh tế
36080,DLA,luat-kinh-te,C04,Điểm học bạ,2023,18.0,Luật Kinh tế
36081,DLA,luat-kinh-te,C05,Điểm học bạ,2023,18.0,Luật Kinh tế
36082,DLA,luat-kinh-te,A00,Điểm thi THPT,2023,15.0,Luật Kinh tế
36083,DLA,luat-kinh-te,C00,Điểm thi THPT,2023,15.0,Luật Kinh tế
36084,DLA,luat-kinh-te,C04,Điểm thi THPT,2023,15.0,Luật Kinh tế
36085,DLA,luat-kinh-te,C05,Điểm thi THPT,2023,15.0,Luật Kinh tế
36086,DLA,luat-kinh-te,A00,Điểm học bạ,2024,18.0,Luật Kinh tế
36087,DLA,luat-kinh-te,C00,Điểm học bạ,2024,18.0,Luật Kinh tế
36088,DLA,luat-kinh-te,C04,Điểm học bạ,2024,18.0,Luật Kinh tế
36089,DLA,luat-kinh-te,C05,Điểm học bạ,2024,18.0,Luật Kinh tế
36090,DLA,luat-kinh-te,A00,Điểm thi THPT,2024,15.0,Luật Kinh tế
36091,DLA,luat-kinh-te,C00,Điểm thi THPT,2024,15.0,Luật Kinh tế
36092,DLA,luat-kinh-te,C04,Điểm thi THPT,2024,15.0,Luật Kinh tế
36093,DLA,luat-kinh-te,C05,Điểm thi THPT,2024,15.0,Luật Kinh tế
36094,DLA,luat-kinh-te,A00,Điểm học bạ,2025,18.0,Luật Kinh tế
36095,DLA,luat-kinh-te,C00,Điểm học bạ,2025,18.0,Luật Kinh tế
36096,DLA,luat-kinh-te,C04,Điểm học bạ,2025,18.0,Luật Kinh tế
36097,DLA,luat-kinh-te,C05,Điểm học bạ,2025,18.0,Luật Kinh tế
36098,DLA,luat-kinh-te,A00,Điểm thi THPT,2025,15.0,Luật Kinh tế
36099,DLA,luat-kinh-te,C00,Điểm thi THPT,2025,15.0,Luật Kinh tế
36100,DLA,luat-kinh-te,C04,Điểm thi THPT,2025,15.0,Luật Kinh tế
36101,DLA,luat-kinh-te,C05,Điểm thi THPT,2025,15.0,Luật Kinh tế
36102,DLA,marketing,A01,Điểm thi THPT,2021,15.0,Marketing
36103,DLA,marketing,B03,Điểm thi THPT,2021,15.0,Marketing
36104,DLA,marketing,C20,Điểm thi THPT,2021,15.0,Marketing
36105,DLA,marketing,D13,Điểm thi THPT,2021,15.0,Marketing
36106,DLA,marketing,A01,Điểm học bạ,2022,18.0,Marketing
36107,DLA,marketing,B03,Điểm học bạ,2022,18.0,Marketing
36108,DLA,marketing,C20,Điểm học bạ,2022,18.0,Marketing
36109,DLA,marketing,D13,Điểm học bạ,2022,18.0,Marketing
36110,DLA,marketing,A01,Điểm thi THPT,2022,15.0,Marketing
36111,DLA,marketing,B03,Điểm thi THPT,2022,15.0,Marketing
36112,DLA,marketing,C20,Điểm thi THPT,2022,15.0,Marketing
36113,DLA,marketing,D13,Điểm thi THPT,2022,15.0,Marketing
36114,DLA,marketing,A01,Điểm học bạ,2025,18.0,Marketing
36115,DLA,marketing,B03,Điểm học bạ,2025,18.0,Marketing
36116,DLA,marketing,D13,Điểm học bạ,2025,18.0,Marketing
36117,DLA,marketing,X74,Điểm học bạ,2025,18.0,Marketing
36118,DLA,marketing,A01,Điểm thi THPT,2025,15.0,Marketing
36119,DLA,marketing,B03,Điểm thi THPT,2025,15.0,Marketing
36120,DLA,marketing,D13,Điểm thi THPT,2025,15.0,Marketing
36121,DLA,marketing,X74,Điểm thi THPT,2025,15.0,Marketing
36122,DLA,ngon-ngu-anh,D01,Điểm thi THPT,2021,15.0,Ngôn ngữ Anh
36123,DLA,ngon-ngu-anh,D12,Điểm thi THPT,2021,15.0,Ngôn ngữ Anh
36124,DLA,ngon-ngu-anh,D15,Điểm thi THPT,2021,15.0,Ngôn ngữ Anh
36125,DLA,ngon-ngu-anh,D66,Điểm thi THPT,2021,15.0,Ngôn ngữ Anh
36126,DLA,ngon-ngu-anh,D01,Điểm học bạ,2022,18.0,Ngôn ngữ Anh
36127,DLA,ngon-ngu-anh,D10,Điểm học bạ,2022,18.0,Ngôn ngữ Anh
36128,DLA,ngon-ngu-anh,D66,Điểm học bạ,2022,18.0,Ngôn ngữ Anh
36129,DLA,ngon-ngu-anh,D84,Điểm học bạ,2022,18.0,Ngôn ngữ Anh
36130,DLA,ngon-ngu-anh,D01,Điểm thi THPT,2022,15.0,Ngôn ngữ Anh
36131,DLA,ngon-ngu-anh,D10,Điểm thi THPT,2022,15.0,Ngôn ngữ Anh
36132,DLA,ngon-ngu-anh,D66,Điểm thi THPT,2022,15.0,Ngôn ngữ Anh
36133,DLA,ngon-ngu-anh,D84,Điểm thi THPT,2022,15.0,Ngôn ngữ Anh
36134,DLA,ngon-ngu-anh,D01,Điểm học bạ,2023,18.0,Ngôn ngữ Anh
36135,DLA,ngon-ngu-anh,D12,Điểm học bạ,2023,18.0,Ngôn ngữ Anh
36136,DLA,ngon-ngu-anh,D15,Điểm học bạ,2023,18.0,Ngôn ngữ Anh
36137,DLA,ngon-ngu-anh,D66,Điểm học bạ,2023,18.0,Ngôn ngữ Anh
36138,DLA,ngon-ngu-anh,D01,Điểm thi THPT,2023,15.0,Ngôn ngữ Anh
36139,DLA,ngon-ngu-anh,D12,Điểm thi THPT,2023,15.0,Ngôn ngữ Anh
36140,DLA,ngon-ngu-anh,D15,Điểm thi THPT,2023,15.0,Ngôn ngữ Anh
36141,DLA,ngon-ngu-anh,D66,Điểm thi THPT,2023,15.0,Ngôn ngữ Anh
36142,DLA,ngon-ngu-anh,D01,Điểm học bạ,2024,18.0,Ngôn ngữ Anh
36143,DLA,ngon-ngu-anh,D12,Điểm học bạ,2024,18.0,Ngôn ngữ Anh
36144,DLA,ngon-ngu-anh,D15,Điểm học bạ,2024,18.0,Ngôn ngữ Anh
36145,DLA,ngon-ngu-anh,D66,Điểm học bạ,2024,18.0,Ngôn ngữ Anh
36146,DLA,ngon-ngu-anh,D01,Điểm thi THPT,2024,15.0,Ngôn ngữ Anh
36147,DLA,ngon-ngu-anh,D12,Điểm thi THPT,2024,15.0,Ngôn ngữ Anh
36148,DLA,ngon-ngu-anh,D15,Điểm thi THPT,2024,15.0,Ngôn ngữ Anh
36149,DLA,ngon-ngu-anh,D66,Điểm thi THPT,2024,15.0,Ngôn ngữ Anh
36150,DLA,ngon-ngu-anh,D01,Điểm học bạ,2025,18.0,Ngôn ngữ Anh
36151,DLA,ngon-ngu-anh,D07,Điểm học bạ,2025,18.0,Ngôn ngữ Anh
36152,DLA,ngon-ngu-anh,D15,Điểm học bạ,2025,18.0,Ngôn ngữ Anh
36153,DLA,ngon-ngu-anh,X78,Điểm học bạ,2025,18.0,Ngôn ngữ Anh
36154,DLA,ngon-ngu-anh,D01,Điểm thi THPT,2025,15.0,Ngôn ngữ Anh
36155,DLA,ngon-ngu-anh,D07,Điểm thi THPT,2025,15.0,Ngôn ngữ Anh
36156,DLA,ngon-ngu-anh,D15,Điểm thi THPT,2025,15.0,Ngôn ngữ Anh
36157,DLA,ngon-ngu-anh,X78,Điểm thi THPT,2025,15.0,Ngôn ngữ Anh
36158,DLA,quan-tri-cong-nghe-truyen-thong,A01,Điểm thi THPT,2021,16.0,Quản trị công nghệ truyền thông
36159,DLA,quan-tri-cong-nghe-truyen-thong,B03,Điểm thi THPT,2021,16.0,Quản trị công nghệ truyền thông
36160,DLA,quan-tri-cong-nghe-truyen-thong,C20,Điểm thi THPT,2021,16.0,Quản trị công nghệ truyền thông
36161,DLA,quan-tri-cong-nghe-truyen-thong,D13,Điểm thi THPT,2021,16.0,Quản trị công nghệ truyền thông
36162,DLA,quan-tri-cong-nghe-truyen-thong,A01,Điểm học bạ,2022,19.0,Quản trị công nghệ truyền thông
36163,DLA,quan-tri-cong-nghe-truyen-thong,B03,Điểm học bạ,2022,19.0,Quản trị công nghệ truyền thông
36164,DLA,quan-tri-cong-nghe-truyen-thong,C20,Điểm học bạ,2022,19.0,Quản trị công nghệ truyền thông
36165,DLA,quan-tri-cong-nghe-truyen-thong,D13,Điểm học bạ,2022,19.0,Quản trị công nghệ truyền thông
36166,DLA,quan-tri-cong-nghe-truyen-thong,A01,Điểm thi THPT,2022,16.0,Quản trị công nghệ truyền thông
36167,DLA,quan-tri-cong-nghe-truyen-thong,B03,Điểm thi THPT,2022,16.0,Quản trị công nghệ truyền thông
36168,DLA,quan-tri-cong-nghe-truyen-thong,C20,Điểm thi THPT,2022,16.0,Quản trị công nghệ truyền thông
36169,DLA,quan-tri-cong-nghe-truyen-thong,D13,Điểm thi THPT,2022,16.0,Quản trị công nghệ truyền thông
36170,DLA,quan-tri-dich-vu-du-lich-va-lu-hanh,D01,Điểm thi THPT,2021,15.0,Quản trị dịch vụ du lịch và lữ hành
36171,DLA,quan-tri-dich-vu-du-lich-va-lu-hanh,D15,Điểm thi THPT,2021,15.0,Quản trị dịch vụ du lịch và lữ hành
36172,DLA,quan-tri-dich-vu-du-lich-va-lu-hanh,D66,Điểm thi THPT,2021,15.0,Quản trị dịch vụ du lịch và lữ hành
36173,DLA,quan-tri-dich-vu-du-lich-va-lu-hanh,D84,Điểm thi THPT,2021,15.0,Quản trị dịch vụ du lịch và lữ hành
36174,DLA,quan-tri-dich-vu-du-lich-va-lu-hanh,D01,Điểm học bạ,2022,18.0,Quản trị dịch vụ du lịch và lữ hành
36175,DLA,quan-tri-dich-vu-du-lich-va-lu-hanh,D10,Điểm học bạ,2022,18.0,Quản trị dịch vụ du lịch và lữ hành
36176,DLA,quan-tri-dich-vu-du-lich-va-lu-hanh,D66,Điểm học bạ,2022,18.0,Quản trị dịch vụ du lịch và lữ hành
36177,DLA,quan-tri-dich-vu-du-lich-va-lu-hanh,D84,Điểm học bạ,2022,18.0,Quản trị dịch vụ du lịch và lữ hành
36178,DLA,quan-tri-dich-vu-du-lich-va-lu-hanh,D01,Điểm thi THPT,2022,15.0,Quản trị dịch vụ du lịch và lữ hành
36179,DLA,quan-tri-dich-vu-du-lich-va-lu-hanh,D10,Điểm thi THPT,2022,15.0,Quản trị dịch vụ du lịch và lữ hành
36180,DLA,quan-tri-dich-vu-du-lich-va-lu-hanh,D66,Điểm thi THPT,2022,15.0,Quản trị dịch vụ du lịch và lữ hành
36181,DLA,quan-tri-dich-vu-du-lich-va-lu-hanh,D84,Điểm thi THPT,2022,15.0,Quản trị dịch vụ du lịch và lữ hành
36182,DLA,quan-tri-dich-vu-du-lich-va-lu-hanh,D01,Điểm học bạ,2023,18.0,Quản trị dịch vụ du lịch và lữ hành
36183,DLA,quan-tri-dich-vu-du-lich-va-lu-hanh,D15,Điểm học bạ,2023,18.0,Quản trị dịch vụ du lịch và lữ hành
36184,DLA,quan-tri-dich-vu-du-lich-va-lu-hanh,D66,Điểm học bạ,2023,18.0,Quản trị dịch vụ du lịch và lữ hành
36185,DLA,quan-tri-dich-vu-du-lich-va-lu-hanh,D84,Điểm học bạ,2023,18.0,Quản trị dịch vụ du lịch và lữ hành
36186,DLA,quan-tri-dich-vu-du-lich-va-lu-hanh,D01,Điểm thi THPT,2023,17.0,Quản trị dịch vụ du lịch và lữ hành
36187,DLA,quan-tri-dich-vu-du-lich-va-lu-hanh,D15,Điểm thi THPT,2023,17.0,Quản trị dịch vụ du lịch và lữ hành
36188,DLA,quan-tri-dich-vu-du-lich-va-lu-hanh,D66,Điểm thi THPT,2023,17.0,Quản trị dịch vụ du lịch và lữ hành
36189,DLA,quan-tri-dich-vu-du-lich-va-lu-hanh,D84,Điểm thi THPT,2023,17.0,Quản trị dịch vụ du lịch và lữ hành
36190,DLA,quan-tri-dich-vu-du-lich-va-lu-hanh,D01,Điểm học bạ,2024,18.0,Quản trị dịch vụ du lịch và lữ hành
36191,DLA,quan-tri-dich-vu-du-lich-va-lu-hanh,D15,Điểm học bạ,2024,18.0,Quản trị dịch vụ du lịch và lữ hành
36192,DLA,quan-tri-dich-vu-du-lich-va-lu-hanh,D66,Điểm học bạ,2024,18.0,Quản trị dịch vụ du lịch và lữ hành
36193,DLA,quan-tri-dich-vu-du-lich-va-lu-hanh,D84,Điểm học bạ,2024,18.0,Quản trị dịch vụ du lịch và lữ hành
36194,DLA,quan-tri-dich-vu-du-lich-va-lu-hanh,D01,Điểm thi THPT,2024,17.0,Quản trị dịch vụ du lịch và lữ hành
36195,DLA,quan-tri-dich-vu-du-lich-va-lu-hanh,D15,Điểm thi THPT,2024,17.0,Quản trị dịch vụ du lịch và lữ hành
36196,DLA,quan-tri-dich-vu-du-lich-va-lu-hanh,D66,Điểm thi THPT,2024,17.0,Quản trị dịch vụ du lịch và lữ hành
36197,DLA,quan-tri-dich-vu-du-lich-va-lu-hanh,D84,Điểm thi THPT,2024,17.0,Quản trị dịch vụ du lịch và lữ hành
36198,DLA,quan-tri-dich-vu-du-lich-va-lu-hanh,D01,Điểm học bạ,2025,18.0,Quản trị dịch vụ du lịch và lữ hành
36199,DLA,quan-tri-dich-vu-du-lich-va-lu-hanh,D15,Điểm học bạ,2025,18.0,Quản trị dịch vụ du lịch và lữ hành
36200,DLA,quan-tri-dich-vu-du-lich-va-lu-hanh,X25,Điểm học bạ,2025,18.0,Quản trị dịch vụ du lịch và lữ hành
36201,DLA,quan-tri-dich-vu-du-lich-va-lu-hanh,X78,Điểm học bạ,2025,18.0,Quản trị dịch vụ du lịch và lữ hành
36202,DLA,quan-tri-dich-vu-du-lich-va-lu-hanh,D01,Điểm thi THPT,2025,15.0,Quản trị dịch vụ du lịch và lữ hành
36203,DLA,quan-tri-dich-vu-du-lich-va-lu-hanh,D15,Điểm thi THPT,2025,15.0,Quản trị dịch vụ du lịch và lữ hành
36204,DLA,quan-tri-dich-vu-du-lich-va-lu-hanh,X25,Điểm thi THPT,2025,15.0,Quản trị dịch vụ du lịch và lữ hành
36205,DLA,quan-tri-dich-vu-du-lich-va-lu-hanh,X78,Điểm thi THPT,2025,15.0,Quản trị dịch vụ du lịch và lữ hành
36206,DLA,quan-tri-kinh-doanh,A01,Điểm thi THPT,2021,15.0,Quản trị kinh doanh
36207,DLA,quan-tri-kinh-doanh,B03,Điểm thi THPT,2021,15.0,Quản trị kinh doanh
36208,DLA,quan-tri-kinh-doanh,C20,Điểm thi THPT,2021,15.0,Quản trị kinh doanh
36209,DLA,quan-tri-kinh-doanh,D13,Điểm thi THPT,2021,15.0,Quản trị kinh doanh
36210,DLA,quan-tri-kinh-doanh,A01,Điểm học bạ,2022,18.0,Quản trị kinh doanh
36211,DLA,quan-tri-kinh-doanh,B03,Điểm học bạ,2022,18.0,Quản trị kinh doanh
36212,DLA,quan-tri-kinh-doanh,C20,Điểm học bạ,2022,18.0,Quản trị kinh doanh
36213,DLA,quan-tri-kinh-doanh,D13,Điểm học bạ,2022,18.0,Quản trị kinh doanh
36214,DLA,quan-tri-kinh-doanh,A01,Điểm thi THPT,2022,15.0,Quản trị kinh doanh
36215,DLA,quan-tri-kinh-doanh,B03,Điểm thi THPT,2022,15.0,Quản trị kinh doanh
36216,DLA,quan-tri-kinh-doanh,C20,Điểm thi THPT,2022,15.0,Quản trị kinh doanh
36217,DLA,quan-tri-kinh-doanh,D13,Điểm thi THPT,2022,15.0,Quản trị kinh doanh
36218,DLA,quan-tri-kinh-doanh,A01,Điểm học bạ,2023,18.0,Quản trị kinh doanh
36219,DLA,quan-tri-kinh-doanh,B03,Điểm học bạ,2023,18.0,Quản trị kinh doanh
36220,DLA,quan-tri-kinh-doanh,C20,Điểm học bạ,2023,18.0,Quản trị kinh doanh
36221,DLA,quan-tri-kinh-doanh,D13,Điểm học bạ,2023,18.0,Quản trị kinh doanh
36222,DLA,quan-tri-kinh-doanh,A01,Điểm thi THPT,2023,15.0,Quản trị kinh doanh
36223,DLA,quan-tri-kinh-doanh,B03,Điểm thi THPT,2023,15.0,Quản trị kinh doanh
36224,DLA,quan-tri-kinh-doanh,C20,Điểm thi THPT,2023,15.0,Quản trị kinh doanh
36225,DLA,quan-tri-kinh-doanh,D13,Điểm thi THPT,2023,15.0,Quản trị kinh doanh
36226,DLA,quan-tri-kinh-doanh,A01,Điểm học bạ,2024,18.0,Quản trị kinh doanh
36227,DLA,quan-tri-kinh-doanh,B03,Điểm học bạ,2024,18.0,Quản trị kinh doanh
36228,DLA,quan-tri-kinh-doanh,C20,Điểm học bạ,2024,18.0,Quản trị kinh doanh
36229,DLA,quan-tri-kinh-doanh,D13,Điểm học bạ,2024,18.0,Quản trị kinh doanh
36230,DLA,quan-tri-kinh-doanh,A01,Điểm thi THPT,2024,15.0,Quản trị kinh doanh
36231,DLA,quan-tri-kinh-doanh,B03,Điểm thi THPT,2024,15.0,Quản trị kinh doanh
36232,DLA,quan-tri-kinh-doanh,C20,Điểm thi THPT,2024,15.0,Quản trị kinh doanh
36233,DLA,quan-tri-kinh-doanh,D13,Điểm thi THPT,2024,15.0,Quản trị kinh doanh
36234,DLA,quan-tri-kinh-doanh,A01,Điểm học bạ,2025,18.0,Quản trị Kinh doanh
36235,DLA,quan-tri-kinh-doanh,B03,Điểm học bạ,2025,18.0,Quản trị Kinh doanh
36236,DLA,quan-tri-kinh-doanh,D13,Điểm học bạ,2025,18.0,Quản trị Kinh doanh
36237,DLA,quan-tri-kinh-doanh,X74,Điểm học bạ,2025,18.0,Quản trị Kinh doanh
36238,DLA,quan-tri-kinh-doanh,A01,Điểm thi THPT,2025,15.0,Quản trị Kinh doanh
36239,DLA,quan-tri-kinh-doanh,B03,Điểm thi THPT,2025,15.0,Quản trị Kinh doanh
36240,DLA,quan-tri-kinh-doanh,D13,Điểm thi THPT,2025,15.0,Quản trị Kinh doanh
36241,DLA,quan-tri-kinh-doanh,X74,Điểm thi THPT,2025,15.0,Quản trị Kinh doanh
36242,DLA,tai-chinh-ngan-hang,A08,Điểm thi THPT,2021,15.0,Tài chính - Ngân hàng
36243,DLA,tai-chinh-ngan-hang,B00,Điểm thi THPT,2021,15.0,Tài chính - Ngân hàng
36244,DLA,tai-chinh-ngan-hang,C08,Điểm thi THPT,2021,15.0,Tài chính - Ngân hàng
36245,DLA,tai-chinh-ngan-hang,D07,Điểm thi THPT,2021,15.0,Tài chính - Ngân hàng
36246,DLA,tai-chinh-ngan-hang,A08,Điểm học bạ,2022,18.0,Tài chính Ngân hàng
36247,DLA,tai-chinh-ngan-hang,B00,Điểm học bạ,2022,18.0,Tài chính Ngân hàng
36248,DLA,tai-chinh-ngan-hang,C08,Điểm học bạ,2022,18.0,Tài chính Ngân hàng
36249,DLA,tai-chinh-ngan-hang,D07,Điểm học bạ,2022,18.0,Tài chính Ngân hàng
36250,DLA,tai-chinh-ngan-hang,A08,Điểm thi THPT,2022,15.0,Tài chính Ngân hàng
36251,DLA,tai-chinh-ngan-hang,B00,Điểm thi THPT,2022,15.0,Tài chính Ngân hàng
36252,DLA,tai-chinh-ngan-hang,C08,Điểm thi THPT,2022,15.0,Tài chính Ngân hàng
36253,DLA,tai-chinh-ngan-hang,D07,Điểm thi THPT,2022,15.0,Tài chính Ngân hàng
36254,DLA,tai-chinh-ngan-hang,A08,Điểm học bạ,2023,18.0,Tài chính- Ngân hàng
36255,DLA,tai-chinh-ngan-hang,B00,Điểm học bạ,2023,18.0,Tài chính- Ngân hàng
36256,DLA,tai-chinh-ngan-hang,C08,Điểm học bạ,2023,18.0,Tài chính- Ngân hàng
36257,DLA,tai-chinh-ngan-hang,D07,Điểm học bạ,2023,18.0,Tài chính- Ngân hàng
36258,DLA,tai-chinh-ngan-hang,A08,Điểm thi THPT,2023,15.0,Tài chính- Ngân hàng
36259,DLA,tai-chinh-ngan-hang,B00,Điểm thi THPT,2023,15.0,Tài chính- Ngân hàng
36260,DLA,tai-chinh-ngan-hang,C08,Điểm thi THPT,2023,15.0,Tài chính- Ngân hàng
36261,DLA,tai-chinh-ngan-hang,D07,Điểm thi THPT,2023,15.0,Tài chính- Ngân hàng
36262,DLA,tai-chinh-ngan-hang,A08,Điểm học bạ,2024,18.0,Tài chính - Ngân hàng
36263,DLA,tai-chinh-ngan-hang,B00,Điểm học bạ,2024,18.0,Tài chính - Ngân hàng
36264,DLA,tai-chinh-ngan-hang,C08,Điểm học bạ,2024,18.0,Tài chính - Ngân hàng
36265,DLA,tai-chinh-ngan-hang,D07,Điểm học bạ,2024,18.0,Tài chính - Ngân hàng
36266,DLA,tai-chinh-ngan-hang,A08,Điểm thi THPT,2024,15.0,Tài chính - Ngân hàng
36267,DLA,tai-chinh-ngan-hang,B00,Điểm thi THPT,2024,15.0,Tài chính - Ngân hàng
36268,DLA,tai-chinh-ngan-hang,C08,Điểm thi THPT,2024,15.0,Tài chính - Ngân hàng
36269,DLA,tai-chinh-ngan-hang,D07,Điểm thi THPT,2024,15.0,Tài chính - Ngân hàng
36270,DLA,tai-chinh-ngan-hang,B00,Điểm học bạ,2025,18.0,Tài chính - Ngân hàng
36271,DLA,tai-chinh-ngan-hang,C08,Điểm học bạ,2025,18.0,Tài chính - Ngân hàng
36272,DLA,tai-chinh-ngan-hang,D07,Điểm học bạ,2025,18.0,Tài chính - Ngân hàng
36273,DLA,tai-chinh-ngan-hang,X17,Điểm học bạ,2025,18.0,Tài chính - Ngân hàng
36274,DLA,tai-chinh-ngan-hang,B00,Điểm thi THPT,2025,15.0,Tài chính - Ngân hàng
36275,DLA,tai-chinh-ngan-hang,C08,Điểm thi THPT,2025,15.0,Tài chính - Ngân hàng
36276,DLA,tai-chinh-ngan-hang,D07,Điểm thi THPT,2025,15.0,Tài chính - Ngân hàng
36277,DLA,tai-chinh-ngan-hang,X17,Điểm thi THPT,2025,15.0,Tài chính - Ngân hàng
36278,DLH,cnkt-dieu-khien-va-tu-dong-hoa,A03,Điểm học bạ,2025,18.27,CNKT điều khiển và tự động hóa
36279,DLH,cnkt-dieu-khien-va-tu-dong-hoa,A04,Điểm học bạ,2025,18.27,CNKT điều khiển và tự động hóa
36280,DLH,cnkt-dieu-khien-va-tu-dong-hoa,D01,Điểm học bạ,2025,18.27,CNKT điều khiển và tự động hóa
36281,DLH,cnkt-dieu-khien-va-tu-dong-hoa,X02,Điểm học bạ,2025,18.27,CNKT điều khiển và tự động hóa
36282,DLH,cnkt-dieu-khien-va-tu-dong-hoa,X04,Điểm học bạ,2025,18.27,CNKT điều khiển và tự động hóa
36283,DLH,cnkt-dieu-khien-va-tu-dong-hoa,X08,Điểm học bạ,2025,18.27,CNKT điều khiển và tự động hóa
36284,DLH,cnkt-dieu-khien-va-tu-dong-hoa,A03,Điểm thi THPT,2025,15.0,CNKT điều khiển và tự động hóa
36285,DLH,cnkt-dieu-khien-va-tu-dong-hoa,A04,Điểm thi THPT,2025,15.0,CNKT điều khiển và tự động hóa
36286,DLH,cnkt-dieu-khien-va-tu-dong-hoa,D01,Điểm thi THPT,2025,15.0,CNKT điều khiển và tự động hóa
36287,DLH,cnkt-dieu-khien-va-tu-dong-hoa,X02,Điểm thi THPT,2025,15.0,CNKT điều khiển và tự động hóa
36288,DLH,cnkt-dieu-khien-va-tu-dong-hoa,X04,Điểm thi THPT,2025,15.0,CNKT điều khiển và tự động hóa
36289,DLH,cnkt-dieu-khien-va-tu-dong-hoa,X08,Điểm thi THPT,2025,15.0,CNKT điều khiển và tự động hóa
36290,DLH,cong-nghe-ky-thuat-co-dien-tu,A03,Điểm học bạ,2025,18.18,Công nghệ kỹ thuật Cơ điện tử
36291,DLH,cong-nghe-ky-thuat-co-dien-tu,A04,Điểm học bạ,2025,18.18,Công nghệ kỹ thuật Cơ điện tử
36292,DLH,cong-nghe-ky-thuat-co-dien-tu,D01,Điểm học bạ,2025,18.18,Công nghệ kỹ thuật Cơ điện tử
36293,DLH,cong-nghe-ky-thuat-co-dien-tu,X02,Điểm học bạ,2025,18.18,Công nghệ kỹ thuật Cơ điện tử
36294,DLH,cong-nghe-ky-thuat-co-dien-tu,X04,Điểm học bạ,2025,18.18,Công nghệ kỹ thuật Cơ điện tử
36295,DLH,cong-nghe-ky-thuat-co-dien-tu,X08,Điểm học bạ,2025,18.18,Công nghệ kỹ thuật Cơ điện tử
36296,DLH,cong-nghe-ky-thuat-co-dien-tu,A03,Điểm thi THPT,2025,15.0,Công nghệ kỹ thuật Cơ điện tử
36297,DLH,cong-nghe-ky-thuat-co-dien-tu,A04,Điểm thi THPT,2025,15.0,Công nghệ kỹ thuật Cơ điện tử
36298,DLH,cong-nghe-ky-thuat-co-dien-tu,D01,Điểm thi THPT,2025,15.0,Công nghệ kỹ thuật Cơ điện tử
36299,DLH,cong-nghe-ky-thuat-co-dien-tu,X02,Điểm thi THPT,2025,15.0,Công nghệ kỹ thuật Cơ điện tử
36300,DLH,cong-nghe-ky-thuat-co-dien-tu,X04,Điểm thi THPT,2025,15.0,Công nghệ kỹ thuật Cơ điện tử
36301,DLH,cong-nghe-ky-thuat-co-dien-tu,X08,Điểm thi THPT,2025,15.0,Công nghệ kỹ thuật Cơ điện tử
36302,DLH,cong-nghe-ky-thuat-co-khi,A00,Điểm học bạ,2021,18.0,Công nghệ kỹ thuật cơ khí
36303,DLH,cong-nghe-ky-thuat-co-khi,A01,Điểm học bạ,2021,18.0,Công nghệ kỹ thuật cơ khí
36304,DLH,cong-nghe-ky-thuat-co-khi,C01,Điểm học bạ,2021,18.0,Công nghệ kỹ thuật cơ khí
36305,DLH,cong-nghe-ky-thuat-co-khi,D01,Điểm học bạ,2021,18.0,Công nghệ kỹ thuật cơ khí
36306,DLH,cong-nghe-ky-thuat-co-khi,A00,Điểm thi THPT,2021,15.0,Công nghệ kỹ thuật cơ khí
36307,DLH,cong-nghe-ky-thuat-co-khi,A01,Điểm thi THPT,2021,15.0,Công nghệ kỹ thuật cơ khí
36308,DLH,cong-nghe-ky-thuat-co-khi,C01,Điểm thi THPT,2021,15.0,Công nghệ kỹ thuật cơ khí
36309,DLH,cong-nghe-ky-thuat-co-khi,D01,Điểm thi THPT,2021,15.0,Công nghệ kỹ thuật cơ khí
36310,DLH,cong-nghe-ky-thuat-co-khi,A00,Điểm học bạ,2022,18.0,Công nghệ kỹ thuật cơ khí
36311,DLH,cong-nghe-ky-thuat-co-khi,A01,Điểm học bạ,2022,18.0,Công nghệ kỹ thuật cơ khí
36312,DLH,cong-nghe-ky-thuat-co-khi,C01,Điểm học bạ,2022,18.0,Công nghệ kỹ thuật cơ khí
36313,DLH,cong-nghe-ky-thuat-co-khi,D01,Điểm học bạ,2022,18.0,Công nghệ kỹ thuật cơ khí
36314,DLH,cong-nghe-ky-thuat-co-khi,A00,Điểm thi THPT,2022,15.5,Công nghệ kỹ thuật cơ khí
36315,DLH,cong-nghe-ky-thuat-co-khi,A01,Điểm thi THPT,2022,15.5,Công nghệ kỹ thuật cơ khí
36316,DLH,cong-nghe-ky-thuat-co-khi,C01,Điểm thi THPT,2022,15.5,Công nghệ kỹ thuật cơ khí
36317,DLH,cong-nghe-ky-thuat-co-khi,D01,Điểm thi THPT,2022,15.5,Công nghệ kỹ thuật cơ khí
36318,DLH,cong-nghe-ky-thuat-co-khi,A00,Điểm học bạ,2023,18.0,Công nghệ kỹ thuật cơ khí (Cơ điện tử)
36319,DLH,cong-nghe-ky-thuat-co-khi,A01,Điểm học bạ,2023,18.0,Công nghệ kỹ thuật cơ khí (Cơ điện tử)
36320,DLH,cong-nghe-ky-thuat-co-khi,C01,Điểm học bạ,2023,18.0,Công nghệ kỹ thuật cơ khí (Cơ điện tử)
36321,DLH,cong-nghe-ky-thuat-co-khi,D01,Điểm học bạ,2023,18.0,Công nghệ kỹ thuật cơ khí (Cơ điện tử)
36322,DLH,cong-nghe-ky-thuat-co-khi,A00,Điểm thi THPT,2023,15.1,Công nghệ kỹ thuật cơ khí (Cơ điện tử)
36323,DLH,cong-nghe-ky-thuat-co-khi,A01,Điểm thi THPT,2023,15.1,Công nghệ kỹ thuật cơ khí (Cơ điện tử)
36324,DLH,cong-nghe-ky-thuat-co-khi,C01,Điểm thi THPT,2023,15.1,Công nghệ kỹ thuật cơ khí (Cơ điện tử)
36325,DLH,cong-nghe-ky-thuat-co-khi,D01,Điểm thi THPT,2023,15.1,Công nghệ kỹ thuật cơ khí (Cơ điện tử)
36326,DLH,cong-nghe-ky-thuat-co-khi,A00,Điểm thi THPT,2024,15.1,Công nghệ kỹ thuật cơ khí (Cơ điện tử)
36327,DLH,cong-nghe-ky-thuat-co-khi,A01,Điểm thi THPT,2024,15.1,Công nghệ kỹ thuật cơ khí (Cơ điện tử)
36328,DLH,cong-nghe-ky-thuat-co-khi,C01,Điểm thi THPT,2024,15.1,Công nghệ kỹ thuật cơ khí (Cơ điện tử)
36329,DLH,cong-nghe-ky-thuat-co-khi,D01,Điểm thi THPT,2024,15.1,Công nghệ kỹ thuật cơ khí (Cơ điện tử)
36330,DLH,cong-nghe-ky-thuat-co-khi,A03,Điểm học bạ,2025,18.93,Công nghệ kỹ thuật Cơ khí
36331,DLH,cong-nghe-ky-thuat-co-khi,A04,Điểm học bạ,2025,18.93,Công nghệ kỹ thuật Cơ khí
36332,DLH,cong-nghe-ky-thuat-co-khi,D01,Điểm học bạ,2025,18.93,Công nghệ kỹ thuật Cơ khí
36333,DLH,cong-nghe-ky-thuat-co-khi,X02,Điểm học bạ,2025,18.93,Công nghệ kỹ thuật Cơ khí
36334,DLH,cong-nghe-ky-thuat-co-khi,X04,Điểm học bạ,2025,18.93,Công nghệ kỹ thuật Cơ khí
36335,DLH,cong-nghe-ky-thuat-co-khi,X08,Điểm học bạ,2025,18.93,Công nghệ kỹ thuật Cơ khí
36336,DLH,cong-nghe-ky-thuat-co-khi,A03,Điểm thi THPT,2025,15.25,Công nghệ kỹ thuật Cơ khí
36337,DLH,cong-nghe-ky-thuat-co-khi,A04,Điểm thi THPT,2025,15.25,Công nghệ kỹ thuật Cơ khí
36338,DLH,cong-nghe-ky-thuat-co-khi,D01,Điểm thi THPT,2025,15.25,Công nghệ kỹ thuật Cơ khí
36339,DLH,cong-nghe-ky-thuat-co-khi,X02,Điểm thi THPT,2025,15.25,Công nghệ kỹ thuật Cơ khí
36340,DLH,cong-nghe-ky-thuat-co-khi,X04,Điểm thi THPT,2025,15.25,Công nghệ kỹ thuật Cơ khí
36341,DLH,cong-nghe-ky-thuat-co-khi,X08,Điểm thi THPT,2025,15.25,Công nghệ kỹ thuật Cơ khí
36342,DLH,cong-nghe-ky-thuat-cong-trinh-xay-dung,A00,Điểm học bạ,2021,18.0,Công nghệ kỹ thuật công trình xây dựng
36343,DLH,cong-nghe-ky-thuat-cong-trinh-xay-dung,A01,Điểm học bạ,2021,18.0,Công nghệ kỹ thuật công trình xây dựng
36344,DLH,cong-nghe-ky-thuat-cong-trinh-xay-dung,D01,Điểm học bạ,2021,18.0,Công nghệ kỹ thuật công trình xây dựng
36345,DLH,cong-nghe-ky-thuat-cong-trinh-xay-dung,V00,Điểm học bạ,2021,18.0,Công nghệ kỹ thuật công trình xây dựng
36346,DLH,cong-nghe-ky-thuat-cong-trinh-xay-dung,A00,Điểm thi THPT,2021,15.0,Công nghệ kỹ thuật công trình xây dựng
36347,DLH,cong-nghe-ky-thuat-cong-trinh-xay-dung,A01,Điểm thi THPT,2021,15.0,Công nghệ kỹ thuật công trình xây dựng
36348,DLH,cong-nghe-ky-thuat-cong-trinh-xay-dung,D01,Điểm thi THPT,2021,15.0,Công nghệ kỹ thuật công trình xây dựng
36349,DLH,cong-nghe-ky-thuat-cong-trinh-xay-dung,V00,Điểm thi THPT,2021,15.0,Công nghệ kỹ thuật công trình xây dựng
36350,DLH,cong-nghe-ky-thuat-cong-trinh-xay-dung,A00,Điểm học bạ,2022,18.0,Công nghệ kỹ thuật công trình xây dựng
36351,DLH,cong-nghe-ky-thuat-cong-trinh-xay-dung,A01,Điểm học bạ,2022,18.0,Công nghệ kỹ thuật công trình xây dựng
36352,DLH,cong-nghe-ky-thuat-cong-trinh-xay-dung,D01,Điểm học bạ,2022,18.0,Công nghệ kỹ thuật công trình xây dựng
36353,DLH,cong-nghe-ky-thuat-cong-trinh-xay-dung,V00,Điểm học bạ,2022,18.0,Công nghệ kỹ thuật công trình xây dựng
36354,DLH,cong-nghe-ky-thuat-cong-trinh-xay-dung,A00,Điểm thi THPT,2022,17.5,Công nghệ kỹ thuật công trình xây dựng
36355,DLH,cong-nghe-ky-thuat-cong-trinh-xay-dung,A01,Điểm thi THPT,2022,17.5,Công nghệ kỹ thuật công trình xây dựng
36356,DLH,cong-nghe-ky-thuat-cong-trinh-xay-dung,D01,Điểm thi THPT,2022,17.5,Công nghệ kỹ thuật công trình xây dựng
36357,DLH,cong-nghe-ky-thuat-cong-trinh-xay-dung,V00,Điểm thi THPT,2022,17.5,Công nghệ kỹ thuật công trình xây dựng
36358,DLH,cong-nghe-ky-thuat-cong-trinh-xay-dung,A00,Điểm học bạ,2023,18.0,Công nghệ kỹ thuật công trình xây dựng
36359,DLH,cong-nghe-ky-thuat-cong-trinh-xay-dung,A01,Điểm học bạ,2023,18.0,Công nghệ kỹ thuật công trình xây dựng
36360,DLH,cong-nghe-ky-thuat-cong-trinh-xay-dung,D01,Điểm học bạ,2023,18.0,Công nghệ kỹ thuật công trình xây dựng
36361,DLH,cong-nghe-ky-thuat-cong-trinh-xay-dung,V00,Điểm học bạ,2023,18.0,Công nghệ kỹ thuật công trình xây dựng
36362,DLH,cong-nghe-ky-thuat-cong-trinh-xay-dung,A00,Điểm thi THPT,2023,15.15,Công nghệ kỹ thuật công trình xây dựng
36363,DLH,cong-nghe-ky-thuat-cong-trinh-xay-dung,A01,Điểm thi THPT,2023,15.15,Công nghệ kỹ thuật công trình xây dựng
36364,DLH,cong-nghe-ky-thuat-cong-trinh-xay-dung,D01,Điểm thi THPT,2023,15.15,Công nghệ kỹ thuật công trình xây dựng
36365,DLH,cong-nghe-ky-thuat-cong-trinh-xay-dung,V00,Điểm thi THPT,2023,15.15,Công nghệ kỹ thuật công trình xây dựng
36366,DLH,cong-nghe-ky-thuat-cong-trinh-xay-dung,A00,Điểm thi THPT,2024,16.55,Công nghệ kỹ thuật công trình xây dựng
36367,DLH,cong-nghe-ky-thuat-cong-trinh-xay-dung,A01,Điểm thi THPT,2024,16.55,Công nghệ kỹ thuật công trình xây dựng
36368,DLH,cong-nghe-ky-thuat-cong-trinh-xay-dung,D01,Điểm thi THPT,2024,16.55,Công nghệ kỹ thuật công trình xây dựng
36369,DLH,cong-nghe-ky-thuat-cong-trinh-xay-dung,V00,Điểm thi THPT,2024,16.55,Công nghệ kỹ thuật công trình xây dựng
36370,DLH,cong-nghe-ky-thuat-cong-trinh-xay-dung-xay-dung-cau-duong-xay-dung-dan-dung-va-cong-nghiep,A03,Điểm học bạ,2025,18.1,Công nghệ kỹ thuật công trình xây dựng (02 Chuyên ngành) - Xây dựng cầu đường - Xây dựng dân dụng và công nghiệp
36371,DLH,cong-nghe-ky-thuat-cong-trinh-xay-dung-xay-dung-cau-duong-xay-dung-dan-dung-va-cong-nghiep,A04,Điểm học bạ,2025,18.1,Công nghệ kỹ thuật công trình xây dựng (02 Chuyên ngành) - Xây dựng cầu đường - Xây dựng dân dụng và công nghiệp
36372,DLH,cong-nghe-ky-thuat-cong-trinh-xay-dung-xay-dung-cau-duong-xay-dung-dan-dung-va-cong-nghiep,D01,Điểm học bạ,2025,18.1,Công nghệ kỹ thuật công trình xây dựng (02 Chuyên ngành) - Xây dựng cầu đường - Xây dựng dân dụng và công nghiệp
36373,DLH,cong-nghe-ky-thuat-cong-trinh-xay-dung-xay-dung-cau-duong-xay-dung-dan-dung-va-cong-nghiep,X02,Điểm học bạ,2025,18.1,Công nghệ kỹ thuật công trình xây dựng (02 Chuyên ngành) - Xây dựng cầu đường - Xây dựng dân dụng và công nghiệp
36374,DLH,cong-nghe-ky-thuat-cong-trinh-xay-dung-xay-dung-cau-duong-xay-dung-dan-dung-va-cong-nghiep,X04,Điểm học bạ,2025,18.1,Công nghệ kỹ thuật công trình xây dựng (02 Chuyên ngành) - Xây dựng cầu đường - Xây dựng dân dụng và công nghiệp
36375,DLH,cong-nghe-ky-thuat-cong-trinh-xay-dung-xay-dung-cau-duong-xay-dung-dan-dung-va-cong-nghiep,X08,Điểm học bạ,2025,18.1,Công nghệ kỹ thuật công trình xây dựng (02 Chuyên ngành) - Xây dựng cầu đường - Xây dựng dân dụng và công nghiệp
36376,DLH,cong-nghe-ky-thuat-cong-trinh-xay-dung-xay-dung-cau-duong-xay-dung-dan-dung-va-cong-nghiep,A03,Điểm thi THPT,2025,15.6,Công nghệ kỹ thuật công trình xây dựng (02 Chuyên ngành) - Xây dựng cầu đường - Xây dựng dân dụng và công nghiệp
36377,DLH,cong-nghe-ky-thuat-cong-trinh-xay-dung-xay-dung-cau-duong-xay-dung-dan-dung-va-cong-nghiep,A04,Điểm thi THPT,2025,15.6,Công nghệ kỹ thuật công trình xây dựng (02 Chuyên ngành) - Xây dựng cầu đường - Xây dựng dân dụng và công nghiệp
36378,DLH,cong-nghe-ky-thuat-cong-trinh-xay-dung-xay-dung-cau-duong-xay-dung-dan-dung-va-cong-nghiep,D01,Điểm thi THPT,2025,15.6,Công nghệ kỹ thuật công trình xây dựng (02 Chuyên ngành) - Xây dựng cầu đường - Xây dựng dân dụng và công nghiệp
36379,DLH,cong-nghe-ky-thuat-cong-trinh-xay-dung-xay-dung-cau-duong-xay-dung-dan-dung-va-cong-nghiep,X02,Điểm thi THPT,2025,15.6,Công nghệ kỹ thuật công trình xây dựng (02 Chuyên ngành) - Xây dựng cầu đường - Xây dựng dân dụng và công nghiệp
36380,DLH,cong-nghe-ky-thuat-cong-trinh-xay-dung-xay-dung-cau-duong-xay-dung-dan-dung-va-cong-nghiep,X04,Điểm thi THPT,2025,15.6,Công nghệ kỹ thuật công trình xây dựng (02 Chuyên ngành) - Xây dựng cầu đường - Xây dựng dân dụng và công nghiệp
36381,DLH,cong-nghe-ky-thuat-cong-trinh-xay-dung-xay-dung-cau-duong-xay-dung-dan-dung-va-cong-nghiep,X08,Điểm thi THPT,2025,15.6,Công nghệ kỹ thuật công trình xây dựng (02 Chuyên ngành) - Xây dựng cầu đường - Xây dựng dân dụng và công nghiệp
36382,DLH,cong-nghe-ky-thuat-dien-dien-tu,A00,Điểm học bạ,2021,18.0,"Công nghệ kỹ thuật điện, điện tử"
36383,DLH,cong-nghe-ky-thuat-dien-dien-tu,A01,Điểm học bạ,2021,18.0,"Công nghệ kỹ thuật điện, điện tử"
36384,DLH,cong-nghe-ky-thuat-dien-dien-tu,C01,Điểm học bạ,2021,18.0,"Công nghệ kỹ thuật điện, điện tử"
36385,DLH,cong-nghe-ky-thuat-dien-dien-tu,D01,Điểm học bạ,2021,18.0,"Công nghệ kỹ thuật điện, điện tử"
36386,DLH,cong-nghe-ky-thuat-dien-dien-tu,A00,Điểm thi THPT,2021,15.0,"Công nghệ kỹ thuật điện, điện tử"
36387,DLH,cong-nghe-ky-thuat-dien-dien-tu,A01,Điểm thi THPT,2021,15.0,"Công nghệ kỹ thuật điện, điện tử"
36388,DLH,cong-nghe-ky-thuat-dien-dien-tu,C01,Điểm thi THPT,2021,15.0,"Công nghệ kỹ thuật điện, điện tử"
36389,DLH,cong-nghe-ky-thuat-dien-dien-tu,D01,Điểm thi THPT,2021,15.0,"Công nghệ kỹ thuật điện, điện tử"
36390,DLH,cong-nghe-ky-thuat-dien-dien-tu,A00,Điểm học bạ,2022,18.0,"Công nghệ kỹ thuật điện, điện tử"
36391,DLH,cong-nghe-ky-thuat-dien-dien-tu,A01,Điểm học bạ,2022,18.0,"Công nghệ kỹ thuật điện, điện tử"
36392,DLH,cong-nghe-ky-thuat-dien-dien-tu,C01,Điểm học bạ,2022,18.0,"Công nghệ kỹ thuật điện, điện tử"
36393,DLH,cong-nghe-ky-thuat-dien-dien-tu,D01,Điểm học bạ,2022,18.0,"Công nghệ kỹ thuật điện, điện tử"
36394,DLH,cong-nghe-ky-thuat-dien-dien-tu,A00,Điểm thi THPT,2022,15.0,"Công nghệ kỹ thuật điện, điện tử"
36395,DLH,cong-nghe-ky-thuat-dien-dien-tu,A01,Điểm thi THPT,2022,15.0,"Công nghệ kỹ thuật điện, điện tử"
36396,DLH,cong-nghe-ky-thuat-dien-dien-tu,C01,Điểm thi THPT,2022,15.0,"Công nghệ kỹ thuật điện, điện tử"
36397,DLH,cong-nghe-ky-thuat-dien-dien-tu,D01,Điểm thi THPT,2022,15.0,"Công nghệ kỹ thuật điện, điện tử"
36398,DLH,cong-nghe-ky-thuat-dien-dien-tu,A00,Điểm học bạ,2023,18.0,"Công nghệ kỹ thuật điện, điện tử"
36399,DLH,cong-nghe-ky-thuat-dien-dien-tu,A01,Điểm học bạ,2023,18.0,"Công nghệ kỹ thuật điện, điện tử"
36400,DLH,cong-nghe-ky-thuat-dien-dien-tu,C01,Điểm học bạ,2023,18.0,"Công nghệ kỹ thuật điện, điện tử"
36401,DLH,cong-nghe-ky-thuat-dien-dien-tu,D01,Điểm học bạ,2023,18.0,"Công nghệ kỹ thuật điện, điện tử"
36402,DLH,cong-nghe-ky-thuat-dien-dien-tu,A00,Điểm thi THPT,2023,15.1,"Công nghệ kỹ thuật điện, điện tử"
36403,DLH,cong-nghe-ky-thuat-dien-dien-tu,A01,Điểm thi THPT,2023,15.1,"Công nghệ kỹ thuật điện, điện tử"
36404,DLH,cong-nghe-ky-thuat-dien-dien-tu,C01,Điểm thi THPT,2023,15.1,"Công nghệ kỹ thuật điện, điện tử"
36405,DLH,cong-nghe-ky-thuat-dien-dien-tu,D01,Điểm thi THPT,2023,15.1,"Công nghệ kỹ thuật điện, điện tử"
36406,DLH,cong-nghe-ky-thuat-dien-dien-tu,A00,Điểm thi THPT,2024,15.05,"Công nghệ kỹ thuật điện, điện tử"
36407,DLH,cong-nghe-ky-thuat-dien-dien-tu,A01,Điểm thi THPT,2024,15.05,"Công nghệ kỹ thuật điện, điện tử"
36408,DLH,cong-nghe-ky-thuat-dien-dien-tu,C01,Điểm thi THPT,2024,15.05,"Công nghệ kỹ thuật điện, điện tử"
36409,DLH,cong-nghe-ky-thuat-dien-dien-tu,D01,Điểm thi THPT,2024,15.05,"Công nghệ kỹ thuật điện, điện tử"
36410,DLH,cong-nghe-ky-thuat-dien-dien-tu-cong-nghe-ky-thuat-dien-dien-tu-cong-nghe-ky-thuat-vi-mach,A03,Điểm học bạ,2025,18.78,"Công nghệ kỹ thuật điện, điện tử - Công nghệ kỹ thuật diện, diện tử - Công nghệ kỹ thuật vi mạch"
36411,DLH,cong-nghe-ky-thuat-dien-dien-tu-cong-nghe-ky-thuat-dien-dien-tu-cong-nghe-ky-thuat-vi-mach,A04,Điểm học bạ,2025,18.78,"Công nghệ kỹ thuật điện, điện tử - Công nghệ kỹ thuật diện, diện tử - Công nghệ kỹ thuật vi mạch"
36412,DLH,cong-nghe-ky-thuat-dien-dien-tu-cong-nghe-ky-thuat-dien-dien-tu-cong-nghe-ky-thuat-vi-mach,D01,Điểm học bạ,2025,18.78,"Công nghệ kỹ thuật điện, điện tử - Công nghệ kỹ thuật diện, diện tử - Công nghệ kỹ thuật vi mạch"
36413,DLH,cong-nghe-ky-thuat-dien-dien-tu-cong-nghe-ky-thuat-dien-dien-tu-cong-nghe-ky-thuat-vi-mach,X02,Điểm học bạ,2025,18.78,"Công nghệ kỹ thuật điện, điện tử - Công nghệ kỹ thuật diện, diện tử - Công nghệ kỹ thuật vi mạch"
36414,DLH,cong-nghe-ky-thuat-dien-dien-tu-cong-nghe-ky-thuat-dien-dien-tu-cong-nghe-ky-thuat-vi-mach,X04,Điểm học bạ,2025,18.78,"Công nghệ kỹ thuật điện, điện tử - Công nghệ kỹ thuật diện, diện tử - Công nghệ kỹ thuật vi mạch"
36415,DLH,cong-nghe-ky-thuat-dien-dien-tu-cong-nghe-ky-thuat-dien-dien-tu-cong-nghe-ky-thuat-vi-mach,X08,Điểm học bạ,2025,18.78,"Công nghệ kỹ thuật điện, điện tử - Công nghệ kỹ thuật diện, diện tử - Công nghệ kỹ thuật vi mạch"
36416,DLH,cong-nghe-ky-thuat-dien-dien-tu-cong-nghe-ky-thuat-dien-dien-tu-cong-nghe-ky-thuat-vi-mach,A03,Điểm thi THPT,2025,15.0,"Công nghệ kỹ thuật điện, điện tử - Công nghệ kỹ thuật diện, diện tử - Công nghệ kỹ thuật vi mạch"
36417,DLH,cong-nghe-ky-thuat-dien-dien-tu-cong-nghe-ky-thuat-dien-dien-tu-cong-nghe-ky-thuat-vi-mach,A04,Điểm thi THPT,2025,15.0,"Công nghệ kỹ thuật điện, điện tử - Công nghệ kỹ thuật diện, diện tử - Công nghệ kỹ thuật vi mạch"
36418,DLH,cong-nghe-ky-thuat-dien-dien-tu-cong-nghe-ky-thuat-dien-dien-tu-cong-nghe-ky-thuat-vi-mach,D01,Điểm thi THPT,2025,15.0,"Công nghệ kỹ thuật điện, điện tử - Công nghệ kỹ thuật diện, diện tử - Công nghệ kỹ thuật vi mạch"
36419,DLH,cong-nghe-ky-thuat-dien-dien-tu-cong-nghe-ky-thuat-dien-dien-tu-cong-nghe-ky-thuat-vi-mach,X02,Điểm thi THPT,2025,15.0,"Công nghệ kỹ thuật điện, điện tử - Công nghệ kỹ thuật diện, diện tử - Công nghệ kỹ thuật vi mạch"
36420,DLH,cong-nghe-ky-thuat-dien-dien-tu-cong-nghe-ky-thuat-dien-dien-tu-cong-nghe-ky-thuat-vi-mach,X04,Điểm thi THPT,2025,15.0,"Công nghệ kỹ thuật điện, điện tử - Công nghệ kỹ thuật diện, diện tử - Công nghệ kỹ thuật vi mạch"
36421,DLH,cong-nghe-ky-thuat-dien-dien-tu-cong-nghe-ky-thuat-dien-dien-tu-cong-nghe-ky-thuat-vi-mach,X08,Điểm thi THPT,2025,15.0,"Công nghệ kỹ thuật điện, điện tử - Công nghệ kỹ thuật diện, diện tử - Công nghệ kỹ thuật vi mạch"
36422,DLH,cong-nghe-ky-thuat-dieu-khien-va-tu-dong-hoa,A00,Điểm học bạ,2021,18.0,Công nghệ kỹ thuật điều khiển và tự động hóa
36423,DLH,cong-nghe-ky-thuat-dieu-khien-va-tu-dong-hoa,A01,Điểm học bạ,2021,18.0,Công nghệ kỹ thuật điều khiển và tự động hóa
36424,DLH,cong-nghe-ky-thuat-dieu-khien-va-tu-dong-hoa,C01,Điểm học bạ,2021,18.0,Công nghệ kỹ thuật điều khiển và tự động hóa
36425,DLH,cong-nghe-ky-thuat-dieu-khien-va-tu-dong-hoa,D01,Điểm học bạ,2021,18.0,Công nghệ kỹ thuật điều khiển và tự động hóa
36426,DLH,cong-nghe-ky-thuat-dieu-khien-va-tu-dong-hoa,A00,Điểm thi THPT,2021,15.0,Công nghệ kỹ thuật điều khiển và tự động hóa
36427,DLH,cong-nghe-ky-thuat-dieu-khien-va-tu-dong-hoa,A01,Điểm thi THPT,2021,15.0,Công nghệ kỹ thuật điều khiển và tự động hóa
36428,DLH,cong-nghe-ky-thuat-dieu-khien-va-tu-dong-hoa,C01,Điểm thi THPT,2021,15.0,Công nghệ kỹ thuật điều khiển và tự động hóa
36429,DLH,cong-nghe-ky-thuat-dieu-khien-va-tu-dong-hoa,D01,Điểm thi THPT,2021,15.0,Công nghệ kỹ thuật điều khiển và tự động hóa
36430,DLH,cong-nghe-ky-thuat-dieu-khien-va-tu-dong-hoa,A00,Điểm học bạ,2022,18.0,Công nghệ kỹ thuật điều khiển và tự động hóa
36431,DLH,cong-nghe-ky-thuat-dieu-khien-va-tu-dong-hoa,A01,Điểm học bạ,2022,18.0,Công nghệ kỹ thuật điều khiển và tự động hóa
36432,DLH,cong-nghe-ky-thuat-dieu-khien-va-tu-dong-hoa,C01,Điểm học bạ,2022,18.0,Công nghệ kỹ thuật điều khiển và tự động hóa
36433,DLH,cong-nghe-ky-thuat-dieu-khien-va-tu-dong-hoa,D01,Điểm học bạ,2022,18.0,Công nghệ kỹ thuật điều khiển và tự động hóa
36434,DLH,cong-nghe-ky-thuat-dieu-khien-va-tu-dong-hoa,A00,Điểm thi THPT,2022,16.0,Công nghệ kỹ thuật điều khiển và tự động hóa
36435,DLH,cong-nghe-ky-thuat-dieu-khien-va-tu-dong-hoa,A01,Điểm thi THPT,2022,16.0,Công nghệ kỹ thuật điều khiển và tự động hóa
36436,DLH,cong-nghe-ky-thuat-dieu-khien-va-tu-dong-hoa,C01,Điểm thi THPT,2022,16.0,Công nghệ kỹ thuật điều khiển và tự động hóa
36437,DLH,cong-nghe-ky-thuat-dieu-khien-va-tu-dong-hoa,D01,Điểm thi THPT,2022,16.0,Công nghệ kỹ thuật điều khiển và tự động hóa
36438,DLH,cong-nghe-ky-thuat-dieu-khien-va-tu-dong-hoa,A00,Điểm học bạ,2023,18.0,Công nghệ kỹ thuật điều khiển và tự động hóa
36439,DLH,cong-nghe-ky-thuat-dieu-khien-va-tu-dong-hoa,A01,Điểm học bạ,2023,18.0,Công nghệ kỹ thuật điều khiển và tự động hóa
36440,DLH,cong-nghe-ky-thuat-dieu-khien-va-tu-dong-hoa,C01,Điểm học bạ,2023,18.0,Công nghệ kỹ thuật điều khiển và tự động hóa
36441,DLH,cong-nghe-ky-thuat-dieu-khien-va-tu-dong-hoa,D01,Điểm học bạ,2023,18.0,Công nghệ kỹ thuật điều khiển và tự động hóa
36442,DLH,cong-nghe-ky-thuat-dieu-khien-va-tu-dong-hoa,A00,Điểm thi THPT,2023,15.6,Công nghệ kỹ thuật điều khiển và tự động hóa
36443,DLH,cong-nghe-ky-thuat-dieu-khien-va-tu-dong-hoa,A01,Điểm thi THPT,2023,15.6,Công nghệ kỹ thuật điều khiển và tự động hóa
36444,DLH,cong-nghe-ky-thuat-dieu-khien-va-tu-dong-hoa,C01,Điểm thi THPT,2023,15.6,Công nghệ kỹ thuật điều khiển và tự động hóa
36445,DLH,cong-nghe-ky-thuat-dieu-khien-va-tu-dong-hoa,D01,Điểm thi THPT,2023,15.6,Công nghệ kỹ thuật điều khiển và tự động hóa
36446,DLH,cong-nghe-ky-thuat-dieu-khien-va-tu-dong-hoa,A00,Điểm thi THPT,2024,16.1,Công nghệ kỹ thuật điều khiển và tự động hóa
36447,DLH,cong-nghe-ky-thuat-dieu-khien-va-tu-dong-hoa,A01,Điểm thi THPT,2024,16.1,Công nghệ kỹ thuật điều khiển và tự động hóa
36448,DLH,cong-nghe-ky-thuat-dieu-khien-va-tu-dong-hoa,C01,Điểm thi THPT,2024,16.1,Công nghệ kỹ thuật điều khiển và tự động hóa
36449,DLH,cong-nghe-ky-thuat-dieu-khien-va-tu-dong-hoa,D01,Điểm thi THPT,2024,16.1,Công nghệ kỹ thuật điều khiển và tự động hóa
36450,DLH,cong-nghe-ky-thuat-o-to,A00,Điểm học bạ,2021,18.0,Công nghệ kỹ thuật ô tô
36451,DLH,cong-nghe-ky-thuat-o-to,A01,Điểm học bạ,2021,18.0,Công nghệ kỹ thuật ô tô
36452,DLH,cong-nghe-ky-thuat-o-to,C01,Điểm học bạ,2021,18.0,Công nghệ kỹ thuật ô tô
36453,DLH,cong-nghe-ky-thuat-o-to,D01,Điểm học bạ,2021,18.0,Công nghệ kỹ thuật ô tô
36454,DLH,cong-nghe-ky-thuat-o-to,A00,Điểm thi THPT,2021,15.0,Công nghệ kỹ thuật ô tô
36455,DLH,cong-nghe-ky-thuat-o-to,A01,Điểm thi THPT,2021,15.0,Công nghệ kỹ thuật ô tô
36456,DLH,cong-nghe-ky-thuat-o-to,C01,Điểm thi THPT,2021,15.0,Công nghệ kỹ thuật ô tô
36457,DLH,cong-nghe-ky-thuat-o-to,D01,Điểm thi THPT,2021,15.0,Công nghệ kỹ thuật ô tô
36458,DLH,cong-nghe-ky-thuat-o-to,A00,Điểm học bạ,2022,18.0,Công nghệ kỹ thuật ô tô
36459,DLH,cong-nghe-ky-thuat-o-to,A01,Điểm học bạ,2022,18.0,Công nghệ kỹ thuật ô tô
36460,DLH,cong-nghe-ky-thuat-o-to,C01,Điểm học bạ,2022,18.0,Công nghệ kỹ thuật ô tô
36461,DLH,cong-nghe-ky-thuat-o-to,D01,Điểm học bạ,2022,18.0,Công nghệ kỹ thuật ô tô
36462,DLH,cong-nghe-ky-thuat-o-to,A00,Điểm thi THPT,2022,16.0,Công nghệ kỹ thuật ô tô
36463,DLH,cong-nghe-ky-thuat-o-to,A01,Điểm thi THPT,2022,16.0,Công nghệ kỹ thuật ô tô
36464,DLH,cong-nghe-ky-thuat-o-to,C01,Điểm thi THPT,2022,16.0,Công nghệ kỹ thuật ô tô
36465,DLH,cong-nghe-ky-thuat-o-to,D01,Điểm thi THPT,2022,16.0,Công nghệ kỹ thuật ô tô
36466,DLH,cong-nghe-ky-thuat-o-to,A00,Điểm thi THPT,2024,15.15,Công nghệ kỹ thuật ô tô
36467,DLH,cong-nghe-ky-thuat-o-to,A01,Điểm thi THPT,2024,15.15,Công nghệ kỹ thuật ô tô
36468,DLH,cong-nghe-ky-thuat-o-to,C01,Điểm thi THPT,2024,15.15,Công nghệ kỹ thuật ô tô
36469,DLH,cong-nghe-ky-thuat-o-to,D01,Điểm thi THPT,2024,15.15,Công nghệ kỹ thuật ô tô
36470,DLH,cong-nghe-ky-thuat-oto,A00,Điểm học bạ,2023,18.0,Công nghệ kỹ thuật ôtô
36471,DLH,cong-nghe-ky-thuat-oto,A01,Điểm học bạ,2023,18.0,Công nghệ kỹ thuật ôtô
36472,DLH,cong-nghe-ky-thuat-oto,C01,Điểm học bạ,2023,18.0,Công nghệ kỹ thuật ôtô
36473,DLH,cong-nghe-ky-thuat-oto,D01,Điểm học bạ,2023,18.0,Công nghệ kỹ thuật ôtô
36474,DLH,cong-nghe-ky-thuat-oto,A00,Điểm thi THPT,2023,15.05,Công nghệ kỹ thuật ôtô
36475,DLH,cong-nghe-ky-thuat-oto,A01,Điểm thi THPT,2023,15.05,Công nghệ kỹ thuật ôtô
36476,DLH,cong-nghe-ky-thuat-oto,C01,Điểm thi THPT,2023,15.05,Công nghệ kỹ thuật ôtô
36477,DLH,cong-nghe-ky-thuat-oto,D01,Điểm thi THPT,2023,15.05,Công nghệ kỹ thuật ôtô
36478,DLH,cong-nghe-ky-thuat-oto-cong-nghe-ky-thuat-o-to-cong-nghe-ky-thuat-o-to-dien,A03,Điểm học bạ,2025,18.68,Công nghệ kỹ thuật ôtô - Công nghệ kỹ thuật ô tô - Công nghệ kỹ thuật ô tô điện
36479,DLH,cong-nghe-ky-thuat-oto-cong-nghe-ky-thuat-o-to-cong-nghe-ky-thuat-o-to-dien,A04,Điểm học bạ,2025,18.68,Công nghệ kỹ thuật ôtô - Công nghệ kỹ thuật ô tô - Công nghệ kỹ thuật ô tô điện
36480,DLH,cong-nghe-ky-thuat-oto-cong-nghe-ky-thuat-o-to-cong-nghe-ky-thuat-o-to-dien,D01,Điểm học bạ,2025,18.68,Công nghệ kỹ thuật ôtô - Công nghệ kỹ thuật ô tô - Công nghệ kỹ thuật ô tô điện
36481,DLH,cong-nghe-ky-thuat-oto-cong-nghe-ky-thuat-o-to-cong-nghe-ky-thuat-o-to-dien,X02,Điểm học bạ,2025,18.68,Công nghệ kỹ thuật ôtô - Công nghệ kỹ thuật ô tô - Công nghệ kỹ thuật ô tô điện
36482,DLH,cong-nghe-ky-thuat-oto-cong-nghe-ky-thuat-o-to-cong-nghe-ky-thuat-o-to-dien,X04,Điểm học bạ,2025,18.68,Công nghệ kỹ thuật ôtô - Công nghệ kỹ thuật ô tô - Công nghệ kỹ thuật ô tô điện
36483,DLH,cong-nghe-ky-thuat-oto-cong-nghe-ky-thuat-o-to-cong-nghe-ky-thuat-o-to-dien,X08,Điểm học bạ,2025,18.68,Công nghệ kỹ thuật ôtô - Công nghệ kỹ thuật ô tô - Công nghệ kỹ thuật ô tô điện
36484,DLH,cong-nghe-ky-thuat-oto-cong-nghe-ky-thuat-o-to-cong-nghe-ky-thuat-o-to-dien,A03,Điểm thi THPT,2025,15.0,Công nghệ kỹ thuật ôtô - Công nghệ kỹ thuật ô tô - Công nghệ kỹ thuật ô tô điện
36485,DLH,cong-nghe-ky-thuat-oto-cong-nghe-ky-thuat-o-to-cong-nghe-ky-thuat-o-to-dien,A04,Điểm thi THPT,2025,15.0,Công nghệ kỹ thuật ôtô - Công nghệ kỹ thuật ô tô - Công nghệ kỹ thuật ô tô điện
36486,DLH,cong-nghe-ky-thuat-oto-cong-nghe-ky-thuat-o-to-cong-nghe-ky-thuat-o-to-dien,D01,Điểm thi THPT,2025,15.0,Công nghệ kỹ thuật ôtô - Công nghệ kỹ thuật ô tô - Công nghệ kỹ thuật ô tô điện
36487,DLH,cong-nghe-ky-thuat-oto-cong-nghe-ky-thuat-o-to-cong-nghe-ky-thuat-o-to-dien,X02,Điểm thi THPT,2025,15.0,Công nghệ kỹ thuật ôtô - Công nghệ kỹ thuật ô tô - Công nghệ kỹ thuật ô tô điện
36488,DLH,cong-nghe-ky-thuat-oto-cong-nghe-ky-thuat-o-to-cong-nghe-ky-thuat-o-to-dien,X04,Điểm thi THPT,2025,15.0,Công nghệ kỹ thuật ôtô - Công nghệ kỹ thuật ô tô - Công nghệ kỹ thuật ô tô điện
36489,DLH,cong-nghe-ky-thuat-oto-cong-nghe-ky-thuat-o-to-cong-nghe-ky-thuat-o-to-dien,X08,Điểm thi THPT,2025,15.0,Công nghệ kỹ thuật ôtô - Công nghệ kỹ thuật ô tô - Công nghệ kỹ thuật ô tô điện
36490,DLH,cong-nghe-thong-tin,A00,Điểm học bạ,2021,18.0,Công nghệ thông tin
36491,DLH,cong-nghe-thong-tin,A01,Điểm học bạ,2021,18.0,Công nghệ thông tin
36492,DLH,cong-nghe-thong-tin,D01,Điểm học bạ,2021,18.0,Công nghệ thông tin
36493,DLH,cong-nghe-thong-tin,D07,Điểm học bạ,2021,18.0,Công nghệ thông tin
36494,DLH,cong-nghe-thong-tin,A00,Điểm thi THPT,2021,15.0,Công nghệ thông tin
36495,DLH,cong-nghe-thong-tin,A01,Điểm thi THPT,2021,15.0,Công nghệ thông tin
36496,DLH,cong-nghe-thong-tin,D01,Điểm thi THPT,2021,15.0,Công nghệ thông tin
36497,DLH,cong-nghe-thong-tin,D07,Điểm thi THPT,2021,15.0,Công nghệ thông tin
36498,DLH,cong-nghe-thong-tin,A00,Điểm học bạ,2022,18.0,Công nghệ thông tin
36499,DLH,cong-nghe-thong-tin,A01,Điểm học bạ,2022,18.0,Công nghệ thông tin
36500,DLH,cong-nghe-thong-tin,D01,Điểm học bạ,2022,18.0,Công nghệ thông tin
36501,DLH,cong-nghe-thong-tin,D07,Điểm học bạ,2022,18.0,Công nghệ thông tin
36502,DLH,cong-nghe-thong-tin,A00,Điểm thi THPT,2022,15.5,Công nghệ thông tin
36503,DLH,cong-nghe-thong-tin,A01,Điểm thi THPT,2022,15.5,Công nghệ thông tin
36504,DLH,cong-nghe-thong-tin,D01,Điểm thi THPT,2022,15.5,Công nghệ thông tin
36505,DLH,cong-nghe-thong-tin,D07,Điểm thi THPT,2022,15.5,Công nghệ thông tin
36506,DLH,cong-nghe-thong-tin,A00,Điểm học bạ,2023,18.0,Công nghệ thông tin
36507,DLH,cong-nghe-thong-tin,A01,Điểm học bạ,2023,18.0,Công nghệ thông tin
36508,DLH,cong-nghe-thong-tin,D01,Điểm học bạ,2023,18.0,Công nghệ thông tin
36509,DLH,cong-nghe-thong-tin,D07,Điểm học bạ,2023,18.0,Công nghệ thông tin
36510,DLH,cong-nghe-thong-tin,A00,Điểm thi THPT,2023,15.0,Công nghệ thông tin
36511,DLH,cong-nghe-thong-tin,A01,Điểm thi THPT,2023,15.0,Công nghệ thông tin
36512,DLH,cong-nghe-thong-tin,D01,Điểm thi THPT,2023,15.0,Công nghệ thông tin
36513,DLH,cong-nghe-thong-tin,D07,Điểm thi THPT,2023,15.0,Công nghệ thông tin
36514,DLH,cong-nghe-thong-tin,A00,Điểm thi THPT,2024,15.05,Công nghệ thông tin
36515,DLH,cong-nghe-thong-tin,A01,Điểm thi THPT,2024,15.05,Công nghệ thông tin
36516,DLH,cong-nghe-thong-tin,D01,Điểm thi THPT,2024,15.05,Công nghệ thông tin
36517,DLH,cong-nghe-thong-tin,D07,Điểm thi THPT,2024,15.05,Công nghệ thông tin
36518,DLH,cong-nghe-thong-tin,A00,Điểm học bạ,2025,16.08,Công nghệ thông tin
36519,DLH,cong-nghe-thong-tin,A03,Điểm học bạ,2025,16.08,Công nghệ thông tin
36520,DLH,cong-nghe-thong-tin,A04,Điểm học bạ,2025,16.08,Công nghệ thông tin
36521,DLH,cong-nghe-thong-tin,C01,Điểm học bạ,2025,16.08,Công nghệ thông tin
36522,DLH,cong-nghe-thong-tin,D01,Điểm học bạ,2025,16.08,Công nghệ thông tin
36523,DLH,cong-nghe-thong-tin,X04,Điểm học bạ,2025,16.08,Công nghệ thông tin
36524,DLH,cong-nghe-thong-tin,A00,Điểm thi THPT,2025,15.0,Công nghệ thông tin
36525,DLH,cong-nghe-thong-tin,A03,Điểm thi THPT,2025,15.0,Công nghệ thông tin
36526,DLH,cong-nghe-thong-tin,A04,Điểm thi THPT,2025,15.0,Công nghệ thông tin
36527,DLH,cong-nghe-thong-tin,C01,Điểm thi THPT,2025,15.0,Công nghệ thông tin
36528,DLH,cong-nghe-thong-tin,D01,Điểm thi THPT,2025,15.0,Công nghệ thông tin
36529,DLH,cong-nghe-thong-tin,X04,Điểm thi THPT,2025,15.0,Công nghệ thông tin
36530,DLH,cong-nghe-thuc-pham,A00,Điểm học bạ,2021,18.0,Công nghệ thực phẩm
36531,DLH,cong-nghe-thuc-pham,B00,Điểm học bạ,2021,18.0,Công nghệ thực phẩm
36532,DLH,cong-nghe-thuc-pham,C02,Điểm học bạ,2021,18.0,Công nghệ thực phẩm
36533,DLH,cong-nghe-thuc-pham,D01,Điểm học bạ,2021,18.0,Công nghệ thực phẩm
36534,DLH,cong-nghe-thuc-pham,A00,Điểm thi THPT,2021,15.0,Công nghệ thực phẩm
36535,DLH,cong-nghe-thuc-pham,B00,Điểm thi THPT,2021,15.0,Công nghệ thực phẩm
36536,DLH,cong-nghe-thuc-pham,C02,Điểm thi THPT,2021,15.0,Công nghệ thực phẩm
36537,DLH,cong-nghe-thuc-pham,D01,Điểm thi THPT,2021,15.0,Công nghệ thực phẩm
36538,DLH,cong-nghe-thuc-pham,A00,Điểm học bạ,2022,18.0,Công nghệ thực phẩm
36539,DLH,cong-nghe-thuc-pham,B00,Điểm học bạ,2022,18.0,Công nghệ thực phẩm
36540,DLH,cong-nghe-thuc-pham,C02,Điểm học bạ,2022,18.0,Công nghệ thực phẩm
36541,DLH,cong-nghe-thuc-pham,D01,Điểm học bạ,2022,18.0,Công nghệ thực phẩm
36542,DLH,cong-nghe-thuc-pham,A00,Điểm thi THPT,2022,19.0,Công nghệ thực phẩm
36543,DLH,cong-nghe-thuc-pham,B00,Điểm thi THPT,2022,19.0,Công nghệ thực phẩm
36544,DLH,cong-nghe-thuc-pham,C02,Điểm thi THPT,2022,19.0,Công nghệ thực phẩm
36545,DLH,cong-nghe-thuc-pham,D01,Điểm thi THPT,2022,19.0,Công nghệ thực phẩm
36546,DLH,cong-nghe-thuc-pham,A00,Điểm học bạ,2023,18.0,Công nghệ thực phẩm
36547,DLH,cong-nghe-thuc-pham,B00,Điểm học bạ,2023,18.0,Công nghệ thực phẩm
36548,DLH,cong-nghe-thuc-pham,C02,Điểm học bạ,2023,18.0,Công nghệ thực phẩm
36549,DLH,cong-nghe-thuc-pham,D01,Điểm học bạ,2023,18.0,Công nghệ thực phẩm
36550,DLH,cong-nghe-thuc-pham,A00,Điểm thi THPT,2023,15.05,Công nghệ thực phẩm
36551,DLH,cong-nghe-thuc-pham,B00,Điểm thi THPT,2023,15.05,Công nghệ thực phẩm
36552,DLH,cong-nghe-thuc-pham,C02,Điểm thi THPT,2023,15.05,Công nghệ thực phẩm
36553,DLH,cong-nghe-thuc-pham,D01,Điểm thi THPT,2023,15.05,Công nghệ thực phẩm
36554,DLH,cong-nghe-thuc-pham,A00,Điểm thi THPT,2024,15.9,Công nghệ thực phẩm
36555,DLH,cong-nghe-thuc-pham,B00,Điểm thi THPT,2024,15.9,Công nghệ thực phẩm
36556,DLH,cong-nghe-thuc-pham,C02,Điểm thi THPT,2024,15.9,Công nghệ thực phẩm
36557,DLH,cong-nghe-thuc-pham,D01,Điểm thi THPT,2024,15.9,Công nghệ thực phẩm
36558,DLH,cong-nghe-thuc-pham-cong-nghe-thuc-pham-quan-ly-chat-luong-va-an-toan-thuc-pham-khoa-hoc-thuc-pham-va-dinh-duong,B00,Điểm học bạ,2025,18.24,Công nghệ thực phẩm (03 Chuyên ngành) - Công nghệ thực phẩm - Quản lý chất lượng và An toàn thực phẩm - Khoa học thực phẩm và Dinh dưỡng
36559,DLH,cong-nghe-thuc-pham-cong-nghe-thuc-pham-quan-ly-chat-luong-va-an-toan-thuc-pham-khoa-hoc-thuc-pham-va-dinh-duong,B03,Điểm học bạ,2025,18.24,Công nghệ thực phẩm (03 Chuyên ngành) - Công nghệ thực phẩm - Quản lý chất lượng và An toàn thực phẩm - Khoa học thực phẩm và Dinh dưỡng
36560,DLH,cong-nghe-thuc-pham-cong-nghe-thuc-pham-quan-ly-chat-luong-va-an-toan-thuc-pham-khoa-hoc-thuc-pham-va-dinh-duong,B08,Điểm học bạ,2025,18.24,Công nghệ thực phẩm (03 Chuyên ngành) - Công nghệ thực phẩm - Quản lý chất lượng và An toàn thực phẩm - Khoa học thực phẩm và Dinh dưỡng
36561,DLH,cong-nghe-thuc-pham-cong-nghe-thuc-pham-quan-ly-chat-luong-va-an-toan-thuc-pham-khoa-hoc-thuc-pham-va-dinh-duong,C02,Điểm học bạ,2025,18.24,Công nghệ thực phẩm (03 Chuyên ngành) - Công nghệ thực phẩm - Quản lý chất lượng và An toàn thực phẩm - Khoa học thực phẩm và Dinh dưỡng
36562,DLH,cong-nghe-thuc-pham-cong-nghe-thuc-pham-quan-ly-chat-luong-va-an-toan-thuc-pham-khoa-hoc-thuc-pham-va-dinh-duong,D01,Điểm học bạ,2025,18.24,Công nghệ thực phẩm (03 Chuyên ngành) - Công nghệ thực phẩm - Quản lý chất lượng và An toàn thực phẩm - Khoa học thực phẩm và Dinh dưỡng
36563,DLH,cong-nghe-thuc-pham-cong-nghe-thuc-pham-quan-ly-chat-luong-va-an-toan-thuc-pham-khoa-hoc-thuc-pham-va-dinh-duong,D07,Điểm học bạ,2025,18.24,Công nghệ thực phẩm (03 Chuyên ngành) - Công nghệ thực phẩm - Quản lý chất lượng và An toàn thực phẩm - Khoa học thực phẩm và Dinh dưỡng
36564,DLH,cong-nghe-thuc-pham-cong-nghe-thuc-pham-quan-ly-chat-luong-va-an-toan-thuc-pham-khoa-hoc-thuc-pham-va-dinh-duong,B00,Điểm thi THPT,2025,15.0,Công nghệ thực phẩm (03 Chuyên ngành) - Công nghệ thực phẩm - Quản lý chất lượng và An toàn thực phẩm - Khoa học thực phẩm và Dinh dưỡng
36565,DLH,cong-nghe-thuc-pham-cong-nghe-thuc-pham-quan-ly-chat-luong-va-an-toan-thuc-pham-khoa-hoc-thuc-pham-va-dinh-duong,B03,Điểm thi THPT,2025,15.0,Công nghệ thực phẩm (03 Chuyên ngành) - Công nghệ thực phẩm - Quản lý chất lượng và An toàn thực phẩm - Khoa học thực phẩm và Dinh dưỡng
36566,DLH,cong-nghe-thuc-pham-cong-nghe-thuc-pham-quan-ly-chat-luong-va-an-toan-thuc-pham-khoa-hoc-thuc-pham-va-dinh-duong,B08,Điểm thi THPT,2025,15.0,Công nghệ thực phẩm (03 Chuyên ngành) - Công nghệ thực phẩm - Quản lý chất lượng và An toàn thực phẩm - Khoa học thực phẩm và Dinh dưỡng
36567,DLH,cong-nghe-thuc-pham-cong-nghe-thuc-pham-quan-ly-chat-luong-va-an-toan-thuc-pham-khoa-hoc-thuc-pham-va-dinh-duong,C02,Điểm thi THPT,2025,15.0,Công nghệ thực phẩm (03 Chuyên ngành) - Công nghệ thực phẩm - Quản lý chất lượng và An toàn thực phẩm - Khoa học thực phẩm và Dinh dưỡng
36568,DLH,cong-nghe-thuc-pham-cong-nghe-thuc-pham-quan-ly-chat-luong-va-an-toan-thuc-pham-khoa-hoc-thuc-pham-va-dinh-duong,D01,Điểm thi THPT,2025,15.0,Công nghệ thực phẩm (03 Chuyên ngành) - Công nghệ thực phẩm - Quản lý chất lượng và An toàn thực phẩm - Khoa học thực phẩm và Dinh dưỡng
36569,DLH,cong-nghe-thuc-pham-cong-nghe-thuc-pham-quan-ly-chat-luong-va-an-toan-thuc-pham-khoa-hoc-thuc-pham-va-dinh-duong,D07,Điểm thi THPT,2025,15.0,Công nghệ thực phẩm (03 Chuyên ngành) - Công nghệ thực phẩm - Quản lý chất lượng và An toàn thực phẩm - Khoa học thực phẩm và Dinh dưỡng
36570,DLH,dong-phuong-hoc,C00,Điểm học bạ,2021,18.0,Đông phương học
36571,DLH,dong-phuong-hoc,C03,Điểm học bạ,2021,18.0,Đông phương học
36572,DLH,dong-phuong-hoc,C04,Điểm học bạ,2021,18.0,Đông phương học
36573,DLH,dong-phuong-hoc,D01,Điểm học bạ,2021,18.0,Đông phương học
36574,DLH,dong-phuong-hoc,C00,Điểm thi THPT,2021,15.0,Đông phương học
36575,DLH,dong-phuong-hoc,C03,Điểm thi THPT,2021,15.0,Đông phương học
36576,DLH,dong-phuong-hoc,C04,Điểm thi THPT,2021,15.0,Đông phương học
36577,DLH,dong-phuong-hoc,D01,Điểm thi THPT,2021,15.0,Đông phương học
36578,DLH,dong-phuong-hoc,C00,Điểm học bạ,2022,18.0,Đông phương học
36579,DLH,dong-phuong-hoc,C03,Điểm học bạ,2022,18.0,Đông phương học
36580,DLH,dong-phuong-hoc,C04,Điểm học bạ,2022,18.0,Đông phương học
36581,DLH,dong-phuong-hoc,D01,Điểm học bạ,2022,18.0,Đông phương học
36582,DLH,dong-phuong-hoc,C00,Điểm thi THPT,2022,15.0,Đông phương học
36583,DLH,dong-phuong-hoc,C03,Điểm thi THPT,2022,15.0,Đông phương học
36584,DLH,dong-phuong-hoc,C04,Điểm thi THPT,2022,15.0,Đông phương học
36585,DLH,dong-phuong-hoc,D01,Điểm thi THPT,2022,15.0,Đông phương học
36586,DLH,dong-phuong-hoc,C00,Điểm học bạ,2023,18.0,Đông phương học (gồm 2 chuyên ngành: ngôn ngữ Nhật Bản và ngôn ngữ Hàn Quốc)
36587,DLH,dong-phuong-hoc,C03,Điểm học bạ,2023,18.0,Đông phương học (gồm 2 chuyên ngành: ngôn ngữ Nhật Bản và ngôn ngữ Hàn Quốc)
36588,DLH,dong-phuong-hoc,C04,Điểm học bạ,2023,18.0,Đông phương học (gồm 2 chuyên ngành: ngôn ngữ Nhật Bản và ngôn ngữ Hàn Quốc)
36589,DLH,dong-phuong-hoc,D01,Điểm học bạ,2023,18.0,Đông phương học (gồm 2 chuyên ngành: ngôn ngữ Nhật Bản và ngôn ngữ Hàn Quốc)
36590,DLH,dong-phuong-hoc,C00,Điểm thi THPT,2023,15.75,Đông phương học (gồm 2 chuyên ngành: ngôn ngữ Nhật Bản và ngôn ngữ Hàn Quốc)
36591,DLH,dong-phuong-hoc,C03,Điểm thi THPT,2023,15.75,Đông phương học (gồm 2 chuyên ngành: ngôn ngữ Nhật Bản và ngôn ngữ Hàn Quốc)
36592,DLH,dong-phuong-hoc,C04,Điểm thi THPT,2023,15.75,Đông phương học (gồm 2 chuyên ngành: ngôn ngữ Nhật Bản và ngôn ngữ Hàn Quốc)
36593,DLH,dong-phuong-hoc,D01,Điểm thi THPT,2023,15.75,Đông phương học (gồm 2 chuyên ngành: ngôn ngữ Nhật Bản và ngôn ngữ Hàn Quốc)
36594,DLH,dong-phuong-hoc,C00,Điểm thi THPT,2024,15.0,Đông phương học (gồm 2 chuyên ngành: ngôn ngữ Nhật Bản và ngôn ngữ Hàn Quốc)
36595,DLH,dong-phuong-hoc,C03,Điểm thi THPT,2024,15.0,Đông phương học (gồm 2 chuyên ngành: ngôn ngữ Nhật Bản và ngôn ngữ Hàn Quốc)
36596,DLH,dong-phuong-hoc,C04,Điểm thi THPT,2024,15.0,Đông phương học (gồm 2 chuyên ngành: ngôn ngữ Nhật Bản và ngôn ngữ Hàn Quốc)
36597,DLH,dong-phuong-hoc,D01,Điểm thi THPT,2024,15.0,Đông phương học (gồm 2 chuyên ngành: ngôn ngữ Nhật Bản và ngôn ngữ Hàn Quốc)
36598,DLH,dong-phuong-hoc-nhat-ban-hoc-han-quoc-hoc,C00,Điểm học bạ,2025,19.11,Đông phương học - Nhật Bản học - Hàn Quốc học
36599,DLH,dong-phuong-hoc-nhat-ban-hoc-han-quoc-hoc,C03,Điểm học bạ,2025,19.11,Đông phương học - Nhật Bản học - Hàn Quốc học
36600,DLH,dong-phuong-hoc-nhat-ban-hoc-han-quoc-hoc,C04,Điểm học bạ,2025,19.11,Đông phương học - Nhật Bản học - Hàn Quốc học
36601,DLH,dong-phuong-hoc-nhat-ban-hoc-han-quoc-hoc,X01,Điểm học bạ,2025,19.11,Đông phương học - Nhật Bản học - Hàn Quốc học
36602,DLH,dong-phuong-hoc-nhat-ban-hoc-han-quoc-hoc,X70,Điểm học bạ,2025,19.11,Đông phương học - Nhật Bản học - Hàn Quốc học
36603,DLH,dong-phuong-hoc-nhat-ban-hoc-han-quoc-hoc,X74,Điểm học bạ,2025,19.11,Đông phương học - Nhật Bản học - Hàn Quốc học
36604,DLH,dong-phuong-hoc-nhat-ban-hoc-han-quoc-hoc,C00,Điểm thi THPT,2025,15.25,Đông phương học - Nhật Bản học - Hàn Quốc học
36605,DLH,dong-phuong-hoc-nhat-ban-hoc-han-quoc-hoc,C03,Điểm thi THPT,2025,15.25,Đông phương học - Nhật Bản học - Hàn Quốc học
36606,DLH,dong-phuong-hoc-nhat-ban-hoc-han-quoc-hoc,C04,Điểm thi THPT,2025,15.25,Đông phương học - Nhật Bản học - Hàn Quốc học
36607,DLH,dong-phuong-hoc-nhat-ban-hoc-han-quoc-hoc,X01,Điểm thi THPT,2025,15.25,Đông phương học - Nhật Bản học - Hàn Quốc học
36608,DLH,dong-phuong-hoc-nhat-ban-hoc-han-quoc-hoc,X70,Điểm thi THPT,2025,15.25,Đông phương học - Nhật Bản học - Hàn Quốc học
36609,DLH,dong-phuong-hoc-nhat-ban-hoc-han-quoc-hoc,X74,Điểm thi THPT,2025,15.25,Đông phương học - Nhật Bản học - Hàn Quốc học
36610,DLH,duoc-hoc,A00,Điểm học bạ,2021,24.0,Dược học
36611,DLH,duoc-hoc,B00,Điểm học bạ,2021,24.0,Dược học
36612,DLH,duoc-hoc,C02,Điểm học bạ,2021,24.0,Dược học
36613,DLH,duoc-hoc,D01,Điểm học bạ,2021,24.0,Dược học
36614,DLH,duoc-hoc,A00,Điểm thi THPT,2021,21.0,Dược học
36615,DLH,duoc-hoc,B00,Điểm thi THPT,2021,21.0,Dược học
36616,DLH,duoc-hoc,C02,Điểm thi THPT,2021,21.0,Dược học
36617,DLH,duoc-hoc,D01,Điểm thi THPT,2021,21.0,Dược học
36618,DLH,duoc-hoc,A00,Điểm học bạ,2022,24.0,Dược học
36619,DLH,duoc-hoc,B00,Điểm học bạ,2022,24.0,Dược học
36620,DLH,duoc-hoc,C02,Điểm học bạ,2022,24.0,Dược học
36621,DLH,duoc-hoc,D01,Điểm học bạ,2022,24.0,Dược học
36622,DLH,duoc-hoc,A00,Điểm thi THPT,2022,21.0,Dược học
36623,DLH,duoc-hoc,B00,Điểm thi THPT,2022,21.0,Dược học
36624,DLH,duoc-hoc,C02,Điểm thi THPT,2022,21.0,Dược học
36625,DLH,duoc-hoc,D01,Điểm thi THPT,2022,21.0,Dược học
36626,DLH,duoc-hoc,A00,Điểm học bạ,2023,24.0,Dược học
36627,DLH,duoc-hoc,B00,Điểm học bạ,2023,24.0,Dược học
36628,DLH,duoc-hoc,C02,Điểm học bạ,2023,24.0,Dược học
36629,DLH,duoc-hoc,D01,Điểm học bạ,2023,24.0,Dược học
36630,DLH,duoc-hoc,A00,Điểm thi THPT,2023,21.0,Dược học
36631,DLH,duoc-hoc,B00,Điểm thi THPT,2023,21.0,Dược học
36632,DLH,duoc-hoc,C02,Điểm thi THPT,2023,21.0,Dược học
36633,DLH,duoc-hoc,D01,Điểm thi THPT,2023,21.0,Dược học
36634,DLH,duoc-hoc,A00,Điểm thi THPT,2024,21.0,Dược học
36635,DLH,duoc-hoc,B00,Điểm thi THPT,2024,21.0,Dược học
36636,DLH,duoc-hoc,C02,Điểm thi THPT,2024,21.0,Dược học
36637,DLH,duoc-hoc,D01,Điểm thi THPT,2024,21.0,Dược học
36638,DLH,duoc-hoc,B00,Điểm học bạ,2025,21.27,Dược học (Dược sĩ)
36639,DLH,duoc-hoc,B03,Điểm học bạ,2025,21.27,Dược học (Dược sĩ)
36640,DLH,duoc-hoc,B08,Điểm học bạ,2025,21.27,Dược học (Dược sĩ)
36641,DLH,duoc-hoc,C02,Điểm học bạ,2025,21.27,Dược học (Dược sĩ)
36642,DLH,duoc-hoc,D01,Điểm học bạ,2025,21.27,Dược học (Dược sĩ)
36643,DLH,duoc-hoc,D07,Điểm học bạ,2025,21.27,Dược học (Dược sĩ)
36644,DLH,duoc-hoc,B00,Điểm thi THPT,2025,19.5,Dược học (Dược sĩ)
36645,DLH,duoc-hoc,B03,Điểm thi THPT,2025,19.5,Dược học (Dược sĩ)
36646,DLH,duoc-hoc,B08,Điểm thi THPT,2025,19.5,Dược học (Dược sĩ)
36647,DLH,duoc-hoc,C02,Điểm thi THPT,2025,19.5,Dược học (Dược sĩ)
36648,DLH,duoc-hoc,D01,Điểm thi THPT,2025,19.5,Dược học (Dược sĩ)
36649,DLH,duoc-hoc,D07,Điểm thi THPT,2025,19.5,Dược học (Dược sĩ)
36650,DLH,ke-toan,A00,Điểm học bạ,2021,18.0,Kế toán
36651,DLH,ke-toan,A01,Điểm học bạ,2021,18.0,Kế toán
36652,DLH,ke-toan,C01,Điểm học bạ,2021,18.0,Kế toán
36653,DLH,ke-toan,D01,Điểm học bạ,2021,18.0,Kế toán
36654,DLH,ke-toan,A00,Điểm thi THPT,2021,15.0,Kế toán
36655,DLH,ke-toan,A01,Điểm thi THPT,2021,15.0,Kế toán
36656,DLH,ke-toan,C01,Điểm thi THPT,2021,15.0,Kế toán
36657,DLH,ke-toan,D01,Điểm thi THPT,2021,15.0,Kế toán
36658,DLH,ke-toan,A00,Điểm học bạ,2022,18.0,Kế toán
36659,DLH,ke-toan,A01,Điểm học bạ,2022,18.0,Kế toán
36660,DLH,ke-toan,C01,Điểm học bạ,2022,18.0,Kế toán
36661,DLH,ke-toan,D01,Điểm học bạ,2022,18.0,Kế toán
36662,DLH,ke-toan,A00,Điểm thi THPT,2022,16.0,Kế toán
36663,DLH,ke-toan,A01,Điểm thi THPT,2022,16.0,Kế toán
36664,DLH,ke-toan,C01,Điểm thi THPT,2022,16.0,Kế toán
36665,DLH,ke-toan,D01,Điểm thi THPT,2022,16.0,Kế toán
36666,DLH,ke-toan,A00,Điểm thi THPT,2024,15.3,Kế toán
36667,DLH,ke-toan,A01,Điểm thi THPT,2024,15.3,Kế toán
36668,DLH,ke-toan,C01,Điểm thi THPT,2024,15.3,Kế toán
36669,DLH,ke-toan,D01,Điểm thi THPT,2024,15.3,Kế toán
36670,DLH,ke-toan,C03,Điểm học bạ,2025,19.56,Kế toán
36671,DLH,ke-toan,C04,Điểm học bạ,2025,19.56,Kế toán
36672,DLH,ke-toan,D01,Điểm học bạ,2025,19.56,Kế toán
36673,DLH,ke-toan,X01,Điểm học bạ,2025,19.56,Kế toán
36674,DLH,ke-toan,X04,Điểm học bạ,2025,19.56,Kế toán
36675,DLH,ke-toan,Y09,Điểm học bạ,2025,19.56,Kế toán
36676,DLH,ke-toan,C03,Điểm thi THPT,2025,15.0,Kế toán
36677,DLH,ke-toan,C04,Điểm thi THPT,2025,15.0,Kế toán
36678,DLH,ke-toan,D01,Điểm thi THPT,2025,15.0,Kế toán
36679,DLH,ke-toan,X01,Điểm thi THPT,2025,15.0,Kế toán
36680,DLH,ke-toan,X04,Điểm thi THPT,2025,15.0,Kế toán
36681,DLH,ke-toan,Y09,Điểm thi THPT,2025,15.0,Kế toán
36682,DLH,ke-toan-kiem-toan,A00,Điểm học bạ,2023,18.0,Kế toán - Kiểm toán
36683,DLH,ke-toan-kiem-toan,A01,Điểm học bạ,2023,18.0,Kế toán - Kiểm toán
36684,DLH,ke-toan-kiem-toan,C01,Điểm học bạ,2023,18.0,Kế toán - Kiểm toán
36685,DLH,ke-toan-kiem-toan,D01,Điểm học bạ,2023,18.0,Kế toán - Kiểm toán
36686,DLH,ke-toan-kiem-toan,A00,Điểm thi THPT,2023,15.3,Kế toán - Kiểm toán
36687,DLH,ke-toan-kiem-toan,A01,Điểm thi THPT,2023,15.3,Kế toán - Kiểm toán
36688,DLH,ke-toan-kiem-toan,C01,Điểm thi THPT,2023,15.3,Kế toán - Kiểm toán
36689,DLH,ke-toan-kiem-toan,D01,Điểm thi THPT,2023,15.3,Kế toán - Kiểm toán
36690,DLH,khoa-hoc-moi-truong,A00,Điểm thi THPT,2024,16.1,Khoa học môi trường
36691,DLH,khoa-hoc-moi-truong,B00,Điểm thi THPT,2024,16.1,Khoa học môi trường
36692,DLH,khoa-hoc-moi-truong,C02,Điểm thi THPT,2024,16.1,Khoa học môi trường
36693,DLH,khoa-hoc-moi-truong,D01,Điểm thi THPT,2024,16.1,Khoa học môi trường
36694,DLH,khoa-hoc-moi-truong-cong-nghe-moi-truong-an-toan-suc-khoe-va-moi-truong-nang-luong-xanh-va-sinh-thai-moi-truong,A00,Điểm học bạ,2025,18.1,"Khoa học môi trường (03 Chuyên ngành) - Công nghệ môi trường - An toàn, sức khỏe và Môi trường - Năng lượng xanh và Sinh thái môi trường"
36695,DLH,khoa-hoc-moi-truong-cong-nghe-moi-truong-an-toan-suc-khoe-va-moi-truong-nang-luong-xanh-va-sinh-thai-moi-truong,B00,Điểm học bạ,2025,18.1,"Khoa học môi trường (03 Chuyên ngành) - Công nghệ môi trường - An toàn, sức khỏe và Môi trường - Năng lượng xanh và Sinh thái môi trường"
36696,DLH,khoa-hoc-moi-truong-cong-nghe-moi-truong-an-toan-suc-khoe-va-moi-truong-nang-luong-xanh-va-sinh-thai-moi-truong,B08,Điểm học bạ,2025,18.1,"Khoa học môi trường (03 Chuyên ngành) - Công nghệ môi trường - An toàn, sức khỏe và Môi trường - Năng lượng xanh và Sinh thái môi trường"
36697,DLH,khoa-hoc-moi-truong-cong-nghe-moi-truong-an-toan-suc-khoe-va-moi-truong-nang-luong-xanh-va-sinh-thai-moi-truong,D01,Điểm học bạ,2025,18.1,"Khoa học môi trường (03 Chuyên ngành) - Công nghệ môi trường - An toàn, sức khỏe và Môi trường - Năng lượng xanh và Sinh thái môi trường"
36698,DLH,khoa-hoc-moi-truong-cong-nghe-moi-truong-an-toan-suc-khoe-va-moi-truong-nang-luong-xanh-va-sinh-thai-moi-truong,D07,Điểm học bạ,2025,18.1,"Khoa học môi trường (03 Chuyên ngành) - Công nghệ môi trường - An toàn, sức khỏe và Môi trường - Năng lượng xanh và Sinh thái môi trường"
36699,DLH,khoa-hoc-moi-truong-cong-nghe-moi-truong-an-toan-suc-khoe-va-moi-truong-nang-luong-xanh-va-sinh-thai-moi-truong,X08,Điểm học bạ,2025,18.1,"Khoa học môi trường (03 Chuyên ngành) - Công nghệ môi trường - An toàn, sức khỏe và Môi trường - Năng lượng xanh và Sinh thái môi trường"
36700,DLH,khoa-hoc-moi-truong-cong-nghe-moi-truong-an-toan-suc-khoe-va-moi-truong-nang-luong-xanh-va-sinh-thai-moi-truong,A00,Điểm thi THPT,2025,15.75,"Khoa học môi trường (03 Chuyên ngành) - Công nghệ môi trường - An toàn, sức khỏe và Môi trường - Năng lượng xanh và Sinh thái môi trường"
36701,DLH,khoa-hoc-moi-truong-cong-nghe-moi-truong-an-toan-suc-khoe-va-moi-truong-nang-luong-xanh-va-sinh-thai-moi-truong,B00,Điểm thi THPT,2025,15.75,"Khoa học môi trường (03 Chuyên ngành) - Công nghệ môi trường - An toàn, sức khỏe và Môi trường - Năng lượng xanh và Sinh thái môi trường"
36702,DLH,khoa-hoc-moi-truong-cong-nghe-moi-truong-an-toan-suc-khoe-va-moi-truong-nang-luong-xanh-va-sinh-thai-moi-truong,B08,Điểm thi THPT,2025,15.75,"Khoa học môi trường (03 Chuyên ngành) - Công nghệ môi trường - An toàn, sức khỏe và Môi trường - Năng lượng xanh và Sinh thái môi trường"
36703,DLH,khoa-hoc-moi-truong-cong-nghe-moi-truong-an-toan-suc-khoe-va-moi-truong-nang-luong-xanh-va-sinh-thai-moi-truong,D01,Điểm thi THPT,2025,15.75,"Khoa học môi trường (03 Chuyên ngành) - Công nghệ môi trường - An toàn, sức khỏe và Môi trường - Năng lượng xanh và Sinh thái môi trường"
36704,DLH,khoa-hoc-moi-truong-cong-nghe-moi-truong-an-toan-suc-khoe-va-moi-truong-nang-luong-xanh-va-sinh-thai-moi-truong,D07,Điểm thi THPT,2025,15.75,"Khoa học môi trường (03 Chuyên ngành) - Công nghệ môi trường - An toàn, sức khỏe và Môi trường - Năng lượng xanh và Sinh thái môi trường"
36705,DLH,khoa-hoc-moi-truong-cong-nghe-moi-truong-an-toan-suc-khoe-va-moi-truong-nang-luong-xanh-va-sinh-thai-moi-truong,X08,Điểm thi THPT,2025,15.75,"Khoa học môi trường (03 Chuyên ngành) - Công nghệ môi trường - An toàn, sức khỏe và Môi trường - Năng lượng xanh và Sinh thái môi trường"
36706,DLH,kinh-doanh-quoc-te,A00,Điểm học bạ,2023,18.0,Kinh doanh quốc tế
36707,DLH,kinh-doanh-quoc-te,A01,Điểm học bạ,2023,18.0,Kinh doanh quốc tế
36708,DLH,kinh-doanh-quoc-te,C00,Điểm học bạ,2023,18.0,Kinh doanh quốc tế
36709,DLH,kinh-doanh-quoc-te,D01,Điểm học bạ,2023,18.0,Kinh doanh quốc tế
36710,DLH,kinh-doanh-quoc-te,A00,Điểm thi THPT,2023,18.0,Kinh doanh quốc tế
36711,DLH,kinh-doanh-quoc-te,A01,Điểm thi THPT,2023,18.0,Kinh doanh quốc tế
36712,DLH,kinh-doanh-quoc-te,C00,Điểm thi THPT,2023,18.0,Kinh doanh quốc tế
36713,DLH,kinh-doanh-quoc-te,D01,Điểm thi THPT,2023,18.0,Kinh doanh quốc tế
36714,DLH,kinh-doanh-quoc-te,A00,Điểm thi THPT,2024,17.25,Kinh doanh quốc tế
36715,DLH,kinh-doanh-quoc-te,A01,Điểm thi THPT,2024,17.25,Kinh doanh quốc tế
36716,DLH,kinh-doanh-quoc-te,C00,Điểm thi THPT,2024,17.25,Kinh doanh quốc tế
36717,DLH,kinh-doanh-quoc-te,D01,Điểm thi THPT,2024,17.25,Kinh doanh quốc tế
36718,DLH,kinh-doanh-quoc-te,C03,Điểm học bạ,2025,19.98,Kinh doanh quốc tế
36719,DLH,kinh-doanh-quoc-te,C04,Điểm học bạ,2025,19.98,Kinh doanh quốc tế
36720,DLH,kinh-doanh-quoc-te,D01,Điểm học bạ,2025,19.98,Kinh doanh quốc tế
36721,DLH,kinh-doanh-quoc-te,X01,Điểm học bạ,2025,19.98,Kinh doanh quốc tế
36722,DLH,kinh-doanh-quoc-te,X04,Điểm học bạ,2025,19.98,Kinh doanh quốc tế
36723,DLH,kinh-doanh-quoc-te,Y09,Điểm học bạ,2025,19.98,Kinh doanh quốc tế
36724,DLH,kinh-doanh-quoc-te,C03,Điểm thi THPT,2025,15.0,Kinh doanh quốc tế
36725,DLH,kinh-doanh-quoc-te,C04,Điểm thi THPT,2025,15.0,Kinh doanh quốc tế
36726,DLH,kinh-doanh-quoc-te,D01,Điểm thi THPT,2025,15.0,Kinh doanh quốc tế
36727,DLH,kinh-doanh-quoc-te,X01,Điểm thi THPT,2025,15.0,Kinh doanh quốc tế
36728,DLH,kinh-doanh-quoc-te,X04,Điểm thi THPT,2025,15.0,Kinh doanh quốc tế
36729,DLH,kinh-doanh-quoc-te,Y09,Điểm thi THPT,2025,15.0,Kinh doanh quốc tế
36730,DLH,kinh-te,A00,Điểm học bạ,2021,18.0,Kinh tế
36731,DLH,kinh-te,A01,Điểm học bạ,2021,18.0,Kinh tế
36732,DLH,kinh-te,C00,Điểm học bạ,2021,18.0,Kinh tế
36733,DLH,kinh-te,D01,Điểm học bạ,2021,18.0,Kinh tế
36734,DLH,kinh-te,A00,Điểm thi THPT,2021,15.0,Kinh tế
36735,DLH,kinh-te,A01,Điểm thi THPT,2021,15.0,Kinh tế
36736,DLH,kinh-te,C00,Điểm thi THPT,2021,15.0,Kinh tế
36737,DLH,kinh-te,D01,Điểm thi THPT,2021,15.0,Kinh tế
36738,DLH,kinh-te,A00,Điểm học bạ,2022,18.0,Kinh tế
36739,DLH,kinh-te,A01,Điểm học bạ,2022,18.0,Kinh tế
36740,DLH,kinh-te,C00,Điểm học bạ,2022,18.0,Kinh tế
36741,DLH,kinh-te,D01,Điểm học bạ,2022,18.0,Kinh tế
36742,DLH,kinh-te,A00,Điểm thi THPT,2022,15.0,Kinh tế
36743,DLH,kinh-te,A01,Điểm thi THPT,2022,15.0,Kinh tế
36744,DLH,kinh-te,C00,Điểm thi THPT,2022,15.0,Kinh tế
36745,DLH,kinh-te,D01,Điểm thi THPT,2022,15.0,Kinh tế
36746,DLH,kinh-te-ngoai-thuong,A00,Điểm học bạ,2023,18.0,Kinh tế - Ngoại thương
36747,DLH,kinh-te-ngoai-thuong,A01,Điểm học bạ,2023,18.0,Kinh tế - Ngoại thương
36748,DLH,kinh-te-ngoai-thuong,C00,Điểm học bạ,2023,18.0,Kinh tế - Ngoại thương
36749,DLH,kinh-te-ngoai-thuong,D01,Điểm học bạ,2023,18.0,Kinh tế - Ngoại thương
36750,DLH,kinh-te-ngoai-thuong,A00,Điểm thi THPT,2023,16.25,Kinh tế - Ngoại thương
36751,DLH,kinh-te-ngoai-thuong,A01,Điểm thi THPT,2023,16.25,Kinh tế - Ngoại thương
36752,DLH,kinh-te-ngoai-thuong,C00,Điểm thi THPT,2023,16.25,Kinh tế - Ngoại thương
36753,DLH,kinh-te-ngoai-thuong,D01,Điểm thi THPT,2023,16.25,Kinh tế - Ngoại thương
36754,DLH,logistics-va-quan-ly-chuoi-cung-ung,A00,Điểm học bạ,2021,18.0,Logistics và Quản lý chuỗi cung ứng
36755,DLH,logistics-va-quan-ly-chuoi-cung-ung,A01,Điểm học bạ,2021,18.0,Logistics và Quản lý chuỗi cung ứng
36756,DLH,logistics-va-quan-ly-chuoi-cung-ung,C01,Điểm học bạ,2021,18.0,Logistics và Quản lý chuỗi cung ứng
36757,DLH,logistics-va-quan-ly-chuoi-cung-ung,D01,Điểm học bạ,2021,18.0,Logistics và Quản lý chuỗi cung ứng
36758,DLH,logistics-va-quan-ly-chuoi-cung-ung,A00,Điểm thi THPT,2021,15.0,Logistics và Quản lý chuỗi cung ứng
36759,DLH,logistics-va-quan-ly-chuoi-cung-ung,A01,Điểm thi THPT,2021,15.0,Logistics và Quản lý chuỗi cung ứng
36760,DLH,logistics-va-quan-ly-chuoi-cung-ung,C01,Điểm thi THPT,2021,15.0,Logistics và Quản lý chuỗi cung ứng
36761,DLH,logistics-va-quan-ly-chuoi-cung-ung,D01,Điểm thi THPT,2021,15.0,Logistics và Quản lý chuỗi cung ứng
36762,DLH,logistics-va-quan-ly-chuoi-cung-ung,A00,Điểm học bạ,2022,18.0,Logistics và Quản lý chuỗi cung ứng
36763,DLH,logistics-va-quan-ly-chuoi-cung-ung,A01,Điểm học bạ,2022,18.0,Logistics và Quản lý chuỗi cung ứng
36764,DLH,logistics-va-quan-ly-chuoi-cung-ung,C01,Điểm học bạ,2022,18.0,Logistics và Quản lý chuỗi cung ứng
36765,DLH,logistics-va-quan-ly-chuoi-cung-ung,D01,Điểm học bạ,2022,18.0,Logistics và Quản lý chuỗi cung ứng
36766,DLH,logistics-va-quan-ly-chuoi-cung-ung,A00,Điểm thi THPT,2022,15.0,Logistics và Quản lý chuỗi cung ứng
36767,DLH,logistics-va-quan-ly-chuoi-cung-ung,A01,Điểm thi THPT,2022,15.0,Logistics và Quản lý chuỗi cung ứng
36768,DLH,logistics-va-quan-ly-chuoi-cung-ung,C01,Điểm thi THPT,2022,15.0,Logistics và Quản lý chuỗi cung ứng
36769,DLH,logistics-va-quan-ly-chuoi-cung-ung,D01,Điểm thi THPT,2022,15.0,Logistics và Quản lý chuỗi cung ứng
36770,DLH,logistics-va-quan-ly-chuoi-cung-ung,A00,Điểm học bạ,2023,18.0,Logistics và quản lý chuỗi cung ứng
36771,DLH,logistics-va-quan-ly-chuoi-cung-ung,A01,Điểm học bạ,2023,18.0,Logistics và quản lý chuỗi cung ứng
36772,DLH,logistics-va-quan-ly-chuoi-cung-ung,C01,Điểm học bạ,2023,18.0,Logistics và quản lý chuỗi cung ứng
36773,DLH,logistics-va-quan-ly-chuoi-cung-ung,D01,Điểm học bạ,2023,18.0,Logistics và quản lý chuỗi cung ứng
36774,DLH,logistics-va-quan-ly-chuoi-cung-ung,A00,Điểm thi THPT,2023,15.15,Logistics và quản lý chuỗi cung ứng
36775,DLH,logistics-va-quan-ly-chuoi-cung-ung,A01,Điểm thi THPT,2023,15.15,Logistics và quản lý chuỗi cung ứng
36776,DLH,logistics-va-quan-ly-chuoi-cung-ung,C01,Điểm thi THPT,2023,15.15,Logistics và quản lý chuỗi cung ứng
36777,DLH,logistics-va-quan-ly-chuoi-cung-ung,D01,Điểm thi THPT,2023,15.15,Logistics và quản lý chuỗi cung ứng
36778,DLH,logistics-va-quan-ly-chuoi-cung-ung,A00,Điểm thi THPT,2024,15.15,Logistics và quản lý chuỗi cung ứng
36779,DLH,logistics-va-quan-ly-chuoi-cung-ung,A01,Điểm thi THPT,2024,15.15,Logistics và quản lý chuỗi cung ứng
36780,DLH,logistics-va-quan-ly-chuoi-cung-ung,C01,Điểm thi THPT,2024,15.15,Logistics và quản lý chuỗi cung ứng
36781,DLH,logistics-va-quan-ly-chuoi-cung-ung,D01,Điểm thi THPT,2024,15.15,Logistics và quản lý chuỗi cung ứng
36782,DLH,logistics-va-quan-ly-chuoi-cung-ung,C03,Điểm học bạ,2025,18.12,Logistics và Quản lý chuỗi cung ứng
36783,DLH,logistics-va-quan-ly-chuoi-cung-ung,C04,Điểm học bạ,2025,18.12,Logistics và Quản lý chuỗi cung ứng
36784,DLH,logistics-va-quan-ly-chuoi-cung-ung,D01,Điểm học bạ,2025,18.12,Logistics và Quản lý chuỗi cung ứng
36785,DLH,logistics-va-quan-ly-chuoi-cung-ung,X01,Điểm học bạ,2025,18.12,Logistics và Quản lý chuỗi cung ứng
36786,DLH,logistics-va-quan-ly-chuoi-cung-ung,X04,Điểm học bạ,2025,18.12,Logistics và Quản lý chuỗi cung ứng
36787,DLH,logistics-va-quan-ly-chuoi-cung-ung,Y09,Điểm học bạ,2025,18.12,Logistics và Quản lý chuỗi cung ứng
36788,DLH,logistics-va-quan-ly-chuoi-cung-ung,C03,Điểm thi THPT,2025,15.0,Logistics và Quản lý chuỗi cung ứng
36789,DLH,logistics-va-quan-ly-chuoi-cung-ung,C04,Điểm thi THPT,2025,15.0,Logistics và Quản lý chuỗi cung ứng
36790,DLH,logistics-va-quan-ly-chuoi-cung-ung,D01,Điểm thi THPT,2025,15.0,Logistics và Quản lý chuỗi cung ứng
36791,DLH,logistics-va-quan-ly-chuoi-cung-ung,X01,Điểm thi THPT,2025,15.0,Logistics và Quản lý chuỗi cung ứng
36792,DLH,logistics-va-quan-ly-chuoi-cung-ung,X04,Điểm thi THPT,2025,15.0,Logistics và Quản lý chuỗi cung ứng
36793,DLH,logistics-va-quan-ly-chuoi-cung-ung,Y09,Điểm thi THPT,2025,15.0,Logistics và Quản lý chuỗi cung ứng
36794,DLH,luat,A00,Điểm thi THPT,2024,18.75,Luật
36795,DLH,luat,A01,Điểm thi THPT,2024,18.75,Luật
36796,DLH,luat,C00,Điểm thi THPT,2024,18.75,Luật
36797,DLH,luat,D01,Điểm thi THPT,2024,18.75,Luật
36798,DLH,luat,C03,Điểm học bạ,2025,18.3,Luật
36799,DLH,luat,C04,Điểm học bạ,2025,18.3,Luật
36800,DLH,luat,D01,Điểm học bạ,2025,18.3,Luật
36801,DLH,luat,X01,Điểm học bạ,2025,18.3,Luật
36802,DLH,luat,X04,Điểm học bạ,2025,18.3,Luật
36803,DLH,luat,Y09,Điểm học bạ,2025,18.3,Luật
36804,DLH,luat,C03,Điểm thi THPT,2025,15.1,Luật
36805,DLH,luat,C04,Điểm thi THPT,2025,15.1,Luật
36806,DLH,luat,D01,Điểm thi THPT,2025,15.1,Luật
36807,DLH,luat,X01,Điểm thi THPT,2025,15.1,Luật
36808,DLH,luat,X04,Điểm thi THPT,2025,15.1,Luật
36809,DLH,luat,Y09,Điểm thi THPT,2025,15.1,Luật
36810,DLH,luat-kinh-te,A00,Điểm học bạ,2021,18.0,Luật kinh tế
36811,DLH,luat-kinh-te,A01,Điểm học bạ,2021,18.0,Luật kinh tế
36812,DLH,luat-kinh-te,C00,Điểm học bạ,2021,18.0,Luật kinh tế
36813,DLH,luat-kinh-te,D01,Điểm học bạ,2021,18.0,Luật kinh tế
36814,DLH,luat-kinh-te,A00,Điểm thi THPT,2021,15.0,Luật kinh tế
36815,DLH,luat-kinh-te,A01,Điểm thi THPT,2021,15.0,Luật kinh tế
36816,DLH,luat-kinh-te,C00,Điểm thi THPT,2021,15.0,Luật kinh tế
36817,DLH,luat-kinh-te,D01,Điểm thi THPT,2021,15.0,Luật kinh tế
36818,DLH,luat-kinh-te,A00,Điểm học bạ,2022,18.0,Luật kinh tế
36819,DLH,luat-kinh-te,A01,Điểm học bạ,2022,18.0,Luật kinh tế
36820,DLH,luat-kinh-te,C00,Điểm học bạ,2022,18.0,Luật kinh tế
36821,DLH,luat-kinh-te,D01,Điểm học bạ,2022,18.0,Luật kinh tế
36822,DLH,luat-kinh-te,A00,Điểm thi THPT,2022,17.0,Luật kinh tế
36823,DLH,luat-kinh-te,A01,Điểm thi THPT,2022,17.0,Luật kinh tế
36824,DLH,luat-kinh-te,C00,Điểm thi THPT,2022,17.0,Luật kinh tế
36825,DLH,luat-kinh-te,D01,Điểm thi THPT,2022,17.0,Luật kinh tế
36826,DLH,luat-kinh-te,A00,Điểm học bạ,2023,18.0,Luật kinh tế
36827,DLH,luat-kinh-te,A01,Điểm học bạ,2023,18.0,Luật kinh tế
36828,DLH,luat-kinh-te,C00,Điểm học bạ,2023,18.0,Luật kinh tế
36829,DLH,luat-kinh-te,D01,Điểm học bạ,2023,18.0,Luật kinh tế
36830,DLH,luat-kinh-te,A00,Điểm thi THPT,2023,15.45,Luật kinh tế
36831,DLH,luat-kinh-te,A01,Điểm thi THPT,2023,15.45,Luật kinh tế
36832,DLH,luat-kinh-te,C00,Điểm thi THPT,2023,15.45,Luật kinh tế
36833,DLH,luat-kinh-te,D01,Điểm thi THPT,2023,15.45,Luật kinh tế
36834,DLH,luat-kinh-te,A00,Điểm thi THPT,2024,15.5,Luật kinh tế
36835,DLH,luat-kinh-te,A01,Điểm thi THPT,2024,15.5,Luật kinh tế
36836,DLH,luat-kinh-te,C00,Điểm thi THPT,2024,15.5,Luật kinh tế
36837,DLH,luat-kinh-te,D01,Điểm thi THPT,2024,15.5,Luật kinh tế
36838,DLH,luat-kinh-te,C03,Điểm học bạ,2025,18.1,Luật kinh tế
36839,DLH,luat-kinh-te,C04,Điểm học bạ,2025,18.1,Luật kinh tế
36840,DLH,luat-kinh-te,D01,Điểm học bạ,2025,18.1,Luật kinh tế
36841,DLH,luat-kinh-te,X01,Điểm học bạ,2025,18.1,Luật kinh tế
36842,DLH,luat-kinh-te,X04,Điểm học bạ,2025,18.1,Luật kinh tế
36843,DLH,luat-kinh-te,Y09,Điểm học bạ,2025,18.1,Luật kinh tế
36844,DLH,luat-kinh-te,C03,Điểm thi THPT,2025,15.0,Luật kinh tế
36845,DLH,luat-kinh-te,C04,Điểm thi THPT,2025,15.0,Luật kinh tế
36846,DLH,luat-kinh-te,D01,Điểm thi THPT,2025,15.0,Luật kinh tế
36847,DLH,luat-kinh-te,X01,Điểm thi THPT,2025,15.0,Luật kinh tế
36848,DLH,luat-kinh-te,X04,Điểm thi THPT,2025,15.0,Luật kinh tế
36849,DLH,luat-kinh-te,Y09,Điểm thi THPT,2025,15.0,Luật kinh tế
36850,DLH,marketing,A00,Điểm học bạ,2021,18.0,Marketing
36851,DLH,marketing,A01,Điểm học bạ,2021,18.0,Marketing
36852,DLH,marketing,C00,Điểm học bạ,2021,18.0,Marketing
36853,DLH,marketing,D01,Điểm học bạ,2021,18.0,Marketing
36854,DLH,marketing,A00,Điểm thi THPT,2021,15.0,Marketing
36855,DLH,marketing,A01,Điểm thi THPT,2021,15.0,Marketing
36856,DLH,marketing,C00,Điểm thi THPT,2021,15.0,Marketing
36857,DLH,marketing,D01,Điểm thi THPT,2021,15.0,Marketing
36858,DLH,marketing,A00,Điểm học bạ,2022,18.0,Marketing
36859,DLH,marketing,A01,Điểm học bạ,2022,18.0,Marketing
36860,DLH,marketing,C00,Điểm học bạ,2022,18.0,Marketing
36861,DLH,marketing,D01,Điểm học bạ,2022,18.0,Marketing
36862,DLH,marketing,A00,Điểm thi THPT,2022,15.5,Marketing
36863,DLH,marketing,A01,Điểm thi THPT,2022,15.5,Marketing
36864,DLH,marketing,C00,Điểm thi THPT,2022,15.5,Marketing
36865,DLH,marketing,D01,Điểm thi THPT,2022,15.5,Marketing
36866,DLH,marketing,A00,Điểm học bạ,2023,18.0,Marketing
36867,DLH,marketing,A01,Điểm học bạ,2023,18.0,Marketing
36868,DLH,marketing,C00,Điểm học bạ,2023,18.0,Marketing
36869,DLH,marketing,D01,Điểm học bạ,2023,18.0,Marketing
36870,DLH,marketing,A00,Điểm thi THPT,2023,15.1,Marketing
36871,DLH,marketing,A01,Điểm thi THPT,2023,15.1,Marketing
36872,DLH,marketing,C00,Điểm thi THPT,2023,15.1,Marketing
36873,DLH,marketing,D01,Điểm thi THPT,2023,15.1,Marketing
36874,DLH,marketing,A00,Điểm thi THPT,2024,16.25,Marketing
36875,DLH,marketing,A01,Điểm thi THPT,2024,16.25,Marketing
36876,DLH,marketing,C00,Điểm thi THPT,2024,16.25,Marketing
36877,DLH,marketing,D01,Điểm thi THPT,2024,16.25,Marketing
36878,DLH,marketing,C03,Điểm học bạ,2025,18.1,Marketing
36879,DLH,marketing,C04,Điểm học bạ,2025,18.1,Marketing
36880,DLH,marketing,D01,Điểm học bạ,2025,18.1,Marketing
36881,DLH,marketing,X01,Điểm học bạ,2025,18.1,Marketing
36882,DLH,marketing,X04,Điểm học bạ,2025,18.1,Marketing
36883,DLH,marketing,Y09,Điểm học bạ,2025,18.1,Marketing
36884,DLH,marketing,C03,Điểm thi THPT,2025,15.0,Marketing
36885,DLH,marketing,C04,Điểm thi THPT,2025,15.0,Marketing
36886,DLH,marketing,D01,Điểm thi THPT,2025,15.0,Marketing
36887,DLH,marketing,X01,Điểm thi THPT,2025,15.0,Marketing
36888,DLH,marketing,X04,Điểm thi THPT,2025,15.0,Marketing
36889,DLH,marketing,Y09,Điểm thi THPT,2025,15.0,Marketing
36890,DLH,ngon-ngu-anh,A01,Điểm học bạ,2021,18.0,Ngôn ngữ Anh
36891,DLH,ngon-ngu-anh,D01,Điểm học bạ,2021,18.0,Ngôn ngữ Anh
36892,DLH,ngon-ngu-anh,D09,Điểm học bạ,2021,18.0,Ngôn ngữ Anh
36893,DLH,ngon-ngu-anh,D10,Điểm học bạ,2021,18.0,Ngôn ngữ Anh
36894,DLH,ngon-ngu-anh,A01,Điểm thi THPT,2021,15.0,Ngôn ngữ Anh
36895,DLH,ngon-ngu-anh,D01,Điểm thi THPT,2021,15.0,Ngôn ngữ Anh
36896,DLH,ngon-ngu-anh,D09,Điểm thi THPT,2021,15.0,Ngôn ngữ Anh
36897,DLH,ngon-ngu-anh,D10,Điểm thi THPT,2021,15.0,Ngôn ngữ Anh
36898,DLH,ngon-ngu-anh,A01,Điểm học bạ,2022,18.0,Ngôn ngữ Anh
36899,DLH,ngon-ngu-anh,D01,Điểm học bạ,2022,18.0,Ngôn ngữ Anh
36900,DLH,ngon-ngu-anh,D09,Điểm học bạ,2022,18.0,Ngôn ngữ Anh
36901,DLH,ngon-ngu-anh,D10,Điểm học bạ,2022,18.0,Ngôn ngữ Anh
36902,DLH,ngon-ngu-anh,A01,Điểm thi THPT,2022,15.0,Ngôn ngữ Anh
36903,DLH,ngon-ngu-anh,D01,Điểm thi THPT,2022,15.0,Ngôn ngữ Anh
36904,DLH,ngon-ngu-anh,D09,Điểm thi THPT,2022,15.0,Ngôn ngữ Anh
36905,DLH,ngon-ngu-anh,D10,Điểm thi THPT,2022,15.0,Ngôn ngữ Anh
36906,DLH,ngon-ngu-anh,A01,Điểm học bạ,2023,18.0,Ngôn ngữ Anh
36907,DLH,ngon-ngu-anh,D01,Điểm học bạ,2023,18.0,Ngôn ngữ Anh
36908,DLH,ngon-ngu-anh,D09,Điểm học bạ,2023,18.0,Ngôn ngữ Anh
36909,DLH,ngon-ngu-anh,D10,Điểm học bạ,2023,18.0,Ngôn ngữ Anh
36910,DLH,ngon-ngu-anh,A01,Điểm thi THPT,2023,15.25,Ngôn ngữ Anh
36911,DLH,ngon-ngu-anh,D01,Điểm thi THPT,2023,15.25,Ngôn ngữ Anh
36912,DLH,ngon-ngu-anh,D09,Điểm thi THPT,2023,15.25,Ngôn ngữ Anh
36913,DLH,ngon-ngu-anh,D10,Điểm thi THPT,2023,15.25,Ngôn ngữ Anh
36914,DLH,ngon-ngu-anh,A01,Điểm thi THPT,2024,16.15,Ngôn ngữ Anh
36915,DLH,ngon-ngu-anh,D01,Điểm thi THPT,2024,16.15,Ngôn ngữ Anh
36916,DLH,ngon-ngu-anh,D09,Điểm thi THPT,2024,16.15,Ngôn ngữ Anh
36917,DLH,ngon-ngu-anh,D10,Điểm thi THPT,2024,16.15,Ngôn ngữ Anh
36918,DLH,ngon-ngu-anh,D01,Điểm học bạ,2025,18.78,Ngôn ngữ Anh
36919,DLH,ngon-ngu-anh,D09,Điểm học bạ,2025,18.78,Ngôn ngữ Anh
36920,DLH,ngon-ngu-anh,D10,Điểm học bạ,2025,18.78,Ngôn ngữ Anh
36921,DLH,ngon-ngu-anh,D14,Điểm học bạ,2025,18.78,Ngôn ngữ Anh
36922,DLH,ngon-ngu-anh,D15,Điểm học bạ,2025,18.78,Ngôn ngữ Anh
36923,DLH,ngon-ngu-anh,X78,Điểm học bạ,2025,18.78,Ngôn ngữ Anh
36924,DLH,ngon-ngu-anh,D01,Điểm thi THPT,2025,15.1,Ngôn ngữ Anh
36925,DLH,ngon-ngu-anh,D09,Điểm thi THPT,2025,15.1,Ngôn ngữ Anh
36926,DLH,ngon-ngu-anh,D10,Điểm thi THPT,2025,15.1,Ngôn ngữ Anh
36927,DLH,ngon-ngu-anh,D14,Điểm thi THPT,2025,15.1,Ngôn ngữ Anh
36928,DLH,ngon-ngu-anh,D15,Điểm thi THPT,2025,15.1,Ngôn ngữ Anh
36929,DLH,ngon-ngu-anh,X78,Điểm thi THPT,2025,15.1,Ngôn ngữ Anh
36930,DLH,ngon-ngu-trung-quoc,C00,Điểm học bạ,2021,18.0,Ngôn ngữ Trung Quốc
36931,DLH,ngon-ngu-trung-quoc,C03,Điểm học bạ,2021,18.0,Ngôn ngữ Trung Quốc
36932,DLH,ngon-ngu-trung-quoc,C04,Điểm học bạ,2021,18.0,Ngôn ngữ Trung Quốc
36933,DLH,ngon-ngu-trung-quoc,D01,Điểm học bạ,2021,18.0,Ngôn ngữ Trung Quốc
36934,DLH,ngon-ngu-trung-quoc,C00,Điểm thi THPT,2021,15.0,Ngôn ngữ Trung Quốc
36935,DLH,ngon-ngu-trung-quoc,C03,Điểm thi THPT,2021,15.0,Ngôn ngữ Trung Quốc
36936,DLH,ngon-ngu-trung-quoc,C04,Điểm thi THPT,2021,15.0,Ngôn ngữ Trung Quốc
36937,DLH,ngon-ngu-trung-quoc,D01,Điểm thi THPT,2021,15.0,Ngôn ngữ Trung Quốc
36938,DLH,ngon-ngu-trung-quoc,C00,Điểm học bạ,2022,18.0,Ngôn ngữ Trung Quốc
36939,DLH,ngon-ngu-trung-quoc,C03,Điểm học bạ,2022,18.0,Ngôn ngữ Trung Quốc
36940,DLH,ngon-ngu-trung-quoc,C04,Điểm học bạ,2022,18.0,Ngôn ngữ Trung Quốc
36941,DLH,ngon-ngu-trung-quoc,D01,Điểm học bạ,2022,18.0,Ngôn ngữ Trung Quốc
36942,DLH,ngon-ngu-trung-quoc,C00,Điểm thi THPT,2022,15.5,Ngôn ngữ Trung Quốc
36943,DLH,ngon-ngu-trung-quoc,C03,Điểm thi THPT,2022,15.5,Ngôn ngữ Trung Quốc
36944,DLH,ngon-ngu-trung-quoc,C04,Điểm thi THPT,2022,15.5,Ngôn ngữ Trung Quốc
36945,DLH,ngon-ngu-trung-quoc,D01,Điểm thi THPT,2022,15.5,Ngôn ngữ Trung Quốc
36946,DLH,ngon-ngu-trung-quoc,C00,Điểm học bạ,2023,18.0,Ngôn ngữ Trung Quốc
36947,DLH,ngon-ngu-trung-quoc,C03,Điểm học bạ,2023,18.0,Ngôn ngữ Trung Quốc
36948,DLH,ngon-ngu-trung-quoc,C04,Điểm học bạ,2023,18.0,Ngôn ngữ Trung Quốc
36949,DLH,ngon-ngu-trung-quoc,D01,Điểm học bạ,2023,18.0,Ngôn ngữ Trung Quốc
36950,DLH,ngon-ngu-trung-quoc,C00,Điểm thi THPT,2023,15.0,Ngôn ngữ Trung Quốc
36951,DLH,ngon-ngu-trung-quoc,C03,Điểm thi THPT,2023,15.0,Ngôn ngữ Trung Quốc
36952,DLH,ngon-ngu-trung-quoc,C04,Điểm thi THPT,2023,15.0,Ngôn ngữ Trung Quốc
36953,DLH,ngon-ngu-trung-quoc,D01,Điểm thi THPT,2023,15.0,Ngôn ngữ Trung Quốc
36954,DLH,ngon-ngu-trung-quoc,C00,Điểm thi THPT,2024,15.5,Ngôn ngữ Trung Quốc
36955,DLH,ngon-ngu-trung-quoc,C03,Điểm thi THPT,2024,15.5,Ngôn ngữ Trung Quốc
36956,DLH,ngon-ngu-trung-quoc,C04,Điểm thi THPT,2024,15.5,Ngôn ngữ Trung Quốc
36957,DLH,ngon-ngu-trung-quoc,D01,Điểm thi THPT,2024,15.5,Ngôn ngữ Trung Quốc
36958,DLH,ngon-ngu-trung-quoc,C00,Điểm học bạ,2025,18.6,Ngôn ngữ Trung Quốc
36959,DLH,ngon-ngu-trung-quoc,C03,Điểm học bạ,2025,18.6,Ngôn ngữ Trung Quốc
36960,DLH,ngon-ngu-trung-quoc,C04,Điểm học bạ,2025,18.6,Ngôn ngữ Trung Quốc
36961,DLH,ngon-ngu-trung-quoc,X01,Điểm học bạ,2025,18.6,Ngôn ngữ Trung Quốc
36962,DLH,ngon-ngu-trung-quoc,X70,Điểm học bạ,2025,18.6,Ngôn ngữ Trung Quốc
36963,DLH,ngon-ngu-trung-quoc,X74,Điểm học bạ,2025,18.6,Ngôn ngữ Trung Quốc
36964,DLH,ngon-ngu-trung-quoc,C00,Điểm thi THPT,2025,15.1,Ngôn ngữ Trung Quốc
36965,DLH,ngon-ngu-trung-quoc,C03,Điểm thi THPT,2025,15.1,Ngôn ngữ Trung Quốc
36966,DLH,ngon-ngu-trung-quoc,C04,Điểm thi THPT,2025,15.1,Ngôn ngữ Trung Quốc
36967,DLH,ngon-ngu-trung-quoc,X01,Điểm thi THPT,2025,15.1,Ngôn ngữ Trung Quốc
36968,DLH,ngon-ngu-trung-quoc,X70,Điểm thi THPT,2025,15.1,Ngôn ngữ Trung Quốc
36969,DLH,ngon-ngu-trung-quoc,X74,Điểm thi THPT,2025,15.1,Ngôn ngữ Trung Quốc
36970,DLH,quan-he-cong-chung,A00,Điểm thi THPT,2024,17.75,Quan hệ công chúng
36971,DLH,quan-he-cong-chung,A01,Điểm thi THPT,2024,17.75,Quan hệ công chúng
36972,DLH,quan-he-cong-chung,D01,Điểm thi THPT,2024,17.75,Quan hệ công chúng
36973,DLH,quan-he-cong-chung,D07,Điểm thi THPT,2024,17.75,Quan hệ công chúng
36974,DLH,quan-he-cong-chung,C00,Điểm học bạ,2025,17.91,Quan hệ công chúng
36975,DLH,quan-he-cong-chung,C03,Điểm học bạ,2025,17.91,Quan hệ công chúng
36976,DLH,quan-he-cong-chung,C04,Điểm học bạ,2025,17.91,Quan hệ công chúng
36977,DLH,quan-he-cong-chung,D01,Điểm học bạ,2025,17.91,Quan hệ công chúng
36978,DLH,quan-he-cong-chung,X01,Điểm học bạ,2025,17.91,Quan hệ công chúng
36979,DLH,quan-he-cong-chung,X04,Điểm học bạ,2025,17.91,Quan hệ công chúng
36980,DLH,quan-he-cong-chung,C00,Điểm thi THPT,2025,15.25,Quan hệ công chúng
36981,DLH,quan-he-cong-chung,C03,Điểm thi THPT,2025,15.25,Quan hệ công chúng
36982,DLH,quan-he-cong-chung,C04,Điểm thi THPT,2025,15.25,Quan hệ công chúng
36983,DLH,quan-he-cong-chung,D01,Điểm thi THPT,2025,15.25,Quan hệ công chúng
36984,DLH,quan-he-cong-chung,X01,Điểm thi THPT,2025,15.25,Quan hệ công chúng
36985,DLH,quan-he-cong-chung,X04,Điểm thi THPT,2025,15.25,Quan hệ công chúng
36986,DLH,quan-tri-dich-vu-du-lich-va-lu-hanh,A00,Điểm học bạ,2021,18.0,Quản trị dịch vụ du lịch và lữ hành
36987,DLH,quan-tri-dich-vu-du-lich-va-lu-hanh,A01,Điểm học bạ,2021,18.0,Quản trị dịch vụ du lịch và lữ hành
36988,DLH,quan-tri-dich-vu-du-lich-va-lu-hanh,C00,Điểm học bạ,2021,18.0,Quản trị dịch vụ du lịch và lữ hành
36989,DLH,quan-tri-dich-vu-du-lich-va-lu-hanh,D01,Điểm học bạ,2021,18.0,Quản trị dịch vụ du lịch và lữ hành
36990,DLH,quan-tri-dich-vu-du-lich-va-lu-hanh,A00,Điểm thi THPT,2021,15.0,Quản trị dịch vụ du lịch và lữ hành
36991,DLH,quan-tri-dich-vu-du-lich-va-lu-hanh,A01,Điểm thi THPT,2021,15.0,Quản trị dịch vụ du lịch và lữ hành
36992,DLH,quan-tri-dich-vu-du-lich-va-lu-hanh,C00,Điểm thi THPT,2021,15.0,Quản trị dịch vụ du lịch và lữ hành
36993,DLH,quan-tri-dich-vu-du-lich-va-lu-hanh,D01,Điểm thi THPT,2021,15.0,Quản trị dịch vụ du lịch và lữ hành
36994,DLH,quan-tri-dich-vu-du-lich-va-lu-hanh,A00,Điểm học bạ,2022,18.0,Quản trị dịch vụ du lịch và lữ hành
36995,DLH,quan-tri-dich-vu-du-lich-va-lu-hanh,A01,Điểm học bạ,2022,18.0,Quản trị dịch vụ du lịch và lữ hành
36996,DLH,quan-tri-dich-vu-du-lich-va-lu-hanh,C00,Điểm học bạ,2022,18.0,Quản trị dịch vụ du lịch và lữ hành
36997,DLH,quan-tri-dich-vu-du-lich-va-lu-hanh,D01,Điểm học bạ,2022,18.0,Quản trị dịch vụ du lịch và lữ hành
36998,DLH,quan-tri-dich-vu-du-lich-va-lu-hanh,A00,Điểm thi THPT,2022,15.5,Quản trị dịch vụ du lịch và lữ hành
36999,DLH,quan-tri-dich-vu-du-lich-va-lu-hanh,A01,Điểm thi THPT,2022,15.5,Quản trị dịch vụ du lịch và lữ hành
37000,DLH,quan-tri-dich-vu-du-lich-va-lu-hanh,C00,Điểm thi THPT,2022,15.5,Quản trị dịch vụ du lịch và lữ hành
37001,DLH,quan-tri-dich-vu-du-lich-va-lu-hanh,D01,Điểm thi THPT,2022,15.5,Quản trị dịch vụ du lịch và lữ hành
37002,DLH,quan-tri-dich-vu-du-lich-va-lu-hanh,A00,Điểm học bạ,2023,18.0,Quản trị dịch vụ du lịch và lữ hành
37003,DLH,quan-tri-dich-vu-du-lich-va-lu-hanh,A01,Điểm học bạ,2023,18.0,Quản trị dịch vụ du lịch và lữ hành
37004,DLH,quan-tri-dich-vu-du-lich-va-lu-hanh,C00,Điểm học bạ,2023,18.0,Quản trị dịch vụ du lịch và lữ hành
37005,DLH,quan-tri-dich-vu-du-lich-va-lu-hanh,D01,Điểm học bạ,2023,18.0,Quản trị dịch vụ du lịch và lữ hành
37006,DLH,quan-tri-dich-vu-du-lich-va-lu-hanh,A00,Điểm thi THPT,2023,15.0,Quản trị dịch vụ du lịch và lữ hành
37007,DLH,quan-tri-dich-vu-du-lich-va-lu-hanh,A01,Điểm thi THPT,2023,15.0,Quản trị dịch vụ du lịch và lữ hành
37008,DLH,quan-tri-dich-vu-du-lich-va-lu-hanh,C00,Điểm thi THPT,2023,15.0,Quản trị dịch vụ du lịch và lữ hành
37009,DLH,quan-tri-dich-vu-du-lich-va-lu-hanh,D01,Điểm thi THPT,2023,15.0,Quản trị dịch vụ du lịch và lữ hành
37010,DLH,quan-tri-dich-vu-du-lich-va-lu-hanh,A00,Điểm thi THPT,2024,15.0,Quản trị dịch vụ du lịch và lữ hành
37011,DLH,quan-tri-dich-vu-du-lich-va-lu-hanh,A01,Điểm thi THPT,2024,15.0,Quản trị dịch vụ du lịch và lữ hành
37012,DLH,quan-tri-dich-vu-du-lich-va-lu-hanh,C00,Điểm thi THPT,2024,15.0,Quản trị dịch vụ du lịch và lữ hành
37013,DLH,quan-tri-dich-vu-du-lich-va-lu-hanh,D01,Điểm thi THPT,2024,15.0,Quản trị dịch vụ du lịch và lữ hành
37014,DLH,quan-tri-dich-vu-du-lich-va-lu-hanh,C03,Điểm học bạ,2025,19.83,Quản trị dịch vụ du lịch và lữ hành
37015,DLH,quan-tri-dich-vu-du-lich-va-lu-hanh,C04,Điểm học bạ,2025,19.83,Quản trị dịch vụ du lịch và lữ hành
37016,DLH,quan-tri-dich-vu-du-lich-va-lu-hanh,D01,Điểm học bạ,2025,19.83,Quản trị dịch vụ du lịch và lữ hành
37017,DLH,quan-tri-dich-vu-du-lich-va-lu-hanh,X01,Điểm học bạ,2025,19.83,Quản trị dịch vụ du lịch và lữ hành
37018,DLH,quan-tri-dich-vu-du-lich-va-lu-hanh,X04,Điểm học bạ,2025,19.83,Quản trị dịch vụ du lịch và lữ hành
37019,DLH,quan-tri-dich-vu-du-lich-va-lu-hanh,Y09,Điểm học bạ,2025,19.83,Quản trị dịch vụ du lịch và lữ hành
37020,DLH,quan-tri-dich-vu-du-lich-va-lu-hanh,C03,Điểm thi THPT,2025,19.0,Quản trị dịch vụ du lịch và lữ hành
37021,DLH,quan-tri-dich-vu-du-lich-va-lu-hanh,C04,Điểm thi THPT,2025,19.0,Quản trị dịch vụ du lịch và lữ hành
37022,DLH,quan-tri-dich-vu-du-lich-va-lu-hanh,D01,Điểm thi THPT,2025,19.0,Quản trị dịch vụ du lịch và lữ hành
37023,DLH,quan-tri-dich-vu-du-lich-va-lu-hanh,X01,Điểm thi THPT,2025,19.0,Quản trị dịch vụ du lịch và lữ hành
37024,DLH,quan-tri-dich-vu-du-lich-va-lu-hanh,X04,Điểm thi THPT,2025,19.0,Quản trị dịch vụ du lịch và lữ hành
37025,DLH,quan-tri-dich-vu-du-lich-va-lu-hanh,Y09,Điểm thi THPT,2025,19.0,Quản trị dịch vụ du lịch và lữ hành
37026,DLH,quan-tri-kinh-doanh,A00,Điểm học bạ,2021,18.0,Quản trị kinh doanh
37027,DLH,quan-tri-kinh-doanh,A01,Điểm học bạ,2021,18.0,Quản trị kinh doanh
37028,DLH,quan-tri-kinh-doanh,C00,Điểm học bạ,2021,18.0,Quản trị kinh doanh
37029,DLH,quan-tri-kinh-doanh,D01,Điểm học bạ,2021,18.0,Quản trị kinh doanh
37030,DLH,quan-tri-kinh-doanh,A00,Điểm thi THPT,2021,15.0,Quản trị kinh doanh
37031,DLH,quan-tri-kinh-doanh,A01,Điểm thi THPT,2021,15.0,Quản trị kinh doanh
37032,DLH,quan-tri-kinh-doanh,C00,Điểm thi THPT,2021,15.0,Quản trị kinh doanh
37033,DLH,quan-tri-kinh-doanh,D01,Điểm thi THPT,2021,15.0,Quản trị kinh doanh
37034,DLH,quan-tri-kinh-doanh,A00,Điểm học bạ,2022,18.0,Quản trị kinh doanh
37035,DLH,quan-tri-kinh-doanh,A01,Điểm học bạ,2022,18.0,Quản trị kinh doanh
37036,DLH,quan-tri-kinh-doanh,C00,Điểm học bạ,2022,18.0,Quản trị kinh doanh
37037,DLH,quan-tri-kinh-doanh,D01,Điểm học bạ,2022,18.0,Quản trị kinh doanh
37038,DLH,quan-tri-kinh-doanh,A00,Điểm thi THPT,2022,16.0,Quản trị kinh doanh
37039,DLH,quan-tri-kinh-doanh,A01,Điểm thi THPT,2022,16.0,Quản trị kinh doanh
37040,DLH,quan-tri-kinh-doanh,C00,Điểm thi THPT,2022,16.0,Quản trị kinh doanh
37041,DLH,quan-tri-kinh-doanh,D01,Điểm thi THPT,2022,16.0,Quản trị kinh doanh
37042,DLH,quan-tri-kinh-doanh,A00,Điểm học bạ,2023,18.0,Quản trị kinh doanh
37043,DLH,quan-tri-kinh-doanh,A01,Điểm học bạ,2023,18.0,Quản trị kinh doanh
37044,DLH,quan-tri-kinh-doanh,C00,Điểm học bạ,2023,18.0,Quản trị kinh doanh
37045,DLH,quan-tri-kinh-doanh,D01,Điểm học bạ,2023,18.0,Quản trị kinh doanh
37046,DLH,quan-tri-kinh-doanh,A00,Điểm thi THPT,2023,15.1,Quản trị kinh doanh
37047,DLH,quan-tri-kinh-doanh,A01,Điểm thi THPT,2023,15.1,Quản trị kinh doanh
37048,DLH,quan-tri-kinh-doanh,C00,Điểm thi THPT,2023,15.1,Quản trị kinh doanh
37049,DLH,quan-tri-kinh-doanh,D01,Điểm thi THPT,2023,15.1,Quản trị kinh doanh
37050,DLH,quan-tri-kinh-doanh,A00,Điểm thi THPT,2024,15.0,Quản trị kinh doanh
37051,DLH,quan-tri-kinh-doanh,A01,Điểm thi THPT,2024,15.0,Quản trị kinh doanh
37052,DLH,quan-tri-kinh-doanh,C00,Điểm thi THPT,2024,15.0,Quản trị kinh doanh
37053,DLH,quan-tri-kinh-doanh,D01,Điểm thi THPT,2024,15.0,Quản trị kinh doanh
37054,DLH,quan-tri-kinh-doanh,C03,Điểm học bạ,2025,18.39,Quản trị kinh doanh
37055,DLH,quan-tri-kinh-doanh,C04,Điểm học bạ,2025,18.39,Quản trị kinh doanh
37056,DLH,quan-tri-kinh-doanh,D01,Điểm học bạ,2025,18.39,Quản trị kinh doanh
37057,DLH,quan-tri-kinh-doanh,X01,Điểm học bạ,2025,18.39,Quản trị kinh doanh
37058,DLH,quan-tri-kinh-doanh,X04,Điểm học bạ,2025,18.39,Quản trị kinh doanh
37059,DLH,quan-tri-kinh-doanh,Y09,Điểm học bạ,2025,18.39,Quản trị kinh doanh
37060,DLH,quan-tri-kinh-doanh,C03,Điểm thi THPT,2025,15.0,Quản trị kinh doanh
37061,DLH,quan-tri-kinh-doanh,C04,Điểm thi THPT,2025,15.0,Quản trị kinh doanh
37062,DLH,quan-tri-kinh-doanh,D01,Điểm thi THPT,2025,15.0,Quản trị kinh doanh
37063,DLH,quan-tri-kinh-doanh,X01,Điểm thi THPT,2025,15.0,Quản trị kinh doanh
37064,DLH,quan-tri-kinh-doanh,X04,Điểm thi THPT,2025,15.0,Quản trị kinh doanh
37065,DLH,quan-tri-kinh-doanh,Y09,Điểm thi THPT,2025,15.0,Quản trị kinh doanh
37066,DLH,tai-chinh-ngan-hang,A00,Điểm học bạ,2021,18.0,Tài chính - Ngân hàng
37067,DLH,tai-chinh-ngan-hang,A01,Điểm học bạ,2021,18.0,Tài chính - Ngân hàng
37068,DLH,tai-chinh-ngan-hang,C01,Điểm học bạ,2021,18.0,Tài chính - Ngân hàng
37069,DLH,tai-chinh-ngan-hang,D01,Điểm học bạ,2021,18.0,Tài chính - Ngân hàng
37070,DLH,tai-chinh-ngan-hang,A00,Điểm thi THPT,2021,15.0,Tài chính - Ngân hàng
37071,DLH,tai-chinh-ngan-hang,A01,Điểm thi THPT,2021,15.0,Tài chính - Ngân hàng
37072,DLH,tai-chinh-ngan-hang,C01,Điểm thi THPT,2021,15.0,Tài chính - Ngân hàng
37073,DLH,tai-chinh-ngan-hang,D01,Điểm thi THPT,2021,15.0,Tài chính - Ngân hàng
37074,DLH,tai-chinh-ngan-hang,A00,Điểm học bạ,2022,18.0,Tài chính - Ngân hàng
37075,DLH,tai-chinh-ngan-hang,A01,Điểm học bạ,2022,18.0,Tài chính - Ngân hàng
37076,DLH,tai-chinh-ngan-hang,C01,Điểm học bạ,2022,18.0,Tài chính - Ngân hàng
37077,DLH,tai-chinh-ngan-hang,D01,Điểm học bạ,2022,18.0,Tài chính - Ngân hàng
37078,DLH,tai-chinh-ngan-hang,A00,Điểm thi THPT,2022,15.5,Tài chính - Ngân hàng
37079,DLH,tai-chinh-ngan-hang,A01,Điểm thi THPT,2022,15.5,Tài chính - Ngân hàng
37080,DLH,tai-chinh-ngan-hang,C01,Điểm thi THPT,2022,15.5,Tài chính - Ngân hàng
37081,DLH,tai-chinh-ngan-hang,D01,Điểm thi THPT,2022,15.5,Tài chính - Ngân hàng
37082,DLH,tai-chinh-ngan-hang,A00,Điểm học bạ,2023,18.0,Tài chính - Ngân hàng
37083,DLH,tai-chinh-ngan-hang,A01,Điểm học bạ,2023,18.0,Tài chính - Ngân hàng
37084,DLH,tai-chinh-ngan-hang,C01,Điểm học bạ,2023,18.0,Tài chính - Ngân hàng
37085,DLH,tai-chinh-ngan-hang,D01,Điểm học bạ,2023,18.0,Tài chính - Ngân hàng
37086,DLH,tai-chinh-ngan-hang,A00,Điểm thi THPT,2023,15.15,Tài chính - Ngân hàng
37087,DLH,tai-chinh-ngan-hang,A01,Điểm thi THPT,2023,15.15,Tài chính - Ngân hàng
37088,DLH,tai-chinh-ngan-hang,C01,Điểm thi THPT,2023,15.15,Tài chính - Ngân hàng
37089,DLH,tai-chinh-ngan-hang,D01,Điểm thi THPT,2023,15.15,Tài chính - Ngân hàng
37090,DLH,tai-chinh-ngan-hang,A00,Điểm thi THPT,2024,15.1,Tài chính - Ngân hàng
37091,DLH,tai-chinh-ngan-hang,A01,Điểm thi THPT,2024,15.1,Tài chính - Ngân hàng
37092,DLH,tai-chinh-ngan-hang,C01,Điểm thi THPT,2024,15.1,Tài chính - Ngân hàng
37093,DLH,tai-chinh-ngan-hang,D01,Điểm thi THPT,2024,15.1,Tài chính - Ngân hàng
37094,DLH,tai-chinh-ngan-hang,C03,Điểm học bạ,2025,18.63,Tài chính - Ngân hàng
37095,DLH,tai-chinh-ngan-hang,C04,Điểm học bạ,2025,18.63,Tài chính - Ngân hàng
37096,DLH,tai-chinh-ngan-hang,D01,Điểm học bạ,2025,18.63,Tài chính - Ngân hàng
37097,DLH,tai-chinh-ngan-hang,X01,Điểm học bạ,2025,18.63,Tài chính - Ngân hàng
37098,DLH,tai-chinh-ngan-hang,X04,Điểm học bạ,2025,18.63,Tài chính - Ngân hàng
37099,DLH,tai-chinh-ngan-hang,Y09,Điểm học bạ,2025,18.63,Tài chính - Ngân hàng
37100,DLH,tai-chinh-ngan-hang,C03,Điểm thi THPT,2025,15.0,Tài chính - Ngân hàng
37101,DLH,tai-chinh-ngan-hang,C04,Điểm thi THPT,2025,15.0,Tài chính - Ngân hàng
37102,DLH,tai-chinh-ngan-hang,D01,Điểm thi THPT,2025,15.0,Tài chính - Ngân hàng
37103,DLH,tai-chinh-ngan-hang,X01,Điểm thi THPT,2025,15.0,Tài chính - Ngân hàng
37104,DLH,tai-chinh-ngan-hang,X04,Điểm thi THPT,2025,15.0,Tài chính - Ngân hàng
37105,DLH,tai-chinh-ngan-hang,Y09,Điểm thi THPT,2025,15.0,Tài chính - Ngân hàng
37106,DLH,thuong-mai-dien-tu,A00,Điểm học bạ,2021,18.0,Thương mại điện tử
37107,DLH,thuong-mai-dien-tu,A01,Điểm học bạ,2021,18.0,Thương mại điện tử
37108,DLH,thuong-mai-dien-tu,D01,Điểm học bạ,2021,18.0,Thương mại điện tử
37109,DLH,thuong-mai-dien-tu,D07,Điểm học bạ,2021,18.0,Thương mại điện tử
37110,DLH,thuong-mai-dien-tu,A00,Điểm thi THPT,2021,15.0,Thương mại điện tử
37111,DLH,thuong-mai-dien-tu,A01,Điểm thi THPT,2021,15.0,Thương mại điện tử
37112,DLH,thuong-mai-dien-tu,D01,Điểm thi THPT,2021,15.0,Thương mại điện tử
37113,DLH,thuong-mai-dien-tu,D07,Điểm thi THPT,2021,15.0,Thương mại điện tử
37114,DLH,thuong-mai-dien-tu,A00,Điểm học bạ,2022,18.0,Thương mại điện tử
37115,DLH,thuong-mai-dien-tu,A01,Điểm học bạ,2022,18.0,Thương mại điện tử
37116,DLH,thuong-mai-dien-tu,D01,Điểm học bạ,2022,18.0,Thương mại điện tử
37117,DLH,thuong-mai-dien-tu,D07,Điểm học bạ,2022,18.0,Thương mại điện tử
37118,DLH,thuong-mai-dien-tu,A00,Điểm thi THPT,2022,16.5,Thương mại điện tử
37119,DLH,thuong-mai-dien-tu,A01,Điểm thi THPT,2022,16.5,Thương mại điện tử
37120,DLH,thuong-mai-dien-tu,D01,Điểm thi THPT,2022,16.5,Thương mại điện tử
37121,DLH,thuong-mai-dien-tu,D07,Điểm thi THPT,2022,16.5,Thương mại điện tử
37122,DLH,thuong-mai-dien-tu,A00,Điểm học bạ,2023,18.0,Thương mại điện tử
37123,DLH,thuong-mai-dien-tu,A01,Điểm học bạ,2023,18.0,Thương mại điện tử
37124,DLH,thuong-mai-dien-tu,D01,Điểm học bạ,2023,18.0,Thương mại điện tử
37125,DLH,thuong-mai-dien-tu,D07,Điểm học bạ,2023,18.0,Thương mại điện tử
37126,DLH,thuong-mai-dien-tu,A00,Điểm thi THPT,2023,15.1,Thương mại điện tử
37127,DLH,thuong-mai-dien-tu,A01,Điểm thi THPT,2023,15.1,Thương mại điện tử
37128,DLH,thuong-mai-dien-tu,D01,Điểm thi THPT,2023,15.1,Thương mại điện tử
37129,DLH,thuong-mai-dien-tu,D07,Điểm thi THPT,2023,15.1,Thương mại điện tử
37130,DLH,thuong-mai-dien-tu,A00,Điểm thi THPT,2024,16.4,Thương mại điện tử
37131,DLH,thuong-mai-dien-tu,A01,Điểm thi THPT,2024,16.4,Thương mại điện tử
37132,DLH,thuong-mai-dien-tu,D01,Điểm thi THPT,2024,16.4,Thương mại điện tử
37133,DLH,thuong-mai-dien-tu,D07,Điểm thi THPT,2024,16.4,Thương mại điện tử
37134,DLH,thuong-mai-dien-tu,C03,Điểm học bạ,2025,20.43,Thương mại điện tử
37135,DLH,thuong-mai-dien-tu,C04,Điểm học bạ,2025,20.43,Thương mại điện tử
37136,DLH,thuong-mai-dien-tu,D01,Điểm học bạ,2025,20.43,Thương mại điện tử
37137,DLH,thuong-mai-dien-tu,X01,Điểm học bạ,2025,20.43,Thương mại điện tử
37138,DLH,thuong-mai-dien-tu,X04,Điểm học bạ,2025,20.43,Thương mại điện tử
37139,DLH,thuong-mai-dien-tu,Y09,Điểm học bạ,2025,20.43,Thương mại điện tử
37140,DLH,thuong-mai-dien-tu,C03,Điểm thi THPT,2025,15.1,Thương mại điện tử
37141,DLH,thuong-mai-dien-tu,C04,Điểm thi THPT,2025,15.1,Thương mại điện tử
37142,DLH,thuong-mai-dien-tu,D01,Điểm thi THPT,2025,15.1,Thương mại điện tử
37143,DLH,thuong-mai-dien-tu,X01,Điểm thi THPT,2025,15.1,Thương mại điện tử
37144,DLH,thuong-mai-dien-tu,X04,Điểm thi THPT,2025,15.1,Thương mại điện tử
37145,DLH,thuong-mai-dien-tu,Y09,Điểm thi THPT,2025,15.1,Thương mại điện tử
37146,DLH,tri-tue-nhan-tao,A00,Điểm học bạ,2023,18.0,Trí tuệ nhân tạo
37147,DLH,tri-tue-nhan-tao,A01,Điểm học bạ,2023,18.0,Trí tuệ nhân tạo
37148,DLH,tri-tue-nhan-tao,D01,Điểm học bạ,2023,18.0,Trí tuệ nhân tạo
37149,DLH,tri-tue-nhan-tao,D07,Điểm học bạ,2023,18.0,Trí tuệ nhân tạo
37150,DLH,tri-tue-nhan-tao,A00,Điểm thi THPT,2023,15.2,Trí tuệ nhân tạo
37151,DLH,tri-tue-nhan-tao,A01,Điểm thi THPT,2023,15.2,Trí tuệ nhân tạo
37152,DLH,tri-tue-nhan-tao,D01,Điểm thi THPT,2023,15.2,Trí tuệ nhân tạo
37153,DLH,tri-tue-nhan-tao,D07,Điểm thi THPT,2023,15.2,Trí tuệ nhân tạo
37154,DLH,tri-tue-nhan-tao,A00,Điểm thi THPT,2024,17.2,Trí tuệ nhân tạo
37155,DLH,tri-tue-nhan-tao,A01,Điểm thi THPT,2024,17.2,Trí tuệ nhân tạo
37156,DLH,tri-tue-nhan-tao,D01,Điểm thi THPT,2024,17.2,Trí tuệ nhân tạo
37157,DLH,tri-tue-nhan-tao,D07,Điểm thi THPT,2024,17.2,Trí tuệ nhân tạo
37158,DLH,tri-tue-nhan-tao,A00,Điểm học bạ,2025,18.1,Trí tuệ nhân tạo
37159,DLH,tri-tue-nhan-tao,A03,Điểm học bạ,2025,18.1,Trí tuệ nhân tạo
37160,DLH,tri-tue-nhan-tao,A04,Điểm học bạ,2025,18.1,Trí tuệ nhân tạo
37161,DLH,tri-tue-nhan-tao,C01,Điểm học bạ,2025,18.1,Trí tuệ nhân tạo
37162,DLH,tri-tue-nhan-tao,D01,Điểm học bạ,2025,18.1,Trí tuệ nhân tạo
37163,DLH,tri-tue-nhan-tao,X04,Điểm học bạ,2025,18.1,Trí tuệ nhân tạo
37164,DLH,tri-tue-nhan-tao,A00,Điểm thi THPT,2025,16.5,Trí tuệ nhân tạo
37165,DLH,tri-tue-nhan-tao,A03,Điểm thi THPT,2025,16.5,Trí tuệ nhân tạo
37166,DLH,tri-tue-nhan-tao,A04,Điểm thi THPT,2025,16.5,Trí tuệ nhân tạo
37167,DLH,tri-tue-nhan-tao,C01,Điểm thi THPT,2025,16.5,Trí tuệ nhân tạo
37168,DLH,tri-tue-nhan-tao,D01,Điểm thi THPT,2025,16.5,Trí tuệ nhân tạo
37169,DLH,tri-tue-nhan-tao,X04,Điểm thi THPT,2025,16.5,Trí tuệ nhân tạo
37170,DLH,truyen-thong-da-phuong-tien,A00,Điểm học bạ,2023,18.0,Truyền thông Đa phương tiện
37171,DLH,truyen-thong-da-phuong-tien,A01,Điểm học bạ,2023,18.0,Truyền thông Đa phương tiện
37172,DLH,truyen-thong-da-phuong-tien,D01,Điểm học bạ,2023,18.0,Truyền thông Đa phương tiện
37173,DLH,truyen-thong-da-phuong-tien,D07,Điểm học bạ,2023,18.0,Truyền thông Đa phương tiện
37174,DLH,truyen-thong-da-phuong-tien,A00,Điểm thi THPT,2023,15.75,Truyền thông Đa phương tiện
37175,DLH,truyen-thong-da-phuong-tien,A01,Điểm thi THPT,2023,15.75,Truyền thông Đa phương tiện
37176,DLH,truyen-thong-da-phuong-tien,D01,Điểm thi THPT,2023,15.75,Truyền thông Đa phương tiện
37177,DLH,truyen-thong-da-phuong-tien,D07,Điểm thi THPT,2023,15.75,Truyền thông Đa phương tiện
37178,DLH,truyen-thong-da-phuong-tien,A00,Điểm thi THPT,2024,15.45,Truyền thông đa phương tiện
37179,DLH,truyen-thong-da-phuong-tien,A01,Điểm thi THPT,2024,15.45,Truyền thông đa phương tiện
37180,DLH,truyen-thong-da-phuong-tien,D01,Điểm thi THPT,2024,15.45,Truyền thông đa phương tiện
37181,DLH,truyen-thong-da-phuong-tien,D07,Điểm thi THPT,2024,15.45,Truyền thông đa phương tiện
37182,DLH,truyen-thong-da-phuong-tien,C00,Điểm học bạ,2025,18.21,Truyền thông đa phương tiện
37183,DLH,truyen-thong-da-phuong-tien,C03,Điểm học bạ,2025,18.21,Truyền thông đa phương tiện
37184,DLH,truyen-thong-da-phuong-tien,C04,Điểm học bạ,2025,18.21,Truyền thông đa phương tiện
37185,DLH,truyen-thong-da-phuong-tien,D01,Điểm học bạ,2025,18.21,Truyền thông đa phương tiện
37186,DLH,truyen-thong-da-phuong-tien,X01,Điểm học bạ,2025,18.21,Truyền thông đa phương tiện
37187,DLH,truyen-thong-da-phuong-tien,X04,Điểm học bạ,2025,18.21,Truyền thông đa phương tiện
37188,DLH,truyen-thong-da-phuong-tien,C00,Điểm thi THPT,2025,15.1,Truyền thông đa phương tiện
37189,DLH,truyen-thong-da-phuong-tien,C03,Điểm thi THPT,2025,15.1,Truyền thông đa phương tiện
37190,DLH,truyen-thong-da-phuong-tien,C04,Điểm thi THPT,2025,15.1,Truyền thông đa phương tiện
37191,DLH,truyen-thong-da-phuong-tien,D01,Điểm thi THPT,2025,15.1,Truyền thông đa phương tiện
37192,DLH,truyen-thong-da-phuong-tien,X01,Điểm thi THPT,2025,15.1,Truyền thông đa phương tiện
37193,DLH,truyen-thong-da-phuong-tien,X04,Điểm thi THPT,2025,15.1,Truyền thông đa phương tiện
37194,DLS,bao-hiem,A00,Điểm thi THPT,2021,15.0,Bảo hiểm
37195,DLS,bao-hiem,A01,Điểm thi THPT,2021,15.0,Bảo hiểm
37196,DLS,bao-hiem,D01,Điểm thi THPT,2021,15.0,Bảo hiểm
37197,DLS,bao-hiem-tai-chinh,A00,Điểm học bạ,2022,18.0,bảo hiểm - Tài chính
37198,DLS,bao-hiem-tai-chinh,A01,Điểm học bạ,2022,18.0,bảo hiểm - Tài chính
37199,DLS,bao-hiem-tai-chinh,D01,Điểm học bạ,2022,18.0,bảo hiểm - Tài chính
37200,DLS,bao-hiem-tai-chinh,A00,Điểm thi THPT,2022,17.5,bảo hiểm - Tài chính
37201,DLS,bao-hiem-tai-chinh,A01,Điểm thi THPT,2022,17.5,bảo hiểm - Tài chính
37202,DLS,bao-hiem-tai-chinh,D01,Điểm thi THPT,2022,17.5,bảo hiểm - Tài chính
37203,DLS,bao-hiem-tai-chinh,A00,Điểm học bạ,2023,19.5,Bảo hiểm - Tài chính
37204,DLS,bao-hiem-tai-chinh,A01,Điểm học bạ,2023,19.5,Bảo hiểm - Tài chính
37205,DLS,bao-hiem-tai-chinh,D01,Điểm học bạ,2023,19.5,Bảo hiểm - Tài chính
37206,DLS,bao-hiem-tai-chinh,A00,Điểm thi THPT,2023,19.5,Bảo hiểm - Tài chính
37207,DLS,bao-hiem-tai-chinh,A01,Điểm thi THPT,2023,19.5,Bảo hiểm - Tài chính
37208,DLS,bao-hiem-tai-chinh,D01,Điểm thi THPT,2023,19.5,Bảo hiểm - Tài chính
37209,DLS,bao-hiem-tai-chinh,A00,Điểm học bạ,2024,18.0,Bảo hiểm - Tài chính
37210,DLS,bao-hiem-tai-chinh,A01,Điểm học bạ,2024,18.0,Bảo hiểm - Tài chính
37211,DLS,bao-hiem-tai-chinh,D01,Điểm học bạ,2024,18.0,Bảo hiểm - Tài chính
37212,DLS,bao-hiem-tai-chinh,A00,Điểm thi THPT,2024,20.0,Bảo hiểm - Tài chính
37213,DLS,bao-hiem-tai-chinh,A01,Điểm thi THPT,2024,20.0,Bảo hiểm - Tài chính
37214,DLS,bao-hiem-tai-chinh,D01,Điểm thi THPT,2024,20.0,Bảo hiểm - Tài chính
37215,DLS,bao-hiem-tai-chinh,A00,Điểm thi THPT,2025,14.0,Bảo hiểm - Tài chính
37216,DLS,bao-hiem-tai-chinh,A01,Điểm thi THPT,2025,14.0,Bảo hiểm - Tài chính
37217,DLS,bao-hiem-tai-chinh,D01,Điểm thi THPT,2025,14.0,Bảo hiểm - Tài chính
37218,DLS,cong-tac-xa-hoi,A00,Điểm thi THPT,2021,19.5,Công tác xã hội
37219,DLS,cong-tac-xa-hoi,A01,Điểm thi THPT,2021,19.5,Công tác xã hội
37220,DLS,cong-tac-xa-hoi,C00,Điểm thi THPT,2021,19.5,Công tác xã hội
37221,DLS,cong-tac-xa-hoi,D01,Điểm thi THPT,2021,19.5,Công tác xã hội
37222,DLS,cong-tac-xa-hoi,A00,Điểm học bạ,2022,20.0,Công tác xã hội
37223,DLS,cong-tac-xa-hoi,A01,Điểm học bạ,2022,20.0,Công tác xã hội
37224,DLS,cong-tac-xa-hoi,C00,Điểm học bạ,2022,20.0,Công tác xã hội
37225,DLS,cong-tac-xa-hoi,D01,Điểm học bạ,2022,20.0,Công tác xã hội
37226,DLS,cong-tac-xa-hoi,A00,Điểm thi THPT,2022,21.0,Công tác xã hội
37227,DLS,cong-tac-xa-hoi,A01,Điểm thi THPT,2022,21.0,Công tác xã hội
37228,DLS,cong-tac-xa-hoi,C00,Điểm thi THPT,2022,21.0,Công tác xã hội
37229,DLS,cong-tac-xa-hoi,D01,Điểm thi THPT,2022,21.0,Công tác xã hội
37230,DLS,cong-tac-xa-hoi,A00,Điểm học bạ,2023,21.25,Công tác xã hội
37231,DLS,cong-tac-xa-hoi,A01,Điểm học bạ,2023,21.25,Công tác xã hội
37232,DLS,cong-tac-xa-hoi,C00,Điểm học bạ,2023,21.25,Công tác xã hội
37233,DLS,cong-tac-xa-hoi,D01,Điểm học bạ,2023,21.25,Công tác xã hội
37234,DLS,cong-tac-xa-hoi,A00,Điểm thi THPT,2023,21.25,Công tác xã hội
37235,DLS,cong-tac-xa-hoi,A01,Điểm thi THPT,2023,21.25,Công tác xã hội
37236,DLS,cong-tac-xa-hoi,C00,Điểm thi THPT,2023,21.25,Công tác xã hội
37237,DLS,cong-tac-xa-hoi,D01,Điểm thi THPT,2023,21.25,Công tác xã hội
37238,DLS,cong-tac-xa-hoi,A00,Điểm học bạ,2024,23.3,Công tác xã hội
37239,DLS,cong-tac-xa-hoi,A01,Điểm học bạ,2024,23.3,Công tác xã hội
37240,DLS,cong-tac-xa-hoi,C00,Điểm học bạ,2024,23.3,Công tác xã hội
37241,DLS,cong-tac-xa-hoi,D01,Điểm học bạ,2024,23.3,Công tác xã hội
37242,DLS,cong-tac-xa-hoi,A00,Điểm thi THPT,2024,23.5,Công tác xã hội
37243,DLS,cong-tac-xa-hoi,A01,Điểm thi THPT,2024,23.5,Công tác xã hội
37244,DLS,cong-tac-xa-hoi,C00,Điểm thi THPT,2024,23.5,Công tác xã hội
37245,DLS,cong-tac-xa-hoi,D01,Điểm thi THPT,2024,23.5,Công tác xã hội
37246,DLS,cong-tac-xa-hoi,A00,Điểm thi THPT,2025,21.25,Công tác xã hội
37247,DLS,cong-tac-xa-hoi,A01,Điểm thi THPT,2025,21.25,Công tác xã hội
37248,DLS,cong-tac-xa-hoi,C00,Điểm thi THPT,2025,22.75,Công tác xã hội
37249,DLS,cong-tac-xa-hoi,D01,Điểm thi THPT,2025,21.25,Công tác xã hội
37250,DLS,he-thong-thong-ti-quan-ly,A00,Điểm học bạ,2023,20.5,Hệ thống thông ti quản lý
37251,DLS,he-thong-thong-ti-quan-ly,A01,Điểm học bạ,2023,20.5,Hệ thống thông ti quản lý
37252,DLS,he-thong-thong-ti-quan-ly,D01,Điểm học bạ,2023,20.5,Hệ thống thông ti quản lý
37253,DLS,he-thong-thong-ti-quan-ly,A00,Điểm thi THPT,2023,20.85,Hệ thống thông ti quản lý
37254,DLS,he-thong-thong-ti-quan-ly,A01,Điểm thi THPT,2023,20.85,Hệ thống thông ti quản lý
37255,DLS,he-thong-thong-ti-quan-ly,D01,Điểm thi THPT,2023,20.85,Hệ thống thông ti quản lý
37256,DLS,he-thong-thong-tin-quan-ly,A00,Điểm thi THPT,2021,16.0,Hệ thống thông tin quản lý
37257,DLS,he-thong-thong-tin-quan-ly,A01,Điểm thi THPT,2021,16.0,Hệ thống thông tin quản lý
37258,DLS,he-thong-thong-tin-quan-ly,D01,Điểm thi THPT,2021,16.0,Hệ thống thông tin quản lý
37259,DLS,he-thong-thong-tin-quan-ly,A00,Điểm học bạ,2022,20.0,Hệ thống thông tin quản lý
37260,DLS,he-thong-thong-tin-quan-ly,A01,Điểm học bạ,2022,20.0,Hệ thống thông tin quản lý
37261,DLS,he-thong-thong-tin-quan-ly,D01,Điểm học bạ,2022,20.0,Hệ thống thông tin quản lý
37262,DLS,he-thong-thong-tin-quan-ly,A00,Điểm thi THPT,2022,20.6,Hệ thống thông tin quản lý
37263,DLS,he-thong-thong-tin-quan-ly,A01,Điểm thi THPT,2022,20.6,Hệ thống thông tin quản lý
37264,DLS,he-thong-thong-tin-quan-ly,D01,Điểm thi THPT,2022,20.6,Hệ thống thông tin quản lý
37265,DLS,he-thong-thong-tin-quan-ly,A00,Điểm học bạ,2024,18.0,Hệ thống thông tin quản lý
37266,DLS,he-thong-thong-tin-quan-ly,A01,Điểm học bạ,2024,18.0,Hệ thống thông tin quản lý
37267,DLS,he-thong-thong-tin-quan-ly,D01,Điểm học bạ,2024,18.0,Hệ thống thông tin quản lý
37268,DLS,he-thong-thong-tin-quan-ly,A00,Điểm thi THPT,2024,20.0,Hệ thống thông tin quản lý
37269,DLS,he-thong-thong-tin-quan-ly,A01,Điểm thi THPT,2024,20.0,Hệ thống thông tin quản lý
37270,DLS,he-thong-thong-tin-quan-ly,D01,Điểm thi THPT,2024,20.0,Hệ thống thông tin quản lý
37271,DLS,he-thong-thong-tin-quan-ly,A00,Điểm thi THPT,2025,14.0,Hệ thống thông tin quản lý
37272,DLS,he-thong-thong-tin-quan-ly,A01,Điểm thi THPT,2025,14.0,Hệ thống thông tin quản lý
37273,DLS,he-thong-thong-tin-quan-ly,D01,Điểm thi THPT,2025,14.0,Hệ thống thông tin quản lý
37274,DLS,ke-toan,A00,Điểm thi THPT,2021,22.0,Kế toán
37275,DLS,ke-toan,A01,Điểm thi THPT,2021,22.0,Kế toán
37276,DLS,ke-toan,D01,Điểm thi THPT,2021,22.0,Kế toán
37277,DLS,ke-toan,A00,Điểm học bạ,2022,22.25,Kế toán
37278,DLS,ke-toan,A01,Điểm học bạ,2022,22.25,Kế toán
37279,DLS,ke-toan,D01,Điểm học bạ,2022,22.25,Kế toán
37280,DLS,ke-toan,A00,Điểm thi THPT,2022,22.0,Kế toán
37281,DLS,ke-toan,A01,Điểm thi THPT,2022,22.0,Kế toán
37282,DLS,ke-toan,D01,Điểm thi THPT,2022,22.0,Kế toán
37283,DLS,ke-toan,A00,Điểm học bạ,2023,21.15,Kế toán
37284,DLS,ke-toan,A01,Điểm học bạ,2023,21.15,Kế toán
37285,DLS,ke-toan,D01,Điểm học bạ,2023,21.15,Kế toán
37286,DLS,ke-toan,A00,Điểm thi THPT,2023,21.25,Kế toán
37287,DLS,ke-toan,A01,Điểm thi THPT,2023,21.25,Kế toán
37288,DLS,ke-toan,D01,Điểm thi THPT,2023,21.25,Kế toán
37289,DLS,ke-toan,A00,Điểm học bạ,2024,21.9,Kế toán
37290,DLS,ke-toan,A01,Điểm học bạ,2024,21.9,Kế toán
37291,DLS,ke-toan,D01,Điểm học bạ,2024,21.9,Kế toán
37292,DLS,ke-toan,A00,Điểm thi THPT,2024,21.9,Kế toán
37293,DLS,ke-toan,A01,Điểm thi THPT,2024,21.9,Kế toán
37294,DLS,ke-toan,D01,Điểm thi THPT,2024,21.9,Kế toán
37295,DLS,ke-toan,A00,Điểm thi THPT,2025,14.0,Kế toán
37296,DLS,ke-toan,A01,Điểm thi THPT,2025,14.0,Kế toán
37297,DLS,ke-toan,D01,Điểm thi THPT,2025,14.0,Kế toán
37298,DLS,kinh-te,A00,Điểm thi THPT,2021,19.0,Kinh tế
37299,DLS,kinh-te,A01,Điểm thi THPT,2021,19.0,Kinh tế
37300,DLS,kinh-te,D01,Điểm thi THPT,2021,19.0,Kinh tế
37301,DLS,kinh-te,A00,Điểm học bạ,2022,22.0,Kinh tế
37302,DLS,kinh-te,A01,Điểm học bạ,2022,22.0,Kinh tế
37303,DLS,kinh-te,D01,Điểm học bạ,2022,22.0,Kinh tế
37304,DLS,kinh-te,A00,Điểm thi THPT,2022,22.0,Kinh tế
37305,DLS,kinh-te,A01,Điểm thi THPT,2022,22.0,Kinh tế
37306,DLS,kinh-te,D01,Điểm thi THPT,2022,22.0,Kinh tế
37307,DLS,kinh-te,A00,Điểm học bạ,2023,18.0,Kinh tế
37308,DLS,kinh-te,A01,Điểm học bạ,2023,18.0,Kinh tế
37309,DLS,kinh-te,D01,Điểm học bạ,2023,18.0,Kinh tế
37310,DLS,kinh-te,A00,Điểm thi THPT,2023,17.0,Kinh tế
37311,DLS,kinh-te,A01,Điểm thi THPT,2023,17.0,Kinh tế
37312,DLS,kinh-te,D01,Điểm thi THPT,2023,17.0,Kinh tế
37313,DLS,kinh-te,A00,Điểm học bạ,2024,22.25,Kinh tế
37314,DLS,kinh-te,A01,Điểm học bạ,2024,22.25,Kinh tế
37315,DLS,kinh-te,D01,Điểm học bạ,2024,22.25,Kinh tế
37316,DLS,kinh-te,A00,Điểm thi THPT,2024,21.6,Kinh tế
37317,DLS,kinh-te,A01,Điểm thi THPT,2024,21.6,Kinh tế
37318,DLS,kinh-te,D01,Điểm thi THPT,2024,21.6,Kinh tế
37319,DLS,kinh-te,A00,Điểm thi THPT,2025,14.0,Kinh tế
37320,DLS,kinh-te,A01,Điểm thi THPT,2025,14.0,Kinh tế
37321,DLS,kinh-te,D01,Điểm thi THPT,2025,14.0,Kinh tế
37322,DLS,luat-kinh-te,A00,Điểm thi THPT,2021,21.0,Luật kinh tế
37323,DLS,luat-kinh-te,A01,Điểm thi THPT,2021,21.0,Luật kinh tế
37324,DLS,luat-kinh-te,D01,Điểm thi THPT,2021,21.0,Luật kinh tế
37325,DLS,luat-kinh-te,A00,Điểm học bạ,2022,21.5,Luật kinh tế
37326,DLS,luat-kinh-te,A01,Điểm học bạ,2022,21.5,Luật kinh tế
37327,DLS,luat-kinh-te,D01,Điểm học bạ,2022,21.5,Luật kinh tế
37328,DLS,luat-kinh-te,A00,Điểm thi THPT,2022,22.25,Luật kinh tế
37329,DLS,luat-kinh-te,A01,Điểm thi THPT,2022,22.25,Luật kinh tế
37330,DLS,luat-kinh-te,D01,Điểm thi THPT,2022,22.25,Luật kinh tế
37331,DLS,luat-kinh-te,A00,Điểm học bạ,2023,21.75,Luật kinh tế
37332,DLS,luat-kinh-te,A01,Điểm học bạ,2023,21.75,Luật kinh tế
37333,DLS,luat-kinh-te,D01,Điểm học bạ,2023,21.75,Luật kinh tế
37334,DLS,luat-kinh-te,A00,Điểm thi THPT,2023,21.5,Luật kinh tế
37335,DLS,luat-kinh-te,A01,Điểm thi THPT,2023,21.5,Luật kinh tế
37336,DLS,luat-kinh-te,D01,Điểm thi THPT,2023,21.5,Luật kinh tế
37337,DLS,luat-kinh-te,A00,Điểm học bạ,2024,21.5,Luật kinh tế
37338,DLS,luat-kinh-te,A01,Điểm học bạ,2024,21.5,Luật kinh tế
37339,DLS,luat-kinh-te,D01,Điểm học bạ,2024,21.5,Luật kinh tế
37340,DLS,luat-kinh-te,A00,Điểm thi THPT,2024,21.75,Luật kinh tế
37341,DLS,luat-kinh-te,A01,Điểm thi THPT,2024,21.75,Luật kinh tế
37342,DLS,luat-kinh-te,D01,Điểm thi THPT,2024,21.75,Luật kinh tế
37343,DLS,luat-kinh-te,A00,Điểm thi THPT,2025,18.0,Luật kinh tế
37344,DLS,luat-kinh-te,A01,Điểm thi THPT,2025,18.0,Luật kinh tế
37345,DLS,luat-kinh-te,D01,Điểm thi THPT,2025,18.0,Luật kinh tế
37346,DLS,ngon-ngu-anh,A01,Điểm học bạ,2023,18.0,Ngôn ngữ Anh
37347,DLS,ngon-ngu-anh,D01,Điểm học bạ,2023,18.0,Ngôn ngữ Anh
37348,DLS,ngon-ngu-anh,D07,Điểm học bạ,2023,18.0,Ngôn ngữ Anh
37349,DLS,ngon-ngu-anh,D14,Điểm học bạ,2023,18.0,Ngôn ngữ Anh
37350,DLS,ngon-ngu-anh,A01,Điểm thi THPT,2023,17.0,Ngôn ngữ Anh
37351,DLS,ngon-ngu-anh,D01,Điểm thi THPT,2023,17.0,Ngôn ngữ Anh
37352,DLS,ngon-ngu-anh,D07,Điểm thi THPT,2023,17.0,Ngôn ngữ Anh
37353,DLS,ngon-ngu-anh,D14,Điểm thi THPT,2023,17.0,Ngôn ngữ Anh
37354,DLS,ngon-ngu-anh,A01,Điểm học bạ,2024,24.0,Ngôn ngữ Anh
37355,DLS,ngon-ngu-anh,D01,Điểm học bạ,2024,24.0,Ngôn ngữ Anh
37356,DLS,ngon-ngu-anh,D07,Điểm học bạ,2024,24.0,Ngôn ngữ Anh
37357,DLS,ngon-ngu-anh,D14,Điểm học bạ,2024,24.0,Ngôn ngữ Anh
37358,DLS,ngon-ngu-anh,A01,Điểm thi THPT,2024,23.0,Ngôn ngữ Anh
37359,DLS,ngon-ngu-anh,D01,Điểm thi THPT,2024,23.0,Ngôn ngữ Anh
37360,DLS,ngon-ngu-anh,D07,Điểm thi THPT,2024,23.0,Ngôn ngữ Anh
37361,DLS,ngon-ngu-anh,D14,Điểm thi THPT,2024,23.0,Ngôn ngữ Anh
37362,DLS,ngon-ngu-anh,A01,Điểm thi THPT,2025,18.0,Ngôn ngữ Anh
37363,DLS,ngon-ngu-anh,D01,Điểm thi THPT,2025,18.0,Ngôn ngữ Anh
37364,DLS,ngon-ngu-anh,D07,Điểm thi THPT,2025,18.0,Ngôn ngữ Anh
37365,DLS,ngon-ngu-anh,D14,Điểm thi THPT,2025,18.5,Ngôn ngữ Anh
37366,DLS,quan-tri-kinh-doanh,A00,Điểm thi THPT,2021,22.75,Quản trị kinh doanh
37367,DLS,quan-tri-kinh-doanh,A01,Điểm thi THPT,2021,22.75,Quản trị kinh doanh
37368,DLS,quan-tri-kinh-doanh,D01,Điểm thi THPT,2021,22.75,Quản trị kinh doanh
37369,DLS,quan-tri-kinh-doanh,A00,Điểm học bạ,2022,21.5,Quản trị kinh doanh
37370,DLS,quan-tri-kinh-doanh,A01,Điểm học bạ,2022,21.5,Quản trị kinh doanh
37371,DLS,quan-tri-kinh-doanh,D01,Điểm học bạ,2022,21.5,Quản trị kinh doanh
37372,DLS,quan-tri-kinh-doanh,A00,Điểm thi THPT,2022,21.5,Quản trị kinh doanh
37373,DLS,quan-tri-kinh-doanh,A01,Điểm thi THPT,2022,21.5,Quản trị kinh doanh
37374,DLS,quan-tri-kinh-doanh,D01,Điểm thi THPT,2022,21.5,Quản trị kinh doanh
37375,DLS,quan-tri-kinh-doanh,A00,Điểm học bạ,2023,22.15,Quản trị kinh doanh
37376,DLS,quan-tri-kinh-doanh,A01,Điểm học bạ,2023,22.15,Quản trị kinh doanh
37377,DLS,quan-tri-kinh-doanh,D01,Điểm học bạ,2023,22.15,Quản trị kinh doanh
37378,DLS,quan-tri-kinh-doanh,A00,Điểm thi THPT,2023,21.25,Quản trị kinh doanh
37379,DLS,quan-tri-kinh-doanh,A01,Điểm thi THPT,2023,21.25,Quản trị kinh doanh
37380,DLS,quan-tri-kinh-doanh,D01,Điểm thi THPT,2023,21.25,Quản trị kinh doanh
37381,DLS,quan-tri-kinh-doanh,A00,Điểm học bạ,2024,19.5,Quản trị kinh doanh
37382,DLS,quan-tri-kinh-doanh,A01,Điểm học bạ,2024,19.5,Quản trị kinh doanh
37383,DLS,quan-tri-kinh-doanh,D01,Điểm học bạ,2024,19.5,Quản trị kinh doanh
37384,DLS,quan-tri-kinh-doanh,A00,Điểm thi THPT,2024,20.75,Quản trị kinh doanh
37385,DLS,quan-tri-kinh-doanh,A01,Điểm thi THPT,2024,20.75,Quản trị kinh doanh
37386,DLS,quan-tri-kinh-doanh,D01,Điểm thi THPT,2024,20.75,Quản trị kinh doanh
37387,DLS,quan-tri-kinh-doanh,A00,Điểm thi THPT,2025,14.0,Quản trị kinh doanh
37388,DLS,quan-tri-kinh-doanh,A01,Điểm thi THPT,2025,14.0,Quản trị kinh doanh
37389,DLS,quan-tri-kinh-doanh,D01,Điểm thi THPT,2025,14.0,Quản trị kinh doanh
37390,DLS,quan-tri-nhan-luc,A00,Điểm thi THPT,2021,23.5,Quản trị nhân lực
37391,DLS,quan-tri-nhan-luc,A01,Điểm thi THPT,2021,23.5,Quản trị nhân lực
37392,DLS,quan-tri-nhan-luc,D01,Điểm thi THPT,2021,23.5,Quản trị nhân lực
37393,DLS,quan-tri-nhan-luc,A00,Điểm học bạ,2022,24.4,Quản trị nhân lực
37394,DLS,quan-tri-nhan-luc,A01,Điểm học bạ,2022,24.4,Quản trị nhân lực
37395,DLS,quan-tri-nhan-luc,D01,Điểm học bạ,2022,24.4,Quản trị nhân lực
37396,DLS,quan-tri-nhan-luc,A00,Điểm thi THPT,2022,23.25,Quản trị nhân lực
37397,DLS,quan-tri-nhan-luc,A01,Điểm thi THPT,2022,23.25,Quản trị nhân lực
37398,DLS,quan-tri-nhan-luc,D01,Điểm thi THPT,2022,23.25,Quản trị nhân lực
37399,DLS,quan-tri-nhan-luc,A00,Điểm học bạ,2023,23.65,Quản trị nhân lực
37400,DLS,quan-tri-nhan-luc,A01,Điểm học bạ,2023,23.65,Quản trị nhân lực
37401,DLS,quan-tri-nhan-luc,D01,Điểm học bạ,2023,23.65,Quản trị nhân lực
37402,DLS,quan-tri-nhan-luc,A00,Điểm thi THPT,2023,22.75,Quản trị nhân lực
37403,DLS,quan-tri-nhan-luc,A01,Điểm thi THPT,2023,22.75,Quản trị nhân lực
37404,DLS,quan-tri-nhan-luc,D01,Điểm thi THPT,2023,22.75,Quản trị nhân lực
37405,DLS,quan-tri-nhan-luc,A00,Điểm học bạ,2024,24.25,Quản trị nhân lực
37406,DLS,quan-tri-nhan-luc,A01,Điểm học bạ,2024,24.25,Quản trị nhân lực
37407,DLS,quan-tri-nhan-luc,D01,Điểm học bạ,2024,24.25,Quản trị nhân lực
37408,DLS,quan-tri-nhan-luc,A00,Điểm thi THPT,2024,23.0,Quản trị nhân lực
37409,DLS,quan-tri-nhan-luc,A01,Điểm thi THPT,2024,23.0,Quản trị nhân lực
37410,DLS,quan-tri-nhan-luc,D01,Điểm thi THPT,2024,23.0,Quản trị nhân lực
37411,DLS,quan-tri-nhan-luc,A00,Điểm thi THPT,2025,16.5,Quản trị nhân lực
37412,DLS,quan-tri-nhan-luc,A01,Điểm thi THPT,2025,16.5,Quản trị nhân lực
37413,DLS,quan-tri-nhan-luc,D01,Điểm thi THPT,2025,16.5,Quản trị nhân lực
37414,DLS,tai-chinh-ngan-hang,A00,Điểm thi THPT,2021,21.5,Tài chính ngân hàng
37415,DLS,tai-chinh-ngan-hang,A01,Điểm thi THPT,2021,21.5,Tài chính ngân hàng
37416,DLS,tai-chinh-ngan-hang,D01,Điểm thi THPT,2021,21.5,Tài chính ngân hàng
37417,DLS,tai-chinh-ngan-hang,A00,Điểm học bạ,2022,22.25,Tài chính ngân hàng
37418,DLS,tai-chinh-ngan-hang,A01,Điểm học bạ,2022,22.25,Tài chính ngân hàng
37419,DLS,tai-chinh-ngan-hang,D01,Điểm học bạ,2022,22.25,Tài chính ngân hàng
37420,DLS,tai-chinh-ngan-hang,A00,Điểm thi THPT,2022,22.0,Tài chính ngân hàng
37421,DLS,tai-chinh-ngan-hang,A01,Điểm thi THPT,2022,22.0,Tài chính ngân hàng
37422,DLS,tai-chinh-ngan-hang,D01,Điểm thi THPT,2022,22.0,Tài chính ngân hàng
37423,DLS,tai-chinh-ngan-hang,A00,Điểm học bạ,2023,22.25,Tài chính - Ngân hàng
37424,DLS,tai-chinh-ngan-hang,A01,Điểm học bạ,2023,22.25,Tài chính - Ngân hàng
37425,DLS,tai-chinh-ngan-hang,D01,Điểm học bạ,2023,22.25,Tài chính - Ngân hàng
37426,DLS,tai-chinh-ngan-hang,A00,Điểm thi THPT,2023,21.75,Tài chính - Ngân hàng
37427,DLS,tai-chinh-ngan-hang,A01,Điểm thi THPT,2023,21.75,Tài chính - Ngân hàng
37428,DLS,tai-chinh-ngan-hang,D01,Điểm thi THPT,2023,21.75,Tài chính - Ngân hàng
37429,DLS,tai-chinh-ngan-hang,A00,Điểm học bạ,2024,23.15,Tài chính - Ngân hàng
37430,DLS,tai-chinh-ngan-hang,A01,Điểm học bạ,2024,23.15,Tài chính - Ngân hàng
37431,DLS,tai-chinh-ngan-hang,D01,Điểm học bạ,2024,23.15,Tài chính - Ngân hàng
37432,DLS,tai-chinh-ngan-hang,A00,Điểm thi THPT,2024,22.6,Tài chính - Ngân hàng
37433,DLS,tai-chinh-ngan-hang,A01,Điểm thi THPT,2024,22.6,Tài chính - Ngân hàng
37434,DLS,tai-chinh-ngan-hang,D01,Điểm thi THPT,2024,22.6,Tài chính - Ngân hàng
37435,DLS,tai-chinh-ngan-hang,A00,Điểm thi THPT,2025,14.0,Tài chính - Ngân hàng
37436,DLS,tai-chinh-ngan-hang,A01,Điểm thi THPT,2025,14.0,Tài chính - Ngân hàng
37437,DLS,tai-chinh-ngan-hang,D01,Điểm thi THPT,2025,14.0,Tài chính - Ngân hàng
37438,DLS,tam-ly-hoc,A00,Điểm thi THPT,2021,22.5,Tâm lý học
37439,DLS,tam-ly-hoc,A01,Điểm thi THPT,2021,22.5,Tâm lý học
37440,DLS,tam-ly-hoc,C00,Điểm thi THPT,2021,22.5,Tâm lý học
37441,DLS,tam-ly-hoc,D01,Điểm thi THPT,2021,22.5,Tâm lý học
37442,DLS,tam-ly-hoc,A00,Điểm học bạ,2022,24.25,Tâm lý học
37443,DLS,tam-ly-hoc,A01,Điểm học bạ,2022,24.25,Tâm lý học
37444,DLS,tam-ly-hoc,C00,Điểm học bạ,2022,24.25,Tâm lý học
37445,DLS,tam-ly-hoc,D01,Điểm học bạ,2022,24.25,Tâm lý học
37446,DLS,tam-ly-hoc,A00,Điểm thi THPT,2022,24.25,Tâm lý học
37447,DLS,tam-ly-hoc,A01,Điểm thi THPT,2022,24.25,Tâm lý học
37448,DLS,tam-ly-hoc,C00,Điểm thi THPT,2022,24.25,Tâm lý học
37449,DLS,tam-ly-hoc,D01,Điểm thi THPT,2022,24.25,Tâm lý học
37450,DLS,tam-ly-hoc,A00,Điểm học bạ,2023,25.5,Tâm lý học
37451,DLS,tam-ly-hoc,A01,Điểm học bạ,2023,25.5,Tâm lý học
37452,DLS,tam-ly-hoc,C00,Điểm học bạ,2023,25.5,Tâm lý học
37453,DLS,tam-ly-hoc,D01,Điểm học bạ,2023,25.5,Tâm lý học
37454,DLS,tam-ly-hoc,A00,Điểm thi THPT,2023,24.6,Tâm lý học
37455,DLS,tam-ly-hoc,A01,Điểm thi THPT,2023,24.6,Tâm lý học
37456,DLS,tam-ly-hoc,C00,Điểm thi THPT,2023,24.6,Tâm lý học
37457,DLS,tam-ly-hoc,D01,Điểm thi THPT,2023,24.6,Tâm lý học
37458,DLS,tam-ly-hoc,A00,Điểm học bạ,2024,26.0,Tâm lý học
37459,DLS,tam-ly-hoc,A01,Điểm học bạ,2024,26.0,Tâm lý học
37460,DLS,tam-ly-hoc,C00,Điểm học bạ,2024,26.0,Tâm lý học
37461,DLS,tam-ly-hoc,D01,Điểm học bạ,2024,26.0,Tâm lý học
37462,DLS,tam-ly-hoc,A00,Điểm thi THPT,2024,25.8,Tâm lý học
37463,DLS,tam-ly-hoc,A01,Điểm thi THPT,2024,25.8,Tâm lý học
37464,DLS,tam-ly-hoc,C00,Điểm thi THPT,2024,25.8,Tâm lý học
37465,DLS,tam-ly-hoc,D01,Điểm thi THPT,2024,25.8,Tâm lý học
37466,DLS,tam-ly-hoc,A00,Điểm thi THPT,2025,23.25,Tâm lý học
37467,DLS,tam-ly-hoc,A01,Điểm thi THPT,2025,23.25,Tâm lý học
37468,DLS,tam-ly-hoc,C00,Điểm thi THPT,2025,24.75,Tâm lý học
37469,DLS,tam-ly-hoc,D01,Điểm thi THPT,2025,23.25,Tâm lý học
37470,DLX,bao-hiem,A00,Điểm thi THPT,2021,14.0,Bảo hiểm
37471,DLX,bao-hiem,A01,Điểm thi THPT,2021,14.0,Bảo hiểm
37472,DLX,bao-hiem,D01,Điểm thi THPT,2021,14.0,Bảo hiểm
37473,DLX,bao-hiem,A00,Điểm học bạ,2022,18.0,Bảo hiểm
37474,DLX,bao-hiem,A01,Điểm học bạ,2022,18.0,Bảo hiểm
37475,DLX,bao-hiem,D01,Điểm học bạ,2022,18.0,Bảo hiểm
37476,DLX,bao-hiem,A00,Điểm thi THPT,2022,21.15,Bảo hiểm
37477,DLX,bao-hiem,A01,Điểm thi THPT,2022,21.15,Bảo hiểm
37478,DLX,bao-hiem,D01,Điểm thi THPT,2022,21.15,Bảo hiểm
37479,DLX,bao-hiem,A00,Điểm học bạ,2023,22.71,Bảo hiểm
37480,DLX,bao-hiem,A01,Điểm học bạ,2023,22.71,Bảo hiểm
37481,DLX,bao-hiem,D01,Điểm học bạ,2023,22.71,Bảo hiểm
37482,DLX,bao-hiem,A00,Điểm thi THPT,2023,21.75,Bảo hiểm
37483,DLX,bao-hiem,A01,Điểm thi THPT,2023,21.75,Bảo hiểm
37484,DLX,bao-hiem,D01,Điểm thi THPT,2023,21.75,Bảo hiểm
37485,DLX,bao-hiem,A00,Điểm học bạ,2024,18.87,Bảo hiểm
37486,DLX,bao-hiem,A01,Điểm học bạ,2024,18.87,Bảo hiểm
37487,DLX,bao-hiem,D01,Điểm học bạ,2024,18.87,Bảo hiểm
37488,DLX,bao-hiem,A00,Điểm thi THPT,2024,17.0,Bảo hiểm
37489,DLX,bao-hiem,A01,Điểm thi THPT,2024,17.0,Bảo hiểm
37490,DLX,bao-hiem,D01,Điểm thi THPT,2024,17.0,Bảo hiểm
37491,DLX,bao-hiem,A00,Điểm thi THPT,2025,14.0,Bảo hiểm
37492,DLX,bao-hiem,A01,Điểm thi THPT,2025,14.0,Bảo hiểm
37493,DLX,bao-hiem,D01,Điểm thi THPT,2025,14.0,Bảo hiểm
37494,DLX,bao-hiem-tai-chinh,A00,Điểm học bạ,2022,18.0,Bảo hiểm - Tài chính
37495,DLX,bao-hiem-tai-chinh,A01,Điểm học bạ,2022,18.0,Bảo hiểm - Tài chính
37496,DLX,bao-hiem-tai-chinh,D01,Điểm học bạ,2022,18.0,Bảo hiểm - Tài chính
37497,DLX,bao-hiem-tai-chinh,A00,Điểm thi THPT,2022,15.0,Bảo hiểm - Tài chính
37498,DLX,bao-hiem-tai-chinh,A01,Điểm thi THPT,2022,15.0,Bảo hiểm - Tài chính
37499,DLX,bao-hiem-tai-chinh,D01,Điểm thi THPT,2022,15.0,Bảo hiểm - Tài chính
37500,DLX,bao-hiem-tai-chinh,A00,Điểm học bạ,2023,22.07,Bảo hiểm - Tài chính
37501,DLX,bao-hiem-tai-chinh,A01,Điểm học bạ,2023,22.07,Bảo hiểm - Tài chính
37502,DLX,bao-hiem-tai-chinh,D01,Điểm học bạ,2023,22.07,Bảo hiểm - Tài chính
37503,DLX,bao-hiem-tai-chinh,A00,Điểm thi THPT,2023,21.05,Bảo hiểm - Tài chính
37504,DLX,bao-hiem-tai-chinh,A01,Điểm thi THPT,2023,21.05,Bảo hiểm - Tài chính
37505,DLX,bao-hiem-tai-chinh,D01,Điểm thi THPT,2023,21.05,Bảo hiểm - Tài chính
37506,DLX,bao-hiem-tai-chinh,A00,Điểm học bạ,2024,22.2,Bảo hiểm - Tài chính
37507,DLX,bao-hiem-tai-chinh,A01,Điểm học bạ,2024,22.2,Bảo hiểm - Tài chính
37508,DLX,bao-hiem-tai-chinh,D01,Điểm học bạ,2024,22.2,Bảo hiểm - Tài chính
37509,DLX,bao-hiem-tai-chinh,A00,Điểm thi THPT,2024,21.75,Bảo hiểm - Tài chính
37510,DLX,bao-hiem-tai-chinh,A01,Điểm thi THPT,2024,21.75,Bảo hiểm - Tài chính
37511,DLX,bao-hiem-tai-chinh,D01,Điểm thi THPT,2024,21.75,Bảo hiểm - Tài chính
37512,DLX,bao-hiem-tai-chinh,A00,Điểm thi THPT,2025,14.0,Bảo hiểm - Tài chính
37513,DLX,bao-hiem-tai-chinh,A01,Điểm thi THPT,2025,14.0,Bảo hiểm - Tài chính
37514,DLX,bao-hiem-tai-chinh,D01,Điểm thi THPT,2025,14.0,Bảo hiểm - Tài chính
37515,DLX,cong-nghe-thong-tin,A00,Điểm thi THPT,2021,17.35,Công nghệ thông tin
37516,DLX,cong-nghe-thong-tin,A01,Điểm thi THPT,2021,17.35,Công nghệ thông tin
37517,DLX,cong-nghe-thong-tin,D01,Điểm thi THPT,2021,17.35,Công nghệ thông tin
37518,DLX,cong-nghe-thong-tin,A00,Điểm học bạ,2022,22.42,Công nghệ thông tin
37519,DLX,cong-nghe-thong-tin,A01,Điểm học bạ,2022,22.42,Công nghệ thông tin
37520,DLX,cong-nghe-thong-tin,D01,Điểm học bạ,2022,22.42,Công nghệ thông tin
37521,DLX,cong-nghe-thong-tin,A00,Điểm thi THPT,2022,22.85,Công nghệ thông tin
37522,DLX,cong-nghe-thong-tin,A01,Điểm thi THPT,2022,22.85,Công nghệ thông tin
37523,DLX,cong-nghe-thong-tin,D01,Điểm thi THPT,2022,22.85,Công nghệ thông tin
37524,DLX,cong-nghe-thong-tin,A00,Điểm học bạ,2023,24.16,Công nghệ thông tin
37525,DLX,cong-nghe-thong-tin,A01,Điểm học bạ,2023,24.16,Công nghệ thông tin
37526,DLX,cong-nghe-thong-tin,D01,Điểm học bạ,2023,24.16,Công nghệ thông tin
37527,DLX,cong-nghe-thong-tin,A00,Điểm thi THPT,2023,23.1,Công nghệ thông tin
37528,DLX,cong-nghe-thong-tin,A01,Điểm thi THPT,2023,23.1,Công nghệ thông tin
37529,DLX,cong-nghe-thong-tin,D01,Điểm thi THPT,2023,23.1,Công nghệ thông tin
37530,DLX,cong-nghe-thong-tin,A00,Điểm học bạ,2024,22.64,Công nghệ thông tin
37531,DLX,cong-nghe-thong-tin,A01,Điểm học bạ,2024,22.64,Công nghệ thông tin
37532,DLX,cong-nghe-thong-tin,D01,Điểm học bạ,2024,22.64,Công nghệ thông tin
37533,DLX,cong-nghe-thong-tin,A00,Điểm thi THPT,2024,22.4,Công nghệ thông tin
37534,DLX,cong-nghe-thong-tin,A01,Điểm thi THPT,2024,22.4,Công nghệ thông tin
37535,DLX,cong-nghe-thong-tin,D01,Điểm thi THPT,2024,22.4,Công nghệ thông tin
37536,DLX,cong-nghe-thong-tin,A00,Điểm thi THPT,2025,14.0,Công nghệ thông tin
37537,DLX,cong-nghe-thong-tin,A01,Điểm thi THPT,2025,14.0,Công nghệ thông tin
37538,DLX,cong-nghe-thong-tin,D01,Điểm thi THPT,2025,14.0,Công nghệ thông tin
37539,DLX,cong-tac-xa-hoi,A00,Điểm thi THPT,2021,15.5,Công tác xã hội
37540,DLX,cong-tac-xa-hoi,A01,Điểm thi THPT,2021,15.5,Công tác xã hội
37541,DLX,cong-tac-xa-hoi,C00,Điểm thi THPT,2021,15.5,Công tác xã hội
37542,DLX,cong-tac-xa-hoi,D01,Điểm thi THPT,2021,15.5,Công tác xã hội
37543,DLX,cong-tac-xa-hoi,A00,Điểm học bạ,2022,18.0,Công tác xã hội
37544,DLX,cong-tac-xa-hoi,A01,Điểm học bạ,2022,18.0,Công tác xã hội
37545,DLX,cong-tac-xa-hoi,C00,Điểm học bạ,2022,18.0,Công tác xã hội
37546,DLX,cong-tac-xa-hoi,D01,Điểm học bạ,2022,18.0,Công tác xã hội
37547,DLX,cong-tac-xa-hoi,A00,Điểm thi THPT,2022,22.75,Công tác xã hội
37548,DLX,cong-tac-xa-hoi,A01,Điểm thi THPT,2022,22.75,Công tác xã hội
37549,DLX,cong-tac-xa-hoi,C00,Điểm thi THPT,2022,22.75,Công tác xã hội
37550,DLX,cong-tac-xa-hoi,D01,Điểm thi THPT,2022,22.75,Công tác xã hội
37551,DLX,cong-tac-xa-hoi,A00,Điểm học bạ,2023,23.12,Công tác xã hội
37552,DLX,cong-tac-xa-hoi,A01,Điểm học bạ,2023,23.12,Công tác xã hội
37553,DLX,cong-tac-xa-hoi,C00,Điểm học bạ,2023,23.12,Công tác xã hội
37554,DLX,cong-tac-xa-hoi,D01,Điểm học bạ,2023,23.12,Công tác xã hội
37555,DLX,cong-tac-xa-hoi,A00,Điểm thi THPT,2023,22.25,Công tác xã hội
37556,DLX,cong-tac-xa-hoi,A01,Điểm thi THPT,2023,22.25,Công tác xã hội
37557,DLX,cong-tac-xa-hoi,C00,Điểm thi THPT,2023,22.25,Công tác xã hội
37558,DLX,cong-tac-xa-hoi,D01,Điểm thi THPT,2023,22.25,Công tác xã hội
37559,DLX,cong-tac-xa-hoi,A00,Điểm học bạ,2024,24.53,Công tác xã hội
37560,DLX,cong-tac-xa-hoi,A01,Điểm học bạ,2024,24.53,Công tác xã hội
37561,DLX,cong-tac-xa-hoi,C00,Điểm học bạ,2024,24.53,Công tác xã hội
37562,DLX,cong-tac-xa-hoi,D01,Điểm học bạ,2024,24.53,Công tác xã hội
37563,DLX,cong-tac-xa-hoi,A00,Điểm thi THPT,2024,25.25,Công tác xã hội
37564,DLX,cong-tac-xa-hoi,A01,Điểm thi THPT,2024,25.25,Công tác xã hội
37565,DLX,cong-tac-xa-hoi,C00,Điểm thi THPT,2024,25.25,Công tác xã hội
37566,DLX,cong-tac-xa-hoi,D01,Điểm thi THPT,2024,25.25,Công tác xã hội
37567,DLX,cong-tac-xa-hoi,A00,Điểm thi THPT,2025,22.1,Công tác xã hội
37568,DLX,cong-tac-xa-hoi,A01,Điểm thi THPT,2025,22.1,Công tác xã hội
37569,DLX,cong-tac-xa-hoi,C00,Điểm thi THPT,2025,23.6,Công tác xã hội
37570,DLX,cong-tac-xa-hoi,D01,Điểm thi THPT,2025,22.1,Công tác xã hội
37571,DLX,he-thong-thong-tin-quan-ly,A00,Điểm thi THPT,2021,15.0,Hệ thống thông tin quản lý
37572,DLX,he-thong-thong-tin-quan-ly,A01,Điểm thi THPT,2021,15.0,Hệ thống thông tin quản lý
37573,DLX,he-thong-thong-tin-quan-ly,D01,Điểm thi THPT,2021,15.0,Hệ thống thông tin quản lý
37574,DLX,he-thong-thong-tin-quan-ly,A00,Điểm học bạ,2022,18.0,Hệ thống thông tin quản lý
37575,DLX,he-thong-thong-tin-quan-ly,A01,Điểm học bạ,2022,18.0,Hệ thống thông tin quản lý
37576,DLX,he-thong-thong-tin-quan-ly,D01,Điểm học bạ,2022,18.0,Hệ thống thông tin quản lý
37577,DLX,he-thong-thong-tin-quan-ly,A00,Điểm thi THPT,2022,21.5,Hệ thống thông tin quản lý
37578,DLX,he-thong-thong-tin-quan-ly,A01,Điểm thi THPT,2022,21.5,Hệ thống thông tin quản lý
37579,DLX,he-thong-thong-tin-quan-ly,D01,Điểm thi THPT,2022,21.5,Hệ thống thông tin quản lý
37580,DLX,he-thong-thong-tin-quan-ly,A00,Điểm học bạ,2023,23.9,Hệ thống thông tin quản lý
37581,DLX,he-thong-thong-tin-quan-ly,A01,Điểm học bạ,2023,23.9,Hệ thống thông tin quản lý
37582,DLX,he-thong-thong-tin-quan-ly,D01,Điểm học bạ,2023,23.9,Hệ thống thông tin quản lý
37583,DLX,he-thong-thong-tin-quan-ly,A00,Điểm thi THPT,2023,22.85,Hệ thống thông tin quản lý
37584,DLX,he-thong-thong-tin-quan-ly,A01,Điểm thi THPT,2023,22.85,Hệ thống thông tin quản lý
37585,DLX,he-thong-thong-tin-quan-ly,D01,Điểm thi THPT,2023,22.85,Hệ thống thông tin quản lý
37586,DLX,he-thong-thong-tin-quan-ly,A00,Điểm học bạ,2024,23.33,Hệ thống thông tin quản lý
37587,DLX,he-thong-thong-tin-quan-ly,A01,Điểm học bạ,2024,23.33,Hệ thống thông tin quản lý
37588,DLX,he-thong-thong-tin-quan-ly,D01,Điểm học bạ,2024,23.33,Hệ thống thông tin quản lý
37589,DLX,he-thong-thong-tin-quan-ly,A00,Điểm thi THPT,2024,23.09,Hệ thống thông tin quản lý
37590,DLX,he-thong-thong-tin-quan-ly,A01,Điểm thi THPT,2024,23.09,Hệ thống thông tin quản lý
37591,DLX,he-thong-thong-tin-quan-ly,D01,Điểm thi THPT,2024,23.09,Hệ thống thông tin quản lý
37592,DLX,he-thong-thong-tin-quan-ly,A00,Điểm thi THPT,2025,14.0,Hệ thống thông tin quản lý
37593,DLX,he-thong-thong-tin-quan-ly,A01,Điểm thi THPT,2025,14.0,Hệ thống thông tin quản lý
37594,DLX,he-thong-thong-tin-quan-ly,D01,Điểm thi THPT,2025,14.0,Hệ thống thông tin quản lý
37595,DLX,ke-toan,A00,Điểm thi THPT,2021,21.55,Kế toán
37596,DLX,ke-toan,A01,Điểm thi THPT,2021,21.55,Kế toán
37597,DLX,ke-toan,D01,Điểm thi THPT,2021,21.55,Kế toán
37598,DLX,ke-toan,A00,Điểm học bạ,2022,21.96,Kế toán
37599,DLX,ke-toan,A01,Điểm học bạ,2022,21.96,Kế toán
37600,DLX,ke-toan,D01,Điểm học bạ,2022,21.96,Kế toán
37601,DLX,ke-toan,A00,Điểm thi THPT,2022,22.95,Kế toán
37602,DLX,ke-toan,A01,Điểm thi THPT,2022,22.95,Kế toán
37603,DLX,ke-toan,D01,Điểm thi THPT,2022,22.95,Kế toán
37604,DLX,ke-toan,A00,Điểm học bạ,2023,23.3,Kế toán
37605,DLX,ke-toan,A01,Điểm học bạ,2023,23.3,Kế toán
37606,DLX,ke-toan,D01,Điểm học bạ,2023,23.3,Kế toán
37607,DLX,ke-toan,A00,Điểm thi THPT,2023,22.4,Kế toán
37608,DLX,ke-toan,A01,Điểm thi THPT,2023,22.4,Kế toán
37609,DLX,ke-toan,D01,Điểm thi THPT,2023,22.4,Kế toán
37610,DLX,ke-toan,A00,Điểm học bạ,2024,23.0,Kế toán
37611,DLX,ke-toan,A01,Điểm học bạ,2024,23.0,Kế toán
37612,DLX,ke-toan,D01,Điểm học bạ,2024,23.0,Kế toán
37613,DLX,ke-toan,A00,Điểm thi THPT,2024,22.65,Kế toán
37614,DLX,ke-toan,A01,Điểm thi THPT,2024,22.65,Kế toán
37615,DLX,ke-toan,D01,Điểm thi THPT,2024,22.65,Kế toán
37616,DLX,ke-toan,A00,Điểm thi THPT,2025,14.0,Kế toán
37617,DLX,ke-toan,A01,Điểm thi THPT,2025,14.0,Kế toán
37618,DLX,ke-toan,D01,Điểm thi THPT,2025,14.0,Kế toán
37619,DLX,kiem-toan,A00,Điểm thi THPT,2021,16.5,Kiểm toán
37620,DLX,kiem-toan,A01,Điểm thi THPT,2021,16.5,Kiểm toán
37621,DLX,kiem-toan,D01,Điểm thi THPT,2021,16.5,Kiểm toán
37622,DLX,kiem-toan,A00,Điểm học bạ,2022,21.81,Kiểm toán
37623,DLX,kiem-toan,A01,Điểm học bạ,2022,21.81,Kiểm toán
37624,DLX,kiem-toan,D01,Điểm học bạ,2022,21.81,Kiểm toán
37625,DLX,kiem-toan,A00,Điểm thi THPT,2022,22.5,Kiểm toán
37626,DLX,kiem-toan,A01,Điểm thi THPT,2022,22.5,Kiểm toán
37627,DLX,kiem-toan,D01,Điểm thi THPT,2022,22.5,Kiểm toán
37628,DLX,kiem-toan,A00,Điểm học bạ,2023,24.2,Kiểm toán
37629,DLX,kiem-toan,A01,Điểm học bạ,2023,24.2,Kiểm toán
37630,DLX,kiem-toan,D01,Điểm học bạ,2023,24.2,Kiểm toán
37631,DLX,kiem-toan,A00,Điểm thi THPT,2023,22.9,Kiểm toán
37632,DLX,kiem-toan,A01,Điểm thi THPT,2023,22.9,Kiểm toán
37633,DLX,kiem-toan,D01,Điểm thi THPT,2023,22.9,Kiểm toán
37634,DLX,kiem-toan,A00,Điểm học bạ,2024,23.43,Kiểm toán
37635,DLX,kiem-toan,A01,Điểm học bạ,2024,23.43,Kiểm toán
37636,DLX,kiem-toan,D01,Điểm học bạ,2024,23.43,Kiểm toán
37637,DLX,kiem-toan,A00,Điểm thi THPT,2024,23.45,Kiểm toán
37638,DLX,kiem-toan,A01,Điểm thi THPT,2024,23.45,Kiểm toán
37639,DLX,kiem-toan,D01,Điểm thi THPT,2024,23.45,Kiểm toán
37640,DLX,kiem-toan,A00,Điểm thi THPT,2025,14.0,Kiểm toán
37641,DLX,kiem-toan,A01,Điểm thi THPT,2025,14.0,Kiểm toán
37642,DLX,kiem-toan,D01,Điểm thi THPT,2025,14.0,Kiểm toán
37643,DLX,kinh-te,A00,Điểm thi THPT,2021,15.5,Kinh tế
37644,DLX,kinh-te,A01,Điểm thi THPT,2021,15.5,Kinh tế
37645,DLX,kinh-te,D01,Điểm thi THPT,2021,15.5,Kinh tế
37646,DLX,kinh-te,A00,Điểm học bạ,2022,22.13,Kinh tế
37647,DLX,kinh-te,A01,Điểm học bạ,2022,22.13,Kinh tế
37648,DLX,kinh-te,D01,Điểm học bạ,2022,22.13,Kinh tế
37649,DLX,kinh-te,A00,Điểm thi THPT,2022,22.8,Kinh tế
37650,DLX,kinh-te,A01,Điểm thi THPT,2022,22.8,Kinh tế
37651,DLX,kinh-te,D01,Điểm thi THPT,2022,22.8,Kinh tế
37652,DLX,kinh-te,A00,Điểm học bạ,2023,24.68,Kinh tế
37653,DLX,kinh-te,A01,Điểm học bạ,2023,24.68,Kinh tế
37654,DLX,kinh-te,D01,Điểm học bạ,2023,24.68,Kinh tế
37655,DLX,kinh-te,A00,Điểm thi THPT,2023,23.25,Kinh tế
37656,DLX,kinh-te,A01,Điểm thi THPT,2023,23.25,Kinh tế
37657,DLX,kinh-te,D01,Điểm thi THPT,2023,23.25,Kinh tế
37658,DLX,kinh-te,A00,Điểm học bạ,2024,24.0,Kinh tế
37659,DLX,kinh-te,A01,Điểm học bạ,2024,24.0,Kinh tế
37660,DLX,kinh-te,D01,Điểm học bạ,2024,24.0,Kinh tế
37661,DLX,kinh-te,A00,Điểm thi THPT,2024,23.55,Kinh tế
37662,DLX,kinh-te,A01,Điểm thi THPT,2024,23.55,Kinh tế
37663,DLX,kinh-te,D01,Điểm thi THPT,2024,23.55,Kinh tế
37664,DLX,kinh-te,A00,Điểm thi THPT,2025,18.2,Kinh tế
37665,DLX,kinh-te,A01,Điểm thi THPT,2025,18.2,Kinh tế
37666,DLX,kinh-te,D01,Điểm thi THPT,2025,18.2,Kinh tế
37667,DLX,luat-kinh-te,A00,Điểm thi THPT,2021,20.95,Luật kinh tế
37668,DLX,luat-kinh-te,A01,Điểm thi THPT,2021,20.95,Luật kinh tế
37669,DLX,luat-kinh-te,D01,Điểm thi THPT,2021,20.95,Luật kinh tế
37670,DLX,luat-kinh-te,A00,Điểm học bạ,2022,22.95,Luật kinh tế
37671,DLX,luat-kinh-te,A01,Điểm học bạ,2022,22.95,Luật kinh tế
37672,DLX,luat-kinh-te,D01,Điểm học bạ,2022,22.95,Luật kinh tế
37673,DLX,luat-kinh-te,A00,Điểm thi THPT,2022,23.2,Luật kinh tế
37674,DLX,luat-kinh-te,A01,Điểm thi THPT,2022,23.2,Luật kinh tế
37675,DLX,luat-kinh-te,D01,Điểm thi THPT,2022,23.2,Luật kinh tế
37676,DLX,luat-kinh-te,A00,Điểm học bạ,2023,24.49,Luật kinh tế
37677,DLX,luat-kinh-te,A01,Điểm học bạ,2023,24.49,Luật kinh tế
37678,DLX,luat-kinh-te,D01,Điểm học bạ,2023,24.49,Luật kinh tế
37679,DLX,luat-kinh-te,A00,Điểm thi THPT,2023,23.05,Luật kinh tế
37680,DLX,luat-kinh-te,A01,Điểm thi THPT,2023,23.05,Luật kinh tế
37681,DLX,luat-kinh-te,D01,Điểm thi THPT,2023,23.05,Luật kinh tế
37682,DLX,luat-kinh-te,A00,Điểm học bạ,2024,24.5,Luật kinh tế
37683,DLX,luat-kinh-te,A01,Điểm học bạ,2024,24.5,Luật kinh tế
37684,DLX,luat-kinh-te,D01,Điểm học bạ,2024,24.5,Luật kinh tế
37685,DLX,luat-kinh-te,A00,Điểm thi THPT,2024,23.7,Luật kinh tế
37686,DLX,luat-kinh-te,A01,Điểm thi THPT,2024,23.7,Luật kinh tế
37687,DLX,luat-kinh-te,D01,Điểm thi THPT,2024,23.7,Luật kinh tế
37688,DLX,luat-kinh-te,A00,Điểm thi THPT,2025,18.0,Luật kinh tế
37689,DLX,luat-kinh-te,A01,Điểm thi THPT,2025,18.0,Luật kinh tế
37690,DLX,luat-kinh-te,D01,Điểm thi THPT,2025,18.0,Luật kinh tế
37691,DLX,ngon-ngu-anh,A00,Điểm học bạ,2022,18.0,Ngôn ngữ Anh
37692,DLX,ngon-ngu-anh,A01,Điểm học bạ,2022,18.0,Ngôn ngữ Anh
37693,DLX,ngon-ngu-anh,D07,Điểm học bạ,2022,18.0,Ngôn ngữ Anh
37694,DLX,ngon-ngu-anh,D14,Điểm học bạ,2022,18.0,Ngôn ngữ Anh
37695,DLX,ngon-ngu-anh,A00,Điểm thi THPT,2022,22.0,Ngôn ngữ Anh
37696,DLX,ngon-ngu-anh,A01,Điểm thi THPT,2022,22.0,Ngôn ngữ Anh
37697,DLX,ngon-ngu-anh,D07,Điểm thi THPT,2022,22.0,Ngôn ngữ Anh
37698,DLX,ngon-ngu-anh,D14,Điểm thi THPT,2022,22.0,Ngôn ngữ Anh
37699,DLX,ngon-ngu-anh,A01,Điểm học bạ,2023,24.26,Ngôn ngữ Anh
37700,DLX,ngon-ngu-anh,D01,Điểm học bạ,2023,24.26,Ngôn ngữ Anh
37701,DLX,ngon-ngu-anh,D07,Điểm học bạ,2023,24.26,Ngôn ngữ Anh
37702,DLX,ngon-ngu-anh,D14,Điểm học bạ,2023,24.26,Ngôn ngữ Anh
37703,DLX,ngon-ngu-anh,A01,Điểm thi THPT,2023,23.52,Ngôn ngữ Anh
37704,DLX,ngon-ngu-anh,D01,Điểm thi THPT,2023,23.52,Ngôn ngữ Anh
37705,DLX,ngon-ngu-anh,D07,Điểm thi THPT,2023,23.52,Ngôn ngữ Anh
37706,DLX,ngon-ngu-anh,D14,Điểm thi THPT,2023,23.52,Ngôn ngữ Anh
37707,DLX,ngon-ngu-anh,A01,Điểm học bạ,2024,24.16,Ngôn ngữ Anh
37708,DLX,ngon-ngu-anh,D01,Điểm học bạ,2024,24.16,Ngôn ngữ Anh
37709,DLX,ngon-ngu-anh,D07,Điểm học bạ,2024,24.16,Ngôn ngữ Anh
37710,DLX,ngon-ngu-anh,D14,Điểm học bạ,2024,24.16,Ngôn ngữ Anh
37711,DLX,ngon-ngu-anh,A01,Điểm thi THPT,2024,24.06,Ngôn ngữ Anh
37712,DLX,ngon-ngu-anh,D01,Điểm thi THPT,2024,24.06,Ngôn ngữ Anh
37713,DLX,ngon-ngu-anh,D07,Điểm thi THPT,2024,24.06,Ngôn ngữ Anh
37714,DLX,ngon-ngu-anh,D14,Điểm thi THPT,2024,24.06,Ngôn ngữ Anh
37715,DLX,ngon-ngu-anh,A01,Điểm thi THPT,2025,20.5,Ngôn ngữ Anh
37716,DLX,ngon-ngu-anh,D01,Điểm thi THPT,2025,20.5,Ngôn ngữ Anh
37717,DLX,ngon-ngu-anh,D07,Điểm thi THPT,2025,20.5,Ngôn ngữ Anh
37718,DLX,ngon-ngu-anh,D14,Điểm thi THPT,2025,21.0,Ngôn ngữ Anh
37719,DLX,quan-tri-dich-vu-du-lich-va-lu-hanh,A00,Điểm học bạ,2022,20.76,Quản trị dịch vụ du lịch và lữ hành
37720,DLX,quan-tri-dich-vu-du-lich-va-lu-hanh,A01,Điểm học bạ,2022,20.76,Quản trị dịch vụ du lịch và lữ hành
37721,DLX,quan-tri-dich-vu-du-lich-va-lu-hanh,D01,Điểm học bạ,2022,20.76,Quản trị dịch vụ du lịch và lữ hành
37722,DLX,quan-tri-dich-vu-du-lich-va-lu-hanh,A00,Điểm thi THPT,2022,21.4,Quản trị dịch vụ du lịch và lữ hành
37723,DLX,quan-tri-dich-vu-du-lich-va-lu-hanh,A01,Điểm thi THPT,2022,21.4,Quản trị dịch vụ du lịch và lữ hành
37724,DLX,quan-tri-dich-vu-du-lich-va-lu-hanh,D01,Điểm thi THPT,2022,21.4,Quản trị dịch vụ du lịch và lữ hành
37725,DLX,quan-tri-dich-vu-du-lich-va-lu-hanh,A00,Điểm học bạ,2023,23.71,Quản trị dịch vụ du lịch và lữ hành
37726,DLX,quan-tri-dich-vu-du-lich-va-lu-hanh,A01,Điểm học bạ,2023,23.71,Quản trị dịch vụ du lịch và lữ hành
37727,DLX,quan-tri-dich-vu-du-lich-va-lu-hanh,D01,Điểm học bạ,2023,23.71,Quản trị dịch vụ du lịch và lữ hành
37728,DLX,quan-tri-dich-vu-du-lich-va-lu-hanh,A00,Điểm thi THPT,2023,22.55,Quản trị dịch vụ du lịch và lữ hành
37729,DLX,quan-tri-dich-vu-du-lich-va-lu-hanh,A01,Điểm thi THPT,2023,22.55,Quản trị dịch vụ du lịch và lữ hành
37730,DLX,quan-tri-dich-vu-du-lich-va-lu-hanh,D01,Điểm thi THPT,2023,22.55,Quản trị dịch vụ du lịch và lữ hành
37731,DLX,quan-tri-dich-vu-du-lich-va-lu-hanh,A00,Điểm học bạ,2024,23.82,Quản trị dịch vụ du lịch và lữ hành
37732,DLX,quan-tri-dich-vu-du-lich-va-lu-hanh,A01,Điểm học bạ,2024,23.82,Quản trị dịch vụ du lịch và lữ hành
37733,DLX,quan-tri-dich-vu-du-lich-va-lu-hanh,D01,Điểm học bạ,2024,23.82,Quản trị dịch vụ du lịch và lữ hành
37734,DLX,quan-tri-dich-vu-du-lich-va-lu-hanh,A00,Điểm thi THPT,2024,23.04,Quản trị dịch vụ du lịch và lữ hành
37735,DLX,quan-tri-dich-vu-du-lich-va-lu-hanh,A01,Điểm thi THPT,2024,23.04,Quản trị dịch vụ du lịch và lữ hành
37736,DLX,quan-tri-dich-vu-du-lich-va-lu-hanh,D01,Điểm thi THPT,2024,23.04,Quản trị dịch vụ du lịch và lữ hành
37737,DLX,quan-tri-dich-vu-du-lich-va-lu-hanh,A00,Điểm thi THPT,2025,17.78,Quản trị dịch vụ du lịch và lữ hành
37738,DLX,quan-tri-dich-vu-du-lich-va-lu-hanh,A01,Điểm thi THPT,2025,17.78,Quản trị dịch vụ du lịch và lữ hành
37739,DLX,quan-tri-dich-vu-du-lich-va-lu-hanh,D01,Điểm thi THPT,2025,17.78,Quản trị dịch vụ du lịch và lữ hành
37740,DLX,quan-tri-kinh-doanh,A00,Điểm thi THPT,2021,20.9,Quản trị kinh doanh
37741,DLX,quan-tri-kinh-doanh,A01,Điểm thi THPT,2021,20.9,Quản trị kinh doanh
37742,DLX,quan-tri-kinh-doanh,D01,Điểm thi THPT,2021,20.9,Quản trị kinh doanh
37743,DLX,quan-tri-kinh-doanh,A00,Điểm học bạ,2022,22.21,Quản trị kinh doanh
37744,DLX,quan-tri-kinh-doanh,A01,Điểm học bạ,2022,22.21,Quản trị kinh doanh
37745,DLX,quan-tri-kinh-doanh,C00,Điểm học bạ,2022,22.21,Quản trị kinh doanh
37746,DLX,quan-tri-kinh-doanh,D01,Điểm học bạ,2022,22.21,Quản trị kinh doanh
37747,DLX,quan-tri-kinh-doanh,A00,Điểm thi THPT,2022,23.15,Quản trị kinh doanh
37748,DLX,quan-tri-kinh-doanh,A01,Điểm thi THPT,2022,23.15,Quản trị kinh doanh
37749,DLX,quan-tri-kinh-doanh,C00,Điểm thi THPT,2022,25.25,Quản trị kinh doanh
37750,DLX,quan-tri-kinh-doanh,D01,Điểm thi THPT,2022,23.15,Quản trị kinh doanh
37751,DLX,quan-tri-kinh-doanh,A00,Điểm học bạ,2023,23.5,Quản trị kinh doanh
37752,DLX,quan-tri-kinh-doanh,A01,Điểm học bạ,2023,23.5,Quản trị kinh doanh
37753,DLX,quan-tri-kinh-doanh,D01,Điểm học bạ,2023,23.5,Quản trị kinh doanh
37754,DLX,quan-tri-kinh-doanh,A00,Điểm thi THPT,2023,22.4,Quản trị kinh doanh
37755,DLX,quan-tri-kinh-doanh,A01,Điểm thi THPT,2023,22.4,Quản trị kinh doanh
37756,DLX,quan-tri-kinh-doanh,D01,Điểm thi THPT,2023,22.4,Quản trị kinh doanh
37757,DLX,quan-tri-kinh-doanh,A00,Điểm học bạ,2024,23.27,Quản trị kinh doanh
37758,DLX,quan-tri-kinh-doanh,A01,Điểm học bạ,2024,23.27,Quản trị kinh doanh
37759,DLX,quan-tri-kinh-doanh,D01,Điểm học bạ,2024,23.27,Quản trị kinh doanh
37760,DLX,quan-tri-kinh-doanh,A00,Điểm thi THPT,2024,22.5,Quản trị kinh doanh
37761,DLX,quan-tri-kinh-doanh,A01,Điểm thi THPT,2024,22.5,Quản trị kinh doanh
37762,DLX,quan-tri-kinh-doanh,D01,Điểm thi THPT,2024,22.5,Quản trị kinh doanh
37763,DLX,quan-tri-kinh-doanh,A00,Điểm thi THPT,2025,14.0,Quản trị kinh doanh
37764,DLX,quan-tri-kinh-doanh,A01,Điểm thi THPT,2025,14.0,Quản trị kinh doanh
37765,DLX,quan-tri-kinh-doanh,D01,Điểm thi THPT,2025,14.0,Quản trị kinh doanh
37766,DLX,quan-tri-nhan-luc,A00,Điểm thi THPT,2021,22.4,Quản trị nhân lực
37767,DLX,quan-tri-nhan-luc,A01,Điểm thi THPT,2021,22.4,Quản trị nhân lực
37768,DLX,quan-tri-nhan-luc,D01,Điểm thi THPT,2021,22.4,Quản trị nhân lực
37769,DLX,quan-tri-nhan-luc,A00,Điểm học bạ,2022,23.1,Quản trị nhân lực
37770,DLX,quan-tri-nhan-luc,A01,Điểm học bạ,2022,23.1,Quản trị nhân lực
37771,DLX,quan-tri-nhan-luc,D01,Điểm học bạ,2022,23.1,Quản trị nhân lực
37772,DLX,quan-tri-nhan-luc,A00,Điểm thi THPT,2022,23.3,Quản trị nhân lực
37773,DLX,quan-tri-nhan-luc,A01,Điểm thi THPT,2022,23.3,Quản trị nhân lực
37774,DLX,quan-tri-nhan-luc,D01,Điểm thi THPT,2022,23.3,Quản trị nhân lực
37775,DLX,quan-tri-nhan-luc,A00,Điểm học bạ,2023,24.0,Quản trị nhân lực
37776,DLX,quan-tri-nhan-luc,A01,Điểm học bạ,2023,24.0,Quản trị nhân lực
37777,DLX,quan-tri-nhan-luc,D01,Điểm học bạ,2023,24.0,Quản trị nhân lực
37778,DLX,quan-tri-nhan-luc,A00,Điểm thi THPT,2023,23.25,Quản trị nhân lực
37779,DLX,quan-tri-nhan-luc,A01,Điểm thi THPT,2023,23.25,Quản trị nhân lực
37780,DLX,quan-tri-nhan-luc,D01,Điểm thi THPT,2023,23.25,Quản trị nhân lực
37781,DLX,quan-tri-nhan-luc,A00,Điểm học bạ,2024,24.11,Quản trị nhân lực
37782,DLX,quan-tri-nhan-luc,A01,Điểm học bạ,2024,24.11,Quản trị nhân lực
37783,DLX,quan-tri-nhan-luc,D01,Điểm học bạ,2024,24.11,Quản trị nhân lực
37784,DLX,quan-tri-nhan-luc,A00,Điểm thi THPT,2024,23.7,Quản trị nhân lực
37785,DLX,quan-tri-nhan-luc,A01,Điểm thi THPT,2024,23.7,Quản trị nhân lực
37786,DLX,quan-tri-nhan-luc,D01,Điểm thi THPT,2024,23.7,Quản trị nhân lực
37787,DLX,quan-tri-nhan-luc,A00,Điểm thi THPT,2025,15.0,Quản trị nhân lực
37788,DLX,quan-tri-nhan-luc,A01,Điểm thi THPT,2025,15.0,Quản trị nhân lực
37789,DLX,quan-tri-nhan-luc,D01,Điểm thi THPT,2025,15.0,Quản trị nhân lực
37790,DLX,tai-chinh-ngan-hang,A00,Điểm thi THPT,2021,18.0,Tài chính ngân hàng
37791,DLX,tai-chinh-ngan-hang,A01,Điểm thi THPT,2021,18.0,Tài chính ngân hàng
37792,DLX,tai-chinh-ngan-hang,D01,Điểm thi THPT,2021,18.0,Tài chính ngân hàng
37793,DLX,tai-chinh-ngan-hang,A00,Điểm học bạ,2022,21.72,Tài chính ngân hàng
37794,DLX,tai-chinh-ngan-hang,A01,Điểm học bạ,2022,21.72,Tài chính ngân hàng
37795,DLX,tai-chinh-ngan-hang,D01,Điểm học bạ,2022,21.72,Tài chính ngân hàng
37796,DLX,tai-chinh-ngan-hang,A00,Điểm thi THPT,2022,22.7,Tài chính ngân hàng
37797,DLX,tai-chinh-ngan-hang,A01,Điểm thi THPT,2022,22.7,Tài chính ngân hàng
37798,DLX,tai-chinh-ngan-hang,D01,Điểm thi THPT,2022,22.7,Tài chính ngân hàng
37799,DLX,tai-chinh-ngan-hang,A00,Điểm học bạ,2023,24.0,Tài chính - Ngân hàng
37800,DLX,tai-chinh-ngan-hang,A01,Điểm học bạ,2023,24.0,Tài chính - Ngân hàng
37801,DLX,tai-chinh-ngan-hang,D01,Điểm học bạ,2023,24.0,Tài chính - Ngân hàng
37802,DLX,tai-chinh-ngan-hang,A00,Điểm thi THPT,2023,22.75,Tài chính - Ngân hàng
37803,DLX,tai-chinh-ngan-hang,A01,Điểm thi THPT,2023,22.75,Tài chính - Ngân hàng
37804,DLX,tai-chinh-ngan-hang,D01,Điểm thi THPT,2023,22.75,Tài chính - Ngân hàng
37805,DLX,tai-chinh-ngan-hang,A00,Điểm học bạ,2024,24.02,Tài chính - Ngân hàng
37806,DLX,tai-chinh-ngan-hang,A01,Điểm học bạ,2024,24.02,Tài chính - Ngân hàng
37807,DLX,tai-chinh-ngan-hang,D01,Điểm học bạ,2024,24.02,Tài chính - Ngân hàng
37808,DLX,tai-chinh-ngan-hang,A00,Điểm thi THPT,2024,23.14,Tài chính - Ngân hàng
37809,DLX,tai-chinh-ngan-hang,A01,Điểm thi THPT,2024,23.14,Tài chính - Ngân hàng
37810,DLX,tai-chinh-ngan-hang,D01,Điểm thi THPT,2024,23.14,Tài chính - Ngân hàng
37811,DLX,tai-chinh-ngan-hang,A00,Điểm thi THPT,2025,14.0,Tài chính - Ngân hàng
37812,DLX,tai-chinh-ngan-hang,A01,Điểm thi THPT,2025,14.0,Tài chính - Ngân hàng
37813,DLX,tai-chinh-ngan-hang,D01,Điểm thi THPT,2025,14.0,Tài chính - Ngân hàng
37814,DLX,tam-ly-hoc,A00,Điểm thi THPT,2021,18.0,Tâm lý học
37815,DLX,tam-ly-hoc,A01,Điểm thi THPT,2021,18.0,Tâm lý học
37816,DLX,tam-ly-hoc,C00,Điểm thi THPT,2021,18.0,Tâm lý học
37817,DLX,tam-ly-hoc,D01,Điểm thi THPT,2021,18.0,Tâm lý học
37818,DLX,tam-ly-hoc,A00,Điểm học bạ,2022,20.77,Tâm lý học
37819,DLX,tam-ly-hoc,A01,Điểm học bạ,2022,20.77,Tâm lý học
37820,DLX,tam-ly-hoc,C00,Điểm học bạ,2022,20.77,Tâm lý học
37821,DLX,tam-ly-hoc,D01,Điểm học bạ,2022,20.77,Tâm lý học
37822,DLX,tam-ly-hoc,A00,Điểm thi THPT,2022,24.5,Tâm lý học
37823,DLX,tam-ly-hoc,A01,Điểm thi THPT,2022,24.5,Tâm lý học
37824,DLX,tam-ly-hoc,C00,Điểm thi THPT,2022,24.5,Tâm lý học
37825,DLX,tam-ly-hoc,D01,Điểm thi THPT,2022,24.5,Tâm lý học
37826,DLX,tam-ly-hoc,A00,Điểm học bạ,2023,24.57,Tâm lý học
37827,DLX,tam-ly-hoc,A01,Điểm học bạ,2023,24.57,Tâm lý học
37828,DLX,tam-ly-hoc,C00,Điểm học bạ,2023,24.57,Tâm lý học
37829,DLX,tam-ly-hoc,D01,Điểm học bạ,2023,24.57,Tâm lý học
37830,DLX,tam-ly-hoc,A00,Điểm thi THPT,2023,24.44,Tâm lý học
37831,DLX,tam-ly-hoc,A01,Điểm thi THPT,2023,24.44,Tâm lý học
37832,DLX,tam-ly-hoc,C00,Điểm thi THPT,2023,24.44,Tâm lý học
37833,DLX,tam-ly-hoc,D01,Điểm thi THPT,2023,24.44,Tâm lý học
37834,DLX,tam-ly-hoc,A00,Điểm học bạ,2024,25.32,Tâm lý học
37835,DLX,tam-ly-hoc,A01,Điểm học bạ,2024,25.32,Tâm lý học
37836,DLX,tam-ly-hoc,C00,Điểm học bạ,2024,25.32,Tâm lý học
37837,DLX,tam-ly-hoc,D01,Điểm học bạ,2024,25.32,Tâm lý học
37838,DLX,tam-ly-hoc,A00,Điểm thi THPT,2024,26.33,Tâm lý học
37839,DLX,tam-ly-hoc,A01,Điểm thi THPT,2024,26.33,Tâm lý học
37840,DLX,tam-ly-hoc,C00,Điểm thi THPT,2024,26.33,Tâm lý học
37841,DLX,tam-ly-hoc,D01,Điểm thi THPT,2024,26.33,Tâm lý học
37842,DLX,tam-ly-hoc,A00,Điểm thi THPT,2025,22.8,Tâm lý học
37843,DLX,tam-ly-hoc,A01,Điểm thi THPT,2025,22.8,Tâm lý học
37844,DLX,tam-ly-hoc,C00,Điểm thi THPT,2025,24.3,Tâm lý học
37845,DLX,tam-ly-hoc,D01,Điểm thi THPT,2025,22.8,Tâm lý học
37846,DMS,bat-dong-san,A00,Điểm học bạ,2021,26.0,Bất động sản
37847,DMS,bat-dong-san,A01,Điểm học bạ,2021,26.0,Bất động sản
37848,DMS,bat-dong-san,D01,Điểm học bạ,2021,26.0,Bất động sản
37849,DMS,bat-dong-san,D96,Điểm học bạ,2021,26.0,Bất động sản
37850,DMS,bat-dong-san,A00,Điểm thi THPT,2021,23.5,Bất động sản
37851,DMS,bat-dong-san,A01,Điểm thi THPT,2021,23.5,Bất động sản
37852,DMS,bat-dong-san,D01,Điểm thi THPT,2021,23.5,Bất động sản
37853,DMS,bat-dong-san,D96,Điểm thi THPT,2021,23.5,Bất động sản
37854,DMS,bat-dong-san,A00,Điểm học bạ,2022,27.0,Bất động sản
37855,DMS,bat-dong-san,A01,Điểm học bạ,2022,27.0,Bất động sản
37856,DMS,bat-dong-san,D01,Điểm học bạ,2022,27.0,Bất động sản
37857,DMS,bat-dong-san,D96,Điểm học bạ,2022,27.0,Bất động sản
37858,DMS,bat-dong-san,A00,Điểm thi THPT,2022,23.0,Bất động sản
37859,DMS,bat-dong-san,A01,Điểm thi THPT,2022,23.0,Bất động sản
37860,DMS,bat-dong-san,D01,Điểm thi THPT,2022,23.0,Bất động sản
37861,DMS,bat-dong-san,D96,Điểm thi THPT,2022,23.0,Bất động sản
37862,DMS,bat-dong-san,A00,Điểm học bạ,2023,27.0,Bất động sản
37863,DMS,bat-dong-san,A01,Điểm học bạ,2023,27.0,Bất động sản
37864,DMS,bat-dong-san,D01,Điểm học bạ,2023,27.0,Bất động sản
37865,DMS,bat-dong-san,D96,Điểm học bạ,2023,27.0,Bất động sản
37866,DMS,bat-dong-san,A00,Điểm thi THPT,2023,21.9,Bất động sản
37867,DMS,bat-dong-san,A01,Điểm thi THPT,2023,21.9,Bất động sản
37868,DMS,bat-dong-san,D01,Điểm thi THPT,2023,21.9,Bất động sản
37869,DMS,bat-dong-san,D96,Điểm thi THPT,2023,21.9,Bất động sản
37870,DMS,bat-dong-san,A00,Điểm học bạ,2024,22.0,Bất động sản
37871,DMS,bat-dong-san,A01,Điểm học bạ,2024,22.0,Bất động sản
37872,DMS,bat-dong-san,D01,Điểm học bạ,2024,22.0,Bất động sản
37873,DMS,bat-dong-san,D96,Điểm học bạ,2024,22.0,Bất động sản
37874,DMS,bat-dong-san,A00,Điểm thi THPT,2024,23.3,Bất động sản
37875,DMS,bat-dong-san,A01,Điểm thi THPT,2024,23.3,Bất động sản
37876,DMS,bat-dong-san,D01,Điểm thi THPT,2024,23.3,Bất động sản
37877,DMS,bat-dong-san,D96,Điểm thi THPT,2024,23.3,Bất động sản
37878,DMS,bat-dong-san,A00,Điểm học bạ,2025,24.66,Bất động sản (chương trình chuẩn)
37879,DMS,bat-dong-san,A01,Điểm học bạ,2025,24.66,Bất động sản (chương trình chuẩn)
37880,DMS,bat-dong-san,A03,Điểm học bạ,2025,24.66,Bất động sản (chương trình chuẩn)
37881,DMS,bat-dong-san,A04,Điểm học bạ,2025,24.66,Bất động sản (chương trình chuẩn)
37882,DMS,bat-dong-san,A05,Điểm học bạ,2025,24.66,Bất động sản (chương trình chuẩn)
37883,DMS,bat-dong-san,A06,Điểm học bạ,2025,24.66,Bất động sản (chương trình chuẩn)
37884,DMS,bat-dong-san,A07,Điểm học bạ,2025,24.66,Bất động sản (chương trình chuẩn)
37885,DMS,bat-dong-san,C01,Điểm học bạ,2025,24.66,Bất động sản (chương trình chuẩn)
37886,DMS,bat-dong-san,C02,Điểm học bạ,2025,24.66,Bất động sản (chương trình chuẩn)
37887,DMS,bat-dong-san,C03,Điểm học bạ,2025,24.66,Bất động sản (chương trình chuẩn)
37888,DMS,bat-dong-san,C04,Điểm học bạ,2025,24.66,Bất động sản (chương trình chuẩn)
37889,DMS,bat-dong-san,D01,Điểm học bạ,2025,24.66,Bất động sản (chương trình chuẩn)
37890,DMS,bat-dong-san,D07,Điểm học bạ,2025,24.66,Bất động sản (chương trình chuẩn)
37891,DMS,bat-dong-san,D09,Điểm học bạ,2025,24.66,Bất động sản (chương trình chuẩn)
37892,DMS,bat-dong-san,D10,Điểm học bạ,2025,24.66,Bất động sản (chương trình chuẩn)
37893,DMS,bat-dong-san,X01,Điểm học bạ,2025,24.66,Bất động sản (chương trình chuẩn)
37894,DMS,bat-dong-san,X05,Điểm học bạ,2025,24.66,Bất động sản (chương trình chuẩn)
37895,DMS,bat-dong-san,X09,Điểm học bạ,2025,24.66,Bất động sản (chương trình chuẩn)
37896,DMS,bat-dong-san,X17,Điểm học bạ,2025,24.66,Bất động sản (chương trình chuẩn)
37897,DMS,bat-dong-san,X21,Điểm học bạ,2025,24.66,Bất động sản (chương trình chuẩn)
37898,DMS,bat-dong-san,X25,Điểm học bạ,2025,24.66,Bất động sản (chương trình chuẩn)
37899,DMS,bat-dong-san,A00,Điểm thi THPT,2025,22.1,Bất động sản (chương trình chuẩn)
37900,DMS,bat-dong-san,A01,Điểm thi THPT,2025,22.1,Bất động sản (chương trình chuẩn)
37901,DMS,bat-dong-san,A03,Điểm thi THPT,2025,22.1,Bất động sản (chương trình chuẩn)
37902,DMS,bat-dong-san,A04,Điểm thi THPT,2025,22.1,Bất động sản (chương trình chuẩn)
37903,DMS,bat-dong-san,A05,Điểm thi THPT,2025,22.1,Bất động sản (chương trình chuẩn)
37904,DMS,bat-dong-san,A06,Điểm thi THPT,2025,22.1,Bất động sản (chương trình chuẩn)
37905,DMS,bat-dong-san,A07,Điểm thi THPT,2025,22.1,Bất động sản (chương trình chuẩn)
37906,DMS,bat-dong-san,C01,Điểm thi THPT,2025,22.1,Bất động sản (chương trình chuẩn)
37907,DMS,bat-dong-san,C02,Điểm thi THPT,2025,22.1,Bất động sản (chương trình chuẩn)
37908,DMS,bat-dong-san,C03,Điểm thi THPT,2025,22.1,Bất động sản (chương trình chuẩn)
37909,DMS,bat-dong-san,C04,Điểm thi THPT,2025,22.1,Bất động sản (chương trình chuẩn)
37910,DMS,bat-dong-san,D01,Điểm thi THPT,2025,22.1,Bất động sản (chương trình chuẩn)
37911,DMS,bat-dong-san,D07,Điểm thi THPT,2025,22.1,Bất động sản (chương trình chuẩn)
37912,DMS,bat-dong-san,D09,Điểm thi THPT,2025,22.1,Bất động sản (chương trình chuẩn)
37913,DMS,bat-dong-san,D10,Điểm thi THPT,2025,22.1,Bất động sản (chương trình chuẩn)
37914,DMS,bat-dong-san,X01,Điểm thi THPT,2025,22.1,Bất động sản (chương trình chuẩn)
37915,DMS,bat-dong-san,X05,Điểm thi THPT,2025,22.1,Bất động sản (chương trình chuẩn)
37916,DMS,bat-dong-san,X09,Điểm thi THPT,2025,22.1,Bất động sản (chương trình chuẩn)
37917,DMS,bat-dong-san,X17,Điểm thi THPT,2025,22.1,Bất động sản (chương trình chuẩn)
37918,DMS,bat-dong-san,X21,Điểm thi THPT,2025,22.1,Bất động sản (chương trình chuẩn)
37919,DMS,bat-dong-san,X25,Điểm thi THPT,2025,22.1,Bất động sản (chương trình chuẩn)
37920,DMS,cong-nghe-tai-chinh,A00,Điểm học bạ,2023,28.5,Công nghệ tài chính
37921,DMS,cong-nghe-tai-chinh,A01,Điểm học bạ,2023,28.5,Công nghệ tài chính
37922,DMS,cong-nghe-tai-chinh,D01,Điểm học bạ,2023,28.5,Công nghệ tài chính
37923,DMS,cong-nghe-tai-chinh,D96,Điểm học bạ,2023,28.5,Công nghệ tài chính
37924,DMS,cong-nghe-tai-chinh,A00,Điểm thi THPT,2023,24.1,Công nghệ tài chính
37925,DMS,cong-nghe-tai-chinh,A01,Điểm thi THPT,2023,24.1,Công nghệ tài chính
37926,DMS,cong-nghe-tai-chinh,D01,Điểm thi THPT,2023,24.1,Công nghệ tài chính
37927,DMS,cong-nghe-tai-chinh,D96,Điểm thi THPT,2023,24.1,Công nghệ tài chính
37928,DMS,cong-nghe-tai-chinh,A00,Điểm học bạ,2024,24.0,Công nghệ tài chính
37929,DMS,cong-nghe-tai-chinh,A01,Điểm học bạ,2024,24.0,Công nghệ tài chính
37930,DMS,cong-nghe-tai-chinh,D01,Điểm học bạ,2024,24.0,Công nghệ tài chính
37931,DMS,cong-nghe-tai-chinh,D96,Điểm học bạ,2024,24.0,Công nghệ tài chính
37932,DMS,cong-nghe-tai-chinh,A00,Điểm thi THPT,2024,24.4,Công nghệ tài chính
37933,DMS,cong-nghe-tai-chinh,A01,Điểm thi THPT,2024,24.4,Công nghệ tài chính
37934,DMS,cong-nghe-tai-chinh,D01,Điểm thi THPT,2024,24.4,Công nghệ tài chính
37935,DMS,cong-nghe-tai-chinh,D96,Điểm thi THPT,2024,24.4,Công nghệ tài chính
37936,DMS,cong-nghe-tai-chinh,A00,Điểm học bạ,2025,25.49,Công nghệ tài chính (chương trình tích hợp)
37937,DMS,cong-nghe-tai-chinh,A01,Điểm học bạ,2025,25.49,Công nghệ tài chính (chương trình tích hợp)
37938,DMS,cong-nghe-tai-chinh,A03,Điểm học bạ,2025,25.49,Công nghệ tài chính (chương trình tích hợp)
37939,DMS,cong-nghe-tai-chinh,A04,Điểm học bạ,2025,25.49,Công nghệ tài chính (chương trình tích hợp)
37940,DMS,cong-nghe-tai-chinh,A05,Điểm học bạ,2025,25.49,Công nghệ tài chính (chương trình tích hợp)
37941,DMS,cong-nghe-tai-chinh,A06,Điểm học bạ,2025,25.49,Công nghệ tài chính (chương trình tích hợp)
37942,DMS,cong-nghe-tai-chinh,A07,Điểm học bạ,2025,25.49,Công nghệ tài chính (chương trình tích hợp)
37943,DMS,cong-nghe-tai-chinh,C01,Điểm học bạ,2025,25.49,Công nghệ tài chính (chương trình tích hợp)
37944,DMS,cong-nghe-tai-chinh,C02,Điểm học bạ,2025,25.49,Công nghệ tài chính (chương trình tích hợp)
37945,DMS,cong-nghe-tai-chinh,C03,Điểm học bạ,2025,25.49,Công nghệ tài chính (chương trình tích hợp)
37946,DMS,cong-nghe-tai-chinh,C04,Điểm học bạ,2025,25.49,Công nghệ tài chính (chương trình tích hợp)
37947,DMS,cong-nghe-tai-chinh,D01,Điểm học bạ,2025,25.49,Công nghệ tài chính (chương trình tích hợp)
37948,DMS,cong-nghe-tai-chinh,D07,Điểm học bạ,2025,25.49,Công nghệ tài chính (chương trình tích hợp)
37949,DMS,cong-nghe-tai-chinh,D09,Điểm học bạ,2025,25.49,Công nghệ tài chính (chương trình tích hợp)
37950,DMS,cong-nghe-tai-chinh,D10,Điểm học bạ,2025,25.49,Công nghệ tài chính (chương trình tích hợp)
37951,DMS,cong-nghe-tai-chinh,X01,Điểm học bạ,2025,25.49,Công nghệ tài chính (chương trình tích hợp)
37952,DMS,cong-nghe-tai-chinh,X05,Điểm học bạ,2025,25.49,Công nghệ tài chính (chương trình tích hợp)
37953,DMS,cong-nghe-tai-chinh,X09,Điểm học bạ,2025,25.49,Công nghệ tài chính (chương trình tích hợp)
37954,DMS,cong-nghe-tai-chinh,X17,Điểm học bạ,2025,25.49,Công nghệ tài chính (chương trình tích hợp)
37955,DMS,cong-nghe-tai-chinh,X21,Điểm học bạ,2025,25.49,Công nghệ tài chính (chương trình tích hợp)
37956,DMS,cong-nghe-tai-chinh,X25,Điểm học bạ,2025,25.49,Công nghệ tài chính (chương trình tích hợp)
37957,DMS,cong-nghe-tai-chinh,A00,Điểm thi THPT,2025,22.99,Công nghệ tài chính (chương trình tích hợp)
37958,DMS,cong-nghe-tai-chinh,A01,Điểm thi THPT,2025,22.99,Công nghệ tài chính (chương trình tích hợp)
37959,DMS,cong-nghe-tai-chinh,A03,Điểm thi THPT,2025,22.99,Công nghệ tài chính (chương trình tích hợp)
37960,DMS,cong-nghe-tai-chinh,A04,Điểm thi THPT,2025,22.99,Công nghệ tài chính (chương trình tích hợp)
37961,DMS,cong-nghe-tai-chinh,A05,Điểm thi THPT,2025,22.99,Công nghệ tài chính (chương trình tích hợp)
37962,DMS,cong-nghe-tai-chinh,A06,Điểm thi THPT,2025,22.99,Công nghệ tài chính (chương trình tích hợp)
37963,DMS,cong-nghe-tai-chinh,A07,Điểm thi THPT,2025,22.99,Công nghệ tài chính (chương trình tích hợp)
37964,DMS,cong-nghe-tai-chinh,C01,Điểm thi THPT,2025,22.99,Công nghệ tài chính (chương trình tích hợp)
37965,DMS,cong-nghe-tai-chinh,C02,Điểm thi THPT,2025,22.99,Công nghệ tài chính (chương trình tích hợp)
37966,DMS,cong-nghe-tai-chinh,C03,Điểm thi THPT,2025,22.99,Công nghệ tài chính (chương trình tích hợp)
37967,DMS,cong-nghe-tai-chinh,C04,Điểm thi THPT,2025,22.99,Công nghệ tài chính (chương trình tích hợp)
37968,DMS,cong-nghe-tai-chinh,D01,Điểm thi THPT,2025,22.99,Công nghệ tài chính (chương trình tích hợp)
37969,DMS,cong-nghe-tai-chinh,D07,Điểm thi THPT,2025,22.99,Công nghệ tài chính (chương trình tích hợp)
37970,DMS,cong-nghe-tai-chinh,D09,Điểm thi THPT,2025,22.99,Công nghệ tài chính (chương trình tích hợp)
37971,DMS,cong-nghe-tai-chinh,D10,Điểm thi THPT,2025,22.99,Công nghệ tài chính (chương trình tích hợp)
37972,DMS,cong-nghe-tai-chinh,X01,Điểm thi THPT,2025,22.99,Công nghệ tài chính (chương trình tích hợp)
37973,DMS,cong-nghe-tai-chinh,X05,Điểm thi THPT,2025,22.99,Công nghệ tài chính (chương trình tích hợp)
37974,DMS,cong-nghe-tai-chinh,X09,Điểm thi THPT,2025,22.99,Công nghệ tài chính (chương trình tích hợp)
37975,DMS,cong-nghe-tai-chinh,X17,Điểm thi THPT,2025,22.99,Công nghệ tài chính (chương trình tích hợp)
37976,DMS,cong-nghe-tai-chinh,X21,Điểm thi THPT,2025,22.99,Công nghệ tài chính (chương trình tích hợp)
37977,DMS,cong-nghe-tai-chinh,X25,Điểm thi THPT,2025,22.99,Công nghệ tài chính (chương trình tích hợp)
37978,DMS,he-thong-thong-tin-ql,A00,Điểm thi THPT,2022,24.5,Hệ thống thông tin QL
37979,DMS,he-thong-thong-tin-ql,A01,Điểm thi THPT,2022,24.5,Hệ thống thông tin QL
37980,DMS,he-thong-thong-tin-ql,D01,Điểm thi THPT,2022,24.5,Hệ thống thông tin QL
37981,DMS,he-thong-thong-tin-ql,D96,Điểm thi THPT,2022,24.5,Hệ thống thông tin QL
37982,DMS,he-thong-thong-tin-quan-ly,A00,Điểm học bạ,2021,25.0,Hệ thống thông tin quản lý
37983,DMS,he-thong-thong-tin-quan-ly,A01,Điểm học bạ,2021,25.0,Hệ thống thông tin quản lý
37984,DMS,he-thong-thong-tin-quan-ly,D01,Điểm học bạ,2021,25.0,Hệ thống thông tin quản lý
37985,DMS,he-thong-thong-tin-quan-ly,D96,Điểm học bạ,2021,25.0,Hệ thống thông tin quản lý
37986,DMS,he-thong-thong-tin-quan-ly,A00,Điểm thi THPT,2021,25.2,Hệ thống thông tin quản lý
37987,DMS,he-thong-thong-tin-quan-ly,A01,Điểm thi THPT,2021,25.2,Hệ thống thông tin quản lý
37988,DMS,he-thong-thong-tin-quan-ly,D01,Điểm thi THPT,2021,25.2,Hệ thống thông tin quản lý
37989,DMS,he-thong-thong-tin-quan-ly,D96,Điểm thi THPT,2021,25.2,Hệ thống thông tin quản lý
37990,DMS,he-thong-thong-tin-quan-ly,A00,Điểm học bạ,2022,27.2,Hệ thống thông tin quản lý
37991,DMS,he-thong-thong-tin-quan-ly,A01,Điểm học bạ,2022,27.2,Hệ thống thông tin quản lý
37992,DMS,he-thong-thong-tin-quan-ly,D01,Điểm học bạ,2022,27.2,Hệ thống thông tin quản lý
37993,DMS,he-thong-thong-tin-quan-ly,D96,Điểm học bạ,2022,27.2,Hệ thống thông tin quản lý
37994,DMS,he-thong-thong-tin-quan-ly,A00,Điểm học bạ,2023,28.0,Hệ thống thông tin quản lý
37995,DMS,he-thong-thong-tin-quan-ly,A01,Điểm học bạ,2023,28.0,Hệ thống thông tin quản lý
37996,DMS,he-thong-thong-tin-quan-ly,D01,Điểm học bạ,2023,28.0,Hệ thống thông tin quản lý
37997,DMS,he-thong-thong-tin-quan-ly,D96,Điểm học bạ,2023,28.0,Hệ thống thông tin quản lý
37998,DMS,he-thong-thong-tin-quan-ly,A00,Điểm thi THPT,2023,24.4,Hệ thống thông tin quán lý
37999,DMS,he-thong-thong-tin-quan-ly,A01,Điểm thi THPT,2023,24.4,Hệ thống thông tin quán lý
38000,DMS,he-thong-thong-tin-quan-ly,D01,Điểm thi THPT,2023,24.4,Hệ thống thông tin quán lý
38001,DMS,he-thong-thong-tin-quan-ly,D96,Điểm thi THPT,2023,24.4,Hệ thống thông tin quán lý
38002,DMS,he-thong-thong-tin-quan-ly,A00,Điểm học bạ,2024,21.0,Hệ thống thông tin quản lý
38003,DMS,he-thong-thong-tin-quan-ly,A01,Điểm học bạ,2024,21.0,Hệ thống thông tin quản lý
38004,DMS,he-thong-thong-tin-quan-ly,D01,Điểm học bạ,2024,21.0,Hệ thống thông tin quản lý
38005,DMS,he-thong-thong-tin-quan-ly,D96,Điểm học bạ,2024,21.0,Hệ thống thông tin quản lý
38006,DMS,he-thong-thong-tin-quan-ly,A00,Điểm thi THPT,2024,25.0,Hệ thống thông tin quản lý
38007,DMS,he-thong-thong-tin-quan-ly,A01,Điểm thi THPT,2024,25.0,Hệ thống thông tin quản lý
38008,DMS,he-thong-thong-tin-quan-ly,D01,Điểm thi THPT,2024,25.0,Hệ thống thông tin quản lý
38009,DMS,he-thong-thong-tin-quan-ly,D96,Điểm thi THPT,2024,25.0,Hệ thống thông tin quản lý
38010,DMS,he-thong-thong-tin-quan-ly,A00,Điểm học bạ,2025,27.1,Hệ thống thông tin quản lý (chương trình chuẩn)
38011,DMS,he-thong-thong-tin-quan-ly,A01,Điểm học bạ,2025,27.1,Hệ thống thông tin quản lý (chương trình chuẩn)
38012,DMS,he-thong-thong-tin-quan-ly,A03,Điểm học bạ,2025,27.1,Hệ thống thông tin quản lý (chương trình chuẩn)
38013,DMS,he-thong-thong-tin-quan-ly,A04,Điểm học bạ,2025,27.1,Hệ thống thông tin quản lý (chương trình chuẩn)
38014,DMS,he-thong-thong-tin-quan-ly,A05,Điểm học bạ,2025,27.1,Hệ thống thông tin quản lý (chương trình chuẩn)
38015,DMS,he-thong-thong-tin-quan-ly,A06,Điểm học bạ,2025,27.1,Hệ thống thông tin quản lý (chương trình chuẩn)
38016,DMS,he-thong-thong-tin-quan-ly,A07,Điểm học bạ,2025,27.1,Hệ thống thông tin quản lý (chương trình chuẩn)
38017,DMS,he-thong-thong-tin-quan-ly,C01,Điểm học bạ,2025,27.1,Hệ thống thông tin quản lý (chương trình chuẩn)
38018,DMS,he-thong-thong-tin-quan-ly,C02,Điểm học bạ,2025,27.1,Hệ thống thông tin quản lý (chương trình chuẩn)
38019,DMS,he-thong-thong-tin-quan-ly,C03,Điểm học bạ,2025,27.1,Hệ thống thông tin quản lý (chương trình chuẩn)
38020,DMS,he-thong-thong-tin-quan-ly,C04,Điểm học bạ,2025,27.1,Hệ thống thông tin quản lý (chương trình chuẩn)
38021,DMS,he-thong-thong-tin-quan-ly,D01,Điểm học bạ,2025,27.1,Hệ thống thông tin quản lý (chương trình chuẩn)
38022,DMS,he-thong-thong-tin-quan-ly,D07,Điểm học bạ,2025,27.1,Hệ thống thông tin quản lý (chương trình chuẩn)
38023,DMS,he-thong-thong-tin-quan-ly,D09,Điểm học bạ,2025,27.1,Hệ thống thông tin quản lý (chương trình chuẩn)
38024,DMS,he-thong-thong-tin-quan-ly,D10,Điểm học bạ,2025,27.1,Hệ thống thông tin quản lý (chương trình chuẩn)
38025,DMS,he-thong-thong-tin-quan-ly,X01,Điểm học bạ,2025,27.1,Hệ thống thông tin quản lý (chương trình chuẩn)
38026,DMS,he-thong-thong-tin-quan-ly,X05,Điểm học bạ,2025,27.1,Hệ thống thông tin quản lý (chương trình chuẩn)
38027,DMS,he-thong-thong-tin-quan-ly,X09,Điểm học bạ,2025,27.1,Hệ thống thông tin quản lý (chương trình chuẩn)
38028,DMS,he-thong-thong-tin-quan-ly,X17,Điểm học bạ,2025,27.1,Hệ thống thông tin quản lý (chương trình chuẩn)
38029,DMS,he-thong-thong-tin-quan-ly,X21,Điểm học bạ,2025,27.1,Hệ thống thông tin quản lý (chương trình chuẩn)
38030,DMS,he-thong-thong-tin-quan-ly,X25,Điểm học bạ,2025,27.1,Hệ thống thông tin quản lý (chương trình chuẩn)
38031,DMS,he-thong-thong-tin-quan-ly,A00,Điểm thi THPT,2025,24.88,Hệ thống thông tin quản lý (chương trình chuẩn)
38032,DMS,he-thong-thong-tin-quan-ly,A01,Điểm thi THPT,2025,24.88,Hệ thống thông tin quản lý (chương trình chuẩn)
38033,DMS,he-thong-thong-tin-quan-ly,A03,Điểm thi THPT,2025,24.88,Hệ thống thông tin quản lý (chương trình chuẩn)
38034,DMS,he-thong-thong-tin-quan-ly,A04,Điểm thi THPT,2025,24.88,Hệ thống thông tin quản lý (chương trình chuẩn)
38035,DMS,he-thong-thong-tin-quan-ly,A05,Điểm thi THPT,2025,24.88,Hệ thống thông tin quản lý (chương trình chuẩn)
38036,DMS,he-thong-thong-tin-quan-ly,A06,Điểm thi THPT,2025,24.88,Hệ thống thông tin quản lý (chương trình chuẩn)
38037,DMS,he-thong-thong-tin-quan-ly,A07,Điểm thi THPT,2025,24.88,Hệ thống thông tin quản lý (chương trình chuẩn)
38038,DMS,he-thong-thong-tin-quan-ly,C01,Điểm thi THPT,2025,24.88,Hệ thống thông tin quản lý (chương trình chuẩn)
38039,DMS,he-thong-thong-tin-quan-ly,C02,Điểm thi THPT,2025,24.88,Hệ thống thông tin quản lý (chương trình chuẩn)
38040,DMS,he-thong-thong-tin-quan-ly,C03,Điểm thi THPT,2025,24.88,Hệ thống thông tin quản lý (chương trình chuẩn)
38041,DMS,he-thong-thong-tin-quan-ly,C04,Điểm thi THPT,2025,24.88,Hệ thống thông tin quản lý (chương trình chuẩn)
38042,DMS,he-thong-thong-tin-quan-ly,D01,Điểm thi THPT,2025,24.88,Hệ thống thông tin quản lý (chương trình chuẩn)
38043,DMS,he-thong-thong-tin-quan-ly,D07,Điểm thi THPT,2025,24.88,Hệ thống thông tin quản lý (chương trình chuẩn)
38044,DMS,he-thong-thong-tin-quan-ly,D09,Điểm thi THPT,2025,24.88,Hệ thống thông tin quản lý (chương trình chuẩn)
38045,DMS,he-thong-thong-tin-quan-ly,D10,Điểm thi THPT,2025,24.88,Hệ thống thông tin quản lý (chương trình chuẩn)
38046,DMS,he-thong-thong-tin-quan-ly,X01,Điểm thi THPT,2025,24.88,Hệ thống thông tin quản lý (chương trình chuẩn)
38047,DMS,he-thong-thong-tin-quan-ly,X05,Điểm thi THPT,2025,24.88,Hệ thống thông tin quản lý (chương trình chuẩn)
38048,DMS,he-thong-thong-tin-quan-ly,X09,Điểm thi THPT,2025,24.88,Hệ thống thông tin quản lý (chương trình chuẩn)
38049,DMS,he-thong-thong-tin-quan-ly,X17,Điểm thi THPT,2025,24.88,Hệ thống thông tin quản lý (chương trình chuẩn)
38050,DMS,he-thong-thong-tin-quan-ly,X21,Điểm thi THPT,2025,24.88,Hệ thống thông tin quản lý (chương trình chuẩn)
38051,DMS,he-thong-thong-tin-quan-ly,X25,Điểm thi THPT,2025,24.88,Hệ thống thông tin quản lý (chương trình chuẩn)
38052,DMS,ke-toan,A00,Điểm học bạ,2021,26.5,Kế toán
38053,DMS,ke-toan,A01,Điểm học bạ,2021,26.5,Kế toán
38054,DMS,ke-toan,D01,Điểm học bạ,2021,26.5,Kế toán
38055,DMS,ke-toan,D96,Điểm học bạ,2021,26.5,Kế toán
38056,DMS,ke-toan,A00,Điểm thi THPT,2021,24.2,Kế toán
38057,DMS,ke-toan,A01,Điểm thi THPT,2021,24.2,Kế toán
38058,DMS,ke-toan,D01,Điểm thi THPT,2021,24.2,Kế toán
38059,DMS,ke-toan,D96,Điểm thi THPT,2021,24.2,Kế toán
38060,DMS,ke-toan,A00,Điểm học bạ,2022,27.2,Kế toán
38061,DMS,ke-toan,A01,Điểm học bạ,2022,27.2,Kế toán
38062,DMS,ke-toan,D01,Điểm học bạ,2022,27.2,Kế toán
38063,DMS,ke-toan,D96,Điểm học bạ,2022,27.2,Kế toán
38064,DMS,ke-toan,A00,Điểm thi THPT,2022,23.8,Kế toán
38065,DMS,ke-toan,A01,Điểm thi THPT,2022,23.8,Kế toán
38066,DMS,ke-toan,D01,Điểm thi THPT,2022,23.8,Kế toán
38067,DMS,ke-toan,D96,Điểm thi THPT,2022,23.8,Kế toán
38068,DMS,ke-toan,A00,Điểm học bạ,2023,27.5,Kế toán
38069,DMS,ke-toan,A01,Điểm học bạ,2023,27.5,Kế toán
38070,DMS,ke-toan,D01,Điểm học bạ,2023,27.5,Kế toán
38071,DMS,ke-toan,D96,Điểm học bạ,2023,27.5,Kế toán
38072,DMS,ke-toan,A00,Điểm thi THPT,2023,24.6,Kế toán
38073,DMS,ke-toan,A01,Điểm thi THPT,2023,24.6,Kế toán
38074,DMS,ke-toan,D01,Điểm thi THPT,2023,24.6,Kế toán
38075,DMS,ke-toan,D96,Điểm thi THPT,2023,24.6,Kế toán
38076,DMS,ke-toan,A00,Điểm học bạ,2024,26.8,Kế toán
38077,DMS,ke-toan,A01,Điểm học bạ,2024,26.8,Kế toán
38078,DMS,ke-toan,D01,Điểm học bạ,2024,26.8,Kế toán
38079,DMS,ke-toan,D96,Điểm học bạ,2024,26.8,Kế toán
38080,DMS,ke-toan,A00,Điểm thi THPT,2024,22.5,Kế toán
38081,DMS,ke-toan,A01,Điểm thi THPT,2024,22.5,Kế toán
38082,DMS,ke-toan,D01,Điểm thi THPT,2024,22.5,Kế toán
38083,DMS,ke-toan,D96,Điểm thi THPT,2024,22.5,Kế toán
38084,DMS,ke-toan,A00,Điểm học bạ,2025,25.58,Kế toán (chương trình tích hợp)
38085,DMS,ke-toan,A01,Điểm học bạ,2025,25.58,Kế toán (chương trình tích hợp)
38086,DMS,ke-toan,A03,Điểm học bạ,2025,25.58,Kế toán (chương trình tích hợp)
38087,DMS,ke-toan,A04,Điểm học bạ,2025,25.58,Kế toán (chương trình tích hợp)
38088,DMS,ke-toan,A05,Điểm học bạ,2025,25.58,Kế toán (chương trình tích hợp)
38089,DMS,ke-toan,A06,Điểm học bạ,2025,25.58,Kế toán (chương trình tích hợp)
38090,DMS,ke-toan,A07,Điểm học bạ,2025,25.58,Kế toán (chương trình tích hợp)
38091,DMS,ke-toan,C01,Điểm học bạ,2025,25.58,Kế toán (chương trình tích hợp)
38092,DMS,ke-toan,C02,Điểm học bạ,2025,25.58,Kế toán (chương trình tích hợp)
38093,DMS,ke-toan,C03,Điểm học bạ,2025,25.58,Kế toán (chương trình tích hợp)
38094,DMS,ke-toan,C04,Điểm học bạ,2025,25.58,Kế toán (chương trình tích hợp)
38095,DMS,ke-toan,D01,Điểm học bạ,2025,25.58,Kế toán (chương trình tích hợp)
38096,DMS,ke-toan,D07,Điểm học bạ,2025,25.58,Kế toán (chương trình tích hợp)
38097,DMS,ke-toan,D09,Điểm học bạ,2025,25.58,Kế toán (chương trình tích hợp)
38098,DMS,ke-toan,D10,Điểm học bạ,2025,25.58,Kế toán (chương trình tích hợp)
38099,DMS,ke-toan,X01,Điểm học bạ,2025,25.58,Kế toán (chương trình tích hợp)
38100,DMS,ke-toan,X05,Điểm học bạ,2025,25.58,Kế toán (chương trình tích hợp)
38101,DMS,ke-toan,X09,Điểm học bạ,2025,25.58,Kế toán (chương trình tích hợp)
38102,DMS,ke-toan,X17,Điểm học bạ,2025,25.58,Kế toán (chương trình tích hợp)
38103,DMS,ke-toan,X21,Điểm học bạ,2025,25.58,Kế toán (chương trình tích hợp)
38104,DMS,ke-toan,X25,Điểm học bạ,2025,25.58,Kế toán (chương trình tích hợp)
38105,DMS,ke-toan,A00,Điểm thi THPT,2025,23.09,Kế toán (chương trình tích hợp)
38106,DMS,ke-toan,A01,Điểm thi THPT,2025,23.09,Kế toán (chương trình tích hợp)
38107,DMS,ke-toan,A03,Điểm thi THPT,2025,23.09,Kế toán (chương trình tích hợp)
38108,DMS,ke-toan,A04,Điểm thi THPT,2025,23.09,Kế toán (chương trình tích hợp)
38109,DMS,ke-toan,A05,Điểm thi THPT,2025,23.09,Kế toán (chương trình tích hợp)
38110,DMS,ke-toan,A06,Điểm thi THPT,2025,23.09,Kế toán (chương trình tích hợp)
38111,DMS,ke-toan,A07,Điểm thi THPT,2025,23.09,Kế toán (chương trình tích hợp)
38112,DMS,ke-toan,C01,Điểm thi THPT,2025,23.09,Kế toán (chương trình tích hợp)
38113,DMS,ke-toan,C02,Điểm thi THPT,2025,23.09,Kế toán (chương trình tích hợp)
38114,DMS,ke-toan,C03,Điểm thi THPT,2025,23.09,Kế toán (chương trình tích hợp)
38115,DMS,ke-toan,C04,Điểm thi THPT,2025,23.09,Kế toán (chương trình tích hợp)
38116,DMS,ke-toan,D01,Điểm thi THPT,2025,23.09,Kế toán (chương trình tích hợp)
38117,DMS,ke-toan,D07,Điểm thi THPT,2025,23.09,Kế toán (chương trình tích hợp)
38118,DMS,ke-toan,D09,Điểm thi THPT,2025,23.09,Kế toán (chương trình tích hợp)
38119,DMS,ke-toan,D10,Điểm thi THPT,2025,23.09,Kế toán (chương trình tích hợp)
38120,DMS,ke-toan,X01,Điểm thi THPT,2025,23.09,Kế toán (chương trình tích hợp)
38121,DMS,ke-toan,X05,Điểm thi THPT,2025,23.09,Kế toán (chương trình tích hợp)
38122,DMS,ke-toan,X09,Điểm thi THPT,2025,23.09,Kế toán (chương trình tích hợp)
38123,DMS,ke-toan,X17,Điểm thi THPT,2025,23.09,Kế toán (chương trình tích hợp)
38124,DMS,ke-toan,X21,Điểm thi THPT,2025,23.09,Kế toán (chương trình tích hợp)
38125,DMS,ke-toan,X25,Điểm thi THPT,2025,23.09,Kế toán (chương trình tích hợp)
38126,DMS,khoa-hoc-du-lieu,A00,Điểm học bạ,2025,26.36,Khoa học dữ liệu (chương trình chuẩn)
38127,DMS,khoa-hoc-du-lieu,A01,Điểm học bạ,2025,26.36,Khoa học dữ liệu (chương trình chuẩn)
38128,DMS,khoa-hoc-du-lieu,A03,Điểm học bạ,2025,26.36,Khoa học dữ liệu (chương trình chuẩn)
38129,DMS,khoa-hoc-du-lieu,A04,Điểm học bạ,2025,26.36,Khoa học dữ liệu (chương trình chuẩn)
38130,DMS,khoa-hoc-du-lieu,A05,Điểm học bạ,2025,26.36,Khoa học dữ liệu (chương trình chuẩn)
38131,DMS,khoa-hoc-du-lieu,A06,Điểm học bạ,2025,26.36,Khoa học dữ liệu (chương trình chuẩn)
38132,DMS,khoa-hoc-du-lieu,A07,Điểm học bạ,2025,26.36,Khoa học dữ liệu (chương trình chuẩn)
38133,DMS,khoa-hoc-du-lieu,C01,Điểm học bạ,2025,26.36,Khoa học dữ liệu (chương trình chuẩn)
38134,DMS,khoa-hoc-du-lieu,C02,Điểm học bạ,2025,26.36,Khoa học dữ liệu (chương trình chuẩn)
38135,DMS,khoa-hoc-du-lieu,C03,Điểm học bạ,2025,26.36,Khoa học dữ liệu (chương trình chuẩn)
38136,DMS,khoa-hoc-du-lieu,C04,Điểm học bạ,2025,26.36,Khoa học dữ liệu (chương trình chuẩn)
38137,DMS,khoa-hoc-du-lieu,D01,Điểm học bạ,2025,26.36,Khoa học dữ liệu (chương trình chuẩn)
38138,DMS,khoa-hoc-du-lieu,D07,Điểm học bạ,2025,26.36,Khoa học dữ liệu (chương trình chuẩn)
38139,DMS,khoa-hoc-du-lieu,D09,Điểm học bạ,2025,26.36,Khoa học dữ liệu (chương trình chuẩn)
38140,DMS,khoa-hoc-du-lieu,D10,Điểm học bạ,2025,26.36,Khoa học dữ liệu (chương trình chuẩn)
38141,DMS,khoa-hoc-du-lieu,X01,Điểm học bạ,2025,26.36,Khoa học dữ liệu (chương trình chuẩn)
38142,DMS,khoa-hoc-du-lieu,X05,Điểm học bạ,2025,26.36,Khoa học dữ liệu (chương trình chuẩn)
38143,DMS,khoa-hoc-du-lieu,X09,Điểm học bạ,2025,26.36,Khoa học dữ liệu (chương trình chuẩn)
38144,DMS,khoa-hoc-du-lieu,X17,Điểm học bạ,2025,26.36,Khoa học dữ liệu (chương trình chuẩn)
38145,DMS,khoa-hoc-du-lieu,X21,Điểm học bạ,2025,26.36,Khoa học dữ liệu (chương trình chuẩn)
38146,DMS,khoa-hoc-du-lieu,X25,Điểm học bạ,2025,26.36,Khoa học dữ liệu (chương trình chuẩn)
38147,DMS,khoa-hoc-du-lieu,A00,Điểm thi THPT,2025,24.01,Khoa học dữ liệu (chương trình chuẩn)
38148,DMS,khoa-hoc-du-lieu,A01,Điểm thi THPT,2025,24.01,Khoa học dữ liệu (chương trình chuẩn)
38149,DMS,khoa-hoc-du-lieu,A03,Điểm thi THPT,2025,24.01,Khoa học dữ liệu (chương trình chuẩn)
38150,DMS,khoa-hoc-du-lieu,A04,Điểm thi THPT,2025,24.01,Khoa học dữ liệu (chương trình chuẩn)
38151,DMS,khoa-hoc-du-lieu,A05,Điểm thi THPT,2025,24.01,Khoa học dữ liệu (chương trình chuẩn)
38152,DMS,khoa-hoc-du-lieu,A06,Điểm thi THPT,2025,24.01,Khoa học dữ liệu (chương trình chuẩn)
38153,DMS,khoa-hoc-du-lieu,A07,Điểm thi THPT,2025,24.01,Khoa học dữ liệu (chương trình chuẩn)
38154,DMS,khoa-hoc-du-lieu,C01,Điểm thi THPT,2025,24.01,Khoa học dữ liệu (chương trình chuẩn)
38155,DMS,khoa-hoc-du-lieu,C02,Điểm thi THPT,2025,24.01,Khoa học dữ liệu (chương trình chuẩn)
38156,DMS,khoa-hoc-du-lieu,C03,Điểm thi THPT,2025,24.01,Khoa học dữ liệu (chương trình chuẩn)
38157,DMS,khoa-hoc-du-lieu,C04,Điểm thi THPT,2025,24.01,Khoa học dữ liệu (chương trình chuẩn)
38158,DMS,khoa-hoc-du-lieu,D01,Điểm thi THPT,2025,24.01,Khoa học dữ liệu (chương trình chuẩn)
38159,DMS,khoa-hoc-du-lieu,D07,Điểm thi THPT,2025,24.01,Khoa học dữ liệu (chương trình chuẩn)
38160,DMS,khoa-hoc-du-lieu,D09,Điểm thi THPT,2025,24.01,Khoa học dữ liệu (chương trình chuẩn)
38161,DMS,khoa-hoc-du-lieu,D10,Điểm thi THPT,2025,24.01,Khoa học dữ liệu (chương trình chuẩn)
38162,DMS,khoa-hoc-du-lieu,X01,Điểm thi THPT,2025,24.01,Khoa học dữ liệu (chương trình chuẩn)
38163,DMS,khoa-hoc-du-lieu,X05,Điểm thi THPT,2025,24.01,Khoa học dữ liệu (chương trình chuẩn)
38164,DMS,khoa-hoc-du-lieu,X09,Điểm thi THPT,2025,24.01,Khoa học dữ liệu (chương trình chuẩn)
38165,DMS,khoa-hoc-du-lieu,X17,Điểm thi THPT,2025,24.01,Khoa học dữ liệu (chương trình chuẩn)
38166,DMS,khoa-hoc-du-lieu,X21,Điểm thi THPT,2025,24.01,Khoa học dữ liệu (chương trình chuẩn)
38167,DMS,khoa-hoc-du-lieu,X25,Điểm thi THPT,2025,24.01,Khoa học dữ liệu (chương trình chuẩn)
38168,DMS,kiem-toan,A00,Điểm học bạ,2025,26.95,Kiểm toán (chương trình tích hợp)
38169,DMS,kiem-toan,A01,Điểm học bạ,2025,26.95,Kiểm toán (chương trình tích hợp)
38170,DMS,kiem-toan,A03,Điểm học bạ,2025,26.95,Kiểm toán (chương trình tích hợp)
38171,DMS,kiem-toan,A04,Điểm học bạ,2025,26.95,Kiểm toán (chương trình tích hợp)
38172,DMS,kiem-toan,A05,Điểm học bạ,2025,26.95,Kiểm toán (chương trình tích hợp)
38173,DMS,kiem-toan,A06,Điểm học bạ,2025,26.95,Kiểm toán (chương trình tích hợp)
38174,DMS,kiem-toan,A07,Điểm học bạ,2025,26.95,Kiểm toán (chương trình tích hợp)
38175,DMS,kiem-toan,C01,Điểm học bạ,2025,26.95,Kiểm toán (chương trình tích hợp)
38176,DMS,kiem-toan,C02,Điểm học bạ,2025,26.95,Kiểm toán (chương trình tích hợp)
38177,DMS,kiem-toan,C03,Điểm học bạ,2025,26.95,Kiểm toán (chương trình tích hợp)
38178,DMS,kiem-toan,C04,Điểm học bạ,2025,26.95,Kiểm toán (chương trình tích hợp)
38179,DMS,kiem-toan,D01,Điểm học bạ,2025,26.95,Kiểm toán (chương trình tích hợp)
38180,DMS,kiem-toan,D07,Điểm học bạ,2025,26.95,Kiểm toán (chương trình tích hợp)
38181,DMS,kiem-toan,D09,Điểm học bạ,2025,26.95,Kiểm toán (chương trình tích hợp)
38182,DMS,kiem-toan,D10,Điểm học bạ,2025,26.95,Kiểm toán (chương trình tích hợp)
38183,DMS,kiem-toan,X01,Điểm học bạ,2025,26.95,Kiểm toán (chương trình tích hợp)
38184,DMS,kiem-toan,X05,Điểm học bạ,2025,26.95,Kiểm toán (chương trình tích hợp)
38185,DMS,kiem-toan,X09,Điểm học bạ,2025,26.95,Kiểm toán (chương trình tích hợp)
38186,DMS,kiem-toan,X17,Điểm học bạ,2025,26.95,Kiểm toán (chương trình tích hợp)
38187,DMS,kiem-toan,X21,Điểm học bạ,2025,26.95,Kiểm toán (chương trình tích hợp)
38188,DMS,kiem-toan,X25,Điểm học bạ,2025,26.95,Kiểm toán (chương trình tích hợp)
38189,DMS,kiem-toan,A00,Điểm thi THPT,2025,24.69,Kiểm toán (chương trình tích hợp)
38190,DMS,kiem-toan,A01,Điểm thi THPT,2025,24.69,Kiểm toán (chương trình tích hợp)
38191,DMS,kiem-toan,A03,Điểm thi THPT,2025,24.69,Kiểm toán (chương trình tích hợp)
38192,DMS,kiem-toan,A04,Điểm thi THPT,2025,24.69,Kiểm toán (chương trình tích hợp)
38193,DMS,kiem-toan,A05,Điểm thi THPT,2025,24.69,Kiểm toán (chương trình tích hợp)
38194,DMS,kiem-toan,A06,Điểm thi THPT,2025,24.69,Kiểm toán (chương trình tích hợp)
38195,DMS,kiem-toan,A07,Điểm thi THPT,2025,24.69,Kiểm toán (chương trình tích hợp)
38196,DMS,kiem-toan,C01,Điểm thi THPT,2025,24.69,Kiểm toán (chương trình tích hợp)
38197,DMS,kiem-toan,C02,Điểm thi THPT,2025,24.69,Kiểm toán (chương trình tích hợp)
38198,DMS,kiem-toan,C03,Điểm thi THPT,2025,24.69,Kiểm toán (chương trình tích hợp)
38199,DMS,kiem-toan,C04,Điểm thi THPT,2025,24.69,Kiểm toán (chương trình tích hợp)
38200,DMS,kiem-toan,D01,Điểm thi THPT,2025,24.69,Kiểm toán (chương trình tích hợp)
38201,DMS,kiem-toan,D07,Điểm thi THPT,2025,24.69,Kiểm toán (chương trình tích hợp)
38202,DMS,kiem-toan,D09,Điểm thi THPT,2025,24.69,Kiểm toán (chương trình tích hợp)
38203,DMS,kiem-toan,D10,Điểm thi THPT,2025,24.69,Kiểm toán (chương trình tích hợp)
38204,DMS,kiem-toan,X01,Điểm thi THPT,2025,24.69,Kiểm toán (chương trình tích hợp)
38205,DMS,kiem-toan,X05,Điểm thi THPT,2025,24.69,Kiểm toán (chương trình tích hợp)
38206,DMS,kiem-toan,X09,Điểm thi THPT,2025,24.69,Kiểm toán (chương trình tích hợp)
38207,DMS,kiem-toan,X17,Điểm thi THPT,2025,24.69,Kiểm toán (chương trình tích hợp)
38208,DMS,kiem-toan,X21,Điểm thi THPT,2025,24.69,Kiểm toán (chương trình tích hợp)
38209,DMS,kiem-toan,X25,Điểm thi THPT,2025,24.69,Kiểm toán (chương trình tích hợp)
38210,DMS,kinh-doanh-quoc-te,A00,Điểm học bạ,2021,28.0,Kinh doanh quốc tế
38211,DMS,kinh-doanh-quoc-te,A01,Điểm học bạ,2021,28.0,Kinh doanh quốc tế
38212,DMS,kinh-doanh-quoc-te,D01,Điểm học bạ,2021,28.0,Kinh doanh quốc tế
38213,DMS,kinh-doanh-quoc-te,D96,Điểm học bạ,2021,28.0,Kinh doanh quốc tế
38214,DMS,kinh-doanh-quoc-te,A00,Điểm thi THPT,2021,24.0,Kinh doanh quốc tế
38215,DMS,kinh-doanh-quoc-te,A01,Điểm thi THPT,2021,24.0,Kinh doanh quốc tế
38216,DMS,kinh-doanh-quoc-te,D01,Điểm thi THPT,2021,24.0,Kinh doanh quốc tế
38217,DMS,kinh-doanh-quoc-te,D96,Điểm thi THPT,2021,24.0,Kinh doanh quốc tế
38218,DMS,kinh-doanh-quoc-te,A00,Điểm học bạ,2022,27.5,Kinh doanh quốc tế
38219,DMS,kinh-doanh-quoc-te,A01,Điểm học bạ,2022,27.5,Kinh doanh quốc tế
38220,DMS,kinh-doanh-quoc-te,D01,Điểm học bạ,2022,27.5,Kinh doanh quốc tế
38221,DMS,kinh-doanh-quoc-te,D96,Điểm học bạ,2022,27.5,Kinh doanh quốc tế
38222,DMS,kinh-doanh-quoc-te,A00,Điểm thi THPT,2022,24.3,Kinh doanh quốc tế
38223,DMS,kinh-doanh-quoc-te,A01,Điểm thi THPT,2022,24.3,Kinh doanh quốc tế
38224,DMS,kinh-doanh-quoc-te,D01,Điểm thi THPT,2022,24.3,Kinh doanh quốc tế
38225,DMS,kinh-doanh-quoc-te,D96,Điểm thi THPT,2022,24.3,Kinh doanh quốc tế
38226,DMS,kinh-doanh-quoc-te,A00,Điểm học bạ,2023,27.8,Kinh doanh quốc tế
38227,DMS,kinh-doanh-quoc-te,A01,Điểm học bạ,2023,27.8,Kinh doanh quốc tế
38228,DMS,kinh-doanh-quoc-te,D01,Điểm học bạ,2023,27.8,Kinh doanh quốc tế
38229,DMS,kinh-doanh-quoc-te,D96,Điểm học bạ,2023,27.8,Kinh doanh quốc tế
38230,DMS,kinh-doanh-quoc-te,A00,Điểm thi THPT,2023,25.8,Kinh doanh quốc tế
38231,DMS,kinh-doanh-quoc-te,A01,Điểm thi THPT,2023,25.8,Kinh doanh quốc tế
38232,DMS,kinh-doanh-quoc-te,D01,Điểm thi THPT,2023,25.8,Kinh doanh quốc tế
38233,DMS,kinh-doanh-quoc-te,D96,Điểm thi THPT,2023,25.8,Kinh doanh quốc tế
38234,DMS,kinh-doanh-quoc-te,A00,Điểm học bạ,2024,26.0,Kinh doanh quốc tế
38235,DMS,kinh-doanh-quoc-te,A01,Điểm học bạ,2024,26.0,Kinh doanh quốc tế
38236,DMS,kinh-doanh-quoc-te,D01,Điểm học bạ,2024,26.0,Kinh doanh quốc tế
38237,DMS,kinh-doanh-quoc-te,D96,Điểm học bạ,2024,26.0,Kinh doanh quốc tế
38238,DMS,kinh-doanh-quoc-te,A00,Điểm thi THPT,2024,22.2,Kinh doanh quốc tế
38239,DMS,kinh-doanh-quoc-te,A01,Điểm thi THPT,2024,22.2,Kinh doanh quốc tế
38240,DMS,kinh-doanh-quoc-te,D01,Điểm thi THPT,2024,22.2,Kinh doanh quốc tế
38241,DMS,kinh-doanh-quoc-te,D96,Điểm thi THPT,2024,22.2,Kinh doanh quốc tế
38242,DMS,kinh-doanh-quoc-te,A00,Điểm học bạ,2025,26.18,Kinh doanh quốc tế (chương trình tích hợp)
38243,DMS,kinh-doanh-quoc-te,A01,Điểm học bạ,2025,31.31,Kinh doanh quốc tế (Chương trình Tiếng Anh toàn phần (Định hướng quốc tế))
38244,DMS,kinh-doanh-quoc-te,A03,Điểm học bạ,2025,26.18,Kinh doanh quốc tế (chương trình tích hợp)
38245,DMS,kinh-doanh-quoc-te,A04,Điểm học bạ,2025,26.18,Kinh doanh quốc tế (chương trình tích hợp)
38246,DMS,kinh-doanh-quoc-te,A05,Điểm học bạ,2025,26.18,Kinh doanh quốc tế (chương trình tích hợp)
38247,DMS,kinh-doanh-quoc-te,A06,Điểm học bạ,2025,26.18,Kinh doanh quốc tế (chương trình tích hợp)
38248,DMS,kinh-doanh-quoc-te,A07,Điểm học bạ,2025,26.18,Kinh doanh quốc tế (chương trình tích hợp)
38249,DMS,kinh-doanh-quoc-te,C01,Điểm học bạ,2025,26.18,Kinh doanh quốc tế (chương trình tích hợp)
38250,DMS,kinh-doanh-quoc-te,C02,Điểm học bạ,2025,26.18,Kinh doanh quốc tế (chương trình tích hợp)
38251,DMS,kinh-doanh-quoc-te,C03,Điểm học bạ,2025,26.18,Kinh doanh quốc tế (chương trình tích hợp)
38252,DMS,kinh-doanh-quoc-te,C04,Điểm học bạ,2025,26.18,Kinh doanh quốc tế (chương trình tích hợp)
38253,DMS,kinh-doanh-quoc-te,D01,Điểm học bạ,2025,31.31,Kinh doanh quốc tế (Chương trình Tiếng Anh toàn phần (Định hướng quốc tế))
38254,DMS,kinh-doanh-quoc-te,D07,Điểm học bạ,2025,31.31,Kinh doanh quốc tế (Chương trình Tiếng Anh toàn phần (Định hướng quốc tế))
38255,DMS,kinh-doanh-quoc-te,D09,Điểm học bạ,2025,31.31,Kinh doanh quốc tế (Chương trình Tiếng Anh toàn phần (Định hướng quốc tế))
38256,DMS,kinh-doanh-quoc-te,D10,Điểm học bạ,2025,31.31,Kinh doanh quốc tế (Chương trình Tiếng Anh toàn phần (Định hướng quốc tế))
38257,DMS,kinh-doanh-quoc-te,X01,Điểm học bạ,2025,26.18,Kinh doanh quốc tế (chương trình tích hợp)
38258,DMS,kinh-doanh-quoc-te,X05,Điểm học bạ,2025,26.18,Kinh doanh quốc tế (chương trình tích hợp)
38259,DMS,kinh-doanh-quoc-te,X09,Điểm học bạ,2025,26.18,Kinh doanh quốc tế (chương trình tích hợp)
38260,DMS,kinh-doanh-quoc-te,X17,Điểm học bạ,2025,26.18,Kinh doanh quốc tế (chương trình tích hợp)
38261,DMS,kinh-doanh-quoc-te,X21,Điểm học bạ,2025,26.18,Kinh doanh quốc tế (chương trình tích hợp)
38262,DMS,kinh-doanh-quoc-te,X25,Điểm học bạ,2025,31.31,Kinh doanh quốc tế (Chương trình Tiếng Anh toàn phần (Định hướng quốc tế))
38263,DMS,kinh-doanh-quoc-te,A00,Điểm thi THPT,2025,23.79,Kinh doanh quốc tế (chương trình tích hợp)
38264,DMS,kinh-doanh-quoc-te,A01,Điểm thi THPT,2025,27.79,Kinh doanh quốc tế (Chương trình Tiếng Anh toàn phần (Định hướng quốc tế))
38265,DMS,kinh-doanh-quoc-te,A03,Điểm thi THPT,2025,23.79,Kinh doanh quốc tế (chương trình tích hợp)
38266,DMS,kinh-doanh-quoc-te,A04,Điểm thi THPT,2025,23.79,Kinh doanh quốc tế (chương trình tích hợp)
38267,DMS,kinh-doanh-quoc-te,A05,Điểm thi THPT,2025,23.79,Kinh doanh quốc tế (chương trình tích hợp)
38268,DMS,kinh-doanh-quoc-te,A06,Điểm thi THPT,2025,23.79,Kinh doanh quốc tế (chương trình tích hợp)
38269,DMS,kinh-doanh-quoc-te,A07,Điểm thi THPT,2025,23.79,Kinh doanh quốc tế (chương trình tích hợp)
38270,DMS,kinh-doanh-quoc-te,C01,Điểm thi THPT,2025,23.79,Kinh doanh quốc tế (chương trình tích hợp)
38271,DMS,kinh-doanh-quoc-te,C02,Điểm thi THPT,2025,23.79,Kinh doanh quốc tế (chương trình tích hợp)
38272,DMS,kinh-doanh-quoc-te,C03,Điểm thi THPT,2025,23.79,Kinh doanh quốc tế (chương trình tích hợp)
38273,DMS,kinh-doanh-quoc-te,C04,Điểm thi THPT,2025,23.79,Kinh doanh quốc tế (chương trình tích hợp)
38274,DMS,kinh-doanh-quoc-te,D01,Điểm thi THPT,2025,27.79,Kinh doanh quốc tế (Chương trình Tiếng Anh toàn phần (Định hướng quốc tế))
38275,DMS,kinh-doanh-quoc-te,D07,Điểm thi THPT,2025,27.79,Kinh doanh quốc tế (Chương trình Tiếng Anh toàn phần (Định hướng quốc tế))
38276,DMS,kinh-doanh-quoc-te,D09,Điểm thi THPT,2025,27.79,Kinh doanh quốc tế (Chương trình Tiếng Anh toàn phần (Định hướng quốc tế))
38277,DMS,kinh-doanh-quoc-te,D10,Điểm thi THPT,2025,27.79,Kinh doanh quốc tế (Chương trình Tiếng Anh toàn phần (Định hướng quốc tế))
38278,DMS,kinh-doanh-quoc-te,X01,Điểm thi THPT,2025,23.79,Kinh doanh quốc tế (chương trình tích hợp)
38279,DMS,kinh-doanh-quoc-te,X05,Điểm thi THPT,2025,23.79,Kinh doanh quốc tế (chương trình tích hợp)
38280,DMS,kinh-doanh-quoc-te,X09,Điểm thi THPT,2025,23.79,Kinh doanh quốc tế (chương trình tích hợp)
38281,DMS,kinh-doanh-quoc-te,X17,Điểm thi THPT,2025,23.79,Kinh doanh quốc tế (chương trình tích hợp)
38282,DMS,kinh-doanh-quoc-te,X21,Điểm thi THPT,2025,23.79,Kinh doanh quốc tế (chương trình tích hợp)
38283,DMS,kinh-doanh-quoc-te,X25,Điểm thi THPT,2025,27.79,Kinh doanh quốc tế (Chương trình Tiếng Anh toàn phần (Định hướng quốc tế))
38284,DMS,kinh-te,A00,Điểm học bạ,2021,27.0,Kinh tế
38285,DMS,kinh-te,A01,Điểm học bạ,2021,27.0,Kinh tế
38286,DMS,kinh-te,D01,Điểm học bạ,2021,27.0,Kinh tế
38287,DMS,kinh-te,D96,Điểm học bạ,2021,27.0,Kinh tế
38288,DMS,kinh-te,A00,Điểm thi THPT,2021,25.8,Kinh tế
38289,DMS,kinh-te,A01,Điểm thi THPT,2021,25.8,Kinh tế
38290,DMS,kinh-te,D01,Điểm thi THPT,2021,25.8,Kinh tế
38291,DMS,kinh-te,D96,Điểm thi THPT,2021,25.8,Kinh tế
38292,DMS,kinh-te,A00,Điểm học bạ,2022,28.8,Kinh tế
38293,DMS,kinh-te,A01,Điểm học bạ,2022,28.8,Kinh tế
38294,DMS,kinh-te,D01,Điểm học bạ,2022,28.8,Kinh tế
38295,DMS,kinh-te,D96,Điểm học bạ,2022,28.8,Kinh tế
38296,DMS,kinh-te,A00,Điểm thi THPT,2022,25.6,Kinh tế
38297,DMS,kinh-te,A01,Điểm thi THPT,2022,25.6,Kinh tế
38298,DMS,kinh-te,D01,Điểm thi THPT,2022,25.6,Kinh tế
38299,DMS,kinh-te,D96,Điểm thi THPT,2022,25.6,Kinh tế
38300,DMS,kinh-te,A00,Điểm học bạ,2023,28.7,Kinh tế
38301,DMS,kinh-te,A01,Điểm học bạ,2023,28.7,Kinh tế
38302,DMS,kinh-te,D01,Điểm học bạ,2023,28.7,Kinh tế
38303,DMS,kinh-te,D96,Điểm học bạ,2023,28.7,Kinh tế
38304,DMS,kinh-te,A00,Điểm thi THPT,2023,24.8,Kinh tế
38305,DMS,kinh-te,A01,Điểm thi THPT,2023,24.8,Kinh tế
38306,DMS,kinh-te,D01,Điểm thi THPT,2023,24.8,Kinh tế
38307,DMS,kinh-te,D96,Điểm thi THPT,2023,24.8,Kinh tế
38308,DMS,kinh-te,A00,Điểm học bạ,2024,27.0,Kinh tế
38309,DMS,kinh-te,A01,Điểm học bạ,2024,27.0,Kinh tế
38310,DMS,kinh-te,D01,Điểm học bạ,2024,27.0,Kinh tế
38311,DMS,kinh-te,D96,Điểm học bạ,2024,27.0,Kinh tế
38312,DMS,kinh-te,A00,Điểm thi THPT,2024,25.0,Kinh tế
38313,DMS,kinh-te,A01,Điểm thi THPT,2024,25.0,Kinh tế
38314,DMS,kinh-te,D01,Điểm thi THPT,2024,25.0,Kinh tế
38315,DMS,kinh-te,D96,Điểm thi THPT,2024,25.0,Kinh tế
38316,DMS,kinh-te,A00,Điểm học bạ,2025,27.67,Kinh tế (chương trình chuẩn)
38317,DMS,kinh-te,A01,Điểm học bạ,2025,27.67,Kinh tế (chương trình chuẩn)
38318,DMS,kinh-te,A03,Điểm học bạ,2025,27.67,Kinh tế (chương trình chuẩn)
38319,DMS,kinh-te,A04,Điểm học bạ,2025,27.67,Kinh tế (chương trình chuẩn)
38320,DMS,kinh-te,A05,Điểm học bạ,2025,27.67,Kinh tế (chương trình chuẩn)
38321,DMS,kinh-te,A06,Điểm học bạ,2025,27.67,Kinh tế (chương trình chuẩn)
38322,DMS,kinh-te,A07,Điểm học bạ,2025,27.67,Kinh tế (chương trình chuẩn)
38323,DMS,kinh-te,C01,Điểm học bạ,2025,27.67,Kinh tế (chương trình chuẩn)
38324,DMS,kinh-te,C02,Điểm học bạ,2025,27.67,Kinh tế (chương trình chuẩn)
38325,DMS,kinh-te,C03,Điểm học bạ,2025,27.67,Kinh tế (chương trình chuẩn)
38326,DMS,kinh-te,C04,Điểm học bạ,2025,27.67,Kinh tế (chương trình chuẩn)
38327,DMS,kinh-te,D01,Điểm học bạ,2025,27.67,Kinh tế (chương trình chuẩn)
38328,DMS,kinh-te,D07,Điểm học bạ,2025,27.67,Kinh tế (chương trình chuẩn)
38329,DMS,kinh-te,D09,Điểm học bạ,2025,27.67,Kinh tế (chương trình chuẩn)
38330,DMS,kinh-te,D10,Điểm học bạ,2025,27.67,Kinh tế (chương trình chuẩn)
38331,DMS,kinh-te,X01,Điểm học bạ,2025,27.67,Kinh tế (chương trình chuẩn)
38332,DMS,kinh-te,X05,Điểm học bạ,2025,27.67,Kinh tế (chương trình chuẩn)
38333,DMS,kinh-te,X09,Điểm học bạ,2025,27.67,Kinh tế (chương trình chuẩn)
38334,DMS,kinh-te,X17,Điểm học bạ,2025,27.67,Kinh tế (chương trình chuẩn)
38335,DMS,kinh-te,X21,Điểm học bạ,2025,27.67,Kinh tế (chương trình chuẩn)
38336,DMS,kinh-te,X25,Điểm học bạ,2025,27.67,Kinh tế (chương trình chuẩn)
38337,DMS,kinh-te,A00,Điểm thi THPT,2025,25.63,Kinh tế (chương trình chuẩn)
38338,DMS,kinh-te,A01,Điểm thi THPT,2025,25.63,Kinh tế (chương trình chuẩn)
38339,DMS,kinh-te,A03,Điểm thi THPT,2025,25.63,Kinh tế (chương trình chuẩn)
38340,DMS,kinh-te,A04,Điểm thi THPT,2025,25.63,Kinh tế (chương trình chuẩn)
38341,DMS,kinh-te,A05,Điểm thi THPT,2025,25.63,Kinh tế (chương trình chuẩn)
38342,DMS,kinh-te,A06,Điểm thi THPT,2025,25.63,Kinh tế (chương trình chuẩn)
38343,DMS,kinh-te,A07,Điểm thi THPT,2025,25.63,Kinh tế (chương trình chuẩn)
38344,DMS,kinh-te,C01,Điểm thi THPT,2025,25.63,Kinh tế (chương trình chuẩn)
38345,DMS,kinh-te,C02,Điểm thi THPT,2025,25.63,Kinh tế (chương trình chuẩn)
38346,DMS,kinh-te,C03,Điểm thi THPT,2025,25.63,Kinh tế (chương trình chuẩn)
38347,DMS,kinh-te,C04,Điểm thi THPT,2025,25.63,Kinh tế (chương trình chuẩn)
38348,DMS,kinh-te,D01,Điểm thi THPT,2025,25.63,Kinh tế (chương trình chuẩn)
38349,DMS,kinh-te,D07,Điểm thi THPT,2025,25.63,Kinh tế (chương trình chuẩn)
38350,DMS,kinh-te,D09,Điểm thi THPT,2025,25.63,Kinh tế (chương trình chuẩn)
38351,DMS,kinh-te,D10,Điểm thi THPT,2025,25.63,Kinh tế (chương trình chuẩn)
38352,DMS,kinh-te,X01,Điểm thi THPT,2025,25.63,Kinh tế (chương trình chuẩn)
38353,DMS,kinh-te,X05,Điểm thi THPT,2025,25.63,Kinh tế (chương trình chuẩn)
38354,DMS,kinh-te,X09,Điểm thi THPT,2025,25.63,Kinh tế (chương trình chuẩn)
38355,DMS,kinh-te,X17,Điểm thi THPT,2025,25.63,Kinh tế (chương trình chuẩn)
38356,DMS,kinh-te,X21,Điểm thi THPT,2025,25.63,Kinh tế (chương trình chuẩn)
38357,DMS,kinh-te,X25,Điểm thi THPT,2025,25.63,Kinh tế (chương trình chuẩn)
38358,DMS,luat-kinh-te,A00,Điểm học bạ,2021,27.0,Luật kinh tế
38359,DMS,luat-kinh-te,A01,Điểm học bạ,2021,27.0,Luật kinh tế
38360,DMS,luat-kinh-te,D01,Điểm học bạ,2021,27.0,Luật kinh tế
38361,DMS,luat-kinh-te,D96,Điểm học bạ,2021,27.0,Luật kinh tế
38362,DMS,luat-kinh-te,A00,Điểm thi THPT,2021,24.8,Luật kinh tế
38363,DMS,luat-kinh-te,A01,Điểm thi THPT,2021,24.8,Luật kinh tế
38364,DMS,luat-kinh-te,D01,Điểm thi THPT,2021,24.8,Luật kinh tế
38365,DMS,luat-kinh-te,D96,Điểm thi THPT,2021,24.8,Luật kinh tế
38366,DMS,luat-kinh-te,A00,Điểm học bạ,2022,28.6,Luật kinh tế
38367,DMS,luat-kinh-te,A01,Điểm học bạ,2022,28.6,Luật kinh tế
38368,DMS,luat-kinh-te,D01,Điểm học bạ,2022,28.6,Luật kinh tế
38369,DMS,luat-kinh-te,D96,Điểm học bạ,2022,28.6,Luật kinh tế
38370,DMS,luat-kinh-te,A00,Điểm thi THPT,2022,25.2,Luật kinh tế
38371,DMS,luat-kinh-te,A01,Điểm thi THPT,2022,25.2,Luật kinh tế
38372,DMS,luat-kinh-te,D01,Điểm thi THPT,2022,25.2,Luật kinh tế
38373,DMS,luat-kinh-te,D96,Điểm thi THPT,2022,25.2,Luật kinh tế
38374,DMS,luat-kinh-te,A00,Điểm học bạ,2023,28.5,Luật kinh tế
38375,DMS,luat-kinh-te,A01,Điểm học bạ,2023,28.5,Luật kinh tế
38376,DMS,luat-kinh-te,D01,Điểm học bạ,2023,28.5,Luật kinh tế
38377,DMS,luat-kinh-te,D96,Điểm học bạ,2023,28.5,Luật kinh tế
38378,DMS,luat-kinh-te,A00,Điểm thi THPT,2023,24.8,Luật kinh tế
38379,DMS,luat-kinh-te,A01,Điểm thi THPT,2023,24.8,Luật kinh tế
38380,DMS,luat-kinh-te,D01,Điểm thi THPT,2023,24.8,Luật kinh tế
38381,DMS,luat-kinh-te,D96,Điểm thi THPT,2023,24.8,Luật kinh tế
38382,DMS,luat-kinh-te,A00,Điểm học bạ,2024,28.5,Luật kinh tế
38383,DMS,luat-kinh-te,A01,Điểm học bạ,2024,28.5,Luật kinh tế
38384,DMS,luat-kinh-te,D01,Điểm học bạ,2024,28.5,Luật kinh tế
38385,DMS,luat-kinh-te,D96,Điểm học bạ,2024,28.5,Luật kinh tế
38386,DMS,luat-kinh-te,A00,Điểm thi THPT,2024,24.4,Luật kinh tế
38387,DMS,luat-kinh-te,D96,Điểm thi THPT,2024,24.4,Luật kinh tế
38388,DMS,luat-kinh-te,A00,Điểm học bạ,2025,27.49,Luật kinh tế (chương trình chuẩn)
38389,DMS,luat-kinh-te,A01,Điểm học bạ,2025,27.49,Luật kinh tế (chương trình chuẩn)
38390,DMS,luat-kinh-te,A03,Điểm học bạ,2025,27.49,Luật kinh tế (chương trình chuẩn)
38391,DMS,luat-kinh-te,A04,Điểm học bạ,2025,27.49,Luật kinh tế (chương trình chuẩn)
38392,DMS,luat-kinh-te,A05,Điểm học bạ,2025,27.49,Luật kinh tế (chương trình chuẩn)
38393,DMS,luat-kinh-te,A06,Điểm học bạ,2025,27.49,Luật kinh tế (chương trình chuẩn)
38394,DMS,luat-kinh-te,A07,Điểm học bạ,2025,27.49,Luật kinh tế (chương trình chuẩn)
38395,DMS,luat-kinh-te,C01,Điểm học bạ,2025,27.49,Luật kinh tế (chương trình chuẩn)
38396,DMS,luat-kinh-te,C02,Điểm học bạ,2025,27.49,Luật kinh tế (chương trình chuẩn)
38397,DMS,luat-kinh-te,C03,Điểm học bạ,2025,27.49,Luật kinh tế (chương trình chuẩn)
38398,DMS,luat-kinh-te,C04,Điểm học bạ,2025,27.49,Luật kinh tế (chương trình chuẩn)
38399,DMS,luat-kinh-te,D01,Điểm học bạ,2025,27.49,Luật kinh tế (chương trình chuẩn)
38400,DMS,luat-kinh-te,D07,Điểm học bạ,2025,27.49,Luật kinh tế (chương trình chuẩn)
38401,DMS,luat-kinh-te,D09,Điểm học bạ,2025,27.49,Luật kinh tế (chương trình chuẩn)
38402,DMS,luat-kinh-te,D10,Điểm học bạ,2025,27.49,Luật kinh tế (chương trình chuẩn)
38403,DMS,luat-kinh-te,X01,Điểm học bạ,2025,27.49,Luật kinh tế (chương trình chuẩn)
38404,DMS,luat-kinh-te,X05,Điểm học bạ,2025,27.49,Luật kinh tế (chương trình chuẩn)
38405,DMS,luat-kinh-te,X09,Điểm học bạ,2025,27.49,Luật kinh tế (chương trình chuẩn)
38406,DMS,luat-kinh-te,X17,Điểm học bạ,2025,27.49,Luật kinh tế (chương trình chuẩn)
38407,DMS,luat-kinh-te,X21,Điểm học bạ,2025,27.49,Luật kinh tế (chương trình chuẩn)
38408,DMS,luat-kinh-te,X25,Điểm học bạ,2025,27.49,Luật kinh tế (chương trình chuẩn)
38409,DMS,luat-kinh-te,A00,Điểm thi THPT,2025,25.39,Luật kinh tế (chương trình chuẩn)
38410,DMS,luat-kinh-te,A01,Điểm thi THPT,2025,25.39,Luật kinh tế (chương trình chuẩn)
38411,DMS,luat-kinh-te,A03,Điểm thi THPT,2025,25.39,Luật kinh tế (chương trình chuẩn)
38412,DMS,luat-kinh-te,A04,Điểm thi THPT,2025,25.39,Luật kinh tế (chương trình chuẩn)
38413,DMS,luat-kinh-te,A05,Điểm thi THPT,2025,25.39,Luật kinh tế (chương trình chuẩn)
38414,DMS,luat-kinh-te,A06,Điểm thi THPT,2025,25.39,Luật kinh tế (chương trình chuẩn)
38415,DMS,luat-kinh-te,A07,Điểm thi THPT,2025,25.39,Luật kinh tế (chương trình chuẩn)
38416,DMS,luat-kinh-te,C01,Điểm thi THPT,2025,25.39,Luật kinh tế (chương trình chuẩn)
38417,DMS,luat-kinh-te,C02,Điểm thi THPT,2025,25.39,Luật kinh tế (chương trình chuẩn)
38418,DMS,luat-kinh-te,C03,Điểm thi THPT,2025,25.39,Luật kinh tế (chương trình chuẩn)
38419,DMS,luat-kinh-te,C04,Điểm thi THPT,2025,25.39,Luật kinh tế (chương trình chuẩn)
38420,DMS,luat-kinh-te,D01,Điểm thi THPT,2025,25.39,Luật kinh tế (chương trình chuẩn)
38421,DMS,luat-kinh-te,D07,Điểm thi THPT,2025,25.39,Luật kinh tế (chương trình chuẩn)
38422,DMS,luat-kinh-te,D09,Điểm thi THPT,2025,25.39,Luật kinh tế (chương trình chuẩn)
38423,DMS,luat-kinh-te,D10,Điểm thi THPT,2025,25.39,Luật kinh tế (chương trình chuẩn)
38424,DMS,luat-kinh-te,X01,Điểm thi THPT,2025,25.39,Luật kinh tế (chương trình chuẩn)
38425,DMS,luat-kinh-te,X05,Điểm thi THPT,2025,25.39,Luật kinh tế (chương trình chuẩn)
38426,DMS,luat-kinh-te,X09,Điểm thi THPT,2025,25.39,Luật kinh tế (chương trình chuẩn)
38427,DMS,luat-kinh-te,X17,Điểm thi THPT,2025,25.39,Luật kinh tế (chương trình chuẩn)
38428,DMS,luat-kinh-te,X21,Điểm thi THPT,2025,25.39,Luật kinh tế (chương trình chuẩn)
38429,DMS,luat-kinh-te,X25,Điểm thi THPT,2025,25.39,Luật kinh tế (chương trình chuẩn)
38430,DMS,marketing,A00,Điểm học bạ,2021,28.0,Marketing
38431,DMS,marketing,A01,Điểm học bạ,2021,28.0,Marketing
38432,DMS,marketing,D01,Điểm học bạ,2021,28.0,Marketing
38433,DMS,marketing,D96,Điểm học bạ,2021,28.0,Marketing
38434,DMS,marketing,A00,Điểm thi THPT,2021,24.2,Marketing
38435,DMS,marketing,A01,Điểm thi THPT,2021,24.2,Marketing
38436,DMS,marketing,D01,Điểm thi THPT,2021,24.2,Marketing
38437,DMS,marketing,D96,Điểm thi THPT,2021,24.2,Marketing
38438,DMS,marketing,A00,Điểm học bạ,2022,27.5,Marketing
38439,DMS,marketing,A01,Điểm học bạ,2022,27.5,Marketing
38440,DMS,marketing,D01,Điểm học bạ,2022,27.5,Marketing
38441,DMS,marketing,D96,Điểm học bạ,2022,27.5,Marketing
38442,DMS,marketing,A00,Điểm thi THPT,2022,25.0,Marketing
38443,DMS,marketing,A01,Điểm thi THPT,2022,25.0,Marketing
38444,DMS,marketing,D01,Điểm thi THPT,2022,25.0,Marketing
38445,DMS,marketing,D96,Điểm thi THPT,2022,25.0,Marketing
38446,DMS,marketing,A00,Điểm học bạ,2023,28.0,Marketing
38447,DMS,marketing,A01,Điểm học bạ,2023,28.0,Marketing
38448,DMS,marketing,D01,Điểm học bạ,2023,28.0,Marketing
38449,DMS,marketing,D96,Điểm học bạ,2023,28.0,Marketing
38450,DMS,marketing,A00,Điểm thi THPT,2023,25.9,Marketing
38451,DMS,marketing,A01,Điểm thi THPT,2023,25.9,Marketing
38452,DMS,marketing,D01,Điểm thi THPT,2023,25.9,Marketing
38453,DMS,marketing,D96,Điểm thi THPT,2023,25.9,Marketing
38454,DMS,marketing,A00,Điểm học bạ,2024,28.0,Marketing
38455,DMS,marketing,A01,Điểm học bạ,2024,28.0,Marketing
38456,DMS,marketing,D01,Điểm học bạ,2024,28.0,Marketing
38457,DMS,marketing,D96,Điểm học bạ,2024,28.0,Marketing
38458,DMS,marketing,A00,Điểm thi THPT,2024,23.8,Marketing
38459,DMS,marketing,A01,Điểm thi THPT,2024,23.8,Marketing
38460,DMS,marketing,D01,Điểm thi THPT,2024,23.8,Marketing
38461,DMS,marketing,D96,Điểm thi THPT,2024,23.8,Marketing
38462,DMS,marketing,A00,Điểm học bạ,2025,27.2,Marketing (chương trình tích hợp)
38463,DMS,marketing,A01,Điểm học bạ,2025,32.64,Marketing (Chương trình Tiếng Anh toàn phần (Định hướng quốc tế))
38464,DMS,marketing,A03,Điểm học bạ,2025,27.2,Marketing (chương trình tích hợp)
38465,DMS,marketing,A04,Điểm học bạ,2025,27.2,Marketing (chương trình tích hợp)
38466,DMS,marketing,A05,Điểm học bạ,2025,27.2,Marketing (chương trình tích hợp)
38467,DMS,marketing,A06,Điểm học bạ,2025,27.2,Marketing (chương trình tích hợp)
38468,DMS,marketing,A07,Điểm học bạ,2025,27.2,Marketing (chương trình tích hợp)
38469,DMS,marketing,C01,Điểm học bạ,2025,27.2,Marketing (chương trình tích hợp)
38470,DMS,marketing,C02,Điểm học bạ,2025,27.2,Marketing (chương trình tích hợp)
38471,DMS,marketing,C03,Điểm học bạ,2025,27.2,Marketing (chương trình tích hợp)
38472,DMS,marketing,C04,Điểm học bạ,2025,27.2,Marketing (chương trình tích hợp)
38473,DMS,marketing,D01,Điểm học bạ,2025,32.64,Marketing (Chương trình Tiếng Anh toàn phần (Định hướng quốc tế))
38474,DMS,marketing,D07,Điểm học bạ,2025,32.64,Marketing (Chương trình Tiếng Anh toàn phần (Định hướng quốc tế))
38475,DMS,marketing,D09,Điểm học bạ,2025,32.64,Marketing (Chương trình Tiếng Anh toàn phần (Định hướng quốc tế))
38476,DMS,marketing,D10,Điểm học bạ,2025,32.64,Marketing (Chương trình Tiếng Anh toàn phần (Định hướng quốc tế))
38477,DMS,marketing,X01,Điểm học bạ,2025,27.2,Marketing (chương trình tích hợp)
38478,DMS,marketing,X05,Điểm học bạ,2025,27.2,Marketing (chương trình tích hợp)
38479,DMS,marketing,X09,Điểm học bạ,2025,27.2,Marketing (chương trình tích hợp)
38480,DMS,marketing,X17,Điểm học bạ,2025,27.2,Marketing (chương trình tích hợp)
38481,DMS,marketing,X21,Điểm học bạ,2025,27.2,Marketing (chương trình tích hợp)
38482,DMS,marketing,X25,Điểm học bạ,2025,32.64,Marketing (Chương trình Tiếng Anh toàn phần (Định hướng quốc tế))
38483,DMS,marketing,A00,Điểm thi THPT,2025,25.01,Marketing (chương trình tích hợp)
38484,DMS,marketing,A01,Điểm thi THPT,2025,29.21,Marketing (Chương trình Tiếng Anh toàn phần (Định hướng quốc tế))
38485,DMS,marketing,A03,Điểm thi THPT,2025,25.01,Marketing (chương trình tích hợp)
38486,DMS,marketing,A04,Điểm thi THPT,2025,25.01,Marketing (chương trình tích hợp)
38487,DMS,marketing,A05,Điểm thi THPT,2025,25.01,Marketing (chương trình tích hợp)
38488,DMS,marketing,A06,Điểm thi THPT,2025,25.01,Marketing (chương trình tích hợp)
38489,DMS,marketing,A07,Điểm thi THPT,2025,25.01,Marketing (chương trình tích hợp)
38490,DMS,marketing,C01,Điểm thi THPT,2025,25.01,Marketing (chương trình tích hợp)
38491,DMS,marketing,C02,Điểm thi THPT,2025,25.01,Marketing (chương trình tích hợp)
38492,DMS,marketing,C03,Điểm thi THPT,2025,25.01,Marketing (chương trình tích hợp)
38493,DMS,marketing,C04,Điểm thi THPT,2025,25.01,Marketing (chương trình tích hợp)
38494,DMS,marketing,D01,Điểm thi THPT,2025,29.21,Marketing (Chương trình Tiếng Anh toàn phần (Định hướng quốc tế))
38495,DMS,marketing,D07,Điểm thi THPT,2025,29.21,Marketing (Chương trình Tiếng Anh toàn phần (Định hướng quốc tế))
38496,DMS,marketing,D09,Điểm thi THPT,2025,29.21,Marketing (Chương trình Tiếng Anh toàn phần (Định hướng quốc tế))
38497,DMS,marketing,D10,Điểm thi THPT,2025,29.21,Marketing (Chương trình Tiếng Anh toàn phần (Định hướng quốc tế))
38498,DMS,marketing,X01,Điểm thi THPT,2025,25.01,Marketing (chương trình tích hợp)
38499,DMS,marketing,X05,Điểm thi THPT,2025,25.01,Marketing (chương trình tích hợp)
38500,DMS,marketing,X09,Điểm thi THPT,2025,25.01,Marketing (chương trình tích hợp)
38501,DMS,marketing,X17,Điểm thi THPT,2025,25.01,Marketing (chương trình tích hợp)
38502,DMS,marketing,X21,Điểm thi THPT,2025,25.01,Marketing (chương trình tích hợp)
38503,DMS,marketing,X25,Điểm thi THPT,2025,29.21,Marketing (Chương trình Tiếng Anh toàn phần (Định hướng quốc tế))
38504,DMS,ngon-ngu-anh,D01,Điểm học bạ,2021,26.5,Ngôn ngữ Anh
38505,DMS,ngon-ngu-anh,D72,Điểm học bạ,2021,26.5,Ngôn ngữ Anh
38506,DMS,ngon-ngu-anh,D78,Điểm học bạ,2021,26.5,Ngôn ngữ Anh
38507,DMS,ngon-ngu-anh,D96,Điểm học bạ,2021,26.5,Ngôn ngữ Anh
38508,DMS,ngon-ngu-anh,D01,Điểm thi THPT,2021,26.1,Ngôn ngữ Anh
38509,DMS,ngon-ngu-anh,D72,Điểm thi THPT,2021,26.1,Ngôn ngữ Anh
38510,DMS,ngon-ngu-anh,D78,Điểm thi THPT,2021,26.1,Ngôn ngữ Anh
38511,DMS,ngon-ngu-anh,D96,Điểm thi THPT,2021,26.1,Ngôn ngữ Anh
38512,DMS,ngon-ngu-anh,D01,Điểm học bạ,2022,27.5,Ngôn ngữ Anh
38513,DMS,ngon-ngu-anh,D72,Điểm học bạ,2022,27.5,Ngôn ngữ Anh
38514,DMS,ngon-ngu-anh,D78,Điểm học bạ,2022,27.5,Ngôn ngữ Anh
38515,DMS,ngon-ngu-anh,D96,Điểm học bạ,2022,27.5,Ngôn ngữ Anh
38516,DMS,ngon-ngu-anh,D01,Điểm thi THPT,2022,23.6,Ngôn ngữ Anh
38517,DMS,ngon-ngu-anh,D72,Điểm thi THPT,2022,23.6,Ngôn ngữ Anh
38518,DMS,ngon-ngu-anh,D78,Điểm thi THPT,2022,23.6,Ngôn ngữ Anh
38519,DMS,ngon-ngu-anh,D96,Điểm thi THPT,2022,23.6,Ngôn ngữ Anh
38520,DMS,ngon-ngu-anh,D01,Điểm học bạ,2023,27.5,Ngôn ngữ Anh
38521,DMS,ngon-ngu-anh,D72,Điểm học bạ,2023,27.5,Ngôn ngữ Anh
38522,DMS,ngon-ngu-anh,D78,Điểm học bạ,2023,27.5,Ngôn ngữ Anh
38523,DMS,ngon-ngu-anh,D96,Điểm học bạ,2023,27.5,Ngôn ngữ Anh
38524,DMS,ngon-ngu-anh,D01,Điểm thi THPT,2023,24.0,Ngôn ngữ Anh
38525,DMS,ngon-ngu-anh,D72,Điểm thi THPT,2023,24.0,Ngôn ngữ Anh
38526,DMS,ngon-ngu-anh,D78,Điểm thi THPT,2023,24.0,Ngôn ngữ Anh
38527,DMS,ngon-ngu-anh,D96,Điểm thi THPT,2023,24.0,Ngôn ngữ Anh
38528,DMS,ngon-ngu-anh,D01,Điểm học bạ,2024,24.0,Ngôn ngữ Anh
38529,DMS,ngon-ngu-anh,D72,Điểm học bạ,2024,24.0,Ngôn ngữ Anh
38530,DMS,ngon-ngu-anh,D78,Điểm học bạ,2024,24.0,Ngôn ngữ Anh
38531,DMS,ngon-ngu-anh,D96,Điểm học bạ,2024,24.0,Ngôn ngữ Anh
38532,DMS,ngon-ngu-anh,D01,Điểm thi THPT,2024,24.5,Ngôn ngữ Anh
38533,DMS,ngon-ngu-anh,D72,Điểm thi THPT,2024,24.5,Ngôn ngữ Anh
38534,DMS,ngon-ngu-anh,D78,Điểm thi THPT,2024,24.5,Ngôn ngữ Anh
38535,DMS,ngon-ngu-anh,D96,Điểm thi THPT,2024,24.5,Ngôn ngữ Anh
38536,DMS,ngon-ngu-anh,A01,Điểm học bạ,2025,26.14,Ngôn ngữ Anh (chương trình chuẩn)
38537,DMS,ngon-ngu-anh,D01,Điểm học bạ,2025,26.14,Ngôn ngữ Anh (chương trình chuẩn)
38538,DMS,ngon-ngu-anh,D07,Điểm học bạ,2025,26.14,Ngôn ngữ Anh (chương trình chuẩn)
38539,DMS,ngon-ngu-anh,D09,Điểm học bạ,2025,26.14,Ngôn ngữ Anh (chương trình chuẩn)
38540,DMS,ngon-ngu-anh,D10,Điểm học bạ,2025,26.14,Ngôn ngữ Anh (chương trình chuẩn)
38541,DMS,ngon-ngu-anh,X25,Điểm học bạ,2025,26.14,Ngôn ngữ Anh (chương trình chuẩn)
38542,DMS,ngon-ngu-anh,A01,Điểm thi THPT,2025,23.75,Ngôn ngữ Anh (chương trình chuẩn)
38543,DMS,ngon-ngu-anh,D01,Điểm thi THPT,2025,23.75,Ngôn ngữ Anh (chương trình chuẩn)
38544,DMS,ngon-ngu-anh,D07,Điểm thi THPT,2025,23.75,Ngôn ngữ Anh (chương trình chuẩn)
38545,DMS,ngon-ngu-anh,D09,Điểm thi THPT,2025,23.75,Ngôn ngữ Anh (chương trình chuẩn)
38546,DMS,ngon-ngu-anh,D10,Điểm thi THPT,2025,23.75,Ngôn ngữ Anh (chương trình chuẩn)
38547,DMS,ngon-ngu-anh,X25,Điểm thi THPT,2025,23.75,Ngôn ngữ Anh (chương trình chuẩn)
38548,DMS,quan-ly-kinh-te,A00,Điểm học bạ,2025,26.32,Quản lý kinh tế (chương trình chuẩn)
38549,DMS,quan-ly-kinh-te,A01,Điểm học bạ,2025,26.32,Quản lý kinh tế (chương trình chuẩn)
38550,DMS,quan-ly-kinh-te,A03,Điểm học bạ,2025,26.32,Quản lý kinh tế (chương trình chuẩn)
38551,DMS,quan-ly-kinh-te,A04,Điểm học bạ,2025,26.32,Quản lý kinh tế (chương trình chuẩn)
38552,DMS,quan-ly-kinh-te,A05,Điểm học bạ,2025,26.32,Quản lý kinh tế (chương trình chuẩn)
38553,DMS,quan-ly-kinh-te,A06,Điểm học bạ,2025,26.32,Quản lý kinh tế (chương trình chuẩn)
38554,DMS,quan-ly-kinh-te,A07,Điểm học bạ,2025,26.32,Quản lý kinh tế (chương trình chuẩn)
38555,DMS,quan-ly-kinh-te,C01,Điểm học bạ,2025,26.32,Quản lý kinh tế (chương trình chuẩn)
38556,DMS,quan-ly-kinh-te,C02,Điểm học bạ,2025,26.32,Quản lý kinh tế (chương trình chuẩn)
38557,DMS,quan-ly-kinh-te,C03,Điểm học bạ,2025,26.32,Quản lý kinh tế (chương trình chuẩn)
38558,DMS,quan-ly-kinh-te,C04,Điểm học bạ,2025,26.32,Quản lý kinh tế (chương trình chuẩn)
38559,DMS,quan-ly-kinh-te,D01,Điểm học bạ,2025,26.32,Quản lý kinh tế (chương trình chuẩn)
38560,DMS,quan-ly-kinh-te,D07,Điểm học bạ,2025,26.32,Quản lý kinh tế (chương trình chuẩn)
38561,DMS,quan-ly-kinh-te,D09,Điểm học bạ,2025,26.32,Quản lý kinh tế (chương trình chuẩn)
38562,DMS,quan-ly-kinh-te,D10,Điểm học bạ,2025,26.32,Quản lý kinh tế (chương trình chuẩn)
38563,DMS,quan-ly-kinh-te,X01,Điểm học bạ,2025,26.32,Quản lý kinh tế (chương trình chuẩn)
38564,DMS,quan-ly-kinh-te,X05,Điểm học bạ,2025,26.32,Quản lý kinh tế (chương trình chuẩn)
38565,DMS,quan-ly-kinh-te,X09,Điểm học bạ,2025,26.32,Quản lý kinh tế (chương trình chuẩn)
38566,DMS,quan-ly-kinh-te,X17,Điểm học bạ,2025,26.32,Quản lý kinh tế (chương trình chuẩn)
38567,DMS,quan-ly-kinh-te,X21,Điểm học bạ,2025,26.32,Quản lý kinh tế (chương trình chuẩn)
38568,DMS,quan-ly-kinh-te,X25,Điểm học bạ,2025,26.32,Quản lý kinh tế (chương trình chuẩn)
38569,DMS,quan-ly-kinh-te,A00,Điểm thi THPT,2025,23.96,Quản lý kinh tế (chương trình chuẩn)
38570,DMS,quan-ly-kinh-te,A01,Điểm thi THPT,2025,23.96,Quản lý kinh tế (chương trình chuẩn)
38571,DMS,quan-ly-kinh-te,A03,Điểm thi THPT,2025,23.96,Quản lý kinh tế (chương trình chuẩn)
38572,DMS,quan-ly-kinh-te,A04,Điểm thi THPT,2025,23.96,Quản lý kinh tế (chương trình chuẩn)
38573,DMS,quan-ly-kinh-te,A05,Điểm thi THPT,2025,23.96,Quản lý kinh tế (chương trình chuẩn)
38574,DMS,quan-ly-kinh-te,A06,Điểm thi THPT,2025,23.96,Quản lý kinh tế (chương trình chuẩn)
38575,DMS,quan-ly-kinh-te,A07,Điểm thi THPT,2025,23.96,Quản lý kinh tế (chương trình chuẩn)
38576,DMS,quan-ly-kinh-te,C01,Điểm thi THPT,2025,23.96,Quản lý kinh tế (chương trình chuẩn)
38577,DMS,quan-ly-kinh-te,C02,Điểm thi THPT,2025,23.96,Quản lý kinh tế (chương trình chuẩn)
38578,DMS,quan-ly-kinh-te,C03,Điểm thi THPT,2025,23.96,Quản lý kinh tế (chương trình chuẩn)
38579,DMS,quan-ly-kinh-te,C04,Điểm thi THPT,2025,23.96,Quản lý kinh tế (chương trình chuẩn)
38580,DMS,quan-ly-kinh-te,D01,Điểm thi THPT,2025,23.96,Quản lý kinh tế (chương trình chuẩn)
38581,DMS,quan-ly-kinh-te,D07,Điểm thi THPT,2025,23.96,Quản lý kinh tế (chương trình chuẩn)
38582,DMS,quan-ly-kinh-te,D09,Điểm thi THPT,2025,23.96,Quản lý kinh tế (chương trình chuẩn)
38583,DMS,quan-ly-kinh-te,D10,Điểm thi THPT,2025,23.96,Quản lý kinh tế (chương trình chuẩn)
38584,DMS,quan-ly-kinh-te,X01,Điểm thi THPT,2025,23.96,Quản lý kinh tế (chương trình chuẩn)
38585,DMS,quan-ly-kinh-te,X05,Điểm thi THPT,2025,23.96,Quản lý kinh tế (chương trình chuẩn)
38586,DMS,quan-ly-kinh-te,X09,Điểm thi THPT,2025,23.96,Quản lý kinh tế (chương trình chuẩn)
38587,DMS,quan-ly-kinh-te,X17,Điểm thi THPT,2025,23.96,Quản lý kinh tế (chương trình chuẩn)
38588,DMS,quan-ly-kinh-te,X21,Điểm thi THPT,2025,23.96,Quản lý kinh tế (chương trình chuẩn)
38589,DMS,quan-ly-kinh-te,X25,Điểm thi THPT,2025,23.96,Quản lý kinh tế (chương trình chuẩn)
38590,DMS,quan-tri-dich-vu-du-lich-va-lu-hanh,D01,Điểm học bạ,2021,22.38,Quản trị dịch vụ du lịch và lữ hành
38591,DMS,quan-tri-dich-vu-du-lich-va-lu-hanh,D72,Điểm học bạ,2021,22.38,Quản trị dịch vụ du lịch và lữ hành
38592,DMS,quan-tri-dich-vu-du-lich-va-lu-hanh,D78,Điểm học bạ,2021,22.38,Quản trị dịch vụ du lịch và lữ hành
38593,DMS,quan-tri-dich-vu-du-lich-va-lu-hanh,D96,Điểm học bạ,2021,22.38,Quản trị dịch vụ du lịch và lữ hành
38594,DMS,quan-tri-dich-vu-du-lich-va-lu-hanh,D01,Điểm thi THPT,2021,24.5,Quản trị dịch vụ du lịch và lữ hành
38595,DMS,quan-tri-dich-vu-du-lich-va-lu-hanh,D72,Điểm thi THPT,2021,24.5,Quản trị dịch vụ du lịch và lữ hành
38596,DMS,quan-tri-dich-vu-du-lich-va-lu-hanh,D78,Điểm thi THPT,2021,24.5,Quản trị dịch vụ du lịch và lữ hành
38597,DMS,quan-tri-dich-vu-du-lich-va-lu-hanh,D96,Điểm thi THPT,2021,24.5,Quản trị dịch vụ du lịch và lữ hành
38598,DMS,quan-tri-dich-vu-du-lich-va-lu-hanh,D01,Điểm học bạ,2022,26.5,Quản trị dịch vụ du lịch và lữ hành
38599,DMS,quan-tri-dich-vu-du-lich-va-lu-hanh,D72,Điểm học bạ,2022,26.5,Quản trị dịch vụ du lịch và lữ hành
38600,DMS,quan-tri-dich-vu-du-lich-va-lu-hanh,D78,Điểm học bạ,2022,26.5,Quản trị dịch vụ du lịch và lữ hành
38601,DMS,quan-tri-dich-vu-du-lich-va-lu-hanh,D96,Điểm học bạ,2022,26.5,Quản trị dịch vụ du lịch và lữ hành
38602,DMS,quan-tri-dich-vu-du-lich-va-lu-hanh,D01,Điểm thi THPT,2022,22.0,Quản trị dịch vụ du lịch và lữ hành
38603,DMS,quan-tri-dich-vu-du-lich-va-lu-hanh,D72,Điểm thi THPT,2022,22.0,Quản trị dịch vụ du lịch và lữ hành
38604,DMS,quan-tri-dich-vu-du-lich-va-lu-hanh,D78,Điểm thi THPT,2022,22.0,Quản trị dịch vụ du lịch và lữ hành
38605,DMS,quan-tri-dich-vu-du-lich-va-lu-hanh,D96,Điểm thi THPT,2022,22.0,Quản trị dịch vụ du lịch và lữ hành
38606,DMS,quan-tri-dich-vu-du-lich-va-lu-hanh,D01,Điểm học bạ,2023,27.5,Quản trị dịch vụ du lịch và lữ hành
38607,DMS,quan-tri-dich-vu-du-lich-va-lu-hanh,D72,Điểm học bạ,2023,27.5,Quản trị dịch vụ du lịch và lữ hành
38608,DMS,quan-tri-dich-vu-du-lich-va-lu-hanh,D78,Điểm học bạ,2023,27.5,Quản trị dịch vụ du lịch và lữ hành
38609,DMS,quan-tri-dich-vu-du-lich-va-lu-hanh,D96,Điểm học bạ,2023,27.5,Quản trị dịch vụ du lịch và lữ hành
38610,DMS,quan-tri-dich-vu-du-lich-va-lu-hanh,D01,Điểm thi THPT,2023,23.7,Quản trị dịch vụ du lịch và lữ hành (CT đặc thù)
38611,DMS,quan-tri-dich-vu-du-lich-va-lu-hanh,D72,Điểm thi THPT,2023,23.7,Quản trị dịch vụ du lịch và lữ hành (CT đặc thù)
38612,DMS,quan-tri-dich-vu-du-lich-va-lu-hanh,D78,Điểm thi THPT,2023,23.7,Quản trị dịch vụ du lịch và lữ hành (CT đặc thù)
38613,DMS,quan-tri-dich-vu-du-lich-va-lu-hanh,D96,Điểm thi THPT,2023,23.7,Quản trị dịch vụ du lịch và lữ hành (CT đặc thù)
38614,DMS,quan-tri-dich-vu-du-lich-va-lu-hanh,D01,Điểm học bạ,2024,26.0,Quản trị dịch vụ du lịch và lữ hành
38615,DMS,quan-tri-dich-vu-du-lich-va-lu-hanh,D72,Điểm học bạ,2024,26.0,Quản trị dịch vụ du lịch và lữ hành
38616,DMS,quan-tri-dich-vu-du-lich-va-lu-hanh,D78,Điểm học bạ,2024,26.0,Quản trị dịch vụ du lịch và lữ hành
38617,DMS,quan-tri-dich-vu-du-lich-va-lu-hanh,D96,Điểm học bạ,2024,26.0,Quản trị dịch vụ du lịch và lữ hành
38618,DMS,quan-tri-dich-vu-du-lich-va-lu-hanh,D01,Điểm thi THPT,2024,24.2,Quản trị dịch vụ du lịch và lữ hành
38619,DMS,quan-tri-dich-vu-du-lich-va-lu-hanh,D72,Điểm thi THPT,2024,24.2,Quản trị dịch vụ du lịch và lữ hành
38620,DMS,quan-tri-dich-vu-du-lich-va-lu-hanh,D78,Điểm thi THPT,2024,24.2,Quản trị dịch vụ du lịch và lữ hành
38621,DMS,quan-tri-dich-vu-du-lich-va-lu-hanh,D96,Điểm thi THPT,2024,24.2,Quản trị dịch vụ du lịch và lữ hành
38622,DMS,quan-tri-dich-vu-du-lich-va-lu-hanh,A00,Điểm học bạ,2025,26.49,Quản trị dịch vụ du lịch và lữ hành (chương trình đặc thù)
38623,DMS,quan-tri-dich-vu-du-lich-va-lu-hanh,A01,Điểm học bạ,2025,26.49,Quản trị dịch vụ du lịch và lữ hành (chương trình đặc thù)
38624,DMS,quan-tri-dich-vu-du-lich-va-lu-hanh,A03,Điểm học bạ,2025,26.49,Quản trị dịch vụ du lịch và lữ hành (chương trình đặc thù)
38625,DMS,quan-tri-dich-vu-du-lich-va-lu-hanh,A04,Điểm học bạ,2025,26.49,Quản trị dịch vụ du lịch và lữ hành (chương trình đặc thù)
38626,DMS,quan-tri-dich-vu-du-lich-va-lu-hanh,A05,Điểm học bạ,2025,26.49,Quản trị dịch vụ du lịch và lữ hành (chương trình đặc thù)
38627,DMS,quan-tri-dich-vu-du-lich-va-lu-hanh,A06,Điểm học bạ,2025,26.49,Quản trị dịch vụ du lịch và lữ hành (chương trình đặc thù)
38628,DMS,quan-tri-dich-vu-du-lich-va-lu-hanh,A07,Điểm học bạ,2025,26.49,Quản trị dịch vụ du lịch và lữ hành (chương trình đặc thù)
38629,DMS,quan-tri-dich-vu-du-lich-va-lu-hanh,C01,Điểm học bạ,2025,26.49,Quản trị dịch vụ du lịch và lữ hành (chương trình đặc thù)
38630,DMS,quan-tri-dich-vu-du-lich-va-lu-hanh,C02,Điểm học bạ,2025,26.49,Quản trị dịch vụ du lịch và lữ hành (chương trình đặc thù)
38631,DMS,quan-tri-dich-vu-du-lich-va-lu-hanh,C03,Điểm học bạ,2025,26.49,Quản trị dịch vụ du lịch và lữ hành (chương trình đặc thù)
38632,DMS,quan-tri-dich-vu-du-lich-va-lu-hanh,C04,Điểm học bạ,2025,26.49,Quản trị dịch vụ du lịch và lữ hành (chương trình đặc thù)
38633,DMS,quan-tri-dich-vu-du-lich-va-lu-hanh,D01,Điểm học bạ,2025,26.49,Quản trị dịch vụ du lịch và lữ hành (chương trình đặc thù)
38634,DMS,quan-tri-dich-vu-du-lich-va-lu-hanh,D07,Điểm học bạ,2025,26.49,Quản trị dịch vụ du lịch và lữ hành (chương trình đặc thù)
38635,DMS,quan-tri-dich-vu-du-lich-va-lu-hanh,D09,Điểm học bạ,2025,26.49,Quản trị dịch vụ du lịch và lữ hành (chương trình đặc thù)
38636,DMS,quan-tri-dich-vu-du-lich-va-lu-hanh,D10,Điểm học bạ,2025,26.49,Quản trị dịch vụ du lịch và lữ hành (chương trình đặc thù)
38637,DMS,quan-tri-dich-vu-du-lich-va-lu-hanh,X01,Điểm học bạ,2025,26.49,Quản trị dịch vụ du lịch và lữ hành (chương trình đặc thù)
38638,DMS,quan-tri-dich-vu-du-lich-va-lu-hanh,X05,Điểm học bạ,2025,26.49,Quản trị dịch vụ du lịch và lữ hành (chương trình đặc thù)
38639,DMS,quan-tri-dich-vu-du-lich-va-lu-hanh,X09,Điểm học bạ,2025,26.49,Quản trị dịch vụ du lịch và lữ hành (chương trình đặc thù)
38640,DMS,quan-tri-dich-vu-du-lich-va-lu-hanh,X17,Điểm học bạ,2025,26.49,Quản trị dịch vụ du lịch và lữ hành (chương trình đặc thù)
38641,DMS,quan-tri-dich-vu-du-lich-va-lu-hanh,X21,Điểm học bạ,2025,26.49,Quản trị dịch vụ du lịch và lữ hành (chương trình đặc thù)
38642,DMS,quan-tri-dich-vu-du-lich-va-lu-hanh,X25,Điểm học bạ,2025,26.49,Quản trị dịch vụ du lịch và lữ hành (chương trình đặc thù)
38643,DMS,quan-tri-dich-vu-du-lich-va-lu-hanh,A00,Điểm thi THPT,2025,24.16,Quản trị dịch vụ du lịch và lữ hành (chương trình đặc thù)
38644,DMS,quan-tri-dich-vu-du-lich-va-lu-hanh,A01,Điểm thi THPT,2025,24.16,Quản trị dịch vụ du lịch và lữ hành (chương trình đặc thù)
38645,DMS,quan-tri-dich-vu-du-lich-va-lu-hanh,A03,Điểm thi THPT,2025,24.16,Quản trị dịch vụ du lịch và lữ hành (chương trình đặc thù)
38646,DMS,quan-tri-dich-vu-du-lich-va-lu-hanh,A04,Điểm thi THPT,2025,24.16,Quản trị dịch vụ du lịch và lữ hành (chương trình đặc thù)
38647,DMS,quan-tri-dich-vu-du-lich-va-lu-hanh,A05,Điểm thi THPT,2025,24.16,Quản trị dịch vụ du lịch và lữ hành (chương trình đặc thù)
38648,DMS,quan-tri-dich-vu-du-lich-va-lu-hanh,A06,Điểm thi THPT,2025,24.16,Quản trị dịch vụ du lịch và lữ hành (chương trình đặc thù)
38649,DMS,quan-tri-dich-vu-du-lich-va-lu-hanh,A07,Điểm thi THPT,2025,24.16,Quản trị dịch vụ du lịch và lữ hành (chương trình đặc thù)
38650,DMS,quan-tri-dich-vu-du-lich-va-lu-hanh,C01,Điểm thi THPT,2025,24.16,Quản trị dịch vụ du lịch và lữ hành (chương trình đặc thù)
38651,DMS,quan-tri-dich-vu-du-lich-va-lu-hanh,C02,Điểm thi THPT,2025,24.16,Quản trị dịch vụ du lịch và lữ hành (chương trình đặc thù)
38652,DMS,quan-tri-dich-vu-du-lich-va-lu-hanh,C03,Điểm thi THPT,2025,24.16,Quản trị dịch vụ du lịch và lữ hành (chương trình đặc thù)
38653,DMS,quan-tri-dich-vu-du-lich-va-lu-hanh,C04,Điểm thi THPT,2025,24.16,Quản trị dịch vụ du lịch và lữ hành (chương trình đặc thù)
38654,DMS,quan-tri-dich-vu-du-lich-va-lu-hanh,D01,Điểm thi THPT,2025,24.16,Quản trị dịch vụ du lịch và lữ hành (chương trình đặc thù)
38655,DMS,quan-tri-dich-vu-du-lich-va-lu-hanh,D07,Điểm thi THPT,2025,24.16,Quản trị dịch vụ du lịch và lữ hành (chương trình đặc thù)
38656,DMS,quan-tri-dich-vu-du-lich-va-lu-hanh,D09,Điểm thi THPT,2025,24.16,Quản trị dịch vụ du lịch và lữ hành (chương trình đặc thù)
38657,DMS,quan-tri-dich-vu-du-lich-va-lu-hanh,D10,Điểm thi THPT,2025,24.16,Quản trị dịch vụ du lịch và lữ hành (chương trình đặc thù)
38658,DMS,quan-tri-dich-vu-du-lich-va-lu-hanh,X01,Điểm thi THPT,2025,24.16,Quản trị dịch vụ du lịch và lữ hành (chương trình đặc thù)
38659,DMS,quan-tri-dich-vu-du-lich-va-lu-hanh,X05,Điểm thi THPT,2025,24.16,Quản trị dịch vụ du lịch và lữ hành (chương trình đặc thù)
38660,DMS,quan-tri-dich-vu-du-lich-va-lu-hanh,X09,Điểm thi THPT,2025,24.16,Quản trị dịch vụ du lịch và lữ hành (chương trình đặc thù)
38661,DMS,quan-tri-dich-vu-du-lich-va-lu-hanh,X17,Điểm thi THPT,2025,24.16,Quản trị dịch vụ du lịch và lữ hành (chương trình đặc thù)
38662,DMS,quan-tri-dich-vu-du-lich-va-lu-hanh,X21,Điểm thi THPT,2025,24.16,Quản trị dịch vụ du lịch và lữ hành (chương trình đặc thù)
38663,DMS,quan-tri-dich-vu-du-lich-va-lu-hanh,X25,Điểm thi THPT,2025,24.16,Quản trị dịch vụ du lịch và lữ hành (chương trình đặc thù)
38664,DMS,quan-tri-khach-san,D01,Điểm học bạ,2021,22.31,Quản trị khách sạn
38665,DMS,quan-tri-khach-san,D72,Điểm học bạ,2021,22.31,Quản trị khách sạn
38666,DMS,quan-tri-khach-san,D78,Điểm học bạ,2021,22.31,Quản trị khách sạn
38667,DMS,quan-tri-khach-san,D96,Điểm học bạ,2021,22.31,Quản trị khách sạn
38668,DMS,quan-tri-khach-san,D01,Điểm thi THPT,2021,24.5,Quản trị khách sạn
38669,DMS,quan-tri-khach-san,D72,Điểm thi THPT,2021,24.5,Quản trị khách sạn
38670,DMS,quan-tri-khach-san,D78,Điểm thi THPT,2021,24.5,Quản trị khách sạn
38671,DMS,quan-tri-khach-san,D96,Điểm thi THPT,2021,24.5,Quản trị khách sạn
38672,DMS,quan-tri-khach-san,D01,Điểm học bạ,2022,26.0,Quản trị khách sạn
38673,DMS,quan-tri-khach-san,D72,Điểm học bạ,2022,26.0,Quản trị khách sạn
38674,DMS,quan-tri-khach-san,D78,Điểm học bạ,2022,26.0,Quản trị khách sạn
38675,DMS,quan-tri-khach-san,D96,Điểm học bạ,2022,26.0,Quản trị khách sạn
38676,DMS,quan-tri-khach-san,D01,Điểm thi THPT,2022,22.0,Quản trị khách sạn
38677,DMS,quan-tri-khach-san,D72,Điểm thi THPT,2022,22.0,Quản trị khách sạn
38678,DMS,quan-tri-khach-san,D78,Điểm thi THPT,2022,22.0,Quản trị khách sạn
38679,DMS,quan-tri-khach-san,D96,Điểm thi THPT,2022,22.0,Quản trị khách sạn
38680,DMS,quan-tri-khach-san,D01,Điểm học bạ,2023,27.0,Quản trị khách sạn
38681,DMS,quan-tri-khach-san,D72,Điểm học bạ,2023,27.0,Quản trị khách sạn
38682,DMS,quan-tri-khach-san,D78,Điểm học bạ,2023,27.0,Quản trị khách sạn
38683,DMS,quan-tri-khach-san,D96,Điểm học bạ,2023,27.0,Quản trị khách sạn
38684,DMS,quan-tri-khach-san,D01,Điểm thi THPT,2023,23.4,Quản trị khách sạn (CT đặc thù)
38685,DMS,quan-tri-khach-san,D72,Điểm thi THPT,2023,23.4,Quản trị khách sạn (CT đặc thù)
38686,DMS,quan-tri-khach-san,D78,Điểm thi THPT,2023,23.4,Quản trị khách sạn (CT đặc thù)
38687,DMS,quan-tri-khach-san,D96,Điểm thi THPT,2023,23.4,Quản trị khách sạn (CT đặc thù)
38688,DMS,quan-tri-khach-san,D01,Điểm học bạ,2024,26.0,Quản trị khách sạn
38689,DMS,quan-tri-khach-san,D72,Điểm học bạ,2024,26.0,Quản trị khách sạn
38690,DMS,quan-tri-khach-san,D78,Điểm học bạ,2024,26.0,Quản trị khách sạn
38691,DMS,quan-tri-khach-san,D96,Điểm học bạ,2024,26.0,Quản trị khách sạn
38692,DMS,quan-tri-khach-san,D01,Điểm thi THPT,2024,23.5,Quản trị khách sạn
38693,DMS,quan-tri-khach-san,D72,Điểm thi THPT,2024,23.5,Quản trị khách sạn
38694,DMS,quan-tri-khach-san,D78,Điểm thi THPT,2024,23.5,Quản trị khách sạn
38695,DMS,quan-tri-khach-san,D96,Điểm thi THPT,2024,23.5,Quản trị khách sạn
38696,DMS,quan-tri-khach-san,A00,Điểm học bạ,2025,26.3,Quản trị khách sạn (chương trình đặc thù)
38697,DMS,quan-tri-khach-san,A01,Điểm học bạ,2025,26.3,Quản trị khách sạn (chương trình đặc thù)
38698,DMS,quan-tri-khach-san,A03,Điểm học bạ,2025,26.3,Quản trị khách sạn (chương trình đặc thù)
38699,DMS,quan-tri-khach-san,A04,Điểm học bạ,2025,26.3,Quản trị khách sạn (chương trình đặc thù)
38700,DMS,quan-tri-khach-san,A05,Điểm học bạ,2025,26.3,Quản trị khách sạn (chương trình đặc thù)
38701,DMS,quan-tri-khach-san,A06,Điểm học bạ,2025,26.3,Quản trị khách sạn (chương trình đặc thù)
38702,DMS,quan-tri-khach-san,A07,Điểm học bạ,2025,26.3,Quản trị khách sạn (chương trình đặc thù)
38703,DMS,quan-tri-khach-san,C01,Điểm học bạ,2025,26.3,Quản trị khách sạn (chương trình đặc thù)
38704,DMS,quan-tri-khach-san,C02,Điểm học bạ,2025,26.3,Quản trị khách sạn (chương trình đặc thù)
38705,DMS,quan-tri-khach-san,C03,Điểm học bạ,2025,26.3,Quản trị khách sạn (chương trình đặc thù)
38706,DMS,quan-tri-khach-san,C04,Điểm học bạ,2025,26.3,Quản trị khách sạn (chương trình đặc thù)
38707,DMS,quan-tri-khach-san,D01,Điểm học bạ,2025,26.3,Quản trị khách sạn (chương trình đặc thù)
38708,DMS,quan-tri-khach-san,D07,Điểm học bạ,2025,26.3,Quản trị khách sạn (chương trình đặc thù)
38709,DMS,quan-tri-khach-san,D09,Điểm học bạ,2025,26.3,Quản trị khách sạn (chương trình đặc thù)
38710,DMS,quan-tri-khach-san,D10,Điểm học bạ,2025,26.3,Quản trị khách sạn (chương trình đặc thù)
38711,DMS,quan-tri-khach-san,X01,Điểm học bạ,2025,26.3,Quản trị khách sạn (chương trình đặc thù)
38712,DMS,quan-tri-khach-san,X05,Điểm học bạ,2025,26.3,Quản trị khách sạn (chương trình đặc thù)
38713,DMS,quan-tri-khach-san,X09,Điểm học bạ,2025,26.3,Quản trị khách sạn (chương trình đặc thù)
38714,DMS,quan-tri-khach-san,X17,Điểm học bạ,2025,26.3,Quản trị khách sạn (chương trình đặc thù)
38715,DMS,quan-tri-khach-san,X21,Điểm học bạ,2025,26.3,Quản trị khách sạn (chương trình đặc thù)
38716,DMS,quan-tri-khach-san,X25,Điểm học bạ,2025,26.3,Quản trị khách sạn (chương trình đặc thù)
38717,DMS,quan-tri-khach-san,A00,Điểm thi THPT,2025,23.94,Quản trị khách sạn (chương trình đặc thù)
38718,DMS,quan-tri-khach-san,A01,Điểm thi THPT,2025,23.94,Quản trị khách sạn (chương trình đặc thù)
38719,DMS,quan-tri-khach-san,A03,Điểm thi THPT,2025,23.94,Quản trị khách sạn (chương trình đặc thù)
38720,DMS,quan-tri-khach-san,A04,Điểm thi THPT,2025,23.94,Quản trị khách sạn (chương trình đặc thù)
38721,DMS,quan-tri-khach-san,A05,Điểm thi THPT,2025,23.94,Quản trị khách sạn (chương trình đặc thù)
38722,DMS,quan-tri-khach-san,A06,Điểm thi THPT,2025,23.94,Quản trị khách sạn (chương trình đặc thù)
38723,DMS,quan-tri-khach-san,A07,Điểm thi THPT,2025,23.94,Quản trị khách sạn (chương trình đặc thù)
38724,DMS,quan-tri-khach-san,C01,Điểm thi THPT,2025,23.94,Quản trị khách sạn (chương trình đặc thù)
38725,DMS,quan-tri-khach-san,C02,Điểm thi THPT,2025,23.94,Quản trị khách sạn (chương trình đặc thù)
38726,DMS,quan-tri-khach-san,C03,Điểm thi THPT,2025,23.94,Quản trị khách sạn (chương trình đặc thù)
38727,DMS,quan-tri-khach-san,C04,Điểm thi THPT,2025,23.94,Quản trị khách sạn (chương trình đặc thù)
38728,DMS,quan-tri-khach-san,D01,Điểm thi THPT,2025,23.94,Quản trị khách sạn (chương trình đặc thù)
38729,DMS,quan-tri-khach-san,D07,Điểm thi THPT,2025,23.94,Quản trị khách sạn (chương trình đặc thù)
38730,DMS,quan-tri-khach-san,D09,Điểm thi THPT,2025,23.94,Quản trị khách sạn (chương trình đặc thù)
38731,DMS,quan-tri-khach-san,D10,Điểm thi THPT,2025,23.94,Quản trị khách sạn (chương trình đặc thù)
38732,DMS,quan-tri-khach-san,X01,Điểm thi THPT,2025,23.94,Quản trị khách sạn (chương trình đặc thù)
38733,DMS,quan-tri-khach-san,X05,Điểm thi THPT,2025,23.94,Quản trị khách sạn (chương trình đặc thù)
38734,DMS,quan-tri-khach-san,X09,Điểm thi THPT,2025,23.94,Quản trị khách sạn (chương trình đặc thù)
38735,DMS,quan-tri-khach-san,X17,Điểm thi THPT,2025,23.94,Quản trị khách sạn (chương trình đặc thù)
38736,DMS,quan-tri-khach-san,X21,Điểm thi THPT,2025,23.94,Quản trị khách sạn (chương trình đặc thù)
38737,DMS,quan-tri-khach-san,X25,Điểm thi THPT,2025,23.94,Quản trị khách sạn (chương trình đặc thù)
38738,DMS,quan-tri-kinh-doanh,A00,Điểm học bạ,2021,27.0,Quản trị kinh doanh
38739,DMS,quan-tri-kinh-doanh,A01,Điểm học bạ,2021,27.0,Quản trị kinh doanh
38740,DMS,quan-tri-kinh-doanh,D01,Điểm học bạ,2021,27.0,Quản trị kinh doanh
38741,DMS,quan-tri-kinh-doanh,D96,Điểm học bạ,2021,27.0,Quản trị kinh doanh
38742,DMS,quan-tri-kinh-doanh,A00,Điểm thi THPT,2021,24.0,Quản trị kinh doanh
38743,DMS,quan-tri-kinh-doanh,A01,Điểm thi THPT,2021,24.0,Quản trị kinh doanh
38744,DMS,quan-tri-kinh-doanh,D01,Điểm thi THPT,2021,24.0,Quản trị kinh doanh
38745,DMS,quan-tri-kinh-doanh,D96,Điểm thi THPT,2021,24.0,Quản trị kinh doanh
38746,DMS,quan-tri-kinh-doanh,A00,Điểm học bạ,2022,27.0,Quản trị kinh doanh
38747,DMS,quan-tri-kinh-doanh,A01,Điểm học bạ,2022,27.0,Quản trị kinh doanh
38748,DMS,quan-tri-kinh-doanh,D01,Điểm học bạ,2022,27.0,Quản trị kinh doanh
38749,DMS,quan-tri-kinh-doanh,D96,Điểm học bạ,2022,27.0,Quản trị kinh doanh
38750,DMS,quan-tri-kinh-doanh,A00,Điểm thi THPT,2022,23.0,Quản trị kinh doanh
38751,DMS,quan-tri-kinh-doanh,A01,Điểm thi THPT,2022,23.0,Quản trị kinh doanh
38752,DMS,quan-tri-kinh-doanh,D01,Điểm thi THPT,2022,23.0,Quản trị kinh doanh
38753,DMS,quan-tri-kinh-doanh,D96,Điểm thi THPT,2022,23.0,Quản trị kinh doanh
38754,DMS,quan-tri-kinh-doanh,A00,Điểm học bạ,2023,27.5,Quản trị kinh doanh
38755,DMS,quan-tri-kinh-doanh,A01,Điểm học bạ,2023,27.5,Quản trị kinh doanh
38756,DMS,quan-tri-kinh-doanh,D01,Điểm học bạ,2023,27.5,Quản trị kinh doanh
38757,DMS,quan-tri-kinh-doanh,D96,Điểm học bạ,2023,27.5,Quản trị kinh doanh
38758,DMS,quan-tri-kinh-doanh,A00,Điểm thi THPT,2023,24.6,Quản trị kinh doanh
38759,DMS,quan-tri-kinh-doanh,A01,Điểm thi THPT,2023,24.6,Quản trị kinh doanh
38760,DMS,quan-tri-kinh-doanh,D01,Điểm thi THPT,2023,24.6,Quản trị kinh doanh
38761,DMS,quan-tri-kinh-doanh,D96,Điểm thi THPT,2023,24.6,Quản trị kinh doanh
38762,DMS,quan-tri-kinh-doanh,A00,Điểm học bạ,2024,26.0,Quản trị kinh doanh
38763,DMS,quan-tri-kinh-doanh,A01,Điểm học bạ,2024,26.0,Quản trị kinh doanh
38764,DMS,quan-tri-kinh-doanh,D01,Điểm học bạ,2024,26.0,Quản trị kinh doanh
38765,DMS,quan-tri-kinh-doanh,D96,Điểm học bạ,2024,26.0,Quản trị kinh doanh
38766,DMS,quan-tri-kinh-doanh,A00,Điểm thi THPT,2024,22.0,Quản trị kinh doanh
38767,DMS,quan-tri-kinh-doanh,A01,Điểm thi THPT,2024,22.0,Quản trị kinh doanh
38768,DMS,quan-tri-kinh-doanh,D01,Điểm thi THPT,2024,22.0,Quản trị kinh doanh
38769,DMS,quan-tri-kinh-doanh,D96,Điểm thi THPT,2024,22.0,Quản trị kinh doanh
38770,DMS,quan-tri-kinh-doanh,A00,Điểm học bạ,2025,25.31,Quản trị kinh doanh (chương trình tích hợp)
38771,DMS,quan-tri-kinh-doanh,A01,Điểm học bạ,2025,27.88,Quản trị kinh doanh (Chương trình Tiếng Anh toàn phần (Định hướng quốc tế))
38772,DMS,quan-tri-kinh-doanh,A03,Điểm học bạ,2025,25.31,Quản trị kinh doanh (chương trình tích hợp)
38773,DMS,quan-tri-kinh-doanh,A04,Điểm học bạ,2025,25.31,Quản trị kinh doanh (chương trình tích hợp)
38774,DMS,quan-tri-kinh-doanh,A05,Điểm học bạ,2025,25.31,Quản trị kinh doanh (chương trình tích hợp)
38775,DMS,quan-tri-kinh-doanh,A06,Điểm học bạ,2025,25.31,Quản trị kinh doanh (chương trình tích hợp)
38776,DMS,quan-tri-kinh-doanh,A07,Điểm học bạ,2025,25.31,Quản trị kinh doanh (chương trình tích hợp)
38777,DMS,quan-tri-kinh-doanh,C01,Điểm học bạ,2025,25.31,Quản trị kinh doanh (chương trình tích hợp)
38778,DMS,quan-tri-kinh-doanh,C02,Điểm học bạ,2025,25.31,Quản trị kinh doanh (chương trình tích hợp)
38779,DMS,quan-tri-kinh-doanh,C03,Điểm học bạ,2025,25.31,Quản trị kinh doanh (chương trình tích hợp)
38780,DMS,quan-tri-kinh-doanh,C04,Điểm học bạ,2025,25.31,Quản trị kinh doanh (chương trình tích hợp)
38781,DMS,quan-tri-kinh-doanh,D01,Điểm học bạ,2025,27.88,Quản trị kinh doanh (Chương trình Tiếng Anh toàn phần (Định hướng quốc tế))
38782,DMS,quan-tri-kinh-doanh,D07,Điểm học bạ,2025,27.88,Quản trị kinh doanh (Chương trình Tiếng Anh toàn phần (Định hướng quốc tế))
38783,DMS,quan-tri-kinh-doanh,D09,Điểm học bạ,2025,27.88,Quản trị kinh doanh (Chương trình Tiếng Anh toàn phần (Định hướng quốc tế))
38784,DMS,quan-tri-kinh-doanh,D10,Điểm học bạ,2025,27.88,Quản trị kinh doanh (Chương trình Tiếng Anh toàn phần (Định hướng quốc tế))
38785,DMS,quan-tri-kinh-doanh,X01,Điểm học bạ,2025,25.31,Quản trị kinh doanh (chương trình tích hợp)
38786,DMS,quan-tri-kinh-doanh,X05,Điểm học bạ,2025,25.31,Quản trị kinh doanh (chương trình tích hợp)
38787,DMS,quan-tri-kinh-doanh,X09,Điểm học bạ,2025,25.31,Quản trị kinh doanh (chương trình tích hợp)
38788,DMS,quan-tri-kinh-doanh,X17,Điểm học bạ,2025,25.31,Quản trị kinh doanh (chương trình tích hợp)
38789,DMS,quan-tri-kinh-doanh,X21,Điểm học bạ,2025,25.31,Quản trị kinh doanh (chương trình tích hợp)
38790,DMS,quan-tri-kinh-doanh,X25,Điểm học bạ,2025,27.88,Quản trị kinh doanh (Chương trình Tiếng Anh toàn phần (Định hướng quốc tế))
38791,DMS,quan-tri-kinh-doanh,A00,Điểm thi THPT,2025,22.8,Quản trị kinh doanh (chương trình tích hợp)
38792,DMS,quan-tri-kinh-doanh,A01,Điểm thi THPT,2025,24.11,Quản trị kinh doanh (Chương trình Tiếng Anh toàn phần (Định hướng quốc tế))
38793,DMS,quan-tri-kinh-doanh,A03,Điểm thi THPT,2025,22.8,Quản trị kinh doanh (chương trình tích hợp)
38794,DMS,quan-tri-kinh-doanh,A04,Điểm thi THPT,2025,22.8,Quản trị kinh doanh (chương trình tích hợp)
38795,DMS,quan-tri-kinh-doanh,A05,Điểm thi THPT,2025,22.8,Quản trị kinh doanh (chương trình tích hợp)
38796,DMS,quan-tri-kinh-doanh,A06,Điểm thi THPT,2025,22.8,Quản trị kinh doanh (chương trình tích hợp)
38797,DMS,quan-tri-kinh-doanh,A07,Điểm thi THPT,2025,22.8,Quản trị kinh doanh (chương trình tích hợp)
38798,DMS,quan-tri-kinh-doanh,C01,Điểm thi THPT,2025,22.8,Quản trị kinh doanh (chương trình tích hợp)
38799,DMS,quan-tri-kinh-doanh,C02,Điểm thi THPT,2025,22.8,Quản trị kinh doanh (chương trình tích hợp)
38800,DMS,quan-tri-kinh-doanh,C03,Điểm thi THPT,2025,22.8,Quản trị kinh doanh (chương trình tích hợp)
38801,DMS,quan-tri-kinh-doanh,C04,Điểm thi THPT,2025,22.8,Quản trị kinh doanh (chương trình tích hợp)
38802,DMS,quan-tri-kinh-doanh,D01,Điểm thi THPT,2025,24.11,Quản trị kinh doanh (Chương trình Tiếng Anh toàn phần (Định hướng quốc tế))
38803,DMS,quan-tri-kinh-doanh,D07,Điểm thi THPT,2025,24.11,Quản trị kinh doanh (Chương trình Tiếng Anh toàn phần (Định hướng quốc tế))
38804,DMS,quan-tri-kinh-doanh,D09,Điểm thi THPT,2025,24.11,Quản trị kinh doanh (Chương trình Tiếng Anh toàn phần (Định hướng quốc tế))
38805,DMS,quan-tri-kinh-doanh,D10,Điểm thi THPT,2025,24.11,Quản trị kinh doanh (Chương trình Tiếng Anh toàn phần (Định hướng quốc tế))
38806,DMS,quan-tri-kinh-doanh,X01,Điểm thi THPT,2025,22.8,Quản trị kinh doanh (chương trình tích hợp)
38807,DMS,quan-tri-kinh-doanh,X05,Điểm thi THPT,2025,22.8,Quản trị kinh doanh (chương trình tích hợp)
38808,DMS,quan-tri-kinh-doanh,X09,Điểm thi THPT,2025,22.8,Quản trị kinh doanh (chương trình tích hợp)
38809,DMS,quan-tri-kinh-doanh,X17,Điểm thi THPT,2025,22.8,Quản trị kinh doanh (chương trình tích hợp)
38810,DMS,quan-tri-kinh-doanh,X21,Điểm thi THPT,2025,22.8,Quản trị kinh doanh (chương trình tích hợp)
38811,DMS,quan-tri-kinh-doanh,X25,Điểm thi THPT,2025,24.11,Quản trị kinh doanh (Chương trình Tiếng Anh toàn phần (Định hướng quốc tế))
38812,DMS,quan-tri-nha-hang-va-dich-vu-an-uong,D01,Điểm học bạ,2021,22.8,Quản trị nhà hàng và dịch vụ ăn uống
38813,DMS,quan-tri-nha-hang-va-dich-vu-an-uong,D72,Điểm học bạ,2021,22.8,Quản trị nhà hàng và dịch vụ ăn uống
38814,DMS,quan-tri-nha-hang-va-dich-vu-an-uong,D78,Điểm học bạ,2021,22.8,Quản trị nhà hàng và dịch vụ ăn uống
38815,DMS,quan-tri-nha-hang-va-dich-vu-an-uong,D96,Điểm học bạ,2021,22.8,Quản trị nhà hàng và dịch vụ ăn uống
38816,DMS,quan-tri-nha-hang-va-dich-vu-an-uong,D01,Điểm thi THPT,2021,24.3,Quản trị nhà hàng và dịch vụ ăn uống
38817,DMS,quan-tri-nha-hang-va-dich-vu-an-uong,D72,Điểm thi THPT,2021,24.3,Quản trị nhà hàng và dịch vụ ăn uống
38818,DMS,quan-tri-nha-hang-va-dich-vu-an-uong,D78,Điểm thi THPT,2021,24.3,Quản trị nhà hàng và dịch vụ ăn uống
38819,DMS,quan-tri-nha-hang-va-dich-vu-an-uong,D96,Điểm thi THPT,2021,24.3,Quản trị nhà hàng và dịch vụ ăn uống
38820,DMS,quan-tri-nha-hang-va-dich-vu-an-uong,D01,Điểm học bạ,2022,26.0,Quản trị nhà hàng và dịch vụ ăn uống
38821,DMS,quan-tri-nha-hang-va-dich-vu-an-uong,D72,Điểm học bạ,2022,26.0,Quản trị nhà hàng và dịch vụ ăn uống
38822,DMS,quan-tri-nha-hang-va-dich-vu-an-uong,D78,Điểm học bạ,2022,26.0,Quản trị nhà hàng và dịch vụ ăn uống
38823,DMS,quan-tri-nha-hang-va-dich-vu-an-uong,D96,Điểm học bạ,2022,26.0,Quản trị nhà hàng và dịch vụ ăn uống
38824,DMS,quan-tri-nha-hang-va-dich-vu-an-uong,D01,Điểm thi THPT,2022,22.0,Quản trị nhà hàng và dịch vụ ăn uống
38825,DMS,quan-tri-nha-hang-va-dich-vu-an-uong,D72,Điểm thi THPT,2022,22.0,Quản trị nhà hàng và dịch vụ ăn uống
38826,DMS,quan-tri-nha-hang-va-dich-vu-an-uong,D78,Điểm thi THPT,2022,22.0,Quản trị nhà hàng và dịch vụ ăn uống
38827,DMS,quan-tri-nha-hang-va-dich-vu-an-uong,D96,Điểm thi THPT,2022,22.0,Quản trị nhà hàng và dịch vụ ăn uống
38828,DMS,quan-tri-nha-hang-va-dich-vu-an-uong,D01,Điểm học bạ,2023,27.0,Quản trị nhà hàng và dịch vụ ăn uống
38829,DMS,quan-tri-nha-hang-va-dich-vu-an-uong,D72,Điểm học bạ,2023,27.0,Quản trị nhà hàng và dịch vụ ăn uống
38830,DMS,quan-tri-nha-hang-va-dich-vu-an-uong,D78,Điểm học bạ,2023,27.0,Quản trị nhà hàng và dịch vụ ăn uống
38831,DMS,quan-tri-nha-hang-va-dich-vu-an-uong,D96,Điểm học bạ,2023,27.0,Quản trị nhà hàng và dịch vụ ăn uống
38832,DMS,quan-tri-nha-hang-va-dich-vu-an-uong,D01,Điểm thi THPT,2023,22.6,Quản trị nhà hàng và dịch vụ ăn uống (CT đặc thù)
38833,DMS,quan-tri-nha-hang-va-dich-vu-an-uong,D72,Điểm thi THPT,2023,22.6,Quản trị nhà hàng và dịch vụ ăn uống (CT đặc thù)
38834,DMS,quan-tri-nha-hang-va-dich-vu-an-uong,D78,Điểm thi THPT,2023,22.6,Quản trị nhà hàng và dịch vụ ăn uống (CT đặc thù)
38835,DMS,quan-tri-nha-hang-va-dich-vu-an-uong,D96,Điểm thi THPT,2023,22.6,Quản trị nhà hàng và dịch vụ ăn uống (CT đặc thù)
38836,DMS,quan-tri-nha-hang-va-dich-vu-an-uong,D01,Điểm học bạ,2024,26.0,Quản trị nhà hàng và dịch vụ ăn uống
38837,DMS,quan-tri-nha-hang-va-dich-vu-an-uong,D72,Điểm học bạ,2024,26.0,Quản trị nhà hàng và dịch vụ ăn uống
38838,DMS,quan-tri-nha-hang-va-dich-vu-an-uong,D78,Điểm học bạ,2024,26.0,Quản trị nhà hàng và dịch vụ ăn uống
38839,DMS,quan-tri-nha-hang-va-dich-vu-an-uong,D96,Điểm học bạ,2024,26.0,Quản trị nhà hàng và dịch vụ ăn uống
38840,DMS,quan-tri-nha-hang-va-dich-vu-an-uong,D01,Điểm thi THPT,2024,23.0,Quản trị nhà hàng và dịch vụ ăn uống
38841,DMS,quan-tri-nha-hang-va-dich-vu-an-uong,D72,Điểm thi THPT,2024,23.0,Quản trị nhà hàng và dịch vụ ăn uống
38842,DMS,quan-tri-nha-hang-va-dich-vu-an-uong,D78,Điểm thi THPT,2024,23.0,Quản trị nhà hàng và dịch vụ ăn uống
38843,DMS,quan-tri-nha-hang-va-dich-vu-an-uong,D96,Điểm thi THPT,2024,23.0,Quản trị nhà hàng và dịch vụ ăn uống
38844,DMS,quan-tri-nha-hang-va-dich-vu-an-uong,A00,Điểm học bạ,2025,25.66,Quản trị nhà hàng và dịch vụ ăn uống (chương trình đặc thù)
38845,DMS,quan-tri-nha-hang-va-dich-vu-an-uong,A01,Điểm học bạ,2025,25.66,Quản trị nhà hàng và dịch vụ ăn uống (chương trình đặc thù)
38846,DMS,quan-tri-nha-hang-va-dich-vu-an-uong,A03,Điểm học bạ,2025,25.66,Quản trị nhà hàng và dịch vụ ăn uống (chương trình đặc thù)
38847,DMS,quan-tri-nha-hang-va-dich-vu-an-uong,A04,Điểm học bạ,2025,25.66,Quản trị nhà hàng và dịch vụ ăn uống (chương trình đặc thù)
38848,DMS,quan-tri-nha-hang-va-dich-vu-an-uong,A05,Điểm học bạ,2025,25.66,Quản trị nhà hàng và dịch vụ ăn uống (chương trình đặc thù)
38849,DMS,quan-tri-nha-hang-va-dich-vu-an-uong,A06,Điểm học bạ,2025,25.66,Quản trị nhà hàng và dịch vụ ăn uống (chương trình đặc thù)
38850,DMS,quan-tri-nha-hang-va-dich-vu-an-uong,A07,Điểm học bạ,2025,25.66,Quản trị nhà hàng và dịch vụ ăn uống (chương trình đặc thù)
38851,DMS,quan-tri-nha-hang-va-dich-vu-an-uong,C01,Điểm học bạ,2025,25.66,Quản trị nhà hàng và dịch vụ ăn uống (chương trình đặc thù)
38852,DMS,quan-tri-nha-hang-va-dich-vu-an-uong,C02,Điểm học bạ,2025,25.66,Quản trị nhà hàng và dịch vụ ăn uống (chương trình đặc thù)
38853,DMS,quan-tri-nha-hang-va-dich-vu-an-uong,C03,Điểm học bạ,2025,25.66,Quản trị nhà hàng và dịch vụ ăn uống (chương trình đặc thù)
38854,DMS,quan-tri-nha-hang-va-dich-vu-an-uong,C04,Điểm học bạ,2025,25.66,Quản trị nhà hàng và dịch vụ ăn uống (chương trình đặc thù)
38855,DMS,quan-tri-nha-hang-va-dich-vu-an-uong,D01,Điểm học bạ,2025,25.66,Quản trị nhà hàng và dịch vụ ăn uống (chương trình đặc thù)
38856,DMS,quan-tri-nha-hang-va-dich-vu-an-uong,D07,Điểm học bạ,2025,25.66,Quản trị nhà hàng và dịch vụ ăn uống (chương trình đặc thù)
38857,DMS,quan-tri-nha-hang-va-dich-vu-an-uong,D09,Điểm học bạ,2025,25.66,Quản trị nhà hàng và dịch vụ ăn uống (chương trình đặc thù)
38858,DMS,quan-tri-nha-hang-va-dich-vu-an-uong,D10,Điểm học bạ,2025,25.66,Quản trị nhà hàng và dịch vụ ăn uống (chương trình đặc thù)
38859,DMS,quan-tri-nha-hang-va-dich-vu-an-uong,X01,Điểm học bạ,2025,25.66,Quản trị nhà hàng và dịch vụ ăn uống (chương trình đặc thù)
38860,DMS,quan-tri-nha-hang-va-dich-vu-an-uong,X05,Điểm học bạ,2025,25.66,Quản trị nhà hàng và dịch vụ ăn uống (chương trình đặc thù)
38861,DMS,quan-tri-nha-hang-va-dich-vu-an-uong,X09,Điểm học bạ,2025,25.66,Quản trị nhà hàng và dịch vụ ăn uống (chương trình đặc thù)
38862,DMS,quan-tri-nha-hang-va-dich-vu-an-uong,X17,Điểm học bạ,2025,25.66,Quản trị nhà hàng và dịch vụ ăn uống (chương trình đặc thù)
38863,DMS,quan-tri-nha-hang-va-dich-vu-an-uong,X21,Điểm học bạ,2025,25.66,Quản trị nhà hàng và dịch vụ ăn uống (chương trình đặc thù)
38864,DMS,quan-tri-nha-hang-va-dich-vu-an-uong,X25,Điểm học bạ,2025,25.66,Quản trị nhà hàng và dịch vụ ăn uống (chương trình đặc thù)
38865,DMS,quan-tri-nha-hang-va-dich-vu-an-uong,A00,Điểm thi THPT,2025,23.19,Quản trị nhà hàng và dịch vụ ăn uống (chương trình đặc thù)
38866,DMS,quan-tri-nha-hang-va-dich-vu-an-uong,A01,Điểm thi THPT,2025,23.19,Quản trị nhà hàng và dịch vụ ăn uống (chương trình đặc thù)
38867,DMS,quan-tri-nha-hang-va-dich-vu-an-uong,A03,Điểm thi THPT,2025,23.19,Quản trị nhà hàng và dịch vụ ăn uống (chương trình đặc thù)
38868,DMS,quan-tri-nha-hang-va-dich-vu-an-uong,A04,Điểm thi THPT,2025,23.19,Quản trị nhà hàng và dịch vụ ăn uống (chương trình đặc thù)
38869,DMS,quan-tri-nha-hang-va-dich-vu-an-uong,A05,Điểm thi THPT,2025,23.19,Quản trị nhà hàng và dịch vụ ăn uống (chương trình đặc thù)
38870,DMS,quan-tri-nha-hang-va-dich-vu-an-uong,A06,Điểm thi THPT,2025,23.19,Quản trị nhà hàng và dịch vụ ăn uống (chương trình đặc thù)
38871,DMS,quan-tri-nha-hang-va-dich-vu-an-uong,A07,Điểm thi THPT,2025,23.19,Quản trị nhà hàng và dịch vụ ăn uống (chương trình đặc thù)
38872,DMS,quan-tri-nha-hang-va-dich-vu-an-uong,C01,Điểm thi THPT,2025,23.19,Quản trị nhà hàng và dịch vụ ăn uống (chương trình đặc thù)
38873,DMS,quan-tri-nha-hang-va-dich-vu-an-uong,C02,Điểm thi THPT,2025,23.19,Quản trị nhà hàng và dịch vụ ăn uống (chương trình đặc thù)
38874,DMS,quan-tri-nha-hang-va-dich-vu-an-uong,C03,Điểm thi THPT,2025,23.19,Quản trị nhà hàng và dịch vụ ăn uống (chương trình đặc thù)
38875,DMS,quan-tri-nha-hang-va-dich-vu-an-uong,C04,Điểm thi THPT,2025,23.19,Quản trị nhà hàng và dịch vụ ăn uống (chương trình đặc thù)
38876,DMS,quan-tri-nha-hang-va-dich-vu-an-uong,D01,Điểm thi THPT,2025,23.19,Quản trị nhà hàng và dịch vụ ăn uống (chương trình đặc thù)
38877,DMS,quan-tri-nha-hang-va-dich-vu-an-uong,D07,Điểm thi THPT,2025,23.19,Quản trị nhà hàng và dịch vụ ăn uống (chương trình đặc thù)
38878,DMS,quan-tri-nha-hang-va-dich-vu-an-uong,D09,Điểm thi THPT,2025,23.19,Quản trị nhà hàng và dịch vụ ăn uống (chương trình đặc thù)
38879,DMS,quan-tri-nha-hang-va-dich-vu-an-uong,D10,Điểm thi THPT,2025,23.19,Quản trị nhà hàng và dịch vụ ăn uống (chương trình đặc thù)
38880,DMS,quan-tri-nha-hang-va-dich-vu-an-uong,X01,Điểm thi THPT,2025,23.19,Quản trị nhà hàng và dịch vụ ăn uống (chương trình đặc thù)
38881,DMS,quan-tri-nha-hang-va-dich-vu-an-uong,X05,Điểm thi THPT,2025,23.19,Quản trị nhà hàng và dịch vụ ăn uống (chương trình đặc thù)
38882,DMS,quan-tri-nha-hang-va-dich-vu-an-uong,X09,Điểm thi THPT,2025,23.19,Quản trị nhà hàng và dịch vụ ăn uống (chương trình đặc thù)
38883,DMS,quan-tri-nha-hang-va-dich-vu-an-uong,X17,Điểm thi THPT,2025,23.19,Quản trị nhà hàng và dịch vụ ăn uống (chương trình đặc thù)
38884,DMS,quan-tri-nha-hang-va-dich-vu-an-uong,X21,Điểm thi THPT,2025,23.19,Quản trị nhà hàng và dịch vụ ăn uống (chương trình đặc thù)
38885,DMS,quan-tri-nha-hang-va-dich-vu-an-uong,X25,Điểm thi THPT,2025,23.19,Quản trị nhà hàng và dịch vụ ăn uống (chương trình đặc thù)
38886,DMS,tai-chinh-ngan-hang,A00,Điểm học bạ,2021,26.8,Tài chính ngân hàng
38887,DMS,tai-chinh-ngan-hang,A01,Điểm học bạ,2021,26.8,Tài chính ngân hàng
38888,DMS,tai-chinh-ngan-hang,D01,Điểm học bạ,2021,26.8,Tài chính ngân hàng
38889,DMS,tai-chinh-ngan-hang,D96,Điểm học bạ,2021,26.8,Tài chính ngân hàng
38890,DMS,tai-chinh-ngan-hang,A00,Điểm thi THPT,2021,24.6,Tài chính ngân hàng
38891,DMS,tai-chinh-ngan-hang,A01,Điểm thi THPT,2021,24.6,Tài chính ngân hàng
38892,DMS,tai-chinh-ngan-hang,D01,Điểm thi THPT,2021,24.6,Tài chính ngân hàng
38893,DMS,tai-chinh-ngan-hang,D96,Điểm thi THPT,2021,24.6,Tài chính ngân hàng
38894,DMS,tai-chinh-ngan-hang,A00,Điểm học bạ,2022,27.0,Tài chính – Ngân hàng
38895,DMS,tai-chinh-ngan-hang,A01,Điểm học bạ,2022,27.0,Tài chính – Ngân hàng
38896,DMS,tai-chinh-ngan-hang,D01,Điểm học bạ,2022,27.0,Tài chính – Ngân hàng
38897,DMS,tai-chinh-ngan-hang,D96,Điểm học bạ,2022,27.0,Tài chính – Ngân hàng
38898,DMS,tai-chinh-ngan-hang,A00,Điểm thi THPT,2022,23.5,Tài chính - Ngân hàng
38899,DMS,tai-chinh-ngan-hang,A01,Điểm thi THPT,2022,23.5,Tài chính - Ngân hàng
38900,DMS,tai-chinh-ngan-hang,D01,Điểm thi THPT,2022,23.5,Tài chính - Ngân hàng
38901,DMS,tai-chinh-ngan-hang,D96,Điểm thi THPT,2022,23.5,Tài chính - Ngân hàng
38902,DMS,tai-chinh-ngan-hang,A00,Điểm học bạ,2023,27.5,Tài chính - Ngân hàng
38903,DMS,tai-chinh-ngan-hang,A01,Điểm học bạ,2023,27.5,Tài chính - Ngân hàng
38904,DMS,tai-chinh-ngan-hang,D01,Điểm học bạ,2023,27.5,Tài chính - Ngân hàng
38905,DMS,tai-chinh-ngan-hang,D96,Điểm học bạ,2023,27.5,Tài chính - Ngân hàng
38906,DMS,tai-chinh-ngan-hang,A00,Điểm thi THPT,2023,24.2,Tài chính - Ngân hàng
38907,DMS,tai-chinh-ngan-hang,A01,Điểm thi THPT,2023,24.2,Tài chính - Ngân hàng
38908,DMS,tai-chinh-ngan-hang,D01,Điểm thi THPT,2023,24.2,Tài chính - Ngân hàng
38909,DMS,tai-chinh-ngan-hang,D96,Điểm thi THPT,2023,24.2,Tài chính - Ngân hàng
38910,DMS,tai-chinh-ngan-hang,A00,Điểm học bạ,2024,21.0,Tài chính – Ngân hàng
38911,DMS,tai-chinh-ngan-hang,A01,Điểm học bạ,2024,21.0,Tài chính – Ngân hàng
38912,DMS,tai-chinh-ngan-hang,D01,Điểm học bạ,2024,21.0,Tài chính – Ngân hàng
38913,DMS,tai-chinh-ngan-hang,D96,Điểm học bạ,2024,21.0,Tài chính – Ngân hàng
38914,DMS,tai-chinh-ngan-hang,A00,Điểm thi THPT,2024,22.5,Tài chính - Ngân hàng
38915,DMS,tai-chinh-ngan-hang,A01,Điểm thi THPT,2024,22.5,Tài chính - Ngân hàng
38916,DMS,tai-chinh-ngan-hang,D01,Điểm thi THPT,2024,22.5,Tài chính - Ngân hàng
38917,DMS,tai-chinh-ngan-hang,D96,Điểm thi THPT,2024,22.5,Tài chính - Ngân hàng
38918,DMS,tai-chinh-ngan-hang,A00,Điểm học bạ,2025,25.08,Tài chính - Ngân hàng (chương trình tích hợp)
38919,DMS,tai-chinh-ngan-hang,A01,Điểm học bạ,2025,27.87,Tài chính - Ngân hàng (Chương trình Tiếng Anh toàn phần (Định hướng quốc tế))
38920,DMS,tai-chinh-ngan-hang,A03,Điểm học bạ,2025,25.08,Tài chính - Ngân hàng (chương trình tích hợp)
38921,DMS,tai-chinh-ngan-hang,A04,Điểm học bạ,2025,25.08,Tài chính - Ngân hàng (chương trình tích hợp)
38922,DMS,tai-chinh-ngan-hang,A05,Điểm học bạ,2025,25.08,Tài chính - Ngân hàng (chương trình tích hợp)
38923,DMS,tai-chinh-ngan-hang,A06,Điểm học bạ,2025,25.08,Tài chính - Ngân hàng (chương trình tích hợp)
38924,DMS,tai-chinh-ngan-hang,A07,Điểm học bạ,2025,25.08,Tài chính - Ngân hàng (chương trình tích hợp)
38925,DMS,tai-chinh-ngan-hang,C01,Điểm học bạ,2025,25.08,Tài chính - Ngân hàng (chương trình tích hợp)
38926,DMS,tai-chinh-ngan-hang,C02,Điểm học bạ,2025,25.08,Tài chính - Ngân hàng (chương trình tích hợp)
38927,DMS,tai-chinh-ngan-hang,C03,Điểm học bạ,2025,25.08,Tài chính - Ngân hàng (chương trình tích hợp)
38928,DMS,tai-chinh-ngan-hang,C04,Điểm học bạ,2025,25.08,Tài chính - Ngân hàng (chương trình tích hợp)
38929,DMS,tai-chinh-ngan-hang,D01,Điểm học bạ,2025,27.87,Tài chính - Ngân hàng (Chương trình Tiếng Anh toàn phần (Định hướng quốc tế))
38930,DMS,tai-chinh-ngan-hang,D07,Điểm học bạ,2025,27.87,Tài chính - Ngân hàng (Chương trình Tiếng Anh toàn phần (Định hướng quốc tế))
38931,DMS,tai-chinh-ngan-hang,D09,Điểm học bạ,2025,27.87,Tài chính - Ngân hàng (Chương trình Tiếng Anh toàn phần (Định hướng quốc tế))
38932,DMS,tai-chinh-ngan-hang,D10,Điểm học bạ,2025,27.87,Tài chính - Ngân hàng (Chương trình Tiếng Anh toàn phần (Định hướng quốc tế))
38933,DMS,tai-chinh-ngan-hang,X01,Điểm học bạ,2025,25.08,Tài chính - Ngân hàng (chương trình tích hợp)
38934,DMS,tai-chinh-ngan-hang,X05,Điểm học bạ,2025,25.08,Tài chính - Ngân hàng (chương trình tích hợp)
38935,DMS,tai-chinh-ngan-hang,X09,Điểm học bạ,2025,25.08,Tài chính - Ngân hàng (chương trình tích hợp)
38936,DMS,tai-chinh-ngan-hang,X17,Điểm học bạ,2025,25.08,Tài chính - Ngân hàng (chương trình tích hợp)
38937,DMS,tai-chinh-ngan-hang,X21,Điểm học bạ,2025,25.08,Tài chính - Ngân hàng (chương trình tích hợp)
38938,DMS,tai-chinh-ngan-hang,X25,Điểm học bạ,2025,27.87,Tài chính - Ngân hàng (Chương trình Tiếng Anh toàn phần (Định hướng quốc tế))
38939,DMS,tai-chinh-ngan-hang,A00,Điểm thi THPT,2025,22.55,Tài chính - Ngân hàng (chương trình tích hợp)
38940,DMS,tai-chinh-ngan-hang,A01,Điểm thi THPT,2025,24.09,Tài chính - Ngân hàng (Chương trình Tiếng Anh toàn phần (Định hướng quốc tế))
38941,DMS,tai-chinh-ngan-hang,A03,Điểm thi THPT,2025,22.55,Tài chính - Ngân hàng (chương trình tích hợp)
38942,DMS,tai-chinh-ngan-hang,A04,Điểm thi THPT,2025,22.55,Tài chính - Ngân hàng (chương trình tích hợp)
38943,DMS,tai-chinh-ngan-hang,A05,Điểm thi THPT,2025,22.55,Tài chính - Ngân hàng (chương trình tích hợp)
38944,DMS,tai-chinh-ngan-hang,A06,Điểm thi THPT,2025,22.55,Tài chính - Ngân hàng (chương trình tích hợp)
38945,DMS,tai-chinh-ngan-hang,A07,Điểm thi THPT,2025,22.55,Tài chính - Ngân hàng (chương trình tích hợp)
38946,DMS,tai-chinh-ngan-hang,C01,Điểm thi THPT,2025,22.55,Tài chính - Ngân hàng (chương trình tích hợp)
38947,DMS,tai-chinh-ngan-hang,C02,Điểm thi THPT,2025,22.55,Tài chính - Ngân hàng (chương trình tích hợp)
38948,DMS,tai-chinh-ngan-hang,C03,Điểm thi THPT,2025,22.55,Tài chính - Ngân hàng (chương trình tích hợp)
38949,DMS,tai-chinh-ngan-hang,C04,Điểm thi THPT,2025,22.55,Tài chính - Ngân hàng (chương trình tích hợp)
38950,DMS,tai-chinh-ngan-hang,D01,Điểm thi THPT,2025,24.09,Tài chính - Ngân hàng (Chương trình Tiếng Anh toàn phần (Định hướng quốc tế))
38951,DMS,tai-chinh-ngan-hang,D07,Điểm thi THPT,2025,24.09,Tài chính - Ngân hàng (Chương trình Tiếng Anh toàn phần (Định hướng quốc tế))
38952,DMS,tai-chinh-ngan-hang,D09,Điểm thi THPT,2025,24.09,Tài chính - Ngân hàng (Chương trình Tiếng Anh toàn phần (Định hướng quốc tế))
38953,DMS,tai-chinh-ngan-hang,D10,Điểm thi THPT,2025,24.09,Tài chính - Ngân hàng (Chương trình Tiếng Anh toàn phần (Định hướng quốc tế))
38954,DMS,tai-chinh-ngan-hang,X01,Điểm thi THPT,2025,22.55,Tài chính - Ngân hàng (chương trình tích hợp)
38955,DMS,tai-chinh-ngan-hang,X05,Điểm thi THPT,2025,22.55,Tài chính - Ngân hàng (chương trình tích hợp)
38956,DMS,tai-chinh-ngan-hang,X09,Điểm thi THPT,2025,22.55,Tài chính - Ngân hàng (chương trình tích hợp)
38957,DMS,tai-chinh-ngan-hang,X17,Điểm thi THPT,2025,22.55,Tài chính - Ngân hàng (chương trình tích hợp)
38958,DMS,tai-chinh-ngan-hang,X21,Điểm thi THPT,2025,22.55,Tài chính - Ngân hàng (chương trình tích hợp)
38959,DMS,tai-chinh-ngan-hang,X25,Điểm thi THPT,2025,24.09,Tài chính - Ngân hàng (Chương trình Tiếng Anh toàn phần (Định hướng quốc tế))
38960,DMS,toan-kinh-te,A00,Điểm học bạ,2021,26.0,Toán kinh tế
38961,DMS,toan-kinh-te,A01,Điểm học bạ,2021,26.0,Toán kinh tế
38962,DMS,toan-kinh-te,D01,Điểm học bạ,2021,26.0,Toán kinh tế
38963,DMS,toan-kinh-te,D96,Điểm học bạ,2021,26.0,Toán kinh tế
38964,DMS,toan-kinh-te,A00,Điểm thi THPT,2021,21.25,Toán kinh tế
38965,DMS,toan-kinh-te,A01,Điểm thi THPT,2021,21.25,Toán kinh tế
38966,DMS,toan-kinh-te,D01,Điểm thi THPT,2021,21.25,Toán kinh tế
38967,DMS,toan-kinh-te,D96,Điểm thi THPT,2021,21.25,Toán kinh tế
38968,DMS,toan-kinh-te,A00,Điểm học bạ,2022,27.87,Toán kinh tế
38969,DMS,toan-kinh-te,A01,Điểm học bạ,2022,27.87,Toán kinh tế
38970,DMS,toan-kinh-te,D01,Điểm học bạ,2022,27.87,Toán kinh tế
38971,DMS,toan-kinh-te,D96,Điểm học bạ,2022,27.87,Toán kinh tế
38972,DMS,toan-kinh-te,A00,Điểm thi THPT,2022,24.6,Toán kinh tế
38973,DMS,toan-kinh-te,A01,Điểm thi THPT,2022,24.6,Toán kinh tế
38974,DMS,toan-kinh-te,D01,Điểm thi THPT,2022,24.6,Toán kinh tế
38975,DMS,toan-kinh-te,D96,Điểm thi THPT,2022,24.6,Toán kinh tế
38976,DMS,toan-kinh-te,A00,Điểm học bạ,2023,28.2,Toán kinh tế
38977,DMS,toan-kinh-te,A01,Điểm học bạ,2023,28.2,Toán kinh tế
38978,DMS,toan-kinh-te,D01,Điểm học bạ,2023,28.2,Toán kinh tế
38979,DMS,toan-kinh-te,D96,Điểm học bạ,2023,28.2,Toán kinh tế
38980,DMS,toan-kinh-te,A00,Điểm thi THPT,2023,23.6,Toán kinh tế
38981,DMS,toan-kinh-te,A01,Điểm thi THPT,2023,23.6,Toán kinh tế
38982,DMS,toan-kinh-te,D01,Điểm thi THPT,2023,23.6,Toán kinh tế
38983,DMS,toan-kinh-te,D96,Điểm thi THPT,2023,23.6,Toán kinh tế
38984,DMS,toan-kinh-te,A00,Điểm học bạ,2024,27.0,Toán kinh tế
38985,DMS,toan-kinh-te,A01,Điểm học bạ,2024,27.0,Toán kinh tế
38986,DMS,toan-kinh-te,D01,Điểm học bạ,2024,27.0,Toán kinh tế
38987,DMS,toan-kinh-te,D96,Điểm học bạ,2024,27.0,Toán kinh tế
38988,DMS,toan-kinh-te,A00,Điểm thi THPT,2024,24.2,Toán kinh tế
38989,DMS,toan-kinh-te,A01,Điểm thi THPT,2024,24.2,Toán kinh tế
38990,DMS,toan-kinh-te,D01,Điểm thi THPT,2024,24.2,Toán kinh tế
38991,DMS,toan-kinh-te,D96,Điểm thi THPT,2024,24.2,Toán kinh tế
38992,DMS,toan-kinh-te,A00,Điểm học bạ,2025,25.5,Toán kinh tế (chương trình chuẩn)
38993,DMS,toan-kinh-te,A01,Điểm học bạ,2025,25.5,Toán kinh tế (chương trình chuẩn)
38994,DMS,toan-kinh-te,A03,Điểm học bạ,2025,25.5,Toán kinh tế (chương trình chuẩn)
38995,DMS,toan-kinh-te,A04,Điểm học bạ,2025,25.5,Toán kinh tế (chương trình chuẩn)
38996,DMS,toan-kinh-te,A05,Điểm học bạ,2025,25.5,Toán kinh tế (chương trình chuẩn)
38997,DMS,toan-kinh-te,A06,Điểm học bạ,2025,25.5,Toán kinh tế (chương trình chuẩn)
38998,DMS,toan-kinh-te,A07,Điểm học bạ,2025,25.5,Toán kinh tế (chương trình chuẩn)
38999,DMS,toan-kinh-te,C01,Điểm học bạ,2025,25.5,Toán kinh tế (chương trình chuẩn)
39000,DMS,toan-kinh-te,C02,Điểm học bạ,2025,25.5,Toán kinh tế (chương trình chuẩn)
39001,DMS,toan-kinh-te,C03,Điểm học bạ,2025,25.5,Toán kinh tế (chương trình chuẩn)
39002,DMS,toan-kinh-te,C04,Điểm học bạ,2025,25.5,Toán kinh tế (chương trình chuẩn)
39003,DMS,toan-kinh-te,D01,Điểm học bạ,2025,25.5,Toán kinh tế (chương trình chuẩn)
39004,DMS,toan-kinh-te,D07,Điểm học bạ,2025,25.5,Toán kinh tế (chương trình chuẩn)
39005,DMS,toan-kinh-te,D09,Điểm học bạ,2025,25.5,Toán kinh tế (chương trình chuẩn)
39006,DMS,toan-kinh-te,D10,Điểm học bạ,2025,25.5,Toán kinh tế (chương trình chuẩn)
39007,DMS,toan-kinh-te,X01,Điểm học bạ,2025,25.5,Toán kinh tế (chương trình chuẩn)
39008,DMS,toan-kinh-te,X05,Điểm học bạ,2025,25.5,Toán kinh tế (chương trình chuẩn)
39009,DMS,toan-kinh-te,X09,Điểm học bạ,2025,25.5,Toán kinh tế (chương trình chuẩn)
39010,DMS,toan-kinh-te,X17,Điểm học bạ,2025,25.5,Toán kinh tế (chương trình chuẩn)
39011,DMS,toan-kinh-te,X21,Điểm học bạ,2025,25.5,Toán kinh tế (chương trình chuẩn)
39012,DMS,toan-kinh-te,X25,Điểm học bạ,2025,25.5,Toán kinh tế (chương trình chuẩn)
39013,DMS,toan-kinh-te,A00,Điểm thi THPT,2025,23.0,Toán kinh tế (chương trình chuẩn)
39014,DMS,toan-kinh-te,A01,Điểm thi THPT,2025,23.0,Toán kinh tế (chương trình chuẩn)
39015,DMS,toan-kinh-te,A03,Điểm thi THPT,2025,23.0,Toán kinh tế (chương trình chuẩn)
39016,DMS,toan-kinh-te,A04,Điểm thi THPT,2025,23.0,Toán kinh tế (chương trình chuẩn)
39017,DMS,toan-kinh-te,A05,Điểm thi THPT,2025,23.0,Toán kinh tế (chương trình chuẩn)
39018,DMS,toan-kinh-te,A06,Điểm thi THPT,2025,23.0,Toán kinh tế (chương trình chuẩn)
39019,DMS,toan-kinh-te,A07,Điểm thi THPT,2025,23.0,Toán kinh tế (chương trình chuẩn)
39020,DMS,toan-kinh-te,C01,Điểm thi THPT,2025,23.0,Toán kinh tế (chương trình chuẩn)
39021,DMS,toan-kinh-te,C02,Điểm thi THPT,2025,23.0,Toán kinh tế (chương trình chuẩn)
39022,DMS,toan-kinh-te,C03,Điểm thi THPT,2025,23.0,Toán kinh tế (chương trình chuẩn)
39023,DMS,toan-kinh-te,C04,Điểm thi THPT,2025,23.0,Toán kinh tế (chương trình chuẩn)
39024,DMS,toan-kinh-te,D01,Điểm thi THPT,2025,23.0,Toán kinh tế (chương trình chuẩn)
39025,DMS,toan-kinh-te,D07,Điểm thi THPT,2025,23.0,Toán kinh tế (chương trình chuẩn)
39026,DMS,toan-kinh-te,D09,Điểm thi THPT,2025,23.0,Toán kinh tế (chương trình chuẩn)
39027,DMS,toan-kinh-te,D10,Điểm thi THPT,2025,23.0,Toán kinh tế (chương trình chuẩn)
39028,DMS,toan-kinh-te,X01,Điểm thi THPT,2025,23.0,Toán kinh tế (chương trình chuẩn)
39029,DMS,toan-kinh-te,X05,Điểm thi THPT,2025,23.0,Toán kinh tế (chương trình chuẩn)
39030,DMS,toan-kinh-te,X09,Điểm thi THPT,2025,23.0,Toán kinh tế (chương trình chuẩn)
39031,DMS,toan-kinh-te,X17,Điểm thi THPT,2025,23.0,Toán kinh tế (chương trình chuẩn)
39032,DMS,toan-kinh-te,X21,Điểm thi THPT,2025,23.0,Toán kinh tế (chương trình chuẩn)
39033,DMS,toan-kinh-te,X25,Điểm thi THPT,2025,23.0,Toán kinh tế (chương trình chuẩn)
39034,DMT,bat-dong-san,A00,Điểm học bạ,2021,18.0,Bất động sản
39035,DMT,bat-dong-san,A01,Điểm học bạ,2021,18.0,Bất động sản
39036,DMT,bat-dong-san,C00,Điểm học bạ,2021,18.0,Bất động sản
39037,DMT,bat-dong-san,D01,Điểm học bạ,2021,18.0,Bất động sản
39038,DMT,bat-dong-san,A00,Điểm thi THPT,2021,23.0,Bất động sản
39039,DMT,bat-dong-san,A01,Điểm thi THPT,2021,23.0,Bất động sản
39040,DMT,bat-dong-san,C00,Điểm thi THPT,2021,23.0,Bất động sản
39041,DMT,bat-dong-san,D01,Điểm thi THPT,2021,23.0,Bất động sản
39042,DMT,bat-dong-san,A00,Điểm học bạ,2022,26.25,Bất động sản
39043,DMT,bat-dong-san,A01,Điểm học bạ,2022,26.25,Bất động sản
39044,DMT,bat-dong-san,C00,Điểm học bạ,2022,26.25,Bất động sản
39045,DMT,bat-dong-san,D01,Điểm học bạ,2022,26.25,Bất động sản
39046,DMT,bat-dong-san,A00,Điểm thi THPT,2022,25.5,Bất động sản
39047,DMT,bat-dong-san,A01,Điểm thi THPT,2022,25.5,Bất động sản
39048,DMT,bat-dong-san,C00,Điểm thi THPT,2022,25.5,Bất động sản
39049,DMT,bat-dong-san,D01,Điểm thi THPT,2022,25.5,Bất động sản
39050,DMT,bat-dong-san,A00,Điểm học bạ,2023,23.0,Bất động sản
39051,DMT,bat-dong-san,A01,Điểm học bạ,2023,23.0,Bất động sản
39052,DMT,bat-dong-san,C00,Điểm học bạ,2023,23.0,Bất động sản
39053,DMT,bat-dong-san,D01,Điểm học bạ,2023,23.0,Bất động sản
39054,DMT,bat-dong-san,A00,Điểm thi THPT,2023,21.0,Bất động sản
39055,DMT,bat-dong-san,A01,Điểm thi THPT,2023,21.0,Bất động sản
39056,DMT,bat-dong-san,C00,Điểm thi THPT,2023,21.0,Bất động sản
39057,DMT,bat-dong-san,D01,Điểm thi THPT,2023,21.0,Bất động sản
39058,DMT,bat-dong-san,A00,Điểm học bạ,2024,26.5,Bất động sản
39059,DMT,bat-dong-san,A01,Điểm học bạ,2024,26.5,Bất động sản
39060,DMT,bat-dong-san,C00,Điểm học bạ,2024,26.5,Bất động sản
39061,DMT,bat-dong-san,D01,Điểm học bạ,2024,26.5,Bất động sản
39062,DMT,bat-dong-san,A00,Điểm thi THPT,2024,24.75,Bất động sản
39063,DMT,bat-dong-san,A01,Điểm thi THPT,2024,24.75,Bất động sản
39064,DMT,bat-dong-san,C00,Điểm thi THPT,2024,24.75,Bất động sản
39065,DMT,bat-dong-san,D01,Điểm thi THPT,2024,24.75,Bất động sản
39066,DMT,bat-dong-san,A00,Điểm học bạ,2025,25.08,Bất động sản
39067,DMT,bat-dong-san,A01,Điểm học bạ,2025,25.08,Bất động sản
39068,DMT,bat-dong-san,B03,Điểm học bạ,2025,25.08,Bất động sản
39069,DMT,bat-dong-san,C00,Điểm học bạ,2025,25.08,Bất động sản
39070,DMT,bat-dong-san,C01,Điểm học bạ,2025,25.08,Bất động sản
39071,DMT,bat-dong-san,C02,Điểm học bạ,2025,25.08,Bất động sản
39072,DMT,bat-dong-san,C03,Điểm học bạ,2025,25.08,Bất động sản
39073,DMT,bat-dong-san,C04,Điểm học bạ,2025,25.08,Bất động sản
39074,DMT,bat-dong-san,D01,Điểm học bạ,2025,25.08,Bất động sản
39075,DMT,bat-dong-san,X01,Điểm học bạ,2025,25.08,Bất động sản
39076,DMT,bat-dong-san,X02,Điểm học bạ,2025,25.08,Bất động sản
39077,DMT,bat-dong-san,X03,Điểm học bạ,2025,25.08,Bất động sản
39078,DMT,bat-dong-san,X04,Điểm học bạ,2025,25.08,Bất động sản
39079,DMT,bat-dong-san,A00,Điểm thi THPT,2025,23.85,Bất động sản
39080,DMT,bat-dong-san,A01,Điểm thi THPT,2025,23.85,Bất động sản
39081,DMT,bat-dong-san,B03,Điểm thi THPT,2025,23.85,Bất động sản
39082,DMT,bat-dong-san,C00,Điểm thi THPT,2025,23.85,Bất động sản
39083,DMT,bat-dong-san,C01,Điểm thi THPT,2025,23.85,Bất động sản
39084,DMT,bat-dong-san,C02,Điểm thi THPT,2025,23.85,Bất động sản
39085,DMT,bat-dong-san,C03,Điểm thi THPT,2025,23.85,Bất động sản
39086,DMT,bat-dong-san,C04,Điểm thi THPT,2025,23.85,Bất động sản
39087,DMT,bat-dong-san,D01,Điểm thi THPT,2025,23.85,Bất động sản
39088,DMT,bat-dong-san,X01,Điểm thi THPT,2025,23.85,Bất động sản
39089,DMT,bat-dong-san,X02,Điểm thi THPT,2025,23.85,Bất động sản
39090,DMT,bat-dong-san,X03,Điểm thi THPT,2025,23.85,Bất động sản
39091,DMT,bat-dong-san,X04,Điểm thi THPT,2025,23.85,Bất động sản
39092,DMT,bien-doi-khi-hau-va-phat-trien-ben-vung,A00,Điểm học bạ,2021,18.0,Biến đổi khí hậu và Phát triển bền vững
39093,DMT,bien-doi-khi-hau-va-phat-trien-ben-vung,C00,Điểm học bạ,2021,18.0,Biến đổi khí hậu và Phát triển bền vững
39094,DMT,bien-doi-khi-hau-va-phat-trien-ben-vung,D01,Điểm học bạ,2021,18.0,Biến đổi khí hậu và Phát triển bền vững
39095,DMT,bien-doi-khi-hau-va-phat-trien-ben-vung,D15,Điểm học bạ,2021,18.0,Biến đổi khí hậu và Phát triển bền vững
39096,DMT,bien-doi-khi-hau-va-phat-trien-ben-vung,A00,Điểm thi THPT,2021,15.0,Biến đổi khí hậu và Phát triển bền vững
39097,DMT,bien-doi-khi-hau-va-phat-trien-ben-vung,C00,Điểm thi THPT,2021,15.0,Biến đổi khí hậu và Phát triển bền vững
39098,DMT,bien-doi-khi-hau-va-phat-trien-ben-vung,D01,Điểm thi THPT,2021,15.0,Biến đổi khí hậu và Phát triển bền vững
39099,DMT,bien-doi-khi-hau-va-phat-trien-ben-vung,D15,Điểm thi THPT,2021,15.0,Biến đổi khí hậu và Phát triển bền vững
39100,DMT,bien-doi-khi-hau-va-phat-trien-ben-vung,A00,Điểm học bạ,2022,18.0,Biến đổi khí hậu và Phát triển bền vững
39101,DMT,bien-doi-khi-hau-va-phat-trien-ben-vung,C00,Điểm học bạ,2022,18.0,Biến đổi khí hậu và Phát triển bền vững
39102,DMT,bien-doi-khi-hau-va-phat-trien-ben-vung,D01,Điểm học bạ,2022,18.0,Biến đổi khí hậu và Phát triển bền vững
39103,DMT,bien-doi-khi-hau-va-phat-trien-ben-vung,D15,Điểm học bạ,2022,18.0,Biến đổi khí hậu và Phát triển bền vững
39104,DMT,bien-doi-khi-hau-va-phat-trien-ben-vung,A00,Điểm thi THPT,2022,15.0,Biến đổi khí hậu và Phát triển bền vững
39105,DMT,bien-doi-khi-hau-va-phat-trien-ben-vung,C00,Điểm thi THPT,2022,15.0,Biến đổi khí hậu và Phát triển bền vững
39106,DMT,bien-doi-khi-hau-va-phat-trien-ben-vung,D01,Điểm thi THPT,2022,15.0,Biến đổi khí hậu và Phát triển bền vững
39107,DMT,bien-doi-khi-hau-va-phat-trien-ben-vung,D15,Điểm thi THPT,2022,15.0,Biến đổi khí hậu và Phát triển bền vững
39108,DMT,bien-doi-khi-hau-va-phat-trien-ben-vung,A00,Điểm học bạ,2023,18.0,Biến đổi khí hậu và phát triển bền vững
39109,DMT,bien-doi-khi-hau-va-phat-trien-ben-vung,C00,Điểm học bạ,2023,18.0,Biến đổi khí hậu và phát triển bền vững
39110,DMT,bien-doi-khi-hau-va-phat-trien-ben-vung,D01,Điểm học bạ,2023,18.0,Biến đổi khí hậu và phát triển bền vững
39111,DMT,bien-doi-khi-hau-va-phat-trien-ben-vung,D15,Điểm học bạ,2023,18.0,Biến đổi khí hậu và phát triển bền vững
39112,DMT,bien-doi-khi-hau-va-phat-trien-ben-vung,A00,Điểm thi THPT,2023,15.0,Biến đổi khí hậu và phát triển bền vững
39113,DMT,bien-doi-khi-hau-va-phat-trien-ben-vung,C00,Điểm thi THPT,2023,15.0,Biến đổi khí hậu và phát triển bền vững
39114,DMT,bien-doi-khi-hau-va-phat-trien-ben-vung,D01,Điểm thi THPT,2023,15.0,Biến đổi khí hậu và phát triển bền vững
39115,DMT,bien-doi-khi-hau-va-phat-trien-ben-vung,D15,Điểm thi THPT,2023,15.0,Biến đổi khí hậu và phát triển bền vững
39116,DMT,bien-doi-khi-hau-va-phat-trien-ben-vung,A00,Điểm học bạ,2024,18.0,Biến đổi khí hậu và Phát triển bền vững
39117,DMT,bien-doi-khi-hau-va-phat-trien-ben-vung,C00,Điểm học bạ,2024,18.0,Biến đổi khí hậu và Phát triển bền vững
39118,DMT,bien-doi-khi-hau-va-phat-trien-ben-vung,D01,Điểm học bạ,2024,18.0,Biến đổi khí hậu và Phát triển bền vững
39119,DMT,bien-doi-khi-hau-va-phat-trien-ben-vung,D15,Điểm học bạ,2024,18.0,Biến đổi khí hậu và Phát triển bền vững
39120,DMT,bien-doi-khi-hau-va-phat-trien-ben-vung,A00,Điểm thi THPT,2024,15.0,Biến đổi khí hậu và Phát triển bền vững
39121,DMT,bien-doi-khi-hau-va-phat-trien-ben-vung,C00,Điểm thi THPT,2024,15.0,Biến đổi khí hậu và Phát triển bền vững
39122,DMT,bien-doi-khi-hau-va-phat-trien-ben-vung,D01,Điểm thi THPT,2024,15.0,Biến đổi khí hậu và Phát triển bền vững
39123,DMT,bien-doi-khi-hau-va-phat-trien-ben-vung,D15,Điểm thi THPT,2024,15.0,Biến đổi khí hậu và Phát triển bền vững
39124,DMT,bien-doi-khi-hau-va-phat-trien-ben-vung,A00,Điểm học bạ,2025,18.0,Biến đổi khí hậu và phát triển bền vững
39125,DMT,bien-doi-khi-hau-va-phat-trien-ben-vung,B03,Điểm học bạ,2025,18.0,Biến đổi khí hậu và phát triển bền vững
39126,DMT,bien-doi-khi-hau-va-phat-trien-ben-vung,C00,Điểm học bạ,2025,18.0,Biến đổi khí hậu và phát triển bền vững
39127,DMT,bien-doi-khi-hau-va-phat-trien-ben-vung,C01,Điểm học bạ,2025,18.0,Biến đổi khí hậu và phát triển bền vững
39128,DMT,bien-doi-khi-hau-va-phat-trien-ben-vung,C02,Điểm học bạ,2025,18.0,Biến đổi khí hậu và phát triển bền vững
39129,DMT,bien-doi-khi-hau-va-phat-trien-ben-vung,C03,Điểm học bạ,2025,18.0,Biến đổi khí hậu và phát triển bền vững
39130,DMT,bien-doi-khi-hau-va-phat-trien-ben-vung,C04,Điểm học bạ,2025,18.0,Biến đổi khí hậu và phát triển bền vững
39131,DMT,bien-doi-khi-hau-va-phat-trien-ben-vung,D01,Điểm học bạ,2025,18.0,Biến đổi khí hậu và phát triển bền vững
39132,DMT,bien-doi-khi-hau-va-phat-trien-ben-vung,D15,Điểm học bạ,2025,18.0,Biến đổi khí hậu và phát triển bền vững
39133,DMT,bien-doi-khi-hau-va-phat-trien-ben-vung,X01,Điểm học bạ,2025,18.0,Biến đổi khí hậu và phát triển bền vững
39134,DMT,bien-doi-khi-hau-va-phat-trien-ben-vung,X02,Điểm học bạ,2025,18.0,Biến đổi khí hậu và phát triển bền vững
39135,DMT,bien-doi-khi-hau-va-phat-trien-ben-vung,X03,Điểm học bạ,2025,18.0,Biến đổi khí hậu và phát triển bền vững
39136,DMT,bien-doi-khi-hau-va-phat-trien-ben-vung,X04,Điểm học bạ,2025,18.0,Biến đổi khí hậu và phát triển bền vững
39137,DMT,bien-doi-khi-hau-va-phat-trien-ben-vung,A00,Điểm thi THPT,2025,15.0,Biến đổi khí hậu và phát triển bền vững
39138,DMT,bien-doi-khi-hau-va-phat-trien-ben-vung,B03,Điểm thi THPT,2025,15.0,Biến đổi khí hậu và phát triển bền vững
39139,DMT,bien-doi-khi-hau-va-phat-trien-ben-vung,C00,Điểm thi THPT,2025,15.0,Biến đổi khí hậu và phát triển bền vững
39140,DMT,bien-doi-khi-hau-va-phat-trien-ben-vung,C01,Điểm thi THPT,2025,15.0,Biến đổi khí hậu và phát triển bền vững
39141,DMT,bien-doi-khi-hau-va-phat-trien-ben-vung,C02,Điểm thi THPT,2025,15.0,Biến đổi khí hậu và phát triển bền vững
39142,DMT,bien-doi-khi-hau-va-phat-trien-ben-vung,C03,Điểm thi THPT,2025,15.0,Biến đổi khí hậu và phát triển bền vững
39143,DMT,bien-doi-khi-hau-va-phat-trien-ben-vung,C04,Điểm thi THPT,2025,15.0,Biến đổi khí hậu và phát triển bền vững
39144,DMT,bien-doi-khi-hau-va-phat-trien-ben-vung,D01,Điểm thi THPT,2025,15.0,Biến đổi khí hậu và phát triển bền vững
39145,DMT,bien-doi-khi-hau-va-phat-trien-ben-vung,D15,Điểm thi THPT,2025,15.0,Biến đổi khí hậu và phát triển bền vững
39146,DMT,bien-doi-khi-hau-va-phat-trien-ben-vung,X01,Điểm thi THPT,2025,15.0,Biến đổi khí hậu và phát triển bền vững
39147,DMT,bien-doi-khi-hau-va-phat-trien-ben-vung,X02,Điểm thi THPT,2025,15.0,Biến đổi khí hậu và phát triển bền vững
39148,DMT,bien-doi-khi-hau-va-phat-trien-ben-vung,X03,Điểm thi THPT,2025,15.0,Biến đổi khí hậu và phát triển bền vững
39149,DMT,bien-doi-khi-hau-va-phat-trien-ben-vung,X04,Điểm thi THPT,2025,15.0,Biến đổi khí hậu và phát triển bền vững
39150,DMT,cong-nghe-ky-thuat-moi-truong,A00,Điểm học bạ,2021,18.0,Công nghệ kỹ thuật môi trường
39151,DMT,cong-nghe-ky-thuat-moi-truong,A01,Điểm học bạ,2021,18.0,Công nghệ kỹ thuật môi trường
39152,DMT,cong-nghe-ky-thuat-moi-truong,B00,Điểm học bạ,2021,18.0,Công nghệ kỹ thuật môi trường
39153,DMT,cong-nghe-ky-thuat-moi-truong,D01,Điểm học bạ,2021,18.0,Công nghệ kỹ thuật môi trường
39154,DMT,cong-nghe-ky-thuat-moi-truong,A00,Điểm thi THPT,2021,15.0,Công nghệ kỹ thuật môi trường
39155,DMT,cong-nghe-ky-thuat-moi-truong,A01,Điểm thi THPT,2021,15.0,Công nghệ kỹ thuật môi trường
39156,DMT,cong-nghe-ky-thuat-moi-truong,B00,Điểm thi THPT,2021,15.0,Công nghệ kỹ thuật môi trường
39157,DMT,cong-nghe-ky-thuat-moi-truong,D01,Điểm thi THPT,2021,15.0,Công nghệ kỹ thuật môi trường
39158,DMT,cong-nghe-ky-thuat-moi-truong,A00,Điểm học bạ,2022,18.0,Công nghệ kỹ thuật môi trường
39159,DMT,cong-nghe-ky-thuat-moi-truong,A01,Điểm học bạ,2022,18.0,Công nghệ kỹ thuật môi trường
39160,DMT,cong-nghe-ky-thuat-moi-truong,B00,Điểm học bạ,2022,18.0,Công nghệ kỹ thuật môi trường
39161,DMT,cong-nghe-ky-thuat-moi-truong,D01,Điểm học bạ,2022,18.0,Công nghệ kỹ thuật môi trường
39162,DMT,cong-nghe-ky-thuat-moi-truong,A00,Điểm thi THPT,2022,15.0,Công nghệ kỹ thuật môi trường
39163,DMT,cong-nghe-ky-thuat-moi-truong,A01,Điểm thi THPT,2022,15.0,Công nghệ kỹ thuật môi trường
39164,DMT,cong-nghe-ky-thuat-moi-truong,B00,Điểm thi THPT,2022,15.0,Công nghệ kỹ thuật môi trường
39165,DMT,cong-nghe-ky-thuat-moi-truong,D01,Điểm thi THPT,2022,15.0,Công nghệ kỹ thuật môi trường
39166,DMT,cong-nghe-ky-thuat-moi-truong,A00,Điểm học bạ,2023,18.0,Công nghệ kỹ thuật môi trường
39167,DMT,cong-nghe-ky-thuat-moi-truong,A01,Điểm học bạ,2023,18.0,Công nghệ kỹ thuật môi trường
39168,DMT,cong-nghe-ky-thuat-moi-truong,B00,Điểm học bạ,2023,18.0,Công nghệ kỹ thuật môi trường
39169,DMT,cong-nghe-ky-thuat-moi-truong,D01,Điểm học bạ,2023,18.0,Công nghệ kỹ thuật môi trường
39170,DMT,cong-nghe-ky-thuat-moi-truong,A00,Điểm thi THPT,2023,15.0,Công nghệ kỹ thuật môi trường
39171,DMT,cong-nghe-ky-thuat-moi-truong,A01,Điểm thi THPT,2023,15.0,Công nghệ kỹ thuật môi trường
39172,DMT,cong-nghe-ky-thuat-moi-truong,B00,Điểm thi THPT,2023,15.0,Công nghệ kỹ thuật môi trường
39173,DMT,cong-nghe-ky-thuat-moi-truong,D01,Điểm thi THPT,2023,15.0,Công nghệ kỹ thuật môi trường
39174,DMT,cong-nghe-ky-thuat-moi-truong,A00,Điểm học bạ,2024,18.0,Công nghệ kỹ thuật môi trường
39175,DMT,cong-nghe-ky-thuat-moi-truong,A01,Điểm học bạ,2024,18.0,Công nghệ kỹ thuật môi trường
39176,DMT,cong-nghe-ky-thuat-moi-truong,B00,Điểm học bạ,2024,18.0,Công nghệ kỹ thuật môi trường
39177,DMT,cong-nghe-ky-thuat-moi-truong,D01,Điểm học bạ,2024,18.0,Công nghệ kỹ thuật môi trường
39178,DMT,cong-nghe-ky-thuat-moi-truong,A00,Điểm thi THPT,2024,15.0,Công nghệ kỹ thuật môi trường
39179,DMT,cong-nghe-ky-thuat-moi-truong,A01,Điểm thi THPT,2024,15.0,Công nghệ kỹ thuật môi trường
39180,DMT,cong-nghe-ky-thuat-moi-truong,B00,Điểm thi THPT,2024,15.0,Công nghệ kỹ thuật môi trường
39181,DMT,cong-nghe-ky-thuat-moi-truong,D01,Điểm thi THPT,2024,15.0,Công nghệ kỹ thuật môi trường
39182,DMT,cong-nghe-ky-thuat-moi-truong,A00,Điểm học bạ,2025,18.4,Công nghệ kỹ thuật môi trường
39183,DMT,cong-nghe-ky-thuat-moi-truong,A01,Điểm học bạ,2025,18.4,Công nghệ kỹ thuật môi trường
39184,DMT,cong-nghe-ky-thuat-moi-truong,B00,Điểm học bạ,2025,18.4,Công nghệ kỹ thuật môi trường
39185,DMT,cong-nghe-ky-thuat-moi-truong,B03,Điểm học bạ,2025,18.4,Công nghệ kỹ thuật môi trường
39186,DMT,cong-nghe-ky-thuat-moi-truong,C01,Điểm học bạ,2025,18.4,Công nghệ kỹ thuật môi trường
39187,DMT,cong-nghe-ky-thuat-moi-truong,C02,Điểm học bạ,2025,18.4,Công nghệ kỹ thuật môi trường
39188,DMT,cong-nghe-ky-thuat-moi-truong,D01,Điểm học bạ,2025,18.4,Công nghệ kỹ thuật môi trường
39189,DMT,cong-nghe-ky-thuat-moi-truong,D07,Điểm học bạ,2025,18.4,Công nghệ kỹ thuật môi trường
39190,DMT,cong-nghe-ky-thuat-moi-truong,D08,Điểm học bạ,2025,18.4,Công nghệ kỹ thuật môi trường
39191,DMT,cong-nghe-ky-thuat-moi-truong,X02,Điểm học bạ,2025,18.4,Công nghệ kỹ thuật môi trường
39192,DMT,cong-nghe-ky-thuat-moi-truong,X03,Điểm học bạ,2025,18.4,Công nghệ kỹ thuật môi trường
39193,DMT,cong-nghe-ky-thuat-moi-truong,X04,Điểm học bạ,2025,18.4,Công nghệ kỹ thuật môi trường
39194,DMT,cong-nghe-ky-thuat-moi-truong,X09,Điểm học bạ,2025,18.4,Công nghệ kỹ thuật môi trường
39195,DMT,cong-nghe-ky-thuat-moi-truong,A00,Điểm thi THPT,2025,15.5,Công nghệ kỹ thuật môi trường
39196,DMT,cong-nghe-ky-thuat-moi-truong,A01,Điểm thi THPT,2025,15.5,Công nghệ kỹ thuật môi trường
39197,DMT,cong-nghe-ky-thuat-moi-truong,B00,Điểm thi THPT,2025,15.5,Công nghệ kỹ thuật môi trường
39198,DMT,cong-nghe-ky-thuat-moi-truong,B03,Điểm thi THPT,2025,15.5,Công nghệ kỹ thuật môi trường
39199,DMT,cong-nghe-ky-thuat-moi-truong,C01,Điểm thi THPT,2025,15.5,Công nghệ kỹ thuật môi trường
39200,DMT,cong-nghe-ky-thuat-moi-truong,C02,Điểm thi THPT,2025,15.5,Công nghệ kỹ thuật môi trường
39201,DMT,cong-nghe-ky-thuat-moi-truong,D01,Điểm thi THPT,2025,15.5,Công nghệ kỹ thuật môi trường
39202,DMT,cong-nghe-ky-thuat-moi-truong,D07,Điểm thi THPT,2025,15.5,Công nghệ kỹ thuật môi trường
39203,DMT,cong-nghe-ky-thuat-moi-truong,D08,Điểm thi THPT,2025,15.5,Công nghệ kỹ thuật môi trường
39204,DMT,cong-nghe-ky-thuat-moi-truong,X02,Điểm thi THPT,2025,15.5,Công nghệ kỹ thuật môi trường
39205,DMT,cong-nghe-ky-thuat-moi-truong,X03,Điểm thi THPT,2025,15.5,Công nghệ kỹ thuật môi trường
39206,DMT,cong-nghe-ky-thuat-moi-truong,X04,Điểm thi THPT,2025,15.5,Công nghệ kỹ thuật môi trường
39207,DMT,cong-nghe-ky-thuat-moi-truong,X09,Điểm thi THPT,2025,15.5,Công nghệ kỹ thuật môi trường
39208,DMT,cong-nghe-thong-tin,A00,Điểm học bạ,2021,18.0,Công nghệ thông tin
39209,DMT,cong-nghe-thong-tin,A01,Điểm học bạ,2021,18.0,Công nghệ thông tin
39210,DMT,cong-nghe-thong-tin,B00,Điểm học bạ,2021,18.0,Công nghệ thông tin
39211,DMT,cong-nghe-thong-tin,D01,Điểm học bạ,2021,18.0,Công nghệ thông tin
39212,DMT,cong-nghe-thong-tin,A00,Điểm thi THPT,2021,15.0,Công nghệ thông tin
39213,DMT,cong-nghe-thong-tin,A01,Điểm thi THPT,2021,15.0,Công nghệ thông tin
39214,DMT,cong-nghe-thong-tin,B00,Điểm thi THPT,2021,15.0,Công nghệ thông tin
39215,DMT,cong-nghe-thong-tin,D01,Điểm thi THPT,2021,15.0,Công nghệ thông tin
39216,DMT,cong-nghe-thong-tin,A00,Điểm học bạ,2022,18.0,Công nghệ thông tin
39217,DMT,cong-nghe-thong-tin,A01,Điểm học bạ,2022,18.0,Công nghệ thông tin
39218,DMT,cong-nghe-thong-tin,B00,Điểm học bạ,2022,18.0,Công nghệ thông tin
39219,DMT,cong-nghe-thong-tin,D01,Điểm học bạ,2022,18.0,Công nghệ thông tin
39220,DMT,cong-nghe-thong-tin,A00,Điểm thi THPT,2022,15.0,Công nghệ thông tin
39221,DMT,cong-nghe-thong-tin,A01,Điểm thi THPT,2022,15.0,Công nghệ thông tin
39222,DMT,cong-nghe-thong-tin,B00,Điểm thi THPT,2022,15.0,Công nghệ thông tin
39223,DMT,cong-nghe-thong-tin,D01,Điểm thi THPT,2022,15.0,Công nghệ thông tin
39224,DMT,cong-nghe-thong-tin,A00,Điểm học bạ,2023,18.0,Công nghệ thông tin
39225,DMT,cong-nghe-thong-tin,A01,Điểm học bạ,2023,18.0,Công nghệ thông tin
39226,DMT,cong-nghe-thong-tin,B00,Điểm học bạ,2023,18.0,Công nghệ thông tin
39227,DMT,cong-nghe-thong-tin,D01,Điểm học bạ,2023,18.0,Công nghệ thông tin
39228,DMT,cong-nghe-thong-tin,A00,Điểm thi THPT,2023,15.0,Công nghệ thông tin
39229,DMT,cong-nghe-thong-tin,A01,Điểm thi THPT,2023,15.0,Công nghệ thông tin
39230,DMT,cong-nghe-thong-tin,B00,Điểm thi THPT,2023,15.0,Công nghệ thông tin
39231,DMT,cong-nghe-thong-tin,D01,Điểm thi THPT,2023,15.0,Công nghệ thông tin
39232,DMT,cong-nghe-thong-tin,A00,Điểm học bạ,2024,18.0,Công nghệ thông tin
39233,DMT,cong-nghe-thong-tin,A01,Điểm học bạ,2024,18.0,Công nghệ thông tin
39234,DMT,cong-nghe-thong-tin,B00,Điểm học bạ,2024,18.0,Công nghệ thông tin
39235,DMT,cong-nghe-thong-tin,D01,Điểm học bạ,2024,18.0,Công nghệ thông tin
39236,DMT,cong-nghe-thong-tin,A00,Điểm thi THPT,2024,15.0,Công nghệ thông tin
39237,DMT,cong-nghe-thong-tin,A01,Điểm thi THPT,2024,15.0,Công nghệ thông tin
39238,DMT,cong-nghe-thong-tin,B00,Điểm thi THPT,2024,15.0,Công nghệ thông tin
39239,DMT,cong-nghe-thong-tin,D01,Điểm thi THPT,2024,15.0,Công nghệ thông tin
39240,DMT,cong-nghe-thong-tin,A00,Điểm học bạ,2025,25.48,Công nghệ thông tin
39241,DMT,cong-nghe-thong-tin,A01,Điểm học bạ,2025,25.48,Công nghệ thông tin
39242,DMT,cong-nghe-thong-tin,B00,Điểm học bạ,2025,25.48,Công nghệ thông tin
39243,DMT,cong-nghe-thong-tin,B03,Điểm học bạ,2025,25.48,Công nghệ thông tin
39244,DMT,cong-nghe-thong-tin,C01,Điểm học bạ,2025,25.48,Công nghệ thông tin
39245,DMT,cong-nghe-thong-tin,C02,Điểm học bạ,2025,25.48,Công nghệ thông tin
39246,DMT,cong-nghe-thong-tin,C04,Điểm học bạ,2025,25.48,Công nghệ thông tin
39247,DMT,cong-nghe-thong-tin,D01,Điểm học bạ,2025,25.48,Công nghệ thông tin
39248,DMT,cong-nghe-thong-tin,X02,Điểm học bạ,2025,25.48,Công nghệ thông tin
39249,DMT,cong-nghe-thong-tin,X03,Điểm học bạ,2025,25.48,Công nghệ thông tin
39250,DMT,cong-nghe-thong-tin,X04,Điểm học bạ,2025,25.48,Công nghệ thông tin
39251,DMT,cong-nghe-thong-tin,X06,Điểm học bạ,2025,25.48,Công nghệ thông tin
39252,DMT,cong-nghe-thong-tin,X26,Điểm học bạ,2025,25.48,Công nghệ thông tin
39253,DMT,cong-nghe-thong-tin,A00,Điểm thi THPT,2025,24.35,Công nghệ thông tin
39254,DMT,cong-nghe-thong-tin,A01,Điểm thi THPT,2025,24.35,Công nghệ thông tin
39255,DMT,cong-nghe-thong-tin,B00,Điểm thi THPT,2025,24.35,Công nghệ thông tin
39256,DMT,cong-nghe-thong-tin,B03,Điểm thi THPT,2025,24.35,Công nghệ thông tin
39257,DMT,cong-nghe-thong-tin,C01,Điểm thi THPT,2025,24.35,Công nghệ thông tin
39258,DMT,cong-nghe-thong-tin,C02,Điểm thi THPT,2025,24.35,Công nghệ thông tin
39259,DMT,cong-nghe-thong-tin,C04,Điểm thi THPT,2025,24.35,Công nghệ thông tin
39260,DMT,cong-nghe-thong-tin,D01,Điểm thi THPT,2025,24.35,Công nghệ thông tin
39261,DMT,cong-nghe-thong-tin,X02,Điểm thi THPT,2025,24.35,Công nghệ thông tin
39262,DMT,cong-nghe-thong-tin,X03,Điểm thi THPT,2025,24.35,Công nghệ thông tin
39263,DMT,cong-nghe-thong-tin,X04,Điểm thi THPT,2025,24.35,Công nghệ thông tin
39264,DMT,cong-nghe-thong-tin,X06,Điểm thi THPT,2025,24.35,Công nghệ thông tin
39265,DMT,cong-nghe-thong-tin,X26,Điểm thi THPT,2025,24.35,Công nghệ thông tin
39266,DMT,dam-bao-chat-luong-va-an-toan-thuc-pham,A00,Điểm học bạ,2021,18.0,Đảm bảo chất lượng và An toàn thực phẩm
39267,DMT,dam-bao-chat-luong-va-an-toan-thuc-pham,B00,Điểm học bạ,2021,18.0,Đảm bảo chất lượng và An toàn thực phẩm
39268,DMT,dam-bao-chat-luong-va-an-toan-thuc-pham,D01,Điểm học bạ,2021,18.0,Đảm bảo chất lượng và An toàn thực phẩm
39269,DMT,dam-bao-chat-luong-va-an-toan-thuc-pham,D07,Điểm học bạ,2021,18.0,Đảm bảo chất lượng và An toàn thực phẩm
39270,DMT,dam-bao-chat-luong-va-an-toan-thuc-pham,A00,Điểm thi THPT,2021,15.0,Đảm bảo chất lượng và An toàn thực phẩm
39271,DMT,dam-bao-chat-luong-va-an-toan-thuc-pham,B00,Điểm thi THPT,2021,15.0,Đảm bảo chất lượng và An toàn thực phẩm
39272,DMT,dam-bao-chat-luong-va-an-toan-thuc-pham,D01,Điểm thi THPT,2021,15.0,Đảm bảo chất lượng và An toàn thực phẩm
39273,DMT,dam-bao-chat-luong-va-an-toan-thuc-pham,D07,Điểm thi THPT,2021,15.0,Đảm bảo chất lượng và An toàn thực phẩm
39274,DMT,dam-bao-chat-luong-va-an-toan-thuc-pham,A00,Điểm học bạ,2022,18.0,Đảm bảo chất lượng và An toàn thực phẩm
39275,DMT,dam-bao-chat-luong-va-an-toan-thuc-pham,B00,Điểm học bạ,2022,18.0,Đảm bảo chất lượng và An toàn thực phẩm
39276,DMT,dam-bao-chat-luong-va-an-toan-thuc-pham,D01,Điểm học bạ,2022,18.0,Đảm bảo chất lượng và An toàn thực phẩm
39277,DMT,dam-bao-chat-luong-va-an-toan-thuc-pham,D07,Điểm học bạ,2022,18.0,Đảm bảo chất lượng và An toàn thực phẩm
39278,DMT,dam-bao-chat-luong-va-an-toan-thuc-pham,A00,Điểm thi THPT,2022,15.0,Đảm bảo chất lượng và An toàn thực phẩm
39279,DMT,dam-bao-chat-luong-va-an-toan-thuc-pham,B00,Điểm thi THPT,2022,15.0,Đảm bảo chất lượng và An toàn thực phẩm
39280,DMT,dam-bao-chat-luong-va-an-toan-thuc-pham,D01,Điểm thi THPT,2022,15.0,Đảm bảo chất lượng và An toàn thực phẩm
39281,DMT,dam-bao-chat-luong-va-an-toan-thuc-pham,D07,Điểm thi THPT,2022,15.0,Đảm bảo chất lượng và An toàn thực phẩm
39282,DMT,dam-bao-chat-luong-va-an-toan-thuc-pham,A00,Điểm học bạ,2023,18.0,Đảm bảo chất lượng và an toàn thực phẩm
39283,DMT,dam-bao-chat-luong-va-an-toan-thuc-pham,B00,Điểm học bạ,2023,18.0,Đảm bảo chất lượng và an toàn thực phẩm
39284,DMT,dam-bao-chat-luong-va-an-toan-thuc-pham,D01,Điểm học bạ,2023,18.0,Đảm bảo chất lượng và an toàn thực phẩm
39285,DMT,dam-bao-chat-luong-va-an-toan-thuc-pham,D07,Điểm học bạ,2023,18.0,Đảm bảo chất lượng và an toàn thực phẩm
39286,DMT,dam-bao-chat-luong-va-an-toan-thuc-pham,A00,Điểm thi THPT,2023,15.0,Đảm bảo chất lượng và an toàn thực phẩm
39287,DMT,dam-bao-chat-luong-va-an-toan-thuc-pham,B00,Điểm thi THPT,2023,15.0,Đảm bảo chất lượng và an toàn thực phẩm
39288,DMT,dam-bao-chat-luong-va-an-toan-thuc-pham,D01,Điểm thi THPT,2023,15.0,Đảm bảo chất lượng và an toàn thực phẩm
39289,DMT,dam-bao-chat-luong-va-an-toan-thuc-pham,D07,Điểm thi THPT,2023,15.0,Đảm bảo chất lượng và an toàn thực phẩm
39290,DMT,dam-bao-chat-luong-va-an-toan-thuc-pham,A00,Điểm học bạ,2024,18.0,Đảm bảo chất lượng và An toàn thực phẩm
39291,DMT,dam-bao-chat-luong-va-an-toan-thuc-pham,B00,Điểm học bạ,2024,18.0,Đảm bảo chất lượng và An toàn thực phẩm
39292,DMT,dam-bao-chat-luong-va-an-toan-thuc-pham,D01,Điểm học bạ,2024,18.0,Đảm bảo chất lượng và An toàn thực phẩm
39293,DMT,dam-bao-chat-luong-va-an-toan-thuc-pham,D07,Điểm học bạ,2024,18.0,Đảm bảo chất lượng và An toàn thực phẩm
39294,DMT,dam-bao-chat-luong-va-an-toan-thuc-pham,A00,Điểm thi THPT,2024,15.0,Đảm bảo chất lượng và An toàn thực phẩm
39295,DMT,dam-bao-chat-luong-va-an-toan-thuc-pham,B00,Điểm thi THPT,2024,15.0,Đảm bảo chất lượng và An toàn thực phẩm
39296,DMT,dam-bao-chat-luong-va-an-toan-thuc-pham,D01,Điểm thi THPT,2024,15.0,Đảm bảo chất lượng và An toàn thực phẩm
39297,DMT,dam-bao-chat-luong-va-an-toan-thuc-pham,D07,Điểm thi THPT,2024,15.0,Đảm bảo chất lượng và An toàn thực phẩm
39298,DMT,dam-bao-chat-luong-va-an-toan-thuc-pham,A00,Điểm học bạ,2025,18.0,Đảm bảo chất lượng và an toàn thực phẩm
39299,DMT,dam-bao-chat-luong-va-an-toan-thuc-pham,A01,Điểm học bạ,2025,18.0,Đảm bảo chất lượng và an toàn thực phẩm
39300,DMT,dam-bao-chat-luong-va-an-toan-thuc-pham,B00,Điểm học bạ,2025,18.0,Đảm bảo chất lượng và an toàn thực phẩm
39301,DMT,dam-bao-chat-luong-va-an-toan-thuc-pham,B03,Điểm học bạ,2025,18.0,Đảm bảo chất lượng và an toàn thực phẩm
39302,DMT,dam-bao-chat-luong-va-an-toan-thuc-pham,C01,Điểm học bạ,2025,18.0,Đảm bảo chất lượng và an toàn thực phẩm
39303,DMT,dam-bao-chat-luong-va-an-toan-thuc-pham,C02,Điểm học bạ,2025,18.0,Đảm bảo chất lượng và an toàn thực phẩm
39304,DMT,dam-bao-chat-luong-va-an-toan-thuc-pham,D01,Điểm học bạ,2025,18.0,Đảm bảo chất lượng và an toàn thực phẩm
39305,DMT,dam-bao-chat-luong-va-an-toan-thuc-pham,D07,Điểm học bạ,2025,18.0,Đảm bảo chất lượng và an toàn thực phẩm
39306,DMT,dam-bao-chat-luong-va-an-toan-thuc-pham,D08,Điểm học bạ,2025,18.0,Đảm bảo chất lượng và an toàn thực phẩm
39307,DMT,dam-bao-chat-luong-va-an-toan-thuc-pham,X02,Điểm học bạ,2025,18.0,Đảm bảo chất lượng và an toàn thực phẩm
39308,DMT,dam-bao-chat-luong-va-an-toan-thuc-pham,X03,Điểm học bạ,2025,18.0,Đảm bảo chất lượng và an toàn thực phẩm
39309,DMT,dam-bao-chat-luong-va-an-toan-thuc-pham,X04,Điểm học bạ,2025,18.0,Đảm bảo chất lượng và an toàn thực phẩm
39310,DMT,dam-bao-chat-luong-va-an-toan-thuc-pham,X13,Điểm học bạ,2025,18.0,Đảm bảo chất lượng và an toàn thực phẩm
39311,DMT,dam-bao-chat-luong-va-an-toan-thuc-pham,A00,Điểm thi THPT,2025,15.0,Đảm bảo chất lượng và an toàn thực phẩm
39312,DMT,dam-bao-chat-luong-va-an-toan-thuc-pham,A01,Điểm thi THPT,2025,15.0,Đảm bảo chất lượng và an toàn thực phẩm
39313,DMT,dam-bao-chat-luong-va-an-toan-thuc-pham,B00,Điểm thi THPT,2025,15.0,Đảm bảo chất lượng và an toàn thực phẩm
39314,DMT,dam-bao-chat-luong-va-an-toan-thuc-pham,B03,Điểm thi THPT,2025,15.0,Đảm bảo chất lượng và an toàn thực phẩm
39315,DMT,dam-bao-chat-luong-va-an-toan-thuc-pham,C01,Điểm thi THPT,2025,15.0,Đảm bảo chất lượng và an toàn thực phẩm
39316,DMT,dam-bao-chat-luong-va-an-toan-thuc-pham,C02,Điểm thi THPT,2025,15.0,Đảm bảo chất lượng và an toàn thực phẩm
39317,DMT,dam-bao-chat-luong-va-an-toan-thuc-pham,D01,Điểm thi THPT,2025,15.0,Đảm bảo chất lượng và an toàn thực phẩm
39318,DMT,dam-bao-chat-luong-va-an-toan-thuc-pham,D07,Điểm thi THPT,2025,15.0,Đảm bảo chất lượng và an toàn thực phẩm
39319,DMT,dam-bao-chat-luong-va-an-toan-thuc-pham,D08,Điểm thi THPT,2025,15.0,Đảm bảo chất lượng và an toàn thực phẩm
39320,DMT,dam-bao-chat-luong-va-an-toan-thuc-pham,X02,Điểm thi THPT,2025,15.0,Đảm bảo chất lượng và an toàn thực phẩm
39321,DMT,dam-bao-chat-luong-va-an-toan-thuc-pham,X03,Điểm thi THPT,2025,15.0,Đảm bảo chất lượng và an toàn thực phẩm
39322,DMT,dam-bao-chat-luong-va-an-toan-thuc-pham,X04,Điểm thi THPT,2025,15.0,Đảm bảo chất lượng và an toàn thực phẩm
39323,DMT,dam-bao-chat-luong-va-an-toan-thuc-pham,X13,Điểm thi THPT,2025,15.0,Đảm bảo chất lượng và an toàn thực phẩm
39324,DMT,ke-toan,A00,Điểm học bạ,2021,18.0,Kế toán
39325,DMT,ke-toan,A01,Điểm học bạ,2021,18.0,Kế toán
39326,DMT,ke-toan,A07,Điểm học bạ,2021,18.0,Kế toán
39327,DMT,ke-toan,D01,Điểm học bạ,2021,18.0,Kế toán
39328,DMT,ke-toan,A00,Điểm thi THPT,2021,15.0,Kế toán
39329,DMT,ke-toan,A01,Điểm thi THPT,2021,15.0,Kế toán
39330,DMT,ke-toan,A07,Điểm thi THPT,2021,15.0,Kế toán
39331,DMT,ke-toan,D01,Điểm thi THPT,2021,15.0,Kế toán
39332,DMT,ke-toan,A00,Điểm học bạ,2022,27.0,Kế toán
39333,DMT,ke-toan,A01,Điểm học bạ,2022,27.0,Kế toán
39334,DMT,ke-toan,A07,Điểm học bạ,2022,18.0,Kế toán
39335,DMT,ke-toan,D01,Điểm học bạ,2022,27.0,Kế toán
39336,DMT,ke-toan,D07,Điểm học bạ,2022,27.0,Kế toán
39337,DMT,ke-toan,A00,Điểm thi THPT,2022,25.25,Kế toán
39338,DMT,ke-toan,A01,Điểm thi THPT,2022,25.25,Kế toán
39339,DMT,ke-toan,A07,Điểm thi THPT,2022,15.0,Kế toán
39340,DMT,ke-toan,D01,Điểm thi THPT,2022,25.25,Kế toán
39341,DMT,ke-toan,D07,Điểm thi THPT,2022,25.25,Kế toán
39342,DMT,ke-toan,A00,Điểm học bạ,2023,18.0,Kế toán
39343,DMT,ke-toan,A01,Điểm học bạ,2023,18.0,Kế toán
39344,DMT,ke-toan,A07,Điểm học bạ,2023,18.0,Kế toán
39345,DMT,ke-toan,D01,Điểm học bạ,2023,18.0,Kế toán
39346,DMT,ke-toan,A00,Điểm thi THPT,2023,15.0,Kế toán
39347,DMT,ke-toan,A01,Điểm thi THPT,2023,15.0,Kế toán
39348,DMT,ke-toan,A07,Điểm thi THPT,2023,15.0,Kế toán
39349,DMT,ke-toan,D01,Điểm thi THPT,2023,15.0,Kế toán
39350,DMT,ke-toan,A00,Điểm học bạ,2024,18.0,Kế toán
39351,DMT,ke-toan,A01,Điểm học bạ,2024,18.0,Kế toán
39352,DMT,ke-toan,A07,Điểm học bạ,2024,18.0,Kế toán
39353,DMT,ke-toan,D01,Điểm học bạ,2024,18.0,Kế toán
39354,DMT,ke-toan,A00,Điểm thi THPT,2024,15.0,Kế toán
39355,DMT,ke-toan,A01,Điểm thi THPT,2024,15.0,Kế toán
39356,DMT,ke-toan,A07,Điểm thi THPT,2024,15.0,Kế toán
39357,DMT,ke-toan,D01,Điểm thi THPT,2024,15.0,Kế toán
39358,DMT,ke-toan,A00,Điểm học bạ,2025,26.2,Kế toán
39359,DMT,ke-toan,A01,Điểm học bạ,2025,26.2,Kế toán
39360,DMT,ke-toan,A07,Điểm học bạ,2025,26.2,Kế toán
39361,DMT,ke-toan,B03,Điểm học bạ,2025,26.2,Kế toán
39362,DMT,ke-toan,C01,Điểm học bạ,2025,26.2,Kế toán
39363,DMT,ke-toan,C02,Điểm học bạ,2025,26.2,Kế toán
39364,DMT,ke-toan,C03,Điểm học bạ,2025,26.2,Kế toán
39365,DMT,ke-toan,C04,Điểm học bạ,2025,26.2,Kế toán
39366,DMT,ke-toan,D01,Điểm học bạ,2025,26.2,Kế toán
39367,DMT,ke-toan,X01,Điểm học bạ,2025,26.2,Kế toán
39368,DMT,ke-toan,X02,Điểm học bạ,2025,26.2,Kế toán
39369,DMT,ke-toan,X03,Điểm học bạ,2025,26.2,Kế toán
39370,DMT,ke-toan,X04,Điểm học bạ,2025,26.2,Kế toán
39371,DMT,ke-toan,A00,Điểm thi THPT,2025,25.25,Kế toán
39372,DMT,ke-toan,A01,Điểm thi THPT,2025,25.25,Kế toán
39373,DMT,ke-toan,A07,Điểm thi THPT,2025,25.25,Kế toán
39374,DMT,ke-toan,B03,Điểm thi THPT,2025,25.25,Kế toán
39375,DMT,ke-toan,C01,Điểm thi THPT,2025,25.25,Kế toán
39376,DMT,ke-toan,C02,Điểm thi THPT,2025,25.25,Kế toán
39377,DMT,ke-toan,C03,Điểm thi THPT,2025,25.25,Kế toán
39378,DMT,ke-toan,C04,Điểm thi THPT,2025,25.25,Kế toán
39379,DMT,ke-toan,D01,Điểm thi THPT,2025,25.25,Kế toán
39380,DMT,ke-toan,X01,Điểm thi THPT,2025,25.25,Kế toán
39381,DMT,ke-toan,X02,Điểm thi THPT,2025,25.25,Kế toán
39382,DMT,ke-toan,X03,Điểm thi THPT,2025,25.25,Kế toán
39383,DMT,ke-toan,X04,Điểm thi THPT,2025,25.25,Kế toán
39384,DMT,khi-tuong-va-khi-hau-hoc,A00,Điểm học bạ,2021,18.0,Khí tượng và Khí hậu học
39385,DMT,khi-tuong-va-khi-hau-hoc,A01,Điểm học bạ,2021,18.0,Khí tượng và Khí hậu học
39386,DMT,khi-tuong-va-khi-hau-hoc,B00,Điểm học bạ,2021,18.0,Khí tượng và Khí hậu học
39387,DMT,khi-tuong-va-khi-hau-hoc,D01,Điểm học bạ,2021,18.0,Khí tượng và Khí hậu học
39388,DMT,khi-tuong-va-khi-hau-hoc,A00,Điểm thi THPT,2021,15.0,Khí tượng và Khí hậu học
39389,DMT,khi-tuong-va-khi-hau-hoc,A01,Điểm thi THPT,2021,15.0,Khí tượng và Khí hậu học
39390,DMT,khi-tuong-va-khi-hau-hoc,B00,Điểm thi THPT,2021,15.0,Khí tượng và Khí hậu học
39391,DMT,khi-tuong-va-khi-hau-hoc,D01,Điểm thi THPT,2021,15.0,Khí tượng và Khí hậu học
39392,DMT,khi-tuong-va-khi-hau-hoc,A00,Điểm học bạ,2022,18.0,Khí tượng và khí hậu học
39393,DMT,khi-tuong-va-khi-hau-hoc,A01,Điểm học bạ,2022,18.0,Khí tượng và khí hậu học
39394,DMT,khi-tuong-va-khi-hau-hoc,B00,Điểm học bạ,2022,18.0,Khí tượng và khí hậu học
39395,DMT,khi-tuong-va-khi-hau-hoc,D01,Điểm học bạ,2022,18.0,Khí tượng và khí hậu học
39396,DMT,khi-tuong-va-khi-hau-hoc,A00,Điểm thi THPT,2022,15.0,Khí tượng và khí hậu học
39397,DMT,khi-tuong-va-khi-hau-hoc,A01,Điểm thi THPT,2022,15.0,Khí tượng và khí hậu học
39398,DMT,khi-tuong-va-khi-hau-hoc,B00,Điểm thi THPT,2022,15.0,Khí tượng và khí hậu học
39399,DMT,khi-tuong-va-khi-hau-hoc,D01,Điểm thi THPT,2022,15.0,Khí tượng và khí hậu học
39400,DMT,khi-tuong-va-khi-hau-hoc,A00,Điểm học bạ,2023,18.0,Khí tượng và khí hậu học
39401,DMT,khi-tuong-va-khi-hau-hoc,A01,Điểm học bạ,2023,18.0,Khí tượng và khí hậu học
39402,DMT,khi-tuong-va-khi-hau-hoc,B00,Điểm học bạ,2023,18.0,Khí tượng và khí hậu học
39403,DMT,khi-tuong-va-khi-hau-hoc,D01,Điểm học bạ,2023,18.0,Khí tượng và khí hậu học
39404,DMT,khi-tuong-va-khi-hau-hoc,A00,Điểm thi THPT,2023,15.0,Khí tượng và khí hậu học
39405,DMT,khi-tuong-va-khi-hau-hoc,A01,Điểm thi THPT,2023,15.0,Khí tượng và khí hậu học
39406,DMT,khi-tuong-va-khi-hau-hoc,B00,Điểm thi THPT,2023,15.0,Khí tượng và khí hậu học
39407,DMT,khi-tuong-va-khi-hau-hoc,D01,Điểm thi THPT,2023,15.0,Khí tượng và khí hậu học
39408,DMT,khi-tuong-va-khi-hau-hoc,A00,Điểm học bạ,2024,18.0,Khí tượng và Khí hậu học
39409,DMT,khi-tuong-va-khi-hau-hoc,A01,Điểm học bạ,2024,18.0,Khí tượng và Khí hậu học
39410,DMT,khi-tuong-va-khi-hau-hoc,B00,Điểm học bạ,2024,18.0,Khí tượng và Khí hậu học
39411,DMT,khi-tuong-va-khi-hau-hoc,D01,Điểm học bạ,2024,18.0,Khí tượng và Khí hậu học
39412,DMT,khi-tuong-va-khi-hau-hoc,A00,Điểm thi THPT,2024,15.0,Khí tượng và Khí hậu học
39413,DMT,khi-tuong-va-khi-hau-hoc,A01,Điểm thi THPT,2024,15.0,Khí tượng và Khí hậu học
39414,DMT,khi-tuong-va-khi-hau-hoc,B00,Điểm thi THPT,2024,15.0,Khí tượng và Khí hậu học
39415,DMT,khi-tuong-va-khi-hau-hoc,D01,Điểm thi THPT,2024,15.0,Khí tượng và Khí hậu học
39416,DMT,khi-tuong-va-khi-hau-hoc,A00,Điểm học bạ,2025,18.0,Khí tượng và khí hậu học
39417,DMT,khi-tuong-va-khi-hau-hoc,A01,Điểm học bạ,2025,18.0,Khí tượng và khí hậu học
39418,DMT,khi-tuong-va-khi-hau-hoc,B00,Điểm học bạ,2025,18.0,Khí tượng và khí hậu học
39419,DMT,khi-tuong-va-khi-hau-hoc,B03,Điểm học bạ,2025,18.0,Khí tượng và khí hậu học
39420,DMT,khi-tuong-va-khi-hau-hoc,C01,Điểm học bạ,2025,18.0,Khí tượng và khí hậu học
39421,DMT,khi-tuong-va-khi-hau-hoc,C02,Điểm học bạ,2025,18.0,Khí tượng và khí hậu học
39422,DMT,khi-tuong-va-khi-hau-hoc,C03,Điểm học bạ,2025,18.0,Khí tượng và khí hậu học
39423,DMT,khi-tuong-va-khi-hau-hoc,C04,Điểm học bạ,2025,18.0,Khí tượng và khí hậu học
39424,DMT,khi-tuong-va-khi-hau-hoc,D01,Điểm học bạ,2025,18.0,Khí tượng và khí hậu học
39425,DMT,khi-tuong-va-khi-hau-hoc,X01,Điểm học bạ,2025,18.0,Khí tượng và khí hậu học
39426,DMT,khi-tuong-va-khi-hau-hoc,X02,Điểm học bạ,2025,18.0,Khí tượng và khí hậu học
39427,DMT,khi-tuong-va-khi-hau-hoc,X03,Điểm học bạ,2025,18.0,Khí tượng và khí hậu học
39428,DMT,khi-tuong-va-khi-hau-hoc,X04,Điểm học bạ,2025,18.0,Khí tượng và khí hậu học
39429,DMT,khi-tuong-va-khi-hau-hoc,A00,Điểm thi THPT,2025,15.0,Khí tượng và khí hậu học
39430,DMT,khi-tuong-va-khi-hau-hoc,A01,Điểm thi THPT,2025,15.0,Khí tượng và khí hậu học
39431,DMT,khi-tuong-va-khi-hau-hoc,B00,Điểm thi THPT,2025,15.0,Khí tượng và khí hậu học
39432,DMT,khi-tuong-va-khi-hau-hoc,B03,Điểm thi THPT,2025,15.0,Khí tượng và khí hậu học
39433,DMT,khi-tuong-va-khi-hau-hoc,C01,Điểm thi THPT,2025,15.0,Khí tượng và khí hậu học
39434,DMT,khi-tuong-va-khi-hau-hoc,C02,Điểm thi THPT,2025,15.0,Khí tượng và khí hậu học
39435,DMT,khi-tuong-va-khi-hau-hoc,C03,Điểm thi THPT,2025,15.0,Khí tượng và khí hậu học
39436,DMT,khi-tuong-va-khi-hau-hoc,C04,Điểm thi THPT,2025,15.0,Khí tượng và khí hậu học
39437,DMT,khi-tuong-va-khi-hau-hoc,D01,Điểm thi THPT,2025,15.0,Khí tượng và khí hậu học
39438,DMT,khi-tuong-va-khi-hau-hoc,X01,Điểm thi THPT,2025,15.0,Khí tượng và khí hậu học
39439,DMT,khi-tuong-va-khi-hau-hoc,X02,Điểm thi THPT,2025,15.0,Khí tượng và khí hậu học
39440,DMT,khi-tuong-va-khi-hau-hoc,X03,Điểm thi THPT,2025,15.0,Khí tượng và khí hậu học
39441,DMT,khi-tuong-va-khi-hau-hoc,X04,Điểm thi THPT,2025,15.0,Khí tượng và khí hậu học
39442,DMT,kinh-te-tai-nguyen-thien-nhien,A00,Điểm học bạ,2021,18.0,Kinh tế Tài nguyên thiên nhiên
39443,DMT,kinh-te-tai-nguyen-thien-nhien,A01,Điểm học bạ,2021,18.0,Kinh tế Tài nguyên thiên nhiên
39444,DMT,kinh-te-tai-nguyen-thien-nhien,A07,Điểm học bạ,2021,18.0,Kinh tế Tài nguyên thiên nhiên
39445,DMT,kinh-te-tai-nguyen-thien-nhien,D01,Điểm học bạ,2021,18.0,Kinh tế Tài nguyên thiên nhiên
39446,DMT,kinh-te-tai-nguyen-thien-nhien,A00,Điểm thi THPT,2021,15.0,Kinh tế Tài nguyên thiên nhiên
39447,DMT,kinh-te-tai-nguyen-thien-nhien,A01,Điểm thi THPT,2021,15.0,Kinh tế Tài nguyên thiên nhiên
39448,DMT,kinh-te-tai-nguyen-thien-nhien,A07,Điểm thi THPT,2021,15.0,Kinh tế Tài nguyên thiên nhiên
39449,DMT,kinh-te-tai-nguyen-thien-nhien,D01,Điểm thi THPT,2021,15.0,Kinh tế Tài nguyên thiên nhiên
39450,DMT,kinh-te-tai-nguyen-thien-nhien,A00,Điểm học bạ,2022,22.0,Kinh tế Tài nguyên thiên nhiên
39451,DMT,kinh-te-tai-nguyen-thien-nhien,A01,Điểm học bạ,2022,22.0,Kinh tế Tài nguyên thiên nhiên
39452,DMT,kinh-te-tai-nguyen-thien-nhien,A07,Điểm học bạ,2022,22.0,Kinh tế Tài nguyên thiên nhiên
39453,DMT,kinh-te-tai-nguyen-thien-nhien,D01,Điểm học bạ,2022,22.0,Kinh tế Tài nguyên thiên nhiên
39454,DMT,kinh-te-tai-nguyen-thien-nhien,A00,Điểm thi THPT,2022,20.5,Kinh tế Tài nguyên thiên nhiên
39455,DMT,kinh-te-tai-nguyen-thien-nhien,A01,Điểm thi THPT,2022,20.5,Kinh tế Tài nguyên thiên nhiên
39456,DMT,kinh-te-tai-nguyen-thien-nhien,A07,Điểm thi THPT,2022,20.5,Kinh tế Tài nguyên thiên nhiên
39457,DMT,kinh-te-tai-nguyen-thien-nhien,D01,Điểm thi THPT,2022,20.5,Kinh tế Tài nguyên thiên nhiên
39458,DMT,kinh-te-tai-nguyen-thien-nhien,A00,Điểm học bạ,2023,23.75,Kinh tế Tài nguyên thiên nhiên
39459,DMT,kinh-te-tai-nguyen-thien-nhien,A01,Điểm học bạ,2023,23.75,Kinh tế Tài nguyên thiên nhiên
39460,DMT,kinh-te-tai-nguyen-thien-nhien,A07,Điểm học bạ,2023,23.75,Kinh tế Tài nguyên thiên nhiên
39461,DMT,kinh-te-tai-nguyen-thien-nhien,D01,Điểm học bạ,2023,23.75,Kinh tế Tài nguyên thiên nhiên
39462,DMT,kinh-te-tai-nguyen-thien-nhien,A00,Điểm thi THPT,2023,22.0,Kinh tế Tài nguyên thiên nhiên
39463,DMT,kinh-te-tai-nguyen-thien-nhien,A01,Điểm thi THPT,2023,22.0,Kinh tế Tài nguyên thiên nhiên
39464,DMT,kinh-te-tai-nguyen-thien-nhien,A07,Điểm thi THPT,2023,22.0,Kinh tế Tài nguyên thiên nhiên
39465,DMT,kinh-te-tai-nguyen-thien-nhien,D01,Điểm thi THPT,2023,22.0,Kinh tế Tài nguyên thiên nhiên
39466,DMT,kinh-te-tai-nguyen-thien-nhien,A00,Điểm học bạ,2024,18.0,Kinh tế Tài nguyên thiên nhiên
39467,DMT,kinh-te-tai-nguyen-thien-nhien,A01,Điểm học bạ,2024,18.0,Kinh tế Tài nguyên thiên nhiên
39468,DMT,kinh-te-tai-nguyen-thien-nhien,A07,Điểm học bạ,2024,18.0,Kinh tế Tài nguyên thiên nhiên
39469,DMT,kinh-te-tai-nguyen-thien-nhien,D01,Điểm học bạ,2024,18.0,Kinh tế Tài nguyên thiên nhiên
39470,DMT,kinh-te-tai-nguyen-thien-nhien,A00,Điểm thi THPT,2024,15.0,Kinh tế Tài nguyên thiên nhiên
39471,DMT,kinh-te-tai-nguyen-thien-nhien,A01,Điểm thi THPT,2024,15.0,Kinh tế Tài nguyên thiên nhiên
39472,DMT,kinh-te-tai-nguyen-thien-nhien,A07,Điểm thi THPT,2024,15.0,Kinh tế Tài nguyên thiên nhiên
39473,DMT,kinh-te-tai-nguyen-thien-nhien,D01,Điểm thi THPT,2024,15.0,Kinh tế Tài nguyên thiên nhiên
39474,DMT,kinh-te-tai-nguyen-thien-nhien,A00,Điểm học bạ,2025,18.0,Kinh tế tài nguyên thiên nhiên
39475,DMT,kinh-te-tai-nguyen-thien-nhien,A01,Điểm học bạ,2025,18.0,Kinh tế tài nguyên thiên nhiên
39476,DMT,kinh-te-tai-nguyen-thien-nhien,A07,Điểm học bạ,2025,18.0,Kinh tế tài nguyên thiên nhiên
39477,DMT,kinh-te-tai-nguyen-thien-nhien,B03,Điểm học bạ,2025,18.0,Kinh tế tài nguyên thiên nhiên
39478,DMT,kinh-te-tai-nguyen-thien-nhien,C01,Điểm học bạ,2025,18.0,Kinh tế tài nguyên thiên nhiên
39479,DMT,kinh-te-tai-nguyen-thien-nhien,C02,Điểm học bạ,2025,18.0,Kinh tế tài nguyên thiên nhiên
39480,DMT,kinh-te-tai-nguyen-thien-nhien,C03,Điểm học bạ,2025,18.0,Kinh tế tài nguyên thiên nhiên
39481,DMT,kinh-te-tai-nguyen-thien-nhien,C04,Điểm học bạ,2025,18.0,Kinh tế tài nguyên thiên nhiên
39482,DMT,kinh-te-tai-nguyen-thien-nhien,D01,Điểm học bạ,2025,18.0,Kinh tế tài nguyên thiên nhiên
39483,DMT,kinh-te-tai-nguyen-thien-nhien,X01,Điểm học bạ,2025,18.0,Kinh tế tài nguyên thiên nhiên
39484,DMT,kinh-te-tai-nguyen-thien-nhien,X02,Điểm học bạ,2025,18.0,Kinh tế tài nguyên thiên nhiên
39485,DMT,kinh-te-tai-nguyen-thien-nhien,X03,Điểm học bạ,2025,18.0,Kinh tế tài nguyên thiên nhiên
39486,DMT,kinh-te-tai-nguyen-thien-nhien,X04,Điểm học bạ,2025,18.0,Kinh tế tài nguyên thiên nhiên
39487,DMT,kinh-te-tai-nguyen-thien-nhien,A00,Điểm thi THPT,2025,15.0,Kinh tế tài nguyên thiên nhiên
39488,DMT,kinh-te-tai-nguyen-thien-nhien,A01,Điểm thi THPT,2025,15.0,Kinh tế tài nguyên thiên nhiên
39489,DMT,kinh-te-tai-nguyen-thien-nhien,A07,Điểm thi THPT,2025,15.0,Kinh tế tài nguyên thiên nhiên
39490,DMT,kinh-te-tai-nguyen-thien-nhien,B03,Điểm thi THPT,2025,15.0,Kinh tế tài nguyên thiên nhiên
39491,DMT,kinh-te-tai-nguyen-thien-nhien,C01,Điểm thi THPT,2025,15.0,Kinh tế tài nguyên thiên nhiên
39492,DMT,kinh-te-tai-nguyen-thien-nhien,C02,Điểm thi THPT,2025,15.0,Kinh tế tài nguyên thiên nhiên
39493,DMT,kinh-te-tai-nguyen-thien-nhien,C03,Điểm thi THPT,2025,15.0,Kinh tế tài nguyên thiên nhiên
39494,DMT,kinh-te-tai-nguyen-thien-nhien,C04,Điểm thi THPT,2025,15.0,Kinh tế tài nguyên thiên nhiên
39495,DMT,kinh-te-tai-nguyen-thien-nhien,D01,Điểm thi THPT,2025,15.0,Kinh tế tài nguyên thiên nhiên
39496,DMT,kinh-te-tai-nguyen-thien-nhien,X01,Điểm thi THPT,2025,15.0,Kinh tế tài nguyên thiên nhiên
39497,DMT,kinh-te-tai-nguyen-thien-nhien,X02,Điểm thi THPT,2025,15.0,Kinh tế tài nguyên thiên nhiên
39498,DMT,kinh-te-tai-nguyen-thien-nhien,X03,Điểm thi THPT,2025,15.0,Kinh tế tài nguyên thiên nhiên
39499,DMT,kinh-te-tai-nguyen-thien-nhien,X04,Điểm thi THPT,2025,15.0,Kinh tế tài nguyên thiên nhiên
39500,DMT,ky-thuat-dia-chat,A00,Điểm học bạ,2021,18.0,Kỹ thuật địa chất
39501,DMT,ky-thuat-dia-chat,A01,Điểm học bạ,2021,18.0,Kỹ thuật địa chất
39502,DMT,ky-thuat-dia-chat,D01,Điểm học bạ,2021,18.0,Kỹ thuật địa chất
39503,DMT,ky-thuat-dia-chat,D15,Điểm học bạ,2021,18.0,Kỹ thuật địa chất
39504,DMT,ky-thuat-dia-chat,A00,Điểm thi THPT,2021,15.0,Kỹ thuật địa chất
39505,DMT,ky-thuat-dia-chat,A01,Điểm thi THPT,2021,15.0,Kỹ thuật địa chất
39506,DMT,ky-thuat-dia-chat,D01,Điểm thi THPT,2021,15.0,Kỹ thuật địa chất
39507,DMT,ky-thuat-dia-chat,D15,Điểm thi THPT,2021,15.0,Kỹ thuật địa chất
39508,DMT,ky-thuat-dia-chat,A00,Điểm học bạ,2022,18.0,Kỹ thuật địa chất
39509,DMT,ky-thuat-dia-chat,A01,Điểm học bạ,2022,18.0,Kỹ thuật địa chất
39510,DMT,ky-thuat-dia-chat,D01,Điểm học bạ,2022,18.0,Kỹ thuật địa chất
39511,DMT,ky-thuat-dia-chat,D15,Điểm học bạ,2022,18.0,Kỹ thuật địa chất
39512,DMT,ky-thuat-dia-chat,A00,Điểm thi THPT,2022,15.0,Kỹ thuật địa chất
39513,DMT,ky-thuat-dia-chat,A01,Điểm thi THPT,2022,15.0,Kỹ thuật địa chất
39514,DMT,ky-thuat-dia-chat,D01,Điểm thi THPT,2022,15.0,Kỹ thuật địa chất
39515,DMT,ky-thuat-dia-chat,D15,Điểm thi THPT,2022,15.0,Kỹ thuật địa chất
39516,DMT,ky-thuat-dia-chat,A00,Điểm học bạ,2023,18.0,Kỹ thuật địa chất
39517,DMT,ky-thuat-dia-chat,A01,Điểm học bạ,2023,18.0,Kỹ thuật địa chất
39518,DMT,ky-thuat-dia-chat,D01,Điểm học bạ,2023,18.0,Kỹ thuật địa chất
39519,DMT,ky-thuat-dia-chat,D15,Điểm học bạ,2023,18.0,Kỹ thuật địa chất
39520,DMT,ky-thuat-dia-chat,A00,Điểm thi THPT,2023,15.0,Kỹ thuật địa chất
39521,DMT,ky-thuat-dia-chat,A01,Điểm thi THPT,2023,15.0,Kỹ thuật địa chất
39522,DMT,ky-thuat-dia-chat,D01,Điểm thi THPT,2023,15.0,Kỹ thuật địa chất
39523,DMT,ky-thuat-dia-chat,D15,Điểm thi THPT,2023,15.0,Kỹ thuật địa chất
39524,DMT,ky-thuat-dia-chat,A00,Điểm học bạ,2024,18.0,Kỹ thuật địa chất
39525,DMT,ky-thuat-dia-chat,A01,Điểm học bạ,2024,18.0,Kỹ thuật địa chất
39526,DMT,ky-thuat-dia-chat,D01,Điểm học bạ,2024,18.0,Kỹ thuật địa chất
39527,DMT,ky-thuat-dia-chat,D15,Điểm học bạ,2024,18.0,Kỹ thuật địa chất
39528,DMT,ky-thuat-dia-chat,A00,Điểm thi THPT,2024,15.0,Kỹ thuật địa chất
39529,DMT,ky-thuat-dia-chat,A01,Điểm thi THPT,2024,15.0,Kỹ thuật địa chất
39530,DMT,ky-thuat-dia-chat,D01,Điểm thi THPT,2024,15.0,Kỹ thuật địa chất
39531,DMT,ky-thuat-dia-chat,D15,Điểm thi THPT,2024,15.0,Kỹ thuật địa chất
39532,DMT,ky-thuat-dia-chat,A00,Điểm học bạ,2025,18.0,Kỹ thuật địa chất
39533,DMT,ky-thuat-dia-chat,A01,Điểm học bạ,2025,18.0,Kỹ thuật địa chất
39534,DMT,ky-thuat-dia-chat,B03,Điểm học bạ,2025,18.0,Kỹ thuật địa chất
39535,DMT,ky-thuat-dia-chat,C01,Điểm học bạ,2025,18.0,Kỹ thuật địa chất
39536,DMT,ky-thuat-dia-chat,C02,Điểm học bạ,2025,18.0,Kỹ thuật địa chất
39537,DMT,ky-thuat-dia-chat,C03,Điểm học bạ,2025,18.0,Kỹ thuật địa chất
39538,DMT,ky-thuat-dia-chat,C04,Điểm học bạ,2025,18.0,Kỹ thuật địa chất
39539,DMT,ky-thuat-dia-chat,D01,Điểm học bạ,2025,18.0,Kỹ thuật địa chất
39540,DMT,ky-thuat-dia-chat,D15,Điểm học bạ,2025,18.0,Kỹ thuật địa chất
39541,DMT,ky-thuat-dia-chat,X01,Điểm học bạ,2025,18.0,Kỹ thuật địa chất
39542,DMT,ky-thuat-dia-chat,X02,Điểm học bạ,2025,18.0,Kỹ thuật địa chất
39543,DMT,ky-thuat-dia-chat,X03,Điểm học bạ,2025,18.0,Kỹ thuật địa chất
39544,DMT,ky-thuat-dia-chat,X04,Điểm học bạ,2025,18.0,Kỹ thuật địa chất
39545,DMT,ky-thuat-dia-chat,A00,Điểm thi THPT,2025,15.0,Kỹ thuật địa chất
39546,DMT,ky-thuat-dia-chat,A01,Điểm thi THPT,2025,15.0,Kỹ thuật địa chất
39547,DMT,ky-thuat-dia-chat,B03,Điểm thi THPT,2025,15.0,Kỹ thuật địa chất
39548,DMT,ky-thuat-dia-chat,C01,Điểm thi THPT,2025,15.0,Kỹ thuật địa chất
39549,DMT,ky-thuat-dia-chat,C02,Điểm thi THPT,2025,15.0,Kỹ thuật địa chất
39550,DMT,ky-thuat-dia-chat,C03,Điểm thi THPT,2025,15.0,Kỹ thuật địa chất
39551,DMT,ky-thuat-dia-chat,C04,Điểm thi THPT,2025,15.0,Kỹ thuật địa chất
39552,DMT,ky-thuat-dia-chat,D01,Điểm thi THPT,2025,15.0,Kỹ thuật địa chất
39553,DMT,ky-thuat-dia-chat,D15,Điểm thi THPT,2025,15.0,Kỹ thuật địa chất
39554,DMT,ky-thuat-dia-chat,X01,Điểm thi THPT,2025,15.0,Kỹ thuật địa chất
39555,DMT,ky-thuat-dia-chat,X02,Điểm thi THPT,2025,15.0,Kỹ thuật địa chất
39556,DMT,ky-thuat-dia-chat,X03,Điểm thi THPT,2025,15.0,Kỹ thuật địa chất
39557,DMT,ky-thuat-dia-chat,X04,Điểm thi THPT,2025,15.0,Kỹ thuật địa chất
39558,DMT,ky-thuat-trac-dia-ban-do,A00,Điểm học bạ,2021,18.0,Kỹ thuật trắc địa - Bản đồ
39559,DMT,ky-thuat-trac-dia-ban-do,A01,Điểm học bạ,2021,18.0,Kỹ thuật trắc địa - Bản đồ
39560,DMT,ky-thuat-trac-dia-ban-do,D01,Điểm học bạ,2021,18.0,Kỹ thuật trắc địa - Bản đồ
39561,DMT,ky-thuat-trac-dia-ban-do,D15,Điểm học bạ,2021,18.0,Kỹ thuật trắc địa - Bản đồ
39562,DMT,ky-thuat-trac-dia-ban-do,A00,Điểm thi THPT,2021,15.0,Kỹ thuật trắc địa - Bản đồ
39563,DMT,ky-thuat-trac-dia-ban-do,A01,Điểm thi THPT,2021,15.0,Kỹ thuật trắc địa - Bản đồ
39564,DMT,ky-thuat-trac-dia-ban-do,D01,Điểm thi THPT,2021,15.0,Kỹ thuật trắc địa - Bản đồ
39565,DMT,ky-thuat-trac-dia-ban-do,D15,Điểm thi THPT,2021,15.0,Kỹ thuật trắc địa - Bản đồ
39566,DMT,ky-thuat-trac-dia-ban-do,A00,Điểm học bạ,2022,18.0,Kỹ thuật Trắc địa - Bản đồ
39567,DMT,ky-thuat-trac-dia-ban-do,A01,Điểm học bạ,2022,18.0,Kỹ thuật Trắc địa - Bản đồ
39568,DMT,ky-thuat-trac-dia-ban-do,D01,Điểm học bạ,2022,18.0,Kỹ thuật Trắc địa - Bản đồ
39569,DMT,ky-thuat-trac-dia-ban-do,D15,Điểm học bạ,2022,18.0,Kỹ thuật Trắc địa - Bản đồ
39570,DMT,ky-thuat-trac-dia-ban-do,A00,Điểm thi THPT,2022,15.0,Kỹ thuật Trắc địa - Bản đồ
39571,DMT,ky-thuat-trac-dia-ban-do,A01,Điểm thi THPT,2022,15.0,Kỹ thuật Trắc địa - Bản đồ
39572,DMT,ky-thuat-trac-dia-ban-do,D01,Điểm thi THPT,2022,15.0,Kỹ thuật Trắc địa - Bản đồ
39573,DMT,ky-thuat-trac-dia-ban-do,D15,Điểm thi THPT,2022,15.0,Kỹ thuật Trắc địa - Bản đồ
39574,DMT,ky-thuat-trac-dia-ban-do,A00,Điểm học bạ,2023,18.0,Kỹ thuật trắc địa bản đồ
39575,DMT,ky-thuat-trac-dia-ban-do,A01,Điểm học bạ,2023,18.0,Kỹ thuật trắc địa bản đồ
39576,DMT,ky-thuat-trac-dia-ban-do,D01,Điểm học bạ,2023,18.0,Kỹ thuật trắc địa bản đồ
39577,DMT,ky-thuat-trac-dia-ban-do,D15,Điểm học bạ,2023,18.0,Kỹ thuật trắc địa bản đồ
39578,DMT,ky-thuat-trac-dia-ban-do,A00,Điểm thi THPT,2023,15.0,Kỹ thuật trắc địa bản đồ
39579,DMT,ky-thuat-trac-dia-ban-do,A01,Điểm thi THPT,2023,15.0,Kỹ thuật trắc địa bản đồ
39580,DMT,ky-thuat-trac-dia-ban-do,D01,Điểm thi THPT,2023,15.0,Kỹ thuật trắc địa bản đồ
39581,DMT,ky-thuat-trac-dia-ban-do,D15,Điểm thi THPT,2023,15.0,Kỹ thuật trắc địa bản đồ
39582,DMT,ky-thuat-trac-dia-ban-do,A00,Điểm học bạ,2024,18.0,Kỹ thuật Trắc địa - Bản đồ
39583,DMT,ky-thuat-trac-dia-ban-do,A01,Điểm học bạ,2024,18.0,Kỹ thuật Trắc địa - Bản đồ
39584,DMT,ky-thuat-trac-dia-ban-do,D01,Điểm học bạ,2024,18.0,Kỹ thuật Trắc địa - Bản đồ
39585,DMT,ky-thuat-trac-dia-ban-do,D15,Điểm học bạ,2024,18.0,Kỹ thuật Trắc địa - Bản đồ
39586,DMT,ky-thuat-trac-dia-ban-do,A00,Điểm thi THPT,2024,15.0,Kỹ thuật Trắc địa - Bản đồ
39587,DMT,ky-thuat-trac-dia-ban-do,A01,Điểm thi THPT,2024,15.0,Kỹ thuật Trắc địa - Bản đồ
39588,DMT,ky-thuat-trac-dia-ban-do,D01,Điểm thi THPT,2024,15.0,Kỹ thuật Trắc địa - Bản đồ
39589,DMT,ky-thuat-trac-dia-ban-do,D15,Điểm thi THPT,2024,15.0,Kỹ thuật Trắc địa - Bản đồ
39590,DMT,ky-thuat-trac-dia-ban-do,A00,Điểm học bạ,2025,18.0,Ký thuật trắc địa - bản đồ
39591,DMT,ky-thuat-trac-dia-ban-do,A01,Điểm học bạ,2025,18.0,Ký thuật trắc địa - bản đồ
39592,DMT,ky-thuat-trac-dia-ban-do,B03,Điểm học bạ,2025,18.0,Ký thuật trắc địa - bản đồ
39593,DMT,ky-thuat-trac-dia-ban-do,C01,Điểm học bạ,2025,18.0,Ký thuật trắc địa - bản đồ
39594,DMT,ky-thuat-trac-dia-ban-do,C02,Điểm học bạ,2025,18.0,Ký thuật trắc địa - bản đồ
39595,DMT,ky-thuat-trac-dia-ban-do,C03,Điểm học bạ,2025,18.0,Ký thuật trắc địa - bản đồ
39596,DMT,ky-thuat-trac-dia-ban-do,C04,Điểm học bạ,2025,18.0,Ký thuật trắc địa - bản đồ
39597,DMT,ky-thuat-trac-dia-ban-do,D01,Điểm học bạ,2025,18.0,Ký thuật trắc địa - bản đồ
39598,DMT,ky-thuat-trac-dia-ban-do,D15,Điểm học bạ,2025,18.0,Ký thuật trắc địa - bản đồ
39599,DMT,ky-thuat-trac-dia-ban-do,X01,Điểm học bạ,2025,18.0,Ký thuật trắc địa - bản đồ
39600,DMT,ky-thuat-trac-dia-ban-do,X02,Điểm học bạ,2025,18.0,Ký thuật trắc địa - bản đồ
39601,DMT,ky-thuat-trac-dia-ban-do,X03,Điểm học bạ,2025,18.0,Ký thuật trắc địa - bản đồ
39602,DMT,ky-thuat-trac-dia-ban-do,X04,Điểm học bạ,2025,18.0,Ký thuật trắc địa - bản đồ
39603,DMT,ky-thuat-trac-dia-ban-do,A00,Điểm thi THPT,2025,15.0,Ký thuật trắc địa - bản đồ
39604,DMT,ky-thuat-trac-dia-ban-do,A01,Điểm thi THPT,2025,15.0,Ký thuật trắc địa - bản đồ
39605,DMT,ky-thuat-trac-dia-ban-do,B03,Điểm thi THPT,2025,15.0,Ký thuật trắc địa - bản đồ
39606,DMT,ky-thuat-trac-dia-ban-do,C01,Điểm thi THPT,2025,15.0,Ký thuật trắc địa - bản đồ
39607,DMT,ky-thuat-trac-dia-ban-do,C02,Điểm thi THPT,2025,15.0,Ký thuật trắc địa - bản đồ
39608,DMT,ky-thuat-trac-dia-ban-do,C03,Điểm thi THPT,2025,15.0,Ký thuật trắc địa - bản đồ
39609,DMT,ky-thuat-trac-dia-ban-do,C04,Điểm thi THPT,2025,15.0,Ký thuật trắc địa - bản đồ
39610,DMT,ky-thuat-trac-dia-ban-do,D01,Điểm thi THPT,2025,15.0,Ký thuật trắc địa - bản đồ
39611,DMT,ky-thuat-trac-dia-ban-do,D15,Điểm thi THPT,2025,15.0,Ký thuật trắc địa - bản đồ
39612,DMT,ky-thuat-trac-dia-ban-do,X01,Điểm thi THPT,2025,15.0,Ký thuật trắc địa - bản đồ
39613,DMT,ky-thuat-trac-dia-ban-do,X02,Điểm thi THPT,2025,15.0,Ký thuật trắc địa - bản đồ
39614,DMT,ky-thuat-trac-dia-ban-do,X03,Điểm thi THPT,2025,15.0,Ký thuật trắc địa - bản đồ
39615,DMT,ky-thuat-trac-dia-ban-do,X04,Điểm thi THPT,2025,15.0,Ký thuật trắc địa - bản đồ
39616,DMT,logistics-va-quan-ky-chuoi-cung-ung,A00,Điểm học bạ,2025,27.2,Logistics và Quản ký chuỗi cung ứng
39617,DMT,logistics-va-quan-ky-chuoi-cung-ung,A01,Điểm học bạ,2025,27.2,Logistics và Quản ký chuỗi cung ứng
39618,DMT,logistics-va-quan-ky-chuoi-cung-ung,B03,Điểm học bạ,2025,27.2,Logistics và Quản ký chuỗi cung ứng
39619,DMT,logistics-va-quan-ky-chuoi-cung-ung,C00,Điểm học bạ,2025,27.2,Logistics và Quản ký chuỗi cung ứng
39620,DMT,logistics-va-quan-ky-chuoi-cung-ung,C01,Điểm học bạ,2025,27.2,Logistics và Quản ký chuỗi cung ứng
39621,DMT,logistics-va-quan-ky-chuoi-cung-ung,C02,Điểm học bạ,2025,27.2,Logistics và Quản ký chuỗi cung ứng
39622,DMT,logistics-va-quan-ky-chuoi-cung-ung,C03,Điểm học bạ,2025,27.2,Logistics và Quản ký chuỗi cung ứng
39623,DMT,logistics-va-quan-ky-chuoi-cung-ung,C04,Điểm học bạ,2025,27.2,Logistics và Quản ký chuỗi cung ứng
39624,DMT,logistics-va-quan-ky-chuoi-cung-ung,D01,Điểm học bạ,2025,27.2,Logistics và Quản ký chuỗi cung ứng
39625,DMT,logistics-va-quan-ky-chuoi-cung-ung,X01,Điểm học bạ,2025,27.2,Logistics và Quản ký chuỗi cung ứng
39626,DMT,logistics-va-quan-ky-chuoi-cung-ung,X02,Điểm học bạ,2025,27.2,Logistics và Quản ký chuỗi cung ứng
39627,DMT,logistics-va-quan-ky-chuoi-cung-ung,X03,Điểm học bạ,2025,27.2,Logistics và Quản ký chuỗi cung ứng
39628,DMT,logistics-va-quan-ky-chuoi-cung-ung,X04,Điểm học bạ,2025,27.2,Logistics và Quản ký chuỗi cung ứng
39629,DMT,logistics-va-quan-ky-chuoi-cung-ung,A00,Điểm thi THPT,2025,26.5,Logistics và Quản ký chuỗi cung ứng
39630,DMT,logistics-va-quan-ky-chuoi-cung-ung,A01,Điểm thi THPT,2025,26.5,Logistics và Quản ký chuỗi cung ứng
39631,DMT,logistics-va-quan-ky-chuoi-cung-ung,B03,Điểm thi THPT,2025,26.5,Logistics và Quản ký chuỗi cung ứng
39632,DMT,logistics-va-quan-ky-chuoi-cung-ung,C00,Điểm thi THPT,2025,26.5,Logistics và Quản ký chuỗi cung ứng
39633,DMT,logistics-va-quan-ky-chuoi-cung-ung,C01,Điểm thi THPT,2025,26.5,Logistics và Quản ký chuỗi cung ứng
39634,DMT,logistics-va-quan-ky-chuoi-cung-ung,C02,Điểm thi THPT,2025,26.5,Logistics và Quản ký chuỗi cung ứng
39635,DMT,logistics-va-quan-ky-chuoi-cung-ung,C03,Điểm thi THPT,2025,26.5,Logistics và Quản ký chuỗi cung ứng
39636,DMT,logistics-va-quan-ky-chuoi-cung-ung,C04,Điểm thi THPT,2025,26.5,Logistics và Quản ký chuỗi cung ứng
39637,DMT,logistics-va-quan-ky-chuoi-cung-ung,D01,Điểm thi THPT,2025,26.5,Logistics và Quản ký chuỗi cung ứng
39638,DMT,logistics-va-quan-ky-chuoi-cung-ung,X01,Điểm thi THPT,2025,26.5,Logistics và Quản ký chuỗi cung ứng
39639,DMT,logistics-va-quan-ky-chuoi-cung-ung,X02,Điểm thi THPT,2025,26.5,Logistics và Quản ký chuỗi cung ứng
39640,DMT,logistics-va-quan-ky-chuoi-cung-ung,X03,Điểm thi THPT,2025,26.5,Logistics và Quản ký chuỗi cung ứng
39641,DMT,logistics-va-quan-ky-chuoi-cung-ung,X04,Điểm thi THPT,2025,26.5,Logistics và Quản ký chuỗi cung ứng
39642,DMT,logistics-va-quan-ly-chuoi-cung-ung,A00,Điểm học bạ,2021,18.0,Logistics và Quản lý chuỗi cung ứng
39643,DMT,logistics-va-quan-ly-chuoi-cung-ung,A01,Điểm học bạ,2021,18.0,Logistics và Quản lý chuỗi cung ứng
39644,DMT,logistics-va-quan-ly-chuoi-cung-ung,C00,Điểm học bạ,2021,18.0,Logistics và Quản lý chuỗi cung ứng
39645,DMT,logistics-va-quan-ly-chuoi-cung-ung,D01,Điểm học bạ,2021,18.0,Logistics và Quản lý chuỗi cung ứng
39646,DMT,logistics-va-quan-ly-chuoi-cung-ung,A00,Điểm thi THPT,2021,25.0,Logistics và Quản lý chuỗi cung ứng
39647,DMT,logistics-va-quan-ly-chuoi-cung-ung,A01,Điểm thi THPT,2021,25.0,Logistics và Quản lý chuỗi cung ứng
39648,DMT,logistics-va-quan-ly-chuoi-cung-ung,C00,Điểm thi THPT,2021,25.0,Logistics và Quản lý chuỗi cung ứng
39649,DMT,logistics-va-quan-ly-chuoi-cung-ung,D01,Điểm thi THPT,2021,25.0,Logistics và Quản lý chuỗi cung ứng
39650,DMT,logistics-va-quan-ly-chuoi-cung-ung,A00,Điểm học bạ,2022,27.0,Logistics và Quản lý chuỗi cung ứng
39651,DMT,logistics-va-quan-ly-chuoi-cung-ung,A01,Điểm học bạ,2022,27.0,Logistics và Quản lý chuỗi cung ứng
39652,DMT,logistics-va-quan-ly-chuoi-cung-ung,C00,Điểm học bạ,2022,27.0,Logistics và Quản lý chuỗi cung ứng
39653,DMT,logistics-va-quan-ly-chuoi-cung-ung,D01,Điểm học bạ,2022,27.0,Logistics và Quản lý chuỗi cung ứng
39654,DMT,logistics-va-quan-ly-chuoi-cung-ung,A00,Điểm thi THPT,2022,26.75,Logistics và Quản lý chuỗi cung ứng
39655,DMT,logistics-va-quan-ly-chuoi-cung-ung,A01,Điểm thi THPT,2022,26.75,Logistics và Quản lý chuỗi cung ứng
39656,DMT,logistics-va-quan-ly-chuoi-cung-ung,C00,Điểm thi THPT,2022,26.75,Logistics và Quản lý chuỗi cung ứng
39657,DMT,logistics-va-quan-ly-chuoi-cung-ung,D01,Điểm thi THPT,2022,26.75,Logistics và Quản lý chuỗi cung ứng
39658,DMT,logistics-va-quan-ly-chuoi-cung-ung,A00,Điểm học bạ,2023,26.75,Logistics và quản lý chuỗi cung ứng
39659,DMT,logistics-va-quan-ly-chuoi-cung-ung,A01,Điểm học bạ,2023,26.75,Logistics và quản lý chuỗi cung ứng
39660,DMT,logistics-va-quan-ly-chuoi-cung-ung,C00,Điểm học bạ,2023,26.75,Logistics và quản lý chuỗi cung ứng
39661,DMT,logistics-va-quan-ly-chuoi-cung-ung,D01,Điểm học bạ,2023,26.75,Logistics và quản lý chuỗi cung ứng
39662,DMT,logistics-va-quan-ly-chuoi-cung-ung,A00,Điểm thi THPT,2023,24.75,Logistics và quản lý chuỗi cung ứng
39663,DMT,logistics-va-quan-ly-chuoi-cung-ung,A01,Điểm thi THPT,2023,24.75,Logistics và quản lý chuỗi cung ứng
39664,DMT,logistics-va-quan-ly-chuoi-cung-ung,C00,Điểm thi THPT,2023,24.75,Logistics và quản lý chuỗi cung ứng
39665,DMT,logistics-va-quan-ly-chuoi-cung-ung,D01,Điểm thi THPT,2023,24.75,Logistics và quản lý chuỗi cung ứng
39666,DMT,logistics-va-quan-ly-chuoi-cung-ung,A00,Điểm học bạ,2024,27.5,Logistics và Quản lý chuỗi cung ứng
39667,DMT,logistics-va-quan-ly-chuoi-cung-ung,A01,Điểm học bạ,2024,27.5,Logistics và Quản lý chuỗi cung ứng
39668,DMT,logistics-va-quan-ly-chuoi-cung-ung,C00,Điểm học bạ,2024,27.5,Logistics và Quản lý chuỗi cung ứng
39669,DMT,logistics-va-quan-ly-chuoi-cung-ung,D01,Điểm học bạ,2024,27.5,Logistics và Quản lý chuỗi cung ứng
39670,DMT,logistics-va-quan-ly-chuoi-cung-ung,A00,Điểm thi THPT,2024,26.25,Logistics và Quản lý chuỗi cung ứng
39671,DMT,logistics-va-quan-ly-chuoi-cung-ung,A01,Điểm thi THPT,2024,26.25,Logistics và Quản lý chuỗi cung ứng
39672,DMT,logistics-va-quan-ly-chuoi-cung-ung,C00,Điểm thi THPT,2024,26.25,Logistics và Quản lý chuỗi cung ứng
39673,DMT,logistics-va-quan-ly-chuoi-cung-ung,D01,Điểm thi THPT,2024,26.25,Logistics và Quản lý chuỗi cung ứng
39674,DMT,luat,A00,Điểm học bạ,2021,18.0,Luật
39675,DMT,luat,A01,Điểm học bạ,2021,18.0,Luật
39676,DMT,luat,C00,Điểm học bạ,2021,18.0,Luật
39677,DMT,luat,D01,Điểm học bạ,2021,18.0,Luật
39678,DMT,luat,A00,Điểm thi THPT,2021,24.0,Luật
39679,DMT,luat,A01,Điểm thi THPT,2021,24.0,Luật
39680,DMT,luat,C00,Điểm thi THPT,2021,24.0,Luật
39681,DMT,luat,D01,Điểm thi THPT,2021,24.0,Luật
39682,DMT,luat,A00,Điểm học bạ,2022,26.25,Luật
39683,DMT,luat,A01,Điểm học bạ,2022,26.25,Luật
39684,DMT,luat,C00,Điểm học bạ,2022,26.25,Luật
39685,DMT,luat,D01,Điểm học bạ,2022,26.25,Luật
39686,DMT,luat,A00,Điểm thi THPT,2022,26.0,Luật
39687,DMT,luat,A01,Điểm thi THPT,2022,26.0,Luật
39688,DMT,luat,C00,Điểm thi THPT,2022,26.0,Luật
39689,DMT,luat,D01,Điểm thi THPT,2022,26.0,Luật
39690,DMT,luat,A00,Điểm học bạ,2023,25.0,Luật
39691,DMT,luat,A01,Điểm học bạ,2023,25.0,Luật
39692,DMT,luat,C00,Điểm học bạ,2023,25.0,Luật
39693,DMT,luat,D01,Điểm học bạ,2023,25.0,Luật
39694,DMT,luat,A00,Điểm thi THPT,2023,22.75,Luật
39695,DMT,luat,A01,Điểm thi THPT,2023,22.75,Luật
39696,DMT,luat,C00,Điểm thi THPT,2023,22.75,Luật
39697,DMT,luat,D01,Điểm thi THPT,2023,22.75,Luật
39698,DMT,luat,A00,Điểm học bạ,2024,26.75,Luật
39699,DMT,luat,A01,Điểm học bạ,2024,26.75,Luật
39700,DMT,luat,C00,Điểm học bạ,2024,26.75,Luật
39701,DMT,luat,D01,Điểm học bạ,2024,26.75,Luật
39702,DMT,luat,A00,Điểm thi THPT,2024,25.45,Luật
39703,DMT,luat,A01,Điểm thi THPT,2024,25.45,Luật
39704,DMT,luat,C00,Điểm thi THPT,2024,25.45,Luật
39705,DMT,luat,D01,Điểm thi THPT,2024,25.45,Luật
39706,DMT,luat,A00,Điểm học bạ,2025,26.4,Luật
39707,DMT,luat,A01,Điểm học bạ,2025,26.4,Luật
39708,DMT,luat,C00,Điểm học bạ,2025,26.4,Luật
39709,DMT,luat,C01,Điểm học bạ,2025,26.4,Luật
39710,DMT,luat,C02,Điểm học bạ,2025,26.4,Luật
39711,DMT,luat,C03,Điểm học bạ,2025,26.4,Luật
39712,DMT,luat,C04,Điểm học bạ,2025,26.4,Luật
39713,DMT,luat,D01,Điểm học bạ,2025,26.4,Luật
39714,DMT,luat,X01,Điểm học bạ,2025,26.4,Luật
39715,DMT,luat,X02,Điểm học bạ,2025,26.4,Luật
39716,DMT,luat,X17,Điểm học bạ,2025,26.4,Luật
39717,DMT,luat,X70,Điểm học bạ,2025,26.4,Luật
39718,DMT,luat,A00,Điểm thi THPT,2025,25.5,Luật
39719,DMT,luat,A01,Điểm thi THPT,2025,25.5,Luật
39720,DMT,luat,C00,Điểm thi THPT,2025,25.5,Luật
39721,DMT,luat,C01,Điểm thi THPT,2025,25.5,Luật
39722,DMT,luat,C02,Điểm thi THPT,2025,25.5,Luật
39723,DMT,luat,C03,Điểm thi THPT,2025,25.5,Luật
39724,DMT,luat,C04,Điểm thi THPT,2025,25.5,Luật
39725,DMT,luat,D01,Điểm thi THPT,2025,25.5,Luật
39726,DMT,luat,X01,Điểm thi THPT,2025,25.5,Luật
39727,DMT,luat,X02,Điểm thi THPT,2025,25.5,Luật
39728,DMT,luat,X17,Điểm thi THPT,2025,25.5,Luật
39729,DMT,luat,X70,Điểm thi THPT,2025,25.5,Luật
39730,DMT,marketing,A00,Điểm học bạ,2021,18.0,Marketing
39731,DMT,marketing,A01,Điểm học bạ,2021,18.0,Marketing
39732,DMT,marketing,C00,Điểm học bạ,2021,18.0,Marketing
39733,DMT,marketing,D01,Điểm học bạ,2021,18.0,Marketing
39734,DMT,marketing,A00,Điểm thi THPT,2021,26.0,Marketing
39735,DMT,marketing,A01,Điểm thi THPT,2021,26.0,Marketing
39736,DMT,marketing,C00,Điểm thi THPT,2021,26.0,Marketing
39737,DMT,marketing,D01,Điểm thi THPT,2021,26.0,Marketing
39738,DMT,marketing,A00,Điểm học bạ,2022,27.5,Marketing
39739,DMT,marketing,A01,Điểm học bạ,2022,27.5,Marketing
39740,DMT,marketing,C00,Điểm học bạ,2022,27.5,Marketing
39741,DMT,marketing,D01,Điểm học bạ,2022,27.5,Marketing
39742,DMT,marketing,A00,Điểm thi THPT,2022,27.5,Marketing
39743,DMT,marketing,A01,Điểm thi THPT,2022,27.5,Marketing
39744,DMT,marketing,C00,Điểm thi THPT,2022,27.5,Marketing
39745,DMT,marketing,D01,Điểm thi THPT,2022,27.5,Marketing
39746,DMT,marketing,A00,Điểm học bạ,2023,27.5,Marketing
39747,DMT,marketing,A01,Điểm học bạ,2023,27.5,Marketing
39748,DMT,marketing,C00,Điểm học bạ,2023,27.5,Marketing
39749,DMT,marketing,D01,Điểm học bạ,2023,27.5,Marketing
39750,DMT,marketing,A00,Điểm thi THPT,2023,24.75,Marketing
39751,DMT,marketing,A01,Điểm thi THPT,2023,24.75,Marketing
39752,DMT,marketing,C00,Điểm thi THPT,2023,24.75,Marketing
39753,DMT,marketing,D01,Điểm thi THPT,2023,24.75,Marketing
39754,DMT,marketing,A00,Điểm học bạ,2024,27.75,Marketing
39755,DMT,marketing,A01,Điểm học bạ,2024,27.75,Marketing
39756,DMT,marketing,C00,Điểm học bạ,2024,27.75,Marketing
39757,DMT,marketing,D01,Điểm học bạ,2024,27.75,Marketing
39758,DMT,marketing,A00,Điểm thi THPT,2024,26.5,Marketing
39759,DMT,marketing,A01,Điểm thi THPT,2024,26.5,Marketing
39760,DMT,marketing,C00,Điểm thi THPT,2024,26.5,Marketing
39761,DMT,marketing,D01,Điểm thi THPT,2024,26.5,Marketing
39762,DMT,marketing,A00,Điểm học bạ,2025,27.32,Marketing
39763,DMT,marketing,A01,Điểm học bạ,2025,27.32,Marketing
39764,DMT,marketing,B03,Điểm học bạ,2025,27.32,Marketing
39765,DMT,marketing,C00,Điểm học bạ,2025,27.32,Marketing
39766,DMT,marketing,C01,Điểm học bạ,2025,27.32,Marketing
39767,DMT,marketing,C02,Điểm học bạ,2025,27.32,Marketing
39768,DMT,marketing,C03,Điểm học bạ,2025,27.32,Marketing
39769,DMT,marketing,C04,Điểm học bạ,2025,27.32,Marketing
39770,DMT,marketing,D01,Điểm học bạ,2025,27.32,Marketing
39771,DMT,marketing,X01,Điểm học bạ,2025,27.32,Marketing
39772,DMT,marketing,X02,Điểm học bạ,2025,27.32,Marketing
39773,DMT,marketing,X03,Điểm học bạ,2025,27.32,Marketing
39774,DMT,marketing,X04,Điểm học bạ,2025,27.32,Marketing
39775,DMT,marketing,A00,Điểm thi THPT,2025,26.65,Marketing
39776,DMT,marketing,A01,Điểm thi THPT,2025,26.65,Marketing
39777,DMT,marketing,B03,Điểm thi THPT,2025,26.65,Marketing
39778,DMT,marketing,C00,Điểm thi THPT,2025,26.65,Marketing
39779,DMT,marketing,C01,Điểm thi THPT,2025,26.65,Marketing
39780,DMT,marketing,C02,Điểm thi THPT,2025,26.65,Marketing
39781,DMT,marketing,C03,Điểm thi THPT,2025,26.65,Marketing
39782,DMT,marketing,C04,Điểm thi THPT,2025,26.65,Marketing
39783,DMT,marketing,D01,Điểm thi THPT,2025,26.65,Marketing
39784,DMT,marketing,X01,Điểm thi THPT,2025,26.65,Marketing
39785,DMT,marketing,X02,Điểm thi THPT,2025,26.65,Marketing
39786,DMT,marketing,X03,Điểm thi THPT,2025,26.65,Marketing
39787,DMT,marketing,X04,Điểm thi THPT,2025,26.65,Marketing
39788,DMT,ngon-ngu-anh,A01,Điểm học bạ,2021,18.0,Ngôn ngữ Anh
39789,DMT,ngon-ngu-anh,D01,Điểm học bạ,2021,18.0,Ngôn ngữ Anh
39790,DMT,ngon-ngu-anh,D07,Điểm học bạ,2021,18.0,Ngôn ngữ Anh
39791,DMT,ngon-ngu-anh,D15,Điểm học bạ,2021,18.0,Ngôn ngữ Anh
39792,DMT,ngon-ngu-anh,A01,Điểm thi THPT,2021,24.0,Ngôn ngữ Anh
39793,DMT,ngon-ngu-anh,D01,Điểm thi THPT,2021,24.0,Ngôn ngữ Anh
39794,DMT,ngon-ngu-anh,D07,Điểm thi THPT,2021,24.0,Ngôn ngữ Anh
39795,DMT,ngon-ngu-anh,D15,Điểm thi THPT,2021,24.0,Ngôn ngữ Anh
39796,DMT,ngon-ngu-anh,A00,Điểm học bạ,2022,26.0,Ngôn ngữ Anh
39797,DMT,ngon-ngu-anh,D01,Điểm học bạ,2022,26.0,Ngôn ngữ Anh
39798,DMT,ngon-ngu-anh,D07,Điểm học bạ,2022,26.0,Ngôn ngữ Anh
39799,DMT,ngon-ngu-anh,D15,Điểm học bạ,2022,26.0,Ngôn ngữ Anh
39800,DMT,ngon-ngu-anh,A00,Điểm thi THPT,2022,24.25,Ngôn ngữ Anh
39801,DMT,ngon-ngu-anh,D01,Điểm thi THPT,2022,24.25,Ngôn ngữ Anh
39802,DMT,ngon-ngu-anh,D07,Điểm thi THPT,2022,24.25,Ngôn ngữ Anh
39803,DMT,ngon-ngu-anh,D15,Điểm thi THPT,2022,24.25,Ngôn ngữ Anh
39804,DMT,ngon-ngu-anh,A01,Điểm học bạ,2023,25.0,Ngôn ngữ Anh
39805,DMT,ngon-ngu-anh,D01,Điểm học bạ,2023,25.0,Ngôn ngữ Anh
39806,DMT,ngon-ngu-anh,D07,Điểm học bạ,2023,25.0,Ngôn ngữ Anh
39807,DMT,ngon-ngu-anh,D15,Điểm học bạ,2023,25.0,Ngôn ngữ Anh
39808,DMT,ngon-ngu-anh,A01,Điểm thi THPT,2023,22.75,Ngôn ngữ Anh
39809,DMT,ngon-ngu-anh,D01,Điểm thi THPT,2023,22.75,Ngôn ngữ Anh
39810,DMT,ngon-ngu-anh,D07,Điểm thi THPT,2023,22.75,Ngôn ngữ Anh
39811,DMT,ngon-ngu-anh,D15,Điểm thi THPT,2023,22.75,Ngôn ngữ Anh
39812,DMT,ngon-ngu-anh,A01,Điểm học bạ,2024,26.5,Ngôn ngữ Anh
39813,DMT,ngon-ngu-anh,D01,Điểm học bạ,2024,26.5,Ngôn ngữ Anh
39814,DMT,ngon-ngu-anh,D07,Điểm học bạ,2024,26.5,Ngôn ngữ Anh
39815,DMT,ngon-ngu-anh,D15,Điểm học bạ,2024,26.5,Ngôn ngữ Anh
39816,DMT,ngon-ngu-anh,A01,Điểm thi THPT,2024,24.0,Ngôn ngữ Anh
39817,DMT,ngon-ngu-anh,D01,Điểm thi THPT,2024,24.0,Ngôn ngữ Anh
39818,DMT,ngon-ngu-anh,D07,Điểm thi THPT,2024,24.0,Ngôn ngữ Anh
39819,DMT,ngon-ngu-anh,D15,Điểm thi THPT,2024,24.0,Ngôn ngữ Anh
39820,DMT,ngon-ngu-anh,A01,Điểm học bạ,2025,27.12,Ngôn ngữ Anh
39821,DMT,ngon-ngu-anh,D01,Điểm học bạ,2025,27.12,Ngôn ngữ Anh
39822,DMT,ngon-ngu-anh,D07,Điểm học bạ,2025,27.12,Ngôn ngữ Anh
39823,DMT,ngon-ngu-anh,D08,Điểm học bạ,2025,27.12,Ngôn ngữ Anh
39824,DMT,ngon-ngu-anh,D14,Điểm học bạ,2025,27.12,Ngôn ngữ Anh
39825,DMT,ngon-ngu-anh,D15,Điểm học bạ,2025,27.12,Ngôn ngữ Anh
39826,DMT,ngon-ngu-anh,X25,Điểm học bạ,2025,27.12,Ngôn ngữ Anh
39827,DMT,ngon-ngu-anh,X26,Điểm học bạ,2025,27.12,Ngôn ngữ Anh
39828,DMT,ngon-ngu-anh,X27,Điểm học bạ,2025,27.12,Ngôn ngữ Anh
39829,DMT,ngon-ngu-anh,X28,Điểm học bạ,2025,27.12,Ngôn ngữ Anh
39830,DMT,ngon-ngu-anh,X78,Điểm học bạ,2025,27.12,Ngôn ngữ Anh
39831,DMT,ngon-ngu-anh,X79,Điểm học bạ,2025,27.12,Ngôn ngữ Anh
39832,DMT,ngon-ngu-anh,A01,Điểm thi THPT,2025,26.4,Ngôn ngữ Anh
39833,DMT,ngon-ngu-anh,D01,Điểm thi THPT,2025,26.4,Ngôn ngữ Anh
39834,DMT,ngon-ngu-anh,D07,Điểm thi THPT,2025,26.4,Ngôn ngữ Anh
39835,DMT,ngon-ngu-anh,D08,Điểm thi THPT,2025,26.4,Ngôn ngữ Anh
39836,DMT,ngon-ngu-anh,D14,Điểm thi THPT,2025,26.4,Ngôn ngữ Anh
39837,DMT,ngon-ngu-anh,D15,Điểm thi THPT,2025,26.4,Ngôn ngữ Anh
39838,DMT,ngon-ngu-anh,X25,Điểm thi THPT,2025,26.4,Ngôn ngữ Anh
39839,DMT,ngon-ngu-anh,X26,Điểm thi THPT,2025,26.4,Ngôn ngữ Anh
39840,DMT,ngon-ngu-anh,X27,Điểm thi THPT,2025,26.4,Ngôn ngữ Anh
39841,DMT,ngon-ngu-anh,X28,Điểm thi THPT,2025,26.4,Ngôn ngữ Anh
39842,DMT,ngon-ngu-anh,X78,Điểm thi THPT,2025,26.4,Ngôn ngữ Anh
39843,DMT,ngon-ngu-anh,X79,Điểm thi THPT,2025,26.4,Ngôn ngữ Anh
39844,DMT,quan-ly-bien,A00,Điểm học bạ,2021,18.0,Quản lý biển
39845,DMT,quan-ly-bien,B00,Điểm học bạ,2021,18.0,Quản lý biển
39846,DMT,quan-ly-bien,C01,Điểm học bạ,2021,18.0,Quản lý biển
39847,DMT,quan-ly-bien,D01,Điểm học bạ,2021,18.0,Quản lý biển
39848,DMT,quan-ly-bien,A00,Điểm thi THPT,2021,15.0,Quản lý biển
39849,DMT,quan-ly-bien,B00,Điểm thi THPT,2021,15.0,Quản lý biển
39850,DMT,quan-ly-bien,C01,Điểm thi THPT,2021,15.0,Quản lý biển
39851,DMT,quan-ly-bien,D01,Điểm thi THPT,2021,15.0,Quản lý biển
39852,DMT,quan-ly-bien,A00,Điểm học bạ,2022,18.0,Quản lý biển
39853,DMT,quan-ly-bien,A01,Điểm học bạ,2022,18.0,Quản lý biển
39854,DMT,quan-ly-bien,B00,Điểm học bạ,2022,18.0,Quản lý biển
39855,DMT,quan-ly-bien,D01,Điểm học bạ,2022,18.0,Quản lý biển
39856,DMT,quan-ly-bien,A00,Điểm thi THPT,2022,15.0,Quản lý biển
39857,DMT,quan-ly-bien,A01,Điểm thi THPT,2022,15.0,Quản lý biển
39858,DMT,quan-ly-bien,B00,Điểm thi THPT,2022,15.0,Quản lý biển
39859,DMT,quan-ly-bien,D01,Điểm thi THPT,2022,15.0,Quản lý biển
39860,DMT,quan-ly-bien,A00,Điểm học bạ,2023,18.0,Quản lý biển
39861,DMT,quan-ly-bien,A01,Điểm học bạ,2023,18.0,Quản lý biển
39862,DMT,quan-ly-bien,B00,Điểm học bạ,2023,18.0,Quản lý biển
39863,DMT,quan-ly-bien,D01,Điểm học bạ,2023,18.0,Quản lý biển
39864,DMT,quan-ly-bien,A00,Điểm thi THPT,2023,15.0,Quản lý biển
39865,DMT,quan-ly-bien,A01,Điểm thi THPT,2023,15.0,Quản lý biển
39866,DMT,quan-ly-bien,B00,Điểm thi THPT,2023,15.0,Quản lý biển
39867,DMT,quan-ly-bien,D01,Điểm thi THPT,2023,15.0,Quản lý biển
39868,DMT,quan-ly-bien,A00,Điểm học bạ,2024,18.0,Quản lý biển
39869,DMT,quan-ly-bien,A01,Điểm học bạ,2024,18.0,Quản lý biển
39870,DMT,quan-ly-bien,B00,Điểm học bạ,2024,18.0,Quản lý biển
39871,DMT,quan-ly-bien,D01,Điểm học bạ,2024,18.0,Quản lý biển
39872,DMT,quan-ly-bien,A00,Điểm thi THPT,2024,15.0,Quản lý biển
39873,DMT,quan-ly-bien,A01,Điểm thi THPT,2024,15.0,Quản lý biển
39874,DMT,quan-ly-bien,B00,Điểm thi THPT,2024,15.0,Quản lý biển
39875,DMT,quan-ly-bien,D01,Điểm thi THPT,2024,15.0,Quản lý biển
39876,DMT,quan-ly-bien,A00,Điểm học bạ,2025,18.0,Quản lý biển
39877,DMT,quan-ly-bien,A01,Điểm học bạ,2025,18.0,Quản lý biển
39878,DMT,quan-ly-bien,B00,Điểm học bạ,2025,18.0,Quản lý biển
39879,DMT,quan-ly-bien,B03,Điểm học bạ,2025,18.0,Quản lý biển
39880,DMT,quan-ly-bien,C01,Điểm học bạ,2025,18.0,Quản lý biển
39881,DMT,quan-ly-bien,C02,Điểm học bạ,2025,18.0,Quản lý biển
39882,DMT,quan-ly-bien,C03,Điểm học bạ,2025,18.0,Quản lý biển
39883,DMT,quan-ly-bien,C04,Điểm học bạ,2025,18.0,Quản lý biển
39884,DMT,quan-ly-bien,D01,Điểm học bạ,2025,18.0,Quản lý biển
39885,DMT,quan-ly-bien,X01,Điểm học bạ,2025,18.0,Quản lý biển
39886,DMT,quan-ly-bien,X02,Điểm học bạ,2025,18.0,Quản lý biển
39887,DMT,quan-ly-bien,X03,Điểm học bạ,2025,18.0,Quản lý biển
39888,DMT,quan-ly-bien,X04,Điểm học bạ,2025,18.0,Quản lý biển
39889,DMT,quan-ly-bien,A00,Điểm thi THPT,2025,15.0,Quản lý biển
39890,DMT,quan-ly-bien,A01,Điểm thi THPT,2025,15.0,Quản lý biển
39891,DMT,quan-ly-bien,B00,Điểm thi THPT,2025,15.0,Quản lý biển
39892,DMT,quan-ly-bien,B03,Điểm thi THPT,2025,15.0,Quản lý biển
39893,DMT,quan-ly-bien,C01,Điểm thi THPT,2025,15.0,Quản lý biển
39894,DMT,quan-ly-bien,C02,Điểm thi THPT,2025,15.0,Quản lý biển
39895,DMT,quan-ly-bien,C03,Điểm thi THPT,2025,15.0,Quản lý biển
39896,DMT,quan-ly-bien,C04,Điểm thi THPT,2025,15.0,Quản lý biển
39897,DMT,quan-ly-bien,D01,Điểm thi THPT,2025,15.0,Quản lý biển
39898,DMT,quan-ly-bien,X01,Điểm thi THPT,2025,15.0,Quản lý biển
39899,DMT,quan-ly-bien,X02,Điểm thi THPT,2025,15.0,Quản lý biển
39900,DMT,quan-ly-bien,X03,Điểm thi THPT,2025,15.0,Quản lý biển
39901,DMT,quan-ly-bien,X04,Điểm thi THPT,2025,15.0,Quản lý biển
39902,DMT,quan-ly-dat-dai,A00,Điểm học bạ,2021,18.0,Quản lý đất đai
39903,DMT,quan-ly-dat-dai,B00,Điểm học bạ,2021,18.0,Quản lý đất đai
39904,DMT,quan-ly-dat-dai,C00,Điểm học bạ,2021,18.0,Quản lý đất đai
39905,DMT,quan-ly-dat-dai,D01,Điểm học bạ,2021,18.0,Quản lý đất đai
39906,DMT,quan-ly-dat-dai,A00,Điểm thi THPT,2021,15.0,Quản lý đất đai
39907,DMT,quan-ly-dat-dai,B00,Điểm thi THPT,2021,15.0,Quản lý đất đai
39908,DMT,quan-ly-dat-dai,C00,Điểm thi THPT,2021,15.0,Quản lý đất đai
39909,DMT,quan-ly-dat-dai,D01,Điểm thi THPT,2021,15.0,Quản lý đất đai
39910,DMT,quan-ly-dat-dai,A00,Điểm học bạ,2022,24.75,Quản lý đất đai
39911,DMT,quan-ly-dat-dai,A01,Điểm học bạ,2022,24.75,Quản lý đất đai
39912,DMT,quan-ly-dat-dai,B00,Điểm học bạ,2022,18.0,Quản lý đất đai
39913,DMT,quan-ly-dat-dai,C00,Điểm học bạ,2022,24.75,Quản lý đất đai
39914,DMT,quan-ly-dat-dai,D01,Điểm học bạ,2022,24.75,Quản lý đất đai
39915,DMT,quan-ly-dat-dai,A00,Điểm thi THPT,2022,23.5,Quản lý đất đai
39916,DMT,quan-ly-dat-dai,A01,Điểm thi THPT,2022,23.5,Quản lý đất đai
39917,DMT,quan-ly-dat-dai,B00,Điểm thi THPT,2022,15.0,Quản lý đất đai
39918,DMT,quan-ly-dat-dai,C00,Điểm thi THPT,2022,23.5,Quản lý đất đai
39919,DMT,quan-ly-dat-dai,D01,Điểm thi THPT,2022,23.5,Quản lý đất đai
39920,DMT,quan-ly-dat-dai,A00,Điểm học bạ,2023,18.0,Quản lý đất đai
39921,DMT,quan-ly-dat-dai,B00,Điểm học bạ,2023,18.0,Quản lý đất đai
39922,DMT,quan-ly-dat-dai,C00,Điểm học bạ,2023,18.0,Quản lý đất đai
39923,DMT,quan-ly-dat-dai,D01,Điểm học bạ,2023,18.0,Quản lý đất đai
39924,DMT,quan-ly-dat-dai,A00,Điểm thi THPT,2023,15.0,Quản lý đất đai
39925,DMT,quan-ly-dat-dai,B00,Điểm thi THPT,2023,15.0,Quản lý đất đai
39926,DMT,quan-ly-dat-dai,C00,Điểm thi THPT,2023,15.0,Quản lý đất đai
39927,DMT,quan-ly-dat-dai,D01,Điểm thi THPT,2023,15.0,Quản lý đất đai
39928,DMT,quan-ly-dat-dai,A00,Điểm học bạ,2024,18.0,Quản lý đất đai
39929,DMT,quan-ly-dat-dai,B00,Điểm học bạ,2024,18.0,Quản lý đất đai
39930,DMT,quan-ly-dat-dai,C00,Điểm học bạ,2024,18.0,Quản lý đất đai
39931,DMT,quan-ly-dat-dai,D01,Điểm học bạ,2024,18.0,Quản lý đất đai
39932,DMT,quan-ly-dat-dai,A00,Điểm thi THPT,2024,15.0,Quản lý đất đai
39933,DMT,quan-ly-dat-dai,B00,Điểm thi THPT,2024,15.0,Quản lý đất đai
39934,DMT,quan-ly-dat-dai,C00,Điểm thi THPT,2024,15.0,Quản lý đất đai
39935,DMT,quan-ly-dat-dai,D01,Điểm thi THPT,2024,15.0,Quản lý đất đai
39936,DMT,quan-ly-dat-dai,A00,Điểm học bạ,2025,18.0,Quản lý đất đai
39937,DMT,quan-ly-dat-dai,B00,Điểm học bạ,2025,18.0,Quản lý đất đai
39938,DMT,quan-ly-dat-dai,B03,Điểm học bạ,2025,18.0,Quản lý đất đai
39939,DMT,quan-ly-dat-dai,C00,Điểm học bạ,2025,18.0,Quản lý đất đai
39940,DMT,quan-ly-dat-dai,C01,Điểm học bạ,2025,18.0,Quản lý đất đai
39941,DMT,quan-ly-dat-dai,C02,Điểm học bạ,2025,18.0,Quản lý đất đai
39942,DMT,quan-ly-dat-dai,C03,Điểm học bạ,2025,18.0,Quản lý đất đai
39943,DMT,quan-ly-dat-dai,C04,Điểm học bạ,2025,18.0,Quản lý đất đai
39944,DMT,quan-ly-dat-dai,D01,Điểm học bạ,2025,18.0,Quản lý đất đai
39945,DMT,quan-ly-dat-dai,X01,Điểm học bạ,2025,18.0,Quản lý đất đai
39946,DMT,quan-ly-dat-dai,X02,Điểm học bạ,2025,18.0,Quản lý đất đai
39947,DMT,quan-ly-dat-dai,X03,Điểm học bạ,2025,18.0,Quản lý đất đai
39948,DMT,quan-ly-dat-dai,X04,Điểm học bạ,2025,18.0,Quản lý đất đai
39949,DMT,quan-ly-dat-dai,A00,Điểm thi THPT,2025,15.0,Quản lý đất đai
39950,DMT,quan-ly-dat-dai,B00,Điểm thi THPT,2025,15.0,Quản lý đất đai
39951,DMT,quan-ly-dat-dai,B03,Điểm thi THPT,2025,15.0,Quản lý đất đai
39952,DMT,quan-ly-dat-dai,C00,Điểm thi THPT,2025,15.0,Quản lý đất đai
39953,DMT,quan-ly-dat-dai,C01,Điểm thi THPT,2025,15.0,Quản lý đất đai
39954,DMT,quan-ly-dat-dai,C02,Điểm thi THPT,2025,15.0,Quản lý đất đai
39955,DMT,quan-ly-dat-dai,C03,Điểm thi THPT,2025,15.0,Quản lý đất đai
39956,DMT,quan-ly-dat-dai,C04,Điểm thi THPT,2025,15.0,Quản lý đất đai
39957,DMT,quan-ly-dat-dai,D01,Điểm thi THPT,2025,15.0,Quản lý đất đai
39958,DMT,quan-ly-dat-dai,X01,Điểm thi THPT,2025,15.0,Quản lý đất đai
39959,DMT,quan-ly-dat-dai,X02,Điểm thi THPT,2025,15.0,Quản lý đất đai
39960,DMT,quan-ly-dat-dai,X03,Điểm thi THPT,2025,15.0,Quản lý đất đai
39961,DMT,quan-ly-dat-dai,X04,Điểm thi THPT,2025,15.0,Quản lý đất đai
39962,DMT,quan-ly-tai-nguyen-moi-truong,A00,Điểm học bạ,2023,18.0,Quản lý tài nguyên môi trường
39963,DMT,quan-ly-tai-nguyen-moi-truong,B00,Điểm học bạ,2023,18.0,Quản lý tài nguyên môi trường
39964,DMT,quan-ly-tai-nguyen-moi-truong,D01,Điểm học bạ,2023,18.0,Quản lý tài nguyên môi trường
39965,DMT,quan-ly-tai-nguyen-moi-truong,D15,Điểm học bạ,2023,18.0,Quản lý tài nguyên môi trường
39966,DMT,quan-ly-tai-nguyen-moi-truong,A00,Điểm thi THPT,2023,15.0,Quản lý tài nguyên môi trường
39967,DMT,quan-ly-tai-nguyen-moi-truong,B00,Điểm thi THPT,2023,15.0,Quản lý tài nguyên môi trường
39968,DMT,quan-ly-tai-nguyen-moi-truong,D01,Điểm thi THPT,2023,15.0,Quản lý tài nguyên môi trường
39969,DMT,quan-ly-tai-nguyen-moi-truong,D15,Điểm thi THPT,2023,15.0,Quản lý tài nguyên môi trường
39970,DMT,quan-ly-tai-nguyen-nuoc,A00,Điểm học bạ,2021,18.0,Quản lý tài nguyên nước
39971,DMT,quan-ly-tai-nguyen-nuoc,A01,Điểm học bạ,2021,18.0,Quản lý tài nguyên nước
39972,DMT,quan-ly-tai-nguyen-nuoc,B00,Điểm học bạ,2021,18.0,Quản lý tài nguyên nước
39973,DMT,quan-ly-tai-nguyen-nuoc,D01,Điểm học bạ,2021,18.0,Quản lý tài nguyên nước
39974,DMT,quan-ly-tai-nguyen-nuoc,A00,Điểm thi THPT,2021,15.0,Quản lý tài nguyên nước
39975,DMT,quan-ly-tai-nguyen-nuoc,A01,Điểm thi THPT,2021,15.0,Quản lý tài nguyên nước
39976,DMT,quan-ly-tai-nguyen-nuoc,B00,Điểm thi THPT,2021,15.0,Quản lý tài nguyên nước
39977,DMT,quan-ly-tai-nguyen-nuoc,D01,Điểm thi THPT,2021,15.0,Quản lý tài nguyên nước
39978,DMT,quan-ly-tai-nguyen-nuoc,A00,Điểm học bạ,2022,18.0,Quản lý tài nguyên nước
39979,DMT,quan-ly-tai-nguyen-nuoc,A01,Điểm học bạ,2022,18.0,Quản lý tài nguyên nước
39980,DMT,quan-ly-tai-nguyen-nuoc,B00,Điểm học bạ,2022,18.0,Quản lý tài nguyên nước
39981,DMT,quan-ly-tai-nguyen-nuoc,D01,Điểm học bạ,2022,18.0,Quản lý tài nguyên nước
39982,DMT,quan-ly-tai-nguyen-nuoc,A00,Điểm thi THPT,2022,15.0,Quản lý tài nguyên nước
39983,DMT,quan-ly-tai-nguyen-nuoc,A01,Điểm thi THPT,2022,15.0,Quản lý tài nguyên nước
39984,DMT,quan-ly-tai-nguyen-nuoc,B00,Điểm thi THPT,2022,15.0,Quản lý tài nguyên nước
39985,DMT,quan-ly-tai-nguyen-nuoc,D01,Điểm thi THPT,2022,15.0,Quản lý tài nguyên nước
39986,DMT,quan-ly-tai-nguyen-nuoc,A00,Điểm học bạ,2023,18.0,Quản lý tài nguyên nước
39987,DMT,quan-ly-tai-nguyen-nuoc,A01,Điểm học bạ,2023,18.0,Quản lý tài nguyên nước
39988,DMT,quan-ly-tai-nguyen-nuoc,B00,Điểm học bạ,2023,18.0,Quản lý tài nguyên nước
39989,DMT,quan-ly-tai-nguyen-nuoc,D01,Điểm học bạ,2023,18.0,Quản lý tài nguyên nước
39990,DMT,quan-ly-tai-nguyen-nuoc,A00,Điểm thi THPT,2023,15.0,Quản lý tài nguyên nước
39991,DMT,quan-ly-tai-nguyen-nuoc,A01,Điểm thi THPT,2023,15.0,Quản lý tài nguyên nước
39992,DMT,quan-ly-tai-nguyen-nuoc,B00,Điểm thi THPT,2023,15.0,Quản lý tài nguyên nước
39993,DMT,quan-ly-tai-nguyen-nuoc,D01,Điểm thi THPT,2023,15.0,Quản lý tài nguyên nước
39994,DMT,quan-ly-tai-nguyen-nuoc,A00,Điểm học bạ,2024,18.0,Quản lý tài nguyên nước
39995,DMT,quan-ly-tai-nguyen-nuoc,A01,Điểm học bạ,2024,18.0,Quản lý tài nguyên nước
39996,DMT,quan-ly-tai-nguyen-nuoc,B00,Điểm học bạ,2024,18.0,Quản lý tài nguyên nước
39997,DMT,quan-ly-tai-nguyen-nuoc,D01,Điểm học bạ,2024,18.0,Quản lý tài nguyên nước
39998,DMT,quan-ly-tai-nguyen-nuoc,A00,Điểm thi THPT,2024,15.0,Quản lý tài nguyên nước
39999,DMT,quan-ly-tai-nguyen-nuoc,A01,Điểm thi THPT,2024,15.0,Quản lý tài nguyên nước
40000,DMT,quan-ly-tai-nguyen-nuoc,B00,Điểm thi THPT,2024,15.0,Quản lý tài nguyên nước
40001,DMT,quan-ly-tai-nguyen-nuoc,D01,Điểm thi THPT,2024,15.0,Quản lý tài nguyên nước
40002,DMT,quan-ly-tai-nguyen-nuoc,A00,Điểm học bạ,2025,18.0,Quản lý tài nguyên nước
40003,DMT,quan-ly-tai-nguyen-nuoc,A01,Điểm học bạ,2025,18.0,Quản lý tài nguyên nước
40004,DMT,quan-ly-tai-nguyen-nuoc,B00,Điểm học bạ,2025,18.0,Quản lý tài nguyên nước
40005,DMT,quan-ly-tai-nguyen-nuoc,B03,Điểm học bạ,2025,18.0,Quản lý tài nguyên nước
40006,DMT,quan-ly-tai-nguyen-nuoc,C01,Điểm học bạ,2025,18.0,Quản lý tài nguyên nước
40007,DMT,quan-ly-tai-nguyen-nuoc,C02,Điểm học bạ,2025,18.0,Quản lý tài nguyên nước
40008,DMT,quan-ly-tai-nguyen-nuoc,C03,Điểm học bạ,2025,18.0,Quản lý tài nguyên nước
40009,DMT,quan-ly-tai-nguyen-nuoc,C04,Điểm học bạ,2025,18.0,Quản lý tài nguyên nước
40010,DMT,quan-ly-tai-nguyen-nuoc,D01,Điểm học bạ,2025,18.0,Quản lý tài nguyên nước
40011,DMT,quan-ly-tai-nguyen-nuoc,X01,Điểm học bạ,2025,18.0,Quản lý tài nguyên nước
40012,DMT,quan-ly-tai-nguyen-nuoc,X02,Điểm học bạ,2025,18.0,Quản lý tài nguyên nước
40013,DMT,quan-ly-tai-nguyen-nuoc,X03,Điểm học bạ,2025,18.0,Quản lý tài nguyên nước
40014,DMT,quan-ly-tai-nguyen-nuoc,X04,Điểm học bạ,2025,18.0,Quản lý tài nguyên nước
40015,DMT,quan-ly-tai-nguyen-nuoc,A00,Điểm thi THPT,2025,15.0,Quản lý tài nguyên nước
40016,DMT,quan-ly-tai-nguyen-nuoc,A01,Điểm thi THPT,2025,15.0,Quản lý tài nguyên nước
40017,DMT,quan-ly-tai-nguyen-nuoc,B00,Điểm thi THPT,2025,15.0,Quản lý tài nguyên nước
40018,DMT,quan-ly-tai-nguyen-nuoc,B03,Điểm thi THPT,2025,15.0,Quản lý tài nguyên nước
40019,DMT,quan-ly-tai-nguyen-nuoc,C01,Điểm thi THPT,2025,15.0,Quản lý tài nguyên nước
40020,DMT,quan-ly-tai-nguyen-nuoc,C02,Điểm thi THPT,2025,15.0,Quản lý tài nguyên nước
40021,DMT,quan-ly-tai-nguyen-nuoc,C03,Điểm thi THPT,2025,15.0,Quản lý tài nguyên nước
40022,DMT,quan-ly-tai-nguyen-nuoc,C04,Điểm thi THPT,2025,15.0,Quản lý tài nguyên nước
40023,DMT,quan-ly-tai-nguyen-nuoc,D01,Điểm thi THPT,2025,15.0,Quản lý tài nguyên nước
40024,DMT,quan-ly-tai-nguyen-nuoc,X01,Điểm thi THPT,2025,15.0,Quản lý tài nguyên nước
40025,DMT,quan-ly-tai-nguyen-nuoc,X02,Điểm thi THPT,2025,15.0,Quản lý tài nguyên nước
40026,DMT,quan-ly-tai-nguyen-nuoc,X03,Điểm thi THPT,2025,15.0,Quản lý tài nguyên nước
40027,DMT,quan-ly-tai-nguyen-nuoc,X04,Điểm thi THPT,2025,15.0,Quản lý tài nguyên nước
40028,DMT,quan-ly-tai-nguyen-va-moi-truong,A00,Điểm học bạ,2021,18.0,Quản lý tài nguyên và môi trường
40029,DMT,quan-ly-tai-nguyen-va-moi-truong,B00,Điểm học bạ,2021,18.0,Quản lý tài nguyên và môi trường
40030,DMT,quan-ly-tai-nguyen-va-moi-truong,D01,Điểm học bạ,2021,18.0,Quản lý tài nguyên và môi trường
40031,DMT,quan-ly-tai-nguyen-va-moi-truong,D15,Điểm học bạ,2021,18.0,Quản lý tài nguyên và môi trường
40032,DMT,quan-ly-tai-nguyen-va-moi-truong,A00,Điểm thi THPT,2021,15.0,Quản lý tài nguyên và môi trường
40033,DMT,quan-ly-tai-nguyen-va-moi-truong,B00,Điểm thi THPT,2021,15.0,Quản lý tài nguyên và môi trường
40034,DMT,quan-ly-tai-nguyen-va-moi-truong,D01,Điểm thi THPT,2021,15.0,Quản lý tài nguyên và môi trường
40035,DMT,quan-ly-tai-nguyen-va-moi-truong,D15,Điểm thi THPT,2021,15.0,Quản lý tài nguyên và môi trường
40036,DMT,quan-ly-tai-nguyen-va-moi-truong,A00,Điểm học bạ,2022,18.0,Quản lý tài nguyên và môi trường
40037,DMT,quan-ly-tai-nguyen-va-moi-truong,B00,Điểm học bạ,2022,18.0,Quản lý tài nguyên và môi trường
40038,DMT,quan-ly-tai-nguyen-va-moi-truong,D01,Điểm học bạ,2022,18.0,Quản lý tài nguyên và môi trường
40039,DMT,quan-ly-tai-nguyen-va-moi-truong,D15,Điểm học bạ,2022,18.0,Quản lý tài nguyên và môi trường
40040,DMT,quan-ly-tai-nguyen-va-moi-truong,A00,Điểm thi THPT,2022,15.0,Quản lý tài nguyên và môi trường
40041,DMT,quan-ly-tai-nguyen-va-moi-truong,B00,Điểm thi THPT,2022,15.0,Quản lý tài nguyên và môi trường
40042,DMT,quan-ly-tai-nguyen-va-moi-truong,D01,Điểm thi THPT,2022,15.0,Quản lý tài nguyên và môi trường
40043,DMT,quan-ly-tai-nguyen-va-moi-truong,D15,Điểm thi THPT,2022,15.0,Quản lý tài nguyên và môi trường
40044,DMT,quan-ly-tai-nguyen-va-moi-truong,A00,Điểm học bạ,2023,23.0,Quản lý tài nguyên và môi trường
40045,DMT,quan-ly-tai-nguyen-va-moi-truong,B00,Điểm học bạ,2023,23.0,Quản lý tài nguyên và môi trường
40046,DMT,quan-ly-tai-nguyen-va-moi-truong,D01,Điểm học bạ,2023,23.0,Quản lý tài nguyên và môi trường
40047,DMT,quan-ly-tai-nguyen-va-moi-truong,D15,Điểm học bạ,2023,23.0,Quản lý tài nguyên và môi trường
40048,DMT,quan-ly-tai-nguyen-va-moi-truong,A00,Điểm thi THPT,2023,21.0,Quản lý tài nguyên và môi trường
40049,DMT,quan-ly-tai-nguyen-va-moi-truong,B00,Điểm thi THPT,2023,21.0,Quản lý tài nguyên và môi trường
40050,DMT,quan-ly-tai-nguyen-va-moi-truong,D01,Điểm thi THPT,2023,21.0,Quản lý tài nguyên và môi trường
40051,DMT,quan-ly-tai-nguyen-va-moi-truong,D15,Điểm thi THPT,2023,21.0,Quản lý tài nguyên và môi trường
40052,DMT,quan-ly-tai-nguyen-va-moi-truong,A00,Điểm học bạ,2024,18.0,Quản lý tài nguyên và Môi trường
40053,DMT,quan-ly-tai-nguyen-va-moi-truong,B00,Điểm học bạ,2024,18.0,Quản lý tài nguyên và Môi trường
40054,DMT,quan-ly-tai-nguyen-va-moi-truong,D01,Điểm học bạ,2024,18.0,Quản lý tài nguyên và Môi trường
40055,DMT,quan-ly-tai-nguyen-va-moi-truong,D15,Điểm học bạ,2024,18.0,Quản lý tài nguyên và Môi trường
40056,DMT,quan-ly-tai-nguyen-va-moi-truong,A00,Điểm thi THPT,2024,15.0,Quản lý tài nguyên và Môi trường
40057,DMT,quan-ly-tai-nguyen-va-moi-truong,B00,Điểm thi THPT,2024,15.0,Quản lý tài nguyên và Môi trường
40058,DMT,quan-ly-tai-nguyen-va-moi-truong,D01,Điểm thi THPT,2024,15.0,Quản lý tài nguyên và Môi trường
40059,DMT,quan-ly-tai-nguyen-va-moi-truong,D15,Điểm thi THPT,2024,15.0,Quản lý tài nguyên và Môi trường
40060,DMT,quan-ly-tai-nguyen-va-moi-truong,A00,Điểm học bạ,2025,23.0,Quản lý tài nguyên và môi trường
40061,DMT,quan-ly-tai-nguyen-va-moi-truong,B00,Điểm học bạ,2025,23.0,Quản lý tài nguyên và môi trường
40062,DMT,quan-ly-tai-nguyen-va-moi-truong,B03,Điểm học bạ,2025,23.0,Quản lý tài nguyên và môi trường
40063,DMT,quan-ly-tai-nguyen-va-moi-truong,C01,Điểm học bạ,2025,23.0,Quản lý tài nguyên và môi trường
40064,DMT,quan-ly-tai-nguyen-va-moi-truong,C02,Điểm học bạ,2025,23.0,Quản lý tài nguyên và môi trường
40065,DMT,quan-ly-tai-nguyen-va-moi-truong,C03,Điểm học bạ,2025,23.0,Quản lý tài nguyên và môi trường
40066,DMT,quan-ly-tai-nguyen-va-moi-truong,C04,Điểm học bạ,2025,23.0,Quản lý tài nguyên và môi trường
40067,DMT,quan-ly-tai-nguyen-va-moi-truong,D01,Điểm học bạ,2025,23.0,Quản lý tài nguyên và môi trường
40068,DMT,quan-ly-tai-nguyen-va-moi-truong,D15,Điểm học bạ,2025,23.0,Quản lý tài nguyên và môi trường
40069,DMT,quan-ly-tai-nguyen-va-moi-truong,X01,Điểm học bạ,2025,23.0,Quản lý tài nguyên và môi trường
40070,DMT,quan-ly-tai-nguyen-va-moi-truong,X02,Điểm học bạ,2025,23.0,Quản lý tài nguyên và môi trường
40071,DMT,quan-ly-tai-nguyen-va-moi-truong,X03,Điểm học bạ,2025,23.0,Quản lý tài nguyên và môi trường
40072,DMT,quan-ly-tai-nguyen-va-moi-truong,X04,Điểm học bạ,2025,23.0,Quản lý tài nguyên và môi trường
40073,DMT,quan-ly-tai-nguyen-va-moi-truong,A00,Điểm thi THPT,2025,21.25,Quản lý tài nguyên và môi trường
40074,DMT,quan-ly-tai-nguyen-va-moi-truong,B00,Điểm thi THPT,2025,21.25,Quản lý tài nguyên và môi trường
40075,DMT,quan-ly-tai-nguyen-va-moi-truong,B03,Điểm thi THPT,2025,21.25,Quản lý tài nguyên và môi trường
40076,DMT,quan-ly-tai-nguyen-va-moi-truong,C01,Điểm thi THPT,2025,21.25,Quản lý tài nguyên và môi trường
40077,DMT,quan-ly-tai-nguyen-va-moi-truong,C02,Điểm thi THPT,2025,21.25,Quản lý tài nguyên và môi trường
40078,DMT,quan-ly-tai-nguyen-va-moi-truong,C03,Điểm thi THPT,2025,21.25,Quản lý tài nguyên và môi trường
40079,DMT,quan-ly-tai-nguyen-va-moi-truong,C04,Điểm thi THPT,2025,21.25,Quản lý tài nguyên và môi trường
40080,DMT,quan-ly-tai-nguyen-va-moi-truong,D01,Điểm thi THPT,2025,21.25,Quản lý tài nguyên và môi trường
40081,DMT,quan-ly-tai-nguyen-va-moi-truong,D15,Điểm thi THPT,2025,21.25,Quản lý tài nguyên và môi trường
40082,DMT,quan-ly-tai-nguyen-va-moi-truong,X01,Điểm thi THPT,2025,21.25,Quản lý tài nguyên và môi trường
40083,DMT,quan-ly-tai-nguyen-va-moi-truong,X02,Điểm thi THPT,2025,21.25,Quản lý tài nguyên và môi trường
40084,DMT,quan-ly-tai-nguyen-va-moi-truong,X03,Điểm thi THPT,2025,21.25,Quản lý tài nguyên và môi trường
40085,DMT,quan-ly-tai-nguyen-va-moi-truong,X04,Điểm thi THPT,2025,21.25,Quản lý tài nguyên và môi trường
40086,DMT,quan-tri-dich-vu-du-lich-va-lu-hanh,A00,Điểm học bạ,2021,18.0,Quản trị dịch vụ du lịch và Lữ hành
40087,DMT,quan-tri-dich-vu-du-lich-va-lu-hanh,A01,Điểm học bạ,2021,18.0,Quản trị dịch vụ du lịch và Lữ hành
40088,DMT,quan-tri-dich-vu-du-lich-va-lu-hanh,C00,Điểm học bạ,2021,18.0,Quản trị dịch vụ du lịch và Lữ hành
40089,DMT,quan-tri-dich-vu-du-lich-va-lu-hanh,D01,Điểm học bạ,2021,18.0,Quản trị dịch vụ du lịch và Lữ hành
40090,DMT,quan-tri-dich-vu-du-lich-va-lu-hanh,A00,Điểm thi THPT,2021,15.0,Quản trị dịch vụ du lịch và Lữ hành
40091,DMT,quan-tri-dich-vu-du-lich-va-lu-hanh,A01,Điểm thi THPT,2021,15.0,Quản trị dịch vụ du lịch và Lữ hành
40092,DMT,quan-tri-dich-vu-du-lich-va-lu-hanh,C00,Điểm thi THPT,2021,15.0,Quản trị dịch vụ du lịch và Lữ hành
40093,DMT,quan-tri-dich-vu-du-lich-va-lu-hanh,D01,Điểm thi THPT,2021,15.0,Quản trị dịch vụ du lịch và Lữ hành
40094,DMT,quan-tri-dich-vu-du-lich-va-lu-hanh,A00,Điểm học bạ,2022,18.0,Quản trị dịch vụ du lịch và lữ hành
40095,DMT,quan-tri-dich-vu-du-lich-va-lu-hanh,A01,Điểm học bạ,2022,18.0,Quản trị dịch vụ du lịch và lữ hành
40096,DMT,quan-tri-dich-vu-du-lich-va-lu-hanh,C00,Điểm học bạ,2022,18.0,Quản trị dịch vụ du lịch và lữ hành
40097,DMT,quan-tri-dich-vu-du-lich-va-lu-hanh,D01,Điểm học bạ,2022,18.0,Quản trị dịch vụ du lịch và lữ hành
40098,DMT,quan-tri-dich-vu-du-lich-va-lu-hanh,A00,Điểm thi THPT,2022,15.0,Quản trị dịch vụ du lịch và lữ hành
40099,DMT,quan-tri-dich-vu-du-lich-va-lu-hanh,A01,Điểm thi THPT,2022,15.0,Quản trị dịch vụ du lịch và lữ hành
40100,DMT,quan-tri-dich-vu-du-lich-va-lu-hanh,C00,Điểm thi THPT,2022,15.0,Quản trị dịch vụ du lịch và lữ hành
40101,DMT,quan-tri-dich-vu-du-lich-va-lu-hanh,D01,Điểm thi THPT,2022,15.0,Quản trị dịch vụ du lịch và lữ hành
40102,DMT,quan-tri-dich-vu-du-lich-va-lu-hanh,A00,Điểm học bạ,2023,18.0,Quản trị dịch vụ du lịch và lữ hành
40103,DMT,quan-tri-dich-vu-du-lich-va-lu-hanh,A01,Điểm học bạ,2023,18.0,Quản trị dịch vụ du lịch và lữ hành
40104,DMT,quan-tri-dich-vu-du-lich-va-lu-hanh,C00,Điểm học bạ,2023,18.0,Quản trị dịch vụ du lịch và lữ hành
40105,DMT,quan-tri-dich-vu-du-lich-va-lu-hanh,D01,Điểm học bạ,2023,18.0,Quản trị dịch vụ du lịch và lữ hành
40106,DMT,quan-tri-dich-vu-du-lich-va-lu-hanh,A00,Điểm thi THPT,2023,15.0,Quản trị dịch vụ du lịch và lữ hành
40107,DMT,quan-tri-dich-vu-du-lich-va-lu-hanh,A01,Điểm thi THPT,2023,15.0,Quản trị dịch vụ du lịch và lữ hành
40108,DMT,quan-tri-dich-vu-du-lich-va-lu-hanh,C00,Điểm thi THPT,2023,15.0,Quản trị dịch vụ du lịch và lữ hành
40109,DMT,quan-tri-dich-vu-du-lich-va-lu-hanh,D01,Điểm thi THPT,2023,15.0,Quản trị dịch vụ du lịch và lữ hành
40110,DMT,quan-tri-dich-vu-du-lich-va-lu-hanh,A00,Điểm học bạ,2024,18.0,Quản trị dịch vụ du lịch và Lữ hành
40111,DMT,quan-tri-dich-vu-du-lich-va-lu-hanh,A01,Điểm học bạ,2024,18.0,Quản trị dịch vụ du lịch và Lữ hành
40112,DMT,quan-tri-dich-vu-du-lich-va-lu-hanh,C00,Điểm học bạ,2024,18.0,Quản trị dịch vụ du lịch và Lữ hành
40113,DMT,quan-tri-dich-vu-du-lich-va-lu-hanh,D01,Điểm học bạ,2024,18.0,Quản trị dịch vụ du lịch và Lữ hành
40114,DMT,quan-tri-dich-vu-du-lich-va-lu-hanh,A00,Điểm thi THPT,2024,15.0,Quản trị dịch vụ du lịch và Lữ hành
40115,DMT,quan-tri-dich-vu-du-lich-va-lu-hanh,A01,Điểm thi THPT,2024,15.0,Quản trị dịch vụ du lịch và Lữ hành
40116,DMT,quan-tri-dich-vu-du-lich-va-lu-hanh,C00,Điểm thi THPT,2024,15.0,Quản trị dịch vụ du lịch và Lữ hành
40117,DMT,quan-tri-dich-vu-du-lich-va-lu-hanh,D01,Điểm thi THPT,2024,15.0,Quản trị dịch vụ du lịch và Lữ hành
40118,DMT,quan-tri-dich-vu-du-lich-va-lu-hanh,A00,Điểm học bạ,2025,26.48,Quản trị dịch vụ du lịch và lữ hành
40119,DMT,quan-tri-dich-vu-du-lich-va-lu-hanh,A01,Điểm học bạ,2025,26.48,Quản trị dịch vụ du lịch và lữ hành
40120,DMT,quan-tri-dich-vu-du-lich-va-lu-hanh,B03,Điểm học bạ,2025,26.48,Quản trị dịch vụ du lịch và lữ hành
40121,DMT,quan-tri-dich-vu-du-lich-va-lu-hanh,C00,Điểm học bạ,2025,26.48,Quản trị dịch vụ du lịch và lữ hành
40122,DMT,quan-tri-dich-vu-du-lich-va-lu-hanh,C01,Điểm học bạ,2025,26.48,Quản trị dịch vụ du lịch và lữ hành
40123,DMT,quan-tri-dich-vu-du-lich-va-lu-hanh,C02,Điểm học bạ,2025,26.48,Quản trị dịch vụ du lịch và lữ hành
40124,DMT,quan-tri-dich-vu-du-lich-va-lu-hanh,C03,Điểm học bạ,2025,26.48,Quản trị dịch vụ du lịch và lữ hành
40125,DMT,quan-tri-dich-vu-du-lich-va-lu-hanh,C04,Điểm học bạ,2025,26.48,Quản trị dịch vụ du lịch và lữ hành
40126,DMT,quan-tri-dich-vu-du-lich-va-lu-hanh,D01,Điểm học bạ,2025,26.48,Quản trị dịch vụ du lịch và lữ hành
40127,DMT,quan-tri-dich-vu-du-lich-va-lu-hanh,X01,Điểm học bạ,2025,26.48,Quản trị dịch vụ du lịch và lữ hành
40128,DMT,quan-tri-dich-vu-du-lich-va-lu-hanh,X02,Điểm học bạ,2025,26.48,Quản trị dịch vụ du lịch và lữ hành
40129,DMT,quan-tri-dich-vu-du-lich-va-lu-hanh,X03,Điểm học bạ,2025,26.48,Quản trị dịch vụ du lịch và lữ hành
40130,DMT,quan-tri-dich-vu-du-lich-va-lu-hanh,X04,Điểm học bạ,2025,26.48,Quản trị dịch vụ du lịch và lữ hành
40131,DMT,quan-tri-dich-vu-du-lich-va-lu-hanh,A00,Điểm thi THPT,2025,25.6,Quản trị dịch vụ du lịch và lữ hành
40132,DMT,quan-tri-dich-vu-du-lich-va-lu-hanh,A01,Điểm thi THPT,2025,25.6,Quản trị dịch vụ du lịch và lữ hành
40133,DMT,quan-tri-dich-vu-du-lich-va-lu-hanh,B03,Điểm thi THPT,2025,25.6,Quản trị dịch vụ du lịch và lữ hành
40134,DMT,quan-tri-dich-vu-du-lich-va-lu-hanh,C00,Điểm thi THPT,2025,25.6,Quản trị dịch vụ du lịch và lữ hành
40135,DMT,quan-tri-dich-vu-du-lich-va-lu-hanh,C01,Điểm thi THPT,2025,25.6,Quản trị dịch vụ du lịch và lữ hành
40136,DMT,quan-tri-dich-vu-du-lich-va-lu-hanh,C02,Điểm thi THPT,2025,25.6,Quản trị dịch vụ du lịch và lữ hành
40137,DMT,quan-tri-dich-vu-du-lich-va-lu-hanh,C03,Điểm thi THPT,2025,25.6,Quản trị dịch vụ du lịch và lữ hành
40138,DMT,quan-tri-dich-vu-du-lich-va-lu-hanh,C04,Điểm thi THPT,2025,25.6,Quản trị dịch vụ du lịch và lữ hành
40139,DMT,quan-tri-dich-vu-du-lich-va-lu-hanh,D01,Điểm thi THPT,2025,25.6,Quản trị dịch vụ du lịch và lữ hành
40140,DMT,quan-tri-dich-vu-du-lich-va-lu-hanh,X01,Điểm thi THPT,2025,25.6,Quản trị dịch vụ du lịch và lữ hành
40141,DMT,quan-tri-dich-vu-du-lich-va-lu-hanh,X02,Điểm thi THPT,2025,25.6,Quản trị dịch vụ du lịch và lữ hành
40142,DMT,quan-tri-dich-vu-du-lich-va-lu-hanh,X03,Điểm thi THPT,2025,25.6,Quản trị dịch vụ du lịch và lữ hành
40143,DMT,quan-tri-dich-vu-du-lich-va-lu-hanh,X04,Điểm thi THPT,2025,25.6,Quản trị dịch vụ du lịch và lữ hành
40144,DMT,quan-tri-khach-san,A00,Điểm học bạ,2021,18.0,Quản trị khách sạn
40145,DMT,quan-tri-khach-san,A01,Điểm học bạ,2021,18.0,Quản trị khách sạn
40146,DMT,quan-tri-khach-san,C00,Điểm học bạ,2021,18.0,Quản trị khách sạn
40147,DMT,quan-tri-khach-san,D01,Điểm học bạ,2021,18.0,Quản trị khách sạn
40148,DMT,quan-tri-khach-san,A00,Điểm thi THPT,2021,24.5,Quản trị khách sạn
40149,DMT,quan-tri-khach-san,A01,Điểm thi THPT,2021,24.5,Quản trị khách sạn
40150,DMT,quan-tri-khach-san,C00,Điểm thi THPT,2021,24.5,Quản trị khách sạn
40151,DMT,quan-tri-khach-san,D01,Điểm thi THPT,2021,24.5,Quản trị khách sạn
40152,DMT,quan-tri-khach-san,A00,Điểm học bạ,2022,26.0,Quản trị khách sạn
40153,DMT,quan-tri-khach-san,A01,Điểm học bạ,2022,26.0,Quản trị khách sạn
40154,DMT,quan-tri-khach-san,C00,Điểm học bạ,2022,26.0,Quản trị khách sạn
40155,DMT,quan-tri-khach-san,D01,Điểm học bạ,2022,26.0,Quản trị khách sạn
40156,DMT,quan-tri-khach-san,A00,Điểm thi THPT,2022,25.25,Quản trị khách sạn
40157,DMT,quan-tri-khach-san,A01,Điểm thi THPT,2022,25.25,Quản trị khách sạn
40158,DMT,quan-tri-khach-san,C00,Điểm thi THPT,2022,25.25,Quản trị khách sạn
40159,DMT,quan-tri-khach-san,D01,Điểm thi THPT,2022,25.25,Quản trị khách sạn
40160,DMT,quan-tri-khach-san,A00,Điểm học bạ,2023,24.75,Quản trị khách sạn
40161,DMT,quan-tri-khach-san,A01,Điểm học bạ,2023,24.75,Quản trị khách sạn
40162,DMT,quan-tri-khach-san,C00,Điểm học bạ,2023,24.75,Quản trị khách sạn
40163,DMT,quan-tri-khach-san,D01,Điểm học bạ,2023,24.75,Quản trị khách sạn
40164,DMT,quan-tri-khach-san,A00,Điểm thi THPT,2023,22.75,Quản trị khách sạn
40165,DMT,quan-tri-khach-san,A01,Điểm thi THPT,2023,22.75,Quản trị khách sạn
40166,DMT,quan-tri-khach-san,C00,Điểm thi THPT,2023,22.75,Quản trị khách sạn
40167,DMT,quan-tri-khach-san,D01,Điểm thi THPT,2023,22.75,Quản trị khách sạn
40168,DMT,quan-tri-khach-san,A00,Điểm học bạ,2024,27.0,Quản trị khách sạn
40169,DMT,quan-tri-khach-san,A01,Điểm học bạ,2024,27.0,Quản trị khách sạn
40170,DMT,quan-tri-khach-san,C00,Điểm học bạ,2024,27.0,Quản trị khách sạn
40171,DMT,quan-tri-khach-san,D01,Điểm học bạ,2024,27.0,Quản trị khách sạn
40172,DMT,quan-tri-khach-san,A00,Điểm thi THPT,2024,25.45,Quản trị khách sạn
40173,DMT,quan-tri-khach-san,A01,Điểm thi THPT,2024,25.45,Quản trị khách sạn
40174,DMT,quan-tri-khach-san,C00,Điểm thi THPT,2024,25.45,Quản trị khách sạn
40175,DMT,quan-tri-khach-san,D01,Điểm thi THPT,2024,25.45,Quản trị khách sạn
40176,DMT,quan-tri-khach-san,A00,Điểm học bạ,2025,26.48,Quản trị khách sạn
40177,DMT,quan-tri-khach-san,A01,Điểm học bạ,2025,26.48,Quản trị khách sạn
40178,DMT,quan-tri-khach-san,B03,Điểm học bạ,2025,26.48,Quản trị khách sạn
40179,DMT,quan-tri-khach-san,C00,Điểm học bạ,2025,26.48,Quản trị khách sạn
40180,DMT,quan-tri-khach-san,C01,Điểm học bạ,2025,26.48,Quản trị khách sạn
40181,DMT,quan-tri-khach-san,C02,Điểm học bạ,2025,26.48,Quản trị khách sạn
40182,DMT,quan-tri-khach-san,C03,Điểm học bạ,2025,26.48,Quản trị khách sạn
40183,DMT,quan-tri-khach-san,C04,Điểm học bạ,2025,26.48,Quản trị khách sạn
40184,DMT,quan-tri-khach-san,D01,Điểm học bạ,2025,26.48,Quản trị khách sạn
40185,DMT,quan-tri-khach-san,X01,Điểm học bạ,2025,26.48,Quản trị khách sạn
40186,DMT,quan-tri-khach-san,X02,Điểm học bạ,2025,26.48,Quản trị khách sạn
40187,DMT,quan-tri-khach-san,X03,Điểm học bạ,2025,26.48,Quản trị khách sạn
40188,DMT,quan-tri-khach-san,X04,Điểm học bạ,2025,26.48,Quản trị khách sạn
40189,DMT,quan-tri-khach-san,A00,Điểm thi THPT,2025,25.6,Quản trị khách sạn
40190,DMT,quan-tri-khach-san,A01,Điểm thi THPT,2025,25.6,Quản trị khách sạn
40191,DMT,quan-tri-khach-san,B03,Điểm thi THPT,2025,25.6,Quản trị khách sạn
40192,DMT,quan-tri-khach-san,C00,Điểm thi THPT,2025,25.6,Quản trị khách sạn
40193,DMT,quan-tri-khach-san,C01,Điểm thi THPT,2025,25.6,Quản trị khách sạn
40194,DMT,quan-tri-khach-san,C02,Điểm thi THPT,2025,25.6,Quản trị khách sạn
40195,DMT,quan-tri-khach-san,C03,Điểm thi THPT,2025,25.6,Quản trị khách sạn
40196,DMT,quan-tri-khach-san,C04,Điểm thi THPT,2025,25.6,Quản trị khách sạn
40197,DMT,quan-tri-khach-san,D01,Điểm thi THPT,2025,25.6,Quản trị khách sạn
40198,DMT,quan-tri-khach-san,X01,Điểm thi THPT,2025,25.6,Quản trị khách sạn
40199,DMT,quan-tri-khach-san,X02,Điểm thi THPT,2025,25.6,Quản trị khách sạn
40200,DMT,quan-tri-khach-san,X03,Điểm thi THPT,2025,25.6,Quản trị khách sạn
40201,DMT,quan-tri-khach-san,X04,Điểm thi THPT,2025,25.6,Quản trị khách sạn
40202,DMT,quan-tri-kinh-doanh,A00,Điểm học bạ,2021,18.0,Quản trị kinh doanh
40203,DMT,quan-tri-kinh-doanh,A01,Điểm học bạ,2021,18.0,Quản trị kinh doanh
40204,DMT,quan-tri-kinh-doanh,C00,Điểm học bạ,2021,18.0,Quản trị kinh doanh
40205,DMT,quan-tri-kinh-doanh,D01,Điểm học bạ,2021,18.0,Quản trị kinh doanh
40206,DMT,quan-tri-kinh-doanh,A00,Điểm thi THPT,2021,25.75,Quản trị kinh doanh
40207,DMT,quan-tri-kinh-doanh,A01,Điểm thi THPT,2021,25.75,Quản trị kinh doanh
40208,DMT,quan-tri-kinh-doanh,C00,Điểm thi THPT,2021,25.75,Quản trị kinh doanh
40209,DMT,quan-tri-kinh-doanh,D01,Điểm thi THPT,2021,25.75,Quản trị kinh doanh
40210,DMT,quan-tri-kinh-doanh,A00,Điểm học bạ,2022,27.0,Quản trị kinh doanh
40211,DMT,quan-tri-kinh-doanh,A01,Điểm học bạ,2022,27.0,Quản trị kinh doanh
40212,DMT,quan-tri-kinh-doanh,C00,Điểm học bạ,2022,27.0,Quản trị kinh doanh
40213,DMT,quan-tri-kinh-doanh,D01,Điểm học bạ,2022,27.0,Quản trị kinh doanh
40214,DMT,quan-tri-kinh-doanh,A00,Điểm thi THPT,2022,27.0,Quản trị kinh doanh
40215,DMT,quan-tri-kinh-doanh,A01,Điểm thi THPT,2022,27.0,Quản trị kinh doanh
40216,DMT,quan-tri-kinh-doanh,C00,Điểm thi THPT,2022,27.0,Quản trị kinh doanh
40217,DMT,quan-tri-kinh-doanh,D01,Điểm thi THPT,2022,27.0,Quản trị kinh doanh
40218,DMT,quan-tri-kinh-doanh,A00,Điểm học bạ,2023,26.0,Quản trị kinh doanh
40219,DMT,quan-tri-kinh-doanh,A01,Điểm học bạ,2023,26.0,Quản trị kinh doanh
40220,DMT,quan-tri-kinh-doanh,C00,Điểm học bạ,2023,26.0,Quản trị kinh doanh
40221,DMT,quan-tri-kinh-doanh,D01,Điểm học bạ,2023,26.0,Quản trị kinh doanh
40222,DMT,quan-tri-kinh-doanh,A00,Điểm thi THPT,2023,23.75,Quản trị kinh doanh
40223,DMT,quan-tri-kinh-doanh,A01,Điểm thi THPT,2023,23.75,Quản trị kinh doanh
40224,DMT,quan-tri-kinh-doanh,C00,Điểm thi THPT,2023,23.75,Quản trị kinh doanh
40225,DMT,quan-tri-kinh-doanh,D01,Điểm thi THPT,2023,23.75,Quản trị kinh doanh
40226,DMT,quan-tri-kinh-doanh,A00,Điểm học bạ,2024,27.0,Quản trị kinh doanh
40227,DMT,quan-tri-kinh-doanh,A01,Điểm học bạ,2024,27.0,Quản trị kinh doanh
40228,DMT,quan-tri-kinh-doanh,C00,Điểm học bạ,2024,27.0,Quản trị kinh doanh
40229,DMT,quan-tri-kinh-doanh,D01,Điểm học bạ,2024,27.0,Quản trị kinh doanh
40230,DMT,quan-tri-kinh-doanh,A00,Điểm thi THPT,2024,25.75,Quản trị kinh doanh
40231,DMT,quan-tri-kinh-doanh,A01,Điểm thi THPT,2024,25.75,Quản trị kinh doanh
40232,DMT,quan-tri-kinh-doanh,C00,Điểm thi THPT,2024,25.75,Quản trị kinh doanh
40233,DMT,quan-tri-kinh-doanh,D01,Điểm thi THPT,2024,25.75,Quản trị kinh doanh
40234,DMT,quan-tri-kinh-doanh,A00,Điểm học bạ,2025,26.8,Quản trị kinh doanh
40235,DMT,quan-tri-kinh-doanh,A01,Điểm học bạ,2025,26.8,Quản trị kinh doanh
40236,DMT,quan-tri-kinh-doanh,B03,Điểm học bạ,2025,26.8,Quản trị kinh doanh
40237,DMT,quan-tri-kinh-doanh,C00,Điểm học bạ,2025,26.8,Quản trị kinh doanh
40238,DMT,quan-tri-kinh-doanh,C01,Điểm học bạ,2025,26.8,Quản trị kinh doanh
40239,DMT,quan-tri-kinh-doanh,C02,Điểm học bạ,2025,26.8,Quản trị kinh doanh
40240,DMT,quan-tri-kinh-doanh,C03,Điểm học bạ,2025,26.8,Quản trị kinh doanh
40241,DMT,quan-tri-kinh-doanh,C04,Điểm học bạ,2025,26.8,Quản trị kinh doanh
40242,DMT,quan-tri-kinh-doanh,D01,Điểm học bạ,2025,26.8,Quản trị kinh doanh
40243,DMT,quan-tri-kinh-doanh,X01,Điểm học bạ,2025,26.8,Quản trị kinh doanh
40244,DMT,quan-tri-kinh-doanh,X02,Điểm học bạ,2025,26.8,Quản trị kinh doanh
40245,DMT,quan-tri-kinh-doanh,X03,Điểm học bạ,2025,26.8,Quản trị kinh doanh
40246,DMT,quan-tri-kinh-doanh,X04,Điểm học bạ,2025,26.8,Quản trị kinh doanh
40247,DMT,quan-tri-kinh-doanh,A00,Điểm thi THPT,2025,26.0,Quản trị kinh doanh
40248,DMT,quan-tri-kinh-doanh,A01,Điểm thi THPT,2025,26.0,Quản trị kinh doanh
40249,DMT,quan-tri-kinh-doanh,B03,Điểm thi THPT,2025,26.0,Quản trị kinh doanh
40250,DMT,quan-tri-kinh-doanh,C00,Điểm thi THPT,2025,26.0,Quản trị kinh doanh
40251,DMT,quan-tri-kinh-doanh,C01,Điểm thi THPT,2025,26.0,Quản trị kinh doanh
40252,DMT,quan-tri-kinh-doanh,C02,Điểm thi THPT,2025,26.0,Quản trị kinh doanh
40253,DMT,quan-tri-kinh-doanh,C03,Điểm thi THPT,2025,26.0,Quản trị kinh doanh
40254,DMT,quan-tri-kinh-doanh,C04,Điểm thi THPT,2025,26.0,Quản trị kinh doanh
40255,DMT,quan-tri-kinh-doanh,D01,Điểm thi THPT,2025,26.0,Quản trị kinh doanh
40256,DMT,quan-tri-kinh-doanh,X01,Điểm thi THPT,2025,26.0,Quản trị kinh doanh
40257,DMT,quan-tri-kinh-doanh,X02,Điểm thi THPT,2025,26.0,Quản trị kinh doanh
40258,DMT,quan-tri-kinh-doanh,X03,Điểm thi THPT,2025,26.0,Quản trị kinh doanh
40259,DMT,quan-tri-kinh-doanh,X04,Điểm thi THPT,2025,26.0,Quản trị kinh doanh
40260,DMT,sinh-hoc-ung-dung,A00,Điểm học bạ,2021,18.0,Sinh học ứng dụng
40261,DMT,sinh-hoc-ung-dung,A01,Điểm học bạ,2021,18.0,Sinh học ứng dụng
40262,DMT,sinh-hoc-ung-dung,B00,Điểm học bạ,2021,18.0,Sinh học ứng dụng
40263,DMT,sinh-hoc-ung-dung,D08,Điểm học bạ,2021,18.0,Sinh học ứng dụng
40264,DMT,sinh-hoc-ung-dung,A00,Điểm thi THPT,2021,15.0,Sinh học ứng dụng
40265,DMT,sinh-hoc-ung-dung,A01,Điểm thi THPT,2021,15.0,Sinh học ứng dụng
40266,DMT,sinh-hoc-ung-dung,B00,Điểm thi THPT,2021,15.0,Sinh học ứng dụng
40267,DMT,sinh-hoc-ung-dung,D08,Điểm thi THPT,2021,15.0,Sinh học ứng dụng
40268,DMT,sinh-hoc-ung-dung,A00,Điểm học bạ,2022,18.0,Sinh học ứng dụng
40269,DMT,sinh-hoc-ung-dung,B00,Điểm học bạ,2022,18.0,Sinh học ứng dụng
40270,DMT,sinh-hoc-ung-dung,D01,Điểm học bạ,2022,18.0,Sinh học ứng dụng
40271,DMT,sinh-hoc-ung-dung,D08,Điểm học bạ,2022,18.0,Sinh học ứng dụng
40272,DMT,sinh-hoc-ung-dung,A00,Điểm thi THPT,2022,15.0,Sinh học ứng dụng
40273,DMT,sinh-hoc-ung-dung,B00,Điểm thi THPT,2022,15.0,Sinh học ứng dụng
40274,DMT,sinh-hoc-ung-dung,D01,Điểm thi THPT,2022,15.0,Sinh học ứng dụng
40275,DMT,sinh-hoc-ung-dung,D08,Điểm thi THPT,2022,15.0,Sinh học ứng dụng
40276,DMT,sinh-hoc-ung-dung,A01,Điểm học bạ,2023,18.0,Sinh học ứng dụng
40277,DMT,sinh-hoc-ung-dung,B00,Điểm học bạ,2023,18.0,Sinh học ứng dụng
40278,DMT,sinh-hoc-ung-dung,D01,Điểm học bạ,2023,18.0,Sinh học ứng dụng
40279,DMT,sinh-hoc-ung-dung,D08,Điểm học bạ,2023,18.0,Sinh học ứng dụng
40280,DMT,sinh-hoc-ung-dung,A01,Điểm thi THPT,2023,15.0,Sinh học ứng dụng
40281,DMT,sinh-hoc-ung-dung,B00,Điểm thi THPT,2023,15.0,Sinh học ứng dụng
40282,DMT,sinh-hoc-ung-dung,D01,Điểm thi THPT,2023,15.0,Sinh học ứng dụng
40283,DMT,sinh-hoc-ung-dung,D08,Điểm thi THPT,2023,15.0,Sinh học ứng dụng
40284,DMT,sinh-hoc-ung-dung,A01,Điểm học bạ,2024,18.0,Sinh học ứng dụng
40285,DMT,sinh-hoc-ung-dung,B00,Điểm học bạ,2024,18.0,Sinh học ứng dụng
40286,DMT,sinh-hoc-ung-dung,D01,Điểm học bạ,2024,18.0,Sinh học ứng dụng
40287,DMT,sinh-hoc-ung-dung,D08,Điểm học bạ,2024,18.0,Sinh học ứng dụng
40288,DMT,sinh-hoc-ung-dung,A01,Điểm thi THPT,2024,15.0,Sinh học ứng dụng
40289,DMT,sinh-hoc-ung-dung,B00,Điểm thi THPT,2024,15.0,Sinh học ứng dụng
40290,DMT,sinh-hoc-ung-dung,D01,Điểm thi THPT,2024,15.0,Sinh học ứng dụng
40291,DMT,sinh-hoc-ung-dung,D08,Điểm thi THPT,2024,15.0,Sinh học ứng dụng
40292,DMT,thuy-van-hoc,A00,Điểm học bạ,2021,18.0,Thủy văn học
40293,DMT,thuy-van-hoc,A01,Điểm học bạ,2021,18.0,Thủy văn học
40294,DMT,thuy-van-hoc,B00,Điểm học bạ,2021,18.0,Thủy văn học
40295,DMT,thuy-van-hoc,D01,Điểm học bạ,2021,18.0,Thủy văn học
40296,DMT,thuy-van-hoc,A00,Điểm thi THPT,2021,15.0,Thủy văn học
40297,DMT,thuy-van-hoc,A01,Điểm thi THPT,2021,15.0,Thủy văn học
40298,DMT,thuy-van-hoc,B00,Điểm thi THPT,2021,15.0,Thủy văn học
40299,DMT,thuy-van-hoc,D01,Điểm thi THPT,2021,15.0,Thủy văn học
40300,DMT,thuy-van-hoc,A00,Điểm học bạ,2022,18.0,Thủy văn học
40301,DMT,thuy-van-hoc,A01,Điểm học bạ,2022,18.0,Thủy văn học
40302,DMT,thuy-van-hoc,B00,Điểm học bạ,2022,18.0,Thủy văn học
40303,DMT,thuy-van-hoc,D01,Điểm học bạ,2022,18.0,Thủy văn học
40304,DMT,thuy-van-hoc,A00,Điểm thi THPT,2022,15.0,Thủy văn học
40305,DMT,thuy-van-hoc,A01,Điểm thi THPT,2022,15.0,Thủy văn học
40306,DMT,thuy-van-hoc,B00,Điểm thi THPT,2022,15.0,Thủy văn học
40307,DMT,thuy-van-hoc,D01,Điểm thi THPT,2022,15.0,Thủy văn học
40308,DMT,thuy-van-hoc,A00,Điểm học bạ,2023,18.0,Thủy văn học
40309,DMT,thuy-van-hoc,A01,Điểm học bạ,2023,18.0,Thủy văn học
40310,DMT,thuy-van-hoc,B00,Điểm học bạ,2023,18.0,Thủy văn học
40311,DMT,thuy-van-hoc,D01,Điểm học bạ,2023,18.0,Thủy văn học
40312,DMT,thuy-van-hoc,A00,Điểm thi THPT,2023,15.0,Thủy văn học
40313,DMT,thuy-van-hoc,A01,Điểm thi THPT,2023,15.0,Thủy văn học
40314,DMT,thuy-van-hoc,B00,Điểm thi THPT,2023,15.0,Thủy văn học
40315,DMT,thuy-van-hoc,D01,Điểm thi THPT,2023,15.0,Thủy văn học
40316,DMT,thuy-van-hoc,A00,Điểm học bạ,2024,18.0,Thủy văn học
40317,DMT,thuy-van-hoc,A01,Điểm học bạ,2024,18.0,Thủy văn học
40318,DMT,thuy-van-hoc,B00,Điểm học bạ,2024,18.0,Thủy văn học
40319,DMT,thuy-van-hoc,D01,Điểm học bạ,2024,18.0,Thủy văn học
40320,DMT,thuy-van-hoc,A00,Điểm thi THPT,2024,15.0,Thủy văn học
40321,DMT,thuy-van-hoc,A01,Điểm thi THPT,2024,15.0,Thủy văn học
40322,DMT,thuy-van-hoc,B00,Điểm thi THPT,2024,15.0,Thủy văn học
40323,DMT,thuy-van-hoc,D01,Điểm thi THPT,2024,15.0,Thủy văn học
40324,DMT,thuy-van-hoc,A00,Điểm học bạ,2025,18.0,Thủy văn học
40325,DMT,thuy-van-hoc,A01,Điểm học bạ,2025,18.0,Thủy văn học
40326,DMT,thuy-van-hoc,B00,Điểm học bạ,2025,18.0,Thủy văn học
40327,DMT,thuy-van-hoc,B03,Điểm học bạ,2025,18.0,Thủy văn học
40328,DMT,thuy-van-hoc,C01,Điểm học bạ,2025,18.0,Thủy văn học
40329,DMT,thuy-van-hoc,C02,Điểm học bạ,2025,18.0,Thủy văn học
40330,DMT,thuy-van-hoc,C03,Điểm học bạ,2025,18.0,Thủy văn học
40331,DMT,thuy-van-hoc,C04,Điểm học bạ,2025,18.0,Thủy văn học
40332,DMT,thuy-van-hoc,D01,Điểm học bạ,2025,18.0,Thủy văn học
40333,DMT,thuy-van-hoc,X01,Điểm học bạ,2025,18.0,Thủy văn học
40334,DMT,thuy-van-hoc,X02,Điểm học bạ,2025,18.0,Thủy văn học
40335,DMT,thuy-van-hoc,X03,Điểm học bạ,2025,18.0,Thủy văn học
40336,DMT,thuy-van-hoc,X04,Điểm học bạ,2025,18.0,Thủy văn học
40337,DMT,thuy-van-hoc,A00,Điểm thi THPT,2025,15.0,Thủy văn học
40338,DMT,thuy-van-hoc,A01,Điểm thi THPT,2025,15.0,Thủy văn học
40339,DMT,thuy-van-hoc,B00,Điểm thi THPT,2025,15.0,Thủy văn học
40340,DMT,thuy-van-hoc,B03,Điểm thi THPT,2025,15.0,Thủy văn học
40341,DMT,thuy-van-hoc,C01,Điểm thi THPT,2025,15.0,Thủy văn học
40342,DMT,thuy-van-hoc,C02,Điểm thi THPT,2025,15.0,Thủy văn học
40343,DMT,thuy-van-hoc,C03,Điểm thi THPT,2025,15.0,Thủy văn học
40344,DMT,thuy-van-hoc,C04,Điểm thi THPT,2025,15.0,Thủy văn học
40345,DMT,thuy-van-hoc,D01,Điểm thi THPT,2025,15.0,Thủy văn học
40346,DMT,thuy-van-hoc,X01,Điểm thi THPT,2025,15.0,Thủy văn học
40347,DMT,thuy-van-hoc,X02,Điểm thi THPT,2025,15.0,Thủy văn học
40348,DMT,thuy-van-hoc,X03,Điểm thi THPT,2025,15.0,Thủy văn học
40349,DMT,thuy-van-hoc,X04,Điểm thi THPT,2025,15.0,Thủy văn học
40350,DNB,cong-nghe-thong-tin,A00,Điểm học bạ,2023,18.0,Công nghệ thông tin
40351,DNB,cong-nghe-thong-tin,A01,Điểm học bạ,2023,18.0,Công nghệ thông tin
40352,DNB,cong-nghe-thong-tin,B08,Điểm học bạ,2023,18.0,Công nghệ thông tin
40353,DNB,cong-nghe-thong-tin,D07,Điểm học bạ,2023,18.0,Công nghệ thông tin
40354,DNB,cong-nghe-thong-tin,A00,Điểm thi THPT,2023,15.0,Công nghệ thông tin
40355,DNB,cong-nghe-thong-tin,A01,Điểm thi THPT,2023,15.0,Công nghệ thông tin
40356,DNB,cong-nghe-thong-tin,B08,Điểm thi THPT,2023,15.0,Công nghệ thông tin
40357,DNB,cong-nghe-thong-tin,D07,Điểm thi THPT,2023,15.0,Công nghệ thông tin
40358,DNB,cong-nghe-thong-tin,A00,Điểm học bạ,2024,18.0,Công nghệ thông tin
40359,DNB,cong-nghe-thong-tin,A01,Điểm học bạ,2024,18.0,Công nghệ thông tin
40360,DNB,cong-nghe-thong-tin,B08,Điểm học bạ,2024,18.0,Công nghệ thông tin
40361,DNB,cong-nghe-thong-tin,D07,Điểm học bạ,2024,18.0,Công nghệ thông tin
40362,DNB,cong-nghe-thong-tin,A00,Điểm thi THPT,2024,16.0,Công nghệ thông tin
40363,DNB,cong-nghe-thong-tin,A01,Điểm thi THPT,2024,16.0,Công nghệ thông tin
40364,DNB,cong-nghe-thong-tin,B08,Điểm thi THPT,2024,16.0,Công nghệ thông tin
40365,DNB,cong-nghe-thong-tin,D07,Điểm thi THPT,2024,16.0,Công nghệ thông tin
40366,DNB,cong-nghe-thong-tin,A00,Điểm học bạ,2025,16.0,Công nghệ thông tin
40367,DNB,cong-nghe-thong-tin,A01,Điểm học bạ,2025,16.0,Công nghệ thông tin
40368,DNB,cong-nghe-thong-tin,D01,Điểm học bạ,2025,16.0,Công nghệ thông tin
40369,DNB,cong-nghe-thong-tin,X02,Điểm học bạ,2025,16.0,Công nghệ thông tin
40370,DNB,cong-nghe-thong-tin,A00,Điểm thi THPT,2025,16.0,Công nghệ thông tin
40371,DNB,cong-nghe-thong-tin,A01,Điểm thi THPT,2025,16.0,Công nghệ thông tin
40372,DNB,cong-nghe-thong-tin,D01,Điểm thi THPT,2025,16.0,Công nghệ thông tin
40373,DNB,cong-nghe-thong-tin,X02,Điểm thi THPT,2025,16.0,Công nghệ thông tin
40374,DNB,du-lich,C00,Điểm học bạ,2021,18.0,Du lịch
40375,DNB,du-lich,D14,Điểm học bạ,2021,18.0,Du lịch
40376,DNB,du-lich,D15,Điểm học bạ,2021,18.0,Du lịch
40377,DNB,du-lich,D66,Điểm học bạ,2021,18.0,Du lịch
40378,DNB,du-lich,C00,Điểm thi THPT,2021,14.0,Du lịch
40379,DNB,du-lich,D14,Điểm thi THPT,2021,14.0,Du lịch
40380,DNB,du-lich,D15,Điểm thi THPT,2021,14.0,Du lịch
40381,DNB,du-lich,D66,Điểm thi THPT,2021,14.0,Du lịch
40382,DNB,du-lich,C00,Điểm học bạ,2022,15.0,Du lịch
40383,DNB,du-lich,D14,Điểm học bạ,2022,15.0,Du lịch
40384,DNB,du-lich,D15,Điểm học bạ,2022,15.0,Du lịch
40385,DNB,du-lich,D66,Điểm học bạ,2022,15.0,Du lịch
40386,DNB,du-lich,C00,Điểm thi THPT,2022,15.0,Du lịch
40387,DNB,du-lich,D14,Điểm thi THPT,2022,15.0,Du lịch
40388,DNB,du-lich,D15,Điểm thi THPT,2022,15.0,Du lịch
40389,DNB,du-lich,D66,Điểm thi THPT,2022,15.0,Du lịch
40390,DNB,du-lich,C00,Điểm học bạ,2023,18.0,Du lịch
40391,DNB,du-lich,D14,Điểm học bạ,2023,18.0,Du lịch
40392,DNB,du-lich,D15,Điểm học bạ,2023,18.0,Du lịch
40393,DNB,du-lich,D66,Điểm học bạ,2023,18.0,Du lịch
40394,DNB,du-lich,C00,Điểm thi THPT,2023,15.0,Du lịch
40395,DNB,du-lich,D14,Điểm thi THPT,2023,15.0,Du lịch
40396,DNB,du-lich,D15,Điểm thi THPT,2023,15.0,Du lịch
40397,DNB,du-lich,D66,Điểm thi THPT,2023,15.0,Du lịch
40398,DNB,du-lich,C00,Điểm học bạ,2024,18.0,Du lịch
40399,DNB,du-lich,D14,Điểm học bạ,2024,18.0,Du lịch
40400,DNB,du-lich,D15,Điểm học bạ,2024,18.0,Du lịch
40401,DNB,du-lich,D66,Điểm học bạ,2024,18.0,Du lịch
40402,DNB,du-lich,C00,Điểm thi THPT,2024,16.0,Du lịch
40403,DNB,du-lich,D14,Điểm thi THPT,2024,16.0,Du lịch
40404,DNB,du-lich,D15,Điểm thi THPT,2024,16.0,Du lịch
40405,DNB,du-lich,D66,Điểm thi THPT,2024,16.0,Du lịch
40406,DNB,du-lich,C01,Điểm học bạ,2025,18.0,Du lịch
40407,DNB,du-lich,C03,Điểm học bạ,2025,18.0,Du lịch
40408,DNB,du-lich,C04,Điểm học bạ,2025,18.0,Du lịch
40409,DNB,du-lich,D01,Điểm học bạ,2025,18.0,Du lịch
40410,DNB,du-lich,X01,Điểm học bạ,2025,18.0,Du lịch
40411,DNB,du-lich,C01,Điểm thi THPT,2025,18.0,Du lịch
40412,DNB,du-lich,C03,Điểm thi THPT,2025,18.0,Du lịch
40413,DNB,du-lich,C04,Điểm thi THPT,2025,18.0,Du lịch
40414,DNB,du-lich,D01,Điểm thi THPT,2025,18.0,Du lịch
40415,DNB,du-lich,X01,Điểm thi THPT,2025,18.0,Du lịch
40416,DNB,giao-duc-mam-non,M01,Điểm học bạ,2021,24.0,Giáo dục Mầm non
40417,DNB,giao-duc-mam-non,M05,Điểm học bạ,2021,24.0,Giáo dục Mầm non
40418,DNB,giao-duc-mam-non,M07,Điểm học bạ,2021,24.0,Giáo dục Mầm non
40419,DNB,giao-duc-mam-non,M08,Điểm học bạ,2021,24.0,Giáo dục Mầm non
40420,DNB,giao-duc-mam-non,M01,Điểm thi THPT,2021,19.0,Giáo dục Mầm non
40421,DNB,giao-duc-mam-non,M05,Điểm thi THPT,2021,19.0,Giáo dục Mầm non
40422,DNB,giao-duc-mam-non,M07,Điểm thi THPT,2021,19.0,Giáo dục Mầm non
40423,DNB,giao-duc-mam-non,M08,Điểm thi THPT,2021,19.0,Giáo dục Mầm non
40424,DNB,giao-duc-mam-non,M01,Điểm học bạ,2022,24.0,Giáo dục Mầm non
40425,DNB,giao-duc-mam-non,M05,Điểm học bạ,2022,24.0,Giáo dục Mầm non
40426,DNB,giao-duc-mam-non,M07,Điểm học bạ,2022,24.0,Giáo dục Mầm non
40427,DNB,giao-duc-mam-non,M08,Điểm học bạ,2022,24.0,Giáo dục Mầm non
40428,DNB,giao-duc-mam-non,M01,Điểm thi THPT,2022,19.0,Giáo dục Mầm non
40429,DNB,giao-duc-mam-non,M05,Điểm thi THPT,2022,19.0,Giáo dục Mầm non
40430,DNB,giao-duc-mam-non,M07,Điểm thi THPT,2022,19.0,Giáo dục Mầm non
40431,DNB,giao-duc-mam-non,M08,Điểm thi THPT,2022,19.0,Giáo dục Mầm non
40432,DNB,giao-duc-mam-non,M01,Điểm học bạ,2023,24.68,Giáo dục mầm non
40433,DNB,giao-duc-mam-non,M05,Điểm học bạ,2023,24.68,Giáo dục mầm non
40434,DNB,giao-duc-mam-non,M07,Điểm học bạ,2023,24.68,Giáo dục mầm non
40435,DNB,giao-duc-mam-non,M08,Điểm học bạ,2023,24.68,Giáo dục mầm non
40436,DNB,giao-duc-mam-non,M01,Điểm thi THPT,2023,24.75,Giáo dục mầm non
40437,DNB,giao-duc-mam-non,M05,Điểm thi THPT,2023,24.75,Giáo dục mầm non
40438,DNB,giao-duc-mam-non,M07,Điểm thi THPT,2023,24.75,Giáo dục mầm non
40439,DNB,giao-duc-mam-non,M08,Điểm thi THPT,2023,24.75,Giáo dục mầm non
40440,DNB,giao-duc-mam-non,A00,Điểm học bạ,2024,26.64,Giáo dục Mầm non
40441,DNB,giao-duc-mam-non,C00,Điểm học bạ,2024,26.64,Giáo dục Mầm non
40442,DNB,giao-duc-mam-non,C14,Điểm học bạ,2024,26.64,Giáo dục Mầm non
40443,DNB,giao-duc-mam-non,D01,Điểm học bạ,2024,26.64,Giáo dục Mầm non
40444,DNB,giao-duc-mam-non,A00,Điểm thi THPT,2024,26.62,Giáo dục Mầm non
40445,DNB,giao-duc-mam-non,C00,Điểm thi THPT,2024,26.62,Giáo dục Mầm non
40446,DNB,giao-duc-mam-non,C14,Điểm thi THPT,2024,26.62,Giáo dục Mầm non
40447,DNB,giao-duc-mam-non,D01,Điểm thi THPT,2024,26.62,Giáo dục Mầm non
40448,DNB,giao-duc-mam-non,M00,Điểm thi THPT,2025,22.88,Giáo dục Mầm non
40449,DNB,giao-duc-mam-non,M05,Điểm thi THPT,2025,22.88,Giáo dục Mầm non
40450,DNB,giao-duc-mam-non,M07,Điểm thi THPT,2025,22.88,Giáo dục Mầm non
40451,DNB,giao-duc-mam-non,M11,Điểm thi THPT,2025,22.88,Giáo dục Mầm non
40452,DNB,giao-duc-tieu-hoc,A00,Điểm học bạ,2021,24.0,Giáo dục Tiểu học
40453,DNB,giao-duc-tieu-hoc,C00,Điểm học bạ,2021,24.0,Giáo dục Tiểu học
40454,DNB,giao-duc-tieu-hoc,C14,Điểm học bạ,2021,24.0,Giáo dục Tiểu học
40455,DNB,giao-duc-tieu-hoc,D01,Điểm học bạ,2021,24.0,Giáo dục Tiểu học
40456,DNB,giao-duc-tieu-hoc,A00,Điểm thi THPT,2021,19.0,Giáo dục Tiểu học
40457,DNB,giao-duc-tieu-hoc,C00,Điểm thi THPT,2021,19.0,Giáo dục Tiểu học
40458,DNB,giao-duc-tieu-hoc,C14,Điểm thi THPT,2021,19.0,Giáo dục Tiểu học
40459,DNB,giao-duc-tieu-hoc,D01,Điểm thi THPT,2021,19.0,Giáo dục Tiểu học
40460,DNB,giao-duc-tieu-hoc,A00,Điểm học bạ,2022,26.35,Giáo dục Tiểu học
40461,DNB,giao-duc-tieu-hoc,C00,Điểm học bạ,2022,26.35,Giáo dục Tiểu học
40462,DNB,giao-duc-tieu-hoc,C14,Điểm học bạ,2022,26.35,Giáo dục Tiểu học
40463,DNB,giao-duc-tieu-hoc,D01,Điểm học bạ,2022,26.35,Giáo dục Tiểu học
40464,DNB,giao-duc-tieu-hoc,A00,Điểm thi THPT,2022,25.5,Giáo dục Tiểu học
40465,DNB,giao-duc-tieu-hoc,C00,Điểm thi THPT,2022,25.5,Giáo dục Tiểu học
40466,DNB,giao-duc-tieu-hoc,C14,Điểm thi THPT,2022,25.5,Giáo dục Tiểu học
40467,DNB,giao-duc-tieu-hoc,D01,Điểm thi THPT,2022,25.5,Giáo dục Tiểu học
40468,DNB,giao-duc-tieu-hoc,A00,Điểm học bạ,2023,26.13,Giáo dục Tiểu học
40469,DNB,giao-duc-tieu-hoc,C00,Điểm học bạ,2023,26.13,Giáo dục Tiểu học
40470,DNB,giao-duc-tieu-hoc,C14,Điểm học bạ,2023,26.13,Giáo dục Tiểu học
40471,DNB,giao-duc-tieu-hoc,D01,Điểm học bạ,2023,26.13,Giáo dục Tiểu học
40472,DNB,giao-duc-tieu-hoc,A00,Điểm thi THPT,2023,25.05,Giáo dục Tiểu học
40473,DNB,giao-duc-tieu-hoc,C00,Điểm thi THPT,2023,25.05,Giáo dục Tiểu học
40474,DNB,giao-duc-tieu-hoc,C14,Điểm thi THPT,2023,25.05,Giáo dục Tiểu học
40475,DNB,giao-duc-tieu-hoc,D01,Điểm thi THPT,2023,25.05,Giáo dục Tiểu học
40476,DNB,giao-duc-tieu-hoc,M01,Điểm học bạ,2024,27.97,Giáo dục Tiểu học
40477,DNB,giao-duc-tieu-hoc,M05,Điểm học bạ,2024,27.97,Giáo dục Tiểu học
40478,DNB,giao-duc-tieu-hoc,M07,Điểm học bạ,2024,27.97,Giáo dục Tiểu học
40479,DNB,giao-duc-tieu-hoc,M08,Điểm học bạ,2024,27.97,Giáo dục Tiểu học
40480,DNB,giao-duc-tieu-hoc,M01,Điểm thi THPT,2024,27.2,Giáo dục Tiểu học
40481,DNB,giao-duc-tieu-hoc,M05,Điểm thi THPT,2024,27.2,Giáo dục Tiểu học
40482,DNB,giao-duc-tieu-hoc,M07,Điểm thi THPT,2024,27.2,Giáo dục Tiểu học
40483,DNB,giao-duc-tieu-hoc,M08,Điểm thi THPT,2024,27.2,Giáo dục Tiểu học
40484,DNB,giao-duc-tieu-hoc,C01,Điểm thi THPT,2025,23.0,Giáo dục Tiểu học
40485,DNB,giao-duc-tieu-hoc,C03,Điểm thi THPT,2025,23.0,Giáo dục Tiểu học
40486,DNB,giao-duc-tieu-hoc,C04,Điểm thi THPT,2025,23.0,Giáo dục Tiểu học
40487,DNB,giao-duc-tieu-hoc,D01,Điểm thi THPT,2025,23.0,Giáo dục Tiểu học
40488,DNB,ke-toan,A00,Điểm học bạ,2021,18.0,Kế toán
40489,DNB,ke-toan,A01,Điểm học bạ,2021,18.0,Kế toán
40490,DNB,ke-toan,A10,Điểm học bạ,2021,18.0,Kế toán
40491,DNB,ke-toan,D01,Điểm học bạ,2021,18.0,Kế toán
40492,DNB,ke-toan,A00,Điểm thi THPT,2021,14.0,Kế toán
40493,DNB,ke-toan,A01,Điểm thi THPT,2021,14.0,Kế toán
40494,DNB,ke-toan,A10,Điểm thi THPT,2021,14.0,Kế toán
40495,DNB,ke-toan,D01,Điểm thi THPT,2021,14.0,Kế toán
40496,DNB,ke-toan,A00,Điểm học bạ,2022,15.0,Kế toán
40497,DNB,ke-toan,A01,Điểm học bạ,2022,15.0,Kế toán
40498,DNB,ke-toan,A10,Điểm học bạ,2022,15.0,Kế toán
40499,DNB,ke-toan,D01,Điểm học bạ,2022,15.0,Kế toán
40500,DNB,ke-toan,A00,Điểm thi THPT,2022,15.0,Kế toán
40501,DNB,ke-toan,A01,Điểm thi THPT,2022,15.0,Kế toán
40502,DNB,ke-toan,A10,Điểm thi THPT,2022,15.0,Kế toán
40503,DNB,ke-toan,D01,Điểm thi THPT,2022,15.0,Kế toán
40504,DNB,ke-toan,A00,Điểm học bạ,2023,18.0,Kế toán
40505,DNB,ke-toan,A01,Điểm học bạ,2023,18.0,Kế toán
40506,DNB,ke-toan,A10,Điểm học bạ,2023,18.0,Kế toán
40507,DNB,ke-toan,D01,Điểm học bạ,2023,18.0,Kế toán
40508,DNB,ke-toan,A00,Điểm thi THPT,2023,15.0,Kế toán
40509,DNB,ke-toan,A01,Điểm thi THPT,2023,15.0,Kế toán
40510,DNB,ke-toan,A10,Điểm thi THPT,2023,15.0,Kế toán
40511,DNB,ke-toan,D01,Điểm thi THPT,2023,15.0,Kế toán
40512,DNB,ke-toan,A00,Điểm học bạ,2024,18.0,Kế toán
40513,DNB,ke-toan,A01,Điểm học bạ,2024,18.0,Kế toán
40514,DNB,ke-toan,A10,Điểm học bạ,2024,18.0,Kế toán
40515,DNB,ke-toan,D01,Điểm học bạ,2024,18.0,Kế toán
40516,DNB,ke-toan,A00,Điểm thi THPT,2024,16.0,Kế toán
40517,DNB,ke-toan,A01,Điểm thi THPT,2024,16.0,Kế toán
40518,DNB,ke-toan,A10,Điểm thi THPT,2024,16.0,Kế toán
40519,DNB,ke-toan,D01,Điểm thi THPT,2024,16.0,Kế toán
40520,DNB,ke-toan,C01,Điểm học bạ,2025,16.0,Kế toán
40521,DNB,ke-toan,C03,Điểm học bạ,2025,16.0,Kế toán
40522,DNB,ke-toan,C04,Điểm học bạ,2025,16.0,Kế toán
40523,DNB,ke-toan,D01,Điểm học bạ,2025,16.0,Kế toán
40524,DNB,ke-toan,C01,Điểm thi THPT,2025,16.0,Kế toán
40525,DNB,ke-toan,C03,Điểm thi THPT,2025,16.0,Kế toán
40526,DNB,ke-toan,C04,Điểm thi THPT,2025,16.0,Kế toán
40527,DNB,ke-toan,D01,Điểm thi THPT,2025,16.0,Kế toán
40528,DNB,quan-tri-kinh-doanh,A00,Điểm học bạ,2021,18.0,Quản trị kinh doanh
40529,DNB,quan-tri-kinh-doanh,A01,Điểm học bạ,2021,18.0,Quản trị kinh doanh
40530,DNB,quan-tri-kinh-doanh,A10,Điểm học bạ,2021,18.0,Quản trị kinh doanh
40531,DNB,quan-tri-kinh-doanh,D01,Điểm học bạ,2021,18.0,Quản trị kinh doanh
40532,DNB,quan-tri-kinh-doanh,A00,Điểm thi THPT,2021,14.0,Quản trị kinh doanh
40533,DNB,quan-tri-kinh-doanh,A01,Điểm thi THPT,2021,14.0,Quản trị kinh doanh
40534,DNB,quan-tri-kinh-doanh,A10,Điểm thi THPT,2021,14.0,Quản trị kinh doanh
40535,DNB,quan-tri-kinh-doanh,D01,Điểm thi THPT,2021,14.0,Quản trị kinh doanh
40536,DNB,quan-tri-kinh-doanh,A00,Điểm học bạ,2022,15.0,Quản trị kinh doanh
40537,DNB,quan-tri-kinh-doanh,A01,Điểm học bạ,2022,15.0,Quản trị kinh doanh
40538,DNB,quan-tri-kinh-doanh,A10,Điểm học bạ,2022,15.0,Quản trị kinh doanh
40539,DNB,quan-tri-kinh-doanh,D01,Điểm học bạ,2022,15.0,Quản trị kinh doanh
40540,DNB,quan-tri-kinh-doanh,A00,Điểm thi THPT,2022,15.0,Quản trị kinh doanh
40541,DNB,quan-tri-kinh-doanh,A01,Điểm thi THPT,2022,15.0,Quản trị kinh doanh
40542,DNB,quan-tri-kinh-doanh,A10,Điểm thi THPT,2022,15.0,Quản trị kinh doanh
40543,DNB,quan-tri-kinh-doanh,D01,Điểm thi THPT,2022,15.0,Quản trị kinh doanh
40544,DNB,quan-tri-kinh-doanh,A00,Điểm học bạ,2023,18.0,Quản trị kinh doanh
40545,DNB,quan-tri-kinh-doanh,A01,Điểm học bạ,2023,18.0,Quản trị kinh doanh
40546,DNB,quan-tri-kinh-doanh,A10,Điểm học bạ,2023,18.0,Quản trị kinh doanh
40547,DNB,quan-tri-kinh-doanh,D01,Điểm học bạ,2023,18.0,Quản trị kinh doanh
40548,DNB,quan-tri-kinh-doanh,A00,Điểm thi THPT,2023,15.0,Quản trị kinh doanh
40549,DNB,quan-tri-kinh-doanh,A01,Điểm thi THPT,2023,15.0,Quản trị kinh doanh
40550,DNB,quan-tri-kinh-doanh,A10,Điểm thi THPT,2023,15.0,Quản trị kinh doanh
40551,DNB,quan-tri-kinh-doanh,D01,Điểm thi THPT,2023,15.0,Quản trị kinh doanh
40552,DNB,quan-tri-kinh-doanh,A00,Điểm học bạ,2024,18.0,Quản trị kinh doanh
40553,DNB,quan-tri-kinh-doanh,A01,Điểm học bạ,2024,18.0,Quản trị kinh doanh
40554,DNB,quan-tri-kinh-doanh,A10,Điểm học bạ,2024,18.0,Quản trị kinh doanh
40555,DNB,quan-tri-kinh-doanh,D01,Điểm học bạ,2024,18.0,Quản trị kinh doanh
40556,DNB,quan-tri-kinh-doanh,A00,Điểm thi THPT,2024,16.0,Quản trị kinh doanh
40557,DNB,quan-tri-kinh-doanh,A01,Điểm thi THPT,2024,16.0,Quản trị kinh doanh
40558,DNB,quan-tri-kinh-doanh,A10,Điểm thi THPT,2024,16.0,Quản trị kinh doanh
40559,DNB,quan-tri-kinh-doanh,D01,Điểm thi THPT,2024,16.0,Quản trị kinh doanh
40560,DNB,quan-tri-kinh-doanh,C01,Điểm học bạ,2025,16.0,Quản trị kinh doanh
40561,DNB,quan-tri-kinh-doanh,C03,Điểm học bạ,2025,16.0,Quản trị kinh doanh
40562,DNB,quan-tri-kinh-doanh,C04,Điểm học bạ,2025,16.0,Quản trị kinh doanh
40563,DNB,quan-tri-kinh-doanh,D01,Điểm học bạ,2025,16.0,Quản trị kinh doanh
40564,DNB,quan-tri-kinh-doanh,C01,Điểm thi THPT,2025,16.0,Quản trị kinh doanh
40565,DNB,quan-tri-kinh-doanh,C03,Điểm thi THPT,2025,16.0,Quản trị kinh doanh
40566,DNB,quan-tri-kinh-doanh,C04,Điểm thi THPT,2025,16.0,Quản trị kinh doanh
40567,DNB,quan-tri-kinh-doanh,D01,Điểm thi THPT,2025,16.0,Quản trị kinh doanh
40568,DNB,su-pham-hoa-hoc,A00,Điểm học bạ,2021,24.0,Sư phạm Hóa học
40569,DNB,su-pham-hoa-hoc,B00,Điểm học bạ,2021,24.0,Sư phạm Hóa học
40570,DNB,su-pham-hoa-hoc,D07,Điểm học bạ,2021,24.0,Sư phạm Hóa học
40571,DNB,su-pham-hoa-hoc,A00,Điểm thi THPT,2021,19.0,Sư phạm Hóa học
40572,DNB,su-pham-hoa-hoc,B00,Điểm thi THPT,2021,19.0,Sư phạm Hóa học
40573,DNB,su-pham-hoa-hoc,D07,Điểm thi THPT,2021,19.0,Sư phạm Hóa học
40574,DNB,su-pham-khoa-hoc-tu-nhien,A00,Điểm học bạ,2021,24.0,Sư phạm Khoa học tự nhiên
40575,DNB,su-pham-khoa-hoc-tu-nhien,A01,Điểm học bạ,2021,24.0,Sư phạm Khoa học tự nhiên
40576,DNB,su-pham-khoa-hoc-tu-nhien,A02,Điểm học bạ,2021,24.0,Sư phạm Khoa học tự nhiên
40577,DNB,su-pham-khoa-hoc-tu-nhien,B00,Điểm học bạ,2021,24.0,Sư phạm Khoa học tự nhiên
40578,DNB,su-pham-khoa-hoc-tu-nhien,A00,Điểm thi THPT,2021,19.0,Sư phạm Khoa học tự nhiên
40579,DNB,su-pham-khoa-hoc-tu-nhien,A01,Điểm thi THPT,2021,19.0,Sư phạm Khoa học tự nhiên
40580,DNB,su-pham-khoa-hoc-tu-nhien,A02,Điểm thi THPT,2021,19.0,Sư phạm Khoa học tự nhiên
40581,DNB,su-pham-khoa-hoc-tu-nhien,B00,Điểm thi THPT,2021,19.0,Sư phạm Khoa học tự nhiên
40582,DNB,su-pham-khoa-hoc-tu-nhien,A00,Điểm học bạ,2022,24.0,Sư phạm Khoa học tự nhiên
40583,DNB,su-pham-khoa-hoc-tu-nhien,A01,Điểm học bạ,2022,24.0,Sư phạm Khoa học tự nhiên
40584,DNB,su-pham-khoa-hoc-tu-nhien,A02,Điểm học bạ,2022,24.0,Sư phạm Khoa học tự nhiên
40585,DNB,su-pham-khoa-hoc-tu-nhien,B00,Điểm học bạ,2022,24.0,Sư phạm Khoa học tự nhiên
40586,DNB,su-pham-khoa-hoc-tu-nhien,A00,Điểm thi THPT,2022,19.0,Sư phạm Khoa học tự nhiên
40587,DNB,su-pham-khoa-hoc-tu-nhien,A01,Điểm thi THPT,2022,19.0,Sư phạm Khoa học tự nhiên
40588,DNB,su-pham-khoa-hoc-tu-nhien,A02,Điểm thi THPT,2022,19.0,Sư phạm Khoa học tự nhiên
40589,DNB,su-pham-khoa-hoc-tu-nhien,B00,Điểm thi THPT,2022,19.0,Sư phạm Khoa học tự nhiên
40590,DNB,su-pham-khoa-hoc-tu-nhien,A00,Điểm học bạ,2023,24.97,Sư phạm Khoa học - Tự nhiên
40591,DNB,su-pham-khoa-hoc-tu-nhien,A01,Điểm học bạ,2023,24.97,Sư phạm Khoa học - Tự nhiên
40592,DNB,su-pham-khoa-hoc-tu-nhien,A02,Điểm học bạ,2023,24.97,Sư phạm Khoa học - Tự nhiên
40593,DNB,su-pham-khoa-hoc-tu-nhien,B00,Điểm học bạ,2023,24.97,Sư phạm Khoa học - Tự nhiên
40594,DNB,su-pham-khoa-hoc-tu-nhien,A00,Điểm thi THPT,2023,21.75,Sư phạm Khoa học - Tự nhiên
40595,DNB,su-pham-khoa-hoc-tu-nhien,A01,Điểm thi THPT,2023,21.75,Sư phạm Khoa học - Tự nhiên
40596,DNB,su-pham-khoa-hoc-tu-nhien,A02,Điểm thi THPT,2023,21.75,Sư phạm Khoa học - Tự nhiên
40597,DNB,su-pham-khoa-hoc-tu-nhien,B00,Điểm thi THPT,2023,21.75,Sư phạm Khoa học - Tự nhiên
40598,DNB,su-pham-khoa-hoc-tu-nhien,A00,Điểm thi THPT,2025,20.1,Sư phạm Khoa học tự nhiên
40599,DNB,su-pham-khoa-hoc-tu-nhien,A01,Điểm thi THPT,2025,20.1,Sư phạm Khoa học tự nhiên
40600,DNB,su-pham-khoa-hoc-tu-nhien,A02,Điểm thi THPT,2025,20.1,Sư phạm Khoa học tự nhiên
40601,DNB,su-pham-khoa-hoc-tu-nhien,X06,Điểm thi THPT,2025,20.1,Sư phạm Khoa học tự nhiên
40602,DNB,su-pham-lich-su-dia-ly,C00,Điểm học bạ,2021,24.0,Sư phạm Lịch sử - Địa lý
40603,DNB,su-pham-lich-su-dia-ly,C19,Điểm học bạ,2021,24.0,Sư phạm Lịch sử - Địa lý
40604,DNB,su-pham-lich-su-dia-ly,C20,Điểm học bạ,2021,24.0,Sư phạm Lịch sử - Địa lý
40605,DNB,su-pham-lich-su-dia-ly,D14,Điểm học bạ,2021,24.0,Sư phạm Lịch sử - Địa lý
40606,DNB,su-pham-lich-su-dia-ly,C00,Điểm thi THPT,2021,19.0,Sư phạm Lịch sử - Địa lý
40607,DNB,su-pham-lich-su-dia-ly,C19,Điểm thi THPT,2021,19.0,Sư phạm Lịch sử - Địa lý
40608,DNB,su-pham-lich-su-dia-ly,C20,Điểm thi THPT,2021,19.0,Sư phạm Lịch sử - Địa lý
40609,DNB,su-pham-lich-su-dia-ly,D14,Điểm thi THPT,2021,19.0,Sư phạm Lịch sử - Địa lý
40610,DNB,su-pham-lich-su-dia-ly,C00,Điểm học bạ,2022,24.0,Sư phạm Lịch sử - Địa lý
40611,DNB,su-pham-lich-su-dia-ly,C19,Điểm học bạ,2022,24.0,Sư phạm Lịch sử - Địa lý
40612,DNB,su-pham-lich-su-dia-ly,C20,Điểm học bạ,2022,24.0,Sư phạm Lịch sử - Địa lý
40613,DNB,su-pham-lich-su-dia-ly,D14,Điểm học bạ,2022,24.0,Sư phạm Lịch sử - Địa lý
40614,DNB,su-pham-lich-su-dia-ly,C00,Điểm thi THPT,2022,24.5,Sư phạm Lịch sử - Địa lý
40615,DNB,su-pham-lich-su-dia-ly,C19,Điểm thi THPT,2022,24.5,Sư phạm Lịch sử - Địa lý
40616,DNB,su-pham-lich-su-dia-ly,C20,Điểm thi THPT,2022,24.5,Sư phạm Lịch sử - Địa lý
40617,DNB,su-pham-lich-su-dia-ly,D14,Điểm thi THPT,2022,24.5,Sư phạm Lịch sử - Địa lý
40618,DNB,su-pham-lich-su-dia-ly,C00,Điểm học bạ,2023,27.66,Sư phạm Lịch sử - Địa lý
40619,DNB,su-pham-lich-su-dia-ly,C19,Điểm học bạ,2023,27.66,Sư phạm Lịch sử - Địa lý
40620,DNB,su-pham-lich-su-dia-ly,C20,Điểm học bạ,2023,27.66,Sư phạm Lịch sử - Địa lý
40621,DNB,su-pham-lich-su-dia-ly,D14,Điểm học bạ,2023,27.66,Sư phạm Lịch sử - Địa lý
40622,DNB,su-pham-lich-su-dia-ly,C00,Điểm thi THPT,2023,26.2,Sư phạm Lịch sử - Địa lý
40623,DNB,su-pham-lich-su-dia-ly,C19,Điểm thi THPT,2023,26.2,Sư phạm Lịch sử - Địa lý
40624,DNB,su-pham-lich-su-dia-ly,C20,Điểm thi THPT,2023,26.2,Sư phạm Lịch sử - Địa lý
40625,DNB,su-pham-lich-su-dia-ly,D14,Điểm thi THPT,2023,26.2,Sư phạm Lịch sử - Địa lý
40626,DNB,su-pham-lich-su-dia-ly,C00,Điểm thi THPT,2025,27.07,Sư phạm Lịch sử - Địa lý
40627,DNB,su-pham-lich-su-dia-ly,C03,Điểm thi THPT,2025,27.07,Sư phạm Lịch sử - Địa lý
40628,DNB,su-pham-lich-su-dia-ly,D14,Điểm thi THPT,2025,27.07,Sư phạm Lịch sử - Địa lý
40629,DNB,su-pham-lich-su-dia-ly,X70,Điểm thi THPT,2025,27.07,Sư phạm Lịch sử - Địa lý
40630,DNB,su-pham-toan-hoc,A00,Điểm học bạ,2021,24.0,Sư phạm Toán học
40631,DNB,su-pham-toan-hoc,A01,Điểm học bạ,2021,24.0,Sư phạm Toán học
40632,DNB,su-pham-toan-hoc,D07,Điểm học bạ,2021,24.0,Sư phạm Toán học
40633,DNB,su-pham-toan-hoc,D08,Điểm học bạ,2021,24.0,Sư phạm Toán học
40634,DNB,su-pham-toan-hoc,A00,Điểm thi THPT,2021,19.0,Sư phạm Toán học
40635,DNB,su-pham-toan-hoc,A01,Điểm thi THPT,2021,19.0,Sư phạm Toán học
40636,DNB,su-pham-toan-hoc,D07,Điểm thi THPT,2021,19.0,Sư phạm Toán học
40637,DNB,su-pham-toan-hoc,D08,Điểm thi THPT,2021,19.0,Sư phạm Toán học
40638,DNB,su-pham-toan-hoc,A00,Điểm học bạ,2023,25.59,Sư phạm Toán học
40639,DNB,su-pham-toan-hoc,A01,Điểm học bạ,2023,25.59,Sư phạm Toán học
40640,DNB,su-pham-toan-hoc,B08,Điểm học bạ,2023,25.59,Sư phạm Toán học
40641,DNB,su-pham-toan-hoc,D07,Điểm học bạ,2023,25.59,Sư phạm Toán học
40642,DNB,su-pham-toan-hoc,A00,Điểm thi THPT,2023,24.35,Sư phạm Toán học
40643,DNB,su-pham-toan-hoc,A01,Điểm thi THPT,2023,24.35,Sư phạm Toán học
40644,DNB,su-pham-toan-hoc,B08,Điểm thi THPT,2023,24.35,Sư phạm Toán học
40645,DNB,su-pham-toan-hoc,D07,Điểm thi THPT,2023,24.35,Sư phạm Toán học
40646,DNB,su-pham-toan-hoc,A00,Điểm học bạ,2024,27.75,Sư phạm Toán học
40647,DNB,su-pham-toan-hoc,A01,Điểm học bạ,2024,27.75,Sư phạm Toán học
40648,DNB,su-pham-toan-hoc,B08,Điểm học bạ,2024,27.75,Sư phạm Toán học
40649,DNB,su-pham-toan-hoc,D07,Điểm học bạ,2024,27.75,Sư phạm Toán học
40650,DNB,su-pham-toan-hoc,A00,Điểm thi THPT,2024,26.03,Sư phạm Toán học
40651,DNB,su-pham-toan-hoc,A01,Điểm thi THPT,2024,26.03,Sư phạm Toán học
40652,DNB,su-pham-toan-hoc,B08,Điểm thi THPT,2024,26.03,Sư phạm Toán học
40653,DNB,su-pham-toan-hoc,D07,Điểm thi THPT,2024,26.03,Sư phạm Toán học
40654,DNB,su-pham-toan-hoc,A00,Điểm thi THPT,2025,24.02,Sư phạm Toán học
40655,DNB,su-pham-toan-hoc,A01,Điểm thi THPT,2025,24.02,Sư phạm Toán học
40656,DNB,su-pham-toan-hoc,A02,Điểm thi THPT,2025,24.02,Sư phạm Toán học
40657,DNB,su-pham-toan-hoc,X06,Điểm thi THPT,2025,24.02,Sư phạm Toán học
40658,DNB,su-pham-vat-ly,A00,Điểm học bạ,2021,24.0,Sư phạm Vật lý
40659,DNB,su-pham-vat-ly,A01,Điểm học bạ,2021,24.0,Sư phạm Vật lý
40660,DNB,su-pham-vat-ly,A02,Điểm học bạ,2021,24.0,Sư phạm Vật lý
40661,DNB,su-pham-vat-ly,A00,Điểm thi THPT,2021,19.0,Sư phạm Vật lý
40662,DNB,su-pham-vat-ly,A01,Điểm thi THPT,2021,19.0,Sư phạm Vật lý
40663,DNB,su-pham-vat-ly,A02,Điểm thi THPT,2021,19.0,Sư phạm Vật lý
40664,DNB,viet-nam-hoc,C00,Điểm học bạ,2021,18.0,Việt Nam học
40665,DNB,viet-nam-hoc,D14,Điểm học bạ,2021,18.0,Việt Nam học
40666,DNB,viet-nam-hoc,D15,Điểm học bạ,2021,18.0,Việt Nam học
40667,DNB,viet-nam-hoc,D66,Điểm học bạ,2021,18.0,Việt Nam học
40668,DNB,viet-nam-hoc,C00,Điểm thi THPT,2021,14.0,Việt Nam học
40669,DNB,viet-nam-hoc,D14,Điểm thi THPT,2021,14.0,Việt Nam học
40670,DNB,viet-nam-hoc,D15,Điểm thi THPT,2021,14.0,Việt Nam học
40671,DNB,viet-nam-hoc,D66,Điểm thi THPT,2021,14.0,Việt Nam học
40672,DNB,viet-nam-hoc,C00,Điểm học bạ,2022,15.0,Việt Nam học
40673,DNB,viet-nam-hoc,D14,Điểm học bạ,2022,15.0,Việt Nam học
40674,DNB,viet-nam-hoc,D15,Điểm học bạ,2022,15.0,Việt Nam học
40675,DNB,viet-nam-hoc,D66,Điểm học bạ,2022,15.0,Việt Nam học
40676,DNB,viet-nam-hoc,C00,Điểm thi THPT,2022,15.0,Việt Nam học
40677,DNB,viet-nam-hoc,D14,Điểm thi THPT,2022,15.0,Việt Nam học
40678,DNB,viet-nam-hoc,D15,Điểm thi THPT,2022,15.0,Việt Nam học
40679,DNB,viet-nam-hoc,D66,Điểm thi THPT,2022,15.0,Việt Nam học
40680,DNB,viet-nam-hoc,C00,Điểm học bạ,2023,18.0,Việt Nam Học
40681,DNB,viet-nam-hoc,D14,Điểm học bạ,2023,18.0,Việt Nam Học
40682,DNB,viet-nam-hoc,D15,Điểm học bạ,2023,18.0,Việt Nam Học
40683,DNB,viet-nam-hoc,D66,Điểm học bạ,2023,18.0,Việt Nam Học
40684,DNB,viet-nam-hoc,C00,Điểm thi THPT,2023,15.0,Việt Nam Học
40685,DNB,viet-nam-hoc,D14,Điểm thi THPT,2023,15.0,Việt Nam Học
40686,DNB,viet-nam-hoc,D15,Điểm thi THPT,2023,15.0,Việt Nam Học
40687,DNB,viet-nam-hoc,D66,Điểm thi THPT,2023,15.0,Việt Nam Học
40688,DNC,bat-dong-san,A00,Điểm thi THPT,2021,17.0,Bất động sản
40689,DNC,bat-dong-san,B00,Điểm thi THPT,2021,17.0,Bất động sản
40690,DNC,bat-dong-san,C05,Điểm thi THPT,2021,17.0,Bất động sản
40691,DNC,bat-dong-san,C08,Điểm thi THPT,2021,17.0,Bất động sản
40692,DNC,bat-dong-san,A00,Điểm học bạ,2022,18.0,Bất động sản
40693,DNC,bat-dong-san,B00,Điểm học bạ,2022,18.0,Bất động sản
40694,DNC,bat-dong-san,C05,Điểm học bạ,2022,18.0,Bất động sản
40695,DNC,bat-dong-san,C08,Điểm học bạ,2022,18.0,Bất động sản
40696,DNC,bat-dong-san,A00,Điểm thi THPT,2022,16.0,Bất động sản
40697,DNC,bat-dong-san,B00,Điểm thi THPT,2022,16.0,Bất động sản
40698,DNC,bat-dong-san,C05,Điểm thi THPT,2022,16.0,Bất động sản
40699,DNC,bat-dong-san,C08,Điểm thi THPT,2022,16.0,Bất động sản
40700,DNC,bat-dong-san,A00,Điểm học bạ,2023,18.0,Bất động sản
40701,DNC,bat-dong-san,B00,Điểm học bạ,2023,18.0,Bất động sản
40702,DNC,bat-dong-san,C05,Điểm học bạ,2023,18.0,Bất động sản
40703,DNC,bat-dong-san,C08,Điểm học bạ,2023,18.0,Bất động sản
40704,DNC,bat-dong-san,A00,Điểm thi THPT,2023,15.0,Bất động sản
40705,DNC,bat-dong-san,B00,Điểm thi THPT,2023,15.0,Bất động sản
40706,DNC,bat-dong-san,C05,Điểm thi THPT,2023,15.0,Bất động sản
40707,DNC,bat-dong-san,C08,Điểm thi THPT,2023,15.0,Bất động sản
40708,DNC,bat-dong-san,A00,Điểm học bạ,2024,18.0,Bất động sản
40709,DNC,bat-dong-san,B00,Điểm học bạ,2024,18.0,Bất động sản
40710,DNC,bat-dong-san,C05,Điểm học bạ,2024,18.0,Bất động sản
40711,DNC,bat-dong-san,C08,Điểm học bạ,2024,18.0,Bất động sản
40712,DNC,bat-dong-san,A00,Điểm thi THPT,2024,16.0,Bất động sản
40713,DNC,bat-dong-san,B00,Điểm thi THPT,2024,16.0,Bất động sản
40714,DNC,bat-dong-san,C05,Điểm thi THPT,2024,16.0,Bất động sản
40715,DNC,bat-dong-san,C08,Điểm thi THPT,2024,16.0,Bất động sản
40716,DNC,bat-dong-san,A00,Điểm học bạ,2025,18.0,Bất động sản
40717,DNC,bat-dong-san,B00,Điểm học bạ,2025,18.0,Bất động sản
40718,DNC,bat-dong-san,C03,Điểm học bạ,2025,18.0,Bất động sản
40719,DNC,bat-dong-san,C04,Điểm học bạ,2025,18.0,Bất động sản
40720,DNC,bat-dong-san,C05,Điểm học bạ,2025,18.0,Bất động sản
40721,DNC,bat-dong-san,C08,Điểm học bạ,2025,18.0,Bất động sản
40722,DNC,bat-dong-san,D01,Điểm học bạ,2025,18.0,Bất động sản
40723,DNC,bat-dong-san,X25,Điểm học bạ,2025,18.0,Bất động sản
40724,DNC,bat-dong-san,X26,Điểm học bạ,2025,18.0,Bất động sản
40725,DNC,bat-dong-san,A00,Điểm thi THPT,2025,15.0,Bất động sản
40726,DNC,bat-dong-san,B00,Điểm thi THPT,2025,15.0,Bất động sản
40727,DNC,bat-dong-san,C03,Điểm thi THPT,2025,15.0,Bất động sản
40728,DNC,bat-dong-san,C04,Điểm thi THPT,2025,15.0,Bất động sản
40729,DNC,bat-dong-san,C05,Điểm thi THPT,2025,15.0,Bất động sản
40730,DNC,bat-dong-san,C08,Điểm thi THPT,2025,15.0,Bất động sản
40731,DNC,bat-dong-san,D01,Điểm thi THPT,2025,15.0,Bất động sản
40732,DNC,bat-dong-san,X25,Điểm thi THPT,2025,15.0,Bất động sản
40733,DNC,bat-dong-san,X26,Điểm thi THPT,2025,15.0,Bất động sản
40734,DNC,cong-nghe-ky-thuat-dien-dien-tu,A00,Điểm học bạ,2024,18.0,"Công nghệ kỹ thuật điện, điện tử"
40735,DNC,cong-nghe-ky-thuat-dien-dien-tu,A01,Điểm học bạ,2024,18.0,"Công nghệ kỹ thuật điện, điện tử"
40736,DNC,cong-nghe-ky-thuat-dien-dien-tu,A02,Điểm học bạ,2024,18.0,"Công nghệ kỹ thuật điện, điện tử"
40737,DNC,cong-nghe-ky-thuat-dien-dien-tu,C01,Điểm học bạ,2024,18.0,"Công nghệ kỹ thuật điện, điện tử"
40738,DNC,cong-nghe-ky-thuat-dien-dien-tu,A00,Điểm thi THPT,2024,16.0,"Công nghệ kỹ thuật điện, điện tử"
40739,DNC,cong-nghe-ky-thuat-dien-dien-tu,A01,Điểm thi THPT,2024,16.0,"Công nghệ kỹ thuật điện, điện tử"
40740,DNC,cong-nghe-ky-thuat-dien-dien-tu,A02,Điểm thi THPT,2024,16.0,"Công nghệ kỹ thuật điện, điện tử"
40741,DNC,cong-nghe-ky-thuat-dien-dien-tu,C01,Điểm thi THPT,2024,16.0,"Công nghệ kỹ thuật điện, điện tử"
40742,DNC,cong-nghe-ky-thuat-dien-dien-tu,A00,Điểm học bạ,2025,18.0,"Công nghệ kỹ thuật điện, điện tử"
40743,DNC,cong-nghe-ky-thuat-dien-dien-tu,A01,Điểm học bạ,2025,18.0,"Công nghệ kỹ thuật điện, điện tử"
40744,DNC,cong-nghe-ky-thuat-dien-dien-tu,A02,Điểm học bạ,2025,18.0,"Công nghệ kỹ thuật điện, điện tử"
40745,DNC,cong-nghe-ky-thuat-dien-dien-tu,C01,Điểm học bạ,2025,18.0,"Công nghệ kỹ thuật điện, điện tử"
40746,DNC,cong-nghe-ky-thuat-dien-dien-tu,D01,Điểm học bạ,2025,18.0,"Công nghệ kỹ thuật điện, điện tử"
40747,DNC,cong-nghe-ky-thuat-dien-dien-tu,X01,Điểm học bạ,2025,18.0,"Công nghệ kỹ thuật điện, điện tử"
40748,DNC,cong-nghe-ky-thuat-dien-dien-tu,X06,Điểm học bạ,2025,18.0,"Công nghệ kỹ thuật điện, điện tử"
40749,DNC,cong-nghe-ky-thuat-dien-dien-tu,X26,Điểm học bạ,2025,18.0,"Công nghệ kỹ thuật điện, điện tử"
40750,DNC,cong-nghe-ky-thuat-dien-dien-tu,A00,Điểm thi THPT,2025,15.0,"Công nghệ kỹ thuật điện, điện tử"
40751,DNC,cong-nghe-ky-thuat-dien-dien-tu,A01,Điểm thi THPT,2025,15.0,"Công nghệ kỹ thuật điện, điện tử"
40752,DNC,cong-nghe-ky-thuat-dien-dien-tu,A02,Điểm thi THPT,2025,15.0,"Công nghệ kỹ thuật điện, điện tử"
40753,DNC,cong-nghe-ky-thuat-dien-dien-tu,C01,Điểm thi THPT,2025,15.0,"Công nghệ kỹ thuật điện, điện tử"
40754,DNC,cong-nghe-ky-thuat-dien-dien-tu,D01,Điểm thi THPT,2025,15.0,"Công nghệ kỹ thuật điện, điện tử"
40755,DNC,cong-nghe-ky-thuat-dien-dien-tu,X01,Điểm thi THPT,2025,15.0,"Công nghệ kỹ thuật điện, điện tử"
40756,DNC,cong-nghe-ky-thuat-dien-dien-tu,X06,Điểm thi THPT,2025,15.0,"Công nghệ kỹ thuật điện, điện tử"
40757,DNC,cong-nghe-ky-thuat-dien-dien-tu,X26,Điểm thi THPT,2025,15.0,"Công nghệ kỹ thuật điện, điện tử"
40758,DNC,cong-nghe-ky-thuat-hoa-hoc,A00,Điểm thi THPT,2021,22.0,Công nghệ kỹ thuật hóa học
40759,DNC,cong-nghe-ky-thuat-hoa-hoc,B00,Điểm thi THPT,2021,22.0,Công nghệ kỹ thuật hóa học
40760,DNC,cong-nghe-ky-thuat-hoa-hoc,C08,Điểm thi THPT,2021,22.0,Công nghệ kỹ thuật hóa học
40761,DNC,cong-nghe-ky-thuat-hoa-hoc,D07,Điểm thi THPT,2021,22.0,Công nghệ kỹ thuật hóa học
40762,DNC,cong-nghe-ky-thuat-hoa-hoc,A00,Điểm học bạ,2022,18.0,Công nghệ kỹ thuật hóa học
40763,DNC,cong-nghe-ky-thuat-hoa-hoc,B00,Điểm học bạ,2022,18.0,Công nghệ kỹ thuật hóa học
40764,DNC,cong-nghe-ky-thuat-hoa-hoc,C08,Điểm học bạ,2022,18.0,Công nghệ kỹ thuật hóa học
40765,DNC,cong-nghe-ky-thuat-hoa-hoc,D07,Điểm học bạ,2022,18.0,Công nghệ kỹ thuật hóa học
40766,DNC,cong-nghe-ky-thuat-hoa-hoc,A00,Điểm thi THPT,2022,16.0,Công nghệ kỹ thuật hóa học
40767,DNC,cong-nghe-ky-thuat-hoa-hoc,B00,Điểm thi THPT,2022,16.0,Công nghệ kỹ thuật hóa học
40768,DNC,cong-nghe-ky-thuat-hoa-hoc,C08,Điểm thi THPT,2022,16.0,Công nghệ kỹ thuật hóa học
40769,DNC,cong-nghe-ky-thuat-hoa-hoc,D07,Điểm thi THPT,2022,16.0,Công nghệ kỹ thuật hóa học
40770,DNC,cong-nghe-ky-thuat-hoa-hoc,A00,Điểm học bạ,2023,18.0,Công nghệ kỹ thuật hóa học
40771,DNC,cong-nghe-ky-thuat-hoa-hoc,B00,Điểm học bạ,2023,18.0,Công nghệ kỹ thuật hóa học
40772,DNC,cong-nghe-ky-thuat-hoa-hoc,C08,Điểm học bạ,2023,18.0,Công nghệ kỹ thuật hóa học
40773,DNC,cong-nghe-ky-thuat-hoa-hoc,D07,Điểm học bạ,2023,18.0,Công nghệ kỹ thuật hóa học
40774,DNC,cong-nghe-ky-thuat-hoa-hoc,A00,Điểm thi THPT,2023,15.0,Công nghệ kỹ thuật hóa học
40775,DNC,cong-nghe-ky-thuat-hoa-hoc,B00,Điểm thi THPT,2023,15.0,Công nghệ kỹ thuật hóa học
40776,DNC,cong-nghe-ky-thuat-hoa-hoc,C08,Điểm thi THPT,2023,15.0,Công nghệ kỹ thuật hóa học
40777,DNC,cong-nghe-ky-thuat-hoa-hoc,D07,Điểm thi THPT,2023,15.0,Công nghệ kỹ thuật hóa học
40778,DNC,cong-nghe-ky-thuat-hoa-hoc,A00,Điểm học bạ,2024,18.0,Công nghệ kỹ thuật hóa học
40779,DNC,cong-nghe-ky-thuat-hoa-hoc,A02,Điểm học bạ,2024,18.0,Công nghệ kỹ thuật hóa học
40780,DNC,cong-nghe-ky-thuat-hoa-hoc,B00,Điểm học bạ,2024,18.0,Công nghệ kỹ thuật hóa học
40781,DNC,cong-nghe-ky-thuat-hoa-hoc,D07,Điểm học bạ,2024,18.0,Công nghệ kỹ thuật hóa học
40782,DNC,cong-nghe-ky-thuat-hoa-hoc,A00,Điểm thi THPT,2024,16.0,Công nghệ kỹ thuật hóa học
40783,DNC,cong-nghe-ky-thuat-hoa-hoc,A02,Điểm thi THPT,2024,16.0,Công nghệ kỹ thuật hóa học
40784,DNC,cong-nghe-ky-thuat-hoa-hoc,B00,Điểm thi THPT,2024,16.0,Công nghệ kỹ thuật hóa học
40785,DNC,cong-nghe-ky-thuat-hoa-hoc,D07,Điểm thi THPT,2024,16.0,Công nghệ kỹ thuật hóa học
40786,DNC,cong-nghe-ky-thuat-hoa-hoc,A00,Điểm học bạ,2025,18.0,Công nghệ kỹ thuật hóa học
40787,DNC,cong-nghe-ky-thuat-hoa-hoc,A02,Điểm học bạ,2025,18.0,Công nghệ kỹ thuật hóa học
40788,DNC,cong-nghe-ky-thuat-hoa-hoc,B00,Điểm học bạ,2025,18.0,Công nghệ kỹ thuật hóa học
40789,DNC,cong-nghe-ky-thuat-hoa-hoc,D01,Điểm học bạ,2025,18.0,Công nghệ kỹ thuật hóa học
40790,DNC,cong-nghe-ky-thuat-hoa-hoc,D07,Điểm học bạ,2025,18.0,Công nghệ kỹ thuật hóa học
40791,DNC,cong-nghe-ky-thuat-hoa-hoc,D08,Điểm học bạ,2025,18.0,Công nghệ kỹ thuật hóa học
40792,DNC,cong-nghe-ky-thuat-hoa-hoc,X01,Điểm học bạ,2025,18.0,Công nghệ kỹ thuật hóa học
40793,DNC,cong-nghe-ky-thuat-hoa-hoc,X14,Điểm học bạ,2025,18.0,Công nghệ kỹ thuật hóa học
40794,DNC,cong-nghe-ky-thuat-hoa-hoc,A00,Điểm thi THPT,2025,15.0,Công nghệ kỹ thuật hóa học
40795,DNC,cong-nghe-ky-thuat-hoa-hoc,A02,Điểm thi THPT,2025,15.0,Công nghệ kỹ thuật hóa học
40796,DNC,cong-nghe-ky-thuat-hoa-hoc,B00,Điểm thi THPT,2025,15.0,Công nghệ kỹ thuật hóa học
40797,DNC,cong-nghe-ky-thuat-hoa-hoc,D01,Điểm thi THPT,2025,15.0,Công nghệ kỹ thuật hóa học
40798,DNC,cong-nghe-ky-thuat-hoa-hoc,D07,Điểm thi THPT,2025,15.0,Công nghệ kỹ thuật hóa học
40799,DNC,cong-nghe-ky-thuat-hoa-hoc,D08,Điểm thi THPT,2025,15.0,Công nghệ kỹ thuật hóa học
40800,DNC,cong-nghe-ky-thuat-hoa-hoc,X01,Điểm thi THPT,2025,15.0,Công nghệ kỹ thuật hóa học
40801,DNC,cong-nghe-ky-thuat-hoa-hoc,X14,Điểm thi THPT,2025,15.0,Công nghệ kỹ thuật hóa học
40802,DNC,cong-nghe-ky-thuat-o-to,A00,Điểm thi THPT,2021,19.0,Công nghệ kỹ thuật ô tô
40803,DNC,cong-nghe-ky-thuat-o-to,A01,Điểm thi THPT,2021,19.0,Công nghệ kỹ thuật ô tô
40804,DNC,cong-nghe-ky-thuat-o-to,A02,Điểm thi THPT,2021,19.0,Công nghệ kỹ thuật ô tô
40805,DNC,cong-nghe-ky-thuat-o-to,D07,Điểm thi THPT,2021,19.0,Công nghệ kỹ thuật ô tô
40806,DNC,cong-nghe-ky-thuat-o-to,A00,Điểm học bạ,2022,24.0,Công nghệ kỹ thuật ô tô
40807,DNC,cong-nghe-ky-thuat-o-to,A01,Điểm học bạ,2022,24.0,Công nghệ kỹ thuật ô tô
40808,DNC,cong-nghe-ky-thuat-o-to,A02,Điểm học bạ,2022,24.0,Công nghệ kỹ thuật ô tô
40809,DNC,cong-nghe-ky-thuat-o-to,D07,Điểm học bạ,2022,24.0,Công nghệ kỹ thuật ô tô
40810,DNC,cong-nghe-ky-thuat-o-to,A00,Điểm thi THPT,2022,19.0,Công nghệ kỹ thuật ô tô
40811,DNC,cong-nghe-ky-thuat-o-to,A01,Điểm thi THPT,2022,19.0,Công nghệ kỹ thuật ô tô
40812,DNC,cong-nghe-ky-thuat-o-to,A02,Điểm thi THPT,2022,19.0,Công nghệ kỹ thuật ô tô
40813,DNC,cong-nghe-ky-thuat-o-to,D07,Điểm thi THPT,2022,19.0,Công nghệ kỹ thuật ô tô
40814,DNC,cong-nghe-ky-thuat-o-to,A00,Điểm học bạ,2023,18.0,Công nghệ kỹ thuật ô tô
40815,DNC,cong-nghe-ky-thuat-o-to,A01,Điểm học bạ,2023,18.0,Công nghệ kỹ thuật ô tô
40816,DNC,cong-nghe-ky-thuat-o-to,A02,Điểm học bạ,2023,18.0,Công nghệ kỹ thuật ô tô
40817,DNC,cong-nghe-ky-thuat-o-to,D07,Điểm học bạ,2023,18.0,Công nghệ kỹ thuật ô tô
40818,DNC,cong-nghe-ky-thuat-o-to,A00,Điểm thi THPT,2023,19.0,Công nghệ kỹ thuật ô tô
40819,DNC,cong-nghe-ky-thuat-o-to,A01,Điểm thi THPT,2023,19.0,Công nghệ kỹ thuật ô tô
40820,DNC,cong-nghe-ky-thuat-o-to,A02,Điểm thi THPT,2023,19.0,Công nghệ kỹ thuật ô tô
40821,DNC,cong-nghe-ky-thuat-o-to,D07,Điểm thi THPT,2023,19.0,Công nghệ kỹ thuật ô tô
40822,DNC,cong-nghe-ky-thuat-o-to,A00,Điểm học bạ,2024,18.0,Công nghệ kỹ thuật ô tô
40823,DNC,cong-nghe-ky-thuat-o-to,A01,Điểm học bạ,2024,18.0,Công nghệ kỹ thuật ô tô
40824,DNC,cong-nghe-ky-thuat-o-to,A02,Điểm học bạ,2024,18.0,Công nghệ kỹ thuật ô tô
40825,DNC,cong-nghe-ky-thuat-o-to,D07,Điểm học bạ,2024,18.0,Công nghệ kỹ thuật ô tô
40826,DNC,cong-nghe-ky-thuat-o-to,A00,Điểm thi THPT,2024,16.0,Công nghệ kỹ thuật ô tô
40827,DNC,cong-nghe-ky-thuat-o-to,A01,Điểm thi THPT,2024,16.0,Công nghệ kỹ thuật ô tô
40828,DNC,cong-nghe-ky-thuat-o-to,A02,Điểm thi THPT,2024,16.0,Công nghệ kỹ thuật ô tô
40829,DNC,cong-nghe-ky-thuat-o-to,D07,Điểm thi THPT,2024,16.0,Công nghệ kỹ thuật ô tô
40830,DNC,cong-nghe-ky-thuat-o-to,A00,Điểm học bạ,2025,18.0,Công nghệ kỹ thuật ô tô
40831,DNC,cong-nghe-ky-thuat-o-to,A01,Điểm học bạ,2025,18.0,Công nghệ kỹ thuật ô tô
40832,DNC,cong-nghe-ky-thuat-o-to,A02,Điểm học bạ,2025,18.0,Công nghệ kỹ thuật ô tô
40833,DNC,cong-nghe-ky-thuat-o-to,D01,Điểm học bạ,2025,18.0,Công nghệ kỹ thuật ô tô
40834,DNC,cong-nghe-ky-thuat-o-to,D07,Điểm học bạ,2025,18.0,Công nghệ kỹ thuật ô tô
40835,DNC,cong-nghe-ky-thuat-o-to,X02,Điểm học bạ,2025,18.0,Công nghệ kỹ thuật ô tô
40836,DNC,cong-nghe-ky-thuat-o-to,X05,Điểm học bạ,2025,18.0,Công nghệ kỹ thuật ô tô
40837,DNC,cong-nghe-ky-thuat-o-to,X06,Điểm học bạ,2025,18.0,Công nghệ kỹ thuật ô tô
40838,DNC,cong-nghe-ky-thuat-o-to,X08,Điểm học bạ,2025,18.0,Công nghệ kỹ thuật ô tô
40839,DNC,cong-nghe-ky-thuat-o-to,A00,Điểm thi THPT,2025,15.0,Công nghệ kỹ thuật ô tô
40840,DNC,cong-nghe-ky-thuat-o-to,A01,Điểm thi THPT,2025,15.0,Công nghệ kỹ thuật ô tô
40841,DNC,cong-nghe-ky-thuat-o-to,A02,Điểm thi THPT,2025,15.0,Công nghệ kỹ thuật ô tô
40842,DNC,cong-nghe-ky-thuat-o-to,D01,Điểm thi THPT,2025,15.0,Công nghệ kỹ thuật ô tô
40843,DNC,cong-nghe-ky-thuat-o-to,D07,Điểm thi THPT,2025,15.0,Công nghệ kỹ thuật ô tô
40844,DNC,cong-nghe-ky-thuat-o-to,X02,Điểm thi THPT,2025,15.0,Công nghệ kỹ thuật ô tô
40845,DNC,cong-nghe-ky-thuat-o-to,X05,Điểm thi THPT,2025,15.0,Công nghệ kỹ thuật ô tô
40846,DNC,cong-nghe-ky-thuat-o-to,X06,Điểm thi THPT,2025,15.0,Công nghệ kỹ thuật ô tô
40847,DNC,cong-nghe-ky-thuat-o-to,X08,Điểm thi THPT,2025,15.0,Công nghệ kỹ thuật ô tô
40848,DNC,cong-nghe-thong-tin,A00,Điểm thi THPT,2021,20.0,Công nghệ thông tin
40849,DNC,cong-nghe-thong-tin,A01,Điểm thi THPT,2021,20.0,Công nghệ thông tin
40850,DNC,cong-nghe-thong-tin,A02,Điểm thi THPT,2021,20.0,Công nghệ thông tin
40851,DNC,cong-nghe-thong-tin,D07,Điểm thi THPT,2021,20.0,Công nghệ thông tin
40852,DNC,cong-nghe-thong-tin,A00,Điểm học bạ,2022,26.0,Công nghệ thông tin
40853,DNC,cong-nghe-thong-tin,A01,Điểm học bạ,2022,26.0,Công nghệ thông tin
40854,DNC,cong-nghe-thong-tin,A02,Điểm học bạ,2022,26.0,Công nghệ thông tin
40855,DNC,cong-nghe-thong-tin,D07,Điểm học bạ,2022,26.0,Công nghệ thông tin
40856,DNC,cong-nghe-thong-tin,A00,Điểm thi THPT,2022,20.0,Công nghệ thông tin
40857,DNC,cong-nghe-thong-tin,A01,Điểm thi THPT,2022,20.0,Công nghệ thông tin
40858,DNC,cong-nghe-thong-tin,A02,Điểm thi THPT,2022,20.0,Công nghệ thông tin
40859,DNC,cong-nghe-thong-tin,D07,Điểm thi THPT,2022,20.0,Công nghệ thông tin
40860,DNC,cong-nghe-thong-tin,A00,Điểm học bạ,2023,18.0,Công nghệ thông tin
40861,DNC,cong-nghe-thong-tin,A01,Điểm học bạ,2023,18.0,Công nghệ thông tin
40862,DNC,cong-nghe-thong-tin,A02,Điểm học bạ,2023,18.0,Công nghệ thông tin
40863,DNC,cong-nghe-thong-tin,D07,Điểm học bạ,2023,18.0,Công nghệ thông tin
40864,DNC,cong-nghe-thong-tin,A00,Điểm thi THPT,2023,16.0,Công nghệ thông tin
40865,DNC,cong-nghe-thong-tin,A01,Điểm thi THPT,2023,16.0,Công nghệ thông tin
40866,DNC,cong-nghe-thong-tin,A02,Điểm thi THPT,2023,16.0,Công nghệ thông tin
40867,DNC,cong-nghe-thong-tin,D07,Điểm thi THPT,2023,16.0,Công nghệ thông tin
40868,DNC,cong-nghe-thong-tin,A00,Điểm học bạ,2024,18.0,Công nghệ thông tin
40869,DNC,cong-nghe-thong-tin,A01,Điểm học bạ,2024,18.0,Công nghệ thông tin
40870,DNC,cong-nghe-thong-tin,A02,Điểm học bạ,2024,18.0,Công nghệ thông tin
40871,DNC,cong-nghe-thong-tin,D07,Điểm học bạ,2024,18.0,Công nghệ thông tin
40872,DNC,cong-nghe-thong-tin,A00,Điểm thi THPT,2024,16.0,Công nghệ thông tin
40873,DNC,cong-nghe-thong-tin,A01,Điểm thi THPT,2024,16.0,Công nghệ thông tin
40874,DNC,cong-nghe-thong-tin,A02,Điểm thi THPT,2024,16.0,Công nghệ thông tin
40875,DNC,cong-nghe-thong-tin,D07,Điểm thi THPT,2024,16.0,Công nghệ thông tin
40876,DNC,cong-nghe-thong-tin,A00,Điểm học bạ,2025,18.0,Công nghệ thông tin
40877,DNC,cong-nghe-thong-tin,A01,Điểm học bạ,2025,18.0,Công nghệ thông tin
40878,DNC,cong-nghe-thong-tin,A02,Điểm học bạ,2025,18.0,Công nghệ thông tin
40879,DNC,cong-nghe-thong-tin,C01,Điểm học bạ,2025,18.0,Công nghệ thông tin
40880,DNC,cong-nghe-thong-tin,D01,Điểm học bạ,2025,18.0,Công nghệ thông tin
40881,DNC,cong-nghe-thong-tin,X06,Điểm học bạ,2025,18.0,Công nghệ thông tin
40882,DNC,cong-nghe-thong-tin,X08,Điểm học bạ,2025,18.0,Công nghệ thông tin
40883,DNC,cong-nghe-thong-tin,X25,Điểm học bạ,2025,18.0,Công nghệ thông tin
40884,DNC,cong-nghe-thong-tin,X26,Điểm học bạ,2025,18.0,Công nghệ thông tin
40885,DNC,cong-nghe-thong-tin,A00,Điểm thi THPT,2025,15.0,Công nghệ thông tin
40886,DNC,cong-nghe-thong-tin,A01,Điểm thi THPT,2025,15.0,Công nghệ thông tin
40887,DNC,cong-nghe-thong-tin,A02,Điểm thi THPT,2025,15.0,Công nghệ thông tin
40888,DNC,cong-nghe-thong-tin,C01,Điểm thi THPT,2025,15.0,Công nghệ thông tin
40889,DNC,cong-nghe-thong-tin,D01,Điểm thi THPT,2025,15.0,Công nghệ thông tin
40890,DNC,cong-nghe-thong-tin,X06,Điểm thi THPT,2025,15.0,Công nghệ thông tin
40891,DNC,cong-nghe-thong-tin,X08,Điểm thi THPT,2025,15.0,Công nghệ thông tin
40892,DNC,cong-nghe-thong-tin,X25,Điểm thi THPT,2025,15.0,Công nghệ thông tin
40893,DNC,cong-nghe-thong-tin,X26,Điểm thi THPT,2025,15.0,Công nghệ thông tin
40894,DNC,cong-nghe-thuc-pham,A00,Điểm thi THPT,2021,19.0,Công nghệ thực phẩm
40895,DNC,cong-nghe-thuc-pham,A02,Điểm thi THPT,2021,19.0,Công nghệ thực phẩm
40896,DNC,cong-nghe-thuc-pham,B00,Điểm thi THPT,2021,19.0,Công nghệ thực phẩm
40897,DNC,cong-nghe-thuc-pham,D07,Điểm thi THPT,2021,19.0,Công nghệ thực phẩm
40898,DNC,cong-nghe-thuc-pham,A00,Điểm học bạ,2022,24.5,Công nghệ thực phẩm
40899,DNC,cong-nghe-thuc-pham,A02,Điểm học bạ,2022,24.5,Công nghệ thực phẩm
40900,DNC,cong-nghe-thuc-pham,B00,Điểm học bạ,2022,24.5,Công nghệ thực phẩm
40901,DNC,cong-nghe-thuc-pham,D07,Điểm học bạ,2022,24.5,Công nghệ thực phẩm
40902,DNC,cong-nghe-thuc-pham,A00,Điểm thi THPT,2022,18.0,Công nghệ thực phẩm
40903,DNC,cong-nghe-thuc-pham,A02,Điểm thi THPT,2022,18.0,Công nghệ thực phẩm
40904,DNC,cong-nghe-thuc-pham,B00,Điểm thi THPT,2022,18.0,Công nghệ thực phẩm
40905,DNC,cong-nghe-thuc-pham,D07,Điểm thi THPT,2022,18.0,Công nghệ thực phẩm
40906,DNC,cong-nghe-thuc-pham,A00,Điểm học bạ,2023,18.0,Công nghệ thực phẩm
40907,DNC,cong-nghe-thuc-pham,A02,Điểm học bạ,2023,18.0,Công nghệ thực phẩm
40908,DNC,cong-nghe-thuc-pham,B00,Điểm học bạ,2023,18.0,Công nghệ thực phẩm
40909,DNC,cong-nghe-thuc-pham,D07,Điểm học bạ,2023,18.0,Công nghệ thực phẩm
40910,DNC,cong-nghe-thuc-pham,A00,Điểm thi THPT,2023,15.0,Công nghệ thực phẩm
40911,DNC,cong-nghe-thuc-pham,A02,Điểm thi THPT,2023,15.0,Công nghệ thực phẩm
40912,DNC,cong-nghe-thuc-pham,B00,Điểm thi THPT,2023,15.0,Công nghệ thực phẩm
40913,DNC,cong-nghe-thuc-pham,D07,Điểm thi THPT,2023,15.0,Công nghệ thực phẩm
40914,DNC,cong-nghe-thuc-pham,A00,Điểm học bạ,2024,18.0,Công nghệ thực phẩm
40915,DNC,cong-nghe-thuc-pham,A02,Điểm học bạ,2024,18.0,Công nghệ thực phẩm
40916,DNC,cong-nghe-thuc-pham,B00,Điểm học bạ,2024,18.0,Công nghệ thực phẩm
40917,DNC,cong-nghe-thuc-pham,D07,Điểm học bạ,2024,18.0,Công nghệ thực phẩm
40918,DNC,cong-nghe-thuc-pham,A00,Điểm thi THPT,2024,16.0,Công nghệ thực phẩm
40919,DNC,cong-nghe-thuc-pham,A02,Điểm thi THPT,2024,16.0,Công nghệ thực phẩm
40920,DNC,cong-nghe-thuc-pham,B00,Điểm thi THPT,2024,16.0,Công nghệ thực phẩm
40921,DNC,cong-nghe-thuc-pham,D07,Điểm thi THPT,2024,16.0,Công nghệ thực phẩm
40922,DNC,cong-nghe-thuc-pham,A00,Điểm học bạ,2025,18.0,Công nghệ thực phẩm
40923,DNC,cong-nghe-thuc-pham,A02,Điểm học bạ,2025,18.0,Công nghệ thực phẩm
40924,DNC,cong-nghe-thuc-pham,B00,Điểm học bạ,2025,18.0,Công nghệ thực phẩm
40925,DNC,cong-nghe-thuc-pham,D01,Điểm học bạ,2025,18.0,Công nghệ thực phẩm
40926,DNC,cong-nghe-thuc-pham,D07,Điểm học bạ,2025,18.0,Công nghệ thực phẩm
40927,DNC,cong-nghe-thuc-pham,D08,Điểm học bạ,2025,18.0,Công nghệ thực phẩm
40928,DNC,cong-nghe-thuc-pham,X01,Điểm học bạ,2025,18.0,Công nghệ thực phẩm
40929,DNC,cong-nghe-thuc-pham,X14,Điểm học bạ,2025,18.0,Công nghệ thực phẩm
40930,DNC,cong-nghe-thuc-pham,A00,Điểm thi THPT,2025,15.0,Công nghệ thực phẩm
40931,DNC,cong-nghe-thuc-pham,A02,Điểm thi THPT,2025,15.0,Công nghệ thực phẩm
40932,DNC,cong-nghe-thuc-pham,B00,Điểm thi THPT,2025,15.0,Công nghệ thực phẩm
40933,DNC,cong-nghe-thuc-pham,D01,Điểm thi THPT,2025,15.0,Công nghệ thực phẩm
40934,DNC,cong-nghe-thuc-pham,D07,Điểm thi THPT,2025,15.0,Công nghệ thực phẩm
40935,DNC,cong-nghe-thuc-pham,D08,Điểm thi THPT,2025,15.0,Công nghệ thực phẩm
40936,DNC,cong-nghe-thuc-pham,X01,Điểm thi THPT,2025,15.0,Công nghệ thực phẩm
40937,DNC,cong-nghe-thuc-pham,X14,Điểm thi THPT,2025,15.0,Công nghệ thực phẩm
40938,DNC,dieu-duong,A00,Điểm học bạ,2024,19.5,Điều dưỡng
40939,DNC,dieu-duong,B00,Điểm học bạ,2024,19.5,Điều dưỡng
40940,DNC,dieu-duong,D07,Điểm học bạ,2024,19.5,Điều dưỡng
40941,DNC,dieu-duong,D08,Điểm học bạ,2024,19.5,Điều dưỡng
40942,DNC,dieu-duong,A00,Điểm thi THPT,2024,19.0,Điều dưỡng
40943,DNC,dieu-duong,B00,Điểm thi THPT,2024,19.0,Điều dưỡng
40944,DNC,dieu-duong,D07,Điểm thi THPT,2024,19.0,Điều dưỡng
40945,DNC,dieu-duong,D08,Điểm thi THPT,2024,19.0,Điều dưỡng
40946,DNC,dieu-duong,A00,Điểm học bạ,2025,20.5,Điều dưỡng
40947,DNC,dieu-duong,B00,Điểm học bạ,2025,20.5,Điều dưỡng
40948,DNC,dieu-duong,B03,Điểm học bạ,2025,20.5,Điều dưỡng
40949,DNC,dieu-duong,D01,Điểm học bạ,2025,20.5,Điều dưỡng
40950,DNC,dieu-duong,D07,Điểm học bạ,2025,20.5,Điều dưỡng
40951,DNC,dieu-duong,D08,Điểm học bạ,2025,20.5,Điều dưỡng
40952,DNC,dieu-duong,X09,Điểm học bạ,2025,20.5,Điều dưỡng
40953,DNC,dieu-duong,X10,Điểm học bạ,2025,20.5,Điều dưỡng
40954,DNC,dieu-duong,A00,Điểm thi THPT,2025,17.0,Điều dưỡng
40955,DNC,dieu-duong,B00,Điểm thi THPT,2025,17.0,Điều dưỡng
40956,DNC,dieu-duong,B03,Điểm thi THPT,2025,17.0,Điều dưỡng
40957,DNC,dieu-duong,D01,Điểm thi THPT,2025,17.0,Điều dưỡng
40958,DNC,dieu-duong,D07,Điểm thi THPT,2025,17.0,Điều dưỡng
40959,DNC,dieu-duong,D08,Điểm thi THPT,2025,17.0,Điều dưỡng
40960,DNC,dieu-duong,X09,Điểm thi THPT,2025,17.0,Điều dưỡng
40961,DNC,dieu-duong,X10,Điểm thi THPT,2025,17.0,Điều dưỡng
40962,DNC,duoc-hoc,A00,Điểm thi THPT,2021,21.0,Dược học
40963,DNC,duoc-hoc,B00,Điểm thi THPT,2021,21.0,Dược học
40964,DNC,duoc-hoc,D07,Điểm thi THPT,2021,21.0,Dược học
40965,DNC,duoc-hoc,D08,Điểm thi THPT,2021,21.0,Dược học
40966,DNC,duoc-hoc,A00,Điểm học bạ,2022,24.0,Dược học
40967,DNC,duoc-hoc,B00,Điểm học bạ,2022,24.0,Dược học
40968,DNC,duoc-hoc,D07,Điểm học bạ,2022,24.0,Dược học
40969,DNC,duoc-hoc,D08,Điểm học bạ,2022,24.0,Dược học
40970,DNC,duoc-hoc,A00,Điểm thi THPT,2022,21.0,Dược học
40971,DNC,duoc-hoc,B00,Điểm thi THPT,2022,21.0,Dược học
40972,DNC,duoc-hoc,D07,Điểm thi THPT,2022,21.0,Dược học
40973,DNC,duoc-hoc,D08,Điểm thi THPT,2022,21.0,Dược học
40974,DNC,duoc-hoc,A00,Điểm học bạ,2023,24.0,Dược học
40975,DNC,duoc-hoc,B00,Điểm học bạ,2023,24.0,Dược học
40976,DNC,duoc-hoc,D07,Điểm học bạ,2023,24.0,Dược học
40977,DNC,duoc-hoc,D08,Điểm học bạ,2023,24.0,Dược học
40978,DNC,duoc-hoc,A00,Điểm thi THPT,2023,21.0,Dược học
40979,DNC,duoc-hoc,B00,Điểm thi THPT,2023,21.0,Dược học
40980,DNC,duoc-hoc,D07,Điểm thi THPT,2023,21.0,Dược học
40981,DNC,duoc-hoc,D08,Điểm thi THPT,2023,21.0,Dược học
40982,DNC,duoc-hoc,A00,Điểm học bạ,2024,24.0,Dược học
40983,DNC,duoc-hoc,B00,Điểm học bạ,2024,24.0,Dược học
40984,DNC,duoc-hoc,D07,Điểm học bạ,2024,24.0,Dược học
40985,DNC,duoc-hoc,D08,Điểm học bạ,2024,24.0,Dược học
40986,DNC,duoc-hoc,A00,Điểm thi THPT,2024,21.0,Dược học
40987,DNC,duoc-hoc,B00,Điểm thi THPT,2024,21.0,Dược học
40988,DNC,duoc-hoc,D07,Điểm thi THPT,2024,21.0,Dược học
40989,DNC,duoc-hoc,D08,Điểm thi THPT,2024,21.0,Dược học
40990,DNC,duoc-hoc,A00,Điểm học bạ,2025,22.5,Dược học
40991,DNC,duoc-hoc,A02,Điểm học bạ,2025,22.5,Dược học
40992,DNC,duoc-hoc,B00,Điểm học bạ,2025,22.5,Dược học
40993,DNC,duoc-hoc,B03,Điểm học bạ,2025,22.5,Dược học
40994,DNC,duoc-hoc,D07,Điểm học bạ,2025,22.5,Dược học
40995,DNC,duoc-hoc,D08,Điểm học bạ,2025,22.5,Dược học
40996,DNC,duoc-hoc,A00,Điểm thi THPT,2025,19.0,Dược học
40997,DNC,duoc-hoc,A02,Điểm thi THPT,2025,19.0,Dược học
40998,DNC,duoc-hoc,B00,Điểm thi THPT,2025,19.0,Dược học
40999,DNC,duoc-hoc,B03,Điểm thi THPT,2025,19.0,Dược học
41000,DNC,duoc-hoc,D07,Điểm thi THPT,2025,19.0,Dược học
41001,DNC,duoc-hoc,D08,Điểm thi THPT,2025,19.0,Dược học
41002,DNC,ke-toan,A00,Điểm thi THPT,2021,22.0,Kế toán
41003,DNC,ke-toan,A01,Điểm thi THPT,2021,22.0,Kế toán
41004,DNC,ke-toan,C04,Điểm thi THPT,2021,22.0,Kế toán
41005,DNC,ke-toan,D01,Điểm thi THPT,2021,22.0,Kế toán
41006,DNC,ke-toan,A00,Điểm học bạ,2022,24.0,Kế toán
41007,DNC,ke-toan,A01,Điểm học bạ,2022,24.0,Kế toán
41008,DNC,ke-toan,C04,Điểm học bạ,2022,24.0,Kế toán
41009,DNC,ke-toan,D01,Điểm học bạ,2022,24.0,Kế toán
41010,DNC,ke-toan,A00,Điểm thi THPT,2022,18.0,Kế toán
41011,DNC,ke-toan,A01,Điểm thi THPT,2022,18.0,Kế toán
41012,DNC,ke-toan,C04,Điểm thi THPT,2022,18.0,Kế toán
41013,DNC,ke-toan,D01,Điểm thi THPT,2022,18.0,Kế toán
41014,DNC,ke-toan,A00,Điểm học bạ,2023,18.0,Kế toán
41015,DNC,ke-toan,A01,Điểm học bạ,2023,18.0,Kế toán
41016,DNC,ke-toan,C04,Điểm học bạ,2023,18.0,Kế toán
41017,DNC,ke-toan,D01,Điểm học bạ,2023,18.0,Kế toán
41018,DNC,ke-toan,A00,Điểm thi THPT,2023,15.0,Kế toán
41019,DNC,ke-toan,A01,Điểm thi THPT,2023,15.0,Kế toán
41020,DNC,ke-toan,C04,Điểm thi THPT,2023,15.0,Kế toán
41021,DNC,ke-toan,D01,Điểm thi THPT,2023,15.0,Kế toán
41022,DNC,ke-toan,A00,Điểm học bạ,2024,18.0,Kế toán
41023,DNC,ke-toan,A01,Điểm học bạ,2024,18.0,Kế toán
41024,DNC,ke-toan,C04,Điểm học bạ,2024,18.0,Kế toán
41025,DNC,ke-toan,D01,Điểm học bạ,2024,18.0,Kế toán
41026,DNC,ke-toan,A00,Điểm thi THPT,2024,16.0,Kế toán
41027,DNC,ke-toan,A01,Điểm thi THPT,2024,16.0,Kế toán
41028,DNC,ke-toan,C04,Điểm thi THPT,2024,16.0,Kế toán
41029,DNC,ke-toan,D01,Điểm thi THPT,2024,16.0,Kế toán
41030,DNC,ke-toan,A00,Điểm học bạ,2025,18.0,Kế toán
41031,DNC,ke-toan,A01,Điểm học bạ,2025,18.0,Kế toán
41032,DNC,ke-toan,C03,Điểm học bạ,2025,18.0,Kế toán
41033,DNC,ke-toan,C04,Điểm học bạ,2025,18.0,Kế toán
41034,DNC,ke-toan,D01,Điểm học bạ,2025,18.0,Kế toán
41035,DNC,ke-toan,D10,Điểm học bạ,2025,18.0,Kế toán
41036,DNC,ke-toan,X17,Điểm học bạ,2025,18.0,Kế toán
41037,DNC,ke-toan,X56,Điểm học bạ,2025,18.0,Kế toán
41038,DNC,ke-toan,Y07,Điểm học bạ,2025,18.0,Kế toán
41039,DNC,ke-toan,A00,Điểm thi THPT,2025,15.0,Kế toán
41040,DNC,ke-toan,A01,Điểm thi THPT,2025,15.0,Kế toán
41041,DNC,ke-toan,C03,Điểm thi THPT,2025,15.0,Kế toán
41042,DNC,ke-toan,C04,Điểm thi THPT,2025,15.0,Kế toán
41043,DNC,ke-toan,D01,Điểm thi THPT,2025,15.0,Kế toán
41044,DNC,ke-toan,D10,Điểm thi THPT,2025,15.0,Kế toán
41045,DNC,ke-toan,X17,Điểm thi THPT,2025,15.0,Kế toán
41046,DNC,ke-toan,X56,Điểm thi THPT,2025,15.0,Kế toán
41047,DNC,ke-toan,Y07,Điểm thi THPT,2025,15.0,Kế toán
41048,DNC,khoa-hoc-may-tinh,A00,Điểm thi THPT,2021,16.0,Khoa học máy tính
41049,DNC,khoa-hoc-may-tinh,A01,Điểm thi THPT,2021,16.0,Khoa học máy tính
41050,DNC,khoa-hoc-may-tinh,A02,Điểm thi THPT,2021,16.0,Khoa học máy tính
41051,DNC,khoa-hoc-may-tinh,D07,Điểm thi THPT,2021,16.0,Khoa học máy tính
41052,DNC,khoa-hoc-may-tinh,A00,Điểm học bạ,2022,18.0,Khoa học máy tính
41053,DNC,khoa-hoc-may-tinh,A01,Điểm học bạ,2022,18.0,Khoa học máy tính
41054,DNC,khoa-hoc-may-tinh,A02,Điểm học bạ,2022,18.0,Khoa học máy tính
41055,DNC,khoa-hoc-may-tinh,D07,Điểm học bạ,2022,18.0,Khoa học máy tính
41056,DNC,khoa-hoc-may-tinh,A00,Điểm thi THPT,2022,16.0,Khoa học máy tính
41057,DNC,khoa-hoc-may-tinh,A01,Điểm thi THPT,2022,16.0,Khoa học máy tính
41058,DNC,khoa-hoc-may-tinh,A02,Điểm thi THPT,2022,16.0,Khoa học máy tính
41059,DNC,khoa-hoc-may-tinh,D07,Điểm thi THPT,2022,16.0,Khoa học máy tính
41060,DNC,khoa-hoc-may-tinh,A00,Điểm học bạ,2023,18.0,Khoa học máy tính
41061,DNC,khoa-hoc-may-tinh,A01,Điểm học bạ,2023,18.0,Khoa học máy tính
41062,DNC,khoa-hoc-may-tinh,A02,Điểm học bạ,2023,18.0,Khoa học máy tính
41063,DNC,khoa-hoc-may-tinh,D07,Điểm học bạ,2023,18.0,Khoa học máy tính
41064,DNC,khoa-hoc-may-tinh,A00,Điểm thi THPT,2023,15.0,Khoa học máy tính
41065,DNC,khoa-hoc-may-tinh,A01,Điểm thi THPT,2023,15.0,Khoa học máy tính
41066,DNC,khoa-hoc-may-tinh,A02,Điểm thi THPT,2023,15.0,Khoa học máy tính
41067,DNC,khoa-hoc-may-tinh,D07,Điểm thi THPT,2023,15.0,Khoa học máy tính
41068,DNC,khoa-hoc-may-tinh,A00,Điểm học bạ,2024,18.0,Khoa học máy tính
41069,DNC,khoa-hoc-may-tinh,A01,Điểm học bạ,2024,18.0,Khoa học máy tính
41070,DNC,khoa-hoc-may-tinh,A02,Điểm học bạ,2024,18.0,Khoa học máy tính
41071,DNC,khoa-hoc-may-tinh,D07,Điểm học bạ,2024,18.0,Khoa học máy tính
41072,DNC,khoa-hoc-may-tinh,A00,Điểm thi THPT,2024,16.0,Khoa học máy tính
41073,DNC,khoa-hoc-may-tinh,A01,Điểm thi THPT,2024,16.0,Khoa học máy tính
41074,DNC,khoa-hoc-may-tinh,A02,Điểm thi THPT,2024,16.0,Khoa học máy tính
41075,DNC,khoa-hoc-may-tinh,D07,Điểm thi THPT,2024,16.0,Khoa học máy tính
41076,DNC,khoa-hoc-may-tinh,A00,Điểm học bạ,2025,18.0,Khoa học máy tính
41077,DNC,khoa-hoc-may-tinh,A01,Điểm học bạ,2025,18.0,Khoa học máy tính
41078,DNC,khoa-hoc-may-tinh,A02,Điểm học bạ,2025,18.0,Khoa học máy tính
41079,DNC,khoa-hoc-may-tinh,C01,Điểm học bạ,2025,18.0,Khoa học máy tính
41080,DNC,khoa-hoc-may-tinh,D01,Điểm học bạ,2025,18.0,Khoa học máy tính
41081,DNC,khoa-hoc-may-tinh,X06,Điểm học bạ,2025,18.0,Khoa học máy tính
41082,DNC,khoa-hoc-may-tinh,X08,Điểm học bạ,2025,18.0,Khoa học máy tính
41083,DNC,khoa-hoc-may-tinh,X25,Điểm học bạ,2025,18.0,Khoa học máy tính
41084,DNC,khoa-hoc-may-tinh,X26,Điểm học bạ,2025,18.0,Khoa học máy tính
41085,DNC,khoa-hoc-may-tinh,A00,Điểm thi THPT,2025,15.0,Khoa học máy tính
41086,DNC,khoa-hoc-may-tinh,A01,Điểm thi THPT,2025,15.0,Khoa học máy tính
41087,DNC,khoa-hoc-may-tinh,A02,Điểm thi THPT,2025,15.0,Khoa học máy tính
41088,DNC,khoa-hoc-may-tinh,C01,Điểm thi THPT,2025,15.0,Khoa học máy tính
41089,DNC,khoa-hoc-may-tinh,D01,Điểm thi THPT,2025,15.0,Khoa học máy tính
41090,DNC,khoa-hoc-may-tinh,X06,Điểm thi THPT,2025,15.0,Khoa học máy tính
41091,DNC,khoa-hoc-may-tinh,X08,Điểm thi THPT,2025,15.0,Khoa học máy tính
41092,DNC,khoa-hoc-may-tinh,X25,Điểm thi THPT,2025,15.0,Khoa học máy tính
41093,DNC,khoa-hoc-may-tinh,X26,Điểm thi THPT,2025,15.0,Khoa học máy tính
41094,DNC,kien-truc,A00,Điểm thi THPT,2021,19.0,Kiến trúc
41095,DNC,kien-truc,D01,Điểm thi THPT,2021,19.0,Kiến trúc
41096,DNC,kien-truc,V00,Điểm thi THPT,2021,19.0,Kiến trúc
41097,DNC,kien-truc,V01,Điểm thi THPT,2021,19.0,Kiến trúc
41098,DNC,kien-truc,A00,Điểm học bạ,2022,23.0,Kiến trúc
41099,DNC,kien-truc,D01,Điểm học bạ,2022,23.0,Kiến trúc
41100,DNC,kien-truc,V00,Điểm học bạ,2022,23.0,Kiến trúc
41101,DNC,kien-truc,V01,Điểm học bạ,2022,23.0,Kiến trúc
41102,DNC,kien-truc,A00,Điểm thi THPT,2022,18.0,Kiến trúc
41103,DNC,kien-truc,D01,Điểm thi THPT,2022,18.0,Kiến trúc
41104,DNC,kien-truc,V00,Điểm thi THPT,2022,18.0,Kiến trúc
41105,DNC,kien-truc,V01,Điểm thi THPT,2022,18.0,Kiến trúc
41106,DNC,kien-truc,A00,Điểm học bạ,2023,18.0,Kiến trúc
41107,DNC,kien-truc,D01,Điểm học bạ,2023,18.0,Kiến trúc
41108,DNC,kien-truc,V00,Điểm học bạ,2023,18.0,Kiến trúc
41109,DNC,kien-truc,V01,Điểm học bạ,2023,18.0,Kiến trúc
41110,DNC,kien-truc,A00,Điểm thi THPT,2023,15.0,Kiến trúc
41111,DNC,kien-truc,D01,Điểm thi THPT,2023,15.0,Kiến trúc
41112,DNC,kien-truc,V00,Điểm thi THPT,2023,15.0,Kiến trúc
41113,DNC,kien-truc,V01,Điểm thi THPT,2023,15.0,Kiến trúc
41114,DNC,kien-truc,A00,Điểm học bạ,2024,18.0,Kiến trúc
41115,DNC,kien-truc,D01,Điểm học bạ,2024,18.0,Kiến trúc
41116,DNC,kien-truc,V00,Điểm học bạ,2024,18.0,Kiến trúc
41117,DNC,kien-truc,V01,Điểm học bạ,2024,18.0,Kiến trúc
41118,DNC,kien-truc,A00,Điểm thi THPT,2024,6.0,Kiến trúc
41119,DNC,kien-truc,D01,Điểm thi THPT,2024,6.0,Kiến trúc
41120,DNC,kien-truc,V00,Điểm thi THPT,2024,6.0,Kiến trúc
41121,DNC,kien-truc,V01,Điểm thi THPT,2024,6.0,Kiến trúc
41122,DNC,kien-truc,A00,Điểm học bạ,2025,18.0,Kiến trúc
41123,DNC,kien-truc,C01,Điểm học bạ,2025,18.0,Kiến trúc
41124,DNC,kien-truc,D01,Điểm học bạ,2025,18.0,Kiến trúc
41125,DNC,kien-truc,V00,Điểm học bạ,2025,18.0,Kiến trúc
41126,DNC,kien-truc,V01,Điểm học bạ,2025,18.0,Kiến trúc
41127,DNC,kien-truc,X06,Điểm học bạ,2025,18.0,Kiến trúc
41128,DNC,kien-truc,X56,Điểm học bạ,2025,18.0,Kiến trúc
41129,DNC,kien-truc,A00,Điểm thi THPT,2025,15.0,Kiến trúc
41130,DNC,kien-truc,C01,Điểm thi THPT,2025,15.0,Kiến trúc
41131,DNC,kien-truc,D01,Điểm thi THPT,2025,15.0,Kiến trúc
41132,DNC,kien-truc,V00,Điểm thi THPT,2025,15.0,Kiến trúc
41133,DNC,kien-truc,V01,Điểm thi THPT,2025,15.0,Kiến trúc
41134,DNC,kien-truc,X06,Điểm thi THPT,2025,15.0,Kiến trúc
41135,DNC,kien-truc,X56,Điểm thi THPT,2025,15.0,Kiến trúc
41136,DNC,kinh-doanh-quoc-te,A00,Điểm thi THPT,2021,21.0,Kinh doanh quốc tế
41137,DNC,kinh-doanh-quoc-te,A01,Điểm thi THPT,2021,21.0,Kinh doanh quốc tế
41138,DNC,kinh-doanh-quoc-te,C04,Điểm thi THPT,2021,21.0,Kinh doanh quốc tế
41139,DNC,kinh-doanh-quoc-te,D01,Điểm thi THPT,2021,21.0,Kinh doanh quốc tế
41140,DNC,kinh-doanh-quoc-te,A00,Điểm học bạ,2022,18.0,Kinh doanh quốc tế
41141,DNC,kinh-doanh-quoc-te,A01,Điểm học bạ,2022,18.0,Kinh doanh quốc tế
41142,DNC,kinh-doanh-quoc-te,C04,Điểm học bạ,2022,18.0,Kinh doanh quốc tế
41143,DNC,kinh-doanh-quoc-te,D01,Điểm học bạ,2022,18.0,Kinh doanh quốc tế
41144,DNC,kinh-doanh-quoc-te,A00,Điểm thi THPT,2022,16.0,Kinh doanh quốc tế
41145,DNC,kinh-doanh-quoc-te,A01,Điểm thi THPT,2022,16.0,Kinh doanh quốc tế
41146,DNC,kinh-doanh-quoc-te,C04,Điểm thi THPT,2022,16.0,Kinh doanh quốc tế
41147,DNC,kinh-doanh-quoc-te,D01,Điểm thi THPT,2022,16.0,Kinh doanh quốc tế
41148,DNC,kinh-doanh-quoc-te,A00,Điểm học bạ,2023,18.0,Kinh doanh quốc tế
41149,DNC,kinh-doanh-quoc-te,A01,Điểm học bạ,2023,18.0,Kinh doanh quốc tế
41150,DNC,kinh-doanh-quoc-te,C04,Điểm học bạ,2023,18.0,Kinh doanh quốc tế
41151,DNC,kinh-doanh-quoc-te,D01,Điểm học bạ,2023,18.0,Kinh doanh quốc tế
41152,DNC,kinh-doanh-quoc-te,A00,Điểm thi THPT,2023,15.0,Kinh doanh quốc tế
41153,DNC,kinh-doanh-quoc-te,A01,Điểm thi THPT,2023,15.0,Kinh doanh quốc tế
41154,DNC,kinh-doanh-quoc-te,C04,Điểm thi THPT,2023,15.0,Kinh doanh quốc tế
41155,DNC,kinh-doanh-quoc-te,D01,Điểm thi THPT,2023,15.0,Kinh doanh quốc tế
41156,DNC,kinh-doanh-quoc-te,A00,Điểm học bạ,2024,18.0,Kinh doanh quốc tế
41157,DNC,kinh-doanh-quoc-te,A01,Điểm học bạ,2024,18.0,Kinh doanh quốc tế
41158,DNC,kinh-doanh-quoc-te,C04,Điểm học bạ,2024,18.0,Kinh doanh quốc tế
41159,DNC,kinh-doanh-quoc-te,D01,Điểm học bạ,2024,18.0,Kinh doanh quốc tế
41160,DNC,kinh-doanh-quoc-te,A00,Điểm thi THPT,2024,16.0,Kinh doanh quốc tế
41161,DNC,kinh-doanh-quoc-te,A01,Điểm thi THPT,2024,16.0,Kinh doanh quốc tế
41162,DNC,kinh-doanh-quoc-te,C04,Điểm thi THPT,2024,16.0,Kinh doanh quốc tế
41163,DNC,kinh-doanh-quoc-te,D01,Điểm thi THPT,2024,16.0,Kinh doanh quốc tế
41164,DNC,kinh-doanh-quoc-te,A00,Điểm học bạ,2025,18.0,Kinh doanh quốc tế
41165,DNC,kinh-doanh-quoc-te,A01,Điểm học bạ,2025,18.0,Kinh doanh quốc tế
41166,DNC,kinh-doanh-quoc-te,C03,Điểm học bạ,2025,18.0,Kinh doanh quốc tế
41167,DNC,kinh-doanh-quoc-te,C04,Điểm học bạ,2025,18.0,Kinh doanh quốc tế
41168,DNC,kinh-doanh-quoc-te,D01,Điểm học bạ,2025,18.0,Kinh doanh quốc tế
41169,DNC,kinh-doanh-quoc-te,D10,Điểm học bạ,2025,18.0,Kinh doanh quốc tế
41170,DNC,kinh-doanh-quoc-te,X17,Điểm học bạ,2025,18.0,Kinh doanh quốc tế
41171,DNC,kinh-doanh-quoc-te,X56,Điểm học bạ,2025,18.0,Kinh doanh quốc tế
41172,DNC,kinh-doanh-quoc-te,Y07,Điểm học bạ,2025,18.0,Kinh doanh quốc tế
41173,DNC,kinh-doanh-quoc-te,A00,Điểm thi THPT,2025,15.0,Kinh doanh quốc tế
41174,DNC,kinh-doanh-quoc-te,A01,Điểm thi THPT,2025,15.0,Kinh doanh quốc tế
41175,DNC,kinh-doanh-quoc-te,C03,Điểm thi THPT,2025,15.0,Kinh doanh quốc tế
41176,DNC,kinh-doanh-quoc-te,C04,Điểm thi THPT,2025,15.0,Kinh doanh quốc tế
41177,DNC,kinh-doanh-quoc-te,D01,Điểm thi THPT,2025,15.0,Kinh doanh quốc tế
41178,DNC,kinh-doanh-quoc-te,D10,Điểm thi THPT,2025,15.0,Kinh doanh quốc tế
41179,DNC,kinh-doanh-quoc-te,X17,Điểm thi THPT,2025,15.0,Kinh doanh quốc tế
41180,DNC,kinh-doanh-quoc-te,X56,Điểm thi THPT,2025,15.0,Kinh doanh quốc tế
41181,DNC,kinh-doanh-quoc-te,Y07,Điểm thi THPT,2025,15.0,Kinh doanh quốc tế
41182,DNC,kinh-te-so,A00,Điểm học bạ,2022,18.0,Kinh tế số
41183,DNC,kinh-te-so,A01,Điểm học bạ,2022,18.0,Kinh tế số
41184,DNC,kinh-te-so,C04,Điểm học bạ,2022,18.0,Kinh tế số
41185,DNC,kinh-te-so,D01,Điểm học bạ,2022,18.0,Kinh tế số
41186,DNC,kinh-te-so,A00,Điểm thi THPT,2022,16.0,Kinh tế số
41187,DNC,kinh-te-so,A01,Điểm thi THPT,2022,16.0,Kinh tế số
41188,DNC,kinh-te-so,C04,Điểm thi THPT,2022,16.0,Kinh tế số
41189,DNC,kinh-te-so,D01,Điểm thi THPT,2022,16.0,Kinh tế số
41190,DNC,kinh-te-so,A00,Điểm học bạ,2023,18.0,Kinh tế số
41191,DNC,kinh-te-so,A01,Điểm học bạ,2023,18.0,Kinh tế số
41192,DNC,kinh-te-so,C04,Điểm học bạ,2023,18.0,Kinh tế số
41193,DNC,kinh-te-so,D01,Điểm học bạ,2023,18.0,Kinh tế số
41194,DNC,kinh-te-so,A00,Điểm thi THPT,2023,15.0,Kinh tế số
41195,DNC,kinh-te-so,A01,Điểm thi THPT,2023,15.0,Kinh tế số
41196,DNC,kinh-te-so,C04,Điểm thi THPT,2023,15.0,Kinh tế số
41197,DNC,kinh-te-so,D01,Điểm thi THPT,2023,15.0,Kinh tế số
41198,DNC,kinh-te-so,A00,Điểm học bạ,2024,18.0,Kinh tế số
41199,DNC,kinh-te-so,A01,Điểm học bạ,2024,18.0,Kinh tế số
41200,DNC,kinh-te-so,C04,Điểm học bạ,2024,18.0,Kinh tế số
41201,DNC,kinh-te-so,D01,Điểm học bạ,2024,18.0,Kinh tế số
41202,DNC,kinh-te-so,A00,Điểm thi THPT,2024,16.0,Kinh tế số
41203,DNC,kinh-te-so,A01,Điểm thi THPT,2024,16.0,Kinh tế số
41204,DNC,kinh-te-so,C04,Điểm thi THPT,2024,16.0,Kinh tế số
41205,DNC,kinh-te-so,D01,Điểm thi THPT,2024,16.0,Kinh tế số
41206,DNC,kinh-te-so,A00,Điểm học bạ,2025,18.0,Kinh tế số
41207,DNC,kinh-te-so,A01,Điểm học bạ,2025,18.0,Kinh tế số
41208,DNC,kinh-te-so,C03,Điểm học bạ,2025,18.0,Kinh tế số
41209,DNC,kinh-te-so,C04,Điểm học bạ,2025,18.0,Kinh tế số
41210,DNC,kinh-te-so,D01,Điểm học bạ,2025,18.0,Kinh tế số
41211,DNC,kinh-te-so,D10,Điểm học bạ,2025,18.0,Kinh tế số
41212,DNC,kinh-te-so,X17,Điểm học bạ,2025,18.0,Kinh tế số
41213,DNC,kinh-te-so,X56,Điểm học bạ,2025,18.0,Kinh tế số
41214,DNC,kinh-te-so,Y07,Điểm học bạ,2025,18.0,Kinh tế số
41215,DNC,kinh-te-so,A00,Điểm thi THPT,2025,15.0,Kinh tế số
41216,DNC,kinh-te-so,A01,Điểm thi THPT,2025,15.0,Kinh tế số
41217,DNC,kinh-te-so,C03,Điểm thi THPT,2025,15.0,Kinh tế số
41218,DNC,kinh-te-so,C04,Điểm thi THPT,2025,15.0,Kinh tế số
41219,DNC,kinh-te-so,D01,Điểm thi THPT,2025,15.0,Kinh tế số
41220,DNC,kinh-te-so,D10,Điểm thi THPT,2025,15.0,Kinh tế số
41221,DNC,kinh-te-so,X17,Điểm thi THPT,2025,15.0,Kinh tế số
41222,DNC,kinh-te-so,X56,Điểm thi THPT,2025,15.0,Kinh tế số
41223,DNC,kinh-te-so,Y07,Điểm thi THPT,2025,15.0,Kinh tế số
41224,DNC,ky-thuat-co-khi-dong-luc,A00,Điểm thi THPT,2021,17.0,Kỹ thuật cơ khí động lực
41225,DNC,ky-thuat-co-khi-dong-luc,A01,Điểm thi THPT,2021,17.0,Kỹ thuật cơ khí động lực
41226,DNC,ky-thuat-co-khi-dong-luc,A02,Điểm thi THPT,2021,17.0,Kỹ thuật cơ khí động lực
41227,DNC,ky-thuat-co-khi-dong-luc,D07,Điểm thi THPT,2021,17.0,Kỹ thuật cơ khí động lực
41228,DNC,ky-thuat-co-khi-dong-luc,A00,Điểm học bạ,2022,21.0,Kỹ thuật cơ khí động lực
41229,DNC,ky-thuat-co-khi-dong-luc,A01,Điểm học bạ,2022,21.0,Kỹ thuật cơ khí động lực
41230,DNC,ky-thuat-co-khi-dong-luc,A02,Điểm học bạ,2022,21.0,Kỹ thuật cơ khí động lực
41231,DNC,ky-thuat-co-khi-dong-luc,D07,Điểm học bạ,2022,21.0,Kỹ thuật cơ khí động lực
41232,DNC,ky-thuat-co-khi-dong-luc,A00,Điểm thi THPT,2022,16.0,Kỹ thuật cơ khí động lực
41233,DNC,ky-thuat-co-khi-dong-luc,A01,Điểm thi THPT,2022,16.0,Kỹ thuật cơ khí động lực
41234,DNC,ky-thuat-co-khi-dong-luc,A02,Điểm thi THPT,2022,16.0,Kỹ thuật cơ khí động lực
41235,DNC,ky-thuat-co-khi-dong-luc,D07,Điểm thi THPT,2022,16.0,Kỹ thuật cơ khí động lực
41236,DNC,ky-thuat-co-khi-dong-luc,A00,Điểm học bạ,2023,18.0,Kỹ thuật cơ khí động lực
41237,DNC,ky-thuat-co-khi-dong-luc,A01,Điểm học bạ,2023,18.0,Kỹ thuật cơ khí động lực
41238,DNC,ky-thuat-co-khi-dong-luc,A02,Điểm học bạ,2023,18.0,Kỹ thuật cơ khí động lực
41239,DNC,ky-thuat-co-khi-dong-luc,D07,Điểm học bạ,2023,18.0,Kỹ thuật cơ khí động lực
41240,DNC,ky-thuat-co-khi-dong-luc,A00,Điểm thi THPT,2023,15.0,Kỹ thuật cơ khí động lực
41241,DNC,ky-thuat-co-khi-dong-luc,A01,Điểm thi THPT,2023,15.0,Kỹ thuật cơ khí động lực
41242,DNC,ky-thuat-co-khi-dong-luc,A02,Điểm thi THPT,2023,15.0,Kỹ thuật cơ khí động lực
41243,DNC,ky-thuat-co-khi-dong-luc,D07,Điểm thi THPT,2023,15.0,Kỹ thuật cơ khí động lực
41244,DNC,ky-thuat-co-khi-dong-luc,A00,Điểm học bạ,2024,18.0,Kỹ thuật cơ khí động lực
41245,DNC,ky-thuat-co-khi-dong-luc,A01,Điểm học bạ,2024,18.0,Kỹ thuật cơ khí động lực
41246,DNC,ky-thuat-co-khi-dong-luc,A02,Điểm học bạ,2024,18.0,Kỹ thuật cơ khí động lực
41247,DNC,ky-thuat-co-khi-dong-luc,D07,Điểm học bạ,2024,18.0,Kỹ thuật cơ khí động lực
41248,DNC,ky-thuat-co-khi-dong-luc,A00,Điểm thi THPT,2024,16.0,Kỹ thuật cơ khí động lực
41249,DNC,ky-thuat-co-khi-dong-luc,A01,Điểm thi THPT,2024,16.0,Kỹ thuật cơ khí động lực
41250,DNC,ky-thuat-co-khi-dong-luc,A02,Điểm thi THPT,2024,16.0,Kỹ thuật cơ khí động lực
41251,DNC,ky-thuat-co-khi-dong-luc,D07,Điểm thi THPT,2024,16.0,Kỹ thuật cơ khí động lực
41252,DNC,ky-thuat-co-khi-dong-luc,A00,Điểm học bạ,2025,18.0,Kỹ thuật cơ khí động lực
41253,DNC,ky-thuat-co-khi-dong-luc,A01,Điểm học bạ,2025,18.0,Kỹ thuật cơ khí động lực
41254,DNC,ky-thuat-co-khi-dong-luc,A02,Điểm học bạ,2025,18.0,Kỹ thuật cơ khí động lực
41255,DNC,ky-thuat-co-khi-dong-luc,D01,Điểm học bạ,2025,18.0,Kỹ thuật cơ khí động lực
41256,DNC,ky-thuat-co-khi-dong-luc,D07,Điểm học bạ,2025,18.0,Kỹ thuật cơ khí động lực
41257,DNC,ky-thuat-co-khi-dong-luc,X02,Điểm học bạ,2025,18.0,Kỹ thuật cơ khí động lực
41258,DNC,ky-thuat-co-khi-dong-luc,X05,Điểm học bạ,2025,18.0,Kỹ thuật cơ khí động lực
41259,DNC,ky-thuat-co-khi-dong-luc,X06,Điểm học bạ,2025,18.0,Kỹ thuật cơ khí động lực
41260,DNC,ky-thuat-co-khi-dong-luc,X08,Điểm học bạ,2025,18.0,Kỹ thuật cơ khí động lực
41261,DNC,ky-thuat-co-khi-dong-luc,A00,Điểm thi THPT,2025,15.0,Kỹ thuật cơ khí động lực
41262,DNC,ky-thuat-co-khi-dong-luc,A01,Điểm thi THPT,2025,15.0,Kỹ thuật cơ khí động lực
41263,DNC,ky-thuat-co-khi-dong-luc,A02,Điểm thi THPT,2025,15.0,Kỹ thuật cơ khí động lực
41264,DNC,ky-thuat-co-khi-dong-luc,D01,Điểm thi THPT,2025,15.0,Kỹ thuật cơ khí động lực
41265,DNC,ky-thuat-co-khi-dong-luc,D07,Điểm thi THPT,2025,15.0,Kỹ thuật cơ khí động lực
41266,DNC,ky-thuat-co-khi-dong-luc,X02,Điểm thi THPT,2025,15.0,Kỹ thuật cơ khí động lực
41267,DNC,ky-thuat-co-khi-dong-luc,X05,Điểm thi THPT,2025,15.0,Kỹ thuật cơ khí động lực
41268,DNC,ky-thuat-co-khi-dong-luc,X06,Điểm thi THPT,2025,15.0,Kỹ thuật cơ khí động lực
41269,DNC,ky-thuat-co-khi-dong-luc,X08,Điểm thi THPT,2025,15.0,Kỹ thuật cơ khí động lực
41270,DNC,ky-thuat-hinh-anh-y-hoc,A00,Điểm thi THPT,2021,19.0,Kỹ thuật hình ảnh y học
41271,DNC,ky-thuat-hinh-anh-y-hoc,B00,Điểm thi THPT,2021,19.0,Kỹ thuật hình ảnh y học
41272,DNC,ky-thuat-hinh-anh-y-hoc,D07,Điểm thi THPT,2021,19.0,Kỹ thuật hình ảnh y học
41273,DNC,ky-thuat-hinh-anh-y-hoc,D08,Điểm thi THPT,2021,19.0,Kỹ thuật hình ảnh y học
41274,DNC,ky-thuat-hinh-anh-y-hoc,A00,Điểm học bạ,2022,21.0,Kỹ thuật hình ảnh y học
41275,DNC,ky-thuat-hinh-anh-y-hoc,B00,Điểm học bạ,2022,21.0,Kỹ thuật hình ảnh y học
41276,DNC,ky-thuat-hinh-anh-y-hoc,D07,Điểm học bạ,2022,21.0,Kỹ thuật hình ảnh y học
41277,DNC,ky-thuat-hinh-anh-y-hoc,D08,Điểm học bạ,2022,21.0,Kỹ thuật hình ảnh y học
41278,DNC,ky-thuat-hinh-anh-y-hoc,A00,Điểm thi THPT,2022,19.0,Kỹ thuật hình ảnh y học
41279,DNC,ky-thuat-hinh-anh-y-hoc,B00,Điểm thi THPT,2022,19.0,Kỹ thuật hình ảnh y học
41280,DNC,ky-thuat-hinh-anh-y-hoc,D07,Điểm thi THPT,2022,19.0,Kỹ thuật hình ảnh y học
41281,DNC,ky-thuat-hinh-anh-y-hoc,D08,Điểm thi THPT,2022,19.0,Kỹ thuật hình ảnh y học
41282,DNC,ky-thuat-hinh-anh-y-hoc,A00,Điểm học bạ,2023,19.5,Kỹ thuật hình ảnh y học
41283,DNC,ky-thuat-hinh-anh-y-hoc,B00,Điểm học bạ,2023,19.5,Kỹ thuật hình ảnh y học
41284,DNC,ky-thuat-hinh-anh-y-hoc,D07,Điểm học bạ,2023,19.5,Kỹ thuật hình ảnh y học
41285,DNC,ky-thuat-hinh-anh-y-hoc,D08,Điểm học bạ,2023,19.5,Kỹ thuật hình ảnh y học
41286,DNC,ky-thuat-hinh-anh-y-hoc,A00,Điểm thi THPT,2023,19.0,Kỹ thuật hình ảnh y học
41287,DNC,ky-thuat-hinh-anh-y-hoc,B00,Điểm thi THPT,2023,19.0,Kỹ thuật hình ảnh y học
41288,DNC,ky-thuat-hinh-anh-y-hoc,D07,Điểm thi THPT,2023,19.0,Kỹ thuật hình ảnh y học
41289,DNC,ky-thuat-hinh-anh-y-hoc,D08,Điểm thi THPT,2023,19.0,Kỹ thuật hình ảnh y học
41290,DNC,ky-thuat-hinh-anh-y-hoc,A00,Điểm học bạ,2024,19.5,Kỹ thuật hình ảnh y học
41291,DNC,ky-thuat-hinh-anh-y-hoc,B00,Điểm học bạ,2024,19.5,Kỹ thuật hình ảnh y học
41292,DNC,ky-thuat-hinh-anh-y-hoc,D07,Điểm học bạ,2024,19.5,Kỹ thuật hình ảnh y học
41293,DNC,ky-thuat-hinh-anh-y-hoc,D08,Điểm học bạ,2024,19.5,Kỹ thuật hình ảnh y học
41294,DNC,ky-thuat-hinh-anh-y-hoc,A00,Điểm thi THPT,2024,19.0,Kỹ thuật hình ảnh y học
41295,DNC,ky-thuat-hinh-anh-y-hoc,B00,Điểm thi THPT,2024,19.0,Kỹ thuật hình ảnh y học
41296,DNC,ky-thuat-hinh-anh-y-hoc,D07,Điểm thi THPT,2024,19.0,Kỹ thuật hình ảnh y học
41297,DNC,ky-thuat-hinh-anh-y-hoc,D08,Điểm thi THPT,2024,19.0,Kỹ thuật hình ảnh y học
41298,DNC,ky-thuat-hinh-anh-y-hoc,A00,Điểm học bạ,2025,20.5,Kỹ thuật hình ảnh y học
41299,DNC,ky-thuat-hinh-anh-y-hoc,B00,Điểm học bạ,2025,20.5,Kỹ thuật hình ảnh y học
41300,DNC,ky-thuat-hinh-anh-y-hoc,B03,Điểm học bạ,2025,20.5,Kỹ thuật hình ảnh y học
41301,DNC,ky-thuat-hinh-anh-y-hoc,D01,Điểm học bạ,2025,20.5,Kỹ thuật hình ảnh y học
41302,DNC,ky-thuat-hinh-anh-y-hoc,D07,Điểm học bạ,2025,20.5,Kỹ thuật hình ảnh y học
41303,DNC,ky-thuat-hinh-anh-y-hoc,D08,Điểm học bạ,2025,20.5,Kỹ thuật hình ảnh y học
41304,DNC,ky-thuat-hinh-anh-y-hoc,X09,Điểm học bạ,2025,20.5,Kỹ thuật hình ảnh y học
41305,DNC,ky-thuat-hinh-anh-y-hoc,X10,Điểm học bạ,2025,20.5,Kỹ thuật hình ảnh y học
41306,DNC,ky-thuat-hinh-anh-y-hoc,A00,Điểm thi THPT,2025,17.0,Kỹ thuật hình ảnh y học
41307,DNC,ky-thuat-hinh-anh-y-hoc,B00,Điểm thi THPT,2025,17.0,Kỹ thuật hình ảnh y học
41308,DNC,ky-thuat-hinh-anh-y-hoc,B03,Điểm thi THPT,2025,17.0,Kỹ thuật hình ảnh y học
41309,DNC,ky-thuat-hinh-anh-y-hoc,D01,Điểm thi THPT,2025,17.0,Kỹ thuật hình ảnh y học
41310,DNC,ky-thuat-hinh-anh-y-hoc,D07,Điểm thi THPT,2025,17.0,Kỹ thuật hình ảnh y học
41311,DNC,ky-thuat-hinh-anh-y-hoc,D08,Điểm thi THPT,2025,17.0,Kỹ thuật hình ảnh y học
41312,DNC,ky-thuat-hinh-anh-y-hoc,X09,Điểm thi THPT,2025,17.0,Kỹ thuật hình ảnh y học
41313,DNC,ky-thuat-hinh-anh-y-hoc,X10,Điểm thi THPT,2025,17.0,Kỹ thuật hình ảnh y học
41314,DNC,ky-thuat-moi-truong,A00,Điểm thi THPT,2021,20.5,Kỹ thuật môi trường
41315,DNC,ky-thuat-moi-truong,A02,Điểm thi THPT,2021,20.5,Kỹ thuật môi trường
41316,DNC,ky-thuat-moi-truong,B00,Điểm thi THPT,2021,20.5,Kỹ thuật môi trường
41317,DNC,ky-thuat-moi-truong,C08,Điểm thi THPT,2021,20.5,Kỹ thuật môi trường
41318,DNC,ky-thuat-moi-truong,A00,Điểm học bạ,2022,18.0,Kỹ thuật môi trường
41319,DNC,ky-thuat-moi-truong,A02,Điểm học bạ,2022,18.0,Kỹ thuật môi trường
41320,DNC,ky-thuat-moi-truong,B00,Điểm học bạ,2022,18.0,Kỹ thuật môi trường
41321,DNC,ky-thuat-moi-truong,C08,Điểm học bạ,2022,18.0,Kỹ thuật môi trường
41322,DNC,ky-thuat-moi-truong,A00,Điểm thi THPT,2022,16.0,Kỹ thuật môi trường
41323,DNC,ky-thuat-moi-truong,A02,Điểm thi THPT,2022,16.0,Kỹ thuật môi trường
41324,DNC,ky-thuat-moi-truong,B00,Điểm thi THPT,2022,16.0,Kỹ thuật môi trường
41325,DNC,ky-thuat-moi-truong,C08,Điểm thi THPT,2022,16.0,Kỹ thuật môi trường
41326,DNC,ky-thuat-moi-truong,A00,Điểm học bạ,2023,18.0,Kỹ thuật môi trường
41327,DNC,ky-thuat-moi-truong,A02,Điểm học bạ,2023,18.0,Kỹ thuật môi trường
41328,DNC,ky-thuat-moi-truong,B00,Điểm học bạ,2023,18.0,Kỹ thuật môi trường
41329,DNC,ky-thuat-moi-truong,C08,Điểm học bạ,2023,18.0,Kỹ thuật môi trường
41330,DNC,ky-thuat-phan-mem,A00,Điểm thi THPT,2021,16.0,Kỹ thuật phần mềm
41331,DNC,ky-thuat-phan-mem,A01,Điểm thi THPT,2021,16.0,Kỹ thuật phần mềm
41332,DNC,ky-thuat-phan-mem,A02,Điểm thi THPT,2021,16.0,Kỹ thuật phần mềm
41333,DNC,ky-thuat-phan-mem,D07,Điểm thi THPT,2021,16.0,Kỹ thuật phần mềm
41334,DNC,ky-thuat-phan-mem,A00,Điểm học bạ,2022,20.0,Kỹ thuật phần mềm
41335,DNC,ky-thuat-phan-mem,A01,Điểm học bạ,2022,20.0,Kỹ thuật phần mềm
41336,DNC,ky-thuat-phan-mem,A02,Điểm học bạ,2022,20.0,Kỹ thuật phần mềm
41337,DNC,ky-thuat-phan-mem,D07,Điểm học bạ,2022,20.0,Kỹ thuật phần mềm
41338,DNC,ky-thuat-phan-mem,A00,Điểm thi THPT,2022,20.0,Kỹ thuật phần mềm
41339,DNC,ky-thuat-phan-mem,A01,Điểm thi THPT,2022,20.0,Kỹ thuật phần mềm
41340,DNC,ky-thuat-phan-mem,A02,Điểm thi THPT,2022,20.0,Kỹ thuật phần mềm
41341,DNC,ky-thuat-phan-mem,D07,Điểm thi THPT,2022,20.0,Kỹ thuật phần mềm
41342,DNC,ky-thuat-phan-mem,A00,Điểm học bạ,2023,18.0,Kỹ thuật phần mềm
41343,DNC,ky-thuat-phan-mem,A01,Điểm học bạ,2023,18.0,Kỹ thuật phần mềm
41344,DNC,ky-thuat-phan-mem,A02,Điểm học bạ,2023,18.0,Kỹ thuật phần mềm
41345,DNC,ky-thuat-phan-mem,D07,Điểm học bạ,2023,18.0,Kỹ thuật phần mềm
41346,DNC,ky-thuat-phan-mem,A00,Điểm thi THPT,2023,15.0,Kỹ thuật phần mềm
41347,DNC,ky-thuat-phan-mem,A01,Điểm thi THPT,2023,15.0,Kỹ thuật phần mềm
41348,DNC,ky-thuat-phan-mem,A02,Điểm thi THPT,2023,15.0,Kỹ thuật phần mềm
41349,DNC,ky-thuat-phan-mem,D07,Điểm thi THPT,2023,15.0,Kỹ thuật phần mềm
41350,DNC,ky-thuat-phan-mem,A00,Điểm học bạ,2024,18.0,Kỹ thuật phần mềm
41351,DNC,ky-thuat-phan-mem,A01,Điểm học bạ,2024,18.0,Kỹ thuật phần mềm
41352,DNC,ky-thuat-phan-mem,A02,Điểm học bạ,2024,18.0,Kỹ thuật phần mềm
41353,DNC,ky-thuat-phan-mem,D07,Điểm học bạ,2024,18.0,Kỹ thuật phần mềm
41354,DNC,ky-thuat-phan-mem,A00,Điểm thi THPT,2024,16.0,Kỹ thuật phần mềm
41355,DNC,ky-thuat-phan-mem,A01,Điểm thi THPT,2024,16.0,Kỹ thuật phần mềm
41356,DNC,ky-thuat-phan-mem,A02,Điểm thi THPT,2024,16.0,Kỹ thuật phần mềm
41357,DNC,ky-thuat-phan-mem,D07,Điểm thi THPT,2024,16.0,Kỹ thuật phần mềm
41358,DNC,ky-thuat-phan-mem,A00,Điểm học bạ,2025,18.0,Kỹ thuật phần mềm
41359,DNC,ky-thuat-phan-mem,A01,Điểm học bạ,2025,18.0,Kỹ thuật phần mềm
41360,DNC,ky-thuat-phan-mem,A02,Điểm học bạ,2025,18.0,Kỹ thuật phần mềm
41361,DNC,ky-thuat-phan-mem,C01,Điểm học bạ,2025,18.0,Kỹ thuật phần mềm
41362,DNC,ky-thuat-phan-mem,D01,Điểm học bạ,2025,18.0,Kỹ thuật phần mềm
41363,DNC,ky-thuat-phan-mem,X06,Điểm học bạ,2025,18.0,Kỹ thuật phần mềm
41364,DNC,ky-thuat-phan-mem,X08,Điểm học bạ,2025,18.0,Kỹ thuật phần mềm
41365,DNC,ky-thuat-phan-mem,X25,Điểm học bạ,2025,18.0,Kỹ thuật phần mềm
41366,DNC,ky-thuat-phan-mem,X26,Điểm học bạ,2025,18.0,Kỹ thuật phần mềm
41367,DNC,ky-thuat-phan-mem,A00,Điểm thi THPT,2025,15.0,Kỹ thuật phần mềm
41368,DNC,ky-thuat-phan-mem,A01,Điểm thi THPT,2025,15.0,Kỹ thuật phần mềm
41369,DNC,ky-thuat-phan-mem,A02,Điểm thi THPT,2025,15.0,Kỹ thuật phần mềm
41370,DNC,ky-thuat-phan-mem,C01,Điểm thi THPT,2025,15.0,Kỹ thuật phần mềm
41371,DNC,ky-thuat-phan-mem,D01,Điểm thi THPT,2025,15.0,Kỹ thuật phần mềm
41372,DNC,ky-thuat-phan-mem,X06,Điểm thi THPT,2025,15.0,Kỹ thuật phần mềm
41373,DNC,ky-thuat-phan-mem,X08,Điểm thi THPT,2025,15.0,Kỹ thuật phần mềm
41374,DNC,ky-thuat-phan-mem,X25,Điểm thi THPT,2025,15.0,Kỹ thuật phần mềm
41375,DNC,ky-thuat-phan-mem,X26,Điểm thi THPT,2025,15.0,Kỹ thuật phần mềm
41376,DNC,ky-thuat-xay-dung,A00,Điểm thi THPT,2021,20.0,Kỹ thuật xây dựng
41377,DNC,ky-thuat-xay-dung,A01,Điểm thi THPT,2021,20.0,Kỹ thuật xây dựng
41378,DNC,ky-thuat-xay-dung,A02,Điểm thi THPT,2021,20.0,Kỹ thuật xây dựng
41379,DNC,ky-thuat-xay-dung,D07,Điểm thi THPT,2021,20.0,Kỹ thuật xây dựng
41380,DNC,ky-thuat-xay-dung,A00,Điểm học bạ,2022,21.5,Kỹ thuật xây dựng
41381,DNC,ky-thuat-xay-dung,A01,Điểm học bạ,2022,21.5,Kỹ thuật xây dựng
41382,DNC,ky-thuat-xay-dung,A02,Điểm học bạ,2022,21.5,Kỹ thuật xây dựng
41383,DNC,ky-thuat-xay-dung,D07,Điểm học bạ,2022,21.5,Kỹ thuật xây dựng
41384,DNC,ky-thuat-xay-dung,A00,Điểm thi THPT,2022,18.0,Kỹ thuật xây dựng
41385,DNC,ky-thuat-xay-dung,A01,Điểm thi THPT,2022,18.0,Kỹ thuật xây dựng
41386,DNC,ky-thuat-xay-dung,A02,Điểm thi THPT,2022,18.0,Kỹ thuật xây dựng
41387,DNC,ky-thuat-xay-dung,D07,Điểm thi THPT,2022,18.0,Kỹ thuật xây dựng
41388,DNC,ky-thuat-xay-dung,A00,Điểm học bạ,2023,18.0,Kỹ thuật xây dựng
41389,DNC,ky-thuat-xay-dung,A01,Điểm học bạ,2023,18.0,Kỹ thuật xây dựng
41390,DNC,ky-thuat-xay-dung,A02,Điểm học bạ,2023,18.0,Kỹ thuật xây dựng
41391,DNC,ky-thuat-xay-dung,D07,Điểm học bạ,2023,18.0,Kỹ thuật xây dựng
41392,DNC,ky-thuat-xay-dung,A00,Điểm thi THPT,2023,15.0,Kỹ thuật xây dựng
41393,DNC,ky-thuat-xay-dung,A01,Điểm thi THPT,2023,15.0,Kỹ thuật xây dựng
41394,DNC,ky-thuat-xay-dung,A02,Điểm thi THPT,2023,15.0,Kỹ thuật xây dựng
41395,DNC,ky-thuat-xay-dung,D07,Điểm thi THPT,2023,15.0,Kỹ thuật xây dựng
41396,DNC,ky-thuat-xay-dung,A00,Điểm học bạ,2024,18.0,Kỹ thuật xây dựng
41397,DNC,ky-thuat-xay-dung,A01,Điểm học bạ,2024,18.0,Kỹ thuật xây dựng
41398,DNC,ky-thuat-xay-dung,A02,Điểm học bạ,2024,18.0,Kỹ thuật xây dựng
41399,DNC,ky-thuat-xay-dung,D07,Điểm học bạ,2024,18.0,Kỹ thuật xây dựng
41400,DNC,ky-thuat-xay-dung,A00,Điểm thi THPT,2024,16.0,Kỹ thuật xây dựng
41401,DNC,ky-thuat-xay-dung,A01,Điểm thi THPT,2024,16.0,Kỹ thuật xây dựng
41402,DNC,ky-thuat-xay-dung,A02,Điểm thi THPT,2024,16.0,Kỹ thuật xây dựng
41403,DNC,ky-thuat-xay-dung,D07,Điểm thi THPT,2024,16.0,Kỹ thuật xây dựng
41404,DNC,ky-thuat-xay-dung,A00,Điểm học bạ,2025,18.0,Kỹ thuật xây dựng
41405,DNC,ky-thuat-xay-dung,A01,Điểm học bạ,2025,18.0,Kỹ thuật xây dựng
41406,DNC,ky-thuat-xay-dung,A02,Điểm học bạ,2025,18.0,Kỹ thuật xây dựng
41407,DNC,ky-thuat-xay-dung,A03,Điểm học bạ,2025,18.0,Kỹ thuật xây dựng
41408,DNC,ky-thuat-xay-dung,C03,Điểm học bạ,2025,18.0,Kỹ thuật xây dựng
41409,DNC,ky-thuat-xay-dung,D01,Điểm học bạ,2025,18.0,Kỹ thuật xây dựng
41410,DNC,ky-thuat-xay-dung,D07,Điểm học bạ,2025,18.0,Kỹ thuật xây dựng
41411,DNC,ky-thuat-xay-dung,X05,Điểm học bạ,2025,18.0,Kỹ thuật xây dựng
41412,DNC,ky-thuat-xay-dung,X06,Điểm học bạ,2025,18.0,Kỹ thuật xây dựng
41413,DNC,ky-thuat-xay-dung,A00,Điểm thi THPT,2025,15.0,Kỹ thuật xây dựng
41414,DNC,ky-thuat-xay-dung,A01,Điểm thi THPT,2025,15.0,Kỹ thuật xây dựng
41415,DNC,ky-thuat-xay-dung,A02,Điểm thi THPT,2025,15.0,Kỹ thuật xây dựng
41416,DNC,ky-thuat-xay-dung,A03,Điểm thi THPT,2025,15.0,Kỹ thuật xây dựng
41417,DNC,ky-thuat-xay-dung,C03,Điểm thi THPT,2025,15.0,Kỹ thuật xây dựng
41418,DNC,ky-thuat-xay-dung,D01,Điểm thi THPT,2025,15.0,Kỹ thuật xây dựng
41419,DNC,ky-thuat-xay-dung,D07,Điểm thi THPT,2025,15.0,Kỹ thuật xây dựng
41420,DNC,ky-thuat-xay-dung,X05,Điểm thi THPT,2025,15.0,Kỹ thuật xây dựng
41421,DNC,ky-thuat-xay-dung,X06,Điểm thi THPT,2025,15.0,Kỹ thuật xây dựng
41422,DNC,ky-thuat-xay-dung-cong-trinh-giao-thong,A00,Điểm học bạ,2025,18.0,Kỹ thuật xây dựng công trình giao thông
41423,DNC,ky-thuat-xay-dung-cong-trinh-giao-thong,A01,Điểm học bạ,2025,18.0,Kỹ thuật xây dựng công trình giao thông
41424,DNC,ky-thuat-xay-dung-cong-trinh-giao-thong,A02,Điểm học bạ,2025,18.0,Kỹ thuật xây dựng công trình giao thông
41425,DNC,ky-thuat-xay-dung-cong-trinh-giao-thong,A03,Điểm học bạ,2025,18.0,Kỹ thuật xây dựng công trình giao thông
41426,DNC,ky-thuat-xay-dung-cong-trinh-giao-thong,C03,Điểm học bạ,2025,18.0,Kỹ thuật xây dựng công trình giao thông
41427,DNC,ky-thuat-xay-dung-cong-trinh-giao-thong,D01,Điểm học bạ,2025,18.0,Kỹ thuật xây dựng công trình giao thông
41428,DNC,ky-thuat-xay-dung-cong-trinh-giao-thong,D07,Điểm học bạ,2025,18.0,Kỹ thuật xây dựng công trình giao thông
41429,DNC,ky-thuat-xay-dung-cong-trinh-giao-thong,X05,Điểm học bạ,2025,18.0,Kỹ thuật xây dựng công trình giao thông
41430,DNC,ky-thuat-xay-dung-cong-trinh-giao-thong,X06,Điểm học bạ,2025,18.0,Kỹ thuật xây dựng công trình giao thông
41431,DNC,ky-thuat-xay-dung-cong-trinh-giao-thong,A00,Điểm thi THPT,2025,15.0,Kỹ thuật xây dựng công trình giao thông
41432,DNC,ky-thuat-xay-dung-cong-trinh-giao-thong,A01,Điểm thi THPT,2025,15.0,Kỹ thuật xây dựng công trình giao thông
41433,DNC,ky-thuat-xay-dung-cong-trinh-giao-thong,A02,Điểm thi THPT,2025,15.0,Kỹ thuật xây dựng công trình giao thông
41434,DNC,ky-thuat-xay-dung-cong-trinh-giao-thong,A03,Điểm thi THPT,2025,15.0,Kỹ thuật xây dựng công trình giao thông
41435,DNC,ky-thuat-xay-dung-cong-trinh-giao-thong,C03,Điểm thi THPT,2025,15.0,Kỹ thuật xây dựng công trình giao thông
41436,DNC,ky-thuat-xay-dung-cong-trinh-giao-thong,D01,Điểm thi THPT,2025,15.0,Kỹ thuật xây dựng công trình giao thông
41437,DNC,ky-thuat-xay-dung-cong-trinh-giao-thong,D07,Điểm thi THPT,2025,15.0,Kỹ thuật xây dựng công trình giao thông
41438,DNC,ky-thuat-xay-dung-cong-trinh-giao-thong,X05,Điểm thi THPT,2025,15.0,Kỹ thuật xây dựng công trình giao thông
41439,DNC,ky-thuat-xay-dung-cong-trinh-giao-thong,X06,Điểm thi THPT,2025,15.0,Kỹ thuật xây dựng công trình giao thông
41440,DNC,ky-thuat-xet-nghiem-y-hoc,A00,Điểm thi THPT,2021,19.0,Kỹ thuật xét nghiệm y học
41441,DNC,ky-thuat-xet-nghiem-y-hoc,B00,Điểm thi THPT,2021,19.0,Kỹ thuật xét nghiệm y học
41442,DNC,ky-thuat-xet-nghiem-y-hoc,D07,Điểm thi THPT,2021,19.0,Kỹ thuật xét nghiệm y học
41443,DNC,ky-thuat-xet-nghiem-y-hoc,D08,Điểm thi THPT,2021,19.0,Kỹ thuật xét nghiệm y học
41444,DNC,ky-thuat-xet-nghiem-y-hoc,A00,Điểm học bạ,2022,19.5,Kỹ thuật xét nghiệm y học
41445,DNC,ky-thuat-xet-nghiem-y-hoc,B00,Điểm học bạ,2022,19.5,Kỹ thuật xét nghiệm y học
41446,DNC,ky-thuat-xet-nghiem-y-hoc,D07,Điểm học bạ,2022,19.5,Kỹ thuật xét nghiệm y học
41447,DNC,ky-thuat-xet-nghiem-y-hoc,D08,Điểm học bạ,2022,19.5,Kỹ thuật xét nghiệm y học
41448,DNC,ky-thuat-xet-nghiem-y-hoc,A00,Điểm thi THPT,2022,19.0,Kỹ thuật xét nghiệm y học
41449,DNC,ky-thuat-xet-nghiem-y-hoc,B00,Điểm thi THPT,2022,19.0,Kỹ thuật xét nghiệm y học
41450,DNC,ky-thuat-xet-nghiem-y-hoc,D07,Điểm thi THPT,2022,19.0,Kỹ thuật xét nghiệm y học
41451,DNC,ky-thuat-xet-nghiem-y-hoc,D08,Điểm thi THPT,2022,19.0,Kỹ thuật xét nghiệm y học
41452,DNC,ky-thuat-xet-nghiem-y-hoc,A00,Điểm học bạ,2023,19.5,Kỹ thuật xét nghiệm y học
41453,DNC,ky-thuat-xet-nghiem-y-hoc,B00,Điểm học bạ,2023,19.5,Kỹ thuật xét nghiệm y học
41454,DNC,ky-thuat-xet-nghiem-y-hoc,D07,Điểm học bạ,2023,19.5,Kỹ thuật xét nghiệm y học
41455,DNC,ky-thuat-xet-nghiem-y-hoc,D08,Điểm học bạ,2023,19.5,Kỹ thuật xét nghiệm y học
41456,DNC,ky-thuat-xet-nghiem-y-hoc,A00,Điểm thi THPT,2023,19.0,Kỹ thuật xét nghiệm y học
41457,DNC,ky-thuat-xet-nghiem-y-hoc,B00,Điểm thi THPT,2023,19.0,Kỹ thuật xét nghiệm y học
41458,DNC,ky-thuat-xet-nghiem-y-hoc,D07,Điểm thi THPT,2023,19.0,Kỹ thuật xét nghiệm y học
41459,DNC,ky-thuat-xet-nghiem-y-hoc,D08,Điểm thi THPT,2023,19.0,Kỹ thuật xét nghiệm y học
41460,DNC,ky-thuat-xet-nghiem-y-hoc,A00,Điểm học bạ,2024,19.5,Kỹ thuật xét nghiệm y học
41461,DNC,ky-thuat-xet-nghiem-y-hoc,B00,Điểm học bạ,2024,19.5,Kỹ thuật xét nghiệm y học
41462,DNC,ky-thuat-xet-nghiem-y-hoc,D07,Điểm học bạ,2024,19.5,Kỹ thuật xét nghiệm y học
41463,DNC,ky-thuat-xet-nghiem-y-hoc,D08,Điểm học bạ,2024,19.5,Kỹ thuật xét nghiệm y học
41464,DNC,ky-thuat-xet-nghiem-y-hoc,A00,Điểm thi THPT,2024,19.0,Kỹ thuật xét nghiệm y học
41465,DNC,ky-thuat-xet-nghiem-y-hoc,B00,Điểm thi THPT,2024,19.0,Kỹ thuật xét nghiệm y học
41466,DNC,ky-thuat-xet-nghiem-y-hoc,D07,Điểm thi THPT,2024,19.0,Kỹ thuật xét nghiệm y học
41467,DNC,ky-thuat-xet-nghiem-y-hoc,D08,Điểm thi THPT,2024,19.0,Kỹ thuật xét nghiệm y học
41468,DNC,ky-thuat-xet-nghiem-y-hoc,A00,Điểm học bạ,2025,20.5,Kỹ thuật xét nghiệm y học
41469,DNC,ky-thuat-xet-nghiem-y-hoc,B00,Điểm học bạ,2025,20.5,Kỹ thuật xét nghiệm y học
41470,DNC,ky-thuat-xet-nghiem-y-hoc,B03,Điểm học bạ,2025,20.5,Kỹ thuật xét nghiệm y học
41471,DNC,ky-thuat-xet-nghiem-y-hoc,D01,Điểm học bạ,2025,20.5,Kỹ thuật xét nghiệm y học
41472,DNC,ky-thuat-xet-nghiem-y-hoc,D07,Điểm học bạ,2025,20.5,Kỹ thuật xét nghiệm y học
41473,DNC,ky-thuat-xet-nghiem-y-hoc,D08,Điểm học bạ,2025,20.5,Kỹ thuật xét nghiệm y học
41474,DNC,ky-thuat-xet-nghiem-y-hoc,X09,Điểm học bạ,2025,20.5,Kỹ thuật xét nghiệm y học
41475,DNC,ky-thuat-xet-nghiem-y-hoc,X10,Điểm học bạ,2025,20.5,Kỹ thuật xét nghiệm y học
41476,DNC,ky-thuat-xet-nghiem-y-hoc,A00,Điểm thi THPT,2025,17.0,Kỹ thuật xét nghiệm y học
41477,DNC,ky-thuat-xet-nghiem-y-hoc,B00,Điểm thi THPT,2025,17.0,Kỹ thuật xét nghiệm y học
41478,DNC,ky-thuat-xet-nghiem-y-hoc,B03,Điểm thi THPT,2025,17.0,Kỹ thuật xét nghiệm y học
41479,DNC,ky-thuat-xet-nghiem-y-hoc,D01,Điểm thi THPT,2025,17.0,Kỹ thuật xét nghiệm y học
41480,DNC,ky-thuat-xet-nghiem-y-hoc,D07,Điểm thi THPT,2025,17.0,Kỹ thuật xét nghiệm y học
41481,DNC,ky-thuat-xet-nghiem-y-hoc,D08,Điểm thi THPT,2025,17.0,Kỹ thuật xét nghiệm y học
41482,DNC,ky-thuat-xet-nghiem-y-hoc,X09,Điểm thi THPT,2025,17.0,Kỹ thuật xét nghiệm y học
41483,DNC,ky-thuat-xet-nghiem-y-hoc,X10,Điểm thi THPT,2025,17.0,Kỹ thuật xét nghiệm y học
41484,DNC,ky-thuat-y-sinh,A00,Điểm thi THPT,2021,20.5,Kỹ thuật y sinh
41485,DNC,ky-thuat-y-sinh,A01,Điểm thi THPT,2021,20.5,Kỹ thuật y sinh
41486,DNC,ky-thuat-y-sinh,A02,Điểm thi THPT,2021,20.5,Kỹ thuật y sinh
41487,DNC,ky-thuat-y-sinh,B00,Điểm thi THPT,2021,20.5,Kỹ thuật y sinh
41488,DNC,ky-thuat-y-sinh,A00,Điểm học bạ,2022,18.0,Kỹ thuật y sinh
41489,DNC,ky-thuat-y-sinh,A01,Điểm học bạ,2022,18.0,Kỹ thuật y sinh
41490,DNC,ky-thuat-y-sinh,A02,Điểm học bạ,2022,18.0,Kỹ thuật y sinh
41491,DNC,ky-thuat-y-sinh,B00,Điểm học bạ,2022,18.0,Kỹ thuật y sinh
41492,DNC,ky-thuat-y-sinh,A00,Điểm thi THPT,2022,16.0,Kỹ thuật y sinh
41493,DNC,ky-thuat-y-sinh,A01,Điểm thi THPT,2022,16.0,Kỹ thuật y sinh
41494,DNC,ky-thuat-y-sinh,A02,Điểm thi THPT,2022,16.0,Kỹ thuật y sinh
41495,DNC,ky-thuat-y-sinh,B00,Điểm thi THPT,2022,16.0,Kỹ thuật y sinh
41496,DNC,ky-thuat-y-sinh,A00,Điểm học bạ,2023,18.0,Kỹ thuật y sinh
41497,DNC,ky-thuat-y-sinh,A01,Điểm học bạ,2023,18.0,Kỹ thuật y sinh
41498,DNC,ky-thuat-y-sinh,A02,Điểm học bạ,2023,18.0,Kỹ thuật y sinh
41499,DNC,ky-thuat-y-sinh,B00,Điểm học bạ,2023,18.0,Kỹ thuật y sinh
41500,DNC,ky-thuat-y-sinh,A00,Điểm thi THPT,2023,15.0,Kỹ thuật y sinh
41501,DNC,ky-thuat-y-sinh,A01,Điểm thi THPT,2023,15.0,Kỹ thuật y sinh
41502,DNC,ky-thuat-y-sinh,A02,Điểm thi THPT,2023,15.0,Kỹ thuật y sinh
41503,DNC,ky-thuat-y-sinh,B00,Điểm thi THPT,2023,15.0,Kỹ thuật y sinh
41504,DNC,ky-thuat-y-sinh,A00,Điểm học bạ,2024,18.0,Kỹ thuật y sinh
41505,DNC,ky-thuat-y-sinh,A01,Điểm học bạ,2024,18.0,Kỹ thuật y sinh
41506,DNC,ky-thuat-y-sinh,A02,Điểm học bạ,2024,18.0,Kỹ thuật y sinh
41507,DNC,ky-thuat-y-sinh,B00,Điểm học bạ,2024,18.0,Kỹ thuật y sinh
41508,DNC,ky-thuat-y-sinh,A00,Điểm thi THPT,2024,6.0,Kỹ thuật y sinh
41509,DNC,ky-thuat-y-sinh,A01,Điểm thi THPT,2024,6.0,Kỹ thuật y sinh
41510,DNC,ky-thuat-y-sinh,A02,Điểm thi THPT,2024,6.0,Kỹ thuật y sinh
41511,DNC,ky-thuat-y-sinh,B00,Điểm thi THPT,2024,6.0,Kỹ thuật y sinh
41512,DNC,ky-thuat-y-sinh,A00,Điểm học bạ,2025,18.0,Kỹ thuật y sinh (Khoa học và công nghệ y khoa)
41513,DNC,ky-thuat-y-sinh,A01,Điểm học bạ,2025,18.0,Kỹ thuật y sinh (Khoa học và công nghệ y khoa)
41514,DNC,ky-thuat-y-sinh,A02,Điểm học bạ,2025,18.0,Kỹ thuật y sinh (Khoa học và công nghệ y khoa)
41515,DNC,ky-thuat-y-sinh,B00,Điểm học bạ,2025,18.0,Kỹ thuật y sinh (Khoa học và công nghệ y khoa)
41516,DNC,ky-thuat-y-sinh,D01,Điểm học bạ,2025,18.0,Kỹ thuật y sinh (Khoa học và công nghệ y khoa)
41517,DNC,ky-thuat-y-sinh,X06,Điểm học bạ,2025,18.0,Kỹ thuật y sinh (Khoa học và công nghệ y khoa)
41518,DNC,ky-thuat-y-sinh,X08,Điểm học bạ,2025,18.0,Kỹ thuật y sinh (Khoa học và công nghệ y khoa)
41519,DNC,ky-thuat-y-sinh,A00,Điểm thi THPT,2025,15.0,Kỹ thuật y sinh (Khoa học và công nghệ y khoa)
41520,DNC,ky-thuat-y-sinh,A01,Điểm thi THPT,2025,15.0,Kỹ thuật y sinh (Khoa học và công nghệ y khoa)
41521,DNC,ky-thuat-y-sinh,A02,Điểm thi THPT,2025,15.0,Kỹ thuật y sinh (Khoa học và công nghệ y khoa)
41522,DNC,ky-thuat-y-sinh,B00,Điểm thi THPT,2025,15.0,Kỹ thuật y sinh (Khoa học và công nghệ y khoa)
41523,DNC,ky-thuat-y-sinh,D01,Điểm thi THPT,2025,15.0,Kỹ thuật y sinh (Khoa học và công nghệ y khoa)
41524,DNC,ky-thuat-y-sinh,X06,Điểm thi THPT,2025,15.0,Kỹ thuật y sinh (Khoa học và công nghệ y khoa)
41525,DNC,ky-thuat-y-sinh,X08,Điểm thi THPT,2025,15.0,Kỹ thuật y sinh (Khoa học và công nghệ y khoa)
41526,DNC,logistics-va-quan-ly-chuoi-cung-ung,A00,Điểm thi THPT,2021,16.0,Logistics và Quản lý chuỗi cung ứng
41527,DNC,logistics-va-quan-ly-chuoi-cung-ung,A01,Điểm thi THPT,2021,16.0,Logistics và Quản lý chuỗi cung ứng
41528,DNC,logistics-va-quan-ly-chuoi-cung-ung,D01,Điểm thi THPT,2021,16.0,Logistics và Quản lý chuỗi cung ứng
41529,DNC,logistics-va-quan-ly-chuoi-cung-ung,D07,Điểm thi THPT,2021,16.0,Logistics và Quản lý chuỗi cung ứng
41530,DNC,logistics-va-quan-ly-chuoi-cung-ung,A00,Điểm học bạ,2022,25.0,Logistics và Quản lý chuỗi cung ứng
41531,DNC,logistics-va-quan-ly-chuoi-cung-ung,A01,Điểm học bạ,2022,25.0,Logistics và Quản lý chuỗi cung ứng
41532,DNC,logistics-va-quan-ly-chuoi-cung-ung,D01,Điểm học bạ,2022,25.0,Logistics và Quản lý chuỗi cung ứng
41533,DNC,logistics-va-quan-ly-chuoi-cung-ung,D07,Điểm học bạ,2022,25.0,Logistics và Quản lý chuỗi cung ứng
41534,DNC,logistics-va-quan-ly-chuoi-cung-ung,A00,Điểm thi THPT,2022,21.0,Logistics và Quản lý chuỗi cung ứng
41535,DNC,logistics-va-quan-ly-chuoi-cung-ung,A01,Điểm thi THPT,2022,21.0,Logistics và Quản lý chuỗi cung ứng
41536,DNC,logistics-va-quan-ly-chuoi-cung-ung,D01,Điểm thi THPT,2022,21.0,Logistics và Quản lý chuỗi cung ứng
41537,DNC,logistics-va-quan-ly-chuoi-cung-ung,D07,Điểm thi THPT,2022,21.0,Logistics và Quản lý chuỗi cung ứng
41538,DNC,logistics-va-quan-ly-chuoi-cung-ung,A00,Điểm học bạ,2023,18.0,Logistics và Quản lý chuỗi cung ứng
41539,DNC,logistics-va-quan-ly-chuoi-cung-ung,A01,Điểm học bạ,2023,18.0,Logistics và Quản lý chuỗi cung ứng
41540,DNC,logistics-va-quan-ly-chuoi-cung-ung,D01,Điểm học bạ,2023,18.0,Logistics và Quản lý chuỗi cung ứng
41541,DNC,logistics-va-quan-ly-chuoi-cung-ung,D07,Điểm học bạ,2023,18.0,Logistics và Quản lý chuỗi cung ứng
41542,DNC,logistics-va-quan-ly-chuoi-cung-ung,A00,Điểm thi THPT,2023,15.0,Logistics và quản lý chuỗi cung ứng
41543,DNC,logistics-va-quan-ly-chuoi-cung-ung,A01,Điểm thi THPT,2023,15.0,Logistics và quản lý chuỗi cung ứng
41544,DNC,logistics-va-quan-ly-chuoi-cung-ung,D01,Điểm thi THPT,2023,15.0,Logistics và quản lý chuỗi cung ứng
41545,DNC,logistics-va-quan-ly-chuoi-cung-ung,D07,Điểm thi THPT,2023,15.0,Logistics và quản lý chuỗi cung ứng
41546,DNC,logistics-va-quan-ly-chuoi-cung-ung,A00,Điểm học bạ,2024,18.0,Logistics và Quản lý chuỗi cung ứng
41547,DNC,logistics-va-quan-ly-chuoi-cung-ung,A01,Điểm học bạ,2024,18.0,Logistics và Quản lý chuỗi cung ứng
41548,DNC,logistics-va-quan-ly-chuoi-cung-ung,D01,Điểm học bạ,2024,18.0,Logistics và Quản lý chuỗi cung ứng
41549,DNC,logistics-va-quan-ly-chuoi-cung-ung,D07,Điểm học bạ,2024,18.0,Logistics và Quản lý chuỗi cung ứng
41550,DNC,logistics-va-quan-ly-chuoi-cung-ung,A00,Điểm thi THPT,2024,16.0,Logistics và Quản lý chuỗi cung ứng
41551,DNC,logistics-va-quan-ly-chuoi-cung-ung,A01,Điểm thi THPT,2024,16.0,Logistics và Quản lý chuỗi cung ứng
41552,DNC,logistics-va-quan-ly-chuoi-cung-ung,D01,Điểm thi THPT,2024,16.0,Logistics và Quản lý chuỗi cung ứng
41553,DNC,logistics-va-quan-ly-chuoi-cung-ung,D07,Điểm thi THPT,2024,16.0,Logistics và Quản lý chuỗi cung ứng
41554,DNC,logistics-va-quan-ly-chuoi-cung-ung,A00,Điểm học bạ,2025,18.0,Logistics và quản lý chuỗi cung ứng
41555,DNC,logistics-va-quan-ly-chuoi-cung-ung,A01,Điểm học bạ,2025,18.0,Logistics và quản lý chuỗi cung ứng
41556,DNC,logistics-va-quan-ly-chuoi-cung-ung,C03,Điểm học bạ,2025,18.0,Logistics và quản lý chuỗi cung ứng
41557,DNC,logistics-va-quan-ly-chuoi-cung-ung,D01,Điểm học bạ,2025,18.0,Logistics và quản lý chuỗi cung ứng
41558,DNC,logistics-va-quan-ly-chuoi-cung-ung,D07,Điểm học bạ,2025,18.0,Logistics và quản lý chuỗi cung ứng
41559,DNC,logistics-va-quan-ly-chuoi-cung-ung,X17,Điểm học bạ,2025,18.0,Logistics và quản lý chuỗi cung ứng
41560,DNC,logistics-va-quan-ly-chuoi-cung-ung,X26,Điểm học bạ,2025,18.0,Logistics và quản lý chuỗi cung ứng
41561,DNC,logistics-va-quan-ly-chuoi-cung-ung,X56,Điểm học bạ,2025,18.0,Logistics và quản lý chuỗi cung ứng
41562,DNC,logistics-va-quan-ly-chuoi-cung-ung,A00,Điểm thi THPT,2025,15.0,Logistics và quản lý chuỗi cung ứng
41563,DNC,logistics-va-quan-ly-chuoi-cung-ung,A01,Điểm thi THPT,2025,15.0,Logistics và quản lý chuỗi cung ứng
41564,DNC,logistics-va-quan-ly-chuoi-cung-ung,C03,Điểm thi THPT,2025,15.0,Logistics và quản lý chuỗi cung ứng
41565,DNC,logistics-va-quan-ly-chuoi-cung-ung,D01,Điểm thi THPT,2025,15.0,Logistics và quản lý chuỗi cung ứng
41566,DNC,logistics-va-quan-ly-chuoi-cung-ung,D07,Điểm thi THPT,2025,15.0,Logistics và quản lý chuỗi cung ứng
41567,DNC,logistics-va-quan-ly-chuoi-cung-ung,X17,Điểm thi THPT,2025,15.0,Logistics và quản lý chuỗi cung ứng
41568,DNC,logistics-va-quan-ly-chuoi-cung-ung,X26,Điểm thi THPT,2025,15.0,Logistics và quản lý chuỗi cung ứng
41569,DNC,logistics-va-quan-ly-chuoi-cung-ung,X56,Điểm thi THPT,2025,15.0,Logistics và quản lý chuỗi cung ứng
41570,DNC,luat,C00,Điểm thi THPT,2021,21.0,Luật
41571,DNC,luat,D01,Điểm thi THPT,2021,21.0,Luật
41572,DNC,luat,D14,Điểm thi THPT,2021,21.0,Luật
41573,DNC,luat,D15,Điểm thi THPT,2021,21.0,Luật
41574,DNC,luat,C00,Điểm học bạ,2022,23.0,Luật
41575,DNC,luat,D01,Điểm học bạ,2022,23.0,Luật
41576,DNC,luat,D14,Điểm học bạ,2022,23.0,Luật
41577,DNC,luat,D15,Điểm học bạ,2022,23.0,Luật
41578,DNC,luat,C00,Điểm thi THPT,2022,23.0,Luật
41579,DNC,luat,D01,Điểm thi THPT,2022,23.0,Luật
41580,DNC,luat,D14,Điểm thi THPT,2022,23.0,Luật
41581,DNC,luat,D15,Điểm thi THPT,2022,23.0,Luật
41582,DNC,luat,C00,Điểm học bạ,2023,18.0,Luật
41583,DNC,luat,D01,Điểm học bạ,2023,18.0,Luật
41584,DNC,luat,D14,Điểm học bạ,2023,18.0,Luật
41585,DNC,luat,D15,Điểm học bạ,2023,18.0,Luật
41586,DNC,luat,C00,Điểm thi THPT,2023,15.0,Luật
41587,DNC,luat,D01,Điểm thi THPT,2023,15.0,Luật
41588,DNC,luat,D14,Điểm thi THPT,2023,15.0,Luật
41589,DNC,luat,D15,Điểm thi THPT,2023,15.0,Luật
41590,DNC,luat,C00,Điểm học bạ,2024,18.0,Luật
41591,DNC,luat,D01,Điểm học bạ,2024,18.0,Luật
41592,DNC,luat,D14,Điểm học bạ,2024,18.0,Luật
41593,DNC,luat,D15,Điểm học bạ,2024,18.0,Luật
41594,DNC,luat,C00,Điểm thi THPT,2024,16.0,Luật
41595,DNC,luat,D01,Điểm thi THPT,2024,16.0,Luật
41596,DNC,luat,D14,Điểm thi THPT,2024,16.0,Luật
41597,DNC,luat,D15,Điểm thi THPT,2024,16.0,Luật
41598,DNC,luat,C00,Điểm học bạ,2025,18.0,Luật
41599,DNC,luat,C03,Điểm học bạ,2025,18.0,Luật
41600,DNC,luat,D01,Điểm học bạ,2025,18.0,Luật
41601,DNC,luat,D14,Điểm học bạ,2025,18.0,Luật
41602,DNC,luat,D15,Điểm học bạ,2025,18.0,Luật
41603,DNC,luat,X17,Điểm học bạ,2025,18.0,Luật
41604,DNC,luat,X71,Điểm học bạ,2025,18.0,Luật
41605,DNC,luat,X78,Điểm học bạ,2025,18.0,Luật
41606,DNC,luat,Y07,Điểm học bạ,2025,18.0,Luật
41607,DNC,luat,C00,Điểm thi THPT,2025,15.0,Luật
41608,DNC,luat,C03,Điểm thi THPT,2025,15.0,Luật
41609,DNC,luat,D01,Điểm thi THPT,2025,15.0,Luật
41610,DNC,luat,D14,Điểm thi THPT,2025,15.0,Luật
41611,DNC,luat,D15,Điểm thi THPT,2025,15.0,Luật
41612,DNC,luat,X17,Điểm thi THPT,2025,15.0,Luật
41613,DNC,luat,X71,Điểm thi THPT,2025,15.0,Luật
41614,DNC,luat,X78,Điểm thi THPT,2025,15.0,Luật
41615,DNC,luat,Y07,Điểm thi THPT,2025,15.0,Luật
41616,DNC,luat-kinh-te,C00,Điểm thi THPT,2021,21.0,Luật kinh tế
41617,DNC,luat-kinh-te,D01,Điểm thi THPT,2021,21.0,Luật kinh tế
41618,DNC,luat-kinh-te,D14,Điểm thi THPT,2021,21.0,Luật kinh tế
41619,DNC,luat-kinh-te,D15,Điểm thi THPT,2021,21.0,Luật kinh tế
41620,DNC,luat-kinh-te,C00,Điểm học bạ,2022,23.0,Luật kinh tế
41621,DNC,luat-kinh-te,D01,Điểm học bạ,2022,23.0,Luật kinh tế
41622,DNC,luat-kinh-te,D14,Điểm học bạ,2022,23.0,Luật kinh tế
41623,DNC,luat-kinh-te,D15,Điểm học bạ,2022,23.0,Luật kinh tế
41624,DNC,luat-kinh-te,C00,Điểm thi THPT,2022,21.0,Luật kinh tế
41625,DNC,luat-kinh-te,D01,Điểm thi THPT,2022,21.0,Luật kinh tế
41626,DNC,luat-kinh-te,D14,Điểm thi THPT,2022,21.0,Luật kinh tế
41627,DNC,luat-kinh-te,D15,Điểm thi THPT,2022,21.0,Luật kinh tế
41628,DNC,luat-kinh-te,C00,Điểm học bạ,2023,18.0,Luật kinh tế
41629,DNC,luat-kinh-te,D01,Điểm học bạ,2023,18.0,Luật kinh tế
41630,DNC,luat-kinh-te,D14,Điểm học bạ,2023,18.0,Luật kinh tế
41631,DNC,luat-kinh-te,D15,Điểm học bạ,2023,18.0,Luật kinh tế
41632,DNC,luat-kinh-te,C00,Điểm thi THPT,2023,15.0,Luật Kinh Tế
41633,DNC,luat-kinh-te,D01,Điểm thi THPT,2023,15.0,Luật Kinh Tế
41634,DNC,luat-kinh-te,D14,Điểm thi THPT,2023,15.0,Luật Kinh Tế
41635,DNC,luat-kinh-te,D15,Điểm thi THPT,2023,15.0,Luật Kinh Tế
41636,DNC,luat-kinh-te,C00,Điểm học bạ,2024,18.0,Luật kinh tế
41637,DNC,luat-kinh-te,D01,Điểm học bạ,2024,18.0,Luật kinh tế
41638,DNC,luat-kinh-te,D14,Điểm học bạ,2024,18.0,Luật kinh tế
41639,DNC,luat-kinh-te,D15,Điểm học bạ,2024,18.0,Luật kinh tế
41640,DNC,luat-kinh-te,C00,Điểm thi THPT,2024,16.0,Luật kinh tế
41641,DNC,luat-kinh-te,D01,Điểm thi THPT,2024,16.0,Luật kinh tế
41642,DNC,luat-kinh-te,D14,Điểm thi THPT,2024,16.0,Luật kinh tế
41643,DNC,luat-kinh-te,D15,Điểm thi THPT,2024,16.0,Luật kinh tế
41644,DNC,luat-kinh-te,C00,Điểm học bạ,2025,18.0,Luật kinh tế
41645,DNC,luat-kinh-te,C03,Điểm học bạ,2025,18.0,Luật kinh tế
41646,DNC,luat-kinh-te,D01,Điểm học bạ,2025,18.0,Luật kinh tế
41647,DNC,luat-kinh-te,D14,Điểm học bạ,2025,18.0,Luật kinh tế
41648,DNC,luat-kinh-te,D15,Điểm học bạ,2025,18.0,Luật kinh tế
41649,DNC,luat-kinh-te,X17,Điểm học bạ,2025,18.0,Luật kinh tế
41650,DNC,luat-kinh-te,X71,Điểm học bạ,2025,18.0,Luật kinh tế
41651,DNC,luat-kinh-te,X78,Điểm học bạ,2025,18.0,Luật kinh tế
41652,DNC,luat-kinh-te,Y07,Điểm học bạ,2025,18.0,Luật kinh tế
41653,DNC,luat-kinh-te,C00,Điểm thi THPT,2025,15.0,Luật kinh tế
41654,DNC,luat-kinh-te,C03,Điểm thi THPT,2025,15.0,Luật kinh tế
41655,DNC,luat-kinh-te,D01,Điểm thi THPT,2025,15.0,Luật kinh tế
41656,DNC,luat-kinh-te,D14,Điểm thi THPT,2025,15.0,Luật kinh tế
41657,DNC,luat-kinh-te,D15,Điểm thi THPT,2025,15.0,Luật kinh tế
41658,DNC,luat-kinh-te,X17,Điểm thi THPT,2025,15.0,Luật kinh tế
41659,DNC,luat-kinh-te,X71,Điểm thi THPT,2025,15.0,Luật kinh tế
41660,DNC,luat-kinh-te,X78,Điểm thi THPT,2025,15.0,Luật kinh tế
41661,DNC,luat-kinh-te,Y07,Điểm thi THPT,2025,15.0,Luật kinh tế
41662,DNC,mang-may-tinh-truyen-thong-du-lieu,A00,Điểm học bạ,2025,18.0,Mạng máy tính & truyền thông dữ liệu
41663,DNC,mang-may-tinh-truyen-thong-du-lieu,A01,Điểm học bạ,2025,18.0,Mạng máy tính & truyền thông dữ liệu
41664,DNC,mang-may-tinh-truyen-thong-du-lieu,A02,Điểm học bạ,2025,18.0,Mạng máy tính & truyền thông dữ liệu
41665,DNC,mang-may-tinh-truyen-thong-du-lieu,C01,Điểm học bạ,2025,18.0,Mạng máy tính & truyền thông dữ liệu
41666,DNC,mang-may-tinh-truyen-thong-du-lieu,D01,Điểm học bạ,2025,18.0,Mạng máy tính & truyền thông dữ liệu
41667,DNC,mang-may-tinh-truyen-thong-du-lieu,X06,Điểm học bạ,2025,18.0,Mạng máy tính & truyền thông dữ liệu
41668,DNC,mang-may-tinh-truyen-thong-du-lieu,X08,Điểm học bạ,2025,18.0,Mạng máy tính & truyền thông dữ liệu
41669,DNC,mang-may-tinh-truyen-thong-du-lieu,X25,Điểm học bạ,2025,18.0,Mạng máy tính & truyền thông dữ liệu
41670,DNC,mang-may-tinh-truyen-thong-du-lieu,X26,Điểm học bạ,2025,18.0,Mạng máy tính & truyền thông dữ liệu
41671,DNC,mang-may-tinh-truyen-thong-du-lieu,A00,Điểm thi THPT,2025,15.0,Mạng máy tính & truyền thông dữ liệu
41672,DNC,mang-may-tinh-truyen-thong-du-lieu,A01,Điểm thi THPT,2025,15.0,Mạng máy tính & truyền thông dữ liệu
41673,DNC,mang-may-tinh-truyen-thong-du-lieu,A02,Điểm thi THPT,2025,15.0,Mạng máy tính & truyền thông dữ liệu
41674,DNC,mang-may-tinh-truyen-thong-du-lieu,C01,Điểm thi THPT,2025,15.0,Mạng máy tính & truyền thông dữ liệu
41675,DNC,mang-may-tinh-truyen-thong-du-lieu,D01,Điểm thi THPT,2025,15.0,Mạng máy tính & truyền thông dữ liệu
41676,DNC,mang-may-tinh-truyen-thong-du-lieu,X06,Điểm thi THPT,2025,15.0,Mạng máy tính & truyền thông dữ liệu
41677,DNC,mang-may-tinh-truyen-thong-du-lieu,X08,Điểm thi THPT,2025,15.0,Mạng máy tính & truyền thông dữ liệu
41678,DNC,mang-may-tinh-truyen-thong-du-lieu,X25,Điểm thi THPT,2025,15.0,Mạng máy tính & truyền thông dữ liệu
41679,DNC,mang-may-tinh-truyen-thong-du-lieu,X26,Điểm thi THPT,2025,15.0,Mạng máy tính & truyền thông dữ liệu
41680,DNC,mang-may-tinh-va-truyen-thong-du-lieu,A00,Điểm học bạ,2023,18.0,Mạng máy tính và truyền thông dữ liệu
41681,DNC,mang-may-tinh-va-truyen-thong-du-lieu,A01,Điểm học bạ,2023,18.0,Mạng máy tính và truyền thông dữ liệu
41682,DNC,mang-may-tinh-va-truyen-thong-du-lieu,A02,Điểm học bạ,2023,18.0,Mạng máy tính và truyền thông dữ liệu
41683,DNC,mang-may-tinh-va-truyen-thong-du-lieu,D07,Điểm học bạ,2023,18.0,Mạng máy tính và truyền thông dữ liệu
41684,DNC,mang-may-tinh-va-truyen-thong-du-lieu,A00,Điểm thi THPT,2023,15.0,Mạng máy tính và truyền thông dữ liệu
41685,DNC,mang-may-tinh-va-truyen-thong-du-lieu,A01,Điểm thi THPT,2023,15.0,Mạng máy tính và truyền thông dữ liệu
41686,DNC,mang-may-tinh-va-truyen-thong-du-lieu,A02,Điểm thi THPT,2023,15.0,Mạng máy tính và truyền thông dữ liệu
41687,DNC,mang-may-tinh-va-truyen-thong-du-lieu,D07,Điểm thi THPT,2023,15.0,Mạng máy tính và truyền thông dữ liệu
41688,DNC,mang-may-tinh-va-truyen-thong-du-lieu,A00,Điểm học bạ,2024,18.0,Mạng máy tính và truyền thông dữ liệu
41689,DNC,mang-may-tinh-va-truyen-thong-du-lieu,A01,Điểm học bạ,2024,18.0,Mạng máy tính và truyền thông dữ liệu
41690,DNC,mang-may-tinh-va-truyen-thong-du-lieu,A02,Điểm học bạ,2024,18.0,Mạng máy tính và truyền thông dữ liệu
41691,DNC,mang-may-tinh-va-truyen-thong-du-lieu,D07,Điểm học bạ,2024,18.0,Mạng máy tính và truyền thông dữ liệu
41692,DNC,mang-may-tinh-va-truyen-thong-du-lieu,A00,Điểm thi THPT,2024,16.0,Mạng máy tính và truyền thông dữ liệu
41693,DNC,mang-may-tinh-va-truyen-thong-du-lieu,A01,Điểm thi THPT,2024,16.0,Mạng máy tính và truyền thông dữ liệu
41694,DNC,mang-may-tinh-va-truyen-thong-du-lieu,A02,Điểm thi THPT,2024,16.0,Mạng máy tính và truyền thông dữ liệu
41695,DNC,mang-may-tinh-va-truyen-thong-du-lieu,D07,Điểm thi THPT,2024,16.0,Mạng máy tính và truyền thông dữ liệu
41696,DNC,marketing,A00,Điểm thi THPT,2021,23.5,Marketing
41697,DNC,marketing,A01,Điểm thi THPT,2021,23.5,Marketing
41698,DNC,marketing,C04,Điểm thi THPT,2021,23.5,Marketing
41699,DNC,marketing,D01,Điểm thi THPT,2021,23.5,Marketing
41700,DNC,marketing,A00,Điểm học bạ,2022,26.0,Marketing
41701,DNC,marketing,A01,Điểm học bạ,2022,26.0,Marketing
41702,DNC,marketing,C04,Điểm học bạ,2022,26.0,Marketing
41703,DNC,marketing,D01,Điểm học bạ,2022,26.0,Marketing
41704,DNC,marketing,A00,Điểm thi THPT,2022,22.0,Marketing
41705,DNC,marketing,A01,Điểm thi THPT,2022,22.0,Marketing
41706,DNC,marketing,C04,Điểm thi THPT,2022,22.0,Marketing
41707,DNC,marketing,D01,Điểm thi THPT,2022,22.0,Marketing
41708,DNC,marketing,A00,Điểm học bạ,2023,18.0,Marketing
41709,DNC,marketing,A01,Điểm học bạ,2023,18.0,Marketing
41710,DNC,marketing,C04,Điểm học bạ,2023,18.0,Marketing
41711,DNC,marketing,D01,Điểm học bạ,2023,18.0,Marketing
41712,DNC,marketing,A00,Điểm thi THPT,2023,15.0,Marketing
41713,DNC,marketing,A01,Điểm thi THPT,2023,15.0,Marketing
41714,DNC,marketing,C04,Điểm thi THPT,2023,15.0,Marketing
41715,DNC,marketing,D01,Điểm thi THPT,2023,15.0,Marketing
41716,DNC,marketing,A00,Điểm học bạ,2024,18.0,Marketing
41717,DNC,marketing,A01,Điểm học bạ,2024,18.0,Marketing
41718,DNC,marketing,C04,Điểm học bạ,2024,18.0,Marketing
41719,DNC,marketing,D01,Điểm học bạ,2024,18.0,Marketing
41720,DNC,marketing,A00,Điểm thi THPT,2024,16.0,Marketing
41721,DNC,marketing,A01,Điểm thi THPT,2024,16.0,Marketing
41722,DNC,marketing,C04,Điểm thi THPT,2024,16.0,Marketing
41723,DNC,marketing,D01,Điểm thi THPT,2024,16.0,Marketing
41724,DNC,marketing,A00,Điểm học bạ,2025,18.0,Marketing
41725,DNC,marketing,A01,Điểm học bạ,2025,18.0,Marketing
41726,DNC,marketing,C03,Điểm học bạ,2025,18.0,Marketing
41727,DNC,marketing,C04,Điểm học bạ,2025,18.0,Marketing
41728,DNC,marketing,D01,Điểm học bạ,2025,18.0,Marketing
41729,DNC,marketing,D10,Điểm học bạ,2025,18.0,Marketing
41730,DNC,marketing,X17,Điểm học bạ,2025,18.0,Marketing
41731,DNC,marketing,X56,Điểm học bạ,2025,18.0,Marketing
41732,DNC,marketing,Y07,Điểm học bạ,2025,18.0,Marketing
41733,DNC,marketing,A00,Điểm thi THPT,2025,15.0,Marketing
41734,DNC,marketing,A01,Điểm thi THPT,2025,15.0,Marketing
41735,DNC,marketing,C03,Điểm thi THPT,2025,15.0,Marketing
41736,DNC,marketing,C04,Điểm thi THPT,2025,15.0,Marketing
41737,DNC,marketing,D01,Điểm thi THPT,2025,15.0,Marketing
41738,DNC,marketing,D10,Điểm thi THPT,2025,15.0,Marketing
41739,DNC,marketing,X17,Điểm thi THPT,2025,15.0,Marketing
41740,DNC,marketing,X56,Điểm thi THPT,2025,15.0,Marketing
41741,DNC,marketing,Y07,Điểm thi THPT,2025,15.0,Marketing
41742,DNC,ngon-ngu-anh,D01,Điểm thi THPT,2021,22.5,Ngôn ngữ anh
41743,DNC,ngon-ngu-anh,D14,Điểm thi THPT,2021,22.5,Ngôn ngữ anh
41744,DNC,ngon-ngu-anh,D15,Điểm thi THPT,2021,22.5,Ngôn ngữ anh
41745,DNC,ngon-ngu-anh,D66,Điểm thi THPT,2021,22.5,Ngôn ngữ anh
41746,DNC,ngon-ngu-anh,D01,Điểm học bạ,2022,20.0,Ngôn ngữ anh
41747,DNC,ngon-ngu-anh,D14,Điểm học bạ,2022,20.0,Ngôn ngữ anh
41748,DNC,ngon-ngu-anh,D15,Điểm học bạ,2022,20.0,Ngôn ngữ anh
41749,DNC,ngon-ngu-anh,D66,Điểm học bạ,2022,20.0,Ngôn ngữ anh
41750,DNC,ngon-ngu-anh,D01,Điểm thi THPT,2022,16.0,Ngôn ngữ anh
41751,DNC,ngon-ngu-anh,D14,Điểm thi THPT,2022,16.0,Ngôn ngữ anh
41752,DNC,ngon-ngu-anh,D15,Điểm thi THPT,2022,16.0,Ngôn ngữ anh
41753,DNC,ngon-ngu-anh,D66,Điểm thi THPT,2022,16.0,Ngôn ngữ anh
41754,DNC,ngon-ngu-anh,D01,Điểm học bạ,2023,18.0,Ngôn ngữ anh
41755,DNC,ngon-ngu-anh,D14,Điểm học bạ,2023,18.0,Ngôn ngữ anh
41756,DNC,ngon-ngu-anh,D15,Điểm học bạ,2023,18.0,Ngôn ngữ anh
41757,DNC,ngon-ngu-anh,D66,Điểm học bạ,2023,18.0,Ngôn ngữ anh
41758,DNC,ngon-ngu-anh,D01,Điểm thi THPT,2023,15.0,Ngôn ngữ Anh
41759,DNC,ngon-ngu-anh,D14,Điểm thi THPT,2023,15.0,Ngôn ngữ Anh
41760,DNC,ngon-ngu-anh,D15,Điểm thi THPT,2023,15.0,Ngôn ngữ Anh
41761,DNC,ngon-ngu-anh,D66,Điểm thi THPT,2023,15.0,Ngôn ngữ Anh
41762,DNC,ngon-ngu-anh,D01,Điểm học bạ,2024,18.0,Ngôn ngữ Anh
41763,DNC,ngon-ngu-anh,D14,Điểm học bạ,2024,18.0,Ngôn ngữ Anh
41764,DNC,ngon-ngu-anh,D15,Điểm học bạ,2024,18.0,Ngôn ngữ Anh
41765,DNC,ngon-ngu-anh,D66,Điểm học bạ,2024,18.0,Ngôn ngữ Anh
41766,DNC,ngon-ngu-anh,D01,Điểm thi THPT,2024,16.0,Ngôn ngữ Anh
41767,DNC,ngon-ngu-anh,D14,Điểm thi THPT,2024,16.0,Ngôn ngữ Anh
41768,DNC,ngon-ngu-anh,D15,Điểm thi THPT,2024,16.0,Ngôn ngữ Anh
41769,DNC,ngon-ngu-anh,D66,Điểm thi THPT,2024,16.0,Ngôn ngữ Anh
41770,DNC,ngon-ngu-anh,A01,Điểm học bạ,2025,18.0,Ngôn ngữ Anh
41771,DNC,ngon-ngu-anh,D01,Điểm học bạ,2025,18.0,Ngôn ngữ Anh
41772,DNC,ngon-ngu-anh,D14,Điểm học bạ,2025,18.0,Ngôn ngữ Anh
41773,DNC,ngon-ngu-anh,D15,Điểm học bạ,2025,18.0,Ngôn ngữ Anh
41774,DNC,ngon-ngu-anh,X25,Điểm học bạ,2025,18.0,Ngôn ngữ Anh
41775,DNC,ngon-ngu-anh,X26,Điểm học bạ,2025,18.0,Ngôn ngữ Anh
41776,DNC,ngon-ngu-anh,X78,Điểm học bạ,2025,18.0,Ngôn ngữ Anh
41777,DNC,ngon-ngu-anh,A01,Điểm thi THPT,2025,15.0,Ngôn ngữ Anh
41778,DNC,ngon-ngu-anh,D01,Điểm thi THPT,2025,15.0,Ngôn ngữ Anh
41779,DNC,ngon-ngu-anh,D14,Điểm thi THPT,2025,15.0,Ngôn ngữ Anh
41780,DNC,ngon-ngu-anh,D15,Điểm thi THPT,2025,15.0,Ngôn ngữ Anh
41781,DNC,ngon-ngu-anh,X25,Điểm thi THPT,2025,15.0,Ngôn ngữ Anh
41782,DNC,ngon-ngu-anh,X26,Điểm thi THPT,2025,15.0,Ngôn ngữ Anh
41783,DNC,ngon-ngu-anh,X78,Điểm thi THPT,2025,15.0,Ngôn ngữ Anh
41784,DNC,o-to-dien,A00,Điểm học bạ,2025,18.0,Công nghệ kỹ thuật ô tô (Chuyên ngành Ô tô điện)
41785,DNC,o-to-dien,A01,Điểm học bạ,2025,18.0,Công nghệ kỹ thuật ô tô (Chuyên ngành Ô tô điện)
41786,DNC,o-to-dien,A02,Điểm học bạ,2025,18.0,Công nghệ kỹ thuật ô tô (Chuyên ngành Ô tô điện)
41787,DNC,o-to-dien,D01,Điểm học bạ,2025,18.0,Công nghệ kỹ thuật ô tô (Chuyên ngành Ô tô điện)
41788,DNC,o-to-dien,D07,Điểm học bạ,2025,18.0,Công nghệ kỹ thuật ô tô (Chuyên ngành Ô tô điện)
41789,DNC,o-to-dien,X02,Điểm học bạ,2025,18.0,Công nghệ kỹ thuật ô tô (Chuyên ngành Ô tô điện)
41790,DNC,o-to-dien,X05,Điểm học bạ,2025,18.0,Công nghệ kỹ thuật ô tô (Chuyên ngành Ô tô điện)
41791,DNC,o-to-dien,X06,Điểm học bạ,2025,18.0,Công nghệ kỹ thuật ô tô (Chuyên ngành Ô tô điện)
41792,DNC,o-to-dien,X08,Điểm học bạ,2025,18.0,Công nghệ kỹ thuật ô tô (Chuyên ngành Ô tô điện)
41793,DNC,o-to-dien,A00,Điểm thi THPT,2025,15.0,Công nghệ kỹ thuật ô tô (Chuyên ngành Ô tô điện)
41794,DNC,o-to-dien,A01,Điểm thi THPT,2025,15.0,Công nghệ kỹ thuật ô tô (Chuyên ngành Ô tô điện)
41795,DNC,o-to-dien,A02,Điểm thi THPT,2025,15.0,Công nghệ kỹ thuật ô tô (Chuyên ngành Ô tô điện)
41796,DNC,o-to-dien,D01,Điểm thi THPT,2025,15.0,Công nghệ kỹ thuật ô tô (Chuyên ngành Ô tô điện)
41797,DNC,o-to-dien,D07,Điểm thi THPT,2025,15.0,Công nghệ kỹ thuật ô tô (Chuyên ngành Ô tô điện)
41798,DNC,o-to-dien,X02,Điểm thi THPT,2025,15.0,Công nghệ kỹ thuật ô tô (Chuyên ngành Ô tô điện)
41799,DNC,o-to-dien,X05,Điểm thi THPT,2025,15.0,Công nghệ kỹ thuật ô tô (Chuyên ngành Ô tô điện)
41800,DNC,o-to-dien,X06,Điểm thi THPT,2025,15.0,Công nghệ kỹ thuật ô tô (Chuyên ngành Ô tô điện)
41801,DNC,o-to-dien,X08,Điểm thi THPT,2025,15.0,Công nghệ kỹ thuật ô tô (Chuyên ngành Ô tô điện)
41802,DNC,quan-he-cong-chung,C00,Điểm thi THPT,2021,22.0,Quan hệ công chúng
41803,DNC,quan-he-cong-chung,D01,Điểm thi THPT,2021,22.0,Quan hệ công chúng
41804,DNC,quan-he-cong-chung,D14,Điểm thi THPT,2021,22.0,Quan hệ công chúng
41805,DNC,quan-he-cong-chung,D15,Điểm thi THPT,2021,22.0,Quan hệ công chúng
41806,DNC,quan-he-cong-chung,C00,Điểm học bạ,2022,25.0,Quan hệ công chúng
41807,DNC,quan-he-cong-chung,D01,Điểm học bạ,2022,25.0,Quan hệ công chúng
41808,DNC,quan-he-cong-chung,D14,Điểm học bạ,2022,25.0,Quan hệ công chúng
41809,DNC,quan-he-cong-chung,D15,Điểm học bạ,2022,25.0,Quan hệ công chúng
41810,DNC,quan-he-cong-chung,C00,Điểm thi THPT,2022,22.0,Quan hệ công chúng
41811,DNC,quan-he-cong-chung,D01,Điểm thi THPT,2022,22.0,Quan hệ công chúng
41812,DNC,quan-he-cong-chung,D14,Điểm thi THPT,2022,22.0,Quan hệ công chúng
41813,DNC,quan-he-cong-chung,D15,Điểm thi THPT,2022,22.0,Quan hệ công chúng
41814,DNC,quan-he-cong-chung,C00,Điểm học bạ,2023,18.0,Quan hệ công chúng
41815,DNC,quan-he-cong-chung,D01,Điểm học bạ,2023,18.0,Quan hệ công chúng
41816,DNC,quan-he-cong-chung,D14,Điểm học bạ,2023,18.0,Quan hệ công chúng
41817,DNC,quan-he-cong-chung,D15,Điểm học bạ,2023,18.0,Quan hệ công chúng
41818,DNC,quan-he-cong-chung,C00,Điểm thi THPT,2023,15.0,Quan hệ công chúng
41819,DNC,quan-he-cong-chung,D01,Điểm thi THPT,2023,15.0,Quan hệ công chúng
41820,DNC,quan-he-cong-chung,D14,Điểm thi THPT,2023,15.0,Quan hệ công chúng
41821,DNC,quan-he-cong-chung,D15,Điểm thi THPT,2023,15.0,Quan hệ công chúng
41822,DNC,quan-he-cong-chung,C00,Điểm học bạ,2024,18.0,Quan hệ công chúng
41823,DNC,quan-he-cong-chung,D01,Điểm học bạ,2024,18.0,Quan hệ công chúng
41824,DNC,quan-he-cong-chung,D14,Điểm học bạ,2024,18.0,Quan hệ công chúng
41825,DNC,quan-he-cong-chung,D15,Điểm học bạ,2024,18.0,Quan hệ công chúng
41826,DNC,quan-he-cong-chung,C00,Điểm thi THPT,2024,16.0,Quan hệ công chúng
41827,DNC,quan-he-cong-chung,D01,Điểm thi THPT,2024,16.0,Quan hệ công chúng
41828,DNC,quan-he-cong-chung,D14,Điểm thi THPT,2024,16.0,Quan hệ công chúng
41829,DNC,quan-he-cong-chung,D15,Điểm thi THPT,2024,16.0,Quan hệ công chúng
41830,DNC,quan-he-cong-chung,C00,Điểm học bạ,2025,18.0,Quan hệ công chúng (PR)
41831,DNC,quan-he-cong-chung,C03,Điểm học bạ,2025,18.0,Quan hệ công chúng (PR)
41832,DNC,quan-he-cong-chung,D01,Điểm học bạ,2025,18.0,Quan hệ công chúng (PR)
41833,DNC,quan-he-cong-chung,D14,Điểm học bạ,2025,18.0,Quan hệ công chúng (PR)
41834,DNC,quan-he-cong-chung,D15,Điểm học bạ,2025,18.0,Quan hệ công chúng (PR)
41835,DNC,quan-he-cong-chung,X17,Điểm học bạ,2025,18.0,Quan hệ công chúng (PR)
41836,DNC,quan-he-cong-chung,X71,Điểm học bạ,2025,18.0,Quan hệ công chúng (PR)
41837,DNC,quan-he-cong-chung,X78,Điểm học bạ,2025,18.0,Quan hệ công chúng (PR)
41838,DNC,quan-he-cong-chung,Y07,Điểm học bạ,2025,18.0,Quan hệ công chúng (PR)
41839,DNC,quan-he-cong-chung,C00,Điểm thi THPT,2025,15.0,Quan hệ công chúng (PR)
41840,DNC,quan-he-cong-chung,C03,Điểm thi THPT,2025,15.0,Quan hệ công chúng (PR)
41841,DNC,quan-he-cong-chung,D01,Điểm thi THPT,2025,15.0,Quan hệ công chúng (PR)
41842,DNC,quan-he-cong-chung,D14,Điểm thi THPT,2025,15.0,Quan hệ công chúng (PR)
41843,DNC,quan-he-cong-chung,D15,Điểm thi THPT,2025,15.0,Quan hệ công chúng (PR)
41844,DNC,quan-he-cong-chung,X17,Điểm thi THPT,2025,15.0,Quan hệ công chúng (PR)
41845,DNC,quan-he-cong-chung,X71,Điểm thi THPT,2025,15.0,Quan hệ công chúng (PR)
41846,DNC,quan-he-cong-chung,X78,Điểm thi THPT,2025,15.0,Quan hệ công chúng (PR)
41847,DNC,quan-he-cong-chung,Y07,Điểm thi THPT,2025,15.0,Quan hệ công chúng (PR)
41848,DNC,quan-li-cong-nghiep,A00,Điểm thi THPT,2023,15.0,Quản lí công nghiệp
41849,DNC,quan-li-cong-nghiep,A01,Điểm thi THPT,2023,15.0,Quản lí công nghiệp
41850,DNC,quan-li-cong-nghiep,D01,Điểm thi THPT,2023,15.0,Quản lí công nghiệp
41851,DNC,quan-li-cong-nghiep,D07,Điểm thi THPT,2023,15.0,Quản lí công nghiệp
41852,DNC,quan-li-dat-dai,A00,Điểm thi THPT,2023,15.0,Quản lí đất đai
41853,DNC,quan-li-dat-dai,A02,Điểm thi THPT,2023,15.0,Quản lí đất đai
41854,DNC,quan-li-dat-dai,B00,Điểm thi THPT,2023,15.0,Quản lí đất đai
41855,DNC,quan-li-dat-dai,C08,Điểm thi THPT,2023,15.0,Quản lí đất đai
41856,DNC,quan-li-tai-nguyen-va-moi-truong,A00,Điểm thi THPT,2023,15.0,Quản lí tài nguyên và môi trường
41857,DNC,quan-li-tai-nguyen-va-moi-truong,A02,Điểm thi THPT,2023,15.0,Quản lí tài nguyên và môi trường
41858,DNC,quan-li-tai-nguyen-va-moi-truong,B00,Điểm thi THPT,2023,15.0,Quản lí tài nguyên và môi trường
41859,DNC,quan-li-tai-nguyen-va-moi-truong,C08,Điểm thi THPT,2023,15.0,Quản lí tài nguyên và môi trường
41860,DNC,quan-ly-benh-vien,B00,Điểm thi THPT,2021,17.0,Quản lý bệnh viện
41861,DNC,quan-ly-benh-vien,B03,Điểm thi THPT,2021,17.0,Quản lý bệnh viện
41862,DNC,quan-ly-benh-vien,C01,Điểm thi THPT,2021,17.0,Quản lý bệnh viện
41863,DNC,quan-ly-benh-vien,C02,Điểm thi THPT,2021,17.0,Quản lý bệnh viện
41864,DNC,quan-ly-benh-vien,B00,Điểm học bạ,2022,18.0,Quản lý bệnh viện
41865,DNC,quan-ly-benh-vien,B03,Điểm học bạ,2022,18.0,Quản lý bệnh viện
41866,DNC,quan-ly-benh-vien,C01,Điểm học bạ,2022,18.0,Quản lý bệnh viện
41867,DNC,quan-ly-benh-vien,C02,Điểm học bạ,2022,18.0,Quản lý bệnh viện
41868,DNC,quan-ly-benh-vien,B00,Điểm thi THPT,2022,16.0,Quản lý bệnh viện
41869,DNC,quan-ly-benh-vien,B03,Điểm thi THPT,2022,16.0,Quản lý bệnh viện
41870,DNC,quan-ly-benh-vien,C01,Điểm thi THPT,2022,16.0,Quản lý bệnh viện
41871,DNC,quan-ly-benh-vien,C02,Điểm thi THPT,2022,16.0,Quản lý bệnh viện
41872,DNC,quan-ly-benh-vien,B00,Điểm học bạ,2023,18.0,Quản lý bệnh viện
41873,DNC,quan-ly-benh-vien,B03,Điểm học bạ,2023,18.0,Quản lý bệnh viện
41874,DNC,quan-ly-benh-vien,C01,Điểm học bạ,2023,18.0,Quản lý bệnh viện
41875,DNC,quan-ly-benh-vien,C02,Điểm học bạ,2023,18.0,Quản lý bệnh viện
41876,DNC,quan-ly-benh-vien,B00,Điểm thi THPT,2023,15.0,Quản lý bệnh viện
41877,DNC,quan-ly-benh-vien,B03,Điểm thi THPT,2023,15.0,Quản lý bệnh viện
41878,DNC,quan-ly-benh-vien,C01,Điểm thi THPT,2023,15.0,Quản lý bệnh viện
41879,DNC,quan-ly-benh-vien,C02,Điểm thi THPT,2023,15.0,Quản lý bệnh viện
41880,DNC,quan-ly-benh-vien,B00,Điểm học bạ,2024,18.0,Quản lý bệnh viện
41881,DNC,quan-ly-benh-vien,B03,Điểm học bạ,2024,18.0,Quản lý bệnh viện
41882,DNC,quan-ly-benh-vien,C01,Điểm học bạ,2024,18.0,Quản lý bệnh viện
41883,DNC,quan-ly-benh-vien,C02,Điểm học bạ,2024,18.0,Quản lý bệnh viện
41884,DNC,quan-ly-benh-vien,B00,Điểm thi THPT,2024,16.0,Quản lý bệnh viện
41885,DNC,quan-ly-benh-vien,B03,Điểm thi THPT,2024,16.0,Quản lý bệnh viện
41886,DNC,quan-ly-benh-vien,C01,Điểm thi THPT,2024,16.0,Quản lý bệnh viện
41887,DNC,quan-ly-benh-vien,C02,Điểm thi THPT,2024,16.0,Quản lý bệnh viện
41888,DNC,quan-ly-benh-vien,B00,Điểm học bạ,2025,18.0,Quản lý bệnh viện
41889,DNC,quan-ly-benh-vien,B03,Điểm học bạ,2025,18.0,Quản lý bệnh viện
41890,DNC,quan-ly-benh-vien,C01,Điểm học bạ,2025,18.0,Quản lý bệnh viện
41891,DNC,quan-ly-benh-vien,C02,Điểm học bạ,2025,18.0,Quản lý bệnh viện
41892,DNC,quan-ly-benh-vien,D01,Điểm học bạ,2025,18.0,Quản lý bệnh viện
41893,DNC,quan-ly-benh-vien,X06,Điểm học bạ,2025,18.0,Quản lý bệnh viện
41894,DNC,quan-ly-benh-vien,X09,Điểm học bạ,2025,18.0,Quản lý bệnh viện
41895,DNC,quan-ly-benh-vien,X10,Điểm học bạ,2025,18.0,Quản lý bệnh viện
41896,DNC,quan-ly-benh-vien,B00,Điểm thi THPT,2025,15.0,Quản lý bệnh viện
41897,DNC,quan-ly-benh-vien,B03,Điểm thi THPT,2025,15.0,Quản lý bệnh viện
41898,DNC,quan-ly-benh-vien,C01,Điểm thi THPT,2025,15.0,Quản lý bệnh viện
41899,DNC,quan-ly-benh-vien,C02,Điểm thi THPT,2025,15.0,Quản lý bệnh viện
41900,DNC,quan-ly-benh-vien,D01,Điểm thi THPT,2025,15.0,Quản lý bệnh viện
41901,DNC,quan-ly-benh-vien,X06,Điểm thi THPT,2025,15.0,Quản lý bệnh viện
41902,DNC,quan-ly-benh-vien,X09,Điểm thi THPT,2025,15.0,Quản lý bệnh viện
41903,DNC,quan-ly-benh-vien,X10,Điểm thi THPT,2025,15.0,Quản lý bệnh viện
41904,DNC,quan-ly-cong-nghiep,A00,Điểm thi THPT,2021,16.0,Quản lý công nghiệp
41905,DNC,quan-ly-cong-nghiep,A01,Điểm thi THPT,2021,16.0,Quản lý công nghiệp
41906,DNC,quan-ly-cong-nghiep,D01,Điểm thi THPT,2021,16.0,Quản lý công nghiệp
41907,DNC,quan-ly-cong-nghiep,D07,Điểm thi THPT,2021,16.0,Quản lý công nghiệp
41908,DNC,quan-ly-cong-nghiep,A00,Điểm học bạ,2022,18.0,Quản lý công nghiệp
41909,DNC,quan-ly-cong-nghiep,A01,Điểm học bạ,2022,18.0,Quản lý công nghiệp
41910,DNC,quan-ly-cong-nghiep,D01,Điểm học bạ,2022,18.0,Quản lý công nghiệp
41911,DNC,quan-ly-cong-nghiep,D07,Điểm học bạ,2022,18.0,Quản lý công nghiệp
41912,DNC,quan-ly-cong-nghiep,A00,Điểm thi THPT,2022,16.0,Quản lý công nghiệp
41913,DNC,quan-ly-cong-nghiep,A01,Điểm thi THPT,2022,16.0,Quản lý công nghiệp
41914,DNC,quan-ly-cong-nghiep,D01,Điểm thi THPT,2022,16.0,Quản lý công nghiệp
41915,DNC,quan-ly-cong-nghiep,D07,Điểm thi THPT,2022,16.0,Quản lý công nghiệp
41916,DNC,quan-ly-cong-nghiep,A00,Điểm học bạ,2023,18.0,Quản lý công nghiệp
41917,DNC,quan-ly-cong-nghiep,A01,Điểm học bạ,2023,18.0,Quản lý công nghiệp
41918,DNC,quan-ly-cong-nghiep,D01,Điểm học bạ,2023,18.0,Quản lý công nghiệp
41919,DNC,quan-ly-cong-nghiep,D07,Điểm học bạ,2023,18.0,Quản lý công nghiệp
41920,DNC,quan-ly-cong-nghiep,A00,Điểm học bạ,2024,18.0,Quản lý công nghiệp
41921,DNC,quan-ly-cong-nghiep,A01,Điểm học bạ,2024,18.0,Quản lý công nghiệp
41922,DNC,quan-ly-cong-nghiep,D01,Điểm học bạ,2024,18.0,Quản lý công nghiệp
41923,DNC,quan-ly-cong-nghiep,D07,Điểm học bạ,2024,18.0,Quản lý công nghiệp
41924,DNC,quan-ly-cong-nghiep,A00,Điểm thi THPT,2024,16.0,Quản lý công nghiệp
41925,DNC,quan-ly-cong-nghiep,A01,Điểm thi THPT,2024,16.0,Quản lý công nghiệp
41926,DNC,quan-ly-cong-nghiep,D01,Điểm thi THPT,2024,16.0,Quản lý công nghiệp
41927,DNC,quan-ly-cong-nghiep,D07,Điểm thi THPT,2024,16.0,Quản lý công nghiệp
41928,DNC,quan-ly-cong-nghiep,A00,Điểm học bạ,2025,18.0,Quản lý công nghiệp
41929,DNC,quan-ly-cong-nghiep,A01,Điểm học bạ,2025,18.0,Quản lý công nghiệp
41930,DNC,quan-ly-cong-nghiep,C03,Điểm học bạ,2025,18.0,Quản lý công nghiệp
41931,DNC,quan-ly-cong-nghiep,D01,Điểm học bạ,2025,18.0,Quản lý công nghiệp
41932,DNC,quan-ly-cong-nghiep,D07,Điểm học bạ,2025,18.0,Quản lý công nghiệp
41933,DNC,quan-ly-cong-nghiep,X17,Điểm học bạ,2025,18.0,Quản lý công nghiệp
41934,DNC,quan-ly-cong-nghiep,X26,Điểm học bạ,2025,18.0,Quản lý công nghiệp
41935,DNC,quan-ly-cong-nghiep,X56,Điểm học bạ,2025,18.0,Quản lý công nghiệp
41936,DNC,quan-ly-cong-nghiep,A00,Điểm thi THPT,2025,15.0,Quản lý công nghiệp
41937,DNC,quan-ly-cong-nghiep,A01,Điểm thi THPT,2025,15.0,Quản lý công nghiệp
41938,DNC,quan-ly-cong-nghiep,C03,Điểm thi THPT,2025,15.0,Quản lý công nghiệp
41939,DNC,quan-ly-cong-nghiep,D01,Điểm thi THPT,2025,15.0,Quản lý công nghiệp
41940,DNC,quan-ly-cong-nghiep,D07,Điểm thi THPT,2025,15.0,Quản lý công nghiệp
41941,DNC,quan-ly-cong-nghiep,X17,Điểm thi THPT,2025,15.0,Quản lý công nghiệp
41942,DNC,quan-ly-cong-nghiep,X26,Điểm thi THPT,2025,15.0,Quản lý công nghiệp
41943,DNC,quan-ly-cong-nghiep,X56,Điểm thi THPT,2025,15.0,Quản lý công nghiệp
41944,DNC,quan-ly-dat-dai,A00,Điểm thi THPT,2021,19.0,Quản lý đất đai
41945,DNC,quan-ly-dat-dai,A02,Điểm thi THPT,2021,19.0,Quản lý đất đai
41946,DNC,quan-ly-dat-dai,B00,Điểm thi THPT,2021,19.0,Quản lý đất đai
41947,DNC,quan-ly-dat-dai,C08,Điểm thi THPT,2021,19.0,Quản lý đất đai
41948,DNC,quan-ly-dat-dai,A00,Điểm học bạ,2022,24.0,Quản lý đất đai
41949,DNC,quan-ly-dat-dai,A02,Điểm học bạ,2022,24.0,Quản lý đất đai
41950,DNC,quan-ly-dat-dai,B00,Điểm học bạ,2022,24.0,Quản lý đất đai
41951,DNC,quan-ly-dat-dai,C08,Điểm học bạ,2022,24.0,Quản lý đất đai
41952,DNC,quan-ly-dat-dai,A00,Điểm thi THPT,2022,16.0,Quản lý đất đai
41953,DNC,quan-ly-dat-dai,A02,Điểm thi THPT,2022,16.0,Quản lý đất đai
41954,DNC,quan-ly-dat-dai,B00,Điểm thi THPT,2022,16.0,Quản lý đất đai
41955,DNC,quan-ly-dat-dai,C08,Điểm thi THPT,2022,16.0,Quản lý đất đai
41956,DNC,quan-ly-dat-dai,A00,Điểm học bạ,2023,18.0,Quản lý đất đai
41957,DNC,quan-ly-dat-dai,A02,Điểm học bạ,2023,18.0,Quản lý đất đai
41958,DNC,quan-ly-dat-dai,B00,Điểm học bạ,2023,18.0,Quản lý đất đai
41959,DNC,quan-ly-dat-dai,C08,Điểm học bạ,2023,18.0,Quản lý đất đai
41960,DNC,quan-ly-dat-dai,A00,Điểm học bạ,2024,18.0,Quản lý đất đai
41961,DNC,quan-ly-dat-dai,A02,Điểm học bạ,2024,18.0,Quản lý đất đai
41962,DNC,quan-ly-dat-dai,B00,Điểm học bạ,2024,18.0,Quản lý đất đai
41963,DNC,quan-ly-dat-dai,C08,Điểm học bạ,2024,18.0,Quản lý đất đai
41964,DNC,quan-ly-dat-dai,A00,Điểm thi THPT,2024,16.0,Quản lý đất đai
41965,DNC,quan-ly-dat-dai,A02,Điểm thi THPT,2024,16.0,Quản lý đất đai
41966,DNC,quan-ly-dat-dai,B00,Điểm thi THPT,2024,16.0,Quản lý đất đai
41967,DNC,quan-ly-dat-dai,C08,Điểm thi THPT,2024,16.0,Quản lý đất đai
41968,DNC,quan-ly-dat-dai,A00,Điểm học bạ,2025,18.0,Quản lý đất đai
41969,DNC,quan-ly-dat-dai,A02,Điểm học bạ,2025,18.0,Quản lý đất đai
41970,DNC,quan-ly-dat-dai,B00,Điểm học bạ,2025,18.0,Quản lý đất đai
41971,DNC,quan-ly-dat-dai,C03,Điểm học bạ,2025,18.0,Quản lý đất đai
41972,DNC,quan-ly-dat-dai,C04,Điểm học bạ,2025,18.0,Quản lý đất đai
41973,DNC,quan-ly-dat-dai,C08,Điểm học bạ,2025,18.0,Quản lý đất đai
41974,DNC,quan-ly-dat-dai,D01,Điểm học bạ,2025,18.0,Quản lý đất đai
41975,DNC,quan-ly-dat-dai,X05,Điểm học bạ,2025,18.0,Quản lý đất đai
41976,DNC,quan-ly-dat-dai,X78,Điểm học bạ,2025,18.0,Quản lý đất đai
41977,DNC,quan-ly-dat-dai,A00,Điểm thi THPT,2025,15.0,Quản lý đất đai
41978,DNC,quan-ly-dat-dai,A02,Điểm thi THPT,2025,15.0,Quản lý đất đai
41979,DNC,quan-ly-dat-dai,B00,Điểm thi THPT,2025,15.0,Quản lý đất đai
41980,DNC,quan-ly-dat-dai,C03,Điểm thi THPT,2025,15.0,Quản lý đất đai
41981,DNC,quan-ly-dat-dai,C04,Điểm thi THPT,2025,15.0,Quản lý đất đai
41982,DNC,quan-ly-dat-dai,C08,Điểm thi THPT,2025,15.0,Quản lý đất đai
41983,DNC,quan-ly-dat-dai,D01,Điểm thi THPT,2025,15.0,Quản lý đất đai
41984,DNC,quan-ly-dat-dai,X05,Điểm thi THPT,2025,15.0,Quản lý đất đai
41985,DNC,quan-ly-dat-dai,X78,Điểm thi THPT,2025,15.0,Quản lý đất đai
41986,DNC,quan-ly-tai-nguyen-moi-truong,A00,Điểm học bạ,2025,18.0,Quản lý tài nguyên & môi trường
41987,DNC,quan-ly-tai-nguyen-moi-truong,A02,Điểm học bạ,2025,18.0,Quản lý tài nguyên & môi trường
41988,DNC,quan-ly-tai-nguyen-moi-truong,B00,Điểm học bạ,2025,18.0,Quản lý tài nguyên & môi trường
41989,DNC,quan-ly-tai-nguyen-moi-truong,C03,Điểm học bạ,2025,18.0,Quản lý tài nguyên & môi trường
41990,DNC,quan-ly-tai-nguyen-moi-truong,C04,Điểm học bạ,2025,18.0,Quản lý tài nguyên & môi trường
41991,DNC,quan-ly-tai-nguyen-moi-truong,C08,Điểm học bạ,2025,18.0,Quản lý tài nguyên & môi trường
41992,DNC,quan-ly-tai-nguyen-moi-truong,D01,Điểm học bạ,2025,18.0,Quản lý tài nguyên & môi trường
41993,DNC,quan-ly-tai-nguyen-moi-truong,X05,Điểm học bạ,2025,18.0,Quản lý tài nguyên & môi trường
41994,DNC,quan-ly-tai-nguyen-moi-truong,X78,Điểm học bạ,2025,18.0,Quản lý tài nguyên & môi trường
41995,DNC,quan-ly-tai-nguyen-moi-truong,A00,Điểm thi THPT,2025,15.0,Quản lý tài nguyên & môi trường
41996,DNC,quan-ly-tai-nguyen-moi-truong,A02,Điểm thi THPT,2025,15.0,Quản lý tài nguyên & môi trường
41997,DNC,quan-ly-tai-nguyen-moi-truong,B00,Điểm thi THPT,2025,15.0,Quản lý tài nguyên & môi trường
41998,DNC,quan-ly-tai-nguyen-moi-truong,C03,Điểm thi THPT,2025,15.0,Quản lý tài nguyên & môi trường
41999,DNC,quan-ly-tai-nguyen-moi-truong,C04,Điểm thi THPT,2025,15.0,Quản lý tài nguyên & môi trường
42000,DNC,quan-ly-tai-nguyen-moi-truong,C08,Điểm thi THPT,2025,15.0,Quản lý tài nguyên & môi trường
42001,DNC,quan-ly-tai-nguyen-moi-truong,D01,Điểm thi THPT,2025,15.0,Quản lý tài nguyên & môi trường
42002,DNC,quan-ly-tai-nguyen-moi-truong,X05,Điểm thi THPT,2025,15.0,Quản lý tài nguyên & môi trường
42003,DNC,quan-ly-tai-nguyen-moi-truong,X78,Điểm thi THPT,2025,15.0,Quản lý tài nguyên & môi trường
42004,DNC,quan-ly-tai-nguyen-va-moi-truong,A00,Điểm thi THPT,2021,17.0,Quản lý tài nguyên và môi trường
42005,DNC,quan-ly-tai-nguyen-va-moi-truong,A02,Điểm thi THPT,2021,17.0,Quản lý tài nguyên và môi trường
42006,DNC,quan-ly-tai-nguyen-va-moi-truong,B00,Điểm thi THPT,2021,17.0,Quản lý tài nguyên và môi trường
42007,DNC,quan-ly-tai-nguyen-va-moi-truong,C08,Điểm thi THPT,2021,17.0,Quản lý tài nguyên và môi trường
42008,DNC,quan-ly-tai-nguyen-va-moi-truong,A00,Điểm học bạ,2022,18.0,Quản lý tài nguyên và môi trường
42009,DNC,quan-ly-tai-nguyen-va-moi-truong,A02,Điểm học bạ,2022,18.0,Quản lý tài nguyên và môi trường
42010,DNC,quan-ly-tai-nguyen-va-moi-truong,B00,Điểm học bạ,2022,18.0,Quản lý tài nguyên và môi trường
42011,DNC,quan-ly-tai-nguyen-va-moi-truong,C08,Điểm học bạ,2022,18.0,Quản lý tài nguyên và môi trường
42012,DNC,quan-ly-tai-nguyen-va-moi-truong,A00,Điểm thi THPT,2022,16.0,Quản lý tài nguyên và môi trường
42013,DNC,quan-ly-tai-nguyen-va-moi-truong,A02,Điểm thi THPT,2022,16.0,Quản lý tài nguyên và môi trường
42014,DNC,quan-ly-tai-nguyen-va-moi-truong,B00,Điểm thi THPT,2022,16.0,Quản lý tài nguyên và môi trường
42015,DNC,quan-ly-tai-nguyen-va-moi-truong,C08,Điểm thi THPT,2022,16.0,Quản lý tài nguyên và môi trường
42016,DNC,quan-ly-tai-nguyen-va-moi-truong,A00,Điểm học bạ,2023,18.0,Quản lý tài nguyên và môi trường
42017,DNC,quan-ly-tai-nguyen-va-moi-truong,A02,Điểm học bạ,2023,18.0,Quản lý tài nguyên và môi trường
42018,DNC,quan-ly-tai-nguyen-va-moi-truong,B00,Điểm học bạ,2023,18.0,Quản lý tài nguyên và môi trường
42019,DNC,quan-ly-tai-nguyen-va-moi-truong,C08,Điểm học bạ,2023,18.0,Quản lý tài nguyên và môi trường
42020,DNC,quan-ly-tai-nguyen-va-moi-truong,A00,Điểm học bạ,2024,18.0,Quản lý tài nguyên và môi trường
42021,DNC,quan-ly-tai-nguyen-va-moi-truong,A02,Điểm học bạ,2024,18.0,Quản lý tài nguyên và môi trường
42022,DNC,quan-ly-tai-nguyen-va-moi-truong,B00,Điểm học bạ,2024,18.0,Quản lý tài nguyên và môi trường
42023,DNC,quan-ly-tai-nguyen-va-moi-truong,C08,Điểm học bạ,2024,18.0,Quản lý tài nguyên và môi trường
42024,DNC,quan-ly-tai-nguyen-va-moi-truong,A00,Điểm thi THPT,2024,16.0,Quản lý tài nguyên và môi trường
42025,DNC,quan-ly-tai-nguyen-va-moi-truong,A02,Điểm thi THPT,2024,16.0,Quản lý tài nguyên và môi trường
42026,DNC,quan-ly-tai-nguyen-va-moi-truong,B00,Điểm thi THPT,2024,16.0,Quản lý tài nguyên và môi trường
42027,DNC,quan-ly-tai-nguyen-va-moi-truong,C08,Điểm thi THPT,2024,16.0,Quản lý tài nguyên và môi trường
42028,DNC,quan-ly-xay-dung,A00,Điểm học bạ,2025,18.0,Quản lý xây dựng
42029,DNC,quan-ly-xay-dung,A01,Điểm học bạ,2025,18.0,Quản lý xây dựng
42030,DNC,quan-ly-xay-dung,A02,Điểm học bạ,2025,18.0,Quản lý xây dựng
42031,DNC,quan-ly-xay-dung,A03,Điểm học bạ,2025,18.0,Quản lý xây dựng
42032,DNC,quan-ly-xay-dung,C03,Điểm học bạ,2025,18.0,Quản lý xây dựng
42033,DNC,quan-ly-xay-dung,D01,Điểm học bạ,2025,18.0,Quản lý xây dựng
42034,DNC,quan-ly-xay-dung,D07,Điểm học bạ,2025,18.0,Quản lý xây dựng
42035,DNC,quan-ly-xay-dung,X05,Điểm học bạ,2025,18.0,Quản lý xây dựng
42036,DNC,quan-ly-xay-dung,X06,Điểm học bạ,2025,18.0,Quản lý xây dựng
42037,DNC,quan-ly-xay-dung,A00,Điểm thi THPT,2025,15.0,Quản lý xây dựng
42038,DNC,quan-ly-xay-dung,A01,Điểm thi THPT,2025,15.0,Quản lý xây dựng
42039,DNC,quan-ly-xay-dung,A02,Điểm thi THPT,2025,15.0,Quản lý xây dựng
42040,DNC,quan-ly-xay-dung,A03,Điểm thi THPT,2025,15.0,Quản lý xây dựng
42041,DNC,quan-ly-xay-dung,C03,Điểm thi THPT,2025,15.0,Quản lý xây dựng
42042,DNC,quan-ly-xay-dung,D01,Điểm thi THPT,2025,15.0,Quản lý xây dựng
42043,DNC,quan-ly-xay-dung,D07,Điểm thi THPT,2025,15.0,Quản lý xây dựng
42044,DNC,quan-ly-xay-dung,X05,Điểm thi THPT,2025,15.0,Quản lý xây dựng
42045,DNC,quan-ly-xay-dung,X06,Điểm thi THPT,2025,15.0,Quản lý xây dựng
42046,DNC,quan-tri-dich-vu-du-lich-va-lu-hanh,A00,Điểm thi THPT,2021,18.5,Quản trị dịch vụ du lịch và lữ hành
42047,DNC,quan-tri-dich-vu-du-lich-va-lu-hanh,A01,Điểm thi THPT,2021,18.5,Quản trị dịch vụ du lịch và lữ hành
42048,DNC,quan-tri-dich-vu-du-lich-va-lu-hanh,C00,Điểm thi THPT,2021,18.5,Quản trị dịch vụ du lịch và lữ hành
42049,DNC,quan-tri-dich-vu-du-lich-va-lu-hanh,D01,Điểm thi THPT,2021,18.5,Quản trị dịch vụ du lịch và lữ hành
42050,DNC,quan-tri-dich-vu-du-lich-va-lu-hanh,A00,Điểm học bạ,2022,18.0,Quản trị dịch vụ du lịch và lữ hành
42051,DNC,quan-tri-dich-vu-du-lich-va-lu-hanh,A01,Điểm học bạ,2022,18.0,Quản trị dịch vụ du lịch và lữ hành
42052,DNC,quan-tri-dich-vu-du-lich-va-lu-hanh,C00,Điểm học bạ,2022,18.0,Quản trị dịch vụ du lịch và lữ hành
42053,DNC,quan-tri-dich-vu-du-lich-va-lu-hanh,D01,Điểm học bạ,2022,18.0,Quản trị dịch vụ du lịch và lữ hành
42054,DNC,quan-tri-dich-vu-du-lich-va-lu-hanh,A00,Điểm thi THPT,2022,21.0,Quản trị dịch vụ du lịch và lữ hành
42055,DNC,quan-tri-dich-vu-du-lich-va-lu-hanh,A01,Điểm thi THPT,2022,21.0,Quản trị dịch vụ du lịch và lữ hành
42056,DNC,quan-tri-dich-vu-du-lich-va-lu-hanh,C00,Điểm thi THPT,2022,21.0,Quản trị dịch vụ du lịch và lữ hành
42057,DNC,quan-tri-dich-vu-du-lich-va-lu-hanh,D01,Điểm thi THPT,2022,21.0,Quản trị dịch vụ du lịch và lữ hành
42058,DNC,quan-tri-dich-vu-du-lich-va-lu-hanh,A00,Điểm học bạ,2023,18.0,Quản trị dịch vụ du lịch và lữ hành
42059,DNC,quan-tri-dich-vu-du-lich-va-lu-hanh,A01,Điểm học bạ,2023,18.0,Quản trị dịch vụ du lịch và lữ hành
42060,DNC,quan-tri-dich-vu-du-lich-va-lu-hanh,C00,Điểm học bạ,2023,18.0,Quản trị dịch vụ du lịch và lữ hành
42061,DNC,quan-tri-dich-vu-du-lich-va-lu-hanh,D01,Điểm học bạ,2023,18.0,Quản trị dịch vụ du lịch và lữ hành
42062,DNC,quan-tri-dich-vu-du-lich-va-lu-hanh,A00,Điểm thi THPT,2023,15.0,Quản trị dịch vụ du lịch và lữ hành
42063,DNC,quan-tri-dich-vu-du-lich-va-lu-hanh,A01,Điểm thi THPT,2023,15.0,Quản trị dịch vụ du lịch và lữ hành
42064,DNC,quan-tri-dich-vu-du-lich-va-lu-hanh,C00,Điểm thi THPT,2023,15.0,Quản trị dịch vụ du lịch và lữ hành
42065,DNC,quan-tri-dich-vu-du-lich-va-lu-hanh,D01,Điểm thi THPT,2023,15.0,Quản trị dịch vụ du lịch và lữ hành
42066,DNC,quan-tri-dich-vu-du-lich-va-lu-hanh,A00,Điểm học bạ,2024,18.0,Quản trị dịch vụ du lịch và lữ hành
42067,DNC,quan-tri-dich-vu-du-lich-va-lu-hanh,A01,Điểm học bạ,2024,18.0,Quản trị dịch vụ du lịch và lữ hành
42068,DNC,quan-tri-dich-vu-du-lich-va-lu-hanh,C00,Điểm học bạ,2024,18.0,Quản trị dịch vụ du lịch và lữ hành
42069,DNC,quan-tri-dich-vu-du-lich-va-lu-hanh,D01,Điểm học bạ,2024,18.0,Quản trị dịch vụ du lịch và lữ hành
42070,DNC,quan-tri-dich-vu-du-lich-va-lu-hanh,A00,Điểm thi THPT,2024,16.0,Quản trị dịch vụ du lịch và lữ hành
42071,DNC,quan-tri-dich-vu-du-lich-va-lu-hanh,A01,Điểm thi THPT,2024,16.0,Quản trị dịch vụ du lịch và lữ hành
42072,DNC,quan-tri-dich-vu-du-lich-va-lu-hanh,C00,Điểm thi THPT,2024,16.0,Quản trị dịch vụ du lịch và lữ hành
42073,DNC,quan-tri-dich-vu-du-lich-va-lu-hanh,D01,Điểm thi THPT,2024,16.0,Quản trị dịch vụ du lịch và lữ hành
42074,DNC,quan-tri-dich-vu-du-lich-va-lu-hanh,A00,Điểm học bạ,2025,18.0,Quản trị dịch vụ du lịch và lữ hành
42075,DNC,quan-tri-dich-vu-du-lich-va-lu-hanh,A01,Điểm học bạ,2025,18.0,Quản trị dịch vụ du lịch và lữ hành
42076,DNC,quan-tri-dich-vu-du-lich-va-lu-hanh,C00,Điểm học bạ,2025,18.0,Quản trị dịch vụ du lịch và lữ hành
42077,DNC,quan-tri-dich-vu-du-lich-va-lu-hanh,C03,Điểm học bạ,2025,18.0,Quản trị dịch vụ du lịch và lữ hành
42078,DNC,quan-tri-dich-vu-du-lich-va-lu-hanh,D01,Điểm học bạ,2025,18.0,Quản trị dịch vụ du lịch và lữ hành
42079,DNC,quan-tri-dich-vu-du-lich-va-lu-hanh,D14,Điểm học bạ,2025,18.0,Quản trị dịch vụ du lịch và lữ hành
42080,DNC,quan-tri-dich-vu-du-lich-va-lu-hanh,D15,Điểm học bạ,2025,18.0,Quản trị dịch vụ du lịch và lữ hành
42081,DNC,quan-tri-dich-vu-du-lich-va-lu-hanh,X25,Điểm học bạ,2025,18.0,Quản trị dịch vụ du lịch và lữ hành
42082,DNC,quan-tri-dich-vu-du-lich-va-lu-hanh,Y07,Điểm học bạ,2025,18.0,Quản trị dịch vụ du lịch và lữ hành
42083,DNC,quan-tri-dich-vu-du-lich-va-lu-hanh,A00,Điểm thi THPT,2025,15.0,Quản trị dịch vụ du lịch và lữ hành
42084,DNC,quan-tri-dich-vu-du-lich-va-lu-hanh,A01,Điểm thi THPT,2025,15.0,Quản trị dịch vụ du lịch và lữ hành
42085,DNC,quan-tri-dich-vu-du-lich-va-lu-hanh,C00,Điểm thi THPT,2025,15.0,Quản trị dịch vụ du lịch và lữ hành
42086,DNC,quan-tri-dich-vu-du-lich-va-lu-hanh,C03,Điểm thi THPT,2025,15.0,Quản trị dịch vụ du lịch và lữ hành
42087,DNC,quan-tri-dich-vu-du-lich-va-lu-hanh,D01,Điểm thi THPT,2025,15.0,Quản trị dịch vụ du lịch và lữ hành
42088,DNC,quan-tri-dich-vu-du-lich-va-lu-hanh,D14,Điểm thi THPT,2025,15.0,Quản trị dịch vụ du lịch và lữ hành
42089,DNC,quan-tri-dich-vu-du-lich-va-lu-hanh,D15,Điểm thi THPT,2025,15.0,Quản trị dịch vụ du lịch và lữ hành
42090,DNC,quan-tri-dich-vu-du-lich-va-lu-hanh,X25,Điểm thi THPT,2025,15.0,Quản trị dịch vụ du lịch và lữ hành
42091,DNC,quan-tri-dich-vu-du-lich-va-lu-hanh,Y07,Điểm thi THPT,2025,15.0,Quản trị dịch vụ du lịch và lữ hành
42092,DNC,quan-tri-khach-san,A00,Điểm thi THPT,2021,22.5,Quản trị khách sạn
42093,DNC,quan-tri-khach-san,A01,Điểm thi THPT,2021,22.5,Quản trị khách sạn
42094,DNC,quan-tri-khach-san,C00,Điểm thi THPT,2021,22.5,Quản trị khách sạn
42095,DNC,quan-tri-khach-san,D01,Điểm thi THPT,2021,22.5,Quản trị khách sạn
42096,DNC,quan-tri-khach-san,A00,Điểm học bạ,2022,18.0,Quản trị khách sạn
42097,DNC,quan-tri-khach-san,A01,Điểm học bạ,2022,18.0,Quản trị khách sạn
42098,DNC,quan-tri-khach-san,C00,Điểm học bạ,2022,18.0,Quản trị khách sạn
42099,DNC,quan-tri-khach-san,D01,Điểm học bạ,2022,18.0,Quản trị khách sạn
42100,DNC,quan-tri-khach-san,A00,Điểm thi THPT,2022,18.0,Quản trị khách sạn
42101,DNC,quan-tri-khach-san,A01,Điểm thi THPT,2022,18.0,Quản trị khách sạn
42102,DNC,quan-tri-khach-san,C00,Điểm thi THPT,2022,18.0,Quản trị khách sạn
42103,DNC,quan-tri-khach-san,D01,Điểm thi THPT,2022,18.0,Quản trị khách sạn
42104,DNC,quan-tri-khach-san,A00,Điểm học bạ,2023,18.0,Quản trị khách sạn
42105,DNC,quan-tri-khach-san,A01,Điểm học bạ,2023,18.0,Quản trị khách sạn
42106,DNC,quan-tri-khach-san,C00,Điểm học bạ,2023,18.0,Quản trị khách sạn
42107,DNC,quan-tri-khach-san,D01,Điểm học bạ,2023,18.0,Quản trị khách sạn
42108,DNC,quan-tri-khach-san,A00,Điểm thi THPT,2023,15.0,Quản trị khách sạn
42109,DNC,quan-tri-khach-san,A01,Điểm thi THPT,2023,15.0,Quản trị khách sạn
42110,DNC,quan-tri-khach-san,C00,Điểm thi THPT,2023,15.0,Quản trị khách sạn
42111,DNC,quan-tri-khach-san,D01,Điểm thi THPT,2023,15.0,Quản trị khách sạn
42112,DNC,quan-tri-khach-san,A00,Điểm học bạ,2024,18.0,Quản trị khách sạn
42113,DNC,quan-tri-khach-san,A01,Điểm học bạ,2024,18.0,Quản trị khách sạn
42114,DNC,quan-tri-khach-san,C00,Điểm học bạ,2024,18.0,Quản trị khách sạn
42115,DNC,quan-tri-khach-san,D01,Điểm học bạ,2024,18.0,Quản trị khách sạn
42116,DNC,quan-tri-khach-san,A00,Điểm thi THPT,2024,16.0,Quản trị khách sạn
42117,DNC,quan-tri-khach-san,A01,Điểm thi THPT,2024,16.0,Quản trị khách sạn
42118,DNC,quan-tri-khach-san,C00,Điểm thi THPT,2024,16.0,Quản trị khách sạn
42119,DNC,quan-tri-khach-san,D01,Điểm thi THPT,2024,16.0,Quản trị khách sạn
42120,DNC,quan-tri-khach-san,A00,Điểm học bạ,2025,18.0,Quản trị khách sạn
42121,DNC,quan-tri-khach-san,A01,Điểm học bạ,2025,18.0,Quản trị khách sạn
42122,DNC,quan-tri-khach-san,C00,Điểm học bạ,2025,18.0,Quản trị khách sạn
42123,DNC,quan-tri-khach-san,C03,Điểm học bạ,2025,18.0,Quản trị khách sạn
42124,DNC,quan-tri-khach-san,D01,Điểm học bạ,2025,18.0,Quản trị khách sạn
42125,DNC,quan-tri-khach-san,D14,Điểm học bạ,2025,18.0,Quản trị khách sạn
42126,DNC,quan-tri-khach-san,D15,Điểm học bạ,2025,18.0,Quản trị khách sạn
42127,DNC,quan-tri-khach-san,X25,Điểm học bạ,2025,18.0,Quản trị khách sạn
42128,DNC,quan-tri-khach-san,Y07,Điểm học bạ,2025,18.0,Quản trị khách sạn
42129,DNC,quan-tri-khach-san,A00,Điểm thi THPT,2025,15.0,Quản trị khách sạn
42130,DNC,quan-tri-khach-san,A01,Điểm thi THPT,2025,15.0,Quản trị khách sạn
42131,DNC,quan-tri-khach-san,C00,Điểm thi THPT,2025,15.0,Quản trị khách sạn
42132,DNC,quan-tri-khach-san,C03,Điểm thi THPT,2025,15.0,Quản trị khách sạn
42133,DNC,quan-tri-khach-san,D01,Điểm thi THPT,2025,15.0,Quản trị khách sạn
42134,DNC,quan-tri-khach-san,D14,Điểm thi THPT,2025,15.0,Quản trị khách sạn
42135,DNC,quan-tri-khach-san,D15,Điểm thi THPT,2025,15.0,Quản trị khách sạn
42136,DNC,quan-tri-khach-san,X25,Điểm thi THPT,2025,15.0,Quản trị khách sạn
42137,DNC,quan-tri-khach-san,Y07,Điểm thi THPT,2025,15.0,Quản trị khách sạn
42138,DNC,quan-tri-kinh-doanh,A00,Điểm thi THPT,2021,23.0,Quản trị kinh doanh
42139,DNC,quan-tri-kinh-doanh,A01,Điểm thi THPT,2021,23.0,Quản trị kinh doanh
42140,DNC,quan-tri-kinh-doanh,C04,Điểm thi THPT,2021,23.0,Quản trị kinh doanh
42141,DNC,quan-tri-kinh-doanh,D01,Điểm thi THPT,2021,23.0,Quản trị kinh doanh
42142,DNC,quan-tri-kinh-doanh,A00,Điểm học bạ,2022,22.0,Quản trị kinh doanh
42143,DNC,quan-tri-kinh-doanh,A01,Điểm học bạ,2022,22.0,Quản trị kinh doanh
42144,DNC,quan-tri-kinh-doanh,C04,Điểm học bạ,2022,22.0,Quản trị kinh doanh
42145,DNC,quan-tri-kinh-doanh,D01,Điểm học bạ,2022,22.0,Quản trị kinh doanh
42146,DNC,quan-tri-kinh-doanh,A00,Điểm thi THPT,2022,18.0,Quản trị kinh doanh
42147,DNC,quan-tri-kinh-doanh,A01,Điểm thi THPT,2022,18.0,Quản trị kinh doanh
42148,DNC,quan-tri-kinh-doanh,C04,Điểm thi THPT,2022,18.0,Quản trị kinh doanh
42149,DNC,quan-tri-kinh-doanh,D01,Điểm thi THPT,2022,18.0,Quản trị kinh doanh
42150,DNC,quan-tri-kinh-doanh,A00,Điểm học bạ,2023,18.0,Quản trị kinh doanh
42151,DNC,quan-tri-kinh-doanh,A01,Điểm học bạ,2023,18.0,Quản trị kinh doanh
42152,DNC,quan-tri-kinh-doanh,C04,Điểm học bạ,2023,18.0,Quản trị kinh doanh
42153,DNC,quan-tri-kinh-doanh,D01,Điểm học bạ,2023,18.0,Quản trị kinh doanh
42154,DNC,quan-tri-kinh-doanh,A00,Điểm thi THPT,2023,15.0,Quản trị kinh doanh
42155,DNC,quan-tri-kinh-doanh,A01,Điểm thi THPT,2023,15.0,Quản trị kinh doanh
42156,DNC,quan-tri-kinh-doanh,C04,Điểm thi THPT,2023,15.0,Quản trị kinh doanh
42157,DNC,quan-tri-kinh-doanh,D01,Điểm thi THPT,2023,15.0,Quản trị kinh doanh
42158,DNC,quan-tri-kinh-doanh,A00,Điểm học bạ,2024,18.0,Quản trị kinh doanh
42159,DNC,quan-tri-kinh-doanh,A01,Điểm học bạ,2024,18.0,Quản trị kinh doanh
42160,DNC,quan-tri-kinh-doanh,C04,Điểm học bạ,2024,18.0,Quản trị kinh doanh
42161,DNC,quan-tri-kinh-doanh,D01,Điểm học bạ,2024,18.0,Quản trị kinh doanh
42162,DNC,quan-tri-kinh-doanh,A00,Điểm thi THPT,2024,16.0,Quản trị kinh doanh
42163,DNC,quan-tri-kinh-doanh,A01,Điểm thi THPT,2024,16.0,Quản trị kinh doanh
42164,DNC,quan-tri-kinh-doanh,C04,Điểm thi THPT,2024,16.0,Quản trị kinh doanh
42165,DNC,quan-tri-kinh-doanh,D01,Điểm thi THPT,2024,16.0,Quản trị kinh doanh
42166,DNC,quan-tri-kinh-doanh,A00,Điểm học bạ,2025,18.0,Quản trị kinh doanh
42167,DNC,quan-tri-kinh-doanh,A01,Điểm học bạ,2025,18.0,Quản trị kinh doanh
42168,DNC,quan-tri-kinh-doanh,C03,Điểm học bạ,2025,18.0,Quản trị kinh doanh
42169,DNC,quan-tri-kinh-doanh,C04,Điểm học bạ,2025,18.0,Quản trị kinh doanh
42170,DNC,quan-tri-kinh-doanh,D01,Điểm học bạ,2025,18.0,Quản trị kinh doanh
42171,DNC,quan-tri-kinh-doanh,D10,Điểm học bạ,2025,18.0,Quản trị kinh doanh
42172,DNC,quan-tri-kinh-doanh,X17,Điểm học bạ,2025,18.0,Quản trị kinh doanh
42173,DNC,quan-tri-kinh-doanh,X56,Điểm học bạ,2025,18.0,Quản trị kinh doanh
42174,DNC,quan-tri-kinh-doanh,Y07,Điểm học bạ,2025,18.0,Quản trị kinh doanh
42175,DNC,quan-tri-kinh-doanh,A00,Điểm thi THPT,2025,15.0,Quản trị kinh doanh
42176,DNC,quan-tri-kinh-doanh,A01,Điểm thi THPT,2025,15.0,Quản trị kinh doanh
42177,DNC,quan-tri-kinh-doanh,C03,Điểm thi THPT,2025,15.0,Quản trị kinh doanh
42178,DNC,quan-tri-kinh-doanh,C04,Điểm thi THPT,2025,15.0,Quản trị kinh doanh
42179,DNC,quan-tri-kinh-doanh,D01,Điểm thi THPT,2025,15.0,Quản trị kinh doanh
42180,DNC,quan-tri-kinh-doanh,D10,Điểm thi THPT,2025,15.0,Quản trị kinh doanh
42181,DNC,quan-tri-kinh-doanh,X17,Điểm thi THPT,2025,15.0,Quản trị kinh doanh
42182,DNC,quan-tri-kinh-doanh,X56,Điểm thi THPT,2025,15.0,Quản trị kinh doanh
42183,DNC,quan-tri-kinh-doanh,Y07,Điểm thi THPT,2025,15.0,Quản trị kinh doanh
42184,DNC,quan-tri-nha-hang-va-dich-vu-an-uong,A00,Điểm thi THPT,2021,22.0,Quản trị nhà hàng và dịch vụ ăn uống
42185,DNC,quan-tri-nha-hang-va-dich-vu-an-uong,A01,Điểm thi THPT,2021,22.0,Quản trị nhà hàng và dịch vụ ăn uống
42186,DNC,quan-tri-nha-hang-va-dich-vu-an-uong,C00,Điểm thi THPT,2021,22.0,Quản trị nhà hàng và dịch vụ ăn uống
42187,DNC,quan-tri-nha-hang-va-dich-vu-an-uong,D01,Điểm thi THPT,2021,22.0,Quản trị nhà hàng và dịch vụ ăn uống
42188,DNC,quan-tri-nha-hang-va-dich-vu-an-uong,A00,Điểm học bạ,2022,18.0,Quản trị nhà hàng và dịch vụ ăn uống
42189,DNC,quan-tri-nha-hang-va-dich-vu-an-uong,A01,Điểm học bạ,2022,18.0,Quản trị nhà hàng và dịch vụ ăn uống
42190,DNC,quan-tri-nha-hang-va-dich-vu-an-uong,C00,Điểm học bạ,2022,18.0,Quản trị nhà hàng và dịch vụ ăn uống
42191,DNC,quan-tri-nha-hang-va-dich-vu-an-uong,D01,Điểm học bạ,2022,18.0,Quản trị nhà hàng và dịch vụ ăn uống
42192,DNC,quan-tri-nha-hang-va-dich-vu-an-uong,A00,Điểm thi THPT,2022,16.0,Quản trị nhà hàng và dịch vụ ăn uống
42193,DNC,quan-tri-nha-hang-va-dich-vu-an-uong,A01,Điểm thi THPT,2022,16.0,Quản trị nhà hàng và dịch vụ ăn uống
42194,DNC,quan-tri-nha-hang-va-dich-vu-an-uong,C00,Điểm thi THPT,2022,16.0,Quản trị nhà hàng và dịch vụ ăn uống
42195,DNC,quan-tri-nha-hang-va-dich-vu-an-uong,D01,Điểm thi THPT,2022,16.0,Quản trị nhà hàng và dịch vụ ăn uống
42196,DNC,quan-tri-nha-hang-va-dich-vu-an-uong,A00,Điểm học bạ,2023,18.0,Quản trị nhà hàng và dịch vụ ăn uống
42197,DNC,quan-tri-nha-hang-va-dich-vu-an-uong,A01,Điểm học bạ,2023,18.0,Quản trị nhà hàng và dịch vụ ăn uống
42198,DNC,quan-tri-nha-hang-va-dich-vu-an-uong,C00,Điểm học bạ,2023,18.0,Quản trị nhà hàng và dịch vụ ăn uống
42199,DNC,quan-tri-nha-hang-va-dich-vu-an-uong,D01,Điểm học bạ,2023,18.0,Quản trị nhà hàng và dịch vụ ăn uống
42200,DNC,quan-tri-nha-hang-va-dich-vu-an-uong,A00,Điểm thi THPT,2023,15.0,Quản trị nhà hàng và dịch vụ ăn uống
42201,DNC,quan-tri-nha-hang-va-dich-vu-an-uong,A01,Điểm thi THPT,2023,15.0,Quản trị nhà hàng và dịch vụ ăn uống
42202,DNC,quan-tri-nha-hang-va-dich-vu-an-uong,C00,Điểm thi THPT,2023,15.0,Quản trị nhà hàng và dịch vụ ăn uống
42203,DNC,quan-tri-nha-hang-va-dich-vu-an-uong,D01,Điểm thi THPT,2023,15.0,Quản trị nhà hàng và dịch vụ ăn uống
42204,DNC,quan-tri-nha-hang-va-dich-vu-an-uong,A00,Điểm học bạ,2024,18.0,Quản trị nhà hàng và dịch vụ ăn uống
42205,DNC,quan-tri-nha-hang-va-dich-vu-an-uong,A01,Điểm học bạ,2024,18.0,Quản trị nhà hàng và dịch vụ ăn uống
42206,DNC,quan-tri-nha-hang-va-dich-vu-an-uong,C00,Điểm học bạ,2024,18.0,Quản trị nhà hàng và dịch vụ ăn uống
42207,DNC,quan-tri-nha-hang-va-dich-vu-an-uong,D01,Điểm học bạ,2024,18.0,Quản trị nhà hàng và dịch vụ ăn uống
42208,DNC,quan-tri-nha-hang-va-dich-vu-an-uong,A00,Điểm thi THPT,2024,16.0,Quản trị nhà hàng và dịch vụ ăn uống
42209,DNC,quan-tri-nha-hang-va-dich-vu-an-uong,A01,Điểm thi THPT,2024,16.0,Quản trị nhà hàng và dịch vụ ăn uống
42210,DNC,quan-tri-nha-hang-va-dich-vu-an-uong,C00,Điểm thi THPT,2024,16.0,Quản trị nhà hàng và dịch vụ ăn uống
42211,DNC,quan-tri-nha-hang-va-dich-vu-an-uong,D01,Điểm thi THPT,2024,16.0,Quản trị nhà hàng và dịch vụ ăn uống
42212,DNC,quan-tri-nha-hang-va-dich-vu-an-uong,A00,Điểm học bạ,2025,18.0,Quản trị nhà hàng và dịch vụ ăn uống
42213,DNC,quan-tri-nha-hang-va-dich-vu-an-uong,A01,Điểm học bạ,2025,18.0,Quản trị nhà hàng và dịch vụ ăn uống
42214,DNC,quan-tri-nha-hang-va-dich-vu-an-uong,C00,Điểm học bạ,2025,18.0,Quản trị nhà hàng và dịch vụ ăn uống
42215,DNC,quan-tri-nha-hang-va-dich-vu-an-uong,C03,Điểm học bạ,2025,18.0,Quản trị nhà hàng và dịch vụ ăn uống
42216,DNC,quan-tri-nha-hang-va-dich-vu-an-uong,D01,Điểm học bạ,2025,18.0,Quản trị nhà hàng và dịch vụ ăn uống
42217,DNC,quan-tri-nha-hang-va-dich-vu-an-uong,D14,Điểm học bạ,2025,18.0,Quản trị nhà hàng và dịch vụ ăn uống
42218,DNC,quan-tri-nha-hang-va-dich-vu-an-uong,D15,Điểm học bạ,2025,18.0,Quản trị nhà hàng và dịch vụ ăn uống
42219,DNC,quan-tri-nha-hang-va-dich-vu-an-uong,X25,Điểm học bạ,2025,18.0,Quản trị nhà hàng và dịch vụ ăn uống
42220,DNC,quan-tri-nha-hang-va-dich-vu-an-uong,Y07,Điểm học bạ,2025,18.0,Quản trị nhà hàng và dịch vụ ăn uống
42221,DNC,quan-tri-nha-hang-va-dich-vu-an-uong,A00,Điểm thi THPT,2025,15.0,Quản trị nhà hàng và dịch vụ ăn uống
42222,DNC,quan-tri-nha-hang-va-dich-vu-an-uong,A01,Điểm thi THPT,2025,15.0,Quản trị nhà hàng và dịch vụ ăn uống
42223,DNC,quan-tri-nha-hang-va-dich-vu-an-uong,C00,Điểm thi THPT,2025,15.0,Quản trị nhà hàng và dịch vụ ăn uống
42224,DNC,quan-tri-nha-hang-va-dich-vu-an-uong,C03,Điểm thi THPT,2025,15.0,Quản trị nhà hàng và dịch vụ ăn uống
42225,DNC,quan-tri-nha-hang-va-dich-vu-an-uong,D01,Điểm thi THPT,2025,15.0,Quản trị nhà hàng và dịch vụ ăn uống
42226,DNC,quan-tri-nha-hang-va-dich-vu-an-uong,D14,Điểm thi THPT,2025,15.0,Quản trị nhà hàng và dịch vụ ăn uống
42227,DNC,quan-tri-nha-hang-va-dich-vu-an-uong,D15,Điểm thi THPT,2025,15.0,Quản trị nhà hàng và dịch vụ ăn uống
42228,DNC,quan-tri-nha-hang-va-dich-vu-an-uong,X25,Điểm thi THPT,2025,15.0,Quản trị nhà hàng và dịch vụ ăn uống
42229,DNC,quan-tri-nha-hang-va-dich-vu-an-uong,Y07,Điểm thi THPT,2025,15.0,Quản trị nhà hàng và dịch vụ ăn uống
42230,DNC,rang-ham-mat,A02,Điểm học bạ,2024,24.0,Răng - Hàm - Mặt
42231,DNC,rang-ham-mat,B00,Điểm học bạ,2024,24.0,Răng - Hàm - Mặt
42232,DNC,rang-ham-mat,D07,Điểm học bạ,2024,24.0,Răng - Hàm - Mặt
42233,DNC,rang-ham-mat,D08,Điểm học bạ,2024,24.0,Răng - Hàm - Mặt
42234,DNC,rang-ham-mat,A02,Điểm thi THPT,2024,22.5,Răng - Hàm - Mặt
42235,DNC,rang-ham-mat,B00,Điểm thi THPT,2024,22.5,Răng - Hàm - Mặt
42236,DNC,rang-ham-mat,D07,Điểm thi THPT,2024,22.5,Răng - Hàm - Mặt
42237,DNC,rang-ham-mat,D08,Điểm thi THPT,2024,22.5,Răng - Hàm - Mặt
42238,DNC,rang-ham-mat,A00,Điểm học bạ,2025,24.0,Răng - Hàm - Mặt (Bác sĩ Răng Hàm Mặt)
42239,DNC,rang-ham-mat,A02,Điểm học bạ,2025,24.0,Răng - Hàm - Mặt (Bác sĩ Răng Hàm Mặt)
42240,DNC,rang-ham-mat,B00,Điểm học bạ,2025,24.0,Răng - Hàm - Mặt (Bác sĩ Răng Hàm Mặt)
42241,DNC,rang-ham-mat,B03,Điểm học bạ,2025,24.0,Răng - Hàm - Mặt (Bác sĩ Răng Hàm Mặt)
42242,DNC,rang-ham-mat,D07,Điểm học bạ,2025,24.0,Răng - Hàm - Mặt (Bác sĩ Răng Hàm Mặt)
42243,DNC,rang-ham-mat,D08,Điểm học bạ,2025,24.0,Răng - Hàm - Mặt (Bác sĩ Răng Hàm Mặt)
42244,DNC,rang-ham-mat,A00,Điểm thi THPT,2025,20.5,Răng - Hàm - Mặt (Bác sĩ Răng Hàm Mặt)
42245,DNC,rang-ham-mat,A02,Điểm thi THPT,2025,20.5,Răng - Hàm - Mặt (Bác sĩ Răng Hàm Mặt)
42246,DNC,rang-ham-mat,B00,Điểm thi THPT,2025,20.5,Răng - Hàm - Mặt (Bác sĩ Răng Hàm Mặt)
42247,DNC,rang-ham-mat,B03,Điểm thi THPT,2025,20.5,Răng - Hàm - Mặt (Bác sĩ Răng Hàm Mặt)
42248,DNC,rang-ham-mat,D07,Điểm thi THPT,2025,20.5,Răng - Hàm - Mặt (Bác sĩ Răng Hàm Mặt)
42249,DNC,rang-ham-mat,D08,Điểm thi THPT,2025,20.5,Răng - Hàm - Mặt (Bác sĩ Răng Hàm Mặt)
42250,DNC,tai-chinh-ngan-hang,A00,Điểm thi THPT,2021,22.0,Tài chính - Ngân hàng
42251,DNC,tai-chinh-ngan-hang,A01,Điểm thi THPT,2021,22.0,Tài chính - Ngân hàng
42252,DNC,tai-chinh-ngan-hang,C04,Điểm thi THPT,2021,22.0,Tài chính - Ngân hàng
42253,DNC,tai-chinh-ngan-hang,D01,Điểm thi THPT,2021,22.0,Tài chính - Ngân hàng
42254,DNC,tai-chinh-ngan-hang,A00,Điểm học bạ,2022,25.5,Tài chính - Ngân hàng
42255,DNC,tai-chinh-ngan-hang,A01,Điểm học bạ,2022,25.5,Tài chính - Ngân hàng
42256,DNC,tai-chinh-ngan-hang,C04,Điểm học bạ,2022,25.5,Tài chính - Ngân hàng
42257,DNC,tai-chinh-ngan-hang,D01,Điểm học bạ,2022,25.5,Tài chính - Ngân hàng
42258,DNC,tai-chinh-ngan-hang,A00,Điểm thi THPT,2022,19.0,Tài chính - Ngân hàng
42259,DNC,tai-chinh-ngan-hang,A01,Điểm thi THPT,2022,19.0,Tài chính - Ngân hàng
42260,DNC,tai-chinh-ngan-hang,C04,Điểm thi THPT,2022,19.0,Tài chính - Ngân hàng
42261,DNC,tai-chinh-ngan-hang,D01,Điểm thi THPT,2022,19.0,Tài chính - Ngân hàng
42262,DNC,tai-chinh-ngan-hang,A00,Điểm học bạ,2023,18.0,Tài chính - Ngân hàng
42263,DNC,tai-chinh-ngan-hang,A01,Điểm học bạ,2023,18.0,Tài chính - Ngân hàng
42264,DNC,tai-chinh-ngan-hang,C04,Điểm học bạ,2023,18.0,Tài chính - Ngân hàng
42265,DNC,tai-chinh-ngan-hang,D01,Điểm học bạ,2023,18.0,Tài chính - Ngân hàng
42266,DNC,tai-chinh-ngan-hang,A00,Điểm thi THPT,2023,15.0,Tài chính - Ngân hàng
42267,DNC,tai-chinh-ngan-hang,A01,Điểm thi THPT,2023,15.0,Tài chính - Ngân hàng
42268,DNC,tai-chinh-ngan-hang,C04,Điểm thi THPT,2023,15.0,Tài chính - Ngân hàng
42269,DNC,tai-chinh-ngan-hang,D01,Điểm thi THPT,2023,15.0,Tài chính - Ngân hàng
42270,DNC,tai-chinh-ngan-hang,A00,Điểm học bạ,2024,18.0,Tài chính - Ngân hàng
42271,DNC,tai-chinh-ngan-hang,A01,Điểm học bạ,2024,18.0,Tài chính - Ngân hàng
42272,DNC,tai-chinh-ngan-hang,C04,Điểm học bạ,2024,18.0,Tài chính - Ngân hàng
42273,DNC,tai-chinh-ngan-hang,D01,Điểm học bạ,2024,18.0,Tài chính - Ngân hàng
42274,DNC,tai-chinh-ngan-hang,A00,Điểm thi THPT,2024,16.0,Tài chính - Ngân hàng
42275,DNC,tai-chinh-ngan-hang,A01,Điểm thi THPT,2024,16.0,Tài chính - Ngân hàng
42276,DNC,tai-chinh-ngan-hang,C04,Điểm thi THPT,2024,16.0,Tài chính - Ngân hàng
42277,DNC,tai-chinh-ngan-hang,D01,Điểm thi THPT,2024,16.0,Tài chính - Ngân hàng
42278,DNC,tai-chinh-ngan-hang,A00,Điểm học bạ,2025,18.0,Tài chính - ngân hàng
42279,DNC,tai-chinh-ngan-hang,A01,Điểm học bạ,2025,18.0,Tài chính - ngân hàng
42280,DNC,tai-chinh-ngan-hang,C03,Điểm học bạ,2025,18.0,Tài chính - ngân hàng
42281,DNC,tai-chinh-ngan-hang,C04,Điểm học bạ,2025,18.0,Tài chính - ngân hàng
42282,DNC,tai-chinh-ngan-hang,D01,Điểm học bạ,2025,18.0,Tài chính - ngân hàng
42283,DNC,tai-chinh-ngan-hang,D10,Điểm học bạ,2025,18.0,Tài chính - ngân hàng
42284,DNC,tai-chinh-ngan-hang,X17,Điểm học bạ,2025,18.0,Tài chính - ngân hàng
42285,DNC,tai-chinh-ngan-hang,X56,Điểm học bạ,2025,18.0,Tài chính - ngân hàng
42286,DNC,tai-chinh-ngan-hang,Y07,Điểm học bạ,2025,18.0,Tài chính - ngân hàng
42287,DNC,tai-chinh-ngan-hang,A00,Điểm thi THPT,2025,15.0,Tài chính - ngân hàng
42288,DNC,tai-chinh-ngan-hang,A01,Điểm thi THPT,2025,15.0,Tài chính - ngân hàng
42289,DNC,tai-chinh-ngan-hang,C03,Điểm thi THPT,2025,15.0,Tài chính - ngân hàng
42290,DNC,tai-chinh-ngan-hang,C04,Điểm thi THPT,2025,15.0,Tài chính - ngân hàng
42291,DNC,tai-chinh-ngan-hang,D01,Điểm thi THPT,2025,15.0,Tài chính - ngân hàng
42292,DNC,tai-chinh-ngan-hang,D10,Điểm thi THPT,2025,15.0,Tài chính - ngân hàng
42293,DNC,tai-chinh-ngan-hang,X17,Điểm thi THPT,2025,15.0,Tài chính - ngân hàng
42294,DNC,tai-chinh-ngan-hang,X56,Điểm thi THPT,2025,15.0,Tài chính - ngân hàng
42295,DNC,tai-chinh-ngan-hang,Y07,Điểm thi THPT,2025,15.0,Tài chính - ngân hàng
42296,DNC,thuong-mai-dien-tu,A00,Điểm học bạ,2023,18.0,Thương mại điện tử
42297,DNC,thuong-mai-dien-tu,A01,Điểm học bạ,2023,18.0,Thương mại điện tử
42298,DNC,thuong-mai-dien-tu,C04,Điểm học bạ,2023,18.0,Thương mại điện tử
42299,DNC,thuong-mai-dien-tu,D01,Điểm học bạ,2023,18.0,Thương mại điện tử
42300,DNC,thuong-mai-dien-tu,A00,Điểm thi THPT,2023,15.0,Thương mại điện tử
42301,DNC,thuong-mai-dien-tu,A01,Điểm thi THPT,2023,15.0,Thương mại điện tử
42302,DNC,thuong-mai-dien-tu,C04,Điểm thi THPT,2023,15.0,Thương mại điện tử
42303,DNC,thuong-mai-dien-tu,D01,Điểm thi THPT,2023,15.0,Thương mại điện tử
42304,DNC,thuong-mai-dien-tu,A00,Điểm học bạ,2024,18.0,Thương mại điện tử
42305,DNC,thuong-mai-dien-tu,A01,Điểm học bạ,2024,18.0,Thương mại điện tử
42306,DNC,thuong-mai-dien-tu,C04,Điểm học bạ,2024,18.0,Thương mại điện tử
42307,DNC,thuong-mai-dien-tu,D01,Điểm học bạ,2024,18.0,Thương mại điện tử
42308,DNC,thuong-mai-dien-tu,A00,Điểm thi THPT,2024,16.0,Thương mại điện tử
42309,DNC,thuong-mai-dien-tu,A01,Điểm thi THPT,2024,16.0,Thương mại điện tử
42310,DNC,thuong-mai-dien-tu,C04,Điểm thi THPT,2024,16.0,Thương mại điện tử
42311,DNC,thuong-mai-dien-tu,D01,Điểm thi THPT,2024,16.0,Thương mại điện tử
42312,DNC,thuong-mai-dien-tu,A00,Điểm học bạ,2025,18.0,Thương mại điện tử
42313,DNC,thuong-mai-dien-tu,A01,Điểm học bạ,2025,18.0,Thương mại điện tử
42314,DNC,thuong-mai-dien-tu,C03,Điểm học bạ,2025,18.0,Thương mại điện tử
42315,DNC,thuong-mai-dien-tu,C04,Điểm học bạ,2025,18.0,Thương mại điện tử
42316,DNC,thuong-mai-dien-tu,D01,Điểm học bạ,2025,18.0,Thương mại điện tử
42317,DNC,thuong-mai-dien-tu,D10,Điểm học bạ,2025,18.0,Thương mại điện tử
42318,DNC,thuong-mai-dien-tu,X17,Điểm học bạ,2025,18.0,Thương mại điện tử
42319,DNC,thuong-mai-dien-tu,X56,Điểm học bạ,2025,18.0,Thương mại điện tử
42320,DNC,thuong-mai-dien-tu,Y07,Điểm học bạ,2025,18.0,Thương mại điện tử
42321,DNC,thuong-mai-dien-tu,A00,Điểm thi THPT,2025,15.0,Thương mại điện tử
42322,DNC,thuong-mai-dien-tu,A01,Điểm thi THPT,2025,15.0,Thương mại điện tử
42323,DNC,thuong-mai-dien-tu,C03,Điểm thi THPT,2025,15.0,Thương mại điện tử
42324,DNC,thuong-mai-dien-tu,C04,Điểm thi THPT,2025,15.0,Thương mại điện tử
42325,DNC,thuong-mai-dien-tu,D01,Điểm thi THPT,2025,15.0,Thương mại điện tử
42326,DNC,thuong-mai-dien-tu,D10,Điểm thi THPT,2025,15.0,Thương mại điện tử
42327,DNC,thuong-mai-dien-tu,X17,Điểm thi THPT,2025,15.0,Thương mại điện tử
42328,DNC,thuong-mai-dien-tu,X56,Điểm thi THPT,2025,15.0,Thương mại điện tử
42329,DNC,thuong-mai-dien-tu,Y07,Điểm thi THPT,2025,15.0,Thương mại điện tử
42330,DNC,tri-tue-nhan-tao,A00,Điểm học bạ,2025,18.0,Trí tuệ nhân tạo
42331,DNC,tri-tue-nhan-tao,A01,Điểm học bạ,2025,18.0,Trí tuệ nhân tạo
42332,DNC,tri-tue-nhan-tao,A02,Điểm học bạ,2025,18.0,Trí tuệ nhân tạo
42333,DNC,tri-tue-nhan-tao,C01,Điểm học bạ,2025,18.0,Trí tuệ nhân tạo
42334,DNC,tri-tue-nhan-tao,D01,Điểm học bạ,2025,18.0,Trí tuệ nhân tạo
42335,DNC,tri-tue-nhan-tao,X06,Điểm học bạ,2025,18.0,Trí tuệ nhân tạo
42336,DNC,tri-tue-nhan-tao,X08,Điểm học bạ,2025,18.0,Trí tuệ nhân tạo
42337,DNC,tri-tue-nhan-tao,X25,Điểm học bạ,2025,18.0,Trí tuệ nhân tạo
42338,DNC,tri-tue-nhan-tao,X26,Điểm học bạ,2025,18.0,Trí tuệ nhân tạo
42339,DNC,tri-tue-nhan-tao,A00,Điểm thi THPT,2025,15.0,Trí tuệ nhân tạo
42340,DNC,tri-tue-nhan-tao,A01,Điểm thi THPT,2025,15.0,Trí tuệ nhân tạo
42341,DNC,tri-tue-nhan-tao,A02,Điểm thi THPT,2025,15.0,Trí tuệ nhân tạo
42342,DNC,tri-tue-nhan-tao,C01,Điểm thi THPT,2025,15.0,Trí tuệ nhân tạo
42343,DNC,tri-tue-nhan-tao,D01,Điểm thi THPT,2025,15.0,Trí tuệ nhân tạo
42344,DNC,tri-tue-nhan-tao,X06,Điểm thi THPT,2025,15.0,Trí tuệ nhân tạo
42345,DNC,tri-tue-nhan-tao,X08,Điểm thi THPT,2025,15.0,Trí tuệ nhân tạo
42346,DNC,tri-tue-nhan-tao,X25,Điểm thi THPT,2025,15.0,Trí tuệ nhân tạo
42347,DNC,tri-tue-nhan-tao,X26,Điểm thi THPT,2025,15.0,Trí tuệ nhân tạo
42348,DNC,truyen-thong-da-phuong-tien,A00,Điểm học bạ,2022,25.5,Truyền thông đa phương tiện
42349,DNC,truyen-thong-da-phuong-tien,A01,Điểm học bạ,2022,25.5,Truyền thông đa phương tiện
42350,DNC,truyen-thong-da-phuong-tien,A02,Điểm học bạ,2022,25.5,Truyền thông đa phương tiện
42351,DNC,truyen-thong-da-phuong-tien,D07,Điểm học bạ,2022,25.5,Truyền thông đa phương tiện
42352,DNC,truyen-thong-da-phuong-tien,A00,Điểm thi THPT,2022,25.0,Truyền thông đa phương tiện
42353,DNC,truyen-thong-da-phuong-tien,A01,Điểm thi THPT,2022,25.0,Truyền thông đa phương tiện
42354,DNC,truyen-thong-da-phuong-tien,A02,Điểm thi THPT,2022,25.0,Truyền thông đa phương tiện
42355,DNC,truyen-thong-da-phuong-tien,D07,Điểm thi THPT,2022,25.0,Truyền thông đa phương tiện
42356,DNC,truyen-thong-da-phuong-tien,C00,Điểm học bạ,2023,18.0,Truyền thông đa phương tiện
42357,DNC,truyen-thong-da-phuong-tien,D01,Điểm học bạ,2023,18.0,Truyền thông đa phương tiện
42358,DNC,truyen-thong-da-phuong-tien,D14,Điểm học bạ,2023,18.0,Truyền thông đa phương tiện
42359,DNC,truyen-thong-da-phuong-tien,D15,Điểm học bạ,2023,18.0,Truyền thông đa phương tiện
42360,DNC,truyen-thong-da-phuong-tien,C00,Điểm thi THPT,2023,15.0,Truyền thông đa phương tiện
42361,DNC,truyen-thong-da-phuong-tien,D01,Điểm thi THPT,2023,15.0,Truyền thông đa phương tiện
42362,DNC,truyen-thong-da-phuong-tien,D14,Điểm thi THPT,2023,15.0,Truyền thông đa phương tiện
42363,DNC,truyen-thong-da-phuong-tien,D15,Điểm thi THPT,2023,15.0,Truyền thông đa phương tiện
42364,DNC,truyen-thong-da-phuong-tien,C00,Điểm học bạ,2024,18.0,Truyền thông đa phương tiện
42365,DNC,truyen-thong-da-phuong-tien,D01,Điểm học bạ,2024,18.0,Truyền thông đa phương tiện
42366,DNC,truyen-thong-da-phuong-tien,D14,Điểm học bạ,2024,18.0,Truyền thông đa phương tiện
42367,DNC,truyen-thong-da-phuong-tien,D15,Điểm học bạ,2024,18.0,Truyền thông đa phương tiện
42368,DNC,truyen-thong-da-phuong-tien,C00,Điểm thi THPT,2024,16.0,Truyền thông đa phương tiện
42369,DNC,truyen-thong-da-phuong-tien,D01,Điểm thi THPT,2024,16.0,Truyền thông đa phương tiện
42370,DNC,truyen-thong-da-phuong-tien,D14,Điểm thi THPT,2024,16.0,Truyền thông đa phương tiện
42371,DNC,truyen-thong-da-phuong-tien,D15,Điểm thi THPT,2024,16.0,Truyền thông đa phương tiện
42372,DNC,truyen-thong-da-phuong-tien,C00,Điểm học bạ,2025,18.0,Truyền thông đa phương tiện
42373,DNC,truyen-thong-da-phuong-tien,C03,Điểm học bạ,2025,18.0,Truyền thông đa phương tiện
42374,DNC,truyen-thong-da-phuong-tien,D01,Điểm học bạ,2025,18.0,Truyền thông đa phương tiện
42375,DNC,truyen-thong-da-phuong-tien,D14,Điểm học bạ,2025,18.0,Truyền thông đa phương tiện
42376,DNC,truyen-thong-da-phuong-tien,D15,Điểm học bạ,2025,18.0,Truyền thông đa phương tiện
42377,DNC,truyen-thong-da-phuong-tien,X17,Điểm học bạ,2025,18.0,Truyền thông đa phương tiện
42378,DNC,truyen-thong-da-phuong-tien,X71,Điểm học bạ,2025,18.0,Truyền thông đa phương tiện
42379,DNC,truyen-thong-da-phuong-tien,X78,Điểm học bạ,2025,18.0,Truyền thông đa phương tiện
42380,DNC,truyen-thong-da-phuong-tien,Y07,Điểm học bạ,2025,18.0,Truyền thông đa phương tiện
42381,DNC,truyen-thong-da-phuong-tien,C00,Điểm thi THPT,2025,15.0,Truyền thông đa phương tiện
42382,DNC,truyen-thong-da-phuong-tien,C03,Điểm thi THPT,2025,15.0,Truyền thông đa phương tiện
42383,DNC,truyen-thong-da-phuong-tien,D01,Điểm thi THPT,2025,15.0,Truyền thông đa phương tiện
42384,DNC,truyen-thong-da-phuong-tien,D14,Điểm thi THPT,2025,15.0,Truyền thông đa phương tiện
42385,DNC,truyen-thong-da-phuong-tien,D15,Điểm thi THPT,2025,15.0,Truyền thông đa phương tiện
42386,DNC,truyen-thong-da-phuong-tien,X17,Điểm thi THPT,2025,15.0,Truyền thông đa phương tiện
42387,DNC,truyen-thong-da-phuong-tien,X71,Điểm thi THPT,2025,15.0,Truyền thông đa phương tiện
42388,DNC,truyen-thong-da-phuong-tien,X78,Điểm thi THPT,2025,15.0,Truyền thông đa phương tiện
42389,DNC,truyen-thong-da-phuong-tien,Y07,Điểm thi THPT,2025,15.0,Truyền thông đa phương tiện
42390,DNC,y-hoc-du-phong,A02,Điểm học bạ,2024,19.5,Y học dự phòng
42391,DNC,y-hoc-du-phong,B00,Điểm học bạ,2024,19.5,Y học dự phòng
42392,DNC,y-hoc-du-phong,D07,Điểm học bạ,2024,19.5,Y học dự phòng
42393,DNC,y-hoc-du-phong,D08,Điểm học bạ,2024,19.5,Y học dự phòng
42394,DNC,y-hoc-du-phong,A02,Điểm thi THPT,2024,19.0,Y học dự phòng
42395,DNC,y-hoc-du-phong,B00,Điểm thi THPT,2024,19.0,Y học dự phòng
42396,DNC,y-hoc-du-phong,D07,Điểm thi THPT,2024,19.0,Y học dự phòng
42397,DNC,y-hoc-du-phong,D08,Điểm thi THPT,2024,19.0,Y học dự phòng
42398,DNC,y-hoc-du-phong,A00,Điểm học bạ,2025,20.5,Y học dự phòng (Bác sĩ y học dự phòng)
42399,DNC,y-hoc-du-phong,A02,Điểm học bạ,2025,20.5,Y học dự phòng (Bác sĩ y học dự phòng)
42400,DNC,y-hoc-du-phong,B00,Điểm học bạ,2025,20.5,Y học dự phòng (Bác sĩ y học dự phòng)
42401,DNC,y-hoc-du-phong,B03,Điểm học bạ,2025,20.5,Y học dự phòng (Bác sĩ y học dự phòng)
42402,DNC,y-hoc-du-phong,D07,Điểm học bạ,2025,20.5,Y học dự phòng (Bác sĩ y học dự phòng)
42403,DNC,y-hoc-du-phong,D08,Điểm học bạ,2025,20.5,Y học dự phòng (Bác sĩ y học dự phòng)
42404,DNC,y-hoc-du-phong,A00,Điểm thi THPT,2025,17.0,Y học dự phòng (Bác sĩ y học dự phòng)
42405,DNC,y-hoc-du-phong,A02,Điểm thi THPT,2025,17.0,Y học dự phòng (Bác sĩ y học dự phòng)
42406,DNC,y-hoc-du-phong,B00,Điểm thi THPT,2025,17.0,Y học dự phòng (Bác sĩ y học dự phòng)
42407,DNC,y-hoc-du-phong,B03,Điểm thi THPT,2025,17.0,Y học dự phòng (Bác sĩ y học dự phòng)
42408,DNC,y-hoc-du-phong,D07,Điểm thi THPT,2025,17.0,Y học dự phòng (Bác sĩ y học dự phòng)
42409,DNC,y-hoc-du-phong,D08,Điểm thi THPT,2025,17.0,Y học dự phòng (Bác sĩ y học dự phòng)
42410,DNC,y-khoa,A02,Điểm thi THPT,2021,22.0,Y khoa
42411,DNC,y-khoa,B00,Điểm thi THPT,2021,22.0,Y khoa
42412,DNC,y-khoa,D07,Điểm thi THPT,2021,22.0,Y khoa
42413,DNC,y-khoa,D08,Điểm thi THPT,2021,22.0,Y khoa
42414,DNC,y-khoa,A02,Điểm học bạ,2022,24.0,Y khoa
42415,DNC,y-khoa,B00,Điểm học bạ,2022,24.0,Y khoa
42416,DNC,y-khoa,D07,Điểm học bạ,2022,24.0,Y khoa
42417,DNC,y-khoa,D08,Điểm học bạ,2022,24.0,Y khoa
42418,DNC,y-khoa,A02,Điểm thi THPT,2022,22.0,Y khoa
42419,DNC,y-khoa,B00,Điểm thi THPT,2022,22.0,Y khoa
42420,DNC,y-khoa,D07,Điểm thi THPT,2022,22.0,Y khoa
42421,DNC,y-khoa,D08,Điểm thi THPT,2022,22.0,Y khoa
42422,DNC,y-khoa,A02,Điểm học bạ,2023,24.0,Y khoa
42423,DNC,y-khoa,B00,Điểm học bạ,2023,24.0,Y khoa
42424,DNC,y-khoa,D07,Điểm học bạ,2023,24.0,Y khoa
42425,DNC,y-khoa,D08,Điểm học bạ,2023,24.0,Y khoa
42426,DNC,y-khoa,A02,Điểm thi THPT,2023,22.5,Y khoa
42427,DNC,y-khoa,B00,Điểm thi THPT,2023,22.5,Y khoa
42428,DNC,y-khoa,D07,Điểm thi THPT,2023,22.5,Y khoa
42429,DNC,y-khoa,D08,Điểm thi THPT,2023,22.5,Y khoa
42430,DNC,y-khoa,A02,Điểm học bạ,2024,24.0,Y khoa
42431,DNC,y-khoa,B00,Điểm học bạ,2024,24.0,Y khoa
42432,DNC,y-khoa,D07,Điểm học bạ,2024,24.0,Y khoa
42433,DNC,y-khoa,D08,Điểm học bạ,2024,24.0,Y khoa
42434,DNC,y-khoa,A02,Điểm thi THPT,2024,22.5,Y khoa
42435,DNC,y-khoa,B00,Điểm thi THPT,2024,22.5,Y khoa
42436,DNC,y-khoa,D07,Điểm thi THPT,2024,22.5,Y khoa
42437,DNC,y-khoa,D08,Điểm thi THPT,2024,22.5,Y khoa
42438,DNC,y-khoa,A00,Điểm học bạ,2025,24.0,Y khoa (Bác sĩ đa khoa)
42439,DNC,y-khoa,A02,Điểm học bạ,2025,24.0,Y khoa (Bác sĩ đa khoa)
42440,DNC,y-khoa,B00,Điểm học bạ,2025,24.0,Y khoa (Bác sĩ đa khoa)
42441,DNC,y-khoa,B03,Điểm học bạ,2025,24.0,Y khoa (Bác sĩ đa khoa)
42442,DNC,y-khoa,D07,Điểm học bạ,2025,24.0,Y khoa (Bác sĩ đa khoa)
42443,DNC,y-khoa,D08,Điểm học bạ,2025,24.0,Y khoa (Bác sĩ đa khoa)
42444,DNC,y-khoa,A00,Điểm thi THPT,2025,20.5,Y khoa (Bác sĩ đa khoa)
42445,DNC,y-khoa,A02,Điểm thi THPT,2025,20.5,Y khoa (Bác sĩ đa khoa)
42446,DNC,y-khoa,B00,Điểm thi THPT,2025,20.5,Y khoa (Bác sĩ đa khoa)
42447,DNC,y-khoa,B03,Điểm thi THPT,2025,20.5,Y khoa (Bác sĩ đa khoa)
42448,DNC,y-khoa,D07,Điểm thi THPT,2025,20.5,Y khoa (Bác sĩ đa khoa)
42449,DNC,y-khoa,D08,Điểm thi THPT,2025,20.5,Y khoa (Bác sĩ đa khoa)
42450,DNH,ngon-ngu-anh,D01,Điểm thi THPT,2025,19.0,Ngôn ngữ Anh
42451,DNH,ngon-ngu-nga,D01,Điểm thi THPT,2025,19.38,Ngôn ngữ Nga
42452,DNH,ngon-ngu-nga,D02,Điểm thi THPT,2025,19.38,Ngôn ngữ Nga
42453,DNH,ngon-ngu-trung-quoc,D01,Điểm thi THPT,2025,20.81,Ngôn ngữ Trung Quốc
42454,DNH,ngon-ngu-trung-quoc,D04,Điểm thi THPT,2025,20.81,Ngôn ngữ Trung Quốc
42455,DNT,cong-nghe-thong-tin,A00,Điểm học bạ,2021,19.5,Công nghệ thông tin
42456,DNT,cong-nghe-thong-tin,A01,Điểm học bạ,2021,19.5,Công nghệ thông tin
42457,DNT,cong-nghe-thong-tin,D01,Điểm học bạ,2021,19.5,Công nghệ thông tin
42458,DNT,cong-nghe-thong-tin,D07,Điểm học bạ,2021,19.5,Công nghệ thông tin
42459,DNT,cong-nghe-thong-tin,A00,Điểm thi THPT,2021,20.5,Công nghệ thông tin
42460,DNT,cong-nghe-thong-tin,A01,Điểm thi THPT,2021,20.5,Công nghệ thông tin
42461,DNT,cong-nghe-thong-tin,D01,Điểm thi THPT,2021,20.5,Công nghệ thông tin
42462,DNT,cong-nghe-thong-tin,D07,Điểm thi THPT,2021,20.5,Công nghệ thông tin
42463,DNT,cong-nghe-thong-tin,A00,Điểm học bạ,2022,19.5,Công nghệ thông tin
42464,DNT,cong-nghe-thong-tin,A01,Điểm học bạ,2022,19.5,Công nghệ thông tin
42465,DNT,cong-nghe-thong-tin,D01,Điểm học bạ,2022,19.5,Công nghệ thông tin
42466,DNT,cong-nghe-thong-tin,D07,Điểm học bạ,2022,19.5,Công nghệ thông tin
42467,DNT,cong-nghe-thong-tin,A00,Điểm thi THPT,2022,21.0,Công nghệ thông tin
42468,DNT,cong-nghe-thong-tin,A01,Điểm thi THPT,2022,21.0,Công nghệ thông tin
42469,DNT,cong-nghe-thong-tin,D01,Điểm thi THPT,2022,21.0,Công nghệ thông tin
42470,DNT,cong-nghe-thong-tin,D07,Điểm thi THPT,2022,21.0,Công nghệ thông tin
42471,DNT,cong-nghe-thong-tin,A00,Điểm học bạ,2023,19.0,Công nghệ thông tin
42472,DNT,cong-nghe-thong-tin,A01,Điểm học bạ,2023,19.0,Công nghệ thông tin
42473,DNT,cong-nghe-thong-tin,D01,Điểm học bạ,2023,19.0,Công nghệ thông tin
42474,DNT,cong-nghe-thong-tin,D07,Điểm học bạ,2023,19.0,Công nghệ thông tin
42475,DNT,cong-nghe-thong-tin,A00,Điểm thi THPT,2023,16.0,Công nghệ thông tin
42476,DNT,cong-nghe-thong-tin,A01,Điểm thi THPT,2023,16.0,Công nghệ thông tin
42477,DNT,cong-nghe-thong-tin,D01,Điểm thi THPT,2023,16.0,Công nghệ thông tin
42478,DNT,cong-nghe-thong-tin,D07,Điểm thi THPT,2023,16.0,Công nghệ thông tin
42479,DNT,cong-nghe-thong-tin,A00,Điểm học bạ,2024,18.5,Công nghệ thông tin
42480,DNT,cong-nghe-thong-tin,A01,Điểm học bạ,2024,18.5,Công nghệ thông tin
42481,DNT,cong-nghe-thong-tin,D01,Điểm học bạ,2024,18.5,Công nghệ thông tin
42482,DNT,cong-nghe-thong-tin,D07,Điểm học bạ,2024,18.5,Công nghệ thông tin
42483,DNT,cong-nghe-thong-tin,A00,Điểm thi THPT,2024,15.0,Công nghệ thông tin
42484,DNT,cong-nghe-thong-tin,A01,Điểm thi THPT,2024,15.0,Công nghệ thông tin
42485,DNT,cong-nghe-thong-tin,D01,Điểm thi THPT,2024,15.0,Công nghệ thông tin
42486,DNT,cong-nghe-thong-tin,D07,Điểm thi THPT,2024,15.0,Công nghệ thông tin
42487,DNT,cong-nghe-thong-tin,A00,Điểm học bạ,2025,18.0,Công nghệ thông tin
42488,DNT,cong-nghe-thong-tin,A01,Điểm học bạ,2025,18.0,Công nghệ thông tin
42489,DNT,cong-nghe-thong-tin,C01,Điểm học bạ,2025,18.0,Công nghệ thông tin
42490,DNT,cong-nghe-thong-tin,D01,Điểm học bạ,2025,18.0,Công nghệ thông tin
42491,DNT,cong-nghe-thong-tin,D07,Điểm học bạ,2025,18.0,Công nghệ thông tin
42492,DNT,cong-nghe-thong-tin,X06,Điểm học bạ,2025,18.0,Công nghệ thông tin
42493,DNT,cong-nghe-thong-tin,X26,Điểm học bạ,2025,18.0,Công nghệ thông tin
42494,DNT,cong-nghe-thong-tin,X27,Điểm học bạ,2025,18.0,Công nghệ thông tin
42495,DNT,cong-nghe-thong-tin,X28,Điểm học bạ,2025,18.0,Công nghệ thông tin
42496,DNT,cong-nghe-thong-tin,A00,Điểm thi THPT,2025,15.0,Công nghệ thông tin
42497,DNT,cong-nghe-thong-tin,A01,Điểm thi THPT,2025,15.0,Công nghệ thông tin
42498,DNT,cong-nghe-thong-tin,C01,Điểm thi THPT,2025,15.0,Công nghệ thông tin
42499,DNT,cong-nghe-thong-tin,D01,Điểm thi THPT,2025,15.0,Công nghệ thông tin
42500,DNT,cong-nghe-thong-tin,D07,Điểm thi THPT,2025,15.0,Công nghệ thông tin
42501,DNT,cong-nghe-thong-tin,X06,Điểm thi THPT,2025,15.0,Công nghệ thông tin
42502,DNT,cong-nghe-thong-tin,X26,Điểm thi THPT,2025,15.0,Công nghệ thông tin
42503,DNT,cong-nghe-thong-tin,X27,Điểm thi THPT,2025,15.0,Công nghệ thông tin
42504,DNT,cong-nghe-thong-tin,X28,Điểm thi THPT,2025,15.0,Công nghệ thông tin
42505,DNT,dong-phuong-hoc,D01,Điểm học bạ,2021,19.5,Đông Phương học
42506,DNT,dong-phuong-hoc,D06,Điểm học bạ,2021,19.5,Đông Phương học
42507,DNT,dong-phuong-hoc,D14,Điểm học bạ,2021,19.5,Đông Phương học
42508,DNT,dong-phuong-hoc,D15,Điểm học bạ,2021,19.5,Đông Phương học
42509,DNT,dong-phuong-hoc,D01,Điểm thi THPT,2021,21.0,Đông Phương học
42510,DNT,dong-phuong-hoc,D06,Điểm thi THPT,2021,21.0,Đông Phương học
42511,DNT,dong-phuong-hoc,D14,Điểm thi THPT,2021,21.0,Đông Phương học
42512,DNT,dong-phuong-hoc,D15,Điểm thi THPT,2021,21.0,Đông Phương học
42513,DNT,dong-phuong-hoc,D01,Điểm học bạ,2022,19.5,Đông phương học
42514,DNT,dong-phuong-hoc,D06,Điểm học bạ,2022,19.5,Đông phương học
42515,DNT,dong-phuong-hoc,D14,Điểm học bạ,2022,19.5,Đông phương học
42516,DNT,dong-phuong-hoc,D15,Điểm học bạ,2022,19.5,Đông phương học
42517,DNT,dong-phuong-hoc,D01,Điểm thi THPT,2022,16.0,Đông phương học
42518,DNT,dong-phuong-hoc,D06,Điểm thi THPT,2022,16.0,Đông phương học
42519,DNT,dong-phuong-hoc,D14,Điểm thi THPT,2022,16.0,Đông phương học
42520,DNT,dong-phuong-hoc,D15,Điểm thi THPT,2022,16.0,Đông phương học
42521,DNT,dong-phuong-hoc,D01,Điểm học bạ,2023,18.75,Đông phương học
42522,DNT,dong-phuong-hoc,D06,Điểm học bạ,2023,18.75,Đông phương học
42523,DNT,dong-phuong-hoc,D14,Điểm học bạ,2023,18.75,Đông phương học
42524,DNT,dong-phuong-hoc,D15,Điểm học bạ,2023,18.75,Đông phương học
42525,DNT,dong-phuong-hoc,D01,Điểm thi THPT,2023,15.0,Đông phương học
42526,DNT,dong-phuong-hoc,D06,Điểm thi THPT,2023,15.0,Đông phương học
42527,DNT,dong-phuong-hoc,D14,Điểm thi THPT,2023,15.0,Đông phương học
42528,DNT,dong-phuong-hoc,D15,Điểm thi THPT,2023,15.0,Đông phương học
42529,DNT,dong-phuong-hoc,A01,Điểm học bạ,2024,18.75,Đông phương học
42530,DNT,dong-phuong-hoc,D01,Điểm học bạ,2024,18.75,Đông phương học
42531,DNT,dong-phuong-hoc,D06,Điểm học bạ,2024,18.5,Đông phương học
42532,DNT,dong-phuong-hoc,D14,Điểm học bạ,2024,18.75,Đông phương học
42533,DNT,dong-phuong-hoc,D15,Điểm học bạ,2024,18.75,Đông phương học
42534,DNT,dong-phuong-hoc,D01,Điểm thi THPT,2024,15.0,Đông phương học
42535,DNT,dong-phuong-hoc,D06,Điểm thi THPT,2024,15.0,Đông phương học
42536,DNT,dong-phuong-hoc,D14,Điểm thi THPT,2024,15.0,Đông phương học
42537,DNT,dong-phuong-hoc,D15,Điểm thi THPT,2024,15.0,Đông phương học
42538,DNT,dong-phuong-hoc,A01,Điểm học bạ,2025,18.0,Đông phương học
42539,DNT,dong-phuong-hoc,D01,Điểm học bạ,2025,18.0,Đông phương học
42540,DNT,dong-phuong-hoc,D06,Điểm học bạ,2025,18.0,Đông phương học
42541,DNT,dong-phuong-hoc,D14,Điểm học bạ,2025,18.0,Đông phương học
42542,DNT,dong-phuong-hoc,D15,Điểm học bạ,2025,18.0,Đông phương học
42543,DNT,dong-phuong-hoc,D63,Điểm học bạ,2025,18.0,Đông phương học
42544,DNT,dong-phuong-hoc,A01,Điểm thi THPT,2025,15.0,Đông phương học
42545,DNT,dong-phuong-hoc,D01,Điểm thi THPT,2025,15.0,Đông phương học
42546,DNT,dong-phuong-hoc,D06,Điểm thi THPT,2025,15.0,Đông phương học
42547,DNT,dong-phuong-hoc,D14,Điểm thi THPT,2025,15.0,Đông phương học
42548,DNT,dong-phuong-hoc,D15,Điểm thi THPT,2025,15.0,Đông phương học
42549,DNT,dong-phuong-hoc,D63,Điểm thi THPT,2025,15.0,Đông phương học
42550,DNT,ke-toan,A01,Điểm học bạ,2021,18.5,Kế toán
42551,DNT,ke-toan,D01,Điểm học bạ,2021,18.5,Kế toán
42552,DNT,ke-toan,D07,Điểm học bạ,2021,18.5,Kế toán
42553,DNT,ke-toan,D11,Điểm học bạ,2021,18.5,Kế toán
42554,DNT,ke-toan,A01,Điểm thi THPT,2021,18.5,Kế toán
42555,DNT,ke-toan,D01,Điểm thi THPT,2021,18.5,Kế toán
42556,DNT,ke-toan,D07,Điểm thi THPT,2021,18.5,Kế toán
42557,DNT,ke-toan,D11,Điểm thi THPT,2021,18.5,Kế toán
42558,DNT,ke-toan,A01,Điểm học bạ,2022,18.5,Kế toán
42559,DNT,ke-toan,D01,Điểm học bạ,2022,18.5,Kế toán
42560,DNT,ke-toan,D07,Điểm học bạ,2022,18.5,Kế toán
42561,DNT,ke-toan,D11,Điểm học bạ,2022,18.5,Kế toán
42562,DNT,ke-toan,A01,Điểm thi THPT,2022,19.5,Kế toán
42563,DNT,ke-toan,D01,Điểm thi THPT,2022,19.5,Kế toán
42564,DNT,ke-toan,D07,Điểm thi THPT,2022,19.5,Kế toán
42565,DNT,ke-toan,D11,Điểm thi THPT,2022,19.5,Kế toán
42566,DNT,ke-toan,A01,Điểm học bạ,2023,18.0,Kế toán
42567,DNT,ke-toan,D01,Điểm học bạ,2023,18.0,Kế toán
42568,DNT,ke-toan,D07,Điểm học bạ,2023,18.0,Kế toán
42569,DNT,ke-toan,D11,Điểm học bạ,2023,18.0,Kế toán
42570,DNT,ke-toan,A01,Điểm thi THPT,2023,15.0,Kế toán
42571,DNT,ke-toan,D01,Điểm thi THPT,2023,15.0,Kế toán
42572,DNT,ke-toan,D07,Điểm thi THPT,2023,15.0,Kế toán
42573,DNT,ke-toan,D11,Điểm thi THPT,2023,15.0,Kế toán
42574,DNT,ke-toan,A01,Điểm học bạ,2024,18.25,Kế toán
42575,DNT,ke-toan,D01,Điểm học bạ,2024,18.25,Kế toán
42576,DNT,ke-toan,D07,Điểm học bạ,2024,18.25,Kế toán
42577,DNT,ke-toan,D11,Điểm học bạ,2024,18.25,Kế toán
42578,DNT,ke-toan,A01,Điểm thi THPT,2024,15.0,Kế toán
42579,DNT,ke-toan,D01,Điểm thi THPT,2024,15.0,Kế toán
42580,DNT,ke-toan,D07,Điểm thi THPT,2024,15.0,Kế toán
42581,DNT,ke-toan,D11,Điểm thi THPT,2024,15.0,Kế toán
42582,DNT,ke-toan,A01,Điểm học bạ,2025,18.0,Kế toán
42583,DNT,ke-toan,D01,Điểm học bạ,2025,18.0,Kế toán
42584,DNT,ke-toan,D07,Điểm học bạ,2025,18.0,Kế toán
42585,DNT,ke-toan,D08,Điểm học bạ,2025,18.0,Kế toán
42586,DNT,ke-toan,D10,Điểm học bạ,2025,18.0,Kế toán
42587,DNT,ke-toan,D14,Điểm học bạ,2025,18.0,Kế toán
42588,DNT,ke-toan,D84,Điểm học bạ,2025,18.0,Kế toán
42589,DNT,ke-toan,D90,Điểm học bạ,2025,18.0,Kế toán
42590,DNT,ke-toan,A01,Điểm thi THPT,2025,15.0,Kế toán
42591,DNT,ke-toan,D01,Điểm thi THPT,2025,15.0,Kế toán
42592,DNT,ke-toan,D07,Điểm thi THPT,2025,15.0,Kế toán
42593,DNT,ke-toan,D08,Điểm thi THPT,2025,15.0,Kế toán
42594,DNT,ke-toan,D10,Điểm thi THPT,2025,15.0,Kế toán
42595,DNT,ke-toan,D14,Điểm thi THPT,2025,15.0,Kế toán
42596,DNT,ke-toan,D84,Điểm thi THPT,2025,15.0,Kế toán
42597,DNT,ke-toan,D90,Điểm thi THPT,2025,15.0,Kế toán
42598,DNT,kiem-toan,A01,Điểm học bạ,2023,18.0,Kiểm toán
42599,DNT,kiem-toan,D01,Điểm học bạ,2023,18.0,Kiểm toán
42600,DNT,kiem-toan,D07,Điểm học bạ,2023,18.0,Kiểm toán
42601,DNT,kiem-toan,D11,Điểm học bạ,2023,18.0,Kiểm toán
42602,DNT,kiem-toan,A01,Điểm thi THPT,2023,15.0,Kiểm toán
42603,DNT,kiem-toan,D01,Điểm thi THPT,2023,15.0,Kiểm toán
42604,DNT,kiem-toan,D07,Điểm thi THPT,2023,15.0,Kiểm toán
42605,DNT,kiem-toan,D11,Điểm thi THPT,2023,15.0,Kiểm toán
42606,DNT,kiem-toan,A01,Điểm học bạ,2024,18.25,Kiểm toán
42607,DNT,kiem-toan,D01,Điểm học bạ,2024,18.25,Kiểm toán
42608,DNT,kiem-toan,D07,Điểm học bạ,2024,18.25,Kiểm toán
42609,DNT,kiem-toan,D11,Điểm học bạ,2024,18.25,Kiểm toán
42610,DNT,kiem-toan,A01,Điểm thi THPT,2024,15.0,Kiểm toán
42611,DNT,kiem-toan,D01,Điểm thi THPT,2024,15.0,Kiểm toán
42612,DNT,kiem-toan,D07,Điểm thi THPT,2024,15.0,Kiểm toán
42613,DNT,kiem-toan,D11,Điểm thi THPT,2024,15.0,Kiểm toán
42614,DNT,kiem-toan,A01,Điểm học bạ,2025,18.0,Kiểm toán
42615,DNT,kiem-toan,D01,Điểm học bạ,2025,18.0,Kiểm toán
42616,DNT,kiem-toan,D07,Điểm học bạ,2025,18.0,Kiểm toán
42617,DNT,kiem-toan,D08,Điểm học bạ,2025,18.0,Kiểm toán
42618,DNT,kiem-toan,D10,Điểm học bạ,2025,18.0,Kiểm toán
42619,DNT,kiem-toan,D14,Điểm học bạ,2025,18.0,Kiểm toán
42620,DNT,kiem-toan,D84,Điểm học bạ,2025,18.0,Kiểm toán
42621,DNT,kiem-toan,D90,Điểm học bạ,2025,18.0,Kiểm toán
42622,DNT,kiem-toan,A01,Điểm thi THPT,2025,15.0,Kiểm toán
42623,DNT,kiem-toan,D01,Điểm thi THPT,2025,15.0,Kiểm toán
42624,DNT,kiem-toan,D07,Điểm thi THPT,2025,15.0,Kiểm toán
42625,DNT,kiem-toan,D08,Điểm thi THPT,2025,15.0,Kiểm toán
42626,DNT,kiem-toan,D10,Điểm thi THPT,2025,15.0,Kiểm toán
42627,DNT,kiem-toan,D14,Điểm thi THPT,2025,15.0,Kiểm toán
42628,DNT,kiem-toan,D84,Điểm thi THPT,2025,15.0,Kiểm toán
42629,DNT,kiem-toan,D90,Điểm thi THPT,2025,15.0,Kiểm toán
42630,DNT,kinh-doanh-quoc-te,A01,Điểm học bạ,2021,26.0,Kinh doanh quốc tế
42631,DNT,kinh-doanh-quoc-te,D01,Điểm học bạ,2021,26.0,Kinh doanh quốc tế
42632,DNT,kinh-doanh-quoc-te,D07,Điểm học bạ,2021,26.0,Kinh doanh quốc tế
42633,DNT,kinh-doanh-quoc-te,D11,Điểm học bạ,2021,26.0,Kinh doanh quốc tế
42634,DNT,kinh-doanh-quoc-te,A01,Điểm thi THPT,2021,29.5,Kinh doanh quốc tế
42635,DNT,kinh-doanh-quoc-te,D01,Điểm thi THPT,2021,29.5,Kinh doanh quốc tế
42636,DNT,kinh-doanh-quoc-te,D07,Điểm thi THPT,2021,29.5,Kinh doanh quốc tế
42637,DNT,kinh-doanh-quoc-te,D11,Điểm thi THPT,2021,29.5,Kinh doanh quốc tế
42638,DNT,kinh-doanh-quoc-te,A01,Điểm học bạ,2022,26.0,Kinh doanh quốc tế
42639,DNT,kinh-doanh-quoc-te,D01,Điểm học bạ,2022,26.0,Kinh doanh quốc tế
42640,DNT,kinh-doanh-quoc-te,D07,Điểm học bạ,2022,26.0,Kinh doanh quốc tế
42641,DNT,kinh-doanh-quoc-te,D11,Điểm học bạ,2022,26.0,Kinh doanh quốc tế
42642,DNT,kinh-doanh-quoc-te,A01,Điểm thi THPT,2022,23.0,Kinh doanh quốc tế
42643,DNT,kinh-doanh-quoc-te,D01,Điểm thi THPT,2022,23.0,Kinh doanh quốc tế
42644,DNT,kinh-doanh-quoc-te,D07,Điểm thi THPT,2022,23.0,Kinh doanh quốc tế
42645,DNT,kinh-doanh-quoc-te,D11,Điểm thi THPT,2022,23.0,Kinh doanh quốc tế
42646,DNT,kinh-doanh-quoc-te,A01,Điểm học bạ,2023,25.0,Kinh doanh quốc tế
42647,DNT,kinh-doanh-quoc-te,D01,Điểm học bạ,2023,25.0,Kinh doanh quốc tế
42648,DNT,kinh-doanh-quoc-te,D07,Điểm học bạ,2023,25.0,Kinh doanh quốc tế
42649,DNT,kinh-doanh-quoc-te,D11,Điểm học bạ,2023,25.0,Kinh doanh quốc tế
42650,DNT,kinh-doanh-quoc-te,A01,Điểm thi THPT,2023,20.0,Kinh doanh quốc tế
42651,DNT,kinh-doanh-quoc-te,D01,Điểm thi THPT,2023,20.0,Kinh doanh quốc tế
42652,DNT,kinh-doanh-quoc-te,D07,Điểm thi THPT,2023,20.0,Kinh doanh quốc tế
42653,DNT,kinh-doanh-quoc-te,D11,Điểm thi THPT,2023,20.0,Kinh doanh quốc tế
42654,DNT,kinh-doanh-quoc-te,A01,Điểm học bạ,2024,24.75,Kinh doanh quốc tế
42655,DNT,kinh-doanh-quoc-te,D01,Điểm học bạ,2024,24.75,Kinh doanh quốc tế
42656,DNT,kinh-doanh-quoc-te,D07,Điểm học bạ,2024,24.75,Kinh doanh quốc tế
42657,DNT,kinh-doanh-quoc-te,D11,Điểm học bạ,2024,24.75,Kinh doanh quốc tế
42658,DNT,kinh-doanh-quoc-te,A01,Điểm thi THPT,2024,20.0,Kinh doanh quốc tế
42659,DNT,kinh-doanh-quoc-te,D01,Điểm thi THPT,2024,20.0,Kinh doanh quốc tế
42660,DNT,kinh-doanh-quoc-te,D07,Điểm thi THPT,2024,20.0,Kinh doanh quốc tế
42661,DNT,kinh-doanh-quoc-te,D11,Điểm thi THPT,2024,20.0,Kinh doanh quốc tế
42662,DNT,kinh-doanh-quoc-te,A01,Điểm học bạ,2025,18.0,Kinh doanh quốc tế
42663,DNT,kinh-doanh-quoc-te,D01,Điểm học bạ,2025,18.0,Kinh doanh quốc tế
42664,DNT,kinh-doanh-quoc-te,D07,Điểm học bạ,2025,18.0,Kinh doanh quốc tế
42665,DNT,kinh-doanh-quoc-te,D08,Điểm học bạ,2025,18.0,Kinh doanh quốc tế
42666,DNT,kinh-doanh-quoc-te,D10,Điểm học bạ,2025,18.0,Kinh doanh quốc tế
42667,DNT,kinh-doanh-quoc-te,D14,Điểm học bạ,2025,18.0,Kinh doanh quốc tế
42668,DNT,kinh-doanh-quoc-te,D84,Điểm học bạ,2025,18.0,Kinh doanh quốc tế
42669,DNT,kinh-doanh-quoc-te,D90,Điểm học bạ,2025,18.0,Kinh doanh quốc tế
42670,DNT,kinh-doanh-quoc-te,A01,Điểm thi THPT,2025,15.0,Kinh doanh quốc tế
42671,DNT,kinh-doanh-quoc-te,D01,Điểm thi THPT,2025,15.0,Kinh doanh quốc tế
42672,DNT,kinh-doanh-quoc-te,D07,Điểm thi THPT,2025,15.0,Kinh doanh quốc tế
42673,DNT,kinh-doanh-quoc-te,D08,Điểm thi THPT,2025,15.0,Kinh doanh quốc tế
42674,DNT,kinh-doanh-quoc-te,D10,Điểm thi THPT,2025,15.0,Kinh doanh quốc tế
42675,DNT,kinh-doanh-quoc-te,D14,Điểm thi THPT,2025,15.0,Kinh doanh quốc tế
42676,DNT,kinh-doanh-quoc-te,D84,Điểm thi THPT,2025,15.0,Kinh doanh quốc tế
42677,DNT,kinh-doanh-quoc-te,D90,Điểm thi THPT,2025,15.0,Kinh doanh quốc tế
42678,DNT,ky-thuat-phan-mem,A00,Điểm học bạ,2025,18.0,Kỹ thuật phần mềm
42679,DNT,ky-thuat-phan-mem,A01,Điểm học bạ,2025,18.0,Kỹ thuật phần mềm
42680,DNT,ky-thuat-phan-mem,C01,Điểm học bạ,2025,18.0,Kỹ thuật phần mềm
42681,DNT,ky-thuat-phan-mem,D01,Điểm học bạ,2025,18.0,Kỹ thuật phần mềm
42682,DNT,ky-thuat-phan-mem,D07,Điểm học bạ,2025,18.0,Kỹ thuật phần mềm
42683,DNT,ky-thuat-phan-mem,X06,Điểm học bạ,2025,18.0,Kỹ thuật phần mềm
42684,DNT,ky-thuat-phan-mem,X26,Điểm học bạ,2025,18.0,Kỹ thuật phần mềm
42685,DNT,ky-thuat-phan-mem,X27,Điểm học bạ,2025,18.0,Kỹ thuật phần mềm
42686,DNT,ky-thuat-phan-mem,X28,Điểm học bạ,2025,18.0,Kỹ thuật phần mềm
42687,DNT,ky-thuat-phan-mem,A00,Điểm thi THPT,2025,15.0,Kỹ thuật phần mềm
42688,DNT,ky-thuat-phan-mem,A01,Điểm thi THPT,2025,15.0,Kỹ thuật phần mềm
42689,DNT,ky-thuat-phan-mem,C01,Điểm thi THPT,2025,15.0,Kỹ thuật phần mềm
42690,DNT,ky-thuat-phan-mem,D01,Điểm thi THPT,2025,15.0,Kỹ thuật phần mềm
42691,DNT,ky-thuat-phan-mem,D07,Điểm thi THPT,2025,15.0,Kỹ thuật phần mềm
42692,DNT,ky-thuat-phan-mem,X06,Điểm thi THPT,2025,15.0,Kỹ thuật phần mềm
42693,DNT,ky-thuat-phan-mem,X26,Điểm thi THPT,2025,15.0,Kỹ thuật phần mềm
42694,DNT,ky-thuat-phan-mem,X27,Điểm thi THPT,2025,15.0,Kỹ thuật phần mềm
42695,DNT,ky-thuat-phan-mem,X28,Điểm thi THPT,2025,15.0,Kỹ thuật phần mềm
42696,DNT,logistic-va-quan-ly-chuoi-cung-ung,A01,Điểm học bạ,2023,25.0,Logistic và quản lý chuỗi cung ứng
42697,DNT,logistic-va-quan-ly-chuoi-cung-ung,D01,Điểm học bạ,2023,25.0,Logistic và quản lý chuỗi cung ứng
42698,DNT,logistic-va-quan-ly-chuoi-cung-ung,D07,Điểm học bạ,2023,25.0,Logistic và quản lý chuỗi cung ứng
42699,DNT,logistic-va-quan-ly-chuoi-cung-ung,D11,Điểm học bạ,2023,25.0,Logistic và quản lý chuỗi cung ứng
42700,DNT,logistics-va-quan-ly-chuoi-cung-ung,A01,Điểm học bạ,2023,25.25,Logistics và quản lý chuỗi cung ứng
42701,DNT,logistics-va-quan-ly-chuoi-cung-ung,D01,Điểm học bạ,2023,25.25,Logistics và quản lý chuỗi cung ứng
42702,DNT,logistics-va-quan-ly-chuoi-cung-ung,D07,Điểm học bạ,2023,25.25,Logistics và quản lý chuỗi cung ứng
42703,DNT,logistics-va-quan-ly-chuoi-cung-ung,D11,Điểm học bạ,2023,25.25,Logistics và quản lý chuỗi cung ứng
42704,DNT,logistics-va-quan-ly-chuoi-cung-ung,A01,Điểm thi THPT,2023,20.0,Logistics và quản lý chuỗi cung ứng
42705,DNT,logistics-va-quan-ly-chuoi-cung-ung,D01,Điểm thi THPT,2023,20.0,Logistics và quản lý chuỗi cung ứng
42706,DNT,logistics-va-quan-ly-chuoi-cung-ung,D07,Điểm thi THPT,2023,20.0,Logistics và quản lý chuỗi cung ứng
42707,DNT,logistics-va-quan-ly-chuoi-cung-ung,D11,Điểm thi THPT,2023,20.0,Logistics và quản lý chuỗi cung ứng
42708,DNT,logistics-va-quan-ly-chuoi-cung-ung,A01,Điểm học bạ,2024,24.75,Logistics và quản lý chuỗi cung ứng
42709,DNT,logistics-va-quan-ly-chuoi-cung-ung,D01,Điểm học bạ,2024,24.75,Logistics và quản lý chuỗi cung ứng
42710,DNT,logistics-va-quan-ly-chuoi-cung-ung,D07,Điểm học bạ,2024,24.75,Logistics và quản lý chuỗi cung ứng
42711,DNT,logistics-va-quan-ly-chuoi-cung-ung,D11,Điểm học bạ,2024,24.75,Logistics và quản lý chuỗi cung ứng
42712,DNT,logistics-va-quan-ly-chuoi-cung-ung,A01,Điểm thi THPT,2024,20.0,Logistics và quản lý chuỗi cung ứng
42713,DNT,logistics-va-quan-ly-chuoi-cung-ung,D01,Điểm thi THPT,2024,20.0,Logistics và quản lý chuỗi cung ứng
42714,DNT,logistics-va-quan-ly-chuoi-cung-ung,D07,Điểm thi THPT,2024,20.0,Logistics và quản lý chuỗi cung ứng
42715,DNT,logistics-va-quan-ly-chuoi-cung-ung,D11,Điểm thi THPT,2024,20.0,Logistics và quản lý chuỗi cung ứng
42716,DNT,logistics-va-quan-ly-chuoi-cung-ung,A01,Điểm học bạ,2025,18.0,Logistics và quản lý chuỗi cung ứng
42717,DNT,logistics-va-quan-ly-chuoi-cung-ung,D01,Điểm học bạ,2025,18.0,Logistics và quản lý chuỗi cung ứng
42718,DNT,logistics-va-quan-ly-chuoi-cung-ung,D07,Điểm học bạ,2025,18.0,Logistics và quản lý chuỗi cung ứng
42719,DNT,logistics-va-quan-ly-chuoi-cung-ung,D08,Điểm học bạ,2025,18.0,Logistics và quản lý chuỗi cung ứng
42720,DNT,logistics-va-quan-ly-chuoi-cung-ung,D10,Điểm học bạ,2025,18.0,Logistics và quản lý chuỗi cung ứng
42721,DNT,logistics-va-quan-ly-chuoi-cung-ung,D14,Điểm học bạ,2025,18.0,Logistics và quản lý chuỗi cung ứng
42722,DNT,logistics-va-quan-ly-chuoi-cung-ung,D84,Điểm học bạ,2025,18.0,Logistics và quản lý chuỗi cung ứng
42723,DNT,logistics-va-quan-ly-chuoi-cung-ung,D90,Điểm học bạ,2025,18.0,Logistics và quản lý chuỗi cung ứng
42724,DNT,logistics-va-quan-ly-chuoi-cung-ung,A01,Điểm thi THPT,2025,15.0,Logistics và quản lý chuỗi cung ứng
42725,DNT,logistics-va-quan-ly-chuoi-cung-ung,D01,Điểm thi THPT,2025,15.0,Logistics và quản lý chuỗi cung ứng
42726,DNT,logistics-va-quan-ly-chuoi-cung-ung,D07,Điểm thi THPT,2025,15.0,Logistics và quản lý chuỗi cung ứng
42727,DNT,logistics-va-quan-ly-chuoi-cung-ung,D08,Điểm thi THPT,2025,15.0,Logistics và quản lý chuỗi cung ứng
42728,DNT,logistics-va-quan-ly-chuoi-cung-ung,D10,Điểm thi THPT,2025,15.0,Logistics và quản lý chuỗi cung ứng
42729,DNT,logistics-va-quan-ly-chuoi-cung-ung,D14,Điểm thi THPT,2025,15.0,Logistics và quản lý chuỗi cung ứng
42730,DNT,logistics-va-quan-ly-chuoi-cung-ung,D84,Điểm thi THPT,2025,15.0,Logistics và quản lý chuỗi cung ứng
42731,DNT,logistics-va-quan-ly-chuoi-cung-ung,D90,Điểm thi THPT,2025,15.0,Logistics và quản lý chuỗi cung ứng
42732,DNT,luat,A01,Điểm thi THPT,2022,15.0,Luật
42733,DNT,luat,C00,Điểm thi THPT,2022,15.0,Luật
42734,DNT,luat,D01,Điểm thi THPT,2022,15.0,Luật
42735,DNT,luat,D66,Điểm thi THPT,2022,15.0,Luật
42736,DNT,luat,C00,Điểm học bạ,2023,18.0,Luật
42737,DNT,luat,D01,Điểm học bạ,2023,18.0,Luật
42738,DNT,luat,D15,Điểm học bạ,2023,18.0,Luật
42739,DNT,luat,D66,Điểm học bạ,2023,18.0,Luật
42740,DNT,luat,C00,Điểm thi THPT,2023,15.0,Luật
42741,DNT,luat,D01,Điểm thi THPT,2023,15.0,Luật
42742,DNT,luat,D15,Điểm thi THPT,2023,15.0,Luật
42743,DNT,luat,D66,Điểm thi THPT,2023,15.0,Luật
42744,DNT,luat,A01,Điểm học bạ,2024,18.25,Luật
42745,DNT,luat,C00,Điểm học bạ,2024,18.25,Luật
42746,DNT,luat,D01,Điểm học bạ,2024,18.25,Luật
42747,DNT,luat,D66,Điểm học bạ,2024,18.25,Luật
42748,DNT,luat,A01,Điểm thi THPT,2024,15.0,Luật
42749,DNT,luat,C00,Điểm thi THPT,2024,15.0,Luật
42750,DNT,luat,D01,Điểm thi THPT,2024,15.0,Luật
42751,DNT,luat,D66,Điểm thi THPT,2024,15.0,Luật
42752,DNT,luat,C00,Điểm học bạ,2025,18.0,Luật
42753,DNT,luat,D01,Điểm học bạ,2025,18.0,Luật
42754,DNT,luat,D09,Điểm học bạ,2025,18.0,Luật
42755,DNT,luat,D10,Điểm học bạ,2025,18.0,Luật
42756,DNT,luat,D14,Điểm học bạ,2025,18.0,Luật
42757,DNT,luat,D15,Điểm học bạ,2025,18.0,Luật
42758,DNT,luat,D66,Điểm học bạ,2025,18.0,Luật
42759,DNT,luat,D84,Điểm học bạ,2025,18.0,Luật
42760,DNT,luat,C00,Điểm thi THPT,2025,15.0,Luật
42761,DNT,luat,D01,Điểm thi THPT,2025,15.0,Luật
42762,DNT,luat,D09,Điểm thi THPT,2025,15.0,Luật
42763,DNT,luat,D10,Điểm thi THPT,2025,15.0,Luật
42764,DNT,luat,D14,Điểm thi THPT,2025,15.0,Luật
42765,DNT,luat,D15,Điểm thi THPT,2025,15.0,Luật
42766,DNT,luat,D66,Điểm thi THPT,2025,15.0,Luật
42767,DNT,luat,D84,Điểm thi THPT,2025,15.0,Luật
42768,DNT,luat-kinh-te,A01,Điểm học bạ,2021,18.5,Luật kinh tế
42769,DNT,luat-kinh-te,D01,Điểm học bạ,2021,18.5,Luật kinh tế
42770,DNT,luat-kinh-te,D15,Điểm học bạ,2021,18.5,Luật kinh tế
42771,DNT,luat-kinh-te,D66,Điểm học bạ,2021,18.5,Luật kinh tế
42772,DNT,luat-kinh-te,A01,Điểm thi THPT,2021,16.0,Luật kinh tế
42773,DNT,luat-kinh-te,D01,Điểm thi THPT,2021,16.0,Luật kinh tế
42774,DNT,luat-kinh-te,D15,Điểm thi THPT,2021,16.0,Luật kinh tế
42775,DNT,luat-kinh-te,D66,Điểm thi THPT,2021,16.0,Luật kinh tế
42776,DNT,luat-kinh-te,A01,Điểm học bạ,2022,18.5,Luật kinh tế
42777,DNT,luat-kinh-te,D01,Điểm học bạ,2022,18.5,Luật kinh tế
42778,DNT,luat-kinh-te,D15,Điểm học bạ,2022,18.5,Luật kinh tế
42779,DNT,luat-kinh-te,D66,Điểm học bạ,2022,18.5,Luật kinh tế
42780,DNT,luat-kinh-te,A01,Điểm thi THPT,2022,15.0,Luật kinh tế
42781,DNT,luat-kinh-te,D01,Điểm thi THPT,2022,15.0,Luật kinh tế
42782,DNT,luat-kinh-te,D15,Điểm thi THPT,2022,15.0,Luật kinh tế
42783,DNT,luat-kinh-te,D66,Điểm thi THPT,2022,15.0,Luật kinh tế
42784,DNT,luat-kinh-te,A01,Điểm học bạ,2023,18.0,Luật kinh tế
42785,DNT,luat-kinh-te,D01,Điểm học bạ,2023,18.0,Luật kinh tế
42786,DNT,luat-kinh-te,D15,Điểm học bạ,2023,18.0,Luật kinh tế
42787,DNT,luat-kinh-te,D66,Điểm học bạ,2023,18.0,Luật kinh tế
42788,DNT,luat-kinh-te,A01,Điểm thi THPT,2023,15.0,Luật kinh tế
42789,DNT,luat-kinh-te,D01,Điểm thi THPT,2023,15.0,Luật kinh tế
42790,DNT,luat-kinh-te,D15,Điểm thi THPT,2023,15.0,Luật kinh tế
42791,DNT,luat-kinh-te,D66,Điểm thi THPT,2023,15.0,Luật kinh tế
42792,DNT,luat-kinh-te,A01,Điểm học bạ,2024,18.25,Luật kinh tế
42793,DNT,luat-kinh-te,D01,Điểm học bạ,2024,18.25,Luật kinh tế
42794,DNT,luat-kinh-te,D15,Điểm học bạ,2024,18.25,Luật kinh tế
42795,DNT,luat-kinh-te,D66,Điểm học bạ,2024,18.25,Luật kinh tế
42796,DNT,luat-kinh-te,A01,Điểm thi THPT,2024,15.0,Luật kinh tế
42797,DNT,luat-kinh-te,D01,Điểm thi THPT,2024,15.0,Luật kinh tế
42798,DNT,luat-kinh-te,D15,Điểm thi THPT,2024,15.0,Luật kinh tế
42799,DNT,luat-kinh-te,D66,Điểm thi THPT,2024,15.0,Luật kinh tế
42800,DNT,luat-kinh-te,A01,Điểm học bạ,2025,18.0,Luật kinh tế
42801,DNT,luat-kinh-te,C00,Điểm học bạ,2025,18.0,Luật kinh tế
42802,DNT,luat-kinh-te,D01,Điểm học bạ,2025,18.0,Luật kinh tế
42803,DNT,luat-kinh-te,D09,Điểm học bạ,2025,18.0,Luật kinh tế
42804,DNT,luat-kinh-te,D14,Điểm học bạ,2025,18.0,Luật kinh tế
42805,DNT,luat-kinh-te,D15,Điểm học bạ,2025,18.0,Luật kinh tế
42806,DNT,luat-kinh-te,D66,Điểm học bạ,2025,18.0,Luật kinh tế
42807,DNT,luat-kinh-te,D84,Điểm học bạ,2025,18.0,Luật kinh tế
42808,DNT,luat-kinh-te,A01,Điểm thi THPT,2025,15.0,Luật kinh tế
42809,DNT,luat-kinh-te,C00,Điểm thi THPT,2025,15.0,Luật kinh tế
42810,DNT,luat-kinh-te,D01,Điểm thi THPT,2025,15.0,Luật kinh tế
42811,DNT,luat-kinh-te,D09,Điểm thi THPT,2025,15.0,Luật kinh tế
42812,DNT,luat-kinh-te,D14,Điểm thi THPT,2025,15.0,Luật kinh tế
42813,DNT,luat-kinh-te,D15,Điểm thi THPT,2025,15.0,Luật kinh tế
42814,DNT,luat-kinh-te,D66,Điểm thi THPT,2025,15.0,Luật kinh tế
42815,DNT,luat-kinh-te,D84,Điểm thi THPT,2025,15.0,Luật kinh tế
42816,DNT,marketing,A01,Điểm học bạ,2025,20.0,Marketing
42817,DNT,marketing,D01,Điểm học bạ,2025,20.0,Marketing
42818,DNT,marketing,D07,Điểm học bạ,2025,20.0,Marketing
42819,DNT,marketing,D08,Điểm học bạ,2025,20.0,Marketing
42820,DNT,marketing,D10,Điểm học bạ,2025,20.0,Marketing
42821,DNT,marketing,D14,Điểm học bạ,2025,20.0,Marketing
42822,DNT,marketing,D84,Điểm học bạ,2025,20.0,Marketing
42823,DNT,marketing,D90,Điểm học bạ,2025,20.0,Marketing
42824,DNT,marketing,A01,Điểm thi THPT,2025,17.0,Marketing
42825,DNT,marketing,D01,Điểm thi THPT,2025,17.0,Marketing
42826,DNT,marketing,D07,Điểm thi THPT,2025,17.0,Marketing
42827,DNT,marketing,D08,Điểm thi THPT,2025,17.0,Marketing
42828,DNT,marketing,D10,Điểm thi THPT,2025,17.0,Marketing
42829,DNT,marketing,D14,Điểm thi THPT,2025,17.0,Marketing
42830,DNT,marketing,D84,Điểm thi THPT,2025,17.0,Marketing
42831,DNT,marketing,D90,Điểm thi THPT,2025,17.0,Marketing
42832,DNT,ngon-ngu-anh,A01,Điểm học bạ,2021,29.0,Ngôn ngữ Anh
42833,DNT,ngon-ngu-anh,D01,Điểm học bạ,2021,29.0,Ngôn ngữ Anh
42834,DNT,ngon-ngu-anh,D14,Điểm học bạ,2021,29.0,Ngôn ngữ Anh
42835,DNT,ngon-ngu-anh,D15,Điểm học bạ,2021,29.0,Ngôn ngữ Anh
42836,DNT,ngon-ngu-anh,A01,Điểm thi THPT,2021,32.25,Ngôn ngữ Anh
42837,DNT,ngon-ngu-anh,D01,Điểm thi THPT,2021,32.25,Ngôn ngữ Anh
42838,DNT,ngon-ngu-anh,D14,Điểm thi THPT,2021,32.25,Ngôn ngữ Anh
42839,DNT,ngon-ngu-anh,D15,Điểm thi THPT,2021,32.25,Ngôn ngữ Anh
42840,DNT,ngon-ngu-anh,A01,Điểm học bạ,2022,28.0,Ngôn ngữ Anh
42841,DNT,ngon-ngu-anh,D01,Điểm học bạ,2022,28.0,Ngôn ngữ Anh
42842,DNT,ngon-ngu-anh,D14,Điểm học bạ,2022,28.0,Ngôn ngữ Anh
42843,DNT,ngon-ngu-anh,D15,Điểm học bạ,2022,28.0,Ngôn ngữ Anh
42844,DNT,ngon-ngu-anh,A01,Điểm thi THPT,2022,26.0,Ngôn ngữ Anh
42845,DNT,ngon-ngu-anh,D01,Điểm thi THPT,2022,26.0,Ngôn ngữ Anh
42846,DNT,ngon-ngu-anh,D14,Điểm thi THPT,2022,26.0,Ngôn ngữ Anh
42847,DNT,ngon-ngu-anh,D15,Điểm thi THPT,2022,26.0,Ngôn ngữ Anh
42848,DNT,ngon-ngu-anh,A01,Điểm học bạ,2023,25.25,Ngôn ngữ Anh
42849,DNT,ngon-ngu-anh,D01,Điểm học bạ,2023,25.25,Ngôn ngữ Anh
42850,DNT,ngon-ngu-anh,D14,Điểm học bạ,2023,25.25,Ngôn ngữ Anh
42851,DNT,ngon-ngu-anh,D15,Điểm học bạ,2023,25.25,Ngôn ngữ Anh
42852,DNT,ngon-ngu-anh,A01,Điểm thi THPT,2023,21.5,Ngôn ngữ Anh
42853,DNT,ngon-ngu-anh,D01,Điểm thi THPT,2023,21.5,Ngôn ngữ Anh
42854,DNT,ngon-ngu-anh,D14,Điểm thi THPT,2023,21.5,Ngôn ngữ Anh
42855,DNT,ngon-ngu-anh,D15,Điểm thi THPT,2023,21.5,Ngôn ngữ Anh
42856,DNT,ngon-ngu-anh,A01,Điểm học bạ,2024,25.25,Ngôn ngữ Anh
42857,DNT,ngon-ngu-anh,D01,Điểm học bạ,2024,25.25,Ngôn ngữ Anh
42858,DNT,ngon-ngu-anh,D14,Điểm học bạ,2024,25.25,Ngôn ngữ Anh
42859,DNT,ngon-ngu-anh,D15,Điểm học bạ,2024,25.25,Ngôn ngữ Anh
42860,DNT,ngon-ngu-anh,A01,Điểm thi THPT,2024,20.0,Ngôn ngữ Anh
42861,DNT,ngon-ngu-anh,D01,Điểm thi THPT,2024,20.0,Ngôn ngữ Anh
42862,DNT,ngon-ngu-anh,D14,Điểm thi THPT,2024,20.0,Ngôn ngữ Anh
42863,DNT,ngon-ngu-anh,D15,Điểm thi THPT,2024,20.0,Ngôn ngữ Anh
42864,DNT,ngon-ngu-anh,D01,Điểm học bạ,2025,20.0,Ngôn ngữ Anh
42865,DNT,ngon-ngu-anh,D11,Điểm học bạ,2025,20.0,Ngôn ngữ Anh
42866,DNT,ngon-ngu-anh,D12,Điểm học bạ,2025,20.0,Ngôn ngữ Anh
42867,DNT,ngon-ngu-anh,D14,Điểm học bạ,2025,20.0,Ngôn ngữ Anh
42868,DNT,ngon-ngu-anh,D15,Điểm học bạ,2025,20.0,Ngôn ngữ Anh
42869,DNT,ngon-ngu-anh,D96,Điểm học bạ,2025,20.0,Ngôn ngữ Anh
42870,DNT,ngon-ngu-anh,X78,Điểm học bạ,2025,20.0,Ngôn ngữ Anh
42871,DNT,ngon-ngu-anh,X80,Điểm học bạ,2025,20.0,Ngôn ngữ Anh
42872,DNT,ngon-ngu-anh,X81,Điểm học bạ,2025,20.0,Ngôn ngữ Anh
42873,DNT,ngon-ngu-anh,D01,Điểm thi THPT,2025,17.0,Ngôn ngữ Anh
42874,DNT,ngon-ngu-anh,D11,Điểm thi THPT,2025,17.0,Ngôn ngữ Anh
42875,DNT,ngon-ngu-anh,D12,Điểm thi THPT,2025,17.0,Ngôn ngữ Anh
42876,DNT,ngon-ngu-anh,D14,Điểm thi THPT,2025,17.0,Ngôn ngữ Anh
42877,DNT,ngon-ngu-anh,D15,Điểm thi THPT,2025,17.0,Ngôn ngữ Anh
42878,DNT,ngon-ngu-anh,D96,Điểm thi THPT,2025,17.0,Ngôn ngữ Anh
42879,DNT,ngon-ngu-anh,X78,Điểm thi THPT,2025,17.0,Ngôn ngữ Anh
42880,DNT,ngon-ngu-anh,X80,Điểm thi THPT,2025,17.0,Ngôn ngữ Anh
42881,DNT,ngon-ngu-anh,X81,Điểm thi THPT,2025,17.0,Ngôn ngữ Anh
42882,DNT,ngon-ngu-han-quoc,D01,Điểm học bạ,2023,18.5,Ngôn ngữ Hàn Quốc
42883,DNT,ngon-ngu-han-quoc,D10,Điểm học bạ,2023,18.5,Ngôn ngữ Hàn Quốc
42884,DNT,ngon-ngu-han-quoc,D14,Điểm học bạ,2023,18.5,Ngôn ngữ Hàn Quốc
42885,DNT,ngon-ngu-han-quoc,D15,Điểm học bạ,2023,18.5,Ngôn ngữ Hàn Quốc
42886,DNT,ngon-ngu-han-quoc,D01,Điểm thi THPT,2023,15.0,ngôn ngữ Hàn Quốc
42887,DNT,ngon-ngu-han-quoc,D10,Điểm thi THPT,2023,15.0,ngôn ngữ Hàn Quốc
42888,DNT,ngon-ngu-han-quoc,D14,Điểm thi THPT,2023,15.0,ngôn ngữ Hàn Quốc
42889,DNT,ngon-ngu-han-quoc,D15,Điểm thi THPT,2023,15.0,ngôn ngữ Hàn Quốc
42890,DNT,ngon-ngu-han-quoc,A01,Điểm học bạ,2024,18.75,Ngôn ngữ Hàn Quốc
42891,DNT,ngon-ngu-han-quoc,D01,Điểm học bạ,2024,18.5,Ngôn ngữ Hàn Quốc
42892,DNT,ngon-ngu-han-quoc,D10,Điểm học bạ,2024,18.5,Ngôn ngữ Hàn Quốc
42893,DNT,ngon-ngu-han-quoc,D14,Điểm học bạ,2024,18.5,Ngôn ngữ Hàn Quốc
42894,DNT,ngon-ngu-han-quoc,D15,Điểm học bạ,2024,18.5,Ngôn ngữ Hàn Quốc
42895,DNT,ngon-ngu-han-quoc,D01,Điểm thi THPT,2024,15.0,Ngôn ngữ Hàn Quốc
42896,DNT,ngon-ngu-han-quoc,D10,Điểm thi THPT,2024,15.0,Ngôn ngữ Hàn Quốc
42897,DNT,ngon-ngu-han-quoc,D14,Điểm thi THPT,2024,15.0,Ngôn ngữ Hàn Quốc
42898,DNT,ngon-ngu-han-quoc,D15,Điểm thi THPT,2024,15.0,Ngôn ngữ Hàn Quốc
42899,DNT,ngon-ngu-han-quoc,A01,Điểm học bạ,2025,18.0,Ngôn ngữ Hàn Quốc
42900,DNT,ngon-ngu-han-quoc,D01,Điểm học bạ,2025,18.0,Ngôn ngữ Hàn Quốc
42901,DNT,ngon-ngu-han-quoc,D14,Điểm học bạ,2025,18.0,Ngôn ngữ Hàn Quốc
42902,DNT,ngon-ngu-han-quoc,D15,Điểm học bạ,2025,18.0,Ngôn ngữ Hàn Quốc
42903,DNT,ngon-ngu-han-quoc,D63,Điểm học bạ,2025,18.0,Ngôn ngữ Hàn Quốc
42904,DNT,ngon-ngu-han-quoc,A01,Điểm thi THPT,2025,15.0,Ngôn ngữ Hàn Quốc
42905,DNT,ngon-ngu-han-quoc,D01,Điểm thi THPT,2025,15.0,Ngôn ngữ Hàn Quốc
42906,DNT,ngon-ngu-han-quoc,D14,Điểm thi THPT,2025,15.0,Ngôn ngữ Hàn Quốc
42907,DNT,ngon-ngu-han-quoc,D15,Điểm thi THPT,2025,15.0,Ngôn ngữ Hàn Quốc
42908,DNT,ngon-ngu-han-quoc,D63,Điểm thi THPT,2025,15.0,Ngôn ngữ Hàn Quốc
42909,DNT,ngon-ngu-nhat,D01,Điểm học bạ,2025,18.0,Ngôn ngữ Nhật
42910,DNT,ngon-ngu-nhat,D06,Điểm học bạ,2025,18.0,Ngôn ngữ Nhật
42911,DNT,ngon-ngu-nhat,D14,Điểm học bạ,2025,18.0,Ngôn ngữ Nhật
42912,DNT,ngon-ngu-nhat,D15,Điểm học bạ,2025,18.0,Ngôn ngữ Nhật
42913,DNT,ngon-ngu-nhat,D01,Điểm thi THPT,2025,15.0,Ngôn ngữ Nhật
42914,DNT,ngon-ngu-nhat,D06,Điểm thi THPT,2025,15.0,Ngôn ngữ Nhật
42915,DNT,ngon-ngu-nhat,D14,Điểm thi THPT,2025,15.0,Ngôn ngữ Nhật
42916,DNT,ngon-ngu-nhat,D15,Điểm thi THPT,2025,15.0,Ngôn ngữ Nhật
42917,DNT,ngon-ngu-nhat-ban,D01,Điểm học bạ,2024,18.25,Ngôn ngữ Nhật Bản
42918,DNT,ngon-ngu-nhat-ban,D06,Điểm học bạ,2024,18.25,Ngôn ngữ Nhật Bản
42919,DNT,ngon-ngu-nhat-ban,D14,Điểm học bạ,2024,18.25,Ngôn ngữ Nhật Bản
42920,DNT,ngon-ngu-nhat-ban,D15,Điểm học bạ,2024,18.25,Ngôn ngữ Nhật Bản
42921,DNT,ngon-ngu-nhat-ban,D01,Điểm thi THPT,2024,15.0,Ngôn ngữ Nhật Bản
42922,DNT,ngon-ngu-nhat-ban,D06,Điểm thi THPT,2024,15.0,Ngôn ngữ Nhật Bản
42923,DNT,ngon-ngu-nhat-ban,D14,Điểm thi THPT,2024,15.0,Ngôn ngữ Nhật Bản
42924,DNT,ngon-ngu-nhat-ban,D15,Điểm thi THPT,2024,15.0,Ngôn ngữ Nhật Bản
42925,DNT,ngon-ngu-trung-quoc,A01,Điểm học bạ,2021,23.0,Ngôn ngữ Trung Quốc
42926,DNT,ngon-ngu-trung-quoc,D01,Điểm học bạ,2021,23.0,Ngôn ngữ Trung Quốc
42927,DNT,ngon-ngu-trung-quoc,D04,Điểm học bạ,2021,23.0,Ngôn ngữ Trung Quốc
42928,DNT,ngon-ngu-trung-quoc,D14,Điểm học bạ,2021,23.0,Ngôn ngữ Trung Quốc
42929,DNT,ngon-ngu-trung-quoc,A01,Điểm thi THPT,2021,24.5,Ngôn ngữ Trung Quốc
42930,DNT,ngon-ngu-trung-quoc,D01,Điểm thi THPT,2021,24.5,Ngôn ngữ Trung Quốc
42931,DNT,ngon-ngu-trung-quoc,D04,Điểm thi THPT,2021,24.5,Ngôn ngữ Trung Quốc
42932,DNT,ngon-ngu-trung-quoc,D14,Điểm thi THPT,2021,24.5,Ngôn ngữ Trung Quốc
42933,DNT,ngon-ngu-trung-quoc,A01,Điểm học bạ,2022,22.0,Ngôn ngữ Trung Quốc
42934,DNT,ngon-ngu-trung-quoc,D01,Điểm học bạ,2022,22.0,Ngôn ngữ Trung Quốc
42935,DNT,ngon-ngu-trung-quoc,D04,Điểm học bạ,2022,22.0,Ngôn ngữ Trung Quốc
42936,DNT,ngon-ngu-trung-quoc,D14,Điểm học bạ,2022,22.0,Ngôn ngữ Trung Quốc
42937,DNT,ngon-ngu-trung-quoc,A01,Điểm thi THPT,2022,20.0,Ngôn ngữ Trung Quốc
42938,DNT,ngon-ngu-trung-quoc,D01,Điểm thi THPT,2022,20.0,Ngôn ngữ Trung Quốc
42939,DNT,ngon-ngu-trung-quoc,D04,Điểm thi THPT,2022,20.0,Ngôn ngữ Trung Quốc
42940,DNT,ngon-ngu-trung-quoc,D14,Điểm thi THPT,2022,20.0,Ngôn ngữ Trung Quốc
42941,DNT,ngon-ngu-trung-quoc,A01,Điểm học bạ,2023,19.75,Ngôn ngữ Trung Quốc
42942,DNT,ngon-ngu-trung-quoc,D01,Điểm học bạ,2023,19.75,Ngôn ngữ Trung Quốc
42943,DNT,ngon-ngu-trung-quoc,D04,Điểm học bạ,2023,19.75,Ngôn ngữ Trung Quốc
42944,DNT,ngon-ngu-trung-quoc,D14,Điểm học bạ,2023,19.75,Ngôn ngữ Trung Quốc
42945,DNT,ngon-ngu-trung-quoc,A01,Điểm thi THPT,2023,16.0,Ngôn ngữ Trung Quốc
42946,DNT,ngon-ngu-trung-quoc,D01,Điểm thi THPT,2023,16.0,Ngôn ngữ Trung Quốc
42947,DNT,ngon-ngu-trung-quoc,D04,Điểm thi THPT,2023,16.0,Ngôn ngữ Trung Quốc
42948,DNT,ngon-ngu-trung-quoc,D14,Điểm thi THPT,2023,16.0,Ngôn ngữ Trung Quốc
42949,DNT,ngon-ngu-trung-quoc,A01,Điểm học bạ,2024,19.0,Ngôn ngữ Trung Quốc
42950,DNT,ngon-ngu-trung-quoc,D01,Điểm học bạ,2024,19.0,Ngôn ngữ Trung Quốc
42951,DNT,ngon-ngu-trung-quoc,D04,Điểm học bạ,2024,19.0,Ngôn ngữ Trung Quốc
42952,DNT,ngon-ngu-trung-quoc,D14,Điểm học bạ,2024,19.0,Ngôn ngữ Trung Quốc
42953,DNT,ngon-ngu-trung-quoc,A01,Điểm thi THPT,2024,16.0,Ngôn ngữ Trung Quốc
42954,DNT,ngon-ngu-trung-quoc,D01,Điểm thi THPT,2024,16.0,Ngôn ngữ Trung Quốc
42955,DNT,ngon-ngu-trung-quoc,D04,Điểm thi THPT,2024,16.0,Ngôn ngữ Trung Quốc
42956,DNT,ngon-ngu-trung-quoc,D14,Điểm thi THPT,2024,16.0,Ngôn ngữ Trung Quốc
42957,DNT,ngon-ngu-trung-quoc,D01,Điểm học bạ,2025,20.0,Ngôn ngữ Trung Quốc
42958,DNT,ngon-ngu-trung-quoc,D03,Điểm học bạ,2025,20.0,Ngôn ngữ Trung Quốc
42959,DNT,ngon-ngu-trung-quoc,D04,Điểm học bạ,2025,20.0,Ngôn ngữ Trung Quốc
42960,DNT,ngon-ngu-trung-quoc,D11,Điểm học bạ,2025,20.0,Ngôn ngữ Trung Quốc
42961,DNT,ngon-ngu-trung-quoc,D14,Điểm học bạ,2025,20.0,Ngôn ngữ Trung Quốc
42962,DNT,ngon-ngu-trung-quoc,X78,Điểm học bạ,2025,20.0,Ngôn ngữ Trung Quốc
42963,DNT,ngon-ngu-trung-quoc,X80,Điểm học bạ,2025,20.0,Ngôn ngữ Trung Quốc
42964,DNT,ngon-ngu-trung-quoc,X81,Điểm học bạ,2025,20.0,Ngôn ngữ Trung Quốc
42965,DNT,ngon-ngu-trung-quoc,D01,Điểm thi THPT,2025,17.0,Ngôn ngữ Trung Quốc
42966,DNT,ngon-ngu-trung-quoc,D03,Điểm thi THPT,2025,17.0,Ngôn ngữ Trung Quốc
42967,DNT,ngon-ngu-trung-quoc,D04,Điểm thi THPT,2025,17.0,Ngôn ngữ Trung Quốc
42968,DNT,ngon-ngu-trung-quoc,D11,Điểm thi THPT,2025,17.0,Ngôn ngữ Trung Quốc
42969,DNT,ngon-ngu-trung-quoc,D14,Điểm thi THPT,2025,17.0,Ngôn ngữ Trung Quốc
42970,DNT,ngon-ngu-trung-quoc,X78,Điểm thi THPT,2025,17.0,Ngôn ngữ Trung Quốc
42971,DNT,ngon-ngu-trung-quoc,X80,Điểm thi THPT,2025,17.0,Ngôn ngữ Trung Quốc
42972,DNT,ngon-ngu-trung-quoc,X81,Điểm thi THPT,2025,17.0,Ngôn ngữ Trung Quốc
42973,DNT,quan-he-cong-chung,A01,Điểm học bạ,2023,25.25,Quan hệ công chúng
42974,DNT,quan-he-cong-chung,D01,Điểm học bạ,2023,25.25,Quan hệ công chúng
42975,DNT,quan-he-cong-chung,D14,Điểm học bạ,2023,25.25,Quan hệ công chúng
42976,DNT,quan-he-cong-chung,D15,Điểm học bạ,2023,25.25,Quan hệ công chúng
42977,DNT,quan-he-cong-chung,A01,Điểm thi THPT,2023,20.0,Quan hệ công chúng
42978,DNT,quan-he-cong-chung,D01,Điểm thi THPT,2023,20.0,Quan hệ công chúng
42979,DNT,quan-he-cong-chung,D14,Điểm thi THPT,2023,20.0,Quan hệ công chúng
42980,DNT,quan-he-cong-chung,D15,Điểm thi THPT,2023,20.0,Quan hệ công chúng
42981,DNT,quan-he-cong-chung,A01,Điểm học bạ,2024,24.75,Quan hệ công chúng
42982,DNT,quan-he-cong-chung,D01,Điểm học bạ,2024,24.75,Quan hệ công chúng
42983,DNT,quan-he-cong-chung,D14,Điểm học bạ,2024,24.75,Quan hệ công chúng
42984,DNT,quan-he-cong-chung,D15,Điểm học bạ,2024,24.75,Quan hệ công chúng
42985,DNT,quan-he-cong-chung,A01,Điểm thi THPT,2024,20.0,Quan hệ công chúng
42986,DNT,quan-he-cong-chung,D01,Điểm thi THPT,2024,20.0,Quan hệ công chúng
42987,DNT,quan-he-cong-chung,D14,Điểm thi THPT,2024,20.0,Quan hệ công chúng
42988,DNT,quan-he-cong-chung,D15,Điểm thi THPT,2024,20.0,Quan hệ công chúng
42989,DNT,quan-he-cong-chung,D01,Điểm học bạ,2025,18.0,Quan hệ công chúng
42990,DNT,quan-he-cong-chung,D09,Điểm học bạ,2025,18.0,Quan hệ công chúng
42991,DNT,quan-he-cong-chung,D10,Điểm học bạ,2025,18.0,Quan hệ công chúng
42992,DNT,quan-he-cong-chung,D14,Điểm học bạ,2025,18.0,Quan hệ công chúng
42993,DNT,quan-he-cong-chung,D15,Điểm học bạ,2025,18.0,Quan hệ công chúng
42994,DNT,quan-he-cong-chung,D66,Điểm học bạ,2025,18.0,Quan hệ công chúng
42995,DNT,quan-he-cong-chung,D84,Điểm học bạ,2025,18.0,Quan hệ công chúng
42996,DNT,quan-he-cong-chung,D01,Điểm thi THPT,2025,15.0,Quan hệ công chúng
42997,DNT,quan-he-cong-chung,D09,Điểm thi THPT,2025,15.0,Quan hệ công chúng
42998,DNT,quan-he-cong-chung,D10,Điểm thi THPT,2025,15.0,Quan hệ công chúng
42999,DNT,quan-he-cong-chung,D14,Điểm thi THPT,2025,15.0,Quan hệ công chúng
43000,DNT,quan-he-cong-chung,D15,Điểm thi THPT,2025,15.0,Quan hệ công chúng
43001,DNT,quan-he-cong-chung,D66,Điểm thi THPT,2025,15.0,Quan hệ công chúng
43002,DNT,quan-he-cong-chung,D84,Điểm thi THPT,2025,15.0,Quan hệ công chúng
43003,DNT,quan-he-quoc-te,A01,Điểm học bạ,2021,26.0,Quan hệ quốc tế
43004,DNT,quan-he-quoc-te,D01,Điểm học bạ,2021,26.0,Quan hệ quốc tế
43005,DNT,quan-he-quoc-te,D14,Điểm học bạ,2021,26.0,Quan hệ quốc tế
43006,DNT,quan-he-quoc-te,D15,Điểm học bạ,2021,26.0,Quan hệ quốc tế
43007,DNT,quan-he-quoc-te,A01,Điểm thi THPT,2021,29.5,Quan hệ quốc tế
43008,DNT,quan-he-quoc-te,D01,Điểm thi THPT,2021,29.5,Quan hệ quốc tế
43009,DNT,quan-he-quoc-te,D14,Điểm thi THPT,2021,29.5,Quan hệ quốc tế
43010,DNT,quan-he-quoc-te,D15,Điểm thi THPT,2021,29.5,Quan hệ quốc tế
43011,DNT,quan-he-quoc-te,A01,Điểm học bạ,2022,26.0,Quan hệ quốc tế
43012,DNT,quan-he-quoc-te,D01,Điểm học bạ,2022,26.0,Quan hệ quốc tế
43013,DNT,quan-he-quoc-te,D14,Điểm học bạ,2022,26.0,Quan hệ quốc tế
43014,DNT,quan-he-quoc-te,D15,Điểm học bạ,2022,26.0,Quan hệ quốc tế
43015,DNT,quan-he-quoc-te,A01,Điểm thi THPT,2022,22.0,Quan hệ quốc tế
43016,DNT,quan-he-quoc-te,D01,Điểm thi THPT,2022,22.0,Quan hệ quốc tế
43017,DNT,quan-he-quoc-te,D14,Điểm thi THPT,2022,22.0,Quan hệ quốc tế
43018,DNT,quan-he-quoc-te,D15,Điểm thi THPT,2022,22.0,Quan hệ quốc tế
43019,DNT,quan-he-quoc-te,A01,Điểm học bạ,2023,25.0,Quan hệ quốc tế
43020,DNT,quan-he-quoc-te,D01,Điểm học bạ,2023,25.0,Quan hệ quốc tế
43021,DNT,quan-he-quoc-te,D14,Điểm học bạ,2023,25.0,Quan hệ quốc tế
43022,DNT,quan-he-quoc-te,D15,Điểm học bạ,2023,25.0,Quan hệ quốc tế
43023,DNT,quan-he-quoc-te,A01,Điểm thi THPT,2023,20.0,Quạn hệ quốc tế
43024,DNT,quan-he-quoc-te,D01,Điểm thi THPT,2023,20.0,Quạn hệ quốc tế
43025,DNT,quan-he-quoc-te,D14,Điểm thi THPT,2023,20.0,Quạn hệ quốc tế
43026,DNT,quan-he-quoc-te,D15,Điểm thi THPT,2023,20.0,Quạn hệ quốc tế
43027,DNT,quan-he-quoc-te,A01,Điểm học bạ,2024,24.75,Quan hệ quốc tế
43028,DNT,quan-he-quoc-te,D01,Điểm học bạ,2024,24.75,Quan hệ quốc tế
43029,DNT,quan-he-quoc-te,D14,Điểm học bạ,2024,24.75,Quan hệ quốc tế
43030,DNT,quan-he-quoc-te,D15,Điểm học bạ,2024,24.75,Quan hệ quốc tế
43031,DNT,quan-he-quoc-te,A01,Điểm thi THPT,2024,20.0,Quan hệ quốc tế
43032,DNT,quan-he-quoc-te,D01,Điểm thi THPT,2024,20.0,Quan hệ quốc tế
43033,DNT,quan-he-quoc-te,D14,Điểm thi THPT,2024,20.0,Quan hệ quốc tế
43034,DNT,quan-he-quoc-te,D15,Điểm thi THPT,2024,20.0,Quan hệ quốc tế
43035,DNT,quan-he-quoc-te,D01,Điểm học bạ,2025,18.0,Quan hệ quốc tế
43036,DNT,quan-he-quoc-te,D09,Điểm học bạ,2025,18.0,Quan hệ quốc tế
43037,DNT,quan-he-quoc-te,D10,Điểm học bạ,2025,18.0,Quan hệ quốc tế
43038,DNT,quan-he-quoc-te,D14,Điểm học bạ,2025,18.0,Quan hệ quốc tế
43039,DNT,quan-he-quoc-te,D15,Điểm học bạ,2025,18.0,Quan hệ quốc tế
43040,DNT,quan-he-quoc-te,D66,Điểm học bạ,2025,18.0,Quan hệ quốc tế
43041,DNT,quan-he-quoc-te,D84,Điểm học bạ,2025,18.0,Quan hệ quốc tế
43042,DNT,quan-he-quoc-te,D01,Điểm thi THPT,2025,15.0,Quan hệ quốc tế
43043,DNT,quan-he-quoc-te,D09,Điểm thi THPT,2025,15.0,Quan hệ quốc tế
43044,DNT,quan-he-quoc-te,D10,Điểm thi THPT,2025,15.0,Quan hệ quốc tế
43045,DNT,quan-he-quoc-te,D14,Điểm thi THPT,2025,15.0,Quan hệ quốc tế
43046,DNT,quan-he-quoc-te,D15,Điểm thi THPT,2025,15.0,Quan hệ quốc tế
43047,DNT,quan-he-quoc-te,D66,Điểm thi THPT,2025,15.0,Quan hệ quốc tế
43048,DNT,quan-he-quoc-te,D84,Điểm thi THPT,2025,15.0,Quan hệ quốc tế
43049,DNT,quan-tri-dich-vu-du-lich-va-lu-hanh,A01,Điểm học bạ,2022,25.0,Quản trị dịch vụ du lịch và lữ hành
43050,DNT,quan-tri-dich-vu-du-lich-va-lu-hanh,D01,Điểm học bạ,2022,25.0,Quản trị dịch vụ du lịch và lữ hành
43051,DNT,quan-tri-dich-vu-du-lich-va-lu-hanh,D14,Điểm học bạ,2022,25.0,Quản trị dịch vụ du lịch và lữ hành
43052,DNT,quan-tri-dich-vu-du-lich-va-lu-hanh,D15,Điểm học bạ,2022,25.0,Quản trị dịch vụ du lịch và lữ hành
43053,DNT,quan-tri-dich-vu-du-lich-va-lu-hanh,A01,Điểm thi THPT,2022,20.0,Quản trị dịch vụ du lịch và lữ hành
43054,DNT,quan-tri-dich-vu-du-lich-va-lu-hanh,D01,Điểm thi THPT,2022,20.0,Quản trị dịch vụ du lịch và lữ hành
43055,DNT,quan-tri-dich-vu-du-lich-va-lu-hanh,D14,Điểm thi THPT,2022,20.0,Quản trị dịch vụ du lịch và lữ hành
43056,DNT,quan-tri-dich-vu-du-lich-va-lu-hanh,D15,Điểm thi THPT,2022,20.0,Quản trị dịch vụ du lịch và lữ hành
43057,DNT,quan-tri-dich-vu-du-lich-va-lu-hanh,A01,Điểm học bạ,2023,24.5,Quản trị dịch vụ du lịch và lữ hành
43058,DNT,quan-tri-dich-vu-du-lich-va-lu-hanh,D01,Điểm học bạ,2023,24.5,Quản trị dịch vụ du lịch và lữ hành
43059,DNT,quan-tri-dich-vu-du-lich-va-lu-hanh,D14,Điểm học bạ,2023,24.5,Quản trị dịch vụ du lịch và lữ hành
43060,DNT,quan-tri-dich-vu-du-lich-va-lu-hanh,D15,Điểm học bạ,2023,24.5,Quản trị dịch vụ du lịch và lữ hành
43061,DNT,quan-tri-dich-vu-du-lich-va-lu-hanh,A01,Điểm thi THPT,2023,20.0,Quản trị dịch vụ du lịch và lữ hành
43062,DNT,quan-tri-dich-vu-du-lich-va-lu-hanh,D01,Điểm thi THPT,2023,20.0,Quản trị dịch vụ du lịch và lữ hành
43063,DNT,quan-tri-dich-vu-du-lich-va-lu-hanh,D14,Điểm thi THPT,2023,20.0,Quản trị dịch vụ du lịch và lữ hành
43064,DNT,quan-tri-dich-vu-du-lich-va-lu-hanh,D15,Điểm thi THPT,2023,20.0,Quản trị dịch vụ du lịch và lữ hành
43065,DNT,quan-tri-dich-vu-du-lich-va-lu-hanh,A01,Điểm học bạ,2024,24.0,Quản trị dịch vụ du lịch và lữ hành
43066,DNT,quan-tri-dich-vu-du-lich-va-lu-hanh,D01,Điểm học bạ,2024,24.0,Quản trị dịch vụ du lịch và lữ hành
43067,DNT,quan-tri-dich-vu-du-lich-va-lu-hanh,D14,Điểm học bạ,2024,24.0,Quản trị dịch vụ du lịch và lữ hành
43068,DNT,quan-tri-dich-vu-du-lich-va-lu-hanh,D15,Điểm học bạ,2024,24.0,Quản trị dịch vụ du lịch và lữ hành
43069,DNT,quan-tri-dich-vu-du-lich-va-lu-hanh,A01,Điểm thi THPT,2024,20.0,Quản trị dịch vụ du lịch và lữ hành
43070,DNT,quan-tri-dich-vu-du-lich-va-lu-hanh,D01,Điểm thi THPT,2024,20.0,Quản trị dịch vụ du lịch và lữ hành
43071,DNT,quan-tri-dich-vu-du-lich-va-lu-hanh,D14,Điểm thi THPT,2024,20.0,Quản trị dịch vụ du lịch và lữ hành
43072,DNT,quan-tri-dich-vu-du-lich-va-lu-hanh,D15,Điểm thi THPT,2024,20.0,Quản trị dịch vụ du lịch và lữ hành
43073,DNT,quan-tri-dich-vu-du-lich-va-lu-hanh,D01,Điểm học bạ,2025,18.0,Quản trị dịch vụ du lịch và lữ hành
43074,DNT,quan-tri-dich-vu-du-lich-va-lu-hanh,D08,Điểm học bạ,2025,18.0,Quản trị dịch vụ du lịch và lữ hành
43075,DNT,quan-tri-dich-vu-du-lich-va-lu-hanh,D14,Điểm học bạ,2025,18.0,Quản trị dịch vụ du lịch và lữ hành
43076,DNT,quan-tri-dich-vu-du-lich-va-lu-hanh,D15,Điểm học bạ,2025,18.0,Quản trị dịch vụ du lịch và lữ hành
43077,DNT,quan-tri-dich-vu-du-lich-va-lu-hanh,D66,Điểm học bạ,2025,18.0,Quản trị dịch vụ du lịch và lữ hành
43078,DNT,quan-tri-dich-vu-du-lich-va-lu-hanh,D01,Điểm thi THPT,2025,15.0,Quản trị dịch vụ du lịch và lữ hành
43079,DNT,quan-tri-dich-vu-du-lich-va-lu-hanh,D08,Điểm thi THPT,2025,15.0,Quản trị dịch vụ du lịch và lữ hành
43080,DNT,quan-tri-dich-vu-du-lich-va-lu-hanh,D14,Điểm thi THPT,2025,15.0,Quản trị dịch vụ du lịch và lữ hành
43081,DNT,quan-tri-dich-vu-du-lich-va-lu-hanh,D15,Điểm thi THPT,2025,15.0,Quản trị dịch vụ du lịch và lữ hành
43082,DNT,quan-tri-dich-vu-du-lich-va-lu-hanh,D66,Điểm thi THPT,2025,15.0,Quản trị dịch vụ du lịch và lữ hành
43083,DNT,quan-tri-dv-dl-va-lu-hanh,A01,Điểm học bạ,2021,25.0,Quản trị DV DL và lữ hành
43084,DNT,quan-tri-dv-dl-va-lu-hanh,D01,Điểm học bạ,2021,25.0,Quản trị DV DL và lữ hành
43085,DNT,quan-tri-dv-dl-va-lu-hanh,D14,Điểm học bạ,2021,25.0,Quản trị DV DL và lữ hành
43086,DNT,quan-tri-dv-dl-va-lu-hanh,D15,Điểm học bạ,2021,25.0,Quản trị DV DL và lữ hành
43087,DNT,quan-tri-dv-dl-va-lu-hanh,A01,Điểm thi THPT,2021,21.0,Quản trị DV DL và lữ hành
43088,DNT,quan-tri-dv-dl-va-lu-hanh,D01,Điểm thi THPT,2021,21.0,Quản trị DV DL và lữ hành
43089,DNT,quan-tri-dv-dl-va-lu-hanh,D14,Điểm thi THPT,2021,21.0,Quản trị DV DL và lữ hành
43090,DNT,quan-tri-dv-dl-va-lu-hanh,D15,Điểm thi THPT,2021,21.0,Quản trị DV DL và lữ hành
43091,DNT,quan-tri-khach-san,A01,Điểm học bạ,2021,25.0,Quản trị khách sạn
43092,DNT,quan-tri-khach-san,D01,Điểm học bạ,2021,25.0,Quản trị khách sạn
43093,DNT,quan-tri-khach-san,D14,Điểm học bạ,2021,25.0,Quản trị khách sạn
43094,DNT,quan-tri-khach-san,D15,Điểm học bạ,2021,25.0,Quản trị khách sạn
43095,DNT,quan-tri-khach-san,A01,Điểm thi THPT,2021,21.0,Quản trị khách sạn
43096,DNT,quan-tri-khach-san,D01,Điểm thi THPT,2021,21.0,Quản trị khách sạn
43097,DNT,quan-tri-khach-san,D14,Điểm thi THPT,2021,21.0,Quản trị khách sạn
43098,DNT,quan-tri-khach-san,D15,Điểm thi THPT,2021,21.0,Quản trị khách sạn
43099,DNT,quan-tri-khach-san,A01,Điểm học bạ,2022,25.0,Quản trị khách sạn
43100,DNT,quan-tri-khach-san,D01,Điểm học bạ,2022,25.0,Quản trị khách sạn
43101,DNT,quan-tri-khach-san,D14,Điểm học bạ,2022,25.0,Quản trị khách sạn
43102,DNT,quan-tri-khach-san,D15,Điểm học bạ,2022,25.0,Quản trị khách sạn
43103,DNT,quan-tri-khach-san,A01,Điểm thi THPT,2022,20.0,Quản trị khách sạn
43104,DNT,quan-tri-khach-san,D01,Điểm thi THPT,2022,20.0,Quản trị khách sạn
43105,DNT,quan-tri-khach-san,D14,Điểm thi THPT,2022,20.0,Quản trị khách sạn
43106,DNT,quan-tri-khach-san,D15,Điểm thi THPT,2022,20.0,Quản trị khách sạn
43107,DNT,quan-tri-khach-san,A01,Điểm học bạ,2023,24.5,Quản trị khách sạn
43108,DNT,quan-tri-khach-san,D01,Điểm học bạ,2023,24.5,Quản trị khách sạn
43109,DNT,quan-tri-khach-san,D14,Điểm học bạ,2023,24.5,Quản trị khách sạn
43110,DNT,quan-tri-khach-san,D15,Điểm học bạ,2023,24.5,Quản trị khách sạn
43111,DNT,quan-tri-khach-san,A01,Điểm thi THPT,2023,20.0,Quản trị khách sạn
43112,DNT,quan-tri-khach-san,D01,Điểm thi THPT,2023,20.0,Quản trị khách sạn
43113,DNT,quan-tri-khach-san,D14,Điểm thi THPT,2023,20.0,Quản trị khách sạn
43114,DNT,quan-tri-khach-san,D15,Điểm thi THPT,2023,20.0,Quản trị khách sạn
43115,DNT,quan-tri-khach-san,A01,Điểm học bạ,2024,24.0,Quản trị khách sạn
43116,DNT,quan-tri-khach-san,D01,Điểm học bạ,2024,24.0,Quản trị khách sạn
43117,DNT,quan-tri-khach-san,D14,Điểm học bạ,2024,24.0,Quản trị khách sạn
43118,DNT,quan-tri-khach-san,D15,Điểm học bạ,2024,24.0,Quản trị khách sạn
43119,DNT,quan-tri-khach-san,A01,Điểm thi THPT,2024,20.0,Quản trị khách sạn
43120,DNT,quan-tri-khach-san,D01,Điểm thi THPT,2024,20.0,Quản trị khách sạn
43121,DNT,quan-tri-khach-san,D14,Điểm thi THPT,2024,20.0,Quản trị khách sạn
43122,DNT,quan-tri-khach-san,D15,Điểm thi THPT,2024,20.0,Quản trị khách sạn
43123,DNT,quan-tri-khach-san,D01,Điểm học bạ,2025,18.0,Quản trị khách sạn
43124,DNT,quan-tri-khach-san,D08,Điểm học bạ,2025,18.0,Quản trị khách sạn
43125,DNT,quan-tri-khach-san,D14,Điểm học bạ,2025,18.0,Quản trị khách sạn
43126,DNT,quan-tri-khach-san,D15,Điểm học bạ,2025,18.0,Quản trị khách sạn
43127,DNT,quan-tri-khach-san,D66,Điểm học bạ,2025,18.0,Quản trị khách sạn
43128,DNT,quan-tri-khach-san,D01,Điểm thi THPT,2025,15.0,Quản trị khách sạn
43129,DNT,quan-tri-khach-san,D08,Điểm thi THPT,2025,15.0,Quản trị khách sạn
43130,DNT,quan-tri-khach-san,D14,Điểm thi THPT,2025,15.0,Quản trị khách sạn
43131,DNT,quan-tri-khach-san,D15,Điểm thi THPT,2025,15.0,Quản trị khách sạn
43132,DNT,quan-tri-khach-san,D66,Điểm thi THPT,2025,15.0,Quản trị khách sạn
43133,DNT,quan-tri-kinh-doanh,A01,Điểm học bạ,2021,26.0,Quản trị kinh doanh
43134,DNT,quan-tri-kinh-doanh,D01,Điểm học bạ,2021,26.0,Quản trị kinh doanh
43135,DNT,quan-tri-kinh-doanh,D07,Điểm học bạ,2021,26.0,Quản trị kinh doanh
43136,DNT,quan-tri-kinh-doanh,D11,Điểm học bạ,2021,26.0,Quản trị kinh doanh
43137,DNT,quan-tri-kinh-doanh,A01,Điểm thi THPT,2021,29.0,Quản trị kinh doanh
43138,DNT,quan-tri-kinh-doanh,D01,Điểm thi THPT,2021,29.0,Quản trị kinh doanh
43139,DNT,quan-tri-kinh-doanh,D07,Điểm thi THPT,2021,29.0,Quản trị kinh doanh
43140,DNT,quan-tri-kinh-doanh,D11,Điểm thi THPT,2021,29.0,Quản trị kinh doanh
43141,DNT,quan-tri-kinh-doanh,A01,Điểm học bạ,2022,26.0,Quản trị kinh doanh
43142,DNT,quan-tri-kinh-doanh,D01,Điểm học bạ,2022,26.0,Quản trị kinh doanh
43143,DNT,quan-tri-kinh-doanh,D07,Điểm học bạ,2022,26.0,Quản trị kinh doanh
43144,DNT,quan-tri-kinh-doanh,D11,Điểm học bạ,2022,26.0,Quản trị kinh doanh
43145,DNT,quan-tri-kinh-doanh,A01,Điểm thi THPT,2022,22.0,Quản trị kinh doanh
43146,DNT,quan-tri-kinh-doanh,D01,Điểm thi THPT,2022,22.0,Quản trị kinh doanh
43147,DNT,quan-tri-kinh-doanh,D07,Điểm thi THPT,2022,22.0,Quản trị kinh doanh
43148,DNT,quan-tri-kinh-doanh,D11,Điểm thi THPT,2022,22.0,Quản trị kinh doanh
43149,DNT,quan-tri-kinh-doanh,A01,Điểm học bạ,2023,25.25,Quản trị kinh doanh
43150,DNT,quan-tri-kinh-doanh,D01,Điểm học bạ,2023,25.25,Quản trị kinh doanh
43151,DNT,quan-tri-kinh-doanh,D07,Điểm học bạ,2023,25.25,Quản trị kinh doanh
43152,DNT,quan-tri-kinh-doanh,D11,Điểm học bạ,2023,25.25,Quản trị kinh doanh
43153,DNT,quan-tri-kinh-doanh,A01,Điểm thi THPT,2023,20.0,Quản trị kinh doanh
43154,DNT,quan-tri-kinh-doanh,D01,Điểm thi THPT,2023,20.0,Quản trị kinh doanh
43155,DNT,quan-tri-kinh-doanh,D07,Điểm thi THPT,2023,20.0,Quản trị kinh doanh
43156,DNT,quan-tri-kinh-doanh,D11,Điểm thi THPT,2023,20.0,Quản trị kinh doanh
43157,DNT,quan-tri-kinh-doanh,A01,Điểm học bạ,2024,24.75,Quản trị kinh doanh
43158,DNT,quan-tri-kinh-doanh,D01,Điểm học bạ,2024,24.75,Quản trị kinh doanh
43159,DNT,quan-tri-kinh-doanh,D07,Điểm học bạ,2024,24.75,Quản trị kinh doanh
43160,DNT,quan-tri-kinh-doanh,D11,Điểm học bạ,2024,24.75,Quản trị kinh doanh
43161,DNT,quan-tri-kinh-doanh,A01,Điểm thi THPT,2024,20.0,Quản trị kinh doanh
43162,DNT,quan-tri-kinh-doanh,D01,Điểm thi THPT,2024,20.0,Quản trị kinh doanh
43163,DNT,quan-tri-kinh-doanh,D07,Điểm thi THPT,2024,20.0,Quản trị kinh doanh
43164,DNT,quan-tri-kinh-doanh,D11,Điểm thi THPT,2024,20.0,Quản trị kinh doanh
43165,DNT,quan-tri-kinh-doanh,A01,Điểm học bạ,2025,18.0,Quản trị kinh doanh
43166,DNT,quan-tri-kinh-doanh,D01,Điểm học bạ,2025,18.0,Quản trị kinh doanh
43167,DNT,quan-tri-kinh-doanh,D07,Điểm học bạ,2025,18.0,Quản trị kinh doanh
43168,DNT,quan-tri-kinh-doanh,D08,Điểm học bạ,2025,18.0,Quản trị kinh doanh
43169,DNT,quan-tri-kinh-doanh,D10,Điểm học bạ,2025,18.0,Quản trị kinh doanh
43170,DNT,quan-tri-kinh-doanh,D14,Điểm học bạ,2025,18.0,Quản trị kinh doanh
43171,DNT,quan-tri-kinh-doanh,D84,Điểm học bạ,2025,18.0,Quản trị kinh doanh
43172,DNT,quan-tri-kinh-doanh,D90,Điểm học bạ,2025,18.0,Quản trị kinh doanh
43173,DNT,quan-tri-kinh-doanh,A01,Điểm thi THPT,2025,15.0,Quản trị kinh doanh
43174,DNT,quan-tri-kinh-doanh,D01,Điểm thi THPT,2025,15.0,Quản trị kinh doanh
43175,DNT,quan-tri-kinh-doanh,D07,Điểm thi THPT,2025,15.0,Quản trị kinh doanh
43176,DNT,quan-tri-kinh-doanh,D08,Điểm thi THPT,2025,15.0,Quản trị kinh doanh
43177,DNT,quan-tri-kinh-doanh,D10,Điểm thi THPT,2025,15.0,Quản trị kinh doanh
43178,DNT,quan-tri-kinh-doanh,D14,Điểm thi THPT,2025,15.0,Quản trị kinh doanh
43179,DNT,quan-tri-kinh-doanh,D84,Điểm thi THPT,2025,15.0,Quản trị kinh doanh
43180,DNT,quan-tri-kinh-doanh,D90,Điểm thi THPT,2025,15.0,Quản trị kinh doanh
43181,DNT,tai-chinh-ngan-hang,A01,Điểm học bạ,2021,18.5,Tài chính – Ngân hàng
43182,DNT,tai-chinh-ngan-hang,D01,Điểm học bạ,2021,18.5,Tài chính – Ngân hàng
43183,DNT,tai-chinh-ngan-hang,D07,Điểm học bạ,2021,18.5,Tài chính – Ngân hàng
43184,DNT,tai-chinh-ngan-hang,D11,Điểm học bạ,2021,18.5,Tài chính – Ngân hàng
43185,DNT,tai-chinh-ngan-hang,A01,Điểm thi THPT,2021,19.0,Tài chính – Ngân hàng
43186,DNT,tai-chinh-ngan-hang,D01,Điểm thi THPT,2021,19.0,Tài chính – Ngân hàng
43187,DNT,tai-chinh-ngan-hang,D07,Điểm thi THPT,2021,19.0,Tài chính – Ngân hàng
43188,DNT,tai-chinh-ngan-hang,D11,Điểm thi THPT,2021,19.0,Tài chính – Ngân hàng
43189,DNT,tai-chinh-ngan-hang,A01,Điểm học bạ,2022,18.5,Tài chính - Ngân hàng
43190,DNT,tai-chinh-ngan-hang,D01,Điểm học bạ,2022,18.5,Tài chính - Ngân hàng
43191,DNT,tai-chinh-ngan-hang,D07,Điểm học bạ,2022,18.5,Tài chính - Ngân hàng
43192,DNT,tai-chinh-ngan-hang,D11,Điểm học bạ,2022,18.5,Tài chính - Ngân hàng
43193,DNT,tai-chinh-ngan-hang,A01,Điểm thi THPT,2022,19.5,Tài chính - Ngân hàng
43194,DNT,tai-chinh-ngan-hang,D01,Điểm thi THPT,2022,19.5,Tài chính - Ngân hàng
43195,DNT,tai-chinh-ngan-hang,D07,Điểm thi THPT,2022,19.5,Tài chính - Ngân hàng
43196,DNT,tai-chinh-ngan-hang,D11,Điểm thi THPT,2022,19.5,Tài chính - Ngân hàng
43197,DNT,tai-chinh-ngan-hang,A01,Điểm học bạ,2023,18.0,Tài chính - Ngân hàng
43198,DNT,tai-chinh-ngan-hang,D01,Điểm học bạ,2023,18.0,Tài chính - Ngân hàng
43199,DNT,tai-chinh-ngan-hang,D07,Điểm học bạ,2023,18.0,Tài chính - Ngân hàng
43200,DNT,tai-chinh-ngan-hang,D11,Điểm học bạ,2023,18.0,Tài chính - Ngân hàng
43201,DNT,tai-chinh-ngan-hang,A01,Điểm thi THPT,2023,15.0,Tài chính - Ngân hàng
43202,DNT,tai-chinh-ngan-hang,D01,Điểm thi THPT,2023,15.0,Tài chính - Ngân hàng
43203,DNT,tai-chinh-ngan-hang,D07,Điểm thi THPT,2023,15.0,Tài chính - Ngân hàng
43204,DNT,tai-chinh-ngan-hang,D11,Điểm thi THPT,2023,15.0,Tài chính - Ngân hàng
43205,DNT,tai-chinh-ngan-hang,A01,Điểm học bạ,2024,18.25,Tài chính - Ngân hàng
43206,DNT,tai-chinh-ngan-hang,D01,Điểm học bạ,2024,18.25,Tài chính - Ngân hàng
43207,DNT,tai-chinh-ngan-hang,D07,Điểm học bạ,2024,18.25,Tài chính - Ngân hàng
43208,DNT,tai-chinh-ngan-hang,D11,Điểm học bạ,2024,18.25,Tài chính - Ngân hàng
43209,DNT,tai-chinh-ngan-hang,A01,Điểm thi THPT,2024,15.0,Tài chính - Ngân hàng
43210,DNT,tai-chinh-ngan-hang,D01,Điểm thi THPT,2024,15.0,Tài chính - Ngân hàng
43211,DNT,tai-chinh-ngan-hang,D07,Điểm thi THPT,2024,15.0,Tài chính - Ngân hàng
43212,DNT,tai-chinh-ngan-hang,D11,Điểm thi THPT,2024,15.0,Tài chính - Ngân hàng
43213,DNT,tai-chinh-ngan-hang,A01,Điểm học bạ,2025,18.0,Tài chính – ngân hàng
43214,DNT,tai-chinh-ngan-hang,D01,Điểm học bạ,2025,18.0,Tài chính – ngân hàng
43215,DNT,tai-chinh-ngan-hang,D07,Điểm học bạ,2025,18.0,Tài chính – ngân hàng
43216,DNT,tai-chinh-ngan-hang,D08,Điểm học bạ,2025,18.0,Tài chính – ngân hàng
43217,DNT,tai-chinh-ngan-hang,D10,Điểm học bạ,2025,18.0,Tài chính – ngân hàng
43218,DNT,tai-chinh-ngan-hang,D14,Điểm học bạ,2025,18.0,Tài chính – ngân hàng
43219,DNT,tai-chinh-ngan-hang,D84,Điểm học bạ,2025,18.0,Tài chính – ngân hàng
43220,DNT,tai-chinh-ngan-hang,D90,Điểm học bạ,2025,18.0,Tài chính – ngân hàng
43221,DNT,tai-chinh-ngan-hang,A01,Điểm thi THPT,2025,15.0,Tài chính – ngân hàng
43222,DNT,tai-chinh-ngan-hang,D01,Điểm thi THPT,2025,15.0,Tài chính – ngân hàng
43223,DNT,tai-chinh-ngan-hang,D07,Điểm thi THPT,2025,15.0,Tài chính – ngân hàng
43224,DNT,tai-chinh-ngan-hang,D08,Điểm thi THPT,2025,15.0,Tài chính – ngân hàng
43225,DNT,tai-chinh-ngan-hang,D10,Điểm thi THPT,2025,15.0,Tài chính – ngân hàng
43226,DNT,tai-chinh-ngan-hang,D14,Điểm thi THPT,2025,15.0,Tài chính – ngân hàng
43227,DNT,tai-chinh-ngan-hang,D84,Điểm thi THPT,2025,15.0,Tài chính – ngân hàng
43228,DNT,tai-chinh-ngan-hang,D90,Điểm thi THPT,2025,15.0,Tài chính – ngân hàng
43229,DNT,thuong-mai-dien-tu,A00,Điểm học bạ,2023,19.0,Thương mại điện tử
43230,DNT,thuong-mai-dien-tu,A01,Điểm học bạ,2023,19.0,Thương mại điện tử
43231,DNT,thuong-mai-dien-tu,D01,Điểm học bạ,2023,19.0,Thương mại điện tử
43232,DNT,thuong-mai-dien-tu,D07,Điểm học bạ,2023,19.0,Thương mại điện tử
43233,DNT,thuong-mai-dien-tu,A00,Điểm thi THPT,2023,15.0,Thương mại điện tử
43234,DNT,thuong-mai-dien-tu,A01,Điểm thi THPT,2023,15.0,Thương mại điện tử
43235,DNT,thuong-mai-dien-tu,D01,Điểm thi THPT,2023,15.0,Thương mại điện tử
43236,DNT,thuong-mai-dien-tu,D07,Điểm thi THPT,2023,15.0,Thương mại điện tử
43237,DNT,thuong-mai-dien-tu,A00,Điểm học bạ,2024,18.5,Thương mại điện tử
43238,DNT,thuong-mai-dien-tu,A01,Điểm học bạ,2024,18.5,Thương mại điện tử
43239,DNT,thuong-mai-dien-tu,D01,Điểm học bạ,2024,18.5,Thương mại điện tử
43240,DNT,thuong-mai-dien-tu,D07,Điểm học bạ,2024,18.5,Thương mại điện tử
43241,DNT,thuong-mai-dien-tu,A00,Điểm thi THPT,2024,15.0,Thương mại điện tử
43242,DNT,thuong-mai-dien-tu,A01,Điểm thi THPT,2024,15.0,Thương mại điện tử
43243,DNT,thuong-mai-dien-tu,D01,Điểm thi THPT,2024,15.0,Thương mại điện tử
43244,DNT,thuong-mai-dien-tu,D07,Điểm thi THPT,2024,15.0,Thương mại điện tử
43245,DNT,thuong-mai-dien-tu,A00,Điểm học bạ,2025,18.0,Thương mại điện tử
43246,DNT,thuong-mai-dien-tu,A01,Điểm học bạ,2025,18.0,Thương mại điện tử
43247,DNT,thuong-mai-dien-tu,C01,Điểm học bạ,2025,18.0,Thương mại điện tử
43248,DNT,thuong-mai-dien-tu,D01,Điểm học bạ,2025,18.0,Thương mại điện tử
43249,DNT,thuong-mai-dien-tu,D07,Điểm học bạ,2025,18.0,Thương mại điện tử
43250,DNT,thuong-mai-dien-tu,X06,Điểm học bạ,2025,18.0,Thương mại điện tử
43251,DNT,thuong-mai-dien-tu,X26,Điểm học bạ,2025,18.0,Thương mại điện tử
43252,DNT,thuong-mai-dien-tu,X27,Điểm học bạ,2025,18.0,Thương mại điện tử
43253,DNT,thuong-mai-dien-tu,X28,Điểm học bạ,2025,18.0,Thương mại điện tử
43254,DNT,thuong-mai-dien-tu,A00,Điểm thi THPT,2025,15.0,Thương mại điện tử
43255,DNT,thuong-mai-dien-tu,A01,Điểm thi THPT,2025,15.0,Thương mại điện tử
43256,DNT,thuong-mai-dien-tu,C01,Điểm thi THPT,2025,15.0,Thương mại điện tử
43257,DNT,thuong-mai-dien-tu,D01,Điểm thi THPT,2025,15.0,Thương mại điện tử
43258,DNT,thuong-mai-dien-tu,D07,Điểm thi THPT,2025,15.0,Thương mại điện tử
43259,DNT,thuong-mai-dien-tu,X06,Điểm thi THPT,2025,15.0,Thương mại điện tử
43260,DNT,thuong-mai-dien-tu,X26,Điểm thi THPT,2025,15.0,Thương mại điện tử
43261,DNT,thuong-mai-dien-tu,X27,Điểm thi THPT,2025,15.0,Thương mại điện tử
43262,DNT,thuong-mai-dien-tu,X28,Điểm thi THPT,2025,15.0,Thương mại điện tử
43263,DNT,tri-tue-nhan-tao,A00,Điểm học bạ,2024,18.25,Trí tuệ nhân tạo
43264,DNT,tri-tue-nhan-tao,A01,Điểm học bạ,2024,18.25,Trí tuệ nhân tạo
43265,DNT,tri-tue-nhan-tao,D01,Điểm học bạ,2024,18.25,Trí tuệ nhân tạo
43266,DNT,tri-tue-nhan-tao,D07,Điểm học bạ,2024,18.25,Trí tuệ nhân tạo
43267,DNT,tri-tue-nhan-tao,A00,Điểm thi THPT,2024,15.0,Trí tuệ nhân tạo
43268,DNT,tri-tue-nhan-tao,A01,Điểm thi THPT,2024,15.0,Trí tuệ nhân tạo
43269,DNT,tri-tue-nhan-tao,D01,Điểm thi THPT,2024,15.0,Trí tuệ nhân tạo
43270,DNT,tri-tue-nhan-tao,D07,Điểm thi THPT,2024,15.0,Trí tuệ nhân tạo
43271,DNT,tri-tue-nhan-tao,A00,Điểm học bạ,2025,18.0,Trí tuệ nhân tạo
43272,DNT,tri-tue-nhan-tao,A01,Điểm học bạ,2025,18.0,Trí tuệ nhân tạo
43273,DNT,tri-tue-nhan-tao,C01,Điểm học bạ,2025,18.0,Trí tuệ nhân tạo
43274,DNT,tri-tue-nhan-tao,D01,Điểm học bạ,2025,18.0,Trí tuệ nhân tạo
43275,DNT,tri-tue-nhan-tao,D07,Điểm học bạ,2025,18.0,Trí tuệ nhân tạo
43276,DNT,tri-tue-nhan-tao,X06,Điểm học bạ,2025,18.0,Trí tuệ nhân tạo
43277,DNT,tri-tue-nhan-tao,X26,Điểm học bạ,2025,18.0,Trí tuệ nhân tạo
43278,DNT,tri-tue-nhan-tao,X27,Điểm học bạ,2025,18.0,Trí tuệ nhân tạo
43279,DNT,tri-tue-nhan-tao,X28,Điểm học bạ,2025,18.0,Trí tuệ nhân tạo
43280,DNT,tri-tue-nhan-tao,A00,Điểm thi THPT,2025,15.0,Trí tuệ nhân tạo
43281,DNT,tri-tue-nhan-tao,A01,Điểm thi THPT,2025,15.0,Trí tuệ nhân tạo
43282,DNT,tri-tue-nhan-tao,C01,Điểm thi THPT,2025,15.0,Trí tuệ nhân tạo
43283,DNT,tri-tue-nhan-tao,D01,Điểm thi THPT,2025,15.0,Trí tuệ nhân tạo
43284,DNT,tri-tue-nhan-tao,D07,Điểm thi THPT,2025,15.0,Trí tuệ nhân tạo
43285,DNT,tri-tue-nhan-tao,X06,Điểm thi THPT,2025,15.0,Trí tuệ nhân tạo
43286,DNT,tri-tue-nhan-tao,X26,Điểm thi THPT,2025,15.0,Trí tuệ nhân tạo
43287,DNT,tri-tue-nhan-tao,X27,Điểm thi THPT,2025,15.0,Trí tuệ nhân tạo
43288,DNT,tri-tue-nhan-tao,X28,Điểm thi THPT,2025,15.0,Trí tuệ nhân tạo
43289,DNT,truyen-thong-da-phuong-tien,D01,Điểm học bạ,2025,20.0,Truyền thông đa phương tiện
43290,DNT,truyen-thong-da-phuong-tien,D09,Điểm học bạ,2025,20.0,Truyền thông đa phương tiện
43291,DNT,truyen-thong-da-phuong-tien,D10,Điểm học bạ,2025,20.0,Truyền thông đa phương tiện
43292,DNT,truyen-thong-da-phuong-tien,D14,Điểm học bạ,2025,20.0,Truyền thông đa phương tiện
43293,DNT,truyen-thong-da-phuong-tien,D15,Điểm học bạ,2025,20.0,Truyền thông đa phương tiện
43294,DNT,truyen-thong-da-phuong-tien,D66,Điểm học bạ,2025,20.0,Truyền thông đa phương tiện
43295,DNT,truyen-thong-da-phuong-tien,D84,Điểm học bạ,2025,20.0,Truyền thông đa phương tiện
43296,DNT,truyen-thong-da-phuong-tien,D01,Điểm thi THPT,2025,17.0,Truyền thông đa phương tiện
43297,DNT,truyen-thong-da-phuong-tien,D09,Điểm thi THPT,2025,17.0,Truyền thông đa phương tiện
43298,DNT,truyen-thong-da-phuong-tien,D10,Điểm thi THPT,2025,17.0,Truyền thông đa phương tiện
43299,DNT,truyen-thong-da-phuong-tien,D14,Điểm thi THPT,2025,17.0,Truyền thông đa phương tiện
43300,DNT,truyen-thong-da-phuong-tien,D15,Điểm thi THPT,2025,17.0,Truyền thông đa phương tiện
43301,DNT,truyen-thong-da-phuong-tien,D66,Điểm thi THPT,2025,17.0,Truyền thông đa phương tiện
43302,DNT,truyen-thong-da-phuong-tien,D84,Điểm thi THPT,2025,17.0,Truyền thông đa phương tiện
43303,DNU,cong-nghe-ky-thuat-den-dien-tu,A00,Điểm học bạ,2023,15.0,"Công nghệ kỹ thuật đện, điện tử"
43304,DNU,cong-nghe-ky-thuat-den-dien-tu,A01,Điểm học bạ,2023,15.0,"Công nghệ kỹ thuật đện, điện tử"
43305,DNU,cong-nghe-ky-thuat-den-dien-tu,D01,Điểm học bạ,2023,15.0,"Công nghệ kỹ thuật đện, điện tử"
43306,DNU,cong-nghe-ky-thuat-den-dien-tu,D90,Điểm học bạ,2023,15.0,"Công nghệ kỹ thuật đện, điện tử"
43307,DNU,cong-nghe-ky-thuat-den-dien-tu,A00,Điểm thi THPT,2023,15.0,"Công nghệ kỹ thuật đện, điện tử"
43308,DNU,cong-nghe-ky-thuat-den-dien-tu,A01,Điểm thi THPT,2023,15.0,"Công nghệ kỹ thuật đện, điện tử"
43309,DNU,cong-nghe-ky-thuat-den-dien-tu,D01,Điểm thi THPT,2023,15.0,"Công nghệ kỹ thuật đện, điện tử"
43310,DNU,cong-nghe-ky-thuat-den-dien-tu,D90,Điểm thi THPT,2023,15.0,"Công nghệ kỹ thuật đện, điện tử"
43311,DNU,cong-nghe-ky-thuat-dien-dien-tu,A00,Điểm học bạ,2024,20.35,"Công nghệ kỹ thuật điện, điện tử"
43312,DNU,cong-nghe-ky-thuat-dien-dien-tu,A01,Điểm học bạ,2024,20.35,"Công nghệ kỹ thuật điện, điện tử"
43313,DNU,cong-nghe-ky-thuat-dien-dien-tu,D01,Điểm học bạ,2024,20.35,"Công nghệ kỹ thuật điện, điện tử"
43314,DNU,cong-nghe-ky-thuat-dien-dien-tu,D90,Điểm học bạ,2024,20.35,"Công nghệ kỹ thuật điện, điện tử"
43315,DNU,cong-nghe-ky-thuat-dien-dien-tu,A00,Điểm thi THPT,2024,17.0,"Công nghệ kỹ thuật điện, điện tử"
43316,DNU,cong-nghe-ky-thuat-dien-dien-tu,A01,Điểm thi THPT,2024,17.0,"Công nghệ kỹ thuật điện, điện tử"
43317,DNU,cong-nghe-ky-thuat-dien-dien-tu,D01,Điểm thi THPT,2024,17.0,"Công nghệ kỹ thuật điện, điện tử"
43318,DNU,cong-nghe-ky-thuat-dien-dien-tu,D90,Điểm thi THPT,2024,17.0,"Công nghệ kỹ thuật điện, điện tử"
43319,DNU,cong-nghe-ky-thuat-dien-dien-tu,A00,Điểm học bạ,2025,22.0,"Công nghệ kỹ thuật điện, điện tử"
43320,DNU,cong-nghe-ky-thuat-dien-dien-tu,A01,Điểm học bạ,2025,22.0,"Công nghệ kỹ thuật điện, điện tử"
43321,DNU,cong-nghe-ky-thuat-dien-dien-tu,D01,Điểm học bạ,2025,22.0,"Công nghệ kỹ thuật điện, điện tử"
43322,DNU,cong-nghe-ky-thuat-dien-dien-tu,D07,Điểm học bạ,2025,22.0,"Công nghệ kỹ thuật điện, điện tử"
43323,DNU,cong-nghe-ky-thuat-dien-dien-tu,X05,Điểm học bạ,2025,22.0,"Công nghệ kỹ thuật điện, điện tử"
43324,DNU,cong-nghe-ky-thuat-dien-dien-tu,A00,Điểm thi THPT,2025,22.0,"Công nghệ kỹ thuật điện, điện tử"
43325,DNU,cong-nghe-ky-thuat-dien-dien-tu,A01,Điểm thi THPT,2025,22.0,"Công nghệ kỹ thuật điện, điện tử"
43326,DNU,cong-nghe-ky-thuat-dien-dien-tu,D01,Điểm thi THPT,2025,22.0,"Công nghệ kỹ thuật điện, điện tử"
43327,DNU,cong-nghe-ky-thuat-dien-dien-tu,D07,Điểm thi THPT,2025,22.0,"Công nghệ kỹ thuật điện, điện tử"
43328,DNU,cong-nghe-ky-thuat-dien-dien-tu,X05,Điểm thi THPT,2025,22.0,"Công nghệ kỹ thuật điện, điện tử"
43329,DNU,giao-duc-mam-non,M01,Điểm thi THPT,2021,19.0,Giáo dục Mầm non
43330,DNU,giao-duc-mam-non,M09,Điểm thi THPT,2021,19.0,Giáo dục Mầm non
43331,DNU,giao-duc-mam-non,M05,Điểm thi THPT,2022,19.0,Giáo dục Mầm non
43332,DNU,giao-duc-mam-non,M07,Điểm thi THPT,2022,19.0,Giáo dục Mầm non
43333,DNU,giao-duc-mam-non,M08,Điểm thi THPT,2022,19.0,Giáo dục Mầm non
43334,DNU,giao-duc-mam-non,M09,Điểm thi THPT,2022,19.0,Giáo dục Mầm non
43335,DNU,giao-duc-mam-non,M05,Điểm học bạ,2023,17.0,Giáo dục mầm non (Cao đẳng)
43336,DNU,giao-duc-mam-non,M07,Điểm học bạ,2023,17.0,Giáo dục mầm non (Cao đẳng)
43337,DNU,giao-duc-mam-non,M08,Điểm học bạ,2023,17.0,Giáo dục mầm non (Cao đẳng)
43338,DNU,giao-duc-mam-non,M13,Điểm học bạ,2023,17.0,Giáo dục mầm non (Cao đẳng)
43339,DNU,giao-duc-mam-non,M05,Điểm thi THPT,2023,17.0,Giáo dục mầm non (Cao đẳng)
43340,DNU,giao-duc-mam-non,M07,Điểm thi THPT,2023,17.0,Giáo dục mầm non (Cao đẳng)
43341,DNU,giao-duc-mam-non,M08,Điểm thi THPT,2023,17.0,Giáo dục mầm non (Cao đẳng)
43342,DNU,giao-duc-mam-non,M13,Điểm thi THPT,2023,17.0,Giáo dục mầm non (Cao đẳng)
43343,DNU,giao-duc-mam-non,M05,Điểm học bạ,2024,24.31,Giáo dục mầm non (Cao đẳng)
43344,DNU,giao-duc-mam-non,M07,Điểm học bạ,2024,24.31,Giáo dục mầm non (Cao đẳng)
43345,DNU,giao-duc-mam-non,M08,Điểm học bạ,2024,24.31,Giáo dục mầm non (Cao đẳng)
43346,DNU,giao-duc-mam-non,M13,Điểm học bạ,2024,24.31,Giáo dục mầm non (Cao đẳng)
43347,DNU,giao-duc-mam-non,M05,Điểm thi THPT,2024,20.5,Giáo dục mầm non (Cao đẳng)
43348,DNU,giao-duc-mam-non,M07,Điểm thi THPT,2024,20.5,Giáo dục mầm non (Cao đẳng)
43349,DNU,giao-duc-mam-non,M08,Điểm thi THPT,2024,20.5,Giáo dục mầm non (Cao đẳng)
43350,DNU,giao-duc-mam-non,M13,Điểm thi THPT,2024,20.5,Giáo dục mầm non (Cao đẳng)
43351,DNU,giao-duc-tieu-hoc,A00,Điểm học bạ,2021,26.0,Giáo dục Tiểu học
43352,DNU,giao-duc-tieu-hoc,A01,Điểm học bạ,2021,26.0,Giáo dục Tiểu học
43353,DNU,giao-duc-tieu-hoc,C00,Điểm học bạ,2021,26.0,Giáo dục Tiểu học
43354,DNU,giao-duc-tieu-hoc,D01,Điểm học bạ,2021,26.0,Giáo dục Tiểu học
43355,DNU,giao-duc-tieu-hoc,A00,Điểm thi THPT,2021,20.0,Giáo dục Tiểu học
43356,DNU,giao-duc-tieu-hoc,A01,Điểm thi THPT,2021,20.0,Giáo dục Tiểu học
43357,DNU,giao-duc-tieu-hoc,C00,Điểm thi THPT,2021,20.0,Giáo dục Tiểu học
43358,DNU,giao-duc-tieu-hoc,D01,Điểm thi THPT,2021,20.0,Giáo dục Tiểu học
43359,DNU,giao-duc-tieu-hoc,A00,Điểm thi THPT,2022,23.0,Giáo dục Tiểu học
43360,DNU,giao-duc-tieu-hoc,A01,Điểm thi THPT,2022,23.0,Giáo dục Tiểu học
43361,DNU,giao-duc-tieu-hoc,C00,Điểm thi THPT,2022,23.0,Giáo dục Tiểu học
43362,DNU,giao-duc-tieu-hoc,D01,Điểm thi THPT,2022,23.0,Giáo dục Tiểu học
43363,DNU,giao-duc-tieu-hoc,A00,Điểm học bạ,2023,26.42,Giáo dục Tiểu học
43364,DNU,giao-duc-tieu-hoc,A01,Điểm học bạ,2023,26.42,Giáo dục Tiểu học
43365,DNU,giao-duc-tieu-hoc,C00,Điểm học bạ,2023,26.42,Giáo dục Tiểu học
43366,DNU,giao-duc-tieu-hoc,D01,Điểm học bạ,2023,26.42,Giáo dục Tiểu học
43367,DNU,giao-duc-tieu-hoc,A00,Điểm thi THPT,2023,22.25,Giáo dục Tiểu học
43368,DNU,giao-duc-tieu-hoc,A01,Điểm thi THPT,2023,22.25,Giáo dục Tiểu học
43369,DNU,giao-duc-tieu-hoc,C00,Điểm thi THPT,2023,22.25,Giáo dục Tiểu học
43370,DNU,giao-duc-tieu-hoc,D01,Điểm thi THPT,2023,22.25,Giáo dục Tiểu học
43371,DNU,giao-duc-tieu-hoc,A00,Điểm thi THPT,2024,24.25,Giáo dục Tiểu học
43372,DNU,giao-duc-tieu-hoc,A01,Điểm thi THPT,2024,24.25,Giáo dục Tiểu học
43373,DNU,giao-duc-tieu-hoc,C00,Điểm thi THPT,2024,24.25,Giáo dục Tiểu học
43374,DNU,giao-duc-tieu-hoc,D01,Điểm thi THPT,2024,24.25,Giáo dục Tiểu học
43375,DNU,giao-duc-tieu-hoc,A00,Điểm thi THPT,2025,23.1,Giáo dục Tiểu học
43376,DNU,giao-duc-tieu-hoc,A01,Điểm thi THPT,2025,23.1,Giáo dục Tiểu học
43377,DNU,giao-duc-tieu-hoc,C03,Điểm thi THPT,2025,23.1,Giáo dục Tiểu học
43378,DNU,giao-duc-tieu-hoc,C04,Điểm thi THPT,2025,23.1,Giáo dục Tiểu học
43379,DNU,giao-duc-tieu-hoc,D01,Điểm thi THPT,2025,23.1,Giáo dục Tiểu học
43380,DNU,ke-toan,A00,Điểm thi THPT,2022,15.0,Kế toán
43381,DNU,ke-toan,A01,Điểm thi THPT,2022,15.0,Kế toán
43382,DNU,ke-toan,D01,Điểm thi THPT,2022,15.0,Kế toán
43383,DNU,ke-toan,A00,Điểm học bạ,2023,24.49,Kế toán
43384,DNU,ke-toan,A01,Điểm học bạ,2023,24.49,Kế toán
43385,DNU,ke-toan,D01,Điểm học bạ,2023,24.49,Kế toán
43386,DNU,ke-toan,A00,Điểm thi THPT,2023,19.25,Kế toán
43387,DNU,ke-toan,A01,Điểm thi THPT,2023,19.25,Kế toán
43388,DNU,ke-toan,D01,Điểm thi THPT,2023,19.25,Kế toán
43389,DNU,ke-toan,A00,Điểm thi THPT,2024,19.75,Kế toán
43390,DNU,ke-toan,A01,Điểm thi THPT,2024,19.75,Kế toán
43391,DNU,ke-toan,D01,Điểm thi THPT,2024,19.75,Kế toán
43392,DNU,ke-toan,A00,Điểm thi THPT,2025,16.0,Kế toán
43393,DNU,ke-toan,A01,Điểm thi THPT,2025,16.0,Kế toán
43394,DNU,ke-toan,D01,Điểm thi THPT,2025,16.0,Kế toán
43395,DNU,ke-toan,X01,Điểm thi THPT,2025,16.0,Kế toán
43396,DNU,ke-toan,X05,Điểm thi THPT,2025,16.0,Kế toán
43397,DNU,ky-thuat-co-khi,A00,Điểm học bạ,2023,15.0,Kỹ thuật cơ khí
43398,DNU,ky-thuat-co-khi,A01,Điểm học bạ,2023,15.0,Kỹ thuật cơ khí
43399,DNU,ky-thuat-co-khi,D01,Điểm học bạ,2023,15.0,Kỹ thuật cơ khí
43400,DNU,ky-thuat-co-khi,D90,Điểm học bạ,2023,15.0,Kỹ thuật cơ khí
43401,DNU,ky-thuat-co-khi,A00,Điểm thi THPT,2023,15.0,Kỹ thuật cơ khí
43402,DNU,ky-thuat-co-khi,A01,Điểm thi THPT,2023,15.0,Kỹ thuật cơ khí
43403,DNU,ky-thuat-co-khi,D01,Điểm thi THPT,2023,15.0,Kỹ thuật cơ khí
43404,DNU,ky-thuat-co-khi,D90,Điểm thi THPT,2023,15.0,Kỹ thuật cơ khí
43405,DNU,ky-thuat-co-khi,A00,Điểm học bạ,2024,17.05,Kỹ thuật cơ khí
43406,DNU,ky-thuat-co-khi,A01,Điểm học bạ,2024,17.05,Kỹ thuật cơ khí
43407,DNU,ky-thuat-co-khi,D01,Điểm học bạ,2024,17.05,Kỹ thuật cơ khí
43408,DNU,ky-thuat-co-khi,D90,Điểm học bạ,2024,17.05,Kỹ thuật cơ khí
43409,DNU,ky-thuat-co-khi,A00,Điểm thi THPT,2024,17.0,Kỹ thuật cơ khí
43410,DNU,ky-thuat-co-khi,A01,Điểm thi THPT,2024,17.0,Kỹ thuật cơ khí
43411,DNU,ky-thuat-co-khi,D01,Điểm thi THPT,2024,17.0,Kỹ thuật cơ khí
43412,DNU,ky-thuat-co-khi,D90,Điểm thi THPT,2024,17.0,Kỹ thuật cơ khí
43413,DNU,ky-thuat-co-khi,A00,Điểm học bạ,2025,18.0,Kỹ thuật cơ khí
43414,DNU,ky-thuat-co-khi,A01,Điểm học bạ,2025,18.0,Kỹ thuật cơ khí
43415,DNU,ky-thuat-co-khi,D01,Điểm học bạ,2025,18.0,Kỹ thuật cơ khí
43416,DNU,ky-thuat-co-khi,D07,Điểm học bạ,2025,18.0,Kỹ thuật cơ khí
43417,DNU,ky-thuat-co-khi,X05,Điểm học bạ,2025,18.0,Kỹ thuật cơ khí
43418,DNU,ky-thuat-co-khi,A00,Điểm thi THPT,2025,18.0,Kỹ thuật cơ khí
43419,DNU,ky-thuat-co-khi,A01,Điểm thi THPT,2025,18.0,Kỹ thuật cơ khí
43420,DNU,ky-thuat-co-khi,D01,Điểm thi THPT,2025,18.0,Kỹ thuật cơ khí
43421,DNU,ky-thuat-co-khi,D07,Điểm thi THPT,2025,18.0,Kỹ thuật cơ khí
43422,DNU,ky-thuat-co-khi,X05,Điểm thi THPT,2025,18.0,Kỹ thuật cơ khí
43423,DNU,ngon-ngu-anh,A01,Điểm học bạ,2021,25.5,Ngôn ngữ Anh
43424,DNU,ngon-ngu-anh,D01,Điểm học bạ,2021,25.5,Ngôn ngữ Anh
43425,DNU,ngon-ngu-anh,A01,Điểm thi THPT,2021,22.0,Ngôn ngữ Anh
43426,DNU,ngon-ngu-anh,D01,Điểm thi THPT,2021,22.0,Ngôn ngữ Anh
43427,DNU,ngon-ngu-anh,A01,Điểm thi THPT,2022,21.5,Ngôn ngữ Anh
43428,DNU,ngon-ngu-anh,D01,Điểm thi THPT,2022,21.5,Ngôn ngữ Anh
43429,DNU,ngon-ngu-anh,A01,Điểm thi THPT,2023,21.75,Ngôn ngữ Anh
43430,DNU,ngon-ngu-anh,D01,Điểm thi THPT,2023,21.75,Ngôn ngữ Anh
43431,DNU,ngon-ngu-anh,A01,Điểm thi THPT,2024,22.75,Ngôn ngữ Anh
43432,DNU,ngon-ngu-anh,D01,Điểm thi THPT,2024,22.75,Ngôn ngữ Anh
43433,DNU,ngon-ngu-anh,A01,Điểm thi THPT,2025,18.6,Ngôn ngữ Anh
43434,DNU,ngon-ngu-anh,D01,Điểm thi THPT,2025,18.6,Ngôn ngữ Anh
43435,DNU,ngon-ngu-anh,D14,Điểm thi THPT,2025,18.6,Ngôn ngữ Anh
43436,DNU,ngon-ngu-anh,D15,Điểm thi THPT,2025,18.6,Ngôn ngữ Anh
43437,DNU,quan-tri-kinh-doanh,A00,Điểm học bạ,2021,25.5,Quản trị kinh doanh
43438,DNU,quan-tri-kinh-doanh,A01,Điểm học bạ,2021,25.5,Quản trị kinh doanh
43439,DNU,quan-tri-kinh-doanh,D01,Điểm học bạ,2021,25.5,Quản trị kinh doanh
43440,DNU,quan-tri-kinh-doanh,A00,Điểm thi THPT,2021,20.5,Quản trị kinh doanh
43441,DNU,quan-tri-kinh-doanh,A01,Điểm thi THPT,2021,20.5,Quản trị kinh doanh
43442,DNU,quan-tri-kinh-doanh,D01,Điểm thi THPT,2021,20.5,Quản trị kinh doanh
43443,DNU,quan-tri-kinh-doanh,A00,Điểm thi THPT,2022,17.5,Quản trị kinh doanh
43444,DNU,quan-tri-kinh-doanh,A01,Điểm thi THPT,2022,17.5,Quản trị kinh doanh
43445,DNU,quan-tri-kinh-doanh,D01,Điểm thi THPT,2022,17.5,Quản trị kinh doanh
43446,DNU,quan-tri-kinh-doanh,A00,Điểm học bạ,2023,24.59,Quản trị kinh doanh
43447,DNU,quan-tri-kinh-doanh,A01,Điểm học bạ,2023,24.59,Quản trị kinh doanh
43448,DNU,quan-tri-kinh-doanh,D01,Điểm học bạ,2023,24.59,Quản trị kinh doanh
43449,DNU,quan-tri-kinh-doanh,A00,Điểm thi THPT,2023,19.75,Quản trị kinh doanh
43450,DNU,quan-tri-kinh-doanh,A01,Điểm thi THPT,2023,19.75,Quản trị kinh doanh
43451,DNU,quan-tri-kinh-doanh,D01,Điểm thi THPT,2023,19.75,Quản trị kinh doanh
43452,DNU,quan-tri-kinh-doanh,A00,Điểm thi THPT,2024,18.5,Quản trị kinh doanh
43453,DNU,quan-tri-kinh-doanh,A01,Điểm thi THPT,2024,18.5,Quản trị kinh doanh
43454,DNU,quan-tri-kinh-doanh,D01,Điểm thi THPT,2024,18.5,Quản trị kinh doanh
43455,DNU,quan-tri-kinh-doanh,A00,Điểm thi THPT,2025,16.0,Quản trị kinh doanh
43456,DNU,quan-tri-kinh-doanh,A01,Điểm thi THPT,2025,16.0,Quản trị kinh doanh
43457,DNU,quan-tri-kinh-doanh,D01,Điểm thi THPT,2025,16.0,Quản trị kinh doanh
43458,DNU,quan-tri-kinh-doanh,X01,Điểm thi THPT,2025,16.0,Quản trị kinh doanh
43459,DNU,quan-tri-kinh-doanh,X05,Điểm thi THPT,2025,16.0,Quản trị kinh doanh
43460,DNU,su-pham-hoa-hoc,A00,Điểm học bạ,2021,21.0,Sư phạm Hoá học
43461,DNU,su-pham-hoa-hoc,B00,Điểm học bạ,2021,21.0,Sư phạm Hoá học
43462,DNU,su-pham-hoa-hoc,D07,Điểm học bạ,2021,21.0,Sư phạm Hoá học
43463,DNU,su-pham-hoa-hoc,A00,Điểm thi THPT,2021,21.0,Sư phạm Hoá học
43464,DNU,su-pham-hoa-hoc,B00,Điểm thi THPT,2021,21.0,Sư phạm Hoá học
43465,DNU,su-pham-hoa-hoc,D07,Điểm thi THPT,2021,21.0,Sư phạm Hoá học
43466,DNU,su-pham-lich-su,C00,Điểm học bạ,2021,21.0,Sư phạm Lịch sử
43467,DNU,su-pham-lich-su,C03,Điểm học bạ,2021,21.0,Sư phạm Lịch sử
43468,DNU,su-pham-lich-su,C19,Điểm học bạ,2021,21.0,Sư phạm Lịch sử
43469,DNU,su-pham-lich-su,D14,Điểm học bạ,2021,21.0,Sư phạm Lịch sử
43470,DNU,su-pham-lich-su,C00,Điểm thi THPT,2021,19.0,Sư phạm Lịch sử
43471,DNU,su-pham-lich-su,C03,Điểm thi THPT,2021,19.0,Sư phạm Lịch sử
43472,DNU,su-pham-lich-su,C19,Điểm thi THPT,2021,19.0,Sư phạm Lịch sử
43473,DNU,su-pham-lich-su,D14,Điểm thi THPT,2021,19.0,Sư phạm Lịch sử
43474,DNU,su-pham-lich-su,C00,Điểm thi THPT,2022,22.75,Sư phạm Lịch sử
43475,DNU,su-pham-lich-su,C03,Điểm thi THPT,2022,22.75,Sư phạm Lịch sử
43476,DNU,su-pham-lich-su,C19,Điểm thi THPT,2022,22.75,Sư phạm Lịch sử
43477,DNU,su-pham-lich-su,D14,Điểm thi THPT,2022,22.75,Sư phạm Lịch sử
43478,DNU,su-pham-ngu-van,C00,Điểm học bạ,2021,24.5,Sư phạm Ngữ văn
43479,DNU,su-pham-ngu-van,D01,Điểm học bạ,2021,24.5,Sư phạm Ngữ văn
43480,DNU,su-pham-ngu-van,D14,Điểm học bạ,2021,24.5,Sư phạm Ngữ văn
43481,DNU,su-pham-ngu-van,C00,Điểm thi THPT,2021,21.0,Sư phạm Ngữ văn
43482,DNU,su-pham-ngu-van,D01,Điểm thi THPT,2021,21.0,Sư phạm Ngữ văn
43483,DNU,su-pham-ngu-van,D14,Điểm thi THPT,2021,21.0,Sư phạm Ngữ văn
43484,DNU,su-pham-ngu-van,C00,Điểm thi THPT,2022,23.0,Sư phạm Ngữ văn
43485,DNU,su-pham-ngu-van,D01,Điểm thi THPT,2022,23.0,Sư phạm Ngữ văn
43486,DNU,su-pham-ngu-van,D14,Điểm thi THPT,2022,23.0,Sư phạm Ngữ văn
43487,DNU,su-pham-ngu-van,C00,Điểm thi THPT,2023,23.5,Sư phạm Ngữ văn
43488,DNU,su-pham-ngu-van,D01,Điểm thi THPT,2023,23.5,Sư phạm Ngữ văn
43489,DNU,su-pham-ngu-van,D14,Điểm thi THPT,2023,23.5,Sư phạm Ngữ văn
43490,DNU,su-pham-ngu-van,C00,Điểm thi THPT,2024,25.5,Sư phạm Ngữ văn
43491,DNU,su-pham-ngu-van,D01,Điểm thi THPT,2024,25.5,Sư phạm Ngữ văn
43492,DNU,su-pham-ngu-van,D14,Điểm thi THPT,2024,25.5,Sư phạm Ngữ văn
43493,DNU,su-pham-ngu-van,C00,Điểm thi THPT,2025,26.51,Sư phạm Ngữ văn
43494,DNU,su-pham-ngu-van,D01,Điểm thi THPT,2025,26.51,Sư phạm Ngữ văn
43495,DNU,su-pham-ngu-van,D14,Điểm thi THPT,2025,26.51,Sư phạm Ngữ văn
43496,DNU,su-pham-ngu-van,D15,Điểm thi THPT,2025,26.51,Sư phạm Ngữ văn
43497,DNU,su-pham-tieng-anh,A01,Điểm học bạ,2021,26.5,Sư phạm Tiếng Anh
43498,DNU,su-pham-tieng-anh,D01,Điểm học bạ,2021,26.5,Sư phạm Tiếng Anh
43499,DNU,su-pham-tieng-anh,A01,Điểm thi THPT,2021,22.5,Sư phạm Tiếng Anh
43500,DNU,su-pham-tieng-anh,D01,Điểm thi THPT,2021,22.5,Sư phạm Tiếng Anh
43501,DNU,su-pham-tieng-anh,A01,Điểm thi THPT,2023,24.25,Sư phạm Tiếng Anh
43502,DNU,su-pham-tieng-anh,D01,Điểm thi THPT,2023,24.25,Sư phạm Tiếng Anh
43503,DNU,su-pham-tieng-anh,A01,Điểm thi THPT,2024,24.75,Sư phạm Tiếng Anh
43504,DNU,su-pham-tieng-anh,D01,Điểm thi THPT,2024,24.75,Sư phạm Tiếng Anh
43505,DNU,su-pham-tieng-anh,A01,Điểm thi THPT,2025,24.49,Sư phạm Tiếng Anh
43506,DNU,su-pham-tieng-anh,D01,Điểm thi THPT,2025,24.49,Sư phạm Tiếng Anh
43507,DNU,su-pham-tieng-anh,D14,Điểm thi THPT,2025,24.49,Sư phạm Tiếng Anh
43508,DNU,su-pham-tieng-anh,D15,Điểm thi THPT,2025,24.49,Sư phạm Tiếng Anh
43509,DNU,su-pham-toan-hoc,A00,Điểm học bạ,2021,26.0,Sư phạm Toán học
43510,DNU,su-pham-toan-hoc,A01,Điểm học bạ,2021,26.0,Sư phạm Toán học
43511,DNU,su-pham-toan-hoc,A00,Điểm thi THPT,2021,21.5,Sư phạm Toán học
43512,DNU,su-pham-toan-hoc,A01,Điểm thi THPT,2021,21.5,Sư phạm Toán học
43513,DNU,su-pham-toan-hoc,A00,Điểm thi THPT,2022,24.25,Sư phạm Toán học
43514,DNU,su-pham-toan-hoc,A01,Điểm thi THPT,2022,24.25,Sư phạm Toán học
43515,DNU,su-pham-toan-hoc,D07,Điểm thi THPT,2022,24.25,Sư phạm Toán học
43516,DNU,su-pham-toan-hoc,D90,Điểm thi THPT,2022,24.25,Sư phạm Toán học
43517,DNU,su-pham-toan-hoc,A00,Điểm thi THPT,2023,24.75,Sư phạm Toán học
43518,DNU,su-pham-toan-hoc,A01,Điểm thi THPT,2023,24.75,Sư phạm Toán học
43519,DNU,su-pham-toan-hoc,D07,Điểm thi THPT,2023,24.75,Sư phạm Toán học
43520,DNU,su-pham-toan-hoc,D90,Điểm thi THPT,2023,24.75,Sư phạm Toán học
43521,DNU,su-pham-toan-hoc,A00,Điểm thi THPT,2024,25.25,Sư phạm Toán học
43522,DNU,su-pham-toan-hoc,A01,Điểm thi THPT,2024,25.25,Sư phạm Toán học
43523,DNU,su-pham-toan-hoc,D07,Điểm thi THPT,2024,25.25,Sư phạm Toán học
43524,DNU,su-pham-toan-hoc,D90,Điểm thi THPT,2024,25.25,Sư phạm Toán học
43525,DNU,su-pham-toan-hoc,A00,Điểm thi THPT,2025,25.41,Sư phạm Toán học
43526,DNU,su-pham-toan-hoc,A01,Điểm thi THPT,2025,25.41,Sư phạm Toán học
43527,DNU,su-pham-toan-hoc,C01,Điểm thi THPT,2025,25.41,Sư phạm Toán học
43528,DNU,su-pham-toan-hoc,D01,Điểm thi THPT,2025,25.41,Sư phạm Toán học
43529,DNU,su-pham-toan-hoc,D07,Điểm thi THPT,2025,25.41,Sư phạm Toán học
43530,DNU,su-pham-vat-ly,A00,Điểm học bạ,2021,21.0,Sư phạm Vật lý
43531,DNU,su-pham-vat-ly,A01,Điểm học bạ,2021,21.0,Sư phạm Vật lý
43532,DNU,su-pham-vat-ly,A02,Điểm học bạ,2021,21.0,Sư phạm Vật lý
43533,DNU,su-pham-vat-ly,C01,Điểm học bạ,2021,21.0,Sư phạm Vật lý
43534,DNU,su-pham-vat-ly,A00,Điểm thi THPT,2021,19.0,Sư phạm Vật lý
43535,DNU,su-pham-vat-ly,A01,Điểm thi THPT,2021,19.0,Sư phạm Vật lý
43536,DNU,su-pham-vat-ly,A02,Điểm thi THPT,2021,19.0,Sư phạm Vật lý
43537,DNU,su-pham-vat-ly,C01,Điểm thi THPT,2021,19.0,Sư phạm Vật lý
43538,DNU,su-pham-vat-ly,A00,Điểm thi THPT,2022,22.0,Sư phạm Vật lý
43539,DNU,su-pham-vat-ly,A01,Điểm thi THPT,2022,22.0,Sư phạm Vật lý
43540,DNU,su-pham-vat-ly,A02,Điểm thi THPT,2022,22.0,Sư phạm Vật lý
43541,DNU,su-pham-vat-ly,C01,Điểm thi THPT,2022,22.0,Sư phạm Vật lý
43542,DNV,bien-phien-dich-thuoc-nganh-ngon-ngu-anh-chuyen-nganh-tieng-anh-du-lich-thuoc-nganh-ngon-ngu-anh,D01,Điểm thi THPT,2021,22.5,"Ngôn ngữ Anh, chuyên ngành Biên - phiên dịch thuộc ngành Ngôn ngữ Anh chuyên ngành Tiếng Anh du lịch thuộc ngành Ngôn ngữ Anh"
43543,DNV,bien-phien-dich-thuoc-nganh-ngon-ngu-anh-chuyen-nganh-tieng-anh-du-lich-thuoc-nganh-ngon-ngu-anh,D14,Điểm thi THPT,2021,22.5,"Ngôn ngữ Anh, chuyên ngành Biên - phiên dịch thuộc ngành Ngôn ngữ Anh chuyên ngành Tiếng Anh du lịch thuộc ngành Ngôn ngữ Anh"
43544,DNV,bien-phien-dich-thuoc-nganh-ngon-ngu-anh-chuyen-nganh-tieng-anh-du-lich-thuoc-nganh-ngon-ngu-anh,D15,Điểm thi THPT,2021,22.5,"Ngôn ngữ Anh, chuyên ngành Biên - phiên dịch thuộc ngành Ngôn ngữ Anh chuyên ngành Tiếng Anh du lịch thuộc ngành Ngôn ngữ Anh"
43545,DNV,bien-phien-dich-thuoc-nganh-ngon-ngu-anh-chuyen-nganh-tieng-anh-du-lich-thuoc-nganh-ngon-ngu-anh,D01,Điểm học bạ,2022,26.75,"Ngôn ngữ Anh, chuyên ngành Biên - phiên dịch thuộc ngành Ngôn ngữ Anh chuyên ngành Tiếng Anh du lịch thuộc ngành Ngôn ngữ Anh"
43546,DNV,bien-phien-dich-thuoc-nganh-ngon-ngu-anh-chuyen-nganh-tieng-anh-du-lich-thuoc-nganh-ngon-ngu-anh,D14,Điểm học bạ,2022,26.75,"Ngôn ngữ Anh, chuyên ngành Biên - phiên dịch thuộc ngành Ngôn ngữ Anh chuyên ngành Tiếng Anh du lịch thuộc ngành Ngôn ngữ Anh"
43547,DNV,bien-phien-dich-thuoc-nganh-ngon-ngu-anh-chuyen-nganh-tieng-anh-du-lich-thuoc-nganh-ngon-ngu-anh,D15,Điểm học bạ,2022,26.75,"Ngôn ngữ Anh, chuyên ngành Biên - phiên dịch thuộc ngành Ngôn ngữ Anh chuyên ngành Tiếng Anh du lịch thuộc ngành Ngôn ngữ Anh"
43548,DNV,bien-phien-dich-thuoc-nganh-ngon-ngu-anh-chuyen-nganh-tieng-anh-du-lich-thuoc-nganh-ngon-ngu-anh,D01,Điểm thi THPT,2022,23.75,"Ngôn ngữ Anh, chuyên ngành Biên - phiên dịch thuộc ngành Ngôn ngữ Anh chuyên ngành Tiếng Anh du lịch thuộc ngành Ngôn ngữ Anh"
43549,DNV,bien-phien-dich-thuoc-nganh-ngon-ngu-anh-chuyen-nganh-tieng-anh-du-lich-thuoc-nganh-ngon-ngu-anh,D14,Điểm thi THPT,2022,23.75,"Ngôn ngữ Anh, chuyên ngành Biên - phiên dịch thuộc ngành Ngôn ngữ Anh chuyên ngành Tiếng Anh du lịch thuộc ngành Ngôn ngữ Anh"
43550,DNV,bien-phien-dich-thuoc-nganh-ngon-ngu-anh-chuyen-nganh-tieng-anh-du-lich-thuoc-nganh-ngon-ngu-anh,D15,Điểm thi THPT,2022,23.75,"Ngôn ngữ Anh, chuyên ngành Biên - phiên dịch thuộc ngành Ngôn ngữ Anh chuyên ngành Tiếng Anh du lịch thuộc ngành Ngôn ngữ Anh"
43551,DNV,chinh-sach-cong,C00,Điểm thi THPT,2021,17.5,Chính trị học (Chuyên ngành Chính sách công)
43552,DNV,chinh-sach-cong,C14,Điểm thi THPT,2021,18.5,Chính trị học (Chuyên ngành Chính sách công)
43553,DNV,chinh-sach-cong,C20,Điểm thi THPT,2021,18.5,Chính trị học (Chuyên ngành Chính sách công)
43554,DNV,chinh-sach-cong,D01,Điểm thi THPT,2021,15.5,Chính trị học (Chuyên ngành Chính sách công)
43555,DNV,chinh-sach-cong,C00,Điểm học bạ,2022,24.0,Chính trị học (Chuyên ngành Chính sách công)
43556,DNV,chinh-sach-cong,C14,Điểm học bạ,2022,25.0,Chính trị học (Chuyên ngành Chính sách công)
43557,DNV,chinh-sach-cong,C20,Điểm học bạ,2022,25.0,Chính trị học (Chuyên ngành Chính sách công)
43558,DNV,chinh-sach-cong,D01,Điểm học bạ,2022,22.0,Chính trị học (Chuyên ngành Chính sách công)
43559,DNV,chinh-sach-cong,C00,Điểm thi THPT,2022,17.0,Chính trị học (Chuyên ngành Chính sách công)
43560,DNV,chinh-sach-cong,C14,Điểm thi THPT,2022,18.0,Chính trị học (Chuyên ngành Chính sách công)
43561,DNV,chinh-sach-cong,C20,Điểm thi THPT,2022,18.0,Chính trị học (Chuyên ngành Chính sách công)
43562,DNV,chinh-sach-cong,D01,Điểm thi THPT,2022,15.0,Chính trị học (Chuyên ngành Chính sách công)
43563,DNV,he-thong-thong-tin,A00,Điểm thi THPT,2021,15.0,Hệ thông thông tin
43564,DNV,he-thong-thong-tin,A01,Điểm thi THPT,2021,15.0,Hệ thông thông tin
43565,DNV,he-thong-thong-tin,D01,Điểm thi THPT,2021,15.0,Hệ thông thông tin
43566,DNV,he-thong-thong-tin,D10,Điểm thi THPT,2021,15.0,Hệ thông thông tin
43567,DNV,he-thong-thong-tin-thuong-mai-dien-tu,A00,Điểm học bạ,2022,22.5,Hệ thông thông tin (Chuyên ngành Hệ thống thông tin thương mại điện tử)
43568,DNV,he-thong-thong-tin-thuong-mai-dien-tu,A01,Điểm học bạ,2022,22.5,Hệ thông thông tin (Chuyên ngành Hệ thống thông tin thương mại điện tử)
43569,DNV,he-thong-thong-tin-thuong-mai-dien-tu,D01,Điểm học bạ,2022,22.5,Hệ thông thông tin (Chuyên ngành Hệ thống thông tin thương mại điện tử)
43570,DNV,he-thong-thong-tin-thuong-mai-dien-tu,D10,Điểm học bạ,2022,22.5,Hệ thông thông tin (Chuyên ngành Hệ thống thông tin thương mại điện tử)
43571,DNV,he-thong-thong-tin-thuong-mai-dien-tu,A00,Điểm thi THPT,2022,19.75,Hệ thông thông tin (Chuyên ngành Hệ thống thông tin thương mại điện tử)
43572,DNV,he-thong-thong-tin-thuong-mai-dien-tu,A01,Điểm thi THPT,2022,19.75,Hệ thông thông tin (Chuyên ngành Hệ thống thông tin thương mại điện tử)
43573,DNV,he-thong-thong-tin-thuong-mai-dien-tu,D01,Điểm thi THPT,2022,19.75,Hệ thông thông tin (Chuyên ngành Hệ thống thông tin thương mại điện tử)
43574,DNV,he-thong-thong-tin-thuong-mai-dien-tu,D10,Điểm thi THPT,2022,19.75,Hệ thông thông tin (Chuyên ngành Hệ thống thông tin thương mại điện tử)
43575,DNV,kinh-te,A00,Điểm thi THPT,2021,20.5,Kinh tế
43576,DNV,kinh-te,A01,Điểm thi THPT,2021,20.5,Kinh tế
43577,DNV,kinh-te,A07,Điểm thi THPT,2021,20.5,Kinh tế
43578,DNV,kinh-te,D01,Điểm thi THPT,2021,20.5,Kinh tế
43579,DNV,kinh-te,A00,Điểm học bạ,2022,27.5,Kinh tế
43580,DNV,kinh-te,A01,Điểm học bạ,2022,27.5,Kinh tế
43581,DNV,kinh-te,A07,Điểm học bạ,2022,27.5,Kinh tế
43582,DNV,kinh-te,D01,Điểm học bạ,2022,27.5,Kinh tế
43583,DNV,kinh-te,A00,Điểm thi THPT,2022,23.5,Kinh tế
43584,DNV,kinh-te,A01,Điểm thi THPT,2022,23.5,Kinh tế
43585,DNV,kinh-te,A07,Điểm thi THPT,2022,23.5,Kinh tế
43586,DNV,kinh-te,D01,Điểm thi THPT,2022,23.5,Kinh tế
43587,DNV,quan-ly-di-san-van-hoa-va-phat-trien-du-lich,C00,Điểm thi THPT,2021,19.0,Quản lý văn hóa (Chuyên ngành Quản lý di sản văn hóa và phát triển du lịch)
43588,DNV,quan-ly-di-san-van-hoa-va-phat-trien-du-lich,C20,Điểm thi THPT,2021,20.0,Quản lý văn hóa (Chuyên ngành Quản lý di sản văn hóa và phát triển du lịch)
43589,DNV,quan-ly-di-san-van-hoa-va-phat-trien-du-lich,D01,Điểm thi THPT,2021,17.0,Quản lý văn hóa (Chuyên ngành Quản lý di sản văn hóa và phát triển du lịch)
43590,DNV,quan-ly-di-san-van-hoa-va-phat-trien-du-lich,D15,Điểm thi THPT,2021,17.0,Quản lý văn hóa (Chuyên ngành Quản lý di sản văn hóa và phát triển du lịch)
43591,DNV,quan-ly-di-san-van-hoa-va-phat-trien-du-lich-thuoc-nganh-quan-li-van-hoa,C00,Điểm học bạ,2022,25.0,Quản lý văn hóa (Chuyên ngành Quản lý di sản văn hóa và phát triển du lịch thuộc ngành Quản lí văn hóa)
43592,DNV,quan-ly-di-san-van-hoa-va-phat-trien-du-lich-thuoc-nganh-quan-li-van-hoa,D01,Điểm học bạ,2022,23.0,Quản lý văn hóa (Chuyên ngành Quản lý di sản văn hóa và phát triển du lịch thuộc ngành Quản lí văn hóa)
43593,DNV,quan-ly-di-san-van-hoa-va-phat-trien-du-lich-thuoc-nganh-quan-li-van-hoa,D14,Điểm học bạ,2022,23.0,Quản lý văn hóa (Chuyên ngành Quản lý di sản văn hóa và phát triển du lịch thuộc ngành Quản lí văn hóa)
43594,DNV,quan-ly-di-san-van-hoa-va-phat-trien-du-lich-thuoc-nganh-quan-li-van-hoa,D15,Điểm học bạ,2022,23.0,Quản lý văn hóa (Chuyên ngành Quản lý di sản văn hóa và phát triển du lịch thuộc ngành Quản lí văn hóa)
43595,DNV,quan-ly-di-san-van-hoa-va-phat-trien-du-lich-thuoc-nganh-quan-li-van-hoa,C00,Điểm thi THPT,2022,18.0,Quản lý văn hóa (Chuyên ngành Quản lý di sản văn hóa và phát triển du lịch thuộc ngành Quản lí văn hóa)
43596,DNV,quan-ly-di-san-van-hoa-va-phat-trien-du-lich-thuoc-nganh-quan-li-van-hoa,D01,Điểm thi THPT,2022,16.0,Quản lý văn hóa (Chuyên ngành Quản lý di sản văn hóa và phát triển du lịch thuộc ngành Quản lí văn hóa)
43597,DNV,quan-ly-di-san-van-hoa-va-phat-trien-du-lich-thuoc-nganh-quan-li-van-hoa,D14,Điểm thi THPT,2022,16.0,Quản lý văn hóa (Chuyên ngành Quản lý di sản văn hóa và phát triển du lịch thuộc ngành Quản lí văn hóa)
43598,DNV,quan-ly-di-san-van-hoa-va-phat-trien-du-lich-thuoc-nganh-quan-li-van-hoa,D15,Điểm thi THPT,2022,16.0,Quản lý văn hóa (Chuyên ngành Quản lý di sản văn hóa và phát triển du lịch thuộc ngành Quản lí văn hóa)
43599,DNV,quan-ly-nha-nuoc,A00,Điểm thi THPT,2021,18.0,Quản lý nhà nước
43600,DNV,quan-ly-nha-nuoc,A01,Điểm thi THPT,2021,21.0,Quản lý nhà nước
43601,DNV,quan-ly-nha-nuoc,C00,Điểm thi THPT,2021,23.0,Quản lý nhà nước
43602,DNV,quan-ly-nha-nuoc,C20,Điểm thi THPT,2021,16.5,Quản lý nhà nước
43603,DNV,quan-ly-nha-nuoc,D01,Điểm thi THPT,2021,21.0,Quản lý nhà nước
43604,DNV,quan-ly-nha-nuoc,D15,Điểm thi THPT,2021,18.0,Quản lý nhà nước
43605,DNV,quan-ly-nha-nuoc,A00,Điểm học bạ,2022,25.0,Quản lý nhà nước
43606,DNV,quan-ly-nha-nuoc,A01,Điểm học bạ,2022,25.75,Quản lý nhà nước
43607,DNV,quan-ly-nha-nuoc,C00,Điểm học bạ,2022,27.75,Quản lý nhà nước
43608,DNV,quan-ly-nha-nuoc,C20,Điểm học bạ,2022,19.0,Quản lý nhà nước
43609,DNV,quan-ly-nha-nuoc,D01,Điểm học bạ,2022,25.75,Quản lý nhà nước
43610,DNV,quan-ly-nha-nuoc,D15,Điểm học bạ,2022,25.75,Quản lý nhà nước
43611,DNV,quan-ly-nha-nuoc,A00,Điểm thi THPT,2022,21.0,Quản lý nhà nước
43612,DNV,quan-ly-nha-nuoc,A01,Điểm thi THPT,2022,21.0,Quản lý nhà nước
43613,DNV,quan-ly-nha-nuoc,C00,Điểm thi THPT,2022,23.0,Quản lý nhà nước
43614,DNV,quan-ly-nha-nuoc,C20,Điểm thi THPT,2022,19.0,Quản lý nhà nước
43615,DNV,quan-ly-nha-nuoc,D01,Điểm thi THPT,2022,21.0,Quản lý nhà nước
43616,DNV,quan-ly-nha-nuoc,D15,Điểm thi THPT,2022,18.0,Quản lý nhà nước
43617,DNV,quan-tri-dich-vu-du-lich-va-lu-hanh,C00,Điểm thi THPT,2021,19.0,Quản trị dịch vụ du lịch và lữ hành
43618,DNV,quan-tri-dich-vu-du-lich-va-lu-hanh,C20,Điểm thi THPT,2021,20.0,Quản trị dịch vụ du lịch và lữ hành
43619,DNV,quan-tri-dich-vu-du-lich-va-lu-hanh,D01,Điểm thi THPT,2021,17.0,Quản trị dịch vụ du lịch và lữ hành
43620,DNV,quan-tri-dich-vu-du-lich-va-lu-hanh,D15,Điểm thi THPT,2021,17.0,Quản trị dịch vụ du lịch và lữ hành
43621,DNV,quan-tri-dich-vu-du-lich-va-lu-hanh,C00,Điểm học bạ,2022,28.0,Quản trị dịch vụ du lịch và lữ hành
43622,DNV,quan-tri-dich-vu-du-lich-va-lu-hanh,D01,Điểm học bạ,2022,26.0,Quản trị dịch vụ du lịch và lữ hành
43623,DNV,quan-tri-dich-vu-du-lich-va-lu-hanh,D14,Điểm học bạ,2022,26.0,Quản trị dịch vụ du lịch và lữ hành
43624,DNV,quan-tri-dich-vu-du-lich-va-lu-hanh,D15,Điểm học bạ,2022,26.0,Quản trị dịch vụ du lịch và lữ hành
43625,DNV,quan-tri-dich-vu-du-lich-va-lu-hanh,C00,Điểm thi THPT,2022,25.25,Quản trị dịch vụ du lịch và lữ hành
43626,DNV,quan-tri-dich-vu-du-lich-va-lu-hanh,D01,Điểm thi THPT,2022,23.25,Quản trị dịch vụ du lịch và lữ hành
43627,DNV,quan-tri-dich-vu-du-lich-va-lu-hanh,D14,Điểm thi THPT,2022,23.25,Quản trị dịch vụ du lịch và lữ hành
43628,DNV,quan-tri-dich-vu-du-lich-va-lu-hanh,D15,Điểm thi THPT,2022,23.25,Quản trị dịch vụ du lịch và lữ hành
43629,DNV,quan-tri-nhan-luc,A00,Điểm thi THPT,2021,24.0,Quản trị nhân lực
43630,DNV,quan-tri-nhan-luc,A01,Điểm thi THPT,2021,24.0,Quản trị nhân lực
43631,DNV,quan-tri-nhan-luc,C00,Điểm thi THPT,2021,28.0,Quản trị nhân lực
43632,DNV,quan-tri-nhan-luc,C20,Điểm thi THPT,2021,16.0,Quản trị nhân lực
43633,DNV,quan-tri-nhan-luc,D01,Điểm thi THPT,2021,24.0,Quản trị nhân lực
43634,DNV,quan-tri-nhan-luc,A00,Điểm học bạ,2022,28.0,Quản trị nhân lực
43635,DNV,quan-tri-nhan-luc,A01,Điểm học bạ,2022,28.0,Quản trị nhân lực
43636,DNV,quan-tri-nhan-luc,C00,Điểm học bạ,2022,22.0,Quản trị nhân lực
43637,DNV,quan-tri-nhan-luc,C20,Điểm học bạ,2022,23.0,Quản trị nhân lực
43638,DNV,quan-tri-nhan-luc,D01,Điểm học bạ,2022,28.0,Quản trị nhân lực
43639,DNV,quan-tri-nhan-luc,A00,Điểm thi THPT,2022,24.0,Quản trị nhân lực
43640,DNV,quan-tri-nhan-luc,A01,Điểm thi THPT,2022,24.0,Quản trị nhân lực
43641,DNV,quan-tri-nhan-luc,C00,Điểm thi THPT,2022,27.0,Quản trị nhân lực
43642,DNV,quan-tri-nhan-luc,C20,Điểm thi THPT,2022,16.0,Quản trị nhân lực
43643,DNV,quan-tri-nhan-luc,D01,Điểm thi THPT,2022,24.0,Quản trị nhân lực
43644,DNV,quan-tri-thong-tin-thuoc-nganh-thong-tin-thu-vien,A01,Điểm thi THPT,2021,15.5,"Thông tin - thư viện, chuyên ngành Quản trị thông tin thuộc ngành thông tin - thư viện"
43645,DNV,quan-tri-thong-tin-thuoc-nganh-thong-tin-thu-vien,C00,Điểm thi THPT,2021,17.5,"Thông tin - thư viện, chuyên ngành Quản trị thông tin thuộc ngành thông tin - thư viện"
43646,DNV,quan-tri-thong-tin-thuoc-nganh-thong-tin-thu-vien,C20,Điểm thi THPT,2021,18.5,"Thông tin - thư viện, chuyên ngành Quản trị thông tin thuộc ngành thông tin - thư viện"
43647,DNV,quan-tri-thong-tin-thuoc-nganh-thong-tin-thu-vien,D01,Điểm thi THPT,2021,15.5,"Thông tin - thư viện, chuyên ngành Quản trị thông tin thuộc ngành thông tin - thư viện"
43648,DNV,quan-tri-thong-tin-thuoc-nganh-thong-tin-thu-vien,A01,Điểm học bạ,2022,21.5,"Thông tin - thư viện, chuyên ngành Quản trị thông tin thuộc ngành thông tin - thư viện"
43649,DNV,quan-tri-thong-tin-thuoc-nganh-thong-tin-thu-vien,C00,Điểm học bạ,2022,23.5,"Thông tin - thư viện, chuyên ngành Quản trị thông tin thuộc ngành thông tin - thư viện"
43650,DNV,quan-tri-thong-tin-thuoc-nganh-thong-tin-thu-vien,C20,Điểm học bạ,2022,24.5,"Thông tin - thư viện, chuyên ngành Quản trị thông tin thuộc ngành thông tin - thư viện"
43651,DNV,quan-tri-thong-tin-thuoc-nganh-thong-tin-thu-vien,D01,Điểm học bạ,2022,21.5,"Thông tin - thư viện, chuyên ngành Quản trị thông tin thuộc ngành thông tin - thư viện"
43652,DNV,quan-tri-thong-tin-thuoc-nganh-thong-tin-thu-vien,A01,Điểm thi THPT,2022,15.0,"Thông tin - thư viện, chuyên ngành Quản trị thông tin thuộc ngành thông tin - thư viện"
43653,DNV,quan-tri-thong-tin-thuoc-nganh-thong-tin-thu-vien,C00,Điểm thi THPT,2022,17.0,"Thông tin - thư viện, chuyên ngành Quản trị thông tin thuộc ngành thông tin - thư viện"
43654,DNV,quan-tri-thong-tin-thuoc-nganh-thong-tin-thu-vien,C20,Điểm thi THPT,2022,18.0,"Thông tin - thư viện, chuyên ngành Quản trị thông tin thuộc ngành thông tin - thư viện"
43655,DNV,quan-tri-thong-tin-thuoc-nganh-thong-tin-thu-vien,D01,Điểm thi THPT,2022,15.0,"Thông tin - thư viện, chuyên ngành Quản trị thông tin thuộc ngành thông tin - thư viện"
43656,DNV,quan-tri-van-phong,A00,Điểm thi THPT,2021,15.0,Quản trị văn phòng
43657,DNV,quan-tri-van-phong,A01,Điểm thi THPT,2021,22.0,Quản trị văn phòng
43658,DNV,quan-tri-van-phong,C00,Điểm thi THPT,2021,25.75,Quản trị văn phòng
43659,DNV,quan-tri-van-phong,C14,Điểm thi THPT,2021,26.75,Quản trị văn phòng
43660,DNV,quan-tri-van-phong,C20,Điểm thi THPT,2021,16.0,Quản trị văn phòng
43661,DNV,quan-tri-van-phong,D01,Điểm thi THPT,2021,23.75,Quản trị văn phòng
43662,DNV,quan-tri-van-phong,D15,Điểm thi THPT,2021,22.0,Quản trị văn phòng
43663,DNV,quan-tri-van-phong,A00,Điểm học bạ,2022,18.0,Quản trị văn phòng
43664,DNV,quan-tri-van-phong,A01,Điểm học bạ,2022,26.75,Quản trị văn phòng
43665,DNV,quan-tri-van-phong,C00,Điểm học bạ,2022,28.75,Quản trị văn phòng
43666,DNV,quan-tri-van-phong,C20,Điểm học bạ,2022,19.0,Quản trị văn phòng
43667,DNV,quan-tri-van-phong,D01,Điểm học bạ,2022,26.75,Quản trị văn phòng
43668,DNV,quan-tri-van-phong,D15,Điểm học bạ,2022,25.0,Quản trị văn phòng
43669,DNV,quan-tri-van-phong,A00,Điểm thi THPT,2022,17.0,Quản trị văn phòng
43670,DNV,quan-tri-van-phong,A01,Điểm thi THPT,2022,23.75,Quản trị văn phòng
43671,DNV,quan-tri-van-phong,C00,Điểm thi THPT,2022,25.75,Quản trị văn phòng
43672,DNV,quan-tri-van-phong,C20,Điểm thi THPT,2022,18.0,Quản trị văn phòng
43673,DNV,quan-tri-van-phong,D01,Điểm thi THPT,2022,23.75,Quản trị văn phòng
43674,DNV,quan-tri-van-phong,D15,Điểm thi THPT,2022,22.25,Quản trị văn phòng
43675,DNV,thanh-tra,A00,Điểm thi THPT,2021,22.0,Luật (Chuyên ngành Thanh tra)
43676,DNV,thanh-tra,A01,Điểm thi THPT,2021,23.5,Luật (Chuyên ngành Thanh tra)
43677,DNV,thanh-tra,C00,Điểm thi THPT,2021,22.0,Luật (Chuyên ngành Thanh tra)
43678,DNV,thanh-tra,C20,Điểm thi THPT,2021,16.0,Luật (Chuyên ngành Thanh tra)
43679,DNV,thanh-tra,D01,Điểm thi THPT,2021,22.0,Luật (Chuyên ngành Thanh tra)
43680,DNV,thanh-tra,A00,Điểm học bạ,2022,27.0,Luật (Chuyên ngành Thanh tra)
43681,DNV,thanh-tra,A01,Điểm học bạ,2022,28.0,Luật (Chuyên ngành Thanh tra)
43682,DNV,thanh-tra,C00,Điểm học bạ,2022,27.0,Luật (Chuyên ngành Thanh tra)
43683,DNV,thanh-tra,C20,Điểm học bạ,2022,23.0,Luật (Chuyên ngành Thanh tra)
43684,DNV,thanh-tra,D01,Điểm học bạ,2022,27.0,Luật (Chuyên ngành Thanh tra)
43685,DNV,thanh-tra,A00,Điểm thi THPT,2022,24.5,Luật (Chuyên ngành Thanh tra)
43686,DNV,thanh-tra,A01,Điểm thi THPT,2022,24.25,Luật (Chuyên ngành Thanh tra)
43687,DNV,thanh-tra,C00,Điểm thi THPT,2022,24.5,Luật (Chuyên ngành Thanh tra)
43688,DNV,thanh-tra,C20,Điểm thi THPT,2022,16.0,Luật (Chuyên ngành Thanh tra)
43689,DNV,thanh-tra,D01,Điểm thi THPT,2022,24.5,Luật (Chuyên ngành Thanh tra)
43690,DNV,van-hoa-du-lich-thuoc-nganh-van-hoa-hoc,C00,Điểm thi THPT,2021,18.0,Chuyên ngành Văn hóa du lịch thuộc ngành Văn hóa học
43691,DNV,van-hoa-du-lich-thuoc-nganh-van-hoa-hoc,C20,Điểm thi THPT,2021,19.0,Chuyên ngành Văn hóa du lịch thuộc ngành Văn hóa học
43692,DNV,van-hoa-du-lich-thuoc-nganh-van-hoa-hoc,D01,Điểm thi THPT,2021,18.0,Chuyên ngành Văn hóa du lịch thuộc ngành Văn hóa học
43693,DNV,van-hoa-du-lich-thuoc-nganh-van-hoa-hoc,D15,Điểm thi THPT,2021,18.0,Chuyên ngành Văn hóa du lịch thuộc ngành Văn hóa học
43694,DNV,van-hoa-du-lich-thuoc-nganh-van-hoa-hoc-chuyen-nganh-van-hoa-truyen-thong-thuoc-nganh-van-hoa-hoc,C00,Điểm thi THPT,2021,19.0,Chuyên ngành Văn hóa du lịch thuộc ngành Văn hóa học chuyên ngành Văn hóa truyền thông thuộc ngành văn hóa học
43695,DNV,van-hoa-du-lich-thuoc-nganh-van-hoa-hoc-chuyen-nganh-van-hoa-truyen-thong-thuoc-nganh-van-hoa-hoc,C20,Điểm thi THPT,2021,20.0,Chuyên ngành Văn hóa du lịch thuộc ngành Văn hóa học chuyên ngành Văn hóa truyền thông thuộc ngành văn hóa học
43696,DNV,van-hoa-du-lich-thuoc-nganh-van-hoa-hoc-chuyen-nganh-van-hoa-truyen-thong-thuoc-nganh-van-hoa-hoc,D01,Điểm thi THPT,2021,17.0,Chuyên ngành Văn hóa du lịch thuộc ngành Văn hóa học chuyên ngành Văn hóa truyền thông thuộc ngành văn hóa học
43697,DNV,van-hoa-du-lich-thuoc-nganh-van-hoa-hoc-chuyen-nganh-van-hoa-truyen-thong-thuoc-nganh-van-hoa-hoc,D15,Điểm thi THPT,2021,17.0,Chuyên ngành Văn hóa du lịch thuộc ngành Văn hóa học chuyên ngành Văn hóa truyền thông thuộc ngành văn hóa học
43698,DNV,van-hoa-du-lich-thuoc-nganh-van-hoa-hoc-chuyen-nganh-van-hoa-truyen-thong-thuoc-nganh-van-hoa-hoc,C00,Điểm học bạ,2022,25.5,Chuyên ngành Văn hóa du lịch thuộc ngành Văn hóa học chuyên ngành Văn hóa truyền thông thuộc ngành văn hóa học
43699,DNV,van-hoa-du-lich-thuoc-nganh-van-hoa-hoc-chuyen-nganh-van-hoa-truyen-thong-thuoc-nganh-van-hoa-hoc,D01,Điểm học bạ,2022,23.5,Chuyên ngành Văn hóa du lịch thuộc ngành Văn hóa học chuyên ngành Văn hóa truyền thông thuộc ngành văn hóa học
43700,DNV,van-hoa-du-lich-thuoc-nganh-van-hoa-hoc-chuyen-nganh-van-hoa-truyen-thong-thuoc-nganh-van-hoa-hoc,D14,Điểm học bạ,2022,23.5,Chuyên ngành Văn hóa du lịch thuộc ngành Văn hóa học chuyên ngành Văn hóa truyền thông thuộc ngành văn hóa học
43701,DNV,van-hoa-du-lich-thuoc-nganh-van-hoa-hoc-chuyen-nganh-van-hoa-truyen-thong-thuoc-nganh-van-hoa-hoc,D15,Điểm học bạ,2022,23.5,Chuyên ngành Văn hóa du lịch thuộc ngành Văn hóa học chuyên ngành Văn hóa truyền thông thuộc ngành văn hóa học
43702,DNV,van-hoa-du-lich-thuoc-nganh-van-hoa-hoc-chuyen-nganh-van-hoa-truyen-thong-thuoc-nganh-van-hoa-hoc,C00,Điểm thi THPT,2022,22.25,Chuyên ngành Văn hóa du lịch thuộc ngành Văn hóa học chuyên ngành Văn hóa truyền thông thuộc ngành văn hóa học
43703,DNV,van-hoa-du-lich-thuoc-nganh-van-hoa-hoc-chuyen-nganh-van-hoa-truyen-thong-thuoc-nganh-van-hoa-hoc,D01,Điểm thi THPT,2022,20.25,Chuyên ngành Văn hóa du lịch thuộc ngành Văn hóa học chuyên ngành Văn hóa truyền thông thuộc ngành văn hóa học
43704,DNV,van-hoa-du-lich-thuoc-nganh-van-hoa-hoc-chuyen-nganh-van-hoa-truyen-thong-thuoc-nganh-van-hoa-hoc,D14,Điểm thi THPT,2022,20.25,Chuyên ngành Văn hóa du lịch thuộc ngành Văn hóa học chuyên ngành Văn hóa truyền thông thuộc ngành văn hóa học
43705,DNV,van-hoa-du-lich-thuoc-nganh-van-hoa-hoc-chuyen-nganh-van-hoa-truyen-thong-thuoc-nganh-van-hoa-hoc,D15,Điểm thi THPT,2022,20.25,Chuyên ngành Văn hóa du lịch thuộc ngành Văn hóa học chuyên ngành Văn hóa truyền thông thuộc ngành văn hóa học
43706,DNV,van-thu-luu-tru,C00,Điểm thi THPT,2021,17.5,Lưu trữ học (Chuyên ngành Văn thư - Lưu trữ)
43707,DNV,van-thu-luu-tru,C19,Điểm thi THPT,2021,18.5,Lưu trữ học (Chuyên ngành Văn thư - Lưu trữ)
43708,DNV,van-thu-luu-tru,C20,Điểm thi THPT,2021,18.5,Lưu trữ học (Chuyên ngành Văn thư - Lưu trữ)
43709,DNV,van-thu-luu-tru,D01,Điểm thi THPT,2021,15.5,Lưu trữ học (Chuyên ngành Văn thư - Lưu trữ)
43710,DNV,van-thu-luu-tru,C00,Điểm học bạ,2022,24.5,Lưu trữ học (Chuyên ngành Văn thư - Lưu trữ)
43711,DNV,van-thu-luu-tru,C19,Điểm học bạ,2022,25.5,Lưu trữ học (Chuyên ngành Văn thư - Lưu trữ)
43712,DNV,van-thu-luu-tru,C20,Điểm học bạ,2022,25.5,Lưu trữ học (Chuyên ngành Văn thư - Lưu trữ)
43713,DNV,van-thu-luu-tru,D01,Điểm học bạ,2022,22.5,Lưu trữ học (Chuyên ngành Văn thư - Lưu trữ)
43714,DNV,van-thu-luu-tru,C00,Điểm thi THPT,2022,17.0,Lưu trữ học (Chuyên ngành Văn thư - Lưu trữ)
43715,DNV,van-thu-luu-tru,C19,Điểm thi THPT,2022,18.0,Lưu trữ học (Chuyên ngành Văn thư - Lưu trữ)
43716,DNV,van-thu-luu-tru,C20,Điểm thi THPT,2022,18.0,Lưu trữ học (Chuyên ngành Văn thư - Lưu trữ)
43717,DNV,van-thu-luu-tru,D01,Điểm thi THPT,2022,15.0,Lưu trữ học (Chuyên ngành Văn thư - Lưu trữ)
43718,DNV,van-thu-luu-tru-thuoc-nganh-luu-tru-hoc,C00,Điểm thi THPT,2021,15.0,Lưu trữ học - Chuyên ngành Văn thư - lưu trữ thuộc ngành Lưu trữ học
43719,DNV,van-thu-luu-tru-thuoc-nganh-luu-tru-hoc,C03,Điểm thi THPT,2021,15.0,Lưu trữ học - Chuyên ngành Văn thư - lưu trữ thuộc ngành Lưu trữ học
43720,DNV,van-thu-luu-tru-thuoc-nganh-luu-tru-hoc,C19,Điểm thi THPT,2021,16.0,Lưu trữ học - Chuyên ngành Văn thư - lưu trữ thuộc ngành Lưu trữ học
43721,DNV,van-thu-luu-tru-thuoc-nganh-luu-tru-hoc,C20,Điểm thi THPT,2021,18.25,Chuyên ngành Văn thư - lưu trữ thuộc ngành Lưu trữ học
43722,DNV,van-thu-luu-tru-thuoc-nganh-luu-tru-hoc,D01,Điểm thi THPT,2021,17.25,Chuyên ngành Văn thư - lưu trữ thuộc ngành Lưu trữ học
43723,DNV,van-thu-luu-tru-thuoc-nganh-luu-tru-hoc,D14,Điểm thi THPT,2021,15.0,Lưu trữ học - Chuyên ngành Văn thư - lưu trữ thuộc ngành Lưu trữ học
43724,DNV,van-thu-luu-tru-thuoc-nganh-luu-tru-hoc,C00,Điểm học bạ,2022,22.0,Lưu trữ học - Chuyên ngành Văn thư - lưu trữ thuộc ngành Lưu trữ học
43725,DNV,van-thu-luu-tru-thuoc-nganh-luu-tru-hoc,C03,Điểm học bạ,2022,22.0,Lưu trữ học - Chuyên ngành Văn thư - lưu trữ thuộc ngành Lưu trữ học
43726,DNV,van-thu-luu-tru-thuoc-nganh-luu-tru-hoc,C19,Điểm học bạ,2022,23.0,Lưu trữ học - Chuyên ngành Văn thư - lưu trữ thuộc ngành Lưu trữ học
43727,DNV,van-thu-luu-tru-thuoc-nganh-luu-tru-hoc,D14,Điểm học bạ,2022,22.0,Lưu trữ học - Chuyên ngành Văn thư - lưu trữ thuộc ngành Lưu trữ học
43728,DNV,van-thu-luu-tru-thuoc-nganh-luu-tru-hoc,C00,Điểm thi THPT,2022,15.0,Lưu trữ học - Chuyên ngành Văn thư - lưu trữ thuộc ngành Lưu trữ học
43729,DNV,van-thu-luu-tru-thuoc-nganh-luu-tru-hoc,C03,Điểm thi THPT,2022,15.0,Lưu trữ học - Chuyên ngành Văn thư - lưu trữ thuộc ngành Lưu trữ học
43730,DNV,van-thu-luu-tru-thuoc-nganh-luu-tru-hoc,C19,Điểm thi THPT,2022,16.0,Lưu trữ học - Chuyên ngành Văn thư - lưu trữ thuộc ngành Lưu trữ học
43731,DNV,van-thu-luu-tru-thuoc-nganh-luu-tru-hoc,D14,Điểm thi THPT,2022,15.0,Lưu trữ học - Chuyên ngành Văn thư - lưu trữ thuộc ngành Lưu trữ học
43732,DNV,xay-dung-dang-va-chinh-quyen-nha-nuoc,A00,Điểm thi THPT,2021,16.0,Xây dựng Đảng và chính quyền nhà nước
43733,DNV,xay-dung-dang-va-chinh-quyen-nha-nuoc,C00,Điểm thi THPT,2021,18.0,Xây dựng Đảng và chính quyền nhà nước
43734,DNV,xay-dung-dang-va-chinh-quyen-nha-nuoc,C19,Điểm thi THPT,2021,19.0,Xây dựng Đảng và chính quyền nhà nước
43735,DNV,xay-dung-dang-va-chinh-quyen-nha-nuoc,C20,Điểm thi THPT,2021,19.0,Xây dựng Đảng và chính quyền nhà nước
43736,DNV,xay-dung-dang-va-chinh-quyen-nha-nuoc,C00,Điểm học bạ,2022,24.5,Xây dựng Đảng và chính quyền nhà nước
43737,DNV,xay-dung-dang-va-chinh-quyen-nha-nuoc,C20,Điểm học bạ,2022,25.5,Xây dựng Đảng và chính quyền nhà nước
43738,DNV,xay-dung-dang-va-chinh-quyen-nha-nuoc,D01,Điểm học bạ,2022,22.5,Xây dựng Đảng và chính quyền nhà nước
43739,DNV,xay-dung-dang-va-chinh-quyen-nha-nuoc,D14,Điểm học bạ,2022,22.5,Xây dựng Đảng và chính quyền nhà nước
43740,DNV,xay-dung-dang-va-chinh-quyen-nha-nuoc,C00,Điểm thi THPT,2022,17.5,Xây dựng Đảng và chính quyền nhà nước
43741,DNV,xay-dung-dang-va-chinh-quyen-nha-nuoc,C19,Điểm thi THPT,2022,18.5,Xây dựng Đảng và chính quyền nhà nước
43742,DNV,xay-dung-dang-va-chinh-quyen-nha-nuoc,C20,Điểm thi THPT,2022,18.5,Xây dựng Đảng và chính quyền nhà nước
43743,DNV,xay-dung-dang-va-chinh-quyen-nha-nuoc,D14,Điểm thi THPT,2022,15.5,Xây dựng Đảng và chính quyền nhà nước
43744,DPC,bac-si-da-khoa,A00,Điểm học bạ,2023,25.0,Bác sĩ đa khoa (Y khoa)
43745,DPC,bac-si-da-khoa,B00,Điểm học bạ,2023,25.0,Bác sĩ đa khoa (Y khoa)
43746,DPC,bac-si-da-khoa,D08,Điểm học bạ,2023,25.0,Bác sĩ đa khoa (Y khoa)
43747,DPC,bac-si-da-khoa,D90,Điểm học bạ,2023,25.0,Bác sĩ đa khoa (Y khoa)
43748,DPC,bac-si-da-khoa,A00,Điểm thi THPT,2023,22.5,Bác sĩ đa khoa (Y khoa)
43749,DPC,bac-si-da-khoa,B00,Điểm thi THPT,2023,22.5,Bác sĩ đa khoa (Y khoa)
43750,DPC,bac-si-da-khoa,D08,Điểm thi THPT,2023,22.5,Bác sĩ đa khoa (Y khoa)
43751,DPC,bac-si-da-khoa,D90,Điểm thi THPT,2023,22.5,Bác sĩ đa khoa (Y khoa)
43752,DPC,bac-si-rang-ham-mat,A00,Điểm học bạ,2022,24.0,Bác sĩ Răng - Hàm - Mặt
43753,DPC,bac-si-rang-ham-mat,B00,Điểm học bạ,2022,24.0,Bác sĩ Răng - Hàm - Mặt
43754,DPC,bac-si-rang-ham-mat,D08,Điểm học bạ,2022,24.0,Bác sĩ Răng - Hàm - Mặt
43755,DPC,bac-si-rang-ham-mat,D90,Điểm học bạ,2022,24.0,Bác sĩ Răng - Hàm - Mặt
43756,DPC,bac-si-rang-ham-mat,A00,Điểm thi THPT,2022,22.0,Bác sĩ Răng - Hàm - Mặt
43757,DPC,bac-si-rang-ham-mat,B00,Điểm thi THPT,2022,22.0,Bác sĩ Răng - Hàm - Mặt
43758,DPC,bac-si-rang-ham-mat,D08,Điểm thi THPT,2022,22.0,Bác sĩ Răng - Hàm - Mặt
43759,DPC,bac-si-rang-ham-mat,D90,Điểm thi THPT,2022,22.0,Bác sĩ Răng - Hàm - Mặt
43760,DPC,bac-si-rang-ham-mat,A00,Điểm học bạ,2023,25.0,Bác sĩ Răng-Hàm-Mặt
43761,DPC,bac-si-rang-ham-mat,B00,Điểm học bạ,2023,25.0,Bác sĩ Răng-Hàm-Mặt
43762,DPC,bac-si-rang-ham-mat,D08,Điểm học bạ,2023,25.0,Bác sĩ Răng-Hàm-Mặt
43763,DPC,bac-si-rang-ham-mat,D90,Điểm học bạ,2023,25.0,Bác sĩ Răng-Hàm-Mặt
43764,DPC,bac-si-rang-ham-mat,A00,Điểm thi THPT,2023,22.5,Bác sĩ Răng-Hàm-Mặt
43765,DPC,bac-si-rang-ham-mat,B00,Điểm thi THPT,2023,22.5,Bác sĩ Răng-Hàm-Mặt
43766,DPC,bac-si-rang-ham-mat,D08,Điểm thi THPT,2023,22.5,Bác sĩ Răng-Hàm-Mặt
43767,DPC,bac-si-rang-ham-mat,D90,Điểm thi THPT,2023,22.5,Bác sĩ Răng-Hàm-Mặt
43768,DPC,dieu-duong,A00,Điểm thi THPT,2021,19.0,Điều dưỡng
43769,DPC,dieu-duong,B00,Điểm thi THPT,2021,19.0,Điều dưỡng
43770,DPC,dieu-duong,D07,Điểm thi THPT,2021,19.0,Điều dưỡng
43771,DPC,dieu-duong,D08,Điểm thi THPT,2021,19.0,Điều dưỡng
43772,DPC,dieu-duong,A00,Điểm học bạ,2022,19.0,Điều dưỡng
43773,DPC,dieu-duong,B00,Điểm học bạ,2022,19.0,Điều dưỡng
43774,DPC,dieu-duong,D07,Điểm học bạ,2022,19.0,Điều dưỡng
43775,DPC,dieu-duong,D08,Điểm học bạ,2022,19.0,Điều dưỡng
43776,DPC,dieu-duong,A00,Điểm thi THPT,2022,19.0,Điều dưỡng
43777,DPC,dieu-duong,B00,Điểm thi THPT,2022,19.0,Điều dưỡng
43778,DPC,dieu-duong,D07,Điểm thi THPT,2022,19.0,Điều dưỡng
43779,DPC,dieu-duong,D08,Điểm thi THPT,2022,19.0,Điều dưỡng
43780,DPC,dieu-duong,A00,Điểm học bạ,2023,19.5,Điều dưỡng
43781,DPC,dieu-duong,B00,Điểm học bạ,2023,19.5,Điều dưỡng
43782,DPC,dieu-duong,D07,Điểm học bạ,2023,19.5,Điều dưỡng
43783,DPC,dieu-duong,D08,Điểm học bạ,2023,19.5,Điều dưỡng
43784,DPC,dieu-duong,A00,Điểm thi THPT,2023,19.0,Điều dưỡng
43785,DPC,dieu-duong,B00,Điểm thi THPT,2023,19.0,Điều dưỡng
43786,DPC,dieu-duong,D07,Điểm thi THPT,2023,19.0,Điều dưỡng
43787,DPC,dieu-duong,D08,Điểm thi THPT,2023,19.0,Điều dưỡng
43788,DPC,dieu-duong-da-khoa,A00,Điểm học bạ,2024,19.0,Điều dưỡng đa khoa
43789,DPC,dieu-duong-da-khoa,B00,Điểm học bạ,2024,19.0,Điều dưỡng đa khoa
43790,DPC,dieu-duong-da-khoa,D08,Điểm học bạ,2024,19.0,Điều dưỡng đa khoa
43791,DPC,dieu-duong-da-khoa,A00,Điểm thi THPT,2024,19.0,Điều dưỡng đa khoa
43792,DPC,dieu-duong-da-khoa,B00,Điểm thi THPT,2024,19.0,Điều dưỡng đa khoa
43793,DPC,dieu-duong-da-khoa,D08,Điểm thi THPT,2024,19.0,Điều dưỡng đa khoa
43794,DPC,dieu-duong-da-khoa,A00,Điểm học bạ,2025,19.5,Điều dưỡng đa khoa
43795,DPC,dieu-duong-da-khoa,A01,Điểm học bạ,2025,19.5,Điều dưỡng đa khoa
43796,DPC,dieu-duong-da-khoa,B00,Điểm học bạ,2025,19.5,Điều dưỡng đa khoa
43797,DPC,dieu-duong-da-khoa,B08,Điểm học bạ,2025,19.5,Điều dưỡng đa khoa
43798,DPC,dieu-duong-da-khoa,D07,Điểm học bạ,2025,19.5,Điều dưỡng đa khoa
43799,DPC,dieu-duong-da-khoa,A00,Điểm thi THPT,2025,17.0,Điều dưỡng đa khoa
43800,DPC,dieu-duong-da-khoa,A01,Điểm thi THPT,2025,17.0,Điều dưỡng đa khoa
43801,DPC,dieu-duong-da-khoa,B00,Điểm thi THPT,2025,17.0,Điều dưỡng đa khoa
43802,DPC,dieu-duong-da-khoa,B08,Điểm thi THPT,2025,17.0,Điều dưỡng đa khoa
43803,DPC,dieu-duong-da-khoa,D07,Điểm thi THPT,2025,17.0,Điều dưỡng đa khoa
43804,DPC,dieu-duong-nha-khoa,A00,Điểm học bạ,2024,19.0,Điều dưỡng nha khoa
43805,DPC,dieu-duong-nha-khoa,B00,Điểm học bạ,2024,19.0,Điều dưỡng nha khoa
43806,DPC,dieu-duong-nha-khoa,D08,Điểm học bạ,2024,19.0,Điều dưỡng nha khoa
43807,DPC,dieu-duong-nha-khoa,A00,Điểm thi THPT,2024,19.0,Điều dưỡng nha khoa
43808,DPC,dieu-duong-nha-khoa,B00,Điểm thi THPT,2024,19.0,Điều dưỡng nha khoa
43809,DPC,dieu-duong-nha-khoa,D08,Điểm thi THPT,2024,19.0,Điều dưỡng nha khoa
43810,DPC,dieu-duong-nha-khoa,A00,Điểm học bạ,2025,19.5,Điều dưỡng Nha khoa
43811,DPC,dieu-duong-nha-khoa,A01,Điểm học bạ,2025,19.5,Điều dưỡng Nha khoa
43812,DPC,dieu-duong-nha-khoa,B00,Điểm học bạ,2025,19.5,Điều dưỡng Nha khoa
43813,DPC,dieu-duong-nha-khoa,B08,Điểm học bạ,2025,19.5,Điều dưỡng Nha khoa
43814,DPC,dieu-duong-nha-khoa,D07,Điểm học bạ,2025,19.5,Điều dưỡng Nha khoa
43815,DPC,dieu-duong-nha-khoa,A00,Điểm thi THPT,2025,17.0,Điều dưỡng Nha khoa
43816,DPC,dieu-duong-nha-khoa,A01,Điểm thi THPT,2025,17.0,Điều dưỡng Nha khoa
43817,DPC,dieu-duong-nha-khoa,B00,Điểm thi THPT,2025,17.0,Điều dưỡng Nha khoa
43818,DPC,dieu-duong-nha-khoa,B08,Điểm thi THPT,2025,17.0,Điều dưỡng Nha khoa
43819,DPC,dieu-duong-nha-khoa,D07,Điểm thi THPT,2025,17.0,Điều dưỡng Nha khoa
43820,DPC,ky-thuat-xet-nghiem,A00,Điểm học bạ,2023,19.5,Kỹ thuật xét nghiệm
43821,DPC,ky-thuat-xet-nghiem,B00,Điểm học bạ,2023,19.5,Kỹ thuật xét nghiệm
43822,DPC,ky-thuat-xet-nghiem,D07,Điểm học bạ,2023,19.5,Kỹ thuật xét nghiệm
43823,DPC,ky-thuat-xet-nghiem,D08,Điểm học bạ,2023,19.5,Kỹ thuật xét nghiệm
43824,DPC,ky-thuat-xet-nghiem,A00,Điểm thi THPT,2023,19.0,Kỹ thuật xét nghiệm
43825,DPC,ky-thuat-xet-nghiem,B00,Điểm thi THPT,2023,19.0,Kỹ thuật xét nghiệm
43826,DPC,ky-thuat-xet-nghiem,D07,Điểm thi THPT,2023,19.0,Kỹ thuật xét nghiệm
43827,DPC,ky-thuat-xet-nghiem,D08,Điểm thi THPT,2023,19.0,Kỹ thuật xét nghiệm
43828,DPC,ky-thuat-xet-nghiem-y-hoc,A00,Điểm thi THPT,2021,19.0,Kỹ thuật xét nghiệm y học
43829,DPC,ky-thuat-xet-nghiem-y-hoc,B00,Điểm thi THPT,2021,19.0,Kỹ thuật xét nghiệm y học
43830,DPC,ky-thuat-xet-nghiem-y-hoc,D07,Điểm thi THPT,2021,19.0,Kỹ thuật xét nghiệm y học
43831,DPC,ky-thuat-xet-nghiem-y-hoc,D08,Điểm thi THPT,2021,19.0,Kỹ thuật xét nghiệm y học
43832,DPC,ky-thuat-xet-nghiem-y-hoc,A00,Điểm học bạ,2022,19.0,Kỹ thuật xét nghiệm y học
43833,DPC,ky-thuat-xet-nghiem-y-hoc,B00,Điểm học bạ,2022,19.0,Kỹ thuật xét nghiệm y học
43834,DPC,ky-thuat-xet-nghiem-y-hoc,D07,Điểm học bạ,2022,19.0,Kỹ thuật xét nghiệm y học
43835,DPC,ky-thuat-xet-nghiem-y-hoc,D08,Điểm học bạ,2022,19.0,Kỹ thuật xét nghiệm y học
43836,DPC,ky-thuat-xet-nghiem-y-hoc,A00,Điểm thi THPT,2022,19.0,Kỹ thuật xét nghiệm y học
43837,DPC,ky-thuat-xet-nghiem-y-hoc,B00,Điểm thi THPT,2022,19.0,Kỹ thuật xét nghiệm y học
43838,DPC,ky-thuat-xet-nghiem-y-hoc,D07,Điểm thi THPT,2022,19.0,Kỹ thuật xét nghiệm y học
43839,DPC,ky-thuat-xet-nghiem-y-hoc,D08,Điểm thi THPT,2022,19.0,Kỹ thuật xét nghiệm y học
43840,DPC,ky-thuat-xet-nghiem-y-hoc,A00,Điểm học bạ,2024,19.0,Kỹ thuật xét nghiệm y học
43841,DPC,ky-thuat-xet-nghiem-y-hoc,B00,Điểm học bạ,2024,19.0,Kỹ thuật xét nghiệm y học
43842,DPC,ky-thuat-xet-nghiem-y-hoc,D08,Điểm học bạ,2024,19.0,Kỹ thuật xét nghiệm y học
43843,DPC,ky-thuat-xet-nghiem-y-hoc,A00,Điểm thi THPT,2024,19.0,Kỹ thuật xét nghiệm y học
43844,DPC,ky-thuat-xet-nghiem-y-hoc,B00,Điểm thi THPT,2024,19.0,Kỹ thuật xét nghiệm y học
43845,DPC,ky-thuat-xet-nghiem-y-hoc,D08,Điểm thi THPT,2024,19.0,Kỹ thuật xét nghiệm y học
43846,DPC,ky-thuat-xet-nghiem-y-hoc,A00,Điểm học bạ,2025,19.5,Kỹ thuật xét nghiệm y học
43847,DPC,ky-thuat-xet-nghiem-y-hoc,A01,Điểm học bạ,2025,19.5,Kỹ thuật xét nghiệm y học
43848,DPC,ky-thuat-xet-nghiem-y-hoc,B00,Điểm học bạ,2025,19.5,Kỹ thuật xét nghiệm y học
43849,DPC,ky-thuat-xet-nghiem-y-hoc,B08,Điểm học bạ,2025,19.5,Kỹ thuật xét nghiệm y học
43850,DPC,ky-thuat-xet-nghiem-y-hoc,D07,Điểm học bạ,2025,19.5,Kỹ thuật xét nghiệm y học
43851,DPC,ky-thuat-xet-nghiem-y-hoc,A00,Điểm thi THPT,2025,17.0,Kỹ thuật xét nghiệm y học
43852,DPC,ky-thuat-xet-nghiem-y-hoc,A01,Điểm thi THPT,2025,17.0,Kỹ thuật xét nghiệm y học
43853,DPC,ky-thuat-xet-nghiem-y-hoc,B00,Điểm thi THPT,2025,17.0,Kỹ thuật xét nghiệm y học
43854,DPC,ky-thuat-xet-nghiem-y-hoc,B08,Điểm thi THPT,2025,17.0,Kỹ thuật xét nghiệm y học
43855,DPC,ky-thuat-xet-nghiem-y-hoc,D07,Điểm thi THPT,2025,17.0,Kỹ thuật xét nghiệm y học
43856,DPC,quan-tri-benh-vien,A00,Điểm thi THPT,2021,15.0,Quản trị kinh doanh (Chuyên ngành Quản trị bệnh viện)
43857,DPC,quan-tri-benh-vien,C01,Điểm thi THPT,2021,15.0,Quản trị kinh doanh (Chuyên ngành Quản trị bệnh viện)
43858,DPC,quan-tri-benh-vien,C02,Điểm thi THPT,2021,15.0,Quản trị kinh doanh (Chuyên ngành Quản trị bệnh viện)
43859,DPC,quan-tri-benh-vien,D01,Điểm thi THPT,2021,15.0,Quản trị kinh doanh (Chuyên ngành Quản trị bệnh viện)
43860,DPC,quan-tri-benh-vien,A00,Điểm học bạ,2023,16.0,Quản trị bệnh viện
43861,DPC,quan-tri-benh-vien,C01,Điểm học bạ,2023,16.0,Quản trị bệnh viện
43862,DPC,quan-tri-benh-vien,C02,Điểm học bạ,2023,16.0,Quản trị bệnh viện
43863,DPC,quan-tri-benh-vien,D01,Điểm học bạ,2023,16.0,Quản trị bệnh viện
43864,DPC,quan-tri-benh-vien,A00,Điểm thi THPT,2023,15.0,Quản trị bệnh viện
43865,DPC,quan-tri-benh-vien,C01,Điểm thi THPT,2023,15.0,Quản trị bệnh viện
43866,DPC,quan-tri-benh-vien,C02,Điểm thi THPT,2023,15.0,Quản trị bệnh viện
43867,DPC,quan-tri-benh-vien,D01,Điểm thi THPT,2023,15.0,Quản trị bệnh viện
43868,DPC,quan-tri-benh-vien,A00,Điểm học bạ,2024,16.0,Quản trị bệnh viện
43869,DPC,quan-tri-benh-vien,A01,Điểm học bạ,2024,16.0,Quản trị bệnh viện
43870,DPC,quan-tri-benh-vien,D01,Điểm học bạ,2024,16.0,Quản trị bệnh viện
43871,DPC,quan-tri-benh-vien,A00,Điểm thi THPT,2024,16.0,Quản trị bệnh viện
43872,DPC,quan-tri-benh-vien,A01,Điểm thi THPT,2024,16.0,Quản trị bệnh viện
43873,DPC,quan-tri-benh-vien,D01,Điểm thi THPT,2024,16.0,Quản trị bệnh viện
43874,DPC,quan-tri-benh-vien,A00,Điểm học bạ,2025,15.0,Quản trị bệnh viện
43875,DPC,quan-tri-benh-vien,A01,Điểm học bạ,2025,15.0,Quản trị bệnh viện
43876,DPC,quan-tri-benh-vien,D01,Điểm học bạ,2025,15.0,Quản trị bệnh viện
43877,DPC,quan-tri-benh-vien,D07,Điểm học bạ,2025,15.0,Quản trị bệnh viện
43878,DPC,quan-tri-benh-vien,A00,Điểm thi THPT,2025,15.0,Quản trị bệnh viện
43879,DPC,quan-tri-benh-vien,A01,Điểm thi THPT,2025,15.0,Quản trị bệnh viện
43880,DPC,quan-tri-benh-vien,D01,Điểm thi THPT,2025,15.0,Quản trị bệnh viện
43881,DPC,quan-tri-benh-vien,D07,Điểm thi THPT,2025,15.0,Quản trị bệnh viện
43882,DPC,quan-tri-kinh-doanh,A00,Điểm học bạ,2022,15.0,Quản trị kinh doanh (Chuyên ngành: Quản trị bệnh viện)
43883,DPC,quan-tri-kinh-doanh,C01,Điểm học bạ,2022,15.0,Quản trị kinh doanh (Chuyên ngành: Quản trị bệnh viện)
43884,DPC,quan-tri-kinh-doanh,C02,Điểm học bạ,2022,15.0,Quản trị kinh doanh (Chuyên ngành: Quản trị bệnh viện)
43885,DPC,quan-tri-kinh-doanh,D01,Điểm học bạ,2022,15.0,Quản trị kinh doanh (Chuyên ngành: Quản trị bệnh viện)
43886,DPC,quan-tri-kinh-doanh,A00,Điểm thi THPT,2022,15.0,Quản trị kinh doanh (Chuyên ngành: Quản trị bệnh viện)
43887,DPC,quan-tri-kinh-doanh,C01,Điểm thi THPT,2022,15.0,Quản trị kinh doanh (Chuyên ngành: Quản trị bệnh viện)
43888,DPC,quan-tri-kinh-doanh,C02,Điểm thi THPT,2022,15.0,Quản trị kinh doanh (Chuyên ngành: Quản trị bệnh viện)
43889,DPC,quan-tri-kinh-doanh,D01,Điểm thi THPT,2022,15.0,Quản trị kinh doanh (Chuyên ngành: Quản trị bệnh viện)
43890,DPC,rang-ham-mat,A00,Điểm thi THPT,2021,22.0,Răng - Hàm - Mặt
43891,DPC,rang-ham-mat,B00,Điểm thi THPT,2021,22.0,Răng - Hàm - Mặt
43892,DPC,rang-ham-mat,D08,Điểm thi THPT,2021,22.0,Răng - Hàm - Mặt
43893,DPC,rang-ham-mat,D90,Điểm thi THPT,2021,22.0,Răng - Hàm - Mặt
43894,DPC,rang-ham-mat,A00,Điểm học bạ,2024,24.0,Răng - Hàm - Mặt
43895,DPC,rang-ham-mat,B00,Điểm học bạ,2024,24.0,Răng - Hàm - Mặt
43896,DPC,rang-ham-mat,D08,Điểm học bạ,2024,24.0,Răng - Hàm - Mặt
43897,DPC,rang-ham-mat,A00,Điểm thi THPT,2024,22.5,Răng - Hàm - Mặt
43898,DPC,rang-ham-mat,B00,Điểm thi THPT,2024,22.5,Răng - Hàm - Mặt
43899,DPC,rang-ham-mat,D08,Điểm thi THPT,2024,22.5,Răng - Hàm - Mặt
43900,DPC,rang-ham-mat,A00,Điểm học bạ,2025,24.25,Răng - Hàm - Mặt
43901,DPC,rang-ham-mat,A01,Điểm học bạ,2025,24.25,Răng - Hàm - Mặt
43902,DPC,rang-ham-mat,B00,Điểm học bạ,2025,24.25,Răng - Hàm - Mặt
43903,DPC,rang-ham-mat,B08,Điểm học bạ,2025,24.25,Răng - Hàm - Mặt
43904,DPC,rang-ham-mat,D07,Điểm học bạ,2025,24.25,Răng - Hàm - Mặt
43905,DPC,rang-ham-mat,A00,Điểm thi THPT,2025,21.75,Răng - Hàm - Mặt
43906,DPC,rang-ham-mat,A01,Điểm thi THPT,2025,21.75,Răng - Hàm - Mặt
43907,DPC,rang-ham-mat,B00,Điểm thi THPT,2025,21.75,Răng - Hàm - Mặt
43908,DPC,rang-ham-mat,B08,Điểm thi THPT,2025,21.75,Răng - Hàm - Mặt
43909,DPC,rang-ham-mat,D07,Điểm thi THPT,2025,21.75,Răng - Hàm - Mặt
43910,DPC,y-khoa,A00,Điểm thi THPT,2021,22.0,Y khoa
43911,DPC,y-khoa,B00,Điểm thi THPT,2021,22.0,Y khoa
43912,DPC,y-khoa,D08,Điểm thi THPT,2021,22.0,Y khoa
43913,DPC,y-khoa,D90,Điểm thi THPT,2021,22.0,Y khoa
43914,DPC,y-khoa,A00,Điểm học bạ,2022,24.0,Y khoa (Bác sĩ đa khoa)
43915,DPC,y-khoa,B00,Điểm học bạ,2022,24.0,Y khoa (Bác sĩ đa khoa)
43916,DPC,y-khoa,D08,Điểm học bạ,2022,24.0,Y khoa (Bác sĩ đa khoa)
43917,DPC,y-khoa,D90,Điểm học bạ,2022,24.0,Y khoa (Bác sĩ đa khoa)
43918,DPC,y-khoa,A00,Điểm thi THPT,2022,22.0,Y khoa (Bác sĩ đa khoa)
43919,DPC,y-khoa,B00,Điểm thi THPT,2022,22.0,Y khoa (Bác sĩ đa khoa)
43920,DPC,y-khoa,D08,Điểm thi THPT,2022,22.0,Y khoa (Bác sĩ đa khoa)
43921,DPC,y-khoa,D90,Điểm thi THPT,2022,22.0,Y khoa (Bác sĩ đa khoa)
43922,DPC,y-khoa,A00,Điểm học bạ,2024,24.0,Y khoa (Bác sĩ đa khoa)
43923,DPC,y-khoa,B00,Điểm học bạ,2024,24.0,Y khoa (Bác sĩ đa khoa)
43924,DPC,y-khoa,D08,Điểm học bạ,2024,24.0,Y khoa (Bác sĩ đa khoa)
43925,DPC,y-khoa,A00,Điểm thi THPT,2024,22.5,Y khoa (Bác sĩ đa khoa)
43926,DPC,y-khoa,B00,Điểm thi THPT,2024,22.5,Y khoa (Bác sĩ đa khoa)
43927,DPC,y-khoa,D08,Điểm thi THPT,2024,22.5,Y khoa (Bác sĩ đa khoa)
43928,DPC,y-khoa,A00,Điểm học bạ,2025,24.0,Y khoa (Bác sĩ đa khoa)
43929,DPC,y-khoa,A01,Điểm học bạ,2025,24.0,Y khoa (Bác sĩ đa khoa)
43930,DPC,y-khoa,B00,Điểm học bạ,2025,24.0,Y khoa (Bác sĩ đa khoa)
43931,DPC,y-khoa,B08,Điểm học bạ,2025,24.0,Y khoa (Bác sĩ đa khoa)
43932,DPC,y-khoa,D07,Điểm học bạ,2025,24.0,Y khoa (Bác sĩ đa khoa)
43933,DPC,y-khoa,A00,Điểm thi THPT,2025,21.5,Y khoa (Bác sĩ đa khoa)
43934,DPC,y-khoa,A01,Điểm thi THPT,2025,21.5,Y khoa (Bác sĩ đa khoa)
43935,DPC,y-khoa,B00,Điểm thi THPT,2025,21.5,Y khoa (Bác sĩ đa khoa)
43936,DPC,y-khoa,B08,Điểm thi THPT,2025,21.5,Y khoa (Bác sĩ đa khoa)
43937,DPC,y-khoa,D07,Điểm thi THPT,2025,21.5,Y khoa (Bác sĩ đa khoa)
43938,DPD,cong-nghe-ky-thuat-co-dien-tu,A00,Điểm học bạ,2022,19.5,Công nghệ kỹ thuật Cơ - Điện tử
43939,DPD,cong-nghe-ky-thuat-co-dien-tu,A01,Điểm học bạ,2022,19.5,Công nghệ kỹ thuật Cơ - Điện tử
43940,DPD,cong-nghe-ky-thuat-co-dien-tu,C01,Điểm học bạ,2022,19.5,Công nghệ kỹ thuật Cơ - Điện tử
43941,DPD,cong-nghe-ky-thuat-co-dien-tu,D01,Điểm học bạ,2022,19.5,Công nghệ kỹ thuật Cơ - Điện tử
43942,DPD,cong-nghe-ky-thuat-co-dien-tu,A00,Điểm thi THPT,2022,14.0,Công nghệ kỹ thuật Cơ - Điện tử
43943,DPD,cong-nghe-ky-thuat-co-dien-tu,A01,Điểm thi THPT,2022,14.0,Công nghệ kỹ thuật Cơ - Điện tử
43944,DPD,cong-nghe-ky-thuat-co-dien-tu,C01,Điểm thi THPT,2022,14.0,Công nghệ kỹ thuật Cơ - Điện tử
43945,DPD,cong-nghe-ky-thuat-co-dien-tu,D01,Điểm thi THPT,2022,14.0,Công nghệ kỹ thuật Cơ - Điện tử
43946,DPD,cong-nghe-ky-thuat-co-dien-tu,A00,Điểm học bạ,2023,20.0,Công nghệ kỹ thuật Cơ điện tử
43947,DPD,cong-nghe-ky-thuat-co-dien-tu,A01,Điểm học bạ,2023,20.0,Công nghệ kỹ thuật Cơ điện tử
43948,DPD,cong-nghe-ky-thuat-co-dien-tu,C01,Điểm học bạ,2023,20.0,Công nghệ kỹ thuật Cơ điện tử
43949,DPD,cong-nghe-ky-thuat-co-dien-tu,D01,Điểm học bạ,2023,20.0,Công nghệ kỹ thuật Cơ điện tử
43950,DPD,cong-nghe-ky-thuat-co-dien-tu,A00,Điểm thi THPT,2023,15.0,Công nghệ kỹ thuật Cơ điện tử
43951,DPD,cong-nghe-ky-thuat-co-dien-tu,A01,Điểm thi THPT,2023,15.0,Công nghệ kỹ thuật Cơ điện tử
43952,DPD,cong-nghe-ky-thuat-co-dien-tu,C01,Điểm thi THPT,2023,15.0,Công nghệ kỹ thuật Cơ điện tử
43953,DPD,cong-nghe-ky-thuat-co-dien-tu,D01,Điểm thi THPT,2023,15.0,Công nghệ kỹ thuật Cơ điện tử
43954,DPD,cong-nghe-ky-thuat-co-dien-tu,A00,Điểm học bạ,2024,7.0,Công nghệ kỹ thuật Cơ điện tử
43955,DPD,cong-nghe-ky-thuat-co-dien-tu,A01,Điểm học bạ,2024,7.0,Công nghệ kỹ thuật Cơ điện tử
43956,DPD,cong-nghe-ky-thuat-co-dien-tu,C01,Điểm học bạ,2024,7.0,Công nghệ kỹ thuật Cơ điện tử
43957,DPD,cong-nghe-ky-thuat-co-dien-tu,D01,Điểm học bạ,2024,7.0,Công nghệ kỹ thuật Cơ điện tử
43958,DPD,cong-nghe-ky-thuat-co-dien-tu,A00,Điểm thi THPT,2024,15.0,Công nghệ kỹ thuật cơ điện tử
43959,DPD,cong-nghe-ky-thuat-co-dien-tu,A01,Điểm thi THPT,2024,15.0,Công nghệ kỹ thuật cơ điện tử
43960,DPD,cong-nghe-ky-thuat-co-dien-tu,C01,Điểm thi THPT,2024,15.0,Công nghệ kỹ thuật cơ điện tử
43961,DPD,cong-nghe-ky-thuat-co-dien-tu,D01,Điểm thi THPT,2024,15.0,Công nghệ kỹ thuật cơ điện tử
43962,DPD,cong-nghe-ky-thuat-co-dien-tu,A00,Điểm học bạ,2025,18.0,Công nghệ kỹ thuật Cơ điện tử
43963,DPD,cong-nghe-ky-thuat-co-dien-tu,A01,Điểm học bạ,2025,18.0,Công nghệ kỹ thuật Cơ điện tử
43964,DPD,cong-nghe-ky-thuat-co-dien-tu,D01,Điểm học bạ,2025,18.0,Công nghệ kỹ thuật Cơ điện tử
43965,DPD,cong-nghe-ky-thuat-co-dien-tu,X06,Điểm học bạ,2025,18.0,Công nghệ kỹ thuật Cơ điện tử
43966,DPD,cong-nghe-ky-thuat-co-dien-tu,X07,Điểm học bạ,2025,18.0,Công nghệ kỹ thuật Cơ điện tử
43967,DPD,cong-nghe-ky-thuat-co-dien-tu,A00,Điểm thi THPT,2025,15.0,Công nghệ kỹ thuật Cơ điện tử
43968,DPD,cong-nghe-ky-thuat-co-dien-tu,A01,Điểm thi THPT,2025,15.0,Công nghệ kỹ thuật Cơ điện tử
43969,DPD,cong-nghe-ky-thuat-co-dien-tu,D01,Điểm thi THPT,2025,15.0,Công nghệ kỹ thuật Cơ điện tử
43970,DPD,cong-nghe-ky-thuat-co-dien-tu,X06,Điểm thi THPT,2025,15.0,Công nghệ kỹ thuật Cơ điện tử
43971,DPD,cong-nghe-ky-thuat-co-dien-tu,X07,Điểm thi THPT,2025,15.0,Công nghệ kỹ thuật Cơ điện tử
43972,DPD,cong-nghe-ky-thuat-dien-dien-dien-tu,A00,Điểm học bạ,2024,20.0,Công nghệ kỹ thuật Điện - Điện điện tử
43973,DPD,cong-nghe-ky-thuat-dien-dien-dien-tu,A01,Điểm học bạ,2024,20.0,Công nghệ kỹ thuật Điện - Điện điện tử
43974,DPD,cong-nghe-ky-thuat-dien-dien-dien-tu,C01,Điểm học bạ,2024,20.0,Công nghệ kỹ thuật Điện - Điện điện tử
43975,DPD,cong-nghe-ky-thuat-dien-dien-dien-tu,D01,Điểm học bạ,2024,20.0,Công nghệ kỹ thuật Điện - Điện điện tử
43976,DPD,cong-nghe-ky-thuat-dien-dien-dien-tu,A00,Điểm học bạ,2025,18.0,Công nghệ kỹ thuật Điện - Điện điện tử
43977,DPD,cong-nghe-ky-thuat-dien-dien-dien-tu,A01,Điểm học bạ,2025,18.0,Công nghệ kỹ thuật Điện - Điện điện tử
43978,DPD,cong-nghe-ky-thuat-dien-dien-dien-tu,D01,Điểm học bạ,2025,18.0,Công nghệ kỹ thuật Điện - Điện điện tử
43979,DPD,cong-nghe-ky-thuat-dien-dien-dien-tu,X06,Điểm học bạ,2025,18.0,Công nghệ kỹ thuật Điện - Điện điện tử
43980,DPD,cong-nghe-ky-thuat-dien-dien-dien-tu,X07,Điểm học bạ,2025,18.0,Công nghệ kỹ thuật Điện - Điện điện tử
43981,DPD,cong-nghe-ky-thuat-dien-dien-dien-tu,A00,Điểm thi THPT,2025,15.0,Công nghệ kỹ thuật Điện - Điện điện tử
43982,DPD,cong-nghe-ky-thuat-dien-dien-dien-tu,A01,Điểm thi THPT,2025,15.0,Công nghệ kỹ thuật Điện - Điện điện tử
43983,DPD,cong-nghe-ky-thuat-dien-dien-dien-tu,D01,Điểm thi THPT,2025,15.0,Công nghệ kỹ thuật Điện - Điện điện tử
43984,DPD,cong-nghe-ky-thuat-dien-dien-dien-tu,X06,Điểm thi THPT,2025,15.0,Công nghệ kỹ thuật Điện - Điện điện tử
43985,DPD,cong-nghe-ky-thuat-dien-dien-dien-tu,X07,Điểm thi THPT,2025,15.0,Công nghệ kỹ thuật Điện - Điện điện tử
43986,DPD,cong-nghe-ky-thuat-dien-dien-tu,A00,Điểm học bạ,2021,6.0,Công nghệ kỹ thuật Điện - Điện tử
43987,DPD,cong-nghe-ky-thuat-dien-dien-tu,A01,Điểm học bạ,2021,6.0,Công nghệ kỹ thuật Điện - Điện tử
43988,DPD,cong-nghe-ky-thuat-dien-dien-tu,C01,Điểm học bạ,2021,6.0,Công nghệ kỹ thuật Điện - Điện tử
43989,DPD,cong-nghe-ky-thuat-dien-dien-tu,D01,Điểm học bạ,2021,6.0,Công nghệ kỹ thuật Điện - Điện tử
43990,DPD,cong-nghe-ky-thuat-dien-dien-tu,A00,Điểm thi THPT,2021,14.0,Công nghệ kỹ thuật Điện - Điện tử
43991,DPD,cong-nghe-ky-thuat-dien-dien-tu,A01,Điểm thi THPT,2021,14.0,Công nghệ kỹ thuật Điện - Điện tử
43992,DPD,cong-nghe-ky-thuat-dien-dien-tu,C01,Điểm thi THPT,2021,14.0,Công nghệ kỹ thuật Điện - Điện tử
43993,DPD,cong-nghe-ky-thuat-dien-dien-tu,D01,Điểm thi THPT,2021,14.0,Công nghệ kỹ thuật Điện - Điện tử
43994,DPD,cong-nghe-ky-thuat-dien-dien-tu,A00,Điểm học bạ,2022,19.5,Công nghệ kỹ thuật Điện - Điện tử
43995,DPD,cong-nghe-ky-thuat-dien-dien-tu,A01,Điểm học bạ,2022,19.5,Công nghệ kỹ thuật Điện - Điện tử
43996,DPD,cong-nghe-ky-thuat-dien-dien-tu,C01,Điểm học bạ,2022,19.5,Công nghệ kỹ thuật Điện - Điện tử
43997,DPD,cong-nghe-ky-thuat-dien-dien-tu,D01,Điểm học bạ,2022,19.5,Công nghệ kỹ thuật Điện - Điện tử
43998,DPD,cong-nghe-ky-thuat-dien-dien-tu,A00,Điểm thi THPT,2022,14.0,Công nghệ kỹ thuật Điện - Điện tử
43999,DPD,cong-nghe-ky-thuat-dien-dien-tu,A01,Điểm thi THPT,2022,14.0,Công nghệ kỹ thuật Điện - Điện tử
44000,DPD,cong-nghe-ky-thuat-dien-dien-tu,C01,Điểm thi THPT,2022,14.0,Công nghệ kỹ thuật Điện - Điện tử
44001,DPD,cong-nghe-ky-thuat-dien-dien-tu,D01,Điểm thi THPT,2022,14.0,Công nghệ kỹ thuật Điện - Điện tử
44002,DPD,cong-nghe-ky-thuat-dien-dien-tu,A00,Điểm học bạ,2023,7.0,"Công nghệ kỹ thuật Điện - Điện tử (Điện - Điện tử ô tô, Tự động hóa, Hệ thống điện)"
44003,DPD,cong-nghe-ky-thuat-dien-dien-tu,A01,Điểm học bạ,2023,7.0,"Công nghệ kỹ thuật Điện - Điện tử (Điện - Điện tử ô tô, Tự động hóa, Hệ thống điện)"
44004,DPD,cong-nghe-ky-thuat-dien-dien-tu,C01,Điểm học bạ,2023,7.0,"Công nghệ kỹ thuật Điện - Điện tử (Điện - Điện tử ô tô, Tự động hóa, Hệ thống điện)"
44005,DPD,cong-nghe-ky-thuat-dien-dien-tu,D01,Điểm học bạ,2023,7.0,"Công nghệ kỹ thuật Điện - Điện tử (Điện - Điện tử ô tô, Tự động hóa, Hệ thống điện)"
44006,DPD,cong-nghe-ky-thuat-dien-dien-tu,A00,Điểm thi THPT,2023,15.0,Công nghệ kỹ thuật Điện - Điện tử (Điện -Điện tử ô tô. Tự động hoá. Hệ thống điện)
44007,DPD,cong-nghe-ky-thuat-dien-dien-tu,A01,Điểm thi THPT,2023,15.0,Công nghệ kỹ thuật Điện - Điện tử (Điện -Điện tử ô tô. Tự động hoá. Hệ thống điện)
44008,DPD,cong-nghe-ky-thuat-dien-dien-tu,C01,Điểm thi THPT,2023,15.0,Công nghệ kỹ thuật Điện - Điện tử (Điện -Điện tử ô tô. Tự động hoá. Hệ thống điện)
44009,DPD,cong-nghe-ky-thuat-dien-dien-tu,D01,Điểm thi THPT,2023,15.0,Công nghệ kỹ thuật Điện - Điện tử (Điện -Điện tử ô tô. Tự động hoá. Hệ thống điện)
44010,DPD,cong-nghe-ky-thuat-dien-dien-tu,A00,Điểm thi THPT,2024,15.0,Công nghệ kỹ thuật điện - điện tử
44011,DPD,cong-nghe-ky-thuat-dien-dien-tu,A01,Điểm thi THPT,2024,15.0,Công nghệ kỹ thuật điện - điện tử
44012,DPD,cong-nghe-ky-thuat-dien-dien-tu,C01,Điểm thi THPT,2024,15.0,Công nghệ kỹ thuật điện - điện tử
44013,DPD,cong-nghe-ky-thuat-dien-dien-tu,D01,Điểm thi THPT,2024,15.0,Công nghệ kỹ thuật điện - điện tử
44014,DPD,cong-nghe-sinh-hoc,A00,Điểm học bạ,2021,6.0,Công nghệ sinh học
44015,DPD,cong-nghe-sinh-hoc,B00,Điểm học bạ,2021,6.0,Công nghệ sinh học
44016,DPD,cong-nghe-sinh-hoc,B08,Điểm học bạ,2021,6.0,Công nghệ sinh học
44017,DPD,cong-nghe-sinh-hoc,D07,Điểm học bạ,2021,6.0,Công nghệ sinh học
44018,DPD,cong-nghe-sinh-hoc,A00,Điểm thi THPT,2021,14.0,Công nghệ sinh học
44019,DPD,cong-nghe-sinh-hoc,B00,Điểm thi THPT,2021,14.0,Công nghệ sinh học
44020,DPD,cong-nghe-sinh-hoc,B08,Điểm thi THPT,2021,14.0,Công nghệ sinh học
44021,DPD,cong-nghe-sinh-hoc,D07,Điểm thi THPT,2021,14.0,Công nghệ sinh học
44022,DPD,cong-nghe-sinh-hoc,A00,Điểm học bạ,2022,19.5,Công nghệ sinh học
44023,DPD,cong-nghe-sinh-hoc,B00,Điểm học bạ,2022,19.5,Công nghệ sinh học
44024,DPD,cong-nghe-sinh-hoc,B08,Điểm học bạ,2022,19.5,Công nghệ sinh học
44025,DPD,cong-nghe-sinh-hoc,D07,Điểm học bạ,2022,19.5,Công nghệ sinh học
44026,DPD,cong-nghe-sinh-hoc,A00,Điểm thi THPT,2022,15.0,Công nghệ sinh học
44027,DPD,cong-nghe-sinh-hoc,B00,Điểm thi THPT,2022,15.0,Công nghệ sinh học
44028,DPD,cong-nghe-sinh-hoc,B08,Điểm thi THPT,2022,15.0,Công nghệ sinh học
44029,DPD,cong-nghe-sinh-hoc,D07,Điểm thi THPT,2022,15.0,Công nghệ sinh học
44030,DPD,cong-nghe-thong-tin,A00,Điểm học bạ,2021,18.0,Công nghệ thông tin
44031,DPD,cong-nghe-thong-tin,A01,Điểm học bạ,2021,18.0,Công nghệ thông tin
44032,DPD,cong-nghe-thong-tin,C01,Điểm học bạ,2021,18.0,Công nghệ thông tin
44033,DPD,cong-nghe-thong-tin,D01,Điểm học bạ,2021,18.0,Công nghệ thông tin
44034,DPD,cong-nghe-thong-tin,A00,Điểm thi THPT,2021,14.0,Công nghệ thông tin
44035,DPD,cong-nghe-thong-tin,A01,Điểm thi THPT,2021,14.0,Công nghệ thông tin
44036,DPD,cong-nghe-thong-tin,C01,Điểm thi THPT,2021,14.0,Công nghệ thông tin
44037,DPD,cong-nghe-thong-tin,D01,Điểm thi THPT,2021,14.0,Công nghệ thông tin
44038,DPD,cong-nghe-thong-tin,A00,Điểm học bạ,2022,19.5,Công nghệ thông tin
44039,DPD,cong-nghe-thong-tin,A01,Điểm học bạ,2022,19.5,Công nghệ thông tin
44040,DPD,cong-nghe-thong-tin,C01,Điểm học bạ,2022,19.5,Công nghệ thông tin
44041,DPD,cong-nghe-thong-tin,D01,Điểm học bạ,2022,19.5,Công nghệ thông tin
44042,DPD,cong-nghe-thong-tin,A00,Điểm thi THPT,2022,15.0,Công nghệ thông tin
44043,DPD,cong-nghe-thong-tin,A01,Điểm thi THPT,2022,15.0,Công nghệ thông tin
44044,DPD,cong-nghe-thong-tin,C01,Điểm thi THPT,2022,15.0,Công nghệ thông tin
44045,DPD,cong-nghe-thong-tin,D01,Điểm thi THPT,2022,15.0,Công nghệ thông tin
44046,DPD,cong-nghe-thong-tin,A00,Điểm học bạ,2023,22.5,"Công nghệ thông tin (Công nghệ thông tin, Trí tuệ nhân tạo)"
44047,DPD,cong-nghe-thong-tin,A01,Điểm học bạ,2023,22.5,"Công nghệ thông tin (Công nghệ thông tin, Trí tuệ nhân tạo)"
44048,DPD,cong-nghe-thong-tin,C01,Điểm học bạ,2023,22.5,"Công nghệ thông tin (Công nghệ thông tin, Trí tuệ nhân tạo)"
44049,DPD,cong-nghe-thong-tin,D01,Điểm học bạ,2023,22.5,"Công nghệ thông tin (Công nghệ thông tin, Trí tuệ nhân tạo)"
44050,DPD,cong-nghe-thong-tin,A00,Điểm thi THPT,2023,21.0,"Công nghệ thông tin (Công nghệ thông tin, Trí tuệ nhân tạo)"
44051,DPD,cong-nghe-thong-tin,A01,Điểm thi THPT,2023,21.0,"Công nghệ thông tin (Công nghệ thông tin, Trí tuệ nhân tạo)"
44052,DPD,cong-nghe-thong-tin,C01,Điểm thi THPT,2023,21.0,"Công nghệ thông tin (Công nghệ thông tin, Trí tuệ nhân tạo)"
44053,DPD,cong-nghe-thong-tin,D01,Điểm thi THPT,2023,21.0,"Công nghệ thông tin (Công nghệ thông tin, Trí tuệ nhân tạo)"
44054,DPD,cong-nghe-thong-tin,A00,Điểm học bạ,2024,22.0,Công nghệ thông tin
44055,DPD,cong-nghe-thong-tin,A01,Điểm học bạ,2024,22.0,Công nghệ thông tin
44056,DPD,cong-nghe-thong-tin,C01,Điểm học bạ,2024,22.0,Công nghệ thông tin
44057,DPD,cong-nghe-thong-tin,D01,Điểm học bạ,2024,22.0,Công nghệ thông tin
44058,DPD,cong-nghe-thong-tin,A00,Điểm thi THPT,2024,16.0,Công nghệ thông tin
44059,DPD,cong-nghe-thong-tin,A01,Điểm thi THPT,2024,16.0,Công nghệ thông tin
44060,DPD,cong-nghe-thong-tin,C01,Điểm thi THPT,2024,16.0,Công nghệ thông tin
44061,DPD,cong-nghe-thong-tin,D01,Điểm thi THPT,2024,16.0,Công nghệ thông tin
44062,DPD,cong-nghe-thong-tin,A00,Điểm học bạ,2025,18.0,Công nghệ thông tin
44063,DPD,cong-nghe-thong-tin,A01,Điểm học bạ,2025,18.0,Công nghệ thông tin
44064,DPD,cong-nghe-thong-tin,D01,Điểm học bạ,2025,18.0,Công nghệ thông tin
44065,DPD,cong-nghe-thong-tin,D07,Điểm học bạ,2025,18.0,Công nghệ thông tin
44066,DPD,cong-nghe-thong-tin,D84,Điểm học bạ,2025,18.0,Công nghệ thông tin
44067,DPD,cong-nghe-thong-tin,X06,Điểm học bạ,2025,18.0,Công nghệ thông tin
44068,DPD,cong-nghe-thong-tin,X26,Điểm học bạ,2025,18.0,Công nghệ thông tin
44069,DPD,cong-nghe-thong-tin,X27,Điểm học bạ,2025,18.0,Công nghệ thông tin
44070,DPD,cong-nghe-thong-tin,A00,Điểm thi THPT,2025,15.0,Công nghệ thông tin
44071,DPD,cong-nghe-thong-tin,A01,Điểm thi THPT,2025,15.0,Công nghệ thông tin
44072,DPD,cong-nghe-thong-tin,D01,Điểm thi THPT,2025,15.0,Công nghệ thông tin
44073,DPD,cong-nghe-thong-tin,D07,Điểm thi THPT,2025,15.0,Công nghệ thông tin
44074,DPD,cong-nghe-thong-tin,D84,Điểm thi THPT,2025,15.0,Công nghệ thông tin
44075,DPD,cong-nghe-thong-tin,X06,Điểm thi THPT,2025,15.0,Công nghệ thông tin
44076,DPD,cong-nghe-thong-tin,X26,Điểm thi THPT,2025,15.0,Công nghệ thông tin
44077,DPD,cong-nghe-thong-tin,X27,Điểm thi THPT,2025,15.0,Công nghệ thông tin
44078,DPD,ke-toan,A00,Điểm học bạ,2021,6.0,Kế toán
44079,DPD,ke-toan,A01,Điểm học bạ,2021,6.0,Kế toán
44080,DPD,ke-toan,D01,Điểm học bạ,2021,6.0,Kế toán
44081,DPD,ke-toan,A00,Điểm thi THPT,2021,14.0,Kế toán
44082,DPD,ke-toan,A01,Điểm thi THPT,2021,14.0,Kế toán
44083,DPD,ke-toan,D01,Điểm thi THPT,2021,14.0,Kế toán
44084,DPD,ke-toan,A00,Điểm học bạ,2022,19.5,Kế toán
44085,DPD,ke-toan,A01,Điểm học bạ,2022,19.5,Kế toán
44086,DPD,ke-toan,D01,Điểm học bạ,2022,19.5,Kế toán
44087,DPD,ke-toan,A00,Điểm thi THPT,2022,15.0,Kế toán
44088,DPD,ke-toan,A01,Điểm thi THPT,2022,15.0,Kế toán
44089,DPD,ke-toan,D01,Điểm thi THPT,2022,15.0,Kế toán
44090,DPD,ke-toan,A00,Điểm học bạ,2023,22.0,Kế toán
44091,DPD,ke-toan,A01,Điểm học bạ,2023,22.0,Kế toán
44092,DPD,ke-toan,D01,Điểm học bạ,2023,22.0,Kế toán
44093,DPD,ke-toan,A00,Điểm thi THPT,2023,16.0,Kế toán
44094,DPD,ke-toan,A01,Điểm thi THPT,2023,16.0,Kế toán
44095,DPD,ke-toan,D01,Điểm thi THPT,2023,16.0,Kế toán
44096,DPD,ke-toan,A00,Điểm học bạ,2024,20.0,Kế toán
44097,DPD,ke-toan,A01,Điểm học bạ,2024,20.0,Kế toán
44098,DPD,ke-toan,D01,Điểm học bạ,2024,20.0,Kế toán
44099,DPD,ke-toan,A00,Điểm thi THPT,2024,16.0,Kế toán
44100,DPD,ke-toan,A01,Điểm thi THPT,2024,16.0,Kế toán
44101,DPD,ke-toan,D01,Điểm thi THPT,2024,16.0,Kế toán
44102,DPD,ke-toan,A00,Điểm học bạ,2025,18.0,Kế toán
44103,DPD,ke-toan,A01,Điểm học bạ,2025,18.0,Kế toán
44104,DPD,ke-toan,C14,Điểm học bạ,2025,18.0,Kế toán
44105,DPD,ke-toan,D01,Điểm học bạ,2025,18.0,Kế toán
44106,DPD,ke-toan,D66,Điểm học bạ,2025,18.0,Kế toán
44107,DPD,ke-toan,D84,Điểm học bạ,2025,18.0,Kế toán
44108,DPD,ke-toan,A00,Điểm thi THPT,2025,15.0,Kế toán
44109,DPD,ke-toan,A01,Điểm thi THPT,2025,15.0,Kế toán
44110,DPD,ke-toan,C14,Điểm thi THPT,2025,15.0,Kế toán
44111,DPD,ke-toan,D01,Điểm thi THPT,2025,15.0,Kế toán
44112,DPD,ke-toan,D66,Điểm thi THPT,2025,15.0,Kế toán
44113,DPD,ke-toan,D84,Điểm thi THPT,2025,15.0,Kế toán
44114,DPD,kien-truc,H01,Điểm học bạ,2021,18.0,Kiến trúc
44115,DPD,kien-truc,V00,Điểm học bạ,2021,18.0,Kiến trúc
44116,DPD,kien-truc,V01,Điểm học bạ,2021,18.0,Kiến trúc
44117,DPD,kien-truc,V02,Điểm học bạ,2021,18.0,Kiến trúc
44118,DPD,kien-truc,H01,Điểm thi THPT,2021,14.0,Kiến trúc
44119,DPD,kien-truc,V00,Điểm thi THPT,2021,14.0,Kiến trúc
44120,DPD,kien-truc,V01,Điểm thi THPT,2021,14.0,Kiến trúc
44121,DPD,kien-truc,V02,Điểm thi THPT,2021,14.0,Kiến trúc
44122,DPD,kien-truc,D01,Điểm học bạ,2022,19.5,Kiến trúc
44123,DPD,kien-truc,H00,Điểm thi THPT,2022,15.0,Kiến trúc
44124,DPD,kien-truc,V00,Điểm thi THPT,2022,15.0,Kiến trúc
44125,DPD,kien-truc,V01,Điểm thi THPT,2022,19.0,Kiến trúc
44126,DPD,kien-truc,V02,Điểm thi THPT,2022,19.0,Kiến trúc
44127,DPD,kien-truc,H00,Điểm học bạ,2023,7.0,"Kiến trúc ( Kiến trúc công trình, Kiến trúc Đông Phương, Kiến trúc nội thất)"
44128,DPD,kien-truc,V00,Điểm học bạ,2023,7.0,"Kiến trúc ( Kiến trúc công trình, Kiến trúc Đông Phương, Kiến trúc nội thất)"
44129,DPD,kien-truc,V01,Điểm học bạ,2023,7.0,"Kiến trúc ( Kiến trúc công trình, Kiến trúc Đông Phương, Kiến trúc nội thất)"
44130,DPD,kien-truc,V02,Điểm học bạ,2023,7.0,"Kiến trúc ( Kiến trúc công trình, Kiến trúc Đông Phương, Kiến trúc nội thất)"
44131,DPD,kien-truc,H00,Điểm thi THPT,2023,20.0,Kiến trúc (Kiến trúc công trình. Kiến trúc Phưong Đông. Kiến trúc nội thất)
44132,DPD,kien-truc,V00,Điểm thi THPT,2023,20.0,Kiến trúc (Kiến trúc công trình. Kiến trúc Phưong Đông. Kiến trúc nội thất)
44133,DPD,kien-truc,V01,Điểm thi THPT,2023,20.0,Kiến trúc (Kiến trúc công trình. Kiến trúc Phưong Đông. Kiến trúc nội thất)
44134,DPD,kien-truc,V02,Điểm thi THPT,2023,20.0,Kiến trúc (Kiến trúc công trình. Kiến trúc Phưong Đông. Kiến trúc nội thất)
44135,DPD,kien-truc,H00,Điểm học bạ,2024,7.0,Kiến trúc
44136,DPD,kien-truc,V00,Điểm học bạ,2024,7.0,Kiến trúc
44137,DPD,kien-truc,V01,Điểm học bạ,2024,7.0,Kiến trúc
44138,DPD,kien-truc,V02,Điểm học bạ,2024,7.0,Kiến trúc
44139,DPD,kien-truc,H00,Điểm thi THPT,2024,15.0,Kiến trúc
44140,DPD,kien-truc,V00,Điểm thi THPT,2024,15.0,Kiến trúc
44141,DPD,kien-truc,V01,Điểm thi THPT,2024,20.0,Kiến trúc
44142,DPD,kien-truc,V02,Điểm thi THPT,2024,20.0,Kiến trúc
44143,DPD,kien-truc,H00,Điểm học bạ,2025,18.0,Kiến trúc
44144,DPD,kien-truc,V00,Điểm học bạ,2025,18.0,Kiến trúc
44145,DPD,kien-truc,V01,Điểm học bạ,2025,18.0,Kiến trúc
44146,DPD,kien-truc,V02,Điểm học bạ,2025,18.0,Kiến trúc
44147,DPD,kien-truc,H00,Điểm thi THPT,2025,15.0,Kiến trúc
44148,DPD,kien-truc,V00,Điểm thi THPT,2025,15.0,Kiến trúc
44149,DPD,kien-truc,V01,Điểm thi THPT,2025,15.0,Kiến trúc
44150,DPD,kien-truc,V02,Điểm thi THPT,2025,15.0,Kiến trúc
44151,DPD,kinh-te-xay-dung,A00,Điểm học bạ,2021,18.0,Kinh tế xây dựng
44152,DPD,kinh-te-xay-dung,A01,Điểm học bạ,2021,18.0,Kinh tế xây dựng
44153,DPD,kinh-te-xay-dung,C01,Điểm học bạ,2021,18.0,Kinh tế xây dựng
44154,DPD,kinh-te-xay-dung,D01,Điểm học bạ,2021,18.0,Kinh tế xây dựng
44155,DPD,kinh-te-xay-dung,A00,Điểm thi THPT,2021,14.0,Kinh tế xây dựng
44156,DPD,kinh-te-xay-dung,A01,Điểm thi THPT,2021,14.0,Kinh tế xây dựng
44157,DPD,kinh-te-xay-dung,C01,Điểm thi THPT,2021,14.0,Kinh tế xây dựng
44158,DPD,kinh-te-xay-dung,D01,Điểm thi THPT,2021,14.0,Kinh tế xây dựng
44159,DPD,kinh-te-xay-dung,H00,Điểm học bạ,2022,19.5,Kinh tế xây dựng
44160,DPD,kinh-te-xay-dung,V00,Điểm học bạ,2022,19.5,Kinh tế xây dựng
44161,DPD,kinh-te-xay-dung,V01,Điểm học bạ,2022,19.5,Kinh tế xây dựng
44162,DPD,kinh-te-xay-dung,V02,Điểm học bạ,2022,19.5,Kinh tế xây dựng
44163,DPD,kinh-te-xay-dung,A00,Điểm thi THPT,2022,15.0,Kinh tế xây dựng
44164,DPD,kinh-te-xay-dung,A01,Điểm thi THPT,2022,15.0,Kinh tế xây dựng
44165,DPD,kinh-te-xay-dung,C01,Điểm thi THPT,2022,15.0,Kinh tế xây dựng
44166,DPD,kinh-te-xay-dung,D01,Điểm thi THPT,2022,15.0,Kinh tế xây dựng
44167,DPD,kinh-te-xay-dung,A00,Điểm học bạ,2023,7.0,"Kinh tế xây dựng (Kinh tế và quản lý xây dựng, Quản lý dự án xây dựng)"
44168,DPD,kinh-te-xay-dung,A01,Điểm học bạ,2023,7.0,"Kinh tế xây dựng (Kinh tế và quản lý xây dựng, Quản lý dự án xây dựng)"
44169,DPD,kinh-te-xay-dung,C01,Điểm học bạ,2023,7.0,"Kinh tế xây dựng (Kinh tế và quản lý xây dựng, Quản lý dự án xây dựng)"
44170,DPD,kinh-te-xay-dung,D01,Điểm học bạ,2023,7.0,"Kinh tế xây dựng (Kinh tế và quản lý xây dựng, Quản lý dự án xây dựng)"
44171,DPD,kinh-te-xay-dung,A00,Điểm thi THPT,2023,15.0,Kinh tế xây dựng (Kinh tế và quản lý xây dựng. Quản lý dự án xây dựng)
44172,DPD,kinh-te-xay-dung,A01,Điểm thi THPT,2023,15.0,Kinh tế xây dựng (Kinh tế và quản lý xây dựng. Quản lý dự án xây dựng)
44173,DPD,kinh-te-xay-dung,C01,Điểm thi THPT,2023,15.0,Kinh tế xây dựng (Kinh tế và quản lý xây dựng. Quản lý dự án xây dựng)
44174,DPD,kinh-te-xay-dung,D01,Điểm thi THPT,2023,15.0,Kinh tế xây dựng (Kinh tế và quản lý xây dựng. Quản lý dự án xây dựng)
44175,DPD,kinh-te-xay-dung,A00,Điểm học bạ,2024,20.0,Kinh tế xây dựng
44176,DPD,kinh-te-xay-dung,A01,Điểm học bạ,2024,20.0,Kinh tế xây dựng
44177,DPD,kinh-te-xay-dung,C01,Điểm học bạ,2024,20.0,Kinh tế xây dựng
44178,DPD,kinh-te-xay-dung,D01,Điểm học bạ,2024,20.0,Kinh tế xây dựng
44179,DPD,kinh-te-xay-dung,A00,Điểm thi THPT,2024,15.0,Kinh tế xây dựng
44180,DPD,kinh-te-xay-dung,A01,Điểm thi THPT,2024,15.0,Kinh tế xây dựng
44181,DPD,kinh-te-xay-dung,C01,Điểm thi THPT,2024,15.0,Kinh tế xây dựng
44182,DPD,kinh-te-xay-dung,D01,Điểm thi THPT,2024,15.0,Kinh tế xây dựng
44183,DPD,kinh-te-xay-dung,A00,Điểm học bạ,2025,18.0,Kinh tế xây dựng
44184,DPD,kinh-te-xay-dung,A01,Điểm học bạ,2025,18.0,Kinh tế xây dựng
44185,DPD,kinh-te-xay-dung,C14,Điểm học bạ,2025,18.0,Kinh tế xây dựng
44186,DPD,kinh-te-xay-dung,D01,Điểm học bạ,2025,18.0,Kinh tế xây dựng
44187,DPD,kinh-te-xay-dung,D66,Điểm học bạ,2025,18.0,Kinh tế xây dựng
44188,DPD,kinh-te-xay-dung,D84,Điểm học bạ,2025,18.0,Kinh tế xây dựng
44189,DPD,kinh-te-xay-dung,A00,Điểm thi THPT,2025,15.0,Kinh tế xây dựng
44190,DPD,kinh-te-xay-dung,A01,Điểm thi THPT,2025,15.0,Kinh tế xây dựng
44191,DPD,kinh-te-xay-dung,C14,Điểm thi THPT,2025,15.0,Kinh tế xây dựng
44192,DPD,kinh-te-xay-dung,D01,Điểm thi THPT,2025,15.0,Kinh tế xây dựng
44193,DPD,kinh-te-xay-dung,D66,Điểm thi THPT,2025,15.0,Kinh tế xây dựng
44194,DPD,kinh-te-xay-dung,D84,Điểm thi THPT,2025,15.0,Kinh tế xây dựng
44195,DPD,ky-thuat-xay-dung,A00,Điểm học bạ,2021,6.0,Kỹ thuật xây dựng
44196,DPD,ky-thuat-xay-dung,A01,Điểm học bạ,2021,6.0,Kỹ thuật xây dựng
44197,DPD,ky-thuat-xay-dung,C01,Điểm học bạ,2021,6.0,Kỹ thuật xây dựng
44198,DPD,ky-thuat-xay-dung,D01,Điểm học bạ,2021,6.0,Kỹ thuật xây dựng
44199,DPD,ky-thuat-xay-dung,A00,Điểm thi THPT,2021,14.0,Kỹ thuật xây dựng
44200,DPD,ky-thuat-xay-dung,A01,Điểm thi THPT,2021,14.0,Kỹ thuật xây dựng
44201,DPD,ky-thuat-xay-dung,C01,Điểm thi THPT,2021,14.0,Kỹ thuật xây dựng
44202,DPD,ky-thuat-xay-dung,D01,Điểm thi THPT,2021,14.0,Kỹ thuật xây dựng
44203,DPD,ky-thuat-xay-dung,A00,Điểm học bạ,2022,19.5,Kỹ thuật xây dựng
44204,DPD,ky-thuat-xay-dung,A01,Điểm học bạ,2022,19.5,Kỹ thuật xây dựng
44205,DPD,ky-thuat-xay-dung,C01,Điểm học bạ,2022,19.5,Kỹ thuật xây dựng
44206,DPD,ky-thuat-xay-dung,D01,Điểm học bạ,2022,19.5,Kỹ thuật xây dựng
44207,DPD,ky-thuat-xay-dung,A00,Điểm thi THPT,2022,15.0,Kỹ thuật xây dựng
44208,DPD,ky-thuat-xay-dung,A01,Điểm thi THPT,2022,15.0,Kỹ thuật xây dựng
44209,DPD,ky-thuat-xay-dung,C01,Điểm thi THPT,2022,15.0,Kỹ thuật xây dựng
44210,DPD,ky-thuat-xay-dung,D01,Điểm thi THPT,2022,15.0,Kỹ thuật xây dựng
44211,DPD,ky-thuat-xay-dung,A00,Điểm học bạ,2023,7.0,Kỹ thuật xây dựng
44212,DPD,ky-thuat-xay-dung,A01,Điểm học bạ,2023,7.0,Kỹ thuật xây dựng
44213,DPD,ky-thuat-xay-dung,C01,Điểm học bạ,2023,7.0,Kỹ thuật xây dựng
44214,DPD,ky-thuat-xay-dung,D01,Điểm học bạ,2023,7.0,Kỹ thuật xây dựng
44215,DPD,ky-thuat-xay-dung,A00,Điểm thi THPT,2023,15.0,Kỹ thuật xây dựng
44216,DPD,ky-thuat-xay-dung,A01,Điểm thi THPT,2023,15.0,Kỹ thuật xây dựng
44217,DPD,ky-thuat-xay-dung,C01,Điểm thi THPT,2023,15.0,Kỹ thuật xây dựng
44218,DPD,ky-thuat-xay-dung,D01,Điểm thi THPT,2023,15.0,Kỹ thuật xây dựng
44219,DPD,ky-thuat-xay-dung,A00,Điểm học bạ,2024,20.0,Kỹ thuật xây dựng
44220,DPD,ky-thuat-xay-dung,A01,Điểm học bạ,2024,20.0,Kỹ thuật xây dựng
44221,DPD,ky-thuat-xay-dung,C01,Điểm học bạ,2024,20.0,Kỹ thuật xây dựng
44222,DPD,ky-thuat-xay-dung,D01,Điểm học bạ,2024,20.0,Kỹ thuật xây dựng
44223,DPD,ky-thuat-xay-dung,A00,Điểm thi THPT,2024,15.0,Kỹ thuật xây dựng
44224,DPD,ky-thuat-xay-dung,A01,Điểm thi THPT,2024,15.0,Kỹ thuật xây dựng
44225,DPD,ky-thuat-xay-dung,C01,Điểm thi THPT,2024,15.0,Kỹ thuật xây dựng
44226,DPD,ky-thuat-xay-dung,D01,Điểm thi THPT,2024,15.0,Kỹ thuật xây dựng
44227,DPD,ky-thuat-xay-dung,A00,Điểm học bạ,2025,18.0,Kỹ thuật xây dựng
44228,DPD,ky-thuat-xay-dung,A01,Điểm học bạ,2025,18.0,Kỹ thuật xây dựng
44229,DPD,ky-thuat-xay-dung,D01,Điểm học bạ,2025,18.0,Kỹ thuật xây dựng
44230,DPD,ky-thuat-xay-dung,X06,Điểm học bạ,2025,18.0,Kỹ thuật xây dựng
44231,DPD,ky-thuat-xay-dung,X07,Điểm học bạ,2025,18.0,Kỹ thuật xây dựng
44232,DPD,ky-thuat-xay-dung,A00,Điểm thi THPT,2025,15.0,Kỹ thuật xây dựng
44233,DPD,ky-thuat-xay-dung,A01,Điểm thi THPT,2025,15.0,Kỹ thuật xây dựng
44234,DPD,ky-thuat-xay-dung,D01,Điểm thi THPT,2025,15.0,Kỹ thuật xây dựng
44235,DPD,ky-thuat-xay-dung,X06,Điểm thi THPT,2025,15.0,Kỹ thuật xây dựng
44236,DPD,ky-thuat-xay-dung,X07,Điểm thi THPT,2025,15.0,Kỹ thuật xây dựng
44237,DPD,ngon-ngu-anh,D01,Điểm học bạ,2021,18.0,Ngôn ngữ Anh
44238,DPD,ngon-ngu-anh,D01,Điểm thi THPT,2021,14.0,Ngôn ngữ Anh
44239,DPD,ngon-ngu-anh,D01,Điểm học bạ,2022,19.5,Ngôn ngữ Anh
44240,DPD,ngon-ngu-anh,D04,Điểm học bạ,2022,19.5,Ngôn ngữ Anh
44241,DPD,ngon-ngu-anh,D01,Điểm thi THPT,2022,15.0,Ngôn ngữ Anh
44242,DPD,ngon-ngu-anh,D01,Điểm học bạ,2023,20.0,Ngôn ngữ Anh
44243,DPD,ngon-ngu-anh,D01,Điểm thi THPT,2023,20.0,Ngôn ngữ Anh
44244,DPD,ngon-ngu-anh,D01,Điểm học bạ,2024,22.0,Ngôn ngữ Anh
44245,DPD,ngon-ngu-anh,D01,Điểm thi THPT,2024,18.0,Ngôn ngữ Anh
44246,DPD,ngon-ngu-anh,D01,Điểm học bạ,2025,18.0,Ngôn ngữ Anh
44247,DPD,ngon-ngu-anh,D01,Điểm thi THPT,2025,15.0,Ngôn ngữ Anh
44248,DPD,ngon-ngu-nhat,A00,Điểm học bạ,2022,19.5,Ngôn ngữ Nhật
44249,DPD,ngon-ngu-nhat,A01,Điểm học bạ,2022,19.5,Ngôn ngữ Nhật
44250,DPD,ngon-ngu-nhat,C00,Điểm học bạ,2022,19.5,Ngôn ngữ Nhật
44251,DPD,ngon-ngu-nhat,D01,Điểm học bạ,2022,19.5,Ngôn ngữ Nhật
44252,DPD,ngon-ngu-nhat,D01,Điểm thi THPT,2022,15.0,Ngôn ngữ Nhật
44253,DPD,ngon-ngu-nhat,D06,Điểm thi THPT,2022,15.0,Ngôn ngữ Nhật
44254,DPD,ngon-ngu-nhat,D01,Điểm học bạ,2023,20.0,Ngôn ngữ Nhật
44255,DPD,ngon-ngu-nhat,D06,Điểm học bạ,2023,20.0,Ngôn ngữ Nhật
44256,DPD,ngon-ngu-nhat,D01,Điểm thi THPT,2023,20.0,Ngôn ngữ Nhật
44257,DPD,ngon-ngu-nhat,D06,Điểm thi THPT,2023,20.0,Ngôn ngữ Nhật
44258,DPD,ngon-ngu-nhat,D01,Điểm học bạ,2024,20.0,Ngôn ngữ Nhật
44259,DPD,ngon-ngu-nhat,D06,Điểm học bạ,2024,20.0,Ngôn ngữ Nhật
44260,DPD,ngon-ngu-nhat,D01,Điểm thi THPT,2024,15.0,Ngôn ngữ Nhật
44261,DPD,ngon-ngu-nhat,D06,Điểm thi THPT,2024,15.0,Ngôn ngữ Nhật
44262,DPD,ngon-ngu-nhat,D01,Điểm học bạ,2025,18.0,Ngôn ngữ Nhật
44263,DPD,ngon-ngu-nhat,D06,Điểm học bạ,2025,18.0,Ngôn ngữ Nhật
44264,DPD,ngon-ngu-nhat,D01,Điểm thi THPT,2025,15.0,Ngôn ngữ Nhật
44265,DPD,ngon-ngu-nhat,D06,Điểm thi THPT,2025,15.0,Ngôn ngữ Nhật
44266,DPD,ngon-ngu-nhat-ban,D01,Điểm học bạ,2021,18.0,Ngôn ngữ Nhật Bản
44267,DPD,ngon-ngu-nhat-ban,D06,Điểm học bạ,2021,18.0,Ngôn ngữ Nhật Bản
44268,DPD,ngon-ngu-nhat-ban,D01,Điểm thi THPT,2021,16.0,Ngôn ngữ Nhật Bản
44269,DPD,ngon-ngu-nhat-ban,D06,Điểm thi THPT,2021,16.0,Ngôn ngữ Nhật Bản
44270,DPD,ngon-ngu-trung-quoc,D01,Điểm học bạ,2021,18.0,Ngôn ngữ Trung Quốc
44271,DPD,ngon-ngu-trung-quoc,D04,Điểm học bạ,2021,18.0,Ngôn ngữ Trung Quốc
44272,DPD,ngon-ngu-trung-quoc,D01,Điểm thi THPT,2021,16.0,Ngôn ngữ Trung Quốc
44273,DPD,ngon-ngu-trung-quoc,D04,Điểm thi THPT,2021,16.0,Ngôn ngữ Trung Quốc
44274,DPD,ngon-ngu-trung-quoc,D01,Điểm học bạ,2022,21.5,Ngôn ngữ Trung Quốc
44275,DPD,ngon-ngu-trung-quoc,D06,Điểm học bạ,2022,21.5,Ngôn ngữ Trung Quốc
44276,DPD,ngon-ngu-trung-quoc,D01,Điểm thi THPT,2022,21.0,Ngôn ngữ Trung Quốc
44277,DPD,ngon-ngu-trung-quoc,D04,Điểm thi THPT,2022,21.0,Ngôn ngữ Trung Quốc
44278,DPD,ngon-ngu-trung-quoc,D01,Điểm học bạ,2023,25.0,Ngôn ngữ Trung Quốc
44279,DPD,ngon-ngu-trung-quoc,D04,Điểm học bạ,2023,25.0,Ngôn ngữ Trung Quốc
44280,DPD,ngon-ngu-trung-quoc,D01,Điểm thi THPT,2023,24.0,Ngôn ngữ Trung Quốc
44281,DPD,ngon-ngu-trung-quoc,D04,Điểm thi THPT,2023,24.0,Ngôn ngữ Trung Quốc
44282,DPD,ngon-ngu-trung-quoc,D01,Điểm học bạ,2024,25.0,Ngôn ngữ Trung Quốc
44283,DPD,ngon-ngu-trung-quoc,D04,Điểm học bạ,2024,25.0,Ngôn ngữ Trung Quốc
44284,DPD,ngon-ngu-trung-quoc,D01,Điểm thi THPT,2024,24.0,Ngôn ngữ Trung Quốc
44285,DPD,ngon-ngu-trung-quoc,D04,Điểm thi THPT,2024,24.0,Ngôn ngữ Trung Quốc
44286,DPD,ngon-ngu-trung-quoc,D01,Điểm học bạ,2025,21.0,Ngôn ngữ Trung Quốc
44287,DPD,ngon-ngu-trung-quoc,D04,Điểm học bạ,2025,21.0,Ngôn ngữ Trung Quốc
44288,DPD,ngon-ngu-trung-quoc,D01,Điểm thi THPT,2025,18.0,Ngôn ngữ Trung Quốc
44289,DPD,ngon-ngu-trung-quoc,D04,Điểm thi THPT,2025,18.0,Ngôn ngữ Trung Quốc
44290,DPD,quan-tri-dich-vu-du-lich-va-lu-hanh,A00,Điểm học bạ,2021,6.0,Quản trị Dịch vụ du lịch và lữ hành
44291,DPD,quan-tri-dich-vu-du-lich-va-lu-hanh,A01,Điểm học bạ,2021,6.0,Quản trị Dịch vụ du lịch và lữ hành
44292,DPD,quan-tri-dich-vu-du-lich-va-lu-hanh,C00,Điểm học bạ,2021,6.0,Quản trị Dịch vụ du lịch và lữ hành
44293,DPD,quan-tri-dich-vu-du-lich-va-lu-hanh,D01,Điểm học bạ,2021,6.0,Quản trị Dịch vụ du lịch và lữ hành
44294,DPD,quan-tri-dich-vu-du-lich-va-lu-hanh,A00,Điểm thi THPT,2021,14.0,Quản trị Dịch vụ du lịch và lữ hành
44295,DPD,quan-tri-dich-vu-du-lich-va-lu-hanh,A01,Điểm thi THPT,2021,14.0,Quản trị Dịch vụ du lịch và lữ hành
44296,DPD,quan-tri-dich-vu-du-lich-va-lu-hanh,C00,Điểm thi THPT,2021,14.0,Quản trị Dịch vụ du lịch và lữ hành
44297,DPD,quan-tri-dich-vu-du-lich-va-lu-hanh,D01,Điểm thi THPT,2021,14.0,Quản trị Dịch vụ du lịch và lữ hành
44298,DPD,quan-tri-dich-vu-du-lich-va-lu-hanh,A01,Điểm học bạ,2022,19.5,Quản trị Dịch vụ du lịch và Lữ hành
44299,DPD,quan-tri-dich-vu-du-lich-va-lu-hanh,C03,Điểm học bạ,2022,19.5,Quản trị Dịch vụ du lịch và Lữ hành
44300,DPD,quan-tri-dich-vu-du-lich-va-lu-hanh,D01,Điểm học bạ,2022,19.5,Quản trị Dịch vụ du lịch và Lữ hành
44301,DPD,quan-tri-dich-vu-du-lich-va-lu-hanh,D09,Điểm học bạ,2022,19.5,Quản trị Dịch vụ du lịch và Lữ hành
44302,DPD,quan-tri-dich-vu-du-lich-va-lu-hanh,A00,Điểm thi THPT,2022,15.0,Quản trị Dịch vụ du lịch và Lữ hành
44303,DPD,quan-tri-dich-vu-du-lich-va-lu-hanh,A01,Điểm thi THPT,2022,15.0,Quản trị Dịch vụ du lịch và Lữ hành
44304,DPD,quan-tri-dich-vu-du-lich-va-lu-hanh,C00,Điểm thi THPT,2022,15.0,Quản trị Dịch vụ du lịch và Lữ hành
44305,DPD,quan-tri-dich-vu-du-lich-va-lu-hanh,D01,Điểm thi THPT,2022,15.0,Quản trị Dịch vụ du lịch và Lữ hành
44306,DPD,quan-tri-dich-vu-du-lich-va-lu-hanh,A00,Điểm học bạ,2023,22.5,"Quản trị Dịch vụ du lịch và Lữ hành (Quản trị dịch vụ du lịch và lữ hành, Hướng dẫn du lịch)"
44307,DPD,quan-tri-dich-vu-du-lich-va-lu-hanh,A01,Điểm học bạ,2023,22.5,"Quản trị Dịch vụ du lịch và Lữ hành (Quản trị dịch vụ du lịch và lữ hành, Hướng dẫn du lịch)"
44308,DPD,quan-tri-dich-vu-du-lich-va-lu-hanh,C00,Điểm học bạ,2023,22.5,"Quản trị Dịch vụ du lịch và Lữ hành (Quản trị dịch vụ du lịch và lữ hành, Hướng dẫn du lịch)"
44309,DPD,quan-tri-dich-vu-du-lich-va-lu-hanh,D01,Điểm học bạ,2023,22.5,"Quản trị Dịch vụ du lịch và Lữ hành (Quản trị dịch vụ du lịch và lữ hành, Hướng dẫn du lịch)"
44310,DPD,quan-tri-dich-vu-du-lich-va-lu-hanh,A00,Điểm thi THPT,2023,18.0,"Quản trị Dịch vụ du lịch và lữ hành (Quản trị dịch vụ du lịch và lữ hành, Hướng dẫn du lịch)"
44311,DPD,quan-tri-dich-vu-du-lich-va-lu-hanh,A01,Điểm thi THPT,2023,18.0,"Quản trị Dịch vụ du lịch và lữ hành (Quản trị dịch vụ du lịch và lữ hành, Hướng dẫn du lịch)"
44312,DPD,quan-tri-dich-vu-du-lich-va-lu-hanh,C00,Điểm thi THPT,2023,18.0,"Quản trị Dịch vụ du lịch và lữ hành (Quản trị dịch vụ du lịch và lữ hành, Hướng dẫn du lịch)"
44313,DPD,quan-tri-dich-vu-du-lich-va-lu-hanh,D01,Điểm thi THPT,2023,18.0,"Quản trị Dịch vụ du lịch và lữ hành (Quản trị dịch vụ du lịch và lữ hành, Hướng dẫn du lịch)"
44314,DPD,quan-tri-dich-vu-du-lich-va-lu-hanh,A00,Điểm học bạ,2024,8.0,Quản trị Dịch vụ du lịch và Lữ hành
44315,DPD,quan-tri-dich-vu-du-lich-va-lu-hanh,A01,Điểm học bạ,2024,8.0,Quản trị Dịch vụ du lịch và Lữ hành
44316,DPD,quan-tri-dich-vu-du-lich-va-lu-hanh,C00,Điểm học bạ,2024,8.0,Quản trị Dịch vụ du lịch và Lữ hành
44317,DPD,quan-tri-dich-vu-du-lich-va-lu-hanh,D01,Điểm học bạ,2024,8.0,Quản trị Dịch vụ du lịch và Lữ hành
44318,DPD,quan-tri-dich-vu-du-lich-va-lu-hanh,A00,Điểm thi THPT,2024,16.0,Quản trị dịch vụ du lịch và lữ hành
44319,DPD,quan-tri-dich-vu-du-lich-va-lu-hanh,A01,Điểm thi THPT,2024,16.0,Quản trị dịch vụ du lịch và lữ hành
44320,DPD,quan-tri-dich-vu-du-lich-va-lu-hanh,C00,Điểm thi THPT,2024,16.0,Quản trị dịch vụ du lịch và lữ hành
44321,DPD,quan-tri-dich-vu-du-lich-va-lu-hanh,D01,Điểm thi THPT,2024,16.0,Quản trị dịch vụ du lịch và lữ hành
44322,DPD,quan-tri-dich-vu-du-lich-va-lu-hanh,A00,Điểm học bạ,2025,20.0,Quản trị dịch vụ du lịch và lữ hành
44323,DPD,quan-tri-dich-vu-du-lich-va-lu-hanh,C00,Điểm học bạ,2025,20.0,Quản trị dịch vụ du lịch và lữ hành
44324,DPD,quan-tri-dich-vu-du-lich-va-lu-hanh,C19,Điểm học bạ,2025,20.0,Quản trị dịch vụ du lịch và lữ hành
44325,DPD,quan-tri-dich-vu-du-lich-va-lu-hanh,C20,Điểm học bạ,2025,20.0,Quản trị dịch vụ du lịch và lữ hành
44326,DPD,quan-tri-dich-vu-du-lich-va-lu-hanh,D01,Điểm học bạ,2025,20.0,Quản trị dịch vụ du lịch và lữ hành
44327,DPD,quan-tri-dich-vu-du-lich-va-lu-hanh,D15,Điểm học bạ,2025,20.0,Quản trị dịch vụ du lịch và lữ hành
44328,DPD,quan-tri-dich-vu-du-lich-va-lu-hanh,D66,Điểm học bạ,2025,20.0,Quản trị dịch vụ du lịch và lữ hành
44329,DPD,quan-tri-dich-vu-du-lich-va-lu-hanh,A00,Điểm thi THPT,2025,17.0,Quản trị dịch vụ du lịch và lữ hành
44330,DPD,quan-tri-dich-vu-du-lich-va-lu-hanh,C00,Điểm thi THPT,2025,17.0,Quản trị dịch vụ du lịch và lữ hành
44331,DPD,quan-tri-dich-vu-du-lich-va-lu-hanh,C19,Điểm thi THPT,2025,17.0,Quản trị dịch vụ du lịch và lữ hành
44332,DPD,quan-tri-dich-vu-du-lich-va-lu-hanh,C20,Điểm thi THPT,2025,17.0,Quản trị dịch vụ du lịch và lữ hành
44333,DPD,quan-tri-dich-vu-du-lich-va-lu-hanh,D01,Điểm thi THPT,2025,17.0,Quản trị dịch vụ du lịch và lữ hành
44334,DPD,quan-tri-dich-vu-du-lich-va-lu-hanh,D15,Điểm thi THPT,2025,17.0,Quản trị dịch vụ du lịch và lữ hành
44335,DPD,quan-tri-dich-vu-du-lich-va-lu-hanh,D66,Điểm thi THPT,2025,17.0,Quản trị dịch vụ du lịch và lữ hành
44336,DPD,quan-tri-kinh-doanh,A00,Điểm học bạ,2021,18.0,Quản trị kinh doanh
44337,DPD,quan-tri-kinh-doanh,A01,Điểm học bạ,2021,18.0,Quản trị kinh doanh
44338,DPD,quan-tri-kinh-doanh,D01,Điểm học bạ,2021,18.0,Quản trị kinh doanh
44339,DPD,quan-tri-kinh-doanh,A00,Điểm thi THPT,2021,15.0,Quản trị kinh doanh
44340,DPD,quan-tri-kinh-doanh,A01,Điểm thi THPT,2021,15.0,Quản trị kinh doanh
44341,DPD,quan-tri-kinh-doanh,D01,Điểm thi THPT,2021,15.0,Quản trị kinh doanh
44342,DPD,quan-tri-kinh-doanh,A00,Điểm học bạ,2022,21.5,Quản trị kinh doanh
44343,DPD,quan-tri-kinh-doanh,A01,Điểm học bạ,2022,21.5,Quản trị kinh doanh
44344,DPD,quan-tri-kinh-doanh,D01,Điểm học bạ,2022,21.5,Quản trị kinh doanh
44345,DPD,quan-tri-kinh-doanh,A00,Điểm thi THPT,2022,16.0,Quản trị kinh doanh
44346,DPD,quan-tri-kinh-doanh,A01,Điểm thi THPT,2022,16.0,Quản trị kinh doanh
44347,DPD,quan-tri-kinh-doanh,D01,Điểm thi THPT,2022,16.0,Quản trị kinh doanh
44348,DPD,quan-tri-kinh-doanh,A00,Điểm học bạ,2023,24.0,Quản trị kinh doanh
44349,DPD,quan-tri-kinh-doanh,A01,Điểm học bạ,2023,24.0,Quản trị kinh doanh
44350,DPD,quan-tri-kinh-doanh,D01,Điểm học bạ,2023,24.0,Quản trị kinh doanh
44351,DPD,quan-tri-kinh-doanh,A00,Điểm thi THPT,2023,20.0,Quản trị kinh doanh
44352,DPD,quan-tri-kinh-doanh,A01,Điểm thi THPT,2023,20.0,Quản trị kinh doanh
44353,DPD,quan-tri-kinh-doanh,D01,Điểm thi THPT,2023,20.0,Quản trị kinh doanh
44354,DPD,quan-tri-kinh-doanh,A00,Điểm học bạ,2024,22.0,Quản trị kinh doanh
44355,DPD,quan-tri-kinh-doanh,A01,Điểm học bạ,2024,22.0,Quản trị kinh doanh
44356,DPD,quan-tri-kinh-doanh,D01,Điểm học bạ,2024,22.0,Quản trị kinh doanh
44357,DPD,quan-tri-kinh-doanh,A00,Điểm thi THPT,2024,16.0,Quản trị kinh doanh
44358,DPD,quan-tri-kinh-doanh,A01,Điểm thi THPT,2024,16.0,Quản trị kinh doanh
44359,DPD,quan-tri-kinh-doanh,D01,Điểm thi THPT,2024,16.0,Quản trị kinh doanh
44360,DPD,quan-tri-kinh-doanh,A00,Điểm học bạ,2025,19.0,Quản trị kinh doanh
44361,DPD,quan-tri-kinh-doanh,A01,Điểm học bạ,2025,19.0,Quản trị kinh doanh
44362,DPD,quan-tri-kinh-doanh,C14,Điểm học bạ,2025,19.0,Quản trị kinh doanh
44363,DPD,quan-tri-kinh-doanh,D01,Điểm học bạ,2025,19.0,Quản trị kinh doanh
44364,DPD,quan-tri-kinh-doanh,D66,Điểm học bạ,2025,19.0,Quản trị kinh doanh
44365,DPD,quan-tri-kinh-doanh,D84,Điểm học bạ,2025,19.0,Quản trị kinh doanh
44366,DPD,quan-tri-kinh-doanh,A00,Điểm thi THPT,2025,16.0,Quản trị kinh doanh
44367,DPD,quan-tri-kinh-doanh,A01,Điểm thi THPT,2025,16.0,Quản trị kinh doanh
44368,DPD,quan-tri-kinh-doanh,C14,Điểm thi THPT,2025,16.0,Quản trị kinh doanh
44369,DPD,quan-tri-kinh-doanh,D01,Điểm thi THPT,2025,16.0,Quản trị kinh doanh
44370,DPD,quan-tri-kinh-doanh,D66,Điểm thi THPT,2025,16.0,Quản trị kinh doanh
44371,DPD,quan-tri-kinh-doanh,D84,Điểm thi THPT,2025,16.0,Quản trị kinh doanh
44372,DPD,quan-tri-van-phong,A00,Điểm học bạ,2021,6.0,Quản trị văn phòng
44373,DPD,quan-tri-van-phong,A01,Điểm học bạ,2021,6.0,Quản trị văn phòng
44374,DPD,quan-tri-van-phong,C00,Điểm học bạ,2021,6.0,Quản trị văn phòng
44375,DPD,quan-tri-van-phong,D01,Điểm học bạ,2021,6.0,Quản trị văn phòng
44376,DPD,quan-tri-van-phong,A00,Điểm thi THPT,2021,14.0,Quản trị văn phòng
44377,DPD,quan-tri-van-phong,A01,Điểm thi THPT,2021,14.0,Quản trị văn phòng
44378,DPD,quan-tri-van-phong,C00,Điểm thi THPT,2021,14.0,Quản trị văn phòng
44379,DPD,quan-tri-van-phong,D01,Điểm thi THPT,2021,14.0,Quản trị văn phòng
44380,DPD,quan-tri-van-phong,A00,Điểm học bạ,2022,19.5,Quản trị văn phòng
44381,DPD,quan-tri-van-phong,A01,Điểm học bạ,2022,19.5,Quản trị văn phòng
44382,DPD,quan-tri-van-phong,C00,Điểm học bạ,2022,19.5,Quản trị văn phòng
44383,DPD,quan-tri-van-phong,D01,Điểm học bạ,2022,19.5,Quản trị văn phòng
44384,DPD,quan-tri-van-phong,A00,Điểm thi THPT,2022,15.0,Quản trị văn phòng
44385,DPD,quan-tri-van-phong,A01,Điểm thi THPT,2022,15.0,Quản trị văn phòng
44386,DPD,quan-tri-van-phong,C00,Điểm thi THPT,2022,15.0,Quản trị văn phòng
44387,DPD,quan-tri-van-phong,D01,Điểm thi THPT,2022,15.0,Quản trị văn phòng
44388,DPD,quan-tri-van-phong,A00,Điểm học bạ,2023,20.0,Quản trị văn phòng
44389,DPD,quan-tri-van-phong,A01,Điểm học bạ,2023,20.0,Quản trị văn phòng
44390,DPD,quan-tri-van-phong,C00,Điểm học bạ,2023,20.0,Quản trị văn phòng
44391,DPD,quan-tri-van-phong,D01,Điểm học bạ,2023,20.0,Quản trị văn phòng
44392,DPD,quan-tri-van-phong,A00,Điểm thi THPT,2023,15.0,Quản trị văn phòng
44393,DPD,quan-tri-van-phong,A01,Điểm thi THPT,2023,15.0,Quản trị văn phòng
44394,DPD,quan-tri-van-phong,C00,Điểm thi THPT,2023,15.0,Quản trị văn phòng
44395,DPD,quan-tri-van-phong,D01,Điểm thi THPT,2023,15.0,Quản trị văn phòng
44396,DPD,quan-tri-van-phong,A00,Điểm học bạ,2024,7.5,Quản trị văn phòng
44397,DPD,quan-tri-van-phong,A01,Điểm học bạ,2024,7.5,Quản trị văn phòng
44398,DPD,quan-tri-van-phong,C00,Điểm học bạ,2024,7.5,Quản trị văn phòng
44399,DPD,quan-tri-van-phong,D01,Điểm học bạ,2024,7.5,Quản trị văn phòng
44400,DPD,quan-tri-van-phong,A00,Điểm thi THPT,2024,15.0,Quản trị văn phòng
44401,DPD,quan-tri-van-phong,A01,Điểm thi THPT,2024,15.0,Quản trị văn phòng
44402,DPD,quan-tri-van-phong,C00,Điểm thi THPT,2024,15.0,Quản trị văn phòng
44403,DPD,quan-tri-van-phong,D01,Điểm thi THPT,2024,15.0,Quản trị văn phòng
44404,DPD,quan-tri-van-phong,A00,Điểm học bạ,2025,18.0,Quản trị văn phòng
44405,DPD,quan-tri-van-phong,C00,Điểm học bạ,2025,18.0,Quản trị văn phòng
44406,DPD,quan-tri-van-phong,C14,Điểm học bạ,2025,18.0,Quản trị văn phòng
44407,DPD,quan-tri-van-phong,C19,Điểm học bạ,2025,18.0,Quản trị văn phòng
44408,DPD,quan-tri-van-phong,C20,Điểm học bạ,2025,18.0,Quản trị văn phòng
44409,DPD,quan-tri-van-phong,D01,Điểm học bạ,2025,18.0,Quản trị văn phòng
44410,DPD,quan-tri-van-phong,D14,Điểm học bạ,2025,18.0,Quản trị văn phòng
44411,DPD,quan-tri-van-phong,D66,Điểm học bạ,2025,18.0,Quản trị văn phòng
44412,DPD,quan-tri-van-phong,A00,Điểm thi THPT,2025,15.0,Quản trị văn phòng
44413,DPD,quan-tri-van-phong,C00,Điểm thi THPT,2025,15.0,Quản trị văn phòng
44414,DPD,quan-tri-van-phong,C14,Điểm thi THPT,2025,15.0,Quản trị văn phòng
44415,DPD,quan-tri-van-phong,C19,Điểm thi THPT,2025,15.0,Quản trị văn phòng
44416,DPD,quan-tri-van-phong,C20,Điểm thi THPT,2025,15.0,Quản trị văn phòng
44417,DPD,quan-tri-van-phong,D01,Điểm thi THPT,2025,15.0,Quản trị văn phòng
44418,DPD,quan-tri-van-phong,D14,Điểm thi THPT,2025,15.0,Quản trị văn phòng
44419,DPD,quan-tri-van-phong,D66,Điểm thi THPT,2025,15.0,Quản trị văn phòng
44420,DPD,tai-chinh-ngan-hang,A00,Điểm học bạ,2021,18.0,Tài chính - Ngân hàng
44421,DPD,tai-chinh-ngan-hang,A01,Điểm học bạ,2021,18.0,Tài chính - Ngân hàng
44422,DPD,tai-chinh-ngan-hang,D01,Điểm học bạ,2021,18.0,Tài chính - Ngân hàng
44423,DPD,tai-chinh-ngan-hang,A00,Điểm thi THPT,2021,14.0,Tài chính - Ngân hàng
44424,DPD,tai-chinh-ngan-hang,A01,Điểm thi THPT,2021,14.0,Tài chính - Ngân hàng
44425,DPD,tai-chinh-ngan-hang,D01,Điểm thi THPT,2021,14.0,Tài chính - Ngân hàng
44426,DPD,tai-chinh-ngan-hang,A00,Điểm học bạ,2022,19.5,Tài chính - Ngân hàng
44427,DPD,tai-chinh-ngan-hang,A01,Điểm học bạ,2022,19.5,Tài chính - Ngân hàng
44428,DPD,tai-chinh-ngan-hang,D01,Điểm học bạ,2022,19.5,Tài chính - Ngân hàng
44429,DPD,tai-chinh-ngan-hang,A00,Điểm thi THPT,2022,15.0,Tài chính - Ngân hàng
44430,DPD,tai-chinh-ngan-hang,A01,Điểm thi THPT,2022,15.0,Tài chính - Ngân hàng
44431,DPD,tai-chinh-ngan-hang,D01,Điểm thi THPT,2022,15.0,Tài chính - Ngân hàng
44432,DPD,tai-chinh-ngan-hang,A00,Điểm học bạ,2023,21.0,Tài chính - Ngân hàng
44433,DPD,tai-chinh-ngan-hang,A01,Điểm học bạ,2023,21.0,Tài chính - Ngân hàng
44434,DPD,tai-chinh-ngan-hang,D01,Điểm học bạ,2023,21.0,Tài chính - Ngân hàng
44435,DPD,tai-chinh-ngan-hang,A00,Điểm thi THPT,2023,16.0,Tài chính - Ngân hàng
44436,DPD,tai-chinh-ngan-hang,A01,Điểm thi THPT,2023,16.0,Tài chính - Ngân hàng
44437,DPD,tai-chinh-ngan-hang,D01,Điểm thi THPT,2023,16.0,Tài chính - Ngân hàng
44438,DPD,tai-chinh-ngan-hang,A00,Điểm học bạ,2024,7.5,Tài chính - Ngàn hàng
44439,DPD,tai-chinh-ngan-hang,A01,Điểm học bạ,2024,7.5,Tài chính - Ngàn hàng
44440,DPD,tai-chinh-ngan-hang,D01,Điểm học bạ,2024,7.5,Tài chính - Ngàn hàng
44441,DPD,tai-chinh-ngan-hang,A00,Điểm thi THPT,2024,16.0,Tài chính ngân hàng
44442,DPD,tai-chinh-ngan-hang,A01,Điểm thi THPT,2024,16.0,Tài chính ngân hàng
44443,DPD,tai-chinh-ngan-hang,D01,Điểm thi THPT,2024,16.0,Tài chính ngân hàng
44444,DPD,tai-chinh-ngan-hang,A00,Điểm học bạ,2025,18.0,Tài chính ngân hàng
44445,DPD,tai-chinh-ngan-hang,A01,Điểm học bạ,2025,18.0,Tài chính ngân hàng
44446,DPD,tai-chinh-ngan-hang,C14,Điểm học bạ,2025,18.0,Tài chính ngân hàng
44447,DPD,tai-chinh-ngan-hang,D01,Điểm học bạ,2025,18.0,Tài chính ngân hàng
44448,DPD,tai-chinh-ngan-hang,D66,Điểm học bạ,2025,18.0,Tài chính ngân hàng
44449,DPD,tai-chinh-ngan-hang,D84,Điểm học bạ,2025,18.0,Tài chính ngân hàng
44450,DPD,tai-chinh-ngan-hang,A00,Điểm thi THPT,2025,15.0,Tài chính ngân hàng
44451,DPD,tai-chinh-ngan-hang,A01,Điểm thi THPT,2025,15.0,Tài chính ngân hàng
44452,DPD,tai-chinh-ngan-hang,C14,Điểm thi THPT,2025,15.0,Tài chính ngân hàng
44453,DPD,tai-chinh-ngan-hang,D01,Điểm thi THPT,2025,15.0,Tài chính ngân hàng
44454,DPD,tai-chinh-ngan-hang,D66,Điểm thi THPT,2025,15.0,Tài chính ngân hàng
44455,DPD,tai-chinh-ngan-hang,D84,Điểm thi THPT,2025,15.0,Tài chính ngân hàng
44456,DPD,thuong-mai-dien-tu,A00,Điểm học bạ,2021,6.0,Thương mại điện tử
44457,DPD,thuong-mai-dien-tu,A01,Điểm học bạ,2021,6.0,Thương mại điện tử
44458,DPD,thuong-mai-dien-tu,C01,Điểm học bạ,2021,6.0,Thương mại điện tử
44459,DPD,thuong-mai-dien-tu,D01,Điểm học bạ,2021,6.0,Thương mại điện tử
44460,DPD,thuong-mai-dien-tu,A00,Điểm thi THPT,2021,14.0,Thương mại điện tử
44461,DPD,thuong-mai-dien-tu,A01,Điểm thi THPT,2021,14.0,Thương mại điện tử
44462,DPD,thuong-mai-dien-tu,C01,Điểm thi THPT,2021,14.0,Thương mại điện tử
44463,DPD,thuong-mai-dien-tu,D01,Điểm thi THPT,2021,14.0,Thương mại điện tử
44464,DPD,thuong-mai-dien-tu,A00,Điểm học bạ,2022,19.5,Thương mại điện tử
44465,DPD,thuong-mai-dien-tu,A01,Điểm học bạ,2022,19.5,Thương mại điện tử
44466,DPD,thuong-mai-dien-tu,C01,Điểm học bạ,2022,19.5,Thương mại điện tử
44467,DPD,thuong-mai-dien-tu,D01,Điểm học bạ,2022,19.5,Thương mại điện tử
44468,DPD,thuong-mai-dien-tu,A00,Điểm thi THPT,2022,15.0,Thương mại điện tử
44469,DPD,thuong-mai-dien-tu,A01,Điểm thi THPT,2022,15.0,Thương mại điện tử
44470,DPD,thuong-mai-dien-tu,C01,Điểm thi THPT,2022,15.0,Thương mại điện tử
44471,DPD,thuong-mai-dien-tu,D01,Điểm thi THPT,2022,15.0,Thương mại điện tử
44472,DPD,thuong-mai-dien-tu,A00,Điểm học bạ,2023,22.0,"Thương mại điện tử (Thương mại điện tử, Kinh doanh số)"
44473,DPD,thuong-mai-dien-tu,A01,Điểm học bạ,2023,22.0,"Thương mại điện tử (Thương mại điện tử, Kinh doanh số)"
44474,DPD,thuong-mai-dien-tu,C01,Điểm học bạ,2023,22.0,"Thương mại điện tử (Thương mại điện tử, Kinh doanh số)"
44475,DPD,thuong-mai-dien-tu,D01,Điểm học bạ,2023,22.0,"Thương mại điện tử (Thương mại điện tử, Kinh doanh số)"
44476,DPD,thuong-mai-dien-tu,A00,Điểm thi THPT,2023,19.0,Thương mại điện tử (Thương mại điện tử. Kinh doanh số)
44477,DPD,thuong-mai-dien-tu,A01,Điểm thi THPT,2023,19.0,Thương mại điện tử (Thương mại điện tử. Kinh doanh số)
44478,DPD,thuong-mai-dien-tu,C01,Điểm thi THPT,2023,19.0,Thương mại điện tử (Thương mại điện tử. Kinh doanh số)
44479,DPD,thuong-mai-dien-tu,D01,Điểm thi THPT,2023,19.0,Thương mại điện tử (Thương mại điện tử. Kinh doanh số)
44480,DPD,thuong-mai-dien-tu,A00,Điểm học bạ,2024,22.0,Thương mại điện tử
44481,DPD,thuong-mai-dien-tu,A01,Điểm học bạ,2024,22.0,Thương mại điện tử
44482,DPD,thuong-mai-dien-tu,C01,Điểm học bạ,2024,22.0,Thương mại điện tử
44483,DPD,thuong-mai-dien-tu,D01,Điểm học bạ,2024,22.0,Thương mại điện tử
44484,DPD,thuong-mai-dien-tu,A00,Điểm thi THPT,2024,16.0,Thương mại điện tử
44485,DPD,thuong-mai-dien-tu,A01,Điểm thi THPT,2024,16.0,Thương mại điện tử
44486,DPD,thuong-mai-dien-tu,C01,Điểm thi THPT,2024,16.0,Thương mại điện tử
44487,DPD,thuong-mai-dien-tu,D01,Điểm thi THPT,2024,16.0,Thương mại điện tử
44488,DPD,thuong-mai-dien-tu,A00,Điểm học bạ,2025,19.0,Thương mại điện tử
44489,DPD,thuong-mai-dien-tu,A01,Điểm học bạ,2025,19.0,Thương mại điện tử
44490,DPD,thuong-mai-dien-tu,C14,Điểm học bạ,2025,19.0,Thương mại điện tử
44491,DPD,thuong-mai-dien-tu,D01,Điểm học bạ,2025,19.0,Thương mại điện tử
44492,DPD,thuong-mai-dien-tu,D66,Điểm học bạ,2025,19.0,Thương mại điện tử
44493,DPD,thuong-mai-dien-tu,D84,Điểm học bạ,2025,19.0,Thương mại điện tử
44494,DPD,thuong-mai-dien-tu,X26,Điểm học bạ,2025,19.0,Thương mại điện tử
44495,DPD,thuong-mai-dien-tu,X27,Điểm học bạ,2025,19.0,Thương mại điện tử
44496,DPD,thuong-mai-dien-tu,A00,Điểm thi THPT,2025,16.0,Thương mại điện tử
44497,DPD,thuong-mai-dien-tu,A01,Điểm thi THPT,2025,16.0,Thương mại điện tử
44498,DPD,thuong-mai-dien-tu,C14,Điểm thi THPT,2025,16.0,Thương mại điện tử
44499,DPD,thuong-mai-dien-tu,D01,Điểm thi THPT,2025,16.0,Thương mại điện tử
44500,DPD,thuong-mai-dien-tu,D66,Điểm thi THPT,2025,16.0,Thương mại điện tử
44501,DPD,thuong-mai-dien-tu,D84,Điểm thi THPT,2025,16.0,Thương mại điện tử
44502,DPD,thuong-mai-dien-tu,X26,Điểm thi THPT,2025,16.0,Thương mại điện tử
44503,DPD,thuong-mai-dien-tu,X27,Điểm thi THPT,2025,16.0,Thương mại điện tử
44504,DPD,truyen-thong-da-phuong-tien,A01,Điểm học bạ,2021,6.0,Truyền thông đa phương tiện
44505,DPD,truyen-thong-da-phuong-tien,C03,Điểm học bạ,2021,6.0,Truyền thông đa phương tiện
44506,DPD,truyen-thong-da-phuong-tien,D01,Điểm học bạ,2021,6.0,Truyền thông đa phương tiện
44507,DPD,truyen-thong-da-phuong-tien,D09,Điểm học bạ,2021,6.0,Truyền thông đa phương tiện
44508,DPD,truyen-thong-da-phuong-tien,A01,Điểm thi THPT,2021,14.0,Truyền thông đa phương tiện
44509,DPD,truyen-thong-da-phuong-tien,C03,Điểm thi THPT,2021,14.0,Truyền thông đa phương tiện
44510,DPD,truyen-thong-da-phuong-tien,D01,Điểm thi THPT,2021,14.0,Truyền thông đa phương tiện
44511,DPD,truyen-thong-da-phuong-tien,D09,Điểm thi THPT,2021,14.0,Truyền thông đa phương tiện
44512,DPD,truyen-thong-da-phuong-tien,A01,Điểm học bạ,2022,19.5,Truyền thông đa phương tiện
44513,DPD,truyen-thong-da-phuong-tien,C03,Điểm học bạ,2022,19.5,Truyền thông đa phương tiện
44514,DPD,truyen-thong-da-phuong-tien,D01,Điểm học bạ,2022,19.5,Truyền thông đa phương tiện
44515,DPD,truyen-thong-da-phuong-tien,D09,Điểm học bạ,2022,19.5,Truyền thông đa phương tiện
44516,DPD,truyen-thong-da-phuong-tien,A01,Điểm thi THPT,2022,15.0,Truyền thông đa phương tiện
44517,DPD,truyen-thong-da-phuong-tien,C03,Điểm thi THPT,2022,15.0,Truyền thông đa phương tiện
44518,DPD,truyen-thong-da-phuong-tien,D01,Điểm thi THPT,2022,15.0,Truyền thông đa phương tiện
44519,DPD,truyen-thong-da-phuong-tien,D09,Điểm thi THPT,2022,15.0,Truyền thông đa phương tiện
44520,DPD,truyen-thong-da-phuong-tien,A01,Điểm học bạ,2023,8.0,"Truyền thông đa phương tiện (Truyền thông đa phương tiện, Marketing số)"
44521,DPD,truyen-thong-da-phuong-tien,C03,Điểm học bạ,2023,8.0,"Truyền thông đa phương tiện (Truyền thông đa phương tiện, Marketing số)"
44522,DPD,truyen-thong-da-phuong-tien,D01,Điểm học bạ,2023,8.0,"Truyền thông đa phương tiện (Truyền thông đa phương tiện, Marketing số)"
44523,DPD,truyen-thong-da-phuong-tien,D09,Điểm học bạ,2023,8.0,"Truyền thông đa phương tiện (Truyền thông đa phương tiện, Marketing số)"
44524,DPD,truyen-thong-da-phuong-tien,A01,Điểm thi THPT,2023,21.0,Truyền thông đa phương tiện (Truyền thông đa phương tiện. Marketing số)
44525,DPD,truyen-thong-da-phuong-tien,C03,Điểm thi THPT,2023,21.0,Truyền thông đa phương tiện (Truyền thông đa phương tiện. Marketing số)
44526,DPD,truyen-thong-da-phuong-tien,D01,Điểm thi THPT,2023,21.0,Truyền thông đa phương tiện (Truyền thông đa phương tiện. Marketing số)
44527,DPD,truyen-thong-da-phuong-tien,D09,Điểm thi THPT,2023,21.0,Truyền thông đa phương tiện (Truyền thông đa phương tiện. Marketing số)
44528,DPD,truyen-thong-da-phuong-tien,A01,Điểm học bạ,2024,24.0,Truyền thông đa phương tiện
44529,DPD,truyen-thong-da-phuong-tien,C03,Điểm học bạ,2024,24.0,Truyền thông đa phương tiện
44530,DPD,truyen-thong-da-phuong-tien,D01,Điểm học bạ,2024,24.0,Truyền thông đa phương tiện
44531,DPD,truyen-thong-da-phuong-tien,D09,Điểm học bạ,2024,24.0,Truyền thông đa phương tiện
44532,DPD,truyen-thong-da-phuong-tien,A01,Điểm thi THPT,2024,20.0,Truyền thông đa phương tiện
44533,DPD,truyen-thong-da-phuong-tien,C03,Điểm thi THPT,2024,20.0,Truyền thông đa phương tiện
44534,DPD,truyen-thong-da-phuong-tien,D01,Điểm thi THPT,2024,20.0,Truyền thông đa phương tiện
44535,DPD,truyen-thong-da-phuong-tien,D09,Điểm thi THPT,2024,20.0,Truyền thông đa phương tiện
44536,DPD,truyen-thong-da-phuong-tien,A01,Điểm học bạ,2025,21.0,Truyền thông đa phương tiện
44537,DPD,truyen-thong-da-phuong-tien,C03,Điểm học bạ,2025,21.0,Truyền thông đa phương tiện
44538,DPD,truyen-thong-da-phuong-tien,D01,Điểm học bạ,2025,21.0,Truyền thông đa phương tiện
44539,DPD,truyen-thong-da-phuong-tien,D09,Điểm học bạ,2025,21.0,Truyền thông đa phương tiện
44540,DPD,truyen-thong-da-phuong-tien,D14,Điểm học bạ,2025,21.0,Truyền thông đa phương tiện
44541,DPD,truyen-thong-da-phuong-tien,D15,Điểm học bạ,2025,21.0,Truyền thông đa phương tiện
44542,DPD,truyen-thong-da-phuong-tien,X26,Điểm học bạ,2025,21.0,Truyền thông đa phương tiện
44543,DPD,truyen-thong-da-phuong-tien,A01,Điểm thi THPT,2025,18.0,Truyền thông đa phương tiện
44544,DPD,truyen-thong-da-phuong-tien,C03,Điểm thi THPT,2025,18.0,Truyền thông đa phương tiện
44545,DPD,truyen-thong-da-phuong-tien,D01,Điểm thi THPT,2025,18.0,Truyền thông đa phương tiện
44546,DPD,truyen-thong-da-phuong-tien,D09,Điểm thi THPT,2025,18.0,Truyền thông đa phương tiện
44547,DPD,truyen-thong-da-phuong-tien,D14,Điểm thi THPT,2025,18.0,Truyền thông đa phương tiện
44548,DPD,truyen-thong-da-phuong-tien,D15,Điểm thi THPT,2025,18.0,Truyền thông đa phương tiện
44549,DPD,truyen-thong-da-phuong-tien,X26,Điểm thi THPT,2025,18.0,Truyền thông đa phương tiện
44550,DPQ,cao-dang-giao-duc-mam-non,M00,Điểm thi THPT,2021,17.34,Cao đẳng Giáo dục Mầm non
44551,DPQ,cong-nghe-ky-thuat-co-dien-tu,A00,Điểm thi THPT,2023,15.0,Công nghệ kỹ thuật Cơ điện tử
44552,DPQ,cong-nghe-ky-thuat-co-dien-tu,A01,Điểm thi THPT,2023,15.0,Công nghệ kỹ thuật Cơ điện tử
44553,DPQ,cong-nghe-ky-thuat-co-dien-tu,C01,Điểm thi THPT,2023,15.0,Công nghệ kỹ thuật Cơ điện tử
44554,DPQ,cong-nghe-ky-thuat-co-dien-tu,D01,Điểm thi THPT,2023,15.0,Công nghệ kỹ thuật Cơ điện tử
44555,DPQ,cong-nghe-ky-thuat-co-khi,A00,Điểm học bạ,2021,15.0,Công nghệ kỹ thuật Cơ khí
44556,DPQ,cong-nghe-ky-thuat-co-khi,A01,Điểm học bạ,2021,15.0,Công nghệ kỹ thuật Cơ khí
44557,DPQ,cong-nghe-ky-thuat-co-khi,D90,Điểm học bạ,2021,15.0,Công nghệ kỹ thuật Cơ khí
44558,DPQ,cong-nghe-ky-thuat-co-khi,A00,Điểm thi THPT,2021,15.0,Công nghệ kỹ thuật Cơ khí
44559,DPQ,cong-nghe-ky-thuat-co-khi,A01,Điểm thi THPT,2021,15.0,Công nghệ kỹ thuật Cơ khí
44560,DPQ,cong-nghe-ky-thuat-co-khi,D90,Điểm thi THPT,2021,15.0,Công nghệ kỹ thuật Cơ khí
44561,DPQ,cong-nghe-ky-thuat-co-khi,A00,Điểm học bạ,2024,15.0,Công nghệ kỹ thuật Cơ khí
44562,DPQ,cong-nghe-ky-thuat-co-khi,A01,Điểm học bạ,2024,15.0,Công nghệ kỹ thuật Cơ khí
44563,DPQ,cong-nghe-ky-thuat-co-khi,D01,Điểm học bạ,2024,15.0,Công nghệ kỹ thuật Cơ khí
44564,DPQ,cong-nghe-ky-thuat-co-khi,D90,Điểm học bạ,2024,15.0,Công nghệ kỹ thuật Cơ khí
44565,DPQ,cong-nghe-ky-thuat-co-khi,A00,Điểm thi THPT,2024,15.0,Công nghệ kỹ thuật Cơ khí
44566,DPQ,cong-nghe-ky-thuat-co-khi,A01,Điểm thi THPT,2024,15.0,Công nghệ kỹ thuật Cơ khí
44567,DPQ,cong-nghe-ky-thuat-co-khi,D01,Điểm thi THPT,2024,15.0,Công nghệ kỹ thuật Cơ khí
44568,DPQ,cong-nghe-ky-thuat-co-khi,D90,Điểm thi THPT,2024,15.0,Công nghệ kỹ thuật Cơ khí
44569,DPQ,cong-nghe-ky-thuat-co-khi,A00,Điểm học bạ,2025,15.0,Công nghệ kỹ thuật cơ khí
44570,DPQ,cong-nghe-ky-thuat-co-khi,A01,Điểm học bạ,2025,15.0,Công nghệ kỹ thuật cơ khí
44571,DPQ,cong-nghe-ky-thuat-co-khi,D01,Điểm học bạ,2025,15.0,Công nghệ kỹ thuật cơ khí
44572,DPQ,cong-nghe-ky-thuat-co-khi,X05,Điểm học bạ,2025,15.0,Công nghệ kỹ thuật cơ khí
44573,DPQ,cong-nghe-ky-thuat-co-khi,A00,Điểm thi THPT,2025,15.0,Công nghệ kỹ thuật cơ khí
44574,DPQ,cong-nghe-ky-thuat-co-khi,A01,Điểm thi THPT,2025,15.0,Công nghệ kỹ thuật cơ khí
44575,DPQ,cong-nghe-ky-thuat-co-khi,D01,Điểm thi THPT,2025,15.0,Công nghệ kỹ thuật cơ khí
44576,DPQ,cong-nghe-ky-thuat-co-khi,X05,Điểm thi THPT,2025,15.0,Công nghệ kỹ thuật cơ khí
44577,DPQ,cong-nghe-ky-thuat-dien-dien-tu,A00,Điểm thi THPT,2023,15.0,Công nghệ kỹ thuật Điện - Điện tử (Điện -Điện tử ô tô. Tự động hoá. Hệ thống điện)
44578,DPQ,cong-nghe-ky-thuat-dien-dien-tu,A01,Điểm thi THPT,2023,15.0,Công nghệ kỹ thuật Điện - Điện tử (Điện -Điện tử ô tô. Tự động hoá. Hệ thống điện)
44579,DPQ,cong-nghe-ky-thuat-dien-dien-tu,C01,Điểm thi THPT,2023,15.0,Công nghệ kỹ thuật Điện - Điện tử (Điện -Điện tử ô tô. Tự động hoá. Hệ thống điện)
44580,DPQ,cong-nghe-ky-thuat-dien-dien-tu,D01,Điểm thi THPT,2023,15.0,Công nghệ kỹ thuật Điện - Điện tử (Điện -Điện tử ô tô. Tự động hoá. Hệ thống điện)
44581,DPQ,cong-nghe-tai-chinh,A00,Điểm thi THPT,2022,23.5,Công nghệ tài chính
44582,DPQ,cong-nghe-tai-chinh,A01,Điểm thi THPT,2022,23.5,Công nghệ tài chính
44583,DPQ,cong-nghe-tai-chinh,D01,Điểm thi THPT,2022,23.5,Công nghệ tài chính
44584,DPQ,cong-nghe-tai-chinh,D90,Điểm thi THPT,2022,23.5,Công nghệ tài chính
44585,DPQ,cong-nghe-thong-tin,A00,Điểm học bạ,2021,15.0,Công nghệ Thông tin
44586,DPQ,cong-nghe-thong-tin,A01,Điểm học bạ,2021,15.0,Công nghệ Thông tin
44587,DPQ,cong-nghe-thong-tin,D01,Điểm học bạ,2021,15.0,Công nghệ Thông tin
44588,DPQ,cong-nghe-thong-tin,D90,Điểm học bạ,2021,15.0,Công nghệ Thông tin
44589,DPQ,cong-nghe-thong-tin,A00,Điểm thi THPT,2021,15.0,Công nghệ Thông tin
44590,DPQ,cong-nghe-thong-tin,A01,Điểm thi THPT,2021,15.0,Công nghệ Thông tin
44591,DPQ,cong-nghe-thong-tin,D01,Điểm thi THPT,2021,15.0,Công nghệ Thông tin
44592,DPQ,cong-nghe-thong-tin,D90,Điểm thi THPT,2021,15.0,Công nghệ Thông tin
44593,DPQ,cong-nghe-thong-tin,A00,Điểm thi THPT,2023,21.0,"Công nghệ thông tin (Công nghệ thông tin, Trí tuệ nhân tạo)"
44594,DPQ,cong-nghe-thong-tin,A01,Điểm thi THPT,2023,21.0,"Công nghệ thông tin (Công nghệ thông tin, Trí tuệ nhân tạo)"
44595,DPQ,cong-nghe-thong-tin,C01,Điểm thi THPT,2023,21.0,"Công nghệ thông tin (Công nghệ thông tin, Trí tuệ nhân tạo)"
44596,DPQ,cong-nghe-thong-tin,D01,Điểm thi THPT,2023,21.0,"Công nghệ thông tin (Công nghệ thông tin, Trí tuệ nhân tạo)"
44597,DPQ,cong-nghe-thong-tin,A00,Điểm học bạ,2024,15.0,Công nghệ Thông tin
44598,DPQ,cong-nghe-thong-tin,A01,Điểm học bạ,2024,15.0,Công nghệ Thông tin
44599,DPQ,cong-nghe-thong-tin,D01,Điểm học bạ,2024,15.0,Công nghệ Thông tin
44600,DPQ,cong-nghe-thong-tin,D90,Điểm học bạ,2024,15.0,Công nghệ Thông tin
44601,DPQ,cong-nghe-thong-tin,A00,Điểm thi THPT,2024,15.0,Công nghệ Thông tin
44602,DPQ,cong-nghe-thong-tin,A01,Điểm thi THPT,2024,15.0,Công nghệ Thông tin
44603,DPQ,cong-nghe-thong-tin,D01,Điểm thi THPT,2024,15.0,Công nghệ Thông tin
44604,DPQ,cong-nghe-thong-tin,D90,Điểm thi THPT,2024,15.0,Công nghệ Thông tin
44605,DPQ,cong-nghe-thong-tin,A00,Điểm học bạ,2025,15.0,Công nghệ thông tin
44606,DPQ,cong-nghe-thong-tin,D01,Điểm học bạ,2025,15.0,Công nghệ thông tin
44607,DPQ,cong-nghe-thong-tin,X05,Điểm học bạ,2025,15.0,Công nghệ thông tin
44608,DPQ,cong-nghe-thong-tin,X06,Điểm học bạ,2025,15.0,Công nghệ thông tin
44609,DPQ,cong-nghe-thong-tin,A00,Điểm thi THPT,2025,15.0,Công nghệ thông tin
44610,DPQ,cong-nghe-thong-tin,D01,Điểm thi THPT,2025,15.0,Công nghệ thông tin
44611,DPQ,cong-nghe-thong-tin,X05,Điểm thi THPT,2025,15.0,Công nghệ thông tin
44612,DPQ,cong-nghe-thong-tin,X06,Điểm thi THPT,2025,15.0,Công nghệ thông tin
44613,DPQ,du-lich,C00,Điểm học bạ,2021,15.0,Du lịch
44614,DPQ,du-lich,D01,Điểm học bạ,2021,15.0,Du lịch
44615,DPQ,du-lich,D72,Điểm học bạ,2021,15.0,Du lịch
44616,DPQ,du-lich,D78,Điểm học bạ,2021,15.0,Du lịch
44617,DPQ,du-lich,C00,Điểm thi THPT,2021,15.0,Du lịch
44618,DPQ,du-lich,D01,Điểm thi THPT,2021,15.0,Du lịch
44619,DPQ,du-lich,D72,Điểm thi THPT,2021,15.0,Du lịch
44620,DPQ,du-lich,D78,Điểm thi THPT,2021,15.0,Du lịch
44621,DPQ,giao-duc-mam-non,M01,Điểm học bạ,2024,23.19,Giáo dục Mầm non
44622,DPQ,giao-duc-mam-non,M02,Điểm học bạ,2024,23.19,Giáo dục Mầm non
44623,DPQ,giao-duc-mam-non,M01,Điểm thi THPT,2024,24.0,Giáo dục Mầm non
44624,DPQ,giao-duc-mam-non,M02,Điểm thi THPT,2024,24.0,Giáo dục Mầm non
44625,DPQ,giao-duc-tieu-hoc,A00,Điểm thi THPT,2021,19.0,Giáo dục Tiểu học
44626,DPQ,giao-duc-tieu-hoc,C00,Điểm thi THPT,2021,19.0,Giáo dục Tiểu học
44627,DPQ,giao-duc-tieu-hoc,D01,Điểm thi THPT,2021,19.0,Giáo dục Tiểu học
44628,DPQ,giao-duc-tieu-hoc,D78,Điểm thi THPT,2021,19.0,Giáo dục Tiểu học
44629,DPQ,giao-duc-tieu-hoc,A00,Điểm học bạ,2024,27.1,Giáo dục Tiểu học
44630,DPQ,giao-duc-tieu-hoc,A01,Điểm học bạ,2024,27.1,Giáo dục Tiểu học
44631,DPQ,giao-duc-tieu-hoc,C00,Điểm học bạ,2024,27.1,Giáo dục Tiểu học
44632,DPQ,giao-duc-tieu-hoc,D01,Điểm học bạ,2024,27.1,Giáo dục Tiểu học
44633,DPQ,giao-duc-tieu-hoc,A00,Điểm thi THPT,2024,25.7,Giáo dục Tiểu học
44634,DPQ,giao-duc-tieu-hoc,A01,Điểm thi THPT,2024,25.7,Giáo dục Tiểu học
44635,DPQ,giao-duc-tieu-hoc,C00,Điểm thi THPT,2024,25.7,Giáo dục Tiểu học
44636,DPQ,giao-duc-tieu-hoc,D01,Điểm thi THPT,2024,25.7,Giáo dục Tiểu học
44637,DPQ,giao-duc-tieu-hoc,A00,Điểm học bạ,2025,27.46,Giáo dục Tiểu học
44638,DPQ,giao-duc-tieu-hoc,A01,Điểm học bạ,2025,27.46,Giáo dục Tiểu học
44639,DPQ,giao-duc-tieu-hoc,C00,Điểm học bạ,2025,27.46,Giáo dục Tiểu học
44640,DPQ,giao-duc-tieu-hoc,D01,Điểm học bạ,2025,27.46,Giáo dục Tiểu học
44641,DPQ,giao-duc-tieu-hoc,A00,Điểm thi THPT,2025,26.87,Giáo dục Tiểu học
44642,DPQ,giao-duc-tieu-hoc,A01,Điểm thi THPT,2025,26.87,Giáo dục Tiểu học
44643,DPQ,giao-duc-tieu-hoc,C00,Điểm thi THPT,2025,26.87,Giáo dục Tiểu học
44644,DPQ,giao-duc-tieu-hoc,D01,Điểm thi THPT,2025,26.87,Giáo dục Tiểu học
44645,DPQ,he-thong-thong-tin-quan-ly,A00,Điểm thi THPT,2022,23.75,Hệ thống thông tin quản lý
44646,DPQ,he-thong-thong-tin-quan-ly,A01,Điểm thi THPT,2022,23.75,Hệ thống thông tin quản lý
44647,DPQ,he-thong-thong-tin-quan-ly,D01,Điểm thi THPT,2022,23.75,Hệ thống thông tin quản lý
44648,DPQ,he-thong-thong-tin-quan-ly,D90,Điểm thi THPT,2022,23.75,Hệ thống thông tin quản lý
44649,DPQ,ke-toan,A00,Điểm thi THPT,2022,23.75,Kế toán
44650,DPQ,ke-toan,A01,Điểm thi THPT,2022,23.75,Kế toán
44651,DPQ,ke-toan,D01,Điểm thi THPT,2022,23.75,Kế toán
44652,DPQ,ke-toan,D90,Điểm thi THPT,2022,23.75,Kế toán
44653,DPQ,ke-toan,A00,Điểm thi THPT,2023,16.0,Kế toán
44654,DPQ,ke-toan,A01,Điểm thi THPT,2023,16.0,Kế toán
44655,DPQ,ke-toan,D01,Điểm thi THPT,2023,16.0,Kế toán
44656,DPQ,khoa-hoc-du-lieu-phan-tich-kinh-doanh,A00,Điểm thi THPT,2022,24.5,Khoa học dữ liệu & phân tích kinh doanh
44657,DPQ,khoa-hoc-du-lieu-phan-tich-kinh-doanh,A01,Điểm thi THPT,2022,24.5,Khoa học dữ liệu & phân tích kinh doanh
44658,DPQ,khoa-hoc-du-lieu-phan-tich-kinh-doanh,D01,Điểm thi THPT,2022,24.5,Khoa học dữ liệu & phân tích kinh doanh
44659,DPQ,khoa-hoc-du-lieu-phan-tich-kinh-doanh,D90,Điểm thi THPT,2022,24.5,Khoa học dữ liệu & phân tích kinh doanh
44660,DPQ,kiem-toan,A00,Điểm thi THPT,2022,23.75,Kiểm toán
44661,DPQ,kiem-toan,A01,Điểm thi THPT,2022,23.75,Kiểm toán
44662,DPQ,kiem-toan,D01,Điểm thi THPT,2022,23.75,Kiểm toán
44663,DPQ,kiem-toan,D90,Điểm thi THPT,2022,23.75,Kiểm toán
44664,DPQ,kien-truc,H00,Điểm thi THPT,2023,20.0,Kiến trúc (Kiến trúc công trình. Kiến trúc Phưong Đông. Kiến trúc nội thất)
44665,DPQ,kien-truc,V00,Điểm thi THPT,2023,20.0,Kiến trúc (Kiến trúc công trình. Kiến trúc Phưong Đông. Kiến trúc nội thất)
44666,DPQ,kien-truc,V01,Điểm thi THPT,2023,20.0,Kiến trúc (Kiến trúc công trình. Kiến trúc Phưong Đông. Kiến trúc nội thất)
44667,DPQ,kien-truc,V02,Điểm thi THPT,2023,20.0,Kiến trúc (Kiến trúc công trình. Kiến trúc Phưong Đông. Kiến trúc nội thất)
44668,DPQ,kinh-doanh-quoc-te,A00,Điểm thi THPT,2022,26.0,Kinh doanh quốc tế
44669,DPQ,kinh-doanh-quoc-te,A01,Điểm thi THPT,2022,26.0,Kinh doanh quốc tế
44670,DPQ,kinh-doanh-quoc-te,D01,Điểm thi THPT,2022,26.0,Kinh doanh quốc tế
44671,DPQ,kinh-doanh-quoc-te,D90,Điểm thi THPT,2022,26.0,Kinh doanh quốc tế
44672,DPQ,kinh-doanh-thuong-mai,A00,Điểm thi THPT,2022,25.0,Kinh doanh thương mại
44673,DPQ,kinh-doanh-thuong-mai,A01,Điểm thi THPT,2022,25.0,Kinh doanh thương mại
44674,DPQ,kinh-doanh-thuong-mai,D01,Điểm thi THPT,2022,25.0,Kinh doanh thương mại
44675,DPQ,kinh-doanh-thuong-mai,D90,Điểm thi THPT,2022,25.0,Kinh doanh thương mại
44676,DPQ,kinh-te,A00,Điểm thi THPT,2022,24.5,Kinh tế
44677,DPQ,kinh-te,A01,Điểm thi THPT,2022,24.5,Kinh tế
44678,DPQ,kinh-te,D01,Điểm thi THPT,2022,24.5,Kinh tế
44679,DPQ,kinh-te,D90,Điểm thi THPT,2022,24.5,Kinh tế
44680,DPQ,kinh-te-phat-trien,A00,Điểm học bạ,2021,15.0,Kinh tế phát triển
44681,DPQ,kinh-te-phat-trien,A01,Điểm học bạ,2021,15.0,Kinh tế phát triển
44682,DPQ,kinh-te-phat-trien,D01,Điểm học bạ,2021,15.0,Kinh tế phát triển
44683,DPQ,kinh-te-phat-trien,D90,Điểm học bạ,2021,15.0,Kinh tế phát triển
44684,DPQ,kinh-te-phat-trien,A00,Điểm thi THPT,2021,15.0,Kinh tế phát triển
44685,DPQ,kinh-te-phat-trien,A01,Điểm thi THPT,2021,15.0,Kinh tế phát triển
44686,DPQ,kinh-te-phat-trien,D01,Điểm thi THPT,2021,15.0,Kinh tế phát triển
44687,DPQ,kinh-te-phat-trien,D90,Điểm thi THPT,2021,15.0,Kinh tế phát triển
44688,DPQ,kinh-te-phat-trien,C04,Điểm học bạ,2024,15.0,Kinh tế phát triển
44689,DPQ,kinh-te-phat-trien,C20,Điểm học bạ,2024,15.0,Kinh tế phát triển
44690,DPQ,kinh-te-phat-trien,D01,Điểm học bạ,2024,15.0,Kinh tế phát triển
44691,DPQ,kinh-te-phat-trien,D10,Điểm học bạ,2024,15.0,Kinh tế phát triển
44692,DPQ,kinh-te-phat-trien,C04,Điểm thi THPT,2024,15.0,Kinh tế phát triển
44693,DPQ,kinh-te-phat-trien,C20,Điểm thi THPT,2024,15.0,Kinh tế phát triển
44694,DPQ,kinh-te-phat-trien,D01,Điểm thi THPT,2024,15.0,Kinh tế phát triển
44695,DPQ,kinh-te-phat-trien,D10,Điểm thi THPT,2024,15.0,Kinh tế phát triển
44696,DPQ,kinh-te-phat-trien,C03,Điểm học bạ,2025,15.0,Kinh tế phát triển
44697,DPQ,kinh-te-phat-trien,D01,Điểm học bạ,2025,15.0,Kinh tế phát triển
44698,DPQ,kinh-te-phat-trien,X01,Điểm học bạ,2025,15.0,Kinh tế phát triển
44699,DPQ,kinh-te-phat-trien,X74,Điểm học bạ,2025,15.0,Kinh tế phát triển
44700,DPQ,kinh-te-phat-trien,C03,Điểm thi THPT,2025,15.0,Kinh tế phát triển
44701,DPQ,kinh-te-phat-trien,D01,Điểm thi THPT,2025,15.0,Kinh tế phát triển
44702,DPQ,kinh-te-phat-trien,X01,Điểm thi THPT,2025,15.0,Kinh tế phát triển
44703,DPQ,kinh-te-phat-trien,X74,Điểm thi THPT,2025,15.0,Kinh tế phát triển
44704,DPQ,kinh-te-xay-dung,A00,Điểm thi THPT,2023,15.0,Kinh tế xây dựng (Kinh tế và quản lý xây dựng. Quản lý dự án xây dựng)
44705,DPQ,kinh-te-xay-dung,A01,Điểm thi THPT,2023,15.0,Kinh tế xây dựng (Kinh tế và quản lý xây dựng. Quản lý dự án xây dựng)
44706,DPQ,kinh-te-xay-dung,C01,Điểm thi THPT,2023,15.0,Kinh tế xây dựng (Kinh tế và quản lý xây dựng. Quản lý dự án xây dựng)
44707,DPQ,kinh-te-xay-dung,D01,Điểm thi THPT,2023,15.0,Kinh tế xây dựng (Kinh tế và quản lý xây dựng. Quản lý dự án xây dựng)
44708,DPQ,ky-thuat-co-dien-tu,A00,Điểm học bạ,2021,15.0,Kỹ thuật Cơ – Điện tử
44709,DPQ,ky-thuat-co-dien-tu,A01,Điểm học bạ,2021,15.0,Kỹ thuật Cơ – Điện tử
44710,DPQ,ky-thuat-co-dien-tu,D90,Điểm học bạ,2021,15.0,Kỹ thuật Cơ – Điện tử
44711,DPQ,ky-thuat-co-dien-tu,A00,Điểm thi THPT,2021,15.0,Kỹ thuật Cơ – Điện tử
44712,DPQ,ky-thuat-co-dien-tu,A01,Điểm thi THPT,2021,15.0,Kỹ thuật Cơ – Điện tử
44713,DPQ,ky-thuat-co-dien-tu,D90,Điểm thi THPT,2021,15.0,Kỹ thuật Cơ – Điện tử
44714,DPQ,ky-thuat-co-dien-tu,A00,Điểm học bạ,2024,15.0,Kỹ thuật Cơ - Điện tử
44715,DPQ,ky-thuat-co-dien-tu,A01,Điểm học bạ,2024,15.0,Kỹ thuật Cơ - Điện tử
44716,DPQ,ky-thuat-co-dien-tu,D01,Điểm học bạ,2024,15.0,Kỹ thuật Cơ - Điện tử
44717,DPQ,ky-thuat-co-dien-tu,D90,Điểm học bạ,2024,15.0,Kỹ thuật Cơ - Điện tử
44718,DPQ,ky-thuat-co-dien-tu,A00,Điểm thi THPT,2024,15.0,Kỹ thuật Cơ - Điện tử
44719,DPQ,ky-thuat-co-dien-tu,A01,Điểm thi THPT,2024,15.0,Kỹ thuật Cơ - Điện tử
44720,DPQ,ky-thuat-co-dien-tu,D01,Điểm thi THPT,2024,15.0,Kỹ thuật Cơ - Điện tử
44721,DPQ,ky-thuat-co-dien-tu,D90,Điểm thi THPT,2024,15.0,Kỹ thuật Cơ - Điện tử
44722,DPQ,ky-thuat-co-dien-tu,A00,Điểm học bạ,2025,15.0,Kỹ thuật cơ điện tử
44723,DPQ,ky-thuat-co-dien-tu,A01,Điểm học bạ,2025,15.0,Kỹ thuật cơ điện tử
44724,DPQ,ky-thuat-co-dien-tu,D01,Điểm học bạ,2025,15.0,Kỹ thuật cơ điện tử
44725,DPQ,ky-thuat-co-dien-tu,X05,Điểm học bạ,2025,15.0,Kỹ thuật cơ điện tử
44726,DPQ,ky-thuat-co-dien-tu,A00,Điểm thi THPT,2025,15.0,Kỹ thuật cơ điện tử
44727,DPQ,ky-thuat-co-dien-tu,A01,Điểm thi THPT,2025,15.0,Kỹ thuật cơ điện tử
44728,DPQ,ky-thuat-co-dien-tu,D01,Điểm thi THPT,2025,15.0,Kỹ thuật cơ điện tử
44729,DPQ,ky-thuat-co-dien-tu,X05,Điểm thi THPT,2025,15.0,Kỹ thuật cơ điện tử
44730,DPQ,ky-thuat-dien-tu-vien-thong,A00,Điểm học bạ,2021,15.0,Kỹ thuật điện tử – viễn thông
44731,DPQ,ky-thuat-dien-tu-vien-thong,A01,Điểm học bạ,2021,15.0,Kỹ thuật điện tử – viễn thông
44732,DPQ,ky-thuat-dien-tu-vien-thong,D90,Điểm học bạ,2021,15.0,Kỹ thuật điện tử – viễn thông
44733,DPQ,ky-thuat-dien-tu-vien-thong,A00,Điểm thi THPT,2021,15.0,Kỹ thuật điện tử – viễn thông
44734,DPQ,ky-thuat-dien-tu-vien-thong,A01,Điểm thi THPT,2021,15.0,Kỹ thuật điện tử – viễn thông
44735,DPQ,ky-thuat-dien-tu-vien-thong,D90,Điểm thi THPT,2021,15.0,Kỹ thuật điện tử – viễn thông
44736,DPQ,ky-thuat-xay-dung,A00,Điểm thi THPT,2023,15.0,Kỹ thuật xây dựng
44737,DPQ,ky-thuat-xay-dung,A01,Điểm thi THPT,2023,15.0,Kỹ thuật xây dựng
44738,DPQ,ky-thuat-xay-dung,C01,Điểm thi THPT,2023,15.0,Kỹ thuật xây dựng
44739,DPQ,ky-thuat-xay-dung,D01,Điểm thi THPT,2023,15.0,Kỹ thuật xây dựng
44740,DPQ,luat,A00,Điểm thi THPT,2022,23.5,Luật
44741,DPQ,luat,A01,Điểm thi THPT,2022,23.5,Luật
44742,DPQ,luat,D01,Điểm thi THPT,2022,23.5,Luật
44743,DPQ,luat,D96,Điểm thi THPT,2022,23.5,Luật
44744,DPQ,luat-kinh-te,A00,Điểm thi THPT,2022,25.0,Luật kinh tế
44745,DPQ,luat-kinh-te,A01,Điểm thi THPT,2022,25.0,Luật kinh tế
44746,DPQ,luat-kinh-te,D01,Điểm thi THPT,2022,25.0,Luật kinh tế
44747,DPQ,luat-kinh-te,D96,Điểm thi THPT,2022,25.0,Luật kinh tế
44748,DPQ,marketing,A00,Điểm thi THPT,2022,26.5,Marketing
44749,DPQ,marketing,A01,Điểm thi THPT,2022,26.5,Marketing
44750,DPQ,marketing,D01,Điểm thi THPT,2022,26.5,Marketing
44751,DPQ,marketing,D90,Điểm thi THPT,2022,26.5,Marketing
44752,DPQ,marketing,C04,Điểm học bạ,2024,15.0,Marketing
44753,DPQ,marketing,C20,Điểm học bạ,2024,15.0,Marketing
44754,DPQ,marketing,D01,Điểm học bạ,2024,15.0,Marketing
44755,DPQ,marketing,D10,Điểm học bạ,2024,15.0,Marketing
44756,DPQ,marketing,C04,Điểm thi THPT,2024,15.0,Marketing
44757,DPQ,marketing,C20,Điểm thi THPT,2024,15.0,Marketing
44758,DPQ,marketing,D01,Điểm thi THPT,2024,15.0,Marketing
44759,DPQ,marketing,D10,Điểm thi THPT,2024,15.0,Marketing
44760,DPQ,marketing,C03,Điểm học bạ,2025,15.0,Marketing
44761,DPQ,marketing,D01,Điểm học bạ,2025,15.0,Marketing
44762,DPQ,marketing,X01,Điểm học bạ,2025,15.0,Marketing
44763,DPQ,marketing,X74,Điểm học bạ,2025,15.0,Marketing
44764,DPQ,marketing,C03,Điểm thi THPT,2025,15.0,Marketing
44765,DPQ,marketing,D01,Điểm thi THPT,2025,15.0,Marketing
44766,DPQ,marketing,X01,Điểm thi THPT,2025,15.0,Marketing
44767,DPQ,marketing,X74,Điểm thi THPT,2025,15.0,Marketing
44768,DPQ,ngon-ngu-anh,D01,Điểm học bạ,2021,15.0,Ngôn ngữ Anh
44769,DPQ,ngon-ngu-anh,D72,Điểm học bạ,2021,15.0,Ngôn ngữ Anh
44770,DPQ,ngon-ngu-anh,D96,Điểm học bạ,2021,15.0,Ngôn ngữ Anh
44771,DPQ,ngon-ngu-anh,D01,Điểm thi THPT,2021,15.0,Ngôn ngữ Anh
44772,DPQ,ngon-ngu-anh,D72,Điểm thi THPT,2021,15.0,Ngôn ngữ Anh
44773,DPQ,ngon-ngu-anh,D96,Điểm thi THPT,2021,15.0,Ngôn ngữ Anh
44774,DPQ,ngon-ngu-anh,D01,Điểm thi THPT,2023,20.0,Ngôn ngữ Anh
44775,DPQ,ngon-ngu-nhat,D01,Điểm thi THPT,2023,20.0,Ngôn ngữ Nhật
44776,DPQ,ngon-ngu-nhat,D06,Điểm thi THPT,2023,20.0,Ngôn ngữ Nhật
44777,DPQ,ngon-ngu-trung-quoc,D01,Điểm thi THPT,2023,24.0,Ngôn ngữ Trung Quốc
44778,DPQ,ngon-ngu-trung-quoc,D04,Điểm thi THPT,2023,24.0,Ngôn ngữ Trung Quốc
44779,DPQ,quan-ly-nha-nuoc,A00,Điểm thi THPT,2022,23.0,Quản lý nhà nước
44780,DPQ,quan-ly-nha-nuoc,A01,Điểm thi THPT,2022,23.0,Quản lý nhà nước
44781,DPQ,quan-ly-nha-nuoc,D01,Điểm thi THPT,2022,23.0,Quản lý nhà nước
44782,DPQ,quan-ly-nha-nuoc,D96,Điểm thi THPT,2022,23.0,Quản lý nhà nước
44783,DPQ,quan-tri-dich-vu-du-lich-va-lu-hanh,A00,Điểm thi THPT,2022,24.0,Quản trị dịch vụ du lịch và lữ hành
44784,DPQ,quan-tri-dich-vu-du-lich-va-lu-hanh,A01,Điểm thi THPT,2022,24.0,Quản trị dịch vụ du lịch và lữ hành
44785,DPQ,quan-tri-dich-vu-du-lich-va-lu-hanh,D01,Điểm thi THPT,2022,24.0,Quản trị dịch vụ du lịch và lữ hành
44786,DPQ,quan-tri-dich-vu-du-lich-va-lu-hanh,D90,Điểm thi THPT,2022,24.0,Quản trị dịch vụ du lịch và lữ hành
44787,DPQ,quan-tri-dich-vu-du-lich-va-lu-hanh,A00,Điểm thi THPT,2023,18.0,"Quản trị Dịch vụ du lịch và lữ hành (Quản trị dịch vụ du lịch và lữ hành, Hướng dẫn du lịch)"
44788,DPQ,quan-tri-dich-vu-du-lich-va-lu-hanh,A01,Điểm thi THPT,2023,18.0,"Quản trị Dịch vụ du lịch và lữ hành (Quản trị dịch vụ du lịch và lữ hành, Hướng dẫn du lịch)"
44789,DPQ,quan-tri-dich-vu-du-lich-va-lu-hanh,C00,Điểm thi THPT,2023,18.0,"Quản trị Dịch vụ du lịch và lữ hành (Quản trị dịch vụ du lịch và lữ hành, Hướng dẫn du lịch)"
44790,DPQ,quan-tri-dich-vu-du-lich-va-lu-hanh,D01,Điểm thi THPT,2023,18.0,"Quản trị Dịch vụ du lịch và lữ hành (Quản trị dịch vụ du lịch và lữ hành, Hướng dẫn du lịch)"
44791,DPQ,quan-tri-khach-san,A00,Điểm thi THPT,2022,23.0,Quản trị khách sạn
44792,DPQ,quan-tri-khach-san,A01,Điểm thi THPT,2022,23.0,Quản trị khách sạn
44793,DPQ,quan-tri-khach-san,D01,Điểm thi THPT,2022,23.0,Quản trị khách sạn
44794,DPQ,quan-tri-khach-san,D90,Điểm thi THPT,2022,23.0,Quản trị khách sạn
44795,DPQ,quan-tri-kinh-doanh,A00,Điểm học bạ,2021,15.0,Quản trị kinh doanh
44796,DPQ,quan-tri-kinh-doanh,A01,Điểm học bạ,2021,15.0,Quản trị kinh doanh
44797,DPQ,quan-tri-kinh-doanh,D01,Điểm học bạ,2021,15.0,Quản trị kinh doanh
44798,DPQ,quan-tri-kinh-doanh,D90,Điểm học bạ,2021,15.0,Quản trị kinh doanh
44799,DPQ,quan-tri-kinh-doanh,A00,Điểm thi THPT,2021,15.0,Quản trị kinh doanh
44800,DPQ,quan-tri-kinh-doanh,A01,Điểm thi THPT,2021,15.0,Quản trị kinh doanh
44801,DPQ,quan-tri-kinh-doanh,D01,Điểm thi THPT,2021,15.0,Quản trị kinh doanh
44802,DPQ,quan-tri-kinh-doanh,D90,Điểm thi THPT,2021,15.0,Quản trị kinh doanh
44803,DPQ,quan-tri-kinh-doanh,A00,Điểm thi THPT,2022,25.0,Quản trị kinh doanh
44804,DPQ,quan-tri-kinh-doanh,A01,Điểm thi THPT,2022,25.0,Quản trị kinh doanh
44805,DPQ,quan-tri-kinh-doanh,D01,Điểm thi THPT,2022,25.0,Quản trị kinh doanh
44806,DPQ,quan-tri-kinh-doanh,D90,Điểm thi THPT,2022,25.0,Quản trị kinh doanh
44807,DPQ,quan-tri-kinh-doanh,A00,Điểm thi THPT,2023,20.0,Quản trị kinh doanh
44808,DPQ,quan-tri-kinh-doanh,A01,Điểm thi THPT,2023,20.0,Quản trị kinh doanh
44809,DPQ,quan-tri-kinh-doanh,D01,Điểm thi THPT,2023,20.0,Quản trị kinh doanh
44810,DPQ,quan-tri-kinh-doanh,C04,Điểm học bạ,2024,15.0,Quản trị kinh doanh
44811,DPQ,quan-tri-kinh-doanh,C20,Điểm học bạ,2024,15.0,Quản trị kinh doanh
44812,DPQ,quan-tri-kinh-doanh,D01,Điểm học bạ,2024,15.0,Quản trị kinh doanh
44813,DPQ,quan-tri-kinh-doanh,D10,Điểm học bạ,2024,15.0,Quản trị kinh doanh
44814,DPQ,quan-tri-kinh-doanh,C04,Điểm thi THPT,2024,15.0,Quản trị kinh doanh
44815,DPQ,quan-tri-kinh-doanh,C20,Điểm thi THPT,2024,15.0,Quản trị kinh doanh
44816,DPQ,quan-tri-kinh-doanh,D01,Điểm thi THPT,2024,15.0,Quản trị kinh doanh
44817,DPQ,quan-tri-kinh-doanh,D10,Điểm thi THPT,2024,15.0,Quản trị kinh doanh
44818,DPQ,quan-tri-kinh-doanh,C03,Điểm học bạ,2025,15.0,Quản trị kinh doanh
44819,DPQ,quan-tri-kinh-doanh,D01,Điểm học bạ,2025,15.0,Quản trị kinh doanh
44820,DPQ,quan-tri-kinh-doanh,X01,Điểm học bạ,2025,15.0,Quản trị kinh doanh
44821,DPQ,quan-tri-kinh-doanh,X74,Điểm học bạ,2025,15.0,Quản trị kinh doanh
44822,DPQ,quan-tri-kinh-doanh,C03,Điểm thi THPT,2025,15.0,Quản trị kinh doanh
44823,DPQ,quan-tri-kinh-doanh,D01,Điểm thi THPT,2025,15.0,Quản trị kinh doanh
44824,DPQ,quan-tri-kinh-doanh,X01,Điểm thi THPT,2025,15.0,Quản trị kinh doanh
44825,DPQ,quan-tri-kinh-doanh,X74,Điểm thi THPT,2025,15.0,Quản trị kinh doanh
44826,DPQ,quan-tri-nhan-luc,A00,Điểm thi THPT,2022,24.75,Quản trị nhân lực
44827,DPQ,quan-tri-nhan-luc,A01,Điểm thi THPT,2022,24.75,Quản trị nhân lực
44828,DPQ,quan-tri-nhan-luc,D01,Điểm thi THPT,2022,24.75,Quản trị nhân lực
44829,DPQ,quan-tri-nhan-luc,D90,Điểm thi THPT,2022,24.75,Quản trị nhân lực
44830,DPQ,quan-tri-van-phong,A00,Điểm thi THPT,2023,15.0,Quản trị văn phòng
44831,DPQ,quan-tri-van-phong,A01,Điểm thi THPT,2023,15.0,Quản trị văn phòng
44832,DPQ,quan-tri-van-phong,C00,Điểm thi THPT,2023,15.0,Quản trị văn phòng
44833,DPQ,quan-tri-van-phong,D01,Điểm thi THPT,2023,15.0,Quản trị văn phòng
44834,DPQ,sinh-hoc-ung-dung,B00,Điểm học bạ,2021,15.0,Sinh học ứng dụng
44835,DPQ,sinh-hoc-ung-dung,D90,Điểm học bạ,2021,15.0,Sinh học ứng dụng
44836,DPQ,sinh-hoc-ung-dung,B00,Điểm thi THPT,2021,15.0,Sinh học ứng dụng
44837,DPQ,sinh-hoc-ung-dung,D90,Điểm thi THPT,2021,15.0,Sinh học ứng dụng
44838,DPQ,su-pham-hoa-hoc,A00,Điểm học bạ,2025,27.04,Sư phạm Hóa học
44839,DPQ,su-pham-hoa-hoc,B00,Điểm học bạ,2025,27.04,Sư phạm Hóa học
44840,DPQ,su-pham-hoa-hoc,C02,Điểm học bạ,2025,27.04,Sư phạm Hóa học
44841,DPQ,su-pham-hoa-hoc,D07,Điểm học bạ,2025,27.04,Sư phạm Hóa học
44842,DPQ,su-pham-hoa-hoc,A00,Điểm thi THPT,2025,26.3,Sư phạm Hóa học
44843,DPQ,su-pham-hoa-hoc,B00,Điểm thi THPT,2025,26.3,Sư phạm Hóa học
44844,DPQ,su-pham-hoa-hoc,C02,Điểm thi THPT,2025,26.3,Sư phạm Hóa học
44845,DPQ,su-pham-hoa-hoc,D07,Điểm thi THPT,2025,26.3,Sư phạm Hóa học
44846,DPQ,su-pham-khoa-hoc-tu-nhien,A00,Điểm học bạ,2024,26.27,Sư phạm Khoa học Tự nhiên
44847,DPQ,su-pham-khoa-hoc-tu-nhien,B00,Điểm học bạ,2024,26.27,Sư phạm Khoa học Tự nhiên
44848,DPQ,su-pham-khoa-hoc-tu-nhien,D01,Điểm học bạ,2024,26.27,Sư phạm Khoa học Tự nhiên
44849,DPQ,su-pham-khoa-hoc-tu-nhien,D90,Điểm học bạ,2024,26.27,Sư phạm Khoa học Tự nhiên
44850,DPQ,su-pham-khoa-hoc-tu-nhien,A00,Điểm thi THPT,2024,23.5,Sư phạm Khoa học Tự nhiên
44851,DPQ,su-pham-khoa-hoc-tu-nhien,B00,Điểm thi THPT,2024,23.5,Sư phạm Khoa học Tự nhiên
44852,DPQ,su-pham-khoa-hoc-tu-nhien,D01,Điểm thi THPT,2024,23.5,Sư phạm Khoa học Tự nhiên
44853,DPQ,su-pham-khoa-hoc-tu-nhien,D90,Điểm thi THPT,2024,23.5,Sư phạm Khoa học Tự nhiên
44854,DPQ,su-pham-khtn,A00,Điểm học bạ,2025,26.87,Sư phạm KHTN
44855,DPQ,su-pham-khtn,B00,Điểm học bạ,2025,26.87,Sư phạm KHTN
44856,DPQ,su-pham-khtn,C01,Điểm học bạ,2025,26.87,Sư phạm KHTN
44857,DPQ,su-pham-khtn,C02,Điểm học bạ,2025,26.87,Sư phạm KHTN
44858,DPQ,su-pham-khtn,A00,Điểm thi THPT,2025,26.08,Sư phạm KHTN
44859,DPQ,su-pham-khtn,B00,Điểm thi THPT,2025,26.08,Sư phạm KHTN
44860,DPQ,su-pham-khtn,C01,Điểm thi THPT,2025,26.08,Sư phạm KHTN
44861,DPQ,su-pham-khtn,C02,Điểm thi THPT,2025,26.08,Sư phạm KHTN
44862,DPQ,su-pham-ngu-van,C00,Điểm thi THPT,2021,19.0,Sư phạm Ngữ văn
44863,DPQ,su-pham-ngu-van,D78,Điểm thi THPT,2021,19.0,Sư phạm Ngữ văn
44864,DPQ,su-pham-ngu-van,C00,Điểm học bạ,2024,27.2,Sư phạm Ngữ văn
44865,DPQ,su-pham-ngu-van,C19,Điểm học bạ,2024,27.2,Sư phạm Ngữ văn
44866,DPQ,su-pham-ngu-van,C20,Điểm học bạ,2024,27.2,Sư phạm Ngữ văn
44867,DPQ,su-pham-ngu-van,D78,Điểm học bạ,2024,27.2,Sư phạm Ngữ văn
44868,DPQ,su-pham-ngu-van,C00,Điểm thi THPT,2024,26.6,Sư phạm Ngữ văn
44869,DPQ,su-pham-ngu-van,C19,Điểm thi THPT,2024,26.6,Sư phạm Ngữ văn
44870,DPQ,su-pham-ngu-van,C20,Điểm thi THPT,2024,26.6,Sư phạm Ngữ văn
44871,DPQ,su-pham-ngu-van,D78,Điểm thi THPT,2024,26.6,Sư phạm Ngữ văn
44872,DPQ,su-pham-ngu-van,C00,Điểm học bạ,2025,27.58,Sư phạm Ngữ văn
44873,DPQ,su-pham-ngu-van,X01,Điểm học bạ,2025,27.58,Sư phạm Ngữ văn
44874,DPQ,su-pham-ngu-van,X70,Điểm học bạ,2025,27.58,Sư phạm Ngữ văn
44875,DPQ,su-pham-ngu-van,X74,Điểm học bạ,2025,27.58,Sư phạm Ngữ văn
44876,DPQ,su-pham-ngu-van,C00,Điểm thi THPT,2025,27.02,Sư phạm Ngữ văn
44877,DPQ,su-pham-ngu-van,X01,Điểm thi THPT,2025,27.02,Sư phạm Ngữ văn
44878,DPQ,su-pham-ngu-van,X70,Điểm thi THPT,2025,27.02,Sư phạm Ngữ văn
44879,DPQ,su-pham-ngu-van,X74,Điểm thi THPT,2025,27.02,Sư phạm Ngữ văn
44880,DPQ,su-pham-tieng-anh,D01,Điểm thi THPT,2021,19.0,Sư phạm Tiếng Anh
44881,DPQ,su-pham-tieng-anh,D72,Điểm thi THPT,2021,19.0,Sư phạm Tiếng Anh
44882,DPQ,su-pham-tieng-anh,D96,Điểm thi THPT,2021,19.0,Sư phạm Tiếng Anh
44883,DPQ,su-pham-tieng-anh,D01,Điểm học bạ,2024,26.4,Sư phạm Tiếng Anh
44884,DPQ,su-pham-tieng-anh,D78,Điểm học bạ,2024,26.4,Sư phạm Tiếng Anh
44885,DPQ,su-pham-tieng-anh,D84,Điểm học bạ,2024,26.4,Sư phạm Tiếng Anh
44886,DPQ,su-pham-tieng-anh,D90,Điểm học bạ,2024,26.4,Sư phạm Tiếng Anh
44887,DPQ,su-pham-tieng-anh,D01,Điểm thi THPT,2024,24.5,Sư phạm Tiếng Anh
44888,DPQ,su-pham-tieng-anh,D78,Điểm thi THPT,2024,24.5,Sư phạm Tiếng Anh
44889,DPQ,su-pham-tieng-anh,D84,Điểm thi THPT,2024,24.5,Sư phạm Tiếng Anh
44890,DPQ,su-pham-tieng-anh,D90,Điểm thi THPT,2024,24.5,Sư phạm Tiếng Anh
44891,DPQ,su-pham-tieng-anh,D01,Điểm học bạ,2025,26.83,Sư phạm Tiếng Anh
44892,DPQ,su-pham-tieng-anh,D15,Điểm học bạ,2025,26.83,Sư phạm Tiếng Anh
44893,DPQ,su-pham-tieng-anh,X25,Điểm học bạ,2025,26.83,Sư phạm Tiếng Anh
44894,DPQ,su-pham-tieng-anh,X78,Điểm học bạ,2025,26.83,Sư phạm Tiếng Anh
44895,DPQ,su-pham-tieng-anh,D01,Điểm thi THPT,2025,26.02,Sư phạm Tiếng Anh
44896,DPQ,su-pham-tieng-anh,D15,Điểm thi THPT,2025,26.02,Sư phạm Tiếng Anh
44897,DPQ,su-pham-tieng-anh,X25,Điểm thi THPT,2025,26.02,Sư phạm Tiếng Anh
44898,DPQ,su-pham-tieng-anh,X78,Điểm thi THPT,2025,26.02,Sư phạm Tiếng Anh
44899,DPQ,su-pham-tin-hoc,A00,Điểm thi THPT,2021,19.0,Sư phạm Tin học
44900,DPQ,su-pham-tin-hoc,A01,Điểm thi THPT,2021,19.0,Sư phạm Tin học
44901,DPQ,su-pham-tin-hoc,D01,Điểm thi THPT,2021,19.0,Sư phạm Tin học
44902,DPQ,su-pham-tin-hoc,D90,Điểm thi THPT,2021,19.0,Sư phạm Tin học
44903,DPQ,su-pham-tin-hoc,A00,Điểm học bạ,2024,26.08,Sư phạm Tin học
44904,DPQ,su-pham-tin-hoc,A01,Điểm học bạ,2024,26.08,Sư phạm Tin học
44905,DPQ,su-pham-tin-hoc,D01,Điểm học bạ,2024,26.08,Sư phạm Tin học
44906,DPQ,su-pham-tin-hoc,D90,Điểm học bạ,2024,26.08,Sư phạm Tin học
44907,DPQ,su-pham-tin-hoc,A00,Điểm thi THPT,2024,22.4,Sư phạm Tin học
44908,DPQ,su-pham-tin-hoc,A01,Điểm thi THPT,2024,22.4,Sư phạm Tin học
44909,DPQ,su-pham-tin-hoc,D01,Điểm thi THPT,2024,22.4,Sư phạm Tin học
44910,DPQ,su-pham-tin-hoc,D90,Điểm thi THPT,2024,22.4,Sư phạm Tin học
44911,DPQ,su-pham-tin-hoc,A00,Điểm học bạ,2025,26.75,Sư phạm Tin học
44912,DPQ,su-pham-tin-hoc,D01,Điểm học bạ,2025,26.75,Sư phạm Tin học
44913,DPQ,su-pham-tin-hoc,X05,Điểm học bạ,2025,26.75,Sư phạm Tin học
44914,DPQ,su-pham-tin-hoc,X06,Điểm học bạ,2025,26.75,Sư phạm Tin học
44915,DPQ,su-pham-tin-hoc,A00,Điểm thi THPT,2025,25.92,Sư phạm Tin học
44916,DPQ,su-pham-tin-hoc,D01,Điểm thi THPT,2025,25.92,Sư phạm Tin học
44917,DPQ,su-pham-tin-hoc,X05,Điểm thi THPT,2025,25.92,Sư phạm Tin học
44918,DPQ,su-pham-tin-hoc,X06,Điểm thi THPT,2025,25.92,Sư phạm Tin học
44919,DPQ,su-pham-toan-hoc,A00,Điểm thi THPT,2021,19.0,Sư Phạm Toán học
44920,DPQ,su-pham-toan-hoc,A01,Điểm thi THPT,2021,19.0,Sư Phạm Toán học
44921,DPQ,su-pham-toan-hoc,D01,Điểm thi THPT,2021,19.0,Sư Phạm Toán học
44922,DPQ,su-pham-toan-hoc,D90,Điểm thi THPT,2021,19.0,Sư Phạm Toán học
44923,DPQ,su-pham-toan-hoc,A00,Điểm học bạ,2024,27.12,Sư phạm Toán học
44924,DPQ,su-pham-toan-hoc,A01,Điểm học bạ,2024,27.12,Sư phạm Toán học
44925,DPQ,su-pham-toan-hoc,D01,Điểm học bạ,2024,27.12,Sư phạm Toán học
44926,DPQ,su-pham-toan-hoc,D90,Điểm học bạ,2024,27.12,Sư phạm Toán học
44927,DPQ,su-pham-toan-hoc,A00,Điểm thi THPT,2024,24.4,Sư phạm Toán học
44928,DPQ,su-pham-toan-hoc,A01,Điểm thi THPT,2024,24.4,Sư phạm Toán học
44929,DPQ,su-pham-toan-hoc,D01,Điểm thi THPT,2024,24.4,Sư phạm Toán học
44930,DPQ,su-pham-toan-hoc,D90,Điểm thi THPT,2024,24.4,Sư phạm Toán học
44931,DPQ,su-pham-toan-hoc,A00,Điểm học bạ,2025,27.75,Sư phạm Toán học
44932,DPQ,su-pham-toan-hoc,A01,Điểm học bạ,2025,27.75,Sư phạm Toán học
44933,DPQ,su-pham-toan-hoc,D01,Điểm học bạ,2025,27.75,Sư phạm Toán học
44934,DPQ,su-pham-toan-hoc,X05,Điểm học bạ,2025,27.75,Sư phạm Toán học
44935,DPQ,su-pham-toan-hoc,A00,Điểm thi THPT,2025,27.25,Sư phạm Toán học
44936,DPQ,su-pham-toan-hoc,A01,Điểm thi THPT,2025,27.25,Sư phạm Toán học
44937,DPQ,su-pham-toan-hoc,D01,Điểm thi THPT,2025,27.25,Sư phạm Toán học
44938,DPQ,su-pham-toan-hoc,X05,Điểm thi THPT,2025,27.25,Sư phạm Toán học
44939,DPQ,su-pham-vat-ly,A00,Điểm thi THPT,2021,19.0,Sư phạm Vật lý
44940,DPQ,su-pham-vat-ly,A01,Điểm thi THPT,2021,19.0,Sư phạm Vật lý
44941,DPQ,su-pham-vat-ly,D90,Điểm thi THPT,2021,19.0,Sư phạm Vật lý
44942,DPQ,su-pham-vat-ly,A00,Điểm học bạ,2024,26.62,Sư phạm Vật lý
44943,DPQ,su-pham-vat-ly,A01,Điểm học bạ,2024,26.62,Sư phạm Vật lý
44944,DPQ,su-pham-vat-ly,D01,Điểm học bạ,2024,26.62,Sư phạm Vật lý
44945,DPQ,su-pham-vat-ly,D90,Điểm học bạ,2024,26.62,Sư phạm Vật lý
44946,DPQ,su-pham-vat-ly,A00,Điểm thi THPT,2024,23.6,Sư phạm Vật lý
44947,DPQ,su-pham-vat-ly,A01,Điểm thi THPT,2024,23.6,Sư phạm Vật lý
44948,DPQ,su-pham-vat-ly,D01,Điểm thi THPT,2024,23.6,Sư phạm Vật lý
44949,DPQ,su-pham-vat-ly,D90,Điểm thi THPT,2024,23.6,Sư phạm Vật lý
44950,DPQ,su-pham-vat-ly,A00,Điểm học bạ,2025,27.34,Sư phạm Vật lý
44951,DPQ,su-pham-vat-ly,A01,Điểm học bạ,2025,27.34,Sư phạm Vật lý
44952,DPQ,su-pham-vat-ly,C01,Điểm học bạ,2025,27.34,Sư phạm Vật lý
44953,DPQ,su-pham-vat-ly,X05,Điểm học bạ,2025,27.34,Sư phạm Vật lý
44954,DPQ,su-pham-vat-ly,A00,Điểm thi THPT,2025,26.7,Sư phạm Vật lý
44955,DPQ,su-pham-vat-ly,A01,Điểm thi THPT,2025,26.7,Sư phạm Vật lý
44956,DPQ,su-pham-vat-ly,C01,Điểm thi THPT,2025,26.7,Sư phạm Vật lý
44957,DPQ,su-pham-vat-ly,X05,Điểm thi THPT,2025,26.7,Sư phạm Vật lý
44958,DPQ,tai-chinh-ngan-hang,A00,Điểm thi THPT,2022,23.75,Tài chính - Ngân hàng
44959,DPQ,tai-chinh-ngan-hang,A01,Điểm thi THPT,2022,23.75,Tài chính - Ngân hàng
44960,DPQ,tai-chinh-ngan-hang,D01,Điểm thi THPT,2022,23.75,Tài chính - Ngân hàng
44961,DPQ,tai-chinh-ngan-hang,D90,Điểm thi THPT,2022,23.75,Tài chính - Ngân hàng
44962,DPQ,tai-chinh-ngan-hang,A00,Điểm thi THPT,2023,16.0,Tài chính - Ngân hàng
44963,DPQ,tai-chinh-ngan-hang,A01,Điểm thi THPT,2023,16.0,Tài chính - Ngân hàng
44964,DPQ,tai-chinh-ngan-hang,D01,Điểm thi THPT,2023,16.0,Tài chính - Ngân hàng
44965,DPQ,thong-ke-kinh-te,A00,Điểm thi THPT,2022,23.25,Thống kê kinh tế
44966,DPQ,thong-ke-kinh-te,A01,Điểm thi THPT,2022,23.25,Thống kê kinh tế
44967,DPQ,thong-ke-kinh-te,D01,Điểm thi THPT,2022,23.25,Thống kê kinh tế
44968,DPQ,thong-ke-kinh-te,D90,Điểm thi THPT,2022,23.25,Thống kê kinh tế
44969,DPQ,thuong-mai-dien-tu,A00,Điểm học bạ,2021,15.0,Thương mại điện tử
44970,DPQ,thuong-mai-dien-tu,A01,Điểm học bạ,2021,15.0,Thương mại điện tử
44971,DPQ,thuong-mai-dien-tu,D01,Điểm học bạ,2021,15.0,Thương mại điện tử
44972,DPQ,thuong-mai-dien-tu,D90,Điểm học bạ,2021,15.0,Thương mại điện tử
44973,DPQ,thuong-mai-dien-tu,A00,Điểm thi THPT,2021,15.0,Thương mại điện tử
44974,DPQ,thuong-mai-dien-tu,A01,Điểm thi THPT,2021,15.0,Thương mại điện tử
44975,DPQ,thuong-mai-dien-tu,D01,Điểm thi THPT,2021,15.0,Thương mại điện tử
44976,DPQ,thuong-mai-dien-tu,D90,Điểm thi THPT,2021,15.0,Thương mại điện tử
44977,DPQ,thuong-mai-dien-tu,A00,Điểm thi THPT,2022,26.0,Thương mại điện tử
44978,DPQ,thuong-mai-dien-tu,A01,Điểm thi THPT,2022,26.0,Thương mại điện tử
44979,DPQ,thuong-mai-dien-tu,D01,Điểm thi THPT,2022,26.0,Thương mại điện tử
44980,DPQ,thuong-mai-dien-tu,D90,Điểm thi THPT,2022,26.0,Thương mại điện tử
44981,DPQ,thuong-mai-dien-tu,A00,Điểm thi THPT,2023,19.0,Thương mại điện tử (Thương mại điện tử. Kinh doanh số)
44982,DPQ,thuong-mai-dien-tu,A01,Điểm thi THPT,2023,19.0,Thương mại điện tử (Thương mại điện tử. Kinh doanh số)
44983,DPQ,thuong-mai-dien-tu,C01,Điểm thi THPT,2023,19.0,Thương mại điện tử (Thương mại điện tử. Kinh doanh số)
44984,DPQ,thuong-mai-dien-tu,D01,Điểm thi THPT,2023,19.0,Thương mại điện tử (Thương mại điện tử. Kinh doanh số)
44985,DPQ,truyen-thong-da-phuong-tien,A01,Điểm thi THPT,2023,21.0,Truyền thông đa phương tiện (Truyền thông đa phương tiện. Marketing số)
44986,DPQ,truyen-thong-da-phuong-tien,C03,Điểm thi THPT,2023,21.0,Truyền thông đa phương tiện (Truyền thông đa phương tiện. Marketing số)
44987,DPQ,truyen-thong-da-phuong-tien,D01,Điểm thi THPT,2023,21.0,Truyền thông đa phương tiện (Truyền thông đa phương tiện. Marketing số)
44988,DPQ,truyen-thong-da-phuong-tien,D09,Điểm thi THPT,2023,21.0,Truyền thông đa phương tiện (Truyền thông đa phương tiện. Marketing số)
44989,DPT,cong-nghe-sinh-hoc,A00,Điểm học bạ,2022,6.0,Công nghệ sinh học
44990,DPT,cong-nghe-sinh-hoc,B00,Điểm học bạ,2022,6.0,Công nghệ sinh học
44991,DPT,cong-nghe-sinh-hoc,C08,Điểm học bạ,2022,6.0,Công nghệ sinh học
44992,DPT,cong-nghe-sinh-hoc,D07,Điểm học bạ,2022,6.0,Công nghệ sinh học
44993,DPT,cong-nghe-sinh-hoc,A00,Điểm thi THPT,2022,15.0,Công nghệ sinh học
44994,DPT,cong-nghe-sinh-hoc,B00,Điểm thi THPT,2022,15.0,Công nghệ sinh học
44995,DPT,cong-nghe-sinh-hoc,C08,Điểm thi THPT,2022,15.0,Công nghệ sinh học
44996,DPT,cong-nghe-sinh-hoc,D07,Điểm thi THPT,2022,15.0,Công nghệ sinh học
44997,DPT,cong-nghe-thong-tin,A00,Điểm học bạ,2022,6.0,Công nghệ thông tin
44998,DPT,cong-nghe-thong-tin,A01,Điểm học bạ,2022,6.0,Công nghệ thông tin
44999,DPT,cong-nghe-thong-tin,C01,Điểm học bạ,2022,6.0,Công nghệ thông tin
45000,DPT,cong-nghe-thong-tin,D01,Điểm học bạ,2022,6.0,Công nghệ thông tin
45001,DPT,cong-nghe-thong-tin,A00,Điểm thi THPT,2022,15.0,Công nghệ thông tin
45002,DPT,cong-nghe-thong-tin,A01,Điểm thi THPT,2022,15.0,Công nghệ thông tin
45003,DPT,cong-nghe-thong-tin,C01,Điểm thi THPT,2022,15.0,Công nghệ thông tin
45004,DPT,cong-nghe-thong-tin,D01,Điểm thi THPT,2022,15.0,Công nghệ thông tin
45005,DPT,cong-nghe-thong-tin,A00,Điểm học bạ,2023,6.0,Công nghệ Thông tin
45006,DPT,cong-nghe-thong-tin,A01,Điểm học bạ,2023,6.0,Công nghệ Thông tin
45007,DPT,cong-nghe-thong-tin,C01,Điểm học bạ,2023,6.0,Công nghệ Thông tin
45008,DPT,cong-nghe-thong-tin,D01,Điểm học bạ,2023,6.0,Công nghệ Thông tin
45009,DPT,cong-nghe-thong-tin,A00,Điểm thi THPT,2023,15.0,Công nghệ Thông tin
45010,DPT,cong-nghe-thong-tin,A01,Điểm thi THPT,2023,15.0,Công nghệ Thông tin
45011,DPT,cong-nghe-thong-tin,C01,Điểm thi THPT,2023,15.0,Công nghệ Thông tin
45012,DPT,cong-nghe-thong-tin,D01,Điểm thi THPT,2023,15.0,Công nghệ Thông tin
45013,DPT,cong-nghe-thong-tin,A00,Điểm học bạ,2024,6.0,Công nghệ thông tin
45014,DPT,cong-nghe-thong-tin,A01,Điểm học bạ,2024,6.0,Công nghệ thông tin
45015,DPT,cong-nghe-thong-tin,C01,Điểm học bạ,2024,6.0,Công nghệ thông tin
45016,DPT,cong-nghe-thong-tin,D01,Điểm học bạ,2024,6.0,Công nghệ thông tin
45017,DPT,cong-nghe-thong-tin,A00,Điểm thi THPT,2024,15.0,Công nghệ Thông tin
45018,DPT,cong-nghe-thong-tin,A01,Điểm thi THPT,2024,15.0,Công nghệ Thông tin
45019,DPT,cong-nghe-thong-tin,C01,Điểm thi THPT,2024,15.0,Công nghệ Thông tin
45020,DPT,cong-nghe-thong-tin,D01,Điểm thi THPT,2024,15.0,Công nghệ Thông tin
45021,DPT,cong-nghe-thong-tin,A00,Điểm học bạ,2025,15.0,Công nghệ thông tin
45022,DPT,cong-nghe-thong-tin,A01,Điểm học bạ,2025,15.0,Công nghệ thông tin
45023,DPT,cong-nghe-thong-tin,C01,Điểm học bạ,2025,15.0,Công nghệ thông tin
45024,DPT,cong-nghe-thong-tin,D01,Điểm học bạ,2025,15.0,Công nghệ thông tin
45025,DPT,cong-nghe-thong-tin,D07,Điểm học bạ,2025,15.0,Công nghệ thông tin
45026,DPT,cong-nghe-thong-tin,D10,Điểm học bạ,2025,15.0,Công nghệ thông tin
45027,DPT,cong-nghe-thong-tin,D90,Điểm học bạ,2025,15.0,Công nghệ thông tin
45028,DPT,cong-nghe-thong-tin,X25,Điểm học bạ,2025,15.0,Công nghệ thông tin
45029,DPT,cong-nghe-thong-tin,A00,Điểm thi THPT,2025,15.0,Công nghệ thông tin
45030,DPT,cong-nghe-thong-tin,A01,Điểm thi THPT,2025,15.0,Công nghệ thông tin
45031,DPT,cong-nghe-thong-tin,C01,Điểm thi THPT,2025,15.0,Công nghệ thông tin
45032,DPT,cong-nghe-thong-tin,D01,Điểm thi THPT,2025,15.0,Công nghệ thông tin
45033,DPT,cong-nghe-thong-tin,D07,Điểm thi THPT,2025,15.0,Công nghệ thông tin
45034,DPT,cong-nghe-thong-tin,D10,Điểm thi THPT,2025,15.0,Công nghệ thông tin
45035,DPT,cong-nghe-thong-tin,D90,Điểm thi THPT,2025,15.0,Công nghệ thông tin
45036,DPT,cong-nghe-thong-tin,X25,Điểm thi THPT,2025,15.0,Công nghệ thông tin
45037,DPT,cong-nghe-thuc-pham,A00,Điểm học bạ,2022,6.0,Công nghệ thực phẩm
45038,DPT,cong-nghe-thuc-pham,B00,Điểm học bạ,2022,6.0,Công nghệ thực phẩm
45039,DPT,cong-nghe-thuc-pham,C08,Điểm học bạ,2022,6.0,Công nghệ thực phẩm
45040,DPT,cong-nghe-thuc-pham,D07,Điểm học bạ,2022,6.0,Công nghệ thực phẩm
45041,DPT,cong-nghe-thuc-pham,A00,Điểm thi THPT,2022,15.0,Công nghệ thực phẩm
45042,DPT,cong-nghe-thuc-pham,B00,Điểm thi THPT,2022,15.0,Công nghệ thực phẩm
45043,DPT,cong-nghe-thuc-pham,C08,Điểm thi THPT,2022,15.0,Công nghệ thực phẩm
45044,DPT,cong-nghe-thuc-pham,D07,Điểm thi THPT,2022,15.0,Công nghệ thực phẩm
45045,DPT,ke-toan,A00,Điểm học bạ,2022,6.0,Kế toán
45046,DPT,ke-toan,A01,Điểm học bạ,2022,6.0,Kế toán
45047,DPT,ke-toan,C04,Điểm học bạ,2022,6.0,Kế toán
45048,DPT,ke-toan,D01,Điểm học bạ,2022,6.0,Kế toán
45049,DPT,ke-toan,A00,Điểm thi THPT,2022,15.0,Kế toán
45050,DPT,ke-toan,A01,Điểm thi THPT,2022,15.0,Kế toán
45051,DPT,ke-toan,C04,Điểm thi THPT,2022,15.0,Kế toán
45052,DPT,ke-toan,D01,Điểm thi THPT,2022,15.0,Kế toán
45053,DPT,ke-toan,A00,Điểm học bạ,2023,6.0,Kế toán
45054,DPT,ke-toan,A01,Điểm học bạ,2023,6.0,Kế toán
45055,DPT,ke-toan,C04,Điểm học bạ,2023,6.0,Kế toán
45056,DPT,ke-toan,D01,Điểm học bạ,2023,6.0,Kế toán
45057,DPT,ke-toan,A00,Điểm thi THPT,2023,15.0,Kế toán
45058,DPT,ke-toan,A01,Điểm thi THPT,2023,15.0,Kế toán
45059,DPT,ke-toan,C04,Điểm thi THPT,2023,15.0,Kế toán
45060,DPT,ke-toan,D01,Điểm thi THPT,2023,15.0,Kế toán
45061,DPT,ke-toan,A00,Điểm học bạ,2024,6.0,Kế toán
45062,DPT,ke-toan,A01,Điểm học bạ,2024,6.0,Kế toán
45063,DPT,ke-toan,C04,Điểm học bạ,2024,6.0,Kế toán
45064,DPT,ke-toan,D01,Điểm học bạ,2024,6.0,Kế toán
45065,DPT,ke-toan,A00,Điểm thi THPT,2024,15.0,Kế toán
45066,DPT,ke-toan,A01,Điểm thi THPT,2024,15.0,Kế toán
45067,DPT,ke-toan,C04,Điểm thi THPT,2024,15.0,Kế toán
45068,DPT,ke-toan,D01,Điểm thi THPT,2024,15.0,Kế toán
45069,DPT,ke-toan,A00,Điểm học bạ,2025,15.0,Kế toán
45070,DPT,ke-toan,A01,Điểm học bạ,2025,15.0,Kế toán
45071,DPT,ke-toan,C01,Điểm học bạ,2025,15.0,Kế toán
45072,DPT,ke-toan,D01,Điểm học bạ,2025,15.0,Kế toán
45073,DPT,ke-toan,D07,Điểm học bạ,2025,15.0,Kế toán
45074,DPT,ke-toan,X01,Điểm học bạ,2025,15.0,Kế toán
45075,DPT,ke-toan,A00,Điểm thi THPT,2025,15.0,Kế toán
45076,DPT,ke-toan,A01,Điểm thi THPT,2025,15.0,Kế toán
45077,DPT,ke-toan,C01,Điểm thi THPT,2025,15.0,Kế toán
45078,DPT,ke-toan,D01,Điểm thi THPT,2025,15.0,Kế toán
45079,DPT,ke-toan,D07,Điểm thi THPT,2025,15.0,Kế toán
45080,DPT,ke-toan,X01,Điểm thi THPT,2025,15.0,Kế toán
45081,DPT,kinh-doanh-quoc-te,A00,Điểm học bạ,2022,6.0,Kinh doanh quốc tế
45082,DPT,kinh-doanh-quoc-te,A01,Điểm học bạ,2022,6.0,Kinh doanh quốc tế
45083,DPT,kinh-doanh-quoc-te,C04,Điểm học bạ,2022,6.0,Kinh doanh quốc tế
45084,DPT,kinh-doanh-quoc-te,D01,Điểm học bạ,2022,6.0,Kinh doanh quốc tế
45085,DPT,kinh-doanh-quoc-te,A00,Điểm thi THPT,2022,15.0,Kinh doanh quốc tế
45086,DPT,kinh-doanh-quoc-te,A01,Điểm thi THPT,2022,15.0,Kinh doanh quốc tế
45087,DPT,kinh-doanh-quoc-te,C04,Điểm thi THPT,2022,15.0,Kinh doanh quốc tế
45088,DPT,kinh-doanh-quoc-te,D01,Điểm thi THPT,2022,15.0,Kinh doanh quốc tế
45089,DPT,ky-thuat-co-khi,A00,Điểm học bạ,2023,6.0,Kỹ thuật Cơ khí
45090,DPT,ky-thuat-co-khi,A01,Điểm học bạ,2023,6.0,Kỹ thuật Cơ khí
45091,DPT,ky-thuat-co-khi,A02,Điểm học bạ,2023,6.0,Kỹ thuật Cơ khí
45092,DPT,ky-thuat-co-khi,C01,Điểm học bạ,2023,6.0,Kỹ thuật Cơ khí
45093,DPT,ky-thuat-co-khi,A00,Điểm thi THPT,2023,15.0,Kỹ thuật Cơ khí
45094,DPT,ky-thuat-co-khi,A01,Điểm thi THPT,2023,15.0,Kỹ thuật Cơ khí
45095,DPT,ky-thuat-co-khi,A02,Điểm thi THPT,2023,15.0,Kỹ thuật Cơ khí
45096,DPT,ky-thuat-co-khi,C01,Điểm thi THPT,2023,15.0,Kỹ thuật Cơ khí
45097,DPT,ky-thuat-co-khi,A00,Điểm học bạ,2024,6.0,Kỹ thuật cơ khí
45098,DPT,ky-thuat-co-khi,A01,Điểm học bạ,2024,6.0,Kỹ thuật cơ khí
45099,DPT,ky-thuat-co-khi,A02,Điểm học bạ,2024,6.0,Kỹ thuật cơ khí
45100,DPT,ky-thuat-co-khi,C01,Điểm học bạ,2024,6.0,Kỹ thuật cơ khí
45101,DPT,ky-thuat-co-khi,A00,Điểm thi THPT,2024,15.0,Kỹ thuật Cơ khí
45102,DPT,ky-thuat-co-khi,A01,Điểm thi THPT,2024,15.0,Kỹ thuật Cơ khí
45103,DPT,ky-thuat-co-khi,A02,Điểm thi THPT,2024,15.0,Kỹ thuật Cơ khí
45104,DPT,ky-thuat-co-khi,C01,Điểm thi THPT,2024,15.0,Kỹ thuật Cơ khí
45105,DPT,ky-thuat-co-khi,A00,Điểm học bạ,2025,15.0,Kỹ thuật cơ khí
45106,DPT,ky-thuat-co-khi,A01,Điểm học bạ,2025,15.0,Kỹ thuật cơ khí
45107,DPT,ky-thuat-co-khi,A04,Điểm học bạ,2025,15.0,Kỹ thuật cơ khí
45108,DPT,ky-thuat-co-khi,C01,Điểm học bạ,2025,15.0,Kỹ thuật cơ khí
45109,DPT,ky-thuat-co-khi,D01,Điểm học bạ,2025,15.0,Kỹ thuật cơ khí
45110,DPT,ky-thuat-co-khi,D07,Điểm học bạ,2025,15.0,Kỹ thuật cơ khí
45111,DPT,ky-thuat-co-khi,A00,Điểm thi THPT,2025,15.0,Kỹ thuật cơ khí
45112,DPT,ky-thuat-co-khi,A01,Điểm thi THPT,2025,15.0,Kỹ thuật cơ khí
45113,DPT,ky-thuat-co-khi,A04,Điểm thi THPT,2025,15.0,Kỹ thuật cơ khí
45114,DPT,ky-thuat-co-khi,C01,Điểm thi THPT,2025,15.0,Kỹ thuật cơ khí
45115,DPT,ky-thuat-co-khi,D01,Điểm thi THPT,2025,15.0,Kỹ thuật cơ khí
45116,DPT,ky-thuat-co-khi,D07,Điểm thi THPT,2025,15.0,Kỹ thuật cơ khí
45117,DPT,ky-thuat-o-to,A00,Điểm học bạ,2022,6.0,Kỹ thuật ô tô
45118,DPT,ky-thuat-o-to,A01,Điểm học bạ,2022,6.0,Kỹ thuật ô tô
45119,DPT,ky-thuat-o-to,A02,Điểm học bạ,2022,6.0,Kỹ thuật ô tô
45120,DPT,ky-thuat-o-to,C01,Điểm học bạ,2022,6.0,Kỹ thuật ô tô
45121,DPT,ky-thuat-o-to,A00,Điểm thi THPT,2022,15.0,Kỹ thuật ô tô
45122,DPT,ky-thuat-o-to,A01,Điểm thi THPT,2022,15.0,Kỹ thuật ô tô
45123,DPT,ky-thuat-o-to,A02,Điểm thi THPT,2022,15.0,Kỹ thuật ô tô
45124,DPT,ky-thuat-o-to,C01,Điểm thi THPT,2022,15.0,Kỹ thuật ô tô
45125,DPT,ky-thuat-o-to,A00,Điểm học bạ,2023,6.0,Kỹ thuật ô tô
45126,DPT,ky-thuat-o-to,A01,Điểm học bạ,2023,6.0,Kỹ thuật ô tô
45127,DPT,ky-thuat-o-to,A02,Điểm học bạ,2023,6.0,Kỹ thuật ô tô
45128,DPT,ky-thuat-o-to,C01,Điểm học bạ,2023,6.0,Kỹ thuật ô tô
45129,DPT,ky-thuat-o-to,A00,Điểm thi THPT,2023,15.0,Kỹ thuật ô tô
45130,DPT,ky-thuat-o-to,A01,Điểm thi THPT,2023,15.0,Kỹ thuật ô tô
45131,DPT,ky-thuat-o-to,A02,Điểm thi THPT,2023,15.0,Kỹ thuật ô tô
45132,DPT,ky-thuat-o-to,C01,Điểm thi THPT,2023,15.0,Kỹ thuật ô tô
45133,DPT,ky-thuat-o-to,A00,Điểm học bạ,2024,6.0,Kỹ thuật ô tô
45134,DPT,ky-thuat-o-to,A01,Điểm học bạ,2024,6.0,Kỹ thuật ô tô
45135,DPT,ky-thuat-o-to,A02,Điểm học bạ,2024,6.0,Kỹ thuật ô tô
45136,DPT,ky-thuat-o-to,C01,Điểm học bạ,2024,6.0,Kỹ thuật ô tô
45137,DPT,ky-thuat-o-to,A00,Điểm thi THPT,2024,15.0,Kỹ thuật Ô tô
45138,DPT,ky-thuat-o-to,A01,Điểm thi THPT,2024,15.0,Kỹ thuật Ô tô
45139,DPT,ky-thuat-o-to,A02,Điểm thi THPT,2024,15.0,Kỹ thuật Ô tô
45140,DPT,ky-thuat-o-to,C01,Điểm thi THPT,2024,15.0,Kỹ thuật Ô tô
45141,DPT,ky-thuat-o-to,A00,Điểm học bạ,2025,15.0,Kỹ thuật ô tô
45142,DPT,ky-thuat-o-to,A01,Điểm học bạ,2025,15.0,Kỹ thuật ô tô
45143,DPT,ky-thuat-o-to,A04,Điểm học bạ,2025,15.0,Kỹ thuật ô tô
45144,DPT,ky-thuat-o-to,C01,Điểm học bạ,2025,15.0,Kỹ thuật ô tô
45145,DPT,ky-thuat-o-to,D01,Điểm học bạ,2025,15.0,Kỹ thuật ô tô
45146,DPT,ky-thuat-o-to,D07,Điểm học bạ,2025,15.0,Kỹ thuật ô tô
45147,DPT,ky-thuat-o-to,A00,Điểm thi THPT,2025,15.0,Kỹ thuật ô tô
45148,DPT,ky-thuat-o-to,A01,Điểm thi THPT,2025,15.0,Kỹ thuật ô tô
45149,DPT,ky-thuat-o-to,A04,Điểm thi THPT,2025,15.0,Kỹ thuật ô tô
45150,DPT,ky-thuat-o-to,C01,Điểm thi THPT,2025,15.0,Kỹ thuật ô tô
45151,DPT,ky-thuat-o-to,D01,Điểm thi THPT,2025,15.0,Kỹ thuật ô tô
45152,DPT,ky-thuat-o-to,D07,Điểm thi THPT,2025,15.0,Kỹ thuật ô tô
45153,DPT,ky-thuat-xay-dung,A00,Điểm học bạ,2022,6.0,Kỹ thuật xây dựng
45154,DPT,ky-thuat-xay-dung,A01,Điểm học bạ,2022,6.0,Kỹ thuật xây dựng
45155,DPT,ky-thuat-xay-dung,C01,Điểm học bạ,2022,6.0,Kỹ thuật xây dựng
45156,DPT,ky-thuat-xay-dung,D01,Điểm học bạ,2022,6.0,Kỹ thuật xây dựng
45157,DPT,ky-thuat-xay-dung,A00,Điểm thi THPT,2022,15.0,Kỹ thuật xây dựng
45158,DPT,ky-thuat-xay-dung,A01,Điểm thi THPT,2022,15.0,Kỹ thuật xây dựng
45159,DPT,ky-thuat-xay-dung,C01,Điểm thi THPT,2022,15.0,Kỹ thuật xây dựng
45160,DPT,ky-thuat-xay-dung,D01,Điểm thi THPT,2022,15.0,Kỹ thuật xây dựng
45161,DPT,ky-thuat-xay-dung,A00,Điểm học bạ,2023,6.0,Kỹ thuật Xây dựng
45162,DPT,ky-thuat-xay-dung,A01,Điểm học bạ,2023,6.0,Kỹ thuật Xây dựng
45163,DPT,ky-thuat-xay-dung,C01,Điểm học bạ,2023,6.0,Kỹ thuật Xây dựng
45164,DPT,ky-thuat-xay-dung,D01,Điểm học bạ,2023,6.0,Kỹ thuật Xây dựng
45165,DPT,ky-thuat-xay-dung,A00,Điểm thi THPT,2023,15.0,Kỹ thuật Xây dựng
45166,DPT,ky-thuat-xay-dung,A01,Điểm thi THPT,2023,15.0,Kỹ thuật Xây dựng
45167,DPT,ky-thuat-xay-dung,C01,Điểm thi THPT,2023,15.0,Kỹ thuật Xây dựng
45168,DPT,ky-thuat-xay-dung,D01,Điểm thi THPT,2023,15.0,Kỹ thuật Xây dựng
45169,DPT,ky-thuat-xay-dung,A00,Điểm học bạ,2024,6.0,Kỹ thuật xây dựng
45170,DPT,ky-thuat-xay-dung,A01,Điểm học bạ,2024,6.0,Kỹ thuật xây dựng
45171,DPT,ky-thuat-xay-dung,C01,Điểm học bạ,2024,6.0,Kỹ thuật xây dựng
45172,DPT,ky-thuat-xay-dung,D01,Điểm học bạ,2024,6.0,Kỹ thuật xây dựng
45173,DPT,ky-thuat-xay-dung,A00,Điểm thi THPT,2024,15.0,Kỹ thuật Xây dựng
45174,DPT,ky-thuat-xay-dung,A01,Điểm thi THPT,2024,15.0,Kỹ thuật Xây dựng
45175,DPT,ky-thuat-xay-dung,C01,Điểm thi THPT,2024,15.0,Kỹ thuật Xây dựng
45176,DPT,ky-thuat-xay-dung,D01,Điểm thi THPT,2024,15.0,Kỹ thuật Xây dựng
45177,DPT,ky-thuat-xay-dung,A00,Điểm học bạ,2025,15.0,Kỹ thuật xây dựng
45178,DPT,ky-thuat-xay-dung,A01,Điểm học bạ,2025,15.0,Kỹ thuật xây dựng
45179,DPT,ky-thuat-xay-dung,A04,Điểm học bạ,2025,15.0,Kỹ thuật xây dựng
45180,DPT,ky-thuat-xay-dung,C01,Điểm học bạ,2025,15.0,Kỹ thuật xây dựng
45181,DPT,ky-thuat-xay-dung,D01,Điểm học bạ,2025,15.0,Kỹ thuật xây dựng
45182,DPT,ky-thuat-xay-dung,D07,Điểm học bạ,2025,15.0,Kỹ thuật xây dựng
45183,DPT,ky-thuat-xay-dung,A00,Điểm thi THPT,2025,15.0,Kỹ thuật xây dựng
45184,DPT,ky-thuat-xay-dung,A01,Điểm thi THPT,2025,15.0,Kỹ thuật xây dựng
45185,DPT,ky-thuat-xay-dung,A04,Điểm thi THPT,2025,15.0,Kỹ thuật xây dựng
45186,DPT,ky-thuat-xay-dung,C01,Điểm thi THPT,2025,15.0,Kỹ thuật xây dựng
45187,DPT,ky-thuat-xay-dung,D01,Điểm thi THPT,2025,15.0,Kỹ thuật xây dựng
45188,DPT,ky-thuat-xay-dung,D07,Điểm thi THPT,2025,15.0,Kỹ thuật xây dựng
45189,DPT,ky-thuat-xet-nghiem-y-hoc,A00,Điểm học bạ,2022,6.5,Kỹ thuật xét nghiệm y học
45190,DPT,ky-thuat-xet-nghiem-y-hoc,B00,Điểm học bạ,2022,6.5,Kỹ thuật xét nghiệm y học
45191,DPT,ky-thuat-xet-nghiem-y-hoc,C08,Điểm học bạ,2022,6.5,Kỹ thuật xét nghiệm y học
45192,DPT,ky-thuat-xet-nghiem-y-hoc,D07,Điểm học bạ,2022,6.5,Kỹ thuật xét nghiệm y học
45193,DPT,ky-thuat-xet-nghiem-y-hoc,A00,Điểm thi THPT,2022,19.0,Kỹ thuật xét nghiệm y học
45194,DPT,ky-thuat-xet-nghiem-y-hoc,B00,Điểm thi THPT,2022,19.0,Kỹ thuật xét nghiệm y học
45195,DPT,ky-thuat-xet-nghiem-y-hoc,C08,Điểm thi THPT,2022,19.0,Kỹ thuật xét nghiệm y học
45196,DPT,ky-thuat-xet-nghiem-y-hoc,D07,Điểm thi THPT,2022,19.0,Kỹ thuật xét nghiệm y học
45197,DPT,ky-thuat-xet-nghiem-y-hoc,A00,Điểm học bạ,2023,6.5,Kỹ thuật Xét nghiệm Y học
45198,DPT,ky-thuat-xet-nghiem-y-hoc,B00,Điểm học bạ,2023,6.5,Kỹ thuật Xét nghiệm Y học
45199,DPT,ky-thuat-xet-nghiem-y-hoc,D07,Điểm học bạ,2023,6.5,Kỹ thuật Xét nghiệm Y học
45200,DPT,ky-thuat-xet-nghiem-y-hoc,D08,Điểm học bạ,2023,6.5,Kỹ thuật Xét nghiệm Y học
45201,DPT,ky-thuat-xet-nghiem-y-hoc,A00,Điểm thi THPT,2023,19.0,Kỹ thuật Xét nghiệm Y học
45202,DPT,ky-thuat-xet-nghiem-y-hoc,B00,Điểm thi THPT,2023,19.0,Kỹ thuật Xét nghiệm Y học
45203,DPT,ky-thuat-xet-nghiem-y-hoc,D07,Điểm thi THPT,2023,19.0,Kỹ thuật Xét nghiệm Y học
45204,DPT,ky-thuat-xet-nghiem-y-hoc,D08,Điểm thi THPT,2023,19.0,Kỹ thuật Xét nghiệm Y học
45205,DPT,ky-thuat-xet-nghiem-y-hoc,A00,Điểm học bạ,2024,6.5,Kỹ thuật xét nghiệm y học
45206,DPT,ky-thuat-xet-nghiem-y-hoc,B00,Điểm học bạ,2024,6.5,Kỹ thuật xét nghiệm y học
45207,DPT,ky-thuat-xet-nghiem-y-hoc,D07,Điểm học bạ,2024,6.5,Kỹ thuật xét nghiệm y học
45208,DPT,ky-thuat-xet-nghiem-y-hoc,D08,Điểm học bạ,2024,6.5,Kỹ thuật xét nghiệm y học
45209,DPT,ky-thuat-xet-nghiem-y-hoc,A00,Điểm thi THPT,2024,19.0,Kỹ thuật Xét nghiệm Y học
45210,DPT,ky-thuat-xet-nghiem-y-hoc,B00,Điểm thi THPT,2024,19.0,Kỹ thuật Xét nghiệm Y học
45211,DPT,ky-thuat-xet-nghiem-y-hoc,D07,Điểm thi THPT,2024,19.0,Kỹ thuật Xét nghiệm Y học
45212,DPT,ky-thuat-xet-nghiem-y-hoc,D08,Điểm thi THPT,2024,19.0,Kỹ thuật Xét nghiệm Y học
45213,DPT,ky-thuat-xet-nghiem-y-hoc,B00,Điểm học bạ,2025,19.0,Kỹ thuật xét nghiệm y học
45214,DPT,ky-thuat-xet-nghiem-y-hoc,D07,Điểm học bạ,2025,19.0,Kỹ thuật xét nghiệm y học
45215,DPT,ky-thuat-xet-nghiem-y-hoc,D08,Điểm học bạ,2025,19.0,Kỹ thuật xét nghiệm y học
45216,DPT,ky-thuat-xet-nghiem-y-hoc,B00,Điểm thi THPT,2025,17.0,Kỹ thuật xét nghiệm y học
45217,DPT,ky-thuat-xet-nghiem-y-hoc,D07,Điểm thi THPT,2025,17.0,Kỹ thuật xét nghiệm y học
45218,DPT,ky-thuat-xet-nghiem-y-hoc,D08,Điểm thi THPT,2025,17.0,Kỹ thuật xét nghiệm y học
45219,DPT,logistics-va-quan-ly-chuoi-cung-ung,A00,Điểm học bạ,2022,6.0,Logistics và Quản lý chuỗi cung ứng
45220,DPT,logistics-va-quan-ly-chuoi-cung-ung,A01,Điểm học bạ,2022,6.0,Logistics và Quản lý chuỗi cung ứng
45221,DPT,logistics-va-quan-ly-chuoi-cung-ung,C01,Điểm học bạ,2022,6.0,Logistics và Quản lý chuỗi cung ứng
45222,DPT,logistics-va-quan-ly-chuoi-cung-ung,D01,Điểm học bạ,2022,6.0,Logistics và Quản lý chuỗi cung ứng
45223,DPT,logistics-va-quan-ly-chuoi-cung-ung,A00,Điểm thi THPT,2022,15.0,Logistics và Quản lý chuỗi cung ứng
45224,DPT,logistics-va-quan-ly-chuoi-cung-ung,A01,Điểm thi THPT,2022,15.0,Logistics và Quản lý chuỗi cung ứng
45225,DPT,logistics-va-quan-ly-chuoi-cung-ung,C01,Điểm thi THPT,2022,15.0,Logistics và Quản lý chuỗi cung ứng
45226,DPT,logistics-va-quan-ly-chuoi-cung-ung,D01,Điểm thi THPT,2022,15.0,Logistics và Quản lý chuỗi cung ứng
45227,DPT,logistics-va-quan-ly-chuoi-cung-ung,A00,Điểm học bạ,2023,6.0,Logistics và Quản lý chuỗi Cung ứng
45228,DPT,logistics-va-quan-ly-chuoi-cung-ung,A01,Điểm học bạ,2023,6.0,Logistics và Quản lý chuỗi Cung ứng
45229,DPT,logistics-va-quan-ly-chuoi-cung-ung,C01,Điểm học bạ,2023,6.0,Logistics và Quản lý chuỗi Cung ứng
45230,DPT,logistics-va-quan-ly-chuoi-cung-ung,D01,Điểm học bạ,2023,6.0,Logistics và Quản lý chuỗi Cung ứng
45231,DPT,logistics-va-quan-ly-chuoi-cung-ung,A00,Điểm thi THPT,2023,15.0,Logistics và Quản lý chuỗi Cung ứng
45232,DPT,logistics-va-quan-ly-chuoi-cung-ung,A01,Điểm thi THPT,2023,15.0,Logistics và Quản lý chuỗi Cung ứng
45233,DPT,logistics-va-quan-ly-chuoi-cung-ung,C01,Điểm thi THPT,2023,15.0,Logistics và Quản lý chuỗi Cung ứng
45234,DPT,logistics-va-quan-ly-chuoi-cung-ung,D01,Điểm thi THPT,2023,15.0,Logistics và Quản lý chuỗi Cung ứng
45235,DPT,logistics-va-quan-ly-chuoi-cung-ung,A00,Điểm học bạ,2024,6.0,Logistics và quản lý chuỗi cung ứng
45236,DPT,logistics-va-quan-ly-chuoi-cung-ung,A01,Điểm học bạ,2024,6.0,Logistics và quản lý chuỗi cung ứng
45237,DPT,logistics-va-quan-ly-chuoi-cung-ung,C01,Điểm học bạ,2024,6.0,Logistics và quản lý chuỗi cung ứng
45238,DPT,logistics-va-quan-ly-chuoi-cung-ung,D01,Điểm học bạ,2024,6.0,Logistics và quản lý chuỗi cung ứng
45239,DPT,logistics-va-quan-ly-chuoi-cung-ung,A00,Điểm thi THPT,2024,15.0,Logistics và Quản lý chuỗi cung ứng
45240,DPT,logistics-va-quan-ly-chuoi-cung-ung,A01,Điểm thi THPT,2024,15.0,Logistics và Quản lý chuỗi cung ứng
45241,DPT,logistics-va-quan-ly-chuoi-cung-ung,C01,Điểm thi THPT,2024,15.0,Logistics và Quản lý chuỗi cung ứng
45242,DPT,logistics-va-quan-ly-chuoi-cung-ung,D01,Điểm thi THPT,2024,15.0,Logistics và Quản lý chuỗi cung ứng
45243,DPT,logistics-va-quan-ly-chuoi-cung-ung,A00,Điểm học bạ,2025,15.0,Logistics và Quản lý chuỗi cung ứng
45244,DPT,logistics-va-quan-ly-chuoi-cung-ung,A01,Điểm học bạ,2025,15.0,Logistics và Quản lý chuỗi cung ứng
45245,DPT,logistics-va-quan-ly-chuoi-cung-ung,C01,Điểm học bạ,2025,15.0,Logistics và Quản lý chuỗi cung ứng
45246,DPT,logistics-va-quan-ly-chuoi-cung-ung,C04,Điểm học bạ,2025,15.0,Logistics và Quản lý chuỗi cung ứng
45247,DPT,logistics-va-quan-ly-chuoi-cung-ung,D01,Điểm học bạ,2025,15.0,Logistics và Quản lý chuỗi cung ứng
45248,DPT,logistics-va-quan-ly-chuoi-cung-ung,D07,Điểm học bạ,2025,15.0,Logistics và Quản lý chuỗi cung ứng
45249,DPT,logistics-va-quan-ly-chuoi-cung-ung,X25,Điểm học bạ,2025,15.0,Logistics và Quản lý chuỗi cung ứng
45250,DPT,logistics-va-quan-ly-chuoi-cung-ung,X78,Điểm học bạ,2025,15.0,Logistics và Quản lý chuỗi cung ứng
45251,DPT,logistics-va-quan-ly-chuoi-cung-ung,A00,Điểm thi THPT,2025,15.0,Logistics và Quản lý chuỗi cung ứng
45252,DPT,logistics-va-quan-ly-chuoi-cung-ung,A01,Điểm thi THPT,2025,15.0,Logistics và Quản lý chuỗi cung ứng
45253,DPT,logistics-va-quan-ly-chuoi-cung-ung,C01,Điểm thi THPT,2025,15.0,Logistics và Quản lý chuỗi cung ứng
45254,DPT,logistics-va-quan-ly-chuoi-cung-ung,C04,Điểm thi THPT,2025,15.0,Logistics và Quản lý chuỗi cung ứng
45255,DPT,logistics-va-quan-ly-chuoi-cung-ung,D01,Điểm thi THPT,2025,15.0,Logistics và Quản lý chuỗi cung ứng
45256,DPT,logistics-va-quan-ly-chuoi-cung-ung,D07,Điểm thi THPT,2025,15.0,Logistics và Quản lý chuỗi cung ứng
45257,DPT,logistics-va-quan-ly-chuoi-cung-ung,X25,Điểm thi THPT,2025,15.0,Logistics và Quản lý chuỗi cung ứng
45258,DPT,logistics-va-quan-ly-chuoi-cung-ung,X78,Điểm thi THPT,2025,15.0,Logistics và Quản lý chuỗi cung ứng
45259,DPT,luat,C00,Điểm học bạ,2022,6.0,Luật
45260,DPT,luat,D14,Điểm học bạ,2022,6.0,Luật
45261,DPT,luat,D66,Điểm học bạ,2022,6.0,Luật
45262,DPT,luat,D84,Điểm học bạ,2022,6.0,Luật
45263,DPT,luat,C00,Điểm thi THPT,2022,15.0,Luật
45264,DPT,luat,D14,Điểm thi THPT,2022,15.0,Luật
45265,DPT,luat,D66,Điểm thi THPT,2022,15.0,Luật
45266,DPT,luat,D84,Điểm thi THPT,2022,15.0,Luật
45267,DPT,luat,C00,Điểm học bạ,2023,6.0,Luật
45268,DPT,luat,D14,Điểm học bạ,2023,6.0,Luật
45269,DPT,luat,D66,Điểm học bạ,2023,6.0,Luật
45270,DPT,luat,D84,Điểm học bạ,2023,6.0,Luật
45271,DPT,luat,C00,Điểm thi THPT,2023,15.0,Luật
45272,DPT,luat,D14,Điểm thi THPT,2023,15.0,Luật
45273,DPT,luat,D66,Điểm thi THPT,2023,15.0,Luật
45274,DPT,luat,D84,Điểm thi THPT,2023,15.0,Luật
45275,DPT,luat,C00,Điểm học bạ,2024,6.0,Luật
45276,DPT,luat,D14,Điểm học bạ,2024,6.0,Luật
45277,DPT,luat,D66,Điểm học bạ,2024,6.0,Luật
45278,DPT,luat,D84,Điểm học bạ,2024,6.0,Luật
45279,DPT,luat,C00,Điểm thi THPT,2024,15.0,Luật
45280,DPT,luat,D14,Điểm thi THPT,2024,15.0,Luật
45281,DPT,luat,D66,Điểm thi THPT,2024,15.0,Luật
45282,DPT,luat,D84,Điểm thi THPT,2024,15.0,Luật
45283,DPT,luat,C00,Điểm học bạ,2025,18.0,Luật
45284,DPT,luat,D01,Điểm học bạ,2025,18.0,Luật
45285,DPT,luat,D14,Điểm học bạ,2025,18.0,Luật
45286,DPT,luat,D15,Điểm học bạ,2025,18.0,Luật
45287,DPT,luat,X01,Điểm học bạ,2025,18.0,Luật
45288,DPT,luat,X25,Điểm học bạ,2025,18.0,Luật
45289,DPT,luat,X78,Điểm học bạ,2025,18.0,Luật
45290,DPT,luat,C00,Điểm thi THPT,2025,18.0,Luật
45291,DPT,luat,D01,Điểm thi THPT,2025,18.0,Luật
45292,DPT,luat,D14,Điểm thi THPT,2025,18.0,Luật
45293,DPT,luat,D15,Điểm thi THPT,2025,18.0,Luật
45294,DPT,luat,X01,Điểm thi THPT,2025,18.0,Luật
45295,DPT,luat,X25,Điểm thi THPT,2025,18.0,Luật
45296,DPT,luat,X78,Điểm thi THPT,2025,18.0,Luật
45297,DPT,luat-kinh-te,C00,Điểm học bạ,2022,6.0,Luật kinh tế
45298,DPT,luat-kinh-te,D14,Điểm học bạ,2022,6.0,Luật kinh tế
45299,DPT,luat-kinh-te,D66,Điểm học bạ,2022,6.0,Luật kinh tế
45300,DPT,luat-kinh-te,D84,Điểm học bạ,2022,6.0,Luật kinh tế
45301,DPT,luat-kinh-te,C00,Điểm thi THPT,2022,15.0,Luật kinh tế
45302,DPT,luat-kinh-te,D14,Điểm thi THPT,2022,15.0,Luật kinh tế
45303,DPT,luat-kinh-te,D66,Điểm thi THPT,2022,15.0,Luật kinh tế
45304,DPT,luat-kinh-te,D84,Điểm thi THPT,2022,15.0,Luật kinh tế
45305,DPT,luat-kinh-te,C00,Điểm học bạ,2023,6.0,Luật Kinh tế
45306,DPT,luat-kinh-te,D14,Điểm học bạ,2023,6.0,Luật Kinh tế
45307,DPT,luat-kinh-te,D66,Điểm học bạ,2023,6.0,Luật Kinh tế
45308,DPT,luat-kinh-te,D84,Điểm học bạ,2023,6.0,Luật Kinh tế
45309,DPT,luat-kinh-te,C00,Điểm thi THPT,2023,15.0,Luật Kinh tế
45310,DPT,luat-kinh-te,D14,Điểm thi THPT,2023,15.0,Luật Kinh tế
45311,DPT,luat-kinh-te,D66,Điểm thi THPT,2023,15.0,Luật Kinh tế
45312,DPT,luat-kinh-te,D84,Điểm thi THPT,2023,15.0,Luật Kinh tế
45313,DPT,luat-kinh-te,C00,Điểm học bạ,2024,6.0,Luật kinh tế
45314,DPT,luat-kinh-te,D14,Điểm học bạ,2024,6.0,Luật kinh tế
45315,DPT,luat-kinh-te,D66,Điểm học bạ,2024,6.0,Luật kinh tế
45316,DPT,luat-kinh-te,D84,Điểm học bạ,2024,6.0,Luật kinh tế
45317,DPT,luat-kinh-te,C00,Điểm thi THPT,2024,15.0,Luật Kinh tế
45318,DPT,luat-kinh-te,D14,Điểm thi THPT,2024,15.0,Luật Kinh tế
45319,DPT,luat-kinh-te,D66,Điểm thi THPT,2024,15.0,Luật Kinh tế
45320,DPT,luat-kinh-te,D84,Điểm thi THPT,2024,15.0,Luật Kinh tế
45321,DPT,luat-kinh-te,C00,Điểm học bạ,2025,18.0,Luật kinh tế
45322,DPT,luat-kinh-te,D01,Điểm học bạ,2025,18.0,Luật kinh tế
45323,DPT,luat-kinh-te,D14,Điểm học bạ,2025,18.0,Luật kinh tế
45324,DPT,luat-kinh-te,D15,Điểm học bạ,2025,18.0,Luật kinh tế
45325,DPT,luat-kinh-te,X01,Điểm học bạ,2025,18.0,Luật kinh tế
45326,DPT,luat-kinh-te,X25,Điểm học bạ,2025,18.0,Luật kinh tế
45327,DPT,luat-kinh-te,X78,Điểm học bạ,2025,18.0,Luật kinh tế
45328,DPT,luat-kinh-te,C00,Điểm thi THPT,2025,18.0,Luật kinh tế
45329,DPT,luat-kinh-te,D01,Điểm thi THPT,2025,18.0,Luật kinh tế
45330,DPT,luat-kinh-te,D14,Điểm thi THPT,2025,18.0,Luật kinh tế
45331,DPT,luat-kinh-te,D15,Điểm thi THPT,2025,18.0,Luật kinh tế
45332,DPT,luat-kinh-te,X01,Điểm thi THPT,2025,18.0,Luật kinh tế
45333,DPT,luat-kinh-te,X25,Điểm thi THPT,2025,18.0,Luật kinh tế
45334,DPT,luat-kinh-te,X78,Điểm thi THPT,2025,18.0,Luật kinh tế
45335,DPT,ngon-ngu-anh,A01,Điểm học bạ,2022,6.0,Ngôn ngữ Anh
45336,DPT,ngon-ngu-anh,D14,Điểm học bạ,2022,6.0,Ngôn ngữ Anh
45337,DPT,ngon-ngu-anh,D15,Điểm học bạ,2022,6.0,Ngôn ngữ Anh
45338,DPT,ngon-ngu-anh,D66,Điểm học bạ,2022,6.0,Ngôn ngữ Anh
45339,DPT,ngon-ngu-anh,A01,Điểm thi THPT,2022,15.0,Ngôn ngữ Anh
45340,DPT,ngon-ngu-anh,D14,Điểm thi THPT,2022,15.0,Ngôn ngữ Anh
45341,DPT,ngon-ngu-anh,D15,Điểm thi THPT,2022,15.0,Ngôn ngữ Anh
45342,DPT,ngon-ngu-anh,D66,Điểm thi THPT,2022,15.0,Ngôn ngữ Anh
45343,DPT,ngon-ngu-anh,D01,Điểm học bạ,2023,6.0,Ngôn ngữ Anh
45344,DPT,ngon-ngu-anh,D14,Điểm học bạ,2023,6.0,Ngôn ngữ Anh
45345,DPT,ngon-ngu-anh,D15,Điểm học bạ,2023,6.0,Ngôn ngữ Anh
45346,DPT,ngon-ngu-anh,D66,Điểm học bạ,2023,6.0,Ngôn ngữ Anh
45347,DPT,ngon-ngu-anh,D01,Điểm thi THPT,2023,15.0,Ngôn ngữ Anh
45348,DPT,ngon-ngu-anh,D14,Điểm thi THPT,2023,15.0,Ngôn ngữ Anh
45349,DPT,ngon-ngu-anh,D15,Điểm thi THPT,2023,15.0,Ngôn ngữ Anh
45350,DPT,ngon-ngu-anh,D66,Điểm thi THPT,2023,15.0,Ngôn ngữ Anh
45351,DPT,ngon-ngu-anh,D01,Điểm học bạ,2024,6.0,Ngôn ngữ Anh
45352,DPT,ngon-ngu-anh,D14,Điểm học bạ,2024,6.0,Ngôn ngữ Anh
45353,DPT,ngon-ngu-anh,D15,Điểm học bạ,2024,6.0,Ngôn ngữ Anh
45354,DPT,ngon-ngu-anh,D66,Điểm học bạ,2024,6.0,Ngôn ngữ Anh
45355,DPT,ngon-ngu-anh,D01,Điểm thi THPT,2024,15.0,Ngôn ngữ Anh
45356,DPT,ngon-ngu-anh,D14,Điểm thi THPT,2024,15.0,Ngôn ngữ Anh
45357,DPT,ngon-ngu-anh,D15,Điểm thi THPT,2024,15.0,Ngôn ngữ Anh
45358,DPT,ngon-ngu-anh,D66,Điểm thi THPT,2024,15.0,Ngôn ngữ Anh
45359,DPT,ngon-ngu-anh,D01,Điểm học bạ,2025,15.0,Ngôn ngữ Anh
45360,DPT,ngon-ngu-anh,D14,Điểm học bạ,2025,15.0,Ngôn ngữ Anh
45361,DPT,ngon-ngu-anh,D15,Điểm học bạ,2025,15.0,Ngôn ngữ Anh
45362,DPT,ngon-ngu-anh,D90,Điểm học bạ,2025,15.0,Ngôn ngữ Anh
45363,DPT,ngon-ngu-anh,X25,Điểm học bạ,2025,15.0,Ngôn ngữ Anh
45364,DPT,ngon-ngu-anh,X78,Điểm học bạ,2025,15.0,Ngôn ngữ Anh
45365,DPT,ngon-ngu-anh,D01,Điểm thi THPT,2025,15.0,Ngôn ngữ Anh
45366,DPT,ngon-ngu-anh,D14,Điểm thi THPT,2025,15.0,Ngôn ngữ Anh
45367,DPT,ngon-ngu-anh,D15,Điểm thi THPT,2025,15.0,Ngôn ngữ Anh
45368,DPT,ngon-ngu-anh,D90,Điểm thi THPT,2025,15.0,Ngôn ngữ Anh
45369,DPT,ngon-ngu-anh,X25,Điểm thi THPT,2025,15.0,Ngôn ngữ Anh
45370,DPT,ngon-ngu-anh,X78,Điểm thi THPT,2025,15.0,Ngôn ngữ Anh
45371,DPT,quan-tri-dich-vu-du-lich-lu-hanh,A00,Điểm học bạ,2023,6.0,Quản trị Dịch vụ Du lịch & Lữ hành
45372,DPT,quan-tri-dich-vu-du-lich-lu-hanh,A01,Điểm học bạ,2023,6.0,Quản trị Dịch vụ Du lịch & Lữ hành
45373,DPT,quan-tri-dich-vu-du-lich-lu-hanh,C00,Điểm học bạ,2023,6.0,Quản trị Dịch vụ Du lịch & Lữ hành
45374,DPT,quan-tri-dich-vu-du-lich-lu-hanh,D01,Điểm học bạ,2023,6.0,Quản trị Dịch vụ Du lịch & Lữ hành
45375,DPT,quan-tri-dich-vu-du-lich-lu-hanh,A00,Điểm thi THPT,2023,15.0,Quản trị Dịch vụ Du lịch & Lữ hành
45376,DPT,quan-tri-dich-vu-du-lich-lu-hanh,A01,Điểm thi THPT,2023,15.0,Quản trị Dịch vụ Du lịch & Lữ hành
45377,DPT,quan-tri-dich-vu-du-lich-lu-hanh,C00,Điểm thi THPT,2023,15.0,Quản trị Dịch vụ Du lịch & Lữ hành
45378,DPT,quan-tri-dich-vu-du-lich-lu-hanh,D01,Điểm thi THPT,2023,15.0,Quản trị Dịch vụ Du lịch & Lữ hành
45379,DPT,quan-tri-dich-vu-du-lich-lu-hanh,A00,Điểm thi THPT,2024,15.0,Quản trị Dịch vụ Du lịch & Lữ hành
45380,DPT,quan-tri-dich-vu-du-lich-lu-hanh,A01,Điểm thi THPT,2024,15.0,Quản trị Dịch vụ Du lịch & Lữ hành
45381,DPT,quan-tri-dich-vu-du-lich-lu-hanh,C00,Điểm thi THPT,2024,15.0,Quản trị Dịch vụ Du lịch & Lữ hành
45382,DPT,quan-tri-dich-vu-du-lich-lu-hanh,D01,Điểm thi THPT,2024,15.0,Quản trị Dịch vụ Du lịch & Lữ hành
45383,DPT,quan-tri-dich-vu-du-lich-va-lu-hanh,A00,Điểm học bạ,2022,6.0,Quản trị Dịch vụ Du lịch và Lữ hành
45384,DPT,quan-tri-dich-vu-du-lich-va-lu-hanh,A01,Điểm học bạ,2022,6.0,Quản trị Dịch vụ Du lịch và Lữ hành
45385,DPT,quan-tri-dich-vu-du-lich-va-lu-hanh,C00,Điểm học bạ,2022,6.0,Quản trị Dịch vụ Du lịch và Lữ hành
45386,DPT,quan-tri-dich-vu-du-lich-va-lu-hanh,D01,Điểm học bạ,2022,6.0,Quản trị Dịch vụ Du lịch và Lữ hành
45387,DPT,quan-tri-dich-vu-du-lich-va-lu-hanh,A00,Điểm thi THPT,2022,15.0,Quản trị Dịch vụ Du lịch và Lữ hành
45388,DPT,quan-tri-dich-vu-du-lich-va-lu-hanh,A01,Điểm thi THPT,2022,15.0,Quản trị Dịch vụ Du lịch và Lữ hành
45389,DPT,quan-tri-dich-vu-du-lich-va-lu-hanh,C00,Điểm thi THPT,2022,15.0,Quản trị Dịch vụ Du lịch và Lữ hành
45390,DPT,quan-tri-dich-vu-du-lich-va-lu-hanh,D01,Điểm thi THPT,2022,15.0,Quản trị Dịch vụ Du lịch và Lữ hành
45391,DPT,quan-tri-dich-vu-du-lich-va-lu-hanh,A00,Điểm học bạ,2024,6.0,Quản trị dịch vụ du lịch và lữ hành
45392,DPT,quan-tri-dich-vu-du-lich-va-lu-hanh,A01,Điểm học bạ,2024,6.0,Quản trị dịch vụ du lịch và lữ hành
45393,DPT,quan-tri-dich-vu-du-lich-va-lu-hanh,C00,Điểm học bạ,2024,6.0,Quản trị dịch vụ du lịch và lữ hành
45394,DPT,quan-tri-dich-vu-du-lich-va-lu-hanh,D01,Điểm học bạ,2024,6.0,Quản trị dịch vụ du lịch và lữ hành
45395,DPT,quan-tri-dich-vu-du-lich-va-lu-hanh,C00,Điểm học bạ,2025,15.0,Quản trị dịch vụ du lịch và lữ hành
45396,DPT,quan-tri-dich-vu-du-lich-va-lu-hanh,C04,Điểm học bạ,2025,15.0,Quản trị dịch vụ du lịch và lữ hành
45397,DPT,quan-tri-dich-vu-du-lich-va-lu-hanh,D01,Điểm học bạ,2025,15.0,Quản trị dịch vụ du lịch và lữ hành
45398,DPT,quan-tri-dich-vu-du-lich-va-lu-hanh,D08,Điểm học bạ,2025,15.0,Quản trị dịch vụ du lịch và lữ hành
45399,DPT,quan-tri-dich-vu-du-lich-va-lu-hanh,D10,Điểm học bạ,2025,15.0,Quản trị dịch vụ du lịch và lữ hành
45400,DPT,quan-tri-dich-vu-du-lich-va-lu-hanh,D14,Điểm học bạ,2025,15.0,Quản trị dịch vụ du lịch và lữ hành
45401,DPT,quan-tri-dich-vu-du-lich-va-lu-hanh,D15,Điểm học bạ,2025,15.0,Quản trị dịch vụ du lịch và lữ hành
45402,DPT,quan-tri-dich-vu-du-lich-va-lu-hanh,C00,Điểm thi THPT,2025,15.0,Quản trị dịch vụ du lịch và lữ hành
45403,DPT,quan-tri-dich-vu-du-lich-va-lu-hanh,C04,Điểm thi THPT,2025,15.0,Quản trị dịch vụ du lịch và lữ hành
45404,DPT,quan-tri-dich-vu-du-lich-va-lu-hanh,D01,Điểm thi THPT,2025,15.0,Quản trị dịch vụ du lịch và lữ hành
45405,DPT,quan-tri-dich-vu-du-lich-va-lu-hanh,D08,Điểm thi THPT,2025,15.0,Quản trị dịch vụ du lịch và lữ hành
45406,DPT,quan-tri-dich-vu-du-lich-va-lu-hanh,D10,Điểm thi THPT,2025,15.0,Quản trị dịch vụ du lịch và lữ hành
45407,DPT,quan-tri-dich-vu-du-lich-va-lu-hanh,D14,Điểm thi THPT,2025,15.0,Quản trị dịch vụ du lịch và lữ hành
45408,DPT,quan-tri-dich-vu-du-lich-va-lu-hanh,D15,Điểm thi THPT,2025,15.0,Quản trị dịch vụ du lịch và lữ hành
45409,DPT,quan-tri-khach-san,A00,Điểm học bạ,2022,6.0,"Quản trị khách sạn (Khu nghỉ dưỡng, Resort & Spa)"
45410,DPT,quan-tri-khach-san,A01,Điểm học bạ,2022,6.0,"Quản trị khách sạn (Khu nghỉ dưỡng, Resort & Spa)"
45411,DPT,quan-tri-khach-san,C00,Điểm học bạ,2022,6.0,"Quản trị khách sạn (Khu nghỉ dưỡng, Resort & Spa)"
45412,DPT,quan-tri-khach-san,D01,Điểm học bạ,2022,6.0,"Quản trị khách sạn (Khu nghỉ dưỡng, Resort & Spa)"
45413,DPT,quan-tri-khach-san,A00,Điểm thi THPT,2022,15.0,"Quản trị khách sạn (Khu nghỉ dưỡng, Resort & Spa)"
45414,DPT,quan-tri-khach-san,A01,Điểm thi THPT,2022,15.0,"Quản trị khách sạn (Khu nghỉ dưỡng, Resort & Spa)"
45415,DPT,quan-tri-khach-san,C00,Điểm thi THPT,2022,15.0,"Quản trị khách sạn (Khu nghỉ dưỡng, Resort & Spa)"
45416,DPT,quan-tri-khach-san,D01,Điểm thi THPT,2022,15.0,"Quản trị khách sạn (Khu nghỉ dưỡng, Resort & Spa)"
45417,DPT,quan-tri-khach-san,A00,Điểm học bạ,2023,6.0,"Quản trị Khách sạn (khu nghỉ dưỡng, resort & spa)"
45418,DPT,quan-tri-khach-san,A01,Điểm học bạ,2023,6.0,"Quản trị Khách sạn (khu nghỉ dưỡng, resort & spa)"
45419,DPT,quan-tri-khach-san,C00,Điểm học bạ,2023,6.0,"Quản trị Khách sạn (khu nghỉ dưỡng, resort & spa)"
45420,DPT,quan-tri-khach-san,D01,Điểm học bạ,2023,6.0,"Quản trị Khách sạn (khu nghỉ dưỡng, resort & spa)"
45421,DPT,quan-tri-khach-san,A00,Điểm thi THPT,2023,15.0,"Quản trị Khách sạn (khu nghỉ dưỡng, resort & spa)"
45422,DPT,quan-tri-khach-san,A01,Điểm thi THPT,2023,15.0,"Quản trị Khách sạn (khu nghỉ dưỡng, resort & spa)"
45423,DPT,quan-tri-khach-san,C00,Điểm thi THPT,2023,15.0,"Quản trị Khách sạn (khu nghỉ dưỡng, resort & spa)"
45424,DPT,quan-tri-khach-san,D01,Điểm thi THPT,2023,15.0,"Quản trị Khách sạn (khu nghỉ dưỡng, resort & spa)"
45425,DPT,quan-tri-khach-san,A00,Điểm học bạ,2024,6.0,Quản trị khách sạn
45426,DPT,quan-tri-khach-san,A01,Điểm học bạ,2024,6.0,Quản trị khách sạn
45427,DPT,quan-tri-khach-san,C00,Điểm học bạ,2024,6.0,Quản trị khách sạn
45428,DPT,quan-tri-khach-san,D01,Điểm học bạ,2024,6.0,Quản trị khách sạn
45429,DPT,quan-tri-khach-san,A00,Điểm thi THPT,2024,15.0,"Quản trị Khách sạn (khu nghỉ dưỡng, resort & spa)"
45430,DPT,quan-tri-khach-san,A01,Điểm thi THPT,2024,15.0,"Quản trị Khách sạn (khu nghỉ dưỡng, resort & spa)"
45431,DPT,quan-tri-khach-san,C00,Điểm thi THPT,2024,15.0,"Quản trị Khách sạn (khu nghỉ dưỡng, resort & spa)"
45432,DPT,quan-tri-khach-san,D01,Điểm thi THPT,2024,15.0,"Quản trị Khách sạn (khu nghỉ dưỡng, resort & spa)"
45433,DPT,quan-tri-khach-san,C00,Điểm học bạ,2025,15.0,Quản trị khách sạn
45434,DPT,quan-tri-khach-san,C04,Điểm học bạ,2025,15.0,Quản trị khách sạn
45435,DPT,quan-tri-khach-san,D01,Điểm học bạ,2025,15.0,Quản trị khách sạn
45436,DPT,quan-tri-khach-san,D10,Điểm học bạ,2025,15.0,Quản trị khách sạn
45437,DPT,quan-tri-khach-san,D14,Điểm học bạ,2025,15.0,Quản trị khách sạn
45438,DPT,quan-tri-khach-san,D15,Điểm học bạ,2025,15.0,Quản trị khách sạn
45439,DPT,quan-tri-khach-san,X78,Điểm học bạ,2025,15.0,Quản trị khách sạn
45440,DPT,quan-tri-khach-san,C00,Điểm thi THPT,2025,15.0,Quản trị khách sạn
45441,DPT,quan-tri-khach-san,C04,Điểm thi THPT,2025,15.0,Quản trị khách sạn
45442,DPT,quan-tri-khach-san,D01,Điểm thi THPT,2025,15.0,Quản trị khách sạn
45443,DPT,quan-tri-khach-san,D10,Điểm thi THPT,2025,15.0,Quản trị khách sạn
45444,DPT,quan-tri-khach-san,D14,Điểm thi THPT,2025,15.0,Quản trị khách sạn
45445,DPT,quan-tri-khach-san,D15,Điểm thi THPT,2025,15.0,Quản trị khách sạn
45446,DPT,quan-tri-khach-san,X78,Điểm thi THPT,2025,15.0,Quản trị khách sạn
45447,DPT,quan-tri-kinh-doanh,A00,Điểm học bạ,2022,6.0,Quản trị kinh doanh
45448,DPT,quan-tri-kinh-doanh,A01,Điểm học bạ,2022,6.0,Quản trị kinh doanh
45449,DPT,quan-tri-kinh-doanh,C04,Điểm học bạ,2022,6.0,Quản trị kinh doanh
45450,DPT,quan-tri-kinh-doanh,D01,Điểm học bạ,2022,6.0,Quản trị kinh doanh
45451,DPT,quan-tri-kinh-doanh,A00,Điểm thi THPT,2022,15.0,Quản trị kinh doanh
45452,DPT,quan-tri-kinh-doanh,A01,Điểm thi THPT,2022,15.0,Quản trị kinh doanh
45453,DPT,quan-tri-kinh-doanh,C04,Điểm thi THPT,2022,15.0,Quản trị kinh doanh
45454,DPT,quan-tri-kinh-doanh,D01,Điểm thi THPT,2022,15.0,Quản trị kinh doanh
45455,DPT,quan-tri-kinh-doanh,A00,Điểm học bạ,2023,6.0,Quản tri Kinh doanh
45456,DPT,quan-tri-kinh-doanh,A01,Điểm học bạ,2023,6.0,Quản tri Kinh doanh
45457,DPT,quan-tri-kinh-doanh,C04,Điểm học bạ,2023,6.0,Quản tri Kinh doanh
45458,DPT,quan-tri-kinh-doanh,D01,Điểm học bạ,2023,6.0,Quản tri Kinh doanh
45459,DPT,quan-tri-kinh-doanh,A00,Điểm thi THPT,2023,15.0,Quản tri Kinh doanh
45460,DPT,quan-tri-kinh-doanh,A01,Điểm thi THPT,2023,15.0,Quản tri Kinh doanh
45461,DPT,quan-tri-kinh-doanh,C04,Điểm thi THPT,2023,15.0,Quản tri Kinh doanh
45462,DPT,quan-tri-kinh-doanh,D01,Điểm thi THPT,2023,15.0,Quản tri Kinh doanh
45463,DPT,quan-tri-kinh-doanh,A00,Điểm học bạ,2024,6.0,Quản trị kinh doanh
45464,DPT,quan-tri-kinh-doanh,A01,Điểm học bạ,2024,6.0,Quản trị kinh doanh
45465,DPT,quan-tri-kinh-doanh,C04,Điểm học bạ,2024,6.0,Quản trị kinh doanh
45466,DPT,quan-tri-kinh-doanh,D01,Điểm học bạ,2024,6.0,Quản trị kinh doanh
45467,DPT,quan-tri-kinh-doanh,A00,Điểm thi THPT,2024,15.0,Quản trị Kinh doanh
45468,DPT,quan-tri-kinh-doanh,A01,Điểm thi THPT,2024,15.0,Quản trị Kinh doanh
45469,DPT,quan-tri-kinh-doanh,C04,Điểm thi THPT,2024,15.0,Quản trị Kinh doanh
45470,DPT,quan-tri-kinh-doanh,D01,Điểm thi THPT,2024,15.0,Quản trị Kinh doanh
45471,DPT,quan-tri-kinh-doanh,A01,Điểm học bạ,2025,15.0,Quản trị kinh doanh
45472,DPT,quan-tri-kinh-doanh,C04,Điểm học bạ,2025,15.0,Quản trị kinh doanh
45473,DPT,quan-tri-kinh-doanh,D01,Điểm học bạ,2025,15.0,Quản trị kinh doanh
45474,DPT,quan-tri-kinh-doanh,D07,Điểm học bạ,2025,15.0,Quản trị kinh doanh
45475,DPT,quan-tri-kinh-doanh,D10,Điểm học bạ,2025,15.0,Quản trị kinh doanh
45476,DPT,quan-tri-kinh-doanh,X78,Điểm học bạ,2025,15.0,Quản trị kinh doanh
45477,DPT,quan-tri-kinh-doanh,A01,Điểm thi THPT,2025,15.0,Quản trị kinh doanh
45478,DPT,quan-tri-kinh-doanh,C00,Điểm thi THPT,2025,15.0,Quản trị kinh doanh
45479,DPT,quan-tri-kinh-doanh,C04,Điểm thi THPT,2025,15.0,Quản trị kinh doanh
45480,DPT,quan-tri-kinh-doanh,D01,Điểm thi THPT,2025,15.0,Quản trị kinh doanh
45481,DPT,quan-tri-kinh-doanh,D07,Điểm thi THPT,2025,15.0,Quản trị kinh doanh
45482,DPT,quan-tri-kinh-doanh,D10,Điểm thi THPT,2025,15.0,Quản trị kinh doanh
45483,DPT,quan-tri-kinh-doanh,X78,Điểm thi THPT,2025,15.0,Quản trị kinh doanh
45484,DPT,quan-tri-nha-hang-va-dich-vu-an-uong,A00,Điểm học bạ,2022,6.0,Quản trị Nhà hàng và Dịch vụ ăn uống
45485,DPT,quan-tri-nha-hang-va-dich-vu-an-uong,A01,Điểm học bạ,2022,6.0,Quản trị Nhà hàng và Dịch vụ ăn uống
45486,DPT,quan-tri-nha-hang-va-dich-vu-an-uong,C00,Điểm học bạ,2022,6.0,Quản trị Nhà hàng và Dịch vụ ăn uống
45487,DPT,quan-tri-nha-hang-va-dich-vu-an-uong,D01,Điểm học bạ,2022,6.0,Quản trị Nhà hàng và Dịch vụ ăn uống
45488,DPT,quan-tri-nha-hang-va-dich-vu-an-uong,D66,Điểm học bạ,2022,6.0,Quản trị Nhà hàng và Dịch vụ ăn uống
45489,DPT,quan-tri-nha-hang-va-dich-vu-an-uong,A00,Điểm thi THPT,2022,15.0,Quản trị Nhà hàng và Dịch vụ ăn uống
45490,DPT,quan-tri-nha-hang-va-dich-vu-an-uong,A01,Điểm thi THPT,2022,15.0,Quản trị Nhà hàng và Dịch vụ ăn uống
45491,DPT,quan-tri-nha-hang-va-dich-vu-an-uong,C00,Điểm thi THPT,2022,15.0,Quản trị Nhà hàng và Dịch vụ ăn uống
45492,DPT,quan-tri-nha-hang-va-dich-vu-an-uong,D01,Điểm thi THPT,2022,15.0,Quản trị Nhà hàng và Dịch vụ ăn uống
45493,DPT,quan-tri-nha-hang-va-dich-vu-an-uong,D66,Điểm thi THPT,2022,15.0,Quản trị Nhà hàng và Dịch vụ ăn uống
45494,DPT,quan-tri-nha-hang-va-dich-vu-an-uong,A00,Điểm học bạ,2023,6.0,Quản trị Nhà hàng và Dịch vụ ăn uống
45495,DPT,quan-tri-nha-hang-va-dich-vu-an-uong,A01,Điểm học bạ,2023,6.0,Quản trị Nhà hàng và Dịch vụ ăn uống
45496,DPT,quan-tri-nha-hang-va-dich-vu-an-uong,C00,Điểm học bạ,2023,6.0,Quản trị Nhà hàng và Dịch vụ ăn uống
45497,DPT,quan-tri-nha-hang-va-dich-vu-an-uong,D01,Điểm học bạ,2023,6.0,Quản trị Nhà hàng và Dịch vụ ăn uống
45498,DPT,quan-tri-nha-hang-va-dich-vu-an-uong,A00,Điểm thi THPT,2023,15.0,Quản trị Nhà hàng và Dịch vụ ăn uống
45499,DPT,quan-tri-nha-hang-va-dich-vu-an-uong,A01,Điểm thi THPT,2023,15.0,Quản trị Nhà hàng và Dịch vụ ăn uống
45500,DPT,quan-tri-nha-hang-va-dich-vu-an-uong,C00,Điểm thi THPT,2023,15.0,Quản trị Nhà hàng và Dịch vụ ăn uống
45501,DPT,quan-tri-nha-hang-va-dich-vu-an-uong,D01,Điểm thi THPT,2023,15.0,Quản trị Nhà hàng và Dịch vụ ăn uống
45502,DPT,quan-tri-nha-hang-va-dich-vu-an-uong,A00,Điểm học bạ,2024,6.0,Quản trị nhà hàng và dịch vụ ăn uống
45503,DPT,quan-tri-nha-hang-va-dich-vu-an-uong,A01,Điểm học bạ,2024,6.0,Quản trị nhà hàng và dịch vụ ăn uống
45504,DPT,quan-tri-nha-hang-va-dich-vu-an-uong,C00,Điểm học bạ,2024,6.0,Quản trị nhà hàng và dịch vụ ăn uống
45505,DPT,quan-tri-nha-hang-va-dich-vu-an-uong,D01,Điểm học bạ,2024,6.0,Quản trị nhà hàng và dịch vụ ăn uống
45506,DPT,quan-tri-nha-hang-va-dich-vu-an-uong,A00,Điểm thi THPT,2024,15.0,Quản trị Nhà hàng và Dịch vụ Ăn uống
45507,DPT,quan-tri-nha-hang-va-dich-vu-an-uong,A01,Điểm thi THPT,2024,15.0,Quản trị Nhà hàng và Dịch vụ Ăn uống
45508,DPT,quan-tri-nha-hang-va-dich-vu-an-uong,C00,Điểm thi THPT,2024,15.0,Quản trị Nhà hàng và Dịch vụ Ăn uống
45509,DPT,quan-tri-nha-hang-va-dich-vu-an-uong,D01,Điểm thi THPT,2024,15.0,Quản trị Nhà hàng và Dịch vụ Ăn uống
45510,DPT,quan-tri-nha-hang-va-dich-vu-an-uong,C00,Điểm học bạ,2025,15.0,Quản trị nhà hàng và dịch vụ ăn uống
45511,DPT,quan-tri-nha-hang-va-dich-vu-an-uong,C04,Điểm học bạ,2025,15.0,Quản trị nhà hàng và dịch vụ ăn uống
45512,DPT,quan-tri-nha-hang-va-dich-vu-an-uong,D01,Điểm học bạ,2025,15.0,Quản trị nhà hàng và dịch vụ ăn uống
45513,DPT,quan-tri-nha-hang-va-dich-vu-an-uong,D10,Điểm học bạ,2025,15.0,Quản trị nhà hàng và dịch vụ ăn uống
45514,DPT,quan-tri-nha-hang-va-dich-vu-an-uong,D14,Điểm học bạ,2025,15.0,Quản trị nhà hàng và dịch vụ ăn uống
45515,DPT,quan-tri-nha-hang-va-dich-vu-an-uong,D15,Điểm học bạ,2025,15.0,Quản trị nhà hàng và dịch vụ ăn uống
45516,DPT,quan-tri-nha-hang-va-dich-vu-an-uong,X78,Điểm học bạ,2025,15.0,Quản trị nhà hàng và dịch vụ ăn uống
45517,DPT,quan-tri-nha-hang-va-dich-vu-an-uong,C00,Điểm thi THPT,2025,15.0,Quản trị nhà hàng và dịch vụ ăn uống
45518,DPT,quan-tri-nha-hang-va-dich-vu-an-uong,C04,Điểm thi THPT,2025,15.0,Quản trị nhà hàng và dịch vụ ăn uống
45519,DPT,quan-tri-nha-hang-va-dich-vu-an-uong,D01,Điểm thi THPT,2025,15.0,Quản trị nhà hàng và dịch vụ ăn uống
45520,DPT,quan-tri-nha-hang-va-dich-vu-an-uong,D10,Điểm thi THPT,2025,15.0,Quản trị nhà hàng và dịch vụ ăn uống
45521,DPT,quan-tri-nha-hang-va-dich-vu-an-uong,D14,Điểm thi THPT,2025,15.0,Quản trị nhà hàng và dịch vụ ăn uống
45522,DPT,quan-tri-nha-hang-va-dich-vu-an-uong,D15,Điểm thi THPT,2025,15.0,Quản trị nhà hàng và dịch vụ ăn uống
45523,DPT,quan-tri-nha-hang-va-dich-vu-an-uong,X78,Điểm thi THPT,2025,15.0,Quản trị nhà hàng và dịch vụ ăn uống
45524,DPT,tai-chinh-ngan-hang,A00,Điểm học bạ,2022,6.0,Tài chính Ngân hàng
45525,DPT,tai-chinh-ngan-hang,A01,Điểm học bạ,2022,6.0,Tài chính Ngân hàng
45526,DPT,tai-chinh-ngan-hang,C04,Điểm học bạ,2022,6.0,Tài chính Ngân hàng
45527,DPT,tai-chinh-ngan-hang,D01,Điểm học bạ,2022,6.0,Tài chính Ngân hàng
45528,DPT,tai-chinh-ngan-hang,A00,Điểm thi THPT,2022,15.0,Tài chính Ngân hàng
45529,DPT,tai-chinh-ngan-hang,A01,Điểm thi THPT,2022,15.0,Tài chính Ngân hàng
45530,DPT,tai-chinh-ngan-hang,C04,Điểm thi THPT,2022,15.0,Tài chính Ngân hàng
45531,DPT,tai-chinh-ngan-hang,D01,Điểm thi THPT,2022,15.0,Tài chính Ngân hàng
45532,DPT,tai-chinh-ngan-hang,A00,Điểm học bạ,2023,6.0,Tài chính - Ngân hàng
45533,DPT,tai-chinh-ngan-hang,A01,Điểm học bạ,2023,6.0,Tài chính - Ngân hàng
45534,DPT,tai-chinh-ngan-hang,C04,Điểm học bạ,2023,6.0,Tài chính - Ngân hàng
45535,DPT,tai-chinh-ngan-hang,D01,Điểm học bạ,2023,6.0,Tài chính - Ngân hàng
45536,DPT,tai-chinh-ngan-hang,A00,Điểm thi THPT,2023,15.0,Tài chính - Ngân hàng
45537,DPT,tai-chinh-ngan-hang,A01,Điểm thi THPT,2023,15.0,Tài chính - Ngân hàng
45538,DPT,tai-chinh-ngan-hang,C04,Điểm thi THPT,2023,15.0,Tài chính - Ngân hàng
45539,DPT,tai-chinh-ngan-hang,D01,Điểm thi THPT,2023,15.0,Tài chính - Ngân hàng
45540,DPT,tai-chinh-ngan-hang,A00,Điểm học bạ,2024,6.0,Tài chính – Ngân hàng
45541,DPT,tai-chinh-ngan-hang,A01,Điểm học bạ,2024,6.0,Tài chính – Ngân hàng
45542,DPT,tai-chinh-ngan-hang,C04,Điểm học bạ,2024,6.0,Tài chính – Ngân hàng
45543,DPT,tai-chinh-ngan-hang,D01,Điểm học bạ,2024,6.0,Tài chính – Ngân hàng
45544,DPT,tai-chinh-ngan-hang,A00,Điểm thi THPT,2024,15.0,Tài chính - Ngân hàng
45545,DPT,tai-chinh-ngan-hang,A01,Điểm thi THPT,2024,15.0,Tài chính - Ngân hàng
45546,DPT,tai-chinh-ngan-hang,C04,Điểm thi THPT,2024,15.0,Tài chính - Ngân hàng
45547,DPT,tai-chinh-ngan-hang,D01,Điểm thi THPT,2024,15.0,Tài chính - Ngân hàng
45548,DPT,tai-chinh-ngan-hang,A00,Điểm học bạ,2025,15.0,Tài chính – Ngân hàng
45549,DPT,tai-chinh-ngan-hang,A01,Điểm học bạ,2025,15.0,Tài chính – Ngân hàng
45550,DPT,tai-chinh-ngan-hang,C01,Điểm học bạ,2025,15.0,Tài chính – Ngân hàng
45551,DPT,tai-chinh-ngan-hang,C04,Điểm học bạ,2025,15.0,Tài chính – Ngân hàng
45552,DPT,tai-chinh-ngan-hang,D01,Điểm học bạ,2025,15.0,Tài chính – Ngân hàng
45553,DPT,tai-chinh-ngan-hang,D07,Điểm học bạ,2025,15.0,Tài chính – Ngân hàng
45554,DPT,tai-chinh-ngan-hang,D10,Điểm học bạ,2025,15.0,Tài chính – Ngân hàng
45555,DPT,tai-chinh-ngan-hang,X01,Điểm học bạ,2025,15.0,Tài chính – Ngân hàng
45556,DPT,tai-chinh-ngan-hang,A00,Điểm thi THPT,2025,15.0,Tài chính – Ngân hàng
45557,DPT,tai-chinh-ngan-hang,A01,Điểm thi THPT,2025,15.0,Tài chính – Ngân hàng
45558,DPT,tai-chinh-ngan-hang,C01,Điểm thi THPT,2025,15.0,Tài chính – Ngân hàng
45559,DPT,tai-chinh-ngan-hang,C04,Điểm thi THPT,2025,15.0,Tài chính – Ngân hàng
45560,DPT,tai-chinh-ngan-hang,D01,Điểm thi THPT,2025,15.0,Tài chính – Ngân hàng
45561,DPT,tai-chinh-ngan-hang,D07,Điểm thi THPT,2025,15.0,Tài chính – Ngân hàng
45562,DPT,tai-chinh-ngan-hang,D10,Điểm thi THPT,2025,15.0,Tài chính – Ngân hàng
45563,DPT,tai-chinh-ngan-hang,X01,Điểm thi THPT,2025,15.0,Tài chính – Ngân hàng
45564,DPT,truyen-thong-da-phuong-tien,A01,Điểm học bạ,2022,6.0,Truyền thông Đa phương tiện
45565,DPT,truyen-thong-da-phuong-tien,C00,Điểm học bạ,2022,6.0,Truyền thông Đa phương tiện
45566,DPT,truyen-thong-da-phuong-tien,D01,Điểm học bạ,2022,6.0,Truyền thông Đa phương tiện
45567,DPT,truyen-thong-da-phuong-tien,D15,Điểm học bạ,2022,6.0,Truyền thông Đa phương tiện
45568,DPT,truyen-thong-da-phuong-tien,A01,Điểm thi THPT,2022,15.0,Truyền thông Đa phương tiện
45569,DPT,truyen-thong-da-phuong-tien,C00,Điểm thi THPT,2022,15.0,Truyền thông Đa phương tiện
45570,DPT,truyen-thong-da-phuong-tien,D01,Điểm thi THPT,2022,15.0,Truyền thông Đa phương tiện
45571,DPT,truyen-thong-da-phuong-tien,D15,Điểm thi THPT,2022,15.0,Truyền thông Đa phương tiện
45572,DPT,truyen-thong-da-phuong-tien,A01,Điểm học bạ,2023,6.0,Truyền thông Đa Phương tiện
45573,DPT,truyen-thong-da-phuong-tien,C00,Điểm học bạ,2023,6.0,Truyền thông Đa Phương tiện
45574,DPT,truyen-thong-da-phuong-tien,D01,Điểm học bạ,2023,6.0,Truyền thông Đa Phương tiện
45575,DPT,truyen-thong-da-phuong-tien,D15,Điểm học bạ,2023,6.0,Truyền thông Đa Phương tiện
45576,DPT,truyen-thong-da-phuong-tien,A01,Điểm thi THPT,2023,15.0,Truyền thông Đa Phương tiện
45577,DPT,truyen-thong-da-phuong-tien,C00,Điểm thi THPT,2023,15.0,Truyền thông Đa Phương tiện
45578,DPT,truyen-thong-da-phuong-tien,D01,Điểm thi THPT,2023,15.0,Truyền thông Đa Phương tiện
45579,DPT,truyen-thong-da-phuong-tien,D15,Điểm thi THPT,2023,15.0,Truyền thông Đa Phương tiện
45580,DPX,cong-nghe-ky-thuat-o-to,A00,Điểm học bạ,2021,18.0,Công nghệ Kỹ thuật Ô tô
45581,DPX,cong-nghe-ky-thuat-o-to,A01,Điểm học bạ,2021,18.0,Công nghệ Kỹ thuật Ô tô
45582,DPX,cong-nghe-ky-thuat-o-to,C01,Điểm học bạ,2021,18.0,Công nghệ Kỹ thuật Ô tô
45583,DPX,cong-nghe-ky-thuat-o-to,D01,Điểm học bạ,2021,18.0,Công nghệ Kỹ thuật Ô tô
45584,DPX,cong-nghe-ky-thuat-o-to,A00,Điểm thi THPT,2021,16.0,Công nghệ Kỹ thuật Ô tô
45585,DPX,cong-nghe-ky-thuat-o-to,A01,Điểm thi THPT,2021,16.0,Công nghệ Kỹ thuật Ô tô
45586,DPX,cong-nghe-ky-thuat-o-to,C01,Điểm thi THPT,2021,16.0,Công nghệ Kỹ thuật Ô tô
45587,DPX,cong-nghe-ky-thuat-o-to,D01,Điểm thi THPT,2021,16.0,Công nghệ Kỹ thuật Ô tô
45588,DPX,cong-nghe-ky-thuat-o-to,A00,Điểm học bạ,2022,18.0,Công nghệ kỹ thuật ô tô
45589,DPX,cong-nghe-ky-thuat-o-to,A01,Điểm học bạ,2022,18.0,Công nghệ kỹ thuật ô tô
45590,DPX,cong-nghe-ky-thuat-o-to,C01,Điểm học bạ,2022,18.0,Công nghệ kỹ thuật ô tô
45591,DPX,cong-nghe-ky-thuat-o-to,D01,Điểm học bạ,2022,18.0,Công nghệ kỹ thuật ô tô
45592,DPX,cong-nghe-ky-thuat-o-to,A00,Điểm thi THPT,2022,16.0,Công nghệ kỹ thuật ô tô
45593,DPX,cong-nghe-ky-thuat-o-to,A01,Điểm thi THPT,2022,16.0,Công nghệ kỹ thuật ô tô
45594,DPX,cong-nghe-ky-thuat-o-to,C01,Điểm thi THPT,2022,16.0,Công nghệ kỹ thuật ô tô
45595,DPX,cong-nghe-ky-thuat-o-to,D01,Điểm thi THPT,2022,16.0,Công nghệ kỹ thuật ô tô
45596,DPX,cong-nghe-ky-thuat-o-to,A00,Điểm thi THPT,2023,16.0,Công nghệ Kỹ thuật ô tô
45597,DPX,cong-nghe-ky-thuat-o-to,A01,Điểm thi THPT,2023,16.0,Công nghệ Kỹ thuật ô tô
45598,DPX,cong-nghe-ky-thuat-o-to,B00,Điểm thi THPT,2023,16.0,Công nghệ Kỹ thuật ô tô
45599,DPX,cong-nghe-ky-thuat-o-to,B08,Điểm thi THPT,2023,16.0,Công nghệ Kỹ thuật ô tô
45600,DPX,cong-nghe-ky-thuat-o-to,C01,Điểm thi THPT,2023,16.0,Công nghệ Kỹ thuật ô tô
45601,DPX,cong-nghe-ky-thuat-o-to,D01,Điểm thi THPT,2023,16.0,Công nghệ Kỹ thuật ô tô
45602,DPX,cong-nghe-ky-thuat-o-to,D03,Điểm thi THPT,2023,16.0,Công nghệ Kỹ thuật ô tô
45603,DPX,cong-nghe-ky-thuat-o-to,D04,Điểm thi THPT,2023,16.0,Công nghệ Kỹ thuật ô tô
45604,DPX,cong-nghe-ky-thuat-o-to,A00,Điểm thi THPT,2024,15.0,Công nghệ kỹ thuật ô tô
45605,DPX,cong-nghe-ky-thuat-o-to,A01,Điểm thi THPT,2024,15.0,Công nghệ kỹ thuật ô tô
45606,DPX,cong-nghe-ky-thuat-o-to,B00,Điểm thi THPT,2024,15.0,Công nghệ kỹ thuật ô tô
45607,DPX,cong-nghe-ky-thuat-o-to,D01,Điểm thi THPT,2024,15.0,Công nghệ kỹ thuật ô tô
45608,DPX,cong-nghe-ky-thuat-o-to,A00,Điểm học bạ,2025,18.0,Công nghệ kỹ thuật ô tô
45609,DPX,cong-nghe-ky-thuat-o-to,A01,Điểm học bạ,2025,18.0,Công nghệ kỹ thuật ô tô
45610,DPX,cong-nghe-ky-thuat-o-to,A02,Điểm học bạ,2025,18.0,Công nghệ kỹ thuật ô tô
45611,DPX,cong-nghe-ky-thuat-o-to,C01,Điểm học bạ,2025,18.0,Công nghệ kỹ thuật ô tô
45612,DPX,cong-nghe-ky-thuat-o-to,D01,Điểm học bạ,2025,18.0,Công nghệ kỹ thuật ô tô
45613,DPX,cong-nghe-ky-thuat-o-to,D07,Điểm học bạ,2025,18.0,Công nghệ kỹ thuật ô tô
45614,DPX,cong-nghe-ky-thuat-o-to,D10,Điểm học bạ,2025,18.0,Công nghệ kỹ thuật ô tô
45615,DPX,cong-nghe-ky-thuat-o-to,X06,Điểm học bạ,2025,18.0,Công nghệ kỹ thuật ô tô
45616,DPX,cong-nghe-ky-thuat-o-to,X25,Điểm học bạ,2025,18.0,Công nghệ kỹ thuật ô tô
45617,DPX,cong-nghe-ky-thuat-o-to,X26,Điểm học bạ,2025,18.0,Công nghệ kỹ thuật ô tô
45618,DPX,cong-nghe-ky-thuat-o-to,A00,Điểm thi THPT,2025,15.0,Công nghệ kỹ thuật ô tô
45619,DPX,cong-nghe-ky-thuat-o-to,A01,Điểm thi THPT,2025,15.0,Công nghệ kỹ thuật ô tô
45620,DPX,cong-nghe-ky-thuat-o-to,A02,Điểm thi THPT,2025,15.0,Công nghệ kỹ thuật ô tô
45621,DPX,cong-nghe-ky-thuat-o-to,C01,Điểm thi THPT,2025,15.0,Công nghệ kỹ thuật ô tô
45622,DPX,cong-nghe-ky-thuat-o-to,D01,Điểm thi THPT,2025,15.0,Công nghệ kỹ thuật ô tô
45623,DPX,cong-nghe-ky-thuat-o-to,D07,Điểm thi THPT,2025,15.0,Công nghệ kỹ thuật ô tô
45624,DPX,cong-nghe-ky-thuat-o-to,D10,Điểm thi THPT,2025,15.0,Công nghệ kỹ thuật ô tô
45625,DPX,cong-nghe-ky-thuat-o-to,X06,Điểm thi THPT,2025,15.0,Công nghệ kỹ thuật ô tô
45626,DPX,cong-nghe-ky-thuat-o-to,X25,Điểm thi THPT,2025,15.0,Công nghệ kỹ thuật ô tô
45627,DPX,cong-nghe-ky-thuat-o-to,X26,Điểm thi THPT,2025,15.0,Công nghệ kỹ thuật ô tô
45628,DPX,cong-nghe-thong-tin,A00,Điểm học bạ,2021,18.0,Công nghệ Thông tin
45629,DPX,cong-nghe-thong-tin,A01,Điểm học bạ,2021,18.0,Công nghệ Thông tin
45630,DPX,cong-nghe-thong-tin,B00,Điểm học bạ,2021,18.0,Công nghệ Thông tin
45631,DPX,cong-nghe-thong-tin,D01,Điểm học bạ,2021,18.0,Công nghệ Thông tin
45632,DPX,cong-nghe-thong-tin,A00,Điểm thi THPT,2021,15.0,Công nghệ Thông tin
45633,DPX,cong-nghe-thong-tin,A01,Điểm thi THPT,2021,15.0,Công nghệ Thông tin
45634,DPX,cong-nghe-thong-tin,B00,Điểm thi THPT,2021,15.0,Công nghệ Thông tin
45635,DPX,cong-nghe-thong-tin,D01,Điểm thi THPT,2021,15.0,Công nghệ Thông tin
45636,DPX,cong-nghe-thong-tin,A00,Điểm học bạ,2022,18.0,Công nghệ thông tin
45637,DPX,cong-nghe-thong-tin,A01,Điểm học bạ,2022,18.0,Công nghệ thông tin
45638,DPX,cong-nghe-thong-tin,B00,Điểm học bạ,2022,18.0,Công nghệ thông tin
45639,DPX,cong-nghe-thong-tin,D01,Điểm học bạ,2022,18.0,Công nghệ thông tin
45640,DPX,cong-nghe-thong-tin,A00,Điểm thi THPT,2022,15.0,Công nghệ thông tin
45641,DPX,cong-nghe-thong-tin,A01,Điểm thi THPT,2022,15.0,Công nghệ thông tin
45642,DPX,cong-nghe-thong-tin,B00,Điểm thi THPT,2022,15.0,Công nghệ thông tin
45643,DPX,cong-nghe-thong-tin,D01,Điểm thi THPT,2022,15.0,Công nghệ thông tin
45644,DPX,cong-nghe-thong-tin,A00,Điểm thi THPT,2023,15.0,Công nghệ thông tin
45645,DPX,cong-nghe-thong-tin,A01,Điểm thi THPT,2023,15.0,Công nghệ thông tin
45646,DPX,cong-nghe-thong-tin,B00,Điểm thi THPT,2023,15.0,Công nghệ thông tin
45647,DPX,cong-nghe-thong-tin,B08,Điểm thi THPT,2023,15.0,Công nghệ thông tin
45648,DPX,cong-nghe-thong-tin,C01,Điểm thi THPT,2023,15.0,Công nghệ thông tin
45649,DPX,cong-nghe-thong-tin,D01,Điểm thi THPT,2023,15.0,Công nghệ thông tin
45650,DPX,cong-nghe-thong-tin,D03,Điểm thi THPT,2023,15.0,Công nghệ thông tin
45651,DPX,cong-nghe-thong-tin,D04,Điểm thi THPT,2023,15.0,Công nghệ thông tin
45652,DPX,cong-nghe-thong-tin,A00,Điểm thi THPT,2024,15.0,Công nghệ thông tin
45653,DPX,cong-nghe-thong-tin,A01,Điểm thi THPT,2024,15.0,Công nghệ thông tin
45654,DPX,cong-nghe-thong-tin,B00,Điểm thi THPT,2024,15.0,Công nghệ thông tin
45655,DPX,cong-nghe-thong-tin,D01,Điểm thi THPT,2024,15.0,Công nghệ thông tin
45656,DPX,cong-nghe-thong-tin,A00,Điểm học bạ,2025,18.0,Công nghệ thông tin
45657,DPX,cong-nghe-thong-tin,A01,Điểm học bạ,2025,18.0,Công nghệ thông tin
45658,DPX,cong-nghe-thong-tin,A02,Điểm học bạ,2025,18.0,Công nghệ thông tin
45659,DPX,cong-nghe-thong-tin,C01,Điểm học bạ,2025,18.0,Công nghệ thông tin
45660,DPX,cong-nghe-thong-tin,C02,Điểm học bạ,2025,18.0,Công nghệ thông tin
45661,DPX,cong-nghe-thong-tin,D01,Điểm học bạ,2025,18.0,Công nghệ thông tin
45662,DPX,cong-nghe-thong-tin,X02,Điểm học bạ,2025,18.0,Công nghệ thông tin
45663,DPX,cong-nghe-thong-tin,X06,Điểm học bạ,2025,18.0,Công nghệ thông tin
45664,DPX,cong-nghe-thong-tin,X10,Điểm học bạ,2025,18.0,Công nghệ thông tin
45665,DPX,cong-nghe-thong-tin,X26,Điểm học bạ,2025,18.0,Công nghệ thông tin
45666,DPX,cong-nghe-thong-tin,A00,Điểm thi THPT,2025,15.0,Công nghệ thông tin
45667,DPX,cong-nghe-thong-tin,A01,Điểm thi THPT,2025,15.0,Công nghệ thông tin
45668,DPX,cong-nghe-thong-tin,A02,Điểm thi THPT,2025,15.0,Công nghệ thông tin
45669,DPX,cong-nghe-thong-tin,C01,Điểm thi THPT,2025,15.0,Công nghệ thông tin
45670,DPX,cong-nghe-thong-tin,C02,Điểm thi THPT,2025,15.0,Công nghệ thông tin
45671,DPX,cong-nghe-thong-tin,D01,Điểm thi THPT,2025,15.0,Công nghệ thông tin
45672,DPX,cong-nghe-thong-tin,X02,Điểm thi THPT,2025,15.0,Công nghệ thông tin
45673,DPX,cong-nghe-thong-tin,X06,Điểm thi THPT,2025,15.0,Công nghệ thông tin
45674,DPX,cong-nghe-thong-tin,X10,Điểm thi THPT,2025,15.0,Công nghệ thông tin
45675,DPX,cong-nghe-thong-tin,X26,Điểm thi THPT,2025,15.0,Công nghệ thông tin
45676,DPX,cong-nghe-thuc-pham,A00,Điểm thi THPT,2023,15.0,Công nghệ thực phẩm
45677,DPX,cong-nghe-thuc-pham,A01,Điểm thi THPT,2023,15.0,Công nghệ thực phẩm
45678,DPX,cong-nghe-thuc-pham,B00,Điểm thi THPT,2023,15.0,Công nghệ thực phẩm
45679,DPX,cong-nghe-thuc-pham,C08,Điểm thi THPT,2023,15.0,Công nghệ thực phẩm
45680,DPX,cong-nghe-thuc-pham,D01,Điểm thi THPT,2023,15.0,Công nghệ thực phẩm
45681,DPX,cong-nghe-thuc-pham,D07,Điểm thi THPT,2023,15.0,Công nghệ thực phẩm
45682,DPX,cong-nghe-thuc-pham,D14,Điểm thi THPT,2023,15.0,Công nghệ thực phẩm
45683,DPX,cong-nghe-thuc-pham,D15,Điểm thi THPT,2023,15.0,Công nghệ thực phẩm
45684,DPX,ke-toan,A00,Điểm học bạ,2021,18.0,Kế toán
45685,DPX,ke-toan,A01,Điểm học bạ,2021,18.0,Kế toán
45686,DPX,ke-toan,B00,Điểm học bạ,2021,18.0,Kế toán
45687,DPX,ke-toan,D01,Điểm học bạ,2021,18.0,Kế toán
45688,DPX,ke-toan,A00,Điểm thi THPT,2021,16.0,Kế toán
45689,DPX,ke-toan,A01,Điểm thi THPT,2021,16.0,Kế toán
45690,DPX,ke-toan,B00,Điểm thi THPT,2021,16.0,Kế toán
45691,DPX,ke-toan,D01,Điểm thi THPT,2021,16.0,Kế toán
45692,DPX,ke-toan,A00,Điểm học bạ,2022,18.0,Kế toán
45693,DPX,ke-toan,A01,Điểm học bạ,2022,18.0,Kế toán
45694,DPX,ke-toan,B00,Điểm học bạ,2022,18.0,Kế toán
45695,DPX,ke-toan,D01,Điểm học bạ,2022,18.0,Kế toán
45696,DPX,ke-toan,A00,Điểm thi THPT,2022,15.0,Kế toán
45697,DPX,ke-toan,A01,Điểm thi THPT,2022,15.0,Kế toán
45698,DPX,ke-toan,B00,Điểm thi THPT,2022,15.0,Kế toán
45699,DPX,ke-toan,D01,Điểm thi THPT,2022,15.0,Kế toán
45700,DPX,ke-toan,A00,Điểm thi THPT,2023,15.0,Kế toán
45701,DPX,ke-toan,A01,Điểm thi THPT,2023,15.0,Kế toán
45702,DPX,ke-toan,B00,Điểm thi THPT,2023,15.0,Kế toán
45703,DPX,ke-toan,B08,Điểm thi THPT,2023,15.0,Kế toán
45704,DPX,ke-toan,C01,Điểm thi THPT,2023,15.0,Kế toán
45705,DPX,ke-toan,D01,Điểm thi THPT,2023,15.0,Kế toán
45706,DPX,ke-toan,D03,Điểm thi THPT,2023,15.0,Kế toán
45707,DPX,ke-toan,D04,Điểm thi THPT,2023,15.0,Kế toán
45708,DPX,ke-toan,A00,Điểm thi THPT,2024,15.0,Kế toán
45709,DPX,ke-toan,A01,Điểm thi THPT,2024,15.0,Kế toán
45710,DPX,ke-toan,B00,Điểm thi THPT,2024,15.0,Kế toán
45711,DPX,ke-toan,D01,Điểm thi THPT,2024,15.0,Kế toán
45712,DPX,ngon-ngu-anh,A01,Điểm học bạ,2021,18.0,Ngôn ngữ Anh
45713,DPX,ngon-ngu-anh,D01,Điểm học bạ,2021,18.0,Ngôn ngữ Anh
45714,DPX,ngon-ngu-anh,D14,Điểm học bạ,2021,18.0,Ngôn ngữ Anh
45715,DPX,ngon-ngu-anh,D15,Điểm học bạ,2021,18.0,Ngôn ngữ Anh
45716,DPX,ngon-ngu-anh,A01,Điểm thi THPT,2021,15.0,Ngôn ngữ Anh
45717,DPX,ngon-ngu-anh,D01,Điểm thi THPT,2021,15.0,Ngôn ngữ Anh
45718,DPX,ngon-ngu-anh,D14,Điểm thi THPT,2021,15.0,Ngôn ngữ Anh
45719,DPX,ngon-ngu-anh,D15,Điểm thi THPT,2021,15.0,Ngôn ngữ Anh
45720,DPX,ngon-ngu-anh,A01,Điểm học bạ,2022,18.0,Ngôn ngữ Anh
45721,DPX,ngon-ngu-anh,D01,Điểm học bạ,2022,18.0,Ngôn ngữ Anh
45722,DPX,ngon-ngu-anh,D14,Điểm học bạ,2022,18.0,Ngôn ngữ Anh
45723,DPX,ngon-ngu-anh,D15,Điểm học bạ,2022,18.0,Ngôn ngữ Anh
45724,DPX,ngon-ngu-anh,A01,Điểm thi THPT,2022,15.0,Ngôn ngữ Anh
45725,DPX,ngon-ngu-anh,D01,Điểm thi THPT,2022,15.0,Ngôn ngữ Anh
45726,DPX,ngon-ngu-anh,D14,Điểm thi THPT,2022,15.0,Ngôn ngữ Anh
45727,DPX,ngon-ngu-anh,D15,Điểm thi THPT,2022,15.0,Ngôn ngữ Anh
45728,DPX,ngon-ngu-anh,A01,Điểm thi THPT,2023,15.0,Ngôn ngữ Anh
45729,DPX,ngon-ngu-anh,D01,Điểm thi THPT,2023,15.0,Ngôn ngữ Anh
45730,DPX,ngon-ngu-anh,D03,Điểm thi THPT,2023,15.0,Ngôn ngữ Anh
45731,DPX,ngon-ngu-anh,D04,Điểm thi THPT,2023,15.0,Ngôn ngữ Anh
45732,DPX,ngon-ngu-anh,D09,Điểm thi THPT,2023,15.0,Ngôn ngữ Anh
45733,DPX,ngon-ngu-anh,D11,Điểm thi THPT,2023,15.0,Ngôn ngữ Anh
45734,DPX,ngon-ngu-anh,D14,Điểm thi THPT,2023,15.0,Ngôn ngữ Anh
45735,DPX,ngon-ngu-anh,D15,Điểm thi THPT,2023,15.0,Ngôn ngữ Anh
45736,DPX,ngon-ngu-anh,A01,Điểm thi THPT,2024,15.0,Ngôn ngữ Anh
45737,DPX,ngon-ngu-anh,D01,Điểm thi THPT,2024,15.0,Ngôn ngữ Anh
45738,DPX,ngon-ngu-anh,D03,Điểm thi THPT,2024,15.0,Ngôn ngữ Anh
45739,DPX,ngon-ngu-anh,D06,Điểm thi THPT,2024,15.0,Ngôn ngữ Anh
45740,DPX,ngon-ngu-anh,D14,Điểm thi THPT,2024,15.0,Ngôn ngữ Anh
45741,DPX,ngon-ngu-anh,D15,Điểm thi THPT,2024,15.0,Ngôn ngữ Anh
45742,DPX,ngon-ngu-anh,A01,Điểm học bạ,2025,18.0,Ngôn ngữ Anh
45743,DPX,ngon-ngu-anh,C03,Điểm học bạ,2025,18.0,Ngôn ngữ Anh
45744,DPX,ngon-ngu-anh,C04,Điểm học bạ,2025,18.0,Ngôn ngữ Anh
45745,DPX,ngon-ngu-anh,D01,Điểm học bạ,2025,18.0,Ngôn ngữ Anh
45746,DPX,ngon-ngu-anh,D09,Điểm học bạ,2025,18.0,Ngôn ngữ Anh
45747,DPX,ngon-ngu-anh,D10,Điểm học bạ,2025,18.0,Ngôn ngữ Anh
45748,DPX,ngon-ngu-anh,D14,Điểm học bạ,2025,18.0,Ngôn ngữ Anh
45749,DPX,ngon-ngu-anh,D15,Điểm học bạ,2025,18.0,Ngôn ngữ Anh
45750,DPX,ngon-ngu-anh,X25,Điểm học bạ,2025,18.0,Ngôn ngữ Anh
45751,DPX,ngon-ngu-anh,X26,Điểm học bạ,2025,18.0,Ngôn ngữ Anh
45752,DPX,ngon-ngu-anh,A01,Điểm thi THPT,2025,15.0,Ngôn ngữ Anh
45753,DPX,ngon-ngu-anh,C03,Điểm thi THPT,2025,15.0,Ngôn ngữ Anh
45754,DPX,ngon-ngu-anh,C04,Điểm thi THPT,2025,15.0,Ngôn ngữ Anh
45755,DPX,ngon-ngu-anh,D01,Điểm thi THPT,2025,15.0,Ngôn ngữ Anh
45756,DPX,ngon-ngu-anh,D09,Điểm thi THPT,2025,15.0,Ngôn ngữ Anh
45757,DPX,ngon-ngu-anh,D10,Điểm thi THPT,2025,15.0,Ngôn ngữ Anh
45758,DPX,ngon-ngu-anh,D14,Điểm thi THPT,2025,15.0,Ngôn ngữ Anh
45759,DPX,ngon-ngu-anh,D15,Điểm thi THPT,2025,15.0,Ngôn ngữ Anh
45760,DPX,ngon-ngu-anh,X25,Điểm thi THPT,2025,15.0,Ngôn ngữ Anh
45761,DPX,ngon-ngu-anh,X26,Điểm thi THPT,2025,15.0,Ngôn ngữ Anh
45762,DPX,ngon-ngu-trung,A01,Điểm thi THPT,2024,15.0,Ngôn ngữ Trung
45763,DPX,ngon-ngu-trung,C00,Điểm thi THPT,2024,15.0,Ngôn ngữ Trung
45764,DPX,ngon-ngu-trung,D01,Điểm thi THPT,2024,15.0,Ngôn ngữ Trung
45765,DPX,ngon-ngu-trung,D03,Điểm thi THPT,2024,15.0,Ngôn ngữ Trung
45766,DPX,ngon-ngu-trung,D06,Điểm thi THPT,2024,15.0,Ngôn ngữ Trung
45767,DPX,ngon-ngu-trung,D09,Điểm thi THPT,2024,15.0,Ngôn ngữ Trung
45768,DPX,ngon-ngu-trung-quoc,A01,Điểm học bạ,2021,18.0,Ngôn ngữ Trung Quốc
45769,DPX,ngon-ngu-trung-quoc,C00,Điểm học bạ,2021,18.0,Ngôn ngữ Trung Quốc
45770,DPX,ngon-ngu-trung-quoc,D01,Điểm học bạ,2021,18.0,Ngôn ngữ Trung Quốc
45771,DPX,ngon-ngu-trung-quoc,D15,Điểm học bạ,2021,18.0,Ngôn ngữ Trung Quốc
45772,DPX,ngon-ngu-trung-quoc,A01,Điểm thi THPT,2021,15.0,Ngôn ngữ Trung Quốc
45773,DPX,ngon-ngu-trung-quoc,C00,Điểm thi THPT,2021,15.0,Ngôn ngữ Trung Quốc
45774,DPX,ngon-ngu-trung-quoc,D01,Điểm thi THPT,2021,15.0,Ngôn ngữ Trung Quốc
45775,DPX,ngon-ngu-trung-quoc,D15,Điểm thi THPT,2021,15.0,Ngôn ngữ Trung Quốc
45776,DPX,ngon-ngu-trung-quoc,A01,Điểm học bạ,2022,18.0,Ngôn ngữ Trung Quốc
45777,DPX,ngon-ngu-trung-quoc,C00,Điểm học bạ,2022,18.0,Ngôn ngữ Trung Quốc
45778,DPX,ngon-ngu-trung-quoc,D01,Điểm học bạ,2022,18.0,Ngôn ngữ Trung Quốc
45779,DPX,ngon-ngu-trung-quoc,D15,Điểm học bạ,2022,18.0,Ngôn ngữ Trung Quốc
45780,DPX,ngon-ngu-trung-quoc,A01,Điểm thi THPT,2022,15.0,Ngôn ngữ Trung Quốc
45781,DPX,ngon-ngu-trung-quoc,C00,Điểm thi THPT,2022,15.0,Ngôn ngữ Trung Quốc
45782,DPX,ngon-ngu-trung-quoc,D01,Điểm thi THPT,2022,15.0,Ngôn ngữ Trung Quốc
45783,DPX,ngon-ngu-trung-quoc,D15,Điểm thi THPT,2022,15.0,Ngôn ngữ Trung Quốc
45784,DPX,ngon-ngu-trung-quoc,A01,Điểm thi THPT,2023,16.0,Ngôn ngữ Trung Quốc
45785,DPX,ngon-ngu-trung-quoc,C00,Điểm thi THPT,2023,16.0,Ngôn ngữ Trung Quốc
45786,DPX,ngon-ngu-trung-quoc,D01,Điểm thi THPT,2023,16.0,Ngôn ngữ Trung Quốc
45787,DPX,ngon-ngu-trung-quoc,D03,Điểm thi THPT,2023,16.0,Ngôn ngữ Trung Quốc
45788,DPX,ngon-ngu-trung-quoc,D04,Điểm thi THPT,2023,16.0,Ngôn ngữ Trung Quốc
45789,DPX,ngon-ngu-trung-quoc,D09,Điểm thi THPT,2023,16.0,Ngôn ngữ Trung Quốc
45790,DPX,ngon-ngu-trung-quoc,D11,Điểm thi THPT,2023,16.0,Ngôn ngữ Trung Quốc
45791,DPX,ngon-ngu-trung-quoc,D15,Điểm thi THPT,2023,16.0,Ngôn ngữ Trung Quốc
45792,DPX,ngon-ngu-trung-quoc,A01,Điểm học bạ,2025,18.0,Ngôn ngữ Trung Quốc
45793,DPX,ngon-ngu-trung-quoc,C00,Điểm học bạ,2025,18.0,Ngôn ngữ Trung Quốc
45794,DPX,ngon-ngu-trung-quoc,C03,Điểm học bạ,2025,18.0,Ngôn ngữ Trung Quốc
45795,DPX,ngon-ngu-trung-quoc,C04,Điểm học bạ,2025,18.0,Ngôn ngữ Trung Quốc
45796,DPX,ngon-ngu-trung-quoc,D01,Điểm học bạ,2025,18.0,Ngôn ngữ Trung Quốc
45797,DPX,ngon-ngu-trung-quoc,D04,Điểm học bạ,2025,18.0,Ngôn ngữ Trung Quốc
45798,DPX,ngon-ngu-trung-quoc,D45,Điểm học bạ,2025,18.0,Ngôn ngữ Trung Quốc
45799,DPX,ngon-ngu-trung-quoc,D65,Điểm học bạ,2025,18.0,Ngôn ngữ Trung Quốc
45800,DPX,ngon-ngu-trung-quoc,X01,Điểm học bạ,2025,18.0,Ngôn ngữ Trung Quốc
45801,DPX,ngon-ngu-trung-quoc,X37,Điểm học bạ,2025,18.0,Ngôn ngữ Trung Quốc
45802,DPX,ngon-ngu-trung-quoc,A01,Điểm thi THPT,2025,15.0,Ngôn ngữ Trung Quốc
45803,DPX,ngon-ngu-trung-quoc,C00,Điểm thi THPT,2025,15.0,Ngôn ngữ Trung Quốc
45804,DPX,ngon-ngu-trung-quoc,C03,Điểm thi THPT,2025,15.0,Ngôn ngữ Trung Quốc
45805,DPX,ngon-ngu-trung-quoc,C04,Điểm thi THPT,2025,15.0,Ngôn ngữ Trung Quốc
45806,DPX,ngon-ngu-trung-quoc,D01,Điểm thi THPT,2025,15.0,Ngôn ngữ Trung Quốc
45807,DPX,ngon-ngu-trung-quoc,D04,Điểm thi THPT,2025,15.0,Ngôn ngữ Trung Quốc
45808,DPX,ngon-ngu-trung-quoc,D45,Điểm thi THPT,2025,15.0,Ngôn ngữ Trung Quốc
45809,DPX,ngon-ngu-trung-quoc,D65,Điểm thi THPT,2025,15.0,Ngôn ngữ Trung Quốc
45810,DPX,ngon-ngu-trung-quoc,X01,Điểm thi THPT,2025,15.0,Ngôn ngữ Trung Quốc
45811,DPX,ngon-ngu-trung-quoc,X37,Điểm thi THPT,2025,15.0,Ngôn ngữ Trung Quốc
45812,DPX,quan-he-cong-chung,A00,Điểm thi THPT,2023,16.0,Quan hệ công chúng
45813,DPX,quan-he-cong-chung,A01,Điểm thi THPT,2023,16.0,Quan hệ công chúng
45814,DPX,quan-he-cong-chung,C00,Điểm thi THPT,2023,16.0,Quan hệ công chúng
45815,DPX,quan-he-cong-chung,D01,Điểm thi THPT,2023,16.0,Quan hệ công chúng
45816,DPX,quan-he-cong-chung,D03,Điểm thi THPT,2023,16.0,Quan hệ công chúng
45817,DPX,quan-he-cong-chung,D04,Điểm thi THPT,2023,16.0,Quan hệ công chúng
45818,DPX,quan-he-cong-chung,D09,Điểm thi THPT,2023,16.0,Quan hệ công chúng
45819,DPX,quan-he-cong-chung,D11,Điểm thi THPT,2023,16.0,Quan hệ công chúng
45820,DPX,quan-tri-dich-vu-du-lich-lu-hanh,A01,Điểm học bạ,2021,18.0,Quản trị Dịch vụ Du lịch & Lữ hành
45821,DPX,quan-tri-dich-vu-du-lich-lu-hanh,C00,Điểm học bạ,2021,18.0,Quản trị Dịch vụ Du lịch & Lữ hành
45822,DPX,quan-tri-dich-vu-du-lich-lu-hanh,D01,Điểm học bạ,2021,18.0,Quản trị Dịch vụ Du lịch & Lữ hành
45823,DPX,quan-tri-dich-vu-du-lich-lu-hanh,D14,Điểm học bạ,2021,18.0,Quản trị Dịch vụ Du lịch & Lữ hành
45824,DPX,quan-tri-dich-vu-du-lich-lu-hanh,A01,Điểm thi THPT,2021,15.0,Quản trị Dịch vụ Du lịch & Lữ hành
45825,DPX,quan-tri-dich-vu-du-lich-lu-hanh,C00,Điểm thi THPT,2021,15.0,Quản trị Dịch vụ Du lịch & Lữ hành
45826,DPX,quan-tri-dich-vu-du-lich-lu-hanh,D01,Điểm thi THPT,2021,15.0,Quản trị Dịch vụ Du lịch & Lữ hành
45827,DPX,quan-tri-dich-vu-du-lich-lu-hanh,D14,Điểm thi THPT,2021,15.0,Quản trị Dịch vụ Du lịch & Lữ hành
45828,DPX,quan-tri-dich-vu-du-lich-lu-hanh,A01,Điểm học bạ,2022,18.0,Quản trị dịch vụ du lịch lữ hành
45829,DPX,quan-tri-dich-vu-du-lich-lu-hanh,C00,Điểm học bạ,2022,18.0,Quản trị dịch vụ du lịch lữ hành
45830,DPX,quan-tri-dich-vu-du-lich-lu-hanh,D01,Điểm học bạ,2022,18.0,Quản trị dịch vụ du lịch lữ hành
45831,DPX,quan-tri-dich-vu-du-lich-lu-hanh,D14,Điểm học bạ,2022,18.0,Quản trị dịch vụ du lịch lữ hành
45832,DPX,quan-tri-dich-vu-du-lich-lu-hanh,A01,Điểm thi THPT,2022,15.0,Quản trị dịch vụ du lịch lữ hành
45833,DPX,quan-tri-dich-vu-du-lich-lu-hanh,C00,Điểm thi THPT,2022,15.0,Quản trị dịch vụ du lịch lữ hành
45834,DPX,quan-tri-dich-vu-du-lich-lu-hanh,D01,Điểm thi THPT,2022,15.0,Quản trị dịch vụ du lịch lữ hành
45835,DPX,quan-tri-dich-vu-du-lich-lu-hanh,D14,Điểm thi THPT,2022,15.0,Quản trị dịch vụ du lịch lữ hành
45836,DPX,quan-tri-dich-vu-du-lich-lu-hanh,A01,Điểm thi THPT,2023,15.0,Quản trị Dịch vụ du lich & Lữ hành
45837,DPX,quan-tri-dich-vu-du-lich-lu-hanh,C00,Điểm thi THPT,2023,15.0,Quản trị Dịch vụ du lich & Lữ hành
45838,DPX,quan-tri-dich-vu-du-lich-lu-hanh,C17,Điểm thi THPT,2023,15.0,Quản trị Dịch vụ du lich & Lữ hành
45839,DPX,quan-tri-dich-vu-du-lich-lu-hanh,D01,Điểm thi THPT,2023,15.0,Quản trị Dịch vụ du lich & Lữ hành
45840,DPX,quan-tri-dich-vu-du-lich-lu-hanh,D03,Điểm thi THPT,2023,15.0,Quản trị Dịch vụ du lich & Lữ hành
45841,DPX,quan-tri-dich-vu-du-lich-lu-hanh,D04,Điểm thi THPT,2023,15.0,Quản trị Dịch vụ du lich & Lữ hành
45842,DPX,quan-tri-dich-vu-du-lich-lu-hanh,D14,Điểm thi THPT,2023,15.0,Quản trị Dịch vụ du lich & Lữ hành
45843,DPX,quan-tri-dich-vu-du-lich-lu-hanh,D15,Điểm thi THPT,2023,15.0,Quản trị Dịch vụ du lich & Lữ hành
45844,DPX,quan-tri-dich-vu-du-lich-va-lu-hanh,A01,Điểm thi THPT,2024,15.0,Quản trị dịch vụ du lịch và lữ hành
45845,DPX,quan-tri-dich-vu-du-lich-va-lu-hanh,C00,Điểm thi THPT,2024,15.0,Quản trị dịch vụ du lịch và lữ hành
45846,DPX,quan-tri-dich-vu-du-lich-va-lu-hanh,C17,Điểm thi THPT,2024,15.0,Quản trị dịch vụ du lịch và lữ hành
45847,DPX,quan-tri-dich-vu-du-lich-va-lu-hanh,D01,Điểm thi THPT,2024,15.0,Quản trị dịch vụ du lịch và lữ hành
45848,DPX,quan-tri-dich-vu-du-lich-va-lu-hanh,D03,Điểm thi THPT,2024,15.0,Quản trị dịch vụ du lịch và lữ hành
45849,DPX,quan-tri-dich-vu-du-lich-va-lu-hanh,D06,Điểm thi THPT,2024,15.0,Quản trị dịch vụ du lịch và lữ hành
45850,DPX,quan-tri-dich-vu-du-lich-va-lu-hanh,A01,Điểm học bạ,2025,18.0,Quản trị dịch vụ Du lịch và lữ hành
45851,DPX,quan-tri-dich-vu-du-lich-va-lu-hanh,C00,Điểm học bạ,2025,18.0,Quản trị dịch vụ Du lịch và lữ hành
45852,DPX,quan-tri-dich-vu-du-lich-va-lu-hanh,C03,Điểm học bạ,2025,18.0,Quản trị dịch vụ Du lịch và lữ hành
45853,DPX,quan-tri-dich-vu-du-lich-va-lu-hanh,C04,Điểm học bạ,2025,18.0,Quản trị dịch vụ Du lịch và lữ hành
45854,DPX,quan-tri-dich-vu-du-lich-va-lu-hanh,D01,Điểm học bạ,2025,18.0,Quản trị dịch vụ Du lịch và lữ hành
45855,DPX,quan-tri-dich-vu-du-lich-va-lu-hanh,D04,Điểm học bạ,2025,18.0,Quản trị dịch vụ Du lịch và lữ hành
45856,DPX,quan-tri-dich-vu-du-lich-va-lu-hanh,D45,Điểm học bạ,2025,18.0,Quản trị dịch vụ Du lịch và lữ hành
45857,DPX,quan-tri-dich-vu-du-lich-va-lu-hanh,D65,Điểm học bạ,2025,18.0,Quản trị dịch vụ Du lịch và lữ hành
45858,DPX,quan-tri-dich-vu-du-lich-va-lu-hanh,X25,Điểm học bạ,2025,18.0,Quản trị dịch vụ Du lịch và lữ hành
45859,DPX,quan-tri-dich-vu-du-lich-va-lu-hanh,X37,Điểm học bạ,2025,18.0,Quản trị dịch vụ Du lịch và lữ hành
45860,DPX,quan-tri-dich-vu-du-lich-va-lu-hanh,A01,Điểm thi THPT,2025,15.0,Quản trị dịch vụ Du lịch và lữ hành
45861,DPX,quan-tri-dich-vu-du-lich-va-lu-hanh,C00,Điểm thi THPT,2025,15.0,Quản trị dịch vụ Du lịch và lữ hành
45862,DPX,quan-tri-dich-vu-du-lich-va-lu-hanh,C03,Điểm thi THPT,2025,15.0,Quản trị dịch vụ Du lịch và lữ hành
45863,DPX,quan-tri-dich-vu-du-lich-va-lu-hanh,C04,Điểm thi THPT,2025,15.0,Quản trị dịch vụ Du lịch và lữ hành
45864,DPX,quan-tri-dich-vu-du-lich-va-lu-hanh,D01,Điểm thi THPT,2025,15.0,Quản trị dịch vụ Du lịch và lữ hành
45865,DPX,quan-tri-dich-vu-du-lich-va-lu-hanh,D04,Điểm thi THPT,2025,15.0,Quản trị dịch vụ Du lịch và lữ hành
45866,DPX,quan-tri-dich-vu-du-lich-va-lu-hanh,D45,Điểm thi THPT,2025,15.0,Quản trị dịch vụ Du lịch và lữ hành
45867,DPX,quan-tri-dich-vu-du-lich-va-lu-hanh,D65,Điểm thi THPT,2025,15.0,Quản trị dịch vụ Du lịch và lữ hành
45868,DPX,quan-tri-dich-vu-du-lich-va-lu-hanh,X25,Điểm thi THPT,2025,15.0,Quản trị dịch vụ Du lịch và lữ hành
45869,DPX,quan-tri-dich-vu-du-lich-va-lu-hanh,X37,Điểm thi THPT,2025,15.0,Quản trị dịch vụ Du lịch và lữ hành
45870,DPX,quan-tri-khach-san,A01,Điểm học bạ,2021,18.0,Quản trị Khách sạn
45871,DPX,quan-tri-khach-san,C00,Điểm học bạ,2021,18.0,Quản trị Khách sạn
45872,DPX,quan-tri-khach-san,D01,Điểm học bạ,2021,18.0,Quản trị Khách sạn
45873,DPX,quan-tri-khach-san,D14,Điểm học bạ,2021,18.0,Quản trị Khách sạn
45874,DPX,quan-tri-khach-san,A01,Điểm thi THPT,2021,15.0,Quản trị Khách sạn
45875,DPX,quan-tri-khach-san,C00,Điểm thi THPT,2021,15.0,Quản trị Khách sạn
45876,DPX,quan-tri-khach-san,D01,Điểm thi THPT,2021,15.0,Quản trị Khách sạn
45877,DPX,quan-tri-khach-san,D14,Điểm thi THPT,2021,15.0,Quản trị Khách sạn
45878,DPX,quan-tri-khach-san,A01,Điểm học bạ,2022,18.0,Quản trị khách sạn
45879,DPX,quan-tri-khach-san,C00,Điểm học bạ,2022,18.0,Quản trị khách sạn
45880,DPX,quan-tri-khach-san,D01,Điểm học bạ,2022,18.0,Quản trị khách sạn
45881,DPX,quan-tri-khach-san,D14,Điểm học bạ,2022,18.0,Quản trị khách sạn
45882,DPX,quan-tri-khach-san,A01,Điểm thi THPT,2022,15.0,Quản trị khách sạn
45883,DPX,quan-tri-khach-san,C00,Điểm thi THPT,2022,15.0,Quản trị khách sạn
45884,DPX,quan-tri-khach-san,D01,Điểm thi THPT,2022,15.0,Quản trị khách sạn
45885,DPX,quan-tri-khach-san,D14,Điểm thi THPT,2022,15.0,Quản trị khách sạn
45886,DPX,quan-tri-khach-san,A01,Điểm thi THPT,2023,15.5,Quản trị khách sạn
45887,DPX,quan-tri-khach-san,C00,Điểm thi THPT,2023,15.5,Quản trị khách sạn
45888,DPX,quan-tri-khach-san,C17,Điểm thi THPT,2023,15.5,Quản trị khách sạn
45889,DPX,quan-tri-khach-san,D01,Điểm thi THPT,2023,15.5,Quản trị khách sạn
45890,DPX,quan-tri-khach-san,D03,Điểm thi THPT,2023,15.5,Quản trị khách sạn
45891,DPX,quan-tri-khach-san,D04,Điểm thi THPT,2023,15.5,Quản trị khách sạn
45892,DPX,quan-tri-khach-san,D14,Điểm thi THPT,2023,15.5,Quản trị khách sạn
45893,DPX,quan-tri-khach-san,D15,Điểm thi THPT,2023,15.5,Quản trị khách sạn
45894,DPX,quan-tri-khach-san,A01,Điểm thi THPT,2024,15.0,Quản trị khách sạn
45895,DPX,quan-tri-khach-san,C00,Điểm thi THPT,2024,15.0,Quản trị khách sạn
45896,DPX,quan-tri-khach-san,C17,Điểm thi THPT,2024,15.0,Quản trị khách sạn
45897,DPX,quan-tri-khach-san,D01,Điểm thi THPT,2024,15.0,Quản trị khách sạn
45898,DPX,quan-tri-khach-san,D03,Điểm thi THPT,2024,15.0,Quản trị khách sạn
45899,DPX,quan-tri-khach-san,D06,Điểm thi THPT,2024,15.0,Quản trị khách sạn
45900,DPX,quan-tri-kinh-doanh,A00,Điểm học bạ,2022,18.0,Quản trị kinh doanh
45901,DPX,quan-tri-kinh-doanh,A01,Điểm học bạ,2022,18.0,Quản trị kinh doanh
45902,DPX,quan-tri-kinh-doanh,B00,Điểm học bạ,2022,18.0,Quản trị kinh doanh
45903,DPX,quan-tri-kinh-doanh,D01,Điểm học bạ,2022,18.0,Quản trị kinh doanh
45904,DPX,quan-tri-kinh-doanh,A00,Điểm thi THPT,2022,15.5,Quản trị kinh doanh
45905,DPX,quan-tri-kinh-doanh,A01,Điểm thi THPT,2022,15.5,Quản trị kinh doanh
45906,DPX,quan-tri-kinh-doanh,B00,Điểm thi THPT,2022,15.5,Quản trị kinh doanh
45907,DPX,quan-tri-kinh-doanh,D01,Điểm thi THPT,2022,15.5,Quản trị kinh doanh
45908,DPX,quan-tri-kinh-doanh,A00,Điểm thi THPT,2024,15.0,Quản trị kinh doanh
45909,DPX,quan-tri-kinh-doanh,A01,Điểm thi THPT,2024,15.0,Quản trị kinh doanh
45910,DPX,quan-tri-kinh-doanh,B00,Điểm thi THPT,2024,15.0,Quản trị kinh doanh
45911,DPX,quan-tri-kinh-doanh,D01,Điểm thi THPT,2024,15.0,Quản trị kinh doanh
45912,DPX,quan-tri-kinh-doanh,A00,Điểm học bạ,2025,18.0,Quản trị kinh doanh
45913,DPX,quan-tri-kinh-doanh,A01,Điểm học bạ,2025,18.0,Quản trị kinh doanh
45914,DPX,quan-tri-kinh-doanh,D01,Điểm học bạ,2025,18.0,Quản trị kinh doanh
45915,DPX,quan-tri-kinh-doanh,D09,Điểm học bạ,2025,18.0,Quản trị kinh doanh
45916,DPX,quan-tri-kinh-doanh,D10,Điểm học bạ,2025,18.0,Quản trị kinh doanh
45917,DPX,quan-tri-kinh-doanh,D45,Điểm học bạ,2025,18.0,Quản trị kinh doanh
45918,DPX,quan-tri-kinh-doanh,D65,Điểm học bạ,2025,18.0,Quản trị kinh doanh
45919,DPX,quan-tri-kinh-doanh,X01,Điểm học bạ,2025,18.0,Quản trị kinh doanh
45920,DPX,quan-tri-kinh-doanh,X25,Điểm học bạ,2025,18.0,Quản trị kinh doanh
45921,DPX,quan-tri-kinh-doanh,X37,Điểm học bạ,2025,18.0,Quản trị kinh doanh
45922,DPX,quan-tri-kinh-doanh,A00,Điểm thi THPT,2025,15.0,Quản trị kinh doanh
45923,DPX,quan-tri-kinh-doanh,A01,Điểm thi THPT,2025,15.0,Quản trị kinh doanh
45924,DPX,quan-tri-kinh-doanh,D01,Điểm thi THPT,2025,15.0,Quản trị kinh doanh
45925,DPX,quan-tri-kinh-doanh,D09,Điểm thi THPT,2025,15.0,Quản trị kinh doanh
45926,DPX,quan-tri-kinh-doanh,D10,Điểm thi THPT,2025,15.0,Quản trị kinh doanh
45927,DPX,quan-tri-kinh-doanh,D45,Điểm thi THPT,2025,15.0,Quản trị kinh doanh
45928,DPX,quan-tri-kinh-doanh,D65,Điểm thi THPT,2025,15.0,Quản trị kinh doanh
45929,DPX,quan-tri-kinh-doanh,X01,Điểm thi THPT,2025,15.0,Quản trị kinh doanh
45930,DPX,quan-tri-kinh-doanh,X25,Điểm thi THPT,2025,15.0,Quản trị kinh doanh
45931,DPX,quan-tri-kinh-doanh,X37,Điểm thi THPT,2025,15.0,Quản trị kinh doanh
45932,DPX,quan-tri-kinh-doanh-digital-marketing,A00,Điểm học bạ,2021,18.0,Quản trị Kinh doanh - Digital Marketing
45933,DPX,quan-tri-kinh-doanh-digital-marketing,A01,Điểm học bạ,2021,18.0,Quản trị Kinh doanh - Digital Marketing
45934,DPX,quan-tri-kinh-doanh-digital-marketing,B00,Điểm học bạ,2021,18.0,Quản trị Kinh doanh - Digital Marketing
45935,DPX,quan-tri-kinh-doanh-digital-marketing,D01,Điểm học bạ,2021,18.0,Quản trị Kinh doanh - Digital Marketing
45936,DPX,quan-tri-kinh-doanh-digital-marketing,A00,Điểm thi THPT,2021,15.5,Quản trị Kinh doanh - Digital Marketing
45937,DPX,quan-tri-kinh-doanh-digital-marketing,A01,Điểm thi THPT,2021,15.5,Quản trị Kinh doanh - Digital Marketing
45938,DPX,quan-tri-kinh-doanh-digital-marketing,B00,Điểm thi THPT,2021,15.5,Quản trị Kinh doanh - Digital Marketing
45939,DPX,quan-tri-kinh-doanh-digital-marketing,D01,Điểm thi THPT,2021,15.5,Quản trị Kinh doanh - Digital Marketing
45940,DPX,quan-tri-kinh-doanh-markeing,A00,Điểm thi THPT,2023,15.0,Quản trị kinh doanh - Markeing
45941,DPX,quan-tri-kinh-doanh-markeing,A01,Điểm thi THPT,2023,15.0,Quản trị kinh doanh - Markeing
45942,DPX,quan-tri-kinh-doanh-markeing,B00,Điểm thi THPT,2023,15.0,Quản trị kinh doanh - Markeing
45943,DPX,quan-tri-kinh-doanh-markeing,B08,Điểm thi THPT,2023,15.0,Quản trị kinh doanh - Markeing
45944,DPX,quan-tri-kinh-doanh-markeing,C01,Điểm thi THPT,2023,15.0,Quản trị kinh doanh - Markeing
45945,DPX,quan-tri-kinh-doanh-markeing,D01,Điểm thi THPT,2023,15.0,Quản trị kinh doanh - Markeing
45946,DPX,quan-tri-kinh-doanh-markeing,D03,Điểm thi THPT,2023,15.0,Quản trị kinh doanh - Markeing
45947,DPX,quan-tri-kinh-doanh-markeing,D04,Điểm thi THPT,2023,15.0,Quản trị kinh doanh - Markeing
45948,DPX,thiet-ke-noi-that,A00,Điểm thi THPT,2023,15.5,Thiết kế nội thất
45949,DPX,thiet-ke-noi-that,A01,Điểm thi THPT,2023,15.5,Thiết kế nội thất
45950,DPX,thiet-ke-noi-that,B00,Điểm thi THPT,2023,15.5,Thiết kế nội thất
45951,DPX,thiet-ke-noi-that,D01,Điểm thi THPT,2023,15.5,Thiết kế nội thất
45952,DPX,thiet-ke-noi-that,D14,Điểm thi THPT,2023,15.5,Thiết kế nội thất
45953,DPX,thiet-ke-noi-that,D15,Điểm thi THPT,2023,15.5,Thiết kế nội thất
45954,DPX,thiet-ke-noi-that,H01,Điểm thi THPT,2023,15.5,Thiết kế nội thất
45955,DPX,thiet-ke-noi-that,V00,Điểm thi THPT,2023,15.5,Thiết kế nội thất
45956,DPX,thiet-ke-noi-that,A00,Điểm thi THPT,2024,15.0,Thiết kế nội thất
45957,DPX,thiet-ke-noi-that,A01,Điểm thi THPT,2024,15.0,Thiết kế nội thất
45958,DPX,thiet-ke-noi-that,B00,Điểm thi THPT,2024,15.0,Thiết kế nội thất
45959,DPX,thiet-ke-noi-that,D14,Điểm thi THPT,2024,15.0,Thiết kế nội thất
45960,DPX,truyen-thong-da-phuong-tien,A00,Điểm thi THPT,2023,15.0,Truyền thông đa phương tiện
45961,DPX,truyen-thong-da-phuong-tien,A01,Điểm thi THPT,2023,15.0,Truyền thông đa phương tiện
45962,DPX,truyen-thong-da-phuong-tien,C00,Điểm thi THPT,2023,15.0,Truyền thông đa phương tiện
45963,DPX,truyen-thong-da-phuong-tien,D01,Điểm thi THPT,2023,15.0,Truyền thông đa phương tiện
45964,DPX,truyen-thong-da-phuong-tien,D03,Điểm thi THPT,2023,15.0,Truyền thông đa phương tiện
45965,DPX,truyen-thong-da-phuong-tien,D04,Điểm thi THPT,2023,15.0,Truyền thông đa phương tiện
45966,DPX,truyen-thong-da-phuong-tien,D09,Điểm thi THPT,2023,15.0,Truyền thông đa phương tiện
45967,DPX,truyen-thong-da-phuong-tien,D11,Điểm thi THPT,2023,15.0,Truyền thông đa phương tiện
45968,DPX,viet-nam-hoc,B00,Điểm học bạ,2021,18.0,Việt Nam học
45969,DPX,viet-nam-hoc,C00,Điểm học bạ,2021,18.0,Việt Nam học
45970,DPX,viet-nam-hoc,D01,Điểm học bạ,2021,18.0,Việt Nam học
45971,DPX,viet-nam-hoc,D15,Điểm học bạ,2021,18.0,Việt Nam học
45972,DPX,viet-nam-hoc,B00,Điểm thi THPT,2021,16.0,Việt Nam học
45973,DPX,viet-nam-hoc,C00,Điểm thi THPT,2021,16.0,Việt Nam học
45974,DPX,viet-nam-hoc,D01,Điểm thi THPT,2021,16.0,Việt Nam học
45975,DPX,viet-nam-hoc,D15,Điểm thi THPT,2021,16.0,Việt Nam học
45976,DPX,viet-nam-hoc,B00,Điểm học bạ,2022,18.0,Việt Nam học
45977,DPX,viet-nam-hoc,C00,Điểm học bạ,2022,18.0,Việt Nam học
45978,DPX,viet-nam-hoc,D01,Điểm học bạ,2022,18.0,Việt Nam học
45979,DPX,viet-nam-hoc,D15,Điểm học bạ,2022,18.0,Việt Nam học
45980,DPX,viet-nam-hoc,B00,Điểm thi THPT,2022,16.0,Việt Nam học
45981,DPX,viet-nam-hoc,C00,Điểm thi THPT,2022,16.0,Việt Nam học
45982,DPX,viet-nam-hoc,D01,Điểm thi THPT,2022,16.0,Việt Nam học
45983,DPX,viet-nam-hoc,D15,Điểm thi THPT,2022,16.0,Việt Nam học
45984,DPX,viet-nam-hoc,A01,Điểm thi THPT,2023,17.0,Việt Nam học
45985,DPX,viet-nam-hoc,B00,Điểm thi THPT,2023,17.0,Việt Nam học
45986,DPX,viet-nam-hoc,C00,Điểm thi THPT,2023,17.0,Việt Nam học
45987,DPX,viet-nam-hoc,C17,Điểm thi THPT,2023,17.0,Việt Nam học
45988,DPX,viet-nam-hoc,D01,Điểm thi THPT,2023,17.0,Việt Nam học
45989,DPX,viet-nam-hoc,D03,Điểm thi THPT,2023,17.0,Việt Nam học
45990,DPX,viet-nam-hoc,D04,Điểm thi THPT,2023,17.0,Việt Nam học
45991,DPX,viet-nam-hoc,D15,Điểm thi THPT,2023,17.0,Việt Nam học
45992,DPY,cong-nghe-thong-tin,A00,Điểm học bạ,2022,17.0,Công nghệ thông tin
45993,DPY,cong-nghe-thong-tin,A01,Điểm học bạ,2022,17.0,Công nghệ thông tin
45994,DPY,cong-nghe-thong-tin,D01,Điểm học bạ,2022,17.0,Công nghệ thông tin
45995,DPY,cong-nghe-thong-tin,A00,Điểm học bạ,2023,16.5,Công nghệ thông tin
45996,DPY,cong-nghe-thong-tin,A01,Điểm học bạ,2023,16.5,Công nghệ thông tin
45997,DPY,cong-nghe-thong-tin,D01,Điểm học bạ,2023,16.5,Công nghệ thông tin
45998,DPY,cong-nghe-thong-tin,A00,Điểm học bạ,2024,17.0,Công nghệ thông tin
45999,DPY,cong-nghe-thong-tin,A01,Điểm học bạ,2024,17.0,Công nghệ thông tin
46000,DPY,cong-nghe-thong-tin,D01,Điểm học bạ,2024,17.0,Công nghệ thông tin
46001,DPY,cong-nghe-thong-tin,A00,Điểm học bạ,2025,17.0,Công nghệ thông tin
46002,DPY,cong-nghe-thong-tin,A01,Điểm học bạ,2025,17.0,Công nghệ thông tin
46003,DPY,cong-nghe-thong-tin,D01,Điểm học bạ,2025,17.0,Công nghệ thông tin
46004,DPY,cong-nghe-thong-tin,X26,Điểm học bạ,2025,17.0,Công nghệ thông tin
46005,DPY,cong-nghe-thong-tin,A00,Điểm thi THPT,2025,15.0,Công nghệ thông tin
46006,DPY,cong-nghe-thong-tin,A01,Điểm thi THPT,2025,15.0,Công nghệ thông tin
46007,DPY,cong-nghe-thong-tin,D01,Điểm thi THPT,2025,15.0,Công nghệ thông tin
46008,DPY,cong-nghe-thong-tin,X26,Điểm thi THPT,2025,15.0,Công nghệ thông tin
46009,DPY,du-lich,C00,Điểm học bạ,2025,17.0,Du lịch
46010,DPY,du-lich,C03,Điểm học bạ,2025,17.0,Du lịch
46011,DPY,du-lich,C04,Điểm học bạ,2025,17.0,Du lịch
46012,DPY,du-lich,D01,Điểm học bạ,2025,17.0,Du lịch
46013,DPY,du-lich,D14,Điểm học bạ,2025,17.0,Du lịch
46014,DPY,du-lich,D15,Điểm học bạ,2025,17.0,Du lịch
46015,DPY,du-lich,C00,Điểm thi THPT,2025,15.0,Du lịch
46016,DPY,du-lich,C03,Điểm thi THPT,2025,15.0,Du lịch
46017,DPY,du-lich,C04,Điểm thi THPT,2025,15.0,Du lịch
46018,DPY,du-lich,D01,Điểm thi THPT,2025,15.0,Du lịch
46019,DPY,du-lich,D14,Điểm thi THPT,2025,15.0,Du lịch
46020,DPY,du-lich,D15,Điểm thi THPT,2025,15.0,Du lịch
46021,DPY,giao-duc-mam-non,M01,Điểm thi THPT,2021,19.5,Giáo dục Mầm non
46022,DPY,giao-duc-mam-non,M09,Điểm thi THPT,2021,19.5,Giáo dục Mầm non
46023,DPY,giao-duc-mam-non,M01,Điểm học bạ,2022,23.5,Giáo dục Mầm non
46024,DPY,giao-duc-mam-non,M19,Điểm học bạ,2022,23.5,Giáo dục Mầm non
46025,DPY,giao-duc-mam-non,M01,Điểm thi THPT,2022,23.45,Giáo dục Mầm non
46026,DPY,giao-duc-mam-non,M19,Điểm thi THPT,2022,23.45,Giáo dục Mầm non
46027,DPY,giao-duc-mam-non,M01,Điểm học bạ,2023,22.3,Giáo dục Mầm non
46028,DPY,giao-duc-mam-non,M09,Điểm học bạ,2023,22.3,Giáo dục Mầm non
46029,DPY,giao-duc-mam-non,M01,Điểm thi THPT,2023,20.5,Giáo dục Mầm non
46030,DPY,giao-duc-mam-non,M09,Điểm thi THPT,2023,20.5,Giáo dục Mầm non
46031,DPY,giao-duc-mam-non,M01,Điểm học bạ,2024,23.84,Giáo dục Mầm non
46032,DPY,giao-duc-mam-non,M09,Điểm học bạ,2024,23.84,Giáo dục Mầm non
46033,DPY,giao-duc-mam-non,M01,Điểm thi THPT,2024,24.4,Giáo dục Mầm non
46034,DPY,giao-duc-mam-non,M09,Điểm thi THPT,2024,24.4,Giáo dục Mầm non
46035,DPY,giao-duc-mam-non,M03,Điểm thi THPT,2025,24.0,Giáo dục Mầm non
46036,DPY,giao-duc-mam-non,M09,Điểm thi THPT,2025,24.0,Giáo dục Mầm non
46037,DPY,giao-duc-tieu-hoc,A00,Điểm thi THPT,2021,19.0,Giáo dục Tiểu học
46038,DPY,giao-duc-tieu-hoc,A01,Điểm thi THPT,2021,19.0,Giáo dục Tiểu học
46039,DPY,giao-duc-tieu-hoc,C00,Điểm thi THPT,2021,19.0,Giáo dục Tiểu học
46040,DPY,giao-duc-tieu-hoc,D01,Điểm thi THPT,2021,19.0,Giáo dục Tiểu học
46041,DPY,giao-duc-tieu-hoc,A00,Điểm học bạ,2022,22.0,Giáo dục Tiểu học
46042,DPY,giao-duc-tieu-hoc,A01,Điểm học bạ,2022,22.0,Giáo dục Tiểu học
46043,DPY,giao-duc-tieu-hoc,C00,Điểm học bạ,2022,22.0,Giáo dục Tiểu học
46044,DPY,giao-duc-tieu-hoc,D01,Điểm học bạ,2022,22.0,Giáo dục Tiểu học
46045,DPY,giao-duc-tieu-hoc,A00,Điểm thi THPT,2022,21.6,Giáo dục Tiểu học
46046,DPY,giao-duc-tieu-hoc,A01,Điểm thi THPT,2022,21.6,Giáo dục Tiểu học
46047,DPY,giao-duc-tieu-hoc,C00,Điểm thi THPT,2022,21.6,Giáo dục Tiểu học
46048,DPY,giao-duc-tieu-hoc,D01,Điểm thi THPT,2022,21.6,Giáo dục Tiểu học
46049,DPY,giao-duc-tieu-hoc,A00,Điểm học bạ,2023,25.86,Giáo dục Tiểu học
46050,DPY,giao-duc-tieu-hoc,A01,Điểm học bạ,2023,25.86,Giáo dục Tiểu học
46051,DPY,giao-duc-tieu-hoc,C00,Điểm học bạ,2023,25.86,Giáo dục Tiểu học
46052,DPY,giao-duc-tieu-hoc,D01,Điểm học bạ,2023,25.86,Giáo dục Tiểu học
46053,DPY,giao-duc-tieu-hoc,A00,Điểm thi THPT,2023,23.5,Giáo dục Tiểu học
46054,DPY,giao-duc-tieu-hoc,A01,Điểm thi THPT,2023,23.5,Giáo dục Tiểu học
46055,DPY,giao-duc-tieu-hoc,C00,Điểm thi THPT,2023,23.5,Giáo dục Tiểu học
46056,DPY,giao-duc-tieu-hoc,D01,Điểm thi THPT,2023,23.5,Giáo dục Tiểu học
46057,DPY,giao-duc-tieu-hoc,A00,Điểm học bạ,2024,27.59,Giáo dục Tiểu học
46058,DPY,giao-duc-tieu-hoc,A01,Điểm học bạ,2024,27.59,Giáo dục Tiểu học
46059,DPY,giao-duc-tieu-hoc,C00,Điểm học bạ,2024,27.59,Giáo dục Tiểu học
46060,DPY,giao-duc-tieu-hoc,D01,Điểm học bạ,2024,27.59,Giáo dục Tiểu học
46061,DPY,giao-duc-tieu-hoc,A00,Điểm thi THPT,2024,25.75,Giáo dục Tiểu học
46062,DPY,giao-duc-tieu-hoc,A01,Điểm thi THPT,2024,25.75,Giáo dục Tiểu học
46063,DPY,giao-duc-tieu-hoc,C00,Điểm thi THPT,2024,25.75,Giáo dục Tiểu học
46064,DPY,giao-duc-tieu-hoc,D01,Điểm thi THPT,2024,25.75,Giáo dục Tiểu học
46065,DPY,giao-duc-tieu-hoc,A00,Điểm thi THPT,2025,26.03,Giáo dục Tiểu học
46066,DPY,giao-duc-tieu-hoc,C00,Điểm thi THPT,2025,26.03,Giáo dục Tiểu học
46067,DPY,giao-duc-tieu-hoc,C03,Điểm thi THPT,2025,26.03,Giáo dục Tiểu học
46068,DPY,giao-duc-tieu-hoc,C04,Điểm thi THPT,2025,26.03,Giáo dục Tiểu học
46069,DPY,giao-duc-tieu-hoc,D01,Điểm thi THPT,2025,26.03,Giáo dục Tiểu học
46070,DPY,ngon-ngu-anh,A01,Điểm học bạ,2022,17.0,Ngôn ngữ Anh
46071,DPY,ngon-ngu-anh,D01,Điểm học bạ,2022,17.0,Ngôn ngữ Anh
46072,DPY,ngon-ngu-anh,D10,Điểm học bạ,2022,17.0,Ngôn ngữ Anh
46073,DPY,ngon-ngu-anh,D14,Điểm học bạ,2022,17.0,Ngôn ngữ Anh
46074,DPY,ngon-ngu-anh,A01,Điểm học bạ,2023,16.5,Ngôn ngữ Anh
46075,DPY,ngon-ngu-anh,D01,Điểm học bạ,2023,16.5,Ngôn ngữ Anh
46076,DPY,ngon-ngu-anh,D10,Điểm học bạ,2023,16.5,Ngôn ngữ Anh
46077,DPY,ngon-ngu-anh,D14,Điểm học bạ,2023,16.5,Ngôn ngữ Anh
46078,DPY,ngon-ngu-anh,A01,Điểm học bạ,2024,23.4,Ngôn ngữ Anh
46079,DPY,ngon-ngu-anh,D01,Điểm học bạ,2024,23.4,Ngôn ngữ Anh
46080,DPY,ngon-ngu-anh,D10,Điểm học bạ,2024,23.4,Ngôn ngữ Anh
46081,DPY,ngon-ngu-anh,D14,Điểm học bạ,2024,23.4,Ngôn ngữ Anh
46082,DPY,ngon-ngu-anh,A01,Điểm học bạ,2025,19.04,Ngôn ngữ Anh
46083,DPY,ngon-ngu-anh,D01,Điểm học bạ,2025,19.04,Ngôn ngữ Anh
46084,DPY,ngon-ngu-anh,D10,Điểm học bạ,2025,19.04,Ngôn ngữ Anh
46085,DPY,ngon-ngu-anh,D14,Điểm học bạ,2025,19.04,Ngôn ngữ Anh
46086,DPY,ngon-ngu-anh,A01,Điểm thi THPT,2025,17.85,Ngôn ngữ Anh
46087,DPY,ngon-ngu-anh,D01,Điểm thi THPT,2025,17.85,Ngôn ngữ Anh
46088,DPY,ngon-ngu-anh,D10,Điểm thi THPT,2025,17.85,Ngôn ngữ Anh
46089,DPY,ngon-ngu-anh,D14,Điểm thi THPT,2025,17.85,Ngôn ngữ Anh
46090,DPY,nong-nghiep,A00,Điểm học bạ,2023,16.5,Nông nghiệp
46091,DPY,nong-nghiep,B00,Điểm học bạ,2023,16.5,Nông nghiệp
46092,DPY,nong-nghiep,D07,Điểm học bạ,2023,16.5,Nông nghiệp
46093,DPY,nong-nghiep,D08,Điểm học bạ,2023,16.5,Nông nghiệp
46094,DPY,nong-nghiep,A00,Điểm học bạ,2024,17.0,Nông nghiệp
46095,DPY,nong-nghiep,B00,Điểm học bạ,2024,17.0,Nông nghiệp
46096,DPY,nong-nghiep,D07,Điểm học bạ,2024,17.0,Nông nghiệp
46097,DPY,nong-nghiep,D08,Điểm học bạ,2024,17.0,Nông nghiệp
46098,DPY,nong-nghiep,B00,Điểm học bạ,2025,17.0,Nông nghiệp
46099,DPY,nong-nghiep,B03,Điểm học bạ,2025,17.0,Nông nghiệp
46100,DPY,nong-nghiep,C02,Điểm học bạ,2025,17.0,Nông nghiệp
46101,DPY,nong-nghiep,C08,Điểm học bạ,2025,17.0,Nông nghiệp
46102,DPY,nong-nghiep,D01,Điểm học bạ,2025,17.0,Nông nghiệp
46103,DPY,nong-nghiep,B00,Điểm thi THPT,2025,15.0,Nông nghiệp
46104,DPY,nong-nghiep,B03,Điểm thi THPT,2025,15.0,Nông nghiệp
46105,DPY,nong-nghiep,C02,Điểm thi THPT,2025,15.0,Nông nghiệp
46106,DPY,nong-nghiep,C08,Điểm thi THPT,2025,15.0,Nông nghiệp
46107,DPY,nong-nghiep,D01,Điểm thi THPT,2025,15.0,Nông nghiệp
46108,DPY,quan-tri-kinh-doanh,A00,Điểm học bạ,2023,16.5,Quản trị kinh doanh
46109,DPY,quan-tri-kinh-doanh,A01,Điểm học bạ,2023,16.5,Quản trị kinh doanh
46110,DPY,quan-tri-kinh-doanh,D01,Điểm học bạ,2023,16.5,Quản trị kinh doanh
46111,DPY,quan-tri-kinh-doanh,D10,Điểm học bạ,2023,16.5,Quản trị kinh doanh
46112,DPY,quan-tri-kinh-doanh,A00,Điểm học bạ,2024,17.0,Quản trị kinh doanh
46113,DPY,quan-tri-kinh-doanh,A01,Điểm học bạ,2024,17.0,Quản trị kinh doanh
46114,DPY,quan-tri-kinh-doanh,D01,Điểm học bạ,2024,17.0,Quản trị kinh doanh
46115,DPY,quan-tri-kinh-doanh,D10,Điểm học bạ,2024,17.0,Quản trị kinh doanh
46116,DPY,quan-tri-kinh-doanh,A00,Điểm học bạ,2025,17.0,Quản trị kinh doanh
46117,DPY,quan-tri-kinh-doanh,C03,Điểm học bạ,2025,17.0,Quản trị kinh doanh
46118,DPY,quan-tri-kinh-doanh,C04,Điểm học bạ,2025,17.0,Quản trị kinh doanh
46119,DPY,quan-tri-kinh-doanh,D01,Điểm học bạ,2025,17.0,Quản trị kinh doanh
46120,DPY,quan-tri-kinh-doanh,X01,Điểm học bạ,2025,17.0,Quản trị kinh doanh
46121,DPY,quan-tri-kinh-doanh,X25,Điểm học bạ,2025,17.0,Quản trị kinh doanh
46122,DPY,quan-tri-kinh-doanh,A00,Điểm thi THPT,2025,15.0,Quản trị kinh doanh
46123,DPY,quan-tri-kinh-doanh,C03,Điểm thi THPT,2025,15.0,Quản trị kinh doanh
46124,DPY,quan-tri-kinh-doanh,C04,Điểm thi THPT,2025,15.0,Quản trị kinh doanh
46125,DPY,quan-tri-kinh-doanh,D01,Điểm thi THPT,2025,15.0,Quản trị kinh doanh
46126,DPY,quan-tri-kinh-doanh,X01,Điểm thi THPT,2025,15.0,Quản trị kinh doanh
46127,DPY,quan-tri-kinh-doanh,X25,Điểm thi THPT,2025,15.0,Quản trị kinh doanh
46128,DPY,sp-khoa-hoc-tu-nhien,A00,Điểm thi THPT,2025,23.0,SP Khoa học tự nhiên
46129,DPY,sp-khoa-hoc-tu-nhien,A02,Điểm thi THPT,2025,23.0,SP Khoa học tự nhiên
46130,DPY,sp-khoa-hoc-tu-nhien,B00,Điểm thi THPT,2025,23.0,SP Khoa học tự nhiên
46131,DPY,sp-khoa-hoc-tu-nhien,C05,Điểm thi THPT,2025,23.0,SP Khoa học tự nhiên
46132,DPY,sp-khoa-hoc-tu-nhien,C06,Điểm thi THPT,2025,23.0,SP Khoa học tự nhiên
46133,DPY,sp-khoa-hoc-tu-nhien,C08,Điểm thi THPT,2025,23.0,SP Khoa học tự nhiên
46134,DPY,su-pham-hoa-hoc,A00,Điểm thi THPT,2021,19.0,Sư phạm Hóa học (Hóa - Lý)
46135,DPY,su-pham-hoa-hoc,B00,Điểm thi THPT,2021,19.0,Sư phạm Hóa học (Hóa - Lý)
46136,DPY,su-pham-hoa-hoc,D07,Điểm thi THPT,2021,19.0,Sư phạm Hóa học (Hóa - Lý)
46137,DPY,su-pham-khoa-hoc-tu-nhien,A00,Điểm học bạ,2024,27.67,Sư phạm Khoa học tự nhiên
46138,DPY,su-pham-khoa-hoc-tu-nhien,A02,Điểm học bạ,2024,27.67,Sư phạm Khoa học tự nhiên
46139,DPY,su-pham-khoa-hoc-tu-nhien,B00,Điểm học bạ,2024,27.67,Sư phạm Khoa học tự nhiên
46140,DPY,su-pham-khoa-hoc-tu-nhien,A00,Điểm thi THPT,2024,24.02,Sư phạm Khoa học tự nhiên
46141,DPY,su-pham-khoa-hoc-tu-nhien,A02,Điểm thi THPT,2024,24.02,Sư phạm Khoa học tự nhiên
46142,DPY,su-pham-khoa-hoc-tu-nhien,B00,Điểm thi THPT,2024,24.02,Sư phạm Khoa học tự nhiên
46143,DPY,su-pham-lich-su,C00,Điểm thi THPT,2021,19.0,Sư phạm Lịch sử (Sử - Địa)
46144,DPY,su-pham-lich-su,D14,Điểm thi THPT,2021,19.0,Sư phạm Lịch sử (Sử - Địa)
46145,DPY,su-pham-lich-su,D15,Điểm thi THPT,2021,19.0,Sư phạm Lịch sử (Sử - Địa)
46146,DPY,su-pham-ngu-van,C00,Điểm thi THPT,2021,19.0,Sư phạm Ngữ văn
46147,DPY,su-pham-ngu-van,D01,Điểm thi THPT,2021,19.0,Sư phạm Ngữ văn
46148,DPY,su-pham-ngu-van,D14,Điểm thi THPT,2021,19.0,Sư phạm Ngữ văn
46149,DPY,su-pham-ngu-van,C00,Điểm học bạ,2022,25.0,Sư phạm Ngữ văn
46150,DPY,su-pham-ngu-van,D01,Điểm học bạ,2022,25.0,Sư phạm Ngữ văn
46151,DPY,su-pham-ngu-van,D14,Điểm học bạ,2022,25.0,Sư phạm Ngữ văn
46152,DPY,su-pham-ngu-van,C00,Điểm thi THPT,2022,19.0,Sư phạm Ngữ văn
46153,DPY,su-pham-ngu-van,D01,Điểm thi THPT,2022,19.0,Sư phạm Ngữ văn
46154,DPY,su-pham-ngu-van,D14,Điểm thi THPT,2022,19.0,Sư phạm Ngữ văn
46155,DPY,su-pham-ngu-van,C00,Điểm học bạ,2023,24.59,Sư phạm Ngữ Văn
46156,DPY,su-pham-ngu-van,D01,Điểm học bạ,2023,24.59,Sư phạm Ngữ Văn
46157,DPY,su-pham-ngu-van,D14,Điểm học bạ,2023,24.59,Sư phạm Ngữ Văn
46158,DPY,su-pham-ngu-van,D15,Điểm học bạ,2023,24.59,Sư phạm Ngữ Văn
46159,DPY,su-pham-ngu-van,C00,Điểm thi THPT,2023,23.2,Sư phạm Ngữ Văn
46160,DPY,su-pham-ngu-van,D01,Điểm thi THPT,2023,23.2,Sư phạm Ngữ Văn
46161,DPY,su-pham-ngu-van,D14,Điểm thi THPT,2023,23.2,Sư phạm Ngữ Văn
46162,DPY,su-pham-ngu-van,D15,Điểm thi THPT,2023,23.2,Sư phạm Ngữ Văn
46163,DPY,su-pham-ngu-van,C00,Điểm học bạ,2024,27.57,Sư phạm Ngữ văn
46164,DPY,su-pham-ngu-van,D01,Điểm học bạ,2024,27.57,Sư phạm Ngữ văn
46165,DPY,su-pham-ngu-van,D14,Điểm học bạ,2024,27.57,Sư phạm Ngữ văn
46166,DPY,su-pham-ngu-van,D15,Điểm học bạ,2024,27.57,Sư phạm Ngữ văn
46167,DPY,su-pham-ngu-van,C00,Điểm thi THPT,2024,25.73,Sư phạm Ngữ văn
46168,DPY,su-pham-ngu-van,D01,Điểm thi THPT,2024,25.73,Sư phạm Ngữ văn
46169,DPY,su-pham-ngu-van,D14,Điểm thi THPT,2024,25.73,Sư phạm Ngữ văn
46170,DPY,su-pham-ngu-van,D15,Điểm thi THPT,2024,25.73,Sư phạm Ngữ văn
46171,DPY,su-pham-ngu-van,C00,Điểm thi THPT,2025,26.25,Sư phạm Ngữ văn
46172,DPY,su-pham-ngu-van,C03,Điểm thi THPT,2025,26.25,Sư phạm Ngữ văn
46173,DPY,su-pham-ngu-van,C04,Điểm thi THPT,2025,26.25,Sư phạm Ngữ văn
46174,DPY,su-pham-ngu-van,D01,Điểm thi THPT,2025,26.25,Sư phạm Ngữ văn
46175,DPY,su-pham-ngu-van,D14,Điểm thi THPT,2025,26.25,Sư phạm Ngữ văn
46176,DPY,su-pham-sinh-hoc,A02,Điểm thi THPT,2021,19.0,Sư phạm Sinh học
46177,DPY,su-pham-sinh-hoc,B00,Điểm thi THPT,2021,19.0,Sư phạm Sinh học
46178,DPY,su-pham-sinh-hoc,D08,Điểm thi THPT,2021,19.0,Sư phạm Sinh học
46179,DPY,su-pham-tieng-anh,A01,Điểm thi THPT,2021,19.0,Sư phạm Tiếng Anh
46180,DPY,su-pham-tieng-anh,D01,Điểm thi THPT,2021,19.0,Sư phạm Tiếng Anh
46181,DPY,su-pham-tieng-anh,D10,Điểm thi THPT,2021,19.0,Sư phạm Tiếng Anh
46182,DPY,su-pham-tieng-anh,D14,Điểm thi THPT,2021,19.0,Sư phạm Tiếng Anh
46183,DPY,su-pham-tieng-anh,A01,Điểm thi THPT,2025,22.75,Sư phạm Tiếng Anh
46184,DPY,su-pham-tieng-anh,D01,Điểm thi THPT,2025,22.75,Sư phạm Tiếng Anh
46185,DPY,su-pham-tieng-anh,D10,Điểm thi THPT,2025,22.75,Sư phạm Tiếng Anh
46186,DPY,su-pham-tieng-anh,D14,Điểm thi THPT,2025,22.75,Sư phạm Tiếng Anh
46187,DPY,su-pham-tin-hoc,A00,Điểm thi THPT,2021,19.0,Sư phạm Tin học
46188,DPY,su-pham-tin-hoc,A01,Điểm thi THPT,2021,19.0,Sư phạm Tin học
46189,DPY,su-pham-tin-hoc,D01,Điểm thi THPT,2021,19.0,Sư phạm Tin học
46190,DPY,su-pham-tin-hoc,A00,Điểm học bạ,2022,21.0,Sư phạm Tin học
46191,DPY,su-pham-tin-hoc,A01,Điểm học bạ,2022,21.0,Sư phạm Tin học
46192,DPY,su-pham-tin-hoc,D01,Điểm học bạ,2022,21.0,Sư phạm Tin học
46193,DPY,su-pham-tin-hoc,A00,Điểm thi THPT,2022,21.0,Sư phạm Tin học
46194,DPY,su-pham-tin-hoc,A01,Điểm thi THPT,2022,21.0,Sư phạm Tin học
46195,DPY,su-pham-tin-hoc,D01,Điểm thi THPT,2022,21.0,Sư phạm Tin học
46196,DPY,su-pham-toan-hoc,A00,Điểm thi THPT,2021,19.0,Sư phạm Toán học
46197,DPY,su-pham-toan-hoc,A01,Điểm thi THPT,2021,19.0,Sư phạm Toán học
46198,DPY,su-pham-toan-hoc,B00,Điểm thi THPT,2021,19.0,Sư phạm Toán học
46199,DPY,su-pham-toan-hoc,D01,Điểm thi THPT,2021,19.0,Sư phạm Toán học
46200,DPY,su-pham-toan-hoc,A00,Điểm học bạ,2022,24.0,Sư phạm Toán học
46201,DPY,su-pham-toan-hoc,A01,Điểm học bạ,2022,24.0,Sư phạm Toán học
46202,DPY,su-pham-toan-hoc,B00,Điểm học bạ,2022,24.0,Sư phạm Toán học
46203,DPY,su-pham-toan-hoc,D01,Điểm học bạ,2022,24.0,Sư phạm Toán học
46204,DPY,su-pham-toan-hoc,A00,Điểm thi THPT,2022,23.0,Sư phạm Toán học
46205,DPY,su-pham-toan-hoc,A01,Điểm thi THPT,2022,23.0,Sư phạm Toán học
46206,DPY,su-pham-toan-hoc,B00,Điểm thi THPT,2022,23.0,Sư phạm Toán học
46207,DPY,su-pham-toan-hoc,D01,Điểm thi THPT,2022,23.0,Sư phạm Toán học
46208,DPY,su-pham-toan-hoc,A00,Điểm học bạ,2023,26.83,Sư phạm Toán học
46209,DPY,su-pham-toan-hoc,A01,Điểm học bạ,2023,26.83,Sư phạm Toán học
46210,DPY,su-pham-toan-hoc,B00,Điểm học bạ,2023,26.83,Sư phạm Toán học
46211,DPY,su-pham-toan-hoc,D01,Điểm học bạ,2023,26.83,Sư phạm Toán học
46212,DPY,su-pham-toan-hoc,A00,Điểm thi THPT,2023,24.0,Sư phạm Toán học
46213,DPY,su-pham-toan-hoc,A01,Điểm thi THPT,2023,24.0,Sư phạm Toán học
46214,DPY,su-pham-toan-hoc,B00,Điểm thi THPT,2023,24.0,Sư phạm Toán học
46215,DPY,su-pham-toan-hoc,D01,Điểm thi THPT,2023,24.0,Sư phạm Toán học
46216,DPY,su-pham-toan-hoc,A00,Điểm học bạ,2024,28.56,Sư phạm Toán học
46217,DPY,su-pham-toan-hoc,A01,Điểm học bạ,2024,28.56,Sư phạm Toán học
46218,DPY,su-pham-toan-hoc,B00,Điểm học bạ,2024,28.56,Sư phạm Toán học
46219,DPY,su-pham-toan-hoc,D01,Điểm học bạ,2024,28.56,Sư phạm Toán học
46220,DPY,su-pham-toan-hoc,A00,Điểm thi THPT,2024,25.7,Sư phạm Toán học
46221,DPY,su-pham-toan-hoc,A01,Điểm thi THPT,2024,25.7,Sư phạm Toán học
46222,DPY,su-pham-toan-hoc,B00,Điểm thi THPT,2024,25.7,Sư phạm Toán học
46223,DPY,su-pham-toan-hoc,D01,Điểm thi THPT,2024,25.7,Sư phạm Toán học
46224,DPY,su-pham-toan-hoc,A00,Điểm thi THPT,2025,23.96,Sư phạm Toán học
46225,DPY,su-pham-toan-hoc,A01,Điểm thi THPT,2025,23.96,Sư phạm Toán học
46226,DPY,su-pham-toan-hoc,A04,Điểm thi THPT,2025,23.96,Sư phạm Toán học
46227,DPY,su-pham-toan-hoc,B00,Điểm thi THPT,2025,23.96,Sư phạm Toán học
46228,DPY,su-pham-toan-hoc,D01,Điểm thi THPT,2025,23.96,Sư phạm Toán học
46229,DPY,su-pham-toan-hoc,X26,Điểm thi THPT,2025,23.96,Sư phạm Toán học
46230,DPY,viet-nam-hoc,C00,Điểm học bạ,2022,17.0,Việt Nam học
46231,DPY,viet-nam-hoc,D01,Điểm học bạ,2022,17.0,Việt Nam học
46232,DPY,viet-nam-hoc,D14,Điểm học bạ,2022,17.0,Việt Nam học
46233,DPY,viet-nam-hoc,C00,Điểm học bạ,2023,16.5,Việt Nam học
46234,DPY,viet-nam-hoc,D01,Điểm học bạ,2023,16.5,Việt Nam học
46235,DPY,viet-nam-hoc,D14,Điểm học bạ,2023,16.5,Việt Nam học
46236,DPY,viet-nam-hoc,D15,Điểm học bạ,2023,16.5,Việt Nam học
46237,DPY,viet-nam-hoc,C00,Điểm học bạ,2024,17.0,Việt Nam học
46238,DPY,viet-nam-hoc,D01,Điểm học bạ,2024,17.0,Việt Nam học
46239,DPY,viet-nam-hoc,D14,Điểm học bạ,2024,17.0,Việt Nam học
46240,DPY,viet-nam-hoc,D15,Điểm học bạ,2024,17.0,Việt Nam học
46241,DPY,viet-nam-hoc,C00,Điểm học bạ,2025,17.0,Việt Nam học
46242,DPY,viet-nam-hoc,C03,Điểm học bạ,2025,17.0,Việt Nam học
46243,DPY,viet-nam-hoc,C04,Điểm học bạ,2025,17.0,Việt Nam học
46244,DPY,viet-nam-hoc,D01,Điểm học bạ,2025,17.0,Việt Nam học
46245,DPY,viet-nam-hoc,D14,Điểm học bạ,2025,17.0,Việt Nam học
46246,DPY,viet-nam-hoc,D15,Điểm học bạ,2025,17.0,Việt Nam học
46247,DPY,viet-nam-hoc,C00,Điểm thi THPT,2025,15.0,Việt Nam học
46248,DPY,viet-nam-hoc,C03,Điểm thi THPT,2025,15.0,Việt Nam học
46249,DPY,viet-nam-hoc,C04,Điểm thi THPT,2025,15.0,Việt Nam học
46250,DPY,viet-nam-hoc,D01,Điểm thi THPT,2025,15.0,Việt Nam học
46251,DPY,viet-nam-hoc,D14,Điểm thi THPT,2025,15.0,Việt Nam học
46252,DPY,viet-nam-hoc,D15,Điểm thi THPT,2025,15.0,Việt Nam học
46253,DQB,cong-nghe-thong-tin,A00,Điểm thi THPT,2021,15.0,Công nghệ thông tin
46254,DQB,cong-nghe-thong-tin,A01,Điểm thi THPT,2021,15.0,Công nghệ thông tin
46255,DQB,cong-nghe-thong-tin,C02,Điểm thi THPT,2021,15.0,Công nghệ thông tin
46256,DQB,cong-nghe-thong-tin,D01,Điểm thi THPT,2021,15.0,Công nghệ thông tin
46257,DQB,cong-nghe-thong-tin,A00,Điểm thi THPT,2022,15.0,Công nghệ thông tin
46258,DQB,cong-nghe-thong-tin,A01,Điểm thi THPT,2022,15.0,Công nghệ thông tin
46259,DQB,cong-nghe-thong-tin,C02,Điểm thi THPT,2022,15.0,Công nghệ thông tin
46260,DQB,cong-nghe-thong-tin,D01,Điểm thi THPT,2022,15.0,Công nghệ thông tin
46261,DQB,cong-nghe-thong-tin,A00,Điểm thi THPT,2023,15.0,Công nghệ thông tin
46262,DQB,cong-nghe-thong-tin,A01,Điểm thi THPT,2023,15.0,Công nghệ thông tin
46263,DQB,cong-nghe-thong-tin,A02,Điểm thi THPT,2023,15.0,Công nghệ thông tin
46264,DQB,cong-nghe-thong-tin,D01,Điểm thi THPT,2023,15.0,Công nghệ thông tin
46265,DQB,cong-nghe-thong-tin,A00,Điểm học bạ,2024,16.0,Công nghệ thông tin
46266,DQB,cong-nghe-thong-tin,A01,Điểm học bạ,2024,16.0,Công nghệ thông tin
46267,DQB,cong-nghe-thong-tin,A02,Điểm học bạ,2024,16.0,Công nghệ thông tin
46268,DQB,cong-nghe-thong-tin,D01,Điểm học bạ,2024,16.0,Công nghệ thông tin
46269,DQB,cong-nghe-thong-tin,A00,Điểm thi THPT,2024,15.0,Công nghệ thông tin
46270,DQB,cong-nghe-thong-tin,A01,Điểm thi THPT,2024,15.0,Công nghệ thông tin
46271,DQB,cong-nghe-thong-tin,A02,Điểm thi THPT,2024,15.0,Công nghệ thông tin
46272,DQB,cong-nghe-thong-tin,D01,Điểm thi THPT,2024,15.0,Công nghệ thông tin
46273,DQB,cong-nghe-thong-tin,A00,Điểm học bạ,2025,16.0,Công nghệ thông tin
46274,DQB,cong-nghe-thong-tin,A01,Điểm học bạ,2025,16.0,Công nghệ thông tin
46275,DQB,cong-nghe-thong-tin,D01,Điểm học bạ,2025,16.0,Công nghệ thông tin
46276,DQB,cong-nghe-thong-tin,X02,Điểm học bạ,2025,16.0,Công nghệ thông tin
46277,DQB,cong-nghe-thong-tin,X06,Điểm học bạ,2025,16.0,Công nghệ thông tin
46278,DQB,cong-nghe-thong-tin,X10,Điểm học bạ,2025,16.0,Công nghệ thông tin
46279,DQB,cong-nghe-thong-tin,X22,Điểm học bạ,2025,16.0,Công nghệ thông tin
46280,DQB,cong-nghe-thong-tin,X26,Điểm học bạ,2025,16.0,Công nghệ thông tin
46281,DQB,cong-nghe-thong-tin,X75,Điểm học bạ,2025,16.0,Công nghệ thông tin
46282,DQB,cong-nghe-thong-tin,X79,Điểm học bạ,2025,16.0,Công nghệ thông tin
46283,DQB,cong-nghe-thong-tin,A00,Điểm thi THPT,2025,16.89,Công nghệ thông tin
46284,DQB,cong-nghe-thong-tin,A01,Điểm thi THPT,2025,16.21,Công nghệ thông tin
46285,DQB,cong-nghe-thong-tin,D01,Điểm thi THPT,2025,16.22,Công nghệ thông tin
46286,DQB,cong-nghe-thong-tin,X02,Điểm thi THPT,2025,17.62,Công nghệ thông tin
46287,DQB,cong-nghe-thong-tin,X06,Điểm thi THPT,2025,17.61,Công nghệ thông tin
46288,DQB,cong-nghe-thong-tin,X10,Điểm thi THPT,2025,16.68,Công nghệ thông tin
46289,DQB,cong-nghe-thong-tin,X22,Điểm thi THPT,2025,17.25,Công nghệ thông tin
46290,DQB,cong-nghe-thong-tin,X26,Điểm thi THPT,2025,16.0,Công nghệ thông tin
46291,DQB,cong-nghe-thong-tin,X75,Điểm thi THPT,2025,19.47,Công nghệ thông tin
46292,DQB,cong-nghe-thong-tin,X79,Điểm thi THPT,2025,18.22,Công nghệ thông tin
46293,DQB,dia-ly-hoc,A09,Điểm thi THPT,2021,15.0,Địa lý học
46294,DQB,dia-ly-hoc,C00,Điểm thi THPT,2021,15.0,Địa lý học
46295,DQB,dia-ly-hoc,C20,Điểm thi THPT,2021,15.0,Địa lý học
46296,DQB,dia-ly-hoc,D15,Điểm thi THPT,2021,15.0,Địa lý học
46297,DQB,dia-ly-hoc,A09,Điểm thi THPT,2022,15.0,Địa lý học
46298,DQB,dia-ly-hoc,C00,Điểm thi THPT,2022,15.0,Địa lý học
46299,DQB,dia-ly-hoc,C20,Điểm thi THPT,2022,15.0,Địa lý học
46300,DQB,dia-ly-hoc,D15,Điểm thi THPT,2022,15.0,Địa lý học
46301,DQB,giao-duc-chinh-tri,C00,Điểm thi THPT,2021,19.0,Giáo dục Chính trị
46302,DQB,giao-duc-chinh-tri,C19,Điểm thi THPT,2021,19.0,Giáo dục Chính trị
46303,DQB,giao-duc-chinh-tri,C20,Điểm thi THPT,2021,19.0,Giáo dục Chính trị
46304,DQB,giao-duc-chinh-tri,D66,Điểm thi THPT,2021,19.0,Giáo dục Chính trị
46305,DQB,giao-duc-mam-non,M05,Điểm thi THPT,2021,17.0,Giáo dục Mầm non (Cao đẳng)
46306,DQB,giao-duc-mam-non,M06,Điểm thi THPT,2021,17.0,Giáo dục Mầm non (Cao đẳng)
46307,DQB,giao-duc-mam-non,M07,Điểm thi THPT,2021,17.0,Giáo dục Mầm non (Cao đẳng)
46308,DQB,giao-duc-mam-non,M14,Điểm thi THPT,2021,17.0,Giáo dục Mầm non (Cao đẳng)
46309,DQB,giao-duc-mam-non,M05,Điểm thi THPT,2022,19.0,Giáo dục Mầm non
46310,DQB,giao-duc-mam-non,M06,Điểm thi THPT,2022,19.0,Giáo dục Mầm non
46311,DQB,giao-duc-mam-non,M07,Điểm thi THPT,2022,19.0,Giáo dục Mầm non
46312,DQB,giao-duc-mam-non,M14,Điểm thi THPT,2022,19.0,Giáo dục Mầm non
46313,DQB,giao-duc-mam-non,M05,Điểm thi THPT,2023,19.0,Giáo dục Mầm non
46314,DQB,giao-duc-mam-non,M06,Điểm thi THPT,2023,19.0,Giáo dục Mầm non
46315,DQB,giao-duc-mam-non,M07,Điểm thi THPT,2023,19.0,Giáo dục Mầm non
46316,DQB,giao-duc-mam-non,M14,Điểm thi THPT,2023,19.0,Giáo dục Mầm non
46317,DQB,giao-duc-mam-non,M05,Điểm học bạ,2024,21.0,Giáo dục Mầm non
46318,DQB,giao-duc-mam-non,M06,Điểm học bạ,2024,21.0,Giáo dục Mầm non
46319,DQB,giao-duc-mam-non,M07,Điểm học bạ,2024,21.0,Giáo dục Mầm non
46320,DQB,giao-duc-mam-non,M14,Điểm học bạ,2024,21.0,Giáo dục Mầm non
46321,DQB,giao-duc-mam-non,M05,Điểm thi THPT,2024,23.05,Giáo dục Mầm non
46322,DQB,giao-duc-mam-non,M06,Điểm thi THPT,2024,23.05,Giáo dục Mầm non
46323,DQB,giao-duc-mam-non,M07,Điểm thi THPT,2024,23.05,Giáo dục Mầm non
46324,DQB,giao-duc-mam-non,M14,Điểm thi THPT,2024,23.05,Giáo dục Mầm non
46325,DQB,giao-duc-mam-non,M05,Điểm thi THPT,2025,22.56,Giáo dục mầm non
46326,DQB,giao-duc-mam-non,M06,Điểm thi THPT,2025,20.82,Giáo dục mầm non
46327,DQB,giao-duc-mam-non,M07,Điểm thi THPT,2025,22.67,Giáo dục mầm non
46328,DQB,giao-duc-mam-non,M10,Điểm thi THPT,2025,19.2,Giáo dục mầm non
46329,DQB,giao-duc-mam-non,M11,Điểm thi THPT,2025,21.42,Giáo dục mầm non
46330,DQB,giao-duc-mam-non,M13,Điểm thi THPT,2025,19.6,Giáo dục mầm non
46331,DQB,giao-duc-mam-non,M14,Điểm thi THPT,2025,20.45,Giáo dục mầm non
46332,DQB,giao-duc-the-chat,T00,Điểm thi THPT,2021,18.0,Giáo dục Thể chất
46333,DQB,giao-duc-the-chat,T02,Điểm thi THPT,2021,18.0,Giáo dục Thể chất
46334,DQB,giao-duc-the-chat,T05,Điểm thi THPT,2021,18.0,Giáo dục Thể chất
46335,DQB,giao-duc-the-chat,T07,Điểm thi THPT,2021,18.0,Giáo dục Thể chất
46336,DQB,giao-duc-the-chat,T00,Điểm học bạ,2024,23.43,Giáo dục Thể chất
46337,DQB,giao-duc-the-chat,T02,Điểm học bạ,2024,23.43,Giáo dục Thể chất
46338,DQB,giao-duc-the-chat,T05,Điểm học bạ,2024,23.43,Giáo dục Thể chất
46339,DQB,giao-duc-the-chat,T07,Điểm học bạ,2024,23.43,Giáo dục Thể chất
46340,DQB,giao-duc-the-chat,T00,Điểm thi THPT,2024,21.5,Giáo dục Thể chất
46341,DQB,giao-duc-the-chat,T02,Điểm thi THPT,2024,21.5,Giáo dục Thể chất
46342,DQB,giao-duc-the-chat,T05,Điểm thi THPT,2024,21.5,Giáo dục Thể chất
46343,DQB,giao-duc-the-chat,T07,Điểm thi THPT,2024,21.5,Giáo dục Thể chất
46344,DQB,giao-duc-tieu-hoc,A00,Điểm thi THPT,2021,20.5,Giáo dục Tiểu học
46345,DQB,giao-duc-tieu-hoc,C00,Điểm thi THPT,2021,20.5,Giáo dục Tiểu học
46346,DQB,giao-duc-tieu-hoc,C14,Điểm thi THPT,2021,20.5,Giáo dục Tiểu học
46347,DQB,giao-duc-tieu-hoc,D01,Điểm thi THPT,2021,20.5,Giáo dục Tiểu học
46348,DQB,giao-duc-tieu-hoc,A00,Điểm thi THPT,2022,23.5,Giáo dục Tiểu học
46349,DQB,giao-duc-tieu-hoc,C00,Điểm thi THPT,2022,23.5,Giáo dục Tiểu học
46350,DQB,giao-duc-tieu-hoc,C14,Điểm thi THPT,2022,23.5,Giáo dục Tiểu học
46351,DQB,giao-duc-tieu-hoc,D01,Điểm thi THPT,2022,23.5,Giáo dục Tiểu học
46352,DQB,giao-duc-tieu-hoc,A00,Điểm thi THPT,2023,24.0,Giáo dục Tiểu học
46353,DQB,giao-duc-tieu-hoc,C00,Điểm thi THPT,2023,24.0,Giáo dục Tiểu học
46354,DQB,giao-duc-tieu-hoc,C14,Điểm thi THPT,2023,24.0,Giáo dục Tiểu học
46355,DQB,giao-duc-tieu-hoc,D01,Điểm thi THPT,2023,24.0,Giáo dục Tiểu học
46356,DQB,giao-duc-tieu-hoc,A00,Điểm học bạ,2024,27.0,Giáo dục Tiểu học
46357,DQB,giao-duc-tieu-hoc,C00,Điểm học bạ,2024,27.0,Giáo dục Tiểu học
46358,DQB,giao-duc-tieu-hoc,C14,Điểm học bạ,2024,27.0,Giáo dục Tiểu học
46359,DQB,giao-duc-tieu-hoc,D01,Điểm học bạ,2024,27.0,Giáo dục Tiểu học
46360,DQB,giao-duc-tieu-hoc,A00,Điểm thi THPT,2024,26.61,Giáo dục Tiểu học
46361,DQB,giao-duc-tieu-hoc,C00,Điểm thi THPT,2024,26.61,Giáo dục Tiểu học
46362,DQB,giao-duc-tieu-hoc,C14,Điểm thi THPT,2024,26.61,Giáo dục Tiểu học
46363,DQB,giao-duc-tieu-hoc,D01,Điểm thi THPT,2024,26.61,Giáo dục Tiểu học
46364,DQB,giao-duc-tieu-hoc,A00,Điểm thi THPT,2025,23.93,Giáo dục Tiểu học
46365,DQB,giao-duc-tieu-hoc,A01,Điểm thi THPT,2025,23.25,Giáo dục Tiểu học
46366,DQB,giao-duc-tieu-hoc,C00,Điểm thi THPT,2025,26.25,Giáo dục Tiểu học
46367,DQB,giao-duc-tieu-hoc,C01,Điểm thi THPT,2025,24.87,Giáo dục Tiểu học
46368,DQB,giao-duc-tieu-hoc,C04,Điểm thi THPT,2025,24.87,Giáo dục Tiểu học
46369,DQB,giao-duc-tieu-hoc,C14,Điểm thi THPT,2025,25.57,Giáo dục Tiểu học
46370,DQB,giao-duc-tieu-hoc,C20,Điểm thi THPT,2025,27.42,Giáo dục Tiểu học
46371,DQB,giao-duc-tieu-hoc,D01,Điểm thi THPT,2025,23.26,Giáo dục Tiểu học
46372,DQB,giao-duc-tieu-hoc,X01,Điểm thi THPT,2025,25.57,Giáo dục Tiểu học
46373,DQB,ke-toan,A00,Điểm thi THPT,2021,15.0,Kế toán
46374,DQB,ke-toan,A01,Điểm thi THPT,2021,15.0,Kế toán
46375,DQB,ke-toan,C02,Điểm thi THPT,2021,15.0,Kế toán
46376,DQB,ke-toan,D01,Điểm thi THPT,2021,15.0,Kế toán
46377,DQB,ke-toan,A00,Điểm thi THPT,2022,15.0,Kế toán
46378,DQB,ke-toan,A01,Điểm thi THPT,2022,15.0,Kế toán
46379,DQB,ke-toan,C02,Điểm thi THPT,2022,15.0,Kế toán
46380,DQB,ke-toan,D01,Điểm thi THPT,2022,15.0,Kế toán
46381,DQB,ke-toan,A01,Điểm thi THPT,2023,15.0,Kế toán
46382,DQB,ke-toan,A09,Điểm thi THPT,2023,15.0,Kế toán
46383,DQB,ke-toan,C02,Điểm thi THPT,2023,15.0,Kế toán
46384,DQB,ke-toan,D01,Điểm thi THPT,2023,15.0,Kế toán
46385,DQB,ke-toan,A01,Điểm học bạ,2024,16.0,Kế toán
46386,DQB,ke-toan,A09,Điểm học bạ,2024,16.0,Kế toán
46387,DQB,ke-toan,C02,Điểm học bạ,2024,16.0,Kế toán
46388,DQB,ke-toan,D01,Điểm học bạ,2024,16.0,Kế toán
46389,DQB,ke-toan,A01,Điểm thi THPT,2024,15.0,Kế toán
46390,DQB,ke-toan,A09,Điểm thi THPT,2024,15.0,Kế toán
46391,DQB,ke-toan,C02,Điểm thi THPT,2024,15.0,Kế toán
46392,DQB,ke-toan,D01,Điểm thi THPT,2024,15.0,Kế toán
46393,DQB,ke-toan,A01,Điểm học bạ,2025,15.0,Kế toán
46394,DQB,ke-toan,A03,Điểm học bạ,2025,15.0,Kế toán
46395,DQB,ke-toan,A09,Điểm học bạ,2025,15.0,Kế toán
46396,DQB,ke-toan,C02,Điểm học bạ,2025,15.0,Kế toán
46397,DQB,ke-toan,D01,Điểm học bạ,2025,15.0,Kế toán
46398,DQB,ke-toan,D10,Điểm học bạ,2025,15.0,Kế toán
46399,DQB,ke-toan,X01,Điểm học bạ,2025,15.0,Kế toán
46400,DQB,ke-toan,A01,Điểm thi THPT,2025,15.36,Kế toán
46401,DQB,ke-toan,A03,Điểm thi THPT,2025,16.5,Kế toán
46402,DQB,ke-toan,A09,Điểm thi THPT,2025,17.31,Kế toán
46403,DQB,ke-toan,C02,Điểm thi THPT,2025,16.05,Kế toán
46404,DQB,ke-toan,D01,Điểm thi THPT,2025,15.37,Kế toán
46405,DQB,ke-toan,D10,Điểm thi THPT,2025,15.0,Kế toán
46406,DQB,ke-toan,X01,Điểm thi THPT,2025,17.68,Kế toán
46407,DQB,ngon-ngu-anh,D01,Điểm thi THPT,2021,15.0,Ngôn ngữ Anh
46408,DQB,ngon-ngu-anh,D09,Điểm thi THPT,2021,15.0,Ngôn ngữ Anh
46409,DQB,ngon-ngu-anh,D14,Điểm thi THPT,2021,15.0,Ngôn ngữ Anh
46410,DQB,ngon-ngu-anh,D15,Điểm thi THPT,2021,15.0,Ngôn ngữ Anh
46411,DQB,ngon-ngu-anh,D01,Điểm thi THPT,2022,15.0,Ngôn ngữ Anh
46412,DQB,ngon-ngu-anh,D09,Điểm thi THPT,2022,15.0,Ngôn ngữ Anh
46413,DQB,ngon-ngu-anh,D14,Điểm thi THPT,2022,15.0,Ngôn ngữ Anh
46414,DQB,ngon-ngu-anh,D15,Điểm thi THPT,2022,15.0,Ngôn ngữ Anh
46415,DQB,ngon-ngu-anh,D01,Điểm thi THPT,2023,15.0,Ngôn ngữ Anh
46416,DQB,ngon-ngu-anh,D09,Điểm thi THPT,2023,15.0,Ngôn ngữ Anh
46417,DQB,ngon-ngu-anh,D14,Điểm thi THPT,2023,15.0,Ngôn ngữ Anh
46418,DQB,ngon-ngu-anh,D15,Điểm thi THPT,2023,15.0,Ngôn ngữ Anh
46419,DQB,ngon-ngu-anh,D01,Điểm học bạ,2024,16.0,Ngôn ngữ Anh
46420,DQB,ngon-ngu-anh,D09,Điểm học bạ,2024,16.0,Ngôn ngữ Anh
46421,DQB,ngon-ngu-anh,D14,Điểm học bạ,2024,16.0,Ngôn ngữ Anh
46422,DQB,ngon-ngu-anh,D15,Điểm học bạ,2024,16.0,Ngôn ngữ Anh
46423,DQB,ngon-ngu-anh,D01,Điểm thi THPT,2024,15.0,Ngôn ngữ Anh
46424,DQB,ngon-ngu-anh,D09,Điểm thi THPT,2024,15.0,Ngôn ngữ Anh
46425,DQB,ngon-ngu-anh,D14,Điểm thi THPT,2024,15.0,Ngôn ngữ Anh
46426,DQB,ngon-ngu-anh,D15,Điểm thi THPT,2024,15.0,Ngôn ngữ Anh
46427,DQB,ngon-ngu-anh,A01,Điểm học bạ,2025,15.0,Ngôn ngữ Anh
46428,DQB,ngon-ngu-anh,D01,Điểm học bạ,2025,15.0,Ngôn ngữ Anh
46429,DQB,ngon-ngu-anh,D09,Điểm học bạ,2025,15.0,Ngôn ngữ Anh
46430,DQB,ngon-ngu-anh,D10,Điểm học bạ,2025,15.0,Ngôn ngữ Anh
46431,DQB,ngon-ngu-anh,D14,Điểm học bạ,2025,15.0,Ngôn ngữ Anh
46432,DQB,ngon-ngu-anh,D15,Điểm học bạ,2025,15.0,Ngôn ngữ Anh
46433,DQB,ngon-ngu-anh,A01,Điểm thi THPT,2025,15.47,Ngôn ngữ Anh
46434,DQB,ngon-ngu-anh,D01,Điểm thi THPT,2025,15.48,Ngôn ngữ Anh
46435,DQB,ngon-ngu-anh,D09,Điểm thi THPT,2025,15.0,Ngôn ngữ Anh
46436,DQB,ngon-ngu-anh,D10,Điểm thi THPT,2025,15.11,Ngôn ngữ Anh
46437,DQB,ngon-ngu-anh,D14,Điểm thi THPT,2025,17.22,Ngôn ngữ Anh
46438,DQB,ngon-ngu-anh,D15,Điểm thi THPT,2025,17.33,Ngôn ngữ Anh
46439,DQB,ngon-ngu-trung-quoc,D01,Điểm thi THPT,2021,15.0,Ngôn ngữ Trung Quốc
46440,DQB,ngon-ngu-trung-quoc,D09,Điểm thi THPT,2021,15.0,Ngôn ngữ Trung Quốc
46441,DQB,ngon-ngu-trung-quoc,D14,Điểm thi THPT,2021,15.0,Ngôn ngữ Trung Quốc
46442,DQB,ngon-ngu-trung-quoc,D15,Điểm thi THPT,2021,15.0,Ngôn ngữ Trung Quốc
46443,DQB,ngon-ngu-trung-quoc,D01,Điểm thi THPT,2022,15.0,Ngôn ngữ Trung Quốc
46444,DQB,ngon-ngu-trung-quoc,D09,Điểm thi THPT,2022,15.0,Ngôn ngữ Trung Quốc
46445,DQB,ngon-ngu-trung-quoc,D14,Điểm thi THPT,2022,15.0,Ngôn ngữ Trung Quốc
46446,DQB,ngon-ngu-trung-quoc,D15,Điểm thi THPT,2022,15.0,Ngôn ngữ Trung Quốc
46447,DQB,ngon-ngu-trung-quoc,D01,Điểm thi THPT,2023,15.0,Ngôn ngữ Trung Quốc
46448,DQB,ngon-ngu-trung-quoc,D09,Điểm thi THPT,2023,15.0,Ngôn ngữ Trung Quốc
46449,DQB,ngon-ngu-trung-quoc,D14,Điểm thi THPT,2023,15.0,Ngôn ngữ Trung Quốc
46450,DQB,ngon-ngu-trung-quoc,D15,Điểm thi THPT,2023,15.0,Ngôn ngữ Trung Quốc
46451,DQB,ngon-ngu-trung-quoc,D01,Điểm học bạ,2024,16.0,Ngôn ngữ Trung Quốc
46452,DQB,ngon-ngu-trung-quoc,D09,Điểm học bạ,2024,16.0,Ngôn ngữ Trung Quốc
46453,DQB,ngon-ngu-trung-quoc,D14,Điểm học bạ,2024,16.0,Ngôn ngữ Trung Quốc
46454,DQB,ngon-ngu-trung-quoc,D15,Điểm học bạ,2024,16.0,Ngôn ngữ Trung Quốc
46455,DQB,ngon-ngu-trung-quoc,D01,Điểm thi THPT,2024,15.0,Ngôn ngữ Trung Quốc
46456,DQB,ngon-ngu-trung-quoc,D09,Điểm thi THPT,2024,15.0,Ngôn ngữ Trung Quốc
46457,DQB,ngon-ngu-trung-quoc,D14,Điểm thi THPT,2024,15.0,Ngôn ngữ Trung Quốc
46458,DQB,ngon-ngu-trung-quoc,D15,Điểm thi THPT,2024,15.0,Ngôn ngữ Trung Quốc
46459,DQB,ngon-ngu-trung-quoc,D01,Điểm học bạ,2025,15.0,Ngôn ngữ Trung Quốc
46460,DQB,ngon-ngu-trung-quoc,D04,Điểm học bạ,2025,15.0,Ngôn ngữ Trung Quốc
46461,DQB,ngon-ngu-trung-quoc,D14,Điểm học bạ,2025,15.0,Ngôn ngữ Trung Quốc
46462,DQB,ngon-ngu-trung-quoc,D15,Điểm học bạ,2025,15.0,Ngôn ngữ Trung Quốc
46463,DQB,ngon-ngu-trung-quoc,D45,Điểm học bạ,2025,15.0,Ngôn ngữ Trung Quốc
46464,DQB,ngon-ngu-trung-quoc,D65,Điểm học bạ,2025,15.0,Ngôn ngữ Trung Quốc
46465,DQB,ngon-ngu-trung-quoc,D66,Điểm học bạ,2025,15.0,Ngôn ngữ Trung Quốc
46466,DQB,ngon-ngu-trung-quoc,X78,Điểm học bạ,2025,15.0,Ngôn ngữ Trung Quốc
46467,DQB,ngon-ngu-trung-quoc,D01,Điểm thi THPT,2025,15.0,Ngôn ngữ Trung Quốc
46468,DQB,ngon-ngu-trung-quoc,D04,Điểm thi THPT,2025,15.0,Ngôn ngữ Trung Quốc
46469,DQB,ngon-ngu-trung-quoc,D14,Điểm thi THPT,2025,16.74,Ngôn ngữ Trung Quốc
46470,DQB,ngon-ngu-trung-quoc,D15,Điểm thi THPT,2025,16.85,Ngôn ngữ Trung Quốc
46471,DQB,ngon-ngu-trung-quoc,D45,Điểm thi THPT,2025,16.85,Ngôn ngữ Trung Quốc
46472,DQB,ngon-ngu-trung-quoc,D65,Điểm thi THPT,2025,16.74,Ngôn ngữ Trung Quốc
46473,DQB,ngon-ngu-trung-quoc,D66,Điểm thi THPT,2025,17.91,Ngôn ngữ Trung Quốc
46474,DQB,ngon-ngu-trung-quoc,X78,Điểm thi THPT,2025,17.91,Ngôn ngữ Trung Quốc
46475,DQB,nong-nghiep,A00,Điểm thi THPT,2021,15.0,Nông nghiệp
46476,DQB,nong-nghiep,A09,Điểm thi THPT,2021,15.0,Nông nghiệp
46477,DQB,nong-nghiep,B03,Điểm thi THPT,2021,15.0,Nông nghiệp
46478,DQB,nong-nghiep,C13,Điểm thi THPT,2021,15.0,Nông nghiệp
46479,DQB,nong-nghiep,A00,Điểm thi THPT,2022,15.0,Nông nghiệp
46480,DQB,nong-nghiep,A09,Điểm thi THPT,2022,15.0,Nông nghiệp
46481,DQB,nong-nghiep,B03,Điểm thi THPT,2022,15.0,Nông nghiệp
46482,DQB,nong-nghiep,C13,Điểm thi THPT,2022,15.0,Nông nghiệp
46483,DQB,nong-nghiep,A00,Điểm thi THPT,2023,15.0,Nông nghiệp
46484,DQB,nong-nghiep,A09,Điểm thi THPT,2023,15.0,Nông nghiệp
46485,DQB,nong-nghiep,B03,Điểm thi THPT,2023,15.0,Nông nghiệp
46486,DQB,nong-nghiep,C13,Điểm thi THPT,2023,15.0,Nông nghiệp
46487,DQB,nong-nghiep,A00,Điểm thi THPT,2024,15.0,Nông nghiệp
46488,DQB,nong-nghiep,A09,Điểm thi THPT,2024,15.0,Nông nghiệp
46489,DQB,nong-nghiep,B03,Điểm thi THPT,2024,15.0,Nông nghiệp
46490,DQB,nong-nghiep,C13,Điểm thi THPT,2024,15.0,Nông nghiệp
46491,DQB,nong-nghiep,B03,Điểm học bạ,2025,15.0,Nông nghiệp
46492,DQB,nong-nghiep,C01,Điểm học bạ,2025,15.0,Nông nghiệp
46493,DQB,nong-nghiep,C02,Điểm học bạ,2025,15.0,Nông nghiệp
46494,DQB,nong-nghiep,C03,Điểm học bạ,2025,15.0,Nông nghiệp
46495,DQB,nong-nghiep,D01,Điểm học bạ,2025,15.0,Nông nghiệp
46496,DQB,nong-nghiep,X01,Điểm học bạ,2025,15.0,Nông nghiệp
46497,DQB,nong-nghiep,X02,Điểm học bạ,2025,15.0,Nông nghiệp
46498,DQB,nong-nghiep,X04,Điểm học bạ,2025,15.0,Nông nghiệp
46499,DQB,nong-nghiep,X17,Điểm học bạ,2025,15.0,Nông nghiệp
46500,DQB,nong-nghiep,X21,Điểm học bạ,2025,15.0,Nông nghiệp
46501,DQB,nong-nghiep,B03,Điểm thi THPT,2025,15.4,Nông nghiệp
46502,DQB,nong-nghiep,C01,Điểm thi THPT,2025,16.61,Nông nghiệp
46503,DQB,nong-nghiep,C02,Điểm thi THPT,2025,15.68,Nông nghiệp
46504,DQB,nong-nghiep,C03,Điểm thi THPT,2025,16.14,Nông nghiệp
46505,DQB,nong-nghiep,D01,Điểm thi THPT,2025,15.0,Nông nghiệp
46506,DQB,nong-nghiep,X01,Điểm thi THPT,2025,17.31,Nông nghiệp
46507,DQB,nong-nghiep,X02,Điểm thi THPT,2025,16.4,Nông nghiệp
46508,DQB,nong-nghiep,X04,Điểm thi THPT,2025,17.34,Nông nghiệp
46509,DQB,nong-nghiep,X17,Điểm thi THPT,2025,16.83,Nông nghiệp
46510,DQB,nong-nghiep,X21,Điểm thi THPT,2025,16.94,Nông nghiệp
46511,DQB,nong-nghiep-khoa-hoc-cay-trong-chan-nuoi,A00,Điểm học bạ,2024,16.0,Nông nghiệp - Khoa học cây trồng - Chăn nuôi
46512,DQB,nong-nghiep-khoa-hoc-cay-trong-chan-nuoi,A09,Điểm học bạ,2024,16.0,Nông nghiệp - Khoa học cây trồng - Chăn nuôi
46513,DQB,nong-nghiep-khoa-hoc-cay-trong-chan-nuoi,B03,Điểm học bạ,2024,16.0,Nông nghiệp - Khoa học cây trồng - Chăn nuôi
46514,DQB,nong-nghiep-khoa-hoc-cay-trong-chan-nuoi,C13,Điểm học bạ,2024,16.0,Nông nghiệp - Khoa học cây trồng - Chăn nuôi
46515,DQB,quan-ly-tai-nguyen-va-moi-truong,A00,Điểm thi THPT,2022,15.0,Quản lý Tài nguyên và Môi trường
46516,DQB,quan-ly-tai-nguyen-va-moi-truong,B03,Điểm thi THPT,2022,15.0,Quản lý Tài nguyên và Môi trường
46517,DQB,quan-ly-tai-nguyen-va-moi-truong,C04,Điểm thi THPT,2022,15.0,Quản lý Tài nguyên và Môi trường
46518,DQB,quan-ly-tai-nguyen-va-moi-truong,D01,Điểm thi THPT,2022,15.0,Quản lý Tài nguyên và Môi trường
46519,DQB,quan-ly-tai-nguyen-va-moi-truong,A00,Điểm thi THPT,2023,15.0,Quản lý Tài nguyên và Môi trường
46520,DQB,quan-ly-tai-nguyen-va-moi-truong,B03,Điểm thi THPT,2023,15.0,Quản lý Tài nguyên và Môi trường
46521,DQB,quan-ly-tai-nguyen-va-moi-truong,C04,Điểm thi THPT,2023,15.0,Quản lý Tài nguyên và Môi trường
46522,DQB,quan-ly-tai-nguyen-va-moi-truong,D01,Điểm thi THPT,2023,15.0,Quản lý Tài nguyên và Môi trường
46523,DQB,quan-ly-tai-nguyen-va-moi-truong,A00,Điểm học bạ,2024,16.0,Quản lý tài nguyên và môi trường
46524,DQB,quan-ly-tai-nguyen-va-moi-truong,B03,Điểm học bạ,2024,16.0,Quản lý tài nguyên và môi trường
46525,DQB,quan-ly-tai-nguyen-va-moi-truong,C04,Điểm học bạ,2024,16.0,Quản lý tài nguyên và môi trường
46526,DQB,quan-ly-tai-nguyen-va-moi-truong,D01,Điểm học bạ,2024,16.0,Quản lý tài nguyên và môi trường
46527,DQB,quan-ly-tai-nguyen-va-moi-truong,A00,Điểm thi THPT,2024,15.0,Quản lý tài nguyên và môi trường
46528,DQB,quan-ly-tai-nguyen-va-moi-truong,B03,Điểm thi THPT,2024,15.0,Quản lý tài nguyên và môi trường
46529,DQB,quan-ly-tai-nguyen-va-moi-truong,C04,Điểm thi THPT,2024,15.0,Quản lý tài nguyên và môi trường
46530,DQB,quan-ly-tai-nguyen-va-moi-truong,D01,Điểm thi THPT,2024,15.0,Quản lý tài nguyên và môi trường
46531,DQB,quan-ly-tai-nguyen-va-moi-truong,B03,Điểm học bạ,2025,15.0,Quản lý tài nguyên và môi trường
46532,DQB,quan-ly-tai-nguyen-va-moi-truong,C01,Điểm học bạ,2025,15.0,Quản lý tài nguyên và môi trường
46533,DQB,quan-ly-tai-nguyen-va-moi-truong,C02,Điểm học bạ,2025,15.0,Quản lý tài nguyên và môi trường
46534,DQB,quan-ly-tai-nguyen-va-moi-truong,C03,Điểm học bạ,2025,15.0,Quản lý tài nguyên và môi trường
46535,DQB,quan-ly-tai-nguyen-va-moi-truong,D01,Điểm học bạ,2025,15.0,Quản lý tài nguyên và môi trường
46536,DQB,quan-ly-tai-nguyen-va-moi-truong,X01,Điểm học bạ,2025,15.0,Quản lý tài nguyên và môi trường
46537,DQB,quan-ly-tai-nguyen-va-moi-truong,X02,Điểm học bạ,2025,15.0,Quản lý tài nguyên và môi trường
46538,DQB,quan-ly-tai-nguyen-va-moi-truong,X04,Điểm học bạ,2025,15.0,Quản lý tài nguyên và môi trường
46539,DQB,quan-ly-tai-nguyen-va-moi-truong,X17,Điểm học bạ,2025,15.0,Quản lý tài nguyên và môi trường
46540,DQB,quan-ly-tai-nguyen-va-moi-truong,X21,Điểm học bạ,2025,15.0,Quản lý tài nguyên và môi trường
46541,DQB,quan-ly-tai-nguyen-va-moi-truong,B03,Điểm thi THPT,2025,15.4,Quản lý tài nguyên và môi trường
46542,DQB,quan-ly-tai-nguyen-va-moi-truong,C01,Điểm thi THPT,2025,16.61,Quản lý tài nguyên và môi trường
46543,DQB,quan-ly-tai-nguyen-va-moi-truong,C02,Điểm thi THPT,2025,15.68,Quản lý tài nguyên và môi trường
46544,DQB,quan-ly-tai-nguyen-va-moi-truong,C03,Điểm thi THPT,2025,16.14,Quản lý tài nguyên và môi trường
46545,DQB,quan-ly-tai-nguyen-va-moi-truong,D01,Điểm thi THPT,2025,15.0,Quản lý tài nguyên và môi trường
46546,DQB,quan-ly-tai-nguyen-va-moi-truong,X01,Điểm thi THPT,2025,17.31,Quản lý tài nguyên và môi trường
46547,DQB,quan-ly-tai-nguyen-va-moi-truong,X02,Điểm thi THPT,2025,16.4,Quản lý tài nguyên và môi trường
46548,DQB,quan-ly-tai-nguyen-va-moi-truong,X04,Điểm thi THPT,2025,17.34,Quản lý tài nguyên và môi trường
46549,DQB,quan-ly-tai-nguyen-va-moi-truong,X17,Điểm thi THPT,2025,16.83,Quản lý tài nguyên và môi trường
46550,DQB,quan-ly-tai-nguyen-va-moi-truong,X21,Điểm thi THPT,2025,16.94,Quản lý tài nguyên và môi trường
46551,DQB,quan-tri-dich-vu-du-lich-va-lu-hanh,A00,Điểm thi THPT,2021,15.0,Quản trị dịch vụ du lịch và lữ hành
46552,DQB,quan-tri-dich-vu-du-lich-va-lu-hanh,C03,Điểm thi THPT,2021,15.0,Quản trị dịch vụ du lịch và lữ hành
46553,DQB,quan-tri-dich-vu-du-lich-va-lu-hanh,C04,Điểm thi THPT,2021,15.0,Quản trị dịch vụ du lịch và lữ hành
46554,DQB,quan-tri-dich-vu-du-lich-va-lu-hanh,D01,Điểm thi THPT,2021,15.0,Quản trị dịch vụ du lịch và lữ hành
46555,DQB,quan-tri-dich-vu-du-lich-va-lu-hanh,A00,Điểm thi THPT,2022,15.0,Quản trị dịch vụ du lịch và lữ hành
46556,DQB,quan-tri-dich-vu-du-lich-va-lu-hanh,C03,Điểm thi THPT,2022,15.0,Quản trị dịch vụ du lịch và lữ hành
46557,DQB,quan-tri-dich-vu-du-lich-va-lu-hanh,C04,Điểm thi THPT,2022,15.0,Quản trị dịch vụ du lịch và lữ hành
46558,DQB,quan-tri-dich-vu-du-lich-va-lu-hanh,D01,Điểm thi THPT,2022,15.0,Quản trị dịch vụ du lịch và lữ hành
46559,DQB,quan-tri-dich-vu-du-lich-va-lu-hanh,C00,Điểm thi THPT,2023,15.0,Quản trị dịch vụ du lịch và lữ hành
46560,DQB,quan-tri-dich-vu-du-lich-va-lu-hanh,C03,Điểm thi THPT,2023,15.0,Quản trị dịch vụ du lịch và lữ hành
46561,DQB,quan-tri-dich-vu-du-lich-va-lu-hanh,D01,Điểm thi THPT,2023,15.0,Quản trị dịch vụ du lịch và lữ hành
46562,DQB,quan-tri-dich-vu-du-lich-va-lu-hanh,D15,Điểm thi THPT,2023,15.0,Quản trị dịch vụ du lịch và lữ hành
46563,DQB,quan-tri-dich-vu-du-lich-va-lu-hanh,C00,Điểm học bạ,2024,16.0,Quản trị dịch vụ du lịch và lữ hành
46564,DQB,quan-tri-dich-vu-du-lich-va-lu-hanh,C03,Điểm học bạ,2024,16.0,Quản trị dịch vụ du lịch và lữ hành
46565,DQB,quan-tri-dich-vu-du-lich-va-lu-hanh,D01,Điểm học bạ,2024,16.0,Quản trị dịch vụ du lịch và lữ hành
46566,DQB,quan-tri-dich-vu-du-lich-va-lu-hanh,D15,Điểm học bạ,2024,16.0,Quản trị dịch vụ du lịch và lữ hành
46567,DQB,quan-tri-dich-vu-du-lich-va-lu-hanh,C00,Điểm thi THPT,2024,15.0,Quản trị dịch vụ du lịch và lữ hành
46568,DQB,quan-tri-dich-vu-du-lich-va-lu-hanh,C03,Điểm thi THPT,2024,15.0,Quản trị dịch vụ du lịch và lữ hành
46569,DQB,quan-tri-dich-vu-du-lich-va-lu-hanh,D01,Điểm thi THPT,2024,15.0,Quản trị dịch vụ du lịch và lữ hành
46570,DQB,quan-tri-dich-vu-du-lich-va-lu-hanh,D15,Điểm thi THPT,2024,15.0,Quản trị dịch vụ du lịch và lữ hành
46571,DQB,quan-tri-dich-vu-du-lich-va-lu-hanh,C00,Điểm học bạ,2025,15.0,Quản trị dịch vụ du lịch và lữ hành
46572,DQB,quan-tri-dich-vu-du-lich-va-lu-hanh,C03,Điểm học bạ,2025,15.0,Quản trị dịch vụ du lịch và lữ hành
46573,DQB,quan-tri-dich-vu-du-lich-va-lu-hanh,C04,Điểm học bạ,2025,15.0,Quản trị dịch vụ du lịch và lữ hành
46574,DQB,quan-tri-dich-vu-du-lich-va-lu-hanh,D01,Điểm học bạ,2025,15.0,Quản trị dịch vụ du lịch và lữ hành
46575,DQB,quan-tri-dich-vu-du-lich-va-lu-hanh,D14,Điểm học bạ,2025,15.0,Quản trị dịch vụ du lịch và lữ hành
46576,DQB,quan-tri-dich-vu-du-lich-va-lu-hanh,D15,Điểm học bạ,2025,15.0,Quản trị dịch vụ du lịch và lữ hành
46577,DQB,quan-tri-dich-vu-du-lich-va-lu-hanh,C00,Điểm thi THPT,2025,17.99,Quản trị dịch vụ du lịch và lữ hành
46578,DQB,quan-tri-dich-vu-du-lich-va-lu-hanh,C03,Điểm thi THPT,2025,16.14,Quản trị dịch vụ du lịch và lữ hành
46579,DQB,quan-tri-dich-vu-du-lich-va-lu-hanh,C04,Điểm thi THPT,2025,16.25,Quản trị dịch vụ du lịch và lữ hành
46580,DQB,quan-tri-dich-vu-du-lich-va-lu-hanh,D01,Điểm thi THPT,2025,15.0,Quản trị dịch vụ du lịch và lữ hành
46581,DQB,quan-tri-dich-vu-du-lich-va-lu-hanh,D14,Điểm thi THPT,2025,16.74,Quản trị dịch vụ du lịch và lữ hành
46582,DQB,quan-tri-dich-vu-du-lich-va-lu-hanh,D15,Điểm thi THPT,2025,16.85,Quản trị dịch vụ du lịch và lữ hành
46583,DQB,quan-tri-kinh-doanh,A00,Điểm thi THPT,2021,15.0,Quản trị kinh doanh
46584,DQB,quan-tri-kinh-doanh,A01,Điểm thi THPT,2021,15.0,Quản trị kinh doanh
46585,DQB,quan-tri-kinh-doanh,C02,Điểm thi THPT,2021,15.0,Quản trị kinh doanh
46586,DQB,quan-tri-kinh-doanh,D01,Điểm thi THPT,2021,15.0,Quản trị kinh doanh
46587,DQB,quan-tri-kinh-doanh,A00,Điểm thi THPT,2022,15.0,Quản trị kinh doanh
46588,DQB,quan-tri-kinh-doanh,A01,Điểm thi THPT,2022,15.0,Quản trị kinh doanh
46589,DQB,quan-tri-kinh-doanh,C02,Điểm thi THPT,2022,15.0,Quản trị kinh doanh
46590,DQB,quan-tri-kinh-doanh,D01,Điểm thi THPT,2022,15.0,Quản trị kinh doanh
46591,DQB,quan-tri-kinh-doanh,A01,Điểm thi THPT,2023,15.0,Quản trị kinh doanh
46592,DQB,quan-tri-kinh-doanh,A03,Điểm thi THPT,2023,15.0,Quản trị kinh doanh
46593,DQB,quan-tri-kinh-doanh,C03,Điểm thi THPT,2023,15.0,Quản trị kinh doanh
46594,DQB,quan-tri-kinh-doanh,D01,Điểm thi THPT,2023,15.0,Quản trị kinh doanh
46595,DQB,quan-tri-kinh-doanh,A01,Điểm học bạ,2024,16.0,Quản trị kinh doanh
46596,DQB,quan-tri-kinh-doanh,A03,Điểm học bạ,2024,16.0,Quản trị kinh doanh
46597,DQB,quan-tri-kinh-doanh,C03,Điểm học bạ,2024,16.0,Quản trị kinh doanh
46598,DQB,quan-tri-kinh-doanh,D01,Điểm học bạ,2024,16.0,Quản trị kinh doanh
46599,DQB,quan-tri-kinh-doanh,A01,Điểm thi THPT,2024,15.0,Quản trị kinh doanh
46600,DQB,quan-tri-kinh-doanh,A03,Điểm thi THPT,2024,15.0,Quản trị kinh doanh
46601,DQB,quan-tri-kinh-doanh,C03,Điểm thi THPT,2024,15.0,Quản trị kinh doanh
46602,DQB,quan-tri-kinh-doanh,D01,Điểm thi THPT,2024,15.0,Quản trị kinh doanh
46603,DQB,quan-tri-kinh-doanh,A01,Điểm học bạ,2025,15.0,Quản trị kinh doanh
46604,DQB,quan-tri-kinh-doanh,A03,Điểm học bạ,2025,15.0,Quản trị kinh doanh
46605,DQB,quan-tri-kinh-doanh,C03,Điểm học bạ,2025,15.0,Quản trị kinh doanh
46606,DQB,quan-tri-kinh-doanh,D01,Điểm học bạ,2025,15.0,Quản trị kinh doanh
46607,DQB,quan-tri-kinh-doanh,D10,Điểm học bạ,2025,15.0,Quản trị kinh doanh
46608,DQB,quan-tri-kinh-doanh,X01,Điểm học bạ,2025,15.0,Quản trị kinh doanh
46609,DQB,quan-tri-kinh-doanh,X25,Điểm học bạ,2025,15.0,Quản trị kinh doanh
46610,DQB,quan-tri-kinh-doanh,A01,Điểm thi THPT,2025,15.36,Quản trị kinh doanh
46611,DQB,quan-tri-kinh-doanh,A03,Điểm thi THPT,2025,16.5,Quản trị kinh doanh
46612,DQB,quan-tri-kinh-doanh,C03,Điểm thi THPT,2025,16.51,Quản trị kinh doanh
46613,DQB,quan-tri-kinh-doanh,D01,Điểm thi THPT,2025,15.37,Quản trị kinh doanh
46614,DQB,quan-tri-kinh-doanh,D10,Điểm thi THPT,2025,15.0,Quản trị kinh doanh
46615,DQB,quan-tri-kinh-doanh,X01,Điểm thi THPT,2025,17.68,Quản trị kinh doanh
46616,DQB,quan-tri-kinh-doanh,X25,Điểm thi THPT,2025,16.06,Quản trị kinh doanh
46617,DQB,su-pham-khoa-hoc-tu-nhien,A00,Điểm thi THPT,2022,19.0,Sư phạm Khoa học tự nhiên
46618,DQB,su-pham-khoa-hoc-tu-nhien,A02,Điểm thi THPT,2022,19.0,Sư phạm Khoa học tự nhiên
46619,DQB,su-pham-khoa-hoc-tu-nhien,B00,Điểm thi THPT,2022,19.0,Sư phạm Khoa học tự nhiên
46620,DQB,su-pham-khoa-hoc-tu-nhien,D07,Điểm thi THPT,2022,19.0,Sư phạm Khoa học tự nhiên
46621,DQB,su-pham-khoa-hoc-tu-nhien,A00,Điểm thi THPT,2023,19.0,Sư phạm Khoa học tự nhiên
46622,DQB,su-pham-khoa-hoc-tu-nhien,A02,Điểm thi THPT,2023,19.0,Sư phạm Khoa học tự nhiên
46623,DQB,su-pham-khoa-hoc-tu-nhien,B00,Điểm thi THPT,2023,19.0,Sư phạm Khoa học tự nhiên
46624,DQB,su-pham-khoa-hoc-tu-nhien,D90,Điểm thi THPT,2023,19.0,Sư phạm Khoa học tự nhiên
46625,DQB,su-pham-khoa-hoc-tu-nhien,A00,Điểm học bạ,2024,26.27,Sư phạm Khoa học tự nhiên
46626,DQB,su-pham-khoa-hoc-tu-nhien,A02,Điểm học bạ,2024,26.27,Sư phạm Khoa học tự nhiên
46627,DQB,su-pham-khoa-hoc-tu-nhien,B00,Điểm học bạ,2024,26.27,Sư phạm Khoa học tự nhiên
46628,DQB,su-pham-khoa-hoc-tu-nhien,D90,Điểm học bạ,2024,26.27,Sư phạm Khoa học tự nhiên
46629,DQB,su-pham-khoa-hoc-tu-nhien,A00,Điểm thi THPT,2024,23.24,Sư phạm Khoa học tự nhiên
46630,DQB,su-pham-khoa-hoc-tu-nhien,A02,Điểm thi THPT,2024,23.24,Sư phạm Khoa học tự nhiên
46631,DQB,su-pham-khoa-hoc-tu-nhien,B00,Điểm thi THPT,2024,23.24,Sư phạm Khoa học tự nhiên
46632,DQB,su-pham-khoa-hoc-tu-nhien,D90,Điểm thi THPT,2024,23.24,Sư phạm Khoa học tự nhiên
46633,DQB,su-pham-khoa-hoc-tu-nhien,A00,Điểm thi THPT,2025,20.89,Sư phạm khoa học tự nhiên
46634,DQB,su-pham-khoa-hoc-tu-nhien,A01,Điểm thi THPT,2025,20.21,Sư phạm khoa học tự nhiên
46635,DQB,su-pham-khoa-hoc-tu-nhien,A02,Điểm thi THPT,2025,20.61,Sư phạm khoa học tự nhiên
46636,DQB,su-pham-khoa-hoc-tu-nhien,B00,Điểm thi THPT,2025,19.68,Sư phạm khoa học tự nhiên
46637,DQB,su-pham-khoa-hoc-tu-nhien,B08,Điểm thi THPT,2025,19.0,Sư phạm khoa học tự nhiên
46638,DQB,su-pham-khoa-hoc-tu-nhien,D07,Điểm thi THPT,2025,19.28,Sư phạm khoa học tự nhiên
46639,DQB,su-pham-khoa-hoc-tu-nhien,X08,Điểm thi THPT,2025,22.55,Sư phạm khoa học tự nhiên
46640,DQB,su-pham-khoa-hoc-tu-nhien,X11,Điểm thi THPT,2025,19.69,Sư phạm khoa học tự nhiên
46641,DQB,su-pham-khoa-hoc-tu-nhien,X12,Điểm thi THPT,2025,21.62,Sư phạm khoa học tự nhiên
46642,DQB,su-pham-khoa-hoc-tu-nhien,X15,Điểm thi THPT,2025,19.41,Sư phạm khoa học tự nhiên
46643,DQB,su-pham-lich-su-dia-li,A09,Điểm thi THPT,2025,24.75,Sư phạm Lịch sử - Địa lí
46644,DQB,su-pham-lich-su-dia-li,C00,Điểm thi THPT,2025,25.8,Sư phạm Lịch sử - Địa lí
46645,DQB,su-pham-lich-su-dia-li,C03,Điểm thi THPT,2025,23.95,Sư phạm Lịch sử - Địa lí
46646,DQB,su-pham-lich-su-dia-li,C04,Điểm thi THPT,2025,24.06,Sư phạm Lịch sử - Địa lí
46647,DQB,su-pham-lich-su-dia-li,C19,Điểm thi THPT,2025,26.86,Sư phạm Lịch sử - Địa lí
46648,DQB,su-pham-lich-su-dia-li,C20,Điểm thi THPT,2025,26.97,Sư phạm Lịch sử - Địa lí
46649,DQB,su-pham-lich-su-dia-li,D14,Điểm thi THPT,2025,24.65,Sư phạm Lịch sử - Địa lí
46650,DQB,su-pham-lich-su-dia-li,D15,Điểm thi THPT,2025,24.66,Sư phạm Lịch sử - Địa lí
46651,DQB,su-pham-lich-su-dia-li,X70,Điểm thi THPT,2025,26.86,Sư phạm Lịch sử - Địa lí
46652,DQB,su-pham-lich-su-dia-li,X74,Điểm thi THPT,2025,26.97,Sư phạm Lịch sử - Địa lí
46653,DQB,su-pham-lich-su-dia-ly,C00,Điểm học bạ,2024,26.27,Sư phạm Lịch sử - Địa lý
46654,DQB,su-pham-lich-su-dia-ly,C19,Điểm học bạ,2024,26.27,Sư phạm Lịch sử - Địa lý
46655,DQB,su-pham-lich-su-dia-ly,C20,Điểm học bạ,2024,26.27,Sư phạm Lịch sử - Địa lý
46656,DQB,su-pham-lich-su-dia-ly,D01,Điểm học bạ,2024,26.27,Sư phạm Lịch sử - Địa lý
46657,DQB,su-pham-lich-su-dia-ly,C00,Điểm thi THPT,2024,26.5,Sư phạm Lịch sử - Địa lý
46658,DQB,su-pham-lich-su-dia-ly,C19,Điểm thi THPT,2024,26.5,Sư phạm Lịch sử - Địa lý
46659,DQB,su-pham-lich-su-dia-ly,C20,Điểm thi THPT,2024,26.5,Sư phạm Lịch sử - Địa lý
46660,DQB,su-pham-lich-su-dia-ly,D01,Điểm thi THPT,2024,26.5,Sư phạm Lịch sử - Địa lý
46661,DQB,su-pham-ngu-van,C00,Điểm thi THPT,2021,19.0,Sư phạm Ngữ văn
46662,DQB,su-pham-ngu-van,C19,Điểm thi THPT,2021,19.0,Sư phạm Ngữ văn
46663,DQB,su-pham-ngu-van,C20,Điểm thi THPT,2021,19.0,Sư phạm Ngữ văn
46664,DQB,su-pham-ngu-van,D14,Điểm thi THPT,2021,19.0,Sư phạm Ngữ văn
46665,DQB,su-pham-ngu-van,C00,Điểm thi THPT,2022,19.0,Sư phạm Ngữ văn
46666,DQB,su-pham-ngu-van,C19,Điểm thi THPT,2022,19.0,Sư phạm Ngữ văn
46667,DQB,su-pham-ngu-van,C20,Điểm thi THPT,2022,19.0,Sư phạm Ngữ văn
46668,DQB,su-pham-ngu-van,D14,Điểm thi THPT,2022,19.0,Sư phạm Ngữ văn
46669,DQB,su-pham-ngu-van,C00,Điểm thi THPT,2023,23.0,Sư phạm Ngữ văn
46670,DQB,su-pham-ngu-van,C19,Điểm thi THPT,2023,23.0,Sư phạm Ngữ văn
46671,DQB,su-pham-ngu-van,C20,Điểm thi THPT,2023,23.0,Sư phạm Ngữ văn
46672,DQB,su-pham-ngu-van,D14,Điểm thi THPT,2023,23.0,Sư phạm Ngữ văn
46673,DQB,su-pham-ngu-van,C00,Điểm thi THPT,2025,25.4,Sư phạm Ngữ văn
46674,DQB,su-pham-ngu-van,C12,Điểm thi THPT,2025,24.55,Sư phạm Ngữ văn
46675,DQB,su-pham-ngu-van,C13,Điểm thi THPT,2025,24.66,Sư phạm Ngữ văn
46676,DQB,su-pham-ngu-van,D14,Điểm thi THPT,2025,24.15,Sư phạm Ngữ văn
46677,DQB,su-pham-ngu-van,D15,Điểm thi THPT,2025,24.26,Sư phạm Ngữ văn
46678,DQB,su-pham-ngu-van,X70,Điểm thi THPT,2025,26.45,Sư phạm Ngữ văn
46679,DQB,su-pham-ngu-van,X71,Điểm thi THPT,2025,25.55,Sư phạm Ngữ văn
46680,DQB,su-pham-ngu-van,X74,Điểm thi THPT,2025,26.57,Sư phạm Ngữ văn
46681,DQB,su-pham-ngu-van,X75,Điểm thi THPT,2025,25.66,Sư phạm Ngữ văn
46682,DQB,su-pham-ngu-van,X78,Điểm thi THPT,2025,25.32,Sư phạm Ngữ văn
46683,DQB,su-pham-tieng-anh,A01,Điểm thi THPT,2025,19.99,Sư phạm Tiếng Anh
46684,DQB,su-pham-tieng-anh,D01,Điểm thi THPT,2025,20.0,Sư phạm Tiếng Anh
46685,DQB,su-pham-tieng-anh,D09,Điểm thi THPT,2025,19.52,Sư phạm Tiếng Anh
46686,DQB,su-pham-tieng-anh,D10,Điểm thi THPT,2025,19.63,Sư phạm Tiếng Anh
46687,DQB,su-pham-tieng-anh,D14,Điểm thi THPT,2025,21.74,Sư phạm Tiếng Anh
46688,DQB,su-pham-tieng-anh,D15,Điểm thi THPT,2025,21.85,Sư phạm Tiếng Anh
46689,DQB,su-pham-toan-hoc,A00,Điểm thi THPT,2021,19.0,Sư phạm Toán học
46690,DQB,su-pham-toan-hoc,A01,Điểm thi THPT,2021,19.0,Sư phạm Toán học
46691,DQB,su-pham-toan-hoc,A02,Điểm thi THPT,2021,19.0,Sư phạm Toán học
46692,DQB,su-pham-toan-hoc,D07,Điểm thi THPT,2021,19.0,Sư phạm Toán học
46693,DQB,su-pham-toan-hoc,A00,Điểm thi THPT,2022,19.0,Sư phạm Toán học
46694,DQB,su-pham-toan-hoc,A01,Điểm thi THPT,2022,19.0,Sư phạm Toán học
46695,DQB,su-pham-toan-hoc,A02,Điểm thi THPT,2022,19.0,Sư phạm Toán học
46696,DQB,su-pham-toan-hoc,D07,Điểm thi THPT,2022,19.0,Sư phạm Toán học
46697,DQB,su-pham-toan-hoc,A00,Điểm thi THPT,2023,19.0,Sư phạm Toán học
46698,DQB,su-pham-toan-hoc,A01,Điểm thi THPT,2023,19.0,Sư phạm Toán học
46699,DQB,su-pham-toan-hoc,A02,Điểm thi THPT,2023,19.0,Sư phạm Toán học
46700,DQB,su-pham-toan-hoc,D07,Điểm thi THPT,2023,19.0,Sư phạm Toán học
46701,DQB,su-pham-toan-hoc,A00,Điểm thi THPT,2025,22.38,Sư phạm Toán học
46702,DQB,su-pham-toan-hoc,A01,Điểm thi THPT,2025,21.7,Sư phạm Toán học
46703,DQB,su-pham-toan-hoc,A02,Điểm thi THPT,2025,22.1,Sư phạm Toán học
46704,DQB,su-pham-toan-hoc,D07,Điểm thi THPT,2025,22.65,Sư phạm Toán học
46705,DQB,su-pham-toan-hoc,X05,Điểm thi THPT,2025,25.89,Sư phạm Toán học
46706,DQB,su-pham-toan-hoc,X09,Điểm thi THPT,2025,24.96,Sư phạm Toán học
46707,DQB,su-pham-toan-hoc,X26,Điểm thi THPT,2025,23.37,Sư phạm Toán học
46708,DQB,su-pham-toan-hoc,X27,Điểm thi THPT,2025,20.5,Sư phạm Toán học
46709,DQH,an-toan-khong-gian-mang,A00,Điểm thi THPT,2025,24.38,An toàn không gian mạng
46710,DQH,an-toan-khong-gian-mang,A01,Điểm thi THPT,2025,24.38,An toàn không gian mạng
46711,DQH,an-toan-khong-gian-mang,X06,Điểm thi THPT,2025,24.38,An toàn không gian mạng
46712,DQH,cong-nghe-ban-dan-va-nano,A00,Điểm thi THPT,2025,25.41,Công nghệ bán dẫn và Nano
46713,DQH,cong-nghe-ban-dan-va-nano,A01,Điểm thi THPT,2025,25.41,Công nghệ bán dẫn và Nano
46714,DQH,cong-nghe-ban-dan-va-nano,X06,Điểm thi THPT,2025,25.41,Công nghệ bán dẫn và Nano
46715,DQH,cong-nghe-che-tao-may,A00,Điểm thi THPT,2025,24.38,Công nghệ chế tạo máy
46716,DQH,cong-nghe-che-tao-may,A01,Điểm thi THPT,2025,24.38,Công nghệ chế tạo máy
46717,DQH,cong-nghe-che-tao-may,X06,Điểm thi THPT,2025,24.38,Công nghệ chế tạo máy
46718,DQH,dien-tu-vien-thong,A00,Điểm thi THPT,2025,25.1,Điện tử - Viễn thông
46719,DQH,dien-tu-vien-thong,A01,Điểm thi THPT,2025,25.1,Điện tử - Viễn thông
46720,DQH,dien-tu-vien-thong,X06,Điểm thi THPT,2025,25.1,Điện tử - Viễn thông
46721,DQH,he-thong-thong-tin,A00,Điểm thi THPT,2025,24.25,Hệ thống thông tin
46722,DQH,he-thong-thong-tin,A01,Điểm thi THPT,2025,24.25,Hệ thống thông tin
46723,DQH,he-thong-thong-tin,X06,Điểm thi THPT,2025,24.25,Hệ thống thông tin
46724,DQH,ky-thuat-co-dien-tu,A00,Điểm thi THPT,2025,25.73,Kỹ thuật cơ điện tử
46725,DQH,ky-thuat-co-dien-tu,A01,Điểm thi THPT,2025,25.73,Kỹ thuật cơ điện tử
46726,DQH,ky-thuat-co-dien-tu,X06,Điểm thi THPT,2025,25.73,Kỹ thuật cơ điện tử
46727,DQH,thiet-ke-vi-mach-va-he-thong-nhung,A00,Điểm thi THPT,2025,24.75,Thiết kế vi mạch và hệ thống nhúng
46728,DQH,thiet-ke-vi-mach-va-he-thong-nhung,A01,Điểm thi THPT,2025,24.75,Thiết kế vi mạch và hệ thống nhúng
46729,DQH,thiet-ke-vi-mach-va-he-thong-nhung,X06,Điểm thi THPT,2025,24.75,Thiết kế vi mạch và hệ thống nhúng
46730,DQH,tri-tue-nhan-tao,A00,Điểm thi THPT,2025,24.5,Trí tuệ nhân tạo
46731,DQH,tri-tue-nhan-tao,A01,Điểm thi THPT,2025,24.5,Trí tuệ nhân tạo
46732,DQH,tri-tue-nhan-tao,X06,Điểm thi THPT,2025,24.5,Trí tuệ nhân tạo
46733,DQH,tu-dong-hoa,A00,Điểm thi THPT,2025,26.51,Tự động hóa
46734,DQH,tu-dong-hoa,A01,Điểm thi THPT,2025,26.51,Tự động hóa
46735,DQH,tu-dong-hoa,X06,Điểm thi THPT,2025,26.51,Tự động hóa
46736,DQH,xay-dung-dan-dung-va-cong-nghiep,A00,Điểm thi THPT,2025,20.25,Xây dựng dân dụng và công nghiệp
46737,DQH,xay-dung-dan-dung-va-cong-nghiep,A01,Điểm thi THPT,2025,20.25,Xây dựng dân dụng và công nghiệp
46738,DQH,xay-dung-dan-dung-va-cong-nghiep,X06,Điểm thi THPT,2025,20.25,Xây dựng dân dụng và công nghiệp
46739,DQK,cong-nghe-ky-thuat-co-dien-tu,A00,Điểm thi THPT,2021,24.0,Công nghệ kỹ thuật cơ điện tử
46740,DQK,cong-nghe-ky-thuat-co-dien-tu,A02,Điểm thi THPT,2021,24.0,Công nghệ kỹ thuật cơ điện tử
46741,DQK,cong-nghe-ky-thuat-co-dien-tu,A09,Điểm thi THPT,2021,24.0,Công nghệ kỹ thuật cơ điện tử
46742,DQK,cong-nghe-ky-thuat-co-dien-tu,D01,Điểm thi THPT,2021,24.0,Công nghệ kỹ thuật cơ điện tử
46743,DQK,cong-nghe-ky-thuat-co-dien-tu,A00,Điểm thi THPT,2022,24.0,Công nghệ kỹ thuật cơ điện tử
46744,DQK,cong-nghe-ky-thuat-co-dien-tu,A02,Điểm thi THPT,2022,24.0,Công nghệ kỹ thuật cơ điện tử
46745,DQK,cong-nghe-ky-thuat-co-dien-tu,A09,Điểm thi THPT,2022,24.0,Công nghệ kỹ thuật cơ điện tử
46746,DQK,cong-nghe-ky-thuat-co-dien-tu,D01,Điểm thi THPT,2022,24.0,Công nghệ kỹ thuật cơ điện tử
46747,DQK,cong-nghe-ky-thuat-co-dien-tu,A00,Điểm học bạ,2023,19.0,Công nghệ kỹ thuật cơ điện tử
46748,DQK,cong-nghe-ky-thuat-co-dien-tu,A02,Điểm học bạ,2023,19.0,Công nghệ kỹ thuật cơ điện tử
46749,DQK,cong-nghe-ky-thuat-co-dien-tu,A09,Điểm học bạ,2023,19.0,Công nghệ kỹ thuật cơ điện tử
46750,DQK,cong-nghe-ky-thuat-co-dien-tu,D01,Điểm học bạ,2023,19.0,Công nghệ kỹ thuật cơ điện tử
46751,DQK,cong-nghe-ky-thuat-co-dien-tu,A00,Điểm thi THPT,2023,19.0,Công nghệ kỹ thuật cơ điện tử
46752,DQK,cong-nghe-ky-thuat-co-dien-tu,A02,Điểm thi THPT,2023,19.0,Công nghệ kỹ thuật cơ điện tử
46753,DQK,cong-nghe-ky-thuat-co-dien-tu,A09,Điểm thi THPT,2023,19.0,Công nghệ kỹ thuật cơ điện tử
46754,DQK,cong-nghe-ky-thuat-co-dien-tu,D01,Điểm thi THPT,2023,19.0,Công nghệ kỹ thuật cơ điện tử
46755,DQK,cong-nghe-ky-thuat-co-dien-tu,A00,Điểm học bạ,2024,24.0,Công nghệ kỹ thuật cơ - điện tử
46756,DQK,cong-nghe-ky-thuat-co-dien-tu,A02,Điểm học bạ,2024,24.0,Công nghệ kỹ thuật cơ - điện tử
46757,DQK,cong-nghe-ky-thuat-co-dien-tu,A09,Điểm học bạ,2024,24.0,Công nghệ kỹ thuật cơ - điện tử
46758,DQK,cong-nghe-ky-thuat-co-dien-tu,D01,Điểm học bạ,2024,24.0,Công nghệ kỹ thuật cơ - điện tử
46759,DQK,cong-nghe-ky-thuat-co-dien-tu,A00,Điểm thi THPT,2024,23.0,Công nghệ kỹ thuật cơ - điện tử
46760,DQK,cong-nghe-ky-thuat-co-dien-tu,A02,Điểm thi THPT,2024,23.0,Công nghệ kỹ thuật cơ - điện tử
46761,DQK,cong-nghe-ky-thuat-co-dien-tu,A09,Điểm thi THPT,2024,23.0,Công nghệ kỹ thuật cơ - điện tử
46762,DQK,cong-nghe-ky-thuat-co-dien-tu,D01,Điểm thi THPT,2024,23.0,Công nghệ kỹ thuật cơ - điện tử
46763,DQK,cong-nghe-ky-thuat-co-dien-tu,A00,Điểm học bạ,2025,17.0,Công nghệ kỹ thuật cơ - điện tử
46764,DQK,cong-nghe-ky-thuat-co-dien-tu,A01,Điểm học bạ,2025,17.0,Công nghệ kỹ thuật cơ - điện tử
46765,DQK,cong-nghe-ky-thuat-co-dien-tu,D01,Điểm học bạ,2025,17.0,Công nghệ kỹ thuật cơ - điện tử
46766,DQK,cong-nghe-ky-thuat-co-dien-tu,X05,Điểm học bạ,2025,17.0,Công nghệ kỹ thuật cơ - điện tử
46767,DQK,cong-nghe-ky-thuat-co-dien-tu,X06,Điểm học bạ,2025,17.0,Công nghệ kỹ thuật cơ - điện tử
46768,DQK,cong-nghe-ky-thuat-co-dien-tu,X07,Điểm học bạ,2025,17.0,Công nghệ kỹ thuật cơ - điện tử
46769,DQK,cong-nghe-ky-thuat-co-dien-tu,X11,Điểm học bạ,2025,17.0,Công nghệ kỹ thuật cơ - điện tử
46770,DQK,cong-nghe-ky-thuat-co-dien-tu,X21,Điểm học bạ,2025,17.0,Công nghệ kỹ thuật cơ - điện tử
46771,DQK,cong-nghe-ky-thuat-co-dien-tu,A00,Điểm thi THPT,2025,17.0,Công nghệ kỹ thuật cơ - điện tử
46772,DQK,cong-nghe-ky-thuat-co-dien-tu,A01,Điểm thi THPT,2025,17.0,Công nghệ kỹ thuật cơ - điện tử
46773,DQK,cong-nghe-ky-thuat-co-dien-tu,D01,Điểm thi THPT,2025,17.0,Công nghệ kỹ thuật cơ - điện tử
46774,DQK,cong-nghe-ky-thuat-co-dien-tu,X05,Điểm thi THPT,2025,17.0,Công nghệ kỹ thuật cơ - điện tử
46775,DQK,cong-nghe-ky-thuat-co-dien-tu,X06,Điểm thi THPT,2025,17.0,Công nghệ kỹ thuật cơ - điện tử
46776,DQK,cong-nghe-ky-thuat-co-dien-tu,X07,Điểm thi THPT,2025,17.0,Công nghệ kỹ thuật cơ - điện tử
46777,DQK,cong-nghe-ky-thuat-co-dien-tu,X11,Điểm thi THPT,2025,17.0,Công nghệ kỹ thuật cơ - điện tử
46778,DQK,cong-nghe-ky-thuat-co-dien-tu,X21,Điểm thi THPT,2025,17.0,Công nghệ kỹ thuật cơ - điện tử
46779,DQK,cong-nghe-ky-thuat-dien-dien-tu,A00,Điểm thi THPT,2021,24.5,"Công nghệ kỹ thuật điện, điện tử"
46780,DQK,cong-nghe-ky-thuat-dien-dien-tu,A01,Điểm thi THPT,2021,24.5,"Công nghệ kỹ thuật điện, điện tử"
46781,DQK,cong-nghe-ky-thuat-dien-dien-tu,A09,Điểm thi THPT,2021,24.5,"Công nghệ kỹ thuật điện, điện tử"
46782,DQK,cong-nghe-ky-thuat-dien-dien-tu,D01,Điểm thi THPT,2021,24.5,"Công nghệ kỹ thuật điện, điện tử"
46783,DQK,cong-nghe-ky-thuat-dien-dien-tu,A00,Điểm thi THPT,2022,25.0,"Công nghệ kỹ thuật điện, điện tử"
46784,DQK,cong-nghe-ky-thuat-dien-dien-tu,A01,Điểm thi THPT,2022,25.0,"Công nghệ kỹ thuật điện, điện tử"
46785,DQK,cong-nghe-ky-thuat-dien-dien-tu,A09,Điểm thi THPT,2022,25.0,"Công nghệ kỹ thuật điện, điện tử"
46786,DQK,cong-nghe-ky-thuat-dien-dien-tu,D01,Điểm thi THPT,2022,25.0,"Công nghệ kỹ thuật điện, điện tử"
46787,DQK,cong-nghe-ky-thuat-dien-dien-tu,A00,Điểm học bạ,2023,19.0,"Công nghệ kỹ thuật điện, điện tử"
46788,DQK,cong-nghe-ky-thuat-dien-dien-tu,A01,Điểm học bạ,2023,19.0,"Công nghệ kỹ thuật điện, điện tử"
46789,DQK,cong-nghe-ky-thuat-dien-dien-tu,A09,Điểm học bạ,2023,19.0,"Công nghệ kỹ thuật điện, điện tử"
46790,DQK,cong-nghe-ky-thuat-dien-dien-tu,D01,Điểm học bạ,2023,19.0,"Công nghệ kỹ thuật điện, điện tử"
46791,DQK,cong-nghe-ky-thuat-dien-dien-tu,A00,Điểm thi THPT,2023,19.0,"Công nghệ kỹ thuật điện, điện tử"
46792,DQK,cong-nghe-ky-thuat-dien-dien-tu,A01,Điểm thi THPT,2023,19.0,"Công nghệ kỹ thuật điện, điện tử"
46793,DQK,cong-nghe-ky-thuat-dien-dien-tu,A09,Điểm thi THPT,2023,19.0,"Công nghệ kỹ thuật điện, điện tử"
46794,DQK,cong-nghe-ky-thuat-dien-dien-tu,D01,Điểm thi THPT,2023,19.0,"Công nghệ kỹ thuật điện, điện tử"
46795,DQK,cong-nghe-ky-thuat-dien-dien-tu,A00,Điểm học bạ,2024,24.0,"Công nghệ kỹ thuật điện, điện tử"
46796,DQK,cong-nghe-ky-thuat-dien-dien-tu,A01,Điểm học bạ,2024,24.0,"Công nghệ kỹ thuật điện, điện tử"
46797,DQK,cong-nghe-ky-thuat-dien-dien-tu,A09,Điểm học bạ,2024,24.0,"Công nghệ kỹ thuật điện, điện tử"
46798,DQK,cong-nghe-ky-thuat-dien-dien-tu,D01,Điểm học bạ,2024,24.0,"Công nghệ kỹ thuật điện, điện tử"
46799,DQK,cong-nghe-ky-thuat-dien-dien-tu,A00,Điểm thi THPT,2024,23.0,"Công nghệ kỹ thuật điện, điện tử"
46800,DQK,cong-nghe-ky-thuat-dien-dien-tu,A01,Điểm thi THPT,2024,23.0,"Công nghệ kỹ thuật điện, điện tử"
46801,DQK,cong-nghe-ky-thuat-dien-dien-tu,A09,Điểm thi THPT,2024,23.0,"Công nghệ kỹ thuật điện, điện tử"
46802,DQK,cong-nghe-ky-thuat-dien-dien-tu,D01,Điểm thi THPT,2024,23.0,"Công nghệ kỹ thuật điện, điện tử"
46803,DQK,cong-nghe-ky-thuat-dien-dien-tu,A00,Điểm học bạ,2025,17.0,"Công nghệ kỹ thuật điện, điện tử"
46804,DQK,cong-nghe-ky-thuat-dien-dien-tu,A01,Điểm học bạ,2025,17.0,"Công nghệ kỹ thuật điện, điện tử"
46805,DQK,cong-nghe-ky-thuat-dien-dien-tu,D01,Điểm học bạ,2025,17.0,"Công nghệ kỹ thuật điện, điện tử"
46806,DQK,cong-nghe-ky-thuat-dien-dien-tu,X05,Điểm học bạ,2025,17.0,"Công nghệ kỹ thuật điện, điện tử"
46807,DQK,cong-nghe-ky-thuat-dien-dien-tu,X06,Điểm học bạ,2025,17.0,"Công nghệ kỹ thuật điện, điện tử"
46808,DQK,cong-nghe-ky-thuat-dien-dien-tu,X07,Điểm học bạ,2025,17.0,"Công nghệ kỹ thuật điện, điện tử"
46809,DQK,cong-nghe-ky-thuat-dien-dien-tu,X11,Điểm học bạ,2025,17.0,"Công nghệ kỹ thuật điện, điện tử"
46810,DQK,cong-nghe-ky-thuat-dien-dien-tu,X21,Điểm học bạ,2025,17.0,"Công nghệ kỹ thuật điện, điện tử"
46811,DQK,cong-nghe-ky-thuat-dien-dien-tu,A00,Điểm thi THPT,2025,17.0,"Công nghệ kỹ thuật điện, điện tử"
46812,DQK,cong-nghe-ky-thuat-dien-dien-tu,A01,Điểm thi THPT,2025,17.0,"Công nghệ kỹ thuật điện, điện tử"
46813,DQK,cong-nghe-ky-thuat-dien-dien-tu,D01,Điểm thi THPT,2025,17.0,"Công nghệ kỹ thuật điện, điện tử"
46814,DQK,cong-nghe-ky-thuat-dien-dien-tu,X05,Điểm thi THPT,2025,17.0,"Công nghệ kỹ thuật điện, điện tử"
46815,DQK,cong-nghe-ky-thuat-dien-dien-tu,X06,Điểm thi THPT,2025,17.0,"Công nghệ kỹ thuật điện, điện tử"
46816,DQK,cong-nghe-ky-thuat-dien-dien-tu,X07,Điểm thi THPT,2025,17.0,"Công nghệ kỹ thuật điện, điện tử"
46817,DQK,cong-nghe-ky-thuat-dien-dien-tu,X11,Điểm thi THPT,2025,17.0,"Công nghệ kỹ thuật điện, điện tử"
46818,DQK,cong-nghe-ky-thuat-dien-dien-tu,X21,Điểm thi THPT,2025,17.0,"Công nghệ kỹ thuật điện, điện tử"
46819,DQK,cong-nghe-ky-thuat-moi-truong,A00,Điểm thi THPT,2021,18.9,Công nghệ kỹ thuật môi trường
46820,DQK,cong-nghe-ky-thuat-moi-truong,B00,Điểm thi THPT,2021,18.9,Công nghệ kỹ thuật môi trường
46821,DQK,cong-nghe-ky-thuat-moi-truong,B03,Điểm thi THPT,2021,18.9,Công nghệ kỹ thuật môi trường
46822,DQK,cong-nghe-ky-thuat-moi-truong,C02,Điểm thi THPT,2021,18.9,Công nghệ kỹ thuật môi trường
46823,DQK,cong-nghe-ky-thuat-moi-truong,A00,Điểm thi THPT,2022,19.0,Công nghệ kỹ thuật môi trường
46824,DQK,cong-nghe-ky-thuat-moi-truong,B00,Điểm thi THPT,2022,19.0,Công nghệ kỹ thuật môi trường
46825,DQK,cong-nghe-ky-thuat-moi-truong,B03,Điểm thi THPT,2022,19.0,Công nghệ kỹ thuật môi trường
46826,DQK,cong-nghe-ky-thuat-moi-truong,C02,Điểm thi THPT,2022,19.0,Công nghệ kỹ thuật môi trường
46827,DQK,cong-nghe-ky-thuat-moi-truong,A00,Điểm học bạ,2023,19.0,Công nghệ kỹ thuật môi trường
46828,DQK,cong-nghe-ky-thuat-moi-truong,B00,Điểm học bạ,2023,19.0,Công nghệ kỹ thuật môi trường
46829,DQK,cong-nghe-ky-thuat-moi-truong,B03,Điểm học bạ,2023,19.0,Công nghệ kỹ thuật môi trường
46830,DQK,cong-nghe-ky-thuat-moi-truong,C02,Điểm học bạ,2023,19.0,Công nghệ kỹ thuật môi trường
46831,DQK,cong-nghe-ky-thuat-moi-truong,A00,Điểm thi THPT,2023,19.0,Công nghệ kỹ thuật môi trường
46832,DQK,cong-nghe-ky-thuat-moi-truong,B00,Điểm thi THPT,2023,19.0,Công nghệ kỹ thuật môi trường
46833,DQK,cong-nghe-ky-thuat-moi-truong,B03,Điểm thi THPT,2023,19.0,Công nghệ kỹ thuật môi trường
46834,DQK,cong-nghe-ky-thuat-moi-truong,C02,Điểm thi THPT,2023,19.0,Công nghệ kỹ thuật môi trường
46835,DQK,cong-nghe-ky-thuat-moi-truong,A00,Điểm học bạ,2024,19.0,Công nghệ kỹ thuật môi trường
46836,DQK,cong-nghe-ky-thuat-moi-truong,B00,Điểm học bạ,2024,19.0,Công nghệ kỹ thuật môi trường
46837,DQK,cong-nghe-ky-thuat-moi-truong,B03,Điểm học bạ,2024,19.0,Công nghệ kỹ thuật môi trường
46838,DQK,cong-nghe-ky-thuat-moi-truong,C02,Điểm học bạ,2024,19.0,Công nghệ kỹ thuật môi trường
46839,DQK,cong-nghe-ky-thuat-moi-truong,A00,Điểm thi THPT,2024,19.0,Công nghệ kỹ thuật môi trường
46840,DQK,cong-nghe-ky-thuat-moi-truong,B00,Điểm thi THPT,2024,19.0,Công nghệ kỹ thuật môi trường
46841,DQK,cong-nghe-ky-thuat-moi-truong,B03,Điểm thi THPT,2024,19.0,Công nghệ kỹ thuật môi trường
46842,DQK,cong-nghe-ky-thuat-moi-truong,C02,Điểm thi THPT,2024,19.0,Công nghệ kỹ thuật môi trường
46843,DQK,cong-nghe-ky-thuat-moi-truong,A00,Điểm học bạ,2025,17.0,Công nghệ kỹ thuật môi trường
46844,DQK,cong-nghe-ky-thuat-moi-truong,B00,Điểm học bạ,2025,17.0,Công nghệ kỹ thuật môi trường
46845,DQK,cong-nghe-ky-thuat-moi-truong,B03,Điểm học bạ,2025,17.0,Công nghệ kỹ thuật môi trường
46846,DQK,cong-nghe-ky-thuat-moi-truong,C02,Điểm học bạ,2025,17.0,Công nghệ kỹ thuật môi trường
46847,DQK,cong-nghe-ky-thuat-moi-truong,X05,Điểm học bạ,2025,17.0,Công nghệ kỹ thuật môi trường
46848,DQK,cong-nghe-ky-thuat-moi-truong,X06,Điểm học bạ,2025,17.0,Công nghệ kỹ thuật môi trường
46849,DQK,cong-nghe-ky-thuat-moi-truong,X07,Điểm học bạ,2025,17.0,Công nghệ kỹ thuật môi trường
46850,DQK,cong-nghe-ky-thuat-moi-truong,X11,Điểm học bạ,2025,17.0,Công nghệ kỹ thuật môi trường
46851,DQK,cong-nghe-ky-thuat-moi-truong,A00,Điểm thi THPT,2025,17.0,Công nghệ kỹ thuật môi trường
46852,DQK,cong-nghe-ky-thuat-moi-truong,B00,Điểm thi THPT,2025,17.0,Công nghệ kỹ thuật môi trường
46853,DQK,cong-nghe-ky-thuat-moi-truong,B03,Điểm thi THPT,2025,17.0,Công nghệ kỹ thuật môi trường
46854,DQK,cong-nghe-ky-thuat-moi-truong,C02,Điểm thi THPT,2025,17.0,Công nghệ kỹ thuật môi trường
46855,DQK,cong-nghe-ky-thuat-moi-truong,X05,Điểm thi THPT,2025,17.0,Công nghệ kỹ thuật môi trường
46856,DQK,cong-nghe-ky-thuat-moi-truong,X06,Điểm thi THPT,2025,17.0,Công nghệ kỹ thuật môi trường
46857,DQK,cong-nghe-ky-thuat-moi-truong,X07,Điểm thi THPT,2025,17.0,Công nghệ kỹ thuật môi trường
46858,DQK,cong-nghe-ky-thuat-moi-truong,X11,Điểm thi THPT,2025,17.0,Công nghệ kỹ thuật môi trường
46859,DQK,cong-nghe-ky-thuat-o-to,A00,Điểm thi THPT,2022,24.5,Công nghệ kỹ thuật ô tô
46860,DQK,cong-nghe-ky-thuat-o-to,A01,Điểm thi THPT,2022,24.5,Công nghệ kỹ thuật ô tô
46861,DQK,cong-nghe-ky-thuat-o-to,B03,Điểm thi THPT,2022,24.5,Công nghệ kỹ thuật ô tô
46862,DQK,cong-nghe-ky-thuat-o-to,C01,Điểm thi THPT,2022,24.5,Công nghệ kỹ thuật ô tô
46863,DQK,cong-nghe-ky-thuat-o-to,A00,Điểm học bạ,2024,23.5,Công nghệ kỹ thuật ô tô
46864,DQK,cong-nghe-ky-thuat-o-to,A01,Điểm học bạ,2024,23.5,Công nghệ kỹ thuật ô tô
46865,DQK,cong-nghe-ky-thuat-o-to,B03,Điểm học bạ,2024,23.5,Công nghệ kỹ thuật ô tô
46866,DQK,cong-nghe-ky-thuat-o-to,C01,Điểm học bạ,2024,23.5,Công nghệ kỹ thuật ô tô
46867,DQK,cong-nghe-ky-thuat-o-to,A00,Điểm thi THPT,2024,21.0,Công nghệ kỹ thuật ô tô
46868,DQK,cong-nghe-ky-thuat-o-to,A01,Điểm thi THPT,2024,21.0,Công nghệ kỹ thuật ô tô
46869,DQK,cong-nghe-ky-thuat-o-to,B03,Điểm thi THPT,2024,21.0,Công nghệ kỹ thuật ô tô
46870,DQK,cong-nghe-ky-thuat-o-to,C01,Điểm thi THPT,2024,21.0,Công nghệ kỹ thuật ô tô
46871,DQK,cong-nghe-ky-thuat-o-to,A00,Điểm học bạ,2025,17.9,Công nghệ kỹ thuật ô tô
46872,DQK,cong-nghe-ky-thuat-o-to,A01,Điểm học bạ,2025,17.9,Công nghệ kỹ thuật ô tô
46873,DQK,cong-nghe-ky-thuat-o-to,D01,Điểm học bạ,2025,17.9,Công nghệ kỹ thuật ô tô
46874,DQK,cong-nghe-ky-thuat-o-to,X05,Điểm học bạ,2025,17.9,Công nghệ kỹ thuật ô tô
46875,DQK,cong-nghe-ky-thuat-o-to,X06,Điểm học bạ,2025,17.9,Công nghệ kỹ thuật ô tô
46876,DQK,cong-nghe-ky-thuat-o-to,X07,Điểm học bạ,2025,17.9,Công nghệ kỹ thuật ô tô
46877,DQK,cong-nghe-ky-thuat-o-to,X11,Điểm học bạ,2025,17.9,Công nghệ kỹ thuật ô tô
46878,DQK,cong-nghe-ky-thuat-o-to,X21,Điểm học bạ,2025,17.9,Công nghệ kỹ thuật ô tô
46879,DQK,cong-nghe-ky-thuat-o-to,A00,Điểm thi THPT,2025,17.5,Công nghệ kỹ thuật ô tô
46880,DQK,cong-nghe-ky-thuat-o-to,A01,Điểm thi THPT,2025,17.5,Công nghệ kỹ thuật ô tô
46881,DQK,cong-nghe-ky-thuat-o-to,D01,Điểm thi THPT,2025,17.5,Công nghệ kỹ thuật ô tô
46882,DQK,cong-nghe-ky-thuat-o-to,X05,Điểm thi THPT,2025,17.5,Công nghệ kỹ thuật ô tô
46883,DQK,cong-nghe-ky-thuat-o-to,X06,Điểm thi THPT,2025,17.5,Công nghệ kỹ thuật ô tô
46884,DQK,cong-nghe-ky-thuat-o-to,X07,Điểm thi THPT,2025,17.5,Công nghệ kỹ thuật ô tô
46885,DQK,cong-nghe-ky-thuat-o-to,X11,Điểm thi THPT,2025,17.5,Công nghệ kỹ thuật ô tô
46886,DQK,cong-nghe-ky-thuat-o-to,X21,Điểm thi THPT,2025,17.5,Công nghệ kỹ thuật ô tô
46887,DQK,cong-nghe-ky-thuat-oto,A00,Điểm thi THPT,2021,22.0,Công nghệ kỹ thuật ôtô
46888,DQK,cong-nghe-ky-thuat-oto,A01,Điểm thi THPT,2021,22.0,Công nghệ kỹ thuật ôtô
46889,DQK,cong-nghe-ky-thuat-oto,B03,Điểm thi THPT,2021,22.0,Công nghệ kỹ thuật ôtô
46890,DQK,cong-nghe-ky-thuat-oto,C01,Điểm thi THPT,2021,22.0,Công nghệ kỹ thuật ôtô
46891,DQK,cong-nghe-ky-thuat-oto,A00,Điểm học bạ,2023,21.0,Công nghệ kỹ thuật ôtô
46892,DQK,cong-nghe-ky-thuat-oto,A01,Điểm học bạ,2023,21.0,Công nghệ kỹ thuật ôtô
46893,DQK,cong-nghe-ky-thuat-oto,B03,Điểm học bạ,2023,21.0,Công nghệ kỹ thuật ôtô
46894,DQK,cong-nghe-ky-thuat-oto,C01,Điểm học bạ,2023,21.0,Công nghệ kỹ thuật ôtô
46895,DQK,cong-nghe-ky-thuat-oto,A00,Điểm thi THPT,2023,21.0,Công nghệ kỹ thuật ôtô
46896,DQK,cong-nghe-ky-thuat-oto,A01,Điểm thi THPT,2023,21.0,Công nghệ kỹ thuật ôtô
46897,DQK,cong-nghe-ky-thuat-oto,B03,Điểm thi THPT,2023,21.0,Công nghệ kỹ thuật ôtô
46898,DQK,cong-nghe-ky-thuat-oto,C01,Điểm thi THPT,2023,21.0,Công nghệ kỹ thuật ôtô
46899,DQK,cong-nghe-thong-tin,A00,Điểm thi THPT,2021,26.0,Công nghệ thông tin
46900,DQK,cong-nghe-thong-tin,A01,Điểm thi THPT,2021,26.0,Công nghệ thông tin
46901,DQK,cong-nghe-thong-tin,D01,Điểm thi THPT,2021,26.0,Công nghệ thông tin
46902,DQK,cong-nghe-thong-tin,D10,Điểm thi THPT,2021,26.0,Công nghệ thông tin
46903,DQK,cong-nghe-thong-tin,A00,Điểm thi THPT,2022,26.2,Công nghệ thông tin
46904,DQK,cong-nghe-thong-tin,A01,Điểm thi THPT,2022,26.2,Công nghệ thông tin
46905,DQK,cong-nghe-thong-tin,D01,Điểm thi THPT,2022,26.2,Công nghệ thông tin
46906,DQK,cong-nghe-thong-tin,D10,Điểm thi THPT,2022,26.2,Công nghệ thông tin
46907,DQK,cong-nghe-thong-tin,A00,Điểm học bạ,2023,22.0,Công nghệ thông tin
46908,DQK,cong-nghe-thong-tin,A01,Điểm học bạ,2023,22.0,Công nghệ thông tin
46909,DQK,cong-nghe-thong-tin,D01,Điểm học bạ,2023,22.0,Công nghệ thông tin
46910,DQK,cong-nghe-thong-tin,D10,Điểm học bạ,2023,22.0,Công nghệ thông tin
46911,DQK,cong-nghe-thong-tin,A00,Điểm thi THPT,2023,22.0,Công nghệ thông tin
46912,DQK,cong-nghe-thong-tin,A01,Điểm thi THPT,2023,22.0,Công nghệ thông tin
46913,DQK,cong-nghe-thong-tin,D01,Điểm thi THPT,2023,22.0,Công nghệ thông tin
46914,DQK,cong-nghe-thong-tin,D10,Điểm thi THPT,2023,22.0,Công nghệ thông tin
46915,DQK,cong-nghe-thong-tin,A00,Điểm học bạ,2024,23.5,Công nghệ thông tin
46916,DQK,cong-nghe-thong-tin,A01,Điểm học bạ,2024,23.5,Công nghệ thông tin
46917,DQK,cong-nghe-thong-tin,D01,Điểm học bạ,2024,23.5,Công nghệ thông tin
46918,DQK,cong-nghe-thong-tin,D10,Điểm học bạ,2024,23.5,Công nghệ thông tin
46919,DQK,cong-nghe-thong-tin,A00,Điểm thi THPT,2024,22.0,Công nghệ thông tin
46920,DQK,cong-nghe-thong-tin,A01,Điểm thi THPT,2024,22.0,Công nghệ thông tin
46921,DQK,cong-nghe-thong-tin,D01,Điểm thi THPT,2024,22.0,Công nghệ thông tin
46922,DQK,cong-nghe-thong-tin,D10,Điểm thi THPT,2024,22.0,Công nghệ thông tin
46923,DQK,cong-nghe-thong-tin,A00,Điểm học bạ,2025,17.0,Công nghệ thông tin
46924,DQK,cong-nghe-thong-tin,A01,Điểm học bạ,2025,17.0,Công nghệ thông tin
46925,DQK,cong-nghe-thong-tin,D01,Điểm học bạ,2025,17.0,Công nghệ thông tin
46926,DQK,cong-nghe-thong-tin,D10,Điểm học bạ,2025,17.0,Công nghệ thông tin
46927,DQK,cong-nghe-thong-tin,X02,Điểm học bạ,2025,17.0,Công nghệ thông tin
46928,DQK,cong-nghe-thong-tin,X05,Điểm học bạ,2025,17.0,Công nghệ thông tin
46929,DQK,cong-nghe-thong-tin,X06,Điểm học bạ,2025,17.0,Công nghệ thông tin
46930,DQK,cong-nghe-thong-tin,X26,Điểm học bạ,2025,17.0,Công nghệ thông tin
46931,DQK,cong-nghe-thong-tin,A00,Điểm thi THPT,2025,17.0,Công nghệ thông tin
46932,DQK,cong-nghe-thong-tin,A01,Điểm thi THPT,2025,17.0,Công nghệ thông tin
46933,DQK,cong-nghe-thong-tin,D01,Điểm thi THPT,2025,17.0,Công nghệ thông tin
46934,DQK,cong-nghe-thong-tin,D10,Điểm thi THPT,2025,17.0,Công nghệ thông tin
46935,DQK,cong-nghe-thong-tin,X02,Điểm thi THPT,2025,17.0,Công nghệ thông tin
46936,DQK,cong-nghe-thong-tin,X05,Điểm thi THPT,2025,17.0,Công nghệ thông tin
46937,DQK,cong-nghe-thong-tin,X06,Điểm thi THPT,2025,17.0,Công nghệ thông tin
46938,DQK,cong-nghe-thong-tin,X26,Điểm thi THPT,2025,17.0,Công nghệ thông tin
46939,DQK,dieu-duong,A00,Điểm thi THPT,2021,19.0,Điều dưỡng
46940,DQK,dieu-duong,A02,Điểm thi THPT,2021,19.0,Điều dưỡng
46941,DQK,dieu-duong,B00,Điểm thi THPT,2021,19.0,Điều dưỡng
46942,DQK,dieu-duong,D07,Điểm thi THPT,2021,19.0,Điều dưỡng
46943,DQK,dieu-duong,A00,Điểm học bạ,2023,19.0,Điều dưỡng
46944,DQK,dieu-duong,A02,Điểm học bạ,2023,19.0,Điều dưỡng
46945,DQK,dieu-duong,B00,Điểm học bạ,2023,19.0,Điều dưỡng
46946,DQK,dieu-duong,D07,Điểm học bạ,2023,19.0,Điều dưỡng
46947,DQK,dieu-duong,A00,Điểm thi THPT,2023,19.0,Điều dưỡng
46948,DQK,dieu-duong,A02,Điểm thi THPT,2023,19.0,Điều dưỡng
46949,DQK,dieu-duong,B00,Điểm thi THPT,2023,19.0,Điều dưỡng
46950,DQK,dieu-duong,D07,Điểm thi THPT,2023,19.0,Điều dưỡng
46951,DQK,dieu-duong,A00,Điểm học bạ,2024,19.5,Điều dưỡng
46952,DQK,dieu-duong,A02,Điểm học bạ,2024,19.5,Điều dưỡng
46953,DQK,dieu-duong,B00,Điểm học bạ,2024,19.5,Điều dưỡng
46954,DQK,dieu-duong,D07,Điểm học bạ,2024,19.5,Điều dưỡng
46955,DQK,dieu-duong,A00,Điểm thi THPT,2024,19.0,Điều dưỡng
46956,DQK,dieu-duong,A02,Điểm thi THPT,2024,19.0,Điều dưỡng
46957,DQK,dieu-duong,B00,Điểm thi THPT,2024,19.0,Điều dưỡng
46958,DQK,dieu-duong,D07,Điểm thi THPT,2024,19.0,Điều dưỡng
46959,DQK,dieu-duong,A00,Điểm học bạ,2025,19.5,Điều dưỡng
46960,DQK,dieu-duong,A01,Điểm học bạ,2025,19.5,Điều dưỡng
46961,DQK,dieu-duong,A02,Điểm học bạ,2025,19.5,Điều dưỡng
46962,DQK,dieu-duong,B00,Điểm học bạ,2025,19.5,Điều dưỡng
46963,DQK,dieu-duong,D07,Điểm học bạ,2025,19.5,Điều dưỡng
46964,DQK,dieu-duong,X06,Điểm học bạ,2025,19.5,Điều dưỡng
46965,DQK,dieu-duong,X09,Điểm học bạ,2025,19.5,Điều dưỡng
46966,DQK,dieu-duong,X10,Điểm học bạ,2025,19.5,Điều dưỡng
46967,DQK,dieu-duong,X13,Điểm học bạ,2025,19.5,Điều dưỡng
46968,DQK,dieu-duong,A00,Điểm thi THPT,2025,17.0,Điều dưỡng
46969,DQK,dieu-duong,A01,Điểm thi THPT,2025,17.0,Điều dưỡng
46970,DQK,dieu-duong,A02,Điểm thi THPT,2025,17.0,Điều dưỡng
46971,DQK,dieu-duong,B00,Điểm thi THPT,2025,17.0,Điều dưỡng
46972,DQK,dieu-duong,D07,Điểm thi THPT,2025,17.0,Điều dưỡng
46973,DQK,dieu-duong,X06,Điểm thi THPT,2025,17.0,Điều dưỡng
46974,DQK,dieu-duong,X09,Điểm thi THPT,2025,17.0,Điều dưỡng
46975,DQK,dieu-duong,X10,Điểm thi THPT,2025,17.0,Điều dưỡng
46976,DQK,dieu-duong,X13,Điểm thi THPT,2025,17.0,Điều dưỡng
46977,DQK,duoc-hoc,A00,Điểm thi THPT,2021,21.5,Dược học
46978,DQK,duoc-hoc,A02,Điểm thi THPT,2021,21.5,Dược học
46979,DQK,duoc-hoc,B00,Điểm thi THPT,2021,21.5,Dược học
46980,DQK,duoc-hoc,D07,Điểm thi THPT,2021,21.5,Dược học
46981,DQK,duoc-hoc,A00,Điểm thi THPT,2022,25.0,Dược học
46982,DQK,duoc-hoc,A02,Điểm thi THPT,2022,25.0,Dược học
46983,DQK,duoc-hoc,B00,Điểm thi THPT,2022,25.0,Dược học
46984,DQK,duoc-hoc,D07,Điểm thi THPT,2022,25.0,Dược học
46985,DQK,duoc-hoc,A00,Điểm học bạ,2023,24.0,Dược học
46986,DQK,duoc-hoc,A02,Điểm học bạ,2023,24.0,Dược học
46987,DQK,duoc-hoc,B00,Điểm học bạ,2023,24.0,Dược học
46988,DQK,duoc-hoc,D07,Điểm học bạ,2023,24.0,Dược học
46989,DQK,duoc-hoc,A00,Điểm thi THPT,2023,21.0,Dược học
46990,DQK,duoc-hoc,A02,Điểm thi THPT,2023,21.0,Dược học
46991,DQK,duoc-hoc,B00,Điểm thi THPT,2023,21.0,Dược học
46992,DQK,duoc-hoc,D07,Điểm thi THPT,2023,21.0,Dược học
46993,DQK,duoc-hoc,A00,Điểm học bạ,2024,24.0,Dược học
46994,DQK,duoc-hoc,A02,Điểm học bạ,2024,24.0,Dược học
46995,DQK,duoc-hoc,B00,Điểm học bạ,2024,24.0,Dược học
46996,DQK,duoc-hoc,D07,Điểm học bạ,2024,24.0,Dược học
46997,DQK,duoc-hoc,A00,Điểm thi THPT,2024,21.0,Dược học
46998,DQK,duoc-hoc,A02,Điểm thi THPT,2024,21.0,Dược học
46999,DQK,duoc-hoc,B00,Điểm thi THPT,2024,21.0,Dược học
47000,DQK,duoc-hoc,D07,Điểm thi THPT,2024,21.0,Dược học
47001,DQK,duoc-hoc,A00,Điểm học bạ,2025,24.0,Dược học
47002,DQK,duoc-hoc,A01,Điểm học bạ,2025,24.0,Dược học
47003,DQK,duoc-hoc,A02,Điểm học bạ,2025,24.0,Dược học
47004,DQK,duoc-hoc,B00,Điểm học bạ,2025,24.0,Dược học
47005,DQK,duoc-hoc,D07,Điểm học bạ,2025,24.0,Dược học
47006,DQK,duoc-hoc,X06,Điểm học bạ,2025,24.0,Dược học
47007,DQK,duoc-hoc,X09,Điểm học bạ,2025,24.0,Dược học
47008,DQK,duoc-hoc,X10,Điểm học bạ,2025,24.0,Dược học
47009,DQK,duoc-hoc,X13,Điểm học bạ,2025,24.0,Dược học
47010,DQK,duoc-hoc,A00,Điểm thi THPT,2025,19.0,Dược học
47011,DQK,duoc-hoc,A01,Điểm thi THPT,2025,19.0,Dược học
47012,DQK,duoc-hoc,A02,Điểm thi THPT,2025,19.0,Dược học
47013,DQK,duoc-hoc,B00,Điểm thi THPT,2025,19.0,Dược học
47014,DQK,duoc-hoc,D07,Điểm thi THPT,2025,19.0,Dược học
47015,DQK,duoc-hoc,X06,Điểm thi THPT,2025,19.0,Dược học
47016,DQK,duoc-hoc,X09,Điểm thi THPT,2025,19.0,Dược học
47017,DQK,duoc-hoc,X10,Điểm thi THPT,2025,19.0,Dược học
47018,DQK,duoc-hoc,X13,Điểm thi THPT,2025,19.0,Dược học
47019,DQK,ke-toan,A00,Điểm thi THPT,2021,24.9,Kế toán
47020,DQK,ke-toan,A08,Điểm thi THPT,2021,24.9,Kế toán
47021,DQK,ke-toan,C03,Điểm thi THPT,2021,24.9,Kế toán
47022,DQK,ke-toan,D01,Điểm thi THPT,2021,24.9,Kế toán
47023,DQK,ke-toan,A00,Điểm thi THPT,2022,26.0,Kế toán
47024,DQK,ke-toan,A08,Điểm thi THPT,2022,26.0,Kế toán
47025,DQK,ke-toan,C03,Điểm thi THPT,2022,26.0,Kế toán
47026,DQK,ke-toan,D01,Điểm thi THPT,2022,26.0,Kế toán
47027,DQK,ke-toan,A00,Điểm học bạ,2023,20.5,Kế toán
47028,DQK,ke-toan,A08,Điểm học bạ,2023,20.5,Kế toán
47029,DQK,ke-toan,C03,Điểm học bạ,2023,20.5,Kế toán
47030,DQK,ke-toan,D01,Điểm học bạ,2023,20.5,Kế toán
47031,DQK,ke-toan,A00,Điểm thi THPT,2023,20.5,Kế toán
47032,DQK,ke-toan,A08,Điểm thi THPT,2023,20.5,Kế toán
47033,DQK,ke-toan,C03,Điểm thi THPT,2023,20.5,Kế toán
47034,DQK,ke-toan,D01,Điểm thi THPT,2023,20.5,Kế toán
47035,DQK,ke-toan,A00,Điểm học bạ,2024,24.5,Kế toán
47036,DQK,ke-toan,A08,Điểm học bạ,2024,24.5,Kế toán
47037,DQK,ke-toan,C03,Điểm học bạ,2024,24.5,Kế toán
47038,DQK,ke-toan,D01,Điểm học bạ,2024,24.5,Kế toán
47039,DQK,ke-toan,A00,Điểm thi THPT,2024,21.5,Kế toán
47040,DQK,ke-toan,A08,Điểm thi THPT,2024,21.5,Kế toán
47041,DQK,ke-toan,C03,Điểm thi THPT,2024,21.5,Kế toán
47042,DQK,ke-toan,D01,Điểm thi THPT,2024,21.5,Kế toán
47043,DQK,ke-toan,A00,Điểm học bạ,2025,17.0,Kế toán
47044,DQK,ke-toan,C01,Điểm học bạ,2025,17.0,Kế toán
47045,DQK,ke-toan,C03,Điểm học bạ,2025,17.0,Kế toán
47046,DQK,ke-toan,D01,Điểm học bạ,2025,17.0,Kế toán
47047,DQK,ke-toan,D09,Điểm học bạ,2025,17.0,Kế toán
47048,DQK,ke-toan,D10,Điểm học bạ,2025,17.0,Kế toán
47049,DQK,ke-toan,X17,Điểm học bạ,2025,17.0,Kế toán
47050,DQK,ke-toan,X25,Điểm học bạ,2025,17.0,Kế toán
47051,DQK,ke-toan,A00,Điểm thi THPT,2025,17.0,Kế toán
47052,DQK,ke-toan,C01,Điểm thi THPT,2025,17.0,Kế toán
47053,DQK,ke-toan,C03,Điểm thi THPT,2025,17.0,Kế toán
47054,DQK,ke-toan,D01,Điểm thi THPT,2025,17.0,Kế toán
47055,DQK,ke-toan,D09,Điểm thi THPT,2025,17.0,Kế toán
47056,DQK,ke-toan,D10,Điểm thi THPT,2025,17.0,Kế toán
47057,DQK,ke-toan,X17,Điểm thi THPT,2025,17.0,Kế toán
47058,DQK,ke-toan,X25,Điểm thi THPT,2025,17.0,Kế toán
47059,DQK,kien-truc,V00,Điểm thi THPT,2021,18.0,Kiến trúc
47060,DQK,kien-truc,V01,Điểm thi THPT,2021,18.0,Kiến trúc
47061,DQK,kien-truc,V02,Điểm thi THPT,2021,18.0,Kiến trúc
47062,DQK,kien-truc,V06,Điểm thi THPT,2021,18.0,Kiến trúc
47063,DQK,kien-truc,V00,Điểm thi THPT,2022,19.0,Kiến trúc
47064,DQK,kien-truc,V01,Điểm thi THPT,2022,19.0,Kiến trúc
47065,DQK,kien-truc,V02,Điểm thi THPT,2022,19.0,Kiến trúc
47066,DQK,kien-truc,V06,Điểm thi THPT,2022,19.0,Kiến trúc
47067,DQK,kien-truc,H06,Điểm học bạ,2023,19.0,Kiến trúc
47068,DQK,kien-truc,V00,Điểm học bạ,2023,19.0,Kiến trúc
47069,DQK,kien-truc,V01,Điểm học bạ,2023,19.0,Kiến trúc
47070,DQK,kien-truc,V02,Điểm học bạ,2023,19.0,Kiến trúc
47071,DQK,kien-truc,H06,Điểm thi THPT,2023,19.0,Kiến trúc
47072,DQK,kien-truc,V00,Điểm thi THPT,2023,19.0,Kiến trúc
47073,DQK,kien-truc,V01,Điểm thi THPT,2023,19.0,Kiến trúc
47074,DQK,kien-truc,V02,Điểm thi THPT,2023,19.0,Kiến trúc
47075,DQK,kien-truc,H06,Điểm học bạ,2024,19.0,Kiến trúc
47076,DQK,kien-truc,V00,Điểm học bạ,2024,19.0,Kiến trúc
47077,DQK,kien-truc,V01,Điểm học bạ,2024,19.0,Kiến trúc
47078,DQK,kien-truc,V02,Điểm học bạ,2024,19.0,Kiến trúc
47079,DQK,kien-truc,H06,Điểm thi THPT,2024,19.0,Kiến trúc
47080,DQK,kien-truc,V00,Điểm thi THPT,2024,19.0,Kiến trúc
47081,DQK,kien-truc,V01,Điểm thi THPT,2024,19.0,Kiến trúc
47082,DQK,kien-truc,V02,Điểm thi THPT,2024,19.0,Kiến trúc
47083,DQK,kien-truc,H00,Điểm học bạ,2025,17.0,Kiến trúc
47084,DQK,kien-truc,H02,Điểm học bạ,2025,17.0,Kiến trúc
47085,DQK,kien-truc,H06,Điểm học bạ,2025,17.0,Kiến trúc
47086,DQK,kien-truc,V00,Điểm học bạ,2025,17.0,Kiến trúc
47087,DQK,kien-truc,V01,Điểm học bạ,2025,17.0,Kiến trúc
47088,DQK,kien-truc,V02,Điểm học bạ,2025,17.0,Kiến trúc
47089,DQK,kien-truc,V03,Điểm học bạ,2025,17.0,Kiến trúc
47090,DQK,kien-truc,V06,Điểm học bạ,2025,17.0,Kiến trúc
47091,DQK,kien-truc,H00,Điểm thi THPT,2025,17.0,Kiến trúc
47092,DQK,kien-truc,H02,Điểm thi THPT,2025,17.0,Kiến trúc
47093,DQK,kien-truc,H06,Điểm thi THPT,2025,17.0,Kiến trúc
47094,DQK,kien-truc,V00,Điểm thi THPT,2025,17.0,Kiến trúc
47095,DQK,kien-truc,V01,Điểm thi THPT,2025,17.0,Kiến trúc
47096,DQK,kien-truc,V02,Điểm thi THPT,2025,17.0,Kiến trúc
47097,DQK,kien-truc,V03,Điểm thi THPT,2025,17.0,Kiến trúc
47098,DQK,kien-truc,V06,Điểm thi THPT,2025,17.0,Kiến trúc
47099,DQK,kinh-doanh-quoc-te,A00,Điểm thi THPT,2021,25.5,Kinh doanh quốc tế
47100,DQK,kinh-doanh-quoc-te,A09,Điểm thi THPT,2021,25.5,Kinh doanh quốc tế
47101,DQK,kinh-doanh-quoc-te,C04,Điểm thi THPT,2021,25.5,Kinh doanh quốc tế
47102,DQK,kinh-doanh-quoc-te,D01,Điểm thi THPT,2021,25.5,Kinh doanh quốc tế
47103,DQK,kinh-doanh-quoc-te,A00,Điểm thi THPT,2022,26.0,Kinh doanh quốc tế
47104,DQK,kinh-doanh-quoc-te,A09,Điểm thi THPT,2022,26.0,Kinh doanh quốc tế
47105,DQK,kinh-doanh-quoc-te,C04,Điểm thi THPT,2022,26.0,Kinh doanh quốc tế
47106,DQK,kinh-doanh-quoc-te,D01,Điểm thi THPT,2022,26.0,Kinh doanh quốc tế
47107,DQK,kinh-doanh-quoc-te,A00,Điểm học bạ,2023,21.0,Kinh doanh quốc tế
47108,DQK,kinh-doanh-quoc-te,A09,Điểm học bạ,2023,21.0,Kinh doanh quốc tế
47109,DQK,kinh-doanh-quoc-te,C04,Điểm học bạ,2023,21.0,Kinh doanh quốc tế
47110,DQK,kinh-doanh-quoc-te,D01,Điểm học bạ,2023,21.0,Kinh doanh quốc tế
47111,DQK,kinh-doanh-quoc-te,A00,Điểm thi THPT,2023,21.0,Kinh doanh quốc tế
47112,DQK,kinh-doanh-quoc-te,A09,Điểm thi THPT,2023,21.0,Kinh doanh quốc tế
47113,DQK,kinh-doanh-quoc-te,C04,Điểm thi THPT,2023,21.0,Kinh doanh quốc tế
47114,DQK,kinh-doanh-quoc-te,D01,Điểm thi THPT,2023,21.0,Kinh doanh quốc tế
47115,DQK,kinh-doanh-quoc-te,A00,Điểm học bạ,2024,24.0,Kinh doanh quốc tế
47116,DQK,kinh-doanh-quoc-te,A09,Điểm học bạ,2024,24.0,Kinh doanh quốc tế
47117,DQK,kinh-doanh-quoc-te,C04,Điểm học bạ,2024,24.0,Kinh doanh quốc tế
47118,DQK,kinh-doanh-quoc-te,D01,Điểm học bạ,2024,24.0,Kinh doanh quốc tế
47119,DQK,kinh-doanh-quoc-te,A00,Điểm thi THPT,2024,21.0,Kinh doanh quốc tế
47120,DQK,kinh-doanh-quoc-te,A09,Điểm thi THPT,2024,21.0,Kinh doanh quốc tế
47121,DQK,kinh-doanh-quoc-te,C04,Điểm thi THPT,2024,21.0,Kinh doanh quốc tế
47122,DQK,kinh-doanh-quoc-te,D01,Điểm thi THPT,2024,21.0,Kinh doanh quốc tế
47123,DQK,kinh-doanh-quoc-te,A00,Điểm học bạ,2025,17.0,Kinh doanh quốc tế
47124,DQK,kinh-doanh-quoc-te,C04,Điểm học bạ,2025,17.0,Kinh doanh quốc tế
47125,DQK,kinh-doanh-quoc-te,D01,Điểm học bạ,2025,17.0,Kinh doanh quốc tế
47126,DQK,kinh-doanh-quoc-te,D09,Điểm học bạ,2025,17.0,Kinh doanh quốc tế
47127,DQK,kinh-doanh-quoc-te,D10,Điểm học bạ,2025,17.0,Kinh doanh quốc tế
47128,DQK,kinh-doanh-quoc-te,D25,Điểm học bạ,2025,17.0,Kinh doanh quốc tế
47129,DQK,kinh-doanh-quoc-te,X21,Điểm học bạ,2025,17.0,Kinh doanh quốc tế
47130,DQK,kinh-doanh-quoc-te,A00,Điểm thi THPT,2025,17.0,Kinh doanh quốc tế
47131,DQK,kinh-doanh-quoc-te,C04,Điểm thi THPT,2025,17.0,Kinh doanh quốc tế
47132,DQK,kinh-doanh-quoc-te,D01,Điểm thi THPT,2025,17.0,Kinh doanh quốc tế
47133,DQK,kinh-doanh-quoc-te,D09,Điểm thi THPT,2025,17.0,Kinh doanh quốc tế
47134,DQK,kinh-doanh-quoc-te,D10,Điểm thi THPT,2025,17.0,Kinh doanh quốc tế
47135,DQK,kinh-doanh-quoc-te,D25,Điểm thi THPT,2025,17.0,Kinh doanh quốc tế
47136,DQK,kinh-doanh-quoc-te,X21,Điểm thi THPT,2025,17.0,Kinh doanh quốc tế
47137,DQK,kinh-te,A00,Điểm thi THPT,2022,25.5,Kinh tế
47138,DQK,kinh-te,A01,Điểm thi THPT,2022,25.5,Kinh tế
47139,DQK,kinh-te,A08,Điểm thi THPT,2022,25.5,Kinh tế
47140,DQK,kinh-te,D01,Điểm thi THPT,2022,25.5,Kinh tế
47141,DQK,kinh-te,A00,Điểm học bạ,2023,19.0,Kinh tế
47142,DQK,kinh-te,A01,Điểm học bạ,2023,19.0,Kinh tế
47143,DQK,kinh-te,A08,Điểm học bạ,2023,19.0,Kinh tế
47144,DQK,kinh-te,D01,Điểm học bạ,2023,19.0,Kinh tế
47145,DQK,kinh-te,A00,Điểm thi THPT,2023,19.0,Kinh tế
47146,DQK,kinh-te,A01,Điểm thi THPT,2023,19.0,Kinh tế
47147,DQK,kinh-te,A08,Điểm thi THPT,2023,19.0,Kinh tế
47148,DQK,kinh-te,D01,Điểm thi THPT,2023,19.0,Kinh tế
47149,DQK,kinh-te,A00,Điểm học bạ,2024,23.0,Kinh tế
47150,DQK,kinh-te,A01,Điểm học bạ,2024,23.0,Kinh tế
47151,DQK,kinh-te,A08,Điểm học bạ,2024,23.0,Kinh tế
47152,DQK,kinh-te,D01,Điểm học bạ,2024,23.0,Kinh tế
47153,DQK,kinh-te,A00,Điểm thi THPT,2024,21.0,Kinh tế
47154,DQK,kinh-te,A01,Điểm thi THPT,2024,21.0,Kinh tế
47155,DQK,kinh-te,A08,Điểm thi THPT,2024,21.0,Kinh tế
47156,DQK,kinh-te,D01,Điểm thi THPT,2024,21.0,Kinh tế
47157,DQK,kinh-te,A00,Điểm học bạ,2025,17.0,Kinh tế
47158,DQK,kinh-te,A01,Điểm học bạ,2025,17.0,Kinh tế
47159,DQK,kinh-te,D01,Điểm học bạ,2025,17.0,Kinh tế
47160,DQK,kinh-te,X05,Điểm học bạ,2025,17.0,Kinh tế
47161,DQK,kinh-te,X06,Điểm học bạ,2025,17.0,Kinh tế
47162,DQK,kinh-te,X11,Điểm học bạ,2025,17.0,Kinh tế
47163,DQK,kinh-te,X17,Điểm học bạ,2025,17.0,Kinh tế
47164,DQK,kinh-te,X21,Điểm học bạ,2025,17.0,Kinh tế
47165,DQK,kinh-te,A00,Điểm thi THPT,2025,17.0,Kinh tế
47166,DQK,kinh-te,A01,Điểm thi THPT,2025,17.0,Kinh tế
47167,DQK,kinh-te,D01,Điểm thi THPT,2025,17.0,Kinh tế
47168,DQK,kinh-te,X05,Điểm thi THPT,2025,17.0,Kinh tế
47169,DQK,kinh-te,X06,Điểm thi THPT,2025,17.0,Kinh tế
47170,DQK,kinh-te,X11,Điểm thi THPT,2025,17.0,Kinh tế
47171,DQK,kinh-te,X17,Điểm thi THPT,2025,17.0,Kinh tế
47172,DQK,kinh-te,X21,Điểm thi THPT,2025,17.0,Kinh tế
47173,DQK,ky-thuat-xay-dung,A00,Điểm thi THPT,2021,19.75,Kỹ thuật xây dựng
47174,DQK,ky-thuat-xay-dung,A01,Điểm thi THPT,2021,19.75,Kỹ thuật xây dựng
47175,DQK,ky-thuat-xay-dung,B08,Điểm thi THPT,2021,19.75,Kỹ thuật xây dựng
47176,DQK,ky-thuat-xay-dung,C14,Điểm thi THPT,2021,19.75,Kỹ thuật xây dựng
47177,DQK,ky-thuat-xay-dung,A00,Điểm thi THPT,2022,21.0,Kỹ thuật xây dựng
47178,DQK,ky-thuat-xay-dung,A01,Điểm thi THPT,2022,21.0,Kỹ thuật xây dựng
47179,DQK,ky-thuat-xay-dung,B08,Điểm thi THPT,2022,21.0,Kỹ thuật xây dựng
47180,DQK,ky-thuat-xay-dung,C14,Điểm thi THPT,2022,21.0,Kỹ thuật xây dựng
47181,DQK,ky-thuat-xay-dung,A00,Điểm học bạ,2023,19.0,Kỹ thuật xây dựng
47182,DQK,ky-thuat-xay-dung,A01,Điểm học bạ,2023,19.0,Kỹ thuật xây dựng
47183,DQK,ky-thuat-xay-dung,B08,Điểm học bạ,2023,19.0,Kỹ thuật xây dựng
47184,DQK,ky-thuat-xay-dung,C14,Điểm học bạ,2023,19.0,Kỹ thuật xây dựng
47185,DQK,ky-thuat-xay-dung,A00,Điểm thi THPT,2023,19.0,Kỹ thuật xây dựng
47186,DQK,ky-thuat-xay-dung,A01,Điểm thi THPT,2023,19.0,Kỹ thuật xây dựng
47187,DQK,ky-thuat-xay-dung,B08,Điểm thi THPT,2023,19.0,Kỹ thuật xây dựng
47188,DQK,ky-thuat-xay-dung,C14,Điểm thi THPT,2023,19.0,Kỹ thuật xây dựng
47189,DQK,ky-thuat-xay-dung,A00,Điểm học bạ,2024,19.0,Kỹ thuật xây dựng
47190,DQK,ky-thuat-xay-dung,A01,Điểm học bạ,2024,19.0,Kỹ thuật xây dựng
47191,DQK,ky-thuat-xay-dung,B08,Điểm học bạ,2024,19.0,Kỹ thuật xây dựng
47192,DQK,ky-thuat-xay-dung,C14,Điểm học bạ,2024,19.0,Kỹ thuật xây dựng
47193,DQK,ky-thuat-xay-dung,A00,Điểm thi THPT,2024,19.0,Kỹ thuật xây dựng
47194,DQK,ky-thuat-xay-dung,A01,Điểm thi THPT,2024,19.0,Kỹ thuật xây dựng
47195,DQK,ky-thuat-xay-dung,B08,Điểm thi THPT,2024,19.0,Kỹ thuật xây dựng
47196,DQK,ky-thuat-xay-dung,C14,Điểm thi THPT,2024,19.0,Kỹ thuật xây dựng
47197,DQK,ky-thuat-xay-dung,A00,Điểm học bạ,2025,17.0,Kỹ thuật xây dựng
47198,DQK,ky-thuat-xay-dung,A01,Điểm học bạ,2025,17.0,Kỹ thuật xây dựng
47199,DQK,ky-thuat-xay-dung,A04,Điểm học bạ,2025,17.0,Kỹ thuật xây dựng
47200,DQK,ky-thuat-xay-dung,X01,Điểm học bạ,2025,17.0,Kỹ thuật xây dựng
47201,DQK,ky-thuat-xay-dung,X05,Điểm học bạ,2025,17.0,Kỹ thuật xây dựng
47202,DQK,ky-thuat-xay-dung,X06,Điểm học bạ,2025,17.0,Kỹ thuật xây dựng
47203,DQK,ky-thuat-xay-dung,X11,Điểm học bạ,2025,17.0,Kỹ thuật xây dựng
47204,DQK,ky-thuat-xay-dung,X21,Điểm học bạ,2025,17.0,Kỹ thuật xây dựng
47205,DQK,ky-thuat-xay-dung,A00,Điểm thi THPT,2025,17.0,Kỹ thuật xây dựng
47206,DQK,ky-thuat-xay-dung,A01,Điểm thi THPT,2025,17.0,Kỹ thuật xây dựng
47207,DQK,ky-thuat-xay-dung,A04,Điểm thi THPT,2025,17.0,Kỹ thuật xây dựng
47208,DQK,ky-thuat-xay-dung,X01,Điểm thi THPT,2025,17.0,Kỹ thuật xây dựng
47209,DQK,ky-thuat-xay-dung,X05,Điểm thi THPT,2025,17.0,Kỹ thuật xây dựng
47210,DQK,ky-thuat-xay-dung,X06,Điểm thi THPT,2025,17.0,Kỹ thuật xây dựng
47211,DQK,ky-thuat-xay-dung,X11,Điểm thi THPT,2025,17.0,Kỹ thuật xây dựng
47212,DQK,ky-thuat-xay-dung,X21,Điểm thi THPT,2025,17.0,Kỹ thuật xây dựng
47213,DQK,luat-kinh-te,A00,Điểm thi THPT,2021,25.0,Luật kinh tế
47214,DQK,luat-kinh-te,C00,Điểm thi THPT,2021,25.0,Luật kinh tế
47215,DQK,luat-kinh-te,C14,Điểm thi THPT,2021,25.0,Luật kinh tế
47216,DQK,luat-kinh-te,D01,Điểm thi THPT,2021,25.0,Luật kinh tế
47217,DQK,luat-kinh-te,A00,Điểm thi THPT,2022,26.0,Luật kinh tế
47218,DQK,luat-kinh-te,C00,Điểm thi THPT,2022,26.0,Luật kinh tế
47219,DQK,luat-kinh-te,C14,Điểm thi THPT,2022,26.0,Luật kinh tế
47220,DQK,luat-kinh-te,D01,Điểm thi THPT,2022,26.0,Luật kinh tế
47221,DQK,luat-kinh-te,A00,Điểm học bạ,2023,19.0,Luật kinh tế
47222,DQK,luat-kinh-te,C00,Điểm học bạ,2023,19.0,Luật kinh tế
47223,DQK,luat-kinh-te,C14,Điểm học bạ,2023,19.0,Luật kinh tế
47224,DQK,luat-kinh-te,D01,Điểm học bạ,2023,19.0,Luật kinh tế
47225,DQK,luat-kinh-te,A00,Điểm thi THPT,2023,19.0,Luật kinh tế
47226,DQK,luat-kinh-te,C00,Điểm thi THPT,2023,19.0,Luật kinh tế
47227,DQK,luat-kinh-te,C14,Điểm thi THPT,2023,19.0,Luật kinh tế
47228,DQK,luat-kinh-te,D01,Điểm thi THPT,2023,19.0,Luật kinh tế
47229,DQK,luat-kinh-te,A00,Điểm học bạ,2024,24.5,Luật kinh tế
47230,DQK,luat-kinh-te,C00,Điểm học bạ,2024,24.5,Luật kinh tế
47231,DQK,luat-kinh-te,C14,Điểm học bạ,2024,24.5,Luật kinh tế
47232,DQK,luat-kinh-te,D01,Điểm học bạ,2024,24.5,Luật kinh tế
47233,DQK,luat-kinh-te,A00,Điểm thi THPT,2024,22.5,Luật kinh tế
47234,DQK,luat-kinh-te,C00,Điểm thi THPT,2024,22.5,Luật kinh tế
47235,DQK,luat-kinh-te,C14,Điểm thi THPT,2024,22.5,Luật kinh tế
47236,DQK,luat-kinh-te,D01,Điểm thi THPT,2024,22.5,Luật kinh tế
47237,DQK,luat-kinh-te,A00,Điểm học bạ,2025,18.0,Luật kinh tế
47238,DQK,luat-kinh-te,C00,Điểm học bạ,2025,18.0,Luật kinh tế
47239,DQK,luat-kinh-te,C03,Điểm học bạ,2025,18.0,Luật kinh tế
47240,DQK,luat-kinh-te,D01,Điểm học bạ,2025,18.0,Luật kinh tế
47241,DQK,luat-kinh-te,D09,Điểm học bạ,2025,18.0,Luật kinh tế
47242,DQK,luat-kinh-te,D10,Điểm học bạ,2025,18.0,Luật kinh tế
47243,DQK,luat-kinh-te,X01,Điểm học bạ,2025,18.0,Luật kinh tế
47244,DQK,luat-kinh-te,X25,Điểm học bạ,2025,18.0,Luật kinh tế
47245,DQK,luat-kinh-te,A00,Điểm thi THPT,2025,18.0,Luật kinh tế
47246,DQK,luat-kinh-te,C00,Điểm thi THPT,2025,18.0,Luật kinh tế
47247,DQK,luat-kinh-te,C03,Điểm thi THPT,2025,18.0,Luật kinh tế
47248,DQK,luat-kinh-te,D01,Điểm thi THPT,2025,18.0,Luật kinh tế
47249,DQK,luat-kinh-te,D09,Điểm thi THPT,2025,18.0,Luật kinh tế
47250,DQK,luat-kinh-te,D10,Điểm thi THPT,2025,18.0,Luật kinh tế
47251,DQK,luat-kinh-te,X01,Điểm thi THPT,2025,18.0,Luật kinh tế
47252,DQK,luat-kinh-te,X25,Điểm thi THPT,2025,18.0,Luật kinh tế
47253,DQK,ngon-ngu-anh,C00,Điểm thi THPT,2021,25.0,Ngôn ngữ Anh
47254,DQK,ngon-ngu-anh,D01,Điểm thi THPT,2021,25.0,Ngôn ngữ Anh
47255,DQK,ngon-ngu-anh,D09,Điểm thi THPT,2021,25.0,Ngôn ngữ Anh
47256,DQK,ngon-ngu-anh,D66,Điểm thi THPT,2021,25.0,Ngôn ngữ Anh
47257,DQK,ngon-ngu-anh,C00,Điểm thi THPT,2022,26.0,Ngôn ngữ Anh
47258,DQK,ngon-ngu-anh,D01,Điểm thi THPT,2022,26.0,Ngôn ngữ Anh
47259,DQK,ngon-ngu-anh,D09,Điểm thi THPT,2022,26.0,Ngôn ngữ Anh
47260,DQK,ngon-ngu-anh,D66,Điểm thi THPT,2022,26.0,Ngôn ngữ Anh
47261,DQK,ngon-ngu-anh,C00,Điểm học bạ,2023,19.0,Ngôn ngữ Anh
47262,DQK,ngon-ngu-anh,D01,Điểm học bạ,2023,19.0,Ngôn ngữ Anh
47263,DQK,ngon-ngu-anh,D09,Điểm học bạ,2023,19.0,Ngôn ngữ Anh
47264,DQK,ngon-ngu-anh,D66,Điểm học bạ,2023,19.0,Ngôn ngữ Anh
47265,DQK,ngon-ngu-anh,C00,Điểm thi THPT,2023,19.0,Ngôn ngữ Anh
47266,DQK,ngon-ngu-anh,D01,Điểm thi THPT,2023,19.0,Ngôn ngữ Anh
47267,DQK,ngon-ngu-anh,D09,Điểm thi THPT,2023,19.0,Ngôn ngữ Anh
47268,DQK,ngon-ngu-anh,D66,Điểm thi THPT,2023,19.0,Ngôn ngữ Anh
47269,DQK,ngon-ngu-anh,C00,Điểm học bạ,2024,20.0,Ngôn ngữ Anh
47270,DQK,ngon-ngu-anh,D01,Điểm học bạ,2024,20.0,Ngôn ngữ Anh
47271,DQK,ngon-ngu-anh,D09,Điểm học bạ,2024,20.0,Ngôn ngữ Anh
47272,DQK,ngon-ngu-anh,D66,Điểm học bạ,2024,20.0,Ngôn ngữ Anh
47273,DQK,ngon-ngu-anh,C00,Điểm thi THPT,2024,19.0,Ngôn ngữ Anh
47274,DQK,ngon-ngu-anh,D01,Điểm thi THPT,2024,19.0,Ngôn ngữ Anh
47275,DQK,ngon-ngu-anh,D09,Điểm thi THPT,2024,19.0,Ngôn ngữ Anh
47276,DQK,ngon-ngu-anh,D66,Điểm thi THPT,2024,19.0,Ngôn ngữ Anh
47277,DQK,ngon-ngu-anh,C00,Điểm học bạ,2025,17.0,Ngôn ngữ Anh
47278,DQK,ngon-ngu-anh,D01,Điểm học bạ,2025,17.0,Ngôn ngữ Anh
47279,DQK,ngon-ngu-anh,D09,Điểm học bạ,2025,17.0,Ngôn ngữ Anh
47280,DQK,ngon-ngu-anh,D14,Điểm học bạ,2025,17.0,Ngôn ngữ Anh
47281,DQK,ngon-ngu-anh,D15,Điểm học bạ,2025,17.0,Ngôn ngữ Anh
47282,DQK,ngon-ngu-anh,X25,Điểm học bạ,2025,17.0,Ngôn ngữ Anh
47283,DQK,ngon-ngu-anh,X78,Điểm học bạ,2025,17.0,Ngôn ngữ Anh
47284,DQK,ngon-ngu-anh,C00,Điểm thi THPT,2025,17.0,Ngôn ngữ Anh
47285,DQK,ngon-ngu-anh,D01,Điểm thi THPT,2025,17.0,Ngôn ngữ Anh
47286,DQK,ngon-ngu-anh,D09,Điểm thi THPT,2025,17.0,Ngôn ngữ Anh
47287,DQK,ngon-ngu-anh,D14,Điểm thi THPT,2025,17.0,Ngôn ngữ Anh
47288,DQK,ngon-ngu-anh,D15,Điểm thi THPT,2025,17.0,Ngôn ngữ Anh
47289,DQK,ngon-ngu-anh,X25,Điểm thi THPT,2025,17.0,Ngôn ngữ Anh
47290,DQK,ngon-ngu-anh,X78,Điểm thi THPT,2025,17.0,Ngôn ngữ Anh
47291,DQK,ngon-ngu-nga,C00,Điểm thi THPT,2021,20.1,Ngôn ngữ Nga
47292,DQK,ngon-ngu-nga,D01,Điểm thi THPT,2021,20.1,Ngôn ngữ Nga
47293,DQK,ngon-ngu-nga,D09,Điểm thi THPT,2021,20.1,Ngôn ngữ Nga
47294,DQK,ngon-ngu-nga,D66,Điểm thi THPT,2021,20.1,Ngôn ngữ Nga
47295,DQK,ngon-ngu-nga,C00,Điểm thi THPT,2022,21.0,Ngôn ngữ Nga
47296,DQK,ngon-ngu-nga,D01,Điểm thi THPT,2022,21.0,Ngôn ngữ Nga
47297,DQK,ngon-ngu-nga,D09,Điểm thi THPT,2022,21.0,Ngôn ngữ Nga
47298,DQK,ngon-ngu-nga,D66,Điểm thi THPT,2022,21.0,Ngôn ngữ Nga
47299,DQK,ngon-ngu-nga,C00,Điểm học bạ,2023,19.0,Ngôn ngữ Nga
47300,DQK,ngon-ngu-nga,D01,Điểm học bạ,2023,19.0,Ngôn ngữ Nga
47301,DQK,ngon-ngu-nga,D09,Điểm học bạ,2023,19.0,Ngôn ngữ Nga
47302,DQK,ngon-ngu-nga,D66,Điểm học bạ,2023,19.0,Ngôn ngữ Nga
47303,DQK,ngon-ngu-nga,C00,Điểm thi THPT,2023,19.0,Ngôn ngữ Nga
47304,DQK,ngon-ngu-nga,D01,Điểm thi THPT,2023,19.0,Ngôn ngữ Nga
47305,DQK,ngon-ngu-nga,D09,Điểm thi THPT,2023,19.0,Ngôn ngữ Nga
47306,DQK,ngon-ngu-nga,D66,Điểm thi THPT,2023,19.0,Ngôn ngữ Nga
47307,DQK,ngon-ngu-nga,C00,Điểm học bạ,2024,19.0,Ngôn ngữ Nga
47308,DQK,ngon-ngu-nga,D01,Điểm học bạ,2024,19.0,Ngôn ngữ Nga
47309,DQK,ngon-ngu-nga,D09,Điểm học bạ,2024,19.0,Ngôn ngữ Nga
47310,DQK,ngon-ngu-nga,D66,Điểm học bạ,2024,19.0,Ngôn ngữ Nga
47311,DQK,ngon-ngu-nga,C00,Điểm thi THPT,2024,19.0,Ngôn ngữ Nga
47312,DQK,ngon-ngu-nga,D01,Điểm thi THPT,2024,19.0,Ngôn ngữ Nga
47313,DQK,ngon-ngu-nga,D09,Điểm thi THPT,2024,19.0,Ngôn ngữ Nga
47314,DQK,ngon-ngu-nga,D66,Điểm thi THPT,2024,19.0,Ngôn ngữ Nga
47315,DQK,ngon-ngu-nga,C00,Điểm học bạ,2025,17.0,Ngôn ngữ Nga
47316,DQK,ngon-ngu-nga,D01,Điểm học bạ,2025,17.0,Ngôn ngữ Nga
47317,DQK,ngon-ngu-nga,D09,Điểm học bạ,2025,17.0,Ngôn ngữ Nga
47318,DQK,ngon-ngu-nga,D14,Điểm học bạ,2025,17.0,Ngôn ngữ Nga
47319,DQK,ngon-ngu-nga,D15,Điểm học bạ,2025,17.0,Ngôn ngữ Nga
47320,DQK,ngon-ngu-nga,X25,Điểm học bạ,2025,17.0,Ngôn ngữ Nga
47321,DQK,ngon-ngu-nga,X78,Điểm học bạ,2025,17.0,Ngôn ngữ Nga
47322,DQK,ngon-ngu-nga,C00,Điểm thi THPT,2025,17.0,Ngôn ngữ Nga
47323,DQK,ngon-ngu-nga,D01,Điểm thi THPT,2025,17.0,Ngôn ngữ Nga
47324,DQK,ngon-ngu-nga,D09,Điểm thi THPT,2025,17.0,Ngôn ngữ Nga
47325,DQK,ngon-ngu-nga,D14,Điểm thi THPT,2025,17.0,Ngôn ngữ Nga
47326,DQK,ngon-ngu-nga,D15,Điểm thi THPT,2025,17.0,Ngôn ngữ Nga
47327,DQK,ngon-ngu-nga,X25,Điểm thi THPT,2025,17.0,Ngôn ngữ Nga
47328,DQK,ngon-ngu-nga,X78,Điểm thi THPT,2025,17.0,Ngôn ngữ Nga
47329,DQK,ngon-ngu-trung-quoc,C00,Điểm thi THPT,2021,26.0,Ngôn ngữ Trung Quốc
47330,DQK,ngon-ngu-trung-quoc,D01,Điểm thi THPT,2021,26.0,Ngôn ngữ Trung Quốc
47331,DQK,ngon-ngu-trung-quoc,D14,Điểm thi THPT,2021,26.0,Ngôn ngữ Trung Quốc
47332,DQK,ngon-ngu-trung-quoc,D15,Điểm thi THPT,2021,26.0,Ngôn ngữ Trung Quốc
47333,DQK,ngon-ngu-trung-quoc,C00,Điểm thi THPT,2022,26.5,Ngôn ngữ Trung Quốc
47334,DQK,ngon-ngu-trung-quoc,D01,Điểm thi THPT,2022,26.5,Ngôn ngữ Trung Quốc
47335,DQK,ngon-ngu-trung-quoc,D14,Điểm thi THPT,2022,26.5,Ngôn ngữ Trung Quốc
47336,DQK,ngon-ngu-trung-quoc,D15,Điểm thi THPT,2022,26.5,Ngôn ngữ Trung Quốc
47337,DQK,ngon-ngu-trung-quoc,C00,Điểm học bạ,2023,22.5,Ngôn ngữ Trung Quốc
47338,DQK,ngon-ngu-trung-quoc,D01,Điểm học bạ,2023,22.5,Ngôn ngữ Trung Quốc
47339,DQK,ngon-ngu-trung-quoc,D14,Điểm học bạ,2023,22.5,Ngôn ngữ Trung Quốc
47340,DQK,ngon-ngu-trung-quoc,D15,Điểm học bạ,2023,22.5,Ngôn ngữ Trung Quốc
47341,DQK,ngon-ngu-trung-quoc,C00,Điểm thi THPT,2023,22.5,Ngôn ngữ Trung Quốc
47342,DQK,ngon-ngu-trung-quoc,D01,Điểm thi THPT,2023,22.5,Ngôn ngữ Trung Quốc
47343,DQK,ngon-ngu-trung-quoc,D14,Điểm thi THPT,2023,22.5,Ngôn ngữ Trung Quốc
47344,DQK,ngon-ngu-trung-quoc,D15,Điểm thi THPT,2023,22.5,Ngôn ngữ Trung Quốc
47345,DQK,ngon-ngu-trung-quoc,C00,Điểm học bạ,2024,24.5,Ngôn ngữ Trung Quốc
47346,DQK,ngon-ngu-trung-quoc,D01,Điểm học bạ,2024,24.5,Ngôn ngữ Trung Quốc
47347,DQK,ngon-ngu-trung-quoc,D14,Điểm học bạ,2024,24.5,Ngôn ngữ Trung Quốc
47348,DQK,ngon-ngu-trung-quoc,D15,Điểm học bạ,2024,24.5,Ngôn ngữ Trung Quốc
47349,DQK,ngon-ngu-trung-quoc,C00,Điểm thi THPT,2024,24.0,Ngôn ngữ Trung Quốc
47350,DQK,ngon-ngu-trung-quoc,D01,Điểm thi THPT,2024,24.0,Ngôn ngữ Trung Quốc
47351,DQK,ngon-ngu-trung-quoc,D14,Điểm thi THPT,2024,24.0,Ngôn ngữ Trung Quốc
47352,DQK,ngon-ngu-trung-quoc,D15,Điểm thi THPT,2024,24.0,Ngôn ngữ Trung Quốc
47353,DQK,ngon-ngu-trung-quoc,C00,Điểm học bạ,2025,22.7,Ngôn ngữ Trung Quốc
47354,DQK,ngon-ngu-trung-quoc,D01,Điểm học bạ,2025,22.7,Ngôn ngữ Trung Quốc
47355,DQK,ngon-ngu-trung-quoc,D09,Điểm học bạ,2025,22.7,Ngôn ngữ Trung Quốc
47356,DQK,ngon-ngu-trung-quoc,D14,Điểm học bạ,2025,22.7,Ngôn ngữ Trung Quốc
47357,DQK,ngon-ngu-trung-quoc,D15,Điểm học bạ,2025,22.7,Ngôn ngữ Trung Quốc
47358,DQK,ngon-ngu-trung-quoc,X25,Điểm học bạ,2025,22.7,Ngôn ngữ Trung Quốc
47359,DQK,ngon-ngu-trung-quoc,X78,Điểm học bạ,2025,22.7,Ngôn ngữ Trung Quốc
47360,DQK,ngon-ngu-trung-quoc,C00,Điểm thi THPT,2025,21.0,Ngôn ngữ Trung Quốc
47361,DQK,ngon-ngu-trung-quoc,D01,Điểm thi THPT,2025,21.0,Ngôn ngữ Trung Quốc
47362,DQK,ngon-ngu-trung-quoc,D09,Điểm thi THPT,2025,21.0,Ngôn ngữ Trung Quốc
47363,DQK,ngon-ngu-trung-quoc,D14,Điểm thi THPT,2025,21.0,Ngôn ngữ Trung Quốc
47364,DQK,ngon-ngu-trung-quoc,D15,Điểm thi THPT,2025,21.0,Ngôn ngữ Trung Quốc
47365,DQK,ngon-ngu-trung-quoc,X25,Điểm thi THPT,2025,21.0,Ngôn ngữ Trung Quốc
47366,DQK,ngon-ngu-trung-quoc,X78,Điểm thi THPT,2025,21.0,Ngôn ngữ Trung Quốc
47367,DQK,quan-ly-do-thi-va-cong-trinh,A00,Điểm thi THPT,2021,21.0,Quản lý đô thị và công trình
47368,DQK,quan-ly-do-thi-va-cong-trinh,A01,Điểm thi THPT,2021,21.0,Quản lý đô thị và công trình
47369,DQK,quan-ly-do-thi-va-cong-trinh,C00,Điểm thi THPT,2021,21.0,Quản lý đô thị và công trình
47370,DQK,quan-ly-do-thi-va-cong-trinh,D01,Điểm thi THPT,2021,21.0,Quản lý đô thị và công trình
47371,DQK,quan-ly-do-thi-va-cong-trinh,A00,Điểm thi THPT,2022,22.0,Quản lý đô thị và công trình
47372,DQK,quan-ly-do-thi-va-cong-trinh,A01,Điểm thi THPT,2022,22.0,Quản lý đô thị và công trình
47373,DQK,quan-ly-do-thi-va-cong-trinh,C00,Điểm thi THPT,2022,22.0,Quản lý đô thị và công trình
47374,DQK,quan-ly-do-thi-va-cong-trinh,D01,Điểm thi THPT,2022,22.0,Quản lý đô thị và công trình
47375,DQK,quan-ly-do-thi-va-cong-trinh,A00,Điểm học bạ,2023,19.0,Quản lý đô thị và công trình
47376,DQK,quan-ly-do-thi-va-cong-trinh,A01,Điểm học bạ,2023,19.0,Quản lý đô thị và công trình
47377,DQK,quan-ly-do-thi-va-cong-trinh,C00,Điểm học bạ,2023,19.0,Quản lý đô thị và công trình
47378,DQK,quan-ly-do-thi-va-cong-trinh,D01,Điểm học bạ,2023,19.0,Quản lý đô thị và công trình
47379,DQK,quan-ly-do-thi-va-cong-trinh,A00,Điểm thi THPT,2023,19.0,Quản lý đô thị và công trình
47380,DQK,quan-ly-do-thi-va-cong-trinh,A01,Điểm thi THPT,2023,19.0,Quản lý đô thị và công trình
47381,DQK,quan-ly-do-thi-va-cong-trinh,C00,Điểm thi THPT,2023,19.0,Quản lý đô thị và công trình
47382,DQK,quan-ly-do-thi-va-cong-trinh,D01,Điểm thi THPT,2023,19.0,Quản lý đô thị và công trình
47383,DQK,quan-ly-do-thi-va-cong-trinh,A00,Điểm học bạ,2024,19.0,Quản lý đô thị và công trình
47384,DQK,quan-ly-do-thi-va-cong-trinh,A01,Điểm học bạ,2024,19.0,Quản lý đô thị và công trình
47385,DQK,quan-ly-do-thi-va-cong-trinh,C00,Điểm học bạ,2024,19.0,Quản lý đô thị và công trình
47386,DQK,quan-ly-do-thi-va-cong-trinh,D01,Điểm học bạ,2024,19.0,Quản lý đô thị và công trình
47387,DQK,quan-ly-do-thi-va-cong-trinh,A00,Điểm thi THPT,2024,19.0,Quản lý đô thị và công trình
47388,DQK,quan-ly-do-thi-va-cong-trinh,A01,Điểm thi THPT,2024,19.0,Quản lý đô thị và công trình
47389,DQK,quan-ly-do-thi-va-cong-trinh,C00,Điểm thi THPT,2024,19.0,Quản lý đô thị và công trình
47390,DQK,quan-ly-do-thi-va-cong-trinh,D01,Điểm thi THPT,2024,19.0,Quản lý đô thị và công trình
47391,DQK,quan-ly-do-thi-va-cong-trinh,A00,Điểm học bạ,2025,17.0,Quản lý đô thị và công trình
47392,DQK,quan-ly-do-thi-va-cong-trinh,A01,Điểm học bạ,2025,17.0,Quản lý đô thị và công trình
47393,DQK,quan-ly-do-thi-va-cong-trinh,C00,Điểm học bạ,2025,17.0,Quản lý đô thị và công trình
47394,DQK,quan-ly-do-thi-va-cong-trinh,D01,Điểm học bạ,2025,17.0,Quản lý đô thị và công trình
47395,DQK,quan-ly-do-thi-va-cong-trinh,X05,Điểm học bạ,2025,17.0,Quản lý đô thị và công trình
47396,DQK,quan-ly-do-thi-va-cong-trinh,X06,Điểm học bạ,2025,17.0,Quản lý đô thị và công trình
47397,DQK,quan-ly-do-thi-va-cong-trinh,X11,Điểm học bạ,2025,17.0,Quản lý đô thị và công trình
47398,DQK,quan-ly-do-thi-va-cong-trinh,X21,Điểm học bạ,2025,17.0,Quản lý đô thị và công trình
47399,DQK,quan-ly-do-thi-va-cong-trinh,A00,Điểm thi THPT,2025,17.0,Quản lý đô thị và công trình
47400,DQK,quan-ly-do-thi-va-cong-trinh,A01,Điểm thi THPT,2025,17.0,Quản lý đô thị và công trình
47401,DQK,quan-ly-do-thi-va-cong-trinh,C00,Điểm thi THPT,2025,17.0,Quản lý đô thị và công trình
47402,DQK,quan-ly-do-thi-va-cong-trinh,D01,Điểm thi THPT,2025,17.0,Quản lý đô thị và công trình
47403,DQK,quan-ly-do-thi-va-cong-trinh,X05,Điểm thi THPT,2025,17.0,Quản lý đô thị và công trình
47404,DQK,quan-ly-do-thi-va-cong-trinh,X06,Điểm thi THPT,2025,17.0,Quản lý đô thị và công trình
47405,DQK,quan-ly-do-thi-va-cong-trinh,X11,Điểm thi THPT,2025,17.0,Quản lý đô thị và công trình
47406,DQK,quan-ly-do-thi-va-cong-trinh,X21,Điểm thi THPT,2025,17.0,Quản lý đô thị và công trình
47407,DQK,quan-ly-kinh-te,A00,Điểm thi THPT,2021,23.25,Quản lý kinh tế
47408,DQK,quan-ly-kinh-te,A01,Điểm thi THPT,2021,23.25,Quản lý kinh tế
47409,DQK,quan-ly-kinh-te,A08,Điểm thi THPT,2021,23.25,Quản lý kinh tế
47410,DQK,quan-ly-kinh-te,D01,Điểm thi THPT,2021,23.25,Quản lý kinh tế
47411,DQK,quan-ly-nha-nuoc,C00,Điểm thi THPT,2021,22.0,Quản lý nhà nước
47412,DQK,quan-ly-nha-nuoc,C19,Điểm thi THPT,2021,22.0,Quản lý nhà nước
47413,DQK,quan-ly-nha-nuoc,D01,Điểm thi THPT,2021,22.0,Quản lý nhà nước
47414,DQK,quan-ly-nha-nuoc,D66,Điểm thi THPT,2021,22.0,Quản lý nhà nước
47415,DQK,quan-ly-nha-nuoc,C00,Điểm thi THPT,2022,21.0,Quản lý nhà nước
47416,DQK,quan-ly-nha-nuoc,C19,Điểm thi THPT,2022,21.0,Quản lý nhà nước
47417,DQK,quan-ly-nha-nuoc,D01,Điểm thi THPT,2022,21.0,Quản lý nhà nước
47418,DQK,quan-ly-nha-nuoc,D66,Điểm thi THPT,2022,21.0,Quản lý nhà nước
47419,DQK,quan-ly-nha-nuoc,C00,Điểm học bạ,2023,19.0,Quản lý nhà nước
47420,DQK,quan-ly-nha-nuoc,C19,Điểm học bạ,2023,19.0,Quản lý nhà nước
47421,DQK,quan-ly-nha-nuoc,D01,Điểm học bạ,2023,19.0,Quản lý nhà nước
47422,DQK,quan-ly-nha-nuoc,D66,Điểm học bạ,2023,19.0,Quản lý nhà nước
47423,DQK,quan-ly-nha-nuoc,C00,Điểm thi THPT,2023,19.0,Quản lý nhà nước
47424,DQK,quan-ly-nha-nuoc,C19,Điểm thi THPT,2023,19.0,Quản lý nhà nước
47425,DQK,quan-ly-nha-nuoc,D01,Điểm thi THPT,2023,19.0,Quản lý nhà nước
47426,DQK,quan-ly-nha-nuoc,D66,Điểm thi THPT,2023,19.0,Quản lý nhà nước
47427,DQK,quan-ly-nha-nuoc,C00,Điểm học bạ,2024,19.0,Quản lý nhà nước
47428,DQK,quan-ly-nha-nuoc,C19,Điểm học bạ,2024,19.0,Quản lý nhà nước
47429,DQK,quan-ly-nha-nuoc,D01,Điểm học bạ,2024,19.0,Quản lý nhà nước
47430,DQK,quan-ly-nha-nuoc,D66,Điểm học bạ,2024,19.0,Quản lý nhà nước
47431,DQK,quan-ly-nha-nuoc,C00,Điểm thi THPT,2024,19.0,Quản lý nhà nước
47432,DQK,quan-ly-nha-nuoc,C19,Điểm thi THPT,2024,19.0,Quản lý nhà nước
47433,DQK,quan-ly-nha-nuoc,D01,Điểm thi THPT,2024,19.0,Quản lý nhà nước
47434,DQK,quan-ly-nha-nuoc,D66,Điểm thi THPT,2024,19.0,Quản lý nhà nước
47435,DQK,quan-ly-nha-nuoc,C00,Điểm học bạ,2025,17.0,Quản lý nhà nước
47436,DQK,quan-ly-nha-nuoc,C04,Điểm học bạ,2025,17.0,Quản lý nhà nước
47437,DQK,quan-ly-nha-nuoc,D01,Điểm học bạ,2025,17.0,Quản lý nhà nước
47438,DQK,quan-ly-nha-nuoc,X05,Điểm học bạ,2025,17.0,Quản lý nhà nước
47439,DQK,quan-ly-nha-nuoc,X21,Điểm học bạ,2025,17.0,Quản lý nhà nước
47440,DQK,quan-ly-nha-nuoc,X62,Điểm học bạ,2025,17.0,Quản lý nhà nước
47441,DQK,quan-ly-nha-nuoc,X70,Điểm học bạ,2025,17.0,Quản lý nhà nước
47442,DQK,quan-ly-nha-nuoc,X78,Điểm học bạ,2025,17.0,Quản lý nhà nước
47443,DQK,quan-ly-nha-nuoc,C00,Điểm thi THPT,2025,17.0,Quản lý nhà nước
47444,DQK,quan-ly-nha-nuoc,C04,Điểm thi THPT,2025,17.0,Quản lý nhà nước
47445,DQK,quan-ly-nha-nuoc,D01,Điểm thi THPT,2025,17.0,Quản lý nhà nước
47446,DQK,quan-ly-nha-nuoc,X05,Điểm thi THPT,2025,17.0,Quản lý nhà nước
47447,DQK,quan-ly-nha-nuoc,X21,Điểm thi THPT,2025,17.0,Quản lý nhà nước
47448,DQK,quan-ly-nha-nuoc,X62,Điểm thi THPT,2025,17.0,Quản lý nhà nước
47449,DQK,quan-ly-nha-nuoc,X70,Điểm thi THPT,2025,17.0,Quản lý nhà nước
47450,DQK,quan-ly-nha-nuoc,X78,Điểm thi THPT,2025,17.0,Quản lý nhà nước
47451,DQK,quan-ly-tai-nguyen-va-moi-truong,A00,Điểm thi THPT,2021,22.0,Quản lý tài nguyên và môi trường
47452,DQK,quan-ly-tai-nguyen-va-moi-truong,B00,Điểm thi THPT,2021,22.0,Quản lý tài nguyên và môi trường
47453,DQK,quan-ly-tai-nguyen-va-moi-truong,C00,Điểm thi THPT,2021,22.0,Quản lý tài nguyên và môi trường
47454,DQK,quan-ly-tai-nguyen-va-moi-truong,D01,Điểm thi THPT,2021,22.0,Quản lý tài nguyên và môi trường
47455,DQK,quan-ly-tai-nguyen-va-moi-truong,A00,Điểm học bạ,2023,19.0,Quản lý tài nguyên và môi trường
47456,DQK,quan-ly-tai-nguyen-va-moi-truong,B00,Điểm học bạ,2023,19.0,Quản lý tài nguyên và môi trường
47457,DQK,quan-ly-tai-nguyen-va-moi-truong,C00,Điểm học bạ,2023,19.0,Quản lý tài nguyên và môi trường
47458,DQK,quan-ly-tai-nguyen-va-moi-truong,D01,Điểm học bạ,2023,19.0,Quản lý tài nguyên và môi trường
47459,DQK,quan-ly-tai-nguyen-va-moi-truong,A00,Điểm thi THPT,2023,19.0,Quản lý tài nguyên và môi trường
47460,DQK,quan-ly-tai-nguyen-va-moi-truong,B00,Điểm thi THPT,2023,19.0,Quản lý tài nguyên và môi trường
47461,DQK,quan-ly-tai-nguyen-va-moi-truong,C00,Điểm thi THPT,2023,19.0,Quản lý tài nguyên và môi trường
47462,DQK,quan-ly-tai-nguyen-va-moi-truong,D01,Điểm thi THPT,2023,19.0,Quản lý tài nguyên và môi trường
47463,DQK,quan-ly-tai-nguyen-va-moi-truong,A00,Điểm học bạ,2024,19.0,Quản lý tài nguyên và môi trường
47464,DQK,quan-ly-tai-nguyen-va-moi-truong,B00,Điểm học bạ,2024,19.0,Quản lý tài nguyên và môi trường
47465,DQK,quan-ly-tai-nguyen-va-moi-truong,C00,Điểm học bạ,2024,19.0,Quản lý tài nguyên và môi trường
47466,DQK,quan-ly-tai-nguyen-va-moi-truong,D01,Điểm học bạ,2024,19.0,Quản lý tài nguyên và môi trường
47467,DQK,quan-ly-tai-nguyen-va-moi-truong,A00,Điểm thi THPT,2024,19.0,Quản lý tài nguyên và môi trường
47468,DQK,quan-ly-tai-nguyen-va-moi-truong,B00,Điểm thi THPT,2024,19.0,Quản lý tài nguyên và môi trường
47469,DQK,quan-ly-tai-nguyen-va-moi-truong,C00,Điểm thi THPT,2024,19.0,Quản lý tài nguyên và môi trường
47470,DQK,quan-ly-tai-nguyen-va-moi-truong,D01,Điểm thi THPT,2024,19.0,Quản lý tài nguyên và môi trường
47471,DQK,quan-ly-tai-nguyen-va-moi-truong,A00,Điểm học bạ,2025,17.0,Quản lý tài nguyên và môi trường
47472,DQK,quan-ly-tai-nguyen-va-moi-truong,A06,Điểm học bạ,2025,17.0,Quản lý tài nguyên và môi trường
47473,DQK,quan-ly-tai-nguyen-va-moi-truong,B00,Điểm học bạ,2025,17.0,Quản lý tài nguyên và môi trường
47474,DQK,quan-ly-tai-nguyen-va-moi-truong,D07,Điểm học bạ,2025,17.0,Quản lý tài nguyên và môi trường
47475,DQK,quan-ly-tai-nguyen-va-moi-truong,D12,Điểm học bạ,2025,17.0,Quản lý tài nguyên và môi trường
47476,DQK,quan-ly-tai-nguyen-va-moi-truong,X01,Điểm học bạ,2025,17.0,Quản lý tài nguyên và môi trường
47477,DQK,quan-ly-tai-nguyen-va-moi-truong,X13,Điểm học bạ,2025,17.0,Quản lý tài nguyên và môi trường
47478,DQK,quan-ly-tai-nguyen-va-moi-truong,X62,Điểm học bạ,2025,17.0,Quản lý tài nguyên và môi trường
47479,DQK,quan-ly-tai-nguyen-va-moi-truong,A00,Điểm thi THPT,2025,17.0,Quản lý tài nguyên và môi trường
47480,DQK,quan-ly-tai-nguyen-va-moi-truong,A06,Điểm thi THPT,2025,17.0,Quản lý tài nguyên và môi trường
47481,DQK,quan-ly-tai-nguyen-va-moi-truong,B00,Điểm thi THPT,2025,17.0,Quản lý tài nguyên và môi trường
47482,DQK,quan-ly-tai-nguyen-va-moi-truong,D07,Điểm thi THPT,2025,17.0,Quản lý tài nguyên và môi trường
47483,DQK,quan-ly-tai-nguyen-va-moi-truong,D12,Điểm thi THPT,2025,17.0,Quản lý tài nguyên và môi trường
47484,DQK,quan-ly-tai-nguyen-va-moi-truong,X01,Điểm thi THPT,2025,17.0,Quản lý tài nguyên và môi trường
47485,DQK,quan-ly-tai-nguyen-va-moi-truong,X13,Điểm thi THPT,2025,17.0,Quản lý tài nguyên và môi trường
47486,DQK,quan-ly-tai-nguyen-va-moi-truong,X62,Điểm thi THPT,2025,17.0,Quản lý tài nguyên và môi trường
47487,DQK,quan-tri-dich-vu-du-lich-va-lu-hanh,A00,Điểm thi THPT,2021,26.0,Quản trị dịch vụ du lịch và lữ hành
47488,DQK,quan-tri-dich-vu-du-lich-va-lu-hanh,A07,Điểm thi THPT,2021,26.0,Quản trị dịch vụ du lịch và lữ hành
47489,DQK,quan-tri-dich-vu-du-lich-va-lu-hanh,C00,Điểm thi THPT,2021,26.0,Quản trị dịch vụ du lịch và lữ hành
47490,DQK,quan-tri-dich-vu-du-lich-va-lu-hanh,D66,Điểm thi THPT,2021,26.0,Quản trị dịch vụ du lịch và lữ hành
47491,DQK,quan-tri-dich-vu-du-lich-va-lu-hanh,A00,Điểm học bạ,2023,19.0,Quản trị dịch vụ du lịch và lữ hành
47492,DQK,quan-tri-dich-vu-du-lich-va-lu-hanh,A07,Điểm học bạ,2023,19.0,Quản trị dịch vụ du lịch và lữ hành
47493,DQK,quan-tri-dich-vu-du-lich-va-lu-hanh,C00,Điểm học bạ,2023,19.0,Quản trị dịch vụ du lịch và lữ hành
47494,DQK,quan-tri-dich-vu-du-lich-va-lu-hanh,D66,Điểm học bạ,2023,19.0,Quản trị dịch vụ du lịch và lữ hành
47495,DQK,quan-tri-dich-vu-du-lich-va-lu-hanh,A00,Điểm thi THPT,2023,19.0,Quản trị dịch vụ du lịch và lữ hành
47496,DQK,quan-tri-dich-vu-du-lich-va-lu-hanh,A07,Điểm thi THPT,2023,19.0,Quản trị dịch vụ du lịch và lữ hành
47497,DQK,quan-tri-dich-vu-du-lich-va-lu-hanh,C00,Điểm thi THPT,2023,19.0,Quản trị dịch vụ du lịch và lữ hành
47498,DQK,quan-tri-dich-vu-du-lich-va-lu-hanh,D66,Điểm thi THPT,2023,19.0,Quản trị dịch vụ du lịch và lữ hành
47499,DQK,quan-tri-dich-vu-du-lich-va-lu-hanh,A00,Điểm học bạ,2024,24.5,Quản trị dịch vụ du lịch và lữ hành
47500,DQK,quan-tri-dich-vu-du-lich-va-lu-hanh,A07,Điểm học bạ,2024,24.5,Quản trị dịch vụ du lịch và lữ hành
47501,DQK,quan-tri-dich-vu-du-lich-va-lu-hanh,C00,Điểm học bạ,2024,24.5,Quản trị dịch vụ du lịch và lữ hành
47502,DQK,quan-tri-dich-vu-du-lich-va-lu-hanh,D66,Điểm học bạ,2024,24.5,Quản trị dịch vụ du lịch và lữ hành
47503,DQK,quan-tri-dich-vu-du-lich-va-lu-hanh,A00,Điểm thi THPT,2024,22.5,Quản trị dịch vụ du lịch và lữ hành
47504,DQK,quan-tri-dich-vu-du-lich-va-lu-hanh,A07,Điểm thi THPT,2024,22.5,Quản trị dịch vụ du lịch và lữ hành
47505,DQK,quan-tri-dich-vu-du-lich-va-lu-hanh,C00,Điểm thi THPT,2024,22.5,Quản trị dịch vụ du lịch và lữ hành
47506,DQK,quan-tri-dich-vu-du-lich-va-lu-hanh,D66,Điểm thi THPT,2024,22.5,Quản trị dịch vụ du lịch và lữ hành
47507,DQK,quan-tri-dich-vu-du-lich-va-lu-hanh,A00,Điểm học bạ,2025,23.1,Quản trị dịch vụ du lịch và lữ hành
47508,DQK,quan-tri-dich-vu-du-lich-va-lu-hanh,A07,Điểm học bạ,2025,23.1,Quản trị dịch vụ du lịch và lữ hành
47509,DQK,quan-tri-dich-vu-du-lich-va-lu-hanh,C00,Điểm học bạ,2025,23.1,Quản trị dịch vụ du lịch và lữ hành
47510,DQK,quan-tri-dich-vu-du-lich-va-lu-hanh,C04,Điểm học bạ,2025,23.1,Quản trị dịch vụ du lịch và lữ hành
47511,DQK,quan-tri-dich-vu-du-lich-va-lu-hanh,X05,Điểm học bạ,2025,23.1,Quản trị dịch vụ du lịch và lữ hành
47512,DQK,quan-tri-dich-vu-du-lich-va-lu-hanh,X21,Điểm học bạ,2025,23.1,Quản trị dịch vụ du lịch và lữ hành
47513,DQK,quan-tri-dich-vu-du-lich-va-lu-hanh,X74,Điểm học bạ,2025,23.1,Quản trị dịch vụ du lịch và lữ hành
47514,DQK,quan-tri-dich-vu-du-lich-va-lu-hanh,X78,Điểm học bạ,2025,23.1,Quản trị dịch vụ du lịch và lữ hành
47515,DQK,quan-tri-dich-vu-du-lich-va-lu-hanh,A00,Điểm thi THPT,2025,21.5,Quản trị dịch vụ du lịch và lữ hành
47516,DQK,quan-tri-dich-vu-du-lich-va-lu-hanh,A07,Điểm thi THPT,2025,21.5,Quản trị dịch vụ du lịch và lữ hành
47517,DQK,quan-tri-dich-vu-du-lich-va-lu-hanh,C00,Điểm thi THPT,2025,21.5,Quản trị dịch vụ du lịch và lữ hành
47518,DQK,quan-tri-dich-vu-du-lich-va-lu-hanh,C04,Điểm thi THPT,2025,21.5,Quản trị dịch vụ du lịch và lữ hành
47519,DQK,quan-tri-dich-vu-du-lich-va-lu-hanh,X05,Điểm thi THPT,2025,21.5,Quản trị dịch vụ du lịch và lữ hành
47520,DQK,quan-tri-dich-vu-du-lich-va-lu-hanh,X21,Điểm thi THPT,2025,21.5,Quản trị dịch vụ du lịch và lữ hành
47521,DQK,quan-tri-dich-vu-du-lich-va-lu-hanh,X74,Điểm thi THPT,2025,21.5,Quản trị dịch vụ du lịch và lữ hành
47522,DQK,quan-tri-dich-vu-du-lich-va-lu-hanh,X78,Điểm thi THPT,2025,21.5,Quản trị dịch vụ du lịch và lữ hành
47523,DQK,quan-tri-kinh-doanh,A00,Điểm thi THPT,2021,26.0,Quản trị kinh doanh
47524,DQK,quan-tri-kinh-doanh,A01,Điểm thi THPT,2021,26.0,Quản trị kinh doanh
47525,DQK,quan-tri-kinh-doanh,A08,Điểm thi THPT,2021,26.0,Quản trị kinh doanh
47526,DQK,quan-tri-kinh-doanh,D01,Điểm thi THPT,2021,26.0,Quản trị kinh doanh
47527,DQK,quan-tri-kinh-doanh,A00,Điểm thi THPT,2022,26.5,Quản trị kinh doanh
47528,DQK,quan-tri-kinh-doanh,A01,Điểm thi THPT,2022,26.5,Quản trị kinh doanh
47529,DQK,quan-tri-kinh-doanh,A08,Điểm thi THPT,2022,26.5,Quản trị kinh doanh
47530,DQK,quan-tri-kinh-doanh,D01,Điểm thi THPT,2022,26.5,Quản trị kinh doanh
47531,DQK,quan-tri-kinh-doanh,A00,Điểm học bạ,2023,22.0,Quản trị kinh doanh
47532,DQK,quan-tri-kinh-doanh,A01,Điểm học bạ,2023,22.0,Quản trị kinh doanh
47533,DQK,quan-tri-kinh-doanh,A08,Điểm học bạ,2023,22.0,Quản trị kinh doanh
47534,DQK,quan-tri-kinh-doanh,D01,Điểm học bạ,2023,22.0,Quản trị kinh doanh
47535,DQK,quan-tri-kinh-doanh,A00,Điểm thi THPT,2023,22.0,Quản trị kinh doanh
47536,DQK,quan-tri-kinh-doanh,A01,Điểm thi THPT,2023,22.0,Quản trị kinh doanh
47537,DQK,quan-tri-kinh-doanh,A08,Điểm thi THPT,2023,22.0,Quản trị kinh doanh
47538,DQK,quan-tri-kinh-doanh,D01,Điểm thi THPT,2023,22.0,Quản trị kinh doanh
47539,DQK,quan-tri-kinh-doanh,A00,Điểm học bạ,2024,24.0,Quản trị kinh doanh
47540,DQK,quan-tri-kinh-doanh,A01,Điểm học bạ,2024,24.0,Quản trị kinh doanh
47541,DQK,quan-tri-kinh-doanh,A08,Điểm học bạ,2024,24.0,Quản trị kinh doanh
47542,DQK,quan-tri-kinh-doanh,D01,Điểm học bạ,2024,24.0,Quản trị kinh doanh
47543,DQK,quan-tri-kinh-doanh,A00,Điểm thi THPT,2024,22.5,Quản trị kinh doanh
47544,DQK,quan-tri-kinh-doanh,A01,Điểm thi THPT,2024,22.5,Quản trị kinh doanh
47545,DQK,quan-tri-kinh-doanh,A08,Điểm thi THPT,2024,22.5,Quản trị kinh doanh
47546,DQK,quan-tri-kinh-doanh,D01,Điểm thi THPT,2024,22.5,Quản trị kinh doanh
47547,DQK,quan-tri-kinh-doanh,A00,Điểm học bạ,2025,17.0,Quản trị kinh doanh
47548,DQK,quan-tri-kinh-doanh,A01,Điểm học bạ,2025,17.0,Quản trị kinh doanh
47549,DQK,quan-tri-kinh-doanh,C04,Điểm học bạ,2025,17.0,Quản trị kinh doanh
47550,DQK,quan-tri-kinh-doanh,D01,Điểm học bạ,2025,17.0,Quản trị kinh doanh
47551,DQK,quan-tri-kinh-doanh,D09,Điểm học bạ,2025,17.0,Quản trị kinh doanh
47552,DQK,quan-tri-kinh-doanh,D10,Điểm học bạ,2025,17.0,Quản trị kinh doanh
47553,DQK,quan-tri-kinh-doanh,X17,Điểm học bạ,2025,17.0,Quản trị kinh doanh
47554,DQK,quan-tri-kinh-doanh,X25,Điểm học bạ,2025,17.0,Quản trị kinh doanh
47555,DQK,quan-tri-kinh-doanh,A00,Điểm thi THPT,2025,17.0,Quản trị kinh doanh
47556,DQK,quan-tri-kinh-doanh,A01,Điểm thi THPT,2025,17.0,Quản trị kinh doanh
47557,DQK,quan-tri-kinh-doanh,C04,Điểm thi THPT,2025,17.0,Quản trị kinh doanh
47558,DQK,quan-tri-kinh-doanh,D01,Điểm thi THPT,2025,17.0,Quản trị kinh doanh
47559,DQK,quan-tri-kinh-doanh,D09,Điểm thi THPT,2025,17.0,Quản trị kinh doanh
47560,DQK,quan-tri-kinh-doanh,D10,Điểm thi THPT,2025,17.0,Quản trị kinh doanh
47561,DQK,quan-tri-kinh-doanh,X17,Điểm thi THPT,2025,17.0,Quản trị kinh doanh
47562,DQK,quan-tri-kinh-doanh,X25,Điểm thi THPT,2025,17.0,Quản trị kinh doanh
47563,DQK,rang-ham-mat,A00,Điểm thi THPT,2021,24.0,Răng Hàm Mặt
47564,DQK,rang-ham-mat,A02,Điểm thi THPT,2021,24.0,Răng Hàm Mặt
47565,DQK,rang-ham-mat,B00,Điểm thi THPT,2021,24.0,Răng Hàm Mặt
47566,DQK,rang-ham-mat,D08,Điểm thi THPT,2021,24.0,Răng Hàm Mặt
47567,DQK,rang-ham-mat,A00,Điểm thi THPT,2022,25.5,Răng Hàm Mặt
47568,DQK,rang-ham-mat,A02,Điểm thi THPT,2022,25.5,Răng Hàm Mặt
47569,DQK,rang-ham-mat,B00,Điểm thi THPT,2022,25.5,Răng Hàm Mặt
47570,DQK,rang-ham-mat,D08,Điểm thi THPT,2022,25.5,Răng Hàm Mặt
47571,DQK,rang-ham-mat,A00,Điểm học bạ,2023,25.5,Răng Hàm Mặt
47572,DQK,rang-ham-mat,A02,Điểm học bạ,2023,25.5,Răng Hàm Mặt
47573,DQK,rang-ham-mat,B00,Điểm học bạ,2023,25.5,Răng Hàm Mặt
47574,DQK,rang-ham-mat,D08,Điểm học bạ,2023,25.5,Răng Hàm Mặt
47575,DQK,rang-ham-mat,A00,Điểm thi THPT,2023,23.5,Răng Hàm Mặt
47576,DQK,rang-ham-mat,A02,Điểm thi THPT,2023,23.5,Răng Hàm Mặt
47577,DQK,rang-ham-mat,B00,Điểm thi THPT,2023,23.5,Răng Hàm Mặt
47578,DQK,rang-ham-mat,D08,Điểm thi THPT,2023,23.5,Răng Hàm Mặt
47579,DQK,rang-ham-mat,A00,Điểm học bạ,2024,25.5,Răng - Hàm - Mặt
47580,DQK,rang-ham-mat,A02,Điểm học bạ,2024,25.5,Răng - Hàm - Mặt
47581,DQK,rang-ham-mat,B00,Điểm học bạ,2024,25.5,Răng - Hàm - Mặt
47582,DQK,rang-ham-mat,D08,Điểm học bạ,2024,25.5,Răng - Hàm - Mặt
47583,DQK,rang-ham-mat,A00,Điểm thi THPT,2024,24.0,Răng - Hàm - Mặt
47584,DQK,rang-ham-mat,A02,Điểm thi THPT,2024,24.0,Răng - Hàm - Mặt
47585,DQK,rang-ham-mat,B00,Điểm thi THPT,2024,24.0,Răng - Hàm - Mặt
47586,DQK,rang-ham-mat,D08,Điểm thi THPT,2024,24.0,Răng - Hàm - Mặt
47587,DQK,rang-ham-mat,A00,Điểm học bạ,2025,24.0,Răng - hàm mặt
47588,DQK,rang-ham-mat,A02,Điểm học bạ,2025,24.0,Răng - hàm mặt
47589,DQK,rang-ham-mat,B00,Điểm học bạ,2025,24.0,Răng - hàm mặt
47590,DQK,rang-ham-mat,D08,Điểm học bạ,2025,24.0,Răng - hàm mặt
47591,DQK,rang-ham-mat,A00,Điểm thi THPT,2025,20.5,Răng - hàm mặt
47592,DQK,rang-ham-mat,A02,Điểm thi THPT,2025,20.5,Răng - hàm mặt
47593,DQK,rang-ham-mat,B00,Điểm thi THPT,2025,20.5,Răng - hàm mặt
47594,DQK,rang-ham-mat,D08,Điểm thi THPT,2025,20.5,Răng - hàm mặt
47595,DQK,tai-chinh-ngan-hang,A00,Điểm thi THPT,2021,25.25,Tài chính - Ngân Hàng
47596,DQK,tai-chinh-ngan-hang,A01,Điểm thi THPT,2021,25.25,Tài chính - Ngân Hàng
47597,DQK,tai-chinh-ngan-hang,C14,Điểm thi THPT,2021,25.25,Tài chính - Ngân Hàng
47598,DQK,tai-chinh-ngan-hang,D10,Điểm thi THPT,2021,25.25,Tài chính - Ngân Hàng
47599,DQK,tai-chinh-ngan-hang,A00,Điểm thi THPT,2022,26.0,Tài chính Ngân hàng
47600,DQK,tai-chinh-ngan-hang,A01,Điểm thi THPT,2022,26.0,Tài chính Ngân hàng
47601,DQK,tai-chinh-ngan-hang,C14,Điểm thi THPT,2022,26.0,Tài chính Ngân hàng
47602,DQK,tai-chinh-ngan-hang,D10,Điểm thi THPT,2022,26.0,Tài chính Ngân hàng
47603,DQK,tai-chinh-ngan-hang,A00,Điểm học bạ,2023,20.0,Tài chính Ngân hàng
47604,DQK,tai-chinh-ngan-hang,A01,Điểm học bạ,2023,20.0,Tài chính Ngân hàng
47605,DQK,tai-chinh-ngan-hang,C14,Điểm học bạ,2023,20.0,Tài chính Ngân hàng
47606,DQK,tai-chinh-ngan-hang,D10,Điểm học bạ,2023,20.0,Tài chính Ngân hàng
47607,DQK,tai-chinh-ngan-hang,A00,Điểm thi THPT,2023,20.0,Tài chính Ngân hàng
47608,DQK,tai-chinh-ngan-hang,A01,Điểm thi THPT,2023,20.0,Tài chính Ngân hàng
47609,DQK,tai-chinh-ngan-hang,C14,Điểm thi THPT,2023,20.0,Tài chính Ngân hàng
47610,DQK,tai-chinh-ngan-hang,D10,Điểm thi THPT,2023,20.0,Tài chính Ngân hàng
47611,DQK,tai-chinh-ngan-hang,A00,Điểm học bạ,2024,21.5,Tài chính - Ngân hàng
47612,DQK,tai-chinh-ngan-hang,A01,Điểm học bạ,2024,21.5,Tài chính - Ngân hàng
47613,DQK,tai-chinh-ngan-hang,C14,Điểm học bạ,2024,21.5,Tài chính - Ngân hàng
47614,DQK,tai-chinh-ngan-hang,D10,Điểm học bạ,2024,21.5,Tài chính - Ngân hàng
47615,DQK,tai-chinh-ngan-hang,A00,Điểm thi THPT,2024,21.0,Tài chính - Ngân hàng
47616,DQK,tai-chinh-ngan-hang,A01,Điểm thi THPT,2024,21.0,Tài chính - Ngân hàng
47617,DQK,tai-chinh-ngan-hang,C14,Điểm thi THPT,2024,21.0,Tài chính - Ngân hàng
47618,DQK,tai-chinh-ngan-hang,D10,Điểm thi THPT,2024,21.0,Tài chính - Ngân hàng
47619,DQK,tai-chinh-ngan-hang,A00,Điểm học bạ,2025,17.0,Tài chính - ngân hàng
47620,DQK,tai-chinh-ngan-hang,A01,Điểm học bạ,2025,17.0,Tài chính - ngân hàng
47621,DQK,tai-chinh-ngan-hang,C03,Điểm học bạ,2025,17.0,Tài chính - ngân hàng
47622,DQK,tai-chinh-ngan-hang,D01,Điểm học bạ,2025,17.0,Tài chính - ngân hàng
47623,DQK,tai-chinh-ngan-hang,D10,Điểm học bạ,2025,17.0,Tài chính - ngân hàng
47624,DQK,tai-chinh-ngan-hang,X01,Điểm học bạ,2025,17.0,Tài chính - ngân hàng
47625,DQK,tai-chinh-ngan-hang,X17,Điểm học bạ,2025,17.0,Tài chính - ngân hàng
47626,DQK,tai-chinh-ngan-hang,X25,Điểm học bạ,2025,17.0,Tài chính - ngân hàng
47627,DQK,tai-chinh-ngan-hang,A00,Điểm thi THPT,2025,17.0,Tài chính - ngân hàng
47628,DQK,tai-chinh-ngan-hang,A01,Điểm thi THPT,2025,17.0,Tài chính - ngân hàng
47629,DQK,tai-chinh-ngan-hang,C03,Điểm thi THPT,2025,17.0,Tài chính - ngân hàng
47630,DQK,tai-chinh-ngan-hang,D01,Điểm thi THPT,2025,17.0,Tài chính - ngân hàng
47631,DQK,tai-chinh-ngan-hang,D10,Điểm thi THPT,2025,17.0,Tài chính - ngân hàng
47632,DQK,tai-chinh-ngan-hang,X01,Điểm thi THPT,2025,17.0,Tài chính - ngân hàng
47633,DQK,tai-chinh-ngan-hang,X17,Điểm thi THPT,2025,17.0,Tài chính - ngân hàng
47634,DQK,tai-chinh-ngan-hang,X25,Điểm thi THPT,2025,17.0,Tài chính - ngân hàng
47635,DQK,thiet-ke-cong-nghiep,H00,Điểm thi THPT,2021,21.25,Thiết kế công nghiệp
47636,DQK,thiet-ke-cong-nghiep,H01,Điểm thi THPT,2021,21.25,Thiết kế công nghiệp
47637,DQK,thiet-ke-cong-nghiep,H06,Điểm thi THPT,2021,21.25,Thiết kế công nghiệp
47638,DQK,thiet-ke-cong-nghiep,H08,Điểm thi THPT,2021,21.25,Thiết kế công nghiệp
47639,DQK,thiet-ke-do-hoa,H00,Điểm thi THPT,2021,24.1,Thiết kế đồ họa
47640,DQK,thiet-ke-do-hoa,H01,Điểm thi THPT,2021,24.1,Thiết kế đồ họa
47641,DQK,thiet-ke-do-hoa,H06,Điểm thi THPT,2021,24.1,Thiết kế đồ họa
47642,DQK,thiet-ke-do-hoa,H08,Điểm thi THPT,2021,24.1,Thiết kế đồ họa
47643,DQK,thiet-ke-do-hoa,H00,Điểm thi THPT,2022,19.0,Thiết kế đồ họa
47644,DQK,thiet-ke-do-hoa,H01,Điểm thi THPT,2022,19.0,Thiết kế đồ họa
47645,DQK,thiet-ke-do-hoa,H06,Điểm thi THPT,2022,19.0,Thiết kế đồ họa
47646,DQK,thiet-ke-do-hoa,H08,Điểm thi THPT,2022,19.0,Thiết kế đồ họa
47647,DQK,thiet-ke-do-hoa,H00,Điểm học bạ,2023,19.0,Thiết kế đồ hoạ
47648,DQK,thiet-ke-do-hoa,H01,Điểm học bạ,2023,19.0,Thiết kế đồ hoạ
47649,DQK,thiet-ke-do-hoa,H06,Điểm học bạ,2023,19.0,Thiết kế đồ hoạ
47650,DQK,thiet-ke-do-hoa,H08,Điểm học bạ,2023,19.0,Thiết kế đồ hoạ
47651,DQK,thiet-ke-do-hoa,H00,Điểm thi THPT,2023,19.0,Thiết kế đồ hoạ
47652,DQK,thiet-ke-do-hoa,H01,Điểm thi THPT,2023,19.0,Thiết kế đồ hoạ
47653,DQK,thiet-ke-do-hoa,H06,Điểm thi THPT,2023,19.0,Thiết kế đồ hoạ
47654,DQK,thiet-ke-do-hoa,H08,Điểm thi THPT,2023,19.0,Thiết kế đồ hoạ
47655,DQK,thiet-ke-do-hoa,H00,Điểm học bạ,2024,19.0,Thiết kế đồ họa
47656,DQK,thiet-ke-do-hoa,H01,Điểm học bạ,2024,19.0,Thiết kế đồ họa
47657,DQK,thiet-ke-do-hoa,H06,Điểm học bạ,2024,19.0,Thiết kế đồ họa
47658,DQK,thiet-ke-do-hoa,H08,Điểm học bạ,2024,19.0,Thiết kế đồ họa
47659,DQK,thiet-ke-do-hoa,H00,Điểm thi THPT,2024,19.0,Thiết kế đồ họa
47660,DQK,thiet-ke-do-hoa,H01,Điểm thi THPT,2024,19.0,Thiết kế đồ họa
47661,DQK,thiet-ke-do-hoa,H06,Điểm thi THPT,2024,19.0,Thiết kế đồ họa
47662,DQK,thiet-ke-do-hoa,H08,Điểm thi THPT,2024,19.0,Thiết kế đồ họa
47663,DQK,thiet-ke-do-hoa,H01,Điểm học bạ,2025,17.0,Thiết kế đồ họa
47664,DQK,thiet-ke-do-hoa,H06,Điểm học bạ,2025,17.0,Thiết kế đồ họa
47665,DQK,thiet-ke-do-hoa,H08,Điểm học bạ,2025,17.0,Thiết kế đồ họa
47666,DQK,thiet-ke-do-hoa,H01,Điểm thi THPT,2025,17.0,Thiết kế đồ họa
47667,DQK,thiet-ke-do-hoa,H06,Điểm thi THPT,2025,17.0,Thiết kế đồ họa
47668,DQK,thiet-ke-do-hoa,H08,Điểm thi THPT,2025,17.0,Thiết kế đồ họa
47669,DQK,thiet-ke-noi-that,H00,Điểm thi THPT,2021,21.0,Thiết kế nội thất
47670,DQK,thiet-ke-noi-that,H01,Điểm thi THPT,2021,21.0,Thiết kế nội thất
47671,DQK,thiet-ke-noi-that,H06,Điểm thi THPT,2021,21.0,Thiết kế nội thất
47672,DQK,thiet-ke-noi-that,H08,Điểm thi THPT,2021,21.0,Thiết kế nội thất
47673,DQK,thiet-ke-noi-that,H00,Điểm thi THPT,2022,20.0,Thiết kế nội thất
47674,DQK,thiet-ke-noi-that,H01,Điểm thi THPT,2022,20.0,Thiết kế nội thất
47675,DQK,thiet-ke-noi-that,H06,Điểm thi THPT,2022,20.0,Thiết kế nội thất
47676,DQK,thiet-ke-noi-that,H08,Điểm thi THPT,2022,20.0,Thiết kế nội thất
47677,DQK,thiet-ke-noi-that,H00,Điểm học bạ,2023,19.0,Thiết kế nội thất
47678,DQK,thiet-ke-noi-that,H01,Điểm học bạ,2023,19.0,Thiết kế nội thất
47679,DQK,thiet-ke-noi-that,H06,Điểm học bạ,2023,19.0,Thiết kế nội thất
47680,DQK,thiet-ke-noi-that,H08,Điểm học bạ,2023,19.0,Thiết kế nội thất
47681,DQK,thiet-ke-noi-that,H00,Điểm thi THPT,2023,19.0,Thiết kế nội thất
47682,DQK,thiet-ke-noi-that,H01,Điểm thi THPT,2023,19.0,Thiết kế nội thất
47683,DQK,thiet-ke-noi-that,H06,Điểm thi THPT,2023,19.0,Thiết kế nội thất
47684,DQK,thiet-ke-noi-that,H08,Điểm thi THPT,2023,19.0,Thiết kế nội thất
47685,DQK,thiet-ke-noi-that,H00,Điểm học bạ,2024,19.0,Thiết kế nội thất
47686,DQK,thiet-ke-noi-that,H01,Điểm học bạ,2024,19.0,Thiết kế nội thất
47687,DQK,thiet-ke-noi-that,H06,Điểm học bạ,2024,19.0,Thiết kế nội thất
47688,DQK,thiet-ke-noi-that,H08,Điểm học bạ,2024,19.0,Thiết kế nội thất
47689,DQK,thiet-ke-noi-that,H00,Điểm thi THPT,2024,19.0,Thiết kế nội thất
47690,DQK,thiet-ke-noi-that,H01,Điểm thi THPT,2024,19.0,Thiết kế nội thất
47691,DQK,thiet-ke-noi-that,H06,Điểm thi THPT,2024,19.0,Thiết kế nội thất
47692,DQK,thiet-ke-noi-that,H08,Điểm thi THPT,2024,19.0,Thiết kế nội thất
47693,DQK,thiet-ke-noi-that,H01,Điểm học bạ,2025,17.0,Thiết kế nội thất
47694,DQK,thiet-ke-noi-that,H06,Điểm học bạ,2025,17.0,Thiết kế nội thất
47695,DQK,thiet-ke-noi-that,H08,Điểm học bạ,2025,17.0,Thiết kế nội thất
47696,DQK,thiet-ke-noi-that,H01,Điểm thi THPT,2025,17.0,Thiết kế nội thất
47697,DQK,thiet-ke-noi-that,H06,Điểm thi THPT,2025,17.0,Thiết kế nội thất
47698,DQK,thiet-ke-noi-that,H08,Điểm thi THPT,2025,17.0,Thiết kế nội thất
47699,DQK,y-khoa,A00,Điểm thi THPT,2021,23.45,Y khoa
47700,DQK,y-khoa,A02,Điểm thi THPT,2021,23.45,Y khoa
47701,DQK,y-khoa,B00,Điểm thi THPT,2021,23.45,Y khoa
47702,DQK,y-khoa,D08,Điểm thi THPT,2021,23.45,Y khoa
47703,DQK,y-khoa,A00,Điểm thi THPT,2022,26.0,Y khoa
47704,DQK,y-khoa,A02,Điểm thi THPT,2022,26.0,Y khoa
47705,DQK,y-khoa,B00,Điểm thi THPT,2022,26.0,Y khoa
47706,DQK,y-khoa,D08,Điểm thi THPT,2022,26.0,Y khoa
47707,DQK,y-khoa,A00,Điểm học bạ,2023,24.0,Y khoa
47708,DQK,y-khoa,A02,Điểm học bạ,2023,24.0,Y khoa
47709,DQK,y-khoa,B00,Điểm học bạ,2023,24.0,Y khoa
47710,DQK,y-khoa,D08,Điểm học bạ,2023,24.0,Y khoa
47711,DQK,y-khoa,A00,Điểm thi THPT,2023,22.5,Y khoa
47712,DQK,y-khoa,A02,Điểm thi THPT,2023,22.5,Y khoa
47713,DQK,y-khoa,B00,Điểm thi THPT,2023,22.5,Y khoa
47714,DQK,y-khoa,D08,Điểm thi THPT,2023,22.5,Y khoa
47715,DQK,y-khoa,A00,Điểm học bạ,2024,24.5,Y Khoa
47716,DQK,y-khoa,A02,Điểm học bạ,2024,24.5,Y Khoa
47717,DQK,y-khoa,B00,Điểm học bạ,2024,24.5,Y Khoa
47718,DQK,y-khoa,D08,Điểm học bạ,2024,24.5,Y Khoa
47719,DQK,y-khoa,A00,Điểm thi THPT,2024,22.5,Y Khoa
47720,DQK,y-khoa,A02,Điểm thi THPT,2024,22.5,Y Khoa
47721,DQK,y-khoa,B00,Điểm thi THPT,2024,22.5,Y Khoa
47722,DQK,y-khoa,D08,Điểm thi THPT,2024,22.5,Y Khoa
47723,DQK,y-khoa,A00,Điểm học bạ,2025,24.0,Y khoa
47724,DQK,y-khoa,A02,Điểm học bạ,2025,24.0,Y khoa
47725,DQK,y-khoa,B00,Điểm học bạ,2025,24.0,Y khoa
47726,DQK,y-khoa,B03,Điểm học bạ,2025,24.0,Y khoa
47727,DQK,y-khoa,D08,Điểm học bạ,2025,24.0,Y khoa
47728,DQK,y-khoa,X13,Điểm học bạ,2025,24.0,Y khoa
47729,DQK,y-khoa,A00,Điểm thi THPT,2025,20.5,Y khoa
47730,DQK,y-khoa,A02,Điểm thi THPT,2025,20.5,Y khoa
47731,DQK,y-khoa,B00,Điểm thi THPT,2025,20.5,Y khoa
47732,DQK,y-khoa,B03,Điểm thi THPT,2025,20.5,Y khoa
47733,DQK,y-khoa,D08,Điểm thi THPT,2025,20.5,Y khoa
47734,DQK,y-khoa,X13,Điểm thi THPT,2025,20.5,Y khoa
47735,DQN,cong-nghe-ky-thuat-hoa-hoc,A00,Điểm học bạ,2021,18.0,Công nghệ kỹ thuật Hóa học
47736,DQN,cong-nghe-ky-thuat-hoa-hoc,B00,Điểm học bạ,2021,18.0,Công nghệ kỹ thuật Hóa học
47737,DQN,cong-nghe-ky-thuat-hoa-hoc,C02,Điểm học bạ,2021,18.0,Công nghệ kỹ thuật Hóa học
47738,DQN,cong-nghe-ky-thuat-hoa-hoc,D07,Điểm học bạ,2021,18.0,Công nghệ kỹ thuật Hóa học
47739,DQN,cong-nghe-ky-thuat-hoa-hoc,A00,Điểm thi THPT,2021,15.0,Công nghệ kỹ thuật Hóa học
47740,DQN,cong-nghe-ky-thuat-hoa-hoc,B00,Điểm thi THPT,2021,15.0,Công nghệ kỹ thuật Hóa học
47741,DQN,cong-nghe-ky-thuat-hoa-hoc,C02,Điểm thi THPT,2021,15.0,Công nghệ kỹ thuật Hóa học
47742,DQN,cong-nghe-ky-thuat-hoa-hoc,D07,Điểm thi THPT,2021,15.0,Công nghệ kỹ thuật Hóa học
47743,DQN,cong-nghe-ky-thuat-hoa-hoc,A00,Điểm học bạ,2022,18.0,Công nghệ kỹ thuật hóa học
47744,DQN,cong-nghe-ky-thuat-hoa-hoc,B00,Điểm học bạ,2022,18.0,Công nghệ kỹ thuật hóa học
47745,DQN,cong-nghe-ky-thuat-hoa-hoc,C02,Điểm học bạ,2022,18.0,Công nghệ kỹ thuật hóa học
47746,DQN,cong-nghe-ky-thuat-hoa-hoc,D07,Điểm học bạ,2022,18.0,Công nghệ kỹ thuật hóa học
47747,DQN,cong-nghe-ky-thuat-hoa-hoc,A00,Điểm thi THPT,2022,15.0,Công nghệ kỹ thuật Hóa học
47748,DQN,cong-nghe-ky-thuat-hoa-hoc,B00,Điểm thi THPT,2022,15.0,Công nghệ kỹ thuật Hóa học
47749,DQN,cong-nghe-ky-thuat-hoa-hoc,C02,Điểm thi THPT,2022,15.0,Công nghệ kỹ thuật Hóa học
47750,DQN,cong-nghe-ky-thuat-hoa-hoc,D07,Điểm thi THPT,2022,15.0,Công nghệ kỹ thuật Hóa học
47751,DQN,cong-nghe-ky-thuat-hoa-hoc,A00,Điểm học bạ,2023,18.0,Công nghệ kỹ thuật hoá học
47752,DQN,cong-nghe-ky-thuat-hoa-hoc,B00,Điểm học bạ,2023,18.0,Công nghệ kỹ thuật hoá học
47753,DQN,cong-nghe-ky-thuat-hoa-hoc,C02,Điểm học bạ,2023,18.0,Công nghệ kỹ thuật hoá học
47754,DQN,cong-nghe-ky-thuat-hoa-hoc,D07,Điểm học bạ,2023,18.0,Công nghệ kỹ thuật hoá học
47755,DQN,cong-nghe-ky-thuat-hoa-hoc,A00,Điểm thi THPT,2023,15.0,Công nghệ kỹ thuật hoá học
47756,DQN,cong-nghe-ky-thuat-hoa-hoc,B00,Điểm thi THPT,2023,15.0,Công nghệ kỹ thuật hoá học
47757,DQN,cong-nghe-ky-thuat-hoa-hoc,C02,Điểm thi THPT,2023,15.0,Công nghệ kỹ thuật hoá học
47758,DQN,cong-nghe-ky-thuat-hoa-hoc,D07,Điểm thi THPT,2023,15.0,Công nghệ kỹ thuật hoá học
47759,DQN,cong-nghe-ky-thuat-hoa-hoc,A00,Điểm học bạ,2024,18.0,Công nghệ kỹ thuật hoá học
47760,DQN,cong-nghe-ky-thuat-hoa-hoc,B00,Điểm học bạ,2024,18.0,Công nghệ kỹ thuật hoá học
47761,DQN,cong-nghe-ky-thuat-hoa-hoc,C02,Điểm học bạ,2024,18.0,Công nghệ kỹ thuật hoá học
47762,DQN,cong-nghe-ky-thuat-hoa-hoc,D07,Điểm học bạ,2024,18.0,Công nghệ kỹ thuật hoá học
47763,DQN,cong-nghe-ky-thuat-hoa-hoc,A00,Điểm thi THPT,2024,15.0,Công nghệ kỹ thuật hóa học
47764,DQN,cong-nghe-ky-thuat-hoa-hoc,B00,Điểm thi THPT,2024,15.0,Công nghệ kỹ thuật hóa học
47765,DQN,cong-nghe-ky-thuat-hoa-hoc,C02,Điểm thi THPT,2024,15.0,Công nghệ kỹ thuật hóa học
47766,DQN,cong-nghe-ky-thuat-hoa-hoc,D07,Điểm thi THPT,2024,15.0,Công nghệ kỹ thuật hóa học
47767,DQN,cong-nghe-ky-thuat-hoa-hoc,A00,Điểm học bạ,2025,23.58,Công nghệ kỹ thuật hoá học
47768,DQN,cong-nghe-ky-thuat-hoa-hoc,A01,Điểm học bạ,2025,24.12,Công nghệ kỹ thuật hoá học
47769,DQN,cong-nghe-ky-thuat-hoa-hoc,A05,Điểm học bạ,2025,23.58,Công nghệ kỹ thuật hoá học
47770,DQN,cong-nghe-ky-thuat-hoa-hoc,B00,Điểm học bạ,2025,23.2,Công nghệ kỹ thuật hoá học
47771,DQN,cong-nghe-ky-thuat-hoa-hoc,C02,Điểm học bạ,2025,24.25,Công nghệ kỹ thuật hoá học
47772,DQN,cong-nghe-ky-thuat-hoa-hoc,C05,Điểm học bạ,2025,24.25,Công nghệ kỹ thuật hoá học
47773,DQN,cong-nghe-ky-thuat-hoa-hoc,D01,Điểm học bạ,2025,24.04,Công nghệ kỹ thuật hoá học
47774,DQN,cong-nghe-ky-thuat-hoa-hoc,D07,Điểm học bạ,2025,24.0,Công nghệ kỹ thuật hoá học
47775,DQN,cong-nghe-ky-thuat-hoa-hoc,D12,Điểm học bạ,2025,24.04,Công nghệ kỹ thuật hoá học
47776,DQN,cong-nghe-ky-thuat-hoa-hoc,X09,Điểm học bạ,2025,24.25,Công nghệ kỹ thuật hoá học
47777,DQN,cong-nghe-ky-thuat-hoa-hoc,A00,Điểm thi THPT,2025,20.5,Công nghệ kỹ thuật hoá học
47778,DQN,cong-nghe-ky-thuat-hoa-hoc,A01,Điểm thi THPT,2025,20.5,Công nghệ kỹ thuật hoá học
47779,DQN,cong-nghe-ky-thuat-hoa-hoc,A05,Điểm thi THPT,2025,20.5,Công nghệ kỹ thuật hoá học
47780,DQN,cong-nghe-ky-thuat-hoa-hoc,B00,Điểm thi THPT,2025,20.5,Công nghệ kỹ thuật hoá học
47781,DQN,cong-nghe-ky-thuat-hoa-hoc,C02,Điểm thi THPT,2025,20.5,Công nghệ kỹ thuật hoá học
47782,DQN,cong-nghe-ky-thuat-hoa-hoc,C05,Điểm thi THPT,2025,20.5,Công nghệ kỹ thuật hoá học
47783,DQN,cong-nghe-ky-thuat-hoa-hoc,D01,Điểm thi THPT,2025,20.5,Công nghệ kỹ thuật hoá học
47784,DQN,cong-nghe-ky-thuat-hoa-hoc,D07,Điểm thi THPT,2025,20.5,Công nghệ kỹ thuật hoá học
47785,DQN,cong-nghe-ky-thuat-hoa-hoc,D12,Điểm thi THPT,2025,20.5,Công nghệ kỹ thuật hoá học
47786,DQN,cong-nghe-ky-thuat-hoa-hoc,X09,Điểm thi THPT,2025,20.5,Công nghệ kỹ thuật hoá học
47787,DQN,cong-nghe-ky-thuat-o-to,A00,Điểm học bạ,2021,18.0,Công nghệ kỹ thuật ô tô
47788,DQN,cong-nghe-ky-thuat-o-to,A01,Điểm học bạ,2021,18.0,Công nghệ kỹ thuật ô tô
47789,DQN,cong-nghe-ky-thuat-o-to,A00,Điểm thi THPT,2021,18.0,Công nghệ kỹ thuật ô tô
47790,DQN,cong-nghe-ky-thuat-o-to,A01,Điểm thi THPT,2021,18.0,Công nghệ kỹ thuật ô tô
47791,DQN,cong-nghe-ky-thuat-o-to,A00,Điểm học bạ,2022,23.5,Công nghệ kỹ thuật ô tô
47792,DQN,cong-nghe-ky-thuat-o-to,A01,Điểm học bạ,2022,23.5,Công nghệ kỹ thuật ô tô
47793,DQN,cong-nghe-ky-thuat-o-to,A00,Điểm thi THPT,2022,16.0,Công nghệ kỹ thuật ô tô
47794,DQN,cong-nghe-ky-thuat-o-to,A01,Điểm thi THPT,2022,16.0,Công nghệ kỹ thuật ô tô
47795,DQN,cong-nghe-ky-thuat-o-to,A00,Điểm học bạ,2023,21.0,Công nghệ kỹ thuật ô tô
47796,DQN,cong-nghe-ky-thuat-o-to,A01,Điểm học bạ,2023,21.0,Công nghệ kỹ thuật ô tô
47797,DQN,cong-nghe-ky-thuat-o-to,A00,Điểm thi THPT,2023,22.0,Công nghệ kỹ thuật ô tô
47798,DQN,cong-nghe-ky-thuat-o-to,A01,Điểm thi THPT,2023,22.0,Công nghệ kỹ thuật ô tô
47799,DQN,cong-nghe-ky-thuat-o-to,A00,Điểm học bạ,2024,22.5,Công nghệ kỹ thuật ô tô
47800,DQN,cong-nghe-ky-thuat-o-to,A01,Điểm học bạ,2024,22.5,Công nghệ kỹ thuật ô tô
47801,DQN,cong-nghe-ky-thuat-o-to,A00,Điểm thi THPT,2024,16.0,Công nghệ kỹ thuật ô tô
47802,DQN,cong-nghe-ky-thuat-o-to,A01,Điểm thi THPT,2024,16.0,Công nghệ kỹ thuật ô tô
47803,DQN,cong-nghe-ky-thuat-o-to,A00,Điểm học bạ,2025,24.95,Công nghệ kỹ thuật ô tô
47804,DQN,cong-nghe-ky-thuat-o-to,A01,Điểm học bạ,2025,25.04,Công nghệ kỹ thuật ô tô
47805,DQN,cong-nghe-ky-thuat-o-to,C01,Điểm học bạ,2025,25.95,Công nghệ kỹ thuật ô tô
47806,DQN,cong-nghe-ky-thuat-o-to,D01,Điểm học bạ,2025,25.21,Công nghệ kỹ thuật ô tô
47807,DQN,cong-nghe-ky-thuat-o-to,D07,Điểm học bạ,2025,24.77,Công nghệ kỹ thuật ô tô
47808,DQN,cong-nghe-ky-thuat-o-to,X06,Điểm học bạ,2025,25.95,Công nghệ kỹ thuật ô tô
47809,DQN,cong-nghe-ky-thuat-o-to,X26,Điểm học bạ,2025,25.04,Công nghệ kỹ thuật ô tô
47810,DQN,cong-nghe-ky-thuat-o-to,A00,Điểm thi THPT,2025,22.2,Công nghệ kỹ thuật ô tô
47811,DQN,cong-nghe-ky-thuat-o-to,A01,Điểm thi THPT,2025,22.2,Công nghệ kỹ thuật ô tô
47812,DQN,cong-nghe-ky-thuat-o-to,C01,Điểm thi THPT,2025,22.2,Công nghệ kỹ thuật ô tô
47813,DQN,cong-nghe-ky-thuat-o-to,D01,Điểm thi THPT,2025,22.2,Công nghệ kỹ thuật ô tô
47814,DQN,cong-nghe-ky-thuat-o-to,D07,Điểm thi THPT,2025,22.2,Công nghệ kỹ thuật ô tô
47815,DQN,cong-nghe-ky-thuat-o-to,X06,Điểm thi THPT,2025,22.2,Công nghệ kỹ thuật ô tô
47816,DQN,cong-nghe-ky-thuat-o-to,X26,Điểm thi THPT,2025,22.2,Công nghệ kỹ thuật ô tô
47817,DQN,cong-nghe-thong-tin,A00,Điểm học bạ,2021,18.0,Công nghệ thông tin
47818,DQN,cong-nghe-thong-tin,A01,Điểm học bạ,2021,18.0,Công nghệ thông tin
47819,DQN,cong-nghe-thong-tin,D01,Điểm học bạ,2021,18.0,Công nghệ thông tin
47820,DQN,cong-nghe-thong-tin,A00,Điểm thi THPT,2021,15.0,Công nghệ thông tin
47821,DQN,cong-nghe-thong-tin,A01,Điểm thi THPT,2021,15.0,Công nghệ thông tin
47822,DQN,cong-nghe-thong-tin,D01,Điểm thi THPT,2021,15.0,Công nghệ thông tin
47823,DQN,cong-nghe-thong-tin,A00,Điểm học bạ,2022,23.5,Công nghệ thông tin
47824,DQN,cong-nghe-thong-tin,A01,Điểm học bạ,2022,23.5,Công nghệ thông tin
47825,DQN,cong-nghe-thong-tin,D01,Điểm học bạ,2022,23.5,Công nghệ thông tin
47826,DQN,cong-nghe-thong-tin,K01,Điểm học bạ,2022,23.5,Công nghệ thông tin
47827,DQN,cong-nghe-thong-tin,A00,Điểm thi THPT,2022,18.0,Công nghệ thông tin
47828,DQN,cong-nghe-thong-tin,A01,Điểm thi THPT,2022,18.0,Công nghệ thông tin
47829,DQN,cong-nghe-thong-tin,D01,Điểm thi THPT,2022,18.0,Công nghệ thông tin
47830,DQN,cong-nghe-thong-tin,K01,Điểm thi THPT,2022,18.0,Công nghệ thông tin
47831,DQN,cong-nghe-thong-tin,A00,Điểm học bạ,2023,23.0,Công nghệ thông tin
47832,DQN,cong-nghe-thong-tin,A01,Điểm học bạ,2023,23.0,Công nghệ thông tin
47833,DQN,cong-nghe-thong-tin,D01,Điểm học bạ,2023,23.0,Công nghệ thông tin
47834,DQN,cong-nghe-thong-tin,A00,Điểm thi THPT,2023,15.0,Công nghệ thông tin
47835,DQN,cong-nghe-thong-tin,A01,Điểm thi THPT,2023,15.0,Công nghệ thông tin
47836,DQN,cong-nghe-thong-tin,D01,Điểm thi THPT,2023,15.0,Công nghệ thông tin
47837,DQN,cong-nghe-thong-tin,A00,Điểm học bạ,2024,20.0,Công nghệ thông tin
47838,DQN,cong-nghe-thong-tin,A01,Điểm học bạ,2024,20.0,Công nghệ thông tin
47839,DQN,cong-nghe-thong-tin,D01,Điểm học bạ,2024,20.0,Công nghệ thông tin
47840,DQN,cong-nghe-thong-tin,K01,Điểm học bạ,2024,20.0,Công nghệ thông tin
47841,DQN,cong-nghe-thong-tin,A00,Điểm thi THPT,2024,16.5,Công nghệ thông tin
47842,DQN,cong-nghe-thong-tin,A01,Điểm thi THPT,2024,16.5,Công nghệ thông tin
47843,DQN,cong-nghe-thong-tin,D01,Điểm thi THPT,2024,16.5,Công nghệ thông tin
47844,DQN,cong-nghe-thong-tin,A00,Điểm học bạ,2025,24.43,Công nghệ thông tin
47845,DQN,cong-nghe-thong-tin,A01,Điểm học bạ,2025,24.76,Công nghệ thông tin
47846,DQN,cong-nghe-thong-tin,D01,Điểm học bạ,2025,24.74,Công nghệ thông tin
47847,DQN,cong-nghe-thong-tin,D07,Điểm học bạ,2025,24.43,Công nghệ thông tin
47848,DQN,cong-nghe-thong-tin,X26,Điểm học bạ,2025,24.76,Công nghệ thông tin
47849,DQN,cong-nghe-thong-tin,A00,Điểm thi THPT,2025,21.5,Công nghệ thông tin
47850,DQN,cong-nghe-thong-tin,A01,Điểm thi THPT,2025,21.5,Công nghệ thông tin
47851,DQN,cong-nghe-thong-tin,D01,Điểm thi THPT,2025,21.5,Công nghệ thông tin
47852,DQN,cong-nghe-thong-tin,D07,Điểm thi THPT,2025,21.5,Công nghệ thông tin
47853,DQN,cong-nghe-thong-tin,X26,Điểm thi THPT,2025,21.5,Công nghệ thông tin
47854,DQN,cong-nghe-thuc-pham,A00,Điểm học bạ,2021,18.0,Công nghệ thực phẩm
47855,DQN,cong-nghe-thuc-pham,B00,Điểm học bạ,2021,18.0,Công nghệ thực phẩm
47856,DQN,cong-nghe-thuc-pham,C02,Điểm học bạ,2021,18.0,Công nghệ thực phẩm
47857,DQN,cong-nghe-thuc-pham,D07,Điểm học bạ,2021,18.0,Công nghệ thực phẩm
47858,DQN,cong-nghe-thuc-pham,A00,Điểm thi THPT,2021,15.0,Công nghệ thực phẩm
47859,DQN,cong-nghe-thuc-pham,B00,Điểm thi THPT,2021,15.0,Công nghệ thực phẩm
47860,DQN,cong-nghe-thuc-pham,C02,Điểm thi THPT,2021,15.0,Công nghệ thực phẩm
47861,DQN,cong-nghe-thuc-pham,D07,Điểm thi THPT,2021,15.0,Công nghệ thực phẩm
47862,DQN,cong-nghe-thuc-pham,A00,Điểm học bạ,2022,20.0,Công nghệ thực phẩm
47863,DQN,cong-nghe-thuc-pham,B00,Điểm học bạ,2022,20.0,Công nghệ thực phẩm
47864,DQN,cong-nghe-thuc-pham,C02,Điểm học bạ,2022,20.0,Công nghệ thực phẩm
47865,DQN,cong-nghe-thuc-pham,D07,Điểm học bạ,2022,20.0,Công nghệ thực phẩm
47866,DQN,cong-nghe-thuc-pham,A00,Điểm thi THPT,2022,15.0,Công nghệ thực phẩm
47867,DQN,cong-nghe-thuc-pham,B00,Điểm thi THPT,2022,15.0,Công nghệ thực phẩm
47868,DQN,cong-nghe-thuc-pham,C02,Điểm thi THPT,2022,15.0,Công nghệ thực phẩm
47869,DQN,cong-nghe-thuc-pham,D07,Điểm thi THPT,2022,15.0,Công nghệ thực phẩm
47870,DQN,cong-nghe-thuc-pham,A00,Điểm học bạ,2023,18.5,Công nghệ thực phẩm
47871,DQN,cong-nghe-thuc-pham,B00,Điểm học bạ,2023,18.5,Công nghệ thực phẩm
47872,DQN,cong-nghe-thuc-pham,C02,Điểm học bạ,2023,18.5,Công nghệ thực phẩm
47873,DQN,cong-nghe-thuc-pham,D07,Điểm học bạ,2023,18.5,Công nghệ thực phẩm
47874,DQN,cong-nghe-thuc-pham,A00,Điểm thi THPT,2023,15.0,Công nghệ thực phẩm
47875,DQN,cong-nghe-thuc-pham,B00,Điểm thi THPT,2023,15.0,Công nghệ thực phẩm
47876,DQN,cong-nghe-thuc-pham,C02,Điểm thi THPT,2023,15.0,Công nghệ thực phẩm
47877,DQN,cong-nghe-thuc-pham,D07,Điểm thi THPT,2023,15.0,Công nghệ thực phẩm
47878,DQN,cong-nghe-thuc-pham,A00,Điểm học bạ,2024,18.0,Công nghệ thực phẩm
47879,DQN,cong-nghe-thuc-pham,B00,Điểm học bạ,2024,18.0,Công nghệ thực phẩm
47880,DQN,cong-nghe-thuc-pham,C02,Điểm học bạ,2024,18.0,Công nghệ thực phẩm
47881,DQN,cong-nghe-thuc-pham,D07,Điểm học bạ,2024,18.0,Công nghệ thực phẩm
47882,DQN,cong-nghe-thuc-pham,A00,Điểm thi THPT,2024,15.0,Công nghệ thực phẩm
47883,DQN,cong-nghe-thuc-pham,B00,Điểm thi THPT,2024,15.0,Công nghệ thực phẩm
47884,DQN,cong-nghe-thuc-pham,C02,Điểm thi THPT,2024,15.0,Công nghệ thực phẩm
47885,DQN,cong-nghe-thuc-pham,D07,Điểm thi THPT,2024,15.0,Công nghệ thực phẩm
47886,DQN,cong-nghe-thuc-pham,A00,Điểm học bạ,2025,23.9,Công nghệ thực phẩm
47887,DQN,cong-nghe-thuc-pham,A02,Điểm học bạ,2025,23.9,Công nghệ thực phẩm
47888,DQN,cong-nghe-thuc-pham,A06,Điểm học bạ,2025,23.9,Công nghệ thực phẩm
47889,DQN,cong-nghe-thuc-pham,B00,Điểm học bạ,2025,23.54,Công nghệ thực phẩm
47890,DQN,cong-nghe-thuc-pham,B08,Điểm học bạ,2025,23.54,Công nghệ thực phẩm
47891,DQN,cong-nghe-thuc-pham,C02,Điểm học bạ,2025,24.65,Công nghệ thực phẩm
47892,DQN,cong-nghe-thuc-pham,C05,Điểm học bạ,2025,24.65,Công nghệ thực phẩm
47893,DQN,cong-nghe-thuc-pham,C08,Điểm học bạ,2025,24.65,Công nghệ thực phẩm
47894,DQN,cong-nghe-thuc-pham,D07,Điểm học bạ,2025,24.17,Công nghệ thực phẩm
47895,DQN,cong-nghe-thuc-pham,D12,Điểm học bạ,2025,24.33,Công nghệ thực phẩm
47896,DQN,cong-nghe-thuc-pham,A02,Điểm thi THPT,2025,20.9,Công nghệ thực phẩm
47897,DQN,cong-nghe-thuc-pham,A06,Điểm thi THPT,2025,20.9,Công nghệ thực phẩm
47898,DQN,cong-nghe-thuc-pham,B00,Điểm thi THPT,2025,20.9,Công nghệ thực phẩm
47899,DQN,cong-nghe-thuc-pham,B08,Điểm thi THPT,2025,20.9,Công nghệ thực phẩm
47900,DQN,cong-nghe-thuc-pham,C02,Điểm thi THPT,2025,20.9,Công nghệ thực phẩm
47901,DQN,cong-nghe-thuc-pham,C08,Điểm thi THPT,2025,20.9,Công nghệ thực phẩm
47902,DQN,cong-nghe-thuc-pham,D07,Điểm thi THPT,2025,20.9,Công nghệ thực phẩm
47903,DQN,cong-nghe-thuc-pham,D12,Điểm thi THPT,2025,20.9,Công nghệ thực phẩm
47904,DQN,cong-tac-xa-hoi,C00,Điểm học bạ,2021,18.0,Công tác xã hội
47905,DQN,cong-tac-xa-hoi,D01,Điểm học bạ,2021,18.0,Công tác xã hội
47906,DQN,cong-tac-xa-hoi,D14,Điểm học bạ,2021,18.0,Công tác xã hội
47907,DQN,cong-tac-xa-hoi,C00,Điểm thi THPT,2021,15.0,Công tác xã hội
47908,DQN,cong-tac-xa-hoi,D01,Điểm thi THPT,2021,15.0,Công tác xã hội
47909,DQN,cong-tac-xa-hoi,D14,Điểm thi THPT,2021,15.0,Công tác xã hội
47910,DQN,cong-tac-xa-hoi,C00,Điểm học bạ,2022,18.0,Công tác xã hội
47911,DQN,cong-tac-xa-hoi,D01,Điểm học bạ,2022,18.0,Công tác xã hội
47912,DQN,cong-tac-xa-hoi,D14,Điểm học bạ,2022,18.0,Công tác xã hội
47913,DQN,cong-tac-xa-hoi,C00,Điểm thi THPT,2022,15.0,Công tác xã hội
47914,DQN,cong-tac-xa-hoi,D01,Điểm thi THPT,2022,15.0,Công tác xã hội
47915,DQN,cong-tac-xa-hoi,D14,Điểm thi THPT,2022,15.0,Công tác xã hội
47916,DQN,cong-tac-xa-hoi,C00,Điểm học bạ,2023,18.0,Công tác xã hội
47917,DQN,cong-tac-xa-hoi,D01,Điểm học bạ,2023,18.0,Công tác xã hội
47918,DQN,cong-tac-xa-hoi,D14,Điểm học bạ,2023,18.0,Công tác xã hội
47919,DQN,cong-tac-xa-hoi,C00,Điểm thi THPT,2023,15.0,Công tác xã hội
47920,DQN,cong-tac-xa-hoi,D01,Điểm thi THPT,2023,15.0,Công tác xã hội
47921,DQN,cong-tac-xa-hoi,D14,Điểm thi THPT,2023,15.0,Công tác xã hội
47922,DQN,cong-tac-xa-hoi,C00,Điểm học bạ,2024,18.0,Công tác xã hội
47923,DQN,cong-tac-xa-hoi,D01,Điểm học bạ,2024,18.0,Công tác xã hội
47924,DQN,cong-tac-xa-hoi,D14,Điểm học bạ,2024,18.0,Công tác xã hội
47925,DQN,cong-tac-xa-hoi,C00,Điểm thi THPT,2024,20.25,Công tác xã hội
47926,DQN,cong-tac-xa-hoi,D01,Điểm thi THPT,2024,20.25,Công tác xã hội
47927,DQN,cong-tac-xa-hoi,D14,Điểm thi THPT,2024,20.25,Công tác xã hội
47928,DQN,cong-tac-xa-hoi,C00,Điểm học bạ,2025,26.57,Công tác xã hội
47929,DQN,cong-tac-xa-hoi,C03,Điểm học bạ,2025,26.57,Công tác xã hội
47930,DQN,cong-tac-xa-hoi,C04,Điểm học bạ,2025,26.57,Công tác xã hội
47931,DQN,cong-tac-xa-hoi,D01,Điểm học bạ,2025,26.23,Công tác xã hội
47932,DQN,cong-tac-xa-hoi,D14,Điểm học bạ,2025,26.23,Công tác xã hội
47933,DQN,cong-tac-xa-hoi,X01,Điểm học bạ,2025,26.23,Công tác xã hội
47934,DQN,cong-tac-xa-hoi,X70,Điểm học bạ,2025,26.57,Công tác xã hội
47935,DQN,cong-tac-xa-hoi,X74,Điểm học bạ,2025,26.57,Công tác xã hội
47936,DQN,cong-tac-xa-hoi,X78,Điểm học bạ,2025,26.23,Công tác xã hội
47937,DQN,cong-tac-xa-hoi,C00,Điểm thi THPT,2025,23.7,Công tác xã hội
47938,DQN,cong-tac-xa-hoi,C03,Điểm thi THPT,2025,23.7,Công tác xã hội
47939,DQN,cong-tac-xa-hoi,C04,Điểm thi THPT,2025,23.7,Công tác xã hội
47940,DQN,cong-tac-xa-hoi,D01,Điểm thi THPT,2025,23.7,Công tác xã hội
47941,DQN,cong-tac-xa-hoi,D14,Điểm thi THPT,2025,23.7,Công tác xã hội
47942,DQN,cong-tac-xa-hoi,X01,Điểm thi THPT,2025,23.7,Công tác xã hội
47943,DQN,cong-tac-xa-hoi,X70,Điểm thi THPT,2025,23.7,Công tác xã hội
47944,DQN,cong-tac-xa-hoi,X78,Điểm thi THPT,2025,23.7,Công tác xã hội
47945,DQN,dong-phuong-hoc,C00,Điểm học bạ,2021,18.0,Đông phương học
47946,DQN,dong-phuong-hoc,C19,Điểm học bạ,2021,18.0,Đông phương học
47947,DQN,dong-phuong-hoc,D14,Điểm học bạ,2021,18.0,Đông phương học
47948,DQN,dong-phuong-hoc,D15,Điểm học bạ,2021,18.0,Đông phương học
47949,DQN,dong-phuong-hoc,C00,Điểm thi THPT,2021,15.0,Đông phương học
47950,DQN,dong-phuong-hoc,C19,Điểm thi THPT,2021,15.0,Đông phương học
47951,DQN,dong-phuong-hoc,D14,Điểm thi THPT,2021,15.0,Đông phương học
47952,DQN,dong-phuong-hoc,D15,Điểm thi THPT,2021,15.0,Đông phương học
47953,DQN,dong-phuong-hoc,C00,Điểm học bạ,2022,18.0,Đông phương học
47954,DQN,dong-phuong-hoc,C19,Điểm học bạ,2022,18.0,Đông phương học
47955,DQN,dong-phuong-hoc,D14,Điểm học bạ,2022,18.0,Đông phương học
47956,DQN,dong-phuong-hoc,D15,Điểm học bạ,2022,18.0,Đông phương học
47957,DQN,dong-phuong-hoc,C00,Điểm thi THPT,2022,16.0,Đông phương học
47958,DQN,dong-phuong-hoc,C19,Điểm thi THPT,2022,16.0,Đông phương học
47959,DQN,dong-phuong-hoc,D14,Điểm thi THPT,2022,16.0,Đông phương học
47960,DQN,dong-phuong-hoc,D15,Điểm thi THPT,2022,16.0,Đông phương học
47961,DQN,dong-phuong-hoc,C00,Điểm học bạ,2023,18.0,Đông phương học
47962,DQN,dong-phuong-hoc,C19,Điểm học bạ,2023,18.0,Đông phương học
47963,DQN,dong-phuong-hoc,D14,Điểm học bạ,2023,18.0,Đông phương học
47964,DQN,dong-phuong-hoc,D15,Điểm học bạ,2023,18.0,Đông phương học
47965,DQN,dong-phuong-hoc,C00,Điểm thi THPT,2023,15.0,Đông phương học
47966,DQN,dong-phuong-hoc,C19,Điểm thi THPT,2023,15.0,Đông phương học
47967,DQN,dong-phuong-hoc,D14,Điểm thi THPT,2023,15.0,Đông phương học
47968,DQN,dong-phuong-hoc,D15,Điểm thi THPT,2023,15.0,Đông phương học
47969,DQN,dong-phuong-hoc,C00,Điểm học bạ,2024,19.0,Đông phương học
47970,DQN,dong-phuong-hoc,C19,Điểm học bạ,2024,19.0,Đông phương học
47971,DQN,dong-phuong-hoc,D14,Điểm học bạ,2024,19.0,Đông phương học
47972,DQN,dong-phuong-hoc,D15,Điểm học bạ,2024,19.0,Đông phương học
47973,DQN,dong-phuong-hoc,C00,Điểm thi THPT,2024,15.0,Đông phương học
47974,DQN,dong-phuong-hoc,C19,Điểm thi THPT,2024,15.0,Đông phương học
47975,DQN,dong-phuong-hoc,D14,Điểm thi THPT,2024,15.0,Đông phương học
47976,DQN,dong-phuong-hoc,D15,Điểm thi THPT,2024,15.0,Đông phương học
47977,DQN,dong-phuong-hoc,C00,Điểm học bạ,2025,25.17,Đông phương học
47978,DQN,dong-phuong-hoc,D14,Điểm học bạ,2025,25.27,Đông phương học
47979,DQN,dong-phuong-hoc,D15,Điểm học bạ,2025,25.27,Đông phương học
47980,DQN,dong-phuong-hoc,D63,Điểm học bạ,2025,25.27,Đông phương học
47981,DQN,dong-phuong-hoc,D65,Điểm học bạ,2025,25.27,Đông phương học
47982,DQN,dong-phuong-hoc,X70,Điểm học bạ,2025,25.17,Đông phương học
47983,DQN,dong-phuong-hoc,X78,Điểm học bạ,2025,25.27,Đông phương học
47984,DQN,dong-phuong-hoc,X90,Điểm học bạ,2025,25.27,Đông phương học
47985,DQN,dong-phuong-hoc,C00,Điểm thi THPT,2025,22.3,Đông phương học
47986,DQN,dong-phuong-hoc,D14,Điểm thi THPT,2025,22.3,Đông phương học
47987,DQN,dong-phuong-hoc,D15,Điểm thi THPT,2025,22.3,Đông phương học
47988,DQN,dong-phuong-hoc,D63,Điểm thi THPT,2025,22.3,Đông phương học
47989,DQN,dong-phuong-hoc,D65,Điểm thi THPT,2025,22.3,Đông phương học
47990,DQN,dong-phuong-hoc,X70,Điểm thi THPT,2025,22.3,Đông phương học
47991,DQN,dong-phuong-hoc,X78,Điểm thi THPT,2025,22.3,Đông phương học
47992,DQN,dong-phuong-hoc,X90,Điểm thi THPT,2025,22.3,Đông phương học
47993,DQN,giao-duc-chinh-tri,C00,Điểm học bạ,2021,24.0,Giáo dục Chính trị
47994,DQN,giao-duc-chinh-tri,C19,Điểm học bạ,2021,24.0,Giáo dục Chính trị
47995,DQN,giao-duc-chinh-tri,D01,Điểm học bạ,2021,24.0,Giáo dục Chính trị
47996,DQN,giao-duc-chinh-tri,C00,Điểm thi THPT,2021,19.0,Giáo dục Chính trị
47997,DQN,giao-duc-chinh-tri,C19,Điểm thi THPT,2021,19.0,Giáo dục Chính trị
47998,DQN,giao-duc-chinh-tri,D01,Điểm thi THPT,2021,19.0,Giáo dục Chính trị
47999,DQN,giao-duc-chinh-tri,C00,Điểm học bạ,2022,21.0,Giáo dục Chính trị
48000,DQN,giao-duc-chinh-tri,C19,Điểm học bạ,2022,21.0,Giáo dục Chính trị
48001,DQN,giao-duc-chinh-tri,D01,Điểm học bạ,2022,21.0,Giáo dục Chính trị
48002,DQN,giao-duc-chinh-tri,C00,Điểm thi THPT,2022,20.0,Giáo dục Chính trị
48003,DQN,giao-duc-chinh-tri,C19,Điểm thi THPT,2022,20.0,Giáo dục Chính trị
48004,DQN,giao-duc-chinh-tri,D01,Điểm thi THPT,2022,20.0,Giáo dục Chính trị
48005,DQN,giao-duc-chinh-tri,C00,Điểm học bạ,2023,24.5,Giáo dục chính trị
48006,DQN,giao-duc-chinh-tri,C19,Điểm học bạ,2023,24.5,Giáo dục chính trị
48007,DQN,giao-duc-chinh-tri,D01,Điểm học bạ,2023,24.5,Giáo dục chính trị
48008,DQN,giao-duc-chinh-tri,C00,Điểm thi THPT,2023,24.5,Giáo dục chính trị
48009,DQN,giao-duc-chinh-tri,C19,Điểm thi THPT,2023,24.5,Giáo dục chính trị
48010,DQN,giao-duc-chinh-tri,D01,Điểm thi THPT,2023,24.5,Giáo dục chính trị
48011,DQN,giao-duc-chinh-tri,C00,Điểm học bạ,2024,26.75,Giáo dục chính trị
48012,DQN,giao-duc-chinh-tri,C19,Điểm học bạ,2024,26.75,Giáo dục chính trị
48013,DQN,giao-duc-chinh-tri,C20,Điểm học bạ,2024,26.75,Giáo dục chính trị
48014,DQN,giao-duc-chinh-tri,D01,Điểm học bạ,2024,26.75,Giáo dục chính trị
48015,DQN,giao-duc-chinh-tri,C00,Điểm thi THPT,2024,26.65,Giáo dục Chính trị
48016,DQN,giao-duc-chinh-tri,C19,Điểm thi THPT,2024,26.65,Giáo dục Chính trị
48017,DQN,giao-duc-chinh-tri,C20,Điểm thi THPT,2024,26.65,Giáo dục Chính trị
48018,DQN,giao-duc-chinh-tri,D01,Điểm thi THPT,2024,26.65,Giáo dục Chính trị
48019,DQN,giao-duc-chinh-tri,C00,Điểm thi THPT,2025,26.65,Giáo dục chính trị
48020,DQN,giao-duc-chinh-tri,D01,Điểm thi THPT,2025,26.65,Giáo dục chính trị
48021,DQN,giao-duc-chinh-tri,D14,Điểm thi THPT,2025,26.65,Giáo dục chính trị
48022,DQN,giao-duc-chinh-tri,X01,Điểm thi THPT,2025,26.65,Giáo dục chính trị
48023,DQN,giao-duc-chinh-tri,X25,Điểm thi THPT,2025,26.65,Giáo dục chính trị
48024,DQN,giao-duc-chinh-tri,X70,Điểm thi THPT,2025,26.65,Giáo dục chính trị
48025,DQN,giao-duc-chinh-tri,X74,Điểm thi THPT,2025,26.65,Giáo dục chính trị
48026,DQN,giao-duc-mam-non,M00,Điểm thi THPT,2021,19.0,Giáo dục mầm non
48027,DQN,giao-duc-mam-non,M00,Điểm thi THPT,2022,19.0,Giáo dục mầm non
48028,DQN,giao-duc-mam-non,M00,Điểm học bạ,2023,24.0,Giáo dục mầm non
48029,DQN,giao-duc-mam-non,M00,Điểm thi THPT,2023,20.25,Giáo dục mầm non
48030,DQN,giao-duc-mam-non,M00,Điểm thi THPT,2024,23.1,Giáo dục Mầm non
48031,DQN,giao-duc-mam-non,M00,Điểm thi THPT,2025,21.75,Giáo dục mầm non
48032,DQN,giao-duc-the-chat,T00,Điểm thi THPT,2021,18.0,Giáo dục Thể chất
48033,DQN,giao-duc-the-chat,T02,Điểm thi THPT,2021,18.0,Giáo dục Thể chất
48034,DQN,giao-duc-the-chat,T03,Điểm thi THPT,2021,18.0,Giáo dục Thể chất
48035,DQN,giao-duc-the-chat,T05,Điểm thi THPT,2021,18.0,Giáo dục Thể chất
48036,DQN,giao-duc-the-chat,T00,Điểm thi THPT,2022,26.0,Giáo dục Thể chất
48037,DQN,giao-duc-the-chat,T02,Điểm thi THPT,2022,26.0,Giáo dục Thể chất
48038,DQN,giao-duc-the-chat,T03,Điểm thi THPT,2022,26.0,Giáo dục Thể chất
48039,DQN,giao-duc-the-chat,T05,Điểm thi THPT,2022,26.0,Giáo dục Thể chất
48040,DQN,giao-duc-the-chat,T00,Điểm học bạ,2023,25.5,Giáo dục thể chất
48041,DQN,giao-duc-the-chat,T02,Điểm học bạ,2023,25.5,Giáo dục thể chất
48042,DQN,giao-duc-the-chat,T03,Điểm học bạ,2023,25.5,Giáo dục thể chất
48043,DQN,giao-duc-the-chat,T05,Điểm học bạ,2023,25.5,Giáo dục thể chất
48044,DQN,giao-duc-the-chat,T00,Điểm thi THPT,2023,22.25,Giáo dục thể chất
48045,DQN,giao-duc-the-chat,T02,Điểm thi THPT,2023,22.25,Giáo dục thể chất
48046,DQN,giao-duc-the-chat,T03,Điểm thi THPT,2023,22.25,Giáo dục thể chất
48047,DQN,giao-duc-the-chat,T05,Điểm thi THPT,2023,22.25,Giáo dục thể chất
48048,DQN,giao-duc-the-chat,T00,Điểm thi THPT,2024,26.5,Giáo dục Thể chất
48049,DQN,giao-duc-the-chat,T02,Điểm thi THPT,2024,26.5,Giáo dục Thể chất
48050,DQN,giao-duc-the-chat,T03,Điểm thi THPT,2024,26.5,Giáo dục Thể chất
48051,DQN,giao-duc-the-chat,T05,Điểm thi THPT,2024,26.5,Giáo dục Thể chất
48052,DQN,giao-duc-the-chat,T00,Điểm thi THPT,2025,19.8,Giáo dục thể chất
48053,DQN,giao-duc-the-chat,T01,Điểm thi THPT,2025,19.8,Giáo dục thể chất
48054,DQN,giao-duc-the-chat,T02,Điểm thi THPT,2025,19.8,Giáo dục thể chất
48055,DQN,giao-duc-the-chat,T04,Điểm thi THPT,2025,19.8,Giáo dục thể chất
48056,DQN,giao-duc-the-chat,T06,Điểm thi THPT,2025,19.8,Giáo dục thể chất
48057,DQN,giao-duc-tieu-hoc,A00,Điểm học bạ,2021,24.5,Giáo dục Tiểu học
48058,DQN,giao-duc-tieu-hoc,C00,Điểm học bạ,2021,24.5,Giáo dục Tiểu học
48059,DQN,giao-duc-tieu-hoc,D01,Điểm học bạ,2021,24.5,Giáo dục Tiểu học
48060,DQN,giao-duc-tieu-hoc,A00,Điểm thi THPT,2021,24.0,Giáo dục Tiểu học
48061,DQN,giao-duc-tieu-hoc,C00,Điểm thi THPT,2021,24.0,Giáo dục Tiểu học
48062,DQN,giao-duc-tieu-hoc,D01,Điểm thi THPT,2021,24.0,Giáo dục Tiểu học
48063,DQN,giao-duc-tieu-hoc,A00,Điểm học bạ,2022,27.5,Giáo dục Tiểu học
48064,DQN,giao-duc-tieu-hoc,C00,Điểm học bạ,2022,27.5,Giáo dục Tiểu học
48065,DQN,giao-duc-tieu-hoc,D01,Điểm học bạ,2022,27.5,Giáo dục Tiểu học
48066,DQN,giao-duc-tieu-hoc,A00,Điểm thi THPT,2022,24.0,Giáo dục Tiểu học
48067,DQN,giao-duc-tieu-hoc,C00,Điểm thi THPT,2022,24.0,Giáo dục Tiểu học
48068,DQN,giao-duc-tieu-hoc,D01,Điểm thi THPT,2022,24.0,Giáo dục Tiểu học
48069,DQN,giao-duc-tieu-hoc,A00,Điểm học bạ,2023,28.0,Giáo dục Tiểu học
48070,DQN,giao-duc-tieu-hoc,C00,Điểm học bạ,2023,28.0,Giáo dục Tiểu học
48071,DQN,giao-duc-tieu-hoc,D01,Điểm học bạ,2023,28.0,Giáo dục Tiểu học
48072,DQN,giao-duc-tieu-hoc,A00,Điểm thi THPT,2023,24.45,Giáo dục Tiểu học
48073,DQN,giao-duc-tieu-hoc,C00,Điểm thi THPT,2023,24.45,Giáo dục Tiểu học
48074,DQN,giao-duc-tieu-hoc,D01,Điểm thi THPT,2023,24.45,Giáo dục Tiểu học
48075,DQN,giao-duc-tieu-hoc,A00,Điểm học bạ,2024,28.25,Giáo dục Tiểu học
48076,DQN,giao-duc-tieu-hoc,C00,Điểm học bạ,2024,28.25,Giáo dục Tiểu học
48077,DQN,giao-duc-tieu-hoc,D01,Điểm học bạ,2024,28.25,Giáo dục Tiểu học
48078,DQN,giao-duc-tieu-hoc,A00,Điểm thi THPT,2024,26.95,Giáo dục Tiểu học
48079,DQN,giao-duc-tieu-hoc,C00,Điểm thi THPT,2024,26.95,Giáo dục Tiểu học
48080,DQN,giao-duc-tieu-hoc,D01,Điểm thi THPT,2024,26.95,Giáo dục Tiểu học
48081,DQN,giao-duc-tieu-hoc,A00,Điểm thi THPT,2025,26.9,Giáo dục Tiểu học
48082,DQN,giao-duc-tieu-hoc,C00,Điểm thi THPT,2025,26.9,Giáo dục Tiểu học
48083,DQN,giao-duc-tieu-hoc,D01,Điểm thi THPT,2025,26.9,Giáo dục Tiểu học
48084,DQN,hoa-hoc,A00,Điểm học bạ,2021,18.0,Hóa học
48085,DQN,hoa-hoc,B00,Điểm học bạ,2021,18.0,Hóa học
48086,DQN,hoa-hoc,D07,Điểm học bạ,2021,18.0,Hóa học
48087,DQN,hoa-hoc,D12,Điểm học bạ,2021,18.0,Hóa học
48088,DQN,hoa-hoc,A00,Điểm thi THPT,2021,15.0,Hóa học
48089,DQN,hoa-hoc,B00,Điểm thi THPT,2021,15.0,Hóa học
48090,DQN,hoa-hoc,D07,Điểm thi THPT,2021,15.0,Hóa học
48091,DQN,hoa-hoc,D12,Điểm thi THPT,2021,15.0,Hóa học
48092,DQN,hoa-hoc,A00,Điểm học bạ,2024,18.0,Hóa học
48093,DQN,hoa-hoc,B00,Điểm học bạ,2024,18.0,Hóa học
48094,DQN,hoa-hoc,D07,Điểm học bạ,2024,18.0,Hóa học
48095,DQN,hoa-hoc,D12,Điểm học bạ,2024,18.0,Hóa học
48096,DQN,hoa-hoc,A00,Điểm thi THPT,2024,15.0,Hóa học
48097,DQN,hoa-hoc,B00,Điểm thi THPT,2024,15.0,Hóa học
48098,DQN,hoa-hoc,D07,Điểm thi THPT,2024,15.0,Hóa học
48099,DQN,hoa-hoc,D12,Điểm thi THPT,2024,15.0,Hóa học
48100,DQN,hoa-hoc,A00,Điểm học bạ,2025,23.58,Hóa học
48101,DQN,hoa-hoc,A05,Điểm học bạ,2025,23.58,Hóa học
48102,DQN,hoa-hoc,A06,Điểm học bạ,2025,23.58,Hóa học
48103,DQN,hoa-hoc,B00,Điểm học bạ,2025,23.2,Hóa học
48104,DQN,hoa-hoc,C00,Điểm học bạ,2025,24.25,Hóa học
48105,DQN,hoa-hoc,C05,Điểm học bạ,2025,24.25,Hóa học
48106,DQN,hoa-hoc,C08,Điểm học bạ,2025,24.25,Hóa học
48107,DQN,hoa-hoc,D07,Điểm học bạ,2025,24.0,Hóa học
48108,DQN,hoa-hoc,D12,Điểm học bạ,2025,24.04,Hóa học
48109,DQN,hoa-hoc,X09,Điểm học bạ,2025,24.25,Hóa học
48110,DQN,hoa-hoc,A00,Điểm thi THPT,2025,20.5,Hóa học
48111,DQN,hoa-hoc,A05,Điểm thi THPT,2025,20.5,Hóa học
48112,DQN,hoa-hoc,A06,Điểm thi THPT,2025,20.5,Hóa học
48113,DQN,hoa-hoc,B00,Điểm thi THPT,2025,20.5,Hóa học
48114,DQN,hoa-hoc,C02,Điểm thi THPT,2025,20.5,Hóa học
48115,DQN,hoa-hoc,C05,Điểm thi THPT,2025,20.5,Hóa học
48116,DQN,hoa-hoc,C08,Điểm thi THPT,2025,20.5,Hóa học
48117,DQN,hoa-hoc,D07,Điểm thi THPT,2025,20.5,Hóa học
48118,DQN,hoa-hoc,D12,Điểm thi THPT,2025,20.5,Hóa học
48119,DQN,hoa-hoc,X09,Điểm thi THPT,2025,20.5,Hóa học
48120,DQN,ke-toan,A00,Điểm học bạ,2021,18.0,Kế toán
48121,DQN,ke-toan,A01,Điểm học bạ,2021,18.0,Kế toán
48122,DQN,ke-toan,D01,Điểm học bạ,2021,18.0,Kế toán
48123,DQN,ke-toan,A00,Điểm thi THPT,2021,15.0,Kế toán
48124,DQN,ke-toan,A01,Điểm thi THPT,2021,15.0,Kế toán
48125,DQN,ke-toan,D01,Điểm thi THPT,2021,15.0,Kế toán
48126,DQN,ke-toan,A00,Điểm học bạ,2022,22.5,Kế toán
48127,DQN,ke-toan,A01,Điểm học bạ,2022,22.5,Kế toán
48128,DQN,ke-toan,D01,Điểm học bạ,2022,22.5,Kế toán
48129,DQN,ke-toan,A00,Điểm thi THPT,2022,16.0,Kế toán
48130,DQN,ke-toan,A01,Điểm thi THPT,2022,16.0,Kế toán
48131,DQN,ke-toan,D01,Điểm thi THPT,2022,16.0,Kế toán
48132,DQN,ke-toan,A00,Điểm học bạ,2023,23.0,Kế toán
48133,DQN,ke-toan,A01,Điểm học bạ,2023,23.0,Kế toán
48134,DQN,ke-toan,D01,Điểm học bạ,2023,23.0,Kế toán
48135,DQN,ke-toan,A00,Điểm thi THPT,2023,15.0,Kế toán
48136,DQN,ke-toan,A01,Điểm thi THPT,2023,15.0,Kế toán
48137,DQN,ke-toan,D01,Điểm thi THPT,2023,15.0,Kế toán
48138,DQN,ke-toan,A00,Điểm học bạ,2024,19.0,Kế toán
48139,DQN,ke-toan,A01,Điểm học bạ,2024,19.0,Kế toán
48140,DQN,ke-toan,D01,Điểm học bạ,2024,19.0,Kế toán
48141,DQN,ke-toan,A00,Điểm thi THPT,2024,17.75,Kế toán
48142,DQN,ke-toan,A01,Điểm thi THPT,2024,17.75,Kế toán
48143,DQN,ke-toan,D01,Điểm thi THPT,2024,17.75,Kế toán
48144,DQN,ke-toan,A00,Điểm học bạ,2025,23.43,Kế toán
48145,DQN,ke-toan,A01,Điểm học bạ,2025,23.97,Kế toán
48146,DQN,ke-toan,D01,Điểm học bạ,2025,23.88,Kế toán
48147,DQN,ke-toan,D07,Điểm học bạ,2025,23.83,Kế toán
48148,DQN,ke-toan,X25,Điểm học bạ,2025,23.88,Kế toán
48149,DQN,ke-toan,X26,Điểm học bạ,2025,23.97,Kế toán
48150,DQN,ke-toan,A00,Điểm thi THPT,2025,20.3,Kế toán
48151,DQN,ke-toan,A01,Điểm thi THPT,2025,20.3,Kế toán
48152,DQN,ke-toan,D01,Điểm thi THPT,2025,20.3,Kế toán
48153,DQN,ke-toan,D07,Điểm thi THPT,2025,20.3,Kế toán
48154,DQN,ke-toan,X25,Điểm thi THPT,2025,20.3,Kế toán
48155,DQN,ke-toan,X26,Điểm thi THPT,2025,20.3,Kế toán
48156,DQN,ke-toan-chat-luong-cao,A00,Điểm học bạ,2023,20.0,Kế toán chất lượng cao
48157,DQN,ke-toan-chat-luong-cao,A01,Điểm học bạ,2023,20.0,Kế toán chất lượng cao
48158,DQN,ke-toan-chat-luong-cao,D01,Điểm học bạ,2023,20.0,Kế toán chất lượng cao
48159,DQN,ke-toan-clc,A00,Điểm thi THPT,2022,16.0,Kế toán CLC
48160,DQN,ke-toan-clc,A01,Điểm thi THPT,2022,16.0,Kế toán CLC
48161,DQN,ke-toan-clc,D01,Điểm thi THPT,2022,16.0,Kế toán CLC
48162,DQN,ke-toan-clc,A00,Điểm thi THPT,2023,15.0,Kế toán CLC
48163,DQN,ke-toan-clc,A01,Điểm thi THPT,2023,15.0,Kế toán CLC
48164,DQN,ke-toan-clc,D01,Điểm thi THPT,2023,15.0,Kế toán CLC
48165,DQN,ke-toan-clc,A00,Điểm học bạ,2024,19.5,Kế toán CLC
48166,DQN,ke-toan-clc,A01,Điểm học bạ,2024,19.5,Kế toán CLC
48167,DQN,ke-toan-clc,D01,Điểm học bạ,2024,19.5,Kế toán CLC
48168,DQN,ke-toan-clc,A00,Điểm thi THPT,2024,18.0,Kế toán CLC
48169,DQN,ke-toan-clc,A01,Điểm thi THPT,2024,18.0,Kế toán CLC
48170,DQN,ke-toan-clc,D01,Điểm thi THPT,2024,18.0,Kế toán CLC
48171,DQN,ke-toan-clc,A00,Điểm học bạ,2025,22.6,Kế toán CLC
48172,DQN,ke-toan-clc,A01,Điểm học bạ,2025,22.81,Kế toán CLC
48173,DQN,ke-toan-clc,D01,Điểm học bạ,2025,23.25,Kế toán CLC
48174,DQN,ke-toan-clc,D07,Điểm học bạ,2025,22.9,Kế toán CLC
48175,DQN,ke-toan-clc,X25,Điểm học bạ,2025,23.25,Kế toán CLC
48176,DQN,ke-toan-clc,X26,Điểm học bạ,2025,22.81,Kế toán CLC
48177,DQN,ke-toan-clc,A00,Điểm thi THPT,2025,19.2,Kế toán CLC
48178,DQN,ke-toan-clc,A01,Điểm thi THPT,2025,19.2,Kế toán CLC
48179,DQN,ke-toan-clc,D01,Điểm thi THPT,2025,19.2,Kế toán CLC
48180,DQN,ke-toan-clc,D07,Điểm thi THPT,2025,19.2,Kế toán CLC
48181,DQN,ke-toan-clc,X25,Điểm thi THPT,2025,19.2,Kế toán CLC
48182,DQN,ke-toan-clc,X26,Điểm thi THPT,2025,19.2,Kế toán CLC
48183,DQN,khoa-hoc-du-lieu,A00,Điểm học bạ,2022,19.5,Khoa học dữ liệu
48184,DQN,khoa-hoc-du-lieu,A01,Điểm học bạ,2022,19.5,Khoa học dữ liệu
48185,DQN,khoa-hoc-du-lieu,D07,Điểm học bạ,2022,19.5,Khoa học dữ liệu
48186,DQN,khoa-hoc-du-lieu,D90,Điểm học bạ,2022,19.5,Khoa học dữ liệu
48187,DQN,khoa-hoc-du-lieu,A00,Điểm thi THPT,2022,15.0,Khoa học dữ liệu
48188,DQN,khoa-hoc-du-lieu,A01,Điểm thi THPT,2022,15.0,Khoa học dữ liệu
48189,DQN,khoa-hoc-du-lieu,D07,Điểm thi THPT,2022,15.0,Khoa học dữ liệu
48190,DQN,khoa-hoc-du-lieu,D90,Điểm thi THPT,2022,15.0,Khoa học dữ liệu
48191,DQN,khoa-hoc-du-lieu,A00,Điểm học bạ,2023,19.0,Khoa học dử liệu
48192,DQN,khoa-hoc-du-lieu,A01,Điểm học bạ,2023,19.0,Khoa học dử liệu
48193,DQN,khoa-hoc-du-lieu,D07,Điểm học bạ,2023,19.0,Khoa học dử liệu
48194,DQN,khoa-hoc-du-lieu,D90,Điểm học bạ,2023,19.0,Khoa học dử liệu
48195,DQN,khoa-hoc-du-lieu,A00,Điểm thi THPT,2023,15.0,Khoa học dữ liệu
48196,DQN,khoa-hoc-du-lieu,A01,Điểm thi THPT,2023,15.0,Khoa học dữ liệu
48197,DQN,khoa-hoc-du-lieu,D07,Điểm thi THPT,2023,15.0,Khoa học dữ liệu
48198,DQN,khoa-hoc-du-lieu,D90,Điểm thi THPT,2023,15.0,Khoa học dữ liệu
48199,DQN,khoa-hoc-du-lieu,A00,Điểm học bạ,2024,18.0,Khoa học dữ liệu
48200,DQN,khoa-hoc-du-lieu,A01,Điểm học bạ,2024,18.0,Khoa học dữ liệu
48201,DQN,khoa-hoc-du-lieu,D07,Điểm học bạ,2024,18.0,Khoa học dữ liệu
48202,DQN,khoa-hoc-du-lieu,D90,Điểm học bạ,2024,18.0,Khoa học dữ liệu
48203,DQN,khoa-hoc-du-lieu,A00,Điểm thi THPT,2024,15.0,Khoa học dữ liệu
48204,DQN,khoa-hoc-du-lieu,A01,Điểm thi THPT,2024,15.0,Khoa học dữ liệu
48205,DQN,khoa-hoc-du-lieu,D07,Điểm thi THPT,2024,15.0,Khoa học dữ liệu
48206,DQN,khoa-hoc-du-lieu,D90,Điểm thi THPT,2024,15.0,Khoa học dữ liệu
48207,DQN,khoa-hoc-du-lieu,A00,Điểm học bạ,2025,20.42,Khoa học dữ liệu
48208,DQN,khoa-hoc-du-lieu,A01,Điểm học bạ,2025,21.11,Khoa học dữ liệu
48209,DQN,khoa-hoc-du-lieu,D01,Điểm học bạ,2025,21.23,Khoa học dữ liệu
48210,DQN,khoa-hoc-du-lieu,D07,Điểm học bạ,2025,21.15,Khoa học dữ liệu
48211,DQN,khoa-hoc-du-lieu,X26,Điểm học bạ,2025,21.11,Khoa học dữ liệu
48212,DQN,khoa-hoc-du-lieu,A00,Điểm thi THPT,2025,17.1,Khoa học dữ liệu
48213,DQN,khoa-hoc-du-lieu,A01,Điểm thi THPT,2025,17.1,Khoa học dữ liệu
48214,DQN,khoa-hoc-du-lieu,D01,Điểm thi THPT,2025,17.1,Khoa học dữ liệu
48215,DQN,khoa-hoc-du-lieu,D07,Điểm thi THPT,2025,17.1,Khoa học dữ liệu
48216,DQN,khoa-hoc-du-lieu,X26,Điểm thi THPT,2025,17.1,Khoa học dữ liệu
48217,DQN,khoa-hoc-vat-lieu,A00,Điểm học bạ,2021,18.0,Khoa học vật liệu
48218,DQN,khoa-hoc-vat-lieu,A01,Điểm học bạ,2021,18.0,Khoa học vật liệu
48219,DQN,khoa-hoc-vat-lieu,A02,Điểm học bạ,2021,18.0,Khoa học vật liệu
48220,DQN,khoa-hoc-vat-lieu,C01,Điểm học bạ,2021,18.0,Khoa học vật liệu
48221,DQN,khoa-hoc-vat-lieu,A00,Điểm thi THPT,2021,15.0,Khoa học vật liệu
48222,DQN,khoa-hoc-vat-lieu,A01,Điểm thi THPT,2021,15.0,Khoa học vật liệu
48223,DQN,khoa-hoc-vat-lieu,A02,Điểm thi THPT,2021,15.0,Khoa học vật liệu
48224,DQN,khoa-hoc-vat-lieu,C01,Điểm thi THPT,2021,15.0,Khoa học vật liệu
48225,DQN,khoa-hoc-vat-lieu,A00,Điểm học bạ,2022,18.0,Khoa học vật liệu
48226,DQN,khoa-hoc-vat-lieu,A01,Điểm học bạ,2022,18.0,Khoa học vật liệu
48227,DQN,khoa-hoc-vat-lieu,B00,Điểm học bạ,2022,18.0,Khoa học vật liệu
48228,DQN,khoa-hoc-vat-lieu,D07,Điểm học bạ,2022,18.0,Khoa học vật liệu
48229,DQN,khoa-hoc-vat-lieu,A00,Điểm thi THPT,2022,15.0,Khoa học vật liệu
48230,DQN,khoa-hoc-vat-lieu,A01,Điểm thi THPT,2022,15.0,Khoa học vật liệu
48231,DQN,khoa-hoc-vat-lieu,B00,Điểm thi THPT,2022,15.0,Khoa học vật liệu
48232,DQN,khoa-hoc-vat-lieu,D07,Điểm thi THPT,2022,15.0,Khoa học vật liệu
48233,DQN,khoa-hoc-vat-lieu,A00,Điểm học bạ,2024,18.0,Khoa học vật liệu
48234,DQN,khoa-hoc-vat-lieu,A01,Điểm học bạ,2024,18.0,Khoa học vật liệu
48235,DQN,khoa-hoc-vat-lieu,A02,Điểm học bạ,2024,18.0,Khoa học vật liệu
48236,DQN,khoa-hoc-vat-lieu,A00,Điểm thi THPT,2024,15.0,Khoa học vật liệu
48237,DQN,khoa-hoc-vat-lieu,A01,Điểm thi THPT,2024,15.0,Khoa học vật liệu
48238,DQN,khoa-hoc-vat-lieu,A02,Điểm thi THPT,2024,15.0,Khoa học vật liệu
48239,DQN,kiem-toan,A00,Điểm học bạ,2021,18.0,Kiểm toán
48240,DQN,kiem-toan,A01,Điểm học bạ,2021,18.0,Kiểm toán
48241,DQN,kiem-toan,D01,Điểm học bạ,2021,18.0,Kiểm toán
48242,DQN,kiem-toan,A00,Điểm thi THPT,2021,15.0,Kiểm toán
48243,DQN,kiem-toan,A01,Điểm thi THPT,2021,15.0,Kiểm toán
48244,DQN,kiem-toan,D01,Điểm thi THPT,2021,15.0,Kiểm toán
48245,DQN,kiem-toan,A00,Điểm học bạ,2022,18.0,Kiểm toán
48246,DQN,kiem-toan,A01,Điểm học bạ,2022,18.0,Kiểm toán
48247,DQN,kiem-toan,D01,Điểm học bạ,2022,18.0,Kiểm toán
48248,DQN,kiem-toan,A00,Điểm thi THPT,2022,15.0,Kiểm toán
48249,DQN,kiem-toan,A01,Điểm thi THPT,2022,15.0,Kiểm toán
48250,DQN,kiem-toan,D01,Điểm thi THPT,2022,15.0,Kiểm toán
48251,DQN,kiem-toan,A00,Điểm học bạ,2023,21.0,Kiểm toán
48252,DQN,kiem-toan,A01,Điểm học bạ,2023,21.0,Kiểm toán
48253,DQN,kiem-toan,D01,Điểm học bạ,2023,21.0,Kiểm toán
48254,DQN,kiem-toan,A00,Điểm thi THPT,2023,15.0,Kiểm toán
48255,DQN,kiem-toan,A01,Điểm thi THPT,2023,15.0,Kiểm toán
48256,DQN,kiem-toan,D01,Điểm thi THPT,2023,15.0,Kiểm toán
48257,DQN,kiem-toan,A00,Điểm học bạ,2024,19.5,Kiểm toán
48258,DQN,kiem-toan,A01,Điểm học bạ,2024,19.5,Kiểm toán
48259,DQN,kiem-toan,D01,Điểm học bạ,2024,19.5,Kiểm toán
48260,DQN,kiem-toan,A00,Điểm thi THPT,2024,18.75,Kiểm toán
48261,DQN,kiem-toan,A01,Điểm thi THPT,2024,18.75,Kiểm toán
48262,DQN,kiem-toan,D01,Điểm thi THPT,2024,18.75,Kiểm toán
48263,DQN,kiem-toan,A00,Điểm học bạ,2025,24.66,Kiểm toán
48264,DQN,kiem-toan,A00,Điểm thi THPT,2025,21.8,Kiểm toán
48265,DQN,kiem-toan,A01,Điểm thi THPT,2025,24.88,Kiểm toán
48266,DQN,kiem-toan,D01,Điểm thi THPT,2025,24.94,Kiểm toán
48267,DQN,kiem-toan,D07,Điểm thi THPT,2025,24.56,Kiểm toán
48268,DQN,kiem-toan,X25,Điểm thi THPT,2025,24.94,Kiểm toán
48269,DQN,kiem-toan,X26,Điểm thi THPT,2025,24.88,Kiểm toán
48270,DQN,kiem-toan,X78,Điểm thi THPT,2025,21.8,Kiểm toán
48271,DQN,kinh-te,A00,Điểm học bạ,2021,18.0,Kinh tế
48272,DQN,kinh-te,A01,Điểm học bạ,2021,18.0,Kinh tế
48273,DQN,kinh-te,D01,Điểm học bạ,2021,18.0,Kinh tế
48274,DQN,kinh-te,A00,Điểm thi THPT,2021,15.0,Kinh tế
48275,DQN,kinh-te,A01,Điểm thi THPT,2021,15.0,Kinh tế
48276,DQN,kinh-te,D01,Điểm thi THPT,2021,15.0,Kinh tế
48277,DQN,kinh-te,A00,Điểm học bạ,2022,24.0,Kinh tế
48278,DQN,kinh-te,A01,Điểm học bạ,2022,24.0,Kinh tế
48279,DQN,kinh-te,D01,Điểm học bạ,2022,24.0,Kinh tế
48280,DQN,kinh-te,A00,Điểm thi THPT,2022,17.5,Kinh tế
48281,DQN,kinh-te,A01,Điểm thi THPT,2022,17.5,Kinh tế
48282,DQN,kinh-te,D01,Điểm thi THPT,2022,17.5,Kinh tế
48283,DQN,kinh-te,A00,Điểm học bạ,2023,24.5,Kinh tế
48284,DQN,kinh-te,A01,Điểm học bạ,2023,24.5,Kinh tế
48285,DQN,kinh-te,D01,Điểm học bạ,2023,24.5,Kinh tế
48286,DQN,kinh-te,A00,Điểm thi THPT,2023,18.5,Kinh tế
48287,DQN,kinh-te,A01,Điểm thi THPT,2023,18.5,Kinh tế
48288,DQN,kinh-te,D01,Điểm thi THPT,2023,18.5,Kinh tế
48289,DQN,kinh-te,A00,Điểm học bạ,2024,20.0,Kinh tế
48290,DQN,kinh-te,A01,Điểm học bạ,2024,20.0,Kinh tế
48291,DQN,kinh-te,D01,Điểm học bạ,2024,20.0,Kinh tế
48292,DQN,kinh-te,A00,Điểm thi THPT,2024,18.0,Kinh tế
48293,DQN,kinh-te,A01,Điểm thi THPT,2024,18.0,Kinh tế
48294,DQN,kinh-te,D01,Điểm thi THPT,2024,18.0,Kinh tế
48295,DQN,kinh-te,A00,Điểm học bạ,2025,24.34,Kinh tế
48296,DQN,kinh-te,A01,Điểm học bạ,2025,24.72,Kinh tế
48297,DQN,kinh-te,D01,Điểm học bạ,2025,24.67,Kinh tế
48298,DQN,kinh-te,D07,Điểm học bạ,2025,24.39,Kinh tế
48299,DQN,kinh-te,X25,Điểm học bạ,2025,24.67,Kinh tế
48300,DQN,kinh-te,X26,Điểm học bạ,2025,24.72,Kinh tế
48301,DQN,kinh-te,A00,Điểm thi THPT,2025,21.4,Kinh tế
48302,DQN,kinh-te,A01,Điểm thi THPT,2025,21.4,Kinh tế
48303,DQN,kinh-te,D01,Điểm thi THPT,2025,21.4,Kinh tế
48304,DQN,kinh-te,D07,Điểm thi THPT,2025,21.4,Kinh tế
48305,DQN,kinh-te,X25,Điểm thi THPT,2025,21.4,Kinh tế
48306,DQN,ky-thuat-co-khi-dong-luc,A00,Điểm học bạ,2025,23.31,Kỹ thuật cơ khí động lực
48307,DQN,ky-thuat-co-khi-dong-luc,A01,Điểm học bạ,2025,23.82,Kỹ thuật cơ khí động lực
48308,DQN,ky-thuat-co-khi-dong-luc,C01,Điểm học bạ,2025,23.89,Kỹ thuật cơ khí động lực
48309,DQN,ky-thuat-co-khi-dong-luc,D01,Điểm học bạ,2025,23.76,Kỹ thuật cơ khí động lực
48310,DQN,ky-thuat-co-khi-dong-luc,D07,Điểm học bạ,2025,23.7,Kỹ thuật cơ khí động lực
48311,DQN,ky-thuat-co-khi-dong-luc,X06,Điểm học bạ,2025,23.89,Kỹ thuật cơ khí động lực
48312,DQN,ky-thuat-co-khi-dong-luc,X26,Điểm học bạ,2025,23.82,Kỹ thuật cơ khí động lực
48313,DQN,ky-thuat-co-khi-dong-luc,A00,Điểm thi THPT,2025,20.14,Kỹ thuật cơ khí động lực
48314,DQN,ky-thuat-co-khi-dong-luc,A01,Điểm thi THPT,2025,20.14,Kỹ thuật cơ khí động lực
48315,DQN,ky-thuat-co-khi-dong-luc,C01,Điểm thi THPT,2025,20.14,Kỹ thuật cơ khí động lực
48316,DQN,ky-thuat-co-khi-dong-luc,D01,Điểm thi THPT,2025,20.14,Kỹ thuật cơ khí động lực
48317,DQN,ky-thuat-co-khi-dong-luc,D07,Điểm thi THPT,2025,20.14,Kỹ thuật cơ khí động lực
48318,DQN,ky-thuat-co-khi-dong-luc,X06,Điểm thi THPT,2025,20.14,Kỹ thuật cơ khí động lực
48319,DQN,ky-thuat-co-khi-dong-luc,X26,Điểm thi THPT,2025,20.14,Kỹ thuật cơ khí động lực
48320,DQN,ky-thuat-dien,A00,Điểm học bạ,2021,18.0,Kỹ thuật điện
48321,DQN,ky-thuat-dien,A01,Điểm học bạ,2021,18.0,Kỹ thuật điện
48322,DQN,ky-thuat-dien,A02,Điểm học bạ,2021,18.0,Kỹ thuật điện
48323,DQN,ky-thuat-dien,D07,Điểm học bạ,2021,18.0,Kỹ thuật điện
48324,DQN,ky-thuat-dien,A00,Điểm thi THPT,2021,15.0,Kỹ thuật điện
48325,DQN,ky-thuat-dien,A01,Điểm thi THPT,2021,15.0,Kỹ thuật điện
48326,DQN,ky-thuat-dien,A02,Điểm thi THPT,2021,15.0,Kỹ thuật điện
48327,DQN,ky-thuat-dien,D07,Điểm thi THPT,2021,15.0,Kỹ thuật điện
48328,DQN,ky-thuat-dien,A00,Điểm học bạ,2022,20.0,Kỹ thuật điện
48329,DQN,ky-thuat-dien,A01,Điểm học bạ,2022,20.0,Kỹ thuật điện
48330,DQN,ky-thuat-dien,K01,Điểm học bạ,2022,20.0,Kỹ thuật điện
48331,DQN,ky-thuat-dien,A00,Điểm thi THPT,2022,15.0,Kỹ thuật điện
48332,DQN,ky-thuat-dien,A01,Điểm thi THPT,2022,15.0,Kỹ thuật điện
48333,DQN,ky-thuat-dien,K01,Điểm thi THPT,2022,15.0,Kỹ thuật điện
48334,DQN,ky-thuat-dien,A00,Điểm học bạ,2023,18.0,Kỹ thuật điện
48335,DQN,ky-thuat-dien,A01,Điểm học bạ,2023,18.0,Kỹ thuật điện
48336,DQN,ky-thuat-dien,D07,Điểm học bạ,2023,18.0,Kỹ thuật điện
48337,DQN,ky-thuat-dien,A00,Điểm thi THPT,2023,15.0,Kỹ thuật điện
48338,DQN,ky-thuat-dien,A01,Điểm thi THPT,2023,15.0,Kỹ thuật điện
48339,DQN,ky-thuat-dien,D07,Điểm thi THPT,2023,15.0,Kỹ thuật điện
48340,DQN,ky-thuat-dien,A00,Điểm học bạ,2024,19.0,Kỹ thuật điện
48341,DQN,ky-thuat-dien,A01,Điểm học bạ,2024,19.0,Kỹ thuật điện
48342,DQN,ky-thuat-dien,D07,Điểm học bạ,2024,19.0,Kỹ thuật điện
48343,DQN,ky-thuat-dien,K01,Điểm học bạ,2024,19.0,Kỹ thuật điện
48344,DQN,ky-thuat-dien,A00,Điểm thi THPT,2024,16.0,Kỹ thuật điện
48345,DQN,ky-thuat-dien,A01,Điểm thi THPT,2024,16.0,Kỹ thuật điện
48346,DQN,ky-thuat-dien,D07,Điểm thi THPT,2024,16.0,Kỹ thuật điện
48347,DQN,ky-thuat-dien,A00,Điểm học bạ,2025,23.7,Kỹ thuật điện
48348,DQN,ky-thuat-dien,A01,Điểm học bạ,2025,24.23,Kỹ thuật điện
48349,DQN,ky-thuat-dien,C01,Điểm học bạ,2025,24.4,Kỹ thuật điện
48350,DQN,ky-thuat-dien,D01,Điểm học bạ,2025,24.15,Kỹ thuật điện
48351,DQN,ky-thuat-dien,D07,Điểm học bạ,2025,24.06,Kỹ thuật điện
48352,DQN,ky-thuat-dien,X06,Điểm học bạ,2025,24.4,Kỹ thuật điện
48353,DQN,ky-thuat-dien,X26,Điểm học bạ,2025,24.23,Kỹ thuật điện
48354,DQN,ky-thuat-dien,A00,Điểm thi THPT,2025,20.65,Kỹ thuật điện
48355,DQN,ky-thuat-dien,A01,Điểm thi THPT,2025,20.65,Kỹ thuật điện
48356,DQN,ky-thuat-dien,C01,Điểm thi THPT,2025,20.65,Kỹ thuật điện
48357,DQN,ky-thuat-dien,D01,Điểm thi THPT,2025,20.65,Kỹ thuật điện
48358,DQN,ky-thuat-dien,D07,Điểm thi THPT,2025,20.65,Kỹ thuật điện
48359,DQN,ky-thuat-dien,X06,Điểm thi THPT,2025,20.65,Kỹ thuật điện
48360,DQN,ky-thuat-dien,X26,Điểm thi THPT,2025,20.65,Kỹ thuật điện
48361,DQN,ky-thuat-dien-tu-vien-thong,A00,Điểm học bạ,2021,18.0,Kỹ thuật Điện tử - Viễn thông
48362,DQN,ky-thuat-dien-tu-vien-thong,A01,Điểm học bạ,2021,18.0,Kỹ thuật Điện tử - Viễn thông
48363,DQN,ky-thuat-dien-tu-vien-thong,A02,Điểm học bạ,2021,18.0,Kỹ thuật Điện tử - Viễn thông
48364,DQN,ky-thuat-dien-tu-vien-thong,D07,Điểm học bạ,2021,18.0,Kỹ thuật Điện tử - Viễn thông
48365,DQN,ky-thuat-dien-tu-vien-thong,A00,Điểm thi THPT,2021,15.0,Kỹ thuật Điện tử - Viễn thông
48366,DQN,ky-thuat-dien-tu-vien-thong,A01,Điểm thi THPT,2021,15.0,Kỹ thuật Điện tử - Viễn thông
48367,DQN,ky-thuat-dien-tu-vien-thong,A02,Điểm thi THPT,2021,15.0,Kỹ thuật Điện tử - Viễn thông
48368,DQN,ky-thuat-dien-tu-vien-thong,D07,Điểm thi THPT,2021,15.0,Kỹ thuật Điện tử - Viễn thông
48369,DQN,ky-thuat-dien-tu-vien-thong,A00,Điểm học bạ,2022,20.0,Kỹ thuật điện tử - viễn thông
48370,DQN,ky-thuat-dien-tu-vien-thong,A01,Điểm học bạ,2022,20.0,Kỹ thuật điện tử - viễn thông
48371,DQN,ky-thuat-dien-tu-vien-thong,K01,Điểm học bạ,2022,20.0,Kỹ thuật điện tử - viễn thông
48372,DQN,ky-thuat-dien-tu-vien-thong,A00,Điểm thi THPT,2022,15.0,Kỹ thuật Điện tử - Viễn thông
48373,DQN,ky-thuat-dien-tu-vien-thong,A01,Điểm thi THPT,2022,15.0,Kỹ thuật Điện tử - Viễn thông
48374,DQN,ky-thuat-dien-tu-vien-thong,K01,Điểm thi THPT,2022,15.0,Kỹ thuật Điện tử - Viễn thông
48375,DQN,ky-thuat-dien-tu-vien-thong,A00,Điểm học bạ,2023,18.0,Kỹ thuật điện tử - viễn thông
48376,DQN,ky-thuat-dien-tu-vien-thong,A01,Điểm học bạ,2023,18.0,Kỹ thuật điện tử - viễn thông
48377,DQN,ky-thuat-dien-tu-vien-thong,D07,Điểm học bạ,2023,18.0,Kỹ thuật điện tử - viễn thông
48378,DQN,ky-thuat-dien-tu-vien-thong,A00,Điểm thi THPT,2023,15.0,Kỹ thuật điện tử - viễn thông
48379,DQN,ky-thuat-dien-tu-vien-thong,A01,Điểm thi THPT,2023,15.0,Kỹ thuật điện tử - viễn thông
48380,DQN,ky-thuat-dien-tu-vien-thong,D07,Điểm thi THPT,2023,15.0,Kỹ thuật điện tử - viễn thông
48381,DQN,ky-thuat-dien-tu-vien-thong,A00,Điểm học bạ,2024,19.0,Kỹ thuật điện tử - viễn thông
48382,DQN,ky-thuat-dien-tu-vien-thong,A01,Điểm học bạ,2024,19.0,Kỹ thuật điện tử - viễn thông
48383,DQN,ky-thuat-dien-tu-vien-thong,D07,Điểm học bạ,2024,19.0,Kỹ thuật điện tử - viễn thông
48384,DQN,ky-thuat-dien-tu-vien-thong,K01,Điểm học bạ,2024,19.0,Kỹ thuật điện tử - viễn thông
48385,DQN,ky-thuat-dien-tu-vien-thong,A00,Điểm thi THPT,2024,15.0,Kỹ thuật điện tử - viễn thông
48386,DQN,ky-thuat-dien-tu-vien-thong,A01,Điểm thi THPT,2024,15.0,Kỹ thuật điện tử - viễn thông
48387,DQN,ky-thuat-dien-tu-vien-thong,D07,Điểm thi THPT,2024,15.0,Kỹ thuật điện tử - viễn thông
48388,DQN,ky-thuat-dien-tu-vien-thong,A00,Điểm học bạ,2025,23.79,Kỹ thuật điện tử - viễn thông
48389,DQN,ky-thuat-dien-tu-vien-thong,A01,Điểm học bạ,2025,24.31,Kỹ thuật điện tử - viễn thông
48390,DQN,ky-thuat-dien-tu-vien-thong,C01,Điểm học bạ,2025,24.52,Kỹ thuật điện tử - viễn thông
48391,DQN,ky-thuat-dien-tu-vien-thong,D01,Điểm học bạ,2025,24.24,Kỹ thuật điện tử - viễn thông
48392,DQN,ky-thuat-dien-tu-vien-thong,D07,Điểm học bạ,2025,24.12,Kỹ thuật điện tử - viễn thông
48393,DQN,ky-thuat-dien-tu-vien-thong,X06,Điểm học bạ,2025,24.52,Kỹ thuật điện tử - viễn thông
48394,DQN,ky-thuat-dien-tu-vien-thong,X26,Điểm học bạ,2025,24.31,Kỹ thuật điện tử - viễn thông
48395,DQN,ky-thuat-dien-tu-vien-thong,A00,Điểm thi THPT,2025,20.77,Kỹ thuật điện tử - viễn thông
48396,DQN,ky-thuat-dien-tu-vien-thong,A01,Điểm thi THPT,2025,20.77,Kỹ thuật điện tử - viễn thông
48397,DQN,ky-thuat-dien-tu-vien-thong,C01,Điểm thi THPT,2025,20.77,Kỹ thuật điện tử - viễn thông
48398,DQN,ky-thuat-dien-tu-vien-thong,D01,Điểm thi THPT,2025,20.77,Kỹ thuật điện tử - viễn thông
48399,DQN,ky-thuat-dien-tu-vien-thong,D07,Điểm thi THPT,2025,20.77,Kỹ thuật điện tử - viễn thông
48400,DQN,ky-thuat-dien-tu-vien-thong,X06,Điểm thi THPT,2025,20.77,Kỹ thuật điện tử - viễn thông
48401,DQN,ky-thuat-dien-tu-vien-thong,X26,Điểm thi THPT,2025,20.77,Kỹ thuật điện tử - viễn thông
48402,DQN,ky-thuat-dieu-khien-va-tu-dong-hoa,A00,Điểm học bạ,2021,18.0,Kỹ thuật điều khiển và tự động hóa
48403,DQN,ky-thuat-dieu-khien-va-tu-dong-hoa,A01,Điểm học bạ,2021,18.0,Kỹ thuật điều khiển và tự động hóa
48404,DQN,ky-thuat-dieu-khien-va-tu-dong-hoa,A02,Điểm học bạ,2021,18.0,Kỹ thuật điều khiển và tự động hóa
48405,DQN,ky-thuat-dieu-khien-va-tu-dong-hoa,D07,Điểm học bạ,2021,18.0,Kỹ thuật điều khiển và tự động hóa
48406,DQN,ky-thuat-dieu-khien-va-tu-dong-hoa,A00,Điểm thi THPT,2021,15.0,Kỹ thuật điều khiển và tự động hóa
48407,DQN,ky-thuat-dieu-khien-va-tu-dong-hoa,A01,Điểm thi THPT,2021,15.0,Kỹ thuật điều khiển và tự động hóa
48408,DQN,ky-thuat-dieu-khien-va-tu-dong-hoa,A02,Điểm thi THPT,2021,15.0,Kỹ thuật điều khiển và tự động hóa
48409,DQN,ky-thuat-dieu-khien-va-tu-dong-hoa,D07,Điểm thi THPT,2021,15.0,Kỹ thuật điều khiển và tự động hóa
48410,DQN,ky-thuat-dieu-khien-va-tu-dong-hoa,A00,Điểm học bạ,2022,20.0,Kỹ thuật điều khiển và tự động hóa
48411,DQN,ky-thuat-dieu-khien-va-tu-dong-hoa,A01,Điểm học bạ,2022,20.0,Kỹ thuật điều khiển và tự động hóa
48412,DQN,ky-thuat-dieu-khien-va-tu-dong-hoa,K01,Điểm học bạ,2022,20.0,Kỹ thuật điều khiển và tự động hóa
48413,DQN,ky-thuat-dieu-khien-va-tu-dong-hoa,A00,Điểm thi THPT,2022,15.0,Kỹ thuật điều khiển và tự động hóa
48414,DQN,ky-thuat-dieu-khien-va-tu-dong-hoa,A01,Điểm thi THPT,2022,15.0,Kỹ thuật điều khiển và tự động hóa
48415,DQN,ky-thuat-dieu-khien-va-tu-dong-hoa,K01,Điểm thi THPT,2022,15.0,Kỹ thuật điều khiển và tự động hóa
48416,DQN,ky-thuat-dieu-khien-va-tu-dong-hoa,A00,Điểm học bạ,2023,18.0,Kỹ thuật điều khiển và Tự động hóa
48417,DQN,ky-thuat-dieu-khien-va-tu-dong-hoa,A01,Điểm học bạ,2023,18.0,Kỹ thuật điều khiển và Tự động hóa
48418,DQN,ky-thuat-dieu-khien-va-tu-dong-hoa,D07,Điểm học bạ,2023,18.0,Kỹ thuật điều khiển và Tự động hóa
48419,DQN,ky-thuat-dieu-khien-va-tu-dong-hoa,A00,Điểm thi THPT,2023,15.0,Kỹ thuật điều khiển và Tự động hóa
48420,DQN,ky-thuat-dieu-khien-va-tu-dong-hoa,A01,Điểm thi THPT,2023,15.0,Kỹ thuật điều khiển và Tự động hóa
48421,DQN,ky-thuat-dieu-khien-va-tu-dong-hoa,D07,Điểm thi THPT,2023,15.0,Kỹ thuật điều khiển và Tự động hóa
48422,DQN,ky-thuat-dieu-khien-va-tu-dong-hoa,A00,Điểm học bạ,2024,19.0,Kỹ thuật điều khiển và Tự động hóa
48423,DQN,ky-thuat-dieu-khien-va-tu-dong-hoa,A01,Điểm học bạ,2024,19.0,Kỹ thuật điều khiển và Tự động hóa
48424,DQN,ky-thuat-dieu-khien-va-tu-dong-hoa,D07,Điểm học bạ,2024,19.0,Kỹ thuật điều khiển và Tự động hóa
48425,DQN,ky-thuat-dieu-khien-va-tu-dong-hoa,K01,Điểm học bạ,2024,19.0,Kỹ thuật điều khiển và Tự động hóa
48426,DQN,ky-thuat-dieu-khien-va-tu-dong-hoa,A00,Điểm thi THPT,2024,15.0,Kỹ thuật điều khiển và Tự động hóa
48427,DQN,ky-thuat-dieu-khien-va-tu-dong-hoa,A01,Điểm thi THPT,2024,15.0,Kỹ thuật điều khiển và Tự động hóa
48428,DQN,ky-thuat-dieu-khien-va-tu-dong-hoa,D07,Điểm thi THPT,2024,15.0,Kỹ thuật điều khiển và Tự động hóa
48429,DQN,ky-thuat-dieu-khien-va-tu-dong-hoa,A00,Điểm học bạ,2025,24.01,Kỹ thuật điều khiển và Tự động hóa
48430,DQN,ky-thuat-dieu-khien-va-tu-dong-hoa,A01,Điểm học bạ,2025,24.49,Kỹ thuật điều khiển và Tự động hóa
48431,DQN,ky-thuat-dieu-khien-va-tu-dong-hoa,C01,Điểm học bạ,2025,24.77,Kỹ thuật điều khiển và Tự động hóa
48432,DQN,ky-thuat-dieu-khien-va-tu-dong-hoa,D01,Điểm học bạ,2025,24.41,Kỹ thuật điều khiển và Tự động hóa
48433,DQN,ky-thuat-dieu-khien-va-tu-dong-hoa,D07,Điểm học bạ,2025,24.23,Kỹ thuật điều khiển và Tự động hóa
48434,DQN,ky-thuat-dieu-khien-va-tu-dong-hoa,X06,Điểm học bạ,2025,24.77,Kỹ thuật điều khiển và Tự động hóa
48435,DQN,ky-thuat-dieu-khien-va-tu-dong-hoa,X26,Điểm học bạ,2025,24.49,Kỹ thuật điều khiển và Tự động hóa
48436,DQN,ky-thuat-dieu-khien-va-tu-dong-hoa,A00,Điểm thi THPT,2025,21.02,Kỹ thuật điều khiển và Tự động hóa
48437,DQN,ky-thuat-dieu-khien-va-tu-dong-hoa,A01,Điểm thi THPT,2025,21.02,Kỹ thuật điều khiển và Tự động hóa
48438,DQN,ky-thuat-dieu-khien-va-tu-dong-hoa,C01,Điểm thi THPT,2025,21.02,Kỹ thuật điều khiển và Tự động hóa
48439,DQN,ky-thuat-dieu-khien-va-tu-dong-hoa,D01,Điểm thi THPT,2025,21.02,Kỹ thuật điều khiển và Tự động hóa
48440,DQN,ky-thuat-dieu-khien-va-tu-dong-hoa,D07,Điểm thi THPT,2025,21.02,Kỹ thuật điều khiển và Tự động hóa
48441,DQN,ky-thuat-dieu-khien-va-tu-dong-hoa,X06,Điểm thi THPT,2025,21.02,Kỹ thuật điều khiển và Tự động hóa
48442,DQN,ky-thuat-dieu-khien-va-tu-dong-hoa,X26,Điểm thi THPT,2025,21.02,Kỹ thuật điều khiển và Tự động hóa
48443,DQN,ky-thuat-phan-mem,A00,Điểm học bạ,2021,18.0,Kỹ thuật phần mềm
48444,DQN,ky-thuat-phan-mem,A01,Điểm học bạ,2021,18.0,Kỹ thuật phần mềm
48445,DQN,ky-thuat-phan-mem,A00,Điểm thi THPT,2021,15.0,Kỹ thuật phần mềm
48446,DQN,ky-thuat-phan-mem,A01,Điểm thi THPT,2021,15.0,Kỹ thuật phần mềm
48447,DQN,ky-thuat-phan-mem,A00,Điểm học bạ,2022,20.5,Kỹ thuật phần mềm
48448,DQN,ky-thuat-phan-mem,A01,Điểm học bạ,2022,20.5,Kỹ thuật phần mềm
48449,DQN,ky-thuat-phan-mem,K01,Điểm học bạ,2022,20.5,Kỹ thuật phần mềm
48450,DQN,ky-thuat-phan-mem,A00,Điểm thi THPT,2022,15.0,Kỹ thuật phần mềm
48451,DQN,ky-thuat-phan-mem,A01,Điểm thi THPT,2022,15.0,Kỹ thuật phần mềm
48452,DQN,ky-thuat-phan-mem,K01,Điểm thi THPT,2022,15.0,Kỹ thuật phần mềm
48453,DQN,ky-thuat-phan-mem,A00,Điểm học bạ,2023,21.0,Kỹ thuật phần mềm
48454,DQN,ky-thuat-phan-mem,A01,Điểm học bạ,2023,21.0,Kỹ thuật phần mềm
48455,DQN,ky-thuat-phan-mem,A00,Điểm thi THPT,2023,15.0,Kỹ thuật phần mềm
48456,DQN,ky-thuat-phan-mem,A01,Điểm thi THPT,2023,15.0,Kỹ thuật phần mềm
48457,DQN,ky-thuat-phan-mem,A00,Điểm học bạ,2024,21.0,Kỹ thuật phần mềm
48458,DQN,ky-thuat-phan-mem,A01,Điểm học bạ,2024,21.0,Kỹ thuật phần mềm
48459,DQN,ky-thuat-phan-mem,K01,Điểm học bạ,2024,21.0,Kỹ thuật phần mềm
48460,DQN,ky-thuat-phan-mem,A00,Điểm thi THPT,2024,15.0,Kỹ thuật phần mềm
48461,DQN,ky-thuat-phan-mem,A01,Điểm thi THPT,2024,15.0,Kỹ thuật phần mềm
48462,DQN,ky-thuat-phan-mem,A00,Điểm học bạ,2025,22.83,Kỹ thuật phần mềm
48463,DQN,ky-thuat-phan-mem,A01,Điểm học bạ,2025,23.26,Kỹ thuật phần mềm
48464,DQN,ky-thuat-phan-mem,D01,Điểm học bạ,2025,23.45,Kỹ thuật phần mềm
48465,DQN,ky-thuat-phan-mem,D07,Điểm học bạ,2025,23.16,Kỹ thuật phần mềm
48466,DQN,ky-thuat-phan-mem,X26,Điểm học bạ,2025,23.26,Kỹ thuật phần mềm
48467,DQN,ky-thuat-phan-mem,A00,Điểm thi THPT,2025,19.5,Kỹ thuật phần mềm
48468,DQN,ky-thuat-phan-mem,A01,Điểm thi THPT,2025,19.5,Kỹ thuật phần mềm
48469,DQN,ky-thuat-phan-mem,D01,Điểm thi THPT,2025,19.5,Kỹ thuật phần mềm
48470,DQN,ky-thuat-phan-mem,D07,Điểm thi THPT,2025,19.5,Kỹ thuật phần mềm
48471,DQN,ky-thuat-phan-mem,X26,Điểm thi THPT,2025,19.5,Kỹ thuật phần mềm
48472,DQN,ky-thuat-xay-dung,A00,Điểm học bạ,2021,18.0,Kỹ thuật xây dựng
48473,DQN,ky-thuat-xay-dung,A01,Điểm học bạ,2021,18.0,Kỹ thuật xây dựng
48474,DQN,ky-thuat-xay-dung,A02,Điểm học bạ,2021,18.0,Kỹ thuật xây dựng
48475,DQN,ky-thuat-xay-dung,D07,Điểm học bạ,2021,18.0,Kỹ thuật xây dựng
48476,DQN,ky-thuat-xay-dung,A00,Điểm thi THPT,2021,15.0,Kỹ thuật xây dựng
48477,DQN,ky-thuat-xay-dung,A01,Điểm thi THPT,2021,15.0,Kỹ thuật xây dựng
48478,DQN,ky-thuat-xay-dung,A02,Điểm thi THPT,2021,15.0,Kỹ thuật xây dựng
48479,DQN,ky-thuat-xay-dung,D07,Điểm thi THPT,2021,15.0,Kỹ thuật xây dựng
48480,DQN,ky-thuat-xay-dung,A00,Điểm học bạ,2022,20.0,Kỹ thuật xây dựng
48481,DQN,ky-thuat-xay-dung,A01,Điểm học bạ,2022,20.0,Kỹ thuật xây dựng
48482,DQN,ky-thuat-xay-dung,D07,Điểm học bạ,2022,20.0,Kỹ thuật xây dựng
48483,DQN,ky-thuat-xay-dung,K01,Điểm học bạ,2022,20.0,Kỹ thuật xây dựng
48484,DQN,ky-thuat-xay-dung,A00,Điểm thi THPT,2022,15.0,Kỹ thuật xây dựng
48485,DQN,ky-thuat-xay-dung,A01,Điểm thi THPT,2022,15.0,Kỹ thuật xây dựng
48486,DQN,ky-thuat-xay-dung,D07,Điểm thi THPT,2022,15.0,Kỹ thuật xây dựng
48487,DQN,ky-thuat-xay-dung,K01,Điểm thi THPT,2022,15.0,Kỹ thuật xây dựng
48488,DQN,ky-thuat-xay-dung,A00,Điểm học bạ,2023,18.0,Kỹ thuật xây dựng
48489,DQN,ky-thuat-xay-dung,A01,Điểm học bạ,2023,18.0,Kỹ thuật xây dựng
48490,DQN,ky-thuat-xay-dung,D07,Điểm học bạ,2023,18.0,Kỹ thuật xây dựng
48491,DQN,ky-thuat-xay-dung,A00,Điểm thi THPT,2023,15.0,Kỹ thuật xây dựng
48492,DQN,ky-thuat-xay-dung,A01,Điểm thi THPT,2023,15.0,Kỹ thuật xây dựng
48493,DQN,ky-thuat-xay-dung,D07,Điểm thi THPT,2023,15.0,Kỹ thuật xây dựng
48494,DQN,ky-thuat-xay-dung,A00,Điểm học bạ,2024,19.0,Kỹ thuật xây dựng
48495,DQN,ky-thuat-xay-dung,A01,Điểm học bạ,2024,19.0,Kỹ thuật xây dựng
48496,DQN,ky-thuat-xay-dung,D07,Điểm học bạ,2024,19.0,Kỹ thuật xây dựng
48497,DQN,ky-thuat-xay-dung,K01,Điểm học bạ,2024,19.0,Kỹ thuật xây dựng
48498,DQN,ky-thuat-xay-dung,A00,Điểm thi THPT,2024,15.0,Kỹ thuật xây dựng
48499,DQN,ky-thuat-xay-dung,A01,Điểm thi THPT,2024,15.0,Kỹ thuật xây dựng
48500,DQN,ky-thuat-xay-dung,D07,Điểm thi THPT,2024,15.0,Kỹ thuật xây dựng
48501,DQN,ky-thuat-xay-dung,A00,Điểm học bạ,2025,23.32,Kỹ thuật xây dựng
48502,DQN,ky-thuat-xay-dung,A01,Điểm học bạ,2025,23.83,Kỹ thuật xây dựng
48503,DQN,ky-thuat-xay-dung,C01,Điểm học bạ,2025,23.9,Kỹ thuật xây dựng
48504,DQN,ky-thuat-xay-dung,D01,Điểm học bạ,2025,23.77,Kỹ thuật xây dựng
48505,DQN,ky-thuat-xay-dung,D07,Điểm học bạ,2025,23.71,Kỹ thuật xây dựng
48506,DQN,ky-thuat-xay-dung,X06,Điểm học bạ,2025,23.9,Kỹ thuật xây dựng
48507,DQN,ky-thuat-xay-dung,X26,Điểm học bạ,2025,23.83,Kỹ thuật xây dựng
48508,DQN,ky-thuat-xay-dung,A00,Điểm thi THPT,2025,20.15,Kỹ thuật xây dựng
48509,DQN,ky-thuat-xay-dung,A01,Điểm thi THPT,2025,20.15,Kỹ thuật xây dựng
48510,DQN,ky-thuat-xay-dung,C01,Điểm thi THPT,2025,20.15,Kỹ thuật xây dựng
48511,DQN,ky-thuat-xay-dung,D01,Điểm thi THPT,2025,20.15,Kỹ thuật xây dựng
48512,DQN,ky-thuat-xay-dung,D07,Điểm thi THPT,2025,20.15,Kỹ thuật xây dựng
48513,DQN,ky-thuat-xay-dung,X06,Điểm thi THPT,2025,20.15,Kỹ thuật xây dựng
48514,DQN,ky-thuat-xay-dung,X26,Điểm thi THPT,2025,20.15,Kỹ thuật xây dựng
48515,DQN,logistics-va-ql-chuoi-cung-ung,A00,Điểm thi THPT,2022,19.0,Logistics và QL chuỗi cung ứng
48516,DQN,logistics-va-ql-chuoi-cung-ung,A01,Điểm thi THPT,2022,19.0,Logistics và QL chuỗi cung ứng
48517,DQN,logistics-va-ql-chuoi-cung-ung,D01,Điểm thi THPT,2022,19.0,Logistics và QL chuỗi cung ứng
48518,DQN,logistics-va-ql-chuoi-cung-ung,A00,Điểm học bạ,2024,24.5,Logistics và QL chuỗi cung ứng
48519,DQN,logistics-va-ql-chuoi-cung-ung,A01,Điểm học bạ,2024,24.5,Logistics và QL chuỗi cung ứng
48520,DQN,logistics-va-ql-chuoi-cung-ung,D01,Điểm học bạ,2024,24.5,Logistics và QL chuỗi cung ứng
48521,DQN,logistics-va-quan-ly-chuoi-cung-ung,A00,Điểm học bạ,2022,26.5,Logistics và quản lý chuỗi cung ứng
48522,DQN,logistics-va-quan-ly-chuoi-cung-ung,A01,Điểm học bạ,2022,26.5,Logistics và quản lý chuỗi cung ứng
48523,DQN,logistics-va-quan-ly-chuoi-cung-ung,D01,Điểm học bạ,2022,26.5,Logistics và quản lý chuỗi cung ứng
48524,DQN,logistics-va-quan-ly-chuoi-cung-ung,A00,Điểm học bạ,2023,25.0,Logistics và Quản lý chuỗi cung ứng
48525,DQN,logistics-va-quan-ly-chuoi-cung-ung,A01,Điểm học bạ,2023,25.0,Logistics và Quản lý chuỗi cung ứng
48526,DQN,logistics-va-quan-ly-chuoi-cung-ung,D01,Điểm học bạ,2023,25.0,Logistics và Quản lý chuỗi cung ứng
48527,DQN,logistics-va-quan-ly-chuoi-cung-ung,A00,Điểm thi THPT,2023,21.0,Logistics và quản lý chuỗi cung ứng
48528,DQN,logistics-va-quan-ly-chuoi-cung-ung,A01,Điểm thi THPT,2023,21.0,Logistics và quản lý chuỗi cung ứng
48529,DQN,logistics-va-quan-ly-chuoi-cung-ung,D01,Điểm thi THPT,2023,21.0,Logistics và quản lý chuỗi cung ứng
48530,DQN,logistics-va-quan-ly-chuoi-cung-ung,A00,Điểm thi THPT,2024,21.0,Logistics và quản lý chuỗi cung ứng
48531,DQN,logistics-va-quan-ly-chuoi-cung-ung,A01,Điểm thi THPT,2024,21.0,Logistics và quản lý chuỗi cung ứng
48532,DQN,logistics-va-quan-ly-chuoi-cung-ung,D01,Điểm thi THPT,2024,21.0,Logistics và quản lý chuỗi cung ứng
48533,DQN,logistics-va-quan-ly-chuoi-cung-ung,A00,Điểm học bạ,2025,26.05,Logistics và quản lý chuỗi cung ứng
48534,DQN,logistics-va-quan-ly-chuoi-cung-ung,A01,Điểm học bạ,2025,26.06,Logistics và quản lý chuỗi cung ứng
48535,DQN,logistics-va-quan-ly-chuoi-cung-ung,D01,Điểm học bạ,2025,26.16,Logistics và quản lý chuỗi cung ứng
48536,DQN,logistics-va-quan-ly-chuoi-cung-ung,D10,Điểm học bạ,2025,26.16,Logistics và quản lý chuỗi cung ứng
48537,DQN,logistics-va-quan-ly-chuoi-cung-ung,X01,Điểm học bạ,2025,26.16,Logistics và quản lý chuỗi cung ứng
48538,DQN,logistics-va-quan-ly-chuoi-cung-ung,X21,Điểm học bạ,2025,27.35,Logistics và quản lý chuỗi cung ứng
48539,DQN,logistics-va-quan-ly-chuoi-cung-ung,X25,Điểm học bạ,2025,26.16,Logistics và quản lý chuỗi cung ứng
48540,DQN,logistics-va-quan-ly-chuoi-cung-ung,X26,Điểm học bạ,2025,26.06,Logistics và quản lý chuỗi cung ứng
48541,DQN,logistics-va-quan-ly-chuoi-cung-ung,A00,Điểm thi THPT,2025,23.6,Logistics và quản lý chuỗi cung ứng
48542,DQN,logistics-va-quan-ly-chuoi-cung-ung,A01,Điểm thi THPT,2025,23.6,Logistics và quản lý chuỗi cung ứng
48543,DQN,logistics-va-quan-ly-chuoi-cung-ung,D01,Điểm thi THPT,2025,23.6,Logistics và quản lý chuỗi cung ứng
48544,DQN,logistics-va-quan-ly-chuoi-cung-ung,D10,Điểm thi THPT,2025,23.6,Logistics và quản lý chuỗi cung ứng
48545,DQN,logistics-va-quan-ly-chuoi-cung-ung,X01,Điểm thi THPT,2025,23.6,Logistics và quản lý chuỗi cung ứng
48546,DQN,logistics-va-quan-ly-chuoi-cung-ung,X21,Điểm thi THPT,2025,23.6,Logistics và quản lý chuỗi cung ứng
48547,DQN,logistics-va-quan-ly-chuoi-cung-ung,X25,Điểm thi THPT,2025,23.6,Logistics và quản lý chuỗi cung ứng
48548,DQN,logistics-va-quan-ly-chuoi-cung-ung,X26,Điểm thi THPT,2025,23.6,Logistics và quản lý chuỗi cung ứng
48549,DQN,luat,A00,Điểm học bạ,2021,18.0,Luật
48550,DQN,luat,C00,Điểm học bạ,2021,18.0,Luật
48551,DQN,luat,C19,Điểm học bạ,2021,18.0,Luật
48552,DQN,luat,D01,Điểm học bạ,2021,18.0,Luật
48553,DQN,luat,A00,Điểm thi THPT,2021,15.0,Luật
48554,DQN,luat,C00,Điểm thi THPT,2021,15.0,Luật
48555,DQN,luat,C19,Điểm thi THPT,2021,15.0,Luật
48556,DQN,luat,D01,Điểm thi THPT,2021,15.0,Luật
48557,DQN,luat,A00,Điểm học bạ,2022,23.0,Luật
48558,DQN,luat,C00,Điểm học bạ,2022,23.0,Luật
48559,DQN,luat,C19,Điểm học bạ,2022,23.0,Luật
48560,DQN,luat,A00,Điểm thi THPT,2022,15.0,Luật
48561,DQN,luat,C00,Điểm thi THPT,2022,15.0,Luật
48562,DQN,luat,C19,Điểm thi THPT,2022,15.0,Luật
48563,DQN,luat,A00,Điểm học bạ,2023,23.0,Luật
48564,DQN,luat,C00,Điểm học bạ,2023,23.0,Luật
48565,DQN,luat,C19,Điểm học bạ,2023,23.0,Luật
48566,DQN,luat,D01,Điểm học bạ,2023,23.0,Luật
48567,DQN,luat,A00,Điểm thi THPT,2023,17.75,Luật
48568,DQN,luat,C00,Điểm thi THPT,2023,17.75,Luật
48569,DQN,luat,C19,Điểm thi THPT,2023,17.75,Luật
48570,DQN,luat,D01,Điểm thi THPT,2023,17.75,Luật
48571,DQN,luat,A00,Điểm học bạ,2024,20.0,Luật
48572,DQN,luat,C00,Điểm học bạ,2024,20.0,Luật
48573,DQN,luat,C19,Điểm học bạ,2024,20.0,Luật
48574,DQN,luat,D01,Điểm học bạ,2024,20.0,Luật
48575,DQN,luat,A00,Điểm thi THPT,2024,23.65,Luật
48576,DQN,luat,C00,Điểm thi THPT,2024,23.65,Luật
48577,DQN,luat,C19,Điểm thi THPT,2024,23.65,Luật
48578,DQN,luat,D01,Điểm thi THPT,2024,23.65,Luật
48579,DQN,luat,A01,Điểm học bạ,2025,26.05,Luật
48580,DQN,luat,C00,Điểm học bạ,2025,26.45,Luật
48581,DQN,luat,D01,Điểm học bạ,2025,26.14,Luật
48582,DQN,luat,D14,Điểm học bạ,2025,26.14,Luật
48583,DQN,luat,X01,Điểm học bạ,2025,26.14,Luật
48584,DQN,luat,X25,Điểm học bạ,2025,26.14,Luật
48585,DQN,luat,X70,Điểm học bạ,2025,26.45,Luật
48586,DQN,luat,A01,Điểm thi THPT,2025,23.58,Luật
48587,DQN,luat,C00,Điểm thi THPT,2025,23.58,Luật
48588,DQN,luat,D01,Điểm thi THPT,2025,23.58,Luật
48589,DQN,luat,D14,Điểm thi THPT,2025,23.58,Luật
48590,DQN,luat,X01,Điểm thi THPT,2025,23.58,Luật
48591,DQN,luat,X25,Điểm thi THPT,2025,23.58,Luật
48592,DQN,luat,X70,Điểm thi THPT,2025,23.58,Luật
48593,DQN,ngon-ngu-anh,A01,Điểm học bạ,2021,18.0,Ngôn ngữ Anh
48594,DQN,ngon-ngu-anh,D01,Điểm học bạ,2021,18.0,Ngôn ngữ Anh
48595,DQN,ngon-ngu-anh,D14,Điểm học bạ,2021,18.0,Ngôn ngữ Anh
48596,DQN,ngon-ngu-anh,D15,Điểm học bạ,2021,18.0,Ngôn ngữ Anh
48597,DQN,ngon-ngu-anh,A01,Điểm thi THPT,2021,15.0,Ngôn ngữ Anh
48598,DQN,ngon-ngu-anh,D01,Điểm thi THPT,2021,15.0,Ngôn ngữ Anh
48599,DQN,ngon-ngu-anh,D14,Điểm thi THPT,2021,15.0,Ngôn ngữ Anh
48600,DQN,ngon-ngu-anh,D15,Điểm thi THPT,2021,15.0,Ngôn ngữ Anh
48601,DQN,ngon-ngu-anh,A01,Điểm học bạ,2022,25.0,Ngôn ngữ Anh
48602,DQN,ngon-ngu-anh,D01,Điểm học bạ,2022,25.0,Ngôn ngữ Anh
48603,DQN,ngon-ngu-anh,D14,Điểm học bạ,2022,25.0,Ngôn ngữ Anh
48604,DQN,ngon-ngu-anh,D15,Điểm học bạ,2022,25.0,Ngôn ngữ Anh
48605,DQN,ngon-ngu-anh,A01,Điểm thi THPT,2022,16.0,Ngôn ngữ Anh
48606,DQN,ngon-ngu-anh,D01,Điểm thi THPT,2022,16.0,Ngôn ngữ Anh
48607,DQN,ngon-ngu-anh,D14,Điểm thi THPT,2022,16.0,Ngôn ngữ Anh
48608,DQN,ngon-ngu-anh,D15,Điểm thi THPT,2022,16.0,Ngôn ngữ Anh
48609,DQN,ngon-ngu-anh,A01,Điểm học bạ,2023,24.0,Ngôn ngữ Anh
48610,DQN,ngon-ngu-anh,D01,Điểm học bạ,2023,24.0,Ngôn ngữ Anh
48611,DQN,ngon-ngu-anh,D14,Điểm học bạ,2023,24.0,Ngôn ngữ Anh
48612,DQN,ngon-ngu-anh,D15,Điểm học bạ,2023,24.0,Ngôn ngữ Anh
48613,DQN,ngon-ngu-anh,A01,Điểm thi THPT,2023,19.5,Ngôn ngữ Anh
48614,DQN,ngon-ngu-anh,D01,Điểm thi THPT,2023,19.5,Ngôn ngữ Anh
48615,DQN,ngon-ngu-anh,D14,Điểm thi THPT,2023,19.5,Ngôn ngữ Anh
48616,DQN,ngon-ngu-anh,D15,Điểm thi THPT,2023,19.5,Ngôn ngữ Anh
48617,DQN,ngon-ngu-anh,A01,Điểm học bạ,2024,24.0,Ngôn ngữ Anh
48618,DQN,ngon-ngu-anh,D01,Điểm học bạ,2024,24.0,Ngôn ngữ Anh
48619,DQN,ngon-ngu-anh,D14,Điểm học bạ,2024,24.0,Ngôn ngữ Anh
48620,DQN,ngon-ngu-anh,D15,Điểm học bạ,2024,24.0,Ngôn ngữ Anh
48621,DQN,ngon-ngu-anh,A01,Điểm thi THPT,2024,22.0,Ngôn ngữ Anh
48622,DQN,ngon-ngu-anh,D01,Điểm thi THPT,2024,22.0,Ngôn ngữ Anh
48623,DQN,ngon-ngu-anh,D14,Điểm thi THPT,2024,22.0,Ngôn ngữ Anh
48624,DQN,ngon-ngu-anh,D15,Điểm thi THPT,2024,22.0,Ngôn ngữ Anh
48625,DQN,ngon-ngu-anh,A01,Điểm học bạ,2025,25.59,Ngôn ngữ Anh
48626,DQN,ngon-ngu-anh,D01,Điểm học bạ,2025,25.73,Ngôn ngữ Anh
48627,DQN,ngon-ngu-anh,D14,Điểm học bạ,2025,25.73,Ngôn ngữ Anh
48628,DQN,ngon-ngu-anh,D15,Điểm học bạ,2025,25.73,Ngôn ngữ Anh
48629,DQN,ngon-ngu-anh,A01,Điểm thi THPT,2025,23.0,Ngôn ngữ Anh
48630,DQN,ngon-ngu-anh,D01,Điểm thi THPT,2025,23.0,Ngôn ngữ Anh
48631,DQN,ngon-ngu-anh,D14,Điểm thi THPT,2025,23.0,Ngôn ngữ Anh
48632,DQN,ngon-ngu-anh,D15,Điểm thi THPT,2025,23.0,Ngôn ngữ Anh
48633,DQN,ngon-ngu-trung-quoc,A01,Điểm học bạ,2021,18.0,Ngôn ngữ Trung Quốc
48634,DQN,ngon-ngu-trung-quoc,D01,Điểm học bạ,2021,18.0,Ngôn ngữ Trung Quốc
48635,DQN,ngon-ngu-trung-quoc,D04,Điểm học bạ,2021,18.0,Ngôn ngữ Trung Quốc
48636,DQN,ngon-ngu-trung-quoc,D15,Điểm học bạ,2021,18.0,Ngôn ngữ Trung Quốc
48637,DQN,ngon-ngu-trung-quoc,A01,Điểm thi THPT,2021,16.0,Ngôn ngữ Trung Quốc
48638,DQN,ngon-ngu-trung-quoc,D01,Điểm thi THPT,2021,16.0,Ngôn ngữ Trung Quốc
48639,DQN,ngon-ngu-trung-quoc,D04,Điểm thi THPT,2021,16.0,Ngôn ngữ Trung Quốc
48640,DQN,ngon-ngu-trung-quoc,D15,Điểm thi THPT,2021,16.0,Ngôn ngữ Trung Quốc
48641,DQN,ngon-ngu-trung-quoc,A01,Điểm học bạ,2022,26.5,Ngôn ngữ Trung Quốc
48642,DQN,ngon-ngu-trung-quoc,D01,Điểm học bạ,2022,26.5,Ngôn ngữ Trung Quốc
48643,DQN,ngon-ngu-trung-quoc,D04,Điểm học bạ,2022,26.5,Ngôn ngữ Trung Quốc
48644,DQN,ngon-ngu-trung-quoc,D15,Điểm học bạ,2022,26.5,Ngôn ngữ Trung Quốc
48645,DQN,ngon-ngu-trung-quoc,A01,Điểm thi THPT,2022,19.5,Ngôn ngữ Trung Quốc
48646,DQN,ngon-ngu-trung-quoc,D01,Điểm thi THPT,2022,19.5,Ngôn ngữ Trung Quốc
48647,DQN,ngon-ngu-trung-quoc,D04,Điểm thi THPT,2022,19.5,Ngôn ngữ Trung Quốc
48648,DQN,ngon-ngu-trung-quoc,D15,Điểm thi THPT,2022,19.5,Ngôn ngữ Trung Quốc
48649,DQN,ngon-ngu-trung-quoc,A01,Điểm học bạ,2023,26.0,Ngôn ngữ Trung Quốc
48650,DQN,ngon-ngu-trung-quoc,D01,Điểm học bạ,2023,26.0,Ngôn ngữ Trung Quốc
48651,DQN,ngon-ngu-trung-quoc,D04,Điểm học bạ,2023,26.0,Ngôn ngữ Trung Quốc
48652,DQN,ngon-ngu-trung-quoc,D15,Điểm học bạ,2023,26.0,Ngôn ngữ Trung Quốc
48653,DQN,ngon-ngu-trung-quoc,A01,Điểm thi THPT,2023,22.25,Ngôn ngữ Trung Quốc
48654,DQN,ngon-ngu-trung-quoc,D01,Điểm thi THPT,2023,22.25,Ngôn ngữ Trung Quốc
48655,DQN,ngon-ngu-trung-quoc,D04,Điểm thi THPT,2023,22.25,Ngôn ngữ Trung Quốc
48656,DQN,ngon-ngu-trung-quoc,D15,Điểm thi THPT,2023,22.25,Ngôn ngữ Trung Quốc
48657,DQN,ngon-ngu-trung-quoc,A01,Điểm học bạ,2024,26.5,Ngôn ngữ Trung Quốc
48658,DQN,ngon-ngu-trung-quoc,D01,Điểm học bạ,2024,26.5,Ngôn ngữ Trung Quốc
48659,DQN,ngon-ngu-trung-quoc,D14,Điểm học bạ,2024,26.5,Ngôn ngữ Trung Quốc
48660,DQN,ngon-ngu-trung-quoc,D15,Điểm học bạ,2024,26.5,Ngôn ngữ Trung Quốc
48661,DQN,ngon-ngu-trung-quoc,A01,Điểm thi THPT,2024,23.5,Ngôn ngữ Trung Quốc
48662,DQN,ngon-ngu-trung-quoc,D01,Điểm thi THPT,2024,23.5,Ngôn ngữ Trung Quốc
48663,DQN,ngon-ngu-trung-quoc,D14,Điểm thi THPT,2024,23.5,Ngôn ngữ Trung Quốc
48664,DQN,ngon-ngu-trung-quoc,D15,Điểm thi THPT,2024,23.5,Ngôn ngữ Trung Quốc
48665,DQN,ngon-ngu-trung-quoc,A01,Điểm học bạ,2025,26.32,Ngôn ngữ Trung Quốc
48666,DQN,ngon-ngu-trung-quoc,D01,Điểm học bạ,2025,25.73,Ngôn ngữ Trung Quốc
48667,DQN,ngon-ngu-trung-quoc,D14,Điểm học bạ,2025,25.73,Ngôn ngữ Trung Quốc
48668,DQN,ngon-ngu-trung-quoc,D15,Điểm học bạ,2025,25.73,Ngôn ngữ Trung Quốc
48669,DQN,ngon-ngu-trung-quoc,A01,Điểm thi THPT,2025,24.2,Ngôn ngữ Trung Quốc
48670,DQN,ngon-ngu-trung-quoc,D01,Điểm thi THPT,2025,24.2,Ngôn ngữ Trung Quốc
48671,DQN,ngon-ngu-trung-quoc,D04,Điểm thi THPT,2025,24.2,Ngôn ngữ Trung Quốc
48672,DQN,ngon-ngu-trung-quoc,D15,Điểm thi THPT,2025,24.2,Ngôn ngữ Trung Quốc
48673,DQN,nong-hoc,A02,Điểm học bạ,2021,18.0,Nông học
48674,DQN,nong-hoc,B00,Điểm học bạ,2021,18.0,Nông học
48675,DQN,nong-hoc,B03,Điểm học bạ,2021,18.0,Nông học
48676,DQN,nong-hoc,D08,Điểm học bạ,2021,18.0,Nông học
48677,DQN,nong-hoc,A02,Điểm thi THPT,2021,15.0,Nông học
48678,DQN,nong-hoc,B00,Điểm thi THPT,2021,15.0,Nông học
48679,DQN,nong-hoc,B03,Điểm thi THPT,2021,15.0,Nông học
48680,DQN,nong-hoc,D08,Điểm thi THPT,2021,15.0,Nông học
48681,DQN,nong-hoc,B00,Điểm học bạ,2022,18.0,Nông học
48682,DQN,nong-hoc,B03,Điểm học bạ,2022,18.0,Nông học
48683,DQN,nong-hoc,C08,Điểm học bạ,2022,18.0,Nông học
48684,DQN,nong-hoc,D08,Điểm học bạ,2022,18.0,Nông học
48685,DQN,nong-hoc,B00,Điểm thi THPT,2022,15.0,Nông học
48686,DQN,nong-hoc,B03,Điểm thi THPT,2022,15.0,Nông học
48687,DQN,nong-hoc,C08,Điểm thi THPT,2022,15.0,Nông học
48688,DQN,nong-hoc,D08,Điểm thi THPT,2022,15.0,Nông học
48689,DQN,nong-hoc,B00,Điểm học bạ,2023,18.0,Nông học
48690,DQN,nong-hoc,B03,Điểm học bạ,2023,18.0,Nông học
48691,DQN,nong-hoc,B04,Điểm học bạ,2023,18.0,Nông học
48692,DQN,nong-hoc,C08,Điểm học bạ,2023,18.0,Nông học
48693,DQN,nong-hoc,B00,Điểm thi THPT,2023,15.0,Nông học
48694,DQN,nong-hoc,B03,Điểm thi THPT,2023,15.0,Nông học
48695,DQN,nong-hoc,B04,Điểm thi THPT,2023,15.0,Nông học
48696,DQN,nong-hoc,C08,Điểm thi THPT,2023,15.0,Nông học
48697,DQN,nong-hoc,B00,Điểm học bạ,2024,18.0,Nông học
48698,DQN,nong-hoc,B03,Điểm học bạ,2024,18.0,Nông học
48699,DQN,nong-hoc,B04,Điểm học bạ,2024,18.0,Nông học
48700,DQN,nong-hoc,C08,Điểm học bạ,2024,18.0,Nông học
48701,DQN,nong-hoc,B00,Điểm thi THPT,2024,15.0,Nông học
48702,DQN,nong-hoc,B03,Điểm thi THPT,2024,15.0,Nông học
48703,DQN,nong-hoc,B04,Điểm thi THPT,2024,15.0,Nông học
48704,DQN,nong-hoc,C08,Điểm thi THPT,2024,15.0,Nông học
48705,DQN,nong-hoc,A02,Điểm học bạ,2025,18.0,Nông học
48706,DQN,nong-hoc,B00,Điểm học bạ,2025,18.03,Nông học
48707,DQN,nong-hoc,B01,Điểm học bạ,2025,18.03,Nông học
48708,DQN,nong-hoc,B03,Điểm học bạ,2025,18.03,Nông học
48709,DQN,nong-hoc,B08,Điểm học bạ,2025,18.03,Nông học
48710,DQN,nong-hoc,C08,Điểm học bạ,2025,18.75,Nông học
48711,DQN,nong-hoc,X13,Điểm học bạ,2025,18.75,Nông học
48712,DQN,nong-hoc,A02,Điểm thi THPT,2025,15.0,Nông học
48713,DQN,nong-hoc,B01,Điểm thi THPT,2025,15.0,Nông học
48714,DQN,nong-hoc,B03,Điểm thi THPT,2025,15.0,Nông học
48715,DQN,nong-hoc,B08,Điểm thi THPT,2025,15.0,Nông học
48716,DQN,nong-hoc,C08,Điểm thi THPT,2025,15.0,Nông học
48717,DQN,nong-hoc,X13,Điểm thi THPT,2025,15.0,Nông học
48718,DQN,ql-tai-nguyen-va-moi-truong,A00,Điểm học bạ,2024,18.0,QL tài nguyên và môi trường
48719,DQN,ql-tai-nguyen-va-moi-truong,B00,Điểm học bạ,2024,18.0,QL tài nguyên và môi trường
48720,DQN,ql-tai-nguyen-va-moi-truong,C04,Điểm học bạ,2024,18.0,QL tài nguyên và môi trường
48721,DQN,ql-tai-nguyen-va-moi-truong,D01,Điểm học bạ,2024,18.0,QL tài nguyên và môi trường
48722,DQN,qtdv-du-lich-va-lu-hanh,A00,Điểm học bạ,2024,23.0,QTDV du lịch và lữ hành
48723,DQN,qtdv-du-lich-va-lu-hanh,A01,Điểm học bạ,2024,23.0,QTDV du lịch và lữ hành
48724,DQN,qtdv-du-lich-va-lu-hanh,D01,Điểm học bạ,2024,23.0,QTDV du lịch và lữ hành
48725,DQN,qtdv-du-lich-va-lu-hanh,D14,Điểm học bạ,2024,23.0,QTDV du lịch và lữ hành
48726,DQN,quan-ly-dat-dai,A00,Điểm học bạ,2021,18.0,Quản lý đất đai
48727,DQN,quan-ly-dat-dai,B00,Điểm học bạ,2021,18.0,Quản lý đất đai
48728,DQN,quan-ly-dat-dai,C04,Điểm học bạ,2021,18.0,Quản lý đất đai
48729,DQN,quan-ly-dat-dai,D01,Điểm học bạ,2021,18.0,Quản lý đất đai
48730,DQN,quan-ly-dat-dai,A00,Điểm thi THPT,2021,15.0,Quản lý đất đai
48731,DQN,quan-ly-dat-dai,B00,Điểm thi THPT,2021,15.0,Quản lý đất đai
48732,DQN,quan-ly-dat-dai,C04,Điểm thi THPT,2021,15.0,Quản lý đất đai
48733,DQN,quan-ly-dat-dai,D01,Điểm thi THPT,2021,15.0,Quản lý đất đai
48734,DQN,quan-ly-dat-dai,A00,Điểm học bạ,2022,18.0,Quản lý đất đai
48735,DQN,quan-ly-dat-dai,B00,Điểm học bạ,2022,18.0,Quản lý đất đai
48736,DQN,quan-ly-dat-dai,C04,Điểm học bạ,2022,18.0,Quản lý đất đai
48737,DQN,quan-ly-dat-dai,D01,Điểm học bạ,2022,18.0,Quản lý đất đai
48738,DQN,quan-ly-dat-dai,A00,Điểm thi THPT,2022,18.0,Quản lý đất đai
48739,DQN,quan-ly-dat-dai,B00,Điểm thi THPT,2022,18.0,Quản lý đất đai
48740,DQN,quan-ly-dat-dai,C04,Điểm thi THPT,2022,18.0,Quản lý đất đai
48741,DQN,quan-ly-dat-dai,D01,Điểm thi THPT,2022,18.0,Quản lý đất đai
48742,DQN,quan-ly-dat-dai,A00,Điểm học bạ,2023,19.0,Quản lý đất đai
48743,DQN,quan-ly-dat-dai,B00,Điểm học bạ,2023,19.0,Quản lý đất đai
48744,DQN,quan-ly-dat-dai,C04,Điểm học bạ,2023,19.0,Quản lý đất đai
48745,DQN,quan-ly-dat-dai,D01,Điểm học bạ,2023,19.0,Quản lý đất đai
48746,DQN,quan-ly-dat-dai,A00,Điểm thi THPT,2023,15.0,Quản lý đất đai
48747,DQN,quan-ly-dat-dai,B00,Điểm thi THPT,2023,15.0,Quản lý đất đai
48748,DQN,quan-ly-dat-dai,C04,Điểm thi THPT,2023,15.0,Quản lý đất đai
48749,DQN,quan-ly-dat-dai,D01,Điểm thi THPT,2023,15.0,Quản lý đất đai
48750,DQN,quan-ly-dat-dai,A00,Điểm học bạ,2024,19.0,Quản lý đất đai
48751,DQN,quan-ly-dat-dai,B00,Điểm học bạ,2024,19.0,Quản lý đất đai
48752,DQN,quan-ly-dat-dai,C04,Điểm học bạ,2024,19.0,Quản lý đất đai
48753,DQN,quan-ly-dat-dai,D01,Điểm học bạ,2024,19.0,Quản lý đất đai
48754,DQN,quan-ly-dat-dai,A00,Điểm thi THPT,2024,15.0,Quản lý đất đai
48755,DQN,quan-ly-dat-dai,B00,Điểm thi THPT,2024,15.0,Quản lý đất đai
48756,DQN,quan-ly-dat-dai,C04,Điểm thi THPT,2024,15.0,Quản lý đất đai
48757,DQN,quan-ly-dat-dai,D01,Điểm thi THPT,2024,15.0,Quản lý đất đai
48758,DQN,quan-ly-dat-dai,A00,Điểm học bạ,2025,21.41,Quản lý đất đai
48759,DQN,quan-ly-dat-dai,A01,Điểm học bạ,2025,21.81,Quản lý đất đai
48760,DQN,quan-ly-dat-dai,A02,Điểm học bạ,2025,21.41,Quản lý đất đai
48761,DQN,quan-ly-dat-dai,A04,Điểm học bạ,2025,21.41,Quản lý đất đai
48762,DQN,quan-ly-dat-dai,B00,Điểm học bạ,2025,21.13,Quản lý đất đai
48763,DQN,quan-ly-dat-dai,D07,Điểm học bạ,2025,22.03,Quản lý đất đai
48764,DQN,quan-ly-dat-dai,D10,Điểm học bạ,2025,21.87,Quản lý đất đai
48765,DQN,quan-ly-dat-dai,X05,Điểm học bạ,2025,21.65,Quản lý đất đai
48766,DQN,quan-ly-dat-dai,X09,Điểm học bạ,2025,21.65,Quản lý đất đai
48767,DQN,quan-ly-dat-dai,X21,Điểm học bạ,2025,21.65,Quản lý đất đai
48768,DQN,quan-ly-dat-dai,A00,Điểm thi THPT,2025,17.9,Quản lý đất đai
48769,DQN,quan-ly-dat-dai,A01,Điểm thi THPT,2025,17.9,Quản lý đất đai
48770,DQN,quan-ly-dat-dai,A02,Điểm thi THPT,2025,17.9,Quản lý đất đai
48771,DQN,quan-ly-dat-dai,A04,Điểm thi THPT,2025,17.9,Quản lý đất đai
48772,DQN,quan-ly-dat-dai,A06,Điểm thi THPT,2025,17.9,Quản lý đất đai
48773,DQN,quan-ly-dat-dai,B00,Điểm thi THPT,2025,17.9,Quản lý đất đai
48774,DQN,quan-ly-dat-dai,D07,Điểm thi THPT,2025,17.9,Quản lý đất đai
48775,DQN,quan-ly-dat-dai,D10,Điểm thi THPT,2025,17.9,Quản lý đất đai
48776,DQN,quan-ly-dat-dai,X05,Điểm thi THPT,2025,17.9,Quản lý đất đai
48777,DQN,quan-ly-dat-dai,X09,Điểm thi THPT,2025,17.9,Quản lý đất đai
48778,DQN,quan-ly-dat-dai,X21,Điểm thi THPT,2025,17.9,Quản lý đất đai
48779,DQN,quan-ly-giao-duc,A00,Điểm học bạ,2021,18.0,Quản lý giáo dục
48780,DQN,quan-ly-giao-duc,A01,Điểm học bạ,2021,18.0,Quản lý giáo dục
48781,DQN,quan-ly-giao-duc,C00,Điểm học bạ,2021,18.0,Quản lý giáo dục
48782,DQN,quan-ly-giao-duc,D01,Điểm học bạ,2021,18.0,Quản lý giáo dục
48783,DQN,quan-ly-giao-duc,A00,Điểm thi THPT,2021,15.0,Quản lý giáo dục
48784,DQN,quan-ly-giao-duc,A01,Điểm thi THPT,2021,15.0,Quản lý giáo dục
48785,DQN,quan-ly-giao-duc,C00,Điểm thi THPT,2021,15.0,Quản lý giáo dục
48786,DQN,quan-ly-giao-duc,D01,Điểm thi THPT,2021,15.0,Quản lý giáo dục
48787,DQN,quan-ly-giao-duc,A00,Điểm học bạ,2022,18.0,Quản lý giáo dục
48788,DQN,quan-ly-giao-duc,A01,Điểm học bạ,2022,18.0,Quản lý giáo dục
48789,DQN,quan-ly-giao-duc,C00,Điểm học bạ,2022,18.0,Quản lý giáo dục
48790,DQN,quan-ly-giao-duc,D01,Điểm học bạ,2022,18.0,Quản lý giáo dục
48791,DQN,quan-ly-giao-duc,A00,Điểm thi THPT,2022,15.0,Quản lý giáo dục
48792,DQN,quan-ly-giao-duc,A01,Điểm thi THPT,2022,15.0,Quản lý giáo dục
48793,DQN,quan-ly-giao-duc,C00,Điểm thi THPT,2022,15.0,Quản lý giáo dục
48794,DQN,quan-ly-giao-duc,D01,Điểm thi THPT,2022,15.0,Quản lý giáo dục
48795,DQN,quan-ly-giao-duc,A00,Điểm học bạ,2023,18.0,Quản lý Giáo dục
48796,DQN,quan-ly-giao-duc,A01,Điểm học bạ,2023,18.0,Quản lý Giáo dục
48797,DQN,quan-ly-giao-duc,C00,Điểm học bạ,2023,18.0,Quản lý Giáo dục
48798,DQN,quan-ly-giao-duc,D01,Điểm học bạ,2023,18.0,Quản lý Giáo dục
48799,DQN,quan-ly-giao-duc,A00,Điểm thi THPT,2023,15.0,Quản lý Giáo dục
48800,DQN,quan-ly-giao-duc,A01,Điểm thi THPT,2023,15.0,Quản lý Giáo dục
48801,DQN,quan-ly-giao-duc,C00,Điểm thi THPT,2023,15.0,Quản lý Giáo dục
48802,DQN,quan-ly-giao-duc,D01,Điểm thi THPT,2023,15.0,Quản lý Giáo dục
48803,DQN,quan-ly-giao-duc,A00,Điểm học bạ,2024,18.0,Quản lý Giáo dục
48804,DQN,quan-ly-giao-duc,A01,Điểm học bạ,2024,18.0,Quản lý Giáo dục
48805,DQN,quan-ly-giao-duc,C00,Điểm học bạ,2024,18.0,Quản lý Giáo dục
48806,DQN,quan-ly-giao-duc,D01,Điểm học bạ,2024,18.0,Quản lý Giáo dục
48807,DQN,quan-ly-giao-duc,A00,Điểm thi THPT,2024,22.5,Quản lý Giáo dục
48808,DQN,quan-ly-giao-duc,A01,Điểm thi THPT,2024,22.5,Quản lý Giáo dục
48809,DQN,quan-ly-giao-duc,C00,Điểm thi THPT,2024,22.5,Quản lý Giáo dục
48810,DQN,quan-ly-giao-duc,D01,Điểm thi THPT,2024,22.5,Quản lý Giáo dục
48811,DQN,quan-ly-giao-duc,A00,Điểm học bạ,2025,27.07,Quản lý Giáo dục
48812,DQN,quan-ly-giao-duc,A01,Điểm học bạ,2025,26.73,Quản lý Giáo dục
48813,DQN,quan-ly-giao-duc,C00,Điểm học bạ,2025,27.97,Quản lý Giáo dục
48814,DQN,quan-ly-giao-duc,C03,Điểm học bạ,2025,27.97,Quản lý Giáo dục
48815,DQN,quan-ly-giao-duc,C04,Điểm học bạ,2025,27.97,Quản lý Giáo dục
48816,DQN,quan-ly-giao-duc,D01,Điểm học bạ,2025,27.33,Quản lý Giáo dục
48817,DQN,quan-ly-giao-duc,X70,Điểm học bạ,2025,27.97,Quản lý Giáo dục
48818,DQN,quan-ly-giao-duc,X74,Điểm học bạ,2025,27.97,Quản lý Giáo dục
48819,DQN,quan-ly-giao-duc,A00,Điểm thi THPT,2025,25.1,Quản lý Giáo dục
48820,DQN,quan-ly-giao-duc,A01,Điểm thi THPT,2025,25.1,Quản lý Giáo dục
48821,DQN,quan-ly-giao-duc,C00,Điểm thi THPT,2025,25.1,Quản lý Giáo dục
48822,DQN,quan-ly-giao-duc,C03,Điểm thi THPT,2025,25.1,Quản lý Giáo dục
48823,DQN,quan-ly-giao-duc,C04,Điểm thi THPT,2025,25.1,Quản lý Giáo dục
48824,DQN,quan-ly-giao-duc,D01,Điểm thi THPT,2025,25.1,Quản lý Giáo dục
48825,DQN,quan-ly-giao-duc,X70,Điểm thi THPT,2025,25.1,Quản lý Giáo dục
48826,DQN,quan-ly-giao-duc,X74,Điểm thi THPT,2025,25.1,Quản lý Giáo dục
48827,DQN,quan-ly-nha-nuoc,A00,Điểm học bạ,2021,18.0,Quản lý nhà nước
48828,DQN,quan-ly-nha-nuoc,C00,Điểm học bạ,2021,18.0,Quản lý nhà nước
48829,DQN,quan-ly-nha-nuoc,D01,Điểm học bạ,2021,18.0,Quản lý nhà nước
48830,DQN,quan-ly-nha-nuoc,D14,Điểm học bạ,2021,18.0,Quản lý nhà nước
48831,DQN,quan-ly-nha-nuoc,A00,Điểm thi THPT,2021,15.0,Quản lý nhà nước
48832,DQN,quan-ly-nha-nuoc,C00,Điểm thi THPT,2021,15.0,Quản lý nhà nước
48833,DQN,quan-ly-nha-nuoc,D01,Điểm thi THPT,2021,15.0,Quản lý nhà nước
48834,DQN,quan-ly-nha-nuoc,D14,Điểm thi THPT,2021,15.0,Quản lý nhà nước
48835,DQN,quan-ly-nha-nuoc,A00,Điểm học bạ,2022,22.5,Quản lý nhà nước
48836,DQN,quan-ly-nha-nuoc,C00,Điểm học bạ,2022,22.5,Quản lý nhà nước
48837,DQN,quan-ly-nha-nuoc,C19,Điểm học bạ,2022,22.5,Quản lý nhà nước
48838,DQN,quan-ly-nha-nuoc,D01,Điểm học bạ,2022,22.5,Quản lý nhà nước
48839,DQN,quan-ly-nha-nuoc,A00,Điểm thi THPT,2022,18.0,Quản lý nhà nước
48840,DQN,quan-ly-nha-nuoc,C00,Điểm thi THPT,2022,18.0,Quản lý nhà nước
48841,DQN,quan-ly-nha-nuoc,C19,Điểm thi THPT,2022,18.0,Quản lý nhà nước
48842,DQN,quan-ly-nha-nuoc,D01,Điểm thi THPT,2022,18.0,Quản lý nhà nước
48843,DQN,quan-ly-nha-nuoc,A00,Điểm học bạ,2023,18.0,Quản lý nhà nước
48844,DQN,quan-ly-nha-nuoc,C00,Điểm học bạ,2023,18.0,Quản lý nhà nước
48845,DQN,quan-ly-nha-nuoc,C19,Điểm học bạ,2023,18.0,Quản lý nhà nước
48846,DQN,quan-ly-nha-nuoc,D01,Điểm học bạ,2023,18.0,Quản lý nhà nước
48847,DQN,quan-ly-nha-nuoc,A00,Điểm thi THPT,2023,17.5,Quản lý nhà nước
48848,DQN,quan-ly-nha-nuoc,C00,Điểm thi THPT,2023,17.5,Quản lý nhà nước
48849,DQN,quan-ly-nha-nuoc,C19,Điểm thi THPT,2023,17.5,Quản lý nhà nước
48850,DQN,quan-ly-nha-nuoc,D01,Điểm thi THPT,2023,17.5,Quản lý nhà nước
48851,DQN,quan-ly-nha-nuoc,A00,Điểm học bạ,2024,18.5,Quản lý nhà nước
48852,DQN,quan-ly-nha-nuoc,C00,Điểm học bạ,2024,18.5,Quản lý nhà nước
48853,DQN,quan-ly-nha-nuoc,C19,Điểm học bạ,2024,18.5,Quản lý nhà nước
48854,DQN,quan-ly-nha-nuoc,D01,Điểm học bạ,2024,18.5,Quản lý nhà nước
48855,DQN,quan-ly-nha-nuoc,A00,Điểm thi THPT,2024,23.15,Quản lý nhà nước
48856,DQN,quan-ly-nha-nuoc,C00,Điểm thi THPT,2024,23.15,Quản lý nhà nước
48857,DQN,quan-ly-nha-nuoc,C19,Điểm thi THPT,2024,23.15,Quản lý nhà nước
48858,DQN,quan-ly-nha-nuoc,D01,Điểm thi THPT,2024,23.15,Quản lý nhà nước
48859,DQN,quan-ly-nha-nuoc,C00,Điểm học bạ,2025,26.47,Quản lý nhà nước
48860,DQN,quan-ly-nha-nuoc,D01,Điểm học bạ,2025,26.16,Quản lý nhà nước
48861,DQN,quan-ly-nha-nuoc,D14,Điểm học bạ,2025,26.16,Quản lý nhà nước
48862,DQN,quan-ly-nha-nuoc,X01,Điểm học bạ,2025,26.16,Quản lý nhà nước
48863,DQN,quan-ly-nha-nuoc,X25,Điểm học bạ,2025,26.16,Quản lý nhà nước
48864,DQN,quan-ly-nha-nuoc,X70,Điểm học bạ,2025,26.47,Quản lý nhà nước
48865,DQN,quan-ly-nha-nuoc,X74,Điểm học bạ,2025,26.47,Quản lý nhà nước
48866,DQN,quan-ly-nha-nuoc,D01,Điểm thi THPT,2025,23.6,Quản lý nhà nước
48867,DQN,quan-ly-nha-nuoc,D14,Điểm thi THPT,2025,23.6,Quản lý nhà nước
48868,DQN,quan-ly-nha-nuoc,X01,Điểm thi THPT,2025,23.6,Quản lý nhà nước
48869,DQN,quan-ly-nha-nuoc,X17,Điểm thi THPT,2025,23.6,Quản lý nhà nước
48870,DQN,quan-ly-nha-nuoc,X25,Điểm thi THPT,2025,23.6,Quản lý nhà nước
48871,DQN,quan-ly-tai-nguyen-va-moi-truong,A00,Điểm học bạ,2021,18.0,Quản lý tài nguyên và môi trường
48872,DQN,quan-ly-tai-nguyen-va-moi-truong,B00,Điểm học bạ,2021,18.0,Quản lý tài nguyên và môi trường
48873,DQN,quan-ly-tai-nguyen-va-moi-truong,C04,Điểm học bạ,2021,18.0,Quản lý tài nguyên và môi trường
48874,DQN,quan-ly-tai-nguyen-va-moi-truong,D01,Điểm học bạ,2021,18.0,Quản lý tài nguyên và môi trường
48875,DQN,quan-ly-tai-nguyen-va-moi-truong,A00,Điểm thi THPT,2021,15.0,Quản lý tài nguyên và môi trường
48876,DQN,quan-ly-tai-nguyen-va-moi-truong,B00,Điểm thi THPT,2021,15.0,Quản lý tài nguyên và môi trường
48877,DQN,quan-ly-tai-nguyen-va-moi-truong,C04,Điểm thi THPT,2021,15.0,Quản lý tài nguyên và môi trường
48878,DQN,quan-ly-tai-nguyen-va-moi-truong,D01,Điểm thi THPT,2021,15.0,Quản lý tài nguyên và môi trường
48879,DQN,quan-ly-tai-nguyen-va-moi-truong,A00,Điểm học bạ,2022,18.0,Quản lý tài nguyên và môi trường
48880,DQN,quan-ly-tai-nguyen-va-moi-truong,B00,Điểm học bạ,2022,18.0,Quản lý tài nguyên và môi trường
48881,DQN,quan-ly-tai-nguyen-va-moi-truong,C04,Điểm học bạ,2022,18.0,Quản lý tài nguyên và môi trường
48882,DQN,quan-ly-tai-nguyen-va-moi-truong,D01,Điểm học bạ,2022,18.0,Quản lý tài nguyên và môi trường
48883,DQN,quan-ly-tai-nguyen-va-moi-truong,A00,Điểm thi THPT,2022,15.0,Quản lý tài nguyên và môi trường
48884,DQN,quan-ly-tai-nguyen-va-moi-truong,B00,Điểm thi THPT,2022,15.0,Quản lý tài nguyên và môi trường
48885,DQN,quan-ly-tai-nguyen-va-moi-truong,C04,Điểm thi THPT,2022,15.0,Quản lý tài nguyên và môi trường
48886,DQN,quan-ly-tai-nguyen-va-moi-truong,D01,Điểm thi THPT,2022,15.0,Quản lý tài nguyên và môi trường
48887,DQN,quan-ly-tai-nguyen-va-moi-truong,A00,Điểm học bạ,2023,18.0,Quản lý tài nguyên và môi trường
48888,DQN,quan-ly-tai-nguyen-va-moi-truong,B00,Điểm học bạ,2023,18.0,Quản lý tài nguyên và môi trường
48889,DQN,quan-ly-tai-nguyen-va-moi-truong,C04,Điểm học bạ,2023,18.0,Quản lý tài nguyên và môi trường
48890,DQN,quan-ly-tai-nguyen-va-moi-truong,D01,Điểm học bạ,2023,18.0,Quản lý tài nguyên và môi trường
48891,DQN,quan-ly-tai-nguyen-va-moi-truong,A00,Điểm thi THPT,2023,15.0,Quản lý tài nguyên và môi trường
48892,DQN,quan-ly-tai-nguyen-va-moi-truong,B00,Điểm thi THPT,2023,15.0,Quản lý tài nguyên và môi trường
48893,DQN,quan-ly-tai-nguyen-va-moi-truong,C04,Điểm thi THPT,2023,15.0,Quản lý tài nguyên và môi trường
48894,DQN,quan-ly-tai-nguyen-va-moi-truong,D01,Điểm thi THPT,2023,15.0,Quản lý tài nguyên và môi trường
48895,DQN,quan-ly-tai-nguyen-va-moi-truong,A00,Điểm thi THPT,2024,15.0,Quản lý tài nguyên và môi trường
48896,DQN,quan-ly-tai-nguyen-va-moi-truong,B00,Điểm thi THPT,2024,15.0,Quản lý tài nguyên và môi trường
48897,DQN,quan-ly-tai-nguyen-va-moi-truong,C04,Điểm thi THPT,2024,15.0,Quản lý tài nguyên và môi trường
48898,DQN,quan-ly-tai-nguyen-va-moi-truong,D01,Điểm thi THPT,2024,15.0,Quản lý tài nguyên và môi trường
48899,DQN,quan-ly-tai-nguyen-va-moi-truong,A00,Điểm học bạ,2025,23.77,Quản lý tài nguyên và môi trường
48900,DQN,quan-ly-tai-nguyen-va-moi-truong,A02,Điểm học bạ,2025,23.77,Quản lý tài nguyên và môi trường
48901,DQN,quan-ly-tai-nguyen-va-moi-truong,A04,Điểm học bạ,2025,23.77,Quản lý tài nguyên và môi trường
48902,DQN,quan-ly-tai-nguyen-va-moi-truong,A06,Điểm học bạ,2025,23.77,Quản lý tài nguyên và môi trường
48903,DQN,quan-ly-tai-nguyen-va-moi-truong,B00,Điểm học bạ,2025,23.41,Quản lý tài nguyên và môi trường
48904,DQN,quan-ly-tai-nguyen-va-moi-truong,B02,Điểm học bạ,2025,23.41,Quản lý tài nguyên và môi trường
48905,DQN,quan-ly-tai-nguyen-va-moi-truong,C04,Điểm học bạ,2025,23.62,Quản lý tài nguyên và môi trường
48906,DQN,quan-ly-tai-nguyen-va-moi-truong,C13,Điểm học bạ,2025,23.62,Quản lý tài nguyên và môi trường
48907,DQN,quan-ly-tai-nguyen-va-moi-truong,D01,Điểm học bạ,2025,24.23,Quản lý tài nguyên và môi trường
48908,DQN,quan-ly-tai-nguyen-va-moi-truong,D10,Điểm học bạ,2025,24.23,Quản lý tài nguyên và môi trường
48909,DQN,quan-ly-tai-nguyen-va-moi-truong,D15,Điểm học bạ,2025,24.23,Quản lý tài nguyên và môi trường
48910,DQN,quan-ly-tai-nguyen-va-moi-truong,X21,Điểm học bạ,2025,24.5,Quản lý tài nguyên và môi trường
48911,DQN,quan-ly-tai-nguyen-va-moi-truong,X74,Điểm học bạ,2025,23.62,Quản lý tài nguyên và môi trường
48912,DQN,quan-ly-tai-nguyen-va-moi-truong,A00,Điểm thi THPT,2025,20.75,Quản lý tài nguyên và môi trường
48913,DQN,quan-ly-tai-nguyen-va-moi-truong,A02,Điểm thi THPT,2025,20.75,Quản lý tài nguyên và môi trường
48914,DQN,quan-ly-tai-nguyen-va-moi-truong,A04,Điểm thi THPT,2025,20.75,Quản lý tài nguyên và môi trường
48915,DQN,quan-ly-tai-nguyen-va-moi-truong,A06,Điểm thi THPT,2025,20.75,Quản lý tài nguyên và môi trường
48916,DQN,quan-ly-tai-nguyen-va-moi-truong,B00,Điểm thi THPT,2025,20.75,Quản lý tài nguyên và môi trường
48917,DQN,quan-ly-tai-nguyen-va-moi-truong,B02,Điểm thi THPT,2025,20.75,Quản lý tài nguyên và môi trường
48918,DQN,quan-ly-tai-nguyen-va-moi-truong,C04,Điểm thi THPT,2025,20.75,Quản lý tài nguyên và môi trường
48919,DQN,quan-ly-tai-nguyen-va-moi-truong,C13,Điểm thi THPT,2025,20.75,Quản lý tài nguyên và môi trường
48920,DQN,quan-ly-tai-nguyen-va-moi-truong,D01,Điểm thi THPT,2025,20.75,Quản lý tài nguyên và môi trường
48921,DQN,quan-ly-tai-nguyen-va-moi-truong,D10,Điểm thi THPT,2025,20.75,Quản lý tài nguyên và môi trường
48922,DQN,quan-ly-tai-nguyen-va-moi-truong,D15,Điểm thi THPT,2025,20.75,Quản lý tài nguyên và môi trường
48923,DQN,quan-ly-tai-nguyen-va-moi-truong,X21,Điểm thi THPT,2025,20.75,Quản lý tài nguyên và môi trường
48924,DQN,quan-ly-tai-nguyen-va-moi-truong,X74,Điểm thi THPT,2025,20.75,Quản lý tài nguyên và môi trường
48925,DQN,quan-tri-dich-vu-du-lich-lu-hanh,A00,Điểm học bạ,2021,18.0,Quản trị dịch vụ du lịch lữ hành
48926,DQN,quan-tri-dich-vu-du-lich-lu-hanh,A01,Điểm học bạ,2021,18.0,Quản trị dịch vụ du lịch lữ hành
48927,DQN,quan-tri-dich-vu-du-lich-lu-hanh,D01,Điểm học bạ,2021,18.0,Quản trị dịch vụ du lịch lữ hành
48928,DQN,quan-tri-dich-vu-du-lich-lu-hanh,D14,Điểm học bạ,2021,18.0,Quản trị dịch vụ du lịch lữ hành
48929,DQN,quan-tri-dich-vu-du-lich-lu-hanh,A00,Điểm thi THPT,2021,15.0,Quản trị dịch vụ du lịch lữ hành
48930,DQN,quan-tri-dich-vu-du-lich-lu-hanh,A01,Điểm thi THPT,2021,15.0,Quản trị dịch vụ du lịch lữ hành
48931,DQN,quan-tri-dich-vu-du-lich-lu-hanh,D01,Điểm thi THPT,2021,15.0,Quản trị dịch vụ du lịch lữ hành
48932,DQN,quan-tri-dich-vu-du-lich-lu-hanh,D14,Điểm thi THPT,2021,15.0,Quản trị dịch vụ du lịch lữ hành
48933,DQN,quan-tri-dich-vu-du-lich-lu-hanh,A00,Điểm thi THPT,2022,17.0,Quản trị dịch vụ du lịch lữ hành
48934,DQN,quan-tri-dich-vu-du-lich-lu-hanh,A01,Điểm thi THPT,2022,17.0,Quản trị dịch vụ du lịch lữ hành
48935,DQN,quan-tri-dich-vu-du-lich-lu-hanh,D01,Điểm thi THPT,2022,17.0,Quản trị dịch vụ du lịch lữ hành
48936,DQN,quan-tri-dich-vu-du-lich-lu-hanh,D14,Điểm thi THPT,2022,17.0,Quản trị dịch vụ du lịch lữ hành
48937,DQN,quan-tri-dich-vu-du-lich-va-lu-hanh,A00,Điểm học bạ,2022,23.5,Quản trị dịch vụ du lịch và lữ hành
48938,DQN,quan-tri-dich-vu-du-lich-va-lu-hanh,A01,Điểm học bạ,2022,23.5,Quản trị dịch vụ du lịch và lữ hành
48939,DQN,quan-tri-dich-vu-du-lich-va-lu-hanh,D01,Điểm học bạ,2022,23.5,Quản trị dịch vụ du lịch và lữ hành
48940,DQN,quan-tri-dich-vu-du-lich-va-lu-hanh,D14,Điểm học bạ,2022,23.5,Quản trị dịch vụ du lịch và lữ hành
48941,DQN,quan-tri-dich-vu-du-lich-va-lu-hanh,A00,Điểm học bạ,2023,24.0,Quản trị dịch vụ du lịch và lữ hành
48942,DQN,quan-tri-dich-vu-du-lich-va-lu-hanh,A01,Điểm học bạ,2023,24.0,Quản trị dịch vụ du lịch và lữ hành
48943,DQN,quan-tri-dich-vu-du-lich-va-lu-hanh,D01,Điểm học bạ,2023,24.0,Quản trị dịch vụ du lịch và lữ hành
48944,DQN,quan-tri-dich-vu-du-lich-va-lu-hanh,D14,Điểm học bạ,2023,24.0,Quản trị dịch vụ du lịch và lữ hành
48945,DQN,quan-tri-dich-vu-du-lich-va-lu-hanh,A00,Điểm thi THPT,2023,17.75,Quản trị dịch vụ du lịch và lữ hành
48946,DQN,quan-tri-dich-vu-du-lich-va-lu-hanh,A01,Điểm thi THPT,2023,17.75,Quản trị dịch vụ du lịch và lữ hành
48947,DQN,quan-tri-dich-vu-du-lich-va-lu-hanh,D01,Điểm thi THPT,2023,17.75,Quản trị dịch vụ du lịch và lữ hành
48948,DQN,quan-tri-dich-vu-du-lich-va-lu-hanh,D14,Điểm thi THPT,2023,17.75,Quản trị dịch vụ du lịch và lữ hành
48949,DQN,quan-tri-dich-vu-du-lich-va-lu-hanh,A00,Điểm thi THPT,2024,19.85,Quản trị dịch vụ du lịch và lữ hành
48950,DQN,quan-tri-dich-vu-du-lich-va-lu-hanh,A01,Điểm thi THPT,2024,19.85,Quản trị dịch vụ du lịch và lữ hành
48951,DQN,quan-tri-dich-vu-du-lich-va-lu-hanh,D01,Điểm thi THPT,2024,19.85,Quản trị dịch vụ du lịch và lữ hành
48952,DQN,quan-tri-dich-vu-du-lich-va-lu-hanh,A00,Điểm học bạ,2025,24.99,Quản trị dịch vụ du lịch và lữ hành
48953,DQN,quan-tri-dich-vu-du-lich-va-lu-hanh,A01,Điểm học bạ,2025,25.06,Quản trị dịch vụ du lịch và lữ hành
48954,DQN,quan-tri-dich-vu-du-lich-va-lu-hanh,D01,Điểm học bạ,2025,25.24,Quản trị dịch vụ du lịch và lữ hành
48955,DQN,quan-tri-dich-vu-du-lich-va-lu-hanh,D04,Điểm học bạ,2025,25.24,Quản trị dịch vụ du lịch và lữ hành
48956,DQN,quan-tri-dich-vu-du-lich-va-lu-hanh,D09,Điểm học bạ,2025,25.24,Quản trị dịch vụ du lịch và lữ hành
48957,DQN,quan-tri-dich-vu-du-lich-va-lu-hanh,X01,Điểm học bạ,2025,25.24,Quản trị dịch vụ du lịch và lữ hành
48958,DQN,quan-tri-dich-vu-du-lich-va-lu-hanh,X17,Điểm học bạ,2025,26.0,Quản trị dịch vụ du lịch và lữ hành
48959,DQN,quan-tri-dich-vu-du-lich-va-lu-hanh,X21,Điểm học bạ,2025,26.0,Quản trị dịch vụ du lịch và lữ hành
48960,DQN,quan-tri-dich-vu-du-lich-va-lu-hanh,X25,Điểm học bạ,2025,25.24,Quản trị dịch vụ du lịch và lữ hành
48961,DQN,quan-tri-dich-vu-du-lich-va-lu-hanh,X78,Điểm học bạ,2025,25.24,Quản trị dịch vụ du lịch và lữ hành
48962,DQN,quan-tri-dich-vu-du-lich-va-lu-hanh,A00,Điểm thi THPT,2025,22.25,Quản trị dịch vụ du lịch và lữ hành
48963,DQN,quan-tri-dich-vu-du-lich-va-lu-hanh,A01,Điểm thi THPT,2025,22.25,Quản trị dịch vụ du lịch và lữ hành
48964,DQN,quan-tri-dich-vu-du-lich-va-lu-hanh,D01,Điểm thi THPT,2025,22.25,Quản trị dịch vụ du lịch và lữ hành
48965,DQN,quan-tri-dich-vu-du-lich-va-lu-hanh,D04,Điểm thi THPT,2025,22.25,Quản trị dịch vụ du lịch và lữ hành
48966,DQN,quan-tri-dich-vu-du-lich-va-lu-hanh,D09,Điểm thi THPT,2025,22.25,Quản trị dịch vụ du lịch và lữ hành
48967,DQN,quan-tri-dich-vu-du-lich-va-lu-hanh,X01,Điểm thi THPT,2025,22.25,Quản trị dịch vụ du lịch và lữ hành
48968,DQN,quan-tri-dich-vu-du-lich-va-lu-hanh,X17,Điểm thi THPT,2025,22.25,Quản trị dịch vụ du lịch và lữ hành
48969,DQN,quan-tri-dich-vu-du-lich-va-lu-hanh,X21,Điểm thi THPT,2025,22.25,Quản trị dịch vụ du lịch và lữ hành
48970,DQN,quan-tri-dich-vu-du-lich-va-lu-hanh,X25,Điểm thi THPT,2025,22.25,Quản trị dịch vụ du lịch và lữ hành
48971,DQN,quan-tri-dich-vu-du-lich-va-lu-hanh,X78,Điểm thi THPT,2025,22.25,Quản trị dịch vụ du lịch và lữ hành
48972,DQN,quan-tri-khach-san,A00,Điểm học bạ,2021,18.0,Quản trị khách sạn
48973,DQN,quan-tri-khach-san,A01,Điểm học bạ,2021,18.0,Quản trị khách sạn
48974,DQN,quan-tri-khach-san,D01,Điểm học bạ,2021,18.0,Quản trị khách sạn
48975,DQN,quan-tri-khach-san,A00,Điểm thi THPT,2021,15.0,Quản trị khách sạn
48976,DQN,quan-tri-khach-san,A01,Điểm thi THPT,2021,15.0,Quản trị khách sạn
48977,DQN,quan-tri-khach-san,D01,Điểm thi THPT,2021,15.0,Quản trị khách sạn
48978,DQN,quan-tri-khach-san,A00,Điểm học bạ,2022,23.0,Quản trị khách sạn
48979,DQN,quan-tri-khach-san,A01,Điểm học bạ,2022,23.0,Quản trị khách sạn
48980,DQN,quan-tri-khach-san,D01,Điểm học bạ,2022,23.0,Quản trị khách sạn
48981,DQN,quan-tri-khach-san,A00,Điểm thi THPT,2022,17.0,Quản trị khách sạn
48982,DQN,quan-tri-khach-san,A01,Điểm thi THPT,2022,17.0,Quản trị khách sạn
48983,DQN,quan-tri-khach-san,D01,Điểm thi THPT,2022,17.0,Quản trị khách sạn
48984,DQN,quan-tri-khach-san,A00,Điểm học bạ,2023,22.0,Quản trị khách sạn
48985,DQN,quan-tri-khach-san,A01,Điểm học bạ,2023,22.0,Quản trị khách sạn
48986,DQN,quan-tri-khach-san,D01,Điểm học bạ,2023,22.0,Quản trị khách sạn
48987,DQN,quan-tri-khach-san,A00,Điểm thi THPT,2023,15.0,Quản trị khách sạn
48988,DQN,quan-tri-khach-san,A01,Điểm thi THPT,2023,15.0,Quản trị khách sạn
48989,DQN,quan-tri-khach-san,D01,Điểm thi THPT,2023,15.0,Quản trị khách sạn
48990,DQN,quan-tri-khach-san,A00,Điểm học bạ,2024,23.0,Quản trị khách sạn
48991,DQN,quan-tri-khach-san,A01,Điểm học bạ,2024,23.0,Quản trị khách sạn
48992,DQN,quan-tri-khach-san,D01,Điểm học bạ,2024,23.0,Quản trị khách sạn
48993,DQN,quan-tri-khach-san,A00,Điểm thi THPT,2024,18.35,Quản trị khách sạn
48994,DQN,quan-tri-khach-san,A01,Điểm thi THPT,2024,18.35,Quản trị khách sạn
48995,DQN,quan-tri-khach-san,D01,Điểm thi THPT,2024,18.35,Quản trị khách sạn
48996,DQN,quan-tri-khach-san,A00,Điểm học bạ,2025,25.29,Quản trị khách sạn
48997,DQN,quan-tri-khach-san,A01,Điểm học bạ,2025,25.29,Quản trị khách sạn
48998,DQN,quan-tri-khach-san,D01,Điểm học bạ,2025,25.5,Quản trị khách sạn
48999,DQN,quan-tri-khach-san,D04,Điểm học bạ,2025,25.5,Quản trị khách sạn
49000,DQN,quan-tri-khach-san,D09,Điểm học bạ,2025,25.5,Quản trị khách sạn
49001,DQN,quan-tri-khach-san,X01,Điểm học bạ,2025,25.5,Quản trị khách sạn
49002,DQN,quan-tri-khach-san,X17,Điểm học bạ,2025,26.4,Quản trị khách sạn
49003,DQN,quan-tri-khach-san,X21,Điểm học bạ,2025,26.4,Quản trị khách sạn
49004,DQN,quan-tri-khach-san,X25,Điểm học bạ,2025,25.5,Quản trị khách sạn
49005,DQN,quan-tri-khach-san,X78,Điểm học bạ,2025,25.5,Quản trị khách sạn
49006,DQN,quan-tri-khach-san,A00,Điểm thi THPT,2025,22.65,Quản trị khách sạn
49007,DQN,quan-tri-khach-san,A01,Điểm thi THPT,2025,22.65,Quản trị khách sạn
49008,DQN,quan-tri-khach-san,D01,Điểm thi THPT,2025,22.65,Quản trị khách sạn
49009,DQN,quan-tri-khach-san,D04,Điểm thi THPT,2025,22.65,Quản trị khách sạn
49010,DQN,quan-tri-khach-san,D09,Điểm thi THPT,2025,22.65,Quản trị khách sạn
49011,DQN,quan-tri-khach-san,X01,Điểm thi THPT,2025,22.65,Quản trị khách sạn
49012,DQN,quan-tri-khach-san,X17,Điểm thi THPT,2025,22.65,Quản trị khách sạn
49013,DQN,quan-tri-khach-san,X21,Điểm thi THPT,2025,22.65,Quản trị khách sạn
49014,DQN,quan-tri-khach-san,X25,Điểm thi THPT,2025,22.65,Quản trị khách sạn
49015,DQN,quan-tri-khach-san,X78,Điểm thi THPT,2025,22.65,Quản trị khách sạn
49016,DQN,quan-tri-kinh-doanh,A00,Điểm học bạ,2021,18.0,Quản trị kinh doanh
49017,DQN,quan-tri-kinh-doanh,A01,Điểm học bạ,2021,18.0,Quản trị kinh doanh
49018,DQN,quan-tri-kinh-doanh,D01,Điểm học bạ,2021,18.0,Quản trị kinh doanh
49019,DQN,quan-tri-kinh-doanh,A00,Điểm thi THPT,2021,15.0,Quản trị kinh doanh
49020,DQN,quan-tri-kinh-doanh,A01,Điểm thi THPT,2021,15.0,Quản trị kinh doanh
49021,DQN,quan-tri-kinh-doanh,D01,Điểm thi THPT,2021,15.0,Quản trị kinh doanh
49022,DQN,quan-tri-kinh-doanh,A00,Điểm học bạ,2022,24.0,Quản trị kinh doanh
49023,DQN,quan-tri-kinh-doanh,A01,Điểm học bạ,2022,24.0,Quản trị kinh doanh
49024,DQN,quan-tri-kinh-doanh,D01,Điểm học bạ,2022,24.0,Quản trị kinh doanh
49025,DQN,quan-tri-kinh-doanh,A00,Điểm thi THPT,2022,17.0,Quản trị kinh doanh
49026,DQN,quan-tri-kinh-doanh,A01,Điểm thi THPT,2022,17.0,Quản trị kinh doanh
49027,DQN,quan-tri-kinh-doanh,D01,Điểm thi THPT,2022,17.0,Quản trị kinh doanh
49028,DQN,quan-tri-kinh-doanh,A00,Điểm học bạ,2023,23.0,Quản trị kinh doanh
49029,DQN,quan-tri-kinh-doanh,A01,Điểm học bạ,2023,23.0,Quản trị kinh doanh
49030,DQN,quan-tri-kinh-doanh,D01,Điểm học bạ,2023,23.0,Quản trị kinh doanh
49031,DQN,quan-tri-kinh-doanh,A00,Điểm thi THPT,2023,15.0,Quản trị kinh doanh
49032,DQN,quan-tri-kinh-doanh,A01,Điểm thi THPT,2023,15.0,Quản trị kinh doanh
49033,DQN,quan-tri-kinh-doanh,D01,Điểm thi THPT,2023,15.0,Quản trị kinh doanh
49034,DQN,quan-tri-kinh-doanh,A00,Điểm học bạ,2024,20.0,Quản trị kinh doanh
49035,DQN,quan-tri-kinh-doanh,A01,Điểm học bạ,2024,20.0,Quản trị kinh doanh
49036,DQN,quan-tri-kinh-doanh,D01,Điểm học bạ,2024,20.0,Quản trị kinh doanh
49037,DQN,quan-tri-kinh-doanh,A00,Điểm thi THPT,2024,17.0,Quản trị kinh doanh
49038,DQN,quan-tri-kinh-doanh,A01,Điểm thi THPT,2024,17.0,Quản trị kinh doanh
49039,DQN,quan-tri-kinh-doanh,D01,Điểm thi THPT,2024,17.0,Quản trị kinh doanh
49040,DQN,quan-tri-kinh-doanh,A00,Điểm học bạ,2025,24.59,Quản trị kinh doanh
49041,DQN,quan-tri-kinh-doanh,A01,Điểm học bạ,2025,24.84,Quản trị kinh doanh
49042,DQN,quan-tri-kinh-doanh,D01,Điểm học bạ,2025,24.88,Quản trị kinh doanh
49043,DQN,quan-tri-kinh-doanh,D04,Điểm học bạ,2025,24.88,Quản trị kinh doanh
49044,DQN,quan-tri-kinh-doanh,D07,Điểm học bạ,2025,24.52,Quản trị kinh doanh
49045,DQN,quan-tri-kinh-doanh,X01,Điểm học bạ,2025,24.88,Quản trị kinh doanh
49046,DQN,quan-tri-kinh-doanh,X25,Điểm học bạ,2025,24.88,Quản trị kinh doanh
49047,DQN,quan-tri-kinh-doanh,X26,Điểm học bạ,2025,24.84,Quản trị kinh doanh
49048,DQN,quan-tri-kinh-doanh,X78,Điểm học bạ,2025,24.88,Quản trị kinh doanh
49049,DQN,quan-tri-kinh-doanh,A00,Điểm thi THPT,2025,21.7,Quản trị kinh doanh
49050,DQN,quan-tri-kinh-doanh,A01,Điểm thi THPT,2025,21.7,Quản trị kinh doanh
49051,DQN,quan-tri-kinh-doanh,D01,Điểm thi THPT,2025,21.7,Quản trị kinh doanh
49052,DQN,quan-tri-kinh-doanh,D07,Điểm thi THPT,2025,21.7,Quản trị kinh doanh
49053,DQN,quan-tri-kinh-doanh,X01,Điểm thi THPT,2025,21.7,Quản trị kinh doanh
49054,DQN,quan-tri-kinh-doanh,X25,Điểm thi THPT,2025,21.7,Quản trị kinh doanh
49055,DQN,quan-tri-kinh-doanh,X26,Điểm thi THPT,2025,21.7,Quản trị kinh doanh
49056,DQN,quan-tri-kinh-doanh,X78,Điểm thi THPT,2025,21.7,Quản trị kinh doanh
49057,DQN,su-pham-dia-ly,A00,Điểm học bạ,2021,24.0,Sư phạm Địa lý
49058,DQN,su-pham-dia-ly,C00,Điểm học bạ,2021,24.0,Sư phạm Địa lý
49059,DQN,su-pham-dia-ly,D15,Điểm học bạ,2021,24.0,Sư phạm Địa lý
49060,DQN,su-pham-dia-ly,A00,Điểm thi THPT,2021,19.0,Sư phạm Địa lý
49061,DQN,su-pham-dia-ly,C00,Điểm thi THPT,2021,19.0,Sư phạm Địa lý
49062,DQN,su-pham-dia-ly,D15,Điểm thi THPT,2021,19.0,Sư phạm Địa lý
49063,DQN,su-pham-dia-ly,A00,Điểm học bạ,2022,25.0,Sư phạm Địa lý
49064,DQN,su-pham-dia-ly,C00,Điểm học bạ,2022,25.0,Sư phạm Địa lý
49065,DQN,su-pham-dia-ly,D15,Điểm học bạ,2022,25.0,Sư phạm Địa lý
49066,DQN,su-pham-dia-ly,A00,Điểm thi THPT,2022,28.5,Sư phạm Địa lý
49067,DQN,su-pham-dia-ly,C00,Điểm thi THPT,2022,28.5,Sư phạm Địa lý
49068,DQN,su-pham-dia-ly,D15,Điểm thi THPT,2022,28.5,Sư phạm Địa lý
49069,DQN,su-pham-dia-ly,A00,Điểm học bạ,2023,25.5,Sư phạm Địa lý
49070,DQN,su-pham-dia-ly,C00,Điểm học bạ,2023,25.5,Sư phạm Địa lý
49071,DQN,su-pham-dia-ly,D15,Điểm học bạ,2023,25.5,Sư phạm Địa lý
49072,DQN,su-pham-dia-ly,A00,Điểm thi THPT,2023,23.5,Sư phạm Địa lý
49073,DQN,su-pham-dia-ly,C00,Điểm thi THPT,2023,23.5,Sư phạm Địa lý
49074,DQN,su-pham-dia-ly,D15,Điểm thi THPT,2023,23.5,Sư phạm Địa lý
49075,DQN,su-pham-dia-ly,C00,Điểm học bạ,2024,27.25,Sư phạm Địa lý
49076,DQN,su-pham-dia-ly,C20,Điểm học bạ,2024,27.25,Sư phạm Địa lý
49077,DQN,su-pham-dia-ly,D15,Điểm học bạ,2024,27.25,Sư phạm Địa lý
49078,DQN,su-pham-dia-ly,C00,Điểm thi THPT,2024,27.3,Sư phạm Địa lý
49079,DQN,su-pham-dia-ly,C20,Điểm thi THPT,2024,27.3,Sư phạm Địa lý
49080,DQN,su-pham-dia-ly,D15,Điểm thi THPT,2024,27.3,Sư phạm Địa lý
49081,DQN,su-pham-dia-ly,C04,Điểm thi THPT,2025,26.74,Sư phạm Địa lý
49082,DQN,su-pham-dia-ly,D10,Điểm thi THPT,2025,26.74,Sư phạm Địa lý
49083,DQN,su-pham-dia-ly,D15,Điểm thi THPT,2025,26.74,Sư phạm Địa lý
49084,DQN,su-pham-dia-ly,X21,Điểm thi THPT,2025,26.74,Sư phạm Địa lý
49085,DQN,su-pham-dia-ly,X74,Điểm thi THPT,2025,26.74,Sư phạm Địa lý
49086,DQN,su-pham-hoa-hoc,A00,Điểm học bạ,2021,24.0,Sư phạm Hóa học
49087,DQN,su-pham-hoa-hoc,B00,Điểm học bạ,2021,24.0,Sư phạm Hóa học
49088,DQN,su-pham-hoa-hoc,D07,Điểm học bạ,2021,24.0,Sư phạm Hóa học
49089,DQN,su-pham-hoa-hoc,A00,Điểm thi THPT,2021,25.0,Sư phạm Hóa học
49090,DQN,su-pham-hoa-hoc,B00,Điểm thi THPT,2021,25.0,Sư phạm Hóa học
49091,DQN,su-pham-hoa-hoc,D07,Điểm thi THPT,2021,25.0,Sư phạm Hóa học
49092,DQN,su-pham-hoa-hoc,A00,Điểm học bạ,2022,27.0,Sư phạm Hóa học
49093,DQN,su-pham-hoa-hoc,B00,Điểm học bạ,2022,27.0,Sư phạm Hóa học
49094,DQN,su-pham-hoa-hoc,D07,Điểm học bạ,2022,27.0,Sư phạm Hóa học
49095,DQN,su-pham-hoa-hoc,A00,Điểm thi THPT,2022,28.5,Sư phạm Hóa học
49096,DQN,su-pham-hoa-hoc,B00,Điểm thi THPT,2022,28.5,Sư phạm Hóa học
49097,DQN,su-pham-hoa-hoc,D07,Điểm thi THPT,2022,28.5,Sư phạm Hóa học
49098,DQN,su-pham-hoa-hoc,A00,Điểm thi THPT,2025,25.3,Sư phạm Hóa học
49099,DQN,su-pham-hoa-hoc,B00,Điểm thi THPT,2025,25.3,Sư phạm Hóa học
49100,DQN,su-pham-hoa-hoc,C02,Điểm thi THPT,2025,25.3,Sư phạm Hóa học
49101,DQN,su-pham-hoa-hoc,D07,Điểm thi THPT,2025,25.3,Sư phạm Hóa học
49102,DQN,su-pham-khoa-hoc-tu-nhien,A00,Điểm học bạ,2021,24.0,Sư phạm Khoa học tự nhiên
49103,DQN,su-pham-khoa-hoc-tu-nhien,B00,Điểm học bạ,2021,24.0,Sư phạm Khoa học tự nhiên
49104,DQN,su-pham-khoa-hoc-tu-nhien,A00,Điểm thi THPT,2021,19.0,Sư phạm Khoa học tự nhiên
49105,DQN,su-pham-khoa-hoc-tu-nhien,B00,Điểm thi THPT,2021,19.0,Sư phạm Khoa học tự nhiên
49106,DQN,su-pham-khoa-hoc-tu-nhien,A00,Điểm học bạ,2022,23.0,Sư phạm khoa học tự nhiên
49107,DQN,su-pham-khoa-hoc-tu-nhien,A01,Điểm học bạ,2022,23.0,Sư phạm khoa học tự nhiên
49108,DQN,su-pham-khoa-hoc-tu-nhien,A02,Điểm học bạ,2022,23.0,Sư phạm khoa học tự nhiên
49109,DQN,su-pham-khoa-hoc-tu-nhien,B00,Điểm học bạ,2022,23.0,Sư phạm khoa học tự nhiên
49110,DQN,su-pham-khoa-hoc-tu-nhien,A00,Điểm thi THPT,2022,19.0,Sư phạm Khoa học tự nhiên
49111,DQN,su-pham-khoa-hoc-tu-nhien,A01,Điểm thi THPT,2022,19.0,Sư phạm Khoa học tự nhiên
49112,DQN,su-pham-khoa-hoc-tu-nhien,A02,Điểm thi THPT,2022,19.0,Sư phạm Khoa học tự nhiên
49113,DQN,su-pham-khoa-hoc-tu-nhien,B00,Điểm thi THPT,2022,19.0,Sư phạm Khoa học tự nhiên
49114,DQN,su-pham-khoa-hoc-tu-nhien,A00,Điểm học bạ,2023,21.0,Sư phạm Khoa học tự nhiên
49115,DQN,su-pham-khoa-hoc-tu-nhien,A01,Điểm học bạ,2023,21.0,Sư phạm Khoa học tự nhiên
49116,DQN,su-pham-khoa-hoc-tu-nhien,A02,Điểm học bạ,2023,21.0,Sư phạm Khoa học tự nhiên
49117,DQN,su-pham-khoa-hoc-tu-nhien,B00,Điểm học bạ,2023,21.0,Sư phạm Khoa học tự nhiên
49118,DQN,su-pham-khoa-hoc-tu-nhien,A00,Điểm thi THPT,2023,19.0,Sư phạm Khoa học tự nhiên
49119,DQN,su-pham-khoa-hoc-tu-nhien,A01,Điểm thi THPT,2023,19.0,Sư phạm Khoa học tự nhiên
49120,DQN,su-pham-khoa-hoc-tu-nhien,A02,Điểm thi THPT,2023,19.0,Sư phạm Khoa học tự nhiên
49121,DQN,su-pham-khoa-hoc-tu-nhien,B00,Điểm thi THPT,2023,19.0,Sư phạm Khoa học tự nhiên
49122,DQN,su-pham-khoa-hoc-tu-nhien,A00,Điểm học bạ,2024,28.5,Sư phạm Khoa học tự nhiên
49123,DQN,su-pham-khoa-hoc-tu-nhien,A01,Điểm học bạ,2024,28.5,Sư phạm Khoa học tự nhiên
49124,DQN,su-pham-khoa-hoc-tu-nhien,A02,Điểm học bạ,2024,28.5,Sư phạm Khoa học tự nhiên
49125,DQN,su-pham-khoa-hoc-tu-nhien,B00,Điểm học bạ,2024,28.5,Sư phạm Khoa học tự nhiên
49126,DQN,su-pham-khoa-hoc-tu-nhien,A00,Điểm thi THPT,2024,25.65,Sư phạm Khoa học tự nhiên
49127,DQN,su-pham-khoa-hoc-tu-nhien,A01,Điểm thi THPT,2024,25.65,Sư phạm Khoa học tự nhiên
49128,DQN,su-pham-khoa-hoc-tu-nhien,A02,Điểm thi THPT,2024,25.65,Sư phạm Khoa học tự nhiên
49129,DQN,su-pham-khoa-hoc-tu-nhien,B00,Điểm thi THPT,2024,25.65,Sư phạm Khoa học tự nhiên
49130,DQN,su-pham-khoa-hoc-tu-nhien,A00,Điểm thi THPT,2025,22.5,Sư phạm Khoa học tự nhiên
49131,DQN,su-pham-khoa-hoc-tu-nhien,A01,Điểm thi THPT,2025,22.5,Sư phạm Khoa học tự nhiên
49132,DQN,su-pham-khoa-hoc-tu-nhien,A02,Điểm thi THPT,2025,22.5,Sư phạm Khoa học tự nhiên
49133,DQN,su-pham-khoa-hoc-tu-nhien,B00,Điểm thi THPT,2025,22.5,Sư phạm Khoa học tự nhiên
49134,DQN,su-pham-khoa-hoc-tu-nhien,B08,Điểm thi THPT,2025,22.5,Sư phạm Khoa học tự nhiên
49135,DQN,su-pham-lich-su,C00,Điểm học bạ,2021,24.0,Sư phạm Lịch sử
49136,DQN,su-pham-lich-su,C19,Điểm học bạ,2021,24.0,Sư phạm Lịch sử
49137,DQN,su-pham-lich-su,D14,Điểm học bạ,2021,24.0,Sư phạm Lịch sử
49138,DQN,su-pham-lich-su,C00,Điểm thi THPT,2021,19.0,Sư phạm Lịch sử
49139,DQN,su-pham-lich-su,C19,Điểm thi THPT,2021,19.0,Sư phạm Lịch sử
49140,DQN,su-pham-lich-su,D14,Điểm thi THPT,2021,19.0,Sư phạm Lịch sử
49141,DQN,su-pham-lich-su,C00,Điểm học bạ,2022,24.0,Sư phạm Lịch sử
49142,DQN,su-pham-lich-su,C19,Điểm học bạ,2022,24.0,Sư phạm Lịch sử
49143,DQN,su-pham-lich-su,D14,Điểm học bạ,2022,24.0,Sư phạm Lịch sử
49144,DQN,su-pham-lich-su,C00,Điểm thi THPT,2022,28.5,Sư phạm Lịch sử
49145,DQN,su-pham-lich-su,C19,Điểm thi THPT,2022,28.5,Sư phạm Lịch sử
49146,DQN,su-pham-lich-su,D14,Điểm thi THPT,2022,28.5,Sư phạm Lịch sử
49147,DQN,su-pham-lich-su,C00,Điểm học bạ,2023,27.0,Sư phạm Lịch sử
49148,DQN,su-pham-lich-su,C19,Điểm học bạ,2023,27.0,Sư phạm Lịch sử
49149,DQN,su-pham-lich-su,D14,Điểm học bạ,2023,27.0,Sư phạm Lịch sử
49150,DQN,su-pham-lich-su,C00,Điểm thi THPT,2023,25.75,Sư phạm Lịch sử
49151,DQN,su-pham-lich-su,C19,Điểm thi THPT,2023,25.75,Sư phạm Lịch sử
49152,DQN,su-pham-lich-su,D14,Điểm thi THPT,2023,25.75,Sư phạm Lịch sử
49153,DQN,su-pham-lich-su,C00,Điểm học bạ,2024,28.25,Sư phạm Lịch sử
49154,DQN,su-pham-lich-su,C19,Điểm học bạ,2024,28.25,Sư phạm Lịch sử
49155,DQN,su-pham-lich-su,D14,Điểm học bạ,2024,28.25,Sư phạm Lịch sử
49156,DQN,su-pham-lich-su,C00,Điểm thi THPT,2024,27.45,Sư phạm Lịch sử
49157,DQN,su-pham-lich-su,C19,Điểm thi THPT,2024,27.45,Sư phạm Lịch sử
49158,DQN,su-pham-lich-su,D14,Điểm thi THPT,2024,27.45,Sư phạm Lịch sử
49159,DQN,su-pham-lich-su,C03,Điểm thi THPT,2025,27.21,Sư phạm Lịch sử
49160,DQN,su-pham-lich-su,D09,Điểm thi THPT,2025,27.21,Sư phạm Lịch sử
49161,DQN,su-pham-lich-su,D14,Điểm thi THPT,2025,27.21,Sư phạm Lịch sử
49162,DQN,su-pham-lich-su,X17,Điểm thi THPT,2025,27.21,Sư phạm Lịch sử
49163,DQN,su-pham-lich-su,X70,Điểm thi THPT,2025,27.21,Sư phạm Lịch sử
49164,DQN,su-pham-lich-su-dia-li,C00,Điểm học bạ,2022,23.0,Sư phạm Lịch sử - Địa lí
49165,DQN,su-pham-lich-su-dia-li,C19,Điểm học bạ,2022,23.0,Sư phạm Lịch sử - Địa lí
49166,DQN,su-pham-lich-su-dia-li,C20,Điểm học bạ,2022,23.0,Sư phạm Lịch sử - Địa lí
49167,DQN,su-pham-lich-su-dia-ly,C00,Điểm học bạ,2023,23.0,Sư phạm Lịch sử - Địa lý
49168,DQN,su-pham-lich-su-dia-ly,C19,Điểm học bạ,2023,23.0,Sư phạm Lịch sử - Địa lý
49169,DQN,su-pham-lich-su-dia-ly,C20,Điểm học bạ,2023,23.0,Sư phạm Lịch sử - Địa lý
49170,DQN,su-pham-lich-su-dia-ly,C00,Điểm thi THPT,2023,24.25,Sư phạm Lịch sử Địa lý
49171,DQN,su-pham-lich-su-dia-ly,C19,Điểm thi THPT,2023,24.25,Sư phạm Lịch sử Địa lý
49172,DQN,su-pham-lich-su-dia-ly,C20,Điểm thi THPT,2023,24.25,Sư phạm Lịch sử Địa lý
49173,DQN,su-pham-lich-su-dia-ly,C00,Điểm học bạ,2024,27.25,Sư phạm Lịch sử Địa lý
49174,DQN,su-pham-lich-su-dia-ly,C19,Điểm học bạ,2024,27.25,Sư phạm Lịch sử Địa lý
49175,DQN,su-pham-lich-su-dia-ly,C20,Điểm học bạ,2024,27.25,Sư phạm Lịch sử Địa lý
49176,DQN,su-pham-lich-su-dia-ly,C00,Điểm thi THPT,2024,27.15,Sư phạm Lịch sử Địa lý
49177,DQN,su-pham-lich-su-dia-ly,C19,Điểm thi THPT,2024,27.15,Sư phạm Lịch sử Địa lý
49178,DQN,su-pham-lich-su-dia-ly,C20,Điểm thi THPT,2024,27.15,Sư phạm Lịch sử Địa lý
49179,DQN,su-pham-lich-su-dia-ly,C00,Điểm thi THPT,2025,26.4,Sư phạm Lịch sử Địa lý
49180,DQN,su-pham-lich-su-dia-ly,D14,Điểm thi THPT,2025,26.4,Sư phạm Lịch sử Địa lý
49181,DQN,su-pham-lich-su-dia-ly,D15,Điểm thi THPT,2025,26.4,Sư phạm Lịch sử Địa lý
49182,DQN,su-pham-lich-su-dia-ly,X70,Điểm thi THPT,2025,26.4,Sư phạm Lịch sử Địa lý
49183,DQN,su-pham-lich-su-dia-ly,X74,Điểm thi THPT,2025,26.4,Sư phạm Lịch sử Địa lý
49184,DQN,su-pham-lich-su-va-dia-ly,C00,Điểm học bạ,2021,24.0,Sư phạm Lịch sử và địa lý
49185,DQN,su-pham-lich-su-va-dia-ly,C19,Điểm học bạ,2021,24.0,Sư phạm Lịch sử và địa lý
49186,DQN,su-pham-lich-su-va-dia-ly,C20,Điểm học bạ,2021,24.0,Sư phạm Lịch sử và địa lý
49187,DQN,su-pham-lich-su-va-dia-ly,C00,Điểm thi THPT,2021,19.0,Sư phạm Lịch sử và địa lý
49188,DQN,su-pham-lich-su-va-dia-ly,C19,Điểm thi THPT,2021,19.0,Sư phạm Lịch sử và địa lý
49189,DQN,su-pham-lich-su-va-dia-ly,C20,Điểm thi THPT,2021,19.0,Sư phạm Lịch sử và địa lý
49190,DQN,su-pham-lich-su-va-dia-ly,C00,Điểm thi THPT,2022,19.0,Sư phạm Lịch sử và địa lý
49191,DQN,su-pham-lich-su-va-dia-ly,C19,Điểm thi THPT,2022,19.0,Sư phạm Lịch sử và địa lý
49192,DQN,su-pham-lich-su-va-dia-ly,C20,Điểm thi THPT,2022,19.0,Sư phạm Lịch sử và địa lý
49193,DQN,su-pham-ngu-van,C00,Điểm học bạ,2021,24.0,Sư phạm Ngữ văn
49194,DQN,su-pham-ngu-van,D14,Điểm học bạ,2021,24.0,Sư phạm Ngữ văn
49195,DQN,su-pham-ngu-van,D15,Điểm học bạ,2021,24.0,Sư phạm Ngữ văn
49196,DQN,su-pham-ngu-van,C00,Điểm thi THPT,2021,23.0,Sư phạm Ngữ văn
49197,DQN,su-pham-ngu-van,D14,Điểm thi THPT,2021,23.0,Sư phạm Ngữ văn
49198,DQN,su-pham-ngu-van,D15,Điểm thi THPT,2021,23.0,Sư phạm Ngữ văn
49199,DQN,su-pham-ngu-van,C00,Điểm học bạ,2022,27.0,Sư phạm Ngữ văn
49200,DQN,su-pham-ngu-van,D14,Điểm học bạ,2022,27.0,Sư phạm Ngữ văn
49201,DQN,su-pham-ngu-van,D15,Điểm học bạ,2022,27.0,Sư phạm Ngữ văn
49202,DQN,su-pham-ngu-van,C00,Điểm thi THPT,2022,28.5,Sư phạm Ngữ văn
49203,DQN,su-pham-ngu-van,D14,Điểm thi THPT,2022,28.5,Sư phạm Ngữ văn
49204,DQN,su-pham-ngu-van,D15,Điểm thi THPT,2022,28.5,Sư phạm Ngữ văn
49205,DQN,su-pham-ngu-van,C00,Điểm học bạ,2023,28.0,Sư phạm Ngữ văn
49206,DQN,su-pham-ngu-van,D14,Điểm học bạ,2023,28.0,Sư phạm Ngữ văn
49207,DQN,su-pham-ngu-van,D15,Điểm học bạ,2023,28.0,Sư phạm Ngữ văn
49208,DQN,su-pham-ngu-van,C00,Điểm thi THPT,2023,25.25,Sư phạm Ngữ văn
49209,DQN,su-pham-ngu-van,D14,Điểm thi THPT,2023,25.25,Sư phạm Ngữ văn
49210,DQN,su-pham-ngu-van,D15,Điểm thi THPT,2023,25.25,Sư phạm Ngữ văn
49211,DQN,su-pham-ngu-van,C00,Điểm học bạ,2024,28.5,Sư phạm Ngữ văn
49212,DQN,su-pham-ngu-van,D14,Điểm học bạ,2024,28.5,Sư phạm Ngữ văn
49213,DQN,su-pham-ngu-van,D15,Điểm học bạ,2024,28.5,Sư phạm Ngữ văn
49214,DQN,su-pham-ngu-van,C00,Điểm thi THPT,2024,27.35,Sư phạm Ngữ văn
49215,DQN,su-pham-ngu-van,D14,Điểm thi THPT,2024,27.35,Sư phạm Ngữ văn
49216,DQN,su-pham-ngu-van,D15,Điểm thi THPT,2024,27.35,Sư phạm Ngữ văn
49217,DQN,su-pham-ngu-van,C00,Điểm thi THPT,2025,26.85,Sư phạm Ngữ văn
49218,DQN,su-pham-ngu-van,D01,Điểm thi THPT,2025,26.85,Sư phạm Ngữ văn
49219,DQN,su-pham-ngu-van,D14,Điểm thi THPT,2025,26.85,Sư phạm Ngữ văn
49220,DQN,su-pham-ngu-van,D15,Điểm thi THPT,2025,26.85,Sư phạm Ngữ văn
49221,DQN,su-pham-sinh-hoc,B00,Điểm học bạ,2021,24.0,Sư phạm Sinh học
49222,DQN,su-pham-sinh-hoc,B08,Điểm học bạ,2021,24.0,Sư phạm Sinh học
49223,DQN,su-pham-sinh-hoc,B00,Điểm thi THPT,2021,19.0,Sư phạm Sinh học
49224,DQN,su-pham-sinh-hoc,B08,Điểm thi THPT,2021,19.0,Sư phạm Sinh học
49225,DQN,su-pham-sinh-hoc,A02,Điểm học bạ,2022,21.0,Sư phạm Sinh học
49226,DQN,su-pham-sinh-hoc,B00,Điểm học bạ,2022,21.0,Sư phạm Sinh học
49227,DQN,su-pham-sinh-hoc,B08,Điểm học bạ,2022,21.0,Sư phạm Sinh học
49228,DQN,su-pham-sinh-hoc,A02,Điểm thi THPT,2022,19.0,Sư phạm Sinh học
49229,DQN,su-pham-sinh-hoc,B00,Điểm thi THPT,2022,19.0,Sư phạm Sinh học
49230,DQN,su-pham-sinh-hoc,B08,Điểm thi THPT,2022,19.0,Sư phạm Sinh học
49231,DQN,su-pham-sinh-hoc,A02,Điểm học bạ,2023,26.5,Sư phạm Sinh học
49232,DQN,su-pham-sinh-hoc,B00,Điểm học bạ,2023,26.5,Sư phạm Sinh học
49233,DQN,su-pham-sinh-hoc,B08,Điểm học bạ,2023,26.5,Sư phạm Sinh học
49234,DQN,su-pham-sinh-hoc,A02,Điểm thi THPT,2023,20.0,Sư phạm Sinh học
49235,DQN,su-pham-sinh-hoc,B00,Điểm thi THPT,2023,20.0,Sư phạm Sinh học
49236,DQN,su-pham-sinh-hoc,B08,Điểm thi THPT,2023,20.0,Sư phạm Sinh học
49237,DQN,su-pham-sinh-hoc,A02,Điểm học bạ,2024,28.0,Sư phạm Sinh học
49238,DQN,su-pham-sinh-hoc,B00,Điểm học bạ,2024,28.0,Sư phạm Sinh học
49239,DQN,su-pham-sinh-hoc,B08,Điểm học bạ,2024,28.0,Sư phạm Sinh học
49240,DQN,su-pham-sinh-hoc,A02,Điểm thi THPT,2024,23.9,Sư phạm Sinh học
49241,DQN,su-pham-sinh-hoc,B00,Điểm thi THPT,2024,23.9,Sư phạm Sinh học
49242,DQN,su-pham-sinh-hoc,B08,Điểm thi THPT,2024,23.9,Sư phạm Sinh học
49243,DQN,su-pham-sinh-hoc,A02,Điểm thi THPT,2025,21.2,Sư phạm Sinh học
49244,DQN,su-pham-sinh-hoc,B00,Điểm thi THPT,2025,21.2,Sư phạm Sinh học
49245,DQN,su-pham-sinh-hoc,B08,Điểm thi THPT,2025,21.2,Sư phạm Sinh học
49246,DQN,su-pham-tieng-anh,D01,Điểm học bạ,2021,25.0,Sư phạm Tiếng Anh
49247,DQN,su-pham-tieng-anh,D01,Điểm thi THPT,2021,24.0,Sư phạm Tiếng Anh
49248,DQN,su-pham-tieng-anh,D01,Điểm học bạ,2022,28.0,Sư phạm Tiếng Anh
49249,DQN,su-pham-tieng-anh,D01,Điểm thi THPT,2022,22.25,Sư phạm Tiếng Anh
49250,DQN,su-pham-tieng-anh,D01,Điểm học bạ,2023,28.5,Sư phạm Tiếng Anh
49251,DQN,su-pham-tieng-anh,D01,Điểm thi THPT,2023,24.75,Sư phạm Tiếng Anh
49252,DQN,su-pham-tieng-anh,D01,Điểm học bạ,2024,28.75,Sư phạm Tiếng Anh
49253,DQN,su-pham-tieng-anh,D01,Điểm thi THPT,2024,25.92,Sư phạm Tiếng Anh
49254,DQN,su-pham-tieng-anh,D01,Điểm thi THPT,2025,23.59,Sư phạm Tiếng Anh
49255,DQN,su-pham-tin-hoc,A00,Điểm học bạ,2021,24.0,Sư phạm Tin học
49256,DQN,su-pham-tin-hoc,A01,Điểm học bạ,2021,24.0,Sư phạm Tin học
49257,DQN,su-pham-tin-hoc,D01,Điểm học bạ,2021,24.0,Sư phạm Tin học
49258,DQN,su-pham-tin-hoc,A00,Điểm thi THPT,2021,19.0,Sư phạm Tin học
49259,DQN,su-pham-tin-hoc,A01,Điểm thi THPT,2021,19.0,Sư phạm Tin học
49260,DQN,su-pham-tin-hoc,D01,Điểm thi THPT,2021,19.0,Sư phạm Tin học
49261,DQN,su-pham-tin-hoc,A00,Điểm học bạ,2022,21.0,Sư phạm Tin học
49262,DQN,su-pham-tin-hoc,A01,Điểm học bạ,2022,21.0,Sư phạm Tin học
49263,DQN,su-pham-tin-hoc,D07,Điểm học bạ,2022,21.0,Sư phạm Tin học
49264,DQN,su-pham-tin-hoc,A00,Điểm thi THPT,2022,19.0,Sư phạm Tin học
49265,DQN,su-pham-tin-hoc,A01,Điểm thi THPT,2022,19.0,Sư phạm Tin học
49266,DQN,su-pham-tin-hoc,D07,Điểm thi THPT,2022,19.0,Sư phạm Tin học
49267,DQN,su-pham-tin-hoc,A00,Điểm học bạ,2023,21.0,Sư phạm Tin học
49268,DQN,su-pham-tin-hoc,A01,Điểm học bạ,2023,21.0,Sư phạm Tin học
49269,DQN,su-pham-tin-hoc,D07,Điểm học bạ,2023,21.0,Sư phạm Tin học
49270,DQN,su-pham-tin-hoc,A00,Điểm thi THPT,2023,19.0,Sư phạm Tin học
49271,DQN,su-pham-tin-hoc,A01,Điểm thi THPT,2023,19.0,Sư phạm Tin học
49272,DQN,su-pham-tin-hoc,D07,Điểm thi THPT,2023,19.0,Sư phạm Tin học
49273,DQN,su-pham-tin-hoc,A00,Điểm học bạ,2024,23.0,Sư phạm Tin học
49274,DQN,su-pham-tin-hoc,A01,Điểm học bạ,2024,23.0,Sư phạm Tin học
49275,DQN,su-pham-tin-hoc,D07,Điểm học bạ,2024,23.0,Sư phạm Tin học
49276,DQN,su-pham-tin-hoc,A00,Điểm thi THPT,2024,22.85,Sư phạm Tin học
49277,DQN,su-pham-tin-hoc,A01,Điểm thi THPT,2024,22.85,Sư phạm Tin học
49278,DQN,su-pham-tin-hoc,D07,Điểm thi THPT,2024,22.85,Sư phạm Tin học
49279,DQN,su-pham-tin-hoc,A00,Điểm thi THPT,2025,20.35,Sư phạm Tin học
49280,DQN,su-pham-tin-hoc,A01,Điểm thi THPT,2025,20.35,Sư phạm Tin học
49281,DQN,su-pham-tin-hoc,D01,Điểm thi THPT,2025,20.35,Sư phạm Tin học
49282,DQN,su-pham-tin-hoc,D07,Điểm thi THPT,2025,20.35,Sư phạm Tin học
49283,DQN,su-pham-tin-hoc,X02,Điểm thi THPT,2025,20.35,Sư phạm Tin học
49284,DQN,su-pham-toan-hoc,A00,Điểm học bạ,2021,26.0,sư phạm Toán học
49285,DQN,su-pham-toan-hoc,A01,Điểm học bạ,2021,26.0,sư phạm Toán học
49286,DQN,su-pham-toan-hoc,A00,Điểm thi THPT,2021,25.0,sư phạm Toán học
49287,DQN,su-pham-toan-hoc,A01,Điểm thi THPT,2021,25.0,sư phạm Toán học
49288,DQN,su-pham-toan-hoc,A00,Điểm học bạ,2022,28.5,Sư phạm Toán học
49289,DQN,su-pham-toan-hoc,A01,Điểm học bạ,2022,28.5,Sư phạm Toán học
49290,DQN,su-pham-toan-hoc,A00,Điểm thi THPT,2022,28.5,Sư phạm Toán học
49291,DQN,su-pham-toan-hoc,A01,Điểm thi THPT,2022,28.5,Sư phạm Toán học
49292,DQN,su-pham-toan-hoc,A00,Điểm học bạ,2023,29.25,Sư phạm Toán học
49293,DQN,su-pham-toan-hoc,A01,Điểm học bạ,2023,29.25,Sư phạm Toán học
49294,DQN,su-pham-toan-hoc,A00,Điểm thi THPT,2023,25.25,Sư phạm Toán học
49295,DQN,su-pham-toan-hoc,A01,Điểm thi THPT,2023,25.25,Sư phạm Toán học
49296,DQN,su-pham-toan-hoc,A00,Điểm học bạ,2024,29.5,Sư phạm Toán học
49297,DQN,su-pham-toan-hoc,A01,Điểm học bạ,2024,29.5,Sư phạm Toán học
49298,DQN,su-pham-toan-hoc,A00,Điểm thi THPT,2024,26.5,Sư phạm Toán học
49299,DQN,su-pham-toan-hoc,A01,Điểm thi THPT,2024,26.5,Sư phạm Toán học
49300,DQN,su-pham-toan-hoc,A00,Điểm thi THPT,2025,25.85,Sư phạm Toán học
49301,DQN,su-pham-toan-hoc,A01,Điểm thi THPT,2025,25.85,Sư phạm Toán học
49302,DQN,su-pham-toan-hoc,D07,Điểm thi THPT,2025,25.85,Sư phạm Toán học
49303,DQN,su-pham-toan-hoc,X26,Điểm thi THPT,2025,25.85,Sư phạm Toán học
49304,DQN,su-pham-vat-ly,A00,Điểm học bạ,2021,24.0,Sư phạm Vật lý
49305,DQN,su-pham-vat-ly,A01,Điểm học bạ,2021,24.0,Sư phạm Vật lý
49306,DQN,su-pham-vat-ly,A00,Điểm thi THPT,2021,19.0,Sư phạm Vật lý
49307,DQN,su-pham-vat-ly,A01,Điểm thi THPT,2021,19.0,Sư phạm Vật lý
49308,DQN,su-pham-vat-ly,A00,Điểm học bạ,2022,25.0,Sư phạm Vật lý
49309,DQN,su-pham-vat-ly,A01,Điểm học bạ,2022,25.0,Sư phạm Vật lý
49310,DQN,su-pham-vat-ly,A02,Điểm học bạ,2022,25.0,Sư phạm Vật lý
49311,DQN,su-pham-vat-ly,A00,Điểm thi THPT,2022,28.5,Sư phạm Vật lý
49312,DQN,su-pham-vat-ly,A01,Điểm thi THPT,2022,28.5,Sư phạm Vật lý
49313,DQN,su-pham-vat-ly,A02,Điểm thi THPT,2022,28.5,Sư phạm Vật lý
49314,DQN,su-pham-vat-ly,A00,Điểm học bạ,2023,28.0,Sư phạm Vật lý
49315,DQN,su-pham-vat-ly,A01,Điểm học bạ,2023,28.0,Sư phạm Vật lý
49316,DQN,su-pham-vat-ly,A02,Điểm học bạ,2023,28.0,Sư phạm Vật lý
49317,DQN,su-pham-vat-ly,A00,Điểm thi THPT,2023,23.5,Sư phạm Vật lý
49318,DQN,su-pham-vat-ly,A01,Điểm thi THPT,2023,23.5,Sư phạm Vật lý
49319,DQN,su-pham-vat-ly,A02,Điểm thi THPT,2023,23.5,Sư phạm Vật lý
49320,DQN,su-pham-vat-ly,A00,Điểm học bạ,2024,28.5,Sư phạm Vật lý
49321,DQN,su-pham-vat-ly,A01,Điểm học bạ,2024,28.5,Sư phạm Vật lý
49322,DQN,su-pham-vat-ly,A02,Điểm học bạ,2024,28.5,Sư phạm Vật lý
49323,DQN,su-pham-vat-ly,A00,Điểm thi THPT,2024,25.75,Sư phạm Vật lý
49324,DQN,su-pham-vat-ly,A01,Điểm thi THPT,2024,25.75,Sư phạm Vật lý
49325,DQN,su-pham-vat-ly,A02,Điểm thi THPT,2024,25.75,Sư phạm Vật lý
49326,DQN,su-pham-vat-ly,A00,Điểm thi THPT,2025,24.4,Sư phạm Vật lý
49327,DQN,su-pham-vat-ly,A01,Điểm thi THPT,2025,24.4,Sư phạm Vật lý
49328,DQN,su-pham-vat-ly,A02,Điểm thi THPT,2025,24.4,Sư phạm Vật lý
49329,DQN,su-pham-vat-ly,X05,Điểm thi THPT,2025,24.4,Sư phạm Vật lý
49330,DQN,tai-chinh-ngan-hang,A00,Điểm học bạ,2021,18.0,Tài chính - Ngân hàng
49331,DQN,tai-chinh-ngan-hang,A01,Điểm học bạ,2021,18.0,Tài chính - Ngân hàng
49332,DQN,tai-chinh-ngan-hang,D01,Điểm học bạ,2021,18.0,Tài chính - Ngân hàng
49333,DQN,tai-chinh-ngan-hang,A00,Điểm thi THPT,2021,15.0,Tài chính - Ngân hàng
49334,DQN,tai-chinh-ngan-hang,A01,Điểm thi THPT,2021,15.0,Tài chính - Ngân hàng
49335,DQN,tai-chinh-ngan-hang,D01,Điểm thi THPT,2021,15.0,Tài chính - Ngân hàng
49336,DQN,tai-chinh-ngan-hang,A00,Điểm học bạ,2022,25.5,Tài chính - Ngân hàng
49337,DQN,tai-chinh-ngan-hang,A01,Điểm học bạ,2022,25.5,Tài chính - Ngân hàng
49338,DQN,tai-chinh-ngan-hang,D01,Điểm học bạ,2022,25.5,Tài chính - Ngân hàng
49339,DQN,tai-chinh-ngan-hang,A00,Điểm thi THPT,2022,17.0,Tài chính - Ngân hàng
49340,DQN,tai-chinh-ngan-hang,A01,Điểm thi THPT,2022,17.0,Tài chính - Ngân hàng
49341,DQN,tai-chinh-ngan-hang,D01,Điểm thi THPT,2022,17.0,Tài chính - Ngân hàng
49342,DQN,tai-chinh-ngan-hang,A00,Điểm học bạ,2023,24.0,Tài chính - Ngân hàng
49343,DQN,tai-chinh-ngan-hang,A01,Điểm học bạ,2023,24.0,Tài chính - Ngân hàng
49344,DQN,tai-chinh-ngan-hang,D01,Điểm học bạ,2023,24.0,Tài chính - Ngân hàng
49345,DQN,tai-chinh-ngan-hang,A00,Điểm thi THPT,2023,15.0,Tài chính - Ngân hàng
49346,DQN,tai-chinh-ngan-hang,A01,Điểm thi THPT,2023,15.0,Tài chính - Ngân hàng
49347,DQN,tai-chinh-ngan-hang,D01,Điểm thi THPT,2023,15.0,Tài chính - Ngân hàng
49348,DQN,tai-chinh-ngan-hang,A00,Điểm học bạ,2024,23.0,Tài chính - Ngân hàng
49349,DQN,tai-chinh-ngan-hang,A01,Điểm học bạ,2024,23.0,Tài chính - Ngân hàng
49350,DQN,tai-chinh-ngan-hang,D01,Điểm học bạ,2024,23.0,Tài chính - Ngân hàng
49351,DQN,tai-chinh-ngan-hang,A00,Điểm thi THPT,2024,20.25,Tài chính - Ngân hàng
49352,DQN,tai-chinh-ngan-hang,A01,Điểm thi THPT,2024,20.25,Tài chính - Ngân hàng
49353,DQN,tai-chinh-ngan-hang,D01,Điểm thi THPT,2024,20.25,Tài chính - Ngân hàng
49354,DQN,tai-chinh-ngan-hang,A00,Điểm học bạ,2025,25.17,Tài chính – Ngân hàng
49355,DQN,tai-chinh-ngan-hang,A01,Điểm học bạ,2025,25.16,Tài chính – Ngân hàng
49356,DQN,tai-chinh-ngan-hang,D01,Điểm học bạ,2025,25.41,Tài chính – Ngân hàng
49357,DQN,tai-chinh-ngan-hang,X01,Điểm học bạ,2025,25.41,Tài chính – Ngân hàng
49358,DQN,tai-chinh-ngan-hang,X25,Điểm học bạ,2025,25.41,Tài chính – Ngân hàng
49359,DQN,tai-chinh-ngan-hang,A00,Điểm thi THPT,2025,22.5,Tài chính – Ngân hàng
49360,DQN,tai-chinh-ngan-hang,A01,Điểm thi THPT,2025,22.5,Tài chính – Ngân hàng
49361,DQN,tai-chinh-ngan-hang,D01,Điểm thi THPT,2025,22.5,Tài chính – Ngân hàng
49362,DQN,tai-chinh-ngan-hang,X01,Điểm thi THPT,2025,22.5,Tài chính – Ngân hàng
49363,DQN,tai-chinh-ngan-hang,X78,Điểm thi THPT,2025,22.5,Tài chính – Ngân hàng
49364,DQN,tam-ly-hoc-giao-duc,A00,Điểm học bạ,2021,18.0,Tâm lý học giáo dục
49365,DQN,tam-ly-hoc-giao-duc,C00,Điểm học bạ,2021,18.0,Tâm lý học giáo dục
49366,DQN,tam-ly-hoc-giao-duc,C19,Điểm học bạ,2021,18.0,Tâm lý học giáo dục
49367,DQN,tam-ly-hoc-giao-duc,D01,Điểm học bạ,2021,18.0,Tâm lý học giáo dục
49368,DQN,tam-ly-hoc-giao-duc,A00,Điểm thi THPT,2021,15.0,Tâm lý học giáo dục
49369,DQN,tam-ly-hoc-giao-duc,C00,Điểm thi THPT,2021,15.0,Tâm lý học giáo dục
49370,DQN,tam-ly-hoc-giao-duc,C19,Điểm thi THPT,2021,15.0,Tâm lý học giáo dục
49371,DQN,tam-ly-hoc-giao-duc,D01,Điểm thi THPT,2021,15.0,Tâm lý học giáo dục
49372,DQN,tam-ly-hoc-giao-duc,A00,Điểm học bạ,2022,18.0,Tâm lý học giáo dục
49373,DQN,tam-ly-hoc-giao-duc,C00,Điểm học bạ,2022,18.0,Tâm lý học giáo dục
49374,DQN,tam-ly-hoc-giao-duc,C19,Điểm học bạ,2022,18.0,Tâm lý học giáo dục
49375,DQN,tam-ly-hoc-giao-duc,D01,Điểm học bạ,2022,18.0,Tâm lý học giáo dục
49376,DQN,tam-ly-hoc-giao-duc,A00,Điểm thi THPT,2022,15.0,Tâm lý học giáo dục
49377,DQN,tam-ly-hoc-giao-duc,C00,Điểm thi THPT,2022,15.0,Tâm lý học giáo dục
49378,DQN,tam-ly-hoc-giao-duc,C19,Điểm thi THPT,2022,15.0,Tâm lý học giáo dục
49379,DQN,tam-ly-hoc-giao-duc,D01,Điểm thi THPT,2022,15.0,Tâm lý học giáo dục
49380,DQN,tam-ly-hoc-giao-duc,A00,Điểm học bạ,2023,18.0,Tâm lý học giáo dục
49381,DQN,tam-ly-hoc-giao-duc,C00,Điểm học bạ,2023,18.0,Tâm lý học giáo dục
49382,DQN,tam-ly-hoc-giao-duc,C19,Điểm học bạ,2023,18.0,Tâm lý học giáo dục
49383,DQN,tam-ly-hoc-giao-duc,D01,Điểm học bạ,2023,18.0,Tâm lý học giáo dục
49384,DQN,tam-ly-hoc-giao-duc,A00,Điểm thi THPT,2023,15.0,Tâm lý học giáo dục
49385,DQN,tam-ly-hoc-giao-duc,C00,Điểm thi THPT,2023,15.0,Tâm lý học giáo dục
49386,DQN,tam-ly-hoc-giao-duc,C19,Điểm thi THPT,2023,15.0,Tâm lý học giáo dục
49387,DQN,tam-ly-hoc-giao-duc,D01,Điểm thi THPT,2023,15.0,Tâm lý học giáo dục
49388,DQN,tam-ly-hoc-giao-duc,A00,Điểm học bạ,2024,19.0,Tâm lý học giáo dục
49389,DQN,tam-ly-hoc-giao-duc,C00,Điểm học bạ,2024,19.0,Tâm lý học giáo dục
49390,DQN,tam-ly-hoc-giao-duc,C19,Điểm học bạ,2024,19.0,Tâm lý học giáo dục
49391,DQN,tam-ly-hoc-giao-duc,D01,Điểm học bạ,2024,19.0,Tâm lý học giáo dục
49392,DQN,tam-ly-hoc-giao-duc,A00,Điểm thi THPT,2024,23.0,Tâm lý học giáo dục
49393,DQN,tam-ly-hoc-giao-duc,C00,Điểm thi THPT,2024,23.0,Tâm lý học giáo dục
49394,DQN,tam-ly-hoc-giao-duc,C19,Điểm thi THPT,2024,23.0,Tâm lý học giáo dục
49395,DQN,tam-ly-hoc-giao-duc,D01,Điểm thi THPT,2024,23.0,Tâm lý học giáo dục
49396,DQN,tam-ly-hoc-giao-duc,C00,Điểm học bạ,2025,27.47,Tâm lý học giáo dục
49397,DQN,tam-ly-hoc-giao-duc,C03,Điểm học bạ,2025,27.47,Tâm lý học giáo dục
49398,DQN,tam-ly-hoc-giao-duc,C04,Điểm học bạ,2025,27.47,Tâm lý học giáo dục
49399,DQN,tam-ly-hoc-giao-duc,D01,Điểm học bạ,2025,26.87,Tâm lý học giáo dục
49400,DQN,tam-ly-hoc-giao-duc,X01,Điểm học bạ,2025,26.87,Tâm lý học giáo dục
49401,DQN,tam-ly-hoc-giao-duc,X17,Điểm học bạ,2025,28.35,Tâm lý học giáo dục
49402,DQN,tam-ly-hoc-giao-duc,X70,Điểm học bạ,2025,27.47,Tâm lý học giáo dục
49403,DQN,tam-ly-hoc-giao-duc,X74,Điểm học bạ,2025,27.47,Tâm lý học giáo dục
49404,DQN,tam-ly-hoc-giao-duc,C00,Điểm thi THPT,2025,24.6,Tâm lý học giáo dục
49405,DQN,tam-ly-hoc-giao-duc,C03,Điểm thi THPT,2025,24.6,Tâm lý học giáo dục
49406,DQN,tam-ly-hoc-giao-duc,C04,Điểm thi THPT,2025,24.6,Tâm lý học giáo dục
49407,DQN,tam-ly-hoc-giao-duc,D01,Điểm thi THPT,2025,24.6,Tâm lý học giáo dục
49408,DQN,tam-ly-hoc-giao-duc,X01,Điểm thi THPT,2025,24.6,Tâm lý học giáo dục
49409,DQN,tam-ly-hoc-giao-duc,X17,Điểm thi THPT,2025,24.6,Tâm lý học giáo dục
49410,DQN,tam-ly-hoc-giao-duc,X70,Điểm thi THPT,2025,24.6,Tâm lý học giáo dục
49411,DQN,tam-ly-hoc-giao-duc,X74,Điểm thi THPT,2025,24.6,Tâm lý học giáo dục
49412,DQN,toan-ung-dung,A00,Điểm học bạ,2021,18.0,Toán ứng dụng
49413,DQN,toan-ung-dung,A01,Điểm học bạ,2021,18.0,Toán ứng dụng
49414,DQN,toan-ung-dung,D01,Điểm học bạ,2021,18.0,Toán ứng dụng
49415,DQN,toan-ung-dung,D07,Điểm học bạ,2021,18.0,Toán ứng dụng
49416,DQN,toan-ung-dung,A00,Điểm thi THPT,2021,18.0,Toán ứng dụng
49417,DQN,toan-ung-dung,A01,Điểm thi THPT,2021,18.0,Toán ứng dụng
49418,DQN,toan-ung-dung,D01,Điểm thi THPT,2021,18.0,Toán ứng dụng
49419,DQN,toan-ung-dung,D07,Điểm thi THPT,2021,18.0,Toán ứng dụng
49420,DQN,toan-ung-dung,A00,Điểm học bạ,2022,20.0,Toán ứng dụng
49421,DQN,toan-ung-dung,A01,Điểm học bạ,2022,20.0,Toán ứng dụng
49422,DQN,toan-ung-dung,D07,Điểm học bạ,2022,20.0,Toán ứng dụng
49423,DQN,toan-ung-dung,D90,Điểm học bạ,2022,20.0,Toán ứng dụng
49424,DQN,toan-ung-dung,A00,Điểm thi THPT,2022,15.0,Toán ứng dụng
49425,DQN,toan-ung-dung,A01,Điểm thi THPT,2022,15.0,Toán ứng dụng
49426,DQN,toan-ung-dung,D07,Điểm thi THPT,2022,15.0,Toán ứng dụng
49427,DQN,toan-ung-dung,D90,Điểm thi THPT,2022,15.0,Toán ứng dụng
49428,DQN,toan-ung-dung,A00,Điểm học bạ,2023,20.0,Toán ứng dụng
49429,DQN,toan-ung-dung,A01,Điểm học bạ,2023,20.0,Toán ứng dụng
49430,DQN,toan-ung-dung,D07,Điểm học bạ,2023,20.0,Toán ứng dụng
49431,DQN,toan-ung-dung,D90,Điểm học bạ,2023,20.0,Toán ứng dụng
49432,DQN,toan-ung-dung,A00,Điểm thi THPT,2023,15.0,Toán ứng dụng
49433,DQN,toan-ung-dung,A01,Điểm thi THPT,2023,15.0,Toán ứng dụng
49434,DQN,toan-ung-dung,D07,Điểm thi THPT,2023,15.0,Toán ứng dụng
49435,DQN,toan-ung-dung,D90,Điểm thi THPT,2023,15.0,Toán ứng dụng
49436,DQN,toan-ung-dung,A00,Điểm học bạ,2024,18.0,Toán ứng dụng
49437,DQN,toan-ung-dung,A01,Điểm học bạ,2024,18.0,Toán ứng dụng
49438,DQN,toan-ung-dung,D07,Điểm học bạ,2024,18.0,Toán ứng dụng
49439,DQN,toan-ung-dung,D90,Điểm học bạ,2024,18.0,Toán ứng dụng
49440,DQN,toan-ung-dung,A00,Điểm thi THPT,2024,15.0,Toán ứng dụng
49441,DQN,toan-ung-dung,A01,Điểm thi THPT,2024,15.0,Toán ứng dụng
49442,DQN,toan-ung-dung,D07,Điểm thi THPT,2024,15.0,Toán ứng dụng
49443,DQN,toan-ung-dung,D90,Điểm thi THPT,2024,15.0,Toán ứng dụng
49444,DQN,toan-ung-dung,A00,Điểm học bạ,2025,22.83,Toán ứng dụng
49445,DQN,toan-ung-dung,A01,Điểm học bạ,2025,23.26,Toán ứng dụng
49446,DQN,toan-ung-dung,D01,Điểm học bạ,2025,23.45,Toán ứng dụng
49447,DQN,toan-ung-dung,D07,Điểm học bạ,2025,23.16,Toán ứng dụng
49448,DQN,toan-ung-dung,X26,Điểm học bạ,2025,23.26,Toán ứng dụng
49449,DQN,toan-ung-dung,A00,Điểm thi THPT,2025,19.5,Toán ứng dụng
49450,DQN,toan-ung-dung,A01,Điểm thi THPT,2025,19.5,Toán ứng dụng
49451,DQN,toan-ung-dung,D01,Điểm thi THPT,2025,19.5,Toán ứng dụng
49452,DQN,toan-ung-dung,D07,Điểm thi THPT,2025,19.5,Toán ứng dụng
49453,DQN,toan-ung-dung,X26,Điểm thi THPT,2025,19.5,Toán ứng dụng
49454,DQN,tri-tue-nhan-tao,A00,Điểm học bạ,2022,20.0,Trí tuệ nhân tạo
49455,DQN,tri-tue-nhan-tao,A01,Điểm học bạ,2022,20.0,Trí tuệ nhân tạo
49456,DQN,tri-tue-nhan-tao,D07,Điểm học bạ,2022,20.0,Trí tuệ nhân tạo
49457,DQN,tri-tue-nhan-tao,D90,Điểm học bạ,2022,20.0,Trí tuệ nhân tạo
49458,DQN,tri-tue-nhan-tao,A00,Điểm thi THPT,2022,15.0,Trí tuệ nhân tạo
49459,DQN,tri-tue-nhan-tao,A01,Điểm thi THPT,2022,15.0,Trí tuệ nhân tạo
49460,DQN,tri-tue-nhan-tao,D07,Điểm thi THPT,2022,15.0,Trí tuệ nhân tạo
49461,DQN,tri-tue-nhan-tao,D90,Điểm thi THPT,2022,15.0,Trí tuệ nhân tạo
49462,DQN,tri-tue-nhan-tao,A00,Điểm học bạ,2023,19.0,Trí tuệ nhân tạo
49463,DQN,tri-tue-nhan-tao,A01,Điểm học bạ,2023,19.0,Trí tuệ nhân tạo
49464,DQN,tri-tue-nhan-tao,D07,Điểm học bạ,2023,19.0,Trí tuệ nhân tạo
49465,DQN,tri-tue-nhan-tao,D90,Điểm học bạ,2023,19.0,Trí tuệ nhân tạo
49466,DQN,tri-tue-nhan-tao,A00,Điểm thi THPT,2023,15.0,Trí tuệ nhân tạo
49467,DQN,tri-tue-nhan-tao,A01,Điểm thi THPT,2023,15.0,Trí tuệ nhân tạo
49468,DQN,tri-tue-nhan-tao,D07,Điểm thi THPT,2023,15.0,Trí tuệ nhân tạo
49469,DQN,tri-tue-nhan-tao,D90,Điểm thi THPT,2023,15.0,Trí tuệ nhân tạo
49470,DQN,tri-tue-nhan-tao,A00,Điểm học bạ,2024,19.0,Trí tuệ nhân tạo
49471,DQN,tri-tue-nhan-tao,A01,Điểm học bạ,2024,19.0,Trí tuệ nhân tạo
49472,DQN,tri-tue-nhan-tao,D07,Điểm học bạ,2024,19.0,Trí tuệ nhân tạo
49473,DQN,tri-tue-nhan-tao,D90,Điểm học bạ,2024,19.0,Trí tuệ nhân tạo
49474,DQN,tri-tue-nhan-tao,A00,Điểm thi THPT,2024,15.0,Trí tuệ nhân tạo
49475,DQN,tri-tue-nhan-tao,A01,Điểm thi THPT,2024,15.0,Trí tuệ nhân tạo
49476,DQN,tri-tue-nhan-tao,D07,Điểm thi THPT,2024,15.0,Trí tuệ nhân tạo
49477,DQN,tri-tue-nhan-tao,D90,Điểm thi THPT,2024,15.0,Trí tuệ nhân tạo
49478,DQN,tri-tue-nhan-tao,A00,Điểm học bạ,2025,23.21,Trí tuệ nhân tạo
49479,DQN,tri-tue-nhan-tao,A01,Điểm học bạ,2025,23.7,Trí tuệ nhân tạo
49480,DQN,tri-tue-nhan-tao,D01,Điểm học bạ,2025,23.68,Trí tuệ nhân tạo
49481,DQN,tri-tue-nhan-tao,D07,Điểm học bạ,2025,23.58,Trí tuệ nhân tạo
49482,DQN,tri-tue-nhan-tao,X26,Điểm học bạ,2025,23.7,Trí tuệ nhân tạo
49483,DQN,tri-tue-nhan-tao,A00,Điểm thi THPT,2025,20.0,Trí tuệ nhân tạo
49484,DQN,tri-tue-nhan-tao,A01,Điểm thi THPT,2025,20.0,Trí tuệ nhân tạo
49485,DQN,tri-tue-nhan-tao,D01,Điểm thi THPT,2025,20.0,Trí tuệ nhân tạo
49486,DQN,tri-tue-nhan-tao,D07,Điểm thi THPT,2025,20.0,Trí tuệ nhân tạo
49487,DQN,tri-tue-nhan-tao,X26,Điểm thi THPT,2025,20.0,Trí tuệ nhân tạo
49488,DQN,van-hoc,C00,Điểm học bạ,2021,18.0,Văn học
49489,DQN,van-hoc,C19,Điểm học bạ,2021,18.0,Văn học
49490,DQN,van-hoc,D14,Điểm học bạ,2021,18.0,Văn học
49491,DQN,van-hoc,D15,Điểm học bạ,2021,18.0,Văn học
49492,DQN,van-hoc,C00,Điểm thi THPT,2021,15.0,Văn học
49493,DQN,van-hoc,C19,Điểm thi THPT,2021,15.0,Văn học
49494,DQN,van-hoc,D14,Điểm thi THPT,2021,15.0,Văn học
49495,DQN,van-hoc,D15,Điểm thi THPT,2021,15.0,Văn học
49496,DQN,van-hoc,C00,Điểm học bạ,2022,18.0,Văn học
49497,DQN,van-hoc,C19,Điểm học bạ,2022,18.0,Văn học
49498,DQN,van-hoc,D14,Điểm học bạ,2022,18.0,Văn học
49499,DQN,van-hoc,D15,Điểm học bạ,2022,18.0,Văn học
49500,DQN,van-hoc,C00,Điểm thi THPT,2022,15.0,Văn học
49501,DQN,van-hoc,C19,Điểm thi THPT,2022,15.0,Văn học
49502,DQN,van-hoc,D14,Điểm thi THPT,2022,15.0,Văn học
49503,DQN,van-hoc,D15,Điểm thi THPT,2022,15.0,Văn học
49504,DQN,van-hoc,C00,Điểm học bạ,2023,18.0,Văn học
49505,DQN,van-hoc,C19,Điểm học bạ,2023,18.0,Văn học
49506,DQN,van-hoc,D14,Điểm học bạ,2023,18.0,Văn học
49507,DQN,van-hoc,D15,Điểm học bạ,2023,18.0,Văn học
49508,DQN,van-hoc,C00,Điểm thi THPT,2023,15.0,Văn học
49509,DQN,van-hoc,C19,Điểm thi THPT,2023,15.0,Văn học
49510,DQN,van-hoc,D14,Điểm thi THPT,2023,15.0,Văn học
49511,DQN,van-hoc,D15,Điểm thi THPT,2023,15.0,Văn học
49512,DQN,van-hoc,C00,Điểm học bạ,2024,19.0,Văn học
49513,DQN,van-hoc,C19,Điểm học bạ,2024,19.0,Văn học
49514,DQN,van-hoc,D14,Điểm học bạ,2024,19.0,Văn học
49515,DQN,van-hoc,D15,Điểm học bạ,2024,19.0,Văn học
49516,DQN,van-hoc,C00,Điểm thi THPT,2024,23.5,Văn học
49517,DQN,van-hoc,C19,Điểm thi THPT,2024,23.5,Văn học
49518,DQN,van-hoc,D14,Điểm thi THPT,2024,23.5,Văn học
49519,DQN,van-hoc,D15,Điểm thi THPT,2024,23.5,Văn học
49520,DQN,van-hoc,C00,Điểm học bạ,2025,28.16,Văn học
49521,DQN,van-hoc,C03,Điểm học bạ,2025,28.16,Văn học
49522,DQN,van-hoc,D14,Điểm học bạ,2025,27.52,Văn học
49523,DQN,van-hoc,D15,Điểm học bạ,2025,27.52,Văn học
49524,DQN,van-hoc,X70,Điểm học bạ,2025,28.16,Văn học
49525,DQN,van-hoc,X74,Điểm học bạ,2025,28.16,Văn học
49526,DQN,van-hoc,X78,Điểm học bạ,2025,27.52,Văn học
49527,DQN,van-hoc,D14,Điểm thi THPT,2025,25.29,Văn học
49528,DQN,van-hoc,D15,Điểm thi THPT,2025,25.29,Văn học
49529,DQN,van-hoc,X70,Điểm thi THPT,2025,25.29,Văn học
49530,DQN,van-hoc,X74,Điểm thi THPT,2025,25.29,Văn học
49531,DQN,van-hoc,X78,Điểm thi THPT,2025,25.29,Văn học
49532,DQN,vat-ly-ky-thuat,A00,Điểm học bạ,2025,21.69,Vật lý kỹ thuật
49533,DQN,vat-ly-ky-thuat,A01,Điểm học bạ,2025,22.16,Vật lý kỹ thuật
49534,DQN,vat-ly-ky-thuat,A02,Điểm học bạ,2025,21.69,Vật lý kỹ thuật
49535,DQN,vat-ly-ky-thuat,A04,Điểm học bạ,2025,21.69,Vật lý kỹ thuật
49536,DQN,vat-ly-ky-thuat,C01,Điểm học bạ,2025,22.0,Vật lý kỹ thuật
49537,DQN,vat-ly-ky-thuat,A00,Điểm thi THPT,2025,18.25,Vật lý kỹ thuật
49538,DQN,vat-ly-ky-thuat,A01,Điểm thi THPT,2025,18.25,Vật lý kỹ thuật
49539,DQN,vat-ly-ky-thuat,A02,Điểm thi THPT,2025,18.25,Vật lý kỹ thuật
49540,DQN,vat-ly-ky-thuat,A04,Điểm thi THPT,2025,18.25,Vật lý kỹ thuật
49541,DQN,vat-ly-ky-thuat,C01,Điểm thi THPT,2025,18.25,Vật lý kỹ thuật
49542,DQN,viet-nam-hoc,C00,Điểm học bạ,2021,18.0,Việt Nam học
49543,DQN,viet-nam-hoc,C19,Điểm học bạ,2021,18.0,Việt Nam học
49544,DQN,viet-nam-hoc,D01,Điểm học bạ,2021,18.0,Việt Nam học
49545,DQN,viet-nam-hoc,D15,Điểm học bạ,2021,18.0,Việt Nam học
49546,DQN,viet-nam-hoc,C00,Điểm thi THPT,2021,15.0,Việt Nam học
49547,DQN,viet-nam-hoc,C19,Điểm thi THPT,2021,15.0,Việt Nam học
49548,DQN,viet-nam-hoc,D01,Điểm thi THPT,2021,15.0,Việt Nam học
49549,DQN,viet-nam-hoc,D15,Điểm thi THPT,2021,15.0,Việt Nam học
49550,DQN,viet-nam-hoc,C00,Điểm học bạ,2022,18.0,Việt Nam học
49551,DQN,viet-nam-hoc,C19,Điểm học bạ,2022,18.0,Việt Nam học
49552,DQN,viet-nam-hoc,D01,Điểm học bạ,2022,18.0,Việt Nam học
49553,DQN,viet-nam-hoc,D15,Điểm học bạ,2022,18.0,Việt Nam học
49554,DQN,viet-nam-hoc,C00,Điểm thi THPT,2022,18.0,Việt Nam học
49555,DQN,viet-nam-hoc,C19,Điểm thi THPT,2022,18.0,Việt Nam học
49556,DQN,viet-nam-hoc,D01,Điểm thi THPT,2022,18.0,Việt Nam học
49557,DQN,viet-nam-hoc,D15,Điểm thi THPT,2022,18.0,Việt Nam học
49558,DQN,viet-nam-hoc,C00,Điểm học bạ,2023,18.0,Việt Nam học
49559,DQN,viet-nam-hoc,C19,Điểm học bạ,2023,18.0,Việt Nam học
49560,DQN,viet-nam-hoc,D01,Điểm học bạ,2023,18.0,Việt Nam học
49561,DQN,viet-nam-hoc,D15,Điểm học bạ,2023,18.0,Việt Nam học
49562,DQN,viet-nam-hoc,C00,Điểm thi THPT,2023,15.0,Việt Nam học
49563,DQN,viet-nam-hoc,C19,Điểm thi THPT,2023,15.0,Việt Nam học
49564,DQN,viet-nam-hoc,D01,Điểm thi THPT,2023,15.0,Việt Nam học
49565,DQN,viet-nam-hoc,D15,Điểm thi THPT,2023,15.0,Việt Nam học
49566,DQN,viet-nam-hoc,C00,Điểm học bạ,2024,19.0,Việt Nam học
49567,DQN,viet-nam-hoc,C19,Điểm học bạ,2024,19.0,Việt Nam học
49568,DQN,viet-nam-hoc,D01,Điểm học bạ,2024,19.0,Việt Nam học
49569,DQN,viet-nam-hoc,D15,Điểm học bạ,2024,19.0,Việt Nam học
49570,DQN,viet-nam-hoc,C00,Điểm thi THPT,2024,18.0,Việt Nam học
49571,DQN,viet-nam-hoc,C19,Điểm thi THPT,2024,18.0,Việt Nam học
49572,DQN,viet-nam-hoc,D14,Điểm thi THPT,2024,18.0,Việt Nam học
49573,DQN,viet-nam-hoc,D15,Điểm thi THPT,2024,18.0,Việt Nam học
49574,DQN,viet-nam-hoc,C00,Điểm học bạ,2025,26.37,Việt Nam học
49575,DQN,viet-nam-hoc,C03,Điểm học bạ,2025,26.37,Việt Nam học
49576,DQN,viet-nam-hoc,C04,Điểm học bạ,2025,26.37,Việt Nam học
49577,DQN,viet-nam-hoc,D01,Điểm học bạ,2025,26.09,Việt Nam học
49578,DQN,viet-nam-hoc,D15,Điểm học bạ,2025,26.09,Việt Nam học
49579,DQN,viet-nam-hoc,X70,Điểm học bạ,2025,26.37,Việt Nam học
49580,DQN,viet-nam-hoc,C00,Điểm thi THPT,2025,23.5,Việt Nam học
49581,DQN,viet-nam-hoc,C03,Điểm thi THPT,2025,23.5,Việt Nam học
49582,DQN,viet-nam-hoc,C04,Điểm thi THPT,2025,23.5,Việt Nam học
49583,DQN,viet-nam-hoc,D01,Điểm thi THPT,2025,23.5,Việt Nam học
49584,DQN,viet-nam-hoc,D15,Điểm thi THPT,2025,23.5,Việt Nam học
49585,DQN,viet-nam-hoc,X70,Điểm thi THPT,2025,23.5,Việt Nam học
49586,DQT,cong-nghe-ky-thuat-xay-dung,A00,Điểm thi THPT,2021,14.0,Công nghệ Kỹ thuật xây dựng
49587,DQT,cong-nghe-ky-thuat-xay-dung,A09,Điểm thi THPT,2021,14.0,Công nghệ Kỹ thuật xây dựng
49588,DQT,cong-nghe-ky-thuat-xay-dung,C04,Điểm thi THPT,2021,14.0,Công nghệ Kỹ thuật xây dựng
49589,DQT,cong-nghe-ky-thuat-xay-dung,D10,Điểm thi THPT,2021,14.0,Công nghệ Kỹ thuật xây dựng
49590,DQT,cong-nghe-ky-thuat-xay-dung,A00,Điểm thi THPT,2022,15.0,Công nghệ Kỹ thuật xây dựng
49591,DQT,cong-nghe-ky-thuat-xay-dung,A09,Điểm thi THPT,2022,15.0,Công nghệ Kỹ thuật xây dựng
49592,DQT,cong-nghe-ky-thuat-xay-dung,C04,Điểm thi THPT,2022,15.0,Công nghệ Kỹ thuật xây dựng
49593,DQT,cong-nghe-ky-thuat-xay-dung,D10,Điểm thi THPT,2022,15.0,Công nghệ Kỹ thuật xây dựng
49594,DQT,cong-nghe-ky-thuat-xay-dung,A00,Điểm học bạ,2023,18.0,Công nghệ Kỹ thuật xây dựng
49595,DQT,cong-nghe-ky-thuat-xay-dung,A09,Điểm học bạ,2023,18.0,Công nghệ Kỹ thuật xây dựng
49596,DQT,cong-nghe-ky-thuat-xay-dung,C04,Điểm học bạ,2023,18.0,Công nghệ Kỹ thuật xây dựng
49597,DQT,cong-nghe-ky-thuat-xay-dung,D10,Điểm học bạ,2023,18.0,Công nghệ Kỹ thuật xây dựng
49598,DQT,cong-nghe-ky-thuat-xay-dung,A00,Điểm thi THPT,2023,15.0,Công nghệ kỹ thuật xây dựng
49599,DQT,cong-nghe-ky-thuat-xay-dung,A09,Điểm thi THPT,2023,15.0,Công nghệ kỹ thuật xây dựng
49600,DQT,cong-nghe-ky-thuat-xay-dung,C04,Điểm thi THPT,2023,15.0,Công nghệ kỹ thuật xây dựng
49601,DQT,cong-nghe-ky-thuat-xay-dung,D10,Điểm thi THPT,2023,15.0,Công nghệ kỹ thuật xây dựng
49602,DQT,cong-nghe-ky-thuat-xay-dung,A00,Điểm học bạ,2024,18.0,Công nghệ Kỹ thuật xây dựng
49603,DQT,cong-nghe-ky-thuat-xay-dung,A09,Điểm học bạ,2024,18.0,Công nghệ Kỹ thuật xây dựng
49604,DQT,cong-nghe-ky-thuat-xay-dung,C04,Điểm học bạ,2024,18.0,Công nghệ Kỹ thuật xây dựng
49605,DQT,cong-nghe-ky-thuat-xay-dung,D10,Điểm học bạ,2024,18.0,Công nghệ Kỹ thuật xây dựng
49606,DQT,cong-nghe-ky-thuat-xay-dung,A00,Điểm thi THPT,2024,15.0,Công nghệ Kỹ thuật xây dựng
49607,DQT,cong-nghe-ky-thuat-xay-dung,A09,Điểm thi THPT,2024,15.0,Công nghệ Kỹ thuật xây dựng
49608,DQT,cong-nghe-ky-thuat-xay-dung,C04,Điểm thi THPT,2024,15.0,Công nghệ Kỹ thuật xây dựng
49609,DQT,cong-nghe-ky-thuat-xay-dung,D10,Điểm thi THPT,2024,15.0,Công nghệ Kỹ thuật xây dựng
49610,DQT,cong-nghe-ky-thuat-xay-dung,A00,Điểm học bạ,2025,18.0,Công nghệ Kỹ thuật xây dựng
49611,DQT,cong-nghe-ky-thuat-xay-dung,A01,Điểm học bạ,2025,18.0,Công nghệ Kỹ thuật xây dựng
49612,DQT,cong-nghe-ky-thuat-xay-dung,A04,Điểm học bạ,2025,18.0,Công nghệ Kỹ thuật xây dựng
49613,DQT,cong-nghe-ky-thuat-xay-dung,C01,Điểm học bạ,2025,18.0,Công nghệ Kỹ thuật xây dựng
49614,DQT,cong-nghe-ky-thuat-xay-dung,C02,Điểm học bạ,2025,18.0,Công nghệ Kỹ thuật xây dựng
49615,DQT,cong-nghe-ky-thuat-xay-dung,C04,Điểm học bạ,2025,18.0,Công nghệ Kỹ thuật xây dựng
49616,DQT,cong-nghe-ky-thuat-xay-dung,D01,Điểm học bạ,2025,18.0,Công nghệ Kỹ thuật xây dựng
49617,DQT,cong-nghe-ky-thuat-xay-dung,D10,Điểm học bạ,2025,18.0,Công nghệ Kỹ thuật xây dựng
49618,DQT,cong-nghe-ky-thuat-xay-dung,D14,Điểm học bạ,2025,18.0,Công nghệ Kỹ thuật xây dựng
49619,DQT,cong-nghe-ky-thuat-xay-dung,X02,Điểm học bạ,2025,18.0,Công nghệ Kỹ thuật xây dựng
49620,DQT,cong-nghe-ky-thuat-xay-dung,X06,Điểm học bạ,2025,18.0,Công nghệ Kỹ thuật xây dựng
49621,DQT,cong-nghe-ky-thuat-xay-dung,X07,Điểm học bạ,2025,18.0,Công nghệ Kỹ thuật xây dựng
49622,DQT,cong-nghe-ky-thuat-xay-dung,X22,Điểm học bạ,2025,18.0,Công nghệ Kỹ thuật xây dựng
49623,DQT,cong-nghe-ky-thuat-xay-dung,A00,Điểm thi THPT,2025,13.0,Công nghệ Kỹ thuật xây dựng
49624,DQT,cong-nghe-ky-thuat-xay-dung,A01,Điểm thi THPT,2025,13.0,Công nghệ Kỹ thuật xây dựng
49625,DQT,cong-nghe-ky-thuat-xay-dung,A04,Điểm thi THPT,2025,13.0,Công nghệ Kỹ thuật xây dựng
49626,DQT,cong-nghe-ky-thuat-xay-dung,C01,Điểm thi THPT,2025,13.0,Công nghệ Kỹ thuật xây dựng
49627,DQT,cong-nghe-ky-thuat-xay-dung,C02,Điểm thi THPT,2025,13.0,Công nghệ Kỹ thuật xây dựng
49628,DQT,cong-nghe-ky-thuat-xay-dung,C04,Điểm thi THPT,2025,13.0,Công nghệ Kỹ thuật xây dựng
49629,DQT,cong-nghe-ky-thuat-xay-dung,D01,Điểm thi THPT,2025,13.0,Công nghệ Kỹ thuật xây dựng
49630,DQT,cong-nghe-ky-thuat-xay-dung,D10,Điểm thi THPT,2025,13.0,Công nghệ Kỹ thuật xây dựng
49631,DQT,cong-nghe-ky-thuat-xay-dung,D14,Điểm thi THPT,2025,13.0,Công nghệ Kỹ thuật xây dựng
49632,DQT,cong-nghe-ky-thuat-xay-dung,X02,Điểm thi THPT,2025,13.0,Công nghệ Kỹ thuật xây dựng
49633,DQT,cong-nghe-ky-thuat-xay-dung,X06,Điểm thi THPT,2025,13.0,Công nghệ Kỹ thuật xây dựng
49634,DQT,cong-nghe-ky-thuat-xay-dung,X07,Điểm thi THPT,2025,13.0,Công nghệ Kỹ thuật xây dựng
49635,DQT,cong-nghe-ky-thuat-xay-dung,X22,Điểm thi THPT,2025,13.0,Công nghệ Kỹ thuật xây dựng
49636,DQT,cong-nghe-sinh-hoc,B00,Điểm thi THPT,2021,14.0,Công nghệ Sinh học
49637,DQT,cong-nghe-sinh-hoc,B08,Điểm thi THPT,2021,14.0,Công nghệ Sinh học
49638,DQT,cong-nghe-sinh-hoc,C08,Điểm thi THPT,2021,14.0,Công nghệ Sinh học
49639,DQT,cong-nghe-sinh-hoc,D13,Điểm thi THPT,2021,14.0,Công nghệ Sinh học
49640,DQT,cong-nghe-sinh-hoc,B00,Điểm thi THPT,2022,15.0,Công nghệ Sinh học
49641,DQT,cong-nghe-sinh-hoc,B08,Điểm thi THPT,2022,15.0,Công nghệ Sinh học
49642,DQT,cong-nghe-sinh-hoc,C08,Điểm thi THPT,2022,15.0,Công nghệ Sinh học
49643,DQT,cong-nghe-sinh-hoc,D13,Điểm thi THPT,2022,15.0,Công nghệ Sinh học
49644,DQT,cong-nghe-sinh-hoc,B00,Điểm học bạ,2023,18.0,Công nghệ Sinh học
49645,DQT,cong-nghe-sinh-hoc,B08,Điểm học bạ,2023,18.0,Công nghệ Sinh học
49646,DQT,cong-nghe-sinh-hoc,C08,Điểm học bạ,2023,18.0,Công nghệ Sinh học
49647,DQT,cong-nghe-sinh-hoc,D13,Điểm học bạ,2023,18.0,Công nghệ Sinh học
49648,DQT,cong-nghe-sinh-hoc,B00,Điểm thi THPT,2023,15.0,Công nghệ sinh học
49649,DQT,cong-nghe-sinh-hoc,B08,Điểm thi THPT,2023,15.0,Công nghệ sinh học
49650,DQT,cong-nghe-sinh-hoc,C08,Điểm thi THPT,2023,15.0,Công nghệ sinh học
49651,DQT,cong-nghe-sinh-hoc,D13,Điểm thi THPT,2023,15.0,Công nghệ sinh học
49652,DQT,cong-nghe-sinh-hoc,B00,Điểm học bạ,2024,18.0,Công nghệ sinh học
49653,DQT,cong-nghe-sinh-hoc,B08,Điểm học bạ,2024,18.0,Công nghệ sinh học
49654,DQT,cong-nghe-sinh-hoc,C08,Điểm học bạ,2024,18.0,Công nghệ sinh học
49655,DQT,cong-nghe-sinh-hoc,D13,Điểm học bạ,2024,18.0,Công nghệ sinh học
49656,DQT,cong-nghe-sinh-hoc,B00,Điểm thi THPT,2024,15.0,Công nghệ sinh học
49657,DQT,cong-nghe-sinh-hoc,B08,Điểm thi THPT,2024,15.0,Công nghệ sinh học
49658,DQT,cong-nghe-sinh-hoc,C08,Điểm thi THPT,2024,15.0,Công nghệ sinh học
49659,DQT,cong-nghe-sinh-hoc,D13,Điểm thi THPT,2024,15.0,Công nghệ sinh học
49660,DQT,cong-nghe-thong-tin,A00,Điểm thi THPT,2021,15.0,Công nghệ Thông tin
49661,DQT,cong-nghe-thong-tin,A01,Điểm thi THPT,2021,15.0,Công nghệ Thông tin
49662,DQT,cong-nghe-thong-tin,C02,Điểm thi THPT,2021,15.0,Công nghệ Thông tin
49663,DQT,cong-nghe-thong-tin,D01,Điểm thi THPT,2021,15.0,Công nghệ Thông tin
49664,DQT,cong-nghe-thong-tin,A00,Điểm thi THPT,2022,16.0,Công nghệ Thông tin
49665,DQT,cong-nghe-thong-tin,A01,Điểm thi THPT,2022,16.0,Công nghệ Thông tin
49666,DQT,cong-nghe-thong-tin,C02,Điểm thi THPT,2022,16.0,Công nghệ Thông tin
49667,DQT,cong-nghe-thong-tin,D01,Điểm thi THPT,2022,16.0,Công nghệ Thông tin
49668,DQT,cong-nghe-thong-tin,A00,Điểm học bạ,2023,18.0,Công nghệ Thông tin
49669,DQT,cong-nghe-thong-tin,A01,Điểm học bạ,2023,18.0,Công nghệ Thông tin
49670,DQT,cong-nghe-thong-tin,C02,Điểm học bạ,2023,18.0,Công nghệ Thông tin
49671,DQT,cong-nghe-thong-tin,D01,Điểm học bạ,2023,18.0,Công nghệ Thông tin
49672,DQT,cong-nghe-thong-tin,A00,Điểm thi THPT,2023,16.0,Công nghệ thông tin
49673,DQT,cong-nghe-thong-tin,A01,Điểm thi THPT,2023,16.0,Công nghệ thông tin
49674,DQT,cong-nghe-thong-tin,C02,Điểm thi THPT,2023,16.0,Công nghệ thông tin
49675,DQT,cong-nghe-thong-tin,D01,Điểm thi THPT,2023,16.0,Công nghệ thông tin
49676,DQT,cong-nghe-thong-tin,A00,Điểm học bạ,2024,18.0,Công nghệ thông tin
49677,DQT,cong-nghe-thong-tin,A01,Điểm học bạ,2024,18.0,Công nghệ thông tin
49678,DQT,cong-nghe-thong-tin,C02,Điểm học bạ,2024,18.0,Công nghệ thông tin
49679,DQT,cong-nghe-thong-tin,D01,Điểm học bạ,2024,18.0,Công nghệ thông tin
49680,DQT,cong-nghe-thong-tin,A00,Điểm thi THPT,2024,16.0,Công nghệ thông tin
49681,DQT,cong-nghe-thong-tin,A01,Điểm thi THPT,2024,16.0,Công nghệ thông tin
49682,DQT,cong-nghe-thong-tin,C02,Điểm thi THPT,2024,16.0,Công nghệ thông tin
49683,DQT,cong-nghe-thong-tin,D01,Điểm thi THPT,2024,16.0,Công nghệ thông tin
49684,DQT,cong-nghe-thong-tin,A00,Điểm học bạ,2025,18.0,Công nghệ thông tin
49685,DQT,cong-nghe-thong-tin,A01,Điểm học bạ,2025,18.0,Công nghệ thông tin
49686,DQT,cong-nghe-thong-tin,B03,Điểm học bạ,2025,18.0,Công nghệ thông tin
49687,DQT,cong-nghe-thong-tin,C02,Điểm học bạ,2025,18.0,Công nghệ thông tin
49688,DQT,cong-nghe-thong-tin,C03,Điểm học bạ,2025,18.0,Công nghệ thông tin
49689,DQT,cong-nghe-thong-tin,C04,Điểm học bạ,2025,18.0,Công nghệ thông tin
49690,DQT,cong-nghe-thong-tin,D01,Điểm học bạ,2025,18.0,Công nghệ thông tin
49691,DQT,cong-nghe-thong-tin,X02,Điểm học bạ,2025,18.0,Công nghệ thông tin
49692,DQT,cong-nghe-thong-tin,X03,Điểm học bạ,2025,18.0,Công nghệ thông tin
49693,DQT,cong-nghe-thong-tin,A00,Điểm thi THPT,2025,14.0,Công nghệ thông tin
49694,DQT,cong-nghe-thong-tin,A01,Điểm thi THPT,2025,14.0,Công nghệ thông tin
49695,DQT,cong-nghe-thong-tin,B03,Điểm thi THPT,2025,14.0,Công nghệ thông tin
49696,DQT,cong-nghe-thong-tin,C01,Điểm thi THPT,2025,14.0,Công nghệ thông tin
49697,DQT,cong-nghe-thong-tin,C02,Điểm thi THPT,2025,14.0,Công nghệ thông tin
49698,DQT,cong-nghe-thong-tin,C03,Điểm thi THPT,2025,14.0,Công nghệ thông tin
49699,DQT,cong-nghe-thong-tin,C04,Điểm thi THPT,2025,14.0,Công nghệ thông tin
49700,DQT,cong-nghe-thong-tin,D01,Điểm thi THPT,2025,14.0,Công nghệ thông tin
49701,DQT,cong-nghe-thong-tin,X02,Điểm thi THPT,2025,14.0,Công nghệ thông tin
49702,DQT,cong-nghe-thong-tin,X03,Điểm thi THPT,2025,14.0,Công nghệ thông tin
49703,DQT,dieu-duong,B00,Điểm thi THPT,2021,19.0,Điều dưỡng
49704,DQT,dieu-duong,B03,Điểm thi THPT,2021,19.0,Điều dưỡng
49705,DQT,dieu-duong,C08,Điểm thi THPT,2021,19.0,Điều dưỡng
49706,DQT,dieu-duong,D13,Điểm thi THPT,2021,19.0,Điều dưỡng
49707,DQT,dieu-duong,B00,Điểm thi THPT,2022,19.0,Điều dưỡng
49708,DQT,dieu-duong,B03,Điểm thi THPT,2022,19.0,Điều dưỡng
49709,DQT,dieu-duong,C08,Điểm thi THPT,2022,19.0,Điều dưỡng
49710,DQT,dieu-duong,D13,Điểm thi THPT,2022,19.0,Điều dưỡng
49711,DQT,dieu-duong,B00,Điểm học bạ,2023,18.0,Điều dưỡng
49712,DQT,dieu-duong,B03,Điểm học bạ,2023,18.0,Điều dưỡng
49713,DQT,dieu-duong,C08,Điểm học bạ,2023,18.0,Điều dưỡng
49714,DQT,dieu-duong,D13,Điểm học bạ,2023,18.0,Điều dưỡng
49715,DQT,dieu-duong,B00,Điểm thi THPT,2023,19.0,Điều dưỡng
49716,DQT,dieu-duong,B03,Điểm thi THPT,2023,19.0,Điều dưỡng
49717,DQT,dieu-duong,C08,Điểm thi THPT,2023,19.0,Điều dưỡng
49718,DQT,dieu-duong,D13,Điểm thi THPT,2023,19.0,Điều dưỡng
49719,DQT,dieu-duong,B00,Điểm học bạ,2024,18.0,Điều Dưỡng
49720,DQT,dieu-duong,B03,Điểm học bạ,2024,18.0,Điều Dưỡng
49721,DQT,dieu-duong,C08,Điểm học bạ,2024,18.0,Điều Dưỡng
49722,DQT,dieu-duong,D13,Điểm học bạ,2024,18.0,Điều Dưỡng
49723,DQT,dieu-duong,B00,Điểm thi THPT,2024,19.0,Điều Dưỡng
49724,DQT,dieu-duong,B03,Điểm thi THPT,2024,19.0,Điều Dưỡng
49725,DQT,dieu-duong,C08,Điểm thi THPT,2024,19.0,Điều Dưỡng
49726,DQT,dieu-duong,D13,Điểm thi THPT,2024,19.0,Điều Dưỡng
49727,DQT,dieu-duong,A00,Điểm học bạ,2025,18.5,Điều dưỡng
49728,DQT,dieu-duong,A02,Điểm học bạ,2025,18.5,Điều dưỡng
49729,DQT,dieu-duong,B00,Điểm học bạ,2025,18.5,Điều dưỡng
49730,DQT,dieu-duong,B03,Điểm học bạ,2025,18.5,Điều dưỡng
49731,DQT,dieu-duong,B04,Điểm học bạ,2025,18.5,Điều dưỡng
49732,DQT,dieu-duong,B08,Điểm học bạ,2025,18.5,Điều dưỡng
49733,DQT,dieu-duong,C02,Điểm học bạ,2025,18.5,Điều dưỡng
49734,DQT,dieu-duong,C05,Điểm học bạ,2025,18.5,Điều dưỡng
49735,DQT,dieu-duong,C06,Điểm học bạ,2025,18.5,Điều dưỡng
49736,DQT,dieu-duong,C08,Điểm học bạ,2025,18.5,Điều dưỡng
49737,DQT,dieu-duong,D01,Điểm học bạ,2025,18.5,Điều dưỡng
49738,DQT,dieu-duong,D07,Điểm học bạ,2025,18.5,Điều dưỡng
49739,DQT,dieu-duong,D08,Điểm học bạ,2025,18.5,Điều dưỡng
49740,DQT,dieu-duong,D12,Điểm học bạ,2025,18.5,Điều dưỡng
49741,DQT,dieu-duong,D13,Điểm học bạ,2025,18.5,Điều dưỡng
49742,DQT,dieu-duong,A00,Điểm thi THPT,2025,17.0,Điều dưỡng
49743,DQT,dieu-duong,A02,Điểm thi THPT,2025,17.0,Điều dưỡng
49744,DQT,dieu-duong,B00,Điểm thi THPT,2025,17.0,Điều dưỡng
49745,DQT,dieu-duong,B03,Điểm thi THPT,2025,17.0,Điều dưỡng
49746,DQT,dieu-duong,B04,Điểm thi THPT,2025,17.0,Điều dưỡng
49747,DQT,dieu-duong,B08,Điểm thi THPT,2025,17.0,Điều dưỡng
49748,DQT,dieu-duong,C02,Điểm thi THPT,2025,17.0,Điều dưỡng
49749,DQT,dieu-duong,C05,Điểm thi THPT,2025,17.0,Điều dưỡng
49750,DQT,dieu-duong,C06,Điểm thi THPT,2025,17.0,Điều dưỡng
49751,DQT,dieu-duong,C08,Điểm thi THPT,2025,17.0,Điều dưỡng
49752,DQT,dieu-duong,D01,Điểm thi THPT,2025,17.0,Điều dưỡng
49753,DQT,dieu-duong,D07,Điểm thi THPT,2025,17.0,Điều dưỡng
49754,DQT,dieu-duong,D08,Điểm thi THPT,2025,17.0,Điều dưỡng
49755,DQT,dieu-duong,D12,Điểm thi THPT,2025,17.0,Điều dưỡng
49756,DQT,dieu-duong,D13,Điểm thi THPT,2025,17.0,Điều dưỡng
49757,DQT,ke-toan,A00,Điểm thi THPT,2021,14.0,Kế toán
49758,DQT,ke-toan,A09,Điểm thi THPT,2021,14.0,Kế toán
49759,DQT,ke-toan,C14,Điểm thi THPT,2021,14.0,Kế toán
49760,DQT,ke-toan,D10,Điểm thi THPT,2021,14.0,Kế toán
49761,DQT,ke-toan,A00,Điểm thi THPT,2022,15.0,Kế toán
49762,DQT,ke-toan,A09,Điểm thi THPT,2022,15.0,Kế toán
49763,DQT,ke-toan,C14,Điểm thi THPT,2022,15.0,Kế toán
49764,DQT,ke-toan,D10,Điểm thi THPT,2022,15.0,Kế toán
49765,DQT,ke-toan,A00,Điểm học bạ,2023,18.0,Kế toán
49766,DQT,ke-toan,A09,Điểm học bạ,2023,18.0,Kế toán
49767,DQT,ke-toan,C14,Điểm học bạ,2023,18.0,Kế toán
49768,DQT,ke-toan,D10,Điểm học bạ,2023,18.0,Kế toán
49769,DQT,ke-toan,A00,Điểm thi THPT,2023,15.0,Kế toán
49770,DQT,ke-toan,A09,Điểm thi THPT,2023,15.0,Kế toán
49771,DQT,ke-toan,C14,Điểm thi THPT,2023,15.0,Kế toán
49772,DQT,ke-toan,D10,Điểm thi THPT,2023,15.0,Kế toán
49773,DQT,ke-toan,A00,Điểm học bạ,2024,18.0,Kế toán
49774,DQT,ke-toan,A09,Điểm học bạ,2024,18.0,Kế toán
49775,DQT,ke-toan,C14,Điểm học bạ,2024,18.0,Kế toán
49776,DQT,ke-toan,D10,Điểm học bạ,2024,18.0,Kế toán
49777,DQT,ke-toan,A00,Điểm thi THPT,2024,15.0,Kế toán
49778,DQT,ke-toan,A09,Điểm thi THPT,2024,15.0,Kế toán
49779,DQT,ke-toan,C14,Điểm thi THPT,2024,15.0,Kế toán
49780,DQT,ke-toan,D10,Điểm thi THPT,2024,15.0,Kế toán
49781,DQT,ke-toan,A00,Điểm học bạ,2025,18.0,Kế toán
49782,DQT,ke-toan,A01,Điểm học bạ,2025,18.0,Kế toán
49783,DQT,ke-toan,A09,Điểm học bạ,2025,18.0,Kế toán
49784,DQT,ke-toan,C00,Điểm học bạ,2025,18.0,Kế toán
49785,DQT,ke-toan,C01,Điểm học bạ,2025,18.0,Kế toán
49786,DQT,ke-toan,C02,Điểm học bạ,2025,18.0,Kế toán
49787,DQT,ke-toan,C04,Điểm học bạ,2025,18.0,Kế toán
49788,DQT,ke-toan,C14,Điểm học bạ,2025,18.0,Kế toán
49789,DQT,ke-toan,D01,Điểm học bạ,2025,18.0,Kế toán
49790,DQT,ke-toan,D10,Điểm học bạ,2025,18.0,Kế toán
49791,DQT,ke-toan,A00,Điểm thi THPT,2025,13.0,Kế toán
49792,DQT,ke-toan,A01,Điểm thi THPT,2025,13.0,Kế toán
49793,DQT,ke-toan,A09,Điểm thi THPT,2025,13.0,Kế toán
49794,DQT,ke-toan,C00,Điểm thi THPT,2025,13.0,Kế toán
49795,DQT,ke-toan,C01,Điểm thi THPT,2025,13.0,Kế toán
49796,DQT,ke-toan,C02,Điểm thi THPT,2025,13.0,Kế toán
49797,DQT,ke-toan,C04,Điểm thi THPT,2025,13.0,Kế toán
49798,DQT,ke-toan,C14,Điểm thi THPT,2025,13.0,Kế toán
49799,DQT,ke-toan,D01,Điểm thi THPT,2025,13.0,Kế toán
49800,DQT,ke-toan,D10,Điểm thi THPT,2025,13.0,Kế toán
49801,DQT,kinh-te,A00,Điểm thi THPT,2021,14.0,Kinh tế
49802,DQT,kinh-te,A09,Điểm thi THPT,2021,14.0,Kinh tế
49803,DQT,kinh-te,C14,Điểm thi THPT,2021,14.0,Kinh tế
49804,DQT,kinh-te,D01,Điểm thi THPT,2021,14.0,Kinh tế
49805,DQT,kinh-te,A00,Điểm thi THPT,2022,15.0,Kinh tế
49806,DQT,kinh-te,A09,Điểm thi THPT,2022,15.0,Kinh tế
49807,DQT,kinh-te,C14,Điểm thi THPT,2022,15.0,Kinh tế
49808,DQT,kinh-te,D01,Điểm thi THPT,2022,15.0,Kinh tế
49809,DQT,kinh-te,A00,Điểm học bạ,2023,18.0,Kinh tế
49810,DQT,kinh-te,A09,Điểm học bạ,2023,18.0,Kinh tế
49811,DQT,kinh-te,C14,Điểm học bạ,2023,18.0,Kinh tế
49812,DQT,kinh-te,D01,Điểm học bạ,2023,18.0,Kinh tế
49813,DQT,kinh-te,A00,Điểm thi THPT,2023,15.0,Kinh tế
49814,DQT,kinh-te,A09,Điểm thi THPT,2023,15.0,Kinh tế
49815,DQT,kinh-te,C14,Điểm thi THPT,2023,15.0,Kinh tế
49816,DQT,kinh-te,D01,Điểm thi THPT,2023,15.0,Kinh tế
49817,DQT,kinh-te,A00,Điểm học bạ,2024,18.0,Kinh tế
49818,DQT,kinh-te,A09,Điểm học bạ,2024,18.0,Kinh tế
49819,DQT,kinh-te,C14,Điểm học bạ,2024,18.0,Kinh tế
49820,DQT,kinh-te,D01,Điểm học bạ,2024,18.0,Kinh tế
49821,DQT,kinh-te,A00,Điểm thi THPT,2024,15.0,Kinh tế
49822,DQT,kinh-te,A09,Điểm thi THPT,2024,15.0,Kinh tế
49823,DQT,kinh-te,C14,Điểm thi THPT,2024,15.0,Kinh tế
49824,DQT,kinh-te,D01,Điểm thi THPT,2024,15.0,Kinh tế
49825,DQT,kinh-te-nong-nghiep,A09,Điểm thi THPT,2021,14.0,Kinh tế Nông nghiệp
49826,DQT,kinh-te-nong-nghiep,B08,Điểm thi THPT,2021,14.0,Kinh tế Nông nghiệp
49827,DQT,kinh-te-nong-nghiep,C08,Điểm thi THPT,2021,14.0,Kinh tế Nông nghiệp
49828,DQT,kinh-te-nong-nghiep,D01,Điểm thi THPT,2021,14.0,Kinh tế Nông nghiệp
49829,DQT,kinh-te-nong-nghiep,A09,Điểm thi THPT,2022,15.0,Kinh tế Nông nghiệp
49830,DQT,kinh-te-nong-nghiep,B08,Điểm thi THPT,2022,15.0,Kinh tế Nông nghiệp
49831,DQT,kinh-te-nong-nghiep,C08,Điểm thi THPT,2022,15.0,Kinh tế Nông nghiệp
49832,DQT,kinh-te-nong-nghiep,D01,Điểm thi THPT,2022,15.0,Kinh tế Nông nghiệp
49833,DQT,kinh-te-nong-nghiep,A09,Điểm học bạ,2023,18.0,Kinh tế Nông nghiệp
49834,DQT,kinh-te-nong-nghiep,B08,Điểm học bạ,2023,18.0,Kinh tế Nông nghiệp
49835,DQT,kinh-te-nong-nghiep,C08,Điểm học bạ,2023,18.0,Kinh tế Nông nghiệp
49836,DQT,kinh-te-nong-nghiep,D01,Điểm học bạ,2023,18.0,Kinh tế Nông nghiệp
49837,DQT,kinh-te-nong-nghiep,A09,Điểm thi THPT,2023,15.0,Kinh tế nông nghiệp
49838,DQT,kinh-te-nong-nghiep,B08,Điểm thi THPT,2023,15.0,Kinh tế nông nghiệp
49839,DQT,kinh-te-nong-nghiep,C08,Điểm thi THPT,2023,15.0,Kinh tế nông nghiệp
49840,DQT,kinh-te-nong-nghiep,D01,Điểm thi THPT,2023,15.0,Kinh tế nông nghiệp
49841,DQT,kinh-te-nong-nghiep,A09,Điểm học bạ,2024,18.0,Kinh tế Nông nghiệp
49842,DQT,kinh-te-nong-nghiep,B08,Điểm học bạ,2024,18.0,Kinh tế Nông nghiệp
49843,DQT,kinh-te-nong-nghiep,C08,Điểm học bạ,2024,18.0,Kinh tế Nông nghiệp
49844,DQT,kinh-te-nong-nghiep,D01,Điểm học bạ,2024,18.0,Kinh tế Nông nghiệp
49845,DQT,kinh-te-nong-nghiep,A09,Điểm thi THPT,2024,15.0,Kinh tế Nông nghiệp
49846,DQT,kinh-te-nong-nghiep,B08,Điểm thi THPT,2024,15.0,Kinh tế Nông nghiệp
49847,DQT,kinh-te-nong-nghiep,C08,Điểm thi THPT,2024,15.0,Kinh tế Nông nghiệp
49848,DQT,kinh-te-nong-nghiep,D01,Điểm thi THPT,2024,15.0,Kinh tế Nông nghiệp
49849,DQT,ngon-ngu-anh,D01,Điểm thi THPT,2021,14.0,Ngôn ngữ Anh
49850,DQT,ngon-ngu-anh,D14,Điểm thi THPT,2021,14.0,Ngôn ngữ Anh
49851,DQT,ngon-ngu-anh,D15,Điểm thi THPT,2021,14.0,Ngôn ngữ Anh
49852,DQT,ngon-ngu-anh,D66,Điểm thi THPT,2021,14.0,Ngôn ngữ Anh
49853,DQT,ngon-ngu-anh,D01,Điểm thi THPT,2022,15.0,Ngôn ngữ Anh
49854,DQT,ngon-ngu-anh,D14,Điểm thi THPT,2022,15.0,Ngôn ngữ Anh
49855,DQT,ngon-ngu-anh,D15,Điểm thi THPT,2022,15.0,Ngôn ngữ Anh
49856,DQT,ngon-ngu-anh,D66,Điểm thi THPT,2022,15.0,Ngôn ngữ Anh
49857,DQT,ngon-ngu-anh,D01,Điểm học bạ,2023,18.0,Ngôn ngữ Anh
49858,DQT,ngon-ngu-anh,D14,Điểm học bạ,2023,18.0,Ngôn ngữ Anh
49859,DQT,ngon-ngu-anh,D15,Điểm học bạ,2023,18.0,Ngôn ngữ Anh
49860,DQT,ngon-ngu-anh,D66,Điểm học bạ,2023,18.0,Ngôn ngữ Anh
49861,DQT,ngon-ngu-anh,D01,Điểm thi THPT,2023,15.0,Ngôn ngữ Anh
49862,DQT,ngon-ngu-anh,D14,Điểm thi THPT,2023,15.0,Ngôn ngữ Anh
49863,DQT,ngon-ngu-anh,D15,Điểm thi THPT,2023,15.0,Ngôn ngữ Anh
49864,DQT,ngon-ngu-anh,D66,Điểm thi THPT,2023,15.0,Ngôn ngữ Anh
49865,DQT,ngon-ngu-anh,D01,Điểm học bạ,2024,18.0,Ngôn ngữ Anh
49866,DQT,ngon-ngu-anh,D14,Điểm học bạ,2024,18.0,Ngôn ngữ Anh
49867,DQT,ngon-ngu-anh,D15,Điểm học bạ,2024,18.0,Ngôn ngữ Anh
49868,DQT,ngon-ngu-anh,D66,Điểm học bạ,2024,18.0,Ngôn ngữ Anh
49869,DQT,ngon-ngu-anh,D01,Điểm thi THPT,2024,15.0,Ngôn ngữ Anh
49870,DQT,ngon-ngu-anh,D14,Điểm thi THPT,2024,15.0,Ngôn ngữ Anh
49871,DQT,ngon-ngu-anh,D15,Điểm thi THPT,2024,15.0,Ngôn ngữ Anh
49872,DQT,ngon-ngu-anh,D66,Điểm thi THPT,2024,15.0,Ngôn ngữ Anh
49873,DQT,ngon-ngu-anh,D01,Điểm học bạ,2025,18.0,Ngôn ngữ Anh
49874,DQT,ngon-ngu-anh,D09,Điểm học bạ,2025,18.0,Ngôn ngữ Anh
49875,DQT,ngon-ngu-anh,D10,Điểm học bạ,2025,18.0,Ngôn ngữ Anh
49876,DQT,ngon-ngu-anh,D14,Điểm học bạ,2025,18.0,Ngôn ngữ Anh
49877,DQT,ngon-ngu-anh,D15,Điểm học bạ,2025,18.0,Ngôn ngữ Anh
49878,DQT,ngon-ngu-anh,D66,Điểm học bạ,2025,18.0,Ngôn ngữ Anh
49879,DQT,ngon-ngu-anh,D84,Điểm học bạ,2025,18.0,Ngôn ngữ Anh
49880,DQT,ngon-ngu-anh,D01,Điểm thi THPT,2025,14.0,Ngôn ngữ Anh
49881,DQT,ngon-ngu-anh,D09,Điểm thi THPT,2025,14.0,Ngôn ngữ Anh
49882,DQT,ngon-ngu-anh,D10,Điểm thi THPT,2025,14.0,Ngôn ngữ Anh
49883,DQT,ngon-ngu-anh,D14,Điểm thi THPT,2025,14.0,Ngôn ngữ Anh
49884,DQT,ngon-ngu-anh,D15,Điểm thi THPT,2025,14.0,Ngôn ngữ Anh
49885,DQT,ngon-ngu-anh,D66,Điểm thi THPT,2025,14.0,Ngôn ngữ Anh
49886,DQT,ngon-ngu-anh,D84,Điểm thi THPT,2025,14.0,Ngôn ngữ Anh
49887,DQT,quan-tri-dich-vu-du-lich-va-lu-hanh,C00,Điểm thi THPT,2021,14.0,Quản trị Dịch vụ Du lịch và Lữ hành
49888,DQT,quan-tri-dich-vu-du-lich-va-lu-hanh,D01,Điểm thi THPT,2021,14.0,Quản trị Dịch vụ Du lịch và Lữ hành
49889,DQT,quan-tri-dich-vu-du-lich-va-lu-hanh,D14,Điểm thi THPT,2021,14.0,Quản trị Dịch vụ Du lịch và Lữ hành
49890,DQT,quan-tri-dich-vu-du-lich-va-lu-hanh,D15,Điểm thi THPT,2021,14.0,Quản trị Dịch vụ Du lịch và Lữ hành
49891,DQT,quan-tri-dich-vu-du-lich-va-lu-hanh,C00,Điểm thi THPT,2022,15.0,Quản trị Dịch vụ Du lịch và Lữ hành
49892,DQT,quan-tri-dich-vu-du-lich-va-lu-hanh,D01,Điểm thi THPT,2022,15.0,Quản trị Dịch vụ Du lịch và Lữ hành
49893,DQT,quan-tri-dich-vu-du-lich-va-lu-hanh,D14,Điểm thi THPT,2022,15.0,Quản trị Dịch vụ Du lịch và Lữ hành
49894,DQT,quan-tri-dich-vu-du-lich-va-lu-hanh,D15,Điểm thi THPT,2022,15.0,Quản trị Dịch vụ Du lịch và Lữ hành
49895,DQT,quan-tri-dich-vu-du-lich-va-lu-hanh,C00,Điểm học bạ,2023,18.0,Quản trị Dịch vụ Du lịch và Lữ hành
49896,DQT,quan-tri-dich-vu-du-lich-va-lu-hanh,D01,Điểm học bạ,2023,18.0,Quản trị Dịch vụ Du lịch và Lữ hành
49897,DQT,quan-tri-dich-vu-du-lich-va-lu-hanh,D14,Điểm học bạ,2023,18.0,Quản trị Dịch vụ Du lịch và Lữ hành
49898,DQT,quan-tri-dich-vu-du-lich-va-lu-hanh,D15,Điểm học bạ,2023,18.0,Quản trị Dịch vụ Du lịch và Lữ hành
49899,DQT,quan-tri-dich-vu-du-lich-va-lu-hanh,C00,Điểm thi THPT,2023,15.0,Quản trị dịch vụ du lịch và lữ hành
49900,DQT,quan-tri-dich-vu-du-lich-va-lu-hanh,D01,Điểm thi THPT,2023,15.0,Quản trị dịch vụ du lịch và lữ hành
49901,DQT,quan-tri-dich-vu-du-lich-va-lu-hanh,D14,Điểm thi THPT,2023,15.0,Quản trị dịch vụ du lịch và lữ hành
49902,DQT,quan-tri-dich-vu-du-lich-va-lu-hanh,D15,Điểm thi THPT,2023,15.0,Quản trị dịch vụ du lịch và lữ hành
49903,DQT,quan-tri-dich-vu-du-lich-va-lu-hanh,C00,Điểm học bạ,2024,18.0,Quản trị dịch vụ du lịch và lữ hành
49904,DQT,quan-tri-dich-vu-du-lich-va-lu-hanh,D01,Điểm học bạ,2024,18.0,Quản trị dịch vụ du lịch và lữ hành
49905,DQT,quan-tri-dich-vu-du-lich-va-lu-hanh,D14,Điểm học bạ,2024,18.0,Quản trị dịch vụ du lịch và lữ hành
49906,DQT,quan-tri-dich-vu-du-lich-va-lu-hanh,D15,Điểm học bạ,2024,18.0,Quản trị dịch vụ du lịch và lữ hành
49907,DQT,quan-tri-dich-vu-du-lich-va-lu-hanh,C00,Điểm thi THPT,2024,15.0,Quản trị dịch vụ du lịch và lữ hành
49908,DQT,quan-tri-dich-vu-du-lich-va-lu-hanh,D01,Điểm thi THPT,2024,15.0,Quản trị dịch vụ du lịch và lữ hành
49909,DQT,quan-tri-dich-vu-du-lich-va-lu-hanh,D14,Điểm thi THPT,2024,15.0,Quản trị dịch vụ du lịch và lữ hành
49910,DQT,quan-tri-dich-vu-du-lich-va-lu-hanh,D15,Điểm thi THPT,2024,15.0,Quản trị dịch vụ du lịch và lữ hành
49911,DQT,quan-tri-dich-vu-du-lich-va-lu-hanh,A00,Điểm học bạ,2025,18.0,Quản trị dịch vụ Du lịch và Lữ hành
49912,DQT,quan-tri-dich-vu-du-lich-va-lu-hanh,A01,Điểm học bạ,2025,18.0,Quản trị dịch vụ Du lịch và Lữ hành
49913,DQT,quan-tri-dich-vu-du-lich-va-lu-hanh,A09,Điểm học bạ,2025,18.0,Quản trị dịch vụ Du lịch và Lữ hành
49914,DQT,quan-tri-dich-vu-du-lich-va-lu-hanh,C00,Điểm học bạ,2025,18.0,Quản trị dịch vụ Du lịch và Lữ hành
49915,DQT,quan-tri-dich-vu-du-lich-va-lu-hanh,C03,Điểm học bạ,2025,18.0,Quản trị dịch vụ Du lịch và Lữ hành
49916,DQT,quan-tri-dich-vu-du-lich-va-lu-hanh,C04,Điểm học bạ,2025,18.0,Quản trị dịch vụ Du lịch và Lữ hành
49917,DQT,quan-tri-dich-vu-du-lich-va-lu-hanh,C14,Điểm học bạ,2025,18.0,Quản trị dịch vụ Du lịch và Lữ hành
49918,DQT,quan-tri-dich-vu-du-lich-va-lu-hanh,D01,Điểm học bạ,2025,18.0,Quản trị dịch vụ Du lịch và Lữ hành
49919,DQT,quan-tri-dich-vu-du-lich-va-lu-hanh,D10,Điểm học bạ,2025,18.0,Quản trị dịch vụ Du lịch và Lữ hành
49920,DQT,quan-tri-dich-vu-du-lich-va-lu-hanh,D14,Điểm học bạ,2025,18.0,Quản trị dịch vụ Du lịch và Lữ hành
49921,DQT,quan-tri-dich-vu-du-lich-va-lu-hanh,D15,Điểm học bạ,2025,18.0,Quản trị dịch vụ Du lịch và Lữ hành
49922,DQT,quan-tri-dich-vu-du-lich-va-lu-hanh,A00,Điểm thi THPT,2025,13.0,Quản trị dịch vụ Du lịch và Lữ hành
49923,DQT,quan-tri-dich-vu-du-lich-va-lu-hanh,A01,Điểm thi THPT,2025,13.0,Quản trị dịch vụ Du lịch và Lữ hành
49924,DQT,quan-tri-dich-vu-du-lich-va-lu-hanh,A09,Điểm thi THPT,2025,13.0,Quản trị dịch vụ Du lịch và Lữ hành
49925,DQT,quan-tri-dich-vu-du-lich-va-lu-hanh,C00,Điểm thi THPT,2025,13.0,Quản trị dịch vụ Du lịch và Lữ hành
49926,DQT,quan-tri-dich-vu-du-lich-va-lu-hanh,C03,Điểm thi THPT,2025,13.0,Quản trị dịch vụ Du lịch và Lữ hành
49927,DQT,quan-tri-dich-vu-du-lich-va-lu-hanh,C04,Điểm thi THPT,2025,13.0,Quản trị dịch vụ Du lịch và Lữ hành
49928,DQT,quan-tri-dich-vu-du-lich-va-lu-hanh,C14,Điểm thi THPT,2025,13.0,Quản trị dịch vụ Du lịch và Lữ hành
49929,DQT,quan-tri-dich-vu-du-lich-va-lu-hanh,D01,Điểm thi THPT,2025,13.0,Quản trị dịch vụ Du lịch và Lữ hành
49930,DQT,quan-tri-dich-vu-du-lich-va-lu-hanh,D10,Điểm thi THPT,2025,13.0,Quản trị dịch vụ Du lịch và Lữ hành
49931,DQT,quan-tri-dich-vu-du-lich-va-lu-hanh,D14,Điểm thi THPT,2025,13.0,Quản trị dịch vụ Du lịch và Lữ hành
49932,DQT,quan-tri-dich-vu-du-lich-va-lu-hanh,D15,Điểm thi THPT,2025,13.0,Quản trị dịch vụ Du lịch và Lữ hành
49933,DQT,quan-tri-khach-san-nha-hang,C00,Điểm thi THPT,2021,14.0,Quản trị Khách sạn – Nhà hàng
49934,DQT,quan-tri-khach-san-nha-hang,D01,Điểm thi THPT,2021,14.0,Quản trị Khách sạn – Nhà hàng
49935,DQT,quan-tri-khach-san-nha-hang,D14,Điểm thi THPT,2021,14.0,Quản trị Khách sạn – Nhà hàng
49936,DQT,quan-tri-khach-san-nha-hang,D15,Điểm thi THPT,2021,14.0,Quản trị Khách sạn – Nhà hàng
49937,DQT,quan-tri-khach-san-nha-hang,C00,Điểm thi THPT,2022,15.0,Quản trị Khách sạn - Nhà hàng
49938,DQT,quan-tri-khach-san-nha-hang,D01,Điểm thi THPT,2022,15.0,Quản trị Khách sạn - Nhà hàng
49939,DQT,quan-tri-khach-san-nha-hang,D14,Điểm thi THPT,2022,15.0,Quản trị Khách sạn - Nhà hàng
49940,DQT,quan-tri-khach-san-nha-hang,D15,Điểm thi THPT,2022,15.0,Quản trị Khách sạn - Nhà hàng
49941,DQT,quan-tri-khach-san-nha-hang,C00,Điểm học bạ,2023,18.0,Quản trị Khách sạn - Nhà hàng
49942,DQT,quan-tri-khach-san-nha-hang,D01,Điểm học bạ,2023,18.0,Quản trị Khách sạn - Nhà hàng
49943,DQT,quan-tri-khach-san-nha-hang,D14,Điểm học bạ,2023,18.0,Quản trị Khách sạn - Nhà hàng
49944,DQT,quan-tri-khach-san-nha-hang,D15,Điểm học bạ,2023,18.0,Quản trị Khách sạn - Nhà hàng
49945,DQT,quan-tri-khach-san-nha-hang,C00,Điểm thi THPT,2023,15.0,Quản trị khách sạn nhà hàng
49946,DQT,quan-tri-khach-san-nha-hang,D01,Điểm thi THPT,2023,15.0,Quản trị khách sạn nhà hàng
49947,DQT,quan-tri-khach-san-nha-hang,D14,Điểm thi THPT,2023,15.0,Quản trị khách sạn nhà hàng
49948,DQT,quan-tri-khach-san-nha-hang,D15,Điểm thi THPT,2023,15.0,Quản trị khách sạn nhà hàng
49949,DQT,quan-tri-khach-san-nha-hang,C00,Điểm học bạ,2024,18.0,Quản trị Khách sạn – Nhà hàng
49950,DQT,quan-tri-khach-san-nha-hang,D01,Điểm học bạ,2024,18.0,Quản trị Khách sạn – Nhà hàng
49951,DQT,quan-tri-khach-san-nha-hang,D14,Điểm học bạ,2024,18.0,Quản trị Khách sạn – Nhà hàng
49952,DQT,quan-tri-khach-san-nha-hang,D15,Điểm học bạ,2024,18.0,Quản trị Khách sạn – Nhà hàng
49953,DQT,quan-tri-khach-san-nha-hang,C00,Điểm thi THPT,2024,15.0,Quản trị Khách sạn - Nhà hàng
49954,DQT,quan-tri-khach-san-nha-hang,D01,Điểm thi THPT,2024,15.0,Quản trị Khách sạn - Nhà hàng
49955,DQT,quan-tri-khach-san-nha-hang,D14,Điểm thi THPT,2024,15.0,Quản trị Khách sạn - Nhà hàng
49956,DQT,quan-tri-khach-san-nha-hang,D15,Điểm thi THPT,2024,15.0,Quản trị Khách sạn - Nhà hàng
49957,DQT,quan-tri-khach-san-nha-hang,A00,Điểm học bạ,2025,18.0,Quản trị Khách sạn – Nhà hàng
49958,DQT,quan-tri-khach-san-nha-hang,A01,Điểm học bạ,2025,18.0,Quản trị Khách sạn – Nhà hàng
49959,DQT,quan-tri-khach-san-nha-hang,A09,Điểm học bạ,2025,18.0,Quản trị Khách sạn – Nhà hàng
49960,DQT,quan-tri-khach-san-nha-hang,C00,Điểm học bạ,2025,18.0,Quản trị Khách sạn – Nhà hàng
49961,DQT,quan-tri-khach-san-nha-hang,C03,Điểm học bạ,2025,18.0,Quản trị Khách sạn – Nhà hàng
49962,DQT,quan-tri-khach-san-nha-hang,C04,Điểm học bạ,2025,18.0,Quản trị Khách sạn – Nhà hàng
49963,DQT,quan-tri-khach-san-nha-hang,C14,Điểm học bạ,2025,18.0,Quản trị Khách sạn – Nhà hàng
49964,DQT,quan-tri-khach-san-nha-hang,D01,Điểm học bạ,2025,18.0,Quản trị Khách sạn – Nhà hàng
49965,DQT,quan-tri-khach-san-nha-hang,D10,Điểm học bạ,2025,18.0,Quản trị Khách sạn – Nhà hàng
49966,DQT,quan-tri-khach-san-nha-hang,D14,Điểm học bạ,2025,18.0,Quản trị Khách sạn – Nhà hàng
49967,DQT,quan-tri-khach-san-nha-hang,D15,Điểm học bạ,2025,18.0,Quản trị Khách sạn – Nhà hàng
49968,DQT,quan-tri-khach-san-nha-hang,A00,Điểm thi THPT,2025,13.0,Quản trị Khách sạn – Nhà hàng
49969,DQT,quan-tri-khach-san-nha-hang,A01,Điểm thi THPT,2025,13.0,Quản trị Khách sạn – Nhà hàng
49970,DQT,quan-tri-khach-san-nha-hang,A09,Điểm thi THPT,2025,13.0,Quản trị Khách sạn – Nhà hàng
49971,DQT,quan-tri-khach-san-nha-hang,C00,Điểm thi THPT,2025,13.0,Quản trị Khách sạn – Nhà hàng
49972,DQT,quan-tri-khach-san-nha-hang,C03,Điểm thi THPT,2025,13.0,Quản trị Khách sạn – Nhà hàng
49973,DQT,quan-tri-khach-san-nha-hang,C04,Điểm thi THPT,2025,13.0,Quản trị Khách sạn – Nhà hàng
49974,DQT,quan-tri-khach-san-nha-hang,C14,Điểm thi THPT,2025,13.0,Quản trị Khách sạn – Nhà hàng
49975,DQT,quan-tri-khach-san-nha-hang,D01,Điểm thi THPT,2025,13.0,Quản trị Khách sạn – Nhà hàng
49976,DQT,quan-tri-khach-san-nha-hang,D10,Điểm thi THPT,2025,13.0,Quản trị Khách sạn – Nhà hàng
49977,DQT,quan-tri-khach-san-nha-hang,D14,Điểm thi THPT,2025,13.0,Quản trị Khách sạn – Nhà hàng
49978,DQT,quan-tri-khach-san-nha-hang,D15,Điểm thi THPT,2025,13.0,Quản trị Khách sạn – Nhà hàng
49979,DQT,quan-tri-kinh-doanh,A01,Điểm thi THPT,2021,14.0,Quản trị Kinh doanh
49980,DQT,quan-tri-kinh-doanh,C14,Điểm thi THPT,2021,14.0,Quản trị Kinh doanh
49981,DQT,quan-tri-kinh-doanh,D14,Điểm thi THPT,2021,14.0,Quản trị Kinh doanh
49982,DQT,quan-tri-kinh-doanh,D15,Điểm thi THPT,2021,14.0,Quản trị Kinh doanh
49983,DQT,quan-tri-kinh-doanh,A01,Điểm thi THPT,2022,15.0,Quản trị kinh doanh
49984,DQT,quan-tri-kinh-doanh,C14,Điểm thi THPT,2022,15.0,Quản trị kinh doanh
49985,DQT,quan-tri-kinh-doanh,D14,Điểm thi THPT,2022,15.0,Quản trị kinh doanh
49986,DQT,quan-tri-kinh-doanh,D15,Điểm thi THPT,2022,15.0,Quản trị kinh doanh
49987,DQT,quan-tri-kinh-doanh,A01,Điểm học bạ,2023,18.0,Quản trị kinh doanh
49988,DQT,quan-tri-kinh-doanh,C14,Điểm học bạ,2023,18.0,Quản trị kinh doanh
49989,DQT,quan-tri-kinh-doanh,D14,Điểm học bạ,2023,18.0,Quản trị kinh doanh
49990,DQT,quan-tri-kinh-doanh,D15,Điểm học bạ,2023,18.0,Quản trị kinh doanh
49991,DQT,quan-tri-kinh-doanh,A01,Điểm thi THPT,2023,15.0,Quản trị kinh doanh
49992,DQT,quan-tri-kinh-doanh,C14,Điểm thi THPT,2023,15.0,Quản trị kinh doanh
49993,DQT,quan-tri-kinh-doanh,D14,Điểm thi THPT,2023,15.0,Quản trị kinh doanh
49994,DQT,quan-tri-kinh-doanh,D15,Điểm thi THPT,2023,15.0,Quản trị kinh doanh
49995,DQT,quan-tri-kinh-doanh,A01,Điểm học bạ,2024,18.0,Quản trị kinh doanh
49996,DQT,quan-tri-kinh-doanh,C14,Điểm học bạ,2024,18.0,Quản trị kinh doanh
49997,DQT,quan-tri-kinh-doanh,D14,Điểm học bạ,2024,18.0,Quản trị kinh doanh
49998,DQT,quan-tri-kinh-doanh,D15,Điểm học bạ,2024,18.0,Quản trị kinh doanh
49999,DQT,quan-tri-kinh-doanh,A01,Điểm thi THPT,2024,15.0,Quản trị kinh doanh
50000,DQT,quan-tri-kinh-doanh,C14,Điểm thi THPT,2024,15.0,Quản trị kinh doanh
50001,DQT,quan-tri-kinh-doanh,D14,Điểm thi THPT,2024,15.0,Quản trị kinh doanh
50002,DQT,quan-tri-kinh-doanh,D15,Điểm thi THPT,2024,15.0,Quản trị kinh doanh
50003,DQT,quan-tri-kinh-doanh,A00,Điểm học bạ,2025,18.0,Quản trị Kinh doanh
50004,DQT,quan-tri-kinh-doanh,A01,Điểm học bạ,2025,18.0,Quản trị Kinh doanh
50005,DQT,quan-tri-kinh-doanh,A09,Điểm học bạ,2025,18.0,Quản trị Kinh doanh
50006,DQT,quan-tri-kinh-doanh,C00,Điểm học bạ,2025,18.0,Quản trị Kinh doanh
50007,DQT,quan-tri-kinh-doanh,C01,Điểm học bạ,2025,18.0,Quản trị Kinh doanh
50008,DQT,quan-tri-kinh-doanh,C02,Điểm học bạ,2025,18.0,Quản trị Kinh doanh
50009,DQT,quan-tri-kinh-doanh,C04,Điểm học bạ,2025,18.0,Quản trị Kinh doanh
50010,DQT,quan-tri-kinh-doanh,C14,Điểm học bạ,2025,18.0,Quản trị Kinh doanh
50011,DQT,quan-tri-kinh-doanh,D01,Điểm học bạ,2025,18.0,Quản trị Kinh doanh
50012,DQT,quan-tri-kinh-doanh,D10,Điểm học bạ,2025,18.0,Quản trị Kinh doanh
50013,DQT,quan-tri-kinh-doanh,D14,Điểm học bạ,2025,18.0,Quản trị Kinh doanh
50014,DQT,quan-tri-kinh-doanh,D15,Điểm học bạ,2025,18.0,Quản trị Kinh doanh
50015,DQT,quan-tri-kinh-doanh,A00,Điểm thi THPT,2025,13.0,Quản trị Kinh doanh
50016,DQT,quan-tri-kinh-doanh,A01,Điểm thi THPT,2025,13.0,Quản trị Kinh doanh
50017,DQT,quan-tri-kinh-doanh,A09,Điểm thi THPT,2025,13.0,Quản trị Kinh doanh
50018,DQT,quan-tri-kinh-doanh,C00,Điểm thi THPT,2025,13.0,Quản trị Kinh doanh
50019,DQT,quan-tri-kinh-doanh,C01,Điểm thi THPT,2025,13.0,Quản trị Kinh doanh
50020,DQT,quan-tri-kinh-doanh,C02,Điểm thi THPT,2025,13.0,Quản trị Kinh doanh
50021,DQT,quan-tri-kinh-doanh,C04,Điểm thi THPT,2025,13.0,Quản trị Kinh doanh
50022,DQT,quan-tri-kinh-doanh,C14,Điểm thi THPT,2025,13.0,Quản trị Kinh doanh
50023,DQT,quan-tri-kinh-doanh,D01,Điểm thi THPT,2025,13.0,Quản trị Kinh doanh
50024,DQT,quan-tri-kinh-doanh,D10,Điểm thi THPT,2025,13.0,Quản trị Kinh doanh
50025,DQT,quan-tri-kinh-doanh,D14,Điểm thi THPT,2025,13.0,Quản trị Kinh doanh
50026,DQT,quan-tri-kinh-doanh,D15,Điểm thi THPT,2025,13.0,Quản trị Kinh doanh
50027,DQT,tai-chinh-ngan-hang,A00,Điểm thi THPT,2021,14.0,Tài chính – Ngân hàng
50028,DQT,tai-chinh-ngan-hang,A09,Điểm thi THPT,2021,14.0,Tài chính – Ngân hàng
50029,DQT,tai-chinh-ngan-hang,C14,Điểm thi THPT,2021,14.0,Tài chính – Ngân hàng
50030,DQT,tai-chinh-ngan-hang,D10,Điểm thi THPT,2021,14.0,Tài chính – Ngân hàng
50031,DQT,tai-chinh-ngan-hang,A00,Điểm thi THPT,2022,15.0,Tài chính - Ngân hàng
50032,DQT,tai-chinh-ngan-hang,A09,Điểm thi THPT,2022,15.0,Tài chính - Ngân hàng
50033,DQT,tai-chinh-ngan-hang,C14,Điểm thi THPT,2022,15.0,Tài chính - Ngân hàng
50034,DQT,tai-chinh-ngan-hang,D10,Điểm thi THPT,2022,15.0,Tài chính - Ngân hàng
50035,DQT,tai-chinh-ngan-hang,A00,Điểm học bạ,2023,18.0,Tài chính - Ngân hàng
50036,DQT,tai-chinh-ngan-hang,A09,Điểm học bạ,2023,18.0,Tài chính - Ngân hàng
50037,DQT,tai-chinh-ngan-hang,C14,Điểm học bạ,2023,18.0,Tài chính - Ngân hàng
50038,DQT,tai-chinh-ngan-hang,D10,Điểm học bạ,2023,18.0,Tài chính - Ngân hàng
50039,DQT,tai-chinh-ngan-hang,A00,Điểm thi THPT,2023,15.0,Tài chính - Ngân hàng
50040,DQT,tai-chinh-ngan-hang,A09,Điểm thi THPT,2023,15.0,Tài chính - Ngân hàng
50041,DQT,tai-chinh-ngan-hang,C14,Điểm thi THPT,2023,15.0,Tài chính - Ngân hàng
50042,DQT,tai-chinh-ngan-hang,D10,Điểm thi THPT,2023,15.0,Tài chính - Ngân hàng
50043,DQT,tai-chinh-ngan-hang,A00,Điểm học bạ,2024,18.0,Tài chính – Ngân hàng
50044,DQT,tai-chinh-ngan-hang,A09,Điểm học bạ,2024,18.0,Tài chính – Ngân hàng
50045,DQT,tai-chinh-ngan-hang,C14,Điểm học bạ,2024,18.0,Tài chính – Ngân hàng
50046,DQT,tai-chinh-ngan-hang,D10,Điểm học bạ,2024,18.0,Tài chính – Ngân hàng
50047,DQT,tai-chinh-ngan-hang,A00,Điểm thi THPT,2024,15.0,Tài chính – Ngân hàng
50048,DQT,tai-chinh-ngan-hang,A09,Điểm thi THPT,2024,15.0,Tài chính – Ngân hàng
50049,DQT,tai-chinh-ngan-hang,C14,Điểm thi THPT,2024,15.0,Tài chính – Ngân hàng
50050,DQT,tai-chinh-ngan-hang,D10,Điểm thi THPT,2024,15.0,Tài chính – Ngân hàng
50051,DQT,tai-chinh-ngan-hang,A00,Điểm học bạ,2025,18.0,Tài chính – Ngân hàng
50052,DQT,tai-chinh-ngan-hang,A01,Điểm học bạ,2025,18.0,Tài chính – Ngân hàng
50053,DQT,tai-chinh-ngan-hang,A09,Điểm học bạ,2025,18.0,Tài chính – Ngân hàng
50054,DQT,tai-chinh-ngan-hang,C00,Điểm học bạ,2025,18.0,Tài chính – Ngân hàng
50055,DQT,tai-chinh-ngan-hang,C01,Điểm học bạ,2025,18.0,Tài chính – Ngân hàng
50056,DQT,tai-chinh-ngan-hang,C02,Điểm học bạ,2025,18.0,Tài chính – Ngân hàng
50057,DQT,tai-chinh-ngan-hang,C04,Điểm học bạ,2025,18.0,Tài chính – Ngân hàng
50058,DQT,tai-chinh-ngan-hang,C14,Điểm học bạ,2025,18.0,Tài chính – Ngân hàng
50059,DQT,tai-chinh-ngan-hang,D01,Điểm học bạ,2025,18.0,Tài chính – Ngân hàng
50060,DQT,tai-chinh-ngan-hang,D10,Điểm học bạ,2025,18.0,Tài chính – Ngân hàng
50061,DQT,tai-chinh-ngan-hang,A00,Điểm thi THPT,2025,13.0,Tài chính – Ngân hàng
50062,DQT,tai-chinh-ngan-hang,A01,Điểm thi THPT,2025,13.0,Tài chính – Ngân hàng
50063,DQT,tai-chinh-ngan-hang,A09,Điểm thi THPT,2025,13.0,Tài chính – Ngân hàng
50064,DQT,tai-chinh-ngan-hang,C00,Điểm thi THPT,2025,13.0,Tài chính – Ngân hàng
50065,DQT,tai-chinh-ngan-hang,C01,Điểm thi THPT,2025,13.0,Tài chính – Ngân hàng
50066,DQT,tai-chinh-ngan-hang,C02,Điểm thi THPT,2025,13.0,Tài chính – Ngân hàng
50067,DQT,tai-chinh-ngan-hang,C04,Điểm thi THPT,2025,13.0,Tài chính – Ngân hàng
50068,DQT,tai-chinh-ngan-hang,C14,Điểm thi THPT,2025,13.0,Tài chính – Ngân hàng
50069,DQT,tai-chinh-ngan-hang,D01,Điểm thi THPT,2025,13.0,Tài chính – Ngân hàng
50070,DQT,tai-chinh-ngan-hang,D10,Điểm thi THPT,2025,13.0,Tài chính – Ngân hàng
50071,DQT,y-te-cong-cong,B00,Điểm thi THPT,2021,14.0,Y tế công cộng
50072,DQT,y-te-cong-cong,B03,Điểm thi THPT,2021,14.0,Y tế công cộng
50073,DQT,y-te-cong-cong,C08,Điểm thi THPT,2021,14.0,Y tế công cộng
50074,DQT,y-te-cong-cong,D13,Điểm thi THPT,2021,14.0,Y tế công cộng
50075,DQT,y-te-cong-cong,B00,Điểm thi THPT,2022,15.0,Y tế công cộng
50076,DQT,y-te-cong-cong,B03,Điểm thi THPT,2022,15.0,Y tế công cộng
50077,DQT,y-te-cong-cong,C08,Điểm thi THPT,2022,15.0,Y tế công cộng
50078,DQT,y-te-cong-cong,D13,Điểm thi THPT,2022,15.0,Y tế công cộng
50079,DQT,y-te-cong-cong,B00,Điểm học bạ,2023,18.0,Y tế công cộng
50080,DQT,y-te-cong-cong,B03,Điểm học bạ,2023,18.0,Y tế công cộng
50081,DQT,y-te-cong-cong,C08,Điểm học bạ,2023,18.0,Y tế công cộng
50082,DQT,y-te-cong-cong,D13,Điểm học bạ,2023,18.0,Y tế công cộng
50083,DQT,y-te-cong-cong,B00,Điểm thi THPT,2023,15.0,Y tế công cộng
50084,DQT,y-te-cong-cong,B03,Điểm thi THPT,2023,15.0,Y tế công cộng
50085,DQT,y-te-cong-cong,C08,Điểm thi THPT,2023,15.0,Y tế công cộng
50086,DQT,y-te-cong-cong,D13,Điểm thi THPT,2023,15.0,Y tế công cộng
50087,DQT,y-te-cong-cong,B00,Điểm học bạ,2024,18.0,Y tế Công cộng
50088,DQT,y-te-cong-cong,B03,Điểm học bạ,2024,18.0,Y tế Công cộng
50089,DQT,y-te-cong-cong,C08,Điểm học bạ,2024,18.0,Y tế Công cộng
50090,DQT,y-te-cong-cong,D13,Điểm học bạ,2024,18.0,Y tế Công cộng
50091,DQT,y-te-cong-cong,B00,Điểm thi THPT,2024,15.0,Y tế Công cộng
50092,DQT,y-te-cong-cong,B03,Điểm thi THPT,2024,15.0,Y tế Công cộng
50093,DQT,y-te-cong-cong,C08,Điểm thi THPT,2024,15.0,Y tế Công cộng
50094,DQT,y-te-cong-cong,D13,Điểm thi THPT,2024,15.0,Y tế Công cộng
50095,DQT,y-te-cong-cong,A00,Điểm học bạ,2025,18.0,Y tế công cộng
50096,DQT,y-te-cong-cong,A02,Điểm học bạ,2025,18.0,Y tế công cộng
50097,DQT,y-te-cong-cong,B00,Điểm học bạ,2025,18.0,Y tế công cộng
50098,DQT,y-te-cong-cong,B03,Điểm học bạ,2025,18.0,Y tế công cộng
50099,DQT,y-te-cong-cong,B04,Điểm học bạ,2025,18.0,Y tế công cộng
50100,DQT,y-te-cong-cong,B08,Điểm học bạ,2025,18.0,Y tế công cộng
50101,DQT,y-te-cong-cong,C02,Điểm học bạ,2025,18.0,Y tế công cộng
50102,DQT,y-te-cong-cong,C05,Điểm học bạ,2025,18.0,Y tế công cộng
50103,DQT,y-te-cong-cong,C06,Điểm học bạ,2025,18.0,Y tế công cộng
50104,DQT,y-te-cong-cong,C08,Điểm học bạ,2025,18.0,Y tế công cộng
50105,DQT,y-te-cong-cong,D01,Điểm học bạ,2025,18.0,Y tế công cộng
50106,DQT,y-te-cong-cong,D07,Điểm học bạ,2025,18.0,Y tế công cộng
50107,DQT,y-te-cong-cong,D08,Điểm học bạ,2025,18.0,Y tế công cộng
50108,DQT,y-te-cong-cong,D12,Điểm học bạ,2025,18.0,Y tế công cộng
50109,DQT,y-te-cong-cong,D13,Điểm học bạ,2025,18.0,Y tế công cộng
50110,DQT,y-te-cong-cong,A00,Điểm thi THPT,2025,14.0,Y tế công cộng
50111,DQT,y-te-cong-cong,A02,Điểm thi THPT,2025,14.0,Y tế công cộng
50112,DQT,y-te-cong-cong,B00,Điểm thi THPT,2025,14.0,Y tế công cộng
50113,DQT,y-te-cong-cong,B03,Điểm thi THPT,2025,14.0,Y tế công cộng
50114,DQT,y-te-cong-cong,B04,Điểm thi THPT,2025,14.0,Y tế công cộng
50115,DQT,y-te-cong-cong,B08,Điểm thi THPT,2025,14.0,Y tế công cộng
50116,DQT,y-te-cong-cong,C02,Điểm thi THPT,2025,14.0,Y tế công cộng
50117,DQT,y-te-cong-cong,C05,Điểm thi THPT,2025,14.0,Y tế công cộng
50118,DQT,y-te-cong-cong,C06,Điểm thi THPT,2025,14.0,Y tế công cộng
50119,DQT,y-te-cong-cong,C08,Điểm thi THPT,2025,14.0,Y tế công cộng
50120,DQT,y-te-cong-cong,D01,Điểm thi THPT,2025,14.0,Y tế công cộng
50121,DQT,y-te-cong-cong,D07,Điểm thi THPT,2025,14.0,Y tế công cộng
50122,DQT,y-te-cong-cong,D08,Điểm thi THPT,2025,14.0,Y tế công cộng
50123,DQT,y-te-cong-cong,D12,Điểm thi THPT,2025,14.0,Y tế công cộng
50124,DQT,y-te-cong-cong,D13,Điểm thi THPT,2025,14.0,Y tế công cộng
50125,DQU,bao-ve-thuc-vat,A02,Điểm học bạ,2021,15.0,Bảo vệ thực vật
50126,DQU,bao-ve-thuc-vat,B00,Điểm học bạ,2021,15.0,Bảo vệ thực vật
50127,DQU,bao-ve-thuc-vat,B02,Điểm học bạ,2021,15.0,Bảo vệ thực vật
50128,DQU,bao-ve-thuc-vat,B04,Điểm học bạ,2021,15.0,Bảo vệ thực vật
50129,DQU,bao-ve-thuc-vat,A02,Điểm thi THPT,2021,14.0,Bảo vệ thực vật
50130,DQU,bao-ve-thuc-vat,B00,Điểm thi THPT,2021,14.0,Bảo vệ thực vật
50131,DQU,bao-ve-thuc-vat,B02,Điểm thi THPT,2021,14.0,Bảo vệ thực vật
50132,DQU,bao-ve-thuc-vat,B04,Điểm thi THPT,2021,14.0,Bảo vệ thực vật
50133,DQU,bao-ve-thuc-vat,A02,Điểm học bạ,2022,15.0,Bảo vệ thực vật
50134,DQU,bao-ve-thuc-vat,B00,Điểm học bạ,2022,15.0,Bảo vệ thực vật
50135,DQU,bao-ve-thuc-vat,D08,Điểm học bạ,2022,15.0,Bảo vệ thực vật
50136,DQU,bao-ve-thuc-vat,D13,Điểm học bạ,2022,15.0,Bảo vệ thực vật
50137,DQU,bao-ve-thuc-vat,A02,Điểm thi THPT,2022,13.0,Bảo vệ thực vật
50138,DQU,bao-ve-thuc-vat,B00,Điểm thi THPT,2022,13.0,Bảo vệ thực vật
50139,DQU,bao-ve-thuc-vat,D08,Điểm thi THPT,2022,13.0,Bảo vệ thực vật
50140,DQU,bao-ve-thuc-vat,D13,Điểm thi THPT,2022,13.0,Bảo vệ thực vật
50141,DQU,bao-ve-thuc-vat,A02,Điểm học bạ,2023,15.0,Bảo vệ thực vật
50142,DQU,bao-ve-thuc-vat,B00,Điểm học bạ,2023,15.0,Bảo vệ thực vật
50143,DQU,bao-ve-thuc-vat,D08,Điểm học bạ,2023,15.0,Bảo vệ thực vật
50144,DQU,bao-ve-thuc-vat,D13,Điểm học bạ,2023,15.0,Bảo vệ thực vật
50145,DQU,bao-ve-thuc-vat,A02,Điểm thi THPT,2023,14.0,Bảo vệ thực vật
50146,DQU,bao-ve-thuc-vat,B00,Điểm thi THPT,2023,14.0,Bảo vệ thực vật
50147,DQU,bao-ve-thuc-vat,D08,Điểm thi THPT,2023,14.0,Bảo vệ thực vật
50148,DQU,bao-ve-thuc-vat,D13,Điểm thi THPT,2023,14.0,Bảo vệ thực vật
50149,DQU,bao-ve-thuc-vat,A02,Điểm học bạ,2024,19.05,Bảo vệ thực vật
50150,DQU,bao-ve-thuc-vat,B00,Điểm học bạ,2024,19.05,Bảo vệ thực vật
50151,DQU,bao-ve-thuc-vat,D08,Điểm học bạ,2024,19.05,Bảo vệ thực vật
50152,DQU,bao-ve-thuc-vat,D13,Điểm học bạ,2024,19.05,Bảo vệ thực vật
50153,DQU,bao-ve-thuc-vat,A02,Điểm thi THPT,2024,14.0,Bảo vệ thực vật
50154,DQU,bao-ve-thuc-vat,B00,Điểm thi THPT,2024,14.0,Bảo vệ thực vật
50155,DQU,bao-ve-thuc-vat,D08,Điểm thi THPT,2024,14.0,Bảo vệ thực vật
50156,DQU,bao-ve-thuc-vat,D13,Điểm thi THPT,2024,14.0,Bảo vệ thực vật
50157,DQU,bao-ve-thuc-vat,A02,Điểm học bạ,2025,15.0,Bảo vệ thực vật
50158,DQU,bao-ve-thuc-vat,B00,Điểm học bạ,2025,15.0,Bảo vệ thực vật
50159,DQU,bao-ve-thuc-vat,B08,Điểm học bạ,2025,15.0,Bảo vệ thực vật
50160,DQU,bao-ve-thuc-vat,D13,Điểm học bạ,2025,15.0,Bảo vệ thực vật
50161,DQU,bao-ve-thuc-vat,A02,Điểm thi THPT,2025,14.0,Bảo vệ thực vật
50162,DQU,bao-ve-thuc-vat,B00,Điểm thi THPT,2025,14.0,Bảo vệ thực vật
50163,DQU,bao-ve-thuc-vat,B08,Điểm thi THPT,2025,14.0,Bảo vệ thực vật
50164,DQU,bao-ve-thuc-vat,D13,Điểm thi THPT,2025,14.0,Bảo vệ thực vật
50165,DQU,cong-nghe-thong-tin,A00,Điểm học bạ,2021,15.0,Công nghệ Thông tin
50166,DQU,cong-nghe-thong-tin,A01,Điểm học bạ,2021,15.0,Công nghệ Thông tin
50167,DQU,cong-nghe-thong-tin,A10,Điểm học bạ,2021,15.0,Công nghệ Thông tin
50168,DQU,cong-nghe-thong-tin,D01,Điểm học bạ,2021,15.0,Công nghệ Thông tin
50169,DQU,cong-nghe-thong-tin,A00,Điểm thi THPT,2021,12.5,Công nghệ Thông tin
50170,DQU,cong-nghe-thong-tin,A01,Điểm thi THPT,2021,12.5,Công nghệ Thông tin
50171,DQU,cong-nghe-thong-tin,A10,Điểm thi THPT,2021,12.5,Công nghệ Thông tin
50172,DQU,cong-nghe-thong-tin,D01,Điểm thi THPT,2021,12.5,Công nghệ Thông tin
50173,DQU,cong-nghe-thong-tin,A00,Điểm học bạ,2022,15.0,Công nghệ Thông tin
50174,DQU,cong-nghe-thong-tin,A01,Điểm học bạ,2022,15.0,Công nghệ Thông tin
50175,DQU,cong-nghe-thong-tin,C14,Điểm học bạ,2022,15.0,Công nghệ Thông tin
50176,DQU,cong-nghe-thong-tin,D01,Điểm học bạ,2022,15.0,Công nghệ Thông tin
50177,DQU,cong-nghe-thong-tin,A00,Điểm thi THPT,2022,13.0,Công nghệ Thông tin
50178,DQU,cong-nghe-thong-tin,A01,Điểm thi THPT,2022,13.0,Công nghệ Thông tin
50179,DQU,cong-nghe-thong-tin,C14,Điểm thi THPT,2022,13.0,Công nghệ Thông tin
50180,DQU,cong-nghe-thong-tin,D01,Điểm thi THPT,2022,13.0,Công nghệ Thông tin
50181,DQU,cong-nghe-thong-tin,A00,Điểm học bạ,2023,15.0,Công nghệ Thông tin
50182,DQU,cong-nghe-thong-tin,A01,Điểm học bạ,2023,15.0,Công nghệ Thông tin
50183,DQU,cong-nghe-thong-tin,C14,Điểm học bạ,2023,15.0,Công nghệ Thông tin
50184,DQU,cong-nghe-thong-tin,D01,Điểm học bạ,2023,15.0,Công nghệ Thông tin
50185,DQU,cong-nghe-thong-tin,A00,Điểm thi THPT,2023,14.0,Công nghệ Thông tin
50186,DQU,cong-nghe-thong-tin,A01,Điểm thi THPT,2023,14.0,Công nghệ Thông tin
50187,DQU,cong-nghe-thong-tin,C14,Điểm thi THPT,2023,14.0,Công nghệ Thông tin
50188,DQU,cong-nghe-thong-tin,D01,Điểm thi THPT,2023,14.0,Công nghệ Thông tin
50189,DQU,cong-nghe-thong-tin,A00,Điểm học bạ,2024,19.15,Công nghệ Thông tin
50190,DQU,cong-nghe-thong-tin,A01,Điểm học bạ,2024,19.15,Công nghệ Thông tin
50191,DQU,cong-nghe-thong-tin,C14,Điểm học bạ,2024,19.15,Công nghệ Thông tin
50192,DQU,cong-nghe-thong-tin,D01,Điểm học bạ,2024,19.15,Công nghệ Thông tin
50193,DQU,cong-nghe-thong-tin,A00,Điểm thi THPT,2024,14.0,Công nghệ Thông tin
50194,DQU,cong-nghe-thong-tin,A01,Điểm thi THPT,2024,14.0,Công nghệ Thông tin
50195,DQU,cong-nghe-thong-tin,C14,Điểm thi THPT,2024,14.0,Công nghệ Thông tin
50196,DQU,cong-nghe-thong-tin,D01,Điểm thi THPT,2024,14.0,Công nghệ Thông tin
50197,DQU,cong-nghe-thong-tin,A00,Điểm học bạ,2025,15.0,Công nghệ thông tin
50198,DQU,cong-nghe-thong-tin,A01,Điểm học bạ,2025,15.0,Công nghệ thông tin
50199,DQU,cong-nghe-thong-tin,D01,Điểm học bạ,2025,15.0,Công nghệ thông tin
50200,DQU,cong-nghe-thong-tin,X01,Điểm học bạ,2025,15.0,Công nghệ thông tin
50201,DQU,cong-nghe-thong-tin,X02,Điểm học bạ,2025,15.0,Công nghệ thông tin
50202,DQU,cong-nghe-thong-tin,A00,Điểm thi THPT,2025,14.0,Công nghệ thông tin
50203,DQU,cong-nghe-thong-tin,A01,Điểm thi THPT,2025,14.0,Công nghệ thông tin
50204,DQU,cong-nghe-thong-tin,D01,Điểm thi THPT,2025,14.0,Công nghệ thông tin
50205,DQU,cong-nghe-thong-tin,X01,Điểm thi THPT,2025,14.0,Công nghệ thông tin
50206,DQU,cong-nghe-thong-tin,X02,Điểm thi THPT,2025,14.0,Công nghệ thông tin
50207,DQU,giao-duc-mam-non,M01,Điểm thi THPT,2021,19.0,Giáo dục Mầm non
50208,DQU,giao-duc-mam-non,M02,Điểm thi THPT,2021,19.0,Giáo dục Mầm non
50209,DQU,giao-duc-mam-non,M03,Điểm thi THPT,2021,19.0,Giáo dục Mầm non
50210,DQU,giao-duc-mam-non,M01,Điểm thi THPT,2022,19.0,Giáo dục Mầm non
50211,DQU,giao-duc-mam-non,M02,Điểm thi THPT,2022,19.0,Giáo dục Mầm non
50212,DQU,giao-duc-mam-non,M03,Điểm thi THPT,2022,19.0,Giáo dục Mầm non
50213,DQU,giao-duc-mam-non,M00,Điểm học bạ,2023,24.0,Giáo dục Mầm non
50214,DQU,giao-duc-mam-non,M01,Điểm học bạ,2023,24.0,Giáo dục Mầm non
50215,DQU,giao-duc-mam-non,M02,Điểm học bạ,2023,24.0,Giáo dục Mầm non
50216,DQU,giao-duc-mam-non,M03,Điểm học bạ,2023,24.0,Giáo dục Mầm non
50217,DQU,giao-duc-mam-non,M00,Điểm thi THPT,2023,21.5,Giáo dục Mầm non
50218,DQU,giao-duc-mam-non,M01,Điểm thi THPT,2023,21.5,Giáo dục Mầm non
50219,DQU,giao-duc-mam-non,M02,Điểm thi THPT,2023,21.5,Giáo dục Mầm non
50220,DQU,giao-duc-mam-non,M03,Điểm thi THPT,2023,21.5,Giáo dục Mầm non
50221,DQU,giao-duc-mam-non,M00,Điểm học bạ,2024,23.0,Giáo dục Mầm non
50222,DQU,giao-duc-mam-non,M01,Điểm học bạ,2024,23.0,Giáo dục Mầm non
50223,DQU,giao-duc-mam-non,M02,Điểm học bạ,2024,23.0,Giáo dục Mầm non
50224,DQU,giao-duc-mam-non,M03,Điểm học bạ,2024,23.0,Giáo dục Mầm non
50225,DQU,giao-duc-mam-non,M00,Điểm thi THPT,2024,24.26,Giáo dục Mầm non
50226,DQU,giao-duc-mam-non,M01,Điểm thi THPT,2024,24.26,Giáo dục Mầm non
50227,DQU,giao-duc-mam-non,M02,Điểm thi THPT,2024,24.26,Giáo dục Mầm non
50228,DQU,giao-duc-mam-non,M03,Điểm thi THPT,2024,24.26,Giáo dục Mầm non
50229,DQU,giao-duc-mam-non,M00,Điểm học bạ,2025,25.72,Giáo dục Mầm non
50230,DQU,giao-duc-mam-non,M01,Điểm học bạ,2025,25.72,Giáo dục Mầm non
50231,DQU,giao-duc-mam-non,M02,Điểm học bạ,2025,25.72,Giáo dục Mầm non
50232,DQU,giao-duc-mam-non,M03,Điểm học bạ,2025,25.72,Giáo dục Mầm non
50233,DQU,giao-duc-mam-non,M00,Điểm thi THPT,2025,23.72,Giáo dục Mầm non
50234,DQU,giao-duc-mam-non,M01,Điểm thi THPT,2025,24.22,Giáo dục Mầm non
50235,DQU,giao-duc-mam-non,M02,Điểm thi THPT,2025,22.72,Giáo dục Mầm non
50236,DQU,giao-duc-mam-non,M03,Điểm thi THPT,2025,24.22,Giáo dục Mầm non
50237,DQU,giao-duc-tieu-hoc,A00,Điểm thi THPT,2021,21.25,Giáo dục Tiểu học
50238,DQU,giao-duc-tieu-hoc,C00,Điểm thi THPT,2021,21.25,Giáo dục Tiểu học
50239,DQU,giao-duc-tieu-hoc,C14,Điểm thi THPT,2021,21.25,Giáo dục Tiểu học
50240,DQU,giao-duc-tieu-hoc,D01,Điểm thi THPT,2021,21.25,Giáo dục Tiểu học
50241,DQU,giao-duc-tieu-hoc,A00,Điểm thi THPT,2022,23.25,Giáo dục Tiểu học
50242,DQU,giao-duc-tieu-hoc,C00,Điểm thi THPT,2022,23.25,Giáo dục Tiểu học
50243,DQU,giao-duc-tieu-hoc,C14,Điểm thi THPT,2022,23.25,Giáo dục Tiểu học
50244,DQU,giao-duc-tieu-hoc,D01,Điểm thi THPT,2022,23.25,Giáo dục Tiểu học
50245,DQU,giao-duc-tieu-hoc,A00,Điểm học bạ,2023,26.0,Giáo dục Tiểu học
50246,DQU,giao-duc-tieu-hoc,C00,Điểm học bạ,2023,26.0,Giáo dục Tiểu học
50247,DQU,giao-duc-tieu-hoc,C14,Điểm học bạ,2023,26.0,Giáo dục Tiểu học
50248,DQU,giao-duc-tieu-hoc,D01,Điểm học bạ,2023,26.0,Giáo dục Tiểu học
50249,DQU,giao-duc-tieu-hoc,A00,Điểm thi THPT,2023,24.5,Giáo dục Tiểu học
50250,DQU,giao-duc-tieu-hoc,C00,Điểm thi THPT,2023,24.5,Giáo dục Tiểu học
50251,DQU,giao-duc-tieu-hoc,C14,Điểm thi THPT,2023,24.5,Giáo dục Tiểu học
50252,DQU,giao-duc-tieu-hoc,D01,Điểm thi THPT,2023,24.5,Giáo dục Tiểu học
50253,DQU,giao-duc-tieu-hoc,A00,Điểm học bạ,2024,27.53,Giáo dục Tiểu học
50254,DQU,giao-duc-tieu-hoc,C00,Điểm học bạ,2024,27.53,Giáo dục Tiểu học
50255,DQU,giao-duc-tieu-hoc,C14,Điểm học bạ,2024,27.53,Giáo dục Tiểu học
50256,DQU,giao-duc-tieu-hoc,D01,Điểm học bạ,2024,27.53,Giáo dục Tiểu học
50257,DQU,giao-duc-tieu-hoc,A00,Điểm thi THPT,2024,25.8,Giáo dục Tiểu học
50258,DQU,giao-duc-tieu-hoc,C00,Điểm thi THPT,2024,25.8,Giáo dục Tiểu học
50259,DQU,giao-duc-tieu-hoc,C14,Điểm thi THPT,2024,25.8,Giáo dục Tiểu học
50260,DQU,giao-duc-tieu-hoc,D01,Điểm thi THPT,2024,25.8,Giáo dục Tiểu học
50261,DQU,giao-duc-tieu-hoc,A00,Điểm học bạ,2025,27.77,Giáo dục Tiểu học
50262,DQU,giao-duc-tieu-hoc,C00,Điểm học bạ,2025,27.77,Giáo dục Tiểu học
50263,DQU,giao-duc-tieu-hoc,C03,Điểm học bạ,2025,27.77,Giáo dục Tiểu học
50264,DQU,giao-duc-tieu-hoc,D01,Điểm học bạ,2025,27.77,Giáo dục Tiểu học
50265,DQU,giao-duc-tieu-hoc,X01,Điểm học bạ,2025,27.77,Giáo dục Tiểu học
50266,DQU,giao-duc-tieu-hoc,A00,Điểm thi THPT,2025,25.77,Giáo dục Tiểu học
50267,DQU,giao-duc-tieu-hoc,C00,Điểm thi THPT,2025,26.27,Giáo dục Tiểu học
50268,DQU,giao-duc-tieu-hoc,C03,Điểm thi THPT,2025,25.77,Giáo dục Tiểu học
50269,DQU,giao-duc-tieu-hoc,D01,Điểm thi THPT,2025,24.77,Giáo dục Tiểu học
50270,DQU,giao-duc-tieu-hoc,X01,Điểm thi THPT,2025,25.77,Giáo dục Tiểu học
50271,DQU,lich-su,A08,Điểm học bạ,2021,15.0,Lịch sử
50272,DQU,lich-su,C00,Điểm học bạ,2021,15.0,Lịch sử
50273,DQU,lich-su,C19,Điểm học bạ,2021,15.0,Lịch sử
50274,DQU,lich-su,D14,Điểm học bạ,2021,15.0,Lịch sử
50275,DQU,lich-su,A08,Điểm thi THPT,2021,15.0,Lịch sử
50276,DQU,lich-su,C00,Điểm thi THPT,2021,15.0,Lịch sử
50277,DQU,lich-su,C19,Điểm thi THPT,2021,15.0,Lịch sử
50278,DQU,lich-su,D14,Điểm thi THPT,2021,15.0,Lịch sử
50279,DQU,lich-su,A08,Điểm học bạ,2022,15.0,Lịch sử
50280,DQU,lich-su,C00,Điểm học bạ,2022,15.0,Lịch sử
50281,DQU,lich-su,C19,Điểm học bạ,2022,15.0,Lịch sử
50282,DQU,lich-su,D14,Điểm học bạ,2022,15.0,Lịch sử
50283,DQU,lich-su,A08,Điểm thi THPT,2022,13.0,Lịch sử
50284,DQU,lich-su,C00,Điểm thi THPT,2022,13.0,Lịch sử
50285,DQU,lich-su,C19,Điểm thi THPT,2022,13.0,Lịch sử
50286,DQU,lich-su,D14,Điểm thi THPT,2022,13.0,Lịch sử
50287,DQU,lich-su,A08,Điểm học bạ,2023,15.0,Lịch sử
50288,DQU,lich-su,C00,Điểm học bạ,2023,15.0,Lịch sử
50289,DQU,lich-su,C19,Điểm học bạ,2023,15.0,Lịch sử
50290,DQU,lich-su,D14,Điểm học bạ,2023,15.0,Lịch sử
50291,DQU,lich-su,A08,Điểm thi THPT,2023,14.0,Lịch sử
50292,DQU,lich-su,C00,Điểm thi THPT,2023,14.0,Lịch sử
50293,DQU,lich-su,C19,Điểm thi THPT,2023,14.0,Lịch sử
50294,DQU,lich-su,D14,Điểm thi THPT,2023,14.0,Lịch sử
50295,DQU,lich-su,A08,Điểm học bạ,2024,24.75,Lịch sử
50296,DQU,lich-su,C00,Điểm học bạ,2024,24.75,Lịch sử
50297,DQU,lich-su,C19,Điểm học bạ,2024,24.75,Lịch sử
50298,DQU,lich-su,D14,Điểm học bạ,2024,24.75,Lịch sử
50299,DQU,lich-su,A08,Điểm thi THPT,2024,23.0,Lịch sử
50300,DQU,lich-su,C00,Điểm thi THPT,2024,23.0,Lịch sử
50301,DQU,lich-su,C19,Điểm thi THPT,2024,23.0,Lịch sử
50302,DQU,lich-su,D14,Điểm thi THPT,2024,23.0,Lịch sử
50303,DQU,lich-su,C00,Điểm học bạ,2025,25.0,Lịch sử
50304,DQU,lich-su,D14,Điểm học bạ,2025,25.0,Lịch sử
50305,DQU,lich-su,X17,Điểm học bạ,2025,25.0,Lịch sử
50306,DQU,lich-su,X70,Điểm học bạ,2025,25.0,Lịch sử
50307,DQU,lich-su,C00,Điểm thi THPT,2025,24.0,Lịch sử
50308,DQU,lich-su,D14,Điểm thi THPT,2025,24.0,Lịch sử
50309,DQU,lich-su,X17,Điểm thi THPT,2025,24.0,Lịch sử
50310,DQU,lich-su,X70,Điểm thi THPT,2025,24.0,Lịch sử
50311,DQU,ngon-ngu-anh,A01,Điểm học bạ,2021,15.0,Ngôn ngữ Anh
50312,DQU,ngon-ngu-anh,D01,Điểm học bạ,2021,15.0,Ngôn ngữ Anh
50313,DQU,ngon-ngu-anh,D11,Điểm học bạ,2021,15.0,Ngôn ngữ Anh
50314,DQU,ngon-ngu-anh,D66,Điểm học bạ,2021,15.0,Ngôn ngữ Anh
50315,DQU,ngon-ngu-anh,A01,Điểm thi THPT,2021,14.0,Ngôn ngữ Anh
50316,DQU,ngon-ngu-anh,D01,Điểm thi THPT,2021,14.0,Ngôn ngữ Anh
50317,DQU,ngon-ngu-anh,D11,Điểm thi THPT,2021,14.0,Ngôn ngữ Anh
50318,DQU,ngon-ngu-anh,D66,Điểm thi THPT,2021,14.0,Ngôn ngữ Anh
50319,DQU,ngon-ngu-anh,A01,Điểm học bạ,2022,15.0,Ngôn ngữ Anh
50320,DQU,ngon-ngu-anh,D01,Điểm học bạ,2022,15.0,Ngôn ngữ Anh
50321,DQU,ngon-ngu-anh,D11,Điểm học bạ,2022,15.0,Ngôn ngữ Anh
50322,DQU,ngon-ngu-anh,D66,Điểm học bạ,2022,15.0,Ngôn ngữ Anh
50323,DQU,ngon-ngu-anh,A01,Điểm thi THPT,2022,13.0,Ngôn ngữ Anh
50324,DQU,ngon-ngu-anh,D01,Điểm thi THPT,2022,13.0,Ngôn ngữ Anh
50325,DQU,ngon-ngu-anh,D11,Điểm thi THPT,2022,13.0,Ngôn ngữ Anh
50326,DQU,ngon-ngu-anh,D66,Điểm thi THPT,2022,13.0,Ngôn ngữ Anh
50327,DQU,ngon-ngu-anh,A01,Điểm học bạ,2023,15.0,Ngôn ngữ Anh
50328,DQU,ngon-ngu-anh,D01,Điểm học bạ,2023,15.0,Ngôn ngữ Anh
50329,DQU,ngon-ngu-anh,D11,Điểm học bạ,2023,15.0,Ngôn ngữ Anh
50330,DQU,ngon-ngu-anh,D66,Điểm học bạ,2023,15.0,Ngôn ngữ Anh
50331,DQU,ngon-ngu-anh,A01,Điểm thi THPT,2023,14.0,Ngôn ngữ Anh
50332,DQU,ngon-ngu-anh,D01,Điểm thi THPT,2023,14.0,Ngôn ngữ Anh
50333,DQU,ngon-ngu-anh,D11,Điểm thi THPT,2023,14.0,Ngôn ngữ Anh
50334,DQU,ngon-ngu-anh,D66,Điểm thi THPT,2023,14.0,Ngôn ngữ Anh
50335,DQU,ngon-ngu-anh,A01,Điểm học bạ,2024,19.85,Ngôn ngữ Anh
50336,DQU,ngon-ngu-anh,D01,Điểm học bạ,2024,19.85,Ngôn ngữ Anh
50337,DQU,ngon-ngu-anh,D11,Điểm học bạ,2024,19.85,Ngôn ngữ Anh
50338,DQU,ngon-ngu-anh,D66,Điểm học bạ,2024,19.85,Ngôn ngữ Anh
50339,DQU,ngon-ngu-anh,A01,Điểm thi THPT,2024,14.0,Ngôn ngữ Anh
50340,DQU,ngon-ngu-anh,D01,Điểm thi THPT,2024,14.0,Ngôn ngữ Anh
50341,DQU,ngon-ngu-anh,D11,Điểm thi THPT,2024,14.0,Ngôn ngữ Anh
50342,DQU,ngon-ngu-anh,D66,Điểm thi THPT,2024,14.0,Ngôn ngữ Anh
50343,DQU,ngon-ngu-anh,A01,Điểm học bạ,2025,15.0,Ngôn ngữ Anh
50344,DQU,ngon-ngu-anh,D01,Điểm học bạ,2025,15.0,Ngôn ngữ Anh
50345,DQU,ngon-ngu-anh,D14,Điểm học bạ,2025,15.0,Ngôn ngữ Anh
50346,DQU,ngon-ngu-anh,D15,Điểm học bạ,2025,15.0,Ngôn ngữ Anh
50347,DQU,ngon-ngu-anh,A01,Điểm thi THPT,2025,14.0,Ngôn ngữ Anh
50348,DQU,ngon-ngu-anh,D01,Điểm thi THPT,2025,14.0,Ngôn ngữ Anh
50349,DQU,ngon-ngu-anh,D14,Điểm thi THPT,2025,14.0,Ngôn ngữ Anh
50350,DQU,ngon-ngu-anh,D15,Điểm thi THPT,2025,14.0,Ngôn ngữ Anh
50351,DQU,quan-tri-kinh-doanh,A00,Điểm học bạ,2024,19.95,Quản trị kinh doanh
50352,DQU,quan-tri-kinh-doanh,D01,Điểm học bạ,2024,19.95,Quản trị kinh doanh
50353,DQU,quan-tri-kinh-doanh,D84,Điểm học bạ,2024,19.95,Quản trị kinh doanh
50354,DQU,quan-tri-kinh-doanh,D96,Điểm học bạ,2024,19.95,Quản trị kinh doanh
50355,DQU,quan-tri-kinh-doanh,A00,Điểm thi THPT,2024,14.0,Quản trị Kinh doanh
50356,DQU,quan-tri-kinh-doanh,D01,Điểm thi THPT,2024,14.0,Quản trị Kinh doanh
50357,DQU,quan-tri-kinh-doanh,D84,Điểm thi THPT,2024,14.0,Quản trị Kinh doanh
50358,DQU,quan-tri-kinh-doanh,D96,Điểm thi THPT,2024,14.0,Quản trị Kinh doanh
50359,DQU,quan-tri-kinh-doanh,A01,Điểm học bạ,2025,15.0,Quản trị kinh doanh
50360,DQU,quan-tri-kinh-doanh,D01,Điểm học bạ,2025,15.0,Quản trị kinh doanh
50361,DQU,quan-tri-kinh-doanh,X21,Điểm học bạ,2025,15.0,Quản trị kinh doanh
50362,DQU,quan-tri-kinh-doanh,X25,Điểm học bạ,2025,15.0,Quản trị kinh doanh
50363,DQU,quan-tri-kinh-doanh,A01,Điểm thi THPT,2025,14.0,Quản trị kinh doanh
50364,DQU,quan-tri-kinh-doanh,D01,Điểm thi THPT,2025,14.0,Quản trị kinh doanh
50365,DQU,quan-tri-kinh-doanh,X21,Điểm thi THPT,2025,14.0,Quản trị kinh doanh
50366,DQU,quan-tri-kinh-doanh,X25,Điểm thi THPT,2025,14.0,Quản trị kinh doanh
50367,DQU,su-pham-khtn,A00,Điểm học bạ,2025,27.05,Sư phạm KHTN
50368,DQU,su-pham-khtn,A01,Điểm học bạ,2025,27.05,Sư phạm KHTN
50369,DQU,su-pham-khtn,B00,Điểm học bạ,2025,27.05,Sư phạm KHTN
50370,DQU,su-pham-khtn,D07,Điểm học bạ,2025,27.05,Sư phạm KHTN
50371,DQU,su-pham-khtn,A00,Điểm thi THPT,2025,24.05,Sư phạm KHTN
50372,DQU,su-pham-khtn,A01,Điểm thi THPT,2025,23.05,Sư phạm KHTN
50373,DQU,su-pham-khtn,B00,Điểm thi THPT,2025,22.8,Sư phạm KHTN
50374,DQU,su-pham-khtn,D07,Điểm thi THPT,2025,22.3,Sư phạm KHTN
50375,DQU,su-pham-ngu-van,C00,Điểm thi THPT,2021,19.0,Sư phạm Ngữ văn
50376,DQU,su-pham-ngu-van,C19,Điểm thi THPT,2021,19.0,Sư phạm Ngữ văn
50377,DQU,su-pham-ngu-van,C20,Điểm thi THPT,2021,19.0,Sư phạm Ngữ văn
50378,DQU,su-pham-ngu-van,D14,Điểm thi THPT,2021,19.0,Sư phạm Ngữ văn
50379,DQU,su-pham-ngu-van,C00,Điểm thi THPT,2022,19.0,Sư phạm Ngữ văn
50380,DQU,su-pham-ngu-van,C19,Điểm thi THPT,2022,19.0,Sư phạm Ngữ văn
50381,DQU,su-pham-ngu-van,C20,Điểm thi THPT,2022,19.0,Sư phạm Ngữ văn
50382,DQU,su-pham-ngu-van,D14,Điểm thi THPT,2022,19.0,Sư phạm Ngữ văn
50383,DQU,su-pham-ngu-van,C00,Điểm học bạ,2023,24.0,Sư phạm Ngữ văn
50384,DQU,su-pham-ngu-van,C19,Điểm học bạ,2023,24.0,Sư phạm Ngữ văn
50385,DQU,su-pham-ngu-van,C20,Điểm học bạ,2023,24.0,Sư phạm Ngữ văn
50386,DQU,su-pham-ngu-van,D14,Điểm học bạ,2023,24.0,Sư phạm Ngữ văn
50387,DQU,su-pham-ngu-van,C00,Điểm thi THPT,2023,23.75,Sư phạm Ngữ văn
50388,DQU,su-pham-ngu-van,C19,Điểm thi THPT,2023,23.75,Sư phạm Ngữ văn
50389,DQU,su-pham-ngu-van,C20,Điểm thi THPT,2023,23.75,Sư phạm Ngữ văn
50390,DQU,su-pham-ngu-van,D14,Điểm thi THPT,2023,23.75,Sư phạm Ngữ văn
50391,DQU,su-pham-ngu-van,C00,Điểm học bạ,2024,27.28,Sư phạm Ngữ văn
50392,DQU,su-pham-ngu-van,C19,Điểm học bạ,2024,27.28,Sư phạm Ngữ văn
50393,DQU,su-pham-ngu-van,C20,Điểm học bạ,2024,27.28,Sư phạm Ngữ văn
50394,DQU,su-pham-ngu-van,D14,Điểm học bạ,2024,27.28,Sư phạm Ngữ văn
50395,DQU,su-pham-ngu-van,C00,Điểm thi THPT,2024,25.74,Sư phạm Ngữ văn
50396,DQU,su-pham-ngu-van,C19,Điểm thi THPT,2024,25.74,Sư phạm Ngữ văn
50397,DQU,su-pham-ngu-van,C20,Điểm thi THPT,2024,25.74,Sư phạm Ngữ văn
50398,DQU,su-pham-ngu-van,D14,Điểm thi THPT,2024,25.74,Sư phạm Ngữ văn
50399,DQU,su-pham-ngu-van,C00,Điểm học bạ,2025,28.7,Sư phạm Ngữ văn
50400,DQU,su-pham-ngu-van,D01,Điểm học bạ,2025,28.7,Sư phạm Ngữ văn
50401,DQU,su-pham-ngu-van,D14,Điểm học bạ,2025,28.7,Sư phạm Ngữ văn
50402,DQU,su-pham-ngu-van,X70,Điểm học bạ,2025,28.7,Sư phạm Ngữ văn
50403,DQU,su-pham-ngu-van,X74,Điểm học bạ,2025,28.7,Sư phạm Ngữ văn
50404,DQU,su-pham-ngu-van,C00,Điểm thi THPT,2025,25.7,Sư phạm Ngữ văn
50405,DQU,su-pham-ngu-van,D01,Điểm thi THPT,2025,24.2,Sư phạm Ngữ văn
50406,DQU,su-pham-ngu-van,D14,Điểm thi THPT,2025,25.2,Sư phạm Ngữ văn
50407,DQU,su-pham-ngu-van,X70,Điểm thi THPT,2025,25.7,Sư phạm Ngữ văn
50408,DQU,su-pham-ngu-van,X74,Điểm thi THPT,2025,25.7,Sư phạm Ngữ văn
50409,DQU,su-pham-sinh,A02,Điểm học bạ,2023,19.0,Sư phạm Sinh
50410,DQU,su-pham-sinh,B00,Điểm học bạ,2023,19.0,Sư phạm Sinh
50411,DQU,su-pham-sinh,D08,Điểm học bạ,2023,19.0,Sư phạm Sinh
50412,DQU,su-pham-sinh,D13,Điểm học bạ,2023,19.0,Sư phạm Sinh
50413,DQU,su-pham-sinh,A02,Điểm thi THPT,2023,19.0,Sư phạm Sinh
50414,DQU,su-pham-sinh,B00,Điểm thi THPT,2023,19.0,Sư phạm Sinh
50415,DQU,su-pham-sinh,D08,Điểm thi THPT,2023,19.0,Sư phạm Sinh
50416,DQU,su-pham-sinh,D13,Điểm thi THPT,2023,19.0,Sư phạm Sinh
50417,DQU,su-pham-sinh,A02,Điểm học bạ,2024,27.21,Sư phạm Sinh
50418,DQU,su-pham-sinh,B00,Điểm học bạ,2024,27.21,Sư phạm Sinh
50419,DQU,su-pham-sinh,D08,Điểm học bạ,2024,27.21,Sư phạm Sinh
50420,DQU,su-pham-sinh,D13,Điểm học bạ,2024,27.21,Sư phạm Sinh
50421,DQU,su-pham-sinh,A02,Điểm thi THPT,2024,21.75,Sư phạm Sinh
50422,DQU,su-pham-sinh,B00,Điểm thi THPT,2024,21.75,Sư phạm Sinh
50423,DQU,su-pham-sinh,D08,Điểm thi THPT,2024,21.75,Sư phạm Sinh
50424,DQU,su-pham-sinh,D13,Điểm thi THPT,2024,21.75,Sư phạm Sinh
50425,DQU,su-pham-sinh-hoc,A02,Điểm thi THPT,2021,19.0,Sư phạm Sinh học
50426,DQU,su-pham-sinh-hoc,B00,Điểm thi THPT,2021,19.0,Sư phạm Sinh học
50427,DQU,su-pham-sinh-hoc,B02,Điểm thi THPT,2021,19.0,Sư phạm Sinh học
50428,DQU,su-pham-sinh-hoc,B04,Điểm thi THPT,2021,19.0,Sư phạm Sinh học
50429,DQU,su-pham-sinh-hoc,A02,Điểm thi THPT,2022,19.0,Sư phạm Sinh học
50430,DQU,su-pham-sinh-hoc,B00,Điểm thi THPT,2022,19.0,Sư phạm Sinh học
50431,DQU,su-pham-sinh-hoc,D08,Điểm thi THPT,2022,19.0,Sư phạm Sinh học
50432,DQU,su-pham-sinh-hoc,D13,Điểm thi THPT,2022,19.0,Sư phạm Sinh học
50433,DQU,su-pham-sinh-hoc,A02,Điểm học bạ,2025,26.25,Sư phạm Sinh học
50434,DQU,su-pham-sinh-hoc,B00,Điểm học bạ,2025,26.25,Sư phạm Sinh học
50435,DQU,su-pham-sinh-hoc,B08,Điểm học bạ,2025,26.25,Sư phạm Sinh học
50436,DQU,su-pham-sinh-hoc,D13,Điểm học bạ,2025,26.25,Sư phạm Sinh học
50437,DQU,su-pham-sinh-hoc,A02,Điểm thi THPT,2025,23.75,Sư phạm Sinh học
50438,DQU,su-pham-sinh-hoc,B00,Điểm thi THPT,2025,23.25,Sư phạm Sinh học
50439,DQU,su-pham-sinh-hoc,B08,Điểm thi THPT,2025,24.0,Sư phạm Sinh học
50440,DQU,su-pham-sinh-hoc,D13,Điểm thi THPT,2025,23.75,Sư phạm Sinh học
50441,DQU,su-pham-tieng-anh,A01,Điểm học bạ,2024,27.15,Sư phạm Tiếng Anh
50442,DQU,su-pham-tieng-anh,D01,Điểm học bạ,2024,27.15,Sư phạm Tiếng Anh
50443,DQU,su-pham-tieng-anh,D14,Điểm học bạ,2024,27.15,Sư phạm Tiếng Anh
50444,DQU,su-pham-tieng-anh,D15,Điểm học bạ,2024,27.15,Sư phạm Tiếng Anh
50445,DQU,su-pham-tieng-anh,A01,Điểm thi THPT,2024,23.94,Sư phạm Tiếng Anh
50446,DQU,su-pham-tieng-anh,D01,Điểm thi THPT,2024,23.94,Sư phạm Tiếng Anh
50447,DQU,su-pham-tieng-anh,D14,Điểm thi THPT,2024,23.94,Sư phạm Tiếng Anh
50448,DQU,su-pham-tieng-anh,D15,Điểm thi THPT,2024,23.94,Sư phạm Tiếng Anh
50449,DQU,su-pham-tieng-anh,A01,Điểm học bạ,2025,27.68,Sư phạm Tiếng Anh
50450,DQU,su-pham-tieng-anh,D01,Điểm học bạ,2025,27.68,Sư phạm Tiếng Anh
50451,DQU,su-pham-tieng-anh,D14,Điểm học bạ,2025,27.68,Sư phạm Tiếng Anh
50452,DQU,su-pham-tieng-anh,D15,Điểm học bạ,2025,27.68,Sư phạm Tiếng Anh
50453,DQU,su-pham-tieng-anh,A01,Điểm thi THPT,2025,24.68,Sư phạm Tiếng Anh
50454,DQU,su-pham-tieng-anh,D01,Điểm thi THPT,2025,24.68,Sư phạm Tiếng Anh
50455,DQU,su-pham-tieng-anh,D14,Điểm thi THPT,2025,25.68,Sư phạm Tiếng Anh
50456,DQU,su-pham-tieng-anh,D15,Điểm thi THPT,2025,25.68,Sư phạm Tiếng Anh
50457,DQU,su-pham-toan,A00,Điểm thi THPT,2021,19.0,Sư phạm Toán
50458,DQU,su-pham-toan,A01,Điểm thi THPT,2021,19.0,Sư phạm Toán
50459,DQU,su-pham-toan,A10,Điểm thi THPT,2021,19.0,Sư phạm Toán
50460,DQU,su-pham-toan,D01,Điểm thi THPT,2021,19.0,Sư phạm Toán
50461,DQU,su-pham-toan,A00,Điểm thi THPT,2022,19.0,Sư phạm Toán
50462,DQU,su-pham-toan,A01,Điểm thi THPT,2022,19.0,Sư phạm Toán
50463,DQU,su-pham-toan,C14,Điểm thi THPT,2022,19.0,Sư phạm Toán
50464,DQU,su-pham-toan,D01,Điểm thi THPT,2022,19.0,Sư phạm Toán
50465,DQU,su-pham-toan,A00,Điểm học bạ,2023,25.0,Sư phạm Toán
50466,DQU,su-pham-toan,A01,Điểm học bạ,2023,25.0,Sư phạm Toán
50467,DQU,su-pham-toan,C14,Điểm học bạ,2023,25.0,Sư phạm Toán
50468,DQU,su-pham-toan,D01,Điểm học bạ,2023,25.0,Sư phạm Toán
50469,DQU,su-pham-toan,A00,Điểm thi THPT,2023,23.5,Sư phạm Toán
50470,DQU,su-pham-toan,A01,Điểm thi THPT,2023,23.5,Sư phạm Toán
50471,DQU,su-pham-toan,C14,Điểm thi THPT,2023,23.5,Sư phạm Toán
50472,DQU,su-pham-toan,D01,Điểm thi THPT,2023,23.5,Sư phạm Toán
50473,DQU,su-pham-toan,A00,Điểm học bạ,2024,27.4,Sư phạm Toán
50474,DQU,su-pham-toan,A01,Điểm học bạ,2024,27.4,Sư phạm Toán
50475,DQU,su-pham-toan,C14,Điểm học bạ,2024,27.4,Sư phạm Toán
50476,DQU,su-pham-toan,D01,Điểm học bạ,2024,27.4,Sư phạm Toán
50477,DQU,su-pham-toan,A00,Điểm thi THPT,2024,24.25,Sư phạm Toán
50478,DQU,su-pham-toan,A01,Điểm thi THPT,2024,24.25,Sư phạm Toán
50479,DQU,su-pham-toan,C14,Điểm thi THPT,2024,24.25,Sư phạm Toán
50480,DQU,su-pham-toan,D01,Điểm thi THPT,2024,24.25,Sư phạm Toán
50481,DQU,su-pham-toan,A00,Điểm học bạ,2025,27.75,Sư phạm Toán
50482,DQU,su-pham-toan,A01,Điểm học bạ,2025,27.75,Sư phạm Toán
50483,DQU,su-pham-toan,D01,Điểm học bạ,2025,27.75,Sư phạm Toán
50484,DQU,su-pham-toan,D07,Điểm học bạ,2025,27.75,Sư phạm Toán
50485,DQU,su-pham-toan,X01,Điểm học bạ,2025,27.75,Sư phạm Toán
50486,DQU,su-pham-toan,A00,Điểm thi THPT,2025,24.75,Sư phạm Toán
50487,DQU,su-pham-toan,A01,Điểm thi THPT,2025,23.75,Sư phạm Toán
50488,DQU,su-pham-toan,D01,Điểm thi THPT,2025,23.5,Sư phạm Toán
50489,DQU,su-pham-toan,D07,Điểm thi THPT,2025,23.0,Sư phạm Toán
50490,DQU,su-pham-toan,X01,Điểm thi THPT,2025,24.0,Sư phạm Toán
50491,DQU,su-pham-vat-ly,A00,Điểm thi THPT,2021,19.0,Sư phạm Vật lý
50492,DQU,su-pham-vat-ly,A01,Điểm thi THPT,2021,19.0,Sư phạm Vật lý
50493,DQU,su-pham-vat-ly,A02,Điểm thi THPT,2021,19.0,Sư phạm Vật lý
50494,DQU,su-pham-vat-ly,A10,Điểm thi THPT,2021,19.0,Sư phạm Vật lý
50495,DQU,su-pham-vat-ly,A00,Điểm thi THPT,2022,19.0,Sư phạm Vật lý
50496,DQU,su-pham-vat-ly,A01,Điểm thi THPT,2022,19.0,Sư phạm Vật lý
50497,DQU,su-pham-vat-ly,A02,Điểm thi THPT,2022,19.0,Sư phạm Vật lý
50498,DQU,su-pham-vat-ly,D11,Điểm thi THPT,2022,19.0,Sư phạm Vật lý
50499,DQU,su-pham-vat-ly,A00,Điểm học bạ,2023,24.0,Sư phạm Vật lý
50500,DQU,su-pham-vat-ly,A01,Điểm học bạ,2023,24.0,Sư phạm Vật lý
50501,DQU,su-pham-vat-ly,A02,Điểm học bạ,2023,24.0,Sư phạm Vật lý
50502,DQU,su-pham-vat-ly,D11,Điểm học bạ,2023,24.0,Sư phạm Vật lý
50503,DQU,su-pham-vat-ly,A00,Điểm thi THPT,2023,19.0,Sư phạm Vật lý
50504,DQU,su-pham-vat-ly,A01,Điểm thi THPT,2023,19.0,Sư phạm Vật lý
50505,DQU,su-pham-vat-ly,A02,Điểm thi THPT,2023,19.0,Sư phạm Vật lý
50506,DQU,su-pham-vat-ly,D11,Điểm thi THPT,2023,19.0,Sư phạm Vật lý
50507,DQU,su-pham-vat-ly,A00,Điểm học bạ,2024,27.97,Sư phạm Vật lý
50508,DQU,su-pham-vat-ly,A01,Điểm học bạ,2024,27.97,Sư phạm Vật lý
50509,DQU,su-pham-vat-ly,A02,Điểm học bạ,2024,27.97,Sư phạm Vật lý
50510,DQU,su-pham-vat-ly,D11,Điểm học bạ,2024,27.97,Sư phạm Vật lý
50511,DQU,su-pham-vat-ly,A00,Điểm thi THPT,2024,23.5,Sư phạm Vật lý
50512,DQU,su-pham-vat-ly,A01,Điểm thi THPT,2024,23.5,Sư phạm Vật lý
50513,DQU,su-pham-vat-ly,A02,Điểm thi THPT,2024,23.5,Sư phạm Vật lý
50514,DQU,su-pham-vat-ly,D11,Điểm thi THPT,2024,23.5,Sư phạm Vật lý
50515,DQU,su-pham-vat-ly,A00,Điểm học bạ,2025,27.95,Sư phạm Vật lý
50516,DQU,su-pham-vat-ly,A01,Điểm học bạ,2025,27.95,Sư phạm Vật lý
50517,DQU,su-pham-vat-ly,A02,Điểm học bạ,2025,27.95,Sư phạm Vật lý
50518,DQU,su-pham-vat-ly,D11,Điểm học bạ,2025,27.95,Sư phạm Vật lý
50519,DQU,su-pham-vat-ly,A00,Điểm thi THPT,2025,24.95,Sư phạm Vật lý
50520,DQU,su-pham-vat-ly,A01,Điểm thi THPT,2025,24.2,Sư phạm Vật lý
50521,DQU,su-pham-vat-ly,A02,Điểm thi THPT,2025,25.2,Sư phạm Vật lý
50522,DQU,su-pham-vat-ly,D11,Điểm thi THPT,2025,25.2,Sư phạm Vật lý
50523,DQU,van-hoc,C00,Điểm học bạ,2021,15.0,Văn học
50524,DQU,van-hoc,C19,Điểm học bạ,2021,15.0,Văn học
50525,DQU,van-hoc,C20,Điểm học bạ,2021,15.0,Văn học
50526,DQU,van-hoc,D14,Điểm học bạ,2021,15.0,Văn học
50527,DQU,viet-nam-hoc,A09,Điểm học bạ,2021,15.0,Việt Nam học (Văn hóa-Du lịch)
50528,DQU,viet-nam-hoc,C00,Điểm học bạ,2021,15.0,Việt Nam học (Văn hóa-Du lịch)
50529,DQU,viet-nam-hoc,C20,Điểm học bạ,2021,15.0,Việt Nam học (Văn hóa-Du lịch)
50530,DQU,viet-nam-hoc,D01,Điểm học bạ,2021,15.0,Việt Nam học (Văn hóa-Du lịch)
50531,DQU,viet-nam-hoc,A09,Điểm thi THPT,2021,14.0,Việt Nam học (Văn hóa-Du lịch)
50532,DQU,viet-nam-hoc,C00,Điểm thi THPT,2021,14.0,Việt Nam học (Văn hóa-Du lịch)
50533,DQU,viet-nam-hoc,C20,Điểm thi THPT,2021,14.0,Việt Nam học (Văn hóa-Du lịch)
50534,DQU,viet-nam-hoc,D01,Điểm thi THPT,2021,14.0,Việt Nam học (Văn hóa-Du lịch)
50535,DQU,viet-nam-hoc,A09,Điểm học bạ,2022,15.0,Việt Nam học (Văn hóa-Du lịch)
50536,DQU,viet-nam-hoc,C00,Điểm học bạ,2022,15.0,Việt Nam học (Văn hóa-Du lịch)
50537,DQU,viet-nam-hoc,C20,Điểm học bạ,2022,15.0,Việt Nam học (Văn hóa-Du lịch)
50538,DQU,viet-nam-hoc,D01,Điểm học bạ,2022,15.0,Việt Nam học (Văn hóa-Du lịch)
50539,DQU,viet-nam-hoc,A09,Điểm thi THPT,2022,13.0,Việt Nam học (Văn hóa-Du lịch)
50540,DQU,viet-nam-hoc,C00,Điểm thi THPT,2022,13.0,Việt Nam học (Văn hóa-Du lịch)
50541,DQU,viet-nam-hoc,C20,Điểm thi THPT,2022,13.0,Việt Nam học (Văn hóa-Du lịch)
50542,DQU,viet-nam-hoc,D01,Điểm thi THPT,2022,13.0,Việt Nam học (Văn hóa-Du lịch)
50543,DQU,viet-nam-hoc,A09,Điểm học bạ,2023,15.0,Việt Nam học (VH-DL)
50544,DQU,viet-nam-hoc,C00,Điểm học bạ,2023,15.0,Việt Nam học (VH-DL)
50545,DQU,viet-nam-hoc,C20,Điểm học bạ,2023,15.0,Việt Nam học (VH-DL)
50546,DQU,viet-nam-hoc,D01,Điểm học bạ,2023,15.0,Việt Nam học (VH-DL)
50547,DQU,viet-nam-hoc,A09,Điểm thi THPT,2023,14.0,Việt Nam học (VH-DL)
50548,DQU,viet-nam-hoc,C00,Điểm thi THPT,2023,14.0,Việt Nam học (VH-DL)
50549,DQU,viet-nam-hoc,C20,Điểm thi THPT,2023,14.0,Việt Nam học (VH-DL)
50550,DQU,viet-nam-hoc,D01,Điểm thi THPT,2023,14.0,Việt Nam học (VH-DL)
50551,DQU,viet-nam-hoc,A09,Điểm học bạ,2024,18.75,Việt Nam học
50552,DQU,viet-nam-hoc,C00,Điểm học bạ,2024,18.75,Việt Nam học
50553,DQU,viet-nam-hoc,C20,Điểm học bạ,2024,18.75,Việt Nam học
50554,DQU,viet-nam-hoc,D01,Điểm học bạ,2024,18.75,Việt Nam học
50555,DQU,viet-nam-hoc,A09,Điểm thi THPT,2024,14.0,Việt Nam học (Văn hóa - Du lịch)
50556,DQU,viet-nam-hoc,C00,Điểm thi THPT,2024,14.0,Việt Nam học (Văn hóa - Du lịch)
50557,DQU,viet-nam-hoc,C20,Điểm thi THPT,2024,14.0,Việt Nam học (Văn hóa - Du lịch)
50558,DQU,viet-nam-hoc,D01,Điểm thi THPT,2024,14.0,Việt Nam học (Văn hóa - Du lịch)
50559,DQU,viet-nam-hoc,C00,Điểm học bạ,2025,15.0,Việt Nam học
50560,DQU,viet-nam-hoc,D14,Điểm học bạ,2025,15.0,Việt Nam học
50561,DQU,viet-nam-hoc,X70,Điểm học bạ,2025,15.0,Việt Nam học
50562,DQU,viet-nam-hoc,X74,Điểm học bạ,2025,15.0,Việt Nam học
50563,DQU,viet-nam-hoc,C00,Điểm thi THPT,2025,14.0,Việt Nam học
50564,DQU,viet-nam-hoc,D14,Điểm thi THPT,2025,14.0,Việt Nam học
50565,DQU,viet-nam-hoc,X70,Điểm thi THPT,2025,14.0,Việt Nam học
50566,DQU,viet-nam-hoc,X74,Điểm thi THPT,2025,14.0,Việt Nam học
50567,DSG,cnkt-co-dien-tu,A00,Điểm học bạ,2025,18.0,CNKT cơ điện tử
50568,DSG,cnkt-co-dien-tu,A01,Điểm học bạ,2025,18.0,CNKT cơ điện tử
50569,DSG,cnkt-co-dien-tu,A02,Điểm học bạ,2025,18.0,CNKT cơ điện tử
50570,DSG,cnkt-co-dien-tu,A03,Điểm học bạ,2025,18.0,CNKT cơ điện tử
50571,DSG,cnkt-co-dien-tu,A04,Điểm học bạ,2025,18.0,CNKT cơ điện tử
50572,DSG,cnkt-co-dien-tu,A05,Điểm học bạ,2025,18.0,CNKT cơ điện tử
50573,DSG,cnkt-co-dien-tu,A06,Điểm học bạ,2025,18.0,CNKT cơ điện tử
50574,DSG,cnkt-co-dien-tu,A07,Điểm học bạ,2025,18.0,CNKT cơ điện tử
50575,DSG,cnkt-co-dien-tu,A08,Điểm học bạ,2025,18.0,CNKT cơ điện tử
50576,DSG,cnkt-co-dien-tu,B00,Điểm học bạ,2025,18.0,CNKT cơ điện tử
50577,DSG,cnkt-co-dien-tu,B01,Điểm học bạ,2025,18.0,CNKT cơ điện tử
50578,DSG,cnkt-co-dien-tu,B02,Điểm học bạ,2025,18.0,CNKT cơ điện tử
50579,DSG,cnkt-co-dien-tu,B03,Điểm học bạ,2025,18.0,CNKT cơ điện tử
50580,DSG,cnkt-co-dien-tu,B08,Điểm học bạ,2025,18.0,CNKT cơ điện tử
50581,DSG,cnkt-co-dien-tu,C01,Điểm học bạ,2025,18.0,CNKT cơ điện tử
50582,DSG,cnkt-co-dien-tu,C02,Điểm học bạ,2025,18.0,CNKT cơ điện tử
50583,DSG,cnkt-co-dien-tu,C03,Điểm học bạ,2025,18.0,CNKT cơ điện tử
50584,DSG,cnkt-co-dien-tu,C04,Điểm học bạ,2025,18.0,CNKT cơ điện tử
50585,DSG,cnkt-co-dien-tu,C14,Điểm học bạ,2025,18.0,CNKT cơ điện tử
50586,DSG,cnkt-co-dien-tu,D01,Điểm học bạ,2025,18.0,CNKT cơ điện tử
50587,DSG,cnkt-co-dien-tu,D02,Điểm học bạ,2025,18.0,CNKT cơ điện tử
50588,DSG,cnkt-co-dien-tu,D03,Điểm học bạ,2025,18.0,CNKT cơ điện tử
50589,DSG,cnkt-co-dien-tu,D04,Điểm học bạ,2025,18.0,CNKT cơ điện tử
50590,DSG,cnkt-co-dien-tu,D06,Điểm học bạ,2025,18.0,CNKT cơ điện tử
50591,DSG,cnkt-co-dien-tu,D07,Điểm học bạ,2025,18.0,CNKT cơ điện tử
50592,DSG,cnkt-co-dien-tu,D09,Điểm học bạ,2025,18.0,CNKT cơ điện tử
50593,DSG,cnkt-co-dien-tu,D10,Điểm học bạ,2025,18.0,CNKT cơ điện tử
50594,DSG,cnkt-co-dien-tu,D17,Điểm học bạ,2025,18.0,CNKT cơ điện tử
50595,DSG,cnkt-co-dien-tu,D18,Điểm học bạ,2025,18.0,CNKT cơ điện tử
50596,DSG,cnkt-co-dien-tu,D19,Điểm học bạ,2025,18.0,CNKT cơ điện tử
50597,DSG,cnkt-co-dien-tu,D20,Điểm học bạ,2025,18.0,CNKT cơ điện tử
50598,DSG,cnkt-co-dien-tu,D22,Điểm học bạ,2025,18.0,CNKT cơ điện tử
50599,DSG,cnkt-co-dien-tu,D23,Điểm học bạ,2025,18.0,CNKT cơ điện tử
50600,DSG,cnkt-co-dien-tu,D24,Điểm học bạ,2025,18.0,CNKT cơ điện tử
50601,DSG,cnkt-co-dien-tu,D25,Điểm học bạ,2025,18.0,CNKT cơ điện tử
50602,DSG,cnkt-co-dien-tu,D27,Điểm học bạ,2025,18.0,CNKT cơ điện tử
50603,DSG,cnkt-co-dien-tu,D28,Điểm học bạ,2025,18.0,CNKT cơ điện tử
50604,DSG,cnkt-co-dien-tu,D29,Điểm học bạ,2025,18.0,CNKT cơ điện tử
50605,DSG,cnkt-co-dien-tu,D30,Điểm học bạ,2025,18.0,CNKT cơ điện tử
50606,DSG,cnkt-co-dien-tu,D32,Điểm học bạ,2025,18.0,CNKT cơ điện tử
50607,DSG,cnkt-co-dien-tu,D33,Điểm học bạ,2025,18.0,CNKT cơ điện tử
50608,DSG,cnkt-co-dien-tu,D34,Điểm học bạ,2025,18.0,CNKT cơ điện tử
50609,DSG,cnkt-co-dien-tu,D35,Điểm học bạ,2025,18.0,CNKT cơ điện tử
50610,DSG,cnkt-co-dien-tu,D37,Điểm học bạ,2025,18.0,CNKT cơ điện tử
50611,DSG,cnkt-co-dien-tu,D38,Điểm học bạ,2025,18.0,CNKT cơ điện tử
50612,DSG,cnkt-co-dien-tu,D39,Điểm học bạ,2025,18.0,CNKT cơ điện tử
50613,DSG,cnkt-co-dien-tu,D40,Điểm học bạ,2025,18.0,CNKT cơ điện tử
50614,DSG,cnkt-co-dien-tu,D84,Điểm học bạ,2025,18.0,CNKT cơ điện tử
50615,DSG,cnkt-co-dien-tu,D86,Điểm học bạ,2025,18.0,CNKT cơ điện tử
50616,DSG,cnkt-co-dien-tu,D87,Điểm học bạ,2025,18.0,CNKT cơ điện tử
50617,DSG,cnkt-co-dien-tu,D88,Điểm học bạ,2025,18.0,CNKT cơ điện tử
50618,DSG,cnkt-co-dien-tu,A00,Điểm thi THPT,2025,15.0,CNKT cơ điện tử
50619,DSG,cnkt-co-dien-tu,A01,Điểm thi THPT,2025,15.0,CNKT cơ điện tử
50620,DSG,cnkt-co-dien-tu,A02,Điểm thi THPT,2025,15.0,CNKT cơ điện tử
50621,DSG,cnkt-co-dien-tu,A03,Điểm thi THPT,2025,15.0,CNKT cơ điện tử
50622,DSG,cnkt-co-dien-tu,A04,Điểm thi THPT,2025,15.0,CNKT cơ điện tử
50623,DSG,cnkt-co-dien-tu,A05,Điểm thi THPT,2025,15.0,CNKT cơ điện tử
50624,DSG,cnkt-co-dien-tu,A06,Điểm thi THPT,2025,15.0,CNKT cơ điện tử
50625,DSG,cnkt-co-dien-tu,A07,Điểm thi THPT,2025,15.0,CNKT cơ điện tử
50626,DSG,cnkt-co-dien-tu,A08,Điểm thi THPT,2025,15.0,CNKT cơ điện tử
50627,DSG,cnkt-co-dien-tu,B00,Điểm thi THPT,2025,15.0,CNKT cơ điện tử
50628,DSG,cnkt-co-dien-tu,B01,Điểm thi THPT,2025,15.0,CNKT cơ điện tử
50629,DSG,cnkt-co-dien-tu,B02,Điểm thi THPT,2025,15.0,CNKT cơ điện tử
50630,DSG,cnkt-co-dien-tu,B03,Điểm thi THPT,2025,15.0,CNKT cơ điện tử
50631,DSG,cnkt-co-dien-tu,B08,Điểm thi THPT,2025,15.0,CNKT cơ điện tử
50632,DSG,cnkt-co-dien-tu,C01,Điểm thi THPT,2025,15.0,CNKT cơ điện tử
50633,DSG,cnkt-co-dien-tu,C02,Điểm thi THPT,2025,15.0,CNKT cơ điện tử
50634,DSG,cnkt-co-dien-tu,C03,Điểm thi THPT,2025,15.0,CNKT cơ điện tử
50635,DSG,cnkt-co-dien-tu,C04,Điểm thi THPT,2025,15.0,CNKT cơ điện tử
50636,DSG,cnkt-co-dien-tu,C14,Điểm thi THPT,2025,15.0,CNKT cơ điện tử
50637,DSG,cnkt-co-dien-tu,D01,Điểm thi THPT,2025,15.0,CNKT cơ điện tử
50638,DSG,cnkt-co-dien-tu,D02,Điểm thi THPT,2025,15.0,CNKT cơ điện tử
50639,DSG,cnkt-co-dien-tu,D03,Điểm thi THPT,2025,15.0,CNKT cơ điện tử
50640,DSG,cnkt-co-dien-tu,D04,Điểm thi THPT,2025,15.0,CNKT cơ điện tử
50641,DSG,cnkt-co-dien-tu,D06,Điểm thi THPT,2025,15.0,CNKT cơ điện tử
50642,DSG,cnkt-co-dien-tu,D07,Điểm thi THPT,2025,15.0,CNKT cơ điện tử
50643,DSG,cnkt-co-dien-tu,D09,Điểm thi THPT,2025,15.0,CNKT cơ điện tử
50644,DSG,cnkt-co-dien-tu,D10,Điểm thi THPT,2025,15.0,CNKT cơ điện tử
50645,DSG,cnkt-co-dien-tu,D17,Điểm thi THPT,2025,15.0,CNKT cơ điện tử
50646,DSG,cnkt-co-dien-tu,D18,Điểm thi THPT,2025,15.0,CNKT cơ điện tử
50647,DSG,cnkt-co-dien-tu,D19,Điểm thi THPT,2025,15.0,CNKT cơ điện tử
50648,DSG,cnkt-co-dien-tu,D20,Điểm thi THPT,2025,15.0,CNKT cơ điện tử
50649,DSG,cnkt-co-dien-tu,D22,Điểm thi THPT,2025,15.0,CNKT cơ điện tử
50650,DSG,cnkt-co-dien-tu,D23,Điểm thi THPT,2025,15.0,CNKT cơ điện tử
50651,DSG,cnkt-co-dien-tu,D24,Điểm thi THPT,2025,15.0,CNKT cơ điện tử
50652,DSG,cnkt-co-dien-tu,D25,Điểm thi THPT,2025,15.0,CNKT cơ điện tử
50653,DSG,cnkt-co-dien-tu,D27,Điểm thi THPT,2025,15.0,CNKT cơ điện tử
50654,DSG,cnkt-co-dien-tu,D28,Điểm thi THPT,2025,15.0,CNKT cơ điện tử
50655,DSG,cnkt-co-dien-tu,D29,Điểm thi THPT,2025,15.0,CNKT cơ điện tử
50656,DSG,cnkt-co-dien-tu,D30,Điểm thi THPT,2025,15.0,CNKT cơ điện tử
50657,DSG,cnkt-co-dien-tu,D32,Điểm thi THPT,2025,15.0,CNKT cơ điện tử
50658,DSG,cnkt-co-dien-tu,D33,Điểm thi THPT,2025,15.0,CNKT cơ điện tử
50659,DSG,cnkt-co-dien-tu,D34,Điểm thi THPT,2025,15.0,CNKT cơ điện tử
50660,DSG,cnkt-co-dien-tu,D35,Điểm thi THPT,2025,15.0,CNKT cơ điện tử
50661,DSG,cnkt-co-dien-tu,D37,Điểm thi THPT,2025,15.0,CNKT cơ điện tử
50662,DSG,cnkt-co-dien-tu,D38,Điểm thi THPT,2025,15.0,CNKT cơ điện tử
50663,DSG,cnkt-co-dien-tu,D39,Điểm thi THPT,2025,15.0,CNKT cơ điện tử
50664,DSG,cnkt-co-dien-tu,D40,Điểm thi THPT,2025,15.0,CNKT cơ điện tử
50665,DSG,cnkt-co-dien-tu,D84,Điểm thi THPT,2025,15.0,CNKT cơ điện tử
50666,DSG,cnkt-co-dien-tu,D86,Điểm thi THPT,2025,15.0,CNKT cơ điện tử
50667,DSG,cnkt-co-dien-tu,D87,Điểm thi THPT,2025,15.0,CNKT cơ điện tử
50668,DSG,cnkt-co-dien-tu,D88,Điểm thi THPT,2025,15.0,CNKT cơ điện tử
50669,DSG,cnkt-dien-dien-tu,A00,Điểm học bạ,2025,18.0,CNKT điện điện tử
50670,DSG,cnkt-dien-dien-tu,A01,Điểm học bạ,2025,18.0,CNKT điện điện tử
50671,DSG,cnkt-dien-dien-tu,A02,Điểm học bạ,2025,18.0,CNKT điện điện tử
50672,DSG,cnkt-dien-dien-tu,A03,Điểm học bạ,2025,18.0,CNKT điện điện tử
50673,DSG,cnkt-dien-dien-tu,A04,Điểm học bạ,2025,18.0,CNKT điện điện tử
50674,DSG,cnkt-dien-dien-tu,A05,Điểm học bạ,2025,18.0,CNKT điện điện tử
50675,DSG,cnkt-dien-dien-tu,A06,Điểm học bạ,2025,18.0,CNKT điện điện tử
50676,DSG,cnkt-dien-dien-tu,A07,Điểm học bạ,2025,18.0,CNKT điện điện tử
50677,DSG,cnkt-dien-dien-tu,A08,Điểm học bạ,2025,18.0,CNKT điện điện tử
50678,DSG,cnkt-dien-dien-tu,B00,Điểm học bạ,2025,18.0,CNKT điện điện tử
50679,DSG,cnkt-dien-dien-tu,B01,Điểm học bạ,2025,18.0,CNKT điện điện tử
50680,DSG,cnkt-dien-dien-tu,B02,Điểm học bạ,2025,18.0,CNKT điện điện tử
50681,DSG,cnkt-dien-dien-tu,B03,Điểm học bạ,2025,18.0,CNKT điện điện tử
50682,DSG,cnkt-dien-dien-tu,B08,Điểm học bạ,2025,18.0,CNKT điện điện tử
50683,DSG,cnkt-dien-dien-tu,C01,Điểm học bạ,2025,18.0,CNKT điện điện tử
50684,DSG,cnkt-dien-dien-tu,C02,Điểm học bạ,2025,18.0,CNKT điện điện tử
50685,DSG,cnkt-dien-dien-tu,C03,Điểm học bạ,2025,18.0,CNKT điện điện tử
50686,DSG,cnkt-dien-dien-tu,C04,Điểm học bạ,2025,18.0,CNKT điện điện tử
50687,DSG,cnkt-dien-dien-tu,C14,Điểm học bạ,2025,18.0,CNKT điện điện tử
50688,DSG,cnkt-dien-dien-tu,D01,Điểm học bạ,2025,18.0,CNKT điện điện tử
50689,DSG,cnkt-dien-dien-tu,D02,Điểm học bạ,2025,18.0,CNKT điện điện tử
50690,DSG,cnkt-dien-dien-tu,D03,Điểm học bạ,2025,18.0,CNKT điện điện tử
50691,DSG,cnkt-dien-dien-tu,D04,Điểm học bạ,2025,18.0,CNKT điện điện tử
50692,DSG,cnkt-dien-dien-tu,D06,Điểm học bạ,2025,18.0,CNKT điện điện tử
50693,DSG,cnkt-dien-dien-tu,D07,Điểm học bạ,2025,18.0,CNKT điện điện tử
50694,DSG,cnkt-dien-dien-tu,D09,Điểm học bạ,2025,18.0,CNKT điện điện tử
50695,DSG,cnkt-dien-dien-tu,D10,Điểm học bạ,2025,18.0,CNKT điện điện tử
50696,DSG,cnkt-dien-dien-tu,D17,Điểm học bạ,2025,18.0,CNKT điện điện tử
50697,DSG,cnkt-dien-dien-tu,D18,Điểm học bạ,2025,18.0,CNKT điện điện tử
50698,DSG,cnkt-dien-dien-tu,D19,Điểm học bạ,2025,18.0,CNKT điện điện tử
50699,DSG,cnkt-dien-dien-tu,D20,Điểm học bạ,2025,18.0,CNKT điện điện tử
50700,DSG,cnkt-dien-dien-tu,D22,Điểm học bạ,2025,18.0,CNKT điện điện tử
50701,DSG,cnkt-dien-dien-tu,D23,Điểm học bạ,2025,18.0,CNKT điện điện tử
50702,DSG,cnkt-dien-dien-tu,D24,Điểm học bạ,2025,18.0,CNKT điện điện tử
50703,DSG,cnkt-dien-dien-tu,D25,Điểm học bạ,2025,18.0,CNKT điện điện tử
50704,DSG,cnkt-dien-dien-tu,D27,Điểm học bạ,2025,18.0,CNKT điện điện tử
50705,DSG,cnkt-dien-dien-tu,D28,Điểm học bạ,2025,18.0,CNKT điện điện tử
50706,DSG,cnkt-dien-dien-tu,D29,Điểm học bạ,2025,18.0,CNKT điện điện tử
50707,DSG,cnkt-dien-dien-tu,D30,Điểm học bạ,2025,18.0,CNKT điện điện tử
50708,DSG,cnkt-dien-dien-tu,D32,Điểm học bạ,2025,18.0,CNKT điện điện tử
50709,DSG,cnkt-dien-dien-tu,D33,Điểm học bạ,2025,18.0,CNKT điện điện tử
50710,DSG,cnkt-dien-dien-tu,D34,Điểm học bạ,2025,18.0,CNKT điện điện tử
50711,DSG,cnkt-dien-dien-tu,D35,Điểm học bạ,2025,18.0,CNKT điện điện tử
50712,DSG,cnkt-dien-dien-tu,D37,Điểm học bạ,2025,18.0,CNKT điện điện tử
50713,DSG,cnkt-dien-dien-tu,D38,Điểm học bạ,2025,18.0,CNKT điện điện tử
50714,DSG,cnkt-dien-dien-tu,D39,Điểm học bạ,2025,18.0,CNKT điện điện tử
50715,DSG,cnkt-dien-dien-tu,D40,Điểm học bạ,2025,18.0,CNKT điện điện tử
50716,DSG,cnkt-dien-dien-tu,D84,Điểm học bạ,2025,18.0,CNKT điện điện tử
50717,DSG,cnkt-dien-dien-tu,D86,Điểm học bạ,2025,18.0,CNKT điện điện tử
50718,DSG,cnkt-dien-dien-tu,D87,Điểm học bạ,2025,18.0,CNKT điện điện tử
50719,DSG,cnkt-dien-dien-tu,D88,Điểm học bạ,2025,18.0,CNKT điện điện tử
50720,DSG,cnkt-dien-dien-tu,A00,Điểm thi THPT,2025,15.0,CNKT điện điện tử
50721,DSG,cnkt-dien-dien-tu,A01,Điểm thi THPT,2025,15.0,CNKT điện điện tử
50722,DSG,cnkt-dien-dien-tu,A02,Điểm thi THPT,2025,15.0,CNKT điện điện tử
50723,DSG,cnkt-dien-dien-tu,A03,Điểm thi THPT,2025,15.0,CNKT điện điện tử
50724,DSG,cnkt-dien-dien-tu,A04,Điểm thi THPT,2025,15.0,CNKT điện điện tử
50725,DSG,cnkt-dien-dien-tu,A05,Điểm thi THPT,2025,15.0,CNKT điện điện tử
50726,DSG,cnkt-dien-dien-tu,A06,Điểm thi THPT,2025,15.0,CNKT điện điện tử
50727,DSG,cnkt-dien-dien-tu,A07,Điểm thi THPT,2025,15.0,CNKT điện điện tử
50728,DSG,cnkt-dien-dien-tu,A08,Điểm thi THPT,2025,15.0,CNKT điện điện tử
50729,DSG,cnkt-dien-dien-tu,B00,Điểm thi THPT,2025,15.0,CNKT điện điện tử
50730,DSG,cnkt-dien-dien-tu,B01,Điểm thi THPT,2025,15.0,CNKT điện điện tử
50731,DSG,cnkt-dien-dien-tu,B02,Điểm thi THPT,2025,15.0,CNKT điện điện tử
50732,DSG,cnkt-dien-dien-tu,B03,Điểm thi THPT,2025,15.0,CNKT điện điện tử
50733,DSG,cnkt-dien-dien-tu,B08,Điểm thi THPT,2025,15.0,CNKT điện điện tử
50734,DSG,cnkt-dien-dien-tu,C01,Điểm thi THPT,2025,15.0,CNKT điện điện tử
50735,DSG,cnkt-dien-dien-tu,C02,Điểm thi THPT,2025,15.0,CNKT điện điện tử
50736,DSG,cnkt-dien-dien-tu,C03,Điểm thi THPT,2025,15.0,CNKT điện điện tử
50737,DSG,cnkt-dien-dien-tu,C04,Điểm thi THPT,2025,15.0,CNKT điện điện tử
50738,DSG,cnkt-dien-dien-tu,C14,Điểm thi THPT,2025,15.0,CNKT điện điện tử
50739,DSG,cnkt-dien-dien-tu,D01,Điểm thi THPT,2025,15.0,CNKT điện điện tử
50740,DSG,cnkt-dien-dien-tu,D02,Điểm thi THPT,2025,15.0,CNKT điện điện tử
50741,DSG,cnkt-dien-dien-tu,D03,Điểm thi THPT,2025,15.0,CNKT điện điện tử
50742,DSG,cnkt-dien-dien-tu,D04,Điểm thi THPT,2025,15.0,CNKT điện điện tử
50743,DSG,cnkt-dien-dien-tu,D06,Điểm thi THPT,2025,15.0,CNKT điện điện tử
50744,DSG,cnkt-dien-dien-tu,D07,Điểm thi THPT,2025,15.0,CNKT điện điện tử
50745,DSG,cnkt-dien-dien-tu,D09,Điểm thi THPT,2025,15.0,CNKT điện điện tử
50746,DSG,cnkt-dien-dien-tu,D10,Điểm thi THPT,2025,15.0,CNKT điện điện tử
50747,DSG,cnkt-dien-dien-tu,D17,Điểm thi THPT,2025,15.0,CNKT điện điện tử
50748,DSG,cnkt-dien-dien-tu,D18,Điểm thi THPT,2025,15.0,CNKT điện điện tử
50749,DSG,cnkt-dien-dien-tu,D19,Điểm thi THPT,2025,15.0,CNKT điện điện tử
50750,DSG,cnkt-dien-dien-tu,D20,Điểm thi THPT,2025,15.0,CNKT điện điện tử
50751,DSG,cnkt-dien-dien-tu,D22,Điểm thi THPT,2025,15.0,CNKT điện điện tử
50752,DSG,cnkt-dien-dien-tu,D23,Điểm thi THPT,2025,15.0,CNKT điện điện tử
50753,DSG,cnkt-dien-dien-tu,D24,Điểm thi THPT,2025,15.0,CNKT điện điện tử
50754,DSG,cnkt-dien-dien-tu,D25,Điểm thi THPT,2025,15.0,CNKT điện điện tử
50755,DSG,cnkt-dien-dien-tu,D27,Điểm thi THPT,2025,15.0,CNKT điện điện tử
50756,DSG,cnkt-dien-dien-tu,D28,Điểm thi THPT,2025,15.0,CNKT điện điện tử
50757,DSG,cnkt-dien-dien-tu,D29,Điểm thi THPT,2025,15.0,CNKT điện điện tử
50758,DSG,cnkt-dien-dien-tu,D30,Điểm thi THPT,2025,15.0,CNKT điện điện tử
50759,DSG,cnkt-dien-dien-tu,D32,Điểm thi THPT,2025,15.0,CNKT điện điện tử
50760,DSG,cnkt-dien-dien-tu,D33,Điểm thi THPT,2025,15.0,CNKT điện điện tử
50761,DSG,cnkt-dien-dien-tu,D34,Điểm thi THPT,2025,15.0,CNKT điện điện tử
50762,DSG,cnkt-dien-dien-tu,D35,Điểm thi THPT,2025,15.0,CNKT điện điện tử
50763,DSG,cnkt-dien-dien-tu,D37,Điểm thi THPT,2025,15.0,CNKT điện điện tử
50764,DSG,cnkt-dien-dien-tu,D38,Điểm thi THPT,2025,15.0,CNKT điện điện tử
50765,DSG,cnkt-dien-dien-tu,D39,Điểm thi THPT,2025,15.0,CNKT điện điện tử
50766,DSG,cnkt-dien-dien-tu,D40,Điểm thi THPT,2025,15.0,CNKT điện điện tử
50767,DSG,cnkt-dien-dien-tu,D84,Điểm thi THPT,2025,15.0,CNKT điện điện tử
50768,DSG,cnkt-dien-dien-tu,D86,Điểm thi THPT,2025,15.0,CNKT điện điện tử
50769,DSG,cnkt-dien-dien-tu,D87,Điểm thi THPT,2025,15.0,CNKT điện điện tử
50770,DSG,cnkt-dien-dien-tu,D88,Điểm thi THPT,2025,15.0,CNKT điện điện tử
50771,DSG,cnkt-dien-tu-vien-thong,A00,Điểm thi THPT,2024,15.0,CNKT Điện tử viễn thông
50772,DSG,cnkt-dien-tu-vien-thong,A01,Điểm thi THPT,2024,15.0,CNKT Điện tử viễn thông
50773,DSG,cnkt-dien-tu-vien-thong,D01,Điểm thi THPT,2024,15.0,CNKT Điện tử viễn thông
50774,DSG,cnkt-dien-tu-vien-thong,D02,Điểm thi THPT,2024,15.0,CNKT Điện tử viễn thông
50775,DSG,cnkt-dien-tu-vien-thong,D03,Điểm thi THPT,2024,15.0,CNKT Điện tử viễn thông
50776,DSG,cnkt-dien-tu-vien-thong,D04,Điểm thi THPT,2024,15.0,CNKT Điện tử viễn thông
50777,DSG,cnkt-dien-tu-vien-thong,D05,Điểm thi THPT,2024,15.0,CNKT Điện tử viễn thông
50778,DSG,cnkt-dien-tu-vien-thong,D06,Điểm thi THPT,2024,15.0,CNKT Điện tử viễn thông
50779,DSG,cnkt-dien-tu-vien-thong,D26,Điểm thi THPT,2024,15.0,CNKT Điện tử viễn thông
50780,DSG,cnkt-dien-tu-vien-thong,D27,Điểm thi THPT,2024,15.0,CNKT Điện tử viễn thông
50781,DSG,cnkt-dien-tu-vien-thong,D28,Điểm thi THPT,2024,15.0,CNKT Điện tử viễn thông
50782,DSG,cnkt-dien-tu-vien-thong,D29,Điểm thi THPT,2024,15.0,CNKT Điện tử viễn thông
50783,DSG,cnkt-dien-tu-vien-thong,D30,Điểm thi THPT,2024,15.0,CNKT Điện tử viễn thông
50784,DSG,cnkt-dien-tu-vien-thong,D90,Điểm thi THPT,2024,15.0,CNKT Điện tử viễn thông
50785,DSG,cnkt-dien-tu-vien-thong,D91,Điểm thi THPT,2024,15.0,CNKT Điện tử viễn thông
50786,DSG,cnkt-dien-tu-vien-thong,D92,Điểm thi THPT,2024,15.0,CNKT Điện tử viễn thông
50787,DSG,cnkt-dien-tu-vien-thong,D93,Điểm thi THPT,2024,15.0,CNKT Điện tử viễn thông
50788,DSG,cnkt-dien-tu-vien-thong,D94,Điểm thi THPT,2024,15.0,CNKT Điện tử viễn thông
50789,DSG,cnkt-dien-tu-vien-thong,D95,Điểm thi THPT,2024,15.0,CNKT Điện tử viễn thông
50790,DSG,cnkt-dien-tu-vien-thong,A00,Điểm học bạ,2025,18.0,CNKT điện tử viễn thông
50791,DSG,cnkt-dien-tu-vien-thong,A01,Điểm học bạ,2025,18.0,CNKT điện tử viễn thông
50792,DSG,cnkt-dien-tu-vien-thong,A02,Điểm học bạ,2025,18.0,CNKT điện tử viễn thông
50793,DSG,cnkt-dien-tu-vien-thong,A03,Điểm học bạ,2025,18.0,CNKT điện tử viễn thông
50794,DSG,cnkt-dien-tu-vien-thong,A04,Điểm học bạ,2025,18.0,CNKT điện tử viễn thông
50795,DSG,cnkt-dien-tu-vien-thong,A05,Điểm học bạ,2025,18.0,CNKT điện tử viễn thông
50796,DSG,cnkt-dien-tu-vien-thong,A06,Điểm học bạ,2025,18.0,CNKT điện tử viễn thông
50797,DSG,cnkt-dien-tu-vien-thong,A07,Điểm học bạ,2025,18.0,CNKT điện tử viễn thông
50798,DSG,cnkt-dien-tu-vien-thong,A08,Điểm học bạ,2025,18.0,CNKT điện tử viễn thông
50799,DSG,cnkt-dien-tu-vien-thong,B00,Điểm học bạ,2025,18.0,CNKT điện tử viễn thông
50800,DSG,cnkt-dien-tu-vien-thong,B01,Điểm học bạ,2025,18.0,CNKT điện tử viễn thông
50801,DSG,cnkt-dien-tu-vien-thong,B02,Điểm học bạ,2025,18.0,CNKT điện tử viễn thông
50802,DSG,cnkt-dien-tu-vien-thong,B03,Điểm học bạ,2025,18.0,CNKT điện tử viễn thông
50803,DSG,cnkt-dien-tu-vien-thong,B08,Điểm học bạ,2025,18.0,CNKT điện tử viễn thông
50804,DSG,cnkt-dien-tu-vien-thong,C01,Điểm học bạ,2025,18.0,CNKT điện tử viễn thông
50805,DSG,cnkt-dien-tu-vien-thong,C02,Điểm học bạ,2025,18.0,CNKT điện tử viễn thông
50806,DSG,cnkt-dien-tu-vien-thong,C03,Điểm học bạ,2025,18.0,CNKT điện tử viễn thông
50807,DSG,cnkt-dien-tu-vien-thong,C04,Điểm học bạ,2025,18.0,CNKT điện tử viễn thông
50808,DSG,cnkt-dien-tu-vien-thong,C14,Điểm học bạ,2025,18.0,CNKT điện tử viễn thông
50809,DSG,cnkt-dien-tu-vien-thong,D01,Điểm học bạ,2025,18.0,CNKT điện tử viễn thông
50810,DSG,cnkt-dien-tu-vien-thong,D02,Điểm học bạ,2025,18.0,CNKT điện tử viễn thông
50811,DSG,cnkt-dien-tu-vien-thong,D03,Điểm học bạ,2025,18.0,CNKT điện tử viễn thông
50812,DSG,cnkt-dien-tu-vien-thong,D04,Điểm học bạ,2025,18.0,CNKT điện tử viễn thông
50813,DSG,cnkt-dien-tu-vien-thong,D06,Điểm học bạ,2025,18.0,CNKT điện tử viễn thông
50814,DSG,cnkt-dien-tu-vien-thong,D07,Điểm học bạ,2025,18.0,CNKT điện tử viễn thông
50815,DSG,cnkt-dien-tu-vien-thong,D09,Điểm học bạ,2025,18.0,CNKT điện tử viễn thông
50816,DSG,cnkt-dien-tu-vien-thong,D10,Điểm học bạ,2025,18.0,CNKT điện tử viễn thông
50817,DSG,cnkt-dien-tu-vien-thong,D17,Điểm học bạ,2025,18.0,CNKT điện tử viễn thông
50818,DSG,cnkt-dien-tu-vien-thong,D18,Điểm học bạ,2025,18.0,CNKT điện tử viễn thông
50819,DSG,cnkt-dien-tu-vien-thong,D19,Điểm học bạ,2025,18.0,CNKT điện tử viễn thông
50820,DSG,cnkt-dien-tu-vien-thong,D20,Điểm học bạ,2025,18.0,CNKT điện tử viễn thông
50821,DSG,cnkt-dien-tu-vien-thong,D22,Điểm học bạ,2025,18.0,CNKT điện tử viễn thông
50822,DSG,cnkt-dien-tu-vien-thong,D23,Điểm học bạ,2025,18.0,CNKT điện tử viễn thông
50823,DSG,cnkt-dien-tu-vien-thong,D24,Điểm học bạ,2025,18.0,CNKT điện tử viễn thông
50824,DSG,cnkt-dien-tu-vien-thong,D25,Điểm học bạ,2025,18.0,CNKT điện tử viễn thông
50825,DSG,cnkt-dien-tu-vien-thong,D27,Điểm học bạ,2025,18.0,CNKT điện tử viễn thông
50826,DSG,cnkt-dien-tu-vien-thong,D28,Điểm học bạ,2025,18.0,CNKT điện tử viễn thông
50827,DSG,cnkt-dien-tu-vien-thong,D29,Điểm học bạ,2025,18.0,CNKT điện tử viễn thông
50828,DSG,cnkt-dien-tu-vien-thong,D30,Điểm học bạ,2025,18.0,CNKT điện tử viễn thông
50829,DSG,cnkt-dien-tu-vien-thong,D32,Điểm học bạ,2025,18.0,CNKT điện tử viễn thông
50830,DSG,cnkt-dien-tu-vien-thong,D33,Điểm học bạ,2025,18.0,CNKT điện tử viễn thông
50831,DSG,cnkt-dien-tu-vien-thong,D34,Điểm học bạ,2025,18.0,CNKT điện tử viễn thông
50832,DSG,cnkt-dien-tu-vien-thong,D35,Điểm học bạ,2025,18.0,CNKT điện tử viễn thông
50833,DSG,cnkt-dien-tu-vien-thong,D37,Điểm học bạ,2025,18.0,CNKT điện tử viễn thông
50834,DSG,cnkt-dien-tu-vien-thong,D38,Điểm học bạ,2025,18.0,CNKT điện tử viễn thông
50835,DSG,cnkt-dien-tu-vien-thong,D39,Điểm học bạ,2025,18.0,CNKT điện tử viễn thông
50836,DSG,cnkt-dien-tu-vien-thong,D40,Điểm học bạ,2025,18.0,CNKT điện tử viễn thông
50837,DSG,cnkt-dien-tu-vien-thong,D84,Điểm học bạ,2025,18.0,CNKT điện tử viễn thông
50838,DSG,cnkt-dien-tu-vien-thong,D86,Điểm học bạ,2025,18.0,CNKT điện tử viễn thông
50839,DSG,cnkt-dien-tu-vien-thong,D87,Điểm học bạ,2025,18.0,CNKT điện tử viễn thông
50840,DSG,cnkt-dien-tu-vien-thong,D88,Điểm học bạ,2025,18.0,CNKT điện tử viễn thông
50841,DSG,cnkt-dien-tu-vien-thong,A00,Điểm thi THPT,2025,15.0,CNKT điện tử viễn thông
50842,DSG,cnkt-dien-tu-vien-thong,A01,Điểm thi THPT,2025,15.0,CNKT điện tử viễn thông
50843,DSG,cnkt-dien-tu-vien-thong,A02,Điểm thi THPT,2025,15.0,CNKT điện tử viễn thông
50844,DSG,cnkt-dien-tu-vien-thong,A03,Điểm thi THPT,2025,15.0,CNKT điện tử viễn thông
50845,DSG,cnkt-dien-tu-vien-thong,A04,Điểm thi THPT,2025,15.0,CNKT điện tử viễn thông
50846,DSG,cnkt-dien-tu-vien-thong,A05,Điểm thi THPT,2025,15.0,CNKT điện tử viễn thông
50847,DSG,cnkt-dien-tu-vien-thong,A06,Điểm thi THPT,2025,15.0,CNKT điện tử viễn thông
50848,DSG,cnkt-dien-tu-vien-thong,A07,Điểm thi THPT,2025,15.0,CNKT điện tử viễn thông
50849,DSG,cnkt-dien-tu-vien-thong,A08,Điểm thi THPT,2025,15.0,CNKT điện tử viễn thông
50850,DSG,cnkt-dien-tu-vien-thong,B00,Điểm thi THPT,2025,15.0,CNKT điện tử viễn thông
50851,DSG,cnkt-dien-tu-vien-thong,B01,Điểm thi THPT,2025,15.0,CNKT điện tử viễn thông
50852,DSG,cnkt-dien-tu-vien-thong,B02,Điểm thi THPT,2025,15.0,CNKT điện tử viễn thông
50853,DSG,cnkt-dien-tu-vien-thong,B03,Điểm thi THPT,2025,15.0,CNKT điện tử viễn thông
50854,DSG,cnkt-dien-tu-vien-thong,B08,Điểm thi THPT,2025,15.0,CNKT điện tử viễn thông
50855,DSG,cnkt-dien-tu-vien-thong,C01,Điểm thi THPT,2025,15.0,CNKT điện tử viễn thông
50856,DSG,cnkt-dien-tu-vien-thong,C02,Điểm thi THPT,2025,15.0,CNKT điện tử viễn thông
50857,DSG,cnkt-dien-tu-vien-thong,C03,Điểm thi THPT,2025,15.0,CNKT điện tử viễn thông
50858,DSG,cnkt-dien-tu-vien-thong,C04,Điểm thi THPT,2025,15.0,CNKT điện tử viễn thông
50859,DSG,cnkt-dien-tu-vien-thong,C14,Điểm thi THPT,2025,15.0,CNKT điện tử viễn thông
50860,DSG,cnkt-dien-tu-vien-thong,D01,Điểm thi THPT,2025,15.0,CNKT điện tử viễn thông
50861,DSG,cnkt-dien-tu-vien-thong,D02,Điểm thi THPT,2025,15.0,CNKT điện tử viễn thông
50862,DSG,cnkt-dien-tu-vien-thong,D03,Điểm thi THPT,2025,15.0,CNKT điện tử viễn thông
50863,DSG,cnkt-dien-tu-vien-thong,D04,Điểm thi THPT,2025,15.0,CNKT điện tử viễn thông
50864,DSG,cnkt-dien-tu-vien-thong,D06,Điểm thi THPT,2025,15.0,CNKT điện tử viễn thông
50865,DSG,cnkt-dien-tu-vien-thong,D07,Điểm thi THPT,2025,15.0,CNKT điện tử viễn thông
50866,DSG,cnkt-dien-tu-vien-thong,D09,Điểm thi THPT,2025,15.0,CNKT điện tử viễn thông
50867,DSG,cnkt-dien-tu-vien-thong,D10,Điểm thi THPT,2025,15.0,CNKT điện tử viễn thông
50868,DSG,cnkt-dien-tu-vien-thong,D17,Điểm thi THPT,2025,15.0,CNKT điện tử viễn thông
50869,DSG,cnkt-dien-tu-vien-thong,D18,Điểm thi THPT,2025,15.0,CNKT điện tử viễn thông
50870,DSG,cnkt-dien-tu-vien-thong,D19,Điểm thi THPT,2025,15.0,CNKT điện tử viễn thông
50871,DSG,cnkt-dien-tu-vien-thong,D20,Điểm thi THPT,2025,15.0,CNKT điện tử viễn thông
50872,DSG,cnkt-dien-tu-vien-thong,D22,Điểm thi THPT,2025,15.0,CNKT điện tử viễn thông
50873,DSG,cnkt-dien-tu-vien-thong,D23,Điểm thi THPT,2025,15.0,CNKT điện tử viễn thông
50874,DSG,cnkt-dien-tu-vien-thong,D24,Điểm thi THPT,2025,15.0,CNKT điện tử viễn thông
50875,DSG,cnkt-dien-tu-vien-thong,D25,Điểm thi THPT,2025,15.0,CNKT điện tử viễn thông
50876,DSG,cnkt-dien-tu-vien-thong,D27,Điểm thi THPT,2025,15.0,CNKT điện tử viễn thông
50877,DSG,cnkt-dien-tu-vien-thong,D28,Điểm thi THPT,2025,15.0,CNKT điện tử viễn thông
50878,DSG,cnkt-dien-tu-vien-thong,D29,Điểm thi THPT,2025,15.0,CNKT điện tử viễn thông
50879,DSG,cnkt-dien-tu-vien-thong,D30,Điểm thi THPT,2025,15.0,CNKT điện tử viễn thông
50880,DSG,cnkt-dien-tu-vien-thong,D32,Điểm thi THPT,2025,15.0,CNKT điện tử viễn thông
50881,DSG,cnkt-dien-tu-vien-thong,D33,Điểm thi THPT,2025,15.0,CNKT điện tử viễn thông
50882,DSG,cnkt-dien-tu-vien-thong,D34,Điểm thi THPT,2025,15.0,CNKT điện tử viễn thông
50883,DSG,cnkt-dien-tu-vien-thong,D35,Điểm thi THPT,2025,15.0,CNKT điện tử viễn thông
50884,DSG,cnkt-dien-tu-vien-thong,D37,Điểm thi THPT,2025,15.0,CNKT điện tử viễn thông
50885,DSG,cnkt-dien-tu-vien-thong,D38,Điểm thi THPT,2025,15.0,CNKT điện tử viễn thông
50886,DSG,cnkt-dien-tu-vien-thong,D39,Điểm thi THPT,2025,15.0,CNKT điện tử viễn thông
50887,DSG,cnkt-dien-tu-vien-thong,D40,Điểm thi THPT,2025,15.0,CNKT điện tử viễn thông
50888,DSG,cnkt-dien-tu-vien-thong,D84,Điểm thi THPT,2025,15.0,CNKT điện tử viễn thông
50889,DSG,cnkt-dien-tu-vien-thong,D86,Điểm thi THPT,2025,15.0,CNKT điện tử viễn thông
50890,DSG,cnkt-dien-tu-vien-thong,D87,Điểm thi THPT,2025,15.0,CNKT điện tử viễn thông
50891,DSG,cnkt-dien-tu-vien-thong,D88,Điểm thi THPT,2025,15.0,CNKT điện tử viễn thông
50892,DSG,cong-nghe-ky-thuat-co-dien-tu,A00,Điểm học bạ,2021,18.0,Công nghệ Kỹ thuật Cơ - Điện tử
50893,DSG,cong-nghe-ky-thuat-co-dien-tu,A01,Điểm học bạ,2021,18.0,Công nghệ Kỹ thuật Cơ - Điện tử
50894,DSG,cong-nghe-ky-thuat-co-dien-tu,D01,Điểm học bạ,2021,18.0,Công nghệ Kỹ thuật Cơ - Điện tử
50895,DSG,cong-nghe-ky-thuat-co-dien-tu,D02,Điểm học bạ,2021,18.0,Công nghệ Kỹ thuật Cơ - Điện tử
50896,DSG,cong-nghe-ky-thuat-co-dien-tu,D03,Điểm học bạ,2021,18.0,Công nghệ Kỹ thuật Cơ - Điện tử
50897,DSG,cong-nghe-ky-thuat-co-dien-tu,D04,Điểm học bạ,2021,18.0,Công nghệ Kỹ thuật Cơ - Điện tử
50898,DSG,cong-nghe-ky-thuat-co-dien-tu,D05,Điểm học bạ,2021,18.0,Công nghệ Kỹ thuật Cơ - Điện tử
50899,DSG,cong-nghe-ky-thuat-co-dien-tu,D06,Điểm học bạ,2021,18.0,Công nghệ Kỹ thuật Cơ - Điện tử
50900,DSG,cong-nghe-ky-thuat-co-dien-tu,D26,Điểm học bạ,2021,18.0,Công nghệ Kỹ thuật Cơ - Điện tử
50901,DSG,cong-nghe-ky-thuat-co-dien-tu,D27,Điểm học bạ,2021,18.0,Công nghệ Kỹ thuật Cơ - Điện tử
50902,DSG,cong-nghe-ky-thuat-co-dien-tu,D28,Điểm học bạ,2021,18.0,Công nghệ Kỹ thuật Cơ - Điện tử
50903,DSG,cong-nghe-ky-thuat-co-dien-tu,D29,Điểm học bạ,2021,18.0,Công nghệ Kỹ thuật Cơ - Điện tử
50904,DSG,cong-nghe-ky-thuat-co-dien-tu,D30,Điểm học bạ,2021,18.0,Công nghệ Kỹ thuật Cơ - Điện tử
50905,DSG,cong-nghe-ky-thuat-co-dien-tu,D90,Điểm học bạ,2021,18.0,Công nghệ Kỹ thuật Cơ - Điện tử
50906,DSG,cong-nghe-ky-thuat-co-dien-tu,D91,Điểm học bạ,2021,18.0,Công nghệ Kỹ thuật Cơ - Điện tử
50907,DSG,cong-nghe-ky-thuat-co-dien-tu,D92,Điểm học bạ,2021,18.0,Công nghệ Kỹ thuật Cơ - Điện tử
50908,DSG,cong-nghe-ky-thuat-co-dien-tu,D93,Điểm học bạ,2021,18.0,Công nghệ Kỹ thuật Cơ - Điện tử
50909,DSG,cong-nghe-ky-thuat-co-dien-tu,D94,Điểm học bạ,2021,18.0,Công nghệ Kỹ thuật Cơ - Điện tử
50910,DSG,cong-nghe-ky-thuat-co-dien-tu,D95,Điểm học bạ,2021,18.0,Công nghệ Kỹ thuật Cơ - Điện tử
50911,DSG,cong-nghe-ky-thuat-co-dien-tu,A00,Điểm thi THPT,2021,15.0,Công nghệ Kỹ thuật Cơ - Điện tử
50912,DSG,cong-nghe-ky-thuat-co-dien-tu,A01,Điểm thi THPT,2021,15.0,Công nghệ Kỹ thuật Cơ - Điện tử
50913,DSG,cong-nghe-ky-thuat-co-dien-tu,D01,Điểm thi THPT,2021,15.0,Công nghệ Kỹ thuật Cơ - Điện tử
50914,DSG,cong-nghe-ky-thuat-co-dien-tu,D02,Điểm thi THPT,2021,15.0,Công nghệ Kỹ thuật Cơ - Điện tử
50915,DSG,cong-nghe-ky-thuat-co-dien-tu,D03,Điểm thi THPT,2021,15.0,Công nghệ Kỹ thuật Cơ - Điện tử
50916,DSG,cong-nghe-ky-thuat-co-dien-tu,D04,Điểm thi THPT,2021,15.0,Công nghệ Kỹ thuật Cơ - Điện tử
50917,DSG,cong-nghe-ky-thuat-co-dien-tu,D05,Điểm thi THPT,2021,15.0,Công nghệ Kỹ thuật Cơ - Điện tử
50918,DSG,cong-nghe-ky-thuat-co-dien-tu,D06,Điểm thi THPT,2021,15.0,Công nghệ Kỹ thuật Cơ - Điện tử
50919,DSG,cong-nghe-ky-thuat-co-dien-tu,D26,Điểm thi THPT,2021,15.0,Công nghệ Kỹ thuật Cơ - Điện tử
50920,DSG,cong-nghe-ky-thuat-co-dien-tu,D27,Điểm thi THPT,2021,15.0,Công nghệ Kỹ thuật Cơ - Điện tử
50921,DSG,cong-nghe-ky-thuat-co-dien-tu,D28,Điểm thi THPT,2021,15.0,Công nghệ Kỹ thuật Cơ - Điện tử
50922,DSG,cong-nghe-ky-thuat-co-dien-tu,D29,Điểm thi THPT,2021,15.0,Công nghệ Kỹ thuật Cơ - Điện tử
50923,DSG,cong-nghe-ky-thuat-co-dien-tu,D30,Điểm thi THPT,2021,15.0,Công nghệ Kỹ thuật Cơ - Điện tử
50924,DSG,cong-nghe-ky-thuat-co-dien-tu,D90,Điểm thi THPT,2021,15.0,Công nghệ Kỹ thuật Cơ - Điện tử
50925,DSG,cong-nghe-ky-thuat-co-dien-tu,D91,Điểm thi THPT,2021,15.0,Công nghệ Kỹ thuật Cơ - Điện tử
50926,DSG,cong-nghe-ky-thuat-co-dien-tu,D92,Điểm thi THPT,2021,15.0,Công nghệ Kỹ thuật Cơ - Điện tử
50927,DSG,cong-nghe-ky-thuat-co-dien-tu,D93,Điểm thi THPT,2021,15.0,Công nghệ Kỹ thuật Cơ - Điện tử
50928,DSG,cong-nghe-ky-thuat-co-dien-tu,D94,Điểm thi THPT,2021,15.0,Công nghệ Kỹ thuật Cơ - Điện tử
50929,DSG,cong-nghe-ky-thuat-co-dien-tu,D95,Điểm thi THPT,2021,15.0,Công nghệ Kỹ thuật Cơ - Điện tử
50930,DSG,cong-nghe-ky-thuat-co-dien-tu,A00,Điểm học bạ,2022,18.0,Công nghệ kỹ thuật cơ điện tử
50931,DSG,cong-nghe-ky-thuat-co-dien-tu,A01,Điểm học bạ,2022,18.0,Công nghệ kỹ thuật cơ điện tử
50932,DSG,cong-nghe-ky-thuat-co-dien-tu,D01,Điểm học bạ,2022,18.0,Công nghệ kỹ thuật cơ điện tử
50933,DSG,cong-nghe-ky-thuat-co-dien-tu,D02,Điểm học bạ,2022,18.0,Công nghệ kỹ thuật cơ điện tử
50934,DSG,cong-nghe-ky-thuat-co-dien-tu,D03,Điểm học bạ,2022,18.0,Công nghệ kỹ thuật cơ điện tử
50935,DSG,cong-nghe-ky-thuat-co-dien-tu,D04,Điểm học bạ,2022,18.0,Công nghệ kỹ thuật cơ điện tử
50936,DSG,cong-nghe-ky-thuat-co-dien-tu,D05,Điểm học bạ,2022,18.0,Công nghệ kỹ thuật cơ điện tử
50937,DSG,cong-nghe-ky-thuat-co-dien-tu,D06,Điểm học bạ,2022,18.0,Công nghệ kỹ thuật cơ điện tử
50938,DSG,cong-nghe-ky-thuat-co-dien-tu,D07,Điểm học bạ,2022,18.0,Công nghệ kỹ thuật cơ điện tử
50939,DSG,cong-nghe-ky-thuat-co-dien-tu,D21,Điểm học bạ,2022,18.0,Công nghệ kỹ thuật cơ điện tử
50940,DSG,cong-nghe-ky-thuat-co-dien-tu,D22,Điểm học bạ,2022,18.0,Công nghệ kỹ thuật cơ điện tử
50941,DSG,cong-nghe-ky-thuat-co-dien-tu,D23,Điểm học bạ,2022,18.0,Công nghệ kỹ thuật cơ điện tử
50942,DSG,cong-nghe-ky-thuat-co-dien-tu,D24,Điểm học bạ,2022,18.0,Công nghệ kỹ thuật cơ điện tử
50943,DSG,cong-nghe-ky-thuat-co-dien-tu,D25,Điểm học bạ,2022,18.0,Công nghệ kỹ thuật cơ điện tử
50944,DSG,cong-nghe-ky-thuat-co-dien-tu,D26,Điểm học bạ,2022,18.0,Công nghệ kỹ thuật cơ điện tử
50945,DSG,cong-nghe-ky-thuat-co-dien-tu,D27,Điểm học bạ,2022,18.0,Công nghệ kỹ thuật cơ điện tử
50946,DSG,cong-nghe-ky-thuat-co-dien-tu,D28,Điểm học bạ,2022,18.0,Công nghệ kỹ thuật cơ điện tử
50947,DSG,cong-nghe-ky-thuat-co-dien-tu,D29,Điểm học bạ,2022,18.0,Công nghệ kỹ thuật cơ điện tử
50948,DSG,cong-nghe-ky-thuat-co-dien-tu,D30,Điểm học bạ,2022,18.0,Công nghệ kỹ thuật cơ điện tử
50949,DSG,cong-nghe-ky-thuat-co-dien-tu,A00,Điểm thi THPT,2022,15.0,Công nghệ kỹ thuật cơ điện tử
50950,DSG,cong-nghe-ky-thuat-co-dien-tu,A01,Điểm thi THPT,2022,15.0,Công nghệ kỹ thuật cơ điện tử
50951,DSG,cong-nghe-ky-thuat-co-dien-tu,D01,Điểm thi THPT,2022,15.0,Công nghệ kỹ thuật cơ điện tử
50952,DSG,cong-nghe-ky-thuat-co-dien-tu,D02,Điểm thi THPT,2022,15.0,Công nghệ kỹ thuật cơ điện tử
50953,DSG,cong-nghe-ky-thuat-co-dien-tu,D03,Điểm thi THPT,2022,15.0,Công nghệ kỹ thuật cơ điện tử
50954,DSG,cong-nghe-ky-thuat-co-dien-tu,D04,Điểm thi THPT,2022,15.0,Công nghệ kỹ thuật cơ điện tử
50955,DSG,cong-nghe-ky-thuat-co-dien-tu,D05,Điểm thi THPT,2022,15.0,Công nghệ kỹ thuật cơ điện tử
50956,DSG,cong-nghe-ky-thuat-co-dien-tu,D06,Điểm thi THPT,2022,15.0,Công nghệ kỹ thuật cơ điện tử
50957,DSG,cong-nghe-ky-thuat-co-dien-tu,D07,Điểm thi THPT,2022,15.0,Công nghệ kỹ thuật cơ điện tử
50958,DSG,cong-nghe-ky-thuat-co-dien-tu,D21,Điểm thi THPT,2022,15.0,Công nghệ kỹ thuật cơ điện tử
50959,DSG,cong-nghe-ky-thuat-co-dien-tu,D22,Điểm thi THPT,2022,15.0,Công nghệ kỹ thuật cơ điện tử
50960,DSG,cong-nghe-ky-thuat-co-dien-tu,D23,Điểm thi THPT,2022,15.0,Công nghệ kỹ thuật cơ điện tử
50961,DSG,cong-nghe-ky-thuat-co-dien-tu,D24,Điểm thi THPT,2022,15.0,Công nghệ kỹ thuật cơ điện tử
50962,DSG,cong-nghe-ky-thuat-co-dien-tu,D25,Điểm thi THPT,2022,15.0,Công nghệ kỹ thuật cơ điện tử
50963,DSG,cong-nghe-ky-thuat-co-dien-tu,D26,Điểm thi THPT,2022,15.0,Công nghệ kỹ thuật cơ điện tử
50964,DSG,cong-nghe-ky-thuat-co-dien-tu,D27,Điểm thi THPT,2022,15.0,Công nghệ kỹ thuật cơ điện tử
50965,DSG,cong-nghe-ky-thuat-co-dien-tu,D28,Điểm thi THPT,2022,15.0,Công nghệ kỹ thuật cơ điện tử
50966,DSG,cong-nghe-ky-thuat-co-dien-tu,D29,Điểm thi THPT,2022,15.0,Công nghệ kỹ thuật cơ điện tử
50967,DSG,cong-nghe-ky-thuat-co-dien-tu,D30,Điểm thi THPT,2022,15.0,Công nghệ kỹ thuật cơ điện tử
50968,DSG,cong-nghe-ky-thuat-co-dien-tu,A00,Điểm học bạ,2023,18.0,Công nghệ kỹ thuật cơ điện tử
50969,DSG,cong-nghe-ky-thuat-co-dien-tu,A01,Điểm học bạ,2023,18.0,Công nghệ kỹ thuật cơ điện tử
50970,DSG,cong-nghe-ky-thuat-co-dien-tu,D01,Điểm học bạ,2023,18.0,Công nghệ kỹ thuật cơ điện tử
50971,DSG,cong-nghe-ky-thuat-co-dien-tu,A00,Điểm thi THPT,2023,15.0,Công nghệ kỹ thuật cơ điện tử
50972,DSG,cong-nghe-ky-thuat-co-dien-tu,A01,Điểm thi THPT,2023,15.0,Công nghệ kỹ thuật cơ điện tử
50973,DSG,cong-nghe-ky-thuat-co-dien-tu,D01,Điểm thi THPT,2023,15.0,Công nghệ kỹ thuật cơ điện tử
50974,DSG,cong-nghe-ky-thuat-co-dien-tu,D90,Điểm thi THPT,2023,15.0,Công nghệ kỹ thuật cơ điện tử
50975,DSG,cong-nghe-ky-thuat-co-dien-tu,A00,Điểm thi THPT,2024,15.0,Công nghệ kỹ thuật cơ điện tử
50976,DSG,cong-nghe-ky-thuat-co-dien-tu,A01,Điểm thi THPT,2024,15.0,Công nghệ kỹ thuật cơ điện tử
50977,DSG,cong-nghe-ky-thuat-co-dien-tu,D01,Điểm thi THPT,2024,15.0,Công nghệ kỹ thuật cơ điện tử
50978,DSG,cong-nghe-ky-thuat-co-dien-tu,D02,Điểm thi THPT,2024,15.0,Công nghệ kỹ thuật cơ điện tử
50979,DSG,cong-nghe-ky-thuat-co-dien-tu,D03,Điểm thi THPT,2024,15.0,Công nghệ kỹ thuật cơ điện tử
50980,DSG,cong-nghe-ky-thuat-co-dien-tu,D04,Điểm thi THPT,2024,15.0,Công nghệ kỹ thuật cơ điện tử
50981,DSG,cong-nghe-ky-thuat-co-dien-tu,D05,Điểm thi THPT,2024,15.0,Công nghệ kỹ thuật cơ điện tử
50982,DSG,cong-nghe-ky-thuat-co-dien-tu,D06,Điểm thi THPT,2024,15.0,Công nghệ kỹ thuật cơ điện tử
50983,DSG,cong-nghe-ky-thuat-co-dien-tu,D26,Điểm thi THPT,2024,15.0,Công nghệ kỹ thuật cơ điện tử
50984,DSG,cong-nghe-ky-thuat-co-dien-tu,D27,Điểm thi THPT,2024,15.0,Công nghệ kỹ thuật cơ điện tử
50985,DSG,cong-nghe-ky-thuat-co-dien-tu,D28,Điểm thi THPT,2024,15.0,Công nghệ kỹ thuật cơ điện tử
50986,DSG,cong-nghe-ky-thuat-co-dien-tu,D29,Điểm thi THPT,2024,15.0,Công nghệ kỹ thuật cơ điện tử
50987,DSG,cong-nghe-ky-thuat-co-dien-tu,D30,Điểm thi THPT,2024,15.0,Công nghệ kỹ thuật cơ điện tử
50988,DSG,cong-nghe-ky-thuat-co-dien-tu,D90,Điểm thi THPT,2024,15.0,Công nghệ kỹ thuật cơ điện tử
50989,DSG,cong-nghe-ky-thuat-co-dien-tu,D91,Điểm thi THPT,2024,15.0,Công nghệ kỹ thuật cơ điện tử
50990,DSG,cong-nghe-ky-thuat-co-dien-tu,D92,Điểm thi THPT,2024,15.0,Công nghệ kỹ thuật cơ điện tử
50991,DSG,cong-nghe-ky-thuat-co-dien-tu,D93,Điểm thi THPT,2024,15.0,Công nghệ kỹ thuật cơ điện tử
50992,DSG,cong-nghe-ky-thuat-co-dien-tu,D94,Điểm thi THPT,2024,15.0,Công nghệ kỹ thuật cơ điện tử
50993,DSG,cong-nghe-ky-thuat-co-dien-tu,D95,Điểm thi THPT,2024,15.0,Công nghệ kỹ thuật cơ điện tử
50994,DSG,cong-nghe-ky-thuat-co-khi,A00,Điểm học bạ,2025,18.0,Công nghệ kỹ thuật Cơ khí
50995,DSG,cong-nghe-ky-thuat-co-khi,A01,Điểm học bạ,2025,18.0,Công nghệ kỹ thuật Cơ khí
50996,DSG,cong-nghe-ky-thuat-co-khi,A02,Điểm học bạ,2025,18.0,Công nghệ kỹ thuật Cơ khí
50997,DSG,cong-nghe-ky-thuat-co-khi,A03,Điểm học bạ,2025,18.0,Công nghệ kỹ thuật Cơ khí
50998,DSG,cong-nghe-ky-thuat-co-khi,A04,Điểm học bạ,2025,18.0,Công nghệ kỹ thuật Cơ khí
50999,DSG,cong-nghe-ky-thuat-co-khi,A05,Điểm học bạ,2025,18.0,Công nghệ kỹ thuật Cơ khí
51000,DSG,cong-nghe-ky-thuat-co-khi,A06,Điểm học bạ,2025,18.0,Công nghệ kỹ thuật Cơ khí
51001,DSG,cong-nghe-ky-thuat-co-khi,A07,Điểm học bạ,2025,18.0,Công nghệ kỹ thuật Cơ khí
51002,DSG,cong-nghe-ky-thuat-co-khi,A08,Điểm học bạ,2025,18.0,Công nghệ kỹ thuật Cơ khí
51003,DSG,cong-nghe-ky-thuat-co-khi,B00,Điểm học bạ,2025,18.0,Công nghệ kỹ thuật Cơ khí
51004,DSG,cong-nghe-ky-thuat-co-khi,B01,Điểm học bạ,2025,18.0,Công nghệ kỹ thuật Cơ khí
51005,DSG,cong-nghe-ky-thuat-co-khi,B02,Điểm học bạ,2025,18.0,Công nghệ kỹ thuật Cơ khí
51006,DSG,cong-nghe-ky-thuat-co-khi,B03,Điểm học bạ,2025,18.0,Công nghệ kỹ thuật Cơ khí
51007,DSG,cong-nghe-ky-thuat-co-khi,B08,Điểm học bạ,2025,18.0,Công nghệ kỹ thuật Cơ khí
51008,DSG,cong-nghe-ky-thuat-co-khi,C01,Điểm học bạ,2025,18.0,Công nghệ kỹ thuật Cơ khí
51009,DSG,cong-nghe-ky-thuat-co-khi,C02,Điểm học bạ,2025,18.0,Công nghệ kỹ thuật Cơ khí
51010,DSG,cong-nghe-ky-thuat-co-khi,C03,Điểm học bạ,2025,18.0,Công nghệ kỹ thuật Cơ khí
51011,DSG,cong-nghe-ky-thuat-co-khi,C04,Điểm học bạ,2025,18.0,Công nghệ kỹ thuật Cơ khí
51012,DSG,cong-nghe-ky-thuat-co-khi,C14,Điểm học bạ,2025,18.0,Công nghệ kỹ thuật Cơ khí
51013,DSG,cong-nghe-ky-thuat-co-khi,D01,Điểm học bạ,2025,18.0,Công nghệ kỹ thuật Cơ khí
51014,DSG,cong-nghe-ky-thuat-co-khi,D02,Điểm học bạ,2025,18.0,Công nghệ kỹ thuật Cơ khí
51015,DSG,cong-nghe-ky-thuat-co-khi,D03,Điểm học bạ,2025,18.0,Công nghệ kỹ thuật Cơ khí
51016,DSG,cong-nghe-ky-thuat-co-khi,D04,Điểm học bạ,2025,18.0,Công nghệ kỹ thuật Cơ khí
51017,DSG,cong-nghe-ky-thuat-co-khi,D06,Điểm học bạ,2025,18.0,Công nghệ kỹ thuật Cơ khí
51018,DSG,cong-nghe-ky-thuat-co-khi,D07,Điểm học bạ,2025,18.0,Công nghệ kỹ thuật Cơ khí
51019,DSG,cong-nghe-ky-thuat-co-khi,D09,Điểm học bạ,2025,18.0,Công nghệ kỹ thuật Cơ khí
51020,DSG,cong-nghe-ky-thuat-co-khi,D10,Điểm học bạ,2025,18.0,Công nghệ kỹ thuật Cơ khí
51021,DSG,cong-nghe-ky-thuat-co-khi,D17,Điểm học bạ,2025,18.0,Công nghệ kỹ thuật Cơ khí
51022,DSG,cong-nghe-ky-thuat-co-khi,D18,Điểm học bạ,2025,18.0,Công nghệ kỹ thuật Cơ khí
51023,DSG,cong-nghe-ky-thuat-co-khi,D19,Điểm học bạ,2025,18.0,Công nghệ kỹ thuật Cơ khí
51024,DSG,cong-nghe-ky-thuat-co-khi,D20,Điểm học bạ,2025,18.0,Công nghệ kỹ thuật Cơ khí
51025,DSG,cong-nghe-ky-thuat-co-khi,D22,Điểm học bạ,2025,18.0,Công nghệ kỹ thuật Cơ khí
51026,DSG,cong-nghe-ky-thuat-co-khi,D23,Điểm học bạ,2025,18.0,Công nghệ kỹ thuật Cơ khí
51027,DSG,cong-nghe-ky-thuat-co-khi,D24,Điểm học bạ,2025,18.0,Công nghệ kỹ thuật Cơ khí
51028,DSG,cong-nghe-ky-thuat-co-khi,D25,Điểm học bạ,2025,18.0,Công nghệ kỹ thuật Cơ khí
51029,DSG,cong-nghe-ky-thuat-co-khi,D27,Điểm học bạ,2025,18.0,Công nghệ kỹ thuật Cơ khí
51030,DSG,cong-nghe-ky-thuat-co-khi,D28,Điểm học bạ,2025,18.0,Công nghệ kỹ thuật Cơ khí
51031,DSG,cong-nghe-ky-thuat-co-khi,D29,Điểm học bạ,2025,18.0,Công nghệ kỹ thuật Cơ khí
51032,DSG,cong-nghe-ky-thuat-co-khi,D30,Điểm học bạ,2025,18.0,Công nghệ kỹ thuật Cơ khí
51033,DSG,cong-nghe-ky-thuat-co-khi,D32,Điểm học bạ,2025,18.0,Công nghệ kỹ thuật Cơ khí
51034,DSG,cong-nghe-ky-thuat-co-khi,D33,Điểm học bạ,2025,18.0,Công nghệ kỹ thuật Cơ khí
51035,DSG,cong-nghe-ky-thuat-co-khi,D34,Điểm học bạ,2025,18.0,Công nghệ kỹ thuật Cơ khí
51036,DSG,cong-nghe-ky-thuat-co-khi,D35,Điểm học bạ,2025,18.0,Công nghệ kỹ thuật Cơ khí
51037,DSG,cong-nghe-ky-thuat-co-khi,D37,Điểm học bạ,2025,18.0,Công nghệ kỹ thuật Cơ khí
51038,DSG,cong-nghe-ky-thuat-co-khi,D38,Điểm học bạ,2025,18.0,Công nghệ kỹ thuật Cơ khí
51039,DSG,cong-nghe-ky-thuat-co-khi,D39,Điểm học bạ,2025,18.0,Công nghệ kỹ thuật Cơ khí
51040,DSG,cong-nghe-ky-thuat-co-khi,D40,Điểm học bạ,2025,18.0,Công nghệ kỹ thuật Cơ khí
51041,DSG,cong-nghe-ky-thuat-co-khi,D84,Điểm học bạ,2025,18.0,Công nghệ kỹ thuật Cơ khí
51042,DSG,cong-nghe-ky-thuat-co-khi,D86,Điểm học bạ,2025,18.0,Công nghệ kỹ thuật Cơ khí
51043,DSG,cong-nghe-ky-thuat-co-khi,D87,Điểm học bạ,2025,18.0,Công nghệ kỹ thuật Cơ khí
51044,DSG,cong-nghe-ky-thuat-co-khi,D88,Điểm học bạ,2025,18.0,Công nghệ kỹ thuật Cơ khí
51045,DSG,cong-nghe-ky-thuat-co-khi,A00,Điểm thi THPT,2025,15.0,Công nghệ kỹ thuật Cơ khí
51046,DSG,cong-nghe-ky-thuat-co-khi,A01,Điểm thi THPT,2025,15.0,Công nghệ kỹ thuật Cơ khí
51047,DSG,cong-nghe-ky-thuat-co-khi,A02,Điểm thi THPT,2025,15.0,Công nghệ kỹ thuật Cơ khí
51048,DSG,cong-nghe-ky-thuat-co-khi,A03,Điểm thi THPT,2025,15.0,Công nghệ kỹ thuật Cơ khí
51049,DSG,cong-nghe-ky-thuat-co-khi,A04,Điểm thi THPT,2025,15.0,Công nghệ kỹ thuật Cơ khí
51050,DSG,cong-nghe-ky-thuat-co-khi,A05,Điểm thi THPT,2025,15.0,Công nghệ kỹ thuật Cơ khí
51051,DSG,cong-nghe-ky-thuat-co-khi,A06,Điểm thi THPT,2025,15.0,Công nghệ kỹ thuật Cơ khí
51052,DSG,cong-nghe-ky-thuat-co-khi,A07,Điểm thi THPT,2025,15.0,Công nghệ kỹ thuật Cơ khí
51053,DSG,cong-nghe-ky-thuat-co-khi,A08,Điểm thi THPT,2025,15.0,Công nghệ kỹ thuật Cơ khí
51054,DSG,cong-nghe-ky-thuat-co-khi,B00,Điểm thi THPT,2025,15.0,Công nghệ kỹ thuật Cơ khí
51055,DSG,cong-nghe-ky-thuat-co-khi,B01,Điểm thi THPT,2025,15.0,Công nghệ kỹ thuật Cơ khí
51056,DSG,cong-nghe-ky-thuat-co-khi,B02,Điểm thi THPT,2025,15.0,Công nghệ kỹ thuật Cơ khí
51057,DSG,cong-nghe-ky-thuat-co-khi,B03,Điểm thi THPT,2025,15.0,Công nghệ kỹ thuật Cơ khí
51058,DSG,cong-nghe-ky-thuat-co-khi,B08,Điểm thi THPT,2025,15.0,Công nghệ kỹ thuật Cơ khí
51059,DSG,cong-nghe-ky-thuat-co-khi,C01,Điểm thi THPT,2025,15.0,Công nghệ kỹ thuật Cơ khí
51060,DSG,cong-nghe-ky-thuat-co-khi,C02,Điểm thi THPT,2025,15.0,Công nghệ kỹ thuật Cơ khí
51061,DSG,cong-nghe-ky-thuat-co-khi,C03,Điểm thi THPT,2025,15.0,Công nghệ kỹ thuật Cơ khí
51062,DSG,cong-nghe-ky-thuat-co-khi,C04,Điểm thi THPT,2025,15.0,Công nghệ kỹ thuật Cơ khí
51063,DSG,cong-nghe-ky-thuat-co-khi,C14,Điểm thi THPT,2025,15.0,Công nghệ kỹ thuật Cơ khí
51064,DSG,cong-nghe-ky-thuat-co-khi,D01,Điểm thi THPT,2025,15.0,Công nghệ kỹ thuật Cơ khí
51065,DSG,cong-nghe-ky-thuat-co-khi,D02,Điểm thi THPT,2025,15.0,Công nghệ kỹ thuật Cơ khí
51066,DSG,cong-nghe-ky-thuat-co-khi,D03,Điểm thi THPT,2025,15.0,Công nghệ kỹ thuật Cơ khí
51067,DSG,cong-nghe-ky-thuat-co-khi,D04,Điểm thi THPT,2025,15.0,Công nghệ kỹ thuật Cơ khí
51068,DSG,cong-nghe-ky-thuat-co-khi,D06,Điểm thi THPT,2025,15.0,Công nghệ kỹ thuật Cơ khí
51069,DSG,cong-nghe-ky-thuat-co-khi,D07,Điểm thi THPT,2025,15.0,Công nghệ kỹ thuật Cơ khí
51070,DSG,cong-nghe-ky-thuat-co-khi,D09,Điểm thi THPT,2025,15.0,Công nghệ kỹ thuật Cơ khí
51071,DSG,cong-nghe-ky-thuat-co-khi,D10,Điểm thi THPT,2025,15.0,Công nghệ kỹ thuật Cơ khí
51072,DSG,cong-nghe-ky-thuat-co-khi,D17,Điểm thi THPT,2025,15.0,Công nghệ kỹ thuật Cơ khí
51073,DSG,cong-nghe-ky-thuat-co-khi,D18,Điểm thi THPT,2025,15.0,Công nghệ kỹ thuật Cơ khí
51074,DSG,cong-nghe-ky-thuat-co-khi,D19,Điểm thi THPT,2025,15.0,Công nghệ kỹ thuật Cơ khí
51075,DSG,cong-nghe-ky-thuat-co-khi,D20,Điểm thi THPT,2025,15.0,Công nghệ kỹ thuật Cơ khí
51076,DSG,cong-nghe-ky-thuat-co-khi,D22,Điểm thi THPT,2025,15.0,Công nghệ kỹ thuật Cơ khí
51077,DSG,cong-nghe-ky-thuat-co-khi,D23,Điểm thi THPT,2025,15.0,Công nghệ kỹ thuật Cơ khí
51078,DSG,cong-nghe-ky-thuat-co-khi,D24,Điểm thi THPT,2025,15.0,Công nghệ kỹ thuật Cơ khí
51079,DSG,cong-nghe-ky-thuat-co-khi,D25,Điểm thi THPT,2025,15.0,Công nghệ kỹ thuật Cơ khí
51080,DSG,cong-nghe-ky-thuat-co-khi,D27,Điểm thi THPT,2025,15.0,Công nghệ kỹ thuật Cơ khí
51081,DSG,cong-nghe-ky-thuat-co-khi,D28,Điểm thi THPT,2025,15.0,Công nghệ kỹ thuật Cơ khí
51082,DSG,cong-nghe-ky-thuat-co-khi,D29,Điểm thi THPT,2025,15.0,Công nghệ kỹ thuật Cơ khí
51083,DSG,cong-nghe-ky-thuat-co-khi,D30,Điểm thi THPT,2025,15.0,Công nghệ kỹ thuật Cơ khí
51084,DSG,cong-nghe-ky-thuat-co-khi,D32,Điểm thi THPT,2025,15.0,Công nghệ kỹ thuật Cơ khí
51085,DSG,cong-nghe-ky-thuat-co-khi,D33,Điểm thi THPT,2025,15.0,Công nghệ kỹ thuật Cơ khí
51086,DSG,cong-nghe-ky-thuat-co-khi,D34,Điểm thi THPT,2025,15.0,Công nghệ kỹ thuật Cơ khí
51087,DSG,cong-nghe-ky-thuat-co-khi,D35,Điểm thi THPT,2025,15.0,Công nghệ kỹ thuật Cơ khí
51088,DSG,cong-nghe-ky-thuat-co-khi,D37,Điểm thi THPT,2025,15.0,Công nghệ kỹ thuật Cơ khí
51089,DSG,cong-nghe-ky-thuat-co-khi,D38,Điểm thi THPT,2025,15.0,Công nghệ kỹ thuật Cơ khí
51090,DSG,cong-nghe-ky-thuat-co-khi,D39,Điểm thi THPT,2025,15.0,Công nghệ kỹ thuật Cơ khí
51091,DSG,cong-nghe-ky-thuat-co-khi,D40,Điểm thi THPT,2025,15.0,Công nghệ kỹ thuật Cơ khí
51092,DSG,cong-nghe-ky-thuat-co-khi,D84,Điểm thi THPT,2025,15.0,Công nghệ kỹ thuật Cơ khí
51093,DSG,cong-nghe-ky-thuat-co-khi,D86,Điểm thi THPT,2025,15.0,Công nghệ kỹ thuật Cơ khí
51094,DSG,cong-nghe-ky-thuat-co-khi,D87,Điểm thi THPT,2025,15.0,Công nghệ kỹ thuật Cơ khí
51095,DSG,cong-nghe-ky-thuat-co-khi,D88,Điểm thi THPT,2025,15.0,Công nghệ kỹ thuật Cơ khí
51096,DSG,cong-nghe-ky-thuat-dien-dien-tu,A00,Điểm học bạ,2021,18.0,Công nghệ Kỹ thuật Điện - Điện tử
51097,DSG,cong-nghe-ky-thuat-dien-dien-tu,A01,Điểm học bạ,2021,18.0,Công nghệ Kỹ thuật Điện - Điện tử
51098,DSG,cong-nghe-ky-thuat-dien-dien-tu,D01,Điểm học bạ,2021,18.0,Công nghệ Kỹ thuật Điện - Điện tử
51099,DSG,cong-nghe-ky-thuat-dien-dien-tu,D02,Điểm học bạ,2021,18.0,Công nghệ Kỹ thuật Điện - Điện tử
51100,DSG,cong-nghe-ky-thuat-dien-dien-tu,D03,Điểm học bạ,2021,18.0,Công nghệ Kỹ thuật Điện - Điện tử
51101,DSG,cong-nghe-ky-thuat-dien-dien-tu,D04,Điểm học bạ,2021,18.0,Công nghệ Kỹ thuật Điện - Điện tử
51102,DSG,cong-nghe-ky-thuat-dien-dien-tu,D05,Điểm học bạ,2021,18.0,Công nghệ Kỹ thuật Điện - Điện tử
51103,DSG,cong-nghe-ky-thuat-dien-dien-tu,D06,Điểm học bạ,2021,18.0,Công nghệ Kỹ thuật Điện - Điện tử
51104,DSG,cong-nghe-ky-thuat-dien-dien-tu,D26,Điểm học bạ,2021,18.0,Công nghệ Kỹ thuật Điện - Điện tử
51105,DSG,cong-nghe-ky-thuat-dien-dien-tu,D27,Điểm học bạ,2021,18.0,Công nghệ Kỹ thuật Điện - Điện tử
51106,DSG,cong-nghe-ky-thuat-dien-dien-tu,D28,Điểm học bạ,2021,18.0,Công nghệ Kỹ thuật Điện - Điện tử
51107,DSG,cong-nghe-ky-thuat-dien-dien-tu,D29,Điểm học bạ,2021,18.0,Công nghệ Kỹ thuật Điện - Điện tử
51108,DSG,cong-nghe-ky-thuat-dien-dien-tu,D30,Điểm học bạ,2021,18.0,Công nghệ Kỹ thuật Điện - Điện tử
51109,DSG,cong-nghe-ky-thuat-dien-dien-tu,D90,Điểm học bạ,2021,18.0,Công nghệ Kỹ thuật Điện - Điện tử
51110,DSG,cong-nghe-ky-thuat-dien-dien-tu,D91,Điểm học bạ,2021,18.0,Công nghệ Kỹ thuật Điện - Điện tử
51111,DSG,cong-nghe-ky-thuat-dien-dien-tu,D92,Điểm học bạ,2021,18.0,Công nghệ Kỹ thuật Điện - Điện tử
51112,DSG,cong-nghe-ky-thuat-dien-dien-tu,D93,Điểm học bạ,2021,18.0,Công nghệ Kỹ thuật Điện - Điện tử
51113,DSG,cong-nghe-ky-thuat-dien-dien-tu,D94,Điểm học bạ,2021,18.0,Công nghệ Kỹ thuật Điện - Điện tử
51114,DSG,cong-nghe-ky-thuat-dien-dien-tu,D95,Điểm học bạ,2021,18.0,Công nghệ Kỹ thuật Điện - Điện tử
51115,DSG,cong-nghe-ky-thuat-dien-dien-tu,A00,Điểm thi THPT,2021,15.0,Công nghệ Kỹ thuật Điện - Điện tử
51116,DSG,cong-nghe-ky-thuat-dien-dien-tu,A01,Điểm thi THPT,2021,15.0,Công nghệ Kỹ thuật Điện - Điện tử
51117,DSG,cong-nghe-ky-thuat-dien-dien-tu,D01,Điểm thi THPT,2021,15.0,Công nghệ Kỹ thuật Điện - Điện tử
51118,DSG,cong-nghe-ky-thuat-dien-dien-tu,D02,Điểm thi THPT,2021,15.0,Công nghệ Kỹ thuật Điện - Điện tử
51119,DSG,cong-nghe-ky-thuat-dien-dien-tu,D03,Điểm thi THPT,2021,15.0,Công nghệ Kỹ thuật Điện - Điện tử
51120,DSG,cong-nghe-ky-thuat-dien-dien-tu,D04,Điểm thi THPT,2021,15.0,Công nghệ Kỹ thuật Điện - Điện tử
51121,DSG,cong-nghe-ky-thuat-dien-dien-tu,D05,Điểm thi THPT,2021,15.0,Công nghệ Kỹ thuật Điện - Điện tử
51122,DSG,cong-nghe-ky-thuat-dien-dien-tu,D06,Điểm thi THPT,2021,15.0,Công nghệ Kỹ thuật Điện - Điện tử
51123,DSG,cong-nghe-ky-thuat-dien-dien-tu,D26,Điểm thi THPT,2021,15.0,Công nghệ Kỹ thuật Điện - Điện tử
51124,DSG,cong-nghe-ky-thuat-dien-dien-tu,D27,Điểm thi THPT,2021,15.0,Công nghệ Kỹ thuật Điện - Điện tử
51125,DSG,cong-nghe-ky-thuat-dien-dien-tu,D28,Điểm thi THPT,2021,15.0,Công nghệ Kỹ thuật Điện - Điện tử
51126,DSG,cong-nghe-ky-thuat-dien-dien-tu,D29,Điểm thi THPT,2021,15.0,Công nghệ Kỹ thuật Điện - Điện tử
51127,DSG,cong-nghe-ky-thuat-dien-dien-tu,D30,Điểm thi THPT,2021,15.0,Công nghệ Kỹ thuật Điện - Điện tử
51128,DSG,cong-nghe-ky-thuat-dien-dien-tu,D90,Điểm thi THPT,2021,15.0,Công nghệ Kỹ thuật Điện - Điện tử
51129,DSG,cong-nghe-ky-thuat-dien-dien-tu,D91,Điểm thi THPT,2021,15.0,Công nghệ Kỹ thuật Điện - Điện tử
51130,DSG,cong-nghe-ky-thuat-dien-dien-tu,D92,Điểm thi THPT,2021,15.0,Công nghệ Kỹ thuật Điện - Điện tử
51131,DSG,cong-nghe-ky-thuat-dien-dien-tu,D93,Điểm thi THPT,2021,15.0,Công nghệ Kỹ thuật Điện - Điện tử
51132,DSG,cong-nghe-ky-thuat-dien-dien-tu,D94,Điểm thi THPT,2021,15.0,Công nghệ Kỹ thuật Điện - Điện tử
51133,DSG,cong-nghe-ky-thuat-dien-dien-tu,D95,Điểm thi THPT,2021,15.0,Công nghệ Kỹ thuật Điện - Điện tử
51134,DSG,cong-nghe-ky-thuat-dien-dien-tu,A00,Điểm học bạ,2022,18.0,"Công nghệ kỹ thuật điện, điện tử"
51135,DSG,cong-nghe-ky-thuat-dien-dien-tu,A01,Điểm học bạ,2022,18.0,"Công nghệ kỹ thuật điện, điện tử"
51136,DSG,cong-nghe-ky-thuat-dien-dien-tu,D01,Điểm học bạ,2022,18.0,"Công nghệ kỹ thuật điện, điện tử"
51137,DSG,cong-nghe-ky-thuat-dien-dien-tu,D02,Điểm học bạ,2022,18.0,"Công nghệ kỹ thuật điện, điện tử"
51138,DSG,cong-nghe-ky-thuat-dien-dien-tu,D03,Điểm học bạ,2022,18.0,"Công nghệ kỹ thuật điện, điện tử"
51139,DSG,cong-nghe-ky-thuat-dien-dien-tu,D04,Điểm học bạ,2022,18.0,"Công nghệ kỹ thuật điện, điện tử"
51140,DSG,cong-nghe-ky-thuat-dien-dien-tu,D05,Điểm học bạ,2022,18.0,"Công nghệ kỹ thuật điện, điện tử"
51141,DSG,cong-nghe-ky-thuat-dien-dien-tu,D06,Điểm học bạ,2022,18.0,"Công nghệ kỹ thuật điện, điện tử"
51142,DSG,cong-nghe-ky-thuat-dien-dien-tu,D07,Điểm học bạ,2022,18.0,"Công nghệ kỹ thuật điện, điện tử"
51143,DSG,cong-nghe-ky-thuat-dien-dien-tu,D21,Điểm học bạ,2022,18.0,"Công nghệ kỹ thuật điện, điện tử"
51144,DSG,cong-nghe-ky-thuat-dien-dien-tu,D22,Điểm học bạ,2022,18.0,"Công nghệ kỹ thuật điện, điện tử"
51145,DSG,cong-nghe-ky-thuat-dien-dien-tu,D23,Điểm học bạ,2022,18.0,"Công nghệ kỹ thuật điện, điện tử"
51146,DSG,cong-nghe-ky-thuat-dien-dien-tu,D24,Điểm học bạ,2022,18.0,"Công nghệ kỹ thuật điện, điện tử"
51147,DSG,cong-nghe-ky-thuat-dien-dien-tu,D25,Điểm học bạ,2022,18.0,"Công nghệ kỹ thuật điện, điện tử"
51148,DSG,cong-nghe-ky-thuat-dien-dien-tu,D26,Điểm học bạ,2022,18.0,"Công nghệ kỹ thuật điện, điện tử"
51149,DSG,cong-nghe-ky-thuat-dien-dien-tu,D27,Điểm học bạ,2022,18.0,"Công nghệ kỹ thuật điện, điện tử"
51150,DSG,cong-nghe-ky-thuat-dien-dien-tu,D28,Điểm học bạ,2022,18.0,"Công nghệ kỹ thuật điện, điện tử"
51151,DSG,cong-nghe-ky-thuat-dien-dien-tu,D29,Điểm học bạ,2022,18.0,"Công nghệ kỹ thuật điện, điện tử"
51152,DSG,cong-nghe-ky-thuat-dien-dien-tu,D30,Điểm học bạ,2022,18.0,"Công nghệ kỹ thuật điện, điện tử"
51153,DSG,cong-nghe-ky-thuat-dien-dien-tu,A00,Điểm thi THPT,2022,15.0,"Công nghệ kỹ thuật điện, điện tử"
51154,DSG,cong-nghe-ky-thuat-dien-dien-tu,A01,Điểm thi THPT,2022,15.0,"Công nghệ kỹ thuật điện, điện tử"
51155,DSG,cong-nghe-ky-thuat-dien-dien-tu,D01,Điểm thi THPT,2022,15.0,"Công nghệ kỹ thuật điện, điện tử"
51156,DSG,cong-nghe-ky-thuat-dien-dien-tu,D02,Điểm thi THPT,2022,15.0,"Công nghệ kỹ thuật điện, điện tử"
51157,DSG,cong-nghe-ky-thuat-dien-dien-tu,D03,Điểm thi THPT,2022,15.0,"Công nghệ kỹ thuật điện, điện tử"
51158,DSG,cong-nghe-ky-thuat-dien-dien-tu,D04,Điểm thi THPT,2022,15.0,"Công nghệ kỹ thuật điện, điện tử"
51159,DSG,cong-nghe-ky-thuat-dien-dien-tu,D05,Điểm thi THPT,2022,15.0,"Công nghệ kỹ thuật điện, điện tử"
51160,DSG,cong-nghe-ky-thuat-dien-dien-tu,D06,Điểm thi THPT,2022,15.0,"Công nghệ kỹ thuật điện, điện tử"
51161,DSG,cong-nghe-ky-thuat-dien-dien-tu,D07,Điểm thi THPT,2022,15.0,"Công nghệ kỹ thuật điện, điện tử"
51162,DSG,cong-nghe-ky-thuat-dien-dien-tu,D21,Điểm thi THPT,2022,15.0,"Công nghệ kỹ thuật điện, điện tử"
51163,DSG,cong-nghe-ky-thuat-dien-dien-tu,D22,Điểm thi THPT,2022,15.0,"Công nghệ kỹ thuật điện, điện tử"
51164,DSG,cong-nghe-ky-thuat-dien-dien-tu,D23,Điểm thi THPT,2022,15.0,"Công nghệ kỹ thuật điện, điện tử"
51165,DSG,cong-nghe-ky-thuat-dien-dien-tu,D24,Điểm thi THPT,2022,15.0,"Công nghệ kỹ thuật điện, điện tử"
51166,DSG,cong-nghe-ky-thuat-dien-dien-tu,D25,Điểm thi THPT,2022,15.0,"Công nghệ kỹ thuật điện, điện tử"
51167,DSG,cong-nghe-ky-thuat-dien-dien-tu,D26,Điểm thi THPT,2022,15.0,"Công nghệ kỹ thuật điện, điện tử"
51168,DSG,cong-nghe-ky-thuat-dien-dien-tu,D27,Điểm thi THPT,2022,15.0,"Công nghệ kỹ thuật điện, điện tử"
51169,DSG,cong-nghe-ky-thuat-dien-dien-tu,D28,Điểm thi THPT,2022,15.0,"Công nghệ kỹ thuật điện, điện tử"
51170,DSG,cong-nghe-ky-thuat-dien-dien-tu,D29,Điểm thi THPT,2022,15.0,"Công nghệ kỹ thuật điện, điện tử"
51171,DSG,cong-nghe-ky-thuat-dien-dien-tu,D30,Điểm thi THPT,2022,15.0,"Công nghệ kỹ thuật điện, điện tử"
51172,DSG,cong-nghe-ky-thuat-dien-dien-tu,A00,Điểm học bạ,2023,18.0,"Công nghệ kỹ thuật điện, điện tử"
51173,DSG,cong-nghe-ky-thuat-dien-dien-tu,A01,Điểm học bạ,2023,18.0,"Công nghệ kỹ thuật điện, điện tử"
51174,DSG,cong-nghe-ky-thuat-dien-dien-tu,D01,Điểm học bạ,2023,18.0,"Công nghệ kỹ thuật điện, điện tử"
51175,DSG,cong-nghe-ky-thuat-dien-dien-tu,A00,Điểm thi THPT,2023,15.0,"Công nghệ kỹ thuật điện, điện tử"
51176,DSG,cong-nghe-ky-thuat-dien-dien-tu,A01,Điểm thi THPT,2023,15.0,"Công nghệ kỹ thuật điện, điện tử"
51177,DSG,cong-nghe-ky-thuat-dien-dien-tu,D01,Điểm thi THPT,2023,15.0,"Công nghệ kỹ thuật điện, điện tử"
51178,DSG,cong-nghe-ky-thuat-dien-dien-tu,D90,Điểm thi THPT,2023,15.0,"Công nghệ kỹ thuật điện, điện tử"
51179,DSG,cong-nghe-ky-thuat-dien-dien-tu,A00,Điểm thi THPT,2024,15.0,Công nghệ kỹ thuật điện - điện tử
51180,DSG,cong-nghe-ky-thuat-dien-dien-tu,A01,Điểm thi THPT,2024,15.0,Công nghệ kỹ thuật điện - điện tử
51181,DSG,cong-nghe-ky-thuat-dien-dien-tu,D01,Điểm thi THPT,2024,15.0,Công nghệ kỹ thuật điện - điện tử
51182,DSG,cong-nghe-ky-thuat-dien-dien-tu,D02,Điểm thi THPT,2024,15.0,Công nghệ kỹ thuật điện - điện tử
51183,DSG,cong-nghe-ky-thuat-dien-dien-tu,D03,Điểm thi THPT,2024,15.0,Công nghệ kỹ thuật điện - điện tử
51184,DSG,cong-nghe-ky-thuat-dien-dien-tu,D04,Điểm thi THPT,2024,15.0,Công nghệ kỹ thuật điện - điện tử
51185,DSG,cong-nghe-ky-thuat-dien-dien-tu,D05,Điểm thi THPT,2024,15.0,Công nghệ kỹ thuật điện - điện tử
51186,DSG,cong-nghe-ky-thuat-dien-dien-tu,D06,Điểm thi THPT,2024,15.0,Công nghệ kỹ thuật điện - điện tử
51187,DSG,cong-nghe-ky-thuat-dien-dien-tu,D26,Điểm thi THPT,2024,15.0,Công nghệ kỹ thuật điện - điện tử
51188,DSG,cong-nghe-ky-thuat-dien-dien-tu,D27,Điểm thi THPT,2024,15.0,Công nghệ kỹ thuật điện - điện tử
51189,DSG,cong-nghe-ky-thuat-dien-dien-tu,D28,Điểm thi THPT,2024,15.0,Công nghệ kỹ thuật điện - điện tử
51190,DSG,cong-nghe-ky-thuat-dien-dien-tu,D29,Điểm thi THPT,2024,15.0,Công nghệ kỹ thuật điện - điện tử
51191,DSG,cong-nghe-ky-thuat-dien-dien-tu,D30,Điểm thi THPT,2024,15.0,Công nghệ kỹ thuật điện - điện tử
51192,DSG,cong-nghe-ky-thuat-dien-dien-tu,D90,Điểm thi THPT,2024,15.0,Công nghệ kỹ thuật điện - điện tử
51193,DSG,cong-nghe-ky-thuat-dien-dien-tu,D91,Điểm thi THPT,2024,15.0,Công nghệ kỹ thuật điện - điện tử
51194,DSG,cong-nghe-ky-thuat-dien-dien-tu,D92,Điểm thi THPT,2024,15.0,Công nghệ kỹ thuật điện - điện tử
51195,DSG,cong-nghe-ky-thuat-dien-dien-tu,D93,Điểm thi THPT,2024,15.0,Công nghệ kỹ thuật điện - điện tử
51196,DSG,cong-nghe-ky-thuat-dien-dien-tu,D94,Điểm thi THPT,2024,15.0,Công nghệ kỹ thuật điện - điện tử
51197,DSG,cong-nghe-ky-thuat-dien-dien-tu,D95,Điểm thi THPT,2024,15.0,Công nghệ kỹ thuật điện - điện tử
51198,DSG,cong-nghe-ky-thuat-dien-tu-vien-thong,A00,Điểm học bạ,2021,18.0,Công nghệ Kỹ thuật Điện tử - Viễn thông
51199,DSG,cong-nghe-ky-thuat-dien-tu-vien-thong,A01,Điểm học bạ,2021,18.0,Công nghệ Kỹ thuật Điện tử - Viễn thông
51200,DSG,cong-nghe-ky-thuat-dien-tu-vien-thong,D01,Điểm học bạ,2021,18.0,Công nghệ Kỹ thuật Điện tử - Viễn thông
51201,DSG,cong-nghe-ky-thuat-dien-tu-vien-thong,D02,Điểm học bạ,2021,18.0,Công nghệ Kỹ thuật Điện tử - Viễn thông
51202,DSG,cong-nghe-ky-thuat-dien-tu-vien-thong,D03,Điểm học bạ,2021,18.0,Công nghệ Kỹ thuật Điện tử - Viễn thông
51203,DSG,cong-nghe-ky-thuat-dien-tu-vien-thong,D04,Điểm học bạ,2021,18.0,Công nghệ Kỹ thuật Điện tử - Viễn thông
51204,DSG,cong-nghe-ky-thuat-dien-tu-vien-thong,D05,Điểm học bạ,2021,18.0,Công nghệ Kỹ thuật Điện tử - Viễn thông
51205,DSG,cong-nghe-ky-thuat-dien-tu-vien-thong,D06,Điểm học bạ,2021,18.0,Công nghệ Kỹ thuật Điện tử - Viễn thông
51206,DSG,cong-nghe-ky-thuat-dien-tu-vien-thong,D26,Điểm học bạ,2021,18.0,Công nghệ Kỹ thuật Điện tử - Viễn thông
51207,DSG,cong-nghe-ky-thuat-dien-tu-vien-thong,D27,Điểm học bạ,2021,18.0,Công nghệ Kỹ thuật Điện tử - Viễn thông
51208,DSG,cong-nghe-ky-thuat-dien-tu-vien-thong,D28,Điểm học bạ,2021,18.0,Công nghệ Kỹ thuật Điện tử - Viễn thông
51209,DSG,cong-nghe-ky-thuat-dien-tu-vien-thong,D29,Điểm học bạ,2021,18.0,Công nghệ Kỹ thuật Điện tử - Viễn thông
51210,DSG,cong-nghe-ky-thuat-dien-tu-vien-thong,D30,Điểm học bạ,2021,18.0,Công nghệ Kỹ thuật Điện tử - Viễn thông
51211,DSG,cong-nghe-ky-thuat-dien-tu-vien-thong,D90,Điểm học bạ,2021,18.0,Công nghệ Kỹ thuật Điện tử - Viễn thông
51212,DSG,cong-nghe-ky-thuat-dien-tu-vien-thong,D91,Điểm học bạ,2021,18.0,Công nghệ Kỹ thuật Điện tử - Viễn thông
51213,DSG,cong-nghe-ky-thuat-dien-tu-vien-thong,D92,Điểm học bạ,2021,18.0,Công nghệ Kỹ thuật Điện tử - Viễn thông
51214,DSG,cong-nghe-ky-thuat-dien-tu-vien-thong,D93,Điểm học bạ,2021,18.0,Công nghệ Kỹ thuật Điện tử - Viễn thông
51215,DSG,cong-nghe-ky-thuat-dien-tu-vien-thong,D94,Điểm học bạ,2021,18.0,Công nghệ Kỹ thuật Điện tử - Viễn thông
51216,DSG,cong-nghe-ky-thuat-dien-tu-vien-thong,D95,Điểm học bạ,2021,18.0,Công nghệ Kỹ thuật Điện tử - Viễn thông
51217,DSG,cong-nghe-ky-thuat-dien-tu-vien-thong,A00,Điểm thi THPT,2021,15.0,Công nghệ Kỹ thuật Điện tử - Viễn thông
51218,DSG,cong-nghe-ky-thuat-dien-tu-vien-thong,A01,Điểm thi THPT,2021,15.0,Công nghệ Kỹ thuật Điện tử - Viễn thông
51219,DSG,cong-nghe-ky-thuat-dien-tu-vien-thong,D01,Điểm thi THPT,2021,15.0,Công nghệ Kỹ thuật Điện tử - Viễn thông
51220,DSG,cong-nghe-ky-thuat-dien-tu-vien-thong,D02,Điểm thi THPT,2021,15.0,Công nghệ Kỹ thuật Điện tử - Viễn thông
51221,DSG,cong-nghe-ky-thuat-dien-tu-vien-thong,D03,Điểm thi THPT,2021,15.0,Công nghệ Kỹ thuật Điện tử - Viễn thông
51222,DSG,cong-nghe-ky-thuat-dien-tu-vien-thong,D04,Điểm thi THPT,2021,15.0,Công nghệ Kỹ thuật Điện tử - Viễn thông
51223,DSG,cong-nghe-ky-thuat-dien-tu-vien-thong,D05,Điểm thi THPT,2021,15.0,Công nghệ Kỹ thuật Điện tử - Viễn thông
51224,DSG,cong-nghe-ky-thuat-dien-tu-vien-thong,D06,Điểm thi THPT,2021,15.0,Công nghệ Kỹ thuật Điện tử - Viễn thông
51225,DSG,cong-nghe-ky-thuat-dien-tu-vien-thong,D26,Điểm thi THPT,2021,15.0,Công nghệ Kỹ thuật Điện tử - Viễn thông
51226,DSG,cong-nghe-ky-thuat-dien-tu-vien-thong,D27,Điểm thi THPT,2021,15.0,Công nghệ Kỹ thuật Điện tử - Viễn thông
51227,DSG,cong-nghe-ky-thuat-dien-tu-vien-thong,D28,Điểm thi THPT,2021,15.0,Công nghệ Kỹ thuật Điện tử - Viễn thông
51228,DSG,cong-nghe-ky-thuat-dien-tu-vien-thong,D29,Điểm thi THPT,2021,15.0,Công nghệ Kỹ thuật Điện tử - Viễn thông
51229,DSG,cong-nghe-ky-thuat-dien-tu-vien-thong,D30,Điểm thi THPT,2021,15.0,Công nghệ Kỹ thuật Điện tử - Viễn thông
51230,DSG,cong-nghe-ky-thuat-dien-tu-vien-thong,D90,Điểm thi THPT,2021,15.0,Công nghệ Kỹ thuật Điện tử - Viễn thông
51231,DSG,cong-nghe-ky-thuat-dien-tu-vien-thong,D91,Điểm thi THPT,2021,15.0,Công nghệ Kỹ thuật Điện tử - Viễn thông
51232,DSG,cong-nghe-ky-thuat-dien-tu-vien-thong,D92,Điểm thi THPT,2021,15.0,Công nghệ Kỹ thuật Điện tử - Viễn thông
51233,DSG,cong-nghe-ky-thuat-dien-tu-vien-thong,D93,Điểm thi THPT,2021,15.0,Công nghệ Kỹ thuật Điện tử - Viễn thông
51234,DSG,cong-nghe-ky-thuat-dien-tu-vien-thong,D94,Điểm thi THPT,2021,15.0,Công nghệ Kỹ thuật Điện tử - Viễn thông
51235,DSG,cong-nghe-ky-thuat-dien-tu-vien-thong,D95,Điểm thi THPT,2021,15.0,Công nghệ Kỹ thuật Điện tử - Viễn thông
51236,DSG,cong-nghe-ky-thuat-dien-tu-vien-thong,A00,Điểm học bạ,2022,18.0,Công nghệ kỹ thuật điện tử - viễn thông
51237,DSG,cong-nghe-ky-thuat-dien-tu-vien-thong,A01,Điểm học bạ,2022,18.0,Công nghệ kỹ thuật điện tử - viễn thông
51238,DSG,cong-nghe-ky-thuat-dien-tu-vien-thong,D01,Điểm học bạ,2022,18.0,Công nghệ kỹ thuật điện tử - viễn thông
51239,DSG,cong-nghe-ky-thuat-dien-tu-vien-thong,D02,Điểm học bạ,2022,18.0,Công nghệ kỹ thuật điện tử - viễn thông
51240,DSG,cong-nghe-ky-thuat-dien-tu-vien-thong,D03,Điểm học bạ,2022,18.0,Công nghệ kỹ thuật điện tử - viễn thông
51241,DSG,cong-nghe-ky-thuat-dien-tu-vien-thong,D04,Điểm học bạ,2022,18.0,Công nghệ kỹ thuật điện tử - viễn thông
51242,DSG,cong-nghe-ky-thuat-dien-tu-vien-thong,D05,Điểm học bạ,2022,18.0,Công nghệ kỹ thuật điện tử - viễn thông
51243,DSG,cong-nghe-ky-thuat-dien-tu-vien-thong,D06,Điểm học bạ,2022,18.0,Công nghệ kỹ thuật điện tử - viễn thông
51244,DSG,cong-nghe-ky-thuat-dien-tu-vien-thong,D07,Điểm học bạ,2022,18.0,Công nghệ kỹ thuật điện tử - viễn thông
51245,DSG,cong-nghe-ky-thuat-dien-tu-vien-thong,D21,Điểm học bạ,2022,18.0,Công nghệ kỹ thuật điện tử - viễn thông
51246,DSG,cong-nghe-ky-thuat-dien-tu-vien-thong,D22,Điểm học bạ,2022,18.0,Công nghệ kỹ thuật điện tử - viễn thông
51247,DSG,cong-nghe-ky-thuat-dien-tu-vien-thong,D23,Điểm học bạ,2022,18.0,Công nghệ kỹ thuật điện tử - viễn thông
51248,DSG,cong-nghe-ky-thuat-dien-tu-vien-thong,D24,Điểm học bạ,2022,18.0,Công nghệ kỹ thuật điện tử - viễn thông
51249,DSG,cong-nghe-ky-thuat-dien-tu-vien-thong,D25,Điểm học bạ,2022,18.0,Công nghệ kỹ thuật điện tử - viễn thông
51250,DSG,cong-nghe-ky-thuat-dien-tu-vien-thong,D26,Điểm học bạ,2022,18.0,Công nghệ kỹ thuật điện tử - viễn thông
51251,DSG,cong-nghe-ky-thuat-dien-tu-vien-thong,D27,Điểm học bạ,2022,18.0,Công nghệ kỹ thuật điện tử - viễn thông
51252,DSG,cong-nghe-ky-thuat-dien-tu-vien-thong,D28,Điểm học bạ,2022,18.0,Công nghệ kỹ thuật điện tử - viễn thông
51253,DSG,cong-nghe-ky-thuat-dien-tu-vien-thong,D29,Điểm học bạ,2022,18.0,Công nghệ kỹ thuật điện tử - viễn thông
51254,DSG,cong-nghe-ky-thuat-dien-tu-vien-thong,D30,Điểm học bạ,2022,18.0,Công nghệ kỹ thuật điện tử - viễn thông
51255,DSG,cong-nghe-ky-thuat-dien-tu-vien-thong,A00,Điểm thi THPT,2022,15.0,Công nghệ kỹ thuật điện tử - viễn thông
51256,DSG,cong-nghe-ky-thuat-dien-tu-vien-thong,A01,Điểm thi THPT,2022,15.0,Công nghệ kỹ thuật điện tử - viễn thông
51257,DSG,cong-nghe-ky-thuat-dien-tu-vien-thong,D01,Điểm thi THPT,2022,15.0,Công nghệ kỹ thuật điện tử - viễn thông
51258,DSG,cong-nghe-ky-thuat-dien-tu-vien-thong,D02,Điểm thi THPT,2022,15.0,Công nghệ kỹ thuật điện tử - viễn thông
51259,DSG,cong-nghe-ky-thuat-dien-tu-vien-thong,D03,Điểm thi THPT,2022,15.0,Công nghệ kỹ thuật điện tử - viễn thông
51260,DSG,cong-nghe-ky-thuat-dien-tu-vien-thong,D04,Điểm thi THPT,2022,15.0,Công nghệ kỹ thuật điện tử - viễn thông
51261,DSG,cong-nghe-ky-thuat-dien-tu-vien-thong,D05,Điểm thi THPT,2022,15.0,Công nghệ kỹ thuật điện tử - viễn thông
51262,DSG,cong-nghe-ky-thuat-dien-tu-vien-thong,D06,Điểm thi THPT,2022,15.0,Công nghệ kỹ thuật điện tử - viễn thông
51263,DSG,cong-nghe-ky-thuat-dien-tu-vien-thong,D07,Điểm thi THPT,2022,15.0,Công nghệ kỹ thuật điện tử - viễn thông
51264,DSG,cong-nghe-ky-thuat-dien-tu-vien-thong,D21,Điểm thi THPT,2022,15.0,Công nghệ kỹ thuật điện tử - viễn thông
51265,DSG,cong-nghe-ky-thuat-dien-tu-vien-thong,D22,Điểm thi THPT,2022,15.0,Công nghệ kỹ thuật điện tử - viễn thông
51266,DSG,cong-nghe-ky-thuat-dien-tu-vien-thong,D23,Điểm thi THPT,2022,15.0,Công nghệ kỹ thuật điện tử - viễn thông
51267,DSG,cong-nghe-ky-thuat-dien-tu-vien-thong,D24,Điểm thi THPT,2022,15.0,Công nghệ kỹ thuật điện tử - viễn thông
51268,DSG,cong-nghe-ky-thuat-dien-tu-vien-thong,D25,Điểm thi THPT,2022,15.0,Công nghệ kỹ thuật điện tử - viễn thông
51269,DSG,cong-nghe-ky-thuat-dien-tu-vien-thong,D26,Điểm thi THPT,2022,15.0,Công nghệ kỹ thuật điện tử - viễn thông
51270,DSG,cong-nghe-ky-thuat-dien-tu-vien-thong,D27,Điểm thi THPT,2022,15.0,Công nghệ kỹ thuật điện tử - viễn thông
51271,DSG,cong-nghe-ky-thuat-dien-tu-vien-thong,D28,Điểm thi THPT,2022,15.0,Công nghệ kỹ thuật điện tử - viễn thông
51272,DSG,cong-nghe-ky-thuat-dien-tu-vien-thong,D29,Điểm thi THPT,2022,15.0,Công nghệ kỹ thuật điện tử - viễn thông
51273,DSG,cong-nghe-ky-thuat-dien-tu-vien-thong,D30,Điểm thi THPT,2022,15.0,Công nghệ kỹ thuật điện tử - viễn thông
51274,DSG,cong-nghe-ky-thuat-dien-tu-vien-thong,A00,Điểm học bạ,2023,18.0,Công nghệ kỹ thuật điện tử - viễn thông
51275,DSG,cong-nghe-ky-thuat-dien-tu-vien-thong,A01,Điểm học bạ,2023,18.0,Công nghệ kỹ thuật điện tử - viễn thông
51276,DSG,cong-nghe-ky-thuat-dien-tu-vien-thong,D01,Điểm học bạ,2023,18.0,Công nghệ kỹ thuật điện tử - viễn thông
51277,DSG,cong-nghe-ky-thuat-dien-tu-vien-thong,A00,Điểm thi THPT,2023,15.0,Công nghệ kỹ thuật điện tử - viễn thông
51278,DSG,cong-nghe-ky-thuat-dien-tu-vien-thong,A01,Điểm thi THPT,2023,15.0,Công nghệ kỹ thuật điện tử - viễn thông
51279,DSG,cong-nghe-ky-thuat-dien-tu-vien-thong,D01,Điểm thi THPT,2023,15.0,Công nghệ kỹ thuật điện tử - viễn thông
51280,DSG,cong-nghe-ky-thuat-dien-tu-vien-thong,D90,Điểm thi THPT,2023,15.0,Công nghệ kỹ thuật điện tử - viễn thông
51281,DSG,cong-nghe-thong-tin,A00,Điểm học bạ,2021,18.0,Công nghệ Thông tin
51282,DSG,cong-nghe-thong-tin,A01,Điểm học bạ,2021,18.0,Công nghệ Thông tin
51283,DSG,cong-nghe-thong-tin,C01,Điểm học bạ,2021,18.0,Công nghệ Thông tin
51284,DSG,cong-nghe-thong-tin,D01,Điểm học bạ,2021,18.0,Công nghệ Thông tin
51285,DSG,cong-nghe-thong-tin,D02,Điểm học bạ,2021,18.0,Công nghệ Thông tin
51286,DSG,cong-nghe-thong-tin,D03,Điểm học bạ,2021,18.0,Công nghệ Thông tin
51287,DSG,cong-nghe-thong-tin,D04,Điểm học bạ,2021,18.0,Công nghệ Thông tin
51288,DSG,cong-nghe-thong-tin,D05,Điểm học bạ,2021,18.0,Công nghệ Thông tin
51289,DSG,cong-nghe-thong-tin,D06,Điểm học bạ,2021,18.0,Công nghệ Thông tin
51290,DSG,cong-nghe-thong-tin,D26,Điểm học bạ,2021,18.0,Công nghệ Thông tin
51291,DSG,cong-nghe-thong-tin,D27,Điểm học bạ,2021,18.0,Công nghệ Thông tin
51292,DSG,cong-nghe-thong-tin,D28,Điểm học bạ,2021,18.0,Công nghệ Thông tin
51293,DSG,cong-nghe-thong-tin,D29,Điểm học bạ,2021,18.0,Công nghệ Thông tin
51294,DSG,cong-nghe-thong-tin,D30,Điểm học bạ,2021,18.0,Công nghệ Thông tin
51295,DSG,cong-nghe-thong-tin,A00,Điểm thi THPT,2021,16.0,Công nghệ Thông tin
51296,DSG,cong-nghe-thong-tin,A01,Điểm thi THPT,2021,16.0,Công nghệ Thông tin
51297,DSG,cong-nghe-thong-tin,C01,Điểm thi THPT,2021,16.0,Công nghệ Thông tin
51298,DSG,cong-nghe-thong-tin,D01,Điểm thi THPT,2021,16.0,Công nghệ Thông tin
51299,DSG,cong-nghe-thong-tin,D02,Điểm thi THPT,2021,16.0,Công nghệ Thông tin
51300,DSG,cong-nghe-thong-tin,D03,Điểm thi THPT,2021,16.0,Công nghệ Thông tin
51301,DSG,cong-nghe-thong-tin,D04,Điểm thi THPT,2021,16.0,Công nghệ Thông tin
51302,DSG,cong-nghe-thong-tin,D05,Điểm thi THPT,2021,16.0,Công nghệ Thông tin
51303,DSG,cong-nghe-thong-tin,D06,Điểm thi THPT,2021,16.0,Công nghệ Thông tin
51304,DSG,cong-nghe-thong-tin,D26,Điểm thi THPT,2021,16.0,Công nghệ Thông tin
51305,DSG,cong-nghe-thong-tin,D27,Điểm thi THPT,2021,16.0,Công nghệ Thông tin
51306,DSG,cong-nghe-thong-tin,D28,Điểm thi THPT,2021,16.0,Công nghệ Thông tin
51307,DSG,cong-nghe-thong-tin,D29,Điểm thi THPT,2021,16.0,Công nghệ Thông tin
51308,DSG,cong-nghe-thong-tin,D30,Điểm thi THPT,2021,16.0,Công nghệ Thông tin
51309,DSG,cong-nghe-thong-tin,A00,Điểm học bạ,2022,21.0,Công nghệ thông tin
51310,DSG,cong-nghe-thong-tin,A01,Điểm học bạ,2022,21.0,Công nghệ thông tin
51311,DSG,cong-nghe-thong-tin,C01,Điểm học bạ,2022,21.0,Công nghệ thông tin
51312,DSG,cong-nghe-thong-tin,D01,Điểm học bạ,2022,21.0,Công nghệ thông tin
51313,DSG,cong-nghe-thong-tin,D02,Điểm học bạ,2022,21.0,Công nghệ thông tin
51314,DSG,cong-nghe-thong-tin,D03,Điểm học bạ,2022,21.0,Công nghệ thông tin
51315,DSG,cong-nghe-thong-tin,D04,Điểm học bạ,2022,21.0,Công nghệ thông tin
51316,DSG,cong-nghe-thong-tin,D05,Điểm học bạ,2022,21.0,Công nghệ thông tin
51317,DSG,cong-nghe-thong-tin,D06,Điểm học bạ,2022,21.0,Công nghệ thông tin
51318,DSG,cong-nghe-thong-tin,D26,Điểm học bạ,2022,21.0,Công nghệ thông tin
51319,DSG,cong-nghe-thong-tin,D27,Điểm học bạ,2022,21.0,Công nghệ thông tin
51320,DSG,cong-nghe-thong-tin,D28,Điểm học bạ,2022,21.0,Công nghệ thông tin
51321,DSG,cong-nghe-thong-tin,D29,Điểm học bạ,2022,21.0,Công nghệ thông tin
51322,DSG,cong-nghe-thong-tin,D30,Điểm học bạ,2022,21.0,Công nghệ thông tin
51323,DSG,cong-nghe-thong-tin,A00,Điểm thi THPT,2022,21.5,Công nghệ thông tin
51324,DSG,cong-nghe-thong-tin,A01,Điểm thi THPT,2022,21.5,Công nghệ thông tin
51325,DSG,cong-nghe-thong-tin,C01,Điểm thi THPT,2022,21.5,Công nghệ thông tin
51326,DSG,cong-nghe-thong-tin,D01,Điểm thi THPT,2022,21.5,Công nghệ thông tin
51327,DSG,cong-nghe-thong-tin,D02,Điểm thi THPT,2022,21.5,Công nghệ thông tin
51328,DSG,cong-nghe-thong-tin,D03,Điểm thi THPT,2022,21.5,Công nghệ thông tin
51329,DSG,cong-nghe-thong-tin,D04,Điểm thi THPT,2022,21.5,Công nghệ thông tin
51330,DSG,cong-nghe-thong-tin,D05,Điểm thi THPT,2022,21.5,Công nghệ thông tin
51331,DSG,cong-nghe-thong-tin,D06,Điểm thi THPT,2022,21.5,Công nghệ thông tin
51332,DSG,cong-nghe-thong-tin,D26,Điểm thi THPT,2022,21.5,Công nghệ thông tin
51333,DSG,cong-nghe-thong-tin,D27,Điểm thi THPT,2022,21.5,Công nghệ thông tin
51334,DSG,cong-nghe-thong-tin,D28,Điểm thi THPT,2022,21.5,Công nghệ thông tin
51335,DSG,cong-nghe-thong-tin,D29,Điểm thi THPT,2022,21.5,Công nghệ thông tin
51336,DSG,cong-nghe-thong-tin,D30,Điểm thi THPT,2022,21.5,Công nghệ thông tin
51337,DSG,cong-nghe-thong-tin,A00,Điểm học bạ,2023,19.0,Công nghệ thông tin
51338,DSG,cong-nghe-thong-tin,A01,Điểm học bạ,2023,19.0,Công nghệ thông tin
51339,DSG,cong-nghe-thong-tin,C01,Điểm học bạ,2023,19.0,Công nghệ thông tin
51340,DSG,cong-nghe-thong-tin,D01,Điểm học bạ,2023,19.0,Công nghệ thông tin
51341,DSG,cong-nghe-thong-tin,A00,Điểm thi THPT,2023,15.0,Công nghệ thông tin
51342,DSG,cong-nghe-thong-tin,A01,Điểm thi THPT,2023,15.0,Công nghệ thông tin
51343,DSG,cong-nghe-thong-tin,C01,Điểm thi THPT,2023,15.0,Công nghệ thông tin
51344,DSG,cong-nghe-thong-tin,D01,Điểm thi THPT,2023,15.0,Công nghệ thông tin
51345,DSG,cong-nghe-thong-tin,A00,Điểm thi THPT,2024,15.0,Công nghệ thông tin
51346,DSG,cong-nghe-thong-tin,A01,Điểm thi THPT,2024,15.0,Công nghệ thông tin
51347,DSG,cong-nghe-thong-tin,C01,Điểm thi THPT,2024,15.0,Công nghệ thông tin
51348,DSG,cong-nghe-thong-tin,D01,Điểm thi THPT,2024,15.0,Công nghệ thông tin
51349,DSG,cong-nghe-thong-tin,D02,Điểm thi THPT,2024,15.0,Công nghệ thông tin
51350,DSG,cong-nghe-thong-tin,D03,Điểm thi THPT,2024,15.0,Công nghệ thông tin
51351,DSG,cong-nghe-thong-tin,D04,Điểm thi THPT,2024,15.0,Công nghệ thông tin
51352,DSG,cong-nghe-thong-tin,D05,Điểm thi THPT,2024,15.0,Công nghệ thông tin
51353,DSG,cong-nghe-thong-tin,D06,Điểm thi THPT,2024,15.0,Công nghệ thông tin
51354,DSG,cong-nghe-thong-tin,D26,Điểm thi THPT,2024,15.0,Công nghệ thông tin
51355,DSG,cong-nghe-thong-tin,D27,Điểm thi THPT,2024,15.0,Công nghệ thông tin
51356,DSG,cong-nghe-thong-tin,D28,Điểm thi THPT,2024,15.0,Công nghệ thông tin
51357,DSG,cong-nghe-thong-tin,D29,Điểm thi THPT,2024,15.0,Công nghệ thông tin
51358,DSG,cong-nghe-thong-tin,D30,Điểm thi THPT,2024,15.0,Công nghệ thông tin
51359,DSG,cong-nghe-thong-tin,A00,Điểm học bạ,2025,18.0,Công nghệ thông tin
51360,DSG,cong-nghe-thong-tin,A01,Điểm học bạ,2025,18.0,Công nghệ thông tin
51361,DSG,cong-nghe-thong-tin,A02,Điểm học bạ,2025,18.0,Công nghệ thông tin
51362,DSG,cong-nghe-thong-tin,A03,Điểm học bạ,2025,18.0,Công nghệ thông tin
51363,DSG,cong-nghe-thong-tin,A04,Điểm học bạ,2025,18.0,Công nghệ thông tin
51364,DSG,cong-nghe-thong-tin,A05,Điểm học bạ,2025,18.0,Công nghệ thông tin
51365,DSG,cong-nghe-thong-tin,A06,Điểm học bạ,2025,18.0,Công nghệ thông tin
51366,DSG,cong-nghe-thong-tin,A07,Điểm học bạ,2025,18.0,Công nghệ thông tin
51367,DSG,cong-nghe-thong-tin,A08,Điểm học bạ,2025,18.0,Công nghệ thông tin
51368,DSG,cong-nghe-thong-tin,B00,Điểm học bạ,2025,18.0,Công nghệ thông tin
51369,DSG,cong-nghe-thong-tin,B01,Điểm học bạ,2025,18.0,Công nghệ thông tin
51370,DSG,cong-nghe-thong-tin,B02,Điểm học bạ,2025,18.0,Công nghệ thông tin
51371,DSG,cong-nghe-thong-tin,B03,Điểm học bạ,2025,18.0,Công nghệ thông tin
51372,DSG,cong-nghe-thong-tin,B08,Điểm học bạ,2025,18.0,Công nghệ thông tin
51373,DSG,cong-nghe-thong-tin,C01,Điểm học bạ,2025,18.0,Công nghệ thông tin
51374,DSG,cong-nghe-thong-tin,C02,Điểm học bạ,2025,18.0,Công nghệ thông tin
51375,DSG,cong-nghe-thong-tin,C03,Điểm học bạ,2025,18.0,Công nghệ thông tin
51376,DSG,cong-nghe-thong-tin,C04,Điểm học bạ,2025,18.0,Công nghệ thông tin
51377,DSG,cong-nghe-thong-tin,C14,Điểm học bạ,2025,18.0,Công nghệ thông tin
51378,DSG,cong-nghe-thong-tin,D01,Điểm học bạ,2025,18.0,Công nghệ thông tin
51379,DSG,cong-nghe-thong-tin,D02,Điểm học bạ,2025,18.0,Công nghệ thông tin
51380,DSG,cong-nghe-thong-tin,D03,Điểm học bạ,2025,18.0,Công nghệ thông tin
51381,DSG,cong-nghe-thong-tin,D04,Điểm học bạ,2025,18.0,Công nghệ thông tin
51382,DSG,cong-nghe-thong-tin,D06,Điểm học bạ,2025,18.0,Công nghệ thông tin
51383,DSG,cong-nghe-thong-tin,D07,Điểm học bạ,2025,18.0,Công nghệ thông tin
51384,DSG,cong-nghe-thong-tin,D09,Điểm học bạ,2025,18.0,Công nghệ thông tin
51385,DSG,cong-nghe-thong-tin,D10,Điểm học bạ,2025,18.0,Công nghệ thông tin
51386,DSG,cong-nghe-thong-tin,D17,Điểm học bạ,2025,18.0,Công nghệ thông tin
51387,DSG,cong-nghe-thong-tin,D18,Điểm học bạ,2025,18.0,Công nghệ thông tin
51388,DSG,cong-nghe-thong-tin,D19,Điểm học bạ,2025,18.0,Công nghệ thông tin
51389,DSG,cong-nghe-thong-tin,D20,Điểm học bạ,2025,18.0,Công nghệ thông tin
51390,DSG,cong-nghe-thong-tin,D22,Điểm học bạ,2025,18.0,Công nghệ thông tin
51391,DSG,cong-nghe-thong-tin,D23,Điểm học bạ,2025,18.0,Công nghệ thông tin
51392,DSG,cong-nghe-thong-tin,D24,Điểm học bạ,2025,18.0,Công nghệ thông tin
51393,DSG,cong-nghe-thong-tin,D25,Điểm học bạ,2025,18.0,Công nghệ thông tin
51394,DSG,cong-nghe-thong-tin,D27,Điểm học bạ,2025,18.0,Công nghệ thông tin
51395,DSG,cong-nghe-thong-tin,D28,Điểm học bạ,2025,18.0,Công nghệ thông tin
51396,DSG,cong-nghe-thong-tin,D29,Điểm học bạ,2025,18.0,Công nghệ thông tin
51397,DSG,cong-nghe-thong-tin,D30,Điểm học bạ,2025,18.0,Công nghệ thông tin
51398,DSG,cong-nghe-thong-tin,D32,Điểm học bạ,2025,18.0,Công nghệ thông tin
51399,DSG,cong-nghe-thong-tin,D33,Điểm học bạ,2025,18.0,Công nghệ thông tin
51400,DSG,cong-nghe-thong-tin,D34,Điểm học bạ,2025,18.0,Công nghệ thông tin
51401,DSG,cong-nghe-thong-tin,D35,Điểm học bạ,2025,18.0,Công nghệ thông tin
51402,DSG,cong-nghe-thong-tin,D37,Điểm học bạ,2025,18.0,Công nghệ thông tin
51403,DSG,cong-nghe-thong-tin,D38,Điểm học bạ,2025,18.0,Công nghệ thông tin
51404,DSG,cong-nghe-thong-tin,D39,Điểm học bạ,2025,18.0,Công nghệ thông tin
51405,DSG,cong-nghe-thong-tin,D40,Điểm học bạ,2025,18.0,Công nghệ thông tin
51406,DSG,cong-nghe-thong-tin,D84,Điểm học bạ,2025,18.0,Công nghệ thông tin
51407,DSG,cong-nghe-thong-tin,D86,Điểm học bạ,2025,18.0,Công nghệ thông tin
51408,DSG,cong-nghe-thong-tin,D87,Điểm học bạ,2025,18.0,Công nghệ thông tin
51409,DSG,cong-nghe-thong-tin,D88,Điểm học bạ,2025,18.0,Công nghệ thông tin
51410,DSG,cong-nghe-thong-tin,A00,Điểm thi THPT,2025,15.0,Công nghệ thông tin
51411,DSG,cong-nghe-thong-tin,A01,Điểm thi THPT,2025,15.0,Công nghệ thông tin
51412,DSG,cong-nghe-thong-tin,A02,Điểm thi THPT,2025,15.0,Công nghệ thông tin
51413,DSG,cong-nghe-thong-tin,A03,Điểm thi THPT,2025,15.0,Công nghệ thông tin
51414,DSG,cong-nghe-thong-tin,A04,Điểm thi THPT,2025,15.0,Công nghệ thông tin
51415,DSG,cong-nghe-thong-tin,A05,Điểm thi THPT,2025,15.0,Công nghệ thông tin
51416,DSG,cong-nghe-thong-tin,A06,Điểm thi THPT,2025,15.0,Công nghệ thông tin
51417,DSG,cong-nghe-thong-tin,A07,Điểm thi THPT,2025,15.0,Công nghệ thông tin
51418,DSG,cong-nghe-thong-tin,A08,Điểm thi THPT,2025,15.0,Công nghệ thông tin
51419,DSG,cong-nghe-thong-tin,B00,Điểm thi THPT,2025,15.0,Công nghệ thông tin
51420,DSG,cong-nghe-thong-tin,B01,Điểm thi THPT,2025,15.0,Công nghệ thông tin
51421,DSG,cong-nghe-thong-tin,B02,Điểm thi THPT,2025,15.0,Công nghệ thông tin
51422,DSG,cong-nghe-thong-tin,B03,Điểm thi THPT,2025,15.0,Công nghệ thông tin
51423,DSG,cong-nghe-thong-tin,B08,Điểm thi THPT,2025,15.0,Công nghệ thông tin
51424,DSG,cong-nghe-thong-tin,C01,Điểm thi THPT,2025,15.0,Công nghệ thông tin
51425,DSG,cong-nghe-thong-tin,C02,Điểm thi THPT,2025,15.0,Công nghệ thông tin
51426,DSG,cong-nghe-thong-tin,C03,Điểm thi THPT,2025,15.0,Công nghệ thông tin
51427,DSG,cong-nghe-thong-tin,C04,Điểm thi THPT,2025,15.0,Công nghệ thông tin
51428,DSG,cong-nghe-thong-tin,C14,Điểm thi THPT,2025,15.0,Công nghệ thông tin
51429,DSG,cong-nghe-thong-tin,D01,Điểm thi THPT,2025,15.0,Công nghệ thông tin
51430,DSG,cong-nghe-thong-tin,D02,Điểm thi THPT,2025,15.0,Công nghệ thông tin
51431,DSG,cong-nghe-thong-tin,D03,Điểm thi THPT,2025,15.0,Công nghệ thông tin
51432,DSG,cong-nghe-thong-tin,D04,Điểm thi THPT,2025,15.0,Công nghệ thông tin
51433,DSG,cong-nghe-thong-tin,D06,Điểm thi THPT,2025,15.0,Công nghệ thông tin
51434,DSG,cong-nghe-thong-tin,D07,Điểm thi THPT,2025,15.0,Công nghệ thông tin
51435,DSG,cong-nghe-thong-tin,D09,Điểm thi THPT,2025,15.0,Công nghệ thông tin
51436,DSG,cong-nghe-thong-tin,D10,Điểm thi THPT,2025,15.0,Công nghệ thông tin
51437,DSG,cong-nghe-thong-tin,D17,Điểm thi THPT,2025,15.0,Công nghệ thông tin
51438,DSG,cong-nghe-thong-tin,D18,Điểm thi THPT,2025,15.0,Công nghệ thông tin
51439,DSG,cong-nghe-thong-tin,D19,Điểm thi THPT,2025,15.0,Công nghệ thông tin
51440,DSG,cong-nghe-thong-tin,D20,Điểm thi THPT,2025,15.0,Công nghệ thông tin
51441,DSG,cong-nghe-thong-tin,D22,Điểm thi THPT,2025,15.0,Công nghệ thông tin
51442,DSG,cong-nghe-thong-tin,D23,Điểm thi THPT,2025,15.0,Công nghệ thông tin
51443,DSG,cong-nghe-thong-tin,D24,Điểm thi THPT,2025,15.0,Công nghệ thông tin
51444,DSG,cong-nghe-thong-tin,D25,Điểm thi THPT,2025,15.0,Công nghệ thông tin
51445,DSG,cong-nghe-thong-tin,D27,Điểm thi THPT,2025,15.0,Công nghệ thông tin
51446,DSG,cong-nghe-thong-tin,D28,Điểm thi THPT,2025,15.0,Công nghệ thông tin
51447,DSG,cong-nghe-thong-tin,D29,Điểm thi THPT,2025,15.0,Công nghệ thông tin
51448,DSG,cong-nghe-thong-tin,D30,Điểm thi THPT,2025,15.0,Công nghệ thông tin
51449,DSG,cong-nghe-thong-tin,D32,Điểm thi THPT,2025,15.0,Công nghệ thông tin
51450,DSG,cong-nghe-thong-tin,D33,Điểm thi THPT,2025,15.0,Công nghệ thông tin
51451,DSG,cong-nghe-thong-tin,D34,Điểm thi THPT,2025,15.0,Công nghệ thông tin
51452,DSG,cong-nghe-thong-tin,D35,Điểm thi THPT,2025,15.0,Công nghệ thông tin
51453,DSG,cong-nghe-thong-tin,D37,Điểm thi THPT,2025,15.0,Công nghệ thông tin
51454,DSG,cong-nghe-thong-tin,D38,Điểm thi THPT,2025,15.0,Công nghệ thông tin
51455,DSG,cong-nghe-thong-tin,D39,Điểm thi THPT,2025,15.0,Công nghệ thông tin
51456,DSG,cong-nghe-thong-tin,D40,Điểm thi THPT,2025,15.0,Công nghệ thông tin
51457,DSG,cong-nghe-thong-tin,D84,Điểm thi THPT,2025,15.0,Công nghệ thông tin
51458,DSG,cong-nghe-thong-tin,D86,Điểm thi THPT,2025,15.0,Công nghệ thông tin
51459,DSG,cong-nghe-thong-tin,D87,Điểm thi THPT,2025,15.0,Công nghệ thông tin
51460,DSG,cong-nghe-thong-tin,D88,Điểm thi THPT,2025,15.0,Công nghệ thông tin
51461,DSG,cong-nghe-thuc-pham,A00,Điểm học bạ,2021,18.0,Công nghệ Thực phẩm
51462,DSG,cong-nghe-thuc-pham,B00,Điểm học bạ,2021,18.0,Công nghệ Thực phẩm
51463,DSG,cong-nghe-thuc-pham,D01,Điểm học bạ,2021,18.0,Công nghệ Thực phẩm
51464,DSG,cong-nghe-thuc-pham,D02,Điểm học bạ,2021,18.0,Công nghệ Thực phẩm
51465,DSG,cong-nghe-thuc-pham,D03,Điểm học bạ,2021,18.0,Công nghệ Thực phẩm
51466,DSG,cong-nghe-thuc-pham,D04,Điểm học bạ,2021,18.0,Công nghệ Thực phẩm
51467,DSG,cong-nghe-thuc-pham,D05,Điểm học bạ,2021,18.0,Công nghệ Thực phẩm
51468,DSG,cong-nghe-thuc-pham,D06,Điểm học bạ,2021,18.0,Công nghệ Thực phẩm
51469,DSG,cong-nghe-thuc-pham,D08,Điểm học bạ,2021,18.0,Công nghệ Thực phẩm
51470,DSG,cong-nghe-thuc-pham,D31,Điểm học bạ,2021,18.0,Công nghệ Thực phẩm
51471,DSG,cong-nghe-thuc-pham,D32,Điểm học bạ,2021,18.0,Công nghệ Thực phẩm
51472,DSG,cong-nghe-thuc-pham,D33,Điểm học bạ,2021,18.0,Công nghệ Thực phẩm
51473,DSG,cong-nghe-thuc-pham,D34,Điểm học bạ,2021,18.0,Công nghệ Thực phẩm
51474,DSG,cong-nghe-thuc-pham,D35,Điểm học bạ,2021,18.0,Công nghệ Thực phẩm
51475,DSG,cong-nghe-thuc-pham,A00,Điểm thi THPT,2021,15.0,Công nghệ Thực phẩm
51476,DSG,cong-nghe-thuc-pham,B00,Điểm thi THPT,2021,15.0,Công nghệ Thực phẩm
51477,DSG,cong-nghe-thuc-pham,D01,Điểm thi THPT,2021,15.0,Công nghệ Thực phẩm
51478,DSG,cong-nghe-thuc-pham,D02,Điểm thi THPT,2021,15.0,Công nghệ Thực phẩm
51479,DSG,cong-nghe-thuc-pham,D03,Điểm thi THPT,2021,15.0,Công nghệ Thực phẩm
51480,DSG,cong-nghe-thuc-pham,D04,Điểm thi THPT,2021,15.0,Công nghệ Thực phẩm
51481,DSG,cong-nghe-thuc-pham,D05,Điểm thi THPT,2021,15.0,Công nghệ Thực phẩm
51482,DSG,cong-nghe-thuc-pham,D06,Điểm thi THPT,2021,15.0,Công nghệ Thực phẩm
51483,DSG,cong-nghe-thuc-pham,D08,Điểm thi THPT,2021,15.0,Công nghệ Thực phẩm
51484,DSG,cong-nghe-thuc-pham,D31,Điểm thi THPT,2021,15.0,Công nghệ Thực phẩm
51485,DSG,cong-nghe-thuc-pham,D32,Điểm thi THPT,2021,15.0,Công nghệ Thực phẩm
51486,DSG,cong-nghe-thuc-pham,D33,Điểm thi THPT,2021,15.0,Công nghệ Thực phẩm
51487,DSG,cong-nghe-thuc-pham,D34,Điểm thi THPT,2021,15.0,Công nghệ Thực phẩm
51488,DSG,cong-nghe-thuc-pham,D35,Điểm thi THPT,2021,15.0,Công nghệ Thực phẩm
51489,DSG,cong-nghe-thuc-pham,A00,Điểm học bạ,2022,18.0,Công nghệ thực phẩm
51490,DSG,cong-nghe-thuc-pham,B00,Điểm học bạ,2022,18.0,Công nghệ thực phẩm
51491,DSG,cong-nghe-thuc-pham,D01,Điểm học bạ,2022,18.0,Công nghệ thực phẩm
51492,DSG,cong-nghe-thuc-pham,D02,Điểm học bạ,2022,18.0,Công nghệ thực phẩm
51493,DSG,cong-nghe-thuc-pham,D03,Điểm học bạ,2022,18.0,Công nghệ thực phẩm
51494,DSG,cong-nghe-thuc-pham,D04,Điểm học bạ,2022,18.0,Công nghệ thực phẩm
51495,DSG,cong-nghe-thuc-pham,D05,Điểm học bạ,2022,18.0,Công nghệ thực phẩm
51496,DSG,cong-nghe-thuc-pham,D06,Điểm học bạ,2022,18.0,Công nghệ thực phẩm
51497,DSG,cong-nghe-thuc-pham,D07,Điểm học bạ,2022,18.0,Công nghệ thực phẩm
51498,DSG,cong-nghe-thuc-pham,D21,Điểm học bạ,2022,18.0,Công nghệ thực phẩm
51499,DSG,cong-nghe-thuc-pham,D22,Điểm học bạ,2022,18.0,Công nghệ thực phẩm
51500,DSG,cong-nghe-thuc-pham,D23,Điểm học bạ,2022,18.0,Công nghệ thực phẩm
51501,DSG,cong-nghe-thuc-pham,D24,Điểm học bạ,2022,18.0,Công nghệ thực phẩm
51502,DSG,cong-nghe-thuc-pham,D25,Điểm học bạ,2022,18.0,Công nghệ thực phẩm
51503,DSG,cong-nghe-thuc-pham,A00,Điểm thi THPT,2022,15.0,Công nghệ thực phẩm
51504,DSG,cong-nghe-thuc-pham,B00,Điểm thi THPT,2022,15.0,Công nghệ thực phẩm
51505,DSG,cong-nghe-thuc-pham,D01,Điểm thi THPT,2022,15.0,Công nghệ thực phẩm
51506,DSG,cong-nghe-thuc-pham,D02,Điểm thi THPT,2022,15.0,Công nghệ thực phẩm
51507,DSG,cong-nghe-thuc-pham,D03,Điểm thi THPT,2022,15.0,Công nghệ thực phẩm
51508,DSG,cong-nghe-thuc-pham,D04,Điểm thi THPT,2022,15.0,Công nghệ thực phẩm
51509,DSG,cong-nghe-thuc-pham,D05,Điểm thi THPT,2022,15.0,Công nghệ thực phẩm
51510,DSG,cong-nghe-thuc-pham,D06,Điểm thi THPT,2022,15.0,Công nghệ thực phẩm
51511,DSG,cong-nghe-thuc-pham,D07,Điểm thi THPT,2022,15.0,Công nghệ thực phẩm
51512,DSG,cong-nghe-thuc-pham,D21,Điểm thi THPT,2022,15.0,Công nghệ thực phẩm
51513,DSG,cong-nghe-thuc-pham,D22,Điểm thi THPT,2022,15.0,Công nghệ thực phẩm
51514,DSG,cong-nghe-thuc-pham,D23,Điểm thi THPT,2022,15.0,Công nghệ thực phẩm
51515,DSG,cong-nghe-thuc-pham,D24,Điểm thi THPT,2022,15.0,Công nghệ thực phẩm
51516,DSG,cong-nghe-thuc-pham,D25,Điểm thi THPT,2022,15.0,Công nghệ thực phẩm
51517,DSG,cong-nghe-thuc-pham,A00,Điểm học bạ,2023,18.0,Công nghệ thực phẩm
51518,DSG,cong-nghe-thuc-pham,A01,Điểm học bạ,2023,18.0,Công nghệ thực phẩm
51519,DSG,cong-nghe-thuc-pham,D07,Điểm học bạ,2023,18.0,Công nghệ thực phẩm
51520,DSG,cong-nghe-thuc-pham,D14,Điểm học bạ,2023,18.0,Công nghệ thực phẩm
51521,DSG,cong-nghe-thuc-pham,A00,Điểm thi THPT,2023,15.0,Công nghệ thực phẩm
51522,DSG,cong-nghe-thuc-pham,B00,Điểm thi THPT,2023,15.0,Công nghệ thực phẩm
51523,DSG,cong-nghe-thuc-pham,D01,Điểm thi THPT,2023,15.0,Công nghệ thực phẩm
51524,DSG,cong-nghe-thuc-pham,D08,Điểm thi THPT,2023,15.0,Công nghệ thực phẩm
51525,DSG,cong-nghe-thuc-pham,A00,Điểm thi THPT,2024,15.0,Công nghệ thực phẩm
51526,DSG,cong-nghe-thuc-pham,B00,Điểm thi THPT,2024,15.0,Công nghệ thực phẩm
51527,DSG,cong-nghe-thuc-pham,D01,Điểm thi THPT,2024,15.0,Công nghệ thực phẩm
51528,DSG,cong-nghe-thuc-pham,D02,Điểm thi THPT,2024,15.0,Công nghệ thực phẩm
51529,DSG,cong-nghe-thuc-pham,D03,Điểm thi THPT,2024,15.0,Công nghệ thực phẩm
51530,DSG,cong-nghe-thuc-pham,D04,Điểm thi THPT,2024,15.0,Công nghệ thực phẩm
51531,DSG,cong-nghe-thuc-pham,D05,Điểm thi THPT,2024,15.0,Công nghệ thực phẩm
51532,DSG,cong-nghe-thuc-pham,D06,Điểm thi THPT,2024,15.0,Công nghệ thực phẩm
51533,DSG,cong-nghe-thuc-pham,D08,Điểm thi THPT,2024,15.0,Công nghệ thực phẩm
51534,DSG,cong-nghe-thuc-pham,D31,Điểm thi THPT,2024,15.0,Công nghệ thực phẩm
51535,DSG,cong-nghe-thuc-pham,D32,Điểm thi THPT,2024,15.0,Công nghệ thực phẩm
51536,DSG,cong-nghe-thuc-pham,D33,Điểm thi THPT,2024,15.0,Công nghệ thực phẩm
51537,DSG,cong-nghe-thuc-pham,D34,Điểm thi THPT,2024,15.0,Công nghệ thực phẩm
51538,DSG,cong-nghe-thuc-pham,D35,Điểm thi THPT,2024,15.0,Công nghệ thực phẩm
51539,DSG,cong-nghe-thuc-pham,A00,Điểm học bạ,2025,18.0,Công nghệ thực phẩm
51540,DSG,cong-nghe-thuc-pham,A01,Điểm học bạ,2025,18.0,Công nghệ thực phẩm
51541,DSG,cong-nghe-thuc-pham,A02,Điểm học bạ,2025,18.0,Công nghệ thực phẩm
51542,DSG,cong-nghe-thuc-pham,A03,Điểm học bạ,2025,18.0,Công nghệ thực phẩm
51543,DSG,cong-nghe-thuc-pham,A04,Điểm học bạ,2025,18.0,Công nghệ thực phẩm
51544,DSG,cong-nghe-thuc-pham,A05,Điểm học bạ,2025,18.0,Công nghệ thực phẩm
51545,DSG,cong-nghe-thuc-pham,A06,Điểm học bạ,2025,18.0,Công nghệ thực phẩm
51546,DSG,cong-nghe-thuc-pham,A07,Điểm học bạ,2025,18.0,Công nghệ thực phẩm
51547,DSG,cong-nghe-thuc-pham,A08,Điểm học bạ,2025,18.0,Công nghệ thực phẩm
51548,DSG,cong-nghe-thuc-pham,B00,Điểm học bạ,2025,18.0,Công nghệ thực phẩm
51549,DSG,cong-nghe-thuc-pham,B01,Điểm học bạ,2025,18.0,Công nghệ thực phẩm
51550,DSG,cong-nghe-thuc-pham,B02,Điểm học bạ,2025,18.0,Công nghệ thực phẩm
51551,DSG,cong-nghe-thuc-pham,B03,Điểm học bạ,2025,18.0,Công nghệ thực phẩm
51552,DSG,cong-nghe-thuc-pham,B08,Điểm học bạ,2025,18.0,Công nghệ thực phẩm
51553,DSG,cong-nghe-thuc-pham,C01,Điểm học bạ,2025,18.0,Công nghệ thực phẩm
51554,DSG,cong-nghe-thuc-pham,C02,Điểm học bạ,2025,18.0,Công nghệ thực phẩm
51555,DSG,cong-nghe-thuc-pham,C03,Điểm học bạ,2025,18.0,Công nghệ thực phẩm
51556,DSG,cong-nghe-thuc-pham,C04,Điểm học bạ,2025,18.0,Công nghệ thực phẩm
51557,DSG,cong-nghe-thuc-pham,C14,Điểm học bạ,2025,18.0,Công nghệ thực phẩm
51558,DSG,cong-nghe-thuc-pham,D01,Điểm học bạ,2025,18.0,Công nghệ thực phẩm
51559,DSG,cong-nghe-thuc-pham,D02,Điểm học bạ,2025,18.0,Công nghệ thực phẩm
51560,DSG,cong-nghe-thuc-pham,D03,Điểm học bạ,2025,18.0,Công nghệ thực phẩm
51561,DSG,cong-nghe-thuc-pham,D04,Điểm học bạ,2025,18.0,Công nghệ thực phẩm
51562,DSG,cong-nghe-thuc-pham,D06,Điểm học bạ,2025,18.0,Công nghệ thực phẩm
51563,DSG,cong-nghe-thuc-pham,D07,Điểm học bạ,2025,18.0,Công nghệ thực phẩm
51564,DSG,cong-nghe-thuc-pham,D09,Điểm học bạ,2025,18.0,Công nghệ thực phẩm
51565,DSG,cong-nghe-thuc-pham,D10,Điểm học bạ,2025,18.0,Công nghệ thực phẩm
51566,DSG,cong-nghe-thuc-pham,D17,Điểm học bạ,2025,18.0,Công nghệ thực phẩm
51567,DSG,cong-nghe-thuc-pham,D18,Điểm học bạ,2025,18.0,Công nghệ thực phẩm
51568,DSG,cong-nghe-thuc-pham,D19,Điểm học bạ,2025,18.0,Công nghệ thực phẩm
51569,DSG,cong-nghe-thuc-pham,D20,Điểm học bạ,2025,18.0,Công nghệ thực phẩm
51570,DSG,cong-nghe-thuc-pham,D22,Điểm học bạ,2025,18.0,Công nghệ thực phẩm
51571,DSG,cong-nghe-thuc-pham,D23,Điểm học bạ,2025,18.0,Công nghệ thực phẩm
51572,DSG,cong-nghe-thuc-pham,D24,Điểm học bạ,2025,18.0,Công nghệ thực phẩm
51573,DSG,cong-nghe-thuc-pham,D25,Điểm học bạ,2025,18.0,Công nghệ thực phẩm
51574,DSG,cong-nghe-thuc-pham,D27,Điểm học bạ,2025,18.0,Công nghệ thực phẩm
51575,DSG,cong-nghe-thuc-pham,D28,Điểm học bạ,2025,18.0,Công nghệ thực phẩm
51576,DSG,cong-nghe-thuc-pham,D29,Điểm học bạ,2025,18.0,Công nghệ thực phẩm
51577,DSG,cong-nghe-thuc-pham,D30,Điểm học bạ,2025,18.0,Công nghệ thực phẩm
51578,DSG,cong-nghe-thuc-pham,D32,Điểm học bạ,2025,18.0,Công nghệ thực phẩm
51579,DSG,cong-nghe-thuc-pham,D33,Điểm học bạ,2025,18.0,Công nghệ thực phẩm
51580,DSG,cong-nghe-thuc-pham,D34,Điểm học bạ,2025,18.0,Công nghệ thực phẩm
51581,DSG,cong-nghe-thuc-pham,D35,Điểm học bạ,2025,18.0,Công nghệ thực phẩm
51582,DSG,cong-nghe-thuc-pham,D37,Điểm học bạ,2025,18.0,Công nghệ thực phẩm
51583,DSG,cong-nghe-thuc-pham,D38,Điểm học bạ,2025,18.0,Công nghệ thực phẩm
51584,DSG,cong-nghe-thuc-pham,D39,Điểm học bạ,2025,18.0,Công nghệ thực phẩm
51585,DSG,cong-nghe-thuc-pham,D40,Điểm học bạ,2025,18.0,Công nghệ thực phẩm
51586,DSG,cong-nghe-thuc-pham,D84,Điểm học bạ,2025,18.0,Công nghệ thực phẩm
51587,DSG,cong-nghe-thuc-pham,D86,Điểm học bạ,2025,18.0,Công nghệ thực phẩm
51588,DSG,cong-nghe-thuc-pham,D87,Điểm học bạ,2025,18.0,Công nghệ thực phẩm
51589,DSG,cong-nghe-thuc-pham,D88,Điểm học bạ,2025,18.0,Công nghệ thực phẩm
51590,DSG,cong-nghe-thuc-pham,A00,Điểm thi THPT,2025,15.0,Công nghệ thực phẩm
51591,DSG,cong-nghe-thuc-pham,A01,Điểm thi THPT,2025,15.0,Công nghệ thực phẩm
51592,DSG,cong-nghe-thuc-pham,A02,Điểm thi THPT,2025,15.0,Công nghệ thực phẩm
51593,DSG,cong-nghe-thuc-pham,A03,Điểm thi THPT,2025,15.0,Công nghệ thực phẩm
51594,DSG,cong-nghe-thuc-pham,A04,Điểm thi THPT,2025,15.0,Công nghệ thực phẩm
51595,DSG,cong-nghe-thuc-pham,A05,Điểm thi THPT,2025,15.0,Công nghệ thực phẩm
51596,DSG,cong-nghe-thuc-pham,A06,Điểm thi THPT,2025,15.0,Công nghệ thực phẩm
51597,DSG,cong-nghe-thuc-pham,A07,Điểm thi THPT,2025,15.0,Công nghệ thực phẩm
51598,DSG,cong-nghe-thuc-pham,A08,Điểm thi THPT,2025,15.0,Công nghệ thực phẩm
51599,DSG,cong-nghe-thuc-pham,B00,Điểm thi THPT,2025,15.0,Công nghệ thực phẩm
51600,DSG,cong-nghe-thuc-pham,B01,Điểm thi THPT,2025,15.0,Công nghệ thực phẩm
51601,DSG,cong-nghe-thuc-pham,B02,Điểm thi THPT,2025,15.0,Công nghệ thực phẩm
51602,DSG,cong-nghe-thuc-pham,B03,Điểm thi THPT,2025,15.0,Công nghệ thực phẩm
51603,DSG,cong-nghe-thuc-pham,B08,Điểm thi THPT,2025,15.0,Công nghệ thực phẩm
51604,DSG,cong-nghe-thuc-pham,C01,Điểm thi THPT,2025,15.0,Công nghệ thực phẩm
51605,DSG,cong-nghe-thuc-pham,C02,Điểm thi THPT,2025,15.0,Công nghệ thực phẩm
51606,DSG,cong-nghe-thuc-pham,C03,Điểm thi THPT,2025,15.0,Công nghệ thực phẩm
51607,DSG,cong-nghe-thuc-pham,C04,Điểm thi THPT,2025,15.0,Công nghệ thực phẩm
51608,DSG,cong-nghe-thuc-pham,C14,Điểm thi THPT,2025,15.0,Công nghệ thực phẩm
51609,DSG,cong-nghe-thuc-pham,D01,Điểm thi THPT,2025,15.0,Công nghệ thực phẩm
51610,DSG,cong-nghe-thuc-pham,D02,Điểm thi THPT,2025,15.0,Công nghệ thực phẩm
51611,DSG,cong-nghe-thuc-pham,D03,Điểm thi THPT,2025,15.0,Công nghệ thực phẩm
51612,DSG,cong-nghe-thuc-pham,D04,Điểm thi THPT,2025,15.0,Công nghệ thực phẩm
51613,DSG,cong-nghe-thuc-pham,D06,Điểm thi THPT,2025,15.0,Công nghệ thực phẩm
51614,DSG,cong-nghe-thuc-pham,D07,Điểm thi THPT,2025,15.0,Công nghệ thực phẩm
51615,DSG,cong-nghe-thuc-pham,D09,Điểm thi THPT,2025,15.0,Công nghệ thực phẩm
51616,DSG,cong-nghe-thuc-pham,D10,Điểm thi THPT,2025,15.0,Công nghệ thực phẩm
51617,DSG,cong-nghe-thuc-pham,D17,Điểm thi THPT,2025,15.0,Công nghệ thực phẩm
51618,DSG,cong-nghe-thuc-pham,D18,Điểm thi THPT,2025,15.0,Công nghệ thực phẩm
51619,DSG,cong-nghe-thuc-pham,D19,Điểm thi THPT,2025,15.0,Công nghệ thực phẩm
51620,DSG,cong-nghe-thuc-pham,D20,Điểm thi THPT,2025,15.0,Công nghệ thực phẩm
51621,DSG,cong-nghe-thuc-pham,D22,Điểm thi THPT,2025,15.0,Công nghệ thực phẩm
51622,DSG,cong-nghe-thuc-pham,D23,Điểm thi THPT,2025,15.0,Công nghệ thực phẩm
51623,DSG,cong-nghe-thuc-pham,D24,Điểm thi THPT,2025,15.0,Công nghệ thực phẩm
51624,DSG,cong-nghe-thuc-pham,D25,Điểm thi THPT,2025,15.0,Công nghệ thực phẩm
51625,DSG,cong-nghe-thuc-pham,D27,Điểm thi THPT,2025,15.0,Công nghệ thực phẩm
51626,DSG,cong-nghe-thuc-pham,D28,Điểm thi THPT,2025,15.0,Công nghệ thực phẩm
51627,DSG,cong-nghe-thuc-pham,D29,Điểm thi THPT,2025,15.0,Công nghệ thực phẩm
51628,DSG,cong-nghe-thuc-pham,D30,Điểm thi THPT,2025,15.0,Công nghệ thực phẩm
51629,DSG,cong-nghe-thuc-pham,D32,Điểm thi THPT,2025,15.0,Công nghệ thực phẩm
51630,DSG,cong-nghe-thuc-pham,D33,Điểm thi THPT,2025,15.0,Công nghệ thực phẩm
51631,DSG,cong-nghe-thuc-pham,D34,Điểm thi THPT,2025,15.0,Công nghệ thực phẩm
51632,DSG,cong-nghe-thuc-pham,D35,Điểm thi THPT,2025,15.0,Công nghệ thực phẩm
51633,DSG,cong-nghe-thuc-pham,D37,Điểm thi THPT,2025,15.0,Công nghệ thực phẩm
51634,DSG,cong-nghe-thuc-pham,D38,Điểm thi THPT,2025,15.0,Công nghệ thực phẩm
51635,DSG,cong-nghe-thuc-pham,D39,Điểm thi THPT,2025,15.0,Công nghệ thực phẩm
51636,DSG,cong-nghe-thuc-pham,D40,Điểm thi THPT,2025,15.0,Công nghệ thực phẩm
51637,DSG,cong-nghe-thuc-pham,D84,Điểm thi THPT,2025,15.0,Công nghệ thực phẩm
51638,DSG,cong-nghe-thuc-pham,D86,Điểm thi THPT,2025,15.0,Công nghệ thực phẩm
51639,DSG,cong-nghe-thuc-pham,D87,Điểm thi THPT,2025,15.0,Công nghệ thực phẩm
51640,DSG,cong-nghe-thuc-pham,D88,Điểm thi THPT,2025,15.0,Công nghệ thực phẩm
51641,DSG,dam-bao-chat-luong-va-an-toan-thuc-pham,A00,Điểm học bạ,2025,18.0,Đảm bảo chất lượng và an toàn thực phẩm
51642,DSG,dam-bao-chat-luong-va-an-toan-thuc-pham,A01,Điểm học bạ,2025,18.0,Đảm bảo chất lượng và an toàn thực phẩm
51643,DSG,dam-bao-chat-luong-va-an-toan-thuc-pham,A02,Điểm học bạ,2025,18.0,Đảm bảo chất lượng và an toàn thực phẩm
51644,DSG,dam-bao-chat-luong-va-an-toan-thuc-pham,A03,Điểm học bạ,2025,18.0,Đảm bảo chất lượng và an toàn thực phẩm
51645,DSG,dam-bao-chat-luong-va-an-toan-thuc-pham,A04,Điểm học bạ,2025,18.0,Đảm bảo chất lượng và an toàn thực phẩm
51646,DSG,dam-bao-chat-luong-va-an-toan-thuc-pham,A05,Điểm học bạ,2025,18.0,Đảm bảo chất lượng và an toàn thực phẩm
51647,DSG,dam-bao-chat-luong-va-an-toan-thuc-pham,A06,Điểm học bạ,2025,18.0,Đảm bảo chất lượng và an toàn thực phẩm
51648,DSG,dam-bao-chat-luong-va-an-toan-thuc-pham,A07,Điểm học bạ,2025,18.0,Đảm bảo chất lượng và an toàn thực phẩm
51649,DSG,dam-bao-chat-luong-va-an-toan-thuc-pham,A08,Điểm học bạ,2025,18.0,Đảm bảo chất lượng và an toàn thực phẩm
51650,DSG,dam-bao-chat-luong-va-an-toan-thuc-pham,B00,Điểm học bạ,2025,18.0,Đảm bảo chất lượng và an toàn thực phẩm
51651,DSG,dam-bao-chat-luong-va-an-toan-thuc-pham,B01,Điểm học bạ,2025,18.0,Đảm bảo chất lượng và an toàn thực phẩm
51652,DSG,dam-bao-chat-luong-va-an-toan-thuc-pham,B02,Điểm học bạ,2025,18.0,Đảm bảo chất lượng và an toàn thực phẩm
51653,DSG,dam-bao-chat-luong-va-an-toan-thuc-pham,B03,Điểm học bạ,2025,18.0,Đảm bảo chất lượng và an toàn thực phẩm
51654,DSG,dam-bao-chat-luong-va-an-toan-thuc-pham,B08,Điểm học bạ,2025,18.0,Đảm bảo chất lượng và an toàn thực phẩm
51655,DSG,dam-bao-chat-luong-va-an-toan-thuc-pham,C00,Điểm học bạ,2025,18.0,Đảm bảo chất lượng và an toàn thực phẩm
51656,DSG,dam-bao-chat-luong-va-an-toan-thuc-pham,C01,Điểm học bạ,2025,18.0,Đảm bảo chất lượng và an toàn thực phẩm
51657,DSG,dam-bao-chat-luong-va-an-toan-thuc-pham,C02,Điểm học bạ,2025,18.0,Đảm bảo chất lượng và an toàn thực phẩm
51658,DSG,dam-bao-chat-luong-va-an-toan-thuc-pham,C03,Điểm học bạ,2025,18.0,Đảm bảo chất lượng và an toàn thực phẩm
51659,DSG,dam-bao-chat-luong-va-an-toan-thuc-pham,C04,Điểm học bạ,2025,18.0,Đảm bảo chất lượng và an toàn thực phẩm
51660,DSG,dam-bao-chat-luong-va-an-toan-thuc-pham,C05,Điểm học bạ,2025,18.0,Đảm bảo chất lượng và an toàn thực phẩm
51661,DSG,dam-bao-chat-luong-va-an-toan-thuc-pham,C06,Điểm học bạ,2025,18.0,Đảm bảo chất lượng và an toàn thực phẩm
51662,DSG,dam-bao-chat-luong-va-an-toan-thuc-pham,C07,Điểm học bạ,2025,18.0,Đảm bảo chất lượng và an toàn thực phẩm
51663,DSG,dam-bao-chat-luong-va-an-toan-thuc-pham,C08,Điểm học bạ,2025,18.0,Đảm bảo chất lượng và an toàn thực phẩm
51664,DSG,dam-bao-chat-luong-va-an-toan-thuc-pham,C09,Điểm học bạ,2025,18.0,Đảm bảo chất lượng và an toàn thực phẩm
51665,DSG,dam-bao-chat-luong-va-an-toan-thuc-pham,C10,Điểm học bạ,2025,18.0,Đảm bảo chất lượng và an toàn thực phẩm
51666,DSG,dam-bao-chat-luong-va-an-toan-thuc-pham,C11,Điểm học bạ,2025,18.0,Đảm bảo chất lượng và an toàn thực phẩm
51667,DSG,dam-bao-chat-luong-va-an-toan-thuc-pham,C12,Điểm học bạ,2025,18.0,Đảm bảo chất lượng và an toàn thực phẩm
51668,DSG,dam-bao-chat-luong-va-an-toan-thuc-pham,C13,Điểm học bạ,2025,18.0,Đảm bảo chất lượng và an toàn thực phẩm
51669,DSG,dam-bao-chat-luong-va-an-toan-thuc-pham,C14,Điểm học bạ,2025,18.0,Đảm bảo chất lượng và an toàn thực phẩm
51670,DSG,dam-bao-chat-luong-va-an-toan-thuc-pham,C19,Điểm học bạ,2025,18.0,Đảm bảo chất lượng và an toàn thực phẩm
51671,DSG,dam-bao-chat-luong-va-an-toan-thuc-pham,D01,Điểm học bạ,2025,18.0,Đảm bảo chất lượng và an toàn thực phẩm
51672,DSG,dam-bao-chat-luong-va-an-toan-thuc-pham,D02,Điểm học bạ,2025,18.0,Đảm bảo chất lượng và an toàn thực phẩm
51673,DSG,dam-bao-chat-luong-va-an-toan-thuc-pham,D03,Điểm học bạ,2025,18.0,Đảm bảo chất lượng và an toàn thực phẩm
51674,DSG,dam-bao-chat-luong-va-an-toan-thuc-pham,D04,Điểm học bạ,2025,18.0,Đảm bảo chất lượng và an toàn thực phẩm
51675,DSG,dam-bao-chat-luong-va-an-toan-thuc-pham,D06,Điểm học bạ,2025,18.0,Đảm bảo chất lượng và an toàn thực phẩm
51676,DSG,dam-bao-chat-luong-va-an-toan-thuc-pham,D07,Điểm học bạ,2025,18.0,Đảm bảo chất lượng và an toàn thực phẩm
51677,DSG,dam-bao-chat-luong-va-an-toan-thuc-pham,D09,Điểm học bạ,2025,18.0,Đảm bảo chất lượng và an toàn thực phẩm
51678,DSG,dam-bao-chat-luong-va-an-toan-thuc-pham,D10,Điểm học bạ,2025,18.0,Đảm bảo chất lượng và an toàn thực phẩm
51679,DSG,dam-bao-chat-luong-va-an-toan-thuc-pham,D11,Điểm học bạ,2025,18.0,Đảm bảo chất lượng và an toàn thực phẩm
51680,DSG,dam-bao-chat-luong-va-an-toan-thuc-pham,D12,Điểm học bạ,2025,18.0,Đảm bảo chất lượng và an toàn thực phẩm
51681,DSG,dam-bao-chat-luong-va-an-toan-thuc-pham,D13,Điểm học bạ,2025,18.0,Đảm bảo chất lượng và an toàn thực phẩm
51682,DSG,dam-bao-chat-luong-va-an-toan-thuc-pham,D14,Điểm học bạ,2025,18.0,Đảm bảo chất lượng và an toàn thực phẩm
51683,DSG,dam-bao-chat-luong-va-an-toan-thuc-pham,D15,Điểm học bạ,2025,18.0,Đảm bảo chất lượng và an toàn thực phẩm
51684,DSG,dam-bao-chat-luong-va-an-toan-thuc-pham,D17,Điểm học bạ,2025,18.0,Đảm bảo chất lượng và an toàn thực phẩm
51685,DSG,dam-bao-chat-luong-va-an-toan-thuc-pham,D18,Điểm học bạ,2025,18.0,Đảm bảo chất lượng và an toàn thực phẩm
51686,DSG,dam-bao-chat-luong-va-an-toan-thuc-pham,D19,Điểm học bạ,2025,18.0,Đảm bảo chất lượng và an toàn thực phẩm
51687,DSG,dam-bao-chat-luong-va-an-toan-thuc-pham,D20,Điểm học bạ,2025,18.0,Đảm bảo chất lượng và an toàn thực phẩm
51688,DSG,dam-bao-chat-luong-va-an-toan-thuc-pham,D22,Điểm học bạ,2025,18.0,Đảm bảo chất lượng và an toàn thực phẩm
51689,DSG,dam-bao-chat-luong-va-an-toan-thuc-pham,D23,Điểm học bạ,2025,18.0,Đảm bảo chất lượng và an toàn thực phẩm
51690,DSG,dam-bao-chat-luong-va-an-toan-thuc-pham,D24,Điểm học bạ,2025,18.0,Đảm bảo chất lượng và an toàn thực phẩm
51691,DSG,dam-bao-chat-luong-va-an-toan-thuc-pham,D25,Điểm học bạ,2025,18.0,Đảm bảo chất lượng và an toàn thực phẩm
51692,DSG,dam-bao-chat-luong-va-an-toan-thuc-pham,A00,Điểm thi THPT,2025,15.0,Đảm bảo chất lượng và an toàn thực phẩm
51693,DSG,dam-bao-chat-luong-va-an-toan-thuc-pham,A01,Điểm thi THPT,2025,15.0,Đảm bảo chất lượng và an toàn thực phẩm
51694,DSG,dam-bao-chat-luong-va-an-toan-thuc-pham,A02,Điểm thi THPT,2025,15.0,Đảm bảo chất lượng và an toàn thực phẩm
51695,DSG,dam-bao-chat-luong-va-an-toan-thuc-pham,A03,Điểm thi THPT,2025,15.0,Đảm bảo chất lượng và an toàn thực phẩm
51696,DSG,dam-bao-chat-luong-va-an-toan-thuc-pham,A04,Điểm thi THPT,2025,15.0,Đảm bảo chất lượng và an toàn thực phẩm
51697,DSG,dam-bao-chat-luong-va-an-toan-thuc-pham,A05,Điểm thi THPT,2025,15.0,Đảm bảo chất lượng và an toàn thực phẩm
51698,DSG,dam-bao-chat-luong-va-an-toan-thuc-pham,A06,Điểm thi THPT,2025,15.0,Đảm bảo chất lượng và an toàn thực phẩm
51699,DSG,dam-bao-chat-luong-va-an-toan-thuc-pham,A07,Điểm thi THPT,2025,15.0,Đảm bảo chất lượng và an toàn thực phẩm
51700,DSG,dam-bao-chat-luong-va-an-toan-thuc-pham,A08,Điểm thi THPT,2025,15.0,Đảm bảo chất lượng và an toàn thực phẩm
51701,DSG,dam-bao-chat-luong-va-an-toan-thuc-pham,B00,Điểm thi THPT,2025,15.0,Đảm bảo chất lượng và an toàn thực phẩm
51702,DSG,dam-bao-chat-luong-va-an-toan-thuc-pham,B01,Điểm thi THPT,2025,15.0,Đảm bảo chất lượng và an toàn thực phẩm
51703,DSG,dam-bao-chat-luong-va-an-toan-thuc-pham,B02,Điểm thi THPT,2025,15.0,Đảm bảo chất lượng và an toàn thực phẩm
51704,DSG,dam-bao-chat-luong-va-an-toan-thuc-pham,B03,Điểm thi THPT,2025,15.0,Đảm bảo chất lượng và an toàn thực phẩm
51705,DSG,dam-bao-chat-luong-va-an-toan-thuc-pham,B08,Điểm thi THPT,2025,15.0,Đảm bảo chất lượng và an toàn thực phẩm
51706,DSG,dam-bao-chat-luong-va-an-toan-thuc-pham,C00,Điểm thi THPT,2025,15.0,Đảm bảo chất lượng và an toàn thực phẩm
51707,DSG,dam-bao-chat-luong-va-an-toan-thuc-pham,C01,Điểm thi THPT,2025,15.0,Đảm bảo chất lượng và an toàn thực phẩm
51708,DSG,dam-bao-chat-luong-va-an-toan-thuc-pham,C02,Điểm thi THPT,2025,15.0,Đảm bảo chất lượng và an toàn thực phẩm
51709,DSG,dam-bao-chat-luong-va-an-toan-thuc-pham,C03,Điểm thi THPT,2025,15.0,Đảm bảo chất lượng và an toàn thực phẩm
51710,DSG,dam-bao-chat-luong-va-an-toan-thuc-pham,C04,Điểm thi THPT,2025,15.0,Đảm bảo chất lượng và an toàn thực phẩm
51711,DSG,dam-bao-chat-luong-va-an-toan-thuc-pham,C05,Điểm thi THPT,2025,15.0,Đảm bảo chất lượng và an toàn thực phẩm
51712,DSG,dam-bao-chat-luong-va-an-toan-thuc-pham,C06,Điểm thi THPT,2025,15.0,Đảm bảo chất lượng và an toàn thực phẩm
51713,DSG,dam-bao-chat-luong-va-an-toan-thuc-pham,C07,Điểm thi THPT,2025,15.0,Đảm bảo chất lượng và an toàn thực phẩm
51714,DSG,dam-bao-chat-luong-va-an-toan-thuc-pham,C08,Điểm thi THPT,2025,15.0,Đảm bảo chất lượng và an toàn thực phẩm
51715,DSG,dam-bao-chat-luong-va-an-toan-thuc-pham,C09,Điểm thi THPT,2025,15.0,Đảm bảo chất lượng và an toàn thực phẩm
51716,DSG,dam-bao-chat-luong-va-an-toan-thuc-pham,C10,Điểm thi THPT,2025,15.0,Đảm bảo chất lượng và an toàn thực phẩm
51717,DSG,dam-bao-chat-luong-va-an-toan-thuc-pham,C11,Điểm thi THPT,2025,15.0,Đảm bảo chất lượng và an toàn thực phẩm
51718,DSG,dam-bao-chat-luong-va-an-toan-thuc-pham,C12,Điểm thi THPT,2025,15.0,Đảm bảo chất lượng và an toàn thực phẩm
51719,DSG,dam-bao-chat-luong-va-an-toan-thuc-pham,C13,Điểm thi THPT,2025,15.0,Đảm bảo chất lượng và an toàn thực phẩm
51720,DSG,dam-bao-chat-luong-va-an-toan-thuc-pham,C14,Điểm thi THPT,2025,15.0,Đảm bảo chất lượng và an toàn thực phẩm
51721,DSG,dam-bao-chat-luong-va-an-toan-thuc-pham,C19,Điểm thi THPT,2025,15.0,Đảm bảo chất lượng và an toàn thực phẩm
51722,DSG,dam-bao-chat-luong-va-an-toan-thuc-pham,D01,Điểm thi THPT,2025,15.0,Đảm bảo chất lượng và an toàn thực phẩm
51723,DSG,dam-bao-chat-luong-va-an-toan-thuc-pham,D02,Điểm thi THPT,2025,15.0,Đảm bảo chất lượng và an toàn thực phẩm
51724,DSG,dam-bao-chat-luong-va-an-toan-thuc-pham,D03,Điểm thi THPT,2025,15.0,Đảm bảo chất lượng và an toàn thực phẩm
51725,DSG,dam-bao-chat-luong-va-an-toan-thuc-pham,D04,Điểm thi THPT,2025,15.0,Đảm bảo chất lượng và an toàn thực phẩm
51726,DSG,dam-bao-chat-luong-va-an-toan-thuc-pham,D06,Điểm thi THPT,2025,15.0,Đảm bảo chất lượng và an toàn thực phẩm
51727,DSG,dam-bao-chat-luong-va-an-toan-thuc-pham,D07,Điểm thi THPT,2025,15.0,Đảm bảo chất lượng và an toàn thực phẩm
51728,DSG,dam-bao-chat-luong-va-an-toan-thuc-pham,D09,Điểm thi THPT,2025,15.0,Đảm bảo chất lượng và an toàn thực phẩm
51729,DSG,dam-bao-chat-luong-va-an-toan-thuc-pham,D10,Điểm thi THPT,2025,15.0,Đảm bảo chất lượng và an toàn thực phẩm
51730,DSG,dam-bao-chat-luong-va-an-toan-thuc-pham,D11,Điểm thi THPT,2025,15.0,Đảm bảo chất lượng và an toàn thực phẩm
51731,DSG,dam-bao-chat-luong-va-an-toan-thuc-pham,D12,Điểm thi THPT,2025,15.0,Đảm bảo chất lượng và an toàn thực phẩm
51732,DSG,dam-bao-chat-luong-va-an-toan-thuc-pham,D13,Điểm thi THPT,2025,15.0,Đảm bảo chất lượng và an toàn thực phẩm
51733,DSG,dam-bao-chat-luong-va-an-toan-thuc-pham,D14,Điểm thi THPT,2025,15.0,Đảm bảo chất lượng và an toàn thực phẩm
51734,DSG,dam-bao-chat-luong-va-an-toan-thuc-pham,D15,Điểm thi THPT,2025,15.0,Đảm bảo chất lượng và an toàn thực phẩm
51735,DSG,dam-bao-chat-luong-va-an-toan-thuc-pham,D17,Điểm thi THPT,2025,15.0,Đảm bảo chất lượng và an toàn thực phẩm
51736,DSG,dam-bao-chat-luong-va-an-toan-thuc-pham,D18,Điểm thi THPT,2025,15.0,Đảm bảo chất lượng và an toàn thực phẩm
51737,DSG,dam-bao-chat-luong-va-an-toan-thuc-pham,D19,Điểm thi THPT,2025,15.0,Đảm bảo chất lượng và an toàn thực phẩm
51738,DSG,dam-bao-chat-luong-va-an-toan-thuc-pham,D20,Điểm thi THPT,2025,15.0,Đảm bảo chất lượng và an toàn thực phẩm
51739,DSG,dam-bao-chat-luong-va-an-toan-thuc-pham,D22,Điểm thi THPT,2025,15.0,Đảm bảo chất lượng và an toàn thực phẩm
51740,DSG,dam-bao-chat-luong-va-an-toan-thuc-pham,D23,Điểm thi THPT,2025,15.0,Đảm bảo chất lượng và an toàn thực phẩm
51741,DSG,dam-bao-chat-luong-va-an-toan-thuc-pham,D24,Điểm thi THPT,2025,15.0,Đảm bảo chất lượng và an toàn thực phẩm
51742,DSG,dam-bao-chat-luong-va-an-toan-thuc-pham,D25,Điểm thi THPT,2025,15.0,Đảm bảo chất lượng và an toàn thực phẩm
51743,DSG,du-lich,A00,Điểm học bạ,2025,18.0,Du lịch
51744,DSG,du-lich,A01,Điểm học bạ,2025,18.0,Du lịch
51745,DSG,du-lich,A02,Điểm học bạ,2025,18.0,Du lịch
51746,DSG,du-lich,A03,Điểm học bạ,2025,18.0,Du lịch
51747,DSG,du-lich,A04,Điểm học bạ,2025,18.0,Du lịch
51748,DSG,du-lich,A05,Điểm học bạ,2025,18.0,Du lịch
51749,DSG,du-lich,A06,Điểm học bạ,2025,18.0,Du lịch
51750,DSG,du-lich,A07,Điểm học bạ,2025,18.0,Du lịch
51751,DSG,du-lich,A08,Điểm học bạ,2025,18.0,Du lịch
51752,DSG,du-lich,B00,Điểm học bạ,2025,18.0,Du lịch
51753,DSG,du-lich,B01,Điểm học bạ,2025,18.0,Du lịch
51754,DSG,du-lich,B02,Điểm học bạ,2025,18.0,Du lịch
51755,DSG,du-lich,B03,Điểm học bạ,2025,18.0,Du lịch
51756,DSG,du-lich,B08,Điểm học bạ,2025,18.0,Du lịch
51757,DSG,du-lich,C00,Điểm học bạ,2025,18.0,Du lịch
51758,DSG,du-lich,C01,Điểm học bạ,2025,18.0,Du lịch
51759,DSG,du-lich,C02,Điểm học bạ,2025,18.0,Du lịch
51760,DSG,du-lich,C03,Điểm học bạ,2025,18.0,Du lịch
51761,DSG,du-lich,C04,Điểm học bạ,2025,18.0,Du lịch
51762,DSG,du-lich,C05,Điểm học bạ,2025,18.0,Du lịch
51763,DSG,du-lich,C06,Điểm học bạ,2025,18.0,Du lịch
51764,DSG,du-lich,C07,Điểm học bạ,2025,18.0,Du lịch
51765,DSG,du-lich,C08,Điểm học bạ,2025,18.0,Du lịch
51766,DSG,du-lich,C09,Điểm học bạ,2025,18.0,Du lịch
51767,DSG,du-lich,C10,Điểm học bạ,2025,18.0,Du lịch
51768,DSG,du-lich,C11,Điểm học bạ,2025,18.0,Du lịch
51769,DSG,du-lich,C12,Điểm học bạ,2025,18.0,Du lịch
51770,DSG,du-lich,C13,Điểm học bạ,2025,18.0,Du lịch
51771,DSG,du-lich,C14,Điểm học bạ,2025,18.0,Du lịch
51772,DSG,du-lich,C19,Điểm học bạ,2025,18.0,Du lịch
51773,DSG,du-lich,D01,Điểm học bạ,2025,18.0,Du lịch
51774,DSG,du-lich,D02,Điểm học bạ,2025,18.0,Du lịch
51775,DSG,du-lich,D03,Điểm học bạ,2025,18.0,Du lịch
51776,DSG,du-lich,D04,Điểm học bạ,2025,18.0,Du lịch
51777,DSG,du-lich,D06,Điểm học bạ,2025,18.0,Du lịch
51778,DSG,du-lich,D07,Điểm học bạ,2025,18.0,Du lịch
51779,DSG,du-lich,D09,Điểm học bạ,2025,18.0,Du lịch
51780,DSG,du-lich,D10,Điểm học bạ,2025,18.0,Du lịch
51781,DSG,du-lich,D11,Điểm học bạ,2025,18.0,Du lịch
51782,DSG,du-lich,D12,Điểm học bạ,2025,18.0,Du lịch
51783,DSG,du-lich,D13,Điểm học bạ,2025,18.0,Du lịch
51784,DSG,du-lich,D14,Điểm học bạ,2025,18.0,Du lịch
51785,DSG,du-lich,D15,Điểm học bạ,2025,18.0,Du lịch
51786,DSG,du-lich,D17,Điểm học bạ,2025,18.0,Du lịch
51787,DSG,du-lich,D18,Điểm học bạ,2025,18.0,Du lịch
51788,DSG,du-lich,D19,Điểm học bạ,2025,18.0,Du lịch
51789,DSG,du-lich,D20,Điểm học bạ,2025,18.0,Du lịch
51790,DSG,du-lich,D22,Điểm học bạ,2025,18.0,Du lịch
51791,DSG,du-lich,D23,Điểm học bạ,2025,18.0,Du lịch
51792,DSG,du-lich,D24,Điểm học bạ,2025,18.0,Du lịch
51793,DSG,du-lich,D25,Điểm học bạ,2025,18.0,Du lịch
51794,DSG,du-lich,A00,Điểm thi THPT,2025,15.0,Du lịch
51795,DSG,du-lich,A01,Điểm thi THPT,2025,15.0,Du lịch
51796,DSG,du-lich,A02,Điểm thi THPT,2025,15.0,Du lịch
51797,DSG,du-lich,A03,Điểm thi THPT,2025,15.0,Du lịch
51798,DSG,du-lich,A04,Điểm thi THPT,2025,15.0,Du lịch
51799,DSG,du-lich,A05,Điểm thi THPT,2025,15.0,Du lịch
51800,DSG,du-lich,A06,Điểm thi THPT,2025,15.0,Du lịch
51801,DSG,du-lich,A07,Điểm thi THPT,2025,15.0,Du lịch
51802,DSG,du-lich,A08,Điểm thi THPT,2025,15.0,Du lịch
51803,DSG,du-lich,B00,Điểm thi THPT,2025,15.0,Du lịch
51804,DSG,du-lich,B01,Điểm thi THPT,2025,15.0,Du lịch
51805,DSG,du-lich,B02,Điểm thi THPT,2025,15.0,Du lịch
51806,DSG,du-lich,B03,Điểm thi THPT,2025,15.0,Du lịch
51807,DSG,du-lich,B08,Điểm thi THPT,2025,15.0,Du lịch
51808,DSG,du-lich,C00,Điểm thi THPT,2025,15.0,Du lịch
51809,DSG,du-lich,C01,Điểm thi THPT,2025,15.0,Du lịch
51810,DSG,du-lich,C02,Điểm thi THPT,2025,15.0,Du lịch
51811,DSG,du-lich,C03,Điểm thi THPT,2025,15.0,Du lịch
51812,DSG,du-lich,C04,Điểm thi THPT,2025,15.0,Du lịch
51813,DSG,du-lich,C05,Điểm thi THPT,2025,15.0,Du lịch
51814,DSG,du-lich,C06,Điểm thi THPT,2025,15.0,Du lịch
51815,DSG,du-lich,C07,Điểm thi THPT,2025,15.0,Du lịch
51816,DSG,du-lich,C08,Điểm thi THPT,2025,15.0,Du lịch
51817,DSG,du-lich,C09,Điểm thi THPT,2025,15.0,Du lịch
51818,DSG,du-lich,C10,Điểm thi THPT,2025,15.0,Du lịch
51819,DSG,du-lich,C11,Điểm thi THPT,2025,15.0,Du lịch
51820,DSG,du-lich,C12,Điểm thi THPT,2025,15.0,Du lịch
51821,DSG,du-lich,C13,Điểm thi THPT,2025,15.0,Du lịch
51822,DSG,du-lich,C14,Điểm thi THPT,2025,15.0,Du lịch
51823,DSG,du-lich,C19,Điểm thi THPT,2025,15.0,Du lịch
51824,DSG,du-lich,D01,Điểm thi THPT,2025,15.0,Du lịch
51825,DSG,du-lich,D02,Điểm thi THPT,2025,15.0,Du lịch
51826,DSG,du-lich,D03,Điểm thi THPT,2025,15.0,Du lịch
51827,DSG,du-lich,D04,Điểm thi THPT,2025,15.0,Du lịch
51828,DSG,du-lich,D06,Điểm thi THPT,2025,15.0,Du lịch
51829,DSG,du-lich,D07,Điểm thi THPT,2025,15.0,Du lịch
51830,DSG,du-lich,D09,Điểm thi THPT,2025,15.0,Du lịch
51831,DSG,du-lich,D10,Điểm thi THPT,2025,15.0,Du lịch
51832,DSG,du-lich,D11,Điểm thi THPT,2025,15.0,Du lịch
51833,DSG,du-lich,D12,Điểm thi THPT,2025,15.0,Du lịch
51834,DSG,du-lich,D13,Điểm thi THPT,2025,15.0,Du lịch
51835,DSG,du-lich,D14,Điểm thi THPT,2025,15.0,Du lịch
51836,DSG,du-lich,D15,Điểm thi THPT,2025,15.0,Du lịch
51837,DSG,du-lich,D17,Điểm thi THPT,2025,15.0,Du lịch
51838,DSG,du-lich,D18,Điểm thi THPT,2025,15.0,Du lịch
51839,DSG,du-lich,D19,Điểm thi THPT,2025,15.0,Du lịch
51840,DSG,du-lich,D20,Điểm thi THPT,2025,15.0,Du lịch
51841,DSG,du-lich,D22,Điểm thi THPT,2025,15.0,Du lịch
51842,DSG,du-lich,D23,Điểm thi THPT,2025,15.0,Du lịch
51843,DSG,du-lich,D24,Điểm thi THPT,2025,15.0,Du lịch
51844,DSG,du-lich,D25,Điểm thi THPT,2025,15.0,Du lịch
51845,DSG,kinh-doanh-quoc-te,A00,Điểm học bạ,2025,18.0,Kinh doanh quốc tế
51846,DSG,kinh-doanh-quoc-te,A01,Điểm học bạ,2025,18.0,Kinh doanh quốc tế
51847,DSG,kinh-doanh-quoc-te,A02,Điểm học bạ,2025,18.0,Kinh doanh quốc tế
51848,DSG,kinh-doanh-quoc-te,A03,Điểm học bạ,2025,18.0,Kinh doanh quốc tế
51849,DSG,kinh-doanh-quoc-te,A04,Điểm học bạ,2025,18.0,Kinh doanh quốc tế
51850,DSG,kinh-doanh-quoc-te,A05,Điểm học bạ,2025,18.0,Kinh doanh quốc tế
51851,DSG,kinh-doanh-quoc-te,A06,Điểm học bạ,2025,18.0,Kinh doanh quốc tế
51852,DSG,kinh-doanh-quoc-te,A07,Điểm học bạ,2025,18.0,Kinh doanh quốc tế
51853,DSG,kinh-doanh-quoc-te,A08,Điểm học bạ,2025,18.0,Kinh doanh quốc tế
51854,DSG,kinh-doanh-quoc-te,B00,Điểm học bạ,2025,18.0,Kinh doanh quốc tế
51855,DSG,kinh-doanh-quoc-te,B01,Điểm học bạ,2025,18.0,Kinh doanh quốc tế
51856,DSG,kinh-doanh-quoc-te,B02,Điểm học bạ,2025,18.0,Kinh doanh quốc tế
51857,DSG,kinh-doanh-quoc-te,B03,Điểm học bạ,2025,18.0,Kinh doanh quốc tế
51858,DSG,kinh-doanh-quoc-te,B08,Điểm học bạ,2025,18.0,Kinh doanh quốc tế
51859,DSG,kinh-doanh-quoc-te,C00,Điểm học bạ,2025,18.0,Kinh doanh quốc tế
51860,DSG,kinh-doanh-quoc-te,C01,Điểm học bạ,2025,18.0,Kinh doanh quốc tế
51861,DSG,kinh-doanh-quoc-te,C02,Điểm học bạ,2025,18.0,Kinh doanh quốc tế
51862,DSG,kinh-doanh-quoc-te,C03,Điểm học bạ,2025,18.0,Kinh doanh quốc tế
51863,DSG,kinh-doanh-quoc-te,C04,Điểm học bạ,2025,18.0,Kinh doanh quốc tế
51864,DSG,kinh-doanh-quoc-te,C05,Điểm học bạ,2025,18.0,Kinh doanh quốc tế
51865,DSG,kinh-doanh-quoc-te,C06,Điểm học bạ,2025,18.0,Kinh doanh quốc tế
51866,DSG,kinh-doanh-quoc-te,C07,Điểm học bạ,2025,18.0,Kinh doanh quốc tế
51867,DSG,kinh-doanh-quoc-te,C08,Điểm học bạ,2025,18.0,Kinh doanh quốc tế
51868,DSG,kinh-doanh-quoc-te,C09,Điểm học bạ,2025,18.0,Kinh doanh quốc tế
51869,DSG,kinh-doanh-quoc-te,C10,Điểm học bạ,2025,18.0,Kinh doanh quốc tế
51870,DSG,kinh-doanh-quoc-te,C11,Điểm học bạ,2025,18.0,Kinh doanh quốc tế
51871,DSG,kinh-doanh-quoc-te,C12,Điểm học bạ,2025,18.0,Kinh doanh quốc tế
51872,DSG,kinh-doanh-quoc-te,C13,Điểm học bạ,2025,18.0,Kinh doanh quốc tế
51873,DSG,kinh-doanh-quoc-te,C14,Điểm học bạ,2025,18.0,Kinh doanh quốc tế
51874,DSG,kinh-doanh-quoc-te,C19,Điểm học bạ,2025,18.0,Kinh doanh quốc tế
51875,DSG,kinh-doanh-quoc-te,D01,Điểm học bạ,2025,18.0,Kinh doanh quốc tế
51876,DSG,kinh-doanh-quoc-te,D02,Điểm học bạ,2025,18.0,Kinh doanh quốc tế
51877,DSG,kinh-doanh-quoc-te,D03,Điểm học bạ,2025,18.0,Kinh doanh quốc tế
51878,DSG,kinh-doanh-quoc-te,D04,Điểm học bạ,2025,18.0,Kinh doanh quốc tế
51879,DSG,kinh-doanh-quoc-te,D06,Điểm học bạ,2025,18.0,Kinh doanh quốc tế
51880,DSG,kinh-doanh-quoc-te,D07,Điểm học bạ,2025,18.0,Kinh doanh quốc tế
51881,DSG,kinh-doanh-quoc-te,D09,Điểm học bạ,2025,18.0,Kinh doanh quốc tế
51882,DSG,kinh-doanh-quoc-te,D10,Điểm học bạ,2025,18.0,Kinh doanh quốc tế
51883,DSG,kinh-doanh-quoc-te,D11,Điểm học bạ,2025,18.0,Kinh doanh quốc tế
51884,DSG,kinh-doanh-quoc-te,D12,Điểm học bạ,2025,18.0,Kinh doanh quốc tế
51885,DSG,kinh-doanh-quoc-te,D13,Điểm học bạ,2025,18.0,Kinh doanh quốc tế
51886,DSG,kinh-doanh-quoc-te,D14,Điểm học bạ,2025,18.0,Kinh doanh quốc tế
51887,DSG,kinh-doanh-quoc-te,D15,Điểm học bạ,2025,18.0,Kinh doanh quốc tế
51888,DSG,kinh-doanh-quoc-te,D17,Điểm học bạ,2025,18.0,Kinh doanh quốc tế
51889,DSG,kinh-doanh-quoc-te,D18,Điểm học bạ,2025,18.0,Kinh doanh quốc tế
51890,DSG,kinh-doanh-quoc-te,D19,Điểm học bạ,2025,18.0,Kinh doanh quốc tế
51891,DSG,kinh-doanh-quoc-te,D20,Điểm học bạ,2025,18.0,Kinh doanh quốc tế
51892,DSG,kinh-doanh-quoc-te,D22,Điểm học bạ,2025,18.0,Kinh doanh quốc tế
51893,DSG,kinh-doanh-quoc-te,D23,Điểm học bạ,2025,18.0,Kinh doanh quốc tế
51894,DSG,kinh-doanh-quoc-te,D24,Điểm học bạ,2025,18.0,Kinh doanh quốc tế
51895,DSG,kinh-doanh-quoc-te,D25,Điểm học bạ,2025,18.0,Kinh doanh quốc tế
51896,DSG,kinh-doanh-quoc-te,A00,Điểm thi THPT,2025,15.0,Kinh doanh quốc tế
51897,DSG,kinh-doanh-quoc-te,A01,Điểm thi THPT,2025,15.0,Kinh doanh quốc tế
51898,DSG,kinh-doanh-quoc-te,A02,Điểm thi THPT,2025,15.0,Kinh doanh quốc tế
51899,DSG,kinh-doanh-quoc-te,A03,Điểm thi THPT,2025,15.0,Kinh doanh quốc tế
51900,DSG,kinh-doanh-quoc-te,A04,Điểm thi THPT,2025,15.0,Kinh doanh quốc tế
51901,DSG,kinh-doanh-quoc-te,A05,Điểm thi THPT,2025,15.0,Kinh doanh quốc tế
51902,DSG,kinh-doanh-quoc-te,A06,Điểm thi THPT,2025,15.0,Kinh doanh quốc tế
51903,DSG,kinh-doanh-quoc-te,A07,Điểm thi THPT,2025,15.0,Kinh doanh quốc tế
51904,DSG,kinh-doanh-quoc-te,A08,Điểm thi THPT,2025,15.0,Kinh doanh quốc tế
51905,DSG,kinh-doanh-quoc-te,B00,Điểm thi THPT,2025,15.0,Kinh doanh quốc tế
51906,DSG,kinh-doanh-quoc-te,B01,Điểm thi THPT,2025,15.0,Kinh doanh quốc tế
51907,DSG,kinh-doanh-quoc-te,B02,Điểm thi THPT,2025,15.0,Kinh doanh quốc tế
51908,DSG,kinh-doanh-quoc-te,B03,Điểm thi THPT,2025,15.0,Kinh doanh quốc tế
51909,DSG,kinh-doanh-quoc-te,B08,Điểm thi THPT,2025,15.0,Kinh doanh quốc tế
51910,DSG,kinh-doanh-quoc-te,C00,Điểm thi THPT,2025,15.0,Kinh doanh quốc tế
51911,DSG,kinh-doanh-quoc-te,C01,Điểm thi THPT,2025,15.0,Kinh doanh quốc tế
51912,DSG,kinh-doanh-quoc-te,C02,Điểm thi THPT,2025,15.0,Kinh doanh quốc tế
51913,DSG,kinh-doanh-quoc-te,C03,Điểm thi THPT,2025,15.0,Kinh doanh quốc tế
51914,DSG,kinh-doanh-quoc-te,C04,Điểm thi THPT,2025,15.0,Kinh doanh quốc tế
51915,DSG,kinh-doanh-quoc-te,C05,Điểm thi THPT,2025,15.0,Kinh doanh quốc tế
51916,DSG,kinh-doanh-quoc-te,C06,Điểm thi THPT,2025,15.0,Kinh doanh quốc tế
51917,DSG,kinh-doanh-quoc-te,C07,Điểm thi THPT,2025,15.0,Kinh doanh quốc tế
51918,DSG,kinh-doanh-quoc-te,C08,Điểm thi THPT,2025,15.0,Kinh doanh quốc tế
51919,DSG,kinh-doanh-quoc-te,C09,Điểm thi THPT,2025,15.0,Kinh doanh quốc tế
51920,DSG,kinh-doanh-quoc-te,C10,Điểm thi THPT,2025,15.0,Kinh doanh quốc tế
51921,DSG,kinh-doanh-quoc-te,C11,Điểm thi THPT,2025,15.0,Kinh doanh quốc tế
51922,DSG,kinh-doanh-quoc-te,C12,Điểm thi THPT,2025,15.0,Kinh doanh quốc tế
51923,DSG,kinh-doanh-quoc-te,C13,Điểm thi THPT,2025,15.0,Kinh doanh quốc tế
51924,DSG,kinh-doanh-quoc-te,C14,Điểm thi THPT,2025,15.0,Kinh doanh quốc tế
51925,DSG,kinh-doanh-quoc-te,C19,Điểm thi THPT,2025,15.0,Kinh doanh quốc tế
51926,DSG,kinh-doanh-quoc-te,D01,Điểm thi THPT,2025,15.0,Kinh doanh quốc tế
51927,DSG,kinh-doanh-quoc-te,D02,Điểm thi THPT,2025,15.0,Kinh doanh quốc tế
51928,DSG,kinh-doanh-quoc-te,D03,Điểm thi THPT,2025,15.0,Kinh doanh quốc tế
51929,DSG,kinh-doanh-quoc-te,D04,Điểm thi THPT,2025,15.0,Kinh doanh quốc tế
51930,DSG,kinh-doanh-quoc-te,D06,Điểm thi THPT,2025,15.0,Kinh doanh quốc tế
51931,DSG,kinh-doanh-quoc-te,D07,Điểm thi THPT,2025,15.0,Kinh doanh quốc tế
51932,DSG,kinh-doanh-quoc-te,D09,Điểm thi THPT,2025,15.0,Kinh doanh quốc tế
51933,DSG,kinh-doanh-quoc-te,D10,Điểm thi THPT,2025,15.0,Kinh doanh quốc tế
51934,DSG,kinh-doanh-quoc-te,D11,Điểm thi THPT,2025,15.0,Kinh doanh quốc tế
51935,DSG,kinh-doanh-quoc-te,D12,Điểm thi THPT,2025,15.0,Kinh doanh quốc tế
51936,DSG,kinh-doanh-quoc-te,D13,Điểm thi THPT,2025,15.0,Kinh doanh quốc tế
51937,DSG,kinh-doanh-quoc-te,D14,Điểm thi THPT,2025,15.0,Kinh doanh quốc tế
51938,DSG,kinh-doanh-quoc-te,D15,Điểm thi THPT,2025,15.0,Kinh doanh quốc tế
51939,DSG,kinh-doanh-quoc-te,D17,Điểm thi THPT,2025,15.0,Kinh doanh quốc tế
51940,DSG,kinh-doanh-quoc-te,D18,Điểm thi THPT,2025,15.0,Kinh doanh quốc tế
51941,DSG,kinh-doanh-quoc-te,D19,Điểm thi THPT,2025,15.0,Kinh doanh quốc tế
51942,DSG,kinh-doanh-quoc-te,D20,Điểm thi THPT,2025,15.0,Kinh doanh quốc tế
51943,DSG,kinh-doanh-quoc-te,D22,Điểm thi THPT,2025,15.0,Kinh doanh quốc tế
51944,DSG,kinh-doanh-quoc-te,D23,Điểm thi THPT,2025,15.0,Kinh doanh quốc tế
51945,DSG,kinh-doanh-quoc-te,D24,Điểm thi THPT,2025,15.0,Kinh doanh quốc tế
51946,DSG,kinh-doanh-quoc-te,D25,Điểm thi THPT,2025,15.0,Kinh doanh quốc tế
51947,DSG,ky-thuat-may-tinh,A00,Điểm học bạ,2025,18.0,Kỹ thuật máy tính
51948,DSG,ky-thuat-may-tinh,A01,Điểm học bạ,2025,18.0,Kỹ thuật máy tính
51949,DSG,ky-thuat-may-tinh,A02,Điểm học bạ,2025,18.0,Kỹ thuật máy tính
51950,DSG,ky-thuat-may-tinh,A03,Điểm học bạ,2025,18.0,Kỹ thuật máy tính
51951,DSG,ky-thuat-may-tinh,A04,Điểm học bạ,2025,18.0,Kỹ thuật máy tính
51952,DSG,ky-thuat-may-tinh,A05,Điểm học bạ,2025,18.0,Kỹ thuật máy tính
51953,DSG,ky-thuat-may-tinh,A06,Điểm học bạ,2025,18.0,Kỹ thuật máy tính
51954,DSG,ky-thuat-may-tinh,A07,Điểm học bạ,2025,18.0,Kỹ thuật máy tính
51955,DSG,ky-thuat-may-tinh,A08,Điểm học bạ,2025,18.0,Kỹ thuật máy tính
51956,DSG,ky-thuat-may-tinh,B00,Điểm học bạ,2025,18.0,Kỹ thuật máy tính
51957,DSG,ky-thuat-may-tinh,B01,Điểm học bạ,2025,18.0,Kỹ thuật máy tính
51958,DSG,ky-thuat-may-tinh,B02,Điểm học bạ,2025,18.0,Kỹ thuật máy tính
51959,DSG,ky-thuat-may-tinh,B03,Điểm học bạ,2025,18.0,Kỹ thuật máy tính
51960,DSG,ky-thuat-may-tinh,B08,Điểm học bạ,2025,18.0,Kỹ thuật máy tính
51961,DSG,ky-thuat-may-tinh,C01,Điểm học bạ,2025,18.0,Kỹ thuật máy tính
51962,DSG,ky-thuat-may-tinh,C02,Điểm học bạ,2025,18.0,Kỹ thuật máy tính
51963,DSG,ky-thuat-may-tinh,C03,Điểm học bạ,2025,18.0,Kỹ thuật máy tính
51964,DSG,ky-thuat-may-tinh,C04,Điểm học bạ,2025,18.0,Kỹ thuật máy tính
51965,DSG,ky-thuat-may-tinh,C14,Điểm học bạ,2025,18.0,Kỹ thuật máy tính
51966,DSG,ky-thuat-may-tinh,D01,Điểm học bạ,2025,18.0,Kỹ thuật máy tính
51967,DSG,ky-thuat-may-tinh,D02,Điểm học bạ,2025,18.0,Kỹ thuật máy tính
51968,DSG,ky-thuat-may-tinh,D03,Điểm học bạ,2025,18.0,Kỹ thuật máy tính
51969,DSG,ky-thuat-may-tinh,D04,Điểm học bạ,2025,18.0,Kỹ thuật máy tính
51970,DSG,ky-thuat-may-tinh,D06,Điểm học bạ,2025,18.0,Kỹ thuật máy tính
51971,DSG,ky-thuat-may-tinh,D07,Điểm học bạ,2025,18.0,Kỹ thuật máy tính
51972,DSG,ky-thuat-may-tinh,D09,Điểm học bạ,2025,18.0,Kỹ thuật máy tính
51973,DSG,ky-thuat-may-tinh,D10,Điểm học bạ,2025,18.0,Kỹ thuật máy tính
51974,DSG,ky-thuat-may-tinh,D17,Điểm học bạ,2025,18.0,Kỹ thuật máy tính
51975,DSG,ky-thuat-may-tinh,D18,Điểm học bạ,2025,18.0,Kỹ thuật máy tính
51976,DSG,ky-thuat-may-tinh,D19,Điểm học bạ,2025,18.0,Kỹ thuật máy tính
51977,DSG,ky-thuat-may-tinh,D20,Điểm học bạ,2025,18.0,Kỹ thuật máy tính
51978,DSG,ky-thuat-may-tinh,D22,Điểm học bạ,2025,18.0,Kỹ thuật máy tính
51979,DSG,ky-thuat-may-tinh,D23,Điểm học bạ,2025,18.0,Kỹ thuật máy tính
51980,DSG,ky-thuat-may-tinh,D24,Điểm học bạ,2025,18.0,Kỹ thuật máy tính
51981,DSG,ky-thuat-may-tinh,D25,Điểm học bạ,2025,18.0,Kỹ thuật máy tính
51982,DSG,ky-thuat-may-tinh,D27,Điểm học bạ,2025,18.0,Kỹ thuật máy tính
51983,DSG,ky-thuat-may-tinh,D28,Điểm học bạ,2025,18.0,Kỹ thuật máy tính
51984,DSG,ky-thuat-may-tinh,D29,Điểm học bạ,2025,18.0,Kỹ thuật máy tính
51985,DSG,ky-thuat-may-tinh,D30,Điểm học bạ,2025,18.0,Kỹ thuật máy tính
51986,DSG,ky-thuat-may-tinh,D32,Điểm học bạ,2025,18.0,Kỹ thuật máy tính
51987,DSG,ky-thuat-may-tinh,D33,Điểm học bạ,2025,18.0,Kỹ thuật máy tính
51988,DSG,ky-thuat-may-tinh,D34,Điểm học bạ,2025,18.0,Kỹ thuật máy tính
51989,DSG,ky-thuat-may-tinh,D35,Điểm học bạ,2025,18.0,Kỹ thuật máy tính
51990,DSG,ky-thuat-may-tinh,D37,Điểm học bạ,2025,18.0,Kỹ thuật máy tính
51991,DSG,ky-thuat-may-tinh,D38,Điểm học bạ,2025,18.0,Kỹ thuật máy tính
51992,DSG,ky-thuat-may-tinh,D39,Điểm học bạ,2025,18.0,Kỹ thuật máy tính
51993,DSG,ky-thuat-may-tinh,D40,Điểm học bạ,2025,18.0,Kỹ thuật máy tính
51994,DSG,ky-thuat-may-tinh,D84,Điểm học bạ,2025,18.0,Kỹ thuật máy tính
51995,DSG,ky-thuat-may-tinh,D86,Điểm học bạ,2025,18.0,Kỹ thuật máy tính
51996,DSG,ky-thuat-may-tinh,D87,Điểm học bạ,2025,18.0,Kỹ thuật máy tính
51997,DSG,ky-thuat-may-tinh,D88,Điểm học bạ,2025,18.0,Kỹ thuật máy tính
51998,DSG,ky-thuat-may-tinh,A00,Điểm thi THPT,2025,15.0,Kỹ thuật máy tính
51999,DSG,ky-thuat-may-tinh,A01,Điểm thi THPT,2025,15.0,Kỹ thuật máy tính
52000,DSG,ky-thuat-may-tinh,A02,Điểm thi THPT,2025,15.0,Kỹ thuật máy tính
52001,DSG,ky-thuat-may-tinh,A03,Điểm thi THPT,2025,15.0,Kỹ thuật máy tính
52002,DSG,ky-thuat-may-tinh,A04,Điểm thi THPT,2025,15.0,Kỹ thuật máy tính
52003,DSG,ky-thuat-may-tinh,A05,Điểm thi THPT,2025,15.0,Kỹ thuật máy tính
52004,DSG,ky-thuat-may-tinh,A06,Điểm thi THPT,2025,15.0,Kỹ thuật máy tính
52005,DSG,ky-thuat-may-tinh,A07,Điểm thi THPT,2025,15.0,Kỹ thuật máy tính
52006,DSG,ky-thuat-may-tinh,A08,Điểm thi THPT,2025,15.0,Kỹ thuật máy tính
52007,DSG,ky-thuat-may-tinh,B00,Điểm thi THPT,2025,15.0,Kỹ thuật máy tính
52008,DSG,ky-thuat-may-tinh,B01,Điểm thi THPT,2025,15.0,Kỹ thuật máy tính
52009,DSG,ky-thuat-may-tinh,B02,Điểm thi THPT,2025,15.0,Kỹ thuật máy tính
52010,DSG,ky-thuat-may-tinh,B03,Điểm thi THPT,2025,15.0,Kỹ thuật máy tính
52011,DSG,ky-thuat-may-tinh,B08,Điểm thi THPT,2025,15.0,Kỹ thuật máy tính
52012,DSG,ky-thuat-may-tinh,C01,Điểm thi THPT,2025,15.0,Kỹ thuật máy tính
52013,DSG,ky-thuat-may-tinh,C02,Điểm thi THPT,2025,15.0,Kỹ thuật máy tính
52014,DSG,ky-thuat-may-tinh,C03,Điểm thi THPT,2025,15.0,Kỹ thuật máy tính
52015,DSG,ky-thuat-may-tinh,C04,Điểm thi THPT,2025,15.0,Kỹ thuật máy tính
52016,DSG,ky-thuat-may-tinh,C14,Điểm thi THPT,2025,15.0,Kỹ thuật máy tính
52017,DSG,ky-thuat-may-tinh,D01,Điểm thi THPT,2025,15.0,Kỹ thuật máy tính
52018,DSG,ky-thuat-may-tinh,D02,Điểm thi THPT,2025,15.0,Kỹ thuật máy tính
52019,DSG,ky-thuat-may-tinh,D03,Điểm thi THPT,2025,15.0,Kỹ thuật máy tính
52020,DSG,ky-thuat-may-tinh,D04,Điểm thi THPT,2025,15.0,Kỹ thuật máy tính
52021,DSG,ky-thuat-may-tinh,D06,Điểm thi THPT,2025,15.0,Kỹ thuật máy tính
52022,DSG,ky-thuat-may-tinh,D07,Điểm thi THPT,2025,15.0,Kỹ thuật máy tính
52023,DSG,ky-thuat-may-tinh,D09,Điểm thi THPT,2025,15.0,Kỹ thuật máy tính
52024,DSG,ky-thuat-may-tinh,D10,Điểm thi THPT,2025,15.0,Kỹ thuật máy tính
52025,DSG,ky-thuat-may-tinh,D17,Điểm thi THPT,2025,15.0,Kỹ thuật máy tính
52026,DSG,ky-thuat-may-tinh,D18,Điểm thi THPT,2025,15.0,Kỹ thuật máy tính
52027,DSG,ky-thuat-may-tinh,D19,Điểm thi THPT,2025,15.0,Kỹ thuật máy tính
52028,DSG,ky-thuat-may-tinh,D20,Điểm thi THPT,2025,15.0,Kỹ thuật máy tính
52029,DSG,ky-thuat-may-tinh,D22,Điểm thi THPT,2025,15.0,Kỹ thuật máy tính
52030,DSG,ky-thuat-may-tinh,D23,Điểm thi THPT,2025,15.0,Kỹ thuật máy tính
52031,DSG,ky-thuat-may-tinh,D24,Điểm thi THPT,2025,15.0,Kỹ thuật máy tính
52032,DSG,ky-thuat-may-tinh,D25,Điểm thi THPT,2025,15.0,Kỹ thuật máy tính
52033,DSG,ky-thuat-may-tinh,D27,Điểm thi THPT,2025,15.0,Kỹ thuật máy tính
52034,DSG,ky-thuat-may-tinh,D28,Điểm thi THPT,2025,15.0,Kỹ thuật máy tính
52035,DSG,ky-thuat-may-tinh,D29,Điểm thi THPT,2025,15.0,Kỹ thuật máy tính
52036,DSG,ky-thuat-may-tinh,D30,Điểm thi THPT,2025,15.0,Kỹ thuật máy tính
52037,DSG,ky-thuat-may-tinh,D32,Điểm thi THPT,2025,15.0,Kỹ thuật máy tính
52038,DSG,ky-thuat-may-tinh,D33,Điểm thi THPT,2025,15.0,Kỹ thuật máy tính
52039,DSG,ky-thuat-may-tinh,D34,Điểm thi THPT,2025,15.0,Kỹ thuật máy tính
52040,DSG,ky-thuat-may-tinh,D35,Điểm thi THPT,2025,15.0,Kỹ thuật máy tính
52041,DSG,ky-thuat-may-tinh,D37,Điểm thi THPT,2025,15.0,Kỹ thuật máy tính
52042,DSG,ky-thuat-may-tinh,D38,Điểm thi THPT,2025,15.0,Kỹ thuật máy tính
52043,DSG,ky-thuat-may-tinh,D39,Điểm thi THPT,2025,15.0,Kỹ thuật máy tính
52044,DSG,ky-thuat-may-tinh,D40,Điểm thi THPT,2025,15.0,Kỹ thuật máy tính
52045,DSG,ky-thuat-may-tinh,D84,Điểm thi THPT,2025,15.0,Kỹ thuật máy tính
52046,DSG,ky-thuat-may-tinh,D86,Điểm thi THPT,2025,15.0,Kỹ thuật máy tính
52047,DSG,ky-thuat-may-tinh,D87,Điểm thi THPT,2025,15.0,Kỹ thuật máy tính
52048,DSG,ky-thuat-may-tinh,D88,Điểm thi THPT,2025,15.0,Kỹ thuật máy tính
52049,DSG,ky-thuat-xay-dung,A00,Điểm học bạ,2021,18.0,Kỹ thuật Xây dựng
52050,DSG,ky-thuat-xay-dung,A01,Điểm học bạ,2021,18.0,Kỹ thuật Xây dựng
52051,DSG,ky-thuat-xay-dung,D01,Điểm học bạ,2021,18.0,Kỹ thuật Xây dựng
52052,DSG,ky-thuat-xay-dung,D02,Điểm học bạ,2021,18.0,Kỹ thuật Xây dựng
52053,DSG,ky-thuat-xay-dung,D03,Điểm học bạ,2021,18.0,Kỹ thuật Xây dựng
52054,DSG,ky-thuat-xay-dung,D04,Điểm học bạ,2021,18.0,Kỹ thuật Xây dựng
52055,DSG,ky-thuat-xay-dung,D05,Điểm học bạ,2021,18.0,Kỹ thuật Xây dựng
52056,DSG,ky-thuat-xay-dung,D06,Điểm học bạ,2021,18.0,Kỹ thuật Xây dựng
52057,DSG,ky-thuat-xay-dung,D26,Điểm học bạ,2021,18.0,Kỹ thuật Xây dựng
52058,DSG,ky-thuat-xay-dung,D27,Điểm học bạ,2021,18.0,Kỹ thuật Xây dựng
52059,DSG,ky-thuat-xay-dung,D28,Điểm học bạ,2021,18.0,Kỹ thuật Xây dựng
52060,DSG,ky-thuat-xay-dung,D29,Điểm học bạ,2021,18.0,Kỹ thuật Xây dựng
52061,DSG,ky-thuat-xay-dung,D30,Điểm học bạ,2021,18.0,Kỹ thuật Xây dựng
52062,DSG,ky-thuat-xay-dung,D90,Điểm học bạ,2021,18.0,Kỹ thuật Xây dựng
52063,DSG,ky-thuat-xay-dung,D91,Điểm học bạ,2021,18.0,Kỹ thuật Xây dựng
52064,DSG,ky-thuat-xay-dung,D92,Điểm học bạ,2021,18.0,Kỹ thuật Xây dựng
52065,DSG,ky-thuat-xay-dung,D93,Điểm học bạ,2021,18.0,Kỹ thuật Xây dựng
52066,DSG,ky-thuat-xay-dung,D94,Điểm học bạ,2021,18.0,Kỹ thuật Xây dựng
52067,DSG,ky-thuat-xay-dung,D95,Điểm học bạ,2021,18.0,Kỹ thuật Xây dựng
52068,DSG,ky-thuat-xay-dung,A00,Điểm thi THPT,2021,15.0,Kỹ thuật Xây dựng
52069,DSG,ky-thuat-xay-dung,A01,Điểm thi THPT,2021,15.0,Kỹ thuật Xây dựng
52070,DSG,ky-thuat-xay-dung,D01,Điểm thi THPT,2021,15.0,Kỹ thuật Xây dựng
52071,DSG,ky-thuat-xay-dung,D02,Điểm thi THPT,2021,15.0,Kỹ thuật Xây dựng
52072,DSG,ky-thuat-xay-dung,D03,Điểm thi THPT,2021,15.0,Kỹ thuật Xây dựng
52073,DSG,ky-thuat-xay-dung,D04,Điểm thi THPT,2021,15.0,Kỹ thuật Xây dựng
52074,DSG,ky-thuat-xay-dung,D05,Điểm thi THPT,2021,15.0,Kỹ thuật Xây dựng
52075,DSG,ky-thuat-xay-dung,D06,Điểm thi THPT,2021,15.0,Kỹ thuật Xây dựng
52076,DSG,ky-thuat-xay-dung,D26,Điểm thi THPT,2021,15.0,Kỹ thuật Xây dựng
52077,DSG,ky-thuat-xay-dung,D27,Điểm thi THPT,2021,15.0,Kỹ thuật Xây dựng
52078,DSG,ky-thuat-xay-dung,D28,Điểm thi THPT,2021,15.0,Kỹ thuật Xây dựng
52079,DSG,ky-thuat-xay-dung,D29,Điểm thi THPT,2021,15.0,Kỹ thuật Xây dựng
52080,DSG,ky-thuat-xay-dung,D30,Điểm thi THPT,2021,15.0,Kỹ thuật Xây dựng
52081,DSG,ky-thuat-xay-dung,D90,Điểm thi THPT,2021,15.0,Kỹ thuật Xây dựng
52082,DSG,ky-thuat-xay-dung,D91,Điểm thi THPT,2021,15.0,Kỹ thuật Xây dựng
52083,DSG,ky-thuat-xay-dung,D92,Điểm thi THPT,2021,15.0,Kỹ thuật Xây dựng
52084,DSG,ky-thuat-xay-dung,D93,Điểm thi THPT,2021,15.0,Kỹ thuật Xây dựng
52085,DSG,ky-thuat-xay-dung,D94,Điểm thi THPT,2021,15.0,Kỹ thuật Xây dựng
52086,DSG,ky-thuat-xay-dung,D95,Điểm thi THPT,2021,15.0,Kỹ thuật Xây dựng
52087,DSG,ky-thuat-xay-dung,A00,Điểm học bạ,2022,18.0,Kỹ thuật xây dựng
52088,DSG,ky-thuat-xay-dung,A01,Điểm học bạ,2022,18.0,Kỹ thuật xây dựng
52089,DSG,ky-thuat-xay-dung,D01,Điểm học bạ,2022,18.0,Kỹ thuật xây dựng
52090,DSG,ky-thuat-xay-dung,D02,Điểm học bạ,2022,18.0,Kỹ thuật xây dựng
52091,DSG,ky-thuat-xay-dung,D03,Điểm học bạ,2022,18.0,Kỹ thuật xây dựng
52092,DSG,ky-thuat-xay-dung,D04,Điểm học bạ,2022,18.0,Kỹ thuật xây dựng
52093,DSG,ky-thuat-xay-dung,D05,Điểm học bạ,2022,18.0,Kỹ thuật xây dựng
52094,DSG,ky-thuat-xay-dung,D06,Điểm học bạ,2022,18.0,Kỹ thuật xây dựng
52095,DSG,ky-thuat-xay-dung,D07,Điểm học bạ,2022,18.0,Kỹ thuật xây dựng
52096,DSG,ky-thuat-xay-dung,D21,Điểm học bạ,2022,18.0,Kỹ thuật xây dựng
52097,DSG,ky-thuat-xay-dung,D22,Điểm học bạ,2022,18.0,Kỹ thuật xây dựng
52098,DSG,ky-thuat-xay-dung,D23,Điểm học bạ,2022,18.0,Kỹ thuật xây dựng
52099,DSG,ky-thuat-xay-dung,D24,Điểm học bạ,2022,18.0,Kỹ thuật xây dựng
52100,DSG,ky-thuat-xay-dung,D25,Điểm học bạ,2022,18.0,Kỹ thuật xây dựng
52101,DSG,ky-thuat-xay-dung,D26,Điểm học bạ,2022,18.0,Kỹ thuật xây dựng
52102,DSG,ky-thuat-xay-dung,D27,Điểm học bạ,2022,18.0,Kỹ thuật xây dựng
52103,DSG,ky-thuat-xay-dung,D28,Điểm học bạ,2022,18.0,Kỹ thuật xây dựng
52104,DSG,ky-thuat-xay-dung,D29,Điểm học bạ,2022,18.0,Kỹ thuật xây dựng
52105,DSG,ky-thuat-xay-dung,D30,Điểm học bạ,2022,18.0,Kỹ thuật xây dựng
52106,DSG,ky-thuat-xay-dung,A00,Điểm thi THPT,2022,15.0,Kỹ thuật xây dựng
52107,DSG,ky-thuat-xay-dung,A01,Điểm thi THPT,2022,15.0,Kỹ thuật xây dựng
52108,DSG,ky-thuat-xay-dung,D01,Điểm thi THPT,2022,15.0,Kỹ thuật xây dựng
52109,DSG,ky-thuat-xay-dung,D02,Điểm thi THPT,2022,15.0,Kỹ thuật xây dựng
52110,DSG,ky-thuat-xay-dung,D03,Điểm thi THPT,2022,15.0,Kỹ thuật xây dựng
52111,DSG,ky-thuat-xay-dung,D04,Điểm thi THPT,2022,15.0,Kỹ thuật xây dựng
52112,DSG,ky-thuat-xay-dung,D05,Điểm thi THPT,2022,15.0,Kỹ thuật xây dựng
52113,DSG,ky-thuat-xay-dung,D06,Điểm thi THPT,2022,15.0,Kỹ thuật xây dựng
52114,DSG,ky-thuat-xay-dung,D07,Điểm thi THPT,2022,15.0,Kỹ thuật xây dựng
52115,DSG,ky-thuat-xay-dung,D21,Điểm thi THPT,2022,15.0,Kỹ thuật xây dựng
52116,DSG,ky-thuat-xay-dung,D22,Điểm thi THPT,2022,15.0,Kỹ thuật xây dựng
52117,DSG,ky-thuat-xay-dung,D23,Điểm thi THPT,2022,15.0,Kỹ thuật xây dựng
52118,DSG,ky-thuat-xay-dung,D24,Điểm thi THPT,2022,15.0,Kỹ thuật xây dựng
52119,DSG,ky-thuat-xay-dung,D25,Điểm thi THPT,2022,15.0,Kỹ thuật xây dựng
52120,DSG,ky-thuat-xay-dung,D26,Điểm thi THPT,2022,15.0,Kỹ thuật xây dựng
52121,DSG,ky-thuat-xay-dung,D27,Điểm thi THPT,2022,15.0,Kỹ thuật xây dựng
52122,DSG,ky-thuat-xay-dung,D28,Điểm thi THPT,2022,15.0,Kỹ thuật xây dựng
52123,DSG,ky-thuat-xay-dung,D29,Điểm thi THPT,2022,15.0,Kỹ thuật xây dựng
52124,DSG,ky-thuat-xay-dung,D30,Điểm thi THPT,2022,15.0,Kỹ thuật xây dựng
52125,DSG,ky-thuat-xay-dung,A00,Điểm học bạ,2023,18.0,Kỹ thuật xây dựng
52126,DSG,ky-thuat-xay-dung,A01,Điểm học bạ,2023,18.0,Kỹ thuật xây dựng
52127,DSG,ky-thuat-xay-dung,D01,Điểm học bạ,2023,18.0,Kỹ thuật xây dựng
52128,DSG,ky-thuat-xay-dung,A00,Điểm thi THPT,2023,15.0,Kỹ thuật xây dựng
52129,DSG,ky-thuat-xay-dung,A01,Điểm thi THPT,2023,15.0,Kỹ thuật xây dựng
52130,DSG,ky-thuat-xay-dung,D01,Điểm thi THPT,2023,15.0,Kỹ thuật xây dựng
52131,DSG,ky-thuat-xay-dung,D90,Điểm thi THPT,2023,15.0,Kỹ thuật xây dựng
52132,DSG,ky-thuat-xay-dung,A00,Điểm thi THPT,2024,15.0,Kỹ thuật Xây dựng
52133,DSG,ky-thuat-xay-dung,A01,Điểm thi THPT,2024,15.0,Kỹ thuật Xây dựng
52134,DSG,ky-thuat-xay-dung,D01,Điểm thi THPT,2024,15.0,Kỹ thuật Xây dựng
52135,DSG,ky-thuat-xay-dung,D02,Điểm thi THPT,2024,15.0,Kỹ thuật Xây dựng
52136,DSG,ky-thuat-xay-dung,D03,Điểm thi THPT,2024,15.0,Kỹ thuật Xây dựng
52137,DSG,ky-thuat-xay-dung,D04,Điểm thi THPT,2024,15.0,Kỹ thuật Xây dựng
52138,DSG,ky-thuat-xay-dung,D05,Điểm thi THPT,2024,15.0,Kỹ thuật Xây dựng
52139,DSG,ky-thuat-xay-dung,D06,Điểm thi THPT,2024,15.0,Kỹ thuật Xây dựng
52140,DSG,ky-thuat-xay-dung,D26,Điểm thi THPT,2024,15.0,Kỹ thuật Xây dựng
52141,DSG,ky-thuat-xay-dung,D27,Điểm thi THPT,2024,15.0,Kỹ thuật Xây dựng
52142,DSG,ky-thuat-xay-dung,D28,Điểm thi THPT,2024,15.0,Kỹ thuật Xây dựng
52143,DSG,ky-thuat-xay-dung,D29,Điểm thi THPT,2024,15.0,Kỹ thuật Xây dựng
52144,DSG,ky-thuat-xay-dung,D30,Điểm thi THPT,2024,15.0,Kỹ thuật Xây dựng
52145,DSG,ky-thuat-xay-dung,D90,Điểm thi THPT,2024,15.0,Kỹ thuật Xây dựng
52146,DSG,ky-thuat-xay-dung,D91,Điểm thi THPT,2024,15.0,Kỹ thuật Xây dựng
52147,DSG,ky-thuat-xay-dung,D92,Điểm thi THPT,2024,15.0,Kỹ thuật Xây dựng
52148,DSG,ky-thuat-xay-dung,D93,Điểm thi THPT,2024,15.0,Kỹ thuật Xây dựng
52149,DSG,ky-thuat-xay-dung,D94,Điểm thi THPT,2024,15.0,Kỹ thuật Xây dựng
52150,DSG,ky-thuat-xay-dung,D95,Điểm thi THPT,2024,15.0,Kỹ thuật Xây dựng
52151,DSG,ky-thuat-xay-dung,A00,Điểm học bạ,2025,18.0,Kỹ thuật xây dựng
52152,DSG,ky-thuat-xay-dung,A01,Điểm học bạ,2025,18.0,Kỹ thuật xây dựng
52153,DSG,ky-thuat-xay-dung,A02,Điểm học bạ,2025,18.0,Kỹ thuật xây dựng
52154,DSG,ky-thuat-xay-dung,A03,Điểm học bạ,2025,18.0,Kỹ thuật xây dựng
52155,DSG,ky-thuat-xay-dung,A04,Điểm học bạ,2025,18.0,Kỹ thuật xây dựng
52156,DSG,ky-thuat-xay-dung,A05,Điểm học bạ,2025,18.0,Kỹ thuật xây dựng
52157,DSG,ky-thuat-xay-dung,A06,Điểm học bạ,2025,18.0,Kỹ thuật xây dựng
52158,DSG,ky-thuat-xay-dung,A07,Điểm học bạ,2025,18.0,Kỹ thuật xây dựng
52159,DSG,ky-thuat-xay-dung,A08,Điểm học bạ,2025,18.0,Kỹ thuật xây dựng
52160,DSG,ky-thuat-xay-dung,B00,Điểm học bạ,2025,18.0,Kỹ thuật xây dựng
52161,DSG,ky-thuat-xay-dung,B01,Điểm học bạ,2025,18.0,Kỹ thuật xây dựng
52162,DSG,ky-thuat-xay-dung,B02,Điểm học bạ,2025,18.0,Kỹ thuật xây dựng
52163,DSG,ky-thuat-xay-dung,B03,Điểm học bạ,2025,18.0,Kỹ thuật xây dựng
52164,DSG,ky-thuat-xay-dung,B08,Điểm học bạ,2025,18.0,Kỹ thuật xây dựng
52165,DSG,ky-thuat-xay-dung,C01,Điểm học bạ,2025,18.0,Kỹ thuật xây dựng
52166,DSG,ky-thuat-xay-dung,C02,Điểm học bạ,2025,18.0,Kỹ thuật xây dựng
52167,DSG,ky-thuat-xay-dung,C03,Điểm học bạ,2025,18.0,Kỹ thuật xây dựng
52168,DSG,ky-thuat-xay-dung,C04,Điểm học bạ,2025,18.0,Kỹ thuật xây dựng
52169,DSG,ky-thuat-xay-dung,C14,Điểm học bạ,2025,18.0,Kỹ thuật xây dựng
52170,DSG,ky-thuat-xay-dung,D01,Điểm học bạ,2025,18.0,Kỹ thuật xây dựng
52171,DSG,ky-thuat-xay-dung,D02,Điểm học bạ,2025,18.0,Kỹ thuật xây dựng
52172,DSG,ky-thuat-xay-dung,D03,Điểm học bạ,2025,18.0,Kỹ thuật xây dựng
52173,DSG,ky-thuat-xay-dung,D04,Điểm học bạ,2025,18.0,Kỹ thuật xây dựng
52174,DSG,ky-thuat-xay-dung,D06,Điểm học bạ,2025,18.0,Kỹ thuật xây dựng
52175,DSG,ky-thuat-xay-dung,D07,Điểm học bạ,2025,18.0,Kỹ thuật xây dựng
52176,DSG,ky-thuat-xay-dung,D09,Điểm học bạ,2025,18.0,Kỹ thuật xây dựng
52177,DSG,ky-thuat-xay-dung,D10,Điểm học bạ,2025,18.0,Kỹ thuật xây dựng
52178,DSG,ky-thuat-xay-dung,D17,Điểm học bạ,2025,18.0,Kỹ thuật xây dựng
52179,DSG,ky-thuat-xay-dung,D18,Điểm học bạ,2025,18.0,Kỹ thuật xây dựng
52180,DSG,ky-thuat-xay-dung,D19,Điểm học bạ,2025,18.0,Kỹ thuật xây dựng
52181,DSG,ky-thuat-xay-dung,D20,Điểm học bạ,2025,18.0,Kỹ thuật xây dựng
52182,DSG,ky-thuat-xay-dung,D22,Điểm học bạ,2025,18.0,Kỹ thuật xây dựng
52183,DSG,ky-thuat-xay-dung,D23,Điểm học bạ,2025,18.0,Kỹ thuật xây dựng
52184,DSG,ky-thuat-xay-dung,D24,Điểm học bạ,2025,18.0,Kỹ thuật xây dựng
52185,DSG,ky-thuat-xay-dung,D25,Điểm học bạ,2025,18.0,Kỹ thuật xây dựng
52186,DSG,ky-thuat-xay-dung,D27,Điểm học bạ,2025,18.0,Kỹ thuật xây dựng
52187,DSG,ky-thuat-xay-dung,D28,Điểm học bạ,2025,18.0,Kỹ thuật xây dựng
52188,DSG,ky-thuat-xay-dung,D29,Điểm học bạ,2025,18.0,Kỹ thuật xây dựng
52189,DSG,ky-thuat-xay-dung,D30,Điểm học bạ,2025,18.0,Kỹ thuật xây dựng
52190,DSG,ky-thuat-xay-dung,D32,Điểm học bạ,2025,18.0,Kỹ thuật xây dựng
52191,DSG,ky-thuat-xay-dung,D33,Điểm học bạ,2025,18.0,Kỹ thuật xây dựng
52192,DSG,ky-thuat-xay-dung,D34,Điểm học bạ,2025,18.0,Kỹ thuật xây dựng
52193,DSG,ky-thuat-xay-dung,D35,Điểm học bạ,2025,18.0,Kỹ thuật xây dựng
52194,DSG,ky-thuat-xay-dung,D37,Điểm học bạ,2025,18.0,Kỹ thuật xây dựng
52195,DSG,ky-thuat-xay-dung,D38,Điểm học bạ,2025,18.0,Kỹ thuật xây dựng
52196,DSG,ky-thuat-xay-dung,D39,Điểm học bạ,2025,18.0,Kỹ thuật xây dựng
52197,DSG,ky-thuat-xay-dung,D40,Điểm học bạ,2025,18.0,Kỹ thuật xây dựng
52198,DSG,ky-thuat-xay-dung,D84,Điểm học bạ,2025,18.0,Kỹ thuật xây dựng
52199,DSG,ky-thuat-xay-dung,D86,Điểm học bạ,2025,18.0,Kỹ thuật xây dựng
52200,DSG,ky-thuat-xay-dung,D87,Điểm học bạ,2025,18.0,Kỹ thuật xây dựng
52201,DSG,ky-thuat-xay-dung,D88,Điểm học bạ,2025,18.0,Kỹ thuật xây dựng
52202,DSG,ky-thuat-xay-dung,A00,Điểm thi THPT,2025,15.0,Kỹ thuật xây dựng
52203,DSG,ky-thuat-xay-dung,A01,Điểm thi THPT,2025,15.0,Kỹ thuật xây dựng
52204,DSG,ky-thuat-xay-dung,A02,Điểm thi THPT,2025,15.0,Kỹ thuật xây dựng
52205,DSG,ky-thuat-xay-dung,A03,Điểm thi THPT,2025,15.0,Kỹ thuật xây dựng
52206,DSG,ky-thuat-xay-dung,A04,Điểm thi THPT,2025,15.0,Kỹ thuật xây dựng
52207,DSG,ky-thuat-xay-dung,A05,Điểm thi THPT,2025,15.0,Kỹ thuật xây dựng
52208,DSG,ky-thuat-xay-dung,A06,Điểm thi THPT,2025,15.0,Kỹ thuật xây dựng
52209,DSG,ky-thuat-xay-dung,A07,Điểm thi THPT,2025,15.0,Kỹ thuật xây dựng
52210,DSG,ky-thuat-xay-dung,A08,Điểm thi THPT,2025,15.0,Kỹ thuật xây dựng
52211,DSG,ky-thuat-xay-dung,B00,Điểm thi THPT,2025,15.0,Kỹ thuật xây dựng
52212,DSG,ky-thuat-xay-dung,B01,Điểm thi THPT,2025,15.0,Kỹ thuật xây dựng
52213,DSG,ky-thuat-xay-dung,B02,Điểm thi THPT,2025,15.0,Kỹ thuật xây dựng
52214,DSG,ky-thuat-xay-dung,B03,Điểm thi THPT,2025,15.0,Kỹ thuật xây dựng
52215,DSG,ky-thuat-xay-dung,B08,Điểm thi THPT,2025,15.0,Kỹ thuật xây dựng
52216,DSG,ky-thuat-xay-dung,C01,Điểm thi THPT,2025,15.0,Kỹ thuật xây dựng
52217,DSG,ky-thuat-xay-dung,C02,Điểm thi THPT,2025,15.0,Kỹ thuật xây dựng
52218,DSG,ky-thuat-xay-dung,C03,Điểm thi THPT,2025,15.0,Kỹ thuật xây dựng
52219,DSG,ky-thuat-xay-dung,C04,Điểm thi THPT,2025,15.0,Kỹ thuật xây dựng
52220,DSG,ky-thuat-xay-dung,C14,Điểm thi THPT,2025,15.0,Kỹ thuật xây dựng
52221,DSG,ky-thuat-xay-dung,D01,Điểm thi THPT,2025,15.0,Kỹ thuật xây dựng
52222,DSG,ky-thuat-xay-dung,D02,Điểm thi THPT,2025,15.0,Kỹ thuật xây dựng
52223,DSG,ky-thuat-xay-dung,D03,Điểm thi THPT,2025,15.0,Kỹ thuật xây dựng
52224,DSG,ky-thuat-xay-dung,D04,Điểm thi THPT,2025,15.0,Kỹ thuật xây dựng
52225,DSG,ky-thuat-xay-dung,D06,Điểm thi THPT,2025,15.0,Kỹ thuật xây dựng
52226,DSG,ky-thuat-xay-dung,D07,Điểm thi THPT,2025,15.0,Kỹ thuật xây dựng
52227,DSG,ky-thuat-xay-dung,D09,Điểm thi THPT,2025,15.0,Kỹ thuật xây dựng
52228,DSG,ky-thuat-xay-dung,D10,Điểm thi THPT,2025,15.0,Kỹ thuật xây dựng
52229,DSG,ky-thuat-xay-dung,D17,Điểm thi THPT,2025,15.0,Kỹ thuật xây dựng
52230,DSG,ky-thuat-xay-dung,D18,Điểm thi THPT,2025,15.0,Kỹ thuật xây dựng
52231,DSG,ky-thuat-xay-dung,D19,Điểm thi THPT,2025,15.0,Kỹ thuật xây dựng
52232,DSG,ky-thuat-xay-dung,D20,Điểm thi THPT,2025,15.0,Kỹ thuật xây dựng
52233,DSG,ky-thuat-xay-dung,D22,Điểm thi THPT,2025,15.0,Kỹ thuật xây dựng
52234,DSG,ky-thuat-xay-dung,D23,Điểm thi THPT,2025,15.0,Kỹ thuật xây dựng
52235,DSG,ky-thuat-xay-dung,D24,Điểm thi THPT,2025,15.0,Kỹ thuật xây dựng
52236,DSG,ky-thuat-xay-dung,D25,Điểm thi THPT,2025,15.0,Kỹ thuật xây dựng
52237,DSG,ky-thuat-xay-dung,D27,Điểm thi THPT,2025,15.0,Kỹ thuật xây dựng
52238,DSG,ky-thuat-xay-dung,D28,Điểm thi THPT,2025,15.0,Kỹ thuật xây dựng
52239,DSG,ky-thuat-xay-dung,D29,Điểm thi THPT,2025,15.0,Kỹ thuật xây dựng
52240,DSG,ky-thuat-xay-dung,D30,Điểm thi THPT,2025,15.0,Kỹ thuật xây dựng
52241,DSG,ky-thuat-xay-dung,D32,Điểm thi THPT,2025,15.0,Kỹ thuật xây dựng
52242,DSG,ky-thuat-xay-dung,D33,Điểm thi THPT,2025,15.0,Kỹ thuật xây dựng
52243,DSG,ky-thuat-xay-dung,D34,Điểm thi THPT,2025,15.0,Kỹ thuật xây dựng
52244,DSG,ky-thuat-xay-dung,D35,Điểm thi THPT,2025,15.0,Kỹ thuật xây dựng
52245,DSG,ky-thuat-xay-dung,D37,Điểm thi THPT,2025,15.0,Kỹ thuật xây dựng
52246,DSG,ky-thuat-xay-dung,D38,Điểm thi THPT,2025,15.0,Kỹ thuật xây dựng
52247,DSG,ky-thuat-xay-dung,D39,Điểm thi THPT,2025,15.0,Kỹ thuật xây dựng
52248,DSG,ky-thuat-xay-dung,D40,Điểm thi THPT,2025,15.0,Kỹ thuật xây dựng
52249,DSG,ky-thuat-xay-dung,D84,Điểm thi THPT,2025,15.0,Kỹ thuật xây dựng
52250,DSG,ky-thuat-xay-dung,D86,Điểm thi THPT,2025,15.0,Kỹ thuật xây dựng
52251,DSG,ky-thuat-xay-dung,D87,Điểm thi THPT,2025,15.0,Kỹ thuật xây dựng
52252,DSG,ky-thuat-xay-dung,D88,Điểm thi THPT,2025,15.0,Kỹ thuật xây dựng
52253,DSG,logistics-va-quan-ly-chuoi-cung-ung,A00,Điểm học bạ,2025,18.0,Logistics và Quản lý chuỗi cung ứng
52254,DSG,logistics-va-quan-ly-chuoi-cung-ung,A01,Điểm học bạ,2025,18.0,Logistics và Quản lý chuỗi cung ứng
52255,DSG,logistics-va-quan-ly-chuoi-cung-ung,A02,Điểm học bạ,2025,18.0,Logistics và Quản lý chuỗi cung ứng
52256,DSG,logistics-va-quan-ly-chuoi-cung-ung,A03,Điểm học bạ,2025,18.0,Logistics và Quản lý chuỗi cung ứng
52257,DSG,logistics-va-quan-ly-chuoi-cung-ung,A04,Điểm học bạ,2025,18.0,Logistics và Quản lý chuỗi cung ứng
52258,DSG,logistics-va-quan-ly-chuoi-cung-ung,A05,Điểm học bạ,2025,18.0,Logistics và Quản lý chuỗi cung ứng
52259,DSG,logistics-va-quan-ly-chuoi-cung-ung,A06,Điểm học bạ,2025,18.0,Logistics và Quản lý chuỗi cung ứng
52260,DSG,logistics-va-quan-ly-chuoi-cung-ung,A07,Điểm học bạ,2025,18.0,Logistics và Quản lý chuỗi cung ứng
52261,DSG,logistics-va-quan-ly-chuoi-cung-ung,A08,Điểm học bạ,2025,18.0,Logistics và Quản lý chuỗi cung ứng
52262,DSG,logistics-va-quan-ly-chuoi-cung-ung,B00,Điểm học bạ,2025,18.0,Logistics và Quản lý chuỗi cung ứng
52263,DSG,logistics-va-quan-ly-chuoi-cung-ung,B01,Điểm học bạ,2025,18.0,Logistics và Quản lý chuỗi cung ứng
52264,DSG,logistics-va-quan-ly-chuoi-cung-ung,B02,Điểm học bạ,2025,18.0,Logistics và Quản lý chuỗi cung ứng
52265,DSG,logistics-va-quan-ly-chuoi-cung-ung,B03,Điểm học bạ,2025,18.0,Logistics và Quản lý chuỗi cung ứng
52266,DSG,logistics-va-quan-ly-chuoi-cung-ung,B08,Điểm học bạ,2025,18.0,Logistics và Quản lý chuỗi cung ứng
52267,DSG,logistics-va-quan-ly-chuoi-cung-ung,C00,Điểm học bạ,2025,18.0,Logistics và Quản lý chuỗi cung ứng
52268,DSG,logistics-va-quan-ly-chuoi-cung-ung,C01,Điểm học bạ,2025,18.0,Logistics và Quản lý chuỗi cung ứng
52269,DSG,logistics-va-quan-ly-chuoi-cung-ung,C02,Điểm học bạ,2025,18.0,Logistics và Quản lý chuỗi cung ứng
52270,DSG,logistics-va-quan-ly-chuoi-cung-ung,C03,Điểm học bạ,2025,18.0,Logistics và Quản lý chuỗi cung ứng
52271,DSG,logistics-va-quan-ly-chuoi-cung-ung,C04,Điểm học bạ,2025,18.0,Logistics và Quản lý chuỗi cung ứng
52272,DSG,logistics-va-quan-ly-chuoi-cung-ung,C05,Điểm học bạ,2025,18.0,Logistics và Quản lý chuỗi cung ứng
52273,DSG,logistics-va-quan-ly-chuoi-cung-ung,C06,Điểm học bạ,2025,18.0,Logistics và Quản lý chuỗi cung ứng
52274,DSG,logistics-va-quan-ly-chuoi-cung-ung,C07,Điểm học bạ,2025,18.0,Logistics và Quản lý chuỗi cung ứng
52275,DSG,logistics-va-quan-ly-chuoi-cung-ung,C08,Điểm học bạ,2025,18.0,Logistics và Quản lý chuỗi cung ứng
52276,DSG,logistics-va-quan-ly-chuoi-cung-ung,C09,Điểm học bạ,2025,18.0,Logistics và Quản lý chuỗi cung ứng
52277,DSG,logistics-va-quan-ly-chuoi-cung-ung,C10,Điểm học bạ,2025,18.0,Logistics và Quản lý chuỗi cung ứng
52278,DSG,logistics-va-quan-ly-chuoi-cung-ung,C11,Điểm học bạ,2025,18.0,Logistics và Quản lý chuỗi cung ứng
52279,DSG,logistics-va-quan-ly-chuoi-cung-ung,C12,Điểm học bạ,2025,18.0,Logistics và Quản lý chuỗi cung ứng
52280,DSG,logistics-va-quan-ly-chuoi-cung-ung,C13,Điểm học bạ,2025,18.0,Logistics và Quản lý chuỗi cung ứng
52281,DSG,logistics-va-quan-ly-chuoi-cung-ung,C14,Điểm học bạ,2025,18.0,Logistics và Quản lý chuỗi cung ứng
52282,DSG,logistics-va-quan-ly-chuoi-cung-ung,C19,Điểm học bạ,2025,18.0,Logistics và Quản lý chuỗi cung ứng
52283,DSG,logistics-va-quan-ly-chuoi-cung-ung,D01,Điểm học bạ,2025,18.0,Logistics và Quản lý chuỗi cung ứng
52284,DSG,logistics-va-quan-ly-chuoi-cung-ung,D02,Điểm học bạ,2025,18.0,Logistics và Quản lý chuỗi cung ứng
52285,DSG,logistics-va-quan-ly-chuoi-cung-ung,D03,Điểm học bạ,2025,18.0,Logistics và Quản lý chuỗi cung ứng
52286,DSG,logistics-va-quan-ly-chuoi-cung-ung,D04,Điểm học bạ,2025,18.0,Logistics và Quản lý chuỗi cung ứng
52287,DSG,logistics-va-quan-ly-chuoi-cung-ung,D06,Điểm học bạ,2025,18.0,Logistics và Quản lý chuỗi cung ứng
52288,DSG,logistics-va-quan-ly-chuoi-cung-ung,D07,Điểm học bạ,2025,18.0,Logistics và Quản lý chuỗi cung ứng
52289,DSG,logistics-va-quan-ly-chuoi-cung-ung,D09,Điểm học bạ,2025,18.0,Logistics và Quản lý chuỗi cung ứng
52290,DSG,logistics-va-quan-ly-chuoi-cung-ung,D10,Điểm học bạ,2025,18.0,Logistics và Quản lý chuỗi cung ứng
52291,DSG,logistics-va-quan-ly-chuoi-cung-ung,D11,Điểm học bạ,2025,18.0,Logistics và Quản lý chuỗi cung ứng
52292,DSG,logistics-va-quan-ly-chuoi-cung-ung,D12,Điểm học bạ,2025,18.0,Logistics và Quản lý chuỗi cung ứng
52293,DSG,logistics-va-quan-ly-chuoi-cung-ung,D13,Điểm học bạ,2025,18.0,Logistics và Quản lý chuỗi cung ứng
52294,DSG,logistics-va-quan-ly-chuoi-cung-ung,D14,Điểm học bạ,2025,18.0,Logistics và Quản lý chuỗi cung ứng
52295,DSG,logistics-va-quan-ly-chuoi-cung-ung,D15,Điểm học bạ,2025,18.0,Logistics và Quản lý chuỗi cung ứng
52296,DSG,logistics-va-quan-ly-chuoi-cung-ung,D17,Điểm học bạ,2025,18.0,Logistics và Quản lý chuỗi cung ứng
52297,DSG,logistics-va-quan-ly-chuoi-cung-ung,D18,Điểm học bạ,2025,18.0,Logistics và Quản lý chuỗi cung ứng
52298,DSG,logistics-va-quan-ly-chuoi-cung-ung,D19,Điểm học bạ,2025,18.0,Logistics và Quản lý chuỗi cung ứng
52299,DSG,logistics-va-quan-ly-chuoi-cung-ung,D20,Điểm học bạ,2025,18.0,Logistics và Quản lý chuỗi cung ứng
52300,DSG,logistics-va-quan-ly-chuoi-cung-ung,D22,Điểm học bạ,2025,18.0,Logistics và Quản lý chuỗi cung ứng
52301,DSG,logistics-va-quan-ly-chuoi-cung-ung,D23,Điểm học bạ,2025,18.0,Logistics và Quản lý chuỗi cung ứng
52302,DSG,logistics-va-quan-ly-chuoi-cung-ung,D24,Điểm học bạ,2025,18.0,Logistics và Quản lý chuỗi cung ứng
52303,DSG,logistics-va-quan-ly-chuoi-cung-ung,D25,Điểm học bạ,2025,18.0,Logistics và Quản lý chuỗi cung ứng
52304,DSG,logistics-va-quan-ly-chuoi-cung-ung,A00,Điểm thi THPT,2025,15.0,Logistics và Quản lý chuỗi cung ứng
52305,DSG,logistics-va-quan-ly-chuoi-cung-ung,A01,Điểm thi THPT,2025,15.0,Logistics và Quản lý chuỗi cung ứng
52306,DSG,logistics-va-quan-ly-chuoi-cung-ung,A02,Điểm thi THPT,2025,15.0,Logistics và Quản lý chuỗi cung ứng
52307,DSG,logistics-va-quan-ly-chuoi-cung-ung,A03,Điểm thi THPT,2025,15.0,Logistics và Quản lý chuỗi cung ứng
52308,DSG,logistics-va-quan-ly-chuoi-cung-ung,A04,Điểm thi THPT,2025,15.0,Logistics và Quản lý chuỗi cung ứng
52309,DSG,logistics-va-quan-ly-chuoi-cung-ung,A05,Điểm thi THPT,2025,15.0,Logistics và Quản lý chuỗi cung ứng
52310,DSG,logistics-va-quan-ly-chuoi-cung-ung,A06,Điểm thi THPT,2025,15.0,Logistics và Quản lý chuỗi cung ứng
52311,DSG,logistics-va-quan-ly-chuoi-cung-ung,A07,Điểm thi THPT,2025,15.0,Logistics và Quản lý chuỗi cung ứng
52312,DSG,logistics-va-quan-ly-chuoi-cung-ung,A08,Điểm thi THPT,2025,15.0,Logistics và Quản lý chuỗi cung ứng
52313,DSG,logistics-va-quan-ly-chuoi-cung-ung,B00,Điểm thi THPT,2025,15.0,Logistics và Quản lý chuỗi cung ứng
52314,DSG,logistics-va-quan-ly-chuoi-cung-ung,B01,Điểm thi THPT,2025,15.0,Logistics và Quản lý chuỗi cung ứng
52315,DSG,logistics-va-quan-ly-chuoi-cung-ung,B02,Điểm thi THPT,2025,15.0,Logistics và Quản lý chuỗi cung ứng
52316,DSG,logistics-va-quan-ly-chuoi-cung-ung,B03,Điểm thi THPT,2025,15.0,Logistics và Quản lý chuỗi cung ứng
52317,DSG,logistics-va-quan-ly-chuoi-cung-ung,B08,Điểm thi THPT,2025,15.0,Logistics và Quản lý chuỗi cung ứng
52318,DSG,logistics-va-quan-ly-chuoi-cung-ung,C00,Điểm thi THPT,2025,15.0,Logistics và Quản lý chuỗi cung ứng
52319,DSG,logistics-va-quan-ly-chuoi-cung-ung,C01,Điểm thi THPT,2025,15.0,Logistics và Quản lý chuỗi cung ứng
52320,DSG,logistics-va-quan-ly-chuoi-cung-ung,C02,Điểm thi THPT,2025,15.0,Logistics và Quản lý chuỗi cung ứng
52321,DSG,logistics-va-quan-ly-chuoi-cung-ung,C03,Điểm thi THPT,2025,15.0,Logistics và Quản lý chuỗi cung ứng
52322,DSG,logistics-va-quan-ly-chuoi-cung-ung,C04,Điểm thi THPT,2025,15.0,Logistics và Quản lý chuỗi cung ứng
52323,DSG,logistics-va-quan-ly-chuoi-cung-ung,C05,Điểm thi THPT,2025,15.0,Logistics và Quản lý chuỗi cung ứng
52324,DSG,logistics-va-quan-ly-chuoi-cung-ung,C06,Điểm thi THPT,2025,15.0,Logistics và Quản lý chuỗi cung ứng
52325,DSG,logistics-va-quan-ly-chuoi-cung-ung,C07,Điểm thi THPT,2025,15.0,Logistics và Quản lý chuỗi cung ứng
52326,DSG,logistics-va-quan-ly-chuoi-cung-ung,C08,Điểm thi THPT,2025,15.0,Logistics và Quản lý chuỗi cung ứng
52327,DSG,logistics-va-quan-ly-chuoi-cung-ung,C09,Điểm thi THPT,2025,15.0,Logistics và Quản lý chuỗi cung ứng
52328,DSG,logistics-va-quan-ly-chuoi-cung-ung,C10,Điểm thi THPT,2025,15.0,Logistics và Quản lý chuỗi cung ứng
52329,DSG,logistics-va-quan-ly-chuoi-cung-ung,C11,Điểm thi THPT,2025,15.0,Logistics và Quản lý chuỗi cung ứng
52330,DSG,logistics-va-quan-ly-chuoi-cung-ung,C12,Điểm thi THPT,2025,15.0,Logistics và Quản lý chuỗi cung ứng
52331,DSG,logistics-va-quan-ly-chuoi-cung-ung,C13,Điểm thi THPT,2025,15.0,Logistics và Quản lý chuỗi cung ứng
52332,DSG,logistics-va-quan-ly-chuoi-cung-ung,C14,Điểm thi THPT,2025,15.0,Logistics và Quản lý chuỗi cung ứng
52333,DSG,logistics-va-quan-ly-chuoi-cung-ung,C19,Điểm thi THPT,2025,15.0,Logistics và Quản lý chuỗi cung ứng
52334,DSG,logistics-va-quan-ly-chuoi-cung-ung,D01,Điểm thi THPT,2025,15.0,Logistics và Quản lý chuỗi cung ứng
52335,DSG,logistics-va-quan-ly-chuoi-cung-ung,D02,Điểm thi THPT,2025,15.0,Logistics và Quản lý chuỗi cung ứng
52336,DSG,logistics-va-quan-ly-chuoi-cung-ung,D03,Điểm thi THPT,2025,15.0,Logistics và Quản lý chuỗi cung ứng
52337,DSG,logistics-va-quan-ly-chuoi-cung-ung,D04,Điểm thi THPT,2025,15.0,Logistics và Quản lý chuỗi cung ứng
52338,DSG,logistics-va-quan-ly-chuoi-cung-ung,D06,Điểm thi THPT,2025,15.0,Logistics và Quản lý chuỗi cung ứng
52339,DSG,logistics-va-quan-ly-chuoi-cung-ung,D07,Điểm thi THPT,2025,15.0,Logistics và Quản lý chuỗi cung ứng
52340,DSG,logistics-va-quan-ly-chuoi-cung-ung,D09,Điểm thi THPT,2025,15.0,Logistics và Quản lý chuỗi cung ứng
52341,DSG,logistics-va-quan-ly-chuoi-cung-ung,D10,Điểm thi THPT,2025,15.0,Logistics và Quản lý chuỗi cung ứng
52342,DSG,logistics-va-quan-ly-chuoi-cung-ung,D11,Điểm thi THPT,2025,15.0,Logistics và Quản lý chuỗi cung ứng
52343,DSG,logistics-va-quan-ly-chuoi-cung-ung,D12,Điểm thi THPT,2025,15.0,Logistics và Quản lý chuỗi cung ứng
52344,DSG,logistics-va-quan-ly-chuoi-cung-ung,D13,Điểm thi THPT,2025,15.0,Logistics và Quản lý chuỗi cung ứng
52345,DSG,logistics-va-quan-ly-chuoi-cung-ung,D14,Điểm thi THPT,2025,15.0,Logistics và Quản lý chuỗi cung ứng
52346,DSG,logistics-va-quan-ly-chuoi-cung-ung,D15,Điểm thi THPT,2025,15.0,Logistics và Quản lý chuỗi cung ứng
52347,DSG,logistics-va-quan-ly-chuoi-cung-ung,D17,Điểm thi THPT,2025,15.0,Logistics và Quản lý chuỗi cung ứng
52348,DSG,logistics-va-quan-ly-chuoi-cung-ung,D18,Điểm thi THPT,2025,15.0,Logistics và Quản lý chuỗi cung ứng
52349,DSG,logistics-va-quan-ly-chuoi-cung-ung,D19,Điểm thi THPT,2025,15.0,Logistics và Quản lý chuỗi cung ứng
52350,DSG,logistics-va-quan-ly-chuoi-cung-ung,D20,Điểm thi THPT,2025,15.0,Logistics và Quản lý chuỗi cung ứng
52351,DSG,logistics-va-quan-ly-chuoi-cung-ung,D22,Điểm thi THPT,2025,15.0,Logistics và Quản lý chuỗi cung ứng
52352,DSG,logistics-va-quan-ly-chuoi-cung-ung,D23,Điểm thi THPT,2025,15.0,Logistics và Quản lý chuỗi cung ứng
52353,DSG,logistics-va-quan-ly-chuoi-cung-ung,D24,Điểm thi THPT,2025,15.0,Logistics và Quản lý chuỗi cung ứng
52354,DSG,logistics-va-quan-ly-chuoi-cung-ung,D25,Điểm thi THPT,2025,15.0,Logistics và Quản lý chuỗi cung ứng
52355,DSG,luat-kinh-te,A00,Điểm học bạ,2025,21.0,Luật kinh tế
52356,DSG,luat-kinh-te,A01,Điểm học bạ,2025,21.0,Luật kinh tế
52357,DSG,luat-kinh-te,A02,Điểm học bạ,2025,21.0,Luật kinh tế
52358,DSG,luat-kinh-te,A03,Điểm học bạ,2025,21.0,Luật kinh tế
52359,DSG,luat-kinh-te,A04,Điểm học bạ,2025,21.0,Luật kinh tế
52360,DSG,luat-kinh-te,A05,Điểm học bạ,2025,21.0,Luật kinh tế
52361,DSG,luat-kinh-te,A06,Điểm học bạ,2025,21.0,Luật kinh tế
52362,DSG,luat-kinh-te,A07,Điểm học bạ,2025,21.0,Luật kinh tế
52363,DSG,luat-kinh-te,A08,Điểm học bạ,2025,21.0,Luật kinh tế
52364,DSG,luat-kinh-te,B00,Điểm học bạ,2025,21.0,Luật kinh tế
52365,DSG,luat-kinh-te,B01,Điểm học bạ,2025,21.0,Luật kinh tế
52366,DSG,luat-kinh-te,B02,Điểm học bạ,2025,21.0,Luật kinh tế
52367,DSG,luat-kinh-te,B03,Điểm học bạ,2025,21.0,Luật kinh tế
52368,DSG,luat-kinh-te,B08,Điểm học bạ,2025,21.0,Luật kinh tế
52369,DSG,luat-kinh-te,C00,Điểm học bạ,2025,21.0,Luật kinh tế
52370,DSG,luat-kinh-te,C01,Điểm học bạ,2025,21.0,Luật kinh tế
52371,DSG,luat-kinh-te,C02,Điểm học bạ,2025,21.0,Luật kinh tế
52372,DSG,luat-kinh-te,C03,Điểm học bạ,2025,21.0,Luật kinh tế
52373,DSG,luat-kinh-te,C04,Điểm học bạ,2025,21.0,Luật kinh tế
52374,DSG,luat-kinh-te,C05,Điểm học bạ,2025,21.0,Luật kinh tế
52375,DSG,luat-kinh-te,C06,Điểm học bạ,2025,21.0,Luật kinh tế
52376,DSG,luat-kinh-te,C07,Điểm học bạ,2025,21.0,Luật kinh tế
52377,DSG,luat-kinh-te,C08,Điểm học bạ,2025,21.0,Luật kinh tế
52378,DSG,luat-kinh-te,C09,Điểm học bạ,2025,21.0,Luật kinh tế
52379,DSG,luat-kinh-te,C10,Điểm học bạ,2025,21.0,Luật kinh tế
52380,DSG,luat-kinh-te,C11,Điểm học bạ,2025,21.0,Luật kinh tế
52381,DSG,luat-kinh-te,C12,Điểm học bạ,2025,21.0,Luật kinh tế
52382,DSG,luat-kinh-te,C13,Điểm học bạ,2025,21.0,Luật kinh tế
52383,DSG,luat-kinh-te,C14,Điểm học bạ,2025,21.0,Luật kinh tế
52384,DSG,luat-kinh-te,C19,Điểm học bạ,2025,21.0,Luật kinh tế
52385,DSG,luat-kinh-te,D01,Điểm học bạ,2025,21.0,Luật kinh tế
52386,DSG,luat-kinh-te,D02,Điểm học bạ,2025,21.0,Luật kinh tế
52387,DSG,luat-kinh-te,D03,Điểm học bạ,2025,21.0,Luật kinh tế
52388,DSG,luat-kinh-te,D04,Điểm học bạ,2025,21.0,Luật kinh tế
52389,DSG,luat-kinh-te,D06,Điểm học bạ,2025,21.0,Luật kinh tế
52390,DSG,luat-kinh-te,D07,Điểm học bạ,2025,21.0,Luật kinh tế
52391,DSG,luat-kinh-te,D09,Điểm học bạ,2025,21.0,Luật kinh tế
52392,DSG,luat-kinh-te,D10,Điểm học bạ,2025,21.0,Luật kinh tế
52393,DSG,luat-kinh-te,D11,Điểm học bạ,2025,21.0,Luật kinh tế
52394,DSG,luat-kinh-te,D12,Điểm học bạ,2025,21.0,Luật kinh tế
52395,DSG,luat-kinh-te,D13,Điểm học bạ,2025,21.0,Luật kinh tế
52396,DSG,luat-kinh-te,D14,Điểm học bạ,2025,21.0,Luật kinh tế
52397,DSG,luat-kinh-te,D15,Điểm học bạ,2025,21.0,Luật kinh tế
52398,DSG,luat-kinh-te,D17,Điểm học bạ,2025,21.0,Luật kinh tế
52399,DSG,luat-kinh-te,D18,Điểm học bạ,2025,21.0,Luật kinh tế
52400,DSG,luat-kinh-te,D19,Điểm học bạ,2025,21.0,Luật kinh tế
52401,DSG,luat-kinh-te,D20,Điểm học bạ,2025,21.0,Luật kinh tế
52402,DSG,luat-kinh-te,D22,Điểm học bạ,2025,21.0,Luật kinh tế
52403,DSG,luat-kinh-te,D23,Điểm học bạ,2025,21.0,Luật kinh tế
52404,DSG,luat-kinh-te,D24,Điểm học bạ,2025,21.0,Luật kinh tế
52405,DSG,luat-kinh-te,D25,Điểm học bạ,2025,21.0,Luật kinh tế
52406,DSG,luat-kinh-te,A00,Điểm thi THPT,2025,18.0,Luật kinh tế
52407,DSG,luat-kinh-te,A01,Điểm thi THPT,2025,18.0,Luật kinh tế
52408,DSG,luat-kinh-te,A02,Điểm thi THPT,2025,18.0,Luật kinh tế
52409,DSG,luat-kinh-te,A03,Điểm thi THPT,2025,18.0,Luật kinh tế
52410,DSG,luat-kinh-te,A04,Điểm thi THPT,2025,18.0,Luật kinh tế
52411,DSG,luat-kinh-te,A05,Điểm thi THPT,2025,18.0,Luật kinh tế
52412,DSG,luat-kinh-te,A06,Điểm thi THPT,2025,18.0,Luật kinh tế
52413,DSG,luat-kinh-te,A07,Điểm thi THPT,2025,18.0,Luật kinh tế
52414,DSG,luat-kinh-te,A08,Điểm thi THPT,2025,18.0,Luật kinh tế
52415,DSG,luat-kinh-te,B00,Điểm thi THPT,2025,18.0,Luật kinh tế
52416,DSG,luat-kinh-te,B01,Điểm thi THPT,2025,18.0,Luật kinh tế
52417,DSG,luat-kinh-te,B02,Điểm thi THPT,2025,18.0,Luật kinh tế
52418,DSG,luat-kinh-te,B03,Điểm thi THPT,2025,18.0,Luật kinh tế
52419,DSG,luat-kinh-te,B08,Điểm thi THPT,2025,18.0,Luật kinh tế
52420,DSG,luat-kinh-te,C00,Điểm thi THPT,2025,18.0,Luật kinh tế
52421,DSG,luat-kinh-te,C01,Điểm thi THPT,2025,18.0,Luật kinh tế
52422,DSG,luat-kinh-te,C02,Điểm thi THPT,2025,18.0,Luật kinh tế
52423,DSG,luat-kinh-te,C03,Điểm thi THPT,2025,18.0,Luật kinh tế
52424,DSG,luat-kinh-te,C04,Điểm thi THPT,2025,18.0,Luật kinh tế
52425,DSG,luat-kinh-te,C05,Điểm thi THPT,2025,18.0,Luật kinh tế
52426,DSG,luat-kinh-te,C06,Điểm thi THPT,2025,18.0,Luật kinh tế
52427,DSG,luat-kinh-te,C07,Điểm thi THPT,2025,18.0,Luật kinh tế
52428,DSG,luat-kinh-te,C08,Điểm thi THPT,2025,18.0,Luật kinh tế
52429,DSG,luat-kinh-te,C09,Điểm thi THPT,2025,18.0,Luật kinh tế
52430,DSG,luat-kinh-te,C10,Điểm thi THPT,2025,18.0,Luật kinh tế
52431,DSG,luat-kinh-te,C11,Điểm thi THPT,2025,18.0,Luật kinh tế
52432,DSG,luat-kinh-te,C12,Điểm thi THPT,2025,18.0,Luật kinh tế
52433,DSG,luat-kinh-te,C13,Điểm thi THPT,2025,18.0,Luật kinh tế
52434,DSG,luat-kinh-te,C14,Điểm thi THPT,2025,18.0,Luật kinh tế
52435,DSG,luat-kinh-te,C19,Điểm thi THPT,2025,18.0,Luật kinh tế
52436,DSG,luat-kinh-te,D01,Điểm thi THPT,2025,18.0,Luật kinh tế
52437,DSG,luat-kinh-te,D02,Điểm thi THPT,2025,18.0,Luật kinh tế
52438,DSG,luat-kinh-te,D03,Điểm thi THPT,2025,18.0,Luật kinh tế
52439,DSG,luat-kinh-te,D04,Điểm thi THPT,2025,18.0,Luật kinh tế
52440,DSG,luat-kinh-te,D06,Điểm thi THPT,2025,18.0,Luật kinh tế
52441,DSG,luat-kinh-te,D07,Điểm thi THPT,2025,18.0,Luật kinh tế
52442,DSG,luat-kinh-te,D09,Điểm thi THPT,2025,18.0,Luật kinh tế
52443,DSG,luat-kinh-te,D10,Điểm thi THPT,2025,18.0,Luật kinh tế
52444,DSG,luat-kinh-te,D11,Điểm thi THPT,2025,18.0,Luật kinh tế
52445,DSG,luat-kinh-te,D12,Điểm thi THPT,2025,18.0,Luật kinh tế
52446,DSG,luat-kinh-te,D13,Điểm thi THPT,2025,18.0,Luật kinh tế
52447,DSG,luat-kinh-te,D14,Điểm thi THPT,2025,18.0,Luật kinh tế
52448,DSG,luat-kinh-te,D15,Điểm thi THPT,2025,18.0,Luật kinh tế
52449,DSG,luat-kinh-te,D17,Điểm thi THPT,2025,18.0,Luật kinh tế
52450,DSG,luat-kinh-te,D18,Điểm thi THPT,2025,18.0,Luật kinh tế
52451,DSG,luat-kinh-te,D19,Điểm thi THPT,2025,18.0,Luật kinh tế
52452,DSG,luat-kinh-te,D20,Điểm thi THPT,2025,18.0,Luật kinh tế
52453,DSG,luat-kinh-te,D22,Điểm thi THPT,2025,18.0,Luật kinh tế
52454,DSG,luat-kinh-te,D23,Điểm thi THPT,2025,18.0,Luật kinh tế
52455,DSG,luat-kinh-te,D24,Điểm thi THPT,2025,18.0,Luật kinh tế
52456,DSG,luat-kinh-te,D25,Điểm thi THPT,2025,18.0,Luật kinh tế
52457,DSG,marketing,A00,Điểm học bạ,2025,18.0,Marketing
52458,DSG,marketing,A01,Điểm học bạ,2025,18.0,Marketing
52459,DSG,marketing,A02,Điểm học bạ,2025,18.0,Marketing
52460,DSG,marketing,A03,Điểm học bạ,2025,18.0,Marketing
52461,DSG,marketing,A04,Điểm học bạ,2025,18.0,Marketing
52462,DSG,marketing,A05,Điểm học bạ,2025,18.0,Marketing
52463,DSG,marketing,A06,Điểm học bạ,2025,18.0,Marketing
52464,DSG,marketing,A07,Điểm học bạ,2025,18.0,Marketing
52465,DSG,marketing,A08,Điểm học bạ,2025,18.0,Marketing
52466,DSG,marketing,B00,Điểm học bạ,2025,18.0,Marketing
52467,DSG,marketing,B01,Điểm học bạ,2025,18.0,Marketing
52468,DSG,marketing,B02,Điểm học bạ,2025,18.0,Marketing
52469,DSG,marketing,B03,Điểm học bạ,2025,18.0,Marketing
52470,DSG,marketing,B08,Điểm học bạ,2025,18.0,Marketing
52471,DSG,marketing,C00,Điểm học bạ,2025,18.0,Marketing
52472,DSG,marketing,C01,Điểm học bạ,2025,18.0,Marketing
52473,DSG,marketing,C02,Điểm học bạ,2025,18.0,Marketing
52474,DSG,marketing,C03,Điểm học bạ,2025,18.0,Marketing
52475,DSG,marketing,C04,Điểm học bạ,2025,18.0,Marketing
52476,DSG,marketing,C05,Điểm học bạ,2025,18.0,Marketing
52477,DSG,marketing,C06,Điểm học bạ,2025,18.0,Marketing
52478,DSG,marketing,C07,Điểm học bạ,2025,18.0,Marketing
52479,DSG,marketing,C08,Điểm học bạ,2025,18.0,Marketing
52480,DSG,marketing,C09,Điểm học bạ,2025,18.0,Marketing
52481,DSG,marketing,C10,Điểm học bạ,2025,18.0,Marketing
52482,DSG,marketing,C11,Điểm học bạ,2025,18.0,Marketing
52483,DSG,marketing,C12,Điểm học bạ,2025,18.0,Marketing
52484,DSG,marketing,C13,Điểm học bạ,2025,18.0,Marketing
52485,DSG,marketing,C14,Điểm học bạ,2025,18.0,Marketing
52486,DSG,marketing,C19,Điểm học bạ,2025,18.0,Marketing
52487,DSG,marketing,D01,Điểm học bạ,2025,18.0,Marketing
52488,DSG,marketing,D02,Điểm học bạ,2025,18.0,Marketing
52489,DSG,marketing,D03,Điểm học bạ,2025,18.0,Marketing
52490,DSG,marketing,D04,Điểm học bạ,2025,18.0,Marketing
52491,DSG,marketing,D06,Điểm học bạ,2025,18.0,Marketing
52492,DSG,marketing,D07,Điểm học bạ,2025,18.0,Marketing
52493,DSG,marketing,D09,Điểm học bạ,2025,18.0,Marketing
52494,DSG,marketing,D10,Điểm học bạ,2025,18.0,Marketing
52495,DSG,marketing,D11,Điểm học bạ,2025,18.0,Marketing
52496,DSG,marketing,D12,Điểm học bạ,2025,18.0,Marketing
52497,DSG,marketing,D13,Điểm học bạ,2025,18.0,Marketing
52498,DSG,marketing,D14,Điểm học bạ,2025,18.0,Marketing
52499,DSG,marketing,D15,Điểm học bạ,2025,18.0,Marketing
52500,DSG,marketing,D17,Điểm học bạ,2025,18.0,Marketing
52501,DSG,marketing,D18,Điểm học bạ,2025,18.0,Marketing
52502,DSG,marketing,D19,Điểm học bạ,2025,18.0,Marketing
52503,DSG,marketing,D20,Điểm học bạ,2025,18.0,Marketing
52504,DSG,marketing,D22,Điểm học bạ,2025,18.0,Marketing
52505,DSG,marketing,D23,Điểm học bạ,2025,18.0,Marketing
52506,DSG,marketing,D24,Điểm học bạ,2025,18.0,Marketing
52507,DSG,marketing,D25,Điểm học bạ,2025,18.0,Marketing
52508,DSG,marketing,A00,Điểm thi THPT,2025,15.0,Marketing
52509,DSG,marketing,A01,Điểm thi THPT,2025,15.0,Marketing
52510,DSG,marketing,A02,Điểm thi THPT,2025,15.0,Marketing
52511,DSG,marketing,A03,Điểm thi THPT,2025,15.0,Marketing
52512,DSG,marketing,A04,Điểm thi THPT,2025,15.0,Marketing
52513,DSG,marketing,A05,Điểm thi THPT,2025,15.0,Marketing
52514,DSG,marketing,A06,Điểm thi THPT,2025,15.0,Marketing
52515,DSG,marketing,A07,Điểm thi THPT,2025,15.0,Marketing
52516,DSG,marketing,A08,Điểm thi THPT,2025,15.0,Marketing
52517,DSG,marketing,B00,Điểm thi THPT,2025,15.0,Marketing
52518,DSG,marketing,B01,Điểm thi THPT,2025,15.0,Marketing
52519,DSG,marketing,B02,Điểm thi THPT,2025,15.0,Marketing
52520,DSG,marketing,B03,Điểm thi THPT,2025,15.0,Marketing
52521,DSG,marketing,B08,Điểm thi THPT,2025,15.0,Marketing
52522,DSG,marketing,C00,Điểm thi THPT,2025,15.0,Marketing
52523,DSG,marketing,C01,Điểm thi THPT,2025,15.0,Marketing
52524,DSG,marketing,C02,Điểm thi THPT,2025,15.0,Marketing
52525,DSG,marketing,C03,Điểm thi THPT,2025,15.0,Marketing
52526,DSG,marketing,C04,Điểm thi THPT,2025,15.0,Marketing
52527,DSG,marketing,C05,Điểm thi THPT,2025,15.0,Marketing
52528,DSG,marketing,C06,Điểm thi THPT,2025,15.0,Marketing
52529,DSG,marketing,C07,Điểm thi THPT,2025,15.0,Marketing
52530,DSG,marketing,C08,Điểm thi THPT,2025,15.0,Marketing
52531,DSG,marketing,C09,Điểm thi THPT,2025,15.0,Marketing
52532,DSG,marketing,C10,Điểm thi THPT,2025,15.0,Marketing
52533,DSG,marketing,C11,Điểm thi THPT,2025,15.0,Marketing
52534,DSG,marketing,C12,Điểm thi THPT,2025,15.0,Marketing
52535,DSG,marketing,C13,Điểm thi THPT,2025,15.0,Marketing
52536,DSG,marketing,C14,Điểm thi THPT,2025,15.0,Marketing
52537,DSG,marketing,C19,Điểm thi THPT,2025,15.0,Marketing
52538,DSG,marketing,D01,Điểm thi THPT,2025,15.0,Marketing
52539,DSG,marketing,D02,Điểm thi THPT,2025,15.0,Marketing
52540,DSG,marketing,D03,Điểm thi THPT,2025,15.0,Marketing
52541,DSG,marketing,D04,Điểm thi THPT,2025,15.0,Marketing
52542,DSG,marketing,D06,Điểm thi THPT,2025,15.0,Marketing
52543,DSG,marketing,D07,Điểm thi THPT,2025,15.0,Marketing
52544,DSG,marketing,D09,Điểm thi THPT,2025,15.0,Marketing
52545,DSG,marketing,D10,Điểm thi THPT,2025,15.0,Marketing
52546,DSG,marketing,D11,Điểm thi THPT,2025,15.0,Marketing
52547,DSG,marketing,D12,Điểm thi THPT,2025,15.0,Marketing
52548,DSG,marketing,D13,Điểm thi THPT,2025,15.0,Marketing
52549,DSG,marketing,D14,Điểm thi THPT,2025,15.0,Marketing
52550,DSG,marketing,D15,Điểm thi THPT,2025,15.0,Marketing
52551,DSG,marketing,D17,Điểm thi THPT,2025,15.0,Marketing
52552,DSG,marketing,D18,Điểm thi THPT,2025,15.0,Marketing
52553,DSG,marketing,D19,Điểm thi THPT,2025,15.0,Marketing
52554,DSG,marketing,D20,Điểm thi THPT,2025,15.0,Marketing
52555,DSG,marketing,D22,Điểm thi THPT,2025,15.0,Marketing
52556,DSG,marketing,D23,Điểm thi THPT,2025,15.0,Marketing
52557,DSG,marketing,D24,Điểm thi THPT,2025,15.0,Marketing
52558,DSG,marketing,D25,Điểm thi THPT,2025,15.0,Marketing
52559,DSG,quan-ly-xay-dung,A00,Điểm học bạ,2025,18.0,Quản lý xây dựng
52560,DSG,quan-ly-xay-dung,A01,Điểm học bạ,2025,18.0,Quản lý xây dựng
52561,DSG,quan-ly-xay-dung,A02,Điểm học bạ,2025,18.0,Quản lý xây dựng
52562,DSG,quan-ly-xay-dung,A03,Điểm học bạ,2025,18.0,Quản lý xây dựng
52563,DSG,quan-ly-xay-dung,A04,Điểm học bạ,2025,18.0,Quản lý xây dựng
52564,DSG,quan-ly-xay-dung,A05,Điểm học bạ,2025,18.0,Quản lý xây dựng
52565,DSG,quan-ly-xay-dung,A06,Điểm học bạ,2025,18.0,Quản lý xây dựng
52566,DSG,quan-ly-xay-dung,A07,Điểm học bạ,2025,18.0,Quản lý xây dựng
52567,DSG,quan-ly-xay-dung,A08,Điểm học bạ,2025,18.0,Quản lý xây dựng
52568,DSG,quan-ly-xay-dung,B00,Điểm học bạ,2025,18.0,Quản lý xây dựng
52569,DSG,quan-ly-xay-dung,B01,Điểm học bạ,2025,18.0,Quản lý xây dựng
52570,DSG,quan-ly-xay-dung,B02,Điểm học bạ,2025,18.0,Quản lý xây dựng
52571,DSG,quan-ly-xay-dung,B03,Điểm học bạ,2025,18.0,Quản lý xây dựng
52572,DSG,quan-ly-xay-dung,B08,Điểm học bạ,2025,18.0,Quản lý xây dựng
52573,DSG,quan-ly-xay-dung,C01,Điểm học bạ,2025,18.0,Quản lý xây dựng
52574,DSG,quan-ly-xay-dung,C02,Điểm học bạ,2025,18.0,Quản lý xây dựng
52575,DSG,quan-ly-xay-dung,C03,Điểm học bạ,2025,18.0,Quản lý xây dựng
52576,DSG,quan-ly-xay-dung,C04,Điểm học bạ,2025,18.0,Quản lý xây dựng
52577,DSG,quan-ly-xay-dung,C14,Điểm học bạ,2025,18.0,Quản lý xây dựng
52578,DSG,quan-ly-xay-dung,D01,Điểm học bạ,2025,18.0,Quản lý xây dựng
52579,DSG,quan-ly-xay-dung,D02,Điểm học bạ,2025,18.0,Quản lý xây dựng
52580,DSG,quan-ly-xay-dung,D03,Điểm học bạ,2025,18.0,Quản lý xây dựng
52581,DSG,quan-ly-xay-dung,D04,Điểm học bạ,2025,18.0,Quản lý xây dựng
52582,DSG,quan-ly-xay-dung,D06,Điểm học bạ,2025,18.0,Quản lý xây dựng
52583,DSG,quan-ly-xay-dung,D07,Điểm học bạ,2025,18.0,Quản lý xây dựng
52584,DSG,quan-ly-xay-dung,D09,Điểm học bạ,2025,18.0,Quản lý xây dựng
52585,DSG,quan-ly-xay-dung,D10,Điểm học bạ,2025,18.0,Quản lý xây dựng
52586,DSG,quan-ly-xay-dung,D17,Điểm học bạ,2025,18.0,Quản lý xây dựng
52587,DSG,quan-ly-xay-dung,D18,Điểm học bạ,2025,18.0,Quản lý xây dựng
52588,DSG,quan-ly-xay-dung,D19,Điểm học bạ,2025,18.0,Quản lý xây dựng
52589,DSG,quan-ly-xay-dung,D20,Điểm học bạ,2025,18.0,Quản lý xây dựng
52590,DSG,quan-ly-xay-dung,D22,Điểm học bạ,2025,18.0,Quản lý xây dựng
52591,DSG,quan-ly-xay-dung,D23,Điểm học bạ,2025,18.0,Quản lý xây dựng
52592,DSG,quan-ly-xay-dung,D24,Điểm học bạ,2025,18.0,Quản lý xây dựng
52593,DSG,quan-ly-xay-dung,D25,Điểm học bạ,2025,18.0,Quản lý xây dựng
52594,DSG,quan-ly-xay-dung,D27,Điểm học bạ,2025,18.0,Quản lý xây dựng
52595,DSG,quan-ly-xay-dung,D28,Điểm học bạ,2025,18.0,Quản lý xây dựng
52596,DSG,quan-ly-xay-dung,D29,Điểm học bạ,2025,18.0,Quản lý xây dựng
52597,DSG,quan-ly-xay-dung,D30,Điểm học bạ,2025,18.0,Quản lý xây dựng
52598,DSG,quan-ly-xay-dung,D32,Điểm học bạ,2025,18.0,Quản lý xây dựng
52599,DSG,quan-ly-xay-dung,D33,Điểm học bạ,2025,18.0,Quản lý xây dựng
52600,DSG,quan-ly-xay-dung,D34,Điểm học bạ,2025,18.0,Quản lý xây dựng
52601,DSG,quan-ly-xay-dung,D35,Điểm học bạ,2025,18.0,Quản lý xây dựng
52602,DSG,quan-ly-xay-dung,D37,Điểm học bạ,2025,18.0,Quản lý xây dựng
52603,DSG,quan-ly-xay-dung,D38,Điểm học bạ,2025,18.0,Quản lý xây dựng
52604,DSG,quan-ly-xay-dung,D39,Điểm học bạ,2025,18.0,Quản lý xây dựng
52605,DSG,quan-ly-xay-dung,D40,Điểm học bạ,2025,18.0,Quản lý xây dựng
52606,DSG,quan-ly-xay-dung,D84,Điểm học bạ,2025,18.0,Quản lý xây dựng
52607,DSG,quan-ly-xay-dung,D86,Điểm học bạ,2025,18.0,Quản lý xây dựng
52608,DSG,quan-ly-xay-dung,D87,Điểm học bạ,2025,18.0,Quản lý xây dựng
52609,DSG,quan-ly-xay-dung,D88,Điểm học bạ,2025,18.0,Quản lý xây dựng
52610,DSG,quan-ly-xay-dung,A00,Điểm thi THPT,2025,15.0,Quản lý xây dựng
52611,DSG,quan-ly-xay-dung,A01,Điểm thi THPT,2025,15.0,Quản lý xây dựng
52612,DSG,quan-ly-xay-dung,A02,Điểm thi THPT,2025,15.0,Quản lý xây dựng
52613,DSG,quan-ly-xay-dung,A03,Điểm thi THPT,2025,15.0,Quản lý xây dựng
52614,DSG,quan-ly-xay-dung,A04,Điểm thi THPT,2025,15.0,Quản lý xây dựng
52615,DSG,quan-ly-xay-dung,A05,Điểm thi THPT,2025,15.0,Quản lý xây dựng
52616,DSG,quan-ly-xay-dung,A06,Điểm thi THPT,2025,15.0,Quản lý xây dựng
52617,DSG,quan-ly-xay-dung,A07,Điểm thi THPT,2025,15.0,Quản lý xây dựng
52618,DSG,quan-ly-xay-dung,A08,Điểm thi THPT,2025,15.0,Quản lý xây dựng
52619,DSG,quan-ly-xay-dung,B00,Điểm thi THPT,2025,15.0,Quản lý xây dựng
52620,DSG,quan-ly-xay-dung,B01,Điểm thi THPT,2025,15.0,Quản lý xây dựng
52621,DSG,quan-ly-xay-dung,B02,Điểm thi THPT,2025,15.0,Quản lý xây dựng
52622,DSG,quan-ly-xay-dung,B03,Điểm thi THPT,2025,15.0,Quản lý xây dựng
52623,DSG,quan-ly-xay-dung,B08,Điểm thi THPT,2025,15.0,Quản lý xây dựng
52624,DSG,quan-ly-xay-dung,C01,Điểm thi THPT,2025,15.0,Quản lý xây dựng
52625,DSG,quan-ly-xay-dung,C02,Điểm thi THPT,2025,15.0,Quản lý xây dựng
52626,DSG,quan-ly-xay-dung,C03,Điểm thi THPT,2025,15.0,Quản lý xây dựng
52627,DSG,quan-ly-xay-dung,C04,Điểm thi THPT,2025,15.0,Quản lý xây dựng
52628,DSG,quan-ly-xay-dung,C14,Điểm thi THPT,2025,15.0,Quản lý xây dựng
52629,DSG,quan-ly-xay-dung,D01,Điểm thi THPT,2025,15.0,Quản lý xây dựng
52630,DSG,quan-ly-xay-dung,D02,Điểm thi THPT,2025,15.0,Quản lý xây dựng
52631,DSG,quan-ly-xay-dung,D03,Điểm thi THPT,2025,15.0,Quản lý xây dựng
52632,DSG,quan-ly-xay-dung,D04,Điểm thi THPT,2025,15.0,Quản lý xây dựng
52633,DSG,quan-ly-xay-dung,D06,Điểm thi THPT,2025,15.0,Quản lý xây dựng
52634,DSG,quan-ly-xay-dung,D07,Điểm thi THPT,2025,15.0,Quản lý xây dựng
52635,DSG,quan-ly-xay-dung,D09,Điểm thi THPT,2025,15.0,Quản lý xây dựng
52636,DSG,quan-ly-xay-dung,D10,Điểm thi THPT,2025,15.0,Quản lý xây dựng
52637,DSG,quan-ly-xay-dung,D17,Điểm thi THPT,2025,15.0,Quản lý xây dựng
52638,DSG,quan-ly-xay-dung,D18,Điểm thi THPT,2025,15.0,Quản lý xây dựng
52639,DSG,quan-ly-xay-dung,D19,Điểm thi THPT,2025,15.0,Quản lý xây dựng
52640,DSG,quan-ly-xay-dung,D20,Điểm thi THPT,2025,15.0,Quản lý xây dựng
52641,DSG,quan-ly-xay-dung,D22,Điểm thi THPT,2025,15.0,Quản lý xây dựng
52642,DSG,quan-ly-xay-dung,D23,Điểm thi THPT,2025,15.0,Quản lý xây dựng
52643,DSG,quan-ly-xay-dung,D24,Điểm thi THPT,2025,15.0,Quản lý xây dựng
52644,DSG,quan-ly-xay-dung,D25,Điểm thi THPT,2025,15.0,Quản lý xây dựng
52645,DSG,quan-ly-xay-dung,D27,Điểm thi THPT,2025,15.0,Quản lý xây dựng
52646,DSG,quan-ly-xay-dung,D28,Điểm thi THPT,2025,15.0,Quản lý xây dựng
52647,DSG,quan-ly-xay-dung,D29,Điểm thi THPT,2025,15.0,Quản lý xây dựng
52648,DSG,quan-ly-xay-dung,D30,Điểm thi THPT,2025,15.0,Quản lý xây dựng
52649,DSG,quan-ly-xay-dung,D32,Điểm thi THPT,2025,15.0,Quản lý xây dựng
52650,DSG,quan-ly-xay-dung,D33,Điểm thi THPT,2025,15.0,Quản lý xây dựng
52651,DSG,quan-ly-xay-dung,D34,Điểm thi THPT,2025,15.0,Quản lý xây dựng
52652,DSG,quan-ly-xay-dung,D35,Điểm thi THPT,2025,15.0,Quản lý xây dựng
52653,DSG,quan-ly-xay-dung,D37,Điểm thi THPT,2025,15.0,Quản lý xây dựng
52654,DSG,quan-ly-xay-dung,D38,Điểm thi THPT,2025,15.0,Quản lý xây dựng
52655,DSG,quan-ly-xay-dung,D39,Điểm thi THPT,2025,15.0,Quản lý xây dựng
52656,DSG,quan-ly-xay-dung,D40,Điểm thi THPT,2025,15.0,Quản lý xây dựng
52657,DSG,quan-ly-xay-dung,D84,Điểm thi THPT,2025,15.0,Quản lý xây dựng
52658,DSG,quan-ly-xay-dung,D86,Điểm thi THPT,2025,15.0,Quản lý xây dựng
52659,DSG,quan-ly-xay-dung,D87,Điểm thi THPT,2025,15.0,Quản lý xây dựng
52660,DSG,quan-ly-xay-dung,D88,Điểm thi THPT,2025,15.0,Quản lý xây dựng
52661,DSG,quan-tri-kinh-doanh,A00,Điểm học bạ,2021,18.0,Quản trị Kinh doanh
52662,DSG,quan-tri-kinh-doanh,A01,Điểm học bạ,2021,18.0,Quản trị Kinh doanh
52663,DSG,quan-tri-kinh-doanh,D01,Điểm học bạ,2021,18.0,Quản trị Kinh doanh
52664,DSG,quan-tri-kinh-doanh,D02,Điểm học bạ,2021,18.0,Quản trị Kinh doanh
52665,DSG,quan-tri-kinh-doanh,D03,Điểm học bạ,2021,18.0,Quản trị Kinh doanh
52666,DSG,quan-tri-kinh-doanh,D04,Điểm học bạ,2021,18.0,Quản trị Kinh doanh
52667,DSG,quan-tri-kinh-doanh,D05,Điểm học bạ,2021,18.0,Quản trị Kinh doanh
52668,DSG,quan-tri-kinh-doanh,D06,Điểm học bạ,2021,18.0,Quản trị Kinh doanh
52669,DSG,quan-tri-kinh-doanh,D26,Điểm học bạ,2021,18.0,Quản trị Kinh doanh
52670,DSG,quan-tri-kinh-doanh,D27,Điểm học bạ,2021,18.0,Quản trị Kinh doanh
52671,DSG,quan-tri-kinh-doanh,D28,Điểm học bạ,2021,18.0,Quản trị Kinh doanh
52672,DSG,quan-tri-kinh-doanh,D29,Điểm học bạ,2021,18.0,Quản trị Kinh doanh
52673,DSG,quan-tri-kinh-doanh,D30,Điểm học bạ,2021,18.0,Quản trị Kinh doanh
52674,DSG,quan-tri-kinh-doanh,D78,Điểm học bạ,2021,18.0,Quản trị Kinh doanh
52675,DSG,quan-tri-kinh-doanh,D79,Điểm học bạ,2021,18.0,Quản trị Kinh doanh
52676,DSG,quan-tri-kinh-doanh,D80,Điểm học bạ,2021,18.0,Quản trị Kinh doanh
52677,DSG,quan-tri-kinh-doanh,D81,Điểm học bạ,2021,18.0,Quản trị Kinh doanh
52678,DSG,quan-tri-kinh-doanh,D82,Điểm học bạ,2021,18.0,Quản trị Kinh doanh
52679,DSG,quan-tri-kinh-doanh,D83,Điểm học bạ,2021,18.0,Quản trị Kinh doanh
52680,DSG,quan-tri-kinh-doanh,A00,Điểm thi THPT,2021,15.0,Quản trị Kinh doanh
52681,DSG,quan-tri-kinh-doanh,A01,Điểm thi THPT,2021,15.0,Quản trị Kinh doanh
52682,DSG,quan-tri-kinh-doanh,D01,Điểm thi THPT,2021,15.0,Quản trị Kinh doanh
52683,DSG,quan-tri-kinh-doanh,D02,Điểm thi THPT,2021,15.0,Quản trị Kinh doanh
52684,DSG,quan-tri-kinh-doanh,D03,Điểm thi THPT,2021,15.0,Quản trị Kinh doanh
52685,DSG,quan-tri-kinh-doanh,D04,Điểm thi THPT,2021,15.0,Quản trị Kinh doanh
52686,DSG,quan-tri-kinh-doanh,D05,Điểm thi THPT,2021,15.0,Quản trị Kinh doanh
52687,DSG,quan-tri-kinh-doanh,D06,Điểm thi THPT,2021,15.0,Quản trị Kinh doanh
52688,DSG,quan-tri-kinh-doanh,D26,Điểm thi THPT,2021,15.0,Quản trị Kinh doanh
52689,DSG,quan-tri-kinh-doanh,D27,Điểm thi THPT,2021,15.0,Quản trị Kinh doanh
52690,DSG,quan-tri-kinh-doanh,D28,Điểm thi THPT,2021,15.0,Quản trị Kinh doanh
52691,DSG,quan-tri-kinh-doanh,D29,Điểm thi THPT,2021,15.0,Quản trị Kinh doanh
52692,DSG,quan-tri-kinh-doanh,D30,Điểm thi THPT,2021,15.0,Quản trị Kinh doanh
52693,DSG,quan-tri-kinh-doanh,D78,Điểm thi THPT,2021,15.0,Quản trị Kinh doanh
52694,DSG,quan-tri-kinh-doanh,D79,Điểm thi THPT,2021,15.0,Quản trị Kinh doanh
52695,DSG,quan-tri-kinh-doanh,D80,Điểm thi THPT,2021,15.0,Quản trị Kinh doanh
52696,DSG,quan-tri-kinh-doanh,D81,Điểm thi THPT,2021,15.0,Quản trị Kinh doanh
52697,DSG,quan-tri-kinh-doanh,D82,Điểm thi THPT,2021,15.0,Quản trị Kinh doanh
52698,DSG,quan-tri-kinh-doanh,D83,Điểm thi THPT,2021,15.0,Quản trị Kinh doanh
52699,DSG,quan-tri-kinh-doanh,A00,Điểm học bạ,2022,18.0,Quản trị kinh doanh
52700,DSG,quan-tri-kinh-doanh,A01,Điểm học bạ,2022,18.0,Quản trị kinh doanh
52701,DSG,quan-tri-kinh-doanh,D01,Điểm học bạ,2022,18.0,Quản trị kinh doanh
52702,DSG,quan-tri-kinh-doanh,D02,Điểm học bạ,2022,18.0,Quản trị kinh doanh
52703,DSG,quan-tri-kinh-doanh,D03,Điểm học bạ,2022,18.0,Quản trị kinh doanh
52704,DSG,quan-tri-kinh-doanh,D04,Điểm học bạ,2022,18.0,Quản trị kinh doanh
52705,DSG,quan-tri-kinh-doanh,D05,Điểm học bạ,2022,18.0,Quản trị kinh doanh
52706,DSG,quan-tri-kinh-doanh,D06,Điểm học bạ,2022,18.0,Quản trị kinh doanh
52707,DSG,quan-tri-kinh-doanh,D14,Điểm học bạ,2022,18.0,Quản trị kinh doanh
52708,DSG,quan-tri-kinh-doanh,D26,Điểm học bạ,2022,18.0,Quản trị kinh doanh
52709,DSG,quan-tri-kinh-doanh,D27,Điểm học bạ,2022,18.0,Quản trị kinh doanh
52710,DSG,quan-tri-kinh-doanh,D28,Điểm học bạ,2022,18.0,Quản trị kinh doanh
52711,DSG,quan-tri-kinh-doanh,D29,Điểm học bạ,2022,18.0,Quản trị kinh doanh
52712,DSG,quan-tri-kinh-doanh,D30,Điểm học bạ,2022,18.0,Quản trị kinh doanh
52713,DSG,quan-tri-kinh-doanh,D61,Điểm học bạ,2022,18.0,Quản trị kinh doanh
52714,DSG,quan-tri-kinh-doanh,D62,Điểm học bạ,2022,18.0,Quản trị kinh doanh
52715,DSG,quan-tri-kinh-doanh,D63,Điểm học bạ,2022,18.0,Quản trị kinh doanh
52716,DSG,quan-tri-kinh-doanh,D64,Điểm học bạ,2022,18.0,Quản trị kinh doanh
52717,DSG,quan-tri-kinh-doanh,D65,Điểm học bạ,2022,18.0,Quản trị kinh doanh
52718,DSG,quan-tri-kinh-doanh,A00,Điểm thi THPT,2022,15.0,Quản trị kinh doanh
52719,DSG,quan-tri-kinh-doanh,A01,Điểm thi THPT,2022,15.0,Quản trị kinh doanh
52720,DSG,quan-tri-kinh-doanh,D01,Điểm thi THPT,2022,15.0,Quản trị kinh doanh
52721,DSG,quan-tri-kinh-doanh,D02,Điểm thi THPT,2022,15.0,Quản trị kinh doanh
52722,DSG,quan-tri-kinh-doanh,D03,Điểm thi THPT,2022,15.0,Quản trị kinh doanh
52723,DSG,quan-tri-kinh-doanh,D04,Điểm thi THPT,2022,15.0,Quản trị kinh doanh
52724,DSG,quan-tri-kinh-doanh,D05,Điểm thi THPT,2022,15.0,Quản trị kinh doanh
52725,DSG,quan-tri-kinh-doanh,D06,Điểm thi THPT,2022,15.0,Quản trị kinh doanh
52726,DSG,quan-tri-kinh-doanh,D14,Điểm thi THPT,2022,15.0,Quản trị kinh doanh
52727,DSG,quan-tri-kinh-doanh,D26,Điểm thi THPT,2022,15.0,Quản trị kinh doanh
52728,DSG,quan-tri-kinh-doanh,D27,Điểm thi THPT,2022,15.0,Quản trị kinh doanh
52729,DSG,quan-tri-kinh-doanh,D28,Điểm thi THPT,2022,15.0,Quản trị kinh doanh
52730,DSG,quan-tri-kinh-doanh,D29,Điểm thi THPT,2022,15.0,Quản trị kinh doanh
52731,DSG,quan-tri-kinh-doanh,D30,Điểm thi THPT,2022,15.0,Quản trị kinh doanh
52732,DSG,quan-tri-kinh-doanh,D61,Điểm thi THPT,2022,15.0,Quản trị kinh doanh
52733,DSG,quan-tri-kinh-doanh,D62,Điểm thi THPT,2022,15.0,Quản trị kinh doanh
52734,DSG,quan-tri-kinh-doanh,D63,Điểm thi THPT,2022,15.0,Quản trị kinh doanh
52735,DSG,quan-tri-kinh-doanh,D64,Điểm thi THPT,2022,15.0,Quản trị kinh doanh
52736,DSG,quan-tri-kinh-doanh,D65,Điểm thi THPT,2022,15.0,Quản trị kinh doanh
52737,DSG,quan-tri-kinh-doanh,A00,Điểm học bạ,2023,18.0,Quản trị kinh doanh
52738,DSG,quan-tri-kinh-doanh,A01,Điểm học bạ,2023,18.0,Quản trị kinh doanh
52739,DSG,quan-tri-kinh-doanh,D01,Điểm học bạ,2023,18.0,Quản trị kinh doanh
52740,DSG,quan-tri-kinh-doanh,D14,Điểm học bạ,2023,18.0,Quản trị kinh doanh
52741,DSG,quan-tri-kinh-doanh,A00,Điểm thi THPT,2023,15.0,Quản trị kinh doanh
52742,DSG,quan-tri-kinh-doanh,A01,Điểm thi THPT,2023,15.0,Quản trị kinh doanh
52743,DSG,quan-tri-kinh-doanh,D01,Điểm thi THPT,2023,15.0,Quản trị kinh doanh
52744,DSG,quan-tri-kinh-doanh,D78,Điểm thi THPT,2023,15.0,Quản trị kinh doanh
52745,DSG,quan-tri-kinh-doanh,A00,Điểm thi THPT,2024,15.0,Quản trị kinh doanh
52746,DSG,quan-tri-kinh-doanh,A01,Điểm thi THPT,2024,15.0,Quản trị kinh doanh
52747,DSG,quan-tri-kinh-doanh,D01,Điểm thi THPT,2024,15.0,Quản trị kinh doanh
52748,DSG,quan-tri-kinh-doanh,D02,Điểm thi THPT,2024,15.0,Quản trị kinh doanh
52749,DSG,quan-tri-kinh-doanh,D03,Điểm thi THPT,2024,15.0,Quản trị kinh doanh
52750,DSG,quan-tri-kinh-doanh,D04,Điểm thi THPT,2024,15.0,Quản trị kinh doanh
52751,DSG,quan-tri-kinh-doanh,D05,Điểm thi THPT,2024,15.0,Quản trị kinh doanh
52752,DSG,quan-tri-kinh-doanh,D06,Điểm thi THPT,2024,15.0,Quản trị kinh doanh
52753,DSG,quan-tri-kinh-doanh,D26,Điểm thi THPT,2024,15.0,Quản trị kinh doanh
52754,DSG,quan-tri-kinh-doanh,D27,Điểm thi THPT,2024,15.0,Quản trị kinh doanh
52755,DSG,quan-tri-kinh-doanh,D28,Điểm thi THPT,2024,15.0,Quản trị kinh doanh
52756,DSG,quan-tri-kinh-doanh,D29,Điểm thi THPT,2024,15.0,Quản trị kinh doanh
52757,DSG,quan-tri-kinh-doanh,D30,Điểm thi THPT,2024,15.0,Quản trị kinh doanh
52758,DSG,quan-tri-kinh-doanh,D78,Điểm thi THPT,2024,15.0,Quản trị kinh doanh
52759,DSG,quan-tri-kinh-doanh,D79,Điểm thi THPT,2024,15.0,Quản trị kinh doanh
52760,DSG,quan-tri-kinh-doanh,D80,Điểm thi THPT,2024,15.0,Quản trị kinh doanh
52761,DSG,quan-tri-kinh-doanh,D81,Điểm thi THPT,2024,15.0,Quản trị kinh doanh
52762,DSG,quan-tri-kinh-doanh,D82,Điểm thi THPT,2024,15.0,Quản trị kinh doanh
52763,DSG,quan-tri-kinh-doanh,D83,Điểm thi THPT,2024,15.0,Quản trị kinh doanh
52764,DSG,quan-tri-kinh-doanh,A00,Điểm học bạ,2025,18.0,Quản trị kinh doanh
52765,DSG,quan-tri-kinh-doanh,A01,Điểm học bạ,2025,18.0,Quản trị kinh doanh
52766,DSG,quan-tri-kinh-doanh,A02,Điểm học bạ,2025,18.0,Quản trị kinh doanh
52767,DSG,quan-tri-kinh-doanh,A03,Điểm học bạ,2025,18.0,Quản trị kinh doanh
52768,DSG,quan-tri-kinh-doanh,A04,Điểm học bạ,2025,18.0,Quản trị kinh doanh
52769,DSG,quan-tri-kinh-doanh,A05,Điểm học bạ,2025,18.0,Quản trị kinh doanh
52770,DSG,quan-tri-kinh-doanh,A06,Điểm học bạ,2025,18.0,Quản trị kinh doanh
52771,DSG,quan-tri-kinh-doanh,A07,Điểm học bạ,2025,18.0,Quản trị kinh doanh
52772,DSG,quan-tri-kinh-doanh,A08,Điểm học bạ,2025,18.0,Quản trị kinh doanh
52773,DSG,quan-tri-kinh-doanh,B00,Điểm học bạ,2025,18.0,Quản trị kinh doanh
52774,DSG,quan-tri-kinh-doanh,B01,Điểm học bạ,2025,18.0,Quản trị kinh doanh
52775,DSG,quan-tri-kinh-doanh,B02,Điểm học bạ,2025,18.0,Quản trị kinh doanh
52776,DSG,quan-tri-kinh-doanh,B03,Điểm học bạ,2025,18.0,Quản trị kinh doanh
52777,DSG,quan-tri-kinh-doanh,B08,Điểm học bạ,2025,18.0,Quản trị kinh doanh
52778,DSG,quan-tri-kinh-doanh,C00,Điểm học bạ,2025,18.0,Quản trị kinh doanh
52779,DSG,quan-tri-kinh-doanh,C01,Điểm học bạ,2025,18.0,Quản trị kinh doanh
52780,DSG,quan-tri-kinh-doanh,C02,Điểm học bạ,2025,18.0,Quản trị kinh doanh
52781,DSG,quan-tri-kinh-doanh,C03,Điểm học bạ,2025,18.0,Quản trị kinh doanh
52782,DSG,quan-tri-kinh-doanh,C04,Điểm học bạ,2025,18.0,Quản trị kinh doanh
52783,DSG,quan-tri-kinh-doanh,C05,Điểm học bạ,2025,18.0,Quản trị kinh doanh
52784,DSG,quan-tri-kinh-doanh,C06,Điểm học bạ,2025,18.0,Quản trị kinh doanh
52785,DSG,quan-tri-kinh-doanh,C07,Điểm học bạ,2025,18.0,Quản trị kinh doanh
52786,DSG,quan-tri-kinh-doanh,C08,Điểm học bạ,2025,18.0,Quản trị kinh doanh
52787,DSG,quan-tri-kinh-doanh,C09,Điểm học bạ,2025,18.0,Quản trị kinh doanh
52788,DSG,quan-tri-kinh-doanh,C10,Điểm học bạ,2025,18.0,Quản trị kinh doanh
52789,DSG,quan-tri-kinh-doanh,C11,Điểm học bạ,2025,18.0,Quản trị kinh doanh
52790,DSG,quan-tri-kinh-doanh,C12,Điểm học bạ,2025,18.0,Quản trị kinh doanh
52791,DSG,quan-tri-kinh-doanh,C13,Điểm học bạ,2025,18.0,Quản trị kinh doanh
52792,DSG,quan-tri-kinh-doanh,C14,Điểm học bạ,2025,18.0,Quản trị kinh doanh
52793,DSG,quan-tri-kinh-doanh,C19,Điểm học bạ,2025,18.0,Quản trị kinh doanh
52794,DSG,quan-tri-kinh-doanh,D01,Điểm học bạ,2025,18.0,Quản trị kinh doanh
52795,DSG,quan-tri-kinh-doanh,D02,Điểm học bạ,2025,18.0,Quản trị kinh doanh
52796,DSG,quan-tri-kinh-doanh,D03,Điểm học bạ,2025,18.0,Quản trị kinh doanh
52797,DSG,quan-tri-kinh-doanh,D04,Điểm học bạ,2025,18.0,Quản trị kinh doanh
52798,DSG,quan-tri-kinh-doanh,D06,Điểm học bạ,2025,18.0,Quản trị kinh doanh
52799,DSG,quan-tri-kinh-doanh,D07,Điểm học bạ,2025,18.0,Quản trị kinh doanh
52800,DSG,quan-tri-kinh-doanh,D09,Điểm học bạ,2025,18.0,Quản trị kinh doanh
52801,DSG,quan-tri-kinh-doanh,D10,Điểm học bạ,2025,18.0,Quản trị kinh doanh
52802,DSG,quan-tri-kinh-doanh,D11,Điểm học bạ,2025,18.0,Quản trị kinh doanh
52803,DSG,quan-tri-kinh-doanh,D12,Điểm học bạ,2025,18.0,Quản trị kinh doanh
52804,DSG,quan-tri-kinh-doanh,D13,Điểm học bạ,2025,18.0,Quản trị kinh doanh
52805,DSG,quan-tri-kinh-doanh,D14,Điểm học bạ,2025,18.0,Quản trị kinh doanh
52806,DSG,quan-tri-kinh-doanh,D15,Điểm học bạ,2025,18.0,Quản trị kinh doanh
52807,DSG,quan-tri-kinh-doanh,D17,Điểm học bạ,2025,18.0,Quản trị kinh doanh
52808,DSG,quan-tri-kinh-doanh,D18,Điểm học bạ,2025,18.0,Quản trị kinh doanh
52809,DSG,quan-tri-kinh-doanh,D19,Điểm học bạ,2025,18.0,Quản trị kinh doanh
52810,DSG,quan-tri-kinh-doanh,D20,Điểm học bạ,2025,18.0,Quản trị kinh doanh
52811,DSG,quan-tri-kinh-doanh,D22,Điểm học bạ,2025,18.0,Quản trị kinh doanh
52812,DSG,quan-tri-kinh-doanh,D23,Điểm học bạ,2025,18.0,Quản trị kinh doanh
52813,DSG,quan-tri-kinh-doanh,D24,Điểm học bạ,2025,18.0,Quản trị kinh doanh
52814,DSG,quan-tri-kinh-doanh,D25,Điểm học bạ,2025,18.0,Quản trị kinh doanh
52815,DSG,quan-tri-kinh-doanh,A00,Điểm thi THPT,2025,15.0,Quản trị kinh doanh
52816,DSG,quan-tri-kinh-doanh,A01,Điểm thi THPT,2025,15.0,Quản trị kinh doanh
52817,DSG,quan-tri-kinh-doanh,A02,Điểm thi THPT,2025,15.0,Quản trị kinh doanh
52818,DSG,quan-tri-kinh-doanh,A03,Điểm thi THPT,2025,15.0,Quản trị kinh doanh
52819,DSG,quan-tri-kinh-doanh,A04,Điểm thi THPT,2025,15.0,Quản trị kinh doanh
52820,DSG,quan-tri-kinh-doanh,A05,Điểm thi THPT,2025,15.0,Quản trị kinh doanh
52821,DSG,quan-tri-kinh-doanh,A06,Điểm thi THPT,2025,15.0,Quản trị kinh doanh
52822,DSG,quan-tri-kinh-doanh,A07,Điểm thi THPT,2025,15.0,Quản trị kinh doanh
52823,DSG,quan-tri-kinh-doanh,A08,Điểm thi THPT,2025,15.0,Quản trị kinh doanh
52824,DSG,quan-tri-kinh-doanh,B00,Điểm thi THPT,2025,15.0,Quản trị kinh doanh
52825,DSG,quan-tri-kinh-doanh,B01,Điểm thi THPT,2025,15.0,Quản trị kinh doanh
52826,DSG,quan-tri-kinh-doanh,B02,Điểm thi THPT,2025,15.0,Quản trị kinh doanh
52827,DSG,quan-tri-kinh-doanh,B03,Điểm thi THPT,2025,15.0,Quản trị kinh doanh
52828,DSG,quan-tri-kinh-doanh,B08,Điểm thi THPT,2025,15.0,Quản trị kinh doanh
52829,DSG,quan-tri-kinh-doanh,C00,Điểm thi THPT,2025,15.0,Quản trị kinh doanh
52830,DSG,quan-tri-kinh-doanh,C01,Điểm thi THPT,2025,15.0,Quản trị kinh doanh
52831,DSG,quan-tri-kinh-doanh,C02,Điểm thi THPT,2025,15.0,Quản trị kinh doanh
52832,DSG,quan-tri-kinh-doanh,C03,Điểm thi THPT,2025,15.0,Quản trị kinh doanh
52833,DSG,quan-tri-kinh-doanh,C04,Điểm thi THPT,2025,15.0,Quản trị kinh doanh
52834,DSG,quan-tri-kinh-doanh,C05,Điểm thi THPT,2025,15.0,Quản trị kinh doanh
52835,DSG,quan-tri-kinh-doanh,C06,Điểm thi THPT,2025,15.0,Quản trị kinh doanh
52836,DSG,quan-tri-kinh-doanh,C07,Điểm thi THPT,2025,15.0,Quản trị kinh doanh
52837,DSG,quan-tri-kinh-doanh,C08,Điểm thi THPT,2025,15.0,Quản trị kinh doanh
52838,DSG,quan-tri-kinh-doanh,C09,Điểm thi THPT,2025,15.0,Quản trị kinh doanh
52839,DSG,quan-tri-kinh-doanh,C10,Điểm thi THPT,2025,15.0,Quản trị kinh doanh
52840,DSG,quan-tri-kinh-doanh,C11,Điểm thi THPT,2025,15.0,Quản trị kinh doanh
52841,DSG,quan-tri-kinh-doanh,C12,Điểm thi THPT,2025,15.0,Quản trị kinh doanh
52842,DSG,quan-tri-kinh-doanh,C13,Điểm thi THPT,2025,15.0,Quản trị kinh doanh
52843,DSG,quan-tri-kinh-doanh,C14,Điểm thi THPT,2025,15.0,Quản trị kinh doanh
52844,DSG,quan-tri-kinh-doanh,C19,Điểm thi THPT,2025,15.0,Quản trị kinh doanh
52845,DSG,quan-tri-kinh-doanh,D01,Điểm thi THPT,2025,15.0,Quản trị kinh doanh
52846,DSG,quan-tri-kinh-doanh,D02,Điểm thi THPT,2025,15.0,Quản trị kinh doanh
52847,DSG,quan-tri-kinh-doanh,D03,Điểm thi THPT,2025,15.0,Quản trị kinh doanh
52848,DSG,quan-tri-kinh-doanh,D04,Điểm thi THPT,2025,15.0,Quản trị kinh doanh
52849,DSG,quan-tri-kinh-doanh,D06,Điểm thi THPT,2025,15.0,Quản trị kinh doanh
52850,DSG,quan-tri-kinh-doanh,D07,Điểm thi THPT,2025,15.0,Quản trị kinh doanh
52851,DSG,quan-tri-kinh-doanh,D09,Điểm thi THPT,2025,15.0,Quản trị kinh doanh
52852,DSG,quan-tri-kinh-doanh,D10,Điểm thi THPT,2025,15.0,Quản trị kinh doanh
52853,DSG,quan-tri-kinh-doanh,D11,Điểm thi THPT,2025,15.0,Quản trị kinh doanh
52854,DSG,quan-tri-kinh-doanh,D12,Điểm thi THPT,2025,15.0,Quản trị kinh doanh
52855,DSG,quan-tri-kinh-doanh,D13,Điểm thi THPT,2025,15.0,Quản trị kinh doanh
52856,DSG,quan-tri-kinh-doanh,D14,Điểm thi THPT,2025,15.0,Quản trị kinh doanh
52857,DSG,quan-tri-kinh-doanh,D15,Điểm thi THPT,2025,15.0,Quản trị kinh doanh
52858,DSG,quan-tri-kinh-doanh,D17,Điểm thi THPT,2025,15.0,Quản trị kinh doanh
52859,DSG,quan-tri-kinh-doanh,D18,Điểm thi THPT,2025,15.0,Quản trị kinh doanh
52860,DSG,quan-tri-kinh-doanh,D19,Điểm thi THPT,2025,15.0,Quản trị kinh doanh
52861,DSG,quan-tri-kinh-doanh,D20,Điểm thi THPT,2025,15.0,Quản trị kinh doanh
52862,DSG,quan-tri-kinh-doanh,D22,Điểm thi THPT,2025,15.0,Quản trị kinh doanh
52863,DSG,quan-tri-kinh-doanh,D23,Điểm thi THPT,2025,15.0,Quản trị kinh doanh
52864,DSG,quan-tri-kinh-doanh,D24,Điểm thi THPT,2025,15.0,Quản trị kinh doanh
52865,DSG,quan-tri-kinh-doanh,D25,Điểm thi THPT,2025,15.0,Quản trị kinh doanh
52866,DSG,tai-chinh-ngan-hang,A00,Điểm học bạ,2025,18.0,Tài chính - Ngân hàng
52867,DSG,tai-chinh-ngan-hang,A01,Điểm học bạ,2025,18.0,Tài chính - Ngân hàng
52868,DSG,tai-chinh-ngan-hang,A02,Điểm học bạ,2025,18.0,Tài chính - Ngân hàng
52869,DSG,tai-chinh-ngan-hang,A03,Điểm học bạ,2025,18.0,Tài chính - Ngân hàng
52870,DSG,tai-chinh-ngan-hang,A04,Điểm học bạ,2025,18.0,Tài chính - Ngân hàng
52871,DSG,tai-chinh-ngan-hang,A05,Điểm học bạ,2025,18.0,Tài chính - Ngân hàng
52872,DSG,tai-chinh-ngan-hang,A06,Điểm học bạ,2025,18.0,Tài chính - Ngân hàng
52873,DSG,tai-chinh-ngan-hang,A07,Điểm học bạ,2025,18.0,Tài chính - Ngân hàng
52874,DSG,tai-chinh-ngan-hang,A08,Điểm học bạ,2025,18.0,Tài chính - Ngân hàng
52875,DSG,tai-chinh-ngan-hang,B00,Điểm học bạ,2025,18.0,Tài chính - Ngân hàng
52876,DSG,tai-chinh-ngan-hang,B01,Điểm học bạ,2025,18.0,Tài chính - Ngân hàng
52877,DSG,tai-chinh-ngan-hang,B02,Điểm học bạ,2025,18.0,Tài chính - Ngân hàng
52878,DSG,tai-chinh-ngan-hang,B03,Điểm học bạ,2025,18.0,Tài chính - Ngân hàng
52879,DSG,tai-chinh-ngan-hang,B08,Điểm học bạ,2025,18.0,Tài chính - Ngân hàng
52880,DSG,tai-chinh-ngan-hang,C00,Điểm học bạ,2025,18.0,Tài chính - Ngân hàng
52881,DSG,tai-chinh-ngan-hang,C01,Điểm học bạ,2025,18.0,Tài chính - Ngân hàng
52882,DSG,tai-chinh-ngan-hang,C02,Điểm học bạ,2025,18.0,Tài chính - Ngân hàng
52883,DSG,tai-chinh-ngan-hang,C03,Điểm học bạ,2025,18.0,Tài chính - Ngân hàng
52884,DSG,tai-chinh-ngan-hang,C04,Điểm học bạ,2025,18.0,Tài chính - Ngân hàng
52885,DSG,tai-chinh-ngan-hang,C05,Điểm học bạ,2025,18.0,Tài chính - Ngân hàng
52886,DSG,tai-chinh-ngan-hang,C06,Điểm học bạ,2025,18.0,Tài chính - Ngân hàng
52887,DSG,tai-chinh-ngan-hang,C07,Điểm học bạ,2025,18.0,Tài chính - Ngân hàng
52888,DSG,tai-chinh-ngan-hang,C08,Điểm học bạ,2025,18.0,Tài chính - Ngân hàng
52889,DSG,tai-chinh-ngan-hang,C09,Điểm học bạ,2025,18.0,Tài chính - Ngân hàng
52890,DSG,tai-chinh-ngan-hang,C10,Điểm học bạ,2025,18.0,Tài chính - Ngân hàng
52891,DSG,tai-chinh-ngan-hang,C11,Điểm học bạ,2025,18.0,Tài chính - Ngân hàng
52892,DSG,tai-chinh-ngan-hang,C12,Điểm học bạ,2025,18.0,Tài chính - Ngân hàng
52893,DSG,tai-chinh-ngan-hang,C13,Điểm học bạ,2025,18.0,Tài chính - Ngân hàng
52894,DSG,tai-chinh-ngan-hang,C14,Điểm học bạ,2025,18.0,Tài chính - Ngân hàng
52895,DSG,tai-chinh-ngan-hang,C19,Điểm học bạ,2025,18.0,Tài chính - Ngân hàng
52896,DSG,tai-chinh-ngan-hang,D01,Điểm học bạ,2025,18.0,Tài chính - Ngân hàng
52897,DSG,tai-chinh-ngan-hang,D02,Điểm học bạ,2025,18.0,Tài chính - Ngân hàng
52898,DSG,tai-chinh-ngan-hang,D03,Điểm học bạ,2025,18.0,Tài chính - Ngân hàng
52899,DSG,tai-chinh-ngan-hang,D04,Điểm học bạ,2025,18.0,Tài chính - Ngân hàng
52900,DSG,tai-chinh-ngan-hang,D06,Điểm học bạ,2025,18.0,Tài chính - Ngân hàng
52901,DSG,tai-chinh-ngan-hang,D07,Điểm học bạ,2025,18.0,Tài chính - Ngân hàng
52902,DSG,tai-chinh-ngan-hang,D09,Điểm học bạ,2025,18.0,Tài chính - Ngân hàng
52903,DSG,tai-chinh-ngan-hang,D10,Điểm học bạ,2025,18.0,Tài chính - Ngân hàng
52904,DSG,tai-chinh-ngan-hang,D11,Điểm học bạ,2025,18.0,Tài chính - Ngân hàng
52905,DSG,tai-chinh-ngan-hang,D12,Điểm học bạ,2025,18.0,Tài chính - Ngân hàng
52906,DSG,tai-chinh-ngan-hang,D13,Điểm học bạ,2025,18.0,Tài chính - Ngân hàng
52907,DSG,tai-chinh-ngan-hang,D14,Điểm học bạ,2025,18.0,Tài chính - Ngân hàng
52908,DSG,tai-chinh-ngan-hang,D15,Điểm học bạ,2025,18.0,Tài chính - Ngân hàng
52909,DSG,tai-chinh-ngan-hang,D17,Điểm học bạ,2025,18.0,Tài chính - Ngân hàng
52910,DSG,tai-chinh-ngan-hang,D18,Điểm học bạ,2025,18.0,Tài chính - Ngân hàng
52911,DSG,tai-chinh-ngan-hang,D19,Điểm học bạ,2025,18.0,Tài chính - Ngân hàng
52912,DSG,tai-chinh-ngan-hang,D20,Điểm học bạ,2025,18.0,Tài chính - Ngân hàng
52913,DSG,tai-chinh-ngan-hang,D22,Điểm học bạ,2025,18.0,Tài chính - Ngân hàng
52914,DSG,tai-chinh-ngan-hang,D23,Điểm học bạ,2025,18.0,Tài chính - Ngân hàng
52915,DSG,tai-chinh-ngan-hang,D24,Điểm học bạ,2025,18.0,Tài chính - Ngân hàng
52916,DSG,tai-chinh-ngan-hang,D25,Điểm học bạ,2025,18.0,Tài chính - Ngân hàng
52917,DSG,tai-chinh-ngan-hang,A00,Điểm thi THPT,2025,15.0,Tài chính - Ngân hàng
52918,DSG,tai-chinh-ngan-hang,A01,Điểm thi THPT,2025,15.0,Tài chính - Ngân hàng
52919,DSG,tai-chinh-ngan-hang,A02,Điểm thi THPT,2025,15.0,Tài chính - Ngân hàng
52920,DSG,tai-chinh-ngan-hang,A03,Điểm thi THPT,2025,15.0,Tài chính - Ngân hàng
52921,DSG,tai-chinh-ngan-hang,A04,Điểm thi THPT,2025,15.0,Tài chính - Ngân hàng
52922,DSG,tai-chinh-ngan-hang,A05,Điểm thi THPT,2025,15.0,Tài chính - Ngân hàng
52923,DSG,tai-chinh-ngan-hang,A06,Điểm thi THPT,2025,15.0,Tài chính - Ngân hàng
52924,DSG,tai-chinh-ngan-hang,A07,Điểm thi THPT,2025,15.0,Tài chính - Ngân hàng
52925,DSG,tai-chinh-ngan-hang,A08,Điểm thi THPT,2025,15.0,Tài chính - Ngân hàng
52926,DSG,tai-chinh-ngan-hang,B00,Điểm thi THPT,2025,15.0,Tài chính - Ngân hàng
52927,DSG,tai-chinh-ngan-hang,B01,Điểm thi THPT,2025,15.0,Tài chính - Ngân hàng
52928,DSG,tai-chinh-ngan-hang,B02,Điểm thi THPT,2025,15.0,Tài chính - Ngân hàng
52929,DSG,tai-chinh-ngan-hang,B03,Điểm thi THPT,2025,15.0,Tài chính - Ngân hàng
52930,DSG,tai-chinh-ngan-hang,B08,Điểm thi THPT,2025,15.0,Tài chính - Ngân hàng
52931,DSG,tai-chinh-ngan-hang,C00,Điểm thi THPT,2025,15.0,Tài chính - Ngân hàng
52932,DSG,tai-chinh-ngan-hang,C01,Điểm thi THPT,2025,15.0,Tài chính - Ngân hàng
52933,DSG,tai-chinh-ngan-hang,C02,Điểm thi THPT,2025,15.0,Tài chính - Ngân hàng
52934,DSG,tai-chinh-ngan-hang,C03,Điểm thi THPT,2025,15.0,Tài chính - Ngân hàng
52935,DSG,tai-chinh-ngan-hang,C04,Điểm thi THPT,2025,15.0,Tài chính - Ngân hàng
52936,DSG,tai-chinh-ngan-hang,C05,Điểm thi THPT,2025,15.0,Tài chính - Ngân hàng
52937,DSG,tai-chinh-ngan-hang,C06,Điểm thi THPT,2025,15.0,Tài chính - Ngân hàng
52938,DSG,tai-chinh-ngan-hang,C07,Điểm thi THPT,2025,15.0,Tài chính - Ngân hàng
52939,DSG,tai-chinh-ngan-hang,C08,Điểm thi THPT,2025,15.0,Tài chính - Ngân hàng
52940,DSG,tai-chinh-ngan-hang,C09,Điểm thi THPT,2025,15.0,Tài chính - Ngân hàng
52941,DSG,tai-chinh-ngan-hang,C10,Điểm thi THPT,2025,15.0,Tài chính - Ngân hàng
52942,DSG,tai-chinh-ngan-hang,C11,Điểm thi THPT,2025,15.0,Tài chính - Ngân hàng
52943,DSG,tai-chinh-ngan-hang,C12,Điểm thi THPT,2025,15.0,Tài chính - Ngân hàng
52944,DSG,tai-chinh-ngan-hang,C13,Điểm thi THPT,2025,15.0,Tài chính - Ngân hàng
52945,DSG,tai-chinh-ngan-hang,C14,Điểm thi THPT,2025,15.0,Tài chính - Ngân hàng
52946,DSG,tai-chinh-ngan-hang,C19,Điểm thi THPT,2025,15.0,Tài chính - Ngân hàng
52947,DSG,tai-chinh-ngan-hang,D01,Điểm thi THPT,2025,15.0,Tài chính - Ngân hàng
52948,DSG,tai-chinh-ngan-hang,D02,Điểm thi THPT,2025,15.0,Tài chính - Ngân hàng
52949,DSG,tai-chinh-ngan-hang,D03,Điểm thi THPT,2025,15.0,Tài chính - Ngân hàng
52950,DSG,tai-chinh-ngan-hang,D04,Điểm thi THPT,2025,15.0,Tài chính - Ngân hàng
52951,DSG,tai-chinh-ngan-hang,D06,Điểm thi THPT,2025,15.0,Tài chính - Ngân hàng
52952,DSG,tai-chinh-ngan-hang,D07,Điểm thi THPT,2025,15.0,Tài chính - Ngân hàng
52953,DSG,tai-chinh-ngan-hang,D09,Điểm thi THPT,2025,15.0,Tài chính - Ngân hàng
52954,DSG,tai-chinh-ngan-hang,D10,Điểm thi THPT,2025,15.0,Tài chính - Ngân hàng
52955,DSG,tai-chinh-ngan-hang,D11,Điểm thi THPT,2025,15.0,Tài chính - Ngân hàng
52956,DSG,tai-chinh-ngan-hang,D12,Điểm thi THPT,2025,15.0,Tài chính - Ngân hàng
52957,DSG,tai-chinh-ngan-hang,D13,Điểm thi THPT,2025,15.0,Tài chính - Ngân hàng
52958,DSG,tai-chinh-ngan-hang,D14,Điểm thi THPT,2025,15.0,Tài chính - Ngân hàng
52959,DSG,tai-chinh-ngan-hang,D15,Điểm thi THPT,2025,15.0,Tài chính - Ngân hàng
52960,DSG,tai-chinh-ngan-hang,D17,Điểm thi THPT,2025,15.0,Tài chính - Ngân hàng
52961,DSG,tai-chinh-ngan-hang,D18,Điểm thi THPT,2025,15.0,Tài chính - Ngân hàng
52962,DSG,tai-chinh-ngan-hang,D19,Điểm thi THPT,2025,15.0,Tài chính - Ngân hàng
52963,DSG,tai-chinh-ngan-hang,D20,Điểm thi THPT,2025,15.0,Tài chính - Ngân hàng
52964,DSG,tai-chinh-ngan-hang,D22,Điểm thi THPT,2025,15.0,Tài chính - Ngân hàng
52965,DSG,tai-chinh-ngan-hang,D23,Điểm thi THPT,2025,15.0,Tài chính - Ngân hàng
52966,DSG,tai-chinh-ngan-hang,D24,Điểm thi THPT,2025,15.0,Tài chính - Ngân hàng
52967,DSG,tai-chinh-ngan-hang,D25,Điểm thi THPT,2025,15.0,Tài chính - Ngân hàng
52968,DSG,thiet-ke-cong-nghiep,A00,Điểm học bạ,2021,18.0,Thiết kế Công nghiệp
52969,DSG,thiet-ke-cong-nghiep,A01,Điểm học bạ,2021,18.0,Thiết kế Công nghiệp
52970,DSG,thiet-ke-cong-nghiep,D01,Điểm học bạ,2021,18.0,Thiết kế Công nghiệp
52971,DSG,thiet-ke-cong-nghiep,D02,Điểm học bạ,2021,18.0,Thiết kế Công nghiệp
52972,DSG,thiet-ke-cong-nghiep,D03,Điểm học bạ,2021,18.0,Thiết kế Công nghiệp
52973,DSG,thiet-ke-cong-nghiep,D04,Điểm học bạ,2021,18.0,Thiết kế Công nghiệp
52974,DSG,thiet-ke-cong-nghiep,D05,Điểm học bạ,2021,18.0,Thiết kế Công nghiệp
52975,DSG,thiet-ke-cong-nghiep,D06,Điểm học bạ,2021,18.0,Thiết kế Công nghiệp
52976,DSG,thiet-ke-cong-nghiep,D07,Điểm học bạ,2021,18.0,Thiết kế Công nghiệp
52977,DSG,thiet-ke-cong-nghiep,D21,Điểm học bạ,2021,18.0,Thiết kế Công nghiệp
52978,DSG,thiet-ke-cong-nghiep,D22,Điểm học bạ,2021,18.0,Thiết kế Công nghiệp
52979,DSG,thiet-ke-cong-nghiep,D23,Điểm học bạ,2021,18.0,Thiết kế Công nghiệp
52980,DSG,thiet-ke-cong-nghiep,D24,Điểm học bạ,2021,18.0,Thiết kế Công nghiệp
52981,DSG,thiet-ke-cong-nghiep,D25,Điểm học bạ,2021,18.0,Thiết kế Công nghiệp
52982,DSG,thiet-ke-cong-nghiep,D26,Điểm học bạ,2021,18.0,Thiết kế Công nghiệp
52983,DSG,thiet-ke-cong-nghiep,D27,Điểm học bạ,2021,18.0,Thiết kế Công nghiệp
52984,DSG,thiet-ke-cong-nghiep,D28,Điểm học bạ,2021,18.0,Thiết kế Công nghiệp
52985,DSG,thiet-ke-cong-nghiep,D29,Điểm học bạ,2021,18.0,Thiết kế Công nghiệp
52986,DSG,thiet-ke-cong-nghiep,D30,Điểm học bạ,2021,18.0,Thiết kế Công nghiệp
52987,DSG,thiet-ke-cong-nghiep,A01,Điểm thi THPT,2021,15.0,Thiết kế Công nghiệp
52988,DSG,thiet-ke-cong-nghiep,D01,Điểm thi THPT,2021,15.0,Thiết kế Công nghiệp
52989,DSG,thiet-ke-cong-nghiep,D02,Điểm thi THPT,2021,15.0,Thiết kế Công nghiệp
52990,DSG,thiet-ke-cong-nghiep,D03,Điểm thi THPT,2021,15.0,Thiết kế Công nghiệp
52991,DSG,thiet-ke-cong-nghiep,D04,Điểm thi THPT,2021,15.0,Thiết kế Công nghiệp
52992,DSG,thiet-ke-cong-nghiep,D05,Điểm thi THPT,2021,15.0,Thiết kế Công nghiệp
52993,DSG,thiet-ke-cong-nghiep,D06,Điểm thi THPT,2021,15.0,Thiết kế Công nghiệp
52994,DSG,thiet-ke-cong-nghiep,D26,Điểm thi THPT,2021,15.0,Thiết kế Công nghiệp
52995,DSG,thiet-ke-cong-nghiep,D27,Điểm thi THPT,2021,15.0,Thiết kế Công nghiệp
52996,DSG,thiet-ke-cong-nghiep,D28,Điểm thi THPT,2021,15.0,Thiết kế Công nghiệp
52997,DSG,thiet-ke-cong-nghiep,D29,Điểm thi THPT,2021,15.0,Thiết kế Công nghiệp
52998,DSG,thiet-ke-cong-nghiep,D30,Điểm thi THPT,2021,15.0,Thiết kế Công nghiệp
52999,DSG,thiet-ke-cong-nghiep,D72,Điểm thi THPT,2021,15.0,Thiết kế Công nghiệp
53000,DSG,thiet-ke-cong-nghiep,D73,Điểm thi THPT,2021,15.0,Thiết kế Công nghiệp
53001,DSG,thiet-ke-cong-nghiep,D74,Điểm thi THPT,2021,15.0,Thiết kế Công nghiệp
53002,DSG,thiet-ke-cong-nghiep,D75,Điểm thi THPT,2021,15.0,Thiết kế Công nghiệp
53003,DSG,thiet-ke-cong-nghiep,D76,Điểm thi THPT,2021,15.0,Thiết kế Công nghiệp
53004,DSG,thiet-ke-cong-nghiep,D77,Điểm thi THPT,2021,15.0,Thiết kế Công nghiệp
53005,DSG,thiet-ke-cong-nghiep,D78,Điểm thi THPT,2021,15.0,Thiết kế Công nghiệp
53006,DSG,thiet-ke-cong-nghiep,D79,Điểm thi THPT,2021,15.0,Thiết kế Công nghiệp
53007,DSG,thiet-ke-cong-nghiep,D80,Điểm thi THPT,2021,15.0,Thiết kế Công nghiệp
53008,DSG,thiet-ke-cong-nghiep,D81,Điểm thi THPT,2021,15.0,Thiết kế Công nghiệp
53009,DSG,thiet-ke-cong-nghiep,D82,Điểm thi THPT,2021,15.0,Thiết kế Công nghiệp
53010,DSG,thiet-ke-cong-nghiep,D83,Điểm thi THPT,2021,15.0,Thiết kế Công nghiệp
53011,DSG,thiet-ke-cong-nghiep,A00,Điểm học bạ,2022,18.0,Thiết kế công nghiệp
53012,DSG,thiet-ke-cong-nghiep,A01,Điểm học bạ,2022,18.0,Thiết kế công nghiệp
53013,DSG,thiet-ke-cong-nghiep,D01,Điểm học bạ,2022,18.0,Thiết kế công nghiệp
53014,DSG,thiet-ke-cong-nghiep,D02,Điểm học bạ,2022,18.0,Thiết kế công nghiệp
53015,DSG,thiet-ke-cong-nghiep,D03,Điểm học bạ,2022,18.0,Thiết kế công nghiệp
53016,DSG,thiet-ke-cong-nghiep,D04,Điểm học bạ,2022,18.0,Thiết kế công nghiệp
53017,DSG,thiet-ke-cong-nghiep,D05,Điểm học bạ,2022,18.0,Thiết kế công nghiệp
53018,DSG,thiet-ke-cong-nghiep,D06,Điểm học bạ,2022,18.0,Thiết kế công nghiệp
53019,DSG,thiet-ke-cong-nghiep,D11,Điểm học bạ,2022,18.0,Thiết kế công nghiệp
53020,DSG,thiet-ke-cong-nghiep,D26,Điểm học bạ,2022,18.0,Thiết kế công nghiệp
53021,DSG,thiet-ke-cong-nghiep,D27,Điểm học bạ,2022,18.0,Thiết kế công nghiệp
53022,DSG,thiet-ke-cong-nghiep,D28,Điểm học bạ,2022,18.0,Thiết kế công nghiệp
53023,DSG,thiet-ke-cong-nghiep,D29,Điểm học bạ,2022,18.0,Thiết kế công nghiệp
53024,DSG,thiet-ke-cong-nghiep,D30,Điểm học bạ,2022,18.0,Thiết kế công nghiệp
53025,DSG,thiet-ke-cong-nghiep,D51,Điểm học bạ,2022,18.0,Thiết kế công nghiệp
53026,DSG,thiet-ke-cong-nghiep,D52,Điểm học bạ,2022,18.0,Thiết kế công nghiệp
53027,DSG,thiet-ke-cong-nghiep,D53,Điểm học bạ,2022,18.0,Thiết kế công nghiệp
53028,DSG,thiet-ke-cong-nghiep,D54,Điểm học bạ,2022,18.0,Thiết kế công nghiệp
53029,DSG,thiet-ke-cong-nghiep,D55,Điểm học bạ,2022,18.0,Thiết kế công nghiệp
53030,DSG,thiet-ke-cong-nghiep,A00,Điểm thi THPT,2022,15.0,Thiết kế công nghiệp
53031,DSG,thiet-ke-cong-nghiep,A01,Điểm thi THPT,2022,15.0,Thiết kế công nghiệp
53032,DSG,thiet-ke-cong-nghiep,D01,Điểm thi THPT,2022,15.0,Thiết kế công nghiệp
53033,DSG,thiet-ke-cong-nghiep,D02,Điểm thi THPT,2022,15.0,Thiết kế công nghiệp
53034,DSG,thiet-ke-cong-nghiep,D03,Điểm thi THPT,2022,15.0,Thiết kế công nghiệp
53035,DSG,thiet-ke-cong-nghiep,D04,Điểm thi THPT,2022,15.0,Thiết kế công nghiệp
53036,DSG,thiet-ke-cong-nghiep,D05,Điểm thi THPT,2022,15.0,Thiết kế công nghiệp
53037,DSG,thiet-ke-cong-nghiep,D06,Điểm thi THPT,2022,15.0,Thiết kế công nghiệp
53038,DSG,thiet-ke-cong-nghiep,D11,Điểm thi THPT,2022,15.0,Thiết kế công nghiệp
53039,DSG,thiet-ke-cong-nghiep,D26,Điểm thi THPT,2022,15.0,Thiết kế công nghiệp
53040,DSG,thiet-ke-cong-nghiep,D27,Điểm thi THPT,2022,15.0,Thiết kế công nghiệp
53041,DSG,thiet-ke-cong-nghiep,D28,Điểm thi THPT,2022,15.0,Thiết kế công nghiệp
53042,DSG,thiet-ke-cong-nghiep,D29,Điểm thi THPT,2022,15.0,Thiết kế công nghiệp
53043,DSG,thiet-ke-cong-nghiep,D30,Điểm thi THPT,2022,15.0,Thiết kế công nghiệp
53044,DSG,thiet-ke-cong-nghiep,D51,Điểm thi THPT,2022,15.0,Thiết kế công nghiệp
53045,DSG,thiet-ke-cong-nghiep,D52,Điểm thi THPT,2022,15.0,Thiết kế công nghiệp
53046,DSG,thiet-ke-cong-nghiep,D53,Điểm thi THPT,2022,15.0,Thiết kế công nghiệp
53047,DSG,thiet-ke-cong-nghiep,D54,Điểm thi THPT,2022,15.0,Thiết kế công nghiệp
53048,DSG,thiet-ke-cong-nghiep,D55,Điểm thi THPT,2022,15.0,Thiết kế công nghiệp
53049,DSG,thiet-ke-cong-nghiep,A00,Điểm học bạ,2023,18.0,Thiết kế công nghiệp
53050,DSG,thiet-ke-cong-nghiep,A01,Điểm học bạ,2023,18.0,Thiết kế công nghiệp
53051,DSG,thiet-ke-cong-nghiep,D01,Điểm học bạ,2023,18.0,Thiết kế công nghiệp
53052,DSG,thiet-ke-cong-nghiep,D11,Điểm học bạ,2023,18.0,Thiết kế công nghiệp
53053,DSG,thiet-ke-cong-nghiep,A01,Điểm thi THPT,2023,15.0,Thiết kế công nghiệp
53054,DSG,thiet-ke-cong-nghiep,D01,Điểm thi THPT,2023,15.0,Thiết kế công nghiệp
53055,DSG,thiet-ke-cong-nghiep,D72,Điểm thi THPT,2023,15.0,Thiết kế công nghiệp
53056,DSG,thiet-ke-cong-nghiep,D78,Điểm thi THPT,2023,15.0,Thiết kế công nghiệp
53057,DSG,thiet-ke-cong-nghiep,A01,Điểm thi THPT,2024,15.0,Thiết kế công nghiệp
53058,DSG,thiet-ke-cong-nghiep,D01,Điểm thi THPT,2024,15.0,Thiết kế công nghiệp
53059,DSG,thiet-ke-cong-nghiep,D02,Điểm thi THPT,2024,15.0,Thiết kế công nghiệp
53060,DSG,thiet-ke-cong-nghiep,D03,Điểm thi THPT,2024,15.0,Thiết kế công nghiệp
53061,DSG,thiet-ke-cong-nghiep,D04,Điểm thi THPT,2024,15.0,Thiết kế công nghiệp
53062,DSG,thiet-ke-cong-nghiep,D05,Điểm thi THPT,2024,15.0,Thiết kế công nghiệp
53063,DSG,thiet-ke-cong-nghiep,D06,Điểm thi THPT,2024,15.0,Thiết kế công nghiệp
53064,DSG,thiet-ke-cong-nghiep,D26,Điểm thi THPT,2024,15.0,Thiết kế công nghiệp
53065,DSG,thiet-ke-cong-nghiep,D27,Điểm thi THPT,2024,15.0,Thiết kế công nghiệp
53066,DSG,thiet-ke-cong-nghiep,D28,Điểm thi THPT,2024,15.0,Thiết kế công nghiệp
53067,DSG,thiet-ke-cong-nghiep,D29,Điểm thi THPT,2024,15.0,Thiết kế công nghiệp
53068,DSG,thiet-ke-cong-nghiep,D30,Điểm thi THPT,2024,15.0,Thiết kế công nghiệp
53069,DSG,thiet-ke-cong-nghiep,D72,Điểm thi THPT,2024,15.0,Thiết kế công nghiệp
53070,DSG,thiet-ke-cong-nghiep,D73,Điểm thi THPT,2024,15.0,Thiết kế công nghiệp
53071,DSG,thiet-ke-cong-nghiep,D74,Điểm thi THPT,2024,15.0,Thiết kế công nghiệp
53072,DSG,thiet-ke-cong-nghiep,D75,Điểm thi THPT,2024,15.0,Thiết kế công nghiệp
53073,DSG,thiet-ke-cong-nghiep,D76,Điểm thi THPT,2024,15.0,Thiết kế công nghiệp
53074,DSG,thiet-ke-cong-nghiep,D77,Điểm thi THPT,2024,15.0,Thiết kế công nghiệp
53075,DSG,thiet-ke-cong-nghiep,D78,Điểm thi THPT,2024,15.0,Thiết kế công nghiệp
53076,DSG,thiet-ke-cong-nghiep,D79,Điểm thi THPT,2024,15.0,Thiết kế công nghiệp
53077,DSG,thiet-ke-cong-nghiep,D80,Điểm thi THPT,2024,15.0,Thiết kế công nghiệp
53078,DSG,thiet-ke-cong-nghiep,D81,Điểm thi THPT,2024,15.0,Thiết kế công nghiệp
53079,DSG,thiet-ke-cong-nghiep,D82,Điểm thi THPT,2024,15.0,Thiết kế công nghiệp
53080,DSG,thiet-ke-cong-nghiep,D83,Điểm thi THPT,2024,15.0,Thiết kế công nghiệp
53081,DSG,thiet-ke-cong-nghiep,A00,Điểm học bạ,2025,18.0,Thiết kế công nghiệp
53082,DSG,thiet-ke-cong-nghiep,A01,Điểm học bạ,2025,18.0,Thiết kế công nghiệp
53083,DSG,thiet-ke-cong-nghiep,A02,Điểm học bạ,2025,18.0,Thiết kế công nghiệp
53084,DSG,thiet-ke-cong-nghiep,A03,Điểm học bạ,2025,18.0,Thiết kế công nghiệp
53085,DSG,thiet-ke-cong-nghiep,A04,Điểm học bạ,2025,18.0,Thiết kế công nghiệp
53086,DSG,thiet-ke-cong-nghiep,A05,Điểm học bạ,2025,18.0,Thiết kế công nghiệp
53087,DSG,thiet-ke-cong-nghiep,A06,Điểm học bạ,2025,18.0,Thiết kế công nghiệp
53088,DSG,thiet-ke-cong-nghiep,A07,Điểm học bạ,2025,18.0,Thiết kế công nghiệp
53089,DSG,thiet-ke-cong-nghiep,A08,Điểm học bạ,2025,18.0,Thiết kế công nghiệp
53090,DSG,thiet-ke-cong-nghiep,B00,Điểm học bạ,2025,18.0,Thiết kế công nghiệp
53091,DSG,thiet-ke-cong-nghiep,B01,Điểm học bạ,2025,18.0,Thiết kế công nghiệp
53092,DSG,thiet-ke-cong-nghiep,B02,Điểm học bạ,2025,18.0,Thiết kế công nghiệp
53093,DSG,thiet-ke-cong-nghiep,B03,Điểm học bạ,2025,18.0,Thiết kế công nghiệp
53094,DSG,thiet-ke-cong-nghiep,B08,Điểm học bạ,2025,18.0,Thiết kế công nghiệp
53095,DSG,thiet-ke-cong-nghiep,C00,Điểm học bạ,2025,18.0,Thiết kế công nghiệp
53096,DSG,thiet-ke-cong-nghiep,C01,Điểm học bạ,2025,18.0,Thiết kế công nghiệp
53097,DSG,thiet-ke-cong-nghiep,C02,Điểm học bạ,2025,18.0,Thiết kế công nghiệp
53098,DSG,thiet-ke-cong-nghiep,C03,Điểm học bạ,2025,18.0,Thiết kế công nghiệp
53099,DSG,thiet-ke-cong-nghiep,C04,Điểm học bạ,2025,18.0,Thiết kế công nghiệp
53100,DSG,thiet-ke-cong-nghiep,C05,Điểm học bạ,2025,18.0,Thiết kế công nghiệp
53101,DSG,thiet-ke-cong-nghiep,C06,Điểm học bạ,2025,18.0,Thiết kế công nghiệp
53102,DSG,thiet-ke-cong-nghiep,C07,Điểm học bạ,2025,18.0,Thiết kế công nghiệp
53103,DSG,thiet-ke-cong-nghiep,C08,Điểm học bạ,2025,18.0,Thiết kế công nghiệp
53104,DSG,thiet-ke-cong-nghiep,C09,Điểm học bạ,2025,18.0,Thiết kế công nghiệp
53105,DSG,thiet-ke-cong-nghiep,C10,Điểm học bạ,2025,18.0,Thiết kế công nghiệp
53106,DSG,thiet-ke-cong-nghiep,C11,Điểm học bạ,2025,18.0,Thiết kế công nghiệp
53107,DSG,thiet-ke-cong-nghiep,C12,Điểm học bạ,2025,18.0,Thiết kế công nghiệp
53108,DSG,thiet-ke-cong-nghiep,C13,Điểm học bạ,2025,18.0,Thiết kế công nghiệp
53109,DSG,thiet-ke-cong-nghiep,C14,Điểm học bạ,2025,18.0,Thiết kế công nghiệp
53110,DSG,thiet-ke-cong-nghiep,C19,Điểm học bạ,2025,18.0,Thiết kế công nghiệp
53111,DSG,thiet-ke-cong-nghiep,D01,Điểm học bạ,2025,18.0,Thiết kế công nghiệp
53112,DSG,thiet-ke-cong-nghiep,D02,Điểm học bạ,2025,18.0,Thiết kế công nghiệp
53113,DSG,thiet-ke-cong-nghiep,D03,Điểm học bạ,2025,18.0,Thiết kế công nghiệp
53114,DSG,thiet-ke-cong-nghiep,D04,Điểm học bạ,2025,18.0,Thiết kế công nghiệp
53115,DSG,thiet-ke-cong-nghiep,D06,Điểm học bạ,2025,18.0,Thiết kế công nghiệp
53116,DSG,thiet-ke-cong-nghiep,D07,Điểm học bạ,2025,18.0,Thiết kế công nghiệp
53117,DSG,thiet-ke-cong-nghiep,D09,Điểm học bạ,2025,18.0,Thiết kế công nghiệp
53118,DSG,thiet-ke-cong-nghiep,D10,Điểm học bạ,2025,18.0,Thiết kế công nghiệp
53119,DSG,thiet-ke-cong-nghiep,D11,Điểm học bạ,2025,18.0,Thiết kế công nghiệp
53120,DSG,thiet-ke-cong-nghiep,D12,Điểm học bạ,2025,18.0,Thiết kế công nghiệp
53121,DSG,thiet-ke-cong-nghiep,D13,Điểm học bạ,2025,18.0,Thiết kế công nghiệp
53122,DSG,thiet-ke-cong-nghiep,D14,Điểm học bạ,2025,18.0,Thiết kế công nghiệp
53123,DSG,thiet-ke-cong-nghiep,D15,Điểm học bạ,2025,18.0,Thiết kế công nghiệp
53124,DSG,thiet-ke-cong-nghiep,D17,Điểm học bạ,2025,18.0,Thiết kế công nghiệp
53125,DSG,thiet-ke-cong-nghiep,D18,Điểm học bạ,2025,18.0,Thiết kế công nghiệp
53126,DSG,thiet-ke-cong-nghiep,D19,Điểm học bạ,2025,18.0,Thiết kế công nghiệp
53127,DSG,thiet-ke-cong-nghiep,D20,Điểm học bạ,2025,18.0,Thiết kế công nghiệp
53128,DSG,thiet-ke-cong-nghiep,D22,Điểm học bạ,2025,18.0,Thiết kế công nghiệp
53129,DSG,thiet-ke-cong-nghiep,D23,Điểm học bạ,2025,18.0,Thiết kế công nghiệp
53130,DSG,thiet-ke-cong-nghiep,D24,Điểm học bạ,2025,18.0,Thiết kế công nghiệp
53131,DSG,thiet-ke-cong-nghiep,D25,Điểm học bạ,2025,18.0,Thiết kế công nghiệp
53132,DSG,thiet-ke-cong-nghiep,A00,Điểm thi THPT,2025,15.0,Thiết kế công nghiệp
53133,DSG,thiet-ke-cong-nghiep,A01,Điểm thi THPT,2025,15.0,Thiết kế công nghiệp
53134,DSG,thiet-ke-cong-nghiep,A02,Điểm thi THPT,2025,15.0,Thiết kế công nghiệp
53135,DSG,thiet-ke-cong-nghiep,A03,Điểm thi THPT,2025,15.0,Thiết kế công nghiệp
53136,DSG,thiet-ke-cong-nghiep,A04,Điểm thi THPT,2025,15.0,Thiết kế công nghiệp
53137,DSG,thiet-ke-cong-nghiep,A05,Điểm thi THPT,2025,15.0,Thiết kế công nghiệp
53138,DSG,thiet-ke-cong-nghiep,A06,Điểm thi THPT,2025,15.0,Thiết kế công nghiệp
53139,DSG,thiet-ke-cong-nghiep,A07,Điểm thi THPT,2025,15.0,Thiết kế công nghiệp
53140,DSG,thiet-ke-cong-nghiep,A08,Điểm thi THPT,2025,15.0,Thiết kế công nghiệp
53141,DSG,thiet-ke-cong-nghiep,B00,Điểm thi THPT,2025,15.0,Thiết kế công nghiệp
53142,DSG,thiet-ke-cong-nghiep,B01,Điểm thi THPT,2025,15.0,Thiết kế công nghiệp
53143,DSG,thiet-ke-cong-nghiep,B02,Điểm thi THPT,2025,15.0,Thiết kế công nghiệp
53144,DSG,thiet-ke-cong-nghiep,B03,Điểm thi THPT,2025,15.0,Thiết kế công nghiệp
53145,DSG,thiet-ke-cong-nghiep,B08,Điểm thi THPT,2025,15.0,Thiết kế công nghiệp
53146,DSG,thiet-ke-cong-nghiep,C00,Điểm thi THPT,2025,15.0,Thiết kế công nghiệp
53147,DSG,thiet-ke-cong-nghiep,C01,Điểm thi THPT,2025,15.0,Thiết kế công nghiệp
53148,DSG,thiet-ke-cong-nghiep,C02,Điểm thi THPT,2025,15.0,Thiết kế công nghiệp
53149,DSG,thiet-ke-cong-nghiep,C03,Điểm thi THPT,2025,15.0,Thiết kế công nghiệp
53150,DSG,thiet-ke-cong-nghiep,C04,Điểm thi THPT,2025,15.0,Thiết kế công nghiệp
53151,DSG,thiet-ke-cong-nghiep,C05,Điểm thi THPT,2025,15.0,Thiết kế công nghiệp
53152,DSG,thiet-ke-cong-nghiep,C06,Điểm thi THPT,2025,15.0,Thiết kế công nghiệp
53153,DSG,thiet-ke-cong-nghiep,C07,Điểm thi THPT,2025,15.0,Thiết kế công nghiệp
53154,DSG,thiet-ke-cong-nghiep,C08,Điểm thi THPT,2025,15.0,Thiết kế công nghiệp
53155,DSG,thiet-ke-cong-nghiep,C09,Điểm thi THPT,2025,15.0,Thiết kế công nghiệp
53156,DSG,thiet-ke-cong-nghiep,C10,Điểm thi THPT,2025,15.0,Thiết kế công nghiệp
53157,DSG,thiet-ke-cong-nghiep,C11,Điểm thi THPT,2025,15.0,Thiết kế công nghiệp
53158,DSG,thiet-ke-cong-nghiep,C12,Điểm thi THPT,2025,15.0,Thiết kế công nghiệp
53159,DSG,thiet-ke-cong-nghiep,C13,Điểm thi THPT,2025,15.0,Thiết kế công nghiệp
53160,DSG,thiet-ke-cong-nghiep,C14,Điểm thi THPT,2025,15.0,Thiết kế công nghiệp
53161,DSG,thiet-ke-cong-nghiep,C19,Điểm thi THPT,2025,15.0,Thiết kế công nghiệp
53162,DSG,thiet-ke-cong-nghiep,D01,Điểm thi THPT,2025,15.0,Thiết kế công nghiệp
53163,DSG,thiet-ke-cong-nghiep,D02,Điểm thi THPT,2025,15.0,Thiết kế công nghiệp
53164,DSG,thiet-ke-cong-nghiep,D03,Điểm thi THPT,2025,15.0,Thiết kế công nghiệp
53165,DSG,thiet-ke-cong-nghiep,D04,Điểm thi THPT,2025,15.0,Thiết kế công nghiệp
53166,DSG,thiet-ke-cong-nghiep,D06,Điểm thi THPT,2025,15.0,Thiết kế công nghiệp
53167,DSG,thiet-ke-cong-nghiep,D07,Điểm thi THPT,2025,15.0,Thiết kế công nghiệp
53168,DSG,thiet-ke-cong-nghiep,D09,Điểm thi THPT,2025,15.0,Thiết kế công nghiệp
53169,DSG,thiet-ke-cong-nghiep,D10,Điểm thi THPT,2025,15.0,Thiết kế công nghiệp
53170,DSG,thiet-ke-cong-nghiep,D11,Điểm thi THPT,2025,15.0,Thiết kế công nghiệp
53171,DSG,thiet-ke-cong-nghiep,D12,Điểm thi THPT,2025,15.0,Thiết kế công nghiệp
53172,DSG,thiet-ke-cong-nghiep,D13,Điểm thi THPT,2025,15.0,Thiết kế công nghiệp
53173,DSG,thiet-ke-cong-nghiep,D14,Điểm thi THPT,2025,15.0,Thiết kế công nghiệp
53174,DSG,thiet-ke-cong-nghiep,D15,Điểm thi THPT,2025,15.0,Thiết kế công nghiệp
53175,DSG,thiet-ke-cong-nghiep,D17,Điểm thi THPT,2025,15.0,Thiết kế công nghiệp
53176,DSG,thiet-ke-cong-nghiep,D18,Điểm thi THPT,2025,15.0,Thiết kế công nghiệp
53177,DSG,thiet-ke-cong-nghiep,D19,Điểm thi THPT,2025,15.0,Thiết kế công nghiệp
53178,DSG,thiet-ke-cong-nghiep,D20,Điểm thi THPT,2025,15.0,Thiết kế công nghiệp
53179,DSG,thiet-ke-cong-nghiep,D22,Điểm thi THPT,2025,15.0,Thiết kế công nghiệp
53180,DSG,thiet-ke-cong-nghiep,D23,Điểm thi THPT,2025,15.0,Thiết kế công nghiệp
53181,DSG,thiet-ke-cong-nghiep,D24,Điểm thi THPT,2025,15.0,Thiết kế công nghiệp
53182,DSG,thiet-ke-cong-nghiep,D25,Điểm thi THPT,2025,15.0,Thiết kế công nghiệp
53183,DSK,co-khi-che-tao,A00,Điểm thi THPT,2021,21.4,Công nghệ kỹ thuật cơ khí (Chuyên ngành Cơ khí chế tạo)
53184,DSK,co-khi-che-tao,A01,Điểm thi THPT,2021,21.4,Công nghệ kỹ thuật cơ khí (Chuyên ngành Cơ khí chế tạo)
53185,DSK,co-khi-che-tao,C01,Điểm thi THPT,2021,21.4,Công nghệ kỹ thuật cơ khí (Chuyên ngành Cơ khí chế tạo)
53186,DSK,co-khi-che-tao,D01,Điểm thi THPT,2021,21.4,Công nghệ kỹ thuật cơ khí (Chuyên ngành Cơ khí chế tạo)
53187,DSK,co-khi-che-tao,A00,Điểm thi THPT,2022,20.75,Công nghệ kỹ thuật cơ khí (chuyên ngành Cơ khí chế tạo)
53188,DSK,co-khi-che-tao,A01,Điểm thi THPT,2022,20.75,Công nghệ kỹ thuật cơ khí (chuyên ngành Cơ khí chế tạo)
53189,DSK,co-khi-che-tao,C01,Điểm thi THPT,2022,20.75,Công nghệ kỹ thuật cơ khí (chuyên ngành Cơ khí chế tạo)
53190,DSK,co-khi-che-tao,D01,Điểm thi THPT,2022,20.75,Công nghệ kỹ thuật cơ khí (chuyên ngành Cơ khí chế tạo)
53191,DSK,co-khi-che-tao,A00,Điểm học bạ,2023,25.02,Công nghệ kỹ thuật cơ khí (chuyên ngành Cơ khí chế tạo)
53192,DSK,co-khi-che-tao,A01,Điểm học bạ,2023,25.02,Công nghệ kỹ thuật cơ khí (chuyên ngành Cơ khí chế tạo)
53193,DSK,co-khi-che-tao,C01,Điểm học bạ,2023,25.02,Công nghệ kỹ thuật cơ khí (chuyên ngành Cơ khí chế tạo)
53194,DSK,co-khi-che-tao,D01,Điểm học bạ,2023,25.02,Công nghệ kỹ thuật cơ khí (chuyên ngành Cơ khí chế tạo)
53195,DSK,co-khi-che-tao,A00,Điểm thi THPT,2023,19.7,Công nghệ kỹ thuật cơ khí (chuyên ngành Cơ khí chế tạo)
53196,DSK,co-khi-che-tao,A01,Điểm thi THPT,2023,19.7,Công nghệ kỹ thuật cơ khí (chuyên ngành Cơ khí chế tạo)
53197,DSK,co-khi-che-tao,C01,Điểm thi THPT,2023,19.7,Công nghệ kỹ thuật cơ khí (chuyên ngành Cơ khí chế tạo)
53198,DSK,co-khi-che-tao,D01,Điểm thi THPT,2023,19.7,Công nghệ kỹ thuật cơ khí (chuyên ngành Cơ khí chế tạo)
53199,DSK,co-khi-che-tao,A00,Điểm học bạ,2024,25.14,Công nghệ kỹ thuật cơ khí (chuyên ngành Cơ khí chế tạo)
53200,DSK,co-khi-che-tao,A01,Điểm học bạ,2024,25.14,Công nghệ kỹ thuật cơ khí (chuyên ngành Cơ khí chế tạo)
53201,DSK,co-khi-che-tao,C01,Điểm học bạ,2024,25.14,Công nghệ kỹ thuật cơ khí (chuyên ngành Cơ khí chế tạo)
53202,DSK,co-khi-che-tao,D01,Điểm học bạ,2024,25.14,Công nghệ kỹ thuật cơ khí (chuyên ngành Cơ khí chế tạo)
53203,DSK,co-khi-che-tao,A00,Điểm thi THPT,2024,21.6,Công nghệ kỹ thuật cơ khí (chuyên ngành Cơ khí chế tạo)
53204,DSK,co-khi-che-tao,A01,Điểm thi THPT,2024,21.6,Công nghệ kỹ thuật cơ khí (chuyên ngành Cơ khí chế tạo)
53205,DSK,co-khi-che-tao,C01,Điểm thi THPT,2024,21.6,Công nghệ kỹ thuật cơ khí (chuyên ngành Cơ khí chế tạo)
53206,DSK,co-khi-che-tao,D01,Điểm thi THPT,2024,21.6,Công nghệ kỹ thuật cơ khí (chuyên ngành Cơ khí chế tạo)
53207,DSK,co-khi-che-tao,A00,Điểm học bạ,2025,25.14,Công nghệ kỹ thuật cơ khí (chuyên ngành Cơ khí chế tạo)
53208,DSK,co-khi-che-tao,A01,Điểm học bạ,2025,25.14,Công nghệ kỹ thuật cơ khí (chuyên ngành Cơ khí chế tạo)
53209,DSK,co-khi-che-tao,C01,Điểm học bạ,2025,25.14,Công nghệ kỹ thuật cơ khí (chuyên ngành Cơ khí chế tạo)
53210,DSK,co-khi-che-tao,X06,Điểm học bạ,2025,25.14,Công nghệ kỹ thuật cơ khí (chuyên ngành Cơ khí chế tạo)
53211,DSK,co-khi-che-tao,X07,Điểm học bạ,2025,25.14,Công nghệ kỹ thuật cơ khí (chuyên ngành Cơ khí chế tạo)
53212,DSK,co-khi-che-tao,X27,Điểm học bạ,2025,25.14,Công nghệ kỹ thuật cơ khí (chuyên ngành Cơ khí chế tạo)
53213,DSK,co-khi-che-tao,A00,Điểm thi THPT,2025,21.1,Công nghệ kỹ thuật cơ khí (chuyên ngành Cơ khí chế tạo)
53214,DSK,co-khi-che-tao,A01,Điểm thi THPT,2025,21.1,Công nghệ kỹ thuật cơ khí (chuyên ngành Cơ khí chế tạo)
53215,DSK,co-khi-che-tao,C01,Điểm thi THPT,2025,21.1,Công nghệ kỹ thuật cơ khí (chuyên ngành Cơ khí chế tạo)
53216,DSK,co-khi-che-tao,D01,Điểm thi THPT,2025,21.1,Công nghệ kỹ thuật cơ khí (chuyên ngành Cơ khí chế tạo)
53217,DSK,co-khi-che-tao,X06,Điểm thi THPT,2025,21.1,Công nghệ kỹ thuật cơ khí (chuyên ngành Cơ khí chế tạo)
53218,DSK,co-khi-che-tao,X07,Điểm thi THPT,2025,21.1,Công nghệ kỹ thuật cơ khí (chuyên ngành Cơ khí chế tạo)
53219,DSK,cong-nghe-ky-thuat-co-dien-tu,A00,Điểm thi THPT,2021,21.85,Công nghệ kỹ thuật cơ điện tử
53220,DSK,cong-nghe-ky-thuat-co-dien-tu,A01,Điểm thi THPT,2021,21.85,Công nghệ kỹ thuật cơ điện tử
53221,DSK,cong-nghe-ky-thuat-co-dien-tu,C01,Điểm thi THPT,2021,21.85,Công nghệ kỹ thuật cơ điện tử
53222,DSK,cong-nghe-ky-thuat-co-dien-tu,D01,Điểm thi THPT,2021,21.85,Công nghệ kỹ thuật cơ điện tử
53223,DSK,cong-nghe-ky-thuat-co-dien-tu,A00,Điểm thi THPT,2022,21.5,Công nghệ kỹ thuật cơ điện tử
53224,DSK,cong-nghe-ky-thuat-co-dien-tu,A01,Điểm thi THPT,2022,21.5,Công nghệ kỹ thuật cơ điện tử
53225,DSK,cong-nghe-ky-thuat-co-dien-tu,C01,Điểm thi THPT,2022,21.5,Công nghệ kỹ thuật cơ điện tử
53226,DSK,cong-nghe-ky-thuat-co-dien-tu,D01,Điểm thi THPT,2022,21.5,Công nghệ kỹ thuật cơ điện tử
53227,DSK,cong-nghe-ky-thuat-co-dien-tu,A00,Điểm học bạ,2023,25.2,Công nghệ kỹ thuật cơ điện tử
53228,DSK,cong-nghe-ky-thuat-co-dien-tu,A01,Điểm học bạ,2023,25.2,Công nghệ kỹ thuật cơ điện tử
53229,DSK,cong-nghe-ky-thuat-co-dien-tu,C01,Điểm học bạ,2023,25.2,Công nghệ kỹ thuật cơ điện tử
53230,DSK,cong-nghe-ky-thuat-co-dien-tu,D01,Điểm học bạ,2023,25.2,Công nghệ kỹ thuật cơ điện tử
53231,DSK,cong-nghe-ky-thuat-co-dien-tu,A00,Điểm thi THPT,2023,21.2,Công nghệ kỹ thuật cơ điện tử
53232,DSK,cong-nghe-ky-thuat-co-dien-tu,A01,Điểm thi THPT,2023,21.2,Công nghệ kỹ thuật cơ điện tử
53233,DSK,cong-nghe-ky-thuat-co-dien-tu,C01,Điểm thi THPT,2023,21.2,Công nghệ kỹ thuật cơ điện tử
53234,DSK,cong-nghe-ky-thuat-co-dien-tu,D01,Điểm thi THPT,2023,21.2,Công nghệ kỹ thuật cơ điện tử
53235,DSK,cong-nghe-ky-thuat-co-dien-tu,A00,Điểm học bạ,2024,25.93,Công nghệ kỹ thuật cơ điện tử
53236,DSK,cong-nghe-ky-thuat-co-dien-tu,A01,Điểm học bạ,2024,25.93,Công nghệ kỹ thuật cơ điện tử
53237,DSK,cong-nghe-ky-thuat-co-dien-tu,C01,Điểm học bạ,2024,25.93,Công nghệ kỹ thuật cơ điện tử
53238,DSK,cong-nghe-ky-thuat-co-dien-tu,D01,Điểm học bạ,2024,25.93,Công nghệ kỹ thuật cơ điện tử
53239,DSK,cong-nghe-ky-thuat-co-dien-tu,A00,Điểm thi THPT,2024,22.05,Công nghệ kỹ thuật cơ điện tử
53240,DSK,cong-nghe-ky-thuat-co-dien-tu,A01,Điểm thi THPT,2024,22.05,Công nghệ kỹ thuật cơ điện tử
53241,DSK,cong-nghe-ky-thuat-co-dien-tu,C01,Điểm thi THPT,2024,22.05,Công nghệ kỹ thuật cơ điện tử
53242,DSK,cong-nghe-ky-thuat-co-dien-tu,D01,Điểm thi THPT,2024,22.05,Công nghệ kỹ thuật cơ điện tử
53243,DSK,cong-nghe-ky-thuat-co-dien-tu,A00,Điểm học bạ,2025,25.27,Công nghệ kỹ thuật cơ điện tử
53244,DSK,cong-nghe-ky-thuat-co-dien-tu,A01,Điểm học bạ,2025,25.27,Công nghệ kỹ thuật cơ điện tử
53245,DSK,cong-nghe-ky-thuat-co-dien-tu,C01,Điểm học bạ,2025,25.27,Công nghệ kỹ thuật cơ điện tử
53246,DSK,cong-nghe-ky-thuat-co-dien-tu,X06,Điểm học bạ,2025,25.27,Công nghệ kỹ thuật cơ điện tử
53247,DSK,cong-nghe-ky-thuat-co-dien-tu,X07,Điểm học bạ,2025,25.27,Công nghệ kỹ thuật cơ điện tử
53248,DSK,cong-nghe-ky-thuat-co-dien-tu,X27,Điểm học bạ,2025,25.27,Công nghệ kỹ thuật cơ điện tử
53249,DSK,cong-nghe-ky-thuat-co-dien-tu,A00,Điểm thi THPT,2025,21.31,Công nghệ kỹ thuật cơ điện tử
53250,DSK,cong-nghe-ky-thuat-co-dien-tu,A01,Điểm thi THPT,2025,21.31,Công nghệ kỹ thuật cơ điện tử
53251,DSK,cong-nghe-ky-thuat-co-dien-tu,C01,Điểm thi THPT,2025,21.31,Công nghệ kỹ thuật cơ điện tử
53252,DSK,cong-nghe-ky-thuat-co-dien-tu,D01,Điểm thi THPT,2025,21.31,Công nghệ kỹ thuật cơ điện tử
53253,DSK,cong-nghe-ky-thuat-co-dien-tu,X06,Điểm thi THPT,2025,21.31,Công nghệ kỹ thuật cơ điện tử
53254,DSK,cong-nghe-ky-thuat-co-dien-tu,X07,Điểm thi THPT,2025,21.31,Công nghệ kỹ thuật cơ điện tử
53255,DSK,cong-nghe-ky-thuat-dien,A00,Điểm học bạ,2024,24.8,"Công nghệ kỹ thuật điện, điện tử (chuyên ngành Công nghệ kỹ thuật điện)"
53256,DSK,cong-nghe-ky-thuat-dien,A01,Điểm học bạ,2024,24.8,"Công nghệ kỹ thuật điện, điện tử (chuyên ngành Công nghệ kỹ thuật điện)"
53257,DSK,cong-nghe-ky-thuat-dien,C01,Điểm học bạ,2024,24.8,"Công nghệ kỹ thuật điện, điện tử (chuyên ngành Công nghệ kỹ thuật điện)"
53258,DSK,cong-nghe-ky-thuat-dien,D01,Điểm học bạ,2024,24.8,"Công nghệ kỹ thuật điện, điện tử (chuyên ngành Công nghệ kỹ thuật điện)"
53259,DSK,cong-nghe-ky-thuat-dien,A00,Điểm thi THPT,2024,20.9,"Công nghệ kỹ thuật điện, điện tử (chuyên ngành Công nghệ kỹ thuật điện)"
53260,DSK,cong-nghe-ky-thuat-dien,A01,Điểm thi THPT,2024,20.9,"Công nghệ kỹ thuật điện, điện tử (chuyên ngành Công nghệ kỹ thuật điện)"
53261,DSK,cong-nghe-ky-thuat-dien,C01,Điểm thi THPT,2024,20.9,"Công nghệ kỹ thuật điện, điện tử (chuyên ngành Công nghệ kỹ thuật điện)"
53262,DSK,cong-nghe-ky-thuat-dien,D01,Điểm thi THPT,2024,20.9,"Công nghệ kỹ thuật điện, điện tử (chuyên ngành Công nghệ kỹ thuật điện)"
53263,DSK,cong-nghe-ky-thuat-dien,A00,Điểm học bạ,2025,25.12,"Công nghệ kỹ thuật điện, điện tử (chuyên ngành Công nghệ kỹ thuật điện)"
53264,DSK,cong-nghe-ky-thuat-dien,A01,Điểm học bạ,2025,25.12,"Công nghệ kỹ thuật điện, điện tử (chuyên ngành Công nghệ kỹ thuật điện)"
53265,DSK,cong-nghe-ky-thuat-dien,C01,Điểm học bạ,2025,25.12,"Công nghệ kỹ thuật điện, điện tử (chuyên ngành Công nghệ kỹ thuật điện)"
53266,DSK,cong-nghe-ky-thuat-dien,D01,Điểm học bạ,2025,25.12,"Công nghệ kỹ thuật điện, điện tử (chuyên ngành Công nghệ kỹ thuật điện)"
53267,DSK,cong-nghe-ky-thuat-dien,X06,Điểm học bạ,2025,25.12,"Công nghệ kỹ thuật điện, điện tử (chuyên ngành Công nghệ kỹ thuật điện)"
53268,DSK,cong-nghe-ky-thuat-dien,X07,Điểm học bạ,2025,25.12,"Công nghệ kỹ thuật điện, điện tử (chuyên ngành Công nghệ kỹ thuật điện)"
53269,DSK,cong-nghe-ky-thuat-dien,A00,Điểm thi THPT,2025,21.07,"Công nghệ kỹ thuật điện, điện tử (chuyên ngành Công nghệ kỹ thuật điện)"
53270,DSK,cong-nghe-ky-thuat-dien,A01,Điểm thi THPT,2025,21.07,"Công nghệ kỹ thuật điện, điện tử (chuyên ngành Công nghệ kỹ thuật điện)"
53271,DSK,cong-nghe-ky-thuat-dien,C01,Điểm thi THPT,2025,21.07,"Công nghệ kỹ thuật điện, điện tử (chuyên ngành Công nghệ kỹ thuật điện)"
53272,DSK,cong-nghe-ky-thuat-dien,D01,Điểm thi THPT,2025,21.07,"Công nghệ kỹ thuật điện, điện tử (chuyên ngành Công nghệ kỹ thuật điện)"
53273,DSK,cong-nghe-ky-thuat-dien,X06,Điểm thi THPT,2025,21.07,"Công nghệ kỹ thuật điện, điện tử (chuyên ngành Công nghệ kỹ thuật điện)"
53274,DSK,cong-nghe-ky-thuat-dien,X07,Điểm thi THPT,2025,21.07,"Công nghệ kỹ thuật điện, điện tử (chuyên ngành Công nghệ kỹ thuật điện)"
53275,DSK,cong-nghe-ky-thuat-dien-tu,A00,Điểm học bạ,2024,25.47,"Công nghệ kỹ thuật điện, điện tử (chuyên ngành Công nghệ kỹ thuật điện tử)"
53276,DSK,cong-nghe-ky-thuat-dien-tu,A01,Điểm học bạ,2024,25.47,"Công nghệ kỹ thuật điện, điện tử (chuyên ngành Công nghệ kỹ thuật điện tử)"
53277,DSK,cong-nghe-ky-thuat-dien-tu,C01,Điểm học bạ,2024,25.47,"Công nghệ kỹ thuật điện, điện tử (chuyên ngành Công nghệ kỹ thuật điện tử)"
53278,DSK,cong-nghe-ky-thuat-dien-tu,D01,Điểm học bạ,2024,25.47,"Công nghệ kỹ thuật điện, điện tử (chuyên ngành Công nghệ kỹ thuật điện tử)"
53279,DSK,cong-nghe-ky-thuat-dien-tu,A00,Điểm thi THPT,2024,21.95,"Công nghệ kỹ thuật điện, điện tử (chuyên ngành Công nghệ kỹ thuật điện tử)"
53280,DSK,cong-nghe-ky-thuat-dien-tu,A01,Điểm thi THPT,2024,21.95,"Công nghệ kỹ thuật điện, điện tử (chuyên ngành Công nghệ kỹ thuật điện tử)"
53281,DSK,cong-nghe-ky-thuat-dien-tu,C01,Điểm thi THPT,2024,21.95,"Công nghệ kỹ thuật điện, điện tử (chuyên ngành Công nghệ kỹ thuật điện tử)"
53282,DSK,cong-nghe-ky-thuat-dien-tu,D01,Điểm thi THPT,2024,21.95,"Công nghệ kỹ thuật điện, điện tử (chuyên ngành Công nghệ kỹ thuật điện tử)"
53283,DSK,cong-nghe-ky-thuat-dien-tu,A00,Điểm học bạ,2025,25.24,"Công nghệ kỹ thuật điện, điện tử (chuyên ngành Công nghệ kỹ thuật điện tử)"
53284,DSK,cong-nghe-ky-thuat-dien-tu,A01,Điểm học bạ,2025,25.24,"Công nghệ kỹ thuật điện, điện tử (chuyên ngành Công nghệ kỹ thuật điện tử)"
53285,DSK,cong-nghe-ky-thuat-dien-tu,C01,Điểm học bạ,2025,25.24,"Công nghệ kỹ thuật điện, điện tử (chuyên ngành Công nghệ kỹ thuật điện tử)"
53286,DSK,cong-nghe-ky-thuat-dien-tu,D01,Điểm học bạ,2025,25.24,"Công nghệ kỹ thuật điện, điện tử (chuyên ngành Công nghệ kỹ thuật điện tử)"
53287,DSK,cong-nghe-ky-thuat-dien-tu,X06,Điểm học bạ,2025,25.24,"Công nghệ kỹ thuật điện, điện tử (chuyên ngành Công nghệ kỹ thuật điện tử)"
53288,DSK,cong-nghe-ky-thuat-dien-tu,X07,Điểm học bạ,2025,25.24,"Công nghệ kỹ thuật điện, điện tử (chuyên ngành Công nghệ kỹ thuật điện tử)"
53289,DSK,cong-nghe-ky-thuat-dien-tu,A00,Điểm thi THPT,2025,21.27,"Công nghệ kỹ thuật điện, điện tử (chuyên ngành Công nghệ kỹ thuật điện tử)"
53290,DSK,cong-nghe-ky-thuat-dien-tu,A01,Điểm thi THPT,2025,21.27,"Công nghệ kỹ thuật điện, điện tử (chuyên ngành Công nghệ kỹ thuật điện tử)"
53291,DSK,cong-nghe-ky-thuat-dien-tu,C01,Điểm thi THPT,2025,21.27,"Công nghệ kỹ thuật điện, điện tử (chuyên ngành Công nghệ kỹ thuật điện tử)"
53292,DSK,cong-nghe-ky-thuat-dien-tu,D01,Điểm thi THPT,2025,21.27,"Công nghệ kỹ thuật điện, điện tử (chuyên ngành Công nghệ kỹ thuật điện tử)"
53293,DSK,cong-nghe-ky-thuat-dien-tu,X06,Điểm thi THPT,2025,21.27,"Công nghệ kỹ thuật điện, điện tử (chuyên ngành Công nghệ kỹ thuật điện tử)"
53294,DSK,cong-nghe-ky-thuat-dien-tu,X07,Điểm thi THPT,2025,21.27,"Công nghệ kỹ thuật điện, điện tử (chuyên ngành Công nghệ kỹ thuật điện tử)"
53295,DSK,cong-nghe-ky-thuat-dien-tu-vien-thong,A00,Điểm thi THPT,2021,19.45,Công nghệ kỹ thuật điện tử viễn thông
53296,DSK,cong-nghe-ky-thuat-dien-tu-vien-thong,A01,Điểm thi THPT,2021,19.45,Công nghệ kỹ thuật điện tử viễn thông
53297,DSK,cong-nghe-ky-thuat-dien-tu-vien-thong,C01,Điểm thi THPT,2021,19.45,Công nghệ kỹ thuật điện tử viễn thông
53298,DSK,cong-nghe-ky-thuat-dien-tu-vien-thong,D01,Điểm thi THPT,2021,19.45,Công nghệ kỹ thuật điện tử viễn thông
53299,DSK,cong-nghe-ky-thuat-dien-tu-vien-thong,A00,Điểm thi THPT,2022,20.8,"Công nghệ kỹ thuật điện tử, viễn thông"
53300,DSK,cong-nghe-ky-thuat-dien-tu-vien-thong,A01,Điểm thi THPT,2022,20.8,"Công nghệ kỹ thuật điện tử, viễn thông"
53301,DSK,cong-nghe-ky-thuat-dien-tu-vien-thong,C01,Điểm thi THPT,2022,20.8,"Công nghệ kỹ thuật điện tử, viễn thông"
53302,DSK,cong-nghe-ky-thuat-dien-tu-vien-thong,D01,Điểm thi THPT,2022,20.8,"Công nghệ kỹ thuật điện tử, viễn thông"
53303,DSK,cong-nghe-ky-thuat-dien-tu-vien-thong,A00,Điểm học bạ,2023,24.87,Công nghệ kỹ thuật điện tử - viễn thông
53304,DSK,cong-nghe-ky-thuat-dien-tu-vien-thong,A01,Điểm học bạ,2023,24.87,Công nghệ kỹ thuật điện tử - viễn thông
53305,DSK,cong-nghe-ky-thuat-dien-tu-vien-thong,C01,Điểm học bạ,2023,24.87,Công nghệ kỹ thuật điện tử - viễn thông
53306,DSK,cong-nghe-ky-thuat-dien-tu-vien-thong,D01,Điểm học bạ,2023,24.87,Công nghệ kỹ thuật điện tử - viễn thông
53307,DSK,cong-nghe-ky-thuat-dien-tu-vien-thong,A00,Điểm thi THPT,2023,21.3,Công nghệ kỹ thuật điện tử - viễn thông
53308,DSK,cong-nghe-ky-thuat-dien-tu-vien-thong,A01,Điểm thi THPT,2023,21.3,Công nghệ kỹ thuật điện tử - viễn thông
53309,DSK,cong-nghe-ky-thuat-dien-tu-vien-thong,C01,Điểm thi THPT,2023,21.3,Công nghệ kỹ thuật điện tử - viễn thông
53310,DSK,cong-nghe-ky-thuat-dien-tu-vien-thong,D01,Điểm thi THPT,2023,21.3,Công nghệ kỹ thuật điện tử - viễn thông
53311,DSK,cong-nghe-ky-thuat-dien-tu-vien-thong,A00,Điểm học bạ,2024,25.39,Công nghệ kỹ thuật điện tử - viễn thông
53312,DSK,cong-nghe-ky-thuat-dien-tu-vien-thong,A01,Điểm học bạ,2024,25.39,Công nghệ kỹ thuật điện tử - viễn thông
53313,DSK,cong-nghe-ky-thuat-dien-tu-vien-thong,C01,Điểm học bạ,2024,25.39,Công nghệ kỹ thuật điện tử - viễn thông
53314,DSK,cong-nghe-ky-thuat-dien-tu-vien-thong,D01,Điểm học bạ,2024,25.39,Công nghệ kỹ thuật điện tử - viễn thông
53315,DSK,cong-nghe-ky-thuat-dien-tu-vien-thong,A00,Điểm thi THPT,2024,22.35,Công nghệ kỹ thuật điện tử - viễn thông
53316,DSK,cong-nghe-ky-thuat-dien-tu-vien-thong,A01,Điểm thi THPT,2024,22.35,Công nghệ kỹ thuật điện tử - viễn thông
53317,DSK,cong-nghe-ky-thuat-dien-tu-vien-thong,C01,Điểm thi THPT,2024,22.35,Công nghệ kỹ thuật điện tử - viễn thông
53318,DSK,cong-nghe-ky-thuat-dien-tu-vien-thong,D01,Điểm thi THPT,2024,22.35,Công nghệ kỹ thuật điện tử - viễn thông
53319,DSK,cong-nghe-ky-thuat-dien-tu-vien-thong,A00,Điểm học bạ,2025,25.13,Công nghệ kỹ thuật điện tử - viễn thông
53320,DSK,cong-nghe-ky-thuat-dien-tu-vien-thong,A01,Điểm học bạ,2025,25.13,Công nghệ kỹ thuật điện tử - viễn thông
53321,DSK,cong-nghe-ky-thuat-dien-tu-vien-thong,C01,Điểm học bạ,2025,25.13,Công nghệ kỹ thuật điện tử - viễn thông
53322,DSK,cong-nghe-ky-thuat-dien-tu-vien-thong,D01,Điểm học bạ,2025,25.13,Công nghệ kỹ thuật điện tử - viễn thông
53323,DSK,cong-nghe-ky-thuat-dien-tu-vien-thong,X06,Điểm học bạ,2025,25.13,Công nghệ kỹ thuật điện tử - viễn thông
53324,DSK,cong-nghe-ky-thuat-dien-tu-vien-thong,X07,Điểm học bạ,2025,25.13,Công nghệ kỹ thuật điện tử - viễn thông
53325,DSK,cong-nghe-ky-thuat-dien-tu-vien-thong,A00,Điểm thi THPT,2025,21.09,Công nghệ kỹ thuật điện tử - viễn thông
53326,DSK,cong-nghe-ky-thuat-dien-tu-vien-thong,A01,Điểm thi THPT,2025,21.09,Công nghệ kỹ thuật điện tử - viễn thông
53327,DSK,cong-nghe-ky-thuat-dien-tu-vien-thong,C01,Điểm thi THPT,2025,21.09,Công nghệ kỹ thuật điện tử - viễn thông
53328,DSK,cong-nghe-ky-thuat-dien-tu-vien-thong,D01,Điểm thi THPT,2025,21.09,Công nghệ kỹ thuật điện tử - viễn thông
53329,DSK,cong-nghe-ky-thuat-dien-tu-vien-thong,X06,Điểm thi THPT,2025,21.09,Công nghệ kỹ thuật điện tử - viễn thông
53330,DSK,cong-nghe-ky-thuat-dien-tu-vien-thong,X07,Điểm thi THPT,2025,21.09,Công nghệ kỹ thuật điện tử - viễn thông
53331,DSK,cong-nghe-ky-thuat-dieu-khien-va-tu-dong-hoa,A00,Điểm thi THPT,2021,22.8,Công nghệ kỹ thuật điều khiển và tự động hóa
53332,DSK,cong-nghe-ky-thuat-dieu-khien-va-tu-dong-hoa,A01,Điểm thi THPT,2021,22.8,Công nghệ kỹ thuật điều khiển và tự động hóa
53333,DSK,cong-nghe-ky-thuat-dieu-khien-va-tu-dong-hoa,C01,Điểm thi THPT,2021,22.8,Công nghệ kỹ thuật điều khiển và tự động hóa
53334,DSK,cong-nghe-ky-thuat-dieu-khien-va-tu-dong-hoa,D01,Điểm thi THPT,2021,22.8,Công nghệ kỹ thuật điều khiển và tự động hóa
53335,DSK,cong-nghe-ky-thuat-dieu-khien-va-tu-dong-hoa,A00,Điểm thi THPT,2022,22.75,Công nghệ kỹ thuật điều khiển và tự động hóa
53336,DSK,cong-nghe-ky-thuat-dieu-khien-va-tu-dong-hoa,A01,Điểm thi THPT,2022,22.75,Công nghệ kỹ thuật điều khiển và tự động hóa
53337,DSK,cong-nghe-ky-thuat-dieu-khien-va-tu-dong-hoa,C01,Điểm thi THPT,2022,22.75,Công nghệ kỹ thuật điều khiển và tự động hóa
53338,DSK,cong-nghe-ky-thuat-dieu-khien-va-tu-dong-hoa,D01,Điểm thi THPT,2022,22.75,Công nghệ kỹ thuật điều khiển và tự động hóa
53339,DSK,cong-nghe-ky-thuat-dieu-khien-va-tu-dong-hoa,A00,Điểm học bạ,2023,26.16,Công nghệ kỹ thuật điều khiển và tự động hóa
53340,DSK,cong-nghe-ky-thuat-dieu-khien-va-tu-dong-hoa,A01,Điểm học bạ,2023,26.16,Công nghệ kỹ thuật điều khiển và tự động hóa
53341,DSK,cong-nghe-ky-thuat-dieu-khien-va-tu-dong-hoa,C01,Điểm học bạ,2023,26.16,Công nghệ kỹ thuật điều khiển và tự động hóa
53342,DSK,cong-nghe-ky-thuat-dieu-khien-va-tu-dong-hoa,D01,Điểm học bạ,2023,26.16,Công nghệ kỹ thuật điều khiển và tự động hóa
53343,DSK,cong-nghe-ky-thuat-dieu-khien-va-tu-dong-hoa,A00,Điểm thi THPT,2023,22.5,Công nghệ kỹ thuật điều khiển và tự động hóa
53344,DSK,cong-nghe-ky-thuat-dieu-khien-va-tu-dong-hoa,A01,Điểm thi THPT,2023,22.5,Công nghệ kỹ thuật điều khiển và tự động hóa
53345,DSK,cong-nghe-ky-thuat-dieu-khien-va-tu-dong-hoa,C01,Điểm thi THPT,2023,22.5,Công nghệ kỹ thuật điều khiển và tự động hóa
53346,DSK,cong-nghe-ky-thuat-dieu-khien-va-tu-dong-hoa,D01,Điểm thi THPT,2023,22.5,Công nghệ kỹ thuật điều khiển và tự động hóa
53347,DSK,cong-nghe-ky-thuat-dieu-khien-va-tu-dong-hoa,A00,Điểm học bạ,2024,26.67,Công nghệ kỹ thuật điều khiển và tự động hóa
53348,DSK,cong-nghe-ky-thuat-dieu-khien-va-tu-dong-hoa,A01,Điểm học bạ,2024,26.67,Công nghệ kỹ thuật điều khiển và tự động hóa
53349,DSK,cong-nghe-ky-thuat-dieu-khien-va-tu-dong-hoa,C01,Điểm học bạ,2024,26.67,Công nghệ kỹ thuật điều khiển và tự động hóa
53350,DSK,cong-nghe-ky-thuat-dieu-khien-va-tu-dong-hoa,D01,Điểm học bạ,2024,26.67,Công nghệ kỹ thuật điều khiển và tự động hóa
53351,DSK,cong-nghe-ky-thuat-dieu-khien-va-tu-dong-hoa,A00,Điểm thi THPT,2024,23.19,Công nghệ kỹ thuật điều khiển và tự động hóa
53352,DSK,cong-nghe-ky-thuat-dieu-khien-va-tu-dong-hoa,A01,Điểm thi THPT,2024,23.19,Công nghệ kỹ thuật điều khiển và tự động hóa
53353,DSK,cong-nghe-ky-thuat-dieu-khien-va-tu-dong-hoa,C01,Điểm thi THPT,2024,23.19,Công nghệ kỹ thuật điều khiển và tự động hóa
53354,DSK,cong-nghe-ky-thuat-dieu-khien-va-tu-dong-hoa,D01,Điểm thi THPT,2024,23.19,Công nghệ kỹ thuật điều khiển và tự động hóa
53355,DSK,cong-nghe-ky-thuat-dieu-khien-va-tu-dong-hoa,A00,Điểm học bạ,2025,26.04,Công nghệ kỹ thuật điều khiển và tự động hóa
53356,DSK,cong-nghe-ky-thuat-dieu-khien-va-tu-dong-hoa,A01,Điểm học bạ,2025,26.04,Công nghệ kỹ thuật điều khiển và tự động hóa
53357,DSK,cong-nghe-ky-thuat-dieu-khien-va-tu-dong-hoa,C01,Điểm học bạ,2025,26.04,Công nghệ kỹ thuật điều khiển và tự động hóa
53358,DSK,cong-nghe-ky-thuat-dieu-khien-va-tu-dong-hoa,D01,Điểm học bạ,2025,26.04,Công nghệ kỹ thuật điều khiển và tự động hóa
53359,DSK,cong-nghe-ky-thuat-dieu-khien-va-tu-dong-hoa,X06,Điểm học bạ,2025,26.04,Công nghệ kỹ thuật điều khiển và tự động hóa
53360,DSK,cong-nghe-ky-thuat-dieu-khien-va-tu-dong-hoa,X07,Điểm học bạ,2025,26.04,Công nghệ kỹ thuật điều khiển và tự động hóa
53361,DSK,cong-nghe-ky-thuat-dieu-khien-va-tu-dong-hoa,A00,Điểm thi THPT,2025,22.58,Công nghệ kỹ thuật điều khiển và tự động hóa
53362,DSK,cong-nghe-ky-thuat-dieu-khien-va-tu-dong-hoa,A01,Điểm thi THPT,2025,22.58,Công nghệ kỹ thuật điều khiển và tự động hóa
53363,DSK,cong-nghe-ky-thuat-dieu-khien-va-tu-dong-hoa,C01,Điểm thi THPT,2025,22.58,Công nghệ kỹ thuật điều khiển và tự động hóa
53364,DSK,cong-nghe-ky-thuat-dieu-khien-va-tu-dong-hoa,D01,Điểm thi THPT,2025,22.58,Công nghệ kỹ thuật điều khiển và tự động hóa
53365,DSK,cong-nghe-ky-thuat-dieu-khien-va-tu-dong-hoa,X06,Điểm thi THPT,2025,22.58,Công nghệ kỹ thuật điều khiển và tự động hóa
53366,DSK,cong-nghe-ky-thuat-dieu-khien-va-tu-dong-hoa,X07,Điểm thi THPT,2025,22.58,Công nghệ kỹ thuật điều khiển và tự động hóa
53367,DSK,cong-nghe-ky-thuat-hoa-hoc,A00,Điểm thi THPT,2023,19.65,Công nghệ kỹ thuật hóa học
53368,DSK,cong-nghe-ky-thuat-hoa-hoc,A01,Điểm thi THPT,2023,19.65,Công nghệ kỹ thuật hóa học
53369,DSK,cong-nghe-ky-thuat-hoa-hoc,B00,Điểm thi THPT,2023,19.65,Công nghệ kỹ thuật hóa học
53370,DSK,cong-nghe-ky-thuat-hoa-hoc,D01,Điểm thi THPT,2023,19.65,Công nghệ kỹ thuật hóa học
53371,DSK,cong-nghe-ky-thuat-hoa-hoc,A00,Điểm học bạ,2024,21.32,Công nghệ kỹ thuật hóa học
53372,DSK,cong-nghe-ky-thuat-hoa-hoc,A01,Điểm học bạ,2024,21.32,Công nghệ kỹ thuật hóa học
53373,DSK,cong-nghe-ky-thuat-hoa-hoc,B00,Điểm học bạ,2024,21.32,Công nghệ kỹ thuật hóa học
53374,DSK,cong-nghe-ky-thuat-hoa-hoc,D01,Điểm học bạ,2024,21.32,Công nghệ kỹ thuật hóa học
53375,DSK,cong-nghe-ky-thuat-hoa-hoc,A00,Điểm thi THPT,2024,21.6,Công nghệ kỹ thuật hóa học
53376,DSK,cong-nghe-ky-thuat-hoa-hoc,A01,Điểm thi THPT,2024,21.6,Công nghệ kỹ thuật hóa học
53377,DSK,cong-nghe-ky-thuat-hoa-hoc,B00,Điểm thi THPT,2024,21.6,Công nghệ kỹ thuật hóa học
53378,DSK,cong-nghe-ky-thuat-hoa-hoc,D01,Điểm thi THPT,2024,21.6,Công nghệ kỹ thuật hóa học
53379,DSK,cong-nghe-ky-thuat-hoa-hoc,A00,Điểm học bạ,2025,24.89,Công nghệ kỹ thuật hóa học
53380,DSK,cong-nghe-ky-thuat-hoa-hoc,A01,Điểm học bạ,2025,24.89,Công nghệ kỹ thuật hóa học
53381,DSK,cong-nghe-ky-thuat-hoa-hoc,B00,Điểm học bạ,2025,24.89,Công nghệ kỹ thuật hóa học
53382,DSK,cong-nghe-ky-thuat-hoa-hoc,C02,Điểm học bạ,2025,24.89,Công nghệ kỹ thuật hóa học
53383,DSK,cong-nghe-ky-thuat-hoa-hoc,D01,Điểm học bạ,2025,24.89,Công nghệ kỹ thuật hóa học
53384,DSK,cong-nghe-ky-thuat-hoa-hoc,D07,Điểm học bạ,2025,24.89,Công nghệ kỹ thuật hóa học
53385,DSK,cong-nghe-ky-thuat-hoa-hoc,A00,Điểm thi THPT,2025,20.69,Công nghệ kỹ thuật hóa học
53386,DSK,cong-nghe-ky-thuat-hoa-hoc,A01,Điểm thi THPT,2025,20.69,Công nghệ kỹ thuật hóa học
53387,DSK,cong-nghe-ky-thuat-hoa-hoc,B00,Điểm thi THPT,2025,20.69,Công nghệ kỹ thuật hóa học
53388,DSK,cong-nghe-ky-thuat-hoa-hoc,C02,Điểm thi THPT,2025,20.69,Công nghệ kỹ thuật hóa học
53389,DSK,cong-nghe-ky-thuat-hoa-hoc,D01,Điểm thi THPT,2025,20.69,Công nghệ kỹ thuật hóa học
53390,DSK,cong-nghe-ky-thuat-hoa-hoc,D07,Điểm thi THPT,2025,20.69,Công nghệ kỹ thuật hóa học
53391,DSK,cong-nghe-ky-thuat-kien-truc,A01,Điểm thi THPT,2021,19.3,Công nghệ kỹ thuật kiến trúc
53392,DSK,cong-nghe-ky-thuat-kien-truc,V00,Điểm thi THPT,2021,19.3,Công nghệ kỹ thuật kiến trúc
53393,DSK,cong-nghe-ky-thuat-kien-truc,V01,Điểm thi THPT,2021,19.3,Công nghệ kỹ thuật kiến trúc
53394,DSK,cong-nghe-ky-thuat-kien-truc,V02,Điểm thi THPT,2021,19.3,Công nghệ kỹ thuật kiến trúc
53395,DSK,cong-nghe-ky-thuat-kien-truc,A01,Điểm thi THPT,2022,17.75,Công nghệ kỹ thuật kiến trúc
53396,DSK,cong-nghe-ky-thuat-kien-truc,V00,Điểm thi THPT,2022,17.75,Công nghệ kỹ thuật kiến trúc
53397,DSK,cong-nghe-ky-thuat-kien-truc,V01,Điểm thi THPT,2022,17.75,Công nghệ kỹ thuật kiến trúc
53398,DSK,cong-nghe-ky-thuat-kien-truc,V02,Điểm thi THPT,2022,17.75,Công nghệ kỹ thuật kiến trúc
53399,DSK,cong-nghe-ky-thuat-kien-truc,A00,Điểm học bạ,2023,18.72,Công nghệ kỹ thuật kiến trúc
53400,DSK,cong-nghe-ky-thuat-kien-truc,A01,Điểm học bạ,2023,18.72,Công nghệ kỹ thuật kiến trúc
53401,DSK,cong-nghe-ky-thuat-kien-truc,C01,Điểm học bạ,2023,18.72,Công nghệ kỹ thuật kiến trúc
53402,DSK,cong-nghe-ky-thuat-kien-truc,D01,Điểm học bạ,2023,18.72,Công nghệ kỹ thuật kiến trúc
53403,DSK,cong-nghe-ky-thuat-kien-truc,A00,Điểm thi THPT,2023,19.3,Công nghệ kỹ thuật kiến trúc
53404,DSK,cong-nghe-ky-thuat-kien-truc,A01,Điểm thi THPT,2023,19.3,Công nghệ kỹ thuật kiến trúc
53405,DSK,cong-nghe-ky-thuat-kien-truc,V00,Điểm thi THPT,2023,19.3,Công nghệ kỹ thuật kiến trúc
53406,DSK,cong-nghe-ky-thuat-kien-truc,V01,Điểm thi THPT,2023,19.3,Công nghệ kỹ thuật kiến trúc
53407,DSK,cong-nghe-ky-thuat-kien-truc,A00,Điểm học bạ,2024,21.93,Công nghệ kỹ thuật kiến trúc
53408,DSK,cong-nghe-ky-thuat-kien-truc,A01,Điểm học bạ,2024,21.93,Công nghệ kỹ thuật kiến trúc
53409,DSK,cong-nghe-ky-thuat-kien-truc,C01,Điểm học bạ,2024,21.93,Công nghệ kỹ thuật kiến trúc
53410,DSK,cong-nghe-ky-thuat-kien-truc,D01,Điểm học bạ,2024,21.93,Công nghệ kỹ thuật kiến trúc
53411,DSK,cong-nghe-ky-thuat-kien-truc,A00,Điểm thi THPT,2024,17.55,Công nghệ kỹ thuật kiến trúc
53412,DSK,cong-nghe-ky-thuat-kien-truc,D01,Điểm thi THPT,2024,17.55,Công nghệ kỹ thuật kiến trúc
53413,DSK,cong-nghe-ky-thuat-kien-truc,V00,Điểm thi THPT,2024,17.55,Công nghệ kỹ thuật kiến trúc
53414,DSK,cong-nghe-ky-thuat-kien-truc,V01,Điểm thi THPT,2024,17.55,Công nghệ kỹ thuật kiến trúc
53415,DSK,cong-nghe-ky-thuat-kien-truc,A00,Điểm học bạ,2025,22.4,Công nghệ kỹ thuật kiến trúc
53416,DSK,cong-nghe-ky-thuat-kien-truc,A01,Điểm học bạ,2025,22.4,Công nghệ kỹ thuật kiến trúc
53417,DSK,cong-nghe-ky-thuat-kien-truc,C01,Điểm học bạ,2025,22.4,Công nghệ kỹ thuật kiến trúc
53418,DSK,cong-nghe-ky-thuat-kien-truc,D01,Điểm học bạ,2025,22.4,Công nghệ kỹ thuật kiến trúc
53419,DSK,cong-nghe-ky-thuat-kien-truc,V01,Điểm học bạ,2025,22.4,Công nghệ kỹ thuật kiến trúc
53420,DSK,cong-nghe-ky-thuat-kien-truc,V02,Điểm học bạ,2025,22.4,Công nghệ kỹ thuật kiến trúc
53421,DSK,cong-nghe-ky-thuat-kien-truc,A00,Điểm thi THPT,2025,17.05,Công nghệ kỹ thuật kiến trúc
53422,DSK,cong-nghe-ky-thuat-kien-truc,A01,Điểm thi THPT,2025,17.05,Công nghệ kỹ thuật kiến trúc
53423,DSK,cong-nghe-ky-thuat-kien-truc,D01,Điểm thi THPT,2025,17.05,Công nghệ kỹ thuật kiến trúc
53424,DSK,cong-nghe-ky-thuat-kien-truc,V00,Điểm thi THPT,2025,17.05,Công nghệ kỹ thuật kiến trúc
53425,DSK,cong-nghe-ky-thuat-kien-truc,V01,Điểm thi THPT,2025,17.05,Công nghệ kỹ thuật kiến trúc
53426,DSK,cong-nghe-ky-thuat-kien-truc,V02,Điểm thi THPT,2025,17.05,Công nghệ kỹ thuật kiến trúc
53427,DSK,cong-nghe-ky-thuat-moi-truong,A00,Điểm thi THPT,2021,15.05,Công nghệ kỹ thuật môi trường
53428,DSK,cong-nghe-ky-thuat-moi-truong,A01,Điểm thi THPT,2021,15.05,Công nghệ kỹ thuật môi trường
53429,DSK,cong-nghe-ky-thuat-moi-truong,B00,Điểm thi THPT,2021,15.05,Công nghệ kỹ thuật môi trường
53430,DSK,cong-nghe-ky-thuat-moi-truong,D01,Điểm thi THPT,2021,15.05,Công nghệ kỹ thuật môi trường
53431,DSK,cong-nghe-ky-thuat-moi-truong,A00,Điểm thi THPT,2022,15.2,Công nghệ kỹ thuật môi trường
53432,DSK,cong-nghe-ky-thuat-moi-truong,A01,Điểm thi THPT,2022,15.2,Công nghệ kỹ thuật môi trường
53433,DSK,cong-nghe-ky-thuat-moi-truong,B00,Điểm thi THPT,2022,15.2,Công nghệ kỹ thuật môi trường
53434,DSK,cong-nghe-ky-thuat-moi-truong,D01,Điểm thi THPT,2022,15.2,Công nghệ kỹ thuật môi trường
53435,DSK,cong-nghe-ky-thuat-moi-truong,A00,Điểm học bạ,2023,18.03,Công nghệ kỹ thuật môi trường
53436,DSK,cong-nghe-ky-thuat-moi-truong,A01,Điểm học bạ,2023,18.03,Công nghệ kỹ thuật môi trường
53437,DSK,cong-nghe-ky-thuat-moi-truong,B00,Điểm học bạ,2023,18.03,Công nghệ kỹ thuật môi trường
53438,DSK,cong-nghe-ky-thuat-moi-truong,D01,Điểm học bạ,2023,18.03,Công nghệ kỹ thuật môi trường
53439,DSK,cong-nghe-ky-thuat-moi-truong,A00,Điểm thi THPT,2023,15.7,Công nghệ kỹ thuật môi trường
53440,DSK,cong-nghe-ky-thuat-moi-truong,A01,Điểm thi THPT,2023,15.7,Công nghệ kỹ thuật môi trường
53441,DSK,cong-nghe-ky-thuat-moi-truong,B00,Điểm thi THPT,2023,15.7,Công nghệ kỹ thuật môi trường
53442,DSK,cong-nghe-ky-thuat-moi-truong,D01,Điểm thi THPT,2023,15.7,Công nghệ kỹ thuật môi trường
53443,DSK,cong-nghe-ky-thuat-moi-truong,A00,Điểm học bạ,2024,20.63,Công nghệ kỹ thuật môi trường
53444,DSK,cong-nghe-ky-thuat-moi-truong,A01,Điểm học bạ,2024,20.63,Công nghệ kỹ thuật môi trường
53445,DSK,cong-nghe-ky-thuat-moi-truong,B00,Điểm học bạ,2024,20.63,Công nghệ kỹ thuật môi trường
53446,DSK,cong-nghe-ky-thuat-moi-truong,D01,Điểm học bạ,2024,20.63,Công nghệ kỹ thuật môi trường
53447,DSK,cong-nghe-ky-thuat-moi-truong,A00,Điểm thi THPT,2024,17.05,Công nghệ kỹ thuật môi trường
53448,DSK,cong-nghe-ky-thuat-moi-truong,A01,Điểm thi THPT,2024,17.05,Công nghệ kỹ thuật môi trường
53449,DSK,cong-nghe-ky-thuat-moi-truong,B00,Điểm thi THPT,2024,17.05,Công nghệ kỹ thuật môi trường
53450,DSK,cong-nghe-ky-thuat-moi-truong,D01,Điểm thi THPT,2024,17.05,Công nghệ kỹ thuật môi trường
53451,DSK,cong-nghe-ky-thuat-moi-truong,A00,Điểm học bạ,2025,22.41,Công nghệ kỹ thuật môi trường
53452,DSK,cong-nghe-ky-thuat-moi-truong,A01,Điểm học bạ,2025,22.41,Công nghệ kỹ thuật môi trường
53453,DSK,cong-nghe-ky-thuat-moi-truong,B00,Điểm học bạ,2025,22.41,Công nghệ kỹ thuật môi trường
53454,DSK,cong-nghe-ky-thuat-moi-truong,C02,Điểm học bạ,2025,22.41,Công nghệ kỹ thuật môi trường
53455,DSK,cong-nghe-ky-thuat-moi-truong,D01,Điểm học bạ,2025,22.41,Công nghệ kỹ thuật môi trường
53456,DSK,cong-nghe-ky-thuat-moi-truong,D07,Điểm học bạ,2025,22.41,Công nghệ kỹ thuật môi trường
53457,DSK,cong-nghe-ky-thuat-moi-truong,A00,Điểm thi THPT,2025,17.07,Công nghệ kỹ thuật môi trường
53458,DSK,cong-nghe-ky-thuat-moi-truong,A01,Điểm thi THPT,2025,17.07,Công nghệ kỹ thuật môi trường
53459,DSK,cong-nghe-ky-thuat-moi-truong,B00,Điểm thi THPT,2025,17.07,Công nghệ kỹ thuật môi trường
53460,DSK,cong-nghe-ky-thuat-moi-truong,C02,Điểm thi THPT,2025,17.07,Công nghệ kỹ thuật môi trường
53461,DSK,cong-nghe-ky-thuat-moi-truong,D01,Điểm thi THPT,2025,17.07,Công nghệ kỹ thuật môi trường
53462,DSK,cong-nghe-ky-thuat-moi-truong,D07,Điểm thi THPT,2025,17.07,Công nghệ kỹ thuật môi trường
53463,DSK,cong-nghe-ky-thuat-nhiet,A00,Điểm thi THPT,2021,18.4,Công nghệ kỹ thuật nhiệt
53464,DSK,cong-nghe-ky-thuat-nhiet,A01,Điểm thi THPT,2021,18.4,Công nghệ kỹ thuật nhiệt
53465,DSK,cong-nghe-ky-thuat-nhiet,C01,Điểm thi THPT,2021,18.4,Công nghệ kỹ thuật nhiệt
53466,DSK,cong-nghe-ky-thuat-nhiet,D01,Điểm thi THPT,2021,18.4,Công nghệ kỹ thuật nhiệt
53467,DSK,cong-nghe-ky-thuat-o-to,A00,Điểm thi THPT,2021,23.5,Công nghệ kỹ thuật ô tô
53468,DSK,cong-nghe-ky-thuat-o-to,A01,Điểm thi THPT,2021,23.5,Công nghệ kỹ thuật ô tô
53469,DSK,cong-nghe-ky-thuat-o-to,C01,Điểm thi THPT,2021,23.5,Công nghệ kỹ thuật ô tô
53470,DSK,cong-nghe-ky-thuat-o-to,D01,Điểm thi THPT,2021,23.5,Công nghệ kỹ thuật ô tô
53471,DSK,cong-nghe-ky-thuat-o-to,A00,Điểm thi THPT,2022,23.25,Công nghệ kỹ thuật ô tô
53472,DSK,cong-nghe-ky-thuat-o-to,A01,Điểm thi THPT,2022,23.25,Công nghệ kỹ thuật ô tô
53473,DSK,cong-nghe-ky-thuat-o-to,C01,Điểm thi THPT,2022,23.25,Công nghệ kỹ thuật ô tô
53474,DSK,cong-nghe-ky-thuat-o-to,D01,Điểm thi THPT,2022,23.25,Công nghệ kỹ thuật ô tô
53475,DSK,cong-nghe-ky-thuat-o-to,A00,Điểm học bạ,2023,26.13,Công nghệ kỹ thuật ô tô
53476,DSK,cong-nghe-ky-thuat-o-to,A01,Điểm học bạ,2023,26.13,Công nghệ kỹ thuật ô tô
53477,DSK,cong-nghe-ky-thuat-o-to,C01,Điểm học bạ,2023,26.13,Công nghệ kỹ thuật ô tô
53478,DSK,cong-nghe-ky-thuat-o-to,D01,Điểm học bạ,2023,26.13,Công nghệ kỹ thuật ô tô
53479,DSK,cong-nghe-ky-thuat-o-to,A00,Điểm thi THPT,2023,22.65,Công nghệ kỹ thuật ô tô
53480,DSK,cong-nghe-ky-thuat-o-to,A01,Điểm thi THPT,2023,22.65,Công nghệ kỹ thuật ô tô
53481,DSK,cong-nghe-ky-thuat-o-to,C01,Điểm thi THPT,2023,22.65,Công nghệ kỹ thuật ô tô
53482,DSK,cong-nghe-ky-thuat-o-to,D01,Điểm thi THPT,2023,22.65,Công nghệ kỹ thuật ô tô
53483,DSK,cong-nghe-ky-thuat-o-to,A00,Điểm học bạ,2024,26.92,Công nghệ kỹ thuật ô tô
53484,DSK,cong-nghe-ky-thuat-o-to,A01,Điểm học bạ,2024,26.92,Công nghệ kỹ thuật ô tô
53485,DSK,cong-nghe-ky-thuat-o-to,C01,Điểm học bạ,2024,26.92,Công nghệ kỹ thuật ô tô
53486,DSK,cong-nghe-ky-thuat-o-to,D01,Điểm học bạ,2024,26.92,Công nghệ kỹ thuật ô tô
53487,DSK,cong-nghe-ky-thuat-o-to,A00,Điểm thi THPT,2024,23.4,Công nghệ kỹ thuật ô tô
53488,DSK,cong-nghe-ky-thuat-o-to,A01,Điểm thi THPT,2024,23.4,Công nghệ kỹ thuật ô tô
53489,DSK,cong-nghe-ky-thuat-o-to,C01,Điểm thi THPT,2024,23.4,Công nghệ kỹ thuật ô tô
53490,DSK,cong-nghe-ky-thuat-o-to,D01,Điểm thi THPT,2024,23.4,Công nghệ kỹ thuật ô tô
53491,DSK,cong-nghe-ky-thuat-o-to,A00,Điểm học bạ,2025,25.72,Công nghệ kỹ thuật ô tô
53492,DSK,cong-nghe-ky-thuat-o-to,A01,Điểm học bạ,2025,25.72,Công nghệ kỹ thuật ô tô
53493,DSK,cong-nghe-ky-thuat-o-to,C01,Điểm học bạ,2025,25.72,Công nghệ kỹ thuật ô tô
53494,DSK,cong-nghe-ky-thuat-o-to,X06,Điểm học bạ,2025,25.72,Công nghệ kỹ thuật ô tô
53495,DSK,cong-nghe-ky-thuat-o-to,X07,Điểm học bạ,2025,25.72,Công nghệ kỹ thuật ô tô
53496,DSK,cong-nghe-ky-thuat-o-to,X27,Điểm học bạ,2025,25.72,Công nghệ kỹ thuật ô tô
53497,DSK,cong-nghe-ky-thuat-o-to,A00,Điểm thi THPT,2025,22.01,Công nghệ kỹ thuật ô tô
53498,DSK,cong-nghe-ky-thuat-o-to,A01,Điểm thi THPT,2025,22.01,Công nghệ kỹ thuật ô tô
53499,DSK,cong-nghe-ky-thuat-o-to,C01,Điểm thi THPT,2025,22.01,Công nghệ kỹ thuật ô tô
53500,DSK,cong-nghe-ky-thuat-o-to,D01,Điểm thi THPT,2025,22.01,Công nghệ kỹ thuật ô tô
53501,DSK,cong-nghe-ky-thuat-o-to,X06,Điểm thi THPT,2025,22.01,Công nghệ kỹ thuật ô tô
53502,DSK,cong-nghe-ky-thuat-o-to,X07,Điểm thi THPT,2025,22.01,Công nghệ kỹ thuật ô tô
53503,DSK,cong-nghe-thong-tin,A00,Điểm thi THPT,2021,24.25,Công nghệ thông tin
53504,DSK,cong-nghe-thong-tin,A01,Điểm thi THPT,2021,24.25,Công nghệ thông tin
53505,DSK,cong-nghe-thong-tin,C01,Điểm thi THPT,2021,24.25,Công nghệ thông tin
53506,DSK,cong-nghe-thong-tin,D01,Điểm thi THPT,2021,24.25,Công nghệ thông tin
53507,DSK,cong-nghe-thong-tin,A00,Điểm thi THPT,2022,20.35,Sư phạm Kỹ thuật công nghiệp (chuyên ngành Công nghệ thông tin)
53508,DSK,cong-nghe-thong-tin,A01,Điểm thi THPT,2022,20.35,Sư phạm Kỹ thuật công nghiệp (chuyên ngành Công nghệ thông tin)
53509,DSK,cong-nghe-thong-tin,C01,Điểm thi THPT,2022,20.35,Sư phạm Kỹ thuật công nghiệp (chuyên ngành Công nghệ thông tin)
53510,DSK,cong-nghe-thong-tin,D01,Điểm thi THPT,2022,20.35,Sư phạm Kỹ thuật công nghiệp (chuyên ngành Công nghệ thông tin)
53511,DSK,cong-nghe-thong-tin,A00,Điểm học bạ,2023,24.46,Sư phạm Kỹ thuật công nghiệp (chuyên ngành Công nghệ thông tin)
53512,DSK,cong-nghe-thong-tin,A01,Điểm học bạ,2023,24.46,Sư phạm Kỹ thuật công nghiệp (chuyên ngành Công nghệ thông tin)
53513,DSK,cong-nghe-thong-tin,C01,Điểm học bạ,2023,24.46,Sư phạm Kỹ thuật công nghiệp (chuyên ngành Công nghệ thông tin)
53514,DSK,cong-nghe-thong-tin,D01,Điểm học bạ,2023,24.46,Sư phạm Kỹ thuật công nghiệp (chuyên ngành Công nghệ thông tin)
53515,DSK,cong-nghe-thong-tin,A00,Điểm thi THPT,2023,21.7,Sư phạm Kỹ thuật công nghiệp (chuyên ngành Công nghệ thông tin)
53516,DSK,cong-nghe-thong-tin,A01,Điểm thi THPT,2023,21.7,Sư phạm Kỹ thuật công nghiệp (chuyên ngành Công nghệ thông tin)
53517,DSK,cong-nghe-thong-tin,C01,Điểm thi THPT,2023,21.7,Sư phạm Kỹ thuật công nghiệp (chuyên ngành Công nghệ thông tin)
53518,DSK,cong-nghe-thong-tin,D01,Điểm thi THPT,2023,21.7,Sư phạm Kỹ thuật công nghiệp (chuyên ngành Công nghệ thông tin)
53519,DSK,cong-nghe-thong-tin,A00,Điểm học bạ,2024,25.15,Sư phạm Kỹ thuật công nghiệp (chuyên ngành Công nghệ thông tin)
53520,DSK,cong-nghe-thong-tin,A01,Điểm học bạ,2024,25.15,Sư phạm Kỹ thuật công nghiệp (chuyên ngành Công nghệ thông tin)
53521,DSK,cong-nghe-thong-tin,C01,Điểm học bạ,2024,25.15,Sư phạm Kỹ thuật công nghiệp (chuyên ngành Công nghệ thông tin)
53522,DSK,cong-nghe-thong-tin,D01,Điểm học bạ,2024,25.15,Sư phạm Kỹ thuật công nghiệp (chuyên ngành Công nghệ thông tin)
53523,DSK,cong-nghe-thong-tin,A00,Điểm thi THPT,2024,21.95,Sư phạm Kỹ thuật công nghiệp (chuyên ngành Công nghệ thông tin)
53524,DSK,cong-nghe-thong-tin,A01,Điểm thi THPT,2024,21.95,Sư phạm Kỹ thuật công nghiệp (chuyên ngành Công nghệ thông tin)
53525,DSK,cong-nghe-thong-tin,C01,Điểm thi THPT,2024,21.95,Sư phạm Kỹ thuật công nghiệp (chuyên ngành Công nghệ thông tin)
53526,DSK,cong-nghe-thong-tin,D01,Điểm thi THPT,2024,21.95,Sư phạm Kỹ thuật công nghiệp (chuyên ngành Công nghệ thông tin)
53527,DSK,cong-nghe-thong-tin,A00,Điểm học bạ,2025,25.36,Sư phạm Kỹ thuật công nghiệp (chuyên ngành Công nghệ thông tin)
53528,DSK,cong-nghe-thong-tin,A01,Điểm học bạ,2025,25.36,Sư phạm Kỹ thuật công nghiệp (chuyên ngành Công nghệ thông tin)
53529,DSK,cong-nghe-thong-tin,C01,Điểm học bạ,2025,25.36,Sư phạm Kỹ thuật công nghiệp (chuyên ngành Công nghệ thông tin)
53530,DSK,cong-nghe-thong-tin,X06,Điểm học bạ,2025,25.36,Sư phạm Kỹ thuật công nghiệp (chuyên ngành Công nghệ thông tin)
53531,DSK,cong-nghe-thong-tin,X10,Điểm học bạ,2025,25.36,Sư phạm Kỹ thuật công nghiệp (chuyên ngành Công nghệ thông tin)
53532,DSK,cong-nghe-thong-tin,X26,Điểm học bạ,2025,25.36,Sư phạm Kỹ thuật công nghiệp (chuyên ngành Công nghệ thông tin)
53533,DSK,cong-nghe-thong-tin,A00,Điểm thi THPT,2025,21.44,Sư phạm Kỹ thuật công nghiệp (chuyên ngành Công nghệ thông tin)
53534,DSK,cong-nghe-thong-tin,A01,Điểm thi THPT,2025,21.44,Sư phạm Kỹ thuật công nghiệp (chuyên ngành Công nghệ thông tin)
53535,DSK,cong-nghe-thong-tin,C01,Điểm thi THPT,2025,21.44,Sư phạm Kỹ thuật công nghiệp (chuyên ngành Công nghệ thông tin)
53536,DSK,cong-nghe-thong-tin,X06,Điểm thi THPT,2025,21.44,Sư phạm Kỹ thuật công nghiệp (chuyên ngành Công nghệ thông tin)
53537,DSK,cong-nghe-thong-tin,X10,Điểm thi THPT,2025,21.44,Sư phạm Kỹ thuật công nghiệp (chuyên ngành Công nghệ thông tin)
53538,DSK,cong-nghe-thong-tin,X26,Điểm thi THPT,2025,21.44,Sư phạm Kỹ thuật công nghiệp (chuyên ngành Công nghệ thông tin)
53539,DSK,he-thong-cung-cap-dien,A00,Điểm học bạ,2023,23.88,"Công nghệ kỹ thuật điện, điện tử (chuyên ngành Hệ thống cung cấp điện )"
53540,DSK,he-thong-cung-cap-dien,A01,Điểm học bạ,2023,23.88,"Công nghệ kỹ thuật điện, điện tử (chuyên ngành Hệ thống cung cấp điện )"
53541,DSK,he-thong-cung-cap-dien,C01,Điểm học bạ,2023,23.88,"Công nghệ kỹ thuật điện, điện tử (chuyên ngành Hệ thống cung cấp điện )"
53542,DSK,he-thong-cung-cap-dien,D01,Điểm học bạ,2023,23.88,"Công nghệ kỹ thuật điện, điện tử (chuyên ngành Hệ thống cung cấp điện )"
53543,DSK,he-thong-cung-cap-dien,A00,Điểm thi THPT,2023,15.5,"Công nghệ kỹ thuật điện, điện tử (chuyên ngành Hệ thống cung cấp điện)"
53544,DSK,he-thong-cung-cap-dien,A01,Điểm thi THPT,2023,15.5,"Công nghệ kỹ thuật điện, điện tử (chuyên ngành Hệ thống cung cấp điện)"
53545,DSK,he-thong-cung-cap-dien,C01,Điểm thi THPT,2023,15.5,"Công nghệ kỹ thuật điện, điện tử (chuyên ngành Hệ thống cung cấp điện)"
53546,DSK,he-thong-cung-cap-dien,D01,Điểm thi THPT,2023,15.5,"Công nghệ kỹ thuật điện, điện tử (chuyên ngành Hệ thống cung cấp điện)"
53547,DSK,hoa-hoc-vat-lieu-moi,A00,Điểm thi THPT,2022,15.8,Công nghệ vật liệu (chuyên ngành Hóa học Vật liệu mới)
53548,DSK,hoa-hoc-vat-lieu-moi,A01,Điểm thi THPT,2022,15.8,Công nghệ vật liệu (chuyên ngành Hóa học Vật liệu mới)
53549,DSK,hoa-hoc-vat-lieu-moi,B00,Điểm thi THPT,2022,15.8,Công nghệ vật liệu (chuyên ngành Hóa học Vật liệu mới)
53550,DSK,hoa-hoc-vat-lieu-moi,D01,Điểm thi THPT,2022,15.8,Công nghệ vật liệu (chuyên ngành Hóa học Vật liệu mới)
53551,DSK,hoa-hoc-vat-lieu-moi,A00,Điểm học bạ,2023,18.03,Công nghệ vật liệu (chuyên ngành Hóa học Vật liệu mới)
53552,DSK,hoa-hoc-vat-lieu-moi,A01,Điểm học bạ,2023,18.03,Công nghệ vật liệu (chuyên ngành Hóa học Vật liệu mới)
53553,DSK,hoa-hoc-vat-lieu-moi,B00,Điểm học bạ,2023,18.03,Công nghệ vật liệu (chuyên ngành Hóa học Vật liệu mới)
53554,DSK,hoa-hoc-vat-lieu-moi,D01,Điểm học bạ,2023,18.03,Công nghệ vật liệu (chuyên ngành Hóa học Vật liệu mới)
53555,DSK,hoa-hoc-vat-lieu-moi,A00,Điểm thi THPT,2023,15.45,Công nghệ vật liệu (chuyên ngành Hóa học Vật liệu mới)
53556,DSK,hoa-hoc-vat-lieu-moi,A01,Điểm thi THPT,2023,15.45,Công nghệ vật liệu (chuyên ngành Hóa học Vật liệu mới)
53557,DSK,hoa-hoc-vat-lieu-moi,B00,Điểm thi THPT,2023,15.45,Công nghệ vật liệu (chuyên ngành Hóa học Vật liệu mới)
53558,DSK,hoa-hoc-vat-lieu-moi,D01,Điểm thi THPT,2023,15.45,Công nghệ vật liệu (chuyên ngành Hóa học Vật liệu mới)
53559,DSK,hoa-hoc-vat-lieu-moi,A00,Điểm học bạ,2024,18.71,Công nghệ vật liệu (chuyên ngành Hóa học Vật liệu mới)
53560,DSK,hoa-hoc-vat-lieu-moi,A01,Điểm học bạ,2024,18.71,Công nghệ vật liệu (chuyên ngành Hóa học Vật liệu mới)
53561,DSK,hoa-hoc-vat-lieu-moi,B00,Điểm học bạ,2024,18.71,Công nghệ vật liệu (chuyên ngành Hóa học Vật liệu mới)
53562,DSK,hoa-hoc-vat-lieu-moi,D01,Điểm học bạ,2024,18.71,Công nghệ vật liệu (chuyên ngành Hóa học Vật liệu mới)
53563,DSK,hoa-hoc-vat-lieu-moi,A00,Điểm thi THPT,2024,15.4,Công nghệ vật liệu (chuyên ngành Hóa học Vật liệu mới)
53564,DSK,hoa-hoc-vat-lieu-moi,A01,Điểm thi THPT,2024,15.4,Công nghệ vật liệu (chuyên ngành Hóa học Vật liệu mới)
53565,DSK,hoa-hoc-vat-lieu-moi,B00,Điểm thi THPT,2024,15.4,Công nghệ vật liệu (chuyên ngành Hóa học Vật liệu mới)
53566,DSK,hoa-hoc-vat-lieu-moi,D01,Điểm thi THPT,2024,15.4,Công nghệ vật liệu (chuyên ngành Hóa học Vật liệu mới)
53567,DSK,hoa-hoc-vat-lieu-moi,A00,Điểm học bạ,2025,23.07,Công nghệ vật liệu (chuyên ngành Hóa học Vật liệu mới)
53568,DSK,hoa-hoc-vat-lieu-moi,A01,Điểm học bạ,2025,23.07,Công nghệ vật liệu (chuyên ngành Hóa học Vật liệu mới)
53569,DSK,hoa-hoc-vat-lieu-moi,B00,Điểm học bạ,2025,23.07,Công nghệ vật liệu (chuyên ngành Hóa học Vật liệu mới)
53570,DSK,hoa-hoc-vat-lieu-moi,C02,Điểm học bạ,2025,23.07,Công nghệ vật liệu (chuyên ngành Hóa học Vật liệu mới)
53571,DSK,hoa-hoc-vat-lieu-moi,D01,Điểm học bạ,2025,23.07,Công nghệ vật liệu (chuyên ngành Hóa học Vật liệu mới)
53572,DSK,hoa-hoc-vat-lieu-moi,D07,Điểm học bạ,2025,23.07,Công nghệ vật liệu (chuyên ngành Hóa học Vật liệu mới)
53573,DSK,hoa-hoc-vat-lieu-moi,A00,Điểm thi THPT,2025,17.95,Công nghệ vật liệu (chuyên ngành Hóa học Vật liệu mới)
53574,DSK,hoa-hoc-vat-lieu-moi,A01,Điểm thi THPT,2025,17.95,Công nghệ vật liệu (chuyên ngành Hóa học Vật liệu mới)
53575,DSK,hoa-hoc-vat-lieu-moi,B00,Điểm thi THPT,2025,17.95,Công nghệ vật liệu (chuyên ngành Hóa học Vật liệu mới)
53576,DSK,hoa-hoc-vat-lieu-moi,C02,Điểm thi THPT,2025,17.95,Công nghệ vật liệu (chuyên ngành Hóa học Vật liệu mới)
53577,DSK,hoa-hoc-vat-lieu-moi,D01,Điểm thi THPT,2025,17.95,Công nghệ vật liệu (chuyên ngành Hóa học Vật liệu mới)
53578,DSK,hoa-hoc-vat-lieu-moi,D07,Điểm thi THPT,2025,17.95,Công nghệ vật liệu (chuyên ngành Hóa học Vật liệu mới)
53579,DSK,ky-thuat-co-so-ha-tang,A00,Điểm thi THPT,2021,15.05,Kỹ thuật cơ sở hạ tầng
53580,DSK,ky-thuat-co-so-ha-tang,A01,Điểm thi THPT,2021,15.05,Kỹ thuật cơ sở hạ tầng
53581,DSK,ky-thuat-co-so-ha-tang,C01,Điểm thi THPT,2021,15.05,Kỹ thuật cơ sở hạ tầng
53582,DSK,ky-thuat-co-so-ha-tang,D01,Điểm thi THPT,2021,15.05,Kỹ thuật cơ sở hạ tầng
53583,DSK,ky-thuat-dien-tu,A00,Điểm học bạ,2023,24.85,"Công nghệ kỹ thuật điện, điện tử (chuyên ngành Kỹ thuật điện tử )"
53584,DSK,ky-thuat-dien-tu,A01,Điểm học bạ,2023,24.85,"Công nghệ kỹ thuật điện, điện tử (chuyên ngành Kỹ thuật điện tử )"
53585,DSK,ky-thuat-dien-tu,C01,Điểm học bạ,2023,24.85,"Công nghệ kỹ thuật điện, điện tử (chuyên ngành Kỹ thuật điện tử )"
53586,DSK,ky-thuat-dien-tu,D01,Điểm học bạ,2023,24.85,"Công nghệ kỹ thuật điện, điện tử (chuyên ngành Kỹ thuật điện tử )"
53587,DSK,ky-thuat-dien-tu,A00,Điểm thi THPT,2023,20.7,"Công nghệ kỹ thuật điện, điện tử (chuyên ngành Kỹ thuật điện tử)"
53588,DSK,ky-thuat-dien-tu,A01,Điểm thi THPT,2023,20.7,"Công nghệ kỹ thuật điện, điện tử (chuyên ngành Kỹ thuật điện tử)"
53589,DSK,ky-thuat-dien-tu,C01,Điểm thi THPT,2023,20.7,"Công nghệ kỹ thuật điện, điện tử (chuyên ngành Kỹ thuật điện tử)"
53590,DSK,ky-thuat-dien-tu,D01,Điểm thi THPT,2023,20.7,"Công nghệ kỹ thuật điện, điện tử (chuyên ngành Kỹ thuật điện tử)"
53591,DSK,ky-thuat-dien-tu-va-he-thong-cung-cap-dien,A00,Điểm thi THPT,2021,19.7,"Công nghệ kỹ thuật điện, điện tử (Gồm 02 chuyên ngành Kỹ thuật điện tử và Hệ thống cung cấp điện)"
53592,DSK,ky-thuat-dien-tu-va-he-thong-cung-cap-dien,A01,Điểm thi THPT,2021,19.7,"Công nghệ kỹ thuật điện, điện tử (Gồm 02 chuyên ngành Kỹ thuật điện tử và Hệ thống cung cấp điện)"
53593,DSK,ky-thuat-dien-tu-va-he-thong-cung-cap-dien,C01,Điểm thi THPT,2021,19.7,"Công nghệ kỹ thuật điện, điện tử (Gồm 02 chuyên ngành Kỹ thuật điện tử và Hệ thống cung cấp điện)"
53594,DSK,ky-thuat-dien-tu-va-he-thong-cung-cap-dien,D01,Điểm thi THPT,2021,19.7,"Công nghệ kỹ thuật điện, điện tử (Gồm 02 chuyên ngành Kỹ thuật điện tử và Hệ thống cung cấp điện)"
53595,DSK,ky-thuat-dien-tu-va-he-thong-cung-cap-dien,A00,Điểm thi THPT,2022,19.7,"Công nghệ kỹ thuật điện, điện tử (gồm 02 chuyên ngành Kỹ thuật điện tử và Hệ thống cung cấp điện)"
53596,DSK,ky-thuat-dien-tu-va-he-thong-cung-cap-dien,A01,Điểm thi THPT,2022,19.7,"Công nghệ kỹ thuật điện, điện tử (gồm 02 chuyên ngành Kỹ thuật điện tử và Hệ thống cung cấp điện)"
53597,DSK,ky-thuat-dien-tu-va-he-thong-cung-cap-dien,C01,Điểm thi THPT,2022,19.7,"Công nghệ kỹ thuật điện, điện tử (gồm 02 chuyên ngành Kỹ thuật điện tử và Hệ thống cung cấp điện)"
53598,DSK,ky-thuat-dien-tu-va-he-thong-cung-cap-dien,D01,Điểm thi THPT,2022,19.7,"Công nghệ kỹ thuật điện, điện tử (gồm 02 chuyên ngành Kỹ thuật điện tử và Hệ thống cung cấp điện)"
53599,DSK,ky-thuat-sinh-hoc-thuc-pham,A00,Điểm học bạ,2024,22.4,Kỹ thuật thực phẩm (chuyên ngành Kỹ thuật sinh học thực phẩm)
53600,DSK,ky-thuat-sinh-hoc-thuc-pham,A01,Điểm học bạ,2024,22.4,Kỹ thuật thực phẩm (chuyên ngành Kỹ thuật sinh học thực phẩm)
53601,DSK,ky-thuat-sinh-hoc-thuc-pham,C01,Điểm học bạ,2024,22.4,Kỹ thuật thực phẩm (chuyên ngành Kỹ thuật sinh học thực phẩm)
53602,DSK,ky-thuat-sinh-hoc-thuc-pham,D01,Điểm học bạ,2024,22.4,Kỹ thuật thực phẩm (chuyên ngành Kỹ thuật sinh học thực phẩm)
53603,DSK,ky-thuat-sinh-hoc-thuc-pham,A00,Điểm thi THPT,2024,15.9,Kỹ thuật thực phẩm (chuyên ngành Kỹ thuật sinh học thực phẩm)
53604,DSK,ky-thuat-sinh-hoc-thuc-pham,A01,Điểm thi THPT,2024,15.9,Kỹ thuật thực phẩm (chuyên ngành Kỹ thuật sinh học thực phẩm)
53605,DSK,ky-thuat-sinh-hoc-thuc-pham,B00,Điểm thi THPT,2024,15.9,Kỹ thuật thực phẩm (chuyên ngành Kỹ thuật sinh học thực phẩm)
53606,DSK,ky-thuat-sinh-hoc-thuc-pham,D01,Điểm thi THPT,2024,15.9,Kỹ thuật thực phẩm (chuyên ngành Kỹ thuật sinh học thực phẩm)
53607,DSK,ky-thuat-sinh-hoc-thuc-pham,A00,Điểm học bạ,2025,22.37,Kỹ thuật thực phẩm (chuyên ngành Kỹ thuật sinh học thực phẩm)
53608,DSK,ky-thuat-sinh-hoc-thuc-pham,A01,Điểm học bạ,2025,22.37,Kỹ thuật thực phẩm (chuyên ngành Kỹ thuật sinh học thực phẩm)
53609,DSK,ky-thuat-sinh-hoc-thuc-pham,B00,Điểm học bạ,2025,22.37,Kỹ thuật thực phẩm (chuyên ngành Kỹ thuật sinh học thực phẩm)
53610,DSK,ky-thuat-sinh-hoc-thuc-pham,C02,Điểm học bạ,2025,22.37,Kỹ thuật thực phẩm (chuyên ngành Kỹ thuật sinh học thực phẩm)
53611,DSK,ky-thuat-sinh-hoc-thuc-pham,D01,Điểm học bạ,2025,22.37,Kỹ thuật thực phẩm (chuyên ngành Kỹ thuật sinh học thực phẩm)
53612,DSK,ky-thuat-sinh-hoc-thuc-pham,D07,Điểm học bạ,2025,22.37,Kỹ thuật thực phẩm (chuyên ngành Kỹ thuật sinh học thực phẩm)
53613,DSK,ky-thuat-sinh-hoc-thuc-pham,A00,Điểm thi THPT,2025,17.0,Kỹ thuật thực phẩm (chuyên ngành Kỹ thuật sinh học thực phẩm)
53614,DSK,ky-thuat-sinh-hoc-thuc-pham,A01,Điểm thi THPT,2025,17.0,Kỹ thuật thực phẩm (chuyên ngành Kỹ thuật sinh học thực phẩm)
53615,DSK,ky-thuat-sinh-hoc-thuc-pham,B00,Điểm thi THPT,2025,17.0,Kỹ thuật thực phẩm (chuyên ngành Kỹ thuật sinh học thực phẩm)
53616,DSK,ky-thuat-sinh-hoc-thuc-pham,C02,Điểm thi THPT,2025,17.0,Kỹ thuật thực phẩm (chuyên ngành Kỹ thuật sinh học thực phẩm)
53617,DSK,ky-thuat-sinh-hoc-thuc-pham,D01,Điểm thi THPT,2025,17.0,Kỹ thuật thực phẩm (chuyên ngành Kỹ thuật sinh học thực phẩm)
53618,DSK,ky-thuat-sinh-hoc-thuc-pham,D07,Điểm thi THPT,2025,17.0,Kỹ thuật thực phẩm (chuyên ngành Kỹ thuật sinh học thực phẩm)
53619,DSK,ky-thuat-thuc-pham,A00,Điểm thi THPT,2021,15.1,Kỹ thuật thực phẩm
53620,DSK,ky-thuat-thuc-pham,A01,Điểm thi THPT,2021,15.1,Kỹ thuật thực phẩm
53621,DSK,ky-thuat-thuc-pham,B00,Điểm thi THPT,2021,15.1,Kỹ thuật thực phẩm
53622,DSK,ky-thuat-thuc-pham,D01,Điểm thi THPT,2021,15.1,Kỹ thuật thực phẩm
53623,DSK,ky-thuat-thuc-pham,A00,Điểm học bạ,2024,23.21,Kỹ thuật thực phẩm
53624,DSK,ky-thuat-thuc-pham,A01,Điểm học bạ,2024,23.21,Kỹ thuật thực phẩm
53625,DSK,ky-thuat-thuc-pham,B00,Điểm học bạ,2024,23.21,Kỹ thuật thực phẩm
53626,DSK,ky-thuat-thuc-pham,D01,Điểm học bạ,2024,23.21,Kỹ thuật thực phẩm
53627,DSK,ky-thuat-thuc-pham,A00,Điểm thi THPT,2024,18.4,Kỹ thuật thực phẩm
53628,DSK,ky-thuat-thuc-pham,A01,Điểm thi THPT,2024,18.4,Kỹ thuật thực phẩm
53629,DSK,ky-thuat-thuc-pham,B00,Điểm thi THPT,2024,18.4,Kỹ thuật thực phẩm
53630,DSK,ky-thuat-thuc-pham,D01,Điểm thi THPT,2024,18.4,Kỹ thuật thực phẩm
53631,DSK,ky-thuat-thuc-pham,A00,Điểm học bạ,2025,23.49,Kỹ thuật thực phẩm
53632,DSK,ky-thuat-thuc-pham,A01,Điểm học bạ,2025,23.49,Kỹ thuật thực phẩm
53633,DSK,ky-thuat-thuc-pham,B00,Điểm học bạ,2025,23.49,Kỹ thuật thực phẩm
53634,DSK,ky-thuat-thuc-pham,C02,Điểm học bạ,2025,23.49,Kỹ thuật thực phẩm
53635,DSK,ky-thuat-thuc-pham,D01,Điểm học bạ,2025,23.49,Kỹ thuật thực phẩm
53636,DSK,ky-thuat-thuc-pham,D07,Điểm học bạ,2025,23.49,Kỹ thuật thực phẩm
53637,DSK,ky-thuat-thuc-pham,A00,Điểm thi THPT,2025,18.53,Kỹ thuật thực phẩm
53638,DSK,ky-thuat-thuc-pham,A01,Điểm thi THPT,2025,18.53,Kỹ thuật thực phẩm
53639,DSK,ky-thuat-thuc-pham,B00,Điểm thi THPT,2025,18.53,Kỹ thuật thực phẩm
53640,DSK,ky-thuat-thuc-pham,C02,Điểm thi THPT,2025,18.53,Kỹ thuật thực phẩm
53641,DSK,ky-thuat-thuc-pham,D01,Điểm thi THPT,2025,18.53,Kỹ thuật thực phẩm
53642,DSK,ky-thuat-thuc-pham,D07,Điểm thi THPT,2025,18.53,Kỹ thuật thực phẩm
53643,DSK,ky-thuat-thuc-pham-va-ky-thuat-sinh-hoc-thuc-pham,A00,Điểm thi THPT,2022,15.9,Kỹ thuật thực phẩm (gồm 2 chuyên ngành Kỹ thuật thực phẩm và Kỹ thuật sinh học thực phẩm)
53644,DSK,ky-thuat-thuc-pham-va-ky-thuat-sinh-hoc-thuc-pham,A01,Điểm thi THPT,2022,15.9,Kỹ thuật thực phẩm (gồm 2 chuyên ngành Kỹ thuật thực phẩm và Kỹ thuật sinh học thực phẩm)
53645,DSK,ky-thuat-thuc-pham-va-ky-thuat-sinh-hoc-thuc-pham,B00,Điểm thi THPT,2022,15.9,Kỹ thuật thực phẩm (gồm 2 chuyên ngành Kỹ thuật thực phẩm và Kỹ thuật sinh học thực phẩm)
53646,DSK,ky-thuat-thuc-pham-va-ky-thuat-sinh-hoc-thuc-pham,D01,Điểm thi THPT,2022,15.9,Kỹ thuật thực phẩm (gồm 2 chuyên ngành Kỹ thuật thực phẩm và Kỹ thuật sinh học thực phẩm)
53647,DSK,ky-thuat-thuc-pham-va-ky-thuat-sinh-hoc-thuc-pham,A00,Điểm học bạ,2023,21.91,Kỹ thuật thực phẩm (gồm 2 chuyên ngành Kỹ thuật thực phẩm và Kỹ thuật sinh học thực phẩm)
53648,DSK,ky-thuat-thuc-pham-va-ky-thuat-sinh-hoc-thuc-pham,A01,Điểm học bạ,2023,21.91,Kỹ thuật thực phẩm (gồm 2 chuyên ngành Kỹ thuật thực phẩm và Kỹ thuật sinh học thực phẩm)
53649,DSK,ky-thuat-thuc-pham-va-ky-thuat-sinh-hoc-thuc-pham,B00,Điểm học bạ,2023,21.91,Kỹ thuật thực phẩm (gồm 2 chuyên ngành Kỹ thuật thực phẩm và Kỹ thuật sinh học thực phẩm)
53650,DSK,ky-thuat-thuc-pham-va-ky-thuat-sinh-hoc-thuc-pham,D01,Điểm học bạ,2023,21.91,Kỹ thuật thực phẩm (gồm 2 chuyên ngành Kỹ thuật thực phẩm và Kỹ thuật sinh học thực phẩm)
53651,DSK,ky-thuat-thuc-pham-va-ky-thuat-sinh-hoc-thuc-pham,A00,Điểm thi THPT,2023,16.45,Kỹ thuật thực phẩm (gồm 2 chuyên ngành Kỹ thuật thực phẩm và Kỹ thuật sinh học thực phẩm)
53652,DSK,ky-thuat-thuc-pham-va-ky-thuat-sinh-hoc-thuc-pham,A01,Điểm thi THPT,2023,16.45,Kỹ thuật thực phẩm (gồm 2 chuyên ngành Kỹ thuật thực phẩm và Kỹ thuật sinh học thực phẩm)
53653,DSK,ky-thuat-thuc-pham-va-ky-thuat-sinh-hoc-thuc-pham,B00,Điểm thi THPT,2023,16.45,Kỹ thuật thực phẩm (gồm 2 chuyên ngành Kỹ thuật thực phẩm và Kỹ thuật sinh học thực phẩm)
53654,DSK,ky-thuat-thuc-pham-va-ky-thuat-sinh-hoc-thuc-pham,D01,Điểm thi THPT,2023,16.45,Kỹ thuật thực phẩm (gồm 2 chuyên ngành Kỹ thuật thực phẩm và Kỹ thuật sinh học thực phẩm)
53655,DSK,nhiet-dien-lanh,A00,Điểm thi THPT,2022,17.85,Công nghệ kỹ thuật nhiệt (chuyên ngành Nhiệt - Điện lạnh)
53656,DSK,nhiet-dien-lanh,A01,Điểm thi THPT,2022,17.85,Công nghệ kỹ thuật nhiệt (chuyên ngành Nhiệt - Điện lạnh)
53657,DSK,nhiet-dien-lanh,C01,Điểm thi THPT,2022,17.85,Công nghệ kỹ thuật nhiệt (chuyên ngành Nhiệt - Điện lạnh)
53658,DSK,nhiet-dien-lanh,D01,Điểm thi THPT,2022,17.85,Công nghệ kỹ thuật nhiệt (chuyên ngành Nhiệt - Điện lạnh)
53659,DSK,nhiet-dien-lanh,A00,Điểm học bạ,2023,21.75,Công nghệ kỹ thuật nhiệt (chuyên ngành Nhiệt - Điện lạnh)
53660,DSK,nhiet-dien-lanh,A01,Điểm học bạ,2023,21.75,Công nghệ kỹ thuật nhiệt (chuyên ngành Nhiệt - Điện lạnh)
53661,DSK,nhiet-dien-lanh,C01,Điểm học bạ,2023,21.75,Công nghệ kỹ thuật nhiệt (chuyên ngành Nhiệt - Điện lạnh)
53662,DSK,nhiet-dien-lanh,D01,Điểm học bạ,2023,21.75,Công nghệ kỹ thuật nhiệt (chuyên ngành Nhiệt - Điện lạnh)
53663,DSK,nhiet-dien-lanh,A00,Điểm thi THPT,2023,18.65,Công nghệ kỹ thuật nhiệt (chuyên ngành Nhiệt - Điện lạnh)
53664,DSK,nhiet-dien-lanh,A01,Điểm thi THPT,2023,18.65,Công nghệ kỹ thuật nhiệt (chuyên ngành Nhiệt - Điện lạnh)
53665,DSK,nhiet-dien-lanh,C01,Điểm thi THPT,2023,18.65,Công nghệ kỹ thuật nhiệt (chuyên ngành Nhiệt - Điện lạnh)
53666,DSK,nhiet-dien-lanh,D01,Điểm thi THPT,2023,18.65,Công nghệ kỹ thuật nhiệt (chuyên ngành Nhiệt - Điện lạnh)
53667,DSK,nhiet-dien-lanh,A00,Điểm học bạ,2024,23.72,Công nghệ kỹ thuật nhiệt (chuyên ngành Nhiệt - Điện lạnh)
53668,DSK,nhiet-dien-lanh,A01,Điểm học bạ,2024,23.72,Công nghệ kỹ thuật nhiệt (chuyên ngành Nhiệt - Điện lạnh)
53669,DSK,nhiet-dien-lanh,C01,Điểm học bạ,2024,23.72,Công nghệ kỹ thuật nhiệt (chuyên ngành Nhiệt - Điện lạnh)
53670,DSK,nhiet-dien-lanh,D01,Điểm học bạ,2024,23.72,Công nghệ kỹ thuật nhiệt (chuyên ngành Nhiệt - Điện lạnh)
53671,DSK,nhiet-dien-lanh,A00,Điểm thi THPT,2024,21.2,Công nghệ kỹ thuật nhiệt (chuyên ngành Nhiệt - Điện lạnh)
53672,DSK,nhiet-dien-lanh,A01,Điểm thi THPT,2024,21.2,Công nghệ kỹ thuật nhiệt (chuyên ngành Nhiệt - Điện lạnh)
53673,DSK,nhiet-dien-lanh,C01,Điểm thi THPT,2024,21.2,Công nghệ kỹ thuật nhiệt (chuyên ngành Nhiệt - Điện lạnh)
53674,DSK,nhiet-dien-lanh,D01,Điểm thi THPT,2024,21.2,Công nghệ kỹ thuật nhiệt (chuyên ngành Nhiệt - Điện lạnh)
53675,DSK,nhiet-dien-lanh,A00,Điểm học bạ,2025,24.57,Công nghệ kỹ thuật nhiệt (chuyên ngành Nhiệt - Điện lạnh)
53676,DSK,nhiet-dien-lanh,A01,Điểm học bạ,2025,24.57,Công nghệ kỹ thuật nhiệt (chuyên ngành Nhiệt - Điện lạnh)
53677,DSK,nhiet-dien-lanh,C01,Điểm học bạ,2025,24.57,Công nghệ kỹ thuật nhiệt (chuyên ngành Nhiệt - Điện lạnh)
53678,DSK,nhiet-dien-lanh,X06,Điểm học bạ,2025,24.57,Công nghệ kỹ thuật nhiệt (chuyên ngành Nhiệt - Điện lạnh)
53679,DSK,nhiet-dien-lanh,X07,Điểm học bạ,2025,24.57,Công nghệ kỹ thuật nhiệt (chuyên ngành Nhiệt - Điện lạnh)
53680,DSK,nhiet-dien-lanh,X27,Điểm học bạ,2025,24.57,Công nghệ kỹ thuật nhiệt (chuyên ngành Nhiệt - Điện lạnh)
53681,DSK,nhiet-dien-lanh,A00,Điểm thi THPT,2025,20.2,Công nghệ kỹ thuật nhiệt (chuyên ngành Nhiệt - Điện lạnh)
53682,DSK,nhiet-dien-lanh,A01,Điểm thi THPT,2025,20.2,Công nghệ kỹ thuật nhiệt (chuyên ngành Nhiệt - Điện lạnh)
53683,DSK,nhiet-dien-lanh,C01,Điểm thi THPT,2025,20.2,Công nghệ kỹ thuật nhiệt (chuyên ngành Nhiệt - Điện lạnh)
53684,DSK,nhiet-dien-lanh,D01,Điểm thi THPT,2025,20.2,Công nghệ kỹ thuật nhiệt (chuyên ngành Nhiệt - Điện lạnh)
53685,DSK,nhiet-dien-lanh,X06,Điểm thi THPT,2025,20.2,Công nghệ kỹ thuật nhiệt (chuyên ngành Nhiệt - Điện lạnh)
53686,DSK,nhiet-dien-lanh,X07,Điểm thi THPT,2025,20.2,Công nghệ kỹ thuật nhiệt (chuyên ngành Nhiệt - Điện lạnh)
53687,DSK,o-to-dien,A00,Điểm học bạ,2024,24.96,Công nghệ kỹ thuật ô tô (chuyên ngành Ô tô điện)
53688,DSK,o-to-dien,A01,Điểm học bạ,2024,24.96,Công nghệ kỹ thuật ô tô (chuyên ngành Ô tô điện)
53689,DSK,o-to-dien,C01,Điểm học bạ,2024,24.96,Công nghệ kỹ thuật ô tô (chuyên ngành Ô tô điện)
53690,DSK,o-to-dien,D01,Điểm học bạ,2024,24.96,Công nghệ kỹ thuật ô tô (chuyên ngành Ô tô điện)
53691,DSK,o-to-dien,A00,Điểm thi THPT,2024,22.85,Công nghệ kỹ thuật ô tô (chuyên ngành Ô tô điện)
53692,DSK,o-to-dien,A01,Điểm thi THPT,2024,22.85,Công nghệ kỹ thuật ô tô (chuyên ngành Ô tô điện)
53693,DSK,o-to-dien,C01,Điểm thi THPT,2024,22.85,Công nghệ kỹ thuật ô tô (chuyên ngành Ô tô điện)
53694,DSK,o-to-dien,D01,Điểm thi THPT,2024,22.85,Công nghệ kỹ thuật ô tô (chuyên ngành Ô tô điện)
53695,DSK,o-to-dien,A00,Điểm học bạ,2025,25.92,Công nghệ kỹ thuật ô tô (chuyên ngành Ô tô điện)
53696,DSK,o-to-dien,A01,Điểm học bạ,2025,25.92,Công nghệ kỹ thuật ô tô (chuyên ngành Ô tô điện)
53697,DSK,o-to-dien,C01,Điểm học bạ,2025,25.92,Công nghệ kỹ thuật ô tô (chuyên ngành Ô tô điện)
53698,DSK,o-to-dien,X06,Điểm học bạ,2025,25.92,Công nghệ kỹ thuật ô tô (chuyên ngành Ô tô điện)
53699,DSK,o-to-dien,X07,Điểm học bạ,2025,25.92,Công nghệ kỹ thuật ô tô (chuyên ngành Ô tô điện)
53700,DSK,o-to-dien,X27,Điểm học bạ,2025,25.92,Công nghệ kỹ thuật ô tô (chuyên ngành Ô tô điện)
53701,DSK,o-to-dien,A00,Điểm thi THPT,2025,22.35,Công nghệ kỹ thuật ô tô (chuyên ngành Ô tô điện)
53702,DSK,o-to-dien,A01,Điểm thi THPT,2025,22.35,Công nghệ kỹ thuật ô tô (chuyên ngành Ô tô điện)
53703,DSK,o-to-dien,C01,Điểm thi THPT,2025,22.35,Công nghệ kỹ thuật ô tô (chuyên ngành Ô tô điện)
53704,DSK,o-to-dien,D01,Điểm thi THPT,2025,22.35,Công nghệ kỹ thuật ô tô (chuyên ngành Ô tô điện)
53705,DSK,o-to-dien,X06,Điểm thi THPT,2025,22.35,Công nghệ kỹ thuật ô tô (chuyên ngành Ô tô điện)
53706,DSK,o-to-dien,X07,Điểm thi THPT,2025,22.35,Công nghệ kỹ thuật ô tô (chuyên ngành Ô tô điện)
53707,DSK,theo-15-nganh-dao-tao-tai-truong,A00,Điểm thi THPT,2021,19.1,Sư phạm Kỹ thuật công nghiệp (chuyên ngành theo 15 ngành đào tạo tại Trường)
53708,DSK,theo-15-nganh-dao-tao-tai-truong,A01,Điểm thi THPT,2021,19.1,Sư phạm Kỹ thuật công nghiệp (chuyên ngành theo 15 ngành đào tạo tại Trường)
53709,DSK,theo-15-nganh-dao-tao-tai-truong,C01,Điểm thi THPT,2021,19.1,Sư phạm Kỹ thuật công nghiệp (chuyên ngành theo 15 ngành đào tạo tại Trường)
53710,DSK,theo-15-nganh-dao-tao-tai-truong,D01,Điểm thi THPT,2021,19.1,Sư phạm Kỹ thuật công nghiệp (chuyên ngành theo 15 ngành đào tạo tại Trường)
53711,DSK,thiet-ke-va-mo-phong-so-trong-co-khi,A00,Điểm học bạ,2025,23.87,Công nghệ kỹ thuật cơ khí (chuyên ngành Thiết kế và mô phỏng số trong cơ khí)
53712,DSK,thiet-ke-va-mo-phong-so-trong-co-khi,A01,Điểm học bạ,2025,23.87,Công nghệ kỹ thuật cơ khí (chuyên ngành Thiết kế và mô phỏng số trong cơ khí)
53713,DSK,thiet-ke-va-mo-phong-so-trong-co-khi,C01,Điểm học bạ,2025,23.87,Công nghệ kỹ thuật cơ khí (chuyên ngành Thiết kế và mô phỏng số trong cơ khí)
53714,DSK,thiet-ke-va-mo-phong-so-trong-co-khi,X06,Điểm học bạ,2025,23.87,Công nghệ kỹ thuật cơ khí (chuyên ngành Thiết kế và mô phỏng số trong cơ khí)
53715,DSK,thiet-ke-va-mo-phong-so-trong-co-khi,X07,Điểm học bạ,2025,23.87,Công nghệ kỹ thuật cơ khí (chuyên ngành Thiết kế và mô phỏng số trong cơ khí)
53716,DSK,thiet-ke-va-mo-phong-so-trong-co-khi,X27,Điểm học bạ,2025,23.87,Công nghệ kỹ thuật cơ khí (chuyên ngành Thiết kế và mô phỏng số trong cơ khí)
53717,DSK,thiet-ke-va-mo-phong-so-trong-co-khi,A00,Điểm thi THPT,2025,19.1,Công nghệ kỹ thuật cơ khí (chuyên ngành Thiết kế và mô phỏng số trong cơ khí)
53718,DSK,thiet-ke-va-mo-phong-so-trong-co-khi,A01,Điểm thi THPT,2025,19.1,Công nghệ kỹ thuật cơ khí (chuyên ngành Thiết kế và mô phỏng số trong cơ khí)
53719,DSK,thiet-ke-va-mo-phong-so-trong-co-khi,C01,Điểm thi THPT,2025,19.1,Công nghệ kỹ thuật cơ khí (chuyên ngành Thiết kế và mô phỏng số trong cơ khí)
53720,DSK,thiet-ke-va-mo-phong-so-trong-co-khi,D01,Điểm thi THPT,2025,19.1,Công nghệ kỹ thuật cơ khí (chuyên ngành Thiết kế và mô phỏng số trong cơ khí)
53721,DSK,thiet-ke-va-mo-phong-so-trong-co-khi,X06,Điểm thi THPT,2025,19.1,Công nghệ kỹ thuật cơ khí (chuyên ngành Thiết kế và mô phỏng số trong cơ khí)
53722,DSK,thiet-ke-va-mo-phong-so-trong-co-khi,X07,Điểm thi THPT,2025,19.1,Công nghệ kỹ thuật cơ khí (chuyên ngành Thiết kế và mô phỏng số trong cơ khí)
53723,DSK,thiet-ke-vi-mach-ban-dan,A00,Điểm học bạ,2024,26.17,Công nghệ kỹ thuật điện tử - viễn thông (chuyên ngành Thiết kế vi mạch bán dẫn)
53724,DSK,thiet-ke-vi-mach-ban-dan,A01,Điểm học bạ,2024,26.17,Công nghệ kỹ thuật điện tử - viễn thông (chuyên ngành Thiết kế vi mạch bán dẫn)
53725,DSK,thiet-ke-vi-mach-ban-dan,C01,Điểm học bạ,2024,26.17,Công nghệ kỹ thuật điện tử - viễn thông (chuyên ngành Thiết kế vi mạch bán dẫn)
53726,DSK,thiet-ke-vi-mach-ban-dan,D01,Điểm học bạ,2024,26.17,Công nghệ kỹ thuật điện tử - viễn thông (chuyên ngành Thiết kế vi mạch bán dẫn)
53727,DSK,thiet-ke-vi-mach-ban-dan,A00,Điểm thi THPT,2024,23.55,Công nghệ kỹ thuật điện tử - viễn thông (chuyên ngành Thiết kế vi mạch bán dẫn)
53728,DSK,thiet-ke-vi-mach-ban-dan,A01,Điểm thi THPT,2024,23.55,Công nghệ kỹ thuật điện tử - viễn thông (chuyên ngành Thiết kế vi mạch bán dẫn)
53729,DSK,thiet-ke-vi-mach-ban-dan,C01,Điểm thi THPT,2024,23.55,Công nghệ kỹ thuật điện tử - viễn thông (chuyên ngành Thiết kế vi mạch bán dẫn)
53730,DSK,thiet-ke-vi-mach-ban-dan,D01,Điểm thi THPT,2024,23.55,Công nghệ kỹ thuật điện tử - viễn thông (chuyên ngành Thiết kế vi mạch bán dẫn)
53731,DSK,thiet-ke-vi-mach-ban-dan,A00,Điểm thi THPT,2025,21.85,Công nghệ kỹ thuật điện tử - viễn thông (chuyên ngành Thiết kế vi mạch bán dẫn)
53732,DSK,thiet-ke-vi-mach-ban-dan,A01,Điểm thi THPT,2025,21.85,Công nghệ kỹ thuật điện tử - viễn thông (chuyên ngành Thiết kế vi mạch bán dẫn)
53733,DSK,thiet-ke-vi-mach-ban-dan,C01,Điểm thi THPT,2025,21.85,Công nghệ kỹ thuật điện tử - viễn thông (chuyên ngành Thiết kế vi mạch bán dẫn)
53734,DSK,thiet-ke-vi-mach-ban-dan,X06,Điểm thi THPT,2025,21.85,Công nghệ kỹ thuật điện tử - viễn thông (chuyên ngành Thiết kế vi mạch bán dẫn)
53735,DSK,thiet-ke-vi-mach-ban-dan,X07,Điểm thi THPT,2025,21.85,Công nghệ kỹ thuật điện tử - viễn thông (chuyên ngành Thiết kế vi mạch bán dẫn)
53736,DSK,xay-dung-cau-duong,A00,Điểm thi THPT,2021,15.0,Công nghệ kỹ thuật giao thông (Chuyên ngành Xây dựng cầu đường)
53737,DSK,xay-dung-cau-duong,A01,Điểm thi THPT,2021,15.0,Công nghệ kỹ thuật giao thông (Chuyên ngành Xây dựng cầu đường)
53738,DSK,xay-dung-cau-duong,C01,Điểm thi THPT,2021,15.0,Công nghệ kỹ thuật giao thông (Chuyên ngành Xây dựng cầu đường)
53739,DSK,xay-dung-cau-duong,D01,Điểm thi THPT,2021,15.0,Công nghệ kỹ thuật giao thông (Chuyên ngành Xây dựng cầu đường)
53740,DSK,xay-dung-cau-duong,A00,Điểm thi THPT,2022,15.85,Công nghệ kỹ thuật giao thông (chuyên ngành Xây dựng cầu đường)
53741,DSK,xay-dung-cau-duong,A01,Điểm thi THPT,2022,15.85,Công nghệ kỹ thuật giao thông (chuyên ngành Xây dựng cầu đường)
53742,DSK,xay-dung-cau-duong,C01,Điểm thi THPT,2022,15.85,Công nghệ kỹ thuật giao thông (chuyên ngành Xây dựng cầu đường)
53743,DSK,xay-dung-cau-duong,D01,Điểm thi THPT,2022,15.85,Công nghệ kỹ thuật giao thông (chuyên ngành Xây dựng cầu đường)
53744,DSK,xay-dung-cau-duong,A00,Điểm học bạ,2023,18.03,Công nghệ kỹ thuật giao thông (chuyên ngành Xây dựng cầu đường)
53745,DSK,xay-dung-cau-duong,A01,Điểm học bạ,2023,18.03,Công nghệ kỹ thuật giao thông (chuyên ngành Xây dựng cầu đường)
53746,DSK,xay-dung-cau-duong,C01,Điểm học bạ,2023,18.03,Công nghệ kỹ thuật giao thông (chuyên ngành Xây dựng cầu đường)
53747,DSK,xay-dung-cau-duong,D01,Điểm học bạ,2023,18.03,Công nghệ kỹ thuật giao thông (chuyên ngành Xây dựng cầu đường)
53748,DSK,xay-dung-cau-duong,A00,Điểm thi THPT,2023,15.35,Công nghệ kỹ thuật giao thông (chuyên ngành Xây dựng cầu đường)
53749,DSK,xay-dung-cau-duong,A01,Điểm thi THPT,2023,15.35,Công nghệ kỹ thuật giao thông (chuyên ngành Xây dựng cầu đường)
53750,DSK,xay-dung-cau-duong,C01,Điểm thi THPT,2023,15.35,Công nghệ kỹ thuật giao thông (chuyên ngành Xây dựng cầu đường)
53751,DSK,xay-dung-cau-duong,D01,Điểm thi THPT,2023,15.35,Công nghệ kỹ thuật giao thông (chuyên ngành Xây dựng cầu đường)
53752,DSK,xay-dung-cau-duong,A00,Điểm học bạ,2024,20.78,Công nghệ kỹ thuật giao thông (chuyên ngành Xây dựng cầu đường)
53753,DSK,xay-dung-cau-duong,A01,Điểm học bạ,2024,20.78,Công nghệ kỹ thuật giao thông (chuyên ngành Xây dựng cầu đường)
53754,DSK,xay-dung-cau-duong,C01,Điểm học bạ,2024,20.78,Công nghệ kỹ thuật giao thông (chuyên ngành Xây dựng cầu đường)
53755,DSK,xay-dung-cau-duong,D01,Điểm học bạ,2024,20.78,Công nghệ kỹ thuật giao thông (chuyên ngành Xây dựng cầu đường)
53756,DSK,xay-dung-cau-duong,A00,Điểm thi THPT,2024,18.5,Công nghệ kỹ thuật giao thông (chuyên ngành Xây dựng cầu đường)
53757,DSK,xay-dung-cau-duong,A01,Điểm thi THPT,2024,18.5,Công nghệ kỹ thuật giao thông (chuyên ngành Xây dựng cầu đường)
53758,DSK,xay-dung-cau-duong,C01,Điểm thi THPT,2024,18.5,Công nghệ kỹ thuật giao thông (chuyên ngành Xây dựng cầu đường)
53759,DSK,xay-dung-cau-duong,D01,Điểm thi THPT,2024,18.5,Công nghệ kỹ thuật giao thông (chuyên ngành Xây dựng cầu đường)
53760,DSK,xay-dung-cau-duong,A00,Điểm học bạ,2025,23.03,Công nghệ kỹ thuật giao thông (chuyên ngành Xây dựng cầu đường)
53761,DSK,xay-dung-cau-duong,A01,Điểm học bạ,2025,23.03,Công nghệ kỹ thuật giao thông (chuyên ngành Xây dựng cầu đường)
53762,DSK,xay-dung-cau-duong,C01,Điểm học bạ,2025,23.03,Công nghệ kỹ thuật giao thông (chuyên ngành Xây dựng cầu đường)
53763,DSK,xay-dung-cau-duong,D01,Điểm học bạ,2025,23.03,Công nghệ kỹ thuật giao thông (chuyên ngành Xây dựng cầu đường)
53764,DSK,xay-dung-cau-duong,X02,Điểm học bạ,2025,23.03,Công nghệ kỹ thuật giao thông (chuyên ngành Xây dựng cầu đường)
53765,DSK,xay-dung-cau-duong,X03,Điểm học bạ,2025,23.03,Công nghệ kỹ thuật giao thông (chuyên ngành Xây dựng cầu đường)
53766,DSK,xay-dung-cau-duong,A00,Điểm thi THPT,2025,17.89,Công nghệ kỹ thuật giao thông (chuyên ngành Xây dựng cầu đường)
53767,DSK,xay-dung-cau-duong,A01,Điểm thi THPT,2025,17.89,Công nghệ kỹ thuật giao thông (chuyên ngành Xây dựng cầu đường)
53768,DSK,xay-dung-cau-duong,C01,Điểm thi THPT,2025,17.89,Công nghệ kỹ thuật giao thông (chuyên ngành Xây dựng cầu đường)
53769,DSK,xay-dung-cau-duong,C04,Điểm thi THPT,2025,17.89,Công nghệ kỹ thuật giao thông (chuyên ngành Xây dựng cầu đường)
53770,DSK,xay-dung-cau-duong,D01,Điểm thi THPT,2025,17.89,Công nghệ kỹ thuật giao thông (chuyên ngành Xây dựng cầu đường)
53771,DSK,xay-dung-cau-duong,X02,Điểm thi THPT,2025,17.89,Công nghệ kỹ thuật giao thông (chuyên ngành Xây dựng cầu đường)
53772,DSK,xay-dung-dan-dung-cong-nghiep,A00,Điểm thi THPT,2021,18.0,Công nghệ kỹ thuật xây dựng (Chuyên ngành Xây dựng dân dụng & Công nghiệp)
53773,DSK,xay-dung-dan-dung-cong-nghiep,A01,Điểm thi THPT,2021,18.0,Công nghệ kỹ thuật xây dựng (Chuyên ngành Xây dựng dân dụng & Công nghiệp)
53774,DSK,xay-dung-dan-dung-cong-nghiep,C01,Điểm thi THPT,2021,18.0,Công nghệ kỹ thuật xây dựng (Chuyên ngành Xây dựng dân dụng & Công nghiệp)
53775,DSK,xay-dung-dan-dung-cong-nghiep,D01,Điểm thi THPT,2021,18.0,Công nghệ kỹ thuật xây dựng (Chuyên ngành Xây dựng dân dụng & Công nghiệp)
53776,DSK,xay-dung-dan-dung-cong-nghiep,A00,Điểm thi THPT,2022,15.7,Công nghệ kỹ thuật xây dựng (chuyên ngành Xây dựng dân dụng & Công nghiệp)
53777,DSK,xay-dung-dan-dung-cong-nghiep,A01,Điểm thi THPT,2022,15.7,Công nghệ kỹ thuật xây dựng (chuyên ngành Xây dựng dân dụng & Công nghiệp)
53778,DSK,xay-dung-dan-dung-cong-nghiep,C01,Điểm thi THPT,2022,15.7,Công nghệ kỹ thuật xây dựng (chuyên ngành Xây dựng dân dụng & Công nghiệp)
53779,DSK,xay-dung-dan-dung-cong-nghiep,D01,Điểm thi THPT,2022,15.7,Công nghệ kỹ thuật xây dựng (chuyên ngành Xây dựng dân dụng & Công nghiệp)
53780,DSK,xay-dung-dan-dung-cong-nghiep,A00,Điểm học bạ,2023,18.35,Công nghệ kỹ thuật xây dựng (chuyên ngành Xây dựng dân dụng & Công nghiệp)
53781,DSK,xay-dung-dan-dung-cong-nghiep,A01,Điểm học bạ,2023,18.35,Công nghệ kỹ thuật xây dựng (chuyên ngành Xây dựng dân dụng & Công nghiệp)
53782,DSK,xay-dung-dan-dung-cong-nghiep,C01,Điểm học bạ,2023,18.35,Công nghệ kỹ thuật xây dựng (chuyên ngành Xây dựng dân dụng & Công nghiệp)
53783,DSK,xay-dung-dan-dung-cong-nghiep,D01,Điểm học bạ,2023,18.35,Công nghệ kỹ thuật xây dựng (chuyên ngành Xây dựng dân dụng & Công nghiệp)
53784,DSK,xay-dung-dan-dung-cong-nghiep,A00,Điểm thi THPT,2023,15.0,Công nghệ kỹ thuật xây dựng (chuyên ngành Xây dựng dân dụng & Công nghiệp)
53785,DSK,xay-dung-dan-dung-cong-nghiep,A01,Điểm thi THPT,2023,15.0,Công nghệ kỹ thuật xây dựng (chuyên ngành Xây dựng dân dụng & Công nghiệp)
53786,DSK,xay-dung-dan-dung-cong-nghiep,C01,Điểm thi THPT,2023,15.0,Công nghệ kỹ thuật xây dựng (chuyên ngành Xây dựng dân dụng & Công nghiệp)
53787,DSK,xay-dung-dan-dung-cong-nghiep,D01,Điểm thi THPT,2023,15.0,Công nghệ kỹ thuật xây dựng (chuyên ngành Xây dựng dân dụng & Công nghiệp)
53788,DSK,xay-dung-dan-dung-va-cong-nghiep,A00,Điểm học bạ,2024,20.79,Công nghệ kỹ thuật xây dựng (chuyên ngành Xây dựng dân dụng và Công nghiệp)
53789,DSK,xay-dung-dan-dung-va-cong-nghiep,A01,Điểm học bạ,2024,20.79,Công nghệ kỹ thuật xây dựng (chuyên ngành Xây dựng dân dụng và Công nghiệp)
53790,DSK,xay-dung-dan-dung-va-cong-nghiep,C01,Điểm học bạ,2024,20.79,Công nghệ kỹ thuật xây dựng (chuyên ngành Xây dựng dân dụng và Công nghiệp)
53791,DSK,xay-dung-dan-dung-va-cong-nghiep,D01,Điểm học bạ,2024,20.79,Công nghệ kỹ thuật xây dựng (chuyên ngành Xây dựng dân dụng và Công nghiệp)
53792,DSK,xay-dung-dan-dung-va-cong-nghiep,A00,Điểm thi THPT,2024,16.0,Công nghệ kỹ thuật xây dựng (chuyên ngành Xây dựng dân dụng và Công nghiệp)
53793,DSK,xay-dung-dan-dung-va-cong-nghiep,A01,Điểm thi THPT,2024,16.0,Công nghệ kỹ thuật xây dựng (chuyên ngành Xây dựng dân dụng và Công nghiệp)
53794,DSK,xay-dung-dan-dung-va-cong-nghiep,C01,Điểm thi THPT,2024,16.0,Công nghệ kỹ thuật xây dựng (chuyên ngành Xây dựng dân dụng và Công nghiệp)
53795,DSK,xay-dung-dan-dung-va-cong-nghiep,D01,Điểm thi THPT,2024,16.0,Công nghệ kỹ thuật xây dựng (chuyên ngành Xây dựng dân dụng và Công nghiệp)
53796,DSK,xay-dung-dan-dung-va-cong-nghiep,A00,Điểm học bạ,2025,23.04,Công nghệ kỹ thuật xây dựng (chuyên ngành Xây dựng dân dụng và Công nghiệp)
53797,DSK,xay-dung-dan-dung-va-cong-nghiep,A01,Điểm học bạ,2025,23.04,Công nghệ kỹ thuật xây dựng (chuyên ngành Xây dựng dân dụng và Công nghiệp)
53798,DSK,xay-dung-dan-dung-va-cong-nghiep,C01,Điểm học bạ,2025,23.04,Công nghệ kỹ thuật xây dựng (chuyên ngành Xây dựng dân dụng và Công nghiệp)
53799,DSK,xay-dung-dan-dung-va-cong-nghiep,D01,Điểm học bạ,2025,23.04,Công nghệ kỹ thuật xây dựng (chuyên ngành Xây dựng dân dụng và Công nghiệp)
53800,DSK,xay-dung-dan-dung-va-cong-nghiep,X02,Điểm học bạ,2025,23.04,Công nghệ kỹ thuật xây dựng (chuyên ngành Xây dựng dân dụng và Công nghiệp)
53801,DSK,xay-dung-dan-dung-va-cong-nghiep,X03,Điểm học bạ,2025,23.04,Công nghệ kỹ thuật xây dựng (chuyên ngành Xây dựng dân dụng và Công nghiệp)
53802,DSK,xay-dung-dan-dung-va-cong-nghiep,A00,Điểm thi THPT,2025,17.91,Công nghệ kỹ thuật xây dựng (chuyên ngành Xây dựng dân dụng và Công nghiệp)
53803,DSK,xay-dung-dan-dung-va-cong-nghiep,A01,Điểm thi THPT,2025,17.91,Công nghệ kỹ thuật xây dựng (chuyên ngành Xây dựng dân dụng và Công nghiệp)
53804,DSK,xay-dung-dan-dung-va-cong-nghiep,C01,Điểm thi THPT,2025,17.91,Công nghệ kỹ thuật xây dựng (chuyên ngành Xây dựng dân dụng và Công nghiệp)
53805,DSK,xay-dung-dan-dung-va-cong-nghiep,C04,Điểm thi THPT,2025,17.91,Công nghệ kỹ thuật xây dựng (chuyên ngành Xây dựng dân dụng và Công nghiệp)
53806,DSK,xay-dung-dan-dung-va-cong-nghiep,D01,Điểm thi THPT,2025,17.91,Công nghệ kỹ thuật xây dựng (chuyên ngành Xây dựng dân dụng và Công nghiệp)
53807,DSK,xay-dung-dan-dung-va-cong-nghiep,X02,Điểm thi THPT,2025,17.91,Công nghệ kỹ thuật xây dựng (chuyên ngành Xây dựng dân dụng và Công nghiệp)
53808,DSK,xay-dung-ha-tang-do-thi,A00,Điểm thi THPT,2022,15.05,Kỹ thuật cơ sở hạ tầng (chuyên ngành Xây dựng hạ tầng đô thị)
53809,DSK,xay-dung-ha-tang-do-thi,A01,Điểm thi THPT,2022,15.05,Kỹ thuật cơ sở hạ tầng (chuyên ngành Xây dựng hạ tầng đô thị)
53810,DSK,xay-dung-ha-tang-do-thi,C01,Điểm thi THPT,2022,15.05,Kỹ thuật cơ sở hạ tầng (chuyên ngành Xây dựng hạ tầng đô thị)
53811,DSK,xay-dung-ha-tang-do-thi,D01,Điểm thi THPT,2022,15.05,Kỹ thuật cơ sở hạ tầng (chuyên ngành Xây dựng hạ tầng đô thị)
53812,DSK,xay-dung-ha-tang-do-thi,A00,Điểm học bạ,2023,20.43,Kỹ thuật cơ sở hạ tầng (chuyên ngành Xây dựng hạ tầng đô thị)
53813,DSK,xay-dung-ha-tang-do-thi,A01,Điểm học bạ,2023,20.43,Kỹ thuật cơ sở hạ tầng (chuyên ngành Xây dựng hạ tầng đô thị)
53814,DSK,xay-dung-ha-tang-do-thi,C01,Điểm học bạ,2023,20.43,Kỹ thuật cơ sở hạ tầng (chuyên ngành Xây dựng hạ tầng đô thị)
53815,DSK,xay-dung-ha-tang-do-thi,D01,Điểm học bạ,2023,20.43,Kỹ thuật cơ sở hạ tầng (chuyên ngành Xây dựng hạ tầng đô thị)
53816,DSK,xay-dung-ha-tang-do-thi,A00,Điểm thi THPT,2023,15.4,Kỹ thuật cơ sở hạ tầng (chuyên ngành Xây dựng hạ tầng đô thị)
53817,DSK,xay-dung-ha-tang-do-thi,A01,Điểm thi THPT,2023,15.4,Kỹ thuật cơ sở hạ tầng (chuyên ngành Xây dựng hạ tầng đô thị)
53818,DSK,xay-dung-ha-tang-do-thi,C01,Điểm thi THPT,2023,15.4,Kỹ thuật cơ sở hạ tầng (chuyên ngành Xây dựng hạ tầng đô thị)
53819,DSK,xay-dung-ha-tang-do-thi,D01,Điểm thi THPT,2023,15.4,Kỹ thuật cơ sở hạ tầng (chuyên ngành Xây dựng hạ tầng đô thị)
53820,DSK,xay-dung-ha-tang-do-thi,A00,Điểm học bạ,2024,21.55,Kỹ thuật cơ sở hạ tầng (chuyên ngành Xây dựng hạ tầng đô thị)
53821,DSK,xay-dung-ha-tang-do-thi,A01,Điểm học bạ,2024,21.55,Kỹ thuật cơ sở hạ tầng (chuyên ngành Xây dựng hạ tầng đô thị)
53822,DSK,xay-dung-ha-tang-do-thi,C01,Điểm học bạ,2024,21.55,Kỹ thuật cơ sở hạ tầng (chuyên ngành Xây dựng hạ tầng đô thị)
53823,DSK,xay-dung-ha-tang-do-thi,D01,Điểm học bạ,2024,21.55,Kỹ thuật cơ sở hạ tầng (chuyên ngành Xây dựng hạ tầng đô thị)
53824,DSK,xay-dung-ha-tang-do-thi,A00,Điểm thi THPT,2024,18.45,Kỹ thuật cơ sở hạ tầng (chuyên ngành Xây dựng hạ tầng đô thị)
53825,DSK,xay-dung-ha-tang-do-thi,A01,Điểm thi THPT,2024,18.45,Kỹ thuật cơ sở hạ tầng (chuyên ngành Xây dựng hạ tầng đô thị)
53826,DSK,xay-dung-ha-tang-do-thi,C01,Điểm thi THPT,2024,18.45,Kỹ thuật cơ sở hạ tầng (chuyên ngành Xây dựng hạ tầng đô thị)
53827,DSK,xay-dung-ha-tang-do-thi,D01,Điểm thi THPT,2024,18.45,Kỹ thuật cơ sở hạ tầng (chuyên ngành Xây dựng hạ tầng đô thị)
53828,DSK,xay-dung-ha-tang-do-thi,A00,Điểm học bạ,2025,23.54,Kỹ thuật cơ sở hạ tầng (chuyên ngành Xây dựng hạ tầng đô thị)
53829,DSK,xay-dung-ha-tang-do-thi,A01,Điểm học bạ,2025,23.54,Kỹ thuật cơ sở hạ tầng (chuyên ngành Xây dựng hạ tầng đô thị)
53830,DSK,xay-dung-ha-tang-do-thi,C01,Điểm học bạ,2025,23.54,Kỹ thuật cơ sở hạ tầng (chuyên ngành Xây dựng hạ tầng đô thị)
53831,DSK,xay-dung-ha-tang-do-thi,D01,Điểm học bạ,2025,23.54,Kỹ thuật cơ sở hạ tầng (chuyên ngành Xây dựng hạ tầng đô thị)
53832,DSK,xay-dung-ha-tang-do-thi,X02,Điểm học bạ,2025,23.54,Kỹ thuật cơ sở hạ tầng (chuyên ngành Xây dựng hạ tầng đô thị)
53833,DSK,xay-dung-ha-tang-do-thi,X03,Điểm học bạ,2025,23.54,Kỹ thuật cơ sở hạ tầng (chuyên ngành Xây dựng hạ tầng đô thị)
53834,DSK,xay-dung-ha-tang-do-thi,A00,Điểm thi THPT,2025,18.6,Kỹ thuật cơ sở hạ tầng (chuyên ngành Xây dựng hạ tầng đô thị)
53835,DSK,xay-dung-ha-tang-do-thi,A01,Điểm thi THPT,2025,18.6,Kỹ thuật cơ sở hạ tầng (chuyên ngành Xây dựng hạ tầng đô thị)
53836,DSK,xay-dung-ha-tang-do-thi,C01,Điểm thi THPT,2025,18.6,Kỹ thuật cơ sở hạ tầng (chuyên ngành Xây dựng hạ tầng đô thị)
53837,DSK,xay-dung-ha-tang-do-thi,C04,Điểm thi THPT,2025,18.6,Kỹ thuật cơ sở hạ tầng (chuyên ngành Xây dựng hạ tầng đô thị)
53838,DSK,xay-dung-ha-tang-do-thi,D01,Điểm thi THPT,2025,18.6,Kỹ thuật cơ sở hạ tầng (chuyên ngành Xây dựng hạ tầng đô thị)
53839,DSK,xay-dung-ha-tang-do-thi,X02,Điểm thi THPT,2025,18.6,Kỹ thuật cơ sở hạ tầng (chuyên ngành Xây dựng hạ tầng đô thị)
53840,DTB,chinh-tri-hoc,A00,Điểm học bạ,2024,18.0,Chính trị học
53841,DTB,chinh-tri-hoc,B00,Điểm học bạ,2024,18.0,Chính trị học
53842,DTB,chinh-tri-hoc,C14,Điểm học bạ,2024,18.0,Chính trị học
53843,DTB,chinh-tri-hoc,D01,Điểm học bạ,2024,18.0,Chính trị học
53844,DTB,chinh-tri-hoc,A00,Điểm thi THPT,2024,18.0,Chính trị học
53845,DTB,chinh-tri-hoc,B00,Điểm thi THPT,2024,18.0,Chính trị học
53846,DTB,chinh-tri-hoc,C14,Điểm thi THPT,2024,18.0,Chính trị học
53847,DTB,chinh-tri-hoc,D01,Điểm thi THPT,2024,18.0,Chính trị học
53848,DTB,chinh-tri-hoc,A00,Điểm học bạ,2025,16.0,Chính trị học
53849,DTB,chinh-tri-hoc,C00,Điểm học bạ,2025,16.0,Chính trị học
53850,DTB,chinh-tri-hoc,C14,Điểm học bạ,2025,16.0,Chính trị học
53851,DTB,chinh-tri-hoc,D01,Điểm học bạ,2025,16.0,Chính trị học
53852,DTB,chinh-tri-hoc,X01,Điểm học bạ,2025,16.0,Chính trị học
53853,DTB,chinh-tri-hoc,A00,Điểm thi THPT,2025,16.0,Chính trị học
53854,DTB,chinh-tri-hoc,C00,Điểm thi THPT,2025,16.0,Chính trị học
53855,DTB,chinh-tri-hoc,D01,Điểm thi THPT,2025,16.0,Chính trị học
53856,DTB,chinh-tri-hoc,X01,Điểm thi THPT,2025,16.0,Chính trị học
53857,DTB,cong-nghe-ky-thuat-co-khi,A00,Điểm học bạ,2021,15.0,Công nghệ kỹ thuật cơ khí
53858,DTB,cong-nghe-ky-thuat-co-khi,B00,Điểm học bạ,2021,15.0,Công nghệ kỹ thuật cơ khí
53859,DTB,cong-nghe-ky-thuat-co-khi,C14,Điểm học bạ,2021,15.0,Công nghệ kỹ thuật cơ khí
53860,DTB,cong-nghe-ky-thuat-co-khi,D01,Điểm học bạ,2021,15.0,Công nghệ kỹ thuật cơ khí
53861,DTB,cong-nghe-ky-thuat-co-khi,A00,Điểm thi THPT,2021,18.0,Công nghệ kỹ thuật cơ khí
53862,DTB,cong-nghe-ky-thuat-co-khi,B00,Điểm thi THPT,2021,18.0,Công nghệ kỹ thuật cơ khí
53863,DTB,cong-nghe-ky-thuat-co-khi,C14,Điểm thi THPT,2021,18.0,Công nghệ kỹ thuật cơ khí
53864,DTB,cong-nghe-ky-thuat-co-khi,D01,Điểm thi THPT,2021,18.0,Công nghệ kỹ thuật cơ khí
53865,DTB,cong-nghe-ky-thuat-co-khi,A00,Điểm thi THPT,2022,15.95,Công nghệ kỹ thuật cơ khí
53866,DTB,cong-nghe-ky-thuat-co-khi,B00,Điểm thi THPT,2022,15.95,Công nghệ kỹ thuật cơ khí
53867,DTB,cong-nghe-ky-thuat-co-khi,C14,Điểm thi THPT,2022,15.95,Công nghệ kỹ thuật cơ khí
53868,DTB,cong-nghe-ky-thuat-co-khi,D01,Điểm thi THPT,2022,15.95,Công nghệ kỹ thuật cơ khí
53869,DTB,cong-nghe-ky-thuat-co-khi,A00,Điểm thi THPT,2023,16.5,Công nghệ kỹ thuật cơ khí
53870,DTB,cong-nghe-ky-thuat-co-khi,B00,Điểm thi THPT,2023,16.5,Công nghệ kỹ thuật cơ khí
53871,DTB,cong-nghe-ky-thuat-co-khi,C14,Điểm thi THPT,2023,16.5,Công nghệ kỹ thuật cơ khí
53872,DTB,cong-nghe-ky-thuat-co-khi,D01,Điểm thi THPT,2023,16.5,Công nghệ kỹ thuật cơ khí
53873,DTB,cong-nghe-ky-thuat-co-khi,A00,Điểm học bạ,2024,17.5,Công nghệ kỹ thuật cơ khí
53874,DTB,cong-nghe-ky-thuat-co-khi,B00,Điểm học bạ,2024,17.5,Công nghệ kỹ thuật cơ khí
53875,DTB,cong-nghe-ky-thuat-co-khi,C14,Điểm học bạ,2024,17.5,Công nghệ kỹ thuật cơ khí
53876,DTB,cong-nghe-ky-thuat-co-khi,D01,Điểm học bạ,2024,17.5,Công nghệ kỹ thuật cơ khí
53877,DTB,cong-nghe-ky-thuat-co-khi,A00,Điểm thi THPT,2024,17.0,Công nghệ kỹ thuật cơ khí
53878,DTB,cong-nghe-ky-thuat-co-khi,B00,Điểm thi THPT,2024,17.0,Công nghệ kỹ thuật cơ khí
53879,DTB,cong-nghe-ky-thuat-co-khi,C14,Điểm thi THPT,2024,17.0,Công nghệ kỹ thuật cơ khí
53880,DTB,cong-nghe-ky-thuat-co-khi,D01,Điểm thi THPT,2024,17.0,Công nghệ kỹ thuật cơ khí
53881,DTB,cong-nghe-ky-thuat-co-khi,A00,Điểm học bạ,2025,16.0,Công nghệ kỹ thuật cơ khí
53882,DTB,cong-nghe-ky-thuat-co-khi,A01,Điểm học bạ,2025,16.0,Công nghệ kỹ thuật cơ khí
53883,DTB,cong-nghe-ky-thuat-co-khi,B00,Điểm học bạ,2025,16.0,Công nghệ kỹ thuật cơ khí
53884,DTB,cong-nghe-ky-thuat-co-khi,C14,Điểm học bạ,2025,16.0,Công nghệ kỹ thuật cơ khí
53885,DTB,cong-nghe-ky-thuat-co-khi,D01,Điểm học bạ,2025,16.0,Công nghệ kỹ thuật cơ khí
53886,DTB,cong-nghe-ky-thuat-co-khi,X01,Điểm học bạ,2025,16.0,Công nghệ kỹ thuật cơ khí
53887,DTB,cong-nghe-ky-thuat-co-khi,A00,Điểm thi THPT,2025,16.0,Công nghệ kỹ thuật cơ khí
53888,DTB,cong-nghe-ky-thuat-co-khi,A01,Điểm thi THPT,2025,16.0,Công nghệ kỹ thuật cơ khí
53889,DTB,cong-nghe-ky-thuat-co-khi,B00,Điểm thi THPT,2025,16.0,Công nghệ kỹ thuật cơ khí
53890,DTB,cong-nghe-ky-thuat-co-khi,D01,Điểm thi THPT,2025,16.0,Công nghệ kỹ thuật cơ khí
53891,DTB,cong-nghe-ky-thuat-co-khi,X01,Điểm thi THPT,2025,16.0,Công nghệ kỹ thuật cơ khí
53892,DTB,cong-nghe-ky-thuat-dien-dien-tu,A00,Điểm học bạ,2021,15.0,"Công nghệ kỹ thuật điện, điện tử"
53893,DTB,cong-nghe-ky-thuat-dien-dien-tu,B00,Điểm học bạ,2021,15.0,"Công nghệ kỹ thuật điện, điện tử"
53894,DTB,cong-nghe-ky-thuat-dien-dien-tu,C14,Điểm học bạ,2021,15.0,"Công nghệ kỹ thuật điện, điện tử"
53895,DTB,cong-nghe-ky-thuat-dien-dien-tu,D01,Điểm học bạ,2021,15.0,"Công nghệ kỹ thuật điện, điện tử"
53896,DTB,cong-nghe-ky-thuat-dien-dien-tu,A00,Điểm thi THPT,2021,15.5,"Công nghệ kỹ thuật điện, điện tử"
53897,DTB,cong-nghe-ky-thuat-dien-dien-tu,B00,Điểm thi THPT,2021,15.5,"Công nghệ kỹ thuật điện, điện tử"
53898,DTB,cong-nghe-ky-thuat-dien-dien-tu,C14,Điểm thi THPT,2021,15.5,"Công nghệ kỹ thuật điện, điện tử"
53899,DTB,cong-nghe-ky-thuat-dien-dien-tu,D01,Điểm thi THPT,2021,15.5,"Công nghệ kỹ thuật điện, điện tử"
53900,DTB,cong-nghe-ky-thuat-dien-dien-tu,A00,Điểm thi THPT,2022,16.0,"Công nghệ kỹ thuật điện, điện tử"
53901,DTB,cong-nghe-ky-thuat-dien-dien-tu,B00,Điểm thi THPT,2022,16.0,"Công nghệ kỹ thuật điện, điện tử"
53902,DTB,cong-nghe-ky-thuat-dien-dien-tu,C14,Điểm thi THPT,2022,16.0,"Công nghệ kỹ thuật điện, điện tử"
53903,DTB,cong-nghe-ky-thuat-dien-dien-tu,D01,Điểm thi THPT,2022,16.0,"Công nghệ kỹ thuật điện, điện tử"
53904,DTB,cong-nghe-ky-thuat-dien-dien-tu,A00,Điểm thi THPT,2023,16.5,"Công nghệ kỹ thuật điện, điện tử"
53905,DTB,cong-nghe-ky-thuat-dien-dien-tu,B00,Điểm thi THPT,2023,16.5,"Công nghệ kỹ thuật điện, điện tử"
53906,DTB,cong-nghe-ky-thuat-dien-dien-tu,C14,Điểm thi THPT,2023,16.5,"Công nghệ kỹ thuật điện, điện tử"
53907,DTB,cong-nghe-ky-thuat-dien-dien-tu,D01,Điểm thi THPT,2023,16.5,"Công nghệ kỹ thuật điện, điện tử"
53908,DTB,cong-nghe-ky-thuat-dien-dien-tu,A00,Điểm học bạ,2024,17.5,"Công nghệ kỹ thuật điện, điện tử"
53909,DTB,cong-nghe-ky-thuat-dien-dien-tu,B00,Điểm học bạ,2024,17.5,"Công nghệ kỹ thuật điện, điện tử"
53910,DTB,cong-nghe-ky-thuat-dien-dien-tu,C14,Điểm học bạ,2024,17.5,"Công nghệ kỹ thuật điện, điện tử"
53911,DTB,cong-nghe-ky-thuat-dien-dien-tu,D01,Điểm học bạ,2024,17.5,"Công nghệ kỹ thuật điện, điện tử"
53912,DTB,cong-nghe-ky-thuat-dien-dien-tu,A00,Điểm thi THPT,2024,17.0,"Công nghệ kỹ thuật điện, điện tử"
53913,DTB,cong-nghe-ky-thuat-dien-dien-tu,B00,Điểm thi THPT,2024,17.0,"Công nghệ kỹ thuật điện, điện tử"
53914,DTB,cong-nghe-ky-thuat-dien-dien-tu,C14,Điểm thi THPT,2024,17.0,"Công nghệ kỹ thuật điện, điện tử"
53915,DTB,cong-nghe-ky-thuat-dien-dien-tu,D01,Điểm thi THPT,2024,17.0,"Công nghệ kỹ thuật điện, điện tử"
53916,DTB,cong-nghe-ky-thuat-dien-dien-tu,A00,Điểm học bạ,2025,16.0,"Công nghệ kỹ thuật điện, điện tử"
53917,DTB,cong-nghe-ky-thuat-dien-dien-tu,A01,Điểm học bạ,2025,16.0,"Công nghệ kỹ thuật điện, điện tử"
53918,DTB,cong-nghe-ky-thuat-dien-dien-tu,B00,Điểm học bạ,2025,16.0,"Công nghệ kỹ thuật điện, điện tử"
53919,DTB,cong-nghe-ky-thuat-dien-dien-tu,C14,Điểm học bạ,2025,16.0,"Công nghệ kỹ thuật điện, điện tử"
53920,DTB,cong-nghe-ky-thuat-dien-dien-tu,D01,Điểm học bạ,2025,16.0,"Công nghệ kỹ thuật điện, điện tử"
53921,DTB,cong-nghe-ky-thuat-dien-dien-tu,X01,Điểm học bạ,2025,16.0,"Công nghệ kỹ thuật điện, điện tử"
53922,DTB,cong-nghe-ky-thuat-dien-dien-tu,A00,Điểm thi THPT,2025,16.0,"Công nghệ kỹ thuật điện, điện tử"
53923,DTB,cong-nghe-ky-thuat-dien-dien-tu,A01,Điểm thi THPT,2025,16.0,"Công nghệ kỹ thuật điện, điện tử"
53924,DTB,cong-nghe-ky-thuat-dien-dien-tu,B00,Điểm thi THPT,2025,16.0,"Công nghệ kỹ thuật điện, điện tử"
53925,DTB,cong-nghe-ky-thuat-dien-dien-tu,D01,Điểm thi THPT,2025,16.0,"Công nghệ kỹ thuật điện, điện tử"
53926,DTB,cong-nghe-ky-thuat-dien-dien-tu,X01,Điểm thi THPT,2025,16.0,"Công nghệ kỹ thuật điện, điện tử"
53927,DTB,cong-nghe-thong-tin,A00,Điểm học bạ,2021,15.0,Công nghệ thông tin
53928,DTB,cong-nghe-thong-tin,B00,Điểm học bạ,2021,15.0,Công nghệ thông tin
53929,DTB,cong-nghe-thong-tin,C14,Điểm học bạ,2021,15.0,Công nghệ thông tin
53930,DTB,cong-nghe-thong-tin,D01,Điểm học bạ,2021,15.0,Công nghệ thông tin
53931,DTB,cong-nghe-thong-tin,A00,Điểm thi THPT,2021,18.0,Công nghệ thông tin
53932,DTB,cong-nghe-thong-tin,B00,Điểm thi THPT,2021,18.0,Công nghệ thông tin
53933,DTB,cong-nghe-thong-tin,C14,Điểm thi THPT,2021,18.0,Công nghệ thông tin
53934,DTB,cong-nghe-thong-tin,D01,Điểm thi THPT,2021,18.0,Công nghệ thông tin
53935,DTB,cong-nghe-thong-tin,A00,Điểm thi THPT,2022,16.75,Công nghệ thông tin
53936,DTB,cong-nghe-thong-tin,B00,Điểm thi THPT,2022,16.75,Công nghệ thông tin
53937,DTB,cong-nghe-thong-tin,C14,Điểm thi THPT,2022,16.75,Công nghệ thông tin
53938,DTB,cong-nghe-thong-tin,D01,Điểm thi THPT,2022,16.75,Công nghệ thông tin
53939,DTB,cong-nghe-thong-tin,A00,Điểm thi THPT,2023,16.0,Công nghệ thông tin
53940,DTB,cong-nghe-thong-tin,B00,Điểm thi THPT,2023,16.0,Công nghệ thông tin
53941,DTB,cong-nghe-thong-tin,C14,Điểm thi THPT,2023,16.0,Công nghệ thông tin
53942,DTB,cong-nghe-thong-tin,D01,Điểm thi THPT,2023,16.0,Công nghệ thông tin
53943,DTB,cong-nghe-thong-tin,A00,Điểm học bạ,2024,17.5,Công nghệ thông tin
53944,DTB,cong-nghe-thong-tin,B00,Điểm học bạ,2024,17.5,Công nghệ thông tin
53945,DTB,cong-nghe-thong-tin,C14,Điểm học bạ,2024,17.5,Công nghệ thông tin
53946,DTB,cong-nghe-thong-tin,D01,Điểm học bạ,2024,17.5,Công nghệ thông tin
53947,DTB,cong-nghe-thong-tin,A00,Điểm thi THPT,2024,17.0,Công nghệ thông tin
53948,DTB,cong-nghe-thong-tin,B00,Điểm thi THPT,2024,17.0,Công nghệ thông tin
53949,DTB,cong-nghe-thong-tin,C14,Điểm thi THPT,2024,17.0,Công nghệ thông tin
53950,DTB,cong-nghe-thong-tin,D01,Điểm thi THPT,2024,17.0,Công nghệ thông tin
53951,DTB,cong-nghe-thong-tin,A00,Điểm học bạ,2025,16.0,Công nghệ thông tin
53952,DTB,cong-nghe-thong-tin,A01,Điểm học bạ,2025,16.0,Công nghệ thông tin
53953,DTB,cong-nghe-thong-tin,B00,Điểm học bạ,2025,16.0,Công nghệ thông tin
53954,DTB,cong-nghe-thong-tin,C14,Điểm học bạ,2025,16.0,Công nghệ thông tin
53955,DTB,cong-nghe-thong-tin,D01,Điểm học bạ,2025,16.0,Công nghệ thông tin
53956,DTB,cong-nghe-thong-tin,X01,Điểm học bạ,2025,16.0,Công nghệ thông tin
53957,DTB,cong-nghe-thong-tin,A00,Điểm thi THPT,2025,16.0,Công nghệ thông tin
53958,DTB,cong-nghe-thong-tin,A01,Điểm thi THPT,2025,16.0,Công nghệ thông tin
53959,DTB,cong-nghe-thong-tin,B00,Điểm thi THPT,2025,16.0,Công nghệ thông tin
53960,DTB,cong-nghe-thong-tin,D01,Điểm thi THPT,2025,16.0,Công nghệ thông tin
53961,DTB,cong-nghe-thong-tin,X01,Điểm thi THPT,2025,16.0,Công nghệ thông tin
53962,DTB,ke-toan,A00,Điểm học bạ,2021,15.0,Kế toán
53963,DTB,ke-toan,B00,Điểm học bạ,2021,15.0,Kế toán
53964,DTB,ke-toan,C14,Điểm học bạ,2021,15.0,Kế toán
53965,DTB,ke-toan,D01,Điểm học bạ,2021,15.0,Kế toán
53966,DTB,ke-toan,A00,Điểm thi THPT,2021,16.5,Kế toán
53967,DTB,ke-toan,B00,Điểm thi THPT,2021,16.5,Kế toán
53968,DTB,ke-toan,C14,Điểm thi THPT,2021,16.5,Kế toán
53969,DTB,ke-toan,D01,Điểm thi THPT,2021,16.5,Kế toán
53970,DTB,ke-toan,A00,Điểm thi THPT,2022,17.55,Kế toán
53971,DTB,ke-toan,B00,Điểm thi THPT,2022,17.55,Kế toán
53972,DTB,ke-toan,C14,Điểm thi THPT,2022,17.55,Kế toán
53973,DTB,ke-toan,D01,Điểm thi THPT,2022,17.55,Kế toán
53974,DTB,ke-toan,A00,Điểm thi THPT,2023,17.0,Kế toán
53975,DTB,ke-toan,B00,Điểm thi THPT,2023,17.0,Kế toán
53976,DTB,ke-toan,C14,Điểm thi THPT,2023,17.0,Kế toán
53977,DTB,ke-toan,D01,Điểm thi THPT,2023,17.0,Kế toán
53978,DTB,ke-toan,A00,Điểm học bạ,2024,18.0,Kế toán
53979,DTB,ke-toan,B00,Điểm học bạ,2024,18.0,Kế toán
53980,DTB,ke-toan,C14,Điểm học bạ,2024,18.0,Kế toán
53981,DTB,ke-toan,D01,Điểm học bạ,2024,18.0,Kế toán
53982,DTB,ke-toan,A00,Điểm thi THPT,2024,17.5,Kế toán
53983,DTB,ke-toan,B00,Điểm thi THPT,2024,17.5,Kế toán
53984,DTB,ke-toan,C14,Điểm thi THPT,2024,17.5,Kế toán
53985,DTB,ke-toan,D01,Điểm thi THPT,2024,17.5,Kế toán
53986,DTB,ke-toan,A00,Điểm học bạ,2025,16.0,Kế toán
53987,DTB,ke-toan,B00,Điểm học bạ,2025,16.0,Kế toán
53988,DTB,ke-toan,C14,Điểm học bạ,2025,16.0,Kế toán
53989,DTB,ke-toan,D01,Điểm học bạ,2025,16.0,Kế toán
53990,DTB,ke-toan,X01,Điểm học bạ,2025,16.0,Kế toán
53991,DTB,ke-toan,A00,Điểm thi THPT,2025,16.0,Kế toán
53992,DTB,ke-toan,B00,Điểm thi THPT,2025,16.0,Kế toán
53993,DTB,ke-toan,D01,Điểm thi THPT,2025,16.0,Kế toán
53994,DTB,ke-toan,X01,Điểm thi THPT,2025,16.0,Kế toán
53995,DTB,kinh-te,A00,Điểm học bạ,2021,15.0,Kinh tế
53996,DTB,kinh-te,B00,Điểm học bạ,2021,15.0,Kinh tế
53997,DTB,kinh-te,C14,Điểm học bạ,2021,15.0,Kinh tế
53998,DTB,kinh-te,D01,Điểm học bạ,2021,15.0,Kinh tế
53999,DTB,kinh-te,A00,Điểm thi THPT,2021,15.0,Kinh tế
54000,DTB,kinh-te,B00,Điểm thi THPT,2021,15.0,Kinh tế
54001,DTB,kinh-te,C14,Điểm thi THPT,2021,15.0,Kinh tế
54002,DTB,kinh-te,D01,Điểm thi THPT,2021,15.0,Kinh tế
54003,DTB,kinh-te,A00,Điểm thi THPT,2022,18.15,Kinh tế
54004,DTB,kinh-te,B00,Điểm thi THPT,2022,18.15,Kinh tế
54005,DTB,kinh-te,C14,Điểm thi THPT,2022,18.15,Kinh tế
54006,DTB,kinh-te,D01,Điểm thi THPT,2022,18.15,Kinh tế
54007,DTB,kinh-te,A00,Điểm thi THPT,2023,17.5,Kinh tế
54008,DTB,kinh-te,B00,Điểm thi THPT,2023,17.5,Kinh tế
54009,DTB,kinh-te,C14,Điểm thi THPT,2023,17.5,Kinh tế
54010,DTB,kinh-te,D01,Điểm thi THPT,2023,17.5,Kinh tế
54011,DTB,kinh-te,A00,Điểm học bạ,2024,18.0,Kinh tế
54012,DTB,kinh-te,B00,Điểm học bạ,2024,18.0,Kinh tế
54013,DTB,kinh-te,C14,Điểm học bạ,2024,18.0,Kinh tế
54014,DTB,kinh-te,D01,Điểm học bạ,2024,18.0,Kinh tế
54015,DTB,kinh-te,A00,Điểm thi THPT,2024,17.5,Kinh tế
54016,DTB,kinh-te,B00,Điểm thi THPT,2024,17.5,Kinh tế
54017,DTB,kinh-te,C14,Điểm thi THPT,2024,17.5,Kinh tế
54018,DTB,kinh-te,D01,Điểm thi THPT,2024,17.5,Kinh tế
54019,DTB,kinh-te,A00,Điểm học bạ,2025,16.0,Kinh tế
54020,DTB,kinh-te,B00,Điểm học bạ,2025,16.0,Kinh tế
54021,DTB,kinh-te,C14,Điểm học bạ,2025,16.0,Kinh tế
54022,DTB,kinh-te,D01,Điểm học bạ,2025,16.0,Kinh tế
54023,DTB,kinh-te,X01,Điểm học bạ,2025,16.0,Kinh tế
54024,DTB,kinh-te,A00,Điểm thi THPT,2025,16.0,Kinh tế
54025,DTB,kinh-te,B00,Điểm thi THPT,2025,16.0,Kinh tế
54026,DTB,kinh-te,D01,Điểm thi THPT,2025,16.0,Kinh tế
54027,DTB,kinh-te,X01,Điểm thi THPT,2025,16.0,Kinh tế
54028,DTB,luat,A00,Điểm học bạ,2021,15.0,Luật
54029,DTB,luat,C03,Điểm học bạ,2021,15.0,Luật
54030,DTB,luat,C14,Điểm học bạ,2021,15.0,Luật
54031,DTB,luat,D01,Điểm học bạ,2021,15.0,Luật
54032,DTB,luat,A00,Điểm thi THPT,2021,18.3,Luật
54033,DTB,luat,C03,Điểm thi THPT,2021,18.3,Luật
54034,DTB,luat,C14,Điểm thi THPT,2021,18.3,Luật
54035,DTB,luat,D01,Điểm thi THPT,2021,18.3,Luật
54036,DTB,luat,A00,Điểm thi THPT,2022,18.25,Luật
54037,DTB,luat,C03,Điểm thi THPT,2022,18.25,Luật
54038,DTB,luat,C14,Điểm thi THPT,2022,18.25,Luật
54039,DTB,luat,D01,Điểm thi THPT,2022,18.25,Luật
54040,DTB,luat,A00,Điểm thi THPT,2023,16.5,Luật
54041,DTB,luat,C03,Điểm thi THPT,2023,16.5,Luật
54042,DTB,luat,C14,Điểm thi THPT,2023,16.5,Luật
54043,DTB,luat,D01,Điểm thi THPT,2023,16.5,Luật
54044,DTB,luat,A00,Điểm học bạ,2024,18.0,Luật
54045,DTB,luat,B00,Điểm học bạ,2024,18.0,Luật
54046,DTB,luat,C14,Điểm học bạ,2024,18.0,Luật
54047,DTB,luat,D01,Điểm học bạ,2024,18.0,Luật
54048,DTB,luat,A00,Điểm thi THPT,2024,17.5,Luật
54049,DTB,luat,B00,Điểm thi THPT,2024,17.5,Luật
54050,DTB,luat,C14,Điểm thi THPT,2024,17.5,Luật
54051,DTB,luat,D01,Điểm thi THPT,2024,17.5,Luật
54052,DTB,luat,A00,Điểm học bạ,2025,16.0,Luật
54053,DTB,luat,C00,Điểm học bạ,2025,16.0,Luật
54054,DTB,luat,C14,Điểm học bạ,2025,16.0,Luật
54055,DTB,luat,D01,Điểm học bạ,2025,16.0,Luật
54056,DTB,luat,X01,Điểm học bạ,2025,16.0,Luật
54057,DTB,luat,A00,Điểm thi THPT,2025,16.0,Luật
54058,DTB,luat,C00,Điểm thi THPT,2025,16.0,Luật
54059,DTB,luat,D01,Điểm thi THPT,2025,16.0,Luật
54060,DTB,luat,X01,Điểm thi THPT,2025,16.0,Luật
54061,DTB,quan-he-quoc-te,A00,Điểm học bạ,2024,18.0,Quan hệ quốc tế
54062,DTB,quan-he-quoc-te,B00,Điểm học bạ,2024,18.0,Quan hệ quốc tế
54063,DTB,quan-he-quoc-te,C14,Điểm học bạ,2024,18.0,Quan hệ quốc tế
54064,DTB,quan-he-quoc-te,D01,Điểm học bạ,2024,18.0,Quan hệ quốc tế
54065,DTB,quan-he-quoc-te,A00,Điểm thi THPT,2024,18.0,Quan hệ quốc tế
54066,DTB,quan-he-quoc-te,B00,Điểm thi THPT,2024,18.0,Quan hệ quốc tế
54067,DTB,quan-he-quoc-te,C14,Điểm thi THPT,2024,18.0,Quan hệ quốc tế
54068,DTB,quan-he-quoc-te,D01,Điểm thi THPT,2024,18.0,Quan hệ quốc tế
54069,DTB,quan-he-quoc-te,A00,Điểm học bạ,2025,16.0,Quan hệ quốc tế
54070,DTB,quan-he-quoc-te,C00,Điểm học bạ,2025,16.0,Quan hệ quốc tế
54071,DTB,quan-he-quoc-te,C14,Điểm học bạ,2025,16.0,Quan hệ quốc tế
54072,DTB,quan-he-quoc-te,D01,Điểm học bạ,2025,16.0,Quan hệ quốc tế
54073,DTB,quan-he-quoc-te,X01,Điểm học bạ,2025,16.0,Quan hệ quốc tế
54074,DTB,quan-he-quoc-te,A00,Điểm thi THPT,2025,16.0,Quan hệ quốc tế
54075,DTB,quan-he-quoc-te,C00,Điểm thi THPT,2025,16.0,Quan hệ quốc tế
54076,DTB,quan-he-quoc-te,D01,Điểm thi THPT,2025,16.0,Quan hệ quốc tế
54077,DTB,quan-he-quoc-te,X01,Điểm thi THPT,2025,16.0,Quan hệ quốc tế
54078,DTB,quan-tri-kinh-doanh,A00,Điểm học bạ,2021,15.0,Quản trị kinh doanh
54079,DTB,quan-tri-kinh-doanh,B00,Điểm học bạ,2021,15.0,Quản trị kinh doanh
54080,DTB,quan-tri-kinh-doanh,C14,Điểm học bạ,2021,15.0,Quản trị kinh doanh
54081,DTB,quan-tri-kinh-doanh,D01,Điểm học bạ,2021,15.0,Quản trị kinh doanh
54082,DTB,quan-tri-kinh-doanh,A00,Điểm thi THPT,2021,20.0,Quản trị kinh doanh
54083,DTB,quan-tri-kinh-doanh,B00,Điểm thi THPT,2021,20.0,Quản trị kinh doanh
54084,DTB,quan-tri-kinh-doanh,C14,Điểm thi THPT,2021,20.0,Quản trị kinh doanh
54085,DTB,quan-tri-kinh-doanh,D01,Điểm thi THPT,2021,20.0,Quản trị kinh doanh
54086,DTB,quan-tri-kinh-doanh,A00,Điểm thi THPT,2022,16.3,Quản trị kinh doanh
54087,DTB,quan-tri-kinh-doanh,B00,Điểm thi THPT,2022,16.3,Quản trị kinh doanh
54088,DTB,quan-tri-kinh-doanh,C14,Điểm thi THPT,2022,16.3,Quản trị kinh doanh
54089,DTB,quan-tri-kinh-doanh,D01,Điểm thi THPT,2022,16.3,Quản trị kinh doanh
54090,DTB,quan-tri-kinh-doanh,A00,Điểm thi THPT,2023,19.0,Quản tri kinh doanh
54091,DTB,quan-tri-kinh-doanh,B00,Điểm thi THPT,2023,19.0,Quản tri kinh doanh
54092,DTB,quan-tri-kinh-doanh,C14,Điểm thi THPT,2023,19.0,Quản tri kinh doanh
54093,DTB,quan-tri-kinh-doanh,D01,Điểm thi THPT,2023,19.0,Quản tri kinh doanh
54094,DTB,quan-tri-kinh-doanh,A00,Điểm học bạ,2024,18.0,Quản trị kinh doanh
54095,DTB,quan-tri-kinh-doanh,B00,Điểm học bạ,2024,18.0,Quản trị kinh doanh
54096,DTB,quan-tri-kinh-doanh,C14,Điểm học bạ,2024,18.0,Quản trị kinh doanh
54097,DTB,quan-tri-kinh-doanh,D01,Điểm học bạ,2024,18.0,Quản trị kinh doanh
54098,DTB,quan-tri-kinh-doanh,A00,Điểm thi THPT,2024,18.0,Quản trị kinh doanh
54099,DTB,quan-tri-kinh-doanh,B00,Điểm thi THPT,2024,18.0,Quản trị kinh doanh
54100,DTB,quan-tri-kinh-doanh,C14,Điểm thi THPT,2024,18.0,Quản trị kinh doanh
54101,DTB,quan-tri-kinh-doanh,D01,Điểm thi THPT,2024,18.0,Quản trị kinh doanh
54102,DTB,quan-tri-kinh-doanh,A00,Điểm học bạ,2025,16.0,Quản trị kinh doanh
54103,DTB,quan-tri-kinh-doanh,B00,Điểm học bạ,2025,16.0,Quản trị kinh doanh
54104,DTB,quan-tri-kinh-doanh,C14,Điểm học bạ,2025,16.0,Quản trị kinh doanh
54105,DTB,quan-tri-kinh-doanh,D01,Điểm học bạ,2025,16.0,Quản trị kinh doanh
54106,DTB,quan-tri-kinh-doanh,X01,Điểm học bạ,2025,16.0,Quản trị kinh doanh
54107,DTB,quan-tri-kinh-doanh,A00,Điểm thi THPT,2025,16.0,Quản trị kinh doanh
54108,DTB,quan-tri-kinh-doanh,B00,Điểm thi THPT,2025,16.0,Quản trị kinh doanh
54109,DTB,quan-tri-kinh-doanh,D01,Điểm thi THPT,2025,16.0,Quản trị kinh doanh
54110,DTB,quan-tri-kinh-doanh,X01,Điểm thi THPT,2025,16.0,Quản trị kinh doanh
54111,DTB,tai-chinh-ngan-hang,A00,Điểm học bạ,2021,15.0,Tài chính ngân hàng
54112,DTB,tai-chinh-ngan-hang,B00,Điểm học bạ,2021,15.0,Tài chính ngân hàng
54113,DTB,tai-chinh-ngan-hang,C14,Điểm học bạ,2021,15.0,Tài chính ngân hàng
54114,DTB,tai-chinh-ngan-hang,D01,Điểm học bạ,2021,15.0,Tài chính ngân hàng
54115,DTB,tai-chinh-ngan-hang,A00,Điểm thi THPT,2021,17.3,Tài chính ngân hàng
54116,DTB,tai-chinh-ngan-hang,B00,Điểm thi THPT,2021,17.3,Tài chính ngân hàng
54117,DTB,tai-chinh-ngan-hang,C14,Điểm thi THPT,2021,17.3,Tài chính ngân hàng
54118,DTB,tai-chinh-ngan-hang,D01,Điểm thi THPT,2021,17.3,Tài chính ngân hàng
54119,DTB,tai-chinh-ngan-hang,A00,Điểm thi THPT,2022,17.25,Tài chính ngân hàng
54120,DTB,tai-chinh-ngan-hang,B00,Điểm thi THPT,2022,17.25,Tài chính ngân hàng
54121,DTB,tai-chinh-ngan-hang,C14,Điểm thi THPT,2022,17.25,Tài chính ngân hàng
54122,DTB,tai-chinh-ngan-hang,D01,Điểm thi THPT,2022,17.25,Tài chính ngân hàng
54123,DTB,tai-chinh-ngan-hang,A00,Điểm thi THPT,2023,17.0,Tài chính ngân hàng
54124,DTB,tai-chinh-ngan-hang,B00,Điểm thi THPT,2023,17.0,Tài chính ngân hàng
54125,DTB,tai-chinh-ngan-hang,C14,Điểm thi THPT,2023,17.0,Tài chính ngân hàng
54126,DTB,tai-chinh-ngan-hang,D01,Điểm thi THPT,2023,17.0,Tài chính ngân hàng
54127,DTB,tai-chinh-ngan-hang,A00,Điểm học bạ,2024,18.0,Tài chính - Ngân hàng
54128,DTB,tai-chinh-ngan-hang,B00,Điểm học bạ,2024,18.0,Tài chính - Ngân hàng
54129,DTB,tai-chinh-ngan-hang,C14,Điểm học bạ,2024,18.0,Tài chính - Ngân hàng
54130,DTB,tai-chinh-ngan-hang,D01,Điểm học bạ,2024,18.0,Tài chính - Ngân hàng
54131,DTB,tai-chinh-ngan-hang,A00,Điểm thi THPT,2024,17.5,Tài chính - Ngân hàng
54132,DTB,tai-chinh-ngan-hang,B00,Điểm thi THPT,2024,17.5,Tài chính - Ngân hàng
54133,DTB,tai-chinh-ngan-hang,C14,Điểm thi THPT,2024,17.5,Tài chính - Ngân hàng
54134,DTB,tai-chinh-ngan-hang,D01,Điểm thi THPT,2024,17.5,Tài chính - Ngân hàng
54135,DTB,tai-chinh-ngan-hang,A00,Điểm học bạ,2025,16.0,Tài chính - Ngân hàng
54136,DTB,tai-chinh-ngan-hang,B00,Điểm học bạ,2025,16.0,Tài chính - Ngân hàng
54137,DTB,tai-chinh-ngan-hang,C14,Điểm học bạ,2025,16.0,Tài chính - Ngân hàng
54138,DTB,tai-chinh-ngan-hang,D01,Điểm học bạ,2025,16.0,Tài chính - Ngân hàng
54139,DTB,tai-chinh-ngan-hang,X01,Điểm học bạ,2025,16.0,Tài chính - Ngân hàng
54140,DTB,tai-chinh-ngan-hang,A00,Điểm thi THPT,2025,16.0,Tài chính - Ngân hàng
54141,DTB,tai-chinh-ngan-hang,B00,Điểm thi THPT,2025,16.0,Tài chính - Ngân hàng
54142,DTB,tai-chinh-ngan-hang,D01,Điểm thi THPT,2025,16.0,Tài chính - Ngân hàng
54143,DTB,tai-chinh-ngan-hang,X01,Điểm thi THPT,2025,16.0,Tài chính - Ngân hàng
54144,DTB,toan-ung-dung,A00,Điểm học bạ,2021,15.0,Toán ứng dụng
54145,DTB,toan-ung-dung,B00,Điểm học bạ,2021,15.0,Toán ứng dụng
54146,DTB,toan-ung-dung,C14,Điểm học bạ,2021,15.0,Toán ứng dụng
54147,DTB,toan-ung-dung,D01,Điểm học bạ,2021,15.0,Toán ứng dụng
54148,DTB,toan-ung-dung,A00,Điểm thi THPT,2021,25.8,Toán ứng dụng
54149,DTB,toan-ung-dung,B00,Điểm thi THPT,2021,25.8,Toán ứng dụng
54150,DTB,toan-ung-dung,C14,Điểm thi THPT,2021,25.8,Toán ứng dụng
54151,DTB,toan-ung-dung,D01,Điểm thi THPT,2021,25.8,Toán ứng dụng
54152,DTC,an-ninh-mang,A00,Điểm học bạ,2025,19.25,An ninh mạng
54153,DTC,an-ninh-mang,A01,Điểm học bạ,2025,19.25,An ninh mạng
54154,DTC,an-ninh-mang,A02,Điểm học bạ,2025,19.25,An ninh mạng
54155,DTC,an-ninh-mang,A03,Điểm học bạ,2025,19.25,An ninh mạng
54156,DTC,an-ninh-mang,A04,Điểm học bạ,2025,19.25,An ninh mạng
54157,DTC,an-ninh-mang,A05,Điểm học bạ,2025,19.25,An ninh mạng
54158,DTC,an-ninh-mang,A06,Điểm học bạ,2025,19.25,An ninh mạng
54159,DTC,an-ninh-mang,A07,Điểm học bạ,2025,19.25,An ninh mạng
54160,DTC,an-ninh-mang,A08,Điểm học bạ,2025,19.25,An ninh mạng
54161,DTC,an-ninh-mang,A09,Điểm học bạ,2025,19.25,An ninh mạng
54162,DTC,an-ninh-mang,A10,Điểm học bạ,2025,19.25,An ninh mạng
54163,DTC,an-ninh-mang,B00,Điểm học bạ,2025,19.25,An ninh mạng
54164,DTC,an-ninh-mang,B01,Điểm học bạ,2025,19.25,An ninh mạng
54165,DTC,an-ninh-mang,B02,Điểm học bạ,2025,19.25,An ninh mạng
54166,DTC,an-ninh-mang,B04,Điểm học bạ,2025,19.25,An ninh mạng
54167,DTC,an-ninh-mang,B08,Điểm học bạ,2025,19.25,An ninh mạng
54168,DTC,an-ninh-mang,C02,Điểm học bạ,2025,19.25,An ninh mạng
54169,DTC,an-ninh-mang,C03,Điểm học bạ,2025,19.25,An ninh mạng
54170,DTC,an-ninh-mang,C04,Điểm học bạ,2025,19.25,An ninh mạng
54171,DTC,an-ninh-mang,C14,Điểm học bạ,2025,19.25,An ninh mạng
54172,DTC,an-ninh-mang,D01,Điểm học bạ,2025,19.25,An ninh mạng
54173,DTC,an-ninh-mang,D07,Điểm học bạ,2025,19.25,An ninh mạng
54174,DTC,an-ninh-mang,D09,Điểm học bạ,2025,19.25,An ninh mạng
54175,DTC,an-ninh-mang,D10,Điểm học bạ,2025,19.25,An ninh mạng
54176,DTC,an-ninh-mang,D84,Điểm học bạ,2025,19.25,An ninh mạng
54177,DTC,an-ninh-mang,X01,Điểm học bạ,2025,19.25,An ninh mạng
54178,DTC,an-ninh-mang,X02,Điểm học bạ,2025,19.25,An ninh mạng
54179,DTC,an-ninh-mang,X03,Điểm học bạ,2025,19.25,An ninh mạng
54180,DTC,an-ninh-mang,X04,Điểm học bạ,2025,19.25,An ninh mạng
54181,DTC,an-ninh-mang,X05,Điểm học bạ,2025,19.25,An ninh mạng
54182,DTC,an-ninh-mang,X06,Điểm học bạ,2025,19.25,An ninh mạng
54183,DTC,an-ninh-mang,X07,Điểm học bạ,2025,19.25,An ninh mạng
54184,DTC,an-ninh-mang,X08,Điểm học bạ,2025,19.25,An ninh mạng
54185,DTC,an-ninh-mang,X09,Điểm học bạ,2025,19.25,An ninh mạng
54186,DTC,an-ninh-mang,X10,Điểm học bạ,2025,19.25,An ninh mạng
54187,DTC,an-ninh-mang,X12,Điểm học bạ,2025,19.25,An ninh mạng
54188,DTC,an-ninh-mang,X13,Điểm học bạ,2025,19.25,An ninh mạng
54189,DTC,an-ninh-mang,X14,Điểm học bạ,2025,19.25,An ninh mạng
54190,DTC,an-ninh-mang,X15,Điểm học bạ,2025,19.25,An ninh mạng
54191,DTC,an-ninh-mang,X16,Điểm học bạ,2025,19.25,An ninh mạng
54192,DTC,an-ninh-mang,X17,Điểm học bạ,2025,19.25,An ninh mạng
54193,DTC,an-ninh-mang,X18,Điểm học bạ,2025,19.25,An ninh mạng
54194,DTC,an-ninh-mang,X20,Điểm học bạ,2025,19.25,An ninh mạng
54195,DTC,an-ninh-mang,X21,Điểm học bạ,2025,19.25,An ninh mạng
54196,DTC,an-ninh-mang,X22,Điểm học bạ,2025,19.25,An ninh mạng
54197,DTC,an-ninh-mang,X23,Điểm học bạ,2025,19.25,An ninh mạng
54198,DTC,an-ninh-mang,X24,Điểm học bạ,2025,19.25,An ninh mạng
54199,DTC,an-ninh-mang,X25,Điểm học bạ,2025,19.25,An ninh mạng
54200,DTC,an-ninh-mang,A00,Điểm thi THPT,2025,19.25,An ninh mạng
54201,DTC,an-ninh-mang,A01,Điểm thi THPT,2025,19.25,An ninh mạng
54202,DTC,an-ninh-mang,A02,Điểm thi THPT,2025,19.25,An ninh mạng
54203,DTC,an-ninh-mang,A03,Điểm thi THPT,2025,19.25,An ninh mạng
54204,DTC,an-ninh-mang,A04,Điểm thi THPT,2025,19.25,An ninh mạng
54205,DTC,an-ninh-mang,A05,Điểm thi THPT,2025,19.25,An ninh mạng
54206,DTC,an-ninh-mang,A06,Điểm thi THPT,2025,19.25,An ninh mạng
54207,DTC,an-ninh-mang,A07,Điểm thi THPT,2025,19.25,An ninh mạng
54208,DTC,an-ninh-mang,A08,Điểm thi THPT,2025,19.25,An ninh mạng
54209,DTC,an-ninh-mang,A09,Điểm thi THPT,2025,19.25,An ninh mạng
54210,DTC,an-ninh-mang,A10,Điểm thi THPT,2025,19.25,An ninh mạng
54211,DTC,an-ninh-mang,B00,Điểm thi THPT,2025,19.25,An ninh mạng
54212,DTC,an-ninh-mang,B01,Điểm thi THPT,2025,19.25,An ninh mạng
54213,DTC,an-ninh-mang,B02,Điểm thi THPT,2025,19.25,An ninh mạng
54214,DTC,an-ninh-mang,B04,Điểm thi THPT,2025,19.25,An ninh mạng
54215,DTC,an-ninh-mang,B08,Điểm thi THPT,2025,19.25,An ninh mạng
54216,DTC,an-ninh-mang,C02,Điểm thi THPT,2025,19.25,An ninh mạng
54217,DTC,an-ninh-mang,C03,Điểm thi THPT,2025,19.25,An ninh mạng
54218,DTC,an-ninh-mang,C04,Điểm thi THPT,2025,19.25,An ninh mạng
54219,DTC,an-ninh-mang,C14,Điểm thi THPT,2025,19.25,An ninh mạng
54220,DTC,an-ninh-mang,D01,Điểm thi THPT,2025,19.25,An ninh mạng
54221,DTC,an-ninh-mang,D07,Điểm thi THPT,2025,19.25,An ninh mạng
54222,DTC,an-ninh-mang,D09,Điểm thi THPT,2025,19.25,An ninh mạng
54223,DTC,an-ninh-mang,D10,Điểm thi THPT,2025,19.25,An ninh mạng
54224,DTC,an-ninh-mang,D84,Điểm thi THPT,2025,19.25,An ninh mạng
54225,DTC,an-ninh-mang,X01,Điểm thi THPT,2025,19.25,An ninh mạng
54226,DTC,an-ninh-mang,X02,Điểm thi THPT,2025,19.25,An ninh mạng
54227,DTC,an-ninh-mang,X03,Điểm thi THPT,2025,19.25,An ninh mạng
54228,DTC,an-ninh-mang,X04,Điểm thi THPT,2025,19.25,An ninh mạng
54229,DTC,an-ninh-mang,X05,Điểm thi THPT,2025,19.25,An ninh mạng
54230,DTC,an-ninh-mang,X06,Điểm thi THPT,2025,19.25,An ninh mạng
54231,DTC,an-ninh-mang,X07,Điểm thi THPT,2025,19.25,An ninh mạng
54232,DTC,an-ninh-mang,X08,Điểm thi THPT,2025,19.25,An ninh mạng
54233,DTC,an-ninh-mang,X09,Điểm thi THPT,2025,19.25,An ninh mạng
54234,DTC,an-ninh-mang,X10,Điểm thi THPT,2025,19.25,An ninh mạng
54235,DTC,an-ninh-mang,X12,Điểm thi THPT,2025,19.25,An ninh mạng
54236,DTC,an-ninh-mang,X13,Điểm thi THPT,2025,19.25,An ninh mạng
54237,DTC,an-ninh-mang,X14,Điểm thi THPT,2025,19.25,An ninh mạng
54238,DTC,an-ninh-mang,X15,Điểm thi THPT,2025,19.25,An ninh mạng
54239,DTC,an-ninh-mang,X16,Điểm thi THPT,2025,19.25,An ninh mạng
54240,DTC,an-ninh-mang,X17,Điểm thi THPT,2025,19.25,An ninh mạng
54241,DTC,an-ninh-mang,X18,Điểm thi THPT,2025,19.25,An ninh mạng
54242,DTC,an-ninh-mang,X20,Điểm thi THPT,2025,19.25,An ninh mạng
54243,DTC,an-ninh-mang,X21,Điểm thi THPT,2025,19.25,An ninh mạng
54244,DTC,an-ninh-mang,X22,Điểm thi THPT,2025,19.25,An ninh mạng
54245,DTC,an-ninh-mang,X23,Điểm thi THPT,2025,19.25,An ninh mạng
54246,DTC,an-ninh-mang,X24,Điểm thi THPT,2025,19.25,An ninh mạng
54247,DTC,an-ninh-mang,X25,Điểm thi THPT,2025,19.25,An ninh mạng
54248,DTC,an-toan-thong-tin,A00,Điểm học bạ,2021,18.0,An Toàn thông tin
54249,DTC,an-toan-thong-tin,C01,Điểm học bạ,2021,18.0,An Toàn thông tin
54250,DTC,an-toan-thong-tin,C14,Điểm học bạ,2021,18.0,An Toàn thông tin
54251,DTC,an-toan-thong-tin,D01,Điểm học bạ,2021,18.0,An Toàn thông tin
54252,DTC,an-toan-thong-tin,A00,Điểm thi THPT,2021,17.0,An Toàn thông tin
54253,DTC,an-toan-thong-tin,C01,Điểm thi THPT,2021,17.0,An Toàn thông tin
54254,DTC,an-toan-thong-tin,C14,Điểm thi THPT,2021,17.0,An Toàn thông tin
54255,DTC,an-toan-thong-tin,D01,Điểm thi THPT,2021,17.0,An Toàn thông tin
54256,DTC,an-toan-thong-tin,A00,Điểm học bạ,2022,18.0,An toàn thông tin
54257,DTC,an-toan-thong-tin,C01,Điểm học bạ,2022,18.0,An toàn thông tin
54258,DTC,an-toan-thong-tin,C14,Điểm học bạ,2022,18.0,An toàn thông tin
54259,DTC,an-toan-thong-tin,D01,Điểm học bạ,2022,18.0,An toàn thông tin
54260,DTC,an-toan-thong-tin,A00,Điểm thi THPT,2022,17.0,An toàn thông tin
54261,DTC,an-toan-thong-tin,C01,Điểm thi THPT,2022,17.0,An toàn thông tin
54262,DTC,an-toan-thong-tin,C14,Điểm thi THPT,2022,17.0,An toàn thông tin
54263,DTC,an-toan-thong-tin,D01,Điểm thi THPT,2022,17.0,An toàn thông tin
54264,DTC,an-toan-thong-tin,A00,Điểm học bạ,2023,21.0,An toàn thông tin
54265,DTC,an-toan-thong-tin,C01,Điểm học bạ,2023,21.0,An toàn thông tin
54266,DTC,an-toan-thong-tin,C14,Điểm học bạ,2023,21.0,An toàn thông tin
54267,DTC,an-toan-thong-tin,D01,Điểm học bạ,2023,21.0,An toàn thông tin
54268,DTC,an-toan-thong-tin,A00,Điểm thi THPT,2023,18.0,An toàn thông tin
54269,DTC,an-toan-thong-tin,C01,Điểm thi THPT,2023,18.0,An toàn thông tin
54270,DTC,an-toan-thong-tin,C14,Điểm thi THPT,2023,18.0,An toàn thông tin
54271,DTC,an-toan-thong-tin,D01,Điểm thi THPT,2023,18.0,An toàn thông tin
54272,DTC,an-toan-thong-tin,A00,Điểm học bạ,2024,20.5,An toàn thông tin
54273,DTC,an-toan-thong-tin,C01,Điểm học bạ,2024,20.5,An toàn thông tin
54274,DTC,an-toan-thong-tin,C14,Điểm học bạ,2024,20.5,An toàn thông tin
54275,DTC,an-toan-thong-tin,D01,Điểm học bạ,2024,20.5,An toàn thông tin
54276,DTC,an-toan-thong-tin,A00,Điểm thi THPT,2024,19.3,An toàn thông tin
54277,DTC,an-toan-thong-tin,C01,Điểm thi THPT,2024,19.3,An toàn thông tin
54278,DTC,an-toan-thong-tin,C14,Điểm thi THPT,2024,19.3,An toàn thông tin
54279,DTC,an-toan-thong-tin,D01,Điểm thi THPT,2024,19.3,An toàn thông tin
54280,DTC,co-dien-tu,A00,Điểm học bạ,2023,18.5,Cơ điện tử
54281,DTC,co-dien-tu,C01,Điểm học bạ,2023,18.5,Cơ điện tử
54282,DTC,co-dien-tu,C14,Điểm học bạ,2023,18.5,Cơ điện tử
54283,DTC,co-dien-tu,D01,Điểm học bạ,2023,18.5,Cơ điện tử
54284,DTC,co-dien-tu,A00,Điểm thi THPT,2023,16.0,Cơ điện tử
54285,DTC,co-dien-tu,C01,Điểm thi THPT,2023,16.0,Cơ điện tử
54286,DTC,co-dien-tu,C14,Điểm thi THPT,2023,16.0,Cơ điện tử
54287,DTC,co-dien-tu,D01,Điểm thi THPT,2023,16.0,Cơ điện tử
54288,DTC,co-dien-tu,A00,Điểm học bạ,2024,19.1,Cơ điện tử
54289,DTC,co-dien-tu,C01,Điểm học bạ,2024,19.1,Cơ điện tử
54290,DTC,co-dien-tu,C14,Điểm học bạ,2024,19.1,Cơ điện tử
54291,DTC,co-dien-tu,D01,Điểm học bạ,2024,19.1,Cơ điện tử
54292,DTC,co-dien-tu,A00,Điểm thi THPT,2024,20.1,Cơ điện tử
54293,DTC,co-dien-tu,C01,Điểm thi THPT,2024,20.1,Cơ điện tử
54294,DTC,co-dien-tu,C14,Điểm thi THPT,2024,20.1,Cơ điện tử
54295,DTC,co-dien-tu,D01,Điểm thi THPT,2024,20.1,Cơ điện tử
54296,DTC,co-dien-tu,A00,Điểm học bạ,2025,19.75,Cơ điện tử
54297,DTC,co-dien-tu,A01,Điểm học bạ,2025,19.75,Cơ điện tử
54298,DTC,co-dien-tu,A02,Điểm học bạ,2025,19.75,Cơ điện tử
54299,DTC,co-dien-tu,A03,Điểm học bạ,2025,19.75,Cơ điện tử
54300,DTC,co-dien-tu,A04,Điểm học bạ,2025,19.75,Cơ điện tử
54301,DTC,co-dien-tu,A05,Điểm học bạ,2025,19.75,Cơ điện tử
54302,DTC,co-dien-tu,A06,Điểm học bạ,2025,19.75,Cơ điện tử
54303,DTC,co-dien-tu,A07,Điểm học bạ,2025,19.75,Cơ điện tử
54304,DTC,co-dien-tu,A08,Điểm học bạ,2025,19.75,Cơ điện tử
54305,DTC,co-dien-tu,A09,Điểm học bạ,2025,19.75,Cơ điện tử
54306,DTC,co-dien-tu,A10,Điểm học bạ,2025,19.75,Cơ điện tử
54307,DTC,co-dien-tu,B00,Điểm học bạ,2025,19.75,Cơ điện tử
54308,DTC,co-dien-tu,B01,Điểm học bạ,2025,19.75,Cơ điện tử
54309,DTC,co-dien-tu,B02,Điểm học bạ,2025,19.75,Cơ điện tử
54310,DTC,co-dien-tu,B04,Điểm học bạ,2025,19.75,Cơ điện tử
54311,DTC,co-dien-tu,B08,Điểm học bạ,2025,19.75,Cơ điện tử
54312,DTC,co-dien-tu,C02,Điểm học bạ,2025,19.75,Cơ điện tử
54313,DTC,co-dien-tu,C03,Điểm học bạ,2025,19.75,Cơ điện tử
54314,DTC,co-dien-tu,C04,Điểm học bạ,2025,19.75,Cơ điện tử
54315,DTC,co-dien-tu,C14,Điểm học bạ,2025,19.75,Cơ điện tử
54316,DTC,co-dien-tu,D01,Điểm học bạ,2025,19.75,Cơ điện tử
54317,DTC,co-dien-tu,D07,Điểm học bạ,2025,19.75,Cơ điện tử
54318,DTC,co-dien-tu,D09,Điểm học bạ,2025,19.75,Cơ điện tử
54319,DTC,co-dien-tu,D10,Điểm học bạ,2025,19.75,Cơ điện tử
54320,DTC,co-dien-tu,D84,Điểm học bạ,2025,19.75,Cơ điện tử
54321,DTC,co-dien-tu,X01,Điểm học bạ,2025,19.75,Cơ điện tử
54322,DTC,co-dien-tu,X02,Điểm học bạ,2025,19.75,Cơ điện tử
54323,DTC,co-dien-tu,X03,Điểm học bạ,2025,19.75,Cơ điện tử
54324,DTC,co-dien-tu,X04,Điểm học bạ,2025,19.75,Cơ điện tử
54325,DTC,co-dien-tu,X05,Điểm học bạ,2025,19.75,Cơ điện tử
54326,DTC,co-dien-tu,X06,Điểm học bạ,2025,19.75,Cơ điện tử
54327,DTC,co-dien-tu,X07,Điểm học bạ,2025,19.75,Cơ điện tử
54328,DTC,co-dien-tu,X08,Điểm học bạ,2025,19.75,Cơ điện tử
54329,DTC,co-dien-tu,X09,Điểm học bạ,2025,19.75,Cơ điện tử
54330,DTC,co-dien-tu,X10,Điểm học bạ,2025,19.75,Cơ điện tử
54331,DTC,co-dien-tu,X12,Điểm học bạ,2025,19.75,Cơ điện tử
54332,DTC,co-dien-tu,X13,Điểm học bạ,2025,19.75,Cơ điện tử
54333,DTC,co-dien-tu,X14,Điểm học bạ,2025,19.75,Cơ điện tử
54334,DTC,co-dien-tu,X15,Điểm học bạ,2025,19.75,Cơ điện tử
54335,DTC,co-dien-tu,X16,Điểm học bạ,2025,19.75,Cơ điện tử
54336,DTC,co-dien-tu,X17,Điểm học bạ,2025,19.75,Cơ điện tử
54337,DTC,co-dien-tu,X18,Điểm học bạ,2025,19.75,Cơ điện tử
54338,DTC,co-dien-tu,X20,Điểm học bạ,2025,19.75,Cơ điện tử
54339,DTC,co-dien-tu,X21,Điểm học bạ,2025,19.75,Cơ điện tử
54340,DTC,co-dien-tu,X22,Điểm học bạ,2025,19.75,Cơ điện tử
54341,DTC,co-dien-tu,X23,Điểm học bạ,2025,19.75,Cơ điện tử
54342,DTC,co-dien-tu,X24,Điểm học bạ,2025,19.75,Cơ điện tử
54343,DTC,co-dien-tu,X25,Điểm học bạ,2025,19.75,Cơ điện tử
54344,DTC,co-dien-tu,A00,Điểm thi THPT,2025,19.75,Cơ điện tử
54345,DTC,co-dien-tu,A01,Điểm thi THPT,2025,19.75,Cơ điện tử
54346,DTC,co-dien-tu,A02,Điểm thi THPT,2025,19.75,Cơ điện tử
54347,DTC,co-dien-tu,A03,Điểm thi THPT,2025,19.75,Cơ điện tử
54348,DTC,co-dien-tu,A04,Điểm thi THPT,2025,19.75,Cơ điện tử
54349,DTC,co-dien-tu,A05,Điểm thi THPT,2025,19.75,Cơ điện tử
54350,DTC,co-dien-tu,A06,Điểm thi THPT,2025,19.75,Cơ điện tử
54351,DTC,co-dien-tu,A07,Điểm thi THPT,2025,19.75,Cơ điện tử
54352,DTC,co-dien-tu,A08,Điểm thi THPT,2025,19.75,Cơ điện tử
54353,DTC,co-dien-tu,A09,Điểm thi THPT,2025,19.75,Cơ điện tử
54354,DTC,co-dien-tu,A10,Điểm thi THPT,2025,19.75,Cơ điện tử
54355,DTC,co-dien-tu,B00,Điểm thi THPT,2025,19.75,Cơ điện tử
54356,DTC,co-dien-tu,B01,Điểm thi THPT,2025,19.75,Cơ điện tử
54357,DTC,co-dien-tu,B02,Điểm thi THPT,2025,19.75,Cơ điện tử
54358,DTC,co-dien-tu,B04,Điểm thi THPT,2025,19.75,Cơ điện tử
54359,DTC,co-dien-tu,B08,Điểm thi THPT,2025,19.75,Cơ điện tử
54360,DTC,co-dien-tu,C02,Điểm thi THPT,2025,19.75,Cơ điện tử
54361,DTC,co-dien-tu,C03,Điểm thi THPT,2025,19.75,Cơ điện tử
54362,DTC,co-dien-tu,C04,Điểm thi THPT,2025,19.75,Cơ điện tử
54363,DTC,co-dien-tu,C14,Điểm thi THPT,2025,19.75,Cơ điện tử
54364,DTC,co-dien-tu,D01,Điểm thi THPT,2025,19.75,Cơ điện tử
54365,DTC,co-dien-tu,D07,Điểm thi THPT,2025,19.75,Cơ điện tử
54366,DTC,co-dien-tu,D09,Điểm thi THPT,2025,19.75,Cơ điện tử
54367,DTC,co-dien-tu,D10,Điểm thi THPT,2025,19.75,Cơ điện tử
54368,DTC,co-dien-tu,D84,Điểm thi THPT,2025,19.75,Cơ điện tử
54369,DTC,co-dien-tu,X01,Điểm thi THPT,2025,19.75,Cơ điện tử
54370,DTC,co-dien-tu,X02,Điểm thi THPT,2025,19.75,Cơ điện tử
54371,DTC,co-dien-tu,X03,Điểm thi THPT,2025,19.75,Cơ điện tử
54372,DTC,co-dien-tu,X04,Điểm thi THPT,2025,19.75,Cơ điện tử
54373,DTC,co-dien-tu,X05,Điểm thi THPT,2025,19.75,Cơ điện tử
54374,DTC,co-dien-tu,X06,Điểm thi THPT,2025,19.75,Cơ điện tử
54375,DTC,co-dien-tu,X07,Điểm thi THPT,2025,19.75,Cơ điện tử
54376,DTC,co-dien-tu,X08,Điểm thi THPT,2025,19.75,Cơ điện tử
54377,DTC,co-dien-tu,X09,Điểm thi THPT,2025,19.75,Cơ điện tử
54378,DTC,co-dien-tu,X10,Điểm thi THPT,2025,19.75,Cơ điện tử
54379,DTC,co-dien-tu,X12,Điểm thi THPT,2025,19.75,Cơ điện tử
54380,DTC,co-dien-tu,X13,Điểm thi THPT,2025,19.75,Cơ điện tử
54381,DTC,co-dien-tu,X14,Điểm thi THPT,2025,19.75,Cơ điện tử
54382,DTC,co-dien-tu,X15,Điểm thi THPT,2025,19.75,Cơ điện tử
54383,DTC,co-dien-tu,X16,Điểm thi THPT,2025,19.75,Cơ điện tử
54384,DTC,co-dien-tu,X17,Điểm thi THPT,2025,19.75,Cơ điện tử
54385,DTC,co-dien-tu,X18,Điểm thi THPT,2025,19.75,Cơ điện tử
54386,DTC,co-dien-tu,X20,Điểm thi THPT,2025,19.75,Cơ điện tử
54387,DTC,co-dien-tu,X21,Điểm thi THPT,2025,19.75,Cơ điện tử
54388,DTC,co-dien-tu,X22,Điểm thi THPT,2025,19.75,Cơ điện tử
54389,DTC,co-dien-tu,X23,Điểm thi THPT,2025,19.75,Cơ điện tử
54390,DTC,co-dien-tu,X24,Điểm thi THPT,2025,19.75,Cơ điện tử
54391,DTC,co-dien-tu,X25,Điểm thi THPT,2025,19.75,Cơ điện tử
54392,DTC,cong-nghe-ky-thuat-dien-dien-tu,A00,Điểm học bạ,2021,18.0,"Công nghệ kỹ thuật điện, điện tử"
54393,DTC,cong-nghe-ky-thuat-dien-dien-tu,C01,Điểm học bạ,2021,18.0,"Công nghệ kỹ thuật điện, điện tử"
54394,DTC,cong-nghe-ky-thuat-dien-dien-tu,C14,Điểm học bạ,2021,18.0,"Công nghệ kỹ thuật điện, điện tử"
54395,DTC,cong-nghe-ky-thuat-dien-dien-tu,D01,Điểm học bạ,2021,18.0,"Công nghệ kỹ thuật điện, điện tử"
54396,DTC,cong-nghe-ky-thuat-dien-dien-tu,A00,Điểm thi THPT,2021,16.0,"Công nghệ kỹ thuật điện, điện tử"
54397,DTC,cong-nghe-ky-thuat-dien-dien-tu,C01,Điểm thi THPT,2021,16.0,"Công nghệ kỹ thuật điện, điện tử"
54398,DTC,cong-nghe-ky-thuat-dien-dien-tu,C14,Điểm thi THPT,2021,16.0,"Công nghệ kỹ thuật điện, điện tử"
54399,DTC,cong-nghe-ky-thuat-dien-dien-tu,D01,Điểm thi THPT,2021,16.0,"Công nghệ kỹ thuật điện, điện tử"
54400,DTC,cong-nghe-ky-thuat-dien-dien-tu,A00,Điểm học bạ,2022,6.0,Công nghệ kỹ thuật điện; điện tử
54401,DTC,cong-nghe-ky-thuat-dien-dien-tu,C01,Điểm học bạ,2022,6.0,Công nghệ kỹ thuật điện; điện tử
54402,DTC,cong-nghe-ky-thuat-dien-dien-tu,C14,Điểm học bạ,2022,6.0,Công nghệ kỹ thuật điện; điện tử
54403,DTC,cong-nghe-ky-thuat-dien-dien-tu,D01,Điểm học bạ,2022,6.0,Công nghệ kỹ thuật điện; điện tử
54404,DTC,cong-nghe-ky-thuat-dien-dien-tu,A00,Điểm thi THPT,2022,16.0,Công nghệ kỹ thuật điện; điện tử
54405,DTC,cong-nghe-ky-thuat-dien-dien-tu,C01,Điểm thi THPT,2022,16.0,Công nghệ kỹ thuật điện; điện tử
54406,DTC,cong-nghe-ky-thuat-dien-dien-tu,C14,Điểm thi THPT,2022,16.0,Công nghệ kỹ thuật điện; điện tử
54407,DTC,cong-nghe-ky-thuat-dien-dien-tu,D01,Điểm thi THPT,2022,16.0,Công nghệ kỹ thuật điện; điện tử
54408,DTC,cong-nghe-ky-thuat-dien-tu-vien-thong,A00,Điểm học bạ,2021,18.0,Công nghệ kỹ thuật điện tử - viễn thông
54409,DTC,cong-nghe-ky-thuat-dien-tu-vien-thong,C01,Điểm học bạ,2021,18.0,Công nghệ kỹ thuật điện tử - viễn thông
54410,DTC,cong-nghe-ky-thuat-dien-tu-vien-thong,C14,Điểm học bạ,2021,18.0,Công nghệ kỹ thuật điện tử - viễn thông
54411,DTC,cong-nghe-ky-thuat-dien-tu-vien-thong,D01,Điểm học bạ,2021,18.0,Công nghệ kỹ thuật điện tử - viễn thông
54412,DTC,cong-nghe-ky-thuat-dien-tu-vien-thong,A00,Điểm thi THPT,2021,16.0,Công nghệ kỹ thuật điện tử - viễn thông
54413,DTC,cong-nghe-ky-thuat-dien-tu-vien-thong,C01,Điểm thi THPT,2021,16.0,Công nghệ kỹ thuật điện tử - viễn thông
54414,DTC,cong-nghe-ky-thuat-dien-tu-vien-thong,C14,Điểm thi THPT,2021,16.0,Công nghệ kỹ thuật điện tử - viễn thông
54415,DTC,cong-nghe-ky-thuat-dien-tu-vien-thong,D01,Điểm thi THPT,2021,16.0,Công nghệ kỹ thuật điện tử - viễn thông
54416,DTC,cong-nghe-ky-thuat-dien-tu-vien-thong,A00,Điểm học bạ,2022,6.0,Công nghệ kỹ thuật điện tử - viễn thông
54417,DTC,cong-nghe-ky-thuat-dien-tu-vien-thong,C01,Điểm học bạ,2022,6.0,Công nghệ kỹ thuật điện tử - viễn thông
54418,DTC,cong-nghe-ky-thuat-dien-tu-vien-thong,C14,Điểm học bạ,2022,6.0,Công nghệ kỹ thuật điện tử - viễn thông
54419,DTC,cong-nghe-ky-thuat-dien-tu-vien-thong,D01,Điểm học bạ,2022,6.0,Công nghệ kỹ thuật điện tử - viễn thông
54420,DTC,cong-nghe-ky-thuat-dien-tu-vien-thong,A00,Điểm thi THPT,2022,16.0,Công nghệ kỹ thuật điện tử - viễn thông
54421,DTC,cong-nghe-ky-thuat-dien-tu-vien-thong,C01,Điểm thi THPT,2022,16.0,Công nghệ kỹ thuật điện tử - viễn thông
54422,DTC,cong-nghe-ky-thuat-dien-tu-vien-thong,C14,Điểm thi THPT,2022,16.0,Công nghệ kỹ thuật điện tử - viễn thông
54423,DTC,cong-nghe-ky-thuat-dien-tu-vien-thong,D01,Điểm thi THPT,2022,16.0,Công nghệ kỹ thuật điện tử - viễn thông
54424,DTC,cong-nghe-ky-thuat-dien-tu-vien-thong,A00,Điểm học bạ,2023,20.0,Công nghệ kỹ thuật điện tử - viễn thông
54425,DTC,cong-nghe-ky-thuat-dien-tu-vien-thong,C01,Điểm học bạ,2023,20.0,Công nghệ kỹ thuật điện tử - viễn thông
54426,DTC,cong-nghe-ky-thuat-dien-tu-vien-thong,C14,Điểm học bạ,2023,20.0,Công nghệ kỹ thuật điện tử - viễn thông
54427,DTC,cong-nghe-ky-thuat-dien-tu-vien-thong,D01,Điểm học bạ,2023,20.0,Công nghệ kỹ thuật điện tử - viễn thông
54428,DTC,cong-nghe-ky-thuat-dien-tu-vien-thong,A00,Điểm thi THPT,2023,17.0,Công nghệ kỹ thuật điện tử - viễn thông
54429,DTC,cong-nghe-ky-thuat-dien-tu-vien-thong,C01,Điểm thi THPT,2023,17.0,Công nghệ kỹ thuật điện tử - viễn thông
54430,DTC,cong-nghe-ky-thuat-dien-tu-vien-thong,C14,Điểm thi THPT,2023,17.0,Công nghệ kỹ thuật điện tử - viễn thông
54431,DTC,cong-nghe-ky-thuat-dien-tu-vien-thong,D01,Điểm thi THPT,2023,17.0,Công nghệ kỹ thuật điện tử - viễn thông
54432,DTC,cong-nghe-ky-thuat-dieu-khien-va-tu-dong-hoa,A00,Điểm học bạ,2021,18.0,Công nghệ kỹ thuật điều khiển và tự động hóa
54433,DTC,cong-nghe-ky-thuat-dieu-khien-va-tu-dong-hoa,C01,Điểm học bạ,2021,18.0,Công nghệ kỹ thuật điều khiển và tự động hóa
54434,DTC,cong-nghe-ky-thuat-dieu-khien-va-tu-dong-hoa,C14,Điểm học bạ,2021,18.0,Công nghệ kỹ thuật điều khiển và tự động hóa
54435,DTC,cong-nghe-ky-thuat-dieu-khien-va-tu-dong-hoa,D01,Điểm học bạ,2021,18.0,Công nghệ kỹ thuật điều khiển và tự động hóa
54436,DTC,cong-nghe-ky-thuat-dieu-khien-va-tu-dong-hoa,A00,Điểm thi THPT,2021,18.0,Công nghệ kỹ thuật điều khiển và tự động hóa
54437,DTC,cong-nghe-ky-thuat-dieu-khien-va-tu-dong-hoa,C01,Điểm thi THPT,2021,18.0,Công nghệ kỹ thuật điều khiển và tự động hóa
54438,DTC,cong-nghe-ky-thuat-dieu-khien-va-tu-dong-hoa,C14,Điểm thi THPT,2021,18.0,Công nghệ kỹ thuật điều khiển và tự động hóa
54439,DTC,cong-nghe-ky-thuat-dieu-khien-va-tu-dong-hoa,D01,Điểm thi THPT,2021,18.0,Công nghệ kỹ thuật điều khiển và tự động hóa
54440,DTC,cong-nghe-ky-thuat-dieu-khien-va-tu-dong-hoa,A00,Điểm học bạ,2022,6.0,Công nghệ kỹ thuật điều khiển và tự động hóa
54441,DTC,cong-nghe-ky-thuat-dieu-khien-va-tu-dong-hoa,C01,Điểm học bạ,2022,6.0,Công nghệ kỹ thuật điều khiển và tự động hóa
54442,DTC,cong-nghe-ky-thuat-dieu-khien-va-tu-dong-hoa,C14,Điểm học bạ,2022,6.0,Công nghệ kỹ thuật điều khiển và tự động hóa
54443,DTC,cong-nghe-ky-thuat-dieu-khien-va-tu-dong-hoa,D01,Điểm học bạ,2022,6.0,Công nghệ kỹ thuật điều khiển và tự động hóa
54444,DTC,cong-nghe-ky-thuat-dieu-khien-va-tu-dong-hoa,A00,Điểm thi THPT,2022,18.0,Công nghệ kỹ thuật điều khiển và tự động hóa
54445,DTC,cong-nghe-ky-thuat-dieu-khien-va-tu-dong-hoa,C01,Điểm thi THPT,2022,18.0,Công nghệ kỹ thuật điều khiển và tự động hóa
54446,DTC,cong-nghe-ky-thuat-dieu-khien-va-tu-dong-hoa,C14,Điểm thi THPT,2022,18.0,Công nghệ kỹ thuật điều khiển và tự động hóa
54447,DTC,cong-nghe-ky-thuat-dieu-khien-va-tu-dong-hoa,D01,Điểm thi THPT,2022,18.0,Công nghệ kỹ thuật điều khiển và tự động hóa
54448,DTC,cong-nghe-ky-thuat-may-tinh,A00,Điểm học bạ,2021,18.0,Công nghệ kỹ thuật máy tính
54449,DTC,cong-nghe-ky-thuat-may-tinh,C01,Điểm học bạ,2021,18.0,Công nghệ kỹ thuật máy tính
54450,DTC,cong-nghe-ky-thuat-may-tinh,C14,Điểm học bạ,2021,18.0,Công nghệ kỹ thuật máy tính
54451,DTC,cong-nghe-ky-thuat-may-tinh,D01,Điểm học bạ,2021,18.0,Công nghệ kỹ thuật máy tính
54452,DTC,cong-nghe-ky-thuat-may-tinh,A00,Điểm thi THPT,2021,16.0,Công nghệ kỹ thuật máy tính
54453,DTC,cong-nghe-ky-thuat-may-tinh,C01,Điểm thi THPT,2021,16.0,Công nghệ kỹ thuật máy tính
54454,DTC,cong-nghe-ky-thuat-may-tinh,C14,Điểm thi THPT,2021,16.0,Công nghệ kỹ thuật máy tính
54455,DTC,cong-nghe-ky-thuat-may-tinh,D01,Điểm thi THPT,2021,16.0,Công nghệ kỹ thuật máy tính
54456,DTC,cong-nghe-ky-thuat-may-tinh,A00,Điểm học bạ,2022,6.0,Công nghệ kỹ thuật máy tính
54457,DTC,cong-nghe-ky-thuat-may-tinh,C01,Điểm học bạ,2022,6.0,Công nghệ kỹ thuật máy tính
54458,DTC,cong-nghe-ky-thuat-may-tinh,C14,Điểm học bạ,2022,6.0,Công nghệ kỹ thuật máy tính
54459,DTC,cong-nghe-ky-thuat-may-tinh,D01,Điểm học bạ,2022,6.0,Công nghệ kỹ thuật máy tính
54460,DTC,cong-nghe-ky-thuat-may-tinh,A00,Điểm thi THPT,2022,16.0,Công nghệ kỹ thuật máy tính
54461,DTC,cong-nghe-ky-thuat-may-tinh,C01,Điểm thi THPT,2022,16.0,Công nghệ kỹ thuật máy tính
54462,DTC,cong-nghe-ky-thuat-may-tinh,C14,Điểm thi THPT,2022,16.0,Công nghệ kỹ thuật máy tính
54463,DTC,cong-nghe-ky-thuat-may-tinh,D01,Điểm thi THPT,2022,16.0,Công nghệ kỹ thuật máy tính
54464,DTC,cong-nghe-ky-thuat-may-tinh,A00,Điểm học bạ,2023,19.0,Công nghệ kỹ thuật máy tính
54465,DTC,cong-nghe-ky-thuat-may-tinh,C01,Điểm học bạ,2023,19.0,Công nghệ kỹ thuật máy tính
54466,DTC,cong-nghe-ky-thuat-may-tinh,C14,Điểm học bạ,2023,19.0,Công nghệ kỹ thuật máy tính
54467,DTC,cong-nghe-ky-thuat-may-tinh,D01,Điểm học bạ,2023,19.0,Công nghệ kỹ thuật máy tính
54468,DTC,cong-nghe-ky-thuat-may-tinh,A00,Điểm thi THPT,2023,16.5,Công nghệ kỹ thuật máy tính
54469,DTC,cong-nghe-ky-thuat-may-tinh,C01,Điểm thi THPT,2023,16.5,Công nghệ kỹ thuật máy tính
54470,DTC,cong-nghe-ky-thuat-may-tinh,C14,Điểm thi THPT,2023,16.5,Công nghệ kỹ thuật máy tính
54471,DTC,cong-nghe-ky-thuat-may-tinh,D01,Điểm thi THPT,2023,16.5,Công nghệ kỹ thuật máy tính
54472,DTC,cong-nghe-o-to,A00,Điểm học bạ,2022,6.0,Công nghệ ô tô
54473,DTC,cong-nghe-o-to,C01,Điểm học bạ,2022,6.0,Công nghệ ô tô
54474,DTC,cong-nghe-o-to,C14,Điểm học bạ,2022,6.0,Công nghệ ô tô
54475,DTC,cong-nghe-o-to,D01,Điểm học bạ,2022,6.0,Công nghệ ô tô
54476,DTC,cong-nghe-o-to,A00,Điểm thi THPT,2022,16.0,Công nghệ ô tô
54477,DTC,cong-nghe-o-to,C01,Điểm thi THPT,2022,16.0,Công nghệ ô tô
54478,DTC,cong-nghe-o-to,C14,Điểm thi THPT,2022,16.0,Công nghệ ô tô
54479,DTC,cong-nghe-o-to,D01,Điểm thi THPT,2022,16.0,Công nghệ ô tô
54480,DTC,cong-nghe-o-to,A00,Điểm học bạ,2023,18.0,Công nghệ ô tô
54481,DTC,cong-nghe-o-to,C01,Điểm học bạ,2023,18.0,Công nghệ ô tô
54482,DTC,cong-nghe-o-to,C14,Điểm học bạ,2023,18.0,Công nghệ ô tô
54483,DTC,cong-nghe-o-to,D01,Điểm học bạ,2023,18.0,Công nghệ ô tô
54484,DTC,cong-nghe-o-to,A00,Điểm thi THPT,2023,16.0,Công nghệ ô tô
54485,DTC,cong-nghe-o-to,C01,Điểm thi THPT,2023,16.0,Công nghệ ô tô
54486,DTC,cong-nghe-o-to,C14,Điểm thi THPT,2023,16.0,Công nghệ ô tô
54487,DTC,cong-nghe-o-to,D01,Điểm thi THPT,2023,16.0,Công nghệ ô tô
54488,DTC,cong-nghe-o-to,A00,Điểm học bạ,2024,18.2,Công nghệ ô tô
54489,DTC,cong-nghe-o-to,C01,Điểm học bạ,2024,18.2,Công nghệ ô tô
54490,DTC,cong-nghe-o-to,C14,Điểm học bạ,2024,18.2,Công nghệ ô tô
54491,DTC,cong-nghe-o-to,D01,Điểm học bạ,2024,18.2,Công nghệ ô tô
54492,DTC,cong-nghe-o-to,A00,Điểm thi THPT,2024,19.9,Công nghệ ô tô
54493,DTC,cong-nghe-o-to,C01,Điểm thi THPT,2024,19.9,Công nghệ ô tô
54494,DTC,cong-nghe-o-to,C14,Điểm thi THPT,2024,19.9,Công nghệ ô tô
54495,DTC,cong-nghe-o-to,D01,Điểm thi THPT,2024,19.9,Công nghệ ô tô
54496,DTC,cong-nghe-o-to-va-giao-thong-thong-minh,A00,Điểm học bạ,2021,18.0,Công nghệ ô tô và giao thông thông minh
54497,DTC,cong-nghe-o-to-va-giao-thong-thong-minh,C01,Điểm học bạ,2021,18.0,Công nghệ ô tô và giao thông thông minh
54498,DTC,cong-nghe-o-to-va-giao-thong-thong-minh,C14,Điểm học bạ,2021,18.0,Công nghệ ô tô và giao thông thông minh
54499,DTC,cong-nghe-o-to-va-giao-thong-thong-minh,D01,Điểm học bạ,2021,18.0,Công nghệ ô tô và giao thông thông minh
54500,DTC,cong-nghe-o-to-va-giao-thong-thong-minh,A00,Điểm thi THPT,2021,17.0,Công nghệ ô tô và giao thông thông minh
54501,DTC,cong-nghe-o-to-va-giao-thong-thong-minh,C01,Điểm thi THPT,2021,17.0,Công nghệ ô tô và giao thông thông minh
54502,DTC,cong-nghe-o-to-va-giao-thong-thong-minh,C14,Điểm thi THPT,2021,17.0,Công nghệ ô tô và giao thông thông minh
54503,DTC,cong-nghe-o-to-va-giao-thong-thong-minh,D01,Điểm thi THPT,2021,17.0,Công nghệ ô tô và giao thông thông minh
54504,DTC,cong-nghe-o-to-va-giao-thong-thong-minh,A00,Điểm học bạ,2022,6.0,Công nghệ ô tô và Giao thông thông minh
54505,DTC,cong-nghe-o-to-va-giao-thong-thong-minh,C01,Điểm học bạ,2022,6.0,Công nghệ ô tô và Giao thông thông minh
54506,DTC,cong-nghe-o-to-va-giao-thong-thong-minh,C14,Điểm học bạ,2022,6.0,Công nghệ ô tô và Giao thông thông minh
54507,DTC,cong-nghe-o-to-va-giao-thong-thong-minh,D01,Điểm học bạ,2022,6.0,Công nghệ ô tô và Giao thông thông minh
54508,DTC,cong-nghe-o-to-va-giao-thong-thong-minh,A00,Điểm thi THPT,2022,16.0,Công nghệ ô tô và Giao thông thông minh
54509,DTC,cong-nghe-o-to-va-giao-thong-thong-minh,C01,Điểm thi THPT,2022,16.0,Công nghệ ô tô và Giao thông thông minh
54510,DTC,cong-nghe-o-to-va-giao-thong-thong-minh,C14,Điểm thi THPT,2022,16.0,Công nghệ ô tô và Giao thông thông minh
54511,DTC,cong-nghe-o-to-va-giao-thong-thong-minh,D01,Điểm thi THPT,2022,16.0,Công nghệ ô tô và Giao thông thông minh
54512,DTC,cong-nghe-oto,A00,Điểm học bạ,2025,19.71,Công nghệ ôtô
54513,DTC,cong-nghe-oto,A01,Điểm học bạ,2025,19.71,Công nghệ ôtô
54514,DTC,cong-nghe-oto,A02,Điểm học bạ,2025,19.71,Công nghệ ôtô
54515,DTC,cong-nghe-oto,A03,Điểm học bạ,2025,19.71,Công nghệ ôtô
54516,DTC,cong-nghe-oto,A04,Điểm học bạ,2025,19.71,Công nghệ ôtô
54517,DTC,cong-nghe-oto,A05,Điểm học bạ,2025,19.71,Công nghệ ôtô
54518,DTC,cong-nghe-oto,A06,Điểm học bạ,2025,19.71,Công nghệ ôtô
54519,DTC,cong-nghe-oto,A07,Điểm học bạ,2025,19.71,Công nghệ ôtô
54520,DTC,cong-nghe-oto,A08,Điểm học bạ,2025,19.71,Công nghệ ôtô
54521,DTC,cong-nghe-oto,A09,Điểm học bạ,2025,19.71,Công nghệ ôtô
54522,DTC,cong-nghe-oto,A10,Điểm học bạ,2025,19.71,Công nghệ ôtô
54523,DTC,cong-nghe-oto,B00,Điểm học bạ,2025,19.71,Công nghệ ôtô
54524,DTC,cong-nghe-oto,B01,Điểm học bạ,2025,19.71,Công nghệ ôtô
54525,DTC,cong-nghe-oto,B02,Điểm học bạ,2025,19.71,Công nghệ ôtô
54526,DTC,cong-nghe-oto,B04,Điểm học bạ,2025,19.71,Công nghệ ôtô
54527,DTC,cong-nghe-oto,B08,Điểm học bạ,2025,19.71,Công nghệ ôtô
54528,DTC,cong-nghe-oto,C02,Điểm học bạ,2025,19.71,Công nghệ ôtô
54529,DTC,cong-nghe-oto,C03,Điểm học bạ,2025,19.71,Công nghệ ôtô
54530,DTC,cong-nghe-oto,C04,Điểm học bạ,2025,19.71,Công nghệ ôtô
54531,DTC,cong-nghe-oto,C14,Điểm học bạ,2025,19.71,Công nghệ ôtô
54532,DTC,cong-nghe-oto,D01,Điểm học bạ,2025,19.71,Công nghệ ôtô
54533,DTC,cong-nghe-oto,D07,Điểm học bạ,2025,19.71,Công nghệ ôtô
54534,DTC,cong-nghe-oto,D09,Điểm học bạ,2025,19.71,Công nghệ ôtô
54535,DTC,cong-nghe-oto,D10,Điểm học bạ,2025,19.71,Công nghệ ôtô
54536,DTC,cong-nghe-oto,D84,Điểm học bạ,2025,19.71,Công nghệ ôtô
54537,DTC,cong-nghe-oto,X01,Điểm học bạ,2025,19.71,Công nghệ ôtô
54538,DTC,cong-nghe-oto,X02,Điểm học bạ,2025,19.71,Công nghệ ôtô
54539,DTC,cong-nghe-oto,X03,Điểm học bạ,2025,19.71,Công nghệ ôtô
54540,DTC,cong-nghe-oto,X04,Điểm học bạ,2025,19.71,Công nghệ ôtô
54541,DTC,cong-nghe-oto,X05,Điểm học bạ,2025,19.71,Công nghệ ôtô
54542,DTC,cong-nghe-oto,X06,Điểm học bạ,2025,19.71,Công nghệ ôtô
54543,DTC,cong-nghe-oto,X07,Điểm học bạ,2025,19.71,Công nghệ ôtô
54544,DTC,cong-nghe-oto,X08,Điểm học bạ,2025,19.71,Công nghệ ôtô
54545,DTC,cong-nghe-oto,X09,Điểm học bạ,2025,19.71,Công nghệ ôtô
54546,DTC,cong-nghe-oto,X10,Điểm học bạ,2025,19.71,Công nghệ ôtô
54547,DTC,cong-nghe-oto,X12,Điểm học bạ,2025,19.71,Công nghệ ôtô
54548,DTC,cong-nghe-oto,X13,Điểm học bạ,2025,19.71,Công nghệ ôtô
54549,DTC,cong-nghe-oto,X14,Điểm học bạ,2025,19.71,Công nghệ ôtô
54550,DTC,cong-nghe-oto,X15,Điểm học bạ,2025,19.71,Công nghệ ôtô
54551,DTC,cong-nghe-oto,X16,Điểm học bạ,2025,19.71,Công nghệ ôtô
54552,DTC,cong-nghe-oto,X17,Điểm học bạ,2025,19.71,Công nghệ ôtô
54553,DTC,cong-nghe-oto,X18,Điểm học bạ,2025,19.71,Công nghệ ôtô
54554,DTC,cong-nghe-oto,X20,Điểm học bạ,2025,19.71,Công nghệ ôtô
54555,DTC,cong-nghe-oto,X21,Điểm học bạ,2025,19.71,Công nghệ ôtô
54556,DTC,cong-nghe-oto,X22,Điểm học bạ,2025,19.71,Công nghệ ôtô
54557,DTC,cong-nghe-oto,X23,Điểm học bạ,2025,19.71,Công nghệ ôtô
54558,DTC,cong-nghe-oto,X24,Điểm học bạ,2025,19.71,Công nghệ ôtô
54559,DTC,cong-nghe-oto,X25,Điểm học bạ,2025,19.71,Công nghệ ôtô
54560,DTC,cong-nghe-oto,A00,Điểm thi THPT,2025,18.0,Công nghệ ôtô
54561,DTC,cong-nghe-oto,A01,Điểm thi THPT,2025,18.0,Công nghệ ôtô
54562,DTC,cong-nghe-oto,A02,Điểm thi THPT,2025,18.0,Công nghệ ôtô
54563,DTC,cong-nghe-oto,A03,Điểm thi THPT,2025,18.0,Công nghệ ôtô
54564,DTC,cong-nghe-oto,A04,Điểm thi THPT,2025,18.0,Công nghệ ôtô
54565,DTC,cong-nghe-oto,A05,Điểm thi THPT,2025,18.0,Công nghệ ôtô
54566,DTC,cong-nghe-oto,A06,Điểm thi THPT,2025,18.0,Công nghệ ôtô
54567,DTC,cong-nghe-oto,A07,Điểm thi THPT,2025,18.0,Công nghệ ôtô
54568,DTC,cong-nghe-oto,A08,Điểm thi THPT,2025,18.0,Công nghệ ôtô
54569,DTC,cong-nghe-oto,A09,Điểm thi THPT,2025,18.0,Công nghệ ôtô
54570,DTC,cong-nghe-oto,A10,Điểm thi THPT,2025,18.0,Công nghệ ôtô
54571,DTC,cong-nghe-oto,B00,Điểm thi THPT,2025,18.0,Công nghệ ôtô
54572,DTC,cong-nghe-oto,B01,Điểm thi THPT,2025,18.0,Công nghệ ôtô
54573,DTC,cong-nghe-oto,B02,Điểm thi THPT,2025,18.0,Công nghệ ôtô
54574,DTC,cong-nghe-oto,B04,Điểm thi THPT,2025,18.0,Công nghệ ôtô
54575,DTC,cong-nghe-oto,B08,Điểm thi THPT,2025,18.0,Công nghệ ôtô
54576,DTC,cong-nghe-oto,C02,Điểm thi THPT,2025,18.0,Công nghệ ôtô
54577,DTC,cong-nghe-oto,C03,Điểm thi THPT,2025,18.0,Công nghệ ôtô
54578,DTC,cong-nghe-oto,C04,Điểm thi THPT,2025,18.0,Công nghệ ôtô
54579,DTC,cong-nghe-oto,C14,Điểm thi THPT,2025,18.0,Công nghệ ôtô
54580,DTC,cong-nghe-oto,D01,Điểm thi THPT,2025,18.0,Công nghệ ôtô
54581,DTC,cong-nghe-oto,D07,Điểm thi THPT,2025,18.0,Công nghệ ôtô
54582,DTC,cong-nghe-oto,D09,Điểm thi THPT,2025,18.0,Công nghệ ôtô
54583,DTC,cong-nghe-oto,D10,Điểm thi THPT,2025,18.0,Công nghệ ôtô
54584,DTC,cong-nghe-oto,D84,Điểm thi THPT,2025,18.0,Công nghệ ôtô
54585,DTC,cong-nghe-oto,X01,Điểm thi THPT,2025,18.0,Công nghệ ôtô
54586,DTC,cong-nghe-oto,X02,Điểm thi THPT,2025,18.0,Công nghệ ôtô
54587,DTC,cong-nghe-oto,X03,Điểm thi THPT,2025,18.0,Công nghệ ôtô
54588,DTC,cong-nghe-oto,X04,Điểm thi THPT,2025,18.0,Công nghệ ôtô
54589,DTC,cong-nghe-oto,X05,Điểm thi THPT,2025,18.0,Công nghệ ôtô
54590,DTC,cong-nghe-oto,X06,Điểm thi THPT,2025,18.0,Công nghệ ôtô
54591,DTC,cong-nghe-oto,X07,Điểm thi THPT,2025,18.0,Công nghệ ôtô
54592,DTC,cong-nghe-oto,X08,Điểm thi THPT,2025,18.0,Công nghệ ôtô
54593,DTC,cong-nghe-oto,X09,Điểm thi THPT,2025,18.0,Công nghệ ôtô
54594,DTC,cong-nghe-oto,X10,Điểm thi THPT,2025,18.0,Công nghệ ôtô
54595,DTC,cong-nghe-oto,X12,Điểm thi THPT,2025,18.0,Công nghệ ôtô
54596,DTC,cong-nghe-oto,X13,Điểm thi THPT,2025,18.0,Công nghệ ôtô
54597,DTC,cong-nghe-oto,X14,Điểm thi THPT,2025,18.0,Công nghệ ôtô
54598,DTC,cong-nghe-oto,X15,Điểm thi THPT,2025,18.0,Công nghệ ôtô
54599,DTC,cong-nghe-oto,X16,Điểm thi THPT,2025,18.0,Công nghệ ôtô
54600,DTC,cong-nghe-oto,X17,Điểm thi THPT,2025,18.0,Công nghệ ôtô
54601,DTC,cong-nghe-oto,X18,Điểm thi THPT,2025,18.0,Công nghệ ôtô
54602,DTC,cong-nghe-oto,X20,Điểm thi THPT,2025,18.0,Công nghệ ôtô
54603,DTC,cong-nghe-oto,X21,Điểm thi THPT,2025,18.0,Công nghệ ôtô
54604,DTC,cong-nghe-oto,X22,Điểm thi THPT,2025,18.0,Công nghệ ôtô
54605,DTC,cong-nghe-oto,X23,Điểm thi THPT,2025,18.0,Công nghệ ôtô
54606,DTC,cong-nghe-oto,X24,Điểm thi THPT,2025,18.0,Công nghệ ôtô
54607,DTC,cong-nghe-oto,X25,Điểm thi THPT,2025,18.0,Công nghệ ôtô
54608,DTC,cong-nghe-oto-va-giao-thong-thong-minh,A00,Điểm học bạ,2022,6.0,Công nghệ ôtô và giao thông thông minh
54609,DTC,cong-nghe-oto-va-giao-thong-thong-minh,C01,Điểm học bạ,2022,6.0,Công nghệ ôtô và giao thông thông minh
54610,DTC,cong-nghe-oto-va-giao-thong-thong-minh,C14,Điểm học bạ,2022,6.0,Công nghệ ôtô và giao thông thông minh
54611,DTC,cong-nghe-oto-va-giao-thong-thong-minh,D01,Điểm học bạ,2022,6.0,Công nghệ ôtô và giao thông thông minh
54612,DTC,cong-nghe-oto-va-giao-thong-thong-minh,A00,Điểm thi THPT,2022,16.0,Công nghệ ôtô và giao thông thông minh
54613,DTC,cong-nghe-oto-va-giao-thong-thong-minh,C01,Điểm thi THPT,2022,16.0,Công nghệ ôtô và giao thông thông minh
54614,DTC,cong-nghe-oto-va-giao-thong-thong-minh,C14,Điểm thi THPT,2022,16.0,Công nghệ ôtô và giao thông thông minh
54615,DTC,cong-nghe-oto-va-giao-thong-thong-minh,D01,Điểm thi THPT,2022,16.0,Công nghệ ôtô và giao thông thông minh
54616,DTC,cong-nghe-tai-chinh,A00,Điểm học bạ,2025,20.0,Công nghệ tài chính
54617,DTC,cong-nghe-tai-chinh,A01,Điểm học bạ,2025,20.0,Công nghệ tài chính
54618,DTC,cong-nghe-tai-chinh,A02,Điểm học bạ,2025,20.0,Công nghệ tài chính
54619,DTC,cong-nghe-tai-chinh,A03,Điểm học bạ,2025,20.0,Công nghệ tài chính
54620,DTC,cong-nghe-tai-chinh,A04,Điểm học bạ,2025,20.0,Công nghệ tài chính
54621,DTC,cong-nghe-tai-chinh,A05,Điểm học bạ,2025,20.0,Công nghệ tài chính
54622,DTC,cong-nghe-tai-chinh,A06,Điểm học bạ,2025,20.0,Công nghệ tài chính
54623,DTC,cong-nghe-tai-chinh,A07,Điểm học bạ,2025,20.0,Công nghệ tài chính
54624,DTC,cong-nghe-tai-chinh,A08,Điểm học bạ,2025,20.0,Công nghệ tài chính
54625,DTC,cong-nghe-tai-chinh,A09,Điểm học bạ,2025,20.0,Công nghệ tài chính
54626,DTC,cong-nghe-tai-chinh,A10,Điểm học bạ,2025,20.0,Công nghệ tài chính
54627,DTC,cong-nghe-tai-chinh,B00,Điểm học bạ,2025,20.0,Công nghệ tài chính
54628,DTC,cong-nghe-tai-chinh,B01,Điểm học bạ,2025,20.0,Công nghệ tài chính
54629,DTC,cong-nghe-tai-chinh,B02,Điểm học bạ,2025,20.0,Công nghệ tài chính
54630,DTC,cong-nghe-tai-chinh,B04,Điểm học bạ,2025,20.0,Công nghệ tài chính
54631,DTC,cong-nghe-tai-chinh,B08,Điểm học bạ,2025,20.0,Công nghệ tài chính
54632,DTC,cong-nghe-tai-chinh,C02,Điểm học bạ,2025,20.0,Công nghệ tài chính
54633,DTC,cong-nghe-tai-chinh,C03,Điểm học bạ,2025,20.0,Công nghệ tài chính
54634,DTC,cong-nghe-tai-chinh,C04,Điểm học bạ,2025,20.0,Công nghệ tài chính
54635,DTC,cong-nghe-tai-chinh,C14,Điểm học bạ,2025,20.0,Công nghệ tài chính
54636,DTC,cong-nghe-tai-chinh,D01,Điểm học bạ,2025,20.0,Công nghệ tài chính
54637,DTC,cong-nghe-tai-chinh,D07,Điểm học bạ,2025,20.0,Công nghệ tài chính
54638,DTC,cong-nghe-tai-chinh,D09,Điểm học bạ,2025,20.0,Công nghệ tài chính
54639,DTC,cong-nghe-tai-chinh,D10,Điểm học bạ,2025,20.0,Công nghệ tài chính
54640,DTC,cong-nghe-tai-chinh,D84,Điểm học bạ,2025,20.0,Công nghệ tài chính
54641,DTC,cong-nghe-tai-chinh,X01,Điểm học bạ,2025,20.0,Công nghệ tài chính
54642,DTC,cong-nghe-tai-chinh,X02,Điểm học bạ,2025,20.0,Công nghệ tài chính
54643,DTC,cong-nghe-tai-chinh,X03,Điểm học bạ,2025,20.0,Công nghệ tài chính
54644,DTC,cong-nghe-tai-chinh,X04,Điểm học bạ,2025,20.0,Công nghệ tài chính
54645,DTC,cong-nghe-tai-chinh,X05,Điểm học bạ,2025,20.0,Công nghệ tài chính
54646,DTC,cong-nghe-tai-chinh,X06,Điểm học bạ,2025,20.0,Công nghệ tài chính
54647,DTC,cong-nghe-tai-chinh,X07,Điểm học bạ,2025,20.0,Công nghệ tài chính
54648,DTC,cong-nghe-tai-chinh,X08,Điểm học bạ,2025,20.0,Công nghệ tài chính
54649,DTC,cong-nghe-tai-chinh,X09,Điểm học bạ,2025,20.0,Công nghệ tài chính
54650,DTC,cong-nghe-tai-chinh,X10,Điểm học bạ,2025,20.0,Công nghệ tài chính
54651,DTC,cong-nghe-tai-chinh,X12,Điểm học bạ,2025,20.0,Công nghệ tài chính
54652,DTC,cong-nghe-tai-chinh,X13,Điểm học bạ,2025,20.0,Công nghệ tài chính
54653,DTC,cong-nghe-tai-chinh,X14,Điểm học bạ,2025,20.0,Công nghệ tài chính
54654,DTC,cong-nghe-tai-chinh,X15,Điểm học bạ,2025,20.0,Công nghệ tài chính
54655,DTC,cong-nghe-tai-chinh,X16,Điểm học bạ,2025,20.0,Công nghệ tài chính
54656,DTC,cong-nghe-tai-chinh,X17,Điểm học bạ,2025,20.0,Công nghệ tài chính
54657,DTC,cong-nghe-tai-chinh,X18,Điểm học bạ,2025,20.0,Công nghệ tài chính
54658,DTC,cong-nghe-tai-chinh,X20,Điểm học bạ,2025,20.0,Công nghệ tài chính
54659,DTC,cong-nghe-tai-chinh,X21,Điểm học bạ,2025,20.0,Công nghệ tài chính
54660,DTC,cong-nghe-tai-chinh,X22,Điểm học bạ,2025,20.0,Công nghệ tài chính
54661,DTC,cong-nghe-tai-chinh,X23,Điểm học bạ,2025,20.0,Công nghệ tài chính
54662,DTC,cong-nghe-tai-chinh,X24,Điểm học bạ,2025,20.0,Công nghệ tài chính
54663,DTC,cong-nghe-tai-chinh,X25,Điểm học bạ,2025,20.0,Công nghệ tài chính
54664,DTC,cong-nghe-tai-chinh,A00,Điểm thi THPT,2025,20.0,Công nghệ tài chính
54665,DTC,cong-nghe-tai-chinh,A01,Điểm thi THPT,2025,20.0,Công nghệ tài chính
54666,DTC,cong-nghe-tai-chinh,A02,Điểm thi THPT,2025,20.0,Công nghệ tài chính
54667,DTC,cong-nghe-tai-chinh,A03,Điểm thi THPT,2025,20.0,Công nghệ tài chính
54668,DTC,cong-nghe-tai-chinh,A04,Điểm thi THPT,2025,20.0,Công nghệ tài chính
54669,DTC,cong-nghe-tai-chinh,A05,Điểm thi THPT,2025,20.0,Công nghệ tài chính
54670,DTC,cong-nghe-tai-chinh,A06,Điểm thi THPT,2025,20.0,Công nghệ tài chính
54671,DTC,cong-nghe-tai-chinh,A07,Điểm thi THPT,2025,20.0,Công nghệ tài chính
54672,DTC,cong-nghe-tai-chinh,A08,Điểm thi THPT,2025,20.0,Công nghệ tài chính
54673,DTC,cong-nghe-tai-chinh,A09,Điểm thi THPT,2025,20.0,Công nghệ tài chính
54674,DTC,cong-nghe-tai-chinh,A10,Điểm thi THPT,2025,20.0,Công nghệ tài chính
54675,DTC,cong-nghe-tai-chinh,B00,Điểm thi THPT,2025,20.0,Công nghệ tài chính
54676,DTC,cong-nghe-tai-chinh,B01,Điểm thi THPT,2025,20.0,Công nghệ tài chính
54677,DTC,cong-nghe-tai-chinh,B02,Điểm thi THPT,2025,20.0,Công nghệ tài chính
54678,DTC,cong-nghe-tai-chinh,B04,Điểm thi THPT,2025,20.0,Công nghệ tài chính
54679,DTC,cong-nghe-tai-chinh,B08,Điểm thi THPT,2025,20.0,Công nghệ tài chính
54680,DTC,cong-nghe-tai-chinh,C02,Điểm thi THPT,2025,20.0,Công nghệ tài chính
54681,DTC,cong-nghe-tai-chinh,C03,Điểm thi THPT,2025,20.0,Công nghệ tài chính
54682,DTC,cong-nghe-tai-chinh,C04,Điểm thi THPT,2025,20.0,Công nghệ tài chính
54683,DTC,cong-nghe-tai-chinh,C14,Điểm thi THPT,2025,20.0,Công nghệ tài chính
54684,DTC,cong-nghe-tai-chinh,D01,Điểm thi THPT,2025,20.0,Công nghệ tài chính
54685,DTC,cong-nghe-tai-chinh,D07,Điểm thi THPT,2025,20.0,Công nghệ tài chính
54686,DTC,cong-nghe-tai-chinh,D09,Điểm thi THPT,2025,20.0,Công nghệ tài chính
54687,DTC,cong-nghe-tai-chinh,D10,Điểm thi THPT,2025,20.0,Công nghệ tài chính
54688,DTC,cong-nghe-tai-chinh,D84,Điểm thi THPT,2025,20.0,Công nghệ tài chính
54689,DTC,cong-nghe-tai-chinh,X01,Điểm thi THPT,2025,20.0,Công nghệ tài chính
54690,DTC,cong-nghe-tai-chinh,X02,Điểm thi THPT,2025,20.0,Công nghệ tài chính
54691,DTC,cong-nghe-tai-chinh,X03,Điểm thi THPT,2025,20.0,Công nghệ tài chính
54692,DTC,cong-nghe-tai-chinh,X04,Điểm thi THPT,2025,20.0,Công nghệ tài chính
54693,DTC,cong-nghe-tai-chinh,X05,Điểm thi THPT,2025,20.0,Công nghệ tài chính
54694,DTC,cong-nghe-tai-chinh,X06,Điểm thi THPT,2025,20.0,Công nghệ tài chính
54695,DTC,cong-nghe-tai-chinh,X07,Điểm thi THPT,2025,20.0,Công nghệ tài chính
54696,DTC,cong-nghe-tai-chinh,X08,Điểm thi THPT,2025,20.0,Công nghệ tài chính
54697,DTC,cong-nghe-tai-chinh,X09,Điểm thi THPT,2025,20.0,Công nghệ tài chính
54698,DTC,cong-nghe-tai-chinh,X10,Điểm thi THPT,2025,20.0,Công nghệ tài chính
54699,DTC,cong-nghe-tai-chinh,X12,Điểm thi THPT,2025,20.0,Công nghệ tài chính
54700,DTC,cong-nghe-tai-chinh,X13,Điểm thi THPT,2025,20.0,Công nghệ tài chính
54701,DTC,cong-nghe-tai-chinh,X14,Điểm thi THPT,2025,20.0,Công nghệ tài chính
54702,DTC,cong-nghe-tai-chinh,X15,Điểm thi THPT,2025,20.0,Công nghệ tài chính
54703,DTC,cong-nghe-tai-chinh,X16,Điểm thi THPT,2025,20.0,Công nghệ tài chính
54704,DTC,cong-nghe-tai-chinh,X17,Điểm thi THPT,2025,20.0,Công nghệ tài chính
54705,DTC,cong-nghe-tai-chinh,X18,Điểm thi THPT,2025,20.0,Công nghệ tài chính
54706,DTC,cong-nghe-tai-chinh,X20,Điểm thi THPT,2025,20.0,Công nghệ tài chính
54707,DTC,cong-nghe-tai-chinh,X21,Điểm thi THPT,2025,20.0,Công nghệ tài chính
54708,DTC,cong-nghe-tai-chinh,X22,Điểm thi THPT,2025,20.0,Công nghệ tài chính
54709,DTC,cong-nghe-tai-chinh,X23,Điểm thi THPT,2025,20.0,Công nghệ tài chính
54710,DTC,cong-nghe-tai-chinh,X24,Điểm thi THPT,2025,20.0,Công nghệ tài chính
54711,DTC,cong-nghe-tai-chinh,X25,Điểm thi THPT,2025,20.0,Công nghệ tài chính
54712,DTC,cong-nghe-thong-tin,A00,Điểm học bạ,2021,18.0,Công nghệ thông tin
54713,DTC,cong-nghe-thong-tin,C01,Điểm học bạ,2021,18.0,Công nghệ thông tin
54714,DTC,cong-nghe-thong-tin,C14,Điểm học bạ,2021,18.0,Công nghệ thông tin
54715,DTC,cong-nghe-thong-tin,D01,Điểm học bạ,2021,18.0,Công nghệ thông tin
54716,DTC,cong-nghe-thong-tin,A00,Điểm thi THPT,2021,17.0,Công nghệ thông tin
54717,DTC,cong-nghe-thong-tin,C01,Điểm thi THPT,2021,17.0,Công nghệ thông tin
54718,DTC,cong-nghe-thong-tin,C14,Điểm thi THPT,2021,17.0,Công nghệ thông tin
54719,DTC,cong-nghe-thong-tin,D01,Điểm thi THPT,2021,17.0,Công nghệ thông tin
54720,DTC,cong-nghe-thong-tin,A00,Điểm học bạ,2022,20.0,Công nghệ thông tin
54721,DTC,cong-nghe-thong-tin,C01,Điểm học bạ,2022,20.0,Công nghệ thông tin
54722,DTC,cong-nghe-thong-tin,C14,Điểm học bạ,2022,20.0,Công nghệ thông tin
54723,DTC,cong-nghe-thong-tin,D01,Điểm học bạ,2022,20.0,Công nghệ thông tin
54724,DTC,cong-nghe-thong-tin,A00,Điểm thi THPT,2022,19.0,Công nghệ thông tin
54725,DTC,cong-nghe-thong-tin,C01,Điểm thi THPT,2022,19.0,Công nghệ thông tin
54726,DTC,cong-nghe-thong-tin,C14,Điểm thi THPT,2022,19.0,Công nghệ thông tin
54727,DTC,cong-nghe-thong-tin,D01,Điểm thi THPT,2022,19.0,Công nghệ thông tin
54728,DTC,cong-nghe-thong-tin,A00,Điểm học bạ,2023,18.5,Công nghệ thông tin
54729,DTC,cong-nghe-thong-tin,C01,Điểm học bạ,2023,18.5,Công nghệ thông tin
54730,DTC,cong-nghe-thong-tin,C14,Điểm học bạ,2023,18.5,Công nghệ thông tin
54731,DTC,cong-nghe-thong-tin,D01,Điểm học bạ,2023,18.5,Công nghệ thông tin
54732,DTC,cong-nghe-thong-tin,A00,Điểm thi THPT,2023,16.0,Công nghệ thông tin
54733,DTC,cong-nghe-thong-tin,C01,Điểm thi THPT,2023,16.0,Công nghệ thông tin
54734,DTC,cong-nghe-thong-tin,C14,Điểm thi THPT,2023,16.0,Công nghệ thông tin
54735,DTC,cong-nghe-thong-tin,D01,Điểm thi THPT,2023,16.0,Công nghệ thông tin
54736,DTC,cong-nghe-thong-tin,A00,Điểm học bạ,2024,18.2,Công nghệ thông tin
54737,DTC,cong-nghe-thong-tin,C01,Điểm học bạ,2024,18.2,Công nghệ thông tin
54738,DTC,cong-nghe-thong-tin,C14,Điểm học bạ,2024,18.2,Công nghệ thông tin
54739,DTC,cong-nghe-thong-tin,D01,Điểm học bạ,2024,18.2,Công nghệ thông tin
54740,DTC,cong-nghe-thong-tin,A00,Điểm thi THPT,2024,20.9,Công nghệ thông tin
54741,DTC,cong-nghe-thong-tin,C01,Điểm thi THPT,2024,20.9,Công nghệ thông tin
54742,DTC,cong-nghe-thong-tin,C14,Điểm thi THPT,2024,20.9,Công nghệ thông tin
54743,DTC,cong-nghe-thong-tin,D01,Điểm thi THPT,2024,20.9,Công nghệ thông tin
54744,DTC,cong-nghe-thong-tin,A00,Điểm học bạ,2025,20.14,Công nghệ thông tin
54745,DTC,cong-nghe-thong-tin,A01,Điểm học bạ,2025,20.14,Công nghệ thông tin
54746,DTC,cong-nghe-thong-tin,A02,Điểm học bạ,2025,20.14,Công nghệ thông tin
54747,DTC,cong-nghe-thong-tin,A03,Điểm học bạ,2025,20.14,Công nghệ thông tin
54748,DTC,cong-nghe-thong-tin,A04,Điểm học bạ,2025,20.14,Công nghệ thông tin
54749,DTC,cong-nghe-thong-tin,A05,Điểm học bạ,2025,20.14,Công nghệ thông tin
54750,DTC,cong-nghe-thong-tin,A06,Điểm học bạ,2025,20.14,Công nghệ thông tin
54751,DTC,cong-nghe-thong-tin,A07,Điểm học bạ,2025,20.14,Công nghệ thông tin
54752,DTC,cong-nghe-thong-tin,A08,Điểm học bạ,2025,20.14,Công nghệ thông tin
54753,DTC,cong-nghe-thong-tin,A09,Điểm học bạ,2025,20.14,Công nghệ thông tin
54754,DTC,cong-nghe-thong-tin,A10,Điểm học bạ,2025,20.14,Công nghệ thông tin
54755,DTC,cong-nghe-thong-tin,B00,Điểm học bạ,2025,20.14,Công nghệ thông tin
54756,DTC,cong-nghe-thong-tin,B01,Điểm học bạ,2025,20.14,Công nghệ thông tin
54757,DTC,cong-nghe-thong-tin,B02,Điểm học bạ,2025,20.14,Công nghệ thông tin
54758,DTC,cong-nghe-thong-tin,B04,Điểm học bạ,2025,20.14,Công nghệ thông tin
54759,DTC,cong-nghe-thong-tin,B08,Điểm học bạ,2025,20.14,Công nghệ thông tin
54760,DTC,cong-nghe-thong-tin,C02,Điểm học bạ,2025,20.14,Công nghệ thông tin
54761,DTC,cong-nghe-thong-tin,C03,Điểm học bạ,2025,20.14,Công nghệ thông tin
54762,DTC,cong-nghe-thong-tin,C04,Điểm học bạ,2025,20.14,Công nghệ thông tin
54763,DTC,cong-nghe-thong-tin,C14,Điểm học bạ,2025,20.14,Công nghệ thông tin
54764,DTC,cong-nghe-thong-tin,D01,Điểm học bạ,2025,20.14,Công nghệ thông tin
54765,DTC,cong-nghe-thong-tin,D07,Điểm học bạ,2025,20.14,Công nghệ thông tin
54766,DTC,cong-nghe-thong-tin,D09,Điểm học bạ,2025,20.14,Công nghệ thông tin
54767,DTC,cong-nghe-thong-tin,D10,Điểm học bạ,2025,20.14,Công nghệ thông tin
54768,DTC,cong-nghe-thong-tin,D84,Điểm học bạ,2025,20.14,Công nghệ thông tin
54769,DTC,cong-nghe-thong-tin,X01,Điểm học bạ,2025,20.14,Công nghệ thông tin
54770,DTC,cong-nghe-thong-tin,X02,Điểm học bạ,2025,20.14,Công nghệ thông tin
54771,DTC,cong-nghe-thong-tin,X03,Điểm học bạ,2025,20.14,Công nghệ thông tin
54772,DTC,cong-nghe-thong-tin,X04,Điểm học bạ,2025,20.14,Công nghệ thông tin
54773,DTC,cong-nghe-thong-tin,X05,Điểm học bạ,2025,20.14,Công nghệ thông tin
54774,DTC,cong-nghe-thong-tin,X06,Điểm học bạ,2025,20.14,Công nghệ thông tin
54775,DTC,cong-nghe-thong-tin,X07,Điểm học bạ,2025,20.14,Công nghệ thông tin
54776,DTC,cong-nghe-thong-tin,X08,Điểm học bạ,2025,20.14,Công nghệ thông tin
54777,DTC,cong-nghe-thong-tin,X09,Điểm học bạ,2025,20.14,Công nghệ thông tin
54778,DTC,cong-nghe-thong-tin,X10,Điểm học bạ,2025,20.14,Công nghệ thông tin
54779,DTC,cong-nghe-thong-tin,X12,Điểm học bạ,2025,20.14,Công nghệ thông tin
54780,DTC,cong-nghe-thong-tin,X13,Điểm học bạ,2025,20.14,Công nghệ thông tin
54781,DTC,cong-nghe-thong-tin,X14,Điểm học bạ,2025,20.14,Công nghệ thông tin
54782,DTC,cong-nghe-thong-tin,X15,Điểm học bạ,2025,20.14,Công nghệ thông tin
54783,DTC,cong-nghe-thong-tin,X16,Điểm học bạ,2025,20.14,Công nghệ thông tin
54784,DTC,cong-nghe-thong-tin,X17,Điểm học bạ,2025,20.14,Công nghệ thông tin
54785,DTC,cong-nghe-thong-tin,X18,Điểm học bạ,2025,20.14,Công nghệ thông tin
54786,DTC,cong-nghe-thong-tin,X20,Điểm học bạ,2025,20.14,Công nghệ thông tin
54787,DTC,cong-nghe-thong-tin,X21,Điểm học bạ,2025,20.14,Công nghệ thông tin
54788,DTC,cong-nghe-thong-tin,X22,Điểm học bạ,2025,20.14,Công nghệ thông tin
54789,DTC,cong-nghe-thong-tin,X23,Điểm học bạ,2025,20.14,Công nghệ thông tin
54790,DTC,cong-nghe-thong-tin,X24,Điểm học bạ,2025,20.14,Công nghệ thông tin
54791,DTC,cong-nghe-thong-tin,X25,Điểm học bạ,2025,20.14,Công nghệ thông tin
54792,DTC,cong-nghe-thong-tin,A00,Điểm thi THPT,2025,18.5,Công nghệ thông tin
54793,DTC,cong-nghe-thong-tin,A01,Điểm thi THPT,2025,18.5,Công nghệ thông tin
54794,DTC,cong-nghe-thong-tin,A02,Điểm thi THPT,2025,18.5,Công nghệ thông tin
54795,DTC,cong-nghe-thong-tin,A03,Điểm thi THPT,2025,18.5,Công nghệ thông tin
54796,DTC,cong-nghe-thong-tin,A04,Điểm thi THPT,2025,18.5,Công nghệ thông tin
54797,DTC,cong-nghe-thong-tin,A05,Điểm thi THPT,2025,18.5,Công nghệ thông tin
54798,DTC,cong-nghe-thong-tin,A06,Điểm thi THPT,2025,18.5,Công nghệ thông tin
54799,DTC,cong-nghe-thong-tin,A07,Điểm thi THPT,2025,18.5,Công nghệ thông tin
54800,DTC,cong-nghe-thong-tin,A08,Điểm thi THPT,2025,18.5,Công nghệ thông tin
54801,DTC,cong-nghe-thong-tin,A09,Điểm thi THPT,2025,18.5,Công nghệ thông tin
54802,DTC,cong-nghe-thong-tin,A10,Điểm thi THPT,2025,18.5,Công nghệ thông tin
54803,DTC,cong-nghe-thong-tin,B00,Điểm thi THPT,2025,18.5,Công nghệ thông tin
54804,DTC,cong-nghe-thong-tin,B01,Điểm thi THPT,2025,18.5,Công nghệ thông tin
54805,DTC,cong-nghe-thong-tin,B02,Điểm thi THPT,2025,18.5,Công nghệ thông tin
54806,DTC,cong-nghe-thong-tin,B04,Điểm thi THPT,2025,18.5,Công nghệ thông tin
54807,DTC,cong-nghe-thong-tin,B08,Điểm thi THPT,2025,18.5,Công nghệ thông tin
54808,DTC,cong-nghe-thong-tin,C02,Điểm thi THPT,2025,18.5,Công nghệ thông tin
54809,DTC,cong-nghe-thong-tin,C03,Điểm thi THPT,2025,18.5,Công nghệ thông tin
54810,DTC,cong-nghe-thong-tin,C04,Điểm thi THPT,2025,18.5,Công nghệ thông tin
54811,DTC,cong-nghe-thong-tin,C14,Điểm thi THPT,2025,18.5,Công nghệ thông tin
54812,DTC,cong-nghe-thong-tin,D01,Điểm thi THPT,2025,18.5,Công nghệ thông tin
54813,DTC,cong-nghe-thong-tin,D07,Điểm thi THPT,2025,18.5,Công nghệ thông tin
54814,DTC,cong-nghe-thong-tin,D09,Điểm thi THPT,2025,18.5,Công nghệ thông tin
54815,DTC,cong-nghe-thong-tin,D10,Điểm thi THPT,2025,18.5,Công nghệ thông tin
54816,DTC,cong-nghe-thong-tin,D84,Điểm thi THPT,2025,18.5,Công nghệ thông tin
54817,DTC,cong-nghe-thong-tin,X01,Điểm thi THPT,2025,18.5,Công nghệ thông tin
54818,DTC,cong-nghe-thong-tin,X02,Điểm thi THPT,2025,18.5,Công nghệ thông tin
54819,DTC,cong-nghe-thong-tin,X03,Điểm thi THPT,2025,18.5,Công nghệ thông tin
54820,DTC,cong-nghe-thong-tin,X04,Điểm thi THPT,2025,18.5,Công nghệ thông tin
54821,DTC,cong-nghe-thong-tin,X05,Điểm thi THPT,2025,18.5,Công nghệ thông tin
54822,DTC,cong-nghe-thong-tin,X06,Điểm thi THPT,2025,18.5,Công nghệ thông tin
54823,DTC,cong-nghe-thong-tin,X07,Điểm thi THPT,2025,18.5,Công nghệ thông tin
54824,DTC,cong-nghe-thong-tin,X08,Điểm thi THPT,2025,18.5,Công nghệ thông tin
54825,DTC,cong-nghe-thong-tin,X09,Điểm thi THPT,2025,18.5,Công nghệ thông tin
54826,DTC,cong-nghe-thong-tin,X10,Điểm thi THPT,2025,18.5,Công nghệ thông tin
54827,DTC,cong-nghe-thong-tin,X12,Điểm thi THPT,2025,18.5,Công nghệ thông tin
54828,DTC,cong-nghe-thong-tin,X13,Điểm thi THPT,2025,18.5,Công nghệ thông tin
54829,DTC,cong-nghe-thong-tin,X14,Điểm thi THPT,2025,18.5,Công nghệ thông tin
54830,DTC,cong-nghe-thong-tin,X15,Điểm thi THPT,2025,18.5,Công nghệ thông tin
54831,DTC,cong-nghe-thong-tin,X16,Điểm thi THPT,2025,18.5,Công nghệ thông tin
54832,DTC,cong-nghe-thong-tin,X17,Điểm thi THPT,2025,18.5,Công nghệ thông tin
54833,DTC,cong-nghe-thong-tin,X18,Điểm thi THPT,2025,18.5,Công nghệ thông tin
54834,DTC,cong-nghe-thong-tin,X20,Điểm thi THPT,2025,18.5,Công nghệ thông tin
54835,DTC,cong-nghe-thong-tin,X21,Điểm thi THPT,2025,18.5,Công nghệ thông tin
54836,DTC,cong-nghe-thong-tin,X22,Điểm thi THPT,2025,18.5,Công nghệ thông tin
54837,DTC,cong-nghe-thong-tin,X23,Điểm thi THPT,2025,18.5,Công nghệ thông tin
54838,DTC,cong-nghe-thong-tin,X24,Điểm thi THPT,2025,18.5,Công nghệ thông tin
54839,DTC,cong-nghe-thong-tin,X25,Điểm thi THPT,2025,18.5,Công nghệ thông tin
54840,DTC,cong-nghe-thong-tin-chat-luong-cao,A00,Điểm học bạ,2023,20.5,Công nghệ thông tin chất lượng cao
54841,DTC,cong-nghe-thong-tin-chat-luong-cao,C01,Điểm học bạ,2023,20.5,Công nghệ thông tin chất lượng cao
54842,DTC,cong-nghe-thong-tin-chat-luong-cao,C14,Điểm học bạ,2023,20.5,Công nghệ thông tin chất lượng cao
54843,DTC,cong-nghe-thong-tin-chat-luong-cao,D01,Điểm học bạ,2023,20.5,Công nghệ thông tin chất lượng cao
54844,DTC,cong-nghe-thong-tin-chat-luong-cao,A00,Điểm thi THPT,2023,16.5,Công nghệ thông tin chất lượng cao
54845,DTC,cong-nghe-thong-tin-chat-luong-cao,C01,Điểm thi THPT,2023,16.5,Công nghệ thông tin chất lượng cao
54846,DTC,cong-nghe-thong-tin-chat-luong-cao,C14,Điểm thi THPT,2023,16.5,Công nghệ thông tin chất lượng cao
54847,DTC,cong-nghe-thong-tin-chat-luong-cao,D01,Điểm thi THPT,2023,16.5,Công nghệ thông tin chất lượng cao
54848,DTC,cong-nghe-thong-tin-quoc-te,A00,Điểm học bạ,2023,19.5,Công nghệ thông tin quốc tế
54849,DTC,cong-nghe-thong-tin-quoc-te,C01,Điểm học bạ,2023,19.5,Công nghệ thông tin quốc tế
54850,DTC,cong-nghe-thong-tin-quoc-te,C14,Điểm học bạ,2023,19.5,Công nghệ thông tin quốc tế
54851,DTC,cong-nghe-thong-tin-quoc-te,D01,Điểm học bạ,2023,19.5,Công nghệ thông tin quốc tế
54852,DTC,cong-nghe-thong-tin-quoc-te,A00,Điểm thi THPT,2023,16.5,Công nghệ thông tin quốc tế
54853,DTC,cong-nghe-thong-tin-quoc-te,C01,Điểm thi THPT,2023,16.5,Công nghệ thông tin quốc tế
54854,DTC,cong-nghe-thong-tin-quoc-te,C14,Điểm thi THPT,2023,16.5,Công nghệ thông tin quốc tế
54855,DTC,cong-nghe-thong-tin-quoc-te,D01,Điểm thi THPT,2023,16.5,Công nghệ thông tin quốc tế
54856,DTC,cong-nghe-thong-tin-quoc-te,A00,Điểm học bạ,2024,20.6,Công nghệ thông tin quốc tế
54857,DTC,cong-nghe-thong-tin-quoc-te,C01,Điểm học bạ,2024,20.6,Công nghệ thông tin quốc tế
54858,DTC,cong-nghe-thong-tin-quoc-te,C14,Điểm học bạ,2024,20.6,Công nghệ thông tin quốc tế
54859,DTC,cong-nghe-thong-tin-quoc-te,D01,Điểm học bạ,2024,20.6,Công nghệ thông tin quốc tế
54860,DTC,cong-nghe-thong-tin-quoc-te,A00,Điểm thi THPT,2024,18.7,Công nghệ thông tin quốc tế
54861,DTC,cong-nghe-thong-tin-quoc-te,C01,Điểm thi THPT,2024,18.7,Công nghệ thông tin quốc tế
54862,DTC,cong-nghe-thong-tin-quoc-te,C14,Điểm thi THPT,2024,18.7,Công nghệ thông tin quốc tế
54863,DTC,cong-nghe-thong-tin-quoc-te,D01,Điểm thi THPT,2024,18.7,Công nghệ thông tin quốc tế
54864,DTC,cong-nghe-thong-tin-quoc-te,A00,Điểm học bạ,2025,20.36,Công nghệ thông tin quốc tế
54865,DTC,cong-nghe-thong-tin-quoc-te,A01,Điểm học bạ,2025,20.36,Công nghệ thông tin quốc tế
54866,DTC,cong-nghe-thong-tin-quoc-te,A02,Điểm học bạ,2025,20.36,Công nghệ thông tin quốc tế
54867,DTC,cong-nghe-thong-tin-quoc-te,A03,Điểm học bạ,2025,20.36,Công nghệ thông tin quốc tế
54868,DTC,cong-nghe-thong-tin-quoc-te,A04,Điểm học bạ,2025,20.36,Công nghệ thông tin quốc tế
54869,DTC,cong-nghe-thong-tin-quoc-te,A05,Điểm học bạ,2025,20.36,Công nghệ thông tin quốc tế
54870,DTC,cong-nghe-thong-tin-quoc-te,A06,Điểm học bạ,2025,20.36,Công nghệ thông tin quốc tế
54871,DTC,cong-nghe-thong-tin-quoc-te,A07,Điểm học bạ,2025,20.36,Công nghệ thông tin quốc tế
54872,DTC,cong-nghe-thong-tin-quoc-te,A08,Điểm học bạ,2025,20.36,Công nghệ thông tin quốc tế
54873,DTC,cong-nghe-thong-tin-quoc-te,A09,Điểm học bạ,2025,20.36,Công nghệ thông tin quốc tế
54874,DTC,cong-nghe-thong-tin-quoc-te,A10,Điểm học bạ,2025,20.36,Công nghệ thông tin quốc tế
54875,DTC,cong-nghe-thong-tin-quoc-te,B00,Điểm học bạ,2025,20.36,Công nghệ thông tin quốc tế
54876,DTC,cong-nghe-thong-tin-quoc-te,B01,Điểm học bạ,2025,20.36,Công nghệ thông tin quốc tế
54877,DTC,cong-nghe-thong-tin-quoc-te,B02,Điểm học bạ,2025,20.36,Công nghệ thông tin quốc tế
54878,DTC,cong-nghe-thong-tin-quoc-te,B04,Điểm học bạ,2025,20.36,Công nghệ thông tin quốc tế
54879,DTC,cong-nghe-thong-tin-quoc-te,B08,Điểm học bạ,2025,20.36,Công nghệ thông tin quốc tế
54880,DTC,cong-nghe-thong-tin-quoc-te,C02,Điểm học bạ,2025,20.36,Công nghệ thông tin quốc tế
54881,DTC,cong-nghe-thong-tin-quoc-te,C03,Điểm học bạ,2025,20.36,Công nghệ thông tin quốc tế
54882,DTC,cong-nghe-thong-tin-quoc-te,C04,Điểm học bạ,2025,20.36,Công nghệ thông tin quốc tế
54883,DTC,cong-nghe-thong-tin-quoc-te,C14,Điểm học bạ,2025,20.36,Công nghệ thông tin quốc tế
54884,DTC,cong-nghe-thong-tin-quoc-te,D01,Điểm học bạ,2025,20.36,Công nghệ thông tin quốc tế
54885,DTC,cong-nghe-thong-tin-quoc-te,D07,Điểm học bạ,2025,20.36,Công nghệ thông tin quốc tế
54886,DTC,cong-nghe-thong-tin-quoc-te,D09,Điểm học bạ,2025,20.36,Công nghệ thông tin quốc tế
54887,DTC,cong-nghe-thong-tin-quoc-te,D10,Điểm học bạ,2025,20.36,Công nghệ thông tin quốc tế
54888,DTC,cong-nghe-thong-tin-quoc-te,D84,Điểm học bạ,2025,20.36,Công nghệ thông tin quốc tế
54889,DTC,cong-nghe-thong-tin-quoc-te,X01,Điểm học bạ,2025,20.36,Công nghệ thông tin quốc tế
54890,DTC,cong-nghe-thong-tin-quoc-te,X02,Điểm học bạ,2025,20.36,Công nghệ thông tin quốc tế
54891,DTC,cong-nghe-thong-tin-quoc-te,X03,Điểm học bạ,2025,20.36,Công nghệ thông tin quốc tế
54892,DTC,cong-nghe-thong-tin-quoc-te,X04,Điểm học bạ,2025,20.36,Công nghệ thông tin quốc tế
54893,DTC,cong-nghe-thong-tin-quoc-te,X05,Điểm học bạ,2025,20.36,Công nghệ thông tin quốc tế
54894,DTC,cong-nghe-thong-tin-quoc-te,X06,Điểm học bạ,2025,20.36,Công nghệ thông tin quốc tế
54895,DTC,cong-nghe-thong-tin-quoc-te,X07,Điểm học bạ,2025,20.36,Công nghệ thông tin quốc tế
54896,DTC,cong-nghe-thong-tin-quoc-te,X08,Điểm học bạ,2025,20.36,Công nghệ thông tin quốc tế
54897,DTC,cong-nghe-thong-tin-quoc-te,X09,Điểm học bạ,2025,20.36,Công nghệ thông tin quốc tế
54898,DTC,cong-nghe-thong-tin-quoc-te,X10,Điểm học bạ,2025,20.36,Công nghệ thông tin quốc tế
54899,DTC,cong-nghe-thong-tin-quoc-te,X12,Điểm học bạ,2025,20.36,Công nghệ thông tin quốc tế
54900,DTC,cong-nghe-thong-tin-quoc-te,X13,Điểm học bạ,2025,20.36,Công nghệ thông tin quốc tế
54901,DTC,cong-nghe-thong-tin-quoc-te,X14,Điểm học bạ,2025,20.36,Công nghệ thông tin quốc tế
54902,DTC,cong-nghe-thong-tin-quoc-te,X15,Điểm học bạ,2025,20.36,Công nghệ thông tin quốc tế
54903,DTC,cong-nghe-thong-tin-quoc-te,X16,Điểm học bạ,2025,20.36,Công nghệ thông tin quốc tế
54904,DTC,cong-nghe-thong-tin-quoc-te,X17,Điểm học bạ,2025,20.36,Công nghệ thông tin quốc tế
54905,DTC,cong-nghe-thong-tin-quoc-te,X18,Điểm học bạ,2025,20.36,Công nghệ thông tin quốc tế
54906,DTC,cong-nghe-thong-tin-quoc-te,X20,Điểm học bạ,2025,20.36,Công nghệ thông tin quốc tế
54907,DTC,cong-nghe-thong-tin-quoc-te,X21,Điểm học bạ,2025,20.36,Công nghệ thông tin quốc tế
54908,DTC,cong-nghe-thong-tin-quoc-te,X22,Điểm học bạ,2025,20.36,Công nghệ thông tin quốc tế
54909,DTC,cong-nghe-thong-tin-quoc-te,X23,Điểm học bạ,2025,20.36,Công nghệ thông tin quốc tế
54910,DTC,cong-nghe-thong-tin-quoc-te,X24,Điểm học bạ,2025,20.36,Công nghệ thông tin quốc tế
54911,DTC,cong-nghe-thong-tin-quoc-te,X25,Điểm học bạ,2025,20.36,Công nghệ thông tin quốc tế
54912,DTC,cong-nghe-thong-tin-quoc-te,A00,Điểm thi THPT,2025,18.75,Công nghệ thông tin quốc tế
54913,DTC,cong-nghe-thong-tin-quoc-te,A01,Điểm thi THPT,2025,18.75,Công nghệ thông tin quốc tế
54914,DTC,cong-nghe-thong-tin-quoc-te,A02,Điểm thi THPT,2025,18.75,Công nghệ thông tin quốc tế
54915,DTC,cong-nghe-thong-tin-quoc-te,A03,Điểm thi THPT,2025,18.75,Công nghệ thông tin quốc tế
54916,DTC,cong-nghe-thong-tin-quoc-te,A04,Điểm thi THPT,2025,18.75,Công nghệ thông tin quốc tế
54917,DTC,cong-nghe-thong-tin-quoc-te,A05,Điểm thi THPT,2025,18.75,Công nghệ thông tin quốc tế
54918,DTC,cong-nghe-thong-tin-quoc-te,A06,Điểm thi THPT,2025,18.75,Công nghệ thông tin quốc tế
54919,DTC,cong-nghe-thong-tin-quoc-te,A07,Điểm thi THPT,2025,18.75,Công nghệ thông tin quốc tế
54920,DTC,cong-nghe-thong-tin-quoc-te,A08,Điểm thi THPT,2025,18.75,Công nghệ thông tin quốc tế
54921,DTC,cong-nghe-thong-tin-quoc-te,A09,Điểm thi THPT,2025,18.75,Công nghệ thông tin quốc tế
54922,DTC,cong-nghe-thong-tin-quoc-te,A10,Điểm thi THPT,2025,18.75,Công nghệ thông tin quốc tế
54923,DTC,cong-nghe-thong-tin-quoc-te,B00,Điểm thi THPT,2025,18.75,Công nghệ thông tin quốc tế
54924,DTC,cong-nghe-thong-tin-quoc-te,B01,Điểm thi THPT,2025,18.75,Công nghệ thông tin quốc tế
54925,DTC,cong-nghe-thong-tin-quoc-te,B02,Điểm thi THPT,2025,18.75,Công nghệ thông tin quốc tế
54926,DTC,cong-nghe-thong-tin-quoc-te,B04,Điểm thi THPT,2025,18.75,Công nghệ thông tin quốc tế
54927,DTC,cong-nghe-thong-tin-quoc-te,B08,Điểm thi THPT,2025,18.75,Công nghệ thông tin quốc tế
54928,DTC,cong-nghe-thong-tin-quoc-te,C02,Điểm thi THPT,2025,18.75,Công nghệ thông tin quốc tế
54929,DTC,cong-nghe-thong-tin-quoc-te,C03,Điểm thi THPT,2025,18.75,Công nghệ thông tin quốc tế
54930,DTC,cong-nghe-thong-tin-quoc-te,C04,Điểm thi THPT,2025,18.75,Công nghệ thông tin quốc tế
54931,DTC,cong-nghe-thong-tin-quoc-te,C14,Điểm thi THPT,2025,18.75,Công nghệ thông tin quốc tế
54932,DTC,cong-nghe-thong-tin-quoc-te,D01,Điểm thi THPT,2025,18.75,Công nghệ thông tin quốc tế
54933,DTC,cong-nghe-thong-tin-quoc-te,D07,Điểm thi THPT,2025,18.75,Công nghệ thông tin quốc tế
54934,DTC,cong-nghe-thong-tin-quoc-te,D09,Điểm thi THPT,2025,18.75,Công nghệ thông tin quốc tế
54935,DTC,cong-nghe-thong-tin-quoc-te,D10,Điểm thi THPT,2025,18.75,Công nghệ thông tin quốc tế
54936,DTC,cong-nghe-thong-tin-quoc-te,D84,Điểm thi THPT,2025,18.75,Công nghệ thông tin quốc tế
54937,DTC,cong-nghe-thong-tin-quoc-te,X01,Điểm thi THPT,2025,18.75,Công nghệ thông tin quốc tế
54938,DTC,cong-nghe-thong-tin-quoc-te,X02,Điểm thi THPT,2025,18.75,Công nghệ thông tin quốc tế
54939,DTC,cong-nghe-thong-tin-quoc-te,X03,Điểm thi THPT,2025,18.75,Công nghệ thông tin quốc tế
54940,DTC,cong-nghe-thong-tin-quoc-te,X04,Điểm thi THPT,2025,18.75,Công nghệ thông tin quốc tế
54941,DTC,cong-nghe-thong-tin-quoc-te,X05,Điểm thi THPT,2025,18.75,Công nghệ thông tin quốc tế
54942,DTC,cong-nghe-thong-tin-quoc-te,X06,Điểm thi THPT,2025,18.75,Công nghệ thông tin quốc tế
54943,DTC,cong-nghe-thong-tin-quoc-te,X07,Điểm thi THPT,2025,18.75,Công nghệ thông tin quốc tế
54944,DTC,cong-nghe-thong-tin-quoc-te,X08,Điểm thi THPT,2025,18.75,Công nghệ thông tin quốc tế
54945,DTC,cong-nghe-thong-tin-quoc-te,X09,Điểm thi THPT,2025,18.75,Công nghệ thông tin quốc tế
54946,DTC,cong-nghe-thong-tin-quoc-te,X10,Điểm thi THPT,2025,18.75,Công nghệ thông tin quốc tế
54947,DTC,cong-nghe-thong-tin-quoc-te,X12,Điểm thi THPT,2025,18.75,Công nghệ thông tin quốc tế
54948,DTC,cong-nghe-thong-tin-quoc-te,X13,Điểm thi THPT,2025,18.75,Công nghệ thông tin quốc tế
54949,DTC,cong-nghe-thong-tin-quoc-te,X14,Điểm thi THPT,2025,18.75,Công nghệ thông tin quốc tế
54950,DTC,cong-nghe-thong-tin-quoc-te,X15,Điểm thi THPT,2025,18.75,Công nghệ thông tin quốc tế
54951,DTC,cong-nghe-thong-tin-quoc-te,X16,Điểm thi THPT,2025,18.75,Công nghệ thông tin quốc tế
54952,DTC,cong-nghe-thong-tin-quoc-te,X17,Điểm thi THPT,2025,18.75,Công nghệ thông tin quốc tế
54953,DTC,cong-nghe-thong-tin-quoc-te,X18,Điểm thi THPT,2025,18.75,Công nghệ thông tin quốc tế
54954,DTC,cong-nghe-thong-tin-quoc-te,X20,Điểm thi THPT,2025,18.75,Công nghệ thông tin quốc tế
54955,DTC,cong-nghe-thong-tin-quoc-te,X21,Điểm thi THPT,2025,18.75,Công nghệ thông tin quốc tế
54956,DTC,cong-nghe-thong-tin-quoc-te,X22,Điểm thi THPT,2025,18.75,Công nghệ thông tin quốc tế
54957,DTC,cong-nghe-thong-tin-quoc-te,X23,Điểm thi THPT,2025,18.75,Công nghệ thông tin quốc tế
54958,DTC,cong-nghe-thong-tin-quoc-te,X24,Điểm thi THPT,2025,18.75,Công nghệ thông tin quốc tế
54959,DTC,cong-nghe-thong-tin-quoc-te,X25,Điểm thi THPT,2025,18.75,Công nghệ thông tin quốc tế
54960,DTC,cong-nghe-thong-tin-trong-diem,A00,Điểm học bạ,2024,20.3,Công nghệ thông tin trọng điểm (CLC)
54961,DTC,cong-nghe-thong-tin-trong-diem,C01,Điểm học bạ,2024,20.3,Công nghệ thông tin trọng điểm (CLC)
54962,DTC,cong-nghe-thong-tin-trong-diem,C14,Điểm học bạ,2024,20.3,Công nghệ thông tin trọng điểm (CLC)
54963,DTC,cong-nghe-thong-tin-trong-diem,D01,Điểm học bạ,2024,20.3,Công nghệ thông tin trọng điểm (CLC)
54964,DTC,cong-nghe-thong-tin-trong-diem,A00,Điểm thi THPT,2024,20.7,Công nghệ thông tin trọng điểm (CLC)
54965,DTC,cong-nghe-thong-tin-trong-diem,C01,Điểm thi THPT,2024,20.7,Công nghệ thông tin trọng điểm (CLC)
54966,DTC,cong-nghe-thong-tin-trong-diem,C14,Điểm thi THPT,2024,20.7,Công nghệ thông tin trọng điểm (CLC)
54967,DTC,cong-nghe-thong-tin-trong-diem,D01,Điểm thi THPT,2024,20.7,Công nghệ thông tin trọng điểm (CLC)
54968,DTC,cong-nghe-thong-tin-trong-diem,A00,Điểm học bạ,2025,21.0,Công nghệ thông tin trọng điểm
54969,DTC,cong-nghe-thong-tin-trong-diem,A01,Điểm học bạ,2025,21.0,Công nghệ thông tin trọng điểm
54970,DTC,cong-nghe-thong-tin-trong-diem,A02,Điểm học bạ,2025,21.0,Công nghệ thông tin trọng điểm
54971,DTC,cong-nghe-thong-tin-trong-diem,A03,Điểm học bạ,2025,21.0,Công nghệ thông tin trọng điểm
54972,DTC,cong-nghe-thong-tin-trong-diem,A04,Điểm học bạ,2025,21.0,Công nghệ thông tin trọng điểm
54973,DTC,cong-nghe-thong-tin-trong-diem,A05,Điểm học bạ,2025,21.0,Công nghệ thông tin trọng điểm
54974,DTC,cong-nghe-thong-tin-trong-diem,A06,Điểm học bạ,2025,21.0,Công nghệ thông tin trọng điểm
54975,DTC,cong-nghe-thong-tin-trong-diem,A07,Điểm học bạ,2025,21.0,Công nghệ thông tin trọng điểm
54976,DTC,cong-nghe-thong-tin-trong-diem,A08,Điểm học bạ,2025,21.0,Công nghệ thông tin trọng điểm
54977,DTC,cong-nghe-thong-tin-trong-diem,A09,Điểm học bạ,2025,21.0,Công nghệ thông tin trọng điểm
54978,DTC,cong-nghe-thong-tin-trong-diem,A10,Điểm học bạ,2025,21.0,Công nghệ thông tin trọng điểm
54979,DTC,cong-nghe-thong-tin-trong-diem,B00,Điểm học bạ,2025,21.0,Công nghệ thông tin trọng điểm
54980,DTC,cong-nghe-thong-tin-trong-diem,B01,Điểm học bạ,2025,21.0,Công nghệ thông tin trọng điểm
54981,DTC,cong-nghe-thong-tin-trong-diem,B02,Điểm học bạ,2025,21.0,Công nghệ thông tin trọng điểm
54982,DTC,cong-nghe-thong-tin-trong-diem,B04,Điểm học bạ,2025,21.0,Công nghệ thông tin trọng điểm
54983,DTC,cong-nghe-thong-tin-trong-diem,B08,Điểm học bạ,2025,21.0,Công nghệ thông tin trọng điểm
54984,DTC,cong-nghe-thong-tin-trong-diem,C02,Điểm học bạ,2025,21.0,Công nghệ thông tin trọng điểm
54985,DTC,cong-nghe-thong-tin-trong-diem,C03,Điểm học bạ,2025,21.0,Công nghệ thông tin trọng điểm
54986,DTC,cong-nghe-thong-tin-trong-diem,C04,Điểm học bạ,2025,21.0,Công nghệ thông tin trọng điểm
54987,DTC,cong-nghe-thong-tin-trong-diem,C14,Điểm học bạ,2025,21.0,Công nghệ thông tin trọng điểm
54988,DTC,cong-nghe-thong-tin-trong-diem,D01,Điểm học bạ,2025,21.0,Công nghệ thông tin trọng điểm
54989,DTC,cong-nghe-thong-tin-trong-diem,D07,Điểm học bạ,2025,21.0,Công nghệ thông tin trọng điểm
54990,DTC,cong-nghe-thong-tin-trong-diem,D09,Điểm học bạ,2025,21.0,Công nghệ thông tin trọng điểm
54991,DTC,cong-nghe-thong-tin-trong-diem,D10,Điểm học bạ,2025,21.0,Công nghệ thông tin trọng điểm
54992,DTC,cong-nghe-thong-tin-trong-diem,D84,Điểm học bạ,2025,21.0,Công nghệ thông tin trọng điểm
54993,DTC,cong-nghe-thong-tin-trong-diem,X01,Điểm học bạ,2025,21.0,Công nghệ thông tin trọng điểm
54994,DTC,cong-nghe-thong-tin-trong-diem,X02,Điểm học bạ,2025,21.0,Công nghệ thông tin trọng điểm
54995,DTC,cong-nghe-thong-tin-trong-diem,X03,Điểm học bạ,2025,21.0,Công nghệ thông tin trọng điểm
54996,DTC,cong-nghe-thong-tin-trong-diem,X04,Điểm học bạ,2025,21.0,Công nghệ thông tin trọng điểm
54997,DTC,cong-nghe-thong-tin-trong-diem,X05,Điểm học bạ,2025,21.0,Công nghệ thông tin trọng điểm
54998,DTC,cong-nghe-thong-tin-trong-diem,X06,Điểm học bạ,2025,21.0,Công nghệ thông tin trọng điểm
54999,DTC,cong-nghe-thong-tin-trong-diem,X07,Điểm học bạ,2025,21.0,Công nghệ thông tin trọng điểm
55000,DTC,cong-nghe-thong-tin-trong-diem,X08,Điểm học bạ,2025,21.0,Công nghệ thông tin trọng điểm
55001,DTC,cong-nghe-thong-tin-trong-diem,X09,Điểm học bạ,2025,21.0,Công nghệ thông tin trọng điểm
55002,DTC,cong-nghe-thong-tin-trong-diem,X10,Điểm học bạ,2025,21.0,Công nghệ thông tin trọng điểm
55003,DTC,cong-nghe-thong-tin-trong-diem,X12,Điểm học bạ,2025,21.0,Công nghệ thông tin trọng điểm
55004,DTC,cong-nghe-thong-tin-trong-diem,X13,Điểm học bạ,2025,21.0,Công nghệ thông tin trọng điểm
55005,DTC,cong-nghe-thong-tin-trong-diem,X14,Điểm học bạ,2025,21.0,Công nghệ thông tin trọng điểm
55006,DTC,cong-nghe-thong-tin-trong-diem,X15,Điểm học bạ,2025,21.0,Công nghệ thông tin trọng điểm
55007,DTC,cong-nghe-thong-tin-trong-diem,X16,Điểm học bạ,2025,21.0,Công nghệ thông tin trọng điểm
55008,DTC,cong-nghe-thong-tin-trong-diem,X17,Điểm học bạ,2025,21.0,Công nghệ thông tin trọng điểm
55009,DTC,cong-nghe-thong-tin-trong-diem,X18,Điểm học bạ,2025,21.0,Công nghệ thông tin trọng điểm
55010,DTC,cong-nghe-thong-tin-trong-diem,X20,Điểm học bạ,2025,21.0,Công nghệ thông tin trọng điểm
55011,DTC,cong-nghe-thong-tin-trong-diem,X21,Điểm học bạ,2025,21.0,Công nghệ thông tin trọng điểm
55012,DTC,cong-nghe-thong-tin-trong-diem,X22,Điểm học bạ,2025,21.0,Công nghệ thông tin trọng điểm
55013,DTC,cong-nghe-thong-tin-trong-diem,X23,Điểm học bạ,2025,21.0,Công nghệ thông tin trọng điểm
55014,DTC,cong-nghe-thong-tin-trong-diem,X24,Điểm học bạ,2025,21.0,Công nghệ thông tin trọng điểm
55015,DTC,cong-nghe-thong-tin-trong-diem,X25,Điểm học bạ,2025,21.0,Công nghệ thông tin trọng điểm
55016,DTC,cong-nghe-thong-tin-trong-diem,A00,Điểm thi THPT,2025,19.5,Công nghệ thông tin trọng điểm
55017,DTC,cong-nghe-thong-tin-trong-diem,A01,Điểm thi THPT,2025,19.5,Công nghệ thông tin trọng điểm
55018,DTC,cong-nghe-thong-tin-trong-diem,A02,Điểm thi THPT,2025,19.5,Công nghệ thông tin trọng điểm
55019,DTC,cong-nghe-thong-tin-trong-diem,A03,Điểm thi THPT,2025,19.5,Công nghệ thông tin trọng điểm
55020,DTC,cong-nghe-thong-tin-trong-diem,A04,Điểm thi THPT,2025,19.5,Công nghệ thông tin trọng điểm
55021,DTC,cong-nghe-thong-tin-trong-diem,A05,Điểm thi THPT,2025,19.5,Công nghệ thông tin trọng điểm
55022,DTC,cong-nghe-thong-tin-trong-diem,A06,Điểm thi THPT,2025,19.5,Công nghệ thông tin trọng điểm
55023,DTC,cong-nghe-thong-tin-trong-diem,A07,Điểm thi THPT,2025,19.5,Công nghệ thông tin trọng điểm
55024,DTC,cong-nghe-thong-tin-trong-diem,A08,Điểm thi THPT,2025,19.5,Công nghệ thông tin trọng điểm
55025,DTC,cong-nghe-thong-tin-trong-diem,A09,Điểm thi THPT,2025,19.5,Công nghệ thông tin trọng điểm
55026,DTC,cong-nghe-thong-tin-trong-diem,A10,Điểm thi THPT,2025,19.5,Công nghệ thông tin trọng điểm
55027,DTC,cong-nghe-thong-tin-trong-diem,B00,Điểm thi THPT,2025,19.5,Công nghệ thông tin trọng điểm
55028,DTC,cong-nghe-thong-tin-trong-diem,B01,Điểm thi THPT,2025,19.5,Công nghệ thông tin trọng điểm
55029,DTC,cong-nghe-thong-tin-trong-diem,B02,Điểm thi THPT,2025,19.5,Công nghệ thông tin trọng điểm
55030,DTC,cong-nghe-thong-tin-trong-diem,B04,Điểm thi THPT,2025,19.5,Công nghệ thông tin trọng điểm
55031,DTC,cong-nghe-thong-tin-trong-diem,B08,Điểm thi THPT,2025,19.5,Công nghệ thông tin trọng điểm
55032,DTC,cong-nghe-thong-tin-trong-diem,C02,Điểm thi THPT,2025,19.5,Công nghệ thông tin trọng điểm
55033,DTC,cong-nghe-thong-tin-trong-diem,C03,Điểm thi THPT,2025,19.5,Công nghệ thông tin trọng điểm
55034,DTC,cong-nghe-thong-tin-trong-diem,C04,Điểm thi THPT,2025,19.5,Công nghệ thông tin trọng điểm
55035,DTC,cong-nghe-thong-tin-trong-diem,C14,Điểm thi THPT,2025,19.5,Công nghệ thông tin trọng điểm
55036,DTC,cong-nghe-thong-tin-trong-diem,D01,Điểm thi THPT,2025,19.5,Công nghệ thông tin trọng điểm
55037,DTC,cong-nghe-thong-tin-trong-diem,D07,Điểm thi THPT,2025,19.5,Công nghệ thông tin trọng điểm
55038,DTC,cong-nghe-thong-tin-trong-diem,D09,Điểm thi THPT,2025,19.5,Công nghệ thông tin trọng điểm
55039,DTC,cong-nghe-thong-tin-trong-diem,D10,Điểm thi THPT,2025,19.5,Công nghệ thông tin trọng điểm
55040,DTC,cong-nghe-thong-tin-trong-diem,D84,Điểm thi THPT,2025,19.5,Công nghệ thông tin trọng điểm
55041,DTC,cong-nghe-thong-tin-trong-diem,X01,Điểm thi THPT,2025,19.5,Công nghệ thông tin trọng điểm
55042,DTC,cong-nghe-thong-tin-trong-diem,X02,Điểm thi THPT,2025,19.5,Công nghệ thông tin trọng điểm
55043,DTC,cong-nghe-thong-tin-trong-diem,X03,Điểm thi THPT,2025,19.5,Công nghệ thông tin trọng điểm
55044,DTC,cong-nghe-thong-tin-trong-diem,X04,Điểm thi THPT,2025,19.5,Công nghệ thông tin trọng điểm
55045,DTC,cong-nghe-thong-tin-trong-diem,X05,Điểm thi THPT,2025,19.5,Công nghệ thông tin trọng điểm
55046,DTC,cong-nghe-thong-tin-trong-diem,X06,Điểm thi THPT,2025,19.5,Công nghệ thông tin trọng điểm
55047,DTC,cong-nghe-thong-tin-trong-diem,X07,Điểm thi THPT,2025,19.5,Công nghệ thông tin trọng điểm
55048,DTC,cong-nghe-thong-tin-trong-diem,X08,Điểm thi THPT,2025,19.5,Công nghệ thông tin trọng điểm
55049,DTC,cong-nghe-thong-tin-trong-diem,X09,Điểm thi THPT,2025,19.5,Công nghệ thông tin trọng điểm
55050,DTC,cong-nghe-thong-tin-trong-diem,X10,Điểm thi THPT,2025,19.5,Công nghệ thông tin trọng điểm
55051,DTC,cong-nghe-thong-tin-trong-diem,X12,Điểm thi THPT,2025,19.5,Công nghệ thông tin trọng điểm
55052,DTC,cong-nghe-thong-tin-trong-diem,X13,Điểm thi THPT,2025,19.5,Công nghệ thông tin trọng điểm
55053,DTC,cong-nghe-thong-tin-trong-diem,X14,Điểm thi THPT,2025,19.5,Công nghệ thông tin trọng điểm
55054,DTC,cong-nghe-thong-tin-trong-diem,X15,Điểm thi THPT,2025,19.5,Công nghệ thông tin trọng điểm
55055,DTC,cong-nghe-thong-tin-trong-diem,X16,Điểm thi THPT,2025,19.5,Công nghệ thông tin trọng điểm
55056,DTC,cong-nghe-thong-tin-trong-diem,X17,Điểm thi THPT,2025,19.5,Công nghệ thông tin trọng điểm
55057,DTC,cong-nghe-thong-tin-trong-diem,X18,Điểm thi THPT,2025,19.5,Công nghệ thông tin trọng điểm
55058,DTC,cong-nghe-thong-tin-trong-diem,X20,Điểm thi THPT,2025,19.5,Công nghệ thông tin trọng điểm
55059,DTC,cong-nghe-thong-tin-trong-diem,X21,Điểm thi THPT,2025,19.5,Công nghệ thông tin trọng điểm
55060,DTC,cong-nghe-thong-tin-trong-diem,X22,Điểm thi THPT,2025,19.5,Công nghệ thông tin trọng điểm
55061,DTC,cong-nghe-thong-tin-trong-diem,X23,Điểm thi THPT,2025,19.5,Công nghệ thông tin trọng điểm
55062,DTC,cong-nghe-thong-tin-trong-diem,X24,Điểm thi THPT,2025,19.5,Công nghệ thông tin trọng điểm
55063,DTC,cong-nghe-thong-tin-trong-diem,X25,Điểm thi THPT,2025,19.5,Công nghệ thông tin trọng điểm
55064,DTC,cong-nghe-truyen-thong,A00,Điểm học bạ,2021,18.0,Công nghệ truyền thông
55065,DTC,cong-nghe-truyen-thong,C01,Điểm học bạ,2021,18.0,Công nghệ truyền thông
55066,DTC,cong-nghe-truyen-thong,C14,Điểm học bạ,2021,18.0,Công nghệ truyền thông
55067,DTC,cong-nghe-truyen-thong,D01,Điểm học bạ,2021,18.0,Công nghệ truyền thông
55068,DTC,cong-nghe-truyen-thong,A00,Điểm thi THPT,2021,17.0,Công nghệ truyền thông
55069,DTC,cong-nghe-truyen-thong,C01,Điểm thi THPT,2021,17.0,Công nghệ truyền thông
55070,DTC,cong-nghe-truyen-thong,C14,Điểm thi THPT,2021,17.0,Công nghệ truyền thông
55071,DTC,cong-nghe-truyen-thong,D01,Điểm thi THPT,2021,17.0,Công nghệ truyền thông
55072,DTC,cong-nghe-truyen-thong,A00,Điểm học bạ,2022,6.0,Công nghệ truyền thông
55073,DTC,cong-nghe-truyen-thong,C01,Điểm học bạ,2022,6.0,Công nghệ truyền thông
55074,DTC,cong-nghe-truyen-thong,C14,Điểm học bạ,2022,6.0,Công nghệ truyền thông
55075,DTC,cong-nghe-truyen-thong,D01,Điểm học bạ,2022,6.0,Công nghệ truyền thông
55076,DTC,cong-nghe-truyen-thong,A00,Điểm thi THPT,2022,16.0,Công nghệ truyền thông
55077,DTC,cong-nghe-truyen-thong,C01,Điểm thi THPT,2022,16.0,Công nghệ truyền thông
55078,DTC,cong-nghe-truyen-thong,C14,Điểm thi THPT,2022,16.0,Công nghệ truyền thông
55079,DTC,cong-nghe-truyen-thong,D01,Điểm thi THPT,2022,16.0,Công nghệ truyền thông
55080,DTC,cong-nghe-truyen-thong,A00,Điểm học bạ,2023,18.5,Công nghệ truyền thông
55081,DTC,cong-nghe-truyen-thong,C01,Điểm học bạ,2023,18.5,Công nghệ truyền thông
55082,DTC,cong-nghe-truyen-thong,C14,Điểm học bạ,2023,18.5,Công nghệ truyền thông
55083,DTC,cong-nghe-truyen-thong,D01,Điểm học bạ,2023,18.5,Công nghệ truyền thông
55084,DTC,cong-nghe-truyen-thong,A00,Điểm thi THPT,2023,17.0,Công nghệ truyền thông
55085,DTC,cong-nghe-truyen-thong,C01,Điểm thi THPT,2023,17.0,Công nghệ truyền thông
55086,DTC,cong-nghe-truyen-thong,C14,Điểm thi THPT,2023,17.0,Công nghệ truyền thông
55087,DTC,cong-nghe-truyen-thong,D01,Điểm thi THPT,2023,17.0,Công nghệ truyền thông
55088,DTC,cong-nghe-truyen-thong,A00,Điểm học bạ,2024,19.4,Công nghệ truyền thông
55089,DTC,cong-nghe-truyen-thong,C01,Điểm học bạ,2024,19.4,Công nghệ truyền thông
55090,DTC,cong-nghe-truyen-thong,C14,Điểm học bạ,2024,19.4,Công nghệ truyền thông
55091,DTC,cong-nghe-truyen-thong,D01,Điểm học bạ,2024,19.4,Công nghệ truyền thông
55092,DTC,cong-nghe-truyen-thong,A00,Điểm thi THPT,2024,19.7,Công nghệ truyền thông
55093,DTC,cong-nghe-truyen-thong,C01,Điểm thi THPT,2024,19.7,Công nghệ truyền thông
55094,DTC,cong-nghe-truyen-thong,C14,Điểm thi THPT,2024,19.7,Công nghệ truyền thông
55095,DTC,cong-nghe-truyen-thong,D01,Điểm thi THPT,2024,19.7,Công nghệ truyền thông
55096,DTC,cong-nghe-truyen-thong,A00,Điểm học bạ,2025,19.0,Công nghệ truyền thông
55097,DTC,cong-nghe-truyen-thong,A01,Điểm học bạ,2025,19.0,Công nghệ truyền thông
55098,DTC,cong-nghe-truyen-thong,A02,Điểm học bạ,2025,19.0,Công nghệ truyền thông
55099,DTC,cong-nghe-truyen-thong,A03,Điểm học bạ,2025,19.0,Công nghệ truyền thông
55100,DTC,cong-nghe-truyen-thong,A04,Điểm học bạ,2025,19.0,Công nghệ truyền thông
55101,DTC,cong-nghe-truyen-thong,A05,Điểm học bạ,2025,19.0,Công nghệ truyền thông
55102,DTC,cong-nghe-truyen-thong,A06,Điểm học bạ,2025,19.0,Công nghệ truyền thông
55103,DTC,cong-nghe-truyen-thong,A07,Điểm học bạ,2025,19.0,Công nghệ truyền thông
55104,DTC,cong-nghe-truyen-thong,A08,Điểm học bạ,2025,19.0,Công nghệ truyền thông
55105,DTC,cong-nghe-truyen-thong,A09,Điểm học bạ,2025,19.0,Công nghệ truyền thông
55106,DTC,cong-nghe-truyen-thong,A10,Điểm học bạ,2025,19.0,Công nghệ truyền thông
55107,DTC,cong-nghe-truyen-thong,B00,Điểm học bạ,2025,19.0,Công nghệ truyền thông
55108,DTC,cong-nghe-truyen-thong,B01,Điểm học bạ,2025,19.0,Công nghệ truyền thông
55109,DTC,cong-nghe-truyen-thong,B02,Điểm học bạ,2025,19.0,Công nghệ truyền thông
55110,DTC,cong-nghe-truyen-thong,B04,Điểm học bạ,2025,19.0,Công nghệ truyền thông
55111,DTC,cong-nghe-truyen-thong,B08,Điểm học bạ,2025,19.0,Công nghệ truyền thông
55112,DTC,cong-nghe-truyen-thong,C02,Điểm học bạ,2025,19.0,Công nghệ truyền thông
55113,DTC,cong-nghe-truyen-thong,C03,Điểm học bạ,2025,19.0,Công nghệ truyền thông
55114,DTC,cong-nghe-truyen-thong,C04,Điểm học bạ,2025,19.0,Công nghệ truyền thông
55115,DTC,cong-nghe-truyen-thong,C14,Điểm học bạ,2025,19.0,Công nghệ truyền thông
55116,DTC,cong-nghe-truyen-thong,D01,Điểm học bạ,2025,19.0,Công nghệ truyền thông
55117,DTC,cong-nghe-truyen-thong,D07,Điểm học bạ,2025,19.0,Công nghệ truyền thông
55118,DTC,cong-nghe-truyen-thong,D09,Điểm học bạ,2025,19.0,Công nghệ truyền thông
55119,DTC,cong-nghe-truyen-thong,D10,Điểm học bạ,2025,19.0,Công nghệ truyền thông
55120,DTC,cong-nghe-truyen-thong,D84,Điểm học bạ,2025,19.0,Công nghệ truyền thông
55121,DTC,cong-nghe-truyen-thong,X01,Điểm học bạ,2025,19.0,Công nghệ truyền thông
55122,DTC,cong-nghe-truyen-thong,X02,Điểm học bạ,2025,19.0,Công nghệ truyền thông
55123,DTC,cong-nghe-truyen-thong,X03,Điểm học bạ,2025,19.0,Công nghệ truyền thông
55124,DTC,cong-nghe-truyen-thong,X04,Điểm học bạ,2025,19.0,Công nghệ truyền thông
55125,DTC,cong-nghe-truyen-thong,X05,Điểm học bạ,2025,19.0,Công nghệ truyền thông
55126,DTC,cong-nghe-truyen-thong,X06,Điểm học bạ,2025,19.0,Công nghệ truyền thông
55127,DTC,cong-nghe-truyen-thong,X07,Điểm học bạ,2025,19.0,Công nghệ truyền thông
55128,DTC,cong-nghe-truyen-thong,X08,Điểm học bạ,2025,19.0,Công nghệ truyền thông
55129,DTC,cong-nghe-truyen-thong,X09,Điểm học bạ,2025,19.0,Công nghệ truyền thông
55130,DTC,cong-nghe-truyen-thong,X10,Điểm học bạ,2025,19.0,Công nghệ truyền thông
55131,DTC,cong-nghe-truyen-thong,X12,Điểm học bạ,2025,19.0,Công nghệ truyền thông
55132,DTC,cong-nghe-truyen-thong,X13,Điểm học bạ,2025,19.0,Công nghệ truyền thông
55133,DTC,cong-nghe-truyen-thong,X14,Điểm học bạ,2025,19.0,Công nghệ truyền thông
55134,DTC,cong-nghe-truyen-thong,X15,Điểm học bạ,2025,19.0,Công nghệ truyền thông
55135,DTC,cong-nghe-truyen-thong,X16,Điểm học bạ,2025,19.0,Công nghệ truyền thông
55136,DTC,cong-nghe-truyen-thong,X17,Điểm học bạ,2025,19.0,Công nghệ truyền thông
55137,DTC,cong-nghe-truyen-thong,X18,Điểm học bạ,2025,19.0,Công nghệ truyền thông
55138,DTC,cong-nghe-truyen-thong,X20,Điểm học bạ,2025,19.0,Công nghệ truyền thông
55139,DTC,cong-nghe-truyen-thong,X21,Điểm học bạ,2025,19.0,Công nghệ truyền thông
55140,DTC,cong-nghe-truyen-thong,X22,Điểm học bạ,2025,19.0,Công nghệ truyền thông
55141,DTC,cong-nghe-truyen-thong,X23,Điểm học bạ,2025,19.0,Công nghệ truyền thông
55142,DTC,cong-nghe-truyen-thong,X24,Điểm học bạ,2025,19.0,Công nghệ truyền thông
55143,DTC,cong-nghe-truyen-thong,X25,Điểm học bạ,2025,19.0,Công nghệ truyền thông
55144,DTC,cong-nghe-truyen-thong,A00,Điểm thi THPT,2025,19.0,Công nghệ truyền thông
55145,DTC,cong-nghe-truyen-thong,A01,Điểm thi THPT,2025,19.0,Công nghệ truyền thông
55146,DTC,cong-nghe-truyen-thong,A02,Điểm thi THPT,2025,19.0,Công nghệ truyền thông
55147,DTC,cong-nghe-truyen-thong,A03,Điểm thi THPT,2025,19.0,Công nghệ truyền thông
55148,DTC,cong-nghe-truyen-thong,A04,Điểm thi THPT,2025,19.0,Công nghệ truyền thông
55149,DTC,cong-nghe-truyen-thong,A05,Điểm thi THPT,2025,19.0,Công nghệ truyền thông
55150,DTC,cong-nghe-truyen-thong,A06,Điểm thi THPT,2025,19.0,Công nghệ truyền thông
55151,DTC,cong-nghe-truyen-thong,A07,Điểm thi THPT,2025,19.0,Công nghệ truyền thông
55152,DTC,cong-nghe-truyen-thong,A08,Điểm thi THPT,2025,19.0,Công nghệ truyền thông
55153,DTC,cong-nghe-truyen-thong,A09,Điểm thi THPT,2025,19.0,Công nghệ truyền thông
55154,DTC,cong-nghe-truyen-thong,A10,Điểm thi THPT,2025,19.0,Công nghệ truyền thông
55155,DTC,cong-nghe-truyen-thong,B00,Điểm thi THPT,2025,19.0,Công nghệ truyền thông
55156,DTC,cong-nghe-truyen-thong,B01,Điểm thi THPT,2025,19.0,Công nghệ truyền thông
55157,DTC,cong-nghe-truyen-thong,B02,Điểm thi THPT,2025,19.0,Công nghệ truyền thông
55158,DTC,cong-nghe-truyen-thong,B04,Điểm thi THPT,2025,19.0,Công nghệ truyền thông
55159,DTC,cong-nghe-truyen-thong,B08,Điểm thi THPT,2025,19.0,Công nghệ truyền thông
55160,DTC,cong-nghe-truyen-thong,C02,Điểm thi THPT,2025,19.0,Công nghệ truyền thông
55161,DTC,cong-nghe-truyen-thong,C03,Điểm thi THPT,2025,19.0,Công nghệ truyền thông
55162,DTC,cong-nghe-truyen-thong,C04,Điểm thi THPT,2025,19.0,Công nghệ truyền thông
55163,DTC,cong-nghe-truyen-thong,C14,Điểm thi THPT,2025,19.0,Công nghệ truyền thông
55164,DTC,cong-nghe-truyen-thong,D01,Điểm thi THPT,2025,19.0,Công nghệ truyền thông
55165,DTC,cong-nghe-truyen-thong,D07,Điểm thi THPT,2025,19.0,Công nghệ truyền thông
55166,DTC,cong-nghe-truyen-thong,D09,Điểm thi THPT,2025,19.0,Công nghệ truyền thông
55167,DTC,cong-nghe-truyen-thong,D10,Điểm thi THPT,2025,19.0,Công nghệ truyền thông
55168,DTC,cong-nghe-truyen-thong,D84,Điểm thi THPT,2025,19.0,Công nghệ truyền thông
55169,DTC,cong-nghe-truyen-thong,X01,Điểm thi THPT,2025,19.0,Công nghệ truyền thông
55170,DTC,cong-nghe-truyen-thong,X02,Điểm thi THPT,2025,19.0,Công nghệ truyền thông
55171,DTC,cong-nghe-truyen-thong,X03,Điểm thi THPT,2025,19.0,Công nghệ truyền thông
55172,DTC,cong-nghe-truyen-thong,X04,Điểm thi THPT,2025,19.0,Công nghệ truyền thông
55173,DTC,cong-nghe-truyen-thong,X05,Điểm thi THPT,2025,19.0,Công nghệ truyền thông
55174,DTC,cong-nghe-truyen-thong,X06,Điểm thi THPT,2025,19.0,Công nghệ truyền thông
55175,DTC,cong-nghe-truyen-thong,X07,Điểm thi THPT,2025,19.0,Công nghệ truyền thông
55176,DTC,cong-nghe-truyen-thong,X08,Điểm thi THPT,2025,19.0,Công nghệ truyền thông
55177,DTC,cong-nghe-truyen-thong,X09,Điểm thi THPT,2025,19.0,Công nghệ truyền thông
55178,DTC,cong-nghe-truyen-thong,X10,Điểm thi THPT,2025,19.0,Công nghệ truyền thông
55179,DTC,cong-nghe-truyen-thong,X12,Điểm thi THPT,2025,19.0,Công nghệ truyền thông
55180,DTC,cong-nghe-truyen-thong,X13,Điểm thi THPT,2025,19.0,Công nghệ truyền thông
55181,DTC,cong-nghe-truyen-thong,X14,Điểm thi THPT,2025,19.0,Công nghệ truyền thông
55182,DTC,cong-nghe-truyen-thong,X15,Điểm thi THPT,2025,19.0,Công nghệ truyền thông
55183,DTC,cong-nghe-truyen-thong,X16,Điểm thi THPT,2025,19.0,Công nghệ truyền thông
55184,DTC,cong-nghe-truyen-thong,X17,Điểm thi THPT,2025,19.0,Công nghệ truyền thông
55185,DTC,cong-nghe-truyen-thong,X18,Điểm thi THPT,2025,19.0,Công nghệ truyền thông
55186,DTC,cong-nghe-truyen-thong,X20,Điểm thi THPT,2025,19.0,Công nghệ truyền thông
55187,DTC,cong-nghe-truyen-thong,X21,Điểm thi THPT,2025,19.0,Công nghệ truyền thông
55188,DTC,cong-nghe-truyen-thong,X22,Điểm thi THPT,2025,19.0,Công nghệ truyền thông
55189,DTC,cong-nghe-truyen-thong,X23,Điểm thi THPT,2025,19.0,Công nghệ truyền thông
55190,DTC,cong-nghe-truyen-thong,X24,Điểm thi THPT,2025,19.0,Công nghệ truyền thông
55191,DTC,cong-nghe-truyen-thong,X25,Điểm thi THPT,2025,19.0,Công nghệ truyền thông
55192,DTC,dien-tu-vien-thong,A00,Điểm học bạ,2024,18.7,Điện tử - viễn thông
55193,DTC,dien-tu-vien-thong,C01,Điểm học bạ,2024,18.7,Điện tử - viễn thông
55194,DTC,dien-tu-vien-thong,C14,Điểm học bạ,2024,18.7,Điện tử - viễn thông
55195,DTC,dien-tu-vien-thong,D01,Điểm học bạ,2024,18.7,Điện tử - viễn thông
55196,DTC,dien-tu-vien-thong,A00,Điểm thi THPT,2024,21.3,Điện tử - viễn thông
55197,DTC,dien-tu-vien-thong,C01,Điểm thi THPT,2024,21.3,Điện tử - viễn thông
55198,DTC,dien-tu-vien-thong,C14,Điểm thi THPT,2024,21.3,Điện tử - viễn thông
55199,DTC,dien-tu-vien-thong,D01,Điểm thi THPT,2024,21.3,Điện tử - viễn thông
55200,DTC,dien-tu-vien-thong,A00,Điểm học bạ,2025,22.5,Điện tử - viễn thông
55201,DTC,dien-tu-vien-thong,A01,Điểm học bạ,2025,22.5,Điện tử - viễn thông
55202,DTC,dien-tu-vien-thong,A02,Điểm học bạ,2025,22.5,Điện tử - viễn thông
55203,DTC,dien-tu-vien-thong,A03,Điểm học bạ,2025,22.5,Điện tử - viễn thông
55204,DTC,dien-tu-vien-thong,A04,Điểm học bạ,2025,22.5,Điện tử - viễn thông
55205,DTC,dien-tu-vien-thong,A05,Điểm học bạ,2025,22.5,Điện tử - viễn thông
55206,DTC,dien-tu-vien-thong,A06,Điểm học bạ,2025,22.5,Điện tử - viễn thông
55207,DTC,dien-tu-vien-thong,A07,Điểm học bạ,2025,22.5,Điện tử - viễn thông
55208,DTC,dien-tu-vien-thong,A08,Điểm học bạ,2025,22.5,Điện tử - viễn thông
55209,DTC,dien-tu-vien-thong,A09,Điểm học bạ,2025,22.5,Điện tử - viễn thông
55210,DTC,dien-tu-vien-thong,A10,Điểm học bạ,2025,22.5,Điện tử - viễn thông
55211,DTC,dien-tu-vien-thong,B00,Điểm học bạ,2025,22.5,Điện tử - viễn thông
55212,DTC,dien-tu-vien-thong,B01,Điểm học bạ,2025,22.5,Điện tử - viễn thông
55213,DTC,dien-tu-vien-thong,B02,Điểm học bạ,2025,22.5,Điện tử - viễn thông
55214,DTC,dien-tu-vien-thong,B04,Điểm học bạ,2025,22.5,Điện tử - viễn thông
55215,DTC,dien-tu-vien-thong,B08,Điểm học bạ,2025,22.5,Điện tử - viễn thông
55216,DTC,dien-tu-vien-thong,C02,Điểm học bạ,2025,22.5,Điện tử - viễn thông
55217,DTC,dien-tu-vien-thong,C03,Điểm học bạ,2025,22.5,Điện tử - viễn thông
55218,DTC,dien-tu-vien-thong,C04,Điểm học bạ,2025,22.5,Điện tử - viễn thông
55219,DTC,dien-tu-vien-thong,C14,Điểm học bạ,2025,22.5,Điện tử - viễn thông
55220,DTC,dien-tu-vien-thong,D01,Điểm học bạ,2025,22.5,Điện tử - viễn thông
55221,DTC,dien-tu-vien-thong,D07,Điểm học bạ,2025,22.5,Điện tử - viễn thông
55222,DTC,dien-tu-vien-thong,D09,Điểm học bạ,2025,22.5,Điện tử - viễn thông
55223,DTC,dien-tu-vien-thong,D10,Điểm học bạ,2025,22.5,Điện tử - viễn thông
55224,DTC,dien-tu-vien-thong,D84,Điểm học bạ,2025,22.5,Điện tử - viễn thông
55225,DTC,dien-tu-vien-thong,X01,Điểm học bạ,2025,22.5,Điện tử - viễn thông
55226,DTC,dien-tu-vien-thong,X02,Điểm học bạ,2025,22.5,Điện tử - viễn thông
55227,DTC,dien-tu-vien-thong,X03,Điểm học bạ,2025,22.5,Điện tử - viễn thông
55228,DTC,dien-tu-vien-thong,X04,Điểm học bạ,2025,22.5,Điện tử - viễn thông
55229,DTC,dien-tu-vien-thong,X05,Điểm học bạ,2025,22.5,Điện tử - viễn thông
55230,DTC,dien-tu-vien-thong,X06,Điểm học bạ,2025,22.5,Điện tử - viễn thông
55231,DTC,dien-tu-vien-thong,X07,Điểm học bạ,2025,22.5,Điện tử - viễn thông
55232,DTC,dien-tu-vien-thong,X08,Điểm học bạ,2025,22.5,Điện tử - viễn thông
55233,DTC,dien-tu-vien-thong,X09,Điểm học bạ,2025,22.5,Điện tử - viễn thông
55234,DTC,dien-tu-vien-thong,X10,Điểm học bạ,2025,22.5,Điện tử - viễn thông
55235,DTC,dien-tu-vien-thong,X12,Điểm học bạ,2025,22.5,Điện tử - viễn thông
55236,DTC,dien-tu-vien-thong,X13,Điểm học bạ,2025,22.5,Điện tử - viễn thông
55237,DTC,dien-tu-vien-thong,X14,Điểm học bạ,2025,22.5,Điện tử - viễn thông
55238,DTC,dien-tu-vien-thong,X15,Điểm học bạ,2025,22.5,Điện tử - viễn thông
55239,DTC,dien-tu-vien-thong,X16,Điểm học bạ,2025,22.5,Điện tử - viễn thông
55240,DTC,dien-tu-vien-thong,X17,Điểm học bạ,2025,22.5,Điện tử - viễn thông
55241,DTC,dien-tu-vien-thong,X18,Điểm học bạ,2025,22.5,Điện tử - viễn thông
55242,DTC,dien-tu-vien-thong,X20,Điểm học bạ,2025,22.5,Điện tử - viễn thông
55243,DTC,dien-tu-vien-thong,X21,Điểm học bạ,2025,22.5,Điện tử - viễn thông
55244,DTC,dien-tu-vien-thong,X22,Điểm học bạ,2025,22.5,Điện tử - viễn thông
55245,DTC,dien-tu-vien-thong,X23,Điểm học bạ,2025,22.5,Điện tử - viễn thông
55246,DTC,dien-tu-vien-thong,X24,Điểm học bạ,2025,22.5,Điện tử - viễn thông
55247,DTC,dien-tu-vien-thong,X25,Điểm học bạ,2025,22.5,Điện tử - viễn thông
55248,DTC,dien-tu-vien-thong,A00,Điểm thi THPT,2025,21.25,Điện tử - viễn thông
55249,DTC,dien-tu-vien-thong,A01,Điểm thi THPT,2025,21.25,Điện tử - viễn thông
55250,DTC,dien-tu-vien-thong,A02,Điểm thi THPT,2025,21.25,Điện tử - viễn thông
55251,DTC,dien-tu-vien-thong,A03,Điểm thi THPT,2025,21.25,Điện tử - viễn thông
55252,DTC,dien-tu-vien-thong,A04,Điểm thi THPT,2025,21.25,Điện tử - viễn thông
55253,DTC,dien-tu-vien-thong,A05,Điểm thi THPT,2025,21.25,Điện tử - viễn thông
55254,DTC,dien-tu-vien-thong,A06,Điểm thi THPT,2025,21.25,Điện tử - viễn thông
55255,DTC,dien-tu-vien-thong,A07,Điểm thi THPT,2025,21.25,Điện tử - viễn thông
55256,DTC,dien-tu-vien-thong,A08,Điểm thi THPT,2025,21.25,Điện tử - viễn thông
55257,DTC,dien-tu-vien-thong,A09,Điểm thi THPT,2025,21.25,Điện tử - viễn thông
55258,DTC,dien-tu-vien-thong,A10,Điểm thi THPT,2025,21.25,Điện tử - viễn thông
55259,DTC,dien-tu-vien-thong,B00,Điểm thi THPT,2025,21.25,Điện tử - viễn thông
55260,DTC,dien-tu-vien-thong,B01,Điểm thi THPT,2025,21.25,Điện tử - viễn thông
55261,DTC,dien-tu-vien-thong,B02,Điểm thi THPT,2025,21.25,Điện tử - viễn thông
55262,DTC,dien-tu-vien-thong,B04,Điểm thi THPT,2025,21.25,Điện tử - viễn thông
55263,DTC,dien-tu-vien-thong,B08,Điểm thi THPT,2025,21.25,Điện tử - viễn thông
55264,DTC,dien-tu-vien-thong,C02,Điểm thi THPT,2025,21.25,Điện tử - viễn thông
55265,DTC,dien-tu-vien-thong,C03,Điểm thi THPT,2025,21.25,Điện tử - viễn thông
55266,DTC,dien-tu-vien-thong,C04,Điểm thi THPT,2025,21.25,Điện tử - viễn thông
55267,DTC,dien-tu-vien-thong,C14,Điểm thi THPT,2025,21.25,Điện tử - viễn thông
55268,DTC,dien-tu-vien-thong,D01,Điểm thi THPT,2025,21.25,Điện tử - viễn thông
55269,DTC,dien-tu-vien-thong,D07,Điểm thi THPT,2025,21.25,Điện tử - viễn thông
55270,DTC,dien-tu-vien-thong,D09,Điểm thi THPT,2025,21.25,Điện tử - viễn thông
55271,DTC,dien-tu-vien-thong,D10,Điểm thi THPT,2025,21.25,Điện tử - viễn thông
55272,DTC,dien-tu-vien-thong,D84,Điểm thi THPT,2025,21.25,Điện tử - viễn thông
55273,DTC,dien-tu-vien-thong,X01,Điểm thi THPT,2025,21.25,Điện tử - viễn thông
55274,DTC,dien-tu-vien-thong,X02,Điểm thi THPT,2025,21.25,Điện tử - viễn thông
55275,DTC,dien-tu-vien-thong,X03,Điểm thi THPT,2025,21.25,Điện tử - viễn thông
55276,DTC,dien-tu-vien-thong,X04,Điểm thi THPT,2025,21.25,Điện tử - viễn thông
55277,DTC,dien-tu-vien-thong,X05,Điểm thi THPT,2025,21.25,Điện tử - viễn thông
55278,DTC,dien-tu-vien-thong,X06,Điểm thi THPT,2025,21.25,Điện tử - viễn thông
55279,DTC,dien-tu-vien-thong,X07,Điểm thi THPT,2025,21.25,Điện tử - viễn thông
55280,DTC,dien-tu-vien-thong,X08,Điểm thi THPT,2025,21.25,Điện tử - viễn thông
55281,DTC,dien-tu-vien-thong,X09,Điểm thi THPT,2025,21.25,Điện tử - viễn thông
55282,DTC,dien-tu-vien-thong,X10,Điểm thi THPT,2025,21.25,Điện tử - viễn thông
55283,DTC,dien-tu-vien-thong,X12,Điểm thi THPT,2025,21.25,Điện tử - viễn thông
55284,DTC,dien-tu-vien-thong,X13,Điểm thi THPT,2025,21.25,Điện tử - viễn thông
55285,DTC,dien-tu-vien-thong,X14,Điểm thi THPT,2025,21.25,Điện tử - viễn thông
55286,DTC,dien-tu-vien-thong,X15,Điểm thi THPT,2025,21.25,Điện tử - viễn thông
55287,DTC,dien-tu-vien-thong,X16,Điểm thi THPT,2025,21.25,Điện tử - viễn thông
55288,DTC,dien-tu-vien-thong,X17,Điểm thi THPT,2025,21.25,Điện tử - viễn thông
55289,DTC,dien-tu-vien-thong,X18,Điểm thi THPT,2025,21.25,Điện tử - viễn thông
55290,DTC,dien-tu-vien-thong,X20,Điểm thi THPT,2025,21.25,Điện tử - viễn thông
55291,DTC,dien-tu-vien-thong,X21,Điểm thi THPT,2025,21.25,Điện tử - viễn thông
55292,DTC,dien-tu-vien-thong,X22,Điểm thi THPT,2025,21.25,Điện tử - viễn thông
55293,DTC,dien-tu-vien-thong,X23,Điểm thi THPT,2025,21.25,Điện tử - viễn thông
55294,DTC,dien-tu-vien-thong,X24,Điểm thi THPT,2025,21.25,Điện tử - viễn thông
55295,DTC,dien-tu-vien-thong,X25,Điểm thi THPT,2025,21.25,Điện tử - viễn thông
55296,DTC,he-thong-thong-tin,A00,Điểm học bạ,2021,18.0,Hệ thống thông tin
55297,DTC,he-thong-thong-tin,C01,Điểm học bạ,2021,18.0,Hệ thống thông tin
55298,DTC,he-thong-thong-tin,C14,Điểm học bạ,2021,18.0,Hệ thống thông tin
55299,DTC,he-thong-thong-tin,D01,Điểm học bạ,2021,18.0,Hệ thống thông tin
55300,DTC,he-thong-thong-tin,A00,Điểm thi THPT,2021,17.0,Hệ thống thông tin
55301,DTC,he-thong-thong-tin,C01,Điểm thi THPT,2021,17.0,Hệ thống thông tin
55302,DTC,he-thong-thong-tin,C14,Điểm thi THPT,2021,17.0,Hệ thống thông tin
55303,DTC,he-thong-thong-tin,D01,Điểm thi THPT,2021,17.0,Hệ thống thông tin
55304,DTC,he-thong-thong-tin,A00,Điểm học bạ,2022,18.0,Hệ thống thông tin
55305,DTC,he-thong-thong-tin,C01,Điểm học bạ,2022,18.0,Hệ thống thông tin
55306,DTC,he-thong-thong-tin,C14,Điểm học bạ,2022,18.0,Hệ thống thông tin
55307,DTC,he-thong-thong-tin,D01,Điểm học bạ,2022,18.0,Hệ thống thông tin
55308,DTC,he-thong-thong-tin,A00,Điểm thi THPT,2022,17.0,Hệ thống thông tin
55309,DTC,he-thong-thong-tin,C01,Điểm thi THPT,2022,17.0,Hệ thống thông tin
55310,DTC,he-thong-thong-tin,C14,Điểm thi THPT,2022,17.0,Hệ thống thông tin
55311,DTC,he-thong-thong-tin,D01,Điểm thi THPT,2022,17.0,Hệ thống thông tin
55312,DTC,he-thong-thong-tin,A00,Điểm học bạ,2023,21.5,hệ thống thông tin
55313,DTC,he-thong-thong-tin,C01,Điểm học bạ,2023,21.5,hệ thống thông tin
55314,DTC,he-thong-thong-tin,C14,Điểm học bạ,2023,21.5,hệ thống thông tin
55315,DTC,he-thong-thong-tin,D01,Điểm học bạ,2023,21.5,hệ thống thông tin
55316,DTC,he-thong-thong-tin,A00,Điểm thi THPT,2023,16.5,hệ thống thông tin
55317,DTC,he-thong-thong-tin,C01,Điểm thi THPT,2023,16.5,hệ thống thông tin
55318,DTC,he-thong-thong-tin,C14,Điểm thi THPT,2023,16.5,hệ thống thông tin
55319,DTC,he-thong-thong-tin,D01,Điểm thi THPT,2023,16.5,hệ thống thông tin
55320,DTC,he-thong-thong-tin,A00,Điểm học bạ,2024,21.4,Hệ thống thông tin
55321,DTC,he-thong-thong-tin,C01,Điểm học bạ,2024,21.4,Hệ thống thông tin
55322,DTC,he-thong-thong-tin,C14,Điểm học bạ,2024,21.4,Hệ thống thông tin
55323,DTC,he-thong-thong-tin,D01,Điểm học bạ,2024,21.4,Hệ thống thông tin
55324,DTC,he-thong-thong-tin,A00,Điểm thi THPT,2024,21.7,Hệ thống thông tin
55325,DTC,he-thong-thong-tin,C01,Điểm thi THPT,2024,21.7,Hệ thống thông tin
55326,DTC,he-thong-thong-tin,C14,Điểm thi THPT,2024,21.7,Hệ thống thông tin
55327,DTC,he-thong-thong-tin,D01,Điểm thi THPT,2024,21.7,Hệ thống thông tin
55328,DTC,he-thong-thong-tin-quan-ly,A00,Điểm học bạ,2021,18.0,Hệ thống thông tin quản lý
55329,DTC,he-thong-thong-tin-quan-ly,C01,Điểm học bạ,2021,18.0,Hệ thống thông tin quản lý
55330,DTC,he-thong-thong-tin-quan-ly,C14,Điểm học bạ,2021,18.0,Hệ thống thông tin quản lý
55331,DTC,he-thong-thong-tin-quan-ly,D01,Điểm học bạ,2021,18.0,Hệ thống thông tin quản lý
55332,DTC,he-thong-thong-tin-quan-ly,A00,Điểm thi THPT,2021,17.0,Hệ thống thông tin quản lý
55333,DTC,he-thong-thong-tin-quan-ly,C01,Điểm thi THPT,2021,17.0,Hệ thống thông tin quản lý
55334,DTC,he-thong-thong-tin-quan-ly,C14,Điểm thi THPT,2021,17.0,Hệ thống thông tin quản lý
55335,DTC,he-thong-thong-tin-quan-ly,D01,Điểm thi THPT,2021,17.0,Hệ thống thông tin quản lý
55336,DTC,he-thong-thong-tin-quan-ly,A00,Điểm học bạ,2022,6.0,Hệ thống thông tin quản lý
55337,DTC,he-thong-thong-tin-quan-ly,C01,Điểm học bạ,2022,6.0,Hệ thống thông tin quản lý
55338,DTC,he-thong-thong-tin-quan-ly,C14,Điểm học bạ,2022,6.0,Hệ thống thông tin quản lý
55339,DTC,he-thong-thong-tin-quan-ly,D01,Điểm học bạ,2022,6.0,Hệ thống thông tin quản lý
55340,DTC,he-thong-thong-tin-quan-ly,A00,Điểm thi THPT,2022,17.0,Hệ thống thông tin quản lý
55341,DTC,he-thong-thong-tin-quan-ly,C01,Điểm thi THPT,2022,17.0,Hệ thống thông tin quản lý
55342,DTC,he-thong-thong-tin-quan-ly,C14,Điểm thi THPT,2022,17.0,Hệ thống thông tin quản lý
55343,DTC,he-thong-thong-tin-quan-ly,D01,Điểm thi THPT,2022,17.0,Hệ thống thông tin quản lý
55344,DTC,khoa-hoc-may-tinh,A00,Điểm học bạ,2021,18.0,Khoa học máy tính
55345,DTC,khoa-hoc-may-tinh,C01,Điểm học bạ,2021,18.0,Khoa học máy tính
55346,DTC,khoa-hoc-may-tinh,C14,Điểm học bạ,2021,18.0,Khoa học máy tính
55347,DTC,khoa-hoc-may-tinh,D01,Điểm học bạ,2021,18.0,Khoa học máy tính
55348,DTC,khoa-hoc-may-tinh,A00,Điểm thi THPT,2021,18.0,Khoa học máy tính
55349,DTC,khoa-hoc-may-tinh,C01,Điểm thi THPT,2021,18.0,Khoa học máy tính
55350,DTC,khoa-hoc-may-tinh,C14,Điểm thi THPT,2021,18.0,Khoa học máy tính
55351,DTC,khoa-hoc-may-tinh,D01,Điểm thi THPT,2021,18.0,Khoa học máy tính
55352,DTC,khoa-hoc-may-tinh,A00,Điểm học bạ,2022,18.0,Khoa học máy tính
55353,DTC,khoa-hoc-may-tinh,C01,Điểm học bạ,2022,18.0,Khoa học máy tính
55354,DTC,khoa-hoc-may-tinh,C14,Điểm học bạ,2022,18.0,Khoa học máy tính
55355,DTC,khoa-hoc-may-tinh,D01,Điểm học bạ,2022,18.0,Khoa học máy tính
55356,DTC,khoa-hoc-may-tinh,A00,Điểm thi THPT,2022,18.0,Khoa học máy tính
55357,DTC,khoa-hoc-may-tinh,C01,Điểm thi THPT,2022,18.0,Khoa học máy tính
55358,DTC,khoa-hoc-may-tinh,C14,Điểm thi THPT,2022,18.0,Khoa học máy tính
55359,DTC,khoa-hoc-may-tinh,D01,Điểm thi THPT,2022,18.0,Khoa học máy tính
55360,DTC,khoa-hoc-may-tinh,A00,Điểm học bạ,2023,18.5,Khoa học máy tính
55361,DTC,khoa-hoc-may-tinh,C01,Điểm học bạ,2023,18.5,Khoa học máy tính
55362,DTC,khoa-hoc-may-tinh,C14,Điểm học bạ,2023,18.5,Khoa học máy tính
55363,DTC,khoa-hoc-may-tinh,D01,Điểm học bạ,2023,18.5,Khoa học máy tính
55364,DTC,khoa-hoc-may-tinh,A00,Điểm thi THPT,2023,16.5,Khoa học máy tính
55365,DTC,khoa-hoc-may-tinh,C01,Điểm thi THPT,2023,16.5,Khoa học máy tính
55366,DTC,khoa-hoc-may-tinh,C14,Điểm thi THPT,2023,16.5,Khoa học máy tính
55367,DTC,khoa-hoc-may-tinh,D01,Điểm thi THPT,2023,16.5,Khoa học máy tính
55368,DTC,khoa-hoc-may-tinh,A00,Điểm học bạ,2024,20.2,Khoa học máy tính (AI & Big Data)
55369,DTC,khoa-hoc-may-tinh,C01,Điểm học bạ,2024,20.2,Khoa học máy tính (AI & Big Data)
55370,DTC,khoa-hoc-may-tinh,C14,Điểm học bạ,2024,20.2,Khoa học máy tính (AI & Big Data)
55371,DTC,khoa-hoc-may-tinh,D01,Điểm học bạ,2024,20.2,Khoa học máy tính (AI & Big Data)
55372,DTC,khoa-hoc-may-tinh,A00,Điểm thi THPT,2024,22.1,Khoa học máy tính (AI & Big Data)
55373,DTC,khoa-hoc-may-tinh,C01,Điểm thi THPT,2024,22.1,Khoa học máy tính (AI & Big Data)
55374,DTC,khoa-hoc-may-tinh,C14,Điểm thi THPT,2024,22.1,Khoa học máy tính (AI & Big Data)
55375,DTC,khoa-hoc-may-tinh,D01,Điểm thi THPT,2024,22.1,Khoa học máy tính (AI & Big Data)
55376,DTC,khoa-hoc-may-tinh,A00,Điểm học bạ,2025,21.0,Khoa học máy tính (Trí tuệ nhân tạo và dữ liệu lớn)
55377,DTC,khoa-hoc-may-tinh,A01,Điểm học bạ,2025,21.0,Khoa học máy tính (Trí tuệ nhân tạo và dữ liệu lớn)
55378,DTC,khoa-hoc-may-tinh,A02,Điểm học bạ,2025,21.0,Khoa học máy tính (Trí tuệ nhân tạo và dữ liệu lớn)
55379,DTC,khoa-hoc-may-tinh,A03,Điểm học bạ,2025,21.0,Khoa học máy tính (Trí tuệ nhân tạo và dữ liệu lớn)
55380,DTC,khoa-hoc-may-tinh,A04,Điểm học bạ,2025,21.0,Khoa học máy tính (Trí tuệ nhân tạo và dữ liệu lớn)
55381,DTC,khoa-hoc-may-tinh,A05,Điểm học bạ,2025,21.0,Khoa học máy tính (Trí tuệ nhân tạo và dữ liệu lớn)
55382,DTC,khoa-hoc-may-tinh,A06,Điểm học bạ,2025,21.0,Khoa học máy tính (Trí tuệ nhân tạo và dữ liệu lớn)
55383,DTC,khoa-hoc-may-tinh,A07,Điểm học bạ,2025,21.0,Khoa học máy tính (Trí tuệ nhân tạo và dữ liệu lớn)
55384,DTC,khoa-hoc-may-tinh,A08,Điểm học bạ,2025,21.0,Khoa học máy tính (Trí tuệ nhân tạo và dữ liệu lớn)
55385,DTC,khoa-hoc-may-tinh,A09,Điểm học bạ,2025,21.0,Khoa học máy tính (Trí tuệ nhân tạo và dữ liệu lớn)
55386,DTC,khoa-hoc-may-tinh,A10,Điểm học bạ,2025,21.0,Khoa học máy tính (Trí tuệ nhân tạo và dữ liệu lớn)
55387,DTC,khoa-hoc-may-tinh,B00,Điểm học bạ,2025,21.0,Khoa học máy tính (Trí tuệ nhân tạo và dữ liệu lớn)
55388,DTC,khoa-hoc-may-tinh,B01,Điểm học bạ,2025,21.0,Khoa học máy tính (Trí tuệ nhân tạo và dữ liệu lớn)
55389,DTC,khoa-hoc-may-tinh,B02,Điểm học bạ,2025,21.0,Khoa học máy tính (Trí tuệ nhân tạo và dữ liệu lớn)
55390,DTC,khoa-hoc-may-tinh,B04,Điểm học bạ,2025,21.0,Khoa học máy tính (Trí tuệ nhân tạo và dữ liệu lớn)
55391,DTC,khoa-hoc-may-tinh,B08,Điểm học bạ,2025,21.0,Khoa học máy tính (Trí tuệ nhân tạo và dữ liệu lớn)
55392,DTC,khoa-hoc-may-tinh,C02,Điểm học bạ,2025,21.0,Khoa học máy tính (Trí tuệ nhân tạo và dữ liệu lớn)
55393,DTC,khoa-hoc-may-tinh,C03,Điểm học bạ,2025,21.0,Khoa học máy tính (Trí tuệ nhân tạo và dữ liệu lớn)
55394,DTC,khoa-hoc-may-tinh,C04,Điểm học bạ,2025,21.0,Khoa học máy tính (Trí tuệ nhân tạo và dữ liệu lớn)
55395,DTC,khoa-hoc-may-tinh,C14,Điểm học bạ,2025,21.0,Khoa học máy tính (Trí tuệ nhân tạo và dữ liệu lớn)
55396,DTC,khoa-hoc-may-tinh,D01,Điểm học bạ,2025,21.0,Khoa học máy tính (Trí tuệ nhân tạo và dữ liệu lớn)
55397,DTC,khoa-hoc-may-tinh,D07,Điểm học bạ,2025,21.0,Khoa học máy tính (Trí tuệ nhân tạo và dữ liệu lớn)
55398,DTC,khoa-hoc-may-tinh,D09,Điểm học bạ,2025,21.0,Khoa học máy tính (Trí tuệ nhân tạo và dữ liệu lớn)
55399,DTC,khoa-hoc-may-tinh,D10,Điểm học bạ,2025,21.0,Khoa học máy tính (Trí tuệ nhân tạo và dữ liệu lớn)
55400,DTC,khoa-hoc-may-tinh,D84,Điểm học bạ,2025,21.0,Khoa học máy tính (Trí tuệ nhân tạo và dữ liệu lớn)
55401,DTC,khoa-hoc-may-tinh,X01,Điểm học bạ,2025,21.0,Khoa học máy tính (Trí tuệ nhân tạo và dữ liệu lớn)
55402,DTC,khoa-hoc-may-tinh,X02,Điểm học bạ,2025,21.0,Khoa học máy tính (Trí tuệ nhân tạo và dữ liệu lớn)
55403,DTC,khoa-hoc-may-tinh,X03,Điểm học bạ,2025,21.0,Khoa học máy tính (Trí tuệ nhân tạo và dữ liệu lớn)
55404,DTC,khoa-hoc-may-tinh,X04,Điểm học bạ,2025,21.0,Khoa học máy tính (Trí tuệ nhân tạo và dữ liệu lớn)
55405,DTC,khoa-hoc-may-tinh,X05,Điểm học bạ,2025,21.0,Khoa học máy tính (Trí tuệ nhân tạo và dữ liệu lớn)
55406,DTC,khoa-hoc-may-tinh,X06,Điểm học bạ,2025,21.0,Khoa học máy tính (Trí tuệ nhân tạo và dữ liệu lớn)
55407,DTC,khoa-hoc-may-tinh,X07,Điểm học bạ,2025,21.0,Khoa học máy tính (Trí tuệ nhân tạo và dữ liệu lớn)
55408,DTC,khoa-hoc-may-tinh,X08,Điểm học bạ,2025,21.0,Khoa học máy tính (Trí tuệ nhân tạo và dữ liệu lớn)
55409,DTC,khoa-hoc-may-tinh,X09,Điểm học bạ,2025,21.0,Khoa học máy tính (Trí tuệ nhân tạo và dữ liệu lớn)
55410,DTC,khoa-hoc-may-tinh,X10,Điểm học bạ,2025,21.0,Khoa học máy tính (Trí tuệ nhân tạo và dữ liệu lớn)
55411,DTC,khoa-hoc-may-tinh,X12,Điểm học bạ,2025,21.0,Khoa học máy tính (Trí tuệ nhân tạo và dữ liệu lớn)
55412,DTC,khoa-hoc-may-tinh,X13,Điểm học bạ,2025,21.0,Khoa học máy tính (Trí tuệ nhân tạo và dữ liệu lớn)
55413,DTC,khoa-hoc-may-tinh,X14,Điểm học bạ,2025,21.0,Khoa học máy tính (Trí tuệ nhân tạo và dữ liệu lớn)
55414,DTC,khoa-hoc-may-tinh,X15,Điểm học bạ,2025,21.0,Khoa học máy tính (Trí tuệ nhân tạo và dữ liệu lớn)
55415,DTC,khoa-hoc-may-tinh,X16,Điểm học bạ,2025,21.0,Khoa học máy tính (Trí tuệ nhân tạo và dữ liệu lớn)
55416,DTC,khoa-hoc-may-tinh,X17,Điểm học bạ,2025,21.0,Khoa học máy tính (Trí tuệ nhân tạo và dữ liệu lớn)
55417,DTC,khoa-hoc-may-tinh,X18,Điểm học bạ,2025,21.0,Khoa học máy tính (Trí tuệ nhân tạo và dữ liệu lớn)
55418,DTC,khoa-hoc-may-tinh,X20,Điểm học bạ,2025,21.0,Khoa học máy tính (Trí tuệ nhân tạo và dữ liệu lớn)
55419,DTC,khoa-hoc-may-tinh,X21,Điểm học bạ,2025,21.0,Khoa học máy tính (Trí tuệ nhân tạo và dữ liệu lớn)
55420,DTC,khoa-hoc-may-tinh,X22,Điểm học bạ,2025,21.0,Khoa học máy tính (Trí tuệ nhân tạo và dữ liệu lớn)
55421,DTC,khoa-hoc-may-tinh,X23,Điểm học bạ,2025,21.0,Khoa học máy tính (Trí tuệ nhân tạo và dữ liệu lớn)
55422,DTC,khoa-hoc-may-tinh,X24,Điểm học bạ,2025,21.0,Khoa học máy tính (Trí tuệ nhân tạo và dữ liệu lớn)
55423,DTC,khoa-hoc-may-tinh,X25,Điểm học bạ,2025,21.0,Khoa học máy tính (Trí tuệ nhân tạo và dữ liệu lớn)
55424,DTC,khoa-hoc-may-tinh,A00,Điểm thi THPT,2025,19.5,Khoa học máy tính (Trí tuệ nhân tạo và dữ liệu lớn)
55425,DTC,khoa-hoc-may-tinh,A01,Điểm thi THPT,2025,19.5,Khoa học máy tính (Trí tuệ nhân tạo và dữ liệu lớn)
55426,DTC,khoa-hoc-may-tinh,A02,Điểm thi THPT,2025,19.5,Khoa học máy tính (Trí tuệ nhân tạo và dữ liệu lớn)
55427,DTC,khoa-hoc-may-tinh,A03,Điểm thi THPT,2025,19.5,Khoa học máy tính (Trí tuệ nhân tạo và dữ liệu lớn)
55428,DTC,khoa-hoc-may-tinh,A04,Điểm thi THPT,2025,19.5,Khoa học máy tính (Trí tuệ nhân tạo và dữ liệu lớn)
55429,DTC,khoa-hoc-may-tinh,A05,Điểm thi THPT,2025,19.5,Khoa học máy tính (Trí tuệ nhân tạo và dữ liệu lớn)
55430,DTC,khoa-hoc-may-tinh,A06,Điểm thi THPT,2025,19.5,Khoa học máy tính (Trí tuệ nhân tạo và dữ liệu lớn)
55431,DTC,khoa-hoc-may-tinh,A07,Điểm thi THPT,2025,19.5,Khoa học máy tính (Trí tuệ nhân tạo và dữ liệu lớn)
55432,DTC,khoa-hoc-may-tinh,A08,Điểm thi THPT,2025,19.5,Khoa học máy tính (Trí tuệ nhân tạo và dữ liệu lớn)
55433,DTC,khoa-hoc-may-tinh,A09,Điểm thi THPT,2025,19.5,Khoa học máy tính (Trí tuệ nhân tạo và dữ liệu lớn)
55434,DTC,khoa-hoc-may-tinh,A10,Điểm thi THPT,2025,19.5,Khoa học máy tính (Trí tuệ nhân tạo và dữ liệu lớn)
55435,DTC,khoa-hoc-may-tinh,B00,Điểm thi THPT,2025,19.5,Khoa học máy tính (Trí tuệ nhân tạo và dữ liệu lớn)
55436,DTC,khoa-hoc-may-tinh,B01,Điểm thi THPT,2025,19.5,Khoa học máy tính (Trí tuệ nhân tạo và dữ liệu lớn)
55437,DTC,khoa-hoc-may-tinh,B02,Điểm thi THPT,2025,19.5,Khoa học máy tính (Trí tuệ nhân tạo và dữ liệu lớn)
55438,DTC,khoa-hoc-may-tinh,B04,Điểm thi THPT,2025,19.5,Khoa học máy tính (Trí tuệ nhân tạo và dữ liệu lớn)
55439,DTC,khoa-hoc-may-tinh,B08,Điểm thi THPT,2025,19.5,Khoa học máy tính (Trí tuệ nhân tạo và dữ liệu lớn)
55440,DTC,khoa-hoc-may-tinh,C02,Điểm thi THPT,2025,19.5,Khoa học máy tính (Trí tuệ nhân tạo và dữ liệu lớn)
55441,DTC,khoa-hoc-may-tinh,C03,Điểm thi THPT,2025,19.5,Khoa học máy tính (Trí tuệ nhân tạo và dữ liệu lớn)
55442,DTC,khoa-hoc-may-tinh,C04,Điểm thi THPT,2025,19.5,Khoa học máy tính (Trí tuệ nhân tạo và dữ liệu lớn)
55443,DTC,khoa-hoc-may-tinh,C14,Điểm thi THPT,2025,19.5,Khoa học máy tính (Trí tuệ nhân tạo và dữ liệu lớn)
55444,DTC,khoa-hoc-may-tinh,D01,Điểm thi THPT,2025,19.5,Khoa học máy tính (Trí tuệ nhân tạo và dữ liệu lớn)
55445,DTC,khoa-hoc-may-tinh,D07,Điểm thi THPT,2025,19.5,Khoa học máy tính (Trí tuệ nhân tạo và dữ liệu lớn)
55446,DTC,khoa-hoc-may-tinh,D09,Điểm thi THPT,2025,19.5,Khoa học máy tính (Trí tuệ nhân tạo và dữ liệu lớn)
55447,DTC,khoa-hoc-may-tinh,D10,Điểm thi THPT,2025,19.5,Khoa học máy tính (Trí tuệ nhân tạo và dữ liệu lớn)
55448,DTC,khoa-hoc-may-tinh,D84,Điểm thi THPT,2025,19.5,Khoa học máy tính (Trí tuệ nhân tạo và dữ liệu lớn)
55449,DTC,khoa-hoc-may-tinh,X01,Điểm thi THPT,2025,19.5,Khoa học máy tính (Trí tuệ nhân tạo và dữ liệu lớn)
55450,DTC,khoa-hoc-may-tinh,X02,Điểm thi THPT,2025,19.5,Khoa học máy tính (Trí tuệ nhân tạo và dữ liệu lớn)
55451,DTC,khoa-hoc-may-tinh,X03,Điểm thi THPT,2025,19.5,Khoa học máy tính (Trí tuệ nhân tạo và dữ liệu lớn)
55452,DTC,khoa-hoc-may-tinh,X04,Điểm thi THPT,2025,19.5,Khoa học máy tính (Trí tuệ nhân tạo và dữ liệu lớn)
55453,DTC,khoa-hoc-may-tinh,X05,Điểm thi THPT,2025,19.5,Khoa học máy tính (Trí tuệ nhân tạo và dữ liệu lớn)
55454,DTC,khoa-hoc-may-tinh,X06,Điểm thi THPT,2025,19.5,Khoa học máy tính (Trí tuệ nhân tạo và dữ liệu lớn)
55455,DTC,khoa-hoc-may-tinh,X07,Điểm thi THPT,2025,19.5,Khoa học máy tính (Trí tuệ nhân tạo và dữ liệu lớn)
55456,DTC,khoa-hoc-may-tinh,X08,Điểm thi THPT,2025,19.5,Khoa học máy tính (Trí tuệ nhân tạo và dữ liệu lớn)
55457,DTC,khoa-hoc-may-tinh,X09,Điểm thi THPT,2025,19.5,Khoa học máy tính (Trí tuệ nhân tạo và dữ liệu lớn)
55458,DTC,khoa-hoc-may-tinh,X10,Điểm thi THPT,2025,19.5,Khoa học máy tính (Trí tuệ nhân tạo và dữ liệu lớn)
55459,DTC,khoa-hoc-may-tinh,X12,Điểm thi THPT,2025,19.5,Khoa học máy tính (Trí tuệ nhân tạo và dữ liệu lớn)
55460,DTC,khoa-hoc-may-tinh,X13,Điểm thi THPT,2025,19.5,Khoa học máy tính (Trí tuệ nhân tạo và dữ liệu lớn)
55461,DTC,khoa-hoc-may-tinh,X14,Điểm thi THPT,2025,19.5,Khoa học máy tính (Trí tuệ nhân tạo và dữ liệu lớn)
55462,DTC,khoa-hoc-may-tinh,X15,Điểm thi THPT,2025,19.5,Khoa học máy tính (Trí tuệ nhân tạo và dữ liệu lớn)
55463,DTC,khoa-hoc-may-tinh,X16,Điểm thi THPT,2025,19.5,Khoa học máy tính (Trí tuệ nhân tạo và dữ liệu lớn)
55464,DTC,khoa-hoc-may-tinh,X17,Điểm thi THPT,2025,19.5,Khoa học máy tính (Trí tuệ nhân tạo và dữ liệu lớn)
55465,DTC,khoa-hoc-may-tinh,X18,Điểm thi THPT,2025,19.5,Khoa học máy tính (Trí tuệ nhân tạo và dữ liệu lớn)
55466,DTC,khoa-hoc-may-tinh,X20,Điểm thi THPT,2025,19.5,Khoa học máy tính (Trí tuệ nhân tạo và dữ liệu lớn)
55467,DTC,khoa-hoc-may-tinh,X21,Điểm thi THPT,2025,19.5,Khoa học máy tính (Trí tuệ nhân tạo và dữ liệu lớn)
55468,DTC,khoa-hoc-may-tinh,X22,Điểm thi THPT,2025,19.5,Khoa học máy tính (Trí tuệ nhân tạo và dữ liệu lớn)
55469,DTC,khoa-hoc-may-tinh,X23,Điểm thi THPT,2025,19.5,Khoa học máy tính (Trí tuệ nhân tạo và dữ liệu lớn)
55470,DTC,khoa-hoc-may-tinh,X24,Điểm thi THPT,2025,19.5,Khoa học máy tính (Trí tuệ nhân tạo và dữ liệu lớn)
55471,DTC,khoa-hoc-may-tinh,X25,Điểm thi THPT,2025,19.5,Khoa học máy tính (Trí tuệ nhân tạo và dữ liệu lớn)
55472,DTC,kinh-te-so,A00,Điểm học bạ,2021,18.0,Kinh tế số
55473,DTC,kinh-te-so,C01,Điểm học bạ,2021,18.0,Kinh tế số
55474,DTC,kinh-te-so,C14,Điểm học bạ,2021,18.0,Kinh tế số
55475,DTC,kinh-te-so,D01,Điểm học bạ,2021,18.0,Kinh tế số
55476,DTC,kinh-te-so,A00,Điểm thi THPT,2021,17.0,Kinh tế số
55477,DTC,kinh-te-so,C01,Điểm thi THPT,2021,17.0,Kinh tế số
55478,DTC,kinh-te-so,C14,Điểm thi THPT,2021,17.0,Kinh tế số
55479,DTC,kinh-te-so,D01,Điểm thi THPT,2021,17.0,Kinh tế số
55480,DTC,kinh-te-so,A00,Điểm học bạ,2022,6.0,Kinh tế số
55481,DTC,kinh-te-so,C01,Điểm học bạ,2022,6.0,Kinh tế số
55482,DTC,kinh-te-so,C14,Điểm học bạ,2022,6.0,Kinh tế số
55483,DTC,kinh-te-so,D01,Điểm học bạ,2022,6.0,Kinh tế số
55484,DTC,kinh-te-so,A00,Điểm thi THPT,2022,16.0,Kinh tế số
55485,DTC,kinh-te-so,C01,Điểm thi THPT,2022,16.0,Kinh tế số
55486,DTC,kinh-te-so,C14,Điểm thi THPT,2022,16.0,Kinh tế số
55487,DTC,kinh-te-so,D01,Điểm thi THPT,2022,16.0,Kinh tế số
55488,DTC,ky-thuat-co-dien-tu-thong-minh-va-robot,A00,Điểm học bạ,2021,18.0,Kỹ thuật Cơ điện tử thông minh và Robot
55489,DTC,ky-thuat-co-dien-tu-thong-minh-va-robot,C01,Điểm học bạ,2021,18.0,Kỹ thuật Cơ điện tử thông minh và Robot
55490,DTC,ky-thuat-co-dien-tu-thong-minh-va-robot,C14,Điểm học bạ,2021,18.0,Kỹ thuật Cơ điện tử thông minh và Robot
55491,DTC,ky-thuat-co-dien-tu-thong-minh-va-robot,D01,Điểm học bạ,2021,18.0,Kỹ thuật Cơ điện tử thông minh và Robot
55492,DTC,ky-thuat-co-dien-tu-thong-minh-va-robot,A00,Điểm thi THPT,2021,17.0,Kỹ thuật Cơ điện tử thông minh và Robot
55493,DTC,ky-thuat-co-dien-tu-thong-minh-va-robot,C01,Điểm thi THPT,2021,17.0,Kỹ thuật Cơ điện tử thông minh và Robot
55494,DTC,ky-thuat-co-dien-tu-thong-minh-va-robot,C14,Điểm thi THPT,2021,17.0,Kỹ thuật Cơ điện tử thông minh và Robot
55495,DTC,ky-thuat-co-dien-tu-thong-minh-va-robot,D01,Điểm thi THPT,2021,17.0,Kỹ thuật Cơ điện tử thông minh và Robot
55496,DTC,ky-thuat-co-dien-tu-thong-minh-va-robot,A00,Điểm học bạ,2022,18.0,Kỹ thuật cơ điện tử thông minh và robot
55497,DTC,ky-thuat-co-dien-tu-thong-minh-va-robot,C01,Điểm học bạ,2022,18.0,Kỹ thuật cơ điện tử thông minh và robot
55498,DTC,ky-thuat-co-dien-tu-thong-minh-va-robot,C14,Điểm học bạ,2022,18.0,Kỹ thuật cơ điện tử thông minh và robot
55499,DTC,ky-thuat-co-dien-tu-thong-minh-va-robot,D01,Điểm học bạ,2022,18.0,Kỹ thuật cơ điện tử thông minh và robot
55500,DTC,ky-thuat-co-dien-tu-thong-minh-va-robot,A00,Điểm thi THPT,2022,16.0,Kỹ thuật cơ điện tử thông minh và robot
55501,DTC,ky-thuat-co-dien-tu-thong-minh-va-robot,C01,Điểm thi THPT,2022,16.0,Kỹ thuật cơ điện tử thông minh và robot
55502,DTC,ky-thuat-co-dien-tu-thong-minh-va-robot,C14,Điểm thi THPT,2022,16.0,Kỹ thuật cơ điện tử thông minh và robot
55503,DTC,ky-thuat-co-dien-tu-thong-minh-va-robot,D01,Điểm thi THPT,2022,16.0,Kỹ thuật cơ điện tử thông minh và robot
55504,DTC,ky-thuat-co-dien-tu-va-robot,A00,Điểm học bạ,2022,18.0,Kỹ thuật cơ điện tử và robot
55505,DTC,ky-thuat-co-dien-tu-va-robot,C01,Điểm học bạ,2022,18.0,Kỹ thuật cơ điện tử và robot
55506,DTC,ky-thuat-co-dien-tu-va-robot,C14,Điểm học bạ,2022,18.0,Kỹ thuật cơ điện tử và robot
55507,DTC,ky-thuat-co-dien-tu-va-robot,D01,Điểm học bạ,2022,18.0,Kỹ thuật cơ điện tử và robot
55508,DTC,ky-thuat-co-dien-tu-va-robot,A00,Điểm thi THPT,2022,16.0,Kỹ thuật cơ điện tử và robot
55509,DTC,ky-thuat-co-dien-tu-va-robot,C01,Điểm thi THPT,2022,16.0,Kỹ thuật cơ điện tử và robot
55510,DTC,ky-thuat-co-dien-tu-va-robot,C14,Điểm thi THPT,2022,16.0,Kỹ thuật cơ điện tử và robot
55511,DTC,ky-thuat-co-dien-tu-va-robot,D01,Điểm thi THPT,2022,16.0,Kỹ thuật cơ điện tử và robot
55512,DTC,ky-thuat-dien-dien-tu,A00,Điểm học bạ,2023,18.5,"Kỹ thuật điện, điện tử"
55513,DTC,ky-thuat-dien-dien-tu,C01,Điểm học bạ,2023,18.5,"Kỹ thuật điện, điện tử"
55514,DTC,ky-thuat-dien-dien-tu,C14,Điểm học bạ,2023,18.5,"Kỹ thuật điện, điện tử"
55515,DTC,ky-thuat-dien-dien-tu,D01,Điểm học bạ,2023,18.5,"Kỹ thuật điện, điện tử"
55516,DTC,ky-thuat-dien-dien-tu,A00,Điểm thi THPT,2023,16.0,"Kỹ thuật điện, điện tử"
55517,DTC,ky-thuat-dien-dien-tu,C01,Điểm thi THPT,2023,16.0,"Kỹ thuật điện, điện tử"
55518,DTC,ky-thuat-dien-dien-tu,C14,Điểm thi THPT,2023,16.0,"Kỹ thuật điện, điện tử"
55519,DTC,ky-thuat-dien-dien-tu,D01,Điểm thi THPT,2023,16.0,"Kỹ thuật điện, điện tử"
55520,DTC,ky-thuat-dien-dien-tu,A00,Điểm học bạ,2024,19.3,"Kỹ thuật điện, điện tử"
55521,DTC,ky-thuat-dien-dien-tu,C01,Điểm học bạ,2024,19.3,"Kỹ thuật điện, điện tử"
55522,DTC,ky-thuat-dien-dien-tu,C14,Điểm học bạ,2024,19.3,"Kỹ thuật điện, điện tử"
55523,DTC,ky-thuat-dien-dien-tu,D01,Điểm học bạ,2024,19.3,"Kỹ thuật điện, điện tử"
55524,DTC,ky-thuat-dien-dien-tu,A00,Điểm thi THPT,2024,19.6,"Kỹ thuật điện, điện tử"
55525,DTC,ky-thuat-dien-dien-tu,C01,Điểm thi THPT,2024,19.6,"Kỹ thuật điện, điện tử"
55526,DTC,ky-thuat-dien-dien-tu,C14,Điểm thi THPT,2024,19.6,"Kỹ thuật điện, điện tử"
55527,DTC,ky-thuat-dien-dien-tu,D01,Điểm thi THPT,2024,19.6,"Kỹ thuật điện, điện tử"
55528,DTC,ky-thuat-dien-dien-tu,A00,Điểm học bạ,2025,18.5,"Kỹ thuật điện, điện tử"
55529,DTC,ky-thuat-dien-dien-tu,A01,Điểm học bạ,2025,18.5,"Kỹ thuật điện, điện tử"
55530,DTC,ky-thuat-dien-dien-tu,A02,Điểm học bạ,2025,18.5,"Kỹ thuật điện, điện tử"
55531,DTC,ky-thuat-dien-dien-tu,A03,Điểm học bạ,2025,18.5,"Kỹ thuật điện, điện tử"
55532,DTC,ky-thuat-dien-dien-tu,A04,Điểm học bạ,2025,18.5,"Kỹ thuật điện, điện tử"
55533,DTC,ky-thuat-dien-dien-tu,A05,Điểm học bạ,2025,18.5,"Kỹ thuật điện, điện tử"
55534,DTC,ky-thuat-dien-dien-tu,A06,Điểm học bạ,2025,18.5,"Kỹ thuật điện, điện tử"
55535,DTC,ky-thuat-dien-dien-tu,A07,Điểm học bạ,2025,18.5,"Kỹ thuật điện, điện tử"
55536,DTC,ky-thuat-dien-dien-tu,A08,Điểm học bạ,2025,18.5,"Kỹ thuật điện, điện tử"
55537,DTC,ky-thuat-dien-dien-tu,A09,Điểm học bạ,2025,18.5,"Kỹ thuật điện, điện tử"
55538,DTC,ky-thuat-dien-dien-tu,A10,Điểm học bạ,2025,18.5,"Kỹ thuật điện, điện tử"
55539,DTC,ky-thuat-dien-dien-tu,B00,Điểm học bạ,2025,18.5,"Kỹ thuật điện, điện tử"
55540,DTC,ky-thuat-dien-dien-tu,B01,Điểm học bạ,2025,18.5,"Kỹ thuật điện, điện tử"
55541,DTC,ky-thuat-dien-dien-tu,B02,Điểm học bạ,2025,18.5,"Kỹ thuật điện, điện tử"
55542,DTC,ky-thuat-dien-dien-tu,B04,Điểm học bạ,2025,18.5,"Kỹ thuật điện, điện tử"
55543,DTC,ky-thuat-dien-dien-tu,B08,Điểm học bạ,2025,18.5,"Kỹ thuật điện, điện tử"
55544,DTC,ky-thuat-dien-dien-tu,C02,Điểm học bạ,2025,18.5,"Kỹ thuật điện, điện tử"
55545,DTC,ky-thuat-dien-dien-tu,C03,Điểm học bạ,2025,18.5,"Kỹ thuật điện, điện tử"
55546,DTC,ky-thuat-dien-dien-tu,C04,Điểm học bạ,2025,18.5,"Kỹ thuật điện, điện tử"
55547,DTC,ky-thuat-dien-dien-tu,C14,Điểm học bạ,2025,18.5,"Kỹ thuật điện, điện tử"
55548,DTC,ky-thuat-dien-dien-tu,D01,Điểm học bạ,2025,18.5,"Kỹ thuật điện, điện tử"
55549,DTC,ky-thuat-dien-dien-tu,D07,Điểm học bạ,2025,18.5,"Kỹ thuật điện, điện tử"
55550,DTC,ky-thuat-dien-dien-tu,D09,Điểm học bạ,2025,18.5,"Kỹ thuật điện, điện tử"
55551,DTC,ky-thuat-dien-dien-tu,D10,Điểm học bạ,2025,18.5,"Kỹ thuật điện, điện tử"
55552,DTC,ky-thuat-dien-dien-tu,D84,Điểm học bạ,2025,18.5,"Kỹ thuật điện, điện tử"
55553,DTC,ky-thuat-dien-dien-tu,X01,Điểm học bạ,2025,18.5,"Kỹ thuật điện, điện tử"
55554,DTC,ky-thuat-dien-dien-tu,X02,Điểm học bạ,2025,18.5,"Kỹ thuật điện, điện tử"
55555,DTC,ky-thuat-dien-dien-tu,X03,Điểm học bạ,2025,18.5,"Kỹ thuật điện, điện tử"
55556,DTC,ky-thuat-dien-dien-tu,X04,Điểm học bạ,2025,18.5,"Kỹ thuật điện, điện tử"
55557,DTC,ky-thuat-dien-dien-tu,X05,Điểm học bạ,2025,18.5,"Kỹ thuật điện, điện tử"
55558,DTC,ky-thuat-dien-dien-tu,X06,Điểm học bạ,2025,18.5,"Kỹ thuật điện, điện tử"
55559,DTC,ky-thuat-dien-dien-tu,X07,Điểm học bạ,2025,18.5,"Kỹ thuật điện, điện tử"
55560,DTC,ky-thuat-dien-dien-tu,X08,Điểm học bạ,2025,18.5,"Kỹ thuật điện, điện tử"
55561,DTC,ky-thuat-dien-dien-tu,X09,Điểm học bạ,2025,18.5,"Kỹ thuật điện, điện tử"
55562,DTC,ky-thuat-dien-dien-tu,X10,Điểm học bạ,2025,18.5,"Kỹ thuật điện, điện tử"
55563,DTC,ky-thuat-dien-dien-tu,X12,Điểm học bạ,2025,18.5,"Kỹ thuật điện, điện tử"
55564,DTC,ky-thuat-dien-dien-tu,X13,Điểm học bạ,2025,18.5,"Kỹ thuật điện, điện tử"
55565,DTC,ky-thuat-dien-dien-tu,X14,Điểm học bạ,2025,18.5,"Kỹ thuật điện, điện tử"
55566,DTC,ky-thuat-dien-dien-tu,X15,Điểm học bạ,2025,18.5,"Kỹ thuật điện, điện tử"
55567,DTC,ky-thuat-dien-dien-tu,X16,Điểm học bạ,2025,18.5,"Kỹ thuật điện, điện tử"
55568,DTC,ky-thuat-dien-dien-tu,X17,Điểm học bạ,2025,18.5,"Kỹ thuật điện, điện tử"
55569,DTC,ky-thuat-dien-dien-tu,X18,Điểm học bạ,2025,18.5,"Kỹ thuật điện, điện tử"
55570,DTC,ky-thuat-dien-dien-tu,X20,Điểm học bạ,2025,18.5,"Kỹ thuật điện, điện tử"
55571,DTC,ky-thuat-dien-dien-tu,X21,Điểm học bạ,2025,18.5,"Kỹ thuật điện, điện tử"
55572,DTC,ky-thuat-dien-dien-tu,X22,Điểm học bạ,2025,18.5,"Kỹ thuật điện, điện tử"
55573,DTC,ky-thuat-dien-dien-tu,X23,Điểm học bạ,2025,18.5,"Kỹ thuật điện, điện tử"
55574,DTC,ky-thuat-dien-dien-tu,X24,Điểm học bạ,2025,18.5,"Kỹ thuật điện, điện tử"
55575,DTC,ky-thuat-dien-dien-tu,X25,Điểm học bạ,2025,18.5,"Kỹ thuật điện, điện tử"
55576,DTC,ky-thuat-dien-dien-tu,A00,Điểm thi THPT,2025,18.5,"Kỹ thuật điện, điện tử"
55577,DTC,ky-thuat-dien-dien-tu,A01,Điểm thi THPT,2025,18.5,"Kỹ thuật điện, điện tử"
55578,DTC,ky-thuat-dien-dien-tu,A02,Điểm thi THPT,2025,18.5,"Kỹ thuật điện, điện tử"
55579,DTC,ky-thuat-dien-dien-tu,A03,Điểm thi THPT,2025,18.5,"Kỹ thuật điện, điện tử"
55580,DTC,ky-thuat-dien-dien-tu,A04,Điểm thi THPT,2025,18.5,"Kỹ thuật điện, điện tử"
55581,DTC,ky-thuat-dien-dien-tu,A05,Điểm thi THPT,2025,18.5,"Kỹ thuật điện, điện tử"
55582,DTC,ky-thuat-dien-dien-tu,A06,Điểm thi THPT,2025,18.5,"Kỹ thuật điện, điện tử"
55583,DTC,ky-thuat-dien-dien-tu,A07,Điểm thi THPT,2025,18.5,"Kỹ thuật điện, điện tử"
55584,DTC,ky-thuat-dien-dien-tu,A08,Điểm thi THPT,2025,18.5,"Kỹ thuật điện, điện tử"
55585,DTC,ky-thuat-dien-dien-tu,A09,Điểm thi THPT,2025,18.5,"Kỹ thuật điện, điện tử"
55586,DTC,ky-thuat-dien-dien-tu,A10,Điểm thi THPT,2025,18.5,"Kỹ thuật điện, điện tử"
55587,DTC,ky-thuat-dien-dien-tu,B00,Điểm thi THPT,2025,18.5,"Kỹ thuật điện, điện tử"
55588,DTC,ky-thuat-dien-dien-tu,B01,Điểm thi THPT,2025,18.5,"Kỹ thuật điện, điện tử"
55589,DTC,ky-thuat-dien-dien-tu,B02,Điểm thi THPT,2025,18.5,"Kỹ thuật điện, điện tử"
55590,DTC,ky-thuat-dien-dien-tu,B04,Điểm thi THPT,2025,18.5,"Kỹ thuật điện, điện tử"
55591,DTC,ky-thuat-dien-dien-tu,B08,Điểm thi THPT,2025,18.5,"Kỹ thuật điện, điện tử"
55592,DTC,ky-thuat-dien-dien-tu,C02,Điểm thi THPT,2025,18.5,"Kỹ thuật điện, điện tử"
55593,DTC,ky-thuat-dien-dien-tu,C03,Điểm thi THPT,2025,18.5,"Kỹ thuật điện, điện tử"
55594,DTC,ky-thuat-dien-dien-tu,C04,Điểm thi THPT,2025,18.5,"Kỹ thuật điện, điện tử"
55595,DTC,ky-thuat-dien-dien-tu,C14,Điểm thi THPT,2025,18.5,"Kỹ thuật điện, điện tử"
55596,DTC,ky-thuat-dien-dien-tu,D01,Điểm thi THPT,2025,18.5,"Kỹ thuật điện, điện tử"
55597,DTC,ky-thuat-dien-dien-tu,D07,Điểm thi THPT,2025,18.5,"Kỹ thuật điện, điện tử"
55598,DTC,ky-thuat-dien-dien-tu,D09,Điểm thi THPT,2025,18.5,"Kỹ thuật điện, điện tử"
55599,DTC,ky-thuat-dien-dien-tu,D10,Điểm thi THPT,2025,18.5,"Kỹ thuật điện, điện tử"
55600,DTC,ky-thuat-dien-dien-tu,D84,Điểm thi THPT,2025,18.5,"Kỹ thuật điện, điện tử"
55601,DTC,ky-thuat-dien-dien-tu,X01,Điểm thi THPT,2025,18.5,"Kỹ thuật điện, điện tử"
55602,DTC,ky-thuat-dien-dien-tu,X02,Điểm thi THPT,2025,18.5,"Kỹ thuật điện, điện tử"
55603,DTC,ky-thuat-dien-dien-tu,X03,Điểm thi THPT,2025,18.5,"Kỹ thuật điện, điện tử"
55604,DTC,ky-thuat-dien-dien-tu,X04,Điểm thi THPT,2025,18.5,"Kỹ thuật điện, điện tử"
55605,DTC,ky-thuat-dien-dien-tu,X05,Điểm thi THPT,2025,18.5,"Kỹ thuật điện, điện tử"
55606,DTC,ky-thuat-dien-dien-tu,X06,Điểm thi THPT,2025,18.5,"Kỹ thuật điện, điện tử"
55607,DTC,ky-thuat-dien-dien-tu,X07,Điểm thi THPT,2025,18.5,"Kỹ thuật điện, điện tử"
55608,DTC,ky-thuat-dien-dien-tu,X08,Điểm thi THPT,2025,18.5,"Kỹ thuật điện, điện tử"
55609,DTC,ky-thuat-dien-dien-tu,X09,Điểm thi THPT,2025,18.5,"Kỹ thuật điện, điện tử"
55610,DTC,ky-thuat-dien-dien-tu,X10,Điểm thi THPT,2025,18.5,"Kỹ thuật điện, điện tử"
55611,DTC,ky-thuat-dien-dien-tu,X12,Điểm thi THPT,2025,18.5,"Kỹ thuật điện, điện tử"
55612,DTC,ky-thuat-dien-dien-tu,X13,Điểm thi THPT,2025,18.5,"Kỹ thuật điện, điện tử"
55613,DTC,ky-thuat-dien-dien-tu,X14,Điểm thi THPT,2025,18.5,"Kỹ thuật điện, điện tử"
55614,DTC,ky-thuat-dien-dien-tu,X15,Điểm thi THPT,2025,18.5,"Kỹ thuật điện, điện tử"
55615,DTC,ky-thuat-dien-dien-tu,X16,Điểm thi THPT,2025,18.5,"Kỹ thuật điện, điện tử"
55616,DTC,ky-thuat-dien-dien-tu,X17,Điểm thi THPT,2025,18.5,"Kỹ thuật điện, điện tử"
55617,DTC,ky-thuat-dien-dien-tu,X18,Điểm thi THPT,2025,18.5,"Kỹ thuật điện, điện tử"
55618,DTC,ky-thuat-dien-dien-tu,X20,Điểm thi THPT,2025,18.5,"Kỹ thuật điện, điện tử"
55619,DTC,ky-thuat-dien-dien-tu,X21,Điểm thi THPT,2025,18.5,"Kỹ thuật điện, điện tử"
55620,DTC,ky-thuat-dien-dien-tu,X22,Điểm thi THPT,2025,18.5,"Kỹ thuật điện, điện tử"
55621,DTC,ky-thuat-dien-dien-tu,X23,Điểm thi THPT,2025,18.5,"Kỹ thuật điện, điện tử"
55622,DTC,ky-thuat-dien-dien-tu,X24,Điểm thi THPT,2025,18.5,"Kỹ thuật điện, điện tử"
55623,DTC,ky-thuat-dien-dien-tu,X25,Điểm thi THPT,2025,18.5,"Kỹ thuật điện, điện tử"
55624,DTC,ky-thuat-hinh-anh-y-hoc,A00,Điểm học bạ,2023,20.5,Kỹ thuật hình ảnh y học
55625,DTC,ky-thuat-hinh-anh-y-hoc,C01,Điểm học bạ,2023,20.5,Kỹ thuật hình ảnh y học
55626,DTC,ky-thuat-hinh-anh-y-hoc,C14,Điểm học bạ,2023,20.5,Kỹ thuật hình ảnh y học
55627,DTC,ky-thuat-hinh-anh-y-hoc,D01,Điểm học bạ,2023,20.5,Kỹ thuật hình ảnh y học
55628,DTC,ky-thuat-hinh-anh-y-hoc,A00,Điểm thi THPT,2023,16.5,Kỹ thuật hình ảnh y học
55629,DTC,ky-thuat-hinh-anh-y-hoc,C01,Điểm thi THPT,2023,16.5,Kỹ thuật hình ảnh y học
55630,DTC,ky-thuat-hinh-anh-y-hoc,C14,Điểm thi THPT,2023,16.5,Kỹ thuật hình ảnh y học
55631,DTC,ky-thuat-hinh-anh-y-hoc,D01,Điểm thi THPT,2023,16.5,Kỹ thuật hình ảnh y học
55632,DTC,ky-thuat-may-tinh,A00,Điểm học bạ,2024,19.1,Kỹ thuật máy tính
55633,DTC,ky-thuat-may-tinh,C01,Điểm học bạ,2024,19.1,Kỹ thuật máy tính
55634,DTC,ky-thuat-may-tinh,C14,Điểm học bạ,2024,19.1,Kỹ thuật máy tính
55635,DTC,ky-thuat-may-tinh,D01,Điểm học bạ,2024,19.1,Kỹ thuật máy tính
55636,DTC,ky-thuat-may-tinh,A00,Điểm thi THPT,2024,21.4,Kỹ thuật máy tính
55637,DTC,ky-thuat-may-tinh,C01,Điểm thi THPT,2024,21.4,Kỹ thuật máy tính
55638,DTC,ky-thuat-may-tinh,C14,Điểm thi THPT,2024,21.4,Kỹ thuật máy tính
55639,DTC,ky-thuat-may-tinh,D01,Điểm thi THPT,2024,21.4,Kỹ thuật máy tính
55640,DTC,ky-thuat-phan-mem,A00,Điểm học bạ,2021,18.0,Kỹ thuật phần mềm
55641,DTC,ky-thuat-phan-mem,C01,Điểm học bạ,2021,18.0,Kỹ thuật phần mềm
55642,DTC,ky-thuat-phan-mem,C14,Điểm học bạ,2021,18.0,Kỹ thuật phần mềm
55643,DTC,ky-thuat-phan-mem,D01,Điểm học bạ,2021,18.0,Kỹ thuật phần mềm
55644,DTC,ky-thuat-phan-mem,A00,Điểm thi THPT,2021,18.0,Kỹ thuật phần mềm
55645,DTC,ky-thuat-phan-mem,C01,Điểm thi THPT,2021,18.0,Kỹ thuật phần mềm
55646,DTC,ky-thuat-phan-mem,C14,Điểm thi THPT,2021,18.0,Kỹ thuật phần mềm
55647,DTC,ky-thuat-phan-mem,D01,Điểm thi THPT,2021,18.0,Kỹ thuật phần mềm
55648,DTC,ky-thuat-phan-mem,A00,Điểm học bạ,2022,20.0,Kỹ thuật phần mềm
55649,DTC,ky-thuat-phan-mem,C01,Điểm học bạ,2022,20.0,Kỹ thuật phần mềm
55650,DTC,ky-thuat-phan-mem,C14,Điểm học bạ,2022,20.0,Kỹ thuật phần mềm
55651,DTC,ky-thuat-phan-mem,D01,Điểm học bạ,2022,20.0,Kỹ thuật phần mềm
55652,DTC,ky-thuat-phan-mem,A00,Điểm thi THPT,2022,19.0,Kỹ thuật phần mềm
55653,DTC,ky-thuat-phan-mem,C01,Điểm thi THPT,2022,19.0,Kỹ thuật phần mềm
55654,DTC,ky-thuat-phan-mem,C14,Điểm thi THPT,2022,19.0,Kỹ thuật phần mềm
55655,DTC,ky-thuat-phan-mem,D01,Điểm thi THPT,2022,19.0,Kỹ thuật phần mềm
55656,DTC,ky-thuat-phan-mem,A00,Điểm học bạ,2023,19.5,Kỹ thuật phần mềm
55657,DTC,ky-thuat-phan-mem,C01,Điểm học bạ,2023,19.5,Kỹ thuật phần mềm
55658,DTC,ky-thuat-phan-mem,C14,Điểm học bạ,2023,19.5,Kỹ thuật phần mềm
55659,DTC,ky-thuat-phan-mem,D01,Điểm học bạ,2023,19.5,Kỹ thuật phần mềm
55660,DTC,ky-thuat-phan-mem,A00,Điểm thi THPT,2023,16.0,Kỹ thuật phần mềm
55661,DTC,ky-thuat-phan-mem,C01,Điểm thi THPT,2023,16.0,Kỹ thuật phần mềm
55662,DTC,ky-thuat-phan-mem,C14,Điểm thi THPT,2023,16.0,Kỹ thuật phần mềm
55663,DTC,ky-thuat-phan-mem,D01,Điểm thi THPT,2023,16.0,Kỹ thuật phần mềm
55664,DTC,ky-thuat-phan-mem,A00,Điểm học bạ,2024,19.1,Kỹ thuật phần mềm
55665,DTC,ky-thuat-phan-mem,C01,Điểm học bạ,2024,19.1,Kỹ thuật phần mềm
55666,DTC,ky-thuat-phan-mem,C14,Điểm học bạ,2024,19.1,Kỹ thuật phần mềm
55667,DTC,ky-thuat-phan-mem,D01,Điểm học bạ,2024,19.1,Kỹ thuật phần mềm
55668,DTC,ky-thuat-phan-mem,A00,Điểm thi THPT,2024,20.8,Kỹ thuật phần mềm
55669,DTC,ky-thuat-phan-mem,C01,Điểm thi THPT,2024,20.8,Kỹ thuật phần mềm
55670,DTC,ky-thuat-phan-mem,C14,Điểm thi THPT,2024,20.8,Kỹ thuật phần mềm
55671,DTC,ky-thuat-phan-mem,D01,Điểm thi THPT,2024,20.8,Kỹ thuật phần mềm
55672,DTC,ky-thuat-phan-mem,A00,Điểm học bạ,2025,20.36,Kỹ thuật phần mềm
55673,DTC,ky-thuat-phan-mem,A01,Điểm học bạ,2025,20.36,Kỹ thuật phần mềm
55674,DTC,ky-thuat-phan-mem,A02,Điểm học bạ,2025,20.36,Kỹ thuật phần mềm
55675,DTC,ky-thuat-phan-mem,A03,Điểm học bạ,2025,20.36,Kỹ thuật phần mềm
55676,DTC,ky-thuat-phan-mem,A04,Điểm học bạ,2025,20.36,Kỹ thuật phần mềm
55677,DTC,ky-thuat-phan-mem,A05,Điểm học bạ,2025,20.36,Kỹ thuật phần mềm
55678,DTC,ky-thuat-phan-mem,A06,Điểm học bạ,2025,20.36,Kỹ thuật phần mềm
55679,DTC,ky-thuat-phan-mem,A07,Điểm học bạ,2025,20.36,Kỹ thuật phần mềm
55680,DTC,ky-thuat-phan-mem,A08,Điểm học bạ,2025,20.36,Kỹ thuật phần mềm
55681,DTC,ky-thuat-phan-mem,A09,Điểm học bạ,2025,20.36,Kỹ thuật phần mềm
55682,DTC,ky-thuat-phan-mem,A10,Điểm học bạ,2025,20.36,Kỹ thuật phần mềm
55683,DTC,ky-thuat-phan-mem,B00,Điểm học bạ,2025,20.36,Kỹ thuật phần mềm
55684,DTC,ky-thuat-phan-mem,B01,Điểm học bạ,2025,20.36,Kỹ thuật phần mềm
55685,DTC,ky-thuat-phan-mem,B02,Điểm học bạ,2025,20.36,Kỹ thuật phần mềm
55686,DTC,ky-thuat-phan-mem,B04,Điểm học bạ,2025,20.36,Kỹ thuật phần mềm
55687,DTC,ky-thuat-phan-mem,B08,Điểm học bạ,2025,20.36,Kỹ thuật phần mềm
55688,DTC,ky-thuat-phan-mem,C02,Điểm học bạ,2025,20.36,Kỹ thuật phần mềm
55689,DTC,ky-thuat-phan-mem,C03,Điểm học bạ,2025,20.36,Kỹ thuật phần mềm
55690,DTC,ky-thuat-phan-mem,C04,Điểm học bạ,2025,20.36,Kỹ thuật phần mềm
55691,DTC,ky-thuat-phan-mem,C14,Điểm học bạ,2025,20.36,Kỹ thuật phần mềm
55692,DTC,ky-thuat-phan-mem,D01,Điểm học bạ,2025,20.36,Kỹ thuật phần mềm
55693,DTC,ky-thuat-phan-mem,D07,Điểm học bạ,2025,20.36,Kỹ thuật phần mềm
55694,DTC,ky-thuat-phan-mem,D09,Điểm học bạ,2025,20.36,Kỹ thuật phần mềm
55695,DTC,ky-thuat-phan-mem,D10,Điểm học bạ,2025,20.36,Kỹ thuật phần mềm
55696,DTC,ky-thuat-phan-mem,D84,Điểm học bạ,2025,20.36,Kỹ thuật phần mềm
55697,DTC,ky-thuat-phan-mem,X01,Điểm học bạ,2025,20.36,Kỹ thuật phần mềm
55698,DTC,ky-thuat-phan-mem,X02,Điểm học bạ,2025,20.36,Kỹ thuật phần mềm
55699,DTC,ky-thuat-phan-mem,X03,Điểm học bạ,2025,20.36,Kỹ thuật phần mềm
55700,DTC,ky-thuat-phan-mem,X04,Điểm học bạ,2025,20.36,Kỹ thuật phần mềm
55701,DTC,ky-thuat-phan-mem,X05,Điểm học bạ,2025,20.36,Kỹ thuật phần mềm
55702,DTC,ky-thuat-phan-mem,X06,Điểm học bạ,2025,20.36,Kỹ thuật phần mềm
55703,DTC,ky-thuat-phan-mem,X07,Điểm học bạ,2025,20.36,Kỹ thuật phần mềm
55704,DTC,ky-thuat-phan-mem,X08,Điểm học bạ,2025,20.36,Kỹ thuật phần mềm
55705,DTC,ky-thuat-phan-mem,X09,Điểm học bạ,2025,20.36,Kỹ thuật phần mềm
55706,DTC,ky-thuat-phan-mem,X10,Điểm học bạ,2025,20.36,Kỹ thuật phần mềm
55707,DTC,ky-thuat-phan-mem,X12,Điểm học bạ,2025,20.36,Kỹ thuật phần mềm
55708,DTC,ky-thuat-phan-mem,X13,Điểm học bạ,2025,20.36,Kỹ thuật phần mềm
55709,DTC,ky-thuat-phan-mem,X14,Điểm học bạ,2025,20.36,Kỹ thuật phần mềm
55710,DTC,ky-thuat-phan-mem,X15,Điểm học bạ,2025,20.36,Kỹ thuật phần mềm
55711,DTC,ky-thuat-phan-mem,X16,Điểm học bạ,2025,20.36,Kỹ thuật phần mềm
55712,DTC,ky-thuat-phan-mem,X17,Điểm học bạ,2025,20.36,Kỹ thuật phần mềm
55713,DTC,ky-thuat-phan-mem,X18,Điểm học bạ,2025,20.36,Kỹ thuật phần mềm
55714,DTC,ky-thuat-phan-mem,X20,Điểm học bạ,2025,20.36,Kỹ thuật phần mềm
55715,DTC,ky-thuat-phan-mem,X21,Điểm học bạ,2025,20.36,Kỹ thuật phần mềm
55716,DTC,ky-thuat-phan-mem,X22,Điểm học bạ,2025,20.36,Kỹ thuật phần mềm
55717,DTC,ky-thuat-phan-mem,X23,Điểm học bạ,2025,20.36,Kỹ thuật phần mềm
55718,DTC,ky-thuat-phan-mem,X24,Điểm học bạ,2025,20.36,Kỹ thuật phần mềm
55719,DTC,ky-thuat-phan-mem,X25,Điểm học bạ,2025,20.36,Kỹ thuật phần mềm
55720,DTC,ky-thuat-phan-mem,A00,Điểm thi THPT,2025,18.75,Kỹ thuật phần mềm
55721,DTC,ky-thuat-phan-mem,A01,Điểm thi THPT,2025,18.75,Kỹ thuật phần mềm
55722,DTC,ky-thuat-phan-mem,A02,Điểm thi THPT,2025,18.75,Kỹ thuật phần mềm
55723,DTC,ky-thuat-phan-mem,A03,Điểm thi THPT,2025,18.75,Kỹ thuật phần mềm
55724,DTC,ky-thuat-phan-mem,A04,Điểm thi THPT,2025,18.75,Kỹ thuật phần mềm
55725,DTC,ky-thuat-phan-mem,A05,Điểm thi THPT,2025,18.75,Kỹ thuật phần mềm
55726,DTC,ky-thuat-phan-mem,A06,Điểm thi THPT,2025,18.75,Kỹ thuật phần mềm
55727,DTC,ky-thuat-phan-mem,A07,Điểm thi THPT,2025,18.75,Kỹ thuật phần mềm
55728,DTC,ky-thuat-phan-mem,A08,Điểm thi THPT,2025,18.75,Kỹ thuật phần mềm
55729,DTC,ky-thuat-phan-mem,A09,Điểm thi THPT,2025,18.75,Kỹ thuật phần mềm
55730,DTC,ky-thuat-phan-mem,A10,Điểm thi THPT,2025,18.75,Kỹ thuật phần mềm
55731,DTC,ky-thuat-phan-mem,B00,Điểm thi THPT,2025,18.75,Kỹ thuật phần mềm
55732,DTC,ky-thuat-phan-mem,B01,Điểm thi THPT,2025,18.75,Kỹ thuật phần mềm
55733,DTC,ky-thuat-phan-mem,B02,Điểm thi THPT,2025,18.75,Kỹ thuật phần mềm
55734,DTC,ky-thuat-phan-mem,B04,Điểm thi THPT,2025,18.75,Kỹ thuật phần mềm
55735,DTC,ky-thuat-phan-mem,B08,Điểm thi THPT,2025,18.75,Kỹ thuật phần mềm
55736,DTC,ky-thuat-phan-mem,C02,Điểm thi THPT,2025,18.75,Kỹ thuật phần mềm
55737,DTC,ky-thuat-phan-mem,C03,Điểm thi THPT,2025,18.75,Kỹ thuật phần mềm
55738,DTC,ky-thuat-phan-mem,C04,Điểm thi THPT,2025,18.75,Kỹ thuật phần mềm
55739,DTC,ky-thuat-phan-mem,C14,Điểm thi THPT,2025,18.75,Kỹ thuật phần mềm
55740,DTC,ky-thuat-phan-mem,D01,Điểm thi THPT,2025,18.75,Kỹ thuật phần mềm
55741,DTC,ky-thuat-phan-mem,D07,Điểm thi THPT,2025,18.75,Kỹ thuật phần mềm
55742,DTC,ky-thuat-phan-mem,D09,Điểm thi THPT,2025,18.75,Kỹ thuật phần mềm
55743,DTC,ky-thuat-phan-mem,D10,Điểm thi THPT,2025,18.75,Kỹ thuật phần mềm
55744,DTC,ky-thuat-phan-mem,D84,Điểm thi THPT,2025,18.75,Kỹ thuật phần mềm
55745,DTC,ky-thuat-phan-mem,X01,Điểm thi THPT,2025,18.75,Kỹ thuật phần mềm
55746,DTC,ky-thuat-phan-mem,X02,Điểm thi THPT,2025,18.75,Kỹ thuật phần mềm
55747,DTC,ky-thuat-phan-mem,X03,Điểm thi THPT,2025,18.75,Kỹ thuật phần mềm
55748,DTC,ky-thuat-phan-mem,X04,Điểm thi THPT,2025,18.75,Kỹ thuật phần mềm
55749,DTC,ky-thuat-phan-mem,X05,Điểm thi THPT,2025,18.75,Kỹ thuật phần mềm
55750,DTC,ky-thuat-phan-mem,X06,Điểm thi THPT,2025,18.75,Kỹ thuật phần mềm
55751,DTC,ky-thuat-phan-mem,X07,Điểm thi THPT,2025,18.75,Kỹ thuật phần mềm
55752,DTC,ky-thuat-phan-mem,X08,Điểm thi THPT,2025,18.75,Kỹ thuật phần mềm
55753,DTC,ky-thuat-phan-mem,X09,Điểm thi THPT,2025,18.75,Kỹ thuật phần mềm
55754,DTC,ky-thuat-phan-mem,X10,Điểm thi THPT,2025,18.75,Kỹ thuật phần mềm
55755,DTC,ky-thuat-phan-mem,X12,Điểm thi THPT,2025,18.75,Kỹ thuật phần mềm
55756,DTC,ky-thuat-phan-mem,X13,Điểm thi THPT,2025,18.75,Kỹ thuật phần mềm
55757,DTC,ky-thuat-phan-mem,X14,Điểm thi THPT,2025,18.75,Kỹ thuật phần mềm
55758,DTC,ky-thuat-phan-mem,X15,Điểm thi THPT,2025,18.75,Kỹ thuật phần mềm
55759,DTC,ky-thuat-phan-mem,X16,Điểm thi THPT,2025,18.75,Kỹ thuật phần mềm
55760,DTC,ky-thuat-phan-mem,X17,Điểm thi THPT,2025,18.75,Kỹ thuật phần mềm
55761,DTC,ky-thuat-phan-mem,X18,Điểm thi THPT,2025,18.75,Kỹ thuật phần mềm
55762,DTC,ky-thuat-phan-mem,X20,Điểm thi THPT,2025,18.75,Kỹ thuật phần mềm
55763,DTC,ky-thuat-phan-mem,X21,Điểm thi THPT,2025,18.75,Kỹ thuật phần mềm
55764,DTC,ky-thuat-phan-mem,X22,Điểm thi THPT,2025,18.75,Kỹ thuật phần mềm
55765,DTC,ky-thuat-phan-mem,X23,Điểm thi THPT,2025,18.75,Kỹ thuật phần mềm
55766,DTC,ky-thuat-phan-mem,X24,Điểm thi THPT,2025,18.75,Kỹ thuật phần mềm
55767,DTC,ky-thuat-phan-mem,X25,Điểm thi THPT,2025,18.75,Kỹ thuật phần mềm
55768,DTC,ky-thuat-phan-mem-lien-ket-quoc-te-knu,A00,Điểm học bạ,2023,20.5,Kỹ thuật phần mềm liên kết quốc tế - KNU
55769,DTC,ky-thuat-phan-mem-lien-ket-quoc-te-knu,C01,Điểm học bạ,2023,20.5,Kỹ thuật phần mềm liên kết quốc tế - KNU
55770,DTC,ky-thuat-phan-mem-lien-ket-quoc-te-knu,C14,Điểm học bạ,2023,20.5,Kỹ thuật phần mềm liên kết quốc tế - KNU
55771,DTC,ky-thuat-phan-mem-lien-ket-quoc-te-knu,D01,Điểm học bạ,2023,20.5,Kỹ thuật phần mềm liên kết quốc tế - KNU
55772,DTC,ky-thuat-phan-mem-lien-ket-quoc-te-knu,A00,Điểm thi THPT,2023,19.5,Kỹ thuật phần mềm liên kết quốc tế - KNU
55773,DTC,ky-thuat-phan-mem-lien-ket-quoc-te-knu,C01,Điểm thi THPT,2023,19.5,Kỹ thuật phần mềm liên kết quốc tế - KNU
55774,DTC,ky-thuat-phan-mem-lien-ket-quoc-te-knu,C14,Điểm thi THPT,2023,19.5,Kỹ thuật phần mềm liên kết quốc tế - KNU
55775,DTC,ky-thuat-phan-mem-lien-ket-quoc-te-knu,D01,Điểm thi THPT,2023,19.5,Kỹ thuật phần mềm liên kết quốc tế - KNU
55776,DTC,ky-thuat-phan-mem-lien-ket-quoc-te-knu,A00,Điểm học bạ,2024,20.9,Kỹ thuật phần mềm liên kết quốc tế - KNU
55777,DTC,ky-thuat-phan-mem-lien-ket-quoc-te-knu,C01,Điểm học bạ,2024,20.9,Kỹ thuật phần mềm liên kết quốc tế - KNU
55778,DTC,ky-thuat-phan-mem-lien-ket-quoc-te-knu,C14,Điểm học bạ,2024,20.9,Kỹ thuật phần mềm liên kết quốc tế - KNU
55779,DTC,ky-thuat-phan-mem-lien-ket-quoc-te-knu,D01,Điểm học bạ,2024,20.9,Kỹ thuật phần mềm liên kết quốc tế - KNU
55780,DTC,ky-thuat-phan-mem-lien-ket-quoc-te-knu,A00,Điểm thi THPT,2024,21.1,Kỹ thuật phần mềm liên kết quốc tế - KNU
55781,DTC,ky-thuat-phan-mem-lien-ket-quoc-te-knu,C01,Điểm thi THPT,2024,21.1,Kỹ thuật phần mềm liên kết quốc tế - KNU
55782,DTC,ky-thuat-phan-mem-lien-ket-quoc-te-knu,C14,Điểm thi THPT,2024,21.1,Kỹ thuật phần mềm liên kết quốc tế - KNU
55783,DTC,ky-thuat-phan-mem-lien-ket-quoc-te-knu,D01,Điểm thi THPT,2024,21.1,Kỹ thuật phần mềm liên kết quốc tế - KNU
55784,DTC,ky-thuat-phan-mem-lien-ket-quoc-te-knu,A00,Điểm học bạ,2025,22.5,Kỹ thuật phần mềm liên kết quốc tế - KNU
55785,DTC,ky-thuat-phan-mem-lien-ket-quoc-te-knu,A01,Điểm học bạ,2025,22.5,Kỹ thuật phần mềm liên kết quốc tế - KNU
55786,DTC,ky-thuat-phan-mem-lien-ket-quoc-te-knu,A02,Điểm học bạ,2025,22.5,Kỹ thuật phần mềm liên kết quốc tế - KNU
55787,DTC,ky-thuat-phan-mem-lien-ket-quoc-te-knu,A03,Điểm học bạ,2025,22.5,Kỹ thuật phần mềm liên kết quốc tế - KNU
55788,DTC,ky-thuat-phan-mem-lien-ket-quoc-te-knu,A04,Điểm học bạ,2025,22.5,Kỹ thuật phần mềm liên kết quốc tế - KNU
55789,DTC,ky-thuat-phan-mem-lien-ket-quoc-te-knu,A05,Điểm học bạ,2025,22.5,Kỹ thuật phần mềm liên kết quốc tế - KNU
55790,DTC,ky-thuat-phan-mem-lien-ket-quoc-te-knu,A06,Điểm học bạ,2025,22.5,Kỹ thuật phần mềm liên kết quốc tế - KNU
55791,DTC,ky-thuat-phan-mem-lien-ket-quoc-te-knu,A07,Điểm học bạ,2025,22.5,Kỹ thuật phần mềm liên kết quốc tế - KNU
55792,DTC,ky-thuat-phan-mem-lien-ket-quoc-te-knu,A08,Điểm học bạ,2025,22.5,Kỹ thuật phần mềm liên kết quốc tế - KNU
55793,DTC,ky-thuat-phan-mem-lien-ket-quoc-te-knu,A09,Điểm học bạ,2025,22.5,Kỹ thuật phần mềm liên kết quốc tế - KNU
55794,DTC,ky-thuat-phan-mem-lien-ket-quoc-te-knu,A10,Điểm học bạ,2025,22.5,Kỹ thuật phần mềm liên kết quốc tế - KNU
55795,DTC,ky-thuat-phan-mem-lien-ket-quoc-te-knu,B00,Điểm học bạ,2025,22.5,Kỹ thuật phần mềm liên kết quốc tế - KNU
55796,DTC,ky-thuat-phan-mem-lien-ket-quoc-te-knu,B01,Điểm học bạ,2025,22.5,Kỹ thuật phần mềm liên kết quốc tế - KNU
55797,DTC,ky-thuat-phan-mem-lien-ket-quoc-te-knu,B02,Điểm học bạ,2025,22.5,Kỹ thuật phần mềm liên kết quốc tế - KNU
55798,DTC,ky-thuat-phan-mem-lien-ket-quoc-te-knu,B04,Điểm học bạ,2025,22.5,Kỹ thuật phần mềm liên kết quốc tế - KNU
55799,DTC,ky-thuat-phan-mem-lien-ket-quoc-te-knu,B08,Điểm học bạ,2025,22.5,Kỹ thuật phần mềm liên kết quốc tế - KNU
55800,DTC,ky-thuat-phan-mem-lien-ket-quoc-te-knu,C02,Điểm học bạ,2025,22.5,Kỹ thuật phần mềm liên kết quốc tế - KNU
55801,DTC,ky-thuat-phan-mem-lien-ket-quoc-te-knu,C03,Điểm học bạ,2025,22.5,Kỹ thuật phần mềm liên kết quốc tế - KNU
55802,DTC,ky-thuat-phan-mem-lien-ket-quoc-te-knu,C04,Điểm học bạ,2025,22.5,Kỹ thuật phần mềm liên kết quốc tế - KNU
55803,DTC,ky-thuat-phan-mem-lien-ket-quoc-te-knu,C14,Điểm học bạ,2025,22.5,Kỹ thuật phần mềm liên kết quốc tế - KNU
55804,DTC,ky-thuat-phan-mem-lien-ket-quoc-te-knu,D01,Điểm học bạ,2025,22.5,Kỹ thuật phần mềm liên kết quốc tế - KNU
55805,DTC,ky-thuat-phan-mem-lien-ket-quoc-te-knu,D07,Điểm học bạ,2025,22.5,Kỹ thuật phần mềm liên kết quốc tế - KNU
55806,DTC,ky-thuat-phan-mem-lien-ket-quoc-te-knu,D09,Điểm học bạ,2025,22.5,Kỹ thuật phần mềm liên kết quốc tế - KNU
55807,DTC,ky-thuat-phan-mem-lien-ket-quoc-te-knu,D10,Điểm học bạ,2025,22.5,Kỹ thuật phần mềm liên kết quốc tế - KNU
55808,DTC,ky-thuat-phan-mem-lien-ket-quoc-te-knu,D84,Điểm học bạ,2025,22.5,Kỹ thuật phần mềm liên kết quốc tế - KNU
55809,DTC,ky-thuat-phan-mem-lien-ket-quoc-te-knu,X01,Điểm học bạ,2025,22.5,Kỹ thuật phần mềm liên kết quốc tế - KNU
55810,DTC,ky-thuat-phan-mem-lien-ket-quoc-te-knu,X02,Điểm học bạ,2025,22.5,Kỹ thuật phần mềm liên kết quốc tế - KNU
55811,DTC,ky-thuat-phan-mem-lien-ket-quoc-te-knu,X03,Điểm học bạ,2025,22.5,Kỹ thuật phần mềm liên kết quốc tế - KNU
55812,DTC,ky-thuat-phan-mem-lien-ket-quoc-te-knu,X04,Điểm học bạ,2025,22.5,Kỹ thuật phần mềm liên kết quốc tế - KNU
55813,DTC,ky-thuat-phan-mem-lien-ket-quoc-te-knu,X05,Điểm học bạ,2025,22.5,Kỹ thuật phần mềm liên kết quốc tế - KNU
55814,DTC,ky-thuat-phan-mem-lien-ket-quoc-te-knu,X06,Điểm học bạ,2025,22.5,Kỹ thuật phần mềm liên kết quốc tế - KNU
55815,DTC,ky-thuat-phan-mem-lien-ket-quoc-te-knu,X07,Điểm học bạ,2025,22.5,Kỹ thuật phần mềm liên kết quốc tế - KNU
55816,DTC,ky-thuat-phan-mem-lien-ket-quoc-te-knu,X08,Điểm học bạ,2025,22.5,Kỹ thuật phần mềm liên kết quốc tế - KNU
55817,DTC,ky-thuat-phan-mem-lien-ket-quoc-te-knu,X09,Điểm học bạ,2025,22.5,Kỹ thuật phần mềm liên kết quốc tế - KNU
55818,DTC,ky-thuat-phan-mem-lien-ket-quoc-te-knu,X10,Điểm học bạ,2025,22.5,Kỹ thuật phần mềm liên kết quốc tế - KNU
55819,DTC,ky-thuat-phan-mem-lien-ket-quoc-te-knu,X12,Điểm học bạ,2025,22.5,Kỹ thuật phần mềm liên kết quốc tế - KNU
55820,DTC,ky-thuat-phan-mem-lien-ket-quoc-te-knu,X13,Điểm học bạ,2025,22.5,Kỹ thuật phần mềm liên kết quốc tế - KNU
55821,DTC,ky-thuat-phan-mem-lien-ket-quoc-te-knu,X14,Điểm học bạ,2025,22.5,Kỹ thuật phần mềm liên kết quốc tế - KNU
55822,DTC,ky-thuat-phan-mem-lien-ket-quoc-te-knu,X15,Điểm học bạ,2025,22.5,Kỹ thuật phần mềm liên kết quốc tế - KNU
55823,DTC,ky-thuat-phan-mem-lien-ket-quoc-te-knu,X16,Điểm học bạ,2025,22.5,Kỹ thuật phần mềm liên kết quốc tế - KNU
55824,DTC,ky-thuat-phan-mem-lien-ket-quoc-te-knu,X17,Điểm học bạ,2025,22.5,Kỹ thuật phần mềm liên kết quốc tế - KNU
55825,DTC,ky-thuat-phan-mem-lien-ket-quoc-te-knu,X18,Điểm học bạ,2025,22.5,Kỹ thuật phần mềm liên kết quốc tế - KNU
55826,DTC,ky-thuat-phan-mem-lien-ket-quoc-te-knu,X20,Điểm học bạ,2025,22.5,Kỹ thuật phần mềm liên kết quốc tế - KNU
55827,DTC,ky-thuat-phan-mem-lien-ket-quoc-te-knu,X21,Điểm học bạ,2025,22.5,Kỹ thuật phần mềm liên kết quốc tế - KNU
55828,DTC,ky-thuat-phan-mem-lien-ket-quoc-te-knu,X22,Điểm học bạ,2025,22.5,Kỹ thuật phần mềm liên kết quốc tế - KNU
55829,DTC,ky-thuat-phan-mem-lien-ket-quoc-te-knu,X23,Điểm học bạ,2025,22.5,Kỹ thuật phần mềm liên kết quốc tế - KNU
55830,DTC,ky-thuat-phan-mem-lien-ket-quoc-te-knu,X24,Điểm học bạ,2025,22.5,Kỹ thuật phần mềm liên kết quốc tế - KNU
55831,DTC,ky-thuat-phan-mem-lien-ket-quoc-te-knu,X25,Điểm học bạ,2025,22.5,Kỹ thuật phần mềm liên kết quốc tế - KNU
55832,DTC,ky-thuat-phan-mem-lien-ket-quoc-te-knu,A00,Điểm thi THPT,2025,21.25,Kỹ thuật phần mềm liên kết quốc tế - KNU
55833,DTC,ky-thuat-phan-mem-lien-ket-quoc-te-knu,A01,Điểm thi THPT,2025,21.25,Kỹ thuật phần mềm liên kết quốc tế - KNU
55834,DTC,ky-thuat-phan-mem-lien-ket-quoc-te-knu,A02,Điểm thi THPT,2025,21.25,Kỹ thuật phần mềm liên kết quốc tế - KNU
55835,DTC,ky-thuat-phan-mem-lien-ket-quoc-te-knu,A03,Điểm thi THPT,2025,21.25,Kỹ thuật phần mềm liên kết quốc tế - KNU
55836,DTC,ky-thuat-phan-mem-lien-ket-quoc-te-knu,A04,Điểm thi THPT,2025,21.25,Kỹ thuật phần mềm liên kết quốc tế - KNU
55837,DTC,ky-thuat-phan-mem-lien-ket-quoc-te-knu,A05,Điểm thi THPT,2025,21.25,Kỹ thuật phần mềm liên kết quốc tế - KNU
55838,DTC,ky-thuat-phan-mem-lien-ket-quoc-te-knu,A06,Điểm thi THPT,2025,21.25,Kỹ thuật phần mềm liên kết quốc tế - KNU
55839,DTC,ky-thuat-phan-mem-lien-ket-quoc-te-knu,A07,Điểm thi THPT,2025,21.25,Kỹ thuật phần mềm liên kết quốc tế - KNU
55840,DTC,ky-thuat-phan-mem-lien-ket-quoc-te-knu,A08,Điểm thi THPT,2025,21.25,Kỹ thuật phần mềm liên kết quốc tế - KNU
55841,DTC,ky-thuat-phan-mem-lien-ket-quoc-te-knu,A09,Điểm thi THPT,2025,21.25,Kỹ thuật phần mềm liên kết quốc tế - KNU
55842,DTC,ky-thuat-phan-mem-lien-ket-quoc-te-knu,A10,Điểm thi THPT,2025,21.25,Kỹ thuật phần mềm liên kết quốc tế - KNU
55843,DTC,ky-thuat-phan-mem-lien-ket-quoc-te-knu,B00,Điểm thi THPT,2025,21.25,Kỹ thuật phần mềm liên kết quốc tế - KNU
55844,DTC,ky-thuat-phan-mem-lien-ket-quoc-te-knu,B01,Điểm thi THPT,2025,21.25,Kỹ thuật phần mềm liên kết quốc tế - KNU
55845,DTC,ky-thuat-phan-mem-lien-ket-quoc-te-knu,B02,Điểm thi THPT,2025,21.25,Kỹ thuật phần mềm liên kết quốc tế - KNU
55846,DTC,ky-thuat-phan-mem-lien-ket-quoc-te-knu,B04,Điểm thi THPT,2025,21.25,Kỹ thuật phần mềm liên kết quốc tế - KNU
55847,DTC,ky-thuat-phan-mem-lien-ket-quoc-te-knu,B08,Điểm thi THPT,2025,21.25,Kỹ thuật phần mềm liên kết quốc tế - KNU
55848,DTC,ky-thuat-phan-mem-lien-ket-quoc-te-knu,C02,Điểm thi THPT,2025,21.25,Kỹ thuật phần mềm liên kết quốc tế - KNU
55849,DTC,ky-thuat-phan-mem-lien-ket-quoc-te-knu,C03,Điểm thi THPT,2025,21.25,Kỹ thuật phần mềm liên kết quốc tế - KNU
55850,DTC,ky-thuat-phan-mem-lien-ket-quoc-te-knu,C04,Điểm thi THPT,2025,21.25,Kỹ thuật phần mềm liên kết quốc tế - KNU
55851,DTC,ky-thuat-phan-mem-lien-ket-quoc-te-knu,C14,Điểm thi THPT,2025,21.25,Kỹ thuật phần mềm liên kết quốc tế - KNU
55852,DTC,ky-thuat-phan-mem-lien-ket-quoc-te-knu,D01,Điểm thi THPT,2025,21.25,Kỹ thuật phần mềm liên kết quốc tế - KNU
55853,DTC,ky-thuat-phan-mem-lien-ket-quoc-te-knu,D07,Điểm thi THPT,2025,21.25,Kỹ thuật phần mềm liên kết quốc tế - KNU
55854,DTC,ky-thuat-phan-mem-lien-ket-quoc-te-knu,D09,Điểm thi THPT,2025,21.25,Kỹ thuật phần mềm liên kết quốc tế - KNU
55855,DTC,ky-thuat-phan-mem-lien-ket-quoc-te-knu,D10,Điểm thi THPT,2025,21.25,Kỹ thuật phần mềm liên kết quốc tế - KNU
55856,DTC,ky-thuat-phan-mem-lien-ket-quoc-te-knu,D84,Điểm thi THPT,2025,21.25,Kỹ thuật phần mềm liên kết quốc tế - KNU
55857,DTC,ky-thuat-phan-mem-lien-ket-quoc-te-knu,X01,Điểm thi THPT,2025,21.25,Kỹ thuật phần mềm liên kết quốc tế - KNU
55858,DTC,ky-thuat-phan-mem-lien-ket-quoc-te-knu,X02,Điểm thi THPT,2025,21.25,Kỹ thuật phần mềm liên kết quốc tế - KNU
55859,DTC,ky-thuat-phan-mem-lien-ket-quoc-te-knu,X03,Điểm thi THPT,2025,21.25,Kỹ thuật phần mềm liên kết quốc tế - KNU
55860,DTC,ky-thuat-phan-mem-lien-ket-quoc-te-knu,X04,Điểm thi THPT,2025,21.25,Kỹ thuật phần mềm liên kết quốc tế - KNU
55861,DTC,ky-thuat-phan-mem-lien-ket-quoc-te-knu,X05,Điểm thi THPT,2025,21.25,Kỹ thuật phần mềm liên kết quốc tế - KNU
55862,DTC,ky-thuat-phan-mem-lien-ket-quoc-te-knu,X06,Điểm thi THPT,2025,21.25,Kỹ thuật phần mềm liên kết quốc tế - KNU
55863,DTC,ky-thuat-phan-mem-lien-ket-quoc-te-knu,X07,Điểm thi THPT,2025,21.25,Kỹ thuật phần mềm liên kết quốc tế - KNU
55864,DTC,ky-thuat-phan-mem-lien-ket-quoc-te-knu,X08,Điểm thi THPT,2025,21.25,Kỹ thuật phần mềm liên kết quốc tế - KNU
55865,DTC,ky-thuat-phan-mem-lien-ket-quoc-te-knu,X09,Điểm thi THPT,2025,21.25,Kỹ thuật phần mềm liên kết quốc tế - KNU
55866,DTC,ky-thuat-phan-mem-lien-ket-quoc-te-knu,X10,Điểm thi THPT,2025,21.25,Kỹ thuật phần mềm liên kết quốc tế - KNU
55867,DTC,ky-thuat-phan-mem-lien-ket-quoc-te-knu,X12,Điểm thi THPT,2025,21.25,Kỹ thuật phần mềm liên kết quốc tế - KNU
55868,DTC,ky-thuat-phan-mem-lien-ket-quoc-te-knu,X13,Điểm thi THPT,2025,21.25,Kỹ thuật phần mềm liên kết quốc tế - KNU
55869,DTC,ky-thuat-phan-mem-lien-ket-quoc-te-knu,X14,Điểm thi THPT,2025,21.25,Kỹ thuật phần mềm liên kết quốc tế - KNU
55870,DTC,ky-thuat-phan-mem-lien-ket-quoc-te-knu,X15,Điểm thi THPT,2025,21.25,Kỹ thuật phần mềm liên kết quốc tế - KNU
55871,DTC,ky-thuat-phan-mem-lien-ket-quoc-te-knu,X16,Điểm thi THPT,2025,21.25,Kỹ thuật phần mềm liên kết quốc tế - KNU
55872,DTC,ky-thuat-phan-mem-lien-ket-quoc-te-knu,X17,Điểm thi THPT,2025,21.25,Kỹ thuật phần mềm liên kết quốc tế - KNU
55873,DTC,ky-thuat-phan-mem-lien-ket-quoc-te-knu,X18,Điểm thi THPT,2025,21.25,Kỹ thuật phần mềm liên kết quốc tế - KNU
55874,DTC,ky-thuat-phan-mem-lien-ket-quoc-te-knu,X20,Điểm thi THPT,2025,21.25,Kỹ thuật phần mềm liên kết quốc tế - KNU
55875,DTC,ky-thuat-phan-mem-lien-ket-quoc-te-knu,X21,Điểm thi THPT,2025,21.25,Kỹ thuật phần mềm liên kết quốc tế - KNU
55876,DTC,ky-thuat-phan-mem-lien-ket-quoc-te-knu,X22,Điểm thi THPT,2025,21.25,Kỹ thuật phần mềm liên kết quốc tế - KNU
55877,DTC,ky-thuat-phan-mem-lien-ket-quoc-te-knu,X23,Điểm thi THPT,2025,21.25,Kỹ thuật phần mềm liên kết quốc tế - KNU
55878,DTC,ky-thuat-phan-mem-lien-ket-quoc-te-knu,X24,Điểm thi THPT,2025,21.25,Kỹ thuật phần mềm liên kết quốc tế - KNU
55879,DTC,ky-thuat-phan-mem-lien-ket-quoc-te-knu,X25,Điểm thi THPT,2025,21.25,Kỹ thuật phần mềm liên kết quốc tế - KNU
55880,DTC,ky-thuat-y-sinh,A00,Điểm học bạ,2021,18.0,Kỹ thuật y sinh
55881,DTC,ky-thuat-y-sinh,C01,Điểm học bạ,2021,18.0,Kỹ thuật y sinh
55882,DTC,ky-thuat-y-sinh,C14,Điểm học bạ,2021,18.0,Kỹ thuật y sinh
55883,DTC,ky-thuat-y-sinh,D01,Điểm học bạ,2021,18.0,Kỹ thuật y sinh
55884,DTC,ky-thuat-y-sinh,A00,Điểm thi THPT,2021,17.0,Kỹ thuật y sinh
55885,DTC,ky-thuat-y-sinh,C01,Điểm thi THPT,2021,17.0,Kỹ thuật y sinh
55886,DTC,ky-thuat-y-sinh,C14,Điểm thi THPT,2021,17.0,Kỹ thuật y sinh
55887,DTC,ky-thuat-y-sinh,D01,Điểm thi THPT,2021,17.0,Kỹ thuật y sinh
55888,DTC,ky-thuat-y-sinh,A00,Điểm học bạ,2022,6.0,Kỹ thuật y sinh
55889,DTC,ky-thuat-y-sinh,C01,Điểm học bạ,2022,6.0,Kỹ thuật y sinh
55890,DTC,ky-thuat-y-sinh,C14,Điểm học bạ,2022,6.0,Kỹ thuật y sinh
55891,DTC,ky-thuat-y-sinh,D01,Điểm học bạ,2022,6.0,Kỹ thuật y sinh
55892,DTC,ky-thuat-y-sinh,A00,Điểm thi THPT,2022,17.0,Kỹ thuật y sinh
55893,DTC,ky-thuat-y-sinh,C01,Điểm thi THPT,2022,17.0,Kỹ thuật y sinh
55894,DTC,ky-thuat-y-sinh,C14,Điểm thi THPT,2022,17.0,Kỹ thuật y sinh
55895,DTC,ky-thuat-y-sinh,D01,Điểm thi THPT,2022,17.0,Kỹ thuật y sinh
55896,DTC,mang-may-tinh-va-truyen-thong-du-lieu,A00,Điểm học bạ,2021,18.0,Mạng máy tính và truyền thông dữ liệu
55897,DTC,mang-may-tinh-va-truyen-thong-du-lieu,C01,Điểm học bạ,2021,18.0,Mạng máy tính và truyền thông dữ liệu
55898,DTC,mang-may-tinh-va-truyen-thong-du-lieu,C14,Điểm học bạ,2021,18.0,Mạng máy tính và truyền thông dữ liệu
55899,DTC,mang-may-tinh-va-truyen-thong-du-lieu,D01,Điểm học bạ,2021,18.0,Mạng máy tính và truyền thông dữ liệu
55900,DTC,mang-may-tinh-va-truyen-thong-du-lieu,A00,Điểm thi THPT,2021,17.0,Mạng máy tính và truyền thông dữ liệu
55901,DTC,mang-may-tinh-va-truyen-thong-du-lieu,C01,Điểm thi THPT,2021,17.0,Mạng máy tính và truyền thông dữ liệu
55902,DTC,mang-may-tinh-va-truyen-thong-du-lieu,C14,Điểm thi THPT,2021,17.0,Mạng máy tính và truyền thông dữ liệu
55903,DTC,mang-may-tinh-va-truyen-thong-du-lieu,D01,Điểm thi THPT,2021,17.0,Mạng máy tính và truyền thông dữ liệu
55904,DTC,mang-may-tinh-va-truyen-thong-du-lieu,A00,Điểm học bạ,2022,18.0,Mạng máy tính và truyền thông dữ liệu
55905,DTC,mang-may-tinh-va-truyen-thong-du-lieu,C01,Điểm học bạ,2022,18.0,Mạng máy tính và truyền thông dữ liệu
55906,DTC,mang-may-tinh-va-truyen-thong-du-lieu,C14,Điểm học bạ,2022,18.0,Mạng máy tính và truyền thông dữ liệu
55907,DTC,mang-may-tinh-va-truyen-thong-du-lieu,D01,Điểm học bạ,2022,18.0,Mạng máy tính và truyền thông dữ liệu
55908,DTC,mang-may-tinh-va-truyen-thong-du-lieu,A00,Điểm thi THPT,2022,17.0,Mạng máy tính và truyền thông dữ liệu
55909,DTC,mang-may-tinh-va-truyen-thong-du-lieu,C01,Điểm thi THPT,2022,17.0,Mạng máy tính và truyền thông dữ liệu
55910,DTC,mang-may-tinh-va-truyen-thong-du-lieu,C14,Điểm thi THPT,2022,17.0,Mạng máy tính và truyền thông dữ liệu
55911,DTC,mang-may-tinh-va-truyen-thong-du-lieu,D01,Điểm thi THPT,2022,17.0,Mạng máy tính và truyền thông dữ liệu
55912,DTC,mang-may-tinh-va-truyen-thong-du-lieu,A00,Điểm học bạ,2023,20.5,mạng máy tính và truyền thông dữ liệu
55913,DTC,mang-may-tinh-va-truyen-thong-du-lieu,C01,Điểm học bạ,2023,20.5,mạng máy tính và truyền thông dữ liệu
55914,DTC,mang-may-tinh-va-truyen-thong-du-lieu,C14,Điểm học bạ,2023,20.5,mạng máy tính và truyền thông dữ liệu
55915,DTC,mang-may-tinh-va-truyen-thong-du-lieu,D01,Điểm học bạ,2023,20.5,mạng máy tính và truyền thông dữ liệu
55916,DTC,mang-may-tinh-va-truyen-thong-du-lieu,A00,Điểm thi THPT,2023,16.5,mạng máy tính và truyền thông dữ liệu
55917,DTC,mang-may-tinh-va-truyen-thong-du-lieu,C01,Điểm thi THPT,2023,16.5,mạng máy tính và truyền thông dữ liệu
55918,DTC,mang-may-tinh-va-truyen-thong-du-lieu,C14,Điểm thi THPT,2023,16.5,mạng máy tính và truyền thông dữ liệu
55919,DTC,mang-may-tinh-va-truyen-thong-du-lieu,D01,Điểm thi THPT,2023,16.5,mạng máy tính và truyền thông dữ liệu
55920,DTC,mang-may-tinh-va-truyen-thong-du-lieu,A00,Điểm học bạ,2024,22.3,Mạng máy tính và truyền thông dữ liệu
55921,DTC,mang-may-tinh-va-truyen-thong-du-lieu,C01,Điểm học bạ,2024,22.3,Mạng máy tính và truyền thông dữ liệu
55922,DTC,mang-may-tinh-va-truyen-thong-du-lieu,C14,Điểm học bạ,2024,22.3,Mạng máy tính và truyền thông dữ liệu
55923,DTC,mang-may-tinh-va-truyen-thong-du-lieu,D01,Điểm học bạ,2024,22.3,Mạng máy tính và truyền thông dữ liệu
55924,DTC,mang-may-tinh-va-truyen-thong-du-lieu,A00,Điểm thi THPT,2024,22.8,Mạng máy tính và truyền thông dữ liệu
55925,DTC,mang-may-tinh-va-truyen-thong-du-lieu,C01,Điểm thi THPT,2024,22.8,Mạng máy tính và truyền thông dữ liệu
55926,DTC,mang-may-tinh-va-truyen-thong-du-lieu,C14,Điểm thi THPT,2024,22.8,Mạng máy tính và truyền thông dữ liệu
55927,DTC,mang-may-tinh-va-truyen-thong-du-lieu,D01,Điểm thi THPT,2024,22.8,Mạng máy tính và truyền thông dữ liệu
55928,DTC,marketing-so,A00,Điểm học bạ,2021,18.0,Marketing số
55929,DTC,marketing-so,C01,Điểm học bạ,2021,18.0,Marketing số
55930,DTC,marketing-so,C14,Điểm học bạ,2021,18.0,Marketing số
55931,DTC,marketing-so,D01,Điểm học bạ,2021,18.0,Marketing số
55932,DTC,marketing-so,A00,Điểm thi THPT,2021,17.0,Marketing số
55933,DTC,marketing-so,C01,Điểm thi THPT,2021,17.0,Marketing số
55934,DTC,marketing-so,C14,Điểm thi THPT,2021,17.0,Marketing số
55935,DTC,marketing-so,D01,Điểm thi THPT,2021,17.0,Marketing số
55936,DTC,marketing-so,A00,Điểm học bạ,2022,6.0,Marketing số
55937,DTC,marketing-so,C01,Điểm học bạ,2022,6.0,Marketing số
55938,DTC,marketing-so,C14,Điểm học bạ,2022,6.0,Marketing số
55939,DTC,marketing-so,D01,Điểm học bạ,2022,6.0,Marketing số
55940,DTC,marketing-so,A00,Điểm thi THPT,2022,16.0,Marketing số
55941,DTC,marketing-so,C01,Điểm thi THPT,2022,16.0,Marketing số
55942,DTC,marketing-so,C14,Điểm thi THPT,2022,16.0,Marketing số
55943,DTC,marketing-so,D01,Điểm thi THPT,2022,16.0,Marketing số
55944,DTC,marketing-so,A00,Điểm học bạ,2023,18.5,Marketing số
55945,DTC,marketing-so,C01,Điểm học bạ,2023,18.5,Marketing số
55946,DTC,marketing-so,C14,Điểm học bạ,2023,18.5,Marketing số
55947,DTC,marketing-so,D01,Điểm học bạ,2023,18.5,Marketing số
55948,DTC,marketing-so,A00,Điểm thi THPT,2023,16.0,Marketing số
55949,DTC,marketing-so,C01,Điểm thi THPT,2023,16.0,Marketing số
55950,DTC,marketing-so,C14,Điểm thi THPT,2023,16.0,Marketing số
55951,DTC,marketing-so,D01,Điểm thi THPT,2023,16.0,Marketing số
55952,DTC,marketing-so,A00,Điểm học bạ,2024,18.8,Marketing số
55953,DTC,marketing-so,C01,Điểm học bạ,2024,18.8,Marketing số
55954,DTC,marketing-so,C14,Điểm học bạ,2024,18.8,Marketing số
55955,DTC,marketing-so,D01,Điểm học bạ,2024,18.8,Marketing số
55956,DTC,marketing-so,A00,Điểm thi THPT,2024,21.5,Marketing số
55957,DTC,marketing-so,C01,Điểm thi THPT,2024,21.5,Marketing số
55958,DTC,marketing-so,C14,Điểm thi THPT,2024,21.5,Marketing số
55959,DTC,marketing-so,D01,Điểm thi THPT,2024,21.5,Marketing số
55960,DTC,marketing-so,A00,Điểm học bạ,2025,19.25,Marketing số
55961,DTC,marketing-so,A01,Điểm học bạ,2025,19.25,Marketing số
55962,DTC,marketing-so,A02,Điểm học bạ,2025,19.25,Marketing số
55963,DTC,marketing-so,A03,Điểm học bạ,2025,19.25,Marketing số
55964,DTC,marketing-so,A04,Điểm học bạ,2025,19.25,Marketing số
55965,DTC,marketing-so,A05,Điểm học bạ,2025,19.25,Marketing số
55966,DTC,marketing-so,A06,Điểm học bạ,2025,19.25,Marketing số
55967,DTC,marketing-so,A07,Điểm học bạ,2025,19.25,Marketing số
55968,DTC,marketing-so,A08,Điểm học bạ,2025,19.25,Marketing số
55969,DTC,marketing-so,A09,Điểm học bạ,2025,19.25,Marketing số
55970,DTC,marketing-so,A10,Điểm học bạ,2025,19.25,Marketing số
55971,DTC,marketing-so,B00,Điểm học bạ,2025,19.25,Marketing số
55972,DTC,marketing-so,B01,Điểm học bạ,2025,19.25,Marketing số
55973,DTC,marketing-so,B02,Điểm học bạ,2025,19.25,Marketing số
55974,DTC,marketing-so,B04,Điểm học bạ,2025,19.25,Marketing số
55975,DTC,marketing-so,B08,Điểm học bạ,2025,19.25,Marketing số
55976,DTC,marketing-so,C02,Điểm học bạ,2025,19.25,Marketing số
55977,DTC,marketing-so,C03,Điểm học bạ,2025,19.25,Marketing số
55978,DTC,marketing-so,C04,Điểm học bạ,2025,19.25,Marketing số
55979,DTC,marketing-so,C14,Điểm học bạ,2025,19.25,Marketing số
55980,DTC,marketing-so,D01,Điểm học bạ,2025,19.25,Marketing số
55981,DTC,marketing-so,D07,Điểm học bạ,2025,19.25,Marketing số
55982,DTC,marketing-so,D09,Điểm học bạ,2025,19.25,Marketing số
55983,DTC,marketing-so,D10,Điểm học bạ,2025,19.25,Marketing số
55984,DTC,marketing-so,D84,Điểm học bạ,2025,19.25,Marketing số
55985,DTC,marketing-so,X01,Điểm học bạ,2025,19.25,Marketing số
55986,DTC,marketing-so,X02,Điểm học bạ,2025,19.25,Marketing số
55987,DTC,marketing-so,X03,Điểm học bạ,2025,19.25,Marketing số
55988,DTC,marketing-so,X04,Điểm học bạ,2025,19.25,Marketing số
55989,DTC,marketing-so,X05,Điểm học bạ,2025,19.25,Marketing số
55990,DTC,marketing-so,X06,Điểm học bạ,2025,19.25,Marketing số
55991,DTC,marketing-so,X07,Điểm học bạ,2025,19.25,Marketing số
55992,DTC,marketing-so,X08,Điểm học bạ,2025,19.25,Marketing số
55993,DTC,marketing-so,X09,Điểm học bạ,2025,19.25,Marketing số
55994,DTC,marketing-so,X10,Điểm học bạ,2025,19.25,Marketing số
55995,DTC,marketing-so,X12,Điểm học bạ,2025,19.25,Marketing số
55996,DTC,marketing-so,X13,Điểm học bạ,2025,19.25,Marketing số
55997,DTC,marketing-so,X14,Điểm học bạ,2025,19.25,Marketing số
55998,DTC,marketing-so,X15,Điểm học bạ,2025,19.25,Marketing số
55999,DTC,marketing-so,X16,Điểm học bạ,2025,19.25,Marketing số
56000,DTC,marketing-so,X17,Điểm học bạ,2025,19.25,Marketing số
56001,DTC,marketing-so,X18,Điểm học bạ,2025,19.25,Marketing số
56002,DTC,marketing-so,X20,Điểm học bạ,2025,19.25,Marketing số
56003,DTC,marketing-so,X21,Điểm học bạ,2025,19.25,Marketing số
56004,DTC,marketing-so,X22,Điểm học bạ,2025,19.25,Marketing số
56005,DTC,marketing-so,X23,Điểm học bạ,2025,19.25,Marketing số
56006,DTC,marketing-so,X24,Điểm học bạ,2025,19.25,Marketing số
56007,DTC,marketing-so,X25,Điểm học bạ,2025,19.25,Marketing số
56008,DTC,marketing-so,A00,Điểm thi THPT,2025,19.25,Marketing số
56009,DTC,marketing-so,A01,Điểm thi THPT,2025,19.25,Marketing số
56010,DTC,marketing-so,A02,Điểm thi THPT,2025,19.25,Marketing số
56011,DTC,marketing-so,A03,Điểm thi THPT,2025,19.25,Marketing số
56012,DTC,marketing-so,A04,Điểm thi THPT,2025,19.25,Marketing số
56013,DTC,marketing-so,A05,Điểm thi THPT,2025,19.25,Marketing số
56014,DTC,marketing-so,A06,Điểm thi THPT,2025,19.25,Marketing số
56015,DTC,marketing-so,A07,Điểm thi THPT,2025,19.25,Marketing số
56016,DTC,marketing-so,A08,Điểm thi THPT,2025,19.25,Marketing số
56017,DTC,marketing-so,A09,Điểm thi THPT,2025,19.25,Marketing số
56018,DTC,marketing-so,A10,Điểm thi THPT,2025,19.25,Marketing số
56019,DTC,marketing-so,B00,Điểm thi THPT,2025,19.25,Marketing số
56020,DTC,marketing-so,B01,Điểm thi THPT,2025,19.25,Marketing số
56021,DTC,marketing-so,B02,Điểm thi THPT,2025,19.25,Marketing số
56022,DTC,marketing-so,B04,Điểm thi THPT,2025,19.25,Marketing số
56023,DTC,marketing-so,B08,Điểm thi THPT,2025,19.25,Marketing số
56024,DTC,marketing-so,C02,Điểm thi THPT,2025,19.25,Marketing số
56025,DTC,marketing-so,C03,Điểm thi THPT,2025,19.25,Marketing số
56026,DTC,marketing-so,C04,Điểm thi THPT,2025,19.25,Marketing số
56027,DTC,marketing-so,C14,Điểm thi THPT,2025,19.25,Marketing số
56028,DTC,marketing-so,D01,Điểm thi THPT,2025,19.25,Marketing số
56029,DTC,marketing-so,D07,Điểm thi THPT,2025,19.25,Marketing số
56030,DTC,marketing-so,D09,Điểm thi THPT,2025,19.25,Marketing số
56031,DTC,marketing-so,D10,Điểm thi THPT,2025,19.25,Marketing số
56032,DTC,marketing-so,D84,Điểm thi THPT,2025,19.25,Marketing số
56033,DTC,marketing-so,X01,Điểm thi THPT,2025,19.25,Marketing số
56034,DTC,marketing-so,X02,Điểm thi THPT,2025,19.25,Marketing số
56035,DTC,marketing-so,X03,Điểm thi THPT,2025,19.25,Marketing số
56036,DTC,marketing-so,X04,Điểm thi THPT,2025,19.25,Marketing số
56037,DTC,marketing-so,X05,Điểm thi THPT,2025,19.25,Marketing số
56038,DTC,marketing-so,X06,Điểm thi THPT,2025,19.25,Marketing số
56039,DTC,marketing-so,X07,Điểm thi THPT,2025,19.25,Marketing số
56040,DTC,marketing-so,X08,Điểm thi THPT,2025,19.25,Marketing số
56041,DTC,marketing-so,X09,Điểm thi THPT,2025,19.25,Marketing số
56042,DTC,marketing-so,X10,Điểm thi THPT,2025,19.25,Marketing số
56043,DTC,marketing-so,X12,Điểm thi THPT,2025,19.25,Marketing số
56044,DTC,marketing-so,X13,Điểm thi THPT,2025,19.25,Marketing số
56045,DTC,marketing-so,X14,Điểm thi THPT,2025,19.25,Marketing số
56046,DTC,marketing-so,X15,Điểm thi THPT,2025,19.25,Marketing số
56047,DTC,marketing-so,X16,Điểm thi THPT,2025,19.25,Marketing số
56048,DTC,marketing-so,X17,Điểm thi THPT,2025,19.25,Marketing số
56049,DTC,marketing-so,X18,Điểm thi THPT,2025,19.25,Marketing số
56050,DTC,marketing-so,X20,Điểm thi THPT,2025,19.25,Marketing số
56051,DTC,marketing-so,X21,Điểm thi THPT,2025,19.25,Marketing số
56052,DTC,marketing-so,X22,Điểm thi THPT,2025,19.25,Marketing số
56053,DTC,marketing-so,X23,Điểm thi THPT,2025,19.25,Marketing số
56054,DTC,marketing-so,X24,Điểm thi THPT,2025,19.25,Marketing số
56055,DTC,marketing-so,X25,Điểm thi THPT,2025,19.25,Marketing số
56056,DTC,nghe-thuat-so,A00,Điểm học bạ,2025,23.0,Nghệ thuật số
56057,DTC,nghe-thuat-so,A01,Điểm học bạ,2025,23.0,Nghệ thuật số
56058,DTC,nghe-thuat-so,A02,Điểm học bạ,2025,23.0,Nghệ thuật số
56059,DTC,nghe-thuat-so,A03,Điểm học bạ,2025,23.0,Nghệ thuật số
56060,DTC,nghe-thuat-so,A04,Điểm học bạ,2025,23.0,Nghệ thuật số
56061,DTC,nghe-thuat-so,A05,Điểm học bạ,2025,23.0,Nghệ thuật số
56062,DTC,nghe-thuat-so,A06,Điểm học bạ,2025,23.0,Nghệ thuật số
56063,DTC,nghe-thuat-so,A07,Điểm học bạ,2025,23.0,Nghệ thuật số
56064,DTC,nghe-thuat-so,A08,Điểm học bạ,2025,23.0,Nghệ thuật số
56065,DTC,nghe-thuat-so,A09,Điểm học bạ,2025,23.0,Nghệ thuật số
56066,DTC,nghe-thuat-so,A10,Điểm học bạ,2025,23.0,Nghệ thuật số
56067,DTC,nghe-thuat-so,B00,Điểm học bạ,2025,23.0,Nghệ thuật số
56068,DTC,nghe-thuat-so,B01,Điểm học bạ,2025,23.0,Nghệ thuật số
56069,DTC,nghe-thuat-so,B02,Điểm học bạ,2025,23.0,Nghệ thuật số
56070,DTC,nghe-thuat-so,B04,Điểm học bạ,2025,23.0,Nghệ thuật số
56071,DTC,nghe-thuat-so,B08,Điểm học bạ,2025,23.0,Nghệ thuật số
56072,DTC,nghe-thuat-so,C02,Điểm học bạ,2025,23.0,Nghệ thuật số
56073,DTC,nghe-thuat-so,C03,Điểm học bạ,2025,23.0,Nghệ thuật số
56074,DTC,nghe-thuat-so,C04,Điểm học bạ,2025,23.0,Nghệ thuật số
56075,DTC,nghe-thuat-so,C14,Điểm học bạ,2025,23.0,Nghệ thuật số
56076,DTC,nghe-thuat-so,D01,Điểm học bạ,2025,23.0,Nghệ thuật số
56077,DTC,nghe-thuat-so,D07,Điểm học bạ,2025,23.0,Nghệ thuật số
56078,DTC,nghe-thuat-so,D09,Điểm học bạ,2025,23.0,Nghệ thuật số
56079,DTC,nghe-thuat-so,D10,Điểm học bạ,2025,23.0,Nghệ thuật số
56080,DTC,nghe-thuat-so,D84,Điểm học bạ,2025,23.0,Nghệ thuật số
56081,DTC,nghe-thuat-so,X01,Điểm học bạ,2025,23.0,Nghệ thuật số
56082,DTC,nghe-thuat-so,X02,Điểm học bạ,2025,23.0,Nghệ thuật số
56083,DTC,nghe-thuat-so,X03,Điểm học bạ,2025,23.0,Nghệ thuật số
56084,DTC,nghe-thuat-so,X04,Điểm học bạ,2025,23.0,Nghệ thuật số
56085,DTC,nghe-thuat-so,X05,Điểm học bạ,2025,23.0,Nghệ thuật số
56086,DTC,nghe-thuat-so,X06,Điểm học bạ,2025,23.0,Nghệ thuật số
56087,DTC,nghe-thuat-so,X07,Điểm học bạ,2025,23.0,Nghệ thuật số
56088,DTC,nghe-thuat-so,X08,Điểm học bạ,2025,23.0,Nghệ thuật số
56089,DTC,nghe-thuat-so,X09,Điểm học bạ,2025,23.0,Nghệ thuật số
56090,DTC,nghe-thuat-so,X10,Điểm học bạ,2025,23.0,Nghệ thuật số
56091,DTC,nghe-thuat-so,X12,Điểm học bạ,2025,23.0,Nghệ thuật số
56092,DTC,nghe-thuat-so,X13,Điểm học bạ,2025,23.0,Nghệ thuật số
56093,DTC,nghe-thuat-so,X14,Điểm học bạ,2025,23.0,Nghệ thuật số
56094,DTC,nghe-thuat-so,X15,Điểm học bạ,2025,23.0,Nghệ thuật số
56095,DTC,nghe-thuat-so,X16,Điểm học bạ,2025,23.0,Nghệ thuật số
56096,DTC,nghe-thuat-so,X17,Điểm học bạ,2025,23.0,Nghệ thuật số
56097,DTC,nghe-thuat-so,X18,Điểm học bạ,2025,23.0,Nghệ thuật số
56098,DTC,nghe-thuat-so,X20,Điểm học bạ,2025,23.0,Nghệ thuật số
56099,DTC,nghe-thuat-so,X21,Điểm học bạ,2025,23.0,Nghệ thuật số
56100,DTC,nghe-thuat-so,X22,Điểm học bạ,2025,23.0,Nghệ thuật số
56101,DTC,nghe-thuat-so,X23,Điểm học bạ,2025,23.0,Nghệ thuật số
56102,DTC,nghe-thuat-so,X24,Điểm học bạ,2025,23.0,Nghệ thuật số
56103,DTC,nghe-thuat-so,X25,Điểm học bạ,2025,23.0,Nghệ thuật số
56104,DTC,nghe-thuat-so,A00,Điểm thi THPT,2025,23.0,Nghệ thuật số
56105,DTC,nghe-thuat-so,A01,Điểm thi THPT,2025,23.0,Nghệ thuật số
56106,DTC,nghe-thuat-so,A02,Điểm thi THPT,2025,23.0,Nghệ thuật số
56107,DTC,nghe-thuat-so,A03,Điểm thi THPT,2025,23.0,Nghệ thuật số
56108,DTC,nghe-thuat-so,A04,Điểm thi THPT,2025,23.0,Nghệ thuật số
56109,DTC,nghe-thuat-so,A05,Điểm thi THPT,2025,23.0,Nghệ thuật số
56110,DTC,nghe-thuat-so,A06,Điểm thi THPT,2025,23.0,Nghệ thuật số
56111,DTC,nghe-thuat-so,A07,Điểm thi THPT,2025,23.0,Nghệ thuật số
56112,DTC,nghe-thuat-so,A08,Điểm thi THPT,2025,23.0,Nghệ thuật số
56113,DTC,nghe-thuat-so,A09,Điểm thi THPT,2025,23.0,Nghệ thuật số
56114,DTC,nghe-thuat-so,A10,Điểm thi THPT,2025,23.0,Nghệ thuật số
56115,DTC,nghe-thuat-so,B00,Điểm thi THPT,2025,23.0,Nghệ thuật số
56116,DTC,nghe-thuat-so,B01,Điểm thi THPT,2025,23.0,Nghệ thuật số
56117,DTC,nghe-thuat-so,B02,Điểm thi THPT,2025,23.0,Nghệ thuật số
56118,DTC,nghe-thuat-so,B04,Điểm thi THPT,2025,23.0,Nghệ thuật số
56119,DTC,nghe-thuat-so,B08,Điểm thi THPT,2025,23.0,Nghệ thuật số
56120,DTC,nghe-thuat-so,C02,Điểm thi THPT,2025,23.0,Nghệ thuật số
56121,DTC,nghe-thuat-so,C03,Điểm thi THPT,2025,23.0,Nghệ thuật số
56122,DTC,nghe-thuat-so,C04,Điểm thi THPT,2025,23.0,Nghệ thuật số
56123,DTC,nghe-thuat-so,C14,Điểm thi THPT,2025,23.0,Nghệ thuật số
56124,DTC,nghe-thuat-so,D01,Điểm thi THPT,2025,23.0,Nghệ thuật số
56125,DTC,nghe-thuat-so,D07,Điểm thi THPT,2025,23.0,Nghệ thuật số
56126,DTC,nghe-thuat-so,D09,Điểm thi THPT,2025,23.0,Nghệ thuật số
56127,DTC,nghe-thuat-so,D10,Điểm thi THPT,2025,23.0,Nghệ thuật số
56128,DTC,nghe-thuat-so,D84,Điểm thi THPT,2025,23.0,Nghệ thuật số
56129,DTC,nghe-thuat-so,X01,Điểm thi THPT,2025,23.0,Nghệ thuật số
56130,DTC,nghe-thuat-so,X02,Điểm thi THPT,2025,23.0,Nghệ thuật số
56131,DTC,nghe-thuat-so,X03,Điểm thi THPT,2025,23.0,Nghệ thuật số
56132,DTC,nghe-thuat-so,X04,Điểm thi THPT,2025,23.0,Nghệ thuật số
56133,DTC,nghe-thuat-so,X05,Điểm thi THPT,2025,23.0,Nghệ thuật số
56134,DTC,nghe-thuat-so,X06,Điểm thi THPT,2025,23.0,Nghệ thuật số
56135,DTC,nghe-thuat-so,X07,Điểm thi THPT,2025,23.0,Nghệ thuật số
56136,DTC,nghe-thuat-so,X08,Điểm thi THPT,2025,23.0,Nghệ thuật số
56137,DTC,nghe-thuat-so,X09,Điểm thi THPT,2025,23.0,Nghệ thuật số
56138,DTC,nghe-thuat-so,X10,Điểm thi THPT,2025,23.0,Nghệ thuật số
56139,DTC,nghe-thuat-so,X12,Điểm thi THPT,2025,23.0,Nghệ thuật số
56140,DTC,nghe-thuat-so,X13,Điểm thi THPT,2025,23.0,Nghệ thuật số
56141,DTC,nghe-thuat-so,X14,Điểm thi THPT,2025,23.0,Nghệ thuật số
56142,DTC,nghe-thuat-so,X15,Điểm thi THPT,2025,23.0,Nghệ thuật số
56143,DTC,nghe-thuat-so,X16,Điểm thi THPT,2025,23.0,Nghệ thuật số
56144,DTC,nghe-thuat-so,X17,Điểm thi THPT,2025,23.0,Nghệ thuật số
56145,DTC,nghe-thuat-so,X18,Điểm thi THPT,2025,23.0,Nghệ thuật số
56146,DTC,nghe-thuat-so,X20,Điểm thi THPT,2025,23.0,Nghệ thuật số
56147,DTC,nghe-thuat-so,X21,Điểm thi THPT,2025,23.0,Nghệ thuật số
56148,DTC,nghe-thuat-so,X22,Điểm thi THPT,2025,23.0,Nghệ thuật số
56149,DTC,nghe-thuat-so,X23,Điểm thi THPT,2025,23.0,Nghệ thuật số
56150,DTC,nghe-thuat-so,X24,Điểm thi THPT,2025,23.0,Nghệ thuật số
56151,DTC,nghe-thuat-so,X25,Điểm thi THPT,2025,23.0,Nghệ thuật số
56152,DTC,quan-ly-logistics-va-chuoi-cung-ung,A00,Điểm học bạ,2024,20.1,Quản lý logistics và chuỗi cung ứng
56153,DTC,quan-ly-logistics-va-chuoi-cung-ung,C01,Điểm học bạ,2024,20.1,Quản lý logistics và chuỗi cung ứng
56154,DTC,quan-ly-logistics-va-chuoi-cung-ung,C14,Điểm học bạ,2024,20.1,Quản lý logistics và chuỗi cung ứng
56155,DTC,quan-ly-logistics-va-chuoi-cung-ung,D01,Điểm học bạ,2024,20.1,Quản lý logistics và chuỗi cung ứng
56156,DTC,quan-ly-logistics-va-chuoi-cung-ung,A00,Điểm thi THPT,2024,21.4,Quản lý logistics và chuỗi cung ứng
56157,DTC,quan-ly-logistics-va-chuoi-cung-ung,C01,Điểm thi THPT,2024,21.4,Quản lý logistics và chuỗi cung ứng
56158,DTC,quan-ly-logistics-va-chuoi-cung-ung,C14,Điểm thi THPT,2024,21.4,Quản lý logistics và chuỗi cung ứng
56159,DTC,quan-ly-logistics-va-chuoi-cung-ung,D01,Điểm thi THPT,2024,21.4,Quản lý logistics và chuỗi cung ứng
56160,DTC,quan-ly-logistics-va-chuoi-cung-ung,A00,Điểm học bạ,2025,21.86,Quản lý logistics và chuỗi cung ứng
56161,DTC,quan-ly-logistics-va-chuoi-cung-ung,A01,Điểm học bạ,2025,21.86,Quản lý logistics và chuỗi cung ứng
56162,DTC,quan-ly-logistics-va-chuoi-cung-ung,A02,Điểm học bạ,2025,21.86,Quản lý logistics và chuỗi cung ứng
56163,DTC,quan-ly-logistics-va-chuoi-cung-ung,A03,Điểm học bạ,2025,21.86,Quản lý logistics và chuỗi cung ứng
56164,DTC,quan-ly-logistics-va-chuoi-cung-ung,A04,Điểm học bạ,2025,21.86,Quản lý logistics và chuỗi cung ứng
56165,DTC,quan-ly-logistics-va-chuoi-cung-ung,A05,Điểm học bạ,2025,21.86,Quản lý logistics và chuỗi cung ứng
56166,DTC,quan-ly-logistics-va-chuoi-cung-ung,A06,Điểm học bạ,2025,21.86,Quản lý logistics và chuỗi cung ứng
56167,DTC,quan-ly-logistics-va-chuoi-cung-ung,A07,Điểm học bạ,2025,21.86,Quản lý logistics và chuỗi cung ứng
56168,DTC,quan-ly-logistics-va-chuoi-cung-ung,A08,Điểm học bạ,2025,21.86,Quản lý logistics và chuỗi cung ứng
56169,DTC,quan-ly-logistics-va-chuoi-cung-ung,A09,Điểm học bạ,2025,21.86,Quản lý logistics và chuỗi cung ứng
56170,DTC,quan-ly-logistics-va-chuoi-cung-ung,A10,Điểm học bạ,2025,21.86,Quản lý logistics và chuỗi cung ứng
56171,DTC,quan-ly-logistics-va-chuoi-cung-ung,B00,Điểm học bạ,2025,21.86,Quản lý logistics và chuỗi cung ứng
56172,DTC,quan-ly-logistics-va-chuoi-cung-ung,B01,Điểm học bạ,2025,21.86,Quản lý logistics và chuỗi cung ứng
56173,DTC,quan-ly-logistics-va-chuoi-cung-ung,B02,Điểm học bạ,2025,21.86,Quản lý logistics và chuỗi cung ứng
56174,DTC,quan-ly-logistics-va-chuoi-cung-ung,B04,Điểm học bạ,2025,21.86,Quản lý logistics và chuỗi cung ứng
56175,DTC,quan-ly-logistics-va-chuoi-cung-ung,B08,Điểm học bạ,2025,21.86,Quản lý logistics và chuỗi cung ứng
56176,DTC,quan-ly-logistics-va-chuoi-cung-ung,C02,Điểm học bạ,2025,21.86,Quản lý logistics và chuỗi cung ứng
56177,DTC,quan-ly-logistics-va-chuoi-cung-ung,C03,Điểm học bạ,2025,21.86,Quản lý logistics và chuỗi cung ứng
56178,DTC,quan-ly-logistics-va-chuoi-cung-ung,C04,Điểm học bạ,2025,21.86,Quản lý logistics và chuỗi cung ứng
56179,DTC,quan-ly-logistics-va-chuoi-cung-ung,C14,Điểm học bạ,2025,21.86,Quản lý logistics và chuỗi cung ứng
56180,DTC,quan-ly-logistics-va-chuoi-cung-ung,D01,Điểm học bạ,2025,21.86,Quản lý logistics và chuỗi cung ứng
56181,DTC,quan-ly-logistics-va-chuoi-cung-ung,D07,Điểm học bạ,2025,21.86,Quản lý logistics và chuỗi cung ứng
56182,DTC,quan-ly-logistics-va-chuoi-cung-ung,D09,Điểm học bạ,2025,21.86,Quản lý logistics và chuỗi cung ứng
56183,DTC,quan-ly-logistics-va-chuoi-cung-ung,D10,Điểm học bạ,2025,21.86,Quản lý logistics và chuỗi cung ứng
56184,DTC,quan-ly-logistics-va-chuoi-cung-ung,D84,Điểm học bạ,2025,21.86,Quản lý logistics và chuỗi cung ứng
56185,DTC,quan-ly-logistics-va-chuoi-cung-ung,X01,Điểm học bạ,2025,21.86,Quản lý logistics và chuỗi cung ứng
56186,DTC,quan-ly-logistics-va-chuoi-cung-ung,X02,Điểm học bạ,2025,21.86,Quản lý logistics và chuỗi cung ứng
56187,DTC,quan-ly-logistics-va-chuoi-cung-ung,X03,Điểm học bạ,2025,21.86,Quản lý logistics và chuỗi cung ứng
56188,DTC,quan-ly-logistics-va-chuoi-cung-ung,X04,Điểm học bạ,2025,21.86,Quản lý logistics và chuỗi cung ứng
56189,DTC,quan-ly-logistics-va-chuoi-cung-ung,X05,Điểm học bạ,2025,21.86,Quản lý logistics và chuỗi cung ứng
56190,DTC,quan-ly-logistics-va-chuoi-cung-ung,X06,Điểm học bạ,2025,21.86,Quản lý logistics và chuỗi cung ứng
56191,DTC,quan-ly-logistics-va-chuoi-cung-ung,X07,Điểm học bạ,2025,21.86,Quản lý logistics và chuỗi cung ứng
56192,DTC,quan-ly-logistics-va-chuoi-cung-ung,X08,Điểm học bạ,2025,21.86,Quản lý logistics và chuỗi cung ứng
56193,DTC,quan-ly-logistics-va-chuoi-cung-ung,X09,Điểm học bạ,2025,21.86,Quản lý logistics và chuỗi cung ứng
56194,DTC,quan-ly-logistics-va-chuoi-cung-ung,X10,Điểm học bạ,2025,21.86,Quản lý logistics và chuỗi cung ứng
56195,DTC,quan-ly-logistics-va-chuoi-cung-ung,X12,Điểm học bạ,2025,21.86,Quản lý logistics và chuỗi cung ứng
56196,DTC,quan-ly-logistics-va-chuoi-cung-ung,X13,Điểm học bạ,2025,21.86,Quản lý logistics và chuỗi cung ứng
56197,DTC,quan-ly-logistics-va-chuoi-cung-ung,X14,Điểm học bạ,2025,21.86,Quản lý logistics và chuỗi cung ứng
56198,DTC,quan-ly-logistics-va-chuoi-cung-ung,X15,Điểm học bạ,2025,21.86,Quản lý logistics và chuỗi cung ứng
56199,DTC,quan-ly-logistics-va-chuoi-cung-ung,X16,Điểm học bạ,2025,21.86,Quản lý logistics và chuỗi cung ứng
56200,DTC,quan-ly-logistics-va-chuoi-cung-ung,X17,Điểm học bạ,2025,21.86,Quản lý logistics và chuỗi cung ứng
56201,DTC,quan-ly-logistics-va-chuoi-cung-ung,X18,Điểm học bạ,2025,21.86,Quản lý logistics và chuỗi cung ứng
56202,DTC,quan-ly-logistics-va-chuoi-cung-ung,X20,Điểm học bạ,2025,21.86,Quản lý logistics và chuỗi cung ứng
56203,DTC,quan-ly-logistics-va-chuoi-cung-ung,X21,Điểm học bạ,2025,21.86,Quản lý logistics và chuỗi cung ứng
56204,DTC,quan-ly-logistics-va-chuoi-cung-ung,X22,Điểm học bạ,2025,21.86,Quản lý logistics và chuỗi cung ứng
56205,DTC,quan-ly-logistics-va-chuoi-cung-ung,X23,Điểm học bạ,2025,21.86,Quản lý logistics và chuỗi cung ứng
56206,DTC,quan-ly-logistics-va-chuoi-cung-ung,X24,Điểm học bạ,2025,21.86,Quản lý logistics và chuỗi cung ứng
56207,DTC,quan-ly-logistics-va-chuoi-cung-ung,X25,Điểm học bạ,2025,21.86,Quản lý logistics và chuỗi cung ứng
56208,DTC,quan-ly-logistics-va-chuoi-cung-ung,A00,Điểm thi THPT,2025,20.5,Quản lý logistics và chuỗi cung ứng
56209,DTC,quan-ly-logistics-va-chuoi-cung-ung,A01,Điểm thi THPT,2025,20.5,Quản lý logistics và chuỗi cung ứng
56210,DTC,quan-ly-logistics-va-chuoi-cung-ung,A02,Điểm thi THPT,2025,20.5,Quản lý logistics và chuỗi cung ứng
56211,DTC,quan-ly-logistics-va-chuoi-cung-ung,A03,Điểm thi THPT,2025,20.5,Quản lý logistics và chuỗi cung ứng
56212,DTC,quan-ly-logistics-va-chuoi-cung-ung,A04,Điểm thi THPT,2025,20.5,Quản lý logistics và chuỗi cung ứng
56213,DTC,quan-ly-logistics-va-chuoi-cung-ung,A05,Điểm thi THPT,2025,20.5,Quản lý logistics và chuỗi cung ứng
56214,DTC,quan-ly-logistics-va-chuoi-cung-ung,A06,Điểm thi THPT,2025,20.5,Quản lý logistics và chuỗi cung ứng
56215,DTC,quan-ly-logistics-va-chuoi-cung-ung,A07,Điểm thi THPT,2025,20.5,Quản lý logistics và chuỗi cung ứng
56216,DTC,quan-ly-logistics-va-chuoi-cung-ung,A08,Điểm thi THPT,2025,20.5,Quản lý logistics và chuỗi cung ứng
56217,DTC,quan-ly-logistics-va-chuoi-cung-ung,A09,Điểm thi THPT,2025,20.5,Quản lý logistics và chuỗi cung ứng
56218,DTC,quan-ly-logistics-va-chuoi-cung-ung,A10,Điểm thi THPT,2025,20.5,Quản lý logistics và chuỗi cung ứng
56219,DTC,quan-ly-logistics-va-chuoi-cung-ung,B00,Điểm thi THPT,2025,20.5,Quản lý logistics và chuỗi cung ứng
56220,DTC,quan-ly-logistics-va-chuoi-cung-ung,B01,Điểm thi THPT,2025,20.5,Quản lý logistics và chuỗi cung ứng
56221,DTC,quan-ly-logistics-va-chuoi-cung-ung,B02,Điểm thi THPT,2025,20.5,Quản lý logistics và chuỗi cung ứng
56222,DTC,quan-ly-logistics-va-chuoi-cung-ung,B04,Điểm thi THPT,2025,20.5,Quản lý logistics và chuỗi cung ứng
56223,DTC,quan-ly-logistics-va-chuoi-cung-ung,B08,Điểm thi THPT,2025,20.5,Quản lý logistics và chuỗi cung ứng
56224,DTC,quan-ly-logistics-va-chuoi-cung-ung,C02,Điểm thi THPT,2025,20.5,Quản lý logistics và chuỗi cung ứng
56225,DTC,quan-ly-logistics-va-chuoi-cung-ung,C03,Điểm thi THPT,2025,20.5,Quản lý logistics và chuỗi cung ứng
56226,DTC,quan-ly-logistics-va-chuoi-cung-ung,C04,Điểm thi THPT,2025,20.5,Quản lý logistics và chuỗi cung ứng
56227,DTC,quan-ly-logistics-va-chuoi-cung-ung,C14,Điểm thi THPT,2025,20.5,Quản lý logistics và chuỗi cung ứng
56228,DTC,quan-ly-logistics-va-chuoi-cung-ung,D01,Điểm thi THPT,2025,20.5,Quản lý logistics và chuỗi cung ứng
56229,DTC,quan-ly-logistics-va-chuoi-cung-ung,D07,Điểm thi THPT,2025,20.5,Quản lý logistics và chuỗi cung ứng
56230,DTC,quan-ly-logistics-va-chuoi-cung-ung,D09,Điểm thi THPT,2025,20.5,Quản lý logistics và chuỗi cung ứng
56231,DTC,quan-ly-logistics-va-chuoi-cung-ung,D10,Điểm thi THPT,2025,20.5,Quản lý logistics và chuỗi cung ứng
56232,DTC,quan-ly-logistics-va-chuoi-cung-ung,D84,Điểm thi THPT,2025,20.5,Quản lý logistics và chuỗi cung ứng
56233,DTC,quan-ly-logistics-va-chuoi-cung-ung,X01,Điểm thi THPT,2025,20.5,Quản lý logistics và chuỗi cung ứng
56234,DTC,quan-ly-logistics-va-chuoi-cung-ung,X02,Điểm thi THPT,2025,20.5,Quản lý logistics và chuỗi cung ứng
56235,DTC,quan-ly-logistics-va-chuoi-cung-ung,X03,Điểm thi THPT,2025,20.5,Quản lý logistics và chuỗi cung ứng
56236,DTC,quan-ly-logistics-va-chuoi-cung-ung,X04,Điểm thi THPT,2025,20.5,Quản lý logistics và chuỗi cung ứng
56237,DTC,quan-ly-logistics-va-chuoi-cung-ung,X05,Điểm thi THPT,2025,20.5,Quản lý logistics và chuỗi cung ứng
56238,DTC,quan-ly-logistics-va-chuoi-cung-ung,X06,Điểm thi THPT,2025,20.5,Quản lý logistics và chuỗi cung ứng
56239,DTC,quan-ly-logistics-va-chuoi-cung-ung,X07,Điểm thi THPT,2025,20.5,Quản lý logistics và chuỗi cung ứng
56240,DTC,quan-ly-logistics-va-chuoi-cung-ung,X08,Điểm thi THPT,2025,20.5,Quản lý logistics và chuỗi cung ứng
56241,DTC,quan-ly-logistics-va-chuoi-cung-ung,X09,Điểm thi THPT,2025,20.5,Quản lý logistics và chuỗi cung ứng
56242,DTC,quan-ly-logistics-va-chuoi-cung-ung,X10,Điểm thi THPT,2025,20.5,Quản lý logistics và chuỗi cung ứng
56243,DTC,quan-ly-logistics-va-chuoi-cung-ung,X12,Điểm thi THPT,2025,20.5,Quản lý logistics và chuỗi cung ứng
56244,DTC,quan-ly-logistics-va-chuoi-cung-ung,X13,Điểm thi THPT,2025,20.5,Quản lý logistics và chuỗi cung ứng
56245,DTC,quan-ly-logistics-va-chuoi-cung-ung,X14,Điểm thi THPT,2025,20.5,Quản lý logistics và chuỗi cung ứng
56246,DTC,quan-ly-logistics-va-chuoi-cung-ung,X15,Điểm thi THPT,2025,20.5,Quản lý logistics và chuỗi cung ứng
56247,DTC,quan-ly-logistics-va-chuoi-cung-ung,X16,Điểm thi THPT,2025,20.5,Quản lý logistics và chuỗi cung ứng
56248,DTC,quan-ly-logistics-va-chuoi-cung-ung,X17,Điểm thi THPT,2025,20.5,Quản lý logistics và chuỗi cung ứng
56249,DTC,quan-ly-logistics-va-chuoi-cung-ung,X18,Điểm thi THPT,2025,20.5,Quản lý logistics và chuỗi cung ứng
56250,DTC,quan-ly-logistics-va-chuoi-cung-ung,X20,Điểm thi THPT,2025,20.5,Quản lý logistics và chuỗi cung ứng
56251,DTC,quan-ly-logistics-va-chuoi-cung-ung,X21,Điểm thi THPT,2025,20.5,Quản lý logistics và chuỗi cung ứng
56252,DTC,quan-ly-logistics-va-chuoi-cung-ung,X22,Điểm thi THPT,2025,20.5,Quản lý logistics và chuỗi cung ứng
56253,DTC,quan-ly-logistics-va-chuoi-cung-ung,X23,Điểm thi THPT,2025,20.5,Quản lý logistics và chuỗi cung ứng
56254,DTC,quan-ly-logistics-va-chuoi-cung-ung,X24,Điểm thi THPT,2025,20.5,Quản lý logistics và chuỗi cung ứng
56255,DTC,quan-ly-logistics-va-chuoi-cung-ung,X25,Điểm thi THPT,2025,20.5,Quản lý logistics và chuỗi cung ứng
56256,DTC,quan-tri-kinh-doanh-so,A00,Điểm học bạ,2022,6.0,Quản trị kinh doanh số
56257,DTC,quan-tri-kinh-doanh-so,C01,Điểm học bạ,2022,6.0,Quản trị kinh doanh số
56258,DTC,quan-tri-kinh-doanh-so,C14,Điểm học bạ,2022,6.0,Quản trị kinh doanh số
56259,DTC,quan-tri-kinh-doanh-so,D01,Điểm học bạ,2022,6.0,Quản trị kinh doanh số
56260,DTC,quan-tri-kinh-doanh-so,A00,Điểm thi THPT,2022,16.0,Quản trị kinh doanh số
56261,DTC,quan-tri-kinh-doanh-so,C01,Điểm thi THPT,2022,16.0,Quản trị kinh doanh số
56262,DTC,quan-tri-kinh-doanh-so,C14,Điểm thi THPT,2022,16.0,Quản trị kinh doanh số
56263,DTC,quan-tri-kinh-doanh-so,D01,Điểm thi THPT,2022,16.0,Quản trị kinh doanh số
56264,DTC,quan-tri-kinh-doanh-so,A00,Điểm học bạ,2023,18.5,Quản trị kinh doanh số
56265,DTC,quan-tri-kinh-doanh-so,C01,Điểm học bạ,2023,18.5,Quản trị kinh doanh số
56266,DTC,quan-tri-kinh-doanh-so,C14,Điểm học bạ,2023,18.5,Quản trị kinh doanh số
56267,DTC,quan-tri-kinh-doanh-so,D01,Điểm học bạ,2023,18.5,Quản trị kinh doanh số
56268,DTC,quan-tri-kinh-doanh-so,A00,Điểm thi THPT,2023,17.5,Quản trị kinh doanh số
56269,DTC,quan-tri-kinh-doanh-so,C01,Điểm thi THPT,2023,17.5,Quản trị kinh doanh số
56270,DTC,quan-tri-kinh-doanh-so,C14,Điểm thi THPT,2023,17.5,Quản trị kinh doanh số
56271,DTC,quan-tri-kinh-doanh-so,D01,Điểm thi THPT,2023,17.5,Quản trị kinh doanh số
56272,DTC,quan-tri-kinh-doanh-so,A00,Điểm học bạ,2024,19.7,Quản trị kinh doanh số
56273,DTC,quan-tri-kinh-doanh-so,C01,Điểm học bạ,2024,19.7,Quản trị kinh doanh số
56274,DTC,quan-tri-kinh-doanh-so,C14,Điểm học bạ,2024,19.7,Quản trị kinh doanh số
56275,DTC,quan-tri-kinh-doanh-so,D01,Điểm học bạ,2024,19.7,Quản trị kinh doanh số
56276,DTC,quan-tri-kinh-doanh-so,A00,Điểm thi THPT,2024,20.9,Quản trị kinh doanh số
56277,DTC,quan-tri-kinh-doanh-so,C01,Điểm thi THPT,2024,20.9,Quản trị kinh doanh số
56278,DTC,quan-tri-kinh-doanh-so,C14,Điểm thi THPT,2024,20.9,Quản trị kinh doanh số
56279,DTC,quan-tri-kinh-doanh-so,D01,Điểm thi THPT,2024,20.9,Quản trị kinh doanh số
56280,DTC,quan-tri-kinh-doanh-so,A00,Điểm học bạ,2025,18.5,Quản trị kinh doanh số
56281,DTC,quan-tri-kinh-doanh-so,A01,Điểm học bạ,2025,18.5,Quản trị kinh doanh số
56282,DTC,quan-tri-kinh-doanh-so,A02,Điểm học bạ,2025,18.5,Quản trị kinh doanh số
56283,DTC,quan-tri-kinh-doanh-so,A03,Điểm học bạ,2025,18.5,Quản trị kinh doanh số
56284,DTC,quan-tri-kinh-doanh-so,A04,Điểm học bạ,2025,18.5,Quản trị kinh doanh số
56285,DTC,quan-tri-kinh-doanh-so,A05,Điểm học bạ,2025,18.5,Quản trị kinh doanh số
56286,DTC,quan-tri-kinh-doanh-so,A06,Điểm học bạ,2025,18.5,Quản trị kinh doanh số
56287,DTC,quan-tri-kinh-doanh-so,A07,Điểm học bạ,2025,18.5,Quản trị kinh doanh số
56288,DTC,quan-tri-kinh-doanh-so,A08,Điểm học bạ,2025,18.5,Quản trị kinh doanh số
56289,DTC,quan-tri-kinh-doanh-so,A09,Điểm học bạ,2025,18.5,Quản trị kinh doanh số
56290,DTC,quan-tri-kinh-doanh-so,A10,Điểm học bạ,2025,18.5,Quản trị kinh doanh số
56291,DTC,quan-tri-kinh-doanh-so,B00,Điểm học bạ,2025,18.5,Quản trị kinh doanh số
56292,DTC,quan-tri-kinh-doanh-so,B01,Điểm học bạ,2025,18.5,Quản trị kinh doanh số
56293,DTC,quan-tri-kinh-doanh-so,B02,Điểm học bạ,2025,18.5,Quản trị kinh doanh số
56294,DTC,quan-tri-kinh-doanh-so,B04,Điểm học bạ,2025,18.5,Quản trị kinh doanh số
56295,DTC,quan-tri-kinh-doanh-so,B08,Điểm học bạ,2025,18.5,Quản trị kinh doanh số
56296,DTC,quan-tri-kinh-doanh-so,C02,Điểm học bạ,2025,18.5,Quản trị kinh doanh số
56297,DTC,quan-tri-kinh-doanh-so,C03,Điểm học bạ,2025,18.5,Quản trị kinh doanh số
56298,DTC,quan-tri-kinh-doanh-so,C04,Điểm học bạ,2025,18.5,Quản trị kinh doanh số
56299,DTC,quan-tri-kinh-doanh-so,C14,Điểm học bạ,2025,18.5,Quản trị kinh doanh số
56300,DTC,quan-tri-kinh-doanh-so,D01,Điểm học bạ,2025,18.5,Quản trị kinh doanh số
56301,DTC,quan-tri-kinh-doanh-so,D07,Điểm học bạ,2025,18.5,Quản trị kinh doanh số
56302,DTC,quan-tri-kinh-doanh-so,D09,Điểm học bạ,2025,18.5,Quản trị kinh doanh số
56303,DTC,quan-tri-kinh-doanh-so,D10,Điểm học bạ,2025,18.5,Quản trị kinh doanh số
56304,DTC,quan-tri-kinh-doanh-so,D84,Điểm học bạ,2025,18.5,Quản trị kinh doanh số
56305,DTC,quan-tri-kinh-doanh-so,X01,Điểm học bạ,2025,18.5,Quản trị kinh doanh số
56306,DTC,quan-tri-kinh-doanh-so,X02,Điểm học bạ,2025,18.5,Quản trị kinh doanh số
56307,DTC,quan-tri-kinh-doanh-so,X03,Điểm học bạ,2025,18.5,Quản trị kinh doanh số
56308,DTC,quan-tri-kinh-doanh-so,X04,Điểm học bạ,2025,18.5,Quản trị kinh doanh số
56309,DTC,quan-tri-kinh-doanh-so,X05,Điểm học bạ,2025,18.5,Quản trị kinh doanh số
56310,DTC,quan-tri-kinh-doanh-so,X06,Điểm học bạ,2025,18.5,Quản trị kinh doanh số
56311,DTC,quan-tri-kinh-doanh-so,X07,Điểm học bạ,2025,18.5,Quản trị kinh doanh số
56312,DTC,quan-tri-kinh-doanh-so,X08,Điểm học bạ,2025,18.5,Quản trị kinh doanh số
56313,DTC,quan-tri-kinh-doanh-so,X09,Điểm học bạ,2025,18.5,Quản trị kinh doanh số
56314,DTC,quan-tri-kinh-doanh-so,X10,Điểm học bạ,2025,18.5,Quản trị kinh doanh số
56315,DTC,quan-tri-kinh-doanh-so,X12,Điểm học bạ,2025,18.5,Quản trị kinh doanh số
56316,DTC,quan-tri-kinh-doanh-so,X13,Điểm học bạ,2025,18.5,Quản trị kinh doanh số
56317,DTC,quan-tri-kinh-doanh-so,X14,Điểm học bạ,2025,18.5,Quản trị kinh doanh số
56318,DTC,quan-tri-kinh-doanh-so,X15,Điểm học bạ,2025,18.5,Quản trị kinh doanh số
56319,DTC,quan-tri-kinh-doanh-so,X16,Điểm học bạ,2025,18.5,Quản trị kinh doanh số
56320,DTC,quan-tri-kinh-doanh-so,X17,Điểm học bạ,2025,18.5,Quản trị kinh doanh số
56321,DTC,quan-tri-kinh-doanh-so,X18,Điểm học bạ,2025,18.5,Quản trị kinh doanh số
56322,DTC,quan-tri-kinh-doanh-so,X20,Điểm học bạ,2025,18.5,Quản trị kinh doanh số
56323,DTC,quan-tri-kinh-doanh-so,X21,Điểm học bạ,2025,18.5,Quản trị kinh doanh số
56324,DTC,quan-tri-kinh-doanh-so,X22,Điểm học bạ,2025,18.5,Quản trị kinh doanh số
56325,DTC,quan-tri-kinh-doanh-so,X23,Điểm học bạ,2025,18.5,Quản trị kinh doanh số
56326,DTC,quan-tri-kinh-doanh-so,X24,Điểm học bạ,2025,18.5,Quản trị kinh doanh số
56327,DTC,quan-tri-kinh-doanh-so,X25,Điểm học bạ,2025,18.5,Quản trị kinh doanh số
56328,DTC,quan-tri-kinh-doanh-so,A00,Điểm thi THPT,2025,18.5,Quản trị kinh doanh số
56329,DTC,quan-tri-kinh-doanh-so,A01,Điểm thi THPT,2025,18.5,Quản trị kinh doanh số
56330,DTC,quan-tri-kinh-doanh-so,A02,Điểm thi THPT,2025,18.5,Quản trị kinh doanh số
56331,DTC,quan-tri-kinh-doanh-so,A03,Điểm thi THPT,2025,18.5,Quản trị kinh doanh số
56332,DTC,quan-tri-kinh-doanh-so,A04,Điểm thi THPT,2025,18.5,Quản trị kinh doanh số
56333,DTC,quan-tri-kinh-doanh-so,A05,Điểm thi THPT,2025,18.5,Quản trị kinh doanh số
56334,DTC,quan-tri-kinh-doanh-so,A06,Điểm thi THPT,2025,18.5,Quản trị kinh doanh số
56335,DTC,quan-tri-kinh-doanh-so,A07,Điểm thi THPT,2025,18.5,Quản trị kinh doanh số
56336,DTC,quan-tri-kinh-doanh-so,A08,Điểm thi THPT,2025,18.5,Quản trị kinh doanh số
56337,DTC,quan-tri-kinh-doanh-so,A09,Điểm thi THPT,2025,18.5,Quản trị kinh doanh số
56338,DTC,quan-tri-kinh-doanh-so,A10,Điểm thi THPT,2025,18.5,Quản trị kinh doanh số
56339,DTC,quan-tri-kinh-doanh-so,B00,Điểm thi THPT,2025,18.5,Quản trị kinh doanh số
56340,DTC,quan-tri-kinh-doanh-so,B01,Điểm thi THPT,2025,18.5,Quản trị kinh doanh số
56341,DTC,quan-tri-kinh-doanh-so,B02,Điểm thi THPT,2025,18.5,Quản trị kinh doanh số
56342,DTC,quan-tri-kinh-doanh-so,B04,Điểm thi THPT,2025,18.5,Quản trị kinh doanh số
56343,DTC,quan-tri-kinh-doanh-so,B08,Điểm thi THPT,2025,18.5,Quản trị kinh doanh số
56344,DTC,quan-tri-kinh-doanh-so,C02,Điểm thi THPT,2025,18.5,Quản trị kinh doanh số
56345,DTC,quan-tri-kinh-doanh-so,C03,Điểm thi THPT,2025,18.5,Quản trị kinh doanh số
56346,DTC,quan-tri-kinh-doanh-so,C04,Điểm thi THPT,2025,18.5,Quản trị kinh doanh số
56347,DTC,quan-tri-kinh-doanh-so,C14,Điểm thi THPT,2025,18.5,Quản trị kinh doanh số
56348,DTC,quan-tri-kinh-doanh-so,D01,Điểm thi THPT,2025,18.5,Quản trị kinh doanh số
56349,DTC,quan-tri-kinh-doanh-so,D07,Điểm thi THPT,2025,18.5,Quản trị kinh doanh số
56350,DTC,quan-tri-kinh-doanh-so,D09,Điểm thi THPT,2025,18.5,Quản trị kinh doanh số
56351,DTC,quan-tri-kinh-doanh-so,D10,Điểm thi THPT,2025,18.5,Quản trị kinh doanh số
56352,DTC,quan-tri-kinh-doanh-so,D84,Điểm thi THPT,2025,18.5,Quản trị kinh doanh số
56353,DTC,quan-tri-kinh-doanh-so,X01,Điểm thi THPT,2025,18.5,Quản trị kinh doanh số
56354,DTC,quan-tri-kinh-doanh-so,X02,Điểm thi THPT,2025,18.5,Quản trị kinh doanh số
56355,DTC,quan-tri-kinh-doanh-so,X03,Điểm thi THPT,2025,18.5,Quản trị kinh doanh số
56356,DTC,quan-tri-kinh-doanh-so,X04,Điểm thi THPT,2025,18.5,Quản trị kinh doanh số
56357,DTC,quan-tri-kinh-doanh-so,X05,Điểm thi THPT,2025,18.5,Quản trị kinh doanh số
56358,DTC,quan-tri-kinh-doanh-so,X06,Điểm thi THPT,2025,18.5,Quản trị kinh doanh số
56359,DTC,quan-tri-kinh-doanh-so,X07,Điểm thi THPT,2025,18.5,Quản trị kinh doanh số
56360,DTC,quan-tri-kinh-doanh-so,X08,Điểm thi THPT,2025,18.5,Quản trị kinh doanh số
56361,DTC,quan-tri-kinh-doanh-so,X09,Điểm thi THPT,2025,18.5,Quản trị kinh doanh số
56362,DTC,quan-tri-kinh-doanh-so,X10,Điểm thi THPT,2025,18.5,Quản trị kinh doanh số
56363,DTC,quan-tri-kinh-doanh-so,X12,Điểm thi THPT,2025,18.5,Quản trị kinh doanh số
56364,DTC,quan-tri-kinh-doanh-so,X13,Điểm thi THPT,2025,18.5,Quản trị kinh doanh số
56365,DTC,quan-tri-kinh-doanh-so,X14,Điểm thi THPT,2025,18.5,Quản trị kinh doanh số
56366,DTC,quan-tri-kinh-doanh-so,X15,Điểm thi THPT,2025,18.5,Quản trị kinh doanh số
56367,DTC,quan-tri-kinh-doanh-so,X16,Điểm thi THPT,2025,18.5,Quản trị kinh doanh số
56368,DTC,quan-tri-kinh-doanh-so,X17,Điểm thi THPT,2025,18.5,Quản trị kinh doanh số
56369,DTC,quan-tri-kinh-doanh-so,X18,Điểm thi THPT,2025,18.5,Quản trị kinh doanh số
56370,DTC,quan-tri-kinh-doanh-so,X20,Điểm thi THPT,2025,18.5,Quản trị kinh doanh số
56371,DTC,quan-tri-kinh-doanh-so,X21,Điểm thi THPT,2025,18.5,Quản trị kinh doanh số
56372,DTC,quan-tri-kinh-doanh-so,X22,Điểm thi THPT,2025,18.5,Quản trị kinh doanh số
56373,DTC,quan-tri-kinh-doanh-so,X23,Điểm thi THPT,2025,18.5,Quản trị kinh doanh số
56374,DTC,quan-tri-kinh-doanh-so,X24,Điểm thi THPT,2025,18.5,Quản trị kinh doanh số
56375,DTC,quan-tri-kinh-doanh-so,X25,Điểm thi THPT,2025,18.5,Quản trị kinh doanh số
56376,DTC,quan-tri-van-phong,A00,Điểm học bạ,2021,18.0,Quản trị văn phòng
56377,DTC,quan-tri-van-phong,C01,Điểm học bạ,2021,18.0,Quản trị văn phòng
56378,DTC,quan-tri-van-phong,C14,Điểm học bạ,2021,18.0,Quản trị văn phòng
56379,DTC,quan-tri-van-phong,D01,Điểm học bạ,2021,18.0,Quản trị văn phòng
56380,DTC,quan-tri-van-phong,A00,Điểm thi THPT,2021,17.0,Quản trị văn phòng
56381,DTC,quan-tri-van-phong,C01,Điểm thi THPT,2021,17.0,Quản trị văn phòng
56382,DTC,quan-tri-van-phong,C14,Điểm thi THPT,2021,17.0,Quản trị văn phòng
56383,DTC,quan-tri-van-phong,D01,Điểm thi THPT,2021,17.0,Quản trị văn phòng
56384,DTC,quan-tri-van-phong,A00,Điểm học bạ,2022,6.0,Quản trị văn phòng
56385,DTC,quan-tri-van-phong,C01,Điểm học bạ,2022,6.0,Quản trị văn phòng
56386,DTC,quan-tri-van-phong,C14,Điểm học bạ,2022,6.0,Quản trị văn phòng
56387,DTC,quan-tri-van-phong,D01,Điểm học bạ,2022,6.0,Quản trị văn phòng
56388,DTC,quan-tri-van-phong,A00,Điểm thi THPT,2022,16.0,Quản trị văn phòng
56389,DTC,quan-tri-van-phong,C01,Điểm thi THPT,2022,16.0,Quản trị văn phòng
56390,DTC,quan-tri-van-phong,C14,Điểm thi THPT,2022,16.0,Quản trị văn phòng
56391,DTC,quan-tri-van-phong,D01,Điểm thi THPT,2022,16.0,Quản trị văn phòng
56392,DTC,quan-tri-van-phong,A00,Điểm học bạ,2023,19.0,Quản trị văn phòng
56393,DTC,quan-tri-van-phong,C01,Điểm học bạ,2023,19.0,Quản trị văn phòng
56394,DTC,quan-tri-van-phong,C14,Điểm học bạ,2023,19.0,Quản trị văn phòng
56395,DTC,quan-tri-van-phong,D01,Điểm học bạ,2023,19.0,Quản trị văn phòng
56396,DTC,quan-tri-van-phong,A00,Điểm thi THPT,2023,16.0,Quản trị văn phòng
56397,DTC,quan-tri-van-phong,C01,Điểm thi THPT,2023,16.0,Quản trị văn phòng
56398,DTC,quan-tri-van-phong,C14,Điểm thi THPT,2023,16.0,Quản trị văn phòng
56399,DTC,quan-tri-van-phong,D01,Điểm thi THPT,2023,16.0,Quản trị văn phòng
56400,DTC,quan-tri-van-phong,A00,Điểm học bạ,2024,19.4,Quản trị văn phòng
56401,DTC,quan-tri-van-phong,C01,Điểm học bạ,2024,19.4,Quản trị văn phòng
56402,DTC,quan-tri-van-phong,C14,Điểm học bạ,2024,19.4,Quản trị văn phòng
56403,DTC,quan-tri-van-phong,D01,Điểm học bạ,2024,19.4,Quản trị văn phòng
56404,DTC,quan-tri-van-phong,A00,Điểm thi THPT,2024,22.0,Quản trị văn phòng
56405,DTC,quan-tri-van-phong,C01,Điểm thi THPT,2024,22.0,Quản trị văn phòng
56406,DTC,quan-tri-van-phong,C14,Điểm thi THPT,2024,22.0,Quản trị văn phòng
56407,DTC,quan-tri-van-phong,D01,Điểm thi THPT,2024,22.0,Quản trị văn phòng
56408,DTC,quan-tri-van-phong,A00,Điểm học bạ,2025,21.0,Quản trị văn phòng
56409,DTC,quan-tri-van-phong,A01,Điểm học bạ,2025,21.0,Quản trị văn phòng
56410,DTC,quan-tri-van-phong,A02,Điểm học bạ,2025,21.0,Quản trị văn phòng
56411,DTC,quan-tri-van-phong,A03,Điểm học bạ,2025,21.0,Quản trị văn phòng
56412,DTC,quan-tri-van-phong,A04,Điểm học bạ,2025,21.0,Quản trị văn phòng
56413,DTC,quan-tri-van-phong,A05,Điểm học bạ,2025,21.0,Quản trị văn phòng
56414,DTC,quan-tri-van-phong,A06,Điểm học bạ,2025,21.0,Quản trị văn phòng
56415,DTC,quan-tri-van-phong,A07,Điểm học bạ,2025,21.0,Quản trị văn phòng
56416,DTC,quan-tri-van-phong,A08,Điểm học bạ,2025,21.0,Quản trị văn phòng
56417,DTC,quan-tri-van-phong,A09,Điểm học bạ,2025,21.0,Quản trị văn phòng
56418,DTC,quan-tri-van-phong,A10,Điểm học bạ,2025,21.0,Quản trị văn phòng
56419,DTC,quan-tri-van-phong,B00,Điểm học bạ,2025,21.0,Quản trị văn phòng
56420,DTC,quan-tri-van-phong,B01,Điểm học bạ,2025,21.0,Quản trị văn phòng
56421,DTC,quan-tri-van-phong,B02,Điểm học bạ,2025,21.0,Quản trị văn phòng
56422,DTC,quan-tri-van-phong,B04,Điểm học bạ,2025,21.0,Quản trị văn phòng
56423,DTC,quan-tri-van-phong,B08,Điểm học bạ,2025,21.0,Quản trị văn phòng
56424,DTC,quan-tri-van-phong,C02,Điểm học bạ,2025,21.0,Quản trị văn phòng
56425,DTC,quan-tri-van-phong,C03,Điểm học bạ,2025,21.0,Quản trị văn phòng
56426,DTC,quan-tri-van-phong,C04,Điểm học bạ,2025,21.0,Quản trị văn phòng
56427,DTC,quan-tri-van-phong,C14,Điểm học bạ,2025,21.0,Quản trị văn phòng
56428,DTC,quan-tri-van-phong,D01,Điểm học bạ,2025,21.0,Quản trị văn phòng
56429,DTC,quan-tri-van-phong,D07,Điểm học bạ,2025,21.0,Quản trị văn phòng
56430,DTC,quan-tri-van-phong,D09,Điểm học bạ,2025,21.0,Quản trị văn phòng
56431,DTC,quan-tri-van-phong,D10,Điểm học bạ,2025,21.0,Quản trị văn phòng
56432,DTC,quan-tri-van-phong,D84,Điểm học bạ,2025,21.0,Quản trị văn phòng
56433,DTC,quan-tri-van-phong,X01,Điểm học bạ,2025,21.0,Quản trị văn phòng
56434,DTC,quan-tri-van-phong,X02,Điểm học bạ,2025,21.0,Quản trị văn phòng
56435,DTC,quan-tri-van-phong,X03,Điểm học bạ,2025,21.0,Quản trị văn phòng
56436,DTC,quan-tri-van-phong,X04,Điểm học bạ,2025,21.0,Quản trị văn phòng
56437,DTC,quan-tri-van-phong,X05,Điểm học bạ,2025,21.0,Quản trị văn phòng
56438,DTC,quan-tri-van-phong,X06,Điểm học bạ,2025,21.0,Quản trị văn phòng
56439,DTC,quan-tri-van-phong,X07,Điểm học bạ,2025,21.0,Quản trị văn phòng
56440,DTC,quan-tri-van-phong,X08,Điểm học bạ,2025,21.0,Quản trị văn phòng
56441,DTC,quan-tri-van-phong,X09,Điểm học bạ,2025,21.0,Quản trị văn phòng
56442,DTC,quan-tri-van-phong,X10,Điểm học bạ,2025,21.0,Quản trị văn phòng
56443,DTC,quan-tri-van-phong,X12,Điểm học bạ,2025,21.0,Quản trị văn phòng
56444,DTC,quan-tri-van-phong,X13,Điểm học bạ,2025,21.0,Quản trị văn phòng
56445,DTC,quan-tri-van-phong,X14,Điểm học bạ,2025,21.0,Quản trị văn phòng
56446,DTC,quan-tri-van-phong,X15,Điểm học bạ,2025,21.0,Quản trị văn phòng
56447,DTC,quan-tri-van-phong,X16,Điểm học bạ,2025,21.0,Quản trị văn phòng
56448,DTC,quan-tri-van-phong,X17,Điểm học bạ,2025,21.0,Quản trị văn phòng
56449,DTC,quan-tri-van-phong,X18,Điểm học bạ,2025,21.0,Quản trị văn phòng
56450,DTC,quan-tri-van-phong,X20,Điểm học bạ,2025,21.0,Quản trị văn phòng
56451,DTC,quan-tri-van-phong,X21,Điểm học bạ,2025,21.0,Quản trị văn phòng
56452,DTC,quan-tri-van-phong,X22,Điểm học bạ,2025,21.0,Quản trị văn phòng
56453,DTC,quan-tri-van-phong,X23,Điểm học bạ,2025,21.0,Quản trị văn phòng
56454,DTC,quan-tri-van-phong,X24,Điểm học bạ,2025,21.0,Quản trị văn phòng
56455,DTC,quan-tri-van-phong,X25,Điểm học bạ,2025,21.0,Quản trị văn phòng
56456,DTC,quan-tri-van-phong,A00,Điểm thi THPT,2025,19.5,Quản trị văn phòng
56457,DTC,quan-tri-van-phong,A01,Điểm thi THPT,2025,19.5,Quản trị văn phòng
56458,DTC,quan-tri-van-phong,A02,Điểm thi THPT,2025,19.5,Quản trị văn phòng
56459,DTC,quan-tri-van-phong,A03,Điểm thi THPT,2025,19.5,Quản trị văn phòng
56460,DTC,quan-tri-van-phong,A04,Điểm thi THPT,2025,19.5,Quản trị văn phòng
56461,DTC,quan-tri-van-phong,A05,Điểm thi THPT,2025,19.5,Quản trị văn phòng
56462,DTC,quan-tri-van-phong,A06,Điểm thi THPT,2025,19.5,Quản trị văn phòng
56463,DTC,quan-tri-van-phong,A07,Điểm thi THPT,2025,19.5,Quản trị văn phòng
56464,DTC,quan-tri-van-phong,A08,Điểm thi THPT,2025,19.5,Quản trị văn phòng
56465,DTC,quan-tri-van-phong,A09,Điểm thi THPT,2025,19.5,Quản trị văn phòng
56466,DTC,quan-tri-van-phong,A10,Điểm thi THPT,2025,19.5,Quản trị văn phòng
56467,DTC,quan-tri-van-phong,B00,Điểm thi THPT,2025,19.5,Quản trị văn phòng
56468,DTC,quan-tri-van-phong,B01,Điểm thi THPT,2025,19.5,Quản trị văn phòng
56469,DTC,quan-tri-van-phong,B02,Điểm thi THPT,2025,19.5,Quản trị văn phòng
56470,DTC,quan-tri-van-phong,B04,Điểm thi THPT,2025,19.5,Quản trị văn phòng
56471,DTC,quan-tri-van-phong,B08,Điểm thi THPT,2025,19.5,Quản trị văn phòng
56472,DTC,quan-tri-van-phong,C02,Điểm thi THPT,2025,19.5,Quản trị văn phòng
56473,DTC,quan-tri-van-phong,C03,Điểm thi THPT,2025,19.5,Quản trị văn phòng
56474,DTC,quan-tri-van-phong,C04,Điểm thi THPT,2025,19.5,Quản trị văn phòng
56475,DTC,quan-tri-van-phong,C14,Điểm thi THPT,2025,19.5,Quản trị văn phòng
56476,DTC,quan-tri-van-phong,D01,Điểm thi THPT,2025,19.5,Quản trị văn phòng
56477,DTC,quan-tri-van-phong,D07,Điểm thi THPT,2025,19.5,Quản trị văn phòng
56478,DTC,quan-tri-van-phong,D09,Điểm thi THPT,2025,19.5,Quản trị văn phòng
56479,DTC,quan-tri-van-phong,D10,Điểm thi THPT,2025,19.5,Quản trị văn phòng
56480,DTC,quan-tri-van-phong,D84,Điểm thi THPT,2025,19.5,Quản trị văn phòng
56481,DTC,quan-tri-van-phong,X01,Điểm thi THPT,2025,19.5,Quản trị văn phòng
56482,DTC,quan-tri-van-phong,X02,Điểm thi THPT,2025,19.5,Quản trị văn phòng
56483,DTC,quan-tri-van-phong,X03,Điểm thi THPT,2025,19.5,Quản trị văn phòng
56484,DTC,quan-tri-van-phong,X04,Điểm thi THPT,2025,19.5,Quản trị văn phòng
56485,DTC,quan-tri-van-phong,X05,Điểm thi THPT,2025,19.5,Quản trị văn phòng
56486,DTC,quan-tri-van-phong,X06,Điểm thi THPT,2025,19.5,Quản trị văn phòng
56487,DTC,quan-tri-van-phong,X07,Điểm thi THPT,2025,19.5,Quản trị văn phòng
56488,DTC,quan-tri-van-phong,X08,Điểm thi THPT,2025,19.5,Quản trị văn phòng
56489,DTC,quan-tri-van-phong,X09,Điểm thi THPT,2025,19.5,Quản trị văn phòng
56490,DTC,quan-tri-van-phong,X10,Điểm thi THPT,2025,19.5,Quản trị văn phòng
56491,DTC,quan-tri-van-phong,X12,Điểm thi THPT,2025,19.5,Quản trị văn phòng
56492,DTC,quan-tri-van-phong,X13,Điểm thi THPT,2025,19.5,Quản trị văn phòng
56493,DTC,quan-tri-van-phong,X14,Điểm thi THPT,2025,19.5,Quản trị văn phòng
56494,DTC,quan-tri-van-phong,X15,Điểm thi THPT,2025,19.5,Quản trị văn phòng
56495,DTC,quan-tri-van-phong,X16,Điểm thi THPT,2025,19.5,Quản trị văn phòng
56496,DTC,quan-tri-van-phong,X17,Điểm thi THPT,2025,19.5,Quản trị văn phòng
56497,DTC,quan-tri-van-phong,X18,Điểm thi THPT,2025,19.5,Quản trị văn phòng
56498,DTC,quan-tri-van-phong,X20,Điểm thi THPT,2025,19.5,Quản trị văn phòng
56499,DTC,quan-tri-van-phong,X21,Điểm thi THPT,2025,19.5,Quản trị văn phòng
56500,DTC,quan-tri-van-phong,X22,Điểm thi THPT,2025,19.5,Quản trị văn phòng
56501,DTC,quan-tri-van-phong,X23,Điểm thi THPT,2025,19.5,Quản trị văn phòng
56502,DTC,quan-tri-van-phong,X24,Điểm thi THPT,2025,19.5,Quản trị văn phòng
56503,DTC,quan-tri-van-phong,X25,Điểm thi THPT,2025,19.5,Quản trị văn phòng
56504,DTC,thiet-ke-do-hoa,A00,Điểm học bạ,2021,18.0,Thiết kế đồ họa
56505,DTC,thiet-ke-do-hoa,C01,Điểm học bạ,2021,18.0,Thiết kế đồ họa
56506,DTC,thiet-ke-do-hoa,C14,Điểm học bạ,2021,18.0,Thiết kế đồ họa
56507,DTC,thiet-ke-do-hoa,D01,Điểm học bạ,2021,18.0,Thiết kế đồ họa
56508,DTC,thiet-ke-do-hoa,A00,Điểm thi THPT,2021,18.0,Thiết kế đồ họa
56509,DTC,thiet-ke-do-hoa,C01,Điểm thi THPT,2021,18.0,Thiết kế đồ họa
56510,DTC,thiet-ke-do-hoa,C14,Điểm thi THPT,2021,18.0,Thiết kế đồ họa
56511,DTC,thiet-ke-do-hoa,D01,Điểm thi THPT,2021,18.0,Thiết kế đồ họa
56512,DTC,thiet-ke-do-hoa,A00,Điểm học bạ,2022,6.0,Thiết kế đồ họa
56513,DTC,thiet-ke-do-hoa,C01,Điểm học bạ,2022,6.0,Thiết kế đồ họa
56514,DTC,thiet-ke-do-hoa,C14,Điểm học bạ,2022,6.0,Thiết kế đồ họa
56515,DTC,thiet-ke-do-hoa,D01,Điểm học bạ,2022,6.0,Thiết kế đồ họa
56516,DTC,thiet-ke-do-hoa,A00,Điểm thi THPT,2022,18.0,Thiết kế đồ họa
56517,DTC,thiet-ke-do-hoa,C01,Điểm thi THPT,2022,18.0,Thiết kế đồ họa
56518,DTC,thiet-ke-do-hoa,C14,Điểm thi THPT,2022,18.0,Thiết kế đồ họa
56519,DTC,thiet-ke-do-hoa,D01,Điểm thi THPT,2022,18.0,Thiết kế đồ họa
56520,DTC,thiet-ke-do-hoa,A00,Điểm học bạ,2023,18.0,Thiết kế đồ họa
56521,DTC,thiet-ke-do-hoa,C01,Điểm học bạ,2023,18.0,Thiết kế đồ họa
56522,DTC,thiet-ke-do-hoa,C14,Điểm học bạ,2023,18.0,Thiết kế đồ họa
56523,DTC,thiet-ke-do-hoa,D01,Điểm học bạ,2023,18.0,Thiết kế đồ họa
56524,DTC,thiet-ke-do-hoa,A00,Điểm thi THPT,2023,16.5,Thiết kế đồ họa
56525,DTC,thiet-ke-do-hoa,C01,Điểm thi THPT,2023,16.5,Thiết kế đồ họa
56526,DTC,thiet-ke-do-hoa,C14,Điểm thi THPT,2023,16.5,Thiết kế đồ họa
56527,DTC,thiet-ke-do-hoa,D01,Điểm thi THPT,2023,16.5,Thiết kế đồ họa
56528,DTC,thiet-ke-do-hoa,A00,Điểm học bạ,2024,19.1,Thiết kế đồ họa
56529,DTC,thiet-ke-do-hoa,C01,Điểm học bạ,2024,19.1,Thiết kế đồ họa
56530,DTC,thiet-ke-do-hoa,C14,Điểm học bạ,2024,19.1,Thiết kế đồ họa
56531,DTC,thiet-ke-do-hoa,D01,Điểm học bạ,2024,19.1,Thiết kế đồ họa
56532,DTC,thiet-ke-do-hoa,A00,Điểm thi THPT,2024,20.6,Thiết kế đồ họa
56533,DTC,thiet-ke-do-hoa,C01,Điểm thi THPT,2024,20.6,Thiết kế đồ họa
56534,DTC,thiet-ke-do-hoa,C14,Điểm thi THPT,2024,20.6,Thiết kế đồ họa
56535,DTC,thiet-ke-do-hoa,D01,Điểm thi THPT,2024,20.6,Thiết kế đồ họa
56536,DTC,thiet-ke-do-hoa,A00,Điểm học bạ,2025,19.71,Thiết kế đồ họa
56537,DTC,thiet-ke-do-hoa,A01,Điểm học bạ,2025,19.71,Thiết kế đồ họa
56538,DTC,thiet-ke-do-hoa,A02,Điểm học bạ,2025,19.71,Thiết kế đồ họa
56539,DTC,thiet-ke-do-hoa,A03,Điểm học bạ,2025,19.71,Thiết kế đồ họa
56540,DTC,thiet-ke-do-hoa,A04,Điểm học bạ,2025,19.71,Thiết kế đồ họa
56541,DTC,thiet-ke-do-hoa,A05,Điểm học bạ,2025,19.71,Thiết kế đồ họa
56542,DTC,thiet-ke-do-hoa,A06,Điểm học bạ,2025,19.71,Thiết kế đồ họa
56543,DTC,thiet-ke-do-hoa,A07,Điểm học bạ,2025,19.71,Thiết kế đồ họa
56544,DTC,thiet-ke-do-hoa,A08,Điểm học bạ,2025,19.71,Thiết kế đồ họa
56545,DTC,thiet-ke-do-hoa,A09,Điểm học bạ,2025,19.71,Thiết kế đồ họa
56546,DTC,thiet-ke-do-hoa,A10,Điểm học bạ,2025,19.71,Thiết kế đồ họa
56547,DTC,thiet-ke-do-hoa,B00,Điểm học bạ,2025,19.71,Thiết kế đồ họa
56548,DTC,thiet-ke-do-hoa,B01,Điểm học bạ,2025,19.71,Thiết kế đồ họa
56549,DTC,thiet-ke-do-hoa,B02,Điểm học bạ,2025,19.71,Thiết kế đồ họa
56550,DTC,thiet-ke-do-hoa,B04,Điểm học bạ,2025,19.71,Thiết kế đồ họa
56551,DTC,thiet-ke-do-hoa,B08,Điểm học bạ,2025,19.71,Thiết kế đồ họa
56552,DTC,thiet-ke-do-hoa,C02,Điểm học bạ,2025,19.71,Thiết kế đồ họa
56553,DTC,thiet-ke-do-hoa,C03,Điểm học bạ,2025,19.71,Thiết kế đồ họa
56554,DTC,thiet-ke-do-hoa,C04,Điểm học bạ,2025,19.71,Thiết kế đồ họa
56555,DTC,thiet-ke-do-hoa,C14,Điểm học bạ,2025,19.71,Thiết kế đồ họa
56556,DTC,thiet-ke-do-hoa,D01,Điểm học bạ,2025,19.71,Thiết kế đồ họa
56557,DTC,thiet-ke-do-hoa,D07,Điểm học bạ,2025,19.71,Thiết kế đồ họa
56558,DTC,thiet-ke-do-hoa,D09,Điểm học bạ,2025,19.71,Thiết kế đồ họa
56559,DTC,thiet-ke-do-hoa,D10,Điểm học bạ,2025,19.71,Thiết kế đồ họa
56560,DTC,thiet-ke-do-hoa,D84,Điểm học bạ,2025,19.71,Thiết kế đồ họa
56561,DTC,thiet-ke-do-hoa,X01,Điểm học bạ,2025,19.71,Thiết kế đồ họa
56562,DTC,thiet-ke-do-hoa,X02,Điểm học bạ,2025,19.71,Thiết kế đồ họa
56563,DTC,thiet-ke-do-hoa,X03,Điểm học bạ,2025,19.71,Thiết kế đồ họa
56564,DTC,thiet-ke-do-hoa,X04,Điểm học bạ,2025,19.71,Thiết kế đồ họa
56565,DTC,thiet-ke-do-hoa,X05,Điểm học bạ,2025,19.71,Thiết kế đồ họa
56566,DTC,thiet-ke-do-hoa,X06,Điểm học bạ,2025,19.71,Thiết kế đồ họa
56567,DTC,thiet-ke-do-hoa,X07,Điểm học bạ,2025,19.71,Thiết kế đồ họa
56568,DTC,thiet-ke-do-hoa,X08,Điểm học bạ,2025,19.71,Thiết kế đồ họa
56569,DTC,thiet-ke-do-hoa,X09,Điểm học bạ,2025,19.71,Thiết kế đồ họa
56570,DTC,thiet-ke-do-hoa,X10,Điểm học bạ,2025,19.71,Thiết kế đồ họa
56571,DTC,thiet-ke-do-hoa,X12,Điểm học bạ,2025,19.71,Thiết kế đồ họa
56572,DTC,thiet-ke-do-hoa,X13,Điểm học bạ,2025,19.71,Thiết kế đồ họa
56573,DTC,thiet-ke-do-hoa,X14,Điểm học bạ,2025,19.71,Thiết kế đồ họa
56574,DTC,thiet-ke-do-hoa,X15,Điểm học bạ,2025,19.71,Thiết kế đồ họa
56575,DTC,thiet-ke-do-hoa,X16,Điểm học bạ,2025,19.71,Thiết kế đồ họa
56576,DTC,thiet-ke-do-hoa,X17,Điểm học bạ,2025,19.71,Thiết kế đồ họa
56577,DTC,thiet-ke-do-hoa,X18,Điểm học bạ,2025,19.71,Thiết kế đồ họa
56578,DTC,thiet-ke-do-hoa,X20,Điểm học bạ,2025,19.71,Thiết kế đồ họa
56579,DTC,thiet-ke-do-hoa,X21,Điểm học bạ,2025,19.71,Thiết kế đồ họa
56580,DTC,thiet-ke-do-hoa,X22,Điểm học bạ,2025,19.71,Thiết kế đồ họa
56581,DTC,thiet-ke-do-hoa,X23,Điểm học bạ,2025,19.71,Thiết kế đồ họa
56582,DTC,thiet-ke-do-hoa,X24,Điểm học bạ,2025,19.71,Thiết kế đồ họa
56583,DTC,thiet-ke-do-hoa,X25,Điểm học bạ,2025,19.71,Thiết kế đồ họa
56584,DTC,thiet-ke-do-hoa,A00,Điểm thi THPT,2025,18.0,Thiết kế đồ họa
56585,DTC,thiet-ke-do-hoa,A01,Điểm thi THPT,2025,18.0,Thiết kế đồ họa
56586,DTC,thiet-ke-do-hoa,A02,Điểm thi THPT,2025,18.0,Thiết kế đồ họa
56587,DTC,thiet-ke-do-hoa,A03,Điểm thi THPT,2025,18.0,Thiết kế đồ họa
56588,DTC,thiet-ke-do-hoa,A04,Điểm thi THPT,2025,18.0,Thiết kế đồ họa
56589,DTC,thiet-ke-do-hoa,A05,Điểm thi THPT,2025,18.0,Thiết kế đồ họa
56590,DTC,thiet-ke-do-hoa,A06,Điểm thi THPT,2025,18.0,Thiết kế đồ họa
56591,DTC,thiet-ke-do-hoa,A07,Điểm thi THPT,2025,18.0,Thiết kế đồ họa
56592,DTC,thiet-ke-do-hoa,A08,Điểm thi THPT,2025,18.0,Thiết kế đồ họa
56593,DTC,thiet-ke-do-hoa,A09,Điểm thi THPT,2025,18.0,Thiết kế đồ họa
56594,DTC,thiet-ke-do-hoa,A10,Điểm thi THPT,2025,18.0,Thiết kế đồ họa
56595,DTC,thiet-ke-do-hoa,B00,Điểm thi THPT,2025,18.0,Thiết kế đồ họa
56596,DTC,thiet-ke-do-hoa,B01,Điểm thi THPT,2025,18.0,Thiết kế đồ họa
56597,DTC,thiet-ke-do-hoa,B02,Điểm thi THPT,2025,18.0,Thiết kế đồ họa
56598,DTC,thiet-ke-do-hoa,B04,Điểm thi THPT,2025,18.0,Thiết kế đồ họa
56599,DTC,thiet-ke-do-hoa,B08,Điểm thi THPT,2025,18.0,Thiết kế đồ họa
56600,DTC,thiet-ke-do-hoa,C02,Điểm thi THPT,2025,18.0,Thiết kế đồ họa
56601,DTC,thiet-ke-do-hoa,C03,Điểm thi THPT,2025,18.0,Thiết kế đồ họa
56602,DTC,thiet-ke-do-hoa,C04,Điểm thi THPT,2025,18.0,Thiết kế đồ họa
56603,DTC,thiet-ke-do-hoa,C14,Điểm thi THPT,2025,18.0,Thiết kế đồ họa
56604,DTC,thiet-ke-do-hoa,D01,Điểm thi THPT,2025,18.0,Thiết kế đồ họa
56605,DTC,thiet-ke-do-hoa,D07,Điểm thi THPT,2025,18.0,Thiết kế đồ họa
56606,DTC,thiet-ke-do-hoa,D09,Điểm thi THPT,2025,18.0,Thiết kế đồ họa
56607,DTC,thiet-ke-do-hoa,D10,Điểm thi THPT,2025,18.0,Thiết kế đồ họa
56608,DTC,thiet-ke-do-hoa,D84,Điểm thi THPT,2025,18.0,Thiết kế đồ họa
56609,DTC,thiet-ke-do-hoa,X01,Điểm thi THPT,2025,18.0,Thiết kế đồ họa
56610,DTC,thiet-ke-do-hoa,X02,Điểm thi THPT,2025,18.0,Thiết kế đồ họa
56611,DTC,thiet-ke-do-hoa,X03,Điểm thi THPT,2025,18.0,Thiết kế đồ họa
56612,DTC,thiet-ke-do-hoa,X04,Điểm thi THPT,2025,18.0,Thiết kế đồ họa
56613,DTC,thiet-ke-do-hoa,X05,Điểm thi THPT,2025,18.0,Thiết kế đồ họa
56614,DTC,thiet-ke-do-hoa,X06,Điểm thi THPT,2025,18.0,Thiết kế đồ họa
56615,DTC,thiet-ke-do-hoa,X07,Điểm thi THPT,2025,18.0,Thiết kế đồ họa
56616,DTC,thiet-ke-do-hoa,X08,Điểm thi THPT,2025,18.0,Thiết kế đồ họa
56617,DTC,thiet-ke-do-hoa,X09,Điểm thi THPT,2025,18.0,Thiết kế đồ họa
56618,DTC,thiet-ke-do-hoa,X10,Điểm thi THPT,2025,18.0,Thiết kế đồ họa
56619,DTC,thiet-ke-do-hoa,X12,Điểm thi THPT,2025,18.0,Thiết kế đồ họa
56620,DTC,thiet-ke-do-hoa,X13,Điểm thi THPT,2025,18.0,Thiết kế đồ họa
56621,DTC,thiet-ke-do-hoa,X14,Điểm thi THPT,2025,18.0,Thiết kế đồ họa
56622,DTC,thiet-ke-do-hoa,X15,Điểm thi THPT,2025,18.0,Thiết kế đồ họa
56623,DTC,thiet-ke-do-hoa,X16,Điểm thi THPT,2025,18.0,Thiết kế đồ họa
56624,DTC,thiet-ke-do-hoa,X17,Điểm thi THPT,2025,18.0,Thiết kế đồ họa
56625,DTC,thiet-ke-do-hoa,X18,Điểm thi THPT,2025,18.0,Thiết kế đồ họa
56626,DTC,thiet-ke-do-hoa,X20,Điểm thi THPT,2025,18.0,Thiết kế đồ họa
56627,DTC,thiet-ke-do-hoa,X21,Điểm thi THPT,2025,18.0,Thiết kế đồ họa
56628,DTC,thiet-ke-do-hoa,X22,Điểm thi THPT,2025,18.0,Thiết kế đồ họa
56629,DTC,thiet-ke-do-hoa,X23,Điểm thi THPT,2025,18.0,Thiết kế đồ họa
56630,DTC,thiet-ke-do-hoa,X24,Điểm thi THPT,2025,18.0,Thiết kế đồ họa
56631,DTC,thiet-ke-do-hoa,X25,Điểm thi THPT,2025,18.0,Thiết kế đồ họa
56632,DTC,thuong-mai-dien-tu,A00,Điểm học bạ,2021,18.0,Thương mại điện tử
56633,DTC,thuong-mai-dien-tu,C01,Điểm học bạ,2021,18.0,Thương mại điện tử
56634,DTC,thuong-mai-dien-tu,C14,Điểm học bạ,2021,18.0,Thương mại điện tử
56635,DTC,thuong-mai-dien-tu,D01,Điểm học bạ,2021,18.0,Thương mại điện tử
56636,DTC,thuong-mai-dien-tu,A00,Điểm thi THPT,2021,17.0,Thương mại điện tử
56637,DTC,thuong-mai-dien-tu,C01,Điểm thi THPT,2021,17.0,Thương mại điện tử
56638,DTC,thuong-mai-dien-tu,C14,Điểm thi THPT,2021,17.0,Thương mại điện tử
56639,DTC,thuong-mai-dien-tu,D01,Điểm thi THPT,2021,17.0,Thương mại điện tử
56640,DTC,thuong-mai-dien-tu,A00,Điểm học bạ,2022,6.0,Thương mại điện tử
56641,DTC,thuong-mai-dien-tu,C01,Điểm học bạ,2022,6.0,Thương mại điện tử
56642,DTC,thuong-mai-dien-tu,C14,Điểm học bạ,2022,6.0,Thương mại điện tử
56643,DTC,thuong-mai-dien-tu,D01,Điểm học bạ,2022,6.0,Thương mại điện tử
56644,DTC,thuong-mai-dien-tu,A00,Điểm thi THPT,2022,16.0,Thương mại điện tử
56645,DTC,thuong-mai-dien-tu,C01,Điểm thi THPT,2022,16.0,Thương mại điện tử
56646,DTC,thuong-mai-dien-tu,C14,Điểm thi THPT,2022,16.0,Thương mại điện tử
56647,DTC,thuong-mai-dien-tu,D01,Điểm thi THPT,2022,16.0,Thương mại điện tử
56648,DTC,thuong-mai-dien-tu,A00,Điểm học bạ,2023,18.5,Thương mại điện tử
56649,DTC,thuong-mai-dien-tu,C01,Điểm học bạ,2023,18.5,Thương mại điện tử
56650,DTC,thuong-mai-dien-tu,C14,Điểm học bạ,2023,18.5,Thương mại điện tử
56651,DTC,thuong-mai-dien-tu,D01,Điểm học bạ,2023,18.5,Thương mại điện tử
56652,DTC,thuong-mai-dien-tu,A00,Điểm thi THPT,2023,17.0,Thương mại điện tử
56653,DTC,thuong-mai-dien-tu,C01,Điểm thi THPT,2023,17.0,Thương mại điện tử
56654,DTC,thuong-mai-dien-tu,C14,Điểm thi THPT,2023,17.0,Thương mại điện tử
56655,DTC,thuong-mai-dien-tu,D01,Điểm thi THPT,2023,17.0,Thương mại điện tử
56656,DTC,thuong-mai-dien-tu,A00,Điểm học bạ,2024,19.2,Thương mại điện tử
56657,DTC,thuong-mai-dien-tu,C01,Điểm học bạ,2024,19.2,Thương mại điện tử
56658,DTC,thuong-mai-dien-tu,C14,Điểm học bạ,2024,19.2,Thương mại điện tử
56659,DTC,thuong-mai-dien-tu,D01,Điểm học bạ,2024,19.2,Thương mại điện tử
56660,DTC,thuong-mai-dien-tu,A00,Điểm thi THPT,2024,21.7,Thương mại điện tử
56661,DTC,thuong-mai-dien-tu,C01,Điểm thi THPT,2024,21.7,Thương mại điện tử
56662,DTC,thuong-mai-dien-tu,C14,Điểm thi THPT,2024,21.7,Thương mại điện tử
56663,DTC,thuong-mai-dien-tu,D01,Điểm thi THPT,2024,21.7,Thương mại điện tử
56664,DTC,thuong-mai-dien-tu,A00,Điểm học bạ,2025,18.0,Thương mại điện tử
56665,DTC,thuong-mai-dien-tu,A01,Điểm học bạ,2025,18.0,Thương mại điện tử
56666,DTC,thuong-mai-dien-tu,A02,Điểm học bạ,2025,18.0,Thương mại điện tử
56667,DTC,thuong-mai-dien-tu,A03,Điểm học bạ,2025,18.0,Thương mại điện tử
56668,DTC,thuong-mai-dien-tu,A04,Điểm học bạ,2025,18.0,Thương mại điện tử
56669,DTC,thuong-mai-dien-tu,A05,Điểm học bạ,2025,18.0,Thương mại điện tử
56670,DTC,thuong-mai-dien-tu,A06,Điểm học bạ,2025,18.0,Thương mại điện tử
56671,DTC,thuong-mai-dien-tu,A07,Điểm học bạ,2025,18.0,Thương mại điện tử
56672,DTC,thuong-mai-dien-tu,A08,Điểm học bạ,2025,18.0,Thương mại điện tử
56673,DTC,thuong-mai-dien-tu,A09,Điểm học bạ,2025,18.0,Thương mại điện tử
56674,DTC,thuong-mai-dien-tu,A10,Điểm học bạ,2025,18.0,Thương mại điện tử
56675,DTC,thuong-mai-dien-tu,B00,Điểm học bạ,2025,18.0,Thương mại điện tử
56676,DTC,thuong-mai-dien-tu,B01,Điểm học bạ,2025,18.0,Thương mại điện tử
56677,DTC,thuong-mai-dien-tu,B02,Điểm học bạ,2025,18.0,Thương mại điện tử
56678,DTC,thuong-mai-dien-tu,B04,Điểm học bạ,2025,18.0,Thương mại điện tử
56679,DTC,thuong-mai-dien-tu,B08,Điểm học bạ,2025,18.0,Thương mại điện tử
56680,DTC,thuong-mai-dien-tu,C02,Điểm học bạ,2025,18.0,Thương mại điện tử
56681,DTC,thuong-mai-dien-tu,C03,Điểm học bạ,2025,18.0,Thương mại điện tử
56682,DTC,thuong-mai-dien-tu,C04,Điểm học bạ,2025,18.0,Thương mại điện tử
56683,DTC,thuong-mai-dien-tu,C14,Điểm học bạ,2025,18.0,Thương mại điện tử
56684,DTC,thuong-mai-dien-tu,D01,Điểm học bạ,2025,18.0,Thương mại điện tử
56685,DTC,thuong-mai-dien-tu,D07,Điểm học bạ,2025,18.0,Thương mại điện tử
56686,DTC,thuong-mai-dien-tu,D09,Điểm học bạ,2025,18.0,Thương mại điện tử
56687,DTC,thuong-mai-dien-tu,D10,Điểm học bạ,2025,18.0,Thương mại điện tử
56688,DTC,thuong-mai-dien-tu,D84,Điểm học bạ,2025,18.0,Thương mại điện tử
56689,DTC,thuong-mai-dien-tu,X01,Điểm học bạ,2025,18.0,Thương mại điện tử
56690,DTC,thuong-mai-dien-tu,X02,Điểm học bạ,2025,18.0,Thương mại điện tử
56691,DTC,thuong-mai-dien-tu,X03,Điểm học bạ,2025,18.0,Thương mại điện tử
56692,DTC,thuong-mai-dien-tu,X04,Điểm học bạ,2025,18.0,Thương mại điện tử
56693,DTC,thuong-mai-dien-tu,X05,Điểm học bạ,2025,18.0,Thương mại điện tử
56694,DTC,thuong-mai-dien-tu,X06,Điểm học bạ,2025,18.0,Thương mại điện tử
56695,DTC,thuong-mai-dien-tu,X07,Điểm học bạ,2025,18.0,Thương mại điện tử
56696,DTC,thuong-mai-dien-tu,X08,Điểm học bạ,2025,18.0,Thương mại điện tử
56697,DTC,thuong-mai-dien-tu,X09,Điểm học bạ,2025,18.0,Thương mại điện tử
56698,DTC,thuong-mai-dien-tu,X10,Điểm học bạ,2025,18.0,Thương mại điện tử
56699,DTC,thuong-mai-dien-tu,X12,Điểm học bạ,2025,18.0,Thương mại điện tử
56700,DTC,thuong-mai-dien-tu,X13,Điểm học bạ,2025,18.0,Thương mại điện tử
56701,DTC,thuong-mai-dien-tu,X14,Điểm học bạ,2025,18.0,Thương mại điện tử
56702,DTC,thuong-mai-dien-tu,X15,Điểm học bạ,2025,18.0,Thương mại điện tử
56703,DTC,thuong-mai-dien-tu,X16,Điểm học bạ,2025,18.0,Thương mại điện tử
56704,DTC,thuong-mai-dien-tu,X17,Điểm học bạ,2025,18.0,Thương mại điện tử
56705,DTC,thuong-mai-dien-tu,X18,Điểm học bạ,2025,18.0,Thương mại điện tử
56706,DTC,thuong-mai-dien-tu,X20,Điểm học bạ,2025,18.0,Thương mại điện tử
56707,DTC,thuong-mai-dien-tu,X21,Điểm học bạ,2025,18.0,Thương mại điện tử
56708,DTC,thuong-mai-dien-tu,X22,Điểm học bạ,2025,18.0,Thương mại điện tử
56709,DTC,thuong-mai-dien-tu,X23,Điểm học bạ,2025,18.0,Thương mại điện tử
56710,DTC,thuong-mai-dien-tu,X24,Điểm học bạ,2025,18.0,Thương mại điện tử
56711,DTC,thuong-mai-dien-tu,X25,Điểm học bạ,2025,18.0,Thương mại điện tử
56712,DTC,thuong-mai-dien-tu,A00,Điểm thi THPT,2025,18.0,Thương mại điện tử
56713,DTC,thuong-mai-dien-tu,A01,Điểm thi THPT,2025,18.0,Thương mại điện tử
56714,DTC,thuong-mai-dien-tu,A02,Điểm thi THPT,2025,18.0,Thương mại điện tử
56715,DTC,thuong-mai-dien-tu,A03,Điểm thi THPT,2025,18.0,Thương mại điện tử
56716,DTC,thuong-mai-dien-tu,A04,Điểm thi THPT,2025,18.0,Thương mại điện tử
56717,DTC,thuong-mai-dien-tu,A05,Điểm thi THPT,2025,18.0,Thương mại điện tử
56718,DTC,thuong-mai-dien-tu,A06,Điểm thi THPT,2025,18.0,Thương mại điện tử
56719,DTC,thuong-mai-dien-tu,A07,Điểm thi THPT,2025,18.0,Thương mại điện tử
56720,DTC,thuong-mai-dien-tu,A08,Điểm thi THPT,2025,18.0,Thương mại điện tử
56721,DTC,thuong-mai-dien-tu,A09,Điểm thi THPT,2025,18.0,Thương mại điện tử
56722,DTC,thuong-mai-dien-tu,A10,Điểm thi THPT,2025,18.0,Thương mại điện tử
56723,DTC,thuong-mai-dien-tu,B00,Điểm thi THPT,2025,18.0,Thương mại điện tử
56724,DTC,thuong-mai-dien-tu,B01,Điểm thi THPT,2025,18.0,Thương mại điện tử
56725,DTC,thuong-mai-dien-tu,B02,Điểm thi THPT,2025,18.0,Thương mại điện tử
56726,DTC,thuong-mai-dien-tu,B04,Điểm thi THPT,2025,18.0,Thương mại điện tử
56727,DTC,thuong-mai-dien-tu,B08,Điểm thi THPT,2025,18.0,Thương mại điện tử
56728,DTC,thuong-mai-dien-tu,C02,Điểm thi THPT,2025,18.0,Thương mại điện tử
56729,DTC,thuong-mai-dien-tu,C03,Điểm thi THPT,2025,18.0,Thương mại điện tử
56730,DTC,thuong-mai-dien-tu,C04,Điểm thi THPT,2025,18.0,Thương mại điện tử
56731,DTC,thuong-mai-dien-tu,C14,Điểm thi THPT,2025,18.0,Thương mại điện tử
56732,DTC,thuong-mai-dien-tu,D01,Điểm thi THPT,2025,18.0,Thương mại điện tử
56733,DTC,thuong-mai-dien-tu,D07,Điểm thi THPT,2025,18.0,Thương mại điện tử
56734,DTC,thuong-mai-dien-tu,D09,Điểm thi THPT,2025,18.0,Thương mại điện tử
56735,DTC,thuong-mai-dien-tu,D10,Điểm thi THPT,2025,18.0,Thương mại điện tử
56736,DTC,thuong-mai-dien-tu,D84,Điểm thi THPT,2025,18.0,Thương mại điện tử
56737,DTC,thuong-mai-dien-tu,X01,Điểm thi THPT,2025,18.0,Thương mại điện tử
56738,DTC,thuong-mai-dien-tu,X02,Điểm thi THPT,2025,18.0,Thương mại điện tử
56739,DTC,thuong-mai-dien-tu,X03,Điểm thi THPT,2025,18.0,Thương mại điện tử
56740,DTC,thuong-mai-dien-tu,X04,Điểm thi THPT,2025,18.0,Thương mại điện tử
56741,DTC,thuong-mai-dien-tu,X05,Điểm thi THPT,2025,18.0,Thương mại điện tử
56742,DTC,thuong-mai-dien-tu,X06,Điểm thi THPT,2025,18.0,Thương mại điện tử
56743,DTC,thuong-mai-dien-tu,X07,Điểm thi THPT,2025,18.0,Thương mại điện tử
56744,DTC,thuong-mai-dien-tu,X08,Điểm thi THPT,2025,18.0,Thương mại điện tử
56745,DTC,thuong-mai-dien-tu,X09,Điểm thi THPT,2025,18.0,Thương mại điện tử
56746,DTC,thuong-mai-dien-tu,X10,Điểm thi THPT,2025,18.0,Thương mại điện tử
56747,DTC,thuong-mai-dien-tu,X12,Điểm thi THPT,2025,18.0,Thương mại điện tử
56748,DTC,thuong-mai-dien-tu,X13,Điểm thi THPT,2025,18.0,Thương mại điện tử
56749,DTC,thuong-mai-dien-tu,X14,Điểm thi THPT,2025,18.0,Thương mại điện tử
56750,DTC,thuong-mai-dien-tu,X15,Điểm thi THPT,2025,18.0,Thương mại điện tử
56751,DTC,thuong-mai-dien-tu,X16,Điểm thi THPT,2025,18.0,Thương mại điện tử
56752,DTC,thuong-mai-dien-tu,X17,Điểm thi THPT,2025,18.0,Thương mại điện tử
56753,DTC,thuong-mai-dien-tu,X18,Điểm thi THPT,2025,18.0,Thương mại điện tử
56754,DTC,thuong-mai-dien-tu,X20,Điểm thi THPT,2025,18.0,Thương mại điện tử
56755,DTC,thuong-mai-dien-tu,X21,Điểm thi THPT,2025,18.0,Thương mại điện tử
56756,DTC,thuong-mai-dien-tu,X22,Điểm thi THPT,2025,18.0,Thương mại điện tử
56757,DTC,thuong-mai-dien-tu,X23,Điểm thi THPT,2025,18.0,Thương mại điện tử
56758,DTC,thuong-mai-dien-tu,X24,Điểm thi THPT,2025,18.0,Thương mại điện tử
56759,DTC,thuong-mai-dien-tu,X25,Điểm thi THPT,2025,18.0,Thương mại điện tử
56760,DTC,tieng-anh-truyen-thong,A01,Điểm học bạ,2025,22.0,Tiếng Anh truyền thông
56761,DTC,tieng-anh-truyen-thong,B08,Điểm học bạ,2025,22.0,Tiếng Anh truyền thông
56762,DTC,tieng-anh-truyen-thong,D01,Điểm học bạ,2025,22.0,Tiếng Anh truyền thông
56763,DTC,tieng-anh-truyen-thong,D07,Điểm học bạ,2025,22.0,Tiếng Anh truyền thông
56764,DTC,tieng-anh-truyen-thong,D09,Điểm học bạ,2025,22.0,Tiếng Anh truyền thông
56765,DTC,tieng-anh-truyen-thong,D10,Điểm học bạ,2025,22.0,Tiếng Anh truyền thông
56766,DTC,tieng-anh-truyen-thong,D84,Điểm học bạ,2025,22.0,Tiếng Anh truyền thông
56767,DTC,tieng-anh-truyen-thong,X25,Điểm học bạ,2025,22.0,Tiếng Anh truyền thông
56768,DTC,tieng-anh-truyen-thong,X26,Điểm học bạ,2025,22.0,Tiếng Anh truyền thông
56769,DTC,tieng-anh-truyen-thong,X27,Điểm học bạ,2025,22.0,Tiếng Anh truyền thông
56770,DTC,tieng-anh-truyen-thong,X28,Điểm học bạ,2025,22.0,Tiếng Anh truyền thông
56771,DTC,tieng-anh-truyen-thong,A01,Điểm thi THPT,2025,22.0,Tiếng Anh truyền thông
56772,DTC,tieng-anh-truyen-thong,B08,Điểm thi THPT,2025,22.0,Tiếng Anh truyền thông
56773,DTC,tieng-anh-truyen-thong,D01,Điểm thi THPT,2025,22.0,Tiếng Anh truyền thông
56774,DTC,tieng-anh-truyen-thong,D07,Điểm thi THPT,2025,22.0,Tiếng Anh truyền thông
56775,DTC,tieng-anh-truyen-thong,D09,Điểm thi THPT,2025,22.0,Tiếng Anh truyền thông
56776,DTC,tieng-anh-truyen-thong,D10,Điểm thi THPT,2025,22.0,Tiếng Anh truyền thông
56777,DTC,tieng-anh-truyen-thong,D84,Điểm thi THPT,2025,22.0,Tiếng Anh truyền thông
56778,DTC,tieng-anh-truyen-thong,X25,Điểm thi THPT,2025,22.0,Tiếng Anh truyền thông
56779,DTC,tieng-anh-truyen-thong,X26,Điểm thi THPT,2025,22.0,Tiếng Anh truyền thông
56780,DTC,tieng-anh-truyen-thong,X27,Điểm thi THPT,2025,22.0,Tiếng Anh truyền thông
56781,DTC,tieng-anh-truyen-thong,X28,Điểm thi THPT,2025,22.0,Tiếng Anh truyền thông
56782,DTC,tin-hoc-kinh-te,A00,Điểm học bạ,2023,20.0,Tin học kinh tế
56783,DTC,tin-hoc-kinh-te,C01,Điểm học bạ,2023,20.0,Tin học kinh tế
56784,DTC,tin-hoc-kinh-te,C14,Điểm học bạ,2023,20.0,Tin học kinh tế
56785,DTC,tin-hoc-kinh-te,D01,Điểm học bạ,2023,20.0,Tin học kinh tế
56786,DTC,tin-hoc-kinh-te,A00,Điểm thi THPT,2023,18.5,Tin học kinh tế
56787,DTC,tin-hoc-kinh-te,C01,Điểm thi THPT,2023,18.5,Tin học kinh tế
56788,DTC,tin-hoc-kinh-te,C14,Điểm thi THPT,2023,18.5,Tin học kinh tế
56789,DTC,tin-hoc-kinh-te,D01,Điểm thi THPT,2023,18.5,Tin học kinh tế
56790,DTC,tri-tue-nhan-tao-va-du-lieu-lon,A00,Điểm học bạ,2021,18.0,Trí tuệ nhân tạo và Dữ liệu lớn
56791,DTC,tri-tue-nhan-tao-va-du-lieu-lon,C01,Điểm học bạ,2021,18.0,Trí tuệ nhân tạo và Dữ liệu lớn
56792,DTC,tri-tue-nhan-tao-va-du-lieu-lon,C14,Điểm học bạ,2021,18.0,Trí tuệ nhân tạo và Dữ liệu lớn
56793,DTC,tri-tue-nhan-tao-va-du-lieu-lon,D01,Điểm học bạ,2021,18.0,Trí tuệ nhân tạo và Dữ liệu lớn
56794,DTC,tri-tue-nhan-tao-va-du-lieu-lon,A00,Điểm thi THPT,2021,18.0,Trí tuệ nhân tạo và Dữ liệu lớn
56795,DTC,tri-tue-nhan-tao-va-du-lieu-lon,C01,Điểm thi THPT,2021,18.0,Trí tuệ nhân tạo và Dữ liệu lớn
56796,DTC,tri-tue-nhan-tao-va-du-lieu-lon,C14,Điểm thi THPT,2021,18.0,Trí tuệ nhân tạo và Dữ liệu lớn
56797,DTC,tri-tue-nhan-tao-va-du-lieu-lon,D01,Điểm thi THPT,2021,18.0,Trí tuệ nhân tạo và Dữ liệu lớn
56798,DTC,tri-tue-nhan-tao-va-du-lieu-lon,A00,Điểm học bạ,2022,6.0,Trí tuệ nhân tạo và Dữ liệu lớn
56799,DTC,tri-tue-nhan-tao-va-du-lieu-lon,C01,Điểm học bạ,2022,6.0,Trí tuệ nhân tạo và Dữ liệu lớn
56800,DTC,tri-tue-nhan-tao-va-du-lieu-lon,C14,Điểm học bạ,2022,6.0,Trí tuệ nhân tạo và Dữ liệu lớn
56801,DTC,tri-tue-nhan-tao-va-du-lieu-lon,D01,Điểm học bạ,2022,6.0,Trí tuệ nhân tạo và Dữ liệu lớn
56802,DTC,tri-tue-nhan-tao-va-du-lieu-lon,A00,Điểm thi THPT,2022,18.0,Trí tuệ nhân tạo và Dữ liệu lớn
56803,DTC,tri-tue-nhan-tao-va-du-lieu-lon,C01,Điểm thi THPT,2022,18.0,Trí tuệ nhân tạo và Dữ liệu lớn
56804,DTC,tri-tue-nhan-tao-va-du-lieu-lon,C14,Điểm thi THPT,2022,18.0,Trí tuệ nhân tạo và Dữ liệu lớn
56805,DTC,tri-tue-nhan-tao-va-du-lieu-lon,D01,Điểm thi THPT,2022,18.0,Trí tuệ nhân tạo và Dữ liệu lớn
56806,DTC,truyen-thong-da-phuong-tien,A00,Điểm học bạ,2021,18.0,Truyền thông đa phương tiện
56807,DTC,truyen-thong-da-phuong-tien,C01,Điểm học bạ,2021,18.0,Truyền thông đa phương tiện
56808,DTC,truyen-thong-da-phuong-tien,C14,Điểm học bạ,2021,18.0,Truyền thông đa phương tiện
56809,DTC,truyen-thong-da-phuong-tien,D01,Điểm học bạ,2021,18.0,Truyền thông đa phương tiện
56810,DTC,truyen-thong-da-phuong-tien,A00,Điểm thi THPT,2021,16.0,Truyền thông đa phương tiện
56811,DTC,truyen-thong-da-phuong-tien,C01,Điểm thi THPT,2021,16.0,Truyền thông đa phương tiện
56812,DTC,truyen-thong-da-phuong-tien,C14,Điểm thi THPT,2021,16.0,Truyền thông đa phương tiện
56813,DTC,truyen-thong-da-phuong-tien,D01,Điểm thi THPT,2021,16.0,Truyền thông đa phương tiện
56814,DTC,truyen-thong-da-phuong-tien,A00,Điểm học bạ,2022,6.0,Truyền thông đa phương tiện
56815,DTC,truyen-thong-da-phuong-tien,C01,Điểm học bạ,2022,6.0,Truyền thông đa phương tiện
56816,DTC,truyen-thong-da-phuong-tien,C14,Điểm học bạ,2022,6.0,Truyền thông đa phương tiện
56817,DTC,truyen-thong-da-phuong-tien,D01,Điểm học bạ,2022,6.0,Truyền thông đa phương tiện
56818,DTC,truyen-thong-da-phuong-tien,A00,Điểm thi THPT,2022,16.0,Truyền thông đa phương tiện
56819,DTC,truyen-thong-da-phuong-tien,C01,Điểm thi THPT,2022,16.0,Truyền thông đa phương tiện
56820,DTC,truyen-thong-da-phuong-tien,C14,Điểm thi THPT,2022,16.0,Truyền thông đa phương tiện
56821,DTC,truyen-thong-da-phuong-tien,D01,Điểm thi THPT,2022,16.0,Truyền thông đa phương tiện
56822,DTC,truyen-thong-da-phuong-tien,A00,Điểm học bạ,2023,18.5,Truyền thông đa phương tiện
56823,DTC,truyen-thong-da-phuong-tien,C01,Điểm học bạ,2023,18.5,Truyền thông đa phương tiện
56824,DTC,truyen-thong-da-phuong-tien,C14,Điểm học bạ,2023,18.5,Truyền thông đa phương tiện
56825,DTC,truyen-thong-da-phuong-tien,D01,Điểm học bạ,2023,18.5,Truyền thông đa phương tiện
56826,DTC,truyen-thong-da-phuong-tien,A00,Điểm thi THPT,2023,16.0,Truyền thông đa phương tiện
56827,DTC,truyen-thong-da-phuong-tien,C01,Điểm thi THPT,2023,16.0,Truyền thông đa phương tiện
56828,DTC,truyen-thong-da-phuong-tien,C14,Điểm thi THPT,2023,16.0,Truyền thông đa phương tiện
56829,DTC,truyen-thong-da-phuong-tien,D01,Điểm thi THPT,2023,16.0,Truyền thông đa phương tiện
56830,DTC,truyen-thong-da-phuong-tien,A00,Điểm học bạ,2024,18.0,Truyền thông đa phương tiện
56831,DTC,truyen-thong-da-phuong-tien,C01,Điểm học bạ,2024,18.0,Truyền thông đa phương tiện
56832,DTC,truyen-thong-da-phuong-tien,C14,Điểm học bạ,2024,18.0,Truyền thông đa phương tiện
56833,DTC,truyen-thong-da-phuong-tien,D01,Điểm học bạ,2024,18.0,Truyền thông đa phương tiện
56834,DTC,truyen-thong-da-phuong-tien,A00,Điểm thi THPT,2024,21.7,Truyền thông đa phương tiện
56835,DTC,truyen-thong-da-phuong-tien,C01,Điểm thi THPT,2024,21.7,Truyền thông đa phương tiện
56836,DTC,truyen-thong-da-phuong-tien,C14,Điểm thi THPT,2024,21.7,Truyền thông đa phương tiện
56837,DTC,truyen-thong-da-phuong-tien,D01,Điểm thi THPT,2024,21.7,Truyền thông đa phương tiện
56838,DTC,truyen-thong-da-phuong-tien,A00,Điểm học bạ,2025,18.0,Truyền thông đa phương tiện
56839,DTC,truyen-thong-da-phuong-tien,A01,Điểm học bạ,2025,18.0,Truyền thông đa phương tiện
56840,DTC,truyen-thong-da-phuong-tien,A02,Điểm học bạ,2025,18.0,Truyền thông đa phương tiện
56841,DTC,truyen-thong-da-phuong-tien,A03,Điểm học bạ,2025,18.0,Truyền thông đa phương tiện
56842,DTC,truyen-thong-da-phuong-tien,A04,Điểm học bạ,2025,18.0,Truyền thông đa phương tiện
56843,DTC,truyen-thong-da-phuong-tien,A05,Điểm học bạ,2025,18.0,Truyền thông đa phương tiện
56844,DTC,truyen-thong-da-phuong-tien,A06,Điểm học bạ,2025,18.0,Truyền thông đa phương tiện
56845,DTC,truyen-thong-da-phuong-tien,A07,Điểm học bạ,2025,18.0,Truyền thông đa phương tiện
56846,DTC,truyen-thong-da-phuong-tien,A08,Điểm học bạ,2025,18.0,Truyền thông đa phương tiện
56847,DTC,truyen-thong-da-phuong-tien,A09,Điểm học bạ,2025,18.0,Truyền thông đa phương tiện
56848,DTC,truyen-thong-da-phuong-tien,A10,Điểm học bạ,2025,18.0,Truyền thông đa phương tiện
56849,DTC,truyen-thong-da-phuong-tien,B00,Điểm học bạ,2025,18.0,Truyền thông đa phương tiện
56850,DTC,truyen-thong-da-phuong-tien,B01,Điểm học bạ,2025,18.0,Truyền thông đa phương tiện
56851,DTC,truyen-thong-da-phuong-tien,B02,Điểm học bạ,2025,18.0,Truyền thông đa phương tiện
56852,DTC,truyen-thong-da-phuong-tien,B04,Điểm học bạ,2025,18.0,Truyền thông đa phương tiện
56853,DTC,truyen-thong-da-phuong-tien,B08,Điểm học bạ,2025,18.0,Truyền thông đa phương tiện
56854,DTC,truyen-thong-da-phuong-tien,C02,Điểm học bạ,2025,18.0,Truyền thông đa phương tiện
56855,DTC,truyen-thong-da-phuong-tien,C03,Điểm học bạ,2025,18.0,Truyền thông đa phương tiện
56856,DTC,truyen-thong-da-phuong-tien,C04,Điểm học bạ,2025,18.0,Truyền thông đa phương tiện
56857,DTC,truyen-thong-da-phuong-tien,C14,Điểm học bạ,2025,18.0,Truyền thông đa phương tiện
56858,DTC,truyen-thong-da-phuong-tien,D01,Điểm học bạ,2025,18.0,Truyền thông đa phương tiện
56859,DTC,truyen-thong-da-phuong-tien,D07,Điểm học bạ,2025,18.0,Truyền thông đa phương tiện
56860,DTC,truyen-thong-da-phuong-tien,D09,Điểm học bạ,2025,18.0,Truyền thông đa phương tiện
56861,DTC,truyen-thong-da-phuong-tien,D10,Điểm học bạ,2025,18.0,Truyền thông đa phương tiện
56862,DTC,truyen-thong-da-phuong-tien,D84,Điểm học bạ,2025,18.0,Truyền thông đa phương tiện
56863,DTC,truyen-thong-da-phuong-tien,X01,Điểm học bạ,2025,18.0,Truyền thông đa phương tiện
56864,DTC,truyen-thong-da-phuong-tien,X02,Điểm học bạ,2025,18.0,Truyền thông đa phương tiện
56865,DTC,truyen-thong-da-phuong-tien,X03,Điểm học bạ,2025,18.0,Truyền thông đa phương tiện
56866,DTC,truyen-thong-da-phuong-tien,X04,Điểm học bạ,2025,18.0,Truyền thông đa phương tiện
56867,DTC,truyen-thong-da-phuong-tien,X05,Điểm học bạ,2025,18.0,Truyền thông đa phương tiện
56868,DTC,truyen-thong-da-phuong-tien,X06,Điểm học bạ,2025,18.0,Truyền thông đa phương tiện
56869,DTC,truyen-thong-da-phuong-tien,X07,Điểm học bạ,2025,18.0,Truyền thông đa phương tiện
56870,DTC,truyen-thong-da-phuong-tien,X08,Điểm học bạ,2025,18.0,Truyền thông đa phương tiện
56871,DTC,truyen-thong-da-phuong-tien,X09,Điểm học bạ,2025,18.0,Truyền thông đa phương tiện
56872,DTC,truyen-thong-da-phuong-tien,X10,Điểm học bạ,2025,18.0,Truyền thông đa phương tiện
56873,DTC,truyen-thong-da-phuong-tien,X12,Điểm học bạ,2025,18.0,Truyền thông đa phương tiện
56874,DTC,truyen-thong-da-phuong-tien,X13,Điểm học bạ,2025,18.0,Truyền thông đa phương tiện
56875,DTC,truyen-thong-da-phuong-tien,X14,Điểm học bạ,2025,18.0,Truyền thông đa phương tiện
56876,DTC,truyen-thong-da-phuong-tien,X15,Điểm học bạ,2025,18.0,Truyền thông đa phương tiện
56877,DTC,truyen-thong-da-phuong-tien,X16,Điểm học bạ,2025,18.0,Truyền thông đa phương tiện
56878,DTC,truyen-thong-da-phuong-tien,X17,Điểm học bạ,2025,18.0,Truyền thông đa phương tiện
56879,DTC,truyen-thong-da-phuong-tien,X18,Điểm học bạ,2025,18.0,Truyền thông đa phương tiện
56880,DTC,truyen-thong-da-phuong-tien,X20,Điểm học bạ,2025,18.0,Truyền thông đa phương tiện
56881,DTC,truyen-thong-da-phuong-tien,X21,Điểm học bạ,2025,18.0,Truyền thông đa phương tiện
56882,DTC,truyen-thong-da-phuong-tien,X22,Điểm học bạ,2025,18.0,Truyền thông đa phương tiện
56883,DTC,truyen-thong-da-phuong-tien,X23,Điểm học bạ,2025,18.0,Truyền thông đa phương tiện
56884,DTC,truyen-thong-da-phuong-tien,X24,Điểm học bạ,2025,18.0,Truyền thông đa phương tiện
56885,DTC,truyen-thong-da-phuong-tien,X25,Điểm học bạ,2025,18.0,Truyền thông đa phương tiện
56886,DTC,truyen-thong-da-phuong-tien,A00,Điểm thi THPT,2025,18.0,Truyền thông đa phương tiện
56887,DTC,truyen-thong-da-phuong-tien,A01,Điểm thi THPT,2025,18.0,Truyền thông đa phương tiện
56888,DTC,truyen-thong-da-phuong-tien,A02,Điểm thi THPT,2025,18.0,Truyền thông đa phương tiện
56889,DTC,truyen-thong-da-phuong-tien,A03,Điểm thi THPT,2025,18.0,Truyền thông đa phương tiện
56890,DTC,truyen-thong-da-phuong-tien,A04,Điểm thi THPT,2025,18.0,Truyền thông đa phương tiện
56891,DTC,truyen-thong-da-phuong-tien,A05,Điểm thi THPT,2025,18.0,Truyền thông đa phương tiện
56892,DTC,truyen-thong-da-phuong-tien,A06,Điểm thi THPT,2025,18.0,Truyền thông đa phương tiện
56893,DTC,truyen-thong-da-phuong-tien,A07,Điểm thi THPT,2025,18.0,Truyền thông đa phương tiện
56894,DTC,truyen-thong-da-phuong-tien,A08,Điểm thi THPT,2025,18.0,Truyền thông đa phương tiện
56895,DTC,truyen-thong-da-phuong-tien,A09,Điểm thi THPT,2025,18.0,Truyền thông đa phương tiện
56896,DTC,truyen-thong-da-phuong-tien,A10,Điểm thi THPT,2025,18.0,Truyền thông đa phương tiện
56897,DTC,truyen-thong-da-phuong-tien,B00,Điểm thi THPT,2025,18.0,Truyền thông đa phương tiện
56898,DTC,truyen-thong-da-phuong-tien,B01,Điểm thi THPT,2025,18.0,Truyền thông đa phương tiện
56899,DTC,truyen-thong-da-phuong-tien,B02,Điểm thi THPT,2025,18.0,Truyền thông đa phương tiện
56900,DTC,truyen-thong-da-phuong-tien,B04,Điểm thi THPT,2025,18.0,Truyền thông đa phương tiện
56901,DTC,truyen-thong-da-phuong-tien,B08,Điểm thi THPT,2025,18.0,Truyền thông đa phương tiện
56902,DTC,truyen-thong-da-phuong-tien,C02,Điểm thi THPT,2025,18.0,Truyền thông đa phương tiện
56903,DTC,truyen-thong-da-phuong-tien,C03,Điểm thi THPT,2025,18.0,Truyền thông đa phương tiện
56904,DTC,truyen-thong-da-phuong-tien,C04,Điểm thi THPT,2025,18.0,Truyền thông đa phương tiện
56905,DTC,truyen-thong-da-phuong-tien,C14,Điểm thi THPT,2025,18.0,Truyền thông đa phương tiện
56906,DTC,truyen-thong-da-phuong-tien,D01,Điểm thi THPT,2025,18.0,Truyền thông đa phương tiện
56907,DTC,truyen-thong-da-phuong-tien,D07,Điểm thi THPT,2025,18.0,Truyền thông đa phương tiện
56908,DTC,truyen-thong-da-phuong-tien,D09,Điểm thi THPT,2025,18.0,Truyền thông đa phương tiện
56909,DTC,truyen-thong-da-phuong-tien,D10,Điểm thi THPT,2025,18.0,Truyền thông đa phương tiện
56910,DTC,truyen-thong-da-phuong-tien,D84,Điểm thi THPT,2025,18.0,Truyền thông đa phương tiện
56911,DTC,truyen-thong-da-phuong-tien,X01,Điểm thi THPT,2025,18.0,Truyền thông đa phương tiện
56912,DTC,truyen-thong-da-phuong-tien,X02,Điểm thi THPT,2025,18.0,Truyền thông đa phương tiện
56913,DTC,truyen-thong-da-phuong-tien,X03,Điểm thi THPT,2025,18.0,Truyền thông đa phương tiện
56914,DTC,truyen-thong-da-phuong-tien,X04,Điểm thi THPT,2025,18.0,Truyền thông đa phương tiện
56915,DTC,truyen-thong-da-phuong-tien,X05,Điểm thi THPT,2025,18.0,Truyền thông đa phương tiện
56916,DTC,truyen-thong-da-phuong-tien,X06,Điểm thi THPT,2025,18.0,Truyền thông đa phương tiện
56917,DTC,truyen-thong-da-phuong-tien,X07,Điểm thi THPT,2025,18.0,Truyền thông đa phương tiện
56918,DTC,truyen-thong-da-phuong-tien,X08,Điểm thi THPT,2025,18.0,Truyền thông đa phương tiện
56919,DTC,truyen-thong-da-phuong-tien,X09,Điểm thi THPT,2025,18.0,Truyền thông đa phương tiện
56920,DTC,truyen-thong-da-phuong-tien,X10,Điểm thi THPT,2025,18.0,Truyền thông đa phương tiện
56921,DTC,truyen-thong-da-phuong-tien,X12,Điểm thi THPT,2025,18.0,Truyền thông đa phương tiện
56922,DTC,truyen-thong-da-phuong-tien,X13,Điểm thi THPT,2025,18.0,Truyền thông đa phương tiện
56923,DTC,truyen-thong-da-phuong-tien,X14,Điểm thi THPT,2025,18.0,Truyền thông đa phương tiện
56924,DTC,truyen-thong-da-phuong-tien,X15,Điểm thi THPT,2025,18.0,Truyền thông đa phương tiện
56925,DTC,truyen-thong-da-phuong-tien,X16,Điểm thi THPT,2025,18.0,Truyền thông đa phương tiện
56926,DTC,truyen-thong-da-phuong-tien,X17,Điểm thi THPT,2025,18.0,Truyền thông đa phương tiện
56927,DTC,truyen-thong-da-phuong-tien,X18,Điểm thi THPT,2025,18.0,Truyền thông đa phương tiện
56928,DTC,truyen-thong-da-phuong-tien,X20,Điểm thi THPT,2025,18.0,Truyền thông đa phương tiện
56929,DTC,truyen-thong-da-phuong-tien,X21,Điểm thi THPT,2025,18.0,Truyền thông đa phương tiện
56930,DTC,truyen-thong-da-phuong-tien,X22,Điểm thi THPT,2025,18.0,Truyền thông đa phương tiện
56931,DTC,truyen-thong-da-phuong-tien,X23,Điểm thi THPT,2025,18.0,Truyền thông đa phương tiện
56932,DTC,truyen-thong-da-phuong-tien,X24,Điểm thi THPT,2025,18.0,Truyền thông đa phương tiện
56933,DTC,truyen-thong-da-phuong-tien,X25,Điểm thi THPT,2025,18.0,Truyền thông đa phương tiện
56934,DTC,truyen-thong-doanh-nghiep-so,A00,Điểm học bạ,2022,18.0,Truyền thông doanh nghiệp số
56935,DTC,truyen-thong-doanh-nghiep-so,C01,Điểm học bạ,2022,18.0,Truyền thông doanh nghiệp số
56936,DTC,truyen-thong-doanh-nghiep-so,C14,Điểm học bạ,2022,18.0,Truyền thông doanh nghiệp số
56937,DTC,truyen-thong-doanh-nghiep-so,D01,Điểm học bạ,2022,18.0,Truyền thông doanh nghiệp số
56938,DTC,truyen-thong-doanh-nghiep-so,A00,Điểm thi THPT,2022,16.0,Truyền thông doanh nghiệp số
56939,DTC,truyen-thong-doanh-nghiep-so,C01,Điểm thi THPT,2022,16.0,Truyền thông doanh nghiệp số
56940,DTC,truyen-thong-doanh-nghiep-so,C14,Điểm thi THPT,2022,16.0,Truyền thông doanh nghiệp số
56941,DTC,truyen-thong-doanh-nghiep-so,D01,Điểm thi THPT,2022,16.0,Truyền thông doanh nghiệp số
56942,DTC,tu-dong-hoa,A00,Điểm học bạ,2023,18.5,Tự động hóa
56943,DTC,tu-dong-hoa,C01,Điểm học bạ,2023,18.5,Tự động hóa
56944,DTC,tu-dong-hoa,C14,Điểm học bạ,2023,18.5,Tự động hóa
56945,DTC,tu-dong-hoa,D01,Điểm học bạ,2023,18.5,Tự động hóa
56946,DTC,tu-dong-hoa,A00,Điểm thi THPT,2023,16.0,Tự động hóa
56947,DTC,tu-dong-hoa,C01,Điểm thi THPT,2023,16.0,Tự động hóa
56948,DTC,tu-dong-hoa,C14,Điểm thi THPT,2023,16.0,Tự động hóa
56949,DTC,tu-dong-hoa,D01,Điểm thi THPT,2023,16.0,Tự động hóa
56950,DTC,tu-dong-hoa,A00,Điểm học bạ,2024,18.8,Tự động hóa
56951,DTC,tu-dong-hoa,C01,Điểm học bạ,2024,18.8,Tự động hóa
56952,DTC,tu-dong-hoa,C14,Điểm học bạ,2024,18.8,Tự động hóa
56953,DTC,tu-dong-hoa,D01,Điểm học bạ,2024,18.8,Tự động hóa
56954,DTC,tu-dong-hoa,A00,Điểm thi THPT,2024,18.4,Tự động hóa
56955,DTC,tu-dong-hoa,C01,Điểm thi THPT,2024,18.4,Tự động hóa
56956,DTC,tu-dong-hoa,C14,Điểm thi THPT,2024,18.4,Tự động hóa
56957,DTC,tu-dong-hoa,D01,Điểm thi THPT,2024,18.4,Tự động hóa
56958,DTC,tu-dong-hoa,A00,Điểm học bạ,2025,19.0,Tự động hóa
56959,DTC,tu-dong-hoa,A01,Điểm học bạ,2025,19.0,Tự động hóa
56960,DTC,tu-dong-hoa,A02,Điểm học bạ,2025,19.0,Tự động hóa
56961,DTC,tu-dong-hoa,A03,Điểm học bạ,2025,19.0,Tự động hóa
56962,DTC,tu-dong-hoa,A04,Điểm học bạ,2025,19.0,Tự động hóa
56963,DTC,tu-dong-hoa,A05,Điểm học bạ,2025,19.0,Tự động hóa
56964,DTC,tu-dong-hoa,A06,Điểm học bạ,2025,19.0,Tự động hóa
56965,DTC,tu-dong-hoa,A07,Điểm học bạ,2025,19.0,Tự động hóa
56966,DTC,tu-dong-hoa,A08,Điểm học bạ,2025,19.0,Tự động hóa
56967,DTC,tu-dong-hoa,A09,Điểm học bạ,2025,19.0,Tự động hóa
56968,DTC,tu-dong-hoa,A10,Điểm học bạ,2025,19.0,Tự động hóa
56969,DTC,tu-dong-hoa,B00,Điểm học bạ,2025,19.0,Tự động hóa
56970,DTC,tu-dong-hoa,B01,Điểm học bạ,2025,19.0,Tự động hóa
56971,DTC,tu-dong-hoa,B02,Điểm học bạ,2025,19.0,Tự động hóa
56972,DTC,tu-dong-hoa,B04,Điểm học bạ,2025,19.0,Tự động hóa
56973,DTC,tu-dong-hoa,B08,Điểm học bạ,2025,19.0,Tự động hóa
56974,DTC,tu-dong-hoa,C02,Điểm học bạ,2025,19.0,Tự động hóa
56975,DTC,tu-dong-hoa,C03,Điểm học bạ,2025,19.0,Tự động hóa
56976,DTC,tu-dong-hoa,C04,Điểm học bạ,2025,19.0,Tự động hóa
56977,DTC,tu-dong-hoa,C14,Điểm học bạ,2025,19.0,Tự động hóa
56978,DTC,tu-dong-hoa,D01,Điểm học bạ,2025,19.0,Tự động hóa
56979,DTC,tu-dong-hoa,D07,Điểm học bạ,2025,19.0,Tự động hóa
56980,DTC,tu-dong-hoa,D09,Điểm học bạ,2025,19.0,Tự động hóa
56981,DTC,tu-dong-hoa,D10,Điểm học bạ,2025,19.0,Tự động hóa
56982,DTC,tu-dong-hoa,D84,Điểm học bạ,2025,19.0,Tự động hóa
56983,DTC,tu-dong-hoa,X01,Điểm học bạ,2025,19.0,Tự động hóa
56984,DTC,tu-dong-hoa,X02,Điểm học bạ,2025,19.0,Tự động hóa
56985,DTC,tu-dong-hoa,X03,Điểm học bạ,2025,19.0,Tự động hóa
56986,DTC,tu-dong-hoa,X04,Điểm học bạ,2025,19.0,Tự động hóa
56987,DTC,tu-dong-hoa,X05,Điểm học bạ,2025,19.0,Tự động hóa
56988,DTC,tu-dong-hoa,X06,Điểm học bạ,2025,19.0,Tự động hóa
56989,DTC,tu-dong-hoa,X07,Điểm học bạ,2025,19.0,Tự động hóa
56990,DTC,tu-dong-hoa,X08,Điểm học bạ,2025,19.0,Tự động hóa
56991,DTC,tu-dong-hoa,X09,Điểm học bạ,2025,19.0,Tự động hóa
56992,DTC,tu-dong-hoa,X10,Điểm học bạ,2025,19.0,Tự động hóa
56993,DTC,tu-dong-hoa,X12,Điểm học bạ,2025,19.0,Tự động hóa
56994,DTC,tu-dong-hoa,X13,Điểm học bạ,2025,19.0,Tự động hóa
56995,DTC,tu-dong-hoa,X14,Điểm học bạ,2025,19.0,Tự động hóa
56996,DTC,tu-dong-hoa,X15,Điểm học bạ,2025,19.0,Tự động hóa
56997,DTC,tu-dong-hoa,X16,Điểm học bạ,2025,19.0,Tự động hóa
56998,DTC,tu-dong-hoa,X17,Điểm học bạ,2025,19.0,Tự động hóa
56999,DTC,tu-dong-hoa,X18,Điểm học bạ,2025,19.0,Tự động hóa
57000,DTC,tu-dong-hoa,X20,Điểm học bạ,2025,19.0,Tự động hóa
57001,DTC,tu-dong-hoa,X21,Điểm học bạ,2025,19.0,Tự động hóa
57002,DTC,tu-dong-hoa,X22,Điểm học bạ,2025,19.0,Tự động hóa
57003,DTC,tu-dong-hoa,X23,Điểm học bạ,2025,19.0,Tự động hóa
57004,DTC,tu-dong-hoa,X24,Điểm học bạ,2025,19.0,Tự động hóa
57005,DTC,tu-dong-hoa,X25,Điểm học bạ,2025,19.0,Tự động hóa
57006,DTC,tu-dong-hoa,A00,Điểm thi THPT,2025,19.0,Tự động hóa
57007,DTC,tu-dong-hoa,A01,Điểm thi THPT,2025,19.0,Tự động hóa
57008,DTC,tu-dong-hoa,A02,Điểm thi THPT,2025,19.0,Tự động hóa
57009,DTC,tu-dong-hoa,A03,Điểm thi THPT,2025,19.0,Tự động hóa
57010,DTC,tu-dong-hoa,A04,Điểm thi THPT,2025,19.0,Tự động hóa
57011,DTC,tu-dong-hoa,A05,Điểm thi THPT,2025,19.0,Tự động hóa
57012,DTC,tu-dong-hoa,A06,Điểm thi THPT,2025,19.0,Tự động hóa
57013,DTC,tu-dong-hoa,A07,Điểm thi THPT,2025,19.0,Tự động hóa
57014,DTC,tu-dong-hoa,A08,Điểm thi THPT,2025,19.0,Tự động hóa
57015,DTC,tu-dong-hoa,A09,Điểm thi THPT,2025,19.0,Tự động hóa
57016,DTC,tu-dong-hoa,A10,Điểm thi THPT,2025,19.0,Tự động hóa
57017,DTC,tu-dong-hoa,B00,Điểm thi THPT,2025,19.0,Tự động hóa
57018,DTC,tu-dong-hoa,B01,Điểm thi THPT,2025,19.0,Tự động hóa
57019,DTC,tu-dong-hoa,B02,Điểm thi THPT,2025,19.0,Tự động hóa
57020,DTC,tu-dong-hoa,B04,Điểm thi THPT,2025,19.0,Tự động hóa
57021,DTC,tu-dong-hoa,B08,Điểm thi THPT,2025,19.0,Tự động hóa
57022,DTC,tu-dong-hoa,C02,Điểm thi THPT,2025,19.0,Tự động hóa
57023,DTC,tu-dong-hoa,C03,Điểm thi THPT,2025,19.0,Tự động hóa
57024,DTC,tu-dong-hoa,C04,Điểm thi THPT,2025,19.0,Tự động hóa
57025,DTC,tu-dong-hoa,C14,Điểm thi THPT,2025,19.0,Tự động hóa
57026,DTC,tu-dong-hoa,D01,Điểm thi THPT,2025,19.0,Tự động hóa
57027,DTC,tu-dong-hoa,D07,Điểm thi THPT,2025,19.0,Tự động hóa
57028,DTC,tu-dong-hoa,D09,Điểm thi THPT,2025,19.0,Tự động hóa
57029,DTC,tu-dong-hoa,D10,Điểm thi THPT,2025,19.0,Tự động hóa
57030,DTC,tu-dong-hoa,D84,Điểm thi THPT,2025,19.0,Tự động hóa
57031,DTC,tu-dong-hoa,X01,Điểm thi THPT,2025,19.0,Tự động hóa
57032,DTC,tu-dong-hoa,X02,Điểm thi THPT,2025,19.0,Tự động hóa
57033,DTC,tu-dong-hoa,X03,Điểm thi THPT,2025,19.0,Tự động hóa
57034,DTC,tu-dong-hoa,X04,Điểm thi THPT,2025,19.0,Tự động hóa
57035,DTC,tu-dong-hoa,X05,Điểm thi THPT,2025,19.0,Tự động hóa
57036,DTC,tu-dong-hoa,X06,Điểm thi THPT,2025,19.0,Tự động hóa
57037,DTC,tu-dong-hoa,X07,Điểm thi THPT,2025,19.0,Tự động hóa
57038,DTC,tu-dong-hoa,X08,Điểm thi THPT,2025,19.0,Tự động hóa
57039,DTC,tu-dong-hoa,X09,Điểm thi THPT,2025,19.0,Tự động hóa
57040,DTC,tu-dong-hoa,X10,Điểm thi THPT,2025,19.0,Tự động hóa
57041,DTC,tu-dong-hoa,X12,Điểm thi THPT,2025,19.0,Tự động hóa
57042,DTC,tu-dong-hoa,X13,Điểm thi THPT,2025,19.0,Tự động hóa
57043,DTC,tu-dong-hoa,X14,Điểm thi THPT,2025,19.0,Tự động hóa
57044,DTC,tu-dong-hoa,X15,Điểm thi THPT,2025,19.0,Tự động hóa
57045,DTC,tu-dong-hoa,X16,Điểm thi THPT,2025,19.0,Tự động hóa
57046,DTC,tu-dong-hoa,X17,Điểm thi THPT,2025,19.0,Tự động hóa
57047,DTC,tu-dong-hoa,X18,Điểm thi THPT,2025,19.0,Tự động hóa
57048,DTC,tu-dong-hoa,X20,Điểm thi THPT,2025,19.0,Tự động hóa
57049,DTC,tu-dong-hoa,X21,Điểm thi THPT,2025,19.0,Tự động hóa
57050,DTC,tu-dong-hoa,X22,Điểm thi THPT,2025,19.0,Tự động hóa
57051,DTC,tu-dong-hoa,X23,Điểm thi THPT,2025,19.0,Tự động hóa
57052,DTC,tu-dong-hoa,X24,Điểm thi THPT,2025,19.0,Tự động hóa
57053,DTC,tu-dong-hoa,X25,Điểm thi THPT,2025,19.0,Tự động hóa
57054,DTC,vi-mach-ban-dan,A00,Điểm học bạ,2024,20.3,Vi mạch bán dẫn
57055,DTC,vi-mach-ban-dan,C01,Điểm học bạ,2024,20.3,Vi mạch bán dẫn
57056,DTC,vi-mach-ban-dan,C14,Điểm học bạ,2024,20.3,Vi mạch bán dẫn
57057,DTC,vi-mach-ban-dan,D01,Điểm học bạ,2024,20.3,Vi mạch bán dẫn
57058,DTC,vi-mach-ban-dan,A00,Điểm thi THPT,2024,21.7,Vi mạch bán dẫn
57059,DTC,vi-mach-ban-dan,C01,Điểm thi THPT,2024,21.7,Vi mạch bán dẫn
57060,DTC,vi-mach-ban-dan,C14,Điểm thi THPT,2024,21.7,Vi mạch bán dẫn
57061,DTC,vi-mach-ban-dan,D01,Điểm thi THPT,2024,21.7,Vi mạch bán dẫn
57062,DTC,vi-mach-ban-dan,A00,Điểm học bạ,2025,21.75,Vi mạch bán dẫn
57063,DTC,vi-mach-ban-dan,A01,Điểm học bạ,2025,21.75,Vi mạch bán dẫn
57064,DTC,vi-mach-ban-dan,A02,Điểm học bạ,2025,21.75,Vi mạch bán dẫn
57065,DTC,vi-mach-ban-dan,A03,Điểm học bạ,2025,21.75,Vi mạch bán dẫn
57066,DTC,vi-mach-ban-dan,A04,Điểm học bạ,2025,21.75,Vi mạch bán dẫn
57067,DTC,vi-mach-ban-dan,A05,Điểm học bạ,2025,21.75,Vi mạch bán dẫn
57068,DTC,vi-mach-ban-dan,A06,Điểm học bạ,2025,21.75,Vi mạch bán dẫn
57069,DTC,vi-mach-ban-dan,A10,Điểm học bạ,2025,21.75,Vi mạch bán dẫn
57070,DTC,vi-mach-ban-dan,B01,Điểm học bạ,2025,21.75,Vi mạch bán dẫn
57071,DTC,vi-mach-ban-dan,B02,Điểm học bạ,2025,21.75,Vi mạch bán dẫn
57072,DTC,vi-mach-ban-dan,B03,Điểm học bạ,2025,21.75,Vi mạch bán dẫn
57073,DTC,vi-mach-ban-dan,B04,Điểm học bạ,2025,21.75,Vi mạch bán dẫn
57074,DTC,vi-mach-ban-dan,B08,Điểm học bạ,2025,21.75,Vi mạch bán dẫn
57075,DTC,vi-mach-ban-dan,C02,Điểm học bạ,2025,21.75,Vi mạch bán dẫn
57076,DTC,vi-mach-ban-dan,D07,Điểm học bạ,2025,21.75,Vi mạch bán dẫn
57077,DTC,vi-mach-ban-dan,X05,Điểm học bạ,2025,21.75,Vi mạch bán dẫn
57078,DTC,vi-mach-ban-dan,X06,Điểm học bạ,2025,21.75,Vi mạch bán dẫn
57079,DTC,vi-mach-ban-dan,X07,Điểm học bạ,2025,21.75,Vi mạch bán dẫn
57080,DTC,vi-mach-ban-dan,X08,Điểm học bạ,2025,21.75,Vi mạch bán dẫn
57081,DTC,vi-mach-ban-dan,X09,Điểm học bạ,2025,21.75,Vi mạch bán dẫn
57082,DTC,vi-mach-ban-dan,X10,Điểm học bạ,2025,21.75,Vi mạch bán dẫn
57083,DTC,vi-mach-ban-dan,X12,Điểm học bạ,2025,21.75,Vi mạch bán dẫn
57084,DTC,vi-mach-ban-dan,X13,Điểm học bạ,2025,21.75,Vi mạch bán dẫn
57085,DTC,vi-mach-ban-dan,X14,Điểm học bạ,2025,21.75,Vi mạch bán dẫn
57086,DTC,vi-mach-ban-dan,X15,Điểm học bạ,2025,21.75,Vi mạch bán dẫn
57087,DTC,vi-mach-ban-dan,X16,Điểm học bạ,2025,21.75,Vi mạch bán dẫn
57088,DTC,vi-mach-ban-dan,A00,Điểm thi THPT,2025,21.75,Vi mạch bán dẫn
57089,DTC,vi-mach-ban-dan,A01,Điểm thi THPT,2025,21.75,Vi mạch bán dẫn
57090,DTC,vi-mach-ban-dan,A02,Điểm thi THPT,2025,21.75,Vi mạch bán dẫn
57091,DTC,vi-mach-ban-dan,A03,Điểm thi THPT,2025,21.75,Vi mạch bán dẫn
57092,DTC,vi-mach-ban-dan,A04,Điểm thi THPT,2025,21.75,Vi mạch bán dẫn
57093,DTC,vi-mach-ban-dan,A05,Điểm thi THPT,2025,21.75,Vi mạch bán dẫn
57094,DTC,vi-mach-ban-dan,A06,Điểm thi THPT,2025,21.75,Vi mạch bán dẫn
57095,DTC,vi-mach-ban-dan,A10,Điểm thi THPT,2025,21.75,Vi mạch bán dẫn
57096,DTC,vi-mach-ban-dan,B01,Điểm thi THPT,2025,21.75,Vi mạch bán dẫn
57097,DTC,vi-mach-ban-dan,B02,Điểm thi THPT,2025,21.75,Vi mạch bán dẫn
57098,DTC,vi-mach-ban-dan,B03,Điểm thi THPT,2025,21.75,Vi mạch bán dẫn
57099,DTC,vi-mach-ban-dan,B04,Điểm thi THPT,2025,21.75,Vi mạch bán dẫn
57100,DTC,vi-mach-ban-dan,B08,Điểm thi THPT,2025,21.75,Vi mạch bán dẫn
57101,DTC,vi-mach-ban-dan,C02,Điểm thi THPT,2025,21.75,Vi mạch bán dẫn
57102,DTC,vi-mach-ban-dan,D07,Điểm thi THPT,2025,21.75,Vi mạch bán dẫn
57103,DTC,vi-mach-ban-dan,X05,Điểm thi THPT,2025,21.75,Vi mạch bán dẫn
57104,DTC,vi-mach-ban-dan,X06,Điểm thi THPT,2025,21.75,Vi mạch bán dẫn
57105,DTC,vi-mach-ban-dan,X07,Điểm thi THPT,2025,21.75,Vi mạch bán dẫn
57106,DTC,vi-mach-ban-dan,X08,Điểm thi THPT,2025,21.75,Vi mạch bán dẫn
57107,DTC,vi-mach-ban-dan,X09,Điểm thi THPT,2025,21.75,Vi mạch bán dẫn
57108,DTC,vi-mach-ban-dan,X10,Điểm thi THPT,2025,21.75,Vi mạch bán dẫn
57109,DTC,vi-mach-ban-dan,X12,Điểm thi THPT,2025,21.75,Vi mạch bán dẫn
57110,DTC,vi-mach-ban-dan,X13,Điểm thi THPT,2025,21.75,Vi mạch bán dẫn
57111,DTC,vi-mach-ban-dan,X14,Điểm thi THPT,2025,21.75,Vi mạch bán dẫn
57112,DTC,vi-mach-ban-dan,X15,Điểm thi THPT,2025,21.75,Vi mạch bán dẫn
57113,DTC,vi-mach-ban-dan,X16,Điểm thi THPT,2025,21.75,Vi mạch bán dẫn
57114,DTD,chan-nuoi,A00,Điểm thi THPT,2021,15.0,Chăn nuôi
57115,DTD,chan-nuoi,A02,Điểm thi THPT,2021,15.0,Chăn nuôi
57116,DTD,chan-nuoi,B00,Điểm thi THPT,2021,15.0,Chăn nuôi
57117,DTD,chan-nuoi,D08,Điểm thi THPT,2021,15.0,Chăn nuôi
57118,DTD,cong-nghe-ky-thuat-cong-trinh-xay-dung,A00,Điểm thi THPT,2021,15.0,Công nghệ kỹ thuật công trình xây dựng
57119,DTD,cong-nghe-ky-thuat-cong-trinh-xay-dung,A01,Điểm thi THPT,2021,15.0,Công nghệ kỹ thuật công trình xây dựng
57120,DTD,cong-nghe-ky-thuat-cong-trinh-xay-dung,A02,Điểm thi THPT,2021,15.0,Công nghệ kỹ thuật công trình xây dựng
57121,DTD,cong-nghe-ky-thuat-cong-trinh-xay-dung,C01,Điểm thi THPT,2021,15.0,Công nghệ kỹ thuật công trình xây dựng
57122,DTD,cong-nghe-ky-thuat-cong-trinh-xay-dung,A00,Điểm học bạ,2025,16.5,Công nghệ kỹ thuật công trình xây dựng
57123,DTD,cong-nghe-ky-thuat-cong-trinh-xay-dung,A01,Điểm học bạ,2025,16.5,Công nghệ kỹ thuật công trình xây dựng
57124,DTD,cong-nghe-ky-thuat-cong-trinh-xay-dung,A02,Điểm học bạ,2025,16.5,Công nghệ kỹ thuật công trình xây dựng
57125,DTD,cong-nghe-ky-thuat-cong-trinh-xay-dung,C01,Điểm học bạ,2025,16.5,Công nghệ kỹ thuật công trình xây dựng
57126,DTD,cong-nghe-ky-thuat-cong-trinh-xay-dung,D01,Điểm học bạ,2025,16.5,Công nghệ kỹ thuật công trình xây dựng
57127,DTD,cong-nghe-ky-thuat-cong-trinh-xay-dung,X06,Điểm học bạ,2025,16.5,Công nghệ kỹ thuật công trình xây dựng
57128,DTD,cong-nghe-ky-thuat-cong-trinh-xay-dung,X07,Điểm học bạ,2025,16.5,Công nghệ kỹ thuật công trình xây dựng
57129,DTD,cong-nghe-ky-thuat-cong-trinh-xay-dung,A00,Điểm thi THPT,2025,15.0,Công nghệ kỹ thuật công trình xây dựng
57130,DTD,cong-nghe-ky-thuat-cong-trinh-xay-dung,A01,Điểm thi THPT,2025,15.0,Công nghệ kỹ thuật công trình xây dựng
57131,DTD,cong-nghe-ky-thuat-cong-trinh-xay-dung,A02,Điểm thi THPT,2025,15.0,Công nghệ kỹ thuật công trình xây dựng
57132,DTD,cong-nghe-ky-thuat-cong-trinh-xay-dung,C01,Điểm thi THPT,2025,15.0,Công nghệ kỹ thuật công trình xây dựng
57133,DTD,cong-nghe-ky-thuat-cong-trinh-xay-dung,D01,Điểm thi THPT,2025,15.0,Công nghệ kỹ thuật công trình xây dựng
57134,DTD,cong-nghe-ky-thuat-cong-trinh-xay-dung,X06,Điểm thi THPT,2025,15.0,Công nghệ kỹ thuật công trình xây dựng
57135,DTD,cong-nghe-ky-thuat-cong-trinh-xay-dung,X07,Điểm thi THPT,2025,15.0,Công nghệ kỹ thuật công trình xây dựng
57136,DTD,cong-nghe-ky-thuat-cong-trinh-xd,A00,Điểm học bạ,2022,16.5,Công nghệ kỹ thuật công trình XD
57137,DTD,cong-nghe-ky-thuat-cong-trinh-xd,A01,Điểm học bạ,2022,16.5,Công nghệ kỹ thuật công trình XD
57138,DTD,cong-nghe-ky-thuat-cong-trinh-xd,A02,Điểm học bạ,2022,16.5,Công nghệ kỹ thuật công trình XD
57139,DTD,cong-nghe-ky-thuat-cong-trinh-xd,C01,Điểm học bạ,2022,16.5,Công nghệ kỹ thuật công trình XD
57140,DTD,cong-nghe-ky-thuat-cong-trinh-xd,A00,Điểm thi THPT,2022,15.0,Công nghệ kỹ thuật công trình XD
57141,DTD,cong-nghe-ky-thuat-cong-trinh-xd,A01,Điểm thi THPT,2022,15.0,Công nghệ kỹ thuật công trình XD
57142,DTD,cong-nghe-ky-thuat-cong-trinh-xd,A02,Điểm thi THPT,2022,15.0,Công nghệ kỹ thuật công trình XD
57143,DTD,cong-nghe-ky-thuat-cong-trinh-xd,C01,Điểm thi THPT,2022,15.0,Công nghệ kỹ thuật công trình XD
57144,DTD,cong-nghe-ky-thuat-cong-trinh-xd,A00,Điểm học bạ,2023,16.5,Công nghệ kỹ thuật công trình XD
57145,DTD,cong-nghe-ky-thuat-cong-trinh-xd,A01,Điểm học bạ,2023,16.5,Công nghệ kỹ thuật công trình XD
57146,DTD,cong-nghe-ky-thuat-cong-trinh-xd,A02,Điểm học bạ,2023,16.5,Công nghệ kỹ thuật công trình XD
57147,DTD,cong-nghe-ky-thuat-cong-trinh-xd,C01,Điểm học bạ,2023,16.5,Công nghệ kỹ thuật công trình XD
57148,DTD,cong-nghe-ky-thuat-cong-trinh-xd,A00,Điểm thi THPT,2023,15.0,Công nghệ kỹ thuật công trình XD
57149,DTD,cong-nghe-ky-thuat-cong-trinh-xd,A01,Điểm thi THPT,2023,15.0,Công nghệ kỹ thuật công trình XD
57150,DTD,cong-nghe-ky-thuat-cong-trinh-xd,A02,Điểm thi THPT,2023,15.0,Công nghệ kỹ thuật công trình XD
57151,DTD,cong-nghe-ky-thuat-cong-trinh-xd,C01,Điểm thi THPT,2023,15.0,Công nghệ kỹ thuật công trình XD
57152,DTD,cong-nghe-ky-thuat-cong-trinh-xd,A00,Điểm học bạ,2024,16.5,Công nghệ kỹ thuật công trình XD
57153,DTD,cong-nghe-ky-thuat-cong-trinh-xd,A01,Điểm học bạ,2024,16.5,Công nghệ kỹ thuật công trình XD
57154,DTD,cong-nghe-ky-thuat-cong-trinh-xd,A02,Điểm học bạ,2024,16.5,Công nghệ kỹ thuật công trình XD
57155,DTD,cong-nghe-ky-thuat-cong-trinh-xd,C01,Điểm học bạ,2024,16.5,Công nghệ kỹ thuật công trình XD
57156,DTD,cong-nghe-ky-thuat-cong-trinh-xd,A00,Điểm thi THPT,2024,15.0,Công nghệ kỹ thuật công trình XD
57157,DTD,cong-nghe-ky-thuat-cong-trinh-xd,A01,Điểm thi THPT,2024,15.0,Công nghệ kỹ thuật công trình XD
57158,DTD,cong-nghe-ky-thuat-cong-trinh-xd,A02,Điểm thi THPT,2024,15.0,Công nghệ kỹ thuật công trình XD
57159,DTD,cong-nghe-ky-thuat-cong-trinh-xd,C01,Điểm thi THPT,2024,15.0,Công nghệ kỹ thuật công trình XD
57160,DTD,cong-nghe-ky-thuat-dien-dien-tu,A00,Điểm thi THPT,2021,15.0,"Công nghệ kỹ thuật điện, điện tử"
57161,DTD,cong-nghe-ky-thuat-dien-dien-tu,A01,Điểm thi THPT,2021,15.0,"Công nghệ kỹ thuật điện, điện tử"
57162,DTD,cong-nghe-ky-thuat-dien-dien-tu,A02,Điểm thi THPT,2021,15.0,"Công nghệ kỹ thuật điện, điện tử"
57163,DTD,cong-nghe-ky-thuat-dien-dien-tu,C01,Điểm thi THPT,2021,15.0,"Công nghệ kỹ thuật điện, điện tử"
57164,DTD,cong-nghe-ky-thuat-dien-dien-tu,A00,Điểm học bạ,2022,16.5,"Công nghệ kỹ thuật điện, điện tử"
57165,DTD,cong-nghe-ky-thuat-dien-dien-tu,A01,Điểm học bạ,2022,16.5,"Công nghệ kỹ thuật điện, điện tử"
57166,DTD,cong-nghe-ky-thuat-dien-dien-tu,A02,Điểm học bạ,2022,16.5,"Công nghệ kỹ thuật điện, điện tử"
57167,DTD,cong-nghe-ky-thuat-dien-dien-tu,C01,Điểm học bạ,2022,16.5,"Công nghệ kỹ thuật điện, điện tử"
57168,DTD,cong-nghe-ky-thuat-dien-dien-tu,A00,Điểm thi THPT,2022,15.0,"Công nghệ kỹ thuật điện, điện tử"
57169,DTD,cong-nghe-ky-thuat-dien-dien-tu,A01,Điểm thi THPT,2022,15.0,"Công nghệ kỹ thuật điện, điện tử"
57170,DTD,cong-nghe-ky-thuat-dien-dien-tu,A02,Điểm thi THPT,2022,15.0,"Công nghệ kỹ thuật điện, điện tử"
57171,DTD,cong-nghe-ky-thuat-dien-dien-tu,C01,Điểm thi THPT,2022,15.0,"Công nghệ kỹ thuật điện, điện tử"
57172,DTD,cong-nghe-ky-thuat-dien-dien-tu,A00,Điểm học bạ,2023,16.5,"Công nghệ Kỹ thuật điện, điện tử"
57173,DTD,cong-nghe-ky-thuat-dien-dien-tu,A01,Điểm học bạ,2023,16.5,"Công nghệ Kỹ thuật điện, điện tử"
57174,DTD,cong-nghe-ky-thuat-dien-dien-tu,A02,Điểm học bạ,2023,16.5,"Công nghệ Kỹ thuật điện, điện tử"
57175,DTD,cong-nghe-ky-thuat-dien-dien-tu,C01,Điểm học bạ,2023,16.5,"Công nghệ Kỹ thuật điện, điện tử"
57176,DTD,cong-nghe-ky-thuat-dien-dien-tu,A00,Điểm thi THPT,2023,15.0,"Công nghệ Kỹ thuật điện, điện tử"
57177,DTD,cong-nghe-ky-thuat-dien-dien-tu,A01,Điểm thi THPT,2023,15.0,"Công nghệ Kỹ thuật điện, điện tử"
57178,DTD,cong-nghe-ky-thuat-dien-dien-tu,A02,Điểm thi THPT,2023,15.0,"Công nghệ Kỹ thuật điện, điện tử"
57179,DTD,cong-nghe-ky-thuat-dien-dien-tu,C01,Điểm thi THPT,2023,15.0,"Công nghệ Kỹ thuật điện, điện tử"
57180,DTD,cong-nghe-ky-thuat-dien-dien-tu,A00,Điểm học bạ,2024,16.5,"Công nghệ Kỹ thuật điện, điện tử"
57181,DTD,cong-nghe-ky-thuat-dien-dien-tu,A01,Điểm học bạ,2024,16.5,"Công nghệ Kỹ thuật điện, điện tử"
57182,DTD,cong-nghe-ky-thuat-dien-dien-tu,A02,Điểm học bạ,2024,16.5,"Công nghệ Kỹ thuật điện, điện tử"
57183,DTD,cong-nghe-ky-thuat-dien-dien-tu,C01,Điểm học bạ,2024,16.5,"Công nghệ Kỹ thuật điện, điện tử"
57184,DTD,cong-nghe-ky-thuat-dien-dien-tu,A00,Điểm thi THPT,2024,15.0,"Công nghệ Kỹ thuật điện, điện tử"
57185,DTD,cong-nghe-ky-thuat-dien-dien-tu,A01,Điểm thi THPT,2024,15.0,"Công nghệ Kỹ thuật điện, điện tử"
57186,DTD,cong-nghe-ky-thuat-dien-dien-tu,A02,Điểm thi THPT,2024,15.0,"Công nghệ Kỹ thuật điện, điện tử"
57187,DTD,cong-nghe-ky-thuat-dien-dien-tu,C01,Điểm thi THPT,2024,15.0,"Công nghệ Kỹ thuật điện, điện tử"
57188,DTD,cong-nghe-ky-thuat-dien-dien-tu,A00,Điểm học bạ,2025,16.5,"Công nghệ kỹ thuật điện, điện tử"
57189,DTD,cong-nghe-ky-thuat-dien-dien-tu,A01,Điểm học bạ,2025,16.5,"Công nghệ kỹ thuật điện, điện tử"
57190,DTD,cong-nghe-ky-thuat-dien-dien-tu,A02,Điểm học bạ,2025,16.5,"Công nghệ kỹ thuật điện, điện tử"
57191,DTD,cong-nghe-ky-thuat-dien-dien-tu,C01,Điểm học bạ,2025,16.5,"Công nghệ kỹ thuật điện, điện tử"
57192,DTD,cong-nghe-ky-thuat-dien-dien-tu,D01,Điểm học bạ,2025,16.5,"Công nghệ kỹ thuật điện, điện tử"
57193,DTD,cong-nghe-ky-thuat-dien-dien-tu,X06,Điểm học bạ,2025,16.5,"Công nghệ kỹ thuật điện, điện tử"
57194,DTD,cong-nghe-ky-thuat-dien-dien-tu,X07,Điểm học bạ,2025,16.5,"Công nghệ kỹ thuật điện, điện tử"
57195,DTD,cong-nghe-ky-thuat-dien-dien-tu,A00,Điểm thi THPT,2025,15.0,"Công nghệ kỹ thuật điện, điện tử"
57196,DTD,cong-nghe-ky-thuat-dien-dien-tu,A01,Điểm thi THPT,2025,15.0,"Công nghệ kỹ thuật điện, điện tử"
57197,DTD,cong-nghe-ky-thuat-dien-dien-tu,A02,Điểm thi THPT,2025,15.0,"Công nghệ kỹ thuật điện, điện tử"
57198,DTD,cong-nghe-ky-thuat-dien-dien-tu,C01,Điểm thi THPT,2025,15.0,"Công nghệ kỹ thuật điện, điện tử"
57199,DTD,cong-nghe-ky-thuat-dien-dien-tu,D01,Điểm thi THPT,2025,15.0,"Công nghệ kỹ thuật điện, điện tử"
57200,DTD,cong-nghe-ky-thuat-dien-dien-tu,X06,Điểm thi THPT,2025,15.0,"Công nghệ kỹ thuật điện, điện tử"
57201,DTD,cong-nghe-ky-thuat-dien-dien-tu,X07,Điểm thi THPT,2025,15.0,"Công nghệ kỹ thuật điện, điện tử"
57202,DTD,cong-nghe-thong-tin,A00,Điểm thi THPT,2021,15.0,Công nghệ thông tin
57203,DTD,cong-nghe-thong-tin,A01,Điểm thi THPT,2021,15.0,Công nghệ thông tin
57204,DTD,cong-nghe-thong-tin,A02,Điểm thi THPT,2021,15.0,Công nghệ thông tin
57205,DTD,cong-nghe-thong-tin,C01,Điểm thi THPT,2021,15.0,Công nghệ thông tin
57206,DTD,cong-nghe-thong-tin,A00,Điểm học bạ,2022,16.5,Công nghệ thông tin
57207,DTD,cong-nghe-thong-tin,A01,Điểm học bạ,2022,16.5,Công nghệ thông tin
57208,DTD,cong-nghe-thong-tin,A02,Điểm học bạ,2022,16.5,Công nghệ thông tin
57209,DTD,cong-nghe-thong-tin,C01,Điểm học bạ,2022,16.5,Công nghệ thông tin
57210,DTD,cong-nghe-thong-tin,A00,Điểm thi THPT,2022,16.0,Công nghệ thông tin
57211,DTD,cong-nghe-thong-tin,A01,Điểm thi THPT,2022,16.0,Công nghệ thông tin
57212,DTD,cong-nghe-thong-tin,A02,Điểm thi THPT,2022,16.0,Công nghệ thông tin
57213,DTD,cong-nghe-thong-tin,C01,Điểm thi THPT,2022,16.0,Công nghệ thông tin
57214,DTD,cong-nghe-thong-tin,A00,Điểm học bạ,2023,16.5,Công nghệ thông tin
57215,DTD,cong-nghe-thong-tin,A01,Điểm học bạ,2023,16.5,Công nghệ thông tin
57216,DTD,cong-nghe-thong-tin,A02,Điểm học bạ,2023,16.5,Công nghệ thông tin
57217,DTD,cong-nghe-thong-tin,C01,Điểm học bạ,2023,16.5,Công nghệ thông tin
57218,DTD,cong-nghe-thong-tin,A00,Điểm thi THPT,2023,15.0,Công nghệ thông tin
57219,DTD,cong-nghe-thong-tin,A01,Điểm thi THPT,2023,15.0,Công nghệ thông tin
57220,DTD,cong-nghe-thong-tin,A02,Điểm thi THPT,2023,15.0,Công nghệ thông tin
57221,DTD,cong-nghe-thong-tin,C01,Điểm thi THPT,2023,15.0,Công nghệ thông tin
57222,DTD,cong-nghe-thong-tin,A00,Điểm học bạ,2024,16.5,Công nghệ thông tin
57223,DTD,cong-nghe-thong-tin,A01,Điểm học bạ,2024,16.5,Công nghệ thông tin
57224,DTD,cong-nghe-thong-tin,A02,Điểm học bạ,2024,16.5,Công nghệ thông tin
57225,DTD,cong-nghe-thong-tin,C01,Điểm học bạ,2024,16.5,Công nghệ thông tin
57226,DTD,cong-nghe-thong-tin,A00,Điểm thi THPT,2024,15.0,Công nghệ thông tin
57227,DTD,cong-nghe-thong-tin,A01,Điểm thi THPT,2024,15.0,Công nghệ thông tin
57228,DTD,cong-nghe-thong-tin,A02,Điểm thi THPT,2024,15.0,Công nghệ thông tin
57229,DTD,cong-nghe-thong-tin,C01,Điểm thi THPT,2024,15.0,Công nghệ thông tin
57230,DTD,cong-nghe-thong-tin,A00,Điểm học bạ,2025,16.5,Công nghệ thông tin
57231,DTD,cong-nghe-thong-tin,A01,Điểm học bạ,2025,16.5,Công nghệ thông tin
57232,DTD,cong-nghe-thong-tin,A02,Điểm học bạ,2025,16.5,Công nghệ thông tin
57233,DTD,cong-nghe-thong-tin,C01,Điểm học bạ,2025,16.5,Công nghệ thông tin
57234,DTD,cong-nghe-thong-tin,D01,Điểm học bạ,2025,16.5,Công nghệ thông tin
57235,DTD,cong-nghe-thong-tin,X02,Điểm học bạ,2025,16.5,Công nghệ thông tin
57236,DTD,cong-nghe-thong-tin,X06,Điểm học bạ,2025,16.5,Công nghệ thông tin
57237,DTD,cong-nghe-thong-tin,X07,Điểm học bạ,2025,16.5,Công nghệ thông tin
57238,DTD,cong-nghe-thong-tin,X10,Điểm học bạ,2025,16.5,Công nghệ thông tin
57239,DTD,cong-nghe-thong-tin,X14,Điểm học bạ,2025,16.5,Công nghệ thông tin
57240,DTD,cong-nghe-thong-tin,X26,Điểm học bạ,2025,16.5,Công nghệ thông tin
57241,DTD,cong-nghe-thong-tin,X56,Điểm học bạ,2025,16.5,Công nghệ thông tin
57242,DTD,cong-nghe-thong-tin,A00,Điểm thi THPT,2025,15.0,Công nghệ thông tin
57243,DTD,cong-nghe-thong-tin,A01,Điểm thi THPT,2025,15.0,Công nghệ thông tin
57244,DTD,cong-nghe-thong-tin,A02,Điểm thi THPT,2025,15.0,Công nghệ thông tin
57245,DTD,cong-nghe-thong-tin,C01,Điểm thi THPT,2025,15.0,Công nghệ thông tin
57246,DTD,cong-nghe-thong-tin,D01,Điểm thi THPT,2025,15.0,Công nghệ thông tin
57247,DTD,cong-nghe-thong-tin,X02,Điểm thi THPT,2025,15.0,Công nghệ thông tin
57248,DTD,cong-nghe-thong-tin,X06,Điểm thi THPT,2025,15.0,Công nghệ thông tin
57249,DTD,cong-nghe-thong-tin,X07,Điểm thi THPT,2025,15.0,Công nghệ thông tin
57250,DTD,cong-nghe-thong-tin,X10,Điểm thi THPT,2025,15.0,Công nghệ thông tin
57251,DTD,cong-nghe-thong-tin,X14,Điểm thi THPT,2025,15.0,Công nghệ thông tin
57252,DTD,cong-nghe-thong-tin,X26,Điểm thi THPT,2025,15.0,Công nghệ thông tin
57253,DTD,cong-nghe-thong-tin,X56,Điểm thi THPT,2025,15.0,Công nghệ thông tin
57254,DTD,cong-nghe-thuc-pham,A00,Điểm thi THPT,2021,15.0,Công nghệ thực phẩm
57255,DTD,cong-nghe-thuc-pham,A01,Điểm thi THPT,2021,15.0,Công nghệ thực phẩm
57256,DTD,cong-nghe-thuc-pham,A02,Điểm thi THPT,2021,15.0,Công nghệ thực phẩm
57257,DTD,cong-nghe-thuc-pham,C01,Điểm thi THPT,2021,15.0,Công nghệ thực phẩm
57258,DTD,cong-nghe-thuc-pham,A00,Điểm học bạ,2022,16.5,Công nghệ thực phẩm
57259,DTD,cong-nghe-thuc-pham,A01,Điểm học bạ,2022,16.5,Công nghệ thực phẩm
57260,DTD,cong-nghe-thuc-pham,A02,Điểm học bạ,2022,16.5,Công nghệ thực phẩm
57261,DTD,cong-nghe-thuc-pham,C01,Điểm học bạ,2022,16.5,Công nghệ thực phẩm
57262,DTD,cong-nghe-thuc-pham,A00,Điểm thi THPT,2022,15.0,Công nghệ thực phẩm
57263,DTD,cong-nghe-thuc-pham,A01,Điểm thi THPT,2022,15.0,Công nghệ thực phẩm
57264,DTD,cong-nghe-thuc-pham,A02,Điểm thi THPT,2022,15.0,Công nghệ thực phẩm
57265,DTD,cong-nghe-thuc-pham,C01,Điểm thi THPT,2022,15.0,Công nghệ thực phẩm
57266,DTD,cong-nghe-thuc-pham,A00,Điểm học bạ,2023,16.5,Công nghệ thực phẩm
57267,DTD,cong-nghe-thuc-pham,A01,Điểm học bạ,2023,16.5,Công nghệ thực phẩm
57268,DTD,cong-nghe-thuc-pham,A02,Điểm học bạ,2023,16.5,Công nghệ thực phẩm
57269,DTD,cong-nghe-thuc-pham,C01,Điểm học bạ,2023,16.5,Công nghệ thực phẩm
57270,DTD,cong-nghe-thuc-pham,A00,Điểm thi THPT,2023,15.0,Công nghệ thực phẩm
57271,DTD,cong-nghe-thuc-pham,A01,Điểm thi THPT,2023,15.0,Công nghệ thực phẩm
57272,DTD,cong-nghe-thuc-pham,A02,Điểm thi THPT,2023,15.0,Công nghệ thực phẩm
57273,DTD,cong-nghe-thuc-pham,C01,Điểm thi THPT,2023,15.0,Công nghệ thực phẩm
57274,DTD,cong-nghe-thuc-pham,A00,Điểm học bạ,2024,16.5,Công nghệ thực phẩm
57275,DTD,cong-nghe-thuc-pham,A01,Điểm học bạ,2024,16.5,Công nghệ thực phẩm
57276,DTD,cong-nghe-thuc-pham,A02,Điểm học bạ,2024,16.5,Công nghệ thực phẩm
57277,DTD,cong-nghe-thuc-pham,C01,Điểm học bạ,2024,16.5,Công nghệ thực phẩm
57278,DTD,cong-nghe-thuc-pham,A00,Điểm thi THPT,2024,15.0,Công nghệ thực phẩm
57279,DTD,cong-nghe-thuc-pham,A01,Điểm thi THPT,2024,15.0,Công nghệ thực phẩm
57280,DTD,cong-nghe-thuc-pham,A02,Điểm thi THPT,2024,15.0,Công nghệ thực phẩm
57281,DTD,cong-nghe-thuc-pham,C01,Điểm thi THPT,2024,15.0,Công nghệ thực phẩm
57282,DTD,cong-nghe-thuc-pham,A00,Điểm học bạ,2025,16.5,Công nghệ thực phẩm
57283,DTD,cong-nghe-thuc-pham,A01,Điểm học bạ,2025,16.5,Công nghệ thực phẩm
57284,DTD,cong-nghe-thuc-pham,A02,Điểm học bạ,2025,16.5,Công nghệ thực phẩm
57285,DTD,cong-nghe-thuc-pham,C01,Điểm học bạ,2025,16.5,Công nghệ thực phẩm
57286,DTD,cong-nghe-thuc-pham,D01,Điểm học bạ,2025,16.5,Công nghệ thực phẩm
57287,DTD,cong-nghe-thuc-pham,X06,Điểm học bạ,2025,16.5,Công nghệ thực phẩm
57288,DTD,cong-nghe-thuc-pham,A00,Điểm thi THPT,2025,15.0,Công nghệ thực phẩm
57289,DTD,cong-nghe-thuc-pham,A01,Điểm thi THPT,2025,15.0,Công nghệ thực phẩm
57290,DTD,cong-nghe-thuc-pham,A02,Điểm thi THPT,2025,15.0,Công nghệ thực phẩm
57291,DTD,cong-nghe-thuc-pham,C01,Điểm thi THPT,2025,15.0,Công nghệ thực phẩm
57292,DTD,cong-nghe-thuc-pham,D01,Điểm thi THPT,2025,15.0,Công nghệ thực phẩm
57293,DTD,cong-nghe-thuc-pham,X06,Điểm thi THPT,2025,15.0,Công nghệ thực phẩm
57294,DTD,dieu-duong,A02,Điểm thi THPT,2021,19.0,Điều dưỡng
57295,DTD,dieu-duong,B00,Điểm thi THPT,2021,19.0,Điều dưỡng
57296,DTD,dieu-duong,B03,Điểm thi THPT,2021,19.0,Điều dưỡng
57297,DTD,dieu-duong,D08,Điểm thi THPT,2021,19.0,Điều dưỡng
57298,DTD,dieu-duong,A02,Điểm học bạ,2022,18.0,Điều dưỡng
57299,DTD,dieu-duong,B00,Điểm học bạ,2022,18.0,Điều dưỡng
57300,DTD,dieu-duong,B03,Điểm học bạ,2022,18.0,Điều dưỡng
57301,DTD,dieu-duong,D08,Điểm học bạ,2022,18.0,Điều dưỡng
57302,DTD,dieu-duong,A02,Điểm thi THPT,2022,19.0,Điều dưỡng
57303,DTD,dieu-duong,B00,Điểm thi THPT,2022,19.0,Điều dưỡng
57304,DTD,dieu-duong,B03,Điểm thi THPT,2022,19.0,Điều dưỡng
57305,DTD,dieu-duong,D08,Điểm thi THPT,2022,19.0,Điều dưỡng
57306,DTD,dieu-duong,A02,Điểm thi THPT,2023,19.0,Điều dưỡng
57307,DTD,dieu-duong,B00,Điểm thi THPT,2023,19.0,Điều dưỡng
57308,DTD,dieu-duong,B03,Điểm thi THPT,2023,19.0,Điều dưỡng
57309,DTD,dieu-duong,D08,Điểm thi THPT,2023,19.0,Điều dưỡng
57310,DTD,dieu-duong,A02,Điểm thi THPT,2024,19.0,Điều dưỡng
57311,DTD,dieu-duong,B00,Điểm thi THPT,2024,19.0,Điều dưỡng
57312,DTD,dieu-duong,B03,Điểm thi THPT,2024,19.0,Điều dưỡng
57313,DTD,dieu-duong,D08,Điểm thi THPT,2024,19.0,Điều dưỡng
57314,DTD,dieu-duong,A00,Điểm học bạ,2025,19.0,Điều dưỡng
57315,DTD,dieu-duong,A02,Điểm học bạ,2025,19.0,Điều dưỡng
57316,DTD,dieu-duong,B00,Điểm học bạ,2025,19.0,Điều dưỡng
57317,DTD,dieu-duong,B03,Điểm học bạ,2025,19.0,Điều dưỡng
57318,DTD,dieu-duong,D08,Điểm học bạ,2025,19.0,Điều dưỡng
57319,DTD,dieu-duong,A00,Điểm thi THPT,2025,17.0,Điều dưỡng
57320,DTD,dieu-duong,A02,Điểm thi THPT,2025,17.0,Điều dưỡng
57321,DTD,dieu-duong,B00,Điểm thi THPT,2025,17.0,Điều dưỡng
57322,DTD,dieu-duong,B03,Điểm thi THPT,2025,17.0,Điều dưỡng
57323,DTD,dieu-duong,D08,Điểm thi THPT,2025,17.0,Điều dưỡng
57324,DTD,dinh-duong,A00,Điểm thi THPT,2021,15.0,Dinh dưỡng
57325,DTD,dinh-duong,B00,Điểm thi THPT,2021,15.0,Dinh dưỡng
57326,DTD,dinh-duong,D07,Điểm thi THPT,2021,15.0,Dinh dưỡng
57327,DTD,dinh-duong,D08,Điểm thi THPT,2021,15.0,Dinh dưỡng
57328,DTD,dinh-duong,A00,Điểm học bạ,2022,16.5,Dinh dưỡng
57329,DTD,dinh-duong,B00,Điểm học bạ,2022,16.5,Dinh dưỡng
57330,DTD,dinh-duong,D07,Điểm học bạ,2022,16.5,Dinh dưỡng
57331,DTD,dinh-duong,D08,Điểm học bạ,2022,16.5,Dinh dưỡng
57332,DTD,dinh-duong,A00,Điểm thi THPT,2022,15.0,Dinh dưỡng
57333,DTD,dinh-duong,B00,Điểm thi THPT,2022,15.0,Dinh dưỡng
57334,DTD,dinh-duong,D07,Điểm thi THPT,2022,15.0,Dinh dưỡng
57335,DTD,dinh-duong,D08,Điểm thi THPT,2022,15.0,Dinh dưỡng
57336,DTD,dinh-duong,A00,Điểm học bạ,2023,16.5,Dinh dưỡng
57337,DTD,dinh-duong,B00,Điểm học bạ,2023,16.5,Dinh dưỡng
57338,DTD,dinh-duong,D07,Điểm học bạ,2023,16.5,Dinh dưỡng
57339,DTD,dinh-duong,D08,Điểm học bạ,2023,16.5,Dinh dưỡng
57340,DTD,dinh-duong,A00,Điểm thi THPT,2023,15.0,Dinh dưỡng
57341,DTD,dinh-duong,B00,Điểm thi THPT,2023,15.0,Dinh dưỡng
57342,DTD,dinh-duong,D07,Điểm thi THPT,2023,15.0,Dinh dưỡng
57343,DTD,dinh-duong,D08,Điểm thi THPT,2023,15.0,Dinh dưỡng
57344,DTD,dinh-duong,A00,Điểm học bạ,2024,16.5,Dinh dưỡng
57345,DTD,dinh-duong,B00,Điểm học bạ,2024,16.5,Dinh dưỡng
57346,DTD,dinh-duong,D07,Điểm học bạ,2024,16.5,Dinh dưỡng
57347,DTD,dinh-duong,D08,Điểm học bạ,2024,16.5,Dinh dưỡng
57348,DTD,dinh-duong,A00,Điểm thi THPT,2024,15.0,Dinh dưỡng
57349,DTD,dinh-duong,B00,Điểm thi THPT,2024,15.0,Dinh dưỡng
57350,DTD,dinh-duong,D07,Điểm thi THPT,2024,15.0,Dinh dưỡng
57351,DTD,dinh-duong,D08,Điểm thi THPT,2024,15.0,Dinh dưỡng
57352,DTD,dinh-duong,A00,Điểm học bạ,2025,16.5,Dinh dưỡng
57353,DTD,dinh-duong,B00,Điểm học bạ,2025,16.5,Dinh dưỡng
57354,DTD,dinh-duong,D07,Điểm học bạ,2025,16.5,Dinh dưỡng
57355,DTD,dinh-duong,D08,Điểm học bạ,2025,16.5,Dinh dưỡng
57356,DTD,dinh-duong,A00,Điểm thi THPT,2025,15.0,Dinh dưỡng
57357,DTD,dinh-duong,B00,Điểm thi THPT,2025,15.0,Dinh dưỡng
57358,DTD,dinh-duong,D07,Điểm thi THPT,2025,15.0,Dinh dưỡng
57359,DTD,dinh-duong,D08,Điểm thi THPT,2025,15.0,Dinh dưỡng
57360,DTD,du-lich,C00,Điểm thi THPT,2021,15.0,Du lịch
57361,DTD,du-lich,D01,Điểm thi THPT,2021,15.0,Du lịch
57362,DTD,du-lich,D14,Điểm thi THPT,2021,15.0,Du lịch
57363,DTD,du-lich,D15,Điểm thi THPT,2021,15.0,Du lịch
57364,DTD,du-lich,C00,Điểm học bạ,2022,16.5,Du lịch
57365,DTD,du-lich,D01,Điểm học bạ,2022,16.5,Du lịch
57366,DTD,du-lich,D14,Điểm học bạ,2022,16.5,Du lịch
57367,DTD,du-lich,D15,Điểm học bạ,2022,16.5,Du lịch
57368,DTD,du-lich,C00,Điểm thi THPT,2022,15.0,Du lịch
57369,DTD,du-lich,D01,Điểm thi THPT,2022,15.0,Du lịch
57370,DTD,du-lich,D14,Điểm thi THPT,2022,15.0,Du lịch
57371,DTD,du-lich,D15,Điểm thi THPT,2022,15.0,Du lịch
57372,DTD,du-lich,C00,Điểm học bạ,2023,16.5,Du lịch
57373,DTD,du-lich,D01,Điểm học bạ,2023,16.5,Du lịch
57374,DTD,du-lich,D14,Điểm học bạ,2023,16.5,Du lịch
57375,DTD,du-lich,D15,Điểm học bạ,2023,16.5,Du lịch
57376,DTD,du-lich,C00,Điểm thi THPT,2023,15.0,Du lịch
57377,DTD,du-lich,D01,Điểm thi THPT,2023,15.0,Du lịch
57378,DTD,du-lich,D14,Điểm thi THPT,2023,15.0,Du lịch
57379,DTD,du-lich,D15,Điểm thi THPT,2023,15.0,Du lịch
57380,DTD,du-lich,C00,Điểm học bạ,2024,16.5,Du lịch
57381,DTD,du-lich,D01,Điểm học bạ,2024,16.5,Du lịch
57382,DTD,du-lich,D14,Điểm học bạ,2024,16.5,Du lịch
57383,DTD,du-lich,D15,Điểm học bạ,2024,16.5,Du lịch
57384,DTD,du-lich,C00,Điểm thi THPT,2024,15.0,Du lịch
57385,DTD,du-lich,D01,Điểm thi THPT,2024,15.0,Du lịch
57386,DTD,du-lich,D14,Điểm thi THPT,2024,15.0,Du lịch
57387,DTD,du-lich,D15,Điểm thi THPT,2024,15.0,Du lịch
57388,DTD,du-lich,A00,Điểm học bạ,2025,16.5,Du lịch
57389,DTD,du-lich,A01,Điểm học bạ,2025,16.5,Du lịch
57390,DTD,du-lich,A07,Điểm học bạ,2025,16.5,Du lịch
57391,DTD,du-lich,C00,Điểm học bạ,2025,16.5,Du lịch
57392,DTD,du-lich,C04,Điểm học bạ,2025,16.5,Du lịch
57393,DTD,du-lich,D01,Điểm học bạ,2025,16.5,Du lịch
57394,DTD,du-lich,D07,Điểm học bạ,2025,16.5,Du lịch
57395,DTD,du-lich,D14,Điểm học bạ,2025,16.5,Du lịch
57396,DTD,du-lich,D15,Điểm học bạ,2025,16.5,Du lịch
57397,DTD,du-lich,X01,Điểm học bạ,2025,16.5,Du lịch
57398,DTD,du-lich,X21,Điểm học bạ,2025,16.5,Du lịch
57399,DTD,du-lich,X25,Điểm học bạ,2025,16.5,Du lịch
57400,DTD,du-lich,A00,Điểm thi THPT,2025,15.0,Du lịch
57401,DTD,du-lich,A01,Điểm thi THPT,2025,15.0,Du lịch
57402,DTD,du-lich,A07,Điểm thi THPT,2025,15.0,Du lịch
57403,DTD,du-lich,C00,Điểm thi THPT,2025,15.0,Du lịch
57404,DTD,du-lich,C04,Điểm thi THPT,2025,15.0,Du lịch
57405,DTD,du-lich,D01,Điểm thi THPT,2025,15.0,Du lịch
57406,DTD,du-lich,D07,Điểm thi THPT,2025,15.0,Du lịch
57407,DTD,du-lich,D14,Điểm thi THPT,2025,15.0,Du lịch
57408,DTD,du-lich,D15,Điểm thi THPT,2025,15.0,Du lịch
57409,DTD,du-lich,X01,Điểm thi THPT,2025,15.0,Du lịch
57410,DTD,du-lich,X21,Điểm thi THPT,2025,15.0,Du lịch
57411,DTD,du-lich,X25,Điểm thi THPT,2025,15.0,Du lịch
57412,DTD,duoc-hoc,A00,Điểm thi THPT,2021,21.0,Dược học
57413,DTD,duoc-hoc,B00,Điểm thi THPT,2021,21.0,Dược học
57414,DTD,duoc-hoc,C02,Điểm thi THPT,2021,21.0,Dược học
57415,DTD,duoc-hoc,D07,Điểm thi THPT,2021,21.0,Dược học
57416,DTD,duoc-hoc,A00,Điểm học bạ,2022,20.0,Dược học
57417,DTD,duoc-hoc,B00,Điểm học bạ,2022,20.0,Dược học
57418,DTD,duoc-hoc,C02,Điểm học bạ,2022,20.0,Dược học
57419,DTD,duoc-hoc,D07,Điểm học bạ,2022,20.0,Dược học
57420,DTD,duoc-hoc,A00,Điểm thi THPT,2022,21.0,Dược học
57421,DTD,duoc-hoc,B00,Điểm thi THPT,2022,21.0,Dược học
57422,DTD,duoc-hoc,C02,Điểm thi THPT,2022,21.0,Dược học
57423,DTD,duoc-hoc,D07,Điểm thi THPT,2022,21.0,Dược học
57424,DTD,duoc-hoc,A00,Điểm thi THPT,2023,21.0,Dược học
57425,DTD,duoc-hoc,B00,Điểm thi THPT,2023,21.0,Dược học
57426,DTD,duoc-hoc,C02,Điểm thi THPT,2023,21.0,Dược học
57427,DTD,duoc-hoc,D07,Điểm thi THPT,2023,21.0,Dược học
57428,DTD,duoc-hoc,A00,Điểm thi THPT,2024,21.0,Dược học
57429,DTD,duoc-hoc,B00,Điểm thi THPT,2024,21.0,Dược học
57430,DTD,duoc-hoc,C02,Điểm thi THPT,2024,21.0,Dược học
57431,DTD,duoc-hoc,D07,Điểm thi THPT,2024,21.0,Dược học
57432,DTD,duoc-hoc,A00,Điểm học bạ,2025,21.0,Dược học
57433,DTD,duoc-hoc,A02,Điểm học bạ,2025,21.0,Dược học
57434,DTD,duoc-hoc,B00,Điểm học bạ,2025,21.0,Dược học
57435,DTD,duoc-hoc,C02,Điểm học bạ,2025,21.0,Dược học
57436,DTD,duoc-hoc,D07,Điểm học bạ,2025,21.0,Dược học
57437,DTD,duoc-hoc,D08,Điểm học bạ,2025,21.0,Dược học
57438,DTD,duoc-hoc,A00,Điểm thi THPT,2025,19.0,Dược học
57439,DTD,duoc-hoc,A02,Điểm thi THPT,2025,19.0,Dược học
57440,DTD,duoc-hoc,B00,Điểm thi THPT,2025,19.0,Dược học
57441,DTD,duoc-hoc,C02,Điểm thi THPT,2025,19.0,Dược học
57442,DTD,duoc-hoc,D07,Điểm thi THPT,2025,19.0,Dược học
57443,DTD,duoc-hoc,D08,Điểm thi THPT,2025,19.0,Dược học
57444,DTD,hoa-duoc,A00,Điểm thi THPT,2021,15.0,Hoá học chuyên ngành hoá dược
57445,DTD,hoa-duoc,A01,Điểm thi THPT,2021,15.0,Hoá học chuyên ngành hoá dược
57446,DTD,hoa-duoc,B00,Điểm thi THPT,2021,15.0,Hoá học chuyên ngành hoá dược
57447,DTD,hoa-duoc,D07,Điểm thi THPT,2021,15.0,Hoá học chuyên ngành hoá dược
57448,DTD,hoa-duoc,A00,Điểm học bạ,2022,16.5,Hóa học - chuyên ngành hóa dược
57449,DTD,hoa-duoc,A01,Điểm học bạ,2022,16.5,Hóa học - chuyên ngành hóa dược
57450,DTD,hoa-duoc,B00,Điểm học bạ,2022,16.5,Hóa học - chuyên ngành hóa dược
57451,DTD,hoa-duoc,D07,Điểm học bạ,2022,16.5,Hóa học - chuyên ngành hóa dược
57452,DTD,hoa-duoc,A00,Điểm thi THPT,2022,15.0,Hóa học - chuyên ngành hóa dược
57453,DTD,hoa-duoc,A01,Điểm thi THPT,2022,15.0,Hóa học - chuyên ngành hóa dược
57454,DTD,hoa-duoc,B00,Điểm thi THPT,2022,15.0,Hóa học - chuyên ngành hóa dược
57455,DTD,hoa-duoc,D07,Điểm thi THPT,2022,15.0,Hóa học - chuyên ngành hóa dược
57456,DTD,hoa-duoc,A00,Điểm học bạ,2023,16.5,Hóa học chuyên ngành hóa dược
57457,DTD,hoa-duoc,A01,Điểm học bạ,2023,16.5,Hóa học chuyên ngành hóa dược
57458,DTD,hoa-duoc,B00,Điểm học bạ,2023,16.5,Hóa học chuyên ngành hóa dược
57459,DTD,hoa-duoc,D07,Điểm học bạ,2023,16.5,Hóa học chuyên ngành hóa dược
57460,DTD,hoa-duoc,A00,Điểm thi THPT,2023,15.0,Hóa học chuyên ngành hóa dược
57461,DTD,hoa-duoc,A01,Điểm thi THPT,2023,15.0,Hóa học chuyên ngành hóa dược
57462,DTD,hoa-duoc,B00,Điểm thi THPT,2023,15.0,Hóa học chuyên ngành hóa dược
57463,DTD,hoa-duoc,D07,Điểm thi THPT,2023,15.0,Hóa học chuyên ngành hóa dược
57464,DTD,ke-toan,A00,Điểm thi THPT,2021,15.0,Kế toán
57465,DTD,ke-toan,A01,Điểm thi THPT,2021,15.0,Kế toán
57466,DTD,ke-toan,C04,Điểm thi THPT,2021,15.0,Kế toán
57467,DTD,ke-toan,D01,Điểm thi THPT,2021,15.0,Kế toán
57468,DTD,ke-toan,A00,Điểm học bạ,2022,16.5,Kế toán
57469,DTD,ke-toan,A01,Điểm học bạ,2022,16.5,Kế toán
57470,DTD,ke-toan,C04,Điểm học bạ,2022,16.5,Kế toán
57471,DTD,ke-toan,D01,Điểm học bạ,2022,16.5,Kế toán
57472,DTD,ke-toan,A00,Điểm thi THPT,2022,16.0,Kế toán
57473,DTD,ke-toan,A01,Điểm thi THPT,2022,16.0,Kế toán
57474,DTD,ke-toan,C04,Điểm thi THPT,2022,16.0,Kế toán
57475,DTD,ke-toan,D01,Điểm thi THPT,2022,16.0,Kế toán
57476,DTD,ke-toan,A00,Điểm học bạ,2023,16.5,Kế toán
57477,DTD,ke-toan,A01,Điểm học bạ,2023,16.5,Kế toán
57478,DTD,ke-toan,C04,Điểm học bạ,2023,16.5,Kế toán
57479,DTD,ke-toan,D01,Điểm học bạ,2023,16.5,Kế toán
57480,DTD,ke-toan,A00,Điểm thi THPT,2023,15.0,Kế toán
57481,DTD,ke-toan,A01,Điểm thi THPT,2023,15.0,Kế toán
57482,DTD,ke-toan,C04,Điểm thi THPT,2023,15.0,Kế toán
57483,DTD,ke-toan,D01,Điểm thi THPT,2023,15.0,Kế toán
57484,DTD,ke-toan,A00,Điểm học bạ,2024,16.5,Kế toán
57485,DTD,ke-toan,A01,Điểm học bạ,2024,16.5,Kế toán
57486,DTD,ke-toan,C04,Điểm học bạ,2024,16.5,Kế toán
57487,DTD,ke-toan,D01,Điểm học bạ,2024,16.5,Kế toán
57488,DTD,ke-toan,A00,Điểm thi THPT,2024,15.0,Kế toán
57489,DTD,ke-toan,A01,Điểm thi THPT,2024,15.0,Kế toán
57490,DTD,ke-toan,C04,Điểm thi THPT,2024,15.0,Kế toán
57491,DTD,ke-toan,D01,Điểm thi THPT,2024,15.0,Kế toán
57492,DTD,ke-toan,A00,Điểm học bạ,2025,16.5,Kế toán
57493,DTD,ke-toan,A01,Điểm học bạ,2025,16.5,Kế toán
57494,DTD,ke-toan,C04,Điểm học bạ,2025,16.5,Kế toán
57495,DTD,ke-toan,D01,Điểm học bạ,2025,16.5,Kế toán
57496,DTD,ke-toan,X02,Điểm học bạ,2025,16.5,Kế toán
57497,DTD,ke-toan,X06,Điểm học bạ,2025,16.5,Kế toán
57498,DTD,ke-toan,X26,Điểm học bạ,2025,16.5,Kế toán
57499,DTD,ke-toan,A00,Điểm thi THPT,2025,15.0,Kế toán
57500,DTD,ke-toan,A01,Điểm thi THPT,2025,15.0,Kế toán
57501,DTD,ke-toan,C04,Điểm thi THPT,2025,15.0,Kế toán
57502,DTD,ke-toan,D01,Điểm thi THPT,2025,15.0,Kế toán
57503,DTD,ke-toan,X02,Điểm thi THPT,2025,15.0,Kế toán
57504,DTD,ke-toan,X06,Điểm thi THPT,2025,15.0,Kế toán
57505,DTD,ke-toan,X26,Điểm thi THPT,2025,15.0,Kế toán
57506,DTD,kinh-doanh-quoc-te,A00,Điểm thi THPT,2021,15.0,Kinh doanh quốc tế
57507,DTD,kinh-doanh-quoc-te,A01,Điểm thi THPT,2021,15.0,Kinh doanh quốc tế
57508,DTD,kinh-doanh-quoc-te,C04,Điểm thi THPT,2021,15.0,Kinh doanh quốc tế
57509,DTD,kinh-doanh-quoc-te,D01,Điểm thi THPT,2021,15.0,Kinh doanh quốc tế
57510,DTD,kinh-doanh-quoc-te,A00,Điểm học bạ,2022,16.5,Kinh doanh quốc tế
57511,DTD,kinh-doanh-quoc-te,A01,Điểm học bạ,2022,16.5,Kinh doanh quốc tế
57512,DTD,kinh-doanh-quoc-te,C04,Điểm học bạ,2022,16.5,Kinh doanh quốc tế
57513,DTD,kinh-doanh-quoc-te,D01,Điểm học bạ,2022,16.5,Kinh doanh quốc tế
57514,DTD,kinh-doanh-quoc-te,A00,Điểm thi THPT,2022,15.0,Kinh doanh quốc tế
57515,DTD,kinh-doanh-quoc-te,A01,Điểm thi THPT,2022,15.0,Kinh doanh quốc tế
57516,DTD,kinh-doanh-quoc-te,C04,Điểm thi THPT,2022,15.0,Kinh doanh quốc tế
57517,DTD,kinh-doanh-quoc-te,D01,Điểm thi THPT,2022,15.0,Kinh doanh quốc tế
57518,DTD,kinh-doanh-quoc-te,A00,Điểm học bạ,2023,16.5,Kinh doanh quốc tế
57519,DTD,kinh-doanh-quoc-te,A01,Điểm học bạ,2023,16.5,Kinh doanh quốc tế
57520,DTD,kinh-doanh-quoc-te,C04,Điểm học bạ,2023,16.5,Kinh doanh quốc tế
57521,DTD,kinh-doanh-quoc-te,D01,Điểm học bạ,2023,16.5,Kinh doanh quốc tế
57522,DTD,kinh-doanh-quoc-te,A00,Điểm thi THPT,2023,15.0,Kinh doanh quốc tế
57523,DTD,kinh-doanh-quoc-te,A01,Điểm thi THPT,2023,15.0,Kinh doanh quốc tế
57524,DTD,kinh-doanh-quoc-te,C04,Điểm thi THPT,2023,15.0,Kinh doanh quốc tế
57525,DTD,kinh-doanh-quoc-te,D01,Điểm thi THPT,2023,15.0,Kinh doanh quốc tế
57526,DTD,kinh-doanh-quoc-te,A00,Điểm học bạ,2024,16.5,Kinh doanh quốc tế
57527,DTD,kinh-doanh-quoc-te,A01,Điểm học bạ,2024,16.5,Kinh doanh quốc tế
57528,DTD,kinh-doanh-quoc-te,C04,Điểm học bạ,2024,16.5,Kinh doanh quốc tế
57529,DTD,kinh-doanh-quoc-te,D01,Điểm học bạ,2024,16.5,Kinh doanh quốc tế
57530,DTD,kinh-doanh-quoc-te,A00,Điểm thi THPT,2024,15.0,Kinh doanh quốc tế
57531,DTD,kinh-doanh-quoc-te,A01,Điểm thi THPT,2024,15.0,Kinh doanh quốc tế
57532,DTD,kinh-doanh-quoc-te,C04,Điểm thi THPT,2024,15.0,Kinh doanh quốc tế
57533,DTD,kinh-doanh-quoc-te,D01,Điểm thi THPT,2024,15.0,Kinh doanh quốc tế
57534,DTD,kinh-doanh-quoc-te,A00,Điểm học bạ,2025,16.5,Kinh doanh quốc tế
57535,DTD,kinh-doanh-quoc-te,A01,Điểm học bạ,2025,16.5,Kinh doanh quốc tế
57536,DTD,kinh-doanh-quoc-te,C04,Điểm học bạ,2025,16.5,Kinh doanh quốc tế
57537,DTD,kinh-doanh-quoc-te,D01,Điểm học bạ,2025,16.5,Kinh doanh quốc tế
57538,DTD,kinh-doanh-quoc-te,X02,Điểm học bạ,2025,16.5,Kinh doanh quốc tế
57539,DTD,kinh-doanh-quoc-te,X06,Điểm học bạ,2025,16.5,Kinh doanh quốc tế
57540,DTD,kinh-doanh-quoc-te,X26,Điểm học bạ,2025,16.5,Kinh doanh quốc tế
57541,DTD,kinh-doanh-quoc-te,A00,Điểm thi THPT,2025,15.0,Kinh doanh quốc tế
57542,DTD,kinh-doanh-quoc-te,A01,Điểm thi THPT,2025,15.0,Kinh doanh quốc tế
57543,DTD,kinh-doanh-quoc-te,C04,Điểm thi THPT,2025,15.0,Kinh doanh quốc tế
57544,DTD,kinh-doanh-quoc-te,D01,Điểm thi THPT,2025,15.0,Kinh doanh quốc tế
57545,DTD,kinh-doanh-quoc-te,X02,Điểm thi THPT,2025,15.0,Kinh doanh quốc tế
57546,DTD,kinh-doanh-quoc-te,X06,Điểm thi THPT,2025,15.0,Kinh doanh quốc tế
57547,DTD,kinh-doanh-quoc-te,X26,Điểm thi THPT,2025,15.0,Kinh doanh quốc tế
57548,DTD,logistic-va-quan-ly-chuoi-cung-ung,A00,Điểm thi THPT,2021,15.0,Logistic và quản lý chuỗi cung ứng
57549,DTD,logistic-va-quan-ly-chuoi-cung-ung,A01,Điểm thi THPT,2021,15.0,Logistic và quản lý chuỗi cung ứng
57550,DTD,logistic-va-quan-ly-chuoi-cung-ung,C01,Điểm thi THPT,2021,15.0,Logistic và quản lý chuỗi cung ứng
57551,DTD,logistic-va-quan-ly-chuoi-cung-ung,D01,Điểm thi THPT,2021,15.0,Logistic và quản lý chuỗi cung ứng
57552,DTD,logistic-va-quan-ly-chuoi-cung-ung,A00,Điểm học bạ,2025,16.5,Logistic và quản lý chuỗi cung ứng
57553,DTD,logistic-va-quan-ly-chuoi-cung-ung,A01,Điểm học bạ,2025,16.5,Logistic và quản lý chuỗi cung ứng
57554,DTD,logistic-va-quan-ly-chuoi-cung-ung,C01,Điểm học bạ,2025,16.5,Logistic và quản lý chuỗi cung ứng
57555,DTD,logistic-va-quan-ly-chuoi-cung-ung,D01,Điểm học bạ,2025,16.5,Logistic và quản lý chuỗi cung ứng
57556,DTD,logistic-va-quan-ly-chuoi-cung-ung,X02,Điểm học bạ,2025,16.5,Logistic và quản lý chuỗi cung ứng
57557,DTD,logistic-va-quan-ly-chuoi-cung-ung,X06,Điểm học bạ,2025,16.5,Logistic và quản lý chuỗi cung ứng
57558,DTD,logistic-va-quan-ly-chuoi-cung-ung,X26,Điểm học bạ,2025,16.5,Logistic và quản lý chuỗi cung ứng
57559,DTD,logistic-va-quan-ly-chuoi-cung-ung,A00,Điểm thi THPT,2025,15.0,Logistic và quản lý chuỗi cung ứng
57560,DTD,logistic-va-quan-ly-chuoi-cung-ung,A01,Điểm thi THPT,2025,15.0,Logistic và quản lý chuỗi cung ứng
57561,DTD,logistic-va-quan-ly-chuoi-cung-ung,C01,Điểm thi THPT,2025,15.0,Logistic và quản lý chuỗi cung ứng
57562,DTD,logistic-va-quan-ly-chuoi-cung-ung,D01,Điểm thi THPT,2025,15.0,Logistic và quản lý chuỗi cung ứng
57563,DTD,logistic-va-quan-ly-chuoi-cung-ung,X02,Điểm thi THPT,2025,15.0,Logistic và quản lý chuỗi cung ứng
57564,DTD,logistic-va-quan-ly-chuoi-cung-ung,X06,Điểm thi THPT,2025,15.0,Logistic và quản lý chuỗi cung ứng
57565,DTD,logistic-va-quan-ly-chuoi-cung-ung,X26,Điểm thi THPT,2025,15.0,Logistic và quản lý chuỗi cung ứng
57566,DTD,logistics-va-quan-ly-chuoi-cung-ung,A00,Điểm học bạ,2022,16.5,Logistics và Quản lý chuỗi cung ứng
57567,DTD,logistics-va-quan-ly-chuoi-cung-ung,A01,Điểm học bạ,2022,16.5,Logistics và Quản lý chuỗi cung ứng
57568,DTD,logistics-va-quan-ly-chuoi-cung-ung,C01,Điểm học bạ,2022,16.5,Logistics và Quản lý chuỗi cung ứng
57569,DTD,logistics-va-quan-ly-chuoi-cung-ung,D01,Điểm học bạ,2022,16.5,Logistics và Quản lý chuỗi cung ứng
57570,DTD,logistics-va-quan-ly-chuoi-cung-ung,A00,Điểm thi THPT,2022,15.0,Logistics và Quản lý chuỗi cung ứng
57571,DTD,logistics-va-quan-ly-chuoi-cung-ung,A01,Điểm thi THPT,2022,15.0,Logistics và Quản lý chuỗi cung ứng
57572,DTD,logistics-va-quan-ly-chuoi-cung-ung,C01,Điểm thi THPT,2022,15.0,Logistics và Quản lý chuỗi cung ứng
57573,DTD,logistics-va-quan-ly-chuoi-cung-ung,D01,Điểm thi THPT,2022,15.0,Logistics và Quản lý chuỗi cung ứng
57574,DTD,logistics-va-quan-ly-chuoi-cung-ung,A00,Điểm học bạ,2023,16.5,Logistics và Quản lý chuỗi cung ứng
57575,DTD,logistics-va-quan-ly-chuoi-cung-ung,A01,Điểm học bạ,2023,16.5,Logistics và Quản lý chuỗi cung ứng
57576,DTD,logistics-va-quan-ly-chuoi-cung-ung,C01,Điểm học bạ,2023,16.5,Logistics và Quản lý chuỗi cung ứng
57577,DTD,logistics-va-quan-ly-chuoi-cung-ung,D01,Điểm học bạ,2023,16.5,Logistics và Quản lý chuỗi cung ứng
57578,DTD,logistics-va-quan-ly-chuoi-cung-ung,A00,Điểm thi THPT,2023,15.0,Logistics và Quản lý chuỗi cung ứng
57579,DTD,logistics-va-quan-ly-chuoi-cung-ung,A01,Điểm thi THPT,2023,15.0,Logistics và Quản lý chuỗi cung ứng
57580,DTD,logistics-va-quan-ly-chuoi-cung-ung,C01,Điểm thi THPT,2023,15.0,Logistics và Quản lý chuỗi cung ứng
57581,DTD,logistics-va-quan-ly-chuoi-cung-ung,D01,Điểm thi THPT,2023,15.0,Logistics và Quản lý chuỗi cung ứng
57582,DTD,logistics-va-quan-ly-chuoi-cung-ung,A00,Điểm học bạ,2024,16.5,Logistics và Quản lý chuỗi cung ứng
57583,DTD,logistics-va-quan-ly-chuoi-cung-ung,A01,Điểm học bạ,2024,16.5,Logistics và Quản lý chuỗi cung ứng
57584,DTD,logistics-va-quan-ly-chuoi-cung-ung,C01,Điểm học bạ,2024,16.5,Logistics và Quản lý chuỗi cung ứng
57585,DTD,logistics-va-quan-ly-chuoi-cung-ung,D01,Điểm học bạ,2024,16.5,Logistics và Quản lý chuỗi cung ứng
57586,DTD,logistics-va-quan-ly-chuoi-cung-ung,A00,Điểm thi THPT,2024,15.0,Logistics và Quản lý chuỗi cung ứng
57587,DTD,logistics-va-quan-ly-chuoi-cung-ung,A01,Điểm thi THPT,2024,15.0,Logistics và Quản lý chuỗi cung ứng
57588,DTD,logistics-va-quan-ly-chuoi-cung-ung,C01,Điểm thi THPT,2024,15.0,Logistics và Quản lý chuỗi cung ứng
57589,DTD,logistics-va-quan-ly-chuoi-cung-ung,D01,Điểm thi THPT,2024,15.0,Logistics và Quản lý chuỗi cung ứng
57590,DTD,luat-kinh-te,C00,Điểm thi THPT,2021,15.0,Luật kinh tế
57591,DTD,luat-kinh-te,D14,Điểm thi THPT,2021,15.0,Luật kinh tế
57592,DTD,luat-kinh-te,D66,Điểm thi THPT,2021,15.0,Luật kinh tế
57593,DTD,luat-kinh-te,D84,Điểm thi THPT,2021,15.0,Luật kinh tế
57594,DTD,luat-kinh-te,C00,Điểm học bạ,2022,16.5,Luật kinh tế
57595,DTD,luat-kinh-te,D14,Điểm học bạ,2022,16.5,Luật kinh tế
57596,DTD,luat-kinh-te,D66,Điểm học bạ,2022,16.5,Luật kinh tế
57597,DTD,luat-kinh-te,D84,Điểm học bạ,2022,16.5,Luật kinh tế
57598,DTD,luat-kinh-te,C00,Điểm thi THPT,2022,16.0,Luật kinh tế
57599,DTD,luat-kinh-te,D14,Điểm thi THPT,2022,16.0,Luật kinh tế
57600,DTD,luat-kinh-te,D66,Điểm thi THPT,2022,16.0,Luật kinh tế
57601,DTD,luat-kinh-te,D84,Điểm thi THPT,2022,16.0,Luật kinh tế
57602,DTD,luat-kinh-te,C00,Điểm học bạ,2023,16.5,Luật kinh tế
57603,DTD,luat-kinh-te,D14,Điểm học bạ,2023,16.5,Luật kinh tế
57604,DTD,luat-kinh-te,D66,Điểm học bạ,2023,16.5,Luật kinh tế
57605,DTD,luat-kinh-te,D84,Điểm học bạ,2023,16.5,Luật kinh tế
57606,DTD,luat-kinh-te,C00,Điểm thi THPT,2023,15.0,Luật kinh tế
57607,DTD,luat-kinh-te,D14,Điểm thi THPT,2023,15.0,Luật kinh tế
57608,DTD,luat-kinh-te,D66,Điểm thi THPT,2023,15.0,Luật kinh tế
57609,DTD,luat-kinh-te,D84,Điểm thi THPT,2023,15.0,Luật kinh tế
57610,DTD,luat-kinh-te,C00,Điểm học bạ,2024,16.5,Luật kinh tế
57611,DTD,luat-kinh-te,D14,Điểm học bạ,2024,16.5,Luật kinh tế
57612,DTD,luat-kinh-te,D66,Điểm học bạ,2024,16.5,Luật kinh tế
57613,DTD,luat-kinh-te,D84,Điểm học bạ,2024,16.5,Luật kinh tế
57614,DTD,luat-kinh-te,C00,Điểm thi THPT,2024,15.0,Luật kinh tế
57615,DTD,luat-kinh-te,D14,Điểm thi THPT,2024,15.0,Luật kinh tế
57616,DTD,luat-kinh-te,D66,Điểm thi THPT,2024,15.0,Luật kinh tế
57617,DTD,luat-kinh-te,D84,Điểm thi THPT,2024,15.0,Luật kinh tế
57618,DTD,luat-kinh-te,C00,Điểm học bạ,2025,19.5,Luật kinh tế
57619,DTD,luat-kinh-te,D01,Điểm học bạ,2025,19.5,Luật kinh tế
57620,DTD,luat-kinh-te,D14,Điểm học bạ,2025,19.5,Luật kinh tế
57621,DTD,luat-kinh-te,D66,Điểm học bạ,2025,19.5,Luật kinh tế
57622,DTD,luat-kinh-te,D84,Điểm học bạ,2025,19.5,Luật kinh tế
57623,DTD,luat-kinh-te,X25,Điểm học bạ,2025,19.5,Luật kinh tế
57624,DTD,luat-kinh-te,X78,Điểm học bạ,2025,19.5,Luật kinh tế
57625,DTD,luat-kinh-te,C00,Điểm thi THPT,2025,18.0,Luật kinh tế
57626,DTD,luat-kinh-te,D01,Điểm thi THPT,2025,18.0,Luật kinh tế
57627,DTD,luat-kinh-te,D14,Điểm thi THPT,2025,18.0,Luật kinh tế
57628,DTD,luat-kinh-te,D66,Điểm thi THPT,2025,18.0,Luật kinh tế
57629,DTD,luat-kinh-te,D84,Điểm thi THPT,2025,18.0,Luật kinh tế
57630,DTD,luat-kinh-te,X25,Điểm thi THPT,2025,18.0,Luật kinh tế
57631,DTD,luat-kinh-te,X78,Điểm thi THPT,2025,18.0,Luật kinh tế
57632,DTD,markeling,A00,Điểm học bạ,2023,16.5,Markeling
57633,DTD,markeling,A01,Điểm học bạ,2023,16.5,Markeling
57634,DTD,markeling,C04,Điểm học bạ,2023,16.5,Markeling
57635,DTD,markeling,D01,Điểm học bạ,2023,16.5,Markeling
57636,DTD,markeling,A00,Điểm thi THPT,2023,15.0,Markeling
57637,DTD,markeling,A01,Điểm thi THPT,2023,15.0,Markeling
57638,DTD,markeling,C04,Điểm thi THPT,2023,15.0,Markeling
57639,DTD,markeling,D01,Điểm thi THPT,2023,15.0,Markeling
57640,DTD,marketing,A00,Điểm thi THPT,2021,15.0,Marketing
57641,DTD,marketing,A01,Điểm thi THPT,2021,15.0,Marketing
57642,DTD,marketing,C04,Điểm thi THPT,2021,15.0,Marketing
57643,DTD,marketing,D01,Điểm thi THPT,2021,15.0,Marketing
57644,DTD,marketing,A00,Điểm học bạ,2022,16.5,Marketing
57645,DTD,marketing,A01,Điểm học bạ,2022,16.5,Marketing
57646,DTD,marketing,C04,Điểm học bạ,2022,16.5,Marketing
57647,DTD,marketing,D01,Điểm học bạ,2022,16.5,Marketing
57648,DTD,marketing,A00,Điểm thi THPT,2022,16.0,Marketing
57649,DTD,marketing,A01,Điểm thi THPT,2022,16.0,Marketing
57650,DTD,marketing,C04,Điểm thi THPT,2022,16.0,Marketing
57651,DTD,marketing,D01,Điểm thi THPT,2022,16.0,Marketing
57652,DTD,marketing,A00,Điểm học bạ,2024,16.5,Marketing
57653,DTD,marketing,A01,Điểm học bạ,2024,16.5,Marketing
57654,DTD,marketing,C04,Điểm học bạ,2024,16.5,Marketing
57655,DTD,marketing,D01,Điểm học bạ,2024,16.5,Marketing
57656,DTD,marketing,A00,Điểm thi THPT,2024,15.0,Marketing
57657,DTD,marketing,A01,Điểm thi THPT,2024,15.0,Marketing
57658,DTD,marketing,C04,Điểm thi THPT,2024,15.0,Marketing
57659,DTD,marketing,D01,Điểm thi THPT,2024,15.0,Marketing
57660,DTD,marketing,A00,Điểm học bạ,2025,16.5,Marketing
57661,DTD,marketing,A01,Điểm học bạ,2025,16.5,Marketing
57662,DTD,marketing,C04,Điểm học bạ,2025,16.5,Marketing
57663,DTD,marketing,D01,Điểm học bạ,2025,16.5,Marketing
57664,DTD,marketing,X02,Điểm học bạ,2025,16.5,Marketing
57665,DTD,marketing,X06,Điểm học bạ,2025,16.5,Marketing
57666,DTD,marketing,X26,Điểm học bạ,2025,16.5,Marketing
57667,DTD,marketing,A00,Điểm thi THPT,2025,15.0,Marketing
57668,DTD,marketing,A01,Điểm thi THPT,2025,15.0,Marketing
57669,DTD,marketing,C04,Điểm thi THPT,2025,15.0,Marketing
57670,DTD,marketing,D01,Điểm thi THPT,2025,15.0,Marketing
57671,DTD,marketing,X02,Điểm thi THPT,2025,15.0,Marketing
57672,DTD,marketing,X06,Điểm thi THPT,2025,15.0,Marketing
57673,DTD,marketing,X26,Điểm thi THPT,2025,15.0,Marketing
57674,DTD,ngon-ngu-anh,D01,Điểm thi THPT,2021,15.0,Ngôn ngữ anh
57675,DTD,ngon-ngu-anh,D14,Điểm thi THPT,2021,15.0,Ngôn ngữ anh
57676,DTD,ngon-ngu-anh,D15,Điểm thi THPT,2021,15.0,Ngôn ngữ anh
57677,DTD,ngon-ngu-anh,D66,Điểm thi THPT,2021,15.0,Ngôn ngữ anh
57678,DTD,ngon-ngu-anh,D01,Điểm học bạ,2022,16.5,Ngôn ngữ Anh
57679,DTD,ngon-ngu-anh,D14,Điểm học bạ,2022,16.5,Ngôn ngữ Anh
57680,DTD,ngon-ngu-anh,D15,Điểm học bạ,2022,16.5,Ngôn ngữ Anh
57681,DTD,ngon-ngu-anh,D66,Điểm học bạ,2022,16.5,Ngôn ngữ Anh
57682,DTD,ngon-ngu-anh,D01,Điểm thi THPT,2022,16.0,Ngôn ngữ Anh
57683,DTD,ngon-ngu-anh,D14,Điểm thi THPT,2022,16.0,Ngôn ngữ Anh
57684,DTD,ngon-ngu-anh,D15,Điểm thi THPT,2022,16.0,Ngôn ngữ Anh
57685,DTD,ngon-ngu-anh,D66,Điểm thi THPT,2022,16.0,Ngôn ngữ Anh
57686,DTD,ngon-ngu-anh,D01,Điểm học bạ,2023,16.5,Ngôn ngữ Anh
57687,DTD,ngon-ngu-anh,D14,Điểm học bạ,2023,16.5,Ngôn ngữ Anh
57688,DTD,ngon-ngu-anh,D15,Điểm học bạ,2023,16.5,Ngôn ngữ Anh
57689,DTD,ngon-ngu-anh,D66,Điểm học bạ,2023,16.5,Ngôn ngữ Anh
57690,DTD,ngon-ngu-anh,D01,Điểm thi THPT,2023,15.0,Ngôn ngữ Anh
57691,DTD,ngon-ngu-anh,D14,Điểm thi THPT,2023,15.0,Ngôn ngữ Anh
57692,DTD,ngon-ngu-anh,D15,Điểm thi THPT,2023,15.0,Ngôn ngữ Anh
57693,DTD,ngon-ngu-anh,D66,Điểm thi THPT,2023,15.0,Ngôn ngữ Anh
57694,DTD,ngon-ngu-anh,D01,Điểm học bạ,2024,16.5,Ngôn ngữ Anh
57695,DTD,ngon-ngu-anh,D14,Điểm học bạ,2024,16.5,Ngôn ngữ Anh
57696,DTD,ngon-ngu-anh,D15,Điểm học bạ,2024,16.5,Ngôn ngữ Anh
57697,DTD,ngon-ngu-anh,D66,Điểm học bạ,2024,16.5,Ngôn ngữ Anh
57698,DTD,ngon-ngu-anh,D01,Điểm thi THPT,2024,15.0,Ngôn ngữ Anh
57699,DTD,ngon-ngu-anh,D14,Điểm thi THPT,2024,15.0,Ngôn ngữ Anh
57700,DTD,ngon-ngu-anh,D15,Điểm thi THPT,2024,15.0,Ngôn ngữ Anh
57701,DTD,ngon-ngu-anh,D66,Điểm thi THPT,2024,15.0,Ngôn ngữ Anh
57702,DTD,ngon-ngu-anh,D01,Điểm học bạ,2025,16.5,Ngôn ngữ Anh
57703,DTD,ngon-ngu-anh,D14,Điểm học bạ,2025,16.5,Ngôn ngữ Anh
57704,DTD,ngon-ngu-anh,D15,Điểm học bạ,2025,16.5,Ngôn ngữ Anh
57705,DTD,ngon-ngu-anh,D66,Điểm học bạ,2025,16.5,Ngôn ngữ Anh
57706,DTD,ngon-ngu-anh,X78,Điểm học bạ,2025,16.5,Ngôn ngữ Anh
57707,DTD,ngon-ngu-anh,D01,Điểm thi THPT,2025,15.0,Ngôn ngữ Anh
57708,DTD,ngon-ngu-anh,D14,Điểm thi THPT,2025,15.0,Ngôn ngữ Anh
57709,DTD,ngon-ngu-anh,D15,Điểm thi THPT,2025,15.0,Ngôn ngữ Anh
57710,DTD,ngon-ngu-anh,D66,Điểm thi THPT,2025,15.0,Ngôn ngữ Anh
57711,DTD,ngon-ngu-anh,X78,Điểm thi THPT,2025,15.0,Ngôn ngữ Anh
57712,DTD,nuoi-trong-thuy-san,A00,Điểm thi THPT,2021,15.0,Nuôi trồng thuỷ sản
57713,DTD,nuoi-trong-thuy-san,A01,Điểm thi THPT,2021,15.0,Nuôi trồng thuỷ sản
57714,DTD,nuoi-trong-thuy-san,B00,Điểm thi THPT,2021,15.0,Nuôi trồng thuỷ sản
57715,DTD,nuoi-trong-thuy-san,D07,Điểm thi THPT,2021,15.0,Nuôi trồng thuỷ sản
57716,DTD,nuoi-trong-thuy-san,A00,Điểm học bạ,2022,16.5,Nuôi trồng thủy sản
57717,DTD,nuoi-trong-thuy-san,A01,Điểm học bạ,2022,16.5,Nuôi trồng thủy sản
57718,DTD,nuoi-trong-thuy-san,B00,Điểm học bạ,2022,16.5,Nuôi trồng thủy sản
57719,DTD,nuoi-trong-thuy-san,D07,Điểm học bạ,2022,16.5,Nuôi trồng thủy sản
57720,DTD,nuoi-trong-thuy-san,A00,Điểm thi THPT,2022,15.0,Nuôi trồng thủy sản
57721,DTD,nuoi-trong-thuy-san,A01,Điểm thi THPT,2022,15.0,Nuôi trồng thủy sản
57722,DTD,nuoi-trong-thuy-san,B00,Điểm thi THPT,2022,15.0,Nuôi trồng thủy sản
57723,DTD,nuoi-trong-thuy-san,D07,Điểm thi THPT,2022,15.0,Nuôi trồng thủy sản
57724,DTD,nuoi-trong-thuy-san,A00,Điểm học bạ,2023,16.5,Nuôi trồng thủy sản
57725,DTD,nuoi-trong-thuy-san,A01,Điểm học bạ,2023,16.5,Nuôi trồng thủy sản
57726,DTD,nuoi-trong-thuy-san,B00,Điểm học bạ,2023,16.5,Nuôi trồng thủy sản
57727,DTD,nuoi-trong-thuy-san,D07,Điểm học bạ,2023,16.5,Nuôi trồng thủy sản
57728,DTD,nuoi-trong-thuy-san,A00,Điểm thi THPT,2023,15.0,Nuôi trồng thủy sản
57729,DTD,nuoi-trong-thuy-san,A01,Điểm thi THPT,2023,15.0,Nuôi trồng thủy sản
57730,DTD,nuoi-trong-thuy-san,B00,Điểm thi THPT,2023,15.0,Nuôi trồng thủy sản
57731,DTD,nuoi-trong-thuy-san,D07,Điểm thi THPT,2023,15.0,Nuôi trồng thủy sản
57732,DTD,nuoi-trong-thuy-san,A00,Điểm học bạ,2024,16.5,Nuôi trồng thủy sản
57733,DTD,nuoi-trong-thuy-san,A01,Điểm học bạ,2024,16.5,Nuôi trồng thủy sản
57734,DTD,nuoi-trong-thuy-san,B00,Điểm học bạ,2024,16.5,Nuôi trồng thủy sản
57735,DTD,nuoi-trong-thuy-san,D07,Điểm học bạ,2024,16.5,Nuôi trồng thủy sản
57736,DTD,nuoi-trong-thuy-san,A00,Điểm thi THPT,2024,15.0,Nuôi trồng thủy sản
57737,DTD,nuoi-trong-thuy-san,A01,Điểm thi THPT,2024,15.0,Nuôi trồng thủy sản
57738,DTD,nuoi-trong-thuy-san,B00,Điểm thi THPT,2024,15.0,Nuôi trồng thủy sản
57739,DTD,nuoi-trong-thuy-san,D07,Điểm thi THPT,2024,15.0,Nuôi trồng thủy sản
57740,DTD,nuoi-trong-thuy-san,A00,Điểm học bạ,2025,16.5,Nuôi trồng thủy sản
57741,DTD,nuoi-trong-thuy-san,A01,Điểm học bạ,2025,16.5,Nuôi trồng thủy sản
57742,DTD,nuoi-trong-thuy-san,B00,Điểm học bạ,2025,16.5,Nuôi trồng thủy sản
57743,DTD,nuoi-trong-thuy-san,D01,Điểm học bạ,2025,16.5,Nuôi trồng thủy sản
57744,DTD,nuoi-trong-thuy-san,D07,Điểm học bạ,2025,16.5,Nuôi trồng thủy sản
57745,DTD,nuoi-trong-thuy-san,X06,Điểm học bạ,2025,16.5,Nuôi trồng thủy sản
57746,DTD,nuoi-trong-thuy-san,X10,Điểm học bạ,2025,16.5,Nuôi trồng thủy sản
57747,DTD,nuoi-trong-thuy-san,A00,Điểm thi THPT,2025,15.0,Nuôi trồng thủy sản
57748,DTD,nuoi-trong-thuy-san,A01,Điểm thi THPT,2025,15.0,Nuôi trồng thủy sản
57749,DTD,nuoi-trong-thuy-san,B00,Điểm thi THPT,2025,15.0,Nuôi trồng thủy sản
57750,DTD,nuoi-trong-thuy-san,D01,Điểm thi THPT,2025,15.0,Nuôi trồng thủy sản
57751,DTD,nuoi-trong-thuy-san,D07,Điểm thi THPT,2025,15.0,Nuôi trồng thủy sản
57752,DTD,nuoi-trong-thuy-san,X06,Điểm thi THPT,2025,15.0,Nuôi trồng thủy sản
57753,DTD,nuoi-trong-thuy-san,X10,Điểm thi THPT,2025,15.0,Nuôi trồng thủy sản
57754,DTD,quan-ly-dat-dai,A00,Điểm thi THPT,2021,15.0,Quản lý đất đai
57755,DTD,quan-ly-dat-dai,A01,Điểm thi THPT,2021,15.0,Quản lý đất đai
57756,DTD,quan-ly-dat-dai,B00,Điểm thi THPT,2021,15.0,Quản lý đất đai
57757,DTD,quan-ly-dat-dai,D01,Điểm thi THPT,2021,15.0,Quản lý đất đai
57758,DTD,quan-ly-dat-dai,A00,Điểm học bạ,2022,16.5,Quản lý đất đai
57759,DTD,quan-ly-dat-dai,A01,Điểm học bạ,2022,16.5,Quản lý đất đai
57760,DTD,quan-ly-dat-dai,B00,Điểm học bạ,2022,16.5,Quản lý đất đai
57761,DTD,quan-ly-dat-dai,D01,Điểm học bạ,2022,16.5,Quản lý đất đai
57762,DTD,quan-ly-dat-dai,A00,Điểm thi THPT,2022,15.0,Quản lý đất đai
57763,DTD,quan-ly-dat-dai,A01,Điểm thi THPT,2022,15.0,Quản lý đất đai
57764,DTD,quan-ly-dat-dai,B00,Điểm thi THPT,2022,15.0,Quản lý đất đai
57765,DTD,quan-ly-dat-dai,D01,Điểm thi THPT,2022,15.0,Quản lý đất đai
57766,DTD,quan-ly-dat-dai,A00,Điểm học bạ,2023,16.5,Quản lý đất đai
57767,DTD,quan-ly-dat-dai,A01,Điểm học bạ,2023,16.5,Quản lý đất đai
57768,DTD,quan-ly-dat-dai,B00,Điểm học bạ,2023,16.5,Quản lý đất đai
57769,DTD,quan-ly-dat-dai,D01,Điểm học bạ,2023,16.5,Quản lý đất đai
57770,DTD,quan-ly-dat-dai,A00,Điểm thi THPT,2023,15.0,Quản lý đất đai
57771,DTD,quan-ly-dat-dai,A01,Điểm thi THPT,2023,15.0,Quản lý đất đai
57772,DTD,quan-ly-dat-dai,B00,Điểm thi THPT,2023,15.0,Quản lý đất đai
57773,DTD,quan-ly-dat-dai,D01,Điểm thi THPT,2023,15.0,Quản lý đất đai
57774,DTD,quan-ly-dat-dai,A00,Điểm học bạ,2024,16.5,Quản lý đất đai
57775,DTD,quan-ly-dat-dai,A01,Điểm học bạ,2024,16.5,Quản lý đất đai
57776,DTD,quan-ly-dat-dai,B00,Điểm học bạ,2024,16.5,Quản lý đất đai
57777,DTD,quan-ly-dat-dai,D01,Điểm học bạ,2024,16.5,Quản lý đất đai
57778,DTD,quan-ly-dat-dai,A00,Điểm thi THPT,2024,15.0,Quản lý đất đai
57779,DTD,quan-ly-dat-dai,A01,Điểm thi THPT,2024,15.0,Quản lý đất đai
57780,DTD,quan-ly-dat-dai,B00,Điểm thi THPT,2024,15.0,Quản lý đất đai
57781,DTD,quan-ly-dat-dai,D01,Điểm thi THPT,2024,15.0,Quản lý đất đai
57782,DTD,quan-ly-dat-dai,A00,Điểm học bạ,2025,16.5,Quản lý đất đai
57783,DTD,quan-ly-dat-dai,A01,Điểm học bạ,2025,16.5,Quản lý đất đai
57784,DTD,quan-ly-dat-dai,B00,Điểm học bạ,2025,16.5,Quản lý đất đai
57785,DTD,quan-ly-dat-dai,D01,Điểm học bạ,2025,16.5,Quản lý đất đai
57786,DTD,quan-ly-dat-dai,X06,Điểm học bạ,2025,16.5,Quản lý đất đai
57787,DTD,quan-ly-dat-dai,X10,Điểm học bạ,2025,16.5,Quản lý đất đai
57788,DTD,quan-ly-dat-dai,A00,Điểm thi THPT,2025,15.0,Quản lý đất đai
57789,DTD,quan-ly-dat-dai,A01,Điểm thi THPT,2025,15.0,Quản lý đất đai
57790,DTD,quan-ly-dat-dai,B00,Điểm thi THPT,2025,15.0,Quản lý đất đai
57791,DTD,quan-ly-dat-dai,D01,Điểm thi THPT,2025,15.0,Quản lý đất đai
57792,DTD,quan-ly-dat-dai,X06,Điểm thi THPT,2025,15.0,Quản lý đất đai
57793,DTD,quan-ly-dat-dai,X10,Điểm thi THPT,2025,15.0,Quản lý đất đai
57794,DTD,quan-ly-tai-nguyen-va-moi-truong,A00,Điểm thi THPT,2021,15.0,Quản lý tài nguyên và môi trường
57795,DTD,quan-ly-tai-nguyen-va-moi-truong,A01,Điểm thi THPT,2021,15.0,Quản lý tài nguyên và môi trường
57796,DTD,quan-ly-tai-nguyen-va-moi-truong,B00,Điểm thi THPT,2021,15.0,Quản lý tài nguyên và môi trường
57797,DTD,quan-ly-tai-nguyen-va-moi-truong,D01,Điểm thi THPT,2021,15.0,Quản lý tài nguyên và môi trường
57798,DTD,quan-tri-dich-vu-du-lich-va-lu-hanh,A00,Điểm thi THPT,2021,15.0,Quản trị dịch vụ du lịch và lữ hành
57799,DTD,quan-tri-dich-vu-du-lich-va-lu-hanh,A01,Điểm thi THPT,2021,15.0,Quản trị dịch vụ du lịch và lữ hành
57800,DTD,quan-tri-dich-vu-du-lich-va-lu-hanh,C04,Điểm thi THPT,2021,15.0,Quản trị dịch vụ du lịch và lữ hành
57801,DTD,quan-tri-dich-vu-du-lich-va-lu-hanh,D01,Điểm thi THPT,2021,15.0,Quản trị dịch vụ du lịch và lữ hành
57802,DTD,quan-tri-dich-vu-du-lich-va-lu-hanh,A00,Điểm học bạ,2022,16.5,Quản trị dịch vụ du lịch và lữ hành
57803,DTD,quan-tri-dich-vu-du-lich-va-lu-hanh,A01,Điểm học bạ,2022,16.5,Quản trị dịch vụ du lịch và lữ hành
57804,DTD,quan-tri-dich-vu-du-lich-va-lu-hanh,C04,Điểm học bạ,2022,16.5,Quản trị dịch vụ du lịch và lữ hành
57805,DTD,quan-tri-dich-vu-du-lich-va-lu-hanh,D01,Điểm học bạ,2022,16.5,Quản trị dịch vụ du lịch và lữ hành
57806,DTD,quan-tri-dich-vu-du-lich-va-lu-hanh,A00,Điểm thi THPT,2022,15.0,Quản trị dịch vụ du lịch và lữ hành
57807,DTD,quan-tri-dich-vu-du-lich-va-lu-hanh,A01,Điểm thi THPT,2022,15.0,Quản trị dịch vụ du lịch và lữ hành
57808,DTD,quan-tri-dich-vu-du-lich-va-lu-hanh,C04,Điểm thi THPT,2022,15.0,Quản trị dịch vụ du lịch và lữ hành
57809,DTD,quan-tri-dich-vu-du-lich-va-lu-hanh,D01,Điểm thi THPT,2022,15.0,Quản trị dịch vụ du lịch và lữ hành
57810,DTD,quan-tri-dich-vu-du-lich-va-lu-hanh,A00,Điểm học bạ,2023,16.5,Quản trị dịch vụ du lịch và lữ hành
57811,DTD,quan-tri-dich-vu-du-lich-va-lu-hanh,A01,Điểm học bạ,2023,16.5,Quản trị dịch vụ du lịch và lữ hành
57812,DTD,quan-tri-dich-vu-du-lich-va-lu-hanh,C04,Điểm học bạ,2023,16.5,Quản trị dịch vụ du lịch và lữ hành
57813,DTD,quan-tri-dich-vu-du-lich-va-lu-hanh,D01,Điểm học bạ,2023,16.5,Quản trị dịch vụ du lịch và lữ hành
57814,DTD,quan-tri-dich-vu-du-lich-va-lu-hanh,A00,Điểm thi THPT,2023,15.0,Quản trị dịch vụ du lịch và lữ hành
57815,DTD,quan-tri-dich-vu-du-lich-va-lu-hanh,A01,Điểm thi THPT,2023,15.0,Quản trị dịch vụ du lịch và lữ hành
57816,DTD,quan-tri-dich-vu-du-lich-va-lu-hanh,C04,Điểm thi THPT,2023,15.0,Quản trị dịch vụ du lịch và lữ hành
57817,DTD,quan-tri-dich-vu-du-lich-va-lu-hanh,D01,Điểm thi THPT,2023,15.0,Quản trị dịch vụ du lịch và lữ hành
57818,DTD,quan-tri-dich-vu-du-lich-va-lu-hanh,A00,Điểm học bạ,2024,16.5,Quản trị dịch vụ du lịch và lữ hành
57819,DTD,quan-tri-dich-vu-du-lich-va-lu-hanh,A01,Điểm học bạ,2024,16.5,Quản trị dịch vụ du lịch và lữ hành
57820,DTD,quan-tri-dich-vu-du-lich-va-lu-hanh,C04,Điểm học bạ,2024,16.5,Quản trị dịch vụ du lịch và lữ hành
57821,DTD,quan-tri-dich-vu-du-lich-va-lu-hanh,D01,Điểm học bạ,2024,16.5,Quản trị dịch vụ du lịch và lữ hành
57822,DTD,quan-tri-dich-vu-du-lich-va-lu-hanh,A00,Điểm thi THPT,2024,15.0,Quản trị dịch vụ du lịch và lữ hành
57823,DTD,quan-tri-dich-vu-du-lich-va-lu-hanh,A01,Điểm thi THPT,2024,15.0,Quản trị dịch vụ du lịch và lữ hành
57824,DTD,quan-tri-dich-vu-du-lich-va-lu-hanh,C04,Điểm thi THPT,2024,15.0,Quản trị dịch vụ du lịch và lữ hành
57825,DTD,quan-tri-dich-vu-du-lich-va-lu-hanh,D01,Điểm thi THPT,2024,15.0,Quản trị dịch vụ du lịch và lữ hành
57826,DTD,quan-tri-dich-vu-du-lich-va-lu-hanh,A00,Điểm học bạ,2025,16.5,Quản trị dịch vụ du lịch và lữ hành
57827,DTD,quan-tri-dich-vu-du-lich-va-lu-hanh,A01,Điểm học bạ,2025,16.5,Quản trị dịch vụ du lịch và lữ hành
57828,DTD,quan-tri-dich-vu-du-lich-va-lu-hanh,A07,Điểm học bạ,2025,16.5,Quản trị dịch vụ du lịch và lữ hành
57829,DTD,quan-tri-dich-vu-du-lich-va-lu-hanh,C00,Điểm học bạ,2025,16.5,Quản trị dịch vụ du lịch và lữ hành
57830,DTD,quan-tri-dich-vu-du-lich-va-lu-hanh,C04,Điểm học bạ,2025,16.5,Quản trị dịch vụ du lịch và lữ hành
57831,DTD,quan-tri-dich-vu-du-lich-va-lu-hanh,D01,Điểm học bạ,2025,16.5,Quản trị dịch vụ du lịch và lữ hành
57832,DTD,quan-tri-dich-vu-du-lich-va-lu-hanh,D07,Điểm học bạ,2025,16.5,Quản trị dịch vụ du lịch và lữ hành
57833,DTD,quan-tri-dich-vu-du-lich-va-lu-hanh,D14,Điểm học bạ,2025,16.5,Quản trị dịch vụ du lịch và lữ hành
57834,DTD,quan-tri-dich-vu-du-lich-va-lu-hanh,D15,Điểm học bạ,2025,16.5,Quản trị dịch vụ du lịch và lữ hành
57835,DTD,quan-tri-dich-vu-du-lich-va-lu-hanh,X01,Điểm học bạ,2025,16.5,Quản trị dịch vụ du lịch và lữ hành
57836,DTD,quan-tri-dich-vu-du-lich-va-lu-hanh,X21,Điểm học bạ,2025,16.5,Quản trị dịch vụ du lịch và lữ hành
57837,DTD,quan-tri-dich-vu-du-lich-va-lu-hanh,X25,Điểm học bạ,2025,16.5,Quản trị dịch vụ du lịch và lữ hành
57838,DTD,quan-tri-dich-vu-du-lich-va-lu-hanh,A00,Điểm thi THPT,2025,15.0,Quản trị dịch vụ du lịch và lữ hành
57839,DTD,quan-tri-dich-vu-du-lich-va-lu-hanh,A01,Điểm thi THPT,2025,15.0,Quản trị dịch vụ du lịch và lữ hành
57840,DTD,quan-tri-dich-vu-du-lich-va-lu-hanh,A07,Điểm thi THPT,2025,15.0,Quản trị dịch vụ du lịch và lữ hành
57841,DTD,quan-tri-dich-vu-du-lich-va-lu-hanh,C00,Điểm thi THPT,2025,15.0,Quản trị dịch vụ du lịch và lữ hành
57842,DTD,quan-tri-dich-vu-du-lich-va-lu-hanh,C04,Điểm thi THPT,2025,15.0,Quản trị dịch vụ du lịch và lữ hành
57843,DTD,quan-tri-dich-vu-du-lich-va-lu-hanh,D01,Điểm thi THPT,2025,15.0,Quản trị dịch vụ du lịch và lữ hành
57844,DTD,quan-tri-dich-vu-du-lich-va-lu-hanh,D07,Điểm thi THPT,2025,15.0,Quản trị dịch vụ du lịch và lữ hành
57845,DTD,quan-tri-dich-vu-du-lich-va-lu-hanh,D14,Điểm thi THPT,2025,15.0,Quản trị dịch vụ du lịch và lữ hành
57846,DTD,quan-tri-dich-vu-du-lich-va-lu-hanh,D15,Điểm thi THPT,2025,15.0,Quản trị dịch vụ du lịch và lữ hành
57847,DTD,quan-tri-dich-vu-du-lich-va-lu-hanh,X01,Điểm thi THPT,2025,15.0,Quản trị dịch vụ du lịch và lữ hành
57848,DTD,quan-tri-dich-vu-du-lich-va-lu-hanh,X21,Điểm thi THPT,2025,15.0,Quản trị dịch vụ du lịch và lữ hành
57849,DTD,quan-tri-dich-vu-du-lich-va-lu-hanh,X25,Điểm thi THPT,2025,15.0,Quản trị dịch vụ du lịch và lữ hành
57850,DTD,quan-tri-khach-san,C00,Điểm thi THPT,2021,15.0,Quản trị khách sạn
57851,DTD,quan-tri-khach-san,D01,Điểm thi THPT,2021,15.0,Quản trị khách sạn
57852,DTD,quan-tri-khach-san,D14,Điểm thi THPT,2021,15.0,Quản trị khách sạn
57853,DTD,quan-tri-khach-san,D15,Điểm thi THPT,2021,15.0,Quản trị khách sạn
57854,DTD,quan-tri-khach-san,C00,Điểm học bạ,2022,16.5,Quản trị khách sạn
57855,DTD,quan-tri-khach-san,D01,Điểm học bạ,2022,16.5,Quản trị khách sạn
57856,DTD,quan-tri-khach-san,D14,Điểm học bạ,2022,16.5,Quản trị khách sạn
57857,DTD,quan-tri-khach-san,D15,Điểm học bạ,2022,16.5,Quản trị khách sạn
57858,DTD,quan-tri-khach-san,C00,Điểm thi THPT,2022,15.0,Quản trị khách sạn
57859,DTD,quan-tri-khach-san,D01,Điểm thi THPT,2022,15.0,Quản trị khách sạn
57860,DTD,quan-tri-khach-san,D14,Điểm thi THPT,2022,15.0,Quản trị khách sạn
57861,DTD,quan-tri-khach-san,D15,Điểm thi THPT,2022,15.0,Quản trị khách sạn
57862,DTD,quan-tri-khach-san,C00,Điểm học bạ,2023,16.5,Quản trị khách sạn
57863,DTD,quan-tri-khach-san,D01,Điểm học bạ,2023,16.5,Quản trị khách sạn
57864,DTD,quan-tri-khach-san,D14,Điểm học bạ,2023,16.5,Quản trị khách sạn
57865,DTD,quan-tri-khach-san,D15,Điểm học bạ,2023,16.5,Quản trị khách sạn
57866,DTD,quan-tri-khach-san,C00,Điểm thi THPT,2023,15.0,Quản trị khách sạn
57867,DTD,quan-tri-khach-san,D01,Điểm thi THPT,2023,15.0,Quản trị khách sạn
57868,DTD,quan-tri-khach-san,D14,Điểm thi THPT,2023,15.0,Quản trị khách sạn
57869,DTD,quan-tri-khach-san,D15,Điểm thi THPT,2023,15.0,Quản trị khách sạn
57870,DTD,quan-tri-khach-san,C00,Điểm học bạ,2024,16.5,Quản trị khách sạn
57871,DTD,quan-tri-khach-san,D01,Điểm học bạ,2024,16.5,Quản trị khách sạn
57872,DTD,quan-tri-khach-san,D14,Điểm học bạ,2024,16.5,Quản trị khách sạn
57873,DTD,quan-tri-khach-san,D15,Điểm học bạ,2024,16.5,Quản trị khách sạn
57874,DTD,quan-tri-khach-san,C00,Điểm thi THPT,2024,15.0,Quản trị khách sạn
57875,DTD,quan-tri-khach-san,D01,Điểm thi THPT,2024,15.0,Quản trị khách sạn
57876,DTD,quan-tri-khach-san,D14,Điểm thi THPT,2024,15.0,Quản trị khách sạn
57877,DTD,quan-tri-khach-san,D15,Điểm thi THPT,2024,15.0,Quản trị khách sạn
57878,DTD,quan-tri-khach-san,A00,Điểm học bạ,2025,16.5,Quản trị khách sạn
57879,DTD,quan-tri-khach-san,A01,Điểm học bạ,2025,16.5,Quản trị khách sạn
57880,DTD,quan-tri-khach-san,A07,Điểm học bạ,2025,16.5,Quản trị khách sạn
57881,DTD,quan-tri-khach-san,C00,Điểm học bạ,2025,16.5,Quản trị khách sạn
57882,DTD,quan-tri-khach-san,C04,Điểm học bạ,2025,16.5,Quản trị khách sạn
57883,DTD,quan-tri-khach-san,D01,Điểm học bạ,2025,16.5,Quản trị khách sạn
57884,DTD,quan-tri-khach-san,D07,Điểm học bạ,2025,16.5,Quản trị khách sạn
57885,DTD,quan-tri-khach-san,D14,Điểm học bạ,2025,16.5,Quản trị khách sạn
57886,DTD,quan-tri-khach-san,D15,Điểm học bạ,2025,16.5,Quản trị khách sạn
57887,DTD,quan-tri-khach-san,X01,Điểm học bạ,2025,16.5,Quản trị khách sạn
57888,DTD,quan-tri-khach-san,X21,Điểm học bạ,2025,16.5,Quản trị khách sạn
57889,DTD,quan-tri-khach-san,X25,Điểm học bạ,2025,16.5,Quản trị khách sạn
57890,DTD,quan-tri-khach-san,A00,Điểm thi THPT,2025,15.0,Quản trị khách sạn
57891,DTD,quan-tri-khach-san,A01,Điểm thi THPT,2025,15.0,Quản trị khách sạn
57892,DTD,quan-tri-khach-san,A07,Điểm thi THPT,2025,15.0,Quản trị khách sạn
57893,DTD,quan-tri-khach-san,C00,Điểm thi THPT,2025,15.0,Quản trị khách sạn
57894,DTD,quan-tri-khach-san,C04,Điểm thi THPT,2025,15.0,Quản trị khách sạn
57895,DTD,quan-tri-khach-san,D01,Điểm thi THPT,2025,15.0,Quản trị khách sạn
57896,DTD,quan-tri-khach-san,D07,Điểm thi THPT,2025,15.0,Quản trị khách sạn
57897,DTD,quan-tri-khach-san,D14,Điểm thi THPT,2025,15.0,Quản trị khách sạn
57898,DTD,quan-tri-khach-san,D15,Điểm thi THPT,2025,15.0,Quản trị khách sạn
57899,DTD,quan-tri-khach-san,X01,Điểm thi THPT,2025,15.0,Quản trị khách sạn
57900,DTD,quan-tri-khach-san,X21,Điểm thi THPT,2025,15.0,Quản trị khách sạn
57901,DTD,quan-tri-khach-san,X25,Điểm thi THPT,2025,15.0,Quản trị khách sạn
57902,DTD,quan-tri-kinh-doanh,A00,Điểm thi THPT,2021,15.0,Quản trị kinh doanh
57903,DTD,quan-tri-kinh-doanh,A01,Điểm thi THPT,2021,15.0,Quản trị kinh doanh
57904,DTD,quan-tri-kinh-doanh,C04,Điểm thi THPT,2021,15.0,Quản trị kinh doanh
57905,DTD,quan-tri-kinh-doanh,D01,Điểm thi THPT,2021,15.0,Quản trị kinh doanh
57906,DTD,quan-tri-kinh-doanh,A00,Điểm học bạ,2022,16.5,Quản trị kinh doanh
57907,DTD,quan-tri-kinh-doanh,A01,Điểm học bạ,2022,16.5,Quản trị kinh doanh
57908,DTD,quan-tri-kinh-doanh,C04,Điểm học bạ,2022,16.5,Quản trị kinh doanh
57909,DTD,quan-tri-kinh-doanh,D01,Điểm học bạ,2022,16.5,Quản trị kinh doanh
57910,DTD,quan-tri-kinh-doanh,A00,Điểm thi THPT,2022,16.0,Quản trị kinh doanh
57911,DTD,quan-tri-kinh-doanh,A01,Điểm thi THPT,2022,16.0,Quản trị kinh doanh
57912,DTD,quan-tri-kinh-doanh,C04,Điểm thi THPT,2022,16.0,Quản trị kinh doanh
57913,DTD,quan-tri-kinh-doanh,D01,Điểm thi THPT,2022,16.0,Quản trị kinh doanh
57914,DTD,quan-tri-kinh-doanh,A00,Điểm học bạ,2023,16.5,Quản trị kinh doanh
57915,DTD,quan-tri-kinh-doanh,A01,Điểm học bạ,2023,16.5,Quản trị kinh doanh
57916,DTD,quan-tri-kinh-doanh,C04,Điểm học bạ,2023,16.5,Quản trị kinh doanh
57917,DTD,quan-tri-kinh-doanh,D01,Điểm học bạ,2023,16.5,Quản trị kinh doanh
57918,DTD,quan-tri-kinh-doanh,A00,Điểm thi THPT,2023,15.0,Quản trị kinh doanh
57919,DTD,quan-tri-kinh-doanh,A01,Điểm thi THPT,2023,15.0,Quản trị kinh doanh
57920,DTD,quan-tri-kinh-doanh,C04,Điểm thi THPT,2023,15.0,Quản trị kinh doanh
57921,DTD,quan-tri-kinh-doanh,D01,Điểm thi THPT,2023,15.0,Quản trị kinh doanh
57922,DTD,quan-tri-kinh-doanh,A00,Điểm học bạ,2024,16.5,Quản trị kinh doanh
57923,DTD,quan-tri-kinh-doanh,A01,Điểm học bạ,2024,16.5,Quản trị kinh doanh
57924,DTD,quan-tri-kinh-doanh,C04,Điểm học bạ,2024,16.5,Quản trị kinh doanh
57925,DTD,quan-tri-kinh-doanh,D01,Điểm học bạ,2024,16.5,Quản trị kinh doanh
57926,DTD,quan-tri-kinh-doanh,A00,Điểm thi THPT,2024,15.0,Quản trị kinh doanh
57927,DTD,quan-tri-kinh-doanh,A01,Điểm thi THPT,2024,15.0,Quản trị kinh doanh
57928,DTD,quan-tri-kinh-doanh,C04,Điểm thi THPT,2024,15.0,Quản trị kinh doanh
57929,DTD,quan-tri-kinh-doanh,D01,Điểm thi THPT,2024,15.0,Quản trị kinh doanh
57930,DTD,quan-tri-kinh-doanh,A00,Điểm học bạ,2025,16.5,Quản trị kinh doanh
57931,DTD,quan-tri-kinh-doanh,A01,Điểm học bạ,2025,16.5,Quản trị kinh doanh
57932,DTD,quan-tri-kinh-doanh,C04,Điểm học bạ,2025,16.5,Quản trị kinh doanh
57933,DTD,quan-tri-kinh-doanh,D01,Điểm học bạ,2025,16.5,Quản trị kinh doanh
57934,DTD,quan-tri-kinh-doanh,X02,Điểm học bạ,2025,16.5,Quản trị kinh doanh
57935,DTD,quan-tri-kinh-doanh,X06,Điểm học bạ,2025,16.5,Quản trị kinh doanh
57936,DTD,quan-tri-kinh-doanh,X26,Điểm học bạ,2025,16.5,Quản trị kinh doanh
57937,DTD,quan-tri-kinh-doanh,A00,Điểm thi THPT,2025,15.0,Quản trị kinh doanh
57938,DTD,quan-tri-kinh-doanh,A01,Điểm thi THPT,2025,15.0,Quản trị kinh doanh
57939,DTD,quan-tri-kinh-doanh,C04,Điểm thi THPT,2025,15.0,Quản trị kinh doanh
57940,DTD,quan-tri-kinh-doanh,D01,Điểm thi THPT,2025,15.0,Quản trị kinh doanh
57941,DTD,quan-tri-kinh-doanh,X02,Điểm thi THPT,2025,15.0,Quản trị kinh doanh
57942,DTD,quan-tri-kinh-doanh,X06,Điểm thi THPT,2025,15.0,Quản trị kinh doanh
57943,DTD,quan-tri-kinh-doanh,X26,Điểm thi THPT,2025,15.0,Quản trị kinh doanh
57944,DTD,tai-chinh-ngan-hang,A00,Điểm thi THPT,2021,15.0,Tài chính ngân hàng
57945,DTD,tai-chinh-ngan-hang,A01,Điểm thi THPT,2021,15.0,Tài chính ngân hàng
57946,DTD,tai-chinh-ngan-hang,C04,Điểm thi THPT,2021,15.0,Tài chính ngân hàng
57947,DTD,tai-chinh-ngan-hang,D01,Điểm thi THPT,2021,15.0,Tài chính ngân hàng
57948,DTD,tai-chinh-ngan-hang,A00,Điểm học bạ,2022,16.5,Tài chính ngân hàng
57949,DTD,tai-chinh-ngan-hang,A01,Điểm học bạ,2022,16.5,Tài chính ngân hàng
57950,DTD,tai-chinh-ngan-hang,C04,Điểm học bạ,2022,16.5,Tài chính ngân hàng
57951,DTD,tai-chinh-ngan-hang,D01,Điểm học bạ,2022,16.5,Tài chính ngân hàng
57952,DTD,tai-chinh-ngan-hang,A00,Điểm thi THPT,2022,16.0,Tài chính ngân hàng
57953,DTD,tai-chinh-ngan-hang,A01,Điểm thi THPT,2022,16.0,Tài chính ngân hàng
57954,DTD,tai-chinh-ngan-hang,C04,Điểm thi THPT,2022,16.0,Tài chính ngân hàng
57955,DTD,tai-chinh-ngan-hang,D01,Điểm thi THPT,2022,16.0,Tài chính ngân hàng
57956,DTD,tai-chinh-ngan-hang,A00,Điểm học bạ,2023,16.5,Tài chính ngân hàng
57957,DTD,tai-chinh-ngan-hang,A01,Điểm học bạ,2023,16.5,Tài chính ngân hàng
57958,DTD,tai-chinh-ngan-hang,C04,Điểm học bạ,2023,16.5,Tài chính ngân hàng
57959,DTD,tai-chinh-ngan-hang,D01,Điểm học bạ,2023,16.5,Tài chính ngân hàng
57960,DTD,tai-chinh-ngan-hang,A00,Điểm thi THPT,2023,15.0,Tài chính ngân hàng
57961,DTD,tai-chinh-ngan-hang,A01,Điểm thi THPT,2023,15.0,Tài chính ngân hàng
57962,DTD,tai-chinh-ngan-hang,C04,Điểm thi THPT,2023,15.0,Tài chính ngân hàng
57963,DTD,tai-chinh-ngan-hang,D01,Điểm thi THPT,2023,15.0,Tài chính ngân hàng
57964,DTD,tai-chinh-ngan-hang,A00,Điểm học bạ,2024,16.5,Tài chính ngân hàng
57965,DTD,tai-chinh-ngan-hang,A01,Điểm học bạ,2024,16.5,Tài chính ngân hàng
57966,DTD,tai-chinh-ngan-hang,C04,Điểm học bạ,2024,16.5,Tài chính ngân hàng
57967,DTD,tai-chinh-ngan-hang,D01,Điểm học bạ,2024,16.5,Tài chính ngân hàng
57968,DTD,tai-chinh-ngan-hang,A00,Điểm thi THPT,2024,15.0,Tài chính ngân hàng
57969,DTD,tai-chinh-ngan-hang,A01,Điểm thi THPT,2024,15.0,Tài chính ngân hàng
57970,DTD,tai-chinh-ngan-hang,C04,Điểm thi THPT,2024,15.0,Tài chính ngân hàng
57971,DTD,tai-chinh-ngan-hang,D01,Điểm thi THPT,2024,15.0,Tài chính ngân hàng
57972,DTD,tai-chinh-ngan-hang,A00,Điểm học bạ,2025,16.5,Tài chính - Ngân hàng
57973,DTD,tai-chinh-ngan-hang,A01,Điểm học bạ,2025,16.5,Tài chính - Ngân hàng
57974,DTD,tai-chinh-ngan-hang,C04,Điểm học bạ,2025,16.5,Tài chính - Ngân hàng
57975,DTD,tai-chinh-ngan-hang,D01,Điểm học bạ,2025,16.5,Tài chính - Ngân hàng
57976,DTD,tai-chinh-ngan-hang,X02,Điểm học bạ,2025,16.5,Tài chính - Ngân hàng
57977,DTD,tai-chinh-ngan-hang,X06,Điểm học bạ,2025,16.5,Tài chính - Ngân hàng
57978,DTD,tai-chinh-ngan-hang,X26,Điểm học bạ,2025,16.5,Tài chính - Ngân hàng
57979,DTD,tai-chinh-ngan-hang,A00,Điểm thi THPT,2025,15.0,Tài chính - Ngân hàng
57980,DTD,tai-chinh-ngan-hang,A01,Điểm thi THPT,2025,15.0,Tài chính - Ngân hàng
57981,DTD,tai-chinh-ngan-hang,C04,Điểm thi THPT,2025,15.0,Tài chính - Ngân hàng
57982,DTD,tai-chinh-ngan-hang,D01,Điểm thi THPT,2025,15.0,Tài chính - Ngân hàng
57983,DTD,tai-chinh-ngan-hang,X02,Điểm thi THPT,2025,15.0,Tài chính - Ngân hàng
57984,DTD,tai-chinh-ngan-hang,X06,Điểm thi THPT,2025,15.0,Tài chính - Ngân hàng
57985,DTD,tai-chinh-ngan-hang,X26,Điểm thi THPT,2025,15.0,Tài chính - Ngân hàng
57986,DTD,thiet-ke-do-hoa,C04,Điểm học bạ,2022,16.5,Thiết kế đồ họa
57987,DTD,thiet-ke-do-hoa,D01,Điểm học bạ,2022,16.5,Thiết kế đồ họa
57988,DTD,thiet-ke-do-hoa,D10,Điểm học bạ,2022,16.5,Thiết kế đồ họa
57989,DTD,thiet-ke-do-hoa,D15,Điểm học bạ,2022,16.5,Thiết kế đồ họa
57990,DTD,thiet-ke-do-hoa,C04,Điểm thi THPT,2022,15.0,Thiết kế đồ họa
57991,DTD,thiet-ke-do-hoa,D01,Điểm thi THPT,2022,15.0,Thiết kế đồ họa
57992,DTD,thiet-ke-do-hoa,D10,Điểm thi THPT,2022,15.0,Thiết kế đồ họa
57993,DTD,thiet-ke-do-hoa,D15,Điểm thi THPT,2022,15.0,Thiết kế đồ họa
57994,DTD,thiet-ke-do-hoa,C04,Điểm học bạ,2023,16.5,Thiết kế đồ họa
57995,DTD,thiet-ke-do-hoa,D01,Điểm học bạ,2023,16.5,Thiết kế đồ họa
57996,DTD,thiet-ke-do-hoa,D10,Điểm học bạ,2023,16.5,Thiết kế đồ họa
57997,DTD,thiet-ke-do-hoa,D15,Điểm học bạ,2023,16.5,Thiết kế đồ họa
57998,DTD,thiet-ke-do-hoa,C04,Điểm thi THPT,2023,15.0,Thiết kế đồ họa
57999,DTD,thiet-ke-do-hoa,D01,Điểm thi THPT,2023,15.0,Thiết kế đồ họa
58000,DTD,thiet-ke-do-hoa,D10,Điểm thi THPT,2023,15.0,Thiết kế đồ họa
58001,DTD,thiet-ke-do-hoa,D15,Điểm thi THPT,2023,15.0,Thiết kế đồ họa
58002,DTD,thiet-ke-do-hoa,C04,Điểm học bạ,2024,16.5,Thiết kế đồ họa
58003,DTD,thiet-ke-do-hoa,D01,Điểm học bạ,2024,16.5,Thiết kế đồ họa
58004,DTD,thiet-ke-do-hoa,D10,Điểm học bạ,2024,16.5,Thiết kế đồ họa
58005,DTD,thiet-ke-do-hoa,D15,Điểm học bạ,2024,16.5,Thiết kế đồ họa
58006,DTD,thiet-ke-do-hoa,C04,Điểm thi THPT,2024,15.0,Thiết kế đồ họa
58007,DTD,thiet-ke-do-hoa,D01,Điểm thi THPT,2024,15.0,Thiết kế đồ họa
58008,DTD,thiet-ke-do-hoa,D10,Điểm thi THPT,2024,15.0,Thiết kế đồ họa
58009,DTD,thiet-ke-do-hoa,D15,Điểm thi THPT,2024,15.0,Thiết kế đồ họa
58010,DTD,thiet-ke-do-hoa,A00,Điểm học bạ,2025,16.5,Thiết kế đồ họa
58011,DTD,thiet-ke-do-hoa,C04,Điểm học bạ,2025,16.5,Thiết kế đồ họa
58012,DTD,thiet-ke-do-hoa,D01,Điểm học bạ,2025,16.5,Thiết kế đồ họa
58013,DTD,thiet-ke-do-hoa,D10,Điểm học bạ,2025,16.5,Thiết kế đồ họa
58014,DTD,thiet-ke-do-hoa,D15,Điểm học bạ,2025,16.5,Thiết kế đồ họa
58015,DTD,thiet-ke-do-hoa,X02,Điểm học bạ,2025,16.5,Thiết kế đồ họa
58016,DTD,thiet-ke-do-hoa,X06,Điểm học bạ,2025,16.5,Thiết kế đồ họa
58017,DTD,thiet-ke-do-hoa,X07,Điểm học bạ,2025,16.5,Thiết kế đồ họa
58018,DTD,thiet-ke-do-hoa,A00,Điểm thi THPT,2025,15.0,Thiết kế đồ họa
58019,DTD,thiet-ke-do-hoa,C04,Điểm thi THPT,2025,15.0,Thiết kế đồ họa
58020,DTD,thiet-ke-do-hoa,D01,Điểm thi THPT,2025,15.0,Thiết kế đồ họa
58021,DTD,thiet-ke-do-hoa,D10,Điểm thi THPT,2025,15.0,Thiết kế đồ họa
58022,DTD,thiet-ke-do-hoa,D15,Điểm thi THPT,2025,15.0,Thiết kế đồ họa
58023,DTD,thiet-ke-do-hoa,X02,Điểm thi THPT,2025,15.0,Thiết kế đồ họa
58024,DTD,thiet-ke-do-hoa,X06,Điểm thi THPT,2025,15.0,Thiết kế đồ họa
58025,DTD,thiet-ke-do-hoa,X07,Điểm thi THPT,2025,15.0,Thiết kế đồ họa
58026,DTD,thu-y,A06,Điểm thi THPT,2021,15.0,Thú y
58027,DTD,thu-y,B00,Điểm thi THPT,2021,15.0,Thú y
58028,DTD,thu-y,B02,Điểm thi THPT,2021,15.0,Thú y
58029,DTD,thu-y,C02,Điểm thi THPT,2021,15.0,Thú y
58030,DTD,thu-y,A06,Điểm học bạ,2022,16.5,Thú y
58031,DTD,thu-y,B00,Điểm học bạ,2022,16.5,Thú y
58032,DTD,thu-y,B02,Điểm học bạ,2022,16.5,Thú y
58033,DTD,thu-y,C02,Điểm học bạ,2022,16.5,Thú y
58034,DTD,thu-y,A06,Điểm thi THPT,2022,16.0,Thú y
58035,DTD,thu-y,B00,Điểm thi THPT,2022,16.0,Thú y
58036,DTD,thu-y,B02,Điểm thi THPT,2022,16.0,Thú y
58037,DTD,thu-y,C02,Điểm thi THPT,2022,16.0,Thú y
58038,DTD,thu-y,A06,Điểm học bạ,2023,16.5,Thú y
58039,DTD,thu-y,B00,Điểm học bạ,2023,16.5,Thú y
58040,DTD,thu-y,B02,Điểm học bạ,2023,16.5,Thú y
58041,DTD,thu-y,C02,Điểm học bạ,2023,16.5,Thú y
58042,DTD,thu-y,A06,Điểm thi THPT,2023,15.0,Thú y
58043,DTD,thu-y,B00,Điểm thi THPT,2023,15.0,Thú y
58044,DTD,thu-y,B02,Điểm thi THPT,2023,15.0,Thú y
58045,DTD,thu-y,C02,Điểm thi THPT,2023,15.0,Thú y
58046,DTD,thu-y,A06,Điểm học bạ,2024,16.5,Thú y
58047,DTD,thu-y,B00,Điểm học bạ,2024,16.5,Thú y
58048,DTD,thu-y,B02,Điểm học bạ,2024,16.5,Thú y
58049,DTD,thu-y,C02,Điểm học bạ,2024,16.5,Thú y
58050,DTD,thu-y,A06,Điểm thi THPT,2024,15.0,Thú y
58051,DTD,thu-y,B00,Điểm thi THPT,2024,15.0,Thú y
58052,DTD,thu-y,B02,Điểm thi THPT,2024,15.0,Thú y
58053,DTD,thu-y,C02,Điểm thi THPT,2024,15.0,Thú y
58054,DTD,thu-y,A06,Điểm học bạ,2025,16.5,Thú y
58055,DTD,thu-y,B00,Điểm học bạ,2025,16.5,Thú y
58056,DTD,thu-y,B02,Điểm học bạ,2025,16.5,Thú y
58057,DTD,thu-y,C02,Điểm học bạ,2025,16.5,Thú y
58058,DTD,thu-y,D01,Điểm học bạ,2025,16.5,Thú y
58059,DTD,thu-y,X10,Điểm học bạ,2025,16.5,Thú y
58060,DTD,thu-y,X14,Điểm học bạ,2025,16.5,Thú y
58061,DTD,thu-y,A06,Điểm thi THPT,2025,15.0,Thú y
58062,DTD,thu-y,B00,Điểm thi THPT,2025,15.0,Thú y
58063,DTD,thu-y,B02,Điểm thi THPT,2025,15.0,Thú y
58064,DTD,thu-y,C02,Điểm thi THPT,2025,15.0,Thú y
58065,DTD,thu-y,D01,Điểm thi THPT,2025,15.0,Thú y
58066,DTD,thu-y,X10,Điểm thi THPT,2025,15.0,Thú y
58067,DTD,thu-y,X14,Điểm thi THPT,2025,15.0,Thú y
58068,DTD,truyen-thong-da-phuong-tien,A01,Điểm thi THPT,2021,15.0,Truyền thông đa phương tiện
58069,DTD,truyen-thong-da-phuong-tien,C00,Điểm thi THPT,2021,15.0,Truyền thông đa phương tiện
58070,DTD,truyen-thong-da-phuong-tien,D01,Điểm thi THPT,2021,15.0,Truyền thông đa phương tiện
58071,DTD,truyen-thong-da-phuong-tien,D15,Điểm thi THPT,2021,15.0,Truyền thông đa phương tiện
58072,DTD,truyen-thong-da-phuong-tien,A01,Điểm học bạ,2022,16.5,Truyền thông đa phương tiện
58073,DTD,truyen-thong-da-phuong-tien,C00,Điểm học bạ,2022,16.5,Truyền thông đa phương tiện
58074,DTD,truyen-thong-da-phuong-tien,D01,Điểm học bạ,2022,16.5,Truyền thông đa phương tiện
58075,DTD,truyen-thong-da-phuong-tien,D15,Điểm học bạ,2022,16.5,Truyền thông đa phương tiện
58076,DTD,truyen-thong-da-phuong-tien,A01,Điểm thi THPT,2022,15.0,Truyền thông đa phương tiện
58077,DTD,truyen-thong-da-phuong-tien,C00,Điểm thi THPT,2022,15.0,Truyền thông đa phương tiện
58078,DTD,truyen-thong-da-phuong-tien,D01,Điểm thi THPT,2022,15.0,Truyền thông đa phương tiện
58079,DTD,truyen-thong-da-phuong-tien,D15,Điểm thi THPT,2022,15.0,Truyền thông đa phương tiện
58080,DTD,truyen-thong-da-phuong-tien,A01,Điểm học bạ,2023,16.5,Truyền thông đa phương tiện
58081,DTD,truyen-thong-da-phuong-tien,C00,Điểm học bạ,2023,16.5,Truyền thông đa phương tiện
58082,DTD,truyen-thong-da-phuong-tien,D01,Điểm học bạ,2023,16.5,Truyền thông đa phương tiện
58083,DTD,truyen-thong-da-phuong-tien,D15,Điểm học bạ,2023,16.5,Truyền thông đa phương tiện
58084,DTD,truyen-thong-da-phuong-tien,A01,Điểm thi THPT,2023,15.0,Truyền thông đa phương tiện
58085,DTD,truyen-thong-da-phuong-tien,C00,Điểm thi THPT,2023,15.0,Truyền thông đa phương tiện
58086,DTD,truyen-thong-da-phuong-tien,D01,Điểm thi THPT,2023,15.0,Truyền thông đa phương tiện
58087,DTD,truyen-thong-da-phuong-tien,D15,Điểm thi THPT,2023,15.0,Truyền thông đa phương tiện
58088,DTD,truyen-thong-da-phuong-tien,A01,Điểm học bạ,2024,16.5,Truyền thông đa phương tiện
58089,DTD,truyen-thong-da-phuong-tien,C00,Điểm học bạ,2024,16.5,Truyền thông đa phương tiện
58090,DTD,truyen-thong-da-phuong-tien,D01,Điểm học bạ,2024,16.5,Truyền thông đa phương tiện
58091,DTD,truyen-thong-da-phuong-tien,D15,Điểm học bạ,2024,16.5,Truyền thông đa phương tiện
58092,DTD,truyen-thong-da-phuong-tien,A01,Điểm thi THPT,2024,15.0,Truyền thông đa phương tiện
58093,DTD,truyen-thong-da-phuong-tien,C00,Điểm thi THPT,2024,15.0,Truyền thông đa phương tiện
58094,DTD,truyen-thong-da-phuong-tien,D01,Điểm thi THPT,2024,15.0,Truyền thông đa phương tiện
58095,DTD,truyen-thong-da-phuong-tien,D15,Điểm thi THPT,2024,15.0,Truyền thông đa phương tiện
58096,DTD,truyen-thong-da-phuong-tien,A00,Điểm học bạ,2025,16.5,Truyền thông đa phương tiện
58097,DTD,truyen-thong-da-phuong-tien,A01,Điểm học bạ,2025,16.5,Truyền thông đa phương tiện
58098,DTD,truyen-thong-da-phuong-tien,C00,Điểm học bạ,2025,16.5,Truyền thông đa phương tiện
58099,DTD,truyen-thong-da-phuong-tien,D01,Điểm học bạ,2025,16.5,Truyền thông đa phương tiện
58100,DTD,truyen-thong-da-phuong-tien,D15,Điểm học bạ,2025,16.5,Truyền thông đa phương tiện
58101,DTD,truyen-thong-da-phuong-tien,X02,Điểm học bạ,2025,16.5,Truyền thông đa phương tiện
58102,DTD,truyen-thong-da-phuong-tien,A00,Điểm thi THPT,2025,15.0,Truyền thông đa phương tiện
58103,DTD,truyen-thong-da-phuong-tien,A01,Điểm thi THPT,2025,15.0,Truyền thông đa phương tiện
58104,DTD,truyen-thong-da-phuong-tien,C00,Điểm thi THPT,2025,15.0,Truyền thông đa phương tiện
58105,DTD,truyen-thong-da-phuong-tien,D01,Điểm thi THPT,2025,15.0,Truyền thông đa phương tiện
58106,DTD,truyen-thong-da-phuong-tien,D15,Điểm thi THPT,2025,15.0,Truyền thông đa phương tiện
58107,DTD,truyen-thong-da-phuong-tien,X02,Điểm thi THPT,2025,15.0,Truyền thông đa phương tiện
58108,DTD,van-hoa-hoc,C00,Điểm thi THPT,2021,15.0,Văn hoá học
58109,DTD,van-hoa-hoc,C04,Điểm thi THPT,2021,15.0,Văn hoá học
58110,DTD,van-hoa-hoc,D14,Điểm thi THPT,2021,15.0,Văn hoá học
58111,DTD,van-hoa-hoc,D15,Điểm thi THPT,2021,15.0,Văn hoá học
58112,DTD,van-hoa-hoc,C00,Điểm học bạ,2022,16.5,Văn hóa học
58113,DTD,van-hoa-hoc,C04,Điểm học bạ,2022,16.5,Văn hóa học
58114,DTD,van-hoa-hoc,D14,Điểm học bạ,2022,16.5,Văn hóa học
58115,DTD,van-hoa-hoc,D15,Điểm học bạ,2022,16.5,Văn hóa học
58116,DTD,van-hoa-hoc,C00,Điểm thi THPT,2022,15.0,Văn hóa học
58117,DTD,van-hoa-hoc,C04,Điểm thi THPT,2022,15.0,Văn hóa học
58118,DTD,van-hoa-hoc,D14,Điểm thi THPT,2022,15.0,Văn hóa học
58119,DTD,van-hoa-hoc,D15,Điểm thi THPT,2022,15.0,Văn hóa học
58120,DTD,van-hoa-hoc,C00,Điểm học bạ,2023,16.5,Văn hóa học
58121,DTD,van-hoa-hoc,C04,Điểm học bạ,2023,16.5,Văn hóa học
58122,DTD,van-hoa-hoc,D14,Điểm học bạ,2023,16.5,Văn hóa học
58123,DTD,van-hoa-hoc,D15,Điểm học bạ,2023,16.5,Văn hóa học
58124,DTD,van-hoa-hoc,C00,Điểm thi THPT,2023,15.0,Văn hóa học
58125,DTD,van-hoa-hoc,C04,Điểm thi THPT,2023,15.0,Văn hóa học
58126,DTD,van-hoa-hoc,D14,Điểm thi THPT,2023,15.0,Văn hóa học
58127,DTD,van-hoa-hoc,D15,Điểm thi THPT,2023,15.0,Văn hóa học
58128,DTD,van-hoc,C00,Điểm thi THPT,2021,15.0,Văn học
58129,DTD,van-hoc,C04,Điểm thi THPT,2021,15.0,Văn học
58130,DTD,van-hoc,D14,Điểm thi THPT,2021,15.0,Văn học
58131,DTD,van-hoc,D15,Điểm thi THPT,2021,15.0,Văn học
58132,DTD,van-hoc,C00,Điểm học bạ,2022,16.5,Văn học
58133,DTD,van-hoc,C04,Điểm học bạ,2022,16.5,Văn học
58134,DTD,van-hoc,D14,Điểm học bạ,2022,16.5,Văn học
58135,DTD,van-hoc,D15,Điểm học bạ,2022,16.5,Văn học
58136,DTD,van-hoc,C00,Điểm thi THPT,2022,15.0,Văn học
58137,DTD,van-hoc,C04,Điểm thi THPT,2022,15.0,Văn học
58138,DTD,van-hoc,D14,Điểm thi THPT,2022,15.0,Văn học
58139,DTD,van-hoc,D15,Điểm thi THPT,2022,15.0,Văn học
58140,DTD,van-hoc,C00,Điểm học bạ,2023,16.5,Văn học
58141,DTD,van-hoc,C04,Điểm học bạ,2023,16.5,Văn học
58142,DTD,van-hoc,D14,Điểm học bạ,2023,16.5,Văn học
58143,DTD,van-hoc,D15,Điểm học bạ,2023,16.5,Văn học
58144,DTD,van-hoc,C00,Điểm thi THPT,2023,15.0,Văn học
58145,DTD,van-hoc,C04,Điểm thi THPT,2023,15.0,Văn học
58146,DTD,van-hoc,D14,Điểm thi THPT,2023,15.0,Văn học
58147,DTD,van-hoc,D15,Điểm thi THPT,2023,15.0,Văn học
58148,DTD,van-hoc,C00,Điểm học bạ,2024,16.5,Văn học
58149,DTD,van-hoc,C04,Điểm học bạ,2024,16.5,Văn học
58150,DTD,van-hoc,D14,Điểm học bạ,2024,16.5,Văn học
58151,DTD,van-hoc,D15,Điểm học bạ,2024,16.5,Văn học
58152,DTD,van-hoc,C00,Điểm thi THPT,2024,15.0,Văn học
58153,DTD,van-hoc,C04,Điểm thi THPT,2024,15.0,Văn học
58154,DTD,van-hoc,D14,Điểm thi THPT,2024,15.0,Văn học
58155,DTD,van-hoc,D15,Điểm thi THPT,2024,15.0,Văn học
58156,DTD,van-hoc,C00,Điểm học bạ,2025,16.5,Văn học
58157,DTD,van-hoc,C04,Điểm học bạ,2025,16.5,Văn học
58158,DTD,van-hoc,D01,Điểm học bạ,2025,16.5,Văn học
58159,DTD,van-hoc,D14,Điểm học bạ,2025,16.5,Văn học
58160,DTD,van-hoc,D15,Điểm học bạ,2025,16.5,Văn học
58161,DTD,van-hoc,C00,Điểm thi THPT,2025,15.0,Văn học
58162,DTD,van-hoc,C04,Điểm thi THPT,2025,15.0,Văn học
58163,DTD,van-hoc,D01,Điểm thi THPT,2025,15.0,Văn học
58164,DTD,van-hoc,D14,Điểm thi THPT,2025,15.0,Văn học
58165,DTD,van-hoc,D15,Điểm thi THPT,2025,15.0,Văn học
58166,DTD,viet-nam-hoc,C00,Điểm thi THPT,2021,15.0,Việt Nam học
58167,DTD,viet-nam-hoc,D01,Điểm thi THPT,2021,15.0,Việt Nam học
58168,DTD,viet-nam-hoc,D14,Điểm thi THPT,2021,15.0,Việt Nam học
58169,DTD,viet-nam-hoc,D15,Điểm thi THPT,2021,15.0,Việt Nam học
58170,DTD,viet-nam-hoc,C00,Điểm học bạ,2022,16.5,Việt Nam học
58171,DTD,viet-nam-hoc,D01,Điểm học bạ,2022,16.5,Việt Nam học
58172,DTD,viet-nam-hoc,D14,Điểm học bạ,2022,16.5,Việt Nam học
58173,DTD,viet-nam-hoc,D15,Điểm học bạ,2022,16.5,Việt Nam học
58174,DTD,viet-nam-hoc,C00,Điểm thi THPT,2022,15.0,Việt Nam học
58175,DTD,viet-nam-hoc,D01,Điểm thi THPT,2022,15.0,Việt Nam học
58176,DTD,viet-nam-hoc,D14,Điểm thi THPT,2022,15.0,Việt Nam học
58177,DTD,viet-nam-hoc,D15,Điểm thi THPT,2022,15.0,Việt Nam học
58178,DTD,viet-nam-hoc,C00,Điểm học bạ,2023,16.5,Việt Nam học
58179,DTD,viet-nam-hoc,D01,Điểm học bạ,2023,16.5,Việt Nam học
58180,DTD,viet-nam-hoc,D14,Điểm học bạ,2023,16.5,Việt Nam học
58181,DTD,viet-nam-hoc,D15,Điểm học bạ,2023,16.5,Việt Nam học
58182,DTD,viet-nam-hoc,C00,Điểm thi THPT,2023,15.0,Việt Nam học
58183,DTD,viet-nam-hoc,D01,Điểm thi THPT,2023,15.0,Việt Nam học
58184,DTD,viet-nam-hoc,D14,Điểm thi THPT,2023,15.0,Việt Nam học
58185,DTD,viet-nam-hoc,D15,Điểm thi THPT,2023,15.0,Việt Nam học
58186,DTD,viet-nam-hoc,C00,Điểm học bạ,2024,16.5,Việt Nam học
58187,DTD,viet-nam-hoc,D01,Điểm học bạ,2024,16.5,Việt Nam học
58188,DTD,viet-nam-hoc,D14,Điểm học bạ,2024,16.5,Việt Nam học
58189,DTD,viet-nam-hoc,D15,Điểm học bạ,2024,16.5,Việt Nam học
58190,DTD,viet-nam-hoc,C00,Điểm thi THPT,2024,15.0,Việt Nam học
58191,DTD,viet-nam-hoc,D01,Điểm thi THPT,2024,15.0,Việt Nam học
58192,DTD,viet-nam-hoc,D14,Điểm thi THPT,2024,15.0,Việt Nam học
58193,DTD,viet-nam-hoc,D15,Điểm thi THPT,2024,15.0,Việt Nam học
58194,DTD,viet-nam-hoc,A07,Điểm học bạ,2025,16.5,Việt Nam học
58195,DTD,viet-nam-hoc,C00,Điểm học bạ,2025,16.5,Việt Nam học
58196,DTD,viet-nam-hoc,C04,Điểm học bạ,2025,16.5,Việt Nam học
58197,DTD,viet-nam-hoc,D01,Điểm học bạ,2025,16.5,Việt Nam học
58198,DTD,viet-nam-hoc,D14,Điểm học bạ,2025,16.5,Việt Nam học
58199,DTD,viet-nam-hoc,D15,Điểm học bạ,2025,16.5,Việt Nam học
58200,DTD,viet-nam-hoc,X70,Điểm học bạ,2025,16.5,Việt Nam học
58201,DTD,viet-nam-hoc,X74,Điểm học bạ,2025,16.5,Việt Nam học
58202,DTD,viet-nam-hoc,X78,Điểm học bạ,2025,16.5,Việt Nam học
58203,DTD,viet-nam-hoc,A07,Điểm thi THPT,2025,15.0,Việt Nam học
58204,DTD,viet-nam-hoc,C00,Điểm thi THPT,2025,15.0,Việt Nam học
58205,DTD,viet-nam-hoc,C04,Điểm thi THPT,2025,15.0,Việt Nam học
58206,DTD,viet-nam-hoc,D01,Điểm thi THPT,2025,15.0,Việt Nam học
58207,DTD,viet-nam-hoc,D14,Điểm thi THPT,2025,15.0,Việt Nam học
58208,DTD,viet-nam-hoc,D15,Điểm thi THPT,2025,15.0,Việt Nam học
58209,DTD,viet-nam-hoc,X70,Điểm thi THPT,2025,15.0,Việt Nam học
58210,DTD,viet-nam-hoc,X74,Điểm thi THPT,2025,15.0,Việt Nam học
58211,DTD,viet-nam-hoc,X78,Điểm thi THPT,2025,15.0,Việt Nam học
58212,DTE,ke-toan,A00,Điểm thi THPT,2021,16.0,Kế toán
58213,DTE,ke-toan,A01,Điểm thi THPT,2021,16.0,Kế toán
58214,DTE,ke-toan,D01,Điểm thi THPT,2021,16.0,Kế toán
58215,DTE,ke-toan,D07,Điểm thi THPT,2021,16.0,Kế toán
58216,DTE,ke-toan,A00,Điểm học bạ,2022,18.0,Kế toán
58217,DTE,ke-toan,A01,Điểm học bạ,2022,18.0,Kế toán
58218,DTE,ke-toan,D01,Điểm học bạ,2022,18.0,Kế toán
58219,DTE,ke-toan,D07,Điểm học bạ,2022,18.0,Kế toán
58220,DTE,ke-toan,A00,Điểm thi THPT,2022,16.0,Kế toán
58221,DTE,ke-toan,A01,Điểm thi THPT,2022,16.0,Kế toán
58222,DTE,ke-toan,D01,Điểm thi THPT,2022,16.0,Kế toán
58223,DTE,ke-toan,D07,Điểm thi THPT,2022,16.0,Kế toán
58224,DTE,ke-toan,A00,Điểm học bạ,2023,18.5,Kế toán
58225,DTE,ke-toan,A01,Điểm học bạ,2023,18.5,Kế toán
58226,DTE,ke-toan,D01,Điểm học bạ,2023,18.5,Kế toán
58227,DTE,ke-toan,D07,Điểm học bạ,2023,18.5,Kế toán
58228,DTE,ke-toan,A00,Điểm thi THPT,2023,17.0,Kế toán
58229,DTE,ke-toan,A01,Điểm thi THPT,2023,17.0,Kế toán
58230,DTE,ke-toan,D01,Điểm thi THPT,2023,17.0,Kế toán
58231,DTE,ke-toan,D07,Điểm thi THPT,2023,17.0,Kế toán
58232,DTE,ke-toan,A00,Điểm học bạ,2024,18.0,Kế toán
58233,DTE,ke-toan,A01,Điểm học bạ,2024,18.0,Kế toán
58234,DTE,ke-toan,D01,Điểm học bạ,2024,18.0,Kế toán
58235,DTE,ke-toan,D07,Điểm học bạ,2024,18.0,Kế toán
58236,DTE,ke-toan,A00,Điểm thi THPT,2024,18.0,Kế toán
58237,DTE,ke-toan,A01,Điểm thi THPT,2024,18.0,Kế toán
58238,DTE,ke-toan,D01,Điểm thi THPT,2024,18.0,Kế toán
58239,DTE,ke-toan,D07,Điểm thi THPT,2024,18.0,Kế toán
58240,DTE,ke-toan,A00,Điểm học bạ,2025,17.5,Kế toán
58241,DTE,ke-toan,A01,Điểm học bạ,2025,17.5,Kế toán
58242,DTE,ke-toan,D01,Điểm học bạ,2025,17.5,Kế toán
58243,DTE,ke-toan,D07,Điểm học bạ,2025,17.5,Kế toán
58244,DTE,ke-toan,X01,Điểm học bạ,2025,17.5,Kế toán
58245,DTE,ke-toan,A00,Điểm thi THPT,2025,17.5,Kế toán
58246,DTE,ke-toan,A01,Điểm thi THPT,2025,17.5,Kế toán
58247,DTE,ke-toan,D01,Điểm thi THPT,2025,17.5,Kế toán
58248,DTE,ke-toan,D07,Điểm thi THPT,2025,17.5,Kế toán
58249,DTE,ke-toan,X01,Điểm thi THPT,2025,17.5,Kế toán
58250,DTE,ke-toan-tong-hop-chat-luong-cao,A00,Điểm thi THPT,2021,18.5,Kế toán tổng hợp chất lượng cao
58251,DTE,ke-toan-tong-hop-chat-luong-cao,A01,Điểm thi THPT,2021,18.5,Kế toán tổng hợp chất lượng cao
58252,DTE,ke-toan-tong-hop-chat-luong-cao,D01,Điểm thi THPT,2021,18.5,Kế toán tổng hợp chất lượng cao
58253,DTE,ke-toan-tong-hop-chat-luong-cao,D07,Điểm thi THPT,2021,18.5,Kế toán tổng hợp chất lượng cao
58254,DTE,ke-toan-tong-hop-chat-luong-cao,A00,Điểm học bạ,2022,19.5,Kế toán tổng hợp chất lượng cao
58255,DTE,ke-toan-tong-hop-chat-luong-cao,A01,Điểm học bạ,2022,19.5,Kế toán tổng hợp chất lượng cao
58256,DTE,ke-toan-tong-hop-chat-luong-cao,D01,Điểm học bạ,2022,19.5,Kế toán tổng hợp chất lượng cao
58257,DTE,ke-toan-tong-hop-chat-luong-cao,D07,Điểm học bạ,2022,19.5,Kế toán tổng hợp chất lượng cao
58258,DTE,ke-toan-tong-hop-chat-luong-cao,A00,Điểm thi THPT,2022,18.0,Kế toán tổng hợp chất lượng cao
58259,DTE,ke-toan-tong-hop-chat-luong-cao,A01,Điểm thi THPT,2022,18.0,Kế toán tổng hợp chất lượng cao
58260,DTE,ke-toan-tong-hop-chat-luong-cao,D01,Điểm thi THPT,2022,18.0,Kế toán tổng hợp chất lượng cao
58261,DTE,ke-toan-tong-hop-chat-luong-cao,D07,Điểm thi THPT,2022,18.0,Kế toán tổng hợp chất lượng cao
58262,DTE,khoa-hoc-du-lieu,A00,Điểm học bạ,2025,19.0,Khoa học dữ liệu
58263,DTE,khoa-hoc-du-lieu,A01,Điểm học bạ,2025,19.0,Khoa học dữ liệu
58264,DTE,khoa-hoc-du-lieu,C01,Điểm học bạ,2025,19.0,Khoa học dữ liệu
58265,DTE,khoa-hoc-du-lieu,D01,Điểm học bạ,2025,19.0,Khoa học dữ liệu
58266,DTE,khoa-hoc-du-lieu,X01,Điểm học bạ,2025,19.0,Khoa học dữ liệu
58267,DTE,khoa-hoc-du-lieu,A00,Điểm thi THPT,2025,19.0,Khoa học dữ liệu
58268,DTE,khoa-hoc-du-lieu,A01,Điểm thi THPT,2025,19.0,Khoa học dữ liệu
58269,DTE,khoa-hoc-du-lieu,C01,Điểm thi THPT,2025,19.0,Khoa học dữ liệu
58270,DTE,khoa-hoc-du-lieu,D01,Điểm thi THPT,2025,19.0,Khoa học dữ liệu
58271,DTE,khoa-hoc-du-lieu,X01,Điểm thi THPT,2025,19.0,Khoa học dữ liệu
58272,DTE,kinh-doanh-quoc-te,A00,Điểm thi THPT,2021,16.5,Kinh doanh quốc tế
58273,DTE,kinh-doanh-quoc-te,A01,Điểm thi THPT,2021,16.5,Kinh doanh quốc tế
58274,DTE,kinh-doanh-quoc-te,C04,Điểm thi THPT,2021,16.5,Kinh doanh quốc tế
58275,DTE,kinh-doanh-quoc-te,D01,Điểm thi THPT,2021,16.5,Kinh doanh quốc tế
58276,DTE,kinh-doanh-quoc-te,A00,Điểm học bạ,2022,19.0,Kinh doanh quốc tế
58277,DTE,kinh-doanh-quoc-te,A01,Điểm học bạ,2022,19.0,Kinh doanh quốc tế
58278,DTE,kinh-doanh-quoc-te,C04,Điểm học bạ,2022,19.0,Kinh doanh quốc tế
58279,DTE,kinh-doanh-quoc-te,D01,Điểm học bạ,2022,19.0,Kinh doanh quốc tế
58280,DTE,kinh-doanh-quoc-te,A00,Điểm thi THPT,2022,16.0,Kinh doanh quốc tế
58281,DTE,kinh-doanh-quoc-te,A01,Điểm thi THPT,2022,16.0,Kinh doanh quốc tế
58282,DTE,kinh-doanh-quoc-te,C04,Điểm thi THPT,2022,16.0,Kinh doanh quốc tế
58283,DTE,kinh-doanh-quoc-te,D01,Điểm thi THPT,2022,16.0,Kinh doanh quốc tế
58284,DTE,kinh-doanh-quoc-te,A00,Điểm học bạ,2023,18.0,Kinh doanh quốc tế
58285,DTE,kinh-doanh-quoc-te,A01,Điểm học bạ,2023,18.0,Kinh doanh quốc tế
58286,DTE,kinh-doanh-quoc-te,C04,Điểm học bạ,2023,18.0,Kinh doanh quốc tế
58287,DTE,kinh-doanh-quoc-te,D01,Điểm học bạ,2023,18.0,Kinh doanh quốc tế
58288,DTE,kinh-doanh-quoc-te,A00,Điểm thi THPT,2023,18.0,Kinh doanh quốc tế
58289,DTE,kinh-doanh-quoc-te,A01,Điểm thi THPT,2023,18.0,Kinh doanh quốc tế
58290,DTE,kinh-doanh-quoc-te,C04,Điểm thi THPT,2023,18.0,Kinh doanh quốc tế
58291,DTE,kinh-doanh-quoc-te,D01,Điểm thi THPT,2023,18.0,Kinh doanh quốc tế
58292,DTE,kinh-doanh-quoc-te,A00,Điểm học bạ,2024,19.0,Kinh doanh quốc tế
58293,DTE,kinh-doanh-quoc-te,A01,Điểm học bạ,2024,19.0,Kinh doanh quốc tế
58294,DTE,kinh-doanh-quoc-te,C04,Điểm học bạ,2024,19.0,Kinh doanh quốc tế
58295,DTE,kinh-doanh-quoc-te,D01,Điểm học bạ,2024,19.0,Kinh doanh quốc tế
58296,DTE,kinh-doanh-quoc-te,A00,Điểm thi THPT,2024,18.0,Kinh doanh quốc tế
58297,DTE,kinh-doanh-quoc-te,A01,Điểm thi THPT,2024,18.0,Kinh doanh quốc tế
58298,DTE,kinh-doanh-quoc-te,C04,Điểm thi THPT,2024,18.0,Kinh doanh quốc tế
58299,DTE,kinh-doanh-quoc-te,D01,Điểm thi THPT,2024,18.0,Kinh doanh quốc tế
58300,DTE,kinh-doanh-quoc-te,A00,Điểm học bạ,2025,21.0,Kinh doanh quốc tế
58301,DTE,kinh-doanh-quoc-te,A01,Điểm học bạ,2025,21.0,Kinh doanh quốc tế
58302,DTE,kinh-doanh-quoc-te,C04,Điểm học bạ,2025,21.0,Kinh doanh quốc tế
58303,DTE,kinh-doanh-quoc-te,D01,Điểm học bạ,2025,21.0,Kinh doanh quốc tế
58304,DTE,kinh-doanh-quoc-te,X01,Điểm học bạ,2025,21.0,Kinh doanh quốc tế
58305,DTE,kinh-doanh-quoc-te,A00,Điểm thi THPT,2025,18.0,Kinh doanh quốc tế
58306,DTE,kinh-doanh-quoc-te,A01,Điểm thi THPT,2025,18.0,Kinh doanh quốc tế
58307,DTE,kinh-doanh-quoc-te,C04,Điểm thi THPT,2025,18.0,Kinh doanh quốc tế
58308,DTE,kinh-doanh-quoc-te,D01,Điểm thi THPT,2025,18.0,Kinh doanh quốc tế
58309,DTE,kinh-doanh-quoc-te,X01,Điểm thi THPT,2025,18.0,Kinh doanh quốc tế
58310,DTE,kinh-te,A00,Điểm thi THPT,2021,16.0,Kinh tế
58311,DTE,kinh-te,A01,Điểm thi THPT,2021,16.0,Kinh tế
58312,DTE,kinh-te,C04,Điểm thi THPT,2021,16.0,Kinh tế
58313,DTE,kinh-te,D01,Điểm thi THPT,2021,16.0,Kinh tế
58314,DTE,kinh-te,A00,Điểm học bạ,2022,17.5,Kinh tế
58315,DTE,kinh-te,A01,Điểm học bạ,2022,17.5,Kinh tế
58316,DTE,kinh-te,C04,Điểm học bạ,2022,17.5,Kinh tế
58317,DTE,kinh-te,D01,Điểm học bạ,2022,17.5,Kinh tế
58318,DTE,kinh-te,A00,Điểm thi THPT,2022,16.0,Kinh tế
58319,DTE,kinh-te,A01,Điểm thi THPT,2022,16.0,Kinh tế
58320,DTE,kinh-te,C04,Điểm thi THPT,2022,16.0,Kinh tế
58321,DTE,kinh-te,D01,Điểm thi THPT,2022,16.0,Kinh tế
58322,DTE,kinh-te,A00,Điểm học bạ,2023,18.0,Kinh tế
58323,DTE,kinh-te,A01,Điểm học bạ,2023,18.0,Kinh tế
58324,DTE,kinh-te,C04,Điểm học bạ,2023,18.0,Kinh tế
58325,DTE,kinh-te,D01,Điểm học bạ,2023,18.0,Kinh tế
58326,DTE,kinh-te,A00,Điểm thi THPT,2023,17.0,Kinh tế
58327,DTE,kinh-te,A01,Điểm thi THPT,2023,17.0,Kinh tế
58328,DTE,kinh-te,C04,Điểm thi THPT,2023,17.0,Kinh tế
58329,DTE,kinh-te,D01,Điểm thi THPT,2023,17.0,Kinh tế
58330,DTE,kinh-te,A00,Điểm học bạ,2024,18.0,Kinh tế
58331,DTE,kinh-te,A01,Điểm học bạ,2024,18.0,Kinh tế
58332,DTE,kinh-te,C04,Điểm học bạ,2024,18.0,Kinh tế
58333,DTE,kinh-te,D01,Điểm học bạ,2024,18.0,Kinh tế
58334,DTE,kinh-te,A00,Điểm thi THPT,2024,17.0,Kinh tế
58335,DTE,kinh-te,A01,Điểm thi THPT,2024,17.0,Kinh tế
58336,DTE,kinh-te,C04,Điểm thi THPT,2024,17.0,Kinh tế
58337,DTE,kinh-te,D01,Điểm thi THPT,2024,17.0,Kinh tế
58338,DTE,kinh-te,A00,Điểm học bạ,2025,20.5,Kinh tế
58339,DTE,kinh-te,A01,Điểm học bạ,2025,20.5,Kinh tế
58340,DTE,kinh-te,C04,Điểm học bạ,2025,20.5,Kinh tế
58341,DTE,kinh-te,D01,Điểm học bạ,2025,20.5,Kinh tế
58342,DTE,kinh-te,X01,Điểm học bạ,2025,20.5,Kinh tế
58343,DTE,kinh-te,A00,Điểm thi THPT,2025,17.5,Kinh tế
58344,DTE,kinh-te,A01,Điểm thi THPT,2025,17.5,Kinh tế
58345,DTE,kinh-te,C04,Điểm thi THPT,2025,17.5,Kinh tế
58346,DTE,kinh-te,D01,Điểm thi THPT,2025,17.5,Kinh tế
58347,DTE,kinh-te,X01,Điểm thi THPT,2025,17.5,Kinh tế
58348,DTE,kinh-te-dau-tu,A00,Điểm thi THPT,2021,16.0,Kinh tế đầu tư
58349,DTE,kinh-te-dau-tu,A01,Điểm thi THPT,2021,16.0,Kinh tế đầu tư
58350,DTE,kinh-te-dau-tu,C04,Điểm thi THPT,2021,16.0,Kinh tế đầu tư
58351,DTE,kinh-te-dau-tu,D01,Điểm thi THPT,2021,16.0,Kinh tế đầu tư
58352,DTE,kinh-te-dau-tu,A00,Điểm học bạ,2022,17.0,Kinh tế đầu tư
58353,DTE,kinh-te-dau-tu,A01,Điểm học bạ,2022,17.0,Kinh tế đầu tư
58354,DTE,kinh-te-dau-tu,C04,Điểm học bạ,2022,17.0,Kinh tế đầu tư
58355,DTE,kinh-te-dau-tu,D01,Điểm học bạ,2022,17.0,Kinh tế đầu tư
58356,DTE,kinh-te-dau-tu,A00,Điểm thi THPT,2022,16.0,Kinh tế đầu tư
58357,DTE,kinh-te-dau-tu,A01,Điểm thi THPT,2022,16.0,Kinh tế đầu tư
58358,DTE,kinh-te-dau-tu,C04,Điểm thi THPT,2022,16.0,Kinh tế đầu tư
58359,DTE,kinh-te-dau-tu,D01,Điểm thi THPT,2022,16.0,Kinh tế đầu tư
58360,DTE,kinh-te-dau-tu,A00,Điểm học bạ,2023,17.0,Kinh tế đầu tư
58361,DTE,kinh-te-dau-tu,A01,Điểm học bạ,2023,17.0,Kinh tế đầu tư
58362,DTE,kinh-te-dau-tu,C04,Điểm học bạ,2023,17.0,Kinh tế đầu tư
58363,DTE,kinh-te-dau-tu,D01,Điểm học bạ,2023,17.0,Kinh tế đầu tư
58364,DTE,kinh-te-dau-tu,A00,Điểm thi THPT,2023,16.0,Kinh tế đầu tư
58365,DTE,kinh-te-dau-tu,A01,Điểm thi THPT,2023,16.0,Kinh tế đầu tư
58366,DTE,kinh-te-dau-tu,C04,Điểm thi THPT,2023,16.0,Kinh tế đầu tư
58367,DTE,kinh-te-dau-tu,D01,Điểm thi THPT,2023,16.0,Kinh tế đầu tư
58368,DTE,kinh-te-dau-tu,A00,Điểm học bạ,2024,18.0,Kinh tế đầu tư
58369,DTE,kinh-te-dau-tu,A01,Điểm học bạ,2024,18.0,Kinh tế đầu tư
58370,DTE,kinh-te-dau-tu,C04,Điểm học bạ,2024,18.0,Kinh tế đầu tư
58371,DTE,kinh-te-dau-tu,D01,Điểm học bạ,2024,18.0,Kinh tế đầu tư
58372,DTE,kinh-te-dau-tu,A00,Điểm thi THPT,2024,17.0,Kinh tế đầu tư
58373,DTE,kinh-te-dau-tu,A01,Điểm thi THPT,2024,17.0,Kinh tế đầu tư
58374,DTE,kinh-te-dau-tu,C04,Điểm thi THPT,2024,17.0,Kinh tế đầu tư
58375,DTE,kinh-te-dau-tu,D01,Điểm thi THPT,2024,17.0,Kinh tế đầu tư
58376,DTE,kinh-te-dau-tu,A00,Điểm học bạ,2025,17.5,Kinh tế đầu tư
58377,DTE,kinh-te-dau-tu,A01,Điểm học bạ,2025,17.5,Kinh tế đầu tư
58378,DTE,kinh-te-dau-tu,C04,Điểm học bạ,2025,17.5,Kinh tế đầu tư
58379,DTE,kinh-te-dau-tu,D01,Điểm học bạ,2025,17.5,Kinh tế đầu tư
58380,DTE,kinh-te-dau-tu,X01,Điểm học bạ,2025,17.5,Kinh tế đầu tư
58381,DTE,kinh-te-dau-tu,A00,Điểm thi THPT,2025,17.5,Kinh tế đầu tư
58382,DTE,kinh-te-dau-tu,A01,Điểm thi THPT,2025,17.5,Kinh tế đầu tư
58383,DTE,kinh-te-dau-tu,C04,Điểm thi THPT,2025,17.5,Kinh tế đầu tư
58384,DTE,kinh-te-dau-tu,D01,Điểm thi THPT,2025,17.5,Kinh tế đầu tư
58385,DTE,kinh-te-dau-tu,X01,Điểm thi THPT,2025,17.5,Kinh tế đầu tư
58386,DTE,kinh-te-phat-trien,A00,Điểm thi THPT,2021,16.0,Kinh tế phát triển
58387,DTE,kinh-te-phat-trien,A01,Điểm thi THPT,2021,16.0,Kinh tế phát triển
58388,DTE,kinh-te-phat-trien,C04,Điểm thi THPT,2021,16.0,Kinh tế phát triển
58389,DTE,kinh-te-phat-trien,D01,Điểm thi THPT,2021,16.0,Kinh tế phát triển
58390,DTE,kinh-te-phat-trien,A00,Điểm học bạ,2022,16.0,Kinh tế phát triển
58391,DTE,kinh-te-phat-trien,A01,Điểm học bạ,2022,16.0,Kinh tế phát triển
58392,DTE,kinh-te-phat-trien,C04,Điểm học bạ,2022,16.0,Kinh tế phát triển
58393,DTE,kinh-te-phat-trien,D01,Điểm học bạ,2022,16.0,Kinh tế phát triển
58394,DTE,kinh-te-phat-trien,A00,Điểm thi THPT,2022,16.0,Kinh tế phát triển
58395,DTE,kinh-te-phat-trien,A01,Điểm thi THPT,2022,16.0,Kinh tế phát triển
58396,DTE,kinh-te-phat-trien,C04,Điểm thi THPT,2022,16.0,Kinh tế phát triển
58397,DTE,kinh-te-phat-trien,D01,Điểm thi THPT,2022,16.0,Kinh tế phát triển
58398,DTE,kinh-te-phat-trien,A00,Điểm học bạ,2023,18.0,Kinh tế phát triển
58399,DTE,kinh-te-phat-trien,A01,Điểm học bạ,2023,18.0,Kinh tế phát triển
58400,DTE,kinh-te-phat-trien,C04,Điểm học bạ,2023,18.0,Kinh tế phát triển
58401,DTE,kinh-te-phat-trien,D01,Điểm học bạ,2023,18.0,Kinh tế phát triển
58402,DTE,kinh-te-phat-trien,A00,Điểm thi THPT,2023,16.0,Kinh tế phát triển
58403,DTE,kinh-te-phat-trien,A01,Điểm thi THPT,2023,16.0,Kinh tế phát triển
58404,DTE,kinh-te-phat-trien,C04,Điểm thi THPT,2023,16.0,Kinh tế phát triển
58405,DTE,kinh-te-phat-trien,D01,Điểm thi THPT,2023,16.0,Kinh tế phát triển
58406,DTE,kinh-te-phat-trien,A00,Điểm học bạ,2024,18.0,Kinh tế phát triển
58407,DTE,kinh-te-phat-trien,A01,Điểm học bạ,2024,18.0,Kinh tế phát triển
58408,DTE,kinh-te-phat-trien,C04,Điểm học bạ,2024,18.0,Kinh tế phát triển
58409,DTE,kinh-te-phat-trien,D01,Điểm học bạ,2024,18.0,Kinh tế phát triển
58410,DTE,kinh-te-phat-trien,A00,Điểm thi THPT,2024,17.0,Kinh tế phát triển
58411,DTE,kinh-te-phat-trien,A01,Điểm thi THPT,2024,17.0,Kinh tế phát triển
58412,DTE,kinh-te-phat-trien,C04,Điểm thi THPT,2024,17.0,Kinh tế phát triển
58413,DTE,kinh-te-phat-trien,D01,Điểm thi THPT,2024,17.0,Kinh tế phát triển
58414,DTE,kinh-te-phat-trien,A00,Điểm học bạ,2025,20.0,Kinh tế phát triển
58415,DTE,kinh-te-phat-trien,A01,Điểm học bạ,2025,20.0,Kinh tế phát triển
58416,DTE,kinh-te-phat-trien,C04,Điểm học bạ,2025,20.0,Kinh tế phát triển
58417,DTE,kinh-te-phat-trien,D01,Điểm học bạ,2025,20.0,Kinh tế phát triển
58418,DTE,kinh-te-phat-trien,X01,Điểm học bạ,2025,20.0,Kinh tế phát triển
58419,DTE,kinh-te-phat-trien,A00,Điểm thi THPT,2025,17.0,Kinh tế phát triển
58420,DTE,kinh-te-phat-trien,A01,Điểm thi THPT,2025,17.0,Kinh tế phát triển
58421,DTE,kinh-te-phat-trien,C04,Điểm thi THPT,2025,17.0,Kinh tế phát triển
58422,DTE,kinh-te-phat-trien,D01,Điểm thi THPT,2025,17.0,Kinh tế phát triển
58423,DTE,kinh-te-phat-trien,X01,Điểm thi THPT,2025,17.0,Kinh tế phát triển
58424,DTE,logistics-va-quan-ly-chuoi-cung-ung,A00,Điểm thi THPT,2021,16.0,Logistics và quản lý chuỗi cung ứng
58425,DTE,logistics-va-quan-ly-chuoi-cung-ung,A01,Điểm thi THPT,2021,16.0,Logistics và quản lý chuỗi cung ứng
58426,DTE,logistics-va-quan-ly-chuoi-cung-ung,C01,Điểm thi THPT,2021,16.0,Logistics và quản lý chuỗi cung ứng
58427,DTE,logistics-va-quan-ly-chuoi-cung-ung,D01,Điểm thi THPT,2021,16.0,Logistics và quản lý chuỗi cung ứng
58428,DTE,logistics-va-quan-ly-chuoi-cung-ung,A00,Điểm học bạ,2022,18.0,Logistics và quản lý chuỗi cung ứng
58429,DTE,logistics-va-quan-ly-chuoi-cung-ung,A01,Điểm học bạ,2022,18.0,Logistics và quản lý chuỗi cung ứng
58430,DTE,logistics-va-quan-ly-chuoi-cung-ung,C01,Điểm học bạ,2022,18.0,Logistics và quản lý chuỗi cung ứng
58431,DTE,logistics-va-quan-ly-chuoi-cung-ung,D01,Điểm học bạ,2022,18.0,Logistics và quản lý chuỗi cung ứng
58432,DTE,logistics-va-quan-ly-chuoi-cung-ung,A00,Điểm thi THPT,2022,16.0,Logistics và quản lý chuỗi cung ứng
58433,DTE,logistics-va-quan-ly-chuoi-cung-ung,A01,Điểm thi THPT,2022,16.0,Logistics và quản lý chuỗi cung ứng
58434,DTE,logistics-va-quan-ly-chuoi-cung-ung,C01,Điểm thi THPT,2022,16.0,Logistics và quản lý chuỗi cung ứng
58435,DTE,logistics-va-quan-ly-chuoi-cung-ung,D01,Điểm thi THPT,2022,16.0,Logistics và quản lý chuỗi cung ứng
58436,DTE,logistics-va-quan-ly-chuoi-cung-ung,A00,Điểm học bạ,2023,19.0,Logistics và Quản lý chuỗi cung ứng
58437,DTE,logistics-va-quan-ly-chuoi-cung-ung,A01,Điểm học bạ,2023,19.0,Logistics và Quản lý chuỗi cung ứng
58438,DTE,logistics-va-quan-ly-chuoi-cung-ung,C01,Điểm học bạ,2023,19.0,Logistics và Quản lý chuỗi cung ứng
58439,DTE,logistics-va-quan-ly-chuoi-cung-ung,D01,Điểm học bạ,2023,19.0,Logistics và Quản lý chuỗi cung ứng
58440,DTE,logistics-va-quan-ly-chuoi-cung-ung,A00,Điểm thi THPT,2023,18.0,Logistics và Quản lý chuỗi cung ứng
58441,DTE,logistics-va-quan-ly-chuoi-cung-ung,A01,Điểm thi THPT,2023,18.0,Logistics và Quản lý chuỗi cung ứng
58442,DTE,logistics-va-quan-ly-chuoi-cung-ung,C01,Điểm thi THPT,2023,18.0,Logistics và Quản lý chuỗi cung ứng
58443,DTE,logistics-va-quan-ly-chuoi-cung-ung,D01,Điểm thi THPT,2023,18.0,Logistics và Quản lý chuỗi cung ứng
58444,DTE,logistics-va-quan-ly-chuoi-cung-ung,A00,Điểm học bạ,2024,19.5,Logistics và Quản lý chuỗi cung ứng
58445,DTE,logistics-va-quan-ly-chuoi-cung-ung,A01,Điểm học bạ,2024,19.5,Logistics và Quản lý chuỗi cung ứng
58446,DTE,logistics-va-quan-ly-chuoi-cung-ung,C01,Điểm học bạ,2024,19.5,Logistics và Quản lý chuỗi cung ứng
58447,DTE,logistics-va-quan-ly-chuoi-cung-ung,D01,Điểm học bạ,2024,19.5,Logistics và Quản lý chuỗi cung ứng
58448,DTE,logistics-va-quan-ly-chuoi-cung-ung,A00,Điểm thi THPT,2024,19.0,Logistics và Quản lý chuỗi cung ứng
58449,DTE,logistics-va-quan-ly-chuoi-cung-ung,A01,Điểm thi THPT,2024,19.0,Logistics và Quản lý chuỗi cung ứng
58450,DTE,logistics-va-quan-ly-chuoi-cung-ung,C01,Điểm thi THPT,2024,19.0,Logistics và Quản lý chuỗi cung ứng
58451,DTE,logistics-va-quan-ly-chuoi-cung-ung,D01,Điểm thi THPT,2024,19.0,Logistics và Quản lý chuỗi cung ứng
58452,DTE,logistics-va-quan-ly-chuoi-cung-ung,A00,Điểm học bạ,2025,21.5,Logistics và Quản lý chuỗi cung ứng
58453,DTE,logistics-va-quan-ly-chuoi-cung-ung,A01,Điểm học bạ,2025,21.5,Logistics và Quản lý chuỗi cung ứng
58454,DTE,logistics-va-quan-ly-chuoi-cung-ung,C01,Điểm học bạ,2025,21.5,Logistics và Quản lý chuỗi cung ứng
58455,DTE,logistics-va-quan-ly-chuoi-cung-ung,D01,Điểm học bạ,2025,21.5,Logistics và Quản lý chuỗi cung ứng
58456,DTE,logistics-va-quan-ly-chuoi-cung-ung,X01,Điểm học bạ,2025,21.5,Logistics và Quản lý chuỗi cung ứng
58457,DTE,logistics-va-quan-ly-chuoi-cung-ung,A00,Điểm thi THPT,2025,18.5,Logistics và Quản lý chuỗi cung ứng
58458,DTE,logistics-va-quan-ly-chuoi-cung-ung,A01,Điểm thi THPT,2025,18.5,Logistics và Quản lý chuỗi cung ứng
58459,DTE,logistics-va-quan-ly-chuoi-cung-ung,C01,Điểm thi THPT,2025,18.5,Logistics và Quản lý chuỗi cung ứng
58460,DTE,logistics-va-quan-ly-chuoi-cung-ung,D01,Điểm thi THPT,2025,18.5,Logistics và Quản lý chuỗi cung ứng
58461,DTE,logistics-va-quan-ly-chuoi-cung-ung,X01,Điểm thi THPT,2025,18.5,Logistics và Quản lý chuỗi cung ứng
58462,DTE,luat-kinh-te,A00,Điểm thi THPT,2021,16.0,Luật kinh tế
58463,DTE,luat-kinh-te,C00,Điểm thi THPT,2021,16.0,Luật kinh tế
58464,DTE,luat-kinh-te,D01,Điểm thi THPT,2021,16.0,Luật kinh tế
58465,DTE,luat-kinh-te,D14,Điểm thi THPT,2021,16.0,Luật kinh tế
58466,DTE,luat-kinh-te,A00,Điểm học bạ,2022,18.0,Luật kinh tế
58467,DTE,luat-kinh-te,C00,Điểm học bạ,2022,18.0,Luật kinh tế
58468,DTE,luat-kinh-te,D01,Điểm học bạ,2022,18.0,Luật kinh tế
58469,DTE,luat-kinh-te,D14,Điểm học bạ,2022,18.0,Luật kinh tế
58470,DTE,luat-kinh-te,A00,Điểm thi THPT,2022,16.0,Luật kinh tế
58471,DTE,luat-kinh-te,C00,Điểm thi THPT,2022,16.0,Luật kinh tế
58472,DTE,luat-kinh-te,D01,Điểm thi THPT,2022,16.0,Luật kinh tế
58473,DTE,luat-kinh-te,D14,Điểm thi THPT,2022,16.0,Luật kinh tế
58474,DTE,luat-kinh-te,A00,Điểm học bạ,2023,19.0,Luật kinh tế
58475,DTE,luat-kinh-te,C00,Điểm học bạ,2023,19.0,Luật kinh tế
58476,DTE,luat-kinh-te,D01,Điểm học bạ,2023,19.0,Luật kinh tế
58477,DTE,luat-kinh-te,D14,Điểm học bạ,2023,19.0,Luật kinh tế
58478,DTE,luat-kinh-te,A00,Điểm thi THPT,2023,18.0,Luật kinh tế
58479,DTE,luat-kinh-te,C00,Điểm thi THPT,2023,18.0,Luật kinh tế
58480,DTE,luat-kinh-te,D01,Điểm thi THPT,2023,18.0,Luật kinh tế
58481,DTE,luat-kinh-te,D14,Điểm thi THPT,2023,18.0,Luật kinh tế
58482,DTE,luat-kinh-te,A00,Điểm học bạ,2024,18.0,Luật kinh tế
58483,DTE,luat-kinh-te,C00,Điểm học bạ,2024,18.0,Luật kinh tế
58484,DTE,luat-kinh-te,D01,Điểm học bạ,2024,18.0,Luật kinh tế
58485,DTE,luat-kinh-te,D14,Điểm học bạ,2024,18.0,Luật kinh tế
58486,DTE,luat-kinh-te,A00,Điểm thi THPT,2024,18.0,Luật kinh tế
58487,DTE,luat-kinh-te,C00,Điểm thi THPT,2024,18.0,Luật kinh tế
58488,DTE,luat-kinh-te,D01,Điểm thi THPT,2024,18.0,Luật kinh tế
58489,DTE,luat-kinh-te,D14,Điểm thi THPT,2024,18.0,Luật kinh tế
58490,DTE,luat-kinh-te,A00,Điểm học bạ,2025,21.0,Luật kinh tế
58491,DTE,luat-kinh-te,C00,Điểm học bạ,2025,21.0,Luật kinh tế
58492,DTE,luat-kinh-te,D01,Điểm học bạ,2025,21.0,Luật kinh tế
58493,DTE,luat-kinh-te,D14,Điểm học bạ,2025,21.0,Luật kinh tế
58494,DTE,luat-kinh-te,X01,Điểm học bạ,2025,21.0,Luật kinh tế
58495,DTE,luat-kinh-te,A00,Điểm thi THPT,2025,18.0,Luật kinh tế
58496,DTE,luat-kinh-te,C00,Điểm thi THPT,2025,18.0,Luật kinh tế
58497,DTE,luat-kinh-te,D01,Điểm thi THPT,2025,18.0,Luật kinh tế
58498,DTE,luat-kinh-te,D14,Điểm thi THPT,2025,18.0,Luật kinh tế
58499,DTE,luat-kinh-te,X01,Điểm thi THPT,2025,18.0,Luật kinh tế
58500,DTE,marketing,A00,Điểm thi THPT,2021,16.0,Marketing
58501,DTE,marketing,A01,Điểm thi THPT,2021,16.0,Marketing
58502,DTE,marketing,C04,Điểm thi THPT,2021,16.0,Marketing
58503,DTE,marketing,D01,Điểm thi THPT,2021,16.0,Marketing
58504,DTE,marketing,A00,Điểm học bạ,2022,17.5,Marketing
58505,DTE,marketing,A01,Điểm học bạ,2022,17.5,Marketing
58506,DTE,marketing,C04,Điểm học bạ,2022,17.5,Marketing
58507,DTE,marketing,D01,Điểm học bạ,2022,17.5,Marketing
58508,DTE,marketing,A00,Điểm thi THPT,2022,16.0,Marketing
58509,DTE,marketing,A01,Điểm thi THPT,2022,16.0,Marketing
58510,DTE,marketing,C04,Điểm thi THPT,2022,16.0,Marketing
58511,DTE,marketing,D01,Điểm thi THPT,2022,16.0,Marketing
58512,DTE,marketing,A00,Điểm học bạ,2023,18.5,Marketing
58513,DTE,marketing,A01,Điểm học bạ,2023,18.5,Marketing
58514,DTE,marketing,C04,Điểm học bạ,2023,18.5,Marketing
58515,DTE,marketing,D01,Điểm học bạ,2023,18.5,Marketing
58516,DTE,marketing,A00,Điểm thi THPT,2023,18.0,Marketing
58517,DTE,marketing,A01,Điểm thi THPT,2023,18.0,Marketing
58518,DTE,marketing,C04,Điểm thi THPT,2023,18.0,Marketing
58519,DTE,marketing,D01,Điểm thi THPT,2023,18.0,Marketing
58520,DTE,marketing,A00,Điểm học bạ,2024,19.0,Marketing
58521,DTE,marketing,A01,Điểm học bạ,2024,19.0,Marketing
58522,DTE,marketing,C04,Điểm học bạ,2024,19.0,Marketing
58523,DTE,marketing,D01,Điểm học bạ,2024,19.0,Marketing
58524,DTE,marketing,A00,Điểm thi THPT,2024,18.5,Marketing
58525,DTE,marketing,A01,Điểm thi THPT,2024,18.5,Marketing
58526,DTE,marketing,C04,Điểm thi THPT,2024,18.5,Marketing
58527,DTE,marketing,D01,Điểm thi THPT,2024,18.5,Marketing
58528,DTE,marketing,A00,Điểm học bạ,2025,19.0,Marketing
58529,DTE,marketing,A01,Điểm học bạ,2025,19.0,Marketing
58530,DTE,marketing,C04,Điểm học bạ,2025,19.0,Marketing
58531,DTE,marketing,D01,Điểm học bạ,2025,19.0,Marketing
58532,DTE,marketing,X01,Điểm học bạ,2025,19.0,Marketing
58533,DTE,marketing,A00,Điểm thi THPT,2025,19.0,Marketing
58534,DTE,marketing,A01,Điểm thi THPT,2025,19.0,Marketing
58535,DTE,marketing,C04,Điểm thi THPT,2025,19.0,Marketing
58536,DTE,marketing,D01,Điểm thi THPT,2025,19.0,Marketing
58537,DTE,marketing,X01,Điểm thi THPT,2025,19.0,Marketing
58538,DTE,quan-ly-cong,A00,Điểm thi THPT,2021,17.5,Quản lý công
58539,DTE,quan-ly-cong,A01,Điểm thi THPT,2021,17.5,Quản lý công
58540,DTE,quan-ly-cong,C01,Điểm thi THPT,2021,17.5,Quản lý công
58541,DTE,quan-ly-cong,D01,Điểm thi THPT,2021,17.5,Quản lý công
58542,DTE,quan-ly-cong,A00,Điểm học bạ,2022,17.0,Quản lý công (Quản lý kinh tế)
58543,DTE,quan-ly-cong,A01,Điểm học bạ,2022,17.0,Quản lý công (Quản lý kinh tế)
58544,DTE,quan-ly-cong,C01,Điểm học bạ,2022,17.0,Quản lý công (Quản lý kinh tế)
58545,DTE,quan-ly-cong,D01,Điểm học bạ,2022,17.0,Quản lý công (Quản lý kinh tế)
58546,DTE,quan-ly-cong,A00,Điểm thi THPT,2022,16.0,Quản lý công (Quản lý kinh tế)
58547,DTE,quan-ly-cong,A01,Điểm thi THPT,2022,16.0,Quản lý công (Quản lý kinh tế)
58548,DTE,quan-ly-cong,C01,Điểm thi THPT,2022,16.0,Quản lý công (Quản lý kinh tế)
58549,DTE,quan-ly-cong,D01,Điểm thi THPT,2022,16.0,Quản lý công (Quản lý kinh tế)
58550,DTE,quan-ly-cong,A00,Điểm học bạ,2023,18.0,Quản lý công (Quản lý kinh tế)
58551,DTE,quan-ly-cong,A01,Điểm học bạ,2023,18.0,Quản lý công (Quản lý kinh tế)
58552,DTE,quan-ly-cong,C01,Điểm học bạ,2023,18.0,Quản lý công (Quản lý kinh tế)
58553,DTE,quan-ly-cong,D01,Điểm học bạ,2023,18.0,Quản lý công (Quản lý kinh tế)
58554,DTE,quan-ly-cong,A00,Điểm thi THPT,2023,16.0,Quản lý công (Quản lý kinh tế)
58555,DTE,quan-ly-cong,A01,Điểm thi THPT,2023,16.0,Quản lý công (Quản lý kinh tế)
58556,DTE,quan-ly-cong,C01,Điểm thi THPT,2023,16.0,Quản lý công (Quản lý kinh tế)
58557,DTE,quan-ly-cong,D01,Điểm thi THPT,2023,16.0,Quản lý công (Quản lý kinh tế)
58558,DTE,quan-ly-cong,A00,Điểm học bạ,2024,18.0,Quản lý công (Quản lý kinh tế)
58559,DTE,quan-ly-cong,A01,Điểm học bạ,2024,18.0,Quản lý công (Quản lý kinh tế)
58560,DTE,quan-ly-cong,C01,Điểm học bạ,2024,18.0,Quản lý công (Quản lý kinh tế)
58561,DTE,quan-ly-cong,D01,Điểm học bạ,2024,18.0,Quản lý công (Quản lý kinh tế)
58562,DTE,quan-ly-cong,A00,Điểm thi THPT,2024,17.0,Quản lý công (Quản lý kinh tế)
58563,DTE,quan-ly-cong,A01,Điểm thi THPT,2024,17.0,Quản lý công (Quản lý kinh tế)
58564,DTE,quan-ly-cong,C01,Điểm thi THPT,2024,17.0,Quản lý công (Quản lý kinh tế)
58565,DTE,quan-ly-cong,D01,Điểm thi THPT,2024,17.0,Quản lý công (Quản lý kinh tế)
58566,DTE,quan-ly-kinh-te,A00,Điểm học bạ,2025,20.0,Quản lý kinh tế
58567,DTE,quan-ly-kinh-te,A01,Điểm học bạ,2025,20.0,Quản lý kinh tế
58568,DTE,quan-ly-kinh-te,C01,Điểm học bạ,2025,20.0,Quản lý kinh tế
58569,DTE,quan-ly-kinh-te,D01,Điểm học bạ,2025,20.0,Quản lý kinh tế
58570,DTE,quan-ly-kinh-te,X01,Điểm học bạ,2025,20.0,Quản lý kinh tế
58571,DTE,quan-ly-kinh-te,A00,Điểm thi THPT,2025,17.0,Quản lý kinh tế
58572,DTE,quan-ly-kinh-te,A01,Điểm thi THPT,2025,17.0,Quản lý kinh tế
58573,DTE,quan-ly-kinh-te,C01,Điểm thi THPT,2025,17.0,Quản lý kinh tế
58574,DTE,quan-ly-kinh-te,D01,Điểm thi THPT,2025,17.0,Quản lý kinh tế
58575,DTE,quan-ly-kinh-te,X01,Điểm thi THPT,2025,17.0,Quản lý kinh tế
58576,DTE,quan-tri-dich-vu-du-lich-va-lu-hanh,A00,Điểm thi THPT,2021,16.0,Quản trị dịch vụ du lịch và lữ hành
58577,DTE,quan-tri-dich-vu-du-lich-va-lu-hanh,C00,Điểm thi THPT,2021,16.0,Quản trị dịch vụ du lịch và lữ hành
58578,DTE,quan-tri-dich-vu-du-lich-va-lu-hanh,C04,Điểm thi THPT,2021,16.0,Quản trị dịch vụ du lịch và lữ hành
58579,DTE,quan-tri-dich-vu-du-lich-va-lu-hanh,D01,Điểm thi THPT,2021,16.0,Quản trị dịch vụ du lịch và lữ hành
58580,DTE,quan-tri-dich-vu-du-lich-va-lu-hanh,A00,Điểm học bạ,2022,17.5,Quản trị dịch vụ du lịch và lữ hành
58581,DTE,quan-tri-dich-vu-du-lich-va-lu-hanh,C00,Điểm học bạ,2022,17.5,Quản trị dịch vụ du lịch và lữ hành
58582,DTE,quan-tri-dich-vu-du-lich-va-lu-hanh,C04,Điểm học bạ,2022,17.5,Quản trị dịch vụ du lịch và lữ hành
58583,DTE,quan-tri-dich-vu-du-lich-va-lu-hanh,D01,Điểm học bạ,2022,17.5,Quản trị dịch vụ du lịch và lữ hành
58584,DTE,quan-tri-dich-vu-du-lich-va-lu-hanh,A00,Điểm thi THPT,2022,16.0,Quản trị dịch vụ du lịch và lữ hành
58585,DTE,quan-tri-dich-vu-du-lich-va-lu-hanh,C00,Điểm thi THPT,2022,16.0,Quản trị dịch vụ du lịch và lữ hành
58586,DTE,quan-tri-dich-vu-du-lich-va-lu-hanh,C04,Điểm thi THPT,2022,16.0,Quản trị dịch vụ du lịch và lữ hành
58587,DTE,quan-tri-dich-vu-du-lich-va-lu-hanh,D01,Điểm thi THPT,2022,16.0,Quản trị dịch vụ du lịch và lữ hành
58588,DTE,quan-tri-dich-vu-du-lich-va-lu-hanh,A00,Điểm học bạ,2023,19.0,Quản trị dịch vụ du lịch và lữ hành
58589,DTE,quan-tri-dich-vu-du-lich-va-lu-hanh,C00,Điểm học bạ,2023,19.0,Quản trị dịch vụ du lịch và lữ hành
58590,DTE,quan-tri-dich-vu-du-lich-va-lu-hanh,C04,Điểm học bạ,2023,19.0,Quản trị dịch vụ du lịch và lữ hành
58591,DTE,quan-tri-dich-vu-du-lich-va-lu-hanh,D01,Điểm học bạ,2023,19.0,Quản trị dịch vụ du lịch và lữ hành
58592,DTE,quan-tri-dich-vu-du-lich-va-lu-hanh,A00,Điểm thi THPT,2023,18.0,Quản trị dịch vụ du lịch và lữ hành
58593,DTE,quan-tri-dich-vu-du-lich-va-lu-hanh,C00,Điểm thi THPT,2023,18.0,Quản trị dịch vụ du lịch và lữ hành
58594,DTE,quan-tri-dich-vu-du-lich-va-lu-hanh,C04,Điểm thi THPT,2023,18.0,Quản trị dịch vụ du lịch và lữ hành
58595,DTE,quan-tri-dich-vu-du-lich-va-lu-hanh,D01,Điểm thi THPT,2023,18.0,Quản trị dịch vụ du lịch và lữ hành
58596,DTE,quan-tri-dich-vu-du-lich-va-lu-hanh,A00,Điểm học bạ,2024,18.0,Quản trị dịch vụ du lịch và lữ hành
58597,DTE,quan-tri-dich-vu-du-lich-va-lu-hanh,C00,Điểm học bạ,2024,18.0,Quản trị dịch vụ du lịch và lữ hành
58598,DTE,quan-tri-dich-vu-du-lich-va-lu-hanh,C04,Điểm học bạ,2024,18.0,Quản trị dịch vụ du lịch và lữ hành
58599,DTE,quan-tri-dich-vu-du-lich-va-lu-hanh,D01,Điểm học bạ,2024,18.0,Quản trị dịch vụ du lịch và lữ hành
58600,DTE,quan-tri-dich-vu-du-lich-va-lu-hanh,A00,Điểm thi THPT,2024,18.0,Quản trị dịch vụ du lịch và lữ hành
58601,DTE,quan-tri-dich-vu-du-lich-va-lu-hanh,C00,Điểm thi THPT,2024,18.0,Quản trị dịch vụ du lịch và lữ hành
58602,DTE,quan-tri-dich-vu-du-lich-va-lu-hanh,C04,Điểm thi THPT,2024,18.0,Quản trị dịch vụ du lịch và lữ hành
58603,DTE,quan-tri-dich-vu-du-lich-va-lu-hanh,D01,Điểm thi THPT,2024,18.0,Quản trị dịch vụ du lịch và lữ hành
58604,DTE,quan-tri-du-lich-va-khach-san,A00,Điểm học bạ,2024,20.0,Quản trị du lịch và khách sạn
58605,DTE,quan-tri-du-lich-va-khach-san,C00,Điểm học bạ,2024,20.0,Quản trị du lịch và khách sạn
58606,DTE,quan-tri-du-lich-va-khach-san,C04,Điểm học bạ,2024,20.0,Quản trị du lịch và khách sạn
58607,DTE,quan-tri-du-lich-va-khach-san,D01,Điểm học bạ,2024,20.0,Quản trị du lịch và khách sạn
58608,DTE,quan-tri-du-lich-va-khach-san,A00,Điểm thi THPT,2024,20.0,Quản trị du lịch và khách sạn
58609,DTE,quan-tri-du-lich-va-khach-san,C00,Điểm thi THPT,2024,20.0,Quản trị du lịch và khách sạn
58610,DTE,quan-tri-du-lich-va-khach-san,C04,Điểm thi THPT,2024,20.0,Quản trị du lịch và khách sạn
58611,DTE,quan-tri-du-lich-va-khach-san,D01,Điểm thi THPT,2024,20.0,Quản trị du lịch và khách sạn
58612,DTE,quan-tri-du-lich-va-khach-san,A00,Điểm học bạ,2025,19.5,Quản trị du lịch và khách sạn (dạy và học bằng tiếng Anh)
58613,DTE,quan-tri-du-lich-va-khach-san,C00,Điểm học bạ,2025,19.5,Quản trị du lịch và khách sạn (dạy và học bằng tiếng Anh)
58614,DTE,quan-tri-du-lich-va-khach-san,C04,Điểm học bạ,2025,19.5,Quản trị du lịch và khách sạn (dạy và học bằng tiếng Anh)
58615,DTE,quan-tri-du-lich-va-khach-san,D01,Điểm học bạ,2025,19.5,Quản trị du lịch và khách sạn (dạy và học bằng tiếng Anh)
58616,DTE,quan-tri-du-lich-va-khach-san,X01,Điểm học bạ,2025,19.5,Quản trị du lịch và khách sạn (dạy và học bằng tiếng Anh)
58617,DTE,quan-tri-du-lich-va-khach-san,A00,Điểm thi THPT,2025,19.5,Quản trị du lịch và khách sạn (dạy và học bằng tiếng Anh)
58618,DTE,quan-tri-du-lich-va-khach-san,C00,Điểm thi THPT,2025,19.5,Quản trị du lịch và khách sạn (dạy và học bằng tiếng Anh)
58619,DTE,quan-tri-du-lich-va-khach-san,C04,Điểm thi THPT,2025,19.5,Quản trị du lịch và khách sạn (dạy và học bằng tiếng Anh)
58620,DTE,quan-tri-du-lich-va-khach-san,D01,Điểm thi THPT,2025,19.5,Quản trị du lịch và khách sạn (dạy và học bằng tiếng Anh)
58621,DTE,quan-tri-du-lich-va-khach-san,X01,Điểm thi THPT,2025,19.5,Quản trị du lịch và khách sạn (dạy và học bằng tiếng Anh)
58622,DTE,quan-tri-du-lich-va-khach-san-chat-luong-cao,A00,Điểm thi THPT,2021,18.0,Quản trị du lịch và khách sạn chất lượng cao
58623,DTE,quan-tri-du-lich-va-khach-san-chat-luong-cao,C00,Điểm thi THPT,2021,18.0,Quản trị du lịch và khách sạn chất lượng cao
58624,DTE,quan-tri-du-lich-va-khach-san-chat-luong-cao,C04,Điểm thi THPT,2021,18.0,Quản trị du lịch và khách sạn chất lượng cao
58625,DTE,quan-tri-du-lich-va-khach-san-chat-luong-cao,D01,Điểm thi THPT,2021,18.0,Quản trị du lịch và khách sạn chất lượng cao
58626,DTE,quan-tri-du-lich-va-khach-san-chat-luong-cao,A00,Điểm học bạ,2022,19.0,Quản trị du lịch và khách sạn chất lượng cao
58627,DTE,quan-tri-du-lich-va-khach-san-chat-luong-cao,C00,Điểm học bạ,2022,19.0,Quản trị du lịch và khách sạn chất lượng cao
58628,DTE,quan-tri-du-lich-va-khach-san-chat-luong-cao,C04,Điểm học bạ,2022,19.0,Quản trị du lịch và khách sạn chất lượng cao
58629,DTE,quan-tri-du-lich-va-khach-san-chat-luong-cao,D01,Điểm học bạ,2022,19.0,Quản trị du lịch và khách sạn chất lượng cao
58630,DTE,quan-tri-du-lich-va-khach-san-chat-luong-cao,A00,Điểm thi THPT,2022,18.0,Quản trị du lịch và khách sạn chất lượng cao
58631,DTE,quan-tri-du-lich-va-khach-san-chat-luong-cao,C00,Điểm thi THPT,2022,18.0,Quản trị du lịch và khách sạn chất lượng cao
58632,DTE,quan-tri-du-lich-va-khach-san-chat-luong-cao,C04,Điểm thi THPT,2022,18.0,Quản trị du lịch và khách sạn chất lượng cao
58633,DTE,quan-tri-du-lich-va-khach-san-chat-luong-cao,D01,Điểm thi THPT,2022,18.0,Quản trị du lịch và khách sạn chất lượng cao
58634,DTE,quan-tri-kinh-doanh,A00,Điểm thi THPT,2021,16.0,Quản trị kinh doanh
58635,DTE,quan-tri-kinh-doanh,A01,Điểm thi THPT,2021,16.0,Quản trị kinh doanh
58636,DTE,quan-tri-kinh-doanh,C01,Điểm thi THPT,2021,16.0,Quản trị kinh doanh
58637,DTE,quan-tri-kinh-doanh,D01,Điểm thi THPT,2021,16.0,Quản trị kinh doanh
58638,DTE,quan-tri-kinh-doanh,A00,Điểm học bạ,2022,17.5,Quản trị kinh doanh
58639,DTE,quan-tri-kinh-doanh,A01,Điểm học bạ,2022,17.5,Quản trị kinh doanh
58640,DTE,quan-tri-kinh-doanh,C01,Điểm học bạ,2022,17.5,Quản trị kinh doanh
58641,DTE,quan-tri-kinh-doanh,D01,Điểm học bạ,2022,17.5,Quản trị kinh doanh
58642,DTE,quan-tri-kinh-doanh,A00,Điểm thi THPT,2022,16.0,Quản trị kinh doanh
58643,DTE,quan-tri-kinh-doanh,A01,Điểm thi THPT,2022,16.0,Quản trị kinh doanh
58644,DTE,quan-tri-kinh-doanh,C01,Điểm thi THPT,2022,16.0,Quản trị kinh doanh
58645,DTE,quan-tri-kinh-doanh,D01,Điểm thi THPT,2022,16.0,Quản trị kinh doanh
58646,DTE,quan-tri-kinh-doanh,A00,Điểm học bạ,2023,19.0,Quản trị kinh doanh
58647,DTE,quan-tri-kinh-doanh,A01,Điểm học bạ,2023,19.0,Quản trị kinh doanh
58648,DTE,quan-tri-kinh-doanh,C01,Điểm học bạ,2023,19.0,Quản trị kinh doanh
58649,DTE,quan-tri-kinh-doanh,D01,Điểm học bạ,2023,19.0,Quản trị kinh doanh
58650,DTE,quan-tri-kinh-doanh,A00,Điểm thi THPT,2023,18.0,Quản trị kinh doanh
58651,DTE,quan-tri-kinh-doanh,A01,Điểm thi THPT,2023,18.0,Quản trị kinh doanh
58652,DTE,quan-tri-kinh-doanh,C01,Điểm thi THPT,2023,18.0,Quản trị kinh doanh
58653,DTE,quan-tri-kinh-doanh,D01,Điểm thi THPT,2023,18.0,Quản trị kinh doanh
58654,DTE,quan-tri-kinh-doanh,A00,Điểm học bạ,2024,19.0,Quản trị kinh doanh (Học tại phân hiệu ĐHTN tại tỉnh Hà Giang)
58655,DTE,quan-tri-kinh-doanh,A01,Điểm học bạ,2024,19.0,Quản trị kinh doanh (Học tại phân hiệu ĐHTN tại tỉnh Hà Giang)
58656,DTE,quan-tri-kinh-doanh,C01,Điểm học bạ,2024,19.0,Quản trị kinh doanh (Học tại phân hiệu ĐHTN tại tỉnh Hà Giang)
58657,DTE,quan-tri-kinh-doanh,D01,Điểm học bạ,2024,19.0,Quản trị kinh doanh (Học tại phân hiệu ĐHTN tại tỉnh Hà Giang)
58658,DTE,quan-tri-kinh-doanh,A00,Điểm thi THPT,2024,17.0,Quản trị kinh doanh (Học tại phân hiệu ĐHTN tại tỉnh Hà Giang)
58659,DTE,quan-tri-kinh-doanh,A01,Điểm thi THPT,2024,17.0,Quản trị kinh doanh (Học tại phân hiệu ĐHTN tại tỉnh Hà Giang)
58660,DTE,quan-tri-kinh-doanh,C01,Điểm thi THPT,2024,17.0,Quản trị kinh doanh (Học tại phân hiệu ĐHTN tại tỉnh Hà Giang)
58661,DTE,quan-tri-kinh-doanh,D01,Điểm thi THPT,2024,17.0,Quản trị kinh doanh (Học tại phân hiệu ĐHTN tại tỉnh Hà Giang)
58662,DTE,quan-tri-kinh-doanh,A00,Điểm học bạ,2025,18.0,Quản trị kinh doanh
58663,DTE,quan-tri-kinh-doanh,A01,Điểm học bạ,2025,18.0,Quản trị kinh doanh
58664,DTE,quan-tri-kinh-doanh,C04,Điểm học bạ,2025,18.0,Quản trị kinh doanh
58665,DTE,quan-tri-kinh-doanh,D01,Điểm học bạ,2025,18.0,Quản trị kinh doanh
58666,DTE,quan-tri-kinh-doanh,X01,Điểm học bạ,2025,18.0,Quản trị kinh doanh
58667,DTE,quan-tri-kinh-doanh,A00,Điểm thi THPT,2025,18.0,Quản trị kinh doanh
58668,DTE,quan-tri-kinh-doanh,A01,Điểm thi THPT,2025,18.0,Quản trị kinh doanh
58669,DTE,quan-tri-kinh-doanh,C04,Điểm thi THPT,2025,18.0,Quản trị kinh doanh
58670,DTE,quan-tri-kinh-doanh,D01,Điểm thi THPT,2025,18.0,Quản trị kinh doanh
58671,DTE,quan-tri-kinh-doanh,X01,Điểm thi THPT,2025,18.0,Quản trị kinh doanh
58672,DTE,quan-tri-kinh-doanh-chat-luong-cao,A00,Điểm thi THPT,2021,18.5,Quản trị kinh doanh chất lượng cao
58673,DTE,quan-tri-kinh-doanh-chat-luong-cao,A01,Điểm thi THPT,2021,18.5,Quản trị kinh doanh chất lượng cao
58674,DTE,quan-tri-kinh-doanh-chat-luong-cao,C01,Điểm thi THPT,2021,18.5,Quản trị kinh doanh chất lượng cao
58675,DTE,quan-tri-kinh-doanh-chat-luong-cao,D01,Điểm thi THPT,2021,18.5,Quản trị kinh doanh chất lượng cao
58676,DTE,quan-tri-kinh-doanh-chat-luong-cao,A00,Điểm học bạ,2022,18.5,Quản trị kinh doanh chất lượng cao
58677,DTE,quan-tri-kinh-doanh-chat-luong-cao,A01,Điểm học bạ,2022,18.5,Quản trị kinh doanh chất lượng cao
58678,DTE,quan-tri-kinh-doanh-chat-luong-cao,C01,Điểm học bạ,2022,18.5,Quản trị kinh doanh chất lượng cao
58679,DTE,quan-tri-kinh-doanh-chat-luong-cao,D01,Điểm học bạ,2022,18.5,Quản trị kinh doanh chất lượng cao
58680,DTE,quan-tri-kinh-doanh-chat-luong-cao,A00,Điểm thi THPT,2022,18.0,Quản trị kinh doanh chất lượng cao
58681,DTE,quan-tri-kinh-doanh-chat-luong-cao,A01,Điểm thi THPT,2022,18.0,Quản trị kinh doanh chất lượng cao
58682,DTE,quan-tri-kinh-doanh-chat-luong-cao,C01,Điểm thi THPT,2022,18.0,Quản trị kinh doanh chất lượng cao
58683,DTE,quan-tri-kinh-doanh-chat-luong-cao,D01,Điểm thi THPT,2022,18.0,Quản trị kinh doanh chất lượng cao
58684,DTE,quan-tri-kinh-doanh-khach-san-va-du-lich,A00,Điểm học bạ,2025,18.0,Quản trị kinh doanh khách sạn và du lịch
58685,DTE,quan-tri-kinh-doanh-khach-san-va-du-lich,C00,Điểm học bạ,2025,18.0,Quản trị kinh doanh khách sạn và du lịch
58686,DTE,quan-tri-kinh-doanh-khach-san-va-du-lich,C04,Điểm học bạ,2025,18.0,Quản trị kinh doanh khách sạn và du lịch
58687,DTE,quan-tri-kinh-doanh-khach-san-va-du-lich,D01,Điểm học bạ,2025,18.0,Quản trị kinh doanh khách sạn và du lịch
58688,DTE,quan-tri-kinh-doanh-khach-san-va-du-lich,X01,Điểm học bạ,2025,18.0,Quản trị kinh doanh khách sạn và du lịch
58689,DTE,quan-tri-kinh-doanh-khach-san-va-du-lich,A00,Điểm thi THPT,2025,18.0,Quản trị kinh doanh khách sạn và du lịch
58690,DTE,quan-tri-kinh-doanh-khach-san-va-du-lich,C00,Điểm thi THPT,2025,18.0,Quản trị kinh doanh khách sạn và du lịch
58691,DTE,quan-tri-kinh-doanh-khach-san-va-du-lich,C04,Điểm thi THPT,2025,18.0,Quản trị kinh doanh khách sạn và du lịch
58692,DTE,quan-tri-kinh-doanh-khach-san-va-du-lich,D01,Điểm thi THPT,2025,18.0,Quản trị kinh doanh khách sạn và du lịch
58693,DTE,quan-tri-kinh-doanh-khach-san-va-du-lich,X01,Điểm thi THPT,2025,18.0,Quản trị kinh doanh khách sạn và du lịch
58694,DTE,quan-tri-marketing,A00,Điểm học bạ,2024,21.0,Quản trị marketing
58695,DTE,quan-tri-marketing,A01,Điểm học bạ,2024,21.0,Quản trị marketing
58696,DTE,quan-tri-marketing,C04,Điểm học bạ,2024,21.0,Quản trị marketing
58697,DTE,quan-tri-marketing,D01,Điểm học bạ,2024,21.0,Quản trị marketing
58698,DTE,quan-tri-marketing,A00,Điểm thi THPT,2024,20.0,Quản trị marketing
58699,DTE,quan-tri-marketing,A01,Điểm thi THPT,2024,20.0,Quản trị marketing
58700,DTE,quan-tri-marketing,C04,Điểm thi THPT,2024,20.0,Quản trị marketing
58701,DTE,quan-tri-marketing,D01,Điểm thi THPT,2024,20.0,Quản trị marketing
58702,DTE,quan-tri-marketing,A00,Điểm học bạ,2025,22.5,Quản trị marketing (dạy và học bằng tiếng Anh)
58703,DTE,quan-tri-marketing,A01,Điểm học bạ,2025,22.5,Quản trị marketing (dạy và học bằng tiếng Anh)
58704,DTE,quan-tri-marketing,C04,Điểm học bạ,2025,22.5,Quản trị marketing (dạy và học bằng tiếng Anh)
58705,DTE,quan-tri-marketing,D01,Điểm học bạ,2025,22.5,Quản trị marketing (dạy và học bằng tiếng Anh)
58706,DTE,quan-tri-marketing,X01,Điểm học bạ,2025,22.5,Quản trị marketing (dạy và học bằng tiếng Anh)
58707,DTE,quan-tri-marketing,A00,Điểm thi THPT,2025,19.5,Quản trị marketing (dạy và học bằng tiếng Anh)
58708,DTE,quan-tri-marketing,A01,Điểm thi THPT,2025,19.5,Quản trị marketing (dạy và học bằng tiếng Anh)
58709,DTE,quan-tri-marketing,C04,Điểm thi THPT,2025,19.5,Quản trị marketing (dạy và học bằng tiếng Anh)
58710,DTE,quan-tri-marketing,D01,Điểm thi THPT,2025,19.5,Quản trị marketing (dạy và học bằng tiếng Anh)
58711,DTE,quan-tri-marketing,X01,Điểm thi THPT,2025,19.5,Quản trị marketing (dạy và học bằng tiếng Anh)
58712,DTE,quan-tri-nhan-luc,A00,Điểm học bạ,2024,19.0,Quản trị nhân lực
58713,DTE,quan-tri-nhan-luc,C00,Điểm học bạ,2024,19.0,Quản trị nhân lực
58714,DTE,quan-tri-nhan-luc,D01,Điểm học bạ,2024,19.0,Quản trị nhân lực
58715,DTE,quan-tri-nhan-luc,D14,Điểm học bạ,2024,19.0,Quản trị nhân lực
58716,DTE,quan-tri-nhan-luc,A00,Điểm thi THPT,2024,18.0,Quản trị nhân lực
58717,DTE,quan-tri-nhan-luc,C00,Điểm thi THPT,2024,18.0,Quản trị nhân lực
58718,DTE,quan-tri-nhan-luc,D01,Điểm thi THPT,2024,18.0,Quản trị nhân lực
58719,DTE,quan-tri-nhan-luc,D14,Điểm thi THPT,2024,18.0,Quản trị nhân lực
58720,DTE,quan-tri-nhan-luc,A00,Điểm học bạ,2025,21.0,Quản trị nhân lực
58721,DTE,quan-tri-nhan-luc,C00,Điểm học bạ,2025,21.0,Quản trị nhân lực
58722,DTE,quan-tri-nhan-luc,D01,Điểm học bạ,2025,21.0,Quản trị nhân lực
58723,DTE,quan-tri-nhan-luc,D14,Điểm học bạ,2025,21.0,Quản trị nhân lực
58724,DTE,quan-tri-nhan-luc,X01,Điểm học bạ,2025,21.0,Quản trị nhân lực
58725,DTE,quan-tri-nhan-luc,A00,Điểm thi THPT,2025,18.0,Quản trị nhân lực
58726,DTE,quan-tri-nhan-luc,C00,Điểm thi THPT,2025,18.0,Quản trị nhân lực
58727,DTE,quan-tri-nhan-luc,D01,Điểm thi THPT,2025,18.0,Quản trị nhân lực
58728,DTE,quan-tri-nhan-luc,D14,Điểm thi THPT,2025,18.0,Quản trị nhân lực
58729,DTE,quan-tri-nhan-luc,X01,Điểm thi THPT,2025,18.0,Quản trị nhân lực
58730,DTE,tai-chinh,A00,Điểm học bạ,2024,21.0,Tài chính
58731,DTE,tai-chinh,A01,Điểm học bạ,2024,21.0,Tài chính
58732,DTE,tai-chinh,C01,Điểm học bạ,2024,21.0,Tài chính
58733,DTE,tai-chinh,D01,Điểm học bạ,2024,21.0,Tài chính
58734,DTE,tai-chinh,A00,Điểm thi THPT,2024,20.0,Tài chính
58735,DTE,tai-chinh,A01,Điểm thi THPT,2024,20.0,Tài chính
58736,DTE,tai-chinh,C01,Điểm thi THPT,2024,20.0,Tài chính
58737,DTE,tai-chinh,D01,Điểm thi THPT,2024,20.0,Tài chính
58738,DTE,tai-chinh,A00,Điểm học bạ,2025,22.5,Tài chính (dạy và học bằng tiếng Anh)
58739,DTE,tai-chinh,A01,Điểm học bạ,2025,22.5,Tài chính (dạy và học bằng tiếng Anh)
58740,DTE,tai-chinh,C01,Điểm học bạ,2025,22.5,Tài chính (dạy và học bằng tiếng Anh)
58741,DTE,tai-chinh,D01,Điểm học bạ,2025,22.5,Tài chính (dạy và học bằng tiếng Anh)
58742,DTE,tai-chinh,X01,Điểm học bạ,2025,22.5,Tài chính (dạy và học bằng tiếng Anh)
58743,DTE,tai-chinh,A00,Điểm thi THPT,2025,19.5,Tài chính (dạy và học bằng tiếng Anh)
58744,DTE,tai-chinh,A01,Điểm thi THPT,2025,19.5,Tài chính (dạy và học bằng tiếng Anh)
58745,DTE,tai-chinh,C01,Điểm thi THPT,2025,19.5,Tài chính (dạy và học bằng tiếng Anh)
58746,DTE,tai-chinh,D01,Điểm thi THPT,2025,19.5,Tài chính (dạy và học bằng tiếng Anh)
58747,DTE,tai-chinh,X01,Điểm thi THPT,2025,19.5,Tài chính (dạy và học bằng tiếng Anh)
58748,DTE,tai-chinh-chat-luong-cao,A00,Điểm thi THPT,2021,20.0,Tài chính chất lượng cao
58749,DTE,tai-chinh-chat-luong-cao,A01,Điểm thi THPT,2021,20.0,Tài chính chất lượng cao
58750,DTE,tai-chinh-chat-luong-cao,C01,Điểm thi THPT,2021,20.0,Tài chính chất lượng cao
58751,DTE,tai-chinh-chat-luong-cao,D01,Điểm thi THPT,2021,20.0,Tài chính chất lượng cao
58752,DTE,tai-chinh-chat-luong-cao,A00,Điểm học bạ,2022,21.0,Tài chính chất lượng cao
58753,DTE,tai-chinh-chat-luong-cao,A01,Điểm học bạ,2022,21.0,Tài chính chất lượng cao
58754,DTE,tai-chinh-chat-luong-cao,C01,Điểm học bạ,2022,21.0,Tài chính chất lượng cao
58755,DTE,tai-chinh-chat-luong-cao,D01,Điểm học bạ,2022,21.0,Tài chính chất lượng cao
58756,DTE,tai-chinh-chat-luong-cao,A00,Điểm thi THPT,2022,18.0,Tài chính chất lượng cao
58757,DTE,tai-chinh-chat-luong-cao,A01,Điểm thi THPT,2022,18.0,Tài chính chất lượng cao
58758,DTE,tai-chinh-chat-luong-cao,C01,Điểm thi THPT,2022,18.0,Tài chính chất lượng cao
58759,DTE,tai-chinh-chat-luong-cao,D01,Điểm thi THPT,2022,18.0,Tài chính chất lượng cao
58760,DTE,tai-chinh-ngan-hang,A00,Điểm thi THPT,2021,16.0,Tài chính ngân hàng
58761,DTE,tai-chinh-ngan-hang,A01,Điểm thi THPT,2021,16.0,Tài chính ngân hàng
58762,DTE,tai-chinh-ngan-hang,C01,Điểm thi THPT,2021,16.0,Tài chính ngân hàng
58763,DTE,tai-chinh-ngan-hang,D01,Điểm thi THPT,2021,16.0,Tài chính ngân hàng
58764,DTE,tai-chinh-ngan-hang,A00,Điểm học bạ,2022,17.5,Tài chính - Ngân hàng
58765,DTE,tai-chinh-ngan-hang,A01,Điểm học bạ,2022,17.5,Tài chính - Ngân hàng
58766,DTE,tai-chinh-ngan-hang,C01,Điểm học bạ,2022,17.5,Tài chính - Ngân hàng
58767,DTE,tai-chinh-ngan-hang,D01,Điểm học bạ,2022,17.5,Tài chính - Ngân hàng
58768,DTE,tai-chinh-ngan-hang,A00,Điểm thi THPT,2022,16.0,Tài chính - Ngân hàng
58769,DTE,tai-chinh-ngan-hang,A01,Điểm thi THPT,2022,16.0,Tài chính - Ngân hàng
58770,DTE,tai-chinh-ngan-hang,C01,Điểm thi THPT,2022,16.0,Tài chính - Ngân hàng
58771,DTE,tai-chinh-ngan-hang,D01,Điểm thi THPT,2022,16.0,Tài chính - Ngân hàng
58772,DTE,tai-chinh-ngan-hang,A00,Điểm học bạ,2023,19.0,Tài chính - Ngân hàng
58773,DTE,tai-chinh-ngan-hang,A01,Điểm học bạ,2023,19.0,Tài chính - Ngân hàng
58774,DTE,tai-chinh-ngan-hang,C01,Điểm học bạ,2023,19.0,Tài chính - Ngân hàng
58775,DTE,tai-chinh-ngan-hang,D01,Điểm học bạ,2023,19.0,Tài chính - Ngân hàng
58776,DTE,tai-chinh-ngan-hang,A00,Điểm thi THPT,2023,18.0,Tài chính - Ngân hàng
58777,DTE,tai-chinh-ngan-hang,A01,Điểm thi THPT,2023,18.0,Tài chính - Ngân hàng
58778,DTE,tai-chinh-ngan-hang,C01,Điểm thi THPT,2023,18.0,Tài chính - Ngân hàng
58779,DTE,tai-chinh-ngan-hang,D01,Điểm thi THPT,2023,18.0,Tài chính - Ngân hàng
58780,DTE,tai-chinh-ngan-hang,A00,Điểm học bạ,2024,19.0,Tài chính - Ngân hàng
58781,DTE,tai-chinh-ngan-hang,A01,Điểm học bạ,2024,19.0,Tài chính - Ngân hàng
58782,DTE,tai-chinh-ngan-hang,C01,Điểm học bạ,2024,19.0,Tài chính - Ngân hàng
58783,DTE,tai-chinh-ngan-hang,D01,Điểm học bạ,2024,19.0,Tài chính - Ngân hàng
58784,DTE,tai-chinh-ngan-hang,A00,Điểm thi THPT,2024,18.0,Tài chính - Ngân hàng
58785,DTE,tai-chinh-ngan-hang,A01,Điểm thi THPT,2024,18.0,Tài chính - Ngân hàng
58786,DTE,tai-chinh-ngan-hang,C01,Điểm thi THPT,2024,18.0,Tài chính - Ngân hàng
58787,DTE,tai-chinh-ngan-hang,D01,Điểm thi THPT,2024,18.0,Tài chính - Ngân hàng
58788,DTE,tai-chinh-ngan-hang,A00,Điểm học bạ,2025,20.5,Tài chính - Ngân hàng
58789,DTE,tai-chinh-ngan-hang,A01,Điểm học bạ,2025,20.5,Tài chính - Ngân hàng
58790,DTE,tai-chinh-ngan-hang,C01,Điểm học bạ,2025,20.5,Tài chính - Ngân hàng
58791,DTE,tai-chinh-ngan-hang,D01,Điểm học bạ,2025,20.5,Tài chính - Ngân hàng
58792,DTE,tai-chinh-ngan-hang,X01,Điểm học bạ,2025,20.5,Tài chính - Ngân hàng
58793,DTE,tai-chinh-ngan-hang,A00,Điểm thi THPT,2025,17.5,Tài chính - Ngân hàng
58794,DTE,tai-chinh-ngan-hang,A01,Điểm thi THPT,2025,17.5,Tài chính - Ngân hàng
58795,DTE,tai-chinh-ngan-hang,C01,Điểm thi THPT,2025,17.5,Tài chính - Ngân hàng
58796,DTE,tai-chinh-ngan-hang,D01,Điểm thi THPT,2025,17.5,Tài chính - Ngân hàng
58797,DTE,tai-chinh-ngan-hang,X01,Điểm thi THPT,2025,17.5,Tài chính - Ngân hàng
58798,DTE,thuong-mai-dien-tu,A00,Điểm học bạ,2025,18.0,Thương mại điện tử
58799,DTE,thuong-mai-dien-tu,A01,Điểm học bạ,2025,18.0,Thương mại điện tử
58800,DTE,thuong-mai-dien-tu,C04,Điểm học bạ,2025,18.0,Thương mại điện tử
58801,DTE,thuong-mai-dien-tu,D01,Điểm học bạ,2025,18.0,Thương mại điện tử
58802,DTE,thuong-mai-dien-tu,X01,Điểm học bạ,2025,18.0,Thương mại điện tử
58803,DTE,thuong-mai-dien-tu,A00,Điểm thi THPT,2025,18.0,Thương mại điện tử
58804,DTE,thuong-mai-dien-tu,A01,Điểm thi THPT,2025,18.0,Thương mại điện tử
58805,DTE,thuong-mai-dien-tu,C04,Điểm thi THPT,2025,18.0,Thương mại điện tử
58806,DTE,thuong-mai-dien-tu,D01,Điểm thi THPT,2025,18.0,Thương mại điện tử
58807,DTE,thuong-mai-dien-tu,X01,Điểm thi THPT,2025,18.0,Thương mại điện tử
58808,DTF,ngon-ngu-anh,A01,Điểm thi THPT,2021,22.0,Ngôn ngữ Anh
58809,DTF,ngon-ngu-anh,D01,Điểm thi THPT,2021,22.0,Ngôn ngữ Anh
58810,DTF,ngon-ngu-anh,D15,Điểm thi THPT,2021,22.0,Ngôn ngữ Anh
58811,DTF,ngon-ngu-anh,D66,Điểm thi THPT,2021,22.0,Ngôn ngữ Anh
58812,DTF,ngon-ngu-anh,A01,Điểm học bạ,2022,25.5,Ngôn ngữ Anh
58813,DTF,ngon-ngu-anh,D01,Điểm học bạ,2022,25.5,Ngôn ngữ Anh
58814,DTF,ngon-ngu-anh,D15,Điểm học bạ,2022,25.5,Ngôn ngữ Anh
58815,DTF,ngon-ngu-anh,D66,Điểm học bạ,2022,25.5,Ngôn ngữ Anh
58816,DTF,ngon-ngu-anh,A01,Điểm thi THPT,2022,21.0,Ngôn ngữ Anh
58817,DTF,ngon-ngu-anh,D01,Điểm thi THPT,2022,21.0,Ngôn ngữ Anh
58818,DTF,ngon-ngu-anh,D15,Điểm thi THPT,2022,21.0,Ngôn ngữ Anh
58819,DTF,ngon-ngu-anh,D66,Điểm thi THPT,2022,21.0,Ngôn ngữ Anh
58820,DTF,ngon-ngu-anh,A01,Điểm học bạ,2023,24.5,Ngôn ngữ Anh
58821,DTF,ngon-ngu-anh,D01,Điểm học bạ,2023,24.5,Ngôn ngữ Anh
58822,DTF,ngon-ngu-anh,D15,Điểm học bạ,2023,24.5,Ngôn ngữ Anh
58823,DTF,ngon-ngu-anh,D66,Điểm học bạ,2023,24.5,Ngôn ngữ Anh
58824,DTF,ngon-ngu-anh,A01,Điểm thi THPT,2023,23.0,Ngôn ngữ Anh
58825,DTF,ngon-ngu-anh,D01,Điểm thi THPT,2023,23.0,Ngôn ngữ Anh
58826,DTF,ngon-ngu-anh,D15,Điểm thi THPT,2023,23.0,Ngôn ngữ Anh
58827,DTF,ngon-ngu-anh,D66,Điểm thi THPT,2023,23.0,Ngôn ngữ Anh
58828,DTF,ngon-ngu-anh,A01,Điểm học bạ,2024,23.7,Ngôn ngữ Anh
58829,DTF,ngon-ngu-anh,D01,Điểm học bạ,2024,23.7,Ngôn ngữ Anh
58830,DTF,ngon-ngu-anh,D15,Điểm học bạ,2024,23.7,Ngôn ngữ Anh
58831,DTF,ngon-ngu-anh,D66,Điểm học bạ,2024,23.7,Ngôn ngữ Anh
58832,DTF,ngon-ngu-anh,A01,Điểm thi THPT,2024,23.7,Ngôn ngữ Anh
58833,DTF,ngon-ngu-anh,D01,Điểm thi THPT,2024,23.7,Ngôn ngữ Anh
58834,DTF,ngon-ngu-anh,D15,Điểm thi THPT,2024,23.7,Ngôn ngữ Anh
58835,DTF,ngon-ngu-anh,D66,Điểm thi THPT,2024,23.7,Ngôn ngữ Anh
58836,DTF,ngon-ngu-anh,D01,Điểm học bạ,2025,19.35,Ngôn ngữ Anh
58837,DTF,ngon-ngu-anh,D14,Điểm học bạ,2025,19.35,Ngôn ngữ Anh
58838,DTF,ngon-ngu-anh,D15,Điểm học bạ,2025,19.35,Ngôn ngữ Anh
58839,DTF,ngon-ngu-anh,D66,Điểm học bạ,2025,19.35,Ngôn ngữ Anh
58840,DTF,ngon-ngu-anh,X78,Điểm học bạ,2025,19.35,Ngôn ngữ Anh
58841,DTF,ngon-ngu-anh,D01,Điểm thi THPT,2025,19.35,Ngôn ngữ Anh
58842,DTF,ngon-ngu-anh,D14,Điểm thi THPT,2025,19.35,Ngôn ngữ Anh
58843,DTF,ngon-ngu-anh,D15,Điểm thi THPT,2025,19.35,Ngôn ngữ Anh
58844,DTF,ngon-ngu-anh,D66,Điểm thi THPT,2025,19.35,Ngôn ngữ Anh
58845,DTF,ngon-ngu-anh,X78,Điểm thi THPT,2025,19.35,Ngôn ngữ Anh
58846,DTF,ngon-ngu-phap,A01,Điểm thi THPT,2021,15.0,Ngôn ngữ Pháp
58847,DTF,ngon-ngu-phap,D01,Điểm thi THPT,2021,15.0,Ngôn ngữ Pháp
58848,DTF,ngon-ngu-phap,D03,Điểm thi THPT,2021,15.0,Ngôn ngữ Pháp
58849,DTF,ngon-ngu-phap,D66,Điểm thi THPT,2021,15.0,Ngôn ngữ Pháp
58850,DTF,ngon-ngu-phap,A01,Điểm học bạ,2022,18.0,Ngôn ngữ Pháp
58851,DTF,ngon-ngu-phap,D01,Điểm học bạ,2022,18.0,Ngôn ngữ Pháp
58852,DTF,ngon-ngu-phap,D03,Điểm học bạ,2022,18.0,Ngôn ngữ Pháp
58853,DTF,ngon-ngu-phap,D66,Điểm học bạ,2022,18.0,Ngôn ngữ Pháp
58854,DTF,ngon-ngu-phap,A01,Điểm thi THPT,2022,16.0,Ngôn ngữ Pháp
58855,DTF,ngon-ngu-phap,D01,Điểm thi THPT,2022,16.0,Ngôn ngữ Pháp
58856,DTF,ngon-ngu-phap,D03,Điểm thi THPT,2022,16.0,Ngôn ngữ Pháp
58857,DTF,ngon-ngu-phap,D66,Điểm thi THPT,2022,16.0,Ngôn ngữ Pháp
58858,DTF,ngon-ngu-phap,A01,Điểm học bạ,2023,18.0,Ngôn ngữ Pháp
58859,DTF,ngon-ngu-phap,D01,Điểm học bạ,2023,18.0,Ngôn ngữ Pháp
58860,DTF,ngon-ngu-phap,D03,Điểm học bạ,2023,18.0,Ngôn ngữ Pháp
58861,DTF,ngon-ngu-phap,D66,Điểm học bạ,2023,18.0,Ngôn ngữ Pháp
58862,DTF,ngon-ngu-phap,A01,Điểm thi THPT,2023,16.0,Ngôn ngữ Pháp
58863,DTF,ngon-ngu-phap,D01,Điểm thi THPT,2023,16.0,Ngôn ngữ Pháp
58864,DTF,ngon-ngu-phap,D03,Điểm thi THPT,2023,16.0,Ngôn ngữ Pháp
58865,DTF,ngon-ngu-phap,D66,Điểm thi THPT,2023,16.0,Ngôn ngữ Pháp
58866,DTF,ngon-ngu-phap,A01,Điểm học bạ,2024,18.0,Ngôn ngữ Pháp
58867,DTF,ngon-ngu-phap,D01,Điểm học bạ,2024,18.0,Ngôn ngữ Pháp
58868,DTF,ngon-ngu-phap,D03,Điểm học bạ,2024,18.0,Ngôn ngữ Pháp
58869,DTF,ngon-ngu-phap,D66,Điểm học bạ,2024,18.0,Ngôn ngữ Pháp
58870,DTF,ngon-ngu-phap,A01,Điểm thi THPT,2024,16.0,Ngôn ngữ Pháp
58871,DTF,ngon-ngu-phap,D01,Điểm thi THPT,2024,16.0,Ngôn ngữ Pháp
58872,DTF,ngon-ngu-phap,D03,Điểm thi THPT,2024,16.0,Ngôn ngữ Pháp
58873,DTF,ngon-ngu-phap,D66,Điểm thi THPT,2024,16.0,Ngôn ngữ Pháp
58874,DTF,ngon-ngu-trung-quoc,A01,Điểm thi THPT,2021,24.0,Ngôn ngữ Trung Quốc
58875,DTF,ngon-ngu-trung-quoc,D01,Điểm thi THPT,2021,24.0,Ngôn ngữ Trung Quốc
58876,DTF,ngon-ngu-trung-quoc,D04,Điểm thi THPT,2021,24.0,Ngôn ngữ Trung Quốc
58877,DTF,ngon-ngu-trung-quoc,D66,Điểm thi THPT,2021,24.0,Ngôn ngữ Trung Quốc
58878,DTF,ngon-ngu-trung-quoc,A01,Điểm học bạ,2022,26.7,Ngôn ngữ Trung Quốc
58879,DTF,ngon-ngu-trung-quoc,D01,Điểm học bạ,2022,26.7,Ngôn ngữ Trung Quốc
58880,DTF,ngon-ngu-trung-quoc,D04,Điểm học bạ,2022,26.7,Ngôn ngữ Trung Quốc
58881,DTF,ngon-ngu-trung-quoc,D66,Điểm học bạ,2022,26.7,Ngôn ngữ Trung Quốc
58882,DTF,ngon-ngu-trung-quoc,A01,Điểm thi THPT,2022,22.3,Ngôn ngữ Trung Quốc
58883,DTF,ngon-ngu-trung-quoc,D01,Điểm thi THPT,2022,22.3,Ngôn ngữ Trung Quốc
58884,DTF,ngon-ngu-trung-quoc,D04,Điểm thi THPT,2022,22.3,Ngôn ngữ Trung Quốc
58885,DTF,ngon-ngu-trung-quoc,D66,Điểm thi THPT,2022,22.3,Ngôn ngữ Trung Quốc
58886,DTF,ngon-ngu-trung-quoc,A01,Điểm học bạ,2023,25.85,Ngôn ngữ Trung Quốc
58887,DTF,ngon-ngu-trung-quoc,D01,Điểm học bạ,2023,25.85,Ngôn ngữ Trung Quốc
58888,DTF,ngon-ngu-trung-quoc,D04,Điểm học bạ,2023,25.85,Ngôn ngữ Trung Quốc
58889,DTF,ngon-ngu-trung-quoc,D66,Điểm học bạ,2023,25.85,Ngôn ngữ Trung Quốc
58890,DTF,ngon-ngu-trung-quoc,A01,Điểm thi THPT,2023,24.0,Ngôn ngữ Trung Quốc
58891,DTF,ngon-ngu-trung-quoc,D01,Điểm thi THPT,2023,24.0,Ngôn ngữ Trung Quốc
58892,DTF,ngon-ngu-trung-quoc,D04,Điểm thi THPT,2023,24.0,Ngôn ngữ Trung Quốc
58893,DTF,ngon-ngu-trung-quoc,D66,Điểm thi THPT,2023,24.0,Ngôn ngữ Trung Quốc
58894,DTF,ngon-ngu-trung-quoc,A01,Điểm học bạ,2024,26.5,Ngôn ngữ Trung Quốc
58895,DTF,ngon-ngu-trung-quoc,D01,Điểm học bạ,2024,26.5,Ngôn ngữ Trung Quốc
58896,DTF,ngon-ngu-trung-quoc,D04,Điểm học bạ,2024,26.5,Ngôn ngữ Trung Quốc
58897,DTF,ngon-ngu-trung-quoc,D66,Điểm học bạ,2024,26.5,Ngôn ngữ Trung Quốc
58898,DTF,ngon-ngu-trung-quoc,A01,Điểm thi THPT,2024,24.5,Ngôn ngữ Trung Quốc
58899,DTF,ngon-ngu-trung-quoc,D01,Điểm thi THPT,2024,24.5,Ngôn ngữ Trung Quốc
58900,DTF,ngon-ngu-trung-quoc,D04,Điểm thi THPT,2024,24.5,Ngôn ngữ Trung Quốc
58901,DTF,ngon-ngu-trung-quoc,D66,Điểm thi THPT,2024,24.5,Ngôn ngữ Trung Quốc
58902,DTF,ngon-ngu-trung-quoc,D01,Điểm học bạ,2025,21.4,Ngôn ngữ Trung Quốc
58903,DTF,ngon-ngu-trung-quoc,D04,Điểm học bạ,2025,21.4,Ngôn ngữ Trung Quốc
58904,DTF,ngon-ngu-trung-quoc,D14,Điểm học bạ,2025,21.4,Ngôn ngữ Trung Quốc
58905,DTF,ngon-ngu-trung-quoc,D15,Điểm học bạ,2025,21.4,Ngôn ngữ Trung Quốc
58906,DTF,ngon-ngu-trung-quoc,D45,Điểm học bạ,2025,21.4,Ngôn ngữ Trung Quốc
58907,DTF,ngon-ngu-trung-quoc,D65,Điểm học bạ,2025,21.4,Ngôn ngữ Trung Quốc
58908,DTF,ngon-ngu-trung-quoc,D66,Điểm học bạ,2025,21.4,Ngôn ngữ Trung Quốc
58909,DTF,ngon-ngu-trung-quoc,X78,Điểm học bạ,2025,21.4,Ngôn ngữ Trung Quốc
58910,DTF,ngon-ngu-trung-quoc,X90,Điểm học bạ,2025,21.4,Ngôn ngữ Trung Quốc
58911,DTF,ngon-ngu-trung-quoc,D01,Điểm thi THPT,2025,21.4,Ngôn ngữ Trung Quốc
58912,DTF,ngon-ngu-trung-quoc,D04,Điểm thi THPT,2025,21.4,Ngôn ngữ Trung Quốc
58913,DTF,ngon-ngu-trung-quoc,D14,Điểm thi THPT,2025,21.4,Ngôn ngữ Trung Quốc
58914,DTF,ngon-ngu-trung-quoc,D15,Điểm thi THPT,2025,21.4,Ngôn ngữ Trung Quốc
58915,DTF,ngon-ngu-trung-quoc,D45,Điểm thi THPT,2025,21.4,Ngôn ngữ Trung Quốc
58916,DTF,ngon-ngu-trung-quoc,D65,Điểm thi THPT,2025,21.4,Ngôn ngữ Trung Quốc
58917,DTF,ngon-ngu-trung-quoc,D66,Điểm thi THPT,2025,21.4,Ngôn ngữ Trung Quốc
58918,DTF,ngon-ngu-trung-quoc,X78,Điểm thi THPT,2025,21.4,Ngôn ngữ Trung Quốc
58919,DTF,ngon-ngu-trung-quoc,X90,Điểm thi THPT,2025,21.4,Ngôn ngữ Trung Quốc
58920,DTF,su-pham-tieng-anh,A01,Điểm thi THPT,2021,22.0,Sư phạm Tiếng Anh
58921,DTF,su-pham-tieng-anh,D01,Điểm thi THPT,2021,22.0,Sư phạm Tiếng Anh
58922,DTF,su-pham-tieng-anh,D15,Điểm thi THPT,2021,22.0,Sư phạm Tiếng Anh
58923,DTF,su-pham-tieng-anh,D66,Điểm thi THPT,2021,22.0,Sư phạm Tiếng Anh
58924,DTF,su-pham-tieng-anh,A01,Điểm học bạ,2022,25.5,Sư phạm Tiếng Anh
58925,DTF,su-pham-tieng-anh,D01,Điểm học bạ,2022,25.5,Sư phạm Tiếng Anh
58926,DTF,su-pham-tieng-anh,D15,Điểm học bạ,2022,25.5,Sư phạm Tiếng Anh
58927,DTF,su-pham-tieng-anh,D66,Điểm học bạ,2022,25.5,Sư phạm Tiếng Anh
58928,DTF,su-pham-tieng-anh,A01,Điểm thi THPT,2022,23.7,Sư phạm Tiếng Anh
58929,DTF,su-pham-tieng-anh,D01,Điểm thi THPT,2022,23.7,Sư phạm Tiếng Anh
58930,DTF,su-pham-tieng-anh,D15,Điểm thi THPT,2022,23.7,Sư phạm Tiếng Anh
58931,DTF,su-pham-tieng-anh,D66,Điểm thi THPT,2022,23.7,Sư phạm Tiếng Anh
58932,DTF,su-pham-tieng-anh,A01,Điểm học bạ,2023,27.55,Sư phạm Tiếng Anh
58933,DTF,su-pham-tieng-anh,D01,Điểm học bạ,2023,27.55,Sư phạm Tiếng Anh
58934,DTF,su-pham-tieng-anh,D15,Điểm học bạ,2023,27.55,Sư phạm Tiếng Anh
58935,DTF,su-pham-tieng-anh,D66,Điểm học bạ,2023,27.55,Sư phạm Tiếng Anh
58936,DTF,su-pham-tieng-anh,A01,Điểm thi THPT,2023,25.9,Sư phạm Tiếng Anh
58937,DTF,su-pham-tieng-anh,D01,Điểm thi THPT,2023,25.9,Sư phạm Tiếng Anh
58938,DTF,su-pham-tieng-anh,D15,Điểm thi THPT,2023,25.9,Sư phạm Tiếng Anh
58939,DTF,su-pham-tieng-anh,D66,Điểm thi THPT,2023,25.9,Sư phạm Tiếng Anh
58940,DTF,su-pham-tieng-anh,A01,Điểm học bạ,2024,28.5,Sư phạm Tiếng Anh
58941,DTF,su-pham-tieng-anh,D01,Điểm học bạ,2024,28.5,Sư phạm Tiếng Anh
58942,DTF,su-pham-tieng-anh,D15,Điểm học bạ,2024,28.5,Sư phạm Tiếng Anh
58943,DTF,su-pham-tieng-anh,D66,Điểm học bạ,2024,28.5,Sư phạm Tiếng Anh
58944,DTF,su-pham-tieng-anh,A01,Điểm thi THPT,2024,26.95,Sư phạm Tiếng Anh
58945,DTF,su-pham-tieng-anh,D01,Điểm thi THPT,2024,26.95,Sư phạm Tiếng Anh
58946,DTF,su-pham-tieng-anh,D15,Điểm thi THPT,2024,26.95,Sư phạm Tiếng Anh
58947,DTF,su-pham-tieng-anh,D66,Điểm thi THPT,2024,26.95,Sư phạm Tiếng Anh
58948,DTF,su-pham-tieng-anh,D01,Điểm học bạ,2025,27.07,Sư phạm Tiếng Anh
58949,DTF,su-pham-tieng-anh,D14,Điểm học bạ,2025,27.07,Sư phạm Tiếng Anh
58950,DTF,su-pham-tieng-anh,D15,Điểm học bạ,2025,27.07,Sư phạm Tiếng Anh
58951,DTF,su-pham-tieng-anh,D66,Điểm học bạ,2025,27.07,Sư phạm Tiếng Anh
58952,DTF,su-pham-tieng-anh,X78,Điểm học bạ,2025,27.07,Sư phạm Tiếng Anh
58953,DTF,su-pham-tieng-anh,D01,Điểm thi THPT,2025,27.07,Sư phạm Tiếng Anh
58954,DTF,su-pham-tieng-anh,D14,Điểm thi THPT,2025,27.07,Sư phạm Tiếng Anh
58955,DTF,su-pham-tieng-anh,D15,Điểm thi THPT,2025,27.07,Sư phạm Tiếng Anh
58956,DTF,su-pham-tieng-anh,D66,Điểm thi THPT,2025,27.07,Sư phạm Tiếng Anh
58957,DTF,su-pham-tieng-anh,X78,Điểm thi THPT,2025,27.07,Sư phạm Tiếng Anh
58958,DTF,su-pham-tieng-tnung-quoc,A01,Điểm học bạ,2023,26.65,Sư phạm Tiếng Tnung Quốc
58959,DTF,su-pham-tieng-tnung-quoc,D01,Điểm học bạ,2023,26.65,Sư phạm Tiếng Tnung Quốc
58960,DTF,su-pham-tieng-tnung-quoc,D04,Điểm học bạ,2023,26.65,Sư phạm Tiếng Tnung Quốc
58961,DTF,su-pham-tieng-tnung-quoc,D66,Điểm học bạ,2023,26.65,Sư phạm Tiếng Tnung Quốc
58962,DTF,su-pham-tieng-tnung-quoc,A01,Điểm thi THPT,2023,25.15,Sư phạm Tiếng Tnung Quốc
58963,DTF,su-pham-tieng-tnung-quoc,D01,Điểm thi THPT,2023,25.15,Sư phạm Tiếng Tnung Quốc
58964,DTF,su-pham-tieng-tnung-quoc,D04,Điểm thi THPT,2023,25.15,Sư phạm Tiếng Tnung Quốc
58965,DTF,su-pham-tieng-tnung-quoc,D66,Điểm thi THPT,2023,25.15,Sư phạm Tiếng Tnung Quốc
58966,DTF,su-pham-tieng-trung-quoc,A01,Điểm thi THPT,2021,24.0,Sư phạm Tiếng Trung Quốc
58967,DTF,su-pham-tieng-trung-quoc,D01,Điểm thi THPT,2021,24.0,Sư phạm Tiếng Trung Quốc
58968,DTF,su-pham-tieng-trung-quoc,D04,Điểm thi THPT,2021,24.0,Sư phạm Tiếng Trung Quốc
58969,DTF,su-pham-tieng-trung-quoc,D66,Điểm thi THPT,2021,24.0,Sư phạm Tiếng Trung Quốc
58970,DTF,su-pham-tieng-trung-quoc,A01,Điểm học bạ,2022,26.8,Sư phạm Tiếng Trung Quốc
58971,DTF,su-pham-tieng-trung-quoc,D01,Điểm học bạ,2022,26.8,Sư phạm Tiếng Trung Quốc
58972,DTF,su-pham-tieng-trung-quoc,D04,Điểm học bạ,2022,26.8,Sư phạm Tiếng Trung Quốc
58973,DTF,su-pham-tieng-trung-quoc,D66,Điểm học bạ,2022,26.8,Sư phạm Tiếng Trung Quốc
58974,DTF,su-pham-tieng-trung-quoc,A01,Điểm thi THPT,2022,24.4,Sư phạm Tiếng Trung Quốc
58975,DTF,su-pham-tieng-trung-quoc,D01,Điểm thi THPT,2022,24.4,Sư phạm Tiếng Trung Quốc
58976,DTF,su-pham-tieng-trung-quoc,D04,Điểm thi THPT,2022,24.4,Sư phạm Tiếng Trung Quốc
58977,DTF,su-pham-tieng-trung-quoc,D66,Điểm thi THPT,2022,24.4,Sư phạm Tiếng Trung Quốc
58978,DTF,su-pham-tieng-trung-quoc,A01,Điểm học bạ,2024,27.95,Sư phạm Tiếng Trung Quốc
58979,DTF,su-pham-tieng-trung-quoc,D01,Điểm học bạ,2024,27.95,Sư phạm Tiếng Trung Quốc
58980,DTF,su-pham-tieng-trung-quoc,D04,Điểm học bạ,2024,27.95,Sư phạm Tiếng Trung Quốc
58981,DTF,su-pham-tieng-trung-quoc,D66,Điểm học bạ,2024,27.95,Sư phạm Tiếng Trung Quốc
58982,DTF,su-pham-tieng-trung-quoc,A01,Điểm thi THPT,2024,26.65,Sư phạm Tiếng Trung Quốc
58983,DTF,su-pham-tieng-trung-quoc,D01,Điểm thi THPT,2024,26.65,Sư phạm Tiếng Trung Quốc
58984,DTF,su-pham-tieng-trung-quoc,D04,Điểm thi THPT,2024,26.65,Sư phạm Tiếng Trung Quốc
58985,DTF,su-pham-tieng-trung-quoc,D66,Điểm thi THPT,2024,26.65,Sư phạm Tiếng Trung Quốc
58986,DTF,su-pham-tieng-trung-quoc,D01,Điểm học bạ,2025,27.02,Sư phạm Tiếng Trung Quốc
58987,DTF,su-pham-tieng-trung-quoc,D04,Điểm học bạ,2025,27.02,Sư phạm Tiếng Trung Quốc
58988,DTF,su-pham-tieng-trung-quoc,D14,Điểm học bạ,2025,27.02,Sư phạm Tiếng Trung Quốc
58989,DTF,su-pham-tieng-trung-quoc,D15,Điểm học bạ,2025,27.02,Sư phạm Tiếng Trung Quốc
58990,DTF,su-pham-tieng-trung-quoc,D45,Điểm học bạ,2025,27.02,Sư phạm Tiếng Trung Quốc
58991,DTF,su-pham-tieng-trung-quoc,D65,Điểm học bạ,2025,27.02,Sư phạm Tiếng Trung Quốc
58992,DTF,su-pham-tieng-trung-quoc,D66,Điểm học bạ,2025,27.02,Sư phạm Tiếng Trung Quốc
58993,DTF,su-pham-tieng-trung-quoc,X78,Điểm học bạ,2025,27.02,Sư phạm Tiếng Trung Quốc
58994,DTF,su-pham-tieng-trung-quoc,X90,Điểm học bạ,2025,27.02,Sư phạm Tiếng Trung Quốc
58995,DTF,su-pham-tieng-trung-quoc,D01,Điểm thi THPT,2025,27.02,Sư phạm Tiếng Trung Quốc
58996,DTF,su-pham-tieng-trung-quoc,D04,Điểm thi THPT,2025,27.02,Sư phạm Tiếng Trung Quốc
58997,DTF,su-pham-tieng-trung-quoc,D14,Điểm thi THPT,2025,27.02,Sư phạm Tiếng Trung Quốc
58998,DTF,su-pham-tieng-trung-quoc,D15,Điểm thi THPT,2025,27.02,Sư phạm Tiếng Trung Quốc
58999,DTF,su-pham-tieng-trung-quoc,D45,Điểm thi THPT,2025,27.02,Sư phạm Tiếng Trung Quốc
59000,DTF,su-pham-tieng-trung-quoc,D65,Điểm thi THPT,2025,27.02,Sư phạm Tiếng Trung Quốc
59001,DTF,su-pham-tieng-trung-quoc,D66,Điểm thi THPT,2025,27.02,Sư phạm Tiếng Trung Quốc
59002,DTF,su-pham-tieng-trung-quoc,X78,Điểm thi THPT,2025,27.02,Sư phạm Tiếng Trung Quốc
59003,DTF,su-pham-tieng-trung-quoc,X90,Điểm thi THPT,2025,27.02,Sư phạm Tiếng Trung Quốc
59004,DTG,giao-duc-mam-non,C00,Điểm học bạ,2023,25.15,Giáo dục Mầm non (cao đẳng)
59005,DTG,giao-duc-mam-non,C19,Điểm học bạ,2023,25.15,Giáo dục Mầm non (cao đẳng)
59006,DTG,giao-duc-mam-non,C20,Điểm học bạ,2023,25.15,Giáo dục Mầm non (cao đẳng)
59007,DTG,giao-duc-mam-non,M00,Điểm học bạ,2023,25.15,Giáo dục Mầm non (cao đẳng)
59008,DTG,giao-duc-mam-non,C00,Điểm thi THPT,2023,20.25,Giáo dục Mầm non (cao đẳng)
59009,DTG,giao-duc-mam-non,C19,Điểm thi THPT,2023,20.25,Giáo dục Mầm non (cao đẳng)
59010,DTG,giao-duc-mam-non,C20,Điểm thi THPT,2023,20.25,Giáo dục Mầm non (cao đẳng)
59011,DTG,giao-duc-mam-non,M00,Điểm thi THPT,2023,20.25,Giáo dục Mầm non (cao đẳng)
59012,DTG,giao-duc-mam-non,C00,Điểm học bạ,2025,26.05,Giáo dục Mầm non
59013,DTG,giao-duc-mam-non,C14,Điểm học bạ,2025,26.05,Giáo dục Mầm non
59014,DTG,giao-duc-mam-non,C19,Điểm học bạ,2025,26.05,Giáo dục Mầm non
59015,DTG,giao-duc-mam-non,C20,Điểm học bạ,2025,26.05,Giáo dục Mầm non
59016,DTG,giao-duc-mam-non,D01,Điểm học bạ,2025,26.05,Giáo dục Mầm non
59017,DTG,giao-duc-mam-non,X01,Điểm học bạ,2025,26.05,Giáo dục Mầm non
59018,DTG,giao-duc-mam-non,X70,Điểm học bạ,2025,26.05,Giáo dục Mầm non
59019,DTG,giao-duc-mam-non,X74,Điểm học bạ,2025,26.05,Giáo dục Mầm non
59020,DTG,giao-duc-mam-non,C00,Điểm thi THPT,2025,26.05,Giáo dục Mầm non
59021,DTG,giao-duc-mam-non,C14,Điểm thi THPT,2025,26.05,Giáo dục Mầm non
59022,DTG,giao-duc-mam-non,C19,Điểm thi THPT,2025,26.05,Giáo dục Mầm non
59023,DTG,giao-duc-mam-non,C20,Điểm thi THPT,2025,26.05,Giáo dục Mầm non
59024,DTG,giao-duc-mam-non,D01,Điểm thi THPT,2025,26.05,Giáo dục Mầm non
59025,DTG,giao-duc-mam-non,X01,Điểm thi THPT,2025,26.05,Giáo dục Mầm non
59026,DTG,giao-duc-mam-non,X70,Điểm thi THPT,2025,26.05,Giáo dục Mầm non
59027,DTG,giao-duc-mam-non,X74,Điểm thi THPT,2025,26.05,Giáo dục Mầm non
59028,DTG,giao-duc-tieu-hoc,C00,Điểm học bạ,2023,26.58,Giáo dục Tiểu học
59029,DTG,giao-duc-tieu-hoc,C19,Điểm học bạ,2023,26.58,Giáo dục Tiểu học
59030,DTG,giao-duc-tieu-hoc,C20,Điểm học bạ,2023,26.58,Giáo dục Tiểu học
59031,DTG,giao-duc-tieu-hoc,M00,Điểm học bạ,2023,26.58,Giáo dục Tiểu học
59032,DTG,giao-duc-tieu-hoc,C00,Điểm thi THPT,2023,22.75,Giáo dục Tiểu học
59033,DTG,giao-duc-tieu-hoc,C19,Điểm thi THPT,2023,22.75,Giáo dục Tiểu học
59034,DTG,giao-duc-tieu-hoc,C20,Điểm thi THPT,2023,22.75,Giáo dục Tiểu học
59035,DTG,giao-duc-tieu-hoc,M00,Điểm thi THPT,2023,22.75,Giáo dục Tiểu học
59036,DTG,giao-duc-tieu-hoc,A00,Điểm học bạ,2025,26.14,Giáo dục Tiểu học
59037,DTG,giao-duc-tieu-hoc,C00,Điểm học bạ,2025,26.14,Giáo dục Tiểu học
59038,DTG,giao-duc-tieu-hoc,C14,Điểm học bạ,2025,26.14,Giáo dục Tiểu học
59039,DTG,giao-duc-tieu-hoc,C19,Điểm học bạ,2025,26.14,Giáo dục Tiểu học
59040,DTG,giao-duc-tieu-hoc,C20,Điểm học bạ,2025,26.14,Giáo dục Tiểu học
59041,DTG,giao-duc-tieu-hoc,D01,Điểm học bạ,2025,26.14,Giáo dục Tiểu học
59042,DTG,giao-duc-tieu-hoc,X01,Điểm học bạ,2025,26.14,Giáo dục Tiểu học
59043,DTG,giao-duc-tieu-hoc,X70,Điểm học bạ,2025,26.14,Giáo dục Tiểu học
59044,DTG,giao-duc-tieu-hoc,X74,Điểm học bạ,2025,26.14,Giáo dục Tiểu học
59045,DTG,giao-duc-tieu-hoc,A00,Điểm thi THPT,2025,26.14,Giáo dục Tiểu học
59046,DTG,giao-duc-tieu-hoc,C00,Điểm thi THPT,2025,26.14,Giáo dục Tiểu học
59047,DTG,giao-duc-tieu-hoc,C14,Điểm thi THPT,2025,26.14,Giáo dục Tiểu học
59048,DTG,giao-duc-tieu-hoc,C19,Điểm thi THPT,2025,26.14,Giáo dục Tiểu học
59049,DTG,giao-duc-tieu-hoc,C20,Điểm thi THPT,2025,26.14,Giáo dục Tiểu học
59050,DTG,giao-duc-tieu-hoc,D01,Điểm thi THPT,2025,26.14,Giáo dục Tiểu học
59051,DTG,giao-duc-tieu-hoc,X01,Điểm thi THPT,2025,26.14,Giáo dục Tiểu học
59052,DTG,giao-duc-tieu-hoc,X70,Điểm thi THPT,2025,26.14,Giáo dục Tiểu học
59053,DTG,giao-duc-tieu-hoc,X74,Điểm thi THPT,2025,26.14,Giáo dục Tiểu học
59054,DTG,ngon-ngu-trung-quoc,D14,Điểm học bạ,2024,20.5,Ngôn ngữ Trung Quốc
59055,DTG,ngon-ngu-trung-quoc,D15,Điểm học bạ,2024,20.5,Ngôn ngữ Trung Quốc
59056,DTG,ngon-ngu-trung-quoc,D45,Điểm học bạ,2024,20.5,Ngôn ngữ Trung Quốc
59057,DTG,ngon-ngu-trung-quoc,D66,Điểm học bạ,2024,20.5,Ngôn ngữ Trung Quốc
59058,DTG,ngon-ngu-trung-quoc,D14,Điểm thi THPT,2024,21.5,Ngôn ngữ Trung Quốc
59059,DTG,ngon-ngu-trung-quoc,D15,Điểm thi THPT,2024,21.5,Ngôn ngữ Trung Quốc
59060,DTG,ngon-ngu-trung-quoc,D45,Điểm thi THPT,2024,21.5,Ngôn ngữ Trung Quốc
59061,DTG,ngon-ngu-trung-quoc,D66,Điểm thi THPT,2024,21.5,Ngôn ngữ Trung Quốc
59062,DTG,ngon-ngu-trung-quoc,D01,Điểm học bạ,2025,20.05,Ngôn ngữ Trung Quốc
59063,DTG,ngon-ngu-trung-quoc,D14,Điểm học bạ,2025,20.05,Ngôn ngữ Trung Quốc
59064,DTG,ngon-ngu-trung-quoc,D15,Điểm học bạ,2025,20.05,Ngôn ngữ Trung Quốc
59065,DTG,ngon-ngu-trung-quoc,D66,Điểm học bạ,2025,20.05,Ngôn ngữ Trung Quốc
59066,DTG,ngon-ngu-trung-quoc,D01,Điểm thi THPT,2025,20.05,Ngôn ngữ Trung Quốc
59067,DTG,ngon-ngu-trung-quoc,D14,Điểm thi THPT,2025,20.05,Ngôn ngữ Trung Quốc
59068,DTG,ngon-ngu-trung-quoc,D15,Điểm thi THPT,2025,20.05,Ngôn ngữ Trung Quốc
59069,DTG,ngon-ngu-trung-quoc,D66,Điểm thi THPT,2025,20.05,Ngôn ngữ Trung Quốc
59070,DTG,sp-giao-duc-mam-non,C00,Điểm học bạ,2024,26.96,SP Giáo dục Mầm non
59071,DTG,sp-giao-duc-mam-non,C19,Điểm học bạ,2024,26.96,SP Giáo dục Mầm non
59072,DTG,sp-giao-duc-mam-non,C20,Điểm học bạ,2024,26.96,SP Giáo dục Mầm non
59073,DTG,sp-giao-duc-mam-non,M01,Điểm học bạ,2024,26.96,SP Giáo dục Mầm non
59074,DTG,sp-giao-duc-mam-non,C00,Điểm thi THPT,2024,26.36,SP Giáo dục Mầm non
59075,DTG,sp-giao-duc-mam-non,C19,Điểm thi THPT,2024,26.36,SP Giáo dục Mầm non
59076,DTG,sp-giao-duc-mam-non,C20,Điểm thi THPT,2024,26.36,SP Giáo dục Mầm non
59077,DTG,sp-giao-duc-mam-non,M01,Điểm thi THPT,2024,26.36,SP Giáo dục Mầm non
59078,DTG,sp-giao-duc-tieu-hoc,C00,Điểm học bạ,2024,27.4,SP Giáo dục Tiểu học
59079,DTG,sp-giao-duc-tieu-hoc,C19,Điểm học bạ,2024,27.4,SP Giáo dục Tiểu học
59080,DTG,sp-giao-duc-tieu-hoc,C20,Điểm học bạ,2024,27.4,SP Giáo dục Tiểu học
59081,DTG,sp-giao-duc-tieu-hoc,M01,Điểm học bạ,2024,27.4,SP Giáo dục Tiểu học
59082,DTG,sp-giao-duc-tieu-hoc,C00,Điểm thi THPT,2024,27.31,SP Giáo dục Tiểu học
59083,DTG,sp-giao-duc-tieu-hoc,C19,Điểm thi THPT,2024,27.31,SP Giáo dục Tiểu học
59084,DTG,sp-giao-duc-tieu-hoc,C20,Điểm thi THPT,2024,27.31,SP Giáo dục Tiểu học
59085,DTG,sp-giao-duc-tieu-hoc,M01,Điểm thi THPT,2024,27.31,SP Giáo dục Tiểu học
59086,DTG,sp-tieng-h-mong,C00,Điểm học bạ,2024,24.43,SP tiếng H'mong
59087,DTG,sp-tieng-h-mong,C19,Điểm học bạ,2024,24.43,SP tiếng H'mong
59088,DTG,sp-tieng-h-mong,C20,Điểm học bạ,2024,24.43,SP tiếng H'mong
59089,DTG,sp-tieng-h-mong,M01,Điểm học bạ,2024,24.43,SP tiếng H'mong
59090,DTG,sp-tieng-h-mong,C00,Điểm thi THPT,2024,25.09,SP tiếng H'mong
59091,DTG,sp-tieng-h-mong,C19,Điểm thi THPT,2024,25.09,SP tiếng H'mong
59092,DTG,sp-tieng-h-mong,C20,Điểm thi THPT,2024,25.09,SP tiếng H'mong
59093,DTG,sp-tieng-h-mong,M01,Điểm thi THPT,2024,25.09,SP tiếng H'mong
59094,DTG,su-pham-tieng-h-mong,C00,Điểm học bạ,2025,21.05,Sư phạm Tiếng H’mong
59095,DTG,su-pham-tieng-h-mong,C14,Điểm học bạ,2025,21.05,Sư phạm Tiếng H’mong
59096,DTG,su-pham-tieng-h-mong,C19,Điểm học bạ,2025,21.05,Sư phạm Tiếng H’mong
59097,DTG,su-pham-tieng-h-mong,C20,Điểm học bạ,2025,21.05,Sư phạm Tiếng H’mong
59098,DTG,su-pham-tieng-h-mong,D01,Điểm học bạ,2025,21.05,Sư phạm Tiếng H’mong
59099,DTG,su-pham-tieng-h-mong,X01,Điểm học bạ,2025,21.05,Sư phạm Tiếng H’mong
59100,DTG,su-pham-tieng-h-mong,X70,Điểm học bạ,2025,21.05,Sư phạm Tiếng H’mong
59101,DTG,su-pham-tieng-h-mong,X74,Điểm học bạ,2025,21.05,Sư phạm Tiếng H’mong
59102,DTG,su-pham-tieng-h-mong,C00,Điểm thi THPT,2025,21.05,Sư phạm Tiếng H’mong
59103,DTG,su-pham-tieng-h-mong,C14,Điểm thi THPT,2025,21.05,Sư phạm Tiếng H’mong
59104,DTG,su-pham-tieng-h-mong,C19,Điểm thi THPT,2025,21.05,Sư phạm Tiếng H’mong
59105,DTG,su-pham-tieng-h-mong,C20,Điểm thi THPT,2025,21.05,Sư phạm Tiếng H’mong
59106,DTG,su-pham-tieng-h-mong,D01,Điểm thi THPT,2025,21.05,Sư phạm Tiếng H’mong
59107,DTG,su-pham-tieng-h-mong,X01,Điểm thi THPT,2025,21.05,Sư phạm Tiếng H’mong
59108,DTG,su-pham-tieng-h-mong,X70,Điểm thi THPT,2025,21.05,Sư phạm Tiếng H’mong
59109,DTG,su-pham-tieng-h-mong,X74,Điểm thi THPT,2025,21.05,Sư phạm Tiếng H’mong
59110,DTG,tieng-viet-va-van-hoa-viet-nam,C00,Điểm học bạ,2025,19.0,Tiếng Việt và văn hóa Việt Nam
59111,DTG,tieng-viet-va-van-hoa-viet-nam,C14,Điểm học bạ,2025,19.0,Tiếng Việt và văn hóa Việt Nam
59112,DTG,tieng-viet-va-van-hoa-viet-nam,C19,Điểm học bạ,2025,19.0,Tiếng Việt và văn hóa Việt Nam
59113,DTG,tieng-viet-va-van-hoa-viet-nam,C20,Điểm học bạ,2025,19.0,Tiếng Việt và văn hóa Việt Nam
59114,DTG,tieng-viet-va-van-hoa-viet-nam,D01,Điểm học bạ,2025,19.0,Tiếng Việt và văn hóa Việt Nam
59115,DTG,tieng-viet-va-van-hoa-viet-nam,C00,Điểm thi THPT,2025,19.0,Tiếng Việt và văn hóa Việt Nam
59116,DTG,tieng-viet-va-van-hoa-viet-nam,C14,Điểm thi THPT,2025,19.0,Tiếng Việt và văn hóa Việt Nam
59117,DTG,tieng-viet-va-van-hoa-viet-nam,C19,Điểm thi THPT,2025,19.0,Tiếng Việt và văn hóa Việt Nam
59118,DTG,tieng-viet-va-van-hoa-viet-nam,C20,Điểm thi THPT,2025,19.0,Tiếng Việt và văn hóa Việt Nam
59119,DTG,tieng-viet-va-van-hoa-viet-nam,D01,Điểm thi THPT,2025,19.0,Tiếng Việt và văn hóa Việt Nam
59120,DTK,cong-nghe-che-tao-may,A00,Điểm thi THPT,2021,15.0,Công nghệ chế tạo máy
59121,DTK,cong-nghe-che-tao-may,A01,Điểm thi THPT,2021,15.0,Công nghệ chế tạo máy
59122,DTK,cong-nghe-che-tao-may,D01,Điểm thi THPT,2021,15.0,Công nghệ chế tạo máy
59123,DTK,cong-nghe-che-tao-may,D07,Điểm thi THPT,2021,15.0,Công nghệ chế tạo máy
59124,DTK,cong-nghe-che-tao-may,A00,Điểm thi THPT,2022,15.0,Công nghệ chế tạo máy
59125,DTK,cong-nghe-che-tao-may,A01,Điểm thi THPT,2022,15.0,Công nghệ chế tạo máy
59126,DTK,cong-nghe-che-tao-may,D01,Điểm thi THPT,2022,15.0,Công nghệ chế tạo máy
59127,DTK,cong-nghe-che-tao-may,D07,Điểm thi THPT,2022,15.0,Công nghệ chế tạo máy
59128,DTK,cong-nghe-che-tao-may,A00,Điểm học bạ,2023,18.0,Công nghệ chế tạo máy
59129,DTK,cong-nghe-che-tao-may,A01,Điểm học bạ,2023,18.0,Công nghệ chế tạo máy
59130,DTK,cong-nghe-che-tao-may,D01,Điểm học bạ,2023,18.0,Công nghệ chế tạo máy
59131,DTK,cong-nghe-che-tao-may,D07,Điểm học bạ,2023,18.0,Công nghệ chế tạo máy
59132,DTK,cong-nghe-che-tao-may,A00,Điểm thi THPT,2023,15.0,Công nghệ chế tạo máy
59133,DTK,cong-nghe-che-tao-may,A01,Điểm thi THPT,2023,15.0,Công nghệ chế tạo máy
59134,DTK,cong-nghe-che-tao-may,D01,Điểm thi THPT,2023,15.0,Công nghệ chế tạo máy
59135,DTK,cong-nghe-che-tao-may,D07,Điểm thi THPT,2023,15.0,Công nghệ chế tạo máy
59136,DTK,cong-nghe-che-tao-may,A00,Điểm học bạ,2024,18.0,Công nghệ chế tạo máy
59137,DTK,cong-nghe-che-tao-may,A01,Điểm học bạ,2024,18.0,Công nghệ chế tạo máy
59138,DTK,cong-nghe-che-tao-may,D01,Điểm học bạ,2024,18.0,Công nghệ chế tạo máy
59139,DTK,cong-nghe-che-tao-may,D07,Điểm học bạ,2024,18.0,Công nghệ chế tạo máy
59140,DTK,cong-nghe-che-tao-may,A00,Điểm thi THPT,2024,16.0,Công nghệ chế tạo máy
59141,DTK,cong-nghe-che-tao-may,A01,Điểm thi THPT,2024,16.0,Công nghệ chế tạo máy
59142,DTK,cong-nghe-che-tao-may,D01,Điểm thi THPT,2024,16.0,Công nghệ chế tạo máy
59143,DTK,cong-nghe-che-tao-may,D07,Điểm thi THPT,2024,16.0,Công nghệ chế tạo máy
59144,DTK,cong-nghe-che-tao-may,A00,Điểm học bạ,2025,16.0,Công nghệ Chế tạo máy
59145,DTK,cong-nghe-che-tao-may,A01,Điểm học bạ,2025,16.0,Công nghệ Chế tạo máy
59146,DTK,cong-nghe-che-tao-may,C01,Điểm học bạ,2025,16.0,Công nghệ Chế tạo máy
59147,DTK,cong-nghe-che-tao-may,C02,Điểm học bạ,2025,16.0,Công nghệ Chế tạo máy
59148,DTK,cong-nghe-che-tao-may,D01,Điểm học bạ,2025,16.0,Công nghệ Chế tạo máy
59149,DTK,cong-nghe-che-tao-may,D07,Điểm học bạ,2025,16.0,Công nghệ Chế tạo máy
59150,DTK,cong-nghe-che-tao-may,A00,Điểm thi THPT,2025,16.0,Công nghệ Chế tạo máy
59151,DTK,cong-nghe-che-tao-may,A01,Điểm thi THPT,2025,16.0,Công nghệ Chế tạo máy
59152,DTK,cong-nghe-che-tao-may,C01,Điểm thi THPT,2025,16.0,Công nghệ Chế tạo máy
59153,DTK,cong-nghe-che-tao-may,C02,Điểm thi THPT,2025,16.0,Công nghệ Chế tạo máy
59154,DTK,cong-nghe-che-tao-may,D01,Điểm thi THPT,2025,16.0,Công nghệ Chế tạo máy
59155,DTK,cong-nghe-che-tao-may,D07,Điểm thi THPT,2025,16.0,Công nghệ Chế tạo máy
59156,DTK,cong-nghe-dien-tu-ban-dan-va-vi-mach,A00,Điểm học bạ,2024,22.0,"Kỹ thuật điện tử - viễn thông (Chuyên ngành Công nghệ điện từ, bản dẫn và vi mạch)"
59157,DTK,cong-nghe-dien-tu-ban-dan-va-vi-mach,A01,Điểm học bạ,2024,22.0,"Kỹ thuật điện tử - viễn thông (Chuyên ngành Công nghệ điện từ, bản dẫn và vi mạch)"
59158,DTK,cong-nghe-dien-tu-ban-dan-va-vi-mach,D01,Điểm học bạ,2024,22.0,"Kỹ thuật điện tử - viễn thông (Chuyên ngành Công nghệ điện từ, bản dẫn và vi mạch)"
59159,DTK,cong-nghe-dien-tu-ban-dan-va-vi-mach,D07,Điểm học bạ,2024,22.0,"Kỹ thuật điện tử - viễn thông (Chuyên ngành Công nghệ điện từ, bản dẫn và vi mạch)"
59160,DTK,cong-nghe-kt-dieu-khien-va-tu-dong-hoa,A00,Điểm thi THPT,2022,20.0,Công nghệ KT điều khiển và tự động hóa
59161,DTK,cong-nghe-kt-dieu-khien-va-tu-dong-hoa,A01,Điểm thi THPT,2022,20.0,Công nghệ KT điều khiển và tự động hóa
59162,DTK,cong-nghe-kt-dieu-khien-va-tu-dong-hoa,D01,Điểm thi THPT,2022,20.0,Công nghệ KT điều khiển và tự động hóa
59163,DTK,cong-nghe-kt-dieu-khien-va-tu-dong-hoa,D07,Điểm thi THPT,2022,20.0,Công nghệ KT điều khiển và tự động hóa
59164,DTK,cong-nghe-ky-thuat-co-khi,A00,Điểm thi THPT,2022,18.0,Công nghệ Kỹ thuật cơ khí
59165,DTK,cong-nghe-ky-thuat-co-khi,A01,Điểm thi THPT,2022,18.0,Công nghệ Kỹ thuật cơ khí
59166,DTK,cong-nghe-ky-thuat-co-khi,D01,Điểm thi THPT,2022,18.0,Công nghệ Kỹ thuật cơ khí
59167,DTK,cong-nghe-ky-thuat-co-khi,D07,Điểm thi THPT,2022,18.0,Công nghệ Kỹ thuật cơ khí
59168,DTK,cong-nghe-ky-thuat-co-khi,A00,Điểm học bạ,2023,21.0,Công nghệ Kỹ thuật cơ khí
59169,DTK,cong-nghe-ky-thuat-co-khi,A01,Điểm học bạ,2023,21.0,Công nghệ Kỹ thuật cơ khí
59170,DTK,cong-nghe-ky-thuat-co-khi,D01,Điểm học bạ,2023,21.0,Công nghệ Kỹ thuật cơ khí
59171,DTK,cong-nghe-ky-thuat-co-khi,D07,Điểm học bạ,2023,21.0,Công nghệ Kỹ thuật cơ khí
59172,DTK,cong-nghe-ky-thuat-co-khi,A00,Điểm thi THPT,2023,17.0,Công nghệ Kỹ thuật cơ khí
59173,DTK,cong-nghe-ky-thuat-co-khi,A01,Điểm thi THPT,2023,17.0,Công nghệ Kỹ thuật cơ khí
59174,DTK,cong-nghe-ky-thuat-co-khi,D01,Điểm thi THPT,2023,17.0,Công nghệ Kỹ thuật cơ khí
59175,DTK,cong-nghe-ky-thuat-co-khi,D07,Điểm thi THPT,2023,17.0,Công nghệ Kỹ thuật cơ khí
59176,DTK,cong-nghe-ky-thuat-co-khi,A00,Điểm học bạ,2024,20.0,Công nghệ kỹ thuật cơ khí
59177,DTK,cong-nghe-ky-thuat-co-khi,A01,Điểm học bạ,2024,20.0,Công nghệ kỹ thuật cơ khí
59178,DTK,cong-nghe-ky-thuat-co-khi,D01,Điểm học bạ,2024,20.0,Công nghệ kỹ thuật cơ khí
59179,DTK,cong-nghe-ky-thuat-co-khi,D07,Điểm học bạ,2024,20.0,Công nghệ kỹ thuật cơ khí
59180,DTK,cong-nghe-ky-thuat-co-khi,A00,Điểm thi THPT,2024,17.0,Công nghệ kỹ thuật cơ khí
59181,DTK,cong-nghe-ky-thuat-co-khi,A01,Điểm thi THPT,2024,17.0,Công nghệ kỹ thuật cơ khí
59182,DTK,cong-nghe-ky-thuat-co-khi,D01,Điểm thi THPT,2024,17.0,Công nghệ kỹ thuật cơ khí
59183,DTK,cong-nghe-ky-thuat-co-khi,D07,Điểm thi THPT,2024,17.0,Công nghệ kỹ thuật cơ khí
59184,DTK,cong-nghe-ky-thuat-co-khi,A00,Điểm học bạ,2025,20.0,Công nghệ Kỹ thuật cơ khí
59185,DTK,cong-nghe-ky-thuat-co-khi,A01,Điểm học bạ,2025,20.0,Công nghệ Kỹ thuật cơ khí
59186,DTK,cong-nghe-ky-thuat-co-khi,C01,Điểm học bạ,2025,20.0,Công nghệ Kỹ thuật cơ khí
59187,DTK,cong-nghe-ky-thuat-co-khi,C02,Điểm học bạ,2025,20.0,Công nghệ Kỹ thuật cơ khí
59188,DTK,cong-nghe-ky-thuat-co-khi,D01,Điểm học bạ,2025,20.0,Công nghệ Kỹ thuật cơ khí
59189,DTK,cong-nghe-ky-thuat-co-khi,D07,Điểm học bạ,2025,20.0,Công nghệ Kỹ thuật cơ khí
59190,DTK,cong-nghe-ky-thuat-co-khi,A00,Điểm thi THPT,2025,20.0,Công nghệ Kỹ thuật cơ khí
59191,DTK,cong-nghe-ky-thuat-co-khi,A01,Điểm thi THPT,2025,20.0,Công nghệ Kỹ thuật cơ khí
59192,DTK,cong-nghe-ky-thuat-co-khi,C01,Điểm thi THPT,2025,20.0,Công nghệ Kỹ thuật cơ khí
59193,DTK,cong-nghe-ky-thuat-co-khi,C02,Điểm thi THPT,2025,20.0,Công nghệ Kỹ thuật cơ khí
59194,DTK,cong-nghe-ky-thuat-co-khi,D01,Điểm thi THPT,2025,20.0,Công nghệ Kỹ thuật cơ khí
59195,DTK,cong-nghe-ky-thuat-co-khi,D07,Điểm thi THPT,2025,20.0,Công nghệ Kỹ thuật cơ khí
59196,DTK,cong-nghe-ky-thuat-dien-dien-tu,A00,Điểm thi THPT,2021,16.0,"Công nghệ kỹ thuật điện, điện tử"
59197,DTK,cong-nghe-ky-thuat-dien-dien-tu,A01,Điểm thi THPT,2021,16.0,"Công nghệ kỹ thuật điện, điện tử"
59198,DTK,cong-nghe-ky-thuat-dien-dien-tu,D01,Điểm thi THPT,2021,16.0,"Công nghệ kỹ thuật điện, điện tử"
59199,DTK,cong-nghe-ky-thuat-dien-dien-tu,D07,Điểm thi THPT,2021,16.0,"Công nghệ kỹ thuật điện, điện tử"
59200,DTK,cong-nghe-ky-thuat-dien-dien-tu,A00,Điểm thi THPT,2022,16.0,"Công nghệ kỹ thuật điện, điện tử"
59201,DTK,cong-nghe-ky-thuat-dien-dien-tu,A01,Điểm thi THPT,2022,16.0,"Công nghệ kỹ thuật điện, điện tử"
59202,DTK,cong-nghe-ky-thuat-dien-dien-tu,D01,Điểm thi THPT,2022,16.0,"Công nghệ kỹ thuật điện, điện tử"
59203,DTK,cong-nghe-ky-thuat-dien-dien-tu,D07,Điểm thi THPT,2022,16.0,"Công nghệ kỹ thuật điện, điện tử"
59204,DTK,cong-nghe-ky-thuat-dien-dien-tu,A00,Điểm học bạ,2023,19.0,"Công nghệ kỹ thuật điện, điện tử"
59205,DTK,cong-nghe-ky-thuat-dien-dien-tu,A01,Điểm học bạ,2023,19.0,"Công nghệ kỹ thuật điện, điện tử"
59206,DTK,cong-nghe-ky-thuat-dien-dien-tu,D01,Điểm học bạ,2023,19.0,"Công nghệ kỹ thuật điện, điện tử"
59207,DTK,cong-nghe-ky-thuat-dien-dien-tu,D07,Điểm học bạ,2023,19.0,"Công nghệ kỹ thuật điện, điện tử"
59208,DTK,cong-nghe-ky-thuat-dien-dien-tu,A00,Điểm thi THPT,2023,16.0,"Công nghệ kỹ thuật điện, điện tử"
59209,DTK,cong-nghe-ky-thuat-dien-dien-tu,A01,Điểm thi THPT,2023,16.0,"Công nghệ kỹ thuật điện, điện tử"
59210,DTK,cong-nghe-ky-thuat-dien-dien-tu,D01,Điểm thi THPT,2023,16.0,"Công nghệ kỹ thuật điện, điện tử"
59211,DTK,cong-nghe-ky-thuat-dien-dien-tu,D07,Điểm thi THPT,2023,16.0,"Công nghệ kỹ thuật điện, điện tử"
59212,DTK,cong-nghe-ky-thuat-dien-dien-tu,A00,Điểm học bạ,2024,19.0,"Công nghệ kỹ thuật điện, điện tử"
59213,DTK,cong-nghe-ky-thuat-dien-dien-tu,A01,Điểm học bạ,2024,19.0,"Công nghệ kỹ thuật điện, điện tử"
59214,DTK,cong-nghe-ky-thuat-dien-dien-tu,D01,Điểm học bạ,2024,19.0,"Công nghệ kỹ thuật điện, điện tử"
59215,DTK,cong-nghe-ky-thuat-dien-dien-tu,D07,Điểm học bạ,2024,19.0,"Công nghệ kỹ thuật điện, điện tử"
59216,DTK,cong-nghe-ky-thuat-dien-dien-tu,A00,Điểm thi THPT,2024,17.0,"Công nghệ kỹ thuật điện, điện tử"
59217,DTK,cong-nghe-ky-thuat-dien-dien-tu,A01,Điểm thi THPT,2024,17.0,"Công nghệ kỹ thuật điện, điện tử"
59218,DTK,cong-nghe-ky-thuat-dien-dien-tu,D01,Điểm thi THPT,2024,17.0,"Công nghệ kỹ thuật điện, điện tử"
59219,DTK,cong-nghe-ky-thuat-dien-dien-tu,D07,Điểm thi THPT,2024,17.0,"Công nghệ kỹ thuật điện, điện tử"
59220,DTK,cong-nghe-ky-thuat-dien-dien-tu,A00,Điểm học bạ,2025,20.5,Công nghệ Kỹ thuật điện; điện tử
59221,DTK,cong-nghe-ky-thuat-dien-dien-tu,A01,Điểm học bạ,2025,20.5,Công nghệ Kỹ thuật điện; điện tử
59222,DTK,cong-nghe-ky-thuat-dien-dien-tu,C01,Điểm học bạ,2025,20.5,Công nghệ Kỹ thuật điện; điện tử
59223,DTK,cong-nghe-ky-thuat-dien-dien-tu,C02,Điểm học bạ,2025,20.5,Công nghệ Kỹ thuật điện; điện tử
59224,DTK,cong-nghe-ky-thuat-dien-dien-tu,D01,Điểm học bạ,2025,20.5,Công nghệ Kỹ thuật điện; điện tử
59225,DTK,cong-nghe-ky-thuat-dien-dien-tu,D07,Điểm học bạ,2025,20.5,Công nghệ Kỹ thuật điện; điện tử
59226,DTK,cong-nghe-ky-thuat-dien-dien-tu,A00,Điểm thi THPT,2025,20.5,Công nghệ Kỹ thuật điện; điện tử
59227,DTK,cong-nghe-ky-thuat-dien-dien-tu,A01,Điểm thi THPT,2025,20.5,Công nghệ Kỹ thuật điện; điện tử
59228,DTK,cong-nghe-ky-thuat-dien-dien-tu,C01,Điểm thi THPT,2025,20.5,Công nghệ Kỹ thuật điện; điện tử
59229,DTK,cong-nghe-ky-thuat-dien-dien-tu,C02,Điểm thi THPT,2025,20.5,Công nghệ Kỹ thuật điện; điện tử
59230,DTK,cong-nghe-ky-thuat-dien-dien-tu,D01,Điểm thi THPT,2025,20.5,Công nghệ Kỹ thuật điện; điện tử
59231,DTK,cong-nghe-ky-thuat-dien-dien-tu,D07,Điểm thi THPT,2025,20.5,Công nghệ Kỹ thuật điện; điện tử
59232,DTK,cong-nghe-ky-thuat-dieu-khien-tu-dong-hoa,A00,Điểm học bạ,2023,22.0,Công nghệ Kỹ thuật điều khiển tự động hóa
59233,DTK,cong-nghe-ky-thuat-dieu-khien-tu-dong-hoa,A01,Điểm học bạ,2023,22.0,Công nghệ Kỹ thuật điều khiển tự động hóa
59234,DTK,cong-nghe-ky-thuat-dieu-khien-tu-dong-hoa,D01,Điểm học bạ,2023,22.0,Công nghệ Kỹ thuật điều khiển tự động hóa
59235,DTK,cong-nghe-ky-thuat-dieu-khien-tu-dong-hoa,D07,Điểm học bạ,2023,22.0,Công nghệ Kỹ thuật điều khiển tự động hóa
59236,DTK,cong-nghe-ky-thuat-dieu-khien-tu-dong-hoa,A00,Điểm thi THPT,2023,19.0,Công nghệ Kỹ thuật điều khiển tự động hóa
59237,DTK,cong-nghe-ky-thuat-dieu-khien-tu-dong-hoa,A01,Điểm thi THPT,2023,19.0,Công nghệ Kỹ thuật điều khiển tự động hóa
59238,DTK,cong-nghe-ky-thuat-dieu-khien-tu-dong-hoa,D01,Điểm thi THPT,2023,19.0,Công nghệ Kỹ thuật điều khiển tự động hóa
59239,DTK,cong-nghe-ky-thuat-dieu-khien-tu-dong-hoa,D07,Điểm thi THPT,2023,19.0,Công nghệ Kỹ thuật điều khiển tự động hóa
59240,DTK,cong-nghe-ky-thuat-dieu-khien-va-tu-dong-hoa,A00,Điểm học bạ,2024,22.0,Công nghệ kỹ thuật điều khiển và tự động hóa
59241,DTK,cong-nghe-ky-thuat-dieu-khien-va-tu-dong-hoa,A01,Điểm học bạ,2024,22.0,Công nghệ kỹ thuật điều khiển và tự động hóa
59242,DTK,cong-nghe-ky-thuat-dieu-khien-va-tu-dong-hoa,D01,Điểm học bạ,2024,22.0,Công nghệ kỹ thuật điều khiển và tự động hóa
59243,DTK,cong-nghe-ky-thuat-dieu-khien-va-tu-dong-hoa,D07,Điểm học bạ,2024,22.0,Công nghệ kỹ thuật điều khiển và tự động hóa
59244,DTK,cong-nghe-ky-thuat-dieu-khien-va-tu-dong-hoa,A00,Điểm thi THPT,2024,19.0,Công nghệ kỹ thuật điều khiển và tự động hóa
59245,DTK,cong-nghe-ky-thuat-dieu-khien-va-tu-dong-hoa,A01,Điểm thi THPT,2024,19.0,Công nghệ kỹ thuật điều khiển và tự động hóa
59246,DTK,cong-nghe-ky-thuat-dieu-khien-va-tu-dong-hoa,D01,Điểm thi THPT,2024,19.0,Công nghệ kỹ thuật điều khiển và tự động hóa
59247,DTK,cong-nghe-ky-thuat-dieu-khien-va-tu-dong-hoa,D07,Điểm thi THPT,2024,19.0,Công nghệ kỹ thuật điều khiển và tự động hóa
59248,DTK,cong-nghe-ky-thuat-dieu-khien-va-tu-dong-hoa,A00,Điểm học bạ,2025,22.75,Công nghệ Kỹ thuật điều khiển và tự động hóa
59249,DTK,cong-nghe-ky-thuat-dieu-khien-va-tu-dong-hoa,A01,Điểm học bạ,2025,22.75,Công nghệ Kỹ thuật điều khiển và tự động hóa
59250,DTK,cong-nghe-ky-thuat-dieu-khien-va-tu-dong-hoa,C01,Điểm học bạ,2025,22.75,Công nghệ Kỹ thuật điều khiển và tự động hóa
59251,DTK,cong-nghe-ky-thuat-dieu-khien-va-tu-dong-hoa,C02,Điểm học bạ,2025,22.75,Công nghệ Kỹ thuật điều khiển và tự động hóa
59252,DTK,cong-nghe-ky-thuat-dieu-khien-va-tu-dong-hoa,D01,Điểm học bạ,2025,22.75,Công nghệ Kỹ thuật điều khiển và tự động hóa
59253,DTK,cong-nghe-ky-thuat-dieu-khien-va-tu-dong-hoa,D07,Điểm học bạ,2025,22.75,Công nghệ Kỹ thuật điều khiển và tự động hóa
59254,DTK,cong-nghe-ky-thuat-dieu-khien-va-tu-dong-hoa,A00,Điểm thi THPT,2025,22.75,Công nghệ Kỹ thuật điều khiển và tự động hóa
59255,DTK,cong-nghe-ky-thuat-dieu-khien-va-tu-dong-hoa,A01,Điểm thi THPT,2025,22.75,Công nghệ Kỹ thuật điều khiển và tự động hóa
59256,DTK,cong-nghe-ky-thuat-dieu-khien-va-tu-dong-hoa,C01,Điểm thi THPT,2025,22.75,Công nghệ Kỹ thuật điều khiển và tự động hóa
59257,DTK,cong-nghe-ky-thuat-dieu-khien-va-tu-dong-hoa,C02,Điểm thi THPT,2025,22.75,Công nghệ Kỹ thuật điều khiển và tự động hóa
59258,DTK,cong-nghe-ky-thuat-dieu-khien-va-tu-dong-hoa,D01,Điểm thi THPT,2025,22.75,Công nghệ Kỹ thuật điều khiển và tự động hóa
59259,DTK,cong-nghe-ky-thuat-dieu-khien-va-tu-dong-hoa,D07,Điểm thi THPT,2025,22.75,Công nghệ Kỹ thuật điều khiển và tự động hóa
59260,DTK,cong-nghe-ky-thuat-o-to,A00,Điểm thi THPT,2021,19.0,Công nghệ kỹ thuật ô tô
59261,DTK,cong-nghe-ky-thuat-o-to,A01,Điểm thi THPT,2021,19.0,Công nghệ kỹ thuật ô tô
59262,DTK,cong-nghe-ky-thuat-o-to,D01,Điểm thi THPT,2021,19.0,Công nghệ kỹ thuật ô tô
59263,DTK,cong-nghe-ky-thuat-o-to,D07,Điểm thi THPT,2021,19.0,Công nghệ kỹ thuật ô tô
59264,DTK,cong-nghe-ky-thuat-o-to,A00,Điểm thi THPT,2022,20.0,Công nghệ kỹ thuật ô tô
59265,DTK,cong-nghe-ky-thuat-o-to,A01,Điểm thi THPT,2022,20.0,Công nghệ kỹ thuật ô tô
59266,DTK,cong-nghe-ky-thuat-o-to,D01,Điểm thi THPT,2022,20.0,Công nghệ kỹ thuật ô tô
59267,DTK,cong-nghe-ky-thuat-o-to,D07,Điểm thi THPT,2022,20.0,Công nghệ kỹ thuật ô tô
59268,DTK,cong-nghe-ky-thuat-o-to,A00,Điểm học bạ,2023,22.0,Công nghệ kỹ thuật ô tô
59269,DTK,cong-nghe-ky-thuat-o-to,A01,Điểm học bạ,2023,22.0,Công nghệ kỹ thuật ô tô
59270,DTK,cong-nghe-ky-thuat-o-to,D01,Điểm học bạ,2023,22.0,Công nghệ kỹ thuật ô tô
59271,DTK,cong-nghe-ky-thuat-o-to,D07,Điểm học bạ,2023,22.0,Công nghệ kỹ thuật ô tô
59272,DTK,cong-nghe-ky-thuat-o-to,A00,Điểm thi THPT,2023,19.0,Công nghệ kỹ thuật ô tô
59273,DTK,cong-nghe-ky-thuat-o-to,A01,Điểm thi THPT,2023,19.0,Công nghệ kỹ thuật ô tô
59274,DTK,cong-nghe-ky-thuat-o-to,D01,Điểm thi THPT,2023,19.0,Công nghệ kỹ thuật ô tô
59275,DTK,cong-nghe-ky-thuat-o-to,D07,Điểm thi THPT,2023,19.0,Công nghệ kỹ thuật ô tô
59276,DTK,cong-nghe-ky-thuat-o-to,A00,Điểm học bạ,2024,22.0,Công nghệ kỹ thuật ô tô
59277,DTK,cong-nghe-ky-thuat-o-to,A01,Điểm học bạ,2024,22.0,Công nghệ kỹ thuật ô tô
59278,DTK,cong-nghe-ky-thuat-o-to,D01,Điểm học bạ,2024,22.0,Công nghệ kỹ thuật ô tô
59279,DTK,cong-nghe-ky-thuat-o-to,D07,Điểm học bạ,2024,22.0,Công nghệ kỹ thuật ô tô
59280,DTK,cong-nghe-ky-thuat-o-to,A00,Điểm thi THPT,2024,19.0,Công nghệ kỹ thuật ô tô
59281,DTK,cong-nghe-ky-thuat-o-to,A01,Điểm thi THPT,2024,19.0,Công nghệ kỹ thuật ô tô
59282,DTK,cong-nghe-ky-thuat-o-to,D01,Điểm thi THPT,2024,19.0,Công nghệ kỹ thuật ô tô
59283,DTK,cong-nghe-ky-thuat-o-to,D07,Điểm thi THPT,2024,19.0,Công nghệ kỹ thuật ô tô
59284,DTK,cong-nghe-ky-thuat-o-to,A00,Điểm học bạ,2025,19.5,Công nghệ Kỹ thuật ô tô
59285,DTK,cong-nghe-ky-thuat-o-to,A01,Điểm học bạ,2025,19.5,Công nghệ Kỹ thuật ô tô
59286,DTK,cong-nghe-ky-thuat-o-to,C01,Điểm học bạ,2025,19.5,Công nghệ Kỹ thuật ô tô
59287,DTK,cong-nghe-ky-thuat-o-to,C02,Điểm học bạ,2025,19.5,Công nghệ Kỹ thuật ô tô
59288,DTK,cong-nghe-ky-thuat-o-to,D01,Điểm học bạ,2025,19.5,Công nghệ Kỹ thuật ô tô
59289,DTK,cong-nghe-ky-thuat-o-to,D07,Điểm học bạ,2025,19.5,Công nghệ Kỹ thuật ô tô
59290,DTK,cong-nghe-ky-thuat-o-to,A00,Điểm thi THPT,2025,19.5,Công nghệ Kỹ thuật ô tô
59291,DTK,cong-nghe-ky-thuat-o-to,A01,Điểm thi THPT,2025,19.5,Công nghệ Kỹ thuật ô tô
59292,DTK,cong-nghe-ky-thuat-o-to,C01,Điểm thi THPT,2025,19.5,Công nghệ Kỹ thuật ô tô
59293,DTK,cong-nghe-ky-thuat-o-to,C02,Điểm thi THPT,2025,19.5,Công nghệ Kỹ thuật ô tô
59294,DTK,cong-nghe-ky-thuat-o-to,D01,Điểm thi THPT,2025,19.5,Công nghệ Kỹ thuật ô tô
59295,DTK,cong-nghe-ky-thuat-o-to,D07,Điểm thi THPT,2025,19.5,Công nghệ Kỹ thuật ô tô
59296,DTK,kien-truc,V00,Điểm thi THPT,2022,15.0,Kiến trúc
59297,DTK,kien-truc,V01,Điểm thi THPT,2022,15.0,Kiến trúc
59298,DTK,kien-truc,V02,Điểm thi THPT,2022,15.0,Kiến trúc
59299,DTK,kien-truc,V00,Điểm học bạ,2023,18.0,Kiến trúc
59300,DTK,kien-truc,V01,Điểm học bạ,2023,18.0,Kiến trúc
59301,DTK,kien-truc,V02,Điểm học bạ,2023,18.0,Kiến trúc
59302,DTK,kien-truc,V00,Điểm thi THPT,2023,15.0,Kiến trúc
59303,DTK,kien-truc,V01,Điểm thi THPT,2023,15.0,Kiến trúc
59304,DTK,kien-truc,V02,Điểm thi THPT,2023,15.0,Kiến trúc
59305,DTK,kien-truc,A01,Điểm học bạ,2024,18.0,Kiến trúc
59306,DTK,kien-truc,A01,Điểm thi THPT,2024,16.0,Kiến trúc
59307,DTK,kinh-te-cong-nghiep,A00,Điểm thi THPT,2021,15.0,Kinh tế công nghiệp
59308,DTK,kinh-te-cong-nghiep,A01,Điểm thi THPT,2021,15.0,Kinh tế công nghiệp
59309,DTK,kinh-te-cong-nghiep,D01,Điểm thi THPT,2021,15.0,Kinh tế công nghiệp
59310,DTK,kinh-te-cong-nghiep,D07,Điểm thi THPT,2021,15.0,Kinh tế công nghiệp
59311,DTK,kinh-te-cong-nghiep,A00,Điểm thi THPT,2022,15.0,Kinh tế công nghiệp
59312,DTK,kinh-te-cong-nghiep,A01,Điểm thi THPT,2022,15.0,Kinh tế công nghiệp
59313,DTK,kinh-te-cong-nghiep,D01,Điểm thi THPT,2022,15.0,Kinh tế công nghiệp
59314,DTK,kinh-te-cong-nghiep,D07,Điểm thi THPT,2022,15.0,Kinh tế công nghiệp
59315,DTK,kinh-te-cong-nghiep,A00,Điểm học bạ,2023,20.0,Kinh tế công nghiệp
59316,DTK,kinh-te-cong-nghiep,A01,Điểm học bạ,2023,20.0,Kinh tế công nghiệp
59317,DTK,kinh-te-cong-nghiep,D01,Điểm học bạ,2023,20.0,Kinh tế công nghiệp
59318,DTK,kinh-te-cong-nghiep,D07,Điểm học bạ,2023,20.0,Kinh tế công nghiệp
59319,DTK,kinh-te-cong-nghiep,A00,Điểm thi THPT,2023,16.0,Kinh tế công nghiệp
59320,DTK,kinh-te-cong-nghiep,A01,Điểm thi THPT,2023,16.0,Kinh tế công nghiệp
59321,DTK,kinh-te-cong-nghiep,D01,Điểm thi THPT,2023,16.0,Kinh tế công nghiệp
59322,DTK,kinh-te-cong-nghiep,D07,Điểm thi THPT,2023,16.0,Kinh tế công nghiệp
59323,DTK,kinh-te-cong-nghiep,A00,Điểm học bạ,2024,20.0,Kinh tế công nghiệp
59324,DTK,kinh-te-cong-nghiep,A01,Điểm học bạ,2024,20.0,Kinh tế công nghiệp
59325,DTK,kinh-te-cong-nghiep,D01,Điểm học bạ,2024,20.0,Kinh tế công nghiệp
59326,DTK,kinh-te-cong-nghiep,D07,Điểm học bạ,2024,20.0,Kinh tế công nghiệp
59327,DTK,kinh-te-cong-nghiep,A00,Điểm thi THPT,2024,16.0,Kinh tế công nghiệp
59328,DTK,kinh-te-cong-nghiep,A01,Điểm thi THPT,2024,16.0,Kinh tế công nghiệp
59329,DTK,kinh-te-cong-nghiep,D01,Điểm thi THPT,2024,16.0,Kinh tế công nghiệp
59330,DTK,kinh-te-cong-nghiep,D07,Điểm thi THPT,2024,16.0,Kinh tế công nghiệp
59331,DTK,kinh-te-cong-nghiep,A00,Điểm học bạ,2025,16.0,Kinh tế công nghiệp
59332,DTK,kinh-te-cong-nghiep,A01,Điểm học bạ,2025,16.0,Kinh tế công nghiệp
59333,DTK,kinh-te-cong-nghiep,D01,Điểm học bạ,2025,16.0,Kinh tế công nghiệp
59334,DTK,kinh-te-cong-nghiep,D07,Điểm học bạ,2025,16.0,Kinh tế công nghiệp
59335,DTK,kinh-te-cong-nghiep,X05,Điểm học bạ,2025,16.0,Kinh tế công nghiệp
59336,DTK,kinh-te-cong-nghiep,X25,Điểm học bạ,2025,16.0,Kinh tế công nghiệp
59337,DTK,kinh-te-cong-nghiep,A00,Điểm thi THPT,2025,16.0,Kinh tế công nghiệp
59338,DTK,kinh-te-cong-nghiep,A01,Điểm thi THPT,2025,16.0,Kinh tế công nghiệp
59339,DTK,kinh-te-cong-nghiep,D01,Điểm thi THPT,2025,16.0,Kinh tế công nghiệp
59340,DTK,kinh-te-cong-nghiep,D07,Điểm thi THPT,2025,16.0,Kinh tế công nghiệp
59341,DTK,kinh-te-cong-nghiep,X05,Điểm thi THPT,2025,16.0,Kinh tế công nghiệp
59342,DTK,kinh-te-cong-nghiep,X25,Điểm thi THPT,2025,16.0,Kinh tế công nghiệp
59343,DTK,ky-thuat-co-dien-tu,A00,Điểm thi THPT,2021,17.0,Kỹ thuật Cơ - điện tử
59344,DTK,ky-thuat-co-dien-tu,A01,Điểm thi THPT,2021,17.0,Kỹ thuật Cơ - điện tử
59345,DTK,ky-thuat-co-dien-tu,D01,Điểm thi THPT,2021,17.0,Kỹ thuật Cơ - điện tử
59346,DTK,ky-thuat-co-dien-tu,D07,Điểm thi THPT,2021,17.0,Kỹ thuật Cơ - điện tử
59347,DTK,ky-thuat-co-dien-tu,A00,Điểm thi THPT,2022,17.0,Kỹ thuật cơ - điện tử
59348,DTK,ky-thuat-co-dien-tu,A01,Điểm thi THPT,2022,17.0,Kỹ thuật cơ - điện tử
59349,DTK,ky-thuat-co-dien-tu,D01,Điểm thi THPT,2022,17.0,Kỹ thuật cơ - điện tử
59350,DTK,ky-thuat-co-dien-tu,D07,Điểm thi THPT,2022,17.0,Kỹ thuật cơ - điện tử
59351,DTK,ky-thuat-co-dien-tu,A00,Điểm học bạ,2023,21.0,Kỹ thuật Cơ - điện từ
59352,DTK,ky-thuat-co-dien-tu,A01,Điểm học bạ,2023,21.0,Kỹ thuật Cơ - điện từ
59353,DTK,ky-thuat-co-dien-tu,D01,Điểm học bạ,2023,21.0,Kỹ thuật Cơ - điện từ
59354,DTK,ky-thuat-co-dien-tu,D07,Điểm học bạ,2023,21.0,Kỹ thuật Cơ - điện từ
59355,DTK,ky-thuat-co-dien-tu,A00,Điểm thi THPT,2023,17.0,Kỹ thuật Cơ - điện từ
59356,DTK,ky-thuat-co-dien-tu,A01,Điểm thi THPT,2023,17.0,Kỹ thuật Cơ - điện từ
59357,DTK,ky-thuat-co-dien-tu,D01,Điểm thi THPT,2023,17.0,Kỹ thuật Cơ - điện từ
59358,DTK,ky-thuat-co-dien-tu,D07,Điểm thi THPT,2023,17.0,Kỹ thuật Cơ - điện từ
59359,DTK,ky-thuat-co-dien-tu,A00,Điểm học bạ,2024,20.0,Kỹ thuật cơ điện tử
59360,DTK,ky-thuat-co-dien-tu,A01,Điểm học bạ,2024,20.0,Kỹ thuật cơ điện tử
59361,DTK,ky-thuat-co-dien-tu,D01,Điểm học bạ,2024,20.0,Kỹ thuật cơ điện tử
59362,DTK,ky-thuat-co-dien-tu,D07,Điểm học bạ,2024,20.0,Kỹ thuật cơ điện tử
59363,DTK,ky-thuat-co-dien-tu,A00,Điểm thi THPT,2024,17.0,Kỹ thuật cơ điện tử
59364,DTK,ky-thuat-co-dien-tu,A01,Điểm thi THPT,2024,17.0,Kỹ thuật cơ điện tử
59365,DTK,ky-thuat-co-dien-tu,D01,Điểm thi THPT,2024,17.0,Kỹ thuật cơ điện tử
59366,DTK,ky-thuat-co-dien-tu,D07,Điểm thi THPT,2024,17.0,Kỹ thuật cơ điện tử
59367,DTK,ky-thuat-co-khi,A00,Điểm thi THPT,2021,16.0,Kỹ thuật cơ khí
59368,DTK,ky-thuat-co-khi,A01,Điểm thi THPT,2021,16.0,Kỹ thuật cơ khí
59369,DTK,ky-thuat-co-khi,D01,Điểm thi THPT,2021,16.0,Kỹ thuật cơ khí
59370,DTK,ky-thuat-co-khi,D07,Điểm thi THPT,2021,16.0,Kỹ thuật cơ khí
59371,DTK,ky-thuat-co-khi,A00,Điểm thi THPT,2022,16.0,Kỹ thuật cơ khí
59372,DTK,ky-thuat-co-khi,A01,Điểm thi THPT,2022,16.0,Kỹ thuật cơ khí
59373,DTK,ky-thuat-co-khi,D01,Điểm thi THPT,2022,16.0,Kỹ thuật cơ khí
59374,DTK,ky-thuat-co-khi,D07,Điểm thi THPT,2022,16.0,Kỹ thuật cơ khí
59375,DTK,ky-thuat-co-khi,A00,Điểm học bạ,2023,19.0,Kỹ thuật cơ khí
59376,DTK,ky-thuat-co-khi,A01,Điểm học bạ,2023,19.0,Kỹ thuật cơ khí
59377,DTK,ky-thuat-co-khi,D01,Điểm học bạ,2023,19.0,Kỹ thuật cơ khí
59378,DTK,ky-thuat-co-khi,D07,Điểm học bạ,2023,19.0,Kỹ thuật cơ khí
59379,DTK,ky-thuat-co-khi,A00,Điểm thi THPT,2023,16.0,Kỹ thuật cơ khí
59380,DTK,ky-thuat-co-khi,A01,Điểm thi THPT,2023,16.0,Kỹ thuật cơ khí
59381,DTK,ky-thuat-co-khi,D01,Điểm thi THPT,2023,16.0,Kỹ thuật cơ khí
59382,DTK,ky-thuat-co-khi,D07,Điểm thi THPT,2023,16.0,Kỹ thuật cơ khí
59383,DTK,ky-thuat-co-khi,A00,Điểm học bạ,2024,19.0,Kỹ thuật cơ khí
59384,DTK,ky-thuat-co-khi,A01,Điểm học bạ,2024,19.0,Kỹ thuật cơ khí
59385,DTK,ky-thuat-co-khi,D01,Điểm học bạ,2024,19.0,Kỹ thuật cơ khí
59386,DTK,ky-thuat-co-khi,D07,Điểm học bạ,2024,19.0,Kỹ thuật cơ khí
59387,DTK,ky-thuat-co-khi,A00,Điểm thi THPT,2024,16.0,Kỹ thuật cơ khí
59388,DTK,ky-thuat-co-khi,A01,Điểm thi THPT,2024,16.0,Kỹ thuật cơ khí
59389,DTK,ky-thuat-co-khi,D01,Điểm thi THPT,2024,16.0,Kỹ thuật cơ khí
59390,DTK,ky-thuat-co-khi,D07,Điểm thi THPT,2024,16.0,Kỹ thuật cơ khí
59391,DTK,ky-thuat-co-khi,A00,Điểm học bạ,2025,20.25,Kỹ thuật cơ khí
59392,DTK,ky-thuat-co-khi,A01,Điểm học bạ,2025,20.25,Kỹ thuật cơ khí
59393,DTK,ky-thuat-co-khi,C01,Điểm học bạ,2025,20.25,Kỹ thuật cơ khí
59394,DTK,ky-thuat-co-khi,C02,Điểm học bạ,2025,20.25,Kỹ thuật cơ khí
59395,DTK,ky-thuat-co-khi,D01,Điểm học bạ,2025,20.25,Kỹ thuật cơ khí
59396,DTK,ky-thuat-co-khi,D07,Điểm học bạ,2025,20.25,Kỹ thuật cơ khí
59397,DTK,ky-thuat-co-khi,A00,Điểm thi THPT,2025,18.0,Kỹ thuật cơ khí - Chương trình tiên tiến (Chuyên ngành: Tự động hóa cơ khí)
59398,DTK,ky-thuat-co-khi,A01,Điểm thi THPT,2025,18.0,Kỹ thuật cơ khí - Chương trình tiên tiến (Chuyên ngành: Tự động hóa cơ khí)
59399,DTK,ky-thuat-co-khi,C01,Điểm thi THPT,2025,18.0,Kỹ thuật cơ khí - Chương trình tiên tiến (Chuyên ngành: Tự động hóa cơ khí)
59400,DTK,ky-thuat-co-khi,C02,Điểm thi THPT,2025,18.0,Kỹ thuật cơ khí - Chương trình tiên tiến (Chuyên ngành: Tự động hóa cơ khí)
59401,DTK,ky-thuat-co-khi,D01,Điểm thi THPT,2025,18.0,Kỹ thuật cơ khí - Chương trình tiên tiến (Chuyên ngành: Tự động hóa cơ khí)
59402,DTK,ky-thuat-co-khi,D07,Điểm thi THPT,2025,18.0,Kỹ thuật cơ khí - Chương trình tiên tiến (Chuyên ngành: Tự động hóa cơ khí)
59403,DTK,ky-thuat-co-khi-cttt,A00,Điểm thi THPT,2021,18.0,Kỹ thuật cơ khí-CTTT
59404,DTK,ky-thuat-co-khi-cttt,A01,Điểm thi THPT,2021,18.0,Kỹ thuật cơ khí-CTTT
59405,DTK,ky-thuat-co-khi-cttt,D01,Điểm thi THPT,2021,18.0,Kỹ thuật cơ khí-CTTT
59406,DTK,ky-thuat-co-khi-cttt,D07,Điểm thi THPT,2021,18.0,Kỹ thuật cơ khí-CTTT
59407,DTK,ky-thuat-co-khi-dong-luc,A00,Điểm thi THPT,2021,16.0,Kỹ thuật cơ khí động lực
59408,DTK,ky-thuat-co-khi-dong-luc,A01,Điểm thi THPT,2021,16.0,Kỹ thuật cơ khí động lực
59409,DTK,ky-thuat-co-khi-dong-luc,D01,Điểm thi THPT,2021,16.0,Kỹ thuật cơ khí động lực
59410,DTK,ky-thuat-co-khi-dong-luc,D07,Điểm thi THPT,2021,16.0,Kỹ thuật cơ khí động lực
59411,DTK,ky-thuat-co-khi-dong-luc,A00,Điểm thi THPT,2022,16.0,Kỹ thuật cơ khí động lực
59412,DTK,ky-thuat-co-khi-dong-luc,A01,Điểm thi THPT,2022,16.0,Kỹ thuật cơ khí động lực
59413,DTK,ky-thuat-co-khi-dong-luc,D01,Điểm thi THPT,2022,16.0,Kỹ thuật cơ khí động lực
59414,DTK,ky-thuat-co-khi-dong-luc,D07,Điểm thi THPT,2022,16.0,Kỹ thuật cơ khí động lực
59415,DTK,ky-thuat-co-khi-dong-luc,A00,Điểm học bạ,2023,19.0,Kỷ thuật cơ khi động lực
59416,DTK,ky-thuat-co-khi-dong-luc,A01,Điểm học bạ,2023,19.0,Kỷ thuật cơ khi động lực
59417,DTK,ky-thuat-co-khi-dong-luc,D01,Điểm học bạ,2023,19.0,Kỷ thuật cơ khi động lực
59418,DTK,ky-thuat-co-khi-dong-luc,D07,Điểm học bạ,2023,19.0,Kỷ thuật cơ khi động lực
59419,DTK,ky-thuat-co-khi-dong-luc,A00,Điểm thi THPT,2023,15.0,Kỷ thuật cơ khi động lực
59420,DTK,ky-thuat-co-khi-dong-luc,A01,Điểm thi THPT,2023,15.0,Kỷ thuật cơ khi động lực
59421,DTK,ky-thuat-co-khi-dong-luc,D01,Điểm thi THPT,2023,15.0,Kỷ thuật cơ khi động lực
59422,DTK,ky-thuat-co-khi-dong-luc,D07,Điểm thi THPT,2023,15.0,Kỷ thuật cơ khi động lực
59423,DTK,ky-thuat-co-khi-dong-luc,A00,Điểm học bạ,2024,19.0,Kỹ thuật cơ khi động lực
59424,DTK,ky-thuat-co-khi-dong-luc,A01,Điểm học bạ,2024,19.0,Kỹ thuật cơ khi động lực
59425,DTK,ky-thuat-co-khi-dong-luc,D01,Điểm học bạ,2024,19.0,Kỹ thuật cơ khi động lực
59426,DTK,ky-thuat-co-khi-dong-luc,D07,Điểm học bạ,2024,19.0,Kỹ thuật cơ khi động lực
59427,DTK,ky-thuat-co-khi-dong-luc,A00,Điểm thi THPT,2024,16.0,Kỹ thuật cơ khí động lực
59428,DTK,ky-thuat-co-khi-dong-luc,A01,Điểm thi THPT,2024,16.0,Kỹ thuật cơ khí động lực
59429,DTK,ky-thuat-co-khi-dong-luc,D01,Điểm thi THPT,2024,16.0,Kỹ thuật cơ khí động lực
59430,DTK,ky-thuat-co-khi-dong-luc,D07,Điểm thi THPT,2024,16.0,Kỹ thuật cơ khí động lực
59431,DTK,ky-thuat-co-khi-dong-luc,A00,Điểm học bạ,2025,16.0,Kỹ thuật cơ khí động lực (Chuyên ngành: Kỹ thuật ô tô điện và điều khiển thông minh)
59432,DTK,ky-thuat-co-khi-dong-luc,A01,Điểm học bạ,2025,16.0,Kỹ thuật cơ khí động lực (Chuyên ngành: Kỹ thuật ô tô điện và điều khiển thông minh)
59433,DTK,ky-thuat-co-khi-dong-luc,C01,Điểm học bạ,2025,16.0,Kỹ thuật cơ khí động lực (Chuyên ngành: Kỹ thuật ô tô điện và điều khiển thông minh)
59434,DTK,ky-thuat-co-khi-dong-luc,C02,Điểm học bạ,2025,16.0,Kỹ thuật cơ khí động lực (Chuyên ngành: Kỹ thuật ô tô điện và điều khiển thông minh)
59435,DTK,ky-thuat-co-khi-dong-luc,D01,Điểm học bạ,2025,16.0,Kỹ thuật cơ khí động lực (Chuyên ngành: Kỹ thuật ô tô điện và điều khiển thông minh)
59436,DTK,ky-thuat-co-khi-dong-luc,D07,Điểm học bạ,2025,16.0,Kỹ thuật cơ khí động lực (Chuyên ngành: Kỹ thuật ô tô điện và điều khiển thông minh)
59437,DTK,ky-thuat-co-khi-dong-luc,A00,Điểm thi THPT,2025,16.0,Kỹ thuật cơ khí động lực (Chuyên ngành: Kỹ thuật ô tô điện và điều khiển thông minh)
59438,DTK,ky-thuat-co-khi-dong-luc,A01,Điểm thi THPT,2025,16.0,Kỹ thuật cơ khí động lực (Chuyên ngành: Kỹ thuật ô tô điện và điều khiển thông minh)
59439,DTK,ky-thuat-co-khi-dong-luc,C01,Điểm thi THPT,2025,16.0,Kỹ thuật cơ khí động lực (Chuyên ngành: Kỹ thuật ô tô điện và điều khiển thông minh)
59440,DTK,ky-thuat-co-khi-dong-luc,C02,Điểm thi THPT,2025,16.0,Kỹ thuật cơ khí động lực (Chuyên ngành: Kỹ thuật ô tô điện và điều khiển thông minh)
59441,DTK,ky-thuat-co-khi-dong-luc,D01,Điểm thi THPT,2025,16.0,Kỹ thuật cơ khí động lực (Chuyên ngành: Kỹ thuật ô tô điện và điều khiển thông minh)
59442,DTK,ky-thuat-co-khi-dong-luc,D07,Điểm thi THPT,2025,16.0,Kỹ thuật cơ khí động lực (Chuyên ngành: Kỹ thuật ô tô điện và điều khiển thông minh)
59443,DTK,ky-thuat-dien,A00,Điểm thi THPT,2021,16.0,Kỹ thuật điện
59444,DTK,ky-thuat-dien,A01,Điểm thi THPT,2021,16.0,Kỹ thuật điện
59445,DTK,ky-thuat-dien,D01,Điểm thi THPT,2021,16.0,Kỹ thuật điện
59446,DTK,ky-thuat-dien,D07,Điểm thi THPT,2021,16.0,Kỹ thuật điện
59447,DTK,ky-thuat-dien,A00,Điểm thi THPT,2022,16.0,Kỹ thuật Điện
59448,DTK,ky-thuat-dien,A01,Điểm thi THPT,2022,16.0,Kỹ thuật Điện
59449,DTK,ky-thuat-dien,D01,Điểm thi THPT,2022,16.0,Kỹ thuật Điện
59450,DTK,ky-thuat-dien,D07,Điểm thi THPT,2022,16.0,Kỹ thuật Điện
59451,DTK,ky-thuat-dien,A00,Điểm học bạ,2023,18.0,Kỹ thuật điện
59452,DTK,ky-thuat-dien,A01,Điểm học bạ,2023,18.0,Kỹ thuật điện
59453,DTK,ky-thuat-dien,D01,Điểm học bạ,2023,18.0,Kỹ thuật điện
59454,DTK,ky-thuat-dien,D07,Điểm học bạ,2023,18.0,Kỹ thuật điện
59455,DTK,ky-thuat-dien,A00,Điểm thi THPT,2023,16.0,Kỹ thuật điện
59456,DTK,ky-thuat-dien,A01,Điểm thi THPT,2023,16.0,Kỹ thuật điện
59457,DTK,ky-thuat-dien,D01,Điểm thi THPT,2023,16.0,Kỹ thuật điện
59458,DTK,ky-thuat-dien,D07,Điểm thi THPT,2023,16.0,Kỹ thuật điện
59459,DTK,ky-thuat-dien,A00,Điểm học bạ,2024,18.0,Kỹ thuật điện
59460,DTK,ky-thuat-dien,A01,Điểm học bạ,2024,18.0,Kỹ thuật điện
59461,DTK,ky-thuat-dien,D01,Điểm học bạ,2024,18.0,Kỹ thuật điện
59462,DTK,ky-thuat-dien,D07,Điểm học bạ,2024,18.0,Kỹ thuật điện
59463,DTK,ky-thuat-dien,A00,Điểm thi THPT,2024,16.0,Kỹ thuật điện
59464,DTK,ky-thuat-dien,A01,Điểm thi THPT,2024,16.0,Kỹ thuật điện
59465,DTK,ky-thuat-dien,D01,Điểm thi THPT,2024,16.0,Kỹ thuật điện
59466,DTK,ky-thuat-dien,D07,Điểm thi THPT,2024,16.0,Kỹ thuật điện
59467,DTK,ky-thuat-dien,A00,Điểm học bạ,2025,20.25,Kỹ thuật điện
59468,DTK,ky-thuat-dien,A01,Điểm học bạ,2025,20.25,Kỹ thuật điện
59469,DTK,ky-thuat-dien,C01,Điểm học bạ,2025,20.25,Kỹ thuật điện
59470,DTK,ky-thuat-dien,C02,Điểm học bạ,2025,20.25,Kỹ thuật điện
59471,DTK,ky-thuat-dien,D01,Điểm học bạ,2025,20.25,Kỹ thuật điện
59472,DTK,ky-thuat-dien,D07,Điểm học bạ,2025,20.25,Kỹ thuật điện
59473,DTK,ky-thuat-dien,A00,Điểm thi THPT,2025,20.25,Kỹ thuật điện
59474,DTK,ky-thuat-dien,A01,Điểm thi THPT,2025,20.25,Kỹ thuật điện
59475,DTK,ky-thuat-dien,C01,Điểm thi THPT,2025,20.25,Kỹ thuật điện
59476,DTK,ky-thuat-dien,C02,Điểm thi THPT,2025,20.25,Kỹ thuật điện
59477,DTK,ky-thuat-dien,D01,Điểm thi THPT,2025,20.25,Kỹ thuật điện
59478,DTK,ky-thuat-dien,D07,Điểm thi THPT,2025,20.25,Kỹ thuật điện
59479,DTK,ky-thuat-dien-cttt,A00,Điểm thi THPT,2021,18.0,Kỹ thuật điện - CTTT
59480,DTK,ky-thuat-dien-cttt,A01,Điểm thi THPT,2021,18.0,Kỹ thuật điện - CTTT
59481,DTK,ky-thuat-dien-cttt,D01,Điểm thi THPT,2021,18.0,Kỹ thuật điện - CTTT
59482,DTK,ky-thuat-dien-cttt,D07,Điểm thi THPT,2021,18.0,Kỹ thuật điện - CTTT
59483,DTK,ky-thuat-dien-tu-vien-thong,A00,Điểm thi THPT,2021,16.0,Kỹ thuật điện tử - Viễn thông
59484,DTK,ky-thuat-dien-tu-vien-thong,A01,Điểm thi THPT,2021,16.0,Kỹ thuật điện tử - Viễn thông
59485,DTK,ky-thuat-dien-tu-vien-thong,D01,Điểm thi THPT,2021,16.0,Kỹ thuật điện tử - Viễn thông
59486,DTK,ky-thuat-dien-tu-vien-thong,D07,Điểm thi THPT,2021,16.0,Kỹ thuật điện tử - Viễn thông
59487,DTK,ky-thuat-dien-tu-vien-thong,A00,Điểm thi THPT,2022,16.0,Kỹ thuật điện tử - viễn thông
59488,DTK,ky-thuat-dien-tu-vien-thong,A01,Điểm thi THPT,2022,16.0,Kỹ thuật điện tử - viễn thông
59489,DTK,ky-thuat-dien-tu-vien-thong,D01,Điểm thi THPT,2022,16.0,Kỹ thuật điện tử - viễn thông
59490,DTK,ky-thuat-dien-tu-vien-thong,D07,Điểm thi THPT,2022,16.0,Kỹ thuật điện tử - viễn thông
59491,DTK,ky-thuat-dien-tu-vien-thong,A00,Điểm học bạ,2023,19.0,Kỹ thuật điên tử - viễn thông
59492,DTK,ky-thuat-dien-tu-vien-thong,A01,Điểm học bạ,2023,19.0,Kỹ thuật điên tử - viễn thông
59493,DTK,ky-thuat-dien-tu-vien-thong,D01,Điểm học bạ,2023,19.0,Kỹ thuật điên tử - viễn thông
59494,DTK,ky-thuat-dien-tu-vien-thong,D07,Điểm học bạ,2023,19.0,Kỹ thuật điên tử - viễn thông
59495,DTK,ky-thuat-dien-tu-vien-thong,A00,Điểm thi THPT,2023,16.0,Kỹ thuật điên tử - viễn thông
59496,DTK,ky-thuat-dien-tu-vien-thong,A01,Điểm thi THPT,2023,16.0,Kỹ thuật điên tử - viễn thông
59497,DTK,ky-thuat-dien-tu-vien-thong,D01,Điểm thi THPT,2023,16.0,Kỹ thuật điên tử - viễn thông
59498,DTK,ky-thuat-dien-tu-vien-thong,D07,Điểm thi THPT,2023,16.0,Kỹ thuật điên tử - viễn thông
59499,DTK,ky-thuat-dien-tu-vien-thong,A00,Điểm học bạ,2024,19.0,Kỹ thuật điện tử - viễn thông
59500,DTK,ky-thuat-dien-tu-vien-thong,A01,Điểm học bạ,2024,19.0,Kỹ thuật điện tử - viễn thông
59501,DTK,ky-thuat-dien-tu-vien-thong,D01,Điểm học bạ,2024,19.0,Kỹ thuật điện tử - viễn thông
59502,DTK,ky-thuat-dien-tu-vien-thong,D07,Điểm học bạ,2024,19.0,Kỹ thuật điện tử - viễn thông
59503,DTK,ky-thuat-dien-tu-vien-thong,A00,Điểm thi THPT,2024,16.0,Kỹ thuật điện tử - viễn thông
59504,DTK,ky-thuat-dien-tu-vien-thong,A01,Điểm thi THPT,2024,16.0,Kỹ thuật điện tử - viễn thông
59505,DTK,ky-thuat-dien-tu-vien-thong,D01,Điểm thi THPT,2024,16.0,Kỹ thuật điện tử - viễn thông
59506,DTK,ky-thuat-dien-tu-vien-thong,D07,Điểm thi THPT,2024,16.0,Kỹ thuật điện tử - viễn thông
59507,DTK,ky-thuat-dien-tu-vien-thong,A00,Điểm học bạ,2025,24.5,Kỹ thuật điện tử - viễn thông (Chuyên ngành: Công nghệ điện tử; bán dẫn và vi mạch)
59508,DTK,ky-thuat-dien-tu-vien-thong,A01,Điểm học bạ,2025,24.5,Kỹ thuật điện tử - viễn thông (Chuyên ngành: Công nghệ điện tử; bán dẫn và vi mạch)
59509,DTK,ky-thuat-dien-tu-vien-thong,C01,Điểm học bạ,2025,24.5,Kỹ thuật điện tử - viễn thông (Chuyên ngành: Công nghệ điện tử; bán dẫn và vi mạch)
59510,DTK,ky-thuat-dien-tu-vien-thong,A00,Điểm thi THPT,2025,24.5,Kỹ thuật điện tử - viễn thông (Chuyên ngành: Công nghệ điện tử; bán dẫn và vi mạch)
59511,DTK,ky-thuat-dien-tu-vien-thong,A01,Điểm thi THPT,2025,24.5,Kỹ thuật điện tử - viễn thông (Chuyên ngành: Công nghệ điện tử; bán dẫn và vi mạch)
59512,DTK,ky-thuat-dien-tu-vien-thong,C01,Điểm thi THPT,2025,24.5,Kỹ thuật điện tử - viễn thông (Chuyên ngành: Công nghệ điện tử; bán dẫn và vi mạch)
59513,DTK,ky-thuat-dieu-khien-va-tu-dong-hoa,A00,Điểm thi THPT,2021,19.0,Kỹ thuật điều khiển và tự động hoá
59514,DTK,ky-thuat-dieu-khien-va-tu-dong-hoa,A01,Điểm thi THPT,2021,19.0,Kỹ thuật điều khiển và tự động hoá
59515,DTK,ky-thuat-dieu-khien-va-tu-dong-hoa,D01,Điểm thi THPT,2021,19.0,Kỹ thuật điều khiển và tự động hoá
59516,DTK,ky-thuat-dieu-khien-va-tu-dong-hoa,D07,Điểm thi THPT,2021,19.0,Kỹ thuật điều khiển và tự động hoá
59517,DTK,ky-thuat-dieu-khien-va-tu-dong-hoa,A00,Điểm thi THPT,2022,20.0,Kỹ thuật điều khiển và tự động hóa
59518,DTK,ky-thuat-dieu-khien-va-tu-dong-hoa,A01,Điểm thi THPT,2022,20.0,Kỹ thuật điều khiển và tự động hóa
59519,DTK,ky-thuat-dieu-khien-va-tu-dong-hoa,A00,Điểm học bạ,2023,22.0,Kỹ thuật điều khiển và tự động hóa
59520,DTK,ky-thuat-dieu-khien-va-tu-dong-hoa,A01,Điểm học bạ,2023,22.0,Kỹ thuật điều khiển và tự động hóa
59521,DTK,ky-thuat-dieu-khien-va-tu-dong-hoa,A00,Điểm thi THPT,2023,19.0,Kỹ thuật điều khiển và tự động hóa
59522,DTK,ky-thuat-dieu-khien-va-tu-dong-hoa,A01,Điểm thi THPT,2023,19.0,Kỹ thuật điều khiển và tự động hóa
59523,DTK,ky-thuat-dieu-khien-va-tu-dong-hoa,A00,Điểm học bạ,2024,22.0,Kỹ thuật điều khiển và tự động hoá
59524,DTK,ky-thuat-dieu-khien-va-tu-dong-hoa,A01,Điểm học bạ,2024,22.0,Kỹ thuật điều khiển và tự động hoá
59525,DTK,ky-thuat-dieu-khien-va-tu-dong-hoa,A00,Điểm thi THPT,2024,19.0,Kỹ thuật điều khiển và tự động hoá
59526,DTK,ky-thuat-dieu-khien-va-tu-dong-hoa,A01,Điểm thi THPT,2024,19.0,Kỹ thuật điều khiển và tự động hoá
59527,DTK,ky-thuat-dieu-khien-va-tu-dong-hoa,A00,Điểm học bạ,2025,22.75,Kỹ thuật điều khiển và tự động hoá
59528,DTK,ky-thuat-dieu-khien-va-tu-dong-hoa,A01,Điểm học bạ,2025,22.75,Kỹ thuật điều khiển và tự động hoá
59529,DTK,ky-thuat-dieu-khien-va-tu-dong-hoa,C01,Điểm học bạ,2025,22.75,Kỹ thuật điều khiển và tự động hoá
59530,DTK,ky-thuat-dieu-khien-va-tu-dong-hoa,C02,Điểm học bạ,2025,22.75,Kỹ thuật điều khiển và tự động hoá
59531,DTK,ky-thuat-dieu-khien-va-tu-dong-hoa,D01,Điểm học bạ,2025,22.75,Kỹ thuật điều khiển và tự động hoá
59532,DTK,ky-thuat-dieu-khien-va-tu-dong-hoa,D07,Điểm học bạ,2025,22.75,Kỹ thuật điều khiển và tự động hoá
59533,DTK,ky-thuat-dieu-khien-va-tu-dong-hoa,A00,Điểm thi THPT,2025,22.75,Kỹ thuật điều khiển và tự động hoá
59534,DTK,ky-thuat-dieu-khien-va-tu-dong-hoa,A01,Điểm thi THPT,2025,22.75,Kỹ thuật điều khiển và tự động hoá
59535,DTK,ky-thuat-dieu-khien-va-tu-dong-hoa,C01,Điểm thi THPT,2025,22.75,Kỹ thuật điều khiển và tự động hoá
59536,DTK,ky-thuat-dieu-khien-va-tu-dong-hoa,C02,Điểm thi THPT,2025,22.75,Kỹ thuật điều khiển và tự động hoá
59537,DTK,ky-thuat-dieu-khien-va-tu-dong-hoa,D01,Điểm thi THPT,2025,22.75,Kỹ thuật điều khiển và tự động hoá
59538,DTK,ky-thuat-dieu-khien-va-tu-dong-hoa,D07,Điểm thi THPT,2025,22.75,Kỹ thuật điều khiển và tự động hoá
59539,DTK,ky-thuat-may-tinh,A00,Điểm thi THPT,2021,16.0,Kỹ thuật máy tính
59540,DTK,ky-thuat-may-tinh,A01,Điểm thi THPT,2021,16.0,Kỹ thuật máy tính
59541,DTK,ky-thuat-may-tinh,D01,Điểm thi THPT,2021,16.0,Kỹ thuật máy tính
59542,DTK,ky-thuat-may-tinh,D07,Điểm thi THPT,2021,16.0,Kỹ thuật máy tính
59543,DTK,ky-thuat-may-tinh,A00,Điểm thi THPT,2022,16.0,Kỹ thuật máy tính
59544,DTK,ky-thuat-may-tinh,A01,Điểm thi THPT,2022,16.0,Kỹ thuật máy tính
59545,DTK,ky-thuat-may-tinh,D01,Điểm thi THPT,2022,16.0,Kỹ thuật máy tính
59546,DTK,ky-thuat-may-tinh,D07,Điểm thi THPT,2022,16.0,Kỹ thuật máy tính
59547,DTK,ky-thuat-may-tinh,A00,Điểm học bạ,2023,20.0,Kỹ thuật máy tính
59548,DTK,ky-thuat-may-tinh,A01,Điểm học bạ,2023,20.0,Kỹ thuật máy tính
59549,DTK,ky-thuat-may-tinh,D01,Điểm học bạ,2023,20.0,Kỹ thuật máy tính
59550,DTK,ky-thuat-may-tinh,D07,Điểm học bạ,2023,20.0,Kỹ thuật máy tính
59551,DTK,ky-thuat-may-tinh,A00,Điểm thi THPT,2023,17.0,Kỹ thuật máy tính
59552,DTK,ky-thuat-may-tinh,A01,Điểm thi THPT,2023,17.0,Kỹ thuật máy tính
59553,DTK,ky-thuat-may-tinh,D01,Điểm thi THPT,2023,17.0,Kỹ thuật máy tính
59554,DTK,ky-thuat-may-tinh,D07,Điểm thi THPT,2023,17.0,Kỹ thuật máy tính
59555,DTK,ky-thuat-may-tinh,A00,Điểm học bạ,2024,21.0,Kỹ thuật máy tính
59556,DTK,ky-thuat-may-tinh,A01,Điểm học bạ,2024,21.0,Kỹ thuật máy tính
59557,DTK,ky-thuat-may-tinh,D01,Điểm học bạ,2024,21.0,Kỹ thuật máy tính
59558,DTK,ky-thuat-may-tinh,D07,Điểm học bạ,2024,21.0,Kỹ thuật máy tính
59559,DTK,ky-thuat-may-tinh,A00,Điểm thi THPT,2024,17.0,Kỹ thuật máy tính
59560,DTK,ky-thuat-may-tinh,A01,Điểm thi THPT,2024,17.0,Kỹ thuật máy tính
59561,DTK,ky-thuat-may-tinh,D01,Điểm thi THPT,2024,17.0,Kỹ thuật máy tính
59562,DTK,ky-thuat-may-tinh,D07,Điểm thi THPT,2024,17.0,Kỹ thuật máy tính
59563,DTK,ky-thuat-may-tinh,A00,Điểm học bạ,2025,19.5,Kỹ thuật máy tính
59564,DTK,ky-thuat-may-tinh,A01,Điểm học bạ,2025,19.5,Kỹ thuật máy tính
59565,DTK,ky-thuat-may-tinh,C01,Điểm học bạ,2025,19.5,Kỹ thuật máy tính
59566,DTK,ky-thuat-may-tinh,C02,Điểm học bạ,2025,19.5,Kỹ thuật máy tính
59567,DTK,ky-thuat-may-tinh,D01,Điểm học bạ,2025,19.5,Kỹ thuật máy tính
59568,DTK,ky-thuat-may-tinh,D07,Điểm học bạ,2025,19.5,Kỹ thuật máy tính
59569,DTK,ky-thuat-may-tinh,A00,Điểm thi THPT,2025,19.5,Kỹ thuật máy tính
59570,DTK,ky-thuat-may-tinh,A01,Điểm thi THPT,2025,19.5,Kỹ thuật máy tính
59571,DTK,ky-thuat-may-tinh,C01,Điểm thi THPT,2025,19.5,Kỹ thuật máy tính
59572,DTK,ky-thuat-may-tinh,C02,Điểm thi THPT,2025,19.5,Kỹ thuật máy tính
59573,DTK,ky-thuat-may-tinh,D01,Điểm thi THPT,2025,19.5,Kỹ thuật máy tính
59574,DTK,ky-thuat-may-tinh,D07,Điểm thi THPT,2025,19.5,Kỹ thuật máy tính
59575,DTK,ky-thuat-moi-truong,A00,Điểm thi THPT,2021,15.0,Kỹ thuật môi trường
59576,DTK,ky-thuat-moi-truong,B00,Điểm thi THPT,2021,15.0,Kỹ thuật môi trường
59577,DTK,ky-thuat-moi-truong,D01,Điểm thi THPT,2021,15.0,Kỹ thuật môi trường
59578,DTK,ky-thuat-moi-truong,D07,Điểm thi THPT,2021,15.0,Kỹ thuật môi trường
59579,DTK,ky-thuat-moi-truong,A00,Điểm thi THPT,2022,15.0,Kỹ thuật môi trường
59580,DTK,ky-thuat-moi-truong,B00,Điểm thi THPT,2022,15.0,Kỹ thuật môi trường
59581,DTK,ky-thuat-moi-truong,D01,Điểm thi THPT,2022,15.0,Kỹ thuật môi trường
59582,DTK,ky-thuat-moi-truong,D07,Điểm thi THPT,2022,15.0,Kỹ thuật môi trường
59583,DTK,ky-thuat-moi-truong,A00,Điểm học bạ,2023,18.0,Kỹ thuật môi trường (Quản lý môi trường công nghiệp và đô thị)
59584,DTK,ky-thuat-moi-truong,B00,Điểm học bạ,2023,18.0,Kỹ thuật môi trường (Quản lý môi trường công nghiệp và đô thị)
59585,DTK,ky-thuat-moi-truong,D01,Điểm học bạ,2023,18.0,Kỹ thuật môi trường (Quản lý môi trường công nghiệp và đô thị)
59586,DTK,ky-thuat-moi-truong,D07,Điểm học bạ,2023,18.0,Kỹ thuật môi trường (Quản lý môi trường công nghiệp và đô thị)
59587,DTK,ky-thuat-moi-truong,A00,Điểm thi THPT,2023,15.0,Kỹ thuật môi trường (Quản lý môi trường công nghiệp và đô thị)
59588,DTK,ky-thuat-moi-truong,B00,Điểm thi THPT,2023,15.0,Kỹ thuật môi trường (Quản lý môi trường công nghiệp và đô thị)
59589,DTK,ky-thuat-moi-truong,D01,Điểm thi THPT,2023,15.0,Kỹ thuật môi trường (Quản lý môi trường công nghiệp và đô thị)
59590,DTK,ky-thuat-moi-truong,D07,Điểm thi THPT,2023,15.0,Kỹ thuật môi trường (Quản lý môi trường công nghiệp và đô thị)
59591,DTK,ky-thuat-moi-truong,A00,Điểm học bạ,2024,18.0,Kỹ thuật môi trường
59592,DTK,ky-thuat-moi-truong,B00,Điểm học bạ,2024,18.0,Kỹ thuật môi trường
59593,DTK,ky-thuat-moi-truong,D01,Điểm học bạ,2024,18.0,Kỹ thuật môi trường
59594,DTK,ky-thuat-moi-truong,D07,Điểm học bạ,2024,18.0,Kỹ thuật môi trường
59595,DTK,ky-thuat-moi-truong,A00,Điểm thi THPT,2024,16.0,Kỹ thuật môi trường
59596,DTK,ky-thuat-moi-truong,B00,Điểm thi THPT,2024,16.0,Kỹ thuật môi trường
59597,DTK,ky-thuat-moi-truong,D01,Điểm thi THPT,2024,16.0,Kỹ thuật môi trường
59598,DTK,ky-thuat-moi-truong,D07,Điểm thi THPT,2024,16.0,Kỹ thuật môi trường
59599,DTK,ky-thuat-moi-truong,A00,Điểm học bạ,2025,15.0,Kỹ thuật môi trường
59600,DTK,ky-thuat-moi-truong,B03,Điểm học bạ,2025,15.0,Kỹ thuật môi trường
59601,DTK,ky-thuat-moi-truong,C01,Điểm học bạ,2025,15.0,Kỹ thuật môi trường
59602,DTK,ky-thuat-moi-truong,C02,Điểm học bạ,2025,15.0,Kỹ thuật môi trường
59603,DTK,ky-thuat-moi-truong,D01,Điểm học bạ,2025,15.0,Kỹ thuật môi trường
59604,DTK,ky-thuat-moi-truong,D07,Điểm học bạ,2025,15.0,Kỹ thuật môi trường
59605,DTK,ky-thuat-moi-truong,A00,Điểm thi THPT,2025,15.0,Kỹ thuật môi trường
59606,DTK,ky-thuat-moi-truong,B03,Điểm thi THPT,2025,15.0,Kỹ thuật môi trường
59607,DTK,ky-thuat-moi-truong,C01,Điểm thi THPT,2025,15.0,Kỹ thuật môi trường
59608,DTK,ky-thuat-moi-truong,C02,Điểm thi THPT,2025,15.0,Kỹ thuật môi trường
59609,DTK,ky-thuat-moi-truong,D01,Điểm thi THPT,2025,15.0,Kỹ thuật môi trường
59610,DTK,ky-thuat-moi-truong,D07,Điểm thi THPT,2025,15.0,Kỹ thuật môi trường
59611,DTK,ky-thuat-robot,A00,Điểm thi THPT,2024,17.0,Kỹ thuật Robot
59612,DTK,ky-thuat-robot,A01,Điểm thi THPT,2024,17.0,Kỹ thuật Robot
59613,DTK,ky-thuat-robot,D01,Điểm thi THPT,2024,17.0,Kỹ thuật Robot
59614,DTK,ky-thuat-robot,D07,Điểm thi THPT,2024,17.0,Kỹ thuật Robot
59615,DTK,ky-thuat-robot,A00,Điểm học bạ,2025,16.0,Kỹ thuật robot (Chuyên ngành: Robot và trí tuệ nhân tạo)
59616,DTK,ky-thuat-robot,A01,Điểm học bạ,2025,16.0,Kỹ thuật robot (Chuyên ngành: Robot và trí tuệ nhân tạo)
59617,DTK,ky-thuat-robot,C01,Điểm học bạ,2025,16.0,Kỹ thuật robot (Chuyên ngành: Robot và trí tuệ nhân tạo)
59618,DTK,ky-thuat-robot,C02,Điểm học bạ,2025,16.0,Kỹ thuật robot (Chuyên ngành: Robot và trí tuệ nhân tạo)
59619,DTK,ky-thuat-robot,D01,Điểm học bạ,2025,16.0,Kỹ thuật robot (Chuyên ngành: Robot và trí tuệ nhân tạo)
59620,DTK,ky-thuat-robot,D07,Điểm học bạ,2025,16.0,Kỹ thuật robot (Chuyên ngành: Robot và trí tuệ nhân tạo)
59621,DTK,ky-thuat-robot,A00,Điểm thi THPT,2025,16.0,Kỹ thuật robot (Chuyên ngành: Robot và trí tuệ nhân tạo)
59622,DTK,ky-thuat-robot,A01,Điểm thi THPT,2025,16.0,Kỹ thuật robot (Chuyên ngành: Robot và trí tuệ nhân tạo)
59623,DTK,ky-thuat-robot,C01,Điểm thi THPT,2025,16.0,Kỹ thuật robot (Chuyên ngành: Robot và trí tuệ nhân tạo)
59624,DTK,ky-thuat-robot,C02,Điểm thi THPT,2025,16.0,Kỹ thuật robot (Chuyên ngành: Robot và trí tuệ nhân tạo)
59625,DTK,ky-thuat-robot,D01,Điểm thi THPT,2025,16.0,Kỹ thuật robot (Chuyên ngành: Robot và trí tuệ nhân tạo)
59626,DTK,ky-thuat-robot,D07,Điểm thi THPT,2025,16.0,Kỹ thuật robot (Chuyên ngành: Robot và trí tuệ nhân tạo)
59627,DTK,ky-thuat-vat-lieu,A00,Điểm thi THPT,2021,15.0,Kỹ thuật vật liệu
59628,DTK,ky-thuat-vat-lieu,A01,Điểm thi THPT,2021,15.0,Kỹ thuật vật liệu
59629,DTK,ky-thuat-vat-lieu,D01,Điểm thi THPT,2021,15.0,Kỹ thuật vật liệu
59630,DTK,ky-thuat-vat-lieu,D07,Điểm thi THPT,2021,15.0,Kỹ thuật vật liệu
59631,DTK,ky-thuat-vat-lieu,A00,Điểm thi THPT,2022,15.0,Kỹ thuật vật liệu
59632,DTK,ky-thuat-vat-lieu,A01,Điểm thi THPT,2022,15.0,Kỹ thuật vật liệu
59633,DTK,ky-thuat-vat-lieu,D01,Điểm thi THPT,2022,15.0,Kỹ thuật vật liệu
59634,DTK,ky-thuat-vat-lieu,D07,Điểm thi THPT,2022,15.0,Kỹ thuật vật liệu
59635,DTK,ky-thuat-vat-lieu,A00,Điểm học bạ,2023,18.0,Kỹ thuật vật liệu
59636,DTK,ky-thuat-vat-lieu,A01,Điểm học bạ,2023,18.0,Kỹ thuật vật liệu
59637,DTK,ky-thuat-vat-lieu,D01,Điểm học bạ,2023,18.0,Kỹ thuật vật liệu
59638,DTK,ky-thuat-vat-lieu,D07,Điểm học bạ,2023,18.0,Kỹ thuật vật liệu
59639,DTK,ky-thuat-vat-lieu,A00,Điểm thi THPT,2023,15.0,Kỹ thuật vật liệu
59640,DTK,ky-thuat-vat-lieu,A01,Điểm thi THPT,2023,15.0,Kỹ thuật vật liệu
59641,DTK,ky-thuat-vat-lieu,D01,Điểm thi THPT,2023,15.0,Kỹ thuật vật liệu
59642,DTK,ky-thuat-vat-lieu,D07,Điểm thi THPT,2023,15.0,Kỹ thuật vật liệu
59643,DTK,ky-thuat-vat-lieu,A00,Điểm học bạ,2024,18.0,Kỹ thuật vật liệu
59644,DTK,ky-thuat-vat-lieu,A01,Điểm học bạ,2024,18.0,Kỹ thuật vật liệu
59645,DTK,ky-thuat-vat-lieu,D01,Điểm học bạ,2024,18.0,Kỹ thuật vật liệu
59646,DTK,ky-thuat-vat-lieu,D07,Điểm học bạ,2024,18.0,Kỹ thuật vật liệu
59647,DTK,ky-thuat-vat-lieu,A00,Điểm thi THPT,2024,16.0,Kỹ thuật vật liệu
59648,DTK,ky-thuat-vat-lieu,A01,Điểm thi THPT,2024,16.0,Kỹ thuật vật liệu
59649,DTK,ky-thuat-vat-lieu,D01,Điểm thi THPT,2024,16.0,Kỹ thuật vật liệu
59650,DTK,ky-thuat-vat-lieu,D07,Điểm thi THPT,2024,16.0,Kỹ thuật vật liệu
59651,DTK,ky-thuat-vat-lieu,A00,Điểm học bạ,2025,16.0,Kỹ thuật vật liệu
59652,DTK,ky-thuat-vat-lieu,A01,Điểm học bạ,2025,16.0,Kỹ thuật vật liệu
59653,DTK,ky-thuat-vat-lieu,C01,Điểm học bạ,2025,16.0,Kỹ thuật vật liệu
59654,DTK,ky-thuat-vat-lieu,C02,Điểm học bạ,2025,16.0,Kỹ thuật vật liệu
59655,DTK,ky-thuat-vat-lieu,D01,Điểm học bạ,2025,16.0,Kỹ thuật vật liệu
59656,DTK,ky-thuat-vat-lieu,D07,Điểm học bạ,2025,16.0,Kỹ thuật vật liệu
59657,DTK,ky-thuat-vat-lieu,A00,Điểm thi THPT,2025,16.0,Kỹ thuật vật liệu
59658,DTK,ky-thuat-vat-lieu,A01,Điểm thi THPT,2025,16.0,Kỹ thuật vật liệu
59659,DTK,ky-thuat-vat-lieu,C01,Điểm thi THPT,2025,16.0,Kỹ thuật vật liệu
59660,DTK,ky-thuat-vat-lieu,C02,Điểm thi THPT,2025,16.0,Kỹ thuật vật liệu
59661,DTK,ky-thuat-vat-lieu,D01,Điểm thi THPT,2025,16.0,Kỹ thuật vật liệu
59662,DTK,ky-thuat-vat-lieu,D07,Điểm thi THPT,2025,16.0,Kỹ thuật vật liệu
59663,DTK,ky-thuat-xay-dung,A00,Điểm thi THPT,2021,15.0,Kỹ thuật xây dựng
59664,DTK,ky-thuat-xay-dung,A01,Điểm thi THPT,2021,15.0,Kỹ thuật xây dựng
59665,DTK,ky-thuat-xay-dung,D01,Điểm thi THPT,2021,15.0,Kỹ thuật xây dựng
59666,DTK,ky-thuat-xay-dung,D07,Điểm thi THPT,2021,15.0,Kỹ thuật xây dựng
59667,DTK,ky-thuat-xay-dung,A00,Điểm thi THPT,2022,15.0,Kỹ thuật xây dựng
59668,DTK,ky-thuat-xay-dung,A01,Điểm thi THPT,2022,15.0,Kỹ thuật xây dựng
59669,DTK,ky-thuat-xay-dung,D01,Điểm thi THPT,2022,15.0,Kỹ thuật xây dựng
59670,DTK,ky-thuat-xay-dung,D07,Điểm thi THPT,2022,15.0,Kỹ thuật xây dựng
59671,DTK,ky-thuat-xay-dung,A00,Điểm học bạ,2023,18.0,Kỹ thuật xây dựng
59672,DTK,ky-thuat-xay-dung,A01,Điểm học bạ,2023,18.0,Kỹ thuật xây dựng
59673,DTK,ky-thuat-xay-dung,D01,Điểm học bạ,2023,18.0,Kỹ thuật xây dựng
59674,DTK,ky-thuat-xay-dung,D07,Điểm học bạ,2023,18.0,Kỹ thuật xây dựng
59675,DTK,ky-thuat-xay-dung,A00,Điểm thi THPT,2023,15.0,Kỹ thuật xây dựng
59676,DTK,ky-thuat-xay-dung,A01,Điểm thi THPT,2023,15.0,Kỹ thuật xây dựng
59677,DTK,ky-thuat-xay-dung,D01,Điểm thi THPT,2023,15.0,Kỹ thuật xây dựng
59678,DTK,ky-thuat-xay-dung,D07,Điểm thi THPT,2023,15.0,Kỹ thuật xây dựng
59679,DTK,ky-thuat-xay-dung,A00,Điểm học bạ,2024,18.0,Kỹ thuật xây dựng
59680,DTK,ky-thuat-xay-dung,A01,Điểm học bạ,2024,18.0,Kỹ thuật xây dựng
59681,DTK,ky-thuat-xay-dung,D01,Điểm học bạ,2024,18.0,Kỹ thuật xây dựng
59682,DTK,ky-thuat-xay-dung,D07,Điểm học bạ,2024,18.0,Kỹ thuật xây dựng
59683,DTK,ky-thuat-xay-dung,A00,Điểm thi THPT,2024,16.0,Kỹ thuật xây dựng
59684,DTK,ky-thuat-xay-dung,A01,Điểm thi THPT,2024,16.0,Kỹ thuật xây dựng
59685,DTK,ky-thuat-xay-dung,D01,Điểm thi THPT,2024,16.0,Kỹ thuật xây dựng
59686,DTK,ky-thuat-xay-dung,D07,Điểm thi THPT,2024,16.0,Kỹ thuật xây dựng
59687,DTK,ky-thuat-xay-dung,A00,Điểm học bạ,2025,16.0,Kỹ thuật xây dựng
59688,DTK,ky-thuat-xay-dung,A01,Điểm học bạ,2025,16.0,Kỹ thuật xây dựng
59689,DTK,ky-thuat-xay-dung,C01,Điểm học bạ,2025,16.0,Kỹ thuật xây dựng
59690,DTK,ky-thuat-xay-dung,C02,Điểm học bạ,2025,16.0,Kỹ thuật xây dựng
59691,DTK,ky-thuat-xay-dung,D01,Điểm học bạ,2025,16.0,Kỹ thuật xây dựng
59692,DTK,ky-thuat-xay-dung,D07,Điểm học bạ,2025,16.0,Kỹ thuật xây dựng
59693,DTK,ky-thuat-xay-dung,A00,Điểm thi THPT,2025,16.0,Kỹ thuật xây dựng
59694,DTK,ky-thuat-xay-dung,A01,Điểm thi THPT,2025,16.0,Kỹ thuật xây dựng
59695,DTK,ky-thuat-xay-dung,C01,Điểm thi THPT,2025,16.0,Kỹ thuật xây dựng
59696,DTK,ky-thuat-xay-dung,C02,Điểm thi THPT,2025,16.0,Kỹ thuật xây dựng
59697,DTK,ky-thuat-xay-dung,D01,Điểm thi THPT,2025,16.0,Kỹ thuật xây dựng
59698,DTK,ky-thuat-xay-dung,D07,Điểm thi THPT,2025,16.0,Kỹ thuật xây dựng
59699,DTK,nghiep-vu-ngoai-thuong,A00,Điểm học bạ,2024,21.0,Nghiệp vụ ngoại thương (Quản lý công nghiệp - Giảng dạy bằng tiếng Anh)
59700,DTK,nghiep-vu-ngoai-thuong,A01,Điểm học bạ,2024,21.0,Nghiệp vụ ngoại thương (Quản lý công nghiệp - Giảng dạy bằng tiếng Anh)
59701,DTK,nghiep-vu-ngoai-thuong,D01,Điểm học bạ,2024,21.0,Nghiệp vụ ngoại thương (Quản lý công nghiệp - Giảng dạy bằng tiếng Anh)
59702,DTK,nghiep-vu-ngoai-thuong,D07,Điểm học bạ,2024,21.0,Nghiệp vụ ngoại thương (Quản lý công nghiệp - Giảng dạy bằng tiếng Anh)
59703,DTK,ngon-ngu-anh,A00,Điểm thi THPT,2021,15.0,Ngôn ngữ Anh
59704,DTK,ngon-ngu-anh,A01,Điểm thi THPT,2021,15.0,Ngôn ngữ Anh
59705,DTK,ngon-ngu-anh,D01,Điểm thi THPT,2021,15.0,Ngôn ngữ Anh
59706,DTK,ngon-ngu-anh,D07,Điểm thi THPT,2021,15.0,Ngôn ngữ Anh
59707,DTK,ngon-ngu-anh,A00,Điểm thi THPT,2022,16.0,Ngôn ngữ Anh
59708,DTK,ngon-ngu-anh,A01,Điểm thi THPT,2022,16.0,Ngôn ngữ Anh
59709,DTK,ngon-ngu-anh,D01,Điểm thi THPT,2022,16.0,Ngôn ngữ Anh
59710,DTK,ngon-ngu-anh,D07,Điểm thi THPT,2022,16.0,Ngôn ngữ Anh
59711,DTK,ngon-ngu-anh,A00,Điểm học bạ,2023,20.0,Ngôn ngữ Anh
59712,DTK,ngon-ngu-anh,A01,Điểm học bạ,2023,20.0,Ngôn ngữ Anh
59713,DTK,ngon-ngu-anh,D01,Điểm học bạ,2023,20.0,Ngôn ngữ Anh
59714,DTK,ngon-ngu-anh,D07,Điểm học bạ,2023,20.0,Ngôn ngữ Anh
59715,DTK,ngon-ngu-anh,A00,Điểm thi THPT,2023,16.0,Ngôn ngữ Anh
59716,DTK,ngon-ngu-anh,A01,Điểm thi THPT,2023,16.0,Ngôn ngữ Anh
59717,DTK,ngon-ngu-anh,D01,Điểm thi THPT,2023,16.0,Ngôn ngữ Anh
59718,DTK,ngon-ngu-anh,D07,Điểm thi THPT,2023,16.0,Ngôn ngữ Anh
59719,DTK,ngon-ngu-anh,A00,Điểm học bạ,2024,20.0,Ngôn ngữ Anh
59720,DTK,ngon-ngu-anh,A01,Điểm học bạ,2024,20.0,Ngôn ngữ Anh
59721,DTK,ngon-ngu-anh,D01,Điểm học bạ,2024,20.0,Ngôn ngữ Anh
59722,DTK,ngon-ngu-anh,D07,Điểm học bạ,2024,20.0,Ngôn ngữ Anh
59723,DTK,ngon-ngu-anh,A00,Điểm thi THPT,2024,17.0,Ngôn ngữ Anh
59724,DTK,ngon-ngu-anh,A01,Điểm thi THPT,2024,17.0,Ngôn ngữ Anh
59725,DTK,ngon-ngu-anh,D01,Điểm thi THPT,2024,17.0,Ngôn ngữ Anh
59726,DTK,ngon-ngu-anh,D07,Điểm thi THPT,2024,17.0,Ngôn ngữ Anh
59727,DTK,ngon-ngu-anh,A01,Điểm học bạ,2025,16.0,Ngôn ngữ Anh
59728,DTK,ngon-ngu-anh,D01,Điểm học bạ,2025,16.0,Ngôn ngữ Anh
59729,DTK,ngon-ngu-anh,D07,Điểm học bạ,2025,16.0,Ngôn ngữ Anh
59730,DTK,ngon-ngu-anh,D10,Điểm học bạ,2025,16.0,Ngôn ngữ Anh
59731,DTK,ngon-ngu-anh,D14,Điểm học bạ,2025,16.0,Ngôn ngữ Anh
59732,DTK,ngon-ngu-anh,D15,Điểm học bạ,2025,16.0,Ngôn ngữ Anh
59733,DTK,ngon-ngu-anh,A01,Điểm thi THPT,2025,16.0,Ngôn ngữ Anh
59734,DTK,ngon-ngu-anh,D01,Điểm thi THPT,2025,16.0,Ngôn ngữ Anh
59735,DTK,ngon-ngu-anh,D07,Điểm thi THPT,2025,16.0,Ngôn ngữ Anh
59736,DTK,ngon-ngu-anh,D10,Điểm thi THPT,2025,16.0,Ngôn ngữ Anh
59737,DTK,ngon-ngu-anh,D14,Điểm thi THPT,2025,16.0,Ngôn ngữ Anh
59738,DTK,ngon-ngu-anh,D15,Điểm thi THPT,2025,16.0,Ngôn ngữ Anh
59739,DTK,quan-ly-cong-nghiep,A00,Điểm thi THPT,2021,15.0,Quản lý công nghiệp
59740,DTK,quan-ly-cong-nghiep,A01,Điểm thi THPT,2021,15.0,Quản lý công nghiệp
59741,DTK,quan-ly-cong-nghiep,D01,Điểm thi THPT,2021,15.0,Quản lý công nghiệp
59742,DTK,quan-ly-cong-nghiep,D07,Điểm thi THPT,2021,15.0,Quản lý công nghiệp
59743,DTK,quan-ly-cong-nghiep,A00,Điểm thi THPT,2022,16.0,Quản lý công nghiệp
59744,DTK,quan-ly-cong-nghiep,A01,Điểm thi THPT,2022,16.0,Quản lý công nghiệp
59745,DTK,quan-ly-cong-nghiep,D01,Điểm thi THPT,2022,16.0,Quản lý công nghiệp
59746,DTK,quan-ly-cong-nghiep,D07,Điểm thi THPT,2022,16.0,Quản lý công nghiệp
59747,DTK,quan-ly-cong-nghiep,A00,Điểm học bạ,2023,21.0,Quản lý công nghiệp
59748,DTK,quan-ly-cong-nghiep,A01,Điểm học bạ,2023,21.0,Quản lý công nghiệp
59749,DTK,quan-ly-cong-nghiep,D01,Điểm học bạ,2023,21.0,Quản lý công nghiệp
59750,DTK,quan-ly-cong-nghiep,D07,Điểm học bạ,2023,21.0,Quản lý công nghiệp
59751,DTK,quan-ly-cong-nghiep,A00,Điểm thi THPT,2023,16.0,Quản lý công nghiệp
59752,DTK,quan-ly-cong-nghiep,A01,Điểm thi THPT,2023,16.0,Quản lý công nghiệp
59753,DTK,quan-ly-cong-nghiep,D01,Điểm thi THPT,2023,16.0,Quản lý công nghiệp
59754,DTK,quan-ly-cong-nghiep,D07,Điểm thi THPT,2023,16.0,Quản lý công nghiệp
59755,DTK,quan-ly-cong-nghiep,A00,Điểm học bạ,2024,21.0,Quản lý công nghiệp
59756,DTK,quan-ly-cong-nghiep,A01,Điểm học bạ,2024,21.0,Quản lý công nghiệp
59757,DTK,quan-ly-cong-nghiep,D01,Điểm học bạ,2024,21.0,Quản lý công nghiệp
59758,DTK,quan-ly-cong-nghiep,D07,Điểm học bạ,2024,21.0,Quản lý công nghiệp
59759,DTK,quan-ly-cong-nghiep,A00,Điểm thi THPT,2024,16.0,Quản lý công nghiệp
59760,DTK,quan-ly-cong-nghiep,A01,Điểm thi THPT,2024,16.0,Quản lý công nghiệp
59761,DTK,quan-ly-cong-nghiep,D01,Điểm thi THPT,2024,16.0,Quản lý công nghiệp
59762,DTK,quan-ly-cong-nghiep,D07,Điểm thi THPT,2024,16.0,Quản lý công nghiệp
59763,DTK,quan-ly-cong-nghiep,A00,Điểm học bạ,2025,19.0,Quản lý công nghiệp
59764,DTK,quan-ly-cong-nghiep,A01,Điểm học bạ,2025,19.0,Quản lý công nghiệp
59765,DTK,quan-ly-cong-nghiep,D01,Điểm học bạ,2025,19.0,Quản lý công nghiệp
59766,DTK,quan-ly-cong-nghiep,D07,Điểm học bạ,2025,19.0,Quản lý công nghiệp
59767,DTK,quan-ly-cong-nghiep,X05,Điểm học bạ,2025,19.0,Quản lý công nghiệp
59768,DTK,quan-ly-cong-nghiep,X25,Điểm học bạ,2025,19.0,Quản lý công nghiệp
59769,DTK,quan-ly-cong-nghiep,A00,Điểm thi THPT,2025,19.0,Quản lý công nghiệp
59770,DTK,quan-ly-cong-nghiep,A01,Điểm thi THPT,2025,19.0,Quản lý công nghiệp
59771,DTK,quan-ly-cong-nghiep,D01,Điểm thi THPT,2025,19.0,Quản lý công nghiệp
59772,DTK,quan-ly-cong-nghiep,D07,Điểm thi THPT,2025,19.0,Quản lý công nghiệp
59773,DTK,quan-ly-cong-nghiep,X05,Điểm thi THPT,2025,19.0,Quản lý công nghiệp
59774,DTK,quan-ly-cong-nghiep,X25,Điểm thi THPT,2025,19.0,Quản lý công nghiệp
59775,DTL,cong-nghe-thong-tin,A00,Điểm thi THPT,2021,25.0,Công nghệ thông tin
59776,DTL,cong-nghe-thong-tin,A01,Điểm thi THPT,2021,25.0,Công nghệ thông tin
59777,DTL,cong-nghe-thong-tin,A00,Điểm thi THPT,2022,24.85,Công nghệ thông tin
59778,DTL,cong-nghe-thong-tin,A01,Điểm thi THPT,2022,24.85,Công nghệ thông tin
59779,DTL,cong-nghe-thong-tin,A00,Điểm thi THPT,2023,24.02,Công nghệ thông tin
59780,DTL,cong-nghe-thong-tin,A01,Điểm thi THPT,2023,24.02,Công nghệ thông tin
59781,DTL,cong-nghe-thong-tin,A00,Điểm thi THPT,2024,22.0,Công nghệ thông tin
59782,DTL,cong-nghe-thong-tin,A01,Điểm thi THPT,2024,22.0,Công nghệ thông tin
59783,DTL,cong-nghe-thong-tin,A00,Điểm thi THPT,2025,17.0,Công nghệ thông tin
59784,DTL,cong-nghe-thong-tin,A01,Điểm thi THPT,2025,16.0,Công nghệ thông tin
59785,DTL,cong-nghe-thong-tin,D01,Điểm thi THPT,2025,16.0,Công nghệ thông tin
59786,DTL,cong-nghe-thong-tin,D07,Điểm thi THPT,2025,16.0,Công nghệ thông tin
59787,DTL,cong-nghe-thong-tin,X06,Điểm thi THPT,2025,17.0,Công nghệ thông tin
59788,DTL,cong-nghe-thong-tin,X26,Điểm thi THPT,2025,17.0,Công nghệ thông tin
59789,DTL,cong-tac-xa-hoi,C00,Điểm thi THPT,2021,23.35,Công tác xã hội
59790,DTL,cong-tac-xa-hoi,D01,Điểm thi THPT,2021,23.35,Công tác xã hội
59791,DTL,cong-tac-xa-hoi,D03,Điểm thi THPT,2021,23.35,Công tác xã hội
59792,DTL,cong-tac-xa-hoi,D04,Điểm thi THPT,2021,23.35,Công tác xã hội
59793,DTL,dieu-duong,B00,Điểm thi THPT,2021,19.05,Điều dưỡng
59794,DTL,dieu-duong,B00,Điểm thi THPT,2022,19.0,Điều dưỡng
59795,DTL,dieu-duong,B00,Điểm học bạ,2023,25.32,Điều dưỡng
59796,DTL,dieu-duong,B00,Điểm thi THPT,2023,19.0,Điều dưỡng
59797,DTL,dieu-duong,B00,Điểm học bạ,2024,24.0,Điều dưỡng
59798,DTL,dieu-duong,B00,Điểm thi THPT,2024,19.0,Điều dưỡng
59799,DTL,dieu-duong,A00,Điểm học bạ,2025,20.55,Điều dưỡng
59800,DTL,dieu-duong,B00,Điểm học bạ,2025,19.55,Điều dưỡng
59801,DTL,dieu-duong,B03,Điểm học bạ,2025,20.55,Điều dưỡng
59802,DTL,dieu-duong,B08,Điểm học bạ,2025,19.55,Điều dưỡng
59803,DTL,dieu-duong,C02,Điểm học bạ,2025,20.55,Điều dưỡng
59804,DTL,dieu-duong,D07,Điểm học bạ,2025,19.55,Điều dưỡng
59805,DTL,dieu-duong,A00,Điểm thi THPT,2025,20.55,Điều dưỡng
59806,DTL,dieu-duong,B00,Điểm thi THPT,2025,19.55,Điều dưỡng
59807,DTL,dieu-duong,B03,Điểm thi THPT,2025,20.55,Điều dưỡng
59808,DTL,dieu-duong,B08,Điểm thi THPT,2025,19.55,Điều dưỡng
59809,DTL,dieu-duong,C02,Điểm thi THPT,2025,20.55,Điều dưỡng
59810,DTL,dieu-duong,D07,Điểm thi THPT,2025,19.55,Điều dưỡng
59811,DTL,dinh-duong,B00,Điểm thi THPT,2021,20.35,Dinh dưỡng
59812,DTL,he-thong-thong-tin,A00,Điểm thi THPT,2021,24.38,Hệ thống thông tin
59813,DTL,he-thong-thong-tin,A01,Điểm thi THPT,2021,24.38,Hệ thống thông tin
59814,DTL,he-thong-thong-tin,A00,Điểm thi THPT,2022,24.4,Hệ thống thông tin
59815,DTL,he-thong-thong-tin,A01,Điểm thi THPT,2022,24.4,Hệ thống thông tin
59816,DTL,he-thong-thong-tin,A00,Điểm thi THPT,2023,23.29,Hệ thống thông tin
59817,DTL,he-thong-thong-tin,A01,Điểm thi THPT,2023,23.29,Hệ thống thông tin
59818,DTL,he-thong-thong-tin,A00,Điểm thi THPT,2025,16.0,Hệ thống thông tin
59819,DTL,he-thong-thong-tin,A01,Điểm thi THPT,2025,15.0,Hệ thống thông tin
59820,DTL,he-thong-thong-tin,D01,Điểm thi THPT,2025,15.0,Hệ thống thông tin
59821,DTL,he-thong-thong-tin,D07,Điểm thi THPT,2025,15.0,Hệ thống thông tin
59822,DTL,he-thong-thong-tin,X06,Điểm thi THPT,2025,16.0,Hệ thống thông tin
59823,DTL,he-thong-thong-tin,X26,Điểm thi THPT,2025,16.0,Hệ thống thông tin
59824,DTL,ke-toan,A00,Điểm thi THPT,2021,25.0,Kế toán
59825,DTL,ke-toan,A01,Điểm thi THPT,2021,25.0,Kế toán
59826,DTL,ke-toan,D01,Điểm thi THPT,2021,25.0,Kế toán
59827,DTL,ke-toan,D03,Điểm thi THPT,2021,25.0,Kế toán
59828,DTL,ke-toan,A00,Điểm thi THPT,2022,24.35,Kế toán
59829,DTL,ke-toan,A01,Điểm thi THPT,2022,24.35,Kế toán
59830,DTL,ke-toan,D01,Điểm thi THPT,2022,24.35,Kế toán
59831,DTL,ke-toan,D03,Điểm thi THPT,2022,24.35,Kế toán
59832,DTL,ke-toan,A00,Điểm thi THPT,2023,24.35,Kế toán
59833,DTL,ke-toan,A01,Điểm thi THPT,2023,24.35,Kế toán
59834,DTL,ke-toan,D01,Điểm thi THPT,2023,24.35,Kế toán
59835,DTL,ke-toan,D90,Điểm thi THPT,2023,24.35,Kế toán
59836,DTL,ke-toan,A00,Điểm thi THPT,2024,23.86,Kế toán
59837,DTL,ke-toan,A01,Điểm thi THPT,2024,23.86,Kế toán
59838,DTL,ke-toan,D01,Điểm thi THPT,2024,23.86,Kế toán
59839,DTL,ke-toan,D07,Điểm thi THPT,2024,23.86,Kế toán
59840,DTL,ke-toan,A00,Điểm thi THPT,2025,19.78,Kế toán
59841,DTL,ke-toan,A01,Điểm thi THPT,2025,18.78,Kế toán
59842,DTL,ke-toan,D01,Điểm thi THPT,2025,18.78,Kế toán
59843,DTL,ke-toan,D07,Điểm thi THPT,2025,18.78,Kế toán
59844,DTL,ke-toan,X01,Điểm thi THPT,2025,19.78,Kế toán
59845,DTL,ke-toan,X25,Điểm thi THPT,2025,19.78,Kế toán
59846,DTL,khoa-hoc-may-tinh,A00,Điểm thi THPT,2021,24.13,Khoa học máy tính
59847,DTL,khoa-hoc-may-tinh,A01,Điểm thi THPT,2021,24.13,Khoa học máy tính
59848,DTL,khoa-hoc-may-tinh,A00,Điểm thi THPT,2022,24.1,Khoa học máy tính
59849,DTL,khoa-hoc-may-tinh,A01,Điểm thi THPT,2022,24.1,Khoa học máy tính
59850,DTL,khoa-hoc-may-tinh,A00,Điểm thi THPT,2023,23.66,Khoa học máy tính
59851,DTL,khoa-hoc-may-tinh,A01,Điểm thi THPT,2023,23.66,Khoa học máy tính
59852,DTL,khoa-hoc-may-tinh,A00,Điểm thi THPT,2024,22.0,Khoa học máy tính
59853,DTL,khoa-hoc-may-tinh,A01,Điểm thi THPT,2024,22.0,Khoa học máy tính
59854,DTL,khoa-hoc-may-tinh,A00,Điểm thi THPT,2025,16.0,Khoa học máy tính
59855,DTL,khoa-hoc-may-tinh,A01,Điểm thi THPT,2025,15.0,Khoa học máy tính
59856,DTL,khoa-hoc-may-tinh,D01,Điểm thi THPT,2025,15.0,Khoa học máy tính
59857,DTL,khoa-hoc-may-tinh,D07,Điểm thi THPT,2025,15.0,Khoa học máy tính
59858,DTL,khoa-hoc-may-tinh,X06,Điểm thi THPT,2025,16.0,Khoa học máy tính
59859,DTL,khoa-hoc-may-tinh,X26,Điểm thi THPT,2025,16.0,Khoa học máy tính
59860,DTL,kinh-te-quoc-te,A00,Điểm thi THPT,2021,25.65,Kinh tế quốc tế
59861,DTL,kinh-te-quoc-te,A01,Điểm thi THPT,2021,25.65,Kinh tế quốc tế
59862,DTL,kinh-te-quoc-te,D01,Điểm thi THPT,2021,25.65,Kinh tế quốc tế
59863,DTL,kinh-te-quoc-te,D03,Điểm thi THPT,2021,25.65,Kinh tế quốc tế
59864,DTL,kinh-te-quoc-te,A00,Điểm thi THPT,2022,25.2,Kinh tế quốc tế
59865,DTL,kinh-te-quoc-te,A01,Điểm thi THPT,2022,25.2,Kinh tế quốc tế
59866,DTL,kinh-te-quoc-te,D01,Điểm thi THPT,2022,25.2,Kinh tế quốc tế
59867,DTL,kinh-te-quoc-te,D03,Điểm thi THPT,2022,25.2,Kinh tế quốc tế
59868,DTL,kinh-te-quoc-te,A00,Điểm thi THPT,2023,24.78,Kinh tế quốc tế
59869,DTL,kinh-te-quoc-te,A01,Điểm thi THPT,2023,24.78,Kinh tế quốc tế
59870,DTL,kinh-te-quoc-te,D01,Điểm thi THPT,2023,24.78,Kinh tế quốc tế
59871,DTL,kinh-te-quoc-te,D90,Điểm thi THPT,2023,24.78,Kinh tế quốc tế
59872,DTL,kinh-te-quoc-te,A00,Điểm thi THPT,2024,23.8,Kinh tế quốc tế
59873,DTL,kinh-te-quoc-te,A01,Điểm thi THPT,2024,23.8,Kinh tế quốc tế
59874,DTL,kinh-te-quoc-te,D01,Điểm thi THPT,2024,23.8,Kinh tế quốc tế
59875,DTL,kinh-te-quoc-te,D07,Điểm thi THPT,2024,23.8,Kinh tế quốc tế
59876,DTL,kinh-te-quoc-te,A00,Điểm thi THPT,2025,20.6,Kinh tế quốc tế
59877,DTL,kinh-te-quoc-te,A01,Điểm thi THPT,2025,19.6,Kinh tế quốc tế
59878,DTL,kinh-te-quoc-te,D01,Điểm thi THPT,2025,19.6,Kinh tế quốc tế
59879,DTL,kinh-te-quoc-te,D07,Điểm thi THPT,2025,19.6,Kinh tế quốc tế
59880,DTL,kinh-te-quoc-te,X01,Điểm thi THPT,2025,20.6,Kinh tế quốc tế
59881,DTL,kinh-te-quoc-te,X25,Điểm thi THPT,2025,20.6,Kinh tế quốc tế
59882,DTL,logistic-va-quan-ly-chuoi-cung-ung,A00,Điểm thi THPT,2024,24.49,Logistic và quản lý chuỗi cung ứng
59883,DTL,logistic-va-quan-ly-chuoi-cung-ung,A01,Điểm thi THPT,2024,24.49,Logistic và quản lý chuỗi cung ứng
59884,DTL,logistic-va-quan-ly-chuoi-cung-ung,D01,Điểm thi THPT,2024,24.49,Logistic và quản lý chuỗi cung ứng
59885,DTL,logistic-va-quan-ly-chuoi-cung-ung,D07,Điểm thi THPT,2024,24.49,Logistic và quản lý chuỗi cung ứng
59886,DTL,logistics-va-quan-ly-chuoi-cung-ung,A00,Điểm thi THPT,2021,25.65,Logistics và quản lý chuỗi cung ứng
59887,DTL,logistics-va-quan-ly-chuoi-cung-ung,A01,Điểm thi THPT,2021,25.65,Logistics và quản lý chuỗi cung ứng
59888,DTL,logistics-va-quan-ly-chuoi-cung-ung,D01,Điểm thi THPT,2021,25.65,Logistics và quản lý chuỗi cung ứng
59889,DTL,logistics-va-quan-ly-chuoi-cung-ung,D03,Điểm thi THPT,2021,25.65,Logistics và quản lý chuỗi cung ứng
59890,DTL,logistics-va-quan-ly-chuoi-cung-ung,A00,Điểm thi THPT,2022,25.25,Logistics và quản lý chuỗi cung ứng
59891,DTL,logistics-va-quan-ly-chuoi-cung-ung,A01,Điểm thi THPT,2022,25.25,Logistics và quản lý chuỗi cung ứng
59892,DTL,logistics-va-quan-ly-chuoi-cung-ung,D01,Điểm thi THPT,2022,25.25,Logistics và quản lý chuỗi cung ứng
59893,DTL,logistics-va-quan-ly-chuoi-cung-ung,D03,Điểm thi THPT,2022,25.25,Logistics và quản lý chuỗi cung ứng
59894,DTL,logistics-va-quan-ly-chuoi-cung-ung,A00,Điểm thi THPT,2023,24.77,Logistics và quản lý chuỗi cung ứng
59895,DTL,logistics-va-quan-ly-chuoi-cung-ung,A01,Điểm thi THPT,2023,24.77,Logistics và quản lý chuỗi cung ứng
59896,DTL,logistics-va-quan-ly-chuoi-cung-ung,D01,Điểm thi THPT,2023,24.77,Logistics và quản lý chuỗi cung ứng
59897,DTL,logistics-va-quan-ly-chuoi-cung-ung,D90,Điểm thi THPT,2023,24.77,Logistics và quản lý chuỗi cung ứng
59898,DTL,logistics-va-quan-ly-chuoi-cung-ung,A00,Điểm thi THPT,2025,21.4,Logistics và quản lý chuỗi cung ứng
59899,DTL,logistics-va-quan-ly-chuoi-cung-ung,A01,Điểm thi THPT,2025,20.4,Logistics và quản lý chuỗi cung ứng
59900,DTL,logistics-va-quan-ly-chuoi-cung-ung,D01,Điểm thi THPT,2025,20.4,Logistics và quản lý chuỗi cung ứng
59901,DTL,logistics-va-quan-ly-chuoi-cung-ung,D07,Điểm thi THPT,2025,20.4,Logistics và quản lý chuỗi cung ứng
59902,DTL,logistics-va-quan-ly-chuoi-cung-ung,X01,Điểm thi THPT,2025,21.4,Logistics và quản lý chuỗi cung ứng
59903,DTL,logistics-va-quan-ly-chuoi-cung-ung,X25,Điểm thi THPT,2025,21.4,Logistics và quản lý chuỗi cung ứng
59904,DTL,luat-kinh-te,A00,Điểm thi THPT,2021,25.25,Luật kinh tế
59905,DTL,luat-kinh-te,C00,Điểm thi THPT,2021,25.25,Luật kinh tế
59906,DTL,luat-kinh-te,D01,Điểm thi THPT,2021,25.25,Luật kinh tế
59907,DTL,luat-kinh-te,D03,Điểm thi THPT,2021,25.25,Luật kinh tế
59908,DTL,luat-kinh-te,A00,Điểm thi THPT,2022,26.1,Luật kinh tế
59909,DTL,luat-kinh-te,C00,Điểm thi THPT,2022,26.1,Luật kinh tế
59910,DTL,luat-kinh-te,D01,Điểm thi THPT,2022,26.1,Luật kinh tế
59911,DTL,luat-kinh-te,D03,Điểm thi THPT,2022,26.1,Luật kinh tế
59912,DTL,luat-kinh-te,A00,Điểm thi THPT,2023,23.96,Luật kinh tế
59913,DTL,luat-kinh-te,A01,Điểm thi THPT,2023,23.96,Luật kinh tế
59914,DTL,luat-kinh-te,C00,Điểm thi THPT,2023,23.96,Luật kinh tế
59915,DTL,luat-kinh-te,D01,Điểm thi THPT,2023,23.96,Luật kinh tế
59916,DTL,luat-kinh-te,A00,Điểm thi THPT,2024,25.8,Luật kinh tế
59917,DTL,luat-kinh-te,A01,Điểm thi THPT,2024,25.8,Luật kinh tế
59918,DTL,luat-kinh-te,C00,Điểm thi THPT,2024,25.8,Luật kinh tế
59919,DTL,luat-kinh-te,D01,Điểm thi THPT,2024,25.8,Luật kinh tế
59920,DTL,luat-kinh-te,C00,Điểm thi THPT,2025,24.3,Luật kinh tế
59921,DTL,luat-kinh-te,D01,Điểm thi THPT,2025,22.3,Luật kinh tế
59922,DTL,luat-kinh-te,X01,Điểm thi THPT,2025,23.3,Luật kinh tế
59923,DTL,luat-kinh-te,X70,Điểm thi THPT,2025,24.3,Luật kinh tế
59924,DTL,luat-kinh-te,X74,Điểm thi THPT,2025,24.3,Luật kinh tế
59925,DTL,luat-kinh-te,X78,Điểm thi THPT,2025,23.3,Luật kinh tế
59926,DTL,mang-may-tinh-va-truyen-thong-du-lieu,A00,Điểm thi THPT,2021,23.78,Mạng máy tính và truyền thông dữ liệu
59927,DTL,mang-may-tinh-va-truyen-thong-du-lieu,A01,Điểm thi THPT,2021,23.78,Mạng máy tính và truyền thông dữ liệu
59928,DTL,mang-may-tinh-va-truyen-thong-du-lieu,A00,Điểm thi THPT,2022,24.0,Mạng máy tính và truyền thông dữ liệu
59929,DTL,mang-may-tinh-va-truyen-thong-du-lieu,A01,Điểm thi THPT,2022,24.0,Mạng máy tính và truyền thông dữ liệu
59930,DTL,mang-may-tinh-va-truyen-thong-du-lieu,A00,Điểm thi THPT,2023,23.46,Mạng máy tính và truyền thông dữ liệu
59931,DTL,mang-may-tinh-va-truyen-thong-du-lieu,A01,Điểm thi THPT,2023,23.46,Mạng máy tính và truyền thông dữ liệu
59932,DTL,mang-may-tinh-va-truyen-thong-du-lieu,A00,Điểm thi THPT,2025,16.0,Mạng máy tính và truyền thông dữ liệu
59933,DTL,mang-may-tinh-va-truyen-thong-du-lieu,A01,Điểm thi THPT,2025,15.0,Mạng máy tính và truyền thông dữ liệu
59934,DTL,mang-may-tinh-va-truyen-thong-du-lieu,D01,Điểm thi THPT,2025,15.0,Mạng máy tính và truyền thông dữ liệu
59935,DTL,mang-may-tinh-va-truyen-thong-du-lieu,D07,Điểm thi THPT,2025,15.0,Mạng máy tính và truyền thông dữ liệu
59936,DTL,mang-may-tinh-va-truyen-thong-du-lieu,X06,Điểm thi THPT,2025,16.0,Mạng máy tính và truyền thông dữ liệu
59937,DTL,mang-may-tinh-va-truyen-thong-du-lieu,X26,Điểm thi THPT,2025,16.0,Mạng máy tính và truyền thông dữ liệu
59938,DTL,marketing,A00,Điểm thi THPT,2021,26.15,Marketing
59939,DTL,marketing,A01,Điểm thi THPT,2021,26.15,Marketing
59940,DTL,marketing,D01,Điểm thi THPT,2021,26.15,Marketing
59941,DTL,marketing,D03,Điểm thi THPT,2021,26.15,Marketing
59942,DTL,marketing,A00,Điểm thi THPT,2022,25.75,Marketing
59943,DTL,marketing,A01,Điểm thi THPT,2022,25.75,Marketing
59944,DTL,marketing,D01,Điểm thi THPT,2022,25.75,Marketing
59945,DTL,marketing,D03,Điểm thi THPT,2022,25.75,Marketing
59946,DTL,marketing,A00,Điểm thi THPT,2023,25.41,Marketing
59947,DTL,marketing,A01,Điểm thi THPT,2023,25.41,Marketing
59948,DTL,marketing,D01,Điểm thi THPT,2023,25.41,Marketing
59949,DTL,marketing,D90,Điểm thi THPT,2023,25.41,Marketing
59950,DTL,marketing,A00,Điểm thi THPT,2024,24.97,Marketing
59951,DTL,marketing,A01,Điểm thi THPT,2024,24.97,Marketing
59952,DTL,marketing,D01,Điểm thi THPT,2024,24.97,Marketing
59953,DTL,marketing,D07,Điểm thi THPT,2024,24.97,Marketing
59954,DTL,marketing,A00,Điểm thi THPT,2025,22.2,Marketing
59955,DTL,marketing,X01,Điểm thi THPT,2025,22.2,Marketing
59956,DTL,marketing,X25,Điểm thi THPT,2025,22.2,Marketing
59957,DTL,ngon-ngu-anh,D01,Điểm thi THPT,2021,25.68,Ngôn ngữ Anh
59958,DTL,ngon-ngu-anh,D01,Điểm thi THPT,2022,24.05,Ngôn ngữ Anh
59959,DTL,ngon-ngu-anh,D01,Điểm thi THPT,2023,24.5,Ngôn ngữ Anh
59960,DTL,ngon-ngu-anh,D78,Điểm thi THPT,2023,24.5,Ngôn ngữ Anh
59961,DTL,ngon-ngu-anh,D96,Điểm thi THPT,2023,24.5,Ngôn ngữ Anh
59962,DTL,ngon-ngu-anh,D01,Điểm thi THPT,2024,24.58,Ngôn ngữ Anh
59963,DTL,ngon-ngu-anh,D78,Điểm thi THPT,2024,24.58,Ngôn ngữ Anh
59964,DTL,ngon-ngu-anh,D90,Điểm thi THPT,2024,24.58,Ngôn ngữ Anh
59965,DTL,ngon-ngu-anh,D01,Điểm thi THPT,2025,19.7,Ngôn ngữ Anh
59966,DTL,ngon-ngu-anh,D14,Điểm thi THPT,2025,20.7,Ngôn ngữ Anh
59967,DTL,ngon-ngu-anh,D15,Điểm thi THPT,2025,20.7,Ngôn ngữ Anh
59968,DTL,ngon-ngu-han-quoc,D01,Điểm thi THPT,2021,25.6,Ngôn ngữ Hàn Quốc
59969,DTL,ngon-ngu-han-quoc,D01,Điểm thi THPT,2022,24.6,Ngôn ngữ Hàn Quốc
59970,DTL,ngon-ngu-han-quoc,D01,Điểm thi THPT,2023,24.91,Ngôn ngữ Hàn Quốc
59971,DTL,ngon-ngu-han-quoc,D78,Điểm thi THPT,2023,24.91,Ngôn ngữ Hàn Quốc
59972,DTL,ngon-ngu-han-quoc,D96,Điểm thi THPT,2023,24.91,Ngôn ngữ Hàn Quốc
59973,DTL,ngon-ngu-han-quoc,D01,Điểm thi THPT,2024,24.75,Ngôn ngữ Hàn Quốc
59974,DTL,ngon-ngu-han-quoc,D78,Điểm thi THPT,2024,24.75,Ngôn ngữ Hàn Quốc
59975,DTL,ngon-ngu-han-quoc,D90,Điểm thi THPT,2024,24.75,Ngôn ngữ Hàn Quốc
59976,DTL,ngon-ngu-han-quoc,D01,Điểm thi THPT,2025,19.3,Ngôn ngữ Hàn Quốc
59977,DTL,ngon-ngu-han-quoc,D14,Điểm thi THPT,2025,19.3,Ngôn ngữ Hàn Quốc
59978,DTL,ngon-ngu-han-quoc,D15,Điểm thi THPT,2025,19.3,Ngôn ngữ Hàn Quốc
59979,DTL,ngon-ngu-nhat,D01,Điểm thi THPT,2021,25.0,Ngôn ngữ Nhật
59980,DTL,ngon-ngu-nhat,D06,Điểm thi THPT,2021,25.0,Ngôn ngữ Nhật
59981,DTL,ngon-ngu-nhat,D01,Điểm thi THPT,2022,23.5,Ngôn ngữ Nhật
59982,DTL,ngon-ngu-nhat,D06,Điểm thi THPT,2022,23.5,Ngôn ngữ Nhật
59983,DTL,ngon-ngu-nhat,D01,Điểm thi THPT,2023,23.63,Ngôn ngữ Nhật
59984,DTL,ngon-ngu-nhat,D06,Điểm thi THPT,2023,23.63,Ngôn ngữ Nhật
59985,DTL,ngon-ngu-nhat,D78,Điểm thi THPT,2023,23.63,Ngôn ngữ Nhật
59986,DTL,ngon-ngu-nhat,D96,Điểm thi THPT,2023,23.63,Ngôn ngữ Nhật
59987,DTL,ngon-ngu-nhat,D01,Điểm thi THPT,2024,23.02,Ngôn ngữ Nhật
59988,DTL,ngon-ngu-nhat,D06,Điểm thi THPT,2024,23.02,Ngôn ngữ Nhật
59989,DTL,ngon-ngu-nhat,D78,Điểm thi THPT,2024,23.02,Ngôn ngữ Nhật
59990,DTL,ngon-ngu-nhat,D90,Điểm thi THPT,2024,23.02,Ngôn ngữ Nhật
59991,DTL,ngon-ngu-nhat,D01,Điểm thi THPT,2025,16.0,Ngôn ngữ Nhật
59992,DTL,ngon-ngu-nhat,D06,Điểm thi THPT,2025,16.0,Ngôn ngữ Nhật
59993,DTL,ngon-ngu-nhat,D14,Điểm thi THPT,2025,17.0,Ngôn ngữ Nhật
59994,DTL,ngon-ngu-nhat,D15,Điểm thi THPT,2025,17.0,Ngôn ngữ Nhật
59995,DTL,ngon-ngu-trung-quoc,D01,Điểm thi THPT,2021,26.0,Ngôn ngữ Trung Quốc
59996,DTL,ngon-ngu-trung-quoc,D04,Điểm thi THPT,2021,26.0,Ngôn ngữ Trung Quốc
59997,DTL,ngon-ngu-trung-quoc,D01,Điểm thi THPT,2022,24.93,Ngôn ngữ Trung Quốc
59998,DTL,ngon-ngu-trung-quoc,D04,Điểm thi THPT,2022,24.93,Ngôn ngữ Trung Quốc
59999,DTL,ngon-ngu-trung-quoc,D01,Điểm thi THPT,2023,25.18,Ngôn ngữ Trung Quốc
60000,DTL,ngon-ngu-trung-quoc,D04,Điểm thi THPT,2023,25.18,Ngôn ngữ Trung Quốc
60001,DTL,ngon-ngu-trung-quoc,D78,Điểm thi THPT,2023,25.18,Ngôn ngữ Trung Quốc
60002,DTL,ngon-ngu-trung-quoc,D96,Điểm thi THPT,2023,25.18,Ngôn ngữ Trung Quốc
60003,DTL,ngon-ngu-trung-quoc,D01,Điểm thi THPT,2024,25.4,Ngôn ngữ Trung Quốc
60004,DTL,ngon-ngu-trung-quoc,D04,Điểm thi THPT,2024,25.4,Ngôn ngữ Trung Quốc
60005,DTL,ngon-ngu-trung-quoc,D78,Điểm thi THPT,2024,25.4,Ngôn ngữ Trung Quốc
60006,DTL,ngon-ngu-trung-quoc,D90,Điểm thi THPT,2024,25.4,Ngôn ngữ Trung Quốc
60007,DTL,ngon-ngu-trung-quoc,D01,Điểm thi THPT,2025,21.2,Ngôn ngữ Trung Quốc
60008,DTL,ngon-ngu-trung-quoc,D04,Điểm thi THPT,2025,21.2,Ngôn ngữ Trung Quốc
60009,DTL,ngon-ngu-trung-quoc,D14,Điểm thi THPT,2025,22.2,Ngôn ngữ Trung Quốc
60010,DTL,ngon-ngu-trung-quoc,D15,Điểm thi THPT,2025,22.2,Ngôn ngữ Trung Quốc
60011,DTL,quan-tri-dich-vu-du-lich-lu-hanh,A00,Điểm thi THPT,2021,24.45,Quản trị dịch vụ du lịch - Lữ hành
60012,DTL,quan-tri-dich-vu-du-lich-lu-hanh,A01,Điểm thi THPT,2021,24.45,Quản trị dịch vụ du lịch - Lữ hành
60013,DTL,quan-tri-dich-vu-du-lich-lu-hanh,D01,Điểm thi THPT,2021,24.45,Quản trị dịch vụ du lịch - Lữ hành
60014,DTL,quan-tri-dich-vu-du-lich-lu-hanh,D03,Điểm thi THPT,2021,24.45,Quản trị dịch vụ du lịch - Lữ hành
60015,DTL,quan-tri-dich-vu-du-lich-lu-hanh,D04,Điểm thi THPT,2021,24.45,Quản trị dịch vụ du lịch - Lữ hành
60016,DTL,quan-tri-dich-vu-du-lich-lu-hanh,A00,Điểm thi THPT,2022,23.75,Quản trị dịch vụ du lịch - lữ hành
60017,DTL,quan-tri-dich-vu-du-lich-lu-hanh,A01,Điểm thi THPT,2022,23.75,Quản trị dịch vụ du lịch - lữ hành
60018,DTL,quan-tri-dich-vu-du-lich-lu-hanh,D01,Điểm thi THPT,2022,23.75,Quản trị dịch vụ du lịch - lữ hành
60019,DTL,quan-tri-dich-vu-du-lich-lu-hanh,D03,Điểm thi THPT,2022,23.75,Quản trị dịch vụ du lịch - lữ hành
60020,DTL,quan-tri-dich-vu-du-lich-lu-hanh,D04,Điểm thi THPT,2022,23.75,Quản trị dịch vụ du lịch - lữ hành
60021,DTL,quan-tri-dich-vu-du-lich-va-lu-hang,A00,Điểm thi THPT,2024,23.33,Quản trị dịch vụ du lịch và lữ hàng
60022,DTL,quan-tri-dich-vu-du-lich-va-lu-hang,A01,Điểm thi THPT,2024,23.33,Quản trị dịch vụ du lịch và lữ hàng
60023,DTL,quan-tri-dich-vu-du-lich-va-lu-hang,D01,Điểm thi THPT,2024,23.33,Quản trị dịch vụ du lịch và lữ hàng
60024,DTL,quan-tri-dich-vu-du-lich-va-lu-hang,D07,Điểm thi THPT,2024,23.33,Quản trị dịch vụ du lịch và lữ hàng
60025,DTL,quan-tri-dich-vu-du-lich-va-lu-hanh,A00,Điểm thi THPT,2023,23.84,Quản trị dịch vụ du lịch và lữ hành
60026,DTL,quan-tri-dich-vu-du-lich-va-lu-hanh,A01,Điểm thi THPT,2023,23.84,Quản trị dịch vụ du lịch và lữ hành
60027,DTL,quan-tri-dich-vu-du-lich-va-lu-hanh,C00,Điểm thi THPT,2023,23.84,Quản trị dịch vụ du lịch và lữ hành
60028,DTL,quan-tri-dich-vu-du-lich-va-lu-hanh,D01,Điểm thi THPT,2023,23.84,Quản trị dịch vụ du lịch và lữ hành
60029,DTL,quan-tri-dich-vu-du-lich-va-lu-hanh,A00,Điểm thi THPT,2025,20.15,Quản trị dịch vụ du lịch và lữ hành
60030,DTL,quan-tri-dich-vu-du-lich-va-lu-hanh,A01,Điểm thi THPT,2025,19.15,Quản trị dịch vụ du lịch và lữ hành
60031,DTL,quan-tri-dich-vu-du-lich-va-lu-hanh,A07,Điểm thi THPT,2025,20.15,Quản trị dịch vụ du lịch và lữ hành
60032,DTL,quan-tri-dich-vu-du-lich-va-lu-hanh,D01,Điểm thi THPT,2025,19.15,Quản trị dịch vụ du lịch và lữ hành
60033,DTL,quan-tri-dich-vu-du-lich-va-lu-hanh,D09,Điểm thi THPT,2025,19.15,Quản trị dịch vụ du lịch và lữ hành
60034,DTL,quan-tri-dich-vu-du-lich-va-lu-hanh,D10,Điểm thi THPT,2025,19.15,Quản trị dịch vụ du lịch và lữ hành
60035,DTL,quan-tri-khach-san,A00,Điểm thi THPT,2022,23.5,Quản trị khách sạn
60036,DTL,quan-tri-khach-san,A01,Điểm thi THPT,2022,23.5,Quản trị khách sạn
60037,DTL,quan-tri-khach-san,D01,Điểm thi THPT,2022,23.5,Quản trị khách sạn
60038,DTL,quan-tri-khach-san,D03,Điểm thi THPT,2022,23.5,Quản trị khách sạn
60039,DTL,quan-tri-khach-san,D04,Điểm thi THPT,2022,23.5,Quản trị khách sạn
60040,DTL,quan-tri-khach-san,A00,Điểm thi THPT,2023,24.1,Quản trị khách sạn
60041,DTL,quan-tri-khach-san,A01,Điểm thi THPT,2023,24.1,Quản trị khách sạn
60042,DTL,quan-tri-khach-san,C00,Điểm thi THPT,2023,24.1,Quản trị khách sạn
60043,DTL,quan-tri-khach-san,D01,Điểm thi THPT,2023,24.1,Quản trị khách sạn
60044,DTL,quan-tri-khach-san,A00,Điểm thi THPT,2024,22.85,Quản trị khách sạn
60045,DTL,quan-tri-khach-san,A01,Điểm thi THPT,2024,22.85,Quản trị khách sạn
60046,DTL,quan-tri-khach-san,D01,Điểm thi THPT,2024,22.85,Quản trị khách sạn
60047,DTL,quan-tri-khach-san,D07,Điểm thi THPT,2024,22.85,Quản trị khách sạn
60048,DTL,quan-tri-khach-san,A00,Điểm thi THPT,2025,20.15,Quản trị khách sạn
60049,DTL,quan-tri-khach-san,A01,Điểm thi THPT,2025,19.15,Quản trị khách sạn
60050,DTL,quan-tri-khach-san,A07,Điểm thi THPT,2025,20.15,Quản trị khách sạn
60051,DTL,quan-tri-khach-san,D01,Điểm thi THPT,2025,19.15,Quản trị khách sạn
60052,DTL,quan-tri-khach-san,D09,Điểm thi THPT,2025,19.15,Quản trị khách sạn
60053,DTL,quan-tri-khach-san,D10,Điểm thi THPT,2025,19.15,Quản trị khách sạn
60054,DTL,quan-tri-kinh-doanh,A00,Điểm thi THPT,2021,25.35,Quản trị kinh doanh
60055,DTL,quan-tri-kinh-doanh,A01,Điểm thi THPT,2021,25.35,Quản trị kinh doanh
60056,DTL,quan-tri-kinh-doanh,D01,Điểm thi THPT,2021,25.35,Quản trị kinh doanh
60057,DTL,quan-tri-kinh-doanh,D03,Điểm thi THPT,2021,25.35,Quản trị kinh doanh
60058,DTL,quan-tri-kinh-doanh,A00,Điểm thi THPT,2022,24.85,Quản trị kinh doanh
60059,DTL,quan-tri-kinh-doanh,A01,Điểm thi THPT,2022,24.85,Quản trị kinh doanh
60060,DTL,quan-tri-kinh-doanh,D01,Điểm thi THPT,2022,24.85,Quản trị kinh doanh
60061,DTL,quan-tri-kinh-doanh,D03,Điểm thi THPT,2022,24.85,Quản trị kinh doanh
60062,DTL,quan-tri-kinh-doanh,A00,Điểm thi THPT,2023,24.54,Quản trị kinh doanh
60063,DTL,quan-tri-kinh-doanh,A01,Điểm thi THPT,2023,24.54,Quản trị kinh doanh
60064,DTL,quan-tri-kinh-doanh,D01,Điểm thi THPT,2023,24.54,Quản trị kinh doanh
60065,DTL,quan-tri-kinh-doanh,D90,Điểm thi THPT,2023,24.54,Quản trị kinh doanh
60066,DTL,quan-tri-kinh-doanh,A00,Điểm thi THPT,2024,23.61,Quản trị kinh doanh
60067,DTL,quan-tri-kinh-doanh,A01,Điểm thi THPT,2024,23.61,Quản trị kinh doanh
60068,DTL,quan-tri-kinh-doanh,D01,Điểm thi THPT,2024,23.61,Quản trị kinh doanh
60069,DTL,quan-tri-kinh-doanh,D07,Điểm thi THPT,2024,23.61,Quản trị kinh doanh
60070,DTL,quan-tri-kinh-doanh,A00,Điểm thi THPT,2025,20.2,Quản trị kinh doanh
60071,DTL,quan-tri-kinh-doanh,A01,Điểm thi THPT,2025,19.2,Quản trị kinh doanh
60072,DTL,quan-tri-kinh-doanh,D01,Điểm thi THPT,2025,19.2,Quản trị kinh doanh
60073,DTL,quan-tri-kinh-doanh,D07,Điểm thi THPT,2025,19.2,Quản trị kinh doanh
60074,DTL,quan-tri-kinh-doanh,X01,Điểm thi THPT,2025,20.2,Quản trị kinh doanh
60075,DTL,quan-tri-kinh-doanh,X25,Điểm thi THPT,2025,20.2,Quản trị kinh doanh
60076,DTL,tai-chinh-ngan-hang,A00,Điểm thi THPT,2021,25.1,Tài chính - Ngân hàng
60077,DTL,tai-chinh-ngan-hang,A01,Điểm thi THPT,2021,25.1,Tài chính - Ngân hàng
60078,DTL,tai-chinh-ngan-hang,D01,Điểm thi THPT,2021,25.1,Tài chính - Ngân hàng
60079,DTL,tai-chinh-ngan-hang,D03,Điểm thi THPT,2021,25.1,Tài chính - Ngân hàng
60080,DTL,tai-chinh-ngan-hang,A00,Điểm thi THPT,2022,24.6,Tài chính - Ngân hàng
60081,DTL,tai-chinh-ngan-hang,A01,Điểm thi THPT,2022,24.6,Tài chính - Ngân hàng
60082,DTL,tai-chinh-ngan-hang,D01,Điểm thi THPT,2022,24.6,Tài chính - Ngân hàng
60083,DTL,tai-chinh-ngan-hang,D03,Điểm thi THPT,2022,24.6,Tài chính - Ngân hàng
60084,DTL,tai-chinh-ngan-hang,A00,Điểm thi THPT,2023,24.49,Tài chính - Ngân hàng
60085,DTL,tai-chinh-ngan-hang,A01,Điểm thi THPT,2023,24.49,Tài chính - Ngân hàng
60086,DTL,tai-chinh-ngan-hang,D01,Điểm thi THPT,2023,24.49,Tài chính - Ngân hàng
60087,DTL,tai-chinh-ngan-hang,D90,Điểm thi THPT,2023,24.49,Tài chính - Ngân hàng
60088,DTL,tai-chinh-ngan-hang,A00,Điểm thi THPT,2024,24.31,Tài chính ngân hàng
60089,DTL,tai-chinh-ngan-hang,A01,Điểm thi THPT,2024,24.31,Tài chính ngân hàng
60090,DTL,tai-chinh-ngan-hang,D01,Điểm thi THPT,2024,24.31,Tài chính ngân hàng
60091,DTL,tai-chinh-ngan-hang,D07,Điểm thi THPT,2024,24.31,Tài chính ngân hàng
60092,DTL,tai-chinh-ngan-hang,A00,Điểm thi THPT,2025,19.5,Tài chính – Ngân hàng
60093,DTL,tai-chinh-ngan-hang,A01,Điểm thi THPT,2025,18.5,Tài chính – Ngân hàng
60094,DTL,tai-chinh-ngan-hang,D01,Điểm thi THPT,2025,18.5,Tài chính – Ngân hàng
60095,DTL,tai-chinh-ngan-hang,D07,Điểm thi THPT,2025,18.5,Tài chính – Ngân hàng
60096,DTL,tai-chinh-ngan-hang,X01,Điểm thi THPT,2025,19.5,Tài chính – Ngân hàng
60097,DTL,tai-chinh-ngan-hang,X25,Điểm thi THPT,2025,19.5,Tài chính – Ngân hàng
60098,DTL,thiet-ke-do-hoa,H00,Điểm thi THPT,2023,18.0,Thiết kế đồ họa
60099,DTL,thiet-ke-do-hoa,H01,Điểm thi THPT,2023,18.0,Thiết kế đồ họa
60100,DTL,thiet-ke-do-hoa,H04,Điểm thi THPT,2023,18.0,Thiết kế đồ họa
60101,DTL,thiet-ke-do-hoa,V00,Điểm thi THPT,2023,18.0,Thiết kế đồ họa
60102,DTL,thiet-ke-do-hoa,H00,Điểm thi THPT,2024,21.0,Thiết kế đồ họa
60103,DTL,thiet-ke-do-hoa,H01,Điểm thi THPT,2024,21.0,Thiết kế đồ họa
60104,DTL,thiet-ke-do-hoa,H04,Điểm thi THPT,2024,21.0,Thiết kế đồ họa
60105,DTL,thiet-ke-do-hoa,V00,Điểm thi THPT,2024,21.0,Thiết kế đồ họa
60106,DTL,thuong-mai-dien-tu,A00,Điểm thi THPT,2023,24.97,Thương mại điện tử
60107,DTL,thuong-mai-dien-tu,A01,Điểm thi THPT,2023,24.97,Thương mại điện tử
60108,DTL,thuong-mai-dien-tu,D01,Điểm thi THPT,2023,24.97,Thương mại điện tử
60109,DTL,thuong-mai-dien-tu,D90,Điểm thi THPT,2023,24.97,Thương mại điện tử
60110,DTL,thuong-mai-dien-tu,A00,Điểm thi THPT,2024,25.0,Thương mại điện tử
60111,DTL,thuong-mai-dien-tu,A01,Điểm thi THPT,2024,25.0,Thương mại điện tử
60112,DTL,thuong-mai-dien-tu,D01,Điểm thi THPT,2024,25.0,Thương mại điện tử
60113,DTL,thuong-mai-dien-tu,D07,Điểm thi THPT,2024,25.0,Thương mại điện tử
60114,DTL,thuong-mai-dien-tu,A00,Điểm thi THPT,2025,22.5,Thương mại điện tử
60115,DTL,thuong-mai-dien-tu,A01,Điểm thi THPT,2025,21.5,Thương mại điện tử
60116,DTL,thuong-mai-dien-tu,D01,Điểm thi THPT,2025,21.5,Thương mại điện tử
60117,DTL,thuong-mai-dien-tu,D07,Điểm thi THPT,2025,21.5,Thương mại điện tử
60118,DTL,thuong-mai-dien-tu,X01,Điểm thi THPT,2025,22.5,Thương mại điện tử
60119,DTL,thuong-mai-dien-tu,X25,Điểm thi THPT,2025,22.5,Thương mại điện tử
60120,DTL,tri-tue-nhan-tao,A00,Điểm thi THPT,2021,23.36,Trí tuệ nhân tạo
60121,DTL,tri-tue-nhan-tao,A01,Điểm thi THPT,2021,23.36,Trí tuệ nhân tạo
60122,DTL,tri-tue-nhan-tao,A00,Điểm thi THPT,2022,24.0,Trí tuệ nhân tạo
60123,DTL,tri-tue-nhan-tao,A01,Điểm thi THPT,2022,24.0,Trí tuệ nhân tạo
60124,DTL,tri-tue-nhan-tao,A00,Điểm thi THPT,2023,22.93,Trí tuệ nhân tạo
60125,DTL,tri-tue-nhan-tao,A01,Điểm thi THPT,2023,22.93,Trí tuệ nhân tạo
60126,DTL,tri-tue-nhan-tao,A00,Điểm thi THPT,2024,22.0,Trí tuệ nhân tạo
60127,DTL,tri-tue-nhan-tao,A01,Điểm thi THPT,2024,22.0,Trí tuệ nhân tạo
60128,DTL,tri-tue-nhan-tao,A00,Điểm thi THPT,2025,17.0,Trí tuệ nhân tạo
60129,DTL,tri-tue-nhan-tao,A01,Điểm thi THPT,2025,16.0,Trí tuệ nhân tạo
60130,DTL,tri-tue-nhan-tao,D01,Điểm thi THPT,2025,16.0,Trí tuệ nhân tạo
60131,DTL,tri-tue-nhan-tao,D07,Điểm thi THPT,2025,16.0,Trí tuệ nhân tạo
60132,DTL,tri-tue-nhan-tao,X06,Điểm thi THPT,2025,17.0,Trí tuệ nhân tạo
60133,DTL,tri-tue-nhan-tao,X26,Điểm thi THPT,2025,17.0,Trí tuệ nhân tạo
60134,DTL,truyen-thong-da-phuong-tien,A00,Điểm thi THPT,2021,26.0,Truyền thông đa phương tiện
60135,DTL,truyen-thong-da-phuong-tien,A01,Điểm thi THPT,2021,26.0,Truyền thông đa phương tiện
60136,DTL,truyen-thong-da-phuong-tien,C00,Điểm thi THPT,2021,26.0,Truyền thông đa phương tiện
60137,DTL,truyen-thong-da-phuong-tien,D01,Điểm thi THPT,2021,26.0,Truyền thông đa phương tiện
60138,DTL,truyen-thong-da-phuong-tien,D03,Điểm thi THPT,2021,26.0,Truyền thông đa phương tiện
60139,DTL,truyen-thong-da-phuong-tien,D04,Điểm thi THPT,2021,26.0,Truyền thông đa phương tiện
60140,DTL,truyen-thong-da-phuong-tien,A00,Điểm thi THPT,2022,26.8,Truyền thông đa phương tiện
60141,DTL,truyen-thong-da-phuong-tien,A01,Điểm thi THPT,2022,26.8,Truyền thông đa phương tiện
60142,DTL,truyen-thong-da-phuong-tien,C00,Điểm thi THPT,2022,26.8,Truyền thông đa phương tiện
60143,DTL,truyen-thong-da-phuong-tien,D01,Điểm thi THPT,2022,26.8,Truyền thông đa phương tiện
60144,DTL,truyen-thong-da-phuong-tien,D03,Điểm thi THPT,2022,26.8,Truyền thông đa phương tiện
60145,DTL,truyen-thong-da-phuong-tien,D04,Điểm thi THPT,2022,26.8,Truyền thông đa phương tiện
60146,DTL,truyen-thong-da-phuong-tien,A00,Điểm thi THPT,2023,25.89,Truyền thông đa phương tiện
60147,DTL,truyen-thong-da-phuong-tien,A01,Điểm thi THPT,2023,25.89,Truyền thông đa phương tiện
60148,DTL,truyen-thong-da-phuong-tien,C00,Điểm thi THPT,2023,25.89,Truyền thông đa phương tiện
60149,DTL,truyen-thong-da-phuong-tien,D01,Điểm thi THPT,2023,25.89,Truyền thông đa phương tiện
60150,DTL,truyen-thong-da-phuong-tien,A00,Điểm thi THPT,2024,26.52,Truyền thông đa phương tiện
60151,DTL,truyen-thong-da-phuong-tien,A01,Điểm thi THPT,2024,26.52,Truyền thông đa phương tiện
60152,DTL,truyen-thong-da-phuong-tien,C00,Điểm thi THPT,2024,26.52,Truyền thông đa phương tiện
60153,DTL,truyen-thong-da-phuong-tien,D01,Điểm thi THPT,2024,26.52,Truyền thông đa phương tiện
60154,DTL,truyen-thong-da-phuong-tien,C00,Điểm thi THPT,2025,25.75,Truyền thông đa phương tiện
60155,DTL,truyen-thong-da-phuong-tien,C03,Điểm thi THPT,2025,24.75,Truyền thông đa phương tiện
60156,DTL,truyen-thong-da-phuong-tien,C04,Điểm thi THPT,2025,24.75,Truyền thông đa phương tiện
60157,DTL,truyen-thong-da-phuong-tien,D01,Điểm thi THPT,2025,23.75,Truyền thông đa phương tiện
60158,DTL,truyen-thong-da-phuong-tien,D14,Điểm thi THPT,2025,24.75,Truyền thông đa phương tiện
60159,DTL,truyen-thong-da-phuong-tien,D15,Điểm thi THPT,2025,24.75,Truyền thông đa phương tiện
60160,DTL,viet-nam-hoc,C00,Điểm thi THPT,2021,23.5,Việt Nam học
60161,DTL,viet-nam-hoc,D01,Điểm thi THPT,2021,23.5,Việt Nam học
60162,DTL,viet-nam-hoc,D03,Điểm thi THPT,2021,23.5,Việt Nam học
60163,DTL,viet-nam-hoc,D04,Điểm thi THPT,2021,23.5,Việt Nam học
60164,DTL,viet-nam-hoc,C00,Điểm thi THPT,2022,23.5,Việt Nam học
60165,DTL,viet-nam-hoc,D01,Điểm thi THPT,2022,23.5,Việt Nam học
60166,DTL,viet-nam-hoc,D03,Điểm thi THPT,2022,23.5,Việt Nam học
60167,DTL,viet-nam-hoc,D04,Điểm thi THPT,2022,23.5,Việt Nam học
60168,DTL,viet-nam-hoc,C00,Điểm thi THPT,2023,22.5,Việt Nam Học
60169,DTL,viet-nam-hoc,D01,Điểm thi THPT,2023,22.5,Việt Nam Học
60170,DTL,viet-nam-hoc,D14,Điểm thi THPT,2023,22.5,Việt Nam Học
60171,DTL,viet-nam-hoc,D15,Điểm thi THPT,2023,22.5,Việt Nam Học
60172,DTL,viet-nam-hoc,C00,Điểm thi THPT,2024,23.75,Việt Nam học
60173,DTL,viet-nam-hoc,D01,Điểm thi THPT,2024,23.75,Việt Nam học
60174,DTL,viet-nam-hoc,D14,Điểm thi THPT,2024,23.75,Việt Nam học
60175,DTL,viet-nam-hoc,D15,Điểm thi THPT,2024,23.75,Việt Nam học
60176,DTL,viet-nam-hoc,C00,Điểm thi THPT,2025,23.88,Việt Nam học
60177,DTL,viet-nam-hoc,C03,Điểm thi THPT,2025,22.88,Việt Nam học
60178,DTL,viet-nam-hoc,C04,Điểm thi THPT,2025,22.88,Việt Nam học
60179,DTL,viet-nam-hoc,D01,Điểm thi THPT,2025,21.88,Việt Nam học
60180,DTL,viet-nam-hoc,D14,Điểm thi THPT,2025,22.88,Việt Nam học
60181,DTL,viet-nam-hoc,D15,Điểm thi THPT,2025,22.88,Việt Nam học
60182,DTM,bat-dong-san,A00,Điểm thi THPT,2022,24.0,Bất động sản
60183,DTM,bat-dong-san,A01,Điểm thi THPT,2022,24.0,Bất động sản
60184,DTM,bat-dong-san,B00,Điểm thi THPT,2022,24.0,Bất động sản
60185,DTM,bat-dong-san,D01,Điểm thi THPT,2022,24.0,Bất động sản
60186,DTM,bat-dong-san,A00,Điểm thi THPT,2023,16.0,Bất động sản
60187,DTM,bat-dong-san,A01,Điểm thi THPT,2023,16.0,Bất động sản
60188,DTM,bat-dong-san,B00,Điểm thi THPT,2023,16.0,Bất động sản
60189,DTM,bat-dong-san,D01,Điểm thi THPT,2023,16.0,Bất động sản
60190,DTM,bat-dong-san,A00,Điểm học bạ,2024,19.0,Bất động sản
60191,DTM,bat-dong-san,A01,Điểm học bạ,2024,19.0,Bất động sản
60192,DTM,bat-dong-san,B00,Điểm học bạ,2024,19.0,Bất động sản
60193,DTM,bat-dong-san,D01,Điểm học bạ,2024,19.0,Bất động sản
60194,DTM,bat-dong-san,A00,Điểm thi THPT,2024,16.0,Bất động sản
60195,DTM,bat-dong-san,A01,Điểm thi THPT,2024,16.0,Bất động sản
60196,DTM,bat-dong-san,B00,Điểm thi THPT,2024,16.0,Bất động sản
60197,DTM,bat-dong-san,D01,Điểm thi THPT,2024,16.0,Bất động sản
60198,DTM,bat-dong-san,B03,Điểm học bạ,2025,19.1,Bất động sản
60199,DTM,bat-dong-san,C01,Điểm học bạ,2025,18.12,Bất động sản
60200,DTM,bat-dong-san,C02,Điểm học bạ,2025,19.1,Bất động sản
60201,DTM,bat-dong-san,C03,Điểm học bạ,2025,18.63,Bất động sản
60202,DTM,bat-dong-san,C04,Điểm học bạ,2025,18.63,Bất động sản
60203,DTM,bat-dong-san,D01,Điểm học bạ,2025,19.1,Bất động sản
60204,DTM,bat-dong-san,X01,Điểm học bạ,2025,18.12,Bất động sản
60205,DTM,bat-dong-san,X02,Điểm học bạ,2025,19.1,Bất động sản
60206,DTM,bat-dong-san,B03,Điểm thi THPT,2025,15.0,Bất động sản
60207,DTM,bat-dong-san,C01,Điểm thi THPT,2025,15.0,Bất động sản
60208,DTM,bat-dong-san,C02,Điểm thi THPT,2025,15.0,Bất động sản
60209,DTM,bat-dong-san,C03,Điểm thi THPT,2025,15.0,Bất động sản
60210,DTM,bat-dong-san,C04,Điểm thi THPT,2025,15.0,Bất động sản
60211,DTM,bat-dong-san,D01,Điểm thi THPT,2025,15.0,Bất động sản
60212,DTM,bat-dong-san,X01,Điểm thi THPT,2025,15.0,Bất động sản
60213,DTM,bat-dong-san,X02,Điểm thi THPT,2025,15.0,Bất động sản
60214,DTM,bien-doi-khi-hau,B03,Điểm học bạ,2025,19.1,Biến đổi khí hậu
60215,DTM,bien-doi-khi-hau,C01,Điểm học bạ,2025,18.12,Biến đổi khí hậu
60216,DTM,bien-doi-khi-hau,C02,Điểm học bạ,2025,19.1,Biến đổi khí hậu
60217,DTM,bien-doi-khi-hau,C03,Điểm học bạ,2025,18.63,Biến đổi khí hậu
60218,DTM,bien-doi-khi-hau,C04,Điểm học bạ,2025,18.63,Biến đổi khí hậu
60219,DTM,bien-doi-khi-hau,D01,Điểm học bạ,2025,19.1,Biến đổi khí hậu
60220,DTM,bien-doi-khi-hau,X01,Điểm học bạ,2025,18.12,Biến đổi khí hậu
60221,DTM,bien-doi-khi-hau,X02,Điểm học bạ,2025,19.1,Biến đổi khí hậu
60222,DTM,bien-doi-khi-hau,B03,Điểm thi THPT,2025,15.0,Biến đổi khí hậu
60223,DTM,bien-doi-khi-hau,C01,Điểm thi THPT,2025,15.0,Biến đổi khí hậu
60224,DTM,bien-doi-khi-hau,C02,Điểm thi THPT,2025,15.0,Biến đổi khí hậu
60225,DTM,bien-doi-khi-hau,C03,Điểm thi THPT,2025,15.0,Biến đổi khí hậu
60226,DTM,bien-doi-khi-hau,C04,Điểm thi THPT,2025,15.0,Biến đổi khí hậu
60227,DTM,bien-doi-khi-hau,D01,Điểm thi THPT,2025,15.0,Biến đổi khí hậu
60228,DTM,bien-doi-khi-hau,X01,Điểm thi THPT,2025,15.0,Biến đổi khí hậu
60229,DTM,bien-doi-khi-hau,X02,Điểm thi THPT,2025,15.0,Biến đổi khí hậu
60230,DTM,bien-doi-khi-hau-va-phat-trien-ben-vung,A00,Điểm học bạ,2021,20.5,Biến đổi khí hậu và phát triển bền vững
60231,DTM,bien-doi-khi-hau-va-phat-trien-ben-vung,A01,Điểm học bạ,2021,20.5,Biến đổi khí hậu và phát triển bền vững
60232,DTM,bien-doi-khi-hau-va-phat-trien-ben-vung,B00,Điểm học bạ,2021,20.5,Biến đổi khí hậu và phát triển bền vững
60233,DTM,bien-doi-khi-hau-va-phat-trien-ben-vung,D01,Điểm học bạ,2021,20.5,Biến đổi khí hậu và phát triển bền vững
60234,DTM,bien-doi-khi-hau-va-phat-trien-ben-vung,A00,Điểm thi THPT,2021,15.0,Biến đổi khí hậu và phát triển bền vững
60235,DTM,bien-doi-khi-hau-va-phat-trien-ben-vung,A01,Điểm thi THPT,2021,15.0,Biến đổi khí hậu và phát triển bền vững
60236,DTM,bien-doi-khi-hau-va-phat-trien-ben-vung,B00,Điểm thi THPT,2021,15.0,Biến đổi khí hậu và phát triển bền vững
60237,DTM,bien-doi-khi-hau-va-phat-trien-ben-vung,D01,Điểm thi THPT,2021,15.0,Biến đổi khí hậu và phát triển bền vững
60238,DTM,bien-doi-khi-hau-va-phat-trien-ben-vung,A00,Điểm thi THPT,2022,20.0,Biến đổi khí hậu và phát triển bền vững
60239,DTM,bien-doi-khi-hau-va-phat-trien-ben-vung,A01,Điểm thi THPT,2022,20.0,Biến đổi khí hậu và phát triển bền vững
60240,DTM,bien-doi-khi-hau-va-phat-trien-ben-vung,B00,Điểm thi THPT,2022,20.0,Biến đổi khí hậu và phát triển bền vững
60241,DTM,bien-doi-khi-hau-va-phat-trien-ben-vung,D01,Điểm thi THPT,2022,20.0,Biến đổi khí hậu và phát triển bền vững
60242,DTM,bien-doi-khi-hau-va-phat-trien-ben-vung,A00,Điểm thi THPT,2023,15.0,Biến đổi khí hậu và phát triển bền vững
60243,DTM,bien-doi-khi-hau-va-phat-trien-ben-vung,A01,Điểm thi THPT,2023,15.0,Biến đổi khí hậu và phát triển bền vững
60244,DTM,bien-doi-khi-hau-va-phat-trien-ben-vung,B00,Điểm thi THPT,2023,15.0,Biến đổi khí hậu và phát triển bền vững
60245,DTM,bien-doi-khi-hau-va-phat-trien-ben-vung,D01,Điểm thi THPT,2023,15.0,Biến đổi khí hậu và phát triển bền vững
60246,DTM,bien-doi-khi-hau-va-phat-trien-ben-vung,A00,Điểm học bạ,2024,18.0,Biến đổi khí hậu và phát triển bền vững
60247,DTM,bien-doi-khi-hau-va-phat-trien-ben-vung,A01,Điểm học bạ,2024,18.0,Biến đổi khí hậu và phát triển bền vững
60248,DTM,bien-doi-khi-hau-va-phat-trien-ben-vung,B00,Điểm học bạ,2024,18.0,Biến đổi khí hậu và phát triển bền vững
60249,DTM,bien-doi-khi-hau-va-phat-trien-ben-vung,D01,Điểm học bạ,2024,18.0,Biến đổi khí hậu và phát triển bền vững
60250,DTM,bien-doi-khi-hau-va-phat-trien-ben-vung,A00,Điểm thi THPT,2024,15.0,Biến đổi khí hậu và phát triển bền vững
60251,DTM,bien-doi-khi-hau-va-phat-trien-ben-vung,A01,Điểm thi THPT,2024,15.0,Biến đổi khí hậu và phát triển bền vững
60252,DTM,bien-doi-khi-hau-va-phat-trien-ben-vung,B00,Điểm thi THPT,2024,15.0,Biến đổi khí hậu và phát triển bền vững
60253,DTM,bien-doi-khi-hau-va-phat-trien-ben-vung,D01,Điểm thi THPT,2024,15.0,Biến đổi khí hậu và phát triển bền vững
60254,DTM,cong-nghe-ky-thuat-hoa-hoc,A00,Điểm thi THPT,2023,15.0,Công nghệ kỹ thuật hóa học
60255,DTM,cong-nghe-ky-thuat-hoa-hoc,A01,Điểm thi THPT,2023,15.0,Công nghệ kỹ thuật hóa học
60256,DTM,cong-nghe-ky-thuat-hoa-hoc,A02,Điểm thi THPT,2023,15.0,Công nghệ kỹ thuật hóa học
60257,DTM,cong-nghe-ky-thuat-hoa-hoc,B00,Điểm thi THPT,2023,15.0,Công nghệ kỹ thuật hóa học
60258,DTM,cong-nghe-ky-thuat-hoa-hoc,A00,Điểm học bạ,2024,18.0,Công nghệ kỹ thuật hóa học
60259,DTM,cong-nghe-ky-thuat-hoa-hoc,A01,Điểm học bạ,2024,18.0,Công nghệ kỹ thuật hóa học
60260,DTM,cong-nghe-ky-thuat-hoa-hoc,A02,Điểm học bạ,2024,18.0,Công nghệ kỹ thuật hóa học
60261,DTM,cong-nghe-ky-thuat-hoa-hoc,B00,Điểm học bạ,2024,18.0,Công nghệ kỹ thuật hóa học
60262,DTM,cong-nghe-ky-thuat-hoa-hoc,A00,Điểm thi THPT,2024,15.0,Công nghệ kỹ thuật hóa học
60263,DTM,cong-nghe-ky-thuat-hoa-hoc,A01,Điểm thi THPT,2024,15.0,Công nghệ kỹ thuật hóa học
60264,DTM,cong-nghe-ky-thuat-hoa-hoc,A02,Điểm thi THPT,2024,15.0,Công nghệ kỹ thuật hóa học
60265,DTM,cong-nghe-ky-thuat-hoa-hoc,B00,Điểm thi THPT,2024,15.0,Công nghệ kỹ thuật hóa học
60266,DTM,cong-nghe-ky-thuat-hoa-hoc,B03,Điểm học bạ,2025,19.1,Công nghệ kỹ thuật hóa học
60267,DTM,cong-nghe-ky-thuat-hoa-hoc,C01,Điểm học bạ,2025,18.12,Công nghệ kỹ thuật hóa học
60268,DTM,cong-nghe-ky-thuat-hoa-hoc,C02,Điểm học bạ,2025,19.1,Công nghệ kỹ thuật hóa học
60269,DTM,cong-nghe-ky-thuat-hoa-hoc,C03,Điểm học bạ,2025,18.63,Công nghệ kỹ thuật hóa học
60270,DTM,cong-nghe-ky-thuat-hoa-hoc,C04,Điểm học bạ,2025,18.63,Công nghệ kỹ thuật hóa học
60271,DTM,cong-nghe-ky-thuat-hoa-hoc,D01,Điểm học bạ,2025,19.1,Công nghệ kỹ thuật hóa học
60272,DTM,cong-nghe-ky-thuat-hoa-hoc,X02,Điểm học bạ,2025,19.1,Công nghệ kỹ thuật hóa học
60273,DTM,cong-nghe-ky-thuat-hoa-hoc,X04,Điểm học bạ,2025,18.12,Công nghệ kỹ thuật hóa học
60274,DTM,cong-nghe-ky-thuat-hoa-hoc,B03,Điểm thi THPT,2025,15.0,Công nghệ kỹ thuật hóa học
60275,DTM,cong-nghe-ky-thuat-hoa-hoc,C01,Điểm thi THPT,2025,15.0,Công nghệ kỹ thuật hóa học
60276,DTM,cong-nghe-ky-thuat-hoa-hoc,C02,Điểm thi THPT,2025,15.0,Công nghệ kỹ thuật hóa học
60277,DTM,cong-nghe-ky-thuat-hoa-hoc,C03,Điểm thi THPT,2025,15.0,Công nghệ kỹ thuật hóa học
60278,DTM,cong-nghe-ky-thuat-hoa-hoc,C04,Điểm thi THPT,2025,15.0,Công nghệ kỹ thuật hóa học
60279,DTM,cong-nghe-ky-thuat-hoa-hoc,D01,Điểm thi THPT,2025,15.0,Công nghệ kỹ thuật hóa học
60280,DTM,cong-nghe-ky-thuat-hoa-hoc,X02,Điểm thi THPT,2025,15.0,Công nghệ kỹ thuật hóa học
60281,DTM,cong-nghe-ky-thuat-hoa-hoc,X04,Điểm thi THPT,2025,15.0,Công nghệ kỹ thuật hóa học
60282,DTM,cong-nghe-ky-thuat-moi-truong,A00,Điểm học bạ,2021,20.5,Công nghệ kỹ thuật môi trường
60283,DTM,cong-nghe-ky-thuat-moi-truong,A01,Điểm học bạ,2021,20.5,Công nghệ kỹ thuật môi trường
60284,DTM,cong-nghe-ky-thuat-moi-truong,A02,Điểm học bạ,2021,20.5,Công nghệ kỹ thuật môi trường
60285,DTM,cong-nghe-ky-thuat-moi-truong,B00,Điểm học bạ,2021,20.5,Công nghệ kỹ thuật môi trường
60286,DTM,cong-nghe-ky-thuat-moi-truong,A00,Điểm thi THPT,2021,15.0,Công nghệ kỹ thuật môi trường
60287,DTM,cong-nghe-ky-thuat-moi-truong,A01,Điểm thi THPT,2021,15.0,Công nghệ kỹ thuật môi trường
60288,DTM,cong-nghe-ky-thuat-moi-truong,A02,Điểm thi THPT,2021,15.0,Công nghệ kỹ thuật môi trường
60289,DTM,cong-nghe-ky-thuat-moi-truong,B00,Điểm thi THPT,2021,15.0,Công nghệ kỹ thuật môi trường
60290,DTM,cong-nghe-ky-thuat-moi-truong,A00,Điểm thi THPT,2022,20.0,Công nghệ kỹ thuật môi trường
60291,DTM,cong-nghe-ky-thuat-moi-truong,A01,Điểm thi THPT,2022,20.0,Công nghệ kỹ thuật môi trường
60292,DTM,cong-nghe-ky-thuat-moi-truong,A02,Điểm thi THPT,2022,20.0,Công nghệ kỹ thuật môi trường
60293,DTM,cong-nghe-ky-thuat-moi-truong,B00,Điểm thi THPT,2022,20.0,Công nghệ kỹ thuật môi trường
60294,DTM,cong-nghe-ky-thuat-moi-truong,A00,Điểm thi THPT,2023,15.0,Công nghệ kỹ thuật môi trường
60295,DTM,cong-nghe-ky-thuat-moi-truong,A01,Điểm thi THPT,2023,15.0,Công nghệ kỹ thuật môi trường
60296,DTM,cong-nghe-ky-thuat-moi-truong,A02,Điểm thi THPT,2023,15.0,Công nghệ kỹ thuật môi trường
60297,DTM,cong-nghe-ky-thuat-moi-truong,B00,Điểm thi THPT,2023,15.0,Công nghệ kỹ thuật môi trường
60298,DTM,cong-nghe-ky-thuat-moi-truong,A00,Điểm học bạ,2024,18.0,Công nghệ kỹ thuật môi trường
60299,DTM,cong-nghe-ky-thuat-moi-truong,A01,Điểm học bạ,2024,18.0,Công nghệ kỹ thuật môi trường
60300,DTM,cong-nghe-ky-thuat-moi-truong,A02,Điểm học bạ,2024,18.0,Công nghệ kỹ thuật môi trường
60301,DTM,cong-nghe-ky-thuat-moi-truong,B00,Điểm học bạ,2024,18.0,Công nghệ kỹ thuật môi trường
60302,DTM,cong-nghe-ky-thuat-moi-truong,A00,Điểm thi THPT,2024,15.0,Công nghệ kỹ thuật môi trường
60303,DTM,cong-nghe-ky-thuat-moi-truong,A01,Điểm thi THPT,2024,15.0,Công nghệ kỹ thuật môi trường
60304,DTM,cong-nghe-ky-thuat-moi-truong,A02,Điểm thi THPT,2024,15.0,Công nghệ kỹ thuật môi trường
60305,DTM,cong-nghe-ky-thuat-moi-truong,B00,Điểm thi THPT,2024,15.0,Công nghệ kỹ thuật môi trường
60306,DTM,cong-nghe-ky-thuat-moi-truong,B03,Điểm học bạ,2025,19.1,Công nghệ kỹ thuật môi trường
60307,DTM,cong-nghe-ky-thuat-moi-truong,C01,Điểm học bạ,2025,18.12,Công nghệ kỹ thuật môi trường
60308,DTM,cong-nghe-ky-thuat-moi-truong,C02,Điểm học bạ,2025,19.1,Công nghệ kỹ thuật môi trường
60309,DTM,cong-nghe-ky-thuat-moi-truong,C03,Điểm học bạ,2025,18.63,Công nghệ kỹ thuật môi trường
60310,DTM,cong-nghe-ky-thuat-moi-truong,D01,Điểm học bạ,2025,19.1,Công nghệ kỹ thuật môi trường
60311,DTM,cong-nghe-ky-thuat-moi-truong,X01,Điểm học bạ,2025,18.12,Công nghệ kỹ thuật môi trường
60312,DTM,cong-nghe-ky-thuat-moi-truong,X02,Điểm học bạ,2025,19.1,Công nghệ kỹ thuật môi trường
60313,DTM,cong-nghe-ky-thuat-moi-truong,X04,Điểm học bạ,2025,18.12,Công nghệ kỹ thuật môi trường
60314,DTM,cong-nghe-ky-thuat-moi-truong,B03,Điểm thi THPT,2025,15.0,Công nghệ kỹ thuật môi trường
60315,DTM,cong-nghe-ky-thuat-moi-truong,C01,Điểm thi THPT,2025,15.0,Công nghệ kỹ thuật môi trường
60316,DTM,cong-nghe-ky-thuat-moi-truong,C02,Điểm thi THPT,2025,15.0,Công nghệ kỹ thuật môi trường
60317,DTM,cong-nghe-ky-thuat-moi-truong,C03,Điểm thi THPT,2025,15.0,Công nghệ kỹ thuật môi trường
60318,DTM,cong-nghe-ky-thuat-moi-truong,D01,Điểm thi THPT,2025,15.0,Công nghệ kỹ thuật môi trường
60319,DTM,cong-nghe-ky-thuat-moi-truong,X01,Điểm thi THPT,2025,15.0,Công nghệ kỹ thuật môi trường
60320,DTM,cong-nghe-ky-thuat-moi-truong,X02,Điểm thi THPT,2025,15.0,Công nghệ kỹ thuật môi trường
60321,DTM,cong-nghe-ky-thuat-moi-truong,X04,Điểm thi THPT,2025,15.0,Công nghệ kỹ thuật môi trường
60322,DTM,cong-nghe-thong-tin,A00,Điểm thi THPT,2021,24.0,Công nghệ thông tin
60323,DTM,cong-nghe-thong-tin,A01,Điểm thi THPT,2021,24.0,Công nghệ thông tin
60324,DTM,cong-nghe-thong-tin,B00,Điểm thi THPT,2021,24.0,Công nghệ thông tin
60325,DTM,cong-nghe-thong-tin,D01,Điểm thi THPT,2021,24.0,Công nghệ thông tin
60326,DTM,cong-nghe-thong-tin,A00,Điểm thi THPT,2022,28.5,Công nghệ thông tin
60327,DTM,cong-nghe-thong-tin,A01,Điểm thi THPT,2022,28.5,Công nghệ thông tin
60328,DTM,cong-nghe-thong-tin,B00,Điểm thi THPT,2022,28.5,Công nghệ thông tin
60329,DTM,cong-nghe-thong-tin,D01,Điểm thi THPT,2022,28.5,Công nghệ thông tin
60330,DTM,cong-nghe-thong-tin,A00,Điểm thi THPT,2023,17.0,Công nghệ thông tin
60331,DTM,cong-nghe-thong-tin,A01,Điểm thi THPT,2023,17.0,Công nghệ thông tin
60332,DTM,cong-nghe-thong-tin,B00,Điểm thi THPT,2023,17.0,Công nghệ thông tin
60333,DTM,cong-nghe-thong-tin,D01,Điểm thi THPT,2023,17.0,Công nghệ thông tin
60334,DTM,cong-nghe-thong-tin,A00,Điểm học bạ,2024,19.0,Công nghệ thông tin
60335,DTM,cong-nghe-thong-tin,A01,Điểm học bạ,2024,19.0,Công nghệ thông tin
60336,DTM,cong-nghe-thong-tin,B00,Điểm học bạ,2024,19.0,Công nghệ thông tin
60337,DTM,cong-nghe-thong-tin,D01,Điểm học bạ,2024,19.0,Công nghệ thông tin
60338,DTM,cong-nghe-thong-tin,A00,Điểm thi THPT,2024,17.5,Công nghệ thông tin
60339,DTM,cong-nghe-thong-tin,A01,Điểm thi THPT,2024,17.5,Công nghệ thông tin
60340,DTM,cong-nghe-thong-tin,B00,Điểm thi THPT,2024,17.5,Công nghệ thông tin
60341,DTM,cong-nghe-thong-tin,D01,Điểm thi THPT,2024,17.5,Công nghệ thông tin
60342,DTM,cong-nghe-thong-tin,B03,Điểm học bạ,2025,19.7,Công nghệ thông tin
60343,DTM,cong-nghe-thong-tin,C01,Điểm học bạ,2025,19.12,Công nghệ thông tin
60344,DTM,cong-nghe-thong-tin,C02,Điểm học bạ,2025,20.1,Công nghệ thông tin
60345,DTM,cong-nghe-thong-tin,C03,Điểm học bạ,2025,19.63,Công nghệ thông tin
60346,DTM,cong-nghe-thong-tin,C04,Điểm học bạ,2025,19.63,Công nghệ thông tin
60347,DTM,cong-nghe-thong-tin,D01,Điểm học bạ,2025,20.1,Công nghệ thông tin
60348,DTM,cong-nghe-thong-tin,X01,Điểm học bạ,2025,19.12,Công nghệ thông tin
60349,DTM,cong-nghe-thong-tin,X02,Điểm học bạ,2025,20.1,Công nghệ thông tin
60350,DTM,cong-nghe-thong-tin,B03,Điểm thi THPT,2025,16.0,Công nghệ thông tin
60351,DTM,cong-nghe-thong-tin,C01,Điểm thi THPT,2025,16.0,Công nghệ thông tin
60352,DTM,cong-nghe-thong-tin,C02,Điểm thi THPT,2025,16.0,Công nghệ thông tin
60353,DTM,cong-nghe-thong-tin,C03,Điểm thi THPT,2025,16.0,Công nghệ thông tin
60354,DTM,cong-nghe-thong-tin,C04,Điểm thi THPT,2025,16.0,Công nghệ thông tin
60355,DTM,cong-nghe-thong-tin,D01,Điểm thi THPT,2025,16.0,Công nghệ thông tin
60356,DTM,cong-nghe-thong-tin,X01,Điểm thi THPT,2025,16.0,Công nghệ thông tin
60357,DTM,cong-nghe-thong-tin,X02,Điểm thi THPT,2025,16.0,Công nghệ thông tin
60358,DTM,cong-nghe-vat-lieu,A00,Điểm thi THPT,2023,15.0,Công nghệ vật liệu
60359,DTM,cong-nghe-vat-lieu,A01,Điểm thi THPT,2023,15.0,Công nghệ vật liệu
60360,DTM,cong-nghe-vat-lieu,A02,Điểm thi THPT,2023,15.0,Công nghệ vật liệu
60361,DTM,cong-nghe-vat-lieu,B00,Điểm thi THPT,2023,15.0,Công nghệ vật liệu
60362,DTM,cong-nghe-vat-lieu,A00,Điểm học bạ,2024,18.0,Công nghệ vật liệu
60363,DTM,cong-nghe-vat-lieu,A01,Điểm học bạ,2024,18.0,Công nghệ vật liệu
60364,DTM,cong-nghe-vat-lieu,A02,Điểm học bạ,2024,18.0,Công nghệ vật liệu
60365,DTM,cong-nghe-vat-lieu,B00,Điểm học bạ,2024,18.0,Công nghệ vật liệu
60366,DTM,cong-nghe-vat-lieu,A00,Điểm thi THPT,2024,15.0,Công nghệ vật liệu
60367,DTM,cong-nghe-vat-lieu,A01,Điểm thi THPT,2024,15.0,Công nghệ vật liệu
60368,DTM,cong-nghe-vat-lieu,A02,Điểm thi THPT,2024,15.0,Công nghệ vật liệu
60369,DTM,cong-nghe-vat-lieu,B00,Điểm thi THPT,2024,15.0,Công nghệ vật liệu
60370,DTM,cong-nghe-vat-lieu,B03,Điểm học bạ,2025,19.1,Công nghệ vật liệu
60371,DTM,cong-nghe-vat-lieu,C01,Điểm học bạ,2025,18.12,Công nghệ vật liệu
60372,DTM,cong-nghe-vat-lieu,C02,Điểm học bạ,2025,19.1,Công nghệ vật liệu
60373,DTM,cong-nghe-vat-lieu,C03,Điểm học bạ,2025,18.63,Công nghệ vật liệu
60374,DTM,cong-nghe-vat-lieu,C04,Điểm học bạ,2025,18.63,Công nghệ vật liệu
60375,DTM,cong-nghe-vat-lieu,D01,Điểm học bạ,2025,19.1,Công nghệ vật liệu
60376,DTM,cong-nghe-vat-lieu,X02,Điểm học bạ,2025,19.1,Công nghệ vật liệu
60377,DTM,cong-nghe-vat-lieu,X03,Điểm học bạ,2025,18.7,Công nghệ vật liệu
60378,DTM,cong-nghe-vat-lieu,X04,Điểm học bạ,2025,18.12,Công nghệ vật liệu
60379,DTM,cong-nghe-vat-lieu,B03,Điểm thi THPT,2025,15.0,Công nghệ vật liệu
60380,DTM,cong-nghe-vat-lieu,C01,Điểm thi THPT,2025,15.0,Công nghệ vật liệu
60381,DTM,cong-nghe-vat-lieu,C02,Điểm thi THPT,2025,15.0,Công nghệ vật liệu
60382,DTM,cong-nghe-vat-lieu,C03,Điểm thi THPT,2025,15.0,Công nghệ vật liệu
60383,DTM,cong-nghe-vat-lieu,C04,Điểm thi THPT,2025,15.0,Công nghệ vật liệu
60384,DTM,cong-nghe-vat-lieu,D01,Điểm thi THPT,2025,15.0,Công nghệ vật liệu
60385,DTM,cong-nghe-vat-lieu,X02,Điểm thi THPT,2025,15.0,Công nghệ vật liệu
60386,DTM,cong-nghe-vat-lieu,X04,Điểm thi THPT,2025,15.0,Công nghệ vật liệu
60387,DTM,dia-chat-hoc,A00,Điểm học bạ,2021,20.5,Địa chất học
60388,DTM,dia-chat-hoc,A01,Điểm học bạ,2021,20.5,Địa chất học
60389,DTM,dia-chat-hoc,A02,Điểm học bạ,2021,20.5,Địa chất học
60390,DTM,dia-chat-hoc,B00,Điểm học bạ,2021,20.5,Địa chất học
60391,DTM,dia-chat-hoc,A00,Điểm thi THPT,2021,15.0,Địa chất học
60392,DTM,dia-chat-hoc,A01,Điểm thi THPT,2021,15.0,Địa chất học
60393,DTM,dia-chat-hoc,A02,Điểm thi THPT,2021,15.0,Địa chất học
60394,DTM,dia-chat-hoc,B00,Điểm thi THPT,2021,15.0,Địa chất học
60395,DTM,dia-chat-hoc,A00,Điểm thi THPT,2022,20.0,Địa chất học
60396,DTM,dia-chat-hoc,A01,Điểm thi THPT,2022,20.0,Địa chất học
60397,DTM,dia-chat-hoc,A02,Điểm thi THPT,2022,20.0,Địa chất học
60398,DTM,dia-chat-hoc,B00,Điểm thi THPT,2022,20.0,Địa chất học
60399,DTM,dia-chat-hoc,A00,Điểm thi THPT,2023,15.0,Địa chất học
60400,DTM,dia-chat-hoc,A01,Điểm thi THPT,2023,15.0,Địa chất học
60401,DTM,dia-chat-hoc,A02,Điểm thi THPT,2023,15.0,Địa chất học
60402,DTM,dia-chat-hoc,B00,Điểm thi THPT,2023,15.0,Địa chất học
60403,DTM,dia-chat-hoc,A00,Điểm học bạ,2024,18.0,Địa chất học
60404,DTM,dia-chat-hoc,A01,Điểm học bạ,2024,18.0,Địa chất học
60405,DTM,dia-chat-hoc,A02,Điểm học bạ,2024,18.0,Địa chất học
60406,DTM,dia-chat-hoc,B00,Điểm học bạ,2024,18.0,Địa chất học
60407,DTM,dia-chat-hoc,A00,Điểm thi THPT,2024,15.0,Địa chất học
60408,DTM,dia-chat-hoc,A01,Điểm thi THPT,2024,15.0,Địa chất học
60409,DTM,dia-chat-hoc,B00,Điểm thi THPT,2024,15.0,Địa chất học
60410,DTM,dia-chat-hoc,D01,Điểm thi THPT,2024,15.0,Địa chất học
60411,DTM,dia-chat-hoc,B03,Điểm học bạ,2025,19.1,Địa chất học
60412,DTM,dia-chat-hoc,C01,Điểm học bạ,2025,18.12,Địa chất học
60413,DTM,dia-chat-hoc,C02,Điểm học bạ,2025,19.1,Địa chất học
60414,DTM,dia-chat-hoc,C03,Điểm học bạ,2025,18.63,Địa chất học
60415,DTM,dia-chat-hoc,C04,Điểm học bạ,2025,18.63,Địa chất học
60416,DTM,dia-chat-hoc,D01,Điểm học bạ,2025,19.1,Địa chất học
60417,DTM,dia-chat-hoc,X01,Điểm học bạ,2025,18.12,Địa chất học
60418,DTM,dia-chat-hoc,X04,Điểm học bạ,2025,18.12,Địa chất học
60419,DTM,dia-chat-hoc,B03,Điểm thi THPT,2025,15.0,Địa chất học
60420,DTM,dia-chat-hoc,C01,Điểm thi THPT,2025,15.0,Địa chất học
60421,DTM,dia-chat-hoc,C02,Điểm thi THPT,2025,15.0,Địa chất học
60422,DTM,dia-chat-hoc,C03,Điểm thi THPT,2025,15.0,Địa chất học
60423,DTM,dia-chat-hoc,C04,Điểm thi THPT,2025,15.0,Địa chất học
60424,DTM,dia-chat-hoc,D01,Điểm thi THPT,2025,15.0,Địa chất học
60425,DTM,dia-chat-hoc,X01,Điểm thi THPT,2025,15.0,Địa chất học
60426,DTM,dia-chat-hoc,X04,Điểm thi THPT,2025,15.0,Địa chất học
60427,DTM,he-thong-thong-tin,A00,Điểm học bạ,2021,20.5,Hệ thống thông tin
60428,DTM,he-thong-thong-tin,A01,Điểm học bạ,2021,20.5,Hệ thống thông tin
60429,DTM,he-thong-thong-tin,B00,Điểm học bạ,2021,20.5,Hệ thống thông tin
60430,DTM,he-thong-thong-tin,D01,Điểm học bạ,2021,20.5,Hệ thống thông tin
60431,DTM,he-thong-thong-tin,A00,Điểm thi THPT,2021,15.0,Hệ thống thông tin
60432,DTM,he-thong-thong-tin,A01,Điểm thi THPT,2021,15.0,Hệ thống thông tin
60433,DTM,he-thong-thong-tin,B00,Điểm thi THPT,2021,15.0,Hệ thống thông tin
60434,DTM,he-thong-thong-tin,D01,Điểm thi THPT,2021,15.0,Hệ thống thông tin
60435,DTM,he-thong-thong-tin,A00,Điểm thi THPT,2022,28.0,Hệ thống thông tin
60436,DTM,he-thong-thong-tin,A01,Điểm thi THPT,2022,28.0,Hệ thống thông tin
60437,DTM,he-thong-thong-tin,B00,Điểm thi THPT,2022,28.0,Hệ thống thông tin
60438,DTM,he-thong-thong-tin,D01,Điểm thi THPT,2022,28.0,Hệ thống thông tin
60439,DTM,he-thong-thong-tin,A00,Điểm thi THPT,2023,15.0,Hệ thống thông tin
60440,DTM,he-thong-thong-tin,A01,Điểm thi THPT,2023,15.0,Hệ thống thông tin
60441,DTM,he-thong-thong-tin,B00,Điểm thi THPT,2023,15.0,Hệ thống thông tin
60442,DTM,he-thong-thong-tin,D01,Điểm thi THPT,2023,15.0,Hệ thống thông tin
60443,DTM,he-thong-thong-tin,A00,Điểm học bạ,2024,18.0,Hệ thống thông tin
60444,DTM,he-thong-thong-tin,A01,Điểm học bạ,2024,18.0,Hệ thống thông tin
60445,DTM,he-thong-thong-tin,B00,Điểm học bạ,2024,18.0,Hệ thống thông tin
60446,DTM,he-thong-thong-tin,D01,Điểm học bạ,2024,18.0,Hệ thống thông tin
60447,DTM,he-thong-thong-tin,A00,Điểm thi THPT,2024,15.0,Hệ thống thông tin
60448,DTM,he-thong-thong-tin,A01,Điểm thi THPT,2024,15.0,Hệ thống thông tin
60449,DTM,he-thong-thong-tin,B00,Điểm thi THPT,2024,15.0,Hệ thống thông tin
60450,DTM,he-thong-thong-tin,D01,Điểm thi THPT,2024,15.0,Hệ thống thông tin
60451,DTM,he-thong-thong-tin,B03,Điểm học bạ,2025,19.1,Hệ thống thông tin
60452,DTM,he-thong-thong-tin,C01,Điểm học bạ,2025,18.12,Hệ thống thông tin
60453,DTM,he-thong-thong-tin,C02,Điểm học bạ,2025,19.1,Hệ thống thông tin
60454,DTM,he-thong-thong-tin,C03,Điểm học bạ,2025,18.63,Hệ thống thông tin
60455,DTM,he-thong-thong-tin,C04,Điểm học bạ,2025,18.63,Hệ thống thông tin
60456,DTM,he-thong-thong-tin,D01,Điểm học bạ,2025,19.1,Hệ thống thông tin
60457,DTM,he-thong-thong-tin,X01,Điểm học bạ,2025,18.12,Hệ thống thông tin
60458,DTM,he-thong-thong-tin,X02,Điểm học bạ,2025,19.1,Hệ thống thông tin
60459,DTM,he-thong-thong-tin,B03,Điểm thi THPT,2025,15.0,Hệ thống thông tin
60460,DTM,he-thong-thong-tin,C01,Điểm thi THPT,2025,15.0,Hệ thống thông tin
60461,DTM,he-thong-thong-tin,C02,Điểm thi THPT,2025,15.0,Hệ thống thông tin
60462,DTM,he-thong-thong-tin,C03,Điểm thi THPT,2025,15.0,Hệ thống thông tin
60463,DTM,he-thong-thong-tin,C04,Điểm thi THPT,2025,15.0,Hệ thống thông tin
60464,DTM,he-thong-thong-tin,D01,Điểm thi THPT,2025,15.0,Hệ thống thông tin
60465,DTM,he-thong-thong-tin,X01,Điểm thi THPT,2025,15.0,Hệ thống thông tin
60466,DTM,he-thong-thong-tin,X02,Điểm thi THPT,2025,15.0,Hệ thống thông tin
60467,DTM,khi-tuong-va-khi-hau-hoc,A00,Điểm học bạ,2021,20.5,Khí tượng và khí hậu học
60468,DTM,khi-tuong-va-khi-hau-hoc,A01,Điểm học bạ,2021,20.5,Khí tượng và khí hậu học
60469,DTM,khi-tuong-va-khi-hau-hoc,B00,Điểm học bạ,2021,20.5,Khí tượng và khí hậu học
60470,DTM,khi-tuong-va-khi-hau-hoc,D01,Điểm học bạ,2021,20.5,Khí tượng và khí hậu học
60471,DTM,khi-tuong-va-khi-hau-hoc,A00,Điểm thi THPT,2021,15.0,Khí tượng và khí hậu học
60472,DTM,khi-tuong-va-khi-hau-hoc,A01,Điểm thi THPT,2021,15.0,Khí tượng và khí hậu học
60473,DTM,khi-tuong-va-khi-hau-hoc,B00,Điểm thi THPT,2021,15.0,Khí tượng và khí hậu học
60474,DTM,khi-tuong-va-khi-hau-hoc,D01,Điểm thi THPT,2021,15.0,Khí tượng và khí hậu học
60475,DTM,khi-tuong-va-khi-hau-hoc,A00,Điểm thi THPT,2022,19.0,Khí tượng và khí hậu học
60476,DTM,khi-tuong-va-khi-hau-hoc,A01,Điểm thi THPT,2022,19.0,Khí tượng và khí hậu học
60477,DTM,khi-tuong-va-khi-hau-hoc,B00,Điểm thi THPT,2022,19.0,Khí tượng và khí hậu học
60478,DTM,khi-tuong-va-khi-hau-hoc,D01,Điểm thi THPT,2022,19.0,Khí tượng và khí hậu học
60479,DTM,khi-tuong-va-khi-hau-hoc,A00,Điểm thi THPT,2023,15.0,Khí tượng và khí hậu học
60480,DTM,khi-tuong-va-khi-hau-hoc,A01,Điểm thi THPT,2023,15.0,Khí tượng và khí hậu học
60481,DTM,khi-tuong-va-khi-hau-hoc,B00,Điểm thi THPT,2023,15.0,Khí tượng và khí hậu học
60482,DTM,khi-tuong-va-khi-hau-hoc,D01,Điểm thi THPT,2023,15.0,Khí tượng và khí hậu học
60483,DTM,khi-tuong-va-khi-hau-hoc,A00,Điểm học bạ,2024,18.0,Khí tượng và khí hậu học
60484,DTM,khi-tuong-va-khi-hau-hoc,A01,Điểm học bạ,2024,18.0,Khí tượng và khí hậu học
60485,DTM,khi-tuong-va-khi-hau-hoc,B00,Điểm học bạ,2024,18.0,Khí tượng và khí hậu học
60486,DTM,khi-tuong-va-khi-hau-hoc,D01,Điểm học bạ,2024,18.0,Khí tượng và khí hậu học
60487,DTM,khi-tuong-va-khi-hau-hoc,A00,Điểm thi THPT,2024,15.0,Khí tượng và khí hậu học
60488,DTM,khi-tuong-va-khi-hau-hoc,A01,Điểm thi THPT,2024,15.0,Khí tượng và khí hậu học
60489,DTM,khi-tuong-va-khi-hau-hoc,B00,Điểm thi THPT,2024,15.0,Khí tượng và khí hậu học
60490,DTM,khi-tuong-va-khi-hau-hoc,D01,Điểm thi THPT,2024,15.0,Khí tượng và khí hậu học
60491,DTM,khi-tuong-va-khi-hau-hoc,B03,Điểm học bạ,2025,19.1,Khí tượng và khí hậu học
60492,DTM,khi-tuong-va-khi-hau-hoc,C01,Điểm học bạ,2025,18.12,Khí tượng và khí hậu học
60493,DTM,khi-tuong-va-khi-hau-hoc,C02,Điểm học bạ,2025,19.1,Khí tượng và khí hậu học
60494,DTM,khi-tuong-va-khi-hau-hoc,C03,Điểm học bạ,2025,18.63,Khí tượng và khí hậu học
60495,DTM,khi-tuong-va-khi-hau-hoc,C04,Điểm học bạ,2025,18.63,Khí tượng và khí hậu học
60496,DTM,khi-tuong-va-khi-hau-hoc,D01,Điểm học bạ,2025,19.1,Khí tượng và khí hậu học
60497,DTM,khi-tuong-va-khi-hau-hoc,X01,Điểm học bạ,2025,18.12,Khí tượng và khí hậu học
60498,DTM,khi-tuong-va-khi-hau-hoc,X02,Điểm học bạ,2025,19.1,Khí tượng và khí hậu học
60499,DTM,khi-tuong-va-khi-hau-hoc,B03,Điểm thi THPT,2025,15.0,Khí tượng và khí hậu học
60500,DTM,khi-tuong-va-khi-hau-hoc,C01,Điểm thi THPT,2025,15.0,Khí tượng và khí hậu học
60501,DTM,khi-tuong-va-khi-hau-hoc,C02,Điểm thi THPT,2025,15.0,Khí tượng và khí hậu học
60502,DTM,khi-tuong-va-khi-hau-hoc,C03,Điểm thi THPT,2025,15.0,Khí tượng và khí hậu học
60503,DTM,khi-tuong-va-khi-hau-hoc,C04,Điểm thi THPT,2025,15.0,Khí tượng và khí hậu học
60504,DTM,khi-tuong-va-khi-hau-hoc,D01,Điểm thi THPT,2025,15.0,Khí tượng và khí hậu học
60505,DTM,khi-tuong-va-khi-hau-hoc,X01,Điểm thi THPT,2025,15.0,Khí tượng và khí hậu học
60506,DTM,khi-tuong-va-khi-hau-hoc,X02,Điểm thi THPT,2025,15.0,Khí tượng và khí hậu học
60507,DTM,kinh-te-tai-nguyen-thien-nhien,A00,Điểm học bạ,2021,20.5,Kinh tế tài nguyên thiên nhiên
60508,DTM,kinh-te-tai-nguyen-thien-nhien,A01,Điểm học bạ,2021,20.5,Kinh tế tài nguyên thiên nhiên
60509,DTM,kinh-te-tai-nguyen-thien-nhien,B00,Điểm học bạ,2021,20.5,Kinh tế tài nguyên thiên nhiên
60510,DTM,kinh-te-tai-nguyen-thien-nhien,D01,Điểm học bạ,2021,20.5,Kinh tế tài nguyên thiên nhiên
60511,DTM,kinh-te-tai-nguyen-thien-nhien,A00,Điểm thi THPT,2021,15.0,Kinh tế tài nguyên thiên nhiên
60512,DTM,kinh-te-tai-nguyen-thien-nhien,A01,Điểm thi THPT,2021,15.0,Kinh tế tài nguyên thiên nhiên
60513,DTM,kinh-te-tai-nguyen-thien-nhien,B00,Điểm thi THPT,2021,15.0,Kinh tế tài nguyên thiên nhiên
60514,DTM,kinh-te-tai-nguyen-thien-nhien,D01,Điểm thi THPT,2021,15.0,Kinh tế tài nguyên thiên nhiên
60515,DTM,kinh-te-tai-nguyen-thien-nhien,A00,Điểm thi THPT,2022,20.0,Kinh tế tài nguyên thiên nhiên
60516,DTM,kinh-te-tai-nguyen-thien-nhien,A01,Điểm thi THPT,2022,20.0,Kinh tế tài nguyên thiên nhiên
60517,DTM,kinh-te-tai-nguyen-thien-nhien,B00,Điểm thi THPT,2022,20.0,Kinh tế tài nguyên thiên nhiên
60518,DTM,kinh-te-tai-nguyen-thien-nhien,D01,Điểm thi THPT,2022,20.0,Kinh tế tài nguyên thiên nhiên
60519,DTM,kinh-te-tai-nguyen-thien-nhien,A00,Điểm thi THPT,2023,15.0,Kinh tế tài nguyên thiên nhiên
60520,DTM,kinh-te-tai-nguyen-thien-nhien,A01,Điểm thi THPT,2023,15.0,Kinh tế tài nguyên thiên nhiên
60521,DTM,kinh-te-tai-nguyen-thien-nhien,B00,Điểm thi THPT,2023,15.0,Kinh tế tài nguyên thiên nhiên
60522,DTM,kinh-te-tai-nguyen-thien-nhien,D01,Điểm thi THPT,2023,15.0,Kinh tế tài nguyên thiên nhiên
60523,DTM,kinh-te-tai-nguyen-thien-nhien,A00,Điểm học bạ,2024,18.0,Kinh tế tài nguyên thiên nhiên
60524,DTM,kinh-te-tai-nguyen-thien-nhien,A01,Điểm học bạ,2024,18.0,Kinh tế tài nguyên thiên nhiên
60525,DTM,kinh-te-tai-nguyen-thien-nhien,B00,Điểm học bạ,2024,18.0,Kinh tế tài nguyên thiên nhiên
60526,DTM,kinh-te-tai-nguyen-thien-nhien,D01,Điểm học bạ,2024,18.0,Kinh tế tài nguyên thiên nhiên
60527,DTM,kinh-te-tai-nguyen-thien-nhien,A00,Điểm thi THPT,2024,15.0,Kinh tế tài nguyên thiên nhiên
60528,DTM,kinh-te-tai-nguyen-thien-nhien,A01,Điểm thi THPT,2024,15.0,Kinh tế tài nguyên thiên nhiên
60529,DTM,kinh-te-tai-nguyen-thien-nhien,B00,Điểm thi THPT,2024,15.0,Kinh tế tài nguyên thiên nhiên
60530,DTM,kinh-te-tai-nguyen-thien-nhien,D01,Điểm thi THPT,2024,15.0,Kinh tế tài nguyên thiên nhiên
60531,DTM,kinh-te-tai-nguyen-thien-nhien,B03,Điểm học bạ,2025,19.1,Kinh tế tài nguyên thiên nhiên
60532,DTM,kinh-te-tai-nguyen-thien-nhien,C01,Điểm học bạ,2025,18.12,Kinh tế tài nguyên thiên nhiên
60533,DTM,kinh-te-tai-nguyen-thien-nhien,C02,Điểm học bạ,2025,19.1,Kinh tế tài nguyên thiên nhiên
60534,DTM,kinh-te-tai-nguyen-thien-nhien,C03,Điểm học bạ,2025,18.63,Kinh tế tài nguyên thiên nhiên
60535,DTM,kinh-te-tai-nguyen-thien-nhien,C04,Điểm học bạ,2025,18.63,Kinh tế tài nguyên thiên nhiên
60536,DTM,kinh-te-tai-nguyen-thien-nhien,D01,Điểm học bạ,2025,19.1,Kinh tế tài nguyên thiên nhiên
60537,DTM,kinh-te-tai-nguyen-thien-nhien,X04,Điểm học bạ,2025,18.12,Kinh tế tài nguyên thiên nhiên
60538,DTM,kinh-te-tai-nguyen-thien-nhien,B03,Điểm thi THPT,2025,15.0,Kinh tế tài nguyên thiên nhiên
60539,DTM,kinh-te-tai-nguyen-thien-nhien,C01,Điểm thi THPT,2025,15.0,Kinh tế tài nguyên thiên nhiên
60540,DTM,kinh-te-tai-nguyen-thien-nhien,C02,Điểm thi THPT,2025,15.0,Kinh tế tài nguyên thiên nhiên
60541,DTM,kinh-te-tai-nguyen-thien-nhien,C03,Điểm thi THPT,2025,15.0,Kinh tế tài nguyên thiên nhiên
60542,DTM,kinh-te-tai-nguyen-thien-nhien,C04,Điểm thi THPT,2025,15.0,Kinh tế tài nguyên thiên nhiên
60543,DTM,kinh-te-tai-nguyen-thien-nhien,D01,Điểm thi THPT,2025,15.0,Kinh tế tài nguyên thiên nhiên
60544,DTM,kinh-te-tai-nguyen-thien-nhien,D04,Điểm thi THPT,2025,15.0,Kinh tế tài nguyên thiên nhiên
60545,DTM,kinh-te-tai-nguyen-thien-nhien,X01,Điểm thi THPT,2025,15.0,Kinh tế tài nguyên thiên nhiên
60546,DTM,ky-thuat-cap-thoat-nuoc,A00,Điểm học bạ,2021,20.5,Kỹ thuật cấp thoát nước
60547,DTM,ky-thuat-cap-thoat-nuoc,A01,Điểm học bạ,2021,20.5,Kỹ thuật cấp thoát nước
60548,DTM,ky-thuat-cap-thoat-nuoc,A02,Điểm học bạ,2021,20.5,Kỹ thuật cấp thoát nước
60549,DTM,ky-thuat-cap-thoat-nuoc,B00,Điểm học bạ,2021,20.5,Kỹ thuật cấp thoát nước
60550,DTM,ky-thuat-cap-thoat-nuoc,A00,Điểm thi THPT,2021,15.0,Kỹ thuật cấp thoát nước
60551,DTM,ky-thuat-cap-thoat-nuoc,A01,Điểm thi THPT,2021,15.0,Kỹ thuật cấp thoát nước
60552,DTM,ky-thuat-cap-thoat-nuoc,A02,Điểm thi THPT,2021,15.0,Kỹ thuật cấp thoát nước
60553,DTM,ky-thuat-cap-thoat-nuoc,B00,Điểm thi THPT,2021,15.0,Kỹ thuật cấp thoát nước
60554,DTM,ky-thuat-cap-thoat-nuoc,A00,Điểm thi THPT,2022,20.0,Kỹ thuật cấp thoát nước
60555,DTM,ky-thuat-cap-thoat-nuoc,A01,Điểm thi THPT,2022,20.0,Kỹ thuật cấp thoát nước
60556,DTM,ky-thuat-cap-thoat-nuoc,A02,Điểm thi THPT,2022,20.0,Kỹ thuật cấp thoát nước
60557,DTM,ky-thuat-cap-thoat-nuoc,B00,Điểm thi THPT,2022,20.0,Kỹ thuật cấp thoát nước
60558,DTM,ky-thuat-cap-thoat-nuoc,A00,Điểm thi THPT,2023,15.0,Kỹ thuật cấp thoát nước
60559,DTM,ky-thuat-cap-thoat-nuoc,A01,Điểm thi THPT,2023,15.0,Kỹ thuật cấp thoát nước
60560,DTM,ky-thuat-cap-thoat-nuoc,A02,Điểm thi THPT,2023,15.0,Kỹ thuật cấp thoát nước
60561,DTM,ky-thuat-cap-thoat-nuoc,B00,Điểm thi THPT,2023,15.0,Kỹ thuật cấp thoát nước
60562,DTM,ky-thuat-cap-thoat-nuoc,A00,Điểm học bạ,2024,18.0,Kỹ thuật cấp thoát nước
60563,DTM,ky-thuat-cap-thoat-nuoc,A01,Điểm học bạ,2024,18.0,Kỹ thuật cấp thoát nước
60564,DTM,ky-thuat-cap-thoat-nuoc,A02,Điểm học bạ,2024,18.0,Kỹ thuật cấp thoát nước
60565,DTM,ky-thuat-cap-thoat-nuoc,B00,Điểm học bạ,2024,18.0,Kỹ thuật cấp thoát nước
60566,DTM,ky-thuat-cap-thoat-nuoc,A00,Điểm thi THPT,2024,15.0,Kỹ thuật cấp thoát nước
60567,DTM,ky-thuat-cap-thoat-nuoc,A01,Điểm thi THPT,2024,15.0,Kỹ thuật cấp thoát nước
60568,DTM,ky-thuat-cap-thoat-nuoc,A02,Điểm thi THPT,2024,15.0,Kỹ thuật cấp thoát nước
60569,DTM,ky-thuat-cap-thoat-nuoc,B00,Điểm thi THPT,2024,15.0,Kỹ thuật cấp thoát nước
60570,DTM,ky-thuat-cap-thoat-nuoc,B03,Điểm học bạ,2025,19.1,Kỹ thuật cấp thoát nước
60571,DTM,ky-thuat-cap-thoat-nuoc,C01,Điểm học bạ,2025,18.12,Kỹ thuật cấp thoát nước
60572,DTM,ky-thuat-cap-thoat-nuoc,C02,Điểm học bạ,2025,19.1,Kỹ thuật cấp thoát nước
60573,DTM,ky-thuat-cap-thoat-nuoc,C03,Điểm học bạ,2025,18.63,Kỹ thuật cấp thoát nước
60574,DTM,ky-thuat-cap-thoat-nuoc,D01,Điểm học bạ,2025,19.1,Kỹ thuật cấp thoát nước
60575,DTM,ky-thuat-cap-thoat-nuoc,X01,Điểm học bạ,2025,18.12,Kỹ thuật cấp thoát nước
60576,DTM,ky-thuat-cap-thoat-nuoc,X02,Điểm học bạ,2025,19.1,Kỹ thuật cấp thoát nước
60577,DTM,ky-thuat-cap-thoat-nuoc,X04,Điểm học bạ,2025,18.12,Kỹ thuật cấp thoát nước
60578,DTM,ky-thuat-cap-thoat-nuoc,B03,Điểm thi THPT,2025,15.0,Kỹ thuật cấp thoát nước
60579,DTM,ky-thuat-cap-thoat-nuoc,C01,Điểm thi THPT,2025,15.0,Kỹ thuật cấp thoát nước
60580,DTM,ky-thuat-cap-thoat-nuoc,C02,Điểm thi THPT,2025,15.0,Kỹ thuật cấp thoát nước
60581,DTM,ky-thuat-cap-thoat-nuoc,C03,Điểm thi THPT,2025,15.0,Kỹ thuật cấp thoát nước
60582,DTM,ky-thuat-cap-thoat-nuoc,D01,Điểm thi THPT,2025,15.0,Kỹ thuật cấp thoát nước
60583,DTM,ky-thuat-cap-thoat-nuoc,X01,Điểm thi THPT,2025,15.0,Kỹ thuật cấp thoát nước
60584,DTM,ky-thuat-cap-thoat-nuoc,X02,Điểm thi THPT,2025,15.0,Kỹ thuật cấp thoát nước
60585,DTM,ky-thuat-cap-thoat-nuoc,X04,Điểm thi THPT,2025,15.0,Kỹ thuật cấp thoát nước
60586,DTM,ky-thuat-tai-nguyen-nuoc,A00,Điểm học bạ,2021,20.5,Kỹ thuật tài nguyên nước
60587,DTM,ky-thuat-tai-nguyen-nuoc,A01,Điểm học bạ,2021,20.5,Kỹ thuật tài nguyên nước
60588,DTM,ky-thuat-tai-nguyen-nuoc,A02,Điểm học bạ,2021,20.5,Kỹ thuật tài nguyên nước
60589,DTM,ky-thuat-tai-nguyen-nuoc,B00,Điểm học bạ,2021,20.5,Kỹ thuật tài nguyên nước
60590,DTM,ky-thuat-tai-nguyen-nuoc,A00,Điểm thi THPT,2021,15.0,Kỹ thuật tài nguyên nước
60591,DTM,ky-thuat-tai-nguyen-nuoc,A01,Điểm thi THPT,2021,15.0,Kỹ thuật tài nguyên nước
60592,DTM,ky-thuat-tai-nguyen-nuoc,A02,Điểm thi THPT,2021,15.0,Kỹ thuật tài nguyên nước
60593,DTM,ky-thuat-tai-nguyen-nuoc,B00,Điểm thi THPT,2021,15.0,Kỹ thuật tài nguyên nước
60594,DTM,ky-thuat-tai-nguyen-nuoc,A00,Điểm thi THPT,2022,20.0,Kỹ thuật tài nguyên nước
60595,DTM,ky-thuat-tai-nguyen-nuoc,A01,Điểm thi THPT,2022,20.0,Kỹ thuật tài nguyên nước
60596,DTM,ky-thuat-tai-nguyen-nuoc,A02,Điểm thi THPT,2022,20.0,Kỹ thuật tài nguyên nước
60597,DTM,ky-thuat-tai-nguyen-nuoc,B00,Điểm thi THPT,2022,20.0,Kỹ thuật tài nguyên nước
60598,DTM,ky-thuat-trac-dia-ban-do,A00,Điểm học bạ,2021,20.5,Kỹ thuật trắc địa - Bản đồ
60599,DTM,ky-thuat-trac-dia-ban-do,A01,Điểm học bạ,2021,20.5,Kỹ thuật trắc địa - Bản đồ
60600,DTM,ky-thuat-trac-dia-ban-do,A02,Điểm học bạ,2021,20.5,Kỹ thuật trắc địa - Bản đồ
60601,DTM,ky-thuat-trac-dia-ban-do,B00,Điểm học bạ,2021,20.5,Kỹ thuật trắc địa - Bản đồ
60602,DTM,ky-thuat-trac-dia-ban-do,A00,Điểm thi THPT,2021,15.0,Kỹ thuật trắc địa - Bản đồ
60603,DTM,ky-thuat-trac-dia-ban-do,A01,Điểm thi THPT,2021,15.0,Kỹ thuật trắc địa - Bản đồ
60604,DTM,ky-thuat-trac-dia-ban-do,A02,Điểm thi THPT,2021,15.0,Kỹ thuật trắc địa - Bản đồ
60605,DTM,ky-thuat-trac-dia-ban-do,B00,Điểm thi THPT,2021,15.0,Kỹ thuật trắc địa - Bản đồ
60606,DTM,ky-thuat-trac-dia-ban-do,A00,Điểm thi THPT,2022,20.0,Kỹ thuật trắc địa - bản đồ
60607,DTM,ky-thuat-trac-dia-ban-do,A01,Điểm thi THPT,2022,20.0,Kỹ thuật trắc địa - bản đồ
60608,DTM,ky-thuat-trac-dia-ban-do,A02,Điểm thi THPT,2022,20.0,Kỹ thuật trắc địa - bản đồ
60609,DTM,ky-thuat-trac-dia-ban-do,B00,Điểm thi THPT,2022,20.0,Kỹ thuật trắc địa - bản đồ
60610,DTM,ky-thuat-trac-dia-ban-do,A00,Điểm thi THPT,2023,15.0,Kỹ thuật trắc địa - Bản đồ
60611,DTM,ky-thuat-trac-dia-ban-do,A01,Điểm thi THPT,2023,15.0,Kỹ thuật trắc địa - Bản đồ
60612,DTM,ky-thuat-trac-dia-ban-do,A02,Điểm thi THPT,2023,15.0,Kỹ thuật trắc địa - Bản đồ
60613,DTM,ky-thuat-trac-dia-ban-do,B00,Điểm thi THPT,2023,15.0,Kỹ thuật trắc địa - Bản đồ
60614,DTM,ky-thuat-trac-dia-ban-do,A00,Điểm học bạ,2024,18.0,Kỹ thuật trắc địa - Bản đồ
60615,DTM,ky-thuat-trac-dia-ban-do,A01,Điểm học bạ,2024,18.0,Kỹ thuật trắc địa - Bản đồ
60616,DTM,ky-thuat-trac-dia-ban-do,A02,Điểm học bạ,2024,18.0,Kỹ thuật trắc địa - Bản đồ
60617,DTM,ky-thuat-trac-dia-ban-do,B00,Điểm học bạ,2024,18.0,Kỹ thuật trắc địa - Bản đồ
60618,DTM,ky-thuat-trac-dia-ban-do,A00,Điểm thi THPT,2024,15.0,Kỹ thuật trắc địa - Bản đồ
60619,DTM,ky-thuat-trac-dia-ban-do,A01,Điểm thi THPT,2024,15.0,Kỹ thuật trắc địa - Bản đồ
60620,DTM,ky-thuat-trac-dia-ban-do,A02,Điểm thi THPT,2024,15.0,Kỹ thuật trắc địa - Bản đồ
60621,DTM,ky-thuat-trac-dia-ban-do,B00,Điểm thi THPT,2024,15.0,Kỹ thuật trắc địa - Bản đồ
60622,DTM,ky-thuat-trac-dia-ban-do,B03,Điểm học bạ,2025,19.1,Kỹ thuật trắc địa – Bản đồ
60623,DTM,ky-thuat-trac-dia-ban-do,C01,Điểm học bạ,2025,18.12,Kỹ thuật trắc địa – Bản đồ
60624,DTM,ky-thuat-trac-dia-ban-do,C02,Điểm học bạ,2025,19.1,Kỹ thuật trắc địa – Bản đồ
60625,DTM,ky-thuat-trac-dia-ban-do,C03,Điểm học bạ,2025,18.63,Kỹ thuật trắc địa – Bản đồ
60626,DTM,ky-thuat-trac-dia-ban-do,C04,Điểm học bạ,2025,18.63,Kỹ thuật trắc địa – Bản đồ
60627,DTM,ky-thuat-trac-dia-ban-do,X01,Điểm học bạ,2025,18.12,Kỹ thuật trắc địa – Bản đồ
60628,DTM,ky-thuat-trac-dia-ban-do,X02,Điểm học bạ,2025,19.1,Kỹ thuật trắc địa – Bản đồ
60629,DTM,ky-thuat-trac-dia-ban-do,X04,Điểm học bạ,2025,18.12,Kỹ thuật trắc địa – Bản đồ
60630,DTM,ky-thuat-trac-dia-ban-do,B03,Điểm thi THPT,2025,15.0,Kỹ thuật trắc địa – Bản đồ
60631,DTM,ky-thuat-trac-dia-ban-do,C01,Điểm thi THPT,2025,15.0,Kỹ thuật trắc địa – Bản đồ
60632,DTM,ky-thuat-trac-dia-ban-do,C02,Điểm thi THPT,2025,15.0,Kỹ thuật trắc địa – Bản đồ
60633,DTM,ky-thuat-trac-dia-ban-do,C03,Điểm thi THPT,2025,15.0,Kỹ thuật trắc địa – Bản đồ
60634,DTM,ky-thuat-trac-dia-ban-do,C04,Điểm thi THPT,2025,15.0,Kỹ thuật trắc địa – Bản đồ
60635,DTM,ky-thuat-trac-dia-ban-do,D01,Điểm thi THPT,2025,15.0,Kỹ thuật trắc địa – Bản đồ
60636,DTM,ky-thuat-trac-dia-ban-do,X02,Điểm thi THPT,2025,15.0,Kỹ thuật trắc địa – Bản đồ
60637,DTM,ky-thuat-trac-dia-ban-do,X04,Điểm thi THPT,2025,15.0,Kỹ thuật trắc địa – Bản đồ
60638,DTM,logictics-va-quan-ly-chuoi-cung-ung,B03,Điểm học bạ,2025,24.1,Logictics và quản lý chuỗi cung ứng
60639,DTM,logictics-va-quan-ly-chuoi-cung-ung,C01,Điểm học bạ,2025,23.12,Logictics và quản lý chuỗi cung ứng
60640,DTM,logictics-va-quan-ly-chuoi-cung-ung,C02,Điểm học bạ,2025,24.1,Logictics và quản lý chuỗi cung ứng
60641,DTM,logictics-va-quan-ly-chuoi-cung-ung,C03,Điểm học bạ,2025,23.63,Logictics và quản lý chuỗi cung ứng
60642,DTM,logictics-va-quan-ly-chuoi-cung-ung,C04,Điểm học bạ,2025,23.63,Logictics và quản lý chuỗi cung ứng
60643,DTM,logictics-va-quan-ly-chuoi-cung-ung,D01,Điểm học bạ,2025,24.1,Logictics và quản lý chuỗi cung ứng
60644,DTM,logictics-va-quan-ly-chuoi-cung-ung,D04,Điểm học bạ,2025,23.7,Logictics và quản lý chuỗi cung ứng
60645,DTM,logictics-va-quan-ly-chuoi-cung-ung,X01,Điểm học bạ,2025,23.12,Logictics và quản lý chuỗi cung ứng
60646,DTM,logictics-va-quan-ly-chuoi-cung-ung,B03,Điểm thi THPT,2025,20.0,Logictics và quản lý chuỗi cung ứng
60647,DTM,logictics-va-quan-ly-chuoi-cung-ung,C01,Điểm thi THPT,2025,20.0,Logictics và quản lý chuỗi cung ứng
60648,DTM,logictics-va-quan-ly-chuoi-cung-ung,C02,Điểm thi THPT,2025,20.0,Logictics và quản lý chuỗi cung ứng
60649,DTM,logictics-va-quan-ly-chuoi-cung-ung,C03,Điểm thi THPT,2025,20.0,Logictics và quản lý chuỗi cung ứng
60650,DTM,logictics-va-quan-ly-chuoi-cung-ung,C04,Điểm thi THPT,2025,20.0,Logictics và quản lý chuỗi cung ứng
60651,DTM,logictics-va-quan-ly-chuoi-cung-ung,D01,Điểm thi THPT,2025,20.0,Logictics và quản lý chuỗi cung ứng
60652,DTM,logictics-va-quan-ly-chuoi-cung-ung,D04,Điểm thi THPT,2025,20.0,Logictics và quản lý chuỗi cung ứng
60653,DTM,logictics-va-quan-ly-chuoi-cung-ung,X01,Điểm thi THPT,2025,20.0,Logictics và quản lý chuỗi cung ứng
60654,DTM,quan-ly-dat-dai,A00,Điểm thi THPT,2021,22.0,Quản lý đất đai
60655,DTM,quan-ly-dat-dai,A01,Điểm thi THPT,2021,22.0,Quản lý đất đai
60656,DTM,quan-ly-dat-dai,B00,Điểm thi THPT,2021,22.0,Quản lý đất đai
60657,DTM,quan-ly-dat-dai,D01,Điểm thi THPT,2021,22.0,Quản lý đất đai
60658,DTM,quan-ly-dat-dai,A00,Điểm thi THPT,2022,29.0,Quản lý đất đai
60659,DTM,quan-ly-dat-dai,A01,Điểm thi THPT,2022,29.0,Quản lý đất đai
60660,DTM,quan-ly-dat-dai,B00,Điểm thi THPT,2022,29.0,Quản lý đất đai
60661,DTM,quan-ly-dat-dai,D01,Điểm thi THPT,2022,29.0,Quản lý đất đai
60662,DTM,quan-ly-dat-dai,A00,Điểm thi THPT,2023,17.0,Quản lý đất đai
60663,DTM,quan-ly-dat-dai,A01,Điểm thi THPT,2023,17.0,Quản lý đất đai
60664,DTM,quan-ly-dat-dai,B00,Điểm thi THPT,2023,17.0,Quản lý đất đai
60665,DTM,quan-ly-dat-dai,D01,Điểm thi THPT,2023,17.0,Quản lý đất đai
60666,DTM,quan-ly-dat-dai,A00,Điểm học bạ,2024,20.0,Quản lý đất đai
60667,DTM,quan-ly-dat-dai,A01,Điểm học bạ,2024,20.0,Quản lý đất đai
60668,DTM,quan-ly-dat-dai,B00,Điểm học bạ,2024,20.0,Quản lý đất đai
60669,DTM,quan-ly-dat-dai,D01,Điểm học bạ,2024,20.0,Quản lý đất đai
60670,DTM,quan-ly-dat-dai,A00,Điểm thi THPT,2024,17.5,Quản lý đất đai
60671,DTM,quan-ly-dat-dai,A01,Điểm thi THPT,2024,17.5,Quản lý đất đai
60672,DTM,quan-ly-dat-dai,B00,Điểm thi THPT,2024,17.5,Quản lý đất đai
60673,DTM,quan-ly-dat-dai,D01,Điểm thi THPT,2024,17.5,Quản lý đất đai
60674,DTM,quan-ly-dat-dai,B03,Điểm học bạ,2025,19.1,Quản lý đất đai
60675,DTM,quan-ly-dat-dai,C01,Điểm học bạ,2025,18.12,Quản lý đất đai
60676,DTM,quan-ly-dat-dai,C02,Điểm học bạ,2025,19.1,Quản lý đất đai
60677,DTM,quan-ly-dat-dai,C03,Điểm học bạ,2025,18.63,Quản lý đất đai
60678,DTM,quan-ly-dat-dai,C04,Điểm học bạ,2025,18.63,Quản lý đất đai
60679,DTM,quan-ly-dat-dai,D01,Điểm học bạ,2025,19.1,Quản lý đất đai
60680,DTM,quan-ly-dat-dai,X01,Điểm học bạ,2025,18.12,Quản lý đất đai
60681,DTM,quan-ly-dat-dai,X04,Điểm học bạ,2025,18.12,Quản lý đất đai
60682,DTM,quan-ly-dat-dai,B03,Điểm thi THPT,2025,15.0,Quản lý đất đai
60683,DTM,quan-ly-dat-dai,C01,Điểm thi THPT,2025,15.0,Quản lý đất đai
60684,DTM,quan-ly-dat-dai,C02,Điểm thi THPT,2025,15.0,Quản lý đất đai
60685,DTM,quan-ly-dat-dai,C03,Điểm thi THPT,2025,15.0,Quản lý đất đai
60686,DTM,quan-ly-dat-dai,C04,Điểm thi THPT,2025,15.0,Quản lý đất đai
60687,DTM,quan-ly-dat-dai,D01,Điểm thi THPT,2025,15.0,Quản lý đất đai
60688,DTM,quan-ly-dat-dai,X01,Điểm thi THPT,2025,15.0,Quản lý đất đai
60689,DTM,quan-ly-dat-dai,X02,Điểm thi THPT,2025,15.0,Quản lý đất đai
60690,DTM,quan-ly-do-thi-va-cong-trinh,A00,Điểm thi THPT,2022,20.0,Quản lý đô thị và công trình
60691,DTM,quan-ly-do-thi-va-cong-trinh,A01,Điểm thi THPT,2022,20.0,Quản lý đô thị và công trình
60692,DTM,quan-ly-do-thi-va-cong-trinh,A02,Điểm thi THPT,2022,20.0,Quản lý đô thị và công trình
60693,DTM,quan-ly-do-thi-va-cong-trinh,B00,Điểm thi THPT,2022,20.0,Quản lý đô thị và công trình
60694,DTM,quan-ly-do-thi-va-cong-trinh,A00,Điểm thi THPT,2023,16.0,Quản lý đô thi và công trình
60695,DTM,quan-ly-do-thi-va-cong-trinh,A01,Điểm thi THPT,2023,16.0,Quản lý đô thi và công trình
60696,DTM,quan-ly-do-thi-va-cong-trinh,A02,Điểm thi THPT,2023,16.0,Quản lý đô thi và công trình
60697,DTM,quan-ly-do-thi-va-cong-trinh,B00,Điểm thi THPT,2023,16.0,Quản lý đô thi và công trình
60698,DTM,quan-ly-do-thi-va-cong-trinh,A00,Điểm học bạ,2024,18.0,Quản lý đô thị và công trình
60699,DTM,quan-ly-do-thi-va-cong-trinh,A01,Điểm học bạ,2024,18.0,Quản lý đô thị và công trình
60700,DTM,quan-ly-do-thi-va-cong-trinh,A02,Điểm học bạ,2024,18.0,Quản lý đô thị và công trình
60701,DTM,quan-ly-do-thi-va-cong-trinh,B00,Điểm học bạ,2024,18.0,Quản lý đô thị và công trình
60702,DTM,quan-ly-do-thi-va-cong-trinh,A00,Điểm thi THPT,2024,15.0,Quàn lý đô thị và công trình
60703,DTM,quan-ly-do-thi-va-cong-trinh,A01,Điểm thi THPT,2024,15.0,Quàn lý đô thị và công trình
60704,DTM,quan-ly-do-thi-va-cong-trinh,A02,Điểm thi THPT,2024,15.0,Quàn lý đô thị và công trình
60705,DTM,quan-ly-do-thi-va-cong-trinh,B00,Điểm thi THPT,2024,15.0,Quàn lý đô thị và công trình
60706,DTM,quan-ly-do-thi-va-cong-trinh,B03,Điểm học bạ,2025,19.1,Quản lý đô thị và công trình
60707,DTM,quan-ly-do-thi-va-cong-trinh,C01,Điểm học bạ,2025,18.12,Quản lý đô thị và công trình
60708,DTM,quan-ly-do-thi-va-cong-trinh,C02,Điểm học bạ,2025,19.1,Quản lý đô thị và công trình
60709,DTM,quan-ly-do-thi-va-cong-trinh,C03,Điểm học bạ,2025,18.63,Quản lý đô thị và công trình
60710,DTM,quan-ly-do-thi-va-cong-trinh,C04,Điểm học bạ,2025,18.63,Quản lý đô thị và công trình
60711,DTM,quan-ly-do-thi-va-cong-trinh,X01,Điểm học bạ,2025,18.12,Quản lý đô thị và công trình
60712,DTM,quan-ly-do-thi-va-cong-trinh,X02,Điểm học bạ,2025,19.1,Quản lý đô thị và công trình
60713,DTM,quan-ly-do-thi-va-cong-trinh,X04,Điểm học bạ,2025,18.12,Quản lý đô thị và công trình
60714,DTM,quan-ly-do-thi-va-cong-trinh,B03,Điểm thi THPT,2025,15.0,Quản lý đô thị và công trình
60715,DTM,quan-ly-do-thi-va-cong-trinh,C01,Điểm thi THPT,2025,15.0,Quản lý đô thị và công trình
60716,DTM,quan-ly-do-thi-va-cong-trinh,C02,Điểm thi THPT,2025,15.0,Quản lý đô thị và công trình
60717,DTM,quan-ly-do-thi-va-cong-trinh,C03,Điểm thi THPT,2025,15.0,Quản lý đô thị và công trình
60718,DTM,quan-ly-do-thi-va-cong-trinh,C04,Điểm thi THPT,2025,15.0,Quản lý đô thị và công trình
60719,DTM,quan-ly-do-thi-va-cong-trinh,D01,Điểm thi THPT,2025,15.0,Quản lý đô thị và công trình
60720,DTM,quan-ly-do-thi-va-cong-trinh,X02,Điểm thi THPT,2025,15.0,Quản lý đô thị và công trình
60721,DTM,quan-ly-do-thi-va-cong-trinh,X04,Điểm thi THPT,2025,15.0,Quản lý đô thị và công trình
60722,DTM,quan-ly-tai-nguyen-khoang-san,A00,Điểm học bạ,2021,20.5,Quản lý tài nguyên khoáng sản
60723,DTM,quan-ly-tai-nguyen-khoang-san,A01,Điểm học bạ,2021,20.5,Quản lý tài nguyên khoáng sản
60724,DTM,quan-ly-tai-nguyen-khoang-san,A02,Điểm học bạ,2021,20.5,Quản lý tài nguyên khoáng sản
60725,DTM,quan-ly-tai-nguyen-khoang-san,B00,Điểm học bạ,2021,20.5,Quản lý tài nguyên khoáng sản
60726,DTM,quan-ly-tai-nguyen-khoang-san,A00,Điểm thi THPT,2021,15.0,Quản lý tài nguyên khoáng sản
60727,DTM,quan-ly-tai-nguyen-khoang-san,A01,Điểm thi THPT,2021,15.0,Quản lý tài nguyên khoáng sản
60728,DTM,quan-ly-tai-nguyen-khoang-san,A02,Điểm thi THPT,2021,15.0,Quản lý tài nguyên khoáng sản
60729,DTM,quan-ly-tai-nguyen-khoang-san,B00,Điểm thi THPT,2021,15.0,Quản lý tài nguyên khoáng sản
60730,DTM,quan-ly-tai-nguyen-nuoc,B03,Điểm học bạ,2025,19.1,Quản lý tài nguyên nước
60731,DTM,quan-ly-tai-nguyen-nuoc,C01,Điểm học bạ,2025,18.12,Quản lý tài nguyên nước
60732,DTM,quan-ly-tai-nguyen-nuoc,C02,Điểm học bạ,2025,19.1,Quản lý tài nguyên nước
60733,DTM,quan-ly-tai-nguyen-nuoc,C03,Điểm học bạ,2025,18.63,Quản lý tài nguyên nước
60734,DTM,quan-ly-tai-nguyen-nuoc,C04,Điểm học bạ,2025,18.63,Quản lý tài nguyên nước
60735,DTM,quan-ly-tai-nguyen-nuoc,D01,Điểm học bạ,2025,19.1,Quản lý tài nguyên nước
60736,DTM,quan-ly-tai-nguyen-nuoc,X01,Điểm học bạ,2025,18.12,Quản lý tài nguyên nước
60737,DTM,quan-ly-tai-nguyen-nuoc,X04,Điểm học bạ,2025,18.12,Quản lý tài nguyên nước
60738,DTM,quan-ly-tai-nguyen-nuoc,B03,Điểm thi THPT,2025,15.0,Quản lý tài nguyên nước
60739,DTM,quan-ly-tai-nguyen-nuoc,C01,Điểm thi THPT,2025,15.0,Quản lý tài nguyên nước
60740,DTM,quan-ly-tai-nguyen-nuoc,C02,Điểm thi THPT,2025,15.0,Quản lý tài nguyên nước
60741,DTM,quan-ly-tai-nguyen-nuoc,C03,Điểm thi THPT,2025,15.0,Quản lý tài nguyên nước
60742,DTM,quan-ly-tai-nguyen-nuoc,C04,Điểm thi THPT,2025,15.0,Quản lý tài nguyên nước
60743,DTM,quan-ly-tai-nguyen-nuoc,D01,Điểm thi THPT,2025,15.0,Quản lý tài nguyên nước
60744,DTM,quan-ly-tai-nguyen-nuoc,X01,Điểm thi THPT,2025,15.0,Quản lý tài nguyên nước
60745,DTM,quan-ly-tai-nguyen-nuoc,X02,Điểm thi THPT,2025,15.0,Quản lý tài nguyên nước
60746,DTM,quan-ly-tai-nguyen-va-moi-truong,A00,Điểm thi THPT,2021,15.0,Quản lý tài nguyên và môi trường
60747,DTM,quan-ly-tai-nguyen-va-moi-truong,A01,Điểm thi THPT,2021,15.0,Quản lý tài nguyên và môi trường
60748,DTM,quan-ly-tai-nguyen-va-moi-truong,A02,Điểm thi THPT,2021,15.0,Quản lý tài nguyên và môi trường
60749,DTM,quan-ly-tai-nguyen-va-moi-truong,B00,Điểm thi THPT,2021,15.0,Quản lý tài nguyên và môi trường
60750,DTM,quan-ly-tai-nguyen-va-moi-truong,A00,Điểm thi THPT,2022,20.0,Quản lý tài nguyên và môi trường
60751,DTM,quan-ly-tai-nguyen-va-moi-truong,A01,Điểm thi THPT,2022,20.0,Quản lý tài nguyên và môi trường
60752,DTM,quan-ly-tai-nguyen-va-moi-truong,A02,Điểm thi THPT,2022,20.0,Quản lý tài nguyên và môi trường
60753,DTM,quan-ly-tai-nguyen-va-moi-truong,B00,Điểm thi THPT,2022,20.0,Quản lý tài nguyên và môi trường
60754,DTM,quan-ly-tai-nguyen-va-moi-truong,A00,Điểm thi THPT,2023,16.0,Quản lý tài nguyên và môi trường
60755,DTM,quan-ly-tai-nguyen-va-moi-truong,A01,Điểm thi THPT,2023,16.0,Quản lý tài nguyên và môi trường
60756,DTM,quan-ly-tai-nguyen-va-moi-truong,A02,Điểm thi THPT,2023,16.0,Quản lý tài nguyên và môi trường
60757,DTM,quan-ly-tai-nguyen-va-moi-truong,B00,Điểm thi THPT,2023,16.0,Quản lý tài nguyên và môi trường
60758,DTM,quan-ly-tai-nguyen-va-moi-truong,A00,Điểm học bạ,2024,19.0,Quản lý tài nguyên và môi trường
60759,DTM,quan-ly-tai-nguyen-va-moi-truong,A01,Điểm học bạ,2024,19.0,Quản lý tài nguyên và môi trường
60760,DTM,quan-ly-tai-nguyen-va-moi-truong,A02,Điểm học bạ,2024,19.0,Quản lý tài nguyên và môi trường
60761,DTM,quan-ly-tai-nguyen-va-moi-truong,B00,Điểm học bạ,2024,19.0,Quản lý tài nguyên và môi trường
60762,DTM,quan-ly-tai-nguyen-va-moi-truong,A00,Điểm thi THPT,2024,16.0,Quản lý tài nguyên và môi trường
60763,DTM,quan-ly-tai-nguyen-va-moi-truong,A01,Điểm thi THPT,2024,16.0,Quản lý tài nguyên và môi trường
60764,DTM,quan-ly-tai-nguyen-va-moi-truong,A02,Điểm thi THPT,2024,16.0,Quản lý tài nguyên và môi trường
60765,DTM,quan-ly-tai-nguyen-va-moi-truong,B00,Điểm thi THPT,2024,16.0,Quản lý tài nguyên và môi trường
60766,DTM,quan-ly-tai-nguyen-va-moi-truong,B03,Điểm học bạ,2025,19.2,Quản lý tài nguyên và môi trường
60767,DTM,quan-ly-tai-nguyen-va-moi-truong,C02,Điểm học bạ,2025,19.2,Quản lý tài nguyên và môi trường
60768,DTM,quan-ly-tai-nguyen-va-moi-truong,C03,Điểm học bạ,2025,19.2,Quản lý tài nguyên và môi trường
60769,DTM,quan-ly-tai-nguyen-va-moi-truong,C04,Điểm học bạ,2025,19.2,Quản lý tài nguyên và môi trường
60770,DTM,quan-ly-tai-nguyen-va-moi-truong,D01,Điểm học bạ,2025,19.2,Quản lý tài nguyên và môi trường
60771,DTM,quan-ly-tai-nguyen-va-moi-truong,X01,Điểm học bạ,2025,19.2,Quản lý tài nguyên và môi trường
60772,DTM,quan-ly-tai-nguyen-va-moi-truong,X02,Điểm học bạ,2025,19.2,Quản lý tài nguyên và môi trường
60773,DTM,quan-ly-tai-nguyen-va-moi-truong,X03,Điểm học bạ,2025,19.2,Quản lý tài nguyên và môi trường
60774,DTM,quan-ly-tai-nguyen-va-moi-truong,X04,Điểm học bạ,2025,18.62,Quản lý tài nguyên và môi trường
60775,DTM,quan-ly-tai-nguyen-va-moi-truong,B03,Điểm thi THPT,2025,15.5,Quản lý tài nguyên và môi trường
60776,DTM,quan-ly-tai-nguyen-va-moi-truong,C02,Điểm thi THPT,2025,15.5,Quản lý tài nguyên và môi trường
60777,DTM,quan-ly-tai-nguyen-va-moi-truong,C03,Điểm thi THPT,2025,15.5,Quản lý tài nguyên và môi trường
60778,DTM,quan-ly-tai-nguyen-va-moi-truong,C04,Điểm thi THPT,2025,15.5,Quản lý tài nguyên và môi trường
60779,DTM,quan-ly-tai-nguyen-va-moi-truong,D01,Điểm thi THPT,2025,15.5,Quản lý tài nguyên và môi trường
60780,DTM,quan-ly-tai-nguyen-va-moi-truong,X01,Điểm thi THPT,2025,15.5,Quản lý tài nguyên và môi trường
60781,DTM,quan-ly-tai-nguyen-va-moi-truong,X02,Điểm thi THPT,2025,15.5,Quản lý tài nguyên và môi trường
60782,DTM,quan-ly-tai-nguyen-va-moi-truong,X04,Điểm thi THPT,2025,15.5,Quản lý tài nguyên và môi trường
60783,DTM,quan-ly-tai-nguyen-va-moi-truong-bien-dao,A00,Điểm học bạ,2021,20.5,Quản lý tài nguyên và môi trường biển đảo
60784,DTM,quan-ly-tai-nguyen-va-moi-truong-bien-dao,A01,Điểm học bạ,2021,20.5,Quản lý tài nguyên và môi trường biển đảo
60785,DTM,quan-ly-tai-nguyen-va-moi-truong-bien-dao,B00,Điểm học bạ,2021,20.5,Quản lý tài nguyên và môi trường biển đảo
60786,DTM,quan-ly-tai-nguyen-va-moi-truong-bien-dao,D01,Điểm học bạ,2021,20.5,Quản lý tài nguyên và môi trường biển đảo
60787,DTM,quan-ly-tai-nguyen-va-moi-truong-bien-dao,A00,Điểm thi THPT,2021,15.0,Quản lý tài nguyên và môi trường biển đảo
60788,DTM,quan-ly-tai-nguyen-va-moi-truong-bien-dao,A01,Điểm thi THPT,2021,15.0,Quản lý tài nguyên và môi trường biển đảo
60789,DTM,quan-ly-tai-nguyen-va-moi-truong-bien-dao,B00,Điểm thi THPT,2021,15.0,Quản lý tài nguyên và môi trường biển đảo
60790,DTM,quan-ly-tai-nguyen-va-moi-truong-bien-dao,D01,Điểm thi THPT,2021,15.0,Quản lý tài nguyên và môi trường biển đảo
60791,DTM,quan-ly-tai-nguyen-va-moi-truong-bien-dao,A00,Điểm thi THPT,2022,19.5,Quản lý tài nguyên và môi trường biển đảo
60792,DTM,quan-ly-tai-nguyen-va-moi-truong-bien-dao,A01,Điểm thi THPT,2022,19.5,Quản lý tài nguyên và môi trường biển đảo
60793,DTM,quan-ly-tai-nguyen-va-moi-truong-bien-dao,B00,Điểm thi THPT,2022,19.5,Quản lý tài nguyên và môi trường biển đảo
60794,DTM,quan-ly-tai-nguyen-va-moi-truong-bien-dao,D01,Điểm thi THPT,2022,19.5,Quản lý tài nguyên và môi trường biển đảo
60795,DTM,quan-ly-tai-nguyen-va-moi-truong-bien-dao,A00,Điểm thi THPT,2023,15.0,Quản lý tài nguyên và môi trường biển đảo
60796,DTM,quan-ly-tai-nguyen-va-moi-truong-bien-dao,A01,Điểm thi THPT,2023,15.0,Quản lý tài nguyên và môi trường biển đảo
60797,DTM,quan-ly-tai-nguyen-va-moi-truong-bien-dao,B00,Điểm thi THPT,2023,15.0,Quản lý tài nguyên và môi trường biển đảo
60798,DTM,quan-ly-tai-nguyen-va-moi-truong-bien-dao,D01,Điểm thi THPT,2023,15.0,Quản lý tài nguyên và môi trường biển đảo
60799,DTM,quan-ly-tai-nguyen-va-moi-truong-bien-dao,A00,Điểm học bạ,2024,18.0,Quản lý tài nguyên và môi trường biển đảo
60800,DTM,quan-ly-tai-nguyen-va-moi-truong-bien-dao,A01,Điểm học bạ,2024,18.0,Quản lý tài nguyên và môi trường biển đảo
60801,DTM,quan-ly-tai-nguyen-va-moi-truong-bien-dao,B00,Điểm học bạ,2024,18.0,Quản lý tài nguyên và môi trường biển đảo
60802,DTM,quan-ly-tai-nguyen-va-moi-truong-bien-dao,D01,Điểm học bạ,2024,18.0,Quản lý tài nguyên và môi trường biển đảo
60803,DTM,quan-ly-tai-nguyen-va-moi-truong-bien-dao,A00,Điểm thi THPT,2024,15.0,Quản lý tài nguyên và môi trường biển đảo
60804,DTM,quan-ly-tai-nguyen-va-moi-truong-bien-dao,A01,Điểm thi THPT,2024,15.0,Quản lý tài nguyên và môi trường biển đảo
60805,DTM,quan-ly-tai-nguyen-va-moi-truong-bien-dao,B00,Điểm thi THPT,2024,15.0,Quản lý tài nguyên và môi trường biển đảo
60806,DTM,quan-ly-tai-nguyen-va-moi-truong-bien-dao,D01,Điểm thi THPT,2024,15.0,Quản lý tài nguyên và môi trường biển đảo
60807,DTM,quan-ly-tai-nguyen-va-moi-truong-bien-dao,B03,Điểm học bạ,2025,19.1,Quản lý tài nguyên và môi trường biển đảo
60808,DTM,quan-ly-tai-nguyen-va-moi-truong-bien-dao,C01,Điểm học bạ,2025,18.12,Quản lý tài nguyên và môi trường biển đảo
60809,DTM,quan-ly-tai-nguyen-va-moi-truong-bien-dao,C02,Điểm học bạ,2025,19.1,Quản lý tài nguyên và môi trường biển đảo
60810,DTM,quan-ly-tai-nguyen-va-moi-truong-bien-dao,C03,Điểm học bạ,2025,18.63,Quản lý tài nguyên và môi trường biển đảo
60811,DTM,quan-ly-tai-nguyen-va-moi-truong-bien-dao,C04,Điểm học bạ,2025,18.63,Quản lý tài nguyên và môi trường biển đảo
60812,DTM,quan-ly-tai-nguyen-va-moi-truong-bien-dao,D01,Điểm học bạ,2025,19.1,Quản lý tài nguyên và môi trường biển đảo
60813,DTM,quan-ly-tai-nguyen-va-moi-truong-bien-dao,X01,Điểm học bạ,2025,18.12,Quản lý tài nguyên và môi trường biển đảo
60814,DTM,quan-ly-tai-nguyen-va-moi-truong-bien-dao,X04,Điểm học bạ,2025,18.12,Quản lý tài nguyên và môi trường biển đảo
60815,DTM,quan-ly-tai-nguyen-va-moi-truong-bien-dao,B03,Điểm thi THPT,2025,15.0,Quản lý tài nguyên và môi trường biển đảo
60816,DTM,quan-ly-tai-nguyen-va-moi-truong-bien-dao,C01,Điểm thi THPT,2025,15.0,Quản lý tài nguyên và môi trường biển đảo
60817,DTM,quan-ly-tai-nguyen-va-moi-truong-bien-dao,C02,Điểm thi THPT,2025,15.0,Quản lý tài nguyên và môi trường biển đảo
60818,DTM,quan-ly-tai-nguyen-va-moi-truong-bien-dao,C03,Điểm thi THPT,2025,15.0,Quản lý tài nguyên và môi trường biển đảo
60819,DTM,quan-ly-tai-nguyen-va-moi-truong-bien-dao,C04,Điểm thi THPT,2025,15.0,Quản lý tài nguyên và môi trường biển đảo
60820,DTM,quan-ly-tai-nguyen-va-moi-truong-bien-dao,D01,Điểm thi THPT,2025,15.0,Quản lý tài nguyên và môi trường biển đảo
60821,DTM,quan-ly-tai-nguyen-va-moi-truong-bien-dao,D04,Điểm thi THPT,2025,15.0,Quản lý tài nguyên và môi trường biển đảo
60822,DTM,quan-ly-tai-nguyen-va-moi-truong-bien-dao,X02,Điểm thi THPT,2025,15.0,Quản lý tài nguyên và môi trường biển đảo
60823,DTM,quan-ly-tong-hop-tai-nguyen-nuoc,A00,Điểm học bạ,2021,20.5,Quản lý tổng hợp tài nguyên nước
60824,DTM,quan-ly-tong-hop-tai-nguyen-nuoc,A01,Điểm học bạ,2021,20.5,Quản lý tổng hợp tài nguyên nước
60825,DTM,quan-ly-tong-hop-tai-nguyen-nuoc,B00,Điểm học bạ,2021,20.5,Quản lý tổng hợp tài nguyên nước
60826,DTM,quan-ly-tong-hop-tai-nguyen-nuoc,D01,Điểm học bạ,2021,20.5,Quản lý tổng hợp tài nguyên nước
60827,DTM,quan-ly-tong-hop-tai-nguyen-nuoc,A00,Điểm thi THPT,2021,15.0,Quản lý tổng hợp tài nguyên nước
60828,DTM,quan-ly-tong-hop-tai-nguyen-nuoc,A01,Điểm thi THPT,2021,15.0,Quản lý tổng hợp tài nguyên nước
60829,DTM,quan-ly-tong-hop-tai-nguyen-nuoc,B00,Điểm thi THPT,2021,15.0,Quản lý tổng hợp tài nguyên nước
60830,DTM,quan-ly-tong-hop-tai-nguyen-nuoc,D01,Điểm thi THPT,2021,15.0,Quản lý tổng hợp tài nguyên nước
60831,DTM,quan-ly-tong-hop-tai-nguyen-nuoc,A00,Điểm thi THPT,2022,20.0,Quản lý tổng hợp tài nguyên nước
60832,DTM,quan-ly-tong-hop-tai-nguyen-nuoc,A01,Điểm thi THPT,2022,20.0,Quản lý tổng hợp tài nguyên nước
60833,DTM,quan-ly-tong-hop-tai-nguyen-nuoc,B00,Điểm thi THPT,2022,20.0,Quản lý tổng hợp tài nguyên nước
60834,DTM,quan-ly-tong-hop-tai-nguyen-nuoc,D01,Điểm thi THPT,2022,20.0,Quản lý tổng hợp tài nguyên nước
60835,DTM,quan-ly-tong-hop-tai-nguyen-nuoc,A00,Điểm thi THPT,2023,15.0,Quản lý tổng hợp tài nguyên nước
60836,DTM,quan-ly-tong-hop-tai-nguyen-nuoc,A01,Điểm thi THPT,2023,15.0,Quản lý tổng hợp tài nguyên nước
60837,DTM,quan-ly-tong-hop-tai-nguyen-nuoc,B00,Điểm thi THPT,2023,15.0,Quản lý tổng hợp tài nguyên nước
60838,DTM,quan-ly-tong-hop-tai-nguyen-nuoc,D01,Điểm thi THPT,2023,15.0,Quản lý tổng hợp tài nguyên nước
60839,DTM,quan-ly-tong-hop-tai-nguyen-nuoc,A00,Điểm học bạ,2024,18.0,Quản lý tổng hợp tài nguyên nước
60840,DTM,quan-ly-tong-hop-tai-nguyen-nuoc,A01,Điểm học bạ,2024,18.0,Quản lý tổng hợp tài nguyên nước
60841,DTM,quan-ly-tong-hop-tai-nguyen-nuoc,B00,Điểm học bạ,2024,18.0,Quản lý tổng hợp tài nguyên nước
60842,DTM,quan-ly-tong-hop-tai-nguyen-nuoc,D01,Điểm học bạ,2024,18.0,Quản lý tổng hợp tài nguyên nước
60843,DTM,quan-ly-tong-hop-tai-nguyen-nuoc,A00,Điểm thi THPT,2024,15.0,Quản lý tổng hợp tài nguyên nước
60844,DTM,quan-ly-tong-hop-tai-nguyen-nuoc,A01,Điểm thi THPT,2024,15.0,Quản lý tổng hợp tài nguyên nước
60845,DTM,quan-ly-tong-hop-tai-nguyen-nuoc,B00,Điểm thi THPT,2024,15.0,Quản lý tổng hợp tài nguyên nước
60846,DTM,quan-ly-tong-hop-tai-nguyen-nuoc,D01,Điểm thi THPT,2024,15.0,Quản lý tổng hợp tài nguyên nước
60847,DTM,quan-tri-kinh-doanh,A00,Điểm thi THPT,2021,24.0,Quản trị kinh doanh
60848,DTM,quan-tri-kinh-doanh,A01,Điểm thi THPT,2021,24.0,Quản trị kinh doanh
60849,DTM,quan-tri-kinh-doanh,B00,Điểm thi THPT,2021,24.0,Quản trị kinh doanh
60850,DTM,quan-tri-kinh-doanh,D01,Điểm thi THPT,2021,24.0,Quản trị kinh doanh
60851,DTM,quan-tri-kinh-doanh,A00,Điểm thi THPT,2022,30.0,Quản trị kinh doanh
60852,DTM,quan-tri-kinh-doanh,A01,Điểm thi THPT,2022,30.0,Quản trị kinh doanh
60853,DTM,quan-tri-kinh-doanh,B00,Điểm thi THPT,2022,30.0,Quản trị kinh doanh
60854,DTM,quan-tri-kinh-doanh,D01,Điểm thi THPT,2022,30.0,Quản trị kinh doanh
60855,DTM,quan-tri-kinh-doanh,A00,Điểm thi THPT,2023,17.0,Quản trị kinh doanh
60856,DTM,quan-tri-kinh-doanh,A01,Điểm thi THPT,2023,17.0,Quản trị kinh doanh
60857,DTM,quan-tri-kinh-doanh,B00,Điểm thi THPT,2023,17.0,Quản trị kinh doanh
60858,DTM,quan-tri-kinh-doanh,D01,Điểm thi THPT,2023,17.0,Quản trị kinh doanh
60859,DTM,quan-tri-kinh-doanh,A00,Điểm học bạ,2024,19.0,Quản trị kinh doanh
60860,DTM,quan-tri-kinh-doanh,A01,Điểm học bạ,2024,19.0,Quản trị kinh doanh
60861,DTM,quan-tri-kinh-doanh,B00,Điểm học bạ,2024,19.0,Quản trị kinh doanh
60862,DTM,quan-tri-kinh-doanh,D01,Điểm học bạ,2024,19.0,Quản trị kinh doanh
60863,DTM,quan-tri-kinh-doanh,A00,Điểm thi THPT,2024,18.0,Quản trị kinh doanh
60864,DTM,quan-tri-kinh-doanh,A01,Điểm thi THPT,2024,18.0,Quản trị kinh doanh
60865,DTM,quan-tri-kinh-doanh,B00,Điểm thi THPT,2024,18.0,Quản trị kinh doanh
60866,DTM,quan-tri-kinh-doanh,D01,Điểm thi THPT,2024,18.0,Quản trị kinh doanh
60867,DTM,quan-tri-kinh-doanh,B03,Điểm học bạ,2025,21.2,Quản trị kinh doanh
60868,DTM,quan-tri-kinh-doanh,C01,Điểm học bạ,2025,21.2,Quản trị kinh doanh
60869,DTM,quan-tri-kinh-doanh,C02,Điểm học bạ,2025,21.2,Quản trị kinh doanh
60870,DTM,quan-tri-kinh-doanh,C03,Điểm học bạ,2025,21.2,Quản trị kinh doanh
60871,DTM,quan-tri-kinh-doanh,C04,Điểm học bạ,2025,21.2,Quản trị kinh doanh
60872,DTM,quan-tri-kinh-doanh,D01,Điểm học bạ,2025,21.2,Quản trị kinh doanh
60873,DTM,quan-tri-kinh-doanh,D04,Điểm học bạ,2025,21.2,Quản trị kinh doanh
60874,DTM,quan-tri-kinh-doanh,X01,Điểm học bạ,2025,20.62,Quản trị kinh doanh
60875,DTM,quan-tri-kinh-doanh,B03,Điểm thi THPT,2025,17.5,Quản trị kinh doanh
60876,DTM,quan-tri-kinh-doanh,C01,Điểm thi THPT,2025,17.5,Quản trị kinh doanh
60877,DTM,quan-tri-kinh-doanh,C02,Điểm thi THPT,2025,17.5,Quản trị kinh doanh
60878,DTM,quan-tri-kinh-doanh,C03,Điểm thi THPT,2025,17.5,Quản trị kinh doanh
60879,DTM,quan-tri-kinh-doanh,C04,Điểm thi THPT,2025,17.5,Quản trị kinh doanh
60880,DTM,quan-tri-kinh-doanh,D01,Điểm thi THPT,2025,17.5,Quản trị kinh doanh
60881,DTM,quan-tri-kinh-doanh,D04,Điểm thi THPT,2025,17.5,Quản trị kinh doanh
60882,DTM,quan-tri-kinh-doanh,X01,Điểm thi THPT,2025,17.5,Quản trị kinh doanh
60883,DTM,thuy-van-hoc,A00,Điểm học bạ,2021,20.5,Thủy văn học
60884,DTM,thuy-van-hoc,A01,Điểm học bạ,2021,20.5,Thủy văn học
60885,DTM,thuy-van-hoc,B00,Điểm học bạ,2021,20.5,Thủy văn học
60886,DTM,thuy-van-hoc,D01,Điểm học bạ,2021,20.5,Thủy văn học
60887,DTM,thuy-van-hoc,A00,Điểm thi THPT,2021,15.0,Thủy văn học
60888,DTM,thuy-van-hoc,A01,Điểm thi THPT,2021,15.0,Thủy văn học
60889,DTM,thuy-van-hoc,B00,Điểm thi THPT,2021,15.0,Thủy văn học
60890,DTM,thuy-van-hoc,D01,Điểm thi THPT,2021,15.0,Thủy văn học
60891,DTM,thuy-van-hoc,A00,Điểm thi THPT,2022,20.0,Thủy văn học
60892,DTM,thuy-van-hoc,A01,Điểm thi THPT,2022,20.0,Thủy văn học
60893,DTM,thuy-van-hoc,B00,Điểm thi THPT,2022,20.0,Thủy văn học
60894,DTM,thuy-van-hoc,D01,Điểm thi THPT,2022,20.0,Thủy văn học
60895,DTM,thuy-van-hoc,A00,Điểm thi THPT,2023,15.0,Thủy văn học
60896,DTM,thuy-van-hoc,A01,Điểm thi THPT,2023,15.0,Thủy văn học
60897,DTM,thuy-van-hoc,B00,Điểm thi THPT,2023,15.0,Thủy văn học
60898,DTM,thuy-van-hoc,D01,Điểm thi THPT,2023,15.0,Thủy văn học
60899,DTM,thuy-van-hoc,A00,Điểm học bạ,2024,18.0,Thủy văn học
60900,DTM,thuy-van-hoc,A01,Điểm học bạ,2024,18.0,Thủy văn học
60901,DTM,thuy-van-hoc,B00,Điểm học bạ,2024,18.0,Thủy văn học
60902,DTM,thuy-van-hoc,D01,Điểm học bạ,2024,18.0,Thủy văn học
60903,DTM,thuy-van-hoc,A00,Điểm thi THPT,2024,15.0,Thủy văn học
60904,DTM,thuy-van-hoc,A01,Điểm thi THPT,2024,15.0,Thủy văn học
60905,DTM,thuy-van-hoc,B00,Điểm thi THPT,2024,15.0,Thủy văn học
60906,DTM,thuy-van-hoc,D01,Điểm thi THPT,2024,15.0,Thủy văn học
60907,DTM,thuy-van-hoc,B03,Điểm học bạ,2025,19.1,Thủy văn học
60908,DTM,thuy-van-hoc,C01,Điểm học bạ,2025,18.12,Thủy văn học
60909,DTM,thuy-van-hoc,C02,Điểm học bạ,2025,19.1,Thủy văn học
60910,DTM,thuy-van-hoc,C03,Điểm học bạ,2025,18.63,Thủy văn học
60911,DTM,thuy-van-hoc,C04,Điểm học bạ,2025,18.63,Thủy văn học
60912,DTM,thuy-van-hoc,D01,Điểm học bạ,2025,19.1,Thủy văn học
60913,DTM,thuy-van-hoc,X01,Điểm học bạ,2025,18.12,Thủy văn học
60914,DTM,thuy-van-hoc,X02,Điểm học bạ,2025,19.1,Thủy văn học
60915,DTM,thuy-van-hoc,B03,Điểm thi THPT,2025,15.0,Thủy văn học
60916,DTM,thuy-van-hoc,C01,Điểm thi THPT,2025,15.0,Thủy văn học
60917,DTM,thuy-van-hoc,C02,Điểm thi THPT,2025,15.0,Thủy văn học
60918,DTM,thuy-van-hoc,C03,Điểm thi THPT,2025,15.0,Thủy văn học
60919,DTM,thuy-van-hoc,C04,Điểm thi THPT,2025,15.0,Thủy văn học
60920,DTM,thuy-van-hoc,D01,Điểm thi THPT,2025,15.0,Thủy văn học
60921,DTM,thuy-van-hoc,X01,Điểm thi THPT,2025,15.0,Thủy văn học
60922,DTM,thuy-van-hoc,X02,Điểm thi THPT,2025,15.0,Thủy văn học
60923,DTN,bao-ve-thuc-vat,A00,Điểm thi THPT,2021,15.0,Bảo vệ thực vật
60924,DTN,bao-ve-thuc-vat,B00,Điểm thi THPT,2021,15.0,Bảo vệ thực vật
60925,DTN,bao-ve-thuc-vat,C02,Điểm thi THPT,2021,15.0,Bảo vệ thực vật
60926,DTN,bat-dong-san,A00,Điểm thi THPT,2021,15.0,Bất động sản
60927,DTN,bat-dong-san,A02,Điểm thi THPT,2021,15.0,Bất động sản
60928,DTN,bat-dong-san,C00,Điểm thi THPT,2021,15.0,Bất động sản
60929,DTN,bat-dong-san,D10,Điểm thi THPT,2021,15.0,Bất động sản
60930,DTN,bat-dong-san,A00,Điểm học bạ,2022,16.0,Bất động sản
60931,DTN,bat-dong-san,A02,Điểm học bạ,2022,16.0,Bất động sản
60932,DTN,bat-dong-san,C00,Điểm học bạ,2022,16.0,Bất động sản
60933,DTN,bat-dong-san,D10,Điểm học bạ,2022,16.0,Bất động sản
60934,DTN,bat-dong-san,A00,Điểm thi THPT,2022,16.5,Bất động sản
60935,DTN,bat-dong-san,A02,Điểm thi THPT,2022,16.5,Bất động sản
60936,DTN,bat-dong-san,C00,Điểm thi THPT,2022,16.5,Bất động sản
60937,DTN,bat-dong-san,D10,Điểm thi THPT,2022,16.5,Bất động sản
60938,DTN,bat-dong-san,A00,Điểm học bạ,2023,15.0,Bất động sản
60939,DTN,bat-dong-san,A02,Điểm học bạ,2023,15.0,Bất động sản
60940,DTN,bat-dong-san,C00,Điểm học bạ,2023,15.0,Bất động sản
60941,DTN,bat-dong-san,D10,Điểm học bạ,2023,15.0,Bất động sản
60942,DTN,bat-dong-san,A00,Điểm thi THPT,2023,15.0,Bất động sản
60943,DTN,bat-dong-san,A02,Điểm thi THPT,2023,15.0,Bất động sản
60944,DTN,bat-dong-san,C00,Điểm thi THPT,2023,15.0,Bất động sản
60945,DTN,bat-dong-san,D10,Điểm thi THPT,2023,15.0,Bất động sản
60946,DTN,chan-nuoi,A00,Điểm học bạ,2022,15.0,Chăn nuôi
60947,DTN,chan-nuoi,B00,Điểm học bạ,2022,15.0,Chăn nuôi
60948,DTN,chan-nuoi,C02,Điểm học bạ,2022,15.0,Chăn nuôi
60949,DTN,chan-nuoi,D01,Điểm học bạ,2022,15.0,Chăn nuôi
60950,DTN,chan-nuoi,A00,Điểm thi THPT,2022,15.5,Chăn nuôi
60951,DTN,chan-nuoi,B00,Điểm thi THPT,2022,15.5,Chăn nuôi
60952,DTN,chan-nuoi,C02,Điểm thi THPT,2022,15.5,Chăn nuôi
60953,DTN,chan-nuoi,D01,Điểm thi THPT,2022,15.5,Chăn nuôi
60954,DTN,chan-nuoi,A00,Điểm học bạ,2023,15.0,Chăn nuôi
60955,DTN,chan-nuoi,B00,Điểm học bạ,2023,15.0,Chăn nuôi
60956,DTN,chan-nuoi,C02,Điểm học bạ,2023,15.0,Chăn nuôi
60957,DTN,chan-nuoi,D01,Điểm học bạ,2023,15.0,Chăn nuôi
60958,DTN,chan-nuoi,A00,Điểm thi THPT,2023,15.0,Chăn nuôi
60959,DTN,chan-nuoi,B00,Điểm thi THPT,2023,15.0,Chăn nuôi
60960,DTN,chan-nuoi,C02,Điểm thi THPT,2023,15.0,Chăn nuôi
60961,DTN,chan-nuoi,D01,Điểm thi THPT,2023,15.0,Chăn nuôi
60962,DTN,chan-nuoi-thu-y,A00,Điểm thi THPT,2021,15.0,Chăn nuôi thú y
60963,DTN,chan-nuoi-thu-y,B00,Điểm thi THPT,2021,15.0,Chăn nuôi thú y
60964,DTN,chan-nuoi-thu-y,C02,Điểm thi THPT,2021,15.0,Chăn nuôi thú y
60965,DTN,chan-nuoi-thu-y,D01,Điểm thi THPT,2021,15.0,Chăn nuôi thú y
60966,DTN,chan-nuoi-thu-y,A00,Điểm học bạ,2024,15.0,Chăn nuôi thú y
60967,DTN,chan-nuoi-thu-y,B00,Điểm học bạ,2024,15.0,Chăn nuôi thú y
60968,DTN,chan-nuoi-thu-y,C02,Điểm học bạ,2024,15.0,Chăn nuôi thú y
60969,DTN,chan-nuoi-thu-y,D01,Điểm học bạ,2024,15.0,Chăn nuôi thú y
60970,DTN,chan-nuoi-thu-y,A00,Điểm thi THPT,2024,15.0,Chăn nuôi thú y
60971,DTN,chan-nuoi-thu-y,B00,Điểm thi THPT,2024,15.0,Chăn nuôi thú y
60972,DTN,chan-nuoi-thu-y,C02,Điểm thi THPT,2024,15.0,Chăn nuôi thú y
60973,DTN,chan-nuoi-thu-y,D01,Điểm thi THPT,2024,15.0,Chăn nuôi thú y
60974,DTN,chan-nuoi-thu-y,A00,Điểm học bạ,2025,15.0,Chăn nuôi thú y
60975,DTN,chan-nuoi-thu-y,A07,Điểm học bạ,2025,15.0,Chăn nuôi thú y
60976,DTN,chan-nuoi-thu-y,A09,Điểm học bạ,2025,15.0,Chăn nuôi thú y
60977,DTN,chan-nuoi-thu-y,B00,Điểm học bạ,2025,15.0,Chăn nuôi thú y
60978,DTN,chan-nuoi-thu-y,C00,Điểm học bạ,2025,15.0,Chăn nuôi thú y
60979,DTN,chan-nuoi-thu-y,C02,Điểm học bạ,2025,15.0,Chăn nuôi thú y
60980,DTN,chan-nuoi-thu-y,C04,Điểm học bạ,2025,15.0,Chăn nuôi thú y
60981,DTN,chan-nuoi-thu-y,C20,Điểm học bạ,2025,15.0,Chăn nuôi thú y
60982,DTN,chan-nuoi-thu-y,D01,Điểm học bạ,2025,15.0,Chăn nuôi thú y
60983,DTN,chan-nuoi-thu-y,D14,Điểm học bạ,2025,15.0,Chăn nuôi thú y
60984,DTN,chan-nuoi-thu-y,A00,Điểm thi THPT,2025,15.0,Chăn nuôi thú y
60985,DTN,chan-nuoi-thu-y,A07,Điểm thi THPT,2025,15.0,Chăn nuôi thú y
60986,DTN,chan-nuoi-thu-y,A09,Điểm thi THPT,2025,15.0,Chăn nuôi thú y
60987,DTN,chan-nuoi-thu-y,B00,Điểm thi THPT,2025,15.0,Chăn nuôi thú y
60988,DTN,chan-nuoi-thu-y,C00,Điểm thi THPT,2025,15.0,Chăn nuôi thú y
60989,DTN,chan-nuoi-thu-y,C02,Điểm thi THPT,2025,15.0,Chăn nuôi thú y
60990,DTN,chan-nuoi-thu-y,C04,Điểm thi THPT,2025,15.0,Chăn nuôi thú y
60991,DTN,chan-nuoi-thu-y,C20,Điểm thi THPT,2025,15.0,Chăn nuôi thú y
60992,DTN,chan-nuoi-thu-y,D01,Điểm thi THPT,2025,15.0,Chăn nuôi thú y
60993,DTN,chan-nuoi-thu-y,D14,Điểm thi THPT,2025,15.0,Chăn nuôi thú y
60994,DTN,cong-nghe-che-bien-lam-san,A09,Điểm thi THPT,2021,15.0,Công nghệ chế biến lâm sản
60995,DTN,cong-nghe-che-bien-lam-san,B00,Điểm thi THPT,2021,15.0,Công nghệ chế biến lâm sản
60996,DTN,cong-nghe-che-bien-lam-san,B03,Điểm thi THPT,2021,15.0,Công nghệ chế biến lâm sản
60997,DTN,cong-nghe-che-bien-lam-san,A00,Điểm học bạ,2022,15.0,Công nghệ chế biến lâm sản
60998,DTN,cong-nghe-che-bien-lam-san,A01,Điểm học bạ,2022,15.0,Công nghệ chế biến lâm sản
60999,DTN,cong-nghe-che-bien-lam-san,A10,Điểm học bạ,2022,15.0,Công nghệ chế biến lâm sản
61000,DTN,cong-nghe-che-bien-lam-san,A17,Điểm học bạ,2022,15.0,Công nghệ chế biến lâm sản
61001,DTN,cong-nghe-che-bien-lam-san,A00,Điểm thi THPT,2022,15.0,Công nghệ chế biến lâm sản
61002,DTN,cong-nghe-che-bien-lam-san,A01,Điểm thi THPT,2022,15.0,Công nghệ chế biến lâm sản
61003,DTN,cong-nghe-che-bien-lam-san,A10,Điểm thi THPT,2022,15.0,Công nghệ chế biến lâm sản
61004,DTN,cong-nghe-che-bien-lam-san,A17,Điểm thi THPT,2022,15.0,Công nghệ chế biến lâm sản
61005,DTN,cong-nghe-che-bien-lam-san,A01,Điểm học bạ,2023,15.0,Công nghệ chế biến lâm sàn
61006,DTN,cong-nghe-che-bien-lam-san,A10,Điểm học bạ,2023,15.0,Công nghệ chế biến lâm sàn
61007,DTN,cong-nghe-che-bien-lam-san,A17,Điểm học bạ,2023,15.0,Công nghệ chế biến lâm sàn
61008,DTN,cong-nghe-che-bien-lam-san,A01,Điểm thi THPT,2023,15.0,Công nghệ chế biến lâm sàn
61009,DTN,cong-nghe-che-bien-lam-san,A10,Điểm thi THPT,2023,15.0,Công nghệ chế biến lâm sàn
61010,DTN,cong-nghe-che-bien-lam-san,A17,Điểm thi THPT,2023,15.0,Công nghệ chế biến lâm sàn
61011,DTN,cong-nghe-ky-thuat-moi-truong,A00,Điểm học bạ,2022,15.0,Công nghệ Kỹ thuật Môi trường
61012,DTN,cong-nghe-ky-thuat-moi-truong,A07,Điểm học bạ,2022,15.0,Công nghệ Kỹ thuật Môi trường
61013,DTN,cong-nghe-ky-thuat-moi-truong,A09,Điểm học bạ,2022,15.0,Công nghệ Kỹ thuật Môi trường
61014,DTN,cong-nghe-ky-thuat-moi-truong,B00,Điểm học bạ,2022,15.0,Công nghệ Kỹ thuật Môi trường
61015,DTN,cong-nghe-ky-thuat-moi-truong,A00,Điểm thi THPT,2022,20.0,Công nghệ Kỹ thuật Môi trường
61016,DTN,cong-nghe-ky-thuat-moi-truong,A07,Điểm thi THPT,2022,20.0,Công nghệ Kỹ thuật Môi trường
61017,DTN,cong-nghe-ky-thuat-moi-truong,A09,Điểm thi THPT,2022,20.0,Công nghệ Kỹ thuật Môi trường
61018,DTN,cong-nghe-ky-thuat-moi-truong,B00,Điểm thi THPT,2022,20.0,Công nghệ Kỹ thuật Môi trường
61019,DTN,cong-nghe-ky-thuat-moi-truong,A00,Điểm học bạ,2023,15.0,Công nghệ kỹ thuật môi trường
61020,DTN,cong-nghe-ky-thuat-moi-truong,A07,Điểm học bạ,2023,15.0,Công nghệ kỹ thuật môi trường
61021,DTN,cong-nghe-ky-thuat-moi-truong,A09,Điểm học bạ,2023,15.0,Công nghệ kỹ thuật môi trường
61022,DTN,cong-nghe-ky-thuat-moi-truong,B00,Điểm học bạ,2023,15.0,Công nghệ kỹ thuật môi trường
61023,DTN,cong-nghe-ky-thuat-moi-truong,A00,Điểm thi THPT,2023,15.0,Công nghệ kỹ thuật môi trường
61024,DTN,cong-nghe-ky-thuat-moi-truong,A07,Điểm thi THPT,2023,15.0,Công nghệ kỹ thuật môi trường
61025,DTN,cong-nghe-ky-thuat-moi-truong,A09,Điểm thi THPT,2023,15.0,Công nghệ kỹ thuật môi trường
61026,DTN,cong-nghe-ky-thuat-moi-truong,B00,Điểm thi THPT,2023,15.0,Công nghệ kỹ thuật môi trường
61027,DTN,cong-nghe-sinh-hoc,B00,Điểm thi THPT,2021,15.0,Công nghệ sinh học
61028,DTN,cong-nghe-sinh-hoc,B02,Điểm thi THPT,2021,15.0,Công nghệ sinh học
61029,DTN,cong-nghe-sinh-hoc,B04,Điểm thi THPT,2021,15.0,Công nghệ sinh học
61030,DTN,cong-nghe-sinh-hoc,B05,Điểm thi THPT,2021,15.0,Công nghệ sinh học
61031,DTN,cong-nghe-sinh-hoc,A00,Điểm học bạ,2022,15.0,Công nghệ sinh học
61032,DTN,cong-nghe-sinh-hoc,B00,Điểm học bạ,2022,15.0,Công nghệ sinh học
61033,DTN,cong-nghe-sinh-hoc,B03,Điểm học bạ,2022,15.0,Công nghệ sinh học
61034,DTN,cong-nghe-sinh-hoc,B05,Điểm học bạ,2022,15.0,Công nghệ sinh học
61035,DTN,cong-nghe-sinh-hoc,A00,Điểm thi THPT,2022,15.0,Công nghệ sinh học
61036,DTN,cong-nghe-sinh-hoc,B00,Điểm thi THPT,2022,15.0,Công nghệ sinh học
61037,DTN,cong-nghe-sinh-hoc,B03,Điểm thi THPT,2022,15.0,Công nghệ sinh học
61038,DTN,cong-nghe-sinh-hoc,B05,Điểm thi THPT,2022,15.0,Công nghệ sinh học
61039,DTN,cong-nghe-sinh-hoc,B00,Điểm học bạ,2023,15.0,Công nghệ sinh học
61040,DTN,cong-nghe-sinh-hoc,B02,Điểm học bạ,2023,15.0,Công nghệ sinh học
61041,DTN,cong-nghe-sinh-hoc,B03,Điểm học bạ,2023,15.0,Công nghệ sinh học
61042,DTN,cong-nghe-sinh-hoc,B05,Điểm học bạ,2023,15.0,Công nghệ sinh học
61043,DTN,cong-nghe-sinh-hoc,B00,Điểm thi THPT,2023,15.0,Công nghệ sinh học
61044,DTN,cong-nghe-sinh-hoc,B02,Điểm thi THPT,2023,15.0,Công nghệ sinh học
61045,DTN,cong-nghe-sinh-hoc,B03,Điểm thi THPT,2023,15.0,Công nghệ sinh học
61046,DTN,cong-nghe-sinh-hoc,B05,Điểm thi THPT,2023,15.0,Công nghệ sinh học
61047,DTN,cong-nghe-sinh-hoc,A00,Điểm học bạ,2024,15.0,Công nghệ sinh học
61048,DTN,cong-nghe-sinh-hoc,B00,Điểm học bạ,2024,15.0,Công nghệ sinh học
61049,DTN,cong-nghe-sinh-hoc,B03,Điểm học bạ,2024,15.0,Công nghệ sinh học
61050,DTN,cong-nghe-sinh-hoc,B05,Điểm học bạ,2024,15.0,Công nghệ sinh học
61051,DTN,cong-nghe-sinh-hoc,A00,Điểm thi THPT,2024,15.0,Công nghệ sinh học
61052,DTN,cong-nghe-sinh-hoc,B00,Điểm thi THPT,2024,15.0,Công nghệ sinh học
61053,DTN,cong-nghe-sinh-hoc,B03,Điểm thi THPT,2024,15.0,Công nghệ sinh học
61054,DTN,cong-nghe-sinh-hoc,B05,Điểm thi THPT,2024,15.0,Công nghệ sinh học
61055,DTN,cong-nghe-sinh-hoc,A00,Điểm học bạ,2025,15.0,Công nghệ sinh học
61056,DTN,cong-nghe-sinh-hoc,A07,Điểm học bạ,2025,15.0,Công nghệ sinh học
61057,DTN,cong-nghe-sinh-hoc,A09,Điểm học bạ,2025,15.0,Công nghệ sinh học
61058,DTN,cong-nghe-sinh-hoc,B00,Điểm học bạ,2025,15.0,Công nghệ sinh học
61059,DTN,cong-nghe-sinh-hoc,C00,Điểm học bạ,2025,15.0,Công nghệ sinh học
61060,DTN,cong-nghe-sinh-hoc,C02,Điểm học bạ,2025,15.0,Công nghệ sinh học
61061,DTN,cong-nghe-sinh-hoc,C04,Điểm học bạ,2025,15.0,Công nghệ sinh học
61062,DTN,cong-nghe-sinh-hoc,C20,Điểm học bạ,2025,15.0,Công nghệ sinh học
61063,DTN,cong-nghe-sinh-hoc,D01,Điểm học bạ,2025,15.0,Công nghệ sinh học
61064,DTN,cong-nghe-sinh-hoc,D14,Điểm học bạ,2025,15.0,Công nghệ sinh học
61065,DTN,cong-nghe-sinh-hoc,A00,Điểm thi THPT,2025,15.0,Công nghệ sinh học
61066,DTN,cong-nghe-sinh-hoc,A07,Điểm thi THPT,2025,15.0,Công nghệ sinh học
61067,DTN,cong-nghe-sinh-hoc,A09,Điểm thi THPT,2025,15.0,Công nghệ sinh học
61068,DTN,cong-nghe-sinh-hoc,B00,Điểm thi THPT,2025,15.0,Công nghệ sinh học
61069,DTN,cong-nghe-sinh-hoc,C00,Điểm thi THPT,2025,15.0,Công nghệ sinh học
61070,DTN,cong-nghe-sinh-hoc,C02,Điểm thi THPT,2025,15.0,Công nghệ sinh học
61071,DTN,cong-nghe-sinh-hoc,C04,Điểm thi THPT,2025,15.0,Công nghệ sinh học
61072,DTN,cong-nghe-sinh-hoc,C20,Điểm thi THPT,2025,15.0,Công nghệ sinh học
61073,DTN,cong-nghe-sinh-hoc,D01,Điểm thi THPT,2025,15.0,Công nghệ sinh học
61074,DTN,cong-nghe-sinh-hoc,D14,Điểm thi THPT,2025,15.0,Công nghệ sinh học
61075,DTN,cong-nghe-thuc-pham,A00,Điểm thi THPT,2021,15.0,Công nghệ thực phẩm
61076,DTN,cong-nghe-thuc-pham,B00,Điểm thi THPT,2021,15.0,Công nghệ thực phẩm
61077,DTN,cong-nghe-thuc-pham,C04,Điểm thi THPT,2021,15.0,Công nghệ thực phẩm
61078,DTN,cong-nghe-thuc-pham,D01,Điểm thi THPT,2021,15.0,Công nghệ thực phẩm (CTTT)
61079,DTN,cong-nghe-thuc-pham,D08,Điểm thi THPT,2021,15.0,Công nghệ thực phẩm (CTTT)
61080,DTN,cong-nghe-thuc-pham,D10,Điểm thi THPT,2021,15.0,Công nghệ thực phẩm
61081,DTN,cong-nghe-thuc-pham,A00,Điểm học bạ,2022,15.0,Công nghệ thực phẩm
61082,DTN,cong-nghe-thuc-pham,B00,Điểm học bạ,2022,15.0,Công nghệ thực phẩm
61083,DTN,cong-nghe-thuc-pham,C02,Điểm học bạ,2022,15.0,Công nghệ thực phẩm
61084,DTN,cong-nghe-thuc-pham,D01,Điểm học bạ,2022,15.0,Công nghệ thực phẩm
61085,DTN,cong-nghe-thuc-pham,D08,Điểm học bạ,2022,17.0,Công nghệ thực phẩm (CTIT)
61086,DTN,cong-nghe-thuc-pham,A00,Điểm thi THPT,2022,18.5,Công nghệ thực phẩm
61087,DTN,cong-nghe-thuc-pham,B00,Điểm thi THPT,2022,18.5,Công nghệ thực phẩm
61088,DTN,cong-nghe-thuc-pham,C02,Điểm thi THPT,2022,18.5,Công nghệ thực phẩm
61089,DTN,cong-nghe-thuc-pham,D01,Điểm thi THPT,2022,18.5,Công nghệ thực phẩm
61090,DTN,cong-nghe-thuc-pham,D08,Điểm thi THPT,2022,19.0,Công nghệ thực phẩm (CTIT)
61091,DTN,cong-nghe-thuc-pham,A00,Điểm học bạ,2023,15.0,Công nghệ thực phẩm
61092,DTN,cong-nghe-thuc-pham,B00,Điểm học bạ,2023,15.0,Công nghệ thực phẩm
61093,DTN,cong-nghe-thuc-pham,C02,Điểm học bạ,2023,15.0,Công nghệ thực phẩm
61094,DTN,cong-nghe-thuc-pham,D01,Điểm học bạ,2023,15.0,Công nghệ thực phẩm
61095,DTN,cong-nghe-thuc-pham,D08,Điểm học bạ,2023,16.0,Công nghệ thực phẩm (Chương trình tiên tiến)
61096,DTN,cong-nghe-thuc-pham,A00,Điểm thi THPT,2023,15.0,Công nghệ thực phẩm
61097,DTN,cong-nghe-thuc-pham,B00,Điểm thi THPT,2023,15.0,Công nghệ thực phẩm
61098,DTN,cong-nghe-thuc-pham,C02,Điểm thi THPT,2023,15.0,Công nghệ thực phẩm
61099,DTN,cong-nghe-thuc-pham,D01,Điểm thi THPT,2023,15.0,Công nghệ thực phẩm
61100,DTN,cong-nghe-thuc-pham,D08,Điểm thi THPT,2023,16.0,Công nghệ thực phẩm (Chương trình tiên tiến)
61101,DTN,cong-nghe-thuc-pham,A00,Điểm học bạ,2024,15.0,Công nghệ thực phẩm
61102,DTN,cong-nghe-thuc-pham,B00,Điểm học bạ,2024,15.0,Công nghệ thực phẩm
61103,DTN,cong-nghe-thuc-pham,C02,Điểm học bạ,2024,15.0,Công nghệ thực phẩm
61104,DTN,cong-nghe-thuc-pham,D01,Điểm học bạ,2024,15.0,Công nghệ thực phẩm
61105,DTN,cong-nghe-thuc-pham,D08,Điểm học bạ,2024,16.0,Công nghệ thực phẩm (Chương trình tiên tiến)
61106,DTN,cong-nghe-thuc-pham,A00,Điểm thi THPT,2024,15.0,Công nghệ thực phẩm
61107,DTN,cong-nghe-thuc-pham,B00,Điểm thi THPT,2024,15.0,Công nghệ thực phẩm
61108,DTN,cong-nghe-thuc-pham,C02,Điểm thi THPT,2024,15.0,Công nghệ thực phẩm
61109,DTN,cong-nghe-thuc-pham,D01,Điểm thi THPT,2024,15.0,Công nghệ thực phẩm
61110,DTN,cong-nghe-thuc-pham,D08,Điểm thi THPT,2024,16.0,Công nghệ thực phẩm (Chương trình tiên tiến)
61111,DTN,cong-nghe-thuc-pham,A00,Điểm học bạ,2025,15.0,Công nghệ thực phẩm
61112,DTN,cong-nghe-thuc-pham,A07,Điểm học bạ,2025,15.0,Công nghệ thực phẩm
61113,DTN,cong-nghe-thuc-pham,A09,Điểm học bạ,2025,15.0,Công nghệ thực phẩm
61114,DTN,cong-nghe-thuc-pham,B00,Điểm học bạ,2025,15.0,Công nghệ thực phẩm
61115,DTN,cong-nghe-thuc-pham,C00,Điểm học bạ,2025,15.0,Công nghệ thực phẩm
61116,DTN,cong-nghe-thuc-pham,C02,Điểm học bạ,2025,15.0,Công nghệ thực phẩm
61117,DTN,cong-nghe-thuc-pham,C04,Điểm học bạ,2025,15.0,Công nghệ thực phẩm
61118,DTN,cong-nghe-thuc-pham,C20,Điểm học bạ,2025,15.0,Công nghệ thực phẩm
61119,DTN,cong-nghe-thuc-pham,D01,Điểm học bạ,2025,15.0,Công nghệ thực phẩm
61120,DTN,cong-nghe-thuc-pham,D14,Điểm học bạ,2025,15.0,Công nghệ thực phẩm
61121,DTN,cong-nghe-thuc-pham,A00,Điểm thi THPT,2025,15.0,Công nghệ thực phẩm
61122,DTN,cong-nghe-thuc-pham,A07,Điểm thi THPT,2025,15.0,Công nghệ thực phẩm
61123,DTN,cong-nghe-thuc-pham,A09,Điểm thi THPT,2025,15.0,Công nghệ thực phẩm
61124,DTN,cong-nghe-thuc-pham,B00,Điểm thi THPT,2025,15.0,Công nghệ thực phẩm
61125,DTN,cong-nghe-thuc-pham,C00,Điểm thi THPT,2025,15.0,Công nghệ thực phẩm
61126,DTN,cong-nghe-thuc-pham,C02,Điểm thi THPT,2025,15.0,Công nghệ thực phẩm
61127,DTN,cong-nghe-thuc-pham,C04,Điểm thi THPT,2025,15.0,Công nghệ thực phẩm
61128,DTN,cong-nghe-thuc-pham,C20,Điểm thi THPT,2025,15.0,Công nghệ thực phẩm
61129,DTN,cong-nghe-thuc-pham,D01,Điểm thi THPT,2025,15.0,Công nghệ thực phẩm
61130,DTN,cong-nghe-thuc-pham,D14,Điểm thi THPT,2025,15.0,Công nghệ thực phẩm
61131,DTN,cong-nghe-va-doi-moi-sang-tao,A00,Điểm học bạ,2024,15.0,Công nghệ và đổi mới sáng tạo
61132,DTN,cong-nghe-va-doi-moi-sang-tao,A01,Điểm học bạ,2024,15.0,Công nghệ và đổi mới sáng tạo
61133,DTN,cong-nghe-va-doi-moi-sang-tao,B00,Điểm học bạ,2024,15.0,Công nghệ và đổi mới sáng tạo
61134,DTN,cong-nghe-va-doi-moi-sang-tao,C02,Điểm học bạ,2024,15.0,Công nghệ và đổi mới sáng tạo
61135,DTN,cong-nghe-va-doi-moi-sang-tao,A00,Điểm thi THPT,2024,15.0,Công nghệ và đổi mới sáng tạo
61136,DTN,cong-nghe-va-doi-moi-sang-tao,A01,Điểm thi THPT,2024,15.0,Công nghệ và đổi mới sáng tạo
61137,DTN,cong-nghe-va-doi-moi-sang-tao,B00,Điểm thi THPT,2024,15.0,Công nghệ và đổi mới sáng tạo
61138,DTN,cong-nghe-va-doi-moi-sang-tao,C02,Điểm thi THPT,2024,15.0,Công nghệ và đổi mới sáng tạo
61139,DTN,cong-nghe-va-doi-moi-sang-tao,A00,Điểm học bạ,2025,15.0,Công nghệ và đổi mới sáng tạo
61140,DTN,cong-nghe-va-doi-moi-sang-tao,A07,Điểm học bạ,2025,15.0,Công nghệ và đổi mới sáng tạo
61141,DTN,cong-nghe-va-doi-moi-sang-tao,A09,Điểm học bạ,2025,15.0,Công nghệ và đổi mới sáng tạo
61142,DTN,cong-nghe-va-doi-moi-sang-tao,B00,Điểm học bạ,2025,15.0,Công nghệ và đổi mới sáng tạo
61143,DTN,cong-nghe-va-doi-moi-sang-tao,C00,Điểm học bạ,2025,15.0,Công nghệ và đổi mới sáng tạo
61144,DTN,cong-nghe-va-doi-moi-sang-tao,C02,Điểm học bạ,2025,15.0,Công nghệ và đổi mới sáng tạo
61145,DTN,cong-nghe-va-doi-moi-sang-tao,C04,Điểm học bạ,2025,15.0,Công nghệ và đổi mới sáng tạo
61146,DTN,cong-nghe-va-doi-moi-sang-tao,C20,Điểm học bạ,2025,15.0,Công nghệ và đổi mới sáng tạo
61147,DTN,cong-nghe-va-doi-moi-sang-tao,D01,Điểm học bạ,2025,15.0,Công nghệ và đổi mới sáng tạo
61148,DTN,cong-nghe-va-doi-moi-sang-tao,D14,Điểm học bạ,2025,15.0,Công nghệ và đổi mới sáng tạo
61149,DTN,cong-nghe-va-doi-moi-sang-tao,A00,Điểm thi THPT,2025,15.0,Công nghệ và đổi mới sáng tạo
61150,DTN,cong-nghe-va-doi-moi-sang-tao,A07,Điểm thi THPT,2025,15.0,Công nghệ và đổi mới sáng tạo
61151,DTN,cong-nghe-va-doi-moi-sang-tao,A09,Điểm thi THPT,2025,15.0,Công nghệ và đổi mới sáng tạo
61152,DTN,cong-nghe-va-doi-moi-sang-tao,B00,Điểm thi THPT,2025,15.0,Công nghệ và đổi mới sáng tạo
61153,DTN,cong-nghe-va-doi-moi-sang-tao,C00,Điểm thi THPT,2025,15.0,Công nghệ và đổi mới sáng tạo
61154,DTN,cong-nghe-va-doi-moi-sang-tao,C02,Điểm thi THPT,2025,15.0,Công nghệ và đổi mới sáng tạo
61155,DTN,cong-nghe-va-doi-moi-sang-tao,C04,Điểm thi THPT,2025,15.0,Công nghệ và đổi mới sáng tạo
61156,DTN,cong-nghe-va-doi-moi-sang-tao,C20,Điểm thi THPT,2025,15.0,Công nghệ và đổi mới sáng tạo
61157,DTN,cong-nghe-va-doi-moi-sang-tao,D01,Điểm thi THPT,2025,15.0,Công nghệ và đổi mới sáng tạo
61158,DTN,cong-nghe-va-doi-moi-sang-tao,D14,Điểm thi THPT,2025,15.0,Công nghệ và đổi mới sáng tạo
61159,DTN,dam-bao-chat-luong-va-an-toan-thuc-pham,A00,Điểm học bạ,2022,15.0,Đảm bảo Chất lượng và An toàn thực phẩm
61160,DTN,dam-bao-chat-luong-va-an-toan-thuc-pham,B00,Điểm học bạ,2022,15.0,Đảm bảo Chất lượng và An toàn thực phẩm
61161,DTN,dam-bao-chat-luong-va-an-toan-thuc-pham,D01,Điểm học bạ,2022,15.0,Đảm bảo Chất lượng và An toàn thực phẩm
61162,DTN,dam-bao-chat-luong-va-an-toan-thuc-pham,D07,Điểm học bạ,2022,15.0,Đảm bảo Chất lượng và An toàn thực phẩm
61163,DTN,dam-bao-chat-luong-va-an-toan-thuc-pham,A00,Điểm thi THPT,2022,15.0,Đảm bảo Chất lượng và An toàn thực phẩm
61164,DTN,dam-bao-chat-luong-va-an-toan-thuc-pham,B00,Điểm thi THPT,2022,15.0,Đảm bảo Chất lượng và An toàn thực phẩm
61165,DTN,dam-bao-chat-luong-va-an-toan-thuc-pham,D01,Điểm thi THPT,2022,15.0,Đảm bảo Chất lượng và An toàn thực phẩm
61166,DTN,dam-bao-chat-luong-va-an-toan-thuc-pham,D07,Điểm thi THPT,2022,15.0,Đảm bảo Chất lượng và An toàn thực phẩm
61167,DTN,dam-bao-chat-luong-va-an-toan-thuc-pham,A00,Điểm học bạ,2023,15.0,Đảm bảo chất lượng và an toàn thực phẩm
61168,DTN,dam-bao-chat-luong-va-an-toan-thuc-pham,B00,Điểm học bạ,2023,15.0,Đảm bảo chất lượng và an toàn thực phẩm
61169,DTN,dam-bao-chat-luong-va-an-toan-thuc-pham,D01,Điểm học bạ,2023,15.0,Đảm bảo chất lượng và an toàn thực phẩm
61170,DTN,dam-bao-chat-luong-va-an-toan-thuc-pham,D07,Điểm học bạ,2023,15.0,Đảm bảo chất lượng và an toàn thực phẩm
61171,DTN,dam-bao-chat-luong-va-an-toan-thuc-pham,A00,Điểm thi THPT,2023,15.0,Đảm bảo chất lượng và an toàn thực phẩm
61172,DTN,dam-bao-chat-luong-va-an-toan-thuc-pham,B00,Điểm thi THPT,2023,15.0,Đảm bảo chất lượng và an toàn thực phẩm
61173,DTN,dam-bao-chat-luong-va-an-toan-thuc-pham,D01,Điểm thi THPT,2023,15.0,Đảm bảo chất lượng và an toàn thực phẩm
61174,DTN,dam-bao-chat-luong-va-an-toan-thuc-pham,D07,Điểm thi THPT,2023,15.0,Đảm bảo chất lượng và an toàn thực phẩm
61175,DTN,dam-bao-chat-luong-va-an-toan-thuc-pham,A00,Điểm học bạ,2024,15.0,Đàm bảo chất lượng và An toàn thực phẩm
61176,DTN,dam-bao-chat-luong-va-an-toan-thuc-pham,B00,Điểm học bạ,2024,15.0,Đàm bảo chất lượng và An toàn thực phẩm
61177,DTN,dam-bao-chat-luong-va-an-toan-thuc-pham,D01,Điểm học bạ,2024,15.0,Đàm bảo chất lượng và An toàn thực phẩm
61178,DTN,dam-bao-chat-luong-va-an-toan-thuc-pham,D07,Điểm học bạ,2024,15.0,Đàm bảo chất lượng và An toàn thực phẩm
61179,DTN,dam-bao-chat-luong-va-an-toan-thuc-pham,A00,Điểm thi THPT,2024,15.0,Đàm bảo chất lượng và An toàn thực phẩm
61180,DTN,dam-bao-chat-luong-va-an-toan-thuc-pham,B00,Điểm thi THPT,2024,15.0,Đàm bảo chất lượng và An toàn thực phẩm
61181,DTN,dam-bao-chat-luong-va-an-toan-thuc-pham,D01,Điểm thi THPT,2024,15.0,Đàm bảo chất lượng và An toàn thực phẩm
61182,DTN,dam-bao-chat-luong-va-an-toan-thuc-pham,D07,Điểm thi THPT,2024,15.0,Đàm bảo chất lượng và An toàn thực phẩm
61183,DTN,dam-bao-chat-luong-va-an-toan-thuc-pham,A00,Điểm học bạ,2025,15.0,Đảm bảo chất lượng và An toàn thực phẩm
61184,DTN,dam-bao-chat-luong-va-an-toan-thuc-pham,A07,Điểm học bạ,2025,15.0,Đảm bảo chất lượng và An toàn thực phẩm
61185,DTN,dam-bao-chat-luong-va-an-toan-thuc-pham,A09,Điểm học bạ,2025,15.0,Đảm bảo chất lượng và An toàn thực phẩm
61186,DTN,dam-bao-chat-luong-va-an-toan-thuc-pham,B00,Điểm học bạ,2025,15.0,Đảm bảo chất lượng và An toàn thực phẩm
61187,DTN,dam-bao-chat-luong-va-an-toan-thuc-pham,C00,Điểm học bạ,2025,15.0,Đảm bảo chất lượng và An toàn thực phẩm
61188,DTN,dam-bao-chat-luong-va-an-toan-thuc-pham,C02,Điểm học bạ,2025,15.0,Đảm bảo chất lượng và An toàn thực phẩm
61189,DTN,dam-bao-chat-luong-va-an-toan-thuc-pham,C04,Điểm học bạ,2025,15.0,Đảm bảo chất lượng và An toàn thực phẩm
61190,DTN,dam-bao-chat-luong-va-an-toan-thuc-pham,C20,Điểm học bạ,2025,15.0,Đảm bảo chất lượng và An toàn thực phẩm
61191,DTN,dam-bao-chat-luong-va-an-toan-thuc-pham,D01,Điểm học bạ,2025,15.0,Đảm bảo chất lượng và An toàn thực phẩm
61192,DTN,dam-bao-chat-luong-va-an-toan-thuc-pham,D14,Điểm học bạ,2025,15.0,Đảm bảo chất lượng và An toàn thực phẩm
61193,DTN,dam-bao-chat-luong-va-an-toan-thuc-pham,A00,Điểm thi THPT,2025,15.0,Đảm bảo chất lượng và An toàn thực phẩm
61194,DTN,dam-bao-chat-luong-va-an-toan-thuc-pham,A07,Điểm thi THPT,2025,15.0,Đảm bảo chất lượng và An toàn thực phẩm
61195,DTN,dam-bao-chat-luong-va-an-toan-thuc-pham,A09,Điểm thi THPT,2025,15.0,Đảm bảo chất lượng và An toàn thực phẩm
61196,DTN,dam-bao-chat-luong-va-an-toan-thuc-pham,B00,Điểm thi THPT,2025,15.0,Đảm bảo chất lượng và An toàn thực phẩm
61197,DTN,dam-bao-chat-luong-va-an-toan-thuc-pham,C00,Điểm thi THPT,2025,15.0,Đảm bảo chất lượng và An toàn thực phẩm
61198,DTN,dam-bao-chat-luong-va-an-toan-thuc-pham,C02,Điểm thi THPT,2025,15.0,Đảm bảo chất lượng và An toàn thực phẩm
61199,DTN,dam-bao-chat-luong-va-an-toan-thuc-pham,C04,Điểm thi THPT,2025,15.0,Đảm bảo chất lượng và An toàn thực phẩm
61200,DTN,dam-bao-chat-luong-va-an-toan-thuc-pham,C20,Điểm thi THPT,2025,15.0,Đảm bảo chất lượng và An toàn thực phẩm
61201,DTN,dam-bao-chat-luong-va-an-toan-thuc-pham,D01,Điểm thi THPT,2025,15.0,Đảm bảo chất lượng và An toàn thực phẩm
61202,DTN,dam-bao-chat-luong-va-an-toan-thuc-pham,D14,Điểm thi THPT,2025,15.0,Đảm bảo chất lượng và An toàn thực phẩm
61203,DTN,dam-bao-cl-va-an-toan-tp,A00,Điểm thi THPT,2021,15.0,Đảm bảo CL và An toàn TP
61204,DTN,dam-bao-cl-va-an-toan-tp,B00,Điểm thi THPT,2021,15.0,Đảm bảo CL và An toàn TP
61205,DTN,dam-bao-cl-va-an-toan-tp,D01,Điểm thi THPT,2021,15.0,Đảm bảo CL và An toàn TP
61206,DTN,dam-bao-cl-va-an-toan-tp,D07,Điểm thi THPT,2021,15.0,Đảm bảo CL và An toàn TP
61207,DTN,duoc-lieu-va-hop-chat-thien-nhien,A00,Điểm học bạ,2022,15.0,Dược liệu và Hợp chất thiên nhiên
61208,DTN,duoc-lieu-va-hop-chat-thien-nhien,B00,Điểm học bạ,2022,15.0,Dược liệu và Hợp chất thiên nhiên
61209,DTN,duoc-lieu-va-hop-chat-thien-nhien,B08,Điểm học bạ,2022,15.0,Dược liệu và Hợp chất thiên nhiên
61210,DTN,duoc-lieu-va-hop-chat-thien-nhien,D07,Điểm học bạ,2022,15.0,Dược liệu và Hợp chất thiên nhiên
61211,DTN,duoc-lieu-va-hop-chat-thien-nhien,A00,Điểm thi THPT,2022,15.0,Dược liệu và Hợp chất thiên nhiên
61212,DTN,duoc-lieu-va-hop-chat-thien-nhien,B00,Điểm thi THPT,2022,15.0,Dược liệu và Hợp chất thiên nhiên
61213,DTN,duoc-lieu-va-hop-chat-thien-nhien,B08,Điểm thi THPT,2022,15.0,Dược liệu và Hợp chất thiên nhiên
61214,DTN,duoc-lieu-va-hop-chat-thien-nhien,D07,Điểm thi THPT,2022,15.0,Dược liệu và Hợp chất thiên nhiên
61215,DTN,duoc-lieu-va-hop-chat-thien-nhien,A01,Điểm học bạ,2023,15.0,Dược liệu và hợp chất thiên nhiên
61216,DTN,duoc-lieu-va-hop-chat-thien-nhien,B01,Điểm học bạ,2023,15.0,Dược liệu và hợp chất thiên nhiên
61217,DTN,duoc-lieu-va-hop-chat-thien-nhien,B08,Điểm học bạ,2023,15.0,Dược liệu và hợp chất thiên nhiên
61218,DTN,duoc-lieu-va-hop-chat-thien-nhien,D07,Điểm học bạ,2023,15.0,Dược liệu và hợp chất thiên nhiên
61219,DTN,duoc-lieu-va-hop-chat-thien-nhien,A01,Điểm thi THPT,2023,15.0,Dược liệu và hợp chất thiên nhiên
61220,DTN,duoc-lieu-va-hop-chat-thien-nhien,B01,Điểm thi THPT,2023,15.0,Dược liệu và hợp chất thiên nhiên
61221,DTN,duoc-lieu-va-hop-chat-thien-nhien,B08,Điểm thi THPT,2023,15.0,Dược liệu và hợp chất thiên nhiên
61222,DTN,duoc-lieu-va-hop-chat-thien-nhien,D07,Điểm thi THPT,2023,15.0,Dược liệu và hợp chất thiên nhiên
61223,DTN,duoc-lieu-va-hop-chat-thien-nhien,A00,Điểm học bạ,2024,15.0,Dược liệu và hợp chất thiên nhiên
61224,DTN,duoc-lieu-va-hop-chat-thien-nhien,B00,Điểm học bạ,2024,15.0,Dược liệu và hợp chất thiên nhiên
61225,DTN,duoc-lieu-va-hop-chat-thien-nhien,C02,Điểm học bạ,2024,15.0,Dược liệu và hợp chất thiên nhiên
61226,DTN,duoc-lieu-va-hop-chat-thien-nhien,A00,Điểm thi THPT,2024,15.0,Dược liệu và hợp chất thiên nhiên
61227,DTN,duoc-lieu-va-hop-chat-thien-nhien,B00,Điểm thi THPT,2024,15.0,Dược liệu và hợp chất thiên nhiên
61228,DTN,duoc-lieu-va-hop-chat-thien-nhien,C02,Điểm thi THPT,2024,15.0,Dược liệu và hợp chất thiên nhiên
61229,DTN,duoc-lieu-va-hop-chat-thien-nhien,A00,Điểm học bạ,2025,15.0,Dược liệu và hợp chất thiên nhiên
61230,DTN,duoc-lieu-va-hop-chat-thien-nhien,A07,Điểm học bạ,2025,15.0,Dược liệu và hợp chất thiên nhiên
61231,DTN,duoc-lieu-va-hop-chat-thien-nhien,A09,Điểm học bạ,2025,15.0,Dược liệu và hợp chất thiên nhiên
61232,DTN,duoc-lieu-va-hop-chat-thien-nhien,B00,Điểm học bạ,2025,15.0,Dược liệu và hợp chất thiên nhiên
61233,DTN,duoc-lieu-va-hop-chat-thien-nhien,C00,Điểm học bạ,2025,15.0,Dược liệu và hợp chất thiên nhiên
61234,DTN,duoc-lieu-va-hop-chat-thien-nhien,C02,Điểm học bạ,2025,15.0,Dược liệu và hợp chất thiên nhiên
61235,DTN,duoc-lieu-va-hop-chat-thien-nhien,C04,Điểm học bạ,2025,15.0,Dược liệu và hợp chất thiên nhiên
61236,DTN,duoc-lieu-va-hop-chat-thien-nhien,C20,Điểm học bạ,2025,15.0,Dược liệu và hợp chất thiên nhiên
61237,DTN,duoc-lieu-va-hop-chat-thien-nhien,D01,Điểm học bạ,2025,15.0,Dược liệu và hợp chất thiên nhiên
61238,DTN,duoc-lieu-va-hop-chat-thien-nhien,D14,Điểm học bạ,2025,15.0,Dược liệu và hợp chất thiên nhiên
61239,DTN,duoc-lieu-va-hop-chat-thien-nhien,A00,Điểm thi THPT,2025,15.0,Dược liệu và hợp chất thiên nhiên
61240,DTN,duoc-lieu-va-hop-chat-thien-nhien,A07,Điểm thi THPT,2025,15.0,Dược liệu và hợp chất thiên nhiên
61241,DTN,duoc-lieu-va-hop-chat-thien-nhien,A09,Điểm thi THPT,2025,15.0,Dược liệu và hợp chất thiên nhiên
61242,DTN,duoc-lieu-va-hop-chat-thien-nhien,B00,Điểm thi THPT,2025,15.0,Dược liệu và hợp chất thiên nhiên
61243,DTN,duoc-lieu-va-hop-chat-thien-nhien,C00,Điểm thi THPT,2025,15.0,Dược liệu và hợp chất thiên nhiên
61244,DTN,duoc-lieu-va-hop-chat-thien-nhien,C02,Điểm thi THPT,2025,15.0,Dược liệu và hợp chất thiên nhiên
61245,DTN,duoc-lieu-va-hop-chat-thien-nhien,C04,Điểm thi THPT,2025,15.0,Dược liệu và hợp chất thiên nhiên
61246,DTN,duoc-lieu-va-hop-chat-thien-nhien,C20,Điểm thi THPT,2025,15.0,Dược liệu và hợp chất thiên nhiên
61247,DTN,duoc-lieu-va-hop-chat-thien-nhien,D01,Điểm thi THPT,2025,15.0,Dược liệu và hợp chất thiên nhiên
61248,DTN,duoc-lieu-va-hop-chat-thien-nhien,D14,Điểm thi THPT,2025,15.0,Dược liệu và hợp chất thiên nhiên
61249,DTN,khoa-hoc-cay-trong,A00,Điểm thi THPT,2021,15.0,Khoa học cây trồng
61250,DTN,khoa-hoc-cay-trong,B00,Điểm thi THPT,2021,15.0,Khoa học cây trồng
61251,DTN,khoa-hoc-cay-trong,C02,Điểm thi THPT,2021,15.0,Khoa học cây trồng
61252,DTN,khoa-hoc-cay-trong,A00,Điểm học bạ,2022,15.0,Khoa học cây trồng
61253,DTN,khoa-hoc-cay-trong,B00,Điểm học bạ,2022,15.0,Khoa học cây trồng
61254,DTN,khoa-hoc-cay-trong,B02,Điểm học bạ,2022,15.0,Khoa học cây trồng
61255,DTN,khoa-hoc-cay-trong,C02,Điểm học bạ,2022,15.0,Khoa học cây trồng
61256,DTN,khoa-hoc-cay-trong,A00,Điểm thi THPT,2022,15.0,Khoa học cây trồng
61257,DTN,khoa-hoc-cay-trong,B00,Điểm thi THPT,2022,15.0,Khoa học cây trồng
61258,DTN,khoa-hoc-cay-trong,B02,Điểm thi THPT,2022,15.0,Khoa học cây trồng
61259,DTN,khoa-hoc-cay-trong,C02,Điểm thi THPT,2022,15.0,Khoa học cây trồng
61260,DTN,khoa-hoc-cay-trong,A00,Điểm học bạ,2023,15.0,Khoa học cây trồng
61261,DTN,khoa-hoc-cay-trong,A01,Điểm học bạ,2023,15.0,Khoa học cây trồng
61262,DTN,khoa-hoc-cay-trong,B00,Điểm học bạ,2023,15.0,Khoa học cây trồng
61263,DTN,khoa-hoc-cay-trong,B01,Điểm học bạ,2023,15.0,Khoa học cây trồng
61264,DTN,khoa-hoc-cay-trong,C02,Điểm học bạ,2023,15.0,Khoa học cây trồng
61265,DTN,khoa-hoc-cay-trong,A00,Điểm thi THPT,2023,15.0,Khoa học cây trồng
61266,DTN,khoa-hoc-cay-trong,A01,Điểm thi THPT,2023,15.0,Khoa học cây trồng
61267,DTN,khoa-hoc-cay-trong,B00,Điểm thi THPT,2023,15.0,Khoa học cây trồng
61268,DTN,khoa-hoc-cay-trong,B01,Điểm thi THPT,2023,15.0,Khoa học cây trồng
61269,DTN,khoa-hoc-cay-trong,C02,Điểm thi THPT,2023,15.0,Khoa học cây trồng
61270,DTN,khoa-hoc-cay-trong,A00,Điểm học bạ,2024,15.0,Khoa học cây trồng
61271,DTN,khoa-hoc-cay-trong,B00,Điểm học bạ,2024,15.0,Khoa học cây trồng
61272,DTN,khoa-hoc-cay-trong,C02,Điểm học bạ,2024,15.0,Khoa học cây trồng
61273,DTN,khoa-hoc-cay-trong,A00,Điểm thi THPT,2024,15.0,Khoa học cây trồng
61274,DTN,khoa-hoc-cay-trong,B00,Điểm thi THPT,2024,15.0,Khoa học cây trồng
61275,DTN,khoa-hoc-cay-trong,C02,Điểm thi THPT,2024,15.0,Khoa học cây trồng
61276,DTN,khoa-hoc-cay-trong,A00,Điểm học bạ,2025,15.0,Khoa học cây trồng
61277,DTN,khoa-hoc-cay-trong,A07,Điểm học bạ,2025,15.0,Khoa học cây trồng
61278,DTN,khoa-hoc-cay-trong,A09,Điểm học bạ,2025,15.0,Khoa học cây trồng
61279,DTN,khoa-hoc-cay-trong,B00,Điểm học bạ,2025,15.0,Khoa học cây trồng
61280,DTN,khoa-hoc-cay-trong,C00,Điểm học bạ,2025,15.0,Khoa học cây trồng
61281,DTN,khoa-hoc-cay-trong,C02,Điểm học bạ,2025,15.0,Khoa học cây trồng
61282,DTN,khoa-hoc-cay-trong,C04,Điểm học bạ,2025,15.0,Khoa học cây trồng
61283,DTN,khoa-hoc-cay-trong,C20,Điểm học bạ,2025,15.0,Khoa học cây trồng
61284,DTN,khoa-hoc-cay-trong,D01,Điểm học bạ,2025,15.0,Khoa học cây trồng
61285,DTN,khoa-hoc-cay-trong,D14,Điểm học bạ,2025,15.0,Khoa học cây trồng
61286,DTN,khoa-hoc-cay-trong,A00,Điểm thi THPT,2025,15.0,Khoa học cây trồng
61287,DTN,khoa-hoc-cay-trong,A07,Điểm thi THPT,2025,15.0,Khoa học cây trồng
61288,DTN,khoa-hoc-cay-trong,A09,Điểm thi THPT,2025,15.0,Khoa học cây trồng
61289,DTN,khoa-hoc-cay-trong,B00,Điểm thi THPT,2025,15.0,Khoa học cây trồng
61290,DTN,khoa-hoc-cay-trong,C00,Điểm thi THPT,2025,15.0,Khoa học cây trồng
61291,DTN,khoa-hoc-cay-trong,C02,Điểm thi THPT,2025,15.0,Khoa học cây trồng
61292,DTN,khoa-hoc-cay-trong,C04,Điểm thi THPT,2025,15.0,Khoa học cây trồng
61293,DTN,khoa-hoc-cay-trong,C20,Điểm thi THPT,2025,15.0,Khoa học cây trồng
61294,DTN,khoa-hoc-cay-trong,D01,Điểm thi THPT,2025,15.0,Khoa học cây trồng
61295,DTN,khoa-hoc-cay-trong,D14,Điểm thi THPT,2025,15.0,Khoa học cây trồng
61296,DTN,khoa-hoc-moi-truong,A07,Điểm thi THPT,2021,15.0,Khoa học môi trường
61297,DTN,khoa-hoc-moi-truong,A09,Điểm thi THPT,2021,15.0,Khoa học môi trường
61298,DTN,khoa-hoc-moi-truong,B00,Điểm thi THPT,2021,15.0,Khoa học môi trường
61299,DTN,khoa-hoc-moi-truong,D01,Điểm thi THPT,2021,15.0,Khoa học môi trường
61300,DTN,khoa-hoc-moi-truong,A07,Điểm học bạ,2022,15.0,Khoa học môi trường
61301,DTN,khoa-hoc-moi-truong,A09,Điểm học bạ,2022,15.0,Khoa học môi trường
61302,DTN,khoa-hoc-moi-truong,B00,Điểm học bạ,2022,15.0,Khoa học môi trường
61303,DTN,khoa-hoc-moi-truong,D01,Điểm học bạ,2022,15.0,Khoa học môi trường
61304,DTN,khoa-hoc-moi-truong,A07,Điểm thi THPT,2022,15.0,Khoa học môi trường
61305,DTN,khoa-hoc-moi-truong,A09,Điểm thi THPT,2022,15.0,Khoa học môi trường
61306,DTN,khoa-hoc-moi-truong,B00,Điểm thi THPT,2022,15.0,Khoa học môi trường
61307,DTN,khoa-hoc-moi-truong,D01,Điểm thi THPT,2022,15.0,Khoa học môi trường
61308,DTN,khoa-hoc-moi-truong,A00,Điểm học bạ,2023,16.0,Khoa học môi trường (Khoa học và quản lý môi trường - Chương trình tiên tiến)
61309,DTN,khoa-hoc-moi-truong,A01,Điểm học bạ,2023,16.0,Khoa học môi trường (Khoa học và quản lý môi trường - Chương trình tiên tiến)
61310,DTN,khoa-hoc-moi-truong,A07,Điểm học bạ,2023,15.0,Khoa học môi trường
61311,DTN,khoa-hoc-moi-truong,A09,Điểm học bạ,2023,15.0,Khoa học môi trường
61312,DTN,khoa-hoc-moi-truong,B00,Điểm học bạ,2023,15.0,Khoa học môi trường
61313,DTN,khoa-hoc-moi-truong,D01,Điểm học bạ,2023,15.0,Khoa học môi trường
61314,DTN,khoa-hoc-moi-truong,D10,Điểm học bạ,2023,16.0,Khoa học môi trường (Khoa học và quản lý môi trường - Chương trình tiên tiến)
61315,DTN,khoa-hoc-moi-truong,A00,Điểm thi THPT,2023,16.0,Khoa học môi trường (Khoa học và quản lý môi trường - Chương trình tiên tiến)
61316,DTN,khoa-hoc-moi-truong,A01,Điểm thi THPT,2023,16.0,Khoa học môi trường (Khoa học và quản lý môi trường - Chương trình tiên tiến)
61317,DTN,khoa-hoc-moi-truong,A07,Điểm thi THPT,2023,15.0,Khoa học môi trường
61318,DTN,khoa-hoc-moi-truong,A09,Điểm thi THPT,2023,15.0,Khoa học môi trường
61319,DTN,khoa-hoc-moi-truong,B00,Điểm thi THPT,2023,15.0,Khoa học môi trường
61320,DTN,khoa-hoc-moi-truong,D01,Điểm thi THPT,2023,15.0,Khoa học môi trường
61321,DTN,khoa-hoc-moi-truong,D10,Điểm thi THPT,2023,16.0,Khoa học môi trường (Khoa học và quản lý môi trường - Chương trình tiên tiến)
61322,DTN,khoa-hoc-moi-truong,A07,Điểm học bạ,2024,15.0,Khoa học môi trường
61323,DTN,khoa-hoc-moi-truong,A09,Điểm học bạ,2024,15.0,Khoa học môi trường
61324,DTN,khoa-hoc-moi-truong,B00,Điểm học bạ,2024,15.0,Khoa học môi trường
61325,DTN,khoa-hoc-moi-truong,D01,Điểm học bạ,2024,15.0,Khoa học môi trường
61326,DTN,khoa-hoc-moi-truong,A07,Điểm thi THPT,2024,15.0,Khoa học môi trường
61327,DTN,khoa-hoc-moi-truong,A09,Điểm thi THPT,2024,15.0,Khoa học môi trường
61328,DTN,khoa-hoc-moi-truong,B00,Điểm thi THPT,2024,15.0,Khoa học môi trường
61329,DTN,khoa-hoc-moi-truong,D01,Điểm thi THPT,2024,15.0,Khoa học môi trường
61330,DTN,khoa-hoc-moi-truong,A00,Điểm học bạ,2025,15.0,Khoa học môi trường
61331,DTN,khoa-hoc-moi-truong,A07,Điểm học bạ,2025,15.0,Khoa học môi trường
61332,DTN,khoa-hoc-moi-truong,A09,Điểm học bạ,2025,15.0,Khoa học môi trường
61333,DTN,khoa-hoc-moi-truong,B00,Điểm học bạ,2025,15.0,Khoa học môi trường
61334,DTN,khoa-hoc-moi-truong,C00,Điểm học bạ,2025,15.0,Khoa học môi trường
61335,DTN,khoa-hoc-moi-truong,C02,Điểm học bạ,2025,15.0,Khoa học môi trường
61336,DTN,khoa-hoc-moi-truong,C04,Điểm học bạ,2025,15.0,Khoa học môi trường
61337,DTN,khoa-hoc-moi-truong,C20,Điểm học bạ,2025,15.0,Khoa học môi trường
61338,DTN,khoa-hoc-moi-truong,D01,Điểm học bạ,2025,15.0,Khoa học môi trường
61339,DTN,khoa-hoc-moi-truong,D14,Điểm học bạ,2025,15.0,Khoa học môi trường
61340,DTN,khoa-hoc-moi-truong,A00,Điểm thi THPT,2025,15.0,Khoa học môi trường
61341,DTN,khoa-hoc-moi-truong,A07,Điểm thi THPT,2025,15.0,Khoa học môi trường
61342,DTN,khoa-hoc-moi-truong,A09,Điểm thi THPT,2025,15.0,Khoa học môi trường
61343,DTN,khoa-hoc-moi-truong,B00,Điểm thi THPT,2025,15.0,Khoa học môi trường
61344,DTN,khoa-hoc-moi-truong,C00,Điểm thi THPT,2025,15.0,Khoa học môi trường
61345,DTN,khoa-hoc-moi-truong,C02,Điểm thi THPT,2025,15.0,Khoa học môi trường
61346,DTN,khoa-hoc-moi-truong,C04,Điểm thi THPT,2025,15.0,Khoa học môi trường
61347,DTN,khoa-hoc-moi-truong,C20,Điểm thi THPT,2025,15.0,Khoa học môi trường
61348,DTN,khoa-hoc-moi-truong,D01,Điểm thi THPT,2025,15.0,Khoa học môi trường
61349,DTN,khoa-hoc-moi-truong,D14,Điểm thi THPT,2025,15.0,Khoa học môi trường
61350,DTN,khoa-hoc-quan-ly-moi-truong,A00,Điểm học bạ,2022,17.0,Khoa học & Quản lý môi trường (CTTT)
61351,DTN,khoa-hoc-quan-ly-moi-truong,A01,Điểm học bạ,2022,17.0,Khoa học & Quản lý môi trường (CTTT)
61352,DTN,khoa-hoc-quan-ly-moi-truong,B00,Điểm học bạ,2022,17.0,Khoa học & Quản lý môi trường (CTTT)
61353,DTN,khoa-hoc-quan-ly-moi-truong,D10,Điểm học bạ,2022,17.0,Khoa học & Quản lý môi trường (CTTT)
61354,DTN,khoa-hoc-quan-ly-moi-truong,A00,Điểm thi THPT,2022,19.0,Khoa học & Quản lý môi trường (CTTT)
61355,DTN,khoa-hoc-quan-ly-moi-truong,A01,Điểm thi THPT,2022,19.0,Khoa học & Quản lý môi trường (CTTT)
61356,DTN,khoa-hoc-quan-ly-moi-truong,B00,Điểm thi THPT,2022,19.0,Khoa học & Quản lý môi trường (CTTT)
61357,DTN,khoa-hoc-quan-ly-moi-truong,D10,Điểm thi THPT,2022,19.0,Khoa học & Quản lý môi trường (CTTT)
61358,DTN,khoa-hoc-quan-ly-mt,A00,Điểm thi THPT,2021,15.0,Khoa học & Quản lý MT (CTTT)
61359,DTN,khoa-hoc-quan-ly-mt,A01,Điểm thi THPT,2021,15.0,Khoa học & Quản lý MT (CTTT)
61360,DTN,khoa-hoc-quan-ly-mt,B00,Điểm thi THPT,2021,15.0,Khoa học & Quản lý MT (CTTT)
61361,DTN,khoa-hoc-quan-ly-mt,D10,Điểm thi THPT,2021,15.0,Khoa học & Quản lý MT (CTTT)
61362,DTN,khoa-hoc-va-quan-ly-moi-truong,A00,Điểm học bạ,2024,16.0,Khoa học và quàn lý môi trường (Chương trình tiên tiến)
61363,DTN,khoa-hoc-va-quan-ly-moi-truong,A01,Điểm học bạ,2024,16.0,Khoa học và quàn lý môi trường (Chương trình tiên tiến)
61364,DTN,khoa-hoc-va-quan-ly-moi-truong,B00,Điểm học bạ,2024,16.0,Khoa học và quàn lý môi trường (Chương trình tiên tiến)
61365,DTN,khoa-hoc-va-quan-ly-moi-truong,D10,Điểm học bạ,2024,16.0,Khoa học và quàn lý môi trường (Chương trình tiên tiến)
61366,DTN,khoa-hoc-va-quan-ly-moi-truong,A00,Điểm thi THPT,2024,16.0,Khoa học và quản lý môi trường (Chương trình tiên tiến)
61367,DTN,khoa-hoc-va-quan-ly-moi-truong,A01,Điểm thi THPT,2024,16.0,Khoa học và quản lý môi trường (Chương trình tiên tiến)
61368,DTN,khoa-hoc-va-quan-ly-moi-truong,B00,Điểm thi THPT,2024,16.0,Khoa học và quản lý môi trường (Chương trình tiên tiến)
61369,DTN,khoa-hoc-va-quan-ly-moi-truong,D10,Điểm thi THPT,2024,16.0,Khoa học và quản lý môi trường (Chương trình tiên tiến)
61370,DTN,khoa-hoc-va-quan-ly-moi-truong,A00,Điểm học bạ,2025,15.0,Khoa học và Quản lý môi trường (CTTT)
61371,DTN,khoa-hoc-va-quan-ly-moi-truong,A07,Điểm học bạ,2025,15.0,Khoa học và Quản lý môi trường (CTTT)
61372,DTN,khoa-hoc-va-quan-ly-moi-truong,A09,Điểm học bạ,2025,15.0,Khoa học và Quản lý môi trường (CTTT)
61373,DTN,khoa-hoc-va-quan-ly-moi-truong,B00,Điểm học bạ,2025,15.0,Khoa học và Quản lý môi trường (CTTT)
61374,DTN,khoa-hoc-va-quan-ly-moi-truong,C00,Điểm học bạ,2025,15.0,Khoa học và Quản lý môi trường (CTTT)
61375,DTN,khoa-hoc-va-quan-ly-moi-truong,C02,Điểm học bạ,2025,15.0,Khoa học và Quản lý môi trường (CTTT)
61376,DTN,khoa-hoc-va-quan-ly-moi-truong,C04,Điểm học bạ,2025,15.0,Khoa học và Quản lý môi trường (CTTT)
61377,DTN,khoa-hoc-va-quan-ly-moi-truong,C20,Điểm học bạ,2025,15.0,Khoa học và Quản lý môi trường (CTTT)
61378,DTN,khoa-hoc-va-quan-ly-moi-truong,D01,Điểm học bạ,2025,15.0,Khoa học và Quản lý môi trường (CTTT)
61379,DTN,khoa-hoc-va-quan-ly-moi-truong,D14,Điểm học bạ,2025,15.0,Khoa học và Quản lý môi trường (CTTT)
61380,DTN,khoa-hoc-va-quan-ly-moi-truong,A00,Điểm thi THPT,2025,15.0,Khoa học và Quản lý môi trường (CTTT)
61381,DTN,khoa-hoc-va-quan-ly-moi-truong,A07,Điểm thi THPT,2025,15.0,Khoa học và Quản lý môi trường (CTTT)
61382,DTN,khoa-hoc-va-quan-ly-moi-truong,A09,Điểm thi THPT,2025,15.0,Khoa học và Quản lý môi trường (CTTT)
61383,DTN,khoa-hoc-va-quan-ly-moi-truong,B00,Điểm thi THPT,2025,15.0,Khoa học và Quản lý môi trường (CTTT)
61384,DTN,khoa-hoc-va-quan-ly-moi-truong,C00,Điểm thi THPT,2025,15.0,Khoa học và Quản lý môi trường (CTTT)
61385,DTN,khoa-hoc-va-quan-ly-moi-truong,C02,Điểm thi THPT,2025,15.0,Khoa học và Quản lý môi trường (CTTT)
61386,DTN,khoa-hoc-va-quan-ly-moi-truong,C04,Điểm thi THPT,2025,15.0,Khoa học và Quản lý môi trường (CTTT)
61387,DTN,khoa-hoc-va-quan-ly-moi-truong,C20,Điểm thi THPT,2025,15.0,Khoa học và Quản lý môi trường (CTTT)
61388,DTN,khoa-hoc-va-quan-ly-moi-truong,D01,Điểm thi THPT,2025,15.0,Khoa học và Quản lý môi trường (CTTT)
61389,DTN,khoa-hoc-va-quan-ly-moi-truong,D14,Điểm thi THPT,2025,15.0,Khoa học và Quản lý môi trường (CTTT)
61390,DTN,kinh-doanh-quoc-te,A00,Điểm thi THPT,2021,15.0,Kinh doanh quốc tế
61391,DTN,kinh-doanh-quoc-te,A01,Điểm thi THPT,2021,15.0,Kinh doanh quốc tế
61392,DTN,kinh-doanh-quoc-te,B00,Điểm thi THPT,2021,15.0,Kinh doanh quốc tế
61393,DTN,kinh-doanh-quoc-te,C02,Điểm thi THPT,2021,15.0,Kinh doanh quốc tế
61394,DTN,kinh-doanh-quoc-te,A00,Điểm học bạ,2022,15.0,Kinh doanh quốc tế
61395,DTN,kinh-doanh-quoc-te,A01,Điểm học bạ,2022,15.0,Kinh doanh quốc tế
61396,DTN,kinh-doanh-quoc-te,B00,Điểm học bạ,2022,15.0,Kinh doanh quốc tế
61397,DTN,kinh-doanh-quoc-te,C02,Điểm học bạ,2022,15.0,Kinh doanh quốc tế
61398,DTN,kinh-doanh-quoc-te,A00,Điểm thi THPT,2022,15.0,Kinh doanh quốc tế
61399,DTN,kinh-doanh-quoc-te,A01,Điểm thi THPT,2022,15.0,Kinh doanh quốc tế
61400,DTN,kinh-doanh-quoc-te,B00,Điểm thi THPT,2022,15.0,Kinh doanh quốc tế
61401,DTN,kinh-doanh-quoc-te,C02,Điểm thi THPT,2022,15.0,Kinh doanh quốc tế
61402,DTN,kinh-doanh-quoc-te,A00,Điểm học bạ,2023,15.0,Kinh doanh quốc tế
61403,DTN,kinh-doanh-quoc-te,A01,Điểm học bạ,2023,15.0,Kinh doanh quốc tế
61404,DTN,kinh-doanh-quoc-te,B00,Điểm học bạ,2023,15.0,Kinh doanh quốc tế
61405,DTN,kinh-doanh-quoc-te,C02,Điểm học bạ,2023,15.0,Kinh doanh quốc tế
61406,DTN,kinh-doanh-quoc-te,A00,Điểm thi THPT,2023,15.0,Kinh doanh quốc tế
61407,DTN,kinh-doanh-quoc-te,A01,Điểm thi THPT,2023,15.0,Kinh doanh quốc tế
61408,DTN,kinh-doanh-quoc-te,B00,Điểm thi THPT,2023,15.0,Kinh doanh quốc tế
61409,DTN,kinh-doanh-quoc-te,C02,Điểm thi THPT,2023,15.0,Kinh doanh quốc tế
61410,DTN,kinh-doanh-quoc-te,A00,Điểm học bạ,2024,15.0,Kinh doanh quốc tế
61411,DTN,kinh-doanh-quoc-te,A01,Điểm học bạ,2024,15.0,Kinh doanh quốc tế
61412,DTN,kinh-doanh-quoc-te,B00,Điểm học bạ,2024,15.0,Kinh doanh quốc tế
61413,DTN,kinh-doanh-quoc-te,C02,Điểm học bạ,2024,15.0,Kinh doanh quốc tế
61414,DTN,kinh-doanh-quoc-te,A00,Điểm thi THPT,2024,15.0,Kinh doanh quốc tế
61415,DTN,kinh-doanh-quoc-te,A01,Điểm thi THPT,2024,15.0,Kinh doanh quốc tế
61416,DTN,kinh-doanh-quoc-te,B00,Điểm thi THPT,2024,15.0,Kinh doanh quốc tế
61417,DTN,kinh-doanh-quoc-te,C02,Điểm thi THPT,2024,15.0,Kinh doanh quốc tế
61418,DTN,kinh-doanh-quoc-te,A00,Điểm học bạ,2025,15.0,Kinh doanh quốc tế
61419,DTN,kinh-doanh-quoc-te,A07,Điểm học bạ,2025,15.0,Kinh doanh quốc tế
61420,DTN,kinh-doanh-quoc-te,A09,Điểm học bạ,2025,15.0,Kinh doanh quốc tế
61421,DTN,kinh-doanh-quoc-te,B00,Điểm học bạ,2025,15.0,Kinh doanh quốc tế
61422,DTN,kinh-doanh-quoc-te,C00,Điểm học bạ,2025,15.0,Kinh doanh quốc tế
61423,DTN,kinh-doanh-quoc-te,C02,Điểm học bạ,2025,15.0,Kinh doanh quốc tế
61424,DTN,kinh-doanh-quoc-te,C04,Điểm học bạ,2025,15.0,Kinh doanh quốc tế
61425,DTN,kinh-doanh-quoc-te,C20,Điểm học bạ,2025,15.0,Kinh doanh quốc tế
61426,DTN,kinh-doanh-quoc-te,D01,Điểm học bạ,2025,15.0,Kinh doanh quốc tế
61427,DTN,kinh-doanh-quoc-te,D14,Điểm học bạ,2025,15.0,Kinh doanh quốc tế
61428,DTN,kinh-doanh-quoc-te,A00,Điểm thi THPT,2025,15.0,Kinh doanh quốc tế
61429,DTN,kinh-doanh-quoc-te,A07,Điểm thi THPT,2025,15.0,Kinh doanh quốc tế
61430,DTN,kinh-doanh-quoc-te,A09,Điểm thi THPT,2025,15.0,Kinh doanh quốc tế
61431,DTN,kinh-doanh-quoc-te,B00,Điểm thi THPT,2025,15.0,Kinh doanh quốc tế
61432,DTN,kinh-doanh-quoc-te,C00,Điểm thi THPT,2025,15.0,Kinh doanh quốc tế
61433,DTN,kinh-doanh-quoc-te,C02,Điểm thi THPT,2025,15.0,Kinh doanh quốc tế
61434,DTN,kinh-doanh-quoc-te,C04,Điểm thi THPT,2025,15.0,Kinh doanh quốc tế
61435,DTN,kinh-doanh-quoc-te,C20,Điểm thi THPT,2025,15.0,Kinh doanh quốc tế
61436,DTN,kinh-doanh-quoc-te,D01,Điểm thi THPT,2025,15.0,Kinh doanh quốc tế
61437,DTN,kinh-doanh-quoc-te,D14,Điểm thi THPT,2025,15.0,Kinh doanh quốc tế
61438,DTN,kinh-te-nong-nghiep,A00,Điểm thi THPT,2021,15.0,Kinh tế nông nghiệp
61439,DTN,kinh-te-nong-nghiep,A01,Điểm thi THPT,2021,15.0,Kinh tế nông nghiệp (CTTT)
61440,DTN,kinh-te-nong-nghiep,B00,Điểm thi THPT,2021,15.0,Kinh tế nông nghiệp
61441,DTN,kinh-te-nong-nghiep,C02,Điểm thi THPT,2021,15.0,Kinh tế nông nghiệp
61442,DTN,kinh-te-nong-nghiep,D01,Điểm thi THPT,2021,15.0,Kinh tế nông nghiệp (CTTT)
61443,DTN,kinh-te-nong-nghiep,A00,Điểm học bạ,2022,15.0,Kinh tế nông nghiệp
61444,DTN,kinh-te-nong-nghiep,A01,Điểm học bạ,2022,17.0,Kinh tế nông nghiệp (CTTT)
61445,DTN,kinh-te-nong-nghiep,B00,Điểm học bạ,2022,15.0,Kinh tế nông nghiệp
61446,DTN,kinh-te-nong-nghiep,C02,Điểm học bạ,2022,15.0,Kinh tế nông nghiệp
61447,DTN,kinh-te-nong-nghiep,D01,Điểm học bạ,2022,17.0,Kinh tế nông nghiệp (CTTT)
61448,DTN,kinh-te-nong-nghiep,A00,Điểm thi THPT,2022,15.0,Kinh tế nông nghiệp
61449,DTN,kinh-te-nong-nghiep,A01,Điểm thi THPT,2022,15.0,Kinh tế nông nghiệp (CTTT)
61450,DTN,kinh-te-nong-nghiep,B00,Điểm thi THPT,2022,15.0,Kinh tế nông nghiệp
61451,DTN,kinh-te-nong-nghiep,C02,Điểm thi THPT,2022,15.0,Kinh tế nông nghiệp
61452,DTN,kinh-te-nong-nghiep,D01,Điểm thi THPT,2022,15.0,Kinh tế nông nghiệp (CTTT)
61453,DTN,kinh-te-nong-nghiep,A00,Điểm học bạ,2023,15.0,Kinh tế nông nghiệp
61454,DTN,kinh-te-nong-nghiep,A01,Điểm học bạ,2023,16.0,Kinh tế nông nghiệp (Chương trình tiên tiến)
61455,DTN,kinh-te-nong-nghiep,B00,Điểm học bạ,2023,15.0,Kinh tế nông nghiệp
61456,DTN,kinh-te-nong-nghiep,C02,Điểm học bạ,2023,15.0,Kinh tế nông nghiệp
61457,DTN,kinh-te-nong-nghiep,D01,Điểm học bạ,2023,16.0,Kinh tế nông nghiệp (Chương trình tiên tiến)
61458,DTN,kinh-te-nong-nghiep,A00,Điểm thi THPT,2023,15.0,Kinh tế nông nghiệp
61459,DTN,kinh-te-nong-nghiep,A01,Điểm thi THPT,2023,16.0,Kinh tế nông nghiệp (Chương trình tiên tiến)
61460,DTN,kinh-te-nong-nghiep,B00,Điểm thi THPT,2023,15.0,Kinh tế nông nghiệp
61461,DTN,kinh-te-nong-nghiep,C02,Điểm thi THPT,2023,15.0,Kinh tế nông nghiệp
61462,DTN,kinh-te-nong-nghiep,D01,Điểm thi THPT,2023,16.0,Kinh tế nông nghiệp (Chương trình tiên tiến)
61463,DTN,kinh-te-nong-nghiep,A00,Điểm học bạ,2024,15.0,Kinh tế nông nghiệp
61464,DTN,kinh-te-nong-nghiep,A01,Điểm học bạ,2024,16.0,Kinh tế nông nghiệp (Chương trình tiên tiến)
61465,DTN,kinh-te-nong-nghiep,B00,Điểm học bạ,2024,15.0,Kinh tế nông nghiệp
61466,DTN,kinh-te-nong-nghiep,C02,Điểm học bạ,2024,15.0,Kinh tế nông nghiệp
61467,DTN,kinh-te-nong-nghiep,D01,Điểm học bạ,2024,16.0,Kinh tế nông nghiệp (Chương trình tiên tiến)
61468,DTN,kinh-te-nong-nghiep,A00,Điểm thi THPT,2024,15.0,Kinh tế nông nghiệp
61469,DTN,kinh-te-nong-nghiep,A01,Điểm thi THPT,2024,16.0,Kinh tế nông nghiệp (Chương trình tiên tiến)
61470,DTN,kinh-te-nong-nghiep,B00,Điểm thi THPT,2024,15.0,Kinh tế nông nghiệp
61471,DTN,kinh-te-nong-nghiep,C02,Điểm thi THPT,2024,15.0,Kinh tế nông nghiệp
61472,DTN,kinh-te-nong-nghiep,D01,Điểm thi THPT,2024,16.0,Kinh tế nông nghiệp (Chương trình tiên tiến)
61473,DTN,kinh-te-nong-nghiep,A00,Điểm học bạ,2025,15.0,Kinh tế nông nghiệp
61474,DTN,kinh-te-nong-nghiep,A07,Điểm học bạ,2025,15.0,Kinh tế nông nghiệp
61475,DTN,kinh-te-nong-nghiep,A09,Điểm học bạ,2025,15.0,Kinh tế nông nghiệp
61476,DTN,kinh-te-nong-nghiep,B00,Điểm học bạ,2025,15.0,Kinh tế nông nghiệp
61477,DTN,kinh-te-nong-nghiep,C00,Điểm học bạ,2025,15.0,Kinh tế nông nghiệp
61478,DTN,kinh-te-nong-nghiep,C02,Điểm học bạ,2025,15.0,Kinh tế nông nghiệp
61479,DTN,kinh-te-nong-nghiep,C04,Điểm học bạ,2025,15.0,Kinh tế nông nghiệp
61480,DTN,kinh-te-nong-nghiep,C20,Điểm học bạ,2025,15.0,Kinh tế nông nghiệp
61481,DTN,kinh-te-nong-nghiep,D01,Điểm học bạ,2025,15.0,Kinh tế nông nghiệp
61482,DTN,kinh-te-nong-nghiep,D14,Điểm học bạ,2025,15.0,Kinh tế nông nghiệp
61483,DTN,kinh-te-nong-nghiep,A00,Điểm thi THPT,2025,15.0,Kinh tế nông nghiệp
61484,DTN,kinh-te-nong-nghiep,A07,Điểm thi THPT,2025,15.0,Kinh tế nông nghiệp
61485,DTN,kinh-te-nong-nghiep,A09,Điểm thi THPT,2025,15.0,Kinh tế nông nghiệp
61486,DTN,kinh-te-nong-nghiep,B00,Điểm thi THPT,2025,15.0,Kinh tế nông nghiệp
61487,DTN,kinh-te-nong-nghiep,C00,Điểm thi THPT,2025,15.0,Kinh tế nông nghiệp
61488,DTN,kinh-te-nong-nghiep,C02,Điểm thi THPT,2025,15.0,Kinh tế nông nghiệp
61489,DTN,kinh-te-nong-nghiep,C04,Điểm thi THPT,2025,15.0,Kinh tế nông nghiệp
61490,DTN,kinh-te-nong-nghiep,C20,Điểm thi THPT,2025,15.0,Kinh tế nông nghiệp
61491,DTN,kinh-te-nong-nghiep,D01,Điểm thi THPT,2025,15.0,Kinh tế nông nghiệp
61492,DTN,kinh-te-nong-nghiep,D14,Điểm thi THPT,2025,15.0,Kinh tế nông nghiệp
61493,DTN,lam-sinh,A00,Điểm thi THPT,2021,15.0,Lâm sinh
61494,DTN,lam-sinh,B00,Điểm thi THPT,2021,15.0,Lâm sinh
61495,DTN,lam-sinh,C02,Điểm thi THPT,2021,15.0,Lâm sinh
61496,DTN,lam-sinh,A09,Điểm học bạ,2022,15.0,Lâm sinh
61497,DTN,lam-sinh,A15,Điểm học bạ,2022,15.0,Lâm sinh
61498,DTN,lam-sinh,B02,Điểm học bạ,2022,15.0,Lâm sinh
61499,DTN,lam-sinh,C14,Điểm học bạ,2022,15.0,Lâm sinh
61500,DTN,lam-sinh,A09,Điểm thi THPT,2022,20.0,Lâm sinh
61501,DTN,lam-sinh,A15,Điểm thi THPT,2022,20.0,Lâm sinh
61502,DTN,lam-sinh,B02,Điểm thi THPT,2022,20.0,Lâm sinh
61503,DTN,lam-sinh,C14,Điểm thi THPT,2022,20.0,Lâm sinh
61504,DTN,lam-sinh,A09,Điểm học bạ,2023,15.0,Lâm sinh
61505,DTN,lam-sinh,A15,Điểm học bạ,2023,15.0,Lâm sinh
61506,DTN,lam-sinh,B02,Điểm học bạ,2023,15.0,Lâm sinh
61507,DTN,lam-sinh,C14,Điểm học bạ,2023,15.0,Lâm sinh
61508,DTN,lam-sinh,A09,Điểm thi THPT,2023,15.0,Lâm sinh
61509,DTN,lam-sinh,A15,Điểm thi THPT,2023,15.0,Lâm sinh
61510,DTN,lam-sinh,B02,Điểm thi THPT,2023,15.0,Lâm sinh
61511,DTN,lam-sinh,C14,Điểm thi THPT,2023,15.0,Lâm sinh
61512,DTN,lam-sinh,A00,Điểm học bạ,2024,15.0,Lâm sinh
61513,DTN,lam-sinh,B00,Điểm học bạ,2024,15.0,Lâm sinh
61514,DTN,lam-sinh,C02,Điểm học bạ,2024,15.0,Lâm sinh
61515,DTN,lam-sinh,A00,Điểm thi THPT,2024,15.0,Lâm sinh
61516,DTN,lam-sinh,B00,Điểm thi THPT,2024,15.0,Lâm sinh
61517,DTN,lam-sinh,C02,Điểm thi THPT,2024,15.0,Lâm sinh
61518,DTN,lam-sinh,A00,Điểm học bạ,2025,15.0,Lâm sinh
61519,DTN,lam-sinh,A07,Điểm học bạ,2025,15.0,Lâm sinh
61520,DTN,lam-sinh,A09,Điểm học bạ,2025,15.0,Lâm sinh
61521,DTN,lam-sinh,B00,Điểm học bạ,2025,15.0,Lâm sinh
61522,DTN,lam-sinh,C00,Điểm học bạ,2025,15.0,Lâm sinh
61523,DTN,lam-sinh,C02,Điểm học bạ,2025,15.0,Lâm sinh
61524,DTN,lam-sinh,C04,Điểm học bạ,2025,15.0,Lâm sinh
61525,DTN,lam-sinh,C20,Điểm học bạ,2025,15.0,Lâm sinh
61526,DTN,lam-sinh,D01,Điểm học bạ,2025,15.0,Lâm sinh
61527,DTN,lam-sinh,D14,Điểm học bạ,2025,15.0,Lâm sinh
61528,DTN,lam-sinh,A00,Điểm thi THPT,2025,15.0,Lâm sinh
61529,DTN,lam-sinh,A07,Điểm thi THPT,2025,15.0,Lâm sinh
61530,DTN,lam-sinh,A09,Điểm thi THPT,2025,15.0,Lâm sinh
61531,DTN,lam-sinh,B00,Điểm thi THPT,2025,15.0,Lâm sinh
61532,DTN,lam-sinh,C00,Điểm thi THPT,2025,15.0,Lâm sinh
61533,DTN,lam-sinh,C02,Điểm thi THPT,2025,15.0,Lâm sinh
61534,DTN,lam-sinh,C04,Điểm thi THPT,2025,15.0,Lâm sinh
61535,DTN,lam-sinh,C20,Điểm thi THPT,2025,15.0,Lâm sinh
61536,DTN,lam-sinh,D01,Điểm thi THPT,2025,15.0,Lâm sinh
61537,DTN,lam-sinh,D14,Điểm thi THPT,2025,15.0,Lâm sinh
61538,DTN,ngon-ngu-anh,A00,Điểm học bạ,2025,15.0,Ngôn ngữ Anh
61539,DTN,ngon-ngu-anh,A07,Điểm học bạ,2025,15.0,Ngôn ngữ Anh
61540,DTN,ngon-ngu-anh,A09,Điểm học bạ,2025,15.0,Ngôn ngữ Anh
61541,DTN,ngon-ngu-anh,B00,Điểm học bạ,2025,15.0,Ngôn ngữ Anh
61542,DTN,ngon-ngu-anh,C00,Điểm học bạ,2025,15.0,Ngôn ngữ Anh
61543,DTN,ngon-ngu-anh,C02,Điểm học bạ,2025,15.0,Ngôn ngữ Anh
61544,DTN,ngon-ngu-anh,C04,Điểm học bạ,2025,15.0,Ngôn ngữ Anh
61545,DTN,ngon-ngu-anh,C20,Điểm học bạ,2025,15.0,Ngôn ngữ Anh
61546,DTN,ngon-ngu-anh,D01,Điểm học bạ,2025,15.0,Ngôn ngữ Anh
61547,DTN,ngon-ngu-anh,D14,Điểm học bạ,2025,15.0,Ngôn ngữ Anh
61548,DTN,ngon-ngu-anh,A00,Điểm thi THPT,2025,15.0,Ngôn ngữ Anh
61549,DTN,ngon-ngu-anh,A07,Điểm thi THPT,2025,15.0,Ngôn ngữ Anh
61550,DTN,ngon-ngu-anh,A09,Điểm thi THPT,2025,15.0,Ngôn ngữ Anh
61551,DTN,ngon-ngu-anh,B00,Điểm thi THPT,2025,15.0,Ngôn ngữ Anh
61552,DTN,ngon-ngu-anh,C00,Điểm thi THPT,2025,15.0,Ngôn ngữ Anh
61553,DTN,ngon-ngu-anh,C02,Điểm thi THPT,2025,15.0,Ngôn ngữ Anh
61554,DTN,ngon-ngu-anh,C04,Điểm thi THPT,2025,15.0,Ngôn ngữ Anh
61555,DTN,ngon-ngu-anh,C20,Điểm thi THPT,2025,15.0,Ngôn ngữ Anh
61556,DTN,ngon-ngu-anh,D01,Điểm thi THPT,2025,15.0,Ngôn ngữ Anh
61557,DTN,ngon-ngu-anh,D14,Điểm thi THPT,2025,15.0,Ngôn ngữ Anh
61558,DTN,nong-nghiep,A01,Điểm học bạ,2023,15.0,Nông nghiệp (Nông nghiệp công nghệ cao)
61559,DTN,nong-nghiep,B01,Điểm học bạ,2023,15.0,Nông nghiệp (Nông nghiệp công nghệ cao)
61560,DTN,nong-nghiep,B02,Điểm học bạ,2023,15.0,Nông nghiệp (Nông nghiệp công nghệ cao)
61561,DTN,nong-nghiep,C02,Điểm học bạ,2023,15.0,Nông nghiệp (Nông nghiệp công nghệ cao)
61562,DTN,nong-nghiep,A01,Điểm thi THPT,2023,15.0,Nông nghiệp (Nông nghiệp công nghệ cao)
61563,DTN,nong-nghiep,B01,Điểm thi THPT,2023,15.0,Nông nghiệp (Nông nghiệp công nghệ cao)
61564,DTN,nong-nghiep,B02,Điểm thi THPT,2023,15.0,Nông nghiệp (Nông nghiệp công nghệ cao)
61565,DTN,nong-nghiep,C02,Điểm thi THPT,2023,15.0,Nông nghiệp (Nông nghiệp công nghệ cao)
61566,DTN,nong-nghiep-cong-nghe-cao,A00,Điểm thi THPT,2021,15.0,Nông nghiệp công nghệ cao
61567,DTN,nong-nghiep-cong-nghe-cao,B00,Điểm thi THPT,2021,15.0,Nông nghiệp công nghệ cao
61568,DTN,nong-nghiep-cong-nghe-cao,C02,Điểm thi THPT,2021,15.0,Nông nghiệp công nghệ cao
61569,DTN,nong-nghiep-cong-nghe-cao,A00,Điểm học bạ,2022,15.0,Nông nghiệp công nghệ cao
61570,DTN,nong-nghiep-cong-nghe-cao,B00,Điểm học bạ,2022,15.0,Nông nghiệp công nghệ cao
61571,DTN,nong-nghiep-cong-nghe-cao,C02,Điểm học bạ,2022,15.0,Nông nghiệp công nghệ cao
61572,DTN,nong-nghiep-cong-nghe-cao,A00,Điểm thi THPT,2022,20.0,Nông nghiệp công nghệ cao
61573,DTN,nong-nghiep-cong-nghe-cao,B00,Điểm thi THPT,2022,20.0,Nông nghiệp công nghệ cao
61574,DTN,nong-nghiep-cong-nghe-cao,C02,Điểm thi THPT,2022,20.0,Nông nghiệp công nghệ cao
61575,DTN,nong-nghiep-cong-nghe-cao,A00,Điểm học bạ,2024,15.0,Nông nghiệp công nghệ cao
61576,DTN,nong-nghiep-cong-nghe-cao,B00,Điểm học bạ,2024,15.0,Nông nghiệp công nghệ cao
61577,DTN,nong-nghiep-cong-nghe-cao,C02,Điểm học bạ,2024,15.0,Nông nghiệp công nghệ cao
61578,DTN,nong-nghiep-cong-nghe-cao,A00,Điểm thi THPT,2024,15.0,Nông nghiệp công nghệ cao
61579,DTN,nong-nghiep-cong-nghe-cao,B00,Điểm thi THPT,2024,15.0,Nông nghiệp công nghệ cao
61580,DTN,nong-nghiep-cong-nghe-cao,C02,Điểm thi THPT,2024,15.0,Nông nghiệp công nghệ cao
61581,DTN,nong-nghiep-cong-nghe-cao,A00,Điểm học bạ,2025,15.0,Nông nghiệp công nghệ cao
61582,DTN,nong-nghiep-cong-nghe-cao,A07,Điểm học bạ,2025,15.0,Nông nghiệp công nghệ cao
61583,DTN,nong-nghiep-cong-nghe-cao,A09,Điểm học bạ,2025,15.0,Nông nghiệp công nghệ cao
61584,DTN,nong-nghiep-cong-nghe-cao,B00,Điểm học bạ,2025,15.0,Nông nghiệp công nghệ cao
61585,DTN,nong-nghiep-cong-nghe-cao,C00,Điểm học bạ,2025,15.0,Nông nghiệp công nghệ cao
61586,DTN,nong-nghiep-cong-nghe-cao,C02,Điểm học bạ,2025,15.0,Nông nghiệp công nghệ cao
61587,DTN,nong-nghiep-cong-nghe-cao,C04,Điểm học bạ,2025,15.0,Nông nghiệp công nghệ cao
61588,DTN,nong-nghiep-cong-nghe-cao,C20,Điểm học bạ,2025,15.0,Nông nghiệp công nghệ cao
61589,DTN,nong-nghiep-cong-nghe-cao,D01,Điểm học bạ,2025,15.0,Nông nghiệp công nghệ cao
61590,DTN,nong-nghiep-cong-nghe-cao,D14,Điểm học bạ,2025,15.0,Nông nghiệp công nghệ cao
61591,DTN,nong-nghiep-cong-nghe-cao,A00,Điểm thi THPT,2025,15.0,Nông nghiệp công nghệ cao
61592,DTN,nong-nghiep-cong-nghe-cao,A07,Điểm thi THPT,2025,15.0,Nông nghiệp công nghệ cao
61593,DTN,nong-nghiep-cong-nghe-cao,A09,Điểm thi THPT,2025,15.0,Nông nghiệp công nghệ cao
61594,DTN,nong-nghiep-cong-nghe-cao,B00,Điểm thi THPT,2025,15.0,Nông nghiệp công nghệ cao
61595,DTN,nong-nghiep-cong-nghe-cao,C00,Điểm thi THPT,2025,15.0,Nông nghiệp công nghệ cao
61596,DTN,nong-nghiep-cong-nghe-cao,C02,Điểm thi THPT,2025,15.0,Nông nghiệp công nghệ cao
61597,DTN,nong-nghiep-cong-nghe-cao,C04,Điểm thi THPT,2025,15.0,Nông nghiệp công nghệ cao
61598,DTN,nong-nghiep-cong-nghe-cao,C20,Điểm thi THPT,2025,15.0,Nông nghiệp công nghệ cao
61599,DTN,nong-nghiep-cong-nghe-cao,D01,Điểm thi THPT,2025,15.0,Nông nghiệp công nghệ cao
61600,DTN,nong-nghiep-cong-nghe-cao,D14,Điểm thi THPT,2025,15.0,Nông nghiệp công nghệ cao
61601,DTN,phat-trien-nong-thon,A00,Điểm thi THPT,2021,15.0,Phát triển nông thôn
61602,DTN,phat-trien-nong-thon,B00,Điểm thi THPT,2021,15.0,Phát triển nông thôn
61603,DTN,phat-trien-nong-thon,C02,Điểm thi THPT,2021,15.0,Phát triển nông thôn
61604,DTN,phat-trien-nong-thon,A00,Điểm học bạ,2022,15.0,Phát triển nông thôn
61605,DTN,phat-trien-nong-thon,B00,Điểm học bạ,2022,15.0,Phát triển nông thôn
61606,DTN,phat-trien-nong-thon,C02,Điểm học bạ,2022,15.0,Phát triển nông thôn
61607,DTN,phat-trien-nong-thon,A00,Điểm thi THPT,2022,15.0,Phát triển nông thôn
61608,DTN,phat-trien-nong-thon,B00,Điểm thi THPT,2022,15.0,Phát triển nông thôn
61609,DTN,phat-trien-nong-thon,C02,Điểm thi THPT,2022,15.0,Phát triển nông thôn
61610,DTN,phat-trien-nong-thon,A00,Điểm học bạ,2023,15.0,Phát triển nông thôn
61611,DTN,phat-trien-nong-thon,B00,Điểm học bạ,2023,15.0,Phát triển nông thôn
61612,DTN,phat-trien-nong-thon,B02,Điểm học bạ,2023,15.0,Phát triển nông thôn
61613,DTN,phat-trien-nong-thon,C02,Điểm học bạ,2023,15.0,Phát triển nông thôn
61614,DTN,phat-trien-nong-thon,A00,Điểm thi THPT,2023,15.0,Phát triển nông thôn
61615,DTN,phat-trien-nong-thon,B00,Điểm thi THPT,2023,15.0,Phát triển nông thôn
61616,DTN,phat-trien-nong-thon,B02,Điểm thi THPT,2023,15.0,Phát triển nông thôn
61617,DTN,phat-trien-nong-thon,C02,Điểm thi THPT,2023,15.0,Phát triển nông thôn
61618,DTN,quan-ly-dat-dai,A00,Điểm thi THPT,2021,15.0,Quản lý đất đai
61619,DTN,quan-ly-dat-dai,A01,Điểm thi THPT,2021,15.0,Quản lý đất đai
61620,DTN,quan-ly-dat-dai,B00,Điểm thi THPT,2021,15.0,Quản lý đất đai
61621,DTN,quan-ly-dat-dai,D10,Điểm thi THPT,2021,15.0,Quản lý đất đai
61622,DTN,quan-ly-dat-dai,A00,Điểm học bạ,2022,16.0,Quản lý đất đai
61623,DTN,quan-ly-dat-dai,A01,Điểm học bạ,2022,16.0,Quản lý đất đai
61624,DTN,quan-ly-dat-dai,B00,Điểm học bạ,2022,16.0,Quản lý đất đai
61625,DTN,quan-ly-dat-dai,D10,Điểm học bạ,2022,16.0,Quản lý đất đai
61626,DTN,quan-ly-dat-dai,A00,Điểm thi THPT,2022,16.5,Quản lý đất đai
61627,DTN,quan-ly-dat-dai,A01,Điểm thi THPT,2022,16.5,Quản lý đất đai
61628,DTN,quan-ly-dat-dai,B00,Điểm thi THPT,2022,16.5,Quản lý đất đai
61629,DTN,quan-ly-dat-dai,D10,Điểm thi THPT,2022,16.5,Quản lý đất đai
61630,DTN,quan-ly-dat-dai,A00,Điểm học bạ,2023,15.0,Quản lý đất đai
61631,DTN,quan-ly-dat-dai,A01,Điểm học bạ,2023,15.0,Quản lý đất đai
61632,DTN,quan-ly-dat-dai,B00,Điểm học bạ,2023,15.0,Quản lý đất đai
61633,DTN,quan-ly-dat-dai,D10,Điểm học bạ,2023,15.0,Quản lý đất đai
61634,DTN,quan-ly-dat-dai,A00,Điểm thi THPT,2023,15.0,Quản lý đất đai
61635,DTN,quan-ly-dat-dai,A01,Điểm thi THPT,2023,15.0,Quản lý đất đai
61636,DTN,quan-ly-dat-dai,B00,Điểm thi THPT,2023,15.0,Quản lý đất đai
61637,DTN,quan-ly-dat-dai,D10,Điểm thi THPT,2023,15.0,Quản lý đất đai
61638,DTN,quan-ly-dat-dai,A00,Điểm học bạ,2024,15.0,Quản lý đất đai
61639,DTN,quan-ly-dat-dai,A01,Điểm học bạ,2024,15.0,Quản lý đất đai
61640,DTN,quan-ly-dat-dai,B00,Điểm học bạ,2024,15.0,Quản lý đất đai
61641,DTN,quan-ly-dat-dai,D10,Điểm học bạ,2024,15.0,Quản lý đất đai
61642,DTN,quan-ly-dat-dai,A00,Điểm thi THPT,2024,15.0,Quản lý đất đai
61643,DTN,quan-ly-dat-dai,A01,Điểm thi THPT,2024,15.0,Quản lý đất đai
61644,DTN,quan-ly-dat-dai,B00,Điểm thi THPT,2024,15.0,Quản lý đất đai
61645,DTN,quan-ly-dat-dai,D10,Điểm thi THPT,2024,15.0,Quản lý đất đai
61646,DTN,quan-ly-dat-dai,A00,Điểm học bạ,2025,15.0,Quản lý đất đai
61647,DTN,quan-ly-dat-dai,A07,Điểm học bạ,2025,15.0,Quản lý đất đai
61648,DTN,quan-ly-dat-dai,A09,Điểm học bạ,2025,15.0,Quản lý đất đai
61649,DTN,quan-ly-dat-dai,B00,Điểm học bạ,2025,15.0,Quản lý đất đai
61650,DTN,quan-ly-dat-dai,C00,Điểm học bạ,2025,15.0,Quản lý đất đai
61651,DTN,quan-ly-dat-dai,C02,Điểm học bạ,2025,15.0,Quản lý đất đai
61652,DTN,quan-ly-dat-dai,C04,Điểm học bạ,2025,15.0,Quản lý đất đai
61653,DTN,quan-ly-dat-dai,C20,Điểm học bạ,2025,15.0,Quản lý đất đai
61654,DTN,quan-ly-dat-dai,D01,Điểm học bạ,2025,15.0,Quản lý đất đai
61655,DTN,quan-ly-dat-dai,D14,Điểm học bạ,2025,15.0,Quản lý đất đai
61656,DTN,quan-ly-dat-dai,A00,Điểm thi THPT,2025,15.0,Quản lý đất đai
61657,DTN,quan-ly-dat-dai,A07,Điểm thi THPT,2025,15.0,Quản lý đất đai
61658,DTN,quan-ly-dat-dai,A09,Điểm thi THPT,2025,15.0,Quản lý đất đai
61659,DTN,quan-ly-dat-dai,B00,Điểm thi THPT,2025,15.0,Quản lý đất đai
61660,DTN,quan-ly-dat-dai,C00,Điểm thi THPT,2025,15.0,Quản lý đất đai
61661,DTN,quan-ly-dat-dai,C02,Điểm thi THPT,2025,15.0,Quản lý đất đai
61662,DTN,quan-ly-dat-dai,C04,Điểm thi THPT,2025,15.0,Quản lý đất đai
61663,DTN,quan-ly-dat-dai,C20,Điểm thi THPT,2025,15.0,Quản lý đất đai
61664,DTN,quan-ly-dat-dai,D01,Điểm thi THPT,2025,15.0,Quản lý đất đai
61665,DTN,quan-ly-dat-dai,D14,Điểm thi THPT,2025,15.0,Quản lý đất đai
61666,DTN,quan-ly-du-lich-quoc-te,A01,Điểm học bạ,2023,16.0,Quản lý du lịch quốc tế (Chương trình tiên tiến)
61667,DTN,quan-ly-du-lich-quoc-te,B01,Điểm học bạ,2023,16.0,Quản lý du lịch quốc tế (Chương trình tiên tiến)
61668,DTN,quan-ly-du-lich-quoc-te,D01,Điểm học bạ,2023,16.0,Quản lý du lịch quốc tế (Chương trình tiên tiến)
61669,DTN,quan-ly-du-lich-quoc-te,A01,Điểm thi THPT,2023,16.0,Quản lý du lịch quốc tế (Chương trình tiên tiến)
61670,DTN,quan-ly-du-lich-quoc-te,B01,Điểm thi THPT,2023,16.0,Quản lý du lịch quốc tế (Chương trình tiên tiến)
61671,DTN,quan-ly-du-lich-quoc-te,D01,Điểm thi THPT,2023,16.0,Quản lý du lịch quốc tế (Chương trình tiên tiến)
61672,DTN,quan-ly-du-lich-quoc-te,A00,Điểm học bạ,2024,16.0,Quản lý du lịch Quốc tế
61673,DTN,quan-ly-du-lich-quoc-te,A01,Điểm học bạ,2024,16.0,Quản lý du lịch Quốc tế
61674,DTN,quan-ly-du-lich-quoc-te,B00,Điểm học bạ,2024,16.0,Quản lý du lịch Quốc tế
61675,DTN,quan-ly-du-lich-quoc-te,D01,Điểm học bạ,2024,16.0,Quản lý du lịch Quốc tế
61676,DTN,quan-ly-du-lich-quoc-te,A00,Điểm thi THPT,2024,16.0,Quản lý du lịch Quốc tế
61677,DTN,quan-ly-du-lich-quoc-te,A01,Điểm thi THPT,2024,16.0,Quản lý du lịch Quốc tế
61678,DTN,quan-ly-du-lich-quoc-te,B00,Điểm thi THPT,2024,16.0,Quản lý du lịch Quốc tế
61679,DTN,quan-ly-du-lich-quoc-te,D01,Điểm thi THPT,2024,16.0,Quản lý du lịch Quốc tế
61680,DTN,quan-ly-du-lich-quoc-te,A00,Điểm học bạ,2025,15.0,Quản lý du lịch quốc tế (CTTT)
61681,DTN,quan-ly-du-lich-quoc-te,A07,Điểm học bạ,2025,15.0,Quản lý du lịch quốc tế (CTTT)
61682,DTN,quan-ly-du-lich-quoc-te,A09,Điểm học bạ,2025,15.0,Quản lý du lịch quốc tế (CTTT)
61683,DTN,quan-ly-du-lich-quoc-te,B00,Điểm học bạ,2025,15.0,Quản lý du lịch quốc tế (CTTT)
61684,DTN,quan-ly-du-lich-quoc-te,C00,Điểm học bạ,2025,15.0,Quản lý du lịch quốc tế (CTTT)
61685,DTN,quan-ly-du-lich-quoc-te,C02,Điểm học bạ,2025,15.0,Quản lý du lịch quốc tế (CTTT)
61686,DTN,quan-ly-du-lich-quoc-te,C04,Điểm học bạ,2025,15.0,Quản lý du lịch quốc tế (CTTT)
61687,DTN,quan-ly-du-lich-quoc-te,C20,Điểm học bạ,2025,15.0,Quản lý du lịch quốc tế (CTTT)
61688,DTN,quan-ly-du-lich-quoc-te,D01,Điểm học bạ,2025,15.0,Quản lý du lịch quốc tế (CTTT)
61689,DTN,quan-ly-du-lich-quoc-te,D14,Điểm học bạ,2025,15.0,Quản lý du lịch quốc tế (CTTT)
61690,DTN,quan-ly-du-lich-quoc-te,A00,Điểm thi THPT,2025,15.0,Quản lý du lịch quốc tế (CTTT)
61691,DTN,quan-ly-du-lich-quoc-te,A07,Điểm thi THPT,2025,15.0,Quản lý du lịch quốc tế (CTTT)
61692,DTN,quan-ly-du-lich-quoc-te,A09,Điểm thi THPT,2025,15.0,Quản lý du lịch quốc tế (CTTT)
61693,DTN,quan-ly-du-lich-quoc-te,B00,Điểm thi THPT,2025,15.0,Quản lý du lịch quốc tế (CTTT)
61694,DTN,quan-ly-du-lich-quoc-te,C00,Điểm thi THPT,2025,15.0,Quản lý du lịch quốc tế (CTTT)
61695,DTN,quan-ly-du-lich-quoc-te,C02,Điểm thi THPT,2025,15.0,Quản lý du lịch quốc tế (CTTT)
61696,DTN,quan-ly-du-lich-quoc-te,C04,Điểm thi THPT,2025,15.0,Quản lý du lịch quốc tế (CTTT)
61697,DTN,quan-ly-du-lich-quoc-te,C20,Điểm thi THPT,2025,15.0,Quản lý du lịch quốc tế (CTTT)
61698,DTN,quan-ly-du-lich-quoc-te,D01,Điểm thi THPT,2025,15.0,Quản lý du lịch quốc tế (CTTT)
61699,DTN,quan-ly-du-lich-quoc-te,D14,Điểm thi THPT,2025,15.0,Quản lý du lịch quốc tế (CTTT)
61700,DTN,quan-ly-kinh-te,A00,Điểm học bạ,2025,15.0,Quản lý kinh tế
61701,DTN,quan-ly-kinh-te,A07,Điểm học bạ,2025,15.0,Quản lý kinh tế
61702,DTN,quan-ly-kinh-te,A09,Điểm học bạ,2025,15.0,Quản lý kinh tế
61703,DTN,quan-ly-kinh-te,B00,Điểm học bạ,2025,15.0,Quản lý kinh tế
61704,DTN,quan-ly-kinh-te,C00,Điểm học bạ,2025,15.0,Quản lý kinh tế
61705,DTN,quan-ly-kinh-te,C02,Điểm học bạ,2025,15.0,Quản lý kinh tế
61706,DTN,quan-ly-kinh-te,C04,Điểm học bạ,2025,15.0,Quản lý kinh tế
61707,DTN,quan-ly-kinh-te,C20,Điểm học bạ,2025,15.0,Quản lý kinh tế
61708,DTN,quan-ly-kinh-te,D01,Điểm học bạ,2025,15.0,Quản lý kinh tế
61709,DTN,quan-ly-kinh-te,D14,Điểm học bạ,2025,15.0,Quản lý kinh tế
61710,DTN,quan-ly-kinh-te,A00,Điểm thi THPT,2025,15.0,Quản lý kinh tế
61711,DTN,quan-ly-kinh-te,A07,Điểm thi THPT,2025,15.0,Quản lý kinh tế
61712,DTN,quan-ly-kinh-te,A09,Điểm thi THPT,2025,15.0,Quản lý kinh tế
61713,DTN,quan-ly-kinh-te,B00,Điểm thi THPT,2025,15.0,Quản lý kinh tế
61714,DTN,quan-ly-kinh-te,C00,Điểm thi THPT,2025,15.0,Quản lý kinh tế
61715,DTN,quan-ly-kinh-te,C02,Điểm thi THPT,2025,15.0,Quản lý kinh tế
61716,DTN,quan-ly-kinh-te,C04,Điểm thi THPT,2025,15.0,Quản lý kinh tế
61717,DTN,quan-ly-kinh-te,C20,Điểm thi THPT,2025,15.0,Quản lý kinh tế
61718,DTN,quan-ly-kinh-te,D01,Điểm thi THPT,2025,15.0,Quản lý kinh tế
61719,DTN,quan-ly-kinh-te,D14,Điểm thi THPT,2025,15.0,Quản lý kinh tế
61720,DTN,quan-ly-phat-trien-do-thi-va-bat-dong-san,A00,Điểm học bạ,2024,15.0,Quản lý phát triển đô thị và Bất động sản
61721,DTN,quan-ly-phat-trien-do-thi-va-bat-dong-san,A02,Điểm học bạ,2024,15.0,Quản lý phát triển đô thị và Bất động sản
61722,DTN,quan-ly-phat-trien-do-thi-va-bat-dong-san,C00,Điểm học bạ,2024,15.0,Quản lý phát triển đô thị và Bất động sản
61723,DTN,quan-ly-phat-trien-do-thi-va-bat-dong-san,D10,Điểm học bạ,2024,15.0,Quản lý phát triển đô thị và Bất động sản
61724,DTN,quan-ly-phat-trien-do-thi-va-bat-dong-san,A00,Điểm thi THPT,2024,15.0,Quản lý phát triển đô thị và Bất động sản
61725,DTN,quan-ly-phat-trien-do-thi-va-bat-dong-san,A02,Điểm thi THPT,2024,15.0,Quản lý phát triển đô thị và Bất động sản
61726,DTN,quan-ly-phat-trien-do-thi-va-bat-dong-san,C00,Điểm thi THPT,2024,15.0,Quản lý phát triển đô thị và Bất động sản
61727,DTN,quan-ly-phat-trien-do-thi-va-bat-dong-san,D10,Điểm thi THPT,2024,15.0,Quản lý phát triển đô thị và Bất động sản
61728,DTN,quan-ly-phat-trien-do-thi-va-bat-dong-san,A00,Điểm học bạ,2025,15.0,Quản lý phát triển đô thị và bất động sản
61729,DTN,quan-ly-phat-trien-do-thi-va-bat-dong-san,A07,Điểm học bạ,2025,15.0,Quản lý phát triển đô thị và bất động sản
61730,DTN,quan-ly-phat-trien-do-thi-va-bat-dong-san,A09,Điểm học bạ,2025,15.0,Quản lý phát triển đô thị và bất động sản
61731,DTN,quan-ly-phat-trien-do-thi-va-bat-dong-san,B00,Điểm học bạ,2025,15.0,Quản lý phát triển đô thị và bất động sản
61732,DTN,quan-ly-phat-trien-do-thi-va-bat-dong-san,C00,Điểm học bạ,2025,15.0,Quản lý phát triển đô thị và bất động sản
61733,DTN,quan-ly-phat-trien-do-thi-va-bat-dong-san,C02,Điểm học bạ,2025,15.0,Quản lý phát triển đô thị và bất động sản
61734,DTN,quan-ly-phat-trien-do-thi-va-bat-dong-san,C04,Điểm học bạ,2025,15.0,Quản lý phát triển đô thị và bất động sản
61735,DTN,quan-ly-phat-trien-do-thi-va-bat-dong-san,C20,Điểm học bạ,2025,15.0,Quản lý phát triển đô thị và bất động sản
61736,DTN,quan-ly-phat-trien-do-thi-va-bat-dong-san,D01,Điểm học bạ,2025,15.0,Quản lý phát triển đô thị và bất động sản
61737,DTN,quan-ly-phat-trien-do-thi-va-bat-dong-san,D14,Điểm học bạ,2025,15.0,Quản lý phát triển đô thị và bất động sản
61738,DTN,quan-ly-phat-trien-do-thi-va-bat-dong-san,A00,Điểm thi THPT,2025,15.0,Quản lý phát triển đô thị và bất động sản
61739,DTN,quan-ly-phat-trien-do-thi-va-bat-dong-san,A07,Điểm thi THPT,2025,15.0,Quản lý phát triển đô thị và bất động sản
61740,DTN,quan-ly-phat-trien-do-thi-va-bat-dong-san,A09,Điểm thi THPT,2025,15.0,Quản lý phát triển đô thị và bất động sản
61741,DTN,quan-ly-phat-trien-do-thi-va-bat-dong-san,B00,Điểm thi THPT,2025,15.0,Quản lý phát triển đô thị và bất động sản
61742,DTN,quan-ly-phat-trien-do-thi-va-bat-dong-san,C00,Điểm thi THPT,2025,15.0,Quản lý phát triển đô thị và bất động sản
61743,DTN,quan-ly-phat-trien-do-thi-va-bat-dong-san,C02,Điểm thi THPT,2025,15.0,Quản lý phát triển đô thị và bất động sản
61744,DTN,quan-ly-phat-trien-do-thi-va-bat-dong-san,C04,Điểm thi THPT,2025,15.0,Quản lý phát triển đô thị và bất động sản
61745,DTN,quan-ly-phat-trien-do-thi-va-bat-dong-san,C20,Điểm thi THPT,2025,15.0,Quản lý phát triển đô thị và bất động sản
61746,DTN,quan-ly-phat-trien-do-thi-va-bat-dong-san,D01,Điểm thi THPT,2025,15.0,Quản lý phát triển đô thị và bất động sản
61747,DTN,quan-ly-phat-trien-do-thi-va-bat-dong-san,D14,Điểm thi THPT,2025,15.0,Quản lý phát triển đô thị và bất động sản
61748,DTN,quan-ly-tai-nguyen-moi-truong,A01,Điểm thi THPT,2021,15.0,Quản lý tài nguyên & môi trường
61749,DTN,quan-ly-tai-nguyen-moi-truong,B00,Điểm thi THPT,2021,15.0,Quản lý tài nguyên & môi trường
61750,DTN,quan-ly-tai-nguyen-moi-truong,C00,Điểm thi THPT,2021,15.0,Quản lý tài nguyên & môi trường
61751,DTN,quan-ly-tai-nguyen-moi-truong,D14,Điểm thi THPT,2021,15.0,Quản lý tài nguyên & môi trường
61752,DTN,quan-ly-tai-nguyen-rung,A01,Điểm thi THPT,2021,15.0,Quản lý tài nguyên rừng
61753,DTN,quan-ly-tai-nguyen-rung,A14,Điểm thi THPT,2021,15.0,Quản lý tài nguyên rừng
61754,DTN,quan-ly-tai-nguyen-rung,B00,Điểm thi THPT,2021,15.0,Quản lý tài nguyên rừng
61755,DTN,quan-ly-tai-nguyen-rung,B03,Điểm thi THPT,2021,15.0,Quản lý tài nguyên rừng
61756,DTN,quan-ly-tai-nguyen-rung,A09,Điểm học bạ,2022,15.0,Quản lý tài nguyên rừng
61757,DTN,quan-ly-tai-nguyen-rung,A15,Điểm học bạ,2022,15.0,Quản lý tài nguyên rừng
61758,DTN,quan-ly-tai-nguyen-rung,B02,Điểm học bạ,2022,15.0,Quản lý tài nguyên rừng
61759,DTN,quan-ly-tai-nguyen-rung,C20,Điểm học bạ,2022,15.0,Quản lý tài nguyên rừng
61760,DTN,quan-ly-tai-nguyen-rung,A09,Điểm thi THPT,2022,20.0,Quản lý tài nguyên rừng
61761,DTN,quan-ly-tai-nguyen-rung,A15,Điểm thi THPT,2022,20.0,Quản lý tài nguyên rừng
61762,DTN,quan-ly-tai-nguyen-rung,B02,Điểm thi THPT,2022,20.0,Quản lý tài nguyên rừng
61763,DTN,quan-ly-tai-nguyen-rung,C20,Điểm thi THPT,2022,20.0,Quản lý tài nguyên rừng
61764,DTN,quan-ly-tai-nguyen-rung,A01,Điểm học bạ,2023,15.0,Quản lý tài nguyên rừng
61765,DTN,quan-ly-tai-nguyen-rung,A14,Điểm học bạ,2023,15.0,Quản lý tài nguyên rừng
61766,DTN,quan-ly-tai-nguyen-rung,B01,Điểm học bạ,2023,15.0,Quản lý tài nguyên rừng
61767,DTN,quan-ly-tai-nguyen-rung,B03,Điểm học bạ,2023,15.0,Quản lý tài nguyên rừng
61768,DTN,quan-ly-tai-nguyen-rung,A01,Điểm thi THPT,2023,15.0,Quản lý tài nguyên rừng
61769,DTN,quan-ly-tai-nguyen-rung,A14,Điểm thi THPT,2023,15.0,Quản lý tài nguyên rừng
61770,DTN,quan-ly-tai-nguyen-rung,B01,Điểm thi THPT,2023,15.0,Quản lý tài nguyên rừng
61771,DTN,quan-ly-tai-nguyen-rung,B03,Điểm thi THPT,2023,15.0,Quản lý tài nguyên rừng
61772,DTN,quan-ly-tai-nguyen-rung,A01,Điểm học bạ,2024,15.0,Quản lý tài nguyên rừng
61773,DTN,quan-ly-tai-nguyen-rung,A14,Điểm học bạ,2024,15.0,Quản lý tài nguyên rừng
61774,DTN,quan-ly-tai-nguyen-rung,B00,Điểm học bạ,2024,15.0,Quản lý tài nguyên rừng
61775,DTN,quan-ly-tai-nguyen-rung,B03,Điểm học bạ,2024,15.0,Quản lý tài nguyên rừng
61776,DTN,quan-ly-tai-nguyen-rung,A01,Điểm thi THPT,2024,15.0,Quản lý tài nguyên rừng
61777,DTN,quan-ly-tai-nguyen-rung,A14,Điểm thi THPT,2024,15.0,Quản lý tài nguyên rừng
61778,DTN,quan-ly-tai-nguyen-rung,B00,Điểm thi THPT,2024,15.0,Quản lý tài nguyên rừng
61779,DTN,quan-ly-tai-nguyen-rung,B03,Điểm thi THPT,2024,15.0,Quản lý tài nguyên rừng
61780,DTN,quan-ly-tai-nguyen-rung,A00,Điểm học bạ,2025,15.0,Quản lý tài nguyên rừng
61781,DTN,quan-ly-tai-nguyen-rung,A07,Điểm học bạ,2025,15.0,Quản lý tài nguyên rừng
61782,DTN,quan-ly-tai-nguyen-rung,A09,Điểm học bạ,2025,15.0,Quản lý tài nguyên rừng
61783,DTN,quan-ly-tai-nguyen-rung,B00,Điểm học bạ,2025,15.0,Quản lý tài nguyên rừng
61784,DTN,quan-ly-tai-nguyen-rung,C00,Điểm học bạ,2025,15.0,Quản lý tài nguyên rừng
61785,DTN,quan-ly-tai-nguyen-rung,C02,Điểm học bạ,2025,15.0,Quản lý tài nguyên rừng
61786,DTN,quan-ly-tai-nguyen-rung,C04,Điểm học bạ,2025,15.0,Quản lý tài nguyên rừng
61787,DTN,quan-ly-tai-nguyen-rung,C20,Điểm học bạ,2025,15.0,Quản lý tài nguyên rừng
61788,DTN,quan-ly-tai-nguyen-rung,D01,Điểm học bạ,2025,15.0,Quản lý tài nguyên rừng
61789,DTN,quan-ly-tai-nguyen-rung,D14,Điểm học bạ,2025,15.0,Quản lý tài nguyên rừng
61790,DTN,quan-ly-tai-nguyen-rung,A00,Điểm thi THPT,2025,15.0,Quản lý tài nguyên rừng
61791,DTN,quan-ly-tai-nguyen-rung,A07,Điểm thi THPT,2025,15.0,Quản lý tài nguyên rừng
61792,DTN,quan-ly-tai-nguyen-rung,A09,Điểm thi THPT,2025,15.0,Quản lý tài nguyên rừng
61793,DTN,quan-ly-tai-nguyen-rung,B00,Điểm thi THPT,2025,15.0,Quản lý tài nguyên rừng
61794,DTN,quan-ly-tai-nguyen-rung,C00,Điểm thi THPT,2025,15.0,Quản lý tài nguyên rừng
61795,DTN,quan-ly-tai-nguyen-rung,C02,Điểm thi THPT,2025,15.0,Quản lý tài nguyên rừng
61796,DTN,quan-ly-tai-nguyen-rung,C04,Điểm thi THPT,2025,15.0,Quản lý tài nguyên rừng
61797,DTN,quan-ly-tai-nguyen-rung,C20,Điểm thi THPT,2025,15.0,Quản lý tài nguyên rừng
61798,DTN,quan-ly-tai-nguyen-rung,D01,Điểm thi THPT,2025,15.0,Quản lý tài nguyên rừng
61799,DTN,quan-ly-tai-nguyen-rung,D14,Điểm thi THPT,2025,15.0,Quản lý tài nguyên rừng
61800,DTN,quan-ly-tai-nguyen-va-moi-truong,A01,Điểm học bạ,2022,16.0,Quản lý Tài nguyên và Môi trường
61801,DTN,quan-ly-tai-nguyen-va-moi-truong,B00,Điểm học bạ,2022,16.0,Quản lý Tài nguyên và Môi trường
61802,DTN,quan-ly-tai-nguyen-va-moi-truong,C00,Điểm học bạ,2022,16.0,Quản lý Tài nguyên và Môi trường
61803,DTN,quan-ly-tai-nguyen-va-moi-truong,D14,Điểm học bạ,2022,16.0,Quản lý Tài nguyên và Môi trường
61804,DTN,quan-ly-tai-nguyen-va-moi-truong,A01,Điểm thi THPT,2022,16.5,Quản lý Tài nguyên và Môi trường
61805,DTN,quan-ly-tai-nguyen-va-moi-truong,B00,Điểm thi THPT,2022,16.5,Quản lý Tài nguyên và Môi trường
61806,DTN,quan-ly-tai-nguyen-va-moi-truong,C00,Điểm thi THPT,2022,16.5,Quản lý Tài nguyên và Môi trường
61807,DTN,quan-ly-tai-nguyen-va-moi-truong,D14,Điểm thi THPT,2022,16.5,Quản lý Tài nguyên và Môi trường
61808,DTN,quan-ly-tai-nguyen-va-moi-truong,A01,Điểm học bạ,2023,15.0,Quản lý tài nguyên và môi trường
61809,DTN,quan-ly-tai-nguyen-va-moi-truong,B00,Điểm học bạ,2023,15.0,Quản lý tài nguyên và môi trường
61810,DTN,quan-ly-tai-nguyen-va-moi-truong,C00,Điểm học bạ,2023,15.0,Quản lý tài nguyên và môi trường
61811,DTN,quan-ly-tai-nguyen-va-moi-truong,D14,Điểm học bạ,2023,15.0,Quản lý tài nguyên và môi trường
61812,DTN,quan-ly-tai-nguyen-va-moi-truong,A01,Điểm thi THPT,2023,15.0,Quản lý tài nguyên và môi trường
61813,DTN,quan-ly-tai-nguyen-va-moi-truong,B00,Điểm thi THPT,2023,15.0,Quản lý tài nguyên và môi trường
61814,DTN,quan-ly-tai-nguyen-va-moi-truong,C00,Điểm thi THPT,2023,15.0,Quản lý tài nguyên và môi trường
61815,DTN,quan-ly-tai-nguyen-va-moi-truong,D14,Điểm thi THPT,2023,15.0,Quản lý tài nguyên và môi trường
61816,DTN,quan-ly-tai-nguyen-va-moi-truong,A01,Điểm học bạ,2024,15.0,Quản lý tài nguyên và môi trường
61817,DTN,quan-ly-tai-nguyen-va-moi-truong,B00,Điểm học bạ,2024,15.0,Quản lý tài nguyên và môi trường
61818,DTN,quan-ly-tai-nguyen-va-moi-truong,C00,Điểm học bạ,2024,15.0,Quản lý tài nguyên và môi trường
61819,DTN,quan-ly-tai-nguyen-va-moi-truong,D14,Điểm học bạ,2024,15.0,Quản lý tài nguyên và môi trường
61820,DTN,quan-ly-tai-nguyen-va-moi-truong,A01,Điểm thi THPT,2024,15.0,Quản lý tài nguyên và môi trường
61821,DTN,quan-ly-tai-nguyen-va-moi-truong,B00,Điểm thi THPT,2024,15.0,Quản lý tài nguyên và môi trường
61822,DTN,quan-ly-tai-nguyen-va-moi-truong,C00,Điểm thi THPT,2024,15.0,Quản lý tài nguyên và môi trường
61823,DTN,quan-ly-tai-nguyen-va-moi-truong,D14,Điểm thi THPT,2024,15.0,Quản lý tài nguyên và môi trường
61824,DTN,quan-ly-tai-nguyen-va-moi-truong,A00,Điểm học bạ,2025,15.0,Quản lý tài nguyên và môi trường
61825,DTN,quan-ly-tai-nguyen-va-moi-truong,A07,Điểm học bạ,2025,15.0,Quản lý tài nguyên và môi trường
61826,DTN,quan-ly-tai-nguyen-va-moi-truong,A09,Điểm học bạ,2025,15.0,Quản lý tài nguyên và môi trường
61827,DTN,quan-ly-tai-nguyen-va-moi-truong,B00,Điểm học bạ,2025,15.0,Quản lý tài nguyên và môi trường
61828,DTN,quan-ly-tai-nguyen-va-moi-truong,C00,Điểm học bạ,2025,15.0,Quản lý tài nguyên và môi trường
61829,DTN,quan-ly-tai-nguyen-va-moi-truong,C02,Điểm học bạ,2025,15.0,Quản lý tài nguyên và môi trường
61830,DTN,quan-ly-tai-nguyen-va-moi-truong,C04,Điểm học bạ,2025,15.0,Quản lý tài nguyên và môi trường
61831,DTN,quan-ly-tai-nguyen-va-moi-truong,C20,Điểm học bạ,2025,15.0,Quản lý tài nguyên và môi trường
61832,DTN,quan-ly-tai-nguyen-va-moi-truong,D01,Điểm học bạ,2025,15.0,Quản lý tài nguyên và môi trường
61833,DTN,quan-ly-tai-nguyen-va-moi-truong,D14,Điểm học bạ,2025,15.0,Quản lý tài nguyên và môi trường
61834,DTN,quan-ly-tai-nguyen-va-moi-truong,A00,Điểm thi THPT,2025,15.0,Quản lý tài nguyên và môi trường
61835,DTN,quan-ly-tai-nguyen-va-moi-truong,A07,Điểm thi THPT,2025,15.0,Quản lý tài nguyên và môi trường
61836,DTN,quan-ly-tai-nguyen-va-moi-truong,A09,Điểm thi THPT,2025,15.0,Quản lý tài nguyên và môi trường
61837,DTN,quan-ly-tai-nguyen-va-moi-truong,B00,Điểm thi THPT,2025,15.0,Quản lý tài nguyên và môi trường
61838,DTN,quan-ly-tai-nguyen-va-moi-truong,C00,Điểm thi THPT,2025,15.0,Quản lý tài nguyên và môi trường
61839,DTN,quan-ly-tai-nguyen-va-moi-truong,C02,Điểm thi THPT,2025,15.0,Quản lý tài nguyên và môi trường
61840,DTN,quan-ly-tai-nguyen-va-moi-truong,C04,Điểm thi THPT,2025,15.0,Quản lý tài nguyên và môi trường
61841,DTN,quan-ly-tai-nguyen-va-moi-truong,C20,Điểm thi THPT,2025,15.0,Quản lý tài nguyên và môi trường
61842,DTN,quan-ly-tai-nguyen-va-moi-truong,D01,Điểm thi THPT,2025,15.0,Quản lý tài nguyên và môi trường
61843,DTN,quan-ly-tai-nguyen-va-moi-truong,D14,Điểm thi THPT,2025,15.0,Quản lý tài nguyên và môi trường
61844,DTN,quan-ly-thong-tin,A07,Điểm thi THPT,2021,15.0,Quản lý thông tin
61845,DTN,quan-ly-thong-tin,C20,Điểm thi THPT,2021,15.0,Quản lý thông tin
61846,DTN,quan-ly-thong-tin,D01,Điểm thi THPT,2021,15.0,Quản lý thông tin
61847,DTN,quan-ly-thong-tin,D84,Điểm thi THPT,2021,15.0,Quản lý thông tin
61848,DTN,quan-ly-thong-tin,A07,Điểm học bạ,2022,15.0,Quản lý thông tin
61849,DTN,quan-ly-thong-tin,C20,Điểm học bạ,2022,15.0,Quản lý thông tin
61850,DTN,quan-ly-thong-tin,D01,Điểm học bạ,2022,15.0,Quản lý thông tin
61851,DTN,quan-ly-thong-tin,D84,Điểm học bạ,2022,15.0,Quản lý thông tin
61852,DTN,quan-ly-thong-tin,A07,Điểm thi THPT,2022,17.0,Quản lý thông tin
61853,DTN,quan-ly-thong-tin,C20,Điểm thi THPT,2022,17.0,Quản lý thông tin
61854,DTN,quan-ly-thong-tin,D01,Điểm thi THPT,2022,17.0,Quản lý thông tin
61855,DTN,quan-ly-thong-tin,D84,Điểm thi THPT,2022,17.0,Quản lý thông tin
61856,DTN,quan-ly-thong-tin,A07,Điểm học bạ,2023,15.0,Quản lý thông tin
61857,DTN,quan-ly-thong-tin,C20,Điểm học bạ,2023,15.0,Quản lý thông tin
61858,DTN,quan-ly-thong-tin,D01,Điểm học bạ,2023,15.0,Quản lý thông tin
61859,DTN,quan-ly-thong-tin,D84,Điểm học bạ,2023,15.0,Quản lý thông tin
61860,DTN,quan-ly-thong-tin,A07,Điểm thi THPT,2023,15.0,Quản lý thông tin
61861,DTN,quan-ly-thong-tin,C20,Điểm thi THPT,2023,15.0,Quản lý thông tin
61862,DTN,quan-ly-thong-tin,D01,Điểm thi THPT,2023,15.0,Quản lý thông tin
61863,DTN,quan-ly-thong-tin,D84,Điểm thi THPT,2023,15.0,Quản lý thông tin
61864,DTN,quan-ly-thong-tin,A07,Điểm học bạ,2024,15.0,Quản lý thông tin
61865,DTN,quan-ly-thong-tin,C02,Điểm học bạ,2024,15.0,Quản lý thông tin
61866,DTN,quan-ly-thong-tin,D01,Điểm học bạ,2024,15.0,Quản lý thông tin
61867,DTN,quan-ly-thong-tin,D84,Điểm học bạ,2024,15.0,Quản lý thông tin
61868,DTN,quan-ly-thong-tin,A07,Điểm thi THPT,2024,15.0,Quản lý thông tin
61869,DTN,quan-ly-thong-tin,C02,Điểm thi THPT,2024,15.0,Quản lý thông tin
61870,DTN,quan-ly-thong-tin,D01,Điểm thi THPT,2024,15.0,Quản lý thông tin
61871,DTN,quan-ly-thong-tin,D84,Điểm thi THPT,2024,15.0,Quản lý thông tin
61872,DTN,quan-ly-thong-tin,A00,Điểm học bạ,2025,15.0,Quản lý thông tin
61873,DTN,quan-ly-thong-tin,A07,Điểm học bạ,2025,15.0,Quản lý thông tin
61874,DTN,quan-ly-thong-tin,A09,Điểm học bạ,2025,15.0,Quản lý thông tin
61875,DTN,quan-ly-thong-tin,B00,Điểm học bạ,2025,15.0,Quản lý thông tin
61876,DTN,quan-ly-thong-tin,C00,Điểm học bạ,2025,15.0,Quản lý thông tin
61877,DTN,quan-ly-thong-tin,C02,Điểm học bạ,2025,15.0,Quản lý thông tin
61878,DTN,quan-ly-thong-tin,C04,Điểm học bạ,2025,15.0,Quản lý thông tin
61879,DTN,quan-ly-thong-tin,C20,Điểm học bạ,2025,15.0,Quản lý thông tin
61880,DTN,quan-ly-thong-tin,D01,Điểm học bạ,2025,15.0,Quản lý thông tin
61881,DTN,quan-ly-thong-tin,D14,Điểm học bạ,2025,15.0,Quản lý thông tin
61882,DTN,quan-ly-thong-tin,A00,Điểm thi THPT,2025,15.0,Quản lý thông tin
61883,DTN,quan-ly-thong-tin,A07,Điểm thi THPT,2025,15.0,Quản lý thông tin
61884,DTN,quan-ly-thong-tin,A09,Điểm thi THPT,2025,15.0,Quản lý thông tin
61885,DTN,quan-ly-thong-tin,B00,Điểm thi THPT,2025,15.0,Quản lý thông tin
61886,DTN,quan-ly-thong-tin,C00,Điểm thi THPT,2025,15.0,Quản lý thông tin
61887,DTN,quan-ly-thong-tin,C02,Điểm thi THPT,2025,15.0,Quản lý thông tin
61888,DTN,quan-ly-thong-tin,C04,Điểm thi THPT,2025,15.0,Quản lý thông tin
61889,DTN,quan-ly-thong-tin,C20,Điểm thi THPT,2025,15.0,Quản lý thông tin
61890,DTN,quan-ly-thong-tin,D01,Điểm thi THPT,2025,15.0,Quản lý thông tin
61891,DTN,quan-ly-thong-tin,D14,Điểm thi THPT,2025,15.0,Quản lý thông tin
61892,DTN,tai-chinh-ke-toan,A00,Điểm học bạ,2024,15.0,Tài chính - Kế toán
61893,DTN,tai-chinh-ke-toan,B00,Điểm học bạ,2024,15.0,Tài chính - Kế toán
61894,DTN,tai-chinh-ke-toan,C02,Điểm học bạ,2024,15.0,Tài chính - Kế toán
61895,DTN,tai-chinh-ke-toan,A00,Điểm thi THPT,2024,15.0,Tài chính - Kế toán
61896,DTN,tai-chinh-ke-toan,B00,Điểm thi THPT,2024,15.0,Tài chính - Kế toán
61897,DTN,tai-chinh-ke-toan,C02,Điểm thi THPT,2024,15.0,Tài chính - Kế toán
61898,DTN,tai-chinh-ke-toan,A00,Điểm học bạ,2025,15.0,Tài chính - Kế toán
61899,DTN,tai-chinh-ke-toan,A07,Điểm học bạ,2025,15.0,Tài chính - Kế toán
61900,DTN,tai-chinh-ke-toan,A09,Điểm học bạ,2025,15.0,Tài chính - Kế toán
61901,DTN,tai-chinh-ke-toan,B00,Điểm học bạ,2025,15.0,Tài chính - Kế toán
61902,DTN,tai-chinh-ke-toan,C00,Điểm học bạ,2025,15.0,Tài chính - Kế toán
61903,DTN,tai-chinh-ke-toan,C02,Điểm học bạ,2025,15.0,Tài chính - Kế toán
61904,DTN,tai-chinh-ke-toan,C04,Điểm học bạ,2025,15.0,Tài chính - Kế toán
61905,DTN,tai-chinh-ke-toan,C20,Điểm học bạ,2025,15.0,Tài chính - Kế toán
61906,DTN,tai-chinh-ke-toan,D01,Điểm học bạ,2025,15.0,Tài chính - Kế toán
61907,DTN,tai-chinh-ke-toan,D14,Điểm học bạ,2025,15.0,Tài chính - Kế toán
61908,DTN,tai-chinh-ke-toan,A00,Điểm thi THPT,2025,15.0,Tài chính - Kế toán
61909,DTN,tai-chinh-ke-toan,A07,Điểm thi THPT,2025,15.0,Tài chính - Kế toán
61910,DTN,tai-chinh-ke-toan,A09,Điểm thi THPT,2025,15.0,Tài chính - Kế toán
61911,DTN,tai-chinh-ke-toan,B00,Điểm thi THPT,2025,15.0,Tài chính - Kế toán
61912,DTN,tai-chinh-ke-toan,C00,Điểm thi THPT,2025,15.0,Tài chính - Kế toán
61913,DTN,tai-chinh-ke-toan,C02,Điểm thi THPT,2025,15.0,Tài chính - Kế toán
61914,DTN,tai-chinh-ke-toan,C04,Điểm thi THPT,2025,15.0,Tài chính - Kế toán
61915,DTN,tai-chinh-ke-toan,C20,Điểm thi THPT,2025,15.0,Tài chính - Kế toán
61916,DTN,tai-chinh-ke-toan,D01,Điểm thi THPT,2025,15.0,Tài chính - Kế toán
61917,DTN,tai-chinh-ke-toan,D14,Điểm thi THPT,2025,15.0,Tài chính - Kế toán
61918,DTN,thu-y,A00,Điểm thi THPT,2021,15.0,Thú y
61919,DTN,thu-y,B00,Điểm thi THPT,2021,15.0,Thú y
61920,DTN,thu-y,C02,Điểm thi THPT,2021,15.0,Thú y
61921,DTN,thu-y,D01,Điểm thi THPT,2021,15.0,Thú y
61922,DTN,thu-y,A00,Điểm học bạ,2022,16.0,Thú y
61923,DTN,thu-y,B00,Điểm học bạ,2022,16.0,Thú y
61924,DTN,thu-y,C02,Điểm học bạ,2022,16.0,Thú y
61925,DTN,thu-y,D01,Điểm học bạ,2022,16.0,Thú y
61926,DTN,thu-y,A00,Điểm thi THPT,2022,15.5,Thú y
61927,DTN,thu-y,B00,Điểm thi THPT,2022,15.5,Thú y
61928,DTN,thu-y,C02,Điểm thi THPT,2022,15.5,Thú y
61929,DTN,thu-y,D01,Điểm thi THPT,2022,15.5,Thú y
61930,DTN,thu-y,A00,Điểm học bạ,2023,15.0,Thú y
61931,DTN,thu-y,B00,Điểm học bạ,2023,15.0,Thú y
61932,DTN,thu-y,C02,Điểm học bạ,2023,15.0,Thú y
61933,DTN,thu-y,D01,Điểm học bạ,2023,15.0,Thú y
61934,DTN,thu-y,A00,Điểm thi THPT,2023,15.0,Thú y
61935,DTN,thu-y,B00,Điểm thi THPT,2023,15.0,Thú y
61936,DTN,thu-y,C02,Điểm thi THPT,2023,15.0,Thú y
61937,DTN,thu-y,D01,Điểm thi THPT,2023,15.0,Thú y
61938,DTN,thu-y,A00,Điểm học bạ,2024,15.0,Thú y
61939,DTN,thu-y,B00,Điểm học bạ,2024,15.0,Thú y
61940,DTN,thu-y,C02,Điểm học bạ,2024,15.0,Thú y
61941,DTN,thu-y,D01,Điểm học bạ,2024,15.0,Thú y
61942,DTN,thu-y,A00,Điểm thi THPT,2024,15.0,Thú y
61943,DTN,thu-y,B00,Điểm thi THPT,2024,15.0,Thú y
61944,DTN,thu-y,C02,Điểm thi THPT,2024,15.0,Thú y
61945,DTN,thu-y,D01,Điểm thi THPT,2024,15.0,Thú y
61946,DTN,thu-y,A00,Điểm học bạ,2025,15.0,Thú y
61947,DTN,thu-y,A07,Điểm học bạ,2025,15.0,Thú y
61948,DTN,thu-y,A09,Điểm học bạ,2025,15.0,Thú y
61949,DTN,thu-y,B00,Điểm học bạ,2025,15.0,Thú y
61950,DTN,thu-y,C00,Điểm học bạ,2025,15.0,Thú y
61951,DTN,thu-y,C02,Điểm học bạ,2025,15.0,Thú y
61952,DTN,thu-y,C04,Điểm học bạ,2025,15.0,Thú y
61953,DTN,thu-y,C20,Điểm học bạ,2025,15.0,Thú y
61954,DTN,thu-y,D01,Điểm học bạ,2025,15.0,Thú y
61955,DTN,thu-y,D14,Điểm học bạ,2025,15.0,Thú y
61956,DTN,thu-y,A00,Điểm thi THPT,2025,15.0,Thú y
61957,DTN,thu-y,A07,Điểm thi THPT,2025,15.0,Thú y
61958,DTN,thu-y,A09,Điểm thi THPT,2025,15.0,Thú y
61959,DTN,thu-y,B00,Điểm thi THPT,2025,15.0,Thú y
61960,DTN,thu-y,C00,Điểm thi THPT,2025,15.0,Thú y
61961,DTN,thu-y,C02,Điểm thi THPT,2025,15.0,Thú y
61962,DTN,thu-y,C04,Điểm thi THPT,2025,15.0,Thú y
61963,DTN,thu-y,C20,Điểm thi THPT,2025,15.0,Thú y
61964,DTN,thu-y,D01,Điểm thi THPT,2025,15.0,Thú y
61965,DTN,thu-y,D14,Điểm thi THPT,2025,15.0,Thú y
61966,DTP,chan-nuoi,A00,Điểm học bạ,2023,15.0,Chăn nuôi (Chăn nuôi - Thú y)
61967,DTP,chan-nuoi,B00,Điểm học bạ,2023,15.0,Chăn nuôi (Chăn nuôi - Thú y)
61968,DTP,chan-nuoi,C02,Điểm học bạ,2023,15.0,Chăn nuôi (Chăn nuôi - Thú y)
61969,DTP,chan-nuoi,D01,Điểm học bạ,2023,15.0,Chăn nuôi (Chăn nuôi - Thú y)
61970,DTP,chan-nuoi,A00,Điểm thi THPT,2023,15.0,Chăn nuôi (Chăn nuôi - Thú y)
61971,DTP,chan-nuoi,B00,Điểm thi THPT,2023,15.0,Chăn nuôi (Chăn nuôi - Thú y)
61972,DTP,chan-nuoi,C02,Điểm thi THPT,2023,15.0,Chăn nuôi (Chăn nuôi - Thú y)
61973,DTP,chan-nuoi,D01,Điểm thi THPT,2023,15.0,Chăn nuôi (Chăn nuôi - Thú y)
61974,DTP,chan-nuoi,A00,Điểm học bạ,2024,16.0,Chăn nuôi
61975,DTP,chan-nuoi,B00,Điểm học bạ,2024,16.0,Chăn nuôi
61976,DTP,chan-nuoi,C02,Điểm học bạ,2024,16.0,Chăn nuôi
61977,DTP,chan-nuoi,D01,Điểm học bạ,2024,16.0,Chăn nuôi
61978,DTP,chan-nuoi,A00,Điểm thi THPT,2024,16.0,Chăn nuôi
61979,DTP,chan-nuoi,B00,Điểm thi THPT,2024,16.0,Chăn nuôi
61980,DTP,chan-nuoi,C02,Điểm thi THPT,2024,16.0,Chăn nuôi
61981,DTP,chan-nuoi,D01,Điểm thi THPT,2024,16.0,Chăn nuôi
61982,DTP,chan-nuoi,B03,Điểm học bạ,2025,15.0,Chăn nuôi
61983,DTP,chan-nuoi,C01,Điểm học bạ,2025,15.0,Chăn nuôi
61984,DTP,chan-nuoi,C02,Điểm học bạ,2025,15.0,Chăn nuôi
61985,DTP,chan-nuoi,D01,Điểm học bạ,2025,15.0,Chăn nuôi
61986,DTP,chan-nuoi,B03,Điểm thi THPT,2025,15.0,Chăn nuôi
61987,DTP,chan-nuoi,C01,Điểm thi THPT,2025,15.0,Chăn nuôi
61988,DTP,chan-nuoi,C02,Điểm thi THPT,2025,15.0,Chăn nuôi
61989,DTP,chan-nuoi,D01,Điểm thi THPT,2025,15.0,Chăn nuôi
61990,DTP,chan-nuoi-thu-y,A00,Điểm thi THPT,2021,14.5,Chăn nuôi (Chuyên ngành Chăn nuôi - Thú y)
61991,DTP,chan-nuoi-thu-y,B00,Điểm thi THPT,2021,14.5,Chăn nuôi (Chuyên ngành Chăn nuôi - Thú y)
61992,DTP,chan-nuoi-thu-y,C02,Điểm thi THPT,2021,14.5,Chăn nuôi (Chuyên ngành Chăn nuôi - Thú y)
61993,DTP,chan-nuoi-thu-y,D01,Điểm thi THPT,2021,14.5,Chăn nuôi (Chuyên ngành Chăn nuôi - Thú y)
61994,DTP,chan-nuoi-thu-y,A00,Điểm học bạ,2022,14.5,Chăn nuôi (Chuyên ngành Chăn nuôi – Thú y)
61995,DTP,chan-nuoi-thu-y,B00,Điểm học bạ,2022,14.5,Chăn nuôi (Chuyên ngành Chăn nuôi – Thú y)
61996,DTP,chan-nuoi-thu-y,C02,Điểm học bạ,2022,14.5,Chăn nuôi (Chuyên ngành Chăn nuôi – Thú y)
61997,DTP,chan-nuoi-thu-y,D01,Điểm học bạ,2022,14.5,Chăn nuôi (Chuyên ngành Chăn nuôi – Thú y)
61998,DTP,chan-nuoi-thu-y,A00,Điểm thi THPT,2022,14.5,Chăn nuôi (Chuyên ngành Chăn nuôi – Thú y)
61999,DTP,chan-nuoi-thu-y,B00,Điểm thi THPT,2022,14.5,Chăn nuôi (Chuyên ngành Chăn nuôi – Thú y)
62000,DTP,chan-nuoi-thu-y,C02,Điểm thi THPT,2022,14.5,Chăn nuôi (Chuyên ngành Chăn nuôi – Thú y)
62001,DTP,chan-nuoi-thu-y,D01,Điểm thi THPT,2022,14.5,Chăn nuôi (Chuyên ngành Chăn nuôi – Thú y)
62002,DTP,giao-duc-mam-non,C14,Điểm thi THPT,2021,25.0,Giáo dục mầm non
62003,DTP,giao-duc-mam-non,C19,Điểm thi THPT,2021,25.0,Giáo dục mầm non
62004,DTP,giao-duc-mam-non,C20,Điểm thi THPT,2021,25.0,Giáo dục mầm non
62005,DTP,giao-duc-mam-non,M00,Điểm thi THPT,2021,25.0,Giáo dục mầm non
62006,DTP,giao-duc-mam-non,B03,Điểm học bạ,2022,19.0,Giáo dục Mầm non
62007,DTP,giao-duc-mam-non,C19,Điểm học bạ,2022,19.0,Giáo dục Mầm non
62008,DTP,giao-duc-mam-non,C20,Điểm học bạ,2022,19.0,Giáo dục Mầm non
62009,DTP,giao-duc-mam-non,M00,Điểm học bạ,2022,19.0,Giáo dục Mầm non
62010,DTP,giao-duc-mam-non,B03,Điểm thi THPT,2022,19.0,Giáo dục Mầm non
62011,DTP,giao-duc-mam-non,C19,Điểm thi THPT,2022,19.0,Giáo dục Mầm non
62012,DTP,giao-duc-mam-non,C20,Điểm thi THPT,2022,19.0,Giáo dục Mầm non
62013,DTP,giao-duc-mam-non,M00,Điểm thi THPT,2022,19.0,Giáo dục Mầm non
62014,DTP,giao-duc-mam-non,B03,Điểm học bạ,2023,17.0,Giáo dục Mầm non (Cao đẳng)
62015,DTP,giao-duc-mam-non,C00,Điểm học bạ,2023,17.0,Giáo dục Mầm non (Cao đẳng)
62016,DTP,giao-duc-mam-non,C04,Điểm học bạ,2023,17.0,Giáo dục Mầm non (Cao đẳng)
62017,DTP,giao-duc-mam-non,C20,Điểm học bạ,2023,17.0,Giáo dục Mầm non (Cao đẳng)
62018,DTP,giao-duc-mam-non,B03,Điểm thi THPT,2023,17.0,Giáo dục Mầm non (Cao đẳng)
62019,DTP,giao-duc-mam-non,C00,Điểm thi THPT,2023,17.0,Giáo dục Mầm non (Cao đẳng)
62020,DTP,giao-duc-mam-non,C04,Điểm thi THPT,2023,17.0,Giáo dục Mầm non (Cao đẳng)
62021,DTP,giao-duc-mam-non,C20,Điểm thi THPT,2023,17.0,Giáo dục Mầm non (Cao đẳng)
62022,DTP,giao-duc-mam-non,B03,Điểm học bạ,2024,27.0,Giáo dục Mầm non
62023,DTP,giao-duc-mam-non,C00,Điểm học bạ,2024,27.0,Giáo dục Mầm non
62024,DTP,giao-duc-mam-non,C04,Điểm học bạ,2024,27.0,Giáo dục Mầm non
62025,DTP,giao-duc-mam-non,C20,Điểm học bạ,2024,27.0,Giáo dục Mầm non
62026,DTP,giao-duc-mam-non,B03,Điểm thi THPT,2024,26.95,Giáo dục Mầm non
62027,DTP,giao-duc-mam-non,C00,Điểm thi THPT,2024,26.95,Giáo dục Mầm non
62028,DTP,giao-duc-mam-non,C04,Điểm thi THPT,2024,26.95,Giáo dục Mầm non
62029,DTP,giao-duc-mam-non,C20,Điểm thi THPT,2024,26.95,Giáo dục Mầm non
62030,DTP,giao-duc-mam-non,B03,Điểm học bạ,2025,23.76,Giáo dục Mầm non (cao đẳng)
62031,DTP,giao-duc-mam-non,C01,Điểm học bạ,2025,23.76,Giáo dục Mầm non (cao đẳng)
62032,DTP,giao-duc-mam-non,C02,Điểm học bạ,2025,23.76,Giáo dục Mầm non (cao đẳng)
62033,DTP,giao-duc-mam-non,C03,Điểm học bạ,2025,23.76,Giáo dục Mầm non (cao đẳng)
62034,DTP,giao-duc-mam-non,C04,Điểm học bạ,2025,23.76,Giáo dục Mầm non (cao đẳng)
62035,DTP,giao-duc-mam-non,C14,Điểm học bạ,2025,23.76,Giáo dục Mầm non (cao đẳng)
62036,DTP,giao-duc-mam-non,D01,Điểm học bạ,2025,23.76,Giáo dục Mầm non (cao đẳng)
62037,DTP,giao-duc-mam-non,B03,Điểm thi THPT,2025,23.76,Giáo dục Mầm non (cao đẳng)
62038,DTP,giao-duc-mam-non,C01,Điểm thi THPT,2025,23.76,Giáo dục Mầm non (cao đẳng)
62039,DTP,giao-duc-mam-non,C02,Điểm thi THPT,2025,23.76,Giáo dục Mầm non (cao đẳng)
62040,DTP,giao-duc-mam-non,C03,Điểm thi THPT,2025,23.76,Giáo dục Mầm non (cao đẳng)
62041,DTP,giao-duc-mam-non,C04,Điểm thi THPT,2025,23.76,Giáo dục Mầm non (cao đẳng)
62042,DTP,giao-duc-mam-non,C14,Điểm thi THPT,2025,23.76,Giáo dục Mầm non (cao đẳng)
62043,DTP,giao-duc-mam-non,D01,Điểm thi THPT,2025,23.76,Giáo dục Mầm non (cao đẳng)
62044,DTP,giao-duc-tieu-hoc,A00,Điểm thi THPT,2021,20.0,Giáo dục Tiểu học
62045,DTP,giao-duc-tieu-hoc,A01,Điểm thi THPT,2021,20.0,Giáo dục Tiểu học
62046,DTP,giao-duc-tieu-hoc,C04,Điểm thi THPT,2021,20.0,Giáo dục Tiểu học
62047,DTP,giao-duc-tieu-hoc,D01,Điểm thi THPT,2021,20.0,Giáo dục Tiểu học
62048,DTP,giao-duc-tieu-hoc,A00,Điểm học bạ,2022,22.2,Giáo dục Tiểu học
62049,DTP,giao-duc-tieu-hoc,C02,Điểm học bạ,2022,22.2,Giáo dục Tiểu học
62050,DTP,giao-duc-tieu-hoc,C14,Điểm học bạ,2022,22.2,Giáo dục Tiểu học
62051,DTP,giao-duc-tieu-hoc,C20,Điểm học bạ,2022,22.2,Giáo dục Tiểu học
62052,DTP,giao-duc-tieu-hoc,A00,Điểm thi THPT,2022,22.2,Giáo dục Tiểu học
62053,DTP,giao-duc-tieu-hoc,C02,Điểm thi THPT,2022,22.2,Giáo dục Tiểu học
62054,DTP,giao-duc-tieu-hoc,C14,Điểm thi THPT,2022,22.2,Giáo dục Tiểu học
62055,DTP,giao-duc-tieu-hoc,C20,Điểm thi THPT,2022,22.2,Giáo dục Tiểu học
62056,DTP,giao-duc-tieu-hoc,A00,Điểm học bạ,2023,25.75,Giáo dục Tiểu học
62057,DTP,giao-duc-tieu-hoc,A01,Điểm học bạ,2023,22.0,Giáo dục Tiểu học (Chương trình dạy và học bằng tiếng Anh)
62058,DTP,giao-duc-tieu-hoc,B08,Điểm học bạ,2023,22.0,Giáo dục Tiểu học (Chương trình dạy và học bằng tiếng Anh)
62059,DTP,giao-duc-tieu-hoc,C00,Điểm học bạ,2023,25.75,Giáo dục Tiểu học
62060,DTP,giao-duc-tieu-hoc,C14,Điểm học bạ,2023,25.75,Giáo dục Tiểu học
62061,DTP,giao-duc-tieu-hoc,C20,Điểm học bạ,2023,25.75,Giáo dục Tiểu học
62062,DTP,giao-duc-tieu-hoc,D01,Điểm học bạ,2023,22.0,Giáo dục Tiểu học (Chương trình dạy và học bằng tiếng Anh)
62063,DTP,giao-duc-tieu-hoc,D15,Điểm học bạ,2023,22.0,Giáo dục Tiểu học (Chương trình dạy và học bằng tiếng Anh)
62064,DTP,giao-duc-tieu-hoc,A00,Điểm thi THPT,2023,25.75,Giáo dục Tiểu học
62065,DTP,giao-duc-tieu-hoc,A01,Điểm thi THPT,2023,22.0,Giáo dục Tiểu học (Chương trình dạy và học bằng tiếng Anh)
62066,DTP,giao-duc-tieu-hoc,B08,Điểm thi THPT,2023,22.0,Giáo dục Tiểu học (Chương trình dạy và học bằng tiếng Anh)
62067,DTP,giao-duc-tieu-hoc,C00,Điểm thi THPT,2023,25.75,Giáo dục Tiểu học
62068,DTP,giao-duc-tieu-hoc,C14,Điểm thi THPT,2023,25.75,Giáo dục Tiểu học
62069,DTP,giao-duc-tieu-hoc,C20,Điểm thi THPT,2023,25.75,Giáo dục Tiểu học
62070,DTP,giao-duc-tieu-hoc,D01,Điểm thi THPT,2023,22.0,Giáo dục Tiểu học (Chương trình dạy và học bằng tiếng Anh)
62071,DTP,giao-duc-tieu-hoc,D15,Điểm thi THPT,2023,22.0,Giáo dục Tiểu học (Chương trình dạy và học bằng tiếng Anh)
62072,DTP,giao-duc-tieu-hoc,A00,Điểm học bạ,2024,27.75,Giáo dục Tiểu học (chương trình đại trà)
62073,DTP,giao-duc-tieu-hoc,A01,Điểm học bạ,2024,26.5,Giáo dục Tiểu học (chương trình tiếng Anh)
62074,DTP,giao-duc-tieu-hoc,B08,Điểm học bạ,2024,26.5,Giáo dục Tiểu học (chương trình tiếng Anh)
62075,DTP,giao-duc-tieu-hoc,C00,Điểm học bạ,2024,27.75,Giáo dục Tiểu học (chương trình đại trà)
62076,DTP,giao-duc-tieu-hoc,C14,Điểm học bạ,2024,27.75,Giáo dục Tiểu học (chương trình đại trà)
62077,DTP,giao-duc-tieu-hoc,C20,Điểm học bạ,2024,27.75,Giáo dục Tiểu học (chương trình đại trà)
62078,DTP,giao-duc-tieu-hoc,D01,Điểm học bạ,2024,26.5,Giáo dục Tiểu học (chương trình tiếng Anh)
62079,DTP,giao-duc-tieu-hoc,D15,Điểm học bạ,2024,26.5,Giáo dục Tiểu học (chương trình tiếng Anh)
62080,DTP,giao-duc-tieu-hoc,A00,Điểm thi THPT,2024,27.75,Giáo dục Tiểu học (chương trình đại trà)
62081,DTP,giao-duc-tieu-hoc,A01,Điểm thi THPT,2024,24.5,Giáo dục Tiểu học (chương trình tiếng Anh)
62082,DTP,giao-duc-tieu-hoc,B08,Điểm thi THPT,2024,24.5,Giáo dục Tiểu học (chương trình tiếng Anh)
62083,DTP,giao-duc-tieu-hoc,C00,Điểm thi THPT,2024,27.75,Giáo dục Tiểu học (chương trình đại trà)
62084,DTP,giao-duc-tieu-hoc,C14,Điểm thi THPT,2024,27.75,Giáo dục Tiểu học (chương trình đại trà)
62085,DTP,giao-duc-tieu-hoc,C20,Điểm thi THPT,2024,27.75,Giáo dục Tiểu học (chương trình đại trà)
62086,DTP,giao-duc-tieu-hoc,D01,Điểm thi THPT,2024,24.5,Giáo dục Tiểu học (chương trình tiếng Anh)
62087,DTP,giao-duc-tieu-hoc,D15,Điểm thi THPT,2024,24.5,Giáo dục Tiểu học (chương trình tiếng Anh)
62088,DTP,giao-duc-tieu-hoc,A01,Điểm học bạ,2025,25.05,Giáo dục Tiểu học (Chương trình dạy và học bằng tiếng Anh)
62089,DTP,giao-duc-tieu-hoc,B03,Điểm học bạ,2025,25.84,Giáo dục Tiểu học
62090,DTP,giao-duc-tieu-hoc,B08,Điểm học bạ,2025,25.05,Giáo dục Tiểu học (Chương trình dạy và học bằng tiếng Anh)
62091,DTP,giao-duc-tieu-hoc,C02,Điểm học bạ,2025,25.84,Giáo dục Tiểu học
62092,DTP,giao-duc-tieu-hoc,C03,Điểm học bạ,2025,25.84,Giáo dục Tiểu học
62093,DTP,giao-duc-tieu-hoc,C04,Điểm học bạ,2025,25.84,Giáo dục Tiểu học
62094,DTP,giao-duc-tieu-hoc,C14,Điểm học bạ,2025,25.84,Giáo dục Tiểu học
62095,DTP,giao-duc-tieu-hoc,D01,Điểm học bạ,2025,25.84,Giáo dục Tiểu học
62096,DTP,giao-duc-tieu-hoc,D07,Điểm học bạ,2025,25.05,Giáo dục Tiểu học (Chương trình dạy và học bằng tiếng Anh)
62097,DTP,giao-duc-tieu-hoc,D09,Điểm học bạ,2025,25.05,Giáo dục Tiểu học (Chương trình dạy và học bằng tiếng Anh)
62098,DTP,giao-duc-tieu-hoc,D10,Điểm học bạ,2025,25.05,Giáo dục Tiểu học (Chương trình dạy và học bằng tiếng Anh)
62099,DTP,giao-duc-tieu-hoc,D11,Điểm học bạ,2025,25.05,Giáo dục Tiểu học (Chương trình dạy và học bằng tiếng Anh)
62100,DTP,giao-duc-tieu-hoc,D12,Điểm học bạ,2025,25.05,Giáo dục Tiểu học (Chương trình dạy và học bằng tiếng Anh)
62101,DTP,giao-duc-tieu-hoc,D13,Điểm học bạ,2025,25.05,Giáo dục Tiểu học (Chương trình dạy và học bằng tiếng Anh)
62102,DTP,giao-duc-tieu-hoc,D14,Điểm học bạ,2025,25.05,Giáo dục Tiểu học (Chương trình dạy và học bằng tiếng Anh)
62103,DTP,giao-duc-tieu-hoc,D15,Điểm học bạ,2025,25.05,Giáo dục Tiểu học (Chương trình dạy và học bằng tiếng Anh)
62104,DTP,giao-duc-tieu-hoc,A01,Điểm thi THPT,2025,25.05,Giáo dục Tiểu học (Chương trình dạy và học bằng tiếng Anh)
62105,DTP,giao-duc-tieu-hoc,B03,Điểm thi THPT,2025,25.84,Giáo dục Tiểu học
62106,DTP,giao-duc-tieu-hoc,B08,Điểm thi THPT,2025,25.05,Giáo dục Tiểu học (Chương trình dạy và học bằng tiếng Anh)
62107,DTP,giao-duc-tieu-hoc,C02,Điểm thi THPT,2025,25.84,Giáo dục Tiểu học
62108,DTP,giao-duc-tieu-hoc,C03,Điểm thi THPT,2025,25.84,Giáo dục Tiểu học
62109,DTP,giao-duc-tieu-hoc,C04,Điểm thi THPT,2025,25.84,Giáo dục Tiểu học
62110,DTP,giao-duc-tieu-hoc,C14,Điểm thi THPT,2025,25.84,Giáo dục Tiểu học
62111,DTP,giao-duc-tieu-hoc,D01,Điểm thi THPT,2025,25.84,Giáo dục Tiểu học
62112,DTP,giao-duc-tieu-hoc,D07,Điểm thi THPT,2025,25.05,Giáo dục Tiểu học (Chương trình dạy và học bằng tiếng Anh)
62113,DTP,giao-duc-tieu-hoc,D09,Điểm thi THPT,2025,25.05,Giáo dục Tiểu học (Chương trình dạy và học bằng tiếng Anh)
62114,DTP,giao-duc-tieu-hoc,D10,Điểm thi THPT,2025,25.05,Giáo dục Tiểu học (Chương trình dạy và học bằng tiếng Anh)
62115,DTP,giao-duc-tieu-hoc,D11,Điểm thi THPT,2025,25.05,Giáo dục Tiểu học (Chương trình dạy và học bằng tiếng Anh)
62116,DTP,giao-duc-tieu-hoc,D12,Điểm thi THPT,2025,25.05,Giáo dục Tiểu học (Chương trình dạy và học bằng tiếng Anh)
62117,DTP,giao-duc-tieu-hoc,D13,Điểm thi THPT,2025,25.05,Giáo dục Tiểu học (Chương trình dạy và học bằng tiếng Anh)
62118,DTP,giao-duc-tieu-hoc,D14,Điểm thi THPT,2025,25.05,Giáo dục Tiểu học (Chương trình dạy và học bằng tiếng Anh)
62119,DTP,giao-duc-tieu-hoc,D15,Điểm thi THPT,2025,25.05,Giáo dục Tiểu học (Chương trình dạy và học bằng tiếng Anh)
62120,DTP,khoa-hoc-cay-trong,A00,Điểm học bạ,2023,15.0,Khoa học cây trồng (Trồng trọt)
62121,DTP,khoa-hoc-cay-trong,B00,Điểm học bạ,2023,15.0,Khoa học cây trồng (Trồng trọt)
62122,DTP,khoa-hoc-cay-trong,C02,Điểm học bạ,2023,15.0,Khoa học cây trồng (Trồng trọt)
62123,DTP,khoa-hoc-cay-trong,D01,Điểm học bạ,2023,15.0,Khoa học cây trồng (Trồng trọt)
62124,DTP,khoa-hoc-cay-trong,A00,Điểm thi THPT,2023,15.0,Khoa học cây trồng (Trồng trọt)
62125,DTP,khoa-hoc-cay-trong,B00,Điểm thi THPT,2023,15.0,Khoa học cây trồng (Trồng trọt)
62126,DTP,khoa-hoc-cay-trong,C02,Điểm thi THPT,2023,15.0,Khoa học cây trồng (Trồng trọt)
62127,DTP,khoa-hoc-cay-trong,D01,Điểm thi THPT,2023,15.0,Khoa học cây trồng (Trồng trọt)
62128,DTP,khoa-hoc-cay-trong,A00,Điểm học bạ,2024,16.0,Khoa học cây trồng
62129,DTP,khoa-hoc-cay-trong,B00,Điểm học bạ,2024,16.0,Khoa học cây trồng
62130,DTP,khoa-hoc-cay-trong,C02,Điểm học bạ,2024,16.0,Khoa học cây trồng
62131,DTP,khoa-hoc-cay-trong,D01,Điểm học bạ,2024,16.0,Khoa học cây trồng
62132,DTP,khoa-hoc-cay-trong,A00,Điểm thi THPT,2024,16.0,Khoa học cây trồng
62133,DTP,khoa-hoc-cay-trong,B00,Điểm thi THPT,2024,16.0,Khoa học cây trồng
62134,DTP,khoa-hoc-cay-trong,C02,Điểm thi THPT,2024,16.0,Khoa học cây trồng
62135,DTP,khoa-hoc-cay-trong,D01,Điểm thi THPT,2024,16.0,Khoa học cây trồng
62136,DTP,khoa-hoc-cay-trong,B03,Điểm học bạ,2025,15.0,Khoa học cây trồng
62137,DTP,khoa-hoc-cay-trong,C01,Điểm học bạ,2025,15.0,Khoa học cây trồng
62138,DTP,khoa-hoc-cay-trong,C02,Điểm học bạ,2025,15.0,Khoa học cây trồng
62139,DTP,khoa-hoc-cay-trong,D01,Điểm học bạ,2025,15.0,Khoa học cây trồng
62140,DTP,khoa-hoc-cay-trong,B03,Điểm thi THPT,2025,15.0,Khoa học cây trồng
62141,DTP,khoa-hoc-cay-trong,C01,Điểm thi THPT,2025,15.0,Khoa học cây trồng
62142,DTP,khoa-hoc-cay-trong,C02,Điểm thi THPT,2025,15.0,Khoa học cây trồng
62143,DTP,khoa-hoc-cay-trong,D01,Điểm thi THPT,2025,15.0,Khoa học cây trồng
62144,DTP,kinh-te,A00,Điểm thi THPT,2021,14.5,Kinh tế
62145,DTP,kinh-te,A01,Điểm thi THPT,2021,14.5,Kinh tế
62146,DTP,kinh-te,C04,Điểm thi THPT,2021,14.5,Kinh tế
62147,DTP,kinh-te,D10,Điểm thi THPT,2021,14.5,Kinh tế
62148,DTP,kinh-te,A00,Điểm học bạ,2022,14.5,Kinh tế
62149,DTP,kinh-te,A01,Điểm học bạ,2022,14.5,Kinh tế
62150,DTP,kinh-te,C04,Điểm học bạ,2022,14.5,Kinh tế
62151,DTP,kinh-te,D10,Điểm học bạ,2022,14.5,Kinh tế
62152,DTP,kinh-te,A00,Điểm thi THPT,2022,14.5,Kinh tế
62153,DTP,kinh-te,A01,Điểm thi THPT,2022,14.5,Kinh tế
62154,DTP,kinh-te,C04,Điểm thi THPT,2022,14.5,Kinh tế
62155,DTP,kinh-te,D10,Điểm thi THPT,2022,14.5,Kinh tế
62156,DTP,kinh-te,A00,Điểm học bạ,2023,15.0,Kinh tế
62157,DTP,kinh-te,A01,Điểm học bạ,2023,15.0,Kinh tế
62158,DTP,kinh-te,C04,Điểm học bạ,2023,15.0,Kinh tế
62159,DTP,kinh-te,D10,Điểm học bạ,2023,15.0,Kinh tế
62160,DTP,kinh-te,A00,Điểm thi THPT,2023,15.0,Kinh tế
62161,DTP,kinh-te,A01,Điểm thi THPT,2023,15.0,Kinh tế
62162,DTP,kinh-te,C04,Điểm thi THPT,2023,15.0,Kinh tế
62163,DTP,kinh-te,D10,Điểm thi THPT,2023,15.0,Kinh tế
62164,DTP,kinh-te,A00,Điểm học bạ,2024,16.0,Kinh tế
62165,DTP,kinh-te,A01,Điểm học bạ,2024,16.0,Kinh tế
62166,DTP,kinh-te,C04,Điểm học bạ,2024,16.0,Kinh tế
62167,DTP,kinh-te,D10,Điểm học bạ,2024,16.0,Kinh tế
62168,DTP,kinh-te,A00,Điểm thi THPT,2024,16.0,Kinh tế
62169,DTP,kinh-te,A01,Điểm thi THPT,2024,16.0,Kinh tế
62170,DTP,kinh-te,C04,Điểm thi THPT,2024,16.0,Kinh tế
62171,DTP,kinh-te,D10,Điểm thi THPT,2024,16.0,Kinh tế
62172,DTP,kinh-te,C01,Điểm học bạ,2025,15.0,Kinh tế
62173,DTP,kinh-te,C02,Điểm học bạ,2025,15.0,Kinh tế
62174,DTP,kinh-te,C03,Điểm học bạ,2025,15.0,Kinh tế
62175,DTP,kinh-te,C04,Điểm học bạ,2025,15.0,Kinh tế
62176,DTP,kinh-te,C14,Điểm học bạ,2025,15.0,Kinh tế
62177,DTP,kinh-te,D01,Điểm học bạ,2025,15.0,Kinh tế
62178,DTP,kinh-te,C01,Điểm thi THPT,2025,15.0,Kinh tế
62179,DTP,kinh-te,C02,Điểm thi THPT,2025,15.0,Kinh tế
62180,DTP,kinh-te,C03,Điểm thi THPT,2025,15.0,Kinh tế
62181,DTP,kinh-te,C04,Điểm thi THPT,2025,15.0,Kinh tế
62182,DTP,kinh-te,C14,Điểm thi THPT,2025,15.0,Kinh tế
62183,DTP,kinh-te,D01,Điểm thi THPT,2025,15.0,Kinh tế
62184,DTP,kinh-te-so,C01,Điểm học bạ,2025,15.0,Kinh tế số
62185,DTP,kinh-te-so,C02,Điểm học bạ,2025,15.0,Kinh tế số
62186,DTP,kinh-te-so,C03,Điểm học bạ,2025,15.0,Kinh tế số
62187,DTP,kinh-te-so,C04,Điểm học bạ,2025,15.0,Kinh tế số
62188,DTP,kinh-te-so,C14,Điểm học bạ,2025,15.0,Kinh tế số
62189,DTP,kinh-te-so,D01,Điểm học bạ,2025,15.0,Kinh tế số
62190,DTP,kinh-te-so,C01,Điểm thi THPT,2025,15.0,Kinh tế số
62191,DTP,kinh-te-so,C02,Điểm thi THPT,2025,15.0,Kinh tế số
62192,DTP,kinh-te-so,C03,Điểm thi THPT,2025,15.0,Kinh tế số
62193,DTP,kinh-te-so,C04,Điểm thi THPT,2025,15.0,Kinh tế số
62194,DTP,kinh-te-so,C14,Điểm thi THPT,2025,15.0,Kinh tế số
62195,DTP,kinh-te-so,D01,Điểm thi THPT,2025,15.0,Kinh tế số
62196,DTP,ngon-ngu-trung-quoc,D01,Điểm thi THPT,2021,14.5,Ngôn ngữ Trung Quốc
62197,DTP,ngon-ngu-trung-quoc,D04,Điểm thi THPT,2021,14.5,Ngôn ngữ Trung Quốc
62198,DTP,ngon-ngu-trung-quoc,D10,Điểm thi THPT,2021,14.5,Ngôn ngữ Trung Quốc
62199,DTP,ngon-ngu-trung-quoc,D15,Điểm thi THPT,2021,14.5,Ngôn ngữ Trung Quốc
62200,DTP,ngon-ngu-trung-quoc,D01,Điểm học bạ,2022,19.5,Ngôn ngữ Trung Quốc
62201,DTP,ngon-ngu-trung-quoc,D04,Điểm học bạ,2022,19.5,Ngôn ngữ Trung Quốc
62202,DTP,ngon-ngu-trung-quoc,D10,Điểm học bạ,2022,19.5,Ngôn ngữ Trung Quốc
62203,DTP,ngon-ngu-trung-quoc,D15,Điểm học bạ,2022,19.5,Ngôn ngữ Trung Quốc
62204,DTP,ngon-ngu-trung-quoc,D01,Điểm thi THPT,2022,19.5,Ngôn ngữ Trung Quốc
62205,DTP,ngon-ngu-trung-quoc,D04,Điểm thi THPT,2022,19.5,Ngôn ngữ Trung Quốc
62206,DTP,ngon-ngu-trung-quoc,D10,Điểm thi THPT,2022,19.5,Ngôn ngữ Trung Quốc
62207,DTP,ngon-ngu-trung-quoc,D15,Điểm thi THPT,2022,19.5,Ngôn ngữ Trung Quốc
62208,DTP,ngon-ngu-trung-quoc,D01,Điểm học bạ,2023,23.5,Ngôn ngữ Trung Quốc
62209,DTP,ngon-ngu-trung-quoc,D04,Điểm học bạ,2023,23.5,Ngôn ngữ Trung Quốc
62210,DTP,ngon-ngu-trung-quoc,D10,Điểm học bạ,2023,23.5,Ngôn ngữ Trung Quốc
62211,DTP,ngon-ngu-trung-quoc,D15,Điểm học bạ,2023,23.5,Ngôn ngữ Trung Quốc
62212,DTP,ngon-ngu-trung-quoc,D01,Điểm thi THPT,2023,23.5,Ngôn ngữ Trung Quốc
62213,DTP,ngon-ngu-trung-quoc,D04,Điểm thi THPT,2023,23.5,Ngôn ngữ Trung Quốc
62214,DTP,ngon-ngu-trung-quoc,D10,Điểm thi THPT,2023,23.5,Ngôn ngữ Trung Quốc
62215,DTP,ngon-ngu-trung-quoc,D15,Điểm thi THPT,2023,23.5,Ngôn ngữ Trung Quốc
62216,DTP,ngon-ngu-trung-quoc,C00,Điểm học bạ,2024,26.5,Ngôn ngữ Trung Quốc
62217,DTP,ngon-ngu-trung-quoc,D01,Điểm học bạ,2024,26.5,Ngôn ngữ Trung Quốc
62218,DTP,ngon-ngu-trung-quoc,D04,Điểm học bạ,2024,26.5,Ngôn ngữ Trung Quốc
62219,DTP,ngon-ngu-trung-quoc,D10,Điểm học bạ,2024,26.5,Ngôn ngữ Trung Quốc
62220,DTP,ngon-ngu-trung-quoc,C00,Điểm thi THPT,2024,24.5,Ngôn ngữ Trung Quốc
62221,DTP,ngon-ngu-trung-quoc,D01,Điểm thi THPT,2024,24.5,Ngôn ngữ Trung Quốc
62222,DTP,ngon-ngu-trung-quoc,D04,Điểm thi THPT,2024,24.5,Ngôn ngữ Trung Quốc
62223,DTP,ngon-ngu-trung-quoc,D10,Điểm thi THPT,2024,24.5,Ngôn ngữ Trung Quốc
62224,DTP,ngon-ngu-trung-quoc,B03,Điểm học bạ,2025,22.75,Ngôn ngữ Trung Quốc
62225,DTP,ngon-ngu-trung-quoc,C01,Điểm học bạ,2025,22.75,Ngôn ngữ Trung Quốc
62226,DTP,ngon-ngu-trung-quoc,C02,Điểm học bạ,2025,22.75,Ngôn ngữ Trung Quốc
62227,DTP,ngon-ngu-trung-quoc,C03,Điểm học bạ,2025,22.75,Ngôn ngữ Trung Quốc
62228,DTP,ngon-ngu-trung-quoc,C04,Điểm học bạ,2025,22.75,Ngôn ngữ Trung Quốc
62229,DTP,ngon-ngu-trung-quoc,C14,Điểm học bạ,2025,22.75,Ngôn ngữ Trung Quốc
62230,DTP,ngon-ngu-trung-quoc,D01,Điểm học bạ,2025,22.75,Ngôn ngữ Trung Quốc
62231,DTP,ngon-ngu-trung-quoc,D04,Điểm học bạ,2025,22.75,Ngôn ngữ Trung Quốc
62232,DTP,ngon-ngu-trung-quoc,B03,Điểm thi THPT,2025,22.75,Ngôn ngữ Trung Quốc
62233,DTP,ngon-ngu-trung-quoc,C01,Điểm thi THPT,2025,22.75,Ngôn ngữ Trung Quốc
62234,DTP,ngon-ngu-trung-quoc,C02,Điểm thi THPT,2025,22.75,Ngôn ngữ Trung Quốc
62235,DTP,ngon-ngu-trung-quoc,C03,Điểm thi THPT,2025,22.75,Ngôn ngữ Trung Quốc
62236,DTP,ngon-ngu-trung-quoc,C04,Điểm thi THPT,2025,22.75,Ngôn ngữ Trung Quốc
62237,DTP,ngon-ngu-trung-quoc,C14,Điểm thi THPT,2025,22.75,Ngôn ngữ Trung Quốc
62238,DTP,ngon-ngu-trung-quoc,D01,Điểm thi THPT,2025,22.75,Ngôn ngữ Trung Quốc
62239,DTP,ngon-ngu-trung-quoc,D04,Điểm thi THPT,2025,22.75,Ngôn ngữ Trung Quốc
62240,DTP,quan-ly-tai-nguyen-va-moi-truong,A00,Điểm thi THPT,2021,14.5,Quản lý Tài nguyên và Môi trường
62241,DTP,quan-ly-tai-nguyen-va-moi-truong,B00,Điểm thi THPT,2021,14.5,Quản lý Tài nguyên và Môi trường
62242,DTP,quan-ly-tai-nguyen-va-moi-truong,C02,Điểm thi THPT,2021,14.5,Quản lý Tài nguyên và Môi trường
62243,DTP,quan-ly-tai-nguyen-va-moi-truong,D01,Điểm thi THPT,2021,14.5,Quản lý Tài nguyên và Môi trường
62244,DTP,quan-ly-tai-nguyen-va-moi-truong,A00,Điểm học bạ,2022,14.5,Quản lý tài nguyên và môi trường
62245,DTP,quan-ly-tai-nguyen-va-moi-truong,B00,Điểm học bạ,2022,14.5,Quản lý tài nguyên và môi trường
62246,DTP,quan-ly-tai-nguyen-va-moi-truong,C02,Điểm học bạ,2022,14.5,Quản lý tài nguyên và môi trường
62247,DTP,quan-ly-tai-nguyen-va-moi-truong,D01,Điểm học bạ,2022,14.5,Quản lý tài nguyên và môi trường
62248,DTP,quan-ly-tai-nguyen-va-moi-truong,A00,Điểm thi THPT,2022,14.5,Quản lý tài nguyên và môi trường
62249,DTP,quan-ly-tai-nguyen-va-moi-truong,B00,Điểm thi THPT,2022,14.5,Quản lý tài nguyên và môi trường
62250,DTP,quan-ly-tai-nguyen-va-moi-truong,C02,Điểm thi THPT,2022,14.5,Quản lý tài nguyên và môi trường
62251,DTP,quan-ly-tai-nguyen-va-moi-truong,D01,Điểm thi THPT,2022,14.5,Quản lý tài nguyên và môi trường
62252,DTP,quan-ly-tai-nguyen-va-moi-truong,A00,Điểm học bạ,2023,15.0,Quản lý tài nguyên và môi trường
62253,DTP,quan-ly-tai-nguyen-va-moi-truong,B00,Điểm học bạ,2023,15.0,Quản lý tài nguyên và môi trường
62254,DTP,quan-ly-tai-nguyen-va-moi-truong,C02,Điểm học bạ,2023,15.0,Quản lý tài nguyên và môi trường
62255,DTP,quan-ly-tai-nguyen-va-moi-truong,D01,Điểm học bạ,2023,15.0,Quản lý tài nguyên và môi trường
62256,DTP,quan-ly-tai-nguyen-va-moi-truong,A00,Điểm thi THPT,2023,15.0,Quản lý tài nguyên và môi trường
62257,DTP,quan-ly-tai-nguyen-va-moi-truong,B00,Điểm thi THPT,2023,15.0,Quản lý tài nguyên và môi trường
62258,DTP,quan-ly-tai-nguyen-va-moi-truong,C02,Điểm thi THPT,2023,15.0,Quản lý tài nguyên và môi trường
62259,DTP,quan-ly-tai-nguyen-va-moi-truong,D01,Điểm thi THPT,2023,15.0,Quản lý tài nguyên và môi trường
62260,DTP,quan-ly-tai-nguyen-va-moi-truong,A00,Điểm học bạ,2024,16.0,Quản lý tài nguyên và môi trường
62261,DTP,quan-ly-tai-nguyen-va-moi-truong,B00,Điểm học bạ,2024,16.0,Quản lý tài nguyên và môi trường
62262,DTP,quan-ly-tai-nguyen-va-moi-truong,C02,Điểm học bạ,2024,16.0,Quản lý tài nguyên và môi trường
62263,DTP,quan-ly-tai-nguyen-va-moi-truong,D01,Điểm học bạ,2024,16.0,Quản lý tài nguyên và môi trường
62264,DTP,quan-ly-tai-nguyen-va-moi-truong,A00,Điểm thi THPT,2024,16.0,Quản lý tài nguyên và môi trường
62265,DTP,quan-ly-tai-nguyen-va-moi-truong,B00,Điểm thi THPT,2024,16.0,Quản lý tài nguyên và môi trường
62266,DTP,quan-ly-tai-nguyen-va-moi-truong,C02,Điểm thi THPT,2024,16.0,Quản lý tài nguyên và môi trường
62267,DTP,quan-ly-tai-nguyen-va-moi-truong,D01,Điểm thi THPT,2024,16.0,Quản lý tài nguyên và môi trường
62268,DTP,quan-ly-tai-nguyen-va-moi-truong,B03,Điểm học bạ,2025,15.0,Quản lý tài nguyên và môi trường
62269,DTP,quan-ly-tai-nguyen-va-moi-truong,C01,Điểm học bạ,2025,15.0,Quản lý tài nguyên và môi trường
62270,DTP,quan-ly-tai-nguyen-va-moi-truong,C02,Điểm học bạ,2025,15.0,Quản lý tài nguyên và môi trường
62271,DTP,quan-ly-tai-nguyen-va-moi-truong,D01,Điểm học bạ,2025,15.0,Quản lý tài nguyên và môi trường
62272,DTP,quan-ly-tai-nguyen-va-moi-truong,B03,Điểm thi THPT,2025,15.0,Quản lý tài nguyên và môi trường
62273,DTP,quan-ly-tai-nguyen-va-moi-truong,C01,Điểm thi THPT,2025,15.0,Quản lý tài nguyên và môi trường
62274,DTP,quan-ly-tai-nguyen-va-moi-truong,C02,Điểm thi THPT,2025,15.0,Quản lý tài nguyên và môi trường
62275,DTP,quan-ly-tai-nguyen-va-moi-truong,D01,Điểm thi THPT,2025,15.0,Quản lý tài nguyên và môi trường
62276,DTP,quan-tri-dich-vu-du-lich-va-lu-hanh,C00,Điểm thi THPT,2021,14.5,Quản trị dịch vụ du lịch và lữ hành
62277,DTP,quan-tri-dich-vu-du-lich-va-lu-hanh,C03,Điểm thi THPT,2021,14.5,Quản trị dịch vụ du lịch và lữ hành
62278,DTP,quan-tri-dich-vu-du-lich-va-lu-hanh,C04,Điểm thi THPT,2021,14.5,Quản trị dịch vụ du lịch và lữ hành
62279,DTP,quan-tri-dich-vu-du-lich-va-lu-hanh,D01,Điểm thi THPT,2021,14.5,Quản trị dịch vụ du lịch và lữ hành
62280,DTP,quan-tri-dich-vu-du-lich-va-lu-hanh,C00,Điểm học bạ,2022,14.5,Quản trị dịch vụ du lịch và lữ hành
62281,DTP,quan-tri-dich-vu-du-lich-va-lu-hanh,C03,Điểm học bạ,2022,14.5,Quản trị dịch vụ du lịch và lữ hành
62282,DTP,quan-tri-dich-vu-du-lich-va-lu-hanh,C04,Điểm học bạ,2022,14.5,Quản trị dịch vụ du lịch và lữ hành
62283,DTP,quan-tri-dich-vu-du-lich-va-lu-hanh,D01,Điểm học bạ,2022,14.5,Quản trị dịch vụ du lịch và lữ hành
62284,DTP,quan-tri-dich-vu-du-lich-va-lu-hanh,C00,Điểm thi THPT,2022,14.5,Quản trị dịch vụ du lịch và lữ hành
62285,DTP,quan-tri-dich-vu-du-lich-va-lu-hanh,C03,Điểm thi THPT,2022,14.5,Quản trị dịch vụ du lịch và lữ hành
62286,DTP,quan-tri-dich-vu-du-lich-va-lu-hanh,C04,Điểm thi THPT,2022,14.5,Quản trị dịch vụ du lịch và lữ hành
62287,DTP,quan-tri-dich-vu-du-lich-va-lu-hanh,D01,Điểm thi THPT,2022,14.5,Quản trị dịch vụ du lịch và lữ hành
62288,DTP,quan-tri-dich-vu-du-lich-va-lu-hanh,C00,Điểm học bạ,2023,19.0,Quản trị dịch vụ du lịch và lữ hành
62289,DTP,quan-tri-dich-vu-du-lich-va-lu-hanh,C03,Điểm học bạ,2023,19.0,Quản trị dịch vụ du lịch và lữ hành
62290,DTP,quan-tri-dich-vu-du-lich-va-lu-hanh,C04,Điểm học bạ,2023,19.0,Quản trị dịch vụ du lịch và lữ hành
62291,DTP,quan-tri-dich-vu-du-lich-va-lu-hanh,D01,Điểm học bạ,2023,19.0,Quản trị dịch vụ du lịch và lữ hành
62292,DTP,quan-tri-dich-vu-du-lich-va-lu-hanh,C00,Điểm thi THPT,2023,19.0,Quản trị dịch vụ du lịch và lữ hành
62293,DTP,quan-tri-dich-vu-du-lich-va-lu-hanh,C03,Điểm thi THPT,2023,19.0,Quản trị dịch vụ du lịch và lữ hành
62294,DTP,quan-tri-dich-vu-du-lich-va-lu-hanh,C04,Điểm thi THPT,2023,19.0,Quản trị dịch vụ du lịch và lữ hành
62295,DTP,quan-tri-dich-vu-du-lich-va-lu-hanh,D01,Điểm thi THPT,2023,19.0,Quản trị dịch vụ du lịch và lữ hành
62296,DTP,quan-tri-dich-vu-du-lich-va-lu-hanh,C00,Điểm học bạ,2024,24.0,Quản trị dịch vụ du lịch và lữ hành
62297,DTP,quan-tri-dich-vu-du-lich-va-lu-hanh,C03,Điểm học bạ,2024,24.0,Quản trị dịch vụ du lịch và lữ hành
62298,DTP,quan-tri-dich-vu-du-lich-va-lu-hanh,C04,Điểm học bạ,2024,24.0,Quản trị dịch vụ du lịch và lữ hành
62299,DTP,quan-tri-dich-vu-du-lich-va-lu-hanh,D01,Điểm học bạ,2024,24.0,Quản trị dịch vụ du lịch và lữ hành
62300,DTP,quan-tri-dich-vu-du-lich-va-lu-hanh,C00,Điểm thi THPT,2024,20.0,Quản trị dịch vụ du lịch và lữ hành
62301,DTP,quan-tri-dich-vu-du-lich-va-lu-hanh,C03,Điểm thi THPT,2024,20.0,Quản trị dịch vụ du lịch và lữ hành
62302,DTP,quan-tri-dich-vu-du-lich-va-lu-hanh,C04,Điểm thi THPT,2024,20.0,Quản trị dịch vụ du lịch và lữ hành
62303,DTP,quan-tri-dich-vu-du-lich-va-lu-hanh,D01,Điểm thi THPT,2024,20.0,Quản trị dịch vụ du lịch và lữ hành
62304,DTP,quan-tri-dich-vu-du-lich-va-lu-hanh,C03,Điểm học bạ,2025,15.0,Quản trị dịch vụ du lịch và lữ hành
62305,DTP,quan-tri-dich-vu-du-lich-va-lu-hanh,C04,Điểm học bạ,2025,15.0,Quản trị dịch vụ du lịch và lữ hành
62306,DTP,quan-tri-dich-vu-du-lich-va-lu-hanh,C14,Điểm học bạ,2025,15.0,Quản trị dịch vụ du lịch và lữ hành
62307,DTP,quan-tri-dich-vu-du-lich-va-lu-hanh,D01,Điểm học bạ,2025,15.0,Quản trị dịch vụ du lịch và lữ hành
62308,DTP,quan-tri-dich-vu-du-lich-va-lu-hanh,C03,Điểm thi THPT,2025,15.0,Quản trị dịch vụ du lịch và lữ hành
62309,DTP,quan-tri-dich-vu-du-lich-va-lu-hanh,C04,Điểm thi THPT,2025,15.0,Quản trị dịch vụ du lịch và lữ hành
62310,DTP,quan-tri-dich-vu-du-lich-va-lu-hanh,C14,Điểm thi THPT,2025,15.0,Quản trị dịch vụ du lịch và lữ hành
62311,DTP,quan-tri-dich-vu-du-lich-va-lu-hanh,D01,Điểm thi THPT,2025,15.0,Quản trị dịch vụ du lịch và lữ hành
62312,DTP,tieng-trung-quoc,C00,Điểm thi THPT,2021,14.5,Tiếng Trung Quốc
62313,DTP,tieng-trung-quoc,D01,Điểm thi THPT,2021,14.5,Tiếng Trung Quốc
62314,DTP,tieng-trung-quoc,D04,Điểm thi THPT,2021,14.5,Tiếng Trung Quốc
62315,DTP,tieng-trung-quoc,D15,Điểm thi THPT,2021,14.5,Tiếng Trung Quốc
62316,DTP,tieng-trung-quoc,C00,Điểm học bạ,2022,14.5,Tiếng Trung Quốc
62317,DTP,tieng-trung-quoc,D01,Điểm học bạ,2022,14.5,Tiếng Trung Quốc
62318,DTP,tieng-trung-quoc,D04,Điểm học bạ,2022,14.5,Tiếng Trung Quốc
62319,DTP,tieng-trung-quoc,D15,Điểm học bạ,2022,14.5,Tiếng Trung Quốc
62320,DTP,trong-trot,A00,Điểm thi THPT,2021,14.0,Khoa học cây trồng (Chuyên ngành Trồng trọt)
62321,DTP,trong-trot,B00,Điểm thi THPT,2021,14.0,Khoa học cây trồng (Chuyên ngành Trồng trọt)
62322,DTP,trong-trot,C02,Điểm thi THPT,2021,14.0,Khoa học cây trồng (Chuyên ngành Trồng trọt)
62323,DTP,trong-trot,D01,Điểm thi THPT,2021,14.0,Khoa học cây trồng (Chuyên ngành Trồng trọt)
62324,DTP,trong-trot,A00,Điểm học bạ,2022,14.5,Khoa học cây trồng (chuyên ngành Trồng trọt)
62325,DTP,trong-trot,B00,Điểm học bạ,2022,14.5,Khoa học cây trồng (chuyên ngành Trồng trọt)
62326,DTP,trong-trot,C02,Điểm học bạ,2022,14.5,Khoa học cây trồng (chuyên ngành Trồng trọt)
62327,DTP,trong-trot,D01,Điểm học bạ,2022,14.5,Khoa học cây trồng (chuyên ngành Trồng trọt)
62328,DTP,trong-trot,A00,Điểm thi THPT,2022,14.5,Khoa học cây trồng (chuyên ngành Trồng trọt)
62329,DTP,trong-trot,B00,Điểm thi THPT,2022,14.5,Khoa học cây trồng (chuyên ngành Trồng trọt)
62330,DTP,trong-trot,C02,Điểm thi THPT,2022,14.5,Khoa học cây trồng (chuyên ngành Trồng trọt)
62331,DTP,trong-trot,D01,Điểm thi THPT,2022,14.5,Khoa học cây trồng (chuyên ngành Trồng trọt)
62332,DTQ,cong-nghe-tai-chinh,A00,Điểm học bạ,2024,17.0,Công nghệ tài chính (Chương trình dạy và học bằng tiếng Anh)
62333,DTQ,cong-nghe-tai-chinh,A01,Điểm học bạ,2024,17.0,Công nghệ tài chính (Chương trình dạy và học bằng tiếng Anh)
62334,DTQ,cong-nghe-tai-chinh,D01,Điểm học bạ,2024,17.0,Công nghệ tài chính (Chương trình dạy và học bằng tiếng Anh)
62335,DTQ,cong-nghe-tai-chinh,D10,Điểm học bạ,2024,17.0,Công nghệ tài chính (Chương trình dạy và học bằng tiếng Anh)
62336,DTQ,cong-nghe-tai-chinh,A00,Điểm thi THPT,2024,17.0,Công nghệ tài chính (Chương trình dạy và học bằng tiếng Anh)
62337,DTQ,cong-nghe-tai-chinh,A01,Điểm thi THPT,2024,17.0,Công nghệ tài chính (Chương trình dạy và học bằng tiếng Anh)
62338,DTQ,cong-nghe-tai-chinh,D01,Điểm thi THPT,2024,17.0,Công nghệ tài chính (Chương trình dạy và học bằng tiếng Anh)
62339,DTQ,cong-nghe-tai-chinh,D10,Điểm thi THPT,2024,17.0,Công nghệ tài chính (Chương trình dạy và học bằng tiếng Anh)
62340,DTQ,cong-nghe-tai-chinh,A00,Điểm học bạ,2025,16.0,Công nghệ tài chính
62341,DTQ,cong-nghe-tai-chinh,A01,Điểm học bạ,2025,16.0,Công nghệ tài chính
62342,DTQ,cong-nghe-tai-chinh,C01,Điểm học bạ,2025,16.0,Công nghệ tài chính
62343,DTQ,cong-nghe-tai-chinh,C14,Điểm học bạ,2025,16.0,Công nghệ tài chính
62344,DTQ,cong-nghe-tai-chinh,D01,Điểm học bạ,2025,16.0,Công nghệ tài chính
62345,DTQ,cong-nghe-tai-chinh,D04,Điểm học bạ,2025,16.0,Công nghệ tài chính
62346,DTQ,cong-nghe-tai-chinh,D07,Điểm học bạ,2025,16.0,Công nghệ tài chính
62347,DTQ,cong-nghe-tai-chinh,D10,Điểm học bạ,2025,16.0,Công nghệ tài chính
62348,DTQ,cong-nghe-tai-chinh,A00,Điểm thi THPT,2025,16.0,Công nghệ tài chính
62349,DTQ,cong-nghe-tai-chinh,A01,Điểm thi THPT,2025,16.0,Công nghệ tài chính
62350,DTQ,cong-nghe-tai-chinh,C01,Điểm thi THPT,2025,16.0,Công nghệ tài chính
62351,DTQ,cong-nghe-tai-chinh,C14,Điểm thi THPT,2025,16.0,Công nghệ tài chính
62352,DTQ,cong-nghe-tai-chinh,D01,Điểm thi THPT,2025,16.0,Công nghệ tài chính
62353,DTQ,cong-nghe-tai-chinh,D04,Điểm thi THPT,2025,16.0,Công nghệ tài chính
62354,DTQ,cong-nghe-tai-chinh,D07,Điểm thi THPT,2025,16.0,Công nghệ tài chính
62355,DTQ,cong-nghe-tai-chinh,D10,Điểm thi THPT,2025,16.0,Công nghệ tài chính
62356,DTQ,ke-toan,A00,Điểm thi THPT,2021,15.0,Kế toán
62357,DTQ,ke-toan,A01,Điểm thi THPT,2021,15.0,Kế toán
62358,DTQ,ke-toan,D01,Điểm thi THPT,2021,15.0,Kế toán
62359,DTQ,ke-toan,D10,Điểm thi THPT,2021,15.0,Kế toán
62360,DTQ,ke-toan,A00,Điểm học bạ,2022,18.0,Kế toán
62361,DTQ,ke-toan,A01,Điểm học bạ,2022,18.0,Kế toán
62362,DTQ,ke-toan,D01,Điểm học bạ,2022,18.0,Kế toán
62363,DTQ,ke-toan,D10,Điểm học bạ,2022,18.0,Kế toán
62364,DTQ,ke-toan,A00,Điểm thi THPT,2022,15.0,Kế toán
62365,DTQ,ke-toan,A01,Điểm thi THPT,2022,15.0,Kế toán
62366,DTQ,ke-toan,D01,Điểm thi THPT,2022,15.0,Kế toán
62367,DTQ,ke-toan,D10,Điểm thi THPT,2022,15.0,Kế toán
62368,DTQ,ke-toan,A00,Điểm học bạ,2023,15.0,Kế toán (Chương trình tiên tiến)
62369,DTQ,ke-toan,A01,Điểm học bạ,2023,15.0,Kế toán (Chương trình tiên tiến)
62370,DTQ,ke-toan,D01,Điểm học bạ,2023,15.0,Kế toán (Chương trình tiên tiến)
62371,DTQ,ke-toan,D10,Điểm học bạ,2023,15.0,Kế toán (Chương trình tiên tiến)
62372,DTQ,ke-toan,A00,Điểm thi THPT,2023,15.0,Kế toán (Chương trình tiên tiến)
62373,DTQ,ke-toan,A01,Điểm thi THPT,2023,15.0,Kế toán (Chương trình tiên tiến)
62374,DTQ,ke-toan,D01,Điểm thi THPT,2023,15.0,Kế toán (Chương trình tiên tiến)
62375,DTQ,ke-toan,D10,Điểm thi THPT,2023,15.0,Kế toán (Chương trình tiên tiến)
62376,DTQ,ke-toan,A00,Điểm học bạ,2024,17.0,Kế toán (Chương trình tiên tiến)
62377,DTQ,ke-toan,A01,Điểm học bạ,2024,17.0,Kế toán (Chương trình tiên tiến)
62378,DTQ,ke-toan,D01,Điểm học bạ,2024,17.0,Kế toán (Chương trình tiên tiến)
62379,DTQ,ke-toan,D10,Điểm học bạ,2024,17.0,Kế toán (Chương trình tiên tiến)
62380,DTQ,ke-toan,A00,Điểm thi THPT,2024,17.0,Kế toán (Chương trình tiên tiến)
62381,DTQ,ke-toan,A01,Điểm thi THPT,2024,17.0,Kế toán (Chương trình tiên tiến)
62382,DTQ,ke-toan,D01,Điểm thi THPT,2024,17.0,Kế toán (Chương trình tiên tiến)
62383,DTQ,ke-toan,D10,Điểm thi THPT,2024,17.0,Kế toán (Chương trình tiên tiến)
62384,DTQ,ke-toan,A00,Điểm học bạ,2025,16.0,Kế toán
62385,DTQ,ke-toan,A01,Điểm học bạ,2025,16.0,Kế toán
62386,DTQ,ke-toan,C01,Điểm học bạ,2025,16.0,Kế toán
62387,DTQ,ke-toan,C14,Điểm học bạ,2025,16.0,Kế toán
62388,DTQ,ke-toan,D01,Điểm học bạ,2025,16.0,Kế toán
62389,DTQ,ke-toan,D04,Điểm học bạ,2025,16.0,Kế toán
62390,DTQ,ke-toan,D07,Điểm học bạ,2025,16.0,Kế toán
62391,DTQ,ke-toan,D10,Điểm học bạ,2025,16.0,Kế toán
62392,DTQ,ke-toan,A00,Điểm thi THPT,2025,16.0,Kế toán
62393,DTQ,ke-toan,A01,Điểm thi THPT,2025,16.0,Kế toán
62394,DTQ,ke-toan,C01,Điểm thi THPT,2025,16.0,Kế toán
62395,DTQ,ke-toan,C14,Điểm thi THPT,2025,16.0,Kế toán
62396,DTQ,ke-toan,D01,Điểm thi THPT,2025,16.0,Kế toán
62397,DTQ,ke-toan,D04,Điểm thi THPT,2025,16.0,Kế toán
62398,DTQ,ke-toan,D07,Điểm thi THPT,2025,16.0,Kế toán
62399,DTQ,ke-toan,D10,Điểm thi THPT,2025,16.0,Kế toán
62400,DTQ,kinh-doanh-quoc-te,A00,Điểm thi THPT,2021,15.0,Kinh doanh quốc tế
62401,DTQ,kinh-doanh-quoc-te,A01,Điểm thi THPT,2021,15.0,Kinh doanh quốc tế
62402,DTQ,kinh-doanh-quoc-te,D01,Điểm thi THPT,2021,15.0,Kinh doanh quốc tế
62403,DTQ,kinh-doanh-quoc-te,D10,Điểm thi THPT,2021,15.0,Kinh doanh quốc tế
62404,DTQ,kinh-doanh-quoc-te,A00,Điểm học bạ,2022,18.0,Kinh doanh Quốc tế
62405,DTQ,kinh-doanh-quoc-te,A01,Điểm học bạ,2022,18.0,Kinh doanh Quốc tế
62406,DTQ,kinh-doanh-quoc-te,D01,Điểm học bạ,2022,18.0,Kinh doanh Quốc tế
62407,DTQ,kinh-doanh-quoc-te,D10,Điểm học bạ,2022,18.0,Kinh doanh Quốc tế
62408,DTQ,kinh-doanh-quoc-te,A00,Điểm thi THPT,2022,15.0,Kinh doanh Quốc tế
62409,DTQ,kinh-doanh-quoc-te,A01,Điểm thi THPT,2022,15.0,Kinh doanh Quốc tế
62410,DTQ,kinh-doanh-quoc-te,D01,Điểm thi THPT,2022,15.0,Kinh doanh Quốc tế
62411,DTQ,kinh-doanh-quoc-te,D10,Điểm thi THPT,2022,15.0,Kinh doanh Quốc tế
62412,DTQ,kinh-doanh-quoc-te,A00,Điểm học bạ,2023,15.0,Kinh doanh quốc tế (Chương trình tiên tiến)
62413,DTQ,kinh-doanh-quoc-te,A01,Điểm học bạ,2023,15.0,Kinh doanh quốc tế (Chương trình tiên tiến)
62414,DTQ,kinh-doanh-quoc-te,D01,Điểm học bạ,2023,15.0,Kinh doanh quốc tế (Chương trình tiên tiến)
62415,DTQ,kinh-doanh-quoc-te,D10,Điểm học bạ,2023,15.0,Kinh doanh quốc tế (Chương trình tiên tiến)
62416,DTQ,kinh-doanh-quoc-te,A00,Điểm thi THPT,2023,15.0,Kinh doanh quốc tế (Chương trình tiên tiến)
62417,DTQ,kinh-doanh-quoc-te,A01,Điểm thi THPT,2023,15.0,Kinh doanh quốc tế (Chương trình tiên tiến)
62418,DTQ,kinh-doanh-quoc-te,D01,Điểm thi THPT,2023,15.0,Kinh doanh quốc tế (Chương trình tiên tiến)
62419,DTQ,kinh-doanh-quoc-te,D10,Điểm thi THPT,2023,15.0,Kinh doanh quốc tế (Chương trình tiên tiến)
62420,DTQ,kinh-doanh-quoc-te,A00,Điểm học bạ,2024,17.0,Kinh doanh quốc tế (Chương trình tiên tiến)
62421,DTQ,kinh-doanh-quoc-te,A01,Điểm học bạ,2024,17.0,Kinh doanh quốc tế (Chương trình tiên tiến)
62422,DTQ,kinh-doanh-quoc-te,D01,Điểm học bạ,2024,17.0,Kinh doanh quốc tế (Chương trình tiên tiến)
62423,DTQ,kinh-doanh-quoc-te,D10,Điểm học bạ,2024,17.0,Kinh doanh quốc tế (Chương trình tiên tiến)
62424,DTQ,kinh-doanh-quoc-te,A00,Điểm thi THPT,2024,17.0,Kinh doanh quốc tế (Chương trình tiên tiến)
62425,DTQ,kinh-doanh-quoc-te,A01,Điểm thi THPT,2024,17.0,Kinh doanh quốc tế (Chương trình tiên tiến)
62426,DTQ,kinh-doanh-quoc-te,D01,Điểm thi THPT,2024,17.0,Kinh doanh quốc tế (Chương trình tiên tiến)
62427,DTQ,kinh-doanh-quoc-te,D10,Điểm thi THPT,2024,17.0,Kinh doanh quốc tế (Chương trình tiên tiến)
62428,DTQ,kinh-doanh-quoc-te,A00,Điểm học bạ,2025,17.0,Kinh doanh quốc tế
62429,DTQ,kinh-doanh-quoc-te,A01,Điểm học bạ,2025,17.0,Kinh doanh quốc tế
62430,DTQ,kinh-doanh-quoc-te,C01,Điểm học bạ,2025,17.0,Kinh doanh quốc tế
62431,DTQ,kinh-doanh-quoc-te,C14,Điểm học bạ,2025,17.0,Kinh doanh quốc tế
62432,DTQ,kinh-doanh-quoc-te,D01,Điểm học bạ,2025,17.0,Kinh doanh quốc tế
62433,DTQ,kinh-doanh-quoc-te,D04,Điểm học bạ,2025,17.0,Kinh doanh quốc tế
62434,DTQ,kinh-doanh-quoc-te,D05,Điểm học bạ,2025,17.0,Kinh doanh quốc tế
62435,DTQ,kinh-doanh-quoc-te,D07,Điểm học bạ,2025,17.0,Kinh doanh quốc tế
62436,DTQ,kinh-doanh-quoc-te,D10,Điểm học bạ,2025,17.0,Kinh doanh quốc tế
62437,DTQ,kinh-doanh-quoc-te,A00,Điểm thi THPT,2025,17.0,Kinh doanh quốc tế
62438,DTQ,kinh-doanh-quoc-te,A01,Điểm thi THPT,2025,17.0,Kinh doanh quốc tế
62439,DTQ,kinh-doanh-quoc-te,C01,Điểm thi THPT,2025,17.0,Kinh doanh quốc tế
62440,DTQ,kinh-doanh-quoc-te,C14,Điểm thi THPT,2025,17.0,Kinh doanh quốc tế
62441,DTQ,kinh-doanh-quoc-te,D01,Điểm thi THPT,2025,17.0,Kinh doanh quốc tế
62442,DTQ,kinh-doanh-quoc-te,D04,Điểm thi THPT,2025,17.0,Kinh doanh quốc tế
62443,DTQ,kinh-doanh-quoc-te,D05,Điểm thi THPT,2025,17.0,Kinh doanh quốc tế
62444,DTQ,kinh-doanh-quoc-te,D07,Điểm thi THPT,2025,17.0,Kinh doanh quốc tế
62445,DTQ,kinh-doanh-quoc-te,D10,Điểm thi THPT,2025,17.0,Kinh doanh quốc tế
62446,DTQ,ngon-ngu-anh,A01,Điểm học bạ,2025,16.0,Ngôn ngữ Anh
62447,DTQ,ngon-ngu-anh,C00,Điểm học bạ,2025,16.0,Ngôn ngữ Anh
62448,DTQ,ngon-ngu-anh,C01,Điểm học bạ,2025,16.0,Ngôn ngữ Anh
62449,DTQ,ngon-ngu-anh,C02,Điểm học bạ,2025,16.0,Ngôn ngữ Anh
62450,DTQ,ngon-ngu-anh,C14,Điểm học bạ,2025,16.0,Ngôn ngữ Anh
62451,DTQ,ngon-ngu-anh,D01,Điểm học bạ,2025,16.0,Ngôn ngữ Anh
62452,DTQ,ngon-ngu-anh,D10,Điểm học bạ,2025,16.0,Ngôn ngữ Anh
62453,DTQ,ngon-ngu-anh,D15,Điểm học bạ,2025,16.0,Ngôn ngữ Anh
62454,DTQ,ngon-ngu-anh,A01,Điểm thi THPT,2025,16.0,Ngôn ngữ Anh
62455,DTQ,ngon-ngu-anh,C00,Điểm thi THPT,2025,16.0,Ngôn ngữ Anh
62456,DTQ,ngon-ngu-anh,C01,Điểm thi THPT,2025,16.0,Ngôn ngữ Anh
62457,DTQ,ngon-ngu-anh,C02,Điểm thi THPT,2025,16.0,Ngôn ngữ Anh
62458,DTQ,ngon-ngu-anh,C14,Điểm thi THPT,2025,16.0,Ngôn ngữ Anh
62459,DTQ,ngon-ngu-anh,D01,Điểm thi THPT,2025,16.0,Ngôn ngữ Anh
62460,DTQ,ngon-ngu-anh,D10,Điểm thi THPT,2025,16.0,Ngôn ngữ Anh
62461,DTQ,ngon-ngu-anh,D15,Điểm thi THPT,2025,16.0,Ngôn ngữ Anh
62462,DTQ,quan-ly-tai-nguyen-va-moi-truong,B00,Điểm thi THPT,2021,15.0,Quản lý Tài nguyên và Môi trường
62463,DTQ,quan-ly-tai-nguyen-va-moi-truong,B08,Điểm thi THPT,2021,15.0,Quản lý Tài nguyên và Môi trường
62464,DTQ,quan-ly-tai-nguyen-va-moi-truong,D01,Điểm thi THPT,2021,15.0,Quản lý Tài nguyên và Môi trường
62465,DTQ,quan-ly-tai-nguyen-va-moi-truong,D10,Điểm thi THPT,2021,15.0,Quản lý Tài nguyên và Môi trường
62466,DTQ,quan-ly-tai-nguyen-va-moi-truong,B00,Điểm học bạ,2022,18.0,Quản lý Tài nguyên và Môi trường
62467,DTQ,quan-ly-tai-nguyen-va-moi-truong,D01,Điểm học bạ,2022,18.0,Quản lý Tài nguyên và Môi trường
62468,DTQ,quan-ly-tai-nguyen-va-moi-truong,D08,Điểm học bạ,2022,18.0,Quản lý Tài nguyên và Môi trường
62469,DTQ,quan-ly-tai-nguyen-va-moi-truong,D10,Điểm học bạ,2022,18.0,Quản lý Tài nguyên và Môi trường
62470,DTQ,quan-ly-tai-nguyen-va-moi-truong,B00,Điểm thi THPT,2022,15.0,Quản lý Tài nguyên và Môi trường
62471,DTQ,quan-ly-tai-nguyen-va-moi-truong,D01,Điểm thi THPT,2022,15.0,Quản lý Tài nguyên và Môi trường
62472,DTQ,quan-ly-tai-nguyen-va-moi-truong,D08,Điểm thi THPT,2022,15.0,Quản lý Tài nguyên và Môi trường
62473,DTQ,quan-ly-tai-nguyen-va-moi-truong,D10,Điểm thi THPT,2022,15.0,Quản lý Tài nguyên và Môi trường
62474,DTQ,quan-ly-tai-nguyen-va-moi-truong,B00,Điểm học bạ,2023,15.0,Quản lý tài nguyên và môi trường (Chương trình tiên tiến)
62475,DTQ,quan-ly-tai-nguyen-va-moi-truong,B08,Điểm học bạ,2023,15.0,Quản lý tài nguyên và môi trường (Chương trình tiên tiến)
62476,DTQ,quan-ly-tai-nguyen-va-moi-truong,D01,Điểm học bạ,2023,15.0,Quản lý tài nguyên và môi trường (Chương trình tiên tiến)
62477,DTQ,quan-ly-tai-nguyen-va-moi-truong,D10,Điểm học bạ,2023,15.0,Quản lý tài nguyên và môi trường (Chương trình tiên tiến)
62478,DTQ,quan-ly-tai-nguyen-va-moi-truong,B00,Điểm thi THPT,2023,15.0,Quản lý tài nguyên và môi trường (Chương trình tiên tiến)
62479,DTQ,quan-ly-tai-nguyen-va-moi-truong,B08,Điểm thi THPT,2023,15.0,Quản lý tài nguyên và môi trường (Chương trình tiên tiến)
62480,DTQ,quan-ly-tai-nguyen-va-moi-truong,D01,Điểm thi THPT,2023,15.0,Quản lý tài nguyên và môi trường (Chương trình tiên tiến)
62481,DTQ,quan-ly-tai-nguyen-va-moi-truong,D10,Điểm thi THPT,2023,15.0,Quản lý tài nguyên và môi trường (Chương trình tiên tiến)
62482,DTQ,quan-ly-tai-nguyen-va-moi-truong,B00,Điểm học bạ,2024,17.0,Quản lý tài nguyên và môi trường (Chương trình tiên tiến)
62483,DTQ,quan-ly-tai-nguyen-va-moi-truong,B08,Điểm học bạ,2024,17.0,Quản lý tài nguyên và môi trường (Chương trình tiên tiến)
62484,DTQ,quan-ly-tai-nguyen-va-moi-truong,D01,Điểm học bạ,2024,17.0,Quản lý tài nguyên và môi trường (Chương trình tiên tiến)
62485,DTQ,quan-ly-tai-nguyen-va-moi-truong,D10,Điểm học bạ,2024,17.0,Quản lý tài nguyên và môi trường (Chương trình tiên tiến)
62486,DTQ,quan-ly-tai-nguyen-va-moi-truong,B00,Điểm thi THPT,2024,17.0,Quản lý tài nguyên và môi trường (Chương trình tiên tiến)
62487,DTQ,quan-ly-tai-nguyen-va-moi-truong,B08,Điểm thi THPT,2024,17.0,Quản lý tài nguyên và môi trường (Chương trình tiên tiến)
62488,DTQ,quan-ly-tai-nguyen-va-moi-truong,D01,Điểm thi THPT,2024,17.0,Quản lý tài nguyên và môi trường (Chương trình tiên tiến)
62489,DTQ,quan-ly-tai-nguyen-va-moi-truong,D10,Điểm thi THPT,2024,17.0,Quản lý tài nguyên và môi trường (Chương trình tiên tiến)
62490,DTQ,quan-ly-tai-nguyen-va-moi-truong,B00,Điểm học bạ,2025,16.0,Quản lý Tài nguyên và môi trường
62491,DTQ,quan-ly-tai-nguyen-va-moi-truong,B02,Điểm học bạ,2025,16.0,Quản lý Tài nguyên và môi trường
62492,DTQ,quan-ly-tai-nguyen-va-moi-truong,B08,Điểm học bạ,2025,16.0,Quản lý Tài nguyên và môi trường
62493,DTQ,quan-ly-tai-nguyen-va-moi-truong,C02,Điểm học bạ,2025,16.0,Quản lý Tài nguyên và môi trường
62494,DTQ,quan-ly-tai-nguyen-va-moi-truong,D01,Điểm học bạ,2025,16.0,Quản lý Tài nguyên và môi trường
62495,DTQ,quan-ly-tai-nguyen-va-moi-truong,D04,Điểm học bạ,2025,16.0,Quản lý Tài nguyên và môi trường
62496,DTQ,quan-ly-tai-nguyen-va-moi-truong,D07,Điểm học bạ,2025,16.0,Quản lý Tài nguyên và môi trường
62497,DTQ,quan-ly-tai-nguyen-va-moi-truong,D10,Điểm học bạ,2025,16.0,Quản lý Tài nguyên và môi trường
62498,DTQ,quan-ly-tai-nguyen-va-moi-truong,B00,Điểm thi THPT,2025,16.0,Quản lý Tài nguyên và môi trường
62499,DTQ,quan-ly-tai-nguyen-va-moi-truong,B02,Điểm thi THPT,2025,16.0,Quản lý Tài nguyên và môi trường
62500,DTQ,quan-ly-tai-nguyen-va-moi-truong,B08,Điểm thi THPT,2025,16.0,Quản lý Tài nguyên và môi trường
62501,DTQ,quan-ly-tai-nguyen-va-moi-truong,C02,Điểm thi THPT,2025,16.0,Quản lý Tài nguyên và môi trường
62502,DTQ,quan-ly-tai-nguyen-va-moi-truong,D01,Điểm thi THPT,2025,16.0,Quản lý Tài nguyên và môi trường
62503,DTQ,quan-ly-tai-nguyen-va-moi-truong,D04,Điểm thi THPT,2025,16.0,Quản lý Tài nguyên và môi trường
62504,DTQ,quan-ly-tai-nguyen-va-moi-truong,D07,Điểm thi THPT,2025,16.0,Quản lý Tài nguyên và môi trường
62505,DTQ,quan-ly-tai-nguyen-va-moi-truong,D10,Điểm thi THPT,2025,16.0,Quản lý Tài nguyên và môi trường
62506,DTQ,quan-tri-kinh-doanh,A00,Điểm thi THPT,2021,15.0,Quản trị kinh doanh
62507,DTQ,quan-tri-kinh-doanh,A01,Điểm thi THPT,2021,15.0,Quản trị kinh doanh
62508,DTQ,quan-tri-kinh-doanh,D01,Điểm thi THPT,2021,15.0,Quản trị kinh doanh
62509,DTQ,quan-tri-kinh-doanh,D10,Điểm thi THPT,2021,15.0,Quản trị kinh doanh
62510,DTQ,quan-tri-kinh-doanh,A00,Điểm học bạ,2022,18.0,Quản trị kinh doanh
62511,DTQ,quan-tri-kinh-doanh,A01,Điểm học bạ,2022,18.0,Quản trị kinh doanh
62512,DTQ,quan-tri-kinh-doanh,D01,Điểm học bạ,2022,18.0,Quản trị kinh doanh
62513,DTQ,quan-tri-kinh-doanh,D10,Điểm học bạ,2022,18.0,Quản trị kinh doanh
62514,DTQ,quan-tri-kinh-doanh,A00,Điểm thi THPT,2022,15.0,Quản trị kinh doanh
62515,DTQ,quan-tri-kinh-doanh,A01,Điểm thi THPT,2022,15.0,Quản trị kinh doanh
62516,DTQ,quan-tri-kinh-doanh,D01,Điểm thi THPT,2022,15.0,Quản trị kinh doanh
62517,DTQ,quan-tri-kinh-doanh,D10,Điểm thi THPT,2022,15.0,Quản trị kinh doanh
62518,DTQ,quan-tri-kinh-doanh,A00,Điểm học bạ,2023,15.0,Quản trị kinh doanh (Chương trình tiên tiến)
62519,DTQ,quan-tri-kinh-doanh,A01,Điểm học bạ,2023,15.0,Quản trị kinh doanh (Chương trình tiên tiến)
62520,DTQ,quan-tri-kinh-doanh,D01,Điểm học bạ,2023,15.0,Quản trị kinh doanh (Chương trình tiên tiến)
62521,DTQ,quan-tri-kinh-doanh,D10,Điểm học bạ,2023,15.0,Quản trị kinh doanh (Chương trình tiên tiến)
62522,DTQ,quan-tri-kinh-doanh,A00,Điểm thi THPT,2023,15.0,Quản trị kinh doanh (Chương trình tiên tiến)
62523,DTQ,quan-tri-kinh-doanh,A01,Điểm thi THPT,2023,15.0,Quản trị kinh doanh (Chương trình tiên tiến)
62524,DTQ,quan-tri-kinh-doanh,D01,Điểm thi THPT,2023,15.0,Quản trị kinh doanh (Chương trình tiên tiến)
62525,DTQ,quan-tri-kinh-doanh,D10,Điểm thi THPT,2023,15.0,Quản trị kinh doanh (Chương trình tiên tiến)
62526,DTQ,quan-tri-kinh-doanh,A00,Điểm học bạ,2024,17.0,Quản trị kinh doanh (Chương trình tiên tiến)
62527,DTQ,quan-tri-kinh-doanh,A01,Điểm học bạ,2024,17.0,Quản trị kinh doanh (Chương trình tiên tiến)
62528,DTQ,quan-tri-kinh-doanh,D01,Điểm học bạ,2024,17.0,Quản trị kinh doanh (Chương trình tiên tiến)
62529,DTQ,quan-tri-kinh-doanh,D10,Điểm học bạ,2024,17.0,Quản trị kinh doanh (Chương trình tiên tiến)
62530,DTQ,quan-tri-kinh-doanh,A00,Điểm thi THPT,2024,17.0,Quản trị kinh doanh (Chương trình tiên tiến)
62531,DTQ,quan-tri-kinh-doanh,A01,Điểm thi THPT,2024,17.0,Quản trị kinh doanh (Chương trình tiên tiến)
62532,DTQ,quan-tri-kinh-doanh,D01,Điểm thi THPT,2024,17.0,Quản trị kinh doanh (Chương trình tiên tiến)
62533,DTQ,quan-tri-kinh-doanh,D10,Điểm thi THPT,2024,17.0,Quản trị kinh doanh (Chương trình tiên tiến)
62534,DTQ,quan-tri-kinh-doanh-va-tai-chinh,A00,Điểm học bạ,2025,16.0,Quản trị kinh doanh và tài chính
62535,DTQ,quan-tri-kinh-doanh-va-tai-chinh,A01,Điểm học bạ,2025,16.0,Quản trị kinh doanh và tài chính
62536,DTQ,quan-tri-kinh-doanh-va-tai-chinh,C01,Điểm học bạ,2025,16.0,Quản trị kinh doanh và tài chính
62537,DTQ,quan-tri-kinh-doanh-va-tai-chinh,C14,Điểm học bạ,2025,16.0,Quản trị kinh doanh và tài chính
62538,DTQ,quan-tri-kinh-doanh-va-tai-chinh,D01,Điểm học bạ,2025,16.0,Quản trị kinh doanh và tài chính
62539,DTQ,quan-tri-kinh-doanh-va-tai-chinh,D04,Điểm học bạ,2025,16.0,Quản trị kinh doanh và tài chính
62540,DTQ,quan-tri-kinh-doanh-va-tai-chinh,D07,Điểm học bạ,2025,16.0,Quản trị kinh doanh và tài chính
62541,DTQ,quan-tri-kinh-doanh-va-tai-chinh,D10,Điểm học bạ,2025,16.0,Quản trị kinh doanh và tài chính
62542,DTQ,quan-tri-kinh-doanh-va-tai-chinh,A00,Điểm thi THPT,2025,16.0,Quản trị kinh doanh và tài chính
62543,DTQ,quan-tri-kinh-doanh-va-tai-chinh,A01,Điểm thi THPT,2025,16.0,Quản trị kinh doanh và tài chính
62544,DTQ,quan-tri-kinh-doanh-va-tai-chinh,C01,Điểm thi THPT,2025,16.0,Quản trị kinh doanh và tài chính
62545,DTQ,quan-tri-kinh-doanh-va-tai-chinh,C14,Điểm thi THPT,2025,16.0,Quản trị kinh doanh và tài chính
62546,DTQ,quan-tri-kinh-doanh-va-tai-chinh,D01,Điểm thi THPT,2025,16.0,Quản trị kinh doanh và tài chính
62547,DTQ,quan-tri-kinh-doanh-va-tai-chinh,D04,Điểm thi THPT,2025,16.0,Quản trị kinh doanh và tài chính
62548,DTQ,quan-tri-kinh-doanh-va-tai-chinh,D07,Điểm thi THPT,2025,16.0,Quản trị kinh doanh và tài chính
62549,DTQ,quan-tri-kinh-doanh-va-tai-chinh,D10,Điểm thi THPT,2025,16.0,Quản trị kinh doanh và tài chính
62550,DTQ,quoc-te-hoc,A01,Điểm học bạ,2024,17.0,Quốc tế học (Chương trình dạy và học bằng tiếng Anh)
62551,DTQ,quoc-te-hoc,C00,Điểm học bạ,2024,17.0,Quốc tế học (Chương trình dạy và học bằng tiếng Anh)
62552,DTQ,quoc-te-hoc,D01,Điểm học bạ,2024,17.0,Quốc tế học (Chương trình dạy và học bằng tiếng Anh)
62553,DTQ,quoc-te-hoc,D15,Điểm học bạ,2024,17.0,Quốc tế học (Chương trình dạy và học bằng tiếng Anh)
62554,DTQ,quoc-te-hoc,A01,Điểm thi THPT,2024,17.0,Quốc tế học (Chương trình dạy và học bằng tiếng Anh)
62555,DTQ,quoc-te-hoc,C00,Điểm thi THPT,2024,17.0,Quốc tế học (Chương trình dạy và học bằng tiếng Anh)
62556,DTQ,quoc-te-hoc,D01,Điểm thi THPT,2024,17.0,Quốc tế học (Chương trình dạy và học bằng tiếng Anh)
62557,DTQ,quoc-te-hoc,D15,Điểm thi THPT,2024,17.0,Quốc tế học (Chương trình dạy và học bằng tiếng Anh)
62558,DTQ,quoc-te-hoc,A01,Điểm học bạ,2025,16.0,Quốc tế học
62559,DTQ,quoc-te-hoc,C00,Điểm học bạ,2025,16.0,Quốc tế học
62560,DTQ,quoc-te-hoc,C01,Điểm học bạ,2025,16.0,Quốc tế học
62561,DTQ,quoc-te-hoc,C02,Điểm học bạ,2025,16.0,Quốc tế học
62562,DTQ,quoc-te-hoc,C14,Điểm học bạ,2025,16.0,Quốc tế học
62563,DTQ,quoc-te-hoc,D01,Điểm học bạ,2025,16.0,Quốc tế học
62564,DTQ,quoc-te-hoc,D10,Điểm học bạ,2025,16.0,Quốc tế học
62565,DTQ,quoc-te-hoc,D15,Điểm học bạ,2025,16.0,Quốc tế học
62566,DTQ,quoc-te-hoc,A01,Điểm thi THPT,2025,16.0,Quốc tế học
62567,DTQ,quoc-te-hoc,C00,Điểm thi THPT,2025,16.0,Quốc tế học
62568,DTQ,quoc-te-hoc,C01,Điểm thi THPT,2025,16.0,Quốc tế học
62569,DTQ,quoc-te-hoc,C02,Điểm thi THPT,2025,16.0,Quốc tế học
62570,DTQ,quoc-te-hoc,C14,Điểm thi THPT,2025,16.0,Quốc tế học
62571,DTQ,quoc-te-hoc,D01,Điểm thi THPT,2025,16.0,Quốc tế học
62572,DTQ,quoc-te-hoc,D10,Điểm thi THPT,2025,16.0,Quốc tế học
62573,DTQ,quoc-te-hoc,D15,Điểm thi THPT,2025,16.0,Quốc tế học
62574,DTS,giao-duc-chinh-tri,C00,Điểm thi THPT,2021,25.0,Giáo dục Chính trị
62575,DTS,giao-duc-chinh-tri,C19,Điểm thi THPT,2021,25.0,Giáo dục Chính trị
62576,DTS,giao-duc-chinh-tri,C20,Điểm thi THPT,2021,25.0,Giáo dục Chính trị
62577,DTS,giao-duc-chinh-tri,C00,Điểm học bạ,2022,25.5,Giáo dục Chính trị
62578,DTS,giao-duc-chinh-tri,C14,Điểm học bạ,2022,25.5,Giáo dục Chính trị
62579,DTS,giao-duc-chinh-tri,C19,Điểm học bạ,2022,25.5,Giáo dục Chính trị
62580,DTS,giao-duc-chinh-tri,C20,Điểm học bạ,2022,25.5,Giáo dục Chính trị
62581,DTS,giao-duc-chinh-tri,C00,Điểm thi THPT,2022,25.75,Giáo dục Chính trị
62582,DTS,giao-duc-chinh-tri,C14,Điểm thi THPT,2022,25.75,Giáo dục Chính trị
62583,DTS,giao-duc-chinh-tri,C19,Điểm thi THPT,2022,25.75,Giáo dục Chính trị
62584,DTS,giao-duc-chinh-tri,C20,Điểm thi THPT,2022,25.75,Giáo dục Chính trị
62585,DTS,giao-duc-chinh-tri,C00,Điểm học bạ,2023,27.2,Giáo dục Chính trị
62586,DTS,giao-duc-chinh-tri,C14,Điểm học bạ,2023,27.2,Giáo dục Chính trị
62587,DTS,giao-duc-chinh-tri,C19,Điểm học bạ,2023,27.2,Giáo dục Chính trị
62588,DTS,giao-duc-chinh-tri,C20,Điểm học bạ,2023,27.2,Giáo dục Chính trị
62589,DTS,giao-duc-chinh-tri,C00,Điểm thi THPT,2023,26.68,Giáo dục Chính trị
62590,DTS,giao-duc-chinh-tri,C14,Điểm thi THPT,2023,26.68,Giáo dục Chính trị
62591,DTS,giao-duc-chinh-tri,C19,Điểm thi THPT,2023,26.68,Giáo dục Chính trị
62592,DTS,giao-duc-chinh-tri,C20,Điểm thi THPT,2023,26.68,Giáo dục Chính trị
62593,DTS,giao-duc-chinh-tri,C00,Điểm học bạ,2024,27.75,Giáo dục Chính trị
62594,DTS,giao-duc-chinh-tri,C14,Điểm học bạ,2024,27.75,Giáo dục Chính trị
62595,DTS,giao-duc-chinh-tri,C19,Điểm học bạ,2024,27.75,Giáo dục Chính trị
62596,DTS,giao-duc-chinh-tri,C20,Điểm học bạ,2024,27.75,Giáo dục Chính trị
62597,DTS,giao-duc-chinh-tri,C00,Điểm thi THPT,2024,28.31,Giáo dục Chính trị
62598,DTS,giao-duc-chinh-tri,C14,Điểm thi THPT,2024,28.31,Giáo dục Chính trị
62599,DTS,giao-duc-chinh-tri,C19,Điểm thi THPT,2024,28.31,Giáo dục Chính trị
62600,DTS,giao-duc-chinh-tri,C20,Điểm thi THPT,2024,28.31,Giáo dục Chính trị
62601,DTS,giao-duc-chinh-tri,A08,Điểm thi THPT,2025,26.23,Giáo dục Chính trị
62602,DTS,giao-duc-chinh-tri,A09,Điểm thi THPT,2025,26.73,Giáo dục Chính trị
62603,DTS,giao-duc-chinh-tri,C19,Điểm thi THPT,2025,26.73,Giáo dục Chính trị
62604,DTS,giao-duc-chinh-tri,C20,Điểm thi THPT,2025,26.98,Giáo dục Chính trị
62605,DTS,giao-duc-chinh-tri,X17,Điểm thi THPT,2025,26.23,Giáo dục Chính trị
62606,DTS,giao-duc-chinh-tri,X21,Điểm thi THPT,2025,26.73,Giáo dục Chính trị
62607,DTS,giao-duc-chinh-tri,X70,Điểm thi THPT,2025,26.73,Giáo dục Chính trị
62608,DTS,giao-duc-cong-dan,A08,Điểm thi THPT,2025,26.35,Giáo dục Công dân
62609,DTS,giao-duc-cong-dan,A09,Điểm thi THPT,2025,26.85,Giáo dục Công dân
62610,DTS,giao-duc-cong-dan,C19,Điểm thi THPT,2025,26.85,Giáo dục Công dân
62611,DTS,giao-duc-cong-dan,C20,Điểm thi THPT,2025,27.1,Giáo dục Công dân
62612,DTS,giao-duc-cong-dan,X17,Điểm thi THPT,2025,26.35,Giáo dục Công dân
62613,DTS,giao-duc-cong-dan,X21,Điểm thi THPT,2025,26.85,Giáo dục Công dân
62614,DTS,giao-duc-cong-dan,X70,Điểm thi THPT,2025,26.85,Giáo dục Công dân
62615,DTS,giao-duc-hoc,C00,Điểm thi THPT,2021,15.0,Giáo dục học
62616,DTS,giao-duc-hoc,C14,Điểm thi THPT,2021,15.0,Giáo dục học
62617,DTS,giao-duc-hoc,C20,Điểm thi THPT,2021,15.0,Giáo dục học
62618,DTS,giao-duc-hoc,C14,Điểm học bạ,2022,25.0,Giáo dục học
62619,DTS,giao-duc-hoc,C19,Điểm học bạ,2022,25.0,Giáo dục học
62620,DTS,giao-duc-hoc,C20,Điểm học bạ,2022,25.0,Giáo dục học
62621,DTS,giao-duc-hoc,D66,Điểm học bạ,2022,25.0,Giáo dục học
62622,DTS,giao-duc-hoc,C14,Điểm thi THPT,2022,17.0,Giáo dục học
62623,DTS,giao-duc-hoc,C19,Điểm thi THPT,2022,17.0,Giáo dục học
62624,DTS,giao-duc-hoc,C20,Điểm thi THPT,2022,17.0,Giáo dục học
62625,DTS,giao-duc-hoc,D66,Điểm thi THPT,2022,17.0,Giáo dục học
62626,DTS,giao-duc-hoc,C14,Điểm học bạ,2023,26.75,Giáo dục học
62627,DTS,giao-duc-hoc,C19,Điểm học bạ,2023,26.75,Giáo dục học
62628,DTS,giao-duc-hoc,C20,Điểm học bạ,2023,26.75,Giáo dục học
62629,DTS,giao-duc-hoc,D66,Điểm học bạ,2023,26.75,Giáo dục học
62630,DTS,giao-duc-hoc,C14,Điểm thi THPT,2023,23.0,Giáo dục học
62631,DTS,giao-duc-hoc,C19,Điểm thi THPT,2023,23.0,Giáo dục học
62632,DTS,giao-duc-hoc,C20,Điểm thi THPT,2023,23.0,Giáo dục học
62633,DTS,giao-duc-hoc,D66,Điểm thi THPT,2023,23.0,Giáo dục học
62634,DTS,giao-duc-hoc,C00,Điểm học bạ,2024,27.2,Giáo dục học
62635,DTS,giao-duc-hoc,C14,Điểm học bạ,2024,27.2,Giáo dục học
62636,DTS,giao-duc-hoc,C20,Điểm học bạ,2024,27.2,Giáo dục học
62637,DTS,giao-duc-hoc,D66,Điểm học bạ,2024,27.2,Giáo dục học
62638,DTS,giao-duc-hoc,C14,Điểm thi THPT,2024,26.62,Giáo dục học
62639,DTS,giao-duc-hoc,C19,Điểm thi THPT,2024,26.62,Giáo dục học
62640,DTS,giao-duc-hoc,C20,Điểm thi THPT,2024,26.62,Giáo dục học
62641,DTS,giao-duc-hoc,D66,Điểm thi THPT,2024,26.62,Giáo dục học
62642,DTS,giao-duc-hoc,C00,Điểm thi THPT,2025,25.73,Giáo dục học
62643,DTS,giao-duc-hoc,C19,Điểm thi THPT,2025,25.73,Giáo dục học
62644,DTS,giao-duc-hoc,C20,Điểm thi THPT,2025,25.98,Giáo dục học
62645,DTS,giao-duc-hoc,D01,Điểm thi THPT,2025,24.23,Giáo dục học
62646,DTS,giao-duc-hoc,X70,Điểm thi THPT,2025,25.73,Giáo dục học
62647,DTS,giao-duc-hoc,X74,Điểm thi THPT,2025,25.98,Giáo dục học
62648,DTS,giao-duc-mam-non,C14,Điểm thi THPT,2021,27.5,Giáo dục Mầm non
62649,DTS,giao-duc-mam-non,C19,Điểm thi THPT,2021,27.5,Giáo dục Mầm non
62650,DTS,giao-duc-mam-non,C20,Điểm thi THPT,2021,27.5,Giáo dục Mầm non
62651,DTS,giao-duc-mam-non,C14,Điểm học bạ,2022,25.75,Giáo dục Mầm non
62652,DTS,giao-duc-mam-non,C19,Điểm học bạ,2022,25.75,Giáo dục Mầm non
62653,DTS,giao-duc-mam-non,C20,Điểm học bạ,2022,25.75,Giáo dục Mầm non
62654,DTS,giao-duc-mam-non,D66,Điểm học bạ,2022,25.75,Giáo dục Mầm non
62655,DTS,giao-duc-mam-non,C14,Điểm thi THPT,2022,26.25,Giáo dục Mầm non
62656,DTS,giao-duc-mam-non,C19,Điểm thi THPT,2022,26.25,Giáo dục Mầm non
62657,DTS,giao-duc-mam-non,C20,Điểm thi THPT,2022,26.25,Giáo dục Mầm non
62658,DTS,giao-duc-mam-non,D66,Điểm thi THPT,2022,26.25,Giáo dục Mầm non
62659,DTS,giao-duc-mam-non,C14,Điểm học bạ,2023,26.83,Giáo dục Mầm non
62660,DTS,giao-duc-mam-non,C19,Điểm học bạ,2023,26.83,Giáo dục Mầm non
62661,DTS,giao-duc-mam-non,C20,Điểm học bạ,2023,26.83,Giáo dục Mầm non
62662,DTS,giao-duc-mam-non,D66,Điểm học bạ,2023,26.83,Giáo dục Mầm non
62663,DTS,giao-duc-mam-non,C00,Điểm thi THPT,2023,26.62,Giáo dục Mầm non
62664,DTS,giao-duc-mam-non,C19,Điểm thi THPT,2023,26.62,Giáo dục Mầm non
62665,DTS,giao-duc-mam-non,C20,Điểm thi THPT,2023,26.62,Giáo dục Mầm non
62666,DTS,giao-duc-mam-non,D66,Điểm thi THPT,2023,26.62,Giáo dục Mầm non
62667,DTS,giao-duc-mam-non,C00,Điểm thi THPT,2024,23.95,Giáo dục Mầm non
62668,DTS,giao-duc-mam-non,C19,Điểm thi THPT,2024,23.95,Giáo dục Mầm non
62669,DTS,giao-duc-mam-non,C20,Điểm thi THPT,2024,23.95,Giáo dục Mầm non
62670,DTS,giao-duc-mam-non,D66,Điểm thi THPT,2024,23.95,Giáo dục Mầm non
62671,DTS,giao-duc-mam-non,C14,Điểm thi THPT,2025,23.29,Giáo dục Mầm non
62672,DTS,giao-duc-mam-non,C19,Điểm thi THPT,2025,23.79,Giáo dục Mầm non
62673,DTS,giao-duc-mam-non,D01,Điểm thi THPT,2025,22.29,Giáo dục Mầm non
62674,DTS,giao-duc-mam-non,D66,Điểm thi THPT,2025,23.29,Giáo dục Mầm non
62675,DTS,giao-duc-mam-non,X01,Điểm thi THPT,2025,23.29,Giáo dục Mầm non
62676,DTS,giao-duc-mam-non,X17,Điểm thi THPT,2025,22.29,Giáo dục Mầm non
62677,DTS,giao-duc-mam-non,X78,Điểm thi THPT,2025,23.29,Giáo dục Mầm non
62678,DTS,giao-duc-the-chat,C14,Điểm thi THPT,2021,24.0,Giáo dục Thể chất
62679,DTS,giao-duc-the-chat,C19,Điểm thi THPT,2021,24.0,Giáo dục Thể chất
62680,DTS,giao-duc-the-chat,C20,Điểm thi THPT,2021,24.0,Giáo dục Thể chất
62681,DTS,giao-duc-the-chat,B03,Điểm học bạ,2022,24.25,Giáo dục Thể chất
62682,DTS,giao-duc-the-chat,C00,Điểm học bạ,2022,24.25,Giáo dục Thể chất
62683,DTS,giao-duc-the-chat,C14,Điểm học bạ,2022,24.25,Giáo dục Thể chất
62684,DTS,giao-duc-the-chat,C20,Điểm học bạ,2022,24.25,Giáo dục Thể chất
62685,DTS,giao-duc-the-chat,B03,Điểm thi THPT,2022,22.0,Giáo dục Thể chất
62686,DTS,giao-duc-the-chat,C00,Điểm thi THPT,2022,22.0,Giáo dục Thể chất
62687,DTS,giao-duc-the-chat,C14,Điểm thi THPT,2022,22.0,Giáo dục Thể chất
62688,DTS,giao-duc-the-chat,C20,Điểm thi THPT,2022,22.0,Giáo dục Thể chất
62689,DTS,giao-duc-the-chat,B03,Điểm học bạ,2023,25.65,Giáo dục Thể chất
62690,DTS,giao-duc-the-chat,C00,Điểm học bạ,2023,25.65,Giáo dục Thể chất
62691,DTS,giao-duc-the-chat,C14,Điểm học bạ,2023,25.65,Giáo dục Thể chất
62692,DTS,giao-duc-the-chat,C20,Điểm học bạ,2023,25.65,Giáo dục Thể chất
62693,DTS,giao-duc-the-chat,B03,Điểm thi THPT,2023,25.0,Giáo dục Thể chất
62694,DTS,giao-duc-the-chat,C00,Điểm thi THPT,2023,25.0,Giáo dục Thể chất
62695,DTS,giao-duc-the-chat,C14,Điểm thi THPT,2023,25.0,Giáo dục Thể chất
62696,DTS,giao-duc-the-chat,C20,Điểm thi THPT,2023,25.0,Giáo dục Thể chất
62697,DTS,giao-duc-the-chat,B03,Điểm thi THPT,2024,25.25,Giáo dục Thể chất
62698,DTS,giao-duc-the-chat,C00,Điểm thi THPT,2024,25.25,Giáo dục Thể chất
62699,DTS,giao-duc-the-chat,C14,Điểm thi THPT,2024,25.25,Giáo dục Thể chất
62700,DTS,giao-duc-the-chat,C20,Điểm thi THPT,2024,25.25,Giáo dục Thể chất
62701,DTS,giao-duc-tieu-hoc,D01,Điểm thi THPT,2021,23.75,Giáo dục Tiểu học
62702,DTS,giao-duc-tieu-hoc,D01,Điểm học bạ,2022,25.75,Giáo dục Tiểu học
62703,DTS,giao-duc-tieu-hoc,D01,Điểm thi THPT,2022,24.0,Giáo dục Tiểu học
62704,DTS,giao-duc-tieu-hoc,D01,Điểm học bạ,2023,27.07,Giáo dục Tiểu học
62705,DTS,giao-duc-tieu-hoc,D01,Điểm thi THPT,2023,24.55,Giáo dục Tiểu học
62706,DTS,giao-duc-tieu-hoc,D01,Điểm học bạ,2024,27.55,Giáo dục Tiểu học
62707,DTS,giao-duc-tieu-hoc,D01,Điểm thi THPT,2024,25.9,Giáo dục Tiểu học
62708,DTS,giao-duc-tieu-hoc,C01,Điểm thi THPT,2025,24.73,Giáo dục Tiểu học
62709,DTS,giao-duc-tieu-hoc,C03,Điểm thi THPT,2025,24.48,Giáo dục Tiểu học
62710,DTS,giao-duc-tieu-hoc,D01,Điểm thi THPT,2025,23.98,Giáo dục Tiểu học
62711,DTS,sinh-hoc-ung-dung,A02,Điểm thi THPT,2025,24.0,Sinh học ứng dụng
62712,DTS,sinh-hoc-ung-dung,B00,Điểm thi THPT,2025,24.0,Sinh học ứng dụng
62713,DTS,sinh-hoc-ung-dung,B08,Điểm thi THPT,2025,23.5,Sinh học ứng dụng
62714,DTS,sinh-hoc-ung-dung,X16,Điểm thi THPT,2025,24.0,Sinh học ứng dụng
62715,DTS,su-pham-dia-li,C00,Điểm thi THPT,2024,28.43,Sư phạm Địa lí
62716,DTS,su-pham-dia-li,C04,Điểm thi THPT,2024,28.43,Sư phạm Địa lí
62717,DTS,su-pham-dia-li,D01,Điểm thi THPT,2024,28.43,Sư phạm Địa lí
62718,DTS,su-pham-dia-li,D10,Điểm thi THPT,2024,28.43,Sư phạm Địa lí
62719,DTS,su-pham-dia-ly,C00,Điểm thi THPT,2021,24.0,Sư phạm Địa Lý
62720,DTS,su-pham-dia-ly,C04,Điểm thi THPT,2021,24.0,Sư phạm Địa Lý
62721,DTS,su-pham-dia-ly,D10,Điểm thi THPT,2021,24.0,Sư phạm Địa Lý
62722,DTS,su-pham-dia-ly,C00,Điểm học bạ,2022,26.0,Sư phạm Địa Lý
62723,DTS,su-pham-dia-ly,C04,Điểm học bạ,2022,26.0,Sư phạm Địa Lý
62724,DTS,su-pham-dia-ly,D01,Điểm học bạ,2022,26.0,Sư phạm Địa Lý
62725,DTS,su-pham-dia-ly,D10,Điểm học bạ,2022,26.0,Sư phạm Địa Lý
62726,DTS,su-pham-dia-ly,C00,Điểm thi THPT,2022,26.25,Sư phạm Địa Lý
62727,DTS,su-pham-dia-ly,C04,Điểm thi THPT,2022,26.25,Sư phạm Địa Lý
62728,DTS,su-pham-dia-ly,D01,Điểm thi THPT,2022,26.25,Sư phạm Địa Lý
62729,DTS,su-pham-dia-ly,D10,Điểm thi THPT,2022,26.25,Sư phạm Địa Lý
62730,DTS,su-pham-dia-ly,C00,Điểm học bạ,2023,27.75,Sư phạm Địa lý
62731,DTS,su-pham-dia-ly,C04,Điểm học bạ,2023,27.75,Sư phạm Địa lý
62732,DTS,su-pham-dia-ly,D01,Điểm học bạ,2023,27.75,Sư phạm Địa lý
62733,DTS,su-pham-dia-ly,D10,Điểm học bạ,2023,27.75,Sư phạm Địa lý
62734,DTS,su-pham-dia-ly,C00,Điểm thi THPT,2023,26.73,Sư phạm Địa lý
62735,DTS,su-pham-dia-ly,C04,Điểm thi THPT,2023,26.73,Sư phạm Địa lý
62736,DTS,su-pham-dia-ly,D01,Điểm thi THPT,2023,26.73,Sư phạm Địa lý
62737,DTS,su-pham-dia-ly,D10,Điểm thi THPT,2023,26.73,Sư phạm Địa lý
62738,DTS,su-pham-dia-ly,C00,Điểm học bạ,2024,28.0,Sư phạm Địa lý
62739,DTS,su-pham-dia-ly,C04,Điểm học bạ,2024,28.0,Sư phạm Địa lý
62740,DTS,su-pham-dia-ly,D01,Điểm học bạ,2024,28.0,Sư phạm Địa lý
62741,DTS,su-pham-dia-ly,D10,Điểm học bạ,2024,28.0,Sư phạm Địa lý
62742,DTS,su-pham-dia-ly,C00,Điểm thi THPT,2025,27.8,Sư phạm Địa lý
62743,DTS,su-pham-dia-ly,C04,Điểm thi THPT,2025,27.05,Sư phạm Địa lý
62744,DTS,su-pham-dia-ly,C09,Điểm thi THPT,2025,27.8,Sư phạm Địa lý
62745,DTS,su-pham-dia-ly,C20,Điểm thi THPT,2025,28.05,Sư phạm Địa lý
62746,DTS,su-pham-dia-ly,D15,Điểm thi THPT,2025,27.3,Sư phạm Địa lý
62747,DTS,su-pham-dia-ly,X74,Điểm thi THPT,2025,28.05,Sư phạm Địa lý
62748,DTS,su-pham-hoa-hoc,A00,Điểm thi THPT,2021,20.0,Sư phạm Hoá học
62749,DTS,su-pham-hoa-hoc,D01,Điểm thi THPT,2021,20.0,Sư phạm Hoá học
62750,DTS,su-pham-hoa-hoc,D07,Điểm thi THPT,2021,20.0,Sư phạm Hoá học
62751,DTS,su-pham-hoa-hoc,A00,Điểm học bạ,2022,27.5,Sư phạm Hoá học
62752,DTS,su-pham-hoa-hoc,B00,Điểm học bạ,2022,27.5,Sư phạm Hoá học
62753,DTS,su-pham-hoa-hoc,D01,Điểm học bạ,2022,27.5,Sư phạm Hoá học
62754,DTS,su-pham-hoa-hoc,D07,Điểm học bạ,2022,27.5,Sư phạm Hoá học
62755,DTS,su-pham-hoa-hoc,A00,Điểm thi THPT,2022,24.25,Sư phạm Hoá học
62756,DTS,su-pham-hoa-hoc,B00,Điểm thi THPT,2022,24.25,Sư phạm Hoá học
62757,DTS,su-pham-hoa-hoc,D01,Điểm thi THPT,2022,24.25,Sư phạm Hoá học
62758,DTS,su-pham-hoa-hoc,D07,Điểm thi THPT,2022,24.25,Sư phạm Hoá học
62759,DTS,su-pham-hoa-hoc,A00,Điểm học bạ,2023,28.35,Sư phạm Hóa học
62760,DTS,su-pham-hoa-hoc,B00,Điểm học bạ,2023,28.35,Sư phạm Hóa học
62761,DTS,su-pham-hoa-hoc,D01,Điểm học bạ,2023,28.35,Sư phạm Hóa học
62762,DTS,su-pham-hoa-hoc,D07,Điểm học bạ,2023,28.35,Sư phạm Hóa học
62763,DTS,su-pham-hoa-hoc,A00,Điểm thi THPT,2023,24.8,Sư phạm Hóa học
62764,DTS,su-pham-hoa-hoc,B00,Điểm thi THPT,2023,24.8,Sư phạm Hóa học
62765,DTS,su-pham-hoa-hoc,D01,Điểm thi THPT,2023,24.8,Sư phạm Hóa học
62766,DTS,su-pham-hoa-hoc,D07,Điểm thi THPT,2023,24.8,Sư phạm Hóa học
62767,DTS,su-pham-hoa-hoc,A00,Điểm học bạ,2024,28.9,Sư phạm Hoá học
62768,DTS,su-pham-hoa-hoc,B00,Điểm học bạ,2024,28.9,Sư phạm Hoá học
62769,DTS,su-pham-hoa-hoc,D07,Điểm học bạ,2024,28.9,Sư phạm Hoá học
62770,DTS,su-pham-hoa-hoc,A00,Điểm thi THPT,2024,26.17,Sư phạm Hoá học
62771,DTS,su-pham-hoa-hoc,B00,Điểm thi THPT,2024,26.17,Sư phạm Hoá học
62772,DTS,su-pham-hoa-hoc,D01,Điểm thi THPT,2024,26.17,Sư phạm Hoá học
62773,DTS,su-pham-hoa-hoc,D07,Điểm thi THPT,2024,26.17,Sư phạm Hoá học
62774,DTS,su-pham-hoa-hoc,A00,Điểm thi THPT,2025,25.9,Sư phạm Hoá học
62775,DTS,su-pham-hoa-hoc,B00,Điểm thi THPT,2025,25.4,Sư phạm Hoá học
62776,DTS,su-pham-hoa-hoc,D07,Điểm thi THPT,2025,25.15,Sư phạm Hoá học
62777,DTS,su-pham-khoa-hoc-tu-nhien,A00,Điểm thi THPT,2021,19.0,Sư phạm Khoa học tự nhiên
62778,DTS,su-pham-khoa-hoc-tu-nhien,B00,Điểm thi THPT,2021,19.0,Sư phạm Khoa học tự nhiên
62779,DTS,su-pham-khoa-hoc-tu-nhien,A00,Điểm học bạ,2022,26.75,Sư phạm Khoa học tự nhiên
62780,DTS,su-pham-khoa-hoc-tu-nhien,B00,Điểm học bạ,2022,26.75,Sư phạm Khoa học tự nhiên
62781,DTS,su-pham-khoa-hoc-tu-nhien,A00,Điểm thi THPT,2022,19.0,Sư phạm Khoa học tự nhiên
62782,DTS,su-pham-khoa-hoc-tu-nhien,B00,Điểm thi THPT,2022,19.0,Sư phạm Khoa học tự nhiên
62783,DTS,su-pham-khoa-hoc-tu-nhien,A00,Điểm học bạ,2023,27.5,Sư phạm Khoa học tự nhiên
62784,DTS,su-pham-khoa-hoc-tu-nhien,B00,Điểm học bạ,2023,27.5,Sư phạm Khoa học tự nhiên
62785,DTS,su-pham-khoa-hoc-tu-nhien,A00,Điểm thi THPT,2023,22.75,Sư phạm Khoa học tự nhiên
62786,DTS,su-pham-khoa-hoc-tu-nhien,B00,Điểm thi THPT,2023,22.75,Sư phạm Khoa học tự nhiên
62787,DTS,su-pham-khoa-hoc-tu-nhien,A00,Điểm học bạ,2024,28.0,Sư phạm Khoa học tự nhiên
62788,DTS,su-pham-khoa-hoc-tu-nhien,A01,Điểm học bạ,2024,28.0,Sư phạm Khoa học tự nhiên
62789,DTS,su-pham-khoa-hoc-tu-nhien,B00,Điểm học bạ,2024,28.0,Sư phạm Khoa học tự nhiên
62790,DTS,su-pham-khoa-hoc-tu-nhien,B08,Điểm học bạ,2024,28.0,Sư phạm Khoa học tự nhiên
62791,DTS,su-pham-khoa-hoc-tu-nhien,A00,Điểm thi THPT,2024,25.19,Sư phạm Khoa học Tự nhiên
62792,DTS,su-pham-khoa-hoc-tu-nhien,B00,Điểm thi THPT,2024,25.19,Sư phạm Khoa học Tự nhiên
62793,DTS,su-pham-khoa-hoc-tu-nhien,A00,Điểm thi THPT,2025,23.93,Sư phạm Khoa học tự nhiên
62794,DTS,su-pham-khoa-hoc-tu-nhien,A01,Điểm thi THPT,2025,23.43,Sư phạm Khoa học tự nhiên
62795,DTS,su-pham-khoa-hoc-tu-nhien,A02,Điểm thi THPT,2025,23.68,Sư phạm Khoa học tự nhiên
62796,DTS,su-pham-khoa-hoc-tu-nhien,B00,Điểm thi THPT,2025,23.43,Sư phạm Khoa học tự nhiên
62797,DTS,su-pham-khoa-hoc-tu-nhien,B08,Điểm thi THPT,2025,22.93,Sư phạm Khoa học tự nhiên
62798,DTS,su-pham-khoa-hoc-tu-nhien,D07,Điểm thi THPT,2025,23.18,Sư phạm Khoa học tự nhiên
62799,DTS,su-pham-lich-su,C00,Điểm thi THPT,2021,24.0,Sư phạm Lịch Sử
62800,DTS,su-pham-lich-su,C19,Điểm thi THPT,2021,24.0,Sư phạm Lịch Sử
62801,DTS,su-pham-lich-su,D14,Điểm thi THPT,2021,24.0,Sư phạm Lịch Sử
62802,DTS,su-pham-lich-su,C00,Điểm học bạ,2022,26.25,Sư phạm Lịch Sử
62803,DTS,su-pham-lich-su,C19,Điểm học bạ,2022,26.25,Sư phạm Lịch Sử
62804,DTS,su-pham-lich-su,D14,Điểm học bạ,2022,26.25,Sư phạm Lịch Sử
62805,DTS,su-pham-lich-su,C00,Điểm thi THPT,2022,27.5,Sư phạm Lịch Sử
62806,DTS,su-pham-lich-su,C19,Điểm thi THPT,2022,27.5,Sư phạm Lịch Sử
62807,DTS,su-pham-lich-su,D14,Điểm thi THPT,2022,27.5,Sư phạm Lịch Sử
62808,DTS,su-pham-lich-su,C00,Điểm học bạ,2023,27.85,Sư phạm Lịch sử
62809,DTS,su-pham-lich-su,C19,Điểm học bạ,2023,27.85,Sư phạm Lịch sử
62810,DTS,su-pham-lich-su,D14,Điểm học bạ,2023,27.85,Sư phạm Lịch sử
62811,DTS,su-pham-lich-su,C00,Điểm thi THPT,2023,28.0,Sư phạm Lịch sử
62812,DTS,su-pham-lich-su,C19,Điểm thi THPT,2023,28.0,Sư phạm Lịch sử
62813,DTS,su-pham-lich-su,D14,Điểm thi THPT,2023,28.0,Sư phạm Lịch sử
62814,DTS,su-pham-lich-su,C00,Điểm học bạ,2024,27.95,Sư phạm Lịch sử
62815,DTS,su-pham-lich-su,C19,Điểm học bạ,2024,27.95,Sư phạm Lịch sử
62816,DTS,su-pham-lich-su,D14,Điểm học bạ,2024,27.95,Sư phạm Lịch sử
62817,DTS,su-pham-lich-su,C00,Điểm thi THPT,2024,28.6,Sư phạm Lịch sử
62818,DTS,su-pham-lich-su,C19,Điểm thi THPT,2024,28.6,Sư phạm Lịch sử
62819,DTS,su-pham-lich-su,D14,Điểm thi THPT,2024,28.6,Sư phạm Lịch sử
62820,DTS,su-pham-lich-su,C00,Điểm thi THPT,2025,27.94,Sư phạm Lịch sử
62821,DTS,su-pham-lich-su,C19,Điểm thi THPT,2025,27.94,Sư phạm Lịch sử
62822,DTS,su-pham-lich-su,D14,Điểm thi THPT,2025,27.19,Sư phạm Lịch sử
62823,DTS,su-pham-lich-su,X70,Điểm thi THPT,2025,27.94,Sư phạm Lịch sử
62824,DTS,su-pham-lich-su-dia-li,C00,Điểm thi THPT,2024,28.27,Sư phạm Lịch sử - Địa lí
62825,DTS,su-pham-lich-su-dia-li,D14,Điểm thi THPT,2024,28.27,Sư phạm Lịch sử - Địa lí
62826,DTS,su-pham-lich-su-dia-li,D15,Điểm thi THPT,2024,28.27,Sư phạm Lịch sử - Địa lí
62827,DTS,su-pham-lich-su-dia-ly,C00,Điểm học bạ,2022,24.0,Sư phạm Lịch sử - Địa lý
62828,DTS,su-pham-lich-su-dia-ly,D14,Điểm học bạ,2022,24.0,Sư phạm Lịch sử - Địa lý
62829,DTS,su-pham-lich-su-dia-ly,D15,Điểm học bạ,2022,24.0,Sư phạm Lịch sử - Địa lý
62830,DTS,su-pham-lich-su-dia-ly,C00,Điểm thi THPT,2022,24.75,Sư phạm Lịch sử - Địa lý
62831,DTS,su-pham-lich-su-dia-ly,D14,Điểm thi THPT,2022,24.75,Sư phạm Lịch sử - Địa lý
62832,DTS,su-pham-lich-su-dia-ly,D15,Điểm thi THPT,2022,24.75,Sư phạm Lịch sử - Địa lý
62833,DTS,su-pham-lich-su-dia-ly,C00,Điểm học bạ,2023,27.15,Sư phạm Lịch sử - Địa lý
62834,DTS,su-pham-lich-su-dia-ly,D14,Điểm học bạ,2023,27.15,Sư phạm Lịch sử - Địa lý
62835,DTS,su-pham-lich-su-dia-ly,D15,Điểm học bạ,2023,27.15,Sư phạm Lịch sử - Địa lý
62836,DTS,su-pham-lich-su-dia-ly,C00,Điểm thi THPT,2023,26.25,Sư phạm Lịch sử - Địa lý
62837,DTS,su-pham-lich-su-dia-ly,D14,Điểm thi THPT,2023,26.25,Sư phạm Lịch sử - Địa lý
62838,DTS,su-pham-lich-su-dia-ly,D15,Điểm thi THPT,2023,26.25,Sư phạm Lịch sử - Địa lý
62839,DTS,su-pham-lich-su-dia-ly,C00,Điểm học bạ,2024,27.53,Sư phạm Lịch sử - Địa lý
62840,DTS,su-pham-lich-su-dia-ly,D14,Điểm học bạ,2024,27.53,Sư phạm Lịch sử - Địa lý
62841,DTS,su-pham-lich-su-dia-ly,D15,Điểm học bạ,2024,27.53,Sư phạm Lịch sử - Địa lý
62842,DTS,su-pham-lich-su-dia-ly,A07,Điểm thi THPT,2025,27.53,Sư phạm Lịch sử - Địa lý
62843,DTS,su-pham-lich-su-dia-ly,C00,Điểm thi THPT,2025,27.78,Sư phạm Lịch sử - Địa lý
62844,DTS,su-pham-lich-su-dia-ly,C20,Điểm thi THPT,2025,28.03,Sư phạm Lịch sử - Địa lý
62845,DTS,su-pham-lich-su-dia-ly,X70,Điểm thi THPT,2025,27.78,Sư phạm Lịch sử - Địa lý
62846,DTS,su-pham-lich-su-dia-ly,X74,Điểm thi THPT,2025,28.03,Sư phạm Lịch sử - Địa lý
62847,DTS,su-pham-ngu-van,C00,Điểm thi THPT,2021,24.0,Sư phạm Ngữ Văn
62848,DTS,su-pham-ngu-van,D01,Điểm thi THPT,2021,24.0,Sư phạm Ngữ Văn
62849,DTS,su-pham-ngu-van,D14,Điểm thi THPT,2021,24.0,Sư phạm Ngữ Văn
62850,DTS,su-pham-ngu-van,C00,Điểm học bạ,2022,26.5,Sư phạm Ngữ Văn
62851,DTS,su-pham-ngu-van,D01,Điểm học bạ,2022,26.5,Sư phạm Ngữ Văn
62852,DTS,su-pham-ngu-van,D14,Điểm học bạ,2022,26.5,Sư phạm Ngữ Văn
62853,DTS,su-pham-ngu-van,C00,Điểm thi THPT,2022,26.75,Sư phạm Ngữ Văn
62854,DTS,su-pham-ngu-van,D01,Điểm thi THPT,2022,26.75,Sư phạm Ngữ Văn
62855,DTS,su-pham-ngu-van,D14,Điểm thi THPT,2022,26.75,Sư phạm Ngữ Văn
62856,DTS,su-pham-ngu-van,C00,Điểm học bạ,2023,27.75,Sư phạm Ngữ Văn
62857,DTS,su-pham-ngu-van,D01,Điểm học bạ,2023,27.75,Sư phạm Ngữ Văn
62858,DTS,su-pham-ngu-van,D14,Điểm học bạ,2023,27.75,Sư phạm Ngữ Văn
62859,DTS,su-pham-ngu-van,C00,Điểm thi THPT,2023,26.85,Sư phạm Ngữ Văn
62860,DTS,su-pham-ngu-van,D01,Điểm thi THPT,2023,26.85,Sư phạm Ngữ Văn
62861,DTS,su-pham-ngu-van,D14,Điểm thi THPT,2023,26.85,Sư phạm Ngữ Văn
62862,DTS,su-pham-ngu-van,C00,Điểm học bạ,2024,27.92,Sư phạm Ngữ văn
62863,DTS,su-pham-ngu-van,D01,Điểm học bạ,2024,27.92,Sư phạm Ngữ văn
62864,DTS,su-pham-ngu-van,D14,Điểm học bạ,2024,27.92,Sư phạm Ngữ văn
62865,DTS,su-pham-ngu-van,C00,Điểm thi THPT,2024,28.56,Sư phạm Ngữ văn
62866,DTS,su-pham-ngu-van,D01,Điểm thi THPT,2024,28.56,Sư phạm Ngữ văn
62867,DTS,su-pham-ngu-van,D14,Điểm thi THPT,2024,28.56,Sư phạm Ngữ văn
62868,DTS,su-pham-ngu-van,C00,Điểm thi THPT,2025,27.92,Sư phạm Ngữ văn
62869,DTS,su-pham-ngu-van,C19,Điểm thi THPT,2025,27.92,Sư phạm Ngữ văn
62870,DTS,su-pham-ngu-van,C20,Điểm thi THPT,2025,28.17,Sư phạm Ngữ văn
62871,DTS,su-pham-ngu-van,D01,Điểm thi THPT,2025,26.42,Sư phạm Ngữ văn
62872,DTS,su-pham-ngu-van,D14,Điểm thi THPT,2025,27.17,Sư phạm Ngữ văn
62873,DTS,su-pham-ngu-van,D15,Điểm thi THPT,2025,27.42,Sư phạm Ngữ văn
62874,DTS,su-pham-ngu-van,X70,Điểm thi THPT,2025,27.92,Sư phạm Ngữ văn
62875,DTS,su-pham-ngu-van,X74,Điểm thi THPT,2025,28.17,Sư phạm Ngữ văn
62876,DTS,su-pham-sinh-hoc,B00,Điểm thi THPT,2021,19.0,Sư phạm Sinh học
62877,DTS,su-pham-sinh-hoc,B08,Điểm thi THPT,2021,19.0,Sư phạm Sinh học
62878,DTS,su-pham-sinh-hoc,B00,Điểm học bạ,2022,27.25,Sư phạm Sinh học
62879,DTS,su-pham-sinh-hoc,B08,Điểm học bạ,2022,27.25,Sư phạm Sinh học
62880,DTS,su-pham-sinh-hoc,B00,Điểm thi THPT,2022,21.25,Sư phạm Sinh học
62881,DTS,su-pham-sinh-hoc,B08,Điểm thi THPT,2022,21.25,Sư phạm Sinh học
62882,DTS,su-pham-sinh-hoc,B00,Điểm học bạ,2023,27.75,Sư phạm Sinh học
62883,DTS,su-pham-sinh-hoc,B08,Điểm học bạ,2023,27.75,Sư phạm Sinh học
62884,DTS,su-pham-sinh-hoc,B00,Điểm thi THPT,2023,23.3,Sư phạm Sinh học
62885,DTS,su-pham-sinh-hoc,B08,Điểm thi THPT,2023,23.3,Sư phạm Sinh học
62886,DTS,su-pham-sinh-hoc,A00,Điểm học bạ,2024,28.15,Sư phạm Sinh học
62887,DTS,su-pham-sinh-hoc,B00,Điểm học bạ,2024,28.15,Sư phạm Sinh học
62888,DTS,su-pham-sinh-hoc,B02,Điểm học bạ,2024,28.15,Sư phạm Sinh học
62889,DTS,su-pham-sinh-hoc,B08,Điểm học bạ,2024,28.15,Sư phạm Sinh học
62890,DTS,su-pham-sinh-hoc,B00,Điểm thi THPT,2024,25.51,Sư phạm Sinh học
62891,DTS,su-pham-sinh-hoc,B08,Điểm thi THPT,2024,25.51,Sư phạm Sinh học
62892,DTS,su-pham-sinh-hoc,A02,Điểm thi THPT,2025,22.0,Sư phạm Sinh học
62893,DTS,su-pham-sinh-hoc,B00,Điểm thi THPT,2025,21.75,Sư phạm Sinh học
62894,DTS,su-pham-sinh-hoc,B08,Điểm thi THPT,2025,21.25,Sư phạm Sinh học
62895,DTS,su-pham-sinh-hoc,X16,Điểm thi THPT,2025,21.75,Sư phạm Sinh học
62896,DTS,su-pham-tieng-anh,D01,Điểm thi THPT,2021,24.0,Sư phạm Tiếng Anh
62897,DTS,su-pham-tieng-anh,D09,Điểm thi THPT,2021,24.0,Sư phạm Tiếng Anh
62898,DTS,su-pham-tieng-anh,D10,Điểm thi THPT,2021,24.0,Sư phạm Tiếng Anh
62899,DTS,su-pham-tieng-anh,D01,Điểm học bạ,2022,27.75,Sư phạm Tiếng Anh
62900,DTS,su-pham-tieng-anh,D09,Điểm học bạ,2022,27.75,Sư phạm Tiếng Anh
62901,DTS,su-pham-tieng-anh,D15,Điểm học bạ,2022,27.75,Sư phạm Tiếng Anh
62902,DTS,su-pham-tieng-anh,D01,Điểm thi THPT,2022,25.0,Sư phạm Tiếng Anh
62903,DTS,su-pham-tieng-anh,D09,Điểm thi THPT,2022,25.0,Sư phạm Tiếng Anh
62904,DTS,su-pham-tieng-anh,D15,Điểm thi THPT,2022,25.0,Sư phạm Tiếng Anh
62905,DTS,su-pham-tieng-anh,D01,Điểm học bạ,2023,28.35,Sư phạm Tiếng Anh
62906,DTS,su-pham-tieng-anh,D09,Điểm học bạ,2023,28.35,Sư phạm Tiếng Anh
62907,DTS,su-pham-tieng-anh,D15,Điểm học bạ,2023,28.35,Sư phạm Tiếng Anh
62908,DTS,su-pham-tieng-anh,D01,Điểm thi THPT,2023,25.88,Sư phạm Tiếng Anh
62909,DTS,su-pham-tieng-anh,D09,Điểm thi THPT,2023,25.88,Sư phạm Tiếng Anh
62910,DTS,su-pham-tieng-anh,D15,Điểm thi THPT,2023,25.88,Sư phạm Tiếng Anh
62911,DTS,su-pham-tieng-anh,D01,Điểm thi THPT,2024,26.87,Sư phạm Tiếng Anh
62912,DTS,su-pham-tieng-anh,D09,Điểm thi THPT,2024,26.87,Sư phạm Tiếng Anh
62913,DTS,su-pham-tieng-anh,D15,Điểm thi THPT,2024,26.87,Sư phạm Tiếng Anh
62914,DTS,su-pham-tieng-anh,D01,Điểm thi THPT,2025,24.06,Sư phạm Tiếng Anh
62915,DTS,su-pham-tieng-anh,D09,Điểm thi THPT,2025,24.06,Sư phạm Tiếng Anh
62916,DTS,su-pham-tieng-anh,D15,Điểm thi THPT,2025,25.06,Sư phạm Tiếng Anh
62917,DTS,su-pham-tin-hoc,A00,Điểm thi THPT,2021,19.0,Sư phạm Tin học
62918,DTS,su-pham-tin-hoc,A01,Điểm thi THPT,2021,19.0,Sư phạm Tin học
62919,DTS,su-pham-tin-hoc,D01,Điểm thi THPT,2021,19.0,Sư phạm Tin học
62920,DTS,su-pham-tin-hoc,A00,Điểm học bạ,2022,25.5,Sư phạm Tin học
62921,DTS,su-pham-tin-hoc,A01,Điểm học bạ,2022,25.5,Sư phạm Tin học
62922,DTS,su-pham-tin-hoc,D01,Điểm học bạ,2022,25.5,Sư phạm Tin học
62923,DTS,su-pham-tin-hoc,A00,Điểm thi THPT,2022,19.5,Sư phạm Tin học
62924,DTS,su-pham-tin-hoc,A01,Điểm thi THPT,2022,19.5,Sư phạm Tin học
62925,DTS,su-pham-tin-hoc,D01,Điểm thi THPT,2022,19.5,Sư phạm Tin học
62926,DTS,su-pham-tin-hoc,A00,Điểm học bạ,2023,27.03,Sư phạm Tin học
62927,DTS,su-pham-tin-hoc,A01,Điểm học bạ,2023,27.03,Sư phạm Tin học
62928,DTS,su-pham-tin-hoc,D01,Điểm học bạ,2023,27.03,Sư phạm Tin học
62929,DTS,su-pham-tin-hoc,A00,Điểm thi THPT,2023,21.7,Sư phạm Tin học
62930,DTS,su-pham-tin-hoc,A01,Điểm thi THPT,2023,21.7,Sư phạm Tin học
62931,DTS,su-pham-tin-hoc,D01,Điểm thi THPT,2023,21.7,Sư phạm Tin học
62932,DTS,su-pham-tin-hoc,A00,Điểm học bạ,2024,27.65,Sư phạm Tin học
62933,DTS,su-pham-tin-hoc,A01,Điểm học bạ,2024,27.65,Sư phạm Tin học
62934,DTS,su-pham-tin-hoc,D01,Điểm học bạ,2024,27.65,Sư phạm Tin học
62935,DTS,su-pham-tin-hoc,A00,Điểm thi THPT,2024,24.22,Sư phạm Tin học
62936,DTS,su-pham-tin-hoc,A01,Điểm thi THPT,2024,24.22,Sư phạm Tin học
62937,DTS,su-pham-tin-hoc,D01,Điểm thi THPT,2024,24.22,Sư phạm Tin học
62938,DTS,su-pham-tin-hoc,A00,Điểm thi THPT,2025,22.25,Sư phạm Tin học
62939,DTS,su-pham-tin-hoc,A01,Điểm thi THPT,2025,21.75,Sư phạm Tin học
62940,DTS,su-pham-tin-hoc,D01,Điểm thi THPT,2025,21.25,Sư phạm Tin học
62941,DTS,su-pham-tin-hoc,X06,Điểm thi THPT,2025,22.25,Sư phạm Tin học
62942,DTS,su-pham-toan-hoc,A00,Điểm thi THPT,2021,24.0,Sư phạm Toán học
62943,DTS,su-pham-toan-hoc,A01,Điểm thi THPT,2021,24.0,Sư phạm Toán học
62944,DTS,su-pham-toan-hoc,D01,Điểm thi THPT,2021,24.0,Sư phạm Toán học
62945,DTS,su-pham-toan-hoc,A00,Điểm học bạ,2022,28.15,Sư phạm Toán học
62946,DTS,su-pham-toan-hoc,A01,Điểm học bạ,2022,28.15,Sư phạm Toán học
62947,DTS,su-pham-toan-hoc,D01,Điểm học bạ,2022,28.15,Sư phạm Toán học
62948,DTS,su-pham-toan-hoc,A00,Điểm thi THPT,2022,24.5,Sư phạm Toán học
62949,DTS,su-pham-toan-hoc,A01,Điểm thi THPT,2022,24.5,Sư phạm Toán học
62950,DTS,su-pham-toan-hoc,D01,Điểm thi THPT,2022,24.5,Sư phạm Toán học
62951,DTS,su-pham-toan-hoc,A00,Điểm học bạ,2023,28.75,Sư phạm Toán học
62952,DTS,su-pham-toan-hoc,A01,Điểm học bạ,2023,28.75,Sư phạm Toán học
62953,DTS,su-pham-toan-hoc,D01,Điểm học bạ,2023,28.75,Sư phạm Toán học
62954,DTS,su-pham-toan-hoc,A00,Điểm thi THPT,2023,25.43,Sư phạm Toán học
62955,DTS,su-pham-toan-hoc,A01,Điểm thi THPT,2023,25.43,Sư phạm Toán học
62956,DTS,su-pham-toan-hoc,D01,Điểm thi THPT,2023,25.43,Sư phạm Toán học
62957,DTS,su-pham-toan-hoc,A00,Điểm học bạ,2024,29.2,Sư phạm Toán học
62958,DTS,su-pham-toan-hoc,A01,Điểm học bạ,2024,29.2,Sư phạm Toán học
62959,DTS,su-pham-toan-hoc,D01,Điểm học bạ,2024,29.2,Sư phạm Toán học
62960,DTS,su-pham-toan-hoc,A00,Điểm thi THPT,2024,26.37,Sư phạm Toán học
62961,DTS,su-pham-toan-hoc,A01,Điểm thi THPT,2024,26.37,Sư phạm Toán học
62962,DTS,su-pham-toan-hoc,D01,Điểm thi THPT,2024,26.37,Sư phạm Toán học
62963,DTS,su-pham-toan-hoc,A00,Điểm thi THPT,2025,26.35,Sư phạm Toán học
62964,DTS,su-pham-toan-hoc,A01,Điểm thi THPT,2025,25.85,Sư phạm Toán học
62965,DTS,su-pham-toan-hoc,B00,Điểm thi THPT,2025,25.85,Sư phạm Toán học
62966,DTS,su-pham-toan-hoc,D01,Điểm thi THPT,2025,25.35,Sư phạm Toán học
62967,DTS,su-pham-vat-ly,A00,Điểm thi THPT,2021,19.5,Sư phạm Vật Lý
62968,DTS,su-pham-vat-ly,A01,Điểm thi THPT,2021,19.5,Sư phạm Vật Lý
62969,DTS,su-pham-vat-ly,A00,Điểm học bạ,2022,27.5,Sư phạm Vật Lý
62970,DTS,su-pham-vat-ly,A01,Điểm học bạ,2022,27.5,Sư phạm Vật Lý
62971,DTS,su-pham-vat-ly,D01,Điểm học bạ,2022,27.5,Sư phạm Vật Lý
62972,DTS,su-pham-vat-ly,A00,Điểm thi THPT,2022,23.65,Sư phạm Vật Lý
62973,DTS,su-pham-vat-ly,A01,Điểm thi THPT,2022,23.65,Sư phạm Vật Lý
62974,DTS,su-pham-vat-ly,D01,Điểm thi THPT,2022,23.65,Sư phạm Vật Lý
62975,DTS,su-pham-vat-ly,A00,Điểm học bạ,2023,28.15,Sư phạm Vật lý
62976,DTS,su-pham-vat-ly,A01,Điểm học bạ,2023,28.15,Sư phạm Vật lý
62977,DTS,su-pham-vat-ly,D01,Điểm học bạ,2023,28.15,Sư phạm Vật lý
62978,DTS,su-pham-vat-ly,A00,Điểm thi THPT,2023,24.47,Sư phạm Vật lý
62979,DTS,su-pham-vat-ly,A01,Điểm thi THPT,2023,24.47,Sư phạm Vật lý
62980,DTS,su-pham-vat-ly,D01,Điểm thi THPT,2023,24.47,Sư phạm Vật lý
62981,DTS,su-pham-vat-ly,A00,Điểm học bạ,2024,28.53,Sư phạm Vật lý
62982,DTS,su-pham-vat-ly,A01,Điểm học bạ,2024,28.53,Sư phạm Vật lý
62983,DTS,su-pham-vat-ly,D01,Điểm học bạ,2024,28.53,Sư phạm Vật lý
62984,DTS,su-pham-vat-ly,A00,Điểm thi THPT,2024,26.02,Sư phạm Vật lý
62985,DTS,su-pham-vat-ly,A01,Điểm thi THPT,2024,26.02,Sư phạm Vật lý
62986,DTS,su-pham-vat-ly,D01,Điểm thi THPT,2024,26.02,Sư phạm Vật lý
62987,DTS,su-pham-vat-ly,A00,Điểm thi THPT,2025,26.15,Sư phạm Vật lý
62988,DTS,su-pham-vat-ly,A01,Điểm thi THPT,2025,25.65,Sư phạm Vật lý
62989,DTS,su-pham-vat-ly,C01,Điểm thi THPT,2025,25.65,Sư phạm Vật lý
62990,DTS,su-pham-vat-ly,X07,Điểm thi THPT,2025,26.15,Sư phạm Vật lý
62991,DTS,tam-ly-hoc-giao-duc,C00,Điểm thi THPT,2021,15.0,Tâm lý học giáo dục
62992,DTS,tam-ly-hoc-giao-duc,C14,Điểm thi THPT,2021,15.0,Tâm lý học giáo dục
62993,DTS,tam-ly-hoc-giao-duc,C20,Điểm thi THPT,2021,15.0,Tâm lý học giáo dục
62994,DTS,tam-ly-hoc-giao-duc,B00,Điểm học bạ,2022,25.25,Tâm lý học giáo dục
62995,DTS,tam-ly-hoc-giao-duc,C00,Điểm học bạ,2022,25.25,Tâm lý học giáo dục
62996,DTS,tam-ly-hoc-giao-duc,C14,Điểm học bạ,2022,25.25,Tâm lý học giáo dục
62997,DTS,tam-ly-hoc-giao-duc,C20,Điểm học bạ,2022,25.25,Tâm lý học giáo dục
62998,DTS,tam-ly-hoc-giao-duc,B00,Điểm thi THPT,2022,16.5,Tâm lý học giáo dục
62999,DTS,tam-ly-hoc-giao-duc,C00,Điểm thi THPT,2022,16.5,Tâm lý học giáo dục
63000,DTS,tam-ly-hoc-giao-duc,C14,Điểm thi THPT,2022,16.5,Tâm lý học giáo dục
63001,DTS,tam-ly-hoc-giao-duc,C20,Điểm thi THPT,2022,16.5,Tâm lý học giáo dục
63002,DTS,tam-ly-hoc-giao-duc,B00,Điểm học bạ,2023,27.1,Tâm lý học giáo dục
63003,DTS,tam-ly-hoc-giao-duc,C00,Điểm học bạ,2023,27.1,Tâm lý học giáo dục
63004,DTS,tam-ly-hoc-giao-duc,C14,Điểm học bạ,2023,27.1,Tâm lý học giáo dục
63005,DTS,tam-ly-hoc-giao-duc,C20,Điểm học bạ,2023,27.1,Tâm lý học giáo dục
63006,DTS,tam-ly-hoc-giao-duc,B00,Điểm thi THPT,2023,24.0,Tâm lý học giáo dục
63007,DTS,tam-ly-hoc-giao-duc,C00,Điểm thi THPT,2023,24.0,Tâm lý học giáo dục
63008,DTS,tam-ly-hoc-giao-duc,C14,Điểm thi THPT,2023,24.0,Tâm lý học giáo dục
63009,DTS,tam-ly-hoc-giao-duc,C20,Điểm thi THPT,2023,24.0,Tâm lý học giáo dục
63010,DTS,tam-ly-hoc-giao-duc,B00,Điểm học bạ,2024,27.44,Tâm lý học giáo dục
63011,DTS,tam-ly-hoc-giao-duc,C00,Điểm học bạ,2024,27.44,Tâm lý học giáo dục
63012,DTS,tam-ly-hoc-giao-duc,C14,Điểm học bạ,2024,27.44,Tâm lý học giáo dục
63013,DTS,tam-ly-hoc-giao-duc,C20,Điểm học bạ,2024,27.44,Tâm lý học giáo dục
63014,DTS,tam-ly-hoc-giao-duc,B00,Điểm thi THPT,2024,27.08,Tâm lý học giáo dục
63015,DTS,tam-ly-hoc-giao-duc,C00,Điểm thi THPT,2024,27.08,Tâm lý học giáo dục
63016,DTS,tam-ly-hoc-giao-duc,C14,Điểm thi THPT,2024,27.08,Tâm lý học giáo dục
63017,DTS,tam-ly-hoc-giao-duc,C20,Điểm thi THPT,2024,27.08,Tâm lý học giáo dục
63018,DTS,tam-ly-hoc-giao-duc,C00,Điểm thi THPT,2025,26.11,Tâm lý học giáo dục
63019,DTS,tam-ly-hoc-giao-duc,C19,Điểm thi THPT,2025,26.11,Tâm lý học giáo dục
63020,DTS,tam-ly-hoc-giao-duc,C20,Điểm thi THPT,2025,26.36,Tâm lý học giáo dục
63021,DTS,tam-ly-hoc-giao-duc,D01,Điểm thi THPT,2025,24.61,Tâm lý học giáo dục
63022,DTS,tam-ly-hoc-giao-duc,X70,Điểm thi THPT,2025,26.11,Tâm lý học giáo dục
63023,DTS,tam-ly-hoc-giao-duc,X74,Điểm thi THPT,2025,26.36,Tâm lý học giáo dục
63024,DTT,bao-ho-lao-dong,A00,Điểm thi THPT,2022,23.0,Bảo hộ lao động
63025,DTT,bao-ho-lao-dong,A01,Điểm thi THPT,2022,23.0,Bảo hộ lao động
63026,DTT,bao-ho-lao-dong,B00,Điểm thi THPT,2022,23.0,Bảo hộ lao động
63027,DTT,bao-ho-lao-dong,D07,Điểm thi THPT,2022,23.0,Bảo hộ lao động
63028,DTT,bao-ho-lao-dong,B08,Điểm học bạ,2023,26.0,Bảo hộ lao động
63029,DTT,bao-ho-lao-dong,A00,Điểm thi THPT,2023,22.0,Bảo hộ lao động
63030,DTT,bao-ho-lao-dong,A01,Điểm thi THPT,2023,22.0,Bảo hộ lao động
63031,DTT,bao-ho-lao-dong,B00,Điểm thi THPT,2023,22.0,Bảo hộ lao động
63032,DTT,bao-ho-lao-dong,D07,Điểm thi THPT,2023,22.0,Bảo hộ lao động
63033,DTT,bao-ho-lao-dong,B08,Điểm học bạ,2024,26.0,Bảo hộ lao động
63034,DTT,bao-ho-lao-dong,A00,Điểm thi THPT,2024,22.0,Bảo hộ lao động
63035,DTT,bao-ho-lao-dong,A01,Điểm thi THPT,2024,22.0,Bảo hộ lao động
63036,DTT,bao-ho-lao-dong,B00,Điểm thi THPT,2024,22.0,Bảo hộ lao động
63037,DTT,bao-ho-lao-dong,D07,Điểm thi THPT,2024,22.0,Bảo hộ lao động
63038,DTT,bao-ho-lao-dong,B03,Điểm học bạ,2025,24.0,Bảo hộ lao động
63039,DTT,bao-ho-lao-dong,C01,Điểm học bạ,2025,24.0,Bảo hộ lao động
63040,DTT,bao-ho-lao-dong,C02,Điểm học bạ,2025,24.0,Bảo hộ lao động
63041,DTT,bao-ho-lao-dong,A00,Điểm thi THPT,2025,20.0,Bảo hộ lao động
63042,DTT,bao-ho-lao-dong,A01,Điểm thi THPT,2025,20.0,Bảo hộ lao động
63043,DTT,bao-ho-lao-dong,B00,Điểm thi THPT,2025,20.0,Bảo hộ lao động
63044,DTT,bao-ho-lao-dong,B03,Điểm thi THPT,2025,20.0,Bảo hộ lao động
63045,DTT,bao-ho-lao-dong,B08,Điểm thi THPT,2025,20.0,Bảo hộ lao động
63046,DTT,bao-ho-lao-dong,C01,Điểm thi THPT,2025,20.0,Bảo hộ lao động
63047,DTT,bao-ho-lao-dong,C02,Điểm thi THPT,2025,20.0,Bảo hộ lao động
63048,DTT,bao-ho-lao-dong,D07,Điểm thi THPT,2025,20.0,Bảo hộ lao động
63049,DTT,bao-ho-lao-dong-chuong-trinh-hoc-tai-phan-hieu-khanh-hoa,B03,Điểm học bạ,2025,24.0,Bảo hộ lao động - Chương trình học tại Phân hiệu Khánh Hòa
63050,DTT,bao-ho-lao-dong-chuong-trinh-hoc-tai-phan-hieu-khanh-hoa,C01,Điểm học bạ,2025,24.0,Bảo hộ lao động - Chương trình học tại Phân hiệu Khánh Hòa
63051,DTT,bao-ho-lao-dong-chuong-trinh-hoc-tai-phan-hieu-khanh-hoa,C02,Điểm học bạ,2025,24.0,Bảo hộ lao động - Chương trình học tại Phân hiệu Khánh Hòa
63052,DTT,bao-ho-lao-dong-chuong-trinh-hoc-tai-phan-hieu-khanh-hoa,A00,Điểm thi THPT,2025,20.0,Bảo hộ lao động - Chương trình học tại Phân hiệu Khánh Hòa
63053,DTT,bao-ho-lao-dong-chuong-trinh-hoc-tai-phan-hieu-khanh-hoa,A01,Điểm thi THPT,2025,20.0,Bảo hộ lao động - Chương trình học tại Phân hiệu Khánh Hòa
63054,DTT,bao-ho-lao-dong-chuong-trinh-hoc-tai-phan-hieu-khanh-hoa,B00,Điểm thi THPT,2025,20.0,Bảo hộ lao động - Chương trình học tại Phân hiệu Khánh Hòa
63055,DTT,bao-ho-lao-dong-chuong-trinh-hoc-tai-phan-hieu-khanh-hoa,B03,Điểm thi THPT,2025,20.0,Bảo hộ lao động - Chương trình học tại Phân hiệu Khánh Hòa
63056,DTT,bao-ho-lao-dong-chuong-trinh-hoc-tai-phan-hieu-khanh-hoa,B08,Điểm thi THPT,2025,20.0,Bảo hộ lao động - Chương trình học tại Phân hiệu Khánh Hòa
63057,DTT,bao-ho-lao-dong-chuong-trinh-hoc-tai-phan-hieu-khanh-hoa,C01,Điểm thi THPT,2025,20.0,Bảo hộ lao động - Chương trình học tại Phân hiệu Khánh Hòa
63058,DTT,bao-ho-lao-dong-chuong-trinh-hoc-tai-phan-hieu-khanh-hoa,C02,Điểm thi THPT,2025,20.0,Bảo hộ lao động - Chương trình học tại Phân hiệu Khánh Hòa
63059,DTT,bao-ho-lao-dong-chuong-trinh-hoc-tai-phan-hieu-khanh-hoa,D07,Điểm thi THPT,2025,20.0,Bảo hộ lao động - Chương trình học tại Phân hiệu Khánh Hòa
63060,DTT,bao-ho-lao-dong-chuong-trinh-tieu-chuan,A00,Điểm thi THPT,2021,23.0,Bảo hộ lao động - Chương trình tiêu chuẩn
63061,DTT,bao-ho-lao-dong-chuong-trinh-tieu-chuan,B00,Điểm thi THPT,2021,23.0,Bảo hộ lao động - Chương trình tiêu chuẩn
63062,DTT,bao-ho-lao-dong-chuong-trinh-tieu-chuan,D07,Điểm thi THPT,2021,23.0,Bảo hộ lao động - Chương trình tiêu chuẩn
63063,DTT,bao-ho-lao-dong-chuong-trinh-tieu-chuan,D08,Điểm thi THPT,2021,23.0,Bảo hộ lao động - Chương trình tiêu chuẩn
63064,DTT,cap-thoat-nuoc-va-moi-truong-nuoc,A00,Điểm thi THPT,2022,22.0,Công nghệ kỹ thuật môi trường (chuyên ngành Cấp thoát nước và môi trường nước)
63065,DTT,cap-thoat-nuoc-va-moi-truong-nuoc,A01,Điểm thi THPT,2022,22.0,Công nghệ kỹ thuật môi trường (chuyên ngành Cấp thoát nước và môi trường nước)
63066,DTT,cap-thoat-nuoc-va-moi-truong-nuoc,B00,Điểm thi THPT,2022,22.0,Công nghệ kỹ thuật môi trường (chuyên ngành Cấp thoát nước và môi trường nước)
63067,DTT,cap-thoat-nuoc-va-moi-truong-nuoc,D07,Điểm thi THPT,2022,22.0,Công nghệ kỹ thuật môi trường (chuyên ngành Cấp thoát nước và môi trường nước)
63068,DTT,cap-thoat-nuoc-va-moi-truong-nuoc,B08,Điểm học bạ,2023,26.0,Công nghệ kỹ thuật môi trường (Chuyên ngành cấp thoát nước và môi trường nước)
63069,DTT,cap-thoat-nuoc-va-moi-truong-nuoc,A00,Điểm thi THPT,2023,22.0,Công nghệ kỹ thuật môi trường (Chuyên ngành cấp thoát nước và môi trường nước)
63070,DTT,cap-thoat-nuoc-va-moi-truong-nuoc,A01,Điểm thi THPT,2023,22.0,Công nghệ kỹ thuật môi trường (Chuyên ngành cấp thoát nước và môi trường nước)
63071,DTT,cap-thoat-nuoc-va-moi-truong-nuoc,B00,Điểm thi THPT,2023,22.0,Công nghệ kỹ thuật môi trường (Chuyên ngành cấp thoát nước và môi trường nước)
63072,DTT,cap-thoat-nuoc-va-moi-truong-nuoc,D07,Điểm thi THPT,2023,22.0,Công nghệ kỹ thuật môi trường (Chuyên ngành cấp thoát nước và môi trường nước)
63073,DTT,cap-thoat-nuoc-va-moi-truong-nuoc,B08,Điểm học bạ,2024,26.0,Công nghệ kỹ thuật môi trường (Chuyên ngành cấp thoát nước và môi trường nước)
63074,DTT,cap-thoat-nuoc-va-moi-truong-nuoc,A00,Điểm thi THPT,2024,22.0,Công nghệ kỹ thuật môi trường (Chuyên ngành cấp thoát nước và môi trường nước)
63075,DTT,cap-thoat-nuoc-va-moi-truong-nuoc,A01,Điểm thi THPT,2024,22.0,Công nghệ kỹ thuật môi trường (Chuyên ngành cấp thoát nước và môi trường nước)
63076,DTT,cap-thoat-nuoc-va-moi-truong-nuoc,B00,Điểm thi THPT,2024,22.0,Công nghệ kỹ thuật môi trường (Chuyên ngành cấp thoát nước và môi trường nước)
63077,DTT,cap-thoat-nuoc-va-moi-truong-nuoc,D07,Điểm thi THPT,2024,22.0,Công nghệ kỹ thuật môi trường (Chuyên ngành cấp thoát nước và môi trường nước)
63078,DTT,cap-thoat-nuoc-va-moi-truong-nuoc,B03,Điểm học bạ,2025,24.0,Công nghệ kỹ thuật môi trường (Chuyên ngành cấp thoát nước và môi trường nước)
63079,DTT,cap-thoat-nuoc-va-moi-truong-nuoc,C01,Điểm học bạ,2025,24.0,Công nghệ kỹ thuật môi trường (Chuyên ngành cấp thoát nước và môi trường nước)
63080,DTT,cap-thoat-nuoc-va-moi-truong-nuoc,C02,Điểm học bạ,2025,24.0,Công nghệ kỹ thuật môi trường (Chuyên ngành cấp thoát nước và môi trường nước)
63081,DTT,cap-thoat-nuoc-va-moi-truong-nuoc,A00,Điểm thi THPT,2025,20.0,Công nghệ kỹ thuật môi trường (Chuyên ngành cấp thoát nước và môi trường nước)
63082,DTT,cap-thoat-nuoc-va-moi-truong-nuoc,A01,Điểm thi THPT,2025,20.0,Công nghệ kỹ thuật môi trường (Chuyên ngành cấp thoát nước và môi trường nước)
63083,DTT,cap-thoat-nuoc-va-moi-truong-nuoc,B00,Điểm thi THPT,2025,20.0,Công nghệ kỹ thuật môi trường (Chuyên ngành cấp thoát nước và môi trường nước)
63084,DTT,cap-thoat-nuoc-va-moi-truong-nuoc,B03,Điểm thi THPT,2025,20.0,Công nghệ kỹ thuật môi trường (Chuyên ngành cấp thoát nước và môi trường nước)
63085,DTT,cap-thoat-nuoc-va-moi-truong-nuoc,B08,Điểm thi THPT,2025,20.0,Công nghệ kỹ thuật môi trường (Chuyên ngành cấp thoát nước và môi trường nước)
63086,DTT,cap-thoat-nuoc-va-moi-truong-nuoc,C01,Điểm thi THPT,2025,20.0,Công nghệ kỹ thuật môi trường (Chuyên ngành cấp thoát nước và môi trường nước)
63087,DTT,cap-thoat-nuoc-va-moi-truong-nuoc,C02,Điểm thi THPT,2025,20.0,Công nghệ kỹ thuật môi trường (Chuyên ngành cấp thoát nước và môi trường nước)
63088,DTT,cap-thoat-nuoc-va-moi-truong-nuoc,D07,Điểm thi THPT,2025,20.0,Công nghệ kỹ thuật môi trường (Chuyên ngành cấp thoát nước và môi trường nước)
63089,DTT,cap-thoat-nuoc-va-moi-truong-nuoc-chuong-trinh-tieu-chuan,A00,Điểm thi THPT,2021,23.0,Công nghệ kỹ thuật môi trường (Chuyên ngành cấp thoát nước và môi trường nước) - Chương trình tiêu chuẩn
63090,DTT,cap-thoat-nuoc-va-moi-truong-nuoc-chuong-trinh-tieu-chuan,B00,Điểm thi THPT,2021,23.0,Công nghệ kỹ thuật môi trường (Chuyên ngành cấp thoát nước và môi trường nước) - Chương trình tiêu chuẩn
63091,DTT,cap-thoat-nuoc-va-moi-truong-nuoc-chuong-trinh-tieu-chuan,D07,Điểm thi THPT,2021,23.0,Công nghệ kỹ thuật môi trường (Chuyên ngành cấp thoát nước và môi trường nước) - Chương trình tiêu chuẩn
63092,DTT,cap-thoat-nuoc-va-moi-truong-nuoc-chuong-trinh-tieu-chuan,D08,Điểm thi THPT,2021,23.0,Công nghệ kỹ thuật môi trường (Chuyên ngành cấp thoát nước và môi trường nước) - Chương trình tiêu chuẩn
63093,DTT,cong-nghe-sinh-hoc,A00,Điểm thi THPT,2022,26.5,Công nghệ sinh học
63094,DTT,cong-nghe-sinh-hoc,B00,Điểm thi THPT,2022,26.5,Công nghệ sinh học
63095,DTT,cong-nghe-sinh-hoc,D08,Điểm thi THPT,2022,26.5,Công nghệ sinh học
63096,DTT,cong-nghe-sinh-hoc,B08,Điểm học bạ,2023,34.25,Công nghệ sinh học
63097,DTT,cong-nghe-sinh-hoc,A00,Điểm thi THPT,2023,28.2,Công nghệ sinh học
63098,DTT,cong-nghe-sinh-hoc,B00,Điểm thi THPT,2023,28.2,Công nghệ sinh học
63099,DTT,cong-nghe-sinh-hoc,D08,Điểm thi THPT,2023,28.2,Công nghệ sinh học
63100,DTT,cong-nghe-sinh-hoc,B08,Điểm học bạ,2024,33.75,Công nghệ sinh học
63101,DTT,cong-nghe-sinh-hoc,A00,Điểm thi THPT,2024,25.0,Công nghệ sinh học
63102,DTT,cong-nghe-sinh-hoc,B00,Điểm thi THPT,2024,25.0,Công nghệ sinh học
63103,DTT,cong-nghe-sinh-hoc,D08,Điểm thi THPT,2024,25.0,Công nghệ sinh học
63104,DTT,cong-nghe-sinh-hoc,A02,Điểm học bạ,2025,31.22,Công nghệ sinh học
63105,DTT,cong-nghe-sinh-hoc,B00,Điểm học bạ,2025,31.22,Công nghệ sinh học
63106,DTT,cong-nghe-sinh-hoc,B08,Điểm học bạ,2025,31.22,Công nghệ sinh học
63107,DTT,cong-nghe-sinh-hoc,A01,Điểm thi THPT,2025,25.27,Công nghệ sinh học
63108,DTT,cong-nghe-sinh-hoc,A02,Điểm thi THPT,2025,25.27,Công nghệ sinh học
63109,DTT,cong-nghe-sinh-hoc,B00,Điểm thi THPT,2025,25.27,Công nghệ sinh học
63110,DTT,cong-nghe-sinh-hoc,B03,Điểm thi THPT,2025,25.27,Công nghệ sinh học
63111,DTT,cong-nghe-sinh-hoc,B08,Điểm thi THPT,2025,25.27,Công nghệ sinh học
63112,DTT,cong-nghe-sinh-hoc,X14,Điểm thi THPT,2025,25.27,Công nghệ sinh học
63113,DTT,cong-nghe-sinh-hoc,X15,Điểm thi THPT,2025,25.27,Công nghệ sinh học
63114,DTT,cong-nghe-sinh-hoc-chat-luong-cao,A00,Điểm thi THPT,2021,24.0,Công nghệ sinh học - Chất lượng cao
63115,DTT,cong-nghe-sinh-hoc-chat-luong-cao,B00,Điểm thi THPT,2021,24.0,Công nghệ sinh học - Chất lượng cao
63116,DTT,cong-nghe-sinh-hoc-chat-luong-cao,D08,Điểm thi THPT,2021,24.0,Công nghệ sinh học - Chất lượng cao
63117,DTT,cong-nghe-sinh-hoc-chat-luong-cao,B08,Điểm học bạ,2023,27.0,Công nghệ sinh học - Chất lượng cao
63118,DTT,cong-nghe-sinh-hoc-chat-luong-cao,A00,Điểm thi THPT,2023,24.0,Công nghệ sinh học - Chất lượng cao
63119,DTT,cong-nghe-sinh-hoc-chat-luong-cao,B00,Điểm thi THPT,2023,24.0,Công nghệ sinh học - Chất lượng cao
63120,DTT,cong-nghe-sinh-hoc-chat-luong-cao,D08,Điểm thi THPT,2023,24.0,Công nghệ sinh học - Chất lượng cao
63121,DTT,cong-nghe-sinh-hoc-chat-luong-cao,B08,Điểm học bạ,2024,27.0,Công nghệ sinh học - Chất lượng cao
63122,DTT,cong-nghe-sinh-hoc-chat-luong-cao,A00,Điểm thi THPT,2024,23.0,Công nghệ sinh học - Chất lượng cao
63123,DTT,cong-nghe-sinh-hoc-chat-luong-cao,B00,Điểm thi THPT,2024,23.0,Công nghệ sinh học - Chất lượng cao
63124,DTT,cong-nghe-sinh-hoc-chat-luong-cao,D08,Điểm thi THPT,2024,23.0,Công nghệ sinh học - Chất lượng cao
63125,DTT,cong-nghe-sinh-hoc-chuong-trinh-clc,A00,Điểm thi THPT,2022,22.0,Công nghệ sinh học - chương trình CLC
63126,DTT,cong-nghe-sinh-hoc-chuong-trinh-clc,B00,Điểm thi THPT,2022,22.0,Công nghệ sinh học - chương trình CLC
63127,DTT,cong-nghe-sinh-hoc-chuong-trinh-clc,D08,Điểm thi THPT,2022,22.0,Công nghệ sinh học - chương trình CLC
63128,DTT,cong-nghe-sinh-hoc-chuong-trinh-dai-hoc-bang-tieng-anh,A00,Điểm thi THPT,2021,24.0,Công nghệ sinh học - Chương trình đại học bằng tiếng Anh
63129,DTT,cong-nghe-sinh-hoc-chuong-trinh-dai-hoc-bang-tieng-anh,B00,Điểm thi THPT,2021,24.0,Công nghệ sinh học - Chương trình đại học bằng tiếng Anh
63130,DTT,cong-nghe-sinh-hoc-chuong-trinh-dai-hoc-bang-tieng-anh,D08,Điểm thi THPT,2021,24.0,Công nghệ sinh học - Chương trình đại học bằng tiếng Anh
63131,DTT,cong-nghe-sinh-hoc-chuong-trinh-dai-hoc-bang-tieng-anh,R00,Điểm học bạ,2022,28.0,Công nghệ sinh học - chương trình đại học bằng Tiếng Anh
63132,DTT,cong-nghe-sinh-hoc-chuong-trinh-dai-hoc-bang-tieng-anh,E02,Điểm thi THPT,2022,24.0,Công nghệ sinh học - chương trình đại học bằng Tiếng Anh
63133,DTT,cong-nghe-sinh-hoc-chuong-trinh-dai-hoc-bang-tieng-anh,E05,Điểm thi THPT,2022,24.0,Công nghệ sinh học - chương trình đại học bằng Tiếng Anh
63134,DTT,cong-nghe-sinh-hoc-chuong-trinh-dai-hoc-bang-tieng-anh,B00,Điểm thi THPT,2023,24.0,Công nghệ sinh học - Chương trình đại học bằng tiếng Anh
63135,DTT,cong-nghe-sinh-hoc-chuong-trinh-dai-hoc-bang-tieng-anh,D08,Điểm thi THPT,2023,24.0,Công nghệ sinh học - Chương trình đại học bằng tiếng Anh
63136,DTT,cong-nghe-sinh-hoc-chuong-trinh-dai-hoc-bang-tieng-anh,E02,Điểm thi THPT,2023,24.0,Công nghệ sinh học - Chương trình đại học bằng tiếng Anh
63137,DTT,cong-nghe-sinh-hoc-chuong-trinh-dai-hoc-bang-tieng-anh,E05,Điểm thi THPT,2023,24.0,Công nghệ sinh học - Chương trình đại học bằng tiếng Anh
63138,DTT,cong-nghe-sinh-hoc-chuong-trinh-dai-hoc-bang-tieng-anh,B08,Điểm học bạ,2024,28.0,Công nghệ sinh học - Chương trình đại học bằng tiếng Anh
63139,DTT,cong-nghe-sinh-hoc-chuong-trinh-dai-hoc-bang-tieng-anh,B00,Điểm thi THPT,2024,24.0,Công nghệ sinh học - Chương trình đại học bằng tiếng Anh
63140,DTT,cong-nghe-sinh-hoc-chuong-trinh-dai-hoc-bang-tieng-anh,D08,Điểm thi THPT,2024,24.0,Công nghệ sinh học - Chương trình đại học bằng tiếng Anh
63141,DTT,cong-nghe-sinh-hoc-chuong-trinh-dai-hoc-bang-tieng-anh,E05,Điểm thi THPT,2024,24.0,Công nghệ sinh học - Chương trình đại học bằng tiếng Anh
63142,DTT,cong-nghe-sinh-hoc-chuong-trinh-dai-hoc-bang-tieng-anh,B08,Điểm học bạ,2025,28.39,Công nghệ sinh học - Chương trình đại học bằng tiếng Anh
63143,DTT,cong-nghe-sinh-hoc-chuong-trinh-dai-hoc-bang-tieng-anh,A01,Điểm thi THPT,2025,22.0,Công nghệ sinh học - Chương trình đại học bằng tiếng Anh
63144,DTT,cong-nghe-sinh-hoc-chuong-trinh-dai-hoc-bang-tieng-anh,A02,Điểm thi THPT,2025,22.0,Công nghệ sinh học - Chương trình đại học bằng tiếng Anh
63145,DTT,cong-nghe-sinh-hoc-chuong-trinh-dai-hoc-bang-tieng-anh,B00,Điểm thi THPT,2025,22.0,Công nghệ sinh học - Chương trình đại học bằng tiếng Anh
63146,DTT,cong-nghe-sinh-hoc-chuong-trinh-dai-hoc-bang-tieng-anh,B03,Điểm thi THPT,2025,22.0,Công nghệ sinh học - Chương trình đại học bằng tiếng Anh
63147,DTT,cong-nghe-sinh-hoc-chuong-trinh-dai-hoc-bang-tieng-anh,B08,Điểm thi THPT,2025,22.0,Công nghệ sinh học - Chương trình đại học bằng tiếng Anh
63148,DTT,cong-nghe-sinh-hoc-chuong-trinh-dai-hoc-bang-tieng-anh,X14,Điểm thi THPT,2025,22.0,Công nghệ sinh học - Chương trình đại học bằng tiếng Anh
63149,DTT,cong-nghe-sinh-hoc-chuong-trinh-dai-hoc-bang-tieng-anh,X15,Điểm thi THPT,2025,22.0,Công nghệ sinh học - Chương trình đại học bằng tiếng Anh
63150,DTT,cong-nghe-sinh-hoc-chuong-trinh-du-bi-dai-hoc-bang-tieng-anh,B00,Điểm thi THPT,2024,24.0,Công nghệ sinh học - Chương trình dự bị đại học bằng tiếng Anh
63151,DTT,cong-nghe-sinh-hoc-chuong-trinh-du-bi-dai-hoc-bang-tieng-anh,D08,Điểm thi THPT,2024,24.0,Công nghệ sinh học - Chương trình dự bị đại học bằng tiếng Anh
63152,DTT,cong-nghe-sinh-hoc-chuong-trinh-du-bi-dai-hoc-bang-tieng-anh,B08,Điểm học bạ,2025,28.39,Công nghệ sinh học - Chương trình dự bị đại học bằng tiếng Anh
63153,DTT,cong-nghe-sinh-hoc-chuong-trinh-du-bi-dai-hoc-bang-tieng-anh,A01,Điểm thi THPT,2025,22.0,Công nghệ sinh học - Chương trình dự bị đại học bằng tiếng Anh
63154,DTT,cong-nghe-sinh-hoc-chuong-trinh-du-bi-dai-hoc-bang-tieng-anh,A02,Điểm thi THPT,2025,22.0,Công nghệ sinh học - Chương trình dự bị đại học bằng tiếng Anh
63155,DTT,cong-nghe-sinh-hoc-chuong-trinh-du-bi-dai-hoc-bang-tieng-anh,B00,Điểm thi THPT,2025,22.0,Công nghệ sinh học - Chương trình dự bị đại học bằng tiếng Anh
63156,DTT,cong-nghe-sinh-hoc-chuong-trinh-du-bi-dai-hoc-bang-tieng-anh,B03,Điểm thi THPT,2025,22.0,Công nghệ sinh học - Chương trình dự bị đại học bằng tiếng Anh
63157,DTT,cong-nghe-sinh-hoc-chuong-trinh-du-bi-dai-hoc-bang-tieng-anh,B08,Điểm thi THPT,2025,22.0,Công nghệ sinh học - Chương trình dự bị đại học bằng tiếng Anh
63158,DTT,cong-nghe-sinh-hoc-chuong-trinh-du-bi-dai-hoc-bang-tieng-anh,X14,Điểm thi THPT,2025,22.0,Công nghệ sinh học - Chương trình dự bị đại học bằng tiếng Anh
63159,DTT,cong-nghe-sinh-hoc-chuong-trinh-du-bi-dai-hoc-bang-tieng-anh,X15,Điểm thi THPT,2025,22.0,Công nghệ sinh học - Chương trình dự bị đại học bằng tiếng Anh
63160,DTT,cong-nghe-sinh-hoc-chuong-trinh-tieu-chuan,A00,Điểm thi THPT,2021,29.6,Công nghệ sinh học - Chương trình tiêu chuẩn
63161,DTT,cong-nghe-sinh-hoc-chuong-trinh-tieu-chuan,B00,Điểm thi THPT,2021,29.6,Công nghệ sinh học - Chương trình tiêu chuẩn
63162,DTT,cong-nghe-sinh-hoc-chuong-trinh-tieu-chuan,D08,Điểm thi THPT,2021,29.6,Công nghệ sinh học - Chương trình tiêu chuẩn
63163,DTT,cong-nghe-thong-tin-chuong-trinh-du-bi-lien-ket-dai-hoc-la-trobe,A01,Điểm thi THPT,2024,28.0,Công nghệ thông tin (song bằng 2+2) - Chương trình dự bị liên kết Đại học La Trobe (Úc)
63164,DTT,cong-nghe-thong-tin-chuong-trinh-du-bi-lien-ket-dai-hoc-la-trobe,D01,Điểm thi THPT,2024,28.0,Công nghệ thông tin (song bằng 2+2) - Chương trình dự bị liên kết Đại học La Trobe (Úc)
63165,DTT,cong-nghe-thong-tin-chuong-trinh-du-bi-lien-ket-dai-hoc-la-trobe,A01,Điểm học bạ,2025,32.1,Công nghệ thông tin (song bằng 2+2) - Chương trình dự bị liên kết Đại học La Trobe (Úc)
63166,DTT,cong-nghe-thong-tin-chuong-trinh-du-bi-lien-ket-dai-hoc-la-trobe,D01,Điểm học bạ,2025,32.1,Công nghệ thông tin (song bằng 2+2) - Chương trình dự bị liên kết Đại học La Trobe (Úc)
63167,DTT,cong-nghe-thong-tin-chuong-trinh-du-bi-lien-ket-dai-hoc-la-trobe,A00,Điểm thi THPT,2025,26.0,Công nghệ thông tin (song bằng 2+2) - Chương trình dự bị liên kết Đại học La Trobe (Úc)
63168,DTT,cong-nghe-thong-tin-chuong-trinh-du-bi-lien-ket-dai-hoc-la-trobe,A01,Điểm thi THPT,2025,26.0,Công nghệ thông tin (song bằng 2+2) - Chương trình dự bị liên kết Đại học La Trobe (Úc)
63169,DTT,cong-nghe-thong-tin-chuong-trinh-du-bi-lien-ket-dai-hoc-la-trobe,C01,Điểm thi THPT,2025,26.0,Công nghệ thông tin (song bằng 2+2) - Chương trình dự bị liên kết Đại học La Trobe (Úc)
63170,DTT,cong-nghe-thong-tin-chuong-trinh-du-bi-lien-ket-dai-hoc-la-trobe,D01,Điểm thi THPT,2025,26.0,Công nghệ thông tin (song bằng 2+2) - Chương trình dự bị liên kết Đại học La Trobe (Úc)
63171,DTT,cong-nghe-thong-tin-chuong-trinh-du-bi-lien-ket-dai-hoc-la-trobe,D07,Điểm thi THPT,2025,26.0,Công nghệ thông tin (song bằng 2+2) - Chương trình dự bị liên kết Đại học La Trobe (Úc)
63172,DTT,cong-nghe-thong-tin-chuong-trinh-du-bi-lien-ket-dai-hoc-la-trobe,X26,Điểm thi THPT,2025,26.0,Công nghệ thông tin (song bằng 2+2) - Chương trình dự bị liên kết Đại học La Trobe (Úc)
63173,DTT,cong-nghe-thong-tin-chuong-trinh-lien-ket-dai-hoc-la-trobe,R00,Điểm học bạ,2022,28.0,"Công nghệ thông tin (song bằng, 2+2) - chương trình liên kết Đại học La Trobe (Úc)"
63174,DTT,cong-nghe-thong-tin-chuong-trinh-lien-ket-dai-hoc-la-trobe,E01,Điểm thi THPT,2022,24.0,"Công nghệ thông tin (song bằng, 2+2) - chương trình liên kết Đại học La Trobe (Úc)"
63175,DTT,cong-nghe-thong-tin-chuong-trinh-lien-ket-dai-hoc-la-trobe,E03,Điểm thi THPT,2022,24.0,"Công nghệ thông tin (song bằng, 2+2) - chương trình liên kết Đại học La Trobe (Úc)"
63176,DTT,cong-nghe-thong-tin-chuong-trinh-lien-ket-dai-hoc-la-trobe,E04,Điểm thi THPT,2022,24.0,"Công nghệ thông tin (song bằng, 2+2) - chương trình liên kết Đại học La Trobe (Úc)"
63177,DTT,cong-nghe-thong-tin-chuong-trinh-lien-ket-dai-hoc-la-trobe,E06,Điểm thi THPT,2022,24.0,"Công nghệ thông tin (song bằng, 2+2) - chương trình liên kết Đại học La Trobe (Úc)"
63178,DTT,cong-nghe-thong-tin-chuong-trinh-lien-ket-dai-hoc-la-trobe,A01,Điểm thi THPT,2023,31.0,Công nghệ thông tin (song bằng. 2+2) - Chương trình liên kết Đại học La Trobe (Úc)
63179,DTT,cong-nghe-thong-tin-chuong-trinh-lien-ket-dai-hoc-la-trobe,D01,Điểm thi THPT,2023,31.0,Công nghệ thông tin (song bằng. 2+2) - Chương trình liên kết Đại học La Trobe (Úc)
63180,DTT,cong-nghe-thong-tin-chuong-trinh-lien-ket-dai-hoc-la-trobe,E03,Điểm thi THPT,2023,31.0,Công nghệ thông tin (song bằng. 2+2) - Chương trình liên kết Đại học La Trobe (Úc)
63181,DTT,cong-nghe-thong-tin-chuong-trinh-lien-ket-dai-hoc-la-trobe,E06,Điểm thi THPT,2023,31.0,Công nghệ thông tin (song bằng. 2+2) - Chương trình liên kết Đại học La Trobe (Úc)
63182,DTT,cong-nghe-thong-tin-chuong-trinh-lien-ket-dai-hoc-la-trobe,A01,Điểm thi THPT,2024,28.0,Công nghệ thông tin (song bằng 2+2) - Chương trình liên kết Đại học La Trobe (Úc)
63183,DTT,cong-nghe-thong-tin-chuong-trinh-lien-ket-dai-hoc-la-trobe,D01,Điểm thi THPT,2024,28.0,Công nghệ thông tin (song bằng 2+2) - Chương trình liên kết Đại học La Trobe (Úc)
63184,DTT,cong-nghe-thong-tin-chuong-trinh-lien-ket-dai-hoc-la-trobe,E04,Điểm thi THPT,2024,28.0,Công nghệ thông tin (song bằng 2+2) - Chương trình liên kết Đại học La Trobe (Úc)
63185,DTT,cong-nghe-thong-tin-chuong-trinh-lien-ket-dai-hoc-la-trobe,E06,Điểm thi THPT,2024,28.0,Công nghệ thông tin (song bằng 2+2) - Chương trình liên kết Đại học La Trobe (Úc)
63186,DTT,cong-nghe-thong-tin-chuong-trinh-lien-ket-dai-hoc-la-trobe,A01,Điểm học bạ,2025,27.87,Công nghệ thông tin (song bằng 2+2) - Chương trình liên kết Đại học La Trobe (Úc)
63187,DTT,cong-nghe-thong-tin-chuong-trinh-lien-ket-dai-hoc-la-trobe,D01,Điểm học bạ,2025,27.87,Công nghệ thông tin (song bằng 2+2) - Chương trình liên kết Đại học La Trobe (Úc)
63188,DTT,cong-nghe-thong-tin-chuong-trinh-lien-ket-dai-hoc-la-trobe,A00,Điểm thi THPT,2025,24.0,Công nghệ thông tin (song bằng 2+2) - Chương trình liên kết Đại học La Trobe (Úc)
63189,DTT,cong-nghe-thong-tin-chuong-trinh-lien-ket-dai-hoc-la-trobe,A01,Điểm thi THPT,2025,24.0,Công nghệ thông tin (song bằng 2+2) - Chương trình liên kết Đại học La Trobe (Úc)
63190,DTT,cong-nghe-thong-tin-chuong-trinh-lien-ket-dai-hoc-la-trobe,C01,Điểm thi THPT,2025,24.0,Công nghệ thông tin (song bằng 2+2) - Chương trình liên kết Đại học La Trobe (Úc)
63191,DTT,cong-nghe-thong-tin-chuong-trinh-lien-ket-dai-hoc-la-trobe,D01,Điểm thi THPT,2025,24.0,Công nghệ thông tin (song bằng 2+2) - Chương trình liên kết Đại học La Trobe (Úc)
63192,DTT,cong-nghe-thong-tin-chuong-trinh-lien-ket-dai-hoc-la-trobe,D07,Điểm thi THPT,2025,24.0,Công nghệ thông tin (song bằng 2+2) - Chương trình liên kết Đại học La Trobe (Úc)
63193,DTT,cong-nghe-thong-tin-chuong-trinh-lien-ket-dai-hoc-la-trobe,X26,Điểm thi THPT,2025,24.0,Công nghệ thông tin (song bằng 2+2) - Chương trình liên kết Đại học La Trobe (Úc)
63194,DTT,cong-tac-xa-hoi,A01,Điểm thi THPT,2022,25.3,Công tác xã hội
63195,DTT,cong-tac-xa-hoi,C00,Điểm thi THPT,2022,25.3,Công tác xã hội
63196,DTT,cong-tac-xa-hoi,C01,Điểm thi THPT,2022,25.3,Công tác xã hội
63197,DTT,cong-tac-xa-hoi,D01,Điểm thi THPT,2022,25.3,Công tác xã hội
63198,DTT,cong-tac-xa-hoi,D14,Điểm học bạ,2023,29.0,Công tác xã hội
63199,DTT,cong-tac-xa-hoi,A01,Điểm thi THPT,2023,28.5,Công tác xã hội
63200,DTT,cong-tac-xa-hoi,C00,Điểm thi THPT,2023,28.5,Công tác xã hội
63201,DTT,cong-tac-xa-hoi,C01,Điểm thi THPT,2023,28.5,Công tác xã hội
63202,DTT,cong-tac-xa-hoi,D01,Điểm thi THPT,2023,28.5,Công tác xã hội
63203,DTT,cong-tac-xa-hoi,D14,Điểm học bạ,2024,30.0,Công tác xã hội
63204,DTT,cong-tac-xa-hoi,A01,Điểm thi THPT,2024,29.45,Công tác xã hội
63205,DTT,cong-tac-xa-hoi,C00,Điểm thi THPT,2024,29.45,Công tác xã hội
63206,DTT,cong-tac-xa-hoi,C01,Điểm thi THPT,2024,29.45,Công tác xã hội
63207,DTT,cong-tac-xa-hoi,D01,Điểm thi THPT,2024,29.45,Công tác xã hội
63208,DTT,cong-tac-xa-hoi,D01,Điểm học bạ,2025,36.04,Công tác xã hội
63209,DTT,cong-tac-xa-hoi,D14,Điểm học bạ,2025,36.04,Công tác xã hội
63210,DTT,cong-tac-xa-hoi,C00,Điểm thi THPT,2025,30.36,Công tác xã hội
63211,DTT,cong-tac-xa-hoi,C01,Điểm thi THPT,2025,30.11,Công tác xã hội
63212,DTT,cong-tac-xa-hoi,C02,Điểm thi THPT,2025,29.86,Công tác xã hội
63213,DTT,cong-tac-xa-hoi,C03,Điểm thi THPT,2025,30.11,Công tác xã hội
63214,DTT,cong-tac-xa-hoi,C04,Điểm thi THPT,2025,30.11,Công tác xã hội
63215,DTT,cong-tac-xa-hoi,D01,Điểm thi THPT,2025,29.86,Công tác xã hội
63216,DTT,cong-tac-xa-hoi,D14,Điểm thi THPT,2025,30.11,Công tác xã hội
63217,DTT,cong-tac-xa-hoi-chuong-trinh-tieu-chuan,A01,Điểm thi THPT,2021,29.5,Công tác xã hội - Chương trình tiêu chuẩn
63218,DTT,cong-tac-xa-hoi-chuong-trinh-tieu-chuan,C00,Điểm thi THPT,2021,29.5,Công tác xã hội - Chương trình tiêu chuẩn
63219,DTT,cong-tac-xa-hoi-chuong-trinh-tieu-chuan,C01,Điểm thi THPT,2021,29.5,Công tác xã hội - Chương trình tiêu chuẩn
63220,DTT,cong-tac-xa-hoi-chuong-trinh-tieu-chuan,D01,Điểm thi THPT,2021,29.5,Công tác xã hội - Chương trình tiêu chuẩn
63221,DTT,du-lich-va-lu-hanh,D14,Điểm học bạ,2024,34.25,Việt Nam học (Chuyên ngành Du lịch và lữ hành)
63222,DTT,du-lich-va-lu-hanh,A01,Điểm thi THPT,2024,22.0,Việt Nam học (Chuyên ngành Du lịch và lữ hành)
63223,DTT,du-lich-va-lu-hanh,C00,Điểm thi THPT,2024,22.0,Việt Nam học (Chuyên ngành Du lịch và lữ hành)
63224,DTT,du-lich-va-lu-hanh,C01,Điểm thi THPT,2024,22.0,Việt Nam học (Chuyên ngành Du lịch và lữ hành)
63225,DTT,du-lich-va-lu-hanh,D01,Điểm thi THPT,2024,22.0,Việt Nam học (Chuyên ngành Du lịch và lữ hành)
63226,DTT,du-lich-va-lu-hanh-chuong-trinh-hoc-tai-phan-hieu-khanh-hoa,D14,Điểm học bạ,2024,25.0,Việt Nam học (Chuyên ngành Du lịch và lữ hành) - Chương trình học tại Phân hiệu Khánh Hòa
63227,DTT,du-lich-va-quan-ly-du-lich,D14,Điểm học bạ,2024,34.25,Việt Nam học (Chuyên ngành Du lịch và quản lý du lịch)
63228,DTT,du-lich-va-quan-ly-du-lich,A01,Điểm thi THPT,2024,33.3,Việt Nam học (Chuyên ngành Du lịch và Quản lý du lịch)
63229,DTT,du-lich-va-quan-ly-du-lich,C00,Điểm thi THPT,2024,33.3,Việt Nam học (Chuyên ngành Du lịch và Quản lý du lịch)
63230,DTT,du-lich-va-quan-ly-du-lich,C01,Điểm thi THPT,2024,33.3,Việt Nam học (Chuyên ngành Du lịch và Quản lý du lịch)
63231,DTT,du-lich-va-quan-ly-du-lich,D01,Điểm thi THPT,2024,33.3,Việt Nam học (Chuyên ngành Du lịch và Quản lý du lịch)
63232,DTT,du-lich-va-quan-ly-du-lich-chat-luong-cao,D14,Điểm học bạ,2024,27.0,Việt Nam học (Chuyên ngành Du lịch và Quản lý du lịch) - Chất lượng cao
63233,DTT,du-lich-va-quan-ly-du-lich-chat-luong-cao,A01,Điểm thi THPT,2024,28.6,Việt Nam học (Chuyên ngành Du lịch và Quản lý du lịch) - Chất lượng cao
63234,DTT,du-lich-va-quan-ly-du-lich-chat-luong-cao,C00,Điểm thi THPT,2024,28.6,Việt Nam học (Chuyên ngành Du lịch và Quản lý du lịch) - Chất lượng cao
63235,DTT,du-lich-va-quan-ly-du-lich-chat-luong-cao,C01,Điểm thi THPT,2024,28.6,Việt Nam học (Chuyên ngành Du lịch và Quản lý du lịch) - Chất lượng cao
63236,DTT,du-lich-va-quan-ly-du-lich-chat-luong-cao,D01,Điểm thi THPT,2024,28.6,Việt Nam học (Chuyên ngành Du lịch và Quản lý du lịch) - Chất lượng cao
63237,DTT,du-lich-va-quan-ly-du-lich-chuong-trinh-dai-hoc-bang-tieng-anh,D14,Điểm học bạ,2024,28.0,Việt Nam học (Chuyên ngành Du lịch và Quản lý du lịch) - Chương trình đại học bằng tiếng Anh
63238,DTT,du-lich-va-quan-ly-du-lich-chuong-trinh-dai-hoc-bang-tieng-anh,A01,Điểm thi THPT,2024,24.0,Việt Nam học (Chuyên ngành Du lịch và Quản lý du lịch) - Chương trình đại học bằng tiếng Anh
63239,DTT,du-lich-va-quan-ly-du-lich-chuong-trinh-dai-hoc-bang-tieng-anh,D01,Điểm thi THPT,2024,24.0,Việt Nam học (Chuyên ngành Du lịch và Quản lý du lịch) - Chương trình đại học bằng tiếng Anh
63240,DTT,du-lich-va-quan-ly-du-lich-chuong-trinh-dai-hoc-bang-tieng-anh,E04,Điểm thi THPT,2024,24.0,Việt Nam học (Chuyên ngành Du lịch và Quản lý du lịch) - Chương trình đại học bằng tiếng Anh
63241,DTT,du-lich-va-quan-ly-du-lich-chuong-trinh-dai-hoc-bang-tieng-anh,E06,Điểm thi THPT,2024,24.0,Việt Nam học (Chuyên ngành Du lịch và Quản lý du lịch) - Chương trình đại học bằng tiếng Anh
63242,DTT,du-lich-va-quan-ly-du-lich-chuong-trinh-du-bi-dai-hoc-bang-tieng-anh,A01,Điểm thi THPT,2024,24.0,Việt Nam học (Chuyên ngành Du lịch và Quản lý du lịch) - Chương trình dự bị đại học bằng tiếng Anh
63243,DTT,du-lich-va-quan-ly-du-lich-chuong-trinh-du-bi-dai-hoc-bang-tieng-anh,D01,Điểm thi THPT,2024,24.0,Việt Nam học (Chuyên ngành Du lịch và Quản lý du lịch) - Chương trình dự bị đại học bằng tiếng Anh
63244,DTT,duoc-hoc,A00,Điểm thi THPT,2022,33.2,Dược học
63245,DTT,duoc-hoc,B00,Điểm thi THPT,2022,33.2,Dược học
63246,DTT,duoc-hoc,D07,Điểm thi THPT,2022,33.2,Dược học
63247,DTT,duoc-hoc,D07,Điểm học bạ,2023,36.5,Dược học
63248,DTT,duoc-hoc,A00,Điểm thi THPT,2023,31.4,Dược học
63249,DTT,duoc-hoc,B00,Điểm thi THPT,2023,31.4,Dược học
63250,DTT,duoc-hoc,D07,Điểm thi THPT,2023,31.4,Dược học
63251,DTT,duoc-hoc,D07,Điểm học bạ,2024,35.75,Dược học
63252,DTT,duoc-hoc,A00,Điểm thi THPT,2024,31.45,Dược học
63253,DTT,duoc-hoc,B00,Điểm thi THPT,2024,31.45,Dược học
63254,DTT,duoc-hoc,D07,Điểm thi THPT,2024,31.45,Dược học
63255,DTT,duoc-hoc,A00,Điểm học bạ,2025,34.36,Dược học
63256,DTT,duoc-hoc,B00,Điểm học bạ,2025,34.11,Dược học
63257,DTT,duoc-hoc,D07,Điểm học bạ,2025,34.11,Dược học
63258,DTT,duoc-hoc,A00,Điểm thi THPT,2025,27.92,Dược học
63259,DTT,duoc-hoc,B00,Điểm thi THPT,2025,27.77,Dược học
63260,DTT,duoc-hoc,C02,Điểm thi THPT,2025,27.92,Dược học
63261,DTT,duoc-hoc,D07,Điểm thi THPT,2025,27.67,Dược học
63262,DTT,duoc-hoc,X10,Điểm thi THPT,2025,27.92,Dược học
63263,DTT,duoc-hoc,X11,Điểm thi THPT,2025,27.77,Dược học
63264,DTT,duoc-hoc-chuong-trinh-tieu-chuan,A00,Điểm thi THPT,2021,33.8,Dược học - Chương trình tiêu chuẩn
63265,DTT,duoc-hoc-chuong-trinh-tieu-chuan,B00,Điểm thi THPT,2021,33.8,Dược học - Chương trình tiêu chuẩn
63266,DTT,duoc-hoc-chuong-trinh-tieu-chuan,D07,Điểm thi THPT,2021,33.8,Dược học - Chương trình tiêu chuẩn
63267,DTT,golf,A01,Điểm thi THPT,2022,23.0,Golf
63268,DTT,golf,D01,Điểm thi THPT,2022,23.0,Golf
63269,DTT,golf,T00,Điểm thi THPT,2022,23.0,Golf
63270,DTT,golf,T01,Điểm thi THPT,2022,23.0,Golf
63271,DTT,golf,D01,Điểm học bạ,2023,26.0,Quản lý thể dục thể thao (Chuyên ngành Golf)
63272,DTT,golf,A01,Điểm thi THPT,2023,22.0,Quản lý thể dục thể thao (Chuyên ngành Golf)
63273,DTT,golf,D01,Điểm thi THPT,2023,22.0,Quản lý thể dục thể thao (Chuyên ngành Golf)
63274,DTT,golf,T00,Điểm thi THPT,2023,22.0,Quản lý thể dục thể thao (Chuyên ngành Golf)
63275,DTT,golf,T01,Điểm thi THPT,2023,22.0,Quản lý thể dục thể thao (Chuyên ngành Golf)
63276,DTT,golf,D01,Điểm học bạ,2024,26.0,Quản lý thể dục thể thao (Chuyên ngành Golf)
63277,DTT,golf,A01,Điểm thi THPT,2024,22.0,Quản lý thể dục thể thao (Chuyên ngành Golf)
63278,DTT,golf,D01,Điểm thi THPT,2024,22.0,Quản lý thể dục thể thao (Chuyên ngành Golf)
63279,DTT,golf,T00,Điểm thi THPT,2024,22.0,Quản lý thể dục thể thao (Chuyên ngành Golf)
63280,DTT,golf,T01,Điểm thi THPT,2024,22.0,Quản lý thể dục thể thao (Chuyên ngành Golf)
63281,DTT,golf,D01,Điểm học bạ,2025,25.9,Quản lý thể dục thể thao (Chuyên ngành Golf)
63282,DTT,golf,A01,Điểm thi THPT,2025,21.0,Quản lý thể dục thể thao (Chuyên ngành Golf)
63283,DTT,golf,B03,Điểm thi THPT,2025,21.0,Quản lý thể dục thể thao (Chuyên ngành Golf)
63284,DTT,golf,B08,Điểm thi THPT,2025,21.0,Quản lý thể dục thể thao (Chuyên ngành Golf)
63285,DTT,golf,C01,Điểm thi THPT,2025,21.0,Quản lý thể dục thể thao (Chuyên ngành Golf)
63286,DTT,golf,D01,Điểm thi THPT,2025,21.0,Quản lý thể dục thể thao (Chuyên ngành Golf)
63287,DTT,golf,T00,Điểm thi THPT,2025,21.0,Quản lý thể dục thể thao (Chuyên ngành Golf)
63288,DTT,golf-chuong-trinh-tieu-chuan,A01,Điểm thi THPT,2021,23.0,Golf - Chương trình tiêu chuẩn
63289,DTT,golf-chuong-trinh-tieu-chuan,D01,Điểm thi THPT,2021,23.0,Golf - Chương trình tiêu chuẩn
63290,DTT,golf-chuong-trinh-tieu-chuan,T00,Điểm thi THPT,2021,23.0,Golf - Chương trình tiêu chuẩn
63291,DTT,golf-chuong-trinh-tieu-chuan,T01,Điểm thi THPT,2021,23.0,Golf - Chương trình tiêu chuẩn
63292,DTT,hanh-vi-to-chuc-chuong-trinh-hoc-tai-phan-hieu-khanh-hoa,A01,Điểm học bạ,2025,25.0,Quan hệ lao động (Chuyên ngành Hành vi tổ chức) - Chương trình học tại Phân hiệu Khánh Hòa
63293,DTT,hanh-vi-to-chuc-chuong-trinh-hoc-tai-phan-hieu-khanh-hoa,D07,Điểm học bạ,2025,25.0,Quan hệ lao động (Chuyên ngành Hành vi tổ chức) - Chương trình học tại Phân hiệu Khánh Hòa
63294,DTT,hanh-vi-to-chuc-chuong-trinh-hoc-tai-phan-hieu-khanh-hoa,A00,Điểm thi THPT,2025,20.0,Quan hệ lao động (Chuyên ngành Hành vi tổ chức) - Chương trình học tại Phân hiệu Khánh Hòa
63295,DTT,hanh-vi-to-chuc-chuong-trinh-hoc-tai-phan-hieu-khanh-hoa,A01,Điểm thi THPT,2025,20.0,Quan hệ lao động (Chuyên ngành Hành vi tổ chức) - Chương trình học tại Phân hiệu Khánh Hòa
63296,DTT,hanh-vi-to-chuc-chuong-trinh-hoc-tai-phan-hieu-khanh-hoa,C01,Điểm thi THPT,2025,20.0,Quan hệ lao động (Chuyên ngành Hành vi tổ chức) - Chương trình học tại Phân hiệu Khánh Hòa
63297,DTT,hanh-vi-to-chuc-chuong-trinh-hoc-tai-phan-hieu-khanh-hoa,C02,Điểm thi THPT,2025,20.0,Quan hệ lao động (Chuyên ngành Hành vi tổ chức) - Chương trình học tại Phân hiệu Khánh Hòa
63298,DTT,hanh-vi-to-chuc-chuong-trinh-hoc-tai-phan-hieu-khanh-hoa,D01,Điểm thi THPT,2025,20.0,Quan hệ lao động (Chuyên ngành Hành vi tổ chức) - Chương trình học tại Phân hiệu Khánh Hòa
63299,DTT,hanh-vi-to-chuc-chuong-trinh-hoc-tai-phan-hieu-khanh-hoa,D07,Điểm thi THPT,2025,20.0,Quan hệ lao động (Chuyên ngành Hành vi tổ chức) - Chương trình học tại Phân hiệu Khánh Hòa
63300,DTT,huong-dan-du-lich,D01,Điểm học bạ,2025,36.78,Du lịch (Chuyên ngành Hướng dẫn du lịch)
63301,DTT,huong-dan-du-lich,D14,Điểm học bạ,2025,37.28,Du lịch (Chuyên ngành Hướng dẫn du lịch)
63302,DTT,huong-dan-du-lich,C00,Điểm thi THPT,2025,31.84,Du lịch (Chuyên ngành Hướng dẫn du lịch)
63303,DTT,huong-dan-du-lich,C01,Điểm thi THPT,2025,31.59,Du lịch (Chuyên ngành Hướng dẫn du lịch)
63304,DTT,huong-dan-du-lich,C02,Điểm thi THPT,2025,31.34,Du lịch (Chuyên ngành Hướng dẫn du lịch)
63305,DTT,huong-dan-du-lich,C03,Điểm thi THPT,2025,31.59,Du lịch (Chuyên ngành Hướng dẫn du lịch)
63306,DTT,huong-dan-du-lich,C04,Điểm thi THPT,2025,31.59,Du lịch (Chuyên ngành Hướng dẫn du lịch)
63307,DTT,huong-dan-du-lich,D01,Điểm thi THPT,2025,31.09,Du lịch (Chuyên ngành Hướng dẫn du lịch)
63308,DTT,huong-dan-du-lich,D14,Điểm thi THPT,2025,31.59,Du lịch (Chuyên ngành Hướng dẫn du lịch)
63309,DTT,huong-dan-du-lich-chuong-trinh-hoc-tai-phan-hieu-khanh-hoa,D01,Điểm học bạ,2025,25.4,Du lịch (Chuyên ngành Hướng dẫn du lịch) - Chương trình học tại Phân hiệu Khánh Hòa
63310,DTT,huong-dan-du-lich-chuong-trinh-hoc-tai-phan-hieu-khanh-hoa,D14,Điểm học bạ,2025,25.4,Du lịch (Chuyên ngành Hướng dẫn du lịch) - Chương trình học tại Phân hiệu Khánh Hòa
63311,DTT,huong-dan-du-lich-chuong-trinh-hoc-tai-phan-hieu-khanh-hoa,C00,Điểm thi THPT,2025,22.5,Du lịch (Chuyên ngành Hướng dẫn du lịch) - Chương trình học tại Phân hiệu Khánh Hòa
63312,DTT,huong-dan-du-lich-chuong-trinh-hoc-tai-phan-hieu-khanh-hoa,C01,Điểm thi THPT,2025,22.5,Du lịch (Chuyên ngành Hướng dẫn du lịch) - Chương trình học tại Phân hiệu Khánh Hòa
63313,DTT,huong-dan-du-lich-chuong-trinh-hoc-tai-phan-hieu-khanh-hoa,C02,Điểm thi THPT,2025,22.5,Du lịch (Chuyên ngành Hướng dẫn du lịch) - Chương trình học tại Phân hiệu Khánh Hòa
63314,DTT,huong-dan-du-lich-chuong-trinh-hoc-tai-phan-hieu-khanh-hoa,C03,Điểm thi THPT,2025,22.5,Du lịch (Chuyên ngành Hướng dẫn du lịch) - Chương trình học tại Phân hiệu Khánh Hòa
63315,DTT,huong-dan-du-lich-chuong-trinh-hoc-tai-phan-hieu-khanh-hoa,C04,Điểm thi THPT,2025,22.5,Du lịch (Chuyên ngành Hướng dẫn du lịch) - Chương trình học tại Phân hiệu Khánh Hòa
63316,DTT,huong-dan-du-lich-chuong-trinh-hoc-tai-phan-hieu-khanh-hoa,D01,Điểm thi THPT,2025,22.5,Du lịch (Chuyên ngành Hướng dẫn du lịch) - Chương trình học tại Phân hiệu Khánh Hòa
63317,DTT,huong-dan-du-lich-chuong-trinh-hoc-tai-phan-hieu-khanh-hoa,D14,Điểm thi THPT,2025,22.5,Du lịch (Chuyên ngành Hướng dẫn du lịch) - Chương trình học tại Phân hiệu Khánh Hòa
63318,DTT,ke-toan,A00,Điểm thi THPT,2022,33.3,Kế toán
63319,DTT,ke-toan,A01,Điểm thi THPT,2022,33.3,Kế toán
63320,DTT,ke-toan,C01,Điểm thi THPT,2022,33.3,Kế toán
63321,DTT,ke-toan,D01,Điểm thi THPT,2022,33.3,Kế toán
63322,DTT,ke-toan,D01,Điểm học bạ,2023,35.75,Kế toán
63323,DTT,ke-toan,A00,Điểm thi THPT,2023,31.6,Kế toán
63324,DTT,ke-toan,A01,Điểm thi THPT,2023,31.6,Kế toán
63325,DTT,ke-toan,C01,Điểm thi THPT,2023,31.6,Kế toán
63326,DTT,ke-toan,D01,Điểm thi THPT,2023,31.6,Kế toán
63327,DTT,ke-toan,D01,Điểm học bạ,2024,34.25,Kế toán
63328,DTT,ke-toan,A00,Điểm thi THPT,2024,22.0,Kế toán
63329,DTT,ke-toan,A01,Điểm thi THPT,2024,22.0,Kế toán
63330,DTT,ke-toan,C01,Điểm thi THPT,2024,22.0,Kế toán
63331,DTT,ke-toan,D01,Điểm thi THPT,2024,22.0,Kế toán
63332,DTT,ke-toan,D01,Điểm học bạ,2025,33.43,Kế toán
63333,DTT,ke-toan,A00,Điểm thi THPT,2025,26.87,Kế toán
63334,DTT,ke-toan,A01,Điểm thi THPT,2025,26.62,Kế toán
63335,DTT,ke-toan,C01,Điểm thi THPT,2025,27.12,Kế toán
63336,DTT,ke-toan,C02,Điểm thi THPT,2025,26.87,Kế toán
63337,DTT,ke-toan,D01,Điểm thi THPT,2025,26.62,Kế toán
63338,DTT,ke-toan,D07,Điểm thi THPT,2025,26.62,Kế toán
63339,DTT,ke-toan-chat-luong-cao,A00,Điểm thi THPT,2021,32.8,Kế toán - Chất lượng cao
63340,DTT,ke-toan-chat-luong-cao,A01,Điểm thi THPT,2021,32.8,Kế toán - Chất lượng cao
63341,DTT,ke-toan-chat-luong-cao,C01,Điểm thi THPT,2021,32.8,Kế toán - Chất lượng cao
63342,DTT,ke-toan-chat-luong-cao,D01,Điểm thi THPT,2021,32.8,Kế toán - Chất lượng cao
63343,DTT,ke-toan-chat-luong-cao,D01,Điểm học bạ,2023,31.5,Kế toán - Chất lượng cao
63344,DTT,ke-toan-chat-luong-cao,A00,Điểm thi THPT,2023,28.0,Kế toán - Chất lượng cao
63345,DTT,ke-toan-chat-luong-cao,A01,Điểm thi THPT,2023,28.0,Kế toán - Chất lượng cao
63346,DTT,ke-toan-chat-luong-cao,C01,Điểm thi THPT,2023,28.0,Kế toán - Chất lượng cao
63347,DTT,ke-toan-chat-luong-cao,D01,Điểm thi THPT,2023,28.0,Kế toán - Chất lượng cao
63348,DTT,ke-toan-chat-luong-cao,D01,Điểm học bạ,2024,30.0,Kế toán - Chất lượng cao
63349,DTT,ke-toan-chat-luong-cao,A00,Điểm thi THPT,2024,27.0,Kế toán - Chất lượng cao
63350,DTT,ke-toan-chat-luong-cao,A01,Điểm thi THPT,2024,27.0,Kế toán - Chất lượng cao
63351,DTT,ke-toan-chat-luong-cao,C01,Điểm thi THPT,2024,27.0,Kế toán - Chất lượng cao
63352,DTT,ke-toan-chat-luong-cao,D01,Điểm thi THPT,2024,27.0,Kế toán - Chất lượng cao
63353,DTT,ke-toan-chuong-trinh-02-nam-dau-hoc-tai-nha-trang,A00,Điểm thi THPT,2021,30.5,Kế toán - Chương trình 02 năm đầu học tại Nha Trang
63354,DTT,ke-toan-chuong-trinh-02-nam-dau-hoc-tai-nha-trang,A01,Điểm thi THPT,2021,30.5,Kế toán - Chương trình 02 năm đầu học tại Nha Trang
63355,DTT,ke-toan-chuong-trinh-02-nam-dau-hoc-tai-nha-trang,C01,Điểm thi THPT,2021,30.5,Kế toán - Chương trình 02 năm đầu học tại Nha Trang
63356,DTT,ke-toan-chuong-trinh-02-nam-dau-hoc-tai-nha-trang,D01,Điểm thi THPT,2021,30.5,Kế toán - Chương trình 02 năm đầu học tại Nha Trang
63357,DTT,ke-toan-chuong-trinh-clc,A00,Điểm thi THPT,2022,29.2,Kế toán - chương trình CLC
63358,DTT,ke-toan-chuong-trinh-clc,A01,Điểm thi THPT,2022,29.2,Kế toán - chương trình CLC
63359,DTT,ke-toan-chuong-trinh-clc,C01,Điểm thi THPT,2022,29.2,Kế toán - chương trình CLC
63360,DTT,ke-toan-chuong-trinh-clc,D01,Điểm thi THPT,2022,29.2,Kế toán - chương trình CLC
63361,DTT,ke-toan-chuong-trinh-dai-hoc-bang-tieng-anh,A00,Điểm thi THPT,2021,25.0,Kế toán (Chuyên ngành: Kế toán quốc tế) - Chương trình đại học bằng tiếng Anh
63362,DTT,ke-toan-chuong-trinh-dai-hoc-bang-tieng-anh,A01,Điểm thi THPT,2021,25.0,Kế toán (Chuyên ngành: Kế toán quốc tế) - Chương trình đại học bằng tiếng Anh
63363,DTT,ke-toan-chuong-trinh-dai-hoc-bang-tieng-anh,C01,Điểm thi THPT,2021,25.0,Kế toán (Chuyên ngành: Kế toán quốc tế) - Chương trình đại học bằng tiếng Anh
63364,DTT,ke-toan-chuong-trinh-dai-hoc-bang-tieng-anh,D01,Điểm thi THPT,2021,25.0,Kế toán (Chuyên ngành: Kế toán quốc tế) - Chương trình đại học bằng tiếng Anh
63365,DTT,ke-toan-chuong-trinh-dai-hoc-bang-tieng-anh,R00,Điểm học bạ,2022,28.0,Kế toán (chuyên ngành: Kế toán quốc tế) - chương trình đại học bằng Tiếng Anh
63366,DTT,ke-toan-chuong-trinh-dai-hoc-bang-tieng-anh,E01,Điểm thi THPT,2022,24.0,Kế toán (chuyên ngành: Kế toán quốc tế) - chương trình đại học bằng Tiếng Anh
63367,DTT,ke-toan-chuong-trinh-dai-hoc-bang-tieng-anh,E03,Điểm thi THPT,2022,24.0,Kế toán (chuyên ngành: Kế toán quốc tế) - chương trình đại học bằng Tiếng Anh
63368,DTT,ke-toan-chuong-trinh-dai-hoc-bang-tieng-anh,E04,Điểm thi THPT,2022,24.0,Kế toán (chuyên ngành: Kế toán quốc tế) - chương trình đại học bằng Tiếng Anh
63369,DTT,ke-toan-chuong-trinh-dai-hoc-bang-tieng-anh,E06,Điểm thi THPT,2022,24.0,Kế toán (chuyên ngành: Kế toán quốc tế) - chương trình đại học bằng Tiếng Anh
63370,DTT,ke-toan-chuong-trinh-dai-hoc-bang-tieng-anh,A01,Điểm thi THPT,2023,22.0,Kế toán (Chuyên ngành: Kế toán quốc tế) - Chương trình đại học bằng tiếng Anh
63371,DTT,ke-toan-chuong-trinh-dai-hoc-bang-tieng-anh,D01,Điểm thi THPT,2023,22.0,Kế toán (Chuyên ngành: Kế toán quốc tế) - Chương trình đại học bằng tiếng Anh
63372,DTT,ke-toan-chuong-trinh-dai-hoc-bang-tieng-anh,E01,Điểm thi THPT,2023,22.0,Kế toán (Chuyên ngành: Kế toán quốc tế) - Chương trình đại học bằng tiếng Anh
63373,DTT,ke-toan-chuong-trinh-dai-hoc-bang-tieng-anh,E04,Điểm thi THPT,2023,22.0,Kế toán (Chuyên ngành: Kế toán quốc tế) - Chương trình đại học bằng tiếng Anh
63374,DTT,ke-toan-chuong-trinh-dai-hoc-bang-tieng-anh,D01,Điểm học bạ,2025,25.9,Kế toán (Chuyên ngành: Kế toán quốc tế) - Chương trình đại học bằng tiếng Anh
63375,DTT,ke-toan-chuong-trinh-dai-hoc-bang-tieng-anh,A00,Điểm thi THPT,2025,21.0,Kế toán (Chuyên ngành: Kế toán quốc tế) - Chương trình đại học bằng tiếng Anh
63376,DTT,ke-toan-chuong-trinh-dai-hoc-bang-tieng-anh,A01,Điểm thi THPT,2025,21.0,Kế toán (Chuyên ngành: Kế toán quốc tế) - Chương trình đại học bằng tiếng Anh
63377,DTT,ke-toan-chuong-trinh-dai-hoc-bang-tieng-anh,C01,Điểm thi THPT,2025,21.0,Kế toán (Chuyên ngành: Kế toán quốc tế) - Chương trình đại học bằng tiếng Anh
63378,DTT,ke-toan-chuong-trinh-dai-hoc-bang-tieng-anh,C02,Điểm thi THPT,2025,21.0,Kế toán (Chuyên ngành: Kế toán quốc tế) - Chương trình đại học bằng tiếng Anh
63379,DTT,ke-toan-chuong-trinh-dai-hoc-bang-tieng-anh,D01,Điểm thi THPT,2025,21.0,Kế toán (Chuyên ngành: Kế toán quốc tế) - Chương trình đại học bằng tiếng Anh
63380,DTT,ke-toan-chuong-trinh-dai-hoc-bang-tieng-anh,D07,Điểm thi THPT,2025,21.0,Kế toán (Chuyên ngành: Kế toán quốc tế) - Chương trình đại học bằng tiếng Anh
63381,DTT,ke-toan-chuong-trinh-du-bi-dai-hoc-bang-tieng-anh,D01,Điểm học bạ,2025,25.9,Kế toán (Chuyên ngành: Kế toán quốc tế) - Chương trình dự bị đại học bằng tiếng Anh
63382,DTT,ke-toan-chuong-trinh-du-bi-dai-hoc-bang-tieng-anh,A00,Điểm thi THPT,2025,21.0,Kế toán (Chuyên ngành: Kế toán quốc tế) - Chương trình dự bị đại học bằng tiếng Anh
63383,DTT,ke-toan-chuong-trinh-du-bi-dai-hoc-bang-tieng-anh,A01,Điểm thi THPT,2025,21.0,Kế toán (Chuyên ngành: Kế toán quốc tế) - Chương trình dự bị đại học bằng tiếng Anh
63384,DTT,ke-toan-chuong-trinh-du-bi-dai-hoc-bang-tieng-anh,C01,Điểm thi THPT,2025,21.0,Kế toán (Chuyên ngành: Kế toán quốc tế) - Chương trình dự bị đại học bằng tiếng Anh
63385,DTT,ke-toan-chuong-trinh-du-bi-dai-hoc-bang-tieng-anh,C02,Điểm thi THPT,2025,21.0,Kế toán (Chuyên ngành: Kế toán quốc tế) - Chương trình dự bị đại học bằng tiếng Anh
63386,DTT,ke-toan-chuong-trinh-du-bi-dai-hoc-bang-tieng-anh,D01,Điểm thi THPT,2025,21.0,Kế toán (Chuyên ngành: Kế toán quốc tế) - Chương trình dự bị đại học bằng tiếng Anh
63387,DTT,ke-toan-chuong-trinh-du-bi-dai-hoc-bang-tieng-anh,D07,Điểm thi THPT,2025,21.0,Kế toán (Chuyên ngành: Kế toán quốc tế) - Chương trình dự bị đại học bằng tiếng Anh
63388,DTT,ke-toan-chuong-trinh-du-bi-lien-ket-dai-hoc-west-of-england-bristol,A01,Điểm thi THPT,2024,24.0,"Kế toán (song bằng 3+1) - Chương trình dự bị liên kết Đại học West of England, Bristol (Vương quốc Anh)"
63389,DTT,ke-toan-chuong-trinh-du-bi-lien-ket-dai-hoc-west-of-england-bristol,D01,Điểm thi THPT,2024,24.0,"Kế toán (song bằng 3+1) - Chương trình dự bị liên kết Đại học West of England, Bristol (Vương quốc Anh)"
63390,DTT,ke-toan-chuong-trinh-du-bi-lien-ket-dai-hoc-west-of-england-bristol,D01,Điểm học bạ,2025,25.9,"Kế toán (song bằng 3+1) - Chương trình dự bị liên kết Đại học West of England, Bristol (Vương Quốc Anh)"
63391,DTT,ke-toan-chuong-trinh-du-bi-lien-ket-dai-hoc-west-of-england-bristol,A00,Điểm thi THPT,2025,21.0,"Kế toán (song bằng 3+1) - Chương trình dự bị liên kết Đại học West of England, Bristol (Vương Quốc Anh)"
63392,DTT,ke-toan-chuong-trinh-du-bi-lien-ket-dai-hoc-west-of-england-bristol,A01,Điểm thi THPT,2025,21.0,"Kế toán (song bằng 3+1) - Chương trình dự bị liên kết Đại học West of England, Bristol (Vương Quốc Anh)"
63393,DTT,ke-toan-chuong-trinh-du-bi-lien-ket-dai-hoc-west-of-england-bristol,C01,Điểm thi THPT,2025,21.0,"Kế toán (song bằng 3+1) - Chương trình dự bị liên kết Đại học West of England, Bristol (Vương Quốc Anh)"
63394,DTT,ke-toan-chuong-trinh-du-bi-lien-ket-dai-hoc-west-of-england-bristol,C02,Điểm thi THPT,2025,21.0,"Kế toán (song bằng 3+1) - Chương trình dự bị liên kết Đại học West of England, Bristol (Vương Quốc Anh)"
63395,DTT,ke-toan-chuong-trinh-du-bi-lien-ket-dai-hoc-west-of-england-bristol,D01,Điểm thi THPT,2025,21.0,"Kế toán (song bằng 3+1) - Chương trình dự bị liên kết Đại học West of England, Bristol (Vương Quốc Anh)"
63396,DTT,ke-toan-chuong-trinh-du-bi-lien-ket-dai-hoc-west-of-england-bristol,D07,Điểm thi THPT,2025,21.0,"Kế toán (song bằng 3+1) - Chương trình dự bị liên kết Đại học West of England, Bristol (Vương Quốc Anh)"
63397,DTT,ke-toan-chuong-trinh-hoc-phan-hieu-khanh-hoa,A00,Điểm thi THPT,2022,22.0,Kế toán - chương trình học Phân hiệu Khánh Hòa
63398,DTT,ke-toan-chuong-trinh-hoc-phan-hieu-khanh-hoa,A01,Điểm thi THPT,2022,22.0,Kế toán - chương trình học Phân hiệu Khánh Hòa
63399,DTT,ke-toan-chuong-trinh-hoc-phan-hieu-khanh-hoa,C01,Điểm thi THPT,2022,22.0,Kế toán - chương trình học Phân hiệu Khánh Hòa
63400,DTT,ke-toan-chuong-trinh-hoc-phan-hieu-khanh-hoa,D01,Điểm thi THPT,2022,22.0,Kế toán - chương trình học Phân hiệu Khánh Hòa
63401,DTT,ke-toan-chuong-trinh-hoc-tai-phan-hieu-khanh-hoa,A01,Điểm học bạ,2023,27.0,Kế toán - Chương trình học tại Phân hiệu Khánh Hòa
63402,DTT,ke-toan-chuong-trinh-hoc-tai-phan-hieu-khanh-hoa,A00,Điểm thi THPT,2023,22.0,Kế toán - Chương trình học tại phân hiệu Khánh Hòa
63403,DTT,ke-toan-chuong-trinh-hoc-tai-phan-hieu-khanh-hoa,A01,Điểm thi THPT,2023,22.0,Kế toán - Chương trình học tại phân hiệu Khánh Hòa
63404,DTT,ke-toan-chuong-trinh-hoc-tai-phan-hieu-khanh-hoa,C01,Điểm thi THPT,2023,22.0,Kế toán - Chương trình học tại phân hiệu Khánh Hòa
63405,DTT,ke-toan-chuong-trinh-hoc-tai-phan-hieu-khanh-hoa,D01,Điểm thi THPT,2023,22.0,Kế toán - Chương trình học tại phân hiệu Khánh Hòa
63406,DTT,ke-toan-chuong-trinh-hoc-tai-phan-hieu-khanh-hoa,D01,Điểm học bạ,2024,25.0,Kế toán - Chương trình học tại Phân hiệu Khánh Hòa
63407,DTT,ke-toan-chuong-trinh-hoc-tai-phan-hieu-khanh-hoa,D01,Điểm học bạ,2025,25.0,Kế toán - Chương trình học tại Phân hiệu Khánh Hòa
63408,DTT,ke-toan-chuong-trinh-hoc-tai-phan-hieu-khanh-hoa,A00,Điểm thi THPT,2025,20.0,Kế toán - Chương trình học tại Phân hiệu Khánh Hòa
63409,DTT,ke-toan-chuong-trinh-hoc-tai-phan-hieu-khanh-hoa,A01,Điểm thi THPT,2025,20.0,Kế toán - Chương trình học tại Phân hiệu Khánh Hòa
63410,DTT,ke-toan-chuong-trinh-hoc-tai-phan-hieu-khanh-hoa,C01,Điểm thi THPT,2025,20.0,Kế toán - Chương trình học tại Phân hiệu Khánh Hòa
63411,DTT,ke-toan-chuong-trinh-hoc-tai-phan-hieu-khanh-hoa,C02,Điểm thi THPT,2025,20.0,Kế toán - Chương trình học tại Phân hiệu Khánh Hòa
63412,DTT,ke-toan-chuong-trinh-hoc-tai-phan-hieu-khanh-hoa,D01,Điểm thi THPT,2025,20.0,Kế toán - Chương trình học tại Phân hiệu Khánh Hòa
63413,DTT,ke-toan-chuong-trinh-hoc-tai-phan-hieu-khanh-hoa,D07,Điểm thi THPT,2025,20.0,Kế toán - Chương trình học tại Phân hiệu Khánh Hòa
63414,DTT,ke-toan-chuong-trinh-lien-ket-dai-hoc-west-of-england-bristol,R00,Điểm học bạ,2022,28.0,"Kế toán (song bằng, 3+1) - chương trình liên kết Đại học West of England, Bristol (Anh)"
63415,DTT,ke-toan-chuong-trinh-lien-ket-dai-hoc-west-of-england-bristol,E01,Điểm thi THPT,2022,24.0,"Kế toán (song bằng, 3+1) - chương trình liên kết Đại học West of England, Bristol (Anh)"
63416,DTT,ke-toan-chuong-trinh-lien-ket-dai-hoc-west-of-england-bristol,E03,Điểm thi THPT,2022,24.0,"Kế toán (song bằng, 3+1) - chương trình liên kết Đại học West of England, Bristol (Anh)"
63417,DTT,ke-toan-chuong-trinh-lien-ket-dai-hoc-west-of-england-bristol,E04,Điểm thi THPT,2022,24.0,"Kế toán (song bằng, 3+1) - chương trình liên kết Đại học West of England, Bristol (Anh)"
63418,DTT,ke-toan-chuong-trinh-lien-ket-dai-hoc-west-of-england-bristol,E06,Điểm thi THPT,2022,24.0,"Kế toán (song bằng, 3+1) - chương trình liên kết Đại học West of England, Bristol (Anh)"
63419,DTT,ke-toan-chuong-trinh-lien-ket-dai-hoc-west-of-england-bristol,A01,Điểm thi THPT,2023,22.0,Kế toán (song bằng. 3+1) - Chương trình liên kết Đại học West of England. Bristol (Anh)
63420,DTT,ke-toan-chuong-trinh-lien-ket-dai-hoc-west-of-england-bristol,D01,Điểm thi THPT,2023,22.0,Kế toán (song bằng. 3+1) - Chương trình liên kết Đại học West of England. Bristol (Anh)
63421,DTT,ke-toan-chuong-trinh-lien-ket-dai-hoc-west-of-england-bristol,E01,Điểm thi THPT,2023,22.0,Kế toán (song bằng. 3+1) - Chương trình liên kết Đại học West of England. Bristol (Anh)
63422,DTT,ke-toan-chuong-trinh-lien-ket-dai-hoc-west-of-england-bristol,E04,Điểm thi THPT,2023,22.0,Kế toán (song bằng. 3+1) - Chương trình liên kết Đại học West of England. Bristol (Anh)
63423,DTT,ke-toan-chuong-trinh-lien-ket-dai-hoc-west-of-england-bristol,A01,Điểm thi THPT,2024,24.0,Kế toán (song bằng 3+1) - Chương trình liên kết Đại học West of England. Bristol (Vương quốc Anh)
63424,DTT,ke-toan-chuong-trinh-lien-ket-dai-hoc-west-of-england-bristol,D01,Điểm thi THPT,2024,24.0,Kế toán (song bằng 3+1) - Chương trình liên kết Đại học West of England. Bristol (Vương quốc Anh)
63425,DTT,ke-toan-chuong-trinh-lien-ket-dai-hoc-west-of-england-bristol,E04,Điểm thi THPT,2024,24.0,Kế toán (song bằng 3+1) - Chương trình liên kết Đại học West of England. Bristol (Vương quốc Anh)
63426,DTT,ke-toan-chuong-trinh-lien-ket-dai-hoc-west-of-england-bristol,E06,Điểm thi THPT,2024,24.0,Kế toán (song bằng 3+1) - Chương trình liên kết Đại học West of England. Bristol (Vương quốc Anh)
63427,DTT,ke-toan-chuong-trinh-lien-ket-dai-hoc-west-of-england-bristol,D01,Điểm học bạ,2025,25.9,"Kế toán (song bằng 3+1) - Chương trình liên kết Đại học West of England, Bristol (Vương Quốc Anh)"
63428,DTT,ke-toan-chuong-trinh-lien-ket-dai-hoc-west-of-england-bristol,A00,Điểm thi THPT,2025,21.0,"Kế toán (song bằng 3+1) - Chương trình liên kết Đại học West of England, Bristol (Vương Quốc Anh)"
63429,DTT,ke-toan-chuong-trinh-lien-ket-dai-hoc-west-of-england-bristol,A01,Điểm thi THPT,2025,21.0,"Kế toán (song bằng 3+1) - Chương trình liên kết Đại học West of England, Bristol (Vương Quốc Anh)"
63430,DTT,ke-toan-chuong-trinh-lien-ket-dai-hoc-west-of-england-bristol,C01,Điểm thi THPT,2025,21.0,"Kế toán (song bằng 3+1) - Chương trình liên kết Đại học West of England, Bristol (Vương Quốc Anh)"
63431,DTT,ke-toan-chuong-trinh-lien-ket-dai-hoc-west-of-england-bristol,C02,Điểm thi THPT,2025,21.0,"Kế toán (song bằng 3+1) - Chương trình liên kết Đại học West of England, Bristol (Vương Quốc Anh)"
63432,DTT,ke-toan-chuong-trinh-lien-ket-dai-hoc-west-of-england-bristol,D01,Điểm thi THPT,2025,21.0,"Kế toán (song bằng 3+1) - Chương trình liên kết Đại học West of England, Bristol (Vương Quốc Anh)"
63433,DTT,ke-toan-chuong-trinh-lien-ket-dai-hoc-west-of-england-bristol,D07,Điểm thi THPT,2025,21.0,"Kế toán (song bằng 3+1) - Chương trình liên kết Đại học West of England, Bristol (Vương Quốc Anh)"
63434,DTT,ke-toan-chuong-trinh-tieu-chuan,A00,Điểm thi THPT,2021,34.8,Kế toán - Chương trình tiêu chuẩn
63435,DTT,ke-toan-chuong-trinh-tieu-chuan,A01,Điểm thi THPT,2021,34.8,Kế toán - Chương trình tiêu chuẩn
63436,DTT,ke-toan-chuong-trinh-tieu-chuan,C01,Điểm thi THPT,2021,34.8,Kế toán - Chương trình tiêu chuẩn
63437,DTT,ke-toan-chuong-trinh-tieu-chuan,D01,Điểm thi THPT,2021,34.8,Kế toán - Chương trình tiêu chuẩn
63438,DTT,ke-toan-quoc-te-chuong-trinh-dai-hoc-bang-tieng-anh,D01,Điểm học bạ,2024,28.0,Kế toán (Chuyên ngành Kế toán quốc tế) - Chương trình đại học bằng tiếng Anh
63439,DTT,ke-toan-quoc-te-chuong-trinh-dai-hoc-bang-tieng-anh,A01,Điểm thi THPT,2024,24.0,Kế toán (Chuyên ngành Kế toán quốc tế) - Chương trình đại học bằng tiếng Anh
63440,DTT,ke-toan-quoc-te-chuong-trinh-dai-hoc-bang-tieng-anh,D01,Điểm thi THPT,2024,24.0,Kế toán (Chuyên ngành Kế toán quốc tế) - Chương trình đại học bằng tiếng Anh
63441,DTT,ke-toan-quoc-te-chuong-trinh-dai-hoc-bang-tieng-anh,E04,Điểm thi THPT,2024,24.0,Kế toán (Chuyên ngành Kế toán quốc tế) - Chương trình đại học bằng tiếng Anh
63442,DTT,ke-toan-quoc-te-chuong-trinh-dai-hoc-bang-tieng-anh,E06,Điểm thi THPT,2024,24.0,Kế toán (Chuyên ngành Kế toán quốc tế) - Chương trình đại học bằng tiếng Anh
63443,DTT,ke-toan-quoc-te-chuong-trinh-du-bi-dai-hoc-bang-tieng-anh,A01,Điểm thi THPT,2024,24.0,Kế toán (Chuyên ngành Kế toán quốc tế) - Chương trình dự bị đại học bằng tiếng Anh
63444,DTT,ke-toan-quoc-te-chuong-trinh-du-bi-dai-hoc-bang-tieng-anh,D01,Điểm thi THPT,2024,24.0,Kế toán (Chuyên ngành Kế toán quốc tế) - Chương trình dự bị đại học bằng tiếng Anh
63445,DTT,khoa-hoc-may-tinh,A00,Điểm thi THPT,2022,35.0,Khoa học máy tính
63446,DTT,khoa-hoc-may-tinh,A01,Điểm thi THPT,2022,35.0,Khoa học máy tính
63447,DTT,khoa-hoc-may-tinh,D01,Điểm thi THPT,2022,35.0,Khoa học máy tính
63448,DTT,khoa-hoc-may-tinh,A01,Điểm học bạ,2023,37.0,Khoa học máy tính
63449,DTT,khoa-hoc-may-tinh,A00,Điểm thi THPT,2023,33.35,Khoa học máy tính
63450,DTT,khoa-hoc-may-tinh,A01,Điểm thi THPT,2023,33.35,Khoa học máy tính
63451,DTT,khoa-hoc-may-tinh,D01,Điểm thi THPT,2023,33.35,Khoa học máy tính
63452,DTT,khoa-hoc-may-tinh,A01,Điểm học bạ,2024,37.0,Khoa học máy tính
63453,DTT,khoa-hoc-may-tinh,A00,Điểm thi THPT,2024,22.0,Khoa học máy tính
63454,DTT,khoa-hoc-may-tinh,A01,Điểm thi THPT,2024,22.0,Khoa học máy tính
63455,DTT,khoa-hoc-may-tinh,D01,Điểm thi THPT,2024,22.0,Khoa học máy tính
63456,DTT,khoa-hoc-may-tinh,A01,Điểm học bạ,2025,36.55,Khoa học máy tính
63457,DTT,khoa-hoc-may-tinh,D01,Điểm học bạ,2025,36.8,Khoa học máy tính
63458,DTT,khoa-hoc-may-tinh,A00,Điểm thi THPT,2025,30.52,Khoa học máy tính
63459,DTT,khoa-hoc-may-tinh,A01,Điểm thi THPT,2025,30.27,Khoa học máy tính
63460,DTT,khoa-hoc-may-tinh,C01,Điểm thi THPT,2025,30.67,Khoa học máy tính
63461,DTT,khoa-hoc-may-tinh,D01,Điểm thi THPT,2025,30.27,Khoa học máy tính
63462,DTT,khoa-hoc-may-tinh,D07,Điểm thi THPT,2025,30.27,Khoa học máy tính
63463,DTT,khoa-hoc-may-tinh,X26,Điểm thi THPT,2025,30.27,Khoa học máy tính
63464,DTT,khoa-hoc-may-tinh-chat-luong-cao,A00,Điểm thi THPT,2021,33.9,Khoa học máy tính - Chất lượng cao
63465,DTT,khoa-hoc-may-tinh-chat-luong-cao,A01,Điểm thi THPT,2021,33.9,Khoa học máy tính - Chất lượng cao
63466,DTT,khoa-hoc-may-tinh-chat-luong-cao,D01,Điểm thi THPT,2021,33.9,Khoa học máy tính - Chất lượng cao
63467,DTT,khoa-hoc-may-tinh-chat-luong-cao,A01,Điểm học bạ,2023,34.5,Khoa học máy tính - Chất lượng cao
63468,DTT,khoa-hoc-may-tinh-chat-luong-cao,A00,Điểm thi THPT,2023,32.25,Khoa học máy tính - Chất lượng cao
63469,DTT,khoa-hoc-may-tinh-chat-luong-cao,A01,Điểm thi THPT,2023,32.25,Khoa học máy tính - Chất lượng cao
63470,DTT,khoa-hoc-may-tinh-chat-luong-cao,D01,Điểm thi THPT,2023,32.25,Khoa học máy tính - Chất lượng cao
63471,DTT,khoa-hoc-may-tinh-chat-luong-cao,A01,Điểm học bạ,2024,33.5,Khoa học máy tính - Chất lượng cao
63472,DTT,khoa-hoc-may-tinh-chat-luong-cao,A00,Điểm thi THPT,2024,30.8,Khoa học máy tính - Chất lượng cao
63473,DTT,khoa-hoc-may-tinh-chat-luong-cao,A01,Điểm thi THPT,2024,30.8,Khoa học máy tính - Chất lượng cao
63474,DTT,khoa-hoc-may-tinh-chat-luong-cao,D01,Điểm thi THPT,2024,30.8,Khoa học máy tính - Chất lượng cao
63475,DTT,khoa-hoc-may-tinh-chuong-trinh-clc,A00,Điểm thi THPT,2022,34.5,Khoa học máy tính - chương trình CLC
63476,DTT,khoa-hoc-may-tinh-chuong-trinh-clc,A01,Điểm thi THPT,2022,34.5,Khoa học máy tính - chương trình CLC
63477,DTT,khoa-hoc-may-tinh-chuong-trinh-clc,D01,Điểm thi THPT,2022,34.5,Khoa học máy tính - chương trình CLC
63478,DTT,khoa-hoc-may-tinh-chuong-trinh-dai-hoc-bang-tieng-anh,A00,Điểm thi THPT,2021,25.0,Khoa học máy tính - Chương trình đại học bằng tiếng Anh
63479,DTT,khoa-hoc-may-tinh-chuong-trinh-dai-hoc-bang-tieng-anh,A01,Điểm thi THPT,2021,25.0,Khoa học máy tính - Chương trình đại học bằng tiếng Anh
63480,DTT,khoa-hoc-may-tinh-chuong-trinh-dai-hoc-bang-tieng-anh,D01,Điểm thi THPT,2021,25.0,Khoa học máy tính - Chương trình đại học bằng tiếng Anh
63481,DTT,khoa-hoc-may-tinh-chuong-trinh-dai-hoc-bang-tieng-anh,R00,Điểm học bạ,2022,30.0,Khoa học máy tính - chương trình đại học bằng Tiếng Anh
63482,DTT,khoa-hoc-may-tinh-chuong-trinh-dai-hoc-bang-tieng-anh,E01,Điểm thi THPT,2022,24.0,Khoa học máy tính - chương trình đại học bằng Tiếng Anh
63483,DTT,khoa-hoc-may-tinh-chuong-trinh-dai-hoc-bang-tieng-anh,E03,Điểm thi THPT,2022,24.0,Khoa học máy tính - chương trình đại học bằng Tiếng Anh
63484,DTT,khoa-hoc-may-tinh-chuong-trinh-dai-hoc-bang-tieng-anh,E04,Điểm thi THPT,2022,24.0,Khoa học máy tính - chương trình đại học bằng Tiếng Anh
63485,DTT,khoa-hoc-may-tinh-chuong-trinh-dai-hoc-bang-tieng-anh,E06,Điểm thi THPT,2022,24.0,Khoa học máy tính - chương trình đại học bằng Tiếng Anh
63486,DTT,khoa-hoc-may-tinh-chuong-trinh-dai-hoc-bang-tieng-anh,A01,Điểm thi THPT,2023,31.0,Khoa học máy tính - Chương trình đại học bằng tiếng Anh
63487,DTT,khoa-hoc-may-tinh-chuong-trinh-dai-hoc-bang-tieng-anh,D01,Điểm thi THPT,2023,31.0,Khoa học máy tính - Chương trình đại học bằng tiếng Anh
63488,DTT,khoa-hoc-may-tinh-chuong-trinh-dai-hoc-bang-tieng-anh,E03,Điểm thi THPT,2023,31.0,Khoa học máy tính - Chương trình đại học bằng tiếng Anh
63489,DTT,khoa-hoc-may-tinh-chuong-trinh-dai-hoc-bang-tieng-anh,E06,Điểm thi THPT,2023,31.0,Khoa học máy tính - Chương trình đại học bằng tiếng Anh
63490,DTT,khoa-hoc-may-tinh-chuong-trinh-dai-hoc-bang-tieng-anh,A01,Điểm học bạ,2024,28.0,Khoa học máy tính - Chương trình đại học bằng tiếng Anh
63491,DTT,khoa-hoc-may-tinh-chuong-trinh-dai-hoc-bang-tieng-anh,A01,Điểm thi THPT,2024,28.0,Khoa học máy tính - Chương trình đại học bằng tiếng Anh
63492,DTT,khoa-hoc-may-tinh-chuong-trinh-dai-hoc-bang-tieng-anh,D01,Điểm thi THPT,2024,28.0,Khoa học máy tính - Chương trình đại học bằng tiếng Anh
63493,DTT,khoa-hoc-may-tinh-chuong-trinh-dai-hoc-bang-tieng-anh,E04,Điểm thi THPT,2024,28.0,Khoa học máy tính - Chương trình đại học bằng tiếng Anh
63494,DTT,khoa-hoc-may-tinh-chuong-trinh-dai-hoc-bang-tieng-anh,E06,Điểm thi THPT,2024,28.0,Khoa học máy tính - Chương trình đại học bằng tiếng Anh
63495,DTT,khoa-hoc-may-tinh-chuong-trinh-dai-hoc-bang-tieng-anh,A01,Điểm học bạ,2025,27.87,Khoa học máy tính - Chương trình đại học bằng tiếng Anh
63496,DTT,khoa-hoc-may-tinh-chuong-trinh-dai-hoc-bang-tieng-anh,D01,Điểm học bạ,2025,27.87,Khoa học máy tính - Chương trình đại học bằng tiếng Anh
63497,DTT,khoa-hoc-may-tinh-chuong-trinh-dai-hoc-bang-tieng-anh,A00,Điểm thi THPT,2025,24.0,Khoa học máy tính - Chương trình đại học bằng tiếng Anh
63498,DTT,khoa-hoc-may-tinh-chuong-trinh-dai-hoc-bang-tieng-anh,A01,Điểm thi THPT,2025,24.0,Khoa học máy tính - Chương trình đại học bằng tiếng Anh
63499,DTT,khoa-hoc-may-tinh-chuong-trinh-dai-hoc-bang-tieng-anh,C01,Điểm thi THPT,2025,24.0,Khoa học máy tính - Chương trình đại học bằng tiếng Anh
63500,DTT,khoa-hoc-may-tinh-chuong-trinh-dai-hoc-bang-tieng-anh,D01,Điểm thi THPT,2025,24.0,Khoa học máy tính - Chương trình đại học bằng tiếng Anh
63501,DTT,khoa-hoc-may-tinh-chuong-trinh-dai-hoc-bang-tieng-anh,D07,Điểm thi THPT,2025,24.0,Khoa học máy tính - Chương trình đại học bằng tiếng Anh
63502,DTT,khoa-hoc-may-tinh-chuong-trinh-dai-hoc-bang-tieng-anh,X26,Điểm thi THPT,2025,24.0,Khoa học máy tính - Chương trình đại học bằng tiếng Anh
63503,DTT,khoa-hoc-may-tinh-chuong-trinh-du-bi-dai-hoc-bang-tieng-anh,A01,Điểm thi THPT,2024,28.0,Khoa học máy tính - Chương trình dự bị đại học bằng tiếng Anh
63504,DTT,khoa-hoc-may-tinh-chuong-trinh-du-bi-dai-hoc-bang-tieng-anh,D01,Điểm thi THPT,2024,28.0,Khoa học máy tính - Chương trình dự bị đại học bằng tiếng Anh
63505,DTT,khoa-hoc-may-tinh-chuong-trinh-du-bi-dai-hoc-bang-tieng-anh,A01,Điểm học bạ,2025,27.87,Khoa học máy tính - Chương trình dự bị đại học bằng tiếng Anh
63506,DTT,khoa-hoc-may-tinh-chuong-trinh-du-bi-dai-hoc-bang-tieng-anh,D01,Điểm học bạ,2025,27.87,Khoa học máy tính - Chương trình dự bị đại học bằng tiếng Anh
63507,DTT,khoa-hoc-may-tinh-chuong-trinh-du-bi-dai-hoc-bang-tieng-anh,A00,Điểm thi THPT,2025,24.0,Khoa học máy tính - Chương trình dự bị đại học bằng tiếng Anh
63508,DTT,khoa-hoc-may-tinh-chuong-trinh-du-bi-dai-hoc-bang-tieng-anh,A01,Điểm thi THPT,2025,24.0,Khoa học máy tính - Chương trình dự bị đại học bằng tiếng Anh
63509,DTT,khoa-hoc-may-tinh-chuong-trinh-du-bi-dai-hoc-bang-tieng-anh,C01,Điểm thi THPT,2025,24.0,Khoa học máy tính - Chương trình dự bị đại học bằng tiếng Anh
63510,DTT,khoa-hoc-may-tinh-chuong-trinh-du-bi-dai-hoc-bang-tieng-anh,D01,Điểm thi THPT,2025,24.0,Khoa học máy tính - Chương trình dự bị đại học bằng tiếng Anh
63511,DTT,khoa-hoc-may-tinh-chuong-trinh-du-bi-dai-hoc-bang-tieng-anh,D07,Điểm thi THPT,2025,24.0,Khoa học máy tính - Chương trình dự bị đại học bằng tiếng Anh
63512,DTT,khoa-hoc-may-tinh-chuong-trinh-du-bi-dai-hoc-bang-tieng-anh,X26,Điểm thi THPT,2025,24.0,Khoa học máy tính - Chương trình dự bị đại học bằng tiếng Anh
63513,DTT,khoa-hoc-may-tinh-chuong-trinh-du-bi-lien-ket-dai-hoc-ky-thuat-ostrava,A01,Điểm học bạ,2025,25.0,Khoa học máy tính (đơn bằng 2+2) - Chương trình dự bị liên kết Đại học Kỹ thuật Ostrava (CH Séc)
63514,DTT,khoa-hoc-may-tinh-chuong-trinh-du-bi-lien-ket-dai-hoc-ky-thuat-ostrava,D01,Điểm học bạ,2025,25.0,Khoa học máy tính (đơn bằng 2+2) - Chương trình dự bị liên kết Đại học Kỹ thuật Ostrava (CH Séc)
63515,DTT,khoa-hoc-may-tinh-chuong-trinh-du-bi-lien-ket-dai-hoc-ky-thuat-ostrava,A00,Điểm thi THPT,2025,22.0,Khoa học máy tính (đơn bằng 2+2) - Chương trình dự bị liên kết Đại học Kỹ thuật Ostrava (CH Séc)
63516,DTT,khoa-hoc-may-tinh-chuong-trinh-du-bi-lien-ket-dai-hoc-ky-thuat-ostrava,A01,Điểm thi THPT,2025,22.0,Khoa học máy tính (đơn bằng 2+2) - Chương trình dự bị liên kết Đại học Kỹ thuật Ostrava (CH Séc)
63517,DTT,khoa-hoc-may-tinh-chuong-trinh-du-bi-lien-ket-dai-hoc-ky-thuat-ostrava,C01,Điểm thi THPT,2025,22.0,Khoa học máy tính (đơn bằng 2+2) - Chương trình dự bị liên kết Đại học Kỹ thuật Ostrava (CH Séc)
63518,DTT,khoa-hoc-may-tinh-chuong-trinh-du-bi-lien-ket-dai-hoc-ky-thuat-ostrava,D01,Điểm thi THPT,2025,22.0,Khoa học máy tính (đơn bằng 2+2) - Chương trình dự bị liên kết Đại học Kỹ thuật Ostrava (CH Séc)
63519,DTT,khoa-hoc-may-tinh-chuong-trinh-du-bi-lien-ket-dai-hoc-ky-thuat-ostrava,D07,Điểm thi THPT,2025,22.0,Khoa học máy tính (đơn bằng 2+2) - Chương trình dự bị liên kết Đại học Kỹ thuật Ostrava (CH Séc)
63520,DTT,khoa-hoc-may-tinh-chuong-trinh-du-bi-lien-ket-dai-hoc-ky-thuat-ostrava,X26,Điểm thi THPT,2025,22.0,Khoa học máy tính (đơn bằng 2+2) - Chương trình dự bị liên kết Đại học Kỹ thuật Ostrava (CH Séc)
63521,DTT,khoa-hoc-may-tinh-chuong-trinh-hoc-tai-phan-hieu-khanh-hoa,D14,Điểm học bạ,2024,26.0,Khoa học máy tính - Chương trình học tại Phân hiệu Khánh Hòa
63522,DTT,khoa-hoc-may-tinh-chuong-trinh-hoc-tai-phan-hieu-khanh-hoa,A01,Điểm học bạ,2025,24.0,Khoa học máy tính - Chương trình học tại Phân hiệu Khánh Hòa
63523,DTT,khoa-hoc-may-tinh-chuong-trinh-hoc-tai-phan-hieu-khanh-hoa,D01,Điểm học bạ,2025,24.0,Khoa học máy tính - Chương trình học tại Phân hiệu Khánh Hòa
63524,DTT,khoa-hoc-may-tinh-chuong-trinh-hoc-tai-phan-hieu-khanh-hoa,A00,Điểm thi THPT,2025,20.0,Khoa học máy tính - Chương trình học tại Phân hiệu Khánh Hòa
63525,DTT,khoa-hoc-may-tinh-chuong-trinh-hoc-tai-phan-hieu-khanh-hoa,A01,Điểm thi THPT,2025,20.0,Khoa học máy tính - Chương trình học tại Phân hiệu Khánh Hòa
63526,DTT,khoa-hoc-may-tinh-chuong-trinh-hoc-tai-phan-hieu-khanh-hoa,C01,Điểm thi THPT,2025,20.0,Khoa học máy tính - Chương trình học tại Phân hiệu Khánh Hòa
63527,DTT,khoa-hoc-may-tinh-chuong-trinh-hoc-tai-phan-hieu-khanh-hoa,D01,Điểm thi THPT,2025,20.0,Khoa học máy tính - Chương trình học tại Phân hiệu Khánh Hòa
63528,DTT,khoa-hoc-may-tinh-chuong-trinh-hoc-tai-phan-hieu-khanh-hoa,D07,Điểm thi THPT,2025,20.0,Khoa học máy tính - Chương trình học tại Phân hiệu Khánh Hòa
63529,DTT,khoa-hoc-may-tinh-chuong-trinh-hoc-tai-phan-hieu-khanh-hoa,X26,Điểm thi THPT,2025,20.0,Khoa học máy tính - Chương trình học tại Phân hiệu Khánh Hòa
63530,DTT,khoa-hoc-may-tinh-chuong-trinh-lien-ket-dai-hoc-ky-thuat-ostrava,A01,Điểm thi THPT,2023,26.0,Khoa học máy tính (đơn bằng 2+2) - Chương trình liên kết Đại học Kỹ thuật Ostrava (CH Séc)
63531,DTT,khoa-hoc-may-tinh-chuong-trinh-lien-ket-dai-hoc-ky-thuat-ostrava,D01,Điểm thi THPT,2023,26.0,Khoa học máy tính (đơn bằng 2+2) - Chương trình liên kết Đại học Kỹ thuật Ostrava (CH Séc)
63532,DTT,khoa-hoc-may-tinh-chuong-trinh-lien-ket-dai-hoc-ky-thuat-ostrava,E03,Điểm thi THPT,2023,26.0,Khoa học máy tính (đơn bằng 2+2) - Chương trình liên kết Đại học Kỹ thuật Ostrava (CH Séc)
63533,DTT,khoa-hoc-may-tinh-chuong-trinh-lien-ket-dai-hoc-ky-thuat-ostrava,E06,Điểm thi THPT,2023,26.0,Khoa học máy tính (đơn bằng 2+2) - Chương trình liên kết Đại học Kỹ thuật Ostrava (CH Séc)
63534,DTT,khoa-hoc-may-tinh-chuong-trinh-lien-ket-dai-hoc-ky-thuat-ostrava,A01,Điểm thi THPT,2024,28.0,Khoa học máy tính (đơn bằng 2+2) - Chương trình liên kết Đại học Kỹ thuật Ostrava (Cộng hòa Séc)
63535,DTT,khoa-hoc-may-tinh-chuong-trinh-lien-ket-dai-hoc-ky-thuat-ostrava,D01,Điểm thi THPT,2024,28.0,Khoa học máy tính (đơn bằng 2+2) - Chương trình liên kết Đại học Kỹ thuật Ostrava (Cộng hòa Séc)
63536,DTT,khoa-hoc-may-tinh-chuong-trinh-lien-ket-dai-hoc-ky-thuat-ostrava,E04,Điểm thi THPT,2024,28.0,Khoa học máy tính (đơn bằng 2+2) - Chương trình liên kết Đại học Kỹ thuật Ostrava (Cộng hòa Séc)
63537,DTT,khoa-hoc-may-tinh-chuong-trinh-lien-ket-dai-hoc-ky-thuat-ostrava,E06,Điểm thi THPT,2024,28.0,Khoa học máy tính (đơn bằng 2+2) - Chương trình liên kết Đại học Kỹ thuật Ostrava (Cộng hòa Séc)
63538,DTT,khoa-hoc-may-tinh-chuong-trinh-lien-ket-dai-hoc-ky-thuat-ostrava,A01,Điểm học bạ,2025,25.0,Khoa học máy tính (đơn bằng 2+2) - Chương trình liên kết Đại học Kỹ thuật Ostrava (CH Séc)
63539,DTT,khoa-hoc-may-tinh-chuong-trinh-lien-ket-dai-hoc-ky-thuat-ostrava,D01,Điểm học bạ,2025,25.0,Khoa học máy tính (đơn bằng 2+2) - Chương trình liên kết Đại học Kỹ thuật Ostrava (CH Séc)
63540,DTT,khoa-hoc-may-tinh-chuong-trinh-lien-ket-dai-hoc-ky-thuat-ostrava,A00,Điểm thi THPT,2025,22.0,Khoa học máy tính (đơn bằng 2+2) - Chương trình liên kết Đại học Kỹ thuật Ostrava (CH Séc)
63541,DTT,khoa-hoc-may-tinh-chuong-trinh-lien-ket-dai-hoc-ky-thuat-ostrava,A01,Điểm thi THPT,2025,22.0,Khoa học máy tính (đơn bằng 2+2) - Chương trình liên kết Đại học Kỹ thuật Ostrava (CH Séc)
63542,DTT,khoa-hoc-may-tinh-chuong-trinh-lien-ket-dai-hoc-ky-thuat-ostrava,C01,Điểm thi THPT,2025,22.0,Khoa học máy tính (đơn bằng 2+2) - Chương trình liên kết Đại học Kỹ thuật Ostrava (CH Séc)
63543,DTT,khoa-hoc-may-tinh-chuong-trinh-lien-ket-dai-hoc-ky-thuat-ostrava,D01,Điểm thi THPT,2025,22.0,Khoa học máy tính (đơn bằng 2+2) - Chương trình liên kết Đại học Kỹ thuật Ostrava (CH Séc)
63544,DTT,khoa-hoc-may-tinh-chuong-trinh-lien-ket-dai-hoc-ky-thuat-ostrava,D07,Điểm thi THPT,2025,22.0,Khoa học máy tính (đơn bằng 2+2) - Chương trình liên kết Đại học Kỹ thuật Ostrava (CH Séc)
63545,DTT,khoa-hoc-may-tinh-chuong-trinh-lien-ket-dai-hoc-ky-thuat-ostrava,X26,Điểm thi THPT,2025,22.0,Khoa học máy tính (đơn bằng 2+2) - Chương trình liên kết Đại học Kỹ thuật Ostrava (CH Séc)
63546,DTT,khoa-hoc-may-tinh-chuong-trinh-tieu-chuan,A00,Điểm thi THPT,2021,34.6,Khoa học máy tính - Chương trình tiêu chuẩn
63547,DTT,khoa-hoc-may-tinh-chuong-trinh-tieu-chuan,A01,Điểm thi THPT,2021,34.6,Khoa học máy tính - Chương trình tiêu chuẩn
63548,DTT,khoa-hoc-may-tinh-chuong-trinh-tieu-chuan,D01,Điểm thi THPT,2021,34.6,Khoa học máy tính - Chương trình tiêu chuẩn
63549,DTT,khoa-hoc-may-tinh-cong-nghe-thong-tin-chuong-trinh-lien-ket-dai-hoc-khoa-hoc-va-cong-nghe-lunghwa,R00,Điểm học bạ,2022,28.0,"Khoa học máy tính & Công nghệ thông tin (đơn bằng, 2+2) - chương trình liên kết Đại học Khoa học và công nghệ Lunghwa (Đài Loan)"
63550,DTT,khoa-hoc-may-tinh-cong-nghe-thong-tin-chuong-trinh-lien-ket-dai-hoc-khoa-hoc-va-cong-nghe-lunghwa,E01,Điểm thi THPT,2022,24.0,"Khoa học máy tính & Công nghệ thông tin (song bằng, 2+2) - chương trình liên kết Đại học Khoa học và công nghệ Lunghwa (Đài Loan)"
63551,DTT,khoa-hoc-may-tinh-cong-nghe-thong-tin-chuong-trinh-lien-ket-dai-hoc-khoa-hoc-va-cong-nghe-lunghwa,E03,Điểm thi THPT,2022,24.0,"Khoa học máy tính & Công nghệ thông tin (song bằng, 2+2) - chương trình liên kết Đại học Khoa học và công nghệ Lunghwa (Đài Loan)"
63552,DTT,khoa-hoc-may-tinh-cong-nghe-thong-tin-chuong-trinh-lien-ket-dai-hoc-khoa-hoc-va-cong-nghe-lunghwa,E04,Điểm thi THPT,2022,24.0,"Khoa học máy tính & Công nghệ thông tin (song bằng, 2+2) - chương trình liên kết Đại học Khoa học và công nghệ Lunghwa (Đài Loan)"
63553,DTT,khoa-hoc-may-tinh-cong-nghe-thong-tin-chuong-trinh-lien-ket-dai-hoc-khoa-hoc-va-cong-nghe-lunghwa,E06,Điểm thi THPT,2022,24.0,"Khoa học máy tính & Công nghệ thông tin (song bằng, 2+2) - chương trình liên kết Đại học Khoa học và công nghệ Lunghwa (Đài Loan)"
63554,DTT,khoa-hoc-moi-truong,A00,Điểm thi THPT,2022,22.0,Khoa học môi trường
63555,DTT,khoa-hoc-moi-truong,A01,Điểm thi THPT,2022,22.0,Khoa học môi trường
63556,DTT,khoa-hoc-moi-truong,B00,Điểm thi THPT,2022,22.0,Khoa học môi trường
63557,DTT,khoa-hoc-moi-truong,D07,Điểm thi THPT,2022,22.0,Khoa học môi trường
63558,DTT,khoa-hoc-moi-truong,B08,Điểm học bạ,2023,27.0,Khoa học môi trường
63559,DTT,khoa-hoc-moi-truong,A00,Điểm thi THPT,2023,22.0,Khoa học môi trường
63560,DTT,khoa-hoc-moi-truong,A01,Điểm thi THPT,2023,22.0,Khoa học môi trường
63561,DTT,khoa-hoc-moi-truong,B00,Điểm thi THPT,2023,22.0,Khoa học môi trường
63562,DTT,khoa-hoc-moi-truong,D07,Điểm thi THPT,2023,22.0,Khoa học môi trường
63563,DTT,khoa-hoc-moi-truong,B08,Điểm học bạ,2024,26.0,Khoa học môi trường
63564,DTT,khoa-hoc-moi-truong,A00,Điểm thi THPT,2024,22.0,Khoa học môi trường
63565,DTT,khoa-hoc-moi-truong,A01,Điểm thi THPT,2024,22.0,Khoa học môi trường
63566,DTT,khoa-hoc-moi-truong,B00,Điểm thi THPT,2024,22.0,Khoa học môi trường
63567,DTT,khoa-hoc-moi-truong,D07,Điểm thi THPT,2024,22.0,Khoa học môi trường
63568,DTT,khoa-hoc-moi-truong,B03,Điểm học bạ,2025,24.0,Khoa học môi trường
63569,DTT,khoa-hoc-moi-truong,C01,Điểm học bạ,2025,24.0,Khoa học môi trường
63570,DTT,khoa-hoc-moi-truong,C02,Điểm học bạ,2025,24.0,Khoa học môi trường
63571,DTT,khoa-hoc-moi-truong,A00,Điểm thi THPT,2025,20.0,Khoa học môi trường
63572,DTT,khoa-hoc-moi-truong,A01,Điểm thi THPT,2025,20.0,Khoa học môi trường
63573,DTT,khoa-hoc-moi-truong,B00,Điểm thi THPT,2025,20.0,Khoa học môi trường
63574,DTT,khoa-hoc-moi-truong,B03,Điểm thi THPT,2025,20.0,Khoa học môi trường
63575,DTT,khoa-hoc-moi-truong,B08,Điểm thi THPT,2025,20.0,Khoa học môi trường
63576,DTT,khoa-hoc-moi-truong,C01,Điểm thi THPT,2025,20.0,Khoa học môi trường
63577,DTT,khoa-hoc-moi-truong,C02,Điểm thi THPT,2025,20.0,Khoa học môi trường
63578,DTT,khoa-hoc-moi-truong,D07,Điểm thi THPT,2025,20.0,Khoa học môi trường
63579,DTT,khoa-hoc-moi-truong-chuong-trinh-tieu-chuan,A00,Điểm thi THPT,2021,23.0,Khoa học môi trường - Chương trình tiêu chuẩn
63580,DTT,khoa-hoc-moi-truong-chuong-trinh-tieu-chuan,B00,Điểm thi THPT,2021,23.0,Khoa học môi trường - Chương trình tiêu chuẩn
63581,DTT,khoa-hoc-moi-truong-chuong-trinh-tieu-chuan,D07,Điểm thi THPT,2021,23.0,Khoa học môi trường - Chương trình tiêu chuẩn
63582,DTT,khoa-hoc-moi-truong-chuong-trinh-tieu-chuan,D08,Điểm thi THPT,2021,23.0,Khoa học môi trường - Chương trình tiêu chuẩn
63583,DTT,kiem-toan-va-phan-tich-du-lieu,D01,Điểm học bạ,2025,35.14,Kiểm toán (Chuyên ngành Kiểm toán và Phân tích dữ liệu)
63584,DTT,kiem-toan-va-phan-tich-du-lieu,A00,Điểm thi THPT,2025,27.98,Kiểm toán (Chuyên ngành Kiểm toán và Phân tích dữ liệu)
63585,DTT,kiem-toan-va-phan-tich-du-lieu,A01,Điểm thi THPT,2025,27.73,Kiểm toán (Chuyên ngành Kiểm toán và Phân tích dữ liệu)
63586,DTT,kiem-toan-va-phan-tich-du-lieu,C01,Điểm thi THPT,2025,28.23,Kiểm toán (Chuyên ngành Kiểm toán và Phân tích dữ liệu)
63587,DTT,kiem-toan-va-phan-tich-du-lieu,C02,Điểm thi THPT,2025,27.98,Kiểm toán (Chuyên ngành Kiểm toán và Phân tích dữ liệu)
63588,DTT,kiem-toan-va-phan-tich-du-lieu,D01,Điểm thi THPT,2025,27.73,Kiểm toán (Chuyên ngành Kiểm toán và Phân tích dữ liệu)
63589,DTT,kiem-toan-va-phan-tich-du-lieu,D07,Điểm thi THPT,2025,27.73,Kiểm toán (Chuyên ngành Kiểm toán và Phân tích dữ liệu)
63590,DTT,kien-truc,V00,Điểm thi THPT,2022,26.0,Kiến trúc
63591,DTT,kien-truc,V01,Điểm thi THPT,2022,26.0,Kiến trúc
63592,DTT,kien-truc,V02,Điểm học bạ,2023,28.0,Kiến trúc
63593,DTT,kien-truc,V00,Điểm thi THPT,2023,27.0,Kiến trúc
63594,DTT,kien-truc,V01,Điểm thi THPT,2023,27.0,Kiến trúc
63595,DTT,kien-truc,V02,Điểm học bạ,2024,30.75,Kiến trúc
63596,DTT,kien-truc,V00,Điểm thi THPT,2024,29.8,Kiến trúc
63597,DTT,kien-truc,V01,Điểm thi THPT,2024,29.8,Kiến trúc
63598,DTT,kien-truc,H01,Điểm học bạ,2025,28.2,Kiến trúc - Chương trình tiên tiến
63599,DTT,kien-truc,H06,Điểm học bạ,2025,28.2,Kiến trúc - Chương trình tiên tiến
63600,DTT,kien-truc,H01,Điểm thi THPT,2025,28.54,Kiến trúc
63601,DTT,kien-truc,H06,Điểm thi THPT,2025,28.54,Kiến trúc
63602,DTT,kien-truc,V00,Điểm thi THPT,2025,25.6,Kiến trúc - Chương trình tiên tiến
63603,DTT,kien-truc,V02,Điểm thi THPT,2025,28.54,Kiến trúc
63604,DTT,kien-truc-chat-luong-cao,V02,Điểm học bạ,2023,27.0,Kiến trúc - Chất lượng cao
63605,DTT,kien-truc-chat-luong-cao,V00,Điểm thi THPT,2023,22.0,Kiến trúc - Chất lượng cao
63606,DTT,kien-truc-chat-luong-cao,V01,Điểm thi THPT,2023,22.0,Kiến trúc - Chất lượng cao
63607,DTT,kien-truc-chat-luong-cao,V02,Điểm học bạ,2024,27.0,Kiến trúc - Chất lượng cao
63608,DTT,kien-truc-chat-luong-cao,A01,Điểm thi THPT,2024,28.5,Kiến trúc - Chất lượng cao
63609,DTT,kien-truc-chat-luong-cao,C01,Điểm thi THPT,2024,28.5,Kiến trúc - Chất lượng cao
63610,DTT,kien-truc-chat-luong-cao,V00,Điểm thi THPT,2024,28.5,Kiến trúc - Chất lượng cao
63611,DTT,kien-truc-chat-luong-cao,V01,Điểm thi THPT,2024,28.5,Kiến trúc - Chất lượng cao
63612,DTT,kien-truc-chuong-trinh-tieu-chuan,V00,Điểm thi THPT,2021,28.0,Kiến trúc - Chương trình tiêu chuẩn
63613,DTT,kien-truc-chuong-trinh-tieu-chuan,V01,Điểm thi THPT,2021,28.0,Kiến trúc - Chương trình tiêu chuẩn
63614,DTT,kinh-doanh-chuong-trinh-du-bi-lien-ket-dai-hoc-massey,A01,Điểm thi THPT,2024,26.0,"Kinh doanh (Tài chính, Kinh doanh quốc tế, Marketing, Kế toán, Quản trị nguồn nhân lực & Quan hệ lao động) (đơn bằng 2+1,5) - Chương trình dự bị liên kết Đại học Massey (New Zealand)"
63615,DTT,kinh-doanh-chuong-trinh-du-bi-lien-ket-dai-hoc-massey,D01,Điểm thi THPT,2024,26.0,"Kinh doanh (Tài chính, Kinh doanh quốc tế, Marketing, Kế toán, Quản trị nguồn nhân lực & Quan hệ lao động) (đơn bằng 2+1,5) - Chương trình dự bị liên kết Đại học Massey (New Zealand)"
63616,DTT,kinh-doanh-chuong-trinh-du-bi-lien-ket-dai-hoc-massey,D01,Điểm học bạ,2025,25.9,"Kinh doanh (Tài chính, Kinh doanh quốc tế, Marketing, Kế toán, Quản trị nguồn nhân lực & Quan hệ lao động) (đơn bằng 2+1,5) - Chương trình dự bị liên kết Đại học Massey (New Zealand)"
63617,DTT,kinh-doanh-chuong-trinh-du-bi-lien-ket-dai-hoc-massey,A00,Điểm thi THPT,2025,21.0,"Kinh doanh (Tài chính, Kinh doanh quốc tế, Marketing, Kế toán, Quản trị nguồn nhân lực & Quan hệ lao động) (đơn bằng 2+1,5) - Chương trình dự bị liên kết Đại học Massey (New Zealand)"
63618,DTT,kinh-doanh-chuong-trinh-du-bi-lien-ket-dai-hoc-massey,A01,Điểm thi THPT,2025,21.0,"Kinh doanh (Tài chính, Kinh doanh quốc tế, Marketing, Kế toán, Quản trị nguồn nhân lực & Quan hệ lao động) (đơn bằng 2+1,5) - Chương trình dự bị liên kết Đại học Massey (New Zealand)"
63619,DTT,kinh-doanh-chuong-trinh-du-bi-lien-ket-dai-hoc-massey,C01,Điểm thi THPT,2025,21.0,"Kinh doanh (Tài chính, Kinh doanh quốc tế, Marketing, Kế toán, Quản trị nguồn nhân lực & Quan hệ lao động) (đơn bằng 2+1,5) - Chương trình dự bị liên kết Đại học Massey (New Zealand)"
63620,DTT,kinh-doanh-chuong-trinh-du-bi-lien-ket-dai-hoc-massey,C02,Điểm thi THPT,2025,21.0,"Kinh doanh (Tài chính, Kinh doanh quốc tế, Marketing, Kế toán, Quản trị nguồn nhân lực & Quan hệ lao động) (đơn bằng 2+1,5) - Chương trình dự bị liên kết Đại học Massey (New Zealand)"
63621,DTT,kinh-doanh-chuong-trinh-du-bi-lien-ket-dai-hoc-massey,D01,Điểm thi THPT,2025,21.0,"Kinh doanh (Tài chính, Kinh doanh quốc tế, Marketing, Kế toán, Quản trị nguồn nhân lực & Quan hệ lao động) (đơn bằng 2+1,5) - Chương trình dự bị liên kết Đại học Massey (New Zealand)"
63622,DTT,kinh-doanh-chuong-trinh-du-bi-lien-ket-dai-hoc-massey,D07,Điểm thi THPT,2025,21.0,"Kinh doanh (Tài chính, Kinh doanh quốc tế, Marketing, Kế toán, Quản trị nguồn nhân lực & Quan hệ lao động) (đơn bằng 2+1,5) - Chương trình dự bị liên kết Đại học Massey (New Zealand)"
63623,DTT,kinh-doanh-chuong-trinh-lien-ket-dai-hoc-massey,A01,Điểm thi THPT,2024,26.0,"Kinh doanh (Tài chính, Kinh doanh quốc tế, Marketing. Kế toán, Quản trị nguồn nhân lực & Quan hệ lao động) (đơn bằng 2+1.5) - Chương trình liên kết Đại học Massey (New Zealand)"
63624,DTT,kinh-doanh-chuong-trinh-lien-ket-dai-hoc-massey,D01,Điểm thi THPT,2024,26.0,"Kinh doanh (Tài chính, Kinh doanh quốc tế, Marketing. Kế toán, Quản trị nguồn nhân lực & Quan hệ lao động) (đơn bằng 2+1.5) - Chương trình liên kết Đại học Massey (New Zealand)"
63625,DTT,kinh-doanh-chuong-trinh-lien-ket-dai-hoc-massey,E04,Điểm thi THPT,2024,26.0,"Kinh doanh (Tài chính, Kinh doanh quốc tế, Marketing. Kế toán, Quản trị nguồn nhân lực & Quan hệ lao động) (đơn bằng 2+1.5) - Chương trình liên kết Đại học Massey (New Zealand)"
63626,DTT,kinh-doanh-chuong-trinh-lien-ket-dai-hoc-massey,E06,Điểm thi THPT,2024,26.0,"Kinh doanh (Tài chính, Kinh doanh quốc tế, Marketing. Kế toán, Quản trị nguồn nhân lực & Quan hệ lao động) (đơn bằng 2+1.5) - Chương trình liên kết Đại học Massey (New Zealand)"
63627,DTT,kinh-doanh-chuong-trinh-lien-ket-dai-hoc-massey,D01,Điểm học bạ,2025,25.9,"Kinh doanh (Tài chính, Kinh doanh quốc tế, Marketing, Kế toán, Quản trị nguồn nhân lực & Quan hệ lao động) (đơn bằng 2+1,5) - Chương trình liên kết Đại học Massey (New Zealand)"
63628,DTT,kinh-doanh-chuong-trinh-lien-ket-dai-hoc-massey,A00,Điểm thi THPT,2025,21.0,"Kinh doanh (Tài chính, Kinh doanh quốc tế, Marketing, Kế toán, Quản trị nguồn nhân lực & Quan hệ lao động) (đơn bằng 2+1,5) - Chương trình liên kết Đại học Massey (New Zealand)"
63629,DTT,kinh-doanh-chuong-trinh-lien-ket-dai-hoc-massey,A01,Điểm thi THPT,2025,21.0,"Kinh doanh (Tài chính, Kinh doanh quốc tế, Marketing, Kế toán, Quản trị nguồn nhân lực & Quan hệ lao động) (đơn bằng 2+1,5) - Chương trình liên kết Đại học Massey (New Zealand)"
63630,DTT,kinh-doanh-chuong-trinh-lien-ket-dai-hoc-massey,C01,Điểm thi THPT,2025,21.0,"Kinh doanh (Tài chính, Kinh doanh quốc tế, Marketing, Kế toán, Quản trị nguồn nhân lực & Quan hệ lao động) (đơn bằng 2+1,5) - Chương trình liên kết Đại học Massey (New Zealand)"
63631,DTT,kinh-doanh-chuong-trinh-lien-ket-dai-hoc-massey,C02,Điểm thi THPT,2025,21.0,"Kinh doanh (Tài chính, Kinh doanh quốc tế, Marketing, Kế toán, Quản trị nguồn nhân lực & Quan hệ lao động) (đơn bằng 2+1,5) - Chương trình liên kết Đại học Massey (New Zealand)"
63632,DTT,kinh-doanh-chuong-trinh-lien-ket-dai-hoc-massey,D01,Điểm thi THPT,2025,21.0,"Kinh doanh (Tài chính, Kinh doanh quốc tế, Marketing, Kế toán, Quản trị nguồn nhân lực & Quan hệ lao động) (đơn bằng 2+1,5) - Chương trình liên kết Đại học Massey (New Zealand)"
63633,DTT,kinh-doanh-chuong-trinh-lien-ket-dai-hoc-massey,D07,Điểm thi THPT,2025,21.0,"Kinh doanh (Tài chính, Kinh doanh quốc tế, Marketing, Kế toán, Quản trị nguồn nhân lực & Quan hệ lao động) (đơn bằng 2+1,5) - Chương trình liên kết Đại học Massey (New Zealand)"
63634,DTT,kinh-doanh-quoc-te,A00,Điểm thi THPT,2022,34.5,Kinh doanh quốc tế
63635,DTT,kinh-doanh-quoc-te,A01,Điểm thi THPT,2022,34.5,Kinh doanh quốc tế
63636,DTT,kinh-doanh-quoc-te,D01,Điểm thi THPT,2022,34.5,Kinh doanh quốc tế
63637,DTT,kinh-doanh-quoc-te,D01,Điểm học bạ,2023,37.5,Kinh doanh quốc tế
63638,DTT,kinh-doanh-quoc-te,A00,Điểm thi THPT,2023,34.6,Kinh doanh quốc tế
63639,DTT,kinh-doanh-quoc-te,A01,Điểm thi THPT,2023,34.6,Kinh doanh quốc tế
63640,DTT,kinh-doanh-quoc-te,D01,Điểm thi THPT,2023,34.6,Kinh doanh quốc tế
63641,DTT,kinh-doanh-quoc-te,D01,Điểm học bạ,2024,37.5,Kinh doanh quốc tế
63642,DTT,kinh-doanh-quoc-te,A00,Điểm thi THPT,2024,33.8,Kinh doanh quốc tế
63643,DTT,kinh-doanh-quoc-te,A01,Điểm thi THPT,2024,33.8,Kinh doanh quốc tế
63644,DTT,kinh-doanh-quoc-te,D01,Điểm thi THPT,2024,33.8,Kinh doanh quốc tế
63645,DTT,kinh-doanh-quoc-te,D01,Điểm học bạ,2025,36.98,Kinh doanh quốc tế
63646,DTT,kinh-doanh-quoc-te,A00,Điểm thi THPT,2025,31.26,Kinh doanh quốc tế
63647,DTT,kinh-doanh-quoc-te,A01,Điểm thi THPT,2025,31.01,Kinh doanh quốc tế
63648,DTT,kinh-doanh-quoc-te,C01,Điểm thi THPT,2025,31.51,Kinh doanh quốc tế
63649,DTT,kinh-doanh-quoc-te,C02,Điểm thi THPT,2025,31.26,Kinh doanh quốc tế
63650,DTT,kinh-doanh-quoc-te,D01,Điểm thi THPT,2025,31.01,Kinh doanh quốc tế
63651,DTT,kinh-doanh-quoc-te,D07,Điểm thi THPT,2025,31.01,Kinh doanh quốc tế
63652,DTT,kinh-doanh-quoc-te-chat-luong-cao,A00,Điểm thi THPT,2021,35.9,Kinh doanh quốc tế - Chất lượng cao
63653,DTT,kinh-doanh-quoc-te-chat-luong-cao,A01,Điểm thi THPT,2021,35.9,Kinh doanh quốc tế - Chất lượng cao
63654,DTT,kinh-doanh-quoc-te-chat-luong-cao,D01,Điểm thi THPT,2021,35.9,Kinh doanh quốc tế - Chất lượng cao
63655,DTT,kinh-doanh-quoc-te-chat-luong-cao,D01,Điểm học bạ,2023,35.0,Kinh doanh quốc tế - Chất lượng cao
63656,DTT,kinh-doanh-quoc-te-chat-luong-cao,A00,Điểm thi THPT,2023,33.15,Kinh doanh quốc tế - Chất lượng cao
63657,DTT,kinh-doanh-quoc-te-chat-luong-cao,A01,Điểm thi THPT,2023,33.15,Kinh doanh quốc tế - Chất lượng cao
63658,DTT,kinh-doanh-quoc-te-chat-luong-cao,D01,Điểm thi THPT,2023,33.15,Kinh doanh quốc tế - Chất lượng cao
63659,DTT,kinh-doanh-quoc-te-chat-luong-cao,D01,Điểm học bạ,2024,34.5,Kinh doanh quốc tế - Chất lượng cao
63660,DTT,kinh-doanh-quoc-te-chat-luong-cao,A00,Điểm thi THPT,2024,30.8,Kinh doanh quốc tế - Chất lượng cao
63661,DTT,kinh-doanh-quoc-te-chat-luong-cao,A01,Điểm thi THPT,2024,30.8,Kinh doanh quốc tế - Chất lượng cao
63662,DTT,kinh-doanh-quoc-te-chat-luong-cao,D01,Điểm thi THPT,2024,30.8,Kinh doanh quốc tế - Chất lượng cao
63663,DTT,kinh-doanh-quoc-te-chuong-trinh-clc,A00,Điểm thi THPT,2022,32.8,Kinh doanh quốc tế - chương trình CLC
63664,DTT,kinh-doanh-quoc-te-chuong-trinh-clc,A01,Điểm thi THPT,2022,32.8,Kinh doanh quốc tế - chương trình CLC
63665,DTT,kinh-doanh-quoc-te-chuong-trinh-clc,D01,Điểm thi THPT,2022,32.8,Kinh doanh quốc tế - chương trình CLC
63666,DTT,kinh-doanh-quoc-te-chuong-trinh-dai-hoc-bang-tieng-anh,A00,Điểm thi THPT,2021,33.5,Kinh doanh quốc tế - Chương trình đại học bằng tiếng Anh
63667,DTT,kinh-doanh-quoc-te-chuong-trinh-dai-hoc-bang-tieng-anh,A01,Điểm thi THPT,2021,33.5,Kinh doanh quốc tế - Chương trình đại học bằng tiếng Anh
63668,DTT,kinh-doanh-quoc-te-chuong-trinh-dai-hoc-bang-tieng-anh,D01,Điểm thi THPT,2021,33.5,Kinh doanh quốc tế - Chương trình đại học bằng tiếng Anh
63669,DTT,kinh-doanh-quoc-te-chuong-trinh-dai-hoc-bang-tieng-anh,R00,Điểm học bạ,2022,34.0,Kinh doanh quốc tế - chương trình đại học bằng Tiếng Anh
63670,DTT,kinh-doanh-quoc-te-chuong-trinh-dai-hoc-bang-tieng-anh,E01,Điểm thi THPT,2022,27.0,Kinh doanh quốc tế - chương trình đại học bằng Tiếng Anh
63671,DTT,kinh-doanh-quoc-te-chuong-trinh-dai-hoc-bang-tieng-anh,E04,Điểm thi THPT,2022,27.0,Kinh doanh quốc tế - chương trình đại học bằng Tiếng Anh
63672,DTT,kinh-doanh-quoc-te-chuong-trinh-dai-hoc-bang-tieng-anh,A01,Điểm thi THPT,2023,31.5,Kinh doanh quốc tế - Chương trình đại học bằng tiếng Anh
63673,DTT,kinh-doanh-quoc-te-chuong-trinh-dai-hoc-bang-tieng-anh,D01,Điểm thi THPT,2023,31.5,Kinh doanh quốc tế - Chương trình đại học bằng tiếng Anh
63674,DTT,kinh-doanh-quoc-te-chuong-trinh-dai-hoc-bang-tieng-anh,E01,Điểm thi THPT,2023,31.5,Kinh doanh quốc tế - Chương trình đại học bằng tiếng Anh
63675,DTT,kinh-doanh-quoc-te-chuong-trinh-dai-hoc-bang-tieng-anh,E04,Điểm thi THPT,2023,31.5,Kinh doanh quốc tế - Chương trình đại học bằng tiếng Anh
63676,DTT,kinh-doanh-quoc-te-chuong-trinh-dai-hoc-bang-tieng-anh,D01,Điểm học bạ,2024,34.0,Kinh doanh quốc tế - Chương trình đại học bằng tiếng Anh
63677,DTT,kinh-doanh-quoc-te-chuong-trinh-dai-hoc-bang-tieng-anh,A01,Điểm thi THPT,2024,28.0,Kinh doanh quốc tế - Chương trình đại học bằng tiếng Anh
63678,DTT,kinh-doanh-quoc-te-chuong-trinh-dai-hoc-bang-tieng-anh,D01,Điểm thi THPT,2024,28.0,Kinh doanh quốc tế - Chương trình đại học bằng tiếng Anh
63679,DTT,kinh-doanh-quoc-te-chuong-trinh-dai-hoc-bang-tieng-anh,E04,Điểm thi THPT,2024,28.0,Kinh doanh quốc tế - Chương trình đại học bằng tiếng Anh
63680,DTT,kinh-doanh-quoc-te-chuong-trinh-dai-hoc-bang-tieng-anh,E06,Điểm thi THPT,2024,28.0,Kinh doanh quốc tế - Chương trình đại học bằng tiếng Anh
63681,DTT,kinh-doanh-quoc-te-chuong-trinh-dai-hoc-bang-tieng-anh,D01,Điểm học bạ,2025,27.75,Kinh doanh quốc tế - Chương trình đại học bằng tiếng Anh
63682,DTT,kinh-doanh-quoc-te-chuong-trinh-dai-hoc-bang-tieng-anh,A00,Điểm thi THPT,2025,23.5,Kinh doanh quốc tế - Chương trình đại học bằng tiếng Anh
63683,DTT,kinh-doanh-quoc-te-chuong-trinh-dai-hoc-bang-tieng-anh,A01,Điểm thi THPT,2025,23.5,Kinh doanh quốc tế - Chương trình đại học bằng tiếng Anh
63684,DTT,kinh-doanh-quoc-te-chuong-trinh-dai-hoc-bang-tieng-anh,C01,Điểm thi THPT,2025,23.5,Kinh doanh quốc tế - Chương trình đại học bằng tiếng Anh
63685,DTT,kinh-doanh-quoc-te-chuong-trinh-dai-hoc-bang-tieng-anh,C02,Điểm thi THPT,2025,23.5,Kinh doanh quốc tế - Chương trình đại học bằng tiếng Anh
63686,DTT,kinh-doanh-quoc-te-chuong-trinh-dai-hoc-bang-tieng-anh,D01,Điểm thi THPT,2025,23.5,Kinh doanh quốc tế - Chương trình đại học bằng tiếng Anh
63687,DTT,kinh-doanh-quoc-te-chuong-trinh-dai-hoc-bang-tieng-anh,D07,Điểm thi THPT,2025,23.5,Kinh doanh quốc tế - Chương trình đại học bằng tiếng Anh
63688,DTT,kinh-doanh-quoc-te-chuong-trinh-du-bi-dai-hoc-bang-tieng-anh,A01,Điểm thi THPT,2024,28.0,Kinh doanh quốc tế - Chương trình dự bị đại học bằng tiếng Anh
63689,DTT,kinh-doanh-quoc-te-chuong-trinh-du-bi-dai-hoc-bang-tieng-anh,D01,Điểm thi THPT,2024,28.0,Kinh doanh quốc tế - Chương trình dự bị đại học bằng tiếng Anh
63690,DTT,kinh-doanh-quoc-te-chuong-trinh-du-bi-dai-hoc-bang-tieng-anh,D01,Điểm học bạ,2025,28.47,Kinh doanh quốc tế - Chương trình dự bị đại học bằng tiếng Anh
63691,DTT,kinh-doanh-quoc-te-chuong-trinh-du-bi-dai-hoc-bang-tieng-anh,A00,Điểm thi THPT,2025,24.0,Kinh doanh quốc tế - Chương trình dự bị đại học bằng tiếng Anh
63692,DTT,kinh-doanh-quoc-te-chuong-trinh-du-bi-dai-hoc-bang-tieng-anh,A01,Điểm thi THPT,2025,24.0,Kinh doanh quốc tế - Chương trình dự bị đại học bằng tiếng Anh
63693,DTT,kinh-doanh-quoc-te-chuong-trinh-du-bi-dai-hoc-bang-tieng-anh,C01,Điểm thi THPT,2025,24.0,Kinh doanh quốc tế - Chương trình dự bị đại học bằng tiếng Anh
63694,DTT,kinh-doanh-quoc-te-chuong-trinh-du-bi-dai-hoc-bang-tieng-anh,C02,Điểm thi THPT,2025,24.0,Kinh doanh quốc tế - Chương trình dự bị đại học bằng tiếng Anh
63695,DTT,kinh-doanh-quoc-te-chuong-trinh-du-bi-dai-hoc-bang-tieng-anh,D01,Điểm thi THPT,2025,24.0,Kinh doanh quốc tế - Chương trình dự bị đại học bằng tiếng Anh
63696,DTT,kinh-doanh-quoc-te-chuong-trinh-du-bi-dai-hoc-bang-tieng-anh,D07,Điểm thi THPT,2025,24.0,Kinh doanh quốc tế - Chương trình dự bị đại học bằng tiếng Anh
63697,DTT,kinh-doanh-quoc-te-chuong-trinh-du-bi-lien-ket-dai-hoc-la-trobe,A01,Điểm thi THPT,2024,28.0,Kinh doanh quốc tế (song bằng 3+1) – Chương trình dự bị liên kết Đại học La Trobe (Úc)
63698,DTT,kinh-doanh-quoc-te-chuong-trinh-du-bi-lien-ket-dai-hoc-la-trobe,D01,Điểm thi THPT,2024,28.0,Kinh doanh quốc tế (song bằng 3+1) – Chương trình dự bị liên kết Đại học La Trobe (Úc)
63699,DTT,kinh-doanh-quoc-te-chuong-trinh-du-bi-lien-ket-dai-hoc-la-trobe,D01,Điểm học bạ,2025,25.9,Kinh doanh quốc tế (song bằng 3 +1) - Chương trình dự bị liên kết Đại học La Trobe (Úc)
63700,DTT,kinh-doanh-quoc-te-chuong-trinh-du-bi-lien-ket-dai-hoc-la-trobe,A00,Điểm thi THPT,2025,21.0,Kinh doanh quốc tế (song bằng 3 +1) - Chương trình dự bị liên kết Đại học La Trobe (Úc)
63701,DTT,kinh-doanh-quoc-te-chuong-trinh-du-bi-lien-ket-dai-hoc-la-trobe,A01,Điểm thi THPT,2025,21.0,Kinh doanh quốc tế (song bằng 3 +1) - Chương trình dự bị liên kết Đại học La Trobe (Úc)
63702,DTT,kinh-doanh-quoc-te-chuong-trinh-du-bi-lien-ket-dai-hoc-la-trobe,C01,Điểm thi THPT,2025,21.0,Kinh doanh quốc tế (song bằng 3 +1) - Chương trình dự bị liên kết Đại học La Trobe (Úc)
63703,DTT,kinh-doanh-quoc-te-chuong-trinh-du-bi-lien-ket-dai-hoc-la-trobe,C02,Điểm thi THPT,2025,21.0,Kinh doanh quốc tế (song bằng 3 +1) - Chương trình dự bị liên kết Đại học La Trobe (Úc)
63704,DTT,kinh-doanh-quoc-te-chuong-trinh-du-bi-lien-ket-dai-hoc-la-trobe,D01,Điểm thi THPT,2025,21.0,Kinh doanh quốc tế (song bằng 3 +1) - Chương trình dự bị liên kết Đại học La Trobe (Úc)
63705,DTT,kinh-doanh-quoc-te-chuong-trinh-du-bi-lien-ket-dai-hoc-la-trobe,D07,Điểm thi THPT,2025,21.0,Kinh doanh quốc tế (song bằng 3 +1) - Chương trình dự bị liên kết Đại học La Trobe (Úc)
63706,DTT,kinh-doanh-quoc-te-chuong-trinh-lien-ket-dai-hoc-la-trobe,A01,Điểm thi THPT,2023,31.5,Kinh doanh quốc tế (song bằng 3 +1) – Chương trình liên kết Đại học La Trobe (Úc).
63707,DTT,kinh-doanh-quoc-te-chuong-trinh-lien-ket-dai-hoc-la-trobe,D01,Điểm thi THPT,2023,31.5,Kinh doanh quốc tế (song bằng 3 +1) – Chương trình liên kết Đại học La Trobe (Úc).
63708,DTT,kinh-doanh-quoc-te-chuong-trinh-lien-ket-dai-hoc-la-trobe,E01,Điểm thi THPT,2023,31.5,Kinh doanh quốc tế (song bằng 3 +1) – Chương trình liên kết Đại học La Trobe (Úc).
63709,DTT,kinh-doanh-quoc-te-chuong-trinh-lien-ket-dai-hoc-la-trobe,E04,Điểm thi THPT,2023,31.5,Kinh doanh quốc tế (song bằng 3 +1) – Chương trình liên kết Đại học La Trobe (Úc).
63710,DTT,kinh-doanh-quoc-te-chuong-trinh-lien-ket-dai-hoc-la-trobe,A01,Điểm thi THPT,2024,28.0,Kinh doanh quốc tế (song bằng 3+1) – Chương trình liên kết Đại học La Trobe (Úc)
63711,DTT,kinh-doanh-quoc-te-chuong-trinh-lien-ket-dai-hoc-la-trobe,D01,Điểm thi THPT,2024,28.0,Kinh doanh quốc tế (song bằng 3+1) – Chương trình liên kết Đại học La Trobe (Úc)
63712,DTT,kinh-doanh-quoc-te-chuong-trinh-lien-ket-dai-hoc-la-trobe,E04,Điểm thi THPT,2024,28.0,Kinh doanh quốc tế (song bằng 3+1) – Chương trình liên kết Đại học La Trobe (Úc)
63713,DTT,kinh-doanh-quoc-te-chuong-trinh-lien-ket-dai-hoc-la-trobe,E06,Điểm thi THPT,2024,28.0,Kinh doanh quốc tế (song bằng 3+1) – Chương trình liên kết Đại học La Trobe (Úc)
63714,DTT,kinh-doanh-quoc-te-chuong-trinh-lien-ket-dai-hoc-la-trobe,D01,Điểm học bạ,2025,25.9,Kinh doanh quốc tế (song bằng 3 +1) - Chương trình liên kết Đại học La Trobe (Úc)
63715,DTT,kinh-doanh-quoc-te-chuong-trinh-lien-ket-dai-hoc-la-trobe,A00,Điểm thi THPT,2025,21.0,Kinh doanh quốc tế (song bằng 3 +1) - Chương trình liên kết Đại học La Trobe (Úc)
63716,DTT,kinh-doanh-quoc-te-chuong-trinh-lien-ket-dai-hoc-la-trobe,A01,Điểm thi THPT,2025,21.0,Kinh doanh quốc tế (song bằng 3 +1) - Chương trình liên kết Đại học La Trobe (Úc)
63717,DTT,kinh-doanh-quoc-te-chuong-trinh-lien-ket-dai-hoc-la-trobe,C01,Điểm thi THPT,2025,21.0,Kinh doanh quốc tế (song bằng 3 +1) - Chương trình liên kết Đại học La Trobe (Úc)
63718,DTT,kinh-doanh-quoc-te-chuong-trinh-lien-ket-dai-hoc-la-trobe,C02,Điểm thi THPT,2025,21.0,Kinh doanh quốc tế (song bằng 3 +1) - Chương trình liên kết Đại học La Trobe (Úc)
63719,DTT,kinh-doanh-quoc-te-chuong-trinh-lien-ket-dai-hoc-la-trobe,D01,Điểm thi THPT,2025,21.0,Kinh doanh quốc tế (song bằng 3 +1) - Chương trình liên kết Đại học La Trobe (Úc)
63720,DTT,kinh-doanh-quoc-te-chuong-trinh-lien-ket-dai-hoc-la-trobe,D07,Điểm thi THPT,2025,21.0,Kinh doanh quốc tế (song bằng 3 +1) - Chương trình liên kết Đại học La Trobe (Úc)
63721,DTT,kinh-doanh-quoc-te-chuong-trinh-tieu-chuan,A00,Điểm thi THPT,2021,36.3,Kinh doanh quốc tế - Chương trình tiêu chuẩn
63722,DTT,kinh-doanh-quoc-te-chuong-trinh-tieu-chuan,A01,Điểm thi THPT,2021,36.3,Kinh doanh quốc tế - Chương trình tiêu chuẩn
63723,DTT,kinh-doanh-quoc-te-chuong-trinh-tieu-chuan,D01,Điểm thi THPT,2021,36.3,Kinh doanh quốc tế - Chương trình tiêu chuẩn
63724,DTT,kinh-doanh-the-thao-va-to-chuc-su-kien,A01,Điểm thi THPT,2022,27.0,Quản lý thể dục thể thao (chuyên ngành kinh doanh thể thao và tổ chức sự kiện)
63725,DTT,kinh-doanh-the-thao-va-to-chuc-su-kien,D01,Điểm thi THPT,2022,27.0,Quản lý thể dục thể thao (chuyên ngành kinh doanh thể thao và tổ chức sự kiện)
63726,DTT,kinh-doanh-the-thao-va-to-chuc-su-kien,T00,Điểm thi THPT,2022,27.0,Quản lý thể dục thể thao (chuyên ngành kinh doanh thể thao và tổ chức sự kiện)
63727,DTT,kinh-doanh-the-thao-va-to-chuc-su-kien,T01,Điểm thi THPT,2022,27.0,Quản lý thể dục thể thao (chuyên ngành kinh doanh thể thao và tổ chức sự kiện)
63728,DTT,kinh-doanh-the-thao-va-to-chuc-su-kien,D01,Điểm học bạ,2023,32.75,Quản lý thể dục thể thao (Chuyên ngành kinh doanh thể thao và tổ chức sự kiện)
63729,DTT,kinh-doanh-the-thao-va-to-chuc-su-kien,A01,Điểm thi THPT,2023,30.5,Quản lý thể dục thể thao (Chuyên ngành kinh doanh thể thao và tổ chức sự kiện)
63730,DTT,kinh-doanh-the-thao-va-to-chuc-su-kien,D01,Điểm thi THPT,2023,30.5,Quản lý thể dục thể thao (Chuyên ngành kinh doanh thể thao và tổ chức sự kiện)
63731,DTT,kinh-doanh-the-thao-va-to-chuc-su-kien,T00,Điểm thi THPT,2023,30.5,Quản lý thể dục thể thao (Chuyên ngành kinh doanh thể thao và tổ chức sự kiện)
63732,DTT,kinh-doanh-the-thao-va-to-chuc-su-kien,T01,Điểm thi THPT,2023,30.5,Quản lý thể dục thể thao (Chuyên ngành kinh doanh thể thao và tổ chức sự kiện)
63733,DTT,kinh-doanh-the-thao-va-to-chuc-su-kien,D01,Điểm học bạ,2024,34.25,Quản lý thể dục thể thao (Chuyên ngành Kinh doanh thể thao và tổ chức sự kiện)
63734,DTT,kinh-doanh-the-thao-va-to-chuc-su-kien,A01,Điểm thi THPT,2024,31.3,Quản lý thể dục thể thao (Chuyên ngành kinh doanh thể thao và tổ chức sự kiện)
63735,DTT,kinh-doanh-the-thao-va-to-chuc-su-kien,D01,Điểm thi THPT,2024,31.3,Quản lý thể dục thể thao (Chuyên ngành kinh doanh thể thao và tổ chức sự kiện)
63736,DTT,kinh-doanh-the-thao-va-to-chuc-su-kien,T00,Điểm thi THPT,2024,31.3,Quản lý thể dục thể thao (Chuyên ngành kinh doanh thể thao và tổ chức sự kiện)
63737,DTT,kinh-doanh-the-thao-va-to-chuc-su-kien,T01,Điểm thi THPT,2024,31.3,Quản lý thể dục thể thao (Chuyên ngành kinh doanh thể thao và tổ chức sự kiện)
63738,DTT,kinh-doanh-the-thao-va-to-chuc-su-kien,D01,Điểm học bạ,2025,34.92,Quản lý thể dục thể thao (Chuyên ngành Kinh doanh thể thao và tổ chức sự kiện)
63739,DTT,kinh-doanh-the-thao-va-to-chuc-su-kien,A01,Điểm thi THPT,2025,27.48,Quản lý thể dục thể thao (Chuyên ngành Kinh doanh thể thao và tổ chức sự kiện)
63740,DTT,kinh-doanh-the-thao-va-to-chuc-su-kien,B03,Điểm thi THPT,2025,27.63,Quản lý thể dục thể thao (Chuyên ngành Kinh doanh thể thao và tổ chức sự kiện)
63741,DTT,kinh-doanh-the-thao-va-to-chuc-su-kien,B08,Điểm thi THPT,2025,27.48,Quản lý thể dục thể thao (Chuyên ngành Kinh doanh thể thao và tổ chức sự kiện)
63742,DTT,kinh-doanh-the-thao-va-to-chuc-su-kien,C01,Điểm thi THPT,2025,27.98,Quản lý thể dục thể thao (Chuyên ngành Kinh doanh thể thao và tổ chức sự kiện)
63743,DTT,kinh-doanh-the-thao-va-to-chuc-su-kien,D01,Điểm thi THPT,2025,27.48,Quản lý thể dục thể thao (Chuyên ngành Kinh doanh thể thao và tổ chức sự kiện)
63744,DTT,kinh-doanh-the-thao-va-to-chuc-su-kien,T00,Điểm thi THPT,2025,27.98,Quản lý thể dục thể thao (Chuyên ngành Kinh doanh thể thao và tổ chức sự kiện)
63745,DTT,kinh-doanh-the-thao-va-to-chuc-su-kien-chuong-trinh-hoc-tai-phan-hieu-khanh-hoa,D01,Điểm học bạ,2025,25.0,Quản lý thể dục thể thao (Chuyên ngành Kinh doanh thể thao và tổ chức sự kiện) - Chương trình học tại Phân hiệu Khánh Hòa
63746,DTT,kinh-doanh-the-thao-va-to-chuc-su-kien-chuong-trinh-hoc-tai-phan-hieu-khanh-hoa,A01,Điểm thi THPT,2025,20.0,Quản lý thể dục thể thao (Chuyên ngành Kinh doanh thể thao và tổ chức sự kiện) - Chương trình học tại Phân hiệu Khánh Hòa
63747,DTT,kinh-doanh-the-thao-va-to-chuc-su-kien-chuong-trinh-hoc-tai-phan-hieu-khanh-hoa,B03,Điểm thi THPT,2025,20.0,Quản lý thể dục thể thao (Chuyên ngành Kinh doanh thể thao và tổ chức sự kiện) - Chương trình học tại Phân hiệu Khánh Hòa
63748,DTT,kinh-doanh-the-thao-va-to-chuc-su-kien-chuong-trinh-hoc-tai-phan-hieu-khanh-hoa,B08,Điểm thi THPT,2025,20.0,Quản lý thể dục thể thao (Chuyên ngành Kinh doanh thể thao và tổ chức sự kiện) - Chương trình học tại Phân hiệu Khánh Hòa
63749,DTT,kinh-doanh-the-thao-va-to-chuc-su-kien-chuong-trinh-hoc-tai-phan-hieu-khanh-hoa,C01,Điểm thi THPT,2025,20.0,Quản lý thể dục thể thao (Chuyên ngành Kinh doanh thể thao và tổ chức sự kiện) - Chương trình học tại Phân hiệu Khánh Hòa
63750,DTT,kinh-doanh-the-thao-va-to-chuc-su-kien-chuong-trinh-hoc-tai-phan-hieu-khanh-hoa,D01,Điểm thi THPT,2025,20.0,Quản lý thể dục thể thao (Chuyên ngành Kinh doanh thể thao và tổ chức sự kiện) - Chương trình học tại Phân hiệu Khánh Hòa
63751,DTT,kinh-doanh-the-thao-va-to-chuc-su-kien-chuong-trinh-hoc-tai-phan-hieu-khanh-hoa,T00,Điểm thi THPT,2025,20.0,Quản lý thể dục thể thao (Chuyên ngành Kinh doanh thể thao và tổ chức sự kiện) - Chương trình học tại Phân hiệu Khánh Hòa
63752,DTT,kinh-doanh-the-thao-va-to-chuc-su-kien-chuong-trinh-hoc-tai-phan-hieu-khanh-hoa,T01,Điểm thi THPT,2025,20.0,Quản lý thể dục thể thao (Chuyên ngành Kinh doanh thể thao và tổ chức sự kiện) - Chương trình học tại Phân hiệu Khánh Hòa
63753,DTT,kinh-doanh-the-thao-va-to-chuc-su-kien-chuong-trinh-tieu-chuan,A01,Điểm thi THPT,2021,32.8,Quản lý thể dục thể thao (Chuyên ngành kinh doanh thể thao và tổ chức sự kiện) - Chương trình tiêu chuẩn
63754,DTT,kinh-doanh-the-thao-va-to-chuc-su-kien-chuong-trinh-tieu-chuan,D01,Điểm thi THPT,2021,32.8,Quản lý thể dục thể thao (Chuyên ngành kinh doanh thể thao và tổ chức sự kiện) - Chương trình tiêu chuẩn
63755,DTT,kinh-doanh-the-thao-va-to-chuc-su-kien-chuong-trinh-tieu-chuan,T00,Điểm thi THPT,2021,32.8,Quản lý thể dục thể thao (Chuyên ngành kinh doanh thể thao và tổ chức sự kiện) - Chương trình tiêu chuẩn
63756,DTT,kinh-doanh-the-thao-va-to-chuc-su-kien-chuong-trinh-tieu-chuan,T01,Điểm thi THPT,2021,32.8,Quản lý thể dục thể thao (Chuyên ngành kinh doanh thể thao và tổ chức sự kiện) - Chương trình tiêu chuẩn
63757,DTT,ky-thuat-co-dien-tu,A00,Điểm thi THPT,2022,28.5,Kỹ thuật cơ điện tử
63758,DTT,ky-thuat-co-dien-tu,A01,Điểm thi THPT,2022,28.5,Kỹ thuật cơ điện tử
63759,DTT,ky-thuat-co-dien-tu,C01,Điểm thi THPT,2022,28.5,Kỹ thuật cơ điện tử
63760,DTT,ky-thuat-co-dien-tu,A01,Điểm học bạ,2023,33.0,Kỹ thuật cơ điện tử
63761,DTT,ky-thuat-co-dien-tu,A00,Điểm thi THPT,2023,29.9,Kỹ thuật cơ điện tử
63762,DTT,ky-thuat-co-dien-tu,A01,Điểm thi THPT,2023,29.9,Kỹ thuật cơ điện tử
63763,DTT,ky-thuat-co-dien-tu,C01,Điểm thi THPT,2023,29.9,Kỹ thuật cơ điện tử
63764,DTT,ky-thuat-co-dien-tu,A01,Điểm học bạ,2024,33.5,Kỹ thuật cơ điện tử
63765,DTT,ky-thuat-co-dien-tu,A00,Điểm thi THPT,2024,31.3,Kỹ thuật cơ điện tử
63766,DTT,ky-thuat-co-dien-tu,A01,Điểm thi THPT,2024,31.3,Kỹ thuật cơ điện tử
63767,DTT,ky-thuat-co-dien-tu,C01,Điểm thi THPT,2024,31.3,Kỹ thuật cơ điện tử
63768,DTT,ky-thuat-co-dien-tu,A00,Điểm học bạ,2025,35.52,Kỹ thuật cơ điện tử
63769,DTT,ky-thuat-co-dien-tu,A01,Điểm học bạ,2025,35.52,Kỹ thuật cơ điện tử
63770,DTT,ky-thuat-co-dien-tu,D01,Điểm học bạ,2025,35.77,Kỹ thuật cơ điện tử
63771,DTT,ky-thuat-co-dien-tu,A00,Điểm thi THPT,2025,28.55,Kỹ thuật cơ điện tử
63772,DTT,ky-thuat-co-dien-tu,A01,Điểm thi THPT,2025,28.3,Kỹ thuật cơ điện tử
63773,DTT,ky-thuat-co-dien-tu,C01,Điểm thi THPT,2025,28.7,Kỹ thuật cơ điện tử
63774,DTT,ky-thuat-co-dien-tu,D01,Điểm thi THPT,2025,28.3,Kỹ thuật cơ điện tử
63775,DTT,ky-thuat-co-dien-tu,D07,Điểm thi THPT,2025,28.3,Kỹ thuật cơ điện tử
63776,DTT,ky-thuat-co-dien-tu,X06,Điểm thi THPT,2025,28.7,Kỹ thuật cơ điện tử
63777,DTT,ky-thuat-co-dien-tu,X26,Điểm thi THPT,2025,28.3,Kỹ thuật cơ điện tử
63778,DTT,ky-thuat-co-dien-tu-chuong-trinh-tieu-chuan,A00,Điểm thi THPT,2021,32.0,Kỹ thuật cơ điện tử - Chương trình tiêu chuẩn
63779,DTT,ky-thuat-co-dien-tu-chuong-trinh-tieu-chuan,A01,Điểm thi THPT,2021,32.0,Kỹ thuật cơ điện tử - Chương trình tiêu chuẩn
63780,DTT,ky-thuat-co-dien-tu-chuong-trinh-tieu-chuan,C01,Điểm thi THPT,2021,32.0,Kỹ thuật cơ điện tử - Chương trình tiêu chuẩn
63781,DTT,ky-thuat-dien,A00,Điểm thi THPT,2022,27.5,Kỹ thuật điện
63782,DTT,ky-thuat-dien,A01,Điểm thi THPT,2022,27.5,Kỹ thuật điện
63783,DTT,ky-thuat-dien,C01,Điểm thi THPT,2022,27.5,Kỹ thuật điện
63784,DTT,ky-thuat-dien,A01,Điểm học bạ,2023,28.0,Kỹ thuật điện
63785,DTT,ky-thuat-dien,A00,Điểm thi THPT,2023,26.0,Kỹ thuật điện
63786,DTT,ky-thuat-dien,A01,Điểm thi THPT,2023,26.0,Kỹ thuật điện
63787,DTT,ky-thuat-dien,C01,Điểm thi THPT,2023,26.0,Kỹ thuật điện
63788,DTT,ky-thuat-dien,A01,Điểm học bạ,2024,30.25,Kỹ thuật điện
63789,DTT,ky-thuat-dien,A00,Điểm thi THPT,2024,30.0,Kỹ thuật điện
63790,DTT,ky-thuat-dien,A01,Điểm thi THPT,2024,30.0,Kỹ thuật điện
63791,DTT,ky-thuat-dien,C01,Điểm thi THPT,2024,30.0,Kỹ thuật điện
63792,DTT,ky-thuat-dien,A00,Điểm học bạ,2025,34.68,Kỹ thuật điện
63793,DTT,ky-thuat-dien,A01,Điểm học bạ,2025,34.68,Kỹ thuật điện
63794,DTT,ky-thuat-dien,D01,Điểm học bạ,2025,34.93,Kỹ thuật điện
63795,DTT,ky-thuat-dien,A00,Điểm thi THPT,2025,27.61,Kỹ thuật điện
63796,DTT,ky-thuat-dien,A01,Điểm thi THPT,2025,27.36,Kỹ thuật điện
63797,DTT,ky-thuat-dien,C01,Điểm thi THPT,2025,27.76,Kỹ thuật điện
63798,DTT,ky-thuat-dien,D01,Điểm thi THPT,2025,27.36,Kỹ thuật điện
63799,DTT,ky-thuat-dien,D07,Điểm thi THPT,2025,27.36,Kỹ thuật điện
63800,DTT,ky-thuat-dien,X06,Điểm thi THPT,2025,27.76,Kỹ thuật điện
63801,DTT,ky-thuat-dien,X26,Điểm thi THPT,2025,27.36,Kỹ thuật điện
63802,DTT,ky-thuat-dien-chat-luong-cao,A00,Điểm thi THPT,2021,24.0,Kỹ thuật điện - Chất lượng cao
63803,DTT,ky-thuat-dien-chat-luong-cao,A01,Điểm thi THPT,2021,24.0,Kỹ thuật điện - Chất lượng cao
63804,DTT,ky-thuat-dien-chat-luong-cao,C01,Điểm thi THPT,2021,24.0,Kỹ thuật điện - Chất lượng cao
63805,DTT,ky-thuat-dien-chat-luong-cao,A01,Điểm học bạ,2023,26.0,Kỹ thuật điện - Chất lượng cao
63806,DTT,ky-thuat-dien-chat-luong-cao,A00,Điểm thi THPT,2023,24.0,Kỹ thuật điện - Chất lượng cao
63807,DTT,ky-thuat-dien-chat-luong-cao,A01,Điểm thi THPT,2023,24.0,Kỹ thuật điện - Chất lượng cao
63808,DTT,ky-thuat-dien-chat-luong-cao,C01,Điểm thi THPT,2023,24.0,Kỹ thuật điện - Chất lượng cao
63809,DTT,ky-thuat-dien-chat-luong-cao,A01,Điểm học bạ,2024,26.0,Kỹ thuật điện - Chất lượng cao
63810,DTT,ky-thuat-dien-chat-luong-cao,A00,Điểm thi THPT,2024,23.0,Kỹ thuật điện - Chất lượng cao
63811,DTT,ky-thuat-dien-chat-luong-cao,A01,Điểm thi THPT,2024,23.0,Kỹ thuật điện - Chất lượng cao
63812,DTT,ky-thuat-dien-chat-luong-cao,C01,Điểm thi THPT,2024,23.0,Kỹ thuật điện - Chất lượng cao
63813,DTT,ky-thuat-dien-chuong-trinh-clc,A00,Điểm thi THPT,2022,22.0,Kỹ thuật điện - chương trình CLC
63814,DTT,ky-thuat-dien-chuong-trinh-clc,A01,Điểm thi THPT,2022,22.0,Kỹ thuật điện - chương trình CLC
63815,DTT,ky-thuat-dien-chuong-trinh-clc,C01,Điểm thi THPT,2022,22.0,Kỹ thuật điện - chương trình CLC
63816,DTT,ky-thuat-dien-chuong-trinh-tieu-chuan,A00,Điểm thi THPT,2021,29.7,Kỹ thuật điện - Chương trình tiêu chuẩn
63817,DTT,ky-thuat-dien-chuong-trinh-tieu-chuan,A01,Điểm thi THPT,2021,29.7,Kỹ thuật điện - Chương trình tiêu chuẩn
63818,DTT,ky-thuat-dien-chuong-trinh-tieu-chuan,C01,Điểm thi THPT,2021,29.7,Kỹ thuật điện - Chương trình tiêu chuẩn
63819,DTT,ky-thuat-dien-dien-tu-chuong-trinh-du-bi-lien-ket-dai-hoc-khoa-hoc-ung-dung-saxion,A00,Điểm thi THPT,2024,24.0,Kỹ thuật điện – điện tử (song bằng 2.5+1.5) - Chương trình dự bị liên kết Đại học Khoa học ứng dụng Saxion (Hà Lan)
63820,DTT,ky-thuat-dien-dien-tu-chuong-trinh-du-bi-lien-ket-dai-hoc-khoa-hoc-ung-dung-saxion,A01,Điểm thi THPT,2024,24.0,Kỹ thuật điện – điện tử (song bằng 2.5+1.5) - Chương trình dự bị liên kết Đại học Khoa học ứng dụng Saxion (Hà Lan)
63821,DTT,ky-thuat-dien-dien-tu-chuong-trinh-du-bi-lien-ket-dai-hoc-khoa-hoc-ung-dung-saxion,A00,Điểm học bạ,2025,24.45,"Kỹ thuật điện – điện tử (song bằng 2,5+1,5) - Chương trình dự bị liên kết Đại học khoa học ứng dụng Saxion (Hà Lan)"
63822,DTT,ky-thuat-dien-dien-tu-chuong-trinh-du-bi-lien-ket-dai-hoc-khoa-hoc-ung-dung-saxion,A01,Điểm học bạ,2025,24.45,"Kỹ thuật điện – điện tử (song bằng 2,5+1,5) - Chương trình dự bị liên kết Đại học khoa học ứng dụng Saxion (Hà Lan)"
63823,DTT,ky-thuat-dien-dien-tu-chuong-trinh-du-bi-lien-ket-dai-hoc-khoa-hoc-ung-dung-saxion,D01,Điểm học bạ,2025,24.45,"Kỹ thuật điện – điện tử (song bằng 2,5+1,5) - Chương trình dự bị liên kết Đại học khoa học ứng dụng Saxion (Hà Lan)"
63824,DTT,ky-thuat-dien-dien-tu-chuong-trinh-du-bi-lien-ket-dai-hoc-khoa-hoc-ung-dung-saxion,A00,Điểm thi THPT,2025,21.0,"Kỹ thuật điện – điện tử (song bằng 2,5+1,5) - Chương trình dự bị liên kết Đại học khoa học ứng dụng Saxion (Hà Lan)"
63825,DTT,ky-thuat-dien-dien-tu-chuong-trinh-du-bi-lien-ket-dai-hoc-khoa-hoc-ung-dung-saxion,A01,Điểm thi THPT,2025,21.0,"Kỹ thuật điện – điện tử (song bằng 2,5+1,5) - Chương trình dự bị liên kết Đại học khoa học ứng dụng Saxion (Hà Lan)"
63826,DTT,ky-thuat-dien-dien-tu-chuong-trinh-du-bi-lien-ket-dai-hoc-khoa-hoc-ung-dung-saxion,C01,Điểm thi THPT,2025,21.0,"Kỹ thuật điện – điện tử (song bằng 2,5+1,5) - Chương trình dự bị liên kết Đại học khoa học ứng dụng Saxion (Hà Lan)"
63827,DTT,ky-thuat-dien-dien-tu-chuong-trinh-du-bi-lien-ket-dai-hoc-khoa-hoc-ung-dung-saxion,D01,Điểm thi THPT,2025,21.0,"Kỹ thuật điện – điện tử (song bằng 2,5+1,5) - Chương trình dự bị liên kết Đại học khoa học ứng dụng Saxion (Hà Lan)"
63828,DTT,ky-thuat-dien-dien-tu-chuong-trinh-du-bi-lien-ket-dai-hoc-khoa-hoc-ung-dung-saxion,D07,Điểm thi THPT,2025,21.0,"Kỹ thuật điện – điện tử (song bằng 2,5+1,5) - Chương trình dự bị liên kết Đại học khoa học ứng dụng Saxion (Hà Lan)"
63829,DTT,ky-thuat-dien-dien-tu-chuong-trinh-du-bi-lien-ket-dai-hoc-khoa-hoc-ung-dung-saxion,X06,Điểm thi THPT,2025,21.0,"Kỹ thuật điện – điện tử (song bằng 2,5+1,5) - Chương trình dự bị liên kết Đại học khoa học ứng dụng Saxion (Hà Lan)"
63830,DTT,ky-thuat-dien-dien-tu-chuong-trinh-du-bi-lien-ket-dai-hoc-khoa-hoc-ung-dung-saxion,X26,Điểm thi THPT,2025,21.0,"Kỹ thuật điện – điện tử (song bằng 2,5+1,5) - Chương trình dự bị liên kết Đại học khoa học ứng dụng Saxion (Hà Lan)"
63831,DTT,ky-thuat-dien-dien-tu-chuong-trinh-lien-ket-dai-hoc-khoa-hoc-ung-dung-saxion,R00,Điểm học bạ,2022,28.0,"Kỹ thuật điện - điện tử (song bằng, 2.5+1.5) - chương trình liên kết Đại học Khoa học ứng dụng Saxion (Hà Lan)"
63832,DTT,ky-thuat-dien-dien-tu-chuong-trinh-lien-ket-dai-hoc-khoa-hoc-ung-dung-saxion,E03,Điểm thi THPT,2022,24.0,"Kỹ thuật điện - điện tử (song bằng, 2.5+1.5) - chương trình liên kết Đại học Khoa học ứng dụng Saxion (Hà Lan)"
63833,DTT,ky-thuat-dien-dien-tu-chuong-trinh-lien-ket-dai-hoc-khoa-hoc-ung-dung-saxion,E06,Điểm thi THPT,2022,24.0,"Kỹ thuật điện - điện tử (song bằng, 2.5+1.5) - chương trình liên kết Đại học Khoa học ứng dụng Saxion (Hà Lan)"
63834,DTT,ky-thuat-dien-dien-tu-chuong-trinh-lien-ket-dai-hoc-khoa-hoc-ung-dung-saxion,A00,Điểm thi THPT,2023,24.0,Kỹ thuật điện – điện tử (song bằng. 2.5+1.5) - Chương trình liên kết Đại học Khoa học ứng dụng Saxion (Hà Lan)
63835,DTT,ky-thuat-dien-dien-tu-chuong-trinh-lien-ket-dai-hoc-khoa-hoc-ung-dung-saxion,A01,Điểm thi THPT,2023,24.0,Kỹ thuật điện – điện tử (song bằng. 2.5+1.5) - Chương trình liên kết Đại học Khoa học ứng dụng Saxion (Hà Lan)
63836,DTT,ky-thuat-dien-dien-tu-chuong-trinh-lien-ket-dai-hoc-khoa-hoc-ung-dung-saxion,E03,Điểm thi THPT,2023,24.0,Kỹ thuật điện – điện tử (song bằng. 2.5+1.5) - Chương trình liên kết Đại học Khoa học ứng dụng Saxion (Hà Lan)
63837,DTT,ky-thuat-dien-dien-tu-chuong-trinh-lien-ket-dai-hoc-khoa-hoc-ung-dung-saxion,E06,Điểm thi THPT,2023,24.0,Kỹ thuật điện – điện tử (song bằng. 2.5+1.5) - Chương trình liên kết Đại học Khoa học ứng dụng Saxion (Hà Lan)
63838,DTT,ky-thuat-dien-dien-tu-chuong-trinh-lien-ket-dai-hoc-khoa-hoc-ung-dung-saxion,A00,Điểm thi THPT,2024,24.0,Kỹ thuật điện – điện tử (song bằng 2.5+1.5) - Chương trình liên kết Đại học Khoa học ứng dụng Saxion (Hà Lan)
63839,DTT,ky-thuat-dien-dien-tu-chuong-trinh-lien-ket-dai-hoc-khoa-hoc-ung-dung-saxion,A01,Điểm thi THPT,2024,24.0,Kỹ thuật điện – điện tử (song bằng 2.5+1.5) - Chương trình liên kết Đại học Khoa học ứng dụng Saxion (Hà Lan)
63840,DTT,ky-thuat-dien-dien-tu-chuong-trinh-lien-ket-dai-hoc-khoa-hoc-ung-dung-saxion,E06,Điểm thi THPT,2024,24.0,Kỹ thuật điện – điện tử (song bằng 2.5+1.5) - Chương trình liên kết Đại học Khoa học ứng dụng Saxion (Hà Lan)
63841,DTT,ky-thuat-dien-dien-tu-chuong-trinh-lien-ket-dai-hoc-khoa-hoc-ung-dung-saxion,A00,Điểm học bạ,2025,24.45,"Kỹ thuật điện – điện tử (song bằng 2,5+1,5) - Chương trình liên kết Đại học khoa học ứng dụng Saxion (Hà Lan)"
63842,DTT,ky-thuat-dien-dien-tu-chuong-trinh-lien-ket-dai-hoc-khoa-hoc-ung-dung-saxion,A01,Điểm học bạ,2025,24.45,"Kỹ thuật điện – điện tử (song bằng 2,5+1,5) - Chương trình liên kết Đại học khoa học ứng dụng Saxion (Hà Lan)"
63843,DTT,ky-thuat-dien-dien-tu-chuong-trinh-lien-ket-dai-hoc-khoa-hoc-ung-dung-saxion,D01,Điểm học bạ,2025,24.45,"Kỹ thuật điện – điện tử (song bằng 2,5+1,5) - Chương trình liên kết Đại học khoa học ứng dụng Saxion (Hà Lan)"
63844,DTT,ky-thuat-dien-dien-tu-chuong-trinh-lien-ket-dai-hoc-khoa-hoc-ung-dung-saxion,A00,Điểm thi THPT,2025,21.0,"Kỹ thuật điện – điện tử (song bằng 2,5+1,5) - Chương trình liên kết Đại học khoa học ứng dụng Saxion (Hà Lan)"
63845,DTT,ky-thuat-dien-dien-tu-chuong-trinh-lien-ket-dai-hoc-khoa-hoc-ung-dung-saxion,A01,Điểm thi THPT,2025,21.0,"Kỹ thuật điện – điện tử (song bằng 2,5+1,5) - Chương trình liên kết Đại học khoa học ứng dụng Saxion (Hà Lan)"
63846,DTT,ky-thuat-dien-dien-tu-chuong-trinh-lien-ket-dai-hoc-khoa-hoc-ung-dung-saxion,C01,Điểm thi THPT,2025,21.0,"Kỹ thuật điện – điện tử (song bằng 2,5+1,5) - Chương trình liên kết Đại học khoa học ứng dụng Saxion (Hà Lan)"
63847,DTT,ky-thuat-dien-dien-tu-chuong-trinh-lien-ket-dai-hoc-khoa-hoc-ung-dung-saxion,D01,Điểm thi THPT,2025,21.0,"Kỹ thuật điện – điện tử (song bằng 2,5+1,5) - Chương trình liên kết Đại học khoa học ứng dụng Saxion (Hà Lan)"
63848,DTT,ky-thuat-dien-dien-tu-chuong-trinh-lien-ket-dai-hoc-khoa-hoc-ung-dung-saxion,D07,Điểm thi THPT,2025,21.0,"Kỹ thuật điện – điện tử (song bằng 2,5+1,5) - Chương trình liên kết Đại học khoa học ứng dụng Saxion (Hà Lan)"
63849,DTT,ky-thuat-dien-dien-tu-chuong-trinh-lien-ket-dai-hoc-khoa-hoc-ung-dung-saxion,X06,Điểm thi THPT,2025,21.0,"Kỹ thuật điện – điện tử (song bằng 2,5+1,5) - Chương trình liên kết Đại học khoa học ứng dụng Saxion (Hà Lan)"
63850,DTT,ky-thuat-dien-dien-tu-chuong-trinh-lien-ket-dai-hoc-khoa-hoc-ung-dung-saxion,X26,Điểm thi THPT,2025,21.0,"Kỹ thuật điện – điện tử (song bằng 2,5+1,5) - Chương trình liên kết Đại học khoa học ứng dụng Saxion (Hà Lan)"
63851,DTT,ky-thuat-dien-tu-vien-thong,A00,Điểm thi THPT,2022,29.5,Kỹ thuật điện tử - viễn thông
63852,DTT,ky-thuat-dien-tu-vien-thong,A01,Điểm thi THPT,2022,29.5,Kỹ thuật điện tử - viễn thông
63853,DTT,ky-thuat-dien-tu-vien-thong,C01,Điểm thi THPT,2022,29.5,Kỹ thuật điện tử - viễn thông
63854,DTT,ky-thuat-dien-tu-vien-thong,A01,Điểm học bạ,2023,28.0,Kỹ thuật điện tử - viễn thông
63855,DTT,ky-thuat-dien-tu-vien-thong,A00,Điểm thi THPT,2023,28.7,Kỹ thuật điện tử - viễn thông
63856,DTT,ky-thuat-dien-tu-vien-thong,A01,Điểm thi THPT,2023,28.7,Kỹ thuật điện tử - viễn thông
63857,DTT,ky-thuat-dien-tu-vien-thong,C01,Điểm thi THPT,2023,28.7,Kỹ thuật điện tử - viễn thông
63858,DTT,ky-thuat-dien-tu-vien-thong,A01,Điểm học bạ,2024,32.25,Kỹ thuật điện tử - viễn thông
63859,DTT,ky-thuat-dien-tu-vien-thong,A00,Điểm thi THPT,2024,31.2,Kỹ thuật điện tử - viễn thông
63860,DTT,ky-thuat-dien-tu-vien-thong,A01,Điểm thi THPT,2024,31.2,Kỹ thuật điện tử - viễn thông
63861,DTT,ky-thuat-dien-tu-vien-thong,C01,Điểm thi THPT,2024,31.2,Kỹ thuật điện tử - viễn thông
63862,DTT,ky-thuat-dien-tu-vien-thong,A00,Điểm học bạ,2025,35.06,Kỹ thuật điện tử - viễn thông
63863,DTT,ky-thuat-dien-tu-vien-thong,A01,Điểm học bạ,2025,35.06,Kỹ thuật điện tử - viễn thông
63864,DTT,ky-thuat-dien-tu-vien-thong,C01,Điểm học bạ,2025,35.06,Kỹ thuật điện tử - viễn thông
63865,DTT,ky-thuat-dien-tu-vien-thong,D01,Điểm học bạ,2025,35.31,Kỹ thuật điện tử - viễn thông
63866,DTT,ky-thuat-dien-tu-vien-thong,D07,Điểm học bạ,2025,35.06,Kỹ thuật điện tử - viễn thông
63867,DTT,ky-thuat-dien-tu-vien-thong,X06,Điểm học bạ,2025,35.06,Kỹ thuật điện tử - viễn thông
63868,DTT,ky-thuat-dien-tu-vien-thong,A00,Điểm thi THPT,2025,27.84,Kỹ thuật điện tử - viễn thông
63869,DTT,ky-thuat-dien-tu-vien-thong,A01,Điểm thi THPT,2025,27.59,Kỹ thuật điện tử - viễn thông
63870,DTT,ky-thuat-dien-tu-vien-thong,C01,Điểm thi THPT,2025,27.99,Kỹ thuật điện tử - viễn thông
63871,DTT,ky-thuat-dien-tu-vien-thong,D01,Điểm thi THPT,2025,27.59,Kỹ thuật điện tử - viễn thông
63872,DTT,ky-thuat-dien-tu-vien-thong,D07,Điểm thi THPT,2025,27.59,Kỹ thuật điện tử - viễn thông
63873,DTT,ky-thuat-dien-tu-vien-thong,X06,Điểm thi THPT,2025,27.99,Kỹ thuật điện tử - viễn thông
63874,DTT,ky-thuat-dien-tu-vien-thong,X26,Điểm thi THPT,2025,27.59,Kỹ thuật điện tử - viễn thông
63875,DTT,ky-thuat-dien-tu-vien-thong-chat-luong-cao,A00,Điểm thi THPT,2021,24.0,Kỹ thuật điện tử viễn thông - Chất lượng cao
63876,DTT,ky-thuat-dien-tu-vien-thong-chat-luong-cao,A01,Điểm thi THPT,2021,24.0,Kỹ thuật điện tử viễn thông - Chất lượng cao
63877,DTT,ky-thuat-dien-tu-vien-thong-chat-luong-cao,C01,Điểm thi THPT,2021,24.0,Kỹ thuật điện tử viễn thông - Chất lượng cao
63878,DTT,ky-thuat-dien-tu-vien-thong-chat-luong-cao,A01,Điểm học bạ,2023,26.0,Kỹ thuật điện tử - viễn thông - Chất lượng cao
63879,DTT,ky-thuat-dien-tu-vien-thong-chat-luong-cao,A00,Điểm thi THPT,2023,24.0,Kỹ thuật điện tử - viễn thông - Chất lượng cao
63880,DTT,ky-thuat-dien-tu-vien-thong-chat-luong-cao,A01,Điểm thi THPT,2023,24.0,Kỹ thuật điện tử - viễn thông - Chất lượng cao
63881,DTT,ky-thuat-dien-tu-vien-thong-chat-luong-cao,C01,Điểm thi THPT,2023,24.0,Kỹ thuật điện tử - viễn thông - Chất lượng cao
63882,DTT,ky-thuat-dien-tu-vien-thong-chat-luong-cao,A01,Điểm học bạ,2024,26.0,Kỹ thuật điện tử - viễn thông - Chất lượng cao
63883,DTT,ky-thuat-dien-tu-vien-thong-chat-luong-cao,A00,Điểm thi THPT,2024,26.0,Kỹ thuật điện tử - viễn thông - Chất lượng cao
63884,DTT,ky-thuat-dien-tu-vien-thong-chat-luong-cao,A01,Điểm thi THPT,2024,26.0,Kỹ thuật điện tử - viễn thông - Chất lượng cao
63885,DTT,ky-thuat-dien-tu-vien-thong-chat-luong-cao,C01,Điểm thi THPT,2024,26.0,Kỹ thuật điện tử - viễn thông - Chất lượng cao
63886,DTT,ky-thuat-dien-tu-vien-thong-chuong-trinh-clc,A00,Điểm thi THPT,2022,22.0,Kỹ thuật điện tử - viễn thông chương trình CLC
63887,DTT,ky-thuat-dien-tu-vien-thong-chuong-trinh-clc,A01,Điểm thi THPT,2022,22.0,Kỹ thuật điện tử - viễn thông chương trình CLC
63888,DTT,ky-thuat-dien-tu-vien-thong-chuong-trinh-clc,C01,Điểm thi THPT,2022,22.0,Kỹ thuật điện tử - viễn thông chương trình CLC
63889,DTT,ky-thuat-dien-tu-vien-thong-chuong-trinh-tieu-chuan,A00,Điểm thi THPT,2021,31.0,Kỹ thuật điện tử viễn thông - Chương trình tiêu chuẩn
63890,DTT,ky-thuat-dien-tu-vien-thong-chuong-trinh-tieu-chuan,A01,Điểm thi THPT,2021,31.0,Kỹ thuật điện tử viễn thông - Chương trình tiêu chuẩn
63891,DTT,ky-thuat-dien-tu-vien-thong-chuong-trinh-tieu-chuan,C01,Điểm thi THPT,2021,31.0,Kỹ thuật điện tử viễn thông - Chương trình tiêu chuẩn
63892,DTT,ky-thuat-dieu-khien-va-tu-dong-hoa,A00,Điểm thi THPT,2022,31.7,Kỹ thuật điều khiển và tự động hóa
63893,DTT,ky-thuat-dieu-khien-va-tu-dong-hoa,A01,Điểm thi THPT,2022,31.7,Kỹ thuật điều khiển và tự động hóa
63894,DTT,ky-thuat-dieu-khien-va-tu-dong-hoa,C01,Điểm thi THPT,2022,31.7,Kỹ thuật điều khiển và tự động hóa
63895,DTT,ky-thuat-dieu-khien-va-tu-dong-hoa,A01,Điểm học bạ,2023,33.75,Kỹ thuật điều khiển và tự động hóa
63896,DTT,ky-thuat-dieu-khien-va-tu-dong-hoa,A00,Điểm thi THPT,2023,31.0,Kỹ thuật điều khiển và tự động hóa
63897,DTT,ky-thuat-dieu-khien-va-tu-dong-hoa,A01,Điểm thi THPT,2023,31.0,Kỹ thuật điều khiển và tự động hóa
63898,DTT,ky-thuat-dieu-khien-va-tu-dong-hoa,C01,Điểm thi THPT,2023,31.0,Kỹ thuật điều khiển và tự động hóa
63899,DTT,ky-thuat-dieu-khien-va-tu-dong-hoa,A01,Điểm học bạ,2024,34.25,Kỹ thuật điều khiển và tự động hóa
63900,DTT,ky-thuat-dieu-khien-va-tu-dong-hoa,A00,Điểm thi THPT,2024,31.85,Kỹ thuật điều khiển và tự động hóa
63901,DTT,ky-thuat-dieu-khien-va-tu-dong-hoa,A01,Điểm thi THPT,2024,31.85,Kỹ thuật điều khiển và tự động hóa
63902,DTT,ky-thuat-dieu-khien-va-tu-dong-hoa,C01,Điểm thi THPT,2024,31.85,Kỹ thuật điều khiển và tự động hóa
63903,DTT,ky-thuat-dieu-khien-va-tu-dong-hoa,A00,Điểm học bạ,2025,35.94,Kỹ thuật điều khiển và tự động hóa
63904,DTT,ky-thuat-dieu-khien-va-tu-dong-hoa,A01,Điểm học bạ,2025,35.94,Kỹ thuật điều khiển và tự động hóa
63905,DTT,ky-thuat-dieu-khien-va-tu-dong-hoa,D01,Điểm học bạ,2025,30.85,Kỹ thuật điều khiển và tự động hóa - Chương trình tiên tiến
63906,DTT,ky-thuat-dieu-khien-va-tu-dong-hoa,A00,Điểm thi THPT,2025,29.35,Kỹ thuật điều khiển và tự động hóa
63907,DTT,ky-thuat-dieu-khien-va-tu-dong-hoa,A01,Điểm thi THPT,2025,29.1,Kỹ thuật điều khiển và tự động hóa
63908,DTT,ky-thuat-dieu-khien-va-tu-dong-hoa,C01,Điểm thi THPT,2025,29.5,Kỹ thuật điều khiển và tự động hóa
63909,DTT,ky-thuat-dieu-khien-va-tu-dong-hoa,D01,Điểm thi THPT,2025,36.19,Kỹ thuật điều khiển và tự động hóa
63910,DTT,ky-thuat-dieu-khien-va-tu-dong-hoa,D07,Điểm thi THPT,2025,29.1,Kỹ thuật điều khiển và tự động hóa
63911,DTT,ky-thuat-dieu-khien-va-tu-dong-hoa,X06,Điểm thi THPT,2025,29.5,Kỹ thuật điều khiển và tự động hóa
63912,DTT,ky-thuat-dieu-khien-va-tu-dong-hoa,X26,Điểm thi THPT,2025,29.1,Kỹ thuật điều khiển và tự động hóa
63913,DTT,ky-thuat-dieu-khien-va-tu-dong-hoa-chat-luong-cao,A00,Điểm thi THPT,2021,28.0,Kỹ thuật điều khiển và tự động hóa - Chất lượng cao
63914,DTT,ky-thuat-dieu-khien-va-tu-dong-hoa-chat-luong-cao,A01,Điểm thi THPT,2021,28.0,Kỹ thuật điều khiển và tự động hóa - Chất lượng cao
63915,DTT,ky-thuat-dieu-khien-va-tu-dong-hoa-chat-luong-cao,C01,Điểm thi THPT,2021,28.0,Kỹ thuật điều khiển và tự động hóa - Chất lượng cao
63916,DTT,ky-thuat-dieu-khien-va-tu-dong-hoa-chat-luong-cao,A01,Điểm học bạ,2023,27.0,Kỹ thuật điều khiển và tự động hóa - Chất lượng cao
63917,DTT,ky-thuat-dieu-khien-va-tu-dong-hoa-chat-luong-cao,A00,Điểm thi THPT,2023,24.0,Kỹ thuật điều khiển và tự động hóa - Chất lượng cao
63918,DTT,ky-thuat-dieu-khien-va-tu-dong-hoa-chat-luong-cao,A01,Điểm thi THPT,2023,24.0,Kỹ thuật điều khiển và tự động hóa - Chất lượng cao
63919,DTT,ky-thuat-dieu-khien-va-tu-dong-hoa-chat-luong-cao,C01,Điểm thi THPT,2023,24.0,Kỹ thuật điều khiển và tự động hóa - Chất lượng cao
63920,DTT,ky-thuat-dieu-khien-va-tu-dong-hoa-chat-luong-cao,A01,Điểm học bạ,2024,27.0,Kỹ thuật điều khiển và tự động hóa - Chất lượng cao
63921,DTT,ky-thuat-dieu-khien-va-tu-dong-hoa-chat-luong-cao,A00,Điểm thi THPT,2024,26.7,Kỹ thuật điều khiển và tự động hóa - Chất lượng cao
63922,DTT,ky-thuat-dieu-khien-va-tu-dong-hoa-chat-luong-cao,A01,Điểm thi THPT,2024,26.7,Kỹ thuật điều khiển và tự động hóa - Chất lượng cao
63923,DTT,ky-thuat-dieu-khien-va-tu-dong-hoa-chat-luong-cao,C01,Điểm thi THPT,2024,26.7,Kỹ thuật điều khiển và tự động hóa - Chất lượng cao
63924,DTT,ky-thuat-dieu-khien-va-tu-dong-hoa-chuong-trinh-clc,A00,Điểm thi THPT,2022,25.0,Kỹ thuật điều khiển và tự động hóa - chương trình CLC
63925,DTT,ky-thuat-dieu-khien-va-tu-dong-hoa-chuong-trinh-clc,A01,Điểm thi THPT,2022,25.0,Kỹ thuật điều khiển và tự động hóa - chương trình CLC
63926,DTT,ky-thuat-dieu-khien-va-tu-dong-hoa-chuong-trinh-clc,C01,Điểm thi THPT,2022,25.0,Kỹ thuật điều khiển và tự động hóa - chương trình CLC
63927,DTT,ky-thuat-dieu-khien-va-tu-dong-hoa-chuong-trinh-dai-hoc-bang-tieng-anh,A00,Điểm thi THPT,2021,24.0,Kỹ thuật điều khiển và tự động hóa - Chương trình đại học bằng tiếng Anh
63928,DTT,ky-thuat-dieu-khien-va-tu-dong-hoa-chuong-trinh-dai-hoc-bang-tieng-anh,A01,Điểm thi THPT,2021,24.0,Kỹ thuật điều khiển và tự động hóa - Chương trình đại học bằng tiếng Anh
63929,DTT,ky-thuat-dieu-khien-va-tu-dong-hoa-chuong-trinh-dai-hoc-bang-tieng-anh,C01,Điểm thi THPT,2021,24.0,Kỹ thuật điều khiển và tự động hóa - Chương trình đại học bằng tiếng Anh
63930,DTT,ky-thuat-dieu-khien-va-tu-dong-hoa-chuong-trinh-dai-hoc-bang-tieng-anh,R00,Điểm học bạ,2022,28.0,Kỹ thuật điều khiển và tự động hóa - chương trình đại học bằng Tiếng Anh
63931,DTT,ky-thuat-dieu-khien-va-tu-dong-hoa-chuong-trinh-dai-hoc-bang-tieng-anh,E03,Điểm thi THPT,2022,24.0,Kỹ thuật điều khiển và tự động hóa - chương trình đại học bằng Tiếng Anh
63932,DTT,ky-thuat-dieu-khien-va-tu-dong-hoa-chuong-trinh-dai-hoc-bang-tieng-anh,E06,Điểm thi THPT,2022,24.0,Kỹ thuật điều khiển và tự động hóa - chương trình đại học bằng Tiếng Anh
63933,DTT,ky-thuat-dieu-khien-va-tu-dong-hoa-chuong-trinh-dai-hoc-bang-tieng-anh,A00,Điểm thi THPT,2023,24.0,Kỹ thuật điều khiển và tự động hóa - Chương trình đại học bằng tiếng Anh
63934,DTT,ky-thuat-dieu-khien-va-tu-dong-hoa-chuong-trinh-dai-hoc-bang-tieng-anh,A01,Điểm thi THPT,2023,24.0,Kỹ thuật điều khiển và tự động hóa - Chương trình đại học bằng tiếng Anh
63935,DTT,ky-thuat-dieu-khien-va-tu-dong-hoa-chuong-trinh-dai-hoc-bang-tieng-anh,E03,Điểm thi THPT,2023,24.0,Kỹ thuật điều khiển và tự động hóa - Chương trình đại học bằng tiếng Anh
63936,DTT,ky-thuat-dieu-khien-va-tu-dong-hoa-chuong-trinh-dai-hoc-bang-tieng-anh,E06,Điểm thi THPT,2023,24.0,Kỹ thuật điều khiển và tự động hóa - Chương trình đại học bằng tiếng Anh
63937,DTT,ky-thuat-dieu-khien-va-tu-dong-hoa-chuong-trinh-dai-hoc-bang-tieng-anh,A01,Điểm học bạ,2024,28.0,Kỹ thuật điều khiển và tự động hóa - Chương trình đại học bằng tiếng Anh
63938,DTT,ky-thuat-dieu-khien-va-tu-dong-hoa-chuong-trinh-dai-hoc-bang-tieng-anh,A00,Điểm thi THPT,2024,24.0,Kỹ thuật điều khiển và tự động hóa - Chương trình đại học bằng tiếng Anh
63939,DTT,ky-thuat-dieu-khien-va-tu-dong-hoa-chuong-trinh-dai-hoc-bang-tieng-anh,A01,Điểm thi THPT,2024,24.0,Kỹ thuật điều khiển và tự động hóa - Chương trình đại học bằng tiếng Anh
63940,DTT,ky-thuat-dieu-khien-va-tu-dong-hoa-chuong-trinh-dai-hoc-bang-tieng-anh,E06,Điểm thi THPT,2024,24.0,Kỹ thuật điều khiển và tự động hóa - Chương trình đại học bằng tiếng Anh
63941,DTT,ky-thuat-dieu-khien-va-tu-dong-hoa-chuong-trinh-dai-hoc-bang-tieng-anh,A00,Điểm học bạ,2025,27.87,Kỹ thuật điều khiển và tự động hóa - Chương trình đại học bằng tiếng Anh
63942,DTT,ky-thuat-dieu-khien-va-tu-dong-hoa-chuong-trinh-dai-hoc-bang-tieng-anh,A01,Điểm học bạ,2025,27.87,Kỹ thuật điều khiển và tự động hóa - Chương trình đại học bằng tiếng Anh
63943,DTT,ky-thuat-dieu-khien-va-tu-dong-hoa-chuong-trinh-dai-hoc-bang-tieng-anh,D01,Điểm học bạ,2025,27.87,Kỹ thuật điều khiển và tự động hóa - Chương trình đại học bằng tiếng Anh
63944,DTT,ky-thuat-dieu-khien-va-tu-dong-hoa-chuong-trinh-dai-hoc-bang-tieng-anh,A00,Điểm thi THPT,2025,24.0,Kỹ thuật điều khiển và tự động hóa - Chương trình đại học bằng tiếng Anh
63945,DTT,ky-thuat-dieu-khien-va-tu-dong-hoa-chuong-trinh-dai-hoc-bang-tieng-anh,A01,Điểm thi THPT,2025,24.0,Kỹ thuật điều khiển và tự động hóa - Chương trình đại học bằng tiếng Anh
63946,DTT,ky-thuat-dieu-khien-va-tu-dong-hoa-chuong-trinh-dai-hoc-bang-tieng-anh,C01,Điểm thi THPT,2025,24.0,Kỹ thuật điều khiển và tự động hóa - Chương trình đại học bằng tiếng Anh
63947,DTT,ky-thuat-dieu-khien-va-tu-dong-hoa-chuong-trinh-dai-hoc-bang-tieng-anh,D01,Điểm thi THPT,2025,24.0,Kỹ thuật điều khiển và tự động hóa - Chương trình đại học bằng tiếng Anh
63948,DTT,ky-thuat-dieu-khien-va-tu-dong-hoa-chuong-trinh-dai-hoc-bang-tieng-anh,D07,Điểm thi THPT,2025,24.0,Kỹ thuật điều khiển và tự động hóa - Chương trình đại học bằng tiếng Anh
63949,DTT,ky-thuat-dieu-khien-va-tu-dong-hoa-chuong-trinh-dai-hoc-bang-tieng-anh,X06,Điểm thi THPT,2025,24.0,Kỹ thuật điều khiển và tự động hóa - Chương trình đại học bằng tiếng Anh
63950,DTT,ky-thuat-dieu-khien-va-tu-dong-hoa-chuong-trinh-dai-hoc-bang-tieng-anh,X26,Điểm thi THPT,2025,24.0,Kỹ thuật điều khiển và tự động hóa - Chương trình đại học bằng tiếng Anh
63951,DTT,ky-thuat-dieu-khien-va-tu-dong-hoa-chuong-trinh-du-bi-dai-hoc-bang-tieng-anh,A00,Điểm thi THPT,2024,24.0,Kỹ thuật điều khiển và tự động hóa - Chương trình dự bị đại học bằng tiếng Anh
63952,DTT,ky-thuat-dieu-khien-va-tu-dong-hoa-chuong-trinh-du-bi-dai-hoc-bang-tieng-anh,A01,Điểm thi THPT,2024,24.0,Kỹ thuật điều khiển và tự động hóa - Chương trình dự bị đại học bằng tiếng Anh
63953,DTT,ky-thuat-dieu-khien-va-tu-dong-hoa-chuong-trinh-du-bi-dai-hoc-bang-tieng-anh,A00,Điểm học bạ,2025,27.87,Kỹ thuật điều khiển và tự động hóa - Chương trình dự bị đại học bằng tiếng Anh
63954,DTT,ky-thuat-dieu-khien-va-tu-dong-hoa-chuong-trinh-du-bi-dai-hoc-bang-tieng-anh,A01,Điểm học bạ,2025,27.87,Kỹ thuật điều khiển và tự động hóa - Chương trình dự bị đại học bằng tiếng Anh
63955,DTT,ky-thuat-dieu-khien-va-tu-dong-hoa-chuong-trinh-du-bi-dai-hoc-bang-tieng-anh,D01,Điểm học bạ,2025,27.87,Kỹ thuật điều khiển và tự động hóa - Chương trình dự bị đại học bằng tiếng Anh
63956,DTT,ky-thuat-dieu-khien-va-tu-dong-hoa-chuong-trinh-du-bi-dai-hoc-bang-tieng-anh,A00,Điểm thi THPT,2025,24.0,Kỹ thuật điều khiển và tự động hóa - Chương trình dự bị đại học bằng tiếng Anh
63957,DTT,ky-thuat-dieu-khien-va-tu-dong-hoa-chuong-trinh-du-bi-dai-hoc-bang-tieng-anh,A01,Điểm thi THPT,2025,24.0,Kỹ thuật điều khiển và tự động hóa - Chương trình dự bị đại học bằng tiếng Anh
63958,DTT,ky-thuat-dieu-khien-va-tu-dong-hoa-chuong-trinh-du-bi-dai-hoc-bang-tieng-anh,C01,Điểm thi THPT,2025,24.0,Kỹ thuật điều khiển và tự động hóa - Chương trình dự bị đại học bằng tiếng Anh
63959,DTT,ky-thuat-dieu-khien-va-tu-dong-hoa-chuong-trinh-du-bi-dai-hoc-bang-tieng-anh,D01,Điểm thi THPT,2025,24.0,Kỹ thuật điều khiển và tự động hóa - Chương trình dự bị đại học bằng tiếng Anh
63960,DTT,ky-thuat-dieu-khien-va-tu-dong-hoa-chuong-trinh-du-bi-dai-hoc-bang-tieng-anh,D07,Điểm thi THPT,2025,24.0,Kỹ thuật điều khiển và tự động hóa - Chương trình dự bị đại học bằng tiếng Anh
63961,DTT,ky-thuat-dieu-khien-va-tu-dong-hoa-chuong-trinh-du-bi-dai-hoc-bang-tieng-anh,X06,Điểm thi THPT,2025,24.0,Kỹ thuật điều khiển và tự động hóa - Chương trình dự bị đại học bằng tiếng Anh
63962,DTT,ky-thuat-dieu-khien-va-tu-dong-hoa-chuong-trinh-du-bi-dai-hoc-bang-tieng-anh,X26,Điểm thi THPT,2025,24.0,Kỹ thuật điều khiển và tự động hóa - Chương trình dự bị đại học bằng tiếng Anh
63963,DTT,ky-thuat-dieu-khien-va-tu-dong-hoa-chuong-trinh-tieu-chuan,A00,Điểm thi THPT,2021,33.0,Kỹ thuật điều khiển và tự động hóa - Chương trình tiêu chuẩn
63964,DTT,ky-thuat-dieu-khien-va-tu-dong-hoa-chuong-trinh-tieu-chuan,A01,Điểm thi THPT,2021,33.0,Kỹ thuật điều khiển và tự động hóa - Chương trình tiêu chuẩn
63965,DTT,ky-thuat-dieu-khien-va-tu-dong-hoa-chuong-trinh-tieu-chuan,C01,Điểm thi THPT,2021,33.0,Kỹ thuật điều khiển và tự động hóa - Chương trình tiêu chuẩn
63966,DTT,ky-thuat-hoa-hoc,A00,Điểm thi THPT,2022,28.5,Kỹ thuật hóa học
63967,DTT,ky-thuat-hoa-hoc,B00,Điểm thi THPT,2022,28.5,Kỹ thuật hóa học
63968,DTT,ky-thuat-hoa-hoc,D07,Điểm thi THPT,2022,28.5,Kỹ thuật hóa học
63969,DTT,ky-thuat-hoa-hoc,D07,Điểm học bạ,2023,33.5,Kỹ thuật hóa học
63970,DTT,ky-thuat-hoa-hoc,A00,Điểm thi THPT,2023,28.6,Kỹ thuật hóa học
63971,DTT,ky-thuat-hoa-hoc,B00,Điểm thi THPT,2023,28.6,Kỹ thuật hóa học
63972,DTT,ky-thuat-hoa-hoc,D07,Điểm thi THPT,2023,28.6,Kỹ thuật hóa học
63973,DTT,ky-thuat-hoa-hoc,D07,Điểm học bạ,2024,33.75,Kỹ thuật hóa học
63974,DTT,ky-thuat-hoa-hoc,A00,Điểm thi THPT,2024,27.8,Kỹ thuật hóa học
63975,DTT,ky-thuat-hoa-hoc,B00,Điểm thi THPT,2024,27.8,Kỹ thuật hóa học
63976,DTT,ky-thuat-hoa-hoc,D07,Điểm thi THPT,2024,27.8,Kỹ thuật hóa học
63977,DTT,ky-thuat-hoa-hoc,A00,Điểm học bạ,2025,34.48,Kỹ thuật hóa học
63978,DTT,ky-thuat-hoa-hoc,B00,Điểm học bạ,2025,34.48,Kỹ thuật hóa học
63979,DTT,ky-thuat-hoa-hoc,D07,Điểm học bạ,2025,34.48,Kỹ thuật hóa học
63980,DTT,ky-thuat-hoa-hoc,A00,Điểm thi THPT,2025,27.85,Kỹ thuật hóa học
63981,DTT,ky-thuat-hoa-hoc,A01,Điểm thi THPT,2025,27.85,Kỹ thuật hóa học
63982,DTT,ky-thuat-hoa-hoc,B00,Điểm thi THPT,2025,27.85,Kỹ thuật hóa học
63983,DTT,ky-thuat-hoa-hoc,C02,Điểm thi THPT,2025,27.95,Kỹ thuật hóa học
63984,DTT,ky-thuat-hoa-hoc,D07,Điểm thi THPT,2025,27.85,Kỹ thuật hóa học
63985,DTT,ky-thuat-hoa-hoc,X10,Điểm thi THPT,2025,27.85,Kỹ thuật hóa học
63986,DTT,ky-thuat-hoa-hoc,X11,Điểm thi THPT,2025,27.85,Kỹ thuật hóa học
63987,DTT,ky-thuat-hoa-hoc-chat-luong-cao,D07,Điểm học bạ,2023,27.0,Kỹ thuật hóa học - Chất lượng cao
63988,DTT,ky-thuat-hoa-hoc-chat-luong-cao,A00,Điểm thi THPT,2023,24.0,Kỹ thuật hóa học - Chất lượng cao
63989,DTT,ky-thuat-hoa-hoc-chat-luong-cao,B00,Điểm thi THPT,2023,24.0,Kỹ thuật hóa học - Chất lượng cao
63990,DTT,ky-thuat-hoa-hoc-chat-luong-cao,D07,Điểm thi THPT,2023,24.0,Kỹ thuật hóa học - Chất lượng cao
63991,DTT,ky-thuat-hoa-hoc-chat-luong-cao,D07,Điểm học bạ,2024,27.0,Kỹ thuật hóa học - Chất lượng cao
63992,DTT,ky-thuat-hoa-hoc-chat-luong-cao,A00,Điểm thi THPT,2024,23.0,Kỹ thuật hóa học - Chất lượng cao
63993,DTT,ky-thuat-hoa-hoc-chat-luong-cao,B00,Điểm thi THPT,2024,23.0,Kỹ thuật hóa học - Chất lượng cao
63994,DTT,ky-thuat-hoa-hoc-chat-luong-cao,D07,Điểm thi THPT,2024,23.0,Kỹ thuật hóa học - Chất lượng cao
63995,DTT,ky-thuat-hoa-hoc-chuong-trinh-tieu-chuan,A00,Điểm thi THPT,2021,32.0,Kỹ thuật hóa học - Chương trình tiêu chuẩn
63996,DTT,ky-thuat-hoa-hoc-chuong-trinh-tieu-chuan,B00,Điểm thi THPT,2021,32.0,Kỹ thuật hóa học - Chương trình tiêu chuẩn
63997,DTT,ky-thuat-hoa-hoc-chuong-trinh-tieu-chuan,D07,Điểm thi THPT,2021,32.0,Kỹ thuật hóa học - Chương trình tiêu chuẩn
63998,DTT,ky-thuat-phan-mem,A00,Điểm thi THPT,2022,35.4,Kỹ thuật phần mềm
63999,DTT,ky-thuat-phan-mem,A01,Điểm thi THPT,2022,35.4,Kỹ thuật phần mềm
64000,DTT,ky-thuat-phan-mem,D01,Điểm thi THPT,2022,35.4,Kỹ thuật phần mềm
64001,DTT,ky-thuat-phan-mem,A01,Điểm học bạ,2023,37.0,Kỹ thuật phần mềm
64002,DTT,ky-thuat-phan-mem,A00,Điểm thi THPT,2023,33.7,Kỹ thuật phần mềm
64003,DTT,ky-thuat-phan-mem,A01,Điểm thi THPT,2023,33.7,Kỹ thuật phần mềm
64004,DTT,ky-thuat-phan-mem,D01,Điểm thi THPT,2023,33.7,Kỹ thuật phần mềm
64005,DTT,ky-thuat-phan-mem,A01,Điểm học bạ,2024,36.5,Kỹ thuật phần mềm
64006,DTT,ky-thuat-phan-mem,A00,Điểm thi THPT,2024,22.0,Kỹ thuật phần mềm
64007,DTT,ky-thuat-phan-mem,A01,Điểm thi THPT,2024,22.0,Kỹ thuật phần mềm
64008,DTT,ky-thuat-phan-mem,D01,Điểm thi THPT,2024,22.0,Kỹ thuật phần mềm
64009,DTT,ky-thuat-phan-mem,A01,Điểm học bạ,2025,36.19,Kỹ thuật phần mềm
64010,DTT,ky-thuat-phan-mem,D01,Điểm học bạ,2025,36.44,Kỹ thuật phần mềm
64011,DTT,ky-thuat-phan-mem,A00,Điểm thi THPT,2025,29.83,Kỹ thuật phần mềm
64012,DTT,ky-thuat-phan-mem,A01,Điểm thi THPT,2025,29.58,Kỹ thuật phần mềm
64013,DTT,ky-thuat-phan-mem,C01,Điểm thi THPT,2025,29.98,Kỹ thuật phần mềm
64014,DTT,ky-thuat-phan-mem,D01,Điểm thi THPT,2025,29.58,Kỹ thuật phần mềm
64015,DTT,ky-thuat-phan-mem,D07,Điểm thi THPT,2025,29.58,Kỹ thuật phần mềm
64016,DTT,ky-thuat-phan-mem,X26,Điểm thi THPT,2025,29.58,Kỹ thuật phần mềm
64017,DTT,ky-thuat-phan-mem-chat-luong-cao,A00,Điểm thi THPT,2021,34.0,Kỹ thuật phần mềm - Chất lượng cao
64018,DTT,ky-thuat-phan-mem-chat-luong-cao,A01,Điểm thi THPT,2021,34.0,Kỹ thuật phần mềm - Chất lượng cao
64019,DTT,ky-thuat-phan-mem-chat-luong-cao,D01,Điểm thi THPT,2021,34.0,Kỹ thuật phần mềm - Chất lượng cao
64020,DTT,ky-thuat-phan-mem-chat-luong-cao,A01,Điểm học bạ,2023,34.5,Kỹ thuật phần mềm - Chất lượng cao
64021,DTT,ky-thuat-phan-mem-chat-luong-cao,A00,Điểm thi THPT,2023,31.4,Kỹ thuật phần mềm - Chất lượng cao
64022,DTT,ky-thuat-phan-mem-chat-luong-cao,A01,Điểm thi THPT,2023,31.4,Kỹ thuật phần mềm - Chất lượng cao
64023,DTT,ky-thuat-phan-mem-chat-luong-cao,D01,Điểm thi THPT,2023,31.4,Kỹ thuật phần mềm - Chất lượng cao
64024,DTT,ky-thuat-phan-mem-chat-luong-cao,A01,Điểm học bạ,2024,33.0,Kỹ thuật phần mềm - Chất lượng cao
64025,DTT,ky-thuat-phan-mem-chat-luong-cao,A00,Điểm thi THPT,2024,30.9,Kỹ thuật phần mềm - Chất lượng cao
64026,DTT,ky-thuat-phan-mem-chat-luong-cao,A01,Điểm thi THPT,2024,30.9,Kỹ thuật phần mềm - Chất lượng cao
64027,DTT,ky-thuat-phan-mem-chat-luong-cao,D01,Điểm thi THPT,2024,30.9,Kỹ thuật phần mềm - Chất lượng cao
64028,DTT,ky-thuat-phan-mem-chuong-trinh-02-nam-dau-hoc-tai-bao-loc,A00,Điểm thi THPT,2021,25.0,Kỹ thuật phần mềm - Chương trình 02 năm đầu học tại Bảo Lộc
64029,DTT,ky-thuat-phan-mem-chuong-trinh-02-nam-dau-hoc-tai-bao-loc,A01,Điểm thi THPT,2021,25.0,Kỹ thuật phần mềm - Chương trình 02 năm đầu học tại Bảo Lộc
64030,DTT,ky-thuat-phan-mem-chuong-trinh-02-nam-dau-hoc-tai-bao-loc,D01,Điểm thi THPT,2021,25.0,Kỹ thuật phần mềm - Chương trình 02 năm đầu học tại Bảo Lộc
64031,DTT,ky-thuat-phan-mem-chuong-trinh-02-nam-dau-hoc-tai-nha-trang,A00,Điểm thi THPT,2021,29.0,Kỹ thuật phần mềm - Chương trình 02 năm đầu học tại Nha Trang
64032,DTT,ky-thuat-phan-mem-chuong-trinh-02-nam-dau-hoc-tai-nha-trang,A01,Điểm thi THPT,2021,29.0,Kỹ thuật phần mềm - Chương trình 02 năm đầu học tại Nha Trang
64033,DTT,ky-thuat-phan-mem-chuong-trinh-02-nam-dau-hoc-tai-nha-trang,D01,Điểm thi THPT,2021,29.0,Kỹ thuật phần mềm - Chương trình 02 năm đầu học tại Nha Trang
64034,DTT,ky-thuat-phan-mem-chuong-trinh-clc,A00,Điểm thi THPT,2022,34.5,Kỹ thuật phần mềm - chương trình CLC
64035,DTT,ky-thuat-phan-mem-chuong-trinh-clc,A01,Điểm thi THPT,2022,34.5,Kỹ thuật phần mềm - chương trình CLC
64036,DTT,ky-thuat-phan-mem-chuong-trinh-clc,D01,Điểm thi THPT,2022,34.5,Kỹ thuật phần mềm - chương trình CLC
64037,DTT,ky-thuat-phan-mem-chuong-trinh-dai-hoc-bang-tieng-anh,A00,Điểm thi THPT,2021,25.0,Kỹ thuật phần mềm - Chương trình đại học bằng tiếng Anh
64038,DTT,ky-thuat-phan-mem-chuong-trinh-dai-hoc-bang-tieng-anh,A01,Điểm thi THPT,2021,25.0,Kỹ thuật phần mềm - Chương trình đại học bằng tiếng Anh
64039,DTT,ky-thuat-phan-mem-chuong-trinh-dai-hoc-bang-tieng-anh,D01,Điểm thi THPT,2021,25.0,Kỹ thuật phần mềm - Chương trình đại học bằng tiếng Anh
64040,DTT,ky-thuat-phan-mem-chuong-trinh-dai-hoc-bang-tieng-anh,R00,Điểm học bạ,2022,30.0,Kỹ thuật phần mềm - chương trình đại học bằng Tiếng Anh
64041,DTT,ky-thuat-phan-mem-chuong-trinh-dai-hoc-bang-tieng-anh,E01,Điểm thi THPT,2022,24.0,Kỹ thuật phần mềm - chương trình đại học bằng Tiếng Anh
64042,DTT,ky-thuat-phan-mem-chuong-trinh-dai-hoc-bang-tieng-anh,E03,Điểm thi THPT,2022,24.0,Kỹ thuật phần mềm - chương trình đại học bằng Tiếng Anh
64043,DTT,ky-thuat-phan-mem-chuong-trinh-dai-hoc-bang-tieng-anh,E04,Điểm thi THPT,2022,24.0,Kỹ thuật phần mềm - chương trình đại học bằng Tiếng Anh
64044,DTT,ky-thuat-phan-mem-chuong-trinh-dai-hoc-bang-tieng-anh,E06,Điểm thi THPT,2022,24.0,Kỹ thuật phần mềm - chương trình đại học bằng Tiếng Anh
64045,DTT,ky-thuat-phan-mem-chuong-trinh-dai-hoc-bang-tieng-anh,A01,Điểm thi THPT,2023,31.0,Kỹ thuật phần mềm - Chương trình đại học bằng tiếng Anh
64046,DTT,ky-thuat-phan-mem-chuong-trinh-dai-hoc-bang-tieng-anh,D01,Điểm thi THPT,2023,31.0,Kỹ thuật phần mềm - Chương trình đại học bằng tiếng Anh
64047,DTT,ky-thuat-phan-mem-chuong-trinh-dai-hoc-bang-tieng-anh,E03,Điểm thi THPT,2023,31.0,Kỹ thuật phần mềm - Chương trình đại học bằng tiếng Anh
64048,DTT,ky-thuat-phan-mem-chuong-trinh-dai-hoc-bang-tieng-anh,E06,Điểm thi THPT,2023,31.0,Kỹ thuật phần mềm - Chương trình đại học bằng tiếng Anh
64049,DTT,ky-thuat-phan-mem-chuong-trinh-dai-hoc-bang-tieng-anh,A01,Điểm học bạ,2024,28.0,Kỹ thuật phần mềm -Chương trình đại học bằng tiếng Anh
64050,DTT,ky-thuat-phan-mem-chuong-trinh-dai-hoc-bang-tieng-anh,A01,Điểm thi THPT,2024,28.0,Kỹ thuật phần mềm -Chương trình đại học bằng tiếng Anh
64051,DTT,ky-thuat-phan-mem-chuong-trinh-dai-hoc-bang-tieng-anh,D01,Điểm thi THPT,2024,28.0,Kỹ thuật phần mềm -Chương trình đại học bằng tiếng Anh
64052,DTT,ky-thuat-phan-mem-chuong-trinh-dai-hoc-bang-tieng-anh,E04,Điểm thi THPT,2024,28.0,Kỹ thuật phần mềm -Chương trình đại học bằng tiếng Anh
64053,DTT,ky-thuat-phan-mem-chuong-trinh-dai-hoc-bang-tieng-anh,E06,Điểm thi THPT,2024,28.0,Kỹ thuật phần mềm -Chương trình đại học bằng tiếng Anh
64054,DTT,ky-thuat-phan-mem-chuong-trinh-dai-hoc-bang-tieng-anh,A01,Điểm học bạ,2025,27.87,Kỹ thuật phần mềm - Chương trình đại học bằng tiếng Anh
64055,DTT,ky-thuat-phan-mem-chuong-trinh-dai-hoc-bang-tieng-anh,D01,Điểm học bạ,2025,27.87,Kỹ thuật phần mềm - Chương trình đại học bằng tiếng Anh
64056,DTT,ky-thuat-phan-mem-chuong-trinh-dai-hoc-bang-tieng-anh,A00,Điểm thi THPT,2025,24.0,Kỹ thuật phần mềm - Chương trình đại học bằng tiếng Anh
64057,DTT,ky-thuat-phan-mem-chuong-trinh-dai-hoc-bang-tieng-anh,A01,Điểm thi THPT,2025,24.0,Kỹ thuật phần mềm - Chương trình đại học bằng tiếng Anh
64058,DTT,ky-thuat-phan-mem-chuong-trinh-dai-hoc-bang-tieng-anh,C01,Điểm thi THPT,2025,24.0,Kỹ thuật phần mềm - Chương trình đại học bằng tiếng Anh
64059,DTT,ky-thuat-phan-mem-chuong-trinh-dai-hoc-bang-tieng-anh,D01,Điểm thi THPT,2025,24.0,Kỹ thuật phần mềm - Chương trình đại học bằng tiếng Anh
64060,DTT,ky-thuat-phan-mem-chuong-trinh-dai-hoc-bang-tieng-anh,D07,Điểm thi THPT,2025,24.0,Kỹ thuật phần mềm - Chương trình đại học bằng tiếng Anh
64061,DTT,ky-thuat-phan-mem-chuong-trinh-dai-hoc-bang-tieng-anh,X26,Điểm thi THPT,2025,24.0,Kỹ thuật phần mềm - Chương trình đại học bằng tiếng Anh
64062,DTT,ky-thuat-phan-mem-chuong-trinh-du-bi-dai-hoc-bang-tieng-anh,A01,Điểm thi THPT,2024,28.0,Kỹ thuật phần mềm - Chương trình dự bị đại học bằng tiếng Anh
64063,DTT,ky-thuat-phan-mem-chuong-trinh-du-bi-dai-hoc-bang-tieng-anh,D01,Điểm thi THPT,2024,28.0,Kỹ thuật phần mềm - Chương trình dự bị đại học bằng tiếng Anh
64064,DTT,ky-thuat-phan-mem-chuong-trinh-du-bi-dai-hoc-bang-tieng-anh,A01,Điểm học bạ,2025,27.87,Kỹ thuật phần mềm - Chương trình dự bị đại học bằng tiếng Anh
64065,DTT,ky-thuat-phan-mem-chuong-trinh-du-bi-dai-hoc-bang-tieng-anh,D01,Điểm học bạ,2025,27.87,Kỹ thuật phần mềm - Chương trình dự bị đại học bằng tiếng Anh
64066,DTT,ky-thuat-phan-mem-chuong-trinh-du-bi-dai-hoc-bang-tieng-anh,A00,Điểm thi THPT,2025,24.0,Kỹ thuật phần mềm - Chương trình dự bị đại học bằng tiếng Anh
64067,DTT,ky-thuat-phan-mem-chuong-trinh-du-bi-dai-hoc-bang-tieng-anh,A01,Điểm thi THPT,2025,24.0,Kỹ thuật phần mềm - Chương trình dự bị đại học bằng tiếng Anh
64068,DTT,ky-thuat-phan-mem-chuong-trinh-du-bi-dai-hoc-bang-tieng-anh,C01,Điểm thi THPT,2025,24.0,Kỹ thuật phần mềm - Chương trình dự bị đại học bằng tiếng Anh
64069,DTT,ky-thuat-phan-mem-chuong-trinh-du-bi-dai-hoc-bang-tieng-anh,D01,Điểm thi THPT,2025,24.0,Kỹ thuật phần mềm - Chương trình dự bị đại học bằng tiếng Anh
64070,DTT,ky-thuat-phan-mem-chuong-trinh-du-bi-dai-hoc-bang-tieng-anh,D07,Điểm thi THPT,2025,24.0,Kỹ thuật phần mềm - Chương trình dự bị đại học bằng tiếng Anh
64071,DTT,ky-thuat-phan-mem-chuong-trinh-du-bi-dai-hoc-bang-tieng-anh,X26,Điểm thi THPT,2025,24.0,Kỹ thuật phần mềm - Chương trình dự bị đại học bằng tiếng Anh
64072,DTT,ky-thuat-phan-mem-chuong-trinh-hoc-phan-hieu-khanh-hoa,A00,Điểm thi THPT,2022,22.0,Kỹ thuật phần mềm - chương trình học Phân hiệu Khánh Hòa
64073,DTT,ky-thuat-phan-mem-chuong-trinh-hoc-phan-hieu-khanh-hoa,A01,Điểm thi THPT,2022,22.0,Kỹ thuật phần mềm - chương trình học Phân hiệu Khánh Hòa
64074,DTT,ky-thuat-phan-mem-chuong-trinh-hoc-phan-hieu-khanh-hoa,D01,Điểm thi THPT,2022,22.0,Kỹ thuật phần mềm - chương trình học Phân hiệu Khánh Hòa
64075,DTT,ky-thuat-phan-mem-chuong-trinh-hoc-tai-phan-hieu-khanh-hoa,A01,Điểm học bạ,2023,27.0,Kỹ thuật phần mềm - Chương trình học tại Phân hiệu Khánh Hòa
64076,DTT,ky-thuat-phan-mem-chuong-trinh-hoc-tai-phan-hieu-khanh-hoa,A00,Điểm thi THPT,2023,22.0,Kỹ thuật phần mềm - Chương trình học tại phân hiệu Khánh Hòa
64077,DTT,ky-thuat-phan-mem-chuong-trinh-hoc-tai-phan-hieu-khanh-hoa,A01,Điểm thi THPT,2023,22.0,Kỹ thuật phần mềm - Chương trình học tại phân hiệu Khánh Hòa
64078,DTT,ky-thuat-phan-mem-chuong-trinh-hoc-tai-phan-hieu-khanh-hoa,D01,Điểm thi THPT,2023,22.0,Kỹ thuật phần mềm - Chương trình học tại phân hiệu Khánh Hòa
64079,DTT,ky-thuat-phan-mem-chuong-trinh-hoc-tai-phan-hieu-khanh-hoa,A01,Điểm học bạ,2024,26.0,Kỹ thuật phần mềm - Chương trình học tại Phân hiệu Khánh Hòa
64080,DTT,ky-thuat-phan-mem-chuong-trinh-hoc-tai-phan-hieu-khanh-hoa,A01,Điểm học bạ,2025,24.0,Kỹ thuật phần mềm - Chương trình học tại Phân hiệu Khánh Hòa
64081,DTT,ky-thuat-phan-mem-chuong-trinh-hoc-tai-phan-hieu-khanh-hoa,D01,Điểm học bạ,2025,24.0,Kỹ thuật phần mềm - Chương trình học tại Phân hiệu Khánh Hòa
64082,DTT,ky-thuat-phan-mem-chuong-trinh-hoc-tai-phan-hieu-khanh-hoa,A00,Điểm thi THPT,2025,20.0,Kỹ thuật phần mềm - Chương trình học tại Phân hiệu Khánh Hòa
64083,DTT,ky-thuat-phan-mem-chuong-trinh-hoc-tai-phan-hieu-khanh-hoa,A01,Điểm thi THPT,2025,20.0,Kỹ thuật phần mềm - Chương trình học tại Phân hiệu Khánh Hòa
64084,DTT,ky-thuat-phan-mem-chuong-trinh-hoc-tai-phan-hieu-khanh-hoa,C01,Điểm thi THPT,2025,20.0,Kỹ thuật phần mềm - Chương trình học tại Phân hiệu Khánh Hòa
64085,DTT,ky-thuat-phan-mem-chuong-trinh-hoc-tai-phan-hieu-khanh-hoa,D01,Điểm thi THPT,2025,20.0,Kỹ thuật phần mềm - Chương trình học tại Phân hiệu Khánh Hòa
64086,DTT,ky-thuat-phan-mem-chuong-trinh-hoc-tai-phan-hieu-khanh-hoa,D07,Điểm thi THPT,2025,20.0,Kỹ thuật phần mềm - Chương trình học tại Phân hiệu Khánh Hòa
64087,DTT,ky-thuat-phan-mem-chuong-trinh-hoc-tai-phan-hieu-khanh-hoa,X26,Điểm thi THPT,2025,20.0,Kỹ thuật phần mềm - Chương trình học tại Phân hiệu Khánh Hòa
64088,DTT,ky-thuat-phan-mem-chuong-trinh-tieu-chuan,A00,Điểm thi THPT,2021,35.2,Kỹ thuật phần mềm - Chương trình tiêu chuẩn
64089,DTT,ky-thuat-phan-mem-chuong-trinh-tieu-chuan,A01,Điểm thi THPT,2021,35.2,Kỹ thuật phần mềm - Chương trình tiêu chuẩn
64090,DTT,ky-thuat-phan-mem-chuong-trinh-tieu-chuan,D01,Điểm thi THPT,2021,35.2,Kỹ thuật phần mềm - Chương trình tiêu chuẩn
64091,DTT,ky-thuat-thiet-ke-vi-mach-ban-dan,A00,Điểm học bạ,2025,35.96,Kỹ thuật điện tử - viễn thông (Chuyên ngành Kỹ thuật thiết kế vi mạch bán dẫn)
64092,DTT,ky-thuat-thiet-ke-vi-mach-ban-dan,A01,Điểm học bạ,2025,35.96,Kỹ thuật điện tử - viễn thông (Chuyên ngành Kỹ thuật thiết kế vi mạch bán dẫn)
64093,DTT,ky-thuat-thiet-ke-vi-mach-ban-dan,C01,Điểm học bạ,2025,35.96,Kỹ thuật điện tử - viễn thông (Chuyên ngành Kỹ thuật thiết kế vi mạch bán dẫn)
64094,DTT,ky-thuat-thiet-ke-vi-mach-ban-dan,D07,Điểm học bạ,2025,35.96,Kỹ thuật điện tử - viễn thông (Chuyên ngành Kỹ thuật thiết kế vi mạch bán dẫn)
64095,DTT,ky-thuat-thiet-ke-vi-mach-ban-dan,X06,Điểm học bạ,2025,36.46,Kỹ thuật điện tử - viễn thông (Chuyên ngành Kỹ thuật thiết kế vi mạch bán dẫn)
64096,DTT,ky-thuat-thiet-ke-vi-mach-ban-dan,A00,Điểm thi THPT,2025,29.4,Kỹ thuật điện tử - viễn thông (Chuyên ngành Kỹ thuật thiết kế vi mạch bán dẫn)
64097,DTT,ky-thuat-thiet-ke-vi-mach-ban-dan,A01,Điểm thi THPT,2025,29.15,Kỹ thuật điện tử - viễn thông (Chuyên ngành Kỹ thuật thiết kế vi mạch bán dẫn)
64098,DTT,ky-thuat-thiet-ke-vi-mach-ban-dan,C01,Điểm thi THPT,2025,29.55,Kỹ thuật điện tử - viễn thông (Chuyên ngành Kỹ thuật thiết kế vi mạch bán dẫn)
64099,DTT,ky-thuat-thiet-ke-vi-mach-ban-dan,D07,Điểm thi THPT,2025,29.15,Kỹ thuật điện tử - viễn thông (Chuyên ngành Kỹ thuật thiết kế vi mạch bán dẫn)
64100,DTT,ky-thuat-thiet-ke-vi-mach-ban-dan,X06,Điểm thi THPT,2025,29.55,Kỹ thuật điện tử - viễn thông (Chuyên ngành Kỹ thuật thiết kế vi mạch bán dẫn)
64101,DTT,ky-thuat-xay-dung,A00,Điểm thi THPT,2022,25.0,Kỹ thuật xây dựng
64102,DTT,ky-thuat-xay-dung,A01,Điểm thi THPT,2022,25.0,Kỹ thuật xây dựng
64103,DTT,ky-thuat-xay-dung,C01,Điểm thi THPT,2022,25.0,Kỹ thuật xây dựng
64104,DTT,ky-thuat-xay-dung,A01,Điểm học bạ,2023,28.0,Kỹ thuật xây dựng
64105,DTT,ky-thuat-xay-dung,A00,Điểm thi THPT,2023,24.0,Kỹ thuật xây dựng
64106,DTT,ky-thuat-xay-dung,A01,Điểm thi THPT,2023,24.0,Kỹ thuật xây dựng
64107,DTT,ky-thuat-xay-dung,C01,Điểm thi THPT,2023,24.0,Kỹ thuật xây dựng
64108,DTT,ky-thuat-xay-dung,A01,Điểm học bạ,2024,28.5,Kỹ thuật xây dựng
64109,DTT,ky-thuat-xay-dung,A00,Điểm thi THPT,2024,24.0,Kỹ thuật xây dựng
64110,DTT,ky-thuat-xay-dung,A01,Điểm thi THPT,2024,24.0,Kỹ thuật xây dựng
64111,DTT,ky-thuat-xay-dung,C01,Điểm thi THPT,2024,24.0,Kỹ thuật xây dựng
64112,DTT,ky-thuat-xay-dung,A01,Điểm học bạ,2025,30.0,Kỹ thuật xây dựng
64113,DTT,ky-thuat-xay-dung,D01,Điểm học bạ,2025,30.0,Kỹ thuật xây dựng
64114,DTT,ky-thuat-xay-dung,A00,Điểm thi THPT,2025,25.55,Kỹ thuật xây dựng
64115,DTT,ky-thuat-xay-dung,A01,Điểm thi THPT,2025,25.3,Kỹ thuật xây dựng
64116,DTT,ky-thuat-xay-dung,C01,Điểm thi THPT,2025,25.7,Kỹ thuật xây dựng
64117,DTT,ky-thuat-xay-dung,C02,Điểm thi THPT,2025,25.55,Kỹ thuật xây dựng
64118,DTT,ky-thuat-xay-dung,D01,Điểm thi THPT,2025,25.3,Kỹ thuật xây dựng
64119,DTT,ky-thuat-xay-dung,X06,Điểm thi THPT,2025,25.7,Kỹ thuật xây dựng
64120,DTT,ky-thuat-xay-dung-chat-luong-cao,A00,Điểm thi THPT,2021,24.0,Kỹ thuật xây dựng - Chất lượng cao
64121,DTT,ky-thuat-xay-dung-chat-luong-cao,A01,Điểm thi THPT,2021,24.0,Kỹ thuật xây dựng - Chất lượng cao
64122,DTT,ky-thuat-xay-dung-chat-luong-cao,C01,Điểm thi THPT,2021,24.0,Kỹ thuật xây dựng - Chất lượng cao
64123,DTT,ky-thuat-xay-dung-chat-luong-cao,A01,Điểm học bạ,2023,26.0,Kỹ thuật xây dựng - Chất lượng cao
64124,DTT,ky-thuat-xay-dung-chat-luong-cao,A00,Điểm thi THPT,2023,23.0,Kỹ thuật xây dựng - Chất lượng cao
64125,DTT,ky-thuat-xay-dung-chat-luong-cao,A01,Điểm thi THPT,2023,23.0,Kỹ thuật xây dựng - Chất lượng cao
64126,DTT,ky-thuat-xay-dung-chat-luong-cao,C01,Điểm thi THPT,2023,23.0,Kỹ thuật xây dựng - Chất lượng cao
64127,DTT,ky-thuat-xay-dung-chat-luong-cao,A01,Điểm học bạ,2024,26.0,Kỹ thuật xây dựng - Chất lượng cao
64128,DTT,ky-thuat-xay-dung-chat-luong-cao,A00,Điểm thi THPT,2024,22.0,Kỹ thuật xây dựng - Chất lượng cao
64129,DTT,ky-thuat-xay-dung-chat-luong-cao,A01,Điểm thi THPT,2024,22.0,Kỹ thuật xây dựng - Chất lượng cao
64130,DTT,ky-thuat-xay-dung-chat-luong-cao,C01,Điểm thi THPT,2024,22.0,Kỹ thuật xây dựng - Chất lượng cao
64131,DTT,ky-thuat-xay-dung-chuong-trinh-clc,A00,Điểm thi THPT,2022,22.0,Kỹ thuật xây dựng - chương trình CLC
64132,DTT,ky-thuat-xay-dung-chuong-trinh-clc,A01,Điểm thi THPT,2022,22.0,Kỹ thuật xây dựng - chương trình CLC
64133,DTT,ky-thuat-xay-dung-chuong-trinh-clc,C01,Điểm thi THPT,2022,22.0,Kỹ thuật xây dựng - chương trình CLC
64134,DTT,ky-thuat-xay-dung-chuong-trinh-dai-hoc-bang-tieng-anh,A00,Điểm thi THPT,2021,24.0,Kỹ thuật xây dựng - Chương trình đại học bằng tiếng Anh
64135,DTT,ky-thuat-xay-dung-chuong-trinh-dai-hoc-bang-tieng-anh,A01,Điểm thi THPT,2021,24.0,Kỹ thuật xây dựng - Chương trình đại học bằng tiếng Anh
64136,DTT,ky-thuat-xay-dung-chuong-trinh-dai-hoc-bang-tieng-anh,C01,Điểm thi THPT,2021,24.0,Kỹ thuật xây dựng - Chương trình đại học bằng tiếng Anh
64137,DTT,ky-thuat-xay-dung-chuong-trinh-dai-hoc-bang-tieng-anh,R00,Điểm học bạ,2022,28.0,Kỹ thuật xây dựng - chương trình đại học bằng Tiếng Anh
64138,DTT,ky-thuat-xay-dung-chuong-trinh-dai-hoc-bang-tieng-anh,E03,Điểm thi THPT,2022,24.0,Kỹ thuật xây dựng - chương trình đại học bằng Tiếng Anh
64139,DTT,ky-thuat-xay-dung-chuong-trinh-dai-hoc-bang-tieng-anh,E06,Điểm thi THPT,2022,24.0,Kỹ thuật xây dựng - chương trình đại học bằng Tiếng Anh
64140,DTT,ky-thuat-xay-dung-chuong-trinh-dai-hoc-bang-tieng-anh,A00,Điểm thi THPT,2023,22.0,Kỹ thuật xây dựng - Chương trình đại học bằng tiếng Anh
64141,DTT,ky-thuat-xay-dung-chuong-trinh-dai-hoc-bang-tieng-anh,A01,Điểm thi THPT,2023,22.0,Kỹ thuật xây dựng - Chương trình đại học bằng tiếng Anh
64142,DTT,ky-thuat-xay-dung-chuong-trinh-dai-hoc-bang-tieng-anh,E03,Điểm thi THPT,2023,22.0,Kỹ thuật xây dựng - Chương trình đại học bằng tiếng Anh
64143,DTT,ky-thuat-xay-dung-chuong-trinh-dai-hoc-bang-tieng-anh,E06,Điểm thi THPT,2023,22.0,Kỹ thuật xây dựng - Chương trình đại học bằng tiếng Anh
64144,DTT,ky-thuat-xay-dung-chuong-trinh-dai-hoc-bang-tieng-anh,A01,Điểm học bạ,2024,28.0,Kỹ thuật xây dựng - Chương trình đại học bằng tiếng Anh
64145,DTT,ky-thuat-xay-dung-chuong-trinh-dai-hoc-bang-tieng-anh,A00,Điểm thi THPT,2024,24.0,Kỹ thuật xây dựng - Chương trình đại học bằng tiếng Anh
64146,DTT,ky-thuat-xay-dung-chuong-trinh-dai-hoc-bang-tieng-anh,A01,Điểm thi THPT,2024,24.0,Kỹ thuật xây dựng - Chương trình đại học bằng tiếng Anh
64147,DTT,ky-thuat-xay-dung-chuong-trinh-dai-hoc-bang-tieng-anh,E06,Điểm thi THPT,2024,24.0,Kỹ thuật xây dựng - Chương trình đại học bằng tiếng Anh
64148,DTT,ky-thuat-xay-dung-chuong-trinh-dai-hoc-bang-tieng-anh,A01,Điểm học bạ,2025,24.0,Kỹ thuật xây dựng - Chương trình đại học bằng tiếng Anh
64149,DTT,ky-thuat-xay-dung-chuong-trinh-dai-hoc-bang-tieng-anh,D01,Điểm học bạ,2025,24.0,Kỹ thuật xây dựng - Chương trình đại học bằng tiếng Anh
64150,DTT,ky-thuat-xay-dung-chuong-trinh-dai-hoc-bang-tieng-anh,A00,Điểm thi THPT,2025,20.0,Kỹ thuật xây dựng - Chương trình đại học bằng tiếng Anh
64151,DTT,ky-thuat-xay-dung-chuong-trinh-dai-hoc-bang-tieng-anh,A01,Điểm thi THPT,2025,20.0,Kỹ thuật xây dựng - Chương trình đại học bằng tiếng Anh
64152,DTT,ky-thuat-xay-dung-chuong-trinh-dai-hoc-bang-tieng-anh,C01,Điểm thi THPT,2025,20.0,Kỹ thuật xây dựng - Chương trình đại học bằng tiếng Anh
64153,DTT,ky-thuat-xay-dung-chuong-trinh-dai-hoc-bang-tieng-anh,C02,Điểm thi THPT,2025,20.0,Kỹ thuật xây dựng - Chương trình đại học bằng tiếng Anh
64154,DTT,ky-thuat-xay-dung-chuong-trinh-dai-hoc-bang-tieng-anh,D01,Điểm thi THPT,2025,20.0,Kỹ thuật xây dựng - Chương trình đại học bằng tiếng Anh
64155,DTT,ky-thuat-xay-dung-chuong-trinh-dai-hoc-bang-tieng-anh,X06,Điểm thi THPT,2025,20.0,Kỹ thuật xây dựng - Chương trình đại học bằng tiếng Anh
64156,DTT,ky-thuat-xay-dung-chuong-trinh-du-bi-dai-hoc-bang-tieng-anh,A00,Điểm thi THPT,2024,24.0,Kỹ thuật xây dựng - Chương trình dự bị đại học bằng tiếng Anh
64157,DTT,ky-thuat-xay-dung-chuong-trinh-du-bi-dai-hoc-bang-tieng-anh,A01,Điểm thi THPT,2024,24.0,Kỹ thuật xây dựng - Chương trình dự bị đại học bằng tiếng Anh
64158,DTT,ky-thuat-xay-dung-chuong-trinh-du-bi-dai-hoc-bang-tieng-anh,A01,Điểm học bạ,2025,24.0,Kỹ thuật xây dựng - Chương trình dự bị đại học bằng tiếng Anh
64159,DTT,ky-thuat-xay-dung-chuong-trinh-du-bi-dai-hoc-bang-tieng-anh,D01,Điểm học bạ,2025,24.0,Kỹ thuật xây dựng - Chương trình dự bị đại học bằng tiếng Anh
64160,DTT,ky-thuat-xay-dung-chuong-trinh-du-bi-dai-hoc-bang-tieng-anh,A00,Điểm thi THPT,2025,20.0,Kỹ thuật xây dựng - Chương trình dự bị đại học bằng tiếng Anh
64161,DTT,ky-thuat-xay-dung-chuong-trinh-du-bi-dai-hoc-bang-tieng-anh,A01,Điểm thi THPT,2025,20.0,Kỹ thuật xây dựng - Chương trình dự bị đại học bằng tiếng Anh
64162,DTT,ky-thuat-xay-dung-chuong-trinh-du-bi-dai-hoc-bang-tieng-anh,C01,Điểm thi THPT,2025,20.0,Kỹ thuật xây dựng - Chương trình dự bị đại học bằng tiếng Anh
64163,DTT,ky-thuat-xay-dung-chuong-trinh-du-bi-dai-hoc-bang-tieng-anh,C02,Điểm thi THPT,2025,20.0,Kỹ thuật xây dựng - Chương trình dự bị đại học bằng tiếng Anh
64164,DTT,ky-thuat-xay-dung-chuong-trinh-du-bi-dai-hoc-bang-tieng-anh,D01,Điểm thi THPT,2025,20.0,Kỹ thuật xây dựng - Chương trình dự bị đại học bằng tiếng Anh
64165,DTT,ky-thuat-xay-dung-chuong-trinh-du-bi-dai-hoc-bang-tieng-anh,X06,Điểm thi THPT,2025,20.0,Kỹ thuật xây dựng - Chương trình dự bị đại học bằng tiếng Anh
64166,DTT,ky-thuat-xay-dung-chuong-trinh-du-bi-lien-ket-dai-hoc-la-trobe,A00,Điểm thi THPT,2024,24.0,Kỹ thuật xây dựng (song bằng 2+2) - Chương trình dự bị liên kết Đại học La Trobe (Úc)
64167,DTT,ky-thuat-xay-dung-chuong-trinh-du-bi-lien-ket-dai-hoc-la-trobe,A01,Điểm thi THPT,2024,24.0,Kỹ thuật xây dựng (song bằng 2+2) - Chương trình dự bị liên kết Đại học La Trobe (Úc)
64168,DTT,ky-thuat-xay-dung-chuong-trinh-du-bi-lien-ket-dai-hoc-la-trobe,A01,Điểm học bạ,2025,24.0,Kỹ thuật xây dựng (song bằng 2+2) - Chương trình dự bị liên kết Đại học La Trobe (Úc)
64169,DTT,ky-thuat-xay-dung-chuong-trinh-du-bi-lien-ket-dai-hoc-la-trobe,D01,Điểm học bạ,2025,24.0,Kỹ thuật xây dựng (song bằng 2+2) - Chương trình dự bị liên kết Đại học La Trobe (Úc)
64170,DTT,ky-thuat-xay-dung-chuong-trinh-du-bi-lien-ket-dai-hoc-la-trobe,A00,Điểm thi THPT,2025,20.0,Kỹ thuật xây dựng (song bằng 2+2) - Chương trình dự bị liên kết Đại học La Trobe (Úc)
64171,DTT,ky-thuat-xay-dung-chuong-trinh-du-bi-lien-ket-dai-hoc-la-trobe,A01,Điểm thi THPT,2025,20.0,Kỹ thuật xây dựng (song bằng 2+2) - Chương trình dự bị liên kết Đại học La Trobe (Úc)
64172,DTT,ky-thuat-xay-dung-chuong-trinh-du-bi-lien-ket-dai-hoc-la-trobe,C01,Điểm thi THPT,2025,20.0,Kỹ thuật xây dựng (song bằng 2+2) - Chương trình dự bị liên kết Đại học La Trobe (Úc)
64173,DTT,ky-thuat-xay-dung-chuong-trinh-du-bi-lien-ket-dai-hoc-la-trobe,C02,Điểm thi THPT,2025,20.0,Kỹ thuật xây dựng (song bằng 2+2) - Chương trình dự bị liên kết Đại học La Trobe (Úc)
64174,DTT,ky-thuat-xay-dung-chuong-trinh-du-bi-lien-ket-dai-hoc-la-trobe,D01,Điểm thi THPT,2025,20.0,Kỹ thuật xây dựng (song bằng 2+2) - Chương trình dự bị liên kết Đại học La Trobe (Úc)
64175,DTT,ky-thuat-xay-dung-chuong-trinh-du-bi-lien-ket-dai-hoc-la-trobe,X06,Điểm thi THPT,2025,20.0,Kỹ thuật xây dựng (song bằng 2+2) - Chương trình dự bị liên kết Đại học La Trobe (Úc)
64176,DTT,ky-thuat-xay-dung-chuong-trinh-lien-ket-dai-hoc-la-trobe,R00,Điểm học bạ,2022,28.0,"Kỹ thuật xây dựng (song bằng, 2+2) - chương trình liên kết Đại học La Trobe (Úc)"
64177,DTT,ky-thuat-xay-dung-chuong-trinh-lien-ket-dai-hoc-la-trobe,E03,Điểm thi THPT,2022,24.0,"Kỹ thuật xây dựng (song bằng, 2+2) - chương trình liên kết Đại học La Trobe (Úc)"
64178,DTT,ky-thuat-xay-dung-chuong-trinh-lien-ket-dai-hoc-la-trobe,E06,Điểm thi THPT,2022,24.0,"Kỹ thuật xây dựng (song bằng, 2+2) - chương trình liên kết Đại học La Trobe (Úc)"
64179,DTT,ky-thuat-xay-dung-chuong-trinh-lien-ket-dai-hoc-la-trobe,A00,Điểm thi THPT,2023,22.0,Kỹ thuật xây dựng (song bằng. 2+2) - Chương trình liên kết Đại học La Trobe (Úc)
64180,DTT,ky-thuat-xay-dung-chuong-trinh-lien-ket-dai-hoc-la-trobe,A01,Điểm thi THPT,2023,22.0,Kỹ thuật xây dựng (song bằng. 2+2) - Chương trình liên kết Đại học La Trobe (Úc)
64181,DTT,ky-thuat-xay-dung-chuong-trinh-lien-ket-dai-hoc-la-trobe,E03,Điểm thi THPT,2023,22.0,Kỹ thuật xây dựng (song bằng. 2+2) - Chương trình liên kết Đại học La Trobe (Úc)
64182,DTT,ky-thuat-xay-dung-chuong-trinh-lien-ket-dai-hoc-la-trobe,E06,Điểm thi THPT,2023,22.0,Kỹ thuật xây dựng (song bằng. 2+2) - Chương trình liên kết Đại học La Trobe (Úc)
64183,DTT,ky-thuat-xay-dung-chuong-trinh-lien-ket-dai-hoc-la-trobe,A00,Điểm thi THPT,2024,24.0,Kỹ thuật xây dựng (song bằng 2+2) - Chương trình liên kết Đại học La Trobe (Úc)
64184,DTT,ky-thuat-xay-dung-chuong-trinh-lien-ket-dai-hoc-la-trobe,A01,Điểm thi THPT,2024,24.0,Kỹ thuật xây dựng (song bằng 2+2) - Chương trình liên kết Đại học La Trobe (Úc)
64185,DTT,ky-thuat-xay-dung-chuong-trinh-lien-ket-dai-hoc-la-trobe,E06,Điểm thi THPT,2024,24.0,Kỹ thuật xây dựng (song bằng 2+2) - Chương trình liên kết Đại học La Trobe (Úc)
64186,DTT,ky-thuat-xay-dung-chuong-trinh-lien-ket-dai-hoc-la-trobe,A01,Điểm học bạ,2025,24.0,Kỹ thuật xây dựng (song bằng 2+2) - Chương trình liên kết Đại học La Trobe (Úc)
64187,DTT,ky-thuat-xay-dung-chuong-trinh-lien-ket-dai-hoc-la-trobe,D01,Điểm học bạ,2025,24.0,Kỹ thuật xây dựng (song bằng 2+2) - Chương trình liên kết Đại học La Trobe (Úc)
64188,DTT,ky-thuat-xay-dung-chuong-trinh-lien-ket-dai-hoc-la-trobe,A00,Điểm thi THPT,2025,20.0,Kỹ thuật xây dựng (song bằng 2+2) - Chương trình liên kết Đại học La Trobe (Úc)
64189,DTT,ky-thuat-xay-dung-chuong-trinh-lien-ket-dai-hoc-la-trobe,A01,Điểm thi THPT,2025,20.0,Kỹ thuật xây dựng (song bằng 2+2) - Chương trình liên kết Đại học La Trobe (Úc)
64190,DTT,ky-thuat-xay-dung-chuong-trinh-lien-ket-dai-hoc-la-trobe,C01,Điểm thi THPT,2025,20.0,Kỹ thuật xây dựng (song bằng 2+2) - Chương trình liên kết Đại học La Trobe (Úc)
64191,DTT,ky-thuat-xay-dung-chuong-trinh-lien-ket-dai-hoc-la-trobe,C02,Điểm thi THPT,2025,20.0,Kỹ thuật xây dựng (song bằng 2+2) - Chương trình liên kết Đại học La Trobe (Úc)
64192,DTT,ky-thuat-xay-dung-chuong-trinh-lien-ket-dai-hoc-la-trobe,D01,Điểm thi THPT,2025,20.0,Kỹ thuật xây dựng (song bằng 2+2) - Chương trình liên kết Đại học La Trobe (Úc)
64193,DTT,ky-thuat-xay-dung-chuong-trinh-lien-ket-dai-hoc-la-trobe,X06,Điểm thi THPT,2025,20.0,Kỹ thuật xây dựng (song bằng 2+2) - Chương trình liên kết Đại học La Trobe (Úc)
64194,DTT,ky-thuat-xay-dung-chuong-trinh-tieu-chuan,A00,Điểm thi THPT,2021,29.4,Kỹ thuật xây dựng - Chương trình tiêu chuẩn
64195,DTT,ky-thuat-xay-dung-chuong-trinh-tieu-chuan,A01,Điểm thi THPT,2021,29.4,Kỹ thuật xây dựng - Chương trình tiêu chuẩn
64196,DTT,ky-thuat-xay-dung-chuong-trinh-tieu-chuan,C01,Điểm thi THPT,2021,29.4,Kỹ thuật xây dựng - Chương trình tiêu chuẩn
64197,DTT,ky-thuat-xay-dung-cong-trinh-giao-thong,A00,Điểm thi THPT,2022,23.0,Kỹ thuật xây dựng công trình giao thông
64198,DTT,ky-thuat-xay-dung-cong-trinh-giao-thong,A01,Điểm thi THPT,2022,23.0,Kỹ thuật xây dựng công trình giao thông
64199,DTT,ky-thuat-xay-dung-cong-trinh-giao-thong,C01,Điểm thi THPT,2022,23.0,Kỹ thuật xây dựng công trình giao thông
64200,DTT,ky-thuat-xay-dung-cong-trinh-giao-thong,A01,Điểm học bạ,2023,26.0,Kỹ thuật xây dựng công trình giao thông
64201,DTT,ky-thuat-xay-dung-cong-trinh-giao-thong,A00,Điểm thi THPT,2023,22.0,Kỹ thuật xây dựng công trình giao thông
64202,DTT,ky-thuat-xay-dung-cong-trinh-giao-thong,A01,Điểm thi THPT,2023,22.0,Kỹ thuật xây dựng công trình giao thông
64203,DTT,ky-thuat-xay-dung-cong-trinh-giao-thong,C01,Điểm thi THPT,2023,22.0,Kỹ thuật xây dựng công trình giao thông
64204,DTT,ky-thuat-xay-dung-cong-trinh-giao-thong,A01,Điểm học bạ,2024,26.0,Kỹ thuật xây dựng công trình giao thông
64205,DTT,ky-thuat-xay-dung-cong-trinh-giao-thong,A00,Điểm thi THPT,2024,22.0,Kỹ thuật xây dựng công trình giao thông
64206,DTT,ky-thuat-xay-dung-cong-trinh-giao-thong,A01,Điểm thi THPT,2024,22.0,Kỹ thuật xây dựng công trình giao thông
64207,DTT,ky-thuat-xay-dung-cong-trinh-giao-thong,C01,Điểm thi THPT,2024,22.0,Kỹ thuật xây dựng công trình giao thông
64208,DTT,ky-thuat-xay-dung-cong-trinh-giao-thong,A01,Điểm học bạ,2025,25.5,Kỹ thuật xây dựng công trình giao thông
64209,DTT,ky-thuat-xay-dung-cong-trinh-giao-thong,D01,Điểm học bạ,2025,25.5,Kỹ thuật xây dựng công trình giao thông
64210,DTT,ky-thuat-xay-dung-cong-trinh-giao-thong,A00,Điểm thi THPT,2025,22.75,Kỹ thuật xây dựng công trình giao thông
64211,DTT,ky-thuat-xay-dung-cong-trinh-giao-thong,A01,Điểm thi THPT,2025,22.5,Kỹ thuật xây dựng công trình giao thông
64212,DTT,ky-thuat-xay-dung-cong-trinh-giao-thong,C01,Điểm thi THPT,2025,22.75,Kỹ thuật xây dựng công trình giao thông
64213,DTT,ky-thuat-xay-dung-cong-trinh-giao-thong,C02,Điểm thi THPT,2025,22.75,Kỹ thuật xây dựng công trình giao thông
64214,DTT,ky-thuat-xay-dung-cong-trinh-giao-thong,D01,Điểm thi THPT,2025,22.5,Kỹ thuật xây dựng công trình giao thông
64215,DTT,ky-thuat-xay-dung-cong-trinh-giao-thong,X06,Điểm thi THPT,2025,22.75,Kỹ thuật xây dựng công trình giao thông
64216,DTT,ky-thuat-xay-dung-cong-trinh-giao-thong-chuong-trinh-tieu-chuan,A00,Điểm thi THPT,2021,24.0,Kỹ thuật xây dựng công trình giao thông - Chương trình tiêu chuẩn
64217,DTT,ky-thuat-xay-dung-cong-trinh-giao-thong-chuong-trinh-tieu-chuan,A01,Điểm thi THPT,2021,24.0,Kỹ thuật xây dựng công trình giao thông - Chương trình tiêu chuẩn
64218,DTT,ky-thuat-xay-dung-cong-trinh-giao-thong-chuong-trinh-tieu-chuan,C01,Điểm thi THPT,2021,24.0,Kỹ thuật xây dựng công trình giao thông - Chương trình tiêu chuẩn
64219,DTT,luat,A00,Điểm thi THPT,2022,33.5,Luật
64220,DTT,luat,A01,Điểm thi THPT,2022,33.5,Luật
64221,DTT,luat,C00,Điểm thi THPT,2022,33.5,Luật
64222,DTT,luat,D01,Điểm thi THPT,2022,33.5,Luật
64223,DTT,luat,D14,Điểm học bạ,2023,35.75,Luật
64224,DTT,luat,A00,Điểm thi THPT,2023,31.85,Luật
64225,DTT,luat,A01,Điểm thi THPT,2023,31.85,Luật
64226,DTT,luat,C00,Điểm thi THPT,2023,31.85,Luật
64227,DTT,luat,D01,Điểm thi THPT,2023,31.85,Luật
64228,DTT,luat,D14,Điểm học bạ,2024,35.5,Luật
64229,DTT,luat,A00,Điểm thi THPT,2024,22.0,Luật
64230,DTT,luat,A01,Điểm thi THPT,2024,22.0,Luật
64231,DTT,luat,C00,Điểm thi THPT,2024,22.0,Luật
64232,DTT,luat,D01,Điểm thi THPT,2024,22.0,Luật
64233,DTT,luat,D01,Điểm học bạ,2025,36.75,Luật
64234,DTT,luat,D14,Điểm học bạ,2025,36.75,Luật
64235,DTT,luat,C00,Điểm thi THPT,2025,31.8,Luật
64236,DTT,luat,C01,Điểm thi THPT,2025,31.55,Luật
64237,DTT,luat,C02,Điểm thi THPT,2025,31.3,Luật
64238,DTT,luat,C03,Điểm thi THPT,2025,31.55,Luật
64239,DTT,luat,C04,Điểm thi THPT,2025,31.55,Luật
64240,DTT,luat,D01,Điểm thi THPT,2025,31.05,Luật
64241,DTT,luat,D14,Điểm thi THPT,2025,31.55,Luật
64242,DTT,luat,D15,Điểm thi THPT,2025,31.55,Luật
64243,DTT,luat-chat-luong-cao,A00,Điểm thi THPT,2021,33.3,Luật - Chất lượng cao
64244,DTT,luat-chat-luong-cao,A01,Điểm thi THPT,2021,33.3,Luật - Chất lượng cao
64245,DTT,luat-chat-luong-cao,C00,Điểm thi THPT,2021,33.3,Luật - Chất lượng cao
64246,DTT,luat-chat-luong-cao,D01,Điểm thi THPT,2021,33.3,Luật - Chất lượng cao
64247,DTT,luat-chat-luong-cao,D14,Điểm học bạ,2023,32.75,Luật - Chất lượng cao
64248,DTT,luat-chat-luong-cao,A00,Điểm thi THPT,2023,28.0,Luật - Chất lượng cao
64249,DTT,luat-chat-luong-cao,A01,Điểm thi THPT,2023,28.0,Luật - Chất lượng cao
64250,DTT,luat-chat-luong-cao,C00,Điểm thi THPT,2023,28.0,Luật - Chất lượng cao
64251,DTT,luat-chat-luong-cao,D01,Điểm thi THPT,2023,28.0,Luật - Chất lượng cao
64252,DTT,luat-chat-luong-cao,D14,Điểm học bạ,2024,30.5,Luật - Chất lượng cao
64253,DTT,luat-chat-luong-cao,A00,Điểm thi THPT,2024,31.1,Luật - Chất lượng cao
64254,DTT,luat-chat-luong-cao,A01,Điểm thi THPT,2024,31.1,Luật - Chất lượng cao
64255,DTT,luat-chat-luong-cao,C00,Điểm thi THPT,2024,31.1,Luật - Chất lượng cao
64256,DTT,luat-chat-luong-cao,D01,Điểm thi THPT,2024,31.1,Luật - Chất lượng cao
64257,DTT,luat-chuong-trinh-02-nam-dau-hoc-tai-nha-trang,A00,Điểm thi THPT,2021,30.5,Luật - Chương trình 02 năm đầu học tại Nha Trang
64258,DTT,luat-chuong-trinh-02-nam-dau-hoc-tai-nha-trang,A01,Điểm thi THPT,2021,30.5,Luật - Chương trình 02 năm đầu học tại Nha Trang
64259,DTT,luat-chuong-trinh-02-nam-dau-hoc-tai-nha-trang,C00,Điểm thi THPT,2021,30.5,Luật - Chương trình 02 năm đầu học tại Nha Trang
64260,DTT,luat-chuong-trinh-02-nam-dau-hoc-tai-nha-trang,D01,Điểm thi THPT,2021,30.5,Luật - Chương trình 02 năm đầu học tại Nha Trang
64261,DTT,luat-chuong-trinh-clc,A00,Điểm thi THPT,2022,32.1,Luật - chương trình CLC
64262,DTT,luat-chuong-trinh-clc,A01,Điểm thi THPT,2022,32.1,Luật - chương trình CLC
64263,DTT,luat-chuong-trinh-clc,C00,Điểm thi THPT,2022,32.1,Luật - chương trình CLC
64264,DTT,luat-chuong-trinh-clc,D01,Điểm thi THPT,2022,32.1,Luật - chương trình CLC
64265,DTT,luat-chuong-trinh-hoc-phan-hieu-khanh-hoa,A00,Điểm thi THPT,2022,22.0,Luật - chương trình học Phân hiệu Khánh Hòa
64266,DTT,luat-chuong-trinh-hoc-phan-hieu-khanh-hoa,A01,Điểm thi THPT,2022,22.0,Luật - chương trình học Phân hiệu Khánh Hòa
64267,DTT,luat-chuong-trinh-hoc-phan-hieu-khanh-hoa,C00,Điểm thi THPT,2022,22.0,Luật - chương trình học Phân hiệu Khánh Hòa
64268,DTT,luat-chuong-trinh-hoc-phan-hieu-khanh-hoa,D01,Điểm thi THPT,2022,22.0,Luật - chương trình học Phân hiệu Khánh Hòa
64269,DTT,luat-chuong-trinh-hoc-tai-phan-hieu-khanh-hoa,D14,Điểm học bạ,2023,27.0,Luật - Chương trình học tại Phân hiệu Khánh Hòa
64270,DTT,luat-chuong-trinh-hoc-tai-phan-hieu-khanh-hoa,A00,Điểm thi THPT,2023,22.0,Luật - Chương trình học tại phân hiệu Khánh Hòa
64271,DTT,luat-chuong-trinh-hoc-tai-phan-hieu-khanh-hoa,A01,Điểm thi THPT,2023,22.0,Luật - Chương trình học tại phân hiệu Khánh Hòa
64272,DTT,luat-chuong-trinh-hoc-tai-phan-hieu-khanh-hoa,C00,Điểm thi THPT,2023,22.0,Luật - Chương trình học tại phân hiệu Khánh Hòa
64273,DTT,luat-chuong-trinh-hoc-tai-phan-hieu-khanh-hoa,D01,Điểm thi THPT,2023,22.0,Luật - Chương trình học tại phân hiệu Khánh Hòa
64274,DTT,luat-chuong-trinh-hoc-tai-phan-hieu-khanh-hoa,D14,Điểm học bạ,2024,26.0,Luật - Chương trình học tại Phân hiệu Khánh Hòa
64275,DTT,luat-chuong-trinh-tieu-chuan,A00,Điểm thi THPT,2021,35.0,Luật - Chương trình tiêu chuẩn
64276,DTT,luat-chuong-trinh-tieu-chuan,A01,Điểm thi THPT,2021,35.0,Luật - Chương trình tiêu chuẩn
64277,DTT,luat-chuong-trinh-tieu-chuan,C00,Điểm thi THPT,2021,35.0,Luật - Chương trình tiêu chuẩn
64278,DTT,luat-chuong-trinh-tieu-chuan,D01,Điểm thi THPT,2021,35.0,Luật - Chương trình tiêu chuẩn
64279,DTT,luat-kinh-te,D01,Điểm học bạ,2025,33.58,Luật (Chuyên ngành Luật kinh tế) - Chương trình tiên tiến
64280,DTT,luat-kinh-te,D14,Điểm học bạ,2025,33.58,Luật (Chuyên ngành Luật kinh tế) - Chương trình tiên tiến
64281,DTT,luat-kinh-te,C00,Điểm thi THPT,2025,28.24,Luật (Chuyên ngành Luật kinh tế) - Chương trình tiên tiến
64282,DTT,luat-kinh-te,C01,Điểm thi THPT,2025,27.99,Luật (Chuyên ngành Luật kinh tế) - Chương trình tiên tiến
64283,DTT,luat-kinh-te,C02,Điểm thi THPT,2025,27.74,Luật (Chuyên ngành Luật kinh tế) - Chương trình tiên tiến
64284,DTT,luat-kinh-te,C03,Điểm thi THPT,2025,27.99,Luật (Chuyên ngành Luật kinh tế) - Chương trình tiên tiến
64285,DTT,luat-kinh-te,C04,Điểm thi THPT,2025,27.99,Luật (Chuyên ngành Luật kinh tế) - Chương trình tiên tiến
64286,DTT,luat-kinh-te,D01,Điểm thi THPT,2025,27.74,Luật (Chuyên ngành Luật kinh tế) - Chương trình tiên tiến
64287,DTT,luat-kinh-te,D14,Điểm thi THPT,2025,27.99,Luật (Chuyên ngành Luật kinh tế) - Chương trình tiên tiến
64288,DTT,luat-kinh-te,D15,Điểm thi THPT,2025,27.99,Luật (Chuyên ngành Luật kinh tế) - Chương trình tiên tiến
64289,DTT,luat-kinh-te-chuong-trinh-hoc-tai-phan-hieu-khanh-hoa,D01,Điểm học bạ,2025,29.69,Luật (Chuyên ngành Luật kinh tế) - Chương trình học tại Phân hiệu Khánh Hòa
64290,DTT,luat-kinh-te-chuong-trinh-hoc-tai-phan-hieu-khanh-hoa,D14,Điểm học bạ,2025,29.69,Luật (Chuyên ngành Luật kinh tế) - Chương trình học tại Phân hiệu Khánh Hòa
64291,DTT,luat-kinh-te-chuong-trinh-hoc-tai-phan-hieu-khanh-hoa,C00,Điểm thi THPT,2025,26.8,Luật (Chuyên ngành Luật kinh tế) - Chương trình học tại Phân hiệu Khánh Hòa
64292,DTT,luat-kinh-te-chuong-trinh-hoc-tai-phan-hieu-khanh-hoa,C01,Điểm thi THPT,2025,26.8,Luật (Chuyên ngành Luật kinh tế) - Chương trình học tại Phân hiệu Khánh Hòa
64293,DTT,luat-kinh-te-chuong-trinh-hoc-tai-phan-hieu-khanh-hoa,C02,Điểm thi THPT,2025,26.8,Luật (Chuyên ngành Luật kinh tế) - Chương trình học tại Phân hiệu Khánh Hòa
64294,DTT,luat-kinh-te-chuong-trinh-hoc-tai-phan-hieu-khanh-hoa,C03,Điểm thi THPT,2025,26.8,Luật (Chuyên ngành Luật kinh tế) - Chương trình học tại Phân hiệu Khánh Hòa
64295,DTT,luat-kinh-te-chuong-trinh-hoc-tai-phan-hieu-khanh-hoa,C04,Điểm thi THPT,2025,26.8,Luật (Chuyên ngành Luật kinh tế) - Chương trình học tại Phân hiệu Khánh Hòa
64296,DTT,luat-kinh-te-chuong-trinh-hoc-tai-phan-hieu-khanh-hoa,D01,Điểm thi THPT,2025,26.8,Luật (Chuyên ngành Luật kinh tế) - Chương trình học tại Phân hiệu Khánh Hòa
64297,DTT,luat-kinh-te-chuong-trinh-hoc-tai-phan-hieu-khanh-hoa,D14,Điểm thi THPT,2025,26.8,Luật (Chuyên ngành Luật kinh tế) - Chương trình học tại Phân hiệu Khánh Hòa
64298,DTT,luat-kinh-te-chuong-trinh-hoc-tai-phan-hieu-khanh-hoa,D15,Điểm thi THPT,2025,26.8,Luật (Chuyên ngành Luật kinh tế) - Chương trình học tại Phân hiệu Khánh Hòa
64299,DTT,luat-thuong-mai-quoc-te,D01,Điểm học bạ,2025,35.28,Luật (Chuyên ngành Luật thương mại quốc tế) - Chương trình tiên tiến
64300,DTT,luat-thuong-mai-quoc-te,D14,Điểm học bạ,2025,35.28,Luật (Chuyên ngành Luật thương mại quốc tế) - Chương trình tiên tiến
64301,DTT,luat-thuong-mai-quoc-te,C00,Điểm thi THPT,2025,29.21,Luật (Chuyên ngành Luật thương mại quốc tế) - Chương trình tiên tiến
64302,DTT,luat-thuong-mai-quoc-te,C01,Điểm thi THPT,2025,28.96,Luật (Chuyên ngành Luật thương mại quốc tế) - Chương trình tiên tiến
64303,DTT,luat-thuong-mai-quoc-te,C02,Điểm thi THPT,2025,28.71,Luật (Chuyên ngành Luật thương mại quốc tế) - Chương trình tiên tiến
64304,DTT,luat-thuong-mai-quoc-te,C03,Điểm thi THPT,2025,28.96,Luật (Chuyên ngành Luật thương mại quốc tế) - Chương trình tiên tiến
64305,DTT,luat-thuong-mai-quoc-te,C04,Điểm thi THPT,2025,28.96,Luật (Chuyên ngành Luật thương mại quốc tế) - Chương trình tiên tiến
64306,DTT,luat-thuong-mai-quoc-te,D01,Điểm thi THPT,2025,28.71,Luật (Chuyên ngành Luật thương mại quốc tế) - Chương trình tiên tiến
64307,DTT,luat-thuong-mai-quoc-te,D14,Điểm thi THPT,2025,28.96,Luật (Chuyên ngành Luật thương mại quốc tế) - Chương trình tiên tiến
64308,DTT,luat-thuong-mai-quoc-te,D15,Điểm thi THPT,2025,28.96,Luật (Chuyên ngành Luật thương mại quốc tế) - Chương trình tiên tiến
64309,DTT,mang-may-tinh-va-truyen-thong,A00,Điểm thi THPT,2022,34.5,Mạng máy tính và truyền thông
64310,DTT,mang-may-tinh-va-truyen-thong,A01,Điểm thi THPT,2022,34.5,Mạng máy tính và truyền thông
64311,DTT,mang-may-tinh-va-truyen-thong,D01,Điểm thi THPT,2022,34.5,Mạng máy tính và truyền thông
64312,DTT,mang-may-tinh-va-truyen-thong-du-lieu,A01,Điểm học bạ,2023,35.75,Mạng máy tính và truyền thông dữ liệu
64313,DTT,mang-may-tinh-va-truyen-thong-du-lieu,A00,Điểm thi THPT,2023,32.1,Mạng máy tính và truyền thông dữ liệu
64314,DTT,mang-may-tinh-va-truyen-thong-du-lieu,A01,Điểm thi THPT,2023,32.1,Mạng máy tính và truyền thông dữ liệu
64315,DTT,mang-may-tinh-va-truyen-thong-du-lieu,D01,Điểm thi THPT,2023,32.1,Mạng máy tính và truyền thông dữ liệu
64316,DTT,mang-may-tinh-va-truyen-thong-du-lieu,A01,Điểm học bạ,2024,35.5,Mạng máy tính và truyền thông dữ liệu
64317,DTT,mang-may-tinh-va-truyen-thong-du-lieu,A00,Điểm thi THPT,2024,31.2,Mạng máy tính và truyền thông dữ liệu
64318,DTT,mang-may-tinh-va-truyen-thong-du-lieu,A01,Điểm thi THPT,2024,31.2,Mạng máy tính và truyền thông dữ liệu
64319,DTT,mang-may-tinh-va-truyen-thong-du-lieu,D01,Điểm thi THPT,2024,31.2,Mạng máy tính và truyền thông dữ liệu
64320,DTT,mang-may-tinh-va-truyen-thong-du-lieu,A01,Điểm học bạ,2025,33.7,Mạng máy tính và truyền thông dữ liệu
64321,DTT,mang-may-tinh-va-truyen-thong-du-lieu,D01,Điểm học bạ,2025,33.95,Mạng máy tính và truyền thông dữ liệu
64322,DTT,mang-may-tinh-va-truyen-thong-du-lieu,A00,Điểm thi THPT,2025,27.03,Mạng máy tính và truyền thông dữ liệu
64323,DTT,mang-may-tinh-va-truyen-thong-du-lieu,A01,Điểm thi THPT,2025,26.78,Mạng máy tính và truyền thông dữ liệu
64324,DTT,mang-may-tinh-va-truyen-thong-du-lieu,C01,Điểm thi THPT,2025,27.18,Mạng máy tính và truyền thông dữ liệu
64325,DTT,mang-may-tinh-va-truyen-thong-du-lieu,D01,Điểm thi THPT,2025,26.78,Mạng máy tính và truyền thông dữ liệu
64326,DTT,mang-may-tinh-va-truyen-thong-du-lieu,D07,Điểm thi THPT,2025,26.78,Mạng máy tính và truyền thông dữ liệu
64327,DTT,mang-may-tinh-va-truyen-thong-du-lieu,X26,Điểm thi THPT,2025,26.78,Mạng máy tính và truyền thông dữ liệu
64328,DTT,mang-may-tinh-va-truyen-thong-du-lieu-chuong-trinh-tieu-chuan,A00,Điểm thi THPT,2021,33.4,Mạng máy tính và truyền thông dữ liệu - Chương trình tiêu chuẩn
64329,DTT,mang-may-tinh-va-truyen-thong-du-lieu-chuong-trinh-tieu-chuan,A01,Điểm thi THPT,2021,33.4,Mạng máy tính và truyền thông dữ liệu - Chương trình tiêu chuẩn
64330,DTT,mang-may-tinh-va-truyen-thong-du-lieu-chuong-trinh-tieu-chuan,D01,Điểm thi THPT,2021,33.4,Mạng máy tính và truyền thông dữ liệu - Chương trình tiêu chuẩn
64331,DTT,marketing,A00,Điểm thi THPT,2022,34.8,Marketing
64332,DTT,marketing,A01,Điểm thi THPT,2022,34.8,Marketing
64333,DTT,marketing,D01,Điểm thi THPT,2022,34.8,Marketing
64334,DTT,marketing,D01,Điểm học bạ,2023,37.25,Marketing
64335,DTT,marketing,A00,Điểm thi THPT,2023,34.45,Marketing
64336,DTT,marketing,A01,Điểm thi THPT,2023,34.45,Marketing
64337,DTT,marketing,D01,Điểm thi THPT,2023,34.45,Marketing
64338,DTT,marketing,D01,Điểm học bạ,2024,37.5,Marketing
64339,DTT,marketing,A00,Điểm thi THPT,2024,24.0,Marketing
64340,DTT,marketing,A01,Điểm thi THPT,2024,24.0,Marketing
64341,DTT,marketing,D01,Điểm thi THPT,2024,24.0,Marketing
64342,DTT,marketing,D01,Điểm học bạ,2025,37.11,Marketing
64343,DTT,marketing,A00,Điểm thi THPT,2025,31.49,Marketing
64344,DTT,marketing,A01,Điểm thi THPT,2025,31.24,Marketing
64345,DTT,marketing,C01,Điểm thi THPT,2025,31.74,Marketing
64346,DTT,marketing,C02,Điểm thi THPT,2025,31.49,Marketing
64347,DTT,marketing,D01,Điểm thi THPT,2025,31.24,Marketing
64348,DTT,marketing,D07,Điểm thi THPT,2025,31.24,Marketing
64349,DTT,marketing-chat-luong-cao,A00,Điểm thi THPT,2021,35.6,Marketing - Chất lượng cao
64350,DTT,marketing-chat-luong-cao,A01,Điểm thi THPT,2021,35.6,Marketing - Chất lượng cao
64351,DTT,marketing-chat-luong-cao,D01,Điểm thi THPT,2021,35.6,Marketing - Chất lượng cao
64352,DTT,marketing-chat-luong-cao,D01,Điểm học bạ,2023,35.0,Marketing - Chất lượng cao
64353,DTT,marketing-chat-luong-cao,A00,Điểm thi THPT,2023,32.65,Marketing - Chất lượng cao
64354,DTT,marketing-chat-luong-cao,A01,Điểm thi THPT,2023,32.65,Marketing - Chất lượng cao
64355,DTT,marketing-chat-luong-cao,D01,Điểm thi THPT,2023,32.65,Marketing - Chất lượng cao
64356,DTT,marketing-chat-luong-cao,D01,Điểm học bạ,2024,34.0,Marketing - Chất lượng cao
64357,DTT,marketing-chat-luong-cao,A00,Điểm thi THPT,2024,31.3,Marketing - Chất lượng cao
64358,DTT,marketing-chat-luong-cao,A01,Điểm thi THPT,2024,31.3,Marketing - Chất lượng cao
64359,DTT,marketing-chat-luong-cao,D01,Điểm thi THPT,2024,31.3,Marketing - Chất lượng cao
64360,DTT,marketing-chuong-trinh-02-nam-dau-hoc-tai-nha-trang,A00,Điểm thi THPT,2021,34.6,Marketing - Chương trình 02 năm đầu học tại Nha Trang
64361,DTT,marketing-chuong-trinh-02-nam-dau-hoc-tai-nha-trang,A01,Điểm thi THPT,2021,34.6,Marketing - Chương trình 02 năm đầu học tại Nha Trang
64362,DTT,marketing-chuong-trinh-02-nam-dau-hoc-tai-nha-trang,D01,Điểm thi THPT,2021,34.6,Marketing - Chương trình 02 năm đầu học tại Nha Trang
64363,DTT,marketing-chuong-trinh-clc,A00,Điểm thi THPT,2022,33.5,Marketing - chương trình CLC
64364,DTT,marketing-chuong-trinh-clc,A01,Điểm thi THPT,2022,33.5,Marketing - chương trình CLC
64365,DTT,marketing-chuong-trinh-clc,D01,Điểm thi THPT,2022,33.5,Marketing - chương trình CLC
64366,DTT,marketing-chuong-trinh-dai-hoc-bang-tieng-anh,A00,Điểm thi THPT,2021,33.0,Marketing - Chương trình đại học bằng tiếng Anh
64367,DTT,marketing-chuong-trinh-dai-hoc-bang-tieng-anh,A01,Điểm thi THPT,2021,33.0,Marketing - Chương trình đại học bằng tiếng Anh
64368,DTT,marketing-chuong-trinh-dai-hoc-bang-tieng-anh,D01,Điểm thi THPT,2021,33.0,Marketing - Chương trình đại học bằng tiếng Anh
64369,DTT,marketing-chuong-trinh-dai-hoc-bang-tieng-anh,R00,Điểm học bạ,2022,34.0,Marketing - chương trình đại học bằng Tiếng Anh
64370,DTT,marketing-chuong-trinh-dai-hoc-bang-tieng-anh,E01,Điểm thi THPT,2022,27.0,Marketing - chương trình đại học bằng Tiếng Anh
64371,DTT,marketing-chuong-trinh-dai-hoc-bang-tieng-anh,E04,Điểm thi THPT,2022,27.0,Marketing - chương trình đại học bằng Tiếng Anh
64372,DTT,marketing-chuong-trinh-dai-hoc-bang-tieng-anh,A01,Điểm thi THPT,2023,31.5,Marketing - Chương trình đại học bằng tiếng Anh
64373,DTT,marketing-chuong-trinh-dai-hoc-bang-tieng-anh,D01,Điểm thi THPT,2023,31.5,Marketing - Chương trình đại học bằng tiếng Anh
64374,DTT,marketing-chuong-trinh-dai-hoc-bang-tieng-anh,E01,Điểm thi THPT,2023,31.5,Marketing - Chương trình đại học bằng tiếng Anh
64375,DTT,marketing-chuong-trinh-dai-hoc-bang-tieng-anh,E04,Điểm thi THPT,2023,31.5,Marketing - Chương trình đại học bằng tiếng Anh
64376,DTT,marketing-chuong-trinh-dai-hoc-bang-tieng-anh,D01,Điểm học bạ,2024,34.0,Marketing - Chương trình đại học bằng tiếng Anh
64377,DTT,marketing-chuong-trinh-dai-hoc-bang-tieng-anh,A01,Điểm thi THPT,2024,28.0,Marketing - Chương trình đại học bằng tiếng Anh
64378,DTT,marketing-chuong-trinh-dai-hoc-bang-tieng-anh,D01,Điểm thi THPT,2024,28.0,Marketing - Chương trình đại học bằng tiếng Anh
64379,DTT,marketing-chuong-trinh-dai-hoc-bang-tieng-anh,E04,Điểm thi THPT,2024,28.0,Marketing - Chương trình đại học bằng tiếng Anh
64380,DTT,marketing-chuong-trinh-dai-hoc-bang-tieng-anh,E06,Điểm thi THPT,2024,28.0,Marketing - Chương trình đại học bằng tiếng Anh
64381,DTT,marketing-chuong-trinh-dai-hoc-bang-tieng-anh,D01,Điểm học bạ,2025,27.75,Marketing - Chương trình đại học bằng tiếng Anh
64382,DTT,marketing-chuong-trinh-dai-hoc-bang-tieng-anh,A00,Điểm thi THPT,2025,23.5,Marketing - Chương trình đại học bằng tiếng Anh
64383,DTT,marketing-chuong-trinh-dai-hoc-bang-tieng-anh,A01,Điểm thi THPT,2025,23.5,Marketing - Chương trình đại học bằng tiếng Anh
64384,DTT,marketing-chuong-trinh-dai-hoc-bang-tieng-anh,C01,Điểm thi THPT,2025,23.5,Marketing - Chương trình đại học bằng tiếng Anh
64385,DTT,marketing-chuong-trinh-dai-hoc-bang-tieng-anh,C02,Điểm thi THPT,2025,23.5,Marketing - Chương trình đại học bằng tiếng Anh
64386,DTT,marketing-chuong-trinh-dai-hoc-bang-tieng-anh,D01,Điểm thi THPT,2025,23.5,Marketing - Chương trình đại học bằng tiếng Anh
64387,DTT,marketing-chuong-trinh-dai-hoc-bang-tieng-anh,D07,Điểm thi THPT,2025,23.5,Marketing - Chương trình đại học bằng tiếng Anh
64388,DTT,marketing-chuong-trinh-du-bi-dai-hoc-bang-tieng-anh,A01,Điểm thi THPT,2024,28.0,Marketing - Chương trình dự bị đại học bằng tiếng Anh
64389,DTT,marketing-chuong-trinh-du-bi-dai-hoc-bang-tieng-anh,D01,Điểm thi THPT,2024,28.0,Marketing - Chương trình dự bị đại học bằng tiếng Anh
64390,DTT,marketing-chuong-trinh-du-bi-dai-hoc-bang-tieng-anh,D01,Điểm học bạ,2025,28.47,Marketing - Chương trình dự bị đại học bằng tiếng Anh
64391,DTT,marketing-chuong-trinh-du-bi-dai-hoc-bang-tieng-anh,A00,Điểm thi THPT,2025,24.0,Marketing - Chương trình dự bị đại học bằng tiếng Anh
64392,DTT,marketing-chuong-trinh-du-bi-dai-hoc-bang-tieng-anh,A01,Điểm thi THPT,2025,24.0,Marketing - Chương trình dự bị đại học bằng tiếng Anh
64393,DTT,marketing-chuong-trinh-du-bi-dai-hoc-bang-tieng-anh,C01,Điểm thi THPT,2025,24.0,Marketing - Chương trình dự bị đại học bằng tiếng Anh
64394,DTT,marketing-chuong-trinh-du-bi-dai-hoc-bang-tieng-anh,C02,Điểm thi THPT,2025,24.0,Marketing - Chương trình dự bị đại học bằng tiếng Anh
64395,DTT,marketing-chuong-trinh-du-bi-dai-hoc-bang-tieng-anh,D01,Điểm thi THPT,2025,24.0,Marketing - Chương trình dự bị đại học bằng tiếng Anh
64396,DTT,marketing-chuong-trinh-du-bi-dai-hoc-bang-tieng-anh,D07,Điểm thi THPT,2025,24.0,Marketing - Chương trình dự bị đại học bằng tiếng Anh
64397,DTT,marketing-chuong-trinh-hoc-phan-hieu-khanh-hoa,A00,Điểm thi THPT,2022,24.0,Marketing - chương trình học Phân hiệu Khánh Hòa
64398,DTT,marketing-chuong-trinh-hoc-phan-hieu-khanh-hoa,A01,Điểm thi THPT,2022,24.0,Marketing - chương trình học Phân hiệu Khánh Hòa
64399,DTT,marketing-chuong-trinh-hoc-phan-hieu-khanh-hoa,D01,Điểm thi THPT,2022,24.0,Marketing - chương trình học Phân hiệu Khánh Hòa
64400,DTT,marketing-chuong-trinh-hoc-tai-phan-hieu-khanh-hoa,A00,Điểm học bạ,2023,28.0,Marketing - Chương trình học tại Phân hiệu Khánh Hòa
64401,DTT,marketing-chuong-trinh-hoc-tai-phan-hieu-khanh-hoa,A00,Điểm thi THPT,2023,24.0,Marketing - Chương trình học tại phân hiệu Khánh Hòa
64402,DTT,marketing-chuong-trinh-hoc-tai-phan-hieu-khanh-hoa,A01,Điểm thi THPT,2023,24.0,Marketing - Chương trình học tại phân hiệu Khánh Hòa
64403,DTT,marketing-chuong-trinh-hoc-tai-phan-hieu-khanh-hoa,D01,Điểm thi THPT,2023,24.0,Marketing - Chương trình học tại phân hiệu Khánh Hòa
64404,DTT,marketing-chuong-trinh-hoc-tai-phan-hieu-khanh-hoa,D01,Điểm học bạ,2024,27.0,Marketing - Chương trình học tại Phân hiệu Khánh Hòa
64405,DTT,marketing-chuong-trinh-hoc-tai-phan-hieu-khanh-hoa,D01,Điểm học bạ,2025,25.9,Marketing - Chương trình học tại Phân hiệu Khánh Hòa
64406,DTT,marketing-chuong-trinh-hoc-tai-phan-hieu-khanh-hoa,A00,Điểm thi THPT,2025,21.0,Marketing - Chương trình học tại Phân hiệu Khánh Hòa
64407,DTT,marketing-chuong-trinh-hoc-tai-phan-hieu-khanh-hoa,A01,Điểm thi THPT,2025,21.0,Marketing - Chương trình học tại Phân hiệu Khánh Hòa
64408,DTT,marketing-chuong-trinh-hoc-tai-phan-hieu-khanh-hoa,C01,Điểm thi THPT,2025,21.0,Marketing - Chương trình học tại Phân hiệu Khánh Hòa
64409,DTT,marketing-chuong-trinh-hoc-tai-phan-hieu-khanh-hoa,C02,Điểm thi THPT,2025,21.0,Marketing - Chương trình học tại Phân hiệu Khánh Hòa
64410,DTT,marketing-chuong-trinh-hoc-tai-phan-hieu-khanh-hoa,D01,Điểm thi THPT,2025,21.0,Marketing - Chương trình học tại Phân hiệu Khánh Hòa
64411,DTT,marketing-chuong-trinh-hoc-tai-phan-hieu-khanh-hoa,D07,Điểm thi THPT,2025,21.0,Marketing - Chương trình học tại Phân hiệu Khánh Hòa
64412,DTT,marketing-chuong-trinh-tieu-chuan,A00,Điểm thi THPT,2021,36.9,Marketing - Chương trình tiêu chuẩn
64413,DTT,marketing-chuong-trinh-tieu-chuan,A01,Điểm thi THPT,2021,36.9,Marketing - Chương trình tiêu chuẩn
64414,DTT,marketing-chuong-trinh-tieu-chuan,D01,Điểm thi THPT,2021,36.9,Marketing - Chương trình tiêu chuẩn
64415,DTT,ngon-ngu-anh,D01,Điểm thi THPT,2022,34.0,Ngôn ngữ Anh
64416,DTT,ngon-ngu-anh,D11,Điểm thi THPT,2022,34.0,Ngôn ngữ Anh
64417,DTT,ngon-ngu-anh,D01,Điểm học bạ,2023,36.5,Ngôn ngữ Anh
64418,DTT,ngon-ngu-anh,D01,Điểm thi THPT,2023,33.5,Ngôn ngữ Anh
64419,DTT,ngon-ngu-anh,D11,Điểm thi THPT,2023,33.5,Ngôn ngữ Anh
64420,DTT,ngon-ngu-anh,D01,Điểm học bạ,2024,37.0,Ngôn ngữ Anh
64421,DTT,ngon-ngu-anh,D01,Điểm thi THPT,2024,24.0,Ngôn ngữ Anh
64422,DTT,ngon-ngu-anh,D11,Điểm thi THPT,2024,24.0,Ngôn ngữ Anh
64423,DTT,ngon-ngu-anh,D01,Điểm học bạ,2025,36.85,Ngôn ngữ Anh
64424,DTT,ngon-ngu-anh,D11,Điểm học bạ,2025,37.1,Ngôn ngữ Anh
64425,DTT,ngon-ngu-anh,D01,Điểm thi THPT,2025,30.84,Ngôn ngữ Anh
64426,DTT,ngon-ngu-anh,D11,Điểm thi THPT,2025,31.34,Ngôn ngữ Anh
64427,DTT,ngon-ngu-anh-chat-luong-cao,D01,Điểm thi THPT,2021,34.8,Ngôn ngữ Anh - Chất lượng cao
64428,DTT,ngon-ngu-anh-chat-luong-cao,D11,Điểm thi THPT,2021,34.8,Ngôn ngữ Anh - Chất lượng cao
64429,DTT,ngon-ngu-anh-chat-luong-cao,D01,Điểm học bạ,2023,34.0,Ngôn ngữ Anh - Chất lượng cao
64430,DTT,ngon-ngu-anh-chat-luong-cao,D01,Điểm thi THPT,2023,30.8,Ngôn ngữ Anh - Chất lượng cao
64431,DTT,ngon-ngu-anh-chat-luong-cao,D11,Điểm thi THPT,2023,30.8,Ngôn ngữ Anh - Chất lượng cao
64432,DTT,ngon-ngu-anh-chat-luong-cao,D01,Điểm học bạ,2024,33.0,Ngôn ngữ Anh - Chất lượng cao
64433,DTT,ngon-ngu-anh-chat-luong-cao,D01,Điểm thi THPT,2024,30.3,Ngôn ngữ Anh - Chất lượng cao
64434,DTT,ngon-ngu-anh-chat-luong-cao,D11,Điểm thi THPT,2024,30.3,Ngôn ngữ Anh - Chất lượng cao
64435,DTT,ngon-ngu-anh-chuong-trinh-02-nam-dau-hoc-tai-bao-loc,D01,Điểm thi THPT,2021,31.5,Ngôn ngữ Anh - Chương trình 02 năm đầu học tại Bảo Lộc
64436,DTT,ngon-ngu-anh-chuong-trinh-02-nam-dau-hoc-tai-bao-loc,D11,Điểm thi THPT,2021,31.5,Ngôn ngữ Anh - Chương trình 02 năm đầu học tại Bảo Lộc
64437,DTT,ngon-ngu-anh-chuong-trinh-02-nam-dau-hoc-tai-nha-trang,D01,Điểm thi THPT,2021,32.9,Ngôn ngữ Anh - Chương trình 02 năm đầu học tại Nha Trang
64438,DTT,ngon-ngu-anh-chuong-trinh-02-nam-dau-hoc-tai-nha-trang,D11,Điểm thi THPT,2021,32.9,Ngôn ngữ Anh - Chương trình 02 năm đầu học tại Nha Trang
64439,DTT,ngon-ngu-anh-chuong-trinh-clc,D01,Điểm thi THPT,2022,29.9,Ngôn ngữ Anh - chương trình CLC
64440,DTT,ngon-ngu-anh-chuong-trinh-clc,D11,Điểm thi THPT,2022,29.9,Ngôn ngữ Anh - chương trình CLC
64441,DTT,ngon-ngu-anh-chuong-trinh-dai-hoc-bang-tieng-anh,D01,Điểm thi THPT,2021,26.0,Ngôn ngữ Anh - Chương trình đại học bằng tiếng Anh
64442,DTT,ngon-ngu-anh-chuong-trinh-dai-hoc-bang-tieng-anh,D11,Điểm thi THPT,2021,26.0,Ngôn ngữ Anh - Chương trình đại học bằng tiếng Anh
64443,DTT,ngon-ngu-anh-chuong-trinh-dai-hoc-bang-tieng-anh,R00,Điểm học bạ,2022,32.0,Ngôn ngữ Anh - chương trình đại học bằng Tiếng Anh
64444,DTT,ngon-ngu-anh-chuong-trinh-dai-hoc-bang-tieng-anh,E04,Điểm thi THPT,2022,25.0,Ngôn ngữ Anh - chương trình đại học bằng Tiếng Anh
64445,DTT,ngon-ngu-anh-chuong-trinh-dai-hoc-bang-tieng-anh,E04,Điểm thi THPT,2023,25.0,Ngôn ngữ Anh - Chương trình đại học bằng tiếng Anh
64446,DTT,ngon-ngu-anh-chuong-trinh-dai-hoc-bang-tieng-anh,D01,Điểm học bạ,2024,31.0,Ngôn ngữ Anh - Chương trình đại học bằng tiếng Anh
64447,DTT,ngon-ngu-anh-chuong-trinh-dai-hoc-bang-tieng-anh,D01,Điểm thi THPT,2024,25.0,Ngôn ngữ Anh - Chương trình đại học bằng tiếng Anh
64448,DTT,ngon-ngu-anh-chuong-trinh-dai-hoc-bang-tieng-anh,E04,Điểm thi THPT,2024,25.0,Ngôn ngữ Anh - Chương trình đại học bằng tiếng Anh
64449,DTT,ngon-ngu-anh-chuong-trinh-dai-hoc-bang-tieng-anh,D01,Điểm học bạ,2025,28.18,Ngôn ngữ Anh - Chương trình đại học bằng tiếng Anh
64450,DTT,ngon-ngu-anh-chuong-trinh-dai-hoc-bang-tieng-anh,D01,Điểm thi THPT,2025,24.0,Ngôn ngữ Anh - Chương trình đại học bằng tiếng Anh
64451,DTT,ngon-ngu-anh-chuong-trinh-dai-hoc-bang-tieng-anh,D11,Điểm thi THPT,2025,24.0,Ngôn ngữ Anh - Chương trình đại học bằng tiếng Anh
64452,DTT,ngon-ngu-anh-chuong-trinh-hoc-phan-hieu-khanh-hoa,D01,Điểm thi THPT,2022,24.0,Ngôn ngữ Anh - chương trình học Phân hiệu Khánh Hòa
64453,DTT,ngon-ngu-anh-chuong-trinh-hoc-phan-hieu-khanh-hoa,D11,Điểm thi THPT,2022,24.0,Ngôn ngữ Anh - chương trình học Phân hiệu Khánh Hòa
64454,DTT,ngon-ngu-anh-chuong-trinh-hoc-tai-phan-hieu-khanh-hoa,D01,Điểm học bạ,2023,28.0,Ngôn ngữ Anh - Chương trình học tại Phân hiệu Khánh Hòa
64455,DTT,ngon-ngu-anh-chuong-trinh-hoc-tai-phan-hieu-khanh-hoa,D01,Điểm thi THPT,2023,24.0,Ngôn ngữ Anh - Chương trình học tại phân hiệu Khánh Hòa
64456,DTT,ngon-ngu-anh-chuong-trinh-hoc-tai-phan-hieu-khanh-hoa,D11,Điểm thi THPT,2023,24.0,Ngôn ngữ Anh - Chương trình học tại phân hiệu Khánh Hòa
64457,DTT,ngon-ngu-anh-chuong-trinh-hoc-tai-phan-hieu-khanh-hoa,D01,Điểm học bạ,2024,27.0,Ngôn ngữ Anh - Chương trình học tại Phân hiệu Khánh Hòa
64458,DTT,ngon-ngu-anh-chuong-trinh-hoc-tai-phan-hieu-khanh-hoa,A01,Điểm học bạ,2025,25.0,Ngôn ngữ Anh - Chương trình học tại Phân hiệu Khánh Hòa
64459,DTT,ngon-ngu-anh-chuong-trinh-hoc-tai-phan-hieu-khanh-hoa,D01,Điểm học bạ,2025,25.0,Ngôn ngữ Anh - Chương trình học tại Phân hiệu Khánh Hòa
64460,DTT,ngon-ngu-anh-chuong-trinh-hoc-tai-phan-hieu-khanh-hoa,D01,Điểm thi THPT,2025,22.0,Ngôn ngữ Anh - Chương trình học tại Phân hiệu Khánh Hòa
64461,DTT,ngon-ngu-anh-chuong-trinh-hoc-tai-phan-hieu-khanh-hoa,D11,Điểm thi THPT,2025,22.0,Ngôn ngữ Anh - Chương trình học tại Phân hiệu Khánh Hòa
64462,DTT,ngon-ngu-anh-chuong-trinh-lien-ket-dai-hoc-west-of-england-bristol,D01,Điểm học bạ,2025,26.5,"Ngôn ngữ Anh (đơn bằng 3+1) - Chương trình liên kết Đại học West of England, Bristol (Vương Quốc Anh)"
64463,DTT,ngon-ngu-anh-chuong-trinh-lien-ket-dai-hoc-west-of-england-bristol,D01,Điểm thi THPT,2025,23.0,"Ngôn ngữ Anh (đơn bằng 3+1) - Chương trình liên kết Đại học West of England, Bristol (Vương Quốc Anh)"
64464,DTT,ngon-ngu-anh-chuong-trinh-lien-ket-dai-hoc-west-of-england-bristol,D11,Điểm thi THPT,2025,23.0,"Ngôn ngữ Anh (đơn bằng 3+1) - Chương trình liên kết Đại học West of England, Bristol (Vương Quốc Anh)"
64465,DTT,ngon-ngu-anh-chuong-trinh-tieu-chuan,D01,Điểm thi THPT,2021,35.6,Ngôn ngữ Anh - Chương trình tiêu chuẩn
64466,DTT,ngon-ngu-anh-chuong-trinh-tieu-chuan,D11,Điểm thi THPT,2021,35.6,Ngôn ngữ Anh - Chương trình tiêu chuẩn
64467,DTT,ngon-ngu-trung-quoc,D01,Điểm thi THPT,2022,33.0,Ngôn ngữ Trung Quốc
64468,DTT,ngon-ngu-trung-quoc,D04,Điểm thi THPT,2022,33.0,Ngôn ngữ Trung Quốc
64469,DTT,ngon-ngu-trung-quoc,D11,Điểm thi THPT,2022,33.0,Ngôn ngữ Trung Quốc
64470,DTT,ngon-ngu-trung-quoc,D55,Điểm thi THPT,2022,33.0,Ngôn ngữ Trung Quốc
64471,DTT,ngon-ngu-trung-quoc,D01,Điểm học bạ,2023,35.75,Ngôn ngữ Trung Quốc
64472,DTT,ngon-ngu-trung-quoc,D01,Điểm thi THPT,2023,32.2,Ngôn ngữ Trung Quốc
64473,DTT,ngon-ngu-trung-quoc,D04,Điểm thi THPT,2023,32.2,Ngôn ngữ Trung Quốc
64474,DTT,ngon-ngu-trung-quoc,D11,Điểm thi THPT,2023,32.2,Ngôn ngữ Trung Quốc
64475,DTT,ngon-ngu-trung-quoc,D55,Điểm thi THPT,2023,32.2,Ngôn ngữ Trung Quốc
64476,DTT,ngon-ngu-trung-quoc,D01,Điểm học bạ,2024,36.0,Ngôn ngữ Trung Quốc
64477,DTT,ngon-ngu-trung-quoc,D01,Điểm thi THPT,2024,32.5,Ngôn ngữ Trung Quốc
64478,DTT,ngon-ngu-trung-quoc,D04,Điểm thi THPT,2024,32.5,Ngôn ngữ Trung Quốc
64479,DTT,ngon-ngu-trung-quoc,D11,Điểm thi THPT,2024,32.5,Ngôn ngữ Trung Quốc
64480,DTT,ngon-ngu-trung-quoc,D55,Điểm thi THPT,2024,32.5,Ngôn ngữ Trung Quốc
64481,DTT,ngon-ngu-trung-quoc,D01,Điểm học bạ,2025,36.24,Ngôn ngữ Trung Quốc
64482,DTT,ngon-ngu-trung-quoc,D11,Điểm học bạ,2025,36.49,Ngôn ngữ Trung Quốc
64483,DTT,ngon-ngu-trung-quoc,D01,Điểm thi THPT,2025,25.48,Ngôn ngữ Trung Quốc - Chương trình tiên tiến
64484,DTT,ngon-ngu-trung-quoc,D04,Điểm thi THPT,2025,29.9,Ngôn ngữ Trung Quốc
64485,DTT,ngon-ngu-trung-quoc,D11,Điểm thi THPT,2025,30.4,Ngôn ngữ Trung Quốc
64486,DTT,ngon-ngu-trung-quoc,D55,Điểm thi THPT,2025,30.4,Ngôn ngữ Trung Quốc
64487,DTT,ngon-ngu-trung-quoc-chuong-trinh-tieu-chuan,D01,Điểm thi THPT,2021,34.9,Ngôn ngữ Trung Quốc - Chương trình tiêu chuẩn
64488,DTT,ngon-ngu-trung-quoc-chuong-trinh-tieu-chuan,D04,Điểm thi THPT,2021,34.9,Ngôn ngữ Trung Quốc - Chương trình tiêu chuẩn
64489,DTT,ngon-ngu-trung-quoc-chuong-trinh-tieu-chuan,D11,Điểm thi THPT,2021,34.9,Ngôn ngữ Trung Quốc - Chương trình tiêu chuẩn
64490,DTT,ngon-ngu-trung-quoc-chuong-trinh-tieu-chuan,D55,Điểm thi THPT,2021,34.9,Ngôn ngữ Trung Quốc - Chương trình tiêu chuẩn
64491,DTT,quan-ly-du-lich,D01,Điểm học bạ,2025,37.35,Du lịch (Chuyên ngành Quản lý du lịch)
64492,DTT,quan-ly-du-lich,D14,Điểm học bạ,2025,37.85,Du lịch (Chuyên ngành Quản lý du lịch)
64493,DTT,quan-ly-du-lich,C00,Điểm thi THPT,2025,32.8,Du lịch (Chuyên ngành Quản lý du lịch)
64494,DTT,quan-ly-du-lich,C01,Điểm thi THPT,2025,32.55,Du lịch (Chuyên ngành Quản lý du lịch)
64495,DTT,quan-ly-du-lich,C02,Điểm thi THPT,2025,32.3,Du lịch (Chuyên ngành Quản lý du lịch)
64496,DTT,quan-ly-du-lich,C03,Điểm thi THPT,2025,32.55,Du lịch (Chuyên ngành Quản lý du lịch)
64497,DTT,quan-ly-du-lich,C04,Điểm thi THPT,2025,32.55,Du lịch (Chuyên ngành Quản lý du lịch)
64498,DTT,quan-ly-du-lich,D01,Điểm thi THPT,2025,32.05,Du lịch (Chuyên ngành Quản lý du lịch)
64499,DTT,quan-ly-du-lich,D14,Điểm thi THPT,2025,32.55,Du lịch (Chuyên ngành Quản lý du lịch)
64500,DTT,quan-ly-quan-he-lao-dong-chuyen-nganh-hanh-vi-to-chuc,A00,Điểm thi THPT,2022,27.0,"Quan hệ lao động (chuyên ngành Quản lý Quan hệ lao động, chuyên ngành Hành vi tổ chức)"
64501,DTT,quan-ly-quan-he-lao-dong-chuyen-nganh-hanh-vi-to-chuc,A01,Điểm thi THPT,2022,27.0,"Quan hệ lao động (chuyên ngành Quản lý Quan hệ lao động, chuyên ngành Hành vi tổ chức)"
64502,DTT,quan-ly-quan-he-lao-dong-chuyen-nganh-hanh-vi-to-chuc,C01,Điểm thi THPT,2022,27.0,"Quan hệ lao động (chuyên ngành Quản lý Quan hệ lao động, chuyên ngành Hành vi tổ chức)"
64503,DTT,quan-ly-quan-he-lao-dong-chuyen-nganh-hanh-vi-to-chuc,D01,Điểm thi THPT,2022,27.0,"Quan hệ lao động (chuyên ngành Quản lý Quan hệ lao động, chuyên ngành Hành vi tổ chức)"
64504,DTT,quan-ly-quan-he-lao-dong-chuyen-nganh-hanh-vi-to-chuc,D01,Điểm học bạ,2023,28.0,"Quan hệ lao động (Chuyên ngành Quản lý quan hệ lao động, Chuyên ngành Hành vi tổ chức)"
64505,DTT,quan-ly-quan-he-lao-dong-chuyen-nganh-hanh-vi-to-chuc,A00,Điểm thi THPT,2023,24.0,Quan hệ lao động (Chuyên ngành Quản lý quan hệ lao động. Chuyên ngành Hành vi tổ chức)
64506,DTT,quan-ly-quan-he-lao-dong-chuyen-nganh-hanh-vi-to-chuc,A01,Điểm thi THPT,2023,24.0,Quan hệ lao động (Chuyên ngành Quản lý quan hệ lao động. Chuyên ngành Hành vi tổ chức)
64507,DTT,quan-ly-quan-he-lao-dong-chuyen-nganh-hanh-vi-to-chuc,C01,Điểm thi THPT,2023,24.0,Quan hệ lao động (Chuyên ngành Quản lý quan hệ lao động. Chuyên ngành Hành vi tổ chức)
64508,DTT,quan-ly-quan-he-lao-dong-chuyen-nganh-hanh-vi-to-chuc,D01,Điểm thi THPT,2023,24.0,Quan hệ lao động (Chuyên ngành Quản lý quan hệ lao động. Chuyên ngành Hành vi tổ chức)
64509,DTT,quan-ly-quan-he-lao-dong-chuyen-nganh-hanh-vi-to-chuc,D01,Điểm học bạ,2024,28.0,"Quan hệ lao động (Chuyên ngành Quản lý quan hệ lao động, chuyên ngành Hành vi tổ chức)"
64510,DTT,quan-ly-quan-he-lao-dong-chuyen-nganh-hanh-vi-to-chuc,A00,Điểm thi THPT,2024,25.0,Quan hệ lao động (Chuyên ngành Quản lý quan hệ lao động. Chuyên ngành Hành vi tổ chức)
64511,DTT,quan-ly-quan-he-lao-dong-chuyen-nganh-hanh-vi-to-chuc,A01,Điểm thi THPT,2024,25.0,Quan hệ lao động (Chuyên ngành Quản lý quan hệ lao động. Chuyên ngành Hành vi tổ chức)
64512,DTT,quan-ly-quan-he-lao-dong-chuyen-nganh-hanh-vi-to-chuc,C01,Điểm thi THPT,2024,25.0,Quan hệ lao động (Chuyên ngành Quản lý quan hệ lao động. Chuyên ngành Hành vi tổ chức)
64513,DTT,quan-ly-quan-he-lao-dong-chuyen-nganh-hanh-vi-to-chuc,D01,Điểm thi THPT,2024,25.0,Quan hệ lao động (Chuyên ngành Quản lý quan hệ lao động. Chuyên ngành Hành vi tổ chức)
64514,DTT,quan-ly-quan-he-lao-dong-chuyen-nganh-hanh-vi-to-chuc,A01,Điểm học bạ,2025,27.65,"Quan hệ lao động (Chuyên ngành Quản lý quan hệ lao động, Chuyên ngành Hành vi tổ chức)"
64515,DTT,quan-ly-quan-he-lao-dong-chuyen-nganh-hanh-vi-to-chuc,D01,Điểm học bạ,2025,27.65,"Quan hệ lao động (Chuyên ngành Quản lý quan hệ lao động, Chuyên ngành Hành vi tổ chức)"
64516,DTT,quan-ly-quan-he-lao-dong-chuyen-nganh-hanh-vi-to-chuc,D07,Điểm học bạ,2025,27.65,"Quan hệ lao động (Chuyên ngành Quản lý quan hệ lao động, Chuyên ngành Hành vi tổ chức)"
64517,DTT,quan-ly-quan-he-lao-dong-chuyen-nganh-hanh-vi-to-chuc,A00,Điểm thi THPT,2025,23.55,"Quan hệ lao động (Chuyên ngành Quản lý quan hệ lao động, Chuyên ngành Hành vi tổ chức)"
64518,DTT,quan-ly-quan-he-lao-dong-chuyen-nganh-hanh-vi-to-chuc,A01,Điểm thi THPT,2025,23.3,"Quan hệ lao động (Chuyên ngành Quản lý quan hệ lao động, Chuyên ngành Hành vi tổ chức)"
64519,DTT,quan-ly-quan-he-lao-dong-chuyen-nganh-hanh-vi-to-chuc,C01,Điểm thi THPT,2025,23.8,"Quan hệ lao động (Chuyên ngành Quản lý quan hệ lao động, Chuyên ngành Hành vi tổ chức)"
64520,DTT,quan-ly-quan-he-lao-dong-chuyen-nganh-hanh-vi-to-chuc,C02,Điểm thi THPT,2025,23.55,"Quan hệ lao động (Chuyên ngành Quản lý quan hệ lao động, Chuyên ngành Hành vi tổ chức)"
64521,DTT,quan-ly-quan-he-lao-dong-chuyen-nganh-hanh-vi-to-chuc,D01,Điểm thi THPT,2025,23.3,"Quan hệ lao động (Chuyên ngành Quản lý quan hệ lao động, Chuyên ngành Hành vi tổ chức)"
64522,DTT,quan-ly-quan-he-lao-dong-chuyen-nganh-hanh-vi-to-chuc,D07,Điểm thi THPT,2025,23.3,"Quan hệ lao động (Chuyên ngành Quản lý quan hệ lao động, Chuyên ngành Hành vi tổ chức)"
64523,DTT,quan-ly-quan-he-lao-dong-chuyen-nganh-hanh-vi-to-chuc-chuong-trinh-tieu-chuan,A00,Điểm thi THPT,2021,32.5,"Quan hệ lao động (Chuyên ngành Quản lý quan hệ lao động, chuyên ngành Hành vi tổ chức) - Chương trình tiêu chuẩn"
64524,DTT,quan-ly-quan-he-lao-dong-chuyen-nganh-hanh-vi-to-chuc-chuong-trinh-tieu-chuan,A01,Điểm thi THPT,2021,32.5,"Quan hệ lao động (Chuyên ngành Quản lý quan hệ lao động, chuyên ngành Hành vi tổ chức) - Chương trình tiêu chuẩn"
64525,DTT,quan-ly-quan-he-lao-dong-chuyen-nganh-hanh-vi-to-chuc-chuong-trinh-tieu-chuan,C01,Điểm thi THPT,2021,32.5,"Quan hệ lao động (Chuyên ngành Quản lý quan hệ lao động, chuyên ngành Hành vi tổ chức) - Chương trình tiêu chuẩn"
64526,DTT,quan-ly-quan-he-lao-dong-chuyen-nganh-hanh-vi-to-chuc-chuong-trinh-tieu-chuan,D01,Điểm thi THPT,2021,32.5,"Quan hệ lao động (Chuyên ngành Quản lý quan hệ lao động, chuyên ngành Hành vi tổ chức) - Chương trình tiêu chuẩn"
64527,DTT,quan-ly-xay-dung,A00,Điểm thi THPT,2023,23.0,Quản lý xây dựng
64528,DTT,quan-ly-xay-dung,A01,Điểm thi THPT,2023,23.0,Quản lý xây dựng
64529,DTT,quan-ly-xay-dung,C01,Điểm thi THPT,2023,23.0,Quản lý xây dựng
64530,DTT,quan-ly-xay-dung,A01,Điểm học bạ,2024,26.5,Quản lý xây dựng
64531,DTT,quan-ly-xay-dung,A00,Điểm thi THPT,2024,23.0,Quản lý xây dựng
64532,DTT,quan-ly-xay-dung,A01,Điểm thi THPT,2024,23.0,Quản lý xây dựng
64533,DTT,quan-ly-xay-dung,C01,Điểm thi THPT,2024,23.0,Quản lý xây dựng
64534,DTT,quan-ly-xay-dung,A01,Điểm học bạ,2025,28.51,Quản lý xây dựng
64535,DTT,quan-ly-xay-dung,D01,Điểm học bạ,2025,28.51,Quản lý xây dựng
64536,DTT,quan-ly-xay-dung,A00,Điểm thi THPT,2025,24.45,Quản lý xây dựng
64537,DTT,quan-ly-xay-dung,A01,Điểm thi THPT,2025,24.2,Quản lý xây dựng
64538,DTT,quan-ly-xay-dung,C01,Điểm thi THPT,2025,24.6,Quản lý xây dựng
64539,DTT,quan-ly-xay-dung,C02,Điểm thi THPT,2025,24.45,Quản lý xây dựng
64540,DTT,quan-ly-xay-dung,D01,Điểm thi THPT,2025,24.2,Quản lý xây dựng
64541,DTT,quan-ly-xay-dung,X06,Điểm thi THPT,2025,24.6,Quản lý xây dựng
64542,DTT,quan-ly-xay-dung-chuong-trinh-hoc-tai-phan-hieu-khanh-hoa,A01,Điểm học bạ,2025,24.0,Quản lý xây dựng - Chương trình học tại Phân hiệu Khánh Hòa
64543,DTT,quan-ly-xay-dung-chuong-trinh-hoc-tai-phan-hieu-khanh-hoa,D01,Điểm học bạ,2025,24.0,Quản lý xây dựng - Chương trình học tại Phân hiệu Khánh Hòa
64544,DTT,quan-ly-xay-dung-chuong-trinh-hoc-tai-phan-hieu-khanh-hoa,A00,Điểm thi THPT,2025,20.0,Quản lý xây dựng - Chương trình học tại Phân hiệu Khánh Hòa
64545,DTT,quan-ly-xay-dung-chuong-trinh-hoc-tai-phan-hieu-khanh-hoa,A01,Điểm thi THPT,2025,20.0,Quản lý xây dựng - Chương trình học tại Phân hiệu Khánh Hòa
64546,DTT,quan-ly-xay-dung-chuong-trinh-hoc-tai-phan-hieu-khanh-hoa,C01,Điểm thi THPT,2025,20.0,Quản lý xây dựng - Chương trình học tại Phân hiệu Khánh Hòa
64547,DTT,quan-ly-xay-dung-chuong-trinh-hoc-tai-phan-hieu-khanh-hoa,C02,Điểm thi THPT,2025,20.0,Quản lý xây dựng - Chương trình học tại Phân hiệu Khánh Hòa
64548,DTT,quan-ly-xay-dung-chuong-trinh-hoc-tai-phan-hieu-khanh-hoa,D01,Điểm thi THPT,2025,20.0,Quản lý xây dựng - Chương trình học tại Phân hiệu Khánh Hòa
64549,DTT,quan-ly-xay-dung-chuong-trinh-hoc-tai-phan-hieu-khanh-hoa,X06,Điểm thi THPT,2025,20.0,Quản lý xây dựng - Chương trình học tại Phân hiệu Khánh Hòa
64550,DTT,quan-tri-chuoi-cung-ung,D01,Điểm học bạ,2025,35.88,Quản trị kinh doanh (Chuyên ngành Quản trị chuỗi cung ứng)
64551,DTT,quan-tri-chuoi-cung-ung,A00,Điểm thi THPT,2025,29.3,Quản trị kinh doanh (Chuyên ngành Quản trị chuỗi cung ứng)
64552,DTT,quan-tri-chuoi-cung-ung,A01,Điểm thi THPT,2025,29.05,Quản trị kinh doanh (Chuyên ngành Quản trị chuỗi cung ứng)
64553,DTT,quan-tri-chuoi-cung-ung,C01,Điểm thi THPT,2025,29.55,Quản trị kinh doanh (Chuyên ngành Quản trị chuỗi cung ứng)
64554,DTT,quan-tri-chuoi-cung-ung,C02,Điểm thi THPT,2025,29.3,Quản trị kinh doanh (Chuyên ngành Quản trị chuỗi cung ứng)
64555,DTT,quan-tri-chuoi-cung-ung,D01,Điểm thi THPT,2025,29.05,Quản trị kinh doanh (Chuyên ngành Quản trị chuỗi cung ứng)
64556,DTT,quan-tri-chuoi-cung-ung,D07,Điểm thi THPT,2025,29.05,Quản trị kinh doanh (Chuyên ngành Quản trị chuỗi cung ứng)
64557,DTT,quan-tri-kinh-doanh,A00,Điểm thi THPT,2022,33.6,Quản trị kinh doanh (chuyên ngành: Quản trị nguồn nhân lực)
64558,DTT,quan-tri-kinh-doanh,A01,Điểm thi THPT,2022,33.6,Quản trị kinh doanh (chuyên ngành: Quản trị nguồn nhân lực)
64559,DTT,quan-tri-kinh-doanh,D01,Điểm thi THPT,2022,33.6,Quản trị kinh doanh (chuyên ngành: Quản trị nguồn nhân lực)
64560,DTT,quan-tri-kinh-doanh,D01,Điểm học bạ,2023,36.5,Quản trị kinh doanh (Chuyên ngành: Quản trị nguồn nhân lực)
64561,DTT,quan-tri-kinh-doanh,A00,Điểm thi THPT,2023,33.45,Quản trị kinh doanh (Chuyên ngành: Quản trị nguồn nhân lực)
64562,DTT,quan-tri-kinh-doanh,A01,Điểm thi THPT,2023,33.45,Quản trị kinh doanh (Chuyên ngành: Quản trị nguồn nhân lực)
64563,DTT,quan-tri-kinh-doanh,D01,Điểm thi THPT,2023,33.45,Quản trị kinh doanh (Chuyên ngành: Quản trị nguồn nhân lực)
64564,DTT,quan-tri-kinh-doanh-chat-luong-cao,A00,Điểm thi THPT,2021,35.3,Quản trị kinh doanh (Chuyên ngành: Quản trị nguồn nhân lực) - Chất lượng cao
64565,DTT,quan-tri-kinh-doanh-chat-luong-cao,A01,Điểm thi THPT,2021,35.3,Quản trị kinh doanh (Chuyên ngành: Quản trị nguồn nhân lực) - Chất lượng cao
64566,DTT,quan-tri-kinh-doanh-chat-luong-cao,D01,Điểm thi THPT,2021,35.3,Quản trị kinh doanh (Chuyên ngành: Quản trị nguồn nhân lực) - Chất lượng cao
64567,DTT,quan-tri-kinh-doanh-chat-luong-cao,D01,Điểm học bạ,2023,34.0,Quản trị kinh doanh (Chuyên ngành: Quản trị nguồn nhân lực) - Chất lượng cao
64568,DTT,quan-tri-kinh-doanh-chat-luong-cao,A00,Điểm thi THPT,2023,31.55,Quản trị kinh doanh (Chuyên ngành: Quản trị nguồn nhân lực) - Chất lượng cao
64569,DTT,quan-tri-kinh-doanh-chat-luong-cao,A01,Điểm thi THPT,2023,31.55,Quản trị kinh doanh (Chuyên ngành: Quản trị nguồn nhân lực) - Chất lượng cao
64570,DTT,quan-tri-kinh-doanh-chat-luong-cao,D01,Điểm thi THPT,2023,31.55,Quản trị kinh doanh (Chuyên ngành: Quản trị nguồn nhân lực) - Chất lượng cao
64571,DTT,quan-tri-kinh-doanh-chuong-trinh-02-nam-dau-hoc-tai-bao-loc,A00,Điểm thi THPT,2021,28.0,Quản trị kinh doanh (Chuyên ngành: Quản trị nhà hàng - khách sạn) - Chương trình 02 năm đầu học tại Bảo Lộc
64572,DTT,quan-tri-kinh-doanh-chuong-trinh-02-nam-dau-hoc-tai-bao-loc,A01,Điểm thi THPT,2021,28.0,Quản trị kinh doanh (Chuyên ngành: Quản trị nhà hàng - khách sạn) - Chương trình 02 năm đầu học tại Bảo Lộc
64573,DTT,quan-tri-kinh-doanh-chuong-trinh-02-nam-dau-hoc-tai-bao-loc,D01,Điểm thi THPT,2021,28.0,Quản trị kinh doanh (Chuyên ngành: Quản trị nhà hàng - khách sạn) - Chương trình 02 năm đầu học tại Bảo Lộc
64574,DTT,quan-tri-kinh-doanh-chuong-trinh-02-nam-dau-hoc-tai-nha-trang,A00,Điểm thi THPT,2021,31.0,Quản trị kinh doanh (Chuyên ngành: Quản trị nhà hàng - khách sạn) - Chương trình 02 năm đầu học tại Nha Trang
64575,DTT,quan-tri-kinh-doanh-chuong-trinh-02-nam-dau-hoc-tai-nha-trang,A01,Điểm thi THPT,2021,31.0,Quản trị kinh doanh (Chuyên ngành: Quản trị nhà hàng - khách sạn) - Chương trình 02 năm đầu học tại Nha Trang
64576,DTT,quan-tri-kinh-doanh-chuong-trinh-02-nam-dau-hoc-tai-nha-trang,D01,Điểm thi THPT,2021,31.0,Quản trị kinh doanh (Chuyên ngành: Quản trị nhà hàng - khách sạn) - Chương trình 02 năm đầu học tại Nha Trang
64577,DTT,quan-tri-kinh-doanh-chuong-trinh-clc,A00,Điểm thi THPT,2022,32.7,Quản trị kinh doanh (chuyên ngành: Quản trị nguồn nhân lực) - chương trình CLC
64578,DTT,quan-tri-kinh-doanh-chuong-trinh-clc,A01,Điểm thi THPT,2022,32.7,Quản trị kinh doanh (chuyên ngành: Quản trị nguồn nhân lực) - chương trình CLC
64579,DTT,quan-tri-kinh-doanh-chuong-trinh-clc,D01,Điểm thi THPT,2022,32.7,Quản trị kinh doanh (chuyên ngành: Quản trị nguồn nhân lực) - chương trình CLC
64580,DTT,quan-tri-kinh-doanh-chuong-trinh-dai-hoc-bang-tieng-anh,A00,Điểm thi THPT,2021,28.0,Quản trị kinh doanh (Chuyên ngành: Quản trị nhà hàng - khách sạn) - Chương trình đại học bằng tiếng Anh
64581,DTT,quan-tri-kinh-doanh-chuong-trinh-dai-hoc-bang-tieng-anh,A01,Điểm thi THPT,2021,28.0,Quản trị kinh doanh (Chuyên ngành: Quản trị nhà hàng - khách sạn) - Chương trình đại học bằng tiếng Anh
64582,DTT,quan-tri-kinh-doanh-chuong-trinh-dai-hoc-bang-tieng-anh,D01,Điểm thi THPT,2021,28.0,Quản trị kinh doanh (Chuyên ngành: Quản trị nhà hàng - khách sạn) - Chương trình đại học bằng tiếng Anh
64583,DTT,quan-tri-kinh-doanh-chuong-trinh-dai-hoc-bang-tieng-anh,R00,Điểm học bạ,2022,30.0,Quản trị kinh doanh (chuyên ngành: Quản trị nhà hàng - khách sạn) - chương trình đại học bằng Tiếng Anh
64584,DTT,quan-tri-kinh-doanh-chuong-trinh-dai-hoc-bang-tieng-anh,E01,Điểm thi THPT,2022,27.0,Quản trị kinh doanh (chuyên ngành: Quản trị nhà hàng - khách sạn) - chương trình đại học bằng Tiếng Anh
64585,DTT,quan-tri-kinh-doanh-chuong-trinh-dai-hoc-bang-tieng-anh,E04,Điểm thi THPT,2022,27.0,Quản trị kinh doanh (chuyên ngành: Quản trị nhà hàng - khách sạn) - chương trình đại học bằng Tiếng Anh
64586,DTT,quan-tri-kinh-doanh-chuong-trinh-dai-hoc-bang-tieng-anh,A01,Điểm thi THPT,2023,28.0,Quản trị kinh doanh (Chuyên ngành: Quản trị nhà hàng - khách sạn) - Chương trình đại học bằng tiếng Anh
64587,DTT,quan-tri-kinh-doanh-chuong-trinh-dai-hoc-bang-tieng-anh,D01,Điểm thi THPT,2023,28.0,Quản trị kinh doanh (Chuyên ngành: Quản trị nhà hàng - khách sạn) - Chương trình đại học bằng tiếng Anh
64588,DTT,quan-tri-kinh-doanh-chuong-trinh-dai-hoc-bang-tieng-anh,E01,Điểm thi THPT,2023,28.0,Quản trị kinh doanh (Chuyên ngành: Quản trị nhà hàng - khách sạn) - Chương trình đại học bằng tiếng Anh
64589,DTT,quan-tri-kinh-doanh-chuong-trinh-dai-hoc-bang-tieng-anh,E04,Điểm thi THPT,2023,28.0,Quản trị kinh doanh (Chuyên ngành: Quản trị nhà hàng - khách sạn) - Chương trình đại học bằng tiếng Anh
64590,DTT,quan-tri-kinh-doanh-chuong-trinh-dai-hoc-bang-tieng-anh,D01,Điểm học bạ,2025,27.5,Quản trị kinh doanh (Chuyên ngành: Quản trị nhà hàng - khách sạn) - Chương trình đại học bằng tiếng Anh
64591,DTT,quan-tri-kinh-doanh-chuong-trinh-dai-hoc-bang-tieng-anh,A00,Điểm thi THPT,2025,23.0,Quản trị kinh doanh (Chuyên ngành: Quản trị nhà hàng - khách sạn) - Chương trình đại học bằng tiếng Anh
64592,DTT,quan-tri-kinh-doanh-chuong-trinh-dai-hoc-bang-tieng-anh,A01,Điểm thi THPT,2025,23.0,Quản trị kinh doanh (Chuyên ngành: Quản trị nhà hàng - khách sạn) - Chương trình đại học bằng tiếng Anh
64593,DTT,quan-tri-kinh-doanh-chuong-trinh-dai-hoc-bang-tieng-anh,C01,Điểm thi THPT,2025,23.0,Quản trị kinh doanh (Chuyên ngành: Quản trị nhà hàng - khách sạn) - Chương trình đại học bằng tiếng Anh
64594,DTT,quan-tri-kinh-doanh-chuong-trinh-dai-hoc-bang-tieng-anh,C02,Điểm thi THPT,2025,23.0,Quản trị kinh doanh (Chuyên ngành: Quản trị nhà hàng - khách sạn) - Chương trình đại học bằng tiếng Anh
64595,DTT,quan-tri-kinh-doanh-chuong-trinh-dai-hoc-bang-tieng-anh,D01,Điểm thi THPT,2025,23.0,Quản trị kinh doanh (Chuyên ngành: Quản trị nhà hàng - khách sạn) - Chương trình đại học bằng tiếng Anh
64596,DTT,quan-tri-kinh-doanh-chuong-trinh-dai-hoc-bang-tieng-anh,D07,Điểm thi THPT,2025,23.0,Quản trị kinh doanh (Chuyên ngành: Quản trị nhà hàng - khách sạn) - Chương trình đại học bằng tiếng Anh
64597,DTT,quan-tri-kinh-doanh-chuong-trinh-du-bi-dai-hoc-bang-tieng-anh,D01,Điểm học bạ,2025,27.5,Quản trị kinh doanh (Chuyên ngành: Quản trị nhà hàng - khách sạn) - Chương trình dự bị đại học bằng tiếng Anh
64598,DTT,quan-tri-kinh-doanh-chuong-trinh-du-bi-dai-hoc-bang-tieng-anh,A00,Điểm thi THPT,2025,23.0,Quản trị kinh doanh (Chuyên ngành: Quản trị nhà hàng - khách sạn) - Chương trình dự bị đại học bằng tiếng Anh
64599,DTT,quan-tri-kinh-doanh-chuong-trinh-du-bi-dai-hoc-bang-tieng-anh,A01,Điểm thi THPT,2025,23.0,Quản trị kinh doanh (Chuyên ngành: Quản trị nhà hàng - khách sạn) - Chương trình dự bị đại học bằng tiếng Anh
64600,DTT,quan-tri-kinh-doanh-chuong-trinh-du-bi-dai-hoc-bang-tieng-anh,C01,Điểm thi THPT,2025,23.0,Quản trị kinh doanh (Chuyên ngành: Quản trị nhà hàng - khách sạn) - Chương trình dự bị đại học bằng tiếng Anh
64601,DTT,quan-tri-kinh-doanh-chuong-trinh-du-bi-dai-hoc-bang-tieng-anh,C02,Điểm thi THPT,2025,23.0,Quản trị kinh doanh (Chuyên ngành: Quản trị nhà hàng - khách sạn) - Chương trình dự bị đại học bằng tiếng Anh
64602,DTT,quan-tri-kinh-doanh-chuong-trinh-du-bi-dai-hoc-bang-tieng-anh,D01,Điểm thi THPT,2025,23.0,Quản trị kinh doanh (Chuyên ngành: Quản trị nhà hàng - khách sạn) - Chương trình dự bị đại học bằng tiếng Anh
64603,DTT,quan-tri-kinh-doanh-chuong-trinh-du-bi-dai-hoc-bang-tieng-anh,D07,Điểm thi THPT,2025,23.0,Quản trị kinh doanh (Chuyên ngành: Quản trị nhà hàng - khách sạn) - Chương trình dự bị đại học bằng tiếng Anh
64604,DTT,quan-tri-kinh-doanh-chuong-trinh-du-bi-lien-ket-dai-hoc-lunghwa,A01,Điểm thi THPT,2024,28.0,Quản trị kinh doanh (đơn bằng 3+1) – Chương trình dự bị liên kết Đại học Lunghwa (Đài Loan)
64605,DTT,quan-tri-kinh-doanh-chuong-trinh-du-bi-lien-ket-dai-hoc-lunghwa,D01,Điểm thi THPT,2024,28.0,Quản trị kinh doanh (đơn bằng 3+1) – Chương trình dự bị liên kết Đại học Lunghwa (Đài Loan)
64606,DTT,quan-tri-kinh-doanh-chuong-trinh-du-bi-lien-ket-dai-hoc-lunghwa,D01,Điểm học bạ,2025,25.9,Quản trị kinh doanh (đơn bằng 3+1) – Chương trình dự bị liên kết Đại học Lunghwa (Đài Loan)
64607,DTT,quan-tri-kinh-doanh-chuong-trinh-du-bi-lien-ket-dai-hoc-lunghwa,A00,Điểm thi THPT,2025,21.0,Quản trị kinh doanh (đơn bằng 3+1) – Chương trình dự bị liên kết Đại học Lunghwa (Đài Loan)
64608,DTT,quan-tri-kinh-doanh-chuong-trinh-du-bi-lien-ket-dai-hoc-lunghwa,A01,Điểm thi THPT,2025,21.0,Quản trị kinh doanh (đơn bằng 3+1) – Chương trình dự bị liên kết Đại học Lunghwa (Đài Loan)
64609,DTT,quan-tri-kinh-doanh-chuong-trinh-du-bi-lien-ket-dai-hoc-lunghwa,C01,Điểm thi THPT,2025,21.0,Quản trị kinh doanh (đơn bằng 3+1) – Chương trình dự bị liên kết Đại học Lunghwa (Đài Loan)
64610,DTT,quan-tri-kinh-doanh-chuong-trinh-du-bi-lien-ket-dai-hoc-lunghwa,C02,Điểm thi THPT,2025,21.0,Quản trị kinh doanh (đơn bằng 3+1) – Chương trình dự bị liên kết Đại học Lunghwa (Đài Loan)
64611,DTT,quan-tri-kinh-doanh-chuong-trinh-du-bi-lien-ket-dai-hoc-lunghwa,D01,Điểm thi THPT,2025,21.0,Quản trị kinh doanh (đơn bằng 3+1) – Chương trình dự bị liên kết Đại học Lunghwa (Đài Loan)
64612,DTT,quan-tri-kinh-doanh-chuong-trinh-du-bi-lien-ket-dai-hoc-lunghwa,D07,Điểm thi THPT,2025,21.0,Quản trị kinh doanh (đơn bằng 3+1) – Chương trình dự bị liên kết Đại học Lunghwa (Đài Loan)
64613,DTT,quan-tri-kinh-doanh-chuong-trinh-du-bi-truong-dai-hoc-kinh-te-va-kinh-doanh-praha,D01,Điểm học bạ,2025,25.9,Quản trị kinh doanh (song bằng 2+2) - Chương trình dự bị Trường Đại học Kinh tế và Kinh doanh Praha (Cộng Hòa Séc)
64614,DTT,quan-tri-kinh-doanh-chuong-trinh-du-bi-truong-dai-hoc-kinh-te-va-kinh-doanh-praha,A00,Điểm thi THPT,2025,21.0,Quản trị kinh doanh (song bằng 2+2) - Chương trình dự bị Trường Đại học Kinh tế và Kinh doanh Praha (Cộng Hòa Séc)
64615,DTT,quan-tri-kinh-doanh-chuong-trinh-du-bi-truong-dai-hoc-kinh-te-va-kinh-doanh-praha,A01,Điểm thi THPT,2025,21.0,Quản trị kinh doanh (song bằng 2+2) - Chương trình dự bị Trường Đại học Kinh tế và Kinh doanh Praha (Cộng Hòa Séc)
64616,DTT,quan-tri-kinh-doanh-chuong-trinh-du-bi-truong-dai-hoc-kinh-te-va-kinh-doanh-praha,C01,Điểm thi THPT,2025,21.0,Quản trị kinh doanh (song bằng 2+2) - Chương trình dự bị Trường Đại học Kinh tế và Kinh doanh Praha (Cộng Hòa Séc)
64617,DTT,quan-tri-kinh-doanh-chuong-trinh-du-bi-truong-dai-hoc-kinh-te-va-kinh-doanh-praha,C02,Điểm thi THPT,2025,21.0,Quản trị kinh doanh (song bằng 2+2) - Chương trình dự bị Trường Đại học Kinh tế và Kinh doanh Praha (Cộng Hòa Séc)
64618,DTT,quan-tri-kinh-doanh-chuong-trinh-du-bi-truong-dai-hoc-kinh-te-va-kinh-doanh-praha,D01,Điểm thi THPT,2025,21.0,Quản trị kinh doanh (song bằng 2+2) - Chương trình dự bị Trường Đại học Kinh tế và Kinh doanh Praha (Cộng Hòa Séc)
64619,DTT,quan-tri-kinh-doanh-chuong-trinh-du-bi-truong-dai-hoc-kinh-te-va-kinh-doanh-praha,D07,Điểm thi THPT,2025,21.0,Quản trị kinh doanh (song bằng 2+2) - Chương trình dự bị Trường Đại học Kinh tế và Kinh doanh Praha (Cộng Hòa Séc)
64620,DTT,quan-tri-kinh-doanh-chuong-trinh-hoc-phan-hieu-khanh-hoa,A00,Điểm thi THPT,2022,24.0,Quản trị kinh doanh (chuyên ngành: Quản trị nhà hàng - khách sạn) - chương trình học Phân hiệu Khánh Hòa
64621,DTT,quan-tri-kinh-doanh-chuong-trinh-hoc-phan-hieu-khanh-hoa,A01,Điểm thi THPT,2022,24.0,Quản trị kinh doanh (chuyên ngành: Quản trị nhà hàng - khách sạn) - chương trình học Phân hiệu Khánh Hòa
64622,DTT,quan-tri-kinh-doanh-chuong-trinh-hoc-phan-hieu-khanh-hoa,D01,Điểm thi THPT,2022,24.0,Quản trị kinh doanh (chuyên ngành: Quản trị nhà hàng - khách sạn) - chương trình học Phân hiệu Khánh Hòa
64623,DTT,quan-tri-kinh-doanh-chuong-trinh-hoc-tai-phan-hieu-khanh-hoa,D01,Điểm học bạ,2023,28.0,Quản trị kinh doanh (Chuyên ngành: Quản trị nhà hàng - khách sạn) - Chương trình học tại Phân hiệu Khánh Hòa
64624,DTT,quan-tri-kinh-doanh-chuong-trinh-hoc-tai-phan-hieu-khanh-hoa,A00,Điểm thi THPT,2023,24.0,Quản trị kinh doanh (Chuyên ngành: Quản trị nhà hàng - khách sạn) - Chương trình học tại phân hiệu Khánh Hòa
64625,DTT,quan-tri-kinh-doanh-chuong-trinh-hoc-tai-phan-hieu-khanh-hoa,A01,Điểm thi THPT,2023,24.0,Quản trị kinh doanh (Chuyên ngành: Quản trị nhà hàng - khách sạn) - Chương trình học tại phân hiệu Khánh Hòa
64626,DTT,quan-tri-kinh-doanh-chuong-trinh-hoc-tai-phan-hieu-khanh-hoa,D01,Điểm thi THPT,2023,24.0,Quản trị kinh doanh (Chuyên ngành: Quản trị nhà hàng - khách sạn) - Chương trình học tại phân hiệu Khánh Hòa
64627,DTT,quan-tri-kinh-doanh-chuong-trinh-lien-ket-dai-hoc-kinh-te-praha,R00,Điểm học bạ,2022,28.0,Quản trị kinh doanh (song bằng 2+2) - chương trình liên kết Đại học Kinh tế Praha (Cộng hòa Séc)
64628,DTT,quan-tri-kinh-doanh-chuong-trinh-lien-ket-dai-hoc-kinh-te-praha,E01,Điểm thi THPT,2022,24.0,Quản trị kinh doanh (song bằng 2+2) - chương trình liên kết Đại học Kinh tế Praha (Cộng hòa Séc)
64629,DTT,quan-tri-kinh-doanh-chuong-trinh-lien-ket-dai-hoc-kinh-te-praha,E04,Điểm thi THPT,2022,24.0,Quản trị kinh doanh (song bằng 2+2) - chương trình liên kết Đại học Kinh tế Praha (Cộng hòa Séc)
64630,DTT,quan-tri-kinh-doanh-chuong-trinh-lien-ket-dai-hoc-kinh-te-praha,A01,Điểm thi THPT,2023,28.0,Quản trị kinh doanh (song bằng. 2+2) - Chương trình liên kết Đại học Kinh tế Praha (Cộng hòa Séc)
64631,DTT,quan-tri-kinh-doanh-chuong-trinh-lien-ket-dai-hoc-kinh-te-praha,D01,Điểm thi THPT,2023,28.0,Quản trị kinh doanh (song bằng. 2+2) - Chương trình liên kết Đại học Kinh tế Praha (Cộng hòa Séc)
64632,DTT,quan-tri-kinh-doanh-chuong-trinh-lien-ket-dai-hoc-kinh-te-praha,E01,Điểm thi THPT,2023,28.0,Quản trị kinh doanh (song bằng. 2+2) - Chương trình liên kết Đại học Kinh tế Praha (Cộng hòa Séc)
64633,DTT,quan-tri-kinh-doanh-chuong-trinh-lien-ket-dai-hoc-kinh-te-praha,E04,Điểm thi THPT,2023,28.0,Quản trị kinh doanh (song bằng. 2+2) - Chương trình liên kết Đại học Kinh tế Praha (Cộng hòa Séc)
64634,DTT,quan-tri-kinh-doanh-chuong-trinh-lien-ket-dai-hoc-kinh-te-praha,A01,Điểm thi THPT,2024,28.0,Quản trị kinh doanh (song bằng 2+2) - Chương trình liên kết Đại học Kinh tế Praha (Cộng hòa Séc)
64635,DTT,quan-tri-kinh-doanh-chuong-trinh-lien-ket-dai-hoc-kinh-te-praha,D01,Điểm thi THPT,2024,28.0,Quản trị kinh doanh (song bằng 2+2) - Chương trình liên kết Đại học Kinh tế Praha (Cộng hòa Séc)
64636,DTT,quan-tri-kinh-doanh-chuong-trinh-lien-ket-dai-hoc-kinh-te-praha,E04,Điểm thi THPT,2024,28.0,Quản trị kinh doanh (song bằng 2+2) - Chương trình liên kết Đại học Kinh tế Praha (Cộng hòa Séc)
64637,DTT,quan-tri-kinh-doanh-chuong-trinh-lien-ket-dai-hoc-kinh-te-praha,E06,Điểm thi THPT,2024,28.0,Quản trị kinh doanh (song bằng 2+2) - Chương trình liên kết Đại học Kinh tế Praha (Cộng hòa Séc)
64638,DTT,quan-tri-kinh-doanh-chuong-trinh-lien-ket-dai-hoc-lunghwa,A01,Điểm thi THPT,2024,28.0,Quản trị kinh doanh (đơn bằng 3+1) – Chương trình liên kết Đại học Lunghwa (Đài Loan)
64639,DTT,quan-tri-kinh-doanh-chuong-trinh-lien-ket-dai-hoc-lunghwa,D01,Điểm thi THPT,2024,28.0,Quản trị kinh doanh (đơn bằng 3+1) – Chương trình liên kết Đại học Lunghwa (Đài Loan)
64640,DTT,quan-tri-kinh-doanh-chuong-trinh-lien-ket-dai-hoc-lunghwa,E04,Điểm thi THPT,2024,28.0,Quản trị kinh doanh (đơn bằng 3+1) – Chương trình liên kết Đại học Lunghwa (Đài Loan)
64641,DTT,quan-tri-kinh-doanh-chuong-trinh-lien-ket-dai-hoc-lunghwa,E06,Điểm thi THPT,2024,28.0,Quản trị kinh doanh (đơn bằng 3+1) – Chương trình liên kết Đại học Lunghwa (Đài Loan)
64642,DTT,quan-tri-kinh-doanh-chuong-trinh-lien-ket-dai-hoc-lunghwa,D01,Điểm học bạ,2025,25.9,Quản trị kinh doanh (đơn bằng 3+1) – Chương trình liên kết Đại học Lunghwa (Đài Loan)
64643,DTT,quan-tri-kinh-doanh-chuong-trinh-lien-ket-dai-hoc-lunghwa,A00,Điểm thi THPT,2025,21.0,Quản trị kinh doanh (đơn bằng 3+1) – Chương trình liên kết Đại học Lunghwa (Đài Loan)
64644,DTT,quan-tri-kinh-doanh-chuong-trinh-lien-ket-dai-hoc-lunghwa,A01,Điểm thi THPT,2025,21.0,Quản trị kinh doanh (đơn bằng 3+1) – Chương trình liên kết Đại học Lunghwa (Đài Loan)
64645,DTT,quan-tri-kinh-doanh-chuong-trinh-lien-ket-dai-hoc-lunghwa,C01,Điểm thi THPT,2025,21.0,Quản trị kinh doanh (đơn bằng 3+1) – Chương trình liên kết Đại học Lunghwa (Đài Loan)
64646,DTT,quan-tri-kinh-doanh-chuong-trinh-lien-ket-dai-hoc-lunghwa,C02,Điểm thi THPT,2025,21.0,Quản trị kinh doanh (đơn bằng 3+1) – Chương trình liên kết Đại học Lunghwa (Đài Loan)
64647,DTT,quan-tri-kinh-doanh-chuong-trinh-lien-ket-dai-hoc-lunghwa,D01,Điểm thi THPT,2025,21.0,Quản trị kinh doanh (đơn bằng 3+1) – Chương trình liên kết Đại học Lunghwa (Đài Loan)
64648,DTT,quan-tri-kinh-doanh-chuong-trinh-lien-ket-dai-hoc-lunghwa,D07,Điểm thi THPT,2025,21.0,Quản trị kinh doanh (đơn bằng 3+1) – Chương trình liên kết Đại học Lunghwa (Đài Loan)
64649,DTT,quan-tri-kinh-doanh-chuong-trinh-lien-ket-truong-dai-hoc-kinh-te-va-kinh-doanh-praha,D01,Điểm học bạ,2025,25.9,Quản trị kinh doanh (song bằng 2+2) - Chương trình liên kết Trường Đại học Kinh tế và Kinh doanh Praha (Cộng Hòa Séc)
64650,DTT,quan-tri-kinh-doanh-chuong-trinh-lien-ket-truong-dai-hoc-kinh-te-va-kinh-doanh-praha,A00,Điểm thi THPT,2025,21.0,Quản trị kinh doanh (song bằng 2+2) - Chương trình liên kết Trường Đại học Kinh tế và Kinh doanh Praha (Cộng Hòa Séc)
64651,DTT,quan-tri-kinh-doanh-chuong-trinh-lien-ket-truong-dai-hoc-kinh-te-va-kinh-doanh-praha,A01,Điểm thi THPT,2025,21.0,Quản trị kinh doanh (song bằng 2+2) - Chương trình liên kết Trường Đại học Kinh tế và Kinh doanh Praha (Cộng Hòa Séc)
64652,DTT,quan-tri-kinh-doanh-chuong-trinh-lien-ket-truong-dai-hoc-kinh-te-va-kinh-doanh-praha,C01,Điểm thi THPT,2025,21.0,Quản trị kinh doanh (song bằng 2+2) - Chương trình liên kết Trường Đại học Kinh tế và Kinh doanh Praha (Cộng Hòa Séc)
64653,DTT,quan-tri-kinh-doanh-chuong-trinh-lien-ket-truong-dai-hoc-kinh-te-va-kinh-doanh-praha,C02,Điểm thi THPT,2025,21.0,Quản trị kinh doanh (song bằng 2+2) - Chương trình liên kết Trường Đại học Kinh tế và Kinh doanh Praha (Cộng Hòa Séc)
64654,DTT,quan-tri-kinh-doanh-chuong-trinh-lien-ket-truong-dai-hoc-kinh-te-va-kinh-doanh-praha,D01,Điểm thi THPT,2025,21.0,Quản trị kinh doanh (song bằng 2+2) - Chương trình liên kết Trường Đại học Kinh tế và Kinh doanh Praha (Cộng Hòa Séc)
64655,DTT,quan-tri-kinh-doanh-chuong-trinh-lien-ket-truong-dai-hoc-kinh-te-va-kinh-doanh-praha,D07,Điểm thi THPT,2025,21.0,Quản trị kinh doanh (song bằng 2+2) - Chương trình liên kết Trường Đại học Kinh tế và Kinh doanh Praha (Cộng Hòa Séc)
64656,DTT,quan-tri-kinh-doanh-chuong-trinh-tieu-chuan,A00,Điểm thi THPT,2021,36.0,Quản trị kinh doanh (Chuyên ngành: Quản trị nguồn nhân lực) - Chương trình tiêu chuẩn
64657,DTT,quan-tri-kinh-doanh-chuong-trinh-tieu-chuan,A01,Điểm thi THPT,2021,36.0,Quản trị kinh doanh (Chuyên ngành: Quản trị nguồn nhân lực) - Chương trình tiêu chuẩn
64658,DTT,quan-tri-kinh-doanh-chuong-trinh-tieu-chuan,D01,Điểm thi THPT,2021,36.0,Quản trị kinh doanh (Chuyên ngành: Quản trị nguồn nhân lực) - Chương trình tiêu chuẩn
64659,DTT,quan-tri-kinh-doanh-quoc-te-chuong-trinh-lien-ket-dai-hoc-khoa-hoc-va-cong-nghe-lunghwa,R00,Điểm học bạ,2022,28.0,"Quản trị kinh doanh quốc tế (đơn bằng, 3+1) - chương trình liên kết Đại học Khoa học và công nghệ Lunghwa (Đài Loan)"
64660,DTT,quan-tri-kinh-doanh-quoc-te-chuong-trinh-lien-ket-dai-hoc-khoa-hoc-va-cong-nghe-lunghwa,E01,Điểm thi THPT,2022,24.0,"Quản trị kinh doanh quốc tế (đơn bằng, 3+1) - chương trình liên kết Đại học Khoa học và công nghệ Lunghwa (Đài Loan)"
64661,DTT,quan-tri-kinh-doanh-quoc-te-chuong-trinh-lien-ket-dai-hoc-khoa-hoc-va-cong-nghe-lunghwa,E04,Điểm thi THPT,2022,24.0,"Quản trị kinh doanh quốc tế (đơn bằng, 3+1) - chương trình liên kết Đại học Khoa học và công nghệ Lunghwa (Đài Loan)"
64662,DTT,quan-tri-kinh-doanh-toan-cau-chuong-trinh-du-bi-lien-ket-dai-hoc-emlyon,A01,Điểm thi THPT,2024,28.0,Quản trị kinh doanh toàn cầu (đơn bằng 2+2) - Chương trình dự bị liên kết Đại học Emlyon (Pháp)
64663,DTT,quan-tri-kinh-doanh-toan-cau-chuong-trinh-du-bi-lien-ket-dai-hoc-emlyon,D01,Điểm thi THPT,2024,28.0,Quản trị kinh doanh toàn cầu (đơn bằng 2+2) - Chương trình dự bị liên kết Đại học Emlyon (Pháp)
64664,DTT,quan-tri-kinh-doanh-toan-cau-chuong-trinh-du-bi-lien-ket-truong-kinh-doanh-emlyon,D01,Điểm học bạ,2025,25.9,Quản trị kinh doanh toàn cầu (đơn bằng 2+2) - Chương trình dự bị liên kết Trường Kinh doanh Emlyon (Pháp)
64665,DTT,quan-tri-kinh-doanh-toan-cau-chuong-trinh-du-bi-lien-ket-truong-kinh-doanh-emlyon,A00,Điểm thi THPT,2025,21.0,Quản trị kinh doanh toàn cầu (đơn bằng 2+2) - Chương trình dự bị liên kết Trường Kinh doanh Emlyon (Pháp)
64666,DTT,quan-tri-kinh-doanh-toan-cau-chuong-trinh-du-bi-lien-ket-truong-kinh-doanh-emlyon,A01,Điểm thi THPT,2025,21.0,Quản trị kinh doanh toàn cầu (đơn bằng 2+2) - Chương trình dự bị liên kết Trường Kinh doanh Emlyon (Pháp)
64667,DTT,quan-tri-kinh-doanh-toan-cau-chuong-trinh-du-bi-lien-ket-truong-kinh-doanh-emlyon,C01,Điểm thi THPT,2025,21.0,Quản trị kinh doanh toàn cầu (đơn bằng 2+2) - Chương trình dự bị liên kết Trường Kinh doanh Emlyon (Pháp)
64668,DTT,quan-tri-kinh-doanh-toan-cau-chuong-trinh-du-bi-lien-ket-truong-kinh-doanh-emlyon,C02,Điểm thi THPT,2025,21.0,Quản trị kinh doanh toàn cầu (đơn bằng 2+2) - Chương trình dự bị liên kết Trường Kinh doanh Emlyon (Pháp)
64669,DTT,quan-tri-kinh-doanh-toan-cau-chuong-trinh-du-bi-lien-ket-truong-kinh-doanh-emlyon,D01,Điểm thi THPT,2025,21.0,Quản trị kinh doanh toàn cầu (đơn bằng 2+2) - Chương trình dự bị liên kết Trường Kinh doanh Emlyon (Pháp)
64670,DTT,quan-tri-kinh-doanh-toan-cau-chuong-trinh-du-bi-lien-ket-truong-kinh-doanh-emlyon,D07,Điểm thi THPT,2025,21.0,Quản trị kinh doanh toàn cầu (đơn bằng 2+2) - Chương trình dự bị liên kết Trường Kinh doanh Emlyon (Pháp)
64671,DTT,quan-tri-kinh-doanh-toan-cau-chuong-trinh-lien-ket-dai-hoc-emlyon,A01,Điểm thi THPT,2024,28.0,Quản trị kinh doanh toàn cầu (đơn bằng 2+2) - Chương trình liên kết Đại học Emlyon (Pháp)
64672,DTT,quan-tri-kinh-doanh-toan-cau-chuong-trinh-lien-ket-dai-hoc-emlyon,D01,Điểm thi THPT,2024,28.0,Quản trị kinh doanh toàn cầu (đơn bằng 2+2) - Chương trình liên kết Đại học Emlyon (Pháp)
64673,DTT,quan-tri-kinh-doanh-toan-cau-chuong-trinh-lien-ket-dai-hoc-emlyon,E04,Điểm thi THPT,2024,28.0,Quản trị kinh doanh toàn cầu (đơn bằng 2+2) - Chương trình liên kết Đại học Emlyon (Pháp)
64674,DTT,quan-tri-kinh-doanh-toan-cau-chuong-trinh-lien-ket-dai-hoc-emlyon,E06,Điểm thi THPT,2024,28.0,Quản trị kinh doanh toàn cầu (đơn bằng 2+2) - Chương trình liên kết Đại học Emlyon (Pháp)
64675,DTT,quan-tri-kinh-doanh-toan-cau-chuong-trinh-lien-ket-truong-kinh-doanh-emlyon,D01,Điểm học bạ,2025,25.9,Quản trị kinh doanh toàn cầu (đơn bằng 2+2) - Chương trình liên kết Trường Kinh doanh Emlyon (Pháp)
64676,DTT,quan-tri-kinh-doanh-toan-cau-chuong-trinh-lien-ket-truong-kinh-doanh-emlyon,A00,Điểm thi THPT,2025,21.0,Quản trị kinh doanh toàn cầu (đơn bằng 2+2) - Chương trình liên kết Trường Kinh doanh Emlyon (Pháp)
64677,DTT,quan-tri-kinh-doanh-toan-cau-chuong-trinh-lien-ket-truong-kinh-doanh-emlyon,A01,Điểm thi THPT,2025,21.0,Quản trị kinh doanh toàn cầu (đơn bằng 2+2) - Chương trình liên kết Trường Kinh doanh Emlyon (Pháp)
64678,DTT,quan-tri-kinh-doanh-toan-cau-chuong-trinh-lien-ket-truong-kinh-doanh-emlyon,C01,Điểm thi THPT,2025,21.0,Quản trị kinh doanh toàn cầu (đơn bằng 2+2) - Chương trình liên kết Trường Kinh doanh Emlyon (Pháp)
64679,DTT,quan-tri-kinh-doanh-toan-cau-chuong-trinh-lien-ket-truong-kinh-doanh-emlyon,C02,Điểm thi THPT,2025,21.0,Quản trị kinh doanh toàn cầu (đơn bằng 2+2) - Chương trình liên kết Trường Kinh doanh Emlyon (Pháp)
64680,DTT,quan-tri-kinh-doanh-toan-cau-chuong-trinh-lien-ket-truong-kinh-doanh-emlyon,D01,Điểm thi THPT,2025,21.0,Quản trị kinh doanh toàn cầu (đơn bằng 2+2) - Chương trình liên kết Trường Kinh doanh Emlyon (Pháp)
64681,DTT,quan-tri-kinh-doanh-toan-cau-chuong-trinh-lien-ket-truong-kinh-doanh-emlyon,D07,Điểm thi THPT,2025,21.0,Quản trị kinh doanh toàn cầu (đơn bằng 2+2) - Chương trình liên kết Trường Kinh doanh Emlyon (Pháp)
64682,DTT,quan-tri-nguon-nhan-luc,D01,Điểm học bạ,2024,36.25,Quản trị kinh doanh (Chuyên ngành Quản trị nguồn nhân lực)
64683,DTT,quan-tri-nguon-nhan-luc,A00,Điểm thi THPT,2024,33.0,Quản trị kinh doanh (Chuyên ngành Quản trị nguồn nhân lực)
64684,DTT,quan-tri-nguon-nhan-luc,A01,Điểm thi THPT,2024,33.0,Quản trị kinh doanh (Chuyên ngành Quản trị nguồn nhân lực)
64685,DTT,quan-tri-nguon-nhan-luc,D01,Điểm thi THPT,2024,33.0,Quản trị kinh doanh (Chuyên ngành Quản trị nguồn nhân lực)
64686,DTT,quan-tri-nguon-nhan-luc,D01,Điểm học bạ,2025,35.85,Quản trị kinh doanh (Chuyên ngành Quản trị nguồn nhân lực)
64687,DTT,quan-tri-nguon-nhan-luc,A00,Điểm thi THPT,2025,29.25,Quản trị kinh doanh (Chuyên ngành Quản trị nguồn nhân lực)
64688,DTT,quan-tri-nguon-nhan-luc,A01,Điểm thi THPT,2025,29.0,Quản trị kinh doanh (Chuyên ngành Quản trị nguồn nhân lực)
64689,DTT,quan-tri-nguon-nhan-luc,C01,Điểm thi THPT,2025,29.5,Quản trị kinh doanh (Chuyên ngành Quản trị nguồn nhân lực)
64690,DTT,quan-tri-nguon-nhan-luc,C02,Điểm thi THPT,2025,29.25,Quản trị kinh doanh (Chuyên ngành Quản trị nguồn nhân lực)
64691,DTT,quan-tri-nguon-nhan-luc,D01,Điểm thi THPT,2025,29.0,Quản trị kinh doanh (Chuyên ngành Quản trị nguồn nhân lực)
64692,DTT,quan-tri-nguon-nhan-luc,D07,Điểm thi THPT,2025,29.0,Quản trị kinh doanh (Chuyên ngành Quản trị nguồn nhân lực)
64693,DTT,quan-tri-nguon-nhan-luc-chat-luong-cao,D01,Điểm học bạ,2024,33.0,Quản trị kinh doanh (Chuyên ngành Quản trị nguồn nhân lực) - Chất lượng cao
64694,DTT,quan-tri-nguon-nhan-luc-chat-luong-cao,A00,Điểm thi THPT,2024,30.0,Quản trị kinh doanh (Chuyên ngành Quản trị nguồn nhân lực) - Chất lượng cao
64695,DTT,quan-tri-nguon-nhan-luc-chat-luong-cao,A01,Điểm thi THPT,2024,30.0,Quản trị kinh doanh (Chuyên ngành Quản trị nguồn nhân lực) - Chất lượng cao
64696,DTT,quan-tri-nguon-nhan-luc-chat-luong-cao,D01,Điểm thi THPT,2024,30.0,Quản trị kinh doanh (Chuyên ngành Quản trị nguồn nhân lực) - Chất lượng cao
64697,DTT,quan-tri-nha-hang-khach-san,D01,Điểm học bạ,2024,35.25,Quản trị kinh doanh (Chuyên ngành Quản trị nhà hàng - khách sạn)
64698,DTT,quan-tri-nha-hang-khach-san,A00,Điểm thi THPT,2024,22.0,Quản trị kinh doanh (Chuyên ngành Quản trị nhà hàng - khách sạn)
64699,DTT,quan-tri-nha-hang-khach-san,A01,Điểm thi THPT,2024,22.0,Quản trị kinh doanh (Chuyên ngành Quản trị nhà hàng - khách sạn)
64700,DTT,quan-tri-nha-hang-khach-san,D01,Điểm thi THPT,2024,22.0,Quản trị kinh doanh (Chuyên ngành Quản trị nhà hàng - khách sạn)
64701,DTT,quan-tri-nha-hang-khach-san,D01,Điểm học bạ,2025,34.87,Quản trị kinh doanh (Chuyên ngành Quản trị nhà hàng - khách sạn)
64702,DTT,quan-tri-nha-hang-khach-san,A00,Điểm thi THPT,2025,27.7,Quản trị kinh doanh (Chuyên ngành Quản trị nhà hàng - khách sạn)
64703,DTT,quan-tri-nha-hang-khach-san,A01,Điểm thi THPT,2025,27.45,Quản trị kinh doanh (Chuyên ngành Quản trị nhà hàng - khách sạn)
64704,DTT,quan-tri-nha-hang-khach-san,C01,Điểm thi THPT,2025,27.95,Quản trị kinh doanh (Chuyên ngành Quản trị nhà hàng - khách sạn)
64705,DTT,quan-tri-nha-hang-khach-san,C02,Điểm thi THPT,2025,27.7,Quản trị kinh doanh (Chuyên ngành Quản trị nhà hàng - khách sạn)
64706,DTT,quan-tri-nha-hang-khach-san,D01,Điểm thi THPT,2025,27.45,Quản trị kinh doanh (Chuyên ngành Quản trị nhà hàng - khách sạn)
64707,DTT,quan-tri-nha-hang-khach-san,D07,Điểm thi THPT,2025,27.45,Quản trị kinh doanh (Chuyên ngành Quản trị nhà hàng - khách sạn)
64708,DTT,quan-tri-nha-hang-khach-san-chat-luong-cao,D01,Điểm học bạ,2024,28.0,Quản trị kinh doanh (Chuyên ngành Quản trị nhà hàng - khách sạn) - Chất lượng cao
64709,DTT,quan-tri-nha-hang-khach-san-chat-luong-cao,A00,Điểm thi THPT,2024,27.8,Quản trị kinh doanh (Chuyên ngành Quản trị nhà hàng - khách sạn) - Chất lượng cao
64710,DTT,quan-tri-nha-hang-khach-san-chat-luong-cao,A01,Điểm thi THPT,2024,27.8,Quản trị kinh doanh (Chuyên ngành Quản trị nhà hàng - khách sạn) - Chất lượng cao
64711,DTT,quan-tri-nha-hang-khach-san-chat-luong-cao,D01,Điểm thi THPT,2024,27.8,Quản trị kinh doanh (Chuyên ngành Quản trị nhà hàng - khách sạn) - Chất lượng cao
64712,DTT,quan-tri-nha-hang-khach-san-chuong-trinh-dai-hoc-bang-tieng-anh,D01,Điểm học bạ,2024,28.0,Quản trị kinh doanh (Chuyên ngành Quản trị nhà hàng - khách sạn) - Chương trình đại học bằng tiếng Anh
64713,DTT,quan-tri-nha-hang-khach-san-chuong-trinh-dai-hoc-bang-tieng-anh,A01,Điểm thi THPT,2024,27.0,Quản trị kinh doanh (Chuyên ngành Quản trị nhà hàng - khách sạn) - Chương trình đại học bằng tiếng Anh
64714,DTT,quan-tri-nha-hang-khach-san-chuong-trinh-dai-hoc-bang-tieng-anh,D01,Điểm thi THPT,2024,27.0,Quản trị kinh doanh (Chuyên ngành Quản trị nhà hàng - khách sạn) - Chương trình đại học bằng tiếng Anh
64715,DTT,quan-tri-nha-hang-khach-san-chuong-trinh-dai-hoc-bang-tieng-anh,E04,Điểm thi THPT,2024,27.0,Quản trị kinh doanh (Chuyên ngành Quản trị nhà hàng - khách sạn) - Chương trình đại học bằng tiếng Anh
64716,DTT,quan-tri-nha-hang-khach-san-chuong-trinh-dai-hoc-bang-tieng-anh,E06,Điểm thi THPT,2024,27.0,Quản trị kinh doanh (Chuyên ngành Quản trị nhà hàng - khách sạn) - Chương trình đại học bằng tiếng Anh
64717,DTT,quan-tri-nha-hang-khach-san-chuong-trinh-du-bi-dai-hoc-bang-tieng-anh,A01,Điểm thi THPT,2024,27.0,Quản trị kinh doanh (Chuyên ngành Quản trị nhà hàng - khách sạn) - Chương trình dự bị đại học bằng tiếng Anh
64718,DTT,quan-tri-nha-hang-khach-san-chuong-trinh-du-bi-dai-hoc-bang-tieng-anh,D01,Điểm thi THPT,2024,27.0,Quản trị kinh doanh (Chuyên ngành Quản trị nhà hàng - khách sạn) - Chương trình dự bị đại học bằng tiếng Anh
64719,DTT,quan-tri-nha-hang-khach-san-chuong-trinh-du-bi-lien-ket-dai-hoc-taylor-s,A01,Điểm thi THPT,2024,28.0,Quản trị nhà hàng - khách sạn (song bằng 2.5+1.5) - Chương trình dự bị liên kết Đại học Taylor's (Malaysia)
64720,DTT,quan-tri-nha-hang-khach-san-chuong-trinh-du-bi-lien-ket-dai-hoc-taylor-s,D01,Điểm thi THPT,2024,28.0,Quản trị nhà hàng - khách sạn (song bằng 2.5+1.5) - Chương trình dự bị liên kết Đại học Taylor's (Malaysia)
64721,DTT,quan-tri-nha-hang-khach-san-chuong-trinh-du-bi-lien-ket-dai-hoc-taylor-s,D01,Điểm học bạ,2025,25.9,"Quản trị nhà hàng - khách sạn (song bằng 2,5+1,5) - Chương trình dự bị liên kết Đại học Taylor’s (Malaysia)"
64722,DTT,quan-tri-nha-hang-khach-san-chuong-trinh-du-bi-lien-ket-dai-hoc-taylor-s,A00,Điểm thi THPT,2025,21.0,"Quản trị nhà hàng - khách sạn (song bằng 2,5+1,5) - Chương trình dự bị liên kết Đại học Taylor’s (Malaysia)"
64723,DTT,quan-tri-nha-hang-khach-san-chuong-trinh-du-bi-lien-ket-dai-hoc-taylor-s,A01,Điểm thi THPT,2025,21.0,"Quản trị nhà hàng - khách sạn (song bằng 2,5+1,5) - Chương trình dự bị liên kết Đại học Taylor’s (Malaysia)"
64724,DTT,quan-tri-nha-hang-khach-san-chuong-trinh-du-bi-lien-ket-dai-hoc-taylor-s,C01,Điểm thi THPT,2025,21.0,"Quản trị nhà hàng - khách sạn (song bằng 2,5+1,5) - Chương trình dự bị liên kết Đại học Taylor’s (Malaysia)"
64725,DTT,quan-tri-nha-hang-khach-san-chuong-trinh-du-bi-lien-ket-dai-hoc-taylor-s,C02,Điểm thi THPT,2025,21.0,"Quản trị nhà hàng - khách sạn (song bằng 2,5+1,5) - Chương trình dự bị liên kết Đại học Taylor’s (Malaysia)"
64726,DTT,quan-tri-nha-hang-khach-san-chuong-trinh-du-bi-lien-ket-dai-hoc-taylor-s,D01,Điểm thi THPT,2025,21.0,"Quản trị nhà hàng - khách sạn (song bằng 2,5+1,5) - Chương trình dự bị liên kết Đại học Taylor’s (Malaysia)"
64727,DTT,quan-tri-nha-hang-khach-san-chuong-trinh-du-bi-lien-ket-dai-hoc-taylor-s,D07,Điểm thi THPT,2025,21.0,"Quản trị nhà hàng - khách sạn (song bằng 2,5+1,5) - Chương trình dự bị liên kết Đại học Taylor’s (Malaysia)"
64728,DTT,quan-tri-nha-hang-khach-san-chuong-trinh-hoc-tai-phan-hieu-khanh-hoa,D01,Điểm học bạ,2024,25.0,Quản trị kinh doanh (Chuyên ngành Quản trị nhà hàng - khách sạn) - Chương trình học tại Phân hiệu Khánh Hòa
64729,DTT,quan-tri-nha-hang-khach-san-chuong-trinh-hoc-tai-phan-hieu-khanh-hoa,D01,Điểm học bạ,2025,25.0,Quản trị kinh doanh (Chuyên ngành Quản trị nhà hàng - khách sạn) - Chương trình học tại Phân hiệu Khánh Hòa
64730,DTT,quan-tri-nha-hang-khach-san-chuong-trinh-hoc-tai-phan-hieu-khanh-hoa,A00,Điểm thi THPT,2025,20.0,Quản trị kinh doanh (Chuyên ngành Quản trị nhà hàng - khách sạn) - Chương trình học tại Phân hiệu Khánh Hòa
64731,DTT,quan-tri-nha-hang-khach-san-chuong-trinh-hoc-tai-phan-hieu-khanh-hoa,A01,Điểm thi THPT,2025,20.0,Quản trị kinh doanh (Chuyên ngành Quản trị nhà hàng - khách sạn) - Chương trình học tại Phân hiệu Khánh Hòa
64732,DTT,quan-tri-nha-hang-khach-san-chuong-trinh-hoc-tai-phan-hieu-khanh-hoa,C01,Điểm thi THPT,2025,20.0,Quản trị kinh doanh (Chuyên ngành Quản trị nhà hàng - khách sạn) - Chương trình học tại Phân hiệu Khánh Hòa
64733,DTT,quan-tri-nha-hang-khach-san-chuong-trinh-hoc-tai-phan-hieu-khanh-hoa,C02,Điểm thi THPT,2025,20.0,Quản trị kinh doanh (Chuyên ngành Quản trị nhà hàng - khách sạn) - Chương trình học tại Phân hiệu Khánh Hòa
64734,DTT,quan-tri-nha-hang-khach-san-chuong-trinh-hoc-tai-phan-hieu-khanh-hoa,D01,Điểm thi THPT,2025,20.0,Quản trị kinh doanh (Chuyên ngành Quản trị nhà hàng - khách sạn) - Chương trình học tại Phân hiệu Khánh Hòa
64735,DTT,quan-tri-nha-hang-khach-san-chuong-trinh-hoc-tai-phan-hieu-khanh-hoa,D07,Điểm thi THPT,2025,20.0,Quản trị kinh doanh (Chuyên ngành Quản trị nhà hàng - khách sạn) - Chương trình học tại Phân hiệu Khánh Hòa
64736,DTT,quan-tri-nha-hang-khach-san-chuong-trinh-lien-ket-dai-hoc-taylor-s,R00,Điểm học bạ,2022,28.0,"Quản trị nhà hàng khách sạn (song bằng, 2.5+1.5) - chương trình liên kết Đại học Taylor's (Malaysia)"
64737,DTT,quan-tri-nha-hang-khach-san-chuong-trinh-lien-ket-dai-hoc-taylor-s,E01,Điểm thi THPT,2022,24.0,"Quản trị nhà hàng khách sạn (song bằng, 2.5+1.5) - chương trình liên kết Đại học Taylor's (Malaysia)"
64738,DTT,quan-tri-nha-hang-khach-san-chuong-trinh-lien-ket-dai-hoc-taylor-s,E04,Điểm thi THPT,2022,24.0,"Quản trị nhà hàng khách sạn (song bằng, 2.5+1.5) - chương trình liên kết Đại học Taylor's (Malaysia)"
64739,DTT,quan-tri-nha-hang-khach-san-chuong-trinh-lien-ket-dai-hoc-taylor-s,A01,Điểm thi THPT,2023,28.0,Quản trị nhà hàng khách sạn (song bằng. 2.5+1.5) - Chương trình liên kết Đại học Taylor's (Malaysia)
64740,DTT,quan-tri-nha-hang-khach-san-chuong-trinh-lien-ket-dai-hoc-taylor-s,D01,Điểm thi THPT,2023,28.0,Quản trị nhà hàng khách sạn (song bằng. 2.5+1.5) - Chương trình liên kết Đại học Taylor's (Malaysia)
64741,DTT,quan-tri-nha-hang-khach-san-chuong-trinh-lien-ket-dai-hoc-taylor-s,E01,Điểm thi THPT,2023,28.0,Quản trị nhà hàng khách sạn (song bằng. 2.5+1.5) - Chương trình liên kết Đại học Taylor's (Malaysia)
64742,DTT,quan-tri-nha-hang-khach-san-chuong-trinh-lien-ket-dai-hoc-taylor-s,E04,Điểm thi THPT,2023,28.0,Quản trị nhà hàng khách sạn (song bằng. 2.5+1.5) - Chương trình liên kết Đại học Taylor's (Malaysia)
64743,DTT,quan-tri-nha-hang-khach-san-chuong-trinh-lien-ket-dai-hoc-taylor-s,A01,Điểm thi THPT,2024,28.0,Quản trị nhà hàng - khách sạn (song bằng 2.5+1.5) - Chương trình liên kết Đại học Taylor's (Malaysia)
64744,DTT,quan-tri-nha-hang-khach-san-chuong-trinh-lien-ket-dai-hoc-taylor-s,D01,Điểm thi THPT,2024,28.0,Quản trị nhà hàng - khách sạn (song bằng 2.5+1.5) - Chương trình liên kết Đại học Taylor's (Malaysia)
64745,DTT,quan-tri-nha-hang-khach-san-chuong-trinh-lien-ket-dai-hoc-taylor-s,E04,Điểm thi THPT,2024,28.0,Quản trị nhà hàng - khách sạn (song bằng 2.5+1.5) - Chương trình liên kết Đại học Taylor's (Malaysia)
64746,DTT,quan-tri-nha-hang-khach-san-chuong-trinh-lien-ket-dai-hoc-taylor-s,E06,Điểm thi THPT,2024,28.0,Quản trị nhà hàng - khách sạn (song bằng 2.5+1.5) - Chương trình liên kết Đại học Taylor's (Malaysia)
64747,DTT,quan-tri-nha-hang-khach-san-chuong-trinh-lien-ket-dai-hoc-taylor-s,D01,Điểm học bạ,2025,25.9,"Quản trị nhà hàng - khách sạn (song bằng 2,5+1,5) - Chương trình liên kết Đại học Taylor’s (Malaysia)"
64748,DTT,quan-tri-nha-hang-khach-san-chuong-trinh-lien-ket-dai-hoc-taylor-s,A00,Điểm thi THPT,2025,21.0,"Quản trị nhà hàng - khách sạn (song bằng 2,5+1,5) - Chương trình liên kết Đại học Taylor’s (Malaysia)"
64749,DTT,quan-tri-nha-hang-khach-san-chuong-trinh-lien-ket-dai-hoc-taylor-s,A01,Điểm thi THPT,2025,21.0,"Quản trị nhà hàng - khách sạn (song bằng 2,5+1,5) - Chương trình liên kết Đại học Taylor’s (Malaysia)"
64750,DTT,quan-tri-nha-hang-khach-san-chuong-trinh-lien-ket-dai-hoc-taylor-s,C01,Điểm thi THPT,2025,21.0,"Quản trị nhà hàng - khách sạn (song bằng 2,5+1,5) - Chương trình liên kết Đại học Taylor’s (Malaysia)"
64751,DTT,quan-tri-nha-hang-khach-san-chuong-trinh-lien-ket-dai-hoc-taylor-s,C02,Điểm thi THPT,2025,21.0,"Quản trị nhà hàng - khách sạn (song bằng 2,5+1,5) - Chương trình liên kết Đại học Taylor’s (Malaysia)"
64752,DTT,quan-tri-nha-hang-khach-san-chuong-trinh-lien-ket-dai-hoc-taylor-s,D01,Điểm thi THPT,2025,21.0,"Quản trị nhà hàng - khách sạn (song bằng 2,5+1,5) - Chương trình liên kết Đại học Taylor’s (Malaysia)"
64753,DTT,quan-tri-nha-hang-khach-san-chuong-trinh-lien-ket-dai-hoc-taylor-s,D07,Điểm thi THPT,2025,21.0,"Quản trị nhà hàng - khách sạn (song bằng 2,5+1,5) - Chương trình liên kết Đại học Taylor’s (Malaysia)"
64754,DTT,quy-hoach-vung-va-do-thi,A00,Điểm thi THPT,2022,23.0,Quy hoạch vùng và đô thị
64755,DTT,quy-hoach-vung-va-do-thi,A01,Điểm thi THPT,2022,23.0,Quy hoạch vùng và đô thị
64756,DTT,quy-hoach-vung-va-do-thi,V00,Điểm thi THPT,2022,23.0,Quy hoạch vùng và đô thị
64757,DTT,quy-hoach-vung-va-do-thi,V01,Điểm thi THPT,2022,23.0,Quy hoạch vùng và đô thị
64758,DTT,quy-hoach-vung-va-do-thi,A01,Điểm học bạ,2023,26.0,Quy hoạch vùng và đô thị
64759,DTT,quy-hoach-vung-va-do-thi,A00,Điểm thi THPT,2023,23.0,Quy hoạch vùng và đô thị
64760,DTT,quy-hoach-vung-va-do-thi,A01,Điểm thi THPT,2023,23.0,Quy hoạch vùng và đô thị
64761,DTT,quy-hoach-vung-va-do-thi,V00,Điểm thi THPT,2023,23.0,Quy hoạch vùng và đô thị
64762,DTT,quy-hoach-vung-va-do-thi,V01,Điểm thi THPT,2023,23.0,Quy hoạch vùng và đô thị
64763,DTT,quy-hoach-vung-va-do-thi,A01,Điểm học bạ,2024,25.0,Quy hoạch vùng và đô thị
64764,DTT,quy-hoach-vung-va-do-thi,A00,Điểm thi THPT,2024,23.0,Quy hoạch vùng và đô thị
64765,DTT,quy-hoach-vung-va-do-thi,A01,Điểm thi THPT,2024,23.0,Quy hoạch vùng và đô thị
64766,DTT,quy-hoach-vung-va-do-thi,V00,Điểm thi THPT,2024,23.0,Quy hoạch vùng và đô thị
64767,DTT,quy-hoach-vung-va-do-thi,V01,Điểm thi THPT,2024,23.0,Quy hoạch vùng và đô thị
64768,DTT,quy-hoach-vung-va-do-thi,A01,Điểm học bạ,2025,28.93,Quy hoạch vùng và đô thị
64769,DTT,quy-hoach-vung-va-do-thi,D01,Điểm học bạ,2025,28.93,Quy hoạch vùng và đô thị
64770,DTT,quy-hoach-vung-va-do-thi,H01,Điểm học bạ,2025,28.93,Quy hoạch vùng và đô thị
64771,DTT,quy-hoach-vung-va-do-thi,H06,Điểm học bạ,2025,28.93,Quy hoạch vùng và đô thị
64772,DTT,quy-hoach-vung-va-do-thi,A00,Điểm thi THPT,2025,24.58,Quy hoạch vùng và đô thị
64773,DTT,quy-hoach-vung-va-do-thi,A01,Điểm thi THPT,2025,24.33,Quy hoạch vùng và đô thị
64774,DTT,quy-hoach-vung-va-do-thi,C01,Điểm thi THPT,2025,24.73,Quy hoạch vùng và đô thị
64775,DTT,quy-hoach-vung-va-do-thi,C02,Điểm thi THPT,2025,24.58,Quy hoạch vùng và đô thị
64776,DTT,quy-hoach-vung-va-do-thi,D01,Điểm thi THPT,2025,24.33,Quy hoạch vùng và đô thị
64777,DTT,quy-hoach-vung-va-do-thi,V01,Điểm thi THPT,2025,24.58,Quy hoạch vùng và đô thị
64778,DTT,quy-hoach-vung-va-do-thi,V02,Điểm thi THPT,2025,24.33,Quy hoạch vùng và đô thị
64779,DTT,quy-hoach-vung-va-do-thi,X06,Điểm thi THPT,2025,24.73,Quy hoạch vùng và đô thị
64780,DTT,quy-hoach-vung-va-do-thi-chuong-trinh-tieu-chuan,A00,Điểm thi THPT,2021,24.0,Quy hoạch vùng và đô thị - Chương trình tiêu chuẩn
64781,DTT,quy-hoach-vung-va-do-thi-chuong-trinh-tieu-chuan,A01,Điểm thi THPT,2021,24.0,Quy hoạch vùng và đô thị - Chương trình tiêu chuẩn
64782,DTT,quy-hoach-vung-va-do-thi-chuong-trinh-tieu-chuan,V00,Điểm thi THPT,2021,24.0,Quy hoạch vùng và đô thị - Chương trình tiêu chuẩn
64783,DTT,quy-hoach-vung-va-do-thi-chuong-trinh-tieu-chuan,V01,Điểm thi THPT,2021,24.0,Quy hoạch vùng và đô thị - Chương trình tiêu chuẩn
64784,DTT,tai-chinh-chuong-trinh-lien-ket-dai-hoc-feng-china,R00,Điểm học bạ,2022,28.0,"Tài chính (song bằng, 2+2) - chương trình liên kết Đại học Feng China (Đài Loan)"
64785,DTT,tai-chinh-chuong-trinh-lien-ket-dai-hoc-feng-china,E01,Điểm thi THPT,2022,24.0,"Tài chính (song bằng, 2+2) - chương trình liên kết Đại học Feng China (Đài Loan)"
64786,DTT,tai-chinh-chuong-trinh-lien-ket-dai-hoc-feng-china,E03,Điểm thi THPT,2022,24.0,"Tài chính (song bằng, 2+2) - chương trình liên kết Đại học Feng China (Đài Loan)"
64787,DTT,tai-chinh-chuong-trinh-lien-ket-dai-hoc-feng-china,E04,Điểm thi THPT,2022,24.0,"Tài chính (song bằng, 2+2) - chương trình liên kết Đại học Feng China (Đài Loan)"
64788,DTT,tai-chinh-chuong-trinh-lien-ket-dai-hoc-feng-china,E06,Điểm thi THPT,2022,24.0,"Tài chính (song bằng, 2+2) - chương trình liên kết Đại học Feng China (Đài Loan)"
64789,DTT,tai-chinh-chuong-trinh-lien-ket-dai-hoc-khoa-hoc-va-cong-nghe-lunghwa,R00,Điểm học bạ,2022,28.0,"Tài chính (đơn bằng, 3+1) - chương trình liên kết Đại học Khoa học và công nghệ Lunghwa (Đài Loan)"
64790,DTT,tai-chinh-chuong-trinh-lien-ket-dai-hoc-khoa-hoc-va-cong-nghe-lunghwa,E01,Điểm thi THPT,2022,24.0,"Tài chính (đơn bằng, 3+1) - chương trình liên kết Đại học Khoa học và công nghệ Lunghwa (Đài Loan)"
64791,DTT,tai-chinh-chuong-trinh-lien-ket-dai-hoc-khoa-hoc-va-cong-nghe-lunghwa,E03,Điểm thi THPT,2022,24.0,"Tài chính (đơn bằng, 3+1) - chương trình liên kết Đại học Khoa học và công nghệ Lunghwa (Đài Loan)"
64792,DTT,tai-chinh-chuong-trinh-lien-ket-dai-hoc-khoa-hoc-va-cong-nghe-lunghwa,E04,Điểm thi THPT,2022,24.0,"Tài chính (đơn bằng, 3+1) - chương trình liên kết Đại học Khoa học và công nghệ Lunghwa (Đài Loan)"
64793,DTT,tai-chinh-chuong-trinh-lien-ket-dai-hoc-khoa-hoc-va-cong-nghe-lunghwa,E06,Điểm thi THPT,2022,24.0,"Tài chính (đơn bằng, 3+1) - chương trình liên kết Đại học Khoa học và công nghệ Lunghwa (Đài Loan)"
64794,DTT,tai-chinh-ngan-hang,A00,Điểm thi THPT,2022,33.6,Tài chính - Ngân hàng
64795,DTT,tai-chinh-ngan-hang,A01,Điểm thi THPT,2022,33.6,Tài chính - Ngân hàng
64796,DTT,tai-chinh-ngan-hang,D01,Điểm thi THPT,2022,33.6,Tài chính - Ngân hàng
64797,DTT,tai-chinh-ngan-hang,D07,Điểm thi THPT,2022,33.6,Tài chính - Ngân hàng
64798,DTT,tai-chinh-ngan-hang,D01,Điểm học bạ,2023,36.25,Tài chính - Ngân hàng
64799,DTT,tai-chinh-ngan-hang,A00,Điểm thi THPT,2023,32.5,Tài chính - Ngân hàng
64800,DTT,tai-chinh-ngan-hang,A01,Điểm thi THPT,2023,32.5,Tài chính - Ngân hàng
64801,DTT,tai-chinh-ngan-hang,D01,Điểm thi THPT,2023,32.5,Tài chính - Ngân hàng
64802,DTT,tai-chinh-ngan-hang,D07,Điểm thi THPT,2023,32.5,Tài chính - Ngân hàng
64803,DTT,tai-chinh-ngan-hang,D01,Điểm học bạ,2024,35.75,Tài chính - Ngân hàng
64804,DTT,tai-chinh-ngan-hang,A00,Điểm thi THPT,2024,33.0,Tài chính - Ngân hàng
64805,DTT,tai-chinh-ngan-hang,A01,Điểm thi THPT,2024,33.0,Tài chính - Ngân hàng
64806,DTT,tai-chinh-ngan-hang,D01,Điểm thi THPT,2024,33.0,Tài chính - Ngân hàng
64807,DTT,tai-chinh-ngan-hang,D07,Điểm thi THPT,2024,33.0,Tài chính - Ngân hàng
64808,DTT,tai-chinh-ngan-hang,D01,Điểm học bạ,2025,35.34,Tài chính - Ngân hàng
64809,DTT,tai-chinh-ngan-hang,A00,Điểm thi THPT,2025,28.34,Tài chính - Ngân hàng
64810,DTT,tai-chinh-ngan-hang,A01,Điểm thi THPT,2025,28.09,Tài chính - Ngân hàng
64811,DTT,tai-chinh-ngan-hang,C01,Điểm thi THPT,2025,28.59,Tài chính - Ngân hàng
64812,DTT,tai-chinh-ngan-hang,C02,Điểm thi THPT,2025,28.34,Tài chính - Ngân hàng
64813,DTT,tai-chinh-ngan-hang,D01,Điểm thi THPT,2025,28.09,Tài chính - Ngân hàng
64814,DTT,tai-chinh-ngan-hang,D07,Điểm thi THPT,2025,28.09,Tài chính - Ngân hàng
64815,DTT,tai-chinh-ngan-hang-chat-luong-cao,A00,Điểm thi THPT,2021,33.7,Tài chính - Ngân hàng - Chất lượng cao
64816,DTT,tai-chinh-ngan-hang-chat-luong-cao,A01,Điểm thi THPT,2021,33.7,Tài chính - Ngân hàng - Chất lượng cao
64817,DTT,tai-chinh-ngan-hang-chat-luong-cao,D01,Điểm thi THPT,2021,33.7,Tài chính - Ngân hàng - Chất lượng cao
64818,DTT,tai-chinh-ngan-hang-chat-luong-cao,D07,Điểm thi THPT,2021,33.7,Tài chính - Ngân hàng - Chất lượng cao
64819,DTT,tai-chinh-ngan-hang-chat-luong-cao,D01,Điểm học bạ,2023,33.25,Tài chính - Ngân hàng - Chất lượng cao
64820,DTT,tai-chinh-ngan-hang-chat-luong-cao,A00,Điểm thi THPT,2023,30.25,Tài chính - Ngân hàng - Chất lượng cao
64821,DTT,tai-chinh-ngan-hang-chat-luong-cao,A01,Điểm thi THPT,2023,30.25,Tài chính - Ngân hàng - Chất lượng cao
64822,DTT,tai-chinh-ngan-hang-chat-luong-cao,D01,Điểm thi THPT,2023,30.25,Tài chính - Ngân hàng - Chất lượng cao
64823,DTT,tai-chinh-ngan-hang-chat-luong-cao,D07,Điểm thi THPT,2023,30.25,Tài chính - Ngân hàng - Chất lượng cao
64824,DTT,tai-chinh-ngan-hang-chat-luong-cao,D01,Điểm học bạ,2024,31.5,Tài chính - Ngân hàng - Chất lượng cao
64825,DTT,tai-chinh-ngan-hang-chat-luong-cao,A00,Điểm thi THPT,2024,28.7,Tài chính - Ngân hàng - Chất lượng cao
64826,DTT,tai-chinh-ngan-hang-chat-luong-cao,A01,Điểm thi THPT,2024,28.7,Tài chính - Ngân hàng - Chất lượng cao
64827,DTT,tai-chinh-ngan-hang-chat-luong-cao,D01,Điểm thi THPT,2024,28.7,Tài chính - Ngân hàng - Chất lượng cao
64828,DTT,tai-chinh-ngan-hang-chat-luong-cao,D07,Điểm thi THPT,2024,28.7,Tài chính - Ngân hàng - Chất lượng cao
64829,DTT,tai-chinh-ngan-hang-chuong-trinh-clc,A00,Điểm thi THPT,2022,30.1,Tài chính - Ngân hàng - chương trình CLC
64830,DTT,tai-chinh-ngan-hang-chuong-trinh-clc,A01,Điểm thi THPT,2022,30.1,Tài chính - Ngân hàng - chương trình CLC
64831,DTT,tai-chinh-ngan-hang-chuong-trinh-clc,D01,Điểm thi THPT,2022,30.1,Tài chính - Ngân hàng - chương trình CLC
64832,DTT,tai-chinh-ngan-hang-chuong-trinh-clc,D07,Điểm thi THPT,2022,30.1,Tài chính - Ngân hàng - chương trình CLC
64833,DTT,tai-chinh-ngan-hang-chuong-trinh-dai-hoc-bang-tieng-anh,A00,Điểm thi THPT,2021,25.0,Tài chính ngân hàng - Chương trình đại học bằng tiếng Anh
64834,DTT,tai-chinh-ngan-hang-chuong-trinh-dai-hoc-bang-tieng-anh,A01,Điểm thi THPT,2021,25.0,Tài chính ngân hàng - Chương trình đại học bằng tiếng Anh
64835,DTT,tai-chinh-ngan-hang-chuong-trinh-dai-hoc-bang-tieng-anh,D01,Điểm thi THPT,2021,25.0,Tài chính ngân hàng - Chương trình đại học bằng tiếng Anh
64836,DTT,tai-chinh-ngan-hang-chuong-trinh-dai-hoc-bang-tieng-anh,D07,Điểm thi THPT,2021,25.0,Tài chính ngân hàng - Chương trình đại học bằng tiếng Anh
64837,DTT,tai-chinh-ngan-hang-chuong-trinh-dai-hoc-bang-tieng-anh,R00,Điểm học bạ,2022,28.0,Tài chính - Ngân hàng - chương trình đại học bằng Tiếng Anh
64838,DTT,tai-chinh-ngan-hang-chuong-trinh-dai-hoc-bang-tieng-anh,E01,Điểm thi THPT,2022,24.0,Tài chính - Ngân hàng - chương trình đại học bằng Tiếng Anh
64839,DTT,tai-chinh-ngan-hang-chuong-trinh-dai-hoc-bang-tieng-anh,E03,Điểm thi THPT,2022,24.0,Tài chính - Ngân hàng - chương trình đại học bằng Tiếng Anh
64840,DTT,tai-chinh-ngan-hang-chuong-trinh-dai-hoc-bang-tieng-anh,E04,Điểm thi THPT,2022,24.0,Tài chính - Ngân hàng - chương trình đại học bằng Tiếng Anh
64841,DTT,tai-chinh-ngan-hang-chuong-trinh-dai-hoc-bang-tieng-anh,E06,Điểm thi THPT,2022,24.0,Tài chính - Ngân hàng - chương trình đại học bằng Tiếng Anh
64842,DTT,tai-chinh-ngan-hang-chuong-trinh-dai-hoc-bang-tieng-anh,A01,Điểm thi THPT,2023,24.0,Tài chính - Ngân hàng - Chương trình đại học bằng tiếng Anh
64843,DTT,tai-chinh-ngan-hang-chuong-trinh-dai-hoc-bang-tieng-anh,D01,Điểm thi THPT,2023,24.0,Tài chính - Ngân hàng - Chương trình đại học bằng tiếng Anh
64844,DTT,tai-chinh-ngan-hang-chuong-trinh-dai-hoc-bang-tieng-anh,E01,Điểm thi THPT,2023,24.0,Tài chính - Ngân hàng - Chương trình đại học bằng tiếng Anh
64845,DTT,tai-chinh-ngan-hang-chuong-trinh-dai-hoc-bang-tieng-anh,E04,Điểm thi THPT,2023,24.0,Tài chính - Ngân hàng - Chương trình đại học bằng tiếng Anh
64846,DTT,tai-chinh-ngan-hang-chuong-trinh-dai-hoc-bang-tieng-anh,D01,Điểm học bạ,2024,28.0,Tài chính - Ngân hàng - Chương trình đại học bằng tiếng Anh
64847,DTT,tai-chinh-ngan-hang-chuong-trinh-dai-hoc-bang-tieng-anh,A01,Điểm thi THPT,2024,26.0,Tài chính - Ngân hàng - Chương trình đại học bằng tiếng Anh
64848,DTT,tai-chinh-ngan-hang-chuong-trinh-dai-hoc-bang-tieng-anh,D01,Điểm thi THPT,2024,26.0,Tài chính - Ngân hàng - Chương trình đại học bằng tiếng Anh
64849,DTT,tai-chinh-ngan-hang-chuong-trinh-dai-hoc-bang-tieng-anh,E04,Điểm thi THPT,2024,26.0,Tài chính - Ngân hàng - Chương trình đại học bằng tiếng Anh
64850,DTT,tai-chinh-ngan-hang-chuong-trinh-dai-hoc-bang-tieng-anh,E06,Điểm thi THPT,2024,26.0,Tài chính - Ngân hàng - Chương trình đại học bằng tiếng Anh
64851,DTT,tai-chinh-ngan-hang-chuong-trinh-dai-hoc-bang-tieng-anh,D01,Điểm học bạ,2025,25.9,Tài chính ngân hàng - Chương trình đại học bằng tiếng Anh
64852,DTT,tai-chinh-ngan-hang-chuong-trinh-dai-hoc-bang-tieng-anh,A00,Điểm thi THPT,2025,21.0,Tài chính ngân hàng - Chương trình đại học bằng tiếng Anh
64853,DTT,tai-chinh-ngan-hang-chuong-trinh-dai-hoc-bang-tieng-anh,A01,Điểm thi THPT,2025,21.0,Tài chính ngân hàng - Chương trình đại học bằng tiếng Anh
64854,DTT,tai-chinh-ngan-hang-chuong-trinh-dai-hoc-bang-tieng-anh,C01,Điểm thi THPT,2025,21.0,Tài chính ngân hàng - Chương trình đại học bằng tiếng Anh
64855,DTT,tai-chinh-ngan-hang-chuong-trinh-dai-hoc-bang-tieng-anh,C02,Điểm thi THPT,2025,21.0,Tài chính ngân hàng - Chương trình đại học bằng tiếng Anh
64856,DTT,tai-chinh-ngan-hang-chuong-trinh-dai-hoc-bang-tieng-anh,D01,Điểm thi THPT,2025,21.0,Tài chính ngân hàng - Chương trình đại học bằng tiếng Anh
64857,DTT,tai-chinh-ngan-hang-chuong-trinh-dai-hoc-bang-tieng-anh,D07,Điểm thi THPT,2025,21.0,Tài chính ngân hàng - Chương trình đại học bằng tiếng Anh
64858,DTT,tai-chinh-ngan-hang-chuong-trinh-du-bi-dai-hoc-bang-tieng-anh,A01,Điểm thi THPT,2024,26.0,Tài chính - Ngân hàng - Chương trình dự bị đại học bằng tiếng Anh
64859,DTT,tai-chinh-ngan-hang-chuong-trinh-du-bi-dai-hoc-bang-tieng-anh,D01,Điểm thi THPT,2024,26.0,Tài chính - Ngân hàng - Chương trình dự bị đại học bằng tiếng Anh
64860,DTT,tai-chinh-ngan-hang-chuong-trinh-du-bi-dai-hoc-bang-tieng-anh,D01,Điểm học bạ,2025,25.9,Tài chính ngân hàng - Chương trình dự bị đại học bằng tiếng Anh
64861,DTT,tai-chinh-ngan-hang-chuong-trinh-du-bi-dai-hoc-bang-tieng-anh,A00,Điểm thi THPT,2025,21.0,Tài chính ngân hàng - Chương trình dự bị đại học bằng tiếng Anh
64862,DTT,tai-chinh-ngan-hang-chuong-trinh-du-bi-dai-hoc-bang-tieng-anh,A01,Điểm thi THPT,2025,21.0,Tài chính ngân hàng - Chương trình dự bị đại học bằng tiếng Anh
64863,DTT,tai-chinh-ngan-hang-chuong-trinh-du-bi-dai-hoc-bang-tieng-anh,C01,Điểm thi THPT,2025,21.0,Tài chính ngân hàng - Chương trình dự bị đại học bằng tiếng Anh
64864,DTT,tai-chinh-ngan-hang-chuong-trinh-du-bi-dai-hoc-bang-tieng-anh,C02,Điểm thi THPT,2025,21.0,Tài chính ngân hàng - Chương trình dự bị đại học bằng tiếng Anh
64865,DTT,tai-chinh-ngan-hang-chuong-trinh-du-bi-dai-hoc-bang-tieng-anh,D01,Điểm thi THPT,2025,21.0,Tài chính ngân hàng - Chương trình dự bị đại học bằng tiếng Anh
64866,DTT,tai-chinh-ngan-hang-chuong-trinh-du-bi-dai-hoc-bang-tieng-anh,D07,Điểm thi THPT,2025,21.0,Tài chính ngân hàng - Chương trình dự bị đại học bằng tiếng Anh
64867,DTT,tai-chinh-ngan-hang-chuong-trinh-tieu-chuan,A00,Điểm thi THPT,2021,34.8,Tài chính - Ngân hàng - Chương trình tiêu chuẩn
64868,DTT,tai-chinh-ngan-hang-chuong-trinh-tieu-chuan,A01,Điểm thi THPT,2021,34.8,Tài chính - Ngân hàng - Chương trình tiêu chuẩn
64869,DTT,tai-chinh-ngan-hang-chuong-trinh-tieu-chuan,D01,Điểm thi THPT,2021,34.8,Tài chính - Ngân hàng - Chương trình tiêu chuẩn
64870,DTT,tai-chinh-ngan-hang-chuong-trinh-tieu-chuan,D07,Điểm thi THPT,2021,34.8,Tài chính - Ngân hàng - Chương trình tiêu chuẩn
64871,DTT,tai-chinh-quoc-te,D01,Điểm học bạ,2025,29.55,Tài chính - Ngân hàng (Chuyên ngành Tài chính quốc tế)
64872,DTT,tai-chinh-quoc-te,A00,Điểm thi THPT,2025,28.34,Tài chính - Ngân hàng (Chuyên ngành Tài chính quốc tế)
64873,DTT,tai-chinh-quoc-te,A01,Điểm thi THPT,2025,28.09,Tài chính - Ngân hàng (Chuyên ngành Tài chính quốc tế)
64874,DTT,tai-chinh-quoc-te,C01,Điểm thi THPT,2025,28.59,Tài chính - Ngân hàng (Chuyên ngành Tài chính quốc tế)
64875,DTT,tai-chinh-quoc-te,C02,Điểm thi THPT,2025,28.34,Tài chính - Ngân hàng (Chuyên ngành Tài chính quốc tế)
64876,DTT,tai-chinh-quoc-te,D01,Điểm thi THPT,2025,28.09,Tài chính - Ngân hàng (Chuyên ngành Tài chính quốc tế)
64877,DTT,tai-chinh-quoc-te,D07,Điểm thi THPT,2025,28.09,Tài chính - Ngân hàng (Chuyên ngành Tài chính quốc tế)
64878,DTT,tai-chinh-va-kiem-soat-chuong-trinh-du-bi-lien-ket-dai-hoc-khoa-hoc-ung-dung-saxion,A01,Điểm thi THPT,2024,26.0,Tài chính và kiểm soát (song bằng 3+1) - Chương trình dự bị liên kết Đại học Khoa học ứng dụng Saxion (Hà Lan)
64879,DTT,tai-chinh-va-kiem-soat-chuong-trinh-du-bi-lien-ket-dai-hoc-khoa-hoc-ung-dung-saxion,D01,Điểm thi THPT,2024,26.0,Tài chính và kiểm soát (song bằng 3+1) - Chương trình dự bị liên kết Đại học Khoa học ứng dụng Saxion (Hà Lan)
64880,DTT,tai-chinh-va-kiem-soat-chuong-trinh-du-bi-lien-ket-dai-hoc-khoa-hoc-ung-dung-saxion,D01,Điểm học bạ,2025,25.0,Tài chính và kiểm soát (song bằng 3+1) - Chương trình dự bị liên kết Đại học khoa học ứng dụng Saxion (Hà Lan)
64881,DTT,tai-chinh-va-kiem-soat-chuong-trinh-du-bi-lien-ket-dai-hoc-khoa-hoc-ung-dung-saxion,A00,Điểm thi THPT,2025,21.0,Tài chính và kiểm soát (song bằng 3+1) - Chương trình dự bị liên kết Đại học khoa học ứng dụng Saxion (Hà Lan)
64882,DTT,tai-chinh-va-kiem-soat-chuong-trinh-du-bi-lien-ket-dai-hoc-khoa-hoc-ung-dung-saxion,A01,Điểm thi THPT,2025,21.0,Tài chính và kiểm soát (song bằng 3+1) - Chương trình dự bị liên kết Đại học khoa học ứng dụng Saxion (Hà Lan)
64883,DTT,tai-chinh-va-kiem-soat-chuong-trinh-du-bi-lien-ket-dai-hoc-khoa-hoc-ung-dung-saxion,C01,Điểm thi THPT,2025,21.0,Tài chính và kiểm soát (song bằng 3+1) - Chương trình dự bị liên kết Đại học khoa học ứng dụng Saxion (Hà Lan)
64884,DTT,tai-chinh-va-kiem-soat-chuong-trinh-du-bi-lien-ket-dai-hoc-khoa-hoc-ung-dung-saxion,C02,Điểm thi THPT,2025,21.0,Tài chính và kiểm soát (song bằng 3+1) - Chương trình dự bị liên kết Đại học khoa học ứng dụng Saxion (Hà Lan)
64885,DTT,tai-chinh-va-kiem-soat-chuong-trinh-du-bi-lien-ket-dai-hoc-khoa-hoc-ung-dung-saxion,D01,Điểm thi THPT,2025,21.0,Tài chính và kiểm soát (song bằng 3+1) - Chương trình dự bị liên kết Đại học khoa học ứng dụng Saxion (Hà Lan)
64886,DTT,tai-chinh-va-kiem-soat-chuong-trinh-du-bi-lien-ket-dai-hoc-khoa-hoc-ung-dung-saxion,D07,Điểm thi THPT,2025,21.0,Tài chính và kiểm soát (song bằng 3+1) - Chương trình dự bị liên kết Đại học khoa học ứng dụng Saxion (Hà Lan)
64887,DTT,tai-chinh-va-kiem-soat-chuong-trinh-lien-ket-dai-hoc-khoa-hoc-ung-dung-saxion,R00,Điểm học bạ,2022,28.0,"Tài chính và kiểm soát (song bằng, 3+1) - chương trình liên kết Đại học Khoa học ứng dụng Saxion (Hà Lan)"
64888,DTT,tai-chinh-va-kiem-soat-chuong-trinh-lien-ket-dai-hoc-khoa-hoc-ung-dung-saxion,E01,Điểm thi THPT,2022,24.0,"Tài chính và kiểm soát (song bằng, 3+1) - chương trình liên kết Đại học Khoa học ứng dụng Saxion (Hà Lan)"
64889,DTT,tai-chinh-va-kiem-soat-chuong-trinh-lien-ket-dai-hoc-khoa-hoc-ung-dung-saxion,E03,Điểm thi THPT,2022,24.0,"Tài chính và kiểm soát (song bằng, 3+1) - chương trình liên kết Đại học Khoa học ứng dụng Saxion (Hà Lan)"
64890,DTT,tai-chinh-va-kiem-soat-chuong-trinh-lien-ket-dai-hoc-khoa-hoc-ung-dung-saxion,E04,Điểm thi THPT,2022,24.0,"Tài chính và kiểm soát (song bằng, 3+1) - chương trình liên kết Đại học Khoa học ứng dụng Saxion (Hà Lan)"
64891,DTT,tai-chinh-va-kiem-soat-chuong-trinh-lien-ket-dai-hoc-khoa-hoc-ung-dung-saxion,E06,Điểm thi THPT,2022,24.0,"Tài chính và kiểm soát (song bằng, 3+1) - chương trình liên kết Đại học Khoa học ứng dụng Saxion (Hà Lan)"
64892,DTT,tai-chinh-va-kiem-soat-chuong-trinh-lien-ket-dai-hoc-khoa-hoc-ung-dung-saxion,A01,Điểm thi THPT,2023,24.0,Tài chính và kiểm soát (song bằng. 3+1) - Chương trình liên kết Đại học Khoa học ứng dụng Saxion (Hà Lan)
64893,DTT,tai-chinh-va-kiem-soat-chuong-trinh-lien-ket-dai-hoc-khoa-hoc-ung-dung-saxion,D01,Điểm thi THPT,2023,24.0,Tài chính và kiểm soát (song bằng. 3+1) - Chương trình liên kết Đại học Khoa học ứng dụng Saxion (Hà Lan)
64894,DTT,tai-chinh-va-kiem-soat-chuong-trinh-lien-ket-dai-hoc-khoa-hoc-ung-dung-saxion,E01,Điểm thi THPT,2023,24.0,Tài chính và kiểm soát (song bằng. 3+1) - Chương trình liên kết Đại học Khoa học ứng dụng Saxion (Hà Lan)
64895,DTT,tai-chinh-va-kiem-soat-chuong-trinh-lien-ket-dai-hoc-khoa-hoc-ung-dung-saxion,E04,Điểm thi THPT,2023,24.0,Tài chính và kiểm soát (song bằng. 3+1) - Chương trình liên kết Đại học Khoa học ứng dụng Saxion (Hà Lan)
64896,DTT,tai-chinh-va-kiem-soat-chuong-trinh-lien-ket-dai-hoc-khoa-hoc-ung-dung-saxion,A01,Điểm thi THPT,2024,26.0,Tài chính và kiểm soát (song bằng 3+1) - Chương trình liên kết Đại học Khoa học ứng dụng Saxion (Hà Lan)
64897,DTT,tai-chinh-va-kiem-soat-chuong-trinh-lien-ket-dai-hoc-khoa-hoc-ung-dung-saxion,D01,Điểm thi THPT,2024,26.0,Tài chính và kiểm soát (song bằng 3+1) - Chương trình liên kết Đại học Khoa học ứng dụng Saxion (Hà Lan)
64898,DTT,tai-chinh-va-kiem-soat-chuong-trinh-lien-ket-dai-hoc-khoa-hoc-ung-dung-saxion,E04,Điểm thi THPT,2024,26.0,Tài chính và kiểm soát (song bằng 3+1) - Chương trình liên kết Đại học Khoa học ứng dụng Saxion (Hà Lan)
64899,DTT,tai-chinh-va-kiem-soat-chuong-trinh-lien-ket-dai-hoc-khoa-hoc-ung-dung-saxion,E06,Điểm thi THPT,2024,26.0,Tài chính và kiểm soát (song bằng 3+1) - Chương trình liên kết Đại học Khoa học ứng dụng Saxion (Hà Lan)
64900,DTT,tai-chinh-va-kiem-soat-chuong-trinh-lien-ket-dai-hoc-khoa-hoc-ung-dung-saxion,D01,Điểm học bạ,2025,25.9,Tài chính và kiểm soát (song bằng 3+1) - Chương trình liên kết Đại học khoa học ứng dụng Saxion (Hà Lan)
64901,DTT,tai-chinh-va-kiem-soat-chuong-trinh-lien-ket-dai-hoc-khoa-hoc-ung-dung-saxion,A00,Điểm thi THPT,2025,21.0,Tài chính và kiểm soát (song bằng 3+1) - Chương trình liên kết Đại học khoa học ứng dụng Saxion (Hà Lan)
64902,DTT,tai-chinh-va-kiem-soat-chuong-trinh-lien-ket-dai-hoc-khoa-hoc-ung-dung-saxion,A01,Điểm thi THPT,2025,21.0,Tài chính và kiểm soát (song bằng 3+1) - Chương trình liên kết Đại học khoa học ứng dụng Saxion (Hà Lan)
64903,DTT,tai-chinh-va-kiem-soat-chuong-trinh-lien-ket-dai-hoc-khoa-hoc-ung-dung-saxion,C01,Điểm thi THPT,2025,21.0,Tài chính và kiểm soát (song bằng 3+1) - Chương trình liên kết Đại học khoa học ứng dụng Saxion (Hà Lan)
64904,DTT,tai-chinh-va-kiem-soat-chuong-trinh-lien-ket-dai-hoc-khoa-hoc-ung-dung-saxion,C02,Điểm thi THPT,2025,21.0,Tài chính và kiểm soát (song bằng 3+1) - Chương trình liên kết Đại học khoa học ứng dụng Saxion (Hà Lan)
64905,DTT,tai-chinh-va-kiem-soat-chuong-trinh-lien-ket-dai-hoc-khoa-hoc-ung-dung-saxion,D01,Điểm thi THPT,2025,21.0,Tài chính và kiểm soát (song bằng 3+1) - Chương trình liên kết Đại học khoa học ứng dụng Saxion (Hà Lan)
64906,DTT,tai-chinh-va-kiem-soat-chuong-trinh-lien-ket-dai-hoc-khoa-hoc-ung-dung-saxion,D07,Điểm thi THPT,2025,21.0,Tài chính và kiểm soát (song bằng 3+1) - Chương trình liên kết Đại học khoa học ứng dụng Saxion (Hà Lan)
64907,DTT,thiet-ke-cong-nghiep,H00,Điểm thi THPT,2022,23.0,Thiết kế công nghiệp
64908,DTT,thiet-ke-cong-nghiep,H01,Điểm thi THPT,2022,23.0,Thiết kế công nghiệp
64909,DTT,thiet-ke-cong-nghiep,H02,Điểm thi THPT,2022,23.0,Thiết kế công nghiệp
64910,DTT,thiet-ke-cong-nghiep-chuong-trinh-tieu-chuan,H00,Điểm thi THPT,2021,30.5,Thiết kế công nghiệp - Chương trình tiêu chuẩn
64911,DTT,thiet-ke-cong-nghiep-chuong-trinh-tieu-chuan,H01,Điểm thi THPT,2021,30.5,Thiết kế công nghiệp - Chương trình tiêu chuẩn
64912,DTT,thiet-ke-cong-nghiep-chuong-trinh-tieu-chuan,H02,Điểm thi THPT,2021,30.5,Thiết kế công nghiệp - Chương trình tiêu chuẩn
64913,DTT,thiet-ke-do-hoa,H00,Điểm thi THPT,2022,27.0,Thiết kế đồ họa
64914,DTT,thiet-ke-do-hoa,H01,Điểm thi THPT,2022,27.0,Thiết kế đồ họa
64915,DTT,thiet-ke-do-hoa,H02,Điểm thi THPT,2022,27.0,Thiết kế đồ họa
64916,DTT,thiet-ke-do-hoa,H06,Điểm học bạ,2023,29.5,Thiết kế đồ họa
64917,DTT,thiet-ke-do-hoa,H00,Điểm thi THPT,2023,31.0,Thiết kế đồ họa
64918,DTT,thiet-ke-do-hoa,H01,Điểm thi THPT,2023,31.0,Thiết kế đồ họa
64919,DTT,thiet-ke-do-hoa,H02,Điểm thi THPT,2023,31.0,Thiết kế đồ họa
64920,DTT,thiet-ke-do-hoa,H06,Điểm học bạ,2024,33.75,Thiết kế đồ họa
64921,DTT,thiet-ke-do-hoa,H00,Điểm thi THPT,2024,24.0,Thiết kế đồ họa
64922,DTT,thiet-ke-do-hoa,H01,Điểm thi THPT,2024,24.0,Thiết kế đồ họa
64923,DTT,thiet-ke-do-hoa,H02,Điểm thi THPT,2024,24.0,Thiết kế đồ họa
64924,DTT,thiet-ke-do-hoa,H03,Điểm thi THPT,2024,24.0,Thiết kế đồ họa
64925,DTT,thiet-ke-do-hoa,H04,Điểm học bạ,2025,32.08,Thiết kế đồ họa - Chương trình tiên tiến
64926,DTT,thiet-ke-do-hoa,H05,Điểm học bạ,2025,34.35,Thiết kế đồ họa
64927,DTT,thiet-ke-do-hoa,H06,Điểm học bạ,2025,34.35,Thiết kế đồ họa
64928,DTT,thiet-ke-do-hoa,H00,Điểm thi THPT,2025,30.78,Thiết kế đồ họa
64929,DTT,thiet-ke-do-hoa,H01,Điểm thi THPT,2025,30.28,Thiết kế đồ họa
64930,DTT,thiet-ke-do-hoa,H02,Điểm thi THPT,2025,30.28,Thiết kế đồ họa
64931,DTT,thiet-ke-do-hoa,H03,Điểm thi THPT,2025,30.28,Thiết kế đồ họa
64932,DTT,thiet-ke-do-hoa,H04,Điểm thi THPT,2025,30.28,Thiết kế đồ họa
64933,DTT,thiet-ke-do-hoa,H05,Điểm thi THPT,2025,30.28,Thiết kế đồ họa
64934,DTT,thiet-ke-do-hoa,H06,Điểm thi THPT,2025,28.8,Thiết kế đồ họa - Chương trình tiên tiến
64935,DTT,thiet-ke-do-hoa-chat-luong-cao,H00,Điểm thi THPT,2021,30.5,Thiết kế đồ họa - Chất lượng cao
64936,DTT,thiet-ke-do-hoa-chat-luong-cao,H01,Điểm thi THPT,2021,30.5,Thiết kế đồ họa - Chất lượng cao
64937,DTT,thiet-ke-do-hoa-chat-luong-cao,H02,Điểm thi THPT,2021,30.5,Thiết kế đồ họa - Chất lượng cao
64938,DTT,thiet-ke-do-hoa-chat-luong-cao,H06,Điểm học bạ,2023,27.0,Thiết kế đồ họa - Chất lượng cao
64939,DTT,thiet-ke-do-hoa-chat-luong-cao,H00,Điểm thi THPT,2023,26.0,Thiết kế đồ họa - Chất lượng cao
64940,DTT,thiet-ke-do-hoa-chat-luong-cao,H01,Điểm thi THPT,2023,26.0,Thiết kế đồ họa - Chất lượng cao
64941,DTT,thiet-ke-do-hoa-chat-luong-cao,H02,Điểm thi THPT,2023,26.0,Thiết kế đồ họa - Chất lượng cao
64942,DTT,thiet-ke-do-hoa-chat-luong-cao,H06,Điểm học bạ,2024,29.5,Thiết kế đồ họa - Chất lượng cao
64943,DTT,thiet-ke-do-hoa-chat-luong-cao,H00,Điểm thi THPT,2024,31.0,Thiết kế đồ họa - Chất lượng cao
64944,DTT,thiet-ke-do-hoa-chat-luong-cao,H01,Điểm thi THPT,2024,31.0,Thiết kế đồ họa - Chất lượng cao
64945,DTT,thiet-ke-do-hoa-chat-luong-cao,H02,Điểm thi THPT,2024,31.0,Thiết kế đồ họa - Chất lượng cao
64946,DTT,thiet-ke-do-hoa-chat-luong-cao,H03,Điểm thi THPT,2024,31.0,Thiết kế đồ họa - Chất lượng cao
64947,DTT,thiet-ke-do-hoa-chuong-trinh-clc,H00,Điểm thi THPT,2022,23.0,Thiết kế đồ họa - chương trình CLC
64948,DTT,thiet-ke-do-hoa-chuong-trinh-clc,H01,Điểm thi THPT,2022,23.0,Thiết kế đồ họa - chương trình CLC
64949,DTT,thiet-ke-do-hoa-chuong-trinh-clc,H02,Điểm thi THPT,2022,23.0,Thiết kế đồ họa - chương trình CLC
64950,DTT,thiet-ke-do-hoa-chuong-trinh-hoc-tai-phan-hieu-khanh-hoa,H06,Điểm học bạ,2024,25.0,Thiết kế đồ họa - Chương trình học tại Phân hiệu Khánh Hòa
64951,DTT,thiet-ke-do-hoa-chuong-trinh-hoc-tai-phan-hieu-khanh-hoa,H04,Điểm học bạ,2025,28.05,Thiết kế đồ họa - Chương trình học tại Phân hiệu Khánh Hòa
64952,DTT,thiet-ke-do-hoa-chuong-trinh-hoc-tai-phan-hieu-khanh-hoa,H05,Điểm học bạ,2025,28.05,Thiết kế đồ họa - Chương trình học tại Phân hiệu Khánh Hòa
64953,DTT,thiet-ke-do-hoa-chuong-trinh-hoc-tai-phan-hieu-khanh-hoa,H00,Điểm thi THPT,2025,26.1,Thiết kế đồ họa - Chương trình học tại Phân hiệu Khánh Hòa
64954,DTT,thiet-ke-do-hoa-chuong-trinh-hoc-tai-phan-hieu-khanh-hoa,H01,Điểm thi THPT,2025,26.1,Thiết kế đồ họa - Chương trình học tại Phân hiệu Khánh Hòa
64955,DTT,thiet-ke-do-hoa-chuong-trinh-hoc-tai-phan-hieu-khanh-hoa,H02,Điểm thi THPT,2025,26.1,Thiết kế đồ họa - Chương trình học tại Phân hiệu Khánh Hòa
64956,DTT,thiet-ke-do-hoa-chuong-trinh-hoc-tai-phan-hieu-khanh-hoa,H03,Điểm thi THPT,2025,26.1,Thiết kế đồ họa - Chương trình học tại Phân hiệu Khánh Hòa
64957,DTT,thiet-ke-do-hoa-chuong-trinh-hoc-tai-phan-hieu-khanh-hoa,H04,Điểm thi THPT,2025,26.1,Thiết kế đồ họa - Chương trình học tại Phân hiệu Khánh Hòa
64958,DTT,thiet-ke-do-hoa-chuong-trinh-hoc-tai-phan-hieu-khanh-hoa,H05,Điểm thi THPT,2025,26.1,Thiết kế đồ họa - Chương trình học tại Phân hiệu Khánh Hòa
64959,DTT,thiet-ke-do-hoa-chuong-trinh-tieu-chuan,H00,Điểm thi THPT,2021,34.0,Thiết kế đồ họa - Chương trình tiêu chuẩn
64960,DTT,thiet-ke-do-hoa-chuong-trinh-tieu-chuan,H01,Điểm thi THPT,2021,34.0,Thiết kế đồ họa - Chương trình tiêu chuẩn
64961,DTT,thiet-ke-do-hoa-chuong-trinh-tieu-chuan,H02,Điểm thi THPT,2021,34.0,Thiết kế đồ họa - Chương trình tiêu chuẩn
64962,DTT,thiet-ke-noi-that,H02,Điểm thi THPT,2022,24.0,Thiết kế nội thất
64963,DTT,thiet-ke-noi-that,V00,Điểm thi THPT,2022,24.0,Thiết kế nội thất
64964,DTT,thiet-ke-noi-that,V01,Điểm thi THPT,2022,24.0,Thiết kế nội thất
64965,DTT,thiet-ke-noi-that,V02,Điểm học bạ,2023,27.0,Thiết kế nội thất
64966,DTT,thiet-ke-noi-that,H02,Điểm thi THPT,2023,27.0,Thiết kế nội thất
64967,DTT,thiet-ke-noi-that,V00,Điểm thi THPT,2023,27.0,Thiết kế nội thất
64968,DTT,thiet-ke-noi-that,V01,Điểm thi THPT,2023,27.0,Thiết kế nội thất
64969,DTT,thiet-ke-noi-that,V02,Điểm học bạ,2024,31.0,Thiết kế nội thất
64970,DTT,thiet-ke-noi-that,H02,Điểm thi THPT,2024,29.7,Thiết kế nội thất
64971,DTT,thiet-ke-noi-that,H03,Điểm thi THPT,2024,29.7,Thiết kế nội thất
64972,DTT,thiet-ke-noi-that,V00,Điểm thi THPT,2024,29.7,Thiết kế nội thất
64973,DTT,thiet-ke-noi-that,V01,Điểm thi THPT,2024,29.7,Thiết kế nội thất
64974,DTT,thiet-ke-noi-that,H05,Điểm học bạ,2025,31.08,Thiết kế nội thất
64975,DTT,thiet-ke-noi-that,H06,Điểm học bạ,2025,31.08,Thiết kế nội thất
64976,DTT,thiet-ke-noi-that,H00,Điểm thi THPT,2025,28.93,Thiết kế nội thất
64977,DTT,thiet-ke-noi-that,H01,Điểm thi THPT,2025,28.43,Thiết kế nội thất
64978,DTT,thiet-ke-noi-that,H02,Điểm thi THPT,2025,28.43,Thiết kế nội thất
64979,DTT,thiet-ke-noi-that,H03,Điểm thi THPT,2025,28.43,Thiết kế nội thất
64980,DTT,thiet-ke-noi-that,H04,Điểm thi THPT,2025,28.43,Thiết kế nội thất
64981,DTT,thiet-ke-noi-that,H05,Điểm thi THPT,2025,28.43,Thiết kế nội thất
64982,DTT,thiet-ke-noi-that-chuong-trinh-tieu-chuan,H02,Điểm thi THPT,2021,29.0,Thiết kế nội thất - Chương trình tiêu chuẩn
64983,DTT,thiet-ke-noi-that-chuong-trinh-tieu-chuan,V00,Điểm thi THPT,2021,29.0,Thiết kế nội thất - Chương trình tiêu chuẩn
64984,DTT,thiet-ke-noi-that-chuong-trinh-tieu-chuan,V01,Điểm thi THPT,2021,29.0,Thiết kế nội thất - Chương trình tiêu chuẩn
64985,DTT,thiet-ke-thoi-trang,H00,Điểm thi THPT,2022,24.0,Thiết kế thời trang
64986,DTT,thiet-ke-thoi-trang,H01,Điểm thi THPT,2022,24.0,Thiết kế thời trang
64987,DTT,thiet-ke-thoi-trang,H02,Điểm thi THPT,2022,24.0,Thiết kế thời trang
64988,DTT,thiet-ke-thoi-trang,H06,Điểm học bạ,2023,27.0,Thiết kế thời trang
64989,DTT,thiet-ke-thoi-trang,H00,Điểm thi THPT,2023,26.5,Thiết kế thời trang
64990,DTT,thiet-ke-thoi-trang,H01,Điểm thi THPT,2023,26.5,Thiết kế thời trang
64991,DTT,thiet-ke-thoi-trang,H02,Điểm thi THPT,2023,26.5,Thiết kế thời trang
64992,DTT,thiet-ke-thoi-trang,H06,Điểm học bạ,2024,31.0,Thiết kế thời trang
64993,DTT,thiet-ke-thoi-trang,H00,Điểm thi THPT,2024,30.6,Thiết kế thời trang
64994,DTT,thiet-ke-thoi-trang,H01,Điểm thi THPT,2024,30.6,Thiết kế thời trang
64995,DTT,thiet-ke-thoi-trang,H02,Điểm thi THPT,2024,30.6,Thiết kế thời trang
64996,DTT,thiet-ke-thoi-trang,H03,Điểm thi THPT,2024,30.6,Thiết kế thời trang
64997,DTT,thiet-ke-thoi-trang,H05,Điểm học bạ,2025,31.89,Thiết kế thời trang
64998,DTT,thiet-ke-thoi-trang,H06,Điểm học bạ,2025,31.89,Thiết kế thời trang
64999,DTT,thiet-ke-thoi-trang,H00,Điểm thi THPT,2025,29.23,Thiết kế thời trang
65000,DTT,thiet-ke-thoi-trang,H01,Điểm thi THPT,2025,28.73,Thiết kế thời trang
65001,DTT,thiet-ke-thoi-trang,H02,Điểm thi THPT,2025,28.73,Thiết kế thời trang
65002,DTT,thiet-ke-thoi-trang,H03,Điểm thi THPT,2025,28.73,Thiết kế thời trang
65003,DTT,thiet-ke-thoi-trang,H04,Điểm thi THPT,2025,28.73,Thiết kế thời trang
65004,DTT,thiet-ke-thoi-trang,H05,Điểm thi THPT,2025,28.73,Thiết kế thời trang
65005,DTT,thiet-ke-thoi-trang-chuong-trinh-tieu-chuan,H00,Điểm thi THPT,2021,30.5,Thiết kế thời trang - Chương trình tiêu chuẩn
65006,DTT,thiet-ke-thoi-trang-chuong-trinh-tieu-chuan,H01,Điểm thi THPT,2021,30.5,Thiết kế thời trang - Chương trình tiêu chuẩn
65007,DTT,thiet-ke-thoi-trang-chuong-trinh-tieu-chuan,H02,Điểm thi THPT,2021,30.5,Thiết kế thời trang - Chương trình tiêu chuẩn
65008,DTT,thong-ke,A00,Điểm thi THPT,2022,29.1,Thống kê
65009,DTT,thong-ke,A01,Điểm thi THPT,2022,29.1,Thống kê
65010,DTT,thong-ke,A01,Điểm học bạ,2023,29.0,Thống kê
65011,DTT,thong-ke,A00,Điểm thi THPT,2023,27.7,Thống kê
65012,DTT,thong-ke,A01,Điểm thi THPT,2023,27.7,Thống kê
65013,DTT,thong-ke,A01,Điểm học bạ,2024,28.25,Thống kê
65014,DTT,thong-ke,A00,Điểm thi THPT,2024,28.5,Thống kê
65015,DTT,thong-ke,A01,Điểm thi THPT,2024,28.5,Thống kê
65016,DTT,thong-ke,A01,Điểm học bạ,2025,26.5,Thống kê
65017,DTT,thong-ke,D01,Điểm học bạ,2025,26.75,Thống kê
65018,DTT,thong-ke,A00,Điểm thi THPT,2025,23.75,Thống kê
65019,DTT,thong-ke,A01,Điểm thi THPT,2025,23.5,Thống kê
65020,DTT,thong-ke,C01,Điểm thi THPT,2025,23.9,Thống kê
65021,DTT,thong-ke,D01,Điểm thi THPT,2025,23.5,Thống kê
65022,DTT,thong-ke,D07,Điểm thi THPT,2025,23.5,Thống kê
65023,DTT,thong-ke,X06,Điểm thi THPT,2025,23.9,Thống kê
65024,DTT,thong-ke,X26,Điểm thi THPT,2025,23.5,Thống kê
65025,DTT,thong-ke-chuong-trinh-tieu-chuan,A00,Điểm thi THPT,2021,28.5,Thống kê - Chương trình tiêu chuẩn
65026,DTT,thong-ke-chuong-trinh-tieu-chuan,A01,Điểm thi THPT,2021,28.5,Thống kê - Chương trình tiêu chuẩn
65027,DTT,toan-ung-dung,A00,Điểm thi THPT,2022,31.1,Toán ứng dụng
65028,DTT,toan-ung-dung,A01,Điểm thi THPT,2022,31.1,Toán ứng dụng
65029,DTT,toan-ung-dung,A01,Điểm học bạ,2023,29.0,Toán ứng dụng
65030,DTT,toan-ung-dung,A00,Điểm thi THPT,2023,31.3,Toán ứng dụng
65031,DTT,toan-ung-dung,A01,Điểm thi THPT,2023,31.3,Toán ứng dụng
65032,DTT,toan-ung-dung,A01,Điểm học bạ,2024,29.75,Toán ứng dụng
65033,DTT,toan-ung-dung,A00,Điểm thi THPT,2024,31.0,Toán ứng dụng
65034,DTT,toan-ung-dung,A01,Điểm thi THPT,2024,31.0,Toán ứng dụng
65035,DTT,toan-ung-dung,A01,Điểm học bạ,2025,32.52,Toán ứng dụng
65036,DTT,toan-ung-dung,D01,Điểm học bạ,2025,32.77,Toán ứng dụng
65037,DTT,toan-ung-dung,A00,Điểm thi THPT,2025,26.39,Toán ứng dụng
65038,DTT,toan-ung-dung,A01,Điểm thi THPT,2025,26.14,Toán ứng dụng
65039,DTT,toan-ung-dung,C01,Điểm thi THPT,2025,26.54,Toán ứng dụng
65040,DTT,toan-ung-dung,D01,Điểm thi THPT,2025,26.14,Toán ứng dụng
65041,DTT,toan-ung-dung,D07,Điểm thi THPT,2025,26.14,Toán ứng dụng
65042,DTT,toan-ung-dung,X06,Điểm thi THPT,2025,26.54,Toán ứng dụng
65043,DTT,toan-ung-dung,X26,Điểm thi THPT,2025,26.14,Toán ứng dụng
65044,DTT,toan-ung-dung-chuong-trinh-tieu-chuan,A00,Điểm thi THPT,2021,29.5,Toán ứng dụng - Chương trình tiêu chuẩn
65045,DTT,toan-ung-dung-chuong-trinh-tieu-chuan,A01,Điểm thi THPT,2021,29.5,Toán ứng dụng - Chương trình tiêu chuẩn
65046,DTT,viet-nam-hoc,A01,Điểm thi THPT,2022,31.8,Việt Nam học (chuyên ngành: Du lịch và lữ hành)
65047,DTT,viet-nam-hoc,C00,Điểm thi THPT,2022,31.8,Việt Nam học (chuyên ngành: Du lịch và lữ hành)
65048,DTT,viet-nam-hoc,C01,Điểm thi THPT,2022,31.8,Việt Nam học (chuyên ngành: Du lịch và lữ hành)
65049,DTT,viet-nam-hoc,D01,Điểm thi THPT,2022,31.8,Việt Nam học (chuyên ngành: Du lịch và lữ hành)
65050,DTT,viet-nam-hoc,D14,Điểm học bạ,2023,34.25,Việt Nam học (Chuyên ngành: Du lịch và lữ hành)
65051,DTT,viet-nam-hoc,A01,Điểm thi THPT,2023,31.4,Việt Nam học (Chuyên ngành: Du lịch và lữ hành)
65052,DTT,viet-nam-hoc,C00,Điểm thi THPT,2023,31.4,Việt Nam học (Chuyên ngành: Du lịch và lữ hành)
65053,DTT,viet-nam-hoc,C01,Điểm thi THPT,2023,31.4,Việt Nam học (Chuyên ngành: Du lịch và lữ hành)
65054,DTT,viet-nam-hoc,D01,Điểm thi THPT,2023,31.4,Việt Nam học (Chuyên ngành: Du lịch và lữ hành)
65055,DTT,viet-nam-hoc-chat-luong-cao,A01,Điểm thi THPT,2021,30.8,Việt Nam học (Chuyên ngành: Du lịch và Quản lý du lịch) - Chất lượng cao
65056,DTT,viet-nam-hoc-chat-luong-cao,C00,Điểm thi THPT,2021,30.8,Việt Nam học (Chuyên ngành: Du lịch và Quản lý du lịch) - Chất lượng cao
65057,DTT,viet-nam-hoc-chat-luong-cao,C01,Điểm thi THPT,2021,30.8,Việt Nam học (Chuyên ngành: Du lịch và Quản lý du lịch) - Chất lượng cao
65058,DTT,viet-nam-hoc-chat-luong-cao,D01,Điểm thi THPT,2021,30.8,Việt Nam học (Chuyên ngành: Du lịch và Quản lý du lịch) - Chất lượng cao
65059,DTT,viet-nam-hoc-chat-luong-cao,D14,Điểm học bạ,2023,27.5,Việt Nam học (Chuyên ngành: Du lịch và Quản lý du lịch) - Chất lượng cao
65060,DTT,viet-nam-hoc-chat-luong-cao,A01,Điểm thi THPT,2023,28.5,Việt Nam học (Chuyên ngành: Du lịch và Quản lý du lịch) - Chất lượng cao
65061,DTT,viet-nam-hoc-chat-luong-cao,C00,Điểm thi THPT,2023,28.5,Việt Nam học (Chuyên ngành: Du lịch và Quản lý du lịch) - Chất lượng cao
65062,DTT,viet-nam-hoc-chat-luong-cao,C01,Điểm thi THPT,2023,28.5,Việt Nam học (Chuyên ngành: Du lịch và Quản lý du lịch) - Chất lượng cao
65063,DTT,viet-nam-hoc-chat-luong-cao,D01,Điểm thi THPT,2023,28.5,Việt Nam học (Chuyên ngành: Du lịch và Quản lý du lịch) - Chất lượng cao
65064,DTT,viet-nam-hoc-chuong-trinh-02-nam-dau-hoc-tai-bao-loc,A01,Điểm thi THPT,2021,24.3,Việt Nam học (Chuyên ngành: Du lịch và quản lý du lịch) - Chương trình 02 năm đầu học tại Bảo Lộc
65065,DTT,viet-nam-hoc-chuong-trinh-02-nam-dau-hoc-tai-bao-loc,C00,Điểm thi THPT,2021,24.3,Việt Nam học (Chuyên ngành: Du lịch và quản lý du lịch) - Chương trình 02 năm đầu học tại Bảo Lộc
65066,DTT,viet-nam-hoc-chuong-trinh-02-nam-dau-hoc-tai-bao-loc,C01,Điểm thi THPT,2021,24.3,Việt Nam học (Chuyên ngành: Du lịch và quản lý du lịch) - Chương trình 02 năm đầu học tại Bảo Lộc
65067,DTT,viet-nam-hoc-chuong-trinh-02-nam-dau-hoc-tai-bao-loc,D01,Điểm thi THPT,2021,24.3,Việt Nam học (Chuyên ngành: Du lịch và quản lý du lịch) - Chương trình 02 năm đầu học tại Bảo Lộc
65068,DTT,viet-nam-hoc-chuong-trinh-02-nam-dau-tai-nha-trang,A01,Điểm thi THPT,2021,25.0,Việt Nam học (Chuyên ngành: Du lịch và lữ hành)-Chương trình 02 năm đầu tại Nha Trang
65069,DTT,viet-nam-hoc-chuong-trinh-02-nam-dau-tai-nha-trang,C00,Điểm thi THPT,2021,25.0,Việt Nam học (Chuyên ngành: Du lịch và lữ hành)-Chương trình 02 năm đầu tại Nha Trang
65070,DTT,viet-nam-hoc-chuong-trinh-02-nam-dau-tai-nha-trang,C01,Điểm thi THPT,2021,25.0,Việt Nam học (Chuyên ngành: Du lịch và lữ hành)-Chương trình 02 năm đầu tại Nha Trang
65071,DTT,viet-nam-hoc-chuong-trinh-02-nam-dau-tai-nha-trang,D01,Điểm thi THPT,2021,25.0,Việt Nam học (Chuyên ngành: Du lịch và lữ hành)-Chương trình 02 năm đầu tại Nha Trang
65072,DTT,viet-nam-hoc-chuong-trinh-clc,A01,Điểm thi THPT,2022,27.0,Việt Nam học (chuyên ngành: Du lịch và quản lý du lịch) - chương trình CLC
65073,DTT,viet-nam-hoc-chuong-trinh-clc,C00,Điểm thi THPT,2022,27.0,Việt Nam học (chuyên ngành: Du lịch và quản lý du lịch) - chương trình CLC
65074,DTT,viet-nam-hoc-chuong-trinh-clc,C01,Điểm thi THPT,2022,27.0,Việt Nam học (chuyên ngành: Du lịch và quản lý du lịch) - chương trình CLC
65075,DTT,viet-nam-hoc-chuong-trinh-clc,D01,Điểm thi THPT,2022,27.0,Việt Nam học (chuyên ngành: Du lịch và quản lý du lịch) - chương trình CLC
65076,DTT,viet-nam-hoc-chuong-trinh-dai-hoc-bang-tieng-anh,A01,Điểm thi THPT,2021,25.0,Việt Nam học (Chuyên ngành: Du lịch và Quản lý du lịch) - Chương trình đại học bằng tiếng Anh
65077,DTT,viet-nam-hoc-chuong-trinh-dai-hoc-bang-tieng-anh,C00,Điểm thi THPT,2021,25.0,Việt Nam học (Chuyên ngành: Du lịch và Quản lý du lịch) - Chương trình đại học bằng tiếng Anh
65078,DTT,viet-nam-hoc-chuong-trinh-dai-hoc-bang-tieng-anh,C01,Điểm thi THPT,2021,25.0,Việt Nam học (Chuyên ngành: Du lịch và Quản lý du lịch) - Chương trình đại học bằng tiếng Anh
65079,DTT,viet-nam-hoc-chuong-trinh-dai-hoc-bang-tieng-anh,D01,Điểm thi THPT,2021,25.0,Việt Nam học (Chuyên ngành: Du lịch và Quản lý du lịch) - Chương trình đại học bằng tiếng Anh
65080,DTT,viet-nam-hoc-chuong-trinh-dai-hoc-bang-tieng-anh,R00,Điểm học bạ,2022,28.0,Việt Nam học (chuyên ngành: Du lịch và quản lý du lịch) - chương trình đại học bằng Tiếng Anh
65081,DTT,viet-nam-hoc-chuong-trinh-dai-hoc-bang-tieng-anh,E01,Điểm thi THPT,2022,24.0,Việt Nam học (chuyên ngành: Du lịch và quản lý du lịch) - chương trình đại học bằng Tiếng Anh
65082,DTT,viet-nam-hoc-chuong-trinh-dai-hoc-bang-tieng-anh,E03,Điểm thi THPT,2022,24.0,Việt Nam học (chuyên ngành: Du lịch và quản lý du lịch) - chương trình đại học bằng Tiếng Anh
65083,DTT,viet-nam-hoc-chuong-trinh-dai-hoc-bang-tieng-anh,E04,Điểm thi THPT,2022,24.0,Việt Nam học (chuyên ngành: Du lịch và quản lý du lịch) - chương trình đại học bằng Tiếng Anh
65084,DTT,viet-nam-hoc-chuong-trinh-dai-hoc-bang-tieng-anh,E06,Điểm thi THPT,2022,24.0,Việt Nam học (chuyên ngành: Du lịch và quản lý du lịch) - chương trình đại học bằng Tiếng Anh
65085,DTT,viet-nam-hoc-chuong-trinh-dai-hoc-bang-tieng-anh,A01,Điểm thi THPT,2023,24.0,Việt Nam học (Chuyên ngành: Du lịch và Quản lý du lịch) - Chương trình đại học bằng tiếng Anh
65086,DTT,viet-nam-hoc-chuong-trinh-dai-hoc-bang-tieng-anh,D01,Điểm thi THPT,2023,24.0,Việt Nam học (Chuyên ngành: Du lịch và Quản lý du lịch) - Chương trình đại học bằng tiếng Anh
65087,DTT,viet-nam-hoc-chuong-trinh-dai-hoc-bang-tieng-anh,E01,Điểm thi THPT,2023,24.0,Việt Nam học (Chuyên ngành: Du lịch và Quản lý du lịch) - Chương trình đại học bằng tiếng Anh
65088,DTT,viet-nam-hoc-chuong-trinh-dai-hoc-bang-tieng-anh,E04,Điểm thi THPT,2023,24.0,Việt Nam học (Chuyên ngành: Du lịch và Quản lý du lịch) - Chương trình đại học bằng tiếng Anh
65089,DTT,viet-nam-hoc-chuong-trinh-hoc-phan-hieu-khanh-hoa,A01,Điểm thi THPT,2022,24.0,Việt Nam học (chuyên ngành: Du lịch và lữ hành) - chương trình học Phân hiệu Khánh Hòa
65090,DTT,viet-nam-hoc-chuong-trinh-hoc-phan-hieu-khanh-hoa,C00,Điểm thi THPT,2022,24.0,Việt Nam học (chuyên ngành: Du lịch và lữ hành) - chương trình học Phân hiệu Khánh Hòa
65091,DTT,viet-nam-hoc-chuong-trinh-hoc-phan-hieu-khanh-hoa,C01,Điểm thi THPT,2022,24.0,Việt Nam học (chuyên ngành: Du lịch và lữ hành) - chương trình học Phân hiệu Khánh Hòa
65092,DTT,viet-nam-hoc-chuong-trinh-hoc-phan-hieu-khanh-hoa,D01,Điểm thi THPT,2022,24.0,Việt Nam học (chuyên ngành: Du lịch và lữ hành) - chương trình học Phân hiệu Khánh Hòa
65093,DTT,viet-nam-hoc-chuong-trinh-hoc-tai-phan-hieu-khanh-hoa,D14,Điểm học bạ,2023,27.0,Việt Nam học (Chuyên ngành: Du lịch và lữ hành) - Chương trình học tại Phân hiệu Khánh Hòa
65094,DTT,viet-nam-hoc-chuong-trinh-hoc-tai-phan-hieu-khanh-hoa,A01,Điểm thi THPT,2023,22.0,Việt Nam học (Chuyên ngành: Du lịch và lữ hành) - Chương trình học tại phân hiệu Khánh Hòa
65095,DTT,viet-nam-hoc-chuong-trinh-hoc-tai-phan-hieu-khanh-hoa,C00,Điểm thi THPT,2023,22.0,Việt Nam học (Chuyên ngành: Du lịch và lữ hành) - Chương trình học tại phân hiệu Khánh Hòa
65096,DTT,viet-nam-hoc-chuong-trinh-hoc-tai-phan-hieu-khanh-hoa,C01,Điểm thi THPT,2023,22.0,Việt Nam học (Chuyên ngành: Du lịch và lữ hành) - Chương trình học tại phân hiệu Khánh Hòa
65097,DTT,viet-nam-hoc-chuong-trinh-hoc-tai-phan-hieu-khanh-hoa,D01,Điểm thi THPT,2023,22.0,Việt Nam học (Chuyên ngành: Du lịch và lữ hành) - Chương trình học tại phân hiệu Khánh Hòa
65098,DTT,viet-nam-hoc-chuong-trinh-tieu-chuan,A01,Điểm thi THPT,2021,33.3,Việt Nam học (Chuyên ngành: Du lịch và lữ hành) - Chương trình tiêu chuẩn
65099,DTT,viet-nam-hoc-chuong-trinh-tieu-chuan,C00,Điểm thi THPT,2021,33.3,Việt Nam học (Chuyên ngành: Du lịch và lữ hành) - Chương trình tiêu chuẩn
65100,DTT,viet-nam-hoc-chuong-trinh-tieu-chuan,C01,Điểm thi THPT,2021,33.3,Việt Nam học (Chuyên ngành: Du lịch và lữ hành) - Chương trình tiêu chuẩn
65101,DTT,viet-nam-hoc-chuong-trinh-tieu-chuan,D01,Điểm thi THPT,2021,33.3,Việt Nam học (Chuyên ngành: Du lịch và lữ hành) - Chương trình tiêu chuẩn
65102,DTT,xa-hoi-hoc,A00,Điểm thi THPT,2022,28.5,Xã hội học
65103,DTT,xa-hoi-hoc,A01,Điểm thi THPT,2022,28.5,Xã hội học
65104,DTT,xa-hoi-hoc,D01,Điểm thi THPT,2022,28.5,Xã hội học
65105,DTT,xa-hoi-hoc,D07,Điểm thi THPT,2022,28.5,Xã hội học
65106,DTT,xa-hoi-hoc,D14,Điểm học bạ,2023,33.25,Xã hội học
65107,DTT,xa-hoi-hoc,A01,Điểm thi THPT,2023,31.25,Xã hội học
65108,DTT,xa-hoi-hoc,C00,Điểm thi THPT,2023,31.25,Xã hội học
65109,DTT,xa-hoi-hoc,C01,Điểm thi THPT,2023,31.25,Xã hội học
65110,DTT,xa-hoi-hoc,D01,Điểm thi THPT,2023,31.25,Xã hội học
65111,DTT,xa-hoi-hoc,D14,Điểm học bạ,2024,34.0,Xã hội học
65112,DTT,xa-hoi-hoc,A01,Điểm thi THPT,2024,32.3,Xã hội học
65113,DTT,xa-hoi-hoc,C00,Điểm thi THPT,2024,32.3,Xã hội học
65114,DTT,xa-hoi-hoc,C01,Điểm thi THPT,2024,32.3,Xã hội học
65115,DTT,xa-hoi-hoc,D01,Điểm thi THPT,2024,32.3,Xã hội học
65116,DTT,xa-hoi-hoc,D01,Điểm học bạ,2025,36.88,Xã hội học
65117,DTT,xa-hoi-hoc,D14,Điểm học bạ,2025,36.88,Xã hội học
65118,DTT,xa-hoi-hoc,C00,Điểm thi THPT,2025,31.76,Xã hội học
65119,DTT,xa-hoi-hoc,C01,Điểm thi THPT,2025,31.51,Xã hội học
65120,DTT,xa-hoi-hoc,C02,Điểm thi THPT,2025,31.26,Xã hội học
65121,DTT,xa-hoi-hoc,C03,Điểm thi THPT,2025,31.51,Xã hội học
65122,DTT,xa-hoi-hoc,C04,Điểm thi THPT,2025,31.51,Xã hội học
65123,DTT,xa-hoi-hoc,D01,Điểm thi THPT,2025,31.26,Xã hội học
65124,DTT,xa-hoi-hoc,D14,Điểm thi THPT,2025,31.51,Xã hội học
65125,DTT,xa-hoi-hoc-chuong-trinh-tieu-chuan,A01,Điểm thi THPT,2021,32.9,Xã hội học - Chương trình tiêu chuẩn
65126,DTT,xa-hoi-hoc-chuong-trinh-tieu-chuan,C00,Điểm thi THPT,2021,32.9,Xã hội học - Chương trình tiêu chuẩn
65127,DTT,xa-hoi-hoc-chuong-trinh-tieu-chuan,C01,Điểm thi THPT,2021,32.9,Xã hội học - Chương trình tiêu chuẩn
65128,DTT,xa-hoi-hoc-chuong-trinh-tieu-chuan,D01,Điểm thi THPT,2021,32.9,Xã hội học - Chương trình tiêu chuẩn
65129,DTV,bac-si-thu-y,A02,Điểm học bạ,2024,15.0,Bác sĩ thú y
65130,DTV,bac-si-thu-y,A03,Điểm học bạ,2024,15.0,Bác sĩ thú y
65131,DTV,bac-si-thu-y,B00,Điểm học bạ,2024,15.0,Bác sĩ thú y
65132,DTV,bac-si-thu-y,A02,Điểm thi THPT,2024,15.0,Bác sĩ thú y
65133,DTV,bac-si-thu-y,A03,Điểm thi THPT,2024,15.0,Bác sĩ thú y
65134,DTV,bac-si-thu-y,B00,Điểm thi THPT,2024,15.0,Bác sĩ thú y
65135,DTV,cong-nghe-ky-thuat-dien-dien-tu,A00,Điểm học bạ,2024,15.0,"Công nghệ kỹ thuật điện, điện tử"
65136,DTV,cong-nghe-ky-thuat-dien-dien-tu,A01,Điểm học bạ,2024,15.0,"Công nghệ kỹ thuật điện, điện tử"
65137,DTV,cong-nghe-ky-thuat-dien-dien-tu,C01,Điểm học bạ,2024,15.0,"Công nghệ kỹ thuật điện, điện tử"
65138,DTV,cong-nghe-ky-thuat-dien-dien-tu,A00,Điểm thi THPT,2024,15.0,"Công nghệ kỹ thuật điện, điện tử"
65139,DTV,cong-nghe-ky-thuat-dien-dien-tu,A01,Điểm thi THPT,2024,15.0,"Công nghệ kỹ thuật điện, điện tử"
65140,DTV,cong-nghe-ky-thuat-dien-dien-tu,C01,Điểm thi THPT,2024,15.0,"Công nghệ kỹ thuật điện, điện tử"
65141,DTV,cong-nghe-ky-thuat-dien-dien-tu,A00,Điểm học bạ,2025,15.0,Công nghệ kỹ thuật điện; điện tử
65142,DTV,cong-nghe-ky-thuat-dien-dien-tu,B00,Điểm học bạ,2025,15.0,Công nghệ kỹ thuật điện; điện tử
65143,DTV,cong-nghe-ky-thuat-dien-dien-tu,C01,Điểm học bạ,2025,15.0,Công nghệ kỹ thuật điện; điện tử
65144,DTV,cong-nghe-ky-thuat-dien-dien-tu,C02,Điểm học bạ,2025,15.0,Công nghệ kỹ thuật điện; điện tử
65145,DTV,cong-nghe-ky-thuat-dien-dien-tu,C03,Điểm học bạ,2025,15.0,Công nghệ kỹ thuật điện; điện tử
65146,DTV,cong-nghe-ky-thuat-dien-dien-tu,C04,Điểm học bạ,2025,15.0,Công nghệ kỹ thuật điện; điện tử
65147,DTV,cong-nghe-ky-thuat-dien-dien-tu,C05,Điểm học bạ,2025,15.0,Công nghệ kỹ thuật điện; điện tử
65148,DTV,cong-nghe-ky-thuat-dien-dien-tu,C06,Điểm học bạ,2025,15.0,Công nghệ kỹ thuật điện; điện tử
65149,DTV,cong-nghe-ky-thuat-dien-dien-tu,C07,Điểm học bạ,2025,15.0,Công nghệ kỹ thuật điện; điện tử
65150,DTV,cong-nghe-ky-thuat-dien-dien-tu,C09,Điểm học bạ,2025,15.0,Công nghệ kỹ thuật điện; điện tử
65151,DTV,cong-nghe-ky-thuat-dien-dien-tu,C14,Điểm học bạ,2025,15.0,Công nghệ kỹ thuật điện; điện tử
65152,DTV,cong-nghe-ky-thuat-dien-dien-tu,C15,Điểm học bạ,2025,15.0,Công nghệ kỹ thuật điện; điện tử
65153,DTV,cong-nghe-ky-thuat-dien-dien-tu,C16,Điểm học bạ,2025,15.0,Công nghệ kỹ thuật điện; điện tử
65154,DTV,cong-nghe-ky-thuat-dien-dien-tu,D01,Điểm học bạ,2025,15.0,Công nghệ kỹ thuật điện; điện tử
65155,DTV,cong-nghe-ky-thuat-dien-dien-tu,D07,Điểm học bạ,2025,15.0,Công nghệ kỹ thuật điện; điện tử
65156,DTV,cong-nghe-ky-thuat-dien-dien-tu,D08,Điểm học bạ,2025,15.0,Công nghệ kỹ thuật điện; điện tử
65157,DTV,cong-nghe-ky-thuat-dien-dien-tu,D09,Điểm học bạ,2025,15.0,Công nghệ kỹ thuật điện; điện tử
65158,DTV,cong-nghe-ky-thuat-dien-dien-tu,D10,Điểm học bạ,2025,15.0,Công nghệ kỹ thuật điện; điện tử
65159,DTV,cong-nghe-ky-thuat-dien-dien-tu,D11,Điểm học bạ,2025,15.0,Công nghệ kỹ thuật điện; điện tử
65160,DTV,cong-nghe-ky-thuat-dien-dien-tu,A00,Điểm thi THPT,2025,15.0,Công nghệ kỹ thuật điện; điện tử
65161,DTV,cong-nghe-ky-thuat-dien-dien-tu,B00,Điểm thi THPT,2025,15.0,Công nghệ kỹ thuật điện; điện tử
65162,DTV,cong-nghe-ky-thuat-dien-dien-tu,C01,Điểm thi THPT,2025,15.0,Công nghệ kỹ thuật điện; điện tử
65163,DTV,cong-nghe-ky-thuat-dien-dien-tu,C02,Điểm thi THPT,2025,15.0,Công nghệ kỹ thuật điện; điện tử
65164,DTV,cong-nghe-ky-thuat-dien-dien-tu,C03,Điểm thi THPT,2025,15.0,Công nghệ kỹ thuật điện; điện tử
65165,DTV,cong-nghe-ky-thuat-dien-dien-tu,C04,Điểm thi THPT,2025,15.0,Công nghệ kỹ thuật điện; điện tử
65166,DTV,cong-nghe-ky-thuat-dien-dien-tu,C05,Điểm thi THPT,2025,15.0,Công nghệ kỹ thuật điện; điện tử
65167,DTV,cong-nghe-ky-thuat-dien-dien-tu,C06,Điểm thi THPT,2025,15.0,Công nghệ kỹ thuật điện; điện tử
65168,DTV,cong-nghe-ky-thuat-dien-dien-tu,C07,Điểm thi THPT,2025,15.0,Công nghệ kỹ thuật điện; điện tử
65169,DTV,cong-nghe-ky-thuat-dien-dien-tu,C09,Điểm thi THPT,2025,15.0,Công nghệ kỹ thuật điện; điện tử
65170,DTV,cong-nghe-ky-thuat-dien-dien-tu,C14,Điểm thi THPT,2025,15.0,Công nghệ kỹ thuật điện; điện tử
65171,DTV,cong-nghe-ky-thuat-dien-dien-tu,C15,Điểm thi THPT,2025,15.0,Công nghệ kỹ thuật điện; điện tử
65172,DTV,cong-nghe-ky-thuat-dien-dien-tu,C16,Điểm thi THPT,2025,15.0,Công nghệ kỹ thuật điện; điện tử
65173,DTV,cong-nghe-ky-thuat-dien-dien-tu,D01,Điểm thi THPT,2025,15.0,Công nghệ kỹ thuật điện; điện tử
65174,DTV,cong-nghe-ky-thuat-dien-dien-tu,D07,Điểm thi THPT,2025,15.0,Công nghệ kỹ thuật điện; điện tử
65175,DTV,cong-nghe-ky-thuat-dien-dien-tu,D08,Điểm thi THPT,2025,15.0,Công nghệ kỹ thuật điện; điện tử
65176,DTV,cong-nghe-ky-thuat-dien-dien-tu,D09,Điểm thi THPT,2025,15.0,Công nghệ kỹ thuật điện; điện tử
65177,DTV,cong-nghe-ky-thuat-dien-dien-tu,D10,Điểm thi THPT,2025,15.0,Công nghệ kỹ thuật điện; điện tử
65178,DTV,cong-nghe-ky-thuat-dien-dien-tu,D11,Điểm thi THPT,2025,15.0,Công nghệ kỹ thuật điện; điện tử
65179,DTV,cong-nghe-thong-tin,A00,Điểm học bạ,2025,15.0,Công nghệ thông tin
65180,DTV,cong-nghe-thong-tin,B00,Điểm học bạ,2025,15.0,Công nghệ thông tin
65181,DTV,cong-nghe-thong-tin,C01,Điểm học bạ,2025,15.0,Công nghệ thông tin
65182,DTV,cong-nghe-thong-tin,C02,Điểm học bạ,2025,15.0,Công nghệ thông tin
65183,DTV,cong-nghe-thong-tin,C03,Điểm học bạ,2025,15.0,Công nghệ thông tin
65184,DTV,cong-nghe-thong-tin,C04,Điểm học bạ,2025,15.0,Công nghệ thông tin
65185,DTV,cong-nghe-thong-tin,C05,Điểm học bạ,2025,15.0,Công nghệ thông tin
65186,DTV,cong-nghe-thong-tin,C06,Điểm học bạ,2025,15.0,Công nghệ thông tin
65187,DTV,cong-nghe-thong-tin,C07,Điểm học bạ,2025,15.0,Công nghệ thông tin
65188,DTV,cong-nghe-thong-tin,C09,Điểm học bạ,2025,15.0,Công nghệ thông tin
65189,DTV,cong-nghe-thong-tin,C14,Điểm học bạ,2025,15.0,Công nghệ thông tin
65190,DTV,cong-nghe-thong-tin,C15,Điểm học bạ,2025,15.0,Công nghệ thông tin
65191,DTV,cong-nghe-thong-tin,C16,Điểm học bạ,2025,15.0,Công nghệ thông tin
65192,DTV,cong-nghe-thong-tin,D01,Điểm học bạ,2025,15.0,Công nghệ thông tin
65193,DTV,cong-nghe-thong-tin,D07,Điểm học bạ,2025,15.0,Công nghệ thông tin
65194,DTV,cong-nghe-thong-tin,D08,Điểm học bạ,2025,15.0,Công nghệ thông tin
65195,DTV,cong-nghe-thong-tin,D09,Điểm học bạ,2025,15.0,Công nghệ thông tin
65196,DTV,cong-nghe-thong-tin,D10,Điểm học bạ,2025,15.0,Công nghệ thông tin
65197,DTV,cong-nghe-thong-tin,D11,Điểm học bạ,2025,15.0,Công nghệ thông tin
65198,DTV,cong-nghe-thong-tin,A00,Điểm thi THPT,2025,15.0,Công nghệ thông tin
65199,DTV,cong-nghe-thong-tin,B00,Điểm thi THPT,2025,15.0,Công nghệ thông tin
65200,DTV,cong-nghe-thong-tin,C01,Điểm thi THPT,2025,15.0,Công nghệ thông tin
65201,DTV,cong-nghe-thong-tin,C02,Điểm thi THPT,2025,15.0,Công nghệ thông tin
65202,DTV,cong-nghe-thong-tin,C03,Điểm thi THPT,2025,15.0,Công nghệ thông tin
65203,DTV,cong-nghe-thong-tin,C04,Điểm thi THPT,2025,15.0,Công nghệ thông tin
65204,DTV,cong-nghe-thong-tin,C05,Điểm thi THPT,2025,15.0,Công nghệ thông tin
65205,DTV,cong-nghe-thong-tin,C06,Điểm thi THPT,2025,15.0,Công nghệ thông tin
65206,DTV,cong-nghe-thong-tin,C07,Điểm thi THPT,2025,15.0,Công nghệ thông tin
65207,DTV,cong-nghe-thong-tin,C09,Điểm thi THPT,2025,15.0,Công nghệ thông tin
65208,DTV,cong-nghe-thong-tin,C14,Điểm thi THPT,2025,15.0,Công nghệ thông tin
65209,DTV,cong-nghe-thong-tin,C15,Điểm thi THPT,2025,15.0,Công nghệ thông tin
65210,DTV,cong-nghe-thong-tin,C16,Điểm thi THPT,2025,15.0,Công nghệ thông tin
65211,DTV,cong-nghe-thong-tin,D01,Điểm thi THPT,2025,15.0,Công nghệ thông tin
65212,DTV,cong-nghe-thong-tin,D07,Điểm thi THPT,2025,15.0,Công nghệ thông tin
65213,DTV,cong-nghe-thong-tin,D08,Điểm thi THPT,2025,15.0,Công nghệ thông tin
65214,DTV,cong-nghe-thong-tin,D09,Điểm thi THPT,2025,15.0,Công nghệ thông tin
65215,DTV,cong-nghe-thong-tin,D10,Điểm thi THPT,2025,15.0,Công nghệ thông tin
65216,DTV,cong-nghe-thong-tin,D11,Điểm thi THPT,2025,15.0,Công nghệ thông tin
65217,DTV,ke-toan,A00,Điểm học bạ,2024,15.0,Kế toán
65218,DTV,ke-toan,A01,Điểm học bạ,2024,15.0,Kế toán
65219,DTV,ke-toan,C01,Điểm học bạ,2024,15.0,Kế toán
65220,DTV,ke-toan,A00,Điểm thi THPT,2024,15.0,Kế toán
65221,DTV,ke-toan,A01,Điểm thi THPT,2024,15.0,Kế toán
65222,DTV,ke-toan,C01,Điểm thi THPT,2024,15.0,Kế toán
65223,DTV,ke-toan,A00,Điểm học bạ,2025,15.0,Kế toán
65224,DTV,ke-toan,B00,Điểm học bạ,2025,15.0,Kế toán
65225,DTV,ke-toan,C01,Điểm học bạ,2025,15.0,Kế toán
65226,DTV,ke-toan,C02,Điểm học bạ,2025,15.0,Kế toán
65227,DTV,ke-toan,C03,Điểm học bạ,2025,15.0,Kế toán
65228,DTV,ke-toan,C04,Điểm học bạ,2025,15.0,Kế toán
65229,DTV,ke-toan,C14,Điểm học bạ,2025,15.0,Kế toán
65230,DTV,ke-toan,C15,Điểm học bạ,2025,15.0,Kế toán
65231,DTV,ke-toan,D01,Điểm học bạ,2025,15.0,Kế toán
65232,DTV,ke-toan,D07,Điểm học bạ,2025,15.0,Kế toán
65233,DTV,ke-toan,D08,Điểm học bạ,2025,15.0,Kế toán
65234,DTV,ke-toan,D09,Điểm học bạ,2025,15.0,Kế toán
65235,DTV,ke-toan,D10,Điểm học bạ,2025,15.0,Kế toán
65236,DTV,ke-toan,A00,Điểm thi THPT,2025,15.0,Kế toán
65237,DTV,ke-toan,B00,Điểm thi THPT,2025,15.0,Kế toán
65238,DTV,ke-toan,C01,Điểm thi THPT,2025,15.0,Kế toán
65239,DTV,ke-toan,C02,Điểm thi THPT,2025,15.0,Kế toán
65240,DTV,ke-toan,C03,Điểm thi THPT,2025,15.0,Kế toán
65241,DTV,ke-toan,C04,Điểm thi THPT,2025,15.0,Kế toán
65242,DTV,ke-toan,C14,Điểm thi THPT,2025,15.0,Kế toán
65243,DTV,ke-toan,C15,Điểm thi THPT,2025,15.0,Kế toán
65244,DTV,ke-toan,D01,Điểm thi THPT,2025,15.0,Kế toán
65245,DTV,ke-toan,D07,Điểm thi THPT,2025,15.0,Kế toán
65246,DTV,ke-toan,D08,Điểm thi THPT,2025,15.0,Kế toán
65247,DTV,ke-toan,D09,Điểm thi THPT,2025,15.0,Kế toán
65248,DTV,ke-toan,D10,Điểm thi THPT,2025,15.0,Kế toán
65249,DTV,ky-su-cong-nghe-thong-tin,A00,Điểm học bạ,2024,15.0,Kỹ sư công nghệ thông tin
65250,DTV,ky-su-cong-nghe-thong-tin,A01,Điểm học bạ,2024,15.0,Kỹ sư công nghệ thông tin
65251,DTV,ky-su-cong-nghe-thong-tin,C01,Điểm học bạ,2024,15.0,Kỹ sư công nghệ thông tin
65252,DTV,ky-su-cong-nghe-thong-tin,A00,Điểm thi THPT,2024,15.0,Kỹ sư công nghệ thông tin
65253,DTV,ky-su-cong-nghe-thong-tin,A01,Điểm thi THPT,2024,15.0,Kỹ sư công nghệ thông tin
65254,DTV,ky-su-cong-nghe-thong-tin,C01,Điểm thi THPT,2024,15.0,Kỹ sư công nghệ thông tin
65255,DTV,ky-thuat-phuc-hoi-chuc-nang,A00,Điểm học bạ,2025,19.2,Kỹ thuật phục hồi chức năng
65256,DTV,ky-thuat-phuc-hoi-chuc-nang,B00,Điểm học bạ,2025,19.2,Kỹ thuật phục hồi chức năng
65257,DTV,ky-thuat-phuc-hoi-chuc-nang,D01,Điểm học bạ,2025,19.2,Kỹ thuật phục hồi chức năng
65258,DTV,ky-thuat-phuc-hoi-chuc-nang,D07,Điểm học bạ,2025,19.2,Kỹ thuật phục hồi chức năng
65259,DTV,ky-thuat-phuc-hoi-chuc-nang,D08,Điểm học bạ,2025,19.2,Kỹ thuật phục hồi chức năng
65260,DTV,ky-thuat-phuc-hoi-chuc-nang,D09,Điểm học bạ,2025,19.2,Kỹ thuật phục hồi chức năng
65261,DTV,ky-thuat-phuc-hoi-chuc-nang,D10,Điểm học bạ,2025,19.2,Kỹ thuật phục hồi chức năng
65262,DTV,ky-thuat-phuc-hoi-chuc-nang,A00,Điểm thi THPT,2025,17.0,Kỹ thuật phục hồi chức năng
65263,DTV,ky-thuat-phuc-hoi-chuc-nang,B00,Điểm thi THPT,2025,17.0,Kỹ thuật phục hồi chức năng
65264,DTV,ky-thuat-phuc-hoi-chuc-nang,D01,Điểm thi THPT,2025,17.0,Kỹ thuật phục hồi chức năng
65265,DTV,ky-thuat-phuc-hoi-chuc-nang,D07,Điểm thi THPT,2025,17.0,Kỹ thuật phục hồi chức năng
65266,DTV,ky-thuat-phuc-hoi-chuc-nang,D08,Điểm thi THPT,2025,17.0,Kỹ thuật phục hồi chức năng
65267,DTV,ky-thuat-phuc-hoi-chuc-nang,D09,Điểm thi THPT,2025,17.0,Kỹ thuật phục hồi chức năng
65268,DTV,ky-thuat-phuc-hoi-chuc-nang,D10,Điểm thi THPT,2025,17.0,Kỹ thuật phục hồi chức năng
65269,DTV,ky-thuat-xay-dung,A00,Điểm học bạ,2024,15.0,Kỹ thuật xây dựng
65270,DTV,ky-thuat-xay-dung,A01,Điểm học bạ,2024,15.0,Kỹ thuật xây dựng
65271,DTV,ky-thuat-xay-dung,C01,Điểm học bạ,2024,15.0,Kỹ thuật xây dựng
65272,DTV,ky-thuat-xay-dung,A00,Điểm thi THPT,2024,15.0,Kỹ thuật xây dựng
65273,DTV,ky-thuat-xay-dung,A01,Điểm thi THPT,2024,15.0,Kỹ thuật xây dựng
65274,DTV,ky-thuat-xay-dung,C01,Điểm thi THPT,2024,15.0,Kỹ thuật xây dựng
65275,DTV,ky-thuat-xay-dung,A00,Điểm học bạ,2025,15.0,Kỹ thuật xây dựng
65276,DTV,ky-thuat-xay-dung,B00,Điểm học bạ,2025,15.0,Kỹ thuật xây dựng
65277,DTV,ky-thuat-xay-dung,C01,Điểm học bạ,2025,15.0,Kỹ thuật xây dựng
65278,DTV,ky-thuat-xay-dung,C02,Điểm học bạ,2025,15.0,Kỹ thuật xây dựng
65279,DTV,ky-thuat-xay-dung,C03,Điểm học bạ,2025,15.0,Kỹ thuật xây dựng
65280,DTV,ky-thuat-xay-dung,C04,Điểm học bạ,2025,15.0,Kỹ thuật xây dựng
65281,DTV,ky-thuat-xay-dung,C05,Điểm học bạ,2025,15.0,Kỹ thuật xây dựng
65282,DTV,ky-thuat-xay-dung,C06,Điểm học bạ,2025,15.0,Kỹ thuật xây dựng
65283,DTV,ky-thuat-xay-dung,C07,Điểm học bạ,2025,15.0,Kỹ thuật xây dựng
65284,DTV,ky-thuat-xay-dung,C09,Điểm học bạ,2025,15.0,Kỹ thuật xây dựng
65285,DTV,ky-thuat-xay-dung,C14,Điểm học bạ,2025,15.0,Kỹ thuật xây dựng
65286,DTV,ky-thuat-xay-dung,C15,Điểm học bạ,2025,15.0,Kỹ thuật xây dựng
65287,DTV,ky-thuat-xay-dung,C16,Điểm học bạ,2025,15.0,Kỹ thuật xây dựng
65288,DTV,ky-thuat-xay-dung,D01,Điểm học bạ,2025,15.0,Kỹ thuật xây dựng
65289,DTV,ky-thuat-xay-dung,D07,Điểm học bạ,2025,15.0,Kỹ thuật xây dựng
65290,DTV,ky-thuat-xay-dung,D08,Điểm học bạ,2025,15.0,Kỹ thuật xây dựng
65291,DTV,ky-thuat-xay-dung,D09,Điểm học bạ,2025,15.0,Kỹ thuật xây dựng
65292,DTV,ky-thuat-xay-dung,D10,Điểm học bạ,2025,15.0,Kỹ thuật xây dựng
65293,DTV,ky-thuat-xay-dung,D11,Điểm học bạ,2025,15.0,Kỹ thuật xây dựng
65294,DTV,ky-thuat-xay-dung,A00,Điểm thi THPT,2025,15.0,Kỹ thuật xây dựng
65295,DTV,ky-thuat-xay-dung,B00,Điểm thi THPT,2025,15.0,Kỹ thuật xây dựng
65296,DTV,ky-thuat-xay-dung,C01,Điểm thi THPT,2025,15.0,Kỹ thuật xây dựng
65297,DTV,ky-thuat-xay-dung,C02,Điểm thi THPT,2025,15.0,Kỹ thuật xây dựng
65298,DTV,ky-thuat-xay-dung,C03,Điểm thi THPT,2025,15.0,Kỹ thuật xây dựng
65299,DTV,ky-thuat-xay-dung,C04,Điểm thi THPT,2025,15.0,Kỹ thuật xây dựng
65300,DTV,ky-thuat-xay-dung,C05,Điểm thi THPT,2025,15.0,Kỹ thuật xây dựng
65301,DTV,ky-thuat-xay-dung,C06,Điểm thi THPT,2025,15.0,Kỹ thuật xây dựng
65302,DTV,ky-thuat-xay-dung,C07,Điểm thi THPT,2025,15.0,Kỹ thuật xây dựng
65303,DTV,ky-thuat-xay-dung,C09,Điểm thi THPT,2025,15.0,Kỹ thuật xây dựng
65304,DTV,ky-thuat-xay-dung,C14,Điểm thi THPT,2025,15.0,Kỹ thuật xây dựng
65305,DTV,ky-thuat-xay-dung,C15,Điểm thi THPT,2025,15.0,Kỹ thuật xây dựng
65306,DTV,ky-thuat-xay-dung,C16,Điểm thi THPT,2025,15.0,Kỹ thuật xây dựng
65307,DTV,ky-thuat-xay-dung,D01,Điểm thi THPT,2025,15.0,Kỹ thuật xây dựng
65308,DTV,ky-thuat-xay-dung,D07,Điểm thi THPT,2025,15.0,Kỹ thuật xây dựng
65309,DTV,ky-thuat-xay-dung,D08,Điểm thi THPT,2025,15.0,Kỹ thuật xây dựng
65310,DTV,ky-thuat-xay-dung,D09,Điểm thi THPT,2025,15.0,Kỹ thuật xây dựng
65311,DTV,ky-thuat-xay-dung,D10,Điểm thi THPT,2025,15.0,Kỹ thuật xây dựng
65312,DTV,ky-thuat-xay-dung,D11,Điểm thi THPT,2025,15.0,Kỹ thuật xây dựng
65313,DTV,ky-thuat-xay-dung-cong-trinh-giao-thong,A00,Điểm học bạ,2024,15.0,Kỹ thuật xây dựng công trình giao thông
65314,DTV,ky-thuat-xay-dung-cong-trinh-giao-thong,A01,Điểm học bạ,2024,15.0,Kỹ thuật xây dựng công trình giao thông
65315,DTV,ky-thuat-xay-dung-cong-trinh-giao-thong,C01,Điểm học bạ,2024,15.0,Kỹ thuật xây dựng công trình giao thông
65316,DTV,ky-thuat-xay-dung-cong-trinh-giao-thong,A00,Điểm thi THPT,2024,15.0,Kỹ thuật xây dựng công trình giao thông
65317,DTV,ky-thuat-xay-dung-cong-trinh-giao-thong,A01,Điểm thi THPT,2024,15.0,Kỹ thuật xây dựng công trình giao thông
65318,DTV,ky-thuat-xay-dung-cong-trinh-giao-thong,C01,Điểm thi THPT,2024,15.0,Kỹ thuật xây dựng công trình giao thông
65319,DTV,ky-thuat-xay-dung-cong-trinh-giao-thong,A00,Điểm học bạ,2025,15.0,Kỹ thuật xây dựng công trình giao thông
65320,DTV,ky-thuat-xay-dung-cong-trinh-giao-thong,B00,Điểm học bạ,2025,15.0,Kỹ thuật xây dựng công trình giao thông
65321,DTV,ky-thuat-xay-dung-cong-trinh-giao-thong,C01,Điểm học bạ,2025,15.0,Kỹ thuật xây dựng công trình giao thông
65322,DTV,ky-thuat-xay-dung-cong-trinh-giao-thong,C02,Điểm học bạ,2025,15.0,Kỹ thuật xây dựng công trình giao thông
65323,DTV,ky-thuat-xay-dung-cong-trinh-giao-thong,C03,Điểm học bạ,2025,15.0,Kỹ thuật xây dựng công trình giao thông
65324,DTV,ky-thuat-xay-dung-cong-trinh-giao-thong,C04,Điểm học bạ,2025,15.0,Kỹ thuật xây dựng công trình giao thông
65325,DTV,ky-thuat-xay-dung-cong-trinh-giao-thong,C05,Điểm học bạ,2025,15.0,Kỹ thuật xây dựng công trình giao thông
65326,DTV,ky-thuat-xay-dung-cong-trinh-giao-thong,C06,Điểm học bạ,2025,15.0,Kỹ thuật xây dựng công trình giao thông
65327,DTV,ky-thuat-xay-dung-cong-trinh-giao-thong,C07,Điểm học bạ,2025,15.0,Kỹ thuật xây dựng công trình giao thông
65328,DTV,ky-thuat-xay-dung-cong-trinh-giao-thong,C09,Điểm học bạ,2025,15.0,Kỹ thuật xây dựng công trình giao thông
65329,DTV,ky-thuat-xay-dung-cong-trinh-giao-thong,C14,Điểm học bạ,2025,15.0,Kỹ thuật xây dựng công trình giao thông
65330,DTV,ky-thuat-xay-dung-cong-trinh-giao-thong,C15,Điểm học bạ,2025,15.0,Kỹ thuật xây dựng công trình giao thông
65331,DTV,ky-thuat-xay-dung-cong-trinh-giao-thong,C16,Điểm học bạ,2025,15.0,Kỹ thuật xây dựng công trình giao thông
65332,DTV,ky-thuat-xay-dung-cong-trinh-giao-thong,D01,Điểm học bạ,2025,15.0,Kỹ thuật xây dựng công trình giao thông
65333,DTV,ky-thuat-xay-dung-cong-trinh-giao-thong,D07,Điểm học bạ,2025,15.0,Kỹ thuật xây dựng công trình giao thông
65334,DTV,ky-thuat-xay-dung-cong-trinh-giao-thong,D08,Điểm học bạ,2025,15.0,Kỹ thuật xây dựng công trình giao thông
65335,DTV,ky-thuat-xay-dung-cong-trinh-giao-thong,D09,Điểm học bạ,2025,15.0,Kỹ thuật xây dựng công trình giao thông
65336,DTV,ky-thuat-xay-dung-cong-trinh-giao-thong,D10,Điểm học bạ,2025,15.0,Kỹ thuật xây dựng công trình giao thông
65337,DTV,ky-thuat-xay-dung-cong-trinh-giao-thong,D11,Điểm học bạ,2025,15.0,Kỹ thuật xây dựng công trình giao thông
65338,DTV,ky-thuat-xay-dung-cong-trinh-giao-thong,A00,Điểm thi THPT,2025,15.0,Kỹ thuật xây dựng công trình giao thông
65339,DTV,ky-thuat-xay-dung-cong-trinh-giao-thong,B00,Điểm thi THPT,2025,15.0,Kỹ thuật xây dựng công trình giao thông
65340,DTV,ky-thuat-xay-dung-cong-trinh-giao-thong,C01,Điểm thi THPT,2025,15.0,Kỹ thuật xây dựng công trình giao thông
65341,DTV,ky-thuat-xay-dung-cong-trinh-giao-thong,C02,Điểm thi THPT,2025,15.0,Kỹ thuật xây dựng công trình giao thông
65342,DTV,ky-thuat-xay-dung-cong-trinh-giao-thong,C03,Điểm thi THPT,2025,15.0,Kỹ thuật xây dựng công trình giao thông
65343,DTV,ky-thuat-xay-dung-cong-trinh-giao-thong,C04,Điểm thi THPT,2025,15.0,Kỹ thuật xây dựng công trình giao thông
65344,DTV,ky-thuat-xay-dung-cong-trinh-giao-thong,C05,Điểm thi THPT,2025,15.0,Kỹ thuật xây dựng công trình giao thông
65345,DTV,ky-thuat-xay-dung-cong-trinh-giao-thong,C06,Điểm thi THPT,2025,15.0,Kỹ thuật xây dựng công trình giao thông
65346,DTV,ky-thuat-xay-dung-cong-trinh-giao-thong,C07,Điểm thi THPT,2025,15.0,Kỹ thuật xây dựng công trình giao thông
65347,DTV,ky-thuat-xay-dung-cong-trinh-giao-thong,C09,Điểm thi THPT,2025,15.0,Kỹ thuật xây dựng công trình giao thông
65348,DTV,ky-thuat-xay-dung-cong-trinh-giao-thong,C14,Điểm thi THPT,2025,15.0,Kỹ thuật xây dựng công trình giao thông
65349,DTV,ky-thuat-xay-dung-cong-trinh-giao-thong,C15,Điểm thi THPT,2025,15.0,Kỹ thuật xây dựng công trình giao thông
65350,DTV,ky-thuat-xay-dung-cong-trinh-giao-thong,C16,Điểm thi THPT,2025,15.0,Kỹ thuật xây dựng công trình giao thông
65351,DTV,ky-thuat-xay-dung-cong-trinh-giao-thong,D01,Điểm thi THPT,2025,15.0,Kỹ thuật xây dựng công trình giao thông
65352,DTV,ky-thuat-xay-dung-cong-trinh-giao-thong,D07,Điểm thi THPT,2025,15.0,Kỹ thuật xây dựng công trình giao thông
65353,DTV,ky-thuat-xay-dung-cong-trinh-giao-thong,D08,Điểm thi THPT,2025,15.0,Kỹ thuật xây dựng công trình giao thông
65354,DTV,ky-thuat-xay-dung-cong-trinh-giao-thong,D09,Điểm thi THPT,2025,15.0,Kỹ thuật xây dựng công trình giao thông
65355,DTV,ky-thuat-xay-dung-cong-trinh-giao-thong,D10,Điểm thi THPT,2025,15.0,Kỹ thuật xây dựng công trình giao thông
65356,DTV,ky-thuat-xay-dung-cong-trinh-giao-thong,D11,Điểm thi THPT,2025,15.0,Kỹ thuật xây dựng công trình giao thông
65357,DTV,ngon-ngu-anh,C00,Điểm học bạ,2024,15.0,Ngôn ngữ Anh
65358,DTV,ngon-ngu-anh,D01,Điểm học bạ,2024,15.0,Ngôn ngữ Anh
65359,DTV,ngon-ngu-anh,D07,Điểm học bạ,2024,15.0,Ngôn ngữ Anh
65360,DTV,ngon-ngu-anh,D14,Điểm học bạ,2024,15.0,Ngôn ngữ Anh
65361,DTV,ngon-ngu-anh,C00,Điểm thi THPT,2024,15.0,Ngôn ngữ Anh
65362,DTV,ngon-ngu-anh,D01,Điểm thi THPT,2024,15.0,Ngôn ngữ Anh
65363,DTV,ngon-ngu-anh,D07,Điểm thi THPT,2024,15.0,Ngôn ngữ Anh
65364,DTV,ngon-ngu-anh,D14,Điểm thi THPT,2024,15.0,Ngôn ngữ Anh
65365,DTV,ngon-ngu-anh,A01,Điểm học bạ,2025,15.0,Ngôn ngữ Anh
65366,DTV,ngon-ngu-anh,B08,Điểm học bạ,2025,15.0,Ngôn ngữ Anh
65367,DTV,ngon-ngu-anh,C00,Điểm học bạ,2025,15.0,Ngôn ngữ Anh
65368,DTV,ngon-ngu-anh,D01,Điểm học bạ,2025,15.0,Ngôn ngữ Anh
65369,DTV,ngon-ngu-anh,A01,Điểm thi THPT,2025,15.0,Ngôn ngữ Anh
65370,DTV,ngon-ngu-anh,B08,Điểm thi THPT,2025,15.0,Ngôn ngữ Anh
65371,DTV,ngon-ngu-anh,C00,Điểm thi THPT,2025,15.0,Ngôn ngữ Anh
65372,DTV,ngon-ngu-anh,D01,Điểm thi THPT,2025,15.0,Ngôn ngữ Anh
65373,DTV,quan-tri-kinh-doanh,A00,Điểm học bạ,2024,15.0,Quản trị kinh doanh
65374,DTV,quan-tri-kinh-doanh,A01,Điểm học bạ,2024,15.0,Quản trị kinh doanh
65375,DTV,quan-tri-kinh-doanh,C01,Điểm học bạ,2024,15.0,Quản trị kinh doanh
65376,DTV,quan-tri-kinh-doanh,A00,Điểm thi THPT,2024,15.0,Quản trị kinh doanh
65377,DTV,quan-tri-kinh-doanh,A01,Điểm thi THPT,2024,15.0,Quản trị kinh doanh
65378,DTV,quan-tri-kinh-doanh,C01,Điểm thi THPT,2024,15.0,Quản trị kinh doanh
65379,DTV,quan-tri-kinh-doanh,A00,Điểm học bạ,2025,15.0,Quản trị kinh doanh
65380,DTV,quan-tri-kinh-doanh,B00,Điểm học bạ,2025,15.0,Quản trị kinh doanh
65381,DTV,quan-tri-kinh-doanh,C01,Điểm học bạ,2025,15.0,Quản trị kinh doanh
65382,DTV,quan-tri-kinh-doanh,C02,Điểm học bạ,2025,15.0,Quản trị kinh doanh
65383,DTV,quan-tri-kinh-doanh,C03,Điểm học bạ,2025,15.0,Quản trị kinh doanh
65384,DTV,quan-tri-kinh-doanh,C04,Điểm học bạ,2025,15.0,Quản trị kinh doanh
65385,DTV,quan-tri-kinh-doanh,C14,Điểm học bạ,2025,15.0,Quản trị kinh doanh
65386,DTV,quan-tri-kinh-doanh,C15,Điểm học bạ,2025,15.0,Quản trị kinh doanh
65387,DTV,quan-tri-kinh-doanh,D01,Điểm học bạ,2025,15.0,Quản trị kinh doanh
65388,DTV,quan-tri-kinh-doanh,D07,Điểm học bạ,2025,15.0,Quản trị kinh doanh
65389,DTV,quan-tri-kinh-doanh,D08,Điểm học bạ,2025,15.0,Quản trị kinh doanh
65390,DTV,quan-tri-kinh-doanh,D09,Điểm học bạ,2025,15.0,Quản trị kinh doanh
65391,DTV,quan-tri-kinh-doanh,D10,Điểm học bạ,2025,15.0,Quản trị kinh doanh
65392,DTV,quan-tri-kinh-doanh,A00,Điểm thi THPT,2025,15.0,Quản trị kinh doanh
65393,DTV,quan-tri-kinh-doanh,B00,Điểm thi THPT,2025,15.0,Quản trị kinh doanh
65394,DTV,quan-tri-kinh-doanh,C01,Điểm thi THPT,2025,15.0,Quản trị kinh doanh
65395,DTV,quan-tri-kinh-doanh,C02,Điểm thi THPT,2025,15.0,Quản trị kinh doanh
65396,DTV,quan-tri-kinh-doanh,C03,Điểm thi THPT,2025,15.0,Quản trị kinh doanh
65397,DTV,quan-tri-kinh-doanh,C04,Điểm thi THPT,2025,15.0,Quản trị kinh doanh
65398,DTV,quan-tri-kinh-doanh,C14,Điểm thi THPT,2025,15.0,Quản trị kinh doanh
65399,DTV,quan-tri-kinh-doanh,C15,Điểm thi THPT,2025,15.0,Quản trị kinh doanh
65400,DTV,quan-tri-kinh-doanh,D01,Điểm thi THPT,2025,15.0,Quản trị kinh doanh
65401,DTV,quan-tri-kinh-doanh,D07,Điểm thi THPT,2025,15.0,Quản trị kinh doanh
65402,DTV,quan-tri-kinh-doanh,D08,Điểm thi THPT,2025,15.0,Quản trị kinh doanh
65403,DTV,quan-tri-kinh-doanh,D09,Điểm thi THPT,2025,15.0,Quản trị kinh doanh
65404,DTV,quan-tri-kinh-doanh,D10,Điểm thi THPT,2025,15.0,Quản trị kinh doanh
65405,DTV,tai-chinh-ngan-hang,A00,Điểm học bạ,2024,15.0,Tài chính - Ngân hàng
65406,DTV,tai-chinh-ngan-hang,A01,Điểm học bạ,2024,15.0,Tài chính - Ngân hàng
65407,DTV,tai-chinh-ngan-hang,C01,Điểm học bạ,2024,15.0,Tài chính - Ngân hàng
65408,DTV,tai-chinh-ngan-hang,A00,Điểm thi THPT,2024,15.0,Tài chính - Ngân hàng
65409,DTV,tai-chinh-ngan-hang,A01,Điểm thi THPT,2024,15.0,Tài chính - Ngân hàng
65410,DTV,tai-chinh-ngan-hang,C01,Điểm thi THPT,2024,15.0,Tài chính - Ngân hàng
65411,DTV,tai-chinh-ngan-hang,A00,Điểm học bạ,2025,15.0,Tài chính - Ngân hàng
65412,DTV,tai-chinh-ngan-hang,B00,Điểm học bạ,2025,15.0,Tài chính - Ngân hàng
65413,DTV,tai-chinh-ngan-hang,C01,Điểm học bạ,2025,15.0,Tài chính - Ngân hàng
65414,DTV,tai-chinh-ngan-hang,C02,Điểm học bạ,2025,15.0,Tài chính - Ngân hàng
65415,DTV,tai-chinh-ngan-hang,C03,Điểm học bạ,2025,15.0,Tài chính - Ngân hàng
65416,DTV,tai-chinh-ngan-hang,C04,Điểm học bạ,2025,15.0,Tài chính - Ngân hàng
65417,DTV,tai-chinh-ngan-hang,C14,Điểm học bạ,2025,15.0,Tài chính - Ngân hàng
65418,DTV,tai-chinh-ngan-hang,C15,Điểm học bạ,2025,15.0,Tài chính - Ngân hàng
65419,DTV,tai-chinh-ngan-hang,D01,Điểm học bạ,2025,15.0,Tài chính - Ngân hàng
65420,DTV,tai-chinh-ngan-hang,D07,Điểm học bạ,2025,15.0,Tài chính - Ngân hàng
65421,DTV,tai-chinh-ngan-hang,D08,Điểm học bạ,2025,15.0,Tài chính - Ngân hàng
65422,DTV,tai-chinh-ngan-hang,D09,Điểm học bạ,2025,15.0,Tài chính - Ngân hàng
65423,DTV,tai-chinh-ngan-hang,D10,Điểm học bạ,2025,15.0,Tài chính - Ngân hàng
65424,DTV,tai-chinh-ngan-hang,A00,Điểm thi THPT,2025,15.0,Tài chính - Ngân hàng
65425,DTV,tai-chinh-ngan-hang,B00,Điểm thi THPT,2025,15.0,Tài chính - Ngân hàng
65426,DTV,tai-chinh-ngan-hang,C01,Điểm thi THPT,2025,15.0,Tài chính - Ngân hàng
65427,DTV,tai-chinh-ngan-hang,C02,Điểm thi THPT,2025,15.0,Tài chính - Ngân hàng
65428,DTV,tai-chinh-ngan-hang,C03,Điểm thi THPT,2025,15.0,Tài chính - Ngân hàng
65429,DTV,tai-chinh-ngan-hang,C04,Điểm thi THPT,2025,15.0,Tài chính - Ngân hàng
65430,DTV,tai-chinh-ngan-hang,C14,Điểm thi THPT,2025,15.0,Tài chính - Ngân hàng
65431,DTV,tai-chinh-ngan-hang,C15,Điểm thi THPT,2025,15.0,Tài chính - Ngân hàng
65432,DTV,tai-chinh-ngan-hang,D01,Điểm thi THPT,2025,15.0,Tài chính - Ngân hàng
65433,DTV,tai-chinh-ngan-hang,D07,Điểm thi THPT,2025,15.0,Tài chính - Ngân hàng
65434,DTV,tai-chinh-ngan-hang,D08,Điểm thi THPT,2025,15.0,Tài chính - Ngân hàng
65435,DTV,tai-chinh-ngan-hang,D09,Điểm thi THPT,2025,15.0,Tài chính - Ngân hàng
65436,DTV,tai-chinh-ngan-hang,D10,Điểm thi THPT,2025,15.0,Tài chính - Ngân hàng
65437,DTV,thu-y,A02,Điểm học bạ,2025,15.0,Thú y
65438,DTV,thu-y,B00,Điểm học bạ,2025,15.0,Thú y
65439,DTV,thu-y,C12,Điểm học bạ,2025,15.0,Thú y
65440,DTV,thu-y,C13,Điểm học bạ,2025,15.0,Thú y
65441,DTV,thu-y,C18,Điểm học bạ,2025,15.0,Thú y
65442,DTV,thu-y,D01,Điểm học bạ,2025,15.0,Thú y
65443,DTV,thu-y,D07,Điểm học bạ,2025,15.0,Thú y
65444,DTV,thu-y,D08,Điểm học bạ,2025,15.0,Thú y
65445,DTV,thu-y,A02,Điểm thi THPT,2025,15.0,Thú y
65446,DTV,thu-y,B00,Điểm thi THPT,2025,15.0,Thú y
65447,DTV,thu-y,C12,Điểm thi THPT,2025,15.0,Thú y
65448,DTV,thu-y,C13,Điểm thi THPT,2025,15.0,Thú y
65449,DTV,thu-y,C18,Điểm thi THPT,2025,15.0,Thú y
65450,DTV,thu-y,D01,Điểm thi THPT,2025,15.0,Thú y
65451,DTV,thu-y,D07,Điểm thi THPT,2025,15.0,Thú y
65452,DTV,thu-y,D08,Điểm thi THPT,2025,15.0,Thú y
65453,DTV,y-hoc-co-truyen,A00,Điểm học bạ,2024,24.0,Y học cổ truyền
65454,DTV,y-hoc-co-truyen,B00,Điểm học bạ,2024,24.0,Y học cổ truyền
65455,DTV,y-hoc-co-truyen,D07,Điểm học bạ,2024,24.0,Y học cổ truyền
65456,DTV,y-hoc-co-truyen,D08,Điểm học bạ,2024,24.0,Y học cổ truyền
65457,DTV,y-hoc-co-truyen,A00,Điểm thi THPT,2024,21.0,Y học cổ truyền
65458,DTV,y-hoc-co-truyen,B00,Điểm thi THPT,2024,21.0,Y học cổ truyền
65459,DTV,y-hoc-co-truyen,D07,Điểm thi THPT,2024,21.0,Y học cổ truyền
65460,DTV,y-hoc-co-truyen,D08,Điểm thi THPT,2024,21.0,Y học cổ truyền
65461,DTV,y-hoc-co-truyen,A00,Điểm học bạ,2025,23.0,Y học cổ truyền
65462,DTV,y-hoc-co-truyen,B00,Điểm học bạ,2025,23.0,Y học cổ truyền
65463,DTV,y-hoc-co-truyen,D01,Điểm học bạ,2025,23.0,Y học cổ truyền
65464,DTV,y-hoc-co-truyen,D07,Điểm học bạ,2025,23.0,Y học cổ truyền
65465,DTV,y-hoc-co-truyen,D08,Điểm học bạ,2025,23.0,Y học cổ truyền
65466,DTV,y-hoc-co-truyen,D09,Điểm học bạ,2025,23.0,Y học cổ truyền
65467,DTV,y-hoc-co-truyen,D10,Điểm học bạ,2025,23.0,Y học cổ truyền
65468,DTV,y-hoc-co-truyen,A00,Điểm thi THPT,2025,19.0,Y học cổ truyền
65469,DTV,y-hoc-co-truyen,B00,Điểm thi THPT,2025,19.0,Y học cổ truyền
65470,DTV,y-hoc-co-truyen,D01,Điểm thi THPT,2025,19.0,Y học cổ truyền
65471,DTV,y-hoc-co-truyen,D07,Điểm thi THPT,2025,19.0,Y học cổ truyền
65472,DTV,y-hoc-co-truyen,D08,Điểm thi THPT,2025,19.0,Y học cổ truyền
65473,DTV,y-hoc-co-truyen,D09,Điểm thi THPT,2025,19.0,Y học cổ truyền
65474,DTV,y-hoc-co-truyen,D10,Điểm thi THPT,2025,19.0,Y học cổ truyền
65475,DTY,dieu-duong,B00,Điểm học bạ,2021,25.85,Điều dưỡng
65476,DTY,dieu-duong,D07,Điểm học bạ,2021,25.85,Điều dưỡng
65477,DTY,dieu-duong,D08,Điểm học bạ,2021,25.85,Điều dưỡng
65478,DTY,dieu-duong,B00,Điểm thi THPT,2021,21.5,Điều dưỡng
65479,DTY,dieu-duong,D07,Điểm thi THPT,2021,21.5,Điều dưỡng
65480,DTY,dieu-duong,D08,Điểm thi THPT,2021,21.5,Điều dưỡng
65481,DTY,dieu-duong,B00,Điểm học bạ,2022,19.6,Diều dưỡng
65482,DTY,dieu-duong,D07,Điểm học bạ,2022,19.6,Diều dưỡng
65483,DTY,dieu-duong,D08,Điểm học bạ,2022,19.6,Diều dưỡng
65484,DTY,dieu-duong,B00,Điểm thi THPT,2022,19.0,Diều dưỡng
65485,DTY,dieu-duong,D07,Điểm thi THPT,2022,19.0,Diều dưỡng
65486,DTY,dieu-duong,D08,Điểm thi THPT,2022,19.0,Diều dưỡng
65487,DTY,dieu-duong,B00,Điểm học bạ,2023,22.0,Điều dưỡng
65488,DTY,dieu-duong,D07,Điểm học bạ,2023,22.0,Điều dưỡng
65489,DTY,dieu-duong,D12,Điểm học bạ,2023,22.0,Điều dưỡng
65490,DTY,dieu-duong,B00,Điểm thi THPT,2023,20.0,Điều dưỡng
65491,DTY,dieu-duong,D07,Điểm thi THPT,2023,20.0,Điều dưỡng
65492,DTY,dieu-duong,D12,Điểm thi THPT,2023,20.0,Điều dưỡng
65493,DTY,dieu-duong,B00,Điểm học bạ,2024,23.3,Điều dưỡng
65494,DTY,dieu-duong,D07,Điểm học bạ,2024,23.3,Điều dưỡng
65495,DTY,dieu-duong,D08,Điểm học bạ,2024,23.3,Điều dưỡng
65496,DTY,dieu-duong,B00,Điểm thi THPT,2024,21.8,Điều dưỡng
65497,DTY,dieu-duong,D07,Điểm thi THPT,2024,21.8,Điều dưỡng
65498,DTY,dieu-duong,D08,Điểm thi THPT,2024,21.8,Điều dưỡng
65499,DTY,dieu-duong,A00,Điểm học bạ,2025,20.0,Điều dưỡng
65500,DTY,dieu-duong,A02,Điểm học bạ,2025,20.0,Điều dưỡng
65501,DTY,dieu-duong,B00,Điểm học bạ,2025,20.0,Điều dưỡng
65502,DTY,dieu-duong,D01,Điểm học bạ,2025,20.0,Điều dưỡng
65503,DTY,dieu-duong,D07,Điểm học bạ,2025,20.0,Điều dưỡng
65504,DTY,dieu-duong,D08,Điểm học bạ,2025,20.0,Điều dưỡng
65505,DTY,dieu-duong,A00,Điểm thi THPT,2025,20.0,Điều dưỡng
65506,DTY,dieu-duong,A02,Điểm thi THPT,2025,20.0,Điều dưỡng
65507,DTY,dieu-duong,B00,Điểm thi THPT,2025,20.0,Điều dưỡng
65508,DTY,dieu-duong,D01,Điểm thi THPT,2025,20.0,Điều dưỡng
65509,DTY,dieu-duong,D07,Điểm thi THPT,2025,20.0,Điều dưỡng
65510,DTY,dieu-duong,D08,Điểm thi THPT,2025,20.0,Điều dưỡng
65511,DTY,duoc-hoc,A00,Điểm học bạ,2021,29.47,Dược học
65512,DTY,duoc-hoc,B00,Điểm học bạ,2021,29.47,Dược học
65513,DTY,duoc-hoc,D07,Điểm học bạ,2021,29.47,Dược học
65514,DTY,duoc-hoc,A00,Điểm thi THPT,2021,25.2,Dược học
65515,DTY,duoc-hoc,B00,Điểm thi THPT,2021,25.2,Dược học
65516,DTY,duoc-hoc,D07,Điểm thi THPT,2021,25.2,Dược học
65517,DTY,duoc-hoc,A00,Điểm học bạ,2022,23.0,Dược học
65518,DTY,duoc-hoc,B00,Điểm học bạ,2022,23.0,Dược học
65519,DTY,duoc-hoc,D07,Điểm học bạ,2022,23.0,Dược học
65520,DTY,duoc-hoc,A00,Điểm thi THPT,2022,24.8,Dược học
65521,DTY,duoc-hoc,B00,Điểm thi THPT,2022,24.8,Dược học
65522,DTY,duoc-hoc,D07,Điểm thi THPT,2022,24.8,Dược học
65523,DTY,duoc-hoc,B00,Điểm học bạ,2023,26.0,Dược học
65524,DTY,duoc-hoc,D07,Điểm học bạ,2023,26.0,Dược học
65525,DTY,duoc-hoc,D09,Điểm học bạ,2023,26.0,Dược học
65526,DTY,duoc-hoc,B00,Điểm thi THPT,2023,24.7,Dược học
65527,DTY,duoc-hoc,D07,Điểm thi THPT,2023,24.7,Dược học
65528,DTY,duoc-hoc,D09,Điểm thi THPT,2023,24.7,Dược học
65529,DTY,duoc-hoc,A00,Điểm học bạ,2024,25.8,Dược học
65530,DTY,duoc-hoc,B00,Điểm học bạ,2024,25.8,Dược học
65531,DTY,duoc-hoc,D07,Điểm học bạ,2024,25.8,Dược học
65532,DTY,duoc-hoc,A00,Điểm thi THPT,2024,24.75,Dược học
65533,DTY,duoc-hoc,B00,Điểm thi THPT,2024,24.75,Dược học
65534,DTY,duoc-hoc,D07,Điểm thi THPT,2024,24.75,Dược học
65535,DTY,duoc-hoc,A00,Điểm học bạ,2025,22.8,Dược học
65536,DTY,duoc-hoc,A01,Điểm học bạ,2025,22.8,Dược học
65537,DTY,duoc-hoc,A02,Điểm học bạ,2025,22.8,Dược học
65538,DTY,duoc-hoc,B00,Điểm học bạ,2025,22.8,Dược học
65539,DTY,duoc-hoc,D07,Điểm học bạ,2025,22.8,Dược học
65540,DTY,duoc-hoc,D08,Điểm học bạ,2025,22.8,Dược học
65541,DTY,duoc-hoc,A00,Điểm thi THPT,2025,22.8,Dược học
65542,DTY,duoc-hoc,A01,Điểm thi THPT,2025,22.8,Dược học
65543,DTY,duoc-hoc,A02,Điểm thi THPT,2025,22.8,Dược học
65544,DTY,duoc-hoc,B00,Điểm thi THPT,2025,22.8,Dược học
65545,DTY,duoc-hoc,D07,Điểm thi THPT,2025,22.8,Dược học
65546,DTY,duoc-hoc,D08,Điểm thi THPT,2025,22.8,Dược học
65547,DTY,ho-sinh,B00,Điểm học bạ,2021,24.81,Hộ sinh
65548,DTY,ho-sinh,D07,Điểm học bạ,2021,24.81,Hộ sinh
65549,DTY,ho-sinh,D08,Điểm học bạ,2021,24.81,Hộ sinh
65550,DTY,ho-sinh,B00,Điểm thi THPT,2021,19.15,Hộ sinh
65551,DTY,ho-sinh,D07,Điểm thi THPT,2021,19.15,Hộ sinh
65552,DTY,ho-sinh,D08,Điểm thi THPT,2021,19.15,Hộ sinh
65553,DTY,ho-sinh,B00,Điểm học bạ,2022,21.2,Hộ sinh
65554,DTY,ho-sinh,D07,Điểm học bạ,2022,21.2,Hộ sinh
65555,DTY,ho-sinh,D08,Điểm học bạ,2022,21.2,Hộ sinh
65556,DTY,ho-sinh,B00,Điểm thi THPT,2022,19.0,Hộ sinh
65557,DTY,ho-sinh,D07,Điểm thi THPT,2022,19.0,Hộ sinh
65558,DTY,ho-sinh,D08,Điểm thi THPT,2022,19.0,Hộ sinh
65559,DTY,ho-sinh,B00,Điểm học bạ,2023,20.85,Hộ sinh
65560,DTY,ho-sinh,D07,Điểm học bạ,2023,20.85,Hộ sinh
65561,DTY,ho-sinh,D14,Điểm học bạ,2023,20.85,Hộ sinh
65562,DTY,ho-sinh,B00,Điểm thi THPT,2023,19.0,Hộ sinh
65563,DTY,ho-sinh,D07,Điểm thi THPT,2023,19.0,Hộ sinh
65564,DTY,ho-sinh,D14,Điểm thi THPT,2023,19.0,Hộ sinh
65565,DTY,ho-sinh,B00,Điểm học bạ,2024,20.75,Hộ sinh
65566,DTY,ho-sinh,D07,Điểm học bạ,2024,20.75,Hộ sinh
65567,DTY,ho-sinh,D08,Điểm học bạ,2024,20.75,Hộ sinh
65568,DTY,ho-sinh,B00,Điểm thi THPT,2024,19.5,Hộ sinh
65569,DTY,ho-sinh,D07,Điểm thi THPT,2024,19.5,Hộ sinh
65570,DTY,ho-sinh,D08,Điểm thi THPT,2024,19.5,Hộ sinh
65571,DTY,ho-sinh,A00,Điểm học bạ,2025,18.75,Hộ sinh
65572,DTY,ho-sinh,A02,Điểm học bạ,2025,18.75,Hộ sinh
65573,DTY,ho-sinh,B00,Điểm học bạ,2025,18.75,Hộ sinh
65574,DTY,ho-sinh,D01,Điểm học bạ,2025,18.75,Hộ sinh
65575,DTY,ho-sinh,D07,Điểm học bạ,2025,18.75,Hộ sinh
65576,DTY,ho-sinh,D08,Điểm học bạ,2025,18.75,Hộ sinh
65577,DTY,ho-sinh,A00,Điểm thi THPT,2025,18.75,Hộ sinh
65578,DTY,ho-sinh,A02,Điểm thi THPT,2025,18.75,Hộ sinh
65579,DTY,ho-sinh,B00,Điểm thi THPT,2025,18.75,Hộ sinh
65580,DTY,ho-sinh,D01,Điểm thi THPT,2025,18.75,Hộ sinh
65581,DTY,ho-sinh,D07,Điểm thi THPT,2025,18.75,Hộ sinh
65582,DTY,ho-sinh,D08,Điểm thi THPT,2025,18.75,Hộ sinh
65583,DTY,ky-thuat-hinh-anh-y-hoc,B00,Điểm học bạ,2024,21.0,Kỹ thuật hình ảnh y học
65584,DTY,ky-thuat-hinh-anh-y-hoc,D07,Điểm học bạ,2024,21.0,Kỹ thuật hình ảnh y học
65585,DTY,ky-thuat-hinh-anh-y-hoc,D08,Điểm học bạ,2024,21.0,Kỹ thuật hình ảnh y học
65586,DTY,ky-thuat-hinh-anh-y-hoc,B00,Điểm thi THPT,2024,20.0,Kỹ thuật hình ảnh y học
65587,DTY,ky-thuat-hinh-anh-y-hoc,D07,Điểm thi THPT,2024,20.0,Kỹ thuật hình ảnh y học
65588,DTY,ky-thuat-hinh-anh-y-hoc,D08,Điểm thi THPT,2024,20.0,Kỹ thuật hình ảnh y học
65589,DTY,ky-thuat-hinh-anh-y-hoc,A00,Điểm học bạ,2025,21.25,Kỹ thuật hình ảnh y học
65590,DTY,ky-thuat-hinh-anh-y-hoc,A01,Điểm học bạ,2025,21.25,Kỹ thuật hình ảnh y học
65591,DTY,ky-thuat-hinh-anh-y-hoc,A02,Điểm học bạ,2025,21.25,Kỹ thuật hình ảnh y học
65592,DTY,ky-thuat-hinh-anh-y-hoc,B00,Điểm học bạ,2025,21.25,Kỹ thuật hình ảnh y học
65593,DTY,ky-thuat-hinh-anh-y-hoc,D07,Điểm học bạ,2025,21.25,Kỹ thuật hình ảnh y học
65594,DTY,ky-thuat-hinh-anh-y-hoc,D08,Điểm học bạ,2025,21.25,Kỹ thuật hình ảnh y học
65595,DTY,ky-thuat-hinh-anh-y-hoc,A00,Điểm thi THPT,2025,21.25,Kỹ thuật hình ảnh y học
65596,DTY,ky-thuat-hinh-anh-y-hoc,A01,Điểm thi THPT,2025,21.25,Kỹ thuật hình ảnh y học
65597,DTY,ky-thuat-hinh-anh-y-hoc,A02,Điểm thi THPT,2025,21.25,Kỹ thuật hình ảnh y học
65598,DTY,ky-thuat-hinh-anh-y-hoc,B00,Điểm thi THPT,2025,21.25,Kỹ thuật hình ảnh y học
65599,DTY,ky-thuat-hinh-anh-y-hoc,D07,Điểm thi THPT,2025,21.25,Kỹ thuật hình ảnh y học
65600,DTY,ky-thuat-hinh-anh-y-hoc,D08,Điểm thi THPT,2025,21.25,Kỹ thuật hình ảnh y học
65601,DTY,ky-thuat-phuc-hoi-chuc-nang,B00,Điểm học bạ,2024,21.0,Kỹ thuật phục hồi chức năng
65602,DTY,ky-thuat-phuc-hoi-chuc-nang,D07,Điểm học bạ,2024,21.0,Kỹ thuật phục hồi chức năng
65603,DTY,ky-thuat-phuc-hoi-chuc-nang,D08,Điểm học bạ,2024,21.0,Kỹ thuật phục hồi chức năng
65604,DTY,ky-thuat-phuc-hoi-chuc-nang,B00,Điểm thi THPT,2024,20.0,Kỹ thuật phục hồi chức năng
65605,DTY,ky-thuat-phuc-hoi-chuc-nang,D07,Điểm thi THPT,2024,20.0,Kỹ thuật phục hồi chức năng
65606,DTY,ky-thuat-phuc-hoi-chuc-nang,D08,Điểm thi THPT,2024,20.0,Kỹ thuật phục hồi chức năng
65607,DTY,ky-thuat-phuc-hoi-chuc-nang,A00,Điểm học bạ,2025,20.5,Kỹ thuật phục hồi chức năng
65608,DTY,ky-thuat-phuc-hoi-chuc-nang,A01,Điểm học bạ,2025,20.5,Kỹ thuật phục hồi chức năng
65609,DTY,ky-thuat-phuc-hoi-chuc-nang,A02,Điểm học bạ,2025,20.5,Kỹ thuật phục hồi chức năng
65610,DTY,ky-thuat-phuc-hoi-chuc-nang,B00,Điểm học bạ,2025,20.5,Kỹ thuật phục hồi chức năng
65611,DTY,ky-thuat-phuc-hoi-chuc-nang,D07,Điểm học bạ,2025,20.5,Kỹ thuật phục hồi chức năng
65612,DTY,ky-thuat-phuc-hoi-chuc-nang,D08,Điểm học bạ,2025,20.5,Kỹ thuật phục hồi chức năng
65613,DTY,ky-thuat-phuc-hoi-chuc-nang,A00,Điểm thi THPT,2025,20.5,Kỹ thuật phục hồi chức năng
65614,DTY,ky-thuat-phuc-hoi-chuc-nang,A01,Điểm thi THPT,2025,20.5,Kỹ thuật phục hồi chức năng
65615,DTY,ky-thuat-phuc-hoi-chuc-nang,A02,Điểm thi THPT,2025,20.5,Kỹ thuật phục hồi chức năng
65616,DTY,ky-thuat-phuc-hoi-chuc-nang,B00,Điểm thi THPT,2025,20.5,Kỹ thuật phục hồi chức năng
65617,DTY,ky-thuat-phuc-hoi-chuc-nang,D07,Điểm thi THPT,2025,20.5,Kỹ thuật phục hồi chức năng
65618,DTY,ky-thuat-phuc-hoi-chuc-nang,D08,Điểm thi THPT,2025,20.5,Kỹ thuật phục hồi chức năng
65619,DTY,ky-thuat-xet-nghiem-y-hoc,B00,Điểm học bạ,2021,28.78,Kỹ thuật xét nghiệm y học
65620,DTY,ky-thuat-xet-nghiem-y-hoc,D07,Điểm học bạ,2021,28.78,Kỹ thuật xét nghiệm y học
65621,DTY,ky-thuat-xet-nghiem-y-hoc,D08,Điểm học bạ,2021,28.78,Kỹ thuật xét nghiệm y học
65622,DTY,ky-thuat-xet-nghiem-y-hoc,B00,Điểm thi THPT,2021,24.85,Kỹ thuật xét nghiệm y học
65623,DTY,ky-thuat-xet-nghiem-y-hoc,D07,Điểm thi THPT,2021,24.85,Kỹ thuật xét nghiệm y học
65624,DTY,ky-thuat-xet-nghiem-y-hoc,D08,Điểm thi THPT,2021,24.85,Kỹ thuật xét nghiệm y học
65625,DTY,ky-thuat-xet-nghiem-y-hoc,B00,Điểm học bạ,2022,22.5,Kỹ thuật xét nghiệm y học
65626,DTY,ky-thuat-xet-nghiem-y-hoc,D07,Điểm học bạ,2022,22.5,Kỹ thuật xét nghiệm y học
65627,DTY,ky-thuat-xet-nghiem-y-hoc,D08,Điểm học bạ,2022,22.5,Kỹ thuật xét nghiệm y học
65628,DTY,ky-thuat-xet-nghiem-y-hoc,B00,Điểm thi THPT,2022,24.2,Kỹ thuật xét nghiệm y học
65629,DTY,ky-thuat-xet-nghiem-y-hoc,D07,Điểm thi THPT,2022,24.2,Kỹ thuật xét nghiệm y học
65630,DTY,ky-thuat-xet-nghiem-y-hoc,D08,Điểm thi THPT,2022,24.2,Kỹ thuật xét nghiệm y học
65631,DTY,ky-thuat-xet-nghiem-y-hoc,B00,Điểm học bạ,2023,25.75,Kỹ thuật xét nghiệm y học
65632,DTY,ky-thuat-xet-nghiem-y-hoc,D07,Điểm học bạ,2023,25.75,Kỹ thuật xét nghiệm y học
65633,DTY,ky-thuat-xet-nghiem-y-hoc,D13,Điểm học bạ,2023,25.75,Kỹ thuật xét nghiệm y học
65634,DTY,ky-thuat-xet-nghiem-y-hoc,B00,Điểm thi THPT,2023,24.25,Kỹ thuật xét nghiệm y học
65635,DTY,ky-thuat-xet-nghiem-y-hoc,D07,Điểm thi THPT,2023,24.25,Kỹ thuật xét nghiệm y học
65636,DTY,ky-thuat-xet-nghiem-y-hoc,D13,Điểm thi THPT,2023,24.25,Kỹ thuật xét nghiệm y học
65637,DTY,ky-thuat-xet-nghiem-y-hoc,B00,Điểm học bạ,2024,25.0,Kỹ thuật xét nghiệm y học
65638,DTY,ky-thuat-xet-nghiem-y-hoc,D07,Điểm học bạ,2024,25.0,Kỹ thuật xét nghiệm y học
65639,DTY,ky-thuat-xet-nghiem-y-hoc,D08,Điểm học bạ,2024,25.0,Kỹ thuật xét nghiệm y học
65640,DTY,ky-thuat-xet-nghiem-y-hoc,B00,Điểm thi THPT,2024,24.0,Kỹ thuật xét nghiệm y học
65641,DTY,ky-thuat-xet-nghiem-y-hoc,D07,Điểm thi THPT,2024,24.0,Kỹ thuật xét nghiệm y học
65642,DTY,ky-thuat-xet-nghiem-y-hoc,D08,Điểm thi THPT,2024,24.0,Kỹ thuật xét nghiệm y học
65643,DTY,ky-thuat-xet-nghiem-y-hoc,A00,Điểm học bạ,2025,22.5,Kỹ thuật xét nghiệm y học
65644,DTY,ky-thuat-xet-nghiem-y-hoc,A01,Điểm học bạ,2025,22.5,Kỹ thuật xét nghiệm y học
65645,DTY,ky-thuat-xet-nghiem-y-hoc,A02,Điểm học bạ,2025,22.5,Kỹ thuật xét nghiệm y học
65646,DTY,ky-thuat-xet-nghiem-y-hoc,B00,Điểm học bạ,2025,22.5,Kỹ thuật xét nghiệm y học
65647,DTY,ky-thuat-xet-nghiem-y-hoc,D07,Điểm học bạ,2025,22.5,Kỹ thuật xét nghiệm y học
65648,DTY,ky-thuat-xet-nghiem-y-hoc,D08,Điểm học bạ,2025,22.5,Kỹ thuật xét nghiệm y học
65649,DTY,ky-thuat-xet-nghiem-y-hoc,A00,Điểm thi THPT,2025,22.5,Kỹ thuật xét nghiệm y học
65650,DTY,ky-thuat-xet-nghiem-y-hoc,A01,Điểm thi THPT,2025,22.5,Kỹ thuật xét nghiệm y học
65651,DTY,ky-thuat-xet-nghiem-y-hoc,A02,Điểm thi THPT,2025,22.5,Kỹ thuật xét nghiệm y học
65652,DTY,ky-thuat-xet-nghiem-y-hoc,B00,Điểm thi THPT,2025,22.5,Kỹ thuật xét nghiệm y học
65653,DTY,ky-thuat-xet-nghiem-y-hoc,D07,Điểm thi THPT,2025,22.5,Kỹ thuật xét nghiệm y học
65654,DTY,ky-thuat-xet-nghiem-y-hoc,D08,Điểm thi THPT,2025,22.5,Kỹ thuật xét nghiệm y học
65655,DTY,rang-ham-mat,B00,Điểm học bạ,2021,29.72,Răng - Hàm - Mặt
65656,DTY,rang-ham-mat,D07,Điểm học bạ,2021,29.72,Răng - Hàm - Mặt
65657,DTY,rang-ham-mat,D08,Điểm học bạ,2021,29.72,Răng - Hàm - Mặt
65658,DTY,rang-ham-mat,B00,Điểm thi THPT,2021,26.25,Răng - Hàm - Mặt
65659,DTY,rang-ham-mat,D07,Điểm thi THPT,2021,26.25,Răng - Hàm - Mặt
65660,DTY,rang-ham-mat,D08,Điểm thi THPT,2021,26.25,Răng - Hàm - Mặt
65661,DTY,rang-ham-mat,B00,Điểm học bạ,2022,28.0,Răng - Hàm - Mặt
65662,DTY,rang-ham-mat,D07,Điểm học bạ,2022,28.0,Răng - Hàm - Mặt
65663,DTY,rang-ham-mat,D08,Điểm học bạ,2022,28.0,Răng - Hàm - Mặt
65664,DTY,rang-ham-mat,B00,Điểm thi THPT,2022,26.75,Răng - Hàm - Mặt
65665,DTY,rang-ham-mat,D07,Điểm thi THPT,2022,26.75,Răng - Hàm - Mặt
65666,DTY,rang-ham-mat,D08,Điểm thi THPT,2022,26.75,Răng - Hàm - Mặt
65667,DTY,rang-ham-mat,B00,Điểm học bạ,2023,27.45,Răng - Hàm - Mặt
65668,DTY,rang-ham-mat,D07,Điểm học bạ,2023,27.45,Răng - Hàm - Mặt
65669,DTY,rang-ham-mat,D11,Điểm học bạ,2023,27.45,Răng - Hàm - Mặt
65670,DTY,rang-ham-mat,B00,Điểm thi THPT,2023,26.25,Răng - Hàm - Mặt
65671,DTY,rang-ham-mat,D07,Điểm thi THPT,2023,26.25,Răng - Hàm - Mặt
65672,DTY,rang-ham-mat,D11,Điểm thi THPT,2023,26.25,Răng - Hàm - Mặt
65673,DTY,rang-ham-mat,B00,Điểm học bạ,2024,27.65,Răng - Hàm - Mặt
65674,DTY,rang-ham-mat,D07,Điểm học bạ,2024,27.65,Răng - Hàm - Mặt
65675,DTY,rang-ham-mat,D08,Điểm học bạ,2024,27.65,Răng - Hàm - Mặt
65676,DTY,rang-ham-mat,B00,Điểm thi THPT,2024,26.35,Răng - Hàm - Mặt
65677,DTY,rang-ham-mat,D07,Điểm thi THPT,2024,26.35,Răng - Hàm - Mặt
65678,DTY,rang-ham-mat,D08,Điểm thi THPT,2024,26.35,Răng - Hàm - Mặt
65679,DTY,rang-ham-mat,A00,Điểm học bạ,2025,26.15,Răng - Hàm - Mặt
65680,DTY,rang-ham-mat,A02,Điểm học bạ,2025,26.15,Răng - Hàm - Mặt
65681,DTY,rang-ham-mat,B00,Điểm học bạ,2025,26.15,Răng - Hàm - Mặt
65682,DTY,rang-ham-mat,D07,Điểm học bạ,2025,26.15,Răng - Hàm - Mặt
65683,DTY,rang-ham-mat,D08,Điểm học bạ,2025,26.15,Răng - Hàm - Mặt
65684,DTY,rang-ham-mat,A00,Điểm thi THPT,2025,26.15,Răng - Hàm - Mặt
65685,DTY,rang-ham-mat,A02,Điểm thi THPT,2025,26.15,Răng - Hàm - Mặt
65686,DTY,rang-ham-mat,B00,Điểm thi THPT,2025,26.15,Răng - Hàm - Mặt
65687,DTY,rang-ham-mat,D07,Điểm thi THPT,2025,26.15,Răng - Hàm - Mặt
65688,DTY,rang-ham-mat,D08,Điểm thi THPT,2025,26.15,Răng - Hàm - Mặt
65689,DTY,y-hoc-du-phong,B00,Điểm học bạ,2021,27.52,Y học dự phòng
65690,DTY,y-hoc-du-phong,D07,Điểm học bạ,2021,27.52,Y học dự phòng
65691,DTY,y-hoc-du-phong,D08,Điểm học bạ,2021,27.52,Y học dự phòng
65692,DTY,y-hoc-du-phong,B00,Điểm thi THPT,2021,21.8,Y học dự phòng
65693,DTY,y-hoc-du-phong,D07,Điểm thi THPT,2021,21.8,Y học dự phòng
65694,DTY,y-hoc-du-phong,D08,Điểm thi THPT,2021,21.8,Y học dự phòng
65695,DTY,y-hoc-du-phong,B00,Điểm học bạ,2022,22.4,Y học dự phòng
65696,DTY,y-hoc-du-phong,D07,Điểm học bạ,2022,22.4,Y học dự phòng
65697,DTY,y-hoc-du-phong,D08,Điểm học bạ,2022,22.4,Y học dự phòng
65698,DTY,y-hoc-du-phong,B00,Điểm thi THPT,2022,21.8,Y học dự phòng
65699,DTY,y-hoc-du-phong,D07,Điểm thi THPT,2022,21.8,Y học dự phòng
65700,DTY,y-hoc-du-phong,D08,Điểm thi THPT,2022,21.8,Y học dự phòng
65701,DTY,y-hoc-du-phong,B00,Điểm học bạ,2023,22.0,Y học dự phòng
65702,DTY,y-hoc-du-phong,D07,Điểm học bạ,2023,22.0,Y học dự phòng
65703,DTY,y-hoc-du-phong,D10,Điểm học bạ,2023,22.0,Y học dự phòng
65704,DTY,y-hoc-du-phong,B00,Điểm thi THPT,2023,21.25,Y học dự phòng
65705,DTY,y-hoc-du-phong,D07,Điểm thi THPT,2023,21.25,Y học dự phòng
65706,DTY,y-hoc-du-phong,D10,Điểm thi THPT,2023,21.25,Y học dự phòng
65707,DTY,y-hoc-du-phong,B00,Điểm học bạ,2024,22.0,Y học dự phòng
65708,DTY,y-hoc-du-phong,D07,Điểm học bạ,2024,22.0,Y học dự phòng
65709,DTY,y-hoc-du-phong,D08,Điểm học bạ,2024,22.0,Y học dự phòng
65710,DTY,y-hoc-du-phong,B00,Điểm thi THPT,2024,21.0,Y học dự phòng
65711,DTY,y-hoc-du-phong,D07,Điểm thi THPT,2024,21.0,Y học dự phòng
65712,DTY,y-hoc-du-phong,D08,Điểm thi THPT,2024,21.0,Y học dự phòng
65713,DTY,y-hoc-du-phong,A00,Điểm học bạ,2025,18.3,Y học dự phòng
65714,DTY,y-hoc-du-phong,A02,Điểm học bạ,2025,18.3,Y học dự phòng
65715,DTY,y-hoc-du-phong,B00,Điểm học bạ,2025,18.3,Y học dự phòng
65716,DTY,y-hoc-du-phong,D07,Điểm học bạ,2025,18.3,Y học dự phòng
65717,DTY,y-hoc-du-phong,D08,Điểm học bạ,2025,18.3,Y học dự phòng
65718,DTY,y-hoc-du-phong,A00,Điểm thi THPT,2025,18.3,Y học dự phòng
65719,DTY,y-hoc-du-phong,A02,Điểm thi THPT,2025,18.3,Y học dự phòng
65720,DTY,y-hoc-du-phong,B00,Điểm thi THPT,2025,18.3,Y học dự phòng
65721,DTY,y-hoc-du-phong,D07,Điểm thi THPT,2025,18.3,Y học dự phòng
65722,DTY,y-hoc-du-phong,D08,Điểm thi THPT,2025,18.3,Y học dự phòng
65723,DTY,y-khoa,B00,Điểm học bạ,2021,29.71,Y khoa
65724,DTY,y-khoa,D07,Điểm học bạ,2021,29.71,Y khoa
65725,DTY,y-khoa,D08,Điểm học bạ,2021,29.71,Y khoa
65726,DTY,y-khoa,B00,Điểm thi THPT,2021,26.2,Y khoa
65727,DTY,y-khoa,D07,Điểm thi THPT,2021,26.2,Y khoa
65728,DTY,y-khoa,D08,Điểm thi THPT,2021,26.2,Y khoa
65729,DTY,y-khoa,B00,Điểm học bạ,2022,26.5,Y khoa
65730,DTY,y-khoa,D07,Điểm học bạ,2022,26.5,Y khoa
65731,DTY,y-khoa,D08,Điểm học bạ,2022,26.5,Y khoa
65732,DTY,y-khoa,B00,Điểm thi THPT,2022,25.75,Y khoa
65733,DTY,y-khoa,D07,Điểm thi THPT,2022,25.75,Y khoa
65734,DTY,y-khoa,D08,Điểm thi THPT,2022,25.75,Y khoa
65735,DTY,y-khoa,B00,Điểm học bạ,2023,26.75,Y khoa
65736,DTY,y-khoa,D07,Điểm học bạ,2023,26.75,Y khoa
65737,DTY,y-khoa,D08,Điểm học bạ,2023,26.75,Y khoa
65738,DTY,y-khoa,B00,Điểm thi THPT,2023,26.0,Y khoa
65739,DTY,y-khoa,D07,Điểm thi THPT,2023,26.0,Y khoa
65740,DTY,y-khoa,D08,Điểm thi THPT,2023,26.0,Y khoa
65741,DTY,y-khoa,B00,Điểm học bạ,2024,27.3,Y khoa
65742,DTY,y-khoa,D07,Điểm học bạ,2024,27.3,Y khoa
65743,DTY,y-khoa,D08,Điểm học bạ,2024,27.3,Y khoa
65744,DTY,y-khoa,B00,Điểm thi THPT,2024,26.25,Y khoa
65745,DTY,y-khoa,D07,Điểm thi THPT,2024,26.25,Y khoa
65746,DTY,y-khoa,D08,Điểm thi THPT,2024,26.25,Y khoa
65747,DTY,y-khoa,A00,Điểm học bạ,2025,25.85,Y khoa
65748,DTY,y-khoa,A02,Điểm học bạ,2025,25.85,Y khoa
65749,DTY,y-khoa,B00,Điểm học bạ,2025,25.85,Y khoa
65750,DTY,y-khoa,D07,Điểm học bạ,2025,25.85,Y khoa
65751,DTY,y-khoa,D08,Điểm học bạ,2025,25.85,Y khoa
65752,DTY,y-khoa,A00,Điểm thi THPT,2025,25.85,Y khoa
65753,DTY,y-khoa,A02,Điểm thi THPT,2025,25.85,Y khoa
65754,DTY,y-khoa,B00,Điểm thi THPT,2025,25.85,Y khoa
65755,DTY,y-khoa,D07,Điểm thi THPT,2025,25.85,Y khoa
65756,DTY,y-khoa,D08,Điểm thi THPT,2025,25.85,Y khoa
65757,DTZ,bao-chi,C00,Điểm học bạ,2021,18.0,Báo chí
65758,DTZ,bao-chi,C14,Điểm học bạ,2021,18.0,Báo chí
65759,DTZ,bao-chi,D01,Điểm học bạ,2021,18.0,Báo chí
65760,DTZ,bao-chi,D84,Điểm học bạ,2021,18.0,Báo chí
65761,DTZ,bao-chi,C00,Điểm thi THPT,2021,15.0,Báo chí
65762,DTZ,bao-chi,C14,Điểm thi THPT,2021,15.0,Báo chí
65763,DTZ,bao-chi,D01,Điểm thi THPT,2021,15.0,Báo chí
65764,DTZ,bao-chi,D84,Điểm thi THPT,2021,15.0,Báo chí
65765,DTZ,bao-chi,C00,Điểm học bạ,2022,18.0,Báo chí
65766,DTZ,bao-chi,C14,Điểm học bạ,2022,18.0,Báo chí
65767,DTZ,bao-chi,D01,Điểm học bạ,2022,18.0,Báo chí
65768,DTZ,bao-chi,D84,Điểm học bạ,2022,18.0,Báo chí
65769,DTZ,bao-chi,C00,Điểm thi THPT,2022,16.0,Báo chí
65770,DTZ,bao-chi,C14,Điểm thi THPT,2022,16.0,Báo chí
65771,DTZ,bao-chi,D01,Điểm thi THPT,2022,16.0,Báo chí
65772,DTZ,bao-chi,D84,Điểm thi THPT,2022,16.0,Báo chí
65773,DTZ,bao-chi,C00,Điểm học bạ,2023,18.0,Báo chí (Báo chí đa phương tiện)
65774,DTZ,bao-chi,C14,Điểm học bạ,2023,18.0,Báo chí (Báo chí đa phương tiện)
65775,DTZ,bao-chi,D01,Điểm học bạ,2023,18.0,Báo chí (Báo chí đa phương tiện)
65776,DTZ,bao-chi,D84,Điểm học bạ,2023,18.0,Báo chí (Báo chí đa phương tiện)
65777,DTZ,bao-chi,C00,Điểm thi THPT,2023,15.0,Báo chí (Báo chí đa phương tiện)
65778,DTZ,bao-chi,C14,Điểm thi THPT,2023,15.0,Báo chí (Báo chí đa phương tiện)
65779,DTZ,bao-chi,D01,Điểm thi THPT,2023,15.0,Báo chí (Báo chí đa phương tiện)
65780,DTZ,bao-chi,D84,Điểm thi THPT,2023,15.0,Báo chí (Báo chí đa phương tiện)
65781,DTZ,bao-chi,C00,Điểm học bạ,2024,18.0,Báo chí (Báo chí đa phương tiện)
65782,DTZ,bao-chi,C14,Điểm học bạ,2024,18.0,Báo chí (Báo chí đa phương tiện)
65783,DTZ,bao-chi,D01,Điểm học bạ,2024,18.0,Báo chí (Báo chí đa phương tiện)
65784,DTZ,bao-chi,D84,Điểm học bạ,2024,18.0,Báo chí (Báo chí đa phương tiện)
65785,DTZ,bao-chi,C00,Điểm thi THPT,2024,16.0,Báo chí (Báo chí đa phương tiện)
65786,DTZ,bao-chi,C14,Điểm thi THPT,2024,16.0,Báo chí (Báo chí đa phương tiện)
65787,DTZ,bao-chi,D01,Điểm thi THPT,2024,16.0,Báo chí (Báo chí đa phương tiện)
65788,DTZ,bao-chi,D84,Điểm thi THPT,2024,16.0,Báo chí (Báo chí đa phương tiện)
65789,DTZ,cham-soc-sac-dep-tu-duoc-lieu,A00,Điểm học bạ,2025,18.67,Chăm sóc sắc đẹp từ Dược liệu
65790,DTZ,cham-soc-sac-dep-tu-duoc-lieu,A05,Điểm học bạ,2025,18.67,Chăm sóc sắc đẹp từ Dược liệu
65791,DTZ,cham-soc-sac-dep-tu-duoc-lieu,A06,Điểm học bạ,2025,18.67,Chăm sóc sắc đẹp từ Dược liệu
65792,DTZ,cham-soc-sac-dep-tu-duoc-lieu,A11,Điểm học bạ,2025,18.67,Chăm sóc sắc đẹp từ Dược liệu
65793,DTZ,cham-soc-sac-dep-tu-duoc-lieu,B00,Điểm học bạ,2025,18.67,Chăm sóc sắc đẹp từ Dược liệu
65794,DTZ,cham-soc-sac-dep-tu-duoc-lieu,C02,Điểm học bạ,2025,18.67,Chăm sóc sắc đẹp từ Dược liệu
65795,DTZ,cham-soc-sac-dep-tu-duoc-lieu,C08,Điểm học bạ,2025,18.67,Chăm sóc sắc đẹp từ Dược liệu
65796,DTZ,cham-soc-sac-dep-tu-duoc-lieu,C10,Điểm học bạ,2025,18.67,Chăm sóc sắc đẹp từ Dược liệu
65797,DTZ,cham-soc-sac-dep-tu-duoc-lieu,C17,Điểm học bạ,2025,18.67,Chăm sóc sắc đẹp từ Dược liệu
65798,DTZ,cham-soc-sac-dep-tu-duoc-lieu,D07,Điểm học bạ,2025,18.67,Chăm sóc sắc đẹp từ Dược liệu
65799,DTZ,cham-soc-sac-dep-tu-duoc-lieu,A00,Điểm thi THPT,2025,16.0,Chăm sóc sắc đẹp từ Dược liệu
65800,DTZ,cham-soc-sac-dep-tu-duoc-lieu,A05,Điểm thi THPT,2025,16.0,Chăm sóc sắc đẹp từ Dược liệu
65801,DTZ,cham-soc-sac-dep-tu-duoc-lieu,A06,Điểm thi THPT,2025,16.0,Chăm sóc sắc đẹp từ Dược liệu
65802,DTZ,cham-soc-sac-dep-tu-duoc-lieu,A11,Điểm thi THPT,2025,16.0,Chăm sóc sắc đẹp từ Dược liệu
65803,DTZ,cham-soc-sac-dep-tu-duoc-lieu,B00,Điểm thi THPT,2025,16.0,Chăm sóc sắc đẹp từ Dược liệu
65804,DTZ,cham-soc-sac-dep-tu-duoc-lieu,C02,Điểm thi THPT,2025,16.0,Chăm sóc sắc đẹp từ Dược liệu
65805,DTZ,cham-soc-sac-dep-tu-duoc-lieu,C08,Điểm thi THPT,2025,16.0,Chăm sóc sắc đẹp từ Dược liệu
65806,DTZ,cham-soc-sac-dep-tu-duoc-lieu,C10,Điểm thi THPT,2025,16.0,Chăm sóc sắc đẹp từ Dược liệu
65807,DTZ,cham-soc-sac-dep-tu-duoc-lieu,C17,Điểm thi THPT,2025,16.0,Chăm sóc sắc đẹp từ Dược liệu
65808,DTZ,cham-soc-sac-dep-tu-duoc-lieu,D07,Điểm thi THPT,2025,16.0,Chăm sóc sắc đẹp từ Dược liệu
65809,DTZ,cong-nghe-ban-dan,A00,Điểm học bạ,2024,18.0,Công nghệ bán dẫn
65810,DTZ,cong-nghe-ban-dan,A01,Điểm học bạ,2024,18.0,Công nghệ bán dẫn
65811,DTZ,cong-nghe-ban-dan,C01,Điểm học bạ,2024,18.0,Công nghệ bán dẫn
65812,DTZ,cong-nghe-ban-dan,D07,Điểm học bạ,2024,18.0,Công nghệ bán dẫn
65813,DTZ,cong-nghe-ban-dan,A00,Điểm thi THPT,2024,16.0,Công nghệ bán dẫn
65814,DTZ,cong-nghe-ban-dan,A01,Điểm thi THPT,2024,16.0,Công nghệ bán dẫn
65815,DTZ,cong-nghe-ban-dan,C01,Điểm thi THPT,2024,16.0,Công nghệ bán dẫn
65816,DTZ,cong-nghe-ban-dan,D07,Điểm thi THPT,2024,16.0,Công nghệ bán dẫn
65817,DTZ,cong-nghe-ban-dan,A00,Điểm học bạ,2025,21.75,Công nghệ bán dẫn
65818,DTZ,cong-nghe-ban-dan,A01,Điểm học bạ,2025,21.75,Công nghệ bán dẫn
65819,DTZ,cong-nghe-ban-dan,A02,Điểm học bạ,2025,21.75,Công nghệ bán dẫn
65820,DTZ,cong-nghe-ban-dan,A03,Điểm học bạ,2025,21.75,Công nghệ bán dẫn
65821,DTZ,cong-nghe-ban-dan,A04,Điểm học bạ,2025,21.75,Công nghệ bán dẫn
65822,DTZ,cong-nghe-ban-dan,A10,Điểm học bạ,2025,21.75,Công nghệ bán dẫn
65823,DTZ,cong-nghe-ban-dan,C01,Điểm học bạ,2025,21.75,Công nghệ bán dẫn
65824,DTZ,cong-nghe-ban-dan,A00,Điểm thi THPT,2025,20.25,Công nghệ bán dẫn
65825,DTZ,cong-nghe-ban-dan,A01,Điểm thi THPT,2025,20.25,Công nghệ bán dẫn
65826,DTZ,cong-nghe-ban-dan,A02,Điểm thi THPT,2025,20.25,Công nghệ bán dẫn
65827,DTZ,cong-nghe-ban-dan,A03,Điểm thi THPT,2025,20.25,Công nghệ bán dẫn
65828,DTZ,cong-nghe-ban-dan,A04,Điểm thi THPT,2025,20.25,Công nghệ bán dẫn
65829,DTZ,cong-nghe-ban-dan,A10,Điểm thi THPT,2025,20.25,Công nghệ bán dẫn
65830,DTZ,cong-nghe-ban-dan,C01,Điểm thi THPT,2025,20.25,Công nghệ bán dẫn
65831,DTZ,cong-nghe-ky-thuat-hoa-hoc,A00,Điểm học bạ,2021,18.0,Công nghệ kỹ thuật Hoá học
65832,DTZ,cong-nghe-ky-thuat-hoa-hoc,A16,Điểm học bạ,2021,18.0,Công nghệ kỹ thuật Hoá học
65833,DTZ,cong-nghe-ky-thuat-hoa-hoc,B00,Điểm học bạ,2021,18.0,Công nghệ kỹ thuật Hoá học
65834,DTZ,cong-nghe-ky-thuat-hoa-hoc,C14,Điểm học bạ,2021,18.0,Công nghệ kỹ thuật Hoá học
65835,DTZ,cong-nghe-ky-thuat-hoa-hoc,A00,Điểm thi THPT,2021,15.0,Công nghệ kỹ thuật Hoá học
65836,DTZ,cong-nghe-ky-thuat-hoa-hoc,A16,Điểm thi THPT,2021,15.0,Công nghệ kỹ thuật Hoá học
65837,DTZ,cong-nghe-ky-thuat-hoa-hoc,B00,Điểm thi THPT,2021,15.0,Công nghệ kỹ thuật Hoá học
65838,DTZ,cong-nghe-ky-thuat-hoa-hoc,C14,Điểm thi THPT,2021,15.0,Công nghệ kỹ thuật Hoá học
65839,DTZ,cong-nghe-ky-thuat-hoa-hoc,A00,Điểm học bạ,2022,18.0,Công nghệ kỹ thuật Hoá học
65840,DTZ,cong-nghe-ky-thuat-hoa-hoc,A16,Điểm học bạ,2022,18.0,Công nghệ kỹ thuật Hoá học
65841,DTZ,cong-nghe-ky-thuat-hoa-hoc,B00,Điểm học bạ,2022,18.0,Công nghệ kỹ thuật Hoá học
65842,DTZ,cong-nghe-ky-thuat-hoa-hoc,C14,Điểm học bạ,2022,18.0,Công nghệ kỹ thuật Hoá học
65843,DTZ,cong-nghe-ky-thuat-hoa-hoc,A00,Điểm thi THPT,2022,15.0,Công nghệ kỹ thuật Hoá học
65844,DTZ,cong-nghe-ky-thuat-hoa-hoc,A16,Điểm thi THPT,2022,15.0,Công nghệ kỹ thuật Hoá học
65845,DTZ,cong-nghe-ky-thuat-hoa-hoc,B00,Điểm thi THPT,2022,15.0,Công nghệ kỹ thuật Hoá học
65846,DTZ,cong-nghe-ky-thuat-hoa-hoc,C14,Điểm thi THPT,2022,15.0,Công nghệ kỹ thuật Hoá học
65847,DTZ,cong-nghe-ky-thuat-hoa-hoc,A00,Điểm học bạ,2023,18.0,Công nghệ kỹ thuật Hoá học (Công nghệ Hóa phân tích)
65848,DTZ,cong-nghe-ky-thuat-hoa-hoc,A16,Điểm học bạ,2023,18.0,Công nghệ kỹ thuật Hoá học (Công nghệ Hóa phân tích)
65849,DTZ,cong-nghe-ky-thuat-hoa-hoc,B00,Điểm học bạ,2023,18.0,Công nghệ kỹ thuật Hoá học (Công nghệ Hóa phân tích)
65850,DTZ,cong-nghe-ky-thuat-hoa-hoc,C14,Điểm học bạ,2023,18.0,Công nghệ kỹ thuật Hoá học (Công nghệ Hóa phân tích)
65851,DTZ,cong-nghe-ky-thuat-hoa-hoc,A00,Điểm thi THPT,2023,15.0,Công nghệ kỹ thuật Hoá học (Công nghệ Hóa phân tích)
65852,DTZ,cong-nghe-ky-thuat-hoa-hoc,A16,Điểm thi THPT,2023,15.0,Công nghệ kỹ thuật Hoá học (Công nghệ Hóa phân tích)
65853,DTZ,cong-nghe-ky-thuat-hoa-hoc,B00,Điểm thi THPT,2023,15.0,Công nghệ kỹ thuật Hoá học (Công nghệ Hóa phân tích)
65854,DTZ,cong-nghe-ky-thuat-hoa-hoc,C14,Điểm thi THPT,2023,15.0,Công nghệ kỹ thuật Hoá học (Công nghệ Hóa phân tích)
65855,DTZ,cong-nghe-ky-thuat-hoa-hoc,A00,Điểm học bạ,2024,18.0,Công nghệ kỹ thuật Hoá học (Công nghệ Hóa phân tích)
65856,DTZ,cong-nghe-ky-thuat-hoa-hoc,A16,Điểm học bạ,2024,18.0,Công nghệ kỹ thuật Hoá học (Công nghệ Hóa phân tích)
65857,DTZ,cong-nghe-ky-thuat-hoa-hoc,B00,Điểm học bạ,2024,18.0,Công nghệ kỹ thuật Hoá học (Công nghệ Hóa phân tích)
65858,DTZ,cong-nghe-ky-thuat-hoa-hoc,C14,Điểm học bạ,2024,18.0,Công nghệ kỹ thuật Hoá học (Công nghệ Hóa phân tích)
65859,DTZ,cong-nghe-ky-thuat-hoa-hoc,A00,Điểm thi THPT,2024,16.0,Công nghệ kỹ thuật Hoá học (Công nghệ Hóa phân tích)
65860,DTZ,cong-nghe-ky-thuat-hoa-hoc,A16,Điểm thi THPT,2024,16.0,Công nghệ kỹ thuật Hoá học (Công nghệ Hóa phân tích)
65861,DTZ,cong-nghe-ky-thuat-hoa-hoc,B00,Điểm thi THPT,2024,16.0,Công nghệ kỹ thuật Hoá học (Công nghệ Hóa phân tích)
65862,DTZ,cong-nghe-ky-thuat-hoa-hoc,C14,Điểm thi THPT,2024,16.0,Công nghệ kỹ thuật Hoá học (Công nghệ Hóa phân tích)
65863,DTZ,cong-nghe-ky-thuat-hoa-hoc,A00,Điểm học bạ,2025,16.0,Công nghệ kỹ thuật hóa học
65864,DTZ,cong-nghe-ky-thuat-hoa-hoc,A05,Điểm học bạ,2025,16.0,Công nghệ kỹ thuật hóa học
65865,DTZ,cong-nghe-ky-thuat-hoa-hoc,A06,Điểm học bạ,2025,16.0,Công nghệ kỹ thuật hóa học
65866,DTZ,cong-nghe-ky-thuat-hoa-hoc,A11,Điểm học bạ,2025,16.0,Công nghệ kỹ thuật hóa học
65867,DTZ,cong-nghe-ky-thuat-hoa-hoc,B00,Điểm học bạ,2025,16.0,Công nghệ kỹ thuật hóa học
65868,DTZ,cong-nghe-ky-thuat-hoa-hoc,C02,Điểm học bạ,2025,16.0,Công nghệ kỹ thuật hóa học
65869,DTZ,cong-nghe-ky-thuat-hoa-hoc,C08,Điểm học bạ,2025,16.0,Công nghệ kỹ thuật hóa học
65870,DTZ,cong-nghe-ky-thuat-hoa-hoc,C10,Điểm học bạ,2025,16.0,Công nghệ kỹ thuật hóa học
65871,DTZ,cong-nghe-ky-thuat-hoa-hoc,C17,Điểm học bạ,2025,16.0,Công nghệ kỹ thuật hóa học
65872,DTZ,cong-nghe-ky-thuat-hoa-hoc,D07,Điểm học bạ,2025,16.0,Công nghệ kỹ thuật hóa học
65873,DTZ,cong-nghe-ky-thuat-hoa-hoc,A00,Điểm thi THPT,2025,16.0,Công nghệ kỹ thuật hóa học
65874,DTZ,cong-nghe-ky-thuat-hoa-hoc,A05,Điểm thi THPT,2025,16.0,Công nghệ kỹ thuật hóa học
65875,DTZ,cong-nghe-ky-thuat-hoa-hoc,A06,Điểm thi THPT,2025,16.0,Công nghệ kỹ thuật hóa học
65876,DTZ,cong-nghe-ky-thuat-hoa-hoc,A11,Điểm thi THPT,2025,16.0,Công nghệ kỹ thuật hóa học
65877,DTZ,cong-nghe-ky-thuat-hoa-hoc,B00,Điểm thi THPT,2025,16.0,Công nghệ kỹ thuật hóa học
65878,DTZ,cong-nghe-ky-thuat-hoa-hoc,C02,Điểm thi THPT,2025,16.0,Công nghệ kỹ thuật hóa học
65879,DTZ,cong-nghe-ky-thuat-hoa-hoc,C08,Điểm thi THPT,2025,16.0,Công nghệ kỹ thuật hóa học
65880,DTZ,cong-nghe-ky-thuat-hoa-hoc,C10,Điểm thi THPT,2025,16.0,Công nghệ kỹ thuật hóa học
65881,DTZ,cong-nghe-ky-thuat-hoa-hoc,C17,Điểm thi THPT,2025,16.0,Công nghệ kỹ thuật hóa học
65882,DTZ,cong-nghe-ky-thuat-hoa-hoc,D07,Điểm thi THPT,2025,16.0,Công nghệ kỹ thuật hóa học
65883,DTZ,cong-nghe-sinh-hoc,A00,Điểm học bạ,2021,21.0,Công nghệ sinh học
65884,DTZ,cong-nghe-sinh-hoc,B00,Điểm học bạ,2021,21.0,Công nghệ sinh học
65885,DTZ,cong-nghe-sinh-hoc,B04,Điểm học bạ,2021,21.0,Công nghệ sinh học
65886,DTZ,cong-nghe-sinh-hoc,D08,Điểm học bạ,2021,21.0,Công nghệ sinh học
65887,DTZ,cong-nghe-sinh-hoc,A00,Điểm thi THPT,2021,18.0,Công nghệ sinh học
65888,DTZ,cong-nghe-sinh-hoc,B00,Điểm thi THPT,2021,18.0,Công nghệ sinh học
65889,DTZ,cong-nghe-sinh-hoc,B04,Điểm thi THPT,2021,18.0,Công nghệ sinh học
65890,DTZ,cong-nghe-sinh-hoc,D08,Điểm thi THPT,2021,18.0,Công nghệ sinh học
65891,DTZ,cong-nghe-sinh-hoc,A00,Điểm học bạ,2023,23.5,Công nghệ sinh học (Kỹ thuật xét nghiệm Y -Sinh - Chương trình trọng điểm định hướng chất lượng cao)
65892,DTZ,cong-nghe-sinh-hoc,B00,Điểm học bạ,2023,23.5,Công nghệ sinh học (Kỹ thuật xét nghiệm Y -Sinh - Chương trình trọng điểm định hướng chất lượng cao)
65893,DTZ,cong-nghe-sinh-hoc,B08,Điểm học bạ,2023,23.5,Công nghệ sinh học (Kỹ thuật xét nghiệm Y -Sinh - Chương trình trọng điểm định hướng chất lượng cao)
65894,DTZ,cong-nghe-sinh-hoc,D07,Điểm học bạ,2023,23.5,Công nghệ sinh học (Kỹ thuật xét nghiệm Y -Sinh - Chương trình trọng điểm định hướng chất lượng cao)
65895,DTZ,cong-nghe-sinh-hoc,A00,Điểm thi THPT,2023,19.0,Công nghệ sinh học (Kỹ thuật xét nghiệm Y -Sinh - Chương trình trọng điểm định hướng chất lượng cao)
65896,DTZ,cong-nghe-sinh-hoc,B00,Điểm thi THPT,2023,19.0,Công nghệ sinh học (Kỹ thuật xét nghiệm Y -Sinh - Chương trình trọng điểm định hướng chất lượng cao)
65897,DTZ,cong-nghe-sinh-hoc,B08,Điểm thi THPT,2023,19.0,Công nghệ sinh học (Kỹ thuật xét nghiệm Y -Sinh - Chương trình trọng điểm định hướng chất lượng cao)
65898,DTZ,cong-nghe-sinh-hoc,D07,Điểm thi THPT,2023,19.0,Công nghệ sinh học (Kỹ thuật xét nghiệm Y -Sinh - Chương trình trọng điểm định hướng chất lượng cao)
65899,DTZ,cong-nghe-sinh-hoc,A00,Điểm học bạ,2024,19.0,Công nghệ sinh học (Kỹ thuật xét nghiệm Y - Sinh; Công nghệ sinh dược và nông nghiệp công nghệ cao)
65900,DTZ,cong-nghe-sinh-hoc,B00,Điểm học bạ,2024,19.0,Công nghệ sinh học (Kỹ thuật xét nghiệm Y - Sinh; Công nghệ sinh dược và nông nghiệp công nghệ cao)
65901,DTZ,cong-nghe-sinh-hoc,B08,Điểm học bạ,2024,19.0,Công nghệ sinh học (Kỹ thuật xét nghiệm Y - Sinh; Công nghệ sinh dược và nông nghiệp công nghệ cao)
65902,DTZ,cong-nghe-sinh-hoc,D07,Điểm học bạ,2024,19.0,Công nghệ sinh học (Kỹ thuật xét nghiệm Y - Sinh; Công nghệ sinh dược và nông nghiệp công nghệ cao)
65903,DTZ,cong-nghe-sinh-hoc,A00,Điểm thi THPT,2024,16.0,Công nghệ sinh học (Kỹ thuật xét nghiệm Y - Sinh; Công nghệ sinh dược và nông nghiệp công nghệ cao)
65904,DTZ,cong-nghe-sinh-hoc,B00,Điểm thi THPT,2024,16.0,Công nghệ sinh học (Kỹ thuật xét nghiệm Y - Sinh; Công nghệ sinh dược và nông nghiệp công nghệ cao)
65905,DTZ,cong-nghe-sinh-hoc,B08,Điểm thi THPT,2024,16.0,Công nghệ sinh học (Kỹ thuật xét nghiệm Y - Sinh; Công nghệ sinh dược và nông nghiệp công nghệ cao)
65906,DTZ,cong-nghe-sinh-hoc,D07,Điểm thi THPT,2024,16.0,Công nghệ sinh học (Kỹ thuật xét nghiệm Y - Sinh; Công nghệ sinh dược và nông nghiệp công nghệ cao)
65907,DTZ,cong-nghe-sinh-hoc,A00,Điểm học bạ,2025,18.67,Công nghệ sinh học
65908,DTZ,cong-nghe-sinh-hoc,A05,Điểm học bạ,2025,18.67,Công nghệ sinh học
65909,DTZ,cong-nghe-sinh-hoc,A06,Điểm học bạ,2025,18.67,Công nghệ sinh học
65910,DTZ,cong-nghe-sinh-hoc,B00,Điểm học bạ,2025,18.67,Công nghệ sinh học
65911,DTZ,cong-nghe-sinh-hoc,B01,Điểm học bạ,2025,18.67,Công nghệ sinh học
65912,DTZ,cong-nghe-sinh-hoc,B02,Điểm học bạ,2025,18.67,Công nghệ sinh học
65913,DTZ,cong-nghe-sinh-hoc,B03,Điểm học bạ,2025,18.67,Công nghệ sinh học
65914,DTZ,cong-nghe-sinh-hoc,B04,Điểm học bạ,2025,18.67,Công nghệ sinh học
65915,DTZ,cong-nghe-sinh-hoc,B08,Điểm học bạ,2025,18.67,Công nghệ sinh học
65916,DTZ,cong-nghe-sinh-hoc,D07,Điểm học bạ,2025,18.67,Công nghệ sinh học
65917,DTZ,cong-nghe-sinh-hoc,A00,Điểm thi THPT,2025,16.0,Công nghệ sinh học
65918,DTZ,cong-nghe-sinh-hoc,A05,Điểm thi THPT,2025,16.0,Công nghệ sinh học
65919,DTZ,cong-nghe-sinh-hoc,A06,Điểm thi THPT,2025,16.0,Công nghệ sinh học
65920,DTZ,cong-nghe-sinh-hoc,B00,Điểm thi THPT,2025,16.0,Công nghệ sinh học
65921,DTZ,cong-nghe-sinh-hoc,B01,Điểm thi THPT,2025,16.0,Công nghệ sinh học
65922,DTZ,cong-nghe-sinh-hoc,B02,Điểm thi THPT,2025,16.0,Công nghệ sinh học
65923,DTZ,cong-nghe-sinh-hoc,B03,Điểm thi THPT,2025,16.0,Công nghệ sinh học
65924,DTZ,cong-nghe-sinh-hoc,B04,Điểm thi THPT,2025,16.0,Công nghệ sinh học
65925,DTZ,cong-nghe-sinh-hoc,B08,Điểm thi THPT,2025,16.0,Công nghệ sinh học
65926,DTZ,cong-nghe-sinh-hoc,D07,Điểm thi THPT,2025,16.0,Công nghệ sinh học
65927,DTZ,cong-tac-xa-hoi,C00,Điểm học bạ,2021,18.0,Công tác xã hội
65928,DTZ,cong-tac-xa-hoi,C14,Điểm học bạ,2021,18.0,Công tác xã hội
65929,DTZ,cong-tac-xa-hoi,D01,Điểm học bạ,2021,18.0,Công tác xã hội
65930,DTZ,cong-tac-xa-hoi,D84,Điểm học bạ,2021,18.0,Công tác xã hội
65931,DTZ,cong-tac-xa-hoi,C00,Điểm thi THPT,2021,15.0,Công tác xã hội
65932,DTZ,cong-tac-xa-hoi,C14,Điểm thi THPT,2021,15.0,Công tác xã hội
65933,DTZ,cong-tac-xa-hoi,D01,Điểm thi THPT,2021,15.0,Công tác xã hội
65934,DTZ,cong-tac-xa-hoi,D84,Điểm thi THPT,2021,15.0,Công tác xã hội
65935,DTZ,cong-tac-xa-hoi,C00,Điểm học bạ,2022,18.0,Công tác xã hội
65936,DTZ,cong-tac-xa-hoi,C14,Điểm học bạ,2022,18.0,Công tác xã hội
65937,DTZ,cong-tac-xa-hoi,D01,Điểm học bạ,2022,18.0,Công tác xã hội
65938,DTZ,cong-tac-xa-hoi,D84,Điểm học bạ,2022,18.0,Công tác xã hội
65939,DTZ,cong-tac-xa-hoi,C00,Điểm thi THPT,2022,15.0,Công tác xã hội
65940,DTZ,cong-tac-xa-hoi,C14,Điểm thi THPT,2022,15.0,Công tác xã hội
65941,DTZ,cong-tac-xa-hoi,D01,Điểm thi THPT,2022,15.0,Công tác xã hội
65942,DTZ,cong-tac-xa-hoi,D84,Điểm thi THPT,2022,15.0,Công tác xã hội
65943,DTZ,cong-tac-xa-hoi,C00,Điểm học bạ,2023,18.0,Công tác xã hội
65944,DTZ,cong-tac-xa-hoi,C14,Điểm học bạ,2023,18.0,Công tác xã hội
65945,DTZ,cong-tac-xa-hoi,D01,Điểm học bạ,2023,18.0,Công tác xã hội
65946,DTZ,cong-tac-xa-hoi,D84,Điểm học bạ,2023,18.0,Công tác xã hội
65947,DTZ,cong-tac-xa-hoi,C00,Điểm thi THPT,2023,15.0,Công tác xã hội
65948,DTZ,cong-tac-xa-hoi,C14,Điểm thi THPT,2023,15.0,Công tác xã hội
65949,DTZ,cong-tac-xa-hoi,D01,Điểm thi THPT,2023,15.0,Công tác xã hội
65950,DTZ,cong-tac-xa-hoi,D84,Điểm thi THPT,2023,15.0,Công tác xã hội
65951,DTZ,cong-tac-xa-hoi,C00,Điểm học bạ,2024,18.0,Công tác xã hội
65952,DTZ,cong-tac-xa-hoi,C14,Điểm học bạ,2024,18.0,Công tác xã hội
65953,DTZ,cong-tac-xa-hoi,D01,Điểm học bạ,2024,18.0,Công tác xã hội
65954,DTZ,cong-tac-xa-hoi,D84,Điểm học bạ,2024,18.0,Công tác xã hội
65955,DTZ,cong-tac-xa-hoi,C00,Điểm thi THPT,2024,16.0,Công tác xã hội
65956,DTZ,cong-tac-xa-hoi,C14,Điểm thi THPT,2024,16.0,Công tác xã hội
65957,DTZ,cong-tac-xa-hoi,D01,Điểm thi THPT,2024,16.0,Công tác xã hội
65958,DTZ,cong-tac-xa-hoi,D84,Điểm thi THPT,2024,16.0,Công tác xã hội
65959,DTZ,cong-tac-xa-hoi,C00,Điểm học bạ,2025,16.0,Công tác xã hội
65960,DTZ,cong-tac-xa-hoi,C03,Điểm học bạ,2025,16.0,Công tác xã hội
65961,DTZ,cong-tac-xa-hoi,C04,Điểm học bạ,2025,16.0,Công tác xã hội
65962,DTZ,cong-tac-xa-hoi,C14,Điểm học bạ,2025,16.0,Công tác xã hội
65963,DTZ,cong-tac-xa-hoi,C19,Điểm học bạ,2025,16.0,Công tác xã hội
65964,DTZ,cong-tac-xa-hoi,C20,Điểm học bạ,2025,16.0,Công tác xã hội
65965,DTZ,cong-tac-xa-hoi,D01,Điểm học bạ,2025,16.0,Công tác xã hội
65966,DTZ,cong-tac-xa-hoi,D10,Điểm học bạ,2025,16.0,Công tác xã hội
65967,DTZ,cong-tac-xa-hoi,D66,Điểm học bạ,2025,16.0,Công tác xã hội
65968,DTZ,cong-tac-xa-hoi,D84,Điểm học bạ,2025,16.0,Công tác xã hội
65969,DTZ,cong-tac-xa-hoi,C00,Điểm thi THPT,2025,16.0,Công tác xã hội
65970,DTZ,cong-tac-xa-hoi,C03,Điểm thi THPT,2025,16.0,Công tác xã hội
65971,DTZ,cong-tac-xa-hoi,C04,Điểm thi THPT,2025,16.0,Công tác xã hội
65972,DTZ,cong-tac-xa-hoi,C14,Điểm thi THPT,2025,16.0,Công tác xã hội
65973,DTZ,cong-tac-xa-hoi,C19,Điểm thi THPT,2025,16.0,Công tác xã hội
65974,DTZ,cong-tac-xa-hoi,C20,Điểm thi THPT,2025,16.0,Công tác xã hội
65975,DTZ,cong-tac-xa-hoi,D01,Điểm thi THPT,2025,16.0,Công tác xã hội
65976,DTZ,cong-tac-xa-hoi,D10,Điểm thi THPT,2025,16.0,Công tác xã hội
65977,DTZ,cong-tac-xa-hoi,D66,Điểm thi THPT,2025,16.0,Công tác xã hội
65978,DTZ,cong-tac-xa-hoi,D84,Điểm thi THPT,2025,16.0,Công tác xã hội
65979,DTZ,ctdt,D01,Điểm học bạ,2025,19.5,CTĐT định hướng giáo viên Tiếng Anh
65980,DTZ,ctdt,D09,Điểm học bạ,2025,19.5,CTĐT định hướng giáo viên Tiếng Anh
65981,DTZ,ctdt,D10,Điểm học bạ,2025,19.5,CTĐT định hướng giáo viên Tiếng Anh
65982,DTZ,ctdt,D11,Điểm học bạ,2025,19.5,CTĐT định hướng giáo viên Tiếng Anh
65983,DTZ,ctdt,D12,Điểm học bạ,2025,19.5,CTĐT định hướng giáo viên Tiếng Anh
65984,DTZ,ctdt,D13,Điểm học bạ,2025,19.5,CTĐT định hướng giáo viên Tiếng Anh
65985,DTZ,ctdt,D14,Điểm học bạ,2025,19.5,CTĐT định hướng giáo viên Tiếng Anh
65986,DTZ,ctdt,D15,Điểm học bạ,2025,19.5,CTĐT định hướng giáo viên Tiếng Anh
65987,DTZ,ctdt,D66,Điểm học bạ,2025,19.5,CTĐT định hướng giáo viên Tiếng Anh
65988,DTZ,ctdt,D84,Điểm học bạ,2025,19.5,CTĐT định hướng giáo viên Tiếng Anh
65989,DTZ,ctdt,D01,Điểm thi THPT,2025,19.5,CTĐT định hướng giáo viên Tiếng Anh
65990,DTZ,ctdt,D09,Điểm thi THPT,2025,19.5,CTĐT định hướng giáo viên Tiếng Anh
65991,DTZ,ctdt,D10,Điểm thi THPT,2025,19.5,CTĐT định hướng giáo viên Tiếng Anh
65992,DTZ,ctdt,D11,Điểm thi THPT,2025,19.5,CTĐT định hướng giáo viên Tiếng Anh
65993,DTZ,ctdt,D12,Điểm thi THPT,2025,19.5,CTĐT định hướng giáo viên Tiếng Anh
65994,DTZ,ctdt,D13,Điểm thi THPT,2025,19.5,CTĐT định hướng giáo viên Tiếng Anh
65995,DTZ,ctdt,D14,Điểm thi THPT,2025,19.5,CTĐT định hướng giáo viên Tiếng Anh
65996,DTZ,ctdt,D15,Điểm thi THPT,2025,19.5,CTĐT định hướng giáo viên Tiếng Anh
65997,DTZ,ctdt,D66,Điểm thi THPT,2025,19.5,CTĐT định hướng giáo viên Tiếng Anh
65998,DTZ,ctdt,D84,Điểm thi THPT,2025,19.5,CTĐT định hướng giáo viên Tiếng Anh
65999,DTZ,ctdt-toan-hoc,A00,Điểm học bạ,2025,19.5,CTĐT Toán học định hướng giảng dạy bằng tiếng Anh
66000,DTZ,ctdt-toan-hoc,A05,Điểm học bạ,2025,19.5,CTĐT Toán học định hướng giảng dạy bằng tiếng Anh
66001,DTZ,ctdt-toan-hoc,A06,Điểm học bạ,2025,19.5,CTĐT Toán học định hướng giảng dạy bằng tiếng Anh
66002,DTZ,ctdt-toan-hoc,A08,Điểm học bạ,2025,19.5,CTĐT Toán học định hướng giảng dạy bằng tiếng Anh
66003,DTZ,ctdt-toan-hoc,A11,Điểm học bạ,2025,19.5,CTĐT Toán học định hướng giảng dạy bằng tiếng Anh
66004,DTZ,ctdt-toan-hoc,B00,Điểm học bạ,2025,19.5,CTĐT Toán học định hướng giảng dạy bằng tiếng Anh
66005,DTZ,ctdt-toan-hoc,D01,Điểm học bạ,2025,19.5,CTĐT Toán học định hướng giảng dạy bằng tiếng Anh
66006,DTZ,ctdt-toan-hoc,D07,Điểm học bạ,2025,19.5,CTĐT Toán học định hướng giảng dạy bằng tiếng Anh
66007,DTZ,ctdt-toan-hoc,D08,Điểm học bạ,2025,19.5,CTĐT Toán học định hướng giảng dạy bằng tiếng Anh
66008,DTZ,ctdt-toan-hoc,D84,Điểm học bạ,2025,19.5,CTĐT Toán học định hướng giảng dạy bằng tiếng Anh
66009,DTZ,ctdt-toan-hoc,A00,Điểm thi THPT,2025,19.5,CTĐT Toán học định hướng giảng dạy bằng tiếng Anh
66010,DTZ,ctdt-toan-hoc,A05,Điểm thi THPT,2025,19.5,CTĐT Toán học định hướng giảng dạy bằng tiếng Anh
66011,DTZ,ctdt-toan-hoc,A06,Điểm thi THPT,2025,19.5,CTĐT Toán học định hướng giảng dạy bằng tiếng Anh
66012,DTZ,ctdt-toan-hoc,A08,Điểm thi THPT,2025,19.5,CTĐT Toán học định hướng giảng dạy bằng tiếng Anh
66013,DTZ,ctdt-toan-hoc,A11,Điểm thi THPT,2025,19.5,CTĐT Toán học định hướng giảng dạy bằng tiếng Anh
66014,DTZ,ctdt-toan-hoc,B00,Điểm thi THPT,2025,19.5,CTĐT Toán học định hướng giảng dạy bằng tiếng Anh
66015,DTZ,ctdt-toan-hoc,D01,Điểm thi THPT,2025,19.5,CTĐT Toán học định hướng giảng dạy bằng tiếng Anh
66016,DTZ,ctdt-toan-hoc,D07,Điểm thi THPT,2025,19.5,CTĐT Toán học định hướng giảng dạy bằng tiếng Anh
66017,DTZ,ctdt-toan-hoc,D08,Điểm thi THPT,2025,19.5,CTĐT Toán học định hướng giảng dạy bằng tiếng Anh
66018,DTZ,ctdt-toan-hoc,D84,Điểm thi THPT,2025,19.5,CTĐT Toán học định hướng giảng dạy bằng tiếng Anh
66019,DTZ,dich-vu-phap-luat,C00,Điểm học bạ,2021,21.0,Dịch vụ pháp luật
66020,DTZ,dich-vu-phap-luat,C14,Điểm học bạ,2021,21.0,Dịch vụ pháp luật
66021,DTZ,dich-vu-phap-luat,D01,Điểm học bạ,2021,21.0,Dịch vụ pháp luật
66022,DTZ,dich-vu-phap-luat,D84,Điểm học bạ,2021,21.0,Dịch vụ pháp luật
66023,DTZ,dich-vu-phap-luat,C00,Điểm thi THPT,2021,16.5,Dịch vụ pháp luật
66024,DTZ,dich-vu-phap-luat,C14,Điểm thi THPT,2021,16.5,Dịch vụ pháp luật
66025,DTZ,dich-vu-phap-luat,D01,Điểm thi THPT,2021,16.5,Dịch vụ pháp luật
66026,DTZ,dich-vu-phap-luat,D84,Điểm thi THPT,2021,16.5,Dịch vụ pháp luật
66027,DTZ,dich-vu-phap-luat,C00,Điểm học bạ,2022,22.0,Dịch vụ pháp luật
66028,DTZ,dich-vu-phap-luat,C14,Điểm học bạ,2022,22.0,Dịch vụ pháp luật
66029,DTZ,dich-vu-phap-luat,C20,Điểm học bạ,2022,22.0,Dịch vụ pháp luật
66030,DTZ,dich-vu-phap-luat,D01,Điểm học bạ,2022,22.0,Dịch vụ pháp luật
66031,DTZ,dich-vu-phap-luat,C00,Điểm thi THPT,2022,16.5,Dịch vụ pháp luật
66032,DTZ,dich-vu-phap-luat,C14,Điểm thi THPT,2022,16.5,Dịch vụ pháp luật
66033,DTZ,dich-vu-phap-luat,C20,Điểm thi THPT,2022,16.5,Dịch vụ pháp luật
66034,DTZ,dich-vu-phap-luat,D01,Điểm thi THPT,2022,16.5,Dịch vụ pháp luật
66035,DTZ,du-lich,C00,Điểm học bạ,2021,18.0,Du lịch
66036,DTZ,du-lich,C04,Điểm học bạ,2021,18.0,Du lịch
66037,DTZ,du-lich,C20,Điểm học bạ,2021,18.0,Du lịch
66038,DTZ,du-lich,D01,Điểm học bạ,2021,18.0,Du lịch
66039,DTZ,du-lich,C00,Điểm thi THPT,2021,15.0,Du lịch
66040,DTZ,du-lich,C04,Điểm thi THPT,2021,15.0,Du lịch
66041,DTZ,du-lich,C20,Điểm thi THPT,2021,15.0,Du lịch
66042,DTZ,du-lich,D01,Điểm thi THPT,2021,15.0,Du lịch
66043,DTZ,du-lich,C00,Điểm học bạ,2022,19.0,Du lịch
66044,DTZ,du-lich,C04,Điểm học bạ,2022,19.0,Du lịch
66045,DTZ,du-lich,C20,Điểm học bạ,2022,19.0,Du lịch
66046,DTZ,du-lich,D01,Điểm học bạ,2022,19.0,Du lịch
66047,DTZ,du-lich,C00,Điểm thi THPT,2022,15.0,Du lịch
66048,DTZ,du-lich,C04,Điểm thi THPT,2022,15.0,Du lịch
66049,DTZ,du-lich,C20,Điểm thi THPT,2022,15.0,Du lịch
66050,DTZ,du-lich,D01,Điểm thi THPT,2022,15.0,Du lịch
66051,DTZ,du-lich,C00,Điểm học bạ,2023,18.0,Du lịch
66052,DTZ,du-lich,C04,Điểm học bạ,2023,18.0,Du lịch
66053,DTZ,du-lich,C20,Điểm học bạ,2023,18.0,Du lịch
66054,DTZ,du-lich,D01,Điểm học bạ,2023,18.0,Du lịch
66055,DTZ,du-lich,C00,Điểm thi THPT,2023,15.0,Du lịch
66056,DTZ,du-lich,C04,Điểm thi THPT,2023,15.0,Du lịch
66057,DTZ,du-lich,C20,Điểm thi THPT,2023,15.0,Du lịch
66058,DTZ,du-lich,D01,Điểm thi THPT,2023,15.0,Du lịch
66059,DTZ,du-lich,C00,Điểm học bạ,2024,18.0,Du lịch
66060,DTZ,du-lich,C04,Điểm học bạ,2024,18.0,Du lịch
66061,DTZ,du-lich,C20,Điểm học bạ,2024,18.0,Du lịch
66062,DTZ,du-lich,D01,Điểm học bạ,2024,18.0,Du lịch
66063,DTZ,du-lich,C00,Điểm thi THPT,2024,16.0,Du lịch
66064,DTZ,du-lich,C04,Điểm thi THPT,2024,16.0,Du lịch
66065,DTZ,du-lich,C20,Điểm thi THPT,2024,16.0,Du lịch
66066,DTZ,du-lich,D01,Điểm thi THPT,2024,16.0,Du lịch
66067,DTZ,du-lich,C00,Điểm học bạ,2025,18.67,Du lịch
66068,DTZ,du-lich,C03,Điểm học bạ,2025,18.67,Du lịch
66069,DTZ,du-lich,C04,Điểm học bạ,2025,18.67,Du lịch
66070,DTZ,du-lich,C14,Điểm học bạ,2025,18.67,Du lịch
66071,DTZ,du-lich,C19,Điểm học bạ,2025,18.67,Du lịch
66072,DTZ,du-lich,C20,Điểm học bạ,2025,18.67,Du lịch
66073,DTZ,du-lich,D01,Điểm học bạ,2025,18.67,Du lịch
66074,DTZ,du-lich,D10,Điểm học bạ,2025,18.67,Du lịch
66075,DTZ,du-lich,D66,Điểm học bạ,2025,18.67,Du lịch
66076,DTZ,du-lich,D84,Điểm học bạ,2025,18.67,Du lịch
66077,DTZ,du-lich,C00,Điểm thi THPT,2025,16.0,Du lịch
66078,DTZ,du-lich,C03,Điểm thi THPT,2025,16.0,Du lịch
66079,DTZ,du-lich,C04,Điểm thi THPT,2025,16.0,Du lịch
66080,DTZ,du-lich,C14,Điểm thi THPT,2025,16.0,Du lịch
66081,DTZ,du-lich,C19,Điểm thi THPT,2025,16.0,Du lịch
66082,DTZ,du-lich,C20,Điểm thi THPT,2025,16.0,Du lịch
66083,DTZ,du-lich,D01,Điểm thi THPT,2025,16.0,Du lịch
66084,DTZ,du-lich,D10,Điểm thi THPT,2025,16.0,Du lịch
66085,DTZ,du-lich,D66,Điểm thi THPT,2025,16.0,Du lịch
66086,DTZ,du-lich,D84,Điểm thi THPT,2025,16.0,Du lịch
66087,DTZ,han-quoc-hoc,C00,Điểm học bạ,2021,21.0,Hàn Quốc học
66088,DTZ,han-quoc-hoc,D01,Điểm học bạ,2021,21.0,Hàn Quốc học
66089,DTZ,han-quoc-hoc,D02,Điểm học bạ,2021,21.0,Hàn Quốc học
66090,DTZ,han-quoc-hoc,D66,Điểm học bạ,2021,21.0,Hàn Quốc học
66091,DTZ,han-quoc-hoc,C00,Điểm thi THPT,2021,16.5,Hàn Quốc học
66092,DTZ,han-quoc-hoc,D01,Điểm thi THPT,2021,16.5,Hàn Quốc học
66093,DTZ,han-quoc-hoc,D02,Điểm thi THPT,2021,16.5,Hàn Quốc học
66094,DTZ,han-quoc-hoc,D66,Điểm thi THPT,2021,16.5,Hàn Quốc học
66095,DTZ,han-quoc-hoc,C00,Điểm học bạ,2022,22.5,Hàn Quốc học
66096,DTZ,han-quoc-hoc,D01,Điểm học bạ,2022,22.5,Hàn Quốc học
66097,DTZ,han-quoc-hoc,D66,Điểm học bạ,2022,22.5,Hàn Quốc học
66098,DTZ,han-quoc-hoc,C00,Điểm thi THPT,2022,16.5,Hàn Quốc học
66099,DTZ,han-quoc-hoc,D01,Điểm thi THPT,2022,16.5,Hàn Quốc học
66100,DTZ,han-quoc-hoc,D66,Điểm thi THPT,2022,16.5,Hàn Quốc học
66101,DTZ,han-quoc-hoc,C00,Điểm học bạ,2023,22.5,Hàn Quốc học
66102,DTZ,han-quoc-hoc,D01,Điểm học bạ,2023,22.5,Hàn Quốc học
66103,DTZ,han-quoc-hoc,D66,Điểm học bạ,2023,22.5,Hàn Quốc học
66104,DTZ,han-quoc-hoc,C00,Điểm thi THPT,2023,16.0,Hàn Quốc học
66105,DTZ,han-quoc-hoc,D01,Điểm thi THPT,2023,16.0,Hàn Quốc học
66106,DTZ,han-quoc-hoc,D66,Điểm thi THPT,2023,16.0,Hàn Quốc học
66107,DTZ,han-quoc-hoc,C00,Điểm học bạ,2024,19.0,Hàn Quốc học
66108,DTZ,han-quoc-hoc,D01,Điểm học bạ,2024,19.0,Hàn Quốc học
66109,DTZ,han-quoc-hoc,D66,Điểm học bạ,2024,19.0,Hàn Quốc học
66110,DTZ,han-quoc-hoc,C00,Điểm thi THPT,2024,16.0,Hàn Quốc học
66111,DTZ,han-quoc-hoc,D01,Điểm thi THPT,2024,16.0,Hàn Quốc học
66112,DTZ,han-quoc-hoc,D66,Điểm thi THPT,2024,16.0,Hàn Quốc học
66113,DTZ,han-quoc-hoc,C00,Điểm học bạ,2025,17.25,Hàn Quốc học
66114,DTZ,han-quoc-hoc,C03,Điểm học bạ,2025,17.25,Hàn Quốc học
66115,DTZ,han-quoc-hoc,C04,Điểm học bạ,2025,17.25,Hàn Quốc học
66116,DTZ,han-quoc-hoc,C14,Điểm học bạ,2025,17.25,Hàn Quốc học
66117,DTZ,han-quoc-hoc,C19,Điểm học bạ,2025,17.25,Hàn Quốc học
66118,DTZ,han-quoc-hoc,C20,Điểm học bạ,2025,17.25,Hàn Quốc học
66119,DTZ,han-quoc-hoc,D01,Điểm học bạ,2025,17.25,Hàn Quốc học
66120,DTZ,han-quoc-hoc,D10,Điểm học bạ,2025,17.25,Hàn Quốc học
66121,DTZ,han-quoc-hoc,D66,Điểm học bạ,2025,17.25,Hàn Quốc học
66122,DTZ,han-quoc-hoc,C00,Điểm thi THPT,2025,17.25,Hàn Quốc học
66123,DTZ,han-quoc-hoc,C03,Điểm thi THPT,2025,17.25,Hàn Quốc học
66124,DTZ,han-quoc-hoc,C04,Điểm thi THPT,2025,17.25,Hàn Quốc học
66125,DTZ,han-quoc-hoc,C14,Điểm thi THPT,2025,17.25,Hàn Quốc học
66126,DTZ,han-quoc-hoc,C19,Điểm thi THPT,2025,17.25,Hàn Quốc học
66127,DTZ,han-quoc-hoc,C20,Điểm thi THPT,2025,17.25,Hàn Quốc học
66128,DTZ,han-quoc-hoc,D01,Điểm thi THPT,2025,17.25,Hàn Quốc học
66129,DTZ,han-quoc-hoc,D10,Điểm thi THPT,2025,17.25,Hàn Quốc học
66130,DTZ,han-quoc-hoc,D66,Điểm thi THPT,2025,17.25,Hàn Quốc học
66131,DTZ,hoa-duoc,A00,Điểm học bạ,2021,18.0,Hoá dược
66132,DTZ,hoa-duoc,A16,Điểm học bạ,2021,18.0,Hoá dược
66133,DTZ,hoa-duoc,B00,Điểm học bạ,2021,18.0,Hoá dược
66134,DTZ,hoa-duoc,C14,Điểm học bạ,2021,18.0,Hoá dược
66135,DTZ,hoa-duoc,A00,Điểm thi THPT,2021,15.0,Hoá dược
66136,DTZ,hoa-duoc,A16,Điểm thi THPT,2021,15.0,Hoá dược
66137,DTZ,hoa-duoc,B00,Điểm thi THPT,2021,15.0,Hoá dược
66138,DTZ,hoa-duoc,C14,Điểm thi THPT,2021,15.0,Hoá dược
66139,DTZ,hoa-duoc,A00,Điểm học bạ,2022,18.0,Hoá dược
66140,DTZ,hoa-duoc,A16,Điểm học bạ,2022,18.0,Hoá dược
66141,DTZ,hoa-duoc,B00,Điểm học bạ,2022,18.0,Hoá dược
66142,DTZ,hoa-duoc,C14,Điểm học bạ,2022,18.0,Hoá dược
66143,DTZ,hoa-duoc,A00,Điểm thi THPT,2022,15.0,Hoá dược
66144,DTZ,hoa-duoc,A16,Điểm thi THPT,2022,15.0,Hoá dược
66145,DTZ,hoa-duoc,B00,Điểm thi THPT,2022,15.0,Hoá dược
66146,DTZ,hoa-duoc,C14,Điểm thi THPT,2022,15.0,Hoá dược
66147,DTZ,hoa-duoc,A00,Điểm học bạ,2025,18.67,Hóa dược
66148,DTZ,hoa-duoc,A05,Điểm học bạ,2025,18.67,Hóa dược
66149,DTZ,hoa-duoc,A06,Điểm học bạ,2025,18.67,Hóa dược
66150,DTZ,hoa-duoc,A11,Điểm học bạ,2025,18.67,Hóa dược
66151,DTZ,hoa-duoc,B00,Điểm học bạ,2025,18.67,Hóa dược
66152,DTZ,hoa-duoc,C02,Điểm học bạ,2025,18.67,Hóa dược
66153,DTZ,hoa-duoc,C08,Điểm học bạ,2025,18.67,Hóa dược
66154,DTZ,hoa-duoc,C10,Điểm học bạ,2025,18.67,Hóa dược
66155,DTZ,hoa-duoc,C17,Điểm học bạ,2025,18.67,Hóa dược
66156,DTZ,hoa-duoc,D07,Điểm học bạ,2025,18.67,Hóa dược
66157,DTZ,hoa-duoc,A00,Điểm thi THPT,2025,16.0,Hóa dược
66158,DTZ,hoa-duoc,A05,Điểm thi THPT,2025,16.0,Hóa dược
66159,DTZ,hoa-duoc,A06,Điểm thi THPT,2025,16.0,Hóa dược
66160,DTZ,hoa-duoc,A11,Điểm thi THPT,2025,16.0,Hóa dược
66161,DTZ,hoa-duoc,B00,Điểm thi THPT,2025,16.0,Hóa dược
66162,DTZ,hoa-duoc,C02,Điểm thi THPT,2025,16.0,Hóa dược
66163,DTZ,hoa-duoc,C08,Điểm thi THPT,2025,16.0,Hóa dược
66164,DTZ,hoa-duoc,C10,Điểm thi THPT,2025,16.0,Hóa dược
66165,DTZ,hoa-duoc,C17,Điểm thi THPT,2025,16.0,Hóa dược
66166,DTZ,hoa-duoc,D07,Điểm thi THPT,2025,16.0,Hóa dược
66167,DTZ,hoa-hoc,A00,Điểm học bạ,2024,19.0,Hóa học (Hóa học - Sinh học - Vật lý)
66168,DTZ,hoa-hoc,B00,Điểm học bạ,2024,19.0,Hóa học (Hóa học - Sinh học - Vật lý)
66169,DTZ,hoa-hoc,C08,Điểm học bạ,2024,19.0,Hóa học (Hóa học - Sinh học - Vật lý)
66170,DTZ,hoa-hoc,D07,Điểm học bạ,2024,19.0,Hóa học (Hóa học - Sinh học - Vật lý)
66171,DTZ,hoa-hoc,A00,Điểm thi THPT,2024,16.5,Hóa học (Hóa học - Sinh học - Vật lý)
66172,DTZ,hoa-hoc,B00,Điểm thi THPT,2024,16.5,Hóa học (Hóa học - Sinh học - Vật lý)
66173,DTZ,hoa-hoc,C08,Điểm thi THPT,2024,16.5,Hóa học (Hóa học - Sinh học - Vật lý)
66174,DTZ,hoa-hoc,D07,Điểm thi THPT,2024,16.5,Hóa học (Hóa học - Sinh học - Vật lý)
66175,DTZ,khac,C00,Điểm học bạ,2024,18.0,Quản trị dịch vụ du lịch và lữ hành (Quản trị khách sạn và khu nghỉ dưỡng cao cấp và các chuyên ngành khác)
66176,DTZ,khac,C20,Điểm học bạ,2024,18.0,Quản trị dịch vụ du lịch và lữ hành (Quản trị khách sạn và khu nghỉ dưỡng cao cấp và các chuyên ngành khác)
66177,DTZ,khac,D01,Điểm học bạ,2024,18.0,Quản trị dịch vụ du lịch và lữ hành (Quản trị khách sạn và khu nghỉ dưỡng cao cấp và các chuyên ngành khác)
66178,DTZ,khac,D66,Điểm học bạ,2024,18.0,Quản trị dịch vụ du lịch và lữ hành (Quản trị khách sạn và khu nghỉ dưỡng cao cấp và các chuyên ngành khác)
66179,DTZ,khoa-hoc-moi-truong,A00,Điểm học bạ,2021,18.0,Khoa học môi trường
66180,DTZ,khoa-hoc-moi-truong,B00,Điểm học bạ,2021,18.0,Khoa học môi trường
66181,DTZ,khoa-hoc-moi-truong,C14,Điểm học bạ,2021,18.0,Khoa học môi trường
66182,DTZ,khoa-hoc-moi-truong,D01,Điểm học bạ,2021,18.0,Khoa học môi trường
66183,DTZ,khoa-hoc-moi-truong,A00,Điểm thi THPT,2021,15.0,Khoa học môi trường
66184,DTZ,khoa-hoc-moi-truong,B00,Điểm thi THPT,2021,15.0,Khoa học môi trường
66185,DTZ,khoa-hoc-moi-truong,C14,Điểm thi THPT,2021,15.0,Khoa học môi trường
66186,DTZ,khoa-hoc-moi-truong,D01,Điểm thi THPT,2021,15.0,Khoa học môi trường
66187,DTZ,khoa-hoc-moi-truong,A00,Điểm học bạ,2022,18.0,Khoa học môi trường
66188,DTZ,khoa-hoc-moi-truong,B00,Điểm học bạ,2022,18.0,Khoa học môi trường
66189,DTZ,khoa-hoc-moi-truong,C14,Điểm học bạ,2022,18.0,Khoa học môi trường
66190,DTZ,khoa-hoc-moi-truong,D01,Điểm học bạ,2022,18.0,Khoa học môi trường
66191,DTZ,khoa-hoc-moi-truong,A00,Điểm thi THPT,2022,15.0,Khoa học môi trường
66192,DTZ,khoa-hoc-moi-truong,B00,Điểm thi THPT,2022,15.0,Khoa học môi trường
66193,DTZ,khoa-hoc-moi-truong,C14,Điểm thi THPT,2022,15.0,Khoa học môi trường
66194,DTZ,khoa-hoc-moi-truong,D01,Điểm thi THPT,2022,15.0,Khoa học môi trường
66195,DTZ,khoa-hoc-quan-ly,C00,Điểm học bạ,2021,18.0,Khoa học quản lý
66196,DTZ,khoa-hoc-quan-ly,C14,Điểm học bạ,2021,18.0,Khoa học quản lý
66197,DTZ,khoa-hoc-quan-ly,D01,Điểm học bạ,2021,18.0,Khoa học quản lý
66198,DTZ,khoa-hoc-quan-ly,D84,Điểm học bạ,2021,18.0,Khoa học quản lý
66199,DTZ,khoa-hoc-quan-ly,C00,Điểm thi THPT,2021,15.0,Khoa học quản lý
66200,DTZ,khoa-hoc-quan-ly,C14,Điểm thi THPT,2021,15.0,Khoa học quản lý
66201,DTZ,khoa-hoc-quan-ly,D01,Điểm thi THPT,2021,15.0,Khoa học quản lý
66202,DTZ,khoa-hoc-quan-ly,D84,Điểm thi THPT,2021,15.0,Khoa học quản lý
66203,DTZ,khoa-hoc-quan-ly,C00,Điểm học bạ,2022,18.0,Khoa học quản lý
66204,DTZ,khoa-hoc-quan-ly,C14,Điểm học bạ,2022,18.0,Khoa học quản lý
66205,DTZ,khoa-hoc-quan-ly,D01,Điểm học bạ,2022,18.0,Khoa học quản lý
66206,DTZ,khoa-hoc-quan-ly,D84,Điểm học bạ,2022,18.0,Khoa học quản lý
66207,DTZ,khoa-hoc-quan-ly,C00,Điểm thi THPT,2022,15.0,Khoa học quản lý
66208,DTZ,khoa-hoc-quan-ly,C14,Điểm thi THPT,2022,15.0,Khoa học quản lý
66209,DTZ,khoa-hoc-quan-ly,D01,Điểm thi THPT,2022,15.0,Khoa học quản lý
66210,DTZ,khoa-hoc-quan-ly,D84,Điểm thi THPT,2022,15.0,Khoa học quản lý
66211,DTZ,khoa-hoc-quan-ly,C00,Điểm học bạ,2023,18.0,Khoa học quản lý (Quản lý nhân lực)
66212,DTZ,khoa-hoc-quan-ly,C14,Điểm học bạ,2023,18.0,Khoa học quản lý (Quản lý nhân lực)
66213,DTZ,khoa-hoc-quan-ly,D01,Điểm học bạ,2023,18.0,Khoa học quản lý (Quản lý nhân lực)
66214,DTZ,khoa-hoc-quan-ly,D84,Điểm học bạ,2023,18.0,Khoa học quản lý (Quản lý nhân lực)
66215,DTZ,khoa-hoc-quan-ly,C00,Điểm thi THPT,2023,15.0,Khoa học quản lý (Quản lý nhân lực)
66216,DTZ,khoa-hoc-quan-ly,C14,Điểm thi THPT,2023,15.0,Khoa học quản lý (Quản lý nhân lực)
66217,DTZ,khoa-hoc-quan-ly,D01,Điểm thi THPT,2023,15.0,Khoa học quản lý (Quản lý nhân lực)
66218,DTZ,khoa-hoc-quan-ly,D84,Điểm thi THPT,2023,15.0,Khoa học quản lý (Quản lý nhân lực)
66219,DTZ,khoa-hoc-quan-ly,C00,Điểm học bạ,2024,18.0,Khoa học quản lý (Quản lý nhân lực)
66220,DTZ,khoa-hoc-quan-ly,C14,Điểm học bạ,2024,18.0,Khoa học quản lý (Quản lý nhân lực)
66221,DTZ,khoa-hoc-quan-ly,D01,Điểm học bạ,2024,18.0,Khoa học quản lý (Quản lý nhân lực)
66222,DTZ,khoa-hoc-quan-ly,D84,Điểm học bạ,2024,18.0,Khoa học quản lý (Quản lý nhân lực)
66223,DTZ,khoa-hoc-quan-ly,C00,Điểm thi THPT,2024,16.0,Khoa học quản lý (Quản lý nhân lực)
66224,DTZ,khoa-hoc-quan-ly,C14,Điểm thi THPT,2024,16.0,Khoa học quản lý (Quản lý nhân lực)
66225,DTZ,khoa-hoc-quan-ly,D01,Điểm thi THPT,2024,16.0,Khoa học quản lý (Quản lý nhân lực)
66226,DTZ,khoa-hoc-quan-ly,D84,Điểm thi THPT,2024,16.0,Khoa học quản lý (Quản lý nhân lực)
66227,DTZ,khoa-hoc-quan-ly,C00,Điểm học bạ,2025,18.83,Khoa học quản lý (Quản lý nhân lực)
66228,DTZ,khoa-hoc-quan-ly,C03,Điểm học bạ,2025,18.83,Khoa học quản lý (Quản lý nhân lực)
66229,DTZ,khoa-hoc-quan-ly,C04,Điểm học bạ,2025,18.83,Khoa học quản lý (Quản lý nhân lực)
66230,DTZ,khoa-hoc-quan-ly,C14,Điểm học bạ,2025,18.83,Khoa học quản lý (Quản lý nhân lực)
66231,DTZ,khoa-hoc-quan-ly,C19,Điểm học bạ,2025,18.83,Khoa học quản lý (Quản lý nhân lực)
66232,DTZ,khoa-hoc-quan-ly,C20,Điểm học bạ,2025,18.83,Khoa học quản lý (Quản lý nhân lực)
66233,DTZ,khoa-hoc-quan-ly,D01,Điểm học bạ,2025,18.83,Khoa học quản lý (Quản lý nhân lực)
66234,DTZ,khoa-hoc-quan-ly,D10,Điểm học bạ,2025,18.83,Khoa học quản lý (Quản lý nhân lực)
66235,DTZ,khoa-hoc-quan-ly,D66,Điểm học bạ,2025,18.83,Khoa học quản lý (Quản lý nhân lực)
66236,DTZ,khoa-hoc-quan-ly,D84,Điểm học bạ,2025,18.83,Khoa học quản lý (Quản lý nhân lực)
66237,DTZ,khoa-hoc-quan-ly,C00,Điểm thi THPT,2025,16.25,Khoa học quản lý (Quản lý nhân lực)
66238,DTZ,khoa-hoc-quan-ly,C03,Điểm thi THPT,2025,16.25,Khoa học quản lý (Quản lý nhân lực)
66239,DTZ,khoa-hoc-quan-ly,C04,Điểm thi THPT,2025,16.25,Khoa học quản lý (Quản lý nhân lực)
66240,DTZ,khoa-hoc-quan-ly,C14,Điểm thi THPT,2025,16.25,Khoa học quản lý (Quản lý nhân lực)
66241,DTZ,khoa-hoc-quan-ly,C19,Điểm thi THPT,2025,16.25,Khoa học quản lý (Quản lý nhân lực)
66242,DTZ,khoa-hoc-quan-ly,C20,Điểm thi THPT,2025,16.25,Khoa học quản lý (Quản lý nhân lực)
66243,DTZ,khoa-hoc-quan-ly,D01,Điểm thi THPT,2025,16.25,Khoa học quản lý (Quản lý nhân lực)
66244,DTZ,khoa-hoc-quan-ly,D10,Điểm thi THPT,2025,16.25,Khoa học quản lý (Quản lý nhân lực)
66245,DTZ,khoa-hoc-quan-ly,D66,Điểm thi THPT,2025,16.25,Khoa học quản lý (Quản lý nhân lực)
66246,DTZ,khoa-hoc-quan-ly,D84,Điểm thi THPT,2025,16.25,Khoa học quản lý (Quản lý nhân lực)
66247,DTZ,khoa-hoc-tu-nhien-tich-hop-stem,A00,Điểm học bạ,2025,21.0,Khoa học Tự nhiên tích hợp STEM
66248,DTZ,khoa-hoc-tu-nhien-tich-hop-stem,A05,Điểm học bạ,2025,21.0,Khoa học Tự nhiên tích hợp STEM
66249,DTZ,khoa-hoc-tu-nhien-tich-hop-stem,A06,Điểm học bạ,2025,21.0,Khoa học Tự nhiên tích hợp STEM
66250,DTZ,khoa-hoc-tu-nhien-tich-hop-stem,A11,Điểm học bạ,2025,21.0,Khoa học Tự nhiên tích hợp STEM
66251,DTZ,khoa-hoc-tu-nhien-tich-hop-stem,B00,Điểm học bạ,2025,21.0,Khoa học Tự nhiên tích hợp STEM
66252,DTZ,khoa-hoc-tu-nhien-tich-hop-stem,C02,Điểm học bạ,2025,21.0,Khoa học Tự nhiên tích hợp STEM
66253,DTZ,khoa-hoc-tu-nhien-tich-hop-stem,C08,Điểm học bạ,2025,21.0,Khoa học Tự nhiên tích hợp STEM
66254,DTZ,khoa-hoc-tu-nhien-tich-hop-stem,C10,Điểm học bạ,2025,21.0,Khoa học Tự nhiên tích hợp STEM
66255,DTZ,khoa-hoc-tu-nhien-tich-hop-stem,C17,Điểm học bạ,2025,21.0,Khoa học Tự nhiên tích hợp STEM
66256,DTZ,khoa-hoc-tu-nhien-tich-hop-stem,D07,Điểm học bạ,2025,21.0,Khoa học Tự nhiên tích hợp STEM
66257,DTZ,khoa-hoc-tu-nhien-tich-hop-stem,A00,Điểm thi THPT,2025,19.5,Khoa học Tự nhiên tích hợp STEM
66258,DTZ,khoa-hoc-tu-nhien-tich-hop-stem,A05,Điểm thi THPT,2025,19.5,Khoa học Tự nhiên tích hợp STEM
66259,DTZ,khoa-hoc-tu-nhien-tich-hop-stem,A06,Điểm thi THPT,2025,19.5,Khoa học Tự nhiên tích hợp STEM
66260,DTZ,khoa-hoc-tu-nhien-tich-hop-stem,A11,Điểm thi THPT,2025,19.5,Khoa học Tự nhiên tích hợp STEM
66261,DTZ,khoa-hoc-tu-nhien-tich-hop-stem,B00,Điểm thi THPT,2025,19.5,Khoa học Tự nhiên tích hợp STEM
66262,DTZ,khoa-hoc-tu-nhien-tich-hop-stem,C02,Điểm thi THPT,2025,19.5,Khoa học Tự nhiên tích hợp STEM
66263,DTZ,khoa-hoc-tu-nhien-tich-hop-stem,C08,Điểm thi THPT,2025,19.5,Khoa học Tự nhiên tích hợp STEM
66264,DTZ,khoa-hoc-tu-nhien-tich-hop-stem,C10,Điểm thi THPT,2025,19.5,Khoa học Tự nhiên tích hợp STEM
66265,DTZ,khoa-hoc-tu-nhien-tich-hop-stem,C17,Điểm thi THPT,2025,19.5,Khoa học Tự nhiên tích hợp STEM
66266,DTZ,khoa-hoc-tu-nhien-tich-hop-stem,D07,Điểm thi THPT,2025,19.5,Khoa học Tự nhiên tích hợp STEM
66267,DTZ,ky-thuat-xet-nghiem-y-sinh,B00,Điểm học bạ,2021,23.0,Kỹ thuật xét nghiệm Y - Sinh
66268,DTZ,ky-thuat-xet-nghiem-y-sinh,D07,Điểm học bạ,2021,23.0,Kỹ thuật xét nghiệm Y - Sinh
66269,DTZ,ky-thuat-xet-nghiem-y-sinh,D08,Điểm học bạ,2021,23.0,Kỹ thuật xét nghiệm Y - Sinh
66270,DTZ,ky-thuat-xet-nghiem-y-sinh,B00,Điểm thi THPT,2021,20.0,Kỹ thuật xét nghiệm Y - Sinh
66271,DTZ,ky-thuat-xet-nghiem-y-sinh,D07,Điểm thi THPT,2021,20.0,Kỹ thuật xét nghiệm Y - Sinh
66272,DTZ,ky-thuat-xet-nghiem-y-sinh,D08,Điểm thi THPT,2021,20.0,Kỹ thuật xét nghiệm Y - Sinh
66273,DTZ,ky-thuat-xet-nghiem-y-sinh,A00,Điểm học bạ,2022,23.5,Kỹ thuật xét nghiệm Y - Sinh
66274,DTZ,ky-thuat-xet-nghiem-y-sinh,B00,Điểm học bạ,2022,23.5,Kỹ thuật xét nghiệm Y - Sinh
66275,DTZ,ky-thuat-xet-nghiem-y-sinh,B08,Điểm học bạ,2022,23.5,Kỹ thuật xét nghiệm Y - Sinh
66276,DTZ,ky-thuat-xet-nghiem-y-sinh,D07,Điểm học bạ,2022,23.5,Kỹ thuật xét nghiệm Y - Sinh
66277,DTZ,ky-thuat-xet-nghiem-y-sinh,A00,Điểm thi THPT,2022,19.0,Kỹ thuật xét nghiệm Y - Sinh
66278,DTZ,ky-thuat-xet-nghiem-y-sinh,B00,Điểm thi THPT,2022,19.0,Kỹ thuật xét nghiệm Y - Sinh
66279,DTZ,ky-thuat-xet-nghiem-y-sinh,B08,Điểm thi THPT,2022,19.0,Kỹ thuật xét nghiệm Y - Sinh
66280,DTZ,ky-thuat-xet-nghiem-y-sinh,D07,Điểm thi THPT,2022,19.0,Kỹ thuật xét nghiệm Y - Sinh
66281,DTZ,lich-su,C00,Điểm học bạ,2021,18.0,Lịch sử
66282,DTZ,lich-su,C14,Điểm học bạ,2021,18.0,Lịch sử
66283,DTZ,lich-su,D01,Điểm học bạ,2021,18.0,Lịch sử
66284,DTZ,lich-su,D84,Điểm học bạ,2021,18.0,Lịch sử
66285,DTZ,lich-su,C00,Điểm thi THPT,2021,15.0,Lịch sử
66286,DTZ,lich-su,C14,Điểm thi THPT,2021,15.0,Lịch sử
66287,DTZ,lich-su,D01,Điểm thi THPT,2021,15.0,Lịch sử
66288,DTZ,lich-su,D84,Điểm thi THPT,2021,15.0,Lịch sử
66289,DTZ,lich-su,C00,Điểm học bạ,2022,18.0,Lịch sử
66290,DTZ,lich-su,C14,Điểm học bạ,2022,18.0,Lịch sử
66291,DTZ,lich-su,D01,Điểm học bạ,2022,18.0,Lịch sử
66292,DTZ,lich-su,D84,Điểm học bạ,2022,18.0,Lịch sử
66293,DTZ,lich-su,C00,Điểm thi THPT,2022,15.0,Lịch sử
66294,DTZ,lich-su,C14,Điểm thi THPT,2022,15.0,Lịch sử
66295,DTZ,lich-su,D01,Điểm thi THPT,2022,15.0,Lịch sử
66296,DTZ,lich-su,D84,Điểm thi THPT,2022,15.0,Lịch sử
66297,DTZ,lich-su,C00,Điểm học bạ,2024,19.0,Lịch sử (Lịch sử - Địa lý và Kinh tế pháp luật)
66298,DTZ,lich-su,C14,Điểm học bạ,2024,19.0,Lịch sử (Lịch sử - Địa lý và Kinh tế pháp luật)
66299,DTZ,lich-su,D01,Điểm học bạ,2024,19.0,Lịch sử (Lịch sử - Địa lý và Kinh tế pháp luật)
66300,DTZ,lich-su,D84,Điểm học bạ,2024,19.0,Lịch sử (Lịch sử - Địa lý và Kinh tế pháp luật)
66301,DTZ,lich-su,C00,Điểm thi THPT,2024,18.0,Lịch sử (Lịch sử - Địa lý và Kinh tế pháp luật)
66302,DTZ,lich-su,C14,Điểm thi THPT,2024,18.0,Lịch sử (Lịch sử - Địa lý và Kinh tế pháp luật)
66303,DTZ,lich-su,D01,Điểm thi THPT,2024,18.0,Lịch sử (Lịch sử - Địa lý và Kinh tế pháp luật)
66304,DTZ,lich-su,D84,Điểm thi THPT,2024,18.0,Lịch sử (Lịch sử - Địa lý và Kinh tế pháp luật)
66305,DTZ,lich-su-dia-ly-va-kinh-te-phap-luat,C00,Điểm học bạ,2025,19.05,Lịch sử- Địa lý và Kinh tế Pháp luật
66306,DTZ,lich-su-dia-ly-va-kinh-te-phap-luat,C03,Điểm học bạ,2025,19.05,Lịch sử- Địa lý và Kinh tế Pháp luật
66307,DTZ,lich-su-dia-ly-va-kinh-te-phap-luat,C04,Điểm học bạ,2025,19.05,Lịch sử- Địa lý và Kinh tế Pháp luật
66308,DTZ,lich-su-dia-ly-va-kinh-te-phap-luat,C14,Điểm học bạ,2025,19.05,Lịch sử- Địa lý và Kinh tế Pháp luật
66309,DTZ,lich-su-dia-ly-va-kinh-te-phap-luat,C19,Điểm học bạ,2025,19.05,Lịch sử- Địa lý và Kinh tế Pháp luật
66310,DTZ,lich-su-dia-ly-va-kinh-te-phap-luat,D01,Điểm học bạ,2025,19.05,Lịch sử- Địa lý và Kinh tế Pháp luật
66311,DTZ,lich-su-dia-ly-va-kinh-te-phap-luat,D10,Điểm học bạ,2025,19.05,Lịch sử- Địa lý và Kinh tế Pháp luật
66312,DTZ,lich-su-dia-ly-va-kinh-te-phap-luat,D66,Điểm học bạ,2025,19.05,Lịch sử- Địa lý và Kinh tế Pháp luật
66313,DTZ,lich-su-dia-ly-va-kinh-te-phap-luat,D84,Điểm học bạ,2025,19.05,Lịch sử- Địa lý và Kinh tế Pháp luật
66314,DTZ,lich-su-dia-ly-va-kinh-te-phap-luat,C00,Điểm thi THPT,2025,19.05,Lịch sử- Địa lý và Kinh tế Pháp luật
66315,DTZ,lich-su-dia-ly-va-kinh-te-phap-luat,C03,Điểm thi THPT,2025,19.05,Lịch sử- Địa lý và Kinh tế Pháp luật
66316,DTZ,lich-su-dia-ly-va-kinh-te-phap-luat,C04,Điểm thi THPT,2025,19.05,Lịch sử- Địa lý và Kinh tế Pháp luật
66317,DTZ,lich-su-dia-ly-va-kinh-te-phap-luat,C14,Điểm thi THPT,2025,19.05,Lịch sử- Địa lý và Kinh tế Pháp luật
66318,DTZ,lich-su-dia-ly-va-kinh-te-phap-luat,C19,Điểm thi THPT,2025,19.05,Lịch sử- Địa lý và Kinh tế Pháp luật
66319,DTZ,lich-su-dia-ly-va-kinh-te-phap-luat,D01,Điểm thi THPT,2025,19.05,Lịch sử- Địa lý và Kinh tế Pháp luật
66320,DTZ,lich-su-dia-ly-va-kinh-te-phap-luat,D10,Điểm thi THPT,2025,19.05,Lịch sử- Địa lý và Kinh tế Pháp luật
66321,DTZ,lich-su-dia-ly-va-kinh-te-phap-luat,D66,Điểm thi THPT,2025,19.05,Lịch sử- Địa lý và Kinh tế Pháp luật
66322,DTZ,lich-su-dia-ly-va-kinh-te-phap-luat,D84,Điểm thi THPT,2025,19.05,Lịch sử- Địa lý và Kinh tế Pháp luật
66323,DTZ,luat,C00,Điểm học bạ,2021,18.0,Luật
66324,DTZ,luat,C14,Điểm học bạ,2021,18.0,Luật
66325,DTZ,luat,D01,Điểm học bạ,2021,18.0,Luật
66326,DTZ,luat,D84,Điểm học bạ,2021,18.0,Luật
66327,DTZ,luat,C00,Điểm thi THPT,2021,15.0,Luật
66328,DTZ,luat,C14,Điểm thi THPT,2021,15.0,Luật
66329,DTZ,luat,D01,Điểm thi THPT,2021,15.0,Luật
66330,DTZ,luat,D84,Điểm thi THPT,2021,15.0,Luật
66331,DTZ,luat,C00,Điểm học bạ,2022,19.0,Luật
66332,DTZ,luat,C14,Điểm học bạ,2022,19.0,Luật
66333,DTZ,luat,C20,Điểm học bạ,2022,19.0,Luật
66334,DTZ,luat,D01,Điểm học bạ,2022,19.0,Luật
66335,DTZ,luat,C00,Điểm thi THPT,2022,15.0,Luật
66336,DTZ,luat,C14,Điểm thi THPT,2022,15.0,Luật
66337,DTZ,luat,C20,Điểm thi THPT,2022,15.0,Luật
66338,DTZ,luat,D01,Điểm thi THPT,2022,15.0,Luật
66339,DTZ,luat,C00,Điểm học bạ,2023,18.0,Luật
66340,DTZ,luat,C14,Điểm học bạ,2023,18.0,Luật
66341,DTZ,luat,C20,Điểm học bạ,2023,18.0,Luật
66342,DTZ,luat,D01,Điểm học bạ,2023,18.0,Luật
66343,DTZ,luat,C00,Điểm thi THPT,2023,15.0,Luật
66344,DTZ,luat,C14,Điểm thi THPT,2023,15.0,Luật
66345,DTZ,luat,C20,Điểm thi THPT,2023,15.0,Luật
66346,DTZ,luat,D01,Điểm thi THPT,2023,15.0,Luật
66347,DTZ,luat,C00,Điểm học bạ,2024,18.0,"Luật (Luật, Dịch vụ pháp luật)"
66348,DTZ,luat,C14,Điểm học bạ,2024,18.0,"Luật (Luật, Dịch vụ pháp luật)"
66349,DTZ,luat,C20,Điểm học bạ,2024,18.0,"Luật (Luật, Dịch vụ pháp luật)"
66350,DTZ,luat,D01,Điểm học bạ,2024,18.0,"Luật (Luật, Dịch vụ pháp luật)"
66351,DTZ,luat,C00,Điểm thi THPT,2024,16.0,"Luật (Luật, Dịch vụ pháp luật)"
66352,DTZ,luat,C14,Điểm thi THPT,2024,16.0,"Luật (Luật, Dịch vụ pháp luật)"
66353,DTZ,luat,C20,Điểm thi THPT,2024,16.0,"Luật (Luật, Dịch vụ pháp luật)"
66354,DTZ,luat,D01,Điểm thi THPT,2024,16.0,"Luật (Luật, Dịch vụ pháp luật)"
66355,DTZ,luat,C00,Điểm học bạ,2025,18.0,Luật
66356,DTZ,luat,C03,Điểm học bạ,2025,18.0,Luật
66357,DTZ,luat,C04,Điểm học bạ,2025,18.0,Luật
66358,DTZ,luat,C14,Điểm học bạ,2025,18.0,Luật
66359,DTZ,luat,C19,Điểm học bạ,2025,18.0,Luật
66360,DTZ,luat,C20,Điểm học bạ,2025,18.0,Luật
66361,DTZ,luat,D01,Điểm học bạ,2025,18.0,Luật
66362,DTZ,luat,D10,Điểm học bạ,2025,18.0,Luật
66363,DTZ,luat,D66,Điểm học bạ,2025,18.0,Luật
66364,DTZ,luat,D84,Điểm học bạ,2025,18.0,Luật
66365,DTZ,luat,C00,Điểm thi THPT,2025,18.0,Luật
66366,DTZ,luat,C03,Điểm thi THPT,2025,18.0,Luật
66367,DTZ,luat,C04,Điểm thi THPT,2025,18.0,Luật
66368,DTZ,luat,C14,Điểm thi THPT,2025,18.0,Luật
66369,DTZ,luat,C19,Điểm thi THPT,2025,18.0,Luật
66370,DTZ,luat,C20,Điểm thi THPT,2025,18.0,Luật
66371,DTZ,luat,D01,Điểm thi THPT,2025,18.0,Luật
66372,DTZ,luat,D10,Điểm thi THPT,2025,18.0,Luật
66373,DTZ,luat,D66,Điểm thi THPT,2025,18.0,Luật
66374,DTZ,luat,D84,Điểm thi THPT,2025,18.0,Luật
66375,DTZ,luat-kinh-te,C00,Điểm học bạ,2025,20.0,Luật kinh tế
66376,DTZ,luat-kinh-te,C03,Điểm học bạ,2025,20.0,Luật kinh tế
66377,DTZ,luat-kinh-te,C04,Điểm học bạ,2025,20.0,Luật kinh tế
66378,DTZ,luat-kinh-te,C14,Điểm học bạ,2025,20.0,Luật kinh tế
66379,DTZ,luat-kinh-te,C19,Điểm học bạ,2025,20.0,Luật kinh tế
66380,DTZ,luat-kinh-te,C20,Điểm học bạ,2025,20.0,Luật kinh tế
66381,DTZ,luat-kinh-te,D01,Điểm học bạ,2025,20.0,Luật kinh tế
66382,DTZ,luat-kinh-te,D10,Điểm học bạ,2025,20.0,Luật kinh tế
66383,DTZ,luat-kinh-te,D66,Điểm học bạ,2025,20.0,Luật kinh tế
66384,DTZ,luat-kinh-te,D84,Điểm học bạ,2025,20.0,Luật kinh tế
66385,DTZ,luat-kinh-te,C00,Điểm thi THPT,2025,18.0,Luật kinh tế
66386,DTZ,luat-kinh-te,C03,Điểm thi THPT,2025,18.0,Luật kinh tế
66387,DTZ,luat-kinh-te,C04,Điểm thi THPT,2025,18.0,Luật kinh tế
66388,DTZ,luat-kinh-te,C14,Điểm thi THPT,2025,18.0,Luật kinh tế
66389,DTZ,luat-kinh-te,C19,Điểm thi THPT,2025,18.0,Luật kinh tế
66390,DTZ,luat-kinh-te,C20,Điểm thi THPT,2025,18.0,Luật kinh tế
66391,DTZ,luat-kinh-te,D01,Điểm thi THPT,2025,18.0,Luật kinh tế
66392,DTZ,luat-kinh-te,D10,Điểm thi THPT,2025,18.0,Luật kinh tế
66393,DTZ,luat-kinh-te,D66,Điểm thi THPT,2025,18.0,Luật kinh tế
66394,DTZ,luat-kinh-te,D84,Điểm thi THPT,2025,18.0,Luật kinh tế
66395,DTZ,ngon-ngu-anh,D01,Điểm học bạ,2021,18.0,Ngôn ngữ Anh
66396,DTZ,ngon-ngu-anh,D14,Điểm học bạ,2021,18.0,Ngôn ngữ Anh
66397,DTZ,ngon-ngu-anh,D15,Điểm học bạ,2021,18.0,Ngôn ngữ Anh
66398,DTZ,ngon-ngu-anh,D66,Điểm học bạ,2021,18.0,Ngôn ngữ Anh
66399,DTZ,ngon-ngu-anh,D01,Điểm thi THPT,2021,15.0,Ngôn ngữ Anh
66400,DTZ,ngon-ngu-anh,D14,Điểm thi THPT,2021,15.0,Ngôn ngữ Anh
66401,DTZ,ngon-ngu-anh,D15,Điểm thi THPT,2021,15.0,Ngôn ngữ Anh
66402,DTZ,ngon-ngu-anh,D66,Điểm thi THPT,2021,15.0,Ngôn ngữ Anh
66403,DTZ,ngon-ngu-anh,D01,Điểm học bạ,2022,20.0,Ngôn ngữ Anh
66404,DTZ,ngon-ngu-anh,D14,Điểm học bạ,2022,20.0,Ngôn ngữ Anh
66405,DTZ,ngon-ngu-anh,D15,Điểm học bạ,2022,20.0,Ngôn ngữ Anh
66406,DTZ,ngon-ngu-anh,D66,Điểm học bạ,2022,20.0,Ngôn ngữ Anh
66407,DTZ,ngon-ngu-anh,D01,Điểm thi THPT,2022,15.0,Ngôn ngữ Anh
66408,DTZ,ngon-ngu-anh,D14,Điểm thi THPT,2022,15.0,Ngôn ngữ Anh
66409,DTZ,ngon-ngu-anh,D15,Điểm thi THPT,2022,15.0,Ngôn ngữ Anh
66410,DTZ,ngon-ngu-anh,D66,Điểm thi THPT,2022,15.0,Ngôn ngữ Anh
66411,DTZ,ngon-ngu-anh,D01,Điểm học bạ,2023,20.0,Ngôn ngữ Anh (Tiếng Anh ứng dụng)
66412,DTZ,ngon-ngu-anh,D14,Điểm học bạ,2023,20.0,Ngôn ngữ Anh (Song ngữ Anh - Trung)
66413,DTZ,ngon-ngu-anh,D15,Điểm học bạ,2023,20.0,Ngôn ngữ Anh (Song ngữ Anh - Trung)
66414,DTZ,ngon-ngu-anh,D66,Điểm học bạ,2023,20.0,Ngôn ngữ Anh (Song ngữ Anh - Trung)
66415,DTZ,ngon-ngu-anh,D01,Điểm thi THPT,2023,15.0,Ngôn ngữ Anh (Tiếng Anh ứng dụng)
66416,DTZ,ngon-ngu-anh,D14,Điểm thi THPT,2023,15.0,Ngôn ngữ Anh (Song ngữ Anh - Trung)
66417,DTZ,ngon-ngu-anh,D15,Điểm thi THPT,2023,15.0,Ngôn ngữ Anh (Song ngữ Anh - Trung)
66418,DTZ,ngon-ngu-anh,D66,Điểm thi THPT,2023,15.0,Ngôn ngữ Anh (Song ngữ Anh - Trung)
66419,DTZ,ngon-ngu-anh,D01,Điểm học bạ,2024,19.0,Ngôn ngữ Anh (Song ngữ Anh - Hàn)
66420,DTZ,ngon-ngu-anh,D14,Điểm học bạ,2024,19.0,Ngôn ngữ Anh (Song ngữ Anh - Hàn)
66421,DTZ,ngon-ngu-anh,D15,Điểm học bạ,2024,19.0,Ngôn ngữ Anh (Song ngữ Anh - Hàn)
66422,DTZ,ngon-ngu-anh,D66,Điểm học bạ,2024,19.0,Ngôn ngữ Anh (Song ngữ Anh - Hàn)
66423,DTZ,ngon-ngu-anh,D01,Điểm thi THPT,2024,16.0,Ngôn ngữ Anh (Song ngữ Anh - Hàn)
66424,DTZ,ngon-ngu-anh,D14,Điểm thi THPT,2024,16.0,Ngôn ngữ Anh (Song ngữ Anh - Hàn)
66425,DTZ,ngon-ngu-anh,D15,Điểm thi THPT,2024,16.0,Ngôn ngữ Anh (Song ngữ Anh - Hàn)
66426,DTZ,ngon-ngu-anh,D66,Điểm thi THPT,2024,16.0,Ngôn ngữ Anh (Song ngữ Anh - Hàn)
66427,DTZ,ngon-ngu-anh,D01,Điểm học bạ,2025,18.9,Ngôn ngữ Anh (Tiếng Anh ứng dụng)
66428,DTZ,ngon-ngu-anh,D09,Điểm học bạ,2025,18.9,Ngôn ngữ Anh (Tiếng Anh ứng dụng)
66429,DTZ,ngon-ngu-anh,D10,Điểm học bạ,2025,18.9,Ngôn ngữ Anh (Tiếng Anh ứng dụng)
66430,DTZ,ngon-ngu-anh,D11,Điểm học bạ,2025,18.9,Ngôn ngữ Anh (Tiếng Anh ứng dụng)
66431,DTZ,ngon-ngu-anh,D12,Điểm học bạ,2025,18.9,Ngôn ngữ Anh (Tiếng Anh ứng dụng)
66432,DTZ,ngon-ngu-anh,D13,Điểm học bạ,2025,18.9,Ngôn ngữ Anh (Tiếng Anh ứng dụng)
66433,DTZ,ngon-ngu-anh,D14,Điểm học bạ,2025,18.9,Ngôn ngữ Anh (Tiếng Anh ứng dụng)
66434,DTZ,ngon-ngu-anh,D15,Điểm học bạ,2025,18.9,Ngôn ngữ Anh (Tiếng Anh ứng dụng)
66435,DTZ,ngon-ngu-anh,D66,Điểm học bạ,2025,18.9,Ngôn ngữ Anh (Tiếng Anh ứng dụng)
66436,DTZ,ngon-ngu-anh,D84,Điểm học bạ,2025,18.9,Ngôn ngữ Anh (Tiếng Anh ứng dụng)
66437,DTZ,ngon-ngu-anh,D01,Điểm thi THPT,2025,16.35,Ngôn ngữ Anh (Tiếng Anh ứng dụng)
66438,DTZ,ngon-ngu-anh,D09,Điểm thi THPT,2025,16.35,Ngôn ngữ Anh (Tiếng Anh ứng dụng)
66439,DTZ,ngon-ngu-anh,D10,Điểm thi THPT,2025,16.35,Ngôn ngữ Anh (Tiếng Anh ứng dụng)
66440,DTZ,ngon-ngu-anh,D11,Điểm thi THPT,2025,16.35,Ngôn ngữ Anh (Tiếng Anh ứng dụng)
66441,DTZ,ngon-ngu-anh,D12,Điểm thi THPT,2025,16.35,Ngôn ngữ Anh (Tiếng Anh ứng dụng)
66442,DTZ,ngon-ngu-anh,D13,Điểm thi THPT,2025,16.35,Ngôn ngữ Anh (Tiếng Anh ứng dụng)
66443,DTZ,ngon-ngu-anh,D14,Điểm thi THPT,2025,16.35,Ngôn ngữ Anh (Tiếng Anh ứng dụng)
66444,DTZ,ngon-ngu-anh,D15,Điểm thi THPT,2025,16.35,Ngôn ngữ Anh (Tiếng Anh ứng dụng)
66445,DTZ,ngon-ngu-anh,D66,Điểm thi THPT,2025,16.35,Ngôn ngữ Anh (Tiếng Anh ứng dụng)
66446,DTZ,ngon-ngu-anh,D84,Điểm thi THPT,2025,16.35,Ngôn ngữ Anh (Tiếng Anh ứng dụng)
66447,DTZ,ngon-ngu-va-van-hoa-cac-dan-toc-thieu-so-viet-nam,C00,Điểm học bạ,2024,18.0,Ngôn ngữ và Văn hóa các dân tộc thiểu số Việt Nam
66448,DTZ,ngon-ngu-va-van-hoa-cac-dan-toc-thieu-so-viet-nam,C14,Điểm học bạ,2024,18.0,Ngôn ngữ và Văn hóa các dân tộc thiểu số Việt Nam
66449,DTZ,ngon-ngu-va-van-hoa-cac-dan-toc-thieu-so-viet-nam,D01,Điểm học bạ,2024,18.0,Ngôn ngữ và Văn hóa các dân tộc thiểu số Việt Nam
66450,DTZ,ngon-ngu-va-van-hoa-cac-dan-toc-thieu-so-viet-nam,D84,Điểm học bạ,2024,18.0,Ngôn ngữ và Văn hóa các dân tộc thiểu số Việt Nam
66451,DTZ,ngon-ngu-va-van-hoa-cac-dan-toc-thieu-so-viet-nam,C00,Điểm thi THPT,2024,16.0,Ngôn ngữ và Văn hóa các dân tộc thiếu số Việt Nam
66452,DTZ,ngon-ngu-va-van-hoa-cac-dan-toc-thieu-so-viet-nam,C14,Điểm thi THPT,2024,16.0,Ngôn ngữ và Văn hóa các dân tộc thiếu số Việt Nam
66453,DTZ,ngon-ngu-va-van-hoa-cac-dan-toc-thieu-so-viet-nam,D01,Điểm thi THPT,2024,16.0,Ngôn ngữ và Văn hóa các dân tộc thiếu số Việt Nam
66454,DTZ,ngon-ngu-va-van-hoa-cac-dan-toc-thieu-so-viet-nam,D84,Điểm thi THPT,2024,16.0,Ngôn ngữ và Văn hóa các dân tộc thiếu số Việt Nam
66455,DTZ,ngon-ngu-va-van-hoa-cac-dan-toc-thieu-so-viet-nam,C00,Điểm học bạ,2025,18.67,Ngôn ngữ và văn hóa các dân tộc thiểu số Việt Nam
66456,DTZ,ngon-ngu-va-van-hoa-cac-dan-toc-thieu-so-viet-nam,C03,Điểm học bạ,2025,18.67,Ngôn ngữ và văn hóa các dân tộc thiểu số Việt Nam
66457,DTZ,ngon-ngu-va-van-hoa-cac-dan-toc-thieu-so-viet-nam,C04,Điểm học bạ,2025,18.67,Ngôn ngữ và văn hóa các dân tộc thiểu số Việt Nam
66458,DTZ,ngon-ngu-va-van-hoa-cac-dan-toc-thieu-so-viet-nam,C14,Điểm học bạ,2025,18.67,Ngôn ngữ và văn hóa các dân tộc thiểu số Việt Nam
66459,DTZ,ngon-ngu-va-van-hoa-cac-dan-toc-thieu-so-viet-nam,C19,Điểm học bạ,2025,18.67,Ngôn ngữ và văn hóa các dân tộc thiểu số Việt Nam
66460,DTZ,ngon-ngu-va-van-hoa-cac-dan-toc-thieu-so-viet-nam,C20,Điểm học bạ,2025,18.67,Ngôn ngữ và văn hóa các dân tộc thiểu số Việt Nam
66461,DTZ,ngon-ngu-va-van-hoa-cac-dan-toc-thieu-so-viet-nam,D01,Điểm học bạ,2025,18.67,Ngôn ngữ và văn hóa các dân tộc thiểu số Việt Nam
66462,DTZ,ngon-ngu-va-van-hoa-cac-dan-toc-thieu-so-viet-nam,D10,Điểm học bạ,2025,18.67,Ngôn ngữ và văn hóa các dân tộc thiểu số Việt Nam
66463,DTZ,ngon-ngu-va-van-hoa-cac-dan-toc-thieu-so-viet-nam,D66,Điểm học bạ,2025,18.67,Ngôn ngữ và văn hóa các dân tộc thiểu số Việt Nam
66464,DTZ,ngon-ngu-va-van-hoa-cac-dan-toc-thieu-so-viet-nam,D84,Điểm học bạ,2025,18.67,Ngôn ngữ và văn hóa các dân tộc thiểu số Việt Nam
66465,DTZ,ngon-ngu-va-van-hoa-cac-dan-toc-thieu-so-viet-nam,C00,Điểm thi THPT,2025,16.0,Ngôn ngữ và văn hóa các dân tộc thiểu số Việt Nam
66466,DTZ,ngon-ngu-va-van-hoa-cac-dan-toc-thieu-so-viet-nam,C03,Điểm thi THPT,2025,16.0,Ngôn ngữ và văn hóa các dân tộc thiểu số Việt Nam
66467,DTZ,ngon-ngu-va-van-hoa-cac-dan-toc-thieu-so-viet-nam,C04,Điểm thi THPT,2025,16.0,Ngôn ngữ và văn hóa các dân tộc thiểu số Việt Nam
66468,DTZ,ngon-ngu-va-van-hoa-cac-dan-toc-thieu-so-viet-nam,C14,Điểm thi THPT,2025,16.0,Ngôn ngữ và văn hóa các dân tộc thiểu số Việt Nam
66469,DTZ,ngon-ngu-va-van-hoa-cac-dan-toc-thieu-so-viet-nam,C19,Điểm thi THPT,2025,16.0,Ngôn ngữ và văn hóa các dân tộc thiểu số Việt Nam
66470,DTZ,ngon-ngu-va-van-hoa-cac-dan-toc-thieu-so-viet-nam,C20,Điểm thi THPT,2025,16.0,Ngôn ngữ và văn hóa các dân tộc thiểu số Việt Nam
66471,DTZ,ngon-ngu-va-van-hoa-cac-dan-toc-thieu-so-viet-nam,D01,Điểm thi THPT,2025,16.0,Ngôn ngữ và văn hóa các dân tộc thiểu số Việt Nam
66472,DTZ,ngon-ngu-va-van-hoa-cac-dan-toc-thieu-so-viet-nam,D10,Điểm thi THPT,2025,16.0,Ngôn ngữ và văn hóa các dân tộc thiểu số Việt Nam
66473,DTZ,ngon-ngu-va-van-hoa-cac-dan-toc-thieu-so-viet-nam,D66,Điểm thi THPT,2025,16.0,Ngôn ngữ và văn hóa các dân tộc thiểu số Việt Nam
66474,DTZ,ngon-ngu-va-van-hoa-cac-dan-toc-thieu-so-viet-nam,D84,Điểm thi THPT,2025,16.0,Ngôn ngữ và văn hóa các dân tộc thiểu số Việt Nam
66475,DTZ,quan-ly-kinh-te,C03,Điểm học bạ,2025,16.25,Quản lý kinh tế
66476,DTZ,quan-ly-kinh-te,C04,Điểm học bạ,2025,16.25,Quản lý kinh tế
66477,DTZ,quan-ly-kinh-te,C14,Điểm học bạ,2025,16.25,Quản lý kinh tế
66478,DTZ,quan-ly-kinh-te,D01,Điểm học bạ,2025,16.25,Quản lý kinh tế
66479,DTZ,quan-ly-kinh-te,D10,Điểm học bạ,2025,16.25,Quản lý kinh tế
66480,DTZ,quan-ly-kinh-te,D84,Điểm học bạ,2025,16.25,Quản lý kinh tế
66481,DTZ,quan-ly-kinh-te,C03,Điểm thi THPT,2025,16.25,Quản lý kinh tế
66482,DTZ,quan-ly-kinh-te,C04,Điểm thi THPT,2025,16.25,Quản lý kinh tế
66483,DTZ,quan-ly-kinh-te,C14,Điểm thi THPT,2025,16.25,Quản lý kinh tế
66484,DTZ,quan-ly-kinh-te,D01,Điểm thi THPT,2025,16.25,Quản lý kinh tế
66485,DTZ,quan-ly-kinh-te,D10,Điểm thi THPT,2025,16.25,Quản lý kinh tế
66486,DTZ,quan-ly-kinh-te,D84,Điểm thi THPT,2025,16.25,Quản lý kinh tế
66487,DTZ,quan-ly-tai-nguyen-va-moi-truong,A00,Điểm học bạ,2021,18.0,Quản lý Tài nguyên và Môi trường
66488,DTZ,quan-ly-tai-nguyen-va-moi-truong,B00,Điểm học bạ,2021,18.0,Quản lý Tài nguyên và Môi trường
66489,DTZ,quan-ly-tai-nguyen-va-moi-truong,C14,Điểm học bạ,2021,18.0,Quản lý Tài nguyên và Môi trường
66490,DTZ,quan-ly-tai-nguyen-va-moi-truong,D01,Điểm học bạ,2021,18.0,Quản lý Tài nguyên và Môi trường
66491,DTZ,quan-ly-tai-nguyen-va-moi-truong,A00,Điểm thi THPT,2021,15.0,Quản lý Tài nguyên và Môi trường
66492,DTZ,quan-ly-tai-nguyen-va-moi-truong,B00,Điểm thi THPT,2021,15.0,Quản lý Tài nguyên và Môi trường
66493,DTZ,quan-ly-tai-nguyen-va-moi-truong,C14,Điểm thi THPT,2021,15.0,Quản lý Tài nguyên và Môi trường
66494,DTZ,quan-ly-tai-nguyen-va-moi-truong,D01,Điểm thi THPT,2021,15.0,Quản lý Tài nguyên và Môi trường
66495,DTZ,quan-ly-tai-nguyen-va-moi-truong,A00,Điểm học bạ,2022,18.0,Quản lý Tài nguyên và Môi trường
66496,DTZ,quan-ly-tai-nguyen-va-moi-truong,B00,Điểm học bạ,2022,18.0,Quản lý Tài nguyên và Môi trường
66497,DTZ,quan-ly-tai-nguyen-va-moi-truong,C14,Điểm học bạ,2022,18.0,Quản lý Tài nguyên và Môi trường
66498,DTZ,quan-ly-tai-nguyen-va-moi-truong,D01,Điểm học bạ,2022,18.0,Quản lý Tài nguyên và Môi trường
66499,DTZ,quan-ly-tai-nguyen-va-moi-truong,A00,Điểm thi THPT,2022,15.0,Quản lý Tài nguyên và Môi trường
66500,DTZ,quan-ly-tai-nguyen-va-moi-truong,B00,Điểm thi THPT,2022,15.0,Quản lý Tài nguyên và Môi trường
66501,DTZ,quan-ly-tai-nguyen-va-moi-truong,C14,Điểm thi THPT,2022,15.0,Quản lý Tài nguyên và Môi trường
66502,DTZ,quan-ly-tai-nguyen-va-moi-truong,D01,Điểm thi THPT,2022,15.0,Quản lý Tài nguyên và Môi trường
66503,DTZ,quan-ly-tai-nguyen-va-moi-truong,A00,Điểm học bạ,2023,18.0,Quản lý tài nguyên và môi trường
66504,DTZ,quan-ly-tai-nguyen-va-moi-truong,B00,Điểm học bạ,2023,18.0,Quản lý tài nguyên và môi trường
66505,DTZ,quan-ly-tai-nguyen-va-moi-truong,C14,Điểm học bạ,2023,18.0,Quản lý tài nguyên và môi trường
66506,DTZ,quan-ly-tai-nguyen-va-moi-truong,D01,Điểm học bạ,2023,18.0,Quản lý tài nguyên và môi trường
66507,DTZ,quan-ly-tai-nguyen-va-moi-truong,A00,Điểm thi THPT,2023,15.0,Quản lý tài nguyên và môi trường
66508,DTZ,quan-ly-tai-nguyen-va-moi-truong,B00,Điểm thi THPT,2023,15.0,Quản lý tài nguyên và môi trường
66509,DTZ,quan-ly-tai-nguyen-va-moi-truong,C14,Điểm thi THPT,2023,15.0,Quản lý tài nguyên và môi trường
66510,DTZ,quan-ly-tai-nguyen-va-moi-truong,D01,Điểm thi THPT,2023,15.0,Quản lý tài nguyên và môi trường
66511,DTZ,quan-ly-tai-nguyen-va-moi-truong,A00,Điểm học bạ,2024,18.0,Quản lý Tài nguyên và Môi trường
66512,DTZ,quan-ly-tai-nguyen-va-moi-truong,B00,Điểm học bạ,2024,18.0,Quản lý Tài nguyên và Môi trường
66513,DTZ,quan-ly-tai-nguyen-va-moi-truong,C20,Điểm học bạ,2024,18.0,Quản lý Tài nguyên và Môi trường
66514,DTZ,quan-ly-tai-nguyen-va-moi-truong,D01,Điểm học bạ,2024,18.0,Quản lý Tài nguyên và Môi trường
66515,DTZ,quan-ly-tai-nguyen-va-moi-truong,A00,Điểm thi THPT,2024,16.0,Quản lý Tài nguyên và Môi trường
66516,DTZ,quan-ly-tai-nguyen-va-moi-truong,B00,Điểm thi THPT,2024,16.0,Quản lý Tài nguyên và Môi trường
66517,DTZ,quan-ly-tai-nguyen-va-moi-truong,C20,Điểm thi THPT,2024,16.0,Quản lý Tài nguyên và Môi trường
66518,DTZ,quan-ly-tai-nguyen-va-moi-truong,D01,Điểm thi THPT,2024,16.0,Quản lý Tài nguyên và Môi trường
66519,DTZ,quan-ly-tai-nguyen-va-moi-truong,A00,Điểm học bạ,2025,18.67,Quản lý tài nguyên và môi trường
66520,DTZ,quan-ly-tai-nguyen-va-moi-truong,B00,Điểm học bạ,2025,18.67,Quản lý tài nguyên và môi trường
66521,DTZ,quan-ly-tai-nguyen-va-moi-truong,C02,Điểm học bạ,2025,18.67,Quản lý tài nguyên và môi trường
66522,DTZ,quan-ly-tai-nguyen-va-moi-truong,C04,Điểm học bạ,2025,18.67,Quản lý tài nguyên và môi trường
66523,DTZ,quan-ly-tai-nguyen-va-moi-truong,C08,Điểm học bạ,2025,18.67,Quản lý tài nguyên và môi trường
66524,DTZ,quan-ly-tai-nguyen-va-moi-truong,C10,Điểm học bạ,2025,18.67,Quản lý tài nguyên và môi trường
66525,DTZ,quan-ly-tai-nguyen-va-moi-truong,C14,Điểm học bạ,2025,18.67,Quản lý tài nguyên và môi trường
66526,DTZ,quan-ly-tai-nguyen-va-moi-truong,C17,Điểm học bạ,2025,18.67,Quản lý tài nguyên và môi trường
66527,DTZ,quan-ly-tai-nguyen-va-moi-truong,C20,Điểm học bạ,2025,18.67,Quản lý tài nguyên và môi trường
66528,DTZ,quan-ly-tai-nguyen-va-moi-truong,D01,Điểm học bạ,2025,18.67,Quản lý tài nguyên và môi trường
66529,DTZ,quan-ly-tai-nguyen-va-moi-truong,A00,Điểm thi THPT,2025,16.0,Quản lý tài nguyên và môi trường
66530,DTZ,quan-ly-tai-nguyen-va-moi-truong,B00,Điểm thi THPT,2025,16.0,Quản lý tài nguyên và môi trường
66531,DTZ,quan-ly-tai-nguyen-va-moi-truong,C02,Điểm thi THPT,2025,16.0,Quản lý tài nguyên và môi trường
66532,DTZ,quan-ly-tai-nguyen-va-moi-truong,C04,Điểm thi THPT,2025,16.0,Quản lý tài nguyên và môi trường
66533,DTZ,quan-ly-tai-nguyen-va-moi-truong,C08,Điểm thi THPT,2025,16.0,Quản lý tài nguyên và môi trường
66534,DTZ,quan-ly-tai-nguyen-va-moi-truong,C10,Điểm thi THPT,2025,16.0,Quản lý tài nguyên và môi trường
66535,DTZ,quan-ly-tai-nguyen-va-moi-truong,C14,Điểm thi THPT,2025,16.0,Quản lý tài nguyên và môi trường
66536,DTZ,quan-ly-tai-nguyen-va-moi-truong,C17,Điểm thi THPT,2025,16.0,Quản lý tài nguyên và môi trường
66537,DTZ,quan-ly-tai-nguyen-va-moi-truong,C20,Điểm thi THPT,2025,16.0,Quản lý tài nguyên và môi trường
66538,DTZ,quan-ly-tai-nguyen-va-moi-truong,D01,Điểm thi THPT,2025,16.0,Quản lý tài nguyên và môi trường
66539,DTZ,quan-ly-the-duc-the-thao,C00,Điểm học bạ,2022,18.0,Quản lý Thể dục thể thao
66540,DTZ,quan-ly-the-duc-the-thao,C14,Điểm học bạ,2022,18.0,Quản lý Thể dục thể thao
66541,DTZ,quan-ly-the-duc-the-thao,D01,Điểm học bạ,2022,18.0,Quản lý Thể dục thể thao
66542,DTZ,quan-ly-the-duc-the-thao,D84,Điểm học bạ,2022,18.0,Quản lý Thể dục thể thao
66543,DTZ,quan-ly-the-duc-the-thao,C00,Điểm thi THPT,2022,15.0,Quản lý Thể dục thể thao
66544,DTZ,quan-ly-the-duc-the-thao,C14,Điểm thi THPT,2022,15.0,Quản lý Thể dục thể thao
66545,DTZ,quan-ly-the-duc-the-thao,D01,Điểm thi THPT,2022,15.0,Quản lý Thể dục thể thao
66546,DTZ,quan-ly-the-duc-the-thao,D84,Điểm thi THPT,2022,15.0,Quản lý Thể dục thể thao
66547,DTZ,quan-ly-the-duc-the-thao,C00,Điểm học bạ,2023,18.0,Quản lý Thể dục thể thao
66548,DTZ,quan-ly-the-duc-the-thao,C14,Điểm học bạ,2023,18.0,Quản lý Thể dục thể thao
66549,DTZ,quan-ly-the-duc-the-thao,D01,Điểm học bạ,2023,18.0,Quản lý Thể dục thể thao
66550,DTZ,quan-ly-the-duc-the-thao,D84,Điểm học bạ,2023,18.0,Quản lý Thể dục thể thao
66551,DTZ,quan-ly-the-duc-the-thao,C00,Điểm thi THPT,2023,15.0,Quản lý Thể dục thể thao
66552,DTZ,quan-ly-the-duc-the-thao,C14,Điểm thi THPT,2023,15.0,Quản lý Thể dục thể thao
66553,DTZ,quan-ly-the-duc-the-thao,D01,Điểm thi THPT,2023,15.0,Quản lý Thể dục thể thao
66554,DTZ,quan-ly-the-duc-the-thao,D84,Điểm thi THPT,2023,15.0,Quản lý Thể dục thể thao
66555,DTZ,quan-ly-the-duc-the-thao,C00,Điểm học bạ,2024,17.0,Quản lý Thể dục thể thao
66556,DTZ,quan-ly-the-duc-the-thao,C14,Điểm học bạ,2024,17.0,Quản lý Thể dục thể thao
66557,DTZ,quan-ly-the-duc-the-thao,D01,Điểm học bạ,2024,17.0,Quản lý Thể dục thể thao
66558,DTZ,quan-ly-the-duc-the-thao,D84,Điểm học bạ,2024,17.0,Quản lý Thể dục thể thao
66559,DTZ,quan-ly-the-duc-the-thao,C00,Điểm thi THPT,2024,16.0,Quản lý Thể dục thể thao
66560,DTZ,quan-ly-the-duc-the-thao,C14,Điểm thi THPT,2024,16.0,Quản lý Thể dục thể thao
66561,DTZ,quan-ly-the-duc-the-thao,D01,Điểm thi THPT,2024,16.0,Quản lý Thể dục thể thao
66562,DTZ,quan-ly-the-duc-the-thao,D84,Điểm thi THPT,2024,16.0,Quản lý Thể dục thể thao
66563,DTZ,quan-ly-the-duc-the-thao,C00,Điểm học bạ,2025,15.65,Quản lý thể dục thể thao
66564,DTZ,quan-ly-the-duc-the-thao,C03,Điểm học bạ,2025,15.65,Quản lý thể dục thể thao
66565,DTZ,quan-ly-the-duc-the-thao,C04,Điểm học bạ,2025,15.65,Quản lý thể dục thể thao
66566,DTZ,quan-ly-the-duc-the-thao,C14,Điểm học bạ,2025,15.65,Quản lý thể dục thể thao
66567,DTZ,quan-ly-the-duc-the-thao,C19,Điểm học bạ,2025,15.65,Quản lý thể dục thể thao
66568,DTZ,quan-ly-the-duc-the-thao,C20,Điểm học bạ,2025,15.65,Quản lý thể dục thể thao
66569,DTZ,quan-ly-the-duc-the-thao,D01,Điểm học bạ,2025,15.65,Quản lý thể dục thể thao
66570,DTZ,quan-ly-the-duc-the-thao,D10,Điểm học bạ,2025,15.65,Quản lý thể dục thể thao
66571,DTZ,quan-ly-the-duc-the-thao,D66,Điểm học bạ,2025,15.65,Quản lý thể dục thể thao
66572,DTZ,quan-ly-the-duc-the-thao,D84,Điểm học bạ,2025,15.65,Quản lý thể dục thể thao
66573,DTZ,quan-ly-the-duc-the-thao,C00,Điểm thi THPT,2025,15.65,Quản lý thể dục thể thao
66574,DTZ,quan-ly-the-duc-the-thao,C03,Điểm thi THPT,2025,15.65,Quản lý thể dục thể thao
66575,DTZ,quan-ly-the-duc-the-thao,C04,Điểm thi THPT,2025,15.65,Quản lý thể dục thể thao
66576,DTZ,quan-ly-the-duc-the-thao,C14,Điểm thi THPT,2025,15.65,Quản lý thể dục thể thao
66577,DTZ,quan-ly-the-duc-the-thao,C19,Điểm thi THPT,2025,15.65,Quản lý thể dục thể thao
66578,DTZ,quan-ly-the-duc-the-thao,C20,Điểm thi THPT,2025,15.65,Quản lý thể dục thể thao
66579,DTZ,quan-ly-the-duc-the-thao,D01,Điểm thi THPT,2025,15.65,Quản lý thể dục thể thao
66580,DTZ,quan-ly-the-duc-the-thao,D10,Điểm thi THPT,2025,15.65,Quản lý thể dục thể thao
66581,DTZ,quan-ly-the-duc-the-thao,D66,Điểm thi THPT,2025,15.65,Quản lý thể dục thể thao
66582,DTZ,quan-ly-the-duc-the-thao,D84,Điểm thi THPT,2025,15.65,Quản lý thể dục thể thao
66583,DTZ,quan-tri-dich-vu-du-lich-va-lu-hanh,C00,Điểm học bạ,2021,18.0,Quản trị dịch vụ du lịch và lữ hành
66584,DTZ,quan-tri-dich-vu-du-lich-va-lu-hanh,C20,Điểm học bạ,2021,18.0,Quản trị dịch vụ du lịch và lữ hành
66585,DTZ,quan-tri-dich-vu-du-lich-va-lu-hanh,D01,Điểm học bạ,2021,18.0,Quản trị dịch vụ du lịch và lữ hành
66586,DTZ,quan-tri-dich-vu-du-lich-va-lu-hanh,D66,Điểm học bạ,2021,18.0,Quản trị dịch vụ du lịch và lữ hành
66587,DTZ,quan-tri-dich-vu-du-lich-va-lu-hanh,C00,Điểm thi THPT,2021,15.0,Quản trị dịch vụ du lịch và lữ hành
66588,DTZ,quan-tri-dich-vu-du-lich-va-lu-hanh,C20,Điểm thi THPT,2021,15.0,Quản trị dịch vụ du lịch và lữ hành
66589,DTZ,quan-tri-dich-vu-du-lich-va-lu-hanh,D01,Điểm thi THPT,2021,15.0,Quản trị dịch vụ du lịch và lữ hành
66590,DTZ,quan-tri-dich-vu-du-lich-va-lu-hanh,D66,Điểm thi THPT,2021,15.0,Quản trị dịch vụ du lịch và lữ hành
66591,DTZ,quan-tri-dich-vu-du-lich-va-lu-hanh,C00,Điểm học bạ,2022,19.0,Quản trị dịch vụ du lịch và lữ hành
66592,DTZ,quan-tri-dich-vu-du-lich-va-lu-hanh,C20,Điểm học bạ,2022,19.0,Quản trị dịch vụ du lịch và lữ hành
66593,DTZ,quan-tri-dich-vu-du-lich-va-lu-hanh,D01,Điểm học bạ,2022,19.0,Quản trị dịch vụ du lịch và lữ hành
66594,DTZ,quan-tri-dich-vu-du-lich-va-lu-hanh,D66,Điểm học bạ,2022,19.0,Quản trị dịch vụ du lịch và lữ hành
66595,DTZ,quan-tri-dich-vu-du-lich-va-lu-hanh,C00,Điểm thi THPT,2022,15.0,Quản trị dịch vụ du lịch và lữ hành
66596,DTZ,quan-tri-dich-vu-du-lich-va-lu-hanh,C20,Điểm thi THPT,2022,15.0,Quản trị dịch vụ du lịch và lữ hành
66597,DTZ,quan-tri-dich-vu-du-lich-va-lu-hanh,D01,Điểm thi THPT,2022,15.0,Quản trị dịch vụ du lịch và lữ hành
66598,DTZ,quan-tri-dich-vu-du-lich-va-lu-hanh,D66,Điểm thi THPT,2022,15.0,Quản trị dịch vụ du lịch và lữ hành
66599,DTZ,quan-tri-dich-vu-du-lich-va-lu-hanh,C00,Điểm học bạ,2023,18.0,Quản trị dịch vụ du lịch và lữ hành
66600,DTZ,quan-tri-dich-vu-du-lich-va-lu-hanh,C20,Điểm học bạ,2023,18.0,Quản trị dịch vụ du lịch và lữ hành
66601,DTZ,quan-tri-dich-vu-du-lich-va-lu-hanh,D01,Điểm học bạ,2023,18.0,Quản trị dịch vụ du lịch và lữ hành
66602,DTZ,quan-tri-dich-vu-du-lich-va-lu-hanh,D14,Điểm học bạ,2023,22.5,Quản trị dịch vụ du lịch và lữ hành (Quản trị khách sạn và khu nghỉ dưỡng cao cấp - Chương trinh trọng điểm định hướng chất lượng cao)
66603,DTZ,quan-tri-dich-vu-du-lich-va-lu-hanh,D15,Điểm học bạ,2023,22.5,Quản trị dịch vụ du lịch và lữ hành (Quản trị khách sạn và khu nghỉ dưỡng cao cấp - Chương trinh trọng điểm định hướng chất lượng cao)
66604,DTZ,quan-tri-dich-vu-du-lich-va-lu-hanh,D66,Điểm học bạ,2023,18.0,Quản trị dịch vụ du lịch và lữ hành
66605,DTZ,quan-tri-dich-vu-du-lich-va-lu-hanh,C00,Điểm thi THPT,2023,15.0,Quản trị dịch vụ du lịch và lữ hành
66606,DTZ,quan-tri-dich-vu-du-lich-va-lu-hanh,C20,Điểm thi THPT,2023,15.0,Quản trị dịch vụ du lịch và lữ hành
66607,DTZ,quan-tri-dich-vu-du-lich-va-lu-hanh,D01,Điểm thi THPT,2023,15.0,Quản trị dịch vụ du lịch và lữ hành
66608,DTZ,quan-tri-dich-vu-du-lich-va-lu-hanh,D14,Điểm thi THPT,2023,16.0,Quản trị dịch vụ du lịch và lữ hành (Quản trị khách sạn và khu nghỉ dưỡng cao cấp - Chương trinh trọng điểm định hướng chất lượng cao)
66609,DTZ,quan-tri-dich-vu-du-lich-va-lu-hanh,D15,Điểm thi THPT,2023,16.0,Quản trị dịch vụ du lịch và lữ hành (Quản trị khách sạn và khu nghỉ dưỡng cao cấp - Chương trinh trọng điểm định hướng chất lượng cao)
66610,DTZ,quan-tri-dich-vu-du-lich-va-lu-hanh,D66,Điểm thi THPT,2023,15.0,Quản trị dịch vụ du lịch và lữ hành
66611,DTZ,quan-tri-dich-vu-du-lich-va-lu-hanh,C00,Điểm học bạ,2024,18.0,Quản trị dịch vụ du lịch và lữ hành
66612,DTZ,quan-tri-dich-vu-du-lich-va-lu-hanh,C20,Điểm học bạ,2024,18.0,Quản trị dịch vụ du lịch và lữ hành
66613,DTZ,quan-tri-dich-vu-du-lich-va-lu-hanh,D01,Điểm học bạ,2024,18.0,Quản trị dịch vụ du lịch và lữ hành
66614,DTZ,quan-tri-dich-vu-du-lich-va-lu-hanh,D66,Điểm học bạ,2024,18.0,Quản trị dịch vụ du lịch và lữ hành
66615,DTZ,quan-tri-dich-vu-du-lich-va-lu-hanh,C00,Điểm thi THPT,2024,16.0,Quản trị dịch vụ du lịch và lữ hành
66616,DTZ,quan-tri-dich-vu-du-lich-va-lu-hanh,C20,Điểm thi THPT,2024,16.0,Quản trị dịch vụ du lịch và lữ hành
66617,DTZ,quan-tri-dich-vu-du-lich-va-lu-hanh,D01,Điểm thi THPT,2024,16.0,Quản trị dịch vụ du lịch và lữ hành
66618,DTZ,quan-tri-dich-vu-du-lich-va-lu-hanh,D66,Điểm thi THPT,2024,16.0,Quản trị dịch vụ du lịch và lữ hành
66619,DTZ,quan-tri-dich-vu-du-lich-va-lu-hanh,C00,Điểm học bạ,2025,18.67,Quản trị dịch vụ du lịch và lữ hành
66620,DTZ,quan-tri-dich-vu-du-lich-va-lu-hanh,C03,Điểm học bạ,2025,18.67,Quản trị dịch vụ du lịch và lữ hành
66621,DTZ,quan-tri-dich-vu-du-lich-va-lu-hanh,C04,Điểm học bạ,2025,18.67,Quản trị dịch vụ du lịch và lữ hành
66622,DTZ,quan-tri-dich-vu-du-lich-va-lu-hanh,C14,Điểm học bạ,2025,18.67,Quản trị dịch vụ du lịch và lữ hành
66623,DTZ,quan-tri-dich-vu-du-lich-va-lu-hanh,C19,Điểm học bạ,2025,18.67,Quản trị dịch vụ du lịch và lữ hành
66624,DTZ,quan-tri-dich-vu-du-lich-va-lu-hanh,C20,Điểm học bạ,2025,18.67,Quản trị dịch vụ du lịch và lữ hành
66625,DTZ,quan-tri-dich-vu-du-lich-va-lu-hanh,D01,Điểm học bạ,2025,18.67,Quản trị dịch vụ du lịch và lữ hành
66626,DTZ,quan-tri-dich-vu-du-lich-va-lu-hanh,D10,Điểm học bạ,2025,18.67,Quản trị dịch vụ du lịch và lữ hành
66627,DTZ,quan-tri-dich-vu-du-lich-va-lu-hanh,D66,Điểm học bạ,2025,18.67,Quản trị dịch vụ du lịch và lữ hành
66628,DTZ,quan-tri-dich-vu-du-lich-va-lu-hanh,D84,Điểm học bạ,2025,18.67,Quản trị dịch vụ du lịch và lữ hành
66629,DTZ,quan-tri-dich-vu-du-lich-va-lu-hanh,C00,Điểm thi THPT,2025,16.0,Quản trị dịch vụ du lịch và lữ hành
66630,DTZ,quan-tri-dich-vu-du-lich-va-lu-hanh,C03,Điểm thi THPT,2025,16.0,Quản trị dịch vụ du lịch và lữ hành
66631,DTZ,quan-tri-dich-vu-du-lich-va-lu-hanh,C04,Điểm thi THPT,2025,16.0,Quản trị dịch vụ du lịch và lữ hành
66632,DTZ,quan-tri-dich-vu-du-lich-va-lu-hanh,C14,Điểm thi THPT,2025,16.0,Quản trị dịch vụ du lịch và lữ hành
66633,DTZ,quan-tri-dich-vu-du-lich-va-lu-hanh,C19,Điểm thi THPT,2025,16.0,Quản trị dịch vụ du lịch và lữ hành
66634,DTZ,quan-tri-dich-vu-du-lich-va-lu-hanh,C20,Điểm thi THPT,2025,16.0,Quản trị dịch vụ du lịch và lữ hành
66635,DTZ,quan-tri-dich-vu-du-lich-va-lu-hanh,D01,Điểm thi THPT,2025,16.0,Quản trị dịch vụ du lịch và lữ hành
66636,DTZ,quan-tri-dich-vu-du-lich-va-lu-hanh,D10,Điểm thi THPT,2025,16.0,Quản trị dịch vụ du lịch và lữ hành
66637,DTZ,quan-tri-dich-vu-du-lich-va-lu-hanh,D66,Điểm thi THPT,2025,16.0,Quản trị dịch vụ du lịch và lữ hành
66638,DTZ,quan-tri-dich-vu-du-lich-va-lu-hanh,D84,Điểm thi THPT,2025,16.0,Quản trị dịch vụ du lịch và lữ hành
66639,DTZ,quan-tri-khach-san-va-khu-nghi-duong-cao-cap,D01,Điểm học bạ,2022,22.0,Quản trị khách sạn và khu nghỉ dưỡng cao cấp
66640,DTZ,quan-tri-khach-san-va-khu-nghi-duong-cao-cap,D14,Điểm học bạ,2022,22.0,Quản trị khách sạn và khu nghỉ dưỡng cao cấp
66641,DTZ,quan-tri-khach-san-va-khu-nghi-duong-cao-cap,D15,Điểm học bạ,2022,22.0,Quản trị khách sạn và khu nghỉ dưỡng cao cấp
66642,DTZ,quan-tri-khach-san-va-khu-nghi-duong-cao-cap,D66,Điểm học bạ,2022,22.0,Quản trị khách sạn và khu nghỉ dưỡng cao cấp
66643,DTZ,quan-tri-khach-san-va-khu-nghi-duong-cao-cap,D01,Điểm thi THPT,2022,16.5,Quản trị khách sạn và khu nghỉ dưỡng cao cấp
66644,DTZ,quan-tri-khach-san-va-khu-nghi-duong-cao-cap,D14,Điểm thi THPT,2022,16.5,Quản trị khách sạn và khu nghỉ dưỡng cao cấp
66645,DTZ,quan-tri-khach-san-va-khu-nghi-duong-cao-cap,D15,Điểm thi THPT,2022,16.5,Quản trị khách sạn và khu nghỉ dưỡng cao cấp
66646,DTZ,quan-tri-khach-san-va-khu-nghi-duong-cao-cap,D66,Điểm thi THPT,2022,16.5,Quản trị khách sạn và khu nghỉ dưỡng cao cấp
66647,DTZ,quan-tri-khach-san-va-resort,C00,Điểm học bạ,2021,21.0,Quản trị khách sạn và Resort
66648,DTZ,quan-tri-khach-san-va-resort,C20,Điểm học bạ,2021,21.0,Quản trị khách sạn và Resort
66649,DTZ,quan-tri-khach-san-va-resort,D01,Điểm học bạ,2021,21.0,Quản trị khách sạn và Resort
66650,DTZ,quan-tri-khach-san-va-resort,D66,Điểm học bạ,2021,21.0,Quản trị khách sạn và Resort
66651,DTZ,quan-tri-khach-san-va-resort,C00,Điểm thi THPT,2021,16.5,Quản trị khách sạn và Resort
66652,DTZ,quan-tri-khach-san-va-resort,C20,Điểm thi THPT,2021,16.5,Quản trị khách sạn và Resort
66653,DTZ,quan-tri-khach-san-va-resort,D01,Điểm thi THPT,2021,16.5,Quản trị khách sạn và Resort
66654,DTZ,quan-tri-khach-san-va-resort,D66,Điểm thi THPT,2021,16.5,Quản trị khách sạn và Resort
66655,DTZ,quan-tri-truyen-thong,C00,Điểm học bạ,2025,17.0,Quản trị truyền thông
66656,DTZ,quan-tri-truyen-thong,C03,Điểm học bạ,2025,17.0,Quản trị truyền thông
66657,DTZ,quan-tri-truyen-thong,C04,Điểm học bạ,2025,17.0,Quản trị truyền thông
66658,DTZ,quan-tri-truyen-thong,C14,Điểm học bạ,2025,17.0,Quản trị truyền thông
66659,DTZ,quan-tri-truyen-thong,C19,Điểm học bạ,2025,17.0,Quản trị truyền thông
66660,DTZ,quan-tri-truyen-thong,C20,Điểm học bạ,2025,17.0,Quản trị truyền thông
66661,DTZ,quan-tri-truyen-thong,D01,Điểm học bạ,2025,17.0,Quản trị truyền thông
66662,DTZ,quan-tri-truyen-thong,D10,Điểm học bạ,2025,17.0,Quản trị truyền thông
66663,DTZ,quan-tri-truyen-thong,D66,Điểm học bạ,2025,17.0,Quản trị truyền thông
66664,DTZ,quan-tri-truyen-thong,D84,Điểm học bạ,2025,17.0,Quản trị truyền thông
66665,DTZ,quan-tri-truyen-thong,C00,Điểm thi THPT,2025,17.0,Quản trị truyền thông
66666,DTZ,quan-tri-truyen-thong,C03,Điểm thi THPT,2025,17.0,Quản trị truyền thông
66667,DTZ,quan-tri-truyen-thong,C04,Điểm thi THPT,2025,17.0,Quản trị truyền thông
66668,DTZ,quan-tri-truyen-thong,C14,Điểm thi THPT,2025,17.0,Quản trị truyền thông
66669,DTZ,quan-tri-truyen-thong,C19,Điểm thi THPT,2025,17.0,Quản trị truyền thông
66670,DTZ,quan-tri-truyen-thong,C20,Điểm thi THPT,2025,17.0,Quản trị truyền thông
66671,DTZ,quan-tri-truyen-thong,D01,Điểm thi THPT,2025,17.0,Quản trị truyền thông
66672,DTZ,quan-tri-truyen-thong,D10,Điểm thi THPT,2025,17.0,Quản trị truyền thông
66673,DTZ,quan-tri-truyen-thong,D66,Điểm thi THPT,2025,17.0,Quản trị truyền thông
66674,DTZ,quan-tri-truyen-thong,D84,Điểm thi THPT,2025,17.0,Quản trị truyền thông
66675,DTZ,song-ngu-anh-han,D01,Điểm học bạ,2024,19.0,Song ngữ Anh - Hàn
66676,DTZ,song-ngu-anh-han,D14,Điểm học bạ,2024,19.0,Song ngữ Anh - Hàn
66677,DTZ,song-ngu-anh-han,D15,Điểm học bạ,2024,19.0,Song ngữ Anh - Hàn
66678,DTZ,song-ngu-anh-han,D66,Điểm học bạ,2024,19.0,Song ngữ Anh - Hàn
66679,DTZ,song-ngu-anh-han,D01,Điểm học bạ,2025,16.35,Song ngữ Anh - Hàn
66680,DTZ,song-ngu-anh-han,D09,Điểm học bạ,2025,16.35,Song ngữ Anh - Hàn
66681,DTZ,song-ngu-anh-han,D10,Điểm học bạ,2025,16.35,Song ngữ Anh - Hàn
66682,DTZ,song-ngu-anh-han,D11,Điểm học bạ,2025,16.35,Song ngữ Anh - Hàn
66683,DTZ,song-ngu-anh-han,D12,Điểm học bạ,2025,16.35,Song ngữ Anh - Hàn
66684,DTZ,song-ngu-anh-han,D13,Điểm học bạ,2025,16.35,Song ngữ Anh - Hàn
66685,DTZ,song-ngu-anh-han,D14,Điểm học bạ,2025,16.35,Song ngữ Anh - Hàn
66686,DTZ,song-ngu-anh-han,D15,Điểm học bạ,2025,16.35,Song ngữ Anh - Hàn
66687,DTZ,song-ngu-anh-han,D66,Điểm học bạ,2025,16.35,Song ngữ Anh - Hàn
66688,DTZ,song-ngu-anh-han,D84,Điểm học bạ,2025,16.35,Song ngữ Anh - Hàn
66689,DTZ,song-ngu-anh-han,D01,Điểm thi THPT,2025,16.35,Song ngữ Anh - Hàn
66690,DTZ,song-ngu-anh-han,D09,Điểm thi THPT,2025,16.35,Song ngữ Anh - Hàn
66691,DTZ,song-ngu-anh-han,D10,Điểm thi THPT,2025,16.35,Song ngữ Anh - Hàn
66692,DTZ,song-ngu-anh-han,D11,Điểm thi THPT,2025,16.35,Song ngữ Anh - Hàn
66693,DTZ,song-ngu-anh-han,D12,Điểm thi THPT,2025,16.35,Song ngữ Anh - Hàn
66694,DTZ,song-ngu-anh-han,D13,Điểm thi THPT,2025,16.35,Song ngữ Anh - Hàn
66695,DTZ,song-ngu-anh-han,D14,Điểm thi THPT,2025,16.35,Song ngữ Anh - Hàn
66696,DTZ,song-ngu-anh-han,D15,Điểm thi THPT,2025,16.35,Song ngữ Anh - Hàn
66697,DTZ,song-ngu-anh-han,D66,Điểm thi THPT,2025,16.35,Song ngữ Anh - Hàn
66698,DTZ,song-ngu-anh-han,D84,Điểm thi THPT,2025,16.35,Song ngữ Anh - Hàn
66699,DTZ,song-ngu-anh-trung,D01,Điểm học bạ,2024,19.0,Song ngữ Anh - Trung
66700,DTZ,song-ngu-anh-trung,D14,Điểm học bạ,2024,19.0,Song ngữ Anh - Trung
66701,DTZ,song-ngu-anh-trung,D15,Điểm học bạ,2024,19.0,Song ngữ Anh - Trung
66702,DTZ,song-ngu-anh-trung,D66,Điểm học bạ,2024,19.0,Song ngữ Anh - Trung
66703,DTZ,song-ngu-anh-trung,D01,Điểm học bạ,2025,18.9,Song ngữ Anh - Trung
66704,DTZ,song-ngu-anh-trung,D09,Điểm học bạ,2025,18.9,Song ngữ Anh - Trung
66705,DTZ,song-ngu-anh-trung,D10,Điểm học bạ,2025,18.9,Song ngữ Anh - Trung
66706,DTZ,song-ngu-anh-trung,D11,Điểm học bạ,2025,18.9,Song ngữ Anh - Trung
66707,DTZ,song-ngu-anh-trung,D12,Điểm học bạ,2025,18.9,Song ngữ Anh - Trung
66708,DTZ,song-ngu-anh-trung,D13,Điểm học bạ,2025,18.9,Song ngữ Anh - Trung
66709,DTZ,song-ngu-anh-trung,D14,Điểm học bạ,2025,18.9,Song ngữ Anh - Trung
66710,DTZ,song-ngu-anh-trung,D15,Điểm học bạ,2025,18.9,Song ngữ Anh - Trung
66711,DTZ,song-ngu-anh-trung,D66,Điểm học bạ,2025,18.9,Song ngữ Anh - Trung
66712,DTZ,song-ngu-anh-trung,D84,Điểm học bạ,2025,18.9,Song ngữ Anh - Trung
66713,DTZ,song-ngu-anh-trung,D01,Điểm thi THPT,2025,16.35,Song ngữ Anh - Trung
66714,DTZ,song-ngu-anh-trung,D09,Điểm thi THPT,2025,16.35,Song ngữ Anh - Trung
66715,DTZ,song-ngu-anh-trung,D10,Điểm thi THPT,2025,16.35,Song ngữ Anh - Trung
66716,DTZ,song-ngu-anh-trung,D11,Điểm thi THPT,2025,16.35,Song ngữ Anh - Trung
66717,DTZ,song-ngu-anh-trung,D12,Điểm thi THPT,2025,16.35,Song ngữ Anh - Trung
66718,DTZ,song-ngu-anh-trung,D13,Điểm thi THPT,2025,16.35,Song ngữ Anh - Trung
66719,DTZ,song-ngu-anh-trung,D14,Điểm thi THPT,2025,16.35,Song ngữ Anh - Trung
66720,DTZ,song-ngu-anh-trung,D15,Điểm thi THPT,2025,16.35,Song ngữ Anh - Trung
66721,DTZ,song-ngu-anh-trung,D66,Điểm thi THPT,2025,16.35,Song ngữ Anh - Trung
66722,DTZ,song-ngu-anh-trung,D84,Điểm thi THPT,2025,16.35,Song ngữ Anh - Trung
66723,DTZ,thong-tin-thu-vien,C00,Điểm học bạ,2021,18.0,Thông tin - Thư viện
66724,DTZ,thong-tin-thu-vien,C14,Điểm học bạ,2021,18.0,Thông tin - Thư viện
66725,DTZ,thong-tin-thu-vien,D01,Điểm học bạ,2021,18.0,Thông tin - Thư viện
66726,DTZ,thong-tin-thu-vien,D84,Điểm học bạ,2021,18.0,Thông tin - Thư viện
66727,DTZ,thong-tin-thu-vien,C00,Điểm thi THPT,2021,15.0,Thông tin - Thư viện
66728,DTZ,thong-tin-thu-vien,C14,Điểm thi THPT,2021,15.0,Thông tin - Thư viện
66729,DTZ,thong-tin-thu-vien,D01,Điểm thi THPT,2021,15.0,Thông tin - Thư viện
66730,DTZ,thong-tin-thu-vien,D84,Điểm thi THPT,2021,15.0,Thông tin - Thư viện
66731,DTZ,thong-tin-thu-vien,C00,Điểm học bạ,2022,18.0,Thông tin - Thư viện
66732,DTZ,thong-tin-thu-vien,C14,Điểm học bạ,2022,18.0,Thông tin - Thư viện
66733,DTZ,thong-tin-thu-vien,D01,Điểm học bạ,2022,18.0,Thông tin - Thư viện
66734,DTZ,thong-tin-thu-vien,D84,Điểm học bạ,2022,18.0,Thông tin - Thư viện
66735,DTZ,thong-tin-thu-vien,C00,Điểm thi THPT,2022,15.0,Thông tin - Thư viện
66736,DTZ,thong-tin-thu-vien,C14,Điểm thi THPT,2022,15.0,Thông tin - Thư viện
66737,DTZ,thong-tin-thu-vien,D01,Điểm thi THPT,2022,15.0,Thông tin - Thư viện
66738,DTZ,thong-tin-thu-vien,D84,Điểm thi THPT,2022,15.0,Thông tin - Thư viện
66739,DTZ,thong-tin-thu-vien,C00,Điểm học bạ,2024,18.0,Thông tin - Thư viện (Thư viện - Thiết bị trường học và Văn thư)
66740,DTZ,thong-tin-thu-vien,C14,Điểm học bạ,2024,18.0,Thông tin - Thư viện (Thư viện - Thiết bị trường học và Văn thư)
66741,DTZ,thong-tin-thu-vien,D01,Điểm học bạ,2024,18.0,Thông tin - Thư viện (Thư viện - Thiết bị trường học và Văn thư)
66742,DTZ,thong-tin-thu-vien,D84,Điểm học bạ,2024,18.0,Thông tin - Thư viện (Thư viện - Thiết bị trường học và Văn thư)
66743,DTZ,thong-tin-thu-vien,C00,Điểm thi THPT,2024,16.0,Thông tin - Thư viện (Thư viện - Thiết bị trường học và Văn thư)
66744,DTZ,thong-tin-thu-vien,C14,Điểm thi THPT,2024,16.0,Thông tin - Thư viện (Thư viện - Thiết bị trường học và Văn thư)
66745,DTZ,thong-tin-thu-vien,D01,Điểm thi THPT,2024,16.0,Thông tin - Thư viện (Thư viện - Thiết bị trường học và Văn thư)
66746,DTZ,thong-tin-thu-vien,D84,Điểm thi THPT,2024,16.0,Thông tin - Thư viện (Thư viện - Thiết bị trường học và Văn thư)
66747,DTZ,thu-vien-thiet-bi-truong-hoc-va-van-thu,C00,Điểm học bạ,2025,16.0,Thư viện - Thiết bị trường học và Văn thư
66748,DTZ,thu-vien-thiet-bi-truong-hoc-va-van-thu,C03,Điểm học bạ,2025,16.0,Thư viện - Thiết bị trường học và Văn thư
66749,DTZ,thu-vien-thiet-bi-truong-hoc-va-van-thu,C04,Điểm học bạ,2025,16.0,Thư viện - Thiết bị trường học và Văn thư
66750,DTZ,thu-vien-thiet-bi-truong-hoc-va-van-thu,C14,Điểm học bạ,2025,16.0,Thư viện - Thiết bị trường học và Văn thư
66751,DTZ,thu-vien-thiet-bi-truong-hoc-va-van-thu,C19,Điểm học bạ,2025,16.0,Thư viện - Thiết bị trường học và Văn thư
66752,DTZ,thu-vien-thiet-bi-truong-hoc-va-van-thu,C20,Điểm học bạ,2025,16.0,Thư viện - Thiết bị trường học và Văn thư
66753,DTZ,thu-vien-thiet-bi-truong-hoc-va-van-thu,D01,Điểm học bạ,2025,16.0,Thư viện - Thiết bị trường học và Văn thư
66754,DTZ,thu-vien-thiet-bi-truong-hoc-va-van-thu,D10,Điểm học bạ,2025,16.0,Thư viện - Thiết bị trường học và Văn thư
66755,DTZ,thu-vien-thiet-bi-truong-hoc-va-van-thu,D66,Điểm học bạ,2025,16.0,Thư viện - Thiết bị trường học và Văn thư
66756,DTZ,thu-vien-thiet-bi-truong-hoc-va-van-thu,D84,Điểm học bạ,2025,16.0,Thư viện - Thiết bị trường học và Văn thư
66757,DTZ,thu-vien-thiet-bi-truong-hoc-va-van-thu,C00,Điểm thi THPT,2025,16.0,Thư viện - Thiết bị trường học và Văn thư
66758,DTZ,thu-vien-thiet-bi-truong-hoc-va-van-thu,C03,Điểm thi THPT,2025,16.0,Thư viện - Thiết bị trường học và Văn thư
66759,DTZ,thu-vien-thiet-bi-truong-hoc-va-van-thu,C04,Điểm thi THPT,2025,16.0,Thư viện - Thiết bị trường học và Văn thư
66760,DTZ,thu-vien-thiet-bi-truong-hoc-va-van-thu,C14,Điểm thi THPT,2025,16.0,Thư viện - Thiết bị trường học và Văn thư
66761,DTZ,thu-vien-thiet-bi-truong-hoc-va-van-thu,C19,Điểm thi THPT,2025,16.0,Thư viện - Thiết bị trường học và Văn thư
66762,DTZ,thu-vien-thiet-bi-truong-hoc-va-van-thu,C20,Điểm thi THPT,2025,16.0,Thư viện - Thiết bị trường học và Văn thư
66763,DTZ,thu-vien-thiet-bi-truong-hoc-va-van-thu,D01,Điểm thi THPT,2025,16.0,Thư viện - Thiết bị trường học và Văn thư
66764,DTZ,thu-vien-thiet-bi-truong-hoc-va-van-thu,D10,Điểm thi THPT,2025,16.0,Thư viện - Thiết bị trường học và Văn thư
66765,DTZ,thu-vien-thiet-bi-truong-hoc-va-van-thu,D66,Điểm thi THPT,2025,16.0,Thư viện - Thiết bị trường học và Văn thư
66766,DTZ,thu-vien-thiet-bi-truong-hoc-va-van-thu,D84,Điểm thi THPT,2025,16.0,Thư viện - Thiết bị trường học và Văn thư
66767,DTZ,toan-hoc,A00,Điểm học bạ,2022,18.0,Toán học
66768,DTZ,toan-hoc,C14,Điểm học bạ,2022,18.0,Toán học
66769,DTZ,toan-hoc,D01,Điểm học bạ,2022,18.0,Toán học
66770,DTZ,toan-hoc,D84,Điểm học bạ,2022,18.0,Toán học
66771,DTZ,toan-hoc,A00,Điểm thi THPT,2022,15.0,Toán học
66772,DTZ,toan-hoc,C14,Điểm thi THPT,2022,15.0,Toán học
66773,DTZ,toan-hoc,D01,Điểm thi THPT,2022,15.0,Toán học
66774,DTZ,toan-hoc,D84,Điểm thi THPT,2022,15.0,Toán học
66775,DTZ,toan-hoc,A00,Điểm học bạ,2024,19.0,Toán học
66776,DTZ,toan-hoc,C14,Điểm học bạ,2024,19.0,Toán học
66777,DTZ,toan-hoc,D01,Điểm học bạ,2024,19.0,Toán học
66778,DTZ,toan-hoc,D84,Điểm học bạ,2024,19.0,Toán học
66779,DTZ,toan-hoc,A00,Điểm thi THPT,2024,18.0,Toán học
66780,DTZ,toan-hoc,C14,Điểm thi THPT,2024,18.0,Toán học
66781,DTZ,toan-hoc,D01,Điểm thi THPT,2024,18.0,Toán học
66782,DTZ,toan-hoc,D84,Điểm thi THPT,2024,18.0,Toán học
66783,DTZ,toan-tin,A00,Điểm học bạ,2021,18.0,Toán - Tin
66784,DTZ,toan-tin,C14,Điểm học bạ,2021,18.0,Toán - Tin
66785,DTZ,toan-tin,D01,Điểm học bạ,2021,18.0,Toán - Tin
66786,DTZ,toan-tin,D84,Điểm học bạ,2021,18.0,Toán - Tin
66787,DTZ,toan-tin,A00,Điểm thi THPT,2021,15.0,Toán - Tin
66788,DTZ,toan-tin,C14,Điểm thi THPT,2021,15.0,Toán - Tin
66789,DTZ,toan-tin,D01,Điểm thi THPT,2021,15.0,Toán - Tin
66790,DTZ,toan-tin,D84,Điểm thi THPT,2021,15.0,Toán - Tin
66791,DTZ,toan-tin,A00,Điểm học bạ,2022,18.0,Toán tin
66792,DTZ,toan-tin,C14,Điểm học bạ,2022,18.0,Toán tin
66793,DTZ,toan-tin,D01,Điểm học bạ,2022,18.0,Toán tin
66794,DTZ,toan-tin,D84,Điểm học bạ,2022,18.0,Toán tin
66795,DTZ,toan-tin,A00,Điểm thi THPT,2022,15.0,Toán tin
66796,DTZ,toan-tin,C14,Điểm thi THPT,2022,15.0,Toán tin
66797,DTZ,toan-tin,D01,Điểm thi THPT,2022,15.0,Toán tin
66798,DTZ,toan-tin,D84,Điểm thi THPT,2022,15.0,Toán tin
66799,DTZ,toan-tin,A00,Điểm học bạ,2024,19.0,Toán Tin
66800,DTZ,toan-tin,C14,Điểm học bạ,2024,19.0,Toán Tin
66801,DTZ,toan-tin,D01,Điểm học bạ,2024,19.0,Toán Tin
66802,DTZ,toan-tin,D84,Điểm học bạ,2024,19.0,Toán Tin
66803,DTZ,toan-tin,A00,Điểm thi THPT,2024,16.5,Toán Tin
66804,DTZ,toan-tin,C14,Điểm thi THPT,2024,16.5,Toán Tin
66805,DTZ,toan-tin,D01,Điểm thi THPT,2024,16.5,Toán Tin
66806,DTZ,toan-tin,D84,Điểm thi THPT,2024,16.5,Toán Tin
66807,DTZ,toan-tin,A00,Điểm học bạ,2025,20.67,Toán tin (CTĐT Giáo viên)
66808,DTZ,toan-tin,A05,Điểm học bạ,2025,20.67,Toán tin (CTĐT Giáo viên)
66809,DTZ,toan-tin,A06,Điểm học bạ,2025,20.67,Toán tin (CTĐT Giáo viên)
66810,DTZ,toan-tin,A08,Điểm học bạ,2025,20.67,Toán tin (CTĐT Giáo viên)
66811,DTZ,toan-tin,A11,Điểm học bạ,2025,20.67,Toán tin (CTĐT Giáo viên)
66812,DTZ,toan-tin,B00,Điểm học bạ,2025,20.67,Toán tin (CTĐT Giáo viên)
66813,DTZ,toan-tin,D01,Điểm học bạ,2025,20.67,Toán tin (CTĐT Giáo viên)
66814,DTZ,toan-tin,D07,Điểm học bạ,2025,20.67,Toán tin (CTĐT Giáo viên)
66815,DTZ,toan-tin,D08,Điểm học bạ,2025,20.67,Toán tin (CTĐT Giáo viên)
66816,DTZ,toan-tin,D84,Điểm học bạ,2025,20.67,Toán tin (CTĐT Giáo viên)
66817,DTZ,toan-tin,A00,Điểm thi THPT,2025,19.0,Toán tin (CTĐT Giáo viên)
66818,DTZ,toan-tin,A05,Điểm thi THPT,2025,19.0,Toán tin (CTĐT Giáo viên)
66819,DTZ,toan-tin,A06,Điểm thi THPT,2025,19.0,Toán tin (CTĐT Giáo viên)
66820,DTZ,toan-tin,A08,Điểm thi THPT,2025,19.0,Toán tin (CTĐT Giáo viên)
66821,DTZ,toan-tin,A11,Điểm thi THPT,2025,19.0,Toán tin (CTĐT Giáo viên)
66822,DTZ,toan-tin,B00,Điểm thi THPT,2025,19.0,Toán tin (CTĐT Giáo viên)
66823,DTZ,toan-tin,D01,Điểm thi THPT,2025,19.0,Toán tin (CTĐT Giáo viên)
66824,DTZ,toan-tin,D07,Điểm thi THPT,2025,19.0,Toán tin (CTĐT Giáo viên)
66825,DTZ,toan-tin,D08,Điểm thi THPT,2025,19.0,Toán tin (CTĐT Giáo viên)
66826,DTZ,toan-tin,D84,Điểm thi THPT,2025,19.0,Toán tin (CTĐT Giáo viên)
66827,DTZ,trung-quoc-hoc,C00,Điểm học bạ,2021,21.5,Trung Quốc học
66828,DTZ,trung-quoc-hoc,D01,Điểm học bạ,2021,21.5,Trung Quốc học
66829,DTZ,trung-quoc-hoc,D04,Điểm học bạ,2021,21.5,Trung Quốc học
66830,DTZ,trung-quoc-hoc,D66,Điểm học bạ,2021,21.5,Trung Quốc học
66831,DTZ,trung-quoc-hoc,C00,Điểm thi THPT,2021,16.5,Trung Quốc học
66832,DTZ,trung-quoc-hoc,D01,Điểm thi THPT,2021,16.5,Trung Quốc học
66833,DTZ,trung-quoc-hoc,D04,Điểm thi THPT,2021,16.5,Trung Quốc học
66834,DTZ,trung-quoc-hoc,D66,Điểm thi THPT,2021,16.5,Trung Quốc học
66835,DTZ,trung-quoc-hoc,C00,Điểm học bạ,2022,22.5,Trung Quốc học
66836,DTZ,trung-quoc-hoc,D01,Điểm học bạ,2022,22.5,Trung Quốc học
66837,DTZ,trung-quoc-hoc,D04,Điểm học bạ,2022,22.5,Trung Quốc học
66838,DTZ,trung-quoc-hoc,D66,Điểm học bạ,2022,22.5,Trung Quốc học
66839,DTZ,trung-quoc-hoc,C00,Điểm thi THPT,2022,16.5,Trung Quốc học
66840,DTZ,trung-quoc-hoc,D01,Điểm thi THPT,2022,16.5,Trung Quốc học
66841,DTZ,trung-quoc-hoc,D04,Điểm thi THPT,2022,16.5,Trung Quốc học
66842,DTZ,trung-quoc-hoc,D66,Điểm thi THPT,2022,16.5,Trung Quốc học
66843,DTZ,trung-quoc-hoc,C00,Điểm học bạ,2023,22.5,Trung Quốc học
66844,DTZ,trung-quoc-hoc,D01,Điểm học bạ,2023,22.5,Trung Quốc học
66845,DTZ,trung-quoc-hoc,D04,Điểm học bạ,2023,22.5,Trung Quốc học
66846,DTZ,trung-quoc-hoc,D66,Điểm học bạ,2023,22.5,Trung Quốc học
66847,DTZ,trung-quoc-hoc,C00,Điểm thi THPT,2023,16.5,Trung Quốc học
66848,DTZ,trung-quoc-hoc,D01,Điểm thi THPT,2023,16.5,Trung Quốc học
66849,DTZ,trung-quoc-hoc,D04,Điểm thi THPT,2023,16.5,Trung Quốc học
66850,DTZ,trung-quoc-hoc,D66,Điểm thi THPT,2023,16.5,Trung Quốc học
66851,DTZ,trung-quoc-hoc,C00,Điểm học bạ,2024,20.0,Trung Quốc học
66852,DTZ,trung-quoc-hoc,D01,Điểm học bạ,2024,20.0,Trung Quốc học
66853,DTZ,trung-quoc-hoc,D04,Điểm học bạ,2024,20.0,Trung Quốc học
66854,DTZ,trung-quoc-hoc,D66,Điểm học bạ,2024,20.0,Trung Quốc học
66855,DTZ,trung-quoc-hoc,C00,Điểm thi THPT,2024,18.0,Trung Quốc học
66856,DTZ,trung-quoc-hoc,D01,Điểm thi THPT,2024,18.0,Trung Quốc học
66857,DTZ,trung-quoc-hoc,D04,Điểm thi THPT,2024,18.0,Trung Quốc học
66858,DTZ,trung-quoc-hoc,D66,Điểm thi THPT,2024,18.0,Trung Quốc học
66859,DTZ,trung-quoc-hoc,C00,Điểm học bạ,2025,20.97,Trung Quốc học
66860,DTZ,trung-quoc-hoc,C03,Điểm học bạ,2025,20.97,Trung Quốc học
66861,DTZ,trung-quoc-hoc,C04,Điểm học bạ,2025,20.97,Trung Quốc học
66862,DTZ,trung-quoc-hoc,C14,Điểm học bạ,2025,20.97,Trung Quốc học
66863,DTZ,trung-quoc-hoc,C19,Điểm học bạ,2025,20.97,Trung Quốc học
66864,DTZ,trung-quoc-hoc,C20,Điểm học bạ,2025,20.97,Trung Quốc học
66865,DTZ,trung-quoc-hoc,D01,Điểm học bạ,2025,20.97,Trung Quốc học
66866,DTZ,trung-quoc-hoc,D04,Điểm học bạ,2025,20.97,Trung Quốc học
66867,DTZ,trung-quoc-hoc,D10,Điểm học bạ,2025,20.97,Trung Quốc học
66868,DTZ,trung-quoc-hoc,D66,Điểm học bạ,2025,20.97,Trung Quốc học
66869,DTZ,trung-quoc-hoc,C00,Điểm thi THPT,2025,19.45,Trung Quốc học
66870,DTZ,trung-quoc-hoc,C03,Điểm thi THPT,2025,19.45,Trung Quốc học
66871,DTZ,trung-quoc-hoc,C04,Điểm thi THPT,2025,19.45,Trung Quốc học
66872,DTZ,trung-quoc-hoc,C14,Điểm thi THPT,2025,19.45,Trung Quốc học
66873,DTZ,trung-quoc-hoc,C19,Điểm thi THPT,2025,19.45,Trung Quốc học
66874,DTZ,trung-quoc-hoc,C20,Điểm thi THPT,2025,19.45,Trung Quốc học
66875,DTZ,trung-quoc-hoc,D01,Điểm thi THPT,2025,19.45,Trung Quốc học
66876,DTZ,trung-quoc-hoc,D04,Điểm thi THPT,2025,19.45,Trung Quốc học
66877,DTZ,trung-quoc-hoc,D10,Điểm thi THPT,2025,19.45,Trung Quốc học
66878,DTZ,trung-quoc-hoc,D66,Điểm thi THPT,2025,19.45,Trung Quốc học
66879,DTZ,van-hoc,C00,Điểm học bạ,2021,18.0,Văn học
66880,DTZ,van-hoc,C14,Điểm học bạ,2021,18.0,Văn học
66881,DTZ,van-hoc,D01,Điểm học bạ,2021,18.0,Văn học
66882,DTZ,van-hoc,D84,Điểm học bạ,2021,18.0,Văn học
66883,DTZ,van-hoc,C00,Điểm thi THPT,2021,15.0,Văn học
66884,DTZ,van-hoc,C14,Điểm thi THPT,2021,15.0,Văn học
66885,DTZ,van-hoc,D01,Điểm thi THPT,2021,15.0,Văn học
66886,DTZ,van-hoc,D84,Điểm thi THPT,2021,15.0,Văn học
66887,DTZ,van-hoc,C00,Điểm học bạ,2022,18.0,Văn học
66888,DTZ,van-hoc,C14,Điểm học bạ,2022,18.0,Văn học
66889,DTZ,van-hoc,D01,Điểm học bạ,2022,18.0,Văn học
66890,DTZ,van-hoc,D84,Điểm học bạ,2022,18.0,Văn học
66891,DTZ,van-hoc,C00,Điểm thi THPT,2022,15.0,Văn học
66892,DTZ,van-hoc,C14,Điểm thi THPT,2022,15.0,Văn học
66893,DTZ,van-hoc,D01,Điểm thi THPT,2022,15.0,Văn học
66894,DTZ,van-hoc,D84,Điểm thi THPT,2022,15.0,Văn học
66895,DTZ,van-hoc,C00,Điểm học bạ,2024,19.0,Văn học
66896,DTZ,van-hoc,C14,Điểm học bạ,2024,19.0,Văn học
66897,DTZ,van-hoc,D01,Điểm học bạ,2024,19.0,Văn học
66898,DTZ,van-hoc,D84,Điểm học bạ,2024,19.0,Văn học
66899,DTZ,van-hoc,C00,Điểm thi THPT,2024,18.0,Văn học
66900,DTZ,van-hoc,C14,Điểm thi THPT,2024,18.0,Văn học
66901,DTZ,van-hoc,D01,Điểm thi THPT,2024,18.0,Văn học
66902,DTZ,van-hoc,D84,Điểm thi THPT,2024,18.0,Văn học
66903,DTZ,van-hoc,C00,Điểm học bạ,2025,20.77,Văn học (CTĐT Giáo viên)
66904,DTZ,van-hoc,C03,Điểm học bạ,2025,20.77,Văn học (CTĐT Giáo viên)
66905,DTZ,van-hoc,C04,Điểm học bạ,2025,20.77,Văn học (CTĐT Giáo viên)
66906,DTZ,van-hoc,C14,Điểm học bạ,2025,20.77,Văn học (CTĐT Giáo viên)
66907,DTZ,van-hoc,C19,Điểm học bạ,2025,20.77,Văn học (CTĐT Giáo viên)
66908,DTZ,van-hoc,C20,Điểm học bạ,2025,20.77,Văn học (CTĐT Giáo viên)
66909,DTZ,van-hoc,D01,Điểm học bạ,2025,20.77,Văn học (CTĐT Giáo viên)
66910,DTZ,van-hoc,D10,Điểm học bạ,2025,20.77,Văn học (CTĐT Giáo viên)
66911,DTZ,van-hoc,D66,Điểm học bạ,2025,20.77,Văn học (CTĐT Giáo viên)
66912,DTZ,van-hoc,D84,Điểm học bạ,2025,20.77,Văn học (CTĐT Giáo viên)
66913,DTZ,van-hoc,C00,Điểm thi THPT,2025,19.15,Văn học (CTĐT Giáo viên)
66914,DTZ,van-hoc,C03,Điểm thi THPT,2025,19.15,Văn học (CTĐT Giáo viên)
66915,DTZ,van-hoc,C04,Điểm thi THPT,2025,19.15,Văn học (CTĐT Giáo viên)
66916,DTZ,van-hoc,C14,Điểm thi THPT,2025,19.15,Văn học (CTĐT Giáo viên)
66917,DTZ,van-hoc,C19,Điểm thi THPT,2025,19.15,Văn học (CTĐT Giáo viên)
66918,DTZ,van-hoc,C20,Điểm thi THPT,2025,19.15,Văn học (CTĐT Giáo viên)
66919,DTZ,van-hoc,D01,Điểm thi THPT,2025,19.15,Văn học (CTĐT Giáo viên)
66920,DTZ,van-hoc,D10,Điểm thi THPT,2025,19.15,Văn học (CTĐT Giáo viên)
66921,DTZ,van-hoc,D66,Điểm thi THPT,2025,19.15,Văn học (CTĐT Giáo viên)
66922,DTZ,van-hoc,D84,Điểm thi THPT,2025,19.15,Văn học (CTĐT Giáo viên)
66923,DTZ,vat-ly,A00,Điểm học bạ,2021,18.0,Vật lý
66924,DTZ,vat-ly,A01,Điểm học bạ,2021,18.0,Vật lý
66925,DTZ,vat-ly,C01,Điểm học bạ,2021,18.0,Vật lý
66926,DTZ,vat-ly,D01,Điểm học bạ,2021,18.0,Vật lý
66927,DTZ,vat-ly,A00,Điểm thi THPT,2021,15.0,Vật lý
66928,DTZ,vat-ly,A01,Điểm thi THPT,2021,15.0,Vật lý
66929,DTZ,vat-ly,C01,Điểm thi THPT,2021,15.0,Vật lý
66930,DTZ,vat-ly,D01,Điểm thi THPT,2021,15.0,Vật lý
66931,DTZ,vat-ly,A00,Điểm học bạ,2025,19.5,Vật lý (CTĐT Giáo viên)
66932,DTZ,vat-ly,A01,Điểm học bạ,2025,19.5,Vật lý (CTĐT Giáo viên)
66933,DTZ,vat-ly,A02,Điểm học bạ,2025,19.5,Vật lý (CTĐT Giáo viên)
66934,DTZ,vat-ly,A03,Điểm học bạ,2025,19.5,Vật lý (CTĐT Giáo viên)
66935,DTZ,vat-ly,A04,Điểm học bạ,2025,19.5,Vật lý (CTĐT Giáo viên)
66936,DTZ,vat-ly,A10,Điểm học bạ,2025,19.5,Vật lý (CTĐT Giáo viên)
66937,DTZ,vat-ly,C01,Điểm học bạ,2025,19.5,Vật lý (CTĐT Giáo viên)
66938,DTZ,vat-ly,A00,Điểm thi THPT,2025,19.5,Vật lý (CTĐT Giáo viên)
66939,DTZ,vat-ly,A01,Điểm thi THPT,2025,19.5,Vật lý (CTĐT Giáo viên)
66940,DTZ,vat-ly,A02,Điểm thi THPT,2025,19.5,Vật lý (CTĐT Giáo viên)
66941,DTZ,vat-ly,A03,Điểm thi THPT,2025,19.5,Vật lý (CTĐT Giáo viên)
66942,DTZ,vat-ly,A04,Điểm thi THPT,2025,19.5,Vật lý (CTĐT Giáo viên)
66943,DTZ,vat-ly,A10,Điểm thi THPT,2025,19.5,Vật lý (CTĐT Giáo viên)
66944,DTZ,vat-ly,C01,Điểm thi THPT,2025,19.5,Vật lý (CTĐT Giáo viên)
66945,DTZ,vat-ly-hoc,A00,Điểm học bạ,2022,18.0,Vật lý học
66946,DTZ,vat-ly-hoc,A01,Điểm học bạ,2022,18.0,Vật lý học
66947,DTZ,vat-ly-hoc,C01,Điểm học bạ,2022,18.0,Vật lý học
66948,DTZ,vat-ly-hoc,D01,Điểm học bạ,2022,18.0,Vật lý học
66949,DTZ,vat-ly-hoc,A00,Điểm thi THPT,2022,15.0,Vật lý học
66950,DTZ,vat-ly-hoc,A01,Điểm thi THPT,2022,15.0,Vật lý học
66951,DTZ,vat-ly-hoc,C01,Điểm thi THPT,2022,15.0,Vật lý học
66952,DTZ,vat-ly-hoc,D01,Điểm thi THPT,2022,15.0,Vật lý học
66953,DTZ,viet-nam-hoc,C00,Điểm học bạ,2021,18.0,Việt Nam học
66954,DTZ,viet-nam-hoc,C14,Điểm học bạ,2021,18.0,Việt Nam học
66955,DTZ,viet-nam-hoc,D01,Điểm học bạ,2021,18.0,Việt Nam học
66956,DTZ,viet-nam-hoc,D84,Điểm học bạ,2021,18.0,Việt Nam học
66957,DTZ,viet-nam-hoc,C00,Điểm thi THPT,2021,15.0,Việt Nam học
66958,DTZ,viet-nam-hoc,C14,Điểm thi THPT,2021,15.0,Việt Nam học
66959,DTZ,viet-nam-hoc,D01,Điểm thi THPT,2021,15.0,Việt Nam học
66960,DTZ,viet-nam-hoc,D84,Điểm thi THPT,2021,15.0,Việt Nam học
66961,DTZ,viet-nam-hoc,C00,Điểm học bạ,2025,18.67,Việt Nam học
66962,DTZ,viet-nam-hoc,C03,Điểm học bạ,2025,18.67,Việt Nam học
66963,DTZ,viet-nam-hoc,C04,Điểm học bạ,2025,18.67,Việt Nam học
66964,DTZ,viet-nam-hoc,C14,Điểm học bạ,2025,18.67,Việt Nam học
66965,DTZ,viet-nam-hoc,C19,Điểm học bạ,2025,18.67,Việt Nam học
66966,DTZ,viet-nam-hoc,C20,Điểm học bạ,2025,18.67,Việt Nam học
66967,DTZ,viet-nam-hoc,D01,Điểm học bạ,2025,18.67,Việt Nam học
66968,DTZ,viet-nam-hoc,D10,Điểm học bạ,2025,18.67,Việt Nam học
66969,DTZ,viet-nam-hoc,D66,Điểm học bạ,2025,18.67,Việt Nam học
66970,DTZ,viet-nam-hoc,D84,Điểm học bạ,2025,18.67,Việt Nam học
66971,DTZ,viet-nam-hoc,C00,Điểm thi THPT,2025,16.0,Việt Nam học
66972,DTZ,viet-nam-hoc,C03,Điểm thi THPT,2025,16.0,Việt Nam học
66973,DTZ,viet-nam-hoc,C04,Điểm thi THPT,2025,16.0,Việt Nam học
66974,DTZ,viet-nam-hoc,C14,Điểm thi THPT,2025,16.0,Việt Nam học
66975,DTZ,viet-nam-hoc,C19,Điểm thi THPT,2025,16.0,Việt Nam học
66976,DTZ,viet-nam-hoc,C20,Điểm thi THPT,2025,16.0,Việt Nam học
66977,DTZ,viet-nam-hoc,D01,Điểm thi THPT,2025,16.0,Việt Nam học
66978,DTZ,viet-nam-hoc,D10,Điểm thi THPT,2025,16.0,Việt Nam học
66979,DTZ,viet-nam-hoc,D66,Điểm thi THPT,2025,16.0,Việt Nam học
66980,DTZ,viet-nam-hoc,D84,Điểm thi THPT,2025,16.0,Việt Nam học
66981,DVB,co-khi-che-tao-may,A00,Điểm học bạ,2025,15.0,Cơ khí chế tạo máy
66982,DVB,co-khi-che-tao-may,A01,Điểm học bạ,2025,15.0,Cơ khí chế tạo máy
66983,DVB,co-khi-che-tao-may,D01,Điểm học bạ,2025,15.0,Cơ khí chế tạo máy
66984,DVB,co-khi-che-tao-may,X07,Điểm học bạ,2025,15.0,Cơ khí chế tạo máy
66985,DVB,co-khi-che-tao-may,A00,Điểm thi THPT,2025,15.0,Cơ khí chế tạo máy
66986,DVB,co-khi-che-tao-may,A01,Điểm thi THPT,2025,15.0,Cơ khí chế tạo máy
66987,DVB,co-khi-che-tao-may,D01,Điểm thi THPT,2025,15.0,Cơ khí chế tạo máy
66988,DVB,co-khi-che-tao-may,X07,Điểm thi THPT,2025,15.0,Cơ khí chế tạo máy
66989,DVB,co-khi-dong-luc-o-to,A00,Điểm học bạ,2025,15.0,Cơ khí động lực - ô tô
66990,DVB,co-khi-dong-luc-o-to,A01,Điểm học bạ,2025,15.0,Cơ khí động lực - ô tô
66991,DVB,co-khi-dong-luc-o-to,D01,Điểm học bạ,2025,15.0,Cơ khí động lực - ô tô
66992,DVB,co-khi-dong-luc-o-to,X07,Điểm học bạ,2025,15.0,Cơ khí động lực - ô tô
66993,DVB,co-khi-dong-luc-o-to,A00,Điểm thi THPT,2025,15.0,Cơ khí động lực - ô tô
66994,DVB,co-khi-dong-luc-o-to,A01,Điểm thi THPT,2025,15.0,Cơ khí động lực - ô tô
66995,DVB,co-khi-dong-luc-o-to,D01,Điểm thi THPT,2025,15.0,Cơ khí động lực - ô tô
66996,DVB,co-khi-dong-luc-o-to,X07,Điểm thi THPT,2025,15.0,Cơ khí động lực - ô tô
66997,DVB,cong-nghe-ky-thuat-co-khi,A00,Điểm học bạ,2025,15.0,Công nghệ kỹ thuật cơ khí
66998,DVB,cong-nghe-ky-thuat-co-khi,A01,Điểm học bạ,2025,15.0,Công nghệ kỹ thuật cơ khí
66999,DVB,cong-nghe-ky-thuat-co-khi,D01,Điểm học bạ,2025,15.0,Công nghệ kỹ thuật cơ khí
67000,DVB,cong-nghe-ky-thuat-co-khi,X07,Điểm học bạ,2025,15.0,Công nghệ kỹ thuật cơ khí
67001,DVB,cong-nghe-ky-thuat-co-khi,A00,Điểm thi THPT,2025,15.0,Công nghệ kỹ thuật cơ khí
67002,DVB,cong-nghe-ky-thuat-co-khi,A01,Điểm thi THPT,2025,15.0,Công nghệ kỹ thuật cơ khí
67003,DVB,cong-nghe-ky-thuat-co-khi,D01,Điểm thi THPT,2025,15.0,Công nghệ kỹ thuật cơ khí
67004,DVB,cong-nghe-ky-thuat-co-khi,X07,Điểm thi THPT,2025,15.0,Công nghệ kỹ thuật cơ khí
67005,DVB,cong-nghe-ky-thuat-dien,A00,Điểm học bạ,2025,15.0,Công nghệ kỹ thuật điện
67006,DVB,cong-nghe-ky-thuat-dien,A01,Điểm học bạ,2025,15.0,Công nghệ kỹ thuật điện
67007,DVB,cong-nghe-ky-thuat-dien,D01,Điểm học bạ,2025,15.0,Công nghệ kỹ thuật điện
67008,DVB,cong-nghe-ky-thuat-dien,X07,Điểm học bạ,2025,15.0,Công nghệ kỹ thuật điện
67009,DVB,cong-nghe-ky-thuat-dien,A00,Điểm thi THPT,2025,15.0,Công nghệ kỹ thuật điện
67010,DVB,cong-nghe-ky-thuat-dien,A01,Điểm thi THPT,2025,15.0,Công nghệ kỹ thuật điện
67011,DVB,cong-nghe-ky-thuat-dien,D01,Điểm thi THPT,2025,15.0,Công nghệ kỹ thuật điện
67012,DVB,cong-nghe-ky-thuat-dien,X07,Điểm thi THPT,2025,15.0,Công nghệ kỹ thuật điện
67013,DVB,cong-nghe-ky-thuat-dieu-khien,A00,Điểm học bạ,2025,15.0,Công nghệ kỹ thuật điều khiển
67014,DVB,cong-nghe-ky-thuat-dieu-khien,A01,Điểm học bạ,2025,15.0,Công nghệ kỹ thuật điều khiển
67015,DVB,cong-nghe-ky-thuat-dieu-khien,D01,Điểm học bạ,2025,15.0,Công nghệ kỹ thuật điều khiển
67016,DVB,cong-nghe-ky-thuat-dieu-khien,X26,Điểm học bạ,2025,15.0,Công nghệ kỹ thuật điều khiển
67017,DVB,cong-nghe-ky-thuat-dieu-khien,A00,Điểm thi THPT,2025,15.0,Công nghệ kỹ thuật điều khiển
67018,DVB,cong-nghe-ky-thuat-dieu-khien,A01,Điểm thi THPT,2025,15.0,Công nghệ kỹ thuật điều khiển
67019,DVB,cong-nghe-ky-thuat-dieu-khien,D01,Điểm thi THPT,2025,15.0,Công nghệ kỹ thuật điều khiển
67020,DVB,cong-nghe-ky-thuat-dieu-khien,X26,Điểm thi THPT,2025,15.0,Công nghệ kỹ thuật điều khiển
67021,DVB,cong-nghe-thong-tin,A00,Điểm thi THPT,2021,15.0,Công nghệ thông tin
67022,DVB,cong-nghe-thong-tin,A01,Điểm thi THPT,2021,15.0,Công nghệ thông tin
67023,DVB,cong-nghe-thong-tin,D01,Điểm thi THPT,2021,15.0,Công nghệ thông tin
67024,DVB,cong-nghe-thong-tin,A00,Điểm học bạ,2023,15.0,Công nghệ thông tin
67025,DVB,cong-nghe-thong-tin,A01,Điểm học bạ,2023,15.0,Công nghệ thông tin
67026,DVB,cong-nghe-thong-tin,D01,Điểm học bạ,2023,15.0,Công nghệ thông tin
67027,DVB,cong-nghe-thong-tin,A00,Điểm thi THPT,2023,15.0,Công nghệ thông tin
67028,DVB,cong-nghe-thong-tin,A01,Điểm thi THPT,2023,15.0,Công nghệ thông tin
67029,DVB,cong-nghe-thong-tin,D01,Điểm thi THPT,2023,15.0,Công nghệ thông tin
67030,DVB,cong-nghe-thong-tin,A00,Điểm học bạ,2024,15.0,Công nghệ thông tin
67031,DVB,cong-nghe-thong-tin,A01,Điểm học bạ,2024,15.0,Công nghệ thông tin
67032,DVB,cong-nghe-thong-tin,D01,Điểm học bạ,2024,15.0,Công nghệ thông tin
67033,DVB,cong-nghe-thong-tin,D07,Điểm học bạ,2024,15.0,Công nghệ thông tin
67034,DVB,cong-nghe-thong-tin,A00,Điểm thi THPT,2024,15.0,Công nghệ thông tin
67035,DVB,cong-nghe-thong-tin,A01,Điểm thi THPT,2024,15.0,Công nghệ thông tin
67036,DVB,cong-nghe-thong-tin,D01,Điểm thi THPT,2024,15.0,Công nghệ thông tin
67037,DVB,cong-nghe-thong-tin,A00,Điểm học bạ,2025,15.0,Công nghệ thông tin
67038,DVB,cong-nghe-thong-tin,A01,Điểm học bạ,2025,15.0,Công nghệ thông tin
67039,DVB,cong-nghe-thong-tin,D01,Điểm học bạ,2025,15.0,Công nghệ thông tin
67040,DVB,cong-nghe-thong-tin,X06,Điểm học bạ,2025,15.0,Công nghệ thông tin
67041,DVB,cong-nghe-thong-tin,A00,Điểm thi THPT,2025,15.0,Công nghệ thông tin
67042,DVB,cong-nghe-thong-tin,A01,Điểm thi THPT,2025,15.0,Công nghệ thông tin
67043,DVB,cong-nghe-thong-tin,D01,Điểm thi THPT,2025,15.0,Công nghệ thông tin
67044,DVB,cong-nghe-thong-tin,X06,Điểm thi THPT,2025,15.0,Công nghệ thông tin
67045,DVB,cong-nghe-tu-dong-hoa,A00,Điểm học bạ,2025,15.0,Công nghệ tự động hóa
67046,DVB,cong-nghe-tu-dong-hoa,A01,Điểm học bạ,2025,15.0,Công nghệ tự động hóa
67047,DVB,cong-nghe-tu-dong-hoa,D01,Điểm học bạ,2025,15.0,Công nghệ tự động hóa
67048,DVB,cong-nghe-tu-dong-hoa,X26,Điểm học bạ,2025,15.0,Công nghệ tự động hóa
67049,DVB,cong-nghe-tu-dong-hoa,A00,Điểm thi THPT,2025,15.0,Công nghệ tự động hóa
67050,DVB,cong-nghe-tu-dong-hoa,A01,Điểm thi THPT,2025,15.0,Công nghệ tự động hóa
67051,DVB,cong-nghe-tu-dong-hoa,D01,Điểm thi THPT,2025,15.0,Công nghệ tự động hóa
67052,DVB,cong-nghe-tu-dong-hoa,X26,Điểm thi THPT,2025,15.0,Công nghệ tự động hóa
67053,DVB,dien-tu-dong-hoa,A00,Điểm học bạ,2025,15.0,Điện tự động hóa
67054,DVB,dien-tu-dong-hoa,A01,Điểm học bạ,2025,15.0,Điện tự động hóa
67055,DVB,dien-tu-dong-hoa,D01,Điểm học bạ,2025,15.0,Điện tự động hóa
67056,DVB,dien-tu-dong-hoa,X07,Điểm học bạ,2025,15.0,Điện tự động hóa
67057,DVB,dien-tu-dong-hoa,A00,Điểm thi THPT,2025,15.0,Điện tự động hóa
67058,DVB,dien-tu-dong-hoa,A01,Điểm thi THPT,2025,15.0,Điện tự động hóa
67059,DVB,dien-tu-dong-hoa,D01,Điểm thi THPT,2025,15.0,Điện tự động hóa
67060,DVB,dien-tu-dong-hoa,X07,Điểm thi THPT,2025,15.0,Điện tự động hóa
67061,DVB,du-lich,A01,Điểm thi THPT,2021,15.0,Du lịch
67062,DVB,du-lich,D01,Điểm thi THPT,2021,15.0,Du lịch
67063,DVB,du-lich,D10,Điểm thi THPT,2021,15.0,Du lịch
67064,DVB,du-lich,D14,Điểm thi THPT,2021,15.0,Du lịch
67065,DVB,du-lich,A01,Điểm học bạ,2023,15.0,Du lịch
67066,DVB,du-lich,C00,Điểm học bạ,2023,15.0,Du lịch
67067,DVB,du-lich,D01,Điểm học bạ,2023,15.0,Du lịch
67068,DVB,du-lich,D15,Điểm học bạ,2023,15.0,Du lịch
67069,DVB,du-lich,A01,Điểm thi THPT,2023,15.0,Du lịch
67070,DVB,du-lich,C00,Điểm thi THPT,2023,15.0,Du lịch
67071,DVB,du-lich,D01,Điểm thi THPT,2023,15.0,Du lịch
67072,DVB,du-lich,D15,Điểm thi THPT,2023,15.0,Du lịch
67073,DVB,du-lich,A01,Điểm thi THPT,2024,15.0,Du lịch
67074,DVB,du-lich,C00,Điểm thi THPT,2024,15.0,Du lịch
67075,DVB,du-lich,D01,Điểm thi THPT,2024,15.0,Du lịch
67076,DVB,du-lich,D15,Điểm thi THPT,2024,15.0,Du lịch
67077,DVB,he-thong-dien,A00,Điểm học bạ,2025,15.0,Hệ thống điện
67078,DVB,he-thong-dien,A01,Điểm học bạ,2025,15.0,Hệ thống điện
67079,DVB,he-thong-dien,D01,Điểm học bạ,2025,15.0,Hệ thống điện
67080,DVB,he-thong-dien,X07,Điểm học bạ,2025,15.0,Hệ thống điện
67081,DVB,he-thong-dien,A00,Điểm thi THPT,2025,15.0,Hệ thống điện
67082,DVB,he-thong-dien,A01,Điểm thi THPT,2025,15.0,Hệ thống điện
67083,DVB,he-thong-dien,D01,Điểm thi THPT,2025,15.0,Hệ thống điện
67084,DVB,he-thong-dien,X07,Điểm thi THPT,2025,15.0,Hệ thống điện
67085,DVB,ke-toan,A00,Điểm thi THPT,2021,15.0,Kế toán
67086,DVB,ke-toan,A01,Điểm thi THPT,2021,15.0,Kế toán
67087,DVB,ke-toan,D01,Điểm thi THPT,2021,15.0,Kế toán
67088,DVB,ke-toan,A00,Điểm học bạ,2023,15.0,Kế toán
67089,DVB,ke-toan,A01,Điểm học bạ,2023,15.0,Kế toán
67090,DVB,ke-toan,D01,Điểm học bạ,2023,15.0,Kế toán
67091,DVB,ke-toan,A00,Điểm thi THPT,2023,15.0,Kế toán
67092,DVB,ke-toan,A01,Điểm thi THPT,2023,15.0,Kế toán
67093,DVB,ke-toan,D01,Điểm thi THPT,2023,15.0,Kế toán
67094,DVB,ke-toan,A00,Điểm học bạ,2024,15.0,Kế toán
67095,DVB,ke-toan,A01,Điểm học bạ,2024,15.0,Kế toán
67096,DVB,ke-toan,D01,Điểm học bạ,2024,15.0,Kế toán
67097,DVB,ke-toan,D07,Điểm học bạ,2024,15.0,Kế toán
67098,DVB,ke-toan,A00,Điểm thi THPT,2024,15.0,Kế toán
67099,DVB,ke-toan,A01,Điểm thi THPT,2024,15.0,Kế toán
67100,DVB,ke-toan,D01,Điểm thi THPT,2024,15.0,Kế toán
67101,DVB,ke-toan-doanh-nghiep-cong-nghiep,A01,Điểm học bạ,2025,15.0,Kế toán doanh nghiệp công nghiệp
67102,DVB,ke-toan-doanh-nghiep-cong-nghiep,C00,Điểm học bạ,2025,15.0,Kế toán doanh nghiệp công nghiệp
67103,DVB,ke-toan-doanh-nghiep-cong-nghiep,D01,Điểm học bạ,2025,15.0,Kế toán doanh nghiệp công nghiệp
67104,DVB,ke-toan-doanh-nghiep-cong-nghiep,X78,Điểm học bạ,2025,15.0,Kế toán doanh nghiệp công nghiệp
67105,DVB,ke-toan-doanh-nghiep-cong-nghiep,A01,Điểm thi THPT,2025,15.0,Kế toán doanh nghiệp công nghiệp
67106,DVB,ke-toan-doanh-nghiep-cong-nghiep,C00,Điểm thi THPT,2025,15.0,Kế toán doanh nghiệp công nghiệp
67107,DVB,ke-toan-doanh-nghiep-cong-nghiep,D01,Điểm thi THPT,2025,15.0,Kế toán doanh nghiệp công nghiệp
67108,DVB,ke-toan-doanh-nghiep-cong-nghiep,X78,Điểm thi THPT,2025,15.0,Kế toán doanh nghiệp công nghiệp
67109,DVB,ke-toan-tong-hop,A01,Điểm học bạ,2025,15.0,Kế toán tổng hợp
67110,DVB,ke-toan-tong-hop,C00,Điểm học bạ,2025,15.0,Kế toán tổng hợp
67111,DVB,ke-toan-tong-hop,D01,Điểm học bạ,2025,15.0,Kế toán tổng hợp
67112,DVB,ke-toan-tong-hop,X78,Điểm học bạ,2025,15.0,Kế toán tổng hợp
67113,DVB,ke-toan-tong-hop,A01,Điểm thi THPT,2025,15.0,Kế toán tổng hợp
67114,DVB,ke-toan-tong-hop,C00,Điểm thi THPT,2025,15.0,Kế toán tổng hợp
67115,DVB,ke-toan-tong-hop,D01,Điểm thi THPT,2025,15.0,Kế toán tổng hợp
67116,DVB,ke-toan-tong-hop,X78,Điểm thi THPT,2025,15.0,Kế toán tổng hợp
67117,DVB,ky-thuat-co-dien-tu,A00,Điểm học bạ,2025,15.0,Kỹ thuật Cơ điện tử
67118,DVB,ky-thuat-co-dien-tu,A01,Điểm học bạ,2025,15.0,Kỹ thuật Cơ điện tử
67119,DVB,ky-thuat-co-dien-tu,D01,Điểm học bạ,2025,15.0,Kỹ thuật Cơ điện tử
67120,DVB,ky-thuat-co-dien-tu,X26,Điểm học bạ,2025,15.0,Kỹ thuật Cơ điện tử
67121,DVB,ky-thuat-co-dien-tu,A00,Điểm thi THPT,2025,15.0,Kỹ thuật Cơ điện tử
67122,DVB,ky-thuat-co-dien-tu,A01,Điểm thi THPT,2025,15.0,Kỹ thuật Cơ điện tử
67123,DVB,ky-thuat-co-dien-tu,D01,Điểm thi THPT,2025,15.0,Kỹ thuật Cơ điện tử
67124,DVB,ky-thuat-co-dien-tu,X26,Điểm thi THPT,2025,15.0,Kỹ thuật Cơ điện tử
67125,DVB,ky-thuat-co-khi,A00,Điểm thi THPT,2021,15.0,Kỹ thuật cơ khí
67126,DVB,ky-thuat-co-khi,A01,Điểm thi THPT,2021,15.0,Kỹ thuật cơ khí
67127,DVB,ky-thuat-co-khi,D01,Điểm thi THPT,2021,15.0,Kỹ thuật cơ khí
67128,DVB,ky-thuat-co-khi,A00,Điểm học bạ,2023,15.0,Kỹ thuật cơ khí
67129,DVB,ky-thuat-co-khi,A01,Điểm học bạ,2023,15.0,Kỹ thuật cơ khí
67130,DVB,ky-thuat-co-khi,D01,Điểm học bạ,2023,15.0,Kỹ thuật cơ khí
67131,DVB,ky-thuat-co-khi,A00,Điểm thi THPT,2023,15.0,Kỹ thuật cơ khí
67132,DVB,ky-thuat-co-khi,A01,Điểm thi THPT,2023,15.0,Kỹ thuật cơ khí
67133,DVB,ky-thuat-co-khi,D01,Điểm thi THPT,2023,15.0,Kỹ thuật cơ khí
67134,DVB,ky-thuat-co-khi,A00,Điểm học bạ,2024,15.0,Kỹ thuật cơ khí
67135,DVB,ky-thuat-co-khi,A01,Điểm học bạ,2024,15.0,Kỹ thuật cơ khí
67136,DVB,ky-thuat-co-khi,D01,Điểm học bạ,2024,15.0,Kỹ thuật cơ khí
67137,DVB,ky-thuat-co-khi,D07,Điểm học bạ,2024,15.0,Kỹ thuật cơ khí
67138,DVB,ky-thuat-co-khi,A00,Điểm thi THPT,2024,15.0,Kỹ thuật cơ khí
67139,DVB,ky-thuat-co-khi,A01,Điểm thi THPT,2024,15.0,Kỹ thuật cơ khí
67140,DVB,ky-thuat-co-khi,D01,Điểm thi THPT,2024,15.0,Kỹ thuật cơ khí
67141,DVB,ky-thuat-dien,A00,Điểm thi THPT,2021,15.0,Kỹ thuật điện
67142,DVB,ky-thuat-dien,A01,Điểm thi THPT,2021,15.0,Kỹ thuật điện
67143,DVB,ky-thuat-dien,D01,Điểm thi THPT,2021,15.0,Kỹ thuật điện
67144,DVB,ky-thuat-dien,A00,Điểm học bạ,2023,15.0,Kỹ thuật điện
67145,DVB,ky-thuat-dien,A01,Điểm học bạ,2023,15.0,Kỹ thuật điện
67146,DVB,ky-thuat-dien,D01,Điểm học bạ,2023,15.0,Kỹ thuật điện
67147,DVB,ky-thuat-dien,A00,Điểm thi THPT,2023,15.0,Kỹ thuật điện
67148,DVB,ky-thuat-dien,A01,Điểm thi THPT,2023,15.0,Kỹ thuật điện
67149,DVB,ky-thuat-dien,D01,Điểm thi THPT,2023,15.0,Kỹ thuật điện
67150,DVB,ky-thuat-dien,A00,Điểm học bạ,2024,15.0,Kỹ thuật điện
67151,DVB,ky-thuat-dien,A01,Điểm học bạ,2024,15.0,Kỹ thuật điện
67152,DVB,ky-thuat-dien,D01,Điểm học bạ,2024,15.0,Kỹ thuật điện
67153,DVB,ky-thuat-dien,D07,Điểm học bạ,2024,15.0,Kỹ thuật điện
67154,DVB,ky-thuat-dien,A00,Điểm thi THPT,2024,15.0,Kỹ thuật điện
67155,DVB,ky-thuat-dien,A01,Điểm thi THPT,2024,15.0,Kỹ thuật điện
67156,DVB,ky-thuat-dien,D01,Điểm thi THPT,2024,15.0,Kỹ thuật điện
67157,DVB,luat,A01,Điểm học bạ,2023,15.0,Luật
67158,DVB,luat,C00,Điểm học bạ,2023,15.0,Luật
67159,DVB,luat,D01,Điểm học bạ,2023,15.0,Luật
67160,DVB,luat,D15,Điểm học bạ,2023,15.0,Luật
67161,DVB,luat,A01,Điểm thi THPT,2023,15.0,Luật
67162,DVB,luat,C00,Điểm thi THPT,2023,15.0,Luật
67163,DVB,luat,D01,Điểm thi THPT,2023,15.0,Luật
67164,DVB,luat,D15,Điểm thi THPT,2023,15.0,Luật
67165,DVB,luat,C00,Điểm học bạ,2024,15.0,Luật
67166,DVB,luat,C20,Điểm học bạ,2024,15.0,Luật
67167,DVB,luat,D01,Điểm học bạ,2024,15.0,Luật
67168,DVB,luat,D14,Điểm học bạ,2024,15.0,Luật
67169,DVB,luat,A01,Điểm thi THPT,2024,15.0,Luật
67170,DVB,luat,C00,Điểm thi THPT,2024,15.0,Luật
67171,DVB,luat,D01,Điểm thi THPT,2024,15.0,Luật
67172,DVB,luat,D15,Điểm thi THPT,2024,15.0,Luật
67173,DVB,luat,C00,Điểm học bạ,2025,15.0,Luật
67174,DVB,luat,D01,Điểm học bạ,2025,15.0,Luật
67175,DVB,luat,D15,Điểm học bạ,2025,15.0,Luật
67176,DVB,luat,X01,Điểm học bạ,2025,15.0,Luật
67177,DVB,luat,C00,Điểm thi THPT,2025,15.0,Luật
67178,DVB,luat,D01,Điểm thi THPT,2025,15.0,Luật
67179,DVB,luat,D15,Điểm thi THPT,2025,15.0,Luật
67180,DVB,luat,X01,Điểm thi THPT,2025,15.0,Luật
67181,DVB,luat-dan-su,C00,Điểm học bạ,2025,15.0,Luật dân sự
67182,DVB,luat-dan-su,D01,Điểm học bạ,2025,15.0,Luật dân sự
67183,DVB,luat-dan-su,D15,Điểm học bạ,2025,15.0,Luật dân sự
67184,DVB,luat-dan-su,X01,Điểm học bạ,2025,15.0,Luật dân sự
67185,DVB,luat-dan-su,C00,Điểm thi THPT,2025,15.0,Luật dân sự
67186,DVB,luat-dan-su,D01,Điểm thi THPT,2025,15.0,Luật dân sự
67187,DVB,luat-dan-su,D15,Điểm thi THPT,2025,15.0,Luật dân sự
67188,DVB,luat-dan-su,X01,Điểm thi THPT,2025,15.0,Luật dân sự
67189,DVB,luat-hinh-su,C00,Điểm học bạ,2025,15.0,Luật hình sự
67190,DVB,luat-hinh-su,D01,Điểm học bạ,2025,15.0,Luật hình sự
67191,DVB,luat-hinh-su,D15,Điểm học bạ,2025,15.0,Luật hình sự
67192,DVB,luat-hinh-su,X01,Điểm học bạ,2025,15.0,Luật hình sự
67193,DVB,luat-hinh-su,C00,Điểm thi THPT,2025,15.0,Luật hình sự
67194,DVB,luat-hinh-su,D01,Điểm thi THPT,2025,15.0,Luật hình sự
67195,DVB,luat-hinh-su,D15,Điểm thi THPT,2025,15.0,Luật hình sự
67196,DVB,luat-hinh-su,X01,Điểm thi THPT,2025,15.0,Luật hình sự
67197,DVB,luat-hoc,A01,Điểm thi THPT,2021,15.0,Luật học
67198,DVB,luat-hoc,D01,Điểm thi THPT,2021,15.0,Luật học
67199,DVB,luat-hoc,D10,Điểm thi THPT,2021,15.0,Luật học
67200,DVB,luat-hoc,D14,Điểm thi THPT,2021,15.0,Luật học
67201,DVB,mang-may-tinh-va-truyen-thong-du-lieu,A00,Điểm thi THPT,2021,15.0,Mạng máy tính và truyền thông dữ liệu
67202,DVB,mang-may-tinh-va-truyen-thong-du-lieu,A01,Điểm thi THPT,2021,15.0,Mạng máy tính và truyền thông dữ liệu
67203,DVB,mang-may-tinh-va-truyen-thong-du-lieu,D01,Điểm thi THPT,2021,15.0,Mạng máy tính và truyền thông dữ liệu
67204,DVB,mang-may-tinh-va-truyen-thong-du-lieu,A00,Điểm học bạ,2025,15.0,Mạng máy tính và truyền thông dữ liệu
67205,DVB,mang-may-tinh-va-truyen-thong-du-lieu,A01,Điểm học bạ,2025,15.0,Mạng máy tính và truyền thông dữ liệu
67206,DVB,mang-may-tinh-va-truyen-thong-du-lieu,D01,Điểm học bạ,2025,15.0,Mạng máy tính và truyền thông dữ liệu
67207,DVB,mang-may-tinh-va-truyen-thong-du-lieu,X06,Điểm học bạ,2025,15.0,Mạng máy tính và truyền thông dữ liệu
67208,DVB,mang-may-tinh-va-truyen-thong-du-lieu,A00,Điểm thi THPT,2025,15.0,Mạng máy tính và truyền thông dữ liệu
67209,DVB,mang-may-tinh-va-truyen-thong-du-lieu,A01,Điểm thi THPT,2025,15.0,Mạng máy tính và truyền thông dữ liệu
67210,DVB,mang-may-tinh-va-truyen-thong-du-lieu,D01,Điểm thi THPT,2025,15.0,Mạng máy tính và truyền thông dữ liệu
67211,DVB,mang-may-tinh-va-truyen-thong-du-lieu,X06,Điểm thi THPT,2025,15.0,Mạng máy tính và truyền thông dữ liệu
67212,DVB,marketing,A01,Điểm học bạ,2025,15.0,Marketing
67213,DVB,marketing,D01,Điểm học bạ,2025,15.0,Marketing
67214,DVB,marketing,D10,Điểm học bạ,2025,15.0,Marketing
67215,DVB,marketing,X01,Điểm học bạ,2025,15.0,Marketing
67216,DVB,marketing,A01,Điểm thi THPT,2025,15.0,Marketing
67217,DVB,marketing,D01,Điểm thi THPT,2025,15.0,Marketing
67218,DVB,marketing,D10,Điểm thi THPT,2025,15.0,Marketing
67219,DVB,marketing,X01,Điểm thi THPT,2025,15.0,Marketing
67220,DVB,marketing-thuong-mai,A01,Điểm học bạ,2025,15.0,Marketing thương mại
67221,DVB,marketing-thuong-mai,D01,Điểm học bạ,2025,15.0,Marketing thương mại
67222,DVB,marketing-thuong-mai,D10,Điểm học bạ,2025,15.0,Marketing thương mại
67223,DVB,marketing-thuong-mai,X01,Điểm học bạ,2025,15.0,Marketing thương mại
67224,DVB,marketing-thuong-mai,A01,Điểm thi THPT,2025,15.0,Marketing thương mại
67225,DVB,marketing-thuong-mai,D01,Điểm thi THPT,2025,15.0,Marketing thương mại
67226,DVB,marketing-thuong-mai,D10,Điểm thi THPT,2025,15.0,Marketing thương mại
67227,DVB,marketing-thuong-mai,X01,Điểm thi THPT,2025,15.0,Marketing thương mại
67228,DVB,ngon-ngu-anh,A01,Điểm thi THPT,2021,15.0,Ngôn ngữ Anh
67229,DVB,ngon-ngu-anh,D01,Điểm thi THPT,2021,15.0,Ngôn ngữ Anh
67230,DVB,ngon-ngu-anh,D10,Điểm thi THPT,2021,15.0,Ngôn ngữ Anh
67231,DVB,ngon-ngu-anh,D14,Điểm thi THPT,2021,15.0,Ngôn ngữ Anh
67232,DVB,ngon-ngu-anh,A01,Điểm học bạ,2023,15.0,Ngôn ngữ Anh
67233,DVB,ngon-ngu-anh,D01,Điểm học bạ,2023,15.0,Ngôn ngữ Anh
67234,DVB,ngon-ngu-anh,D10,Điểm học bạ,2023,15.0,Ngôn ngữ Anh
67235,DVB,ngon-ngu-anh,D14,Điểm học bạ,2023,15.0,Ngôn ngữ Anh
67236,DVB,ngon-ngu-anh,A01,Điểm thi THPT,2023,15.0,Ngôn ngữ Anh
67237,DVB,ngon-ngu-anh,D01,Điểm thi THPT,2023,15.0,Ngôn ngữ Anh
67238,DVB,ngon-ngu-anh,D10,Điểm thi THPT,2023,15.0,Ngôn ngữ Anh
67239,DVB,ngon-ngu-anh,D14,Điểm thi THPT,2023,15.0,Ngôn ngữ Anh
67240,DVB,ngon-ngu-anh,D01,Điểm học bạ,2024,15.0,Ngôn ngữ Anh
67241,DVB,ngon-ngu-anh,D14,Điểm học bạ,2024,15.0,Ngôn ngữ Anh
67242,DVB,ngon-ngu-anh,D15,Điểm học bạ,2024,15.0,Ngôn ngữ Anh
67243,DVB,ngon-ngu-anh,D66,Điểm học bạ,2024,15.0,Ngôn ngữ Anh
67244,DVB,ngon-ngu-anh,A01,Điểm thi THPT,2024,15.0,Ngôn ngữ Anh
67245,DVB,ngon-ngu-anh,D01,Điểm thi THPT,2024,15.0,Ngôn ngữ Anh
67246,DVB,ngon-ngu-anh,D10,Điểm thi THPT,2024,15.0,Ngôn ngữ Anh
67247,DVB,ngon-ngu-anh,D14,Điểm thi THPT,2024,15.0,Ngôn ngữ Anh
67248,DVB,ngon-ngu-anh,A01,Điểm học bạ,2025,15.0,Ngôn ngữ Anh
67249,DVB,ngon-ngu-anh,D01,Điểm học bạ,2025,15.0,Ngôn ngữ Anh
67250,DVB,ngon-ngu-anh,D10,Điểm học bạ,2025,15.0,Ngôn ngữ Anh
67251,DVB,ngon-ngu-anh,D15,Điểm học bạ,2025,15.0,Ngôn ngữ Anh
67252,DVB,ngon-ngu-anh,A01,Điểm thi THPT,2025,15.0,Ngôn ngữ Anh
67253,DVB,ngon-ngu-anh,D01,Điểm thi THPT,2025,15.0,Ngôn ngữ Anh
67254,DVB,ngon-ngu-anh,D10,Điểm thi THPT,2025,15.0,Ngôn ngữ Anh
67255,DVB,ngon-ngu-anh,D14,Điểm thi THPT,2025,15.0,Ngôn ngữ Anh
67256,DVB,ngon-ngu-han-quoc,A01,Điểm thi THPT,2021,15.0,Ngôn ngữ Hàn Quốc
67257,DVB,ngon-ngu-han-quoc,C00,Điểm thi THPT,2021,15.0,Ngôn ngữ Hàn Quốc
67258,DVB,ngon-ngu-han-quoc,D01,Điểm thi THPT,2021,15.0,Ngôn ngữ Hàn Quốc
67259,DVB,ngon-ngu-han-quoc,D14,Điểm thi THPT,2021,15.0,Ngôn ngữ Hàn Quốc
67260,DVB,ngon-ngu-han-quoc,A01,Điểm học bạ,2023,15.0,Ngôn ngữ Hàn Quốc
67261,DVB,ngon-ngu-han-quoc,C00,Điểm học bạ,2023,15.0,Ngôn ngữ Hàn Quốc
67262,DVB,ngon-ngu-han-quoc,D01,Điểm học bạ,2023,15.0,Ngôn ngữ Hàn Quốc
67263,DVB,ngon-ngu-han-quoc,D15,Điểm học bạ,2023,15.0,Ngôn ngữ Hàn Quốc
67264,DVB,ngon-ngu-han-quoc,A01,Điểm thi THPT,2023,15.0,Ngôn ngữ Hàn Quốc
67265,DVB,ngon-ngu-han-quoc,C00,Điểm thi THPT,2023,15.0,Ngôn ngữ Hàn Quốc
67266,DVB,ngon-ngu-han-quoc,D01,Điểm thi THPT,2023,15.0,Ngôn ngữ Hàn Quốc
67267,DVB,ngon-ngu-han-quoc,D15,Điểm thi THPT,2023,15.0,Ngôn ngữ Hàn Quốc
67268,DVB,ngon-ngu-han-quoc,C00,Điểm học bạ,2024,15.0,Ngôn ngữ Hàn Quốc
67269,DVB,ngon-ngu-han-quoc,D01,Điểm học bạ,2024,15.0,Ngôn ngữ Hàn Quốc
67270,DVB,ngon-ngu-han-quoc,D14,Điểm học bạ,2024,15.0,Ngôn ngữ Hàn Quốc
67271,DVB,ngon-ngu-han-quoc,D66,Điểm học bạ,2024,15.0,Ngôn ngữ Hàn Quốc
67272,DVB,ngon-ngu-han-quoc,A01,Điểm thi THPT,2024,15.0,Ngôn ngữ Hàn Quốc
67273,DVB,ngon-ngu-han-quoc,C00,Điểm thi THPT,2024,15.0,Ngôn ngữ Hàn Quốc
67274,DVB,ngon-ngu-han-quoc,D01,Điểm thi THPT,2024,15.0,Ngôn ngữ Hàn Quốc
67275,DVB,ngon-ngu-han-quoc,D15,Điểm thi THPT,2024,15.0,Ngôn ngữ Hàn Quốc
67276,DVB,ngon-ngu-han-quoc,C00,Điểm học bạ,2025,15.0,Ngôn ngữ Hàn Quốc
67277,DVB,ngon-ngu-han-quoc,D01,Điểm học bạ,2025,15.0,Ngôn ngữ Hàn Quốc
67278,DVB,ngon-ngu-han-quoc,D15,Điểm học bạ,2025,15.0,Ngôn ngữ Hàn Quốc
67279,DVB,ngon-ngu-han-quoc,C00,Điểm thi THPT,2025,15.0,Ngôn ngữ Hàn Quốc
67280,DVB,ngon-ngu-han-quoc,D01,Điểm thi THPT,2025,15.0,Ngôn ngữ Hàn Quốc
67281,DVB,ngon-ngu-han-quoc,D15,Điểm thi THPT,2025,15.0,Ngôn ngữ Hàn Quốc
67282,DVB,quan-ly-kinh-te,A01,Điểm học bạ,2025,15.0,Quản lý kinh tế
67283,DVB,quan-ly-kinh-te,C00,Điểm học bạ,2025,15.0,Quản lý kinh tế
67284,DVB,quan-ly-kinh-te,D01,Điểm học bạ,2025,15.0,Quản lý kinh tế
67285,DVB,quan-ly-kinh-te,X78,Điểm học bạ,2025,15.0,Quản lý kinh tế
67286,DVB,quan-ly-kinh-te,A01,Điểm thi THPT,2025,15.0,Quản lý kinh tế
67287,DVB,quan-ly-kinh-te,C00,Điểm thi THPT,2025,15.0,Quản lý kinh tế
67288,DVB,quan-ly-kinh-te,D01,Điểm thi THPT,2025,15.0,Quản lý kinh tế
67289,DVB,quan-ly-kinh-te,X78,Điểm thi THPT,2025,15.0,Quản lý kinh tế
67290,DVB,quan-tri-doanh-nghiep-cong-nghiep,A01,Điểm học bạ,2025,15.0,Quản trị doanh nghiệp công nghiệp
67291,DVB,quan-tri-doanh-nghiep-cong-nghiep,C00,Điểm học bạ,2025,15.0,Quản trị doanh nghiệp công nghiệp
67292,DVB,quan-tri-doanh-nghiep-cong-nghiep,D01,Điểm học bạ,2025,15.0,Quản trị doanh nghiệp công nghiệp
67293,DVB,quan-tri-doanh-nghiep-cong-nghiep,X78,Điểm học bạ,2025,15.0,Quản trị doanh nghiệp công nghiệp
67294,DVB,quan-tri-doanh-nghiep-cong-nghiep,A01,Điểm thi THPT,2025,15.0,Quản trị doanh nghiệp công nghiệp
67295,DVB,quan-tri-doanh-nghiep-cong-nghiep,C00,Điểm thi THPT,2025,15.0,Quản trị doanh nghiệp công nghiệp
67296,DVB,quan-tri-doanh-nghiep-cong-nghiep,D01,Điểm thi THPT,2025,15.0,Quản trị doanh nghiệp công nghiệp
67297,DVB,quan-tri-doanh-nghiep-cong-nghiep,X78,Điểm thi THPT,2025,15.0,Quản trị doanh nghiệp công nghiệp
67298,DVB,quan-tri-kinh-doanh,A00,Điểm thi THPT,2021,15.0,Quản trị kinh doanh
67299,DVB,quan-tri-kinh-doanh,A01,Điểm thi THPT,2021,15.0,Quản trị kinh doanh
67300,DVB,quan-tri-kinh-doanh,D01,Điểm thi THPT,2021,15.0,Quản trị kinh doanh
67301,DVB,quan-tri-kinh-doanh,A00,Điểm học bạ,2023,15.0,Quản trị kinh doanh
67302,DVB,quan-tri-kinh-doanh,A01,Điểm học bạ,2023,15.0,Quản trị kinh doanh
67303,DVB,quan-tri-kinh-doanh,D01,Điểm học bạ,2023,15.0,Quản trị kinh doanh
67304,DVB,quan-tri-kinh-doanh,A00,Điểm thi THPT,2023,15.0,Quản trị kinh doanh
67305,DVB,quan-tri-kinh-doanh,A01,Điểm thi THPT,2023,15.0,Quản trị kinh doanh
67306,DVB,quan-tri-kinh-doanh,D01,Điểm thi THPT,2023,15.0,Quản trị kinh doanh
67307,DVB,quan-tri-kinh-doanh,A00,Điểm học bạ,2024,15.0,Quản trị kinh doanh
67308,DVB,quan-tri-kinh-doanh,A01,Điểm học bạ,2024,15.0,Quản trị kinh doanh
67309,DVB,quan-tri-kinh-doanh,D01,Điểm học bạ,2024,15.0,Quản trị kinh doanh
67310,DVB,quan-tri-kinh-doanh,D07,Điểm học bạ,2024,15.0,Quản trị kinh doanh
67311,DVB,quan-tri-kinh-doanh,A00,Điểm thi THPT,2024,15.0,Quản trị kinh doanh
67312,DVB,quan-tri-kinh-doanh,A01,Điểm thi THPT,2024,15.0,Quản trị kinh doanh
67313,DVB,quan-tri-kinh-doanh,D01,Điểm thi THPT,2024,15.0,Quản trị kinh doanh
67314,DVB,quan-tri-kinh-doanh-tong-hop,A01,Điểm học bạ,2025,15.0,Quản trị kinh doanh tổng hợp
67315,DVB,quan-tri-kinh-doanh-tong-hop,C00,Điểm học bạ,2025,15.0,Quản trị kinh doanh tổng hợp
67316,DVB,quan-tri-kinh-doanh-tong-hop,D01,Điểm học bạ,2025,15.0,Quản trị kinh doanh tổng hợp
67317,DVB,quan-tri-kinh-doanh-tong-hop,X78,Điểm học bạ,2025,15.0,Quản trị kinh doanh tổng hợp
67318,DVB,quan-tri-kinh-doanh-tong-hop,A01,Điểm thi THPT,2025,15.0,Quản trị kinh doanh tổng hợp
67319,DVB,quan-tri-kinh-doanh-tong-hop,C00,Điểm thi THPT,2025,15.0,Quản trị kinh doanh tổng hợp
67320,DVB,quan-tri-kinh-doanh-tong-hop,D01,Điểm thi THPT,2025,15.0,Quản trị kinh doanh tổng hợp
67321,DVB,quan-tri-kinh-doanh-tong-hop,X78,Điểm thi THPT,2025,15.0,Quản trị kinh doanh tổng hợp
67322,DVD,chuyen-nganh-cong-nghe-thong-tin-ung-dung,C00,Điểm thi THPT,2023,15.0,Chuyên ngành: Công nghệ thông tin ứng dụng
67323,DVD,chuyen-nganh-cong-nghe-thong-tin-ung-dung,C20,Điểm thi THPT,2023,15.0,Chuyên ngành: Công nghệ thông tin ứng dụng
67324,DVD,chuyen-nganh-cong-nghe-thong-tin-ung-dung,D66,Điểm thi THPT,2023,15.0,Chuyên ngành: Công nghệ thông tin ứng dụng
67325,DVD,chuyen-nganh-cong-nghe-thong-tin-ung-dung,D78,Điểm thi THPT,2023,15.0,Chuyên ngành: Công nghệ thông tin ứng dụng
67326,DVD,chuyen-nganh-thu-vien-thiet-bi-truong-hoc,C00,Điểm thi THPT,2023,15.0,Chuyên ngành: Thư viện - Thiết bị trường học
67327,DVD,chuyen-nganh-thu-vien-thiet-bi-truong-hoc,C20,Điểm thi THPT,2023,15.0,Chuyên ngành: Thư viện - Thiết bị trường học
67328,DVD,chuyen-nganh-thu-vien-thiet-bi-truong-hoc,D66,Điểm thi THPT,2023,15.0,Chuyên ngành: Thư viện - Thiết bị trường học
67329,DVD,chuyen-nganh-thu-vien-thiet-bi-truong-hoc,D78,Điểm thi THPT,2023,15.0,Chuyên ngành: Thư viện - Thiết bị trường học
67330,DVD,chuyen-nganh-thu-vien-thiet-bi-truong-hoc,C00,Điểm học bạ,2024,16.5,Chuyên ngành: Thư viện - Thiết bị trường học
67331,DVD,chuyen-nganh-thu-vien-thiet-bi-truong-hoc,C20,Điểm học bạ,2024,16.5,Chuyên ngành: Thư viện - Thiết bị trường học
67332,DVD,chuyen-nganh-thu-vien-thiet-bi-truong-hoc,D66,Điểm học bạ,2024,16.5,Chuyên ngành: Thư viện - Thiết bị trường học
67333,DVD,chuyen-nganh-thu-vien-thiet-bi-truong-hoc,D78,Điểm học bạ,2024,16.5,Chuyên ngành: Thư viện - Thiết bị trường học
67334,DVD,chuyen-nganh-thu-vien-thiet-bi-truong-hoc,C00,Điểm thi THPT,2024,15.0,Chuyên ngành: Thư viện - Thiết bị trường học
67335,DVD,chuyen-nganh-thu-vien-thiet-bi-truong-hoc,C20,Điểm thi THPT,2024,15.0,Chuyên ngành: Thư viện - Thiết bị trường học
67336,DVD,chuyen-nganh-thu-vien-thiet-bi-truong-hoc,D66,Điểm thi THPT,2024,15.0,Chuyên ngành: Thư viện - Thiết bị trường học
67337,DVD,chuyen-nganh-thu-vien-thiet-bi-truong-hoc,D78,Điểm thi THPT,2024,15.0,Chuyên ngành: Thư viện - Thiết bị trường học
67338,DVD,chuyen-nganh-thu-vien-thiet-bi-truong-hoc,C00,Điểm học bạ,2025,16.5,Chuyên ngành: Thư viên - Thiết bị trường học
67339,DVD,chuyen-nganh-thu-vien-thiet-bi-truong-hoc,C20,Điểm học bạ,2025,16.5,Chuyên ngành: Thư viên - Thiết bị trường học
67340,DVD,chuyen-nganh-thu-vien-thiet-bi-truong-hoc,D15,Điểm học bạ,2025,16.5,Chuyên ngành: Thư viên - Thiết bị trường học
67341,DVD,chuyen-nganh-thu-vien-thiet-bi-truong-hoc,D66,Điểm học bạ,2025,16.5,Chuyên ngành: Thư viên - Thiết bị trường học
67342,DVD,chuyen-nganh-thu-vien-thiet-bi-truong-hoc,X74,Điểm học bạ,2025,16.5,Chuyên ngành: Thư viên - Thiết bị trường học
67343,DVD,chuyen-nganh-thu-vien-thiet-bi-truong-hoc,X78,Điểm học bạ,2025,16.5,Chuyên ngành: Thư viên - Thiết bị trường học
67344,DVD,chuyen-nganh-thu-vien-thiet-bi-truong-hoc,C00,Điểm thi THPT,2025,15.0,Chuyên ngành: Thư viên - Thiết bị trường học
67345,DVD,chuyen-nganh-thu-vien-thiet-bi-truong-hoc,C20,Điểm thi THPT,2025,15.0,Chuyên ngành: Thư viên - Thiết bị trường học
67346,DVD,chuyen-nganh-thu-vien-thiet-bi-truong-hoc,D15,Điểm thi THPT,2025,15.0,Chuyên ngành: Thư viên - Thiết bị trường học
67347,DVD,chuyen-nganh-thu-vien-thiet-bi-truong-hoc,D66,Điểm thi THPT,2025,15.0,Chuyên ngành: Thư viên - Thiết bị trường học
67348,DVD,chuyen-nganh-thu-vien-thiet-bi-truong-hoc,X74,Điểm thi THPT,2025,15.0,Chuyên ngành: Thư viên - Thiết bị trường học
67349,DVD,chuyen-nganh-thu-vien-thiet-bi-truong-hoc,X78,Điểm thi THPT,2025,15.0,Chuyên ngành: Thư viên - Thiết bị trường học
67350,DVD,chuyen-nganh-van-thu-luu-tru,C00,Điểm thi THPT,2023,15.0,Chuyên ngành: Văn thư - Lưu trữ
67351,DVD,chuyen-nganh-van-thu-luu-tru,C20,Điểm thi THPT,2023,15.0,Chuyên ngành: Văn thư - Lưu trữ
67352,DVD,chuyen-nganh-van-thu-luu-tru,D66,Điểm thi THPT,2023,15.0,Chuyên ngành: Văn thư - Lưu trữ
67353,DVD,chuyen-nganh-van-thu-luu-tru,D78,Điểm thi THPT,2023,15.0,Chuyên ngành: Văn thư - Lưu trữ
67354,DVD,chuyen-nganh-van-thu-luu-tru,C00,Điểm học bạ,2024,16.5,Chuyên ngành: Văn thư - Lưu trữ
67355,DVD,chuyen-nganh-van-thu-luu-tru,C20,Điểm học bạ,2024,16.5,Chuyên ngành: Văn thư - Lưu trữ
67356,DVD,chuyen-nganh-van-thu-luu-tru,D66,Điểm học bạ,2024,16.5,Chuyên ngành: Văn thư - Lưu trữ
67357,DVD,chuyen-nganh-van-thu-luu-tru,D78,Điểm học bạ,2024,16.5,Chuyên ngành: Văn thư - Lưu trữ
67358,DVD,chuyen-nganh-van-thu-luu-tru,C00,Điểm thi THPT,2024,15.0,Chuyên ngành: Văn thư - Lưu trữ
67359,DVD,chuyen-nganh-van-thu-luu-tru,C20,Điểm thi THPT,2024,15.0,Chuyên ngành: Văn thư - Lưu trữ
67360,DVD,chuyen-nganh-van-thu-luu-tru,D66,Điểm thi THPT,2024,15.0,Chuyên ngành: Văn thư - Lưu trữ
67361,DVD,chuyen-nganh-van-thu-luu-tru,D78,Điểm thi THPT,2024,15.0,Chuyên ngành: Văn thư - Lưu trữ
67362,DVD,chuyen-nganh-van-thu-luu-tru,C00,Điểm học bạ,2025,16.5,Chuyên ngành: Văn thư - Lưu trữ
67363,DVD,chuyen-nganh-van-thu-luu-tru,C20,Điểm học bạ,2025,16.5,Chuyên ngành: Văn thư - Lưu trữ
67364,DVD,chuyen-nganh-van-thu-luu-tru,D15,Điểm học bạ,2025,16.5,Chuyên ngành: Văn thư - Lưu trữ
67365,DVD,chuyen-nganh-van-thu-luu-tru,D66,Điểm học bạ,2025,16.5,Chuyên ngành: Văn thư - Lưu trữ
67366,DVD,chuyen-nganh-van-thu-luu-tru,X74,Điểm học bạ,2025,16.5,Chuyên ngành: Văn thư - Lưu trữ
67367,DVD,chuyen-nganh-van-thu-luu-tru,X78,Điểm học bạ,2025,16.5,Chuyên ngành: Văn thư - Lưu trữ
67368,DVD,chuyen-nganh-van-thu-luu-tru,C00,Điểm thi THPT,2025,15.0,Chuyên ngành: Văn thư - Lưu trữ
67369,DVD,chuyen-nganh-van-thu-luu-tru,C20,Điểm thi THPT,2025,15.0,Chuyên ngành: Văn thư - Lưu trữ
67370,DVD,chuyen-nganh-van-thu-luu-tru,D15,Điểm thi THPT,2025,15.0,Chuyên ngành: Văn thư - Lưu trữ
67371,DVD,chuyen-nganh-van-thu-luu-tru,D66,Điểm thi THPT,2025,15.0,Chuyên ngành: Văn thư - Lưu trữ
67372,DVD,chuyen-nganh-van-thu-luu-tru,X74,Điểm thi THPT,2025,15.0,Chuyên ngành: Văn thư - Lưu trữ
67373,DVD,chuyen-nganh-van-thu-luu-tru,X78,Điểm thi THPT,2025,15.0,Chuyên ngành: Văn thư - Lưu trữ
67374,DVD,cong-nghe-truyen-thong,A16,Điểm thi THPT,2021,15.0,Công nghệ truyền thông
67375,DVD,cong-nghe-truyen-thong,C00,Điểm thi THPT,2021,15.0,Công nghệ truyền thông
67376,DVD,cong-nghe-truyen-thong,C15,Điểm thi THPT,2021,15.0,Công nghệ truyền thông
67377,DVD,cong-nghe-truyen-thong,D01,Điểm thi THPT,2021,15.0,Công nghệ truyền thông
67378,DVD,cong-nghe-truyen-thong,C00,Điểm thi THPT,2022,15.0,Công nghệ truyền thông
67379,DVD,cong-nghe-truyen-thong,C15,Điểm thi THPT,2022,15.0,Công nghệ truyền thông
67380,DVD,cong-nghe-truyen-thong,C20,Điểm thi THPT,2022,15.0,Công nghệ truyền thông
67381,DVD,cong-nghe-truyen-thong,D66,Điểm thi THPT,2022,15.0,Công nghệ truyền thông
67382,DVD,cong-nghe-truyen-thong,C00,Điểm học bạ,2023,16.5,Công nghệ Truyền thông
67383,DVD,cong-nghe-truyen-thong,C15,Điểm học bạ,2023,16.5,Công nghệ Truyền thông
67384,DVD,cong-nghe-truyen-thong,C20,Điểm học bạ,2023,16.5,Công nghệ Truyền thông
67385,DVD,cong-nghe-truyen-thong,D66,Điểm học bạ,2023,16.5,Công nghệ Truyền thông
67386,DVD,cong-nghe-truyen-thong,C00,Điểm thi THPT,2023,15.0,Công nghệ Truyền thông
67387,DVD,cong-nghe-truyen-thong,C15,Điểm thi THPT,2023,15.0,Công nghệ Truyền thông
67388,DVD,cong-nghe-truyen-thong,C20,Điểm thi THPT,2023,15.0,Công nghệ Truyền thông
67389,DVD,cong-nghe-truyen-thong,D66,Điểm thi THPT,2023,15.0,Công nghệ Truyền thông
67390,DVD,cong-nghe-truyen-thong,A16,Điểm học bạ,2024,16.5,Công nghệ truyền thông
67391,DVD,cong-nghe-truyen-thong,C00,Điểm học bạ,2024,16.5,Công nghệ truyền thông
67392,DVD,cong-nghe-truyen-thong,C15,Điểm học bạ,2024,16.5,Công nghệ truyền thông
67393,DVD,cong-nghe-truyen-thong,D66,Điểm học bạ,2024,16.5,Công nghệ truyền thông
67394,DVD,cong-nghe-truyen-thong,A16,Điểm thi THPT,2024,15.0,Công nghệ truyền thông
67395,DVD,cong-nghe-truyen-thong,C00,Điểm thi THPT,2024,15.0,Công nghệ truyền thông
67396,DVD,cong-nghe-truyen-thong,C15,Điểm thi THPT,2024,15.0,Công nghệ truyền thông
67397,DVD,cong-nghe-truyen-thong,D66,Điểm thi THPT,2024,15.0,Công nghệ truyền thông
67398,DVD,cong-nghe-truyen-thong,C00,Điểm học bạ,2025,16.5,Công nghệ truyền thông
67399,DVD,cong-nghe-truyen-thong,C01,Điểm học bạ,2025,16.5,Công nghệ truyền thông
67400,DVD,cong-nghe-truyen-thong,C04,Điểm học bạ,2025,16.5,Công nghệ truyền thông
67401,DVD,cong-nghe-truyen-thong,D66,Điểm học bạ,2025,16.5,Công nghệ truyền thông
67402,DVD,cong-nghe-truyen-thong,X78,Điểm học bạ,2025,16.5,Công nghệ truyền thông
67403,DVD,cong-nghe-truyen-thong,C00,Điểm thi THPT,2025,15.0,Công nghệ truyền thông
67404,DVD,cong-nghe-truyen-thong,C01,Điểm thi THPT,2025,15.0,Công nghệ truyền thông
67405,DVD,cong-nghe-truyen-thong,C04,Điểm thi THPT,2025,15.0,Công nghệ truyền thông
67406,DVD,cong-nghe-truyen-thong,D66,Điểm thi THPT,2025,15.0,Công nghệ truyền thông
67407,DVD,cong-nghe-truyen-thong,X78,Điểm thi THPT,2025,15.0,Công nghệ truyền thông
67408,DVD,cong-tac-xa-hoi,A16,Điểm thi THPT,2021,15.0,Công tác xã hội
67409,DVD,cong-tac-xa-hoi,C00,Điểm thi THPT,2021,15.0,Công tác xã hội
67410,DVD,cong-tac-xa-hoi,C15,Điểm thi THPT,2021,15.0,Công tác xã hội
67411,DVD,cong-tac-xa-hoi,D01,Điểm thi THPT,2021,15.0,Công tác xã hội
67412,DVD,cong-tac-xa-hoi,C00,Điểm thi THPT,2022,15.0,Công tác xã hội
67413,DVD,cong-tac-xa-hoi,C15,Điểm thi THPT,2022,15.0,Công tác xã hội
67414,DVD,cong-tac-xa-hoi,C20,Điểm thi THPT,2022,15.0,Công tác xã hội
67415,DVD,cong-tac-xa-hoi,D66,Điểm thi THPT,2022,15.0,Công tác xã hội
67416,DVD,cong-tac-xa-hoi,C00,Điểm học bạ,2023,16.5,Công tác Xã hội
67417,DVD,cong-tac-xa-hoi,C15,Điểm học bạ,2023,16.5,Công tác Xã hội
67418,DVD,cong-tac-xa-hoi,C20,Điểm học bạ,2023,16.5,Công tác Xã hội
67419,DVD,cong-tac-xa-hoi,D66,Điểm học bạ,2023,16.5,Công tác Xã hội
67420,DVD,cong-tac-xa-hoi,C00,Điểm thi THPT,2023,15.0,Công tác Xã hội
67421,DVD,cong-tac-xa-hoi,C15,Điểm thi THPT,2023,15.0,Công tác Xã hội
67422,DVD,cong-tac-xa-hoi,C20,Điểm thi THPT,2023,15.0,Công tác Xã hội
67423,DVD,cong-tac-xa-hoi,D66,Điểm thi THPT,2023,15.0,Công tác Xã hội
67424,DVD,cong-tac-xa-hoi,C00,Điểm học bạ,2024,16.5,Công tác Xã hội
67425,DVD,cong-tac-xa-hoi,C15,Điểm học bạ,2024,16.5,Công tác Xã hội
67426,DVD,cong-tac-xa-hoi,C20,Điểm học bạ,2024,16.5,Công tác Xã hội
67427,DVD,cong-tac-xa-hoi,D66,Điểm học bạ,2024,16.5,Công tác Xã hội
67428,DVD,cong-tac-xa-hoi,C00,Điểm thi THPT,2024,15.0,Công tác Xã hội
67429,DVD,cong-tac-xa-hoi,C15,Điểm thi THPT,2024,15.0,Công tác Xã hội
67430,DVD,cong-tac-xa-hoi,C20,Điểm thi THPT,2024,15.0,Công tác Xã hội
67431,DVD,cong-tac-xa-hoi,D66,Điểm thi THPT,2024,15.0,Công tác Xã hội
67432,DVD,cong-tac-xa-hoi,C00,Điểm học bạ,2025,16.5,Công tác xã hội
67433,DVD,cong-tac-xa-hoi,C04,Điểm học bạ,2025,16.5,Công tác xã hội
67434,DVD,cong-tac-xa-hoi,C20,Điểm học bạ,2025,16.5,Công tác xã hội
67435,DVD,cong-tac-xa-hoi,D66,Điểm học bạ,2025,16.5,Công tác xã hội
67436,DVD,cong-tac-xa-hoi,X74,Điểm học bạ,2025,16.5,Công tác xã hội
67437,DVD,cong-tac-xa-hoi,X78,Điểm học bạ,2025,16.5,Công tác xã hội
67438,DVD,cong-tac-xa-hoi,C00,Điểm thi THPT,2025,15.0,Công tác xã hội
67439,DVD,cong-tac-xa-hoi,C04,Điểm thi THPT,2025,15.0,Công tác xã hội
67440,DVD,cong-tac-xa-hoi,C20,Điểm thi THPT,2025,15.0,Công tác xã hội
67441,DVD,cong-tac-xa-hoi,D66,Điểm thi THPT,2025,15.0,Công tác xã hội
67442,DVD,cong-tac-xa-hoi,X74,Điểm thi THPT,2025,15.0,Công tác xã hội
67443,DVD,cong-tac-xa-hoi,X78,Điểm thi THPT,2025,15.0,Công tác xã hội
67444,DVD,do-hoa,H00,Điểm thi THPT,2021,15.0,Đồ hoạ
67445,DVD,do-hoa,H00,Điểm thi THPT,2022,15.0,Đồ họa
67446,DVD,do-hoa,H00,Điểm học bạ,2023,16.5,Đồ họa
67447,DVD,do-hoa,H00,Điểm thi THPT,2023,15.0,Đồ họa
67448,DVD,do-hoa,H00,Điểm học bạ,2024,16.5,Đồ họa
67449,DVD,do-hoa,H00,Điểm thi THPT,2024,15.0,Đồ họa
67450,DVD,do-hoa,H00,Điểm học bạ,2025,16.5,Đồ họa
67451,DVD,do-hoa,H00,Điểm thi THPT,2025,15.0,Đồ họa
67452,DVD,du-lich,A16,Điểm thi THPT,2021,15.0,Du lịch
67453,DVD,du-lich,C00,Điểm thi THPT,2021,15.0,Du lịch
67454,DVD,du-lich,C15,Điểm thi THPT,2021,15.0,Du lịch
67455,DVD,du-lich,D01,Điểm thi THPT,2021,15.0,Du lịch
67456,DVD,du-lich,C00,Điểm thi THPT,2022,15.0,Du lịch
67457,DVD,du-lich,C15,Điểm thi THPT,2022,15.0,Du lịch
67458,DVD,du-lich,C20,Điểm thi THPT,2022,15.0,Du lịch
67459,DVD,du-lich,D66,Điểm thi THPT,2022,15.0,Du lịch
67460,DVD,du-lich,C00,Điểm học bạ,2023,16.5,Du lịch
67461,DVD,du-lich,C20,Điểm học bạ,2023,16.5,Du lịch
67462,DVD,du-lich,D66,Điểm học bạ,2023,16.5,Du lịch
67463,DVD,du-lich,D78,Điểm học bạ,2023,16.5,Du lịch
67464,DVD,du-lich,C00,Điểm thi THPT,2023,15.0,Du lịch
67465,DVD,du-lich,C20,Điểm thi THPT,2023,15.0,Du lịch
67466,DVD,du-lich,D66,Điểm thi THPT,2023,15.0,Du lịch
67467,DVD,du-lich,D78,Điểm thi THPT,2023,15.0,Du lịch
67468,DVD,du-lich,C00,Điểm học bạ,2024,16.5,Du lịch
67469,DVD,du-lich,C20,Điểm học bạ,2024,16.5,Du lịch
67470,DVD,du-lich,D66,Điểm học bạ,2024,16.5,Du lịch
67471,DVD,du-lich,D78,Điểm học bạ,2024,16.5,Du lịch
67472,DVD,du-lich,C00,Điểm thi THPT,2024,15.0,Du lịch
67473,DVD,du-lich,C20,Điểm thi THPT,2024,15.0,Du lịch
67474,DVD,du-lich,D66,Điểm thi THPT,2024,15.0,Du lịch
67475,DVD,du-lich,D78,Điểm thi THPT,2024,15.0,Du lịch
67476,DVD,du-lich,C00,Điểm học bạ,2025,16.5,Du lịch
67477,DVD,du-lich,C04,Điểm học bạ,2025,16.5,Du lịch
67478,DVD,du-lich,D01,Điểm học bạ,2025,16.5,Du lịch
67479,DVD,du-lich,D66,Điểm học bạ,2025,16.5,Du lịch
67480,DVD,du-lich,X78,Điểm học bạ,2025,16.5,Du lịch
67481,DVD,du-lich,C00,Điểm thi THPT,2025,15.0,Du lịch
67482,DVD,du-lich,C04,Điểm thi THPT,2025,15.0,Du lịch
67483,DVD,du-lich,D01,Điểm thi THPT,2025,15.0,Du lịch
67484,DVD,du-lich,D66,Điểm thi THPT,2025,15.0,Du lịch
67485,DVD,du-lich,X78,Điểm thi THPT,2025,15.0,Du lịch
67486,DVD,giao-duc-mam-non,M01,Điểm thi THPT,2021,19.0,Giáo dục Mầm non
67487,DVD,giao-duc-mam-non,M02,Điểm thi THPT,2021,19.0,Giáo dục Mầm non
67488,DVD,giao-duc-mam-non,M03,Điểm thi THPT,2021,19.0,Giáo dục Mầm non
67489,DVD,giao-duc-mam-non,M07,Điểm thi THPT,2021,19.0,Giáo dục Mầm non
67490,DVD,giao-duc-mam-non,M01,Điểm thi THPT,2022,19.0,Giáo dục Mầm non
67491,DVD,giao-duc-mam-non,M02,Điểm thi THPT,2022,19.0,Giáo dục Mầm non
67492,DVD,giao-duc-mam-non,M03,Điểm thi THPT,2022,19.0,Giáo dục Mầm non
67493,DVD,giao-duc-mam-non,M07,Điểm thi THPT,2022,19.0,Giáo dục Mầm non
67494,DVD,giao-duc-mam-non,M01,Điểm học bạ,2023,26.09,Giáo dục Mầm non
67495,DVD,giao-duc-mam-non,M02,Điểm học bạ,2023,26.09,Giáo dục Mầm non
67496,DVD,giao-duc-mam-non,M03,Điểm học bạ,2023,26.09,Giáo dục Mầm non
67497,DVD,giao-duc-mam-non,M07,Điểm học bạ,2023,26.09,Giáo dục Mầm non
67498,DVD,giao-duc-mam-non,M01,Điểm thi THPT,2023,26.99,Giáo dục Mầm non
67499,DVD,giao-duc-mam-non,M02,Điểm thi THPT,2023,26.99,Giáo dục Mầm non
67500,DVD,giao-duc-mam-non,M03,Điểm thi THPT,2023,26.99,Giáo dục Mầm non
67501,DVD,giao-duc-mam-non,M07,Điểm thi THPT,2023,26.99,Giáo dục Mầm non
67502,DVD,giao-duc-mam-non,M01,Điểm học bạ,2024,26.9,Giáo dục Mầm non
67503,DVD,giao-duc-mam-non,M02,Điểm học bạ,2024,26.9,Giáo dục Mầm non
67504,DVD,giao-duc-mam-non,M03,Điểm học bạ,2024,26.9,Giáo dục Mầm non
67505,DVD,giao-duc-mam-non,M07,Điểm học bạ,2024,26.9,Giáo dục Mầm non
67506,DVD,giao-duc-mam-non,M01,Điểm thi THPT,2024,27.43,Giáo dục Mầm non
67507,DVD,giao-duc-mam-non,M02,Điểm thi THPT,2024,27.43,Giáo dục Mầm non
67508,DVD,giao-duc-mam-non,M03,Điểm thi THPT,2024,27.43,Giáo dục Mầm non
67509,DVD,giao-duc-mam-non,M07,Điểm thi THPT,2024,27.43,Giáo dục Mầm non
67510,DVD,giao-duc-mam-non,M01,Điểm học bạ,2025,27.58,Giáo dục Mầm non
67511,DVD,giao-duc-mam-non,M07,Điểm học bạ,2025,27.58,Giáo dục Mầm non
67512,DVD,giao-duc-mam-non,M10,Điểm học bạ,2025,27.58,Giáo dục Mầm non
67513,DVD,giao-duc-mam-non,M11,Điểm học bạ,2025,27.58,Giáo dục Mầm non
67514,DVD,giao-duc-mam-non,M01,Điểm thi THPT,2025,26.89,Giáo dục Mầm non
67515,DVD,giao-duc-mam-non,M07,Điểm thi THPT,2025,26.89,Giáo dục Mầm non
67516,DVD,giao-duc-mam-non,M10,Điểm thi THPT,2025,26.89,Giáo dục Mầm non
67517,DVD,giao-duc-mam-non,M11,Điểm thi THPT,2025,26.89,Giáo dục Mầm non
67518,DVD,giao-duc-the-chat,T00,Điểm thi THPT,2022,24.5,Giáo dục thể chất
67519,DVD,giao-duc-the-chat,T03,Điểm thi THPT,2022,24.5,Giáo dục thể chất
67520,DVD,giao-duc-the-chat,T05,Điểm thi THPT,2022,24.5,Giáo dục thể chất
67521,DVD,giao-duc-the-chat,T08,Điểm thi THPT,2022,24.5,Giáo dục thể chất
67522,DVD,giao-duc-the-chat,T00,Điểm học bạ,2024,26.8,Giáo dục Thể chất
67523,DVD,giao-duc-the-chat,T03,Điểm học bạ,2024,26.8,Giáo dục Thể chất
67524,DVD,giao-duc-the-chat,T05,Điểm học bạ,2024,26.8,Giáo dục Thể chất
67525,DVD,giao-duc-the-chat,T08,Điểm học bạ,2024,26.8,Giáo dục Thể chất
67526,DVD,giao-duc-the-chat,T00,Điểm thi THPT,2024,26.5,Giáo dục Thể chất
67527,DVD,giao-duc-the-chat,T03,Điểm thi THPT,2024,26.5,Giáo dục Thể chất
67528,DVD,giao-duc-the-chat,T05,Điểm thi THPT,2024,26.5,Giáo dục Thể chất
67529,DVD,giao-duc-the-chat,T08,Điểm thi THPT,2024,26.5,Giáo dục Thể chất
67530,DVD,giao-duc-the-chat,T00,Điểm học bạ,2025,27.35,Giáo dục Thể chất
67531,DVD,giao-duc-the-chat,T03,Điểm học bạ,2025,27.35,Giáo dục Thể chất
67532,DVD,giao-duc-the-chat,T05,Điểm học bạ,2025,27.35,Giáo dục Thể chất
67533,DVD,giao-duc-the-chat,T06,Điểm học bạ,2025,27.35,Giáo dục Thể chất
67534,DVD,giao-duc-the-chat,T08,Điểm học bạ,2025,27.35,Giáo dục Thể chất
67535,DVD,giao-duc-the-chat,T09,Điểm học bạ,2025,27.35,Giáo dục Thể chất
67536,DVD,giao-duc-the-chat,T00,Điểm thi THPT,2025,26.76,Giáo dục Thể chất
67537,DVD,giao-duc-the-chat,T03,Điểm thi THPT,2025,26.76,Giáo dục Thể chất
67538,DVD,giao-duc-the-chat,T05,Điểm thi THPT,2025,26.76,Giáo dục Thể chất
67539,DVD,giao-duc-the-chat,T06,Điểm thi THPT,2025,26.76,Giáo dục Thể chất
67540,DVD,giao-duc-the-chat,T08,Điểm thi THPT,2025,26.76,Giáo dục Thể chất
67541,DVD,giao-duc-the-chat,T09,Điểm thi THPT,2025,26.76,Giáo dục Thể chất
67542,DVD,giao-duc-tieu-hoc,C20,Điểm học bạ,2023,27.3,Giáo dục Tiểu học
67543,DVD,giao-duc-tieu-hoc,D01,Điểm học bạ,2023,27.3,Giáo dục Tiểu học
67544,DVD,giao-duc-tieu-hoc,M00,Điểm học bạ,2023,27.3,Giáo dục Tiểu học
67545,DVD,giao-duc-tieu-hoc,M03,Điểm học bạ,2023,27.3,Giáo dục Tiểu học
67546,DVD,giao-duc-tieu-hoc,C20,Điểm thi THPT,2023,27.4,Giáo dục Tiểu học
67547,DVD,giao-duc-tieu-hoc,D01,Điểm thi THPT,2023,27.4,Giáo dục Tiểu học
67548,DVD,giao-duc-tieu-hoc,M00,Điểm thi THPT,2023,27.4,Giáo dục Tiểu học
67549,DVD,giao-duc-tieu-hoc,M03,Điểm thi THPT,2023,27.4,Giáo dục Tiểu học
67550,DVD,giao-duc-tieu-hoc,A01,Điểm học bạ,2024,27.4,Giáo dục Tiểu học
67551,DVD,giao-duc-tieu-hoc,C00,Điểm học bạ,2024,27.4,Giáo dục Tiểu học
67552,DVD,giao-duc-tieu-hoc,D01,Điểm học bạ,2024,27.4,Giáo dục Tiểu học
67553,DVD,giao-duc-tieu-hoc,M00,Điểm học bạ,2024,27.4,Giáo dục Tiểu học
67554,DVD,giao-duc-tieu-hoc,A01,Điểm thi THPT,2024,27.0,Giáo dục Tiểu học
67555,DVD,giao-duc-tieu-hoc,C00,Điểm thi THPT,2024,27.0,Giáo dục Tiểu học
67556,DVD,giao-duc-tieu-hoc,D01,Điểm thi THPT,2024,27.0,Giáo dục Tiểu học
67557,DVD,giao-duc-tieu-hoc,M00,Điểm thi THPT,2024,27.0,Giáo dục Tiểu học
67558,DVD,giao-duc-tieu-hoc,A01,Điểm học bạ,2025,27.77,Giáo dục Tiểu học
67559,DVD,giao-duc-tieu-hoc,C04,Điểm học bạ,2025,27.77,Giáo dục Tiểu học
67560,DVD,giao-duc-tieu-hoc,D01,Điểm học bạ,2025,27.77,Giáo dục Tiểu học
67561,DVD,giao-duc-tieu-hoc,M00,Điểm học bạ,2025,27.77,Giáo dục Tiểu học
67562,DVD,giao-duc-tieu-hoc,A01,Điểm thi THPT,2025,27.32,Giáo dục Tiểu học
67563,DVD,giao-duc-tieu-hoc,C04,Điểm thi THPT,2025,27.32,Giáo dục Tiểu học
67564,DVD,giao-duc-tieu-hoc,D01,Điểm thi THPT,2025,27.32,Giáo dục Tiểu học
67565,DVD,giao-duc-tieu-hoc,M00,Điểm thi THPT,2025,27.32,Giáo dục Tiểu học
67566,DVD,huan-luyen-the-thao,T00,Điểm học bạ,2024,16.5,Huấn luyện thể thao
67567,DVD,huan-luyen-the-thao,T03,Điểm học bạ,2024,16.5,Huấn luyện thể thao
67568,DVD,huan-luyen-the-thao,T05,Điểm học bạ,2024,16.5,Huấn luyện thể thao
67569,DVD,huan-luyen-the-thao,T08,Điểm học bạ,2024,16.5,Huấn luyện thể thao
67570,DVD,huan-luyen-the-thao,T00,Điểm thi THPT,2024,15.0,Huấn luyện thể thao
67571,DVD,huan-luyen-the-thao,T03,Điểm thi THPT,2024,15.0,Huấn luyện thể thao
67572,DVD,huan-luyen-the-thao,T05,Điểm thi THPT,2024,15.0,Huấn luyện thể thao
67573,DVD,huan-luyen-the-thao,T08,Điểm thi THPT,2024,15.0,Huấn luyện thể thao
67574,DVD,huan-luyen-the-thao,T00,Điểm học bạ,2025,16.5,Huấn luyện thể thao
67575,DVD,huan-luyen-the-thao,T03,Điểm học bạ,2025,16.5,Huấn luyện thể thao
67576,DVD,huan-luyen-the-thao,T05,Điểm học bạ,2025,16.5,Huấn luyện thể thao
67577,DVD,huan-luyen-the-thao,T06,Điểm học bạ,2025,16.5,Huấn luyện thể thao
67578,DVD,huan-luyen-the-thao,T08,Điểm học bạ,2025,16.5,Huấn luyện thể thao
67579,DVD,huan-luyen-the-thao,T09,Điểm học bạ,2025,16.5,Huấn luyện thể thao
67580,DVD,huan-luyen-the-thao,T00,Điểm thi THPT,2025,15.0,Huấn luyện thể thao
67581,DVD,huan-luyen-the-thao,T03,Điểm thi THPT,2025,15.0,Huấn luyện thể thao
67582,DVD,huan-luyen-the-thao,T05,Điểm thi THPT,2025,15.0,Huấn luyện thể thao
67583,DVD,huan-luyen-the-thao,T06,Điểm thi THPT,2025,15.0,Huấn luyện thể thao
67584,DVD,huan-luyen-the-thao,T08,Điểm thi THPT,2025,15.0,Huấn luyện thể thao
67585,DVD,huan-luyen-the-thao,T09,Điểm thi THPT,2025,15.0,Huấn luyện thể thao
67586,DVD,luat,A16,Điểm thi THPT,2021,15.0,Luật
67587,DVD,luat,C00,Điểm thi THPT,2021,15.0,Luật
67588,DVD,luat,C15,Điểm thi THPT,2021,15.0,Luật
67589,DVD,luat,D01,Điểm thi THPT,2021,15.0,Luật
67590,DVD,luat,C00,Điểm thi THPT,2022,15.0,Luật
67591,DVD,luat,C15,Điểm thi THPT,2022,15.0,Luật
67592,DVD,luat,C20,Điểm thi THPT,2022,15.0,Luật
67593,DVD,luat,D66,Điểm thi THPT,2022,15.0,Luật
67594,DVD,luat,C00,Điểm học bạ,2023,16.5,Luật
67595,DVD,luat,C20,Điểm học bạ,2023,16.5,Luật
67596,DVD,luat,D66,Điểm học bạ,2023,16.5,Luật
67597,DVD,luat,D78,Điểm học bạ,2023,16.5,Luật
67598,DVD,luat,C00,Điểm thi THPT,2023,15.0,Luật
67599,DVD,luat,C20,Điểm thi THPT,2023,15.0,Luật
67600,DVD,luat,D66,Điểm thi THPT,2023,15.0,Luật
67601,DVD,luat,D78,Điểm thi THPT,2023,15.0,Luật
67602,DVD,luat,C00,Điểm học bạ,2024,16.5,Luật
67603,DVD,luat,C20,Điểm học bạ,2024,16.5,Luật
67604,DVD,luat,D66,Điểm học bạ,2024,16.5,Luật
67605,DVD,luat,D78,Điểm học bạ,2024,16.5,Luật
67606,DVD,luat,C00,Điểm thi THPT,2024,15.0,Luật
67607,DVD,luat,C20,Điểm thi THPT,2024,15.0,Luật
67608,DVD,luat,D66,Điểm thi THPT,2024,15.0,Luật
67609,DVD,luat,D78,Điểm thi THPT,2024,15.0,Luật
67610,DVD,luat,C00,Điểm học bạ,2025,18.0,Luật
67611,DVD,luat,C20,Điểm học bạ,2025,18.0,Luật
67612,DVD,luat,D15,Điểm học bạ,2025,18.0,Luật
67613,DVD,luat,D66,Điểm học bạ,2025,18.0,Luật
67614,DVD,luat,X74,Điểm học bạ,2025,18.0,Luật
67615,DVD,luat,X78,Điểm học bạ,2025,18.0,Luật
67616,DVD,luat,C00,Điểm thi THPT,2025,18.0,Luật
67617,DVD,luat,C20,Điểm thi THPT,2025,18.0,Luật
67618,DVD,luat,D15,Điểm thi THPT,2025,18.0,Luật
67619,DVD,luat,D66,Điểm thi THPT,2025,18.0,Luật
67620,DVD,luat,X74,Điểm thi THPT,2025,18.0,Luật
67621,DVD,luat,X78,Điểm thi THPT,2025,18.0,Luật
67622,DVD,ngon-ngu-anh,D01,Điểm thi THPT,2021,15.0,Ngôn ngữ Anh
67623,DVD,ngon-ngu-anh,D15,Điểm thi THPT,2021,15.0,Ngôn ngữ Anh
67624,DVD,ngon-ngu-anh,D72,Điểm thi THPT,2021,15.0,Ngôn ngữ Anh
67625,DVD,ngon-ngu-anh,D96,Điểm thi THPT,2021,15.0,Ngôn ngữ Anh
67626,DVD,ngon-ngu-anh,D15,Điểm thi THPT,2022,15.0,Ngôn ngữ Anh
67627,DVD,ngon-ngu-anh,D66,Điểm thi THPT,2022,15.0,Ngôn ngữ Anh
67628,DVD,ngon-ngu-anh,D72,Điểm thi THPT,2022,15.0,Ngôn ngữ Anh
67629,DVD,ngon-ngu-anh,D96,Điểm thi THPT,2022,15.0,Ngôn ngữ Anh
67630,DVD,ngon-ngu-anh,D15,Điểm học bạ,2023,16.5,Ngôn ngữ Anh
67631,DVD,ngon-ngu-anh,D66,Điểm học bạ,2023,16.5,Ngôn ngữ Anh
67632,DVD,ngon-ngu-anh,D72,Điểm học bạ,2023,16.5,Ngôn ngữ Anh
67633,DVD,ngon-ngu-anh,D96,Điểm học bạ,2023,16.5,Ngôn ngữ Anh
67634,DVD,ngon-ngu-anh,D15,Điểm thi THPT,2023,15.0,Ngôn ngữ Anh
67635,DVD,ngon-ngu-anh,D66,Điểm thi THPT,2023,15.0,Ngôn ngữ Anh
67636,DVD,ngon-ngu-anh,D72,Điểm thi THPT,2023,15.0,Ngôn ngữ Anh
67637,DVD,ngon-ngu-anh,D96,Điểm thi THPT,2023,15.0,Ngôn ngữ Anh
67638,DVD,ngon-ngu-anh,D01,Điểm học bạ,2024,16.5,Ngôn ngữ Anh
67639,DVD,ngon-ngu-anh,D14,Điểm học bạ,2024,16.5,Ngôn ngữ Anh
67640,DVD,ngon-ngu-anh,D15,Điểm học bạ,2024,16.5,Ngôn ngữ Anh
67641,DVD,ngon-ngu-anh,D66,Điểm học bạ,2024,16.5,Ngôn ngữ Anh
67642,DVD,ngon-ngu-anh,D01,Điểm thi THPT,2024,15.0,Ngôn ngữ Anh
67643,DVD,ngon-ngu-anh,D14,Điểm thi THPT,2024,15.0,Ngôn ngữ Anh
67644,DVD,ngon-ngu-anh,D15,Điểm thi THPT,2024,15.0,Ngôn ngữ Anh
67645,DVD,ngon-ngu-anh,D66,Điểm thi THPT,2024,15.0,Ngôn ngữ Anh
67646,DVD,ngon-ngu-anh,D01,Điểm học bạ,2025,16.5,Ngôn ngữ Anh
67647,DVD,ngon-ngu-anh,D14,Điểm học bạ,2025,16.5,Ngôn ngữ Anh
67648,DVD,ngon-ngu-anh,D15,Điểm học bạ,2025,16.5,Ngôn ngữ Anh
67649,DVD,ngon-ngu-anh,D66,Điểm học bạ,2025,16.5,Ngôn ngữ Anh
67650,DVD,ngon-ngu-anh,X78,Điểm học bạ,2025,16.5,Ngôn ngữ Anh
67651,DVD,ngon-ngu-anh,D01,Điểm thi THPT,2025,15.0,Ngôn ngữ Anh
67652,DVD,ngon-ngu-anh,D14,Điểm thi THPT,2025,15.0,Ngôn ngữ Anh
67653,DVD,ngon-ngu-anh,D15,Điểm thi THPT,2025,15.0,Ngôn ngữ Anh
67654,DVD,ngon-ngu-anh,D66,Điểm thi THPT,2025,15.0,Ngôn ngữ Anh
67655,DVD,ngon-ngu-anh,X78,Điểm thi THPT,2025,15.0,Ngôn ngữ Anh
67656,DVD,quan-ly-nha-nuoc,A16,Điểm thi THPT,2021,15.0,Quản lý nhà nước
67657,DVD,quan-ly-nha-nuoc,C00,Điểm thi THPT,2021,15.0,Quản lý nhà nước
67658,DVD,quan-ly-nha-nuoc,C15,Điểm thi THPT,2021,15.0,Quản lý nhà nước
67659,DVD,quan-ly-nha-nuoc,D01,Điểm thi THPT,2021,15.0,Quản lý nhà nước
67660,DVD,quan-ly-nha-nuoc,C00,Điểm thi THPT,2022,15.0,Quản lý nhà nước
67661,DVD,quan-ly-nha-nuoc,C15,Điểm thi THPT,2022,15.0,Quản lý nhà nước
67662,DVD,quan-ly-nha-nuoc,C20,Điểm thi THPT,2022,15.0,Quản lý nhà nước
67663,DVD,quan-ly-nha-nuoc,D66,Điểm thi THPT,2022,15.0,Quản lý nhà nước
67664,DVD,quan-ly-nha-nuoc,C00,Điểm học bạ,2023,16.5,Quản lý Nhà nước
67665,DVD,quan-ly-nha-nuoc,C15,Điểm học bạ,2023,16.5,Quản lý Nhà nước
67666,DVD,quan-ly-nha-nuoc,C20,Điểm học bạ,2023,16.5,Quản lý Nhà nước
67667,DVD,quan-ly-nha-nuoc,D66,Điểm học bạ,2023,16.5,Quản lý Nhà nước
67668,DVD,quan-ly-nha-nuoc,C00,Điểm thi THPT,2023,15.0,Quản lý Nhà nước
67669,DVD,quan-ly-nha-nuoc,C15,Điểm thi THPT,2023,15.0,Quản lý Nhà nước
67670,DVD,quan-ly-nha-nuoc,C20,Điểm thi THPT,2023,15.0,Quản lý Nhà nước
67671,DVD,quan-ly-nha-nuoc,D66,Điểm thi THPT,2023,15.0,Quản lý Nhà nước
67672,DVD,quan-ly-nha-nuoc,C00,Điểm học bạ,2024,16.5,Quản lý Nhà nước
67673,DVD,quan-ly-nha-nuoc,C15,Điểm học bạ,2024,16.5,Quản lý Nhà nước
67674,DVD,quan-ly-nha-nuoc,C20,Điểm học bạ,2024,16.5,Quản lý Nhà nước
67675,DVD,quan-ly-nha-nuoc,D66,Điểm học bạ,2024,16.5,Quản lý Nhà nước
67676,DVD,quan-ly-nha-nuoc,C00,Điểm thi THPT,2024,15.0,Quản lý Nhà nước
67677,DVD,quan-ly-nha-nuoc,C15,Điểm thi THPT,2024,15.0,Quản lý Nhà nước
67678,DVD,quan-ly-nha-nuoc,C20,Điểm thi THPT,2024,15.0,Quản lý Nhà nước
67679,DVD,quan-ly-nha-nuoc,D66,Điểm thi THPT,2024,15.0,Quản lý Nhà nước
67680,DVD,quan-ly-nha-nuoc,C00,Điểm học bạ,2025,16.5,Quản lý nhà nước
67681,DVD,quan-ly-nha-nuoc,C04,Điểm học bạ,2025,16.5,Quản lý nhà nước
67682,DVD,quan-ly-nha-nuoc,C20,Điểm học bạ,2025,16.5,Quản lý nhà nước
67683,DVD,quan-ly-nha-nuoc,D66,Điểm học bạ,2025,16.5,Quản lý nhà nước
67684,DVD,quan-ly-nha-nuoc,X74,Điểm học bạ,2025,16.5,Quản lý nhà nước
67685,DVD,quan-ly-nha-nuoc,X78,Điểm học bạ,2025,16.5,Quản lý nhà nước
67686,DVD,quan-ly-nha-nuoc,C00,Điểm thi THPT,2025,15.0,Quản lý nhà nước
67687,DVD,quan-ly-nha-nuoc,C04,Điểm thi THPT,2025,15.0,Quản lý nhà nước
67688,DVD,quan-ly-nha-nuoc,C20,Điểm thi THPT,2025,15.0,Quản lý nhà nước
67689,DVD,quan-ly-nha-nuoc,D66,Điểm thi THPT,2025,15.0,Quản lý nhà nước
67690,DVD,quan-ly-nha-nuoc,X74,Điểm thi THPT,2025,15.0,Quản lý nhà nước
67691,DVD,quan-ly-nha-nuoc,X78,Điểm thi THPT,2025,15.0,Quản lý nhà nước
67692,DVD,quan-ly-the-duc-the-thao,T00,Điểm thi THPT,2021,15.0,Quản lý Thể dục Thể thao
67693,DVD,quan-ly-the-duc-the-thao,T01,Điểm thi THPT,2021,15.0,Quản lý Thể dục Thể thao
67694,DVD,quan-ly-the-duc-the-thao,T00,Điểm thi THPT,2022,15.0,Quản lý Thể dục thể thao
67695,DVD,quan-ly-the-duc-the-thao,T03,Điểm thi THPT,2022,15.0,Quản lý Thể dục thể thao
67696,DVD,quan-ly-the-duc-the-thao,T05,Điểm thi THPT,2022,15.0,Quản lý Thể dục thể thao
67697,DVD,quan-ly-the-duc-the-thao,T08,Điểm thi THPT,2022,15.0,Quản lý Thể dục thể thao
67698,DVD,quan-ly-the-duc-the-thao,T00,Điểm học bạ,2023,16.5,Quản lý Thể dục Thể thao
67699,DVD,quan-ly-the-duc-the-thao,T03,Điểm học bạ,2023,16.5,Quản lý Thể dục Thể thao
67700,DVD,quan-ly-the-duc-the-thao,T05,Điểm học bạ,2023,16.5,Quản lý Thể dục Thể thao
67701,DVD,quan-ly-the-duc-the-thao,T08,Điểm học bạ,2023,16.5,Quản lý Thể dục Thể thao
67702,DVD,quan-ly-the-duc-the-thao,T00,Điểm thi THPT,2023,15.0,Quản lý Thể dục Thể thao
67703,DVD,quan-ly-the-duc-the-thao,T03,Điểm thi THPT,2023,15.0,Quản lý Thể dục Thể thao
67704,DVD,quan-ly-the-duc-the-thao,T05,Điểm thi THPT,2023,15.0,Quản lý Thể dục Thể thao
67705,DVD,quan-ly-the-duc-the-thao,T08,Điểm thi THPT,2023,15.0,Quản lý Thể dục Thể thao
67706,DVD,quan-ly-the-duc-the-thao,T00,Điểm học bạ,2024,16.5,Quản lý Thể dục thể thao
67707,DVD,quan-ly-the-duc-the-thao,T03,Điểm học bạ,2024,16.5,Quản lý Thể dục thể thao
67708,DVD,quan-ly-the-duc-the-thao,T05,Điểm học bạ,2024,16.5,Quản lý Thể dục thể thao
67709,DVD,quan-ly-the-duc-the-thao,T08,Điểm học bạ,2024,16.5,Quản lý Thể dục thể thao
67710,DVD,quan-ly-the-duc-the-thao,T00,Điểm thi THPT,2024,15.0,Quản lý Thể dục thể thao
67711,DVD,quan-ly-the-duc-the-thao,T03,Điểm thi THPT,2024,15.0,Quản lý Thể dục thể thao
67712,DVD,quan-ly-the-duc-the-thao,T05,Điểm thi THPT,2024,15.0,Quản lý Thể dục thể thao
67713,DVD,quan-ly-the-duc-the-thao,T08,Điểm thi THPT,2024,15.0,Quản lý Thể dục thể thao
67714,DVD,quan-ly-the-duc-the-thao,T00,Điểm học bạ,2025,16.5,Quản lý thể dục thể thao
67715,DVD,quan-ly-the-duc-the-thao,T03,Điểm học bạ,2025,16.5,Quản lý thể dục thể thao
67716,DVD,quan-ly-the-duc-the-thao,T05,Điểm học bạ,2025,16.5,Quản lý thể dục thể thao
67717,DVD,quan-ly-the-duc-the-thao,T06,Điểm học bạ,2025,16.5,Quản lý thể dục thể thao
67718,DVD,quan-ly-the-duc-the-thao,T08,Điểm học bạ,2025,16.5,Quản lý thể dục thể thao
67719,DVD,quan-ly-the-duc-the-thao,T09,Điểm học bạ,2025,16.5,Quản lý thể dục thể thao
67720,DVD,quan-ly-the-duc-the-thao,T00,Điểm thi THPT,2025,15.0,Quản lý thể dục thể thao
67721,DVD,quan-ly-the-duc-the-thao,T03,Điểm thi THPT,2025,15.0,Quản lý thể dục thể thao
67722,DVD,quan-ly-the-duc-the-thao,T05,Điểm thi THPT,2025,15.0,Quản lý thể dục thể thao
67723,DVD,quan-ly-the-duc-the-thao,T06,Điểm thi THPT,2025,15.0,Quản lý thể dục thể thao
67724,DVD,quan-ly-the-duc-the-thao,T08,Điểm thi THPT,2025,15.0,Quản lý thể dục thể thao
67725,DVD,quan-ly-the-duc-the-thao,T09,Điểm thi THPT,2025,15.0,Quản lý thể dục thể thao
67726,DVD,quan-ly-van-hoa,A16,Điểm thi THPT,2021,15.0,Quản lý văn hoá
67727,DVD,quan-ly-van-hoa,C00,Điểm thi THPT,2021,15.0,Quản lý văn hoá
67728,DVD,quan-ly-van-hoa,C15,Điểm thi THPT,2021,15.0,Quản lý văn hoá
67729,DVD,quan-ly-van-hoa,D01,Điểm thi THPT,2021,15.0,Quản lý văn hoá
67730,DVD,quan-ly-van-hoa,C00,Điểm thi THPT,2022,15.0,Quản lý văn hóa
67731,DVD,quan-ly-van-hoa,C15,Điểm thi THPT,2022,15.0,Quản lý văn hóa
67732,DVD,quan-ly-van-hoa,C20,Điểm thi THPT,2022,15.0,Quản lý văn hóa
67733,DVD,quan-ly-van-hoa,D66,Điểm thi THPT,2022,15.0,Quản lý văn hóa
67734,DVD,quan-ly-van-hoa,C00,Điểm học bạ,2023,16.5,Quản lý Văn hóa
67735,DVD,quan-ly-van-hoa,C15,Điểm học bạ,2023,16.5,Quản lý Văn hóa
67736,DVD,quan-ly-van-hoa,C20,Điểm học bạ,2023,16.5,Quản lý Văn hóa
67737,DVD,quan-ly-van-hoa,D66,Điểm học bạ,2023,16.5,Quản lý Văn hóa
67738,DVD,quan-ly-van-hoa,C00,Điểm thi THPT,2023,15.0,Quản lý Văn hóa
67739,DVD,quan-ly-van-hoa,C15,Điểm thi THPT,2023,15.0,Quản lý Văn hóa
67740,DVD,quan-ly-van-hoa,C20,Điểm thi THPT,2023,15.0,Quản lý Văn hóa
67741,DVD,quan-ly-van-hoa,D66,Điểm thi THPT,2023,15.0,Quản lý Văn hóa
67742,DVD,quan-ly-van-hoa,C00,Điểm học bạ,2024,16.5,Quản lý văn hóa
67743,DVD,quan-ly-van-hoa,C15,Điểm học bạ,2024,16.5,Quản lý văn hóa
67744,DVD,quan-ly-van-hoa,C20,Điểm học bạ,2024,16.5,Quản lý văn hóa
67745,DVD,quan-ly-van-hoa,D66,Điểm học bạ,2024,16.5,Quản lý văn hóa
67746,DVD,quan-ly-van-hoa,C00,Điểm thi THPT,2024,15.0,Quản lý văn hóa
67747,DVD,quan-ly-van-hoa,C15,Điểm thi THPT,2024,15.0,Quản lý văn hóa
67748,DVD,quan-ly-van-hoa,C20,Điểm thi THPT,2024,15.0,Quản lý văn hóa
67749,DVD,quan-ly-van-hoa,D66,Điểm thi THPT,2024,15.0,Quản lý văn hóa
67750,DVD,quan-ly-van-hoa,C00,Điểm học bạ,2025,16.5,Quản lý văn hóa
67751,DVD,quan-ly-van-hoa,C04,Điểm học bạ,2025,16.5,Quản lý văn hóa
67752,DVD,quan-ly-van-hoa,C20,Điểm học bạ,2025,16.5,Quản lý văn hóa
67753,DVD,quan-ly-van-hoa,D66,Điểm học bạ,2025,16.5,Quản lý văn hóa
67754,DVD,quan-ly-van-hoa,X74,Điểm học bạ,2025,16.5,Quản lý văn hóa
67755,DVD,quan-ly-van-hoa,X78,Điểm học bạ,2025,16.5,Quản lý văn hóa
67756,DVD,quan-ly-van-hoa,C00,Điểm thi THPT,2025,15.0,Quản lý văn hóa
67757,DVD,quan-ly-van-hoa,C04,Điểm thi THPT,2025,15.0,Quản lý văn hóa
67758,DVD,quan-ly-van-hoa,C20,Điểm thi THPT,2025,15.0,Quản lý văn hóa
67759,DVD,quan-ly-van-hoa,D66,Điểm thi THPT,2025,15.0,Quản lý văn hóa
67760,DVD,quan-ly-van-hoa,X74,Điểm thi THPT,2025,15.0,Quản lý văn hóa
67761,DVD,quan-ly-van-hoa,X78,Điểm thi THPT,2025,15.0,Quản lý văn hóa
67762,DVD,quan-tri-dich-vu-du-lich-va-lu-hanh,A16,Điểm thi THPT,2021,15.0,Quản trị Dịch vụ Du lịch và Lữ hành
67763,DVD,quan-tri-dich-vu-du-lich-va-lu-hanh,C00,Điểm thi THPT,2021,15.0,Quản trị Dịch vụ Du lịch và Lữ hành
67764,DVD,quan-tri-dich-vu-du-lich-va-lu-hanh,C15,Điểm thi THPT,2021,15.0,Quản trị Dịch vụ Du lịch và Lữ hành
67765,DVD,quan-tri-dich-vu-du-lich-va-lu-hanh,D01,Điểm thi THPT,2021,15.0,Quản trị Dịch vụ Du lịch và Lữ hành
67766,DVD,quan-tri-dich-vu-du-lich-va-lu-hanh,C00,Điểm thi THPT,2022,15.0,Quản trị Dịch vụ Du lịch và Lữ hành
67767,DVD,quan-tri-dich-vu-du-lich-va-lu-hanh,C15,Điểm thi THPT,2022,15.0,Quản trị Dịch vụ Du lịch và Lữ hành
67768,DVD,quan-tri-dich-vu-du-lich-va-lu-hanh,C20,Điểm thi THPT,2022,15.0,Quản trị Dịch vụ Du lịch và Lữ hành
67769,DVD,quan-tri-dich-vu-du-lich-va-lu-hanh,D66,Điểm thi THPT,2022,15.0,Quản trị Dịch vụ Du lịch và Lữ hành
67770,DVD,quan-tri-dich-vu-du-lich-va-lu-hanh,C00,Điểm học bạ,2023,16.5,Quản trị Dịch vụ Du lịch và Lữ hành
67771,DVD,quan-tri-dich-vu-du-lich-va-lu-hanh,C20,Điểm học bạ,2023,16.5,Quản trị Dịch vụ Du lịch và Lữ hành
67772,DVD,quan-tri-dich-vu-du-lich-va-lu-hanh,D66,Điểm học bạ,2023,16.5,Quản trị Dịch vụ Du lịch và Lữ hành
67773,DVD,quan-tri-dich-vu-du-lich-va-lu-hanh,D78,Điểm học bạ,2023,16.5,Quản trị Dịch vụ Du lịch và Lữ hành
67774,DVD,quan-tri-dich-vu-du-lich-va-lu-hanh,C00,Điểm thi THPT,2023,15.0,Quản trị Dịch vụ Du lịch và Lữ hành
67775,DVD,quan-tri-dich-vu-du-lich-va-lu-hanh,C20,Điểm thi THPT,2023,15.0,Quản trị Dịch vụ Du lịch và Lữ hành
67776,DVD,quan-tri-dich-vu-du-lich-va-lu-hanh,D66,Điểm thi THPT,2023,15.0,Quản trị Dịch vụ Du lịch và Lữ hành
67777,DVD,quan-tri-dich-vu-du-lich-va-lu-hanh,D78,Điểm thi THPT,2023,15.0,Quản trị Dịch vụ Du lịch và Lữ hành
67778,DVD,quan-tri-dich-vu-du-lich-va-lu-hanh,C00,Điểm học bạ,2024,16.5,Quản trị dịch vụ du lịch và lữ hành
67779,DVD,quan-tri-dich-vu-du-lich-va-lu-hanh,C15,Điểm học bạ,2024,16.5,Quản trị dịch vụ du lịch và lữ hành
67780,DVD,quan-tri-dich-vu-du-lich-va-lu-hanh,C20,Điểm học bạ,2024,16.5,Quản trị dịch vụ du lịch và lữ hành
67781,DVD,quan-tri-dich-vu-du-lich-va-lu-hanh,D78,Điểm học bạ,2024,16.5,Quản trị dịch vụ du lịch và lữ hành
67782,DVD,quan-tri-dich-vu-du-lich-va-lu-hanh,C00,Điểm thi THPT,2024,15.0,Quản trị dịch vụ du lịch và lữ hành
67783,DVD,quan-tri-dich-vu-du-lich-va-lu-hanh,C15,Điểm thi THPT,2024,15.0,Quản trị dịch vụ du lịch và lữ hành
67784,DVD,quan-tri-dich-vu-du-lich-va-lu-hanh,C20,Điểm thi THPT,2024,15.0,Quản trị dịch vụ du lịch và lữ hành
67785,DVD,quan-tri-dich-vu-du-lich-va-lu-hanh,D78,Điểm thi THPT,2024,15.0,Quản trị dịch vụ du lịch và lữ hành
67786,DVD,quan-tri-dich-vu-du-lich-va-lu-hanh,C00,Điểm học bạ,2025,16.5,Quản trị dịch vụ du lịch và lữ hành
67787,DVD,quan-tri-dich-vu-du-lich-va-lu-hanh,C04,Điểm học bạ,2025,16.5,Quản trị dịch vụ du lịch và lữ hành
67788,DVD,quan-tri-dich-vu-du-lich-va-lu-hanh,D01,Điểm học bạ,2025,16.5,Quản trị dịch vụ du lịch và lữ hành
67789,DVD,quan-tri-dich-vu-du-lich-va-lu-hanh,D84,Điểm học bạ,2025,16.5,Quản trị dịch vụ du lịch và lữ hành
67790,DVD,quan-tri-dich-vu-du-lich-va-lu-hanh,X25,Điểm học bạ,2025,16.5,Quản trị dịch vụ du lịch và lữ hành
67791,DVD,quan-tri-dich-vu-du-lich-va-lu-hanh,C00,Điểm thi THPT,2025,15.0,Quản trị dịch vụ du lịch và lữ hành
67792,DVD,quan-tri-dich-vu-du-lich-va-lu-hanh,C04,Điểm thi THPT,2025,15.0,Quản trị dịch vụ du lịch và lữ hành
67793,DVD,quan-tri-dich-vu-du-lich-va-lu-hanh,D01,Điểm thi THPT,2025,15.0,Quản trị dịch vụ du lịch và lữ hành
67794,DVD,quan-tri-dich-vu-du-lich-va-lu-hanh,D84,Điểm thi THPT,2025,15.0,Quản trị dịch vụ du lịch và lữ hành
67795,DVD,quan-tri-dich-vu-du-lich-va-lu-hanh,X25,Điểm thi THPT,2025,15.0,Quản trị dịch vụ du lịch và lữ hành
67796,DVD,quan-tri-khach-san,A16,Điểm thi THPT,2021,15.0,Quản trị Khách sạn
67797,DVD,quan-tri-khach-san,C00,Điểm thi THPT,2021,15.0,Quản trị Khách sạn
67798,DVD,quan-tri-khach-san,C15,Điểm thi THPT,2021,15.0,Quản trị Khách sạn
67799,DVD,quan-tri-khach-san,D01,Điểm thi THPT,2021,15.0,Quản trị Khách sạn
67800,DVD,quan-tri-khach-san,C00,Điểm thi THPT,2022,15.0,Quản trị Khách sạn
67801,DVD,quan-tri-khach-san,C15,Điểm thi THPT,2022,15.0,Quản trị Khách sạn
67802,DVD,quan-tri-khach-san,C20,Điểm thi THPT,2022,15.0,Quản trị Khách sạn
67803,DVD,quan-tri-khach-san,D66,Điểm thi THPT,2022,15.0,Quản trị Khách sạn
67804,DVD,quan-tri-khach-san,C00,Điểm học bạ,2023,16.5,Quản trị Khách sạn
67805,DVD,quan-tri-khach-san,C20,Điểm học bạ,2023,16.5,Quản trị Khách sạn
67806,DVD,quan-tri-khach-san,D66,Điểm học bạ,2023,16.5,Quản trị Khách sạn
67807,DVD,quan-tri-khach-san,D78,Điểm học bạ,2023,16.5,Quản trị Khách sạn
67808,DVD,quan-tri-khach-san,C00,Điểm thi THPT,2023,15.0,Quản trị Khách sạn
67809,DVD,quan-tri-khach-san,C20,Điểm thi THPT,2023,15.0,Quản trị Khách sạn
67810,DVD,quan-tri-khach-san,D66,Điểm thi THPT,2023,15.0,Quản trị Khách sạn
67811,DVD,quan-tri-khach-san,D78,Điểm thi THPT,2023,15.0,Quản trị Khách sạn
67812,DVD,quan-tri-khach-san,C15,Điểm học bạ,2024,16.5,Quản trị khách sạn
67813,DVD,quan-tri-khach-san,C20,Điểm học bạ,2024,16.5,Quản trị khách sạn
67814,DVD,quan-tri-khach-san,D66,Điểm học bạ,2024,16.5,Quản trị khách sạn
67815,DVD,quan-tri-khach-san,D78,Điểm học bạ,2024,16.5,Quản trị khách sạn
67816,DVD,quan-tri-khach-san,C15,Điểm thi THPT,2024,15.0,Quản trị khách sạn
67817,DVD,quan-tri-khach-san,C20,Điểm thi THPT,2024,15.0,Quản trị khách sạn
67818,DVD,quan-tri-khach-san,D66,Điểm thi THPT,2024,15.0,Quản trị khách sạn
67819,DVD,quan-tri-khach-san,D78,Điểm thi THPT,2024,15.0,Quản trị khách sạn
67820,DVD,quan-tri-khach-san,C00,Điểm học bạ,2025,16.5,Quản trị khách sạn
67821,DVD,quan-tri-khach-san,C04,Điểm học bạ,2025,16.5,Quản trị khách sạn
67822,DVD,quan-tri-khach-san,D01,Điểm học bạ,2025,16.5,Quản trị khách sạn
67823,DVD,quan-tri-khach-san,D84,Điểm học bạ,2025,16.5,Quản trị khách sạn
67824,DVD,quan-tri-khach-san,X25,Điểm học bạ,2025,16.5,Quản trị khách sạn
67825,DVD,quan-tri-khach-san,C00,Điểm thi THPT,2025,15.0,Quản trị khách sạn
67826,DVD,quan-tri-khach-san,C04,Điểm thi THPT,2025,15.0,Quản trị khách sạn
67827,DVD,quan-tri-khach-san,D01,Điểm thi THPT,2025,15.0,Quản trị khách sạn
67828,DVD,quan-tri-khach-san,D84,Điểm thi THPT,2025,15.0,Quản trị khách sạn
67829,DVD,quan-tri-khach-san,X25,Điểm thi THPT,2025,15.0,Quản trị khách sạn
67830,DVD,quan-tri-nhan-luc,A00,Điểm học bạ,2025,16.5,Quản trị nhân lực
67831,DVD,quan-tri-nhan-luc,C00,Điểm học bạ,2025,16.5,Quản trị nhân lực
67832,DVD,quan-tri-nhan-luc,C20,Điểm học bạ,2025,16.5,Quản trị nhân lực
67833,DVD,quan-tri-nhan-luc,D01,Điểm học bạ,2025,16.5,Quản trị nhân lực
67834,DVD,quan-tri-nhan-luc,X74,Điểm học bạ,2025,16.5,Quản trị nhân lực
67835,DVD,quan-tri-nhan-luc,A00,Điểm thi THPT,2025,15.0,Quản trị nhân lực
67836,DVD,quan-tri-nhan-luc,C00,Điểm thi THPT,2025,15.0,Quản trị nhân lực
67837,DVD,quan-tri-nhan-luc,C20,Điểm thi THPT,2025,15.0,Quản trị nhân lực
67838,DVD,quan-tri-nhan-luc,D01,Điểm thi THPT,2025,15.0,Quản trị nhân lực
67839,DVD,quan-tri-nhan-luc,X74,Điểm thi THPT,2025,15.0,Quản trị nhân lực
67840,DVD,su-pham-am-nhac,N00,Điểm thi THPT,2021,18.0,Sư phạm Âm nhạc
67841,DVD,su-pham-am-nhac,N00,Điểm thi THPT,2022,18.0,Sư phạm Âm nhạc
67842,DVD,su-pham-am-nhac,N00,Điểm học bạ,2023,24.1,Sư phạm Âm nhạc
67843,DVD,su-pham-am-nhac,N00,Điểm thi THPT,2023,26.1,Sư phạm Âm nhạc
67844,DVD,su-pham-am-nhac,N00,Điểm học bạ,2025,26.08,Sư phạm Âm nhạc
67845,DVD,su-pham-am-nhac,N00,Điểm thi THPT,2025,25.27,Sư phạm Âm nhạc
67846,DVD,su-pham-my-thuat,H00,Điểm thi THPT,2021,18.0,Sư phạm Mỹ thuật
67847,DVD,su-pham-my-thuat,H00,Điểm thi THPT,2022,18.0,Sư phạm Mỹ thuật
67848,DVD,su-pham-my-thuat,H00,Điểm học bạ,2023,22.65,Sư phạm Mỹ thuật
67849,DVD,su-pham-my-thuat,H00,Điểm thi THPT,2023,25.3,Sư phạm Mỹ thuật
67850,DVD,su-pham-my-thuat,H00,Điểm học bạ,2025,27.09,Sư phạm Mỹ thuật
67851,DVD,su-pham-my-thuat,H00,Điểm thi THPT,2025,26.46,Sư phạm Mỹ thuật
67852,DVD,su-pham-tin-hoc,A00,Điểm học bạ,2024,26.49,Sư phạm Tin học
67853,DVD,su-pham-tin-hoc,A16,Điểm học bạ,2024,26.49,Sư phạm Tin học
67854,DVD,su-pham-tin-hoc,C15,Điểm học bạ,2024,26.49,Sư phạm Tin học
67855,DVD,su-pham-tin-hoc,D01,Điểm học bạ,2024,26.49,Sư phạm Tin học
67856,DVD,su-pham-tin-hoc,A00,Điểm thi THPT,2024,24.0,Sư phạm Tin học
67857,DVD,su-pham-tin-hoc,A16,Điểm thi THPT,2024,24.0,Sư phạm Tin học
67858,DVD,su-pham-tin-hoc,C15,Điểm thi THPT,2024,24.0,Sư phạm Tin học
67859,DVD,su-pham-tin-hoc,D01,Điểm thi THPT,2024,24.0,Sư phạm Tin học
67860,DVD,su-pham-tin-hoc,A00,Điểm học bạ,2025,27.09,Sư phạm Tin học
67861,DVD,su-pham-tin-hoc,C01,Điểm học bạ,2025,27.09,Sư phạm Tin học
67862,DVD,su-pham-tin-hoc,C04,Điểm học bạ,2025,27.09,Sư phạm Tin học
67863,DVD,su-pham-tin-hoc,D01,Điểm học bạ,2025,27.09,Sư phạm Tin học
67864,DVD,su-pham-tin-hoc,A00,Điểm thi THPT,2025,26.0,Sư phạm Tin học
67865,DVD,su-pham-tin-hoc,C01,Điểm thi THPT,2025,26.0,Sư phạm Tin học
67866,DVD,su-pham-tin-hoc,C04,Điểm thi THPT,2025,26.0,Sư phạm Tin học
67867,DVD,su-pham-tin-hoc,D01,Điểm thi THPT,2025,26.0,Sư phạm Tin học
67868,DVD,thanh-nhac,N00,Điểm thi THPT,2021,15.0,Thanh nhạc
67869,DVD,thanh-nhac,N00,Điểm thi THPT,2022,15.0,Thanh nhạc
67870,DVD,thanh-nhac,N00,Điểm học bạ,2023,16.5,Thanh nhạc
67871,DVD,thanh-nhac,N00,Điểm thi THPT,2023,15.0,Thanh nhạc
67872,DVD,thanh-nhac,N00,Điểm học bạ,2024,16.5,Thanh nhạc
67873,DVD,thanh-nhac,N00,Điểm thi THPT,2024,15.0,Thanh nhạc
67874,DVD,thanh-nhac,N00,Điểm học bạ,2025,16.5,Thanh nhạc
67875,DVD,thanh-nhac,N00,Điểm thi THPT,2025,15.0,Thanh nhạc
67876,DVD,thiet-ke-thoi-trang,H00,Điểm thi THPT,2021,15.0,Thiết kế Thời trang
67877,DVD,thiet-ke-thoi-trang,H00,Điểm thi THPT,2022,15.0,Thiết kế thời trang
67878,DVD,thiet-ke-thoi-trang,H00,Điểm học bạ,2023,16.5,Thiết kế Thời trang
67879,DVD,thiet-ke-thoi-trang,H00,Điểm thi THPT,2023,15.0,Thiết kế Thời trang
67880,DVD,thiet-ke-thoi-trang,H00,Điểm học bạ,2024,16.5,Thiết kế thời trang
67881,DVD,thiet-ke-thoi-trang,H00,Điểm thi THPT,2024,15.0,Thiết kế thời trang
67882,DVD,thiet-ke-thoi-trang,H00,Điểm học bạ,2025,16.5,Thiết kế thời trang
67883,DVD,thiet-ke-thoi-trang,H00,Điểm thi THPT,2025,15.0,Thiết kế thời trang
67884,DVD,thong-tin-thu-vien,A16,Điểm thi THPT,2021,15.0,Thông tin - Thư viện
67885,DVD,thong-tin-thu-vien,C00,Điểm thi THPT,2021,15.0,Thông tin - Thư viện
67886,DVD,thong-tin-thu-vien,C15,Điểm thi THPT,2021,15.0,Thông tin - Thư viện
67887,DVD,thong-tin-thu-vien,D01,Điểm thi THPT,2021,15.0,Thông tin - Thư viện
67888,DVD,thong-tin-thu-vien,C00,Điểm thi THPT,2022,15.0,Thông tin - Thư viện
67889,DVD,thong-tin-thu-vien,C15,Điểm thi THPT,2022,15.0,Thông tin - Thư viện
67890,DVD,thong-tin-thu-vien,C20,Điểm thi THPT,2022,15.0,Thông tin - Thư viện
67891,DVD,thong-tin-thu-vien,D66,Điểm thi THPT,2022,15.0,Thông tin - Thư viện
67892,DVD,thong-tin-thu-vien,C00,Điểm học bạ,2023,16.5,Thông tin - Thư viện
67893,DVD,thong-tin-thu-vien,C20,Điểm học bạ,2023,16.5,Thông tin - Thư viện
67894,DVD,thong-tin-thu-vien,D66,Điểm học bạ,2023,16.5,Thông tin - Thư viện
67895,DVD,thong-tin-thu-vien,D78,Điểm học bạ,2023,16.5,Thông tin - Thư viện
67896,DVD,thong-tin-thu-vien,C00,Điểm thi THPT,2023,15.0,Thông tin - Thư viện
67897,DVD,thong-tin-thu-vien,C20,Điểm thi THPT,2023,15.0,Thông tin - Thư viện
67898,DVD,thong-tin-thu-vien,D66,Điểm thi THPT,2023,15.0,Thông tin - Thư viện
67899,DVD,thong-tin-thu-vien,D78,Điểm thi THPT,2023,15.0,Thông tin - Thư viện
67900,DVD,thong-tin-thu-vien,C00,Điểm thi THPT,2024,15.0,Thông tin - Thư viện
67901,DVD,thong-tin-thu-vien,C20,Điểm thi THPT,2024,15.0,Thông tin - Thư viện
67902,DVD,thong-tin-thu-vien,D66,Điểm thi THPT,2024,15.0,Thông tin - Thư viện
67903,DVD,thong-tin-thu-vien,D78,Điểm thi THPT,2024,15.0,Thông tin - Thư viện
67904,DVD,thong-tin-thu-vien,C00,Điểm học bạ,2025,16.5,Thông tin - Thư viện
67905,DVD,thong-tin-thu-vien,C20,Điểm học bạ,2025,16.5,Thông tin - Thư viện
67906,DVD,thong-tin-thu-vien,D15,Điểm học bạ,2025,16.5,Thông tin - Thư viện
67907,DVD,thong-tin-thu-vien,D66,Điểm học bạ,2025,16.5,Thông tin - Thư viện
67908,DVD,thong-tin-thu-vien,X74,Điểm học bạ,2025,16.5,Thông tin - Thư viện
67909,DVD,thong-tin-thu-vien,X78,Điểm học bạ,2025,16.5,Thông tin - Thư viện
67910,DVD,thong-tin-thu-vien,C00,Điểm thi THPT,2025,15.0,Thông tin - Thư viện
67911,DVD,thong-tin-thu-vien,C20,Điểm thi THPT,2025,15.0,Thông tin - Thư viện
67912,DVD,thong-tin-thu-vien,D15,Điểm thi THPT,2025,15.0,Thông tin - Thư viện
67913,DVD,thong-tin-thu-vien,D66,Điểm thi THPT,2025,15.0,Thông tin - Thư viện
67914,DVD,thong-tin-thu-vien,X74,Điểm thi THPT,2025,15.0,Thông tin - Thư viện
67915,DVD,thong-tin-thu-vien,X78,Điểm thi THPT,2025,15.0,Thông tin - Thư viện
67916,DVH,cong-nghe-dien-anh-truyen-hinh,A00,Điểm thi THPT,2024,18.65,"Công nghệ điện ảnh, truyền hình"
67917,DVH,cong-nghe-dien-anh-truyen-hinh,D01,Điểm thi THPT,2024,18.65,"Công nghệ điện ảnh, truyền hình"
67918,DVH,cong-nghe-dien-anh-truyen-hinh,H01,Điểm thi THPT,2024,18.65,"Công nghệ điện ảnh, truyền hình"
67919,DVH,cong-nghe-dien-anh-truyen-hinh,V00,Điểm thi THPT,2024,18.65,"Công nghệ điện ảnh, truyền hình"
67920,DVH,cong-nghe-dien-anh-truyen-hinh,A00,Điểm học bạ,2025,18.0,"Công nghệ điện ảnh, truyền hình"
67921,DVH,cong-nghe-dien-anh-truyen-hinh,C16,Điểm học bạ,2025,18.0,"Công nghệ điện ảnh, truyền hình"
67922,DVH,cong-nghe-dien-anh-truyen-hinh,D01,Điểm học bạ,2025,18.0,"Công nghệ điện ảnh, truyền hình"
67923,DVH,cong-nghe-dien-anh-truyen-hinh,H01,Điểm học bạ,2025,17.0,"Công nghệ điện ảnh, truyền hình"
67924,DVH,cong-nghe-dien-anh-truyen-hinh,V00,Điểm học bạ,2025,17.0,"Công nghệ điện ảnh, truyền hình"
67925,DVH,cong-nghe-dien-anh-truyen-hinh,X01,Điểm học bạ,2025,18.0,"Công nghệ điện ảnh, truyền hình"
67926,DVH,cong-nghe-dien-anh-truyen-hinh,X70,Điểm học bạ,2025,18.0,"Công nghệ điện ảnh, truyền hình"
67927,DVH,cong-nghe-dien-anh-truyen-hinh,X74,Điểm học bạ,2025,18.0,"Công nghệ điện ảnh, truyền hình"
67928,DVH,cong-nghe-dien-anh-truyen-hinh,A00,Điểm thi THPT,2025,15.0,"Công nghệ điện ảnh, truyền hình"
67929,DVH,cong-nghe-dien-anh-truyen-hinh,C16,Điểm thi THPT,2025,15.0,"Công nghệ điện ảnh, truyền hình"
67930,DVH,cong-nghe-dien-anh-truyen-hinh,D01,Điểm thi THPT,2025,15.0,"Công nghệ điện ảnh, truyền hình"
67931,DVH,cong-nghe-dien-anh-truyen-hinh,H01,Điểm thi THPT,2025,17.0,"Công nghệ điện ảnh, truyền hình"
67932,DVH,cong-nghe-dien-anh-truyen-hinh,V00,Điểm thi THPT,2025,17.0,"Công nghệ điện ảnh, truyền hình"
67933,DVH,cong-nghe-dien-anh-truyen-hinh,X01,Điểm thi THPT,2025,15.0,"Công nghệ điện ảnh, truyền hình"
67934,DVH,cong-nghe-dien-anh-truyen-hinh,X70,Điểm thi THPT,2025,15.0,"Công nghệ điện ảnh, truyền hình"
67935,DVH,cong-nghe-dien-anh-truyen-hinh,X74,Điểm thi THPT,2025,15.0,"Công nghệ điện ảnh, truyền hình"
67936,DVH,cong-nghe-sinh-hoc,A00,Điểm thi THPT,2021,19.0,Công nghệ sinh học
67937,DVH,cong-nghe-sinh-hoc,A02,Điểm thi THPT,2021,19.0,Công nghệ sinh học
67938,DVH,cong-nghe-sinh-hoc,B00,Điểm thi THPT,2021,19.0,Công nghệ sinh học
67939,DVH,cong-nghe-sinh-hoc,D07,Điểm thi THPT,2021,19.0,Công nghệ sinh học
67940,DVH,cong-nghe-sinh-hoc,A00,Điểm học bạ,2022,18.0,Công nghệ sinh học
67941,DVH,cong-nghe-sinh-hoc,A02,Điểm học bạ,2022,18.0,Công nghệ sinh học
67942,DVH,cong-nghe-sinh-hoc,B00,Điểm học bạ,2022,18.0,Công nghệ sinh học
67943,DVH,cong-nghe-sinh-hoc,D07,Điểm học bạ,2022,18.0,Công nghệ sinh học
67944,DVH,cong-nghe-sinh-hoc,A00,Điểm thi THPT,2022,20.0,Công nghệ sinh học
67945,DVH,cong-nghe-sinh-hoc,A02,Điểm thi THPT,2022,20.0,Công nghệ sinh học
67946,DVH,cong-nghe-sinh-hoc,B00,Điểm thi THPT,2022,20.0,Công nghệ sinh học
67947,DVH,cong-nghe-sinh-hoc,D07,Điểm thi THPT,2022,20.0,Công nghệ sinh học
67948,DVH,cong-nghe-sinh-hoc,A00,Điểm học bạ,2023,18.0,Công nghệ sinh học
67949,DVH,cong-nghe-sinh-hoc,A02,Điểm học bạ,2023,18.0,Công nghệ sinh học
67950,DVH,cong-nghe-sinh-hoc,B00,Điểm học bạ,2023,18.0,Công nghệ sinh học
67951,DVH,cong-nghe-sinh-hoc,D07,Điểm học bạ,2023,18.0,Công nghệ sinh học
67952,DVH,cong-nghe-sinh-hoc,A00,Điểm thi THPT,2023,16.15,Công nghệ sinh học
67953,DVH,cong-nghe-sinh-hoc,A02,Điểm thi THPT,2023,16.15,Công nghệ sinh học
67954,DVH,cong-nghe-sinh-hoc,B00,Điểm thi THPT,2023,16.15,Công nghệ sinh học
67955,DVH,cong-nghe-sinh-hoc,D07,Điểm thi THPT,2023,16.15,Công nghệ sinh học
67956,DVH,cong-nghe-sinh-hoc,A00,Điểm học bạ,2024,18.0,Công nghệ sinh học
67957,DVH,cong-nghe-sinh-hoc,A02,Điểm học bạ,2024,18.0,Công nghệ sinh học
67958,DVH,cong-nghe-sinh-hoc,B00,Điểm học bạ,2024,18.0,Công nghệ sinh học
67959,DVH,cong-nghe-sinh-hoc,D07,Điểm học bạ,2024,18.0,Công nghệ sinh học
67960,DVH,cong-nghe-sinh-hoc,A00,Điểm thi THPT,2024,16.5,Công nghệ sinh học
67961,DVH,cong-nghe-sinh-hoc,A02,Điểm thi THPT,2024,16.5,Công nghệ sinh học
67962,DVH,cong-nghe-sinh-hoc,B00,Điểm thi THPT,2024,16.5,Công nghệ sinh học
67963,DVH,cong-nghe-sinh-hoc,D07,Điểm thi THPT,2024,16.5,Công nghệ sinh học
67964,DVH,cong-nghe-sinh-hoc,A00,Điểm học bạ,2025,18.0,Công nghệ sinh học
67965,DVH,cong-nghe-sinh-hoc,A01,Điểm học bạ,2025,18.0,Công nghệ sinh học
67966,DVH,cong-nghe-sinh-hoc,D01,Điểm học bạ,2025,18.0,Công nghệ sinh học
67967,DVH,cong-nghe-sinh-hoc,X01,Điểm học bạ,2025,18.0,Công nghệ sinh học
67968,DVH,cong-nghe-sinh-hoc,X06,Điểm học bạ,2025,18.0,Công nghệ sinh học
67969,DVH,cong-nghe-sinh-hoc,X25,Điểm học bạ,2025,18.0,Công nghệ sinh học
67970,DVH,cong-nghe-sinh-hoc,X26,Điểm học bạ,2025,18.0,Công nghệ sinh học
67971,DVH,cong-nghe-sinh-hoc,X54,Điểm học bạ,2025,18.0,Công nghệ sinh học
67972,DVH,cong-nghe-sinh-hoc,A00,Điểm thi THPT,2025,15.0,Công nghệ sinh học
67973,DVH,cong-nghe-sinh-hoc,A01,Điểm thi THPT,2025,15.0,Công nghệ sinh học
67974,DVH,cong-nghe-sinh-hoc,D01,Điểm thi THPT,2025,15.0,Công nghệ sinh học
67975,DVH,cong-nghe-sinh-hoc,X01,Điểm thi THPT,2025,15.0,Công nghệ sinh học
67976,DVH,cong-nghe-sinh-hoc,X06,Điểm thi THPT,2025,15.0,Công nghệ sinh học
67977,DVH,cong-nghe-sinh-hoc,X25,Điểm thi THPT,2025,15.0,Công nghệ sinh học
67978,DVH,cong-nghe-sinh-hoc,X26,Điểm thi THPT,2025,15.0,Công nghệ sinh học
67979,DVH,cong-nghe-sinh-hoc,X54,Điểm thi THPT,2025,15.0,Công nghệ sinh học
67980,DVH,cong-nghe-tai-chinh,A00,Điểm thi THPT,2023,15.75,Công nghệ tài chính
67981,DVH,cong-nghe-tai-chinh,A01,Điểm thi THPT,2023,15.75,Công nghệ tài chính
67982,DVH,cong-nghe-tai-chinh,D01,Điểm thi THPT,2023,15.75,Công nghệ tài chính
67983,DVH,cong-nghe-tai-chinh,D07,Điểm thi THPT,2023,15.75,Công nghệ tài chính
67984,DVH,cong-nghe-tai-chinh,A00,Điểm học bạ,2024,18.0,Công nghệ tài chính
67985,DVH,cong-nghe-tai-chinh,A01,Điểm học bạ,2024,18.0,Công nghệ tài chính
67986,DVH,cong-nghe-tai-chinh,C04,Điểm học bạ,2024,18.0,Công nghệ tài chính
67987,DVH,cong-nghe-tai-chinh,D01,Điểm học bạ,2024,18.0,Công nghệ tài chính
67988,DVH,cong-nghe-tai-chinh,A00,Điểm thi THPT,2024,15.7,Công nghệ tài chính
67989,DVH,cong-nghe-tai-chinh,A01,Điểm thi THPT,2024,15.7,Công nghệ tài chính
67990,DVH,cong-nghe-tai-chinh,C04,Điểm thi THPT,2024,15.7,Công nghệ tài chính
67991,DVH,cong-nghe-tai-chinh,D01,Điểm thi THPT,2024,15.7,Công nghệ tài chính
67992,DVH,cong-nghe-tai-chinh,A00,Điểm học bạ,2025,18.0,Công nghệ tài chính
67993,DVH,cong-nghe-tai-chinh,A01,Điểm học bạ,2025,18.0,Công nghệ tài chính
67994,DVH,cong-nghe-tai-chinh,A12,Điểm học bạ,2025,18.0,Công nghệ tài chính
67995,DVH,cong-nghe-tai-chinh,A15,Điểm học bạ,2025,18.0,Công nghệ tài chính
67996,DVH,cong-nghe-tai-chinh,C04,Điểm học bạ,2025,18.0,Công nghệ tài chính
67997,DVH,cong-nghe-tai-chinh,D01,Điểm học bạ,2025,18.0,Công nghệ tài chính
67998,DVH,cong-nghe-tai-chinh,X05,Điểm học bạ,2025,18.0,Công nghệ tài chính
67999,DVH,cong-nghe-tai-chinh,X54,Điểm học bạ,2025,18.0,Công nghệ tài chính
68000,DVH,cong-nghe-tai-chinh,A00,Điểm thi THPT,2025,15.0,Công nghệ tài chính
68001,DVH,cong-nghe-tai-chinh,A01,Điểm thi THPT,2025,15.0,Công nghệ tài chính
68002,DVH,cong-nghe-tai-chinh,A12,Điểm thi THPT,2025,15.0,Công nghệ tài chính
68003,DVH,cong-nghe-tai-chinh,A15,Điểm thi THPT,2025,15.0,Công nghệ tài chính
68004,DVH,cong-nghe-tai-chinh,C04,Điểm thi THPT,2025,15.0,Công nghệ tài chính
68005,DVH,cong-nghe-tai-chinh,D01,Điểm thi THPT,2025,15.0,Công nghệ tài chính
68006,DVH,cong-nghe-tai-chinh,X05,Điểm thi THPT,2025,15.0,Công nghệ tài chính
68007,DVH,cong-nghe-tai-chinh,X54,Điểm thi THPT,2025,15.0,Công nghệ tài chính
68008,DVH,cong-nghe-thong-tin,A00,Điểm thi THPT,2021,19.0,Công nghệ thông tin
68009,DVH,cong-nghe-thong-tin,A01,Điểm thi THPT,2021,19.0,Công nghệ thông tin
68010,DVH,cong-nghe-thong-tin,C01,Điểm thi THPT,2021,19.0,Công nghệ thông tin
68011,DVH,cong-nghe-thong-tin,D01,Điểm thi THPT,2021,19.0,Công nghệ thông tin
68012,DVH,cong-nghe-thong-tin,A00,Điểm học bạ,2022,18.0,Công nghệ thông tin
68013,DVH,cong-nghe-thong-tin,A01,Điểm học bạ,2022,18.0,Công nghệ thông tin
68014,DVH,cong-nghe-thong-tin,C01,Điểm học bạ,2022,18.0,Công nghệ thông tin
68015,DVH,cong-nghe-thong-tin,D01,Điểm học bạ,2022,18.0,Công nghệ thông tin
68016,DVH,cong-nghe-thong-tin,A00,Điểm thi THPT,2022,22.0,Công nghệ thông tin
68017,DVH,cong-nghe-thong-tin,A01,Điểm thi THPT,2022,22.0,Công nghệ thông tin
68018,DVH,cong-nghe-thong-tin,C01,Điểm thi THPT,2022,22.0,Công nghệ thông tin
68019,DVH,cong-nghe-thong-tin,D01,Điểm thi THPT,2022,22.0,Công nghệ thông tin
68020,DVH,cong-nghe-thong-tin,A00,Điểm học bạ,2023,18.0,Công nghệ thông tin
68021,DVH,cong-nghe-thong-tin,A01,Điểm học bạ,2023,18.0,Công nghệ thông tin
68022,DVH,cong-nghe-thong-tin,C01,Điểm học bạ,2023,18.0,Công nghệ thông tin
68023,DVH,cong-nghe-thong-tin,D01,Điểm học bạ,2023,18.0,Công nghệ thông tin
68024,DVH,cong-nghe-thong-tin,A00,Điểm thi THPT,2023,23.51,Công nghệ thông tin
68025,DVH,cong-nghe-thong-tin,A01,Điểm thi THPT,2023,23.51,Công nghệ thông tin
68026,DVH,cong-nghe-thong-tin,C01,Điểm thi THPT,2023,23.51,Công nghệ thông tin
68027,DVH,cong-nghe-thong-tin,D01,Điểm thi THPT,2023,23.51,Công nghệ thông tin
68028,DVH,cong-nghe-thong-tin,A00,Điểm học bạ,2024,18.0,Công nghệ thông tin
68029,DVH,cong-nghe-thong-tin,A01,Điểm học bạ,2024,18.0,Công nghệ thông tin
68030,DVH,cong-nghe-thong-tin,C01,Điểm học bạ,2024,18.0,Công nghệ thông tin
68031,DVH,cong-nghe-thong-tin,D01,Điểm học bạ,2024,18.0,Công nghệ thông tin
68032,DVH,cong-nghe-thong-tin,A00,Điểm thi THPT,2024,16.0,Công nghệ thông tin
68033,DVH,cong-nghe-thong-tin,A01,Điểm thi THPT,2024,16.0,Công nghệ thông tin
68034,DVH,cong-nghe-thong-tin,C01,Điểm thi THPT,2024,16.0,Công nghệ thông tin
68035,DVH,cong-nghe-thong-tin,D01,Điểm thi THPT,2024,16.0,Công nghệ thông tin
68036,DVH,cong-nghe-thong-tin,A00,Điểm học bạ,2025,18.0,Công nghệ thông tin
68037,DVH,cong-nghe-thong-tin,A01,Điểm học bạ,2025,18.0,Công nghệ thông tin
68038,DVH,cong-nghe-thong-tin,D01,Điểm học bạ,2025,18.0,Công nghệ thông tin
68039,DVH,cong-nghe-thong-tin,X01,Điểm học bạ,2025,18.0,Công nghệ thông tin
68040,DVH,cong-nghe-thong-tin,X06,Điểm học bạ,2025,18.0,Công nghệ thông tin
68041,DVH,cong-nghe-thong-tin,X25,Điểm học bạ,2025,18.0,Công nghệ thông tin
68042,DVH,cong-nghe-thong-tin,X26,Điểm học bạ,2025,18.0,Công nghệ thông tin
68043,DVH,cong-nghe-thong-tin,X54,Điểm học bạ,2025,18.0,Công nghệ thông tin
68044,DVH,cong-nghe-thong-tin,A00,Điểm thi THPT,2025,15.0,Công nghệ thông tin
68045,DVH,cong-nghe-thong-tin,A01,Điểm thi THPT,2025,15.0,Công nghệ thông tin
68046,DVH,cong-nghe-thong-tin,D01,Điểm thi THPT,2025,15.0,Công nghệ thông tin
68047,DVH,cong-nghe-thong-tin,X01,Điểm thi THPT,2025,15.0,Công nghệ thông tin
68048,DVH,cong-nghe-thong-tin,X06,Điểm thi THPT,2025,15.0,Công nghệ thông tin
68049,DVH,cong-nghe-thong-tin,X25,Điểm thi THPT,2025,15.0,Công nghệ thông tin
68050,DVH,cong-nghe-thong-tin,X26,Điểm thi THPT,2025,15.0,Công nghệ thông tin
68051,DVH,cong-nghe-thong-tin,X54,Điểm thi THPT,2025,15.0,Công nghệ thông tin
68052,DVH,cong-nghe-thuc-pham,A00,Điểm thi THPT,2021,16.5,Công nghệ thực phẩm
68053,DVH,cong-nghe-thuc-pham,A02,Điểm thi THPT,2021,16.5,Công nghệ thực phẩm
68054,DVH,cong-nghe-thuc-pham,B00,Điểm thi THPT,2021,16.5,Công nghệ thực phẩm
68055,DVH,cong-nghe-thuc-pham,D07,Điểm thi THPT,2021,16.5,Công nghệ thực phẩm
68056,DVH,cong-nghe-thuc-pham,A00,Điểm học bạ,2022,18.0,Công nghệ thực phẩm
68057,DVH,cong-nghe-thuc-pham,A02,Điểm học bạ,2022,18.0,Công nghệ thực phẩm
68058,DVH,cong-nghe-thuc-pham,B00,Điểm học bạ,2022,18.0,Công nghệ thực phẩm
68059,DVH,cong-nghe-thuc-pham,D07,Điểm học bạ,2022,18.0,Công nghệ thực phẩm
68060,DVH,cong-nghe-thuc-pham,A00,Điểm thi THPT,2022,18.35,Công nghệ thực phẩm
68061,DVH,cong-nghe-thuc-pham,A02,Điểm thi THPT,2022,18.35,Công nghệ thực phẩm
68062,DVH,cong-nghe-thuc-pham,B00,Điểm thi THPT,2022,18.35,Công nghệ thực phẩm
68063,DVH,cong-nghe-thuc-pham,D07,Điểm thi THPT,2022,18.35,Công nghệ thực phẩm
68064,DVH,cong-nghe-thuc-pham,A00,Điểm học bạ,2023,18.0,Công nghệ thực phẩm
68065,DVH,cong-nghe-thuc-pham,A02,Điểm học bạ,2023,18.0,Công nghệ thực phẩm
68066,DVH,cong-nghe-thuc-pham,B00,Điểm học bạ,2023,18.0,Công nghệ thực phẩm
68067,DVH,cong-nghe-thuc-pham,D07,Điểm học bạ,2023,18.0,Công nghệ thực phẩm
68068,DVH,cong-nghe-thuc-pham,A00,Điểm thi THPT,2023,16.4,Công nghệ thực phẩm
68069,DVH,cong-nghe-thuc-pham,A02,Điểm thi THPT,2023,16.4,Công nghệ thực phẩm
68070,DVH,cong-nghe-thuc-pham,B00,Điểm thi THPT,2023,16.4,Công nghệ thực phẩm
68071,DVH,cong-nghe-thuc-pham,D07,Điểm thi THPT,2023,16.4,Công nghệ thực phẩm
68072,DVH,cong-nghe-thuc-pham,A00,Điểm học bạ,2024,18.0,Công nghệ thực phẩm
68073,DVH,cong-nghe-thuc-pham,A02,Điểm học bạ,2024,18.0,Công nghệ thực phẩm
68074,DVH,cong-nghe-thuc-pham,B00,Điểm học bạ,2024,18.0,Công nghệ thực phẩm
68075,DVH,cong-nghe-thuc-pham,D07,Điểm học bạ,2024,18.0,Công nghệ thực phẩm
68076,DVH,cong-nghe-thuc-pham,A00,Điểm thi THPT,2024,16.35,Công nghệ thực phẩm
68077,DVH,cong-nghe-thuc-pham,A02,Điểm thi THPT,2024,16.35,Công nghệ thực phẩm
68078,DVH,cong-nghe-thuc-pham,B00,Điểm thi THPT,2024,16.35,Công nghệ thực phẩm
68079,DVH,cong-nghe-thuc-pham,D07,Điểm thi THPT,2024,16.35,Công nghệ thực phẩm
68080,DVH,cong-nghe-thuc-pham,A00,Điểm học bạ,2025,18.0,Công nghệ thực phẩm
68081,DVH,cong-nghe-thuc-pham,A01,Điểm học bạ,2025,18.0,Công nghệ thực phẩm
68082,DVH,cong-nghe-thuc-pham,D01,Điểm học bạ,2025,18.0,Công nghệ thực phẩm
68083,DVH,cong-nghe-thuc-pham,X01,Điểm học bạ,2025,18.0,Công nghệ thực phẩm
68084,DVH,cong-nghe-thuc-pham,X06,Điểm học bạ,2025,18.0,Công nghệ thực phẩm
68085,DVH,cong-nghe-thuc-pham,X25,Điểm học bạ,2025,18.0,Công nghệ thực phẩm
68086,DVH,cong-nghe-thuc-pham,X26,Điểm học bạ,2025,18.0,Công nghệ thực phẩm
68087,DVH,cong-nghe-thuc-pham,X54,Điểm học bạ,2025,18.0,Công nghệ thực phẩm
68088,DVH,cong-nghe-thuc-pham,A00,Điểm thi THPT,2025,15.0,Công nghệ thực phẩm
68089,DVH,cong-nghe-thuc-pham,A01,Điểm thi THPT,2025,15.0,Công nghệ thực phẩm
68090,DVH,cong-nghe-thuc-pham,D01,Điểm thi THPT,2025,15.0,Công nghệ thực phẩm
68091,DVH,cong-nghe-thuc-pham,X01,Điểm thi THPT,2025,15.0,Công nghệ thực phẩm
68092,DVH,cong-nghe-thuc-pham,X06,Điểm thi THPT,2025,15.0,Công nghệ thực phẩm
68093,DVH,cong-nghe-thuc-pham,X25,Điểm thi THPT,2025,15.0,Công nghệ thực phẩm
68094,DVH,cong-nghe-thuc-pham,X26,Điểm thi THPT,2025,15.0,Công nghệ thực phẩm
68095,DVH,cong-nghe-thuc-pham,X54,Điểm thi THPT,2025,15.0,Công nghệ thực phẩm
68096,DVH,dao-dien-dien-anh-truyen-hinh,A00,Điểm thi THPT,2024,18.0,"Đạo diễn điện ảnh, truyền hình"
68097,DVH,dao-dien-dien-anh-truyen-hinh,D01,Điểm thi THPT,2024,18.0,"Đạo diễn điện ảnh, truyền hình"
68098,DVH,dao-dien-dien-anh-truyen-hinh,H01,Điểm thi THPT,2024,18.0,"Đạo diễn điện ảnh, truyền hình"
68099,DVH,dao-dien-dien-anh-truyen-hinh,V00,Điểm thi THPT,2024,18.0,"Đạo diễn điện ảnh, truyền hình"
68100,DVH,dao-dien-dien-anh-truyen-hinh,A00,Điểm học bạ,2025,18.0,"Đạo diễn điện ảnh, truyền hình"
68101,DVH,dao-dien-dien-anh-truyen-hinh,C16,Điểm học bạ,2025,18.0,"Đạo diễn điện ảnh, truyền hình"
68102,DVH,dao-dien-dien-anh-truyen-hinh,D01,Điểm học bạ,2025,18.0,"Đạo diễn điện ảnh, truyền hình"
68103,DVH,dao-dien-dien-anh-truyen-hinh,M20,Điểm học bạ,2025,17.0,"Đạo diễn điện ảnh, truyền hình"
68104,DVH,dao-dien-dien-anh-truyen-hinh,M21,Điểm học bạ,2025,17.0,"Đạo diễn điện ảnh, truyền hình"
68105,DVH,dao-dien-dien-anh-truyen-hinh,X01,Điểm học bạ,2025,18.0,"Đạo diễn điện ảnh, truyền hình"
68106,DVH,dao-dien-dien-anh-truyen-hinh,X70,Điểm học bạ,2025,18.0,"Đạo diễn điện ảnh, truyền hình"
68107,DVH,dao-dien-dien-anh-truyen-hinh,X74,Điểm học bạ,2025,18.0,"Đạo diễn điện ảnh, truyền hình"
68108,DVH,dao-dien-dien-anh-truyen-hinh,A00,Điểm thi THPT,2025,15.0,"Đạo diễn điện ảnh, truyền hình"
68109,DVH,dao-dien-dien-anh-truyen-hinh,C16,Điểm thi THPT,2025,15.0,"Đạo diễn điện ảnh, truyền hình"
68110,DVH,dao-dien-dien-anh-truyen-hinh,D01,Điểm thi THPT,2025,15.0,"Đạo diễn điện ảnh, truyền hình"
68111,DVH,dao-dien-dien-anh-truyen-hinh,M20,Điểm thi THPT,2025,17.0,"Đạo diễn điện ảnh, truyền hình"
68112,DVH,dao-dien-dien-anh-truyen-hinh,M21,Điểm thi THPT,2025,17.0,"Đạo diễn điện ảnh, truyền hình"
68113,DVH,dao-dien-dien-anh-truyen-hinh,X01,Điểm thi THPT,2025,15.0,"Đạo diễn điện ảnh, truyền hình"
68114,DVH,dao-dien-dien-anh-truyen-hinh,X70,Điểm thi THPT,2025,15.0,"Đạo diễn điện ảnh, truyền hình"
68115,DVH,dao-dien-dien-anh-truyen-hinh,X74,Điểm thi THPT,2025,15.0,"Đạo diễn điện ảnh, truyền hình"
68116,DVH,dieu-duong,A00,Điểm thi THPT,2023,19.5,Điều dưỡng
68117,DVH,dieu-duong,B00,Điểm thi THPT,2023,19.5,Điều dưỡng
68118,DVH,dieu-duong,C08,Điểm thi THPT,2023,19.5,Điều dưỡng
68119,DVH,dieu-duong,D07,Điểm thi THPT,2023,19.5,Điều dưỡng
68120,DVH,dieu-duong,A00,Điểm học bạ,2024,19.5,Điều dưỡng
68121,DVH,dieu-duong,B00,Điểm học bạ,2024,19.5,Điều dưỡng
68122,DVH,dieu-duong,C08,Điểm học bạ,2024,19.5,Điều dưỡng
68123,DVH,dieu-duong,D07,Điểm học bạ,2024,19.5,Điều dưỡng
68124,DVH,dieu-duong,A00,Điểm thi THPT,2024,19.0,Điều dưỡng
68125,DVH,dieu-duong,B00,Điểm thi THPT,2024,19.0,Điều dưỡng
68126,DVH,dieu-duong,C08,Điểm thi THPT,2024,19.0,Điều dưỡng
68127,DVH,dieu-duong,D07,Điểm thi THPT,2024,19.0,Điều dưỡng
68128,DVH,dieu-duong,B00,Điểm học bạ,2025,19.5,Điều dưỡng
68129,DVH,dieu-duong,B03,Điểm học bạ,2025,19.5,Điều dưỡng
68130,DVH,dieu-duong,B04,Điểm học bạ,2025,19.5,Điều dưỡng
68131,DVH,dieu-duong,C02,Điểm học bạ,2025,19.5,Điều dưỡng
68132,DVH,dieu-duong,D01,Điểm học bạ,2025,19.5,Điều dưỡng
68133,DVH,dieu-duong,D07,Điểm học bạ,2025,19.5,Điều dưỡng
68134,DVH,dieu-duong,X13,Điểm học bạ,2025,19.5,Điều dưỡng
68135,DVH,dieu-duong,X66,Điểm học bạ,2025,19.5,Điều dưỡng
68136,DVH,dieu-duong,B00,Điểm thi THPT,2025,17.0,Điều dưỡng
68137,DVH,dieu-duong,B03,Điểm thi THPT,2025,17.0,Điều dưỡng
68138,DVH,dieu-duong,B04,Điểm thi THPT,2025,17.0,Điều dưỡng
68139,DVH,dieu-duong,C02,Điểm thi THPT,2025,17.0,Điều dưỡng
68140,DVH,dieu-duong,D01,Điểm thi THPT,2025,17.0,Điều dưỡng
68141,DVH,dieu-duong,D07,Điểm thi THPT,2025,17.0,Điều dưỡng
68142,DVH,dieu-duong,X13,Điểm thi THPT,2025,17.0,Điều dưỡng
68143,DVH,dieu-duong,X66,Điểm thi THPT,2025,17.0,Điều dưỡng
68144,DVH,dong-phuong-hoc,A01,Điểm thi THPT,2021,18.0,Đông phương học
68145,DVH,dong-phuong-hoc,C00,Điểm thi THPT,2021,18.0,Đông phương học
68146,DVH,dong-phuong-hoc,D01,Điểm thi THPT,2021,18.0,Đông phương học
68147,DVH,dong-phuong-hoc,D15,Điểm thi THPT,2021,18.0,Đông phương học
68148,DVH,dong-phuong-hoc,A01,Điểm học bạ,2022,18.0,Đông phương học
68149,DVH,dong-phuong-hoc,C00,Điểm học bạ,2022,18.0,Đông phương học
68150,DVH,dong-phuong-hoc,D01,Điểm học bạ,2022,18.0,Đông phương học
68151,DVH,dong-phuong-hoc,D15,Điểm học bạ,2022,18.0,Đông phương học
68152,DVH,dong-phuong-hoc,A01,Điểm thi THPT,2022,21.05,Đông phương học
68153,DVH,dong-phuong-hoc,C00,Điểm thi THPT,2022,21.05,Đông phương học
68154,DVH,dong-phuong-hoc,D01,Điểm thi THPT,2022,21.05,Đông phương học
68155,DVH,dong-phuong-hoc,D15,Điểm thi THPT,2022,21.05,Đông phương học
68156,DVH,dong-phuong-hoc,A01,Điểm học bạ,2023,18.0,Đông phương học
68157,DVH,dong-phuong-hoc,C00,Điểm học bạ,2023,18.0,Đông phương học
68158,DVH,dong-phuong-hoc,D01,Điểm học bạ,2023,18.0,Đông phương học
68159,DVH,dong-phuong-hoc,D15,Điểm học bạ,2023,18.0,Đông phương học
68160,DVH,dong-phuong-hoc,A01,Điểm thi THPT,2023,17.0,Đông phương học
68161,DVH,dong-phuong-hoc,C00,Điểm thi THPT,2023,17.0,Đông phương học
68162,DVH,dong-phuong-hoc,D01,Điểm thi THPT,2023,17.0,Đông phương học
68163,DVH,dong-phuong-hoc,D15,Điểm thi THPT,2023,17.0,Đông phương học
68164,DVH,dong-phuong-hoc,A01,Điểm học bạ,2024,18.0,Đông phương học
68165,DVH,dong-phuong-hoc,C00,Điểm học bạ,2024,18.0,Đông phương học
68166,DVH,dong-phuong-hoc,D01,Điểm học bạ,2024,18.0,Đông phương học
68167,DVH,dong-phuong-hoc,D15,Điểm học bạ,2024,18.0,Đông phương học
68168,DVH,dong-phuong-hoc,A01,Điểm thi THPT,2024,16.5,Đông phương học
68169,DVH,dong-phuong-hoc,C00,Điểm thi THPT,2024,16.5,Đông phương học
68170,DVH,dong-phuong-hoc,D01,Điểm thi THPT,2024,16.5,Đông phương học
68171,DVH,dong-phuong-hoc,D15,Điểm thi THPT,2024,16.5,Đông phương học
68172,DVH,dong-phuong-hoc,A01,Điểm học bạ,2025,18.0,Đông phương học
68173,DVH,dong-phuong-hoc,C00,Điểm học bạ,2025,18.0,Đông phương học
68174,DVH,dong-phuong-hoc,D01,Điểm học bạ,2025,18.0,Đông phương học
68175,DVH,dong-phuong-hoc,D15,Điểm học bạ,2025,18.0,Đông phương học
68176,DVH,dong-phuong-hoc,D66,Điểm học bạ,2025,18.0,Đông phương học
68177,DVH,dong-phuong-hoc,D78,Điểm học bạ,2025,18.0,Đông phương học
68178,DVH,dong-phuong-hoc,D84,Điểm học bạ,2025,18.0,Đông phương học
68179,DVH,dong-phuong-hoc,D90,Điểm học bạ,2025,18.0,Đông phương học
68180,DVH,dong-phuong-hoc,A01,Điểm thi THPT,2025,15.0,Đông phương học
68181,DVH,dong-phuong-hoc,C00,Điểm thi THPT,2025,15.0,Đông phương học
68182,DVH,dong-phuong-hoc,D01,Điểm thi THPT,2025,15.0,Đông phương học
68183,DVH,dong-phuong-hoc,D15,Điểm thi THPT,2025,15.0,Đông phương học
68184,DVH,dong-phuong-hoc,D66,Điểm thi THPT,2025,15.0,Đông phương học
68185,DVH,dong-phuong-hoc,D78,Điểm thi THPT,2025,15.0,Đông phương học
68186,DVH,dong-phuong-hoc,D84,Điểm thi THPT,2025,15.0,Đông phương học
68187,DVH,dong-phuong-hoc,D90,Điểm thi THPT,2025,15.0,Đông phương học
68188,DVH,du-lich,A00,Điểm thi THPT,2021,18.0,Du lịch
68189,DVH,du-lich,C00,Điểm thi THPT,2021,18.0,Du lịch
68190,DVH,du-lich,C04,Điểm thi THPT,2021,18.0,Du lịch
68191,DVH,du-lich,D01,Điểm thi THPT,2021,18.0,Du lịch
68192,DVH,du-lich,A00,Điểm học bạ,2022,18.0,Du lịch
68193,DVH,du-lich,C00,Điểm học bạ,2022,18.0,Du lịch
68194,DVH,du-lich,C04,Điểm học bạ,2022,18.0,Du lịch
68195,DVH,du-lich,D01,Điểm học bạ,2022,18.0,Du lịch
68196,DVH,du-lich,A00,Điểm thi THPT,2022,21.0,Du lịch
68197,DVH,du-lich,C00,Điểm thi THPT,2022,21.0,Du lịch
68198,DVH,du-lich,C04,Điểm thi THPT,2022,21.0,Du lịch
68199,DVH,du-lich,D01,Điểm thi THPT,2022,21.0,Du lịch
68200,DVH,du-lich,A00,Điểm học bạ,2023,18.0,Du lịch
68201,DVH,du-lich,C00,Điểm học bạ,2023,18.0,Du lịch
68202,DVH,du-lich,C04,Điểm học bạ,2023,18.0,Du lịch
68203,DVH,du-lich,D01,Điểm học bạ,2023,18.0,Du lịch
68204,DVH,du-lich,A00,Điểm thi THPT,2023,17.0,Du lịch
68205,DVH,du-lich,C00,Điểm thi THPT,2023,17.0,Du lịch
68206,DVH,du-lich,C04,Điểm thi THPT,2023,17.0,Du lịch
68207,DVH,du-lich,D01,Điểm thi THPT,2023,17.0,Du lịch
68208,DVH,du-lich,A00,Điểm học bạ,2024,18.0,Du lịch
68209,DVH,du-lich,C00,Điểm học bạ,2024,18.0,Du lịch
68210,DVH,du-lich,C04,Điểm học bạ,2024,18.0,Du lịch
68211,DVH,du-lich,D01,Điểm học bạ,2024,18.0,Du lịch
68212,DVH,du-lich,A00,Điểm thi THPT,2024,16.25,Du lịch
68213,DVH,du-lich,C00,Điểm thi THPT,2024,16.25,Du lịch
68214,DVH,du-lich,C04,Điểm thi THPT,2024,16.25,Du lịch
68215,DVH,du-lich,D01,Điểm thi THPT,2024,16.25,Du lịch
68216,DVH,du-lich,A00,Điểm học bạ,2025,18.0,Du lịch
68217,DVH,du-lich,C00,Điểm học bạ,2025,18.0,Du lịch
68218,DVH,du-lich,C04,Điểm học bạ,2025,18.0,Du lịch
68219,DVH,du-lich,C16,Điểm học bạ,2025,18.0,Du lịch
68220,DVH,du-lich,D01,Điểm học bạ,2025,18.0,Du lịch
68221,DVH,du-lich,X01,Điểm học bạ,2025,18.0,Du lịch
68222,DVH,du-lich,X70,Điểm học bạ,2025,18.0,Du lịch
68223,DVH,du-lich,X74,Điểm học bạ,2025,18.0,Du lịch
68224,DVH,du-lich,A00,Điểm thi THPT,2025,15.0,Du lịch
68225,DVH,du-lich,C00,Điểm thi THPT,2025,15.0,Du lịch
68226,DVH,du-lich,C04,Điểm thi THPT,2025,15.0,Du lịch
68227,DVH,du-lich,C16,Điểm thi THPT,2025,15.0,Du lịch
68228,DVH,du-lich,D01,Điểm thi THPT,2025,15.0,Du lịch
68229,DVH,du-lich,X01,Điểm thi THPT,2025,15.0,Du lịch
68230,DVH,du-lich,X70,Điểm thi THPT,2025,15.0,Du lịch
68231,DVH,du-lich,X74,Điểm thi THPT,2025,15.0,Du lịch
68232,DVH,ke-toan,A00,Điểm thi THPT,2021,19.0,Kế toán
68233,DVH,ke-toan,A01,Điểm thi THPT,2021,19.0,Kế toán
68234,DVH,ke-toan,C04,Điểm thi THPT,2021,19.0,Kế toán
68235,DVH,ke-toan,D01,Điểm thi THPT,2021,19.0,Kế toán
68236,DVH,ke-toan,A00,Điểm học bạ,2022,18.0,Kế toán
68237,DVH,ke-toan,A01,Điểm học bạ,2022,18.0,Kế toán
68238,DVH,ke-toan,C04,Điểm học bạ,2022,18.0,Kế toán
68239,DVH,ke-toan,D01,Điểm học bạ,2022,18.0,Kế toán
68240,DVH,ke-toan,A00,Điểm thi THPT,2022,22.0,Kế toán
68241,DVH,ke-toan,A01,Điểm thi THPT,2022,22.0,Kế toán
68242,DVH,ke-toan,C04,Điểm thi THPT,2022,22.0,Kế toán
68243,DVH,ke-toan,D01,Điểm thi THPT,2022,22.0,Kế toán
68244,DVH,ke-toan,A00,Điểm học bạ,2023,18.0,Kế toán
68245,DVH,ke-toan,A01,Điểm học bạ,2023,18.0,Kế toán
68246,DVH,ke-toan,C04,Điểm học bạ,2023,18.0,Kế toán
68247,DVH,ke-toan,D01,Điểm học bạ,2023,18.0,Kế toán
68248,DVH,ke-toan,A00,Điểm thi THPT,2023,23.0,Kế toán
68249,DVH,ke-toan,A01,Điểm thi THPT,2023,23.0,Kế toán
68250,DVH,ke-toan,C04,Điểm thi THPT,2023,23.0,Kế toán
68251,DVH,ke-toan,D01,Điểm thi THPT,2023,23.0,Kế toán
68252,DVH,ke-toan,A00,Điểm học bạ,2024,18.0,Kế toán
68253,DVH,ke-toan,A01,Điểm học bạ,2024,18.0,Kế toán
68254,DVH,ke-toan,C04,Điểm học bạ,2024,18.0,Kế toán
68255,DVH,ke-toan,D01,Điểm học bạ,2024,18.0,Kế toán
68256,DVH,ke-toan,A00,Điểm thi THPT,2024,16.2,Kế toán
68257,DVH,ke-toan,A01,Điểm thi THPT,2024,16.2,Kế toán
68258,DVH,ke-toan,C04,Điểm thi THPT,2024,16.2,Kế toán
68259,DVH,ke-toan,D01,Điểm thi THPT,2024,16.2,Kế toán
68260,DVH,ke-toan,A00,Điểm học bạ,2025,18.0,Kế toán
68261,DVH,ke-toan,A01,Điểm học bạ,2025,18.0,Kế toán
68262,DVH,ke-toan,A12,Điểm học bạ,2025,18.0,Kế toán
68263,DVH,ke-toan,A15,Điểm học bạ,2025,18.0,Kế toán
68264,DVH,ke-toan,C04,Điểm học bạ,2025,18.0,Kế toán
68265,DVH,ke-toan,D01,Điểm học bạ,2025,18.0,Kế toán
68266,DVH,ke-toan,X05,Điểm học bạ,2025,18.0,Kế toán
68267,DVH,ke-toan,X54,Điểm học bạ,2025,18.0,Kế toán
68268,DVH,ke-toan,A00,Điểm thi THPT,2025,15.0,Kế toán
68269,DVH,ke-toan,A01,Điểm thi THPT,2025,15.0,Kế toán
68270,DVH,ke-toan,A12,Điểm thi THPT,2025,15.0,Kế toán
68271,DVH,ke-toan,A15,Điểm thi THPT,2025,15.0,Kế toán
68272,DVH,ke-toan,C04,Điểm thi THPT,2025,15.0,Kế toán
68273,DVH,ke-toan,D01,Điểm thi THPT,2025,15.0,Kế toán
68274,DVH,ke-toan,X05,Điểm thi THPT,2025,15.0,Kế toán
68275,DVH,ke-toan,X54,Điểm thi THPT,2025,15.0,Kế toán
68276,DVH,khoa-hoc-may-tinh,A00,Điểm thi THPT,2021,16.05,Khoa học máy tính
68277,DVH,khoa-hoc-may-tinh,A01,Điểm thi THPT,2021,16.05,Khoa học máy tính
68278,DVH,khoa-hoc-may-tinh,C01,Điểm thi THPT,2021,16.05,Khoa học máy tính
68279,DVH,khoa-hoc-may-tinh,D01,Điểm thi THPT,2021,16.05,Khoa học máy tính
68280,DVH,khoa-hoc-may-tinh,A00,Điểm học bạ,2022,18.0,Khoa học máy tính
68281,DVH,khoa-hoc-may-tinh,A01,Điểm học bạ,2022,18.0,Khoa học máy tính
68282,DVH,khoa-hoc-may-tinh,C01,Điểm học bạ,2022,18.0,Khoa học máy tính
68283,DVH,khoa-hoc-may-tinh,D01,Điểm học bạ,2022,18.0,Khoa học máy tính
68284,DVH,khoa-hoc-may-tinh,A00,Điểm thi THPT,2022,21.05,Khoa học máy tính
68285,DVH,khoa-hoc-may-tinh,A01,Điểm thi THPT,2022,21.05,Khoa học máy tính
68286,DVH,khoa-hoc-may-tinh,C01,Điểm thi THPT,2022,21.05,Khoa học máy tính
68287,DVH,khoa-hoc-may-tinh,D01,Điểm thi THPT,2022,21.05,Khoa học máy tính
68288,DVH,khoa-hoc-may-tinh,A00,Điểm học bạ,2023,18.0,Khoa học máy tính
68289,DVH,khoa-hoc-may-tinh,A01,Điểm học bạ,2023,18.0,Khoa học máy tính
68290,DVH,khoa-hoc-may-tinh,C01,Điểm học bạ,2023,18.0,Khoa học máy tính
68291,DVH,khoa-hoc-may-tinh,D01,Điểm học bạ,2023,18.0,Khoa học máy tính
68292,DVH,khoa-hoc-may-tinh,A00,Điểm thi THPT,2023,16.15,Khoa học máy tính
68293,DVH,khoa-hoc-may-tinh,A01,Điểm thi THPT,2023,16.15,Khoa học máy tính
68294,DVH,khoa-hoc-may-tinh,C01,Điểm thi THPT,2023,16.15,Khoa học máy tính
68295,DVH,khoa-hoc-may-tinh,D01,Điểm thi THPT,2023,16.15,Khoa học máy tính
68296,DVH,khoa-hoc-may-tinh,A00,Điểm học bạ,2024,18.0,Khoa học máy tính
68297,DVH,khoa-hoc-may-tinh,A01,Điểm học bạ,2024,18.0,Khoa học máy tính
68298,DVH,khoa-hoc-may-tinh,C01,Điểm học bạ,2024,18.0,Khoa học máy tính
68299,DVH,khoa-hoc-may-tinh,D01,Điểm học bạ,2024,18.0,Khoa học máy tính
68300,DVH,khoa-hoc-may-tinh,A00,Điểm thi THPT,2024,16.3,Khoa học máy tính
68301,DVH,khoa-hoc-may-tinh,A01,Điểm thi THPT,2024,16.3,Khoa học máy tính
68302,DVH,khoa-hoc-may-tinh,C01,Điểm thi THPT,2024,16.3,Khoa học máy tính
68303,DVH,khoa-hoc-may-tinh,D01,Điểm thi THPT,2024,16.3,Khoa học máy tính
68304,DVH,khoa-hoc-may-tinh,A00,Điểm học bạ,2025,18.0,Khoa học máy tính
68305,DVH,khoa-hoc-may-tinh,A01,Điểm học bạ,2025,18.0,Khoa học máy tính
68306,DVH,khoa-hoc-may-tinh,D01,Điểm học bạ,2025,18.0,Khoa học máy tính
68307,DVH,khoa-hoc-may-tinh,X01,Điểm học bạ,2025,18.0,Khoa học máy tính
68308,DVH,khoa-hoc-may-tinh,X06,Điểm học bạ,2025,18.0,Khoa học máy tính
68309,DVH,khoa-hoc-may-tinh,X25,Điểm học bạ,2025,18.0,Khoa học máy tính
68310,DVH,khoa-hoc-may-tinh,X26,Điểm học bạ,2025,18.0,Khoa học máy tính
68311,DVH,khoa-hoc-may-tinh,X54,Điểm học bạ,2025,18.0,Khoa học máy tính
68312,DVH,khoa-hoc-may-tinh,A00,Điểm thi THPT,2025,15.0,Khoa học máy tính
68313,DVH,khoa-hoc-may-tinh,A01,Điểm thi THPT,2025,15.0,Khoa học máy tính
68314,DVH,khoa-hoc-may-tinh,D01,Điểm thi THPT,2025,15.0,Khoa học máy tính
68315,DVH,khoa-hoc-may-tinh,X01,Điểm thi THPT,2025,15.0,Khoa học máy tính
68316,DVH,khoa-hoc-may-tinh,X06,Điểm thi THPT,2025,15.0,Khoa học máy tính
68317,DVH,khoa-hoc-may-tinh,X25,Điểm thi THPT,2025,15.0,Khoa học máy tính
68318,DVH,khoa-hoc-may-tinh,X26,Điểm thi THPT,2025,15.0,Khoa học máy tính
68319,DVH,khoa-hoc-may-tinh,X54,Điểm thi THPT,2025,15.0,Khoa học máy tính
68320,DVH,kiem-toan,A00,Điểm học bạ,2024,18.0,Kiểm toán
68321,DVH,kiem-toan,A01,Điểm học bạ,2024,18.0,Kiểm toán
68322,DVH,kiem-toan,C02,Điểm học bạ,2024,18.0,Kiểm toán
68323,DVH,kiem-toan,D01,Điểm học bạ,2024,18.0,Kiểm toán
68324,DVH,kiem-toan,A00,Điểm thi THPT,2024,16.0,Kiểm toán
68325,DVH,kiem-toan,A01,Điểm thi THPT,2024,16.0,Kiểm toán
68326,DVH,kiem-toan,C02,Điểm thi THPT,2024,16.0,Kiểm toán
68327,DVH,kiem-toan,D01,Điểm thi THPT,2024,16.0,Kiểm toán
68328,DVH,kiem-toan,A00,Điểm học bạ,2025,18.0,Kiểm toán
68329,DVH,kiem-toan,A01,Điểm học bạ,2025,18.0,Kiểm toán
68330,DVH,kiem-toan,A12,Điểm học bạ,2025,18.0,Kiểm toán
68331,DVH,kiem-toan,A15,Điểm học bạ,2025,18.0,Kiểm toán
68332,DVH,kiem-toan,C02,Điểm học bạ,2025,18.0,Kiểm toán
68333,DVH,kiem-toan,D01,Điểm học bạ,2025,18.0,Kiểm toán
68334,DVH,kiem-toan,X05,Điểm học bạ,2025,18.0,Kiểm toán
68335,DVH,kiem-toan,X54,Điểm học bạ,2025,18.0,Kiểm toán
68336,DVH,kiem-toan,A00,Điểm thi THPT,2025,15.0,Kiểm toán
68337,DVH,kiem-toan,A01,Điểm thi THPT,2025,15.0,Kiểm toán
68338,DVH,kiem-toan,A12,Điểm thi THPT,2025,15.0,Kiểm toán
68339,DVH,kiem-toan,A15,Điểm thi THPT,2025,15.0,Kiểm toán
68340,DVH,kiem-toan,C02,Điểm thi THPT,2025,15.0,Kiểm toán
68341,DVH,kiem-toan,D01,Điểm thi THPT,2025,15.0,Kiểm toán
68342,DVH,kiem-toan,X05,Điểm thi THPT,2025,15.0,Kiểm toán
68343,DVH,kiem-toan,X54,Điểm thi THPT,2025,15.0,Kiểm toán
68344,DVH,kinh-doanh-thuong-mai,A00,Điểm thi THPT,2023,15.4,Kinh doanh thương mại
68345,DVH,kinh-doanh-thuong-mai,A01,Điểm thi THPT,2023,15.4,Kinh doanh thương mại
68346,DVH,kinh-doanh-thuong-mai,C04,Điểm thi THPT,2023,15.4,Kinh doanh thương mại
68347,DVH,kinh-doanh-thuong-mai,D01,Điểm thi THPT,2023,15.4,Kinh doanh thương mại
68348,DVH,kinh-doanh-thuong-mai,A00,Điểm học bạ,2024,18.0,Kinh doanh thương mại
68349,DVH,kinh-doanh-thuong-mai,A01,Điểm học bạ,2024,18.0,Kinh doanh thương mại
68350,DVH,kinh-doanh-thuong-mai,C04,Điểm học bạ,2024,18.0,Kinh doanh thương mại
68351,DVH,kinh-doanh-thuong-mai,D01,Điểm học bạ,2024,18.0,Kinh doanh thương mại
68352,DVH,kinh-doanh-thuong-mai,A00,Điểm thi THPT,2024,15.0,Kinh doanh thương mại
68353,DVH,kinh-doanh-thuong-mai,A01,Điểm thi THPT,2024,15.0,Kinh doanh thương mại
68354,DVH,kinh-doanh-thuong-mai,C04,Điểm thi THPT,2024,15.0,Kinh doanh thương mại
68355,DVH,kinh-doanh-thuong-mai,D01,Điểm thi THPT,2024,15.0,Kinh doanh thương mại
68356,DVH,kinh-doanh-thuong-mai,A00,Điểm học bạ,2025,18.0,Kinh doanh thương mại
68357,DVH,kinh-doanh-thuong-mai,A01,Điểm học bạ,2025,18.0,Kinh doanh thương mại
68358,DVH,kinh-doanh-thuong-mai,A12,Điểm học bạ,2025,18.0,Kinh doanh thương mại
68359,DVH,kinh-doanh-thuong-mai,A15,Điểm học bạ,2025,18.0,Kinh doanh thương mại
68360,DVH,kinh-doanh-thuong-mai,C04,Điểm học bạ,2025,18.0,Kinh doanh thương mại
68361,DVH,kinh-doanh-thuong-mai,D01,Điểm học bạ,2025,18.0,Kinh doanh thương mại
68362,DVH,kinh-doanh-thuong-mai,X05,Điểm học bạ,2025,18.0,Kinh doanh thương mại
68363,DVH,kinh-doanh-thuong-mai,X54,Điểm học bạ,2025,18.0,Kinh doanh thương mại
68364,DVH,kinh-doanh-thuong-mai,A00,Điểm thi THPT,2025,15.0,Kinh doanh thương mại
68365,DVH,kinh-doanh-thuong-mai,A01,Điểm thi THPT,2025,15.0,Kinh doanh thương mại
68366,DVH,kinh-doanh-thuong-mai,A12,Điểm thi THPT,2025,15.0,Kinh doanh thương mại
68367,DVH,kinh-doanh-thuong-mai,A15,Điểm thi THPT,2025,15.0,Kinh doanh thương mại
68368,DVH,kinh-doanh-thuong-mai,C04,Điểm thi THPT,2025,15.0,Kinh doanh thương mại
68369,DVH,kinh-doanh-thuong-mai,D01,Điểm thi THPT,2025,15.0,Kinh doanh thương mại
68370,DVH,kinh-doanh-thuong-mai,X05,Điểm thi THPT,2025,15.0,Kinh doanh thương mại
68371,DVH,kinh-doanh-thuong-mai,X54,Điểm thi THPT,2025,15.0,Kinh doanh thương mại
68372,DVH,kinh-te,A00,Điểm học bạ,2022,18.0,Kinh tế
68373,DVH,kinh-te,A01,Điểm học bạ,2022,18.0,Kinh tế
68374,DVH,kinh-te,C04,Điểm học bạ,2022,18.0,Kinh tế
68375,DVH,kinh-te,D01,Điểm học bạ,2022,18.0,Kinh tế
68376,DVH,kinh-te,A00,Điểm thi THPT,2022,20.05,Kinh tế
68377,DVH,kinh-te,A01,Điểm thi THPT,2022,20.05,Kinh tế
68378,DVH,kinh-te,C04,Điểm thi THPT,2022,20.05,Kinh tế
68379,DVH,kinh-te,D01,Điểm thi THPT,2022,20.05,Kinh tế
68380,DVH,kinh-te,A00,Điểm học bạ,2023,18.0,Kinh tế
68381,DVH,kinh-te,A01,Điểm học bạ,2023,18.0,Kinh tế
68382,DVH,kinh-te,C04,Điểm học bạ,2023,18.0,Kinh tế
68383,DVH,kinh-te,D01,Điểm học bạ,2023,18.0,Kinh tế
68384,DVH,kinh-te,A00,Điểm thi THPT,2023,16.0,Kinh tế
68385,DVH,kinh-te,A01,Điểm thi THPT,2023,16.0,Kinh tế
68386,DVH,kinh-te,C04,Điểm thi THPT,2023,16.0,Kinh tế
68387,DVH,kinh-te,D01,Điểm thi THPT,2023,16.0,Kinh tế
68388,DVH,kinh-te,A00,Điểm học bạ,2024,18.0,Kinh tế
68389,DVH,kinh-te,A01,Điểm học bạ,2024,18.0,Kinh tế
68390,DVH,kinh-te,C04,Điểm học bạ,2024,18.0,Kinh tế
68391,DVH,kinh-te,D01,Điểm học bạ,2024,18.0,Kinh tế
68392,DVH,kinh-te,A00,Điểm thi THPT,2024,16.1,Kinh tế
68393,DVH,kinh-te,A01,Điểm thi THPT,2024,16.1,Kinh tế
68394,DVH,kinh-te,C04,Điểm thi THPT,2024,16.1,Kinh tế
68395,DVH,kinh-te,D01,Điểm thi THPT,2024,16.1,Kinh tế
68396,DVH,kinh-te,A00,Điểm học bạ,2025,18.0,Kinh tế
68397,DVH,kinh-te,A01,Điểm học bạ,2025,18.0,Kinh tế
68398,DVH,kinh-te,A12,Điểm học bạ,2025,18.0,Kinh tế
68399,DVH,kinh-te,A15,Điểm học bạ,2025,18.0,Kinh tế
68400,DVH,kinh-te,C04,Điểm học bạ,2025,18.0,Kinh tế
68401,DVH,kinh-te,D01,Điểm học bạ,2025,18.0,Kinh tế
68402,DVH,kinh-te,X05,Điểm học bạ,2025,18.0,Kinh tế
68403,DVH,kinh-te,X54,Điểm học bạ,2025,18.0,Kinh tế
68404,DVH,kinh-te,A00,Điểm thi THPT,2025,15.0,Kinh tế
68405,DVH,kinh-te,A01,Điểm thi THPT,2025,15.0,Kinh tế
68406,DVH,kinh-te,A12,Điểm thi THPT,2025,15.0,Kinh tế
68407,DVH,kinh-te,A15,Điểm thi THPT,2025,15.0,Kinh tế
68408,DVH,kinh-te,C04,Điểm thi THPT,2025,15.0,Kinh tế
68409,DVH,kinh-te,D01,Điểm thi THPT,2025,15.0,Kinh tế
68410,DVH,kinh-te,X05,Điểm thi THPT,2025,15.0,Kinh tế
68411,DVH,kinh-te,X54,Điểm thi THPT,2025,15.0,Kinh tế
68412,DVH,ky-thuat-dien-tu-vien-thong,A00,Điểm thi THPT,2021,16.05,Kỹ thuật điện tử - viễn thông
68413,DVH,ky-thuat-dien-tu-vien-thong,A01,Điểm thi THPT,2021,16.05,Kỹ thuật điện tử - viễn thông
68414,DVH,ky-thuat-dien-tu-vien-thong,C01,Điểm thi THPT,2021,16.05,Kỹ thuật điện tử - viễn thông
68415,DVH,ky-thuat-dien-tu-vien-thong,D01,Điểm thi THPT,2021,16.05,Kỹ thuật điện tử - viễn thông
68416,DVH,ky-thuat-dien-tu-vien-thong,A00,Điểm học bạ,2022,18.0,Kỹ thuật điện tử - viễn thông
68417,DVH,ky-thuat-dien-tu-vien-thong,A01,Điểm học bạ,2022,18.0,Kỹ thuật điện tử - viễn thông
68418,DVH,ky-thuat-dien-tu-vien-thong,C01,Điểm học bạ,2022,18.0,Kỹ thuật điện tử - viễn thông
68419,DVH,ky-thuat-dien-tu-vien-thong,D01,Điểm học bạ,2022,18.0,Kỹ thuật điện tử - viễn thông
68420,DVH,ky-thuat-dien-tu-vien-thong,A00,Điểm thi THPT,2022,21.35,Kỹ thuật điện tử - viễn thông
68421,DVH,ky-thuat-dien-tu-vien-thong,A01,Điểm thi THPT,2022,21.35,Kỹ thuật điện tử - viễn thông
68422,DVH,ky-thuat-dien-tu-vien-thong,C01,Điểm thi THPT,2022,21.35,Kỹ thuật điện tử - viễn thông
68423,DVH,ky-thuat-dien-tu-vien-thong,D01,Điểm thi THPT,2022,21.35,Kỹ thuật điện tử - viễn thông
68424,DVH,ky-thuat-dien-tu-vien-thong,A00,Điểm học bạ,2023,18.0,Kỹ thuật điện tử - viễn thông
68425,DVH,ky-thuat-dien-tu-vien-thong,A01,Điểm học bạ,2023,18.0,Kỹ thuật điện tử - viễn thông
68426,DVH,ky-thuat-dien-tu-vien-thong,C01,Điểm học bạ,2023,18.0,Kỹ thuật điện tử - viễn thông
68427,DVH,ky-thuat-dien-tu-vien-thong,D01,Điểm học bạ,2023,18.0,Kỹ thuật điện tử - viễn thông
68428,DVH,ky-thuat-dien-tu-vien-thong,A00,Điểm thi THPT,2023,15.15,Kỹ thuật điện tử - viễn thông
68429,DVH,ky-thuat-dien-tu-vien-thong,A01,Điểm thi THPT,2023,15.15,Kỹ thuật điện tử - viễn thông
68430,DVH,ky-thuat-dien-tu-vien-thong,C01,Điểm thi THPT,2023,15.15,Kỹ thuật điện tử - viễn thông
68431,DVH,ky-thuat-dien-tu-vien-thong,D01,Điểm thi THPT,2023,15.15,Kỹ thuật điện tử - viễn thông
68432,DVH,ky-thuat-dien-tu-vien-thong,A00,Điểm học bạ,2024,18.0,Kỹ thuật điện tử - viễn thông
68433,DVH,ky-thuat-dien-tu-vien-thong,A01,Điểm học bạ,2024,18.0,Kỹ thuật điện tử - viễn thông
68434,DVH,ky-thuat-dien-tu-vien-thong,C01,Điểm học bạ,2024,18.0,Kỹ thuật điện tử - viễn thông
68435,DVH,ky-thuat-dien-tu-vien-thong,D01,Điểm học bạ,2024,18.0,Kỹ thuật điện tử - viễn thông
68436,DVH,ky-thuat-dien-tu-vien-thong,A00,Điểm thi THPT,2024,15.35,Kỹ thuật điện tử - viễn thông
68437,DVH,ky-thuat-dien-tu-vien-thong,A01,Điểm thi THPT,2024,15.35,Kỹ thuật điện tử - viễn thông
68438,DVH,ky-thuat-dien-tu-vien-thong,C01,Điểm thi THPT,2024,15.35,Kỹ thuật điện tử - viễn thông
68439,DVH,ky-thuat-dien-tu-vien-thong,D01,Điểm thi THPT,2024,15.35,Kỹ thuật điện tử - viễn thông
68440,DVH,ky-thuat-dien-tu-vien-thong,A00,Điểm học bạ,2025,18.0,Kỹ thuật Điện tử - Viễn thông
68441,DVH,ky-thuat-dien-tu-vien-thong,A01,Điểm học bạ,2025,18.0,Kỹ thuật Điện tử - Viễn thông
68442,DVH,ky-thuat-dien-tu-vien-thong,D01,Điểm học bạ,2025,18.0,Kỹ thuật Điện tử - Viễn thông
68443,DVH,ky-thuat-dien-tu-vien-thong,X01,Điểm học bạ,2025,18.0,Kỹ thuật Điện tử - Viễn thông
68444,DVH,ky-thuat-dien-tu-vien-thong,X06,Điểm học bạ,2025,18.0,Kỹ thuật Điện tử - Viễn thông
68445,DVH,ky-thuat-dien-tu-vien-thong,X25,Điểm học bạ,2025,18.0,Kỹ thuật Điện tử - Viễn thông
68446,DVH,ky-thuat-dien-tu-vien-thong,X26,Điểm học bạ,2025,18.0,Kỹ thuật Điện tử - Viễn thông
68447,DVH,ky-thuat-dien-tu-vien-thong,X54,Điểm học bạ,2025,18.0,Kỹ thuật Điện tử - Viễn thông
68448,DVH,ky-thuat-dien-tu-vien-thong,A00,Điểm thi THPT,2025,15.0,Kỹ thuật Điện tử - Viễn thông
68449,DVH,ky-thuat-dien-tu-vien-thong,A01,Điểm thi THPT,2025,15.0,Kỹ thuật Điện tử - Viễn thông
68450,DVH,ky-thuat-dien-tu-vien-thong,D01,Điểm thi THPT,2025,15.0,Kỹ thuật Điện tử - Viễn thông
68451,DVH,ky-thuat-dien-tu-vien-thong,X01,Điểm thi THPT,2025,15.0,Kỹ thuật Điện tử - Viễn thông
68452,DVH,ky-thuat-dien-tu-vien-thong,X06,Điểm thi THPT,2025,15.0,Kỹ thuật Điện tử - Viễn thông
68453,DVH,ky-thuat-dien-tu-vien-thong,X25,Điểm thi THPT,2025,15.0,Kỹ thuật Điện tử - Viễn thông
68454,DVH,ky-thuat-dien-tu-vien-thong,X26,Điểm thi THPT,2025,15.0,Kỹ thuật Điện tử - Viễn thông
68455,DVH,ky-thuat-dien-tu-vien-thong,X54,Điểm thi THPT,2025,15.0,Kỹ thuật Điện tử - Viễn thông
68456,DVH,ky-thuat-moi-truong,A00,Điểm thi THPT,2023,18.0,Kỹ thuật môi trường
68457,DVH,ky-thuat-moi-truong,A02,Điểm thi THPT,2023,18.0,Kỹ thuật môi trường
68458,DVH,ky-thuat-moi-truong,B00,Điểm thi THPT,2023,18.0,Kỹ thuật môi trường
68459,DVH,ky-thuat-moi-truong,D07,Điểm thi THPT,2023,18.0,Kỹ thuật môi trường
68460,DVH,ky-thuat-moi-truong,A00,Điểm học bạ,2024,18.0,Kỹ thuật môi trường
68461,DVH,ky-thuat-moi-truong,A02,Điểm học bạ,2024,18.0,Kỹ thuật môi trường
68462,DVH,ky-thuat-moi-truong,B00,Điểm học bạ,2024,18.0,Kỹ thuật môi trường
68463,DVH,ky-thuat-moi-truong,D07,Điểm học bạ,2024,18.0,Kỹ thuật môi trường
68464,DVH,ky-thuat-moi-truong,A00,Điểm thi THPT,2024,15.95,Kỹ thuật môi trường
68465,DVH,ky-thuat-moi-truong,A02,Điểm thi THPT,2024,15.95,Kỹ thuật môi trường
68466,DVH,ky-thuat-moi-truong,B00,Điểm thi THPT,2024,15.95,Kỹ thuật môi trường
68467,DVH,ky-thuat-moi-truong,D07,Điểm thi THPT,2024,15.95,Kỹ thuật môi trường
68468,DVH,ky-thuat-moi-truong,A00,Điểm học bạ,2025,18.0,Kỹ thuật môi trường
68469,DVH,ky-thuat-moi-truong,A01,Điểm học bạ,2025,18.0,Kỹ thuật môi trường
68470,DVH,ky-thuat-moi-truong,D01,Điểm học bạ,2025,18.0,Kỹ thuật môi trường
68471,DVH,ky-thuat-moi-truong,X01,Điểm học bạ,2025,18.0,Kỹ thuật môi trường
68472,DVH,ky-thuat-moi-truong,X06,Điểm học bạ,2025,18.0,Kỹ thuật môi trường
68473,DVH,ky-thuat-moi-truong,X25,Điểm học bạ,2025,18.0,Kỹ thuật môi trường
68474,DVH,ky-thuat-moi-truong,X26,Điểm học bạ,2025,18.0,Kỹ thuật môi trường
68475,DVH,ky-thuat-moi-truong,X54,Điểm học bạ,2025,18.0,Kỹ thuật môi trường
68476,DVH,ky-thuat-moi-truong,A00,Điểm thi THPT,2025,15.0,Kỹ thuật môi trường
68477,DVH,ky-thuat-moi-truong,A01,Điểm thi THPT,2025,15.0,Kỹ thuật môi trường
68478,DVH,ky-thuat-moi-truong,D01,Điểm thi THPT,2025,15.0,Kỹ thuật môi trường
68479,DVH,ky-thuat-moi-truong,X01,Điểm thi THPT,2025,15.0,Kỹ thuật môi trường
68480,DVH,ky-thuat-moi-truong,X06,Điểm thi THPT,2025,15.0,Kỹ thuật môi trường
68481,DVH,ky-thuat-moi-truong,X25,Điểm thi THPT,2025,15.0,Kỹ thuật môi trường
68482,DVH,ky-thuat-moi-truong,X26,Điểm thi THPT,2025,15.0,Kỹ thuật môi trường
68483,DVH,ky-thuat-moi-truong,X54,Điểm thi THPT,2025,15.0,Kỹ thuật môi trường
68484,DVH,ky-thuat-xay-dung,A00,Điểm học bạ,2024,18.0,Kỹ thuật xây dựng
68485,DVH,ky-thuat-xay-dung,A01,Điểm học bạ,2024,18.0,Kỹ thuật xây dựng
68486,DVH,ky-thuat-xay-dung,C01,Điểm học bạ,2024,18.0,Kỹ thuật xây dựng
68487,DVH,ky-thuat-xay-dung,D07,Điểm học bạ,2024,18.0,Kỹ thuật xây dựng
68488,DVH,ky-thuat-xay-dung,A00,Điểm thi THPT,2024,15.45,Kỹ thuật xây dựng
68489,DVH,ky-thuat-xay-dung,A01,Điểm thi THPT,2024,15.45,Kỹ thuật xây dựng
68490,DVH,ky-thuat-xay-dung,C01,Điểm thi THPT,2024,15.45,Kỹ thuật xây dựng
68491,DVH,ky-thuat-xay-dung,D07,Điểm thi THPT,2024,15.45,Kỹ thuật xây dựng
68492,DVH,ky-thuat-xay-dung,A00,Điểm học bạ,2025,18.0,Kỹ thuật xây dựng
68493,DVH,ky-thuat-xay-dung,A01,Điểm học bạ,2025,18.0,Kỹ thuật xây dựng
68494,DVH,ky-thuat-xay-dung,D01,Điểm học bạ,2025,18.0,Kỹ thuật xây dựng
68495,DVH,ky-thuat-xay-dung,X01,Điểm học bạ,2025,18.0,Kỹ thuật xây dựng
68496,DVH,ky-thuat-xay-dung,X06,Điểm học bạ,2025,18.0,Kỹ thuật xây dựng
68497,DVH,ky-thuat-xay-dung,X25,Điểm học bạ,2025,18.0,Kỹ thuật xây dựng
68498,DVH,ky-thuat-xay-dung,X26,Điểm học bạ,2025,18.0,Kỹ thuật xây dựng
68499,DVH,ky-thuat-xay-dung,X54,Điểm học bạ,2025,18.0,Kỹ thuật xây dựng
68500,DVH,ky-thuat-xay-dung,A00,Điểm thi THPT,2025,15.0,Kỹ thuật xây dựng
68501,DVH,ky-thuat-xay-dung,A01,Điểm thi THPT,2025,15.0,Kỹ thuật xây dựng
68502,DVH,ky-thuat-xay-dung,D01,Điểm thi THPT,2025,15.0,Kỹ thuật xây dựng
68503,DVH,ky-thuat-xay-dung,X01,Điểm thi THPT,2025,15.0,Kỹ thuật xây dựng
68504,DVH,ky-thuat-xay-dung,X06,Điểm thi THPT,2025,15.0,Kỹ thuật xây dựng
68505,DVH,ky-thuat-xay-dung,X25,Điểm thi THPT,2025,15.0,Kỹ thuật xây dựng
68506,DVH,ky-thuat-xay-dung,X26,Điểm thi THPT,2025,15.0,Kỹ thuật xây dựng
68507,DVH,ky-thuat-xay-dung,X54,Điểm thi THPT,2025,15.0,Kỹ thuật xây dựng
68508,DVH,logistics-va-quan-ly-chuoi-cung-ung,A00,Điểm thi THPT,2021,19.0,Logistics và Quản lý chuỗi cung ứng
68509,DVH,logistics-va-quan-ly-chuoi-cung-ung,A01,Điểm thi THPT,2021,19.0,Logistics và Quản lý chuỗi cung ứng
68510,DVH,logistics-va-quan-ly-chuoi-cung-ung,C04,Điểm thi THPT,2021,19.0,Logistics và Quản lý chuỗi cung ứng
68511,DVH,logistics-va-quan-ly-chuoi-cung-ung,D01,Điểm thi THPT,2021,19.0,Logistics và Quản lý chuỗi cung ứng
68512,DVH,logistics-va-quan-ly-chuoi-cung-ung,A00,Điểm học bạ,2022,18.0,Logistics và Quản lý chuỗi cung ứng
68513,DVH,logistics-va-quan-ly-chuoi-cung-ung,A01,Điểm học bạ,2022,18.0,Logistics và Quản lý chuỗi cung ứng
68514,DVH,logistics-va-quan-ly-chuoi-cung-ung,C04,Điểm học bạ,2022,18.0,Logistics và Quản lý chuỗi cung ứng
68515,DVH,logistics-va-quan-ly-chuoi-cung-ung,D01,Điểm học bạ,2022,18.0,Logistics và Quản lý chuỗi cung ứng
68516,DVH,logistics-va-quan-ly-chuoi-cung-ung,A00,Điểm thi THPT,2022,22.0,Logistics và Quản lý chuỗi cung ứng
68517,DVH,logistics-va-quan-ly-chuoi-cung-ung,A01,Điểm thi THPT,2022,22.0,Logistics và Quản lý chuỗi cung ứng
68518,DVH,logistics-va-quan-ly-chuoi-cung-ung,C04,Điểm thi THPT,2022,22.0,Logistics và Quản lý chuỗi cung ứng
68519,DVH,logistics-va-quan-ly-chuoi-cung-ung,D01,Điểm thi THPT,2022,22.0,Logistics và Quản lý chuỗi cung ứng
68520,DVH,logistics-va-quan-ly-chuoi-cung-ung,A00,Điểm học bạ,2023,18.0,Logistics và Quản lý chuỗi cung ứng
68521,DVH,logistics-va-quan-ly-chuoi-cung-ung,A01,Điểm học bạ,2023,18.0,Logistics và Quản lý chuỗi cung ứng
68522,DVH,logistics-va-quan-ly-chuoi-cung-ung,C04,Điểm học bạ,2023,18.0,Logistics và Quản lý chuỗi cung ứng
68523,DVH,logistics-va-quan-ly-chuoi-cung-ung,D01,Điểm học bạ,2023,18.0,Logistics và Quản lý chuỗi cung ứng
68524,DVH,logistics-va-quan-ly-chuoi-cung-ung,A00,Điểm thi THPT,2023,23.5,Logistics và Quản lý chuỗi cung ứng
68525,DVH,logistics-va-quan-ly-chuoi-cung-ung,A01,Điểm thi THPT,2023,23.5,Logistics và Quản lý chuỗi cung ứng
68526,DVH,logistics-va-quan-ly-chuoi-cung-ung,C04,Điểm thi THPT,2023,23.5,Logistics và Quản lý chuỗi cung ứng
68527,DVH,logistics-va-quan-ly-chuoi-cung-ung,D01,Điểm thi THPT,2023,23.5,Logistics và Quản lý chuỗi cung ứng
68528,DVH,logistics-va-quan-ly-chuoi-cung-ung,A00,Điểm học bạ,2024,18.0,Logistics và Quản lý chuỗi cung ứng
68529,DVH,logistics-va-quan-ly-chuoi-cung-ung,A01,Điểm học bạ,2024,18.0,Logistics và Quản lý chuỗi cung ứng
68530,DVH,logistics-va-quan-ly-chuoi-cung-ung,C04,Điểm học bạ,2024,18.0,Logistics và Quản lý chuỗi cung ứng
68531,DVH,logistics-va-quan-ly-chuoi-cung-ung,D01,Điểm học bạ,2024,18.0,Logistics và Quản lý chuỗi cung ứng
68532,DVH,logistics-va-quan-ly-chuoi-cung-ung,A00,Điểm thi THPT,2024,16.05,Logistics và Quản lý chuỗi cung ứng
68533,DVH,logistics-va-quan-ly-chuoi-cung-ung,A01,Điểm thi THPT,2024,16.05,Logistics và Quản lý chuỗi cung ứng
68534,DVH,logistics-va-quan-ly-chuoi-cung-ung,C04,Điểm thi THPT,2024,16.05,Logistics và Quản lý chuỗi cung ứng
68535,DVH,logistics-va-quan-ly-chuoi-cung-ung,D01,Điểm thi THPT,2024,16.05,Logistics và Quản lý chuỗi cung ứng
68536,DVH,logistics-va-quan-ly-chuoi-cung-ung,A00,Điểm học bạ,2025,18.0,Logistics và Quản lý chuỗi cung ứng
68537,DVH,logistics-va-quan-ly-chuoi-cung-ung,A01,Điểm học bạ,2025,18.0,Logistics và Quản lý chuỗi cung ứng
68538,DVH,logistics-va-quan-ly-chuoi-cung-ung,A12,Điểm học bạ,2025,18.0,Logistics và Quản lý chuỗi cung ứng
68539,DVH,logistics-va-quan-ly-chuoi-cung-ung,A15,Điểm học bạ,2025,18.0,Logistics và Quản lý chuỗi cung ứng
68540,DVH,logistics-va-quan-ly-chuoi-cung-ung,C04,Điểm học bạ,2025,18.0,Logistics và Quản lý chuỗi cung ứng
68541,DVH,logistics-va-quan-ly-chuoi-cung-ung,D01,Điểm học bạ,2025,18.0,Logistics và Quản lý chuỗi cung ứng
68542,DVH,logistics-va-quan-ly-chuoi-cung-ung,X05,Điểm học bạ,2025,18.0,Logistics và Quản lý chuỗi cung ứng
68543,DVH,logistics-va-quan-ly-chuoi-cung-ung,X54,Điểm học bạ,2025,18.0,Logistics và Quản lý chuỗi cung ứng
68544,DVH,logistics-va-quan-ly-chuoi-cung-ung,A00,Điểm thi THPT,2025,15.0,Logistics và Quản lý chuỗi cung ứng
68545,DVH,logistics-va-quan-ly-chuoi-cung-ung,A01,Điểm thi THPT,2025,15.0,Logistics và Quản lý chuỗi cung ứng
68546,DVH,logistics-va-quan-ly-chuoi-cung-ung,A12,Điểm thi THPT,2025,15.0,Logistics và Quản lý chuỗi cung ứng
68547,DVH,logistics-va-quan-ly-chuoi-cung-ung,A15,Điểm thi THPT,2025,15.0,Logistics và Quản lý chuỗi cung ứng
68548,DVH,logistics-va-quan-ly-chuoi-cung-ung,C04,Điểm thi THPT,2025,15.0,Logistics và Quản lý chuỗi cung ứng
68549,DVH,logistics-va-quan-ly-chuoi-cung-ung,D01,Điểm thi THPT,2025,15.0,Logistics và Quản lý chuỗi cung ứng
68550,DVH,logistics-va-quan-ly-chuoi-cung-ung,X05,Điểm thi THPT,2025,15.0,Logistics và Quản lý chuỗi cung ứng
68551,DVH,logistics-va-quan-ly-chuoi-cung-ung,X54,Điểm thi THPT,2025,15.0,Logistics và Quản lý chuỗi cung ứng
68552,DVH,luat,A00,Điểm học bạ,2022,18.0,Luật
68553,DVH,luat,A01,Điểm học bạ,2022,18.0,Luật
68554,DVH,luat,C04,Điểm học bạ,2022,18.0,Luật
68555,DVH,luat,D01,Điểm học bạ,2022,18.0,Luật
68556,DVH,luat,A00,Điểm thi THPT,2022,21.05,Luật
68557,DVH,luat,A01,Điểm thi THPT,2022,21.05,Luật
68558,DVH,luat,C04,Điểm thi THPT,2022,21.05,Luật
68559,DVH,luat,D01,Điểm thi THPT,2022,21.05,Luật
68560,DVH,luat,A00,Điểm học bạ,2023,18.0,Luật
68561,DVH,luat,A01,Điểm học bạ,2023,18.0,Luật
68562,DVH,luat,C04,Điểm học bạ,2023,18.0,Luật
68563,DVH,luat,D01,Điểm học bạ,2023,18.0,Luật
68564,DVH,luat,A00,Điểm thi THPT,2023,16.05,Luật
68565,DVH,luat,A01,Điểm thi THPT,2023,16.05,Luật
68566,DVH,luat,C04,Điểm thi THPT,2023,16.05,Luật
68567,DVH,luat,D01,Điểm thi THPT,2023,16.05,Luật
68568,DVH,luat,A00,Điểm học bạ,2024,18.0,Luật
68569,DVH,luat,A01,Điểm học bạ,2024,18.0,Luật
68570,DVH,luat,C04,Điểm học bạ,2024,18.0,Luật
68571,DVH,luat,D01,Điểm học bạ,2024,18.0,Luật
68572,DVH,luat,A00,Điểm thi THPT,2024,16.2,Luật
68573,DVH,luat,A01,Điểm thi THPT,2024,16.2,Luật
68574,DVH,luat,C04,Điểm thi THPT,2024,16.2,Luật
68575,DVH,luat,D01,Điểm thi THPT,2024,16.2,Luật
68576,DVH,luat,A00,Điểm học bạ,2025,18.0,Luật
68577,DVH,luat,A01,Điểm học bạ,2025,18.0,Luật
68578,DVH,luat,A12,Điểm học bạ,2025,18.0,Luật
68579,DVH,luat,C04,Điểm học bạ,2025,18.0,Luật
68580,DVH,luat,D01,Điểm học bạ,2025,18.0,Luật
68581,DVH,luat,X54,Điểm học bạ,2025,18.0,Luật
68582,DVH,luat,X74,Điểm học bạ,2025,18.0,Luật
68583,DVH,luat,Y08,Điểm học bạ,2025,18.0,Luật
68584,DVH,luat,A00,Điểm thi THPT,2025,15.0,Luật
68585,DVH,luat,A01,Điểm thi THPT,2025,15.0,Luật
68586,DVH,luat,A12,Điểm thi THPT,2025,15.0,Luật
68587,DVH,luat,C04,Điểm thi THPT,2025,15.0,Luật
68588,DVH,luat,D01,Điểm thi THPT,2025,15.0,Luật
68589,DVH,luat,X54,Điểm thi THPT,2025,15.0,Luật
68590,DVH,luat,X74,Điểm thi THPT,2025,15.0,Luật
68591,DVH,luat,Y08,Điểm thi THPT,2025,15.0,Luật
68592,DVH,luat-kinh-te,A00,Điểm học bạ,2025,18.0,Luật Kinh tế
68593,DVH,luat-kinh-te,A01,Điểm học bạ,2025,18.0,Luật Kinh tế
68594,DVH,luat-kinh-te,A12,Điểm học bạ,2025,18.0,Luật Kinh tế
68595,DVH,luat-kinh-te,C04,Điểm học bạ,2025,18.0,Luật Kinh tế
68596,DVH,luat-kinh-te,D01,Điểm học bạ,2025,18.0,Luật Kinh tế
68597,DVH,luat-kinh-te,X54,Điểm học bạ,2025,18.0,Luật Kinh tế
68598,DVH,luat-kinh-te,X74,Điểm học bạ,2025,18.0,Luật Kinh tế
68599,DVH,luat-kinh-te,Y08,Điểm học bạ,2025,18.0,Luật Kinh tế
68600,DVH,luat-kinh-te,A00,Điểm thi THPT,2025,15.0,Luật Kinh tế
68601,DVH,luat-kinh-te,A01,Điểm thi THPT,2025,15.0,Luật Kinh tế
68602,DVH,luat-kinh-te,A12,Điểm thi THPT,2025,15.0,Luật Kinh tế
68603,DVH,luat-kinh-te,C04,Điểm thi THPT,2025,15.0,Luật Kinh tế
68604,DVH,luat-kinh-te,D01,Điểm thi THPT,2025,15.0,Luật Kinh tế
68605,DVH,luat-kinh-te,X54,Điểm thi THPT,2025,15.0,Luật Kinh tế
68606,DVH,luat-kinh-te,X74,Điểm thi THPT,2025,15.0,Luật Kinh tế
68607,DVH,luat-kinh-te,Y08,Điểm thi THPT,2025,15.0,Luật Kinh tế
68608,DVH,mang-may-tinh-va-truyen-thong,A00,Điểm học bạ,2025,18.0,Mạng máy tính và Truyền thông
68609,DVH,mang-may-tinh-va-truyen-thong,A01,Điểm học bạ,2025,18.0,Mạng máy tính và Truyền thông
68610,DVH,mang-may-tinh-va-truyen-thong,D01,Điểm học bạ,2025,18.0,Mạng máy tính và Truyền thông
68611,DVH,mang-may-tinh-va-truyen-thong,X01,Điểm học bạ,2025,18.0,Mạng máy tính và Truyền thông
68612,DVH,mang-may-tinh-va-truyen-thong,X06,Điểm học bạ,2025,18.0,Mạng máy tính và Truyền thông
68613,DVH,mang-may-tinh-va-truyen-thong,X25,Điểm học bạ,2025,18.0,Mạng máy tính và Truyền thông
68614,DVH,mang-may-tinh-va-truyen-thong,X26,Điểm học bạ,2025,18.0,Mạng máy tính và Truyền thông
68615,DVH,mang-may-tinh-va-truyen-thong,X54,Điểm học bạ,2025,18.0,Mạng máy tính và Truyền thông
68616,DVH,mang-may-tinh-va-truyen-thong,A00,Điểm thi THPT,2025,15.0,Mạng máy tính và Truyền thông
68617,DVH,mang-may-tinh-va-truyen-thong,A01,Điểm thi THPT,2025,15.0,Mạng máy tính và Truyền thông
68618,DVH,mang-may-tinh-va-truyen-thong,D01,Điểm thi THPT,2025,15.0,Mạng máy tính và Truyền thông
68619,DVH,mang-may-tinh-va-truyen-thong,X01,Điểm thi THPT,2025,15.0,Mạng máy tính và Truyền thông
68620,DVH,mang-may-tinh-va-truyen-thong,X06,Điểm thi THPT,2025,15.0,Mạng máy tính và Truyền thông
68621,DVH,mang-may-tinh-va-truyen-thong,X25,Điểm thi THPT,2025,15.0,Mạng máy tính và Truyền thông
68622,DVH,mang-may-tinh-va-truyen-thong,X26,Điểm thi THPT,2025,15.0,Mạng máy tính và Truyền thông
68623,DVH,mang-may-tinh-va-truyen-thong,X54,Điểm thi THPT,2025,15.0,Mạng máy tính và Truyền thông
68624,DVH,marketing,A00,Điểm học bạ,2023,18.0,Marketing
68625,DVH,marketing,A01,Điểm học bạ,2023,18.0,Marketing
68626,DVH,marketing,C04,Điểm học bạ,2023,18.0,Marketing
68627,DVH,marketing,D01,Điểm học bạ,2023,18.0,Marketing
68628,DVH,marketing,A00,Điểm thi THPT,2023,23.0,Marketing
68629,DVH,marketing,A01,Điểm thi THPT,2023,23.0,Marketing
68630,DVH,marketing,C04,Điểm thi THPT,2023,23.0,Marketing
68631,DVH,marketing,D01,Điểm thi THPT,2023,23.0,Marketing
68632,DVH,marketing,A00,Điểm học bạ,2024,18.0,Marketing
68633,DVH,marketing,A01,Điểm học bạ,2024,18.0,Marketing
68634,DVH,marketing,C04,Điểm học bạ,2024,18.0,Marketing
68635,DVH,marketing,D01,Điểm học bạ,2024,18.0,Marketing
68636,DVH,marketing,A00,Điểm thi THPT,2024,16.0,Marketing
68637,DVH,marketing,A01,Điểm thi THPT,2024,16.0,Marketing
68638,DVH,marketing,C04,Điểm thi THPT,2024,16.0,Marketing
68639,DVH,marketing,D01,Điểm thi THPT,2024,16.0,Marketing
68640,DVH,marketing,A00,Điểm học bạ,2025,18.0,Marketing
68641,DVH,marketing,A01,Điểm học bạ,2025,18.0,Marketing
68642,DVH,marketing,A12,Điểm học bạ,2025,18.0,Marketing
68643,DVH,marketing,A15,Điểm học bạ,2025,18.0,Marketing
68644,DVH,marketing,C04,Điểm học bạ,2025,18.0,Marketing
68645,DVH,marketing,D01,Điểm học bạ,2025,18.0,Marketing
68646,DVH,marketing,X05,Điểm học bạ,2025,18.0,Marketing
68647,DVH,marketing,X54,Điểm học bạ,2025,18.0,Marketing
68648,DVH,marketing,A00,Điểm thi THPT,2025,15.0,Marketing
68649,DVH,marketing,A01,Điểm thi THPT,2025,15.0,Marketing
68650,DVH,marketing,A12,Điểm thi THPT,2025,15.0,Marketing
68651,DVH,marketing,A15,Điểm thi THPT,2025,15.0,Marketing
68652,DVH,marketing,C04,Điểm thi THPT,2025,15.0,Marketing
68653,DVH,marketing,D01,Điểm thi THPT,2025,15.0,Marketing
68654,DVH,marketing,X05,Điểm thi THPT,2025,15.0,Marketing
68655,DVH,marketing,X54,Điểm thi THPT,2025,15.0,Marketing
68656,DVH,ngon-ngu-anh,A01,Điểm thi THPT,2021,19.0,Ngôn ngữ Anh
68657,DVH,ngon-ngu-anh,D01,Điểm thi THPT,2021,19.0,Ngôn ngữ Anh
68658,DVH,ngon-ngu-anh,D10,Điểm thi THPT,2021,19.0,Ngôn ngữ Anh
68659,DVH,ngon-ngu-anh,D15,Điểm thi THPT,2021,19.0,Ngôn ngữ Anh
68660,DVH,ngon-ngu-anh,A01,Điểm học bạ,2022,18.0,Ngôn ngữ Anh
68661,DVH,ngon-ngu-anh,D01,Điểm học bạ,2022,18.0,Ngôn ngữ Anh
68662,DVH,ngon-ngu-anh,D10,Điểm học bạ,2022,18.0,Ngôn ngữ Anh
68663,DVH,ngon-ngu-anh,D15,Điểm học bạ,2022,18.0,Ngôn ngữ Anh
68664,DVH,ngon-ngu-anh,A01,Điểm thi THPT,2022,22.0,Ngôn ngữ Anh
68665,DVH,ngon-ngu-anh,D01,Điểm thi THPT,2022,22.0,Ngôn ngữ Anh
68666,DVH,ngon-ngu-anh,D10,Điểm thi THPT,2022,22.0,Ngôn ngữ Anh
68667,DVH,ngon-ngu-anh,D15,Điểm thi THPT,2022,22.0,Ngôn ngữ Anh
68668,DVH,ngon-ngu-anh,A01,Điểm học bạ,2023,18.0,Ngôn ngữ Anh
68669,DVH,ngon-ngu-anh,D01,Điểm học bạ,2023,18.0,Ngôn ngữ Anh
68670,DVH,ngon-ngu-anh,D10,Điểm học bạ,2023,18.0,Ngôn ngữ Anh
68671,DVH,ngon-ngu-anh,D15,Điểm học bạ,2023,18.0,Ngôn ngữ Anh
68672,DVH,ngon-ngu-anh,A01,Điểm thi THPT,2023,24.0,Ngôn ngữ Anh
68673,DVH,ngon-ngu-anh,D01,Điểm thi THPT,2023,24.0,Ngôn ngữ Anh
68674,DVH,ngon-ngu-anh,D10,Điểm thi THPT,2023,24.0,Ngôn ngữ Anh
68675,DVH,ngon-ngu-anh,D15,Điểm thi THPT,2023,24.0,Ngôn ngữ Anh
68676,DVH,ngon-ngu-anh,A01,Điểm học bạ,2024,18.0,Ngôn ngữ Anh
68677,DVH,ngon-ngu-anh,D01,Điểm học bạ,2024,18.0,Ngôn ngữ Anh
68678,DVH,ngon-ngu-anh,D10,Điểm học bạ,2024,18.0,Ngôn ngữ Anh
68679,DVH,ngon-ngu-anh,D15,Điểm học bạ,2024,18.0,Ngôn ngữ Anh
68680,DVH,ngon-ngu-anh,A01,Điểm thi THPT,2024,16.2,Ngôn ngữ Anh
68681,DVH,ngon-ngu-anh,D01,Điểm thi THPT,2024,16.2,Ngôn ngữ Anh
68682,DVH,ngon-ngu-anh,D10,Điểm thi THPT,2024,16.2,Ngôn ngữ Anh
68683,DVH,ngon-ngu-anh,D15,Điểm thi THPT,2024,16.2,Ngôn ngữ Anh
68684,DVH,ngon-ngu-anh,A01,Điểm học bạ,2025,18.0,Ngôn ngữ Anh
68685,DVH,ngon-ngu-anh,D01,Điểm học bạ,2025,18.0,Ngôn ngữ Anh
68686,DVH,ngon-ngu-anh,D09,Điểm học bạ,2025,18.0,Ngôn ngữ Anh
68687,DVH,ngon-ngu-anh,D10,Điểm học bạ,2025,18.0,Ngôn ngữ Anh
68688,DVH,ngon-ngu-anh,D12,Điểm học bạ,2025,18.0,Ngôn ngữ Anh
68689,DVH,ngon-ngu-anh,D14,Điểm học bạ,2025,18.0,Ngôn ngữ Anh
68690,DVH,ngon-ngu-anh,D15,Điểm học bạ,2025,18.0,Ngôn ngữ Anh
68691,DVH,ngon-ngu-anh,D66,Điểm học bạ,2025,18.0,Ngôn ngữ Anh
68692,DVH,ngon-ngu-anh,A01,Điểm thi THPT,2025,15.0,Ngôn ngữ Anh
68693,DVH,ngon-ngu-anh,D01,Điểm thi THPT,2025,15.0,Ngôn ngữ Anh
68694,DVH,ngon-ngu-anh,D09,Điểm thi THPT,2025,15.0,Ngôn ngữ Anh
68695,DVH,ngon-ngu-anh,D10,Điểm thi THPT,2025,15.0,Ngôn ngữ Anh
68696,DVH,ngon-ngu-anh,D12,Điểm thi THPT,2025,15.0,Ngôn ngữ Anh
68697,DVH,ngon-ngu-anh,D14,Điểm thi THPT,2025,15.0,Ngôn ngữ Anh
68698,DVH,ngon-ngu-anh,D15,Điểm thi THPT,2025,15.0,Ngôn ngữ Anh
68699,DVH,ngon-ngu-anh,D66,Điểm thi THPT,2025,15.0,Ngôn ngữ Anh
68700,DVH,ngon-ngu-nhat,A01,Điểm thi THPT,2021,17.5,Ngôn ngữ Nhật
68701,DVH,ngon-ngu-nhat,D01,Điểm thi THPT,2021,17.5,Ngôn ngữ Nhật
68702,DVH,ngon-ngu-nhat,D10,Điểm thi THPT,2021,17.5,Ngôn ngữ Nhật
68703,DVH,ngon-ngu-nhat,D15,Điểm thi THPT,2021,17.5,Ngôn ngữ Nhật
68704,DVH,ngon-ngu-nhat,A01,Điểm học bạ,2022,18.0,Ngôn ngữ Nhật
68705,DVH,ngon-ngu-nhat,D01,Điểm học bạ,2022,18.0,Ngôn ngữ Nhật
68706,DVH,ngon-ngu-nhat,D10,Điểm học bạ,2022,18.0,Ngôn ngữ Nhật
68707,DVH,ngon-ngu-nhat,D15,Điểm học bạ,2022,18.0,Ngôn ngữ Nhật
68708,DVH,ngon-ngu-nhat,A01,Điểm thi THPT,2022,21.0,Ngôn ngữ Nhật
68709,DVH,ngon-ngu-nhat,D01,Điểm thi THPT,2022,21.0,Ngôn ngữ Nhật
68710,DVH,ngon-ngu-nhat,D10,Điểm thi THPT,2022,21.0,Ngôn ngữ Nhật
68711,DVH,ngon-ngu-nhat,D15,Điểm thi THPT,2022,21.0,Ngôn ngữ Nhật
68712,DVH,ngon-ngu-nhat,A01,Điểm học bạ,2023,18.0,Ngôn ngữ Nhật
68713,DVH,ngon-ngu-nhat,D01,Điểm học bạ,2023,18.0,Ngôn ngữ Nhật
68714,DVH,ngon-ngu-nhat,D10,Điểm học bạ,2023,18.0,Ngôn ngữ Nhật
68715,DVH,ngon-ngu-nhat,D15,Điểm học bạ,2023,18.0,Ngôn ngữ Nhật
68716,DVH,ngon-ngu-nhat,A01,Điểm thi THPT,2023,16.0,Ngôn ngữ Nhật
68717,DVH,ngon-ngu-nhat,D01,Điểm thi THPT,2023,16.0,Ngôn ngữ Nhật
68718,DVH,ngon-ngu-nhat,D10,Điểm thi THPT,2023,16.0,Ngôn ngữ Nhật
68719,DVH,ngon-ngu-nhat,D15,Điểm thi THPT,2023,16.0,Ngôn ngữ Nhật
68720,DVH,ngon-ngu-nhat,A01,Điểm học bạ,2024,18.0,Ngôn ngữ Nhật
68721,DVH,ngon-ngu-nhat,D01,Điểm học bạ,2024,18.0,Ngôn ngữ Nhật
68722,DVH,ngon-ngu-nhat,D10,Điểm học bạ,2024,18.0,Ngôn ngữ Nhật
68723,DVH,ngon-ngu-nhat,D15,Điểm học bạ,2024,18.0,Ngôn ngữ Nhật
68724,DVH,ngon-ngu-nhat,A01,Điểm thi THPT,2024,16.25,Ngôn ngữ Nhật
68725,DVH,ngon-ngu-nhat,D01,Điểm thi THPT,2024,16.25,Ngôn ngữ Nhật
68726,DVH,ngon-ngu-nhat,D10,Điểm thi THPT,2024,16.25,Ngôn ngữ Nhật
68727,DVH,ngon-ngu-nhat,D15,Điểm thi THPT,2024,16.25,Ngôn ngữ Nhật
68728,DVH,ngon-ngu-nhat,A01,Điểm học bạ,2025,18.0,Ngôn ngữ Nhật
68729,DVH,ngon-ngu-nhat,D01,Điểm học bạ,2025,18.0,Ngôn ngữ Nhật
68730,DVH,ngon-ngu-nhat,D06,Điểm học bạ,2025,18.0,Ngôn ngữ Nhật
68731,DVH,ngon-ngu-nhat,D10,Điểm học bạ,2025,18.0,Ngôn ngữ Nhật
68732,DVH,ngon-ngu-nhat,D14,Điểm học bạ,2025,18.0,Ngôn ngữ Nhật
68733,DVH,ngon-ngu-nhat,D15,Điểm học bạ,2025,18.0,Ngôn ngữ Nhật
68734,DVH,ngon-ngu-nhat,D66,Điểm học bạ,2025,18.0,Ngôn ngữ Nhật
68735,DVH,ngon-ngu-nhat,D84,Điểm học bạ,2025,18.0,Ngôn ngữ Nhật
68736,DVH,ngon-ngu-nhat,A01,Điểm thi THPT,2025,15.0,Ngôn ngữ Nhật
68737,DVH,ngon-ngu-nhat,D01,Điểm thi THPT,2025,15.0,Ngôn ngữ Nhật
68738,DVH,ngon-ngu-nhat,D06,Điểm thi THPT,2025,15.0,Ngôn ngữ Nhật
68739,DVH,ngon-ngu-nhat,D10,Điểm thi THPT,2025,15.0,Ngôn ngữ Nhật
68740,DVH,ngon-ngu-nhat,D14,Điểm thi THPT,2025,15.0,Ngôn ngữ Nhật
68741,DVH,ngon-ngu-nhat,D15,Điểm thi THPT,2025,15.0,Ngôn ngữ Nhật
68742,DVH,ngon-ngu-nhat,D66,Điểm thi THPT,2025,15.0,Ngôn ngữ Nhật
68743,DVH,ngon-ngu-nhat,D84,Điểm thi THPT,2025,15.0,Ngôn ngữ Nhật
68744,DVH,ngon-ngu-phap,A01,Điểm thi THPT,2021,20.5,Ngôn ngữ Pháp
68745,DVH,ngon-ngu-phap,D01,Điểm thi THPT,2021,20.5,Ngôn ngữ Pháp
68746,DVH,ngon-ngu-phap,D10,Điểm thi THPT,2021,20.5,Ngôn ngữ Pháp
68747,DVH,ngon-ngu-phap,D15,Điểm thi THPT,2021,20.5,Ngôn ngữ Pháp
68748,DVH,ngon-ngu-phap,A01,Điểm học bạ,2022,18.0,Ngôn ngữ Pháp
68749,DVH,ngon-ngu-phap,D01,Điểm học bạ,2022,18.0,Ngôn ngữ Pháp
68750,DVH,ngon-ngu-phap,D10,Điểm học bạ,2022,18.0,Ngôn ngữ Pháp
68751,DVH,ngon-ngu-phap,D15,Điểm học bạ,2022,18.0,Ngôn ngữ Pháp
68752,DVH,ngon-ngu-phap,A01,Điểm thi THPT,2022,21.0,Ngôn ngữ Pháp
68753,DVH,ngon-ngu-phap,D01,Điểm thi THPT,2022,21.0,Ngôn ngữ Pháp
68754,DVH,ngon-ngu-phap,D10,Điểm thi THPT,2022,21.0,Ngôn ngữ Pháp
68755,DVH,ngon-ngu-phap,D15,Điểm thi THPT,2022,21.0,Ngôn ngữ Pháp
68756,DVH,ngon-ngu-phap,A01,Điểm học bạ,2023,18.0,Ngôn ngữ Pháp
68757,DVH,ngon-ngu-phap,D01,Điểm học bạ,2023,18.0,Ngôn ngữ Pháp
68758,DVH,ngon-ngu-phap,D10,Điểm học bạ,2023,18.0,Ngôn ngữ Pháp
68759,DVH,ngon-ngu-phap,D15,Điểm học bạ,2023,18.0,Ngôn ngữ Pháp
68760,DVH,ngon-ngu-phap,A01,Điểm thi THPT,2023,17.25,Ngôn ngữ Pháp
68761,DVH,ngon-ngu-phap,D01,Điểm thi THPT,2023,17.25,Ngôn ngữ Pháp
68762,DVH,ngon-ngu-phap,D10,Điểm thi THPT,2023,17.25,Ngôn ngữ Pháp
68763,DVH,ngon-ngu-phap,D15,Điểm thi THPT,2023,17.25,Ngôn ngữ Pháp
68764,DVH,ngon-ngu-phap,A01,Điểm học bạ,2024,18.0,Ngôn ngữ Pháp
68765,DVH,ngon-ngu-phap,D01,Điểm học bạ,2024,18.0,Ngôn ngữ Pháp
68766,DVH,ngon-ngu-phap,D10,Điểm học bạ,2024,18.0,Ngôn ngữ Pháp
68767,DVH,ngon-ngu-phap,D15,Điểm học bạ,2024,18.0,Ngôn ngữ Pháp
68768,DVH,ngon-ngu-phap,A01,Điểm thi THPT,2024,16.2,Ngôn ngữ Pháp
68769,DVH,ngon-ngu-phap,D01,Điểm thi THPT,2024,16.2,Ngôn ngữ Pháp
68770,DVH,ngon-ngu-phap,D10,Điểm thi THPT,2024,16.2,Ngôn ngữ Pháp
68771,DVH,ngon-ngu-phap,D15,Điểm thi THPT,2024,16.2,Ngôn ngữ Pháp
68772,DVH,ngon-ngu-phap,A01,Điểm học bạ,2025,18.0,Ngôn ngữ Pháp
68773,DVH,ngon-ngu-phap,D01,Điểm học bạ,2025,18.0,Ngôn ngữ Pháp
68774,DVH,ngon-ngu-phap,D03,Điểm học bạ,2025,18.0,Ngôn ngữ Pháp
68775,DVH,ngon-ngu-phap,D10,Điểm học bạ,2025,18.0,Ngôn ngữ Pháp
68776,DVH,ngon-ngu-phap,D14,Điểm học bạ,2025,18.0,Ngôn ngữ Pháp
68777,DVH,ngon-ngu-phap,D15,Điểm học bạ,2025,18.0,Ngôn ngữ Pháp
68778,DVH,ngon-ngu-phap,D66,Điểm học bạ,2025,18.0,Ngôn ngữ Pháp
68779,DVH,ngon-ngu-phap,D84,Điểm học bạ,2025,18.0,Ngôn ngữ Pháp
68780,DVH,ngon-ngu-phap,A01,Điểm thi THPT,2025,15.0,Ngôn ngữ Pháp
68781,DVH,ngon-ngu-phap,D01,Điểm thi THPT,2025,15.0,Ngôn ngữ Pháp
68782,DVH,ngon-ngu-phap,D03,Điểm thi THPT,2025,15.0,Ngôn ngữ Pháp
68783,DVH,ngon-ngu-phap,D10,Điểm thi THPT,2025,15.0,Ngôn ngữ Pháp
68784,DVH,ngon-ngu-phap,D14,Điểm thi THPT,2025,15.0,Ngôn ngữ Pháp
68785,DVH,ngon-ngu-phap,D15,Điểm thi THPT,2025,15.0,Ngôn ngữ Pháp
68786,DVH,ngon-ngu-phap,D66,Điểm thi THPT,2025,15.0,Ngôn ngữ Pháp
68787,DVH,ngon-ngu-phap,D84,Điểm thi THPT,2025,15.0,Ngôn ngữ Pháp
68788,DVH,ngon-ngu-trung-quoc,A01,Điểm thi THPT,2021,19.0,Ngôn ngữ Trung Quốc
68789,DVH,ngon-ngu-trung-quoc,D01,Điểm thi THPT,2021,19.0,Ngôn ngữ Trung Quốc
68790,DVH,ngon-ngu-trung-quoc,D10,Điểm thi THPT,2021,19.0,Ngôn ngữ Trung Quốc
68791,DVH,ngon-ngu-trung-quoc,D15,Điểm thi THPT,2021,19.0,Ngôn ngữ Trung Quốc
68792,DVH,ngon-ngu-trung-quoc,A01,Điểm học bạ,2022,18.0,Ngôn ngữ Trung Quốc
68793,DVH,ngon-ngu-trung-quoc,D01,Điểm học bạ,2022,18.0,Ngôn ngữ Trung Quốc
68794,DVH,ngon-ngu-trung-quoc,D10,Điểm học bạ,2022,18.0,Ngôn ngữ Trung Quốc
68795,DVH,ngon-ngu-trung-quoc,D15,Điểm học bạ,2022,18.0,Ngôn ngữ Trung Quốc
68796,DVH,ngon-ngu-trung-quoc,A01,Điểm thi THPT,2022,21.0,Ngôn ngữ Trung Quốc
68797,DVH,ngon-ngu-trung-quoc,D01,Điểm thi THPT,2022,21.0,Ngôn ngữ Trung Quốc
68798,DVH,ngon-ngu-trung-quoc,D10,Điểm thi THPT,2022,21.0,Ngôn ngữ Trung Quốc
68799,DVH,ngon-ngu-trung-quoc,D15,Điểm thi THPT,2022,21.0,Ngôn ngữ Trung Quốc
68800,DVH,ngon-ngu-trung-quoc,A01,Điểm học bạ,2023,18.0,Ngôn ngữ Trung Quốc
68801,DVH,ngon-ngu-trung-quoc,D01,Điểm học bạ,2023,18.0,Ngôn ngữ Trung Quốc
68802,DVH,ngon-ngu-trung-quoc,D10,Điểm học bạ,2023,18.0,Ngôn ngữ Trung Quốc
68803,DVH,ngon-ngu-trung-quoc,D15,Điểm học bạ,2023,18.0,Ngôn ngữ Trung Quốc
68804,DVH,ngon-ngu-trung-quoc,A01,Điểm thi THPT,2023,23.51,Ngôn ngữ Trung Quốc
68805,DVH,ngon-ngu-trung-quoc,D01,Điểm thi THPT,2023,23.51,Ngôn ngữ Trung Quốc
68806,DVH,ngon-ngu-trung-quoc,D10,Điểm thi THPT,2023,23.51,Ngôn ngữ Trung Quốc
68807,DVH,ngon-ngu-trung-quoc,D15,Điểm thi THPT,2023,23.51,Ngôn ngữ Trung Quốc
68808,DVH,ngon-ngu-trung-quoc,A01,Điểm học bạ,2024,18.0,Ngôn ngữ Trung Quốc (Liên kết quốc tế Ngôn ngữ Trung Quốc)
68809,DVH,ngon-ngu-trung-quoc,D01,Điểm học bạ,2024,18.0,Ngôn ngữ Trung Quốc (Liên kết quốc tế Ngôn ngữ Trung Quốc)
68810,DVH,ngon-ngu-trung-quoc,D10,Điểm học bạ,2024,18.0,Ngôn ngữ Trung Quốc (Liên kết quốc tế Ngôn ngữ Trung Quốc)
68811,DVH,ngon-ngu-trung-quoc,D15,Điểm học bạ,2024,18.0,Ngôn ngữ Trung Quốc (Liên kết quốc tế Ngôn ngữ Trung Quốc)
68812,DVH,ngon-ngu-trung-quoc,A01,Điểm thi THPT,2024,16.25,Ngôn ngữ Trung Quốc
68813,DVH,ngon-ngu-trung-quoc,D01,Điểm thi THPT,2024,16.25,Ngôn ngữ Trung Quốc
68814,DVH,ngon-ngu-trung-quoc,D10,Điểm thi THPT,2024,16.25,Ngôn ngữ Trung Quốc
68815,DVH,ngon-ngu-trung-quoc,D15,Điểm thi THPT,2024,16.25,Ngôn ngữ Trung Quốc
68816,DVH,ngon-ngu-trung-quoc-lien-ket-quoc-te,A01,Điểm học bạ,2025,18.0,Ngôn ngữ Trung Quốc Liên kết quốc tế
68817,DVH,ngon-ngu-trung-quoc-lien-ket-quoc-te,D01,Điểm học bạ,2025,18.0,Ngôn ngữ Trung Quốc Liên kết quốc tế
68818,DVH,ngon-ngu-trung-quoc-lien-ket-quoc-te,D04,Điểm học bạ,2025,18.0,Ngôn ngữ Trung Quốc Liên kết quốc tế
68819,DVH,ngon-ngu-trung-quoc-lien-ket-quoc-te,D10,Điểm học bạ,2025,18.0,Ngôn ngữ Trung Quốc Liên kết quốc tế
68820,DVH,ngon-ngu-trung-quoc-lien-ket-quoc-te,D14,Điểm học bạ,2025,18.0,Ngôn ngữ Trung Quốc Liên kết quốc tế
68821,DVH,ngon-ngu-trung-quoc-lien-ket-quoc-te,D15,Điểm học bạ,2025,18.0,Ngôn ngữ Trung Quốc Liên kết quốc tế
68822,DVH,ngon-ngu-trung-quoc-lien-ket-quoc-te,D66,Điểm học bạ,2025,18.0,Ngôn ngữ Trung Quốc Liên kết quốc tế
68823,DVH,ngon-ngu-trung-quoc-lien-ket-quoc-te,D84,Điểm học bạ,2025,18.0,Ngôn ngữ Trung Quốc Liên kết quốc tế
68824,DVH,ngon-ngu-trung-quoc-lien-ket-quoc-te,A01,Điểm thi THPT,2025,15.0,Ngôn ngữ Trung Quốc Liên kết quốc tế
68825,DVH,ngon-ngu-trung-quoc-lien-ket-quoc-te,D01,Điểm thi THPT,2025,15.0,Ngôn ngữ Trung Quốc Liên kết quốc tế
68826,DVH,ngon-ngu-trung-quoc-lien-ket-quoc-te,D04,Điểm thi THPT,2025,15.0,Ngôn ngữ Trung Quốc Liên kết quốc tế
68827,DVH,ngon-ngu-trung-quoc-lien-ket-quoc-te,D10,Điểm thi THPT,2025,15.0,Ngôn ngữ Trung Quốc Liên kết quốc tế
68828,DVH,ngon-ngu-trung-quoc-lien-ket-quoc-te,D14,Điểm thi THPT,2025,15.0,Ngôn ngữ Trung Quốc Liên kết quốc tế
68829,DVH,ngon-ngu-trung-quoc-lien-ket-quoc-te,D15,Điểm thi THPT,2025,15.0,Ngôn ngữ Trung Quốc Liên kết quốc tế
68830,DVH,ngon-ngu-trung-quoc-lien-ket-quoc-te,D66,Điểm thi THPT,2025,15.0,Ngôn ngữ Trung Quốc Liên kết quốc tế
68831,DVH,ngon-ngu-trung-quoc-lien-ket-quoc-te,D84,Điểm thi THPT,2025,15.0,Ngôn ngữ Trung Quốc Liên kết quốc tế
68832,DVH,piano,N00,Điểm học bạ,2022,18.0,Piano
68833,DVH,piano,N00,Điểm thi THPT,2022,5.0,Piano
68834,DVH,piano,N00,Điểm học bạ,2023,18.0,Piano
68835,DVH,piano,N00,Điểm thi THPT,2023,17.75,Piano
68836,DVH,piano,N00,Điểm thi THPT,2024,17.0,Piano
68837,DVH,piano,N00,Điểm học bạ,2025,18.0,Piano
68838,DVH,piano,N00,Điểm thi THPT,2025,18.0,Piano
68839,DVH,quan-he-cong-chung,C00,Điểm thi THPT,2021,18.0,Quan hệ công chúng
68840,DVH,quan-he-cong-chung,D01,Điểm thi THPT,2021,18.0,Quan hệ công chúng
68841,DVH,quan-he-cong-chung,D14,Điểm thi THPT,2021,18.0,Quan hệ công chúng
68842,DVH,quan-he-cong-chung,D15,Điểm thi THPT,2021,18.0,Quan hệ công chúng
68843,DVH,quan-he-cong-chung,C00,Điểm học bạ,2022,18.0,Quan hệ công chúng
68844,DVH,quan-he-cong-chung,D01,Điểm học bạ,2022,18.0,Quan hệ công chúng
68845,DVH,quan-he-cong-chung,D14,Điểm học bạ,2022,18.0,Quan hệ công chúng
68846,DVH,quan-he-cong-chung,D15,Điểm học bạ,2022,18.0,Quan hệ công chúng
68847,DVH,quan-he-cong-chung,C00,Điểm thi THPT,2022,23.0,Quan hệ công chúng
68848,DVH,quan-he-cong-chung,D01,Điểm thi THPT,2022,23.0,Quan hệ công chúng
68849,DVH,quan-he-cong-chung,D14,Điểm thi THPT,2022,23.0,Quan hệ công chúng
68850,DVH,quan-he-cong-chung,D15,Điểm thi THPT,2022,23.0,Quan hệ công chúng
68851,DVH,quan-he-cong-chung,C00,Điểm học bạ,2023,18.0,Quan hệ công chúng
68852,DVH,quan-he-cong-chung,D01,Điểm học bạ,2023,18.0,Quan hệ công chúng
68853,DVH,quan-he-cong-chung,D14,Điểm học bạ,2023,18.0,Quan hệ công chúng
68854,DVH,quan-he-cong-chung,D15,Điểm học bạ,2023,18.0,Quan hệ công chúng
68855,DVH,quan-he-cong-chung,C00,Điểm thi THPT,2023,24.0,Quan hệ công chúng
68856,DVH,quan-he-cong-chung,D01,Điểm thi THPT,2023,24.0,Quan hệ công chúng
68857,DVH,quan-he-cong-chung,D14,Điểm thi THPT,2023,24.0,Quan hệ công chúng
68858,DVH,quan-he-cong-chung,D15,Điểm thi THPT,2023,24.0,Quan hệ công chúng
68859,DVH,quan-he-cong-chung,C00,Điểm học bạ,2024,18.0,Quan hệ công chúng
68860,DVH,quan-he-cong-chung,D01,Điểm học bạ,2024,18.0,Quan hệ công chúng
68861,DVH,quan-he-cong-chung,D14,Điểm học bạ,2024,18.0,Quan hệ công chúng
68862,DVH,quan-he-cong-chung,D15,Điểm học bạ,2024,18.0,Quan hệ công chúng
68863,DVH,quan-he-cong-chung,C00,Điểm thi THPT,2024,16.0,Quan hệ công chúng
68864,DVH,quan-he-cong-chung,D01,Điểm thi THPT,2024,16.0,Quan hệ công chúng
68865,DVH,quan-he-cong-chung,D14,Điểm thi THPT,2024,16.0,Quan hệ công chúng
68866,DVH,quan-he-cong-chung,D15,Điểm thi THPT,2024,16.0,Quan hệ công chúng
68867,DVH,quan-he-cong-chung,C00,Điểm học bạ,2025,18.0,Quan hệ công chúng
68868,DVH,quan-he-cong-chung,C16,Điểm học bạ,2025,18.0,Quan hệ công chúng
68869,DVH,quan-he-cong-chung,D01,Điểm học bạ,2025,18.0,Quan hệ công chúng
68870,DVH,quan-he-cong-chung,D14,Điểm học bạ,2025,18.0,Quan hệ công chúng
68871,DVH,quan-he-cong-chung,D15,Điểm học bạ,2025,18.0,Quan hệ công chúng
68872,DVH,quan-he-cong-chung,X01,Điểm học bạ,2025,18.0,Quan hệ công chúng
68873,DVH,quan-he-cong-chung,X70,Điểm học bạ,2025,18.0,Quan hệ công chúng
68874,DVH,quan-he-cong-chung,X74,Điểm học bạ,2025,18.0,Quan hệ công chúng
68875,DVH,quan-he-cong-chung,C00,Điểm thi THPT,2025,15.0,Quan hệ công chúng
68876,DVH,quan-he-cong-chung,C16,Điểm thi THPT,2025,15.0,Quan hệ công chúng
68877,DVH,quan-he-cong-chung,D01,Điểm thi THPT,2025,15.0,Quan hệ công chúng
68878,DVH,quan-he-cong-chung,D14,Điểm thi THPT,2025,15.0,Quan hệ công chúng
68879,DVH,quan-he-cong-chung,D15,Điểm thi THPT,2025,15.0,Quan hệ công chúng
68880,DVH,quan-he-cong-chung,X01,Điểm thi THPT,2025,15.0,Quan hệ công chúng
68881,DVH,quan-he-cong-chung,X70,Điểm thi THPT,2025,15.0,Quan hệ công chúng
68882,DVH,quan-he-cong-chung,X74,Điểm thi THPT,2025,15.0,Quan hệ công chúng
68883,DVH,quan-he-quoc-te,A01,Điểm học bạ,2024,18.0,Quan hệ quốc tế
68884,DVH,quan-he-quoc-te,D01,Điểm học bạ,2024,18.0,Quan hệ quốc tế
68885,DVH,quan-he-quoc-te,D14,Điểm học bạ,2024,18.0,Quan hệ quốc tế
68886,DVH,quan-he-quoc-te,D15,Điểm học bạ,2024,18.0,Quan hệ quốc tế
68887,DVH,quan-he-quoc-te,A01,Điểm thi THPT,2024,17.7,Quan hệ quốc tế
68888,DVH,quan-he-quoc-te,D01,Điểm thi THPT,2024,17.7,Quan hệ quốc tế
68889,DVH,quan-he-quoc-te,D14,Điểm thi THPT,2024,17.7,Quan hệ quốc tế
68890,DVH,quan-he-quoc-te,D15,Điểm thi THPT,2024,17.7,Quan hệ quốc tế
68891,DVH,quan-he-quoc-te,A01,Điểm học bạ,2025,18.0,Quan hệ quốc tế
68892,DVH,quan-he-quoc-te,D01,Điểm học bạ,2025,18.0,Quan hệ quốc tế
68893,DVH,quan-he-quoc-te,D14,Điểm học bạ,2025,18.0,Quan hệ quốc tế
68894,DVH,quan-he-quoc-te,D15,Điểm học bạ,2025,18.0,Quan hệ quốc tế
68895,DVH,quan-he-quoc-te,D66,Điểm học bạ,2025,18.0,Quan hệ quốc tế
68896,DVH,quan-he-quoc-te,D78,Điểm học bạ,2025,18.0,Quan hệ quốc tế
68897,DVH,quan-he-quoc-te,D84,Điểm học bạ,2025,18.0,Quan hệ quốc tế
68898,DVH,quan-he-quoc-te,D91,Điểm học bạ,2025,18.0,Quan hệ quốc tế
68899,DVH,quan-he-quoc-te,A01,Điểm thi THPT,2025,15.0,Quan hệ quốc tế
68900,DVH,quan-he-quoc-te,D01,Điểm thi THPT,2025,15.0,Quan hệ quốc tế
68901,DVH,quan-he-quoc-te,D14,Điểm thi THPT,2025,15.0,Quan hệ quốc tế
68902,DVH,quan-he-quoc-te,D15,Điểm thi THPT,2025,15.0,Quan hệ quốc tế
68903,DVH,quan-he-quoc-te,D66,Điểm thi THPT,2025,15.0,Quan hệ quốc tế
68904,DVH,quan-he-quoc-te,D78,Điểm thi THPT,2025,15.0,Quan hệ quốc tế
68905,DVH,quan-he-quoc-te,D84,Điểm thi THPT,2025,15.0,Quan hệ quốc tế
68906,DVH,quan-he-quoc-te,D90,Điểm thi THPT,2025,15.0,Quan hệ quốc tế
68907,DVH,quan-tri-dich-vu-du-lich-va-lu-hanh,A00,Điểm thi THPT,2021,18.0,Quản trị dịch vụ du lịch và lữ hành
68908,DVH,quan-tri-dich-vu-du-lich-va-lu-hanh,C00,Điểm thi THPT,2021,18.0,Quản trị dịch vụ du lịch và lữ hành
68909,DVH,quan-tri-dich-vu-du-lich-va-lu-hanh,C04,Điểm thi THPT,2021,18.0,Quản trị dịch vụ du lịch và lữ hành
68910,DVH,quan-tri-dich-vu-du-lich-va-lu-hanh,D01,Điểm thi THPT,2021,18.0,Quản trị dịch vụ du lịch và lữ hành
68911,DVH,quan-tri-dich-vu-du-lich-va-lu-hanh,A00,Điểm học bạ,2022,18.0,Quản trị dịch vụ du lịch và lữ hành
68912,DVH,quan-tri-dich-vu-du-lich-va-lu-hanh,C00,Điểm học bạ,2022,18.0,Quản trị dịch vụ du lịch và lữ hành
68913,DVH,quan-tri-dich-vu-du-lich-va-lu-hanh,C04,Điểm học bạ,2022,18.0,Quản trị dịch vụ du lịch và lữ hành
68914,DVH,quan-tri-dich-vu-du-lich-va-lu-hanh,D01,Điểm học bạ,2022,18.0,Quản trị dịch vụ du lịch và lữ hành
68915,DVH,quan-tri-dich-vu-du-lich-va-lu-hanh,A00,Điểm thi THPT,2022,22.0,Quản trị dịch vụ du lịch và lữ hành
68916,DVH,quan-tri-dich-vu-du-lich-va-lu-hanh,C00,Điểm thi THPT,2022,22.0,Quản trị dịch vụ du lịch và lữ hành
68917,DVH,quan-tri-dich-vu-du-lich-va-lu-hanh,C04,Điểm thi THPT,2022,22.0,Quản trị dịch vụ du lịch và lữ hành
68918,DVH,quan-tri-dich-vu-du-lich-va-lu-hanh,D01,Điểm thi THPT,2022,22.0,Quản trị dịch vụ du lịch và lữ hành
68919,DVH,quan-tri-dich-vu-du-lich-va-lu-hanh,A00,Điểm học bạ,2023,18.0,Quản trị dịch vụ Du lịch và lữ hành
68920,DVH,quan-tri-dich-vu-du-lich-va-lu-hanh,C00,Điểm học bạ,2023,18.0,Quản trị dịch vụ Du lịch và lữ hành
68921,DVH,quan-tri-dich-vu-du-lich-va-lu-hanh,C04,Điểm học bạ,2023,18.0,Quản trị dịch vụ Du lịch và lữ hành
68922,DVH,quan-tri-dich-vu-du-lich-va-lu-hanh,D01,Điểm học bạ,2023,18.0,Quản trị dịch vụ Du lịch và lữ hành
68923,DVH,quan-tri-dich-vu-du-lich-va-lu-hanh,A00,Điểm thi THPT,2023,22.5,Quản trị dịch vụ du lịch và lữ hành
68924,DVH,quan-tri-dich-vu-du-lich-va-lu-hanh,C00,Điểm thi THPT,2023,22.5,Quản trị dịch vụ du lịch và lữ hành
68925,DVH,quan-tri-dich-vu-du-lich-va-lu-hanh,C04,Điểm thi THPT,2023,22.5,Quản trị dịch vụ du lịch và lữ hành
68926,DVH,quan-tri-dich-vu-du-lich-va-lu-hanh,D01,Điểm thi THPT,2023,22.5,Quản trị dịch vụ du lịch và lữ hành
68927,DVH,quan-tri-dich-vu-du-lich-va-lu-hanh,A00,Điểm học bạ,2024,18.0,Quản trị dịch vụ du lịch và lữ hành
68928,DVH,quan-tri-dich-vu-du-lich-va-lu-hanh,C00,Điểm học bạ,2024,18.0,Quản trị dịch vụ du lịch và lữ hành
68929,DVH,quan-tri-dich-vu-du-lich-va-lu-hanh,C04,Điểm học bạ,2024,18.0,Quản trị dịch vụ du lịch và lữ hành
68930,DVH,quan-tri-dich-vu-du-lich-va-lu-hanh,D01,Điểm học bạ,2024,18.0,Quản trị dịch vụ du lịch và lữ hành
68931,DVH,quan-tri-dich-vu-du-lich-va-lu-hanh,A00,Điểm thi THPT,2024,16.25,Quản trị dịch vụ du lịch và lữ hành
68932,DVH,quan-tri-dich-vu-du-lich-va-lu-hanh,C00,Điểm thi THPT,2024,16.25,Quản trị dịch vụ du lịch và lữ hành
68933,DVH,quan-tri-dich-vu-du-lich-va-lu-hanh,C04,Điểm thi THPT,2024,16.25,Quản trị dịch vụ du lịch và lữ hành
68934,DVH,quan-tri-dich-vu-du-lich-va-lu-hanh,D01,Điểm thi THPT,2024,16.25,Quản trị dịch vụ du lịch và lữ hành
68935,DVH,quan-tri-dich-vu-du-lich-va-lu-hanh,A00,Điểm học bạ,2025,18.0,Quản trị dịch vụ du lịch và lữ hành
68936,DVH,quan-tri-dich-vu-du-lich-va-lu-hanh,C00,Điểm học bạ,2025,18.0,Quản trị dịch vụ du lịch và lữ hành
68937,DVH,quan-tri-dich-vu-du-lich-va-lu-hanh,C04,Điểm học bạ,2025,18.0,Quản trị dịch vụ du lịch và lữ hành
68938,DVH,quan-tri-dich-vu-du-lich-va-lu-hanh,C16,Điểm học bạ,2025,18.0,Quản trị dịch vụ du lịch và lữ hành
68939,DVH,quan-tri-dich-vu-du-lich-va-lu-hanh,D01,Điểm học bạ,2025,18.0,Quản trị dịch vụ du lịch và lữ hành
68940,DVH,quan-tri-dich-vu-du-lich-va-lu-hanh,X01,Điểm học bạ,2025,18.0,Quản trị dịch vụ du lịch và lữ hành
68941,DVH,quan-tri-dich-vu-du-lich-va-lu-hanh,X70,Điểm học bạ,2025,18.0,Quản trị dịch vụ du lịch và lữ hành
68942,DVH,quan-tri-dich-vu-du-lich-va-lu-hanh,X74,Điểm học bạ,2025,18.0,Quản trị dịch vụ du lịch và lữ hành
68943,DVH,quan-tri-dich-vu-du-lich-va-lu-hanh,A00,Điểm thi THPT,2025,15.0,Quản trị dịch vụ du lịch và lữ hành
68944,DVH,quan-tri-dich-vu-du-lich-va-lu-hanh,C00,Điểm thi THPT,2025,15.0,Quản trị dịch vụ du lịch và lữ hành
68945,DVH,quan-tri-dich-vu-du-lich-va-lu-hanh,C04,Điểm thi THPT,2025,15.0,Quản trị dịch vụ du lịch và lữ hành
68946,DVH,quan-tri-dich-vu-du-lich-va-lu-hanh,C16,Điểm thi THPT,2025,15.0,Quản trị dịch vụ du lịch và lữ hành
68947,DVH,quan-tri-dich-vu-du-lich-va-lu-hanh,D01,Điểm thi THPT,2025,15.0,Quản trị dịch vụ du lịch và lữ hành
68948,DVH,quan-tri-dich-vu-du-lich-va-lu-hanh,X01,Điểm thi THPT,2025,15.0,Quản trị dịch vụ du lịch và lữ hành
68949,DVH,quan-tri-dich-vu-du-lich-va-lu-hanh,X70,Điểm thi THPT,2025,15.0,Quản trị dịch vụ du lịch và lữ hành
68950,DVH,quan-tri-dich-vu-du-lich-va-lu-hanh,X74,Điểm thi THPT,2025,15.0,Quản trị dịch vụ du lịch và lữ hành
68951,DVH,quan-tri-khach-san,A00,Điểm thi THPT,2021,18.0,Quản trị khách sạn
68952,DVH,quan-tri-khach-san,C00,Điểm thi THPT,2021,18.0,Quản trị khách sạn
68953,DVH,quan-tri-khach-san,C04,Điểm thi THPT,2021,18.0,Quản trị khách sạn
68954,DVH,quan-tri-khach-san,D01,Điểm thi THPT,2021,18.0,Quản trị khách sạn
68955,DVH,quan-tri-khach-san,A00,Điểm học bạ,2022,18.0,Quản trị khách sạn
68956,DVH,quan-tri-khach-san,C00,Điểm học bạ,2022,18.0,Quản trị khách sạn
68957,DVH,quan-tri-khach-san,C04,Điểm học bạ,2022,18.0,Quản trị khách sạn
68958,DVH,quan-tri-khach-san,D01,Điểm học bạ,2022,18.0,Quản trị khách sạn
68959,DVH,quan-tri-khach-san,A00,Điểm thi THPT,2022,21.0,Quản trị khách sạn
68960,DVH,quan-tri-khach-san,C00,Điểm thi THPT,2022,21.0,Quản trị khách sạn
68961,DVH,quan-tri-khach-san,C04,Điểm thi THPT,2022,21.0,Quản trị khách sạn
68962,DVH,quan-tri-khach-san,D01,Điểm thi THPT,2022,21.0,Quản trị khách sạn
68963,DVH,quan-tri-khach-san,A00,Điểm học bạ,2023,18.0,Quản trị khách sạn
68964,DVH,quan-tri-khach-san,C00,Điểm học bạ,2023,18.0,Quản trị khách sạn
68965,DVH,quan-tri-khach-san,C04,Điểm học bạ,2023,18.0,Quản trị khách sạn
68966,DVH,quan-tri-khach-san,D01,Điểm học bạ,2023,18.0,Quản trị khách sạn
68967,DVH,quan-tri-khach-san,A00,Điểm thi THPT,2023,23.5,Quản trị khách sạn
68968,DVH,quan-tri-khach-san,C00,Điểm thi THPT,2023,23.5,Quản trị khách sạn
68969,DVH,quan-tri-khach-san,C04,Điểm thi THPT,2023,23.5,Quản trị khách sạn
68970,DVH,quan-tri-khach-san,D01,Điểm thi THPT,2023,23.5,Quản trị khách sạn
68971,DVH,quan-tri-khach-san,A00,Điểm học bạ,2024,18.0,Quản trị khách sạn
68972,DVH,quan-tri-khach-san,C00,Điểm học bạ,2024,18.0,Quản trị khách sạn
68973,DVH,quan-tri-khach-san,C04,Điểm học bạ,2024,18.0,Quản trị khách sạn
68974,DVH,quan-tri-khach-san,D01,Điểm học bạ,2024,18.0,Quản trị khách sạn
68975,DVH,quan-tri-khach-san,A00,Điểm thi THPT,2024,16.15,Quản trị khách sạn
68976,DVH,quan-tri-khach-san,C00,Điểm thi THPT,2024,16.15,Quản trị khách sạn
68977,DVH,quan-tri-khach-san,C04,Điểm thi THPT,2024,16.15,Quản trị khách sạn
68978,DVH,quan-tri-khach-san,D01,Điểm thi THPT,2024,16.15,Quản trị khách sạn
68979,DVH,quan-tri-khach-san,A00,Điểm học bạ,2025,18.0,Quản trị khách sạn
68980,DVH,quan-tri-khach-san,C00,Điểm học bạ,2025,18.0,Quản trị khách sạn
68981,DVH,quan-tri-khach-san,C04,Điểm học bạ,2025,18.0,Quản trị khách sạn
68982,DVH,quan-tri-khach-san,C16,Điểm học bạ,2025,18.0,Quản trị khách sạn
68983,DVH,quan-tri-khach-san,D01,Điểm học bạ,2025,18.0,Quản trị khách sạn
68984,DVH,quan-tri-khach-san,X01,Điểm học bạ,2025,18.0,Quản trị khách sạn
68985,DVH,quan-tri-khach-san,X70,Điểm học bạ,2025,18.0,Quản trị khách sạn
68986,DVH,quan-tri-khach-san,X74,Điểm học bạ,2025,18.0,Quản trị khách sạn
68987,DVH,quan-tri-khach-san,A00,Điểm thi THPT,2025,15.0,Quản trị khách sạn
68988,DVH,quan-tri-khach-san,C00,Điểm thi THPT,2025,15.0,Quản trị khách sạn
68989,DVH,quan-tri-khach-san,C04,Điểm thi THPT,2025,15.0,Quản trị khách sạn
68990,DVH,quan-tri-khach-san,C16,Điểm thi THPT,2025,15.0,Quản trị khách sạn
68991,DVH,quan-tri-khach-san,D01,Điểm thi THPT,2025,15.0,Quản trị khách sạn
68992,DVH,quan-tri-khach-san,X01,Điểm thi THPT,2025,15.0,Quản trị khách sạn
68993,DVH,quan-tri-khach-san,X70,Điểm thi THPT,2025,15.0,Quản trị khách sạn
68994,DVH,quan-tri-khach-san,X74,Điểm thi THPT,2025,15.0,Quản trị khách sạn
68995,DVH,quan-tri-kinh-doanh,A00,Điểm thi THPT,2021,19.0,Quản trị kinh doanh
68996,DVH,quan-tri-kinh-doanh,A01,Điểm thi THPT,2021,19.0,Quản trị kinh doanh
68997,DVH,quan-tri-kinh-doanh,C04,Điểm thi THPT,2021,19.0,Quản trị kinh doanh
68998,DVH,quan-tri-kinh-doanh,D01,Điểm thi THPT,2021,19.0,Quản trị kinh doanh
68999,DVH,quan-tri-kinh-doanh,A00,Điểm học bạ,2022,18.0,Quản trị kinh doanh
69000,DVH,quan-tri-kinh-doanh,A01,Điểm học bạ,2022,18.0,Quản trị kinh doanh
69001,DVH,quan-tri-kinh-doanh,C04,Điểm học bạ,2022,18.0,Quản trị kinh doanh
69002,DVH,quan-tri-kinh-doanh,D01,Điểm học bạ,2022,18.0,Quản trị kinh doanh
69003,DVH,quan-tri-kinh-doanh,A00,Điểm thi THPT,2022,23.0,Quản trị kinh doanh
69004,DVH,quan-tri-kinh-doanh,A01,Điểm thi THPT,2022,23.0,Quản trị kinh doanh
69005,DVH,quan-tri-kinh-doanh,C04,Điểm thi THPT,2022,23.0,Quản trị kinh doanh
69006,DVH,quan-tri-kinh-doanh,D01,Điểm thi THPT,2022,23.0,Quản trị kinh doanh
69007,DVH,quan-tri-kinh-doanh,A00,Điểm học bạ,2023,18.0,Quản trị kinh doanh
69008,DVH,quan-tri-kinh-doanh,A01,Điểm học bạ,2023,18.0,Quản trị kinh doanh
69009,DVH,quan-tri-kinh-doanh,C04,Điểm học bạ,2023,18.0,Quản trị kinh doanh
69010,DVH,quan-tri-kinh-doanh,D01,Điểm học bạ,2023,18.0,Quản trị kinh doanh
69011,DVH,quan-tri-kinh-doanh,A00,Điểm thi THPT,2023,17.0,Quản trị kinh doanh
69012,DVH,quan-tri-kinh-doanh,A01,Điểm thi THPT,2023,17.0,Quản trị kinh doanh
69013,DVH,quan-tri-kinh-doanh,C04,Điểm thi THPT,2023,17.0,Quản trị kinh doanh
69014,DVH,quan-tri-kinh-doanh,D01,Điểm thi THPT,2023,17.0,Quản trị kinh doanh
69015,DVH,quan-tri-kinh-doanh,A00,Điểm học bạ,2024,18.0,Quản trị kinh doanh
69016,DVH,quan-tri-kinh-doanh,A01,Điểm học bạ,2024,18.0,Quản trị kinh doanh
69017,DVH,quan-tri-kinh-doanh,C04,Điểm học bạ,2024,18.0,Quản trị kinh doanh
69018,DVH,quan-tri-kinh-doanh,D01,Điểm học bạ,2024,18.0,Quản trị kinh doanh
69019,DVH,quan-tri-kinh-doanh,A00,Điểm thi THPT,2024,15.05,Quản trị kinh doanh
69020,DVH,quan-tri-kinh-doanh,A01,Điểm thi THPT,2024,15.05,Quản trị kinh doanh
69021,DVH,quan-tri-kinh-doanh,C04,Điểm thi THPT,2024,15.05,Quản trị kinh doanh
69022,DVH,quan-tri-kinh-doanh,D01,Điểm thi THPT,2024,15.05,Quản trị kinh doanh
69023,DVH,quan-tri-kinh-doanh,A00,Điểm học bạ,2025,18.0,Quản trị kinh doanh
69024,DVH,quan-tri-kinh-doanh,A01,Điểm học bạ,2025,18.0,Quản trị kinh doanh
69025,DVH,quan-tri-kinh-doanh,A12,Điểm học bạ,2025,18.0,Quản trị kinh doanh
69026,DVH,quan-tri-kinh-doanh,A15,Điểm học bạ,2025,18.0,Quản trị kinh doanh
69027,DVH,quan-tri-kinh-doanh,C04,Điểm học bạ,2025,18.0,Quản trị kinh doanh
69028,DVH,quan-tri-kinh-doanh,D01,Điểm học bạ,2025,18.0,Quản trị kinh doanh
69029,DVH,quan-tri-kinh-doanh,X05,Điểm học bạ,2025,18.0,Quản trị kinh doanh
69030,DVH,quan-tri-kinh-doanh,X54,Điểm học bạ,2025,18.0,Quản trị kinh doanh
69031,DVH,quan-tri-kinh-doanh,A00,Điểm thi THPT,2025,15.0,Quản trị kinh doanh
69032,DVH,quan-tri-kinh-doanh,A01,Điểm thi THPT,2025,15.0,Quản trị kinh doanh
69033,DVH,quan-tri-kinh-doanh,A12,Điểm thi THPT,2025,15.0,Quản trị kinh doanh
69034,DVH,quan-tri-kinh-doanh,A15,Điểm thi THPT,2025,15.0,Quản trị kinh doanh
69035,DVH,quan-tri-kinh-doanh,C04,Điểm thi THPT,2025,15.0,Quản trị kinh doanh
69036,DVH,quan-tri-kinh-doanh,D01,Điểm thi THPT,2025,15.0,Quản trị kinh doanh
69037,DVH,quan-tri-kinh-doanh,X05,Điểm thi THPT,2025,15.0,Quản trị kinh doanh
69038,DVH,quan-tri-kinh-doanh,X54,Điểm thi THPT,2025,15.0,Quản trị kinh doanh
69039,DVH,quan-tri-nha-hang-va-dich-vu-an-uong,A00,Điểm học bạ,2025,18.0,Quản trị nhà hàng và dịch vụ ăn uống
69040,DVH,quan-tri-nha-hang-va-dich-vu-an-uong,C00,Điểm học bạ,2025,18.0,Quản trị nhà hàng và dịch vụ ăn uống
69041,DVH,quan-tri-nha-hang-va-dich-vu-an-uong,C04,Điểm học bạ,2025,18.0,Quản trị nhà hàng và dịch vụ ăn uống
69042,DVH,quan-tri-nha-hang-va-dich-vu-an-uong,C16,Điểm học bạ,2025,18.0,Quản trị nhà hàng và dịch vụ ăn uống
69043,DVH,quan-tri-nha-hang-va-dich-vu-an-uong,D01,Điểm học bạ,2025,18.0,Quản trị nhà hàng và dịch vụ ăn uống
69044,DVH,quan-tri-nha-hang-va-dich-vu-an-uong,X01,Điểm học bạ,2025,18.0,Quản trị nhà hàng và dịch vụ ăn uống
69045,DVH,quan-tri-nha-hang-va-dich-vu-an-uong,X70,Điểm học bạ,2025,18.0,Quản trị nhà hàng và dịch vụ ăn uống
69046,DVH,quan-tri-nha-hang-va-dich-vu-an-uong,X74,Điểm học bạ,2025,18.0,Quản trị nhà hàng và dịch vụ ăn uống
69047,DVH,quan-tri-nha-hang-va-dich-vu-an-uong,A00,Điểm thi THPT,2025,15.0,Quản trị nhà hàng và dịch vụ ăn uống
69048,DVH,quan-tri-nha-hang-va-dich-vu-an-uong,C00,Điểm thi THPT,2025,15.0,Quản trị nhà hàng và dịch vụ ăn uống
69049,DVH,quan-tri-nha-hang-va-dich-vu-an-uong,C04,Điểm thi THPT,2025,15.0,Quản trị nhà hàng và dịch vụ ăn uống
69050,DVH,quan-tri-nha-hang-va-dich-vu-an-uong,C16,Điểm thi THPT,2025,15.0,Quản trị nhà hàng và dịch vụ ăn uống
69051,DVH,quan-tri-nha-hang-va-dich-vu-an-uong,D01,Điểm thi THPT,2025,15.0,Quản trị nhà hàng và dịch vụ ăn uống
69052,DVH,quan-tri-nha-hang-va-dich-vu-an-uong,X01,Điểm thi THPT,2025,15.0,Quản trị nhà hàng và dịch vụ ăn uống
69053,DVH,quan-tri-nha-hang-va-dich-vu-an-uong,X70,Điểm thi THPT,2025,15.0,Quản trị nhà hàng và dịch vụ ăn uống
69054,DVH,quan-tri-nha-hang-va-dich-vu-an-uong,X74,Điểm thi THPT,2025,15.0,Quản trị nhà hàng và dịch vụ ăn uống
69055,DVH,quan-tri-nhan-luc,A00,Điểm học bạ,2024,18.0,Quản trị nhân lực
69056,DVH,quan-tri-nhan-luc,A01,Điểm học bạ,2024,18.0,Quản trị nhân lực
69057,DVH,quan-tri-nhan-luc,C04,Điểm học bạ,2024,18.0,Quản trị nhân lực
69058,DVH,quan-tri-nhan-luc,D01,Điểm học bạ,2024,18.0,Quản trị nhân lực
69059,DVH,quan-tri-nhan-luc,A00,Điểm thi THPT,2024,16.25,Quản trị nhân lực
69060,DVH,quan-tri-nhan-luc,A01,Điểm thi THPT,2024,16.25,Quản trị nhân lực
69061,DVH,quan-tri-nhan-luc,C04,Điểm thi THPT,2024,16.25,Quản trị nhân lực
69062,DVH,quan-tri-nhan-luc,D01,Điểm thi THPT,2024,16.25,Quản trị nhân lực
69063,DVH,quan-tri-nhan-luc,A00,Điểm học bạ,2025,18.8,Quản trị nhân lực
69064,DVH,quan-tri-nhan-luc,A01,Điểm học bạ,2025,18.8,Quản trị nhân lực
69065,DVH,quan-tri-nhan-luc,A12,Điểm học bạ,2025,18.8,Quản trị nhân lực
69066,DVH,quan-tri-nhan-luc,A15,Điểm học bạ,2025,18.8,Quản trị nhân lực
69067,DVH,quan-tri-nhan-luc,C04,Điểm học bạ,2025,18.8,Quản trị nhân lực
69068,DVH,quan-tri-nhan-luc,D01,Điểm học bạ,2025,18.8,Quản trị nhân lực
69069,DVH,quan-tri-nhan-luc,X05,Điểm học bạ,2025,18.8,Quản trị nhân lực
69070,DVH,quan-tri-nhan-luc,X54,Điểm học bạ,2025,18.8,Quản trị nhân lực
69071,DVH,quan-tri-nhan-luc,A00,Điểm thi THPT,2025,16.0,Quản trị nhân lực
69072,DVH,quan-tri-nhan-luc,A01,Điểm thi THPT,2025,16.0,Quản trị nhân lực
69073,DVH,quan-tri-nhan-luc,A12,Điểm thi THPT,2025,16.0,Quản trị nhân lực
69074,DVH,quan-tri-nhan-luc,A15,Điểm thi THPT,2025,16.0,Quản trị nhân lực
69075,DVH,quan-tri-nhan-luc,C04,Điểm thi THPT,2025,16.0,Quản trị nhân lực
69076,DVH,quan-tri-nhan-luc,D01,Điểm thi THPT,2025,16.0,Quản trị nhân lực
69077,DVH,quan-tri-nhan-luc,X05,Điểm thi THPT,2025,16.0,Quản trị nhân lực
69078,DVH,quan-tri-nhan-luc,X54,Điểm thi THPT,2025,16.0,Quản trị nhân lực
69079,DVH,tai-chinh-ngan-hang,A00,Điểm thi THPT,2021,19.0,Tài chính - Ngân hàng
69080,DVH,tai-chinh-ngan-hang,A01,Điểm thi THPT,2021,19.0,Tài chính - Ngân hàng
69081,DVH,tai-chinh-ngan-hang,C04,Điểm thi THPT,2021,19.0,Tài chính - Ngân hàng
69082,DVH,tai-chinh-ngan-hang,D01,Điểm thi THPT,2021,19.0,Tài chính - Ngân hàng
69083,DVH,tai-chinh-ngan-hang,A00,Điểm học bạ,2022,18.0,Tài chính - Ngân hàng
69084,DVH,tai-chinh-ngan-hang,A01,Điểm học bạ,2022,18.0,Tài chính - Ngân hàng
69085,DVH,tai-chinh-ngan-hang,C04,Điểm học bạ,2022,18.0,Tài chính - Ngân hàng
69086,DVH,tai-chinh-ngan-hang,D01,Điểm học bạ,2022,18.0,Tài chính - Ngân hàng
69087,DVH,tai-chinh-ngan-hang,A00,Điểm thi THPT,2022,22.0,Tài chính - Ngân hàng
69088,DVH,tai-chinh-ngan-hang,A01,Điểm thi THPT,2022,22.0,Tài chính - Ngân hàng
69089,DVH,tai-chinh-ngan-hang,C04,Điểm thi THPT,2022,22.0,Tài chính - Ngân hàng
69090,DVH,tai-chinh-ngan-hang,D01,Điểm thi THPT,2022,22.0,Tài chính - Ngân hàng
69091,DVH,tai-chinh-ngan-hang,A00,Điểm học bạ,2023,18.0,Tài chính - Ngân hàng
69092,DVH,tai-chinh-ngan-hang,A01,Điểm học bạ,2023,18.0,Tài chính - Ngân hàng
69093,DVH,tai-chinh-ngan-hang,C04,Điểm học bạ,2023,18.0,Tài chính - Ngân hàng
69094,DVH,tai-chinh-ngan-hang,D01,Điểm học bạ,2023,18.0,Tài chính - Ngân hàng
69095,DVH,tai-chinh-ngan-hang,A00,Điểm thi THPT,2023,23.0,Tài chính - Ngân hàng
69096,DVH,tai-chinh-ngan-hang,A01,Điểm thi THPT,2023,23.0,Tài chính - Ngân hàng
69097,DVH,tai-chinh-ngan-hang,C04,Điểm thi THPT,2023,23.0,Tài chính - Ngân hàng
69098,DVH,tai-chinh-ngan-hang,D01,Điểm thi THPT,2023,23.0,Tài chính - Ngân hàng
69099,DVH,tai-chinh-ngan-hang,A00,Điểm học bạ,2024,18.0,Tài chính – Ngân hàng
69100,DVH,tai-chinh-ngan-hang,A01,Điểm học bạ,2024,18.0,Tài chính – Ngân hàng
69101,DVH,tai-chinh-ngan-hang,C04,Điểm học bạ,2024,18.0,Tài chính – Ngân hàng
69102,DVH,tai-chinh-ngan-hang,D01,Điểm học bạ,2024,18.0,Tài chính – Ngân hàng
69103,DVH,tai-chinh-ngan-hang,A00,Điểm thi THPT,2024,16.0,Tài chính - Ngân hàng
69104,DVH,tai-chinh-ngan-hang,A01,Điểm thi THPT,2024,16.0,Tài chính - Ngân hàng
69105,DVH,tai-chinh-ngan-hang,C04,Điểm thi THPT,2024,16.0,Tài chính - Ngân hàng
69106,DVH,tai-chinh-ngan-hang,D01,Điểm thi THPT,2024,16.0,Tài chính - Ngân hàng
69107,DVH,tai-chinh-ngan-hang,A00,Điểm học bạ,2025,18.0,Tài chính - Ngân hàng
69108,DVH,tai-chinh-ngan-hang,A01,Điểm học bạ,2025,18.0,Tài chính - Ngân hàng
69109,DVH,tai-chinh-ngan-hang,A12,Điểm học bạ,2025,18.0,Tài chính - Ngân hàng
69110,DVH,tai-chinh-ngan-hang,A15,Điểm học bạ,2025,18.0,Tài chính - Ngân hàng
69111,DVH,tai-chinh-ngan-hang,C04,Điểm học bạ,2025,18.0,Tài chính - Ngân hàng
69112,DVH,tai-chinh-ngan-hang,D01,Điểm học bạ,2025,18.0,Tài chính - Ngân hàng
69113,DVH,tai-chinh-ngan-hang,X05,Điểm học bạ,2025,18.0,Tài chính - Ngân hàng
69114,DVH,tai-chinh-ngan-hang,X54,Điểm học bạ,2025,18.0,Tài chính - Ngân hàng
69115,DVH,tai-chinh-ngan-hang,A00,Điểm thi THPT,2025,15.0,Tài chính - Ngân hàng
69116,DVH,tai-chinh-ngan-hang,A01,Điểm thi THPT,2025,15.0,Tài chính - Ngân hàng
69117,DVH,tai-chinh-ngan-hang,A12,Điểm thi THPT,2025,15.0,Tài chính - Ngân hàng
69118,DVH,tai-chinh-ngan-hang,A15,Điểm thi THPT,2025,15.0,Tài chính - Ngân hàng
69119,DVH,tai-chinh-ngan-hang,C04,Điểm thi THPT,2025,15.0,Tài chính - Ngân hàng
69120,DVH,tai-chinh-ngan-hang,D01,Điểm thi THPT,2025,15.0,Tài chính - Ngân hàng
69121,DVH,tai-chinh-ngan-hang,X05,Điểm thi THPT,2025,15.0,Tài chính - Ngân hàng
69122,DVH,tai-chinh-ngan-hang,X54,Điểm thi THPT,2025,15.0,Tài chính - Ngân hàng
69123,DVH,tam-ly-hoc,A00,Điểm thi THPT,2021,18.5,Tâm lý học
69124,DVH,tam-ly-hoc,B00,Điểm thi THPT,2021,18.5,Tâm lý học
69125,DVH,tam-ly-hoc,C00,Điểm thi THPT,2021,18.5,Tâm lý học
69126,DVH,tam-ly-hoc,D01,Điểm thi THPT,2021,18.5,Tâm lý học
69127,DVH,tam-ly-hoc,A00,Điểm học bạ,2022,18.0,Tâm lý học
69128,DVH,tam-ly-hoc,B00,Điểm học bạ,2022,18.0,Tâm lý học
69129,DVH,tam-ly-hoc,C00,Điểm học bạ,2022,18.0,Tâm lý học
69130,DVH,tam-ly-hoc,D01,Điểm học bạ,2022,18.0,Tâm lý học
69131,DVH,tam-ly-hoc,A00,Điểm thi THPT,2022,22.0,Tâm lý học
69132,DVH,tam-ly-hoc,B00,Điểm thi THPT,2022,22.0,Tâm lý học
69133,DVH,tam-ly-hoc,C00,Điểm thi THPT,2022,22.0,Tâm lý học
69134,DVH,tam-ly-hoc,D01,Điểm thi THPT,2022,22.0,Tâm lý học
69135,DVH,tam-ly-hoc,A00,Điểm học bạ,2023,18.0,Tâm lý học
69136,DVH,tam-ly-hoc,B00,Điểm học bạ,2023,18.0,Tâm lý học
69137,DVH,tam-ly-hoc,C00,Điểm học bạ,2023,18.0,Tâm lý học
69138,DVH,tam-ly-hoc,D01,Điểm học bạ,2023,18.0,Tâm lý học
69139,DVH,tam-ly-hoc,A00,Điểm thi THPT,2023,23.5,Tâm lý học
69140,DVH,tam-ly-hoc,B00,Điểm thi THPT,2023,23.5,Tâm lý học
69141,DVH,tam-ly-hoc,C00,Điểm thi THPT,2023,23.5,Tâm lý học
69142,DVH,tam-ly-hoc,D01,Điểm thi THPT,2023,23.5,Tâm lý học
69143,DVH,tam-ly-hoc,A00,Điểm học bạ,2024,18.0,Tâm lý học
69144,DVH,tam-ly-hoc,B00,Điểm học bạ,2024,18.0,Tâm lý học
69145,DVH,tam-ly-hoc,C00,Điểm học bạ,2024,18.0,Tâm lý học
69146,DVH,tam-ly-hoc,D01,Điểm học bạ,2024,18.0,Tâm lý học
69147,DVH,tam-ly-hoc,A00,Điểm thi THPT,2024,16.4,Tâm lý học
69148,DVH,tam-ly-hoc,B00,Điểm thi THPT,2024,16.4,Tâm lý học
69149,DVH,tam-ly-hoc,C00,Điểm thi THPT,2024,16.4,Tâm lý học
69150,DVH,tam-ly-hoc,D01,Điểm thi THPT,2024,16.4,Tâm lý học
69151,DVH,tam-ly-hoc,A00,Điểm học bạ,2025,18.0,Tâm lý học
69152,DVH,tam-ly-hoc,B03,Điểm học bạ,2025,18.0,Tâm lý học
69153,DVH,tam-ly-hoc,C16,Điểm học bạ,2025,18.0,Tâm lý học
69154,DVH,tam-ly-hoc,D08,Điểm học bạ,2025,18.0,Tâm lý học
69155,DVH,tam-ly-hoc,D13,Điểm học bạ,2025,18.0,Tâm lý học
69156,DVH,tam-ly-hoc,X01,Điểm học bạ,2025,18.0,Tâm lý học
69157,DVH,tam-ly-hoc,X70,Điểm học bạ,2025,18.0,Tâm lý học
69158,DVH,tam-ly-hoc,X74,Điểm học bạ,2025,18.0,Tâm lý học
69159,DVH,tam-ly-hoc,A00,Điểm thi THPT,2025,15.0,Tâm lý học
69160,DVH,tam-ly-hoc,B03,Điểm thi THPT,2025,15.0,Tâm lý học
69161,DVH,tam-ly-hoc,C16,Điểm thi THPT,2025,15.0,Tâm lý học
69162,DVH,tam-ly-hoc,D08,Điểm thi THPT,2025,15.0,Tâm lý học
69163,DVH,tam-ly-hoc,D13,Điểm thi THPT,2025,15.0,Tâm lý học
69164,DVH,tam-ly-hoc,X01,Điểm thi THPT,2025,15.0,Tâm lý học
69165,DVH,tam-ly-hoc,X70,Điểm thi THPT,2025,15.0,Tâm lý học
69166,DVH,tam-ly-hoc,X74,Điểm thi THPT,2025,15.0,Tâm lý học
69167,DVH,thanh-nhac,N00,Điểm học bạ,2022,18.0,Thanh nhạc
69168,DVH,thanh-nhac,N00,Điểm thi THPT,2022,7.0,Thanh nhạc
69169,DVH,thanh-nhac,N00,Điểm học bạ,2023,18.0,Thanh nhạc
69170,DVH,thanh-nhac,N00,Điểm thi THPT,2023,18.25,Thanh nhạc
69171,DVH,thanh-nhac,N00,Điểm thi THPT,2024,17.0,Thanh nhạc
69172,DVH,thanh-nhac,N00,Điểm học bạ,2025,18.0,Thanh nhạc
69173,DVH,thanh-nhac,N00,Điểm thi THPT,2025,18.0,Thanh nhạc
69174,DVH,thuong-mai-dien-tu,A00,Điểm học bạ,2022,18.0,Thương mại điện tử
69175,DVH,thuong-mai-dien-tu,A01,Điểm học bạ,2022,18.0,Thương mại điện tử
69176,DVH,thuong-mai-dien-tu,C04,Điểm học bạ,2022,18.0,Thương mại điện tử
69177,DVH,thuong-mai-dien-tu,D01,Điểm học bạ,2022,18.0,Thương mại điện tử
69178,DVH,thuong-mai-dien-tu,A00,Điểm thi THPT,2022,22.0,Thương mại điện tử
69179,DVH,thuong-mai-dien-tu,A01,Điểm thi THPT,2022,22.0,Thương mại điện tử
69180,DVH,thuong-mai-dien-tu,C04,Điểm thi THPT,2022,22.0,Thương mại điện tử
69181,DVH,thuong-mai-dien-tu,D01,Điểm thi THPT,2022,22.0,Thương mại điện tử
69182,DVH,thuong-mai-dien-tu,A00,Điểm học bạ,2023,18.0,Thương mại điện tử
69183,DVH,thuong-mai-dien-tu,A01,Điểm học bạ,2023,18.0,Thương mại điện tử
69184,DVH,thuong-mai-dien-tu,C04,Điểm học bạ,2023,18.0,Thương mại điện tử
69185,DVH,thuong-mai-dien-tu,D01,Điểm học bạ,2023,18.0,Thương mại điện tử
69186,DVH,thuong-mai-dien-tu,A00,Điểm thi THPT,2023,23.0,Thương mại điện tử
69187,DVH,thuong-mai-dien-tu,A01,Điểm thi THPT,2023,23.0,Thương mại điện tử
69188,DVH,thuong-mai-dien-tu,C04,Điểm thi THPT,2023,23.0,Thương mại điện tử
69189,DVH,thuong-mai-dien-tu,D01,Điểm thi THPT,2023,23.0,Thương mại điện tử
69190,DVH,thuong-mai-dien-tu,A00,Điểm học bạ,2024,18.0,Thương mại điện tử
69191,DVH,thuong-mai-dien-tu,A01,Điểm học bạ,2024,18.0,Thương mại điện tử
69192,DVH,thuong-mai-dien-tu,C04,Điểm học bạ,2024,18.0,Thương mại điện tử
69193,DVH,thuong-mai-dien-tu,D01,Điểm học bạ,2024,18.0,Thương mại điện tử
69194,DVH,thuong-mai-dien-tu,A00,Điểm thi THPT,2024,16.4,Thương mại điện tử
69195,DVH,thuong-mai-dien-tu,A01,Điểm thi THPT,2024,16.4,Thương mại điện tử
69196,DVH,thuong-mai-dien-tu,C04,Điểm thi THPT,2024,16.4,Thương mại điện tử
69197,DVH,thuong-mai-dien-tu,D01,Điểm thi THPT,2024,16.4,Thương mại điện tử
69198,DVH,thuong-mai-dien-tu,A00,Điểm học bạ,2025,18.0,Thương mại điện tử
69199,DVH,thuong-mai-dien-tu,A01,Điểm học bạ,2025,18.0,Thương mại điện tử
69200,DVH,thuong-mai-dien-tu,A12,Điểm học bạ,2025,18.0,Thương mại điện tử
69201,DVH,thuong-mai-dien-tu,A15,Điểm học bạ,2025,18.0,Thương mại điện tử
69202,DVH,thuong-mai-dien-tu,C04,Điểm học bạ,2025,18.0,Thương mại điện tử
69203,DVH,thuong-mai-dien-tu,D01,Điểm học bạ,2025,18.0,Thương mại điện tử
69204,DVH,thuong-mai-dien-tu,X05,Điểm học bạ,2025,18.0,Thương mại điện tử
69205,DVH,thuong-mai-dien-tu,X54,Điểm học bạ,2025,18.0,Thương mại điện tử
69206,DVH,thuong-mai-dien-tu,A00,Điểm thi THPT,2025,15.0,Thương mại điện tử
69207,DVH,thuong-mai-dien-tu,A01,Điểm thi THPT,2025,15.0,Thương mại điện tử
69208,DVH,thuong-mai-dien-tu,A12,Điểm thi THPT,2025,15.0,Thương mại điện tử
69209,DVH,thuong-mai-dien-tu,A15,Điểm thi THPT,2025,15.0,Thương mại điện tử
69210,DVH,thuong-mai-dien-tu,C04,Điểm thi THPT,2025,15.0,Thương mại điện tử
69211,DVH,thuong-mai-dien-tu,D01,Điểm thi THPT,2025,15.0,Thương mại điện tử
69212,DVH,thuong-mai-dien-tu,X05,Điểm thi THPT,2025,15.0,Thương mại điện tử
69213,DVH,thuong-mai-dien-tu,X54,Điểm thi THPT,2025,15.0,Thương mại điện tử
69214,DVH,truyen-thong-da-phuong-tien,A00,Điểm học bạ,2022,18.0,Truyền thông đa phương tiện
69215,DVH,truyen-thong-da-phuong-tien,A01,Điểm học bạ,2022,18.0,Truyền thông đa phương tiện
69216,DVH,truyen-thong-da-phuong-tien,C01,Điểm học bạ,2022,18.0,Truyền thông đa phương tiện
69217,DVH,truyen-thong-da-phuong-tien,D01,Điểm học bạ,2022,18.0,Truyền thông đa phương tiện
69218,DVH,truyen-thong-da-phuong-tien,A00,Điểm thi THPT,2022,21.0,Truyền thông đa phương tiện
69219,DVH,truyen-thong-da-phuong-tien,A01,Điểm thi THPT,2022,21.0,Truyền thông đa phương tiện
69220,DVH,truyen-thong-da-phuong-tien,C01,Điểm thi THPT,2022,21.0,Truyền thông đa phương tiện
69221,DVH,truyen-thong-da-phuong-tien,D01,Điểm thi THPT,2022,21.0,Truyền thông đa phương tiện
69222,DVH,truyen-thong-da-phuong-tien,A00,Điểm học bạ,2023,18.0,Truyền thông đa phương tiện
69223,DVH,truyen-thong-da-phuong-tien,A01,Điểm học bạ,2023,18.0,Truyền thông đa phương tiện
69224,DVH,truyen-thong-da-phuong-tien,C01,Điểm học bạ,2023,18.0,Truyền thông đa phương tiện
69225,DVH,truyen-thong-da-phuong-tien,D01,Điểm học bạ,2023,18.0,Truyền thông đa phương tiện
69226,DVH,truyen-thong-da-phuong-tien,A00,Điểm thi THPT,2023,24.03,Truyền thông đa phương tiện
69227,DVH,truyen-thong-da-phuong-tien,A01,Điểm thi THPT,2023,24.03,Truyền thông đa phương tiện
69228,DVH,truyen-thong-da-phuong-tien,C01,Điểm thi THPT,2023,24.03,Truyền thông đa phương tiện
69229,DVH,truyen-thong-da-phuong-tien,D01,Điểm thi THPT,2023,24.03,Truyền thông đa phương tiện
69230,DVH,truyen-thong-da-phuong-tien,A00,Điểm học bạ,2024,18.0,Truyền thông đa phương tiện
69231,DVH,truyen-thong-da-phuong-tien,A01,Điểm học bạ,2024,18.0,Truyền thông đa phương tiện
69232,DVH,truyen-thong-da-phuong-tien,C01,Điểm học bạ,2024,18.0,Truyền thông đa phương tiện
69233,DVH,truyen-thong-da-phuong-tien,D01,Điểm học bạ,2024,18.0,Truyền thông đa phương tiện
69234,DVH,truyen-thong-da-phuong-tien,A00,Điểm thi THPT,2024,16.0,Truyền thông đa phương tiện
69235,DVH,truyen-thong-da-phuong-tien,A01,Điểm thi THPT,2024,16.0,Truyền thông đa phương tiện
69236,DVH,truyen-thong-da-phuong-tien,C01,Điểm thi THPT,2024,16.0,Truyền thông đa phương tiện
69237,DVH,truyen-thong-da-phuong-tien,D01,Điểm thi THPT,2024,16.0,Truyền thông đa phương tiện
69238,DVH,truyen-thong-da-phuong-tien,A00,Điểm học bạ,2025,18.0,Truyền thông đa phương tiện
69239,DVH,truyen-thong-da-phuong-tien,A01,Điểm học bạ,2025,18.0,Truyền thông đa phương tiện
69240,DVH,truyen-thong-da-phuong-tien,C01,Điểm học bạ,2025,18.0,Truyền thông đa phương tiện
69241,DVH,truyen-thong-da-phuong-tien,C16,Điểm học bạ,2025,18.0,Truyền thông đa phương tiện
69242,DVH,truyen-thong-da-phuong-tien,D01,Điểm học bạ,2025,18.0,Truyền thông đa phương tiện
69243,DVH,truyen-thong-da-phuong-tien,X01,Điểm học bạ,2025,18.0,Truyền thông đa phương tiện
69244,DVH,truyen-thong-da-phuong-tien,X70,Điểm học bạ,2025,18.0,Truyền thông đa phương tiện
69245,DVH,truyen-thong-da-phuong-tien,X74,Điểm học bạ,2025,18.0,Truyền thông đa phương tiện
69246,DVH,truyen-thong-da-phuong-tien,A00,Điểm thi THPT,2025,15.0,Truyền thông đa phương tiện
69247,DVH,truyen-thong-da-phuong-tien,A01,Điểm thi THPT,2025,15.0,Truyền thông đa phương tiện
69248,DVH,truyen-thong-da-phuong-tien,C01,Điểm thi THPT,2025,15.0,Truyền thông đa phương tiện
69249,DVH,truyen-thong-da-phuong-tien,C16,Điểm thi THPT,2025,15.0,Truyền thông đa phương tiện
69250,DVH,truyen-thong-da-phuong-tien,D01,Điểm thi THPT,2025,15.0,Truyền thông đa phương tiện
69251,DVH,truyen-thong-da-phuong-tien,X01,Điểm thi THPT,2025,15.0,Truyền thông đa phương tiện
69252,DVH,truyen-thong-da-phuong-tien,X70,Điểm thi THPT,2025,15.0,Truyền thông đa phương tiện
69253,DVH,truyen-thong-da-phuong-tien,X74,Điểm thi THPT,2025,15.0,Truyền thông đa phương tiện
69254,DVH,van-hoa-hoc,C00,Điểm thi THPT,2021,20.0,Văn hóa học
69255,DVH,van-hoa-hoc,D01,Điểm thi THPT,2021,20.0,Văn hóa học
69256,DVH,van-hoa-hoc,D14,Điểm thi THPT,2021,20.0,Văn hóa học
69257,DVH,van-hoa-hoc,D15,Điểm thi THPT,2021,20.0,Văn hóa học
69258,DVH,van-hoa-hoc,C00,Điểm học bạ,2022,18.0,Văn hóa học
69259,DVH,van-hoa-hoc,D01,Điểm học bạ,2022,18.0,Văn hóa học
69260,DVH,van-hoa-hoc,D14,Điểm học bạ,2022,18.0,Văn hóa học
69261,DVH,van-hoa-hoc,D15,Điểm học bạ,2022,18.0,Văn hóa học
69262,DVH,van-hoa-hoc,C00,Điểm thi THPT,2022,20.75,Văn hóa học
69263,DVH,van-hoa-hoc,D01,Điểm thi THPT,2022,20.75,Văn hóa học
69264,DVH,van-hoa-hoc,D14,Điểm thi THPT,2022,20.75,Văn hóa học
69265,DVH,van-hoa-hoc,D15,Điểm thi THPT,2022,20.75,Văn hóa học
69266,DVH,van-hoa-hoc,C00,Điểm học bạ,2023,18.0,Văn hóa học
69267,DVH,van-hoa-hoc,D01,Điểm học bạ,2023,18.0,Văn hóa học
69268,DVH,van-hoa-hoc,D14,Điểm học bạ,2023,18.0,Văn hóa học
69269,DVH,van-hoa-hoc,D15,Điểm học bạ,2023,18.0,Văn hóa học
69270,DVH,van-hoa-hoc,C00,Điểm thi THPT,2023,19.0,Văn hóa học
69271,DVH,van-hoa-hoc,D01,Điểm thi THPT,2023,19.0,Văn hóa học
69272,DVH,van-hoa-hoc,D14,Điểm thi THPT,2023,19.0,Văn hóa học
69273,DVH,van-hoa-hoc,D15,Điểm thi THPT,2023,19.0,Văn hóa học
69274,DVH,van-hoc,C00,Điểm thi THPT,2021,16.0,Văn học
69275,DVH,van-hoc,D01,Điểm thi THPT,2021,16.0,Văn học
69276,DVH,van-hoc,D14,Điểm thi THPT,2021,16.0,Văn học
69277,DVH,van-hoc,D15,Điểm thi THPT,2021,16.0,Văn học
69278,DVH,van-hoc,C00,Điểm học bạ,2022,18.0,Văn học
69279,DVH,van-hoc,D01,Điểm học bạ,2022,18.0,Văn học
69280,DVH,van-hoc,D14,Điểm học bạ,2022,18.0,Văn học
69281,DVH,van-hoc,D15,Điểm học bạ,2022,18.0,Văn học
69282,DVH,van-hoc,C00,Điểm thi THPT,2022,22.0,Văn học
69283,DVH,van-hoc,D01,Điểm thi THPT,2022,22.0,Văn học
69284,DVH,van-hoc,D14,Điểm thi THPT,2022,22.0,Văn học
69285,DVH,van-hoc,D15,Điểm thi THPT,2022,22.0,Văn học
69286,DVH,van-hoc,C00,Điểm học bạ,2023,18.0,Văn học
69287,DVH,van-hoc,D01,Điểm học bạ,2023,18.0,Văn học
69288,DVH,van-hoc,D14,Điểm học bạ,2023,18.0,Văn học
69289,DVH,van-hoc,D15,Điểm học bạ,2023,18.0,Văn học
69290,DVH,van-hoc,C00,Điểm thi THPT,2023,16.3,Văn học
69291,DVH,van-hoc,D01,Điểm thi THPT,2023,16.3,Văn học
69292,DVH,van-hoc,D14,Điểm thi THPT,2023,16.3,Văn học
69293,DVH,van-hoc,D15,Điểm thi THPT,2023,16.3,Văn học
69294,DVH,van-hoc,C00,Điểm học bạ,2024,18.0,Văn học
69295,DVH,van-hoc,D01,Điểm học bạ,2024,18.0,Văn học
69296,DVH,van-hoc,D14,Điểm học bạ,2024,18.0,Văn học
69297,DVH,van-hoc,D15,Điểm học bạ,2024,18.0,Văn học
69298,DVH,van-hoc,C00,Điểm thi THPT,2024,16.75,Văn học
69299,DVH,van-hoc,D01,Điểm thi THPT,2024,16.75,Văn học
69300,DVH,van-hoc,D14,Điểm thi THPT,2024,16.75,Văn học
69301,DVH,van-hoc,D15,Điểm thi THPT,2024,16.75,Văn học
69302,DVH,van-hoc,C00,Điểm học bạ,2025,19.44,Văn học
69303,DVH,van-hoc,C14,Điểm học bạ,2025,19.44,Văn học
69304,DVH,van-hoc,C16,Điểm học bạ,2025,19.44,Văn học
69305,DVH,van-hoc,D01,Điểm học bạ,2025,19.44,Văn học
69306,DVH,van-hoc,D14,Điểm học bạ,2025,19.44,Văn học
69307,DVH,van-hoc,D15,Điểm học bạ,2025,19.44,Văn học
69308,DVH,van-hoc,X01,Điểm học bạ,2025,19.44,Văn học
69309,DVH,van-hoc,X70,Điểm học bạ,2025,19.44,Văn học
69310,DVH,van-hoc,C00,Điểm thi THPT,2025,16.85,Văn học
69311,DVH,van-hoc,C14,Điểm thi THPT,2025,16.85,Văn học
69312,DVH,van-hoc,C16,Điểm thi THPT,2025,16.85,Văn học
69313,DVH,van-hoc,D01,Điểm thi THPT,2025,16.85,Văn học
69314,DVH,van-hoc,D14,Điểm thi THPT,2025,16.85,Văn học
69315,DVH,van-hoc,D15,Điểm thi THPT,2025,16.85,Văn học
69316,DVH,van-hoc,X01,Điểm thi THPT,2025,16.85,Văn học
69317,DVH,van-hoc,X70,Điểm thi THPT,2025,16.85,Văn học
69318,DVH,viet-nam-hoc,C00,Điểm thi THPT,2021,20.0,Việt Nam học
69319,DVH,viet-nam-hoc,D01,Điểm thi THPT,2021,20.0,Việt Nam học
69320,DVH,viet-nam-hoc,D14,Điểm thi THPT,2021,20.0,Việt Nam học
69321,DVH,viet-nam-hoc,D15,Điểm thi THPT,2021,20.0,Việt Nam học
69322,DVH,viet-nam-hoc,C00,Điểm học bạ,2022,18.0,Việt Nam học
69323,DVH,viet-nam-hoc,D01,Điểm học bạ,2022,18.0,Việt Nam học
69324,DVH,viet-nam-hoc,D14,Điểm học bạ,2022,18.0,Việt Nam học
69325,DVH,viet-nam-hoc,D15,Điểm học bạ,2022,18.0,Việt Nam học
69326,DVH,viet-nam-hoc,C00,Điểm thi THPT,2022,20.25,Việt Nam học
69327,DVH,viet-nam-hoc,D01,Điểm thi THPT,2022,20.25,Việt Nam học
69328,DVH,viet-nam-hoc,D14,Điểm thi THPT,2022,20.25,Việt Nam học
69329,DVH,viet-nam-hoc,D15,Điểm thi THPT,2022,20.25,Việt Nam học
69330,DVH,viet-nam-hoc,C00,Điểm học bạ,2023,18.0,Việt Nam học
69331,DVH,viet-nam-hoc,D01,Điểm học bạ,2023,18.0,Việt Nam học
69332,DVH,viet-nam-hoc,D14,Điểm học bạ,2023,18.0,Việt Nam học
69333,DVH,viet-nam-hoc,D15,Điểm học bạ,2023,18.0,Việt Nam học
69334,DVH,viet-nam-hoc,C00,Điểm thi THPT,2023,18.0,Việt Nam học
69335,DVH,viet-nam-hoc,D01,Điểm thi THPT,2023,18.0,Việt Nam học
69336,DVH,viet-nam-hoc,D14,Điểm thi THPT,2023,18.0,Việt Nam học
69337,DVH,viet-nam-hoc,D15,Điểm thi THPT,2023,18.0,Việt Nam học
69338,DVH,viet-nam-hoc,C00,Điểm học bạ,2024,18.0,Việt Nam học
69339,DVH,viet-nam-hoc,D01,Điểm học bạ,2024,18.0,Việt Nam học
69340,DVH,viet-nam-hoc,D14,Điểm học bạ,2024,18.0,Việt Nam học
69341,DVH,viet-nam-hoc,D15,Điểm học bạ,2024,18.0,Việt Nam học
69342,DVH,viet-nam-hoc,C00,Điểm thi THPT,2024,18.75,Việt Nam học
69343,DVH,viet-nam-hoc,D01,Điểm thi THPT,2024,18.75,Việt Nam học
69344,DVH,viet-nam-hoc,D14,Điểm thi THPT,2024,18.75,Việt Nam học
69345,DVH,viet-nam-hoc,D15,Điểm thi THPT,2024,18.75,Việt Nam học
69346,DVH,viet-nam-hoc,C00,Điểm học bạ,2025,18.0,Việt Nam học
69347,DVH,viet-nam-hoc,C16,Điểm học bạ,2025,18.0,Việt Nam học
69348,DVH,viet-nam-hoc,D01,Điểm học bạ,2025,18.0,Việt Nam học
69349,DVH,viet-nam-hoc,D14,Điểm học bạ,2025,18.0,Việt Nam học
69350,DVH,viet-nam-hoc,D15,Điểm học bạ,2025,18.0,Việt Nam học
69351,DVH,viet-nam-hoc,X01,Điểm học bạ,2025,18.0,Việt Nam học
69352,DVH,viet-nam-hoc,X70,Điểm học bạ,2025,18.0,Việt Nam học
69353,DVH,viet-nam-hoc,X74,Điểm học bạ,2025,18.0,Việt Nam học
69354,DVH,viet-nam-hoc,C00,Điểm thi THPT,2025,15.0,Việt Nam học
69355,DVH,viet-nam-hoc,C16,Điểm thi THPT,2025,15.0,Việt Nam học
69356,DVH,viet-nam-hoc,D01,Điểm thi THPT,2025,15.0,Việt Nam học
69357,DVH,viet-nam-hoc,D14,Điểm thi THPT,2025,15.0,Việt Nam học
69358,DVH,viet-nam-hoc,D15,Điểm thi THPT,2025,15.0,Việt Nam học
69359,DVH,viet-nam-hoc,X01,Điểm thi THPT,2025,15.0,Việt Nam học
69360,DVH,viet-nam-hoc,X70,Điểm thi THPT,2025,15.0,Việt Nam học
69361,DVH,viet-nam-hoc,X74,Điểm thi THPT,2025,15.0,Việt Nam học
69362,DVH,xa-hoi-hoc,A00,Điểm thi THPT,2021,16.0,Xã hội học
69363,DVH,xa-hoi-hoc,C00,Điểm thi THPT,2021,16.0,Xã hội học
69364,DVH,xa-hoi-hoc,C04,Điểm thi THPT,2021,16.0,Xã hội học
69365,DVH,xa-hoi-hoc,D01,Điểm thi THPT,2021,16.0,Xã hội học
69366,DVH,xa-hoi-hoc,A00,Điểm học bạ,2022,18.0,Xã hội học
69367,DVH,xa-hoi-hoc,C00,Điểm học bạ,2022,18.0,Xã hội học
69368,DVH,xa-hoi-hoc,C04,Điểm học bạ,2022,18.0,Xã hội học
69369,DVH,xa-hoi-hoc,D01,Điểm học bạ,2022,18.0,Xã hội học
69370,DVH,xa-hoi-hoc,A00,Điểm thi THPT,2022,21.0,Xã hội học
69371,DVH,xa-hoi-hoc,C00,Điểm thi THPT,2022,21.0,Xã hội học
69372,DVH,xa-hoi-hoc,C04,Điểm thi THPT,2022,21.0,Xã hội học
69373,DVH,xa-hoi-hoc,D01,Điểm thi THPT,2022,21.0,Xã hội học
69374,DVH,xa-hoi-hoc,A00,Điểm học bạ,2023,18.0,Xã hội học
69375,DVH,xa-hoi-hoc,C00,Điểm học bạ,2023,18.0,Xã hội học
69376,DVH,xa-hoi-hoc,C04,Điểm học bạ,2023,18.0,Xã hội học
69377,DVH,xa-hoi-hoc,D01,Điểm học bạ,2023,18.0,Xã hội học
69378,DVH,xa-hoi-hoc,A00,Điểm thi THPT,2023,16.5,Xã hội học
69379,DVH,xa-hoi-hoc,C00,Điểm thi THPT,2023,16.5,Xã hội học
69380,DVH,xa-hoi-hoc,C04,Điểm thi THPT,2023,16.5,Xã hội học
69381,DVH,xa-hoi-hoc,D01,Điểm thi THPT,2023,16.5,Xã hội học
69382,DVH,xa-hoi-hoc,A00,Điểm học bạ,2024,18.0,Xã hội học
69383,DVH,xa-hoi-hoc,C00,Điểm học bạ,2024,18.0,Xã hội học
69384,DVH,xa-hoi-hoc,C04,Điểm học bạ,2024,18.0,Xã hội học
69385,DVH,xa-hoi-hoc,D01,Điểm học bạ,2024,18.0,Xã hội học
69386,DVH,xa-hoi-hoc,A00,Điểm thi THPT,2024,15.25,Xã hội học
69387,DVH,xa-hoi-hoc,C00,Điểm thi THPT,2024,15.25,Xã hội học
69388,DVH,xa-hoi-hoc,C04,Điểm thi THPT,2024,15.25,Xã hội học
69389,DVH,xa-hoi-hoc,D01,Điểm thi THPT,2024,15.25,Xã hội học
69390,DVH,xa-hoi-hoc,A00,Điểm học bạ,2025,18.0,Xã hội học
69391,DVH,xa-hoi-hoc,C00,Điểm học bạ,2025,18.0,Xã hội học
69392,DVH,xa-hoi-hoc,C04,Điểm học bạ,2025,18.0,Xã hội học
69393,DVH,xa-hoi-hoc,C16,Điểm học bạ,2025,18.0,Xã hội học
69394,DVH,xa-hoi-hoc,D01,Điểm học bạ,2025,18.0,Xã hội học
69395,DVH,xa-hoi-hoc,X01,Điểm học bạ,2025,18.0,Xã hội học
69396,DVH,xa-hoi-hoc,X70,Điểm học bạ,2025,18.0,Xã hội học
69397,DVH,xa-hoi-hoc,X74,Điểm học bạ,2025,18.0,Xã hội học
69398,DVH,xa-hoi-hoc,A00,Điểm thi THPT,2025,15.0,Xã hội học
69399,DVH,xa-hoi-hoc,C00,Điểm thi THPT,2025,15.0,Xã hội học
69400,DVH,xa-hoi-hoc,C04,Điểm thi THPT,2025,15.0,Xã hội học
69401,DVH,xa-hoi-hoc,C16,Điểm thi THPT,2025,15.0,Xã hội học
69402,DVH,xa-hoi-hoc,D01,Điểm thi THPT,2025,15.0,Xã hội học
69403,DVH,xa-hoi-hoc,X01,Điểm thi THPT,2025,15.0,Xã hội học
69404,DVH,xa-hoi-hoc,X70,Điểm thi THPT,2025,15.0,Xã hội học
69405,DVH,xa-hoi-hoc,X74,Điểm thi THPT,2025,15.0,Xã hội học
69406,DVL,bao-ho-lao-dong,A00,Điểm học bạ,2022,18.0,Bảo hộ lao động
69407,DVL,bao-ho-lao-dong,A01,Điểm học bạ,2022,18.0,Bảo hộ lao động
69408,DVL,bao-ho-lao-dong,A02,Điểm học bạ,2022,18.0,Bảo hộ lao động
69409,DVL,bao-ho-lao-dong,B00,Điểm học bạ,2022,18.0,Bảo hộ lao động
69410,DVL,bao-ho-lao-dong,A00,Điểm thi THPT,2022,16.0,Bảo hộ lao động
69411,DVL,bao-ho-lao-dong,A01,Điểm thi THPT,2022,16.0,Bảo hộ lao động
69412,DVL,bao-ho-lao-dong,A02,Điểm thi THPT,2022,16.0,Bảo hộ lao động
69413,DVL,bao-ho-lao-dong,B00,Điểm thi THPT,2022,16.0,Bảo hộ lao động
69414,DVL,bao-ho-lao-dong,A00,Điểm học bạ,2023,18.0,Bảo hộ lao động
69415,DVL,bao-ho-lao-dong,A01,Điểm học bạ,2023,18.0,Bảo hộ lao động
69416,DVL,bao-ho-lao-dong,A02,Điểm học bạ,2023,18.0,Bảo hộ lao động
69417,DVL,bao-ho-lao-dong,B00,Điểm học bạ,2023,18.0,Bảo hộ lao động
69418,DVL,bao-ho-lao-dong,A00,Điểm thi THPT,2023,16.0,Bảo hộ lao động
69419,DVL,bao-ho-lao-dong,A01,Điểm thi THPT,2023,16.0,Bảo hộ lao động
69420,DVL,bao-ho-lao-dong,A02,Điểm thi THPT,2023,16.0,Bảo hộ lao động
69421,DVL,bao-ho-lao-dong,B00,Điểm thi THPT,2023,16.0,Bảo hộ lao động
69422,DVL,bat-dong-san,A00,Điểm học bạ,2021,18.0,BẤT ĐỘNG SẢN
69423,DVL,bat-dong-san,A01,Điểm học bạ,2021,18.0,BẤT ĐỘNG SẢN
69424,DVL,bat-dong-san,C04,Điểm học bạ,2021,18.0,BẤT ĐỘNG SẢN
69425,DVL,bat-dong-san,D01,Điểm học bạ,2021,18.0,BẤT ĐỘNG SẢN
69426,DVL,bat-dong-san,A00,Điểm thi THPT,2021,19.0,BẤT ĐỘNG SẢN
69427,DVL,bat-dong-san,A01,Điểm thi THPT,2021,19.0,BẤT ĐỘNG SẢN
69428,DVL,bat-dong-san,C04,Điểm thi THPT,2021,19.0,BẤT ĐỘNG SẢN
69429,DVL,bat-dong-san,D01,Điểm thi THPT,2021,19.0,BẤT ĐỘNG SẢN
69430,DVL,bat-dong-san,A00,Điểm học bạ,2022,18.0,Bất động sản
69431,DVL,bat-dong-san,A01,Điểm học bạ,2022,18.0,Bất động sản
69432,DVL,bat-dong-san,C04,Điểm học bạ,2022,18.0,Bất động sản
69433,DVL,bat-dong-san,D01,Điểm học bạ,2022,18.0,Bất động sản
69434,DVL,bat-dong-san,A00,Điểm thi THPT,2022,16.0,Bất động sản
69435,DVL,bat-dong-san,A01,Điểm thi THPT,2022,16.0,Bất động sản
69436,DVL,bat-dong-san,C04,Điểm thi THPT,2022,16.0,Bất động sản
69437,DVL,bat-dong-san,D01,Điểm thi THPT,2022,16.0,Bất động sản
69438,DVL,bat-dong-san,A00,Điểm học bạ,2023,18.0,Bất động sản
69439,DVL,bat-dong-san,A01,Điểm học bạ,2023,18.0,Bất động sản
69440,DVL,bat-dong-san,C04,Điểm học bạ,2023,18.0,Bất động sản
69441,DVL,bat-dong-san,D01,Điểm học bạ,2023,18.0,Bất động sản
69442,DVL,bat-dong-san,A00,Điểm thi THPT,2023,16.0,Bất động sản
69443,DVL,bat-dong-san,A01,Điểm thi THPT,2023,16.0,Bất động sản
69444,DVL,bat-dong-san,C04,Điểm thi THPT,2023,16.0,Bất động sản
69445,DVL,bat-dong-san,D01,Điểm thi THPT,2023,16.0,Bất động sản
69446,DVL,bat-dong-san,A00,Điểm học bạ,2024,18.0,Bất động sản
69447,DVL,bat-dong-san,A01,Điểm học bạ,2024,18.0,Bất động sản
69448,DVL,bat-dong-san,C04,Điểm học bạ,2024,18.0,Bất động sản
69449,DVL,bat-dong-san,D01,Điểm học bạ,2024,18.0,Bất động sản
69450,DVL,bat-dong-san,A00,Điểm thi THPT,2024,16.0,Bất động sản
69451,DVL,bat-dong-san,A01,Điểm thi THPT,2024,16.0,Bất động sản
69452,DVL,bat-dong-san,C04,Điểm thi THPT,2024,16.0,Bất động sản
69453,DVL,bat-dong-san,D01,Điểm thi THPT,2024,16.0,Bất động sản
69454,DVL,bat-dong-san,A00,Điểm học bạ,2025,18.0,Bất động sản
69455,DVL,bat-dong-san,A01,Điểm học bạ,2025,18.0,Bất động sản
69456,DVL,bat-dong-san,C01,Điểm học bạ,2025,18.0,Bất động sản
69457,DVL,bat-dong-san,D01,Điểm học bạ,2025,18.0,Bất động sản
69458,DVL,bat-dong-san,D07,Điểm học bạ,2025,18.0,Bất động sản
69459,DVL,bat-dong-san,D10,Điểm học bạ,2025,18.0,Bất động sản
69460,DVL,bat-dong-san,X25,Điểm học bạ,2025,18.0,Bất động sản
69461,DVL,bat-dong-san,A00,Điểm thi THPT,2025,15.0,Bất động sản
69462,DVL,bat-dong-san,A01,Điểm thi THPT,2025,15.0,Bất động sản
69463,DVL,bat-dong-san,C01,Điểm thi THPT,2025,15.0,Bất động sản
69464,DVL,bat-dong-san,D01,Điểm thi THPT,2025,15.0,Bất động sản
69465,DVL,bat-dong-san,D07,Điểm thi THPT,2025,15.0,Bất động sản
69466,DVL,bat-dong-san,D10,Điểm thi THPT,2025,15.0,Bất động sản
69467,DVL,bat-dong-san,X25,Điểm thi THPT,2025,15.0,Bất động sản
69468,DVL,cong-nghe-dien-anh-truyen-hinh,H01,Điểm học bạ,2023,24.0,Công nghệ Điện ảnh - Truyền hình
69469,DVL,cong-nghe-dien-anh-truyen-hinh,H03,Điểm học bạ,2023,24.0,Công nghệ Điện ảnh - Truyền hình
69470,DVL,cong-nghe-dien-anh-truyen-hinh,H04,Điểm học bạ,2023,24.0,Công nghệ Điện ảnh - Truyền hình
69471,DVL,cong-nghe-dien-anh-truyen-hinh,V00,Điểm học bạ,2023,24.0,Công nghệ Điện ảnh - Truyền hình
69472,DVL,cong-nghe-dien-anh-truyen-hinh,H01,Điểm thi THPT,2023,16.0,"Công nghệ điện ảnh, truyền hình"
69473,DVL,cong-nghe-dien-anh-truyen-hinh,H03,Điểm thi THPT,2023,16.0,"Công nghệ điện ảnh, truyền hình"
69474,DVL,cong-nghe-dien-anh-truyen-hinh,H04,Điểm thi THPT,2023,16.0,"Công nghệ điện ảnh, truyền hình"
69475,DVL,cong-nghe-dien-anh-truyen-hinh,V00,Điểm thi THPT,2023,16.0,"Công nghệ điện ảnh, truyền hình"
69476,DVL,cong-nghe-dien-anh-truyen-hinh,H01,Điểm học bạ,2024,24.0,"Công nghệ Điện ảnh, Truyền hình"
69477,DVL,cong-nghe-dien-anh-truyen-hinh,H03,Điểm học bạ,2024,24.0,"Công nghệ Điện ảnh, Truyền hình"
69478,DVL,cong-nghe-dien-anh-truyen-hinh,H04,Điểm học bạ,2024,24.0,"Công nghệ Điện ảnh, Truyền hình"
69479,DVL,cong-nghe-dien-anh-truyen-hinh,V00,Điểm học bạ,2024,24.0,"Công nghệ Điện ảnh, Truyền hình"
69480,DVL,cong-nghe-dien-anh-truyen-hinh,H01,Điểm thi THPT,2024,16.0,"Công nghệ điện ảnh, truyền hình"
69481,DVL,cong-nghe-dien-anh-truyen-hinh,H03,Điểm thi THPT,2024,16.0,"Công nghệ điện ảnh, truyền hình"
69482,DVL,cong-nghe-dien-anh-truyen-hinh,H04,Điểm thi THPT,2024,16.0,"Công nghệ điện ảnh, truyền hình"
69483,DVL,cong-nghe-dien-anh-truyen-hinh,V00,Điểm thi THPT,2024,16.0,"Công nghệ điện ảnh, truyền hình"
69484,DVL,cong-nghe-dien-anh-truyen-hinh,A00,Điểm học bạ,2025,18.0,"Công nghệ điện ảnh, truyền hình"
69485,DVL,cong-nghe-dien-anh-truyen-hinh,A01,Điểm học bạ,2025,18.0,"Công nghệ điện ảnh, truyền hình"
69486,DVL,cong-nghe-dien-anh-truyen-hinh,C00,Điểm học bạ,2025,18.0,"Công nghệ điện ảnh, truyền hình"
69487,DVL,cong-nghe-dien-anh-truyen-hinh,C01,Điểm học bạ,2025,18.0,"Công nghệ điện ảnh, truyền hình"
69488,DVL,cong-nghe-dien-anh-truyen-hinh,D01,Điểm học bạ,2025,18.0,"Công nghệ điện ảnh, truyền hình"
69489,DVL,cong-nghe-dien-anh-truyen-hinh,X78,Điểm học bạ,2025,18.0,"Công nghệ điện ảnh, truyền hình"
69490,DVL,cong-nghe-dien-anh-truyen-hinh,A00,Điểm thi THPT,2025,15.0,"Công nghệ điện ảnh, truyền hình"
69491,DVL,cong-nghe-dien-anh-truyen-hinh,A01,Điểm thi THPT,2025,15.0,"Công nghệ điện ảnh, truyền hình"
69492,DVL,cong-nghe-dien-anh-truyen-hinh,C00,Điểm thi THPT,2025,15.0,"Công nghệ điện ảnh, truyền hình"
69493,DVL,cong-nghe-dien-anh-truyen-hinh,C01,Điểm thi THPT,2025,15.0,"Công nghệ điện ảnh, truyền hình"
69494,DVL,cong-nghe-dien-anh-truyen-hinh,D01,Điểm thi THPT,2025,15.0,"Công nghệ điện ảnh, truyền hình"
69495,DVL,cong-nghe-dien-anh-truyen-hinh,X78,Điểm thi THPT,2025,15.0,"Công nghệ điện ảnh, truyền hình"
69496,DVL,cong-nghe-ky-thuat-dien-dien-tu,A00,Điểm học bạ,2021,18.0,"CÔNG NGHỆ KỸ THUẬT ĐIỆN, ĐIỆN TỬ"
69497,DVL,cong-nghe-ky-thuat-dien-dien-tu,A01,Điểm học bạ,2021,18.0,"CÔNG NGHỆ KỸ THUẬT ĐIỆN, ĐIỆN TỬ"
69498,DVL,cong-nghe-ky-thuat-dien-dien-tu,C01,Điểm học bạ,2021,18.0,"CÔNG NGHỆ KỸ THUẬT ĐIỆN, ĐIỆN TỬ"
69499,DVL,cong-nghe-ky-thuat-dien-dien-tu,D01,Điểm học bạ,2021,18.0,"CÔNG NGHỆ KỸ THUẬT ĐIỆN, ĐIỆN TỬ"
69500,DVL,cong-nghe-ky-thuat-dien-dien-tu,A00,Điểm thi THPT,2021,17.0,"CÔNG NGHỆ KỸ THUẬT ĐIỆN, ĐIỆN TỬ"
69501,DVL,cong-nghe-ky-thuat-dien-dien-tu,A01,Điểm thi THPT,2021,17.0,"CÔNG NGHỆ KỸ THUẬT ĐIỆN, ĐIỆN TỬ"
69502,DVL,cong-nghe-ky-thuat-dien-dien-tu,C01,Điểm thi THPT,2021,17.0,"CÔNG NGHỆ KỸ THUẬT ĐIỆN, ĐIỆN TỬ"
69503,DVL,cong-nghe-ky-thuat-dien-dien-tu,D01,Điểm thi THPT,2021,17.0,"CÔNG NGHỆ KỸ THUẬT ĐIỆN, ĐIỆN TỬ"
69504,DVL,cong-nghe-ky-thuat-dien-dien-tu,A00,Điểm học bạ,2022,18.0,"Công nghệ kỹ thuật điện, điện tử"
69505,DVL,cong-nghe-ky-thuat-dien-dien-tu,A01,Điểm học bạ,2022,18.0,"Công nghệ kỹ thuật điện, điện tử"
69506,DVL,cong-nghe-ky-thuat-dien-dien-tu,C01,Điểm học bạ,2022,18.0,"Công nghệ kỹ thuật điện, điện tử"
69507,DVL,cong-nghe-ky-thuat-dien-dien-tu,D01,Điểm học bạ,2022,18.0,"Công nghệ kỹ thuật điện, điện tử"
69508,DVL,cong-nghe-ky-thuat-dien-dien-tu,A00,Điểm thi THPT,2022,16.0,"Công nghệ kỹ thuật điện, điện tử"
69509,DVL,cong-nghe-ky-thuat-dien-dien-tu,A01,Điểm thi THPT,2022,16.0,"Công nghệ kỹ thuật điện, điện tử"
69510,DVL,cong-nghe-ky-thuat-dien-dien-tu,C01,Điểm thi THPT,2022,16.0,"Công nghệ kỹ thuật điện, điện tử"
69511,DVL,cong-nghe-ky-thuat-dien-dien-tu,D01,Điểm thi THPT,2022,16.0,"Công nghệ kỹ thuật điện, điện tử"
69512,DVL,cong-nghe-ky-thuat-dien-dien-tu,A00,Điểm học bạ,2023,18.0,"Công nghệ kỹ thuật điện, điện tử"
69513,DVL,cong-nghe-ky-thuat-dien-dien-tu,A01,Điểm học bạ,2023,18.0,"Công nghệ kỹ thuật điện, điện tử"
69514,DVL,cong-nghe-ky-thuat-dien-dien-tu,C01,Điểm học bạ,2023,18.0,"Công nghệ kỹ thuật điện, điện tử"
69515,DVL,cong-nghe-ky-thuat-dien-dien-tu,D01,Điểm học bạ,2023,18.0,"Công nghệ kỹ thuật điện, điện tử"
69516,DVL,cong-nghe-ky-thuat-dien-dien-tu,A00,Điểm thi THPT,2023,16.0,"Công nghệ kỹ thuật điện, điện tử"
69517,DVL,cong-nghe-ky-thuat-dien-dien-tu,A01,Điểm thi THPT,2023,16.0,"Công nghệ kỹ thuật điện, điện tử"
69518,DVL,cong-nghe-ky-thuat-dien-dien-tu,C01,Điểm thi THPT,2023,16.0,"Công nghệ kỹ thuật điện, điện tử"
69519,DVL,cong-nghe-ky-thuat-dien-dien-tu,D01,Điểm thi THPT,2023,16.0,"Công nghệ kỹ thuật điện, điện tử"
69520,DVL,cong-nghe-ky-thuat-dien-dien-tu,A00,Điểm học bạ,2024,18.0,"Công nghệ Kỹ thuật điện, Điện tử"
69521,DVL,cong-nghe-ky-thuat-dien-dien-tu,A01,Điểm học bạ,2024,18.0,"Công nghệ Kỹ thuật điện, Điện tử"
69522,DVL,cong-nghe-ky-thuat-dien-dien-tu,C01,Điểm học bạ,2024,18.0,"Công nghệ Kỹ thuật điện, Điện tử"
69523,DVL,cong-nghe-ky-thuat-dien-dien-tu,D01,Điểm học bạ,2024,18.0,"Công nghệ Kỹ thuật điện, Điện tử"
69524,DVL,cong-nghe-ky-thuat-dien-dien-tu,A00,Điểm thi THPT,2024,16.0,"Công nghệ kỹ thuật điện, điện tử"
69525,DVL,cong-nghe-ky-thuat-dien-dien-tu,A01,Điểm thi THPT,2024,16.0,"Công nghệ kỹ thuật điện, điện tử"
69526,DVL,cong-nghe-ky-thuat-dien-dien-tu,C01,Điểm thi THPT,2024,16.0,"Công nghệ kỹ thuật điện, điện tử"
69527,DVL,cong-nghe-ky-thuat-dien-dien-tu,D01,Điểm thi THPT,2024,16.0,"Công nghệ kỹ thuật điện, điện tử"
69528,DVL,cong-nghe-ky-thuat-dien-dien-tu,A00,Điểm học bạ,2025,18.0,"Công nghệ kỹ thuật điện, điện tử"
69529,DVL,cong-nghe-ky-thuat-dien-dien-tu,A01,Điểm học bạ,2025,18.0,"Công nghệ kỹ thuật điện, điện tử"
69530,DVL,cong-nghe-ky-thuat-dien-dien-tu,C01,Điểm học bạ,2025,18.0,"Công nghệ kỹ thuật điện, điện tử"
69531,DVL,cong-nghe-ky-thuat-dien-dien-tu,D01,Điểm học bạ,2025,18.0,"Công nghệ kỹ thuật điện, điện tử"
69532,DVL,cong-nghe-ky-thuat-dien-dien-tu,X26,Điểm học bạ,2025,18.0,"Công nghệ kỹ thuật điện, điện tử"
69533,DVL,cong-nghe-ky-thuat-dien-dien-tu,A00,Điểm thi THPT,2025,15.0,"Công nghệ kỹ thuật điện, điện tử"
69534,DVL,cong-nghe-ky-thuat-dien-dien-tu,A01,Điểm thi THPT,2025,15.0,"Công nghệ kỹ thuật điện, điện tử"
69535,DVL,cong-nghe-ky-thuat-dien-dien-tu,C01,Điểm thi THPT,2025,15.0,"Công nghệ kỹ thuật điện, điện tử"
69536,DVL,cong-nghe-ky-thuat-dien-dien-tu,D01,Điểm thi THPT,2025,15.0,"Công nghệ kỹ thuật điện, điện tử"
69537,DVL,cong-nghe-ky-thuat-dien-dien-tu,X26,Điểm thi THPT,2025,15.0,"Công nghệ kỹ thuật điện, điện tử"
69538,DVL,cong-nghe-ky-thuat-moi-truong,A00,Điểm học bạ,2021,18.0,CÔNG NGHỆ KỸ THUẬT MÔI TRƯỜNG
69539,DVL,cong-nghe-ky-thuat-moi-truong,B00,Điểm học bạ,2021,18.0,CÔNG NGHỆ KỸ THUẬT MÔI TRƯỜNG
69540,DVL,cong-nghe-ky-thuat-moi-truong,D07,Điểm học bạ,2021,18.0,CÔNG NGHỆ KỸ THUẬT MÔI TRƯỜNG
69541,DVL,cong-nghe-ky-thuat-moi-truong,D08,Điểm học bạ,2021,18.0,CÔNG NGHỆ KỸ THUẬT MÔI TRƯỜNG
69542,DVL,cong-nghe-ky-thuat-moi-truong,A00,Điểm thi THPT,2021,16.0,CÔNG NGHỆ KỸ THUẬT MÔI TRƯỜNG
69543,DVL,cong-nghe-ky-thuat-moi-truong,B00,Điểm thi THPT,2021,16.0,CÔNG NGHỆ KỸ THUẬT MÔI TRƯỜNG
69544,DVL,cong-nghe-ky-thuat-moi-truong,D07,Điểm thi THPT,2021,16.0,CÔNG NGHỆ KỸ THUẬT MÔI TRƯỜNG
69545,DVL,cong-nghe-ky-thuat-moi-truong,D08,Điểm thi THPT,2021,16.0,CÔNG NGHỆ KỸ THUẬT MÔI TRƯỜNG
69546,DVL,cong-nghe-ky-thuat-moi-truong,A00,Điểm học bạ,2022,18.0,Công nghệ kỹ thuật môi trường
69547,DVL,cong-nghe-ky-thuat-moi-truong,B00,Điểm học bạ,2022,18.0,Công nghệ kỹ thuật môi trường
69548,DVL,cong-nghe-ky-thuat-moi-truong,D07,Điểm học bạ,2022,18.0,Công nghệ kỹ thuật môi trường
69549,DVL,cong-nghe-ky-thuat-moi-truong,D08,Điểm học bạ,2022,18.0,Công nghệ kỹ thuật môi trường
69550,DVL,cong-nghe-ky-thuat-moi-truong,A00,Điểm thi THPT,2022,16.0,Công nghệ kỹ thuật môi trường
69551,DVL,cong-nghe-ky-thuat-moi-truong,B00,Điểm thi THPT,2022,16.0,Công nghệ kỹ thuật môi trường
69552,DVL,cong-nghe-ky-thuat-moi-truong,D07,Điểm thi THPT,2022,16.0,Công nghệ kỹ thuật môi trường
69553,DVL,cong-nghe-ky-thuat-moi-truong,D08,Điểm thi THPT,2022,16.0,Công nghệ kỹ thuật môi trường
69554,DVL,cong-nghe-ky-thuat-moi-truong,A00,Điểm học bạ,2023,18.0,Công nghệ kỹ thuật môi trường
69555,DVL,cong-nghe-ky-thuat-moi-truong,B00,Điểm học bạ,2023,18.0,Công nghệ kỹ thuật môi trường
69556,DVL,cong-nghe-ky-thuat-moi-truong,D07,Điểm học bạ,2023,18.0,Công nghệ kỹ thuật môi trường
69557,DVL,cong-nghe-ky-thuat-moi-truong,D08,Điểm học bạ,2023,18.0,Công nghệ kỹ thuật môi trường
69558,DVL,cong-nghe-ky-thuat-moi-truong,A00,Điểm thi THPT,2023,16.0,Công nghệ kỹ thuật môi trường
69559,DVL,cong-nghe-ky-thuat-moi-truong,B00,Điểm thi THPT,2023,16.0,Công nghệ kỹ thuật môi trường
69560,DVL,cong-nghe-ky-thuat-moi-truong,D07,Điểm thi THPT,2023,16.0,Công nghệ kỹ thuật môi trường
69561,DVL,cong-nghe-ky-thuat-moi-truong,D08,Điểm thi THPT,2023,16.0,Công nghệ kỹ thuật môi trường
69562,DVL,cong-nghe-ky-thuat-moi-truong,A00,Điểm học bạ,2024,18.0,Công nghệ Kỹ thuật Môi trường
69563,DVL,cong-nghe-ky-thuat-moi-truong,B00,Điểm học bạ,2024,18.0,Công nghệ Kỹ thuật Môi trường
69564,DVL,cong-nghe-ky-thuat-moi-truong,D07,Điểm học bạ,2024,18.0,Công nghệ Kỹ thuật Môi trường
69565,DVL,cong-nghe-ky-thuat-moi-truong,D08,Điểm học bạ,2024,18.0,Công nghệ Kỹ thuật Môi trường
69566,DVL,cong-nghe-ky-thuat-moi-truong,A00,Điểm thi THPT,2024,16.0,Công nghệ kỹ thuật môi trường
69567,DVL,cong-nghe-ky-thuat-moi-truong,B00,Điểm thi THPT,2024,16.0,Công nghệ kỹ thuật môi trường
69568,DVL,cong-nghe-ky-thuat-moi-truong,D07,Điểm thi THPT,2024,16.0,Công nghệ kỹ thuật môi trường
69569,DVL,cong-nghe-ky-thuat-moi-truong,D08,Điểm thi THPT,2024,16.0,Công nghệ kỹ thuật môi trường
69570,DVL,cong-nghe-ky-thuat-moi-truong,A00,Điểm học bạ,2025,18.0,Công nghệ kỹ thuật môi trường
69571,DVL,cong-nghe-ky-thuat-moi-truong,A01,Điểm học bạ,2025,18.0,Công nghệ kỹ thuật môi trường
69572,DVL,cong-nghe-ky-thuat-moi-truong,B00,Điểm học bạ,2025,18.0,Công nghệ kỹ thuật môi trường
69573,DVL,cong-nghe-ky-thuat-moi-truong,D01,Điểm học bạ,2025,18.0,Công nghệ kỹ thuật môi trường
69574,DVL,cong-nghe-ky-thuat-moi-truong,D07,Điểm học bạ,2025,18.0,Công nghệ kỹ thuật môi trường
69575,DVL,cong-nghe-ky-thuat-moi-truong,A00,Điểm thi THPT,2025,15.0,Công nghệ kỹ thuật môi trường
69576,DVL,cong-nghe-ky-thuat-moi-truong,A01,Điểm thi THPT,2025,15.0,Công nghệ kỹ thuật môi trường
69577,DVL,cong-nghe-ky-thuat-moi-truong,B00,Điểm thi THPT,2025,15.0,Công nghệ kỹ thuật môi trường
69578,DVL,cong-nghe-ky-thuat-moi-truong,D01,Điểm thi THPT,2025,15.0,Công nghệ kỹ thuật môi trường
69579,DVL,cong-nghe-ky-thuat-moi-truong,D07,Điểm thi THPT,2025,15.0,Công nghệ kỹ thuật môi trường
69580,DVL,cong-nghe-ky-thuat-o-to,A00,Điểm học bạ,2021,18.0,CÔNG NGHỆ KỸ THUẬT Ô TÔ
69581,DVL,cong-nghe-ky-thuat-o-to,A01,Điểm học bạ,2021,18.0,CÔNG NGHỆ KỸ THUẬT Ô TÔ
69582,DVL,cong-nghe-ky-thuat-o-to,C01,Điểm học bạ,2021,18.0,CÔNG NGHỆ KỸ THUẬT Ô TÔ
69583,DVL,cong-nghe-ky-thuat-o-to,D01,Điểm học bạ,2021,18.0,CÔNG NGHỆ KỸ THUẬT Ô TÔ
69584,DVL,cong-nghe-ky-thuat-o-to,A00,Điểm thi THPT,2021,17.0,CÔNG NGHỆ KỸ THUẬT Ô TÔ
69585,DVL,cong-nghe-ky-thuat-o-to,A01,Điểm thi THPT,2021,17.0,CÔNG NGHỆ KỸ THUẬT Ô TÔ
69586,DVL,cong-nghe-ky-thuat-o-to,C01,Điểm thi THPT,2021,17.0,CÔNG NGHỆ KỸ THUẬT Ô TÔ
69587,DVL,cong-nghe-ky-thuat-o-to,D01,Điểm thi THPT,2021,17.0,CÔNG NGHỆ KỸ THUẬT Ô TÔ
69588,DVL,cong-nghe-ky-thuat-o-to,A00,Điểm học bạ,2022,18.0,Công nghệ kỹ thuật ô tô
69589,DVL,cong-nghe-ky-thuat-o-to,A01,Điểm học bạ,2022,18.0,Công nghệ kỹ thuật ô tô
69590,DVL,cong-nghe-ky-thuat-o-to,C01,Điểm học bạ,2022,18.0,Công nghệ kỹ thuật ô tô
69591,DVL,cong-nghe-ky-thuat-o-to,D01,Điểm học bạ,2022,18.0,Công nghệ kỹ thuật ô tô
69592,DVL,cong-nghe-ky-thuat-o-to,A00,Điểm thi THPT,2022,16.0,Công nghệ kỹ thuật ô tô
69593,DVL,cong-nghe-ky-thuat-o-to,A01,Điểm thi THPT,2022,16.0,Công nghệ kỹ thuật ô tô
69594,DVL,cong-nghe-ky-thuat-o-to,C01,Điểm thi THPT,2022,16.0,Công nghệ kỹ thuật ô tô
69595,DVL,cong-nghe-ky-thuat-o-to,D01,Điểm thi THPT,2022,16.0,Công nghệ kỹ thuật ô tô
69596,DVL,cong-nghe-ky-thuat-o-to,A00,Điểm học bạ,2023,18.0,Công nghệ kỹ thuật ô tô
69597,DVL,cong-nghe-ky-thuat-o-to,A01,Điểm học bạ,2023,18.0,Công nghệ kỹ thuật ô tô
69598,DVL,cong-nghe-ky-thuat-o-to,C01,Điểm học bạ,2023,18.0,Công nghệ kỹ thuật ô tô
69599,DVL,cong-nghe-ky-thuat-o-to,D01,Điểm học bạ,2023,18.0,Công nghệ kỹ thuật ô tô
69600,DVL,cong-nghe-ky-thuat-o-to,A00,Điểm thi THPT,2023,16.0,Công nghệ kỹ thuật ô tô
69601,DVL,cong-nghe-ky-thuat-o-to,A01,Điểm thi THPT,2023,16.0,Công nghệ kỹ thuật ô tô
69602,DVL,cong-nghe-ky-thuat-o-to,C01,Điểm thi THPT,2023,16.0,Công nghệ kỹ thuật ô tô
69603,DVL,cong-nghe-ky-thuat-o-to,D01,Điểm thi THPT,2023,16.0,Công nghệ kỹ thuật ô tô
69604,DVL,cong-nghe-ky-thuat-o-to,A00,Điểm học bạ,2024,18.0,Công nghệ Kỹ thuật ô tô
69605,DVL,cong-nghe-ky-thuat-o-to,A01,Điểm học bạ,2024,18.0,Công nghệ Kỹ thuật ô tô
69606,DVL,cong-nghe-ky-thuat-o-to,C01,Điểm học bạ,2024,18.0,Công nghệ Kỹ thuật ô tô
69607,DVL,cong-nghe-ky-thuat-o-to,D01,Điểm học bạ,2024,18.0,Công nghệ Kỹ thuật ô tô
69608,DVL,cong-nghe-ky-thuat-o-to,A00,Điểm thi THPT,2024,16.0,Công nghệ kỹ thuật ô tô
69609,DVL,cong-nghe-ky-thuat-o-to,A01,Điểm thi THPT,2024,16.0,Công nghệ kỹ thuật ô tô
69610,DVL,cong-nghe-ky-thuat-o-to,C01,Điểm thi THPT,2024,16.0,Công nghệ kỹ thuật ô tô
69611,DVL,cong-nghe-ky-thuat-o-to,D01,Điểm thi THPT,2024,16.0,Công nghệ kỹ thuật ô tô
69612,DVL,cong-nghe-ky-thuat-o-to,A00,Điểm học bạ,2025,18.0,Công nghệ kỹ thuật ô tô
69613,DVL,cong-nghe-ky-thuat-o-to,A01,Điểm học bạ,2025,18.0,Công nghệ kỹ thuật ô tô
69614,DVL,cong-nghe-ky-thuat-o-to,C01,Điểm học bạ,2025,18.0,Công nghệ kỹ thuật ô tô
69615,DVL,cong-nghe-ky-thuat-o-to,D01,Điểm học bạ,2025,18.0,Công nghệ kỹ thuật ô tô
69616,DVL,cong-nghe-ky-thuat-o-to,X26,Điểm học bạ,2025,18.0,Công nghệ kỹ thuật ô tô
69617,DVL,cong-nghe-ky-thuat-o-to,A00,Điểm thi THPT,2025,15.0,Công nghệ kỹ thuật ô tô
69618,DVL,cong-nghe-ky-thuat-o-to,A01,Điểm thi THPT,2025,15.0,Công nghệ kỹ thuật ô tô
69619,DVL,cong-nghe-ky-thuat-o-to,C01,Điểm thi THPT,2025,15.0,Công nghệ kỹ thuật ô tô
69620,DVL,cong-nghe-ky-thuat-o-to,D01,Điểm thi THPT,2025,15.0,Công nghệ kỹ thuật ô tô
69621,DVL,cong-nghe-ky-thuat-o-to,X26,Điểm thi THPT,2025,15.0,Công nghệ kỹ thuật ô tô
69622,DVL,cong-nghe-sinh-hoc,A00,Điểm học bạ,2021,18.0,CÔNG NGHỆ SINH HỌC
69623,DVL,cong-nghe-sinh-hoc,A02,Điểm học bạ,2021,18.0,CÔNG NGHỆ SINH HỌC
69624,DVL,cong-nghe-sinh-hoc,B00,Điểm học bạ,2021,18.0,CÔNG NGHỆ SINH HỌC
69625,DVL,cong-nghe-sinh-hoc,D08,Điểm học bạ,2021,18.0,CÔNG NGHỆ SINH HỌC
69626,DVL,cong-nghe-sinh-hoc,A00,Điểm thi THPT,2021,16.0,CÔNG NGHỆ SINH HỌC
69627,DVL,cong-nghe-sinh-hoc,A02,Điểm thi THPT,2021,16.0,CÔNG NGHỆ SINH HỌC
69628,DVL,cong-nghe-sinh-hoc,B00,Điểm thi THPT,2021,16.0,CÔNG NGHỆ SINH HỌC
69629,DVL,cong-nghe-sinh-hoc,D08,Điểm thi THPT,2021,16.0,CÔNG NGHỆ SINH HỌC
69630,DVL,cong-nghe-sinh-hoc,A00,Điểm học bạ,2022,18.0,Công nghệ sinh học
69631,DVL,cong-nghe-sinh-hoc,A02,Điểm học bạ,2022,18.0,Công nghệ sinh học
69632,DVL,cong-nghe-sinh-hoc,B00,Điểm học bạ,2022,18.0,Công nghệ sinh học
69633,DVL,cong-nghe-sinh-hoc,D08,Điểm học bạ,2022,18.0,Công nghệ sinh học
69634,DVL,cong-nghe-sinh-hoc,A00,Điểm thi THPT,2022,16.0,Công nghệ sinh học
69635,DVL,cong-nghe-sinh-hoc,A02,Điểm thi THPT,2022,16.0,Công nghệ sinh học
69636,DVL,cong-nghe-sinh-hoc,B00,Điểm thi THPT,2022,16.0,Công nghệ sinh học
69637,DVL,cong-nghe-sinh-hoc,B08,Điểm thi THPT,2022,16.0,Công nghệ sinh học
69638,DVL,cong-nghe-sinh-hoc,A00,Điểm học bạ,2023,18.0,Công nghệ sinh học
69639,DVL,cong-nghe-sinh-hoc,A02,Điểm học bạ,2023,18.0,Công nghệ sinh học
69640,DVL,cong-nghe-sinh-hoc,B00,Điểm học bạ,2023,18.0,Công nghệ sinh học
69641,DVL,cong-nghe-sinh-hoc,D08,Điểm học bạ,2023,18.0,Công nghệ sinh học
69642,DVL,cong-nghe-sinh-hoc,A00,Điểm thi THPT,2023,16.0,Công nghệ sinh học
69643,DVL,cong-nghe-sinh-hoc,A01,Điểm thi THPT,2023,16.0,Công nghệ sinh học
69644,DVL,cong-nghe-sinh-hoc,B00,Điểm thi THPT,2023,16.0,Công nghệ sinh học
69645,DVL,cong-nghe-sinh-hoc,D08,Điểm thi THPT,2023,16.0,Công nghệ sinh học
69646,DVL,cong-nghe-sinh-hoc,A00,Điểm học bạ,2024,18.0,Công nghệ Sinh học
69647,DVL,cong-nghe-sinh-hoc,A02,Điểm học bạ,2024,18.0,Công nghệ Sinh học
69648,DVL,cong-nghe-sinh-hoc,B00,Điểm học bạ,2024,18.0,Công nghệ Sinh học
69649,DVL,cong-nghe-sinh-hoc,D08,Điểm học bạ,2024,18.0,Công nghệ Sinh học
69650,DVL,cong-nghe-sinh-hoc,A00,Điểm thi THPT,2024,16.0,Công nghệ sinh học
69651,DVL,cong-nghe-sinh-hoc,A02,Điểm thi THPT,2024,16.0,Công nghệ sinh học
69652,DVL,cong-nghe-sinh-hoc,B00,Điểm thi THPT,2024,16.0,Công nghệ sinh học
69653,DVL,cong-nghe-sinh-hoc,D08,Điểm thi THPT,2024,16.0,Công nghệ sinh học
69654,DVL,cong-nghe-sinh-hoc,A02,Điểm học bạ,2025,18.0,Công nghệ sinh học
69655,DVL,cong-nghe-sinh-hoc,B00,Điểm học bạ,2025,18.0,Công nghệ sinh học
69656,DVL,cong-nghe-sinh-hoc,B08,Điểm học bạ,2025,18.0,Công nghệ sinh học
69657,DVL,cong-nghe-sinh-hoc,X14,Điểm học bạ,2025,18.0,Công nghệ sinh học
69658,DVL,cong-nghe-sinh-hoc,X66,Điểm học bạ,2025,18.0,Công nghệ sinh học
69659,DVL,cong-nghe-sinh-hoc,A02,Điểm thi THPT,2025,15.0,Công nghệ sinh học
69660,DVL,cong-nghe-sinh-hoc,B00,Điểm thi THPT,2025,15.0,Công nghệ sinh học
69661,DVL,cong-nghe-sinh-hoc,B08,Điểm thi THPT,2025,15.0,Công nghệ sinh học
69662,DVL,cong-nghe-sinh-hoc,X14,Điểm thi THPT,2025,15.0,Công nghệ sinh học
69663,DVL,cong-nghe-sinh-hoc,X66,Điểm thi THPT,2025,15.0,Công nghệ sinh học
69664,DVL,cong-nghe-sinh-hoc-y-duoc,A00,Điểm học bạ,2021,18.0,CÔNG NGHỆ SINH HỌC Y DƯỢC
69665,DVL,cong-nghe-sinh-hoc-y-duoc,B00,Điểm học bạ,2021,18.0,CÔNG NGHỆ SINH HỌC Y DƯỢC
69666,DVL,cong-nghe-sinh-hoc-y-duoc,D07,Điểm học bạ,2021,18.0,CÔNG NGHỆ SINH HỌC Y DƯỢC
69667,DVL,cong-nghe-sinh-hoc-y-duoc,D08,Điểm học bạ,2021,18.0,CÔNG NGHỆ SINH HỌC Y DƯỢC
69668,DVL,cong-nghe-sinh-hoc-y-duoc,A00,Điểm thi THPT,2021,16.0,CÔNG NGHỆ SINH HỌC Y DƯỢC
69669,DVL,cong-nghe-sinh-hoc-y-duoc,B00,Điểm thi THPT,2021,16.0,CÔNG NGHỆ SINH HỌC Y DƯỢC
69670,DVL,cong-nghe-sinh-hoc-y-duoc,D07,Điểm thi THPT,2021,16.0,CÔNG NGHỆ SINH HỌC Y DƯỢC
69671,DVL,cong-nghe-sinh-hoc-y-duoc,D08,Điểm thi THPT,2021,16.0,CÔNG NGHỆ SINH HỌC Y DƯỢC
69672,DVL,cong-nghe-sinh-hoc-y-duoc,A00,Điểm học bạ,2022,18.0,Công nghệ sinh học y dược
69673,DVL,cong-nghe-sinh-hoc-y-duoc,B00,Điểm học bạ,2022,18.0,Công nghệ sinh học y dược
69674,DVL,cong-nghe-sinh-hoc-y-duoc,D07,Điểm học bạ,2022,18.0,Công nghệ sinh học y dược
69675,DVL,cong-nghe-sinh-hoc-y-duoc,D08,Điểm học bạ,2022,18.0,Công nghệ sinh học y dược
69676,DVL,cong-nghe-sinh-hoc-y-duoc,A00,Điểm thi THPT,2022,16.0,Công nghệ sinh học y dược
69677,DVL,cong-nghe-sinh-hoc-y-duoc,B00,Điểm thi THPT,2022,16.0,Công nghệ sinh học y dược
69678,DVL,cong-nghe-sinh-hoc-y-duoc,D07,Điểm thi THPT,2022,16.0,Công nghệ sinh học y dược
69679,DVL,cong-nghe-sinh-hoc-y-duoc,D08,Điểm thi THPT,2022,16.0,Công nghệ sinh học y dược
69680,DVL,cong-nghe-sinh-hoc-y-duoc,A00,Điểm học bạ,2023,18.0,Công nghệ sinh học y dược
69681,DVL,cong-nghe-sinh-hoc-y-duoc,B00,Điểm học bạ,2023,18.0,Công nghệ sinh học y dược
69682,DVL,cong-nghe-sinh-hoc-y-duoc,D07,Điểm học bạ,2023,18.0,Công nghệ sinh học y dược
69683,DVL,cong-nghe-sinh-hoc-y-duoc,D08,Điểm học bạ,2023,18.0,Công nghệ sinh học y dược
69684,DVL,cong-nghe-sinh-hoc-y-duoc,A00,Điểm thi THPT,2023,16.0,Công nghệ sinh học Y dược
69685,DVL,cong-nghe-sinh-hoc-y-duoc,B00,Điểm thi THPT,2023,16.0,Công nghệ sinh học Y dược
69686,DVL,cong-nghe-sinh-hoc-y-duoc,D07,Điểm thi THPT,2023,16.0,Công nghệ sinh học Y dược
69687,DVL,cong-nghe-sinh-hoc-y-duoc,D08,Điểm thi THPT,2023,16.0,Công nghệ sinh học Y dược
69688,DVL,cong-nghe-sinh-hoc-y-duoc,A00,Điểm học bạ,2024,18.0,Công nghệ Sinh học Y dược
69689,DVL,cong-nghe-sinh-hoc-y-duoc,B00,Điểm học bạ,2024,18.0,Công nghệ Sinh học Y dược
69690,DVL,cong-nghe-sinh-hoc-y-duoc,D07,Điểm học bạ,2024,18.0,Công nghệ Sinh học Y dược
69691,DVL,cong-nghe-sinh-hoc-y-duoc,D08,Điểm học bạ,2024,18.0,Công nghệ Sinh học Y dược
69692,DVL,cong-nghe-sinh-hoc-y-duoc,A00,Điểm thi THPT,2024,16.0,Công nghệ sinh học y dược
69693,DVL,cong-nghe-sinh-hoc-y-duoc,B00,Điểm thi THPT,2024,16.0,Công nghệ sinh học y dược
69694,DVL,cong-nghe-sinh-hoc-y-duoc,D07,Điểm thi THPT,2024,16.0,Công nghệ sinh học y dược
69695,DVL,cong-nghe-sinh-hoc-y-duoc,D08,Điểm thi THPT,2024,16.0,Công nghệ sinh học y dược
69696,DVL,cong-nghe-sinh-hoc-y-duoc,A02,Điểm học bạ,2025,18.0,Công nghệ sinh học y dược
69697,DVL,cong-nghe-sinh-hoc-y-duoc,B00,Điểm học bạ,2025,18.0,Công nghệ sinh học y dược
69698,DVL,cong-nghe-sinh-hoc-y-duoc,B08,Điểm học bạ,2025,18.0,Công nghệ sinh học y dược
69699,DVL,cong-nghe-sinh-hoc-y-duoc,X14,Điểm học bạ,2025,18.0,Công nghệ sinh học y dược
69700,DVL,cong-nghe-sinh-hoc-y-duoc,X66,Điểm học bạ,2025,18.0,Công nghệ sinh học y dược
69701,DVL,cong-nghe-sinh-hoc-y-duoc,A02,Điểm thi THPT,2025,15.0,Công nghệ sinh học y dược
69702,DVL,cong-nghe-sinh-hoc-y-duoc,B00,Điểm thi THPT,2025,15.0,Công nghệ sinh học y dược
69703,DVL,cong-nghe-sinh-hoc-y-duoc,B08,Điểm thi THPT,2025,15.0,Công nghệ sinh học y dược
69704,DVL,cong-nghe-sinh-hoc-y-duoc,X14,Điểm thi THPT,2025,15.0,Công nghệ sinh học y dược
69705,DVL,cong-nghe-sinh-hoc-y-duoc,X66,Điểm thi THPT,2025,15.0,Công nghệ sinh học y dược
69706,DVL,cong-nghe-tai-chinh,A00,Điểm thi THPT,2023,16.0,Công nghệ tài chính
69707,DVL,cong-nghe-tai-chinh,A01,Điểm thi THPT,2023,16.0,Công nghệ tài chính
69708,DVL,cong-nghe-tai-chinh,C01,Điểm thi THPT,2023,16.0,Công nghệ tài chính
69709,DVL,cong-nghe-tai-chinh,D01,Điểm thi THPT,2023,16.0,Công nghệ tài chính
69710,DVL,cong-nghe-tai-chinh,A00,Điểm học bạ,2024,18.0,Công nghệ Tài chính
69711,DVL,cong-nghe-tai-chinh,A01,Điểm học bạ,2024,18.0,Công nghệ Tài chính
69712,DVL,cong-nghe-tai-chinh,C01,Điểm học bạ,2024,18.0,Công nghệ Tài chính
69713,DVL,cong-nghe-tai-chinh,D01,Điểm học bạ,2024,18.0,Công nghệ Tài chính
69714,DVL,cong-nghe-tai-chinh,A00,Điểm thi THPT,2024,16.0,Công nghệ tài chính
69715,DVL,cong-nghe-tai-chinh,A01,Điểm thi THPT,2024,16.0,Công nghệ tài chính
69716,DVL,cong-nghe-tai-chinh,C01,Điểm thi THPT,2024,16.0,Công nghệ tài chính
69717,DVL,cong-nghe-tai-chinh,D01,Điểm thi THPT,2024,16.0,Công nghệ tài chính
69718,DVL,cong-nghe-tai-chinh,A00,Điểm học bạ,2025,18.0,Công nghệ tài chính
69719,DVL,cong-nghe-tai-chinh,A01,Điểm học bạ,2025,18.0,Công nghệ tài chính
69720,DVL,cong-nghe-tai-chinh,C01,Điểm học bạ,2025,18.0,Công nghệ tài chính
69721,DVL,cong-nghe-tai-chinh,D01,Điểm học bạ,2025,18.0,Công nghệ tài chính
69722,DVL,cong-nghe-tai-chinh,D07,Điểm học bạ,2025,18.0,Công nghệ tài chính
69723,DVL,cong-nghe-tai-chinh,D10,Điểm học bạ,2025,18.0,Công nghệ tài chính
69724,DVL,cong-nghe-tai-chinh,X25,Điểm học bạ,2025,18.0,Công nghệ tài chính
69725,DVL,cong-nghe-tai-chinh,A00,Điểm thi THPT,2025,15.0,Công nghệ tài chính
69726,DVL,cong-nghe-tai-chinh,A01,Điểm thi THPT,2025,15.0,Công nghệ tài chính
69727,DVL,cong-nghe-tai-chinh,C01,Điểm thi THPT,2025,15.0,Công nghệ tài chính
69728,DVL,cong-nghe-tai-chinh,D01,Điểm thi THPT,2025,15.0,Công nghệ tài chính
69729,DVL,cong-nghe-tai-chinh,D07,Điểm thi THPT,2025,15.0,Công nghệ tài chính
69730,DVL,cong-nghe-tai-chinh,D10,Điểm thi THPT,2025,15.0,Công nghệ tài chính
69731,DVL,cong-nghe-tai-chinh,X25,Điểm thi THPT,2025,15.0,Công nghệ tài chính
69732,DVL,cong-nghe-tham-my,A00,Điểm học bạ,2022,18.0,Công nghệ thẩm mỹ
69733,DVL,cong-nghe-tham-my,B00,Điểm học bạ,2022,18.0,Công nghệ thẩm mỹ
69734,DVL,cong-nghe-tham-my,D07,Điểm học bạ,2022,18.0,Công nghệ thẩm mỹ
69735,DVL,cong-nghe-tham-my,D08,Điểm học bạ,2022,18.0,Công nghệ thẩm mỹ
69736,DVL,cong-nghe-tham-my,A00,Điểm thi THPT,2022,16.0,Công nghệ thẩm mỹ
69737,DVL,cong-nghe-tham-my,B00,Điểm thi THPT,2022,16.0,Công nghệ thẩm mỹ
69738,DVL,cong-nghe-tham-my,D07,Điểm thi THPT,2022,16.0,Công nghệ thẩm mỹ
69739,DVL,cong-nghe-tham-my,D08,Điểm thi THPT,2022,16.0,Công nghệ thẩm mỹ
69740,DVL,cong-nghe-tham-my,A00,Điểm học bạ,2023,18.0,Công nghệ thẩm mỹ
69741,DVL,cong-nghe-tham-my,B00,Điểm học bạ,2023,18.0,Công nghệ thẩm mỹ
69742,DVL,cong-nghe-tham-my,D07,Điểm học bạ,2023,18.0,Công nghệ thẩm mỹ
69743,DVL,cong-nghe-tham-my,D08,Điểm học bạ,2023,18.0,Công nghệ thẩm mỹ
69744,DVL,cong-nghe-tham-my,A00,Điểm thi THPT,2023,16.0,Công nghệ thẩm mỹ
69745,DVL,cong-nghe-tham-my,B00,Điểm thi THPT,2023,16.0,Công nghệ thẩm mỹ
69746,DVL,cong-nghe-tham-my,D07,Điểm thi THPT,2023,16.0,Công nghệ thẩm mỹ
69747,DVL,cong-nghe-tham-my,D08,Điểm thi THPT,2023,16.0,Công nghệ thẩm mỹ
69748,DVL,cong-nghe-tham-my,A00,Điểm học bạ,2024,18.0,Công nghệ Thẩm mỹ
69749,DVL,cong-nghe-tham-my,B00,Điểm học bạ,2024,18.0,Công nghệ Thẩm mỹ
69750,DVL,cong-nghe-tham-my,D07,Điểm học bạ,2024,18.0,Công nghệ Thẩm mỹ
69751,DVL,cong-nghe-tham-my,D08,Điểm học bạ,2024,18.0,Công nghệ Thẩm mỹ
69752,DVL,cong-nghe-tham-my,A00,Điểm thi THPT,2024,16.0,Công nghệ thẩm mỹ
69753,DVL,cong-nghe-tham-my,B00,Điểm thi THPT,2024,16.0,Công nghệ thẩm mỹ
69754,DVL,cong-nghe-tham-my,D07,Điểm thi THPT,2024,16.0,Công nghệ thẩm mỹ
69755,DVL,cong-nghe-tham-my,D08,Điểm thi THPT,2024,16.0,Công nghệ thẩm mỹ
69756,DVL,cong-nghe-tham-my,A02,Điểm học bạ,2025,18.0,Công nghệ thẩm mỹ
69757,DVL,cong-nghe-tham-my,B00,Điểm học bạ,2025,18.0,Công nghệ thẩm mỹ
69758,DVL,cong-nghe-tham-my,B08,Điểm học bạ,2025,18.0,Công nghệ thẩm mỹ
69759,DVL,cong-nghe-tham-my,X14,Điểm học bạ,2025,18.0,Công nghệ thẩm mỹ
69760,DVL,cong-nghe-tham-my,X66,Điểm học bạ,2025,18.0,Công nghệ thẩm mỹ
69761,DVL,cong-nghe-tham-my,A02,Điểm thi THPT,2025,15.0,Công nghệ thẩm mỹ
69762,DVL,cong-nghe-tham-my,B00,Điểm thi THPT,2025,15.0,Công nghệ thẩm mỹ
69763,DVL,cong-nghe-tham-my,B08,Điểm thi THPT,2025,15.0,Công nghệ thẩm mỹ
69764,DVL,cong-nghe-tham-my,X14,Điểm thi THPT,2025,15.0,Công nghệ thẩm mỹ
69765,DVL,cong-nghe-tham-my,X66,Điểm thi THPT,2025,15.0,Công nghệ thẩm mỹ
69766,DVL,cong-nghe-thong-tin,A00,Điểm học bạ,2021,18.0,CÔNG NGHỆ THÔNG TIN
69767,DVL,cong-nghe-thong-tin,A01,Điểm học bạ,2021,18.0,CÔNG NGHỆ THÔNG TIN
69768,DVL,cong-nghe-thong-tin,D01,Điểm học bạ,2021,18.0,CÔNG NGHỆ THÔNG TIN
69769,DVL,cong-nghe-thong-tin,D10,Điểm học bạ,2021,18.0,CÔNG NGHỆ THÔNG TIN
69770,DVL,cong-nghe-thong-tin,A00,Điểm thi THPT,2021,18.0,CÔNG NGHỆ THÔNG TIN
69771,DVL,cong-nghe-thong-tin,A01,Điểm thi THPT,2021,18.0,CÔNG NGHỆ THÔNG TIN
69772,DVL,cong-nghe-thong-tin,D01,Điểm thi THPT,2021,18.0,CÔNG NGHỆ THÔNG TIN
69773,DVL,cong-nghe-thong-tin,D10,Điểm thi THPT,2021,18.0,CÔNG NGHỆ THÔNG TIN
69774,DVL,cong-nghe-thong-tin,A00,Điểm học bạ,2022,18.0,Công nghệ thông tin
69775,DVL,cong-nghe-thong-tin,A01,Điểm học bạ,2022,18.0,Công nghệ thông tin
69776,DVL,cong-nghe-thong-tin,C01,Điểm học bạ,2022,18.0,Công nghệ thông tin
69777,DVL,cong-nghe-thong-tin,D10,Điểm học bạ,2022,18.0,Công nghệ thông tin
69778,DVL,cong-nghe-thong-tin,A00,Điểm thi THPT,2022,17.0,Công nghệ thông tin
69779,DVL,cong-nghe-thong-tin,A01,Điểm thi THPT,2022,17.0,Công nghệ thông tin
69780,DVL,cong-nghe-thong-tin,D01,Điểm thi THPT,2022,17.0,Công nghệ thông tin
69781,DVL,cong-nghe-thong-tin,D10,Điểm thi THPT,2022,17.0,Công nghệ thông tin
69782,DVL,cong-nghe-thong-tin,A00,Điểm học bạ,2023,18.0,Công nghệ thông tin
69783,DVL,cong-nghe-thong-tin,A01,Điểm học bạ,2023,18.0,Công nghệ thông tin
69784,DVL,cong-nghe-thong-tin,C01,Điểm học bạ,2023,18.0,Công nghệ thông tin
69785,DVL,cong-nghe-thong-tin,D10,Điểm học bạ,2023,18.0,Công nghệ thông tin
69786,DVL,cong-nghe-thong-tin,A00,Điểm thi THPT,2023,16.0,Công nghệ thông tin
69787,DVL,cong-nghe-thong-tin,A01,Điểm thi THPT,2023,16.0,Công nghệ thông tin
69788,DVL,cong-nghe-thong-tin,D01,Điểm thi THPT,2023,16.0,Công nghệ thông tin
69789,DVL,cong-nghe-thong-tin,D10,Điểm thi THPT,2023,16.0,Công nghệ thông tin
69790,DVL,cong-nghe-thong-tin,A00,Điểm học bạ,2024,18.0,Công nghệ Thông tin
69791,DVL,cong-nghe-thong-tin,A01,Điểm học bạ,2024,18.0,Công nghệ Thông tin
69792,DVL,cong-nghe-thong-tin,D01,Điểm học bạ,2024,18.0,Công nghệ Thông tin
69793,DVL,cong-nghe-thong-tin,D10,Điểm học bạ,2024,18.0,Công nghệ Thông tin
69794,DVL,cong-nghe-thong-tin,A00,Điểm thi THPT,2024,16.0,Công nghệ thông tin
69795,DVL,cong-nghe-thong-tin,A01,Điểm thi THPT,2024,16.0,Công nghệ thông tin
69796,DVL,cong-nghe-thong-tin,D01,Điểm thi THPT,2024,16.0,Công nghệ thông tin
69797,DVL,cong-nghe-thong-tin,D10,Điểm thi THPT,2024,16.0,Công nghệ thông tin
69798,DVL,cong-nghe-thong-tin,A00,Điểm học bạ,2025,18.0,Công nghệ thông tin
69799,DVL,cong-nghe-thong-tin,A01,Điểm học bạ,2025,18.0,Công nghệ thông tin
69800,DVL,cong-nghe-thong-tin,C01,Điểm học bạ,2025,18.0,Công nghệ thông tin
69801,DVL,cong-nghe-thong-tin,D01,Điểm học bạ,2025,18.0,Công nghệ thông tin
69802,DVL,cong-nghe-thong-tin,X02,Điểm học bạ,2025,18.0,Công nghệ thông tin
69803,DVL,cong-nghe-thong-tin,X06,Điểm học bạ,2025,18.0,Công nghệ thông tin
69804,DVL,cong-nghe-thong-tin,X26,Điểm học bạ,2025,18.0,Công nghệ thông tin
69805,DVL,cong-nghe-thong-tin,A00,Điểm thi THPT,2025,15.0,Công nghệ thông tin
69806,DVL,cong-nghe-thong-tin,A01,Điểm thi THPT,2025,15.0,Công nghệ thông tin
69807,DVL,cong-nghe-thong-tin,C01,Điểm thi THPT,2025,15.0,Công nghệ thông tin
69808,DVL,cong-nghe-thong-tin,D01,Điểm thi THPT,2025,15.0,Công nghệ thông tin
69809,DVL,cong-nghe-thong-tin,X02,Điểm thi THPT,2025,15.0,Công nghệ thông tin
69810,DVL,cong-nghe-thong-tin,X06,Điểm thi THPT,2025,15.0,Công nghệ thông tin
69811,DVL,cong-nghe-thong-tin,X26,Điểm thi THPT,2025,15.0,Công nghệ thông tin
69812,DVL,cong-nghe-thuc-pham,A00,Điểm học bạ,2021,18.0,CÔNG NGHỆ THỰC PHẨM
69813,DVL,cong-nghe-thuc-pham,B00,Điểm học bạ,2021,18.0,CÔNG NGHỆ THỰC PHẨM
69814,DVL,cong-nghe-thuc-pham,C02,Điểm học bạ,2021,18.0,CÔNG NGHỆ THỰC PHẨM
69815,DVL,cong-nghe-thuc-pham,D07,Điểm học bạ,2021,18.0,CÔNG NGHỆ THỰC PHẨM
69816,DVL,cong-nghe-thuc-pham,A00,Điểm thi THPT,2021,16.0,CÔNG NGHỆ THỰC PHẨM
69817,DVL,cong-nghe-thuc-pham,B00,Điểm thi THPT,2021,16.0,CÔNG NGHỆ THỰC PHẨM
69818,DVL,cong-nghe-thuc-pham,C02,Điểm thi THPT,2021,16.0,CÔNG NGHỆ THỰC PHẨM
69819,DVL,cong-nghe-thuc-pham,D07,Điểm thi THPT,2021,16.0,CÔNG NGHỆ THỰC PHẨM
69820,DVL,cong-nghe-thuc-pham,A00,Điểm học bạ,2022,18.0,Công nghệ thực phẩm
69821,DVL,cong-nghe-thuc-pham,B00,Điểm học bạ,2022,18.0,Công nghệ thực phẩm
69822,DVL,cong-nghe-thuc-pham,C08,Điểm học bạ,2022,18.0,Công nghệ thực phẩm
69823,DVL,cong-nghe-thuc-pham,D08,Điểm học bạ,2022,18.0,Công nghệ thực phẩm
69824,DVL,cong-nghe-thuc-pham,A00,Điểm thi THPT,2022,16.0,Công nghệ thực phẩm
69825,DVL,cong-nghe-thuc-pham,B00,Điểm thi THPT,2022,16.0,Công nghệ thực phẩm
69826,DVL,cong-nghe-thuc-pham,C08,Điểm thi THPT,2022,16.0,Công nghệ thực phẩm
69827,DVL,cong-nghe-thuc-pham,D08,Điểm thi THPT,2022,16.0,Công nghệ thực phẩm
69828,DVL,cong-nghe-thuc-pham,A00,Điểm học bạ,2023,18.0,Công nghệ thực phẩm
69829,DVL,cong-nghe-thuc-pham,B00,Điểm học bạ,2023,18.0,Công nghệ thực phẩm
69830,DVL,cong-nghe-thuc-pham,C08,Điểm học bạ,2023,18.0,Công nghệ thực phẩm
69831,DVL,cong-nghe-thuc-pham,D08,Điểm học bạ,2023,18.0,Công nghệ thực phẩm
69832,DVL,cong-nghe-thuc-pham,A00,Điểm thi THPT,2023,16.0,Công nghệ thực phẩm
69833,DVL,cong-nghe-thuc-pham,B00,Điểm thi THPT,2023,16.0,Công nghệ thực phẩm
69834,DVL,cong-nghe-thuc-pham,C08,Điểm thi THPT,2023,16.0,Công nghệ thực phẩm
69835,DVL,cong-nghe-thuc-pham,D08,Điểm thi THPT,2023,16.0,Công nghệ thực phẩm
69836,DVL,cong-nghe-thuc-pham,A00,Điểm học bạ,2024,18.0,Công nghệ Thực phẩm
69837,DVL,cong-nghe-thuc-pham,B00,Điểm học bạ,2024,18.0,Công nghệ Thực phẩm
69838,DVL,cong-nghe-thuc-pham,C08,Điểm học bạ,2024,18.0,Công nghệ Thực phẩm
69839,DVL,cong-nghe-thuc-pham,D08,Điểm học bạ,2024,18.0,Công nghệ Thực phẩm
69840,DVL,cong-nghe-thuc-pham,A00,Điểm thi THPT,2024,16.0,Công nghệ thực phẩm
69841,DVL,cong-nghe-thuc-pham,B00,Điểm thi THPT,2024,16.0,Công nghệ thực phẩm
69842,DVL,cong-nghe-thuc-pham,C08,Điểm thi THPT,2024,16.0,Công nghệ thực phẩm
69843,DVL,cong-nghe-thuc-pham,D08,Điểm thi THPT,2024,16.0,Công nghệ thực phẩm
69844,DVL,cong-nghe-thuc-pham,A02,Điểm học bạ,2025,18.0,Công nghệ thực phẩm
69845,DVL,cong-nghe-thuc-pham,B00,Điểm học bạ,2025,18.0,Công nghệ thực phẩm
69846,DVL,cong-nghe-thuc-pham,B08,Điểm học bạ,2025,18.0,Công nghệ thực phẩm
69847,DVL,cong-nghe-thuc-pham,X14,Điểm học bạ,2025,18.0,Công nghệ thực phẩm
69848,DVL,cong-nghe-thuc-pham,X66,Điểm học bạ,2025,18.0,Công nghệ thực phẩm
69849,DVL,cong-nghe-thuc-pham,A02,Điểm thi THPT,2025,15.0,Công nghệ thực phẩm
69850,DVL,cong-nghe-thuc-pham,B00,Điểm thi THPT,2025,15.0,Công nghệ thực phẩm
69851,DVL,cong-nghe-thuc-pham,B08,Điểm thi THPT,2025,15.0,Công nghệ thực phẩm
69852,DVL,cong-nghe-thuc-pham,X14,Điểm thi THPT,2025,15.0,Công nghệ thực phẩm
69853,DVL,cong-nghe-thuc-pham,X66,Điểm thi THPT,2025,15.0,Công nghệ thực phẩm
69854,DVL,cong-nghe-truyen-thong,A00,Điểm học bạ,2023,18.0,Công nghệ truyền thông
69855,DVL,cong-nghe-truyen-thong,A01,Điểm học bạ,2023,18.0,Công nghệ truyền thông
69856,DVL,cong-nghe-truyen-thong,C01,Điểm học bạ,2023,18.0,Công nghệ truyền thông
69857,DVL,cong-nghe-truyen-thong,D01,Điểm học bạ,2023,18.0,Công nghệ truyền thông
69858,DVL,cong-nghe-truyen-thong,A00,Điểm thi THPT,2023,16.0,Công nghệ truyền thông
69859,DVL,cong-nghe-truyen-thong,A01,Điểm thi THPT,2023,16.0,Công nghệ truyền thông
69860,DVL,cong-nghe-truyen-thong,C01,Điểm thi THPT,2023,16.0,Công nghệ truyền thông
69861,DVL,cong-nghe-truyen-thong,D01,Điểm thi THPT,2023,16.0,Công nghệ truyền thông
69862,DVL,cong-nghe-truyen-thong,A00,Điểm học bạ,2024,18.0,Công nghệ Truyền thông
69863,DVL,cong-nghe-truyen-thong,A01,Điểm học bạ,2024,18.0,Công nghệ Truyền thông
69864,DVL,cong-nghe-truyen-thong,C01,Điểm học bạ,2024,18.0,Công nghệ Truyền thông
69865,DVL,cong-nghe-truyen-thong,D01,Điểm học bạ,2024,18.0,Công nghệ Truyền thông
69866,DVL,cong-nghe-truyen-thong,A00,Điểm thi THPT,2024,16.0,Công nghệ truyền thông
69867,DVL,cong-nghe-truyen-thong,A01,Điểm thi THPT,2024,16.0,Công nghệ truyền thông
69868,DVL,cong-nghe-truyen-thong,C01,Điểm thi THPT,2024,16.0,Công nghệ truyền thông
69869,DVL,cong-nghe-truyen-thong,D01,Điểm thi THPT,2024,16.0,Công nghệ truyền thông
69870,DVL,cong-nghe-truyen-thong,A00,Điểm học bạ,2025,18.0,Công nghệ truyền thông
69871,DVL,cong-nghe-truyen-thong,A01,Điểm học bạ,2025,18.0,Công nghệ truyền thông
69872,DVL,cong-nghe-truyen-thong,C00,Điểm học bạ,2025,18.0,Công nghệ truyền thông
69873,DVL,cong-nghe-truyen-thong,C01,Điểm học bạ,2025,18.0,Công nghệ truyền thông
69874,DVL,cong-nghe-truyen-thong,D01,Điểm học bạ,2025,18.0,Công nghệ truyền thông
69875,DVL,cong-nghe-truyen-thong,X78,Điểm học bạ,2025,18.0,Công nghệ truyền thông
69876,DVL,cong-nghe-truyen-thong,A00,Điểm thi THPT,2025,15.0,Công nghệ truyền thông
69877,DVL,cong-nghe-truyen-thong,A01,Điểm thi THPT,2025,15.0,Công nghệ truyền thông
69878,DVL,cong-nghe-truyen-thong,C00,Điểm thi THPT,2025,15.0,Công nghệ truyền thông
69879,DVL,cong-nghe-truyen-thong,C01,Điểm thi THPT,2025,15.0,Công nghệ truyền thông
69880,DVL,cong-nghe-truyen-thong,D01,Điểm thi THPT,2025,15.0,Công nghệ truyền thông
69881,DVL,cong-nghe-truyen-thong,X78,Điểm thi THPT,2025,15.0,Công nghệ truyền thông
69882,DVL,cong-tac-xa-hoi,C00,Điểm học bạ,2021,18.0,CÔNG TÁC XÃ HỘI
69883,DVL,cong-tac-xa-hoi,C14,Điểm học bạ,2021,18.0,CÔNG TÁC XÃ HỘI
69884,DVL,cong-tac-xa-hoi,C20,Điểm học bạ,2021,18.0,CÔNG TÁC XÃ HỘI
69885,DVL,cong-tac-xa-hoi,D01,Điểm học bạ,2021,18.0,CÔNG TÁC XÃ HỘI
69886,DVL,cong-tac-xa-hoi,C00,Điểm thi THPT,2021,18.0,CÔNG TÁC XÃ HỘI
69887,DVL,cong-tac-xa-hoi,C14,Điểm thi THPT,2021,18.0,CÔNG TÁC XÃ HỘI
69888,DVL,cong-tac-xa-hoi,C20,Điểm thi THPT,2021,18.0,CÔNG TÁC XÃ HỘI
69889,DVL,cong-tac-xa-hoi,D01,Điểm thi THPT,2021,18.0,CÔNG TÁC XÃ HỘI
69890,DVL,cong-tac-xa-hoi,C00,Điểm học bạ,2022,18.0,Công tác xã hội
69891,DVL,cong-tac-xa-hoi,C14,Điểm học bạ,2022,18.0,Công tác xã hội
69892,DVL,cong-tac-xa-hoi,C20,Điểm học bạ,2022,18.0,Công tác xã hội
69893,DVL,cong-tac-xa-hoi,D01,Điểm học bạ,2022,18.0,Công tác xã hội
69894,DVL,cong-tac-xa-hoi,C00,Điểm thi THPT,2022,16.0,Công tác xã hội
69895,DVL,cong-tac-xa-hoi,C14,Điểm thi THPT,2022,16.0,Công tác xã hội
69896,DVL,cong-tac-xa-hoi,C20,Điểm thi THPT,2022,16.0,Công tác xã hội
69897,DVL,cong-tac-xa-hoi,D01,Điểm thi THPT,2022,16.0,Công tác xã hội
69898,DVL,dao-dien-dien-anh-truyen-hinh,S00,Điểm học bạ,2021,24.0,"ĐẠO DIỄN ĐIỆN ẢNH, TRUYỀN HÌNH"
69899,DVL,dao-dien-dien-anh-truyen-hinh,S00,Điểm thi THPT,2021,20.0,"ĐẠO DIỄN ĐIỆN ẢNH, TRUYỀN HÌNH"
69900,DVL,dao-dien-dien-anh-truyen-hinh,S00,Điểm học bạ,2022,24.0,Đạo diễn điện ảnh - truyền hình
69901,DVL,dao-dien-dien-anh-truyen-hinh,S00,Điểm thi THPT,2022,18.0,"Đạo diễn điện ảnh, truyền hình"
69902,DVL,dao-dien-dien-anh-truyen-hinh,S00,Điểm học bạ,2023,24.0,Đạo diễn điện ảnh - truyền hình
69903,DVL,dao-dien-dien-anh-truyen-hinh,S00,Điểm thi THPT,2023,18.0,"Đạo diễn điện ảnh, truyền hình"
69904,DVL,dao-dien-dien-anh-truyen-hinh,S00,Điểm học bạ,2024,24.0,"Đạo diễn Điện ảnh, Truyền hình"
69905,DVL,dao-dien-dien-anh-truyen-hinh,S00,Điểm thi THPT,2024,18.0,"Đạo diễn điện ảnh, truyền hình"
69906,DVL,dao-dien-dien-anh-truyen-hinh,S00,Điểm học bạ,2025,18.0,"Đạo diễn điện ảnh, truyền hình"
69907,DVL,dao-dien-dien-anh-truyen-hinh,S00,Điểm thi THPT,2025,18.0,"Đạo diễn điện ảnh, truyền hình"
69908,DVL,dien-vien-kich-dien-anh-truyen-hinh,S00,Điểm học bạ,2021,24.0,"DIỄN VIÊN KỊCH, ĐIỆN ẢNH - TRUYỀN HÌNH"
69909,DVL,dien-vien-kich-dien-anh-truyen-hinh,S00,Điểm thi THPT,2021,20.0,"DIỄN VIÊN KỊCH, ĐIỆN ẢNH - TRUYỀN HÌNH"
69910,DVL,dien-vien-kich-dien-anh-truyen-hinh,S00,Điểm học bạ,2022,24.0,"Diễn viên kịch, điện ảnh - truyền hình"
69911,DVL,dien-vien-kich-dien-anh-truyen-hinh,S00,Điểm thi THPT,2022,18.0,"Diễn viên kịch, điện ảnh - truyền hình"
69912,DVL,dien-vien-kich-dien-anh-truyen-hinh,S00,Điểm học bạ,2023,24.0,"Diễn viên kịch, điện ảnh - truyền hình"
69913,DVL,dien-vien-kich-dien-anh-truyen-hinh,S00,Điểm thi THPT,2023,18.0,"Diễn viên kịch, điện ảnh - truyền hình"
69914,DVL,dien-vien-kich-dien-anh-truyen-hinh,S00,Điểm học bạ,2024,24.0,"Diễn viên kịch, Điện ảnh - Truyền hình"
69915,DVL,dien-vien-kich-dien-anh-truyen-hinh,S00,Điểm thi THPT,2024,18.0,"Diễn viên kịch, điện ảnh - truyền hình"
69916,DVL,dien-vien-kich-dien-anh-truyen-hinh,S00,Điểm học bạ,2025,18.0,"Diễn viên kịch, điện ảnh - truyền hình"
69917,DVL,dien-vien-kich-dien-anh-truyen-hinh,S00,Điểm thi THPT,2025,18.0,"Diễn viên kịch, điện ảnh - truyền hình"
69918,DVL,dieu-duong,B00,Điểm học bạ,2021,19.5,ĐIỀU DƯỠNG
69919,DVL,dieu-duong,C08,Điểm học bạ,2021,19.5,ĐIỀU DƯỠNG
69920,DVL,dieu-duong,D07,Điểm học bạ,2021,19.5,ĐIỀU DƯỠNG
69921,DVL,dieu-duong,D08,Điểm học bạ,2021,19.5,ĐIỀU DƯỠNG
69922,DVL,dieu-duong,B00,Điểm thi THPT,2021,19.0,ĐIỀU DƯỠNG
69923,DVL,dieu-duong,C08,Điểm thi THPT,2021,19.0,ĐIỀU DƯỠNG
69924,DVL,dieu-duong,D07,Điểm thi THPT,2021,19.0,ĐIỀU DƯỠNG
69925,DVL,dieu-duong,D08,Điểm thi THPT,2021,19.0,ĐIỀU DƯỠNG
69926,DVL,dieu-duong,B00,Điểm học bạ,2022,19.5,Điều dưỡng
69927,DVL,dieu-duong,C08,Điểm học bạ,2022,19.5,Điều dưỡng
69928,DVL,dieu-duong,D07,Điểm học bạ,2022,19.5,Điều dưỡng
69929,DVL,dieu-duong,D08,Điểm học bạ,2022,19.5,Điều dưỡng
69930,DVL,dieu-duong,B00,Điểm thi THPT,2022,19.0,Điều dưỡng
69931,DVL,dieu-duong,C08,Điểm thi THPT,2022,19.0,Điều dưỡng
69932,DVL,dieu-duong,D07,Điểm thi THPT,2022,19.0,Điều dưỡng
69933,DVL,dieu-duong,D08,Điểm thi THPT,2022,19.0,Điều dưỡng
69934,DVL,dieu-duong,B00,Điểm học bạ,2023,19.5,Điều dưỡng
69935,DVL,dieu-duong,C08,Điểm học bạ,2023,19.5,Điều dưỡng
69936,DVL,dieu-duong,D07,Điểm học bạ,2023,19.5,Điều dưỡng
69937,DVL,dieu-duong,D08,Điểm học bạ,2023,19.5,Điều dưỡng
69938,DVL,dieu-duong,B00,Điểm thi THPT,2023,19.0,Điều dưỡng
69939,DVL,dieu-duong,C08,Điểm thi THPT,2023,19.0,Điều dưỡng
69940,DVL,dieu-duong,D07,Điểm thi THPT,2023,19.0,Điều dưỡng
69941,DVL,dieu-duong,D08,Điểm thi THPT,2023,19.0,Điều dưỡng
69942,DVL,dieu-duong,B00,Điểm học bạ,2024,19.5,Điều dưỡng
69943,DVL,dieu-duong,C08,Điểm học bạ,2024,19.5,Điều dưỡng
69944,DVL,dieu-duong,D07,Điểm học bạ,2024,19.5,Điều dưỡng
69945,DVL,dieu-duong,D08,Điểm học bạ,2024,19.5,Điều dưỡng
69946,DVL,dieu-duong,B00,Điểm thi THPT,2024,19.0,Điều dưỡng
69947,DVL,dieu-duong,C08,Điểm thi THPT,2024,19.0,Điều dưỡng
69948,DVL,dieu-duong,D07,Điểm thi THPT,2024,19.0,Điều dưỡng
69949,DVL,dieu-duong,D08,Điểm thi THPT,2024,19.0,Điều dưỡng
69950,DVL,dieu-duong,A00,Điểm học bạ,2025,19.0,Điều dưỡng
69951,DVL,dieu-duong,B00,Điểm học bạ,2025,19.0,Điều dưỡng
69952,DVL,dieu-duong,D07,Điểm học bạ,2025,19.0,Điều dưỡng
69953,DVL,dieu-duong,X09,Điểm học bạ,2025,19.0,Điều dưỡng
69954,DVL,dieu-duong,X10,Điểm học bạ,2025,19.0,Điều dưỡng
69955,DVL,dieu-duong,A00,Điểm thi THPT,2025,17.0,Điều dưỡng
69956,DVL,dieu-duong,B00,Điểm thi THPT,2025,17.0,Điều dưỡng
69957,DVL,dieu-duong,D07,Điểm thi THPT,2025,17.0,Điều dưỡng
69958,DVL,dieu-duong,X09,Điểm thi THPT,2025,17.0,Điều dưỡng
69959,DVL,dieu-duong,X10,Điểm thi THPT,2025,17.0,Điều dưỡng
69960,DVL,dong-phuong-hoc,A01,Điểm học bạ,2021,18.0,ĐÔNG PHƯƠNG HỌC
69961,DVL,dong-phuong-hoc,C00,Điểm học bạ,2021,18.0,ĐÔNG PHƯƠNG HỌC
69962,DVL,dong-phuong-hoc,D01,Điểm học bạ,2021,18.0,ĐÔNG PHƯƠNG HỌC
69963,DVL,dong-phuong-hoc,D04,Điểm học bạ,2021,18.0,ĐÔNG PHƯƠNG HỌC
69964,DVL,dong-phuong-hoc,A01,Điểm thi THPT,2021,18.0,ĐÔNG PHƯƠNG HỌC
69965,DVL,dong-phuong-hoc,C00,Điểm thi THPT,2021,18.0,ĐÔNG PHƯƠNG HỌC
69966,DVL,dong-phuong-hoc,D01,Điểm thi THPT,2021,18.0,ĐÔNG PHƯƠNG HỌC
69967,DVL,dong-phuong-hoc,D04,Điểm thi THPT,2021,18.0,ĐÔNG PHƯƠNG HỌC
69968,DVL,dong-phuong-hoc,A01,Điểm học bạ,2022,18.0,Đông phương học
69969,DVL,dong-phuong-hoc,C00,Điểm học bạ,2022,18.0,Đông phương học
69970,DVL,dong-phuong-hoc,D01,Điểm học bạ,2022,18.0,Đông phương học
69971,DVL,dong-phuong-hoc,D04,Điểm học bạ,2022,18.0,Đông phương học
69972,DVL,dong-phuong-hoc,A01,Điểm thi THPT,2022,16.0,Đông phương học
69973,DVL,dong-phuong-hoc,C00,Điểm thi THPT,2022,16.0,Đông phương học
69974,DVL,dong-phuong-hoc,D01,Điểm thi THPT,2022,16.0,Đông phương học
69975,DVL,dong-phuong-hoc,D14,Điểm thi THPT,2022,16.0,Đông phương học
69976,DVL,dong-phuong-hoc,A01,Điểm học bạ,2023,18.0,Đông phương học
69977,DVL,dong-phuong-hoc,C00,Điểm học bạ,2023,18.0,Đông phương học
69978,DVL,dong-phuong-hoc,D01,Điểm học bạ,2023,18.0,Đông phương học
69979,DVL,dong-phuong-hoc,D04,Điểm học bạ,2023,18.0,Đông phương học
69980,DVL,dong-phuong-hoc,A01,Điểm thi THPT,2023,16.0,Đông phương học
69981,DVL,dong-phuong-hoc,C00,Điểm thi THPT,2023,16.0,Đông phương học
69982,DVL,dong-phuong-hoc,D01,Điểm thi THPT,2023,16.0,Đông phương học
69983,DVL,dong-phuong-hoc,D04,Điểm thi THPT,2023,16.0,Đông phương học
69984,DVL,dong-phuong-hoc,A01,Điểm học bạ,2024,18.0,Đông phương học
69985,DVL,dong-phuong-hoc,C00,Điểm học bạ,2024,18.0,Đông phương học
69986,DVL,dong-phuong-hoc,D01,Điểm học bạ,2024,18.0,Đông phương học
69987,DVL,dong-phuong-hoc,D04,Điểm học bạ,2024,18.0,Đông phương học
69988,DVL,dong-phuong-hoc,A01,Điểm thi THPT,2024,16.0,Đông phương học
69989,DVL,dong-phuong-hoc,C00,Điểm thi THPT,2024,16.0,Đông phương học
69990,DVL,dong-phuong-hoc,D01,Điểm thi THPT,2024,16.0,Đông phương học
69991,DVL,dong-phuong-hoc,D04,Điểm thi THPT,2024,16.0,Đông phương học
69992,DVL,dong-phuong-hoc,C00,Điểm học bạ,2025,18.0,Đông phương học
69993,DVL,dong-phuong-hoc,C03,Điểm học bạ,2025,18.0,Đông phương học
69994,DVL,dong-phuong-hoc,C04,Điểm học bạ,2025,18.0,Đông phương học
69995,DVL,dong-phuong-hoc,D01,Điểm học bạ,2025,18.0,Đông phương học
69996,DVL,dong-phuong-hoc,D14,Điểm học bạ,2025,18.0,Đông phương học
69997,DVL,dong-phuong-hoc,D15,Điểm học bạ,2025,18.0,Đông phương học
69998,DVL,dong-phuong-hoc,X78,Điểm học bạ,2025,18.0,Đông phương học
69999,DVL,dong-phuong-hoc,C00,Điểm thi THPT,2025,15.0,Đông phương học
70000,DVL,dong-phuong-hoc,C03,Điểm thi THPT,2025,15.0,Đông phương học
70001,DVL,dong-phuong-hoc,C04,Điểm thi THPT,2025,15.0,Đông phương học
70002,DVL,dong-phuong-hoc,D01,Điểm thi THPT,2025,15.0,Đông phương học
70003,DVL,dong-phuong-hoc,D14,Điểm thi THPT,2025,15.0,Đông phương học
70004,DVL,dong-phuong-hoc,D15,Điểm thi THPT,2025,15.0,Đông phương học
70005,DVL,dong-phuong-hoc,X78,Điểm thi THPT,2025,15.0,Đông phương học
70006,DVL,du-lich,A00,Điểm học bạ,2022,18.0,Du lịch
70007,DVL,du-lich,A01,Điểm học bạ,2022,18.0,Du lịch
70008,DVL,du-lich,C00,Điểm học bạ,2022,18.0,Du lịch
70009,DVL,du-lich,D01,Điểm học bạ,2022,18.0,Du lịch
70010,DVL,du-lich,A00,Điểm thi THPT,2022,16.0,Du lịch
70011,DVL,du-lich,A01,Điểm thi THPT,2022,16.0,Du lịch
70012,DVL,du-lich,C00,Điểm thi THPT,2022,16.0,Du lịch
70013,DVL,du-lich,D01,Điểm thi THPT,2022,16.0,Du lịch
70014,DVL,du-lich,A00,Điểm học bạ,2023,18.0,Du lịch
70015,DVL,du-lich,A01,Điểm học bạ,2023,18.0,Du lịch
70016,DVL,du-lich,C00,Điểm học bạ,2023,18.0,Du lịch
70017,DVL,du-lich,D01,Điểm học bạ,2023,18.0,Du lịch
70018,DVL,du-lich,A00,Điểm thi THPT,2023,16.0,Du lịch
70019,DVL,du-lich,A01,Điểm thi THPT,2023,16.0,Du lịch
70020,DVL,du-lich,C00,Điểm thi THPT,2023,16.0,Du lịch
70021,DVL,du-lich,D01,Điểm thi THPT,2023,16.0,Du lịch
70022,DVL,du-lich,A00,Điểm học bạ,2024,18.0,Du lịch
70023,DVL,du-lich,A01,Điểm học bạ,2024,18.0,Du lịch
70024,DVL,du-lich,C00,Điểm học bạ,2024,18.0,Du lịch
70025,DVL,du-lich,D01,Điểm học bạ,2024,18.0,Du lịch
70026,DVL,du-lich,A00,Điểm thi THPT,2024,16.0,Du lịch
70027,DVL,du-lich,A01,Điểm thi THPT,2024,16.0,Du lịch
70028,DVL,du-lich,C00,Điểm thi THPT,2024,16.0,Du lịch
70029,DVL,du-lich,D01,Điểm thi THPT,2024,16.0,Du lịch
70030,DVL,du-lich,D01,Điểm học bạ,2025,18.0,Du lịch
70031,DVL,du-lich,D09,Điểm học bạ,2025,18.0,Du lịch
70032,DVL,du-lich,D10,Điểm học bạ,2025,18.0,Du lịch
70033,DVL,du-lich,D14,Điểm học bạ,2025,18.0,Du lịch
70034,DVL,du-lich,D15,Điểm học bạ,2025,18.0,Du lịch
70035,DVL,du-lich,X26,Điểm học bạ,2025,18.0,Du lịch
70036,DVL,du-lich,D01,Điểm thi THPT,2025,15.0,Du lịch
70037,DVL,du-lich,D09,Điểm thi THPT,2025,15.0,Du lịch
70038,DVL,du-lich,D10,Điểm thi THPT,2025,15.0,Du lịch
70039,DVL,du-lich,D14,Điểm thi THPT,2025,15.0,Du lịch
70040,DVL,du-lich,D15,Điểm thi THPT,2025,15.0,Du lịch
70041,DVL,du-lich,X26,Điểm thi THPT,2025,15.0,Du lịch
70042,DVL,duoc-hoc,A00,Điểm học bạ,2021,24.0,DƯỢC HỌC
70043,DVL,duoc-hoc,B00,Điểm học bạ,2021,24.0,DƯỢC HỌC
70044,DVL,duoc-hoc,D07,Điểm học bạ,2021,24.0,DƯỢC HỌC
70045,DVL,duoc-hoc,A00,Điểm thi THPT,2021,21.0,DƯỢC HỌC
70046,DVL,duoc-hoc,B00,Điểm thi THPT,2021,21.0,DƯỢC HỌC
70047,DVL,duoc-hoc,D07,Điểm thi THPT,2021,21.0,DƯỢC HỌC
70048,DVL,duoc-hoc,A00,Điểm học bạ,2022,24.0,Dược học
70049,DVL,duoc-hoc,B00,Điểm học bạ,2022,24.0,Dược học
70050,DVL,duoc-hoc,D07,Điểm học bạ,2022,24.0,Dược học
70051,DVL,duoc-hoc,A00,Điểm thi THPT,2022,21.0,Dược học
70052,DVL,duoc-hoc,B00,Điểm thi THPT,2022,21.0,Dược học
70053,DVL,duoc-hoc,D07,Điểm thi THPT,2022,21.0,Dược học
70054,DVL,duoc-hoc,A00,Điểm học bạ,2023,24.0,Dược học
70055,DVL,duoc-hoc,B00,Điểm học bạ,2023,24.0,Dược học
70056,DVL,duoc-hoc,D07,Điểm học bạ,2023,24.0,Dược học
70057,DVL,duoc-hoc,A00,Điểm thi THPT,2023,21.0,Dược học
70058,DVL,duoc-hoc,B00,Điểm thi THPT,2023,21.0,Dược học
70059,DVL,duoc-hoc,D07,Điểm thi THPT,2023,21.0,Dược học
70060,DVL,duoc-hoc,A00,Điểm học bạ,2024,24.0,Dược học
70061,DVL,duoc-hoc,B00,Điểm học bạ,2024,24.0,Dược học
70062,DVL,duoc-hoc,D07,Điểm học bạ,2024,24.0,Dược học
70063,DVL,duoc-hoc,A00,Điểm thi THPT,2024,21.0,Dược học
70064,DVL,duoc-hoc,B00,Điểm thi THPT,2024,21.0,Dược học
70065,DVL,duoc-hoc,D07,Điểm thi THPT,2024,21.0,Dược học
70066,DVL,duoc-hoc,A00,Điểm học bạ,2025,23.0,Dược học
70067,DVL,duoc-hoc,B00,Điểm học bạ,2025,23.0,Dược học
70068,DVL,duoc-hoc,D07,Điểm học bạ,2025,23.0,Dược học
70069,DVL,duoc-hoc,X09,Điểm học bạ,2025,23.0,Dược học
70070,DVL,duoc-hoc,X10,Điểm học bạ,2025,23.0,Dược học
70071,DVL,duoc-hoc,A00,Điểm thi THPT,2025,19.0,Dược học
70072,DVL,duoc-hoc,B00,Điểm thi THPT,2025,19.0,Dược học
70073,DVL,duoc-hoc,D07,Điểm thi THPT,2025,19.0,Dược học
70074,DVL,duoc-hoc,X09,Điểm thi THPT,2025,19.0,Dược học
70075,DVL,duoc-hoc,X10,Điểm thi THPT,2025,19.0,Dược học
70076,DVL,he-thong-thong-tin,A00,Điểm học bạ,2023,18.0,Hệ thống thông tin
70077,DVL,he-thong-thong-tin,A01,Điểm học bạ,2023,18.0,Hệ thống thông tin
70078,DVL,he-thong-thong-tin,D07,Điểm học bạ,2023,18.0,Hệ thống thông tin
70079,DVL,he-thong-thong-tin,D10,Điểm học bạ,2023,18.0,Hệ thống thông tin
70080,DVL,he-thong-thong-tin,A00,Điểm thi THPT,2023,16.0,Hệ thống thông tin
70081,DVL,he-thong-thong-tin,A01,Điểm thi THPT,2023,16.0,Hệ thống thông tin
70082,DVL,he-thong-thong-tin,D07,Điểm thi THPT,2023,16.0,Hệ thống thông tin
70083,DVL,he-thong-thong-tin,D10,Điểm thi THPT,2023,16.0,Hệ thống thông tin
70084,DVL,he-thong-thong-tin,A00,Điểm học bạ,2024,18.0,Hệ thống Thông tin
70085,DVL,he-thong-thong-tin,A01,Điểm học bạ,2024,18.0,Hệ thống Thông tin
70086,DVL,he-thong-thong-tin,D07,Điểm học bạ,2024,18.0,Hệ thống Thông tin
70087,DVL,he-thong-thong-tin,D10,Điểm học bạ,2024,18.0,Hệ thống Thông tin
70088,DVL,he-thong-thong-tin,A00,Điểm thi THPT,2024,16.0,Hệ thống thông tin
70089,DVL,he-thong-thong-tin,A01,Điểm thi THPT,2024,16.0,Hệ thống thông tin
70090,DVL,he-thong-thong-tin,D07,Điểm thi THPT,2024,16.0,Hệ thống thông tin
70091,DVL,he-thong-thong-tin,D10,Điểm thi THPT,2024,16.0,Hệ thống thông tin
70092,DVL,he-thong-thong-tin,A00,Điểm học bạ,2025,18.0,Hệ thống thông tin
70093,DVL,he-thong-thong-tin,A01,Điểm học bạ,2025,18.0,Hệ thống thông tin
70094,DVL,he-thong-thong-tin,C01,Điểm học bạ,2025,18.0,Hệ thống thông tin
70095,DVL,he-thong-thong-tin,D01,Điểm học bạ,2025,18.0,Hệ thống thông tin
70096,DVL,he-thong-thong-tin,X02,Điểm học bạ,2025,18.0,Hệ thống thông tin
70097,DVL,he-thong-thong-tin,X06,Điểm học bạ,2025,18.0,Hệ thống thông tin
70098,DVL,he-thong-thong-tin,X26,Điểm học bạ,2025,18.0,Hệ thống thông tin
70099,DVL,he-thong-thong-tin,A00,Điểm thi THPT,2025,15.0,Hệ thống thông tin
70100,DVL,he-thong-thong-tin,A01,Điểm thi THPT,2025,15.0,Hệ thống thông tin
70101,DVL,he-thong-thong-tin,C01,Điểm thi THPT,2025,15.0,Hệ thống thông tin
70102,DVL,he-thong-thong-tin,D01,Điểm thi THPT,2025,15.0,Hệ thống thông tin
70103,DVL,he-thong-thong-tin,X02,Điểm thi THPT,2025,15.0,Hệ thống thông tin
70104,DVL,he-thong-thong-tin,X06,Điểm thi THPT,2025,15.0,Hệ thống thông tin
70105,DVL,he-thong-thong-tin,X26,Điểm thi THPT,2025,15.0,Hệ thống thông tin
70106,DVL,he-thong-thong-tin-quan-ly,A00,Điểm học bạ,2022,18.0,Hệ thống thông tin quản lý
70107,DVL,he-thong-thong-tin-quan-ly,A01,Điểm học bạ,2022,18.0,Hệ thống thông tin quản lý
70108,DVL,he-thong-thong-tin-quan-ly,C01,Điểm học bạ,2022,18.0,Hệ thống thông tin quản lý
70109,DVL,he-thong-thong-tin-quan-ly,D01,Điểm học bạ,2022,18.0,Hệ thống thông tin quản lý
70110,DVL,he-thong-thong-tin-quan-ly,A00,Điểm thi THPT,2022,16.0,Hệ thống thông tin quản lý
70111,DVL,he-thong-thong-tin-quan-ly,A01,Điểm thi THPT,2022,16.0,Hệ thống thông tin quản lý
70112,DVL,he-thong-thong-tin-quan-ly,C01,Điểm thi THPT,2022,16.0,Hệ thống thông tin quản lý
70113,DVL,he-thong-thong-tin-quan-ly,D01,Điểm thi THPT,2022,16.0,Hệ thống thông tin quản lý
70114,DVL,ke-toan,A00,Điểm học bạ,2021,18.0,KẾ TOÁN
70115,DVL,ke-toan,A01,Điểm học bạ,2021,18.0,KẾ TOÁN
70116,DVL,ke-toan,D01,Điểm học bạ,2021,18.0,KẾ TOÁN
70117,DVL,ke-toan,D10,Điểm học bạ,2021,18.0,KẾ TOÁN
70118,DVL,ke-toan,A00,Điểm thi THPT,2021,17.0,KẾ TOÁN
70119,DVL,ke-toan,A01,Điểm thi THPT,2021,17.0,KẾ TOÁN
70120,DVL,ke-toan,D01,Điểm thi THPT,2021,17.0,KẾ TOÁN
70121,DVL,ke-toan,D10,Điểm thi THPT,2021,17.0,KẾ TOÁN
70122,DVL,ke-toan,A00,Điểm học bạ,2022,18.0,Kế toán
70123,DVL,ke-toan,A01,Điểm học bạ,2022,18.0,Kế toán
70124,DVL,ke-toan,C01,Điểm học bạ,2022,18.0,Kế toán
70125,DVL,ke-toan,D10,Điểm học bạ,2022,18.0,Kế toán
70126,DVL,ke-toan,A00,Điểm thi THPT,2022,16.0,Kế toán
70127,DVL,ke-toan,A01,Điểm thi THPT,2022,16.0,Kế toán
70128,DVL,ke-toan,D01,Điểm thi THPT,2022,16.0,Kế toán
70129,DVL,ke-toan,D10,Điểm thi THPT,2022,16.0,Kế toán
70130,DVL,ke-toan,A00,Điểm học bạ,2023,18.0,Kế toán
70131,DVL,ke-toan,A01,Điểm học bạ,2023,18.0,Kế toán
70132,DVL,ke-toan,C01,Điểm học bạ,2023,18.0,Kế toán
70133,DVL,ke-toan,D10,Điểm học bạ,2023,18.0,Kế toán
70134,DVL,ke-toan,A00,Điểm thi THPT,2023,16.0,Kế toán
70135,DVL,ke-toan,A01,Điểm thi THPT,2023,16.0,Kế toán
70136,DVL,ke-toan,D01,Điểm thi THPT,2023,16.0,Kế toán
70137,DVL,ke-toan,D10,Điểm thi THPT,2023,16.0,Kế toán
70138,DVL,ke-toan,A00,Điểm học bạ,2024,18.0,Kế toán
70139,DVL,ke-toan,A01,Điểm học bạ,2024,18.0,Kế toán
70140,DVL,ke-toan,D01,Điểm học bạ,2024,18.0,Kế toán
70141,DVL,ke-toan,D10,Điểm học bạ,2024,18.0,Kế toán
70142,DVL,ke-toan,A00,Điểm thi THPT,2024,16.0,Kế toán
70143,DVL,ke-toan,A01,Điểm thi THPT,2024,16.0,Kế toán
70144,DVL,ke-toan,D01,Điểm thi THPT,2024,16.0,Kế toán
70145,DVL,ke-toan,D10,Điểm thi THPT,2024,16.0,Kế toán
70146,DVL,ke-toan,A00,Điểm học bạ,2025,18.0,Kế toán
70147,DVL,ke-toan,A01,Điểm học bạ,2025,18.0,Kế toán
70148,DVL,ke-toan,C01,Điểm học bạ,2025,18.0,Kế toán
70149,DVL,ke-toan,D01,Điểm học bạ,2025,18.0,Kế toán
70150,DVL,ke-toan,D07,Điểm học bạ,2025,18.0,Kế toán
70151,DVL,ke-toan,D10,Điểm học bạ,2025,18.0,Kế toán
70152,DVL,ke-toan,X25,Điểm học bạ,2025,18.0,Kế toán
70153,DVL,ke-toan,A00,Điểm thi THPT,2025,15.0,Kế toán
70154,DVL,ke-toan,A01,Điểm thi THPT,2025,15.0,Kế toán
70155,DVL,ke-toan,C01,Điểm thi THPT,2025,15.0,Kế toán
70156,DVL,ke-toan,D01,Điểm thi THPT,2025,15.0,Kế toán
70157,DVL,ke-toan,D07,Điểm thi THPT,2025,15.0,Kế toán
70158,DVL,ke-toan,D10,Điểm thi THPT,2025,15.0,Kế toán
70159,DVL,ke-toan,X25,Điểm thi THPT,2025,15.0,Kế toán
70160,DVL,khoa-hoc-du-lieu,A00,Điểm học bạ,2021,18.0,KHOA HỌC DỮ LIỆU
70161,DVL,khoa-hoc-du-lieu,A01,Điểm học bạ,2021,18.0,KHOA HỌC DỮ LIỆU
70162,DVL,khoa-hoc-du-lieu,C01,Điểm học bạ,2021,18.0,KHOA HỌC DỮ LIỆU
70163,DVL,khoa-hoc-du-lieu,D01,Điểm học bạ,2021,18.0,KHOA HỌC DỮ LIỆU
70164,DVL,khoa-hoc-du-lieu,A00,Điểm thi THPT,2021,16.0,KHOA HỌC DỮ LIỆU
70165,DVL,khoa-hoc-du-lieu,A01,Điểm thi THPT,2021,16.0,KHOA HỌC DỮ LIỆU
70166,DVL,khoa-hoc-du-lieu,C01,Điểm thi THPT,2021,16.0,KHOA HỌC DỮ LIỆU
70167,DVL,khoa-hoc-du-lieu,D01,Điểm thi THPT,2021,16.0,KHOA HỌC DỮ LIỆU
70168,DVL,khoa-hoc-du-lieu,A00,Điểm học bạ,2022,18.0,Khoa học dữ liệu
70169,DVL,khoa-hoc-du-lieu,A01,Điểm học bạ,2022,18.0,Khoa học dữ liệu
70170,DVL,khoa-hoc-du-lieu,C01,Điểm học bạ,2022,18.0,Khoa học dữ liệu
70171,DVL,khoa-hoc-du-lieu,D01,Điểm học bạ,2022,18.0,Khoa học dữ liệu
70172,DVL,khoa-hoc-du-lieu,A00,Điểm thi THPT,2022,16.0,Khoa học dữ liệu
70173,DVL,khoa-hoc-du-lieu,A01,Điểm thi THPT,2022,16.0,Khoa học dữ liệu
70174,DVL,khoa-hoc-du-lieu,C01,Điểm thi THPT,2022,16.0,Khoa học dữ liệu
70175,DVL,khoa-hoc-du-lieu,D01,Điểm thi THPT,2022,16.0,Khoa học dữ liệu
70176,DVL,khoa-hoc-du-lieu,A00,Điểm học bạ,2023,18.0,Khoa học dữ liệu
70177,DVL,khoa-hoc-du-lieu,A01,Điểm học bạ,2023,18.0,Khoa học dữ liệu
70178,DVL,khoa-hoc-du-lieu,C01,Điểm học bạ,2023,18.0,Khoa học dữ liệu
70179,DVL,khoa-hoc-du-lieu,D01,Điểm học bạ,2023,18.0,Khoa học dữ liệu
70180,DVL,khoa-hoc-du-lieu,A00,Điểm thi THPT,2023,16.0,Khoa học dữ liệu
70181,DVL,khoa-hoc-du-lieu,A01,Điểm thi THPT,2023,16.0,Khoa học dữ liệu
70182,DVL,khoa-hoc-du-lieu,C01,Điểm thi THPT,2023,16.0,Khoa học dữ liệu
70183,DVL,khoa-hoc-du-lieu,D01,Điểm thi THPT,2023,16.0,Khoa học dữ liệu
70184,DVL,khoa-hoc-du-lieu,A00,Điểm học bạ,2024,18.0,Khoa học Dữ liệu
70185,DVL,khoa-hoc-du-lieu,A01,Điểm học bạ,2024,18.0,Khoa học Dữ liệu
70186,DVL,khoa-hoc-du-lieu,C01,Điểm học bạ,2024,18.0,Khoa học Dữ liệu
70187,DVL,khoa-hoc-du-lieu,D01,Điểm học bạ,2024,18.0,Khoa học Dữ liệu
70188,DVL,khoa-hoc-du-lieu,A00,Điểm thi THPT,2024,16.0,Khoa học dữ liệu
70189,DVL,khoa-hoc-du-lieu,A01,Điểm thi THPT,2024,16.0,Khoa học dữ liệu
70190,DVL,khoa-hoc-du-lieu,C01,Điểm thi THPT,2024,16.0,Khoa học dữ liệu
70191,DVL,khoa-hoc-du-lieu,D01,Điểm thi THPT,2024,16.0,Khoa học dữ liệu
70192,DVL,khoa-hoc-du-lieu,A00,Điểm học bạ,2025,18.0,Khoa học dữ liệu
70193,DVL,khoa-hoc-du-lieu,A01,Điểm học bạ,2025,18.0,Khoa học dữ liệu
70194,DVL,khoa-hoc-du-lieu,C01,Điểm học bạ,2025,18.0,Khoa học dữ liệu
70195,DVL,khoa-hoc-du-lieu,D01,Điểm học bạ,2025,18.0,Khoa học dữ liệu
70196,DVL,khoa-hoc-du-lieu,X02,Điểm học bạ,2025,18.0,Khoa học dữ liệu
70197,DVL,khoa-hoc-du-lieu,X06,Điểm học bạ,2025,18.0,Khoa học dữ liệu
70198,DVL,khoa-hoc-du-lieu,X26,Điểm học bạ,2025,18.0,Khoa học dữ liệu
70199,DVL,khoa-hoc-du-lieu,A00,Điểm thi THPT,2025,15.0,Khoa học dữ liệu
70200,DVL,khoa-hoc-du-lieu,A01,Điểm thi THPT,2025,15.0,Khoa học dữ liệu
70201,DVL,khoa-hoc-du-lieu,C01,Điểm thi THPT,2025,15.0,Khoa học dữ liệu
70202,DVL,khoa-hoc-du-lieu,D01,Điểm thi THPT,2025,15.0,Khoa học dữ liệu
70203,DVL,khoa-hoc-du-lieu,X02,Điểm thi THPT,2025,15.0,Khoa học dữ liệu
70204,DVL,khoa-hoc-du-lieu,X06,Điểm thi THPT,2025,15.0,Khoa học dữ liệu
70205,DVL,khoa-hoc-du-lieu,X26,Điểm thi THPT,2025,15.0,Khoa học dữ liệu
70206,DVL,kien-truc,H02,Điểm học bạ,2021,24.0,KIẾN TRÚC
70207,DVL,kien-truc,V00,Điểm học bạ,2021,24.0,KIẾN TRÚC
70208,DVL,kien-truc,V01,Điểm học bạ,2021,24.0,KIẾN TRÚC
70209,DVL,kien-truc,H02,Điểm thi THPT,2021,17.0,KIẾN TRÚC
70210,DVL,kien-truc,V00,Điểm thi THPT,2021,17.0,KIẾN TRÚC
70211,DVL,kien-truc,V01,Điểm thi THPT,2021,17.0,KIẾN TRÚC
70212,DVL,kien-truc,H02,Điểm học bạ,2022,24.0,Kiến trúc
70213,DVL,kien-truc,V00,Điểm học bạ,2022,24.0,Kiến trúc
70214,DVL,kien-truc,V01,Điểm học bạ,2022,24.0,Kiến trúc
70215,DVL,kien-truc,V00,Điểm thi THPT,2022,16.0,Kiến trúc
70216,DVL,kien-truc,V01,Điểm thi THPT,2022,16.0,Kiến trúc
70217,DVL,kien-truc,V02,Điểm thi THPT,2022,16.0,Kiến trúc
70218,DVL,kien-truc,H02,Điểm học bạ,2023,24.0,Kiến trúc
70219,DVL,kien-truc,V00,Điểm học bạ,2023,24.0,Kiến trúc
70220,DVL,kien-truc,V01,Điểm học bạ,2023,24.0,Kiến trúc
70221,DVL,kien-truc,H02,Điểm thi THPT,2023,16.0,Kiến trúc
70222,DVL,kien-truc,V00,Điểm thi THPT,2023,16.0,Kiến trúc
70223,DVL,kien-truc,V01,Điểm thi THPT,2023,16.0,Kiến trúc
70224,DVL,kien-truc,H02,Điểm học bạ,2024,24.0,Kiến trúc
70225,DVL,kien-truc,V00,Điểm học bạ,2024,24.0,Kiến trúc
70226,DVL,kien-truc,V01,Điểm học bạ,2024,24.0,Kiến trúc
70227,DVL,kien-truc,H02,Điểm thi THPT,2024,16.0,Kiến trúc
70228,DVL,kien-truc,V00,Điểm thi THPT,2024,16.0,Kiến trúc
70229,DVL,kien-truc,V01,Điểm thi THPT,2024,16.0,Kiến trúc
70230,DVL,kien-truc,H02,Điểm học bạ,2025,18.0,Kiến trúc
70231,DVL,kien-truc,V00,Điểm học bạ,2025,18.0,Kiến trúc
70232,DVL,kien-truc,V01,Điểm học bạ,2025,18.0,Kiến trúc
70233,DVL,kien-truc,H02,Điểm thi THPT,2025,15.0,Kiến trúc
70234,DVL,kien-truc,V00,Điểm thi THPT,2025,15.0,Kiến trúc
70235,DVL,kien-truc,V01,Điểm thi THPT,2025,15.0,Kiến trúc
70236,DVL,kinh-doanh-quoc-te,A00,Điểm học bạ,2022,18.0,Kinh doanh quốc tế
70237,DVL,kinh-doanh-quoc-te,A01,Điểm học bạ,2022,18.0,Kinh doanh quốc tế
70238,DVL,kinh-doanh-quoc-te,C01,Điểm học bạ,2022,18.0,Kinh doanh quốc tế
70239,DVL,kinh-doanh-quoc-te,D01,Điểm học bạ,2022,18.0,Kinh doanh quốc tế
70240,DVL,kinh-doanh-quoc-te,A00,Điểm thi THPT,2022,17.0,Kinh doanh quốc tế
70241,DVL,kinh-doanh-quoc-te,A01,Điểm thi THPT,2022,17.0,Kinh doanh quốc tế
70242,DVL,kinh-doanh-quoc-te,C01,Điểm thi THPT,2022,17.0,Kinh doanh quốc tế
70243,DVL,kinh-doanh-quoc-te,D01,Điểm thi THPT,2022,17.0,Kinh doanh quốc tế
70244,DVL,kinh-doanh-quoc-te,A00,Điểm học bạ,2023,18.0,Kinh doanh quốc tế
70245,DVL,kinh-doanh-quoc-te,A01,Điểm học bạ,2023,18.0,Kinh doanh quốc tế
70246,DVL,kinh-doanh-quoc-te,C01,Điểm học bạ,2023,18.0,Kinh doanh quốc tế
70247,DVL,kinh-doanh-quoc-te,D01,Điểm học bạ,2023,18.0,Kinh doanh quốc tế
70248,DVL,kinh-doanh-quoc-te,A00,Điểm thi THPT,2023,16.0,Kinh doanh quốc tế
70249,DVL,kinh-doanh-quoc-te,A01,Điểm thi THPT,2023,16.0,Kinh doanh quốc tế
70250,DVL,kinh-doanh-quoc-te,C01,Điểm thi THPT,2023,16.0,Kinh doanh quốc tế
70251,DVL,kinh-doanh-quoc-te,D01,Điểm thi THPT,2023,16.0,Kinh doanh quốc tế
70252,DVL,kinh-doanh-quoc-te,A00,Điểm học bạ,2024,18.0,Kinh doanh Quốc tế
70253,DVL,kinh-doanh-quoc-te,A01,Điểm học bạ,2024,18.0,Kinh doanh Quốc tế
70254,DVL,kinh-doanh-quoc-te,C01,Điểm học bạ,2024,18.0,Kinh doanh Quốc tế
70255,DVL,kinh-doanh-quoc-te,D01,Điểm học bạ,2024,18.0,Kinh doanh Quốc tế
70256,DVL,kinh-doanh-quoc-te,A00,Điểm thi THPT,2024,16.0,Kinh doanh quốc tế
70257,DVL,kinh-doanh-quoc-te,A01,Điểm thi THPT,2024,16.0,Kinh doanh quốc tế
70258,DVL,kinh-doanh-quoc-te,C01,Điểm thi THPT,2024,16.0,Kinh doanh quốc tế
70259,DVL,kinh-doanh-quoc-te,D01,Điểm thi THPT,2024,16.0,Kinh doanh quốc tế
70260,DVL,kinh-doanh-quoc-te,A00,Điểm học bạ,2025,18.0,Kinh doanh quốc tế
70261,DVL,kinh-doanh-quoc-te,A01,Điểm học bạ,2025,18.0,Kinh doanh quốc tế
70262,DVL,kinh-doanh-quoc-te,C01,Điểm học bạ,2025,18.0,Kinh doanh quốc tế
70263,DVL,kinh-doanh-quoc-te,D01,Điểm học bạ,2025,18.0,Kinh doanh quốc tế
70264,DVL,kinh-doanh-quoc-te,D07,Điểm học bạ,2025,18.0,Kinh doanh quốc tế
70265,DVL,kinh-doanh-quoc-te,D10,Điểm học bạ,2025,18.0,Kinh doanh quốc tế
70266,DVL,kinh-doanh-quoc-te,X25,Điểm học bạ,2025,18.0,Kinh doanh quốc tế
70267,DVL,kinh-doanh-quoc-te,A00,Điểm thi THPT,2025,15.0,Kinh doanh quốc tế
70268,DVL,kinh-doanh-quoc-te,A01,Điểm thi THPT,2025,15.0,Kinh doanh quốc tế
70269,DVL,kinh-doanh-quoc-te,C01,Điểm thi THPT,2025,15.0,Kinh doanh quốc tế
70270,DVL,kinh-doanh-quoc-te,D01,Điểm thi THPT,2025,15.0,Kinh doanh quốc tế
70271,DVL,kinh-doanh-quoc-te,D07,Điểm thi THPT,2025,15.0,Kinh doanh quốc tế
70272,DVL,kinh-doanh-quoc-te,D10,Điểm thi THPT,2025,15.0,Kinh doanh quốc tế
70273,DVL,kinh-doanh-quoc-te,X25,Điểm thi THPT,2025,15.0,Kinh doanh quốc tế
70274,DVL,kinh-doanh-thuong-mai,A00,Điểm học bạ,2021,18.0,KINH DOANH THƯƠNG MẠI
70275,DVL,kinh-doanh-thuong-mai,A01,Điểm học bạ,2021,18.0,KINH DOANH THƯƠNG MẠI
70276,DVL,kinh-doanh-thuong-mai,C01,Điểm học bạ,2021,18.0,KINH DOANH THƯƠNG MẠI
70277,DVL,kinh-doanh-thuong-mai,D01,Điểm học bạ,2021,18.0,KINH DOANH THƯƠNG MẠI
70278,DVL,kinh-doanh-thuong-mai,A00,Điểm thi THPT,2021,18.0,KINH DOANH THƯƠNG MẠI
70279,DVL,kinh-doanh-thuong-mai,A01,Điểm thi THPT,2021,18.0,KINH DOANH THƯƠNG MẠI
70280,DVL,kinh-doanh-thuong-mai,C01,Điểm thi THPT,2021,18.0,KINH DOANH THƯƠNG MẠI
70281,DVL,kinh-doanh-thuong-mai,D01,Điểm thi THPT,2021,18.0,KINH DOANH THƯƠNG MẠI
70282,DVL,kinh-doanh-thuong-mai,A00,Điểm học bạ,2022,18.0,Kinh doanh thương mại
70283,DVL,kinh-doanh-thuong-mai,A01,Điểm học bạ,2022,18.0,Kinh doanh thương mại
70284,DVL,kinh-doanh-thuong-mai,C01,Điểm học bạ,2022,18.0,Kinh doanh thương mại
70285,DVL,kinh-doanh-thuong-mai,D01,Điểm học bạ,2022,18.0,Kinh doanh thương mại
70286,DVL,kinh-doanh-thuong-mai,A00,Điểm thi THPT,2022,16.0,Kinh doanh thương mại
70287,DVL,kinh-doanh-thuong-mai,A01,Điểm thi THPT,2022,16.0,Kinh doanh thương mại
70288,DVL,kinh-doanh-thuong-mai,C01,Điểm thi THPT,2022,16.0,Kinh doanh thương mại
70289,DVL,kinh-doanh-thuong-mai,D01,Điểm thi THPT,2022,16.0,Kinh doanh thương mại
70290,DVL,kinh-doanh-thuong-mai,A00,Điểm học bạ,2023,18.0,Kinh doanh thương mại
70291,DVL,kinh-doanh-thuong-mai,A01,Điểm học bạ,2023,18.0,Kinh doanh thương mại
70292,DVL,kinh-doanh-thuong-mai,C01,Điểm học bạ,2023,18.0,Kinh doanh thương mại
70293,DVL,kinh-doanh-thuong-mai,D01,Điểm học bạ,2023,18.0,Kinh doanh thương mại
70294,DVL,kinh-doanh-thuong-mai,A00,Điểm thi THPT,2023,16.0,Kinh doanh thương mại
70295,DVL,kinh-doanh-thuong-mai,A01,Điểm thi THPT,2023,16.0,Kinh doanh thương mại
70296,DVL,kinh-doanh-thuong-mai,C01,Điểm thi THPT,2023,16.0,Kinh doanh thương mại
70297,DVL,kinh-doanh-thuong-mai,D01,Điểm thi THPT,2023,16.0,Kinh doanh thương mại
70298,DVL,kinh-doanh-thuong-mai,A00,Điểm học bạ,2024,18.0,Kinh doanh Thương mại
70299,DVL,kinh-doanh-thuong-mai,A01,Điểm học bạ,2024,18.0,Kinh doanh Thương mại
70300,DVL,kinh-doanh-thuong-mai,C01,Điểm học bạ,2024,18.0,Kinh doanh Thương mại
70301,DVL,kinh-doanh-thuong-mai,D01,Điểm học bạ,2024,18.0,Kinh doanh Thương mại
70302,DVL,kinh-doanh-thuong-mai,A00,Điểm thi THPT,2024,16.0,Kinh doanh thương mại
70303,DVL,kinh-doanh-thuong-mai,A01,Điểm thi THPT,2024,16.0,Kinh doanh thương mại
70304,DVL,kinh-doanh-thuong-mai,C01,Điểm thi THPT,2024,16.0,Kinh doanh thương mại
70305,DVL,kinh-doanh-thuong-mai,D01,Điểm thi THPT,2024,16.0,Kinh doanh thương mại
70306,DVL,kinh-doanh-thuong-mai,A00,Điểm học bạ,2025,18.0,Kinh doanh thương mại
70307,DVL,kinh-doanh-thuong-mai,A01,Điểm học bạ,2025,18.0,Kinh doanh thương mại
70308,DVL,kinh-doanh-thuong-mai,C01,Điểm học bạ,2025,18.0,Kinh doanh thương mại
70309,DVL,kinh-doanh-thuong-mai,D01,Điểm học bạ,2025,18.0,Kinh doanh thương mại
70310,DVL,kinh-doanh-thuong-mai,D07,Điểm học bạ,2025,18.0,Kinh doanh thương mại
70311,DVL,kinh-doanh-thuong-mai,D10,Điểm học bạ,2025,18.0,Kinh doanh thương mại
70312,DVL,kinh-doanh-thuong-mai,X25,Điểm học bạ,2025,18.0,Kinh doanh thương mại
70313,DVL,kinh-doanh-thuong-mai,A00,Điểm thi THPT,2025,15.0,Kinh doanh thương mại
70314,DVL,kinh-doanh-thuong-mai,A01,Điểm thi THPT,2025,15.0,Kinh doanh thương mại
70315,DVL,kinh-doanh-thuong-mai,C01,Điểm thi THPT,2025,15.0,Kinh doanh thương mại
70316,DVL,kinh-doanh-thuong-mai,D01,Điểm thi THPT,2025,15.0,Kinh doanh thương mại
70317,DVL,kinh-doanh-thuong-mai,D07,Điểm thi THPT,2025,15.0,Kinh doanh thương mại
70318,DVL,kinh-doanh-thuong-mai,D10,Điểm thi THPT,2025,15.0,Kinh doanh thương mại
70319,DVL,kinh-doanh-thuong-mai,X25,Điểm thi THPT,2025,15.0,Kinh doanh thương mại
70320,DVL,kinh-te-quoc-te,A00,Điểm học bạ,2022,18.0,Kinh tế quốc tế
70321,DVL,kinh-te-quoc-te,A01,Điểm học bạ,2022,18.0,Kinh tế quốc tế
70322,DVL,kinh-te-quoc-te,D01,Điểm học bạ,2022,18.0,Kinh tế quốc tế
70323,DVL,kinh-te-quoc-te,D07,Điểm học bạ,2022,18.0,Kinh tế quốc tế
70324,DVL,kinh-te-quoc-te,A00,Điểm thi THPT,2022,16.0,Kinh tế quốc tế
70325,DVL,kinh-te-quoc-te,A01,Điểm thi THPT,2022,16.0,Kinh tế quốc tế
70326,DVL,kinh-te-quoc-te,D01,Điểm thi THPT,2022,16.0,Kinh tế quốc tế
70327,DVL,kinh-te-quoc-te,D07,Điểm thi THPT,2022,16.0,Kinh tế quốc tế
70328,DVL,kinh-te-quoc-te,A00,Điểm học bạ,2023,18.0,Kinh tế quốc tế
70329,DVL,kinh-te-quoc-te,A01,Điểm học bạ,2023,18.0,Kinh tế quốc tế
70330,DVL,kinh-te-quoc-te,D01,Điểm học bạ,2023,18.0,Kinh tế quốc tế
70331,DVL,kinh-te-quoc-te,D07,Điểm học bạ,2023,18.0,Kinh tế quốc tế
70332,DVL,kinh-te-quoc-te,A00,Điểm thi THPT,2023,16.0,Kinh tế quốc tế
70333,DVL,kinh-te-quoc-te,A01,Điểm thi THPT,2023,16.0,Kinh tế quốc tế
70334,DVL,kinh-te-quoc-te,D01,Điểm thi THPT,2023,16.0,Kinh tế quốc tế
70335,DVL,kinh-te-quoc-te,D07,Điểm thi THPT,2023,16.0,Kinh tế quốc tế
70336,DVL,kinh-te-quoc-te,A00,Điểm học bạ,2024,18.0,Kinh tế Quốc tế
70337,DVL,kinh-te-quoc-te,A01,Điểm học bạ,2024,18.0,Kinh tế Quốc tế
70338,DVL,kinh-te-quoc-te,D01,Điểm học bạ,2024,18.0,Kinh tế Quốc tế
70339,DVL,kinh-te-quoc-te,D07,Điểm học bạ,2024,18.0,Kinh tế Quốc tế
70340,DVL,kinh-te-quoc-te,A00,Điểm thi THPT,2024,16.0,Kinh tế quốc tế
70341,DVL,kinh-te-quoc-te,A01,Điểm thi THPT,2024,16.0,Kinh tế quốc tế
70342,DVL,kinh-te-quoc-te,D01,Điểm thi THPT,2024,16.0,Kinh tế quốc tế
70343,DVL,kinh-te-quoc-te,D07,Điểm thi THPT,2024,16.0,Kinh tế quốc tế
70344,DVL,kinh-te-quoc-te,A00,Điểm học bạ,2025,18.0,Kinh tế quốc tế
70345,DVL,kinh-te-quoc-te,A01,Điểm học bạ,2025,18.0,Kinh tế quốc tế
70346,DVL,kinh-te-quoc-te,C01,Điểm học bạ,2025,18.0,Kinh tế quốc tế
70347,DVL,kinh-te-quoc-te,D01,Điểm học bạ,2025,18.0,Kinh tế quốc tế
70348,DVL,kinh-te-quoc-te,D07,Điểm học bạ,2025,18.0,Kinh tế quốc tế
70349,DVL,kinh-te-quoc-te,D10,Điểm học bạ,2025,18.0,Kinh tế quốc tế
70350,DVL,kinh-te-quoc-te,X25,Điểm học bạ,2025,18.0,Kinh tế quốc tế
70351,DVL,kinh-te-quoc-te,A00,Điểm thi THPT,2025,15.0,Kinh tế quốc tế
70352,DVL,kinh-te-quoc-te,A01,Điểm thi THPT,2025,15.0,Kinh tế quốc tế
70353,DVL,kinh-te-quoc-te,C01,Điểm thi THPT,2025,15.0,Kinh tế quốc tế
70354,DVL,kinh-te-quoc-te,D01,Điểm thi THPT,2025,15.0,Kinh tế quốc tế
70355,DVL,kinh-te-quoc-te,D07,Điểm thi THPT,2025,15.0,Kinh tế quốc tế
70356,DVL,kinh-te-quoc-te,D10,Điểm thi THPT,2025,15.0,Kinh tế quốc tế
70357,DVL,kinh-te-quoc-te,X25,Điểm thi THPT,2025,15.0,Kinh tế quốc tế
70358,DVL,ky-thuat-co-dien-tu,A00,Điểm học bạ,2021,18.0,KỸ THUẬT CƠ ĐIỆN TỬ
70359,DVL,ky-thuat-co-dien-tu,A01,Điểm học bạ,2021,18.0,KỸ THUẬT CƠ ĐIỆN TỬ
70360,DVL,ky-thuat-co-dien-tu,C01,Điểm học bạ,2021,18.0,KỸ THUẬT CƠ ĐIỆN TỬ
70361,DVL,ky-thuat-co-dien-tu,D01,Điểm học bạ,2021,18.0,KỸ THUẬT CƠ ĐIỆN TỬ
70362,DVL,ky-thuat-co-dien-tu,A00,Điểm thi THPT,2021,16.0,KỸ THUẬT CƠ ĐIỆN TỬ
70363,DVL,ky-thuat-co-dien-tu,A01,Điểm thi THPT,2021,16.0,KỸ THUẬT CƠ ĐIỆN TỬ
70364,DVL,ky-thuat-co-dien-tu,C01,Điểm thi THPT,2021,16.0,KỸ THUẬT CƠ ĐIỆN TỬ
70365,DVL,ky-thuat-co-dien-tu,D01,Điểm thi THPT,2021,16.0,KỸ THUẬT CƠ ĐIỆN TỬ
70366,DVL,ky-thuat-co-dien-tu,A00,Điểm học bạ,2022,18.0,Kỹ thuật cơ điện tử
70367,DVL,ky-thuat-co-dien-tu,A01,Điểm học bạ,2022,18.0,Kỹ thuật cơ điện tử
70368,DVL,ky-thuat-co-dien-tu,C01,Điểm học bạ,2022,18.0,Kỹ thuật cơ điện tử
70369,DVL,ky-thuat-co-dien-tu,D01,Điểm học bạ,2022,18.0,Kỹ thuật cơ điện tử
70370,DVL,ky-thuat-co-dien-tu,A00,Điểm thi THPT,2022,16.0,Kỹ thuật cơ điện tử
70371,DVL,ky-thuat-co-dien-tu,A01,Điểm thi THPT,2022,16.0,Kỹ thuật cơ điện tử
70372,DVL,ky-thuat-co-dien-tu,C01,Điểm thi THPT,2022,16.0,Kỹ thuật cơ điện tử
70373,DVL,ky-thuat-co-dien-tu,D01,Điểm thi THPT,2022,16.0,Kỹ thuật cơ điện tử
70374,DVL,ky-thuat-co-dien-tu,A00,Điểm học bạ,2023,18.0,Kỹ thuật cơ điện tử
70375,DVL,ky-thuat-co-dien-tu,A01,Điểm học bạ,2023,18.0,Kỹ thuật cơ điện tử
70376,DVL,ky-thuat-co-dien-tu,C01,Điểm học bạ,2023,18.0,Kỹ thuật cơ điện tử
70377,DVL,ky-thuat-co-dien-tu,D01,Điểm học bạ,2023,18.0,Kỹ thuật cơ điện tử
70378,DVL,ky-thuat-co-dien-tu,A00,Điểm thi THPT,2023,16.0,Kỹ thuật cơ điện tử
70379,DVL,ky-thuat-co-dien-tu,A01,Điểm thi THPT,2023,16.0,Kỹ thuật cơ điện tử
70380,DVL,ky-thuat-co-dien-tu,C01,Điểm thi THPT,2023,16.0,Kỹ thuật cơ điện tử
70381,DVL,ky-thuat-co-dien-tu,D01,Điểm thi THPT,2023,16.0,Kỹ thuật cơ điện tử
70382,DVL,ky-thuat-co-dien-tu,A00,Điểm học bạ,2024,18.0,Kỹ thuật Cơ điện tử
70383,DVL,ky-thuat-co-dien-tu,A01,Điểm học bạ,2024,18.0,Kỹ thuật Cơ điện tử
70384,DVL,ky-thuat-co-dien-tu,C01,Điểm học bạ,2024,18.0,Kỹ thuật Cơ điện tử
70385,DVL,ky-thuat-co-dien-tu,D01,Điểm học bạ,2024,18.0,Kỹ thuật Cơ điện tử
70386,DVL,ky-thuat-co-dien-tu,A00,Điểm thi THPT,2024,16.0,Kỹ thuật cơ điện tử
70387,DVL,ky-thuat-co-dien-tu,A01,Điểm thi THPT,2024,16.0,Kỹ thuật cơ điện tử
70388,DVL,ky-thuat-co-dien-tu,C01,Điểm thi THPT,2024,16.0,Kỹ thuật cơ điện tử
70389,DVL,ky-thuat-co-dien-tu,D01,Điểm thi THPT,2024,16.0,Kỹ thuật cơ điện tử
70390,DVL,ky-thuat-co-dien-tu,A00,Điểm học bạ,2025,18.0,Kỹ thuật cơ điện tử
70391,DVL,ky-thuat-co-dien-tu,A01,Điểm học bạ,2025,18.0,Kỹ thuật cơ điện tử
70392,DVL,ky-thuat-co-dien-tu,C01,Điểm học bạ,2025,18.0,Kỹ thuật cơ điện tử
70393,DVL,ky-thuat-co-dien-tu,D01,Điểm học bạ,2025,18.0,Kỹ thuật cơ điện tử
70394,DVL,ky-thuat-co-dien-tu,X26,Điểm học bạ,2025,18.0,Kỹ thuật cơ điện tử
70395,DVL,ky-thuat-co-dien-tu,A00,Điểm thi THPT,2025,15.0,Kỹ thuật cơ điện tử
70396,DVL,ky-thuat-co-dien-tu,A01,Điểm thi THPT,2025,15.0,Kỹ thuật cơ điện tử
70397,DVL,ky-thuat-co-dien-tu,C01,Điểm thi THPT,2025,15.0,Kỹ thuật cơ điện tử
70398,DVL,ky-thuat-co-dien-tu,D01,Điểm thi THPT,2025,15.0,Kỹ thuật cơ điện tử
70399,DVL,ky-thuat-co-dien-tu,X26,Điểm thi THPT,2025,15.0,Kỹ thuật cơ điện tử
70400,DVL,ky-thuat-hang-khong,A00,Điểm thi THPT,2023,16.0,Kỹ thuật hàng không
70401,DVL,ky-thuat-hang-khong,A01,Điểm thi THPT,2023,16.0,Kỹ thuật hàng không
70402,DVL,ky-thuat-hang-khong,C01,Điểm thi THPT,2023,16.0,Kỹ thuật hàng không
70403,DVL,ky-thuat-hang-khong,D01,Điểm thi THPT,2023,16.0,Kỹ thuật hàng không
70404,DVL,ky-thuat-hang-khong,A00,Điểm học bạ,2024,18.0,Kỹ thuật Hàng không
70405,DVL,ky-thuat-hang-khong,A01,Điểm học bạ,2024,18.0,Kỹ thuật Hàng không
70406,DVL,ky-thuat-hang-khong,C01,Điểm học bạ,2024,18.0,Kỹ thuật Hàng không
70407,DVL,ky-thuat-hang-khong,D01,Điểm học bạ,2024,18.0,Kỹ thuật Hàng không
70408,DVL,ky-thuat-hang-khong,A00,Điểm thi THPT,2024,16.0,Kỹ thuật hàng không
70409,DVL,ky-thuat-hang-khong,A01,Điểm thi THPT,2024,16.0,Kỹ thuật hàng không
70410,DVL,ky-thuat-hang-khong,C01,Điểm thi THPT,2024,16.0,Kỹ thuật hàng không
70411,DVL,ky-thuat-hang-khong,D01,Điểm thi THPT,2024,16.0,Kỹ thuật hàng không
70412,DVL,ky-thuat-hang-khong,A00,Điểm học bạ,2025,18.0,Kỹ thuật hàng không
70413,DVL,ky-thuat-hang-khong,A01,Điểm học bạ,2025,18.0,Kỹ thuật hàng không
70414,DVL,ky-thuat-hang-khong,C01,Điểm học bạ,2025,18.0,Kỹ thuật hàng không
70415,DVL,ky-thuat-hang-khong,D01,Điểm học bạ,2025,18.0,Kỹ thuật hàng không
70416,DVL,ky-thuat-hang-khong,X26,Điểm học bạ,2025,18.0,Kỹ thuật hàng không
70417,DVL,ky-thuat-hang-khong,A00,Điểm thi THPT,2025,15.0,Kỹ thuật hàng không
70418,DVL,ky-thuat-hang-khong,A01,Điểm thi THPT,2025,15.0,Kỹ thuật hàng không
70419,DVL,ky-thuat-hang-khong,C01,Điểm thi THPT,2025,15.0,Kỹ thuật hàng không
70420,DVL,ky-thuat-hang-khong,D01,Điểm thi THPT,2025,15.0,Kỹ thuật hàng không
70421,DVL,ky-thuat-hang-khong,X26,Điểm thi THPT,2025,15.0,Kỹ thuật hàng không
70422,DVL,ky-thuat-nhiet,A00,Điểm học bạ,2021,18.0,KỸ THUẬT NHIỆT
70423,DVL,ky-thuat-nhiet,A01,Điểm học bạ,2021,18.0,KỸ THUẬT NHIỆT
70424,DVL,ky-thuat-nhiet,D07,Điểm học bạ,2021,18.0,KỸ THUẬT NHIỆT
70425,DVL,ky-thuat-nhiet,A00,Điểm thi THPT,2021,16.0,KỸ THUẬT NHIỆT
70426,DVL,ky-thuat-nhiet,A01,Điểm thi THPT,2021,16.0,KỸ THUẬT NHIỆT
70427,DVL,ky-thuat-nhiet,D07,Điểm thi THPT,2021,16.0,KỸ THUẬT NHIỆT
70428,DVL,ky-thuat-nhiet,A00,Điểm học bạ,2022,18.0,Kỹ thuật nhiệt
70429,DVL,ky-thuat-nhiet,A01,Điểm học bạ,2022,18.0,Kỹ thuật nhiệt
70430,DVL,ky-thuat-nhiet,D07,Điểm học bạ,2022,18.0,Kỹ thuật nhiệt
70431,DVL,ky-thuat-nhiet,A00,Điểm thi THPT,2022,16.0,Kỹ thuật nhiệt
70432,DVL,ky-thuat-nhiet,A01,Điểm thi THPT,2022,16.0,Kỹ thuật nhiệt
70433,DVL,ky-thuat-nhiet,D07,Điểm thi THPT,2022,16.0,Kỹ thuật nhiệt
70434,DVL,ky-thuat-nhiet,A00,Điểm học bạ,2023,18.0,Kỹ thuật nhiệt
70435,DVL,ky-thuat-nhiet,A01,Điểm học bạ,2023,18.0,Kỹ thuật nhiệt
70436,DVL,ky-thuat-nhiet,D07,Điểm học bạ,2023,18.0,Kỹ thuật nhiệt
70437,DVL,ky-thuat-nhiet,A00,Điểm thi THPT,2023,16.0,Kỹ thuật nhiệt
70438,DVL,ky-thuat-nhiet,A01,Điểm thi THPT,2023,16.0,Kỹ thuật nhiệt
70439,DVL,ky-thuat-nhiet,D07,Điểm thi THPT,2023,16.0,Kỹ thuật nhiệt
70440,DVL,ky-thuat-nhiet,D10,Điểm thi THPT,2023,16.0,Kỹ thuật nhiệt
70441,DVL,ky-thuat-nhiet,A00,Điểm học bạ,2024,18.0,Kỹ thuật nhiệt
70442,DVL,ky-thuat-nhiet,A01,Điểm học bạ,2024,18.0,Kỹ thuật nhiệt
70443,DVL,ky-thuat-nhiet,D07,Điểm học bạ,2024,18.0,Kỹ thuật nhiệt
70444,DVL,ky-thuat-nhiet,A00,Điểm thi THPT,2024,16.0,Kỹ thuật nhiệt
70445,DVL,ky-thuat-nhiet,A01,Điểm thi THPT,2024,16.0,Kỹ thuật nhiệt
70446,DVL,ky-thuat-nhiet,D07,Điểm thi THPT,2024,16.0,Kỹ thuật nhiệt
70447,DVL,ky-thuat-nhiet,A00,Điểm học bạ,2025,18.0,Kỹ thuật nhiệt
70448,DVL,ky-thuat-nhiet,A01,Điểm học bạ,2025,18.0,Kỹ thuật nhiệt
70449,DVL,ky-thuat-nhiet,C01,Điểm học bạ,2025,18.0,Kỹ thuật nhiệt
70450,DVL,ky-thuat-nhiet,D01,Điểm học bạ,2025,18.0,Kỹ thuật nhiệt
70451,DVL,ky-thuat-nhiet,X26,Điểm học bạ,2025,18.0,Kỹ thuật nhiệt
70452,DVL,ky-thuat-nhiet,A00,Điểm thi THPT,2025,15.0,Kỹ thuật nhiệt
70453,DVL,ky-thuat-nhiet,A01,Điểm thi THPT,2025,15.0,Kỹ thuật nhiệt
70454,DVL,ky-thuat-nhiet,C01,Điểm thi THPT,2025,15.0,Kỹ thuật nhiệt
70455,DVL,ky-thuat-nhiet,D01,Điểm thi THPT,2025,15.0,Kỹ thuật nhiệt
70456,DVL,ky-thuat-nhiet,X26,Điểm thi THPT,2025,15.0,Kỹ thuật nhiệt
70457,DVL,ky-thuat-phan-mem,A00,Điểm học bạ,2021,18.0,KỸ THUẬT PHẦN MỀM
70458,DVL,ky-thuat-phan-mem,A01,Điểm học bạ,2021,18.0,KỸ THUẬT PHẦN MỀM
70459,DVL,ky-thuat-phan-mem,D01,Điểm học bạ,2021,18.0,KỸ THUẬT PHẦN MỀM
70460,DVL,ky-thuat-phan-mem,D10,Điểm học bạ,2021,18.0,KỸ THUẬT PHẦN MỀM
70461,DVL,ky-thuat-phan-mem,A00,Điểm thi THPT,2021,17.0,KỸ THUẬT PHẦN MỀM
70462,DVL,ky-thuat-phan-mem,A01,Điểm thi THPT,2021,17.0,KỸ THUẬT PHẦN MỀM
70463,DVL,ky-thuat-phan-mem,D01,Điểm thi THPT,2021,17.0,KỸ THUẬT PHẦN MỀM
70464,DVL,ky-thuat-phan-mem,D10,Điểm thi THPT,2021,17.0,KỸ THUẬT PHẦN MỀM
70465,DVL,ky-thuat-phan-mem,A00,Điểm học bạ,2022,18.0,Kỹ thuật phần mềm
70466,DVL,ky-thuat-phan-mem,A01,Điểm học bạ,2022,18.0,Kỹ thuật phần mềm
70467,DVL,ky-thuat-phan-mem,D01,Điểm học bạ,2022,18.0,Kỹ thuật phần mềm
70468,DVL,ky-thuat-phan-mem,D10,Điểm học bạ,2022,18.0,Kỹ thuật phần mềm
70469,DVL,ky-thuat-phan-mem,A00,Điểm thi THPT,2022,16.0,Kỹ thuật phần mềm
70470,DVL,ky-thuat-phan-mem,A01,Điểm thi THPT,2022,16.0,Kỹ thuật phần mềm
70471,DVL,ky-thuat-phan-mem,D01,Điểm thi THPT,2022,16.0,Kỹ thuật phần mềm
70472,DVL,ky-thuat-phan-mem,D10,Điểm thi THPT,2022,16.0,Kỹ thuật phần mềm
70473,DVL,ky-thuat-phan-mem,A00,Điểm học bạ,2023,18.0,Kỹ thuật phần mềm
70474,DVL,ky-thuat-phan-mem,A01,Điểm học bạ,2023,18.0,Kỹ thuật phần mềm
70475,DVL,ky-thuat-phan-mem,D01,Điểm học bạ,2023,18.0,Kỹ thuật phần mềm
70476,DVL,ky-thuat-phan-mem,D10,Điểm học bạ,2023,18.0,Kỹ thuật phần mềm
70477,DVL,ky-thuat-phan-mem,A00,Điểm thi THPT,2023,16.0,Kỹ thuật phần mềm
70478,DVL,ky-thuat-phan-mem,A01,Điểm thi THPT,2023,16.0,Kỹ thuật phần mềm
70479,DVL,ky-thuat-phan-mem,D01,Điểm thi THPT,2023,16.0,Kỹ thuật phần mềm
70480,DVL,ky-thuat-phan-mem,D10,Điểm thi THPT,2023,16.0,Kỹ thuật phần mềm
70481,DVL,ky-thuat-phan-mem,A00,Điểm học bạ,2024,18.0,Kỹ thuật Phần mềm
70482,DVL,ky-thuat-phan-mem,A01,Điểm học bạ,2024,18.0,Kỹ thuật Phần mềm
70483,DVL,ky-thuat-phan-mem,D01,Điểm học bạ,2024,18.0,Kỹ thuật Phần mềm
70484,DVL,ky-thuat-phan-mem,D10,Điểm học bạ,2024,18.0,Kỹ thuật Phần mềm
70485,DVL,ky-thuat-phan-mem,A00,Điểm thi THPT,2024,16.0,Kỹ thuật phần mềm
70486,DVL,ky-thuat-phan-mem,A01,Điểm thi THPT,2024,16.0,Kỹ thuật phần mềm
70487,DVL,ky-thuat-phan-mem,D01,Điểm thi THPT,2024,16.0,Kỹ thuật phần mềm
70488,DVL,ky-thuat-phan-mem,D10,Điểm thi THPT,2024,16.0,Kỹ thuật phần mềm
70489,DVL,ky-thuat-phan-mem,A00,Điểm học bạ,2025,18.0,Kỹ thuật phần mềm
70490,DVL,ky-thuat-phan-mem,A01,Điểm học bạ,2025,18.0,Kỹ thuật phần mềm
70491,DVL,ky-thuat-phan-mem,C01,Điểm học bạ,2025,18.0,Kỹ thuật phần mềm
70492,DVL,ky-thuat-phan-mem,D01,Điểm học bạ,2025,18.0,Kỹ thuật phần mềm
70493,DVL,ky-thuat-phan-mem,X02,Điểm học bạ,2025,18.0,Kỹ thuật phần mềm
70494,DVL,ky-thuat-phan-mem,X06,Điểm học bạ,2025,18.0,Kỹ thuật phần mềm
70495,DVL,ky-thuat-phan-mem,X26,Điểm học bạ,2025,18.0,Kỹ thuật phần mềm
70496,DVL,ky-thuat-phan-mem,A00,Điểm thi THPT,2025,15.0,Kỹ thuật phần mềm
70497,DVL,ky-thuat-phan-mem,A01,Điểm thi THPT,2025,15.0,Kỹ thuật phần mềm
70498,DVL,ky-thuat-phan-mem,C01,Điểm thi THPT,2025,15.0,Kỹ thuật phần mềm
70499,DVL,ky-thuat-phan-mem,D01,Điểm thi THPT,2025,15.0,Kỹ thuật phần mềm
70500,DVL,ky-thuat-phan-mem,X02,Điểm thi THPT,2025,15.0,Kỹ thuật phần mềm
70501,DVL,ky-thuat-phan-mem,X06,Điểm thi THPT,2025,15.0,Kỹ thuật phần mềm
70502,DVL,ky-thuat-phan-mem,X26,Điểm thi THPT,2025,15.0,Kỹ thuật phần mềm
70503,DVL,ky-thuat-xay-dung,A00,Điểm học bạ,2021,18.0,KỸ THUẬT XÂY DỰNG
70504,DVL,ky-thuat-xay-dung,A01,Điểm học bạ,2021,18.0,KỸ THUẬT XÂY DỰNG
70505,DVL,ky-thuat-xay-dung,D01,Điểm học bạ,2021,18.0,KỸ THUẬT XÂY DỰNG
70506,DVL,ky-thuat-xay-dung,D07,Điểm học bạ,2021,18.0,KỸ THUẬT XÂY DỰNG
70507,DVL,ky-thuat-xay-dung,A00,Điểm thi THPT,2021,16.0,KỸ THUẬT XÂY DỰNG
70508,DVL,ky-thuat-xay-dung,A01,Điểm thi THPT,2021,16.0,KỸ THUẬT XÂY DỰNG
70509,DVL,ky-thuat-xay-dung,D01,Điểm thi THPT,2021,16.0,KỸ THUẬT XÂY DỰNG
70510,DVL,ky-thuat-xay-dung,D07,Điểm thi THPT,2021,16.0,KỸ THUẬT XÂY DỰNG
70511,DVL,ky-thuat-xay-dung,A00,Điểm học bạ,2022,18.0,Kỹ thuật xây dựng
70512,DVL,ky-thuat-xay-dung,A01,Điểm học bạ,2022,18.0,Kỹ thuật xây dựng
70513,DVL,ky-thuat-xay-dung,A00,Điểm thi THPT,2022,16.0,Kỹ thuật xây dựng
70514,DVL,ky-thuat-xay-dung,A01,Điểm thi THPT,2022,16.0,Kỹ thuật xây dựng
70515,DVL,ky-thuat-xay-dung,D01,Điểm thi THPT,2022,16.0,Kỹ thuật xây dựng
70516,DVL,ky-thuat-xay-dung,D07,Điểm thi THPT,2022,16.0,Kỹ thuật xây dựng
70517,DVL,ky-thuat-xay-dung,A00,Điểm học bạ,2023,18.0,Kỹ thuật xây dựng
70518,DVL,ky-thuat-xay-dung,A01,Điểm học bạ,2023,18.0,Kỹ thuật xây dựng
70519,DVL,ky-thuat-xay-dung,A00,Điểm thi THPT,2023,16.0,Kỹ thuật xây dựng
70520,DVL,ky-thuat-xay-dung,A01,Điểm thi THPT,2023,16.0,Kỹ thuật xây dựng
70521,DVL,ky-thuat-xay-dung,D01,Điểm thi THPT,2023,16.0,Kỹ thuật xây dựng
70522,DVL,ky-thuat-xay-dung,D07,Điểm thi THPT,2023,16.0,Kỹ thuật xây dựng
70523,DVL,ky-thuat-xay-dung,A00,Điểm học bạ,2024,18.0,Kỹ thuật Xây dựng
70524,DVL,ky-thuat-xay-dung,A01,Điểm học bạ,2024,18.0,Kỹ thuật Xây dựng
70525,DVL,ky-thuat-xay-dung,D01,Điểm học bạ,2024,18.0,Kỹ thuật Xây dựng
70526,DVL,ky-thuat-xay-dung,D07,Điểm học bạ,2024,18.0,Kỹ thuật Xây dựng
70527,DVL,ky-thuat-xay-dung,A00,Điểm thi THPT,2024,16.0,Kỹ thuật xây dựng
70528,DVL,ky-thuat-xay-dung,A01,Điểm thi THPT,2024,16.0,Kỹ thuật xây dựng
70529,DVL,ky-thuat-xay-dung,D01,Điểm thi THPT,2024,16.0,Kỹ thuật xây dựng
70530,DVL,ky-thuat-xay-dung,D07,Điểm thi THPT,2024,16.0,Kỹ thuật xây dựng
70531,DVL,ky-thuat-xay-dung,A00,Điểm học bạ,2025,18.0,Kỹ thuật xây dựng
70532,DVL,ky-thuat-xay-dung,A01,Điểm học bạ,2025,18.0,Kỹ thuật xây dựng
70533,DVL,ky-thuat-xay-dung,D01,Điểm học bạ,2025,18.0,Kỹ thuật xây dựng
70534,DVL,ky-thuat-xay-dung,X06,Điểm học bạ,2025,18.0,Kỹ thuật xây dựng
70535,DVL,ky-thuat-xay-dung,X26,Điểm học bạ,2025,18.0,Kỹ thuật xây dựng
70536,DVL,ky-thuat-xay-dung,A00,Điểm thi THPT,2025,15.0,Kỹ thuật xây dựng
70537,DVL,ky-thuat-xay-dung,A01,Điểm thi THPT,2025,15.0,Kỹ thuật xây dựng
70538,DVL,ky-thuat-xay-dung,D01,Điểm thi THPT,2025,15.0,Kỹ thuật xây dựng
70539,DVL,ky-thuat-xay-dung,X06,Điểm thi THPT,2025,15.0,Kỹ thuật xây dựng
70540,DVL,ky-thuat-xay-dung,X26,Điểm thi THPT,2025,15.0,Kỹ thuật xây dựng
70541,DVL,ky-thuat-xay-dung-cong-trinh-giao-thong,A00,Điểm thi THPT,2022,16.0,Kỹ thuật xây dựng công trình giao thông
70542,DVL,ky-thuat-xay-dung-cong-trinh-giao-thong,A01,Điểm thi THPT,2022,16.0,Kỹ thuật xây dựng công trình giao thông
70543,DVL,ky-thuat-xay-dung-cong-trinh-giao-thong,D01,Điểm thi THPT,2022,16.0,Kỹ thuật xây dựng công trình giao thông
70544,DVL,ky-thuat-xay-dung-cong-trinh-giao-thong,D07,Điểm thi THPT,2022,16.0,Kỹ thuật xây dựng công trình giao thông
70545,DVL,ky-thuat-xd-cong-trinh-giao-thong,A00,Điểm học bạ,2021,18.0,KỸ THUẬT XD CÔNG TRÌNH GIAO THÔNG
70546,DVL,ky-thuat-xd-cong-trinh-giao-thong,A01,Điểm học bạ,2021,18.0,KỸ THUẬT XD CÔNG TRÌNH GIAO THÔNG
70547,DVL,ky-thuat-xd-cong-trinh-giao-thong,D01,Điểm học bạ,2021,18.0,KỸ THUẬT XD CÔNG TRÌNH GIAO THÔNG
70548,DVL,ky-thuat-xd-cong-trinh-giao-thong,D07,Điểm học bạ,2021,18.0,KỸ THUẬT XD CÔNG TRÌNH GIAO THÔNG
70549,DVL,ky-thuat-xd-cong-trinh-giao-thong,A00,Điểm thi THPT,2021,16.0,KỸ THUẬT XD CÔNG TRÌNH GIAO THÔNG
70550,DVL,ky-thuat-xd-cong-trinh-giao-thong,A01,Điểm thi THPT,2021,16.0,KỸ THUẬT XD CÔNG TRÌNH GIAO THÔNG
70551,DVL,ky-thuat-xd-cong-trinh-giao-thong,D01,Điểm thi THPT,2021,16.0,KỸ THUẬT XD CÔNG TRÌNH GIAO THÔNG
70552,DVL,ky-thuat-xd-cong-trinh-giao-thong,D07,Điểm thi THPT,2021,16.0,KỸ THUẬT XD CÔNG TRÌNH GIAO THÔNG
70553,DVL,ky-thuat-xd-cong-trinh-giao-thong,A00,Điểm học bạ,2022,18.0,Kỹ thuật XD công trình giao thông
70554,DVL,ky-thuat-xd-cong-trinh-giao-thong,A01,Điểm học bạ,2022,18.0,Kỹ thuật XD công trình giao thông
70555,DVL,ky-thuat-xd-cong-trinh-giao-thong,D07,Điểm học bạ,2022,18.0,Kỹ thuật XD công trình giao thông
70556,DVL,ky-thuat-xd-cong-trinh-giao-thong,A00,Điểm học bạ,2023,18.0,Kỹ thuật XD công trình giao thông
70557,DVL,ky-thuat-xd-cong-trinh-giao-thong,A01,Điểm học bạ,2023,18.0,Kỹ thuật XD công trình giao thông
70558,DVL,ky-thuat-xd-cong-trinh-giao-thong,D07,Điểm học bạ,2023,18.0,Kỹ thuật XD công trình giao thông
70559,DVL,ky-thuat-xd-cong-trinh-giao-thong,A00,Điểm thi THPT,2023,16.0,Kỹ thuật XD công trình giao thông
70560,DVL,ky-thuat-xd-cong-trinh-giao-thong,A01,Điểm thi THPT,2023,16.0,Kỹ thuật XD công trình giao thông
70561,DVL,ky-thuat-xd-cong-trinh-giao-thong,D01,Điểm thi THPT,2023,16.0,Kỹ thuật XD công trình giao thông
70562,DVL,ky-thuat-xd-cong-trinh-giao-thong,D07,Điểm thi THPT,2023,16.0,Kỹ thuật XD công trình giao thông
70563,DVL,ky-thuat-xet-nghiem-y-hoc,A00,Điểm học bạ,2021,19.5,KỸ THUẬT XÉT NGHIỆM Y HỌC
70564,DVL,ky-thuat-xet-nghiem-y-hoc,B00,Điểm học bạ,2021,19.5,KỸ THUẬT XÉT NGHIỆM Y HỌC
70565,DVL,ky-thuat-xet-nghiem-y-hoc,D05,Điểm học bạ,2021,19.5,KỸ THUẬT XÉT NGHIỆM Y HỌC
70566,DVL,ky-thuat-xet-nghiem-y-hoc,D07,Điểm học bạ,2021,19.5,KỸ THUẬT XÉT NGHIỆM Y HỌC
70567,DVL,ky-thuat-xet-nghiem-y-hoc,A00,Điểm thi THPT,2021,19.0,KỸ THUẬT XÉT NGHIỆM Y HỌC
70568,DVL,ky-thuat-xet-nghiem-y-hoc,B00,Điểm thi THPT,2021,19.0,KỸ THUẬT XÉT NGHIỆM Y HỌC
70569,DVL,ky-thuat-xet-nghiem-y-hoc,D05,Điểm thi THPT,2021,19.0,KỸ THUẬT XÉT NGHIỆM Y HỌC
70570,DVL,ky-thuat-xet-nghiem-y-hoc,D07,Điểm thi THPT,2021,19.0,KỸ THUẬT XÉT NGHIỆM Y HỌC
70571,DVL,ky-thuat-xet-nghiem-y-hoc,A00,Điểm học bạ,2022,19.5,Kỹ thuật xét nghiệm y học
70572,DVL,ky-thuat-xet-nghiem-y-hoc,B00,Điểm học bạ,2022,19.5,Kỹ thuật xét nghiệm y học
70573,DVL,ky-thuat-xet-nghiem-y-hoc,D07,Điểm học bạ,2022,19.5,Kỹ thuật xét nghiệm y học
70574,DVL,ky-thuat-xet-nghiem-y-hoc,D08,Điểm học bạ,2022,19.5,Kỹ thuật xét nghiệm y học
70575,DVL,ky-thuat-xet-nghiem-y-hoc,A00,Điểm thi THPT,2022,19.0,Kỹ thuật xét nghiệm y học
70576,DVL,ky-thuat-xet-nghiem-y-hoc,B00,Điểm thi THPT,2022,19.0,Kỹ thuật xét nghiệm y học
70577,DVL,ky-thuat-xet-nghiem-y-hoc,D07,Điểm thi THPT,2022,19.0,Kỹ thuật xét nghiệm y học
70578,DVL,ky-thuat-xet-nghiem-y-hoc,D08,Điểm thi THPT,2022,19.0,Kỹ thuật xét nghiệm y học
70579,DVL,ky-thuat-xet-nghiem-y-hoc,A00,Điểm học bạ,2023,19.5,Kỹ thuật xét nghiệm y học
70580,DVL,ky-thuat-xet-nghiem-y-hoc,B00,Điểm học bạ,2023,19.5,Kỹ thuật xét nghiệm y học
70581,DVL,ky-thuat-xet-nghiem-y-hoc,D07,Điểm học bạ,2023,19.5,Kỹ thuật xét nghiệm y học
70582,DVL,ky-thuat-xet-nghiem-y-hoc,D08,Điểm học bạ,2023,19.5,Kỹ thuật xét nghiệm y học
70583,DVL,ky-thuat-xet-nghiem-y-hoc,A00,Điểm thi THPT,2023,19.0,Kỹ thuật xét nghiệm Y học
70584,DVL,ky-thuat-xet-nghiem-y-hoc,B00,Điểm thi THPT,2023,19.0,Kỹ thuật xét nghiệm Y học
70585,DVL,ky-thuat-xet-nghiem-y-hoc,D07,Điểm thi THPT,2023,19.0,Kỹ thuật xét nghiệm Y học
70586,DVL,ky-thuat-xet-nghiem-y-hoc,D08,Điểm thi THPT,2023,19.0,Kỹ thuật xét nghiệm Y học
70587,DVL,ky-thuat-xet-nghiem-y-hoc,A00,Điểm học bạ,2024,19.5,Kỹ thuật Xét nghiệm Y học
70588,DVL,ky-thuat-xet-nghiem-y-hoc,B00,Điểm học bạ,2024,19.5,Kỹ thuật Xét nghiệm Y học
70589,DVL,ky-thuat-xet-nghiem-y-hoc,D07,Điểm học bạ,2024,19.5,Kỹ thuật Xét nghiệm Y học
70590,DVL,ky-thuat-xet-nghiem-y-hoc,D08,Điểm học bạ,2024,19.5,Kỹ thuật Xét nghiệm Y học
70591,DVL,ky-thuat-xet-nghiem-y-hoc,A00,Điểm thi THPT,2024,19.0,Kỹ thuật xét nghiệm y học
70592,DVL,ky-thuat-xet-nghiem-y-hoc,B00,Điểm thi THPT,2024,19.0,Kỹ thuật xét nghiệm y học
70593,DVL,ky-thuat-xet-nghiem-y-hoc,D07,Điểm thi THPT,2024,19.0,Kỹ thuật xét nghiệm y học
70594,DVL,ky-thuat-xet-nghiem-y-hoc,D08,Điểm thi THPT,2024,19.0,Kỹ thuật xét nghiệm y học
70595,DVL,ky-thuat-xet-nghiem-y-hoc,A00,Điểm học bạ,2025,18.0,Kỹ thuật xét nghiệm y học
70596,DVL,ky-thuat-xet-nghiem-y-hoc,B00,Điểm học bạ,2025,18.0,Kỹ thuật xét nghiệm y học
70597,DVL,ky-thuat-xet-nghiem-y-hoc,D07,Điểm học bạ,2025,18.0,Kỹ thuật xét nghiệm y học
70598,DVL,ky-thuat-xet-nghiem-y-hoc,X09,Điểm học bạ,2025,18.0,Kỹ thuật xét nghiệm y học
70599,DVL,ky-thuat-xet-nghiem-y-hoc,X10,Điểm học bạ,2025,18.0,Kỹ thuật xét nghiệm y học
70600,DVL,ky-thuat-xet-nghiem-y-hoc,A00,Điểm thi THPT,2025,15.0,Kỹ thuật xét nghiệm y học
70601,DVL,ky-thuat-xet-nghiem-y-hoc,B00,Điểm thi THPT,2025,15.0,Kỹ thuật xét nghiệm y học
70602,DVL,ky-thuat-xet-nghiem-y-hoc,D07,Điểm thi THPT,2025,15.0,Kỹ thuật xét nghiệm y học
70603,DVL,ky-thuat-xet-nghiem-y-hoc,X09,Điểm thi THPT,2025,15.0,Kỹ thuật xét nghiệm y học
70604,DVL,ky-thuat-xet-nghiem-y-hoc,X10,Điểm thi THPT,2025,15.0,Kỹ thuật xét nghiệm y học
70605,DVL,logistics-va-quan-ly-chuoi-cung-ung,A00,Điểm học bạ,2021,18.0,LOGISTICS VÀ QUẢN LÝ CHUỖI CUNG ỨNG
70606,DVL,logistics-va-quan-ly-chuoi-cung-ung,A01,Điểm học bạ,2021,18.0,LOGISTICS VÀ QUẢN LÝ CHUỖI CUNG ỨNG
70607,DVL,logistics-va-quan-ly-chuoi-cung-ung,C01,Điểm học bạ,2021,18.0,LOGISTICS VÀ QUẢN LÝ CHUỖI CUNG ỨNG
70608,DVL,logistics-va-quan-ly-chuoi-cung-ung,D01,Điểm học bạ,2021,18.0,LOGISTICS VÀ QUẢN LÝ CHUỖI CUNG ỨNG
70609,DVL,logistics-va-quan-ly-chuoi-cung-ung,A00,Điểm thi THPT,2021,20.0,LOGISTICS VÀ QUẢN LÝ CHUỖI CUNG ỨNG
70610,DVL,logistics-va-quan-ly-chuoi-cung-ung,A01,Điểm thi THPT,2021,20.0,LOGISTICS VÀ QUẢN LÝ CHUỖI CUNG ỨNG
70611,DVL,logistics-va-quan-ly-chuoi-cung-ung,C01,Điểm thi THPT,2021,20.0,LOGISTICS VÀ QUẢN LÝ CHUỖI CUNG ỨNG
70612,DVL,logistics-va-quan-ly-chuoi-cung-ung,D01,Điểm thi THPT,2021,20.0,LOGISTICS VÀ QUẢN LÝ CHUỖI CUNG ỨNG
70613,DVL,logistics-va-quan-ly-chuoi-cung-ung,A00,Điểm học bạ,2022,18.0,Logistics và quản lý chuỗi cung ứng
70614,DVL,logistics-va-quan-ly-chuoi-cung-ung,A01,Điểm học bạ,2022,18.0,Logistics và quản lý chuỗi cung ứng
70615,DVL,logistics-va-quan-ly-chuoi-cung-ung,C01,Điểm học bạ,2022,18.0,Logistics và quản lý chuỗi cung ứng
70616,DVL,logistics-va-quan-ly-chuoi-cung-ung,D01,Điểm học bạ,2022,18.0,Logistics và quản lý chuỗi cung ứng
70617,DVL,logistics-va-quan-ly-chuoi-cung-ung,A00,Điểm thi THPT,2022,16.0,Logistics và quản lý chuỗi cung ứng
70618,DVL,logistics-va-quan-ly-chuoi-cung-ung,A01,Điểm thi THPT,2022,16.0,Logistics và quản lý chuỗi cung ứng
70619,DVL,logistics-va-quan-ly-chuoi-cung-ung,C01,Điểm thi THPT,2022,16.0,Logistics và quản lý chuỗi cung ứng
70620,DVL,logistics-va-quan-ly-chuoi-cung-ung,D01,Điểm thi THPT,2022,16.0,Logistics và quản lý chuỗi cung ứng
70621,DVL,logistics-va-quan-ly-chuoi-cung-ung,A00,Điểm học bạ,2023,18.0,Logistics và quản lý chuỗi cung ứng
70622,DVL,logistics-va-quan-ly-chuoi-cung-ung,A01,Điểm học bạ,2023,18.0,Logistics và quản lý chuỗi cung ứng
70623,DVL,logistics-va-quan-ly-chuoi-cung-ung,C01,Điểm học bạ,2023,18.0,Logistics và quản lý chuỗi cung ứng
70624,DVL,logistics-va-quan-ly-chuoi-cung-ung,D01,Điểm học bạ,2023,18.0,Logistics và quản lý chuỗi cung ứng
70625,DVL,logistics-va-quan-ly-chuoi-cung-ung,A00,Điểm thi THPT,2023,16.0,Logistics và quản lý chuỗi cung ứng
70626,DVL,logistics-va-quan-ly-chuoi-cung-ung,A01,Điểm thi THPT,2023,16.0,Logistics và quản lý chuỗi cung ứng
70627,DVL,logistics-va-quan-ly-chuoi-cung-ung,C01,Điểm thi THPT,2023,16.0,Logistics và quản lý chuỗi cung ứng
70628,DVL,logistics-va-quan-ly-chuoi-cung-ung,D01,Điểm thi THPT,2023,16.0,Logistics và quản lý chuỗi cung ứng
70629,DVL,logistics-va-quan-ly-chuoi-cung-ung,A00,Điểm học bạ,2024,18.0,Logistics và Quản lý Chuỗi cung ứng
70630,DVL,logistics-va-quan-ly-chuoi-cung-ung,A01,Điểm học bạ,2024,18.0,Logistics và Quản lý Chuỗi cung ứng
70631,DVL,logistics-va-quan-ly-chuoi-cung-ung,C01,Điểm học bạ,2024,18.0,Logistics và Quản lý Chuỗi cung ứng
70632,DVL,logistics-va-quan-ly-chuoi-cung-ung,D01,Điểm học bạ,2024,18.0,Logistics và Quản lý Chuỗi cung ứng
70633,DVL,logistics-va-quan-ly-chuoi-cung-ung,A00,Điểm thi THPT,2024,16.0,Logistics và quản lý chuỗi cung ứng
70634,DVL,logistics-va-quan-ly-chuoi-cung-ung,A01,Điểm thi THPT,2024,16.0,Logistics và quản lý chuỗi cung ứng
70635,DVL,logistics-va-quan-ly-chuoi-cung-ung,C01,Điểm thi THPT,2024,16.0,Logistics và quản lý chuỗi cung ứng
70636,DVL,logistics-va-quan-ly-chuoi-cung-ung,D01,Điểm thi THPT,2024,16.0,Logistics và quản lý chuỗi cung ứng
70637,DVL,logistics-va-quan-ly-chuoi-cung-ung,A00,Điểm học bạ,2025,18.0,Logistics và quản lý chuỗi cung ứng
70638,DVL,logistics-va-quan-ly-chuoi-cung-ung,A01,Điểm học bạ,2025,18.0,Logistics và quản lý chuỗi cung ứng
70639,DVL,logistics-va-quan-ly-chuoi-cung-ung,C01,Điểm học bạ,2025,18.0,Logistics và quản lý chuỗi cung ứng
70640,DVL,logistics-va-quan-ly-chuoi-cung-ung,D01,Điểm học bạ,2025,18.0,Logistics và quản lý chuỗi cung ứng
70641,DVL,logistics-va-quan-ly-chuoi-cung-ung,X02,Điểm học bạ,2025,18.0,Logistics và quản lý chuỗi cung ứng
70642,DVL,logistics-va-quan-ly-chuoi-cung-ung,X06,Điểm học bạ,2025,18.0,Logistics và quản lý chuỗi cung ứng
70643,DVL,logistics-va-quan-ly-chuoi-cung-ung,X26,Điểm học bạ,2025,18.0,Logistics và quản lý chuỗi cung ứng
70644,DVL,logistics-va-quan-ly-chuoi-cung-ung,A00,Điểm thi THPT,2025,15.0,Logistics và quản lý chuỗi cung ứng
70645,DVL,logistics-va-quan-ly-chuoi-cung-ung,A01,Điểm thi THPT,2025,15.0,Logistics và quản lý chuỗi cung ứng
70646,DVL,logistics-va-quan-ly-chuoi-cung-ung,C01,Điểm thi THPT,2025,15.0,Logistics và quản lý chuỗi cung ứng
70647,DVL,logistics-va-quan-ly-chuoi-cung-ung,D01,Điểm thi THPT,2025,15.0,Logistics và quản lý chuỗi cung ứng
70648,DVL,logistics-va-quan-ly-chuoi-cung-ung,X02,Điểm thi THPT,2025,15.0,Logistics và quản lý chuỗi cung ứng
70649,DVL,logistics-va-quan-ly-chuoi-cung-ung,X06,Điểm thi THPT,2025,15.0,Logistics và quản lý chuỗi cung ứng
70650,DVL,logistics-va-quan-ly-chuoi-cung-ung,X26,Điểm thi THPT,2025,15.0,Logistics và quản lý chuỗi cung ứng
70651,DVL,luat,A00,Điểm học bạ,2021,18.0,LUẬT
70652,DVL,luat,A01,Điểm học bạ,2021,18.0,LUẬT
70653,DVL,luat,C00,Điểm học bạ,2021,18.0,LUẬT
70654,DVL,luat,D01,Điểm học bạ,2021,18.0,LUẬT
70655,DVL,luat,A00,Điểm thi THPT,2021,17.0,LUẬT
70656,DVL,luat,A01,Điểm thi THPT,2021,17.0,LUẬT
70657,DVL,luat,C00,Điểm thi THPT,2021,17.0,LUẬT
70658,DVL,luat,D01,Điểm thi THPT,2021,17.0,LUẬT
70659,DVL,luat,A00,Điểm học bạ,2022,18.0,Luật
70660,DVL,luat,A01,Điểm học bạ,2022,18.0,Luật
70661,DVL,luat,C00,Điểm học bạ,2022,18.0,Luật
70662,DVL,luat,D01,Điểm học bạ,2022,18.0,Luật
70663,DVL,luat,A00,Điểm thi THPT,2022,16.0,Luật
70664,DVL,luat,A01,Điểm thi THPT,2022,16.0,Luật
70665,DVL,luat,C00,Điểm thi THPT,2022,16.0,Luật
70666,DVL,luat,D01,Điểm thi THPT,2022,16.0,Luật
70667,DVL,luat,A00,Điểm học bạ,2023,18.0,Luật
70668,DVL,luat,A01,Điểm học bạ,2023,18.0,Luật
70669,DVL,luat,C00,Điểm học bạ,2023,18.0,Luật
70670,DVL,luat,D01,Điểm học bạ,2023,18.0,Luật
70671,DVL,luat,A00,Điểm thi THPT,2023,16.0,Luật
70672,DVL,luat,A01,Điểm thi THPT,2023,16.0,Luật
70673,DVL,luat,C00,Điểm thi THPT,2023,16.0,Luật
70674,DVL,luat,D01,Điểm thi THPT,2023,16.0,Luật
70675,DVL,luat,A00,Điểm học bạ,2024,18.0,Luật
70676,DVL,luat,A01,Điểm học bạ,2024,18.0,Luật
70677,DVL,luat,C00,Điểm học bạ,2024,18.0,Luật
70678,DVL,luat,D01,Điểm học bạ,2024,18.0,Luật
70679,DVL,luat,A00,Điểm thi THPT,2024,16.0,Luật
70680,DVL,luat,A01,Điểm thi THPT,2024,16.0,Luật
70681,DVL,luat,C00,Điểm thi THPT,2024,16.0,Luật
70682,DVL,luat,D01,Điểm thi THPT,2024,16.0,Luật
70683,DVL,luat,C00,Điểm học bạ,2025,18.0,Luật
70684,DVL,luat,D01,Điểm học bạ,2025,18.0,Luật
70685,DVL,luat,D09,Điểm học bạ,2025,18.0,Luật
70686,DVL,luat,D10,Điểm học bạ,2025,18.0,Luật
70687,DVL,luat,D14,Điểm học bạ,2025,18.0,Luật
70688,DVL,luat,D15,Điểm học bạ,2025,18.0,Luật
70689,DVL,luat,X25,Điểm học bạ,2025,18.0,Luật
70690,DVL,luat,C00,Điểm thi THPT,2025,15.0,Luật
70691,DVL,luat,D01,Điểm thi THPT,2025,15.0,Luật
70692,DVL,luat,D09,Điểm thi THPT,2025,15.0,Luật
70693,DVL,luat,D10,Điểm thi THPT,2025,15.0,Luật
70694,DVL,luat,D14,Điểm thi THPT,2025,15.0,Luật
70695,DVL,luat,D15,Điểm thi THPT,2025,15.0,Luật
70696,DVL,luat,X25,Điểm thi THPT,2025,15.0,Luật
70697,DVL,luat-kinh-te,A00,Điểm học bạ,2021,18.0,LUẬT KINH TẾ
70698,DVL,luat-kinh-te,A01,Điểm học bạ,2021,18.0,LUẬT KINH TẾ
70699,DVL,luat-kinh-te,C00,Điểm học bạ,2021,18.0,LUẬT KINH TẾ
70700,DVL,luat-kinh-te,D01,Điểm học bạ,2021,18.0,LUẬT KINH TẾ
70701,DVL,luat-kinh-te,A00,Điểm thi THPT,2021,17.0,LUẬT KINH TẾ
70702,DVL,luat-kinh-te,A01,Điểm thi THPT,2021,17.0,LUẬT KINH TẾ
70703,DVL,luat-kinh-te,C00,Điểm thi THPT,2021,17.0,LUẬT KINH TẾ
70704,DVL,luat-kinh-te,D01,Điểm thi THPT,2021,17.0,LUẬT KINH TẾ
70705,DVL,luat-kinh-te,A00,Điểm học bạ,2022,18.0,Luật kinh tế
70706,DVL,luat-kinh-te,A01,Điểm học bạ,2022,18.0,Luật kinh tế
70707,DVL,luat-kinh-te,C00,Điểm học bạ,2022,18.0,Luật kinh tế
70708,DVL,luat-kinh-te,D01,Điểm học bạ,2022,18.0,Luật kinh tế
70709,DVL,luat-kinh-te,A00,Điểm thi THPT,2022,16.0,Luật kinh tế
70710,DVL,luat-kinh-te,A01,Điểm thi THPT,2022,16.0,Luật kinh tế
70711,DVL,luat-kinh-te,C00,Điểm thi THPT,2022,16.0,Luật kinh tế
70712,DVL,luat-kinh-te,D01,Điểm thi THPT,2022,16.0,Luật kinh tế
70713,DVL,luat-kinh-te,A00,Điểm học bạ,2023,18.0,Luật kinh tế
70714,DVL,luat-kinh-te,A01,Điểm học bạ,2023,18.0,Luật kinh tế
70715,DVL,luat-kinh-te,C00,Điểm học bạ,2023,18.0,Luật kinh tế
70716,DVL,luat-kinh-te,D01,Điểm học bạ,2023,18.0,Luật kinh tế
70717,DVL,luat-kinh-te,A00,Điểm thi THPT,2023,16.0,Luật kinh tế
70718,DVL,luat-kinh-te,A01,Điểm thi THPT,2023,16.0,Luật kinh tế
70719,DVL,luat-kinh-te,C00,Điểm thi THPT,2023,16.0,Luật kinh tế
70720,DVL,luat-kinh-te,D01,Điểm thi THPT,2023,16.0,Luật kinh tế
70721,DVL,luat-kinh-te,A00,Điểm học bạ,2024,18.0,Luật Kinh tế
70722,DVL,luat-kinh-te,A01,Điểm học bạ,2024,18.0,Luật Kinh tế
70723,DVL,luat-kinh-te,C00,Điểm học bạ,2024,18.0,Luật Kinh tế
70724,DVL,luat-kinh-te,D01,Điểm học bạ,2024,18.0,Luật Kinh tế
70725,DVL,luat-kinh-te,A00,Điểm thi THPT,2024,16.0,Luật kinh tế
70726,DVL,luat-kinh-te,A01,Điểm thi THPT,2024,16.0,Luật kinh tế
70727,DVL,luat-kinh-te,C00,Điểm thi THPT,2024,16.0,Luật kinh tế
70728,DVL,luat-kinh-te,D01,Điểm thi THPT,2024,16.0,Luật kinh tế
70729,DVL,luat-kinh-te,C00,Điểm học bạ,2025,18.0,Luật kinh tế
70730,DVL,luat-kinh-te,D01,Điểm học bạ,2025,18.0,Luật kinh tế
70731,DVL,luat-kinh-te,D09,Điểm học bạ,2025,18.0,Luật kinh tế
70732,DVL,luat-kinh-te,D10,Điểm học bạ,2025,18.0,Luật kinh tế
70733,DVL,luat-kinh-te,D14,Điểm học bạ,2025,18.0,Luật kinh tế
70734,DVL,luat-kinh-te,D15,Điểm học bạ,2025,18.0,Luật kinh tế
70735,DVL,luat-kinh-te,X25,Điểm học bạ,2025,18.0,Luật kinh tế
70736,DVL,luat-kinh-te,C00,Điểm thi THPT,2025,15.0,Luật kinh tế
70737,DVL,luat-kinh-te,D01,Điểm thi THPT,2025,15.0,Luật kinh tế
70738,DVL,luat-kinh-te,D09,Điểm thi THPT,2025,15.0,Luật kinh tế
70739,DVL,luat-kinh-te,D10,Điểm thi THPT,2025,15.0,Luật kinh tế
70740,DVL,luat-kinh-te,D14,Điểm thi THPT,2025,15.0,Luật kinh tế
70741,DVL,luat-kinh-te,D15,Điểm thi THPT,2025,15.0,Luật kinh tế
70742,DVL,luat-kinh-te,X25,Điểm thi THPT,2025,15.0,Luật kinh tế
70743,DVL,mang-may-tinh-va-truyen-thong-du-lieu,A00,Điểm học bạ,2023,18.0,Mạng máy tính và truyền thông dữ liệu
70744,DVL,mang-may-tinh-va-truyen-thong-du-lieu,A01,Điểm học bạ,2023,18.0,Mạng máy tính và truyền thông dữ liệu
70745,DVL,mang-may-tinh-va-truyen-thong-du-lieu,D07,Điểm học bạ,2023,18.0,Mạng máy tính và truyền thông dữ liệu
70746,DVL,mang-may-tinh-va-truyen-thong-du-lieu,D10,Điểm học bạ,2023,18.0,Mạng máy tính và truyền thông dữ liệu
70747,DVL,mang-may-tinh-va-truyen-thong-du-lieu,A00,Điểm thi THPT,2023,16.0,Mạng máy tính và truyền thông dữ liệu
70748,DVL,mang-may-tinh-va-truyen-thong-du-lieu,A01,Điểm thi THPT,2023,16.0,Mạng máy tính và truyền thông dữ liệu
70749,DVL,mang-may-tinh-va-truyen-thong-du-lieu,D01,Điểm thi THPT,2023,16.0,Mạng máy tính và truyền thông dữ liệu
70750,DVL,mang-may-tinh-va-truyen-thong-du-lieu,D07,Điểm thi THPT,2023,16.0,Mạng máy tính và truyền thông dữ liệu
70751,DVL,mang-may-tinh-va-truyen-thong-du-lieu,A00,Điểm học bạ,2024,18.0,Mạng máy tính và Truyền thông Dữ liệu
70752,DVL,mang-may-tinh-va-truyen-thong-du-lieu,A01,Điểm học bạ,2024,18.0,Mạng máy tính và Truyền thông Dữ liệu
70753,DVL,mang-may-tinh-va-truyen-thong-du-lieu,D01,Điểm học bạ,2024,18.0,Mạng máy tính và Truyền thông Dữ liệu
70754,DVL,mang-may-tinh-va-truyen-thong-du-lieu,D07,Điểm học bạ,2024,18.0,Mạng máy tính và Truyền thông Dữ liệu
70755,DVL,mang-may-tinh-va-truyen-thong-du-lieu,A00,Điểm thi THPT,2024,16.0,Mạng máy tính và truyền thông dữ liệu
70756,DVL,mang-may-tinh-va-truyen-thong-du-lieu,A01,Điểm thi THPT,2024,16.0,Mạng máy tính và truyền thông dữ liệu
70757,DVL,mang-may-tinh-va-truyen-thong-du-lieu,D01,Điểm thi THPT,2024,16.0,Mạng máy tính và truyền thông dữ liệu
70758,DVL,mang-may-tinh-va-truyen-thong-du-lieu,D07,Điểm thi THPT,2024,16.0,Mạng máy tính và truyền thông dữ liệu
70759,DVL,mang-may-tinh-va-truyen-thong-du-lieu,A00,Điểm học bạ,2025,18.0,Mạng máy tính và truyền thông dữ liệu
70760,DVL,mang-may-tinh-va-truyen-thong-du-lieu,A01,Điểm học bạ,2025,18.0,Mạng máy tính và truyền thông dữ liệu
70761,DVL,mang-may-tinh-va-truyen-thong-du-lieu,C01,Điểm học bạ,2025,18.0,Mạng máy tính và truyền thông dữ liệu
70762,DVL,mang-may-tinh-va-truyen-thong-du-lieu,D01,Điểm học bạ,2025,18.0,Mạng máy tính và truyền thông dữ liệu
70763,DVL,mang-may-tinh-va-truyen-thong-du-lieu,X02,Điểm học bạ,2025,18.0,Mạng máy tính và truyền thông dữ liệu
70764,DVL,mang-may-tinh-va-truyen-thong-du-lieu,X06,Điểm học bạ,2025,18.0,Mạng máy tính và truyền thông dữ liệu
70765,DVL,mang-may-tinh-va-truyen-thong-du-lieu,X26,Điểm học bạ,2025,18.0,Mạng máy tính và truyền thông dữ liệu
70766,DVL,mang-may-tinh-va-truyen-thong-du-lieu,A00,Điểm thi THPT,2025,15.0,Mạng máy tính và truyền thông dữ liệu
70767,DVL,mang-may-tinh-va-truyen-thong-du-lieu,A01,Điểm thi THPT,2025,15.0,Mạng máy tính và truyền thông dữ liệu
70768,DVL,mang-may-tinh-va-truyen-thong-du-lieu,C01,Điểm thi THPT,2025,15.0,Mạng máy tính và truyền thông dữ liệu
70769,DVL,mang-may-tinh-va-truyen-thong-du-lieu,D01,Điểm thi THPT,2025,15.0,Mạng máy tính và truyền thông dữ liệu
70770,DVL,mang-may-tinh-va-truyen-thong-du-lieu,X02,Điểm thi THPT,2025,15.0,Mạng máy tính và truyền thông dữ liệu
70771,DVL,mang-may-tinh-va-truyen-thong-du-lieu,X06,Điểm thi THPT,2025,15.0,Mạng máy tính và truyền thông dữ liệu
70772,DVL,mang-may-tinh-va-truyen-thong-du-lieu,X26,Điểm thi THPT,2025,15.0,Mạng máy tính và truyền thông dữ liệu
70773,DVL,marketing,A00,Điểm học bạ,2021,18.0,MARKETING
70774,DVL,marketing,A01,Điểm học bạ,2021,18.0,MARKETING
70775,DVL,marketing,C01,Điểm học bạ,2021,18.0,MARKETING
70776,DVL,marketing,D01,Điểm học bạ,2021,18.0,MARKETING
70777,DVL,marketing,A00,Điểm thi THPT,2021,19.5,MARKETING
70778,DVL,marketing,A01,Điểm thi THPT,2021,19.5,MARKETING
70779,DVL,marketing,C01,Điểm thi THPT,2021,19.5,MARKETING
70780,DVL,marketing,D01,Điểm thi THPT,2021,19.5,MARKETING
70781,DVL,marketing,A00,Điểm học bạ,2022,20.0,Marketing
70782,DVL,marketing,A01,Điểm học bạ,2022,20.0,Marketing
70783,DVL,marketing,C01,Điểm học bạ,2022,20.0,Marketing
70784,DVL,marketing,D01,Điểm học bạ,2022,20.0,Marketing
70785,DVL,marketing,A00,Điểm thi THPT,2022,18.0,Marketing
70786,DVL,marketing,A01,Điểm thi THPT,2022,18.0,Marketing
70787,DVL,marketing,C01,Điểm thi THPT,2022,18.0,Marketing
70788,DVL,marketing,D01,Điểm thi THPT,2022,18.0,Marketing
70789,DVL,marketing,A00,Điểm học bạ,2023,19.0,Marketing
70790,DVL,marketing,A01,Điểm học bạ,2023,19.0,Marketing
70791,DVL,marketing,C01,Điểm học bạ,2023,19.0,Marketing
70792,DVL,marketing,D01,Điểm học bạ,2023,19.0,Marketing
70793,DVL,marketing,A00,Điểm thi THPT,2023,17.0,Marketing
70794,DVL,marketing,A01,Điểm thi THPT,2023,17.0,Marketing
70795,DVL,marketing,C01,Điểm thi THPT,2023,17.0,Marketing
70796,DVL,marketing,D01,Điểm thi THPT,2023,17.0,Marketing
70797,DVL,marketing,A00,Điểm học bạ,2024,18.0,Marketing
70798,DVL,marketing,A01,Điểm học bạ,2024,18.0,Marketing
70799,DVL,marketing,C01,Điểm học bạ,2024,18.0,Marketing
70800,DVL,marketing,D01,Điểm học bạ,2024,18.0,Marketing
70801,DVL,marketing,A00,Điểm thi THPT,2024,16.0,Marketing
70802,DVL,marketing,A01,Điểm thi THPT,2024,16.0,Marketing
70803,DVL,marketing,C01,Điểm thi THPT,2024,16.0,Marketing
70804,DVL,marketing,D01,Điểm thi THPT,2024,16.0,Marketing
70805,DVL,marketing,A00,Điểm học bạ,2025,18.0,Marketing
70806,DVL,marketing,A01,Điểm học bạ,2025,18.0,Marketing
70807,DVL,marketing,C01,Điểm học bạ,2025,18.0,Marketing
70808,DVL,marketing,D01,Điểm học bạ,2025,18.0,Marketing
70809,DVL,marketing,D07,Điểm học bạ,2025,18.0,Marketing
70810,DVL,marketing,D10,Điểm học bạ,2025,18.0,Marketing
70811,DVL,marketing,X25,Điểm học bạ,2025,18.0,Marketing
70812,DVL,marketing,A00,Điểm thi THPT,2025,15.0,Marketing
70813,DVL,marketing,A01,Điểm thi THPT,2025,15.0,Marketing
70814,DVL,marketing,C01,Điểm thi THPT,2025,15.0,Marketing
70815,DVL,marketing,D01,Điểm thi THPT,2025,15.0,Marketing
70816,DVL,marketing,D07,Điểm thi THPT,2025,15.0,Marketing
70817,DVL,marketing,D10,Điểm thi THPT,2025,15.0,Marketing
70818,DVL,marketing,X25,Điểm thi THPT,2025,15.0,Marketing
70819,DVL,ngon-ngu-anh,D01,Điểm học bạ,2021,24.0,NGÔN NGỮ ANH
70820,DVL,ngon-ngu-anh,D08,Điểm học bạ,2021,24.0,NGÔN NGỮ ANH
70821,DVL,ngon-ngu-anh,D10,Điểm học bạ,2021,24.0,NGÔN NGỮ ANH
70822,DVL,ngon-ngu-anh,D01,Điểm thi THPT,2021,18.0,NGÔN NGỮ ANH
70823,DVL,ngon-ngu-anh,D08,Điểm thi THPT,2021,18.0,NGÔN NGỮ ANH
70824,DVL,ngon-ngu-anh,D10,Điểm thi THPT,2021,18.0,NGÔN NGỮ ANH
70825,DVL,ngon-ngu-anh,D01,Điểm học bạ,2022,24.0,Ngôn ngữ Anh
70826,DVL,ngon-ngu-anh,D08,Điểm học bạ,2022,24.0,Ngôn ngữ Anh
70827,DVL,ngon-ngu-anh,D10,Điểm học bạ,2022,24.0,Ngôn ngữ Anh
70828,DVL,ngon-ngu-anh,D01,Điểm thi THPT,2022,16.0,Ngôn ngữ Anh
70829,DVL,ngon-ngu-anh,D08,Điểm thi THPT,2022,16.0,Ngôn ngữ Anh
70830,DVL,ngon-ngu-anh,D10,Điểm thi THPT,2022,16.0,Ngôn ngữ Anh
70831,DVL,ngon-ngu-anh,D01,Điểm học bạ,2023,24.0,Ngôn ngữ Anh
70832,DVL,ngon-ngu-anh,D08,Điểm học bạ,2023,24.0,Ngôn ngữ Anh
70833,DVL,ngon-ngu-anh,D10,Điểm học bạ,2023,24.0,Ngôn ngữ Anh
70834,DVL,ngon-ngu-anh,D01,Điểm thi THPT,2023,16.0,Ngôn ngữ Anh
70835,DVL,ngon-ngu-anh,D08,Điểm thi THPT,2023,16.0,Ngôn ngữ Anh
70836,DVL,ngon-ngu-anh,D10,Điểm thi THPT,2023,16.0,Ngôn ngữ Anh
70837,DVL,ngon-ngu-anh,D01,Điểm học bạ,2024,24.0,Ngôn ngữ Anh
70838,DVL,ngon-ngu-anh,D08,Điểm học bạ,2024,24.0,Ngôn ngữ Anh
70839,DVL,ngon-ngu-anh,D10,Điểm học bạ,2024,24.0,Ngôn ngữ Anh
70840,DVL,ngon-ngu-anh,D01,Điểm thi THPT,2024,16.0,Ngôn ngữ Anh
70841,DVL,ngon-ngu-anh,D08,Điểm thi THPT,2024,16.0,Ngôn ngữ Anh
70842,DVL,ngon-ngu-anh,D10,Điểm thi THPT,2024,16.0,Ngôn ngữ Anh
70843,DVL,ngon-ngu-anh,D01,Điểm học bạ,2025,18.0,Ngôn ngữ Anh
70844,DVL,ngon-ngu-anh,D14,Điểm học bạ,2025,18.0,Ngôn ngữ Anh
70845,DVL,ngon-ngu-anh,D15,Điểm học bạ,2025,18.0,Ngôn ngữ Anh
70846,DVL,ngon-ngu-anh,X78,Điểm học bạ,2025,18.0,Ngôn ngữ Anh
70847,DVL,ngon-ngu-anh,D01,Điểm thi THPT,2025,15.0,Ngôn ngữ Anh
70848,DVL,ngon-ngu-anh,D14,Điểm thi THPT,2025,15.0,Ngôn ngữ Anh
70849,DVL,ngon-ngu-anh,D15,Điểm thi THPT,2025,15.0,Ngôn ngữ Anh
70850,DVL,ngon-ngu-anh,X78,Điểm thi THPT,2025,15.0,Ngôn ngữ Anh
70851,DVL,ngon-ngu-han-quoc,D01,Điểm học bạ,2022,18.0,Ngôn ngữ Hàn Quốc
70852,DVL,ngon-ngu-han-quoc,D10,Điểm học bạ,2022,18.0,Ngôn ngữ Hàn Quốc
70853,DVL,ngon-ngu-han-quoc,D14,Điểm học bạ,2022,18.0,Ngôn ngữ Hàn Quốc
70854,DVL,ngon-ngu-han-quoc,D66,Điểm học bạ,2022,18.0,Ngôn ngữ Hàn Quốc
70855,DVL,ngon-ngu-han-quoc,D01,Điểm thi THPT,2022,16.0,Ngôn ngữ Hàn Quốc
70856,DVL,ngon-ngu-han-quoc,D10,Điểm thi THPT,2022,16.0,Ngôn ngữ Hàn Quốc
70857,DVL,ngon-ngu-han-quoc,D14,Điểm thi THPT,2022,16.0,Ngôn ngữ Hàn Quốc
70858,DVL,ngon-ngu-han-quoc,D66,Điểm thi THPT,2022,16.0,Ngôn ngữ Hàn Quốc
70859,DVL,ngon-ngu-han-quoc,D01,Điểm học bạ,2023,18.0,Ngôn ngữ Hàn Quốc
70860,DVL,ngon-ngu-han-quoc,D10,Điểm học bạ,2023,18.0,Ngôn ngữ Hàn Quốc
70861,DVL,ngon-ngu-han-quoc,D14,Điểm học bạ,2023,18.0,Ngôn ngữ Hàn Quốc
70862,DVL,ngon-ngu-han-quoc,D66,Điểm học bạ,2023,18.0,Ngôn ngữ Hàn Quốc
70863,DVL,ngon-ngu-han-quoc,D01,Điểm thi THPT,2023,16.0,Ngôn ngữ Hàn Quốc
70864,DVL,ngon-ngu-han-quoc,D10,Điểm thi THPT,2023,16.0,Ngôn ngữ Hàn Quốc
70865,DVL,ngon-ngu-han-quoc,D14,Điểm thi THPT,2023,16.0,Ngôn ngữ Hàn Quốc
70866,DVL,ngon-ngu-han-quoc,D66,Điểm thi THPT,2023,16.0,Ngôn ngữ Hàn Quốc
70867,DVL,ngon-ngu-han-quoc,D01,Điểm học bạ,2024,18.0,Ngôn ngữ Hàn Quốc
70868,DVL,ngon-ngu-han-quoc,D10,Điểm học bạ,2024,18.0,Ngôn ngữ Hàn Quốc
70869,DVL,ngon-ngu-han-quoc,D14,Điểm học bạ,2024,18.0,Ngôn ngữ Hàn Quốc
70870,DVL,ngon-ngu-han-quoc,D66,Điểm học bạ,2024,18.0,Ngôn ngữ Hàn Quốc
70871,DVL,ngon-ngu-han-quoc,D01,Điểm thi THPT,2024,16.0,Ngôn ngữ Hàn Quốc
70872,DVL,ngon-ngu-han-quoc,D10,Điểm thi THPT,2024,16.0,Ngôn ngữ Hàn Quốc
70873,DVL,ngon-ngu-han-quoc,D14,Điểm thi THPT,2024,16.0,Ngôn ngữ Hàn Quốc
70874,DVL,ngon-ngu-han-quoc,D66,Điểm thi THPT,2024,16.0,Ngôn ngữ Hàn Quốc
70875,DVL,ngon-ngu-han-quoc,D01,Điểm học bạ,2025,18.0,Ngôn ngữ Hàn Quốc
70876,DVL,ngon-ngu-han-quoc,D14,Điểm học bạ,2025,18.0,Ngôn ngữ Hàn Quốc
70877,DVL,ngon-ngu-han-quoc,D15,Điểm học bạ,2025,18.0,Ngôn ngữ Hàn Quốc
70878,DVL,ngon-ngu-han-quoc,X78,Điểm học bạ,2025,18.0,Ngôn ngữ Hàn Quốc
70879,DVL,ngon-ngu-han-quoc,D01,Điểm thi THPT,2025,15.0,Ngôn ngữ Hàn Quốc
70880,DVL,ngon-ngu-han-quoc,D14,Điểm thi THPT,2025,15.0,Ngôn ngữ Hàn Quốc
70881,DVL,ngon-ngu-han-quoc,D15,Điểm thi THPT,2025,15.0,Ngôn ngữ Hàn Quốc
70882,DVL,ngon-ngu-han-quoc,X78,Điểm thi THPT,2025,15.0,Ngôn ngữ Hàn Quốc
70883,DVL,ngon-ngu-trung-quoc,A01,Điểm học bạ,2021,18.0,NGÔN NGỮ TRUNG QUỐC
70884,DVL,ngon-ngu-trung-quoc,D01,Điểm học bạ,2021,18.0,NGÔN NGỮ TRUNG QUỐC
70885,DVL,ngon-ngu-trung-quoc,D04,Điểm học bạ,2021,18.0,NGÔN NGỮ TRUNG QUỐC
70886,DVL,ngon-ngu-trung-quoc,D14,Điểm học bạ,2021,18.0,NGÔN NGỮ TRUNG QUỐC
70887,DVL,ngon-ngu-trung-quoc,A01,Điểm thi THPT,2021,16.0,NGÔN NGỮ TRUNG QUỐC
70888,DVL,ngon-ngu-trung-quoc,D01,Điểm thi THPT,2021,16.0,NGÔN NGỮ TRUNG QUỐC
70889,DVL,ngon-ngu-trung-quoc,D04,Điểm thi THPT,2021,16.0,NGÔN NGỮ TRUNG QUỐC
70890,DVL,ngon-ngu-trung-quoc,D14,Điểm thi THPT,2021,16.0,NGÔN NGỮ TRUNG QUỐC
70891,DVL,ngon-ngu-trung-quoc,A01,Điểm học bạ,2022,18.0,Ngôn ngữ Trung Quốc
70892,DVL,ngon-ngu-trung-quoc,D01,Điểm học bạ,2022,18.0,Ngôn ngữ Trung Quốc
70893,DVL,ngon-ngu-trung-quoc,D04,Điểm học bạ,2022,18.0,Ngôn ngữ Trung Quốc
70894,DVL,ngon-ngu-trung-quoc,D14,Điểm học bạ,2022,18.0,Ngôn ngữ Trung Quốc
70895,DVL,ngon-ngu-trung-quoc,A01,Điểm thi THPT,2022,16.0,Ngôn ngữ Trung Quốc
70896,DVL,ngon-ngu-trung-quoc,D01,Điểm thi THPT,2022,16.0,Ngôn ngữ Trung Quốc
70897,DVL,ngon-ngu-trung-quoc,D04,Điểm thi THPT,2022,16.0,Ngôn ngữ Trung Quốc
70898,DVL,ngon-ngu-trung-quoc,D14,Điểm thi THPT,2022,16.0,Ngôn ngữ Trung Quốc
70899,DVL,ngon-ngu-trung-quoc,A01,Điểm học bạ,2023,18.0,Ngôn ngữ Trung Quốc
70900,DVL,ngon-ngu-trung-quoc,D01,Điểm học bạ,2023,18.0,Ngôn ngữ Trung Quốc
70901,DVL,ngon-ngu-trung-quoc,D04,Điểm học bạ,2023,18.0,Ngôn ngữ Trung Quốc
70902,DVL,ngon-ngu-trung-quoc,D14,Điểm học bạ,2023,18.0,Ngôn ngữ Trung Quốc
70903,DVL,ngon-ngu-trung-quoc,A01,Điểm thi THPT,2023,16.0,Ngôn ngữ Trung Quốc
70904,DVL,ngon-ngu-trung-quoc,D01,Điểm thi THPT,2023,16.0,Ngôn ngữ Trung Quốc
70905,DVL,ngon-ngu-trung-quoc,D04,Điểm thi THPT,2023,16.0,Ngôn ngữ Trung Quốc
70906,DVL,ngon-ngu-trung-quoc,D41,Điểm thi THPT,2023,16.0,Ngôn ngữ Trung Quốc
70907,DVL,ngon-ngu-trung-quoc,A01,Điểm học bạ,2024,18.0,Ngôn ngữ Trung Quốc
70908,DVL,ngon-ngu-trung-quoc,D01,Điểm học bạ,2024,18.0,Ngôn ngữ Trung Quốc
70909,DVL,ngon-ngu-trung-quoc,D04,Điểm học bạ,2024,18.0,Ngôn ngữ Trung Quốc
70910,DVL,ngon-ngu-trung-quoc,D14,Điểm học bạ,2024,18.0,Ngôn ngữ Trung Quốc
70911,DVL,ngon-ngu-trung-quoc,A01,Điểm thi THPT,2024,16.0,Ngôn ngữ Trung Quốc
70912,DVL,ngon-ngu-trung-quoc,D01,Điểm thi THPT,2024,16.0,Ngôn ngữ Trung Quốc
70913,DVL,ngon-ngu-trung-quoc,D04,Điểm thi THPT,2024,16.0,Ngôn ngữ Trung Quốc
70914,DVL,ngon-ngu-trung-quoc,D14,Điểm thi THPT,2024,16.0,Ngôn ngữ Trung Quốc
70915,DVL,ngon-ngu-trung-quoc,D01,Điểm học bạ,2025,18.0,Ngôn ngữ Trung Quốc
70916,DVL,ngon-ngu-trung-quoc,D04,Điểm học bạ,2025,18.0,Ngôn ngữ Trung Quốc
70917,DVL,ngon-ngu-trung-quoc,D14,Điểm học bạ,2025,18.0,Ngôn ngữ Trung Quốc
70918,DVL,ngon-ngu-trung-quoc,D15,Điểm học bạ,2025,18.0,Ngôn ngữ Trung Quốc
70919,DVL,ngon-ngu-trung-quoc,X78,Điểm học bạ,2025,18.0,Ngôn ngữ Trung Quốc
70920,DVL,ngon-ngu-trung-quoc,D01,Điểm thi THPT,2025,15.0,Ngôn ngữ Trung Quốc
70921,DVL,ngon-ngu-trung-quoc,D04,Điểm thi THPT,2025,15.0,Ngôn ngữ Trung Quốc
70922,DVL,ngon-ngu-trung-quoc,D14,Điểm thi THPT,2025,15.0,Ngôn ngữ Trung Quốc
70923,DVL,ngon-ngu-trung-quoc,D15,Điểm thi THPT,2025,15.0,Ngôn ngữ Trung Quốc
70924,DVL,ngon-ngu-trung-quoc,X78,Điểm thi THPT,2025,15.0,Ngôn ngữ Trung Quốc
70925,DVL,nong-nghiep-cong-nghe-cao,A00,Điểm học bạ,2021,18.0,NÔNG NGHIỆP CÔNG NGHỆ CAO
70926,DVL,nong-nghiep-cong-nghe-cao,B00,Điểm học bạ,2021,18.0,NÔNG NGHIỆP CÔNG NGHỆ CAO
70927,DVL,nong-nghiep-cong-nghe-cao,D07,Điểm học bạ,2021,18.0,NÔNG NGHIỆP CÔNG NGHỆ CAO
70928,DVL,nong-nghiep-cong-nghe-cao,D08,Điểm học bạ,2021,18.0,NÔNG NGHIỆP CÔNG NGHỆ CAO
70929,DVL,nong-nghiep-cong-nghe-cao,A00,Điểm thi THPT,2021,16.0,NÔNG NGHIỆP CÔNG NGHỆ CAO
70930,DVL,nong-nghiep-cong-nghe-cao,B00,Điểm thi THPT,2021,16.0,NÔNG NGHIỆP CÔNG NGHỆ CAO
70931,DVL,nong-nghiep-cong-nghe-cao,D07,Điểm thi THPT,2021,16.0,NÔNG NGHIỆP CÔNG NGHỆ CAO
70932,DVL,nong-nghiep-cong-nghe-cao,D08,Điểm thi THPT,2021,16.0,NÔNG NGHIỆP CÔNG NGHỆ CAO
70933,DVL,nong-nghiep-cong-nghe-cao,A00,Điểm học bạ,2022,18.0,Nông nghiệp công nghệ cao
70934,DVL,nong-nghiep-cong-nghe-cao,B00,Điểm học bạ,2022,18.0,Nông nghiệp công nghệ cao
70935,DVL,nong-nghiep-cong-nghe-cao,D07,Điểm học bạ,2022,18.0,Nông nghiệp công nghệ cao
70936,DVL,nong-nghiep-cong-nghe-cao,D08,Điểm học bạ,2022,18.0,Nông nghiệp công nghệ cao
70937,DVL,nong-nghiep-cong-nghe-cao,A00,Điểm thi THPT,2022,16.0,Nông nghiệp công nghệ cao
70938,DVL,nong-nghiep-cong-nghe-cao,B00,Điểm thi THPT,2022,16.0,Nông nghiệp công nghệ cao
70939,DVL,nong-nghiep-cong-nghe-cao,D07,Điểm thi THPT,2022,16.0,Nông nghiệp công nghệ cao
70940,DVL,nong-nghiep-cong-nghe-cao,D08,Điểm thi THPT,2022,16.0,Nông nghiệp công nghệ cao
70941,DVL,nong-nghiep-cong-nghe-cao,A00,Điểm học bạ,2023,18.0,Nông nghiệp công nghệ cao
70942,DVL,nong-nghiep-cong-nghe-cao,B00,Điểm học bạ,2023,18.0,Nông nghiệp công nghệ cao
70943,DVL,nong-nghiep-cong-nghe-cao,D07,Điểm học bạ,2023,18.0,Nông nghiệp công nghệ cao
70944,DVL,nong-nghiep-cong-nghe-cao,D08,Điểm học bạ,2023,18.0,Nông nghiệp công nghệ cao
70945,DVL,nong-nghiep-cong-nghe-cao,A00,Điểm thi THPT,2023,16.0,Nông nghiệp công nghệ cao
70946,DVL,nong-nghiep-cong-nghe-cao,B00,Điểm thi THPT,2023,16.0,Nông nghiệp công nghệ cao
70947,DVL,nong-nghiep-cong-nghe-cao,D07,Điểm thi THPT,2023,16.0,Nông nghiệp công nghệ cao
70948,DVL,nong-nghiep-cong-nghe-cao,D08,Điểm thi THPT,2023,16.0,Nông nghiệp công nghệ cao
70949,DVL,nong-nghiep-cong-nghe-cao,A00,Điểm thi THPT,2024,16.0,Nông nghiệp công nghệ cao
70950,DVL,nong-nghiep-cong-nghe-cao,B00,Điểm thi THPT,2024,16.0,Nông nghiệp công nghệ cao
70951,DVL,nong-nghiep-cong-nghe-cao,D07,Điểm thi THPT,2024,16.0,Nông nghiệp công nghệ cao
70952,DVL,nong-nghiep-cong-nghe-cao,D08,Điểm thi THPT,2024,16.0,Nông nghiệp công nghệ cao
70953,DVL,piano,N00,Điểm học bạ,2021,24.0,PIANO
70954,DVL,piano,N00,Điểm thi THPT,2021,22.0,PIANO
70955,DVL,piano,N00,Điểm học bạ,2022,24.0,Piano
70956,DVL,piano,N00,Điểm thi THPT,2022,18.0,Piano
70957,DVL,piano,N00,Điểm học bạ,2023,24.0,Piano
70958,DVL,piano,N00,Điểm thi THPT,2023,18.0,Piano
70959,DVL,piano,N00,Điểm học bạ,2024,24.0,Piano
70960,DVL,piano,N00,Điểm thi THPT,2024,18.0,Piano
70961,DVL,piano,N00,Điểm học bạ,2025,18.0,Piano
70962,DVL,piano,N00,Điểm thi THPT,2025,18.0,Piano
70963,DVL,quan-he-cong-chung,A00,Điểm học bạ,2021,18.0,QUAN HỆ CÔNG CHÚNG
70964,DVL,quan-he-cong-chung,A01,Điểm học bạ,2021,18.0,QUAN HỆ CÔNG CHÚNG
70965,DVL,quan-he-cong-chung,C00,Điểm học bạ,2021,18.0,QUAN HỆ CÔNG CHÚNG
70966,DVL,quan-he-cong-chung,D01,Điểm học bạ,2021,18.0,QUAN HỆ CÔNG CHÚNG
70967,DVL,quan-he-cong-chung,A00,Điểm thi THPT,2021,24.5,QUAN HỆ CÔNG CHÚNG
70968,DVL,quan-he-cong-chung,A01,Điểm thi THPT,2021,24.5,QUAN HỆ CÔNG CHÚNG
70969,DVL,quan-he-cong-chung,C00,Điểm thi THPT,2021,24.5,QUAN HỆ CÔNG CHÚNG
70970,DVL,quan-he-cong-chung,D01,Điểm thi THPT,2021,24.5,QUAN HỆ CÔNG CHÚNG
70971,DVL,quan-he-cong-chung,A00,Điểm học bạ,2022,22.0,Quan hệ công chúng
70972,DVL,quan-he-cong-chung,A01,Điểm học bạ,2022,22.0,Quan hệ công chúng
70973,DVL,quan-he-cong-chung,C00,Điểm học bạ,2022,22.0,Quan hệ công chúng
70974,DVL,quan-he-cong-chung,D01,Điểm học bạ,2022,22.0,Quan hệ công chúng
70975,DVL,quan-he-cong-chung,A00,Điểm thi THPT,2022,18.0,Quan hệ công chúng
70976,DVL,quan-he-cong-chung,A01,Điểm thi THPT,2022,18.0,Quan hệ công chúng
70977,DVL,quan-he-cong-chung,C00,Điểm thi THPT,2022,18.0,Quan hệ công chúng
70978,DVL,quan-he-cong-chung,D01,Điểm thi THPT,2022,18.0,Quan hệ công chúng
70979,DVL,quan-he-cong-chung,A00,Điểm học bạ,2023,20.0,Quan hệ công chúng
70980,DVL,quan-he-cong-chung,A01,Điểm học bạ,2023,20.0,Quan hệ công chúng
70981,DVL,quan-he-cong-chung,C00,Điểm học bạ,2023,20.0,Quan hệ công chúng
70982,DVL,quan-he-cong-chung,D01,Điểm học bạ,2023,20.0,Quan hệ công chúng
70983,DVL,quan-he-cong-chung,A00,Điểm thi THPT,2023,18.0,Quan hệ công chúng
70984,DVL,quan-he-cong-chung,A01,Điểm thi THPT,2023,18.0,Quan hệ công chúng
70985,DVL,quan-he-cong-chung,C00,Điểm thi THPT,2023,18.0,Quan hệ công chúng
70986,DVL,quan-he-cong-chung,D01,Điểm thi THPT,2023,18.0,Quan hệ công chúng
70987,DVL,quan-he-cong-chung,A00,Điểm học bạ,2024,20.0,Quan hệ Công chúng
70988,DVL,quan-he-cong-chung,A01,Điểm học bạ,2024,20.0,Quan hệ Công chúng
70989,DVL,quan-he-cong-chung,C00,Điểm học bạ,2024,20.0,Quan hệ Công chúng
70990,DVL,quan-he-cong-chung,D01,Điểm học bạ,2024,20.0,Quan hệ Công chúng
70991,DVL,quan-he-cong-chung,A00,Điểm thi THPT,2024,19.0,Quan hệ công chúng
70992,DVL,quan-he-cong-chung,A01,Điểm thi THPT,2024,19.0,Quan hệ công chúng
70993,DVL,quan-he-cong-chung,C00,Điểm thi THPT,2024,19.0,Quan hệ công chúng
70994,DVL,quan-he-cong-chung,D01,Điểm thi THPT,2024,19.0,Quan hệ công chúng
70995,DVL,quan-he-cong-chung,A00,Điểm học bạ,2025,18.0,Quan hệ công chúng
70996,DVL,quan-he-cong-chung,A01,Điểm học bạ,2025,18.0,Quan hệ công chúng
70997,DVL,quan-he-cong-chung,C00,Điểm học bạ,2025,18.0,Quan hệ công chúng
70998,DVL,quan-he-cong-chung,C01,Điểm học bạ,2025,18.0,Quan hệ công chúng
70999,DVL,quan-he-cong-chung,D01,Điểm học bạ,2025,18.0,Quan hệ công chúng
71000,DVL,quan-he-cong-chung,X78,Điểm học bạ,2025,18.0,Quan hệ công chúng
71001,DVL,quan-he-cong-chung,A00,Điểm thi THPT,2025,15.0,Quan hệ công chúng
71002,DVL,quan-he-cong-chung,A01,Điểm thi THPT,2025,15.0,Quan hệ công chúng
71003,DVL,quan-he-cong-chung,C00,Điểm thi THPT,2025,15.0,Quan hệ công chúng
71004,DVL,quan-he-cong-chung,C01,Điểm thi THPT,2025,15.0,Quan hệ công chúng
71005,DVL,quan-he-cong-chung,D01,Điểm thi THPT,2025,15.0,Quan hệ công chúng
71006,DVL,quan-he-cong-chung,X78,Điểm thi THPT,2025,15.0,Quan hệ công chúng
71007,DVL,quan-ly-cong-nghiep,A00,Điểm học bạ,2022,18.0,Quản lý công nghiệp
71008,DVL,quan-ly-cong-nghiep,A01,Điểm học bạ,2022,18.0,Quản lý công nghiệp
71009,DVL,quan-ly-cong-nghiep,A02,Điểm học bạ,2022,18.0,Quản lý công nghiệp
71010,DVL,quan-ly-cong-nghiep,B00,Điểm học bạ,2022,18.0,Quản lý công nghiệp
71011,DVL,quan-ly-cong-nghiep,A00,Điểm thi THPT,2022,16.0,Quản lý công nghiệp
71012,DVL,quan-ly-cong-nghiep,A01,Điểm thi THPT,2022,16.0,Quản lý công nghiệp
71013,DVL,quan-ly-cong-nghiep,A02,Điểm thi THPT,2022,16.0,Quản lý công nghiệp
71014,DVL,quan-ly-cong-nghiep,B00,Điểm thi THPT,2022,16.0,Quản lý công nghiệp
71015,DVL,quan-ly-cong-nghiep,A00,Điểm học bạ,2023,18.0,Quản lý công nghiệp
71016,DVL,quan-ly-cong-nghiep,A01,Điểm học bạ,2023,18.0,Quản lý công nghiệp
71017,DVL,quan-ly-cong-nghiep,A02,Điểm học bạ,2023,18.0,Quản lý công nghiệp
71018,DVL,quan-ly-cong-nghiep,B00,Điểm học bạ,2023,18.0,Quản lý công nghiệp
71019,DVL,quan-ly-xay-dung,A00,Điểm học bạ,2021,18.0,QUẢN LÝ XÂY DỰNG
71020,DVL,quan-ly-xay-dung,A01,Điểm học bạ,2021,18.0,QUẢN LÝ XÂY DỰNG
71021,DVL,quan-ly-xay-dung,D01,Điểm học bạ,2021,18.0,QUẢN LÝ XÂY DỰNG
71022,DVL,quan-ly-xay-dung,D07,Điểm học bạ,2021,18.0,QUẢN LÝ XÂY DỰNG
71023,DVL,quan-ly-xay-dung,A00,Điểm thi THPT,2021,16.0,QUẢN LÝ XÂY DỰNG
71024,DVL,quan-ly-xay-dung,A01,Điểm thi THPT,2021,16.0,QUẢN LÝ XÂY DỰNG
71025,DVL,quan-ly-xay-dung,D01,Điểm thi THPT,2021,16.0,QUẢN LÝ XÂY DỰNG
71026,DVL,quan-ly-xay-dung,D07,Điểm thi THPT,2021,16.0,QUẢN LÝ XÂY DỰNG
71027,DVL,quan-ly-xay-dung,A00,Điểm học bạ,2022,18.0,Quản lý xây dựng
71028,DVL,quan-ly-xay-dung,A01,Điểm học bạ,2022,18.0,Quản lý xây dựng
71029,DVL,quan-ly-xay-dung,D01,Điểm học bạ,2022,18.0,Quản lý xây dựng
71030,DVL,quan-ly-xay-dung,D07,Điểm học bạ,2022,18.0,Quản lý xây dựng
71031,DVL,quan-ly-xay-dung,A00,Điểm thi THPT,2022,16.0,Quản lý xây dựng
71032,DVL,quan-ly-xay-dung,A01,Điểm thi THPT,2022,16.0,Quản lý xây dựng
71033,DVL,quan-ly-xay-dung,D01,Điểm thi THPT,2022,16.0,Quản lý xây dựng
71034,DVL,quan-ly-xay-dung,D07,Điểm thi THPT,2022,16.0,Quản lý xây dựng
71035,DVL,quan-ly-xay-dung,A00,Điểm học bạ,2023,18.0,Quản lý xây dựng
71036,DVL,quan-ly-xay-dung,A01,Điểm học bạ,2023,18.0,Quản lý xây dựng
71037,DVL,quan-ly-xay-dung,D01,Điểm học bạ,2023,18.0,Quản lý xây dựng
71038,DVL,quan-ly-xay-dung,D07,Điểm học bạ,2023,18.0,Quản lý xây dựng
71039,DVL,quan-ly-xay-dung,A00,Điểm thi THPT,2023,16.0,Quản lý xây dựng
71040,DVL,quan-ly-xay-dung,A01,Điểm thi THPT,2023,16.0,Quản lý xây dựng
71041,DVL,quan-ly-xay-dung,D01,Điểm thi THPT,2023,16.0,Quản lý xây dựng
71042,DVL,quan-ly-xay-dung,D07,Điểm thi THPT,2023,16.0,Quản lý xây dựng
71043,DVL,quan-ly-xay-dung,A00,Điểm học bạ,2024,18.0,Quản lý Xây dựng
71044,DVL,quan-ly-xay-dung,A01,Điểm học bạ,2024,18.0,Quản lý Xây dựng
71045,DVL,quan-ly-xay-dung,D01,Điểm học bạ,2024,18.0,Quản lý Xây dựng
71046,DVL,quan-ly-xay-dung,D07,Điểm học bạ,2024,18.0,Quản lý Xây dựng
71047,DVL,quan-ly-xay-dung,A00,Điểm thi THPT,2024,16.0,Quản lý xây dựng
71048,DVL,quan-ly-xay-dung,A01,Điểm thi THPT,2024,16.0,Quản lý xây dựng
71049,DVL,quan-ly-xay-dung,D01,Điểm thi THPT,2024,16.0,Quản lý xây dựng
71050,DVL,quan-ly-xay-dung,D07,Điểm thi THPT,2024,16.0,Quản lý xây dựng
71051,DVL,quan-ly-xay-dung,A00,Điểm học bạ,2025,18.0,Quản lý xây dựng
71052,DVL,quan-ly-xay-dung,A01,Điểm học bạ,2025,18.0,Quản lý xây dựng
71053,DVL,quan-ly-xay-dung,D01,Điểm học bạ,2025,18.0,Quản lý xây dựng
71054,DVL,quan-ly-xay-dung,X06,Điểm học bạ,2025,18.0,Quản lý xây dựng
71055,DVL,quan-ly-xay-dung,X26,Điểm học bạ,2025,18.0,Quản lý xây dựng
71056,DVL,quan-ly-xay-dung,A00,Điểm thi THPT,2025,15.0,Quản lý xây dựng
71057,DVL,quan-ly-xay-dung,A01,Điểm thi THPT,2025,15.0,Quản lý xây dựng
71058,DVL,quan-ly-xay-dung,D01,Điểm thi THPT,2025,15.0,Quản lý xây dựng
71059,DVL,quan-ly-xay-dung,X06,Điểm thi THPT,2025,15.0,Quản lý xây dựng
71060,DVL,quan-ly-xay-dung,X26,Điểm thi THPT,2025,15.0,Quản lý xây dựng
71061,DVL,quan-tri-dich-vu-du-lich-lu-hanh,A00,Điểm học bạ,2021,18.0,QUẢN TRỊ DỊCH VỤ DU LỊCH & LỮ HÀNH
71062,DVL,quan-tri-dich-vu-du-lich-lu-hanh,A01,Điểm học bạ,2021,18.0,QUẢN TRỊ DỊCH VỤ DU LỊCH & LỮ HÀNH
71063,DVL,quan-tri-dich-vu-du-lich-lu-hanh,D01,Điểm học bạ,2021,18.0,QUẢN TRỊ DỊCH VỤ DU LỊCH & LỮ HÀNH
71064,DVL,quan-tri-dich-vu-du-lich-lu-hanh,D03,Điểm học bạ,2021,18.0,QUẢN TRỊ DỊCH VỤ DU LỊCH & LỮ HÀNH
71065,DVL,quan-tri-dich-vu-du-lich-lu-hanh,A00,Điểm thi THPT,2021,19.0,QUẢN TRỊ DỊCH VỤ DU LỊCH & LỮ HÀNH
71066,DVL,quan-tri-dich-vu-du-lich-lu-hanh,A01,Điểm thi THPT,2021,19.0,QUẢN TRỊ DỊCH VỤ DU LỊCH & LỮ HÀNH
71067,DVL,quan-tri-dich-vu-du-lich-lu-hanh,D01,Điểm thi THPT,2021,19.0,QUẢN TRỊ DỊCH VỤ DU LỊCH & LỮ HÀNH
71068,DVL,quan-tri-dich-vu-du-lich-lu-hanh,D03,Điểm thi THPT,2021,19.0,QUẢN TRỊ DỊCH VỤ DU LỊCH & LỮ HÀNH
71069,DVL,quan-tri-dich-vu-du-lich-lu-hanh,A00,Điểm học bạ,2022,18.0,Quản trị dịch vụ du lịch & lữ hành
71070,DVL,quan-tri-dich-vu-du-lich-lu-hanh,A01,Điểm học bạ,2022,18.0,Quản trị dịch vụ du lịch & lữ hành
71071,DVL,quan-tri-dich-vu-du-lich-lu-hanh,D01,Điểm học bạ,2022,18.0,Quản trị dịch vụ du lịch & lữ hành
71072,DVL,quan-tri-dich-vu-du-lich-lu-hanh,D03,Điểm học bạ,2022,18.0,Quản trị dịch vụ du lịch & lữ hành
71073,DVL,quan-tri-dich-vu-du-lich-lu-hanh,A00,Điểm học bạ,2023,18.0,Quản trị dịch vụ du lịch & lữ hành
71074,DVL,quan-tri-dich-vu-du-lich-lu-hanh,A01,Điểm học bạ,2023,18.0,Quản trị dịch vụ du lịch & lữ hành
71075,DVL,quan-tri-dich-vu-du-lich-lu-hanh,D01,Điểm học bạ,2023,18.0,Quản trị dịch vụ du lịch & lữ hành
71076,DVL,quan-tri-dich-vu-du-lich-lu-hanh,D03,Điểm học bạ,2023,18.0,Quản trị dịch vụ du lịch & lữ hành
71077,DVL,quan-tri-dich-vu-du-lich-lu-hanh,A00,Điểm học bạ,2024,18.0,Quản trị Dịch vụ Du lịch & Lữ hành
71078,DVL,quan-tri-dich-vu-du-lich-lu-hanh,A01,Điểm học bạ,2024,18.0,Quản trị Dịch vụ Du lịch & Lữ hành
71079,DVL,quan-tri-dich-vu-du-lich-lu-hanh,D01,Điểm học bạ,2024,18.0,Quản trị Dịch vụ Du lịch & Lữ hành
71080,DVL,quan-tri-dich-vu-du-lich-lu-hanh,D03,Điểm học bạ,2024,18.0,Quản trị Dịch vụ Du lịch & Lữ hành
71081,DVL,quan-tri-dich-vu-du-lich-lu-hanh,A00,Điểm thi THPT,2024,16.0,Quản trị dịch vụ du lịch & lữ hành
71082,DVL,quan-tri-dich-vu-du-lich-lu-hanh,A01,Điểm thi THPT,2024,16.0,Quản trị dịch vụ du lịch & lữ hành
71083,DVL,quan-tri-dich-vu-du-lich-lu-hanh,D01,Điểm thi THPT,2024,16.0,Quản trị dịch vụ du lịch & lữ hành
71084,DVL,quan-tri-dich-vu-du-lich-lu-hanh,D03,Điểm thi THPT,2024,16.0,Quản trị dịch vụ du lịch & lữ hành
71085,DVL,quan-tri-dich-vu-du-lich-va-lu-hanh,A00,Điểm thi THPT,2022,16.0,Quản trị dịch vụ du lịch và lữ hành
71086,DVL,quan-tri-dich-vu-du-lich-va-lu-hanh,A01,Điểm thi THPT,2022,16.0,Quản trị dịch vụ du lịch và lữ hành
71087,DVL,quan-tri-dich-vu-du-lich-va-lu-hanh,D01,Điểm thi THPT,2022,16.0,Quản trị dịch vụ du lịch và lữ hành
71088,DVL,quan-tri-dich-vu-du-lich-va-lu-hanh,D03,Điểm thi THPT,2022,16.0,Quản trị dịch vụ du lịch và lữ hành
71089,DVL,quan-tri-dich-vu-du-lich-va-lu-hanh,A00,Điểm thi THPT,2023,16.0,Quản trị dịch vụ du lịch và lữ hành
71090,DVL,quan-tri-dich-vu-du-lich-va-lu-hanh,A01,Điểm thi THPT,2023,16.0,Quản trị dịch vụ du lịch và lữ hành
71091,DVL,quan-tri-dich-vu-du-lich-va-lu-hanh,D01,Điểm thi THPT,2023,16.0,Quản trị dịch vụ du lịch và lữ hành
71092,DVL,quan-tri-dich-vu-du-lich-va-lu-hanh,D03,Điểm thi THPT,2023,16.0,Quản trị dịch vụ du lịch và lữ hành
71093,DVL,quan-tri-dich-vu-du-lich-va-lu-hanh,D01,Điểm học bạ,2025,18.0,Quản trị dịch vụ du lịch và lữ hành
71094,DVL,quan-tri-dich-vu-du-lich-va-lu-hanh,D09,Điểm học bạ,2025,18.0,Quản trị dịch vụ du lịch và lữ hành
71095,DVL,quan-tri-dich-vu-du-lich-va-lu-hanh,D10,Điểm học bạ,2025,18.0,Quản trị dịch vụ du lịch và lữ hành
71096,DVL,quan-tri-dich-vu-du-lich-va-lu-hanh,D14,Điểm học bạ,2025,18.0,Quản trị dịch vụ du lịch và lữ hành
71097,DVL,quan-tri-dich-vu-du-lich-va-lu-hanh,D15,Điểm học bạ,2025,18.0,Quản trị dịch vụ du lịch và lữ hành
71098,DVL,quan-tri-dich-vu-du-lich-va-lu-hanh,X26,Điểm học bạ,2025,18.0,Quản trị dịch vụ du lịch và lữ hành
71099,DVL,quan-tri-dich-vu-du-lich-va-lu-hanh,D01,Điểm thi THPT,2025,15.0,Quản trị dịch vụ du lịch và lữ hành
71100,DVL,quan-tri-dich-vu-du-lich-va-lu-hanh,D09,Điểm thi THPT,2025,15.0,Quản trị dịch vụ du lịch và lữ hành
71101,DVL,quan-tri-dich-vu-du-lich-va-lu-hanh,D10,Điểm thi THPT,2025,15.0,Quản trị dịch vụ du lịch và lữ hành
71102,DVL,quan-tri-dich-vu-du-lich-va-lu-hanh,D14,Điểm thi THPT,2025,15.0,Quản trị dịch vụ du lịch và lữ hành
71103,DVL,quan-tri-dich-vu-du-lich-va-lu-hanh,D15,Điểm thi THPT,2025,15.0,Quản trị dịch vụ du lịch và lữ hành
71104,DVL,quan-tri-dich-vu-du-lich-va-lu-hanh,X26,Điểm thi THPT,2025,15.0,Quản trị dịch vụ du lịch và lữ hành
71105,DVL,quan-tri-khach-san,A00,Điểm học bạ,2021,18.0,QUẢN TRỊ KHÁCH SẠN
71106,DVL,quan-tri-khach-san,A01,Điểm học bạ,2021,18.0,QUẢN TRỊ KHÁCH SẠN
71107,DVL,quan-tri-khach-san,D01,Điểm học bạ,2021,18.0,QUẢN TRỊ KHÁCH SẠN
71108,DVL,quan-tri-khach-san,D03,Điểm học bạ,2021,18.0,QUẢN TRỊ KHÁCH SẠN
71109,DVL,quan-tri-khach-san,A00,Điểm thi THPT,2021,19.0,QUẢN TRỊ KHÁCH SẠN
71110,DVL,quan-tri-khach-san,A01,Điểm thi THPT,2021,19.0,QUẢN TRỊ KHÁCH SẠN
71111,DVL,quan-tri-khach-san,D01,Điểm thi THPT,2021,19.0,QUẢN TRỊ KHÁCH SẠN
71112,DVL,quan-tri-khach-san,D03,Điểm thi THPT,2021,19.0,QUẢN TRỊ KHÁCH SẠN
71113,DVL,quan-tri-khach-san,A00,Điểm học bạ,2022,18.0,Quản trị khách sạn
71114,DVL,quan-tri-khach-san,A01,Điểm học bạ,2022,18.0,Quản trị khách sạn
71115,DVL,quan-tri-khach-san,D01,Điểm học bạ,2022,18.0,Quản trị khách sạn
71116,DVL,quan-tri-khach-san,D03,Điểm học bạ,2022,18.0,Quản trị khách sạn
71117,DVL,quan-tri-khach-san,A00,Điểm thi THPT,2022,16.0,Quản trị khách sạn
71118,DVL,quan-tri-khach-san,A01,Điểm thi THPT,2022,16.0,Quản trị khách sạn
71119,DVL,quan-tri-khach-san,D01,Điểm thi THPT,2022,16.0,Quản trị khách sạn
71120,DVL,quan-tri-khach-san,D03,Điểm thi THPT,2022,16.0,Quản trị khách sạn
71121,DVL,quan-tri-khach-san,A00,Điểm học bạ,2023,18.0,Quản trị khách sạn
71122,DVL,quan-tri-khach-san,A01,Điểm học bạ,2023,18.0,Quản trị khách sạn
71123,DVL,quan-tri-khach-san,D01,Điểm học bạ,2023,18.0,Quản trị khách sạn
71124,DVL,quan-tri-khach-san,D03,Điểm học bạ,2023,18.0,Quản trị khách sạn
71125,DVL,quan-tri-khach-san,A00,Điểm thi THPT,2023,16.0,Quản trị khách sạn
71126,DVL,quan-tri-khach-san,A01,Điểm thi THPT,2023,16.0,Quản trị khách sạn
71127,DVL,quan-tri-khach-san,D01,Điểm thi THPT,2023,16.0,Quản trị khách sạn
71128,DVL,quan-tri-khach-san,D03,Điểm thi THPT,2023,16.0,Quản trị khách sạn
71129,DVL,quan-tri-khach-san,A00,Điểm học bạ,2024,18.0,Quản trị Khách sạn
71130,DVL,quan-tri-khach-san,A01,Điểm học bạ,2024,18.0,Quản trị Khách sạn
71131,DVL,quan-tri-khach-san,D01,Điểm học bạ,2024,18.0,Quản trị Khách sạn
71132,DVL,quan-tri-khach-san,D03,Điểm học bạ,2024,18.0,Quản trị Khách sạn
71133,DVL,quan-tri-khach-san,A00,Điểm thi THPT,2024,16.0,Quản trị khách sạn
71134,DVL,quan-tri-khach-san,A01,Điểm thi THPT,2024,16.0,Quản trị khách sạn
71135,DVL,quan-tri-khach-san,D01,Điểm thi THPT,2024,16.0,Quản trị khách sạn
71136,DVL,quan-tri-khach-san,D03,Điểm thi THPT,2024,16.0,Quản trị khách sạn
71137,DVL,quan-tri-khach-san,D01,Điểm học bạ,2025,18.0,Quản trị khách sạn
71138,DVL,quan-tri-khach-san,D09,Điểm học bạ,2025,18.0,Quản trị khách sạn
71139,DVL,quan-tri-khach-san,D10,Điểm học bạ,2025,18.0,Quản trị khách sạn
71140,DVL,quan-tri-khach-san,D14,Điểm học bạ,2025,18.0,Quản trị khách sạn
71141,DVL,quan-tri-khach-san,D15,Điểm học bạ,2025,18.0,Quản trị khách sạn
71142,DVL,quan-tri-khach-san,X26,Điểm học bạ,2025,18.0,Quản trị khách sạn
71143,DVL,quan-tri-khach-san,D01,Điểm thi THPT,2025,15.0,Quản trị khách sạn
71144,DVL,quan-tri-khach-san,D09,Điểm thi THPT,2025,15.0,Quản trị khách sạn
71145,DVL,quan-tri-khach-san,D10,Điểm thi THPT,2025,15.0,Quản trị khách sạn
71146,DVL,quan-tri-khach-san,D14,Điểm thi THPT,2025,15.0,Quản trị khách sạn
71147,DVL,quan-tri-khach-san,D15,Điểm thi THPT,2025,15.0,Quản trị khách sạn
71148,DVL,quan-tri-khach-san,X26,Điểm thi THPT,2025,15.0,Quản trị khách sạn
71149,DVL,quan-tri-kinh-doanh,A00,Điểm học bạ,2021,18.0,QUẢN TRỊ KINH DOANH
71150,DVL,quan-tri-kinh-doanh,A01,Điểm học bạ,2021,18.0,QUẢN TRỊ KINH DOANH
71151,DVL,quan-tri-kinh-doanh,C01,Điểm học bạ,2021,18.0,QUẢN TRỊ KINH DOANH
71152,DVL,quan-tri-kinh-doanh,D01,Điểm học bạ,2021,18.0,QUẢN TRỊ KINH DOANH
71153,DVL,quan-tri-kinh-doanh,A00,Điểm thi THPT,2021,19.0,QUẢN TRỊ KINH DOANH
71154,DVL,quan-tri-kinh-doanh,A01,Điểm thi THPT,2021,19.0,QUẢN TRỊ KINH DOANH
71155,DVL,quan-tri-kinh-doanh,C01,Điểm thi THPT,2021,19.0,QUẢN TRỊ KINH DOANH
71156,DVL,quan-tri-kinh-doanh,D01,Điểm thi THPT,2021,19.0,QUẢN TRỊ KINH DOANH
71157,DVL,quan-tri-kinh-doanh,A00,Điểm học bạ,2022,18.0,Quản trị kinh doanh
71158,DVL,quan-tri-kinh-doanh,A01,Điểm học bạ,2022,18.0,Quản trị kinh doanh
71159,DVL,quan-tri-kinh-doanh,C01,Điểm học bạ,2022,18.0,Quản trị kinh doanh
71160,DVL,quan-tri-kinh-doanh,D01,Điểm học bạ,2022,18.0,Quản trị kinh doanh
71161,DVL,quan-tri-kinh-doanh,A00,Điểm thi THPT,2022,17.0,Quản trị kinh doanh
71162,DVL,quan-tri-kinh-doanh,A01,Điểm thi THPT,2022,17.0,Quản trị kinh doanh
71163,DVL,quan-tri-kinh-doanh,C01,Điểm thi THPT,2022,17.0,Quản trị kinh doanh
71164,DVL,quan-tri-kinh-doanh,D01,Điểm thi THPT,2022,17.0,Quản trị kinh doanh
71165,DVL,quan-tri-kinh-doanh,A00,Điểm học bạ,2023,18.0,Quản trị kinh doanh
71166,DVL,quan-tri-kinh-doanh,A01,Điểm học bạ,2023,18.0,Quản trị kinh doanh
71167,DVL,quan-tri-kinh-doanh,C01,Điểm học bạ,2023,18.0,Quản trị kinh doanh
71168,DVL,quan-tri-kinh-doanh,D01,Điểm học bạ,2023,18.0,Quản trị kinh doanh
71169,DVL,quan-tri-kinh-doanh,A00,Điểm thi THPT,2023,17.0,Quản trị kinh doanh
71170,DVL,quan-tri-kinh-doanh,A01,Điểm thi THPT,2023,17.0,Quản trị kinh doanh
71171,DVL,quan-tri-kinh-doanh,C01,Điểm thi THPT,2023,17.0,Quản trị kinh doanh
71172,DVL,quan-tri-kinh-doanh,D01,Điểm thi THPT,2023,17.0,Quản trị kinh doanh
71173,DVL,quan-tri-kinh-doanh,A00,Điểm học bạ,2024,18.0,Quản trị Kinh doanh
71174,DVL,quan-tri-kinh-doanh,A01,Điểm học bạ,2024,18.0,Quản trị Kinh doanh
71175,DVL,quan-tri-kinh-doanh,C01,Điểm học bạ,2024,18.0,Quản trị Kinh doanh
71176,DVL,quan-tri-kinh-doanh,D01,Điểm học bạ,2024,18.0,Quản trị Kinh doanh
71177,DVL,quan-tri-kinh-doanh,A00,Điểm thi THPT,2024,16.0,Quản trị kinh doanh
71178,DVL,quan-tri-kinh-doanh,A01,Điểm thi THPT,2024,16.0,Quản trị kinh doanh
71179,DVL,quan-tri-kinh-doanh,C01,Điểm thi THPT,2024,16.0,Quản trị kinh doanh
71180,DVL,quan-tri-kinh-doanh,D01,Điểm thi THPT,2024,16.0,Quản trị kinh doanh
71181,DVL,quan-tri-kinh-doanh,A00,Điểm học bạ,2025,18.0,Quản trị kinh doanh
71182,DVL,quan-tri-kinh-doanh,A01,Điểm học bạ,2025,18.0,Quản trị kinh doanh
71183,DVL,quan-tri-kinh-doanh,C01,Điểm học bạ,2025,18.0,Quản trị kinh doanh
71184,DVL,quan-tri-kinh-doanh,D01,Điểm học bạ,2025,18.0,Quản trị kinh doanh
71185,DVL,quan-tri-kinh-doanh,D07,Điểm học bạ,2025,18.0,Quản trị kinh doanh
71186,DVL,quan-tri-kinh-doanh,D10,Điểm học bạ,2025,18.0,Quản trị kinh doanh
71187,DVL,quan-tri-kinh-doanh,X25,Điểm học bạ,2025,18.0,Quản trị kinh doanh
71188,DVL,quan-tri-kinh-doanh,A00,Điểm thi THPT,2025,15.0,Quản trị kinh doanh
71189,DVL,quan-tri-kinh-doanh,A01,Điểm thi THPT,2025,15.0,Quản trị kinh doanh
71190,DVL,quan-tri-kinh-doanh,C01,Điểm thi THPT,2025,15.0,Quản trị kinh doanh
71191,DVL,quan-tri-kinh-doanh,D01,Điểm thi THPT,2025,15.0,Quản trị kinh doanh
71192,DVL,quan-tri-kinh-doanh,D07,Điểm thi THPT,2025,15.0,Quản trị kinh doanh
71193,DVL,quan-tri-kinh-doanh,D10,Điểm thi THPT,2025,15.0,Quản trị kinh doanh
71194,DVL,quan-tri-kinh-doanh,X25,Điểm thi THPT,2025,15.0,Quản trị kinh doanh
71195,DVL,quan-tri-moi-truong-doanh-nghiep,A00,Điểm học bạ,2021,18.0,QUẢN TRỊ MÔI TRƯỜNG DOANH NGHIỆP
71196,DVL,quan-tri-moi-truong-doanh-nghiep,B00,Điểm học bạ,2021,18.0,QUẢN TRỊ MÔI TRƯỜNG DOANH NGHIỆP
71197,DVL,quan-tri-moi-truong-doanh-nghiep,D05,Điểm học bạ,2021,18.0,QUẢN TRỊ MÔI TRƯỜNG DOANH NGHIỆP
71198,DVL,quan-tri-moi-truong-doanh-nghiep,D07,Điểm học bạ,2021,18.0,QUẢN TRỊ MÔI TRƯỜNG DOANH NGHIỆP
71199,DVL,quan-tri-moi-truong-doanh-nghiep,A00,Điểm thi THPT,2021,16.0,QUẢN TRỊ MÔI TRƯỜNG DOANH NGHIỆP
71200,DVL,quan-tri-moi-truong-doanh-nghiep,B00,Điểm thi THPT,2021,16.0,QUẢN TRỊ MÔI TRƯỜNG DOANH NGHIỆP
71201,DVL,quan-tri-moi-truong-doanh-nghiep,D05,Điểm thi THPT,2021,16.0,QUẢN TRỊ MÔI TRƯỜNG DOANH NGHIỆP
71202,DVL,quan-tri-moi-truong-doanh-nghiep,D07,Điểm thi THPT,2021,16.0,QUẢN TRỊ MÔI TRƯỜNG DOANH NGHIỆP
71203,DVL,quan-tri-moi-truong-doanh-nghiep,A00,Điểm học bạ,2022,18.0,Quản trị môi trường doanh nghiệp
71204,DVL,quan-tri-moi-truong-doanh-nghiep,B00,Điểm học bạ,2022,18.0,Quản trị môi trường doanh nghiệp
71205,DVL,quan-tri-moi-truong-doanh-nghiep,D07,Điểm học bạ,2022,18.0,Quản trị môi trường doanh nghiệp
71206,DVL,quan-tri-moi-truong-doanh-nghiep,D08,Điểm học bạ,2022,18.0,Quản trị môi trường doanh nghiệp
71207,DVL,quan-tri-moi-truong-doanh-nghiep,A00,Điểm thi THPT,2022,16.0,Quản trị môi trường doanh nghiệp
71208,DVL,quan-tri-moi-truong-doanh-nghiep,B00,Điểm thi THPT,2022,16.0,Quản trị môi trường doanh nghiệp
71209,DVL,quan-tri-moi-truong-doanh-nghiep,D07,Điểm thi THPT,2022,16.0,Quản trị môi trường doanh nghiệp
71210,DVL,quan-tri-moi-truong-doanh-nghiep,D08,Điểm thi THPT,2022,16.0,Quản trị môi trường doanh nghiệp
71211,DVL,quan-tri-nha-hang-va-dich-vu-an-uong,A00,Điểm học bạ,2021,18.0,QUẢN TRỊ NHÀ HÀNG VÀ DỊCH VỤ ĂN UỐNG
71212,DVL,quan-tri-nha-hang-va-dich-vu-an-uong,A01,Điểm học bạ,2021,18.0,QUẢN TRỊ NHÀ HÀNG VÀ DỊCH VỤ ĂN UỐNG
71213,DVL,quan-tri-nha-hang-va-dich-vu-an-uong,D01,Điểm học bạ,2021,18.0,QUẢN TRỊ NHÀ HÀNG VÀ DỊCH VỤ ĂN UỐNG
71214,DVL,quan-tri-nha-hang-va-dich-vu-an-uong,D03,Điểm học bạ,2021,18.0,QUẢN TRỊ NHÀ HÀNG VÀ DỊCH VỤ ĂN UỐNG
71215,DVL,quan-tri-nha-hang-va-dich-vu-an-uong,A00,Điểm thi THPT,2021,17.0,QUẢN TRỊ NHÀ HÀNG VÀ DỊCH VỤ ĂN UỐNG
71216,DVL,quan-tri-nha-hang-va-dich-vu-an-uong,A01,Điểm thi THPT,2021,17.0,QUẢN TRỊ NHÀ HÀNG VÀ DỊCH VỤ ĂN UỐNG
71217,DVL,quan-tri-nha-hang-va-dich-vu-an-uong,D01,Điểm thi THPT,2021,17.0,QUẢN TRỊ NHÀ HÀNG VÀ DỊCH VỤ ĂN UỐNG
71218,DVL,quan-tri-nha-hang-va-dich-vu-an-uong,D03,Điểm thi THPT,2021,17.0,QUẢN TRỊ NHÀ HÀNG VÀ DỊCH VỤ ĂN UỐNG
71219,DVL,quan-tri-nha-hang-va-dich-vu-an-uong,A00,Điểm học bạ,2022,18.0,Quản trị nhà hàng và dịch vụ ăn uống
71220,DVL,quan-tri-nha-hang-va-dich-vu-an-uong,A01,Điểm học bạ,2022,18.0,Quản trị nhà hàng và dịch vụ ăn uống
71221,DVL,quan-tri-nha-hang-va-dich-vu-an-uong,D01,Điểm học bạ,2022,18.0,Quản trị nhà hàng và dịch vụ ăn uống
71222,DVL,quan-tri-nha-hang-va-dich-vu-an-uong,D03,Điểm học bạ,2022,18.0,Quản trị nhà hàng và dịch vụ ăn uống
71223,DVL,quan-tri-nha-hang-va-dich-vu-an-uong,A00,Điểm thi THPT,2022,16.0,Quản trị nhà hàng và Dịch vụ ăn uống
71224,DVL,quan-tri-nha-hang-va-dich-vu-an-uong,A01,Điểm thi THPT,2022,16.0,Quản trị nhà hàng và Dịch vụ ăn uống
71225,DVL,quan-tri-nha-hang-va-dich-vu-an-uong,D01,Điểm thi THPT,2022,16.0,Quản trị nhà hàng và Dịch vụ ăn uống
71226,DVL,quan-tri-nha-hang-va-dich-vu-an-uong,D03,Điểm thi THPT,2022,16.0,Quản trị nhà hàng và Dịch vụ ăn uống
71227,DVL,quan-tri-nha-hang-va-dich-vu-an-uong,A00,Điểm học bạ,2023,18.0,Quản trị nhà hàng và dịch vụ ăn uống
71228,DVL,quan-tri-nha-hang-va-dich-vu-an-uong,A01,Điểm học bạ,2023,18.0,Quản trị nhà hàng và dịch vụ ăn uống
71229,DVL,quan-tri-nha-hang-va-dich-vu-an-uong,D01,Điểm học bạ,2023,18.0,Quản trị nhà hàng và dịch vụ ăn uống
71230,DVL,quan-tri-nha-hang-va-dich-vu-an-uong,D03,Điểm học bạ,2023,18.0,Quản trị nhà hàng và dịch vụ ăn uống
71231,DVL,quan-tri-nha-hang-va-dich-vu-an-uong,A00,Điểm thi THPT,2023,16.0,Quản trị nhà hàng và dịch vụ ăn uống
71232,DVL,quan-tri-nha-hang-va-dich-vu-an-uong,A01,Điểm thi THPT,2023,16.0,Quản trị nhà hàng và dịch vụ ăn uống
71233,DVL,quan-tri-nha-hang-va-dich-vu-an-uong,D01,Điểm thi THPT,2023,16.0,Quản trị nhà hàng và dịch vụ ăn uống
71234,DVL,quan-tri-nha-hang-va-dich-vu-an-uong,D03,Điểm thi THPT,2023,16.0,Quản trị nhà hàng và dịch vụ ăn uống
71235,DVL,quan-tri-nha-hang-va-dich-vu-an-uong,A00,Điểm học bạ,2024,18.0,Quản trị Nhà hàng và Dịch vụ Ăn uống
71236,DVL,quan-tri-nha-hang-va-dich-vu-an-uong,A01,Điểm học bạ,2024,18.0,Quản trị Nhà hàng và Dịch vụ Ăn uống
71237,DVL,quan-tri-nha-hang-va-dich-vu-an-uong,D01,Điểm học bạ,2024,18.0,Quản trị Nhà hàng và Dịch vụ Ăn uống
71238,DVL,quan-tri-nha-hang-va-dich-vu-an-uong,D03,Điểm học bạ,2024,18.0,Quản trị Nhà hàng và Dịch vụ Ăn uống
71239,DVL,quan-tri-nha-hang-va-dich-vu-an-uong,A00,Điểm thi THPT,2024,16.0,Quản trị nhà hàng và dịch vụ ăn uống
71240,DVL,quan-tri-nha-hang-va-dich-vu-an-uong,A01,Điểm thi THPT,2024,16.0,Quản trị nhà hàng và dịch vụ ăn uống
71241,DVL,quan-tri-nha-hang-va-dich-vu-an-uong,D01,Điểm thi THPT,2024,16.0,Quản trị nhà hàng và dịch vụ ăn uống
71242,DVL,quan-tri-nha-hang-va-dich-vu-an-uong,D03,Điểm thi THPT,2024,16.0,Quản trị nhà hàng và dịch vụ ăn uống
71243,DVL,quan-tri-nha-hang-va-dich-vu-an-uong,D01,Điểm học bạ,2025,18.0,Quản trị nhà hàng và Dịch vụ ăn uống
71244,DVL,quan-tri-nha-hang-va-dich-vu-an-uong,D09,Điểm học bạ,2025,18.0,Quản trị nhà hàng và Dịch vụ ăn uống
71245,DVL,quan-tri-nha-hang-va-dich-vu-an-uong,D10,Điểm học bạ,2025,18.0,Quản trị nhà hàng và Dịch vụ ăn uống
71246,DVL,quan-tri-nha-hang-va-dich-vu-an-uong,D14,Điểm học bạ,2025,18.0,Quản trị nhà hàng và Dịch vụ ăn uống
71247,DVL,quan-tri-nha-hang-va-dich-vu-an-uong,D15,Điểm học bạ,2025,18.0,Quản trị nhà hàng và Dịch vụ ăn uống
71248,DVL,quan-tri-nha-hang-va-dich-vu-an-uong,X26,Điểm học bạ,2025,18.0,Quản trị nhà hàng và Dịch vụ ăn uống
71249,DVL,quan-tri-nha-hang-va-dich-vu-an-uong,D01,Điểm thi THPT,2025,15.0,Quản trị nhà hàng và Dịch vụ ăn uống
71250,DVL,quan-tri-nha-hang-va-dich-vu-an-uong,D09,Điểm thi THPT,2025,15.0,Quản trị nhà hàng và Dịch vụ ăn uống
71251,DVL,quan-tri-nha-hang-va-dich-vu-an-uong,D10,Điểm thi THPT,2025,15.0,Quản trị nhà hàng và Dịch vụ ăn uống
71252,DVL,quan-tri-nha-hang-va-dich-vu-an-uong,D14,Điểm thi THPT,2025,15.0,Quản trị nhà hàng và Dịch vụ ăn uống
71253,DVL,quan-tri-nha-hang-va-dich-vu-an-uong,D15,Điểm thi THPT,2025,15.0,Quản trị nhà hàng và Dịch vụ ăn uống
71254,DVL,quan-tri-nha-hang-va-dich-vu-an-uong,X26,Điểm thi THPT,2025,15.0,Quản trị nhà hàng và Dịch vụ ăn uống
71255,DVL,rang-ham-mat,A00,Điểm học bạ,2021,24.0,RĂNG - HÀM - MẶT
71256,DVL,rang-ham-mat,B00,Điểm học bạ,2021,24.0,RĂNG - HÀM - MẶT
71257,DVL,rang-ham-mat,D07,Điểm học bạ,2021,24.0,RĂNG - HÀM - MẶT
71258,DVL,rang-ham-mat,D08,Điểm học bạ,2021,24.0,RĂNG - HÀM - MẶT
71259,DVL,rang-ham-mat,A00,Điểm thi THPT,2021,24.0,RĂNG - HÀM - MẶT
71260,DVL,rang-ham-mat,B00,Điểm thi THPT,2021,24.0,RĂNG - HÀM - MẶT
71261,DVL,rang-ham-mat,D07,Điểm thi THPT,2021,24.0,RĂNG - HÀM - MẶT
71262,DVL,rang-ham-mat,D08,Điểm thi THPT,2021,24.0,RĂNG - HÀM - MẶT
71263,DVL,rang-ham-mat,A00,Điểm học bạ,2022,24.0,Răng - hàm - mặt
71264,DVL,rang-ham-mat,B00,Điểm học bạ,2022,24.0,Răng - hàm - mặt
71265,DVL,rang-ham-mat,D07,Điểm học bạ,2022,24.0,Răng - hàm - mặt
71266,DVL,rang-ham-mat,D08,Điểm học bạ,2022,24.0,Răng - hàm - mặt
71267,DVL,rang-ham-mat,A00,Điểm thi THPT,2022,23.0,Răng - Hàm - Mặt
71268,DVL,rang-ham-mat,B00,Điểm thi THPT,2022,23.0,Răng - Hàm - Mặt
71269,DVL,rang-ham-mat,D07,Điểm thi THPT,2022,23.0,Răng - Hàm - Mặt
71270,DVL,rang-ham-mat,D08,Điểm thi THPT,2022,23.0,Răng - Hàm - Mặt
71271,DVL,rang-ham-mat,A00,Điểm học bạ,2023,24.0,Răng - hàm - mặt
71272,DVL,rang-ham-mat,B00,Điểm học bạ,2023,24.0,Răng - hàm - mặt
71273,DVL,rang-ham-mat,D07,Điểm học bạ,2023,24.0,Răng - hàm - mặt
71274,DVL,rang-ham-mat,D08,Điểm học bạ,2023,24.0,Răng - hàm - mặt
71275,DVL,rang-ham-mat,A00,Điểm thi THPT,2023,24.0,Răng - Hàm - Mặt
71276,DVL,rang-ham-mat,B00,Điểm thi THPT,2023,24.0,Răng - Hàm - Mặt
71277,DVL,rang-ham-mat,D07,Điểm thi THPT,2023,24.0,Răng - Hàm - Mặt
71278,DVL,rang-ham-mat,D08,Điểm thi THPT,2023,24.0,Răng - Hàm - Mặt
71279,DVL,rang-ham-mat,A00,Điểm học bạ,2024,24.0,Răng - Hàm - Mặt
71280,DVL,rang-ham-mat,B00,Điểm học bạ,2024,24.0,Răng - Hàm - Mặt
71281,DVL,rang-ham-mat,D07,Điểm học bạ,2024,24.0,Răng - Hàm - Mặt
71282,DVL,rang-ham-mat,D08,Điểm học bạ,2024,24.0,Răng - Hàm - Mặt
71283,DVL,rang-ham-mat,A00,Điểm thi THPT,2024,22.5,Răng - Hàm - Mặt
71284,DVL,rang-ham-mat,B00,Điểm thi THPT,2024,22.5,Răng - Hàm - Mặt
71285,DVL,rang-ham-mat,D07,Điểm thi THPT,2024,22.5,Răng - Hàm - Mặt
71286,DVL,rang-ham-mat,D08,Điểm thi THPT,2024,22.5,Răng - Hàm - Mặt
71287,DVL,rang-ham-mat,A00,Điểm học bạ,2025,23.0,Răng - Hàm - Mặt
71288,DVL,rang-ham-mat,B00,Điểm học bạ,2025,23.0,Răng - Hàm - Mặt
71289,DVL,rang-ham-mat,D07,Điểm học bạ,2025,23.0,Răng - Hàm - Mặt
71290,DVL,rang-ham-mat,X09,Điểm học bạ,2025,23.0,Răng - Hàm - Mặt
71291,DVL,rang-ham-mat,X10,Điểm học bạ,2025,23.0,Răng - Hàm - Mặt
71292,DVL,rang-ham-mat,A00,Điểm thi THPT,2025,20.5,Răng - Hàm - Mặt
71293,DVL,rang-ham-mat,B00,Điểm thi THPT,2025,20.5,Răng - Hàm - Mặt
71294,DVL,rang-ham-mat,D07,Điểm thi THPT,2025,20.5,Răng - Hàm - Mặt
71295,DVL,rang-ham-mat,X09,Điểm thi THPT,2025,20.5,Răng - Hàm - Mặt
71296,DVL,rang-ham-mat,X10,Điểm thi THPT,2025,20.5,Răng - Hàm - Mặt
71297,DVL,tai-chinh-ngan-hang,A00,Điểm học bạ,2021,18.0,TÀI CHÍNH - NGÂN HÀNG
71298,DVL,tai-chinh-ngan-hang,A01,Điểm học bạ,2021,18.0,TÀI CHÍNH - NGÂN HÀNG
71299,DVL,tai-chinh-ngan-hang,C04,Điểm học bạ,2021,18.0,TÀI CHÍNH - NGÂN HÀNG
71300,DVL,tai-chinh-ngan-hang,D01,Điểm học bạ,2021,18.0,TÀI CHÍNH - NGÂN HÀNG
71301,DVL,tai-chinh-ngan-hang,A00,Điểm thi THPT,2021,19.0,TÀI CHÍNH - NGÂN HÀNG
71302,DVL,tai-chinh-ngan-hang,A01,Điểm thi THPT,2021,19.0,TÀI CHÍNH - NGÂN HÀNG
71303,DVL,tai-chinh-ngan-hang,C04,Điểm thi THPT,2021,19.0,TÀI CHÍNH - NGÂN HÀNG
71304,DVL,tai-chinh-ngan-hang,D01,Điểm thi THPT,2021,19.0,TÀI CHÍNH - NGÂN HÀNG
71305,DVL,tai-chinh-ngan-hang,A00,Điểm học bạ,2022,18.0,Tài chính - Ngân hàng
71306,DVL,tai-chinh-ngan-hang,A01,Điểm học bạ,2022,18.0,Tài chính - Ngân hàng
71307,DVL,tai-chinh-ngan-hang,C04,Điểm học bạ,2022,18.0,Tài chính - Ngân hàng
71308,DVL,tai-chinh-ngan-hang,D01,Điểm học bạ,2022,18.0,Tài chính - Ngân hàng
71309,DVL,tai-chinh-ngan-hang,A00,Điểm thi THPT,2022,16.0,Tài chính - Ngân hàng
71310,DVL,tai-chinh-ngan-hang,A01,Điểm thi THPT,2022,16.0,Tài chính - Ngân hàng
71311,DVL,tai-chinh-ngan-hang,C04,Điểm thi THPT,2022,16.0,Tài chính - Ngân hàng
71312,DVL,tai-chinh-ngan-hang,D01,Điểm thi THPT,2022,16.0,Tài chính - Ngân hàng
71313,DVL,tai-chinh-ngan-hang,A00,Điểm học bạ,2023,18.0,Tài chính - Ngân hàng
71314,DVL,tai-chinh-ngan-hang,A01,Điểm học bạ,2023,18.0,Tài chính - Ngân hàng
71315,DVL,tai-chinh-ngan-hang,C04,Điểm học bạ,2023,18.0,Tài chính - Ngân hàng
71316,DVL,tai-chinh-ngan-hang,D01,Điểm học bạ,2023,18.0,Tài chính - Ngân hàng
71317,DVL,tai-chinh-ngan-hang,A00,Điểm thi THPT,2023,16.0,Tài chính - Ngân hàng
71318,DVL,tai-chinh-ngan-hang,A01,Điểm thi THPT,2023,16.0,Tài chính - Ngân hàng
71319,DVL,tai-chinh-ngan-hang,C04,Điểm thi THPT,2023,16.0,Tài chính - Ngân hàng
71320,DVL,tai-chinh-ngan-hang,D01,Điểm thi THPT,2023,16.0,Tài chính - Ngân hàng
71321,DVL,tai-chinh-ngan-hang,A00,Điểm học bạ,2024,18.0,Tài chính - Ngân hàng
71322,DVL,tai-chinh-ngan-hang,A01,Điểm học bạ,2024,18.0,Tài chính - Ngân hàng
71323,DVL,tai-chinh-ngan-hang,C04,Điểm học bạ,2024,18.0,Tài chính - Ngân hàng
71324,DVL,tai-chinh-ngan-hang,D01,Điểm học bạ,2024,18.0,Tài chính - Ngân hàng
71325,DVL,tai-chinh-ngan-hang,A00,Điểm thi THPT,2024,16.0,Tài chính - ngân hàng
71326,DVL,tai-chinh-ngan-hang,A01,Điểm thi THPT,2024,16.0,Tài chính - ngân hàng
71327,DVL,tai-chinh-ngan-hang,C04,Điểm thi THPT,2024,16.0,Tài chính - ngân hàng
71328,DVL,tai-chinh-ngan-hang,D01,Điểm thi THPT,2024,16.0,Tài chính - ngân hàng
71329,DVL,tai-chinh-ngan-hang,A00,Điểm học bạ,2025,18.0,Tài chính - Ngân hàng
71330,DVL,tai-chinh-ngan-hang,A01,Điểm học bạ,2025,18.0,Tài chính - Ngân hàng
71331,DVL,tai-chinh-ngan-hang,C01,Điểm học bạ,2025,18.0,Tài chính - Ngân hàng
71332,DVL,tai-chinh-ngan-hang,D01,Điểm học bạ,2025,18.0,Tài chính - Ngân hàng
71333,DVL,tai-chinh-ngan-hang,D07,Điểm học bạ,2025,18.0,Tài chính - Ngân hàng
71334,DVL,tai-chinh-ngan-hang,D10,Điểm học bạ,2025,18.0,Tài chính - Ngân hàng
71335,DVL,tai-chinh-ngan-hang,X25,Điểm học bạ,2025,18.0,Tài chính - Ngân hàng
71336,DVL,tai-chinh-ngan-hang,A00,Điểm thi THPT,2025,15.0,Tài chính - Ngân hàng
71337,DVL,tai-chinh-ngan-hang,A01,Điểm thi THPT,2025,15.0,Tài chính - Ngân hàng
71338,DVL,tai-chinh-ngan-hang,C01,Điểm thi THPT,2025,15.0,Tài chính - Ngân hàng
71339,DVL,tai-chinh-ngan-hang,D01,Điểm thi THPT,2025,15.0,Tài chính - Ngân hàng
71340,DVL,tai-chinh-ngan-hang,D07,Điểm thi THPT,2025,15.0,Tài chính - Ngân hàng
71341,DVL,tai-chinh-ngan-hang,D10,Điểm thi THPT,2025,15.0,Tài chính - Ngân hàng
71342,DVL,tai-chinh-ngan-hang,X25,Điểm thi THPT,2025,15.0,Tài chính - Ngân hàng
71343,DVL,tam-ly-hoc,B00,Điểm học bạ,2021,18.0,TÂM LÝ HỌC
71344,DVL,tam-ly-hoc,B03,Điểm học bạ,2021,18.0,TÂM LÝ HỌC
71345,DVL,tam-ly-hoc,C00,Điểm học bạ,2021,18.0,TÂM LÝ HỌC
71346,DVL,tam-ly-hoc,D01,Điểm học bạ,2021,18.0,TÂM LÝ HỌC
71347,DVL,tam-ly-hoc,B00,Điểm thi THPT,2021,19.0,TÂM LÝ HỌC
71348,DVL,tam-ly-hoc,B03,Điểm thi THPT,2021,19.0,TÂM LÝ HỌC
71349,DVL,tam-ly-hoc,C00,Điểm thi THPT,2021,19.0,TÂM LÝ HỌC
71350,DVL,tam-ly-hoc,D01,Điểm thi THPT,2021,19.0,TÂM LÝ HỌC
71351,DVL,tam-ly-hoc,B00,Điểm học bạ,2022,18.0,Tâm lý học
71352,DVL,tam-ly-hoc,B03,Điểm học bạ,2022,18.0,Tâm lý học
71353,DVL,tam-ly-hoc,C00,Điểm học bạ,2022,18.0,Tâm lý học
71354,DVL,tam-ly-hoc,D01,Điểm học bạ,2022,18.0,Tâm lý học
71355,DVL,tam-ly-hoc,B00,Điểm thi THPT,2022,17.0,Tâm lý học
71356,DVL,tam-ly-hoc,B03,Điểm thi THPT,2022,17.0,Tâm lý học
71357,DVL,tam-ly-hoc,C00,Điểm thi THPT,2022,17.0,Tâm lý học
71358,DVL,tam-ly-hoc,D01,Điểm thi THPT,2022,17.0,Tâm lý học
71359,DVL,tam-ly-hoc,B00,Điểm học bạ,2023,18.0,Tâm lý học
71360,DVL,tam-ly-hoc,B03,Điểm học bạ,2023,18.0,Tâm lý học
71361,DVL,tam-ly-hoc,C00,Điểm học bạ,2023,18.0,Tâm lý học
71362,DVL,tam-ly-hoc,D01,Điểm học bạ,2023,18.0,Tâm lý học
71363,DVL,tam-ly-hoc,B00,Điểm thi THPT,2023,16.0,Tâm lý học
71364,DVL,tam-ly-hoc,B03,Điểm thi THPT,2023,16.0,Tâm lý học
71365,DVL,tam-ly-hoc,C00,Điểm thi THPT,2023,16.0,Tâm lý học
71366,DVL,tam-ly-hoc,D01,Điểm thi THPT,2023,16.0,Tâm lý học
71367,DVL,tam-ly-hoc,B00,Điểm học bạ,2024,18.0,Tâm lý học
71368,DVL,tam-ly-hoc,B03,Điểm học bạ,2024,18.0,Tâm lý học
71369,DVL,tam-ly-hoc,C00,Điểm học bạ,2024,18.0,Tâm lý học
71370,DVL,tam-ly-hoc,D01,Điểm học bạ,2024,18.0,Tâm lý học
71371,DVL,tam-ly-hoc,B00,Điểm thi THPT,2024,16.0,Tâm lý học
71372,DVL,tam-ly-hoc,B03,Điểm thi THPT,2024,16.0,Tâm lý học
71373,DVL,tam-ly-hoc,C00,Điểm thi THPT,2024,16.0,Tâm lý học
71374,DVL,tam-ly-hoc,D01,Điểm thi THPT,2024,16.0,Tâm lý học
71375,DVL,tam-ly-hoc,B03,Điểm học bạ,2025,18.0,Tâm lý học
71376,DVL,tam-ly-hoc,B08,Điểm học bạ,2025,18.0,Tâm lý học
71377,DVL,tam-ly-hoc,C02,Điểm học bạ,2025,18.0,Tâm lý học
71378,DVL,tam-ly-hoc,D01,Điểm học bạ,2025,18.0,Tâm lý học
71379,DVL,tam-ly-hoc,B03,Điểm thi THPT,2025,15.0,Tâm lý học
71380,DVL,tam-ly-hoc,B08,Điểm thi THPT,2025,15.0,Tâm lý học
71381,DVL,tam-ly-hoc,C02,Điểm thi THPT,2025,15.0,Tâm lý học
71382,DVL,tam-ly-hoc,D01,Điểm thi THPT,2025,15.0,Tâm lý học
71383,DVL,thanh-nhac,N00,Điểm học bạ,2021,24.0,THANH NHẠC
71384,DVL,thanh-nhac,N00,Điểm thi THPT,2021,22.0,THANH NHẠC
71385,DVL,thanh-nhac,N00,Điểm học bạ,2022,24.0,Thanh nhạc
71386,DVL,thanh-nhac,N00,Điểm thi THPT,2022,18.0,Thanh nhạc
71387,DVL,thanh-nhac,N00,Điểm học bạ,2023,24.0,Thanh nhạc
71388,DVL,thanh-nhac,N00,Điểm thi THPT,2023,18.0,Thanh nhạc
71389,DVL,thanh-nhac,N00,Điểm học bạ,2024,24.0,Thanh nhạc
71390,DVL,thanh-nhac,N00,Điểm thi THPT,2024,18.0,Thanh nhạc
71391,DVL,thanh-nhac,N00,Điểm học bạ,2025,18.0,Thanh nhạc
71392,DVL,thanh-nhac,N00,Điểm thi THPT,2025,18.0,Thanh nhạc
71393,DVL,thiet-ke-cong-nghiep,H03,Điểm học bạ,2021,24.0,THIẾT KẾ CÔNG NGHIỆP
71394,DVL,thiet-ke-cong-nghiep,H04,Điểm học bạ,2021,24.0,THIẾT KẾ CÔNG NGHIỆP
71395,DVL,thiet-ke-cong-nghiep,H05,Điểm học bạ,2021,24.0,THIẾT KẾ CÔNG NGHIỆP
71396,DVL,thiet-ke-cong-nghiep,H06,Điểm học bạ,2021,24.0,THIẾT KẾ CÔNG NGHIỆP
71397,DVL,thiet-ke-cong-nghiep,H03,Điểm thi THPT,2021,23.0,THIẾT KẾ CÔNG NGHIỆP
71398,DVL,thiet-ke-cong-nghiep,H04,Điểm thi THPT,2021,23.0,THIẾT KẾ CÔNG NGHIỆP
71399,DVL,thiet-ke-cong-nghiep,H05,Điểm thi THPT,2021,23.0,THIẾT KẾ CÔNG NGHIỆP
71400,DVL,thiet-ke-cong-nghiep,H06,Điểm thi THPT,2021,23.0,THIẾT KẾ CÔNG NGHIỆP
71401,DVL,thiet-ke-cong-nghiep,H03,Điểm học bạ,2022,24.0,Thiết kế công nghiệp
71402,DVL,thiet-ke-cong-nghiep,H04,Điểm học bạ,2022,24.0,Thiết kế công nghiệp
71403,DVL,thiet-ke-cong-nghiep,H05,Điểm học bạ,2022,24.0,Thiết kế công nghiệp
71404,DVL,thiet-ke-cong-nghiep,H06,Điểm học bạ,2022,24.0,Thiết kế công nghiệp
71405,DVL,thiet-ke-cong-nghiep,H03,Điểm thi THPT,2022,16.0,Thiết kế công nghiệp
71406,DVL,thiet-ke-cong-nghiep,H04,Điểm thi THPT,2022,16.0,Thiết kế công nghiệp
71407,DVL,thiet-ke-cong-nghiep,H05,Điểm thi THPT,2022,16.0,Thiết kế công nghiệp
71408,DVL,thiet-ke-cong-nghiep,H06,Điểm thi THPT,2022,16.0,Thiết kế công nghiệp
71409,DVL,thiet-ke-cong-nghiep,H03,Điểm học bạ,2023,24.0,Thiết kế công nghiệp
71410,DVL,thiet-ke-cong-nghiep,H04,Điểm học bạ,2023,24.0,Thiết kế công nghiệp
71411,DVL,thiet-ke-cong-nghiep,H05,Điểm học bạ,2023,24.0,Thiết kế công nghiệp
71412,DVL,thiet-ke-cong-nghiep,H06,Điểm học bạ,2023,24.0,Thiết kế công nghiệp
71413,DVL,thiet-ke-cong-nghiep,H03,Điểm thi THPT,2023,16.0,Thiết kế công nghiệp
71414,DVL,thiet-ke-cong-nghiep,H04,Điểm thi THPT,2023,16.0,Thiết kế công nghiệp
71415,DVL,thiet-ke-cong-nghiep,H05,Điểm thi THPT,2023,16.0,Thiết kế công nghiệp
71416,DVL,thiet-ke-cong-nghiep,H06,Điểm thi THPT,2023,16.0,Thiết kế công nghiệp
71417,DVL,thiet-ke-cong-nghiep,H03,Điểm học bạ,2024,24.0,Thiết kế Công nghiệp
71418,DVL,thiet-ke-cong-nghiep,H04,Điểm học bạ,2024,24.0,Thiết kế Công nghiệp
71419,DVL,thiet-ke-cong-nghiep,H05,Điểm học bạ,2024,24.0,Thiết kế Công nghiệp
71420,DVL,thiet-ke-cong-nghiep,H06,Điểm học bạ,2024,24.0,Thiết kế Công nghiệp
71421,DVL,thiet-ke-cong-nghiep,H03,Điểm thi THPT,2024,16.0,Thiết kế công nghiệp
71422,DVL,thiet-ke-cong-nghiep,H04,Điểm thi THPT,2024,16.0,Thiết kế công nghiệp
71423,DVL,thiet-ke-cong-nghiep,H05,Điểm thi THPT,2024,16.0,Thiết kế công nghiệp
71424,DVL,thiet-ke-cong-nghiep,H06,Điểm thi THPT,2024,16.0,Thiết kế công nghiệp
71425,DVL,thiet-ke-cong-nghiep,H01,Điểm học bạ,2025,18.0,Thiết kế công nghiệp
71426,DVL,thiet-ke-cong-nghiep,H04,Điểm học bạ,2025,18.0,Thiết kế công nghiệp
71427,DVL,thiet-ke-cong-nghiep,H06,Điểm học bạ,2025,18.0,Thiết kế công nghiệp
71428,DVL,thiet-ke-cong-nghiep,H07,Điểm học bạ,2025,18.0,Thiết kế công nghiệp
71429,DVL,thiet-ke-cong-nghiep,H08,Điểm học bạ,2025,18.0,Thiết kế công nghiệp
71430,DVL,thiet-ke-cong-nghiep,H01,Điểm thi THPT,2025,15.0,Thiết kế công nghiệp
71431,DVL,thiet-ke-cong-nghiep,H04,Điểm thi THPT,2025,15.0,Thiết kế công nghiệp
71432,DVL,thiet-ke-cong-nghiep,H06,Điểm thi THPT,2025,15.0,Thiết kế công nghiệp
71433,DVL,thiet-ke-cong-nghiep,H07,Điểm thi THPT,2025,15.0,Thiết kế công nghiệp
71434,DVL,thiet-ke-cong-nghiep,H08,Điểm thi THPT,2025,15.0,Thiết kế công nghiệp
71435,DVL,thiet-ke-do-hoa,H03,Điểm học bạ,2021,24.0,THIẾT KẾ ĐỒ HỌA
71436,DVL,thiet-ke-do-hoa,H04,Điểm học bạ,2021,24.0,THIẾT KẾ ĐỒ HỌA
71437,DVL,thiet-ke-do-hoa,H05,Điểm học bạ,2021,24.0,THIẾT KẾ ĐỒ HỌA
71438,DVL,thiet-ke-do-hoa,H06,Điểm học bạ,2021,24.0,THIẾT KẾ ĐỒ HỌA
71439,DVL,thiet-ke-do-hoa,H03,Điểm thi THPT,2021,26.0,THIẾT KẾ ĐỒ HỌA
71440,DVL,thiet-ke-do-hoa,H04,Điểm thi THPT,2021,26.0,THIẾT KẾ ĐỒ HỌA
71441,DVL,thiet-ke-do-hoa,H05,Điểm thi THPT,2021,26.0,THIẾT KẾ ĐỒ HỌA
71442,DVL,thiet-ke-do-hoa,H06,Điểm thi THPT,2021,26.0,THIẾT KẾ ĐỒ HỌA
71443,DVL,thiet-ke-do-hoa,H03,Điểm học bạ,2022,24.0,Thiết kế đồ họa
71444,DVL,thiet-ke-do-hoa,H04,Điểm học bạ,2022,24.0,Thiết kế đồ họa
71445,DVL,thiet-ke-do-hoa,H05,Điểm học bạ,2022,24.0,Thiết kế đồ họa
71446,DVL,thiet-ke-do-hoa,H06,Điểm học bạ,2022,24.0,Thiết kế đồ họa
71447,DVL,thiet-ke-do-hoa,H03,Điểm thi THPT,2022,18.0,Thiết kế đồ họa
71448,DVL,thiet-ke-do-hoa,H04,Điểm thi THPT,2022,18.0,Thiết kế đồ họa
71449,DVL,thiet-ke-do-hoa,H05,Điểm thi THPT,2022,18.0,Thiết kế đồ họa
71450,DVL,thiet-ke-do-hoa,H06,Điểm thi THPT,2022,18.0,Thiết kế đồ họa
71451,DVL,thiet-ke-do-hoa,H03,Điểm học bạ,2023,24.0,Thiết kế đồ họa
71452,DVL,thiet-ke-do-hoa,H04,Điểm học bạ,2023,24.0,Thiết kế đồ họa
71453,DVL,thiet-ke-do-hoa,H05,Điểm học bạ,2023,24.0,Thiết kế đồ họa
71454,DVL,thiet-ke-do-hoa,H06,Điểm học bạ,2023,24.0,Thiết kế đồ họa
71455,DVL,thiet-ke-do-hoa,H03,Điểm thi THPT,2023,16.0,Thiết kế đồ họa
71456,DVL,thiet-ke-do-hoa,H04,Điểm thi THPT,2023,16.0,Thiết kế đồ họa
71457,DVL,thiet-ke-do-hoa,H05,Điểm thi THPT,2023,16.0,Thiết kế đồ họa
71458,DVL,thiet-ke-do-hoa,H06,Điểm thi THPT,2023,16.0,Thiết kế đồ họa
71459,DVL,thiet-ke-do-hoa,H03,Điểm học bạ,2024,24.0,Thiết kế Đồ họa
71460,DVL,thiet-ke-do-hoa,H04,Điểm học bạ,2024,24.0,Thiết kế Đồ họa
71461,DVL,thiet-ke-do-hoa,H05,Điểm học bạ,2024,24.0,Thiết kế Đồ họa
71462,DVL,thiet-ke-do-hoa,H06,Điểm học bạ,2024,24.0,Thiết kế Đồ họa
71463,DVL,thiet-ke-do-hoa,H03,Điểm thi THPT,2024,16.0,Thiết kế đồ họa
71464,DVL,thiet-ke-do-hoa,H04,Điểm thi THPT,2024,16.0,Thiết kế đồ họa
71465,DVL,thiet-ke-do-hoa,H05,Điểm thi THPT,2024,16.0,Thiết kế đồ họa
71466,DVL,thiet-ke-do-hoa,H06,Điểm thi THPT,2024,16.0,Thiết kế đồ họa
71467,DVL,thiet-ke-do-hoa,H01,Điểm học bạ,2025,18.0,Thiết kế đồ họa
71468,DVL,thiet-ke-do-hoa,H04,Điểm học bạ,2025,18.0,Thiết kế đồ họa
71469,DVL,thiet-ke-do-hoa,H06,Điểm học bạ,2025,18.0,Thiết kế đồ họa
71470,DVL,thiet-ke-do-hoa,H07,Điểm học bạ,2025,18.0,Thiết kế đồ họa
71471,DVL,thiet-ke-do-hoa,H08,Điểm học bạ,2025,18.0,Thiết kế đồ họa
71472,DVL,thiet-ke-do-hoa,H01,Điểm thi THPT,2025,15.0,Thiết kế đồ họa
71473,DVL,thiet-ke-do-hoa,H04,Điểm thi THPT,2025,15.0,Thiết kế đồ họa
71474,DVL,thiet-ke-do-hoa,H06,Điểm thi THPT,2025,15.0,Thiết kế đồ họa
71475,DVL,thiet-ke-do-hoa,H07,Điểm thi THPT,2025,15.0,Thiết kế đồ họa
71476,DVL,thiet-ke-do-hoa,H08,Điểm thi THPT,2025,15.0,Thiết kế đồ họa
71477,DVL,thiet-ke-my-thuat-so,H03,Điểm học bạ,2022,24.0,Thiết kế mỹ thuật số
71478,DVL,thiet-ke-my-thuat-so,H04,Điểm học bạ,2022,24.0,Thiết kế mỹ thuật số
71479,DVL,thiet-ke-my-thuat-so,H05,Điểm học bạ,2022,24.0,Thiết kế mỹ thuật số
71480,DVL,thiet-ke-my-thuat-so,H06,Điểm học bạ,2022,24.0,Thiết kế mỹ thuật số
71481,DVL,thiet-ke-my-thuat-so,H03,Điểm thi THPT,2022,17.0,Thiết kế Mỹ thuật số
71482,DVL,thiet-ke-my-thuat-so,H04,Điểm thi THPT,2022,17.0,Thiết kế Mỹ thuật số
71483,DVL,thiet-ke-my-thuat-so,H05,Điểm thi THPT,2022,17.0,Thiết kế Mỹ thuật số
71484,DVL,thiet-ke-my-thuat-so,H06,Điểm thi THPT,2022,17.0,Thiết kế Mỹ thuật số
71485,DVL,thiet-ke-my-thuat-so,H03,Điểm học bạ,2023,24.0,Thiết kế mỹ thuật số
71486,DVL,thiet-ke-my-thuat-so,H04,Điểm học bạ,2023,24.0,Thiết kế mỹ thuật số
71487,DVL,thiet-ke-my-thuat-so,H05,Điểm học bạ,2023,24.0,Thiết kế mỹ thuật số
71488,DVL,thiet-ke-my-thuat-so,H06,Điểm học bạ,2023,24.0,Thiết kế mỹ thuật số
71489,DVL,thiet-ke-my-thuat-so,H03,Điểm thi THPT,2023,16.0,Thiết kế mỹ thuật số
71490,DVL,thiet-ke-my-thuat-so,H04,Điểm thi THPT,2023,16.0,Thiết kế mỹ thuật số
71491,DVL,thiet-ke-my-thuat-so,H05,Điểm thi THPT,2023,16.0,Thiết kế mỹ thuật số
71492,DVL,thiet-ke-my-thuat-so,H06,Điểm thi THPT,2023,16.0,Thiết kế mỹ thuật số
71493,DVL,thiet-ke-my-thuat-so,H03,Điểm học bạ,2024,24.0,Thiết kế Mỹ thuật số
71494,DVL,thiet-ke-my-thuat-so,H04,Điểm học bạ,2024,24.0,Thiết kế Mỹ thuật số
71495,DVL,thiet-ke-my-thuat-so,H05,Điểm học bạ,2024,24.0,Thiết kế Mỹ thuật số
71496,DVL,thiet-ke-my-thuat-so,H06,Điểm học bạ,2024,24.0,Thiết kế Mỹ thuật số
71497,DVL,thiet-ke-my-thuat-so,H03,Điểm thi THPT,2024,16.0,Thiết kế mỹ thuật số
71498,DVL,thiet-ke-my-thuat-so,H04,Điểm thi THPT,2024,16.0,Thiết kế mỹ thuật số
71499,DVL,thiet-ke-my-thuat-so,H05,Điểm thi THPT,2024,16.0,Thiết kế mỹ thuật số
71500,DVL,thiet-ke-my-thuat-so,H06,Điểm thi THPT,2024,16.0,Thiết kế mỹ thuật số
71501,DVL,thiet-ke-my-thuat-so,H01,Điểm học bạ,2025,18.0,Thiết kế Mỹ thuật số
71502,DVL,thiet-ke-my-thuat-so,H04,Điểm học bạ,2025,18.0,Thiết kế Mỹ thuật số
71503,DVL,thiet-ke-my-thuat-so,H06,Điểm học bạ,2025,18.0,Thiết kế Mỹ thuật số
71504,DVL,thiet-ke-my-thuat-so,H07,Điểm học bạ,2025,18.0,Thiết kế Mỹ thuật số
71505,DVL,thiet-ke-my-thuat-so,H08,Điểm học bạ,2025,18.0,Thiết kế Mỹ thuật số
71506,DVL,thiet-ke-my-thuat-so,H01,Điểm thi THPT,2025,15.0,Thiết kế Mỹ thuật số
71507,DVL,thiet-ke-my-thuat-so,H04,Điểm thi THPT,2025,15.0,Thiết kế Mỹ thuật số
71508,DVL,thiet-ke-my-thuat-so,H06,Điểm thi THPT,2025,15.0,Thiết kế Mỹ thuật số
71509,DVL,thiet-ke-my-thuat-so,H07,Điểm thi THPT,2025,15.0,Thiết kế Mỹ thuật số
71510,DVL,thiet-ke-my-thuat-so,H08,Điểm thi THPT,2025,15.0,Thiết kế Mỹ thuật số
71511,DVL,thiet-ke-noi-that,H03,Điểm học bạ,2021,24.0,THIẾT KẾ NỘI THẤT
71512,DVL,thiet-ke-noi-that,H04,Điểm học bạ,2021,24.0,THIẾT KẾ NỘI THẤT
71513,DVL,thiet-ke-noi-that,H05,Điểm học bạ,2021,24.0,THIẾT KẾ NỘI THẤT
71514,DVL,thiet-ke-noi-that,H06,Điểm học bạ,2021,24.0,THIẾT KẾ NỘI THẤT
71515,DVL,thiet-ke-noi-that,H03,Điểm thi THPT,2021,19.0,THIẾT KẾ NỘI THẤT
71516,DVL,thiet-ke-noi-that,H04,Điểm thi THPT,2021,19.0,THIẾT KẾ NỘI THẤT
71517,DVL,thiet-ke-noi-that,H05,Điểm thi THPT,2021,19.0,THIẾT KẾ NỘI THẤT
71518,DVL,thiet-ke-noi-that,H06,Điểm thi THPT,2021,19.0,THIẾT KẾ NỘI THẤT
71519,DVL,thiet-ke-noi-that,H03,Điểm học bạ,2022,24.0,Thiết kế nội thất
71520,DVL,thiet-ke-noi-that,H04,Điểm học bạ,2022,24.0,Thiết kế nội thất
71521,DVL,thiet-ke-noi-that,H05,Điểm học bạ,2022,24.0,Thiết kế nội thất
71522,DVL,thiet-ke-noi-that,H06,Điểm học bạ,2022,24.0,Thiết kế nội thất
71523,DVL,thiet-ke-noi-that,H03,Điểm thi THPT,2022,16.0,Thiết kế nội thất
71524,DVL,thiet-ke-noi-that,H04,Điểm thi THPT,2022,16.0,Thiết kế nội thất
71525,DVL,thiet-ke-noi-that,H05,Điểm thi THPT,2022,16.0,Thiết kế nội thất
71526,DVL,thiet-ke-noi-that,H06,Điểm thi THPT,2022,16.0,Thiết kế nội thất
71527,DVL,thiet-ke-noi-that,H03,Điểm học bạ,2023,24.0,Thiết kế nội thất
71528,DVL,thiet-ke-noi-that,H04,Điểm học bạ,2023,24.0,Thiết kế nội thất
71529,DVL,thiet-ke-noi-that,H05,Điểm học bạ,2023,24.0,Thiết kế nội thất
71530,DVL,thiet-ke-noi-that,H06,Điểm học bạ,2023,24.0,Thiết kế nội thất
71531,DVL,thiet-ke-noi-that,H03,Điểm thi THPT,2023,16.0,Thiết kế nội thất
71532,DVL,thiet-ke-noi-that,H04,Điểm thi THPT,2023,16.0,Thiết kế nội thất
71533,DVL,thiet-ke-noi-that,H05,Điểm thi THPT,2023,16.0,Thiết kế nội thất
71534,DVL,thiet-ke-noi-that,H06,Điểm thi THPT,2023,16.0,Thiết kế nội thất
71535,DVL,thiet-ke-noi-that,H03,Điểm học bạ,2024,24.0,Thiết kế Nội thất
71536,DVL,thiet-ke-noi-that,H04,Điểm học bạ,2024,24.0,Thiết kế Nội thất
71537,DVL,thiet-ke-noi-that,H05,Điểm học bạ,2024,24.0,Thiết kế Nội thất
71538,DVL,thiet-ke-noi-that,H06,Điểm học bạ,2024,24.0,Thiết kế Nội thất
71539,DVL,thiet-ke-noi-that,H03,Điểm thi THPT,2024,16.0,Thiết kế nội thất
71540,DVL,thiet-ke-noi-that,H04,Điểm thi THPT,2024,16.0,Thiết kế nội thất
71541,DVL,thiet-ke-noi-that,H05,Điểm thi THPT,2024,16.0,Thiết kế nội thất
71542,DVL,thiet-ke-noi-that,H06,Điểm thi THPT,2024,16.0,Thiết kế nội thất
71543,DVL,thiet-ke-noi-that,H01,Điểm học bạ,2025,18.0,Thiết kế nội thất
71544,DVL,thiet-ke-noi-that,H04,Điểm học bạ,2025,18.0,Thiết kế nội thất
71545,DVL,thiet-ke-noi-that,H06,Điểm học bạ,2025,18.0,Thiết kế nội thất
71546,DVL,thiet-ke-noi-that,H07,Điểm học bạ,2025,18.0,Thiết kế nội thất
71547,DVL,thiet-ke-noi-that,H08,Điểm học bạ,2025,18.0,Thiết kế nội thất
71548,DVL,thiet-ke-noi-that,H01,Điểm thi THPT,2025,15.0,Thiết kế nội thất
71549,DVL,thiet-ke-noi-that,H04,Điểm thi THPT,2025,15.0,Thiết kế nội thất
71550,DVL,thiet-ke-noi-that,H06,Điểm thi THPT,2025,15.0,Thiết kế nội thất
71551,DVL,thiet-ke-noi-that,H07,Điểm thi THPT,2025,15.0,Thiết kế nội thất
71552,DVL,thiet-ke-noi-that,H08,Điểm thi THPT,2025,15.0,Thiết kế nội thất
71553,DVL,thiet-ke-thoi-trang,H03,Điểm học bạ,2021,24.0,THIẾT KẾ THỜI TRANG
71554,DVL,thiet-ke-thoi-trang,H04,Điểm học bạ,2021,24.0,THIẾT KẾ THỜI TRANG
71555,DVL,thiet-ke-thoi-trang,H05,Điểm học bạ,2021,24.0,THIẾT KẾ THỜI TRANG
71556,DVL,thiet-ke-thoi-trang,H06,Điểm học bạ,2021,24.0,THIẾT KẾ THỜI TRANG
71557,DVL,thiet-ke-thoi-trang,H03,Điểm thi THPT,2021,25.0,THIẾT KẾ THỜI TRANG
71558,DVL,thiet-ke-thoi-trang,H04,Điểm thi THPT,2021,25.0,THIẾT KẾ THỜI TRANG
71559,DVL,thiet-ke-thoi-trang,H05,Điểm thi THPT,2021,25.0,THIẾT KẾ THỜI TRANG
71560,DVL,thiet-ke-thoi-trang,H06,Điểm thi THPT,2021,25.0,THIẾT KẾ THỜI TRANG
71561,DVL,thiet-ke-thoi-trang,H03,Điểm học bạ,2022,24.0,Thiết kế thời trang
71562,DVL,thiet-ke-thoi-trang,H04,Điểm học bạ,2022,24.0,Thiết kế thời trang
71563,DVL,thiet-ke-thoi-trang,H05,Điểm học bạ,2022,24.0,Thiết kế thời trang
71564,DVL,thiet-ke-thoi-trang,H06,Điểm học bạ,2022,24.0,Thiết kế thời trang
71565,DVL,thiet-ke-thoi-trang,H03,Điểm thi THPT,2022,17.0,Thiết kế thời trang
71566,DVL,thiet-ke-thoi-trang,H04,Điểm thi THPT,2022,17.0,Thiết kế thời trang
71567,DVL,thiet-ke-thoi-trang,H05,Điểm thi THPT,2022,17.0,Thiết kế thời trang
71568,DVL,thiet-ke-thoi-trang,H06,Điểm thi THPT,2022,17.0,Thiết kế thời trang
71569,DVL,thiet-ke-thoi-trang,H03,Điểm học bạ,2023,24.0,Thiết kế thời trang
71570,DVL,thiet-ke-thoi-trang,H04,Điểm học bạ,2023,24.0,Thiết kế thời trang
71571,DVL,thiet-ke-thoi-trang,H05,Điểm học bạ,2023,24.0,Thiết kế thời trang
71572,DVL,thiet-ke-thoi-trang,H06,Điểm học bạ,2023,24.0,Thiết kế thời trang
71573,DVL,thiet-ke-thoi-trang,H03,Điểm thi THPT,2023,16.0,Thiết kế thời trang
71574,DVL,thiet-ke-thoi-trang,H04,Điểm thi THPT,2023,16.0,Thiết kế thời trang
71575,DVL,thiet-ke-thoi-trang,H05,Điểm thi THPT,2023,16.0,Thiết kế thời trang
71576,DVL,thiet-ke-thoi-trang,H06,Điểm thi THPT,2023,16.0,Thiết kế thời trang
71577,DVL,thiet-ke-thoi-trang,H03,Điểm học bạ,2024,24.0,Thiết kế Thời trang
71578,DVL,thiet-ke-thoi-trang,H04,Điểm học bạ,2024,24.0,Thiết kế Thời trang
71579,DVL,thiet-ke-thoi-trang,H05,Điểm học bạ,2024,24.0,Thiết kế Thời trang
71580,DVL,thiet-ke-thoi-trang,H06,Điểm học bạ,2024,24.0,Thiết kế Thời trang
71581,DVL,thiet-ke-thoi-trang,H03,Điểm thi THPT,2024,16.0,Thiết kế thời trang
71582,DVL,thiet-ke-thoi-trang,H04,Điểm thi THPT,2024,16.0,Thiết kế thời trang
71583,DVL,thiet-ke-thoi-trang,H05,Điểm thi THPT,2024,16.0,Thiết kế thời trang
71584,DVL,thiet-ke-thoi-trang,H06,Điểm thi THPT,2024,16.0,Thiết kế thời trang
71585,DVL,thiet-ke-thoi-trang,H01,Điểm học bạ,2025,18.0,Thiết kế thời trang
71586,DVL,thiet-ke-thoi-trang,H04,Điểm học bạ,2025,18.0,Thiết kế thời trang
71587,DVL,thiet-ke-thoi-trang,H06,Điểm học bạ,2025,18.0,Thiết kế thời trang
71588,DVL,thiet-ke-thoi-trang,H07,Điểm học bạ,2025,18.0,Thiết kế thời trang
71589,DVL,thiet-ke-thoi-trang,H08,Điểm học bạ,2025,18.0,Thiết kế thời trang
71590,DVL,thiet-ke-thoi-trang,H01,Điểm thi THPT,2025,15.0,Thiết kế thời trang
71591,DVL,thiet-ke-thoi-trang,H04,Điểm thi THPT,2025,15.0,Thiết kế thời trang
71592,DVL,thiet-ke-thoi-trang,H06,Điểm thi THPT,2025,15.0,Thiết kế thời trang
71593,DVL,thiet-ke-thoi-trang,H07,Điểm thi THPT,2025,15.0,Thiết kế thời trang
71594,DVL,thiet-ke-thoi-trang,H08,Điểm thi THPT,2025,15.0,Thiết kế thời trang
71595,DVL,thiet-ke-xanh,A00,Điểm học bạ,2021,18.0,THIẾT KẾ XANH
71596,DVL,thiet-ke-xanh,A01,Điểm học bạ,2021,18.0,THIẾT KẾ XANH
71597,DVL,thiet-ke-xanh,B00,Điểm học bạ,2021,18.0,THIẾT KẾ XANH
71598,DVL,thiet-ke-xanh,D08,Điểm học bạ,2021,18.0,THIẾT KẾ XANH
71599,DVL,thiet-ke-xanh,A00,Điểm thi THPT,2021,16.0,THIẾT KẾ XANH
71600,DVL,thiet-ke-xanh,A01,Điểm thi THPT,2021,16.0,THIẾT KẾ XANH
71601,DVL,thiet-ke-xanh,B00,Điểm thi THPT,2021,16.0,THIẾT KẾ XANH
71602,DVL,thiet-ke-xanh,D08,Điểm thi THPT,2021,16.0,THIẾT KẾ XANH
71603,DVL,thiet-ke-xanh,A00,Điểm học bạ,2022,18.0,Thiết kế xanh
71604,DVL,thiet-ke-xanh,A01,Điểm học bạ,2022,18.0,Thiết kế xanh
71605,DVL,thiet-ke-xanh,B00,Điểm học bạ,2022,18.0,Thiết kế xanh
71606,DVL,thiet-ke-xanh,D08,Điểm học bạ,2022,18.0,Thiết kế xanh
71607,DVL,thiet-ke-xanh,A00,Điểm thi THPT,2022,16.0,Thiết kế xanh
71608,DVL,thiet-ke-xanh,A01,Điểm thi THPT,2022,16.0,Thiết kế xanh
71609,DVL,thiet-ke-xanh,B00,Điểm thi THPT,2022,16.0,Thiết kế xanh
71610,DVL,thiet-ke-xanh,B08,Điểm thi THPT,2022,16.0,Thiết kế xanh
71611,DVL,thuong-mai-dien-tu,A00,Điểm học bạ,2022,18.0,Thương mại điện tử
71612,DVL,thuong-mai-dien-tu,A01,Điểm học bạ,2022,18.0,Thương mại điện tử
71613,DVL,thuong-mai-dien-tu,C01,Điểm học bạ,2022,18.0,Thương mại điện tử
71614,DVL,thuong-mai-dien-tu,D01,Điểm học bạ,2022,18.0,Thương mại điện tử
71615,DVL,thuong-mai-dien-tu,A00,Điểm thi THPT,2022,16.0,Thương mại điện tử
71616,DVL,thuong-mai-dien-tu,A01,Điểm thi THPT,2022,16.0,Thương mại điện tử
71617,DVL,thuong-mai-dien-tu,C01,Điểm thi THPT,2022,16.0,Thương mại điện tử
71618,DVL,thuong-mai-dien-tu,D01,Điểm thi THPT,2022,16.0,Thương mại điện tử
71619,DVL,thuong-mai-dien-tu,A00,Điểm học bạ,2023,18.0,Thương mại điện tử
71620,DVL,thuong-mai-dien-tu,A01,Điểm học bạ,2023,18.0,Thương mại điện tử
71621,DVL,thuong-mai-dien-tu,C01,Điểm học bạ,2023,18.0,Thương mại điện tử
71622,DVL,thuong-mai-dien-tu,D01,Điểm học bạ,2023,18.0,Thương mại điện tử
71623,DVL,thuong-mai-dien-tu,A00,Điểm thi THPT,2023,16.0,Thương mại điện tử
71624,DVL,thuong-mai-dien-tu,A01,Điểm thi THPT,2023,16.0,Thương mại điện tử
71625,DVL,thuong-mai-dien-tu,C01,Điểm thi THPT,2023,16.0,Thương mại điện tử
71626,DVL,thuong-mai-dien-tu,D01,Điểm thi THPT,2023,16.0,Thương mại điện tử
71627,DVL,thuong-mai-dien-tu,A00,Điểm học bạ,2024,18.0,Thương mại Điện tử
71628,DVL,thuong-mai-dien-tu,A01,Điểm học bạ,2024,18.0,Thương mại Điện tử
71629,DVL,thuong-mai-dien-tu,C01,Điểm học bạ,2024,18.0,Thương mại Điện tử
71630,DVL,thuong-mai-dien-tu,D01,Điểm học bạ,2024,18.0,Thương mại Điện tử
71631,DVL,thuong-mai-dien-tu,A00,Điểm thi THPT,2024,16.0,Thương mại điện tử
71632,DVL,thuong-mai-dien-tu,A01,Điểm thi THPT,2024,16.0,Thương mại điện tử
71633,DVL,thuong-mai-dien-tu,C01,Điểm thi THPT,2024,16.0,Thương mại điện tử
71634,DVL,thuong-mai-dien-tu,D01,Điểm thi THPT,2024,16.0,Thương mại điện tử
71635,DVL,thuong-mai-dien-tu,A00,Điểm học bạ,2025,18.0,Thương mại điện tử
71636,DVL,thuong-mai-dien-tu,A01,Điểm học bạ,2025,18.0,Thương mại điện tử
71637,DVL,thuong-mai-dien-tu,C01,Điểm học bạ,2025,18.0,Thương mại điện tử
71638,DVL,thuong-mai-dien-tu,D01,Điểm học bạ,2025,18.0,Thương mại điện tử
71639,DVL,thuong-mai-dien-tu,D07,Điểm học bạ,2025,18.0,Thương mại điện tử
71640,DVL,thuong-mai-dien-tu,D10,Điểm học bạ,2025,18.0,Thương mại điện tử
71641,DVL,thuong-mai-dien-tu,X25,Điểm học bạ,2025,18.0,Thương mại điện tử
71642,DVL,thuong-mai-dien-tu,A00,Điểm thi THPT,2025,15.0,Thương mại điện tử
71643,DVL,thuong-mai-dien-tu,A01,Điểm thi THPT,2025,15.0,Thương mại điện tử
71644,DVL,thuong-mai-dien-tu,C01,Điểm thi THPT,2025,15.0,Thương mại điện tử
71645,DVL,thuong-mai-dien-tu,D01,Điểm thi THPT,2025,15.0,Thương mại điện tử
71646,DVL,thuong-mai-dien-tu,D07,Điểm thi THPT,2025,15.0,Thương mại điện tử
71647,DVL,thuong-mai-dien-tu,D10,Điểm thi THPT,2025,15.0,Thương mại điện tử
71648,DVL,thuong-mai-dien-tu,X25,Điểm thi THPT,2025,15.0,Thương mại điện tử
71649,DVL,truyen-thong-da-phuong-tien,A00,Điểm học bạ,2022,22.0,Truyền thông đa phương tiện
71650,DVL,truyen-thong-da-phuong-tien,A01,Điểm học bạ,2022,22.0,Truyền thông đa phương tiện
71651,DVL,truyen-thong-da-phuong-tien,C00,Điểm học bạ,2022,22.0,Truyền thông đa phương tiện
71652,DVL,truyen-thong-da-phuong-tien,D01,Điểm học bạ,2022,22.0,Truyền thông đa phương tiện
71653,DVL,truyen-thong-da-phuong-tien,A00,Điểm thi THPT,2022,18.0,Truyền thông đa phương tiện
71654,DVL,truyen-thong-da-phuong-tien,A01,Điểm thi THPT,2022,18.0,Truyền thông đa phương tiện
71655,DVL,truyen-thong-da-phuong-tien,C00,Điểm thi THPT,2022,18.0,Truyền thông đa phương tiện
71656,DVL,truyen-thong-da-phuong-tien,D01,Điểm thi THPT,2022,18.0,Truyền thông đa phương tiện
71657,DVL,truyen-thong-da-phuong-tien,A00,Điểm học bạ,2023,20.0,Truyền thông đa phương tiện
71658,DVL,truyen-thong-da-phuong-tien,A01,Điểm học bạ,2023,20.0,Truyền thông đa phương tiện
71659,DVL,truyen-thong-da-phuong-tien,C00,Điểm học bạ,2023,20.0,Truyền thông đa phương tiện
71660,DVL,truyen-thong-da-phuong-tien,D01,Điểm học bạ,2023,20.0,Truyền thông đa phương tiện
71661,DVL,truyen-thong-da-phuong-tien,A00,Điểm thi THPT,2023,18.0,Truyền thông đa phương tiện
71662,DVL,truyen-thong-da-phuong-tien,A01,Điểm thi THPT,2023,18.0,Truyền thông đa phương tiện
71663,DVL,truyen-thong-da-phuong-tien,C00,Điểm thi THPT,2023,18.0,Truyền thông đa phương tiện
71664,DVL,truyen-thong-da-phuong-tien,D01,Điểm thi THPT,2023,18.0,Truyền thông đa phương tiện
71665,DVL,truyen-thong-da-phuong-tien,A00,Điểm học bạ,2024,20.0,Truyền thông Đa phương tiện
71666,DVL,truyen-thong-da-phuong-tien,A01,Điểm học bạ,2024,20.0,Truyền thông Đa phương tiện
71667,DVL,truyen-thong-da-phuong-tien,C00,Điểm học bạ,2024,20.0,Truyền thông Đa phương tiện
71668,DVL,truyen-thong-da-phuong-tien,D01,Điểm học bạ,2024,20.0,Truyền thông Đa phương tiện
71669,DVL,truyen-thong-da-phuong-tien,A00,Điểm thi THPT,2024,19.0,Truyền thông đa phương tiện
71670,DVL,truyen-thong-da-phuong-tien,A01,Điểm thi THPT,2024,19.0,Truyền thông đa phương tiện
71671,DVL,truyen-thong-da-phuong-tien,C00,Điểm thi THPT,2024,19.0,Truyền thông đa phương tiện
71672,DVL,truyen-thong-da-phuong-tien,D01,Điểm thi THPT,2024,19.0,Truyền thông đa phương tiện
71673,DVL,truyen-thong-da-phuong-tien,A00,Điểm học bạ,2025,18.0,Truyền thông đa phương tiện
71674,DVL,truyen-thong-da-phuong-tien,A01,Điểm học bạ,2025,18.0,Truyền thông đa phương tiện
71675,DVL,truyen-thong-da-phuong-tien,C00,Điểm học bạ,2025,18.0,Truyền thông đa phương tiện
71676,DVL,truyen-thong-da-phuong-tien,C01,Điểm học bạ,2025,18.0,Truyền thông đa phương tiện
71677,DVL,truyen-thong-da-phuong-tien,D01,Điểm học bạ,2025,18.0,Truyền thông đa phương tiện
71678,DVL,truyen-thong-da-phuong-tien,X78,Điểm học bạ,2025,18.0,Truyền thông đa phương tiện
71679,DVL,truyen-thong-da-phuong-tien,A00,Điểm thi THPT,2025,15.0,Truyền thông đa phương tiện
71680,DVL,truyen-thong-da-phuong-tien,A01,Điểm thi THPT,2025,15.0,Truyền thông đa phương tiện
71681,DVL,truyen-thong-da-phuong-tien,C00,Điểm thi THPT,2025,15.0,Truyền thông đa phương tiện
71682,DVL,truyen-thong-da-phuong-tien,C01,Điểm thi THPT,2025,15.0,Truyền thông đa phương tiện
71683,DVL,truyen-thong-da-phuong-tien,D01,Điểm thi THPT,2025,15.0,Truyền thông đa phương tiện
71684,DVL,truyen-thong-da-phuong-tien,X78,Điểm thi THPT,2025,15.0,Truyền thông đa phương tiện
71685,DVL,van-hoc,C00,Điểm học bạ,2021,18.0,VĂN HỌC (ỨNG DỤNG)
71686,DVL,van-hoc,D01,Điểm học bạ,2021,18.0,VĂN HỌC (ỨNG DỤNG)
71687,DVL,van-hoc,D14,Điểm học bạ,2021,18.0,VĂN HỌC (ỨNG DỤNG)
71688,DVL,van-hoc,D66,Điểm học bạ,2021,18.0,VĂN HỌC (ỨNG DỤNG)
71689,DVL,van-hoc,C00,Điểm thi THPT,2021,16.0,VĂN HỌC (ỨNG DỤNG)
71690,DVL,van-hoc,D01,Điểm thi THPT,2021,16.0,VĂN HỌC (ỨNG DỤNG)
71691,DVL,van-hoc,D14,Điểm thi THPT,2021,16.0,VĂN HỌC (ỨNG DỤNG)
71692,DVL,van-hoc,D66,Điểm thi THPT,2021,16.0,VĂN HỌC (ỨNG DỤNG)
71693,DVL,van-hoc,C00,Điểm học bạ,2022,18.0,Văn học
71694,DVL,van-hoc,D01,Điểm học bạ,2022,18.0,Văn học
71695,DVL,van-hoc,D14,Điểm học bạ,2022,18.0,Văn học
71696,DVL,van-hoc,D66,Điểm học bạ,2022,18.0,Văn học
71697,DVL,van-hoc,C00,Điểm thi THPT,2022,16.0,Văn học
71698,DVL,van-hoc,D01,Điểm thi THPT,2022,16.0,Văn học
71699,DVL,van-hoc,D14,Điểm thi THPT,2022,16.0,Văn học
71700,DVL,van-hoc,D66,Điểm thi THPT,2022,16.0,Văn học
71701,DVL,van-hoc,C00,Điểm học bạ,2023,18.0,Văn học
71702,DVL,van-hoc,D01,Điểm học bạ,2023,18.0,Văn học
71703,DVL,van-hoc,D14,Điểm học bạ,2023,18.0,Văn học
71704,DVL,van-hoc,D66,Điểm học bạ,2023,18.0,Văn học
71705,DVL,van-hoc,C00,Điểm thi THPT,2023,16.0,Văn học
71706,DVL,van-hoc,D01,Điểm thi THPT,2023,16.0,Văn học
71707,DVL,van-hoc,D14,Điểm thi THPT,2023,16.0,Văn học
71708,DVL,van-hoc,D66,Điểm thi THPT,2023,16.0,Văn học
71709,DVL,van-hoc,C00,Điểm học bạ,2024,18.0,Văn học
71710,DVL,van-hoc,D01,Điểm học bạ,2024,18.0,Văn học
71711,DVL,van-hoc,D14,Điểm học bạ,2024,18.0,Văn học
71712,DVL,van-hoc,D66,Điểm học bạ,2024,18.0,Văn học
71713,DVL,van-hoc,C00,Điểm thi THPT,2024,16.0,Văn học
71714,DVL,van-hoc,D01,Điểm thi THPT,2024,16.0,Văn học
71715,DVL,van-hoc,D14,Điểm thi THPT,2024,16.0,Văn học
71716,DVL,van-hoc,D66,Điểm thi THPT,2024,16.0,Văn học
71717,DVL,van-hoc,C00,Điểm học bạ,2025,18.0,Văn học
71718,DVL,van-hoc,C03,Điểm học bạ,2025,18.0,Văn học
71719,DVL,van-hoc,C04,Điểm học bạ,2025,18.0,Văn học
71720,DVL,van-hoc,D01,Điểm học bạ,2025,18.0,Văn học
71721,DVL,van-hoc,D14,Điểm học bạ,2025,18.0,Văn học
71722,DVL,van-hoc,D15,Điểm học bạ,2025,18.0,Văn học
71723,DVL,van-hoc,X78,Điểm học bạ,2025,18.0,Văn học
71724,DVL,van-hoc,C00,Điểm thi THPT,2025,15.0,Văn học
71725,DVL,van-hoc,C03,Điểm thi THPT,2025,15.0,Văn học
71726,DVL,van-hoc,C04,Điểm thi THPT,2025,15.0,Văn học
71727,DVL,van-hoc,D01,Điểm thi THPT,2025,15.0,Văn học
71728,DVL,van-hoc,D14,Điểm thi THPT,2025,15.0,Văn học
71729,DVL,van-hoc,D15,Điểm thi THPT,2025,15.0,Văn học
71730,DVL,van-hoc,X78,Điểm thi THPT,2025,15.0,Văn học
71731,DVL,viet-nam-hoc,C00,Điểm học bạ,2022,18.0,Việt Nam học
71732,DVL,viet-nam-hoc,D01,Điểm học bạ,2022,18.0,Việt Nam học
71733,DVL,viet-nam-hoc,D14,Điểm học bạ,2022,18.0,Việt Nam học
71734,DVL,viet-nam-hoc,D15,Điểm học bạ,2022,18.0,Việt Nam học
71735,DVL,viet-nam-hoc,C00,Điểm thi THPT,2022,16.0,Việt Nam học
71736,DVL,viet-nam-hoc,D01,Điểm thi THPT,2022,16.0,Việt Nam học
71737,DVL,viet-nam-hoc,D14,Điểm thi THPT,2022,16.0,Việt Nam học
71738,DVL,viet-nam-hoc,D15,Điểm thi THPT,2022,16.0,Việt Nam học
71739,DVL,y-khoa,A00,Điểm học bạ,2023,24.0,Y khoa
71740,DVL,y-khoa,B00,Điểm học bạ,2023,24.0,Y khoa
71741,DVL,y-khoa,D08,Điểm học bạ,2023,24.0,Y khoa
71742,DVL,y-khoa,D12,Điểm học bạ,2023,24.0,Y khoa
71743,DVL,y-khoa,A00,Điểm thi THPT,2023,22.5,Y khoa
71744,DVL,y-khoa,B00,Điểm thi THPT,2023,22.5,Y khoa
71745,DVL,y-khoa,D08,Điểm thi THPT,2023,22.5,Y khoa
71746,DVL,y-khoa,D12,Điểm thi THPT,2023,22.5,Y khoa
71747,DVL,y-khoa,A00,Điểm học bạ,2024,24.0,Y khoa
71748,DVL,y-khoa,B00,Điểm học bạ,2024,24.0,Y khoa
71749,DVL,y-khoa,D08,Điểm học bạ,2024,24.0,Y khoa
71750,DVL,y-khoa,D12,Điểm học bạ,2024,24.0,Y khoa
71751,DVL,y-khoa,A00,Điểm thi THPT,2024,22.5,Y khoa
71752,DVL,y-khoa,B00,Điểm thi THPT,2024,22.5,Y khoa
71753,DVL,y-khoa,D08,Điểm thi THPT,2024,22.5,Y khoa
71754,DVL,y-khoa,D12,Điểm thi THPT,2024,22.5,Y khoa
71755,DVL,y-khoa,A00,Điểm học bạ,2025,23.0,Y khoa
71756,DVL,y-khoa,B00,Điểm học bạ,2025,23.0,Y khoa
71757,DVL,y-khoa,D07,Điểm học bạ,2025,23.0,Y khoa
71758,DVL,y-khoa,X09,Điểm học bạ,2025,23.0,Y khoa
71759,DVL,y-khoa,X10,Điểm học bạ,2025,23.0,Y khoa
71760,DVL,y-khoa,A00,Điểm thi THPT,2025,20.5,Y khoa
71761,DVL,y-khoa,B00,Điểm thi THPT,2025,20.5,Y khoa
71762,DVL,y-khoa,D07,Điểm thi THPT,2025,20.5,Y khoa
71763,DVL,y-khoa,X09,Điểm thi THPT,2025,20.5,Y khoa
71764,DVL,y-khoa,X10,Điểm thi THPT,2025,20.5,Y khoa
71765,DVP,cong-nghe-ky-thuat-o-to,A00,Điểm học bạ,2023,17.0,Công nghệ kỹ thuật ô tô
71766,DVP,cong-nghe-ky-thuat-o-to,A01,Điểm học bạ,2023,17.0,Công nghệ kỹ thuật ô tô
71767,DVP,cong-nghe-ky-thuat-o-to,D01,Điểm học bạ,2023,17.0,Công nghệ kỹ thuật ô tô
71768,DVP,cong-nghe-ky-thuat-o-to,D10,Điểm học bạ,2023,17.0,Công nghệ kỹ thuật ô tô
71769,DVP,cong-nghe-ky-thuat-o-to,A00,Điểm thi THPT,2023,15.0,Công nghệ kỹ thuật ô tô
71770,DVP,cong-nghe-ky-thuat-o-to,A01,Điểm thi THPT,2023,15.0,Công nghệ kỹ thuật ô tô
71771,DVP,cong-nghe-ky-thuat-o-to,D01,Điểm thi THPT,2023,15.0,Công nghệ kỹ thuật ô tô
71772,DVP,cong-nghe-ky-thuat-o-to,D10,Điểm thi THPT,2023,15.0,Công nghệ kỹ thuật ô tô
71773,DVP,cong-nghe-ky-thuat-o-to,A00,Điểm học bạ,2024,16.5,Công nghệ kỹ thuật ô tô
71774,DVP,cong-nghe-ky-thuat-o-to,A01,Điểm học bạ,2024,16.5,Công nghệ kỹ thuật ô tô
71775,DVP,cong-nghe-ky-thuat-o-to,D01,Điểm học bạ,2024,16.5,Công nghệ kỹ thuật ô tô
71776,DVP,cong-nghe-ky-thuat-o-to,D10,Điểm học bạ,2024,16.5,Công nghệ kỹ thuật ô tô
71777,DVP,cong-nghe-ky-thuat-o-to,A00,Điểm thi THPT,2024,15.0,Công nghệ kỹ thuật ô tô
71778,DVP,cong-nghe-ky-thuat-o-to,A01,Điểm thi THPT,2024,15.0,Công nghệ kỹ thuật ô tô
71779,DVP,cong-nghe-ky-thuat-o-to,D01,Điểm thi THPT,2024,15.0,Công nghệ kỹ thuật ô tô
71780,DVP,cong-nghe-ky-thuat-o-to,D10,Điểm thi THPT,2024,15.0,Công nghệ kỹ thuật ô tô
71781,DVP,cong-nghe-ky-thuat-o-to,A00,Điểm học bạ,2025,17.0,Công nghệ kỹ thuật ô tô
71782,DVP,cong-nghe-ky-thuat-o-to,A01,Điểm học bạ,2025,17.0,Công nghệ kỹ thuật ô tô
71783,DVP,cong-nghe-ky-thuat-o-to,A05,Điểm học bạ,2025,17.0,Công nghệ kỹ thuật ô tô
71784,DVP,cong-nghe-ky-thuat-o-to,A06,Điểm học bạ,2025,17.0,Công nghệ kỹ thuật ô tô
71785,DVP,cong-nghe-ky-thuat-o-to,A10,Điểm học bạ,2025,17.0,Công nghệ kỹ thuật ô tô
71786,DVP,cong-nghe-ky-thuat-o-to,C01,Điểm học bạ,2025,17.0,Công nghệ kỹ thuật ô tô
71787,DVP,cong-nghe-ky-thuat-o-to,C02,Điểm học bạ,2025,17.0,Công nghệ kỹ thuật ô tô
71788,DVP,cong-nghe-ky-thuat-o-to,C14,Điểm học bạ,2025,17.0,Công nghệ kỹ thuật ô tô
71789,DVP,cong-nghe-ky-thuat-o-to,D01,Điểm học bạ,2025,17.0,Công nghệ kỹ thuật ô tô
71790,DVP,cong-nghe-ky-thuat-o-to,D10,Điểm học bạ,2025,17.0,Công nghệ kỹ thuật ô tô
71791,DVP,cong-nghe-ky-thuat-o-to,A00,Điểm thi THPT,2025,15.5,Công nghệ kỹ thuật ô tô
71792,DVP,cong-nghe-ky-thuat-o-to,A01,Điểm thi THPT,2025,15.5,Công nghệ kỹ thuật ô tô
71793,DVP,cong-nghe-ky-thuat-o-to,A05,Điểm thi THPT,2025,15.5,Công nghệ kỹ thuật ô tô
71794,DVP,cong-nghe-ky-thuat-o-to,A06,Điểm thi THPT,2025,15.5,Công nghệ kỹ thuật ô tô
71795,DVP,cong-nghe-ky-thuat-o-to,A10,Điểm thi THPT,2025,15.5,Công nghệ kỹ thuật ô tô
71796,DVP,cong-nghe-ky-thuat-o-to,C01,Điểm thi THPT,2025,15.5,Công nghệ kỹ thuật ô tô
71797,DVP,cong-nghe-ky-thuat-o-to,C02,Điểm thi THPT,2025,15.5,Công nghệ kỹ thuật ô tô
71798,DVP,cong-nghe-ky-thuat-o-to,C14,Điểm thi THPT,2025,15.5,Công nghệ kỹ thuật ô tô
71799,DVP,cong-nghe-ky-thuat-o-to,D01,Điểm thi THPT,2025,15.5,Công nghệ kỹ thuật ô tô
71800,DVP,cong-nghe-ky-thuat-o-to,D10,Điểm thi THPT,2025,15.5,Công nghệ kỹ thuật ô tô
71801,DVP,cong-nghe-thong-tin,A00,Điểm học bạ,2023,17.0,Công nghệ thông tin
71802,DVP,cong-nghe-thong-tin,A01,Điểm học bạ,2023,17.0,Công nghệ thông tin
71803,DVP,cong-nghe-thong-tin,D01,Điểm học bạ,2023,17.0,Công nghệ thông tin
71804,DVP,cong-nghe-thong-tin,D10,Điểm học bạ,2023,17.0,Công nghệ thông tin
71805,DVP,cong-nghe-thong-tin,A00,Điểm thi THPT,2023,15.0,Công nghệ thông tin
71806,DVP,cong-nghe-thong-tin,A01,Điểm thi THPT,2023,15.0,Công nghệ thông tin
71807,DVP,cong-nghe-thong-tin,D01,Điểm thi THPT,2023,15.0,Công nghệ thông tin
71808,DVP,cong-nghe-thong-tin,D10,Điểm thi THPT,2023,15.0,Công nghệ thông tin
71809,DVP,cong-nghe-thong-tin,A00,Điểm học bạ,2024,16.5,Công nghệ thông tin
71810,DVP,cong-nghe-thong-tin,A01,Điểm học bạ,2024,16.5,Công nghệ thông tin
71811,DVP,cong-nghe-thong-tin,D01,Điểm học bạ,2024,16.5,Công nghệ thông tin
71812,DVP,cong-nghe-thong-tin,D10,Điểm học bạ,2024,16.5,Công nghệ thông tin
71813,DVP,cong-nghe-thong-tin,A00,Điểm thi THPT,2024,15.0,Công nghệ thông tin
71814,DVP,cong-nghe-thong-tin,A01,Điểm thi THPT,2024,15.0,Công nghệ thông tin
71815,DVP,cong-nghe-thong-tin,D01,Điểm thi THPT,2024,15.0,Công nghệ thông tin
71816,DVP,cong-nghe-thong-tin,D10,Điểm thi THPT,2024,15.0,Công nghệ thông tin
71817,DVP,cong-nghe-thong-tin,A00,Điểm học bạ,2025,17.5,Công nghệ thông tin
71818,DVP,cong-nghe-thong-tin,A01,Điểm học bạ,2025,17.5,Công nghệ thông tin
71819,DVP,cong-nghe-thong-tin,D01,Điểm học bạ,2025,17.5,Công nghệ thông tin
71820,DVP,cong-nghe-thong-tin,D10,Điểm học bạ,2025,17.5,Công nghệ thông tin
71821,DVP,cong-nghe-thong-tin,A00,Điểm thi THPT,2025,16.0,Công nghệ thông tin
71822,DVP,cong-nghe-thong-tin,A01,Điểm thi THPT,2025,16.0,Công nghệ thông tin
71823,DVP,cong-nghe-thong-tin,D01,Điểm thi THPT,2025,16.0,Công nghệ thông tin
71824,DVP,cong-nghe-thong-tin,D10,Điểm thi THPT,2025,16.0,Công nghệ thông tin
71825,DVP,dieu-duong,A00,Điểm học bạ,2022,19.5,Điều dưỡng
71826,DVP,dieu-duong,A02,Điểm học bạ,2022,19.5,Điều dưỡng
71827,DVP,dieu-duong,B00,Điểm học bạ,2022,19.5,Điều dưỡng
71828,DVP,dieu-duong,A00,Điểm thi THPT,2022,19.0,Điều dưỡng
71829,DVP,dieu-duong,A02,Điểm thi THPT,2022,19.0,Điều dưỡng
71830,DVP,dieu-duong,B00,Điểm thi THPT,2022,19.0,Điều dưỡng
71831,DVP,dieu-duong,A00,Điểm học bạ,2023,19.5,Điều dưỡng
71832,DVP,dieu-duong,A02,Điểm học bạ,2023,19.5,Điều dưỡng
71833,DVP,dieu-duong,B00,Điểm học bạ,2023,19.5,Điều dưỡng
71834,DVP,dieu-duong,A00,Điểm thi THPT,2023,19.0,Điều dưỡng
71835,DVP,dieu-duong,A02,Điểm thi THPT,2023,19.0,Điều dưỡng
71836,DVP,dieu-duong,B00,Điểm thi THPT,2023,19.0,Điều dưỡng
71837,DVP,dieu-duong,A00,Điểm học bạ,2024,19.0,Điều dưỡng
71838,DVP,dieu-duong,A02,Điểm học bạ,2024,19.0,Điều dưỡng
71839,DVP,dieu-duong,B00,Điểm học bạ,2024,19.0,Điều dưỡng
71840,DVP,dieu-duong,A00,Điểm thi THPT,2024,19.0,Điều dưỡng
71841,DVP,dieu-duong,A02,Điểm thi THPT,2024,19.0,Điều dưỡng
71842,DVP,dieu-duong,B00,Điểm thi THPT,2024,19.0,Điều dưỡng
71843,DVP,dieu-duong,A00,Điểm học bạ,2025,19.0,Điều dưỡng
71844,DVP,dieu-duong,A01,Điểm học bạ,2025,19.0,Điều dưỡng
71845,DVP,dieu-duong,A02,Điểm học bạ,2025,19.0,Điều dưỡng
71846,DVP,dieu-duong,B00,Điểm học bạ,2025,19.0,Điều dưỡng
71847,DVP,dieu-duong,B03,Điểm học bạ,2025,19.0,Điều dưỡng
71848,DVP,dieu-duong,B04,Điểm học bạ,2025,19.0,Điều dưỡng
71849,DVP,dieu-duong,B08,Điểm học bạ,2025,19.0,Điều dưỡng
71850,DVP,dieu-duong,C02,Điểm học bạ,2025,19.0,Điều dưỡng
71851,DVP,dieu-duong,C08,Điểm học bạ,2025,19.0,Điều dưỡng
71852,DVP,dieu-duong,D07,Điểm học bạ,2025,19.0,Điều dưỡng
71853,DVP,dieu-duong,A00,Điểm thi THPT,2025,17.5,Điều dưỡng
71854,DVP,dieu-duong,A01,Điểm thi THPT,2025,17.5,Điều dưỡng
71855,DVP,dieu-duong,A02,Điểm thi THPT,2025,17.5,Điều dưỡng
71856,DVP,dieu-duong,B00,Điểm thi THPT,2025,17.5,Điều dưỡng
71857,DVP,dieu-duong,B03,Điểm thi THPT,2025,17.5,Điều dưỡng
71858,DVP,dieu-duong,B04,Điểm thi THPT,2025,17.5,Điều dưỡng
71859,DVP,dieu-duong,B08,Điểm thi THPT,2025,17.5,Điều dưỡng
71860,DVP,dieu-duong,C02,Điểm thi THPT,2025,17.5,Điều dưỡng
71861,DVP,dieu-duong,C08,Điểm thi THPT,2025,17.5,Điều dưỡng
71862,DVP,dieu-duong,D07,Điểm thi THPT,2025,17.5,Điều dưỡng
71863,DVP,duoc-hoc,A00,Điểm học bạ,2025,16.0,Dược học
71864,DVP,duoc-hoc,A02,Điểm học bạ,2025,16.0,Dược học
71865,DVP,duoc-hoc,B00,Điểm học bạ,2025,16.0,Dược học
71866,DVP,duoc-hoc,B03,Điểm học bạ,2025,16.0,Dược học
71867,DVP,duoc-hoc,B08,Điểm học bạ,2025,16.0,Dược học
71868,DVP,duoc-hoc,C02,Điểm học bạ,2025,16.0,Dược học
71869,DVP,duoc-hoc,D07,Điểm học bạ,2025,16.0,Dược học
71870,DVP,duoc-hoc,A00,Điểm thi THPT,2025,19.0,Dược học
71871,DVP,duoc-hoc,A02,Điểm thi THPT,2025,19.0,Dược học
71872,DVP,duoc-hoc,B00,Điểm thi THPT,2025,19.0,Dược học
71873,DVP,duoc-hoc,B03,Điểm thi THPT,2025,19.0,Dược học
71874,DVP,duoc-hoc,B08,Điểm thi THPT,2025,19.0,Dược học
71875,DVP,duoc-hoc,C02,Điểm thi THPT,2025,19.0,Dược học
71876,DVP,duoc-hoc,D07,Điểm thi THPT,2025,19.0,Dược học
71877,DVP,ke-toan,A00,Điểm học bạ,2022,17.0,Kế toán
71878,DVP,ke-toan,A01,Điểm học bạ,2022,17.0,Kế toán
71879,DVP,ke-toan,A07,Điểm học bạ,2022,17.0,Kế toán
71880,DVP,ke-toan,D01,Điểm học bạ,2022,17.0,Kế toán
71881,DVP,ke-toan,A00,Điểm thi THPT,2022,15.0,Kế toán
71882,DVP,ke-toan,A01,Điểm thi THPT,2022,15.0,Kế toán
71883,DVP,ke-toan,A07,Điểm thi THPT,2022,15.0,Kế toán
71884,DVP,ke-toan,D01,Điểm thi THPT,2022,15.0,Kế toán
71885,DVP,ke-toan,A00,Điểm học bạ,2023,17.0,Kế toán
71886,DVP,ke-toan,A01,Điểm học bạ,2023,17.0,Kế toán
71887,DVP,ke-toan,A07,Điểm học bạ,2023,17.0,Kế toán
71888,DVP,ke-toan,D01,Điểm học bạ,2023,17.0,Kế toán
71889,DVP,ke-toan,A00,Điểm thi THPT,2023,15.0,Kế toán
71890,DVP,ke-toan,A01,Điểm thi THPT,2023,15.0,Kế toán
71891,DVP,ke-toan,A07,Điểm thi THPT,2023,15.0,Kế toán
71892,DVP,ke-toan,D01,Điểm thi THPT,2023,15.0,Kế toán
71893,DVP,ke-toan,A00,Điểm học bạ,2024,16.5,Kế toán
71894,DVP,ke-toan,A01,Điểm học bạ,2024,16.5,Kế toán
71895,DVP,ke-toan,A07,Điểm học bạ,2024,16.5,Kế toán
71896,DVP,ke-toan,D01,Điểm học bạ,2024,16.5,Kế toán
71897,DVP,ke-toan,A00,Điểm thi THPT,2024,16.0,Kế toán
71898,DVP,ke-toan,A01,Điểm thi THPT,2024,16.0,Kế toán
71899,DVP,ke-toan,A07,Điểm thi THPT,2024,16.0,Kế toán
71900,DVP,ke-toan,D01,Điểm thi THPT,2024,16.0,Kế toán
71901,DVP,ke-toan,A00,Điểm học bạ,2025,16.5,Kế toán
71902,DVP,ke-toan,A01,Điểm học bạ,2025,16.5,Kế toán
71903,DVP,ke-toan,A07,Điểm học bạ,2025,16.5,Kế toán
71904,DVP,ke-toan,C01,Điểm học bạ,2025,16.5,Kế toán
71905,DVP,ke-toan,C03,Điểm học bạ,2025,16.5,Kế toán
71906,DVP,ke-toan,C14,Điểm học bạ,2025,16.5,Kế toán
71907,DVP,ke-toan,C20,Điểm học bạ,2025,16.5,Kế toán
71908,DVP,ke-toan,D01,Điểm học bạ,2025,16.5,Kế toán
71909,DVP,ke-toan,A00,Điểm thi THPT,2025,15.0,Kế toán
71910,DVP,ke-toan,A01,Điểm thi THPT,2025,15.0,Kế toán
71911,DVP,ke-toan,A07,Điểm thi THPT,2025,15.0,Kế toán
71912,DVP,ke-toan,C01,Điểm thi THPT,2025,15.0,Kế toán
71913,DVP,ke-toan,C03,Điểm thi THPT,2025,15.0,Kế toán
71914,DVP,ke-toan,C14,Điểm thi THPT,2025,15.0,Kế toán
71915,DVP,ke-toan,C20,Điểm thi THPT,2025,15.0,Kế toán
71916,DVP,ke-toan,D01,Điểm thi THPT,2025,15.0,Kế toán
71917,DVP,kinh-te-quoc-te,A01,Điểm học bạ,2025,16.5,Kinh tế quốc tế
71918,DVP,kinh-te-quoc-te,C04,Điểm học bạ,2025,16.5,Kinh tế quốc tế
71919,DVP,kinh-te-quoc-te,C14,Điểm học bạ,2025,16.5,Kinh tế quốc tế
71920,DVP,kinh-te-quoc-te,D01,Điểm học bạ,2025,16.5,Kinh tế quốc tế
71921,DVP,kinh-te-quoc-te,A01,Điểm thi THPT,2025,15.0,Kinh tế quốc tế
71922,DVP,kinh-te-quoc-te,C04,Điểm thi THPT,2025,15.0,Kinh tế quốc tế
71923,DVP,kinh-te-quoc-te,C14,Điểm thi THPT,2025,15.0,Kinh tế quốc tế
71924,DVP,kinh-te-quoc-te,D01,Điểm thi THPT,2025,15.0,Kinh tế quốc tế
71925,DVP,logistic-va-quan-ly-chuoi-cung-ung,A00,Điểm học bạ,2023,17.0,Logistic và quản lý chuỗi cung ứng
71926,DVP,logistic-va-quan-ly-chuoi-cung-ung,A01,Điểm học bạ,2023,17.0,Logistic và quản lý chuỗi cung ứng
71927,DVP,logistic-va-quan-ly-chuoi-cung-ung,A07,Điểm học bạ,2023,17.0,Logistic và quản lý chuỗi cung ứng
71928,DVP,logistic-va-quan-ly-chuoi-cung-ung,D01,Điểm học bạ,2023,17.0,Logistic và quản lý chuỗi cung ứng
71929,DVP,logistic-va-quan-ly-chuoi-cung-ung,A00,Điểm thi THPT,2023,15.0,Logistic và quản lý chuỗi cung ứng
71930,DVP,logistic-va-quan-ly-chuoi-cung-ung,A01,Điểm thi THPT,2023,15.0,Logistic và quản lý chuỗi cung ứng
71931,DVP,logistic-va-quan-ly-chuoi-cung-ung,A07,Điểm thi THPT,2023,15.0,Logistic và quản lý chuỗi cung ứng
71932,DVP,logistic-va-quan-ly-chuoi-cung-ung,D01,Điểm thi THPT,2023,15.0,Logistic và quản lý chuỗi cung ứng
71933,DVP,logistic-va-quan-ly-chuoi-cung-ung,A00,Điểm học bạ,2024,16.5,Logistic và quản lý chuỗi cung ứng
71934,DVP,logistic-va-quan-ly-chuoi-cung-ung,A01,Điểm học bạ,2024,16.5,Logistic và quản lý chuỗi cung ứng
71935,DVP,logistic-va-quan-ly-chuoi-cung-ung,A07,Điểm học bạ,2024,16.5,Logistic và quản lý chuỗi cung ứng
71936,DVP,logistic-va-quan-ly-chuoi-cung-ung,D01,Điểm học bạ,2024,16.5,Logistic và quản lý chuỗi cung ứng
71937,DVP,logistic-va-quan-ly-chuoi-cung-ung,A00,Điểm thi THPT,2024,16.0,Logistic và quản lý chuỗi cung ứng
71938,DVP,logistic-va-quan-ly-chuoi-cung-ung,A01,Điểm thi THPT,2024,16.0,Logistic và quản lý chuỗi cung ứng
71939,DVP,logistic-va-quan-ly-chuoi-cung-ung,A07,Điểm thi THPT,2024,16.0,Logistic và quản lý chuỗi cung ứng
71940,DVP,logistic-va-quan-ly-chuoi-cung-ung,D01,Điểm thi THPT,2024,16.0,Logistic và quản lý chuỗi cung ứng
71941,DVP,logistics-va-quan-ly-chuoi-cung-ung,A00,Điểm học bạ,2025,16.0,Logistics và quản lý chuỗi cung ứng
71942,DVP,logistics-va-quan-ly-chuoi-cung-ung,A01,Điểm học bạ,2025,16.0,Logistics và quản lý chuỗi cung ứng
71943,DVP,logistics-va-quan-ly-chuoi-cung-ung,A07,Điểm học bạ,2025,16.0,Logistics và quản lý chuỗi cung ứng
71944,DVP,logistics-va-quan-ly-chuoi-cung-ung,D01,Điểm học bạ,2025,16.0,Logistics và quản lý chuỗi cung ứng
71945,DVP,logistics-va-quan-ly-chuoi-cung-ung,A00,Điểm thi THPT,2025,15.0,Logistics và quản lý chuỗi cung ứng
71946,DVP,logistics-va-quan-ly-chuoi-cung-ung,A01,Điểm thi THPT,2025,15.0,Logistics và quản lý chuỗi cung ứng
71947,DVP,logistics-va-quan-ly-chuoi-cung-ung,A07,Điểm thi THPT,2025,15.0,Logistics và quản lý chuỗi cung ứng
71948,DVP,logistics-va-quan-ly-chuoi-cung-ung,D01,Điểm thi THPT,2025,15.0,Logistics và quản lý chuỗi cung ứng
71949,DVP,luat-kinh-te,A00,Điểm học bạ,2022,17.0,Luật kinh tế
71950,DVP,luat-kinh-te,A01,Điểm học bạ,2022,17.0,Luật kinh tế
71951,DVP,luat-kinh-te,C00,Điểm học bạ,2022,17.0,Luật kinh tế
71952,DVP,luat-kinh-te,D01,Điểm học bạ,2022,17.0,Luật kinh tế
71953,DVP,luat-kinh-te,A00,Điểm thi THPT,2022,15.0,Luật kinh tế
71954,DVP,luat-kinh-te,A01,Điểm thi THPT,2022,15.0,Luật kinh tế
71955,DVP,luat-kinh-te,C00,Điểm thi THPT,2022,15.0,Luật kinh tế
71956,DVP,luat-kinh-te,D01,Điểm thi THPT,2022,15.0,Luật kinh tế
71957,DVP,luat-kinh-te,A00,Điểm học bạ,2023,17.0,Luật kinh tế
71958,DVP,luat-kinh-te,A01,Điểm học bạ,2023,17.0,Luật kinh tế
71959,DVP,luat-kinh-te,C00,Điểm học bạ,2023,17.0,Luật kinh tế
71960,DVP,luat-kinh-te,D01,Điểm học bạ,2023,17.0,Luật kinh tế
71961,DVP,luat-kinh-te,A00,Điểm thi THPT,2023,15.0,Luật kinh tế
71962,DVP,luat-kinh-te,A01,Điểm thi THPT,2023,15.0,Luật kinh tế
71963,DVP,luat-kinh-te,C00,Điểm thi THPT,2023,15.0,Luật kinh tế
71964,DVP,luat-kinh-te,D01,Điểm thi THPT,2023,15.0,Luật kinh tế
71965,DVP,luat-kinh-te,A00,Điểm học bạ,2024,16.5,Luật kinh tế
71966,DVP,luat-kinh-te,A01,Điểm học bạ,2024,16.5,Luật kinh tế
71967,DVP,luat-kinh-te,C00,Điểm học bạ,2024,16.5,Luật kinh tế
71968,DVP,luat-kinh-te,D01,Điểm học bạ,2024,16.5,Luật kinh tế
71969,DVP,luat-kinh-te,A00,Điểm thi THPT,2024,15.5,Luật kinh tế
71970,DVP,luat-kinh-te,A01,Điểm thi THPT,2024,15.5,Luật kinh tế
71971,DVP,luat-kinh-te,C00,Điểm thi THPT,2024,15.5,Luật kinh tế
71972,DVP,luat-kinh-te,D01,Điểm thi THPT,2024,15.5,Luật kinh tế
71973,DVP,luat-kinh-te,A00,Điểm học bạ,2025,16.5,Luật kinh tế
71974,DVP,luat-kinh-te,A01,Điểm học bạ,2025,16.5,Luật kinh tế
71975,DVP,luat-kinh-te,C00,Điểm học bạ,2025,16.5,Luật kinh tế
71976,DVP,luat-kinh-te,D01,Điểm học bạ,2025,16.5,Luật kinh tế
71977,DVP,luat-kinh-te,A00,Điểm thi THPT,2025,15.0,Luật kinh tế
71978,DVP,luat-kinh-te,A01,Điểm thi THPT,2025,15.0,Luật kinh tế
71979,DVP,luat-kinh-te,C00,Điểm thi THPT,2025,15.0,Luật kinh tế
71980,DVP,luat-kinh-te,D01,Điểm thi THPT,2025,15.0,Luật kinh tế
71981,DVP,ngon-ngu-anh,D01,Điểm học bạ,2022,17.0,Ngôn ngữ Anh
71982,DVP,ngon-ngu-anh,D09,Điểm học bạ,2022,17.0,Ngôn ngữ Anh
71983,DVP,ngon-ngu-anh,D10,Điểm học bạ,2022,17.0,Ngôn ngữ Anh
71984,DVP,ngon-ngu-anh,D14,Điểm học bạ,2022,17.0,Ngôn ngữ Anh
71985,DVP,ngon-ngu-anh,D01,Điểm thi THPT,2022,15.0,Ngôn ngữ Anh
71986,DVP,ngon-ngu-anh,D09,Điểm thi THPT,2022,15.0,Ngôn ngữ Anh
71987,DVP,ngon-ngu-anh,D10,Điểm thi THPT,2022,15.0,Ngôn ngữ Anh
71988,DVP,ngon-ngu-anh,D14,Điểm thi THPT,2022,15.0,Ngôn ngữ Anh
71989,DVP,ngon-ngu-anh,D01,Điểm học bạ,2023,17.0,Ngôn ngữ Anh
71990,DVP,ngon-ngu-anh,D09,Điểm học bạ,2023,17.0,Ngôn ngữ Anh
71991,DVP,ngon-ngu-anh,D10,Điểm học bạ,2023,17.0,Ngôn ngữ Anh
71992,DVP,ngon-ngu-anh,D14,Điểm học bạ,2023,17.0,Ngôn ngữ Anh
71993,DVP,ngon-ngu-anh,D01,Điểm thi THPT,2023,15.0,Ngôn ngữ Anh
71994,DVP,ngon-ngu-anh,D09,Điểm thi THPT,2023,15.0,Ngôn ngữ Anh
71995,DVP,ngon-ngu-anh,D10,Điểm thi THPT,2023,15.0,Ngôn ngữ Anh
71996,DVP,ngon-ngu-anh,D14,Điểm thi THPT,2023,15.0,Ngôn ngữ Anh
71997,DVP,ngon-ngu-anh,C00,Điểm học bạ,2024,16.5,Ngôn ngữ Anh
71998,DVP,ngon-ngu-anh,D01,Điểm học bạ,2024,16.5,Ngôn ngữ Anh
71999,DVP,ngon-ngu-anh,D09,Điểm học bạ,2024,16.5,Ngôn ngữ Anh
72000,DVP,ngon-ngu-anh,D10,Điểm học bạ,2024,16.5,Ngôn ngữ Anh
72001,DVP,ngon-ngu-anh,C00,Điểm thi THPT,2024,16.0,Ngôn ngữ Anh
72002,DVP,ngon-ngu-anh,D01,Điểm thi THPT,2024,16.0,Ngôn ngữ Anh
72003,DVP,ngon-ngu-anh,D09,Điểm thi THPT,2024,16.0,Ngôn ngữ Anh
72004,DVP,ngon-ngu-anh,D10,Điểm thi THPT,2024,16.0,Ngôn ngữ Anh
72005,DVP,ngon-ngu-anh,C00,Điểm học bạ,2025,16.0,Ngôn ngữ Anh
72006,DVP,ngon-ngu-anh,C19,Điểm học bạ,2025,16.0,Ngôn ngữ Anh
72007,DVP,ngon-ngu-anh,C20,Điểm học bạ,2025,16.0,Ngôn ngữ Anh
72008,DVP,ngon-ngu-anh,D01,Điểm học bạ,2025,16.0,Ngôn ngữ Anh
72009,DVP,ngon-ngu-anh,D09,Điểm học bạ,2025,16.0,Ngôn ngữ Anh
72010,DVP,ngon-ngu-anh,D10,Điểm học bạ,2025,16.0,Ngôn ngữ Anh
72011,DVP,ngon-ngu-anh,C00,Điểm thi THPT,2025,15.0,Ngôn ngữ Anh
72012,DVP,ngon-ngu-anh,C19,Điểm thi THPT,2025,15.0,Ngôn ngữ Anh
72013,DVP,ngon-ngu-anh,C20,Điểm thi THPT,2025,15.0,Ngôn ngữ Anh
72014,DVP,ngon-ngu-anh,D01,Điểm thi THPT,2025,15.0,Ngôn ngữ Anh
72015,DVP,ngon-ngu-anh,D09,Điểm thi THPT,2025,15.0,Ngôn ngữ Anh
72016,DVP,ngon-ngu-anh,D10,Điểm thi THPT,2025,15.0,Ngôn ngữ Anh
72017,DVP,ngon-ngu-han-quoc,C00,Điểm học bạ,2023,17.0,Ngôn ngữ Hàn quốc
72018,DVP,ngon-ngu-han-quoc,D01,Điểm học bạ,2023,17.0,Ngôn ngữ Hàn quốc
72019,DVP,ngon-ngu-han-quoc,D09,Điểm học bạ,2023,17.0,Ngôn ngữ Hàn quốc
72020,DVP,ngon-ngu-han-quoc,D10,Điểm học bạ,2023,17.0,Ngôn ngữ Hàn quốc
72021,DVP,ngon-ngu-han-quoc,C00,Điểm thi THPT,2023,15.0,Ngôn ngữ Hàn quốc
72022,DVP,ngon-ngu-han-quoc,D01,Điểm thi THPT,2023,15.0,Ngôn ngữ Hàn quốc
72023,DVP,ngon-ngu-han-quoc,D09,Điểm thi THPT,2023,15.0,Ngôn ngữ Hàn quốc
72024,DVP,ngon-ngu-han-quoc,D10,Điểm thi THPT,2023,15.0,Ngôn ngữ Hàn quốc
72025,DVP,ngon-ngu-han-quoc,C00,Điểm học bạ,2024,16.5,Ngôn ngữ Hàn Quốc
72026,DVP,ngon-ngu-han-quoc,D01,Điểm học bạ,2024,16.5,Ngôn ngữ Hàn Quốc
72027,DVP,ngon-ngu-han-quoc,D09,Điểm học bạ,2024,16.5,Ngôn ngữ Hàn Quốc
72028,DVP,ngon-ngu-han-quoc,C00,Điểm thi THPT,2024,16.5,Ngôn ngữ Hàn Quốc
72029,DVP,ngon-ngu-han-quoc,D01,Điểm thi THPT,2024,16.5,Ngôn ngữ Hàn Quốc
72030,DVP,ngon-ngu-han-quoc,D09,Điểm thi THPT,2024,16.5,Ngôn ngữ Hàn Quốc
72031,DVP,ngon-ngu-han-quoc,A00,Điểm học bạ,2025,16.5,Ngôn ngữ Hàn Quốc
72032,DVP,ngon-ngu-han-quoc,A01,Điểm học bạ,2025,16.5,Ngôn ngữ Hàn Quốc
72033,DVP,ngon-ngu-han-quoc,C00,Điểm học bạ,2025,16.5,Ngôn ngữ Hàn Quốc
72034,DVP,ngon-ngu-han-quoc,D01,Điểm học bạ,2025,16.5,Ngôn ngữ Hàn Quốc
72035,DVP,ngon-ngu-han-quoc,D09,Điểm học bạ,2025,16.5,Ngôn ngữ Hàn Quốc
72036,DVP,ngon-ngu-han-quoc,D15,Điểm học bạ,2025,16.5,Ngôn ngữ Hàn Quốc
72037,DVP,ngon-ngu-han-quoc,D66,Điểm học bạ,2025,16.5,Ngôn ngữ Hàn Quốc
72038,DVP,ngon-ngu-han-quoc,A00,Điểm thi THPT,2025,15.0,Ngôn ngữ Hàn Quốc
72039,DVP,ngon-ngu-han-quoc,A01,Điểm thi THPT,2025,15.0,Ngôn ngữ Hàn Quốc
72040,DVP,ngon-ngu-han-quoc,C00,Điểm thi THPT,2025,15.0,Ngôn ngữ Hàn Quốc
72041,DVP,ngon-ngu-han-quoc,D01,Điểm thi THPT,2025,15.0,Ngôn ngữ Hàn Quốc
72042,DVP,ngon-ngu-han-quoc,D09,Điểm thi THPT,2025,15.0,Ngôn ngữ Hàn Quốc
72043,DVP,ngon-ngu-han-quoc,D15,Điểm thi THPT,2025,15.0,Ngôn ngữ Hàn Quốc
72044,DVP,ngon-ngu-han-quoc,D66,Điểm thi THPT,2025,15.0,Ngôn ngữ Hàn Quốc
72045,DVP,ngon-ngu-trung-quoc,C00,Điểm học bạ,2022,17.0,Ngôn ngữ Trung Quốc
72046,DVP,ngon-ngu-trung-quoc,D01,Điểm học bạ,2022,17.0,Ngôn ngữ Trung Quốc
72047,DVP,ngon-ngu-trung-quoc,D09,Điểm học bạ,2022,17.0,Ngôn ngữ Trung Quốc
72048,DVP,ngon-ngu-trung-quoc,D10,Điểm học bạ,2022,17.0,Ngôn ngữ Trung Quốc
72049,DVP,ngon-ngu-trung-quoc,C00,Điểm thi THPT,2022,15.0,Ngôn ngữ Trung Quốc
72050,DVP,ngon-ngu-trung-quoc,D01,Điểm thi THPT,2022,15.0,Ngôn ngữ Trung Quốc
72051,DVP,ngon-ngu-trung-quoc,D09,Điểm thi THPT,2022,15.0,Ngôn ngữ Trung Quốc
72052,DVP,ngon-ngu-trung-quoc,D10,Điểm thi THPT,2022,15.0,Ngôn ngữ Trung Quốc
72053,DVP,ngon-ngu-trung-quoc,C00,Điểm học bạ,2023,17.0,Ngôn ngữ Trung Quốc
72054,DVP,ngon-ngu-trung-quoc,D01,Điểm học bạ,2023,17.0,Ngôn ngữ Trung Quốc
72055,DVP,ngon-ngu-trung-quoc,D09,Điểm học bạ,2023,17.0,Ngôn ngữ Trung Quốc
72056,DVP,ngon-ngu-trung-quoc,D10,Điểm học bạ,2023,17.0,Ngôn ngữ Trung Quốc
72057,DVP,ngon-ngu-trung-quoc,C00,Điểm thi THPT,2023,15.0,Ngôn ngữ Trung Quốc
72058,DVP,ngon-ngu-trung-quoc,D01,Điểm thi THPT,2023,15.0,Ngôn ngữ Trung Quốc
72059,DVP,ngon-ngu-trung-quoc,D09,Điểm thi THPT,2023,15.0,Ngôn ngữ Trung Quốc
72060,DVP,ngon-ngu-trung-quoc,D10,Điểm thi THPT,2023,15.0,Ngôn ngữ Trung Quốc
72061,DVP,ngon-ngu-trung-quoc,C00,Điểm học bạ,2024,16.5,Ngôn ngữ Trung Quốc
72062,DVP,ngon-ngu-trung-quoc,D01,Điểm học bạ,2024,16.5,Ngôn ngữ Trung Quốc
72063,DVP,ngon-ngu-trung-quoc,D09,Điểm học bạ,2024,16.5,Ngôn ngữ Trung Quốc
72064,DVP,ngon-ngu-trung-quoc,D10,Điểm học bạ,2024,16.5,Ngôn ngữ Trung Quốc
72065,DVP,ngon-ngu-trung-quoc,C00,Điểm thi THPT,2024,16.5,Ngôn ngữ Trung Quốc
72066,DVP,ngon-ngu-trung-quoc,D01,Điểm thi THPT,2024,16.5,Ngôn ngữ Trung Quốc
72067,DVP,ngon-ngu-trung-quoc,D09,Điểm thi THPT,2024,16.5,Ngôn ngữ Trung Quốc
72068,DVP,ngon-ngu-trung-quoc,D10,Điểm thi THPT,2024,16.5,Ngôn ngữ Trung Quốc
72069,DVP,ngon-ngu-trung-quoc,C00,Điểm học bạ,2025,18.0,Ngôn ngữ Trung Quốc
72070,DVP,ngon-ngu-trung-quoc,C19,Điểm học bạ,2025,18.0,Ngôn ngữ Trung Quốc
72071,DVP,ngon-ngu-trung-quoc,C20,Điểm học bạ,2025,18.0,Ngôn ngữ Trung Quốc
72072,DVP,ngon-ngu-trung-quoc,D01,Điểm học bạ,2025,18.0,Ngôn ngữ Trung Quốc
72073,DVP,ngon-ngu-trung-quoc,D04,Điểm học bạ,2025,18.0,Ngôn ngữ Trung Quốc
72074,DVP,ngon-ngu-trung-quoc,D09,Điểm học bạ,2025,18.0,Ngôn ngữ Trung Quốc
72075,DVP,ngon-ngu-trung-quoc,D10,Điểm học bạ,2025,18.0,Ngôn ngữ Trung Quốc
72076,DVP,ngon-ngu-trung-quoc,C00,Điểm thi THPT,2025,16.5,Ngôn ngữ Trung Quốc
72077,DVP,ngon-ngu-trung-quoc,C19,Điểm thi THPT,2025,16.5,Ngôn ngữ Trung Quốc
72078,DVP,ngon-ngu-trung-quoc,C20,Điểm thi THPT,2025,16.5,Ngôn ngữ Trung Quốc
72079,DVP,ngon-ngu-trung-quoc,D01,Điểm thi THPT,2025,16.5,Ngôn ngữ Trung Quốc
72080,DVP,ngon-ngu-trung-quoc,D04,Điểm thi THPT,2025,16.5,Ngôn ngữ Trung Quốc
72081,DVP,ngon-ngu-trung-quoc,D09,Điểm thi THPT,2025,16.5,Ngôn ngữ Trung Quốc
72082,DVP,ngon-ngu-trung-quoc,D10,Điểm thi THPT,2025,16.5,Ngôn ngữ Trung Quốc
72083,DVP,quan-tri-dich-vu-du-lich-va-lu-hanh,A07,Điểm học bạ,2023,17.0,Quản trị dịch vụ du lịch và lữ hành
72084,DVP,quan-tri-dich-vu-du-lich-va-lu-hanh,C00,Điểm học bạ,2023,17.0,Quản trị dịch vụ du lịch và lữ hành
72085,DVP,quan-tri-dich-vu-du-lich-va-lu-hanh,D01,Điểm học bạ,2023,17.0,Quản trị dịch vụ du lịch và lữ hành
72086,DVP,quan-tri-dich-vu-du-lich-va-lu-hanh,D14,Điểm học bạ,2023,17.0,Quản trị dịch vụ du lịch và lữ hành
72087,DVP,quan-tri-dich-vu-du-lich-va-lu-hanh,A07,Điểm thi THPT,2023,15.0,Quản trị dịch vụ du lịch và lữ hành
72088,DVP,quan-tri-dich-vu-du-lich-va-lu-hanh,C00,Điểm thi THPT,2023,15.0,Quản trị dịch vụ du lịch và lữ hành
72089,DVP,quan-tri-dich-vu-du-lich-va-lu-hanh,D01,Điểm thi THPT,2023,15.0,Quản trị dịch vụ du lịch và lữ hành
72090,DVP,quan-tri-dich-vu-du-lich-va-lu-hanh,D14,Điểm thi THPT,2023,15.0,Quản trị dịch vụ du lịch và lữ hành
72091,DVP,quan-tri-dich-vu-du-lich-va-lu-hanh,A07,Điểm học bạ,2024,16.5,Quản trị dịch vụ du lịch và lữ hành
72092,DVP,quan-tri-dich-vu-du-lich-va-lu-hanh,C00,Điểm học bạ,2024,16.5,Quản trị dịch vụ du lịch và lữ hành
72093,DVP,quan-tri-dich-vu-du-lich-va-lu-hanh,D01,Điểm học bạ,2024,16.5,Quản trị dịch vụ du lịch và lữ hành
72094,DVP,quan-tri-dich-vu-du-lich-va-lu-hanh,D14,Điểm học bạ,2024,16.5,Quản trị dịch vụ du lịch và lữ hành
72095,DVP,quan-tri-dich-vu-du-lich-va-lu-hanh,A07,Điểm thi THPT,2024,16.0,Quản trị dịch vụ du lịch và lữ hành
72096,DVP,quan-tri-dich-vu-du-lich-va-lu-hanh,C00,Điểm thi THPT,2024,16.0,Quản trị dịch vụ du lịch và lữ hành
72097,DVP,quan-tri-dich-vu-du-lich-va-lu-hanh,D01,Điểm thi THPT,2024,16.0,Quản trị dịch vụ du lịch và lữ hành
72098,DVP,quan-tri-dich-vu-du-lich-va-lu-hanh,D14,Điểm thi THPT,2024,16.0,Quản trị dịch vụ du lịch và lữ hành
72099,DVP,quan-tri-dich-vu-du-lich-va-lu-hanh,A07,Điểm học bạ,2025,17.0,Quản trị dịch vụ du lịch và lữ hành
72100,DVP,quan-tri-dich-vu-du-lich-va-lu-hanh,C00,Điểm học bạ,2025,17.0,Quản trị dịch vụ du lịch và lữ hành
72101,DVP,quan-tri-dich-vu-du-lich-va-lu-hanh,D01,Điểm học bạ,2025,17.0,Quản trị dịch vụ du lịch và lữ hành
72102,DVP,quan-tri-dich-vu-du-lich-va-lu-hanh,D14,Điểm học bạ,2025,17.0,Quản trị dịch vụ du lịch và lữ hành
72103,DVP,quan-tri-dich-vu-du-lich-va-lu-hanh,A07,Điểm thi THPT,2025,15.5,Quản trị dịch vụ du lịch và lữ hành
72104,DVP,quan-tri-dich-vu-du-lich-va-lu-hanh,C00,Điểm thi THPT,2025,15.5,Quản trị dịch vụ du lịch và lữ hành
72105,DVP,quan-tri-dich-vu-du-lich-va-lu-hanh,D01,Điểm thi THPT,2025,15.5,Quản trị dịch vụ du lịch và lữ hành
72106,DVP,quan-tri-dich-vu-du-lich-va-lu-hanh,D14,Điểm thi THPT,2025,15.5,Quản trị dịch vụ du lịch và lữ hành
72107,DVP,quan-tri-kinh-doanh,A00,Điểm học bạ,2022,17.0,Quản trị kinh doanh
72108,DVP,quan-tri-kinh-doanh,A01,Điểm học bạ,2022,17.0,Quản trị kinh doanh
72109,DVP,quan-tri-kinh-doanh,A07,Điểm học bạ,2022,17.0,Quản trị kinh doanh
72110,DVP,quan-tri-kinh-doanh,D01,Điểm học bạ,2022,17.0,Quản trị kinh doanh
72111,DVP,quan-tri-kinh-doanh,A00,Điểm thi THPT,2022,15.0,Quản trị kinh doanh
72112,DVP,quan-tri-kinh-doanh,A01,Điểm thi THPT,2022,15.0,Quản trị kinh doanh
72113,DVP,quan-tri-kinh-doanh,A07,Điểm thi THPT,2022,15.0,Quản trị kinh doanh
72114,DVP,quan-tri-kinh-doanh,D01,Điểm thi THPT,2022,15.0,Quản trị kinh doanh
72115,DVP,quan-tri-kinh-doanh,A00,Điểm học bạ,2023,17.0,Quản trị kinh doanh
72116,DVP,quan-tri-kinh-doanh,A01,Điểm học bạ,2023,17.0,Quản trị kinh doanh
72117,DVP,quan-tri-kinh-doanh,A07,Điểm học bạ,2023,17.0,Quản trị kinh doanh
72118,DVP,quan-tri-kinh-doanh,D01,Điểm học bạ,2023,17.0,Quản trị kinh doanh
72119,DVP,quan-tri-kinh-doanh,A00,Điểm thi THPT,2023,15.0,Quản trị kinh doanh
72120,DVP,quan-tri-kinh-doanh,A01,Điểm thi THPT,2023,15.0,Quản trị kinh doanh
72121,DVP,quan-tri-kinh-doanh,A07,Điểm thi THPT,2023,15.0,Quản trị kinh doanh
72122,DVP,quan-tri-kinh-doanh,D01,Điểm thi THPT,2023,15.0,Quản trị kinh doanh
72123,DVP,quan-tri-kinh-doanh,A00,Điểm học bạ,2024,15.0,Quản trị kinh doanh
72124,DVP,quan-tri-kinh-doanh,A01,Điểm học bạ,2024,15.0,Quản trị kinh doanh
72125,DVP,quan-tri-kinh-doanh,A07,Điểm học bạ,2024,15.0,Quản trị kinh doanh
72126,DVP,quan-tri-kinh-doanh,D01,Điểm học bạ,2024,15.0,Quản trị kinh doanh
72127,DVP,quan-tri-kinh-doanh,A00,Điểm thi THPT,2024,16.0,Quản trị kinh doanh
72128,DVP,quan-tri-kinh-doanh,A01,Điểm thi THPT,2024,16.0,Quản trị kinh doanh
72129,DVP,quan-tri-kinh-doanh,A07,Điểm thi THPT,2024,16.0,Quản trị kinh doanh
72130,DVP,quan-tri-kinh-doanh,D01,Điểm thi THPT,2024,16.0,Quản trị kinh doanh
72131,DVP,quan-tri-kinh-doanh,A00,Điểm học bạ,2025,17.5,Quản trị kinh doanh
72132,DVP,quan-tri-kinh-doanh,A01,Điểm học bạ,2025,17.5,Quản trị kinh doanh
72133,DVP,quan-tri-kinh-doanh,A07,Điểm học bạ,2025,17.5,Quản trị kinh doanh
72134,DVP,quan-tri-kinh-doanh,C01,Điểm học bạ,2025,17.5,Quản trị kinh doanh
72135,DVP,quan-tri-kinh-doanh,C03,Điểm học bạ,2025,17.5,Quản trị kinh doanh
72136,DVP,quan-tri-kinh-doanh,C14,Điểm học bạ,2025,17.5,Quản trị kinh doanh
72137,DVP,quan-tri-kinh-doanh,C20,Điểm học bạ,2025,17.5,Quản trị kinh doanh
72138,DVP,quan-tri-kinh-doanh,D01,Điểm học bạ,2025,17.5,Quản trị kinh doanh
72139,DVP,quan-tri-kinh-doanh,A00,Điểm thi THPT,2025,16.0,Quản trị kinh doanh
72140,DVP,quan-tri-kinh-doanh,A01,Điểm thi THPT,2025,16.0,Quản trị kinh doanh
72141,DVP,quan-tri-kinh-doanh,A07,Điểm thi THPT,2025,16.0,Quản trị kinh doanh
72142,DVP,quan-tri-kinh-doanh,C01,Điểm thi THPT,2025,16.0,Quản trị kinh doanh
72143,DVP,quan-tri-kinh-doanh,C03,Điểm thi THPT,2025,16.0,Quản trị kinh doanh
72144,DVP,quan-tri-kinh-doanh,C14,Điểm thi THPT,2025,16.0,Quản trị kinh doanh
72145,DVP,quan-tri-kinh-doanh,C20,Điểm thi THPT,2025,16.0,Quản trị kinh doanh
72146,DVP,quan-tri-kinh-doanh,D01,Điểm thi THPT,2025,16.0,Quản trị kinh doanh
72147,DVP,tai-chinh-ngan-hang,A00,Điểm học bạ,2022,17.0,Tài chính ngân hàng
72148,DVP,tai-chinh-ngan-hang,A01,Điểm học bạ,2022,17.0,Tài chính ngân hàng
72149,DVP,tai-chinh-ngan-hang,A07,Điểm học bạ,2022,17.0,Tài chính ngân hàng
72150,DVP,tai-chinh-ngan-hang,D01,Điểm học bạ,2022,17.0,Tài chính ngân hàng
72151,DVP,tai-chinh-ngan-hang,A00,Điểm thi THPT,2022,15.0,Tài chính ngân hàng
72152,DVP,tai-chinh-ngan-hang,A01,Điểm thi THPT,2022,15.0,Tài chính ngân hàng
72153,DVP,tai-chinh-ngan-hang,A07,Điểm thi THPT,2022,15.0,Tài chính ngân hàng
72154,DVP,tai-chinh-ngan-hang,D01,Điểm thi THPT,2022,15.0,Tài chính ngân hàng
72155,DVP,tai-chinh-ngan-hang,A00,Điểm học bạ,2023,17.0,Tài chính- ngân hàng
72156,DVP,tai-chinh-ngan-hang,A01,Điểm học bạ,2023,17.0,Tài chính- ngân hàng
72157,DVP,tai-chinh-ngan-hang,A07,Điểm học bạ,2023,17.0,Tài chính- ngân hàng
72158,DVP,tai-chinh-ngan-hang,D01,Điểm học bạ,2023,17.0,Tài chính- ngân hàng
72159,DVP,tai-chinh-ngan-hang,A00,Điểm thi THPT,2023,15.0,Tài chính - ngân hàng
72160,DVP,tai-chinh-ngan-hang,A01,Điểm thi THPT,2023,15.0,Tài chính - ngân hàng
72161,DVP,tai-chinh-ngan-hang,A07,Điểm thi THPT,2023,15.0,Tài chính - ngân hàng
72162,DVP,tai-chinh-ngan-hang,D01,Điểm thi THPT,2023,15.0,Tài chính - ngân hàng
72163,DVP,tai-chinh-ngan-hang,A00,Điểm học bạ,2024,16.5,Tài chính - Ngân hàng
72164,DVP,tai-chinh-ngan-hang,A01,Điểm học bạ,2024,16.5,Tài chính - Ngân hàng
72165,DVP,tai-chinh-ngan-hang,A07,Điểm học bạ,2024,16.5,Tài chính - Ngân hàng
72166,DVP,tai-chinh-ngan-hang,D01,Điểm học bạ,2024,16.5,Tài chính - Ngân hàng
72167,DVP,tai-chinh-ngan-hang,A00,Điểm thi THPT,2024,15.0,Tài chính - Ngân hàng
72168,DVP,tai-chinh-ngan-hang,A01,Điểm thi THPT,2024,15.0,Tài chính - Ngân hàng
72169,DVP,tai-chinh-ngan-hang,A07,Điểm thi THPT,2024,15.0,Tài chính - Ngân hàng
72170,DVP,tai-chinh-ngan-hang,D01,Điểm thi THPT,2024,15.0,Tài chính - Ngân hàng
72171,DVP,tai-chinh-ngan-hang,A00,Điểm học bạ,2025,17.0,Tài chính - Ngân hàng
72172,DVP,tai-chinh-ngan-hang,A01,Điểm học bạ,2025,17.0,Tài chính - Ngân hàng
72173,DVP,tai-chinh-ngan-hang,A07,Điểm học bạ,2025,17.0,Tài chính - Ngân hàng
72174,DVP,tai-chinh-ngan-hang,D01,Điểm học bạ,2025,17.0,Tài chính - Ngân hàng
72175,DVP,tai-chinh-ngan-hang,A00,Điểm thi THPT,2025,15.5,Tài chính - Ngân hàng
72176,DVP,tai-chinh-ngan-hang,A01,Điểm thi THPT,2025,15.5,Tài chính - Ngân hàng
72177,DVP,tai-chinh-ngan-hang,A07,Điểm thi THPT,2025,15.5,Tài chính - Ngân hàng
72178,DVP,tai-chinh-ngan-hang,D01,Điểm thi THPT,2025,15.5,Tài chính - Ngân hàng
72179,DVP,thuong-mai-dien-tu,A00,Điểm học bạ,2023,17.0,Thương mại điện tử
72180,DVP,thuong-mai-dien-tu,A01,Điểm học bạ,2023,17.0,Thương mại điện tử
72181,DVP,thuong-mai-dien-tu,A07,Điểm học bạ,2023,17.0,Thương mại điện tử
72182,DVP,thuong-mai-dien-tu,D01,Điểm học bạ,2023,17.0,Thương mại điện tử
72183,DVP,thuong-mai-dien-tu,A00,Điểm thi THPT,2023,15.0,Thương mại điện tử
72184,DVP,thuong-mai-dien-tu,A01,Điểm thi THPT,2023,15.0,Thương mại điện tử
72185,DVP,thuong-mai-dien-tu,A07,Điểm thi THPT,2023,15.0,Thương mại điện tử
72186,DVP,thuong-mai-dien-tu,D01,Điểm thi THPT,2023,15.0,Thương mại điện tử
72187,DVP,thuong-mai-dien-tu,A00,Điểm học bạ,2024,16.5,Thương mại điện tử
72188,DVP,thuong-mai-dien-tu,A01,Điểm học bạ,2024,16.5,Thương mại điện tử
72189,DVP,thuong-mai-dien-tu,C00,Điểm học bạ,2024,16.5,Thương mại điện tử
72190,DVP,thuong-mai-dien-tu,D01,Điểm học bạ,2024,16.5,Thương mại điện tử
72191,DVP,thuong-mai-dien-tu,A00,Điểm thi THPT,2024,16.0,Thương mại điện tử
72192,DVP,thuong-mai-dien-tu,A01,Điểm thi THPT,2024,16.0,Thương mại điện tử
72193,DVP,thuong-mai-dien-tu,C00,Điểm thi THPT,2024,16.0,Thương mại điện tử
72194,DVP,thuong-mai-dien-tu,D01,Điểm thi THPT,2024,16.0,Thương mại điện tử
72195,DVP,thuong-mai-dien-tu,A00,Điểm học bạ,2025,17.0,Thương mại điện tử
72196,DVP,thuong-mai-dien-tu,A01,Điểm học bạ,2025,17.0,Thương mại điện tử
72197,DVP,thuong-mai-dien-tu,A07,Điểm học bạ,2025,17.0,Thương mại điện tử
72198,DVP,thuong-mai-dien-tu,C00,Điểm học bạ,2025,17.0,Thương mại điện tử
72199,DVP,thuong-mai-dien-tu,D01,Điểm học bạ,2025,17.0,Thương mại điện tử
72200,DVP,thuong-mai-dien-tu,A00,Điểm thi THPT,2025,15.5,Thương mại điện tử
72201,DVP,thuong-mai-dien-tu,A01,Điểm thi THPT,2025,15.5,Thương mại điện tử
72202,DVP,thuong-mai-dien-tu,A07,Điểm thi THPT,2025,15.5,Thương mại điện tử
72203,DVP,thuong-mai-dien-tu,C00,Điểm thi THPT,2025,15.5,Thương mại điện tử
72204,DVP,thuong-mai-dien-tu,D01,Điểm thi THPT,2025,15.5,Thương mại điện tử
72205,DVP,truyen-thong-da-phuong-tien,A00,Điểm học bạ,2023,17.0,Truyền thông đa phương tiện
72206,DVP,truyen-thong-da-phuong-tien,A01,Điểm học bạ,2023,17.0,Truyền thông đa phương tiện
72207,DVP,truyen-thong-da-phuong-tien,D01,Điểm học bạ,2023,17.0,Truyền thông đa phương tiện
72208,DVP,truyen-thong-da-phuong-tien,D14,Điểm học bạ,2023,17.0,Truyền thông đa phương tiện
72209,DVP,truyen-thong-da-phuong-tien,A00,Điểm thi THPT,2023,15.0,Truyền thông đa phương tiện
72210,DVP,truyen-thong-da-phuong-tien,A01,Điểm thi THPT,2023,15.0,Truyền thông đa phương tiện
72211,DVP,truyen-thong-da-phuong-tien,D01,Điểm thi THPT,2023,15.0,Truyền thông đa phương tiện
72212,DVP,truyen-thong-da-phuong-tien,D14,Điểm thi THPT,2023,15.0,Truyền thông đa phương tiện
72213,DVP,truyen-thong-da-phuong-tien,A00,Điểm học bạ,2024,16.5,Truyền thông đa phương tiện
72214,DVP,truyen-thong-da-phuong-tien,C00,Điểm học bạ,2024,16.5,Truyền thông đa phương tiện
72215,DVP,truyen-thong-da-phuong-tien,D01,Điểm học bạ,2024,16.5,Truyền thông đa phương tiện
72216,DVP,truyen-thong-da-phuong-tien,D14,Điểm học bạ,2024,16.5,Truyền thông đa phương tiện
72217,DVP,truyen-thong-da-phuong-tien,A00,Điểm thi THPT,2024,15.0,Truyền thông đa phương tiện
72218,DVP,truyen-thong-da-phuong-tien,C00,Điểm thi THPT,2024,15.0,Truyền thông đa phương tiện
72219,DVP,truyen-thong-da-phuong-tien,D01,Điểm thi THPT,2024,15.0,Truyền thông đa phương tiện
72220,DVP,truyen-thong-da-phuong-tien,D14,Điểm thi THPT,2024,15.0,Truyền thông đa phương tiện
72221,DVP,truyen-thong-da-phuong-tien,A00,Điểm học bạ,2025,16.0,Truyền thông đa phương tiện
72222,DVP,truyen-thong-da-phuong-tien,C00,Điểm học bạ,2025,16.0,Truyền thông đa phương tiện
72223,DVP,truyen-thong-da-phuong-tien,D01,Điểm học bạ,2025,16.0,Truyền thông đa phương tiện
72224,DVP,truyen-thong-da-phuong-tien,D14,Điểm học bạ,2025,16.0,Truyền thông đa phương tiện
72225,DVP,truyen-thong-da-phuong-tien,A00,Điểm thi THPT,2025,15.0,Truyền thông đa phương tiện
72226,DVP,truyen-thong-da-phuong-tien,C00,Điểm thi THPT,2025,15.0,Truyền thông đa phương tiện
72227,DVP,truyen-thong-da-phuong-tien,D01,Điểm thi THPT,2025,15.0,Truyền thông đa phương tiện
72228,DVP,truyen-thong-da-phuong-tien,D14,Điểm thi THPT,2025,15.0,Truyền thông đa phương tiện
72229,DVT,am-nhac-hoc,N00,Điểm thi THPT,2021,15.0,Âm nhạc học
72230,DVT,am-nhac-hoc,N00,Điểm thi THPT,2022,15.0,Âm nhạc học
72231,DVT,am-nhac-hoc,N00,Điểm học bạ,2023,18.0,Âm nhạc học
72232,DVT,am-nhac-hoc,N00,Điểm thi THPT,2023,15.0,Âm nhạc học
72233,DVT,am-nhac-hoc,N00,Điểm học bạ,2024,18.0,Âm nhạc học
72234,DVT,am-nhac-hoc,N00,Điểm thi THPT,2024,15.0,Âm nhạc học
72235,DVT,am-nhac-hoc,N00,Điểm học bạ,2025,18.0,Âm nhạc học
72236,DVT,am-nhac-hoc,N00,Điểm thi THPT,2025,17.62,Âm nhạc học
72237,DVT,bao-ve-thuc-vat,A02,Điểm học bạ,2024,18.0,Bảo vệ thực vật
72238,DVT,bao-ve-thuc-vat,B00,Điểm học bạ,2024,18.0,Bảo vệ thực vật
72239,DVT,bao-ve-thuc-vat,B08,Điểm học bạ,2024,18.0,Bảo vệ thực vật
72240,DVT,bao-ve-thuc-vat,D90,Điểm học bạ,2024,18.0,Bảo vệ thực vật
72241,DVT,bao-ve-thuc-vat,A02,Điểm thi THPT,2024,15.0,Bảo vệ thực vật
72242,DVT,bao-ve-thuc-vat,B00,Điểm thi THPT,2024,15.0,Bảo vệ thực vật
72243,DVT,bao-ve-thuc-vat,B08,Điểm thi THPT,2024,15.0,Bảo vệ thực vật
72244,DVT,bao-ve-thuc-vat,D90,Điểm thi THPT,2024,15.0,Bảo vệ thực vật
72245,DVT,bao-ve-thuc-vat,A02,Điểm học bạ,2025,18.35,Bảo vệ thực vật
72246,DVT,bao-ve-thuc-vat,B00,Điểm học bạ,2025,18.0,Bảo vệ thực vật
72247,DVT,bao-ve-thuc-vat,B08,Điểm học bạ,2025,18.33,Bảo vệ thực vật
72248,DVT,bao-ve-thuc-vat,X12,Điểm học bạ,2025,18.0,Bảo vệ thực vật
72249,DVT,bao-ve-thuc-vat,X14,Điểm học bạ,2025,18.1,Bảo vệ thực vật
72250,DVT,bao-ve-thuc-vat,X16,Điểm học bạ,2025,18.0,Bảo vệ thực vật
72251,DVT,bao-ve-thuc-vat,X28,Điểm học bạ,2025,18.15,Bảo vệ thực vật
72252,DVT,bao-ve-thuc-vat,A02,Điểm thi THPT,2025,14.0,Bảo vệ thực vật
72253,DVT,bao-ve-thuc-vat,B00,Điểm thi THPT,2025,14.0,Bảo vệ thực vật
72254,DVT,bao-ve-thuc-vat,B08,Điểm thi THPT,2025,14.0,Bảo vệ thực vật
72255,DVT,bao-ve-thuc-vat,X12,Điểm thi THPT,2025,14.0,Bảo vệ thực vật
72256,DVT,bao-ve-thuc-vat,X14,Điểm thi THPT,2025,14.0,Bảo vệ thực vật
72257,DVT,bao-ve-thuc-vat,X16,Điểm thi THPT,2025,14.0,Bảo vệ thực vật
72258,DVT,bao-ve-thuc-vat,X28,Điểm thi THPT,2025,14.0,Bảo vệ thực vật
72259,DVT,bieu-dien-nhac-cu-truyen-thong,N00,Điểm thi THPT,2021,15.0,Biểu diễn nhạc cụ truyền thống
72260,DVT,bieu-dien-nhac-cu-truyen-thong,N00,Điểm thi THPT,2022,15.0,Biểu diễn nhạc cụ truyền thống
72261,DVT,bieu-dien-nhac-cu-truyen-thong,N00,Điểm học bạ,2023,18.0,Biểu diễn nhạc cụ truyền thống
72262,DVT,bieu-dien-nhac-cu-truyen-thong,N00,Điểm thi THPT,2023,15.0,Biểu diễn nhạc cụ truyền thống
72263,DVT,bieu-dien-nhac-cu-truyen-thong,N00,Điểm học bạ,2024,18.0,Biểu diễn nhạc cụ truyền thống
72264,DVT,bieu-dien-nhac-cu-truyen-thong,N00,Điểm thi THPT,2024,15.0,Biểu diễn nhạc cụ truyền thống
72265,DVT,bieu-dien-nhac-cu-truyen-thong,N00,Điểm học bạ,2025,18.0,Biểu diễn nhạc cụ truyền thống
72266,DVT,bieu-dien-nhac-cu-truyen-thong,N00,Điểm thi THPT,2025,17.62,Biểu diễn nhạc cụ truyền thống
72267,DVT,cd-giao-duc-mam-non,C00,Điểm học bạ,2021,20.0,CĐ Giáo dục mầm non
72268,DVT,cd-giao-duc-mam-non,C14,Điểm học bạ,2021,20.0,CĐ Giáo dục mầm non
72269,DVT,cd-giao-duc-mam-non,M00,Điểm học bạ,2021,20.0,CĐ Giáo dục mầm non
72270,DVT,cd-giao-duc-mam-non,M05,Điểm học bạ,2021,20.0,CĐ Giáo dục mầm non
72271,DVT,cd-giao-duc-mam-non,C00,Điểm thi THPT,2021,17.0,CĐ Giáo dục mầm non
72272,DVT,cd-giao-duc-mam-non,C14,Điểm thi THPT,2021,17.0,CĐ Giáo dục mầm non
72273,DVT,cd-giao-duc-mam-non,M00,Điểm thi THPT,2021,17.0,CĐ Giáo dục mầm non
72274,DVT,cd-giao-duc-mam-non,M05,Điểm thi THPT,2021,17.0,CĐ Giáo dục mầm non
72275,DVT,cd-giao-duc-mam-non,C00,Điểm học bạ,2022,18.0,CĐ Giáo dục mầm non
72276,DVT,cd-giao-duc-mam-non,C14,Điểm học bạ,2022,18.0,CĐ Giáo dục mầm non
72277,DVT,cd-giao-duc-mam-non,M00,Điểm học bạ,2022,18.0,CĐ Giáo dục mầm non
72278,DVT,cd-giao-duc-mam-non,M05,Điểm học bạ,2022,18.0,CĐ Giáo dục mầm non
72279,DVT,cd-giao-duc-mam-non,C00,Điểm thi THPT,2022,17.0,CĐ Giáo dục mầm non
72280,DVT,cd-giao-duc-mam-non,C14,Điểm thi THPT,2022,17.0,CĐ Giáo dục mầm non
72281,DVT,cd-giao-duc-mam-non,M00,Điểm thi THPT,2022,17.0,CĐ Giáo dục mầm non
72282,DVT,cd-giao-duc-mam-non,M05,Điểm thi THPT,2022,17.0,CĐ Giáo dục mầm non
72283,DVT,chan-nuoi,A02,Điểm học bạ,2021,18.0,Chăn nuôi
72284,DVT,chan-nuoi,B00,Điểm học bạ,2021,18.0,Chăn nuôi
72285,DVT,chan-nuoi,B08,Điểm học bạ,2021,18.0,Chăn nuôi
72286,DVT,chan-nuoi,D90,Điểm học bạ,2021,18.0,Chăn nuôi
72287,DVT,chan-nuoi,A02,Điểm thi THPT,2021,15.0,Chăn nuôi
72288,DVT,chan-nuoi,B00,Điểm thi THPT,2021,15.0,Chăn nuôi
72289,DVT,chan-nuoi,B08,Điểm thi THPT,2021,15.0,Chăn nuôi
72290,DVT,chan-nuoi,D90,Điểm thi THPT,2021,15.0,Chăn nuôi
72291,DVT,chinh-tri-hoc,C00,Điểm học bạ,2021,18.0,Chính trị học
72292,DVT,chinh-tri-hoc,C19,Điểm học bạ,2021,18.0,Chính trị học
72293,DVT,chinh-tri-hoc,C20,Điểm học bạ,2021,18.0,Chính trị học
72294,DVT,chinh-tri-hoc,D01,Điểm học bạ,2021,18.0,Chính trị học
72295,DVT,chinh-tri-hoc,C00,Điểm thi THPT,2021,14.5,Chính trị học
72296,DVT,chinh-tri-hoc,C19,Điểm thi THPT,2021,14.5,Chính trị học
72297,DVT,chinh-tri-hoc,C20,Điểm thi THPT,2021,14.5,Chính trị học
72298,DVT,chinh-tri-hoc,D01,Điểm thi THPT,2021,14.5,Chính trị học
72299,DVT,chinh-tri-hoc,C00,Điểm học bạ,2022,18.0,Chính trị học
72300,DVT,chinh-tri-hoc,C19,Điểm học bạ,2022,18.0,Chính trị học
72301,DVT,chinh-tri-hoc,C20,Điểm học bạ,2022,18.0,Chính trị học
72302,DVT,chinh-tri-hoc,D01,Điểm học bạ,2022,18.0,Chính trị học
72303,DVT,chinh-tri-hoc,C00,Điểm thi THPT,2022,15.0,Chính trị học
72304,DVT,chinh-tri-hoc,C19,Điểm thi THPT,2022,15.0,Chính trị học
72305,DVT,chinh-tri-hoc,C20,Điểm thi THPT,2022,15.0,Chính trị học
72306,DVT,chinh-tri-hoc,D01,Điểm thi THPT,2022,15.0,Chính trị học
72307,DVT,chinh-tri-hoc,C00,Điểm học bạ,2024,18.0,Chính trị học
72308,DVT,chinh-tri-hoc,C19,Điểm học bạ,2024,18.0,Chính trị học
72309,DVT,chinh-tri-hoc,C20,Điểm học bạ,2024,18.0,Chính trị học
72310,DVT,chinh-tri-hoc,D01,Điểm học bạ,2024,18.0,Chính trị học
72311,DVT,chinh-tri-hoc,C00,Điểm thi THPT,2024,15.0,Chính trị học
72312,DVT,chinh-tri-hoc,C19,Điểm thi THPT,2024,15.0,Chính trị học
72313,DVT,chinh-tri-hoc,C20,Điểm thi THPT,2024,15.0,Chính trị học
72314,DVT,chinh-tri-hoc,D01,Điểm thi THPT,2024,15.0,Chính trị học
72315,DVT,chinh-tri-hoc,C00,Điểm học bạ,2025,18.0,Chính trị học
72316,DVT,chinh-tri-hoc,C20,Điểm học bạ,2025,19.29,Chính trị học
72317,DVT,chinh-tri-hoc,D01,Điểm học bạ,2025,19.97,Chính trị học
72318,DVT,chinh-tri-hoc,X74,Điểm học bạ,2025,18.7,Chính trị học
72319,DVT,chinh-tri-hoc,Y07,Điểm học bạ,2025,18.6,Chính trị học
72320,DVT,chinh-tri-hoc,Y08,Điểm học bạ,2025,19.77,Chính trị học
72321,DVT,chinh-tri-hoc,Y09,Điểm học bạ,2025,18.14,Chính trị học
72322,DVT,chinh-tri-hoc,C00,Điểm thi THPT,2025,16.52,Chính trị học
72323,DVT,chinh-tri-hoc,C20,Điểm thi THPT,2025,16.52,Chính trị học
72324,DVT,chinh-tri-hoc,D01,Điểm thi THPT,2025,16.52,Chính trị học
72325,DVT,chinh-tri-hoc,X74,Điểm thi THPT,2025,16.52,Chính trị học
72326,DVT,chinh-tri-hoc,Y07,Điểm thi THPT,2025,16.52,Chính trị học
72327,DVT,chinh-tri-hoc,Y08,Điểm thi THPT,2025,16.52,Chính trị học
72328,DVT,chinh-tri-hoc,Y09,Điểm thi THPT,2025,16.52,Chính trị học
72329,DVT,cong-nghe-kt-dieu-khien-va-tu-dong-hoa,A00,Điểm học bạ,2023,18.0,Công nghệ KT điều khiển và tự động hoá
72330,DVT,cong-nghe-kt-dieu-khien-va-tu-dong-hoa,A01,Điểm học bạ,2023,18.0,Công nghệ KT điều khiển và tự động hoá
72331,DVT,cong-nghe-kt-dieu-khien-va-tu-dong-hoa,C01,Điểm học bạ,2023,18.0,Công nghệ KT điều khiển và tự động hoá
72332,DVT,cong-nghe-kt-dieu-khien-va-tu-dong-hoa,D90,Điểm học bạ,2023,18.0,Công nghệ KT điều khiển và tự động hoá
72333,DVT,cong-nghe-kt-dieu-khien-va-tu-dong-hoa,A00,Điểm thi THPT,2023,15.0,Công nghệ KT điều khiển và tự động hoá
72334,DVT,cong-nghe-kt-dieu-khien-va-tu-dong-hoa,A01,Điểm thi THPT,2023,15.0,Công nghệ KT điều khiển và tự động hoá
72335,DVT,cong-nghe-kt-dieu-khien-va-tu-dong-hoa,C01,Điểm thi THPT,2023,15.0,Công nghệ KT điều khiển và tự động hoá
72336,DVT,cong-nghe-kt-dieu-khien-va-tu-dong-hoa,D90,Điểm thi THPT,2023,15.0,Công nghệ KT điều khiển và tự động hoá
72337,DVT,cong-nghe-ky-thuat-co-dien-tu,A00,Điểm học bạ,2025,19.0,Công nghệ kỹ thuật cơ điện tử
72338,DVT,cong-nghe-ky-thuat-co-dien-tu,A01,Điểm học bạ,2025,19.25,Công nghệ kỹ thuật cơ điện tử
72339,DVT,cong-nghe-ky-thuat-co-dien-tu,A02,Điểm học bạ,2025,19.35,Công nghệ kỹ thuật cơ điện tử
72340,DVT,cong-nghe-ky-thuat-co-dien-tu,A03,Điểm học bạ,2025,18.83,Công nghệ kỹ thuật cơ điện tử
72341,DVT,cong-nghe-ky-thuat-co-dien-tu,X05,Điểm học bạ,2025,18.45,Công nghệ kỹ thuật cơ điện tử
72342,DVT,cong-nghe-ky-thuat-co-dien-tu,X06,Điểm học bạ,2025,18.13,Công nghệ kỹ thuật cơ điện tử
72343,DVT,cong-nghe-ky-thuat-co-dien-tu,X07,Điểm học bạ,2025,18.79,Công nghệ kỹ thuật cơ điện tử
72344,DVT,cong-nghe-ky-thuat-co-dien-tu,A00,Điểm thi THPT,2025,15.0,Công nghệ kỹ thuật cơ điện tử
72345,DVT,cong-nghe-ky-thuat-co-dien-tu,A01,Điểm thi THPT,2025,15.0,Công nghệ kỹ thuật cơ điện tử
72346,DVT,cong-nghe-ky-thuat-co-dien-tu,A02,Điểm thi THPT,2025,15.0,Công nghệ kỹ thuật cơ điện tử
72347,DVT,cong-nghe-ky-thuat-co-dien-tu,A03,Điểm thi THPT,2025,15.0,Công nghệ kỹ thuật cơ điện tử
72348,DVT,cong-nghe-ky-thuat-co-dien-tu,X05,Điểm thi THPT,2025,15.0,Công nghệ kỹ thuật cơ điện tử
72349,DVT,cong-nghe-ky-thuat-co-dien-tu,X06,Điểm thi THPT,2025,15.0,Công nghệ kỹ thuật cơ điện tử
72350,DVT,cong-nghe-ky-thuat-co-dien-tu,X07,Điểm thi THPT,2025,15.0,Công nghệ kỹ thuật cơ điện tử
72351,DVT,cong-nghe-ky-thuat-co-khi,A00,Điểm học bạ,2021,18.0,Công nghệ Kỹ thuật Cơ khí
72352,DVT,cong-nghe-ky-thuat-co-khi,A01,Điểm học bạ,2021,18.0,Công nghệ Kỹ thuật Cơ khí
72353,DVT,cong-nghe-ky-thuat-co-khi,C01,Điểm học bạ,2021,18.0,Công nghệ Kỹ thuật Cơ khí
72354,DVT,cong-nghe-ky-thuat-co-khi,D01,Điểm học bạ,2021,18.0,Công nghệ Kỹ thuật Cơ khí
72355,DVT,cong-nghe-ky-thuat-co-khi,A00,Điểm thi THPT,2021,15.0,Công nghệ Kỹ thuật Cơ khí
72356,DVT,cong-nghe-ky-thuat-co-khi,A01,Điểm thi THPT,2021,15.0,Công nghệ Kỹ thuật Cơ khí
72357,DVT,cong-nghe-ky-thuat-co-khi,C01,Điểm thi THPT,2021,15.0,Công nghệ Kỹ thuật Cơ khí
72358,DVT,cong-nghe-ky-thuat-co-khi,D01,Điểm thi THPT,2021,15.0,Công nghệ Kỹ thuật Cơ khí
72359,DVT,cong-nghe-ky-thuat-co-khi,A00,Điểm học bạ,2022,18.0,Công nghệ Kỹ thuật Cơ khí
72360,DVT,cong-nghe-ky-thuat-co-khi,A01,Điểm học bạ,2022,18.0,Công nghệ Kỹ thuật Cơ khí
72361,DVT,cong-nghe-ky-thuat-co-khi,C01,Điểm học bạ,2022,18.0,Công nghệ Kỹ thuật Cơ khí
72362,DVT,cong-nghe-ky-thuat-co-khi,D01,Điểm học bạ,2022,18.0,Công nghệ Kỹ thuật Cơ khí
72363,DVT,cong-nghe-ky-thuat-co-khi,A00,Điểm thi THPT,2022,15.0,Công nghệ Kỹ thuật Cơ khí
72364,DVT,cong-nghe-ky-thuat-co-khi,A01,Điểm thi THPT,2022,15.0,Công nghệ Kỹ thuật Cơ khí
72365,DVT,cong-nghe-ky-thuat-co-khi,C01,Điểm thi THPT,2022,15.0,Công nghệ Kỹ thuật Cơ khí
72366,DVT,cong-nghe-ky-thuat-co-khi,D01,Điểm thi THPT,2022,15.0,Công nghệ Kỹ thuật Cơ khí
72367,DVT,cong-nghe-ky-thuat-co-khi,A00,Điểm học bạ,2023,18.0,Công nghệ kỹ thuật cơ khí
72368,DVT,cong-nghe-ky-thuat-co-khi,A01,Điểm học bạ,2023,18.0,Công nghệ kỹ thuật cơ khí
72369,DVT,cong-nghe-ky-thuat-co-khi,C01,Điểm học bạ,2023,18.0,Công nghệ kỹ thuật cơ khí
72370,DVT,cong-nghe-ky-thuat-co-khi,D01,Điểm học bạ,2023,18.0,Công nghệ kỹ thuật cơ khí
72371,DVT,cong-nghe-ky-thuat-co-khi,A00,Điểm thi THPT,2023,15.0,Công nghệ kỹ thuật cơ khí
72372,DVT,cong-nghe-ky-thuat-co-khi,A01,Điểm thi THPT,2023,15.0,Công nghệ kỹ thuật cơ khí
72373,DVT,cong-nghe-ky-thuat-co-khi,C01,Điểm thi THPT,2023,15.0,Công nghệ kỹ thuật cơ khí
72374,DVT,cong-nghe-ky-thuat-co-khi,D01,Điểm thi THPT,2023,15.0,Công nghệ kỹ thuật cơ khí
72375,DVT,cong-nghe-ky-thuat-co-khi,A00,Điểm học bạ,2024,18.0,Công nghệ kỹ thuật cơ khí
72376,DVT,cong-nghe-ky-thuat-co-khi,A01,Điểm học bạ,2024,18.0,Công nghệ kỹ thuật cơ khí
72377,DVT,cong-nghe-ky-thuat-co-khi,C01,Điểm học bạ,2024,18.0,Công nghệ kỹ thuật cơ khí
72378,DVT,cong-nghe-ky-thuat-co-khi,D01,Điểm học bạ,2024,18.0,Công nghệ kỹ thuật cơ khí
72379,DVT,cong-nghe-ky-thuat-co-khi,A00,Điểm thi THPT,2024,15.0,Công nghệ kỹ thuật cơ khí
72380,DVT,cong-nghe-ky-thuat-co-khi,A01,Điểm thi THPT,2024,15.0,Công nghệ kỹ thuật cơ khí
72381,DVT,cong-nghe-ky-thuat-co-khi,C01,Điểm thi THPT,2024,15.0,Công nghệ kỹ thuật cơ khí
72382,DVT,cong-nghe-ky-thuat-co-khi,D01,Điểm thi THPT,2024,15.0,Công nghệ kỹ thuật cơ khí
72383,DVT,cong-nghe-ky-thuat-co-khi,A00,Điểm học bạ,2025,19.0,Công nghệ kỹ thuật cơ khí
72384,DVT,cong-nghe-ky-thuat-co-khi,A01,Điểm học bạ,2025,19.25,Công nghệ kỹ thuật cơ khí
72385,DVT,cong-nghe-ky-thuat-co-khi,A02,Điểm học bạ,2025,19.35,Công nghệ kỹ thuật cơ khí
72386,DVT,cong-nghe-ky-thuat-co-khi,A03,Điểm học bạ,2025,18.83,Công nghệ kỹ thuật cơ khí
72387,DVT,cong-nghe-ky-thuat-co-khi,X05,Điểm học bạ,2025,18.45,Công nghệ kỹ thuật cơ khí
72388,DVT,cong-nghe-ky-thuat-co-khi,X06,Điểm học bạ,2025,18.13,Công nghệ kỹ thuật cơ khí
72389,DVT,cong-nghe-ky-thuat-co-khi,X07,Điểm học bạ,2025,18.79,Công nghệ kỹ thuật cơ khí
72390,DVT,cong-nghe-ky-thuat-co-khi,A00,Điểm thi THPT,2025,15.0,Công nghệ kỹ thuật cơ khí
72391,DVT,cong-nghe-ky-thuat-co-khi,A01,Điểm thi THPT,2025,15.0,Công nghệ kỹ thuật cơ khí
72392,DVT,cong-nghe-ky-thuat-co-khi,A02,Điểm thi THPT,2025,15.0,Công nghệ kỹ thuật cơ khí
72393,DVT,cong-nghe-ky-thuat-co-khi,A03,Điểm thi THPT,2025,15.0,Công nghệ kỹ thuật cơ khí
72394,DVT,cong-nghe-ky-thuat-co-khi,X05,Điểm thi THPT,2025,15.0,Công nghệ kỹ thuật cơ khí
72395,DVT,cong-nghe-ky-thuat-co-khi,X06,Điểm thi THPT,2025,15.0,Công nghệ kỹ thuật cơ khí
72396,DVT,cong-nghe-ky-thuat-co-khi,X07,Điểm thi THPT,2025,15.0,Công nghệ kỹ thuật cơ khí
72397,DVT,cong-nghe-ky-thuat-cong-trinh-xay-dung,A00,Điểm học bạ,2021,18.0,Công nghệ Kỹ thuật Công trình Xây dựng
72398,DVT,cong-nghe-ky-thuat-cong-trinh-xay-dung,A01,Điểm học bạ,2021,18.0,Công nghệ Kỹ thuật Công trình Xây dựng
72399,DVT,cong-nghe-ky-thuat-cong-trinh-xay-dung,C01,Điểm học bạ,2021,18.0,Công nghệ Kỹ thuật Công trình Xây dựng
72400,DVT,cong-nghe-ky-thuat-cong-trinh-xay-dung,D01,Điểm học bạ,2021,18.0,Công nghệ Kỹ thuật Công trình Xây dựng
72401,DVT,cong-nghe-ky-thuat-cong-trinh-xay-dung,A00,Điểm thi THPT,2021,15.0,Công nghệ Kỹ thuật Công trình Xây dựng
72402,DVT,cong-nghe-ky-thuat-cong-trinh-xay-dung,A01,Điểm thi THPT,2021,15.0,Công nghệ Kỹ thuật Công trình Xây dựng
72403,DVT,cong-nghe-ky-thuat-cong-trinh-xay-dung,C01,Điểm thi THPT,2021,15.0,Công nghệ Kỹ thuật Công trình Xây dựng
72404,DVT,cong-nghe-ky-thuat-cong-trinh-xay-dung,D01,Điểm thi THPT,2021,15.0,Công nghệ Kỹ thuật Công trình Xây dựng
72405,DVT,cong-nghe-ky-thuat-cong-trinh-xay-dung,A00,Điểm học bạ,2022,18.0,Công nghệ Kỹ thuật Công trình Xây dựng
72406,DVT,cong-nghe-ky-thuat-cong-trinh-xay-dung,A01,Điểm học bạ,2022,18.0,Công nghệ Kỹ thuật Công trình Xây dựng
72407,DVT,cong-nghe-ky-thuat-cong-trinh-xay-dung,C01,Điểm học bạ,2022,18.0,Công nghệ Kỹ thuật Công trình Xây dựng
72408,DVT,cong-nghe-ky-thuat-cong-trinh-xay-dung,D01,Điểm học bạ,2022,18.0,Công nghệ Kỹ thuật Công trình Xây dựng
72409,DVT,cong-nghe-ky-thuat-cong-trinh-xay-dung,A00,Điểm thi THPT,2022,15.0,Công nghệ Kỹ thuật Công trình Xây dựng
72410,DVT,cong-nghe-ky-thuat-cong-trinh-xay-dung,A01,Điểm thi THPT,2022,15.0,Công nghệ Kỹ thuật Công trình Xây dựng
72411,DVT,cong-nghe-ky-thuat-cong-trinh-xay-dung,C01,Điểm thi THPT,2022,15.0,Công nghệ Kỹ thuật Công trình Xây dựng
72412,DVT,cong-nghe-ky-thuat-cong-trinh-xay-dung,D01,Điểm thi THPT,2022,15.0,Công nghệ Kỹ thuật Công trình Xây dựng
72413,DVT,cong-nghe-ky-thuat-cong-trinh-xay-dung,A00,Điểm học bạ,2023,18.0,Công nghệ kỹ thuật công trình xây dựng
72414,DVT,cong-nghe-ky-thuat-cong-trinh-xay-dung,A01,Điểm học bạ,2023,18.0,Công nghệ kỹ thuật công trình xây dựng
72415,DVT,cong-nghe-ky-thuat-cong-trinh-xay-dung,C01,Điểm học bạ,2023,18.0,Công nghệ kỹ thuật công trình xây dựng
72416,DVT,cong-nghe-ky-thuat-cong-trinh-xay-dung,D01,Điểm học bạ,2023,18.0,Công nghệ kỹ thuật công trình xây dựng
72417,DVT,cong-nghe-ky-thuat-cong-trinh-xay-dung,A00,Điểm thi THPT,2023,15.0,Công nghệ kỹ thuật công trình xây dựng
72418,DVT,cong-nghe-ky-thuat-cong-trinh-xay-dung,A01,Điểm thi THPT,2023,15.0,Công nghệ kỹ thuật công trình xây dựng
72419,DVT,cong-nghe-ky-thuat-cong-trinh-xay-dung,C01,Điểm thi THPT,2023,15.0,Công nghệ kỹ thuật công trình xây dựng
72420,DVT,cong-nghe-ky-thuat-cong-trinh-xay-dung,D01,Điểm thi THPT,2023,15.0,Công nghệ kỹ thuật công trình xây dựng
72421,DVT,cong-nghe-ky-thuat-cong-trinh-xay-dung,A00,Điểm học bạ,2024,18.0,Công nghệ kỹ thuật công trình xây dựng
72422,DVT,cong-nghe-ky-thuat-cong-trinh-xay-dung,A01,Điểm học bạ,2024,18.0,Công nghệ kỹ thuật công trình xây dựng
72423,DVT,cong-nghe-ky-thuat-cong-trinh-xay-dung,C01,Điểm học bạ,2024,18.0,Công nghệ kỹ thuật công trình xây dựng
72424,DVT,cong-nghe-ky-thuat-cong-trinh-xay-dung,D01,Điểm học bạ,2024,18.0,Công nghệ kỹ thuật công trình xây dựng
72425,DVT,cong-nghe-ky-thuat-cong-trinh-xay-dung,A00,Điểm thi THPT,2024,15.0,Công nghệ kỹ thuật công trình xây dựng
72426,DVT,cong-nghe-ky-thuat-cong-trinh-xay-dung,A01,Điểm thi THPT,2024,15.0,Công nghệ kỹ thuật công trình xây dựng
72427,DVT,cong-nghe-ky-thuat-cong-trinh-xay-dung,C01,Điểm thi THPT,2024,15.0,Công nghệ kỹ thuật công trình xây dựng
72428,DVT,cong-nghe-ky-thuat-cong-trinh-xay-dung,D01,Điểm thi THPT,2024,15.0,Công nghệ kỹ thuật công trình xây dựng
72429,DVT,cong-nghe-ky-thuat-cong-trinh-xay-dung,A00,Điểm học bạ,2025,19.0,Công nghệ kỹ thuật công trình xây dựng
72430,DVT,cong-nghe-ky-thuat-cong-trinh-xay-dung,A01,Điểm học bạ,2025,19.25,Công nghệ kỹ thuật công trình xây dựng
72431,DVT,cong-nghe-ky-thuat-cong-trinh-xay-dung,A03,Điểm học bạ,2025,18.83,Công nghệ kỹ thuật công trình xây dựng
72432,DVT,cong-nghe-ky-thuat-cong-trinh-xay-dung,A04,Điểm học bạ,2025,18.35,Công nghệ kỹ thuật công trình xây dựng
72433,DVT,cong-nghe-ky-thuat-cong-trinh-xay-dung,X05,Điểm học bạ,2025,18.45,Công nghệ kỹ thuật công trình xây dựng
72434,DVT,cong-nghe-ky-thuat-cong-trinh-xay-dung,X06,Điểm học bạ,2025,18.13,Công nghệ kỹ thuật công trình xây dựng
72435,DVT,cong-nghe-ky-thuat-cong-trinh-xay-dung,X07,Điểm học bạ,2025,18.79,Công nghệ kỹ thuật công trình xây dựng
72436,DVT,cong-nghe-ky-thuat-cong-trinh-xay-dung,A00,Điểm thi THPT,2025,15.0,Công nghệ kỹ thuật công trình xây dựng
72437,DVT,cong-nghe-ky-thuat-cong-trinh-xay-dung,A01,Điểm thi THPT,2025,15.0,Công nghệ kỹ thuật công trình xây dựng
72438,DVT,cong-nghe-ky-thuat-cong-trinh-xay-dung,A03,Điểm thi THPT,2025,15.0,Công nghệ kỹ thuật công trình xây dựng
72439,DVT,cong-nghe-ky-thuat-cong-trinh-xay-dung,A04,Điểm thi THPT,2025,15.0,Công nghệ kỹ thuật công trình xây dựng
72440,DVT,cong-nghe-ky-thuat-cong-trinh-xay-dung,X05,Điểm thi THPT,2025,15.0,Công nghệ kỹ thuật công trình xây dựng
72441,DVT,cong-nghe-ky-thuat-cong-trinh-xay-dung,X06,Điểm thi THPT,2025,15.0,Công nghệ kỹ thuật công trình xây dựng
72442,DVT,cong-nghe-ky-thuat-cong-trinh-xay-dung,X07,Điểm thi THPT,2025,15.0,Công nghệ kỹ thuật công trình xây dựng
72443,DVT,cong-nghe-ky-thuat-dien-dien-tu,A00,Điểm học bạ,2021,18.15,"Công nghệ Kỹ thuật Điện, điện tử"
72444,DVT,cong-nghe-ky-thuat-dien-dien-tu,A01,Điểm học bạ,2021,18.15,"Công nghệ Kỹ thuật Điện, điện tử"
72445,DVT,cong-nghe-ky-thuat-dien-dien-tu,C01,Điểm học bạ,2021,18.15,"Công nghệ Kỹ thuật Điện, điện tử"
72446,DVT,cong-nghe-ky-thuat-dien-dien-tu,A00,Điểm thi THPT,2021,15.0,"Công nghệ Kỹ thuật Điện, điện tử"
72447,DVT,cong-nghe-ky-thuat-dien-dien-tu,A01,Điểm thi THPT,2021,15.0,"Công nghệ Kỹ thuật Điện, điện tử"
72448,DVT,cong-nghe-ky-thuat-dien-dien-tu,C01,Điểm thi THPT,2021,15.0,"Công nghệ Kỹ thuật Điện, điện tử"
72449,DVT,cong-nghe-ky-thuat-dien-dien-tu,A00,Điểm học bạ,2022,18.0,"Công nghệ Kỹ thuật Điện, điện tử"
72450,DVT,cong-nghe-ky-thuat-dien-dien-tu,A01,Điểm học bạ,2022,18.0,"Công nghệ Kỹ thuật Điện, điện tử"
72451,DVT,cong-nghe-ky-thuat-dien-dien-tu,C01,Điểm học bạ,2022,18.0,"Công nghệ Kỹ thuật Điện, điện tử"
72452,DVT,cong-nghe-ky-thuat-dien-dien-tu,A00,Điểm thi THPT,2022,15.0,"Công nghệ Kỹ thuật Điện, điện tử"
72453,DVT,cong-nghe-ky-thuat-dien-dien-tu,A01,Điểm thi THPT,2022,15.0,"Công nghệ Kỹ thuật Điện, điện tử"
72454,DVT,cong-nghe-ky-thuat-dien-dien-tu,C01,Điểm thi THPT,2022,15.0,"Công nghệ Kỹ thuật Điện, điện tử"
72455,DVT,cong-nghe-ky-thuat-dien-dien-tu,A00,Điểm học bạ,2023,18.0,"Công nghệ kỹ thuật điện, điện tử"
72456,DVT,cong-nghe-ky-thuat-dien-dien-tu,A01,Điểm học bạ,2023,18.0,"Công nghệ kỹ thuật điện, điện tử"
72457,DVT,cong-nghe-ky-thuat-dien-dien-tu,C01,Điểm học bạ,2023,18.0,"Công nghệ kỹ thuật điện, điện tử"
72458,DVT,cong-nghe-ky-thuat-dien-dien-tu,D90,Điểm học bạ,2023,18.0,"Công nghệ kỹ thuật điện, điện tử"
72459,DVT,cong-nghe-ky-thuat-dien-dien-tu,A00,Điểm thi THPT,2023,15.0,"Công nghệ kỹ thuật điện, điện tử"
72460,DVT,cong-nghe-ky-thuat-dien-dien-tu,A01,Điểm thi THPT,2023,15.0,"Công nghệ kỹ thuật điện, điện tử"
72461,DVT,cong-nghe-ky-thuat-dien-dien-tu,C01,Điểm thi THPT,2023,15.0,"Công nghệ kỹ thuật điện, điện tử"
72462,DVT,cong-nghe-ky-thuat-dien-dien-tu,D90,Điểm thi THPT,2023,15.0,"Công nghệ kỹ thuật điện, điện tử"
72463,DVT,cong-nghe-ky-thuat-dien-dien-tu,A00,Điểm học bạ,2024,18.0,"Công nghệ kỹ thuật điện, điện tử (Hệ thống điện, Điện công nghiệp)"
72464,DVT,cong-nghe-ky-thuat-dien-dien-tu,A01,Điểm học bạ,2024,18.0,"Công nghệ kỹ thuật điện, điện tử (Hệ thống điện, Điện công nghiệp)"
72465,DVT,cong-nghe-ky-thuat-dien-dien-tu,C01,Điểm học bạ,2024,18.0,"Công nghệ kỹ thuật điện, điện tử (Hệ thống điện, Điện công nghiệp)"
72466,DVT,cong-nghe-ky-thuat-dien-dien-tu,D90,Điểm học bạ,2024,18.0,"Công nghệ kỹ thuật điện, điện tử (Hệ thống điện, Điện công nghiệp)"
72467,DVT,cong-nghe-ky-thuat-dien-dien-tu,A00,Điểm thi THPT,2024,15.0,"Công nghệ kỹ thuật điện, điện tử (Hệ thống điện, Điện công nghiệp)"
72468,DVT,cong-nghe-ky-thuat-dien-dien-tu,A01,Điểm thi THPT,2024,15.0,"Công nghệ kỹ thuật điện, điện tử (Hệ thống điện, Điện công nghiệp)"
72469,DVT,cong-nghe-ky-thuat-dien-dien-tu,C01,Điểm thi THPT,2024,15.0,"Công nghệ kỹ thuật điện, điện tử (Hệ thống điện, Điện công nghiệp)"
72470,DVT,cong-nghe-ky-thuat-dien-dien-tu,D90,Điểm thi THPT,2024,15.0,"Công nghệ kỹ thuật điện, điện tử (Hệ thống điện, Điện công nghiệp)"
72471,DVT,cong-nghe-ky-thuat-dien-dien-tu,A00,Điểm học bạ,2025,19.0,"Công nghệ kỹ thuật điện, điện tử"
72472,DVT,cong-nghe-ky-thuat-dien-dien-tu,A01,Điểm học bạ,2025,19.25,"Công nghệ kỹ thuật điện, điện tử"
72473,DVT,cong-nghe-ky-thuat-dien-dien-tu,A03,Điểm học bạ,2025,18.83,"Công nghệ kỹ thuật điện, điện tử"
72474,DVT,cong-nghe-ky-thuat-dien-dien-tu,C01,Điểm học bạ,2025,18.0,"Công nghệ kỹ thuật điện, điện tử"
72475,DVT,cong-nghe-ky-thuat-dien-dien-tu,X05,Điểm học bạ,2025,18.45,"Công nghệ kỹ thuật điện, điện tử"
72476,DVT,cong-nghe-ky-thuat-dien-dien-tu,X06,Điểm học bạ,2025,18.13,"Công nghệ kỹ thuật điện, điện tử"
72477,DVT,cong-nghe-ky-thuat-dien-dien-tu,X07,Điểm học bạ,2025,18.79,"Công nghệ kỹ thuật điện, điện tử"
72478,DVT,cong-nghe-ky-thuat-dien-dien-tu,A00,Điểm thi THPT,2025,15.0,"Công nghệ kỹ thuật điện, điện tử"
72479,DVT,cong-nghe-ky-thuat-dien-dien-tu,A01,Điểm thi THPT,2025,15.0,"Công nghệ kỹ thuật điện, điện tử"
72480,DVT,cong-nghe-ky-thuat-dien-dien-tu,A03,Điểm thi THPT,2025,15.0,"Công nghệ kỹ thuật điện, điện tử"
72481,DVT,cong-nghe-ky-thuat-dien-dien-tu,C01,Điểm thi THPT,2025,15.0,"Công nghệ kỹ thuật điện, điện tử"
72482,DVT,cong-nghe-ky-thuat-dien-dien-tu,X05,Điểm thi THPT,2025,15.0,"Công nghệ kỹ thuật điện, điện tử"
72483,DVT,cong-nghe-ky-thuat-dien-dien-tu,X06,Điểm thi THPT,2025,15.0,"Công nghệ kỹ thuật điện, điện tử"
72484,DVT,cong-nghe-ky-thuat-dien-dien-tu,X07,Điểm thi THPT,2025,15.0,"Công nghệ kỹ thuật điện, điện tử"
72485,DVT,cong-nghe-ky-thuat-dieu-khien-va-tu-dong-hoa,A00,Điểm học bạ,2021,18.0,Công nghệ Kỹ thuật Điều khiển và tự động hóa
72486,DVT,cong-nghe-ky-thuat-dieu-khien-va-tu-dong-hoa,A01,Điểm học bạ,2021,18.0,Công nghệ Kỹ thuật Điều khiển và tự động hóa
72487,DVT,cong-nghe-ky-thuat-dieu-khien-va-tu-dong-hoa,C01,Điểm học bạ,2021,18.0,Công nghệ Kỹ thuật Điều khiển và tự động hóa
72488,DVT,cong-nghe-ky-thuat-dieu-khien-va-tu-dong-hoa,A00,Điểm thi THPT,2021,15.0,Công nghệ Kỹ thuật Điều khiển và tự động hóa
72489,DVT,cong-nghe-ky-thuat-dieu-khien-va-tu-dong-hoa,A01,Điểm thi THPT,2021,15.0,Công nghệ Kỹ thuật Điều khiển và tự động hóa
72490,DVT,cong-nghe-ky-thuat-dieu-khien-va-tu-dong-hoa,C01,Điểm thi THPT,2021,15.0,Công nghệ Kỹ thuật Điều khiển và tự động hóa
72491,DVT,cong-nghe-ky-thuat-dieu-khien-va-tu-dong-hoa,A00,Điểm học bạ,2022,18.0,Công nghệ Kỹ thuật Điều khiển và tự động hóa
72492,DVT,cong-nghe-ky-thuat-dieu-khien-va-tu-dong-hoa,A01,Điểm học bạ,2022,18.0,Công nghệ Kỹ thuật Điều khiển và tự động hóa
72493,DVT,cong-nghe-ky-thuat-dieu-khien-va-tu-dong-hoa,C01,Điểm học bạ,2022,18.0,Công nghệ Kỹ thuật Điều khiển và tự động hóa
72494,DVT,cong-nghe-ky-thuat-dieu-khien-va-tu-dong-hoa,A00,Điểm thi THPT,2022,15.0,Công nghệ Kỹ thuật Điều khiển và tự động hóa
72495,DVT,cong-nghe-ky-thuat-dieu-khien-va-tu-dong-hoa,A01,Điểm thi THPT,2022,15.0,Công nghệ Kỹ thuật Điều khiển và tự động hóa
72496,DVT,cong-nghe-ky-thuat-dieu-khien-va-tu-dong-hoa,C01,Điểm thi THPT,2022,15.0,Công nghệ Kỹ thuật Điều khiển và tự động hóa
72497,DVT,cong-nghe-ky-thuat-dieu-khien-va-tu-dong-hoa,A00,Điểm học bạ,2024,18.0,Công nghệ kỹ thuật điều khiển và tự động hoá
72498,DVT,cong-nghe-ky-thuat-dieu-khien-va-tu-dong-hoa,A01,Điểm học bạ,2024,18.0,Công nghệ kỹ thuật điều khiển và tự động hoá
72499,DVT,cong-nghe-ky-thuat-dieu-khien-va-tu-dong-hoa,C01,Điểm học bạ,2024,18.0,Công nghệ kỹ thuật điều khiển và tự động hoá
72500,DVT,cong-nghe-ky-thuat-dieu-khien-va-tu-dong-hoa,D90,Điểm học bạ,2024,18.0,Công nghệ kỹ thuật điều khiển và tự động hoá
72501,DVT,cong-nghe-ky-thuat-dieu-khien-va-tu-dong-hoa,A00,Điểm thi THPT,2024,15.0,Công nghệ kỹ thuật điều khiển và tự động hoá
72502,DVT,cong-nghe-ky-thuat-dieu-khien-va-tu-dong-hoa,A01,Điểm thi THPT,2024,15.0,Công nghệ kỹ thuật điều khiển và tự động hoá
72503,DVT,cong-nghe-ky-thuat-dieu-khien-va-tu-dong-hoa,C01,Điểm thi THPT,2024,15.0,Công nghệ kỹ thuật điều khiển và tự động hoá
72504,DVT,cong-nghe-ky-thuat-dieu-khien-va-tu-dong-hoa,D90,Điểm thi THPT,2024,15.0,Công nghệ kỹ thuật điều khiển và tự động hoá
72505,DVT,cong-nghe-ky-thuat-dieu-khien-va-tu-dong-hoa,A00,Điểm học bạ,2025,19.0,Công nghệ kỹ thuật điều khiển và tự động hóa
72506,DVT,cong-nghe-ky-thuat-dieu-khien-va-tu-dong-hoa,A01,Điểm học bạ,2025,19.25,Công nghệ kỹ thuật điều khiển và tự động hóa
72507,DVT,cong-nghe-ky-thuat-dieu-khien-va-tu-dong-hoa,A03,Điểm học bạ,2025,18.83,Công nghệ kỹ thuật điều khiển và tự động hóa
72508,DVT,cong-nghe-ky-thuat-dieu-khien-va-tu-dong-hoa,C01,Điểm học bạ,2025,18.0,Công nghệ kỹ thuật điều khiển và tự động hóa
72509,DVT,cong-nghe-ky-thuat-dieu-khien-va-tu-dong-hoa,X05,Điểm học bạ,2025,18.45,Công nghệ kỹ thuật điều khiển và tự động hóa
72510,DVT,cong-nghe-ky-thuat-dieu-khien-va-tu-dong-hoa,X06,Điểm học bạ,2025,18.13,Công nghệ kỹ thuật điều khiển và tự động hóa
72511,DVT,cong-nghe-ky-thuat-dieu-khien-va-tu-dong-hoa,X07,Điểm học bạ,2025,18.79,Công nghệ kỹ thuật điều khiển và tự động hóa
72512,DVT,cong-nghe-ky-thuat-dieu-khien-va-tu-dong-hoa,A00,Điểm thi THPT,2025,15.0,Công nghệ kỹ thuật điều khiển và tự động hóa
72513,DVT,cong-nghe-ky-thuat-dieu-khien-va-tu-dong-hoa,A01,Điểm thi THPT,2025,15.0,Công nghệ kỹ thuật điều khiển và tự động hóa
72514,DVT,cong-nghe-ky-thuat-dieu-khien-va-tu-dong-hoa,A03,Điểm thi THPT,2025,15.0,Công nghệ kỹ thuật điều khiển và tự động hóa
72515,DVT,cong-nghe-ky-thuat-dieu-khien-va-tu-dong-hoa,C01,Điểm thi THPT,2025,15.0,Công nghệ kỹ thuật điều khiển và tự động hóa
72516,DVT,cong-nghe-ky-thuat-dieu-khien-va-tu-dong-hoa,X05,Điểm thi THPT,2025,15.0,Công nghệ kỹ thuật điều khiển và tự động hóa
72517,DVT,cong-nghe-ky-thuat-dieu-khien-va-tu-dong-hoa,X06,Điểm thi THPT,2025,15.0,Công nghệ kỹ thuật điều khiển và tự động hóa
72518,DVT,cong-nghe-ky-thuat-dieu-khien-va-tu-dong-hoa,X07,Điểm thi THPT,2025,15.0,Công nghệ kỹ thuật điều khiển và tự động hóa
72519,DVT,cong-nghe-ky-thuat-hoa-hoc,A00,Điểm học bạ,2021,18.0,Công nghệ Kỹ thuật Hóa học
72520,DVT,cong-nghe-ky-thuat-hoa-hoc,B00,Điểm học bạ,2021,18.0,Công nghệ Kỹ thuật Hóa học
72521,DVT,cong-nghe-ky-thuat-hoa-hoc,D07,Điểm học bạ,2021,18.0,Công nghệ Kỹ thuật Hóa học
72522,DVT,cong-nghe-ky-thuat-hoa-hoc,A00,Điểm thi THPT,2021,15.0,Công nghệ Kỹ thuật Hóa học
72523,DVT,cong-nghe-ky-thuat-hoa-hoc,B00,Điểm thi THPT,2021,15.0,Công nghệ Kỹ thuật Hóa học
72524,DVT,cong-nghe-ky-thuat-hoa-hoc,D07,Điểm thi THPT,2021,15.0,Công nghệ Kỹ thuật Hóa học
72525,DVT,cong-nghe-ky-thuat-hoa-hoc,A00,Điểm học bạ,2022,18.0,Công nghệ Kỹ thuật Hóa học
72526,DVT,cong-nghe-ky-thuat-hoa-hoc,B00,Điểm học bạ,2022,18.0,Công nghệ Kỹ thuật Hóa học
72527,DVT,cong-nghe-ky-thuat-hoa-hoc,D07,Điểm học bạ,2022,18.0,Công nghệ Kỹ thuật Hóa học
72528,DVT,cong-nghe-ky-thuat-hoa-hoc,A00,Điểm thi THPT,2022,15.0,Công nghệ Kỹ thuật Hóa học
72529,DVT,cong-nghe-ky-thuat-hoa-hoc,B00,Điểm thi THPT,2022,15.0,Công nghệ Kỹ thuật Hóa học
72530,DVT,cong-nghe-ky-thuat-hoa-hoc,D07,Điểm thi THPT,2022,15.0,Công nghệ Kỹ thuật Hóa học
72531,DVT,cong-nghe-ky-thuat-hoa-hoc,A00,Điểm học bạ,2023,18.0,Công nghệ kỹ thuật hóa học
72532,DVT,cong-nghe-ky-thuat-hoa-hoc,B00,Điểm học bạ,2023,18.0,Công nghệ kỹ thuật hóa học
72533,DVT,cong-nghe-ky-thuat-hoa-hoc,D07,Điểm học bạ,2023,18.0,Công nghệ kỹ thuật hóa học
72534,DVT,cong-nghe-ky-thuat-hoa-hoc,A00,Điểm thi THPT,2023,15.0,Công nghệ kỹ thuật hóa học
72535,DVT,cong-nghe-ky-thuat-hoa-hoc,B00,Điểm thi THPT,2023,15.0,Công nghệ kỹ thuật hóa học
72536,DVT,cong-nghe-ky-thuat-hoa-hoc,D07,Điểm thi THPT,2023,15.0,Công nghệ kỹ thuật hóa học
72537,DVT,cong-nghe-ky-thuat-hoa-hoc,A00,Điểm học bạ,2024,18.0,Công nghệ kỹ thuật hóa học
72538,DVT,cong-nghe-ky-thuat-hoa-hoc,B00,Điểm học bạ,2024,18.0,Công nghệ kỹ thuật hóa học
72539,DVT,cong-nghe-ky-thuat-hoa-hoc,D07,Điểm học bạ,2024,18.0,Công nghệ kỹ thuật hóa học
72540,DVT,cong-nghe-ky-thuat-hoa-hoc,A00,Điểm thi THPT,2024,15.0,Công nghệ kỹ thuật hóa học
72541,DVT,cong-nghe-ky-thuat-hoa-hoc,B00,Điểm thi THPT,2024,15.0,Công nghệ kỹ thuật hóa học
72542,DVT,cong-nghe-ky-thuat-hoa-hoc,D07,Điểm thi THPT,2024,15.0,Công nghệ kỹ thuật hóa học
72543,DVT,cong-nghe-ky-thuat-hoa-hoc,A00,Điểm học bạ,2025,19.0,Công nghệ kỹ thuật hóa học
72544,DVT,cong-nghe-ky-thuat-hoa-hoc,B00,Điểm học bạ,2025,18.48,Công nghệ kỹ thuật hóa học
72545,DVT,cong-nghe-ky-thuat-hoa-hoc,C02,Điểm học bạ,2025,18.0,Công nghệ kỹ thuật hóa học
72546,DVT,cong-nghe-ky-thuat-hoa-hoc,D07,Điểm học bạ,2025,19.51,Công nghệ kỹ thuật hóa học
72547,DVT,cong-nghe-ky-thuat-hoa-hoc,X09,Điểm học bạ,2025,19.25,Công nghệ kỹ thuật hóa học
72548,DVT,cong-nghe-ky-thuat-hoa-hoc,X10,Điểm học bạ,2025,18.75,Công nghệ kỹ thuật hóa học
72549,DVT,cong-nghe-ky-thuat-hoa-hoc,X11,Điểm học bạ,2025,18.75,Công nghệ kỹ thuật hóa học
72550,DVT,cong-nghe-ky-thuat-hoa-hoc,A00,Điểm thi THPT,2025,15.0,Công nghệ kỹ thuật hóa học
72551,DVT,cong-nghe-ky-thuat-hoa-hoc,B00,Điểm thi THPT,2025,15.0,Công nghệ kỹ thuật hóa học
72552,DVT,cong-nghe-ky-thuat-hoa-hoc,C02,Điểm thi THPT,2025,15.0,Công nghệ kỹ thuật hóa học
72553,DVT,cong-nghe-ky-thuat-hoa-hoc,D07,Điểm thi THPT,2025,15.0,Công nghệ kỹ thuật hóa học
72554,DVT,cong-nghe-ky-thuat-hoa-hoc,X09,Điểm thi THPT,2025,15.0,Công nghệ kỹ thuật hóa học
72555,DVT,cong-nghe-ky-thuat-hoa-hoc,X10,Điểm thi THPT,2025,15.0,Công nghệ kỹ thuật hóa học
72556,DVT,cong-nghe-ky-thuat-hoa-hoc,X11,Điểm thi THPT,2025,15.0,Công nghệ kỹ thuật hóa học
72557,DVT,cong-nghe-ky-thuat-o-to,A00,Điểm học bạ,2021,23.5,Công nghệ Kỹ thuật Ô tô
72558,DVT,cong-nghe-ky-thuat-o-to,A01,Điểm học bạ,2021,23.5,Công nghệ Kỹ thuật Ô tô
72559,DVT,cong-nghe-ky-thuat-o-to,C01,Điểm học bạ,2021,23.5,Công nghệ Kỹ thuật Ô tô
72560,DVT,cong-nghe-ky-thuat-o-to,D01,Điểm học bạ,2021,23.5,Công nghệ Kỹ thuật Ô tô
72561,DVT,cong-nghe-ky-thuat-o-to,A00,Điểm thi THPT,2021,18.75,Công nghệ Kỹ thuật Ô tô
72562,DVT,cong-nghe-ky-thuat-o-to,A01,Điểm thi THPT,2021,18.75,Công nghệ Kỹ thuật Ô tô
72563,DVT,cong-nghe-ky-thuat-o-to,C01,Điểm thi THPT,2021,18.75,Công nghệ Kỹ thuật Ô tô
72564,DVT,cong-nghe-ky-thuat-o-to,D01,Điểm thi THPT,2021,18.75,Công nghệ Kỹ thuật Ô tô
72565,DVT,cong-nghe-ky-thuat-o-to,A00,Điểm học bạ,2022,19.15,Công nghệ Kỹ thuật Ô tô
72566,DVT,cong-nghe-ky-thuat-o-to,A01,Điểm học bạ,2022,19.15,Công nghệ Kỹ thuật Ô tô
72567,DVT,cong-nghe-ky-thuat-o-to,C01,Điểm học bạ,2022,19.15,Công nghệ Kỹ thuật Ô tô
72568,DVT,cong-nghe-ky-thuat-o-to,D01,Điểm học bạ,2022,19.15,Công nghệ Kỹ thuật Ô tô
72569,DVT,cong-nghe-ky-thuat-o-to,A00,Điểm thi THPT,2022,18.0,Công nghệ Kỹ thuật Ô tô
72570,DVT,cong-nghe-ky-thuat-o-to,A01,Điểm thi THPT,2022,18.0,Công nghệ Kỹ thuật Ô tô
72571,DVT,cong-nghe-ky-thuat-o-to,C01,Điểm thi THPT,2022,18.0,Công nghệ Kỹ thuật Ô tô
72572,DVT,cong-nghe-ky-thuat-o-to,D01,Điểm thi THPT,2022,18.0,Công nghệ Kỹ thuật Ô tô
72573,DVT,cong-nghe-ky-thuat-o-to,A00,Điểm học bạ,2023,21.5,Công nghệ kỹ thuật ô tô
72574,DVT,cong-nghe-ky-thuat-o-to,A01,Điểm học bạ,2023,21.5,Công nghệ kỹ thuật ô tô
72575,DVT,cong-nghe-ky-thuat-o-to,C01,Điểm học bạ,2023,21.5,Công nghệ kỹ thuật ô tô
72576,DVT,cong-nghe-ky-thuat-o-to,D01,Điểm học bạ,2023,21.5,Công nghệ kỹ thuật ô tô
72577,DVT,cong-nghe-ky-thuat-o-to,A00,Điểm thi THPT,2023,17.25,Công nghệ kỹ thuật ô tô
72578,DVT,cong-nghe-ky-thuat-o-to,A01,Điểm thi THPT,2023,17.25,Công nghệ kỹ thuật ô tô
72579,DVT,cong-nghe-ky-thuat-o-to,C01,Điểm thi THPT,2023,17.25,Công nghệ kỹ thuật ô tô
72580,DVT,cong-nghe-ky-thuat-o-to,D01,Điểm thi THPT,2023,17.25,Công nghệ kỹ thuật ô tô
72581,DVT,cong-nghe-ky-thuat-o-to,A00,Điểm học bạ,2024,22.0,Công nghệ kỹ thuật ô tô
72582,DVT,cong-nghe-ky-thuat-o-to,A01,Điểm học bạ,2024,22.0,Công nghệ kỹ thuật ô tô
72583,DVT,cong-nghe-ky-thuat-o-to,C01,Điểm học bạ,2024,22.0,Công nghệ kỹ thuật ô tô
72584,DVT,cong-nghe-ky-thuat-o-to,D01,Điểm học bạ,2024,22.0,Công nghệ kỹ thuật ô tô
72585,DVT,cong-nghe-ky-thuat-o-to,A00,Điểm thi THPT,2024,18.0,Công nghệ kỹ thuật ô tô
72586,DVT,cong-nghe-ky-thuat-o-to,A01,Điểm thi THPT,2024,18.0,Công nghệ kỹ thuật ô tô
72587,DVT,cong-nghe-ky-thuat-o-to,C01,Điểm thi THPT,2024,18.0,Công nghệ kỹ thuật ô tô
72588,DVT,cong-nghe-ky-thuat-o-to,D01,Điểm thi THPT,2024,18.0,Công nghệ kỹ thuật ô tô
72589,DVT,cong-nghe-ky-thuat-o-to,A00,Điểm học bạ,2025,19.0,Công nghệ kỹ thuật ô tô
72590,DVT,cong-nghe-ky-thuat-o-to,A01,Điểm học bạ,2025,19.25,Công nghệ kỹ thuật ô tô
72591,DVT,cong-nghe-ky-thuat-o-to,A02,Điểm học bạ,2025,19.35,Công nghệ kỹ thuật ô tô
72592,DVT,cong-nghe-ky-thuat-o-to,A03,Điểm học bạ,2025,18.83,Công nghệ kỹ thuật ô tô
72593,DVT,cong-nghe-ky-thuat-o-to,X05,Điểm học bạ,2025,18.45,Công nghệ kỹ thuật ô tô
72594,DVT,cong-nghe-ky-thuat-o-to,X06,Điểm học bạ,2025,18.13,Công nghệ kỹ thuật ô tô
72595,DVT,cong-nghe-ky-thuat-o-to,X07,Điểm học bạ,2025,18.79,Công nghệ kỹ thuật ô tô
72596,DVT,cong-nghe-ky-thuat-o-to,A00,Điểm thi THPT,2025,15.0,Công nghệ kỹ thuật ô tô
72597,DVT,cong-nghe-ky-thuat-o-to,A01,Điểm thi THPT,2025,15.0,Công nghệ kỹ thuật ô tô
72598,DVT,cong-nghe-ky-thuat-o-to,A02,Điểm thi THPT,2025,15.0,Công nghệ kỹ thuật ô tô
72599,DVT,cong-nghe-ky-thuat-o-to,A03,Điểm thi THPT,2025,15.0,Công nghệ kỹ thuật ô tô
72600,DVT,cong-nghe-ky-thuat-o-to,X05,Điểm thi THPT,2025,15.0,Công nghệ kỹ thuật ô tô
72601,DVT,cong-nghe-ky-thuat-o-to,X06,Điểm thi THPT,2025,15.0,Công nghệ kỹ thuật ô tô
72602,DVT,cong-nghe-ky-thuat-o-to,X07,Điểm thi THPT,2025,15.0,Công nghệ kỹ thuật ô tô
72603,DVT,cong-nghe-sinh-hoc,A00,Điểm học bạ,2021,18.0,Công nghệ sinh học
72604,DVT,cong-nghe-sinh-hoc,B00,Điểm học bạ,2021,18.0,Công nghệ sinh học
72605,DVT,cong-nghe-sinh-hoc,B08,Điểm học bạ,2021,18.0,Công nghệ sinh học
72606,DVT,cong-nghe-sinh-hoc,D90,Điểm học bạ,2021,18.0,Công nghệ sinh học
72607,DVT,cong-nghe-sinh-hoc,A00,Điểm thi THPT,2021,15.0,Công nghệ sinh học
72608,DVT,cong-nghe-sinh-hoc,B00,Điểm thi THPT,2021,15.0,Công nghệ sinh học
72609,DVT,cong-nghe-sinh-hoc,B08,Điểm thi THPT,2021,15.0,Công nghệ sinh học
72610,DVT,cong-nghe-sinh-hoc,D90,Điểm thi THPT,2021,15.0,Công nghệ sinh học
72611,DVT,cong-nghe-sinh-hoc,A00,Điểm học bạ,2022,18.0,Công nghệ sinh học
72612,DVT,cong-nghe-sinh-hoc,B00,Điểm học bạ,2022,18.0,Công nghệ sinh học
72613,DVT,cong-nghe-sinh-hoc,B08,Điểm học bạ,2022,18.0,Công nghệ sinh học
72614,DVT,cong-nghe-sinh-hoc,D90,Điểm học bạ,2022,18.0,Công nghệ sinh học
72615,DVT,cong-nghe-sinh-hoc,A00,Điểm thi THPT,2022,15.0,Công nghệ sinh học
72616,DVT,cong-nghe-sinh-hoc,B00,Điểm thi THPT,2022,15.0,Công nghệ sinh học
72617,DVT,cong-nghe-sinh-hoc,B08,Điểm thi THPT,2022,15.0,Công nghệ sinh học
72618,DVT,cong-nghe-sinh-hoc,D90,Điểm thi THPT,2022,15.0,Công nghệ sinh học
72619,DVT,cong-nghe-sinh-hoc,A00,Điểm học bạ,2023,18.0,Công nghệ sinh học
72620,DVT,cong-nghe-sinh-hoc,B00,Điểm học bạ,2023,18.0,Công nghệ sinh học
72621,DVT,cong-nghe-sinh-hoc,B08,Điểm học bạ,2023,18.0,Công nghệ sinh học
72622,DVT,cong-nghe-sinh-hoc,D90,Điểm học bạ,2023,18.0,Công nghệ sinh học
72623,DVT,cong-nghe-sinh-hoc,A00,Điểm thi THPT,2023,15.0,Công nghệ sinh học
72624,DVT,cong-nghe-sinh-hoc,B00,Điểm thi THPT,2023,15.0,Công nghệ sinh học
72625,DVT,cong-nghe-sinh-hoc,B08,Điểm thi THPT,2023,15.0,Công nghệ sinh học
72626,DVT,cong-nghe-sinh-hoc,D90,Điểm thi THPT,2023,15.0,Công nghệ sinh học
72627,DVT,cong-nghe-sinh-hoc,A00,Điểm học bạ,2024,18.0,Công nghệ sinh học
72628,DVT,cong-nghe-sinh-hoc,B00,Điểm học bạ,2024,18.0,Công nghệ sinh học
72629,DVT,cong-nghe-sinh-hoc,B08,Điểm học bạ,2024,18.0,Công nghệ sinh học
72630,DVT,cong-nghe-sinh-hoc,D90,Điểm học bạ,2024,18.0,Công nghệ sinh học
72631,DVT,cong-nghe-sinh-hoc,A00,Điểm thi THPT,2024,15.0,Công nghệ sinh học
72632,DVT,cong-nghe-sinh-hoc,B00,Điểm thi THPT,2024,15.0,Công nghệ sinh học
72633,DVT,cong-nghe-sinh-hoc,B08,Điểm thi THPT,2024,15.0,Công nghệ sinh học
72634,DVT,cong-nghe-sinh-hoc,D90,Điểm thi THPT,2024,15.0,Công nghệ sinh học
72635,DVT,cong-nghe-sinh-hoc,A02,Điểm học bạ,2025,18.35,Công nghệ sinh học
72636,DVT,cong-nghe-sinh-hoc,B00,Điểm học bạ,2025,18.0,Công nghệ sinh học
72637,DVT,cong-nghe-sinh-hoc,B08,Điểm học bạ,2025,18.33,Công nghệ sinh học
72638,DVT,cong-nghe-sinh-hoc,X12,Điểm học bạ,2025,18.0,Công nghệ sinh học
72639,DVT,cong-nghe-sinh-hoc,X14,Điểm học bạ,2025,18.1,Công nghệ sinh học
72640,DVT,cong-nghe-sinh-hoc,X16,Điểm học bạ,2025,18.0,Công nghệ sinh học
72641,DVT,cong-nghe-sinh-hoc,X28,Điểm học bạ,2025,18.15,Công nghệ sinh học
72642,DVT,cong-nghe-sinh-hoc,A02,Điểm thi THPT,2025,14.0,Công nghệ sinh học
72643,DVT,cong-nghe-sinh-hoc,B00,Điểm thi THPT,2025,14.0,Công nghệ sinh học
72644,DVT,cong-nghe-sinh-hoc,B08,Điểm thi THPT,2025,14.0,Công nghệ sinh học
72645,DVT,cong-nghe-sinh-hoc,X12,Điểm thi THPT,2025,14.0,Công nghệ sinh học
72646,DVT,cong-nghe-sinh-hoc,X14,Điểm thi THPT,2025,14.0,Công nghệ sinh học
72647,DVT,cong-nghe-sinh-hoc,X16,Điểm thi THPT,2025,14.0,Công nghệ sinh học
72648,DVT,cong-nghe-sinh-hoc,X28,Điểm thi THPT,2025,14.0,Công nghệ sinh học
72649,DVT,cong-nghe-thong-tin,A00,Điểm học bạ,2021,18.95,Công nghệ thông tin
72650,DVT,cong-nghe-thong-tin,A01,Điểm học bạ,2021,18.95,Công nghệ thông tin
72651,DVT,cong-nghe-thong-tin,C01,Điểm học bạ,2021,18.95,Công nghệ thông tin
72652,DVT,cong-nghe-thong-tin,D07,Điểm học bạ,2021,18.95,Công nghệ thông tin
72653,DVT,cong-nghe-thong-tin,A00,Điểm thi THPT,2021,15.0,Công nghệ thông tin
72654,DVT,cong-nghe-thong-tin,A01,Điểm thi THPT,2021,15.0,Công nghệ thông tin
72655,DVT,cong-nghe-thong-tin,C01,Điểm thi THPT,2021,15.0,Công nghệ thông tin
72656,DVT,cong-nghe-thong-tin,D07,Điểm thi THPT,2021,15.0,Công nghệ thông tin
72657,DVT,cong-nghe-thong-tin,A00,Điểm học bạ,2022,18.0,Công nghệ thông tin
72658,DVT,cong-nghe-thong-tin,A01,Điểm học bạ,2022,18.0,Công nghệ thông tin
72659,DVT,cong-nghe-thong-tin,C01,Điểm học bạ,2022,18.0,Công nghệ thông tin
72660,DVT,cong-nghe-thong-tin,D07,Điểm học bạ,2022,18.0,Công nghệ thông tin
72661,DVT,cong-nghe-thong-tin,A00,Điểm thi THPT,2022,15.0,Công nghệ thông tin
72662,DVT,cong-nghe-thong-tin,A01,Điểm thi THPT,2022,15.0,Công nghệ thông tin
72663,DVT,cong-nghe-thong-tin,C01,Điểm thi THPT,2022,15.0,Công nghệ thông tin
72664,DVT,cong-nghe-thong-tin,D07,Điểm thi THPT,2022,15.0,Công nghệ thông tin
72665,DVT,cong-nghe-thong-tin,A00,Điểm học bạ,2023,18.0,Công nghệ thông tin
72666,DVT,cong-nghe-thong-tin,A01,Điểm học bạ,2023,18.0,Công nghệ thông tin
72667,DVT,cong-nghe-thong-tin,C01,Điểm học bạ,2023,18.0,Công nghệ thông tin
72668,DVT,cong-nghe-thong-tin,D07,Điểm học bạ,2023,18.0,Công nghệ thông tin
72669,DVT,cong-nghe-thong-tin,A00,Điểm thi THPT,2023,15.0,Công nghệ thông tin
72670,DVT,cong-nghe-thong-tin,A01,Điểm thi THPT,2023,15.0,Công nghệ thông tin
72671,DVT,cong-nghe-thong-tin,C01,Điểm thi THPT,2023,15.0,Công nghệ thông tin
72672,DVT,cong-nghe-thong-tin,D07,Điểm thi THPT,2023,15.0,Công nghệ thông tin
72673,DVT,cong-nghe-thong-tin,A00,Điểm học bạ,2024,18.0,Công nghệ thông tin
72674,DVT,cong-nghe-thong-tin,A01,Điểm học bạ,2024,18.0,Công nghệ thông tin
72675,DVT,cong-nghe-thong-tin,C01,Điểm học bạ,2024,18.0,Công nghệ thông tin
72676,DVT,cong-nghe-thong-tin,D07,Điểm học bạ,2024,18.0,Công nghệ thông tin
72677,DVT,cong-nghe-thong-tin,A00,Điểm thi THPT,2024,15.0,Công nghệ thông tin
72678,DVT,cong-nghe-thong-tin,A01,Điểm thi THPT,2024,15.0,Công nghệ thông tin
72679,DVT,cong-nghe-thong-tin,C01,Điểm thi THPT,2024,15.0,Công nghệ thông tin
72680,DVT,cong-nghe-thong-tin,D07,Điểm thi THPT,2024,15.0,Công nghệ thông tin
72681,DVT,cong-nghe-thong-tin,A00,Điểm học bạ,2025,19.0,Công nghệ thông tin
72682,DVT,cong-nghe-thong-tin,A01,Điểm học bạ,2025,19.25,Công nghệ thông tin
72683,DVT,cong-nghe-thong-tin,D01,Điểm học bạ,2025,18.45,Công nghệ thông tin
72684,DVT,cong-nghe-thong-tin,D07,Điểm học bạ,2025,19.51,Công nghệ thông tin
72685,DVT,cong-nghe-thong-tin,X06,Điểm học bạ,2025,18.13,Công nghệ thông tin
72686,DVT,cong-nghe-thong-tin,X26,Điểm học bạ,2025,19.14,Công nghệ thông tin
72687,DVT,cong-nghe-thong-tin,X27,Điểm học bạ,2025,21.23,Công nghệ thông tin
72688,DVT,cong-nghe-thong-tin,A00,Điểm thi THPT,2025,15.0,Công nghệ thông tin
72689,DVT,cong-nghe-thong-tin,A01,Điểm thi THPT,2025,15.0,Công nghệ thông tin
72690,DVT,cong-nghe-thong-tin,D01,Điểm thi THPT,2025,15.0,Công nghệ thông tin
72691,DVT,cong-nghe-thong-tin,D07,Điểm thi THPT,2025,15.0,Công nghệ thông tin
72692,DVT,cong-nghe-thong-tin,X06,Điểm thi THPT,2025,15.0,Công nghệ thông tin
72693,DVT,cong-nghe-thong-tin,X26,Điểm thi THPT,2025,15.0,Công nghệ thông tin
72694,DVT,cong-nghe-thong-tin,X27,Điểm thi THPT,2025,15.0,Công nghệ thông tin
72695,DVT,cong-nghe-thuc-pham,A00,Điểm học bạ,2021,18.0,Công nghệ thực phẩm
72696,DVT,cong-nghe-thuc-pham,B00,Điểm học bạ,2021,18.0,Công nghệ thực phẩm
72697,DVT,cong-nghe-thuc-pham,D07,Điểm học bạ,2021,18.0,Công nghệ thực phẩm
72698,DVT,cong-nghe-thuc-pham,D90,Điểm học bạ,2021,18.0,Công nghệ thực phẩm
72699,DVT,cong-nghe-thuc-pham,A00,Điểm thi THPT,2021,15.0,Công nghệ thực phẩm
72700,DVT,cong-nghe-thuc-pham,B00,Điểm thi THPT,2021,15.0,Công nghệ thực phẩm
72701,DVT,cong-nghe-thuc-pham,D07,Điểm thi THPT,2021,15.0,Công nghệ thực phẩm
72702,DVT,cong-nghe-thuc-pham,D90,Điểm thi THPT,2021,15.0,Công nghệ thực phẩm
72703,DVT,cong-nghe-thuc-pham,A00,Điểm học bạ,2022,18.0,Công nghệ thực phẩm
72704,DVT,cong-nghe-thuc-pham,B00,Điểm học bạ,2022,18.0,Công nghệ thực phẩm
72705,DVT,cong-nghe-thuc-pham,D07,Điểm học bạ,2022,18.0,Công nghệ thực phẩm
72706,DVT,cong-nghe-thuc-pham,D90,Điểm học bạ,2022,18.0,Công nghệ thực phẩm
72707,DVT,cong-nghe-thuc-pham,A00,Điểm thi THPT,2022,15.0,Công nghệ thực phẩm
72708,DVT,cong-nghe-thuc-pham,B00,Điểm thi THPT,2022,15.0,Công nghệ thực phẩm
72709,DVT,cong-nghe-thuc-pham,D07,Điểm thi THPT,2022,15.0,Công nghệ thực phẩm
72710,DVT,cong-nghe-thuc-pham,D90,Điểm thi THPT,2022,15.0,Công nghệ thực phẩm
72711,DVT,cong-nghe-thuc-pham,A00,Điểm học bạ,2023,18.0,Công nghệ thực phẩm
72712,DVT,cong-nghe-thuc-pham,B00,Điểm học bạ,2023,18.0,Công nghệ thực phẩm
72713,DVT,cong-nghe-thuc-pham,D07,Điểm học bạ,2023,18.0,Công nghệ thực phẩm
72714,DVT,cong-nghe-thuc-pham,D90,Điểm học bạ,2023,18.0,Công nghệ thực phẩm
72715,DVT,cong-nghe-thuc-pham,A00,Điểm thi THPT,2023,15.0,Công nghệ thực phẩm
72716,DVT,cong-nghe-thuc-pham,B00,Điểm thi THPT,2023,15.0,Công nghệ thực phẩm
72717,DVT,cong-nghe-thuc-pham,D07,Điểm thi THPT,2023,15.0,Công nghệ thực phẩm
72718,DVT,cong-nghe-thuc-pham,D90,Điểm thi THPT,2023,15.0,Công nghệ thực phẩm
72719,DVT,cong-nghe-thuc-pham,A00,Điểm học bạ,2024,18.0,Công nghệ thực phẩm
72720,DVT,cong-nghe-thuc-pham,B00,Điểm học bạ,2024,18.0,Công nghệ thực phẩm
72721,DVT,cong-nghe-thuc-pham,D07,Điểm học bạ,2024,18.0,Công nghệ thực phẩm
72722,DVT,cong-nghe-thuc-pham,D90,Điểm học bạ,2024,18.0,Công nghệ thực phẩm
72723,DVT,cong-nghe-thuc-pham,A00,Điểm thi THPT,2024,15.0,Công nghệ thực phẩm
72724,DVT,cong-nghe-thuc-pham,B00,Điểm thi THPT,2024,15.0,Công nghệ thực phẩm
72725,DVT,cong-nghe-thuc-pham,D07,Điểm thi THPT,2024,15.0,Công nghệ thực phẩm
72726,DVT,cong-nghe-thuc-pham,D90,Điểm thi THPT,2024,15.0,Công nghệ thực phẩm
72727,DVT,cong-nghe-thuc-pham,A02,Điểm học bạ,2025,18.35,Công nghệ thực phẩm
72728,DVT,cong-nghe-thuc-pham,B00,Điểm học bạ,2025,18.0,Công nghệ thực phẩm
72729,DVT,cong-nghe-thuc-pham,B08,Điểm học bạ,2025,18.33,Công nghệ thực phẩm
72730,DVT,cong-nghe-thuc-pham,X12,Điểm học bạ,2025,18.0,Công nghệ thực phẩm
72731,DVT,cong-nghe-thuc-pham,X14,Điểm học bạ,2025,18.1,Công nghệ thực phẩm
72732,DVT,cong-nghe-thuc-pham,X16,Điểm học bạ,2025,18.0,Công nghệ thực phẩm
72733,DVT,cong-nghe-thuc-pham,X28,Điểm học bạ,2025,18.15,Công nghệ thực phẩm
72734,DVT,cong-nghe-thuc-pham,A02,Điểm thi THPT,2025,14.0,Công nghệ thực phẩm
72735,DVT,cong-nghe-thuc-pham,B00,Điểm thi THPT,2025,14.0,Công nghệ thực phẩm
72736,DVT,cong-nghe-thuc-pham,B08,Điểm thi THPT,2025,14.0,Công nghệ thực phẩm
72737,DVT,cong-nghe-thuc-pham,X12,Điểm thi THPT,2025,14.0,Công nghệ thực phẩm
72738,DVT,cong-nghe-thuc-pham,X14,Điểm thi THPT,2025,14.0,Công nghệ thực phẩm
72739,DVT,cong-nghe-thuc-pham,X16,Điểm thi THPT,2025,14.0,Công nghệ thực phẩm
72740,DVT,cong-nghe-thuc-pham,X28,Điểm thi THPT,2025,14.0,Công nghệ thực phẩm
72741,DVT,cong-tac-xa-hoi,C00,Điểm học bạ,2021,18.0,Công tác xã hội
72742,DVT,cong-tac-xa-hoi,C04,Điểm học bạ,2021,18.0,Công tác xã hội
72743,DVT,cong-tac-xa-hoi,D66,Điểm học bạ,2021,18.0,Công tác xã hội
72744,DVT,cong-tac-xa-hoi,D78,Điểm học bạ,2021,18.0,Công tác xã hội
72745,DVT,cong-tac-xa-hoi,C00,Điểm thi THPT,2021,15.0,Công tác xã hội
72746,DVT,cong-tac-xa-hoi,C04,Điểm thi THPT,2021,15.0,Công tác xã hội
72747,DVT,cong-tac-xa-hoi,D66,Điểm thi THPT,2021,15.0,Công tác xã hội
72748,DVT,cong-tac-xa-hoi,D78,Điểm thi THPT,2021,15.0,Công tác xã hội
72749,DVT,cong-tac-xa-hoi,C00,Điểm học bạ,2022,18.0,Công tác xã hội
72750,DVT,cong-tac-xa-hoi,C04,Điểm học bạ,2022,18.0,Công tác xã hội
72751,DVT,cong-tac-xa-hoi,D66,Điểm học bạ,2022,18.0,Công tác xã hội
72752,DVT,cong-tac-xa-hoi,D78,Điểm học bạ,2022,18.0,Công tác xã hội
72753,DVT,cong-tac-xa-hoi,C00,Điểm thi THPT,2022,15.0,Công tác xã hội
72754,DVT,cong-tac-xa-hoi,C04,Điểm thi THPT,2022,15.0,Công tác xã hội
72755,DVT,cong-tac-xa-hoi,D66,Điểm thi THPT,2022,15.0,Công tác xã hội
72756,DVT,cong-tac-xa-hoi,D78,Điểm thi THPT,2022,15.0,Công tác xã hội
72757,DVT,cong-tac-xa-hoi,C00,Điểm học bạ,2024,18.0,Công tác xã hội
72758,DVT,cong-tac-xa-hoi,C04,Điểm học bạ,2024,18.0,Công tác xã hội
72759,DVT,cong-tac-xa-hoi,D66,Điểm học bạ,2024,18.0,Công tác xã hội
72760,DVT,cong-tac-xa-hoi,D78,Điểm học bạ,2024,18.0,Công tác xã hội
72761,DVT,cong-tac-xa-hoi,C00,Điểm thi THPT,2024,15.0,Công tác xã hội
72762,DVT,cong-tac-xa-hoi,C04,Điểm thi THPT,2024,15.0,Công tác xã hội
72763,DVT,cong-tac-xa-hoi,D66,Điểm thi THPT,2024,15.0,Công tác xã hội
72764,DVT,cong-tac-xa-hoi,D78,Điểm thi THPT,2024,15.0,Công tác xã hội
72765,DVT,cong-tac-xa-hoi,C00,Điểm học bạ,2025,18.0,Công tác xã hội
72766,DVT,cong-tac-xa-hoi,C08,Điểm học bạ,2025,19.0,Công tác xã hội
72767,DVT,cong-tac-xa-hoi,C20,Điểm học bạ,2025,19.29,Công tác xã hội
72768,DVT,cong-tac-xa-hoi,D66,Điểm học bạ,2025,18.7,Công tác xã hội
72769,DVT,cong-tac-xa-hoi,X66,Điểm học bạ,2025,19.32,Công tác xã hội
72770,DVT,cong-tac-xa-hoi,X74,Điểm học bạ,2025,18.7,Công tác xã hội
72771,DVT,cong-tac-xa-hoi,X78,Điểm học bạ,2025,18.7,Công tác xã hội
72772,DVT,cong-tac-xa-hoi,C00,Điểm thi THPT,2025,16.52,Công tác xã hội
72773,DVT,cong-tac-xa-hoi,C08,Điểm thi THPT,2025,16.52,Công tác xã hội
72774,DVT,cong-tac-xa-hoi,C20,Điểm thi THPT,2025,16.52,Công tác xã hội
72775,DVT,cong-tac-xa-hoi,D66,Điểm thi THPT,2025,16.52,Công tác xã hội
72776,DVT,cong-tac-xa-hoi,X66,Điểm thi THPT,2025,16.52,Công tác xã hội
72777,DVT,cong-tac-xa-hoi,X74,Điểm thi THPT,2025,16.52,Công tác xã hội
72778,DVT,cong-tac-xa-hoi,X78,Điểm thi THPT,2025,16.52,Công tác xã hội
72779,DVT,dieu-duong,B00,Điểm học bạ,2021,22.0,Điều dưỡng
72780,DVT,dieu-duong,B08,Điểm học bạ,2021,22.0,Điều dưỡng
72781,DVT,dieu-duong,B00,Điểm thi THPT,2021,20.5,Điều dưỡng
72782,DVT,dieu-duong,B08,Điểm thi THPT,2021,20.5,Điều dưỡng
72783,DVT,dieu-duong,B00,Điểm học bạ,2022,18.0,Điều dưỡng
72784,DVT,dieu-duong,B08,Điểm học bạ,2022,18.0,Điều dưỡng
72785,DVT,dieu-duong,B00,Điểm thi THPT,2022,19.0,Điều dưỡng
72786,DVT,dieu-duong,B08,Điểm thi THPT,2022,19.0,Điều dưỡng
72787,DVT,dieu-duong,B00,Điểm học bạ,2023,19.0,Điều dưỡng
72788,DVT,dieu-duong,B08,Điểm học bạ,2023,19.0,Điều dưỡng
72789,DVT,dieu-duong,B00,Điểm thi THPT,2023,19.0,Điều dưỡng
72790,DVT,dieu-duong,B08,Điểm thi THPT,2023,19.0,Điều dưỡng
72791,DVT,dieu-duong,B00,Điểm học bạ,2024,21.0,Điều dưỡng
72792,DVT,dieu-duong,B08,Điểm học bạ,2024,21.0,Điều dưỡng
72793,DVT,dieu-duong,B00,Điểm thi THPT,2024,19.0,Điều dưỡng
72794,DVT,dieu-duong,B08,Điểm thi THPT,2024,19.0,Điều dưỡng
72795,DVT,dieu-duong,B00,Điểm học bạ,2025,21.48,Điều dưỡng
72796,DVT,dieu-duong,B08,Điểm học bạ,2025,22.33,Điều dưỡng
72797,DVT,dieu-duong,B00,Điểm thi THPT,2025,17.25,Điều dưỡng
72798,DVT,dieu-duong,B08,Điểm thi THPT,2025,17.25,Điều dưỡng
72799,DVT,dinh-duong,B00,Điểm học bạ,2021,18.0,Dinh dưỡng
72800,DVT,dinh-duong,B08,Điểm học bạ,2021,18.0,Dinh dưỡng
72801,DVT,dinh-duong,B00,Điểm thi THPT,2021,15.0,Dinh dưỡng
72802,DVT,dinh-duong,B08,Điểm thi THPT,2021,15.0,Dinh dưỡng
72803,DVT,dinh-duong,B00,Điểm học bạ,2022,18.0,Dinh dưỡng
72804,DVT,dinh-duong,B08,Điểm học bạ,2022,18.0,Dinh dưỡng
72805,DVT,dinh-duong,B00,Điểm thi THPT,2022,15.0,Dinh dưỡng
72806,DVT,dinh-duong,B08,Điểm thi THPT,2022,15.0,Dinh dưỡng
72807,DVT,duoc-hoc,A00,Điểm thi THPT,2021,23.0,Dược học
72808,DVT,duoc-hoc,B00,Điểm thi THPT,2021,23.0,Dược học
72809,DVT,duoc-hoc,A00,Điểm thi THPT,2022,21.0,Dược học
72810,DVT,duoc-hoc,B00,Điểm thi THPT,2022,21.0,Dược học
72811,DVT,duoc-hoc,A00,Điểm thi THPT,2023,21.85,Dược học
72812,DVT,duoc-hoc,B00,Điểm thi THPT,2023,21.85,Dược học
72813,DVT,duoc-hoc,A00,Điểm thi THPT,2024,21.0,Dược học
72814,DVT,duoc-hoc,B00,Điểm thi THPT,2024,21.0,Dược học
72815,DVT,duoc-hoc,A00,Điểm thi THPT,2025,19.0,Dược học
72816,DVT,duoc-hoc,B00,Điểm thi THPT,2025,19.0,Dược học
72817,DVT,giao-duc-mam-non,C00,Điểm học bạ,2021,20.0,Giáo dục mầm non
72818,DVT,giao-duc-mam-non,C14,Điểm học bạ,2021,20.0,Giáo dục mầm non
72819,DVT,giao-duc-mam-non,M00,Điểm học bạ,2021,20.0,Giáo dục mầm non
72820,DVT,giao-duc-mam-non,M05,Điểm học bạ,2021,20.0,Giáo dục mầm non
72821,DVT,giao-duc-mam-non,C00,Điểm thi THPT,2021,19.0,Giáo dục mầm non
72822,DVT,giao-duc-mam-non,C14,Điểm thi THPT,2021,19.0,Giáo dục mầm non
72823,DVT,giao-duc-mam-non,M00,Điểm thi THPT,2021,19.0,Giáo dục mầm non
72824,DVT,giao-duc-mam-non,M05,Điểm thi THPT,2021,19.0,Giáo dục mầm non
72825,DVT,giao-duc-mam-non,C00,Điểm học bạ,2022,24.5,Giáo dục mầm non
72826,DVT,giao-duc-mam-non,C14,Điểm học bạ,2022,24.5,Giáo dục mầm non
72827,DVT,giao-duc-mam-non,M00,Điểm học bạ,2022,24.5,Giáo dục mầm non
72828,DVT,giao-duc-mam-non,M05,Điểm học bạ,2022,24.5,Giáo dục mầm non
72829,DVT,giao-duc-mam-non,C00,Điểm thi THPT,2022,19.5,Giáo dục mầm non
72830,DVT,giao-duc-mam-non,C14,Điểm thi THPT,2022,19.5,Giáo dục mầm non
72831,DVT,giao-duc-mam-non,M00,Điểm thi THPT,2022,19.5,Giáo dục mầm non
72832,DVT,giao-duc-mam-non,M05,Điểm thi THPT,2022,19.5,Giáo dục mầm non
72833,DVT,giao-duc-tieu-hoc,A00,Điểm học bạ,2021,22.7,Giáo dục tiểu học
72834,DVT,giao-duc-tieu-hoc,A01,Điểm học bạ,2021,22.7,Giáo dục tiểu học
72835,DVT,giao-duc-tieu-hoc,D84,Điểm học bạ,2021,22.7,Giáo dục tiểu học
72836,DVT,giao-duc-tieu-hoc,D90,Điểm học bạ,2021,22.7,Giáo dục tiểu học
72837,DVT,giao-duc-tieu-hoc,A00,Điểm thi THPT,2021,20.25,Giáo dục tiểu học
72838,DVT,giao-duc-tieu-hoc,A01,Điểm thi THPT,2021,20.25,Giáo dục tiểu học
72839,DVT,giao-duc-tieu-hoc,D84,Điểm thi THPT,2021,20.25,Giáo dục tiểu học
72840,DVT,giao-duc-tieu-hoc,D90,Điểm thi THPT,2021,20.25,Giáo dục tiểu học
72841,DVT,giao-duc-tieu-hoc,A00,Điểm học bạ,2022,25.75,Giáo dục tiểu học
72842,DVT,giao-duc-tieu-hoc,A01,Điểm học bạ,2022,25.75,Giáo dục tiểu học
72843,DVT,giao-duc-tieu-hoc,D84,Điểm học bạ,2022,25.75,Giáo dục tiểu học
72844,DVT,giao-duc-tieu-hoc,D90,Điểm học bạ,2022,25.75,Giáo dục tiểu học
72845,DVT,giao-duc-tieu-hoc,A00,Điểm thi THPT,2022,19.0,Giáo dục tiểu học
72846,DVT,giao-duc-tieu-hoc,A01,Điểm thi THPT,2022,19.0,Giáo dục tiểu học
72847,DVT,giao-duc-tieu-hoc,D84,Điểm thi THPT,2022,19.0,Giáo dục tiểu học
72848,DVT,giao-duc-tieu-hoc,D90,Điểm thi THPT,2022,19.0,Giáo dục tiểu học
72849,DVT,he-thong-thong-tin-quan-ly,A00,Điểm học bạ,2021,18.0,Hệ thống thông tin quản lý
72850,DVT,he-thong-thong-tin-quan-ly,A01,Điểm học bạ,2021,18.0,Hệ thống thông tin quản lý
72851,DVT,he-thong-thong-tin-quan-ly,C01,Điểm học bạ,2021,18.0,Hệ thống thông tin quản lý
72852,DVT,he-thong-thong-tin-quan-ly,D01,Điểm học bạ,2021,18.0,Hệ thống thông tin quản lý
72853,DVT,he-thong-thong-tin-quan-ly,A00,Điểm thi THPT,2021,15.0,Hệ thống thông tin quản lý
72854,DVT,he-thong-thong-tin-quan-ly,A01,Điểm thi THPT,2021,15.0,Hệ thống thông tin quản lý
72855,DVT,he-thong-thong-tin-quan-ly,C01,Điểm thi THPT,2021,15.0,Hệ thống thông tin quản lý
72856,DVT,he-thong-thong-tin-quan-ly,D01,Điểm thi THPT,2021,15.0,Hệ thống thông tin quản lý
72857,DVT,hoa-duoc,A00,Điểm học bạ,2021,18.0,Hóa dược
72858,DVT,hoa-duoc,B00,Điểm học bạ,2021,18.0,Hóa dược
72859,DVT,hoa-duoc,D07,Điểm học bạ,2021,18.0,Hóa dược
72860,DVT,hoa-duoc,A00,Điểm thi THPT,2021,15.0,Hóa dược
72861,DVT,hoa-duoc,B00,Điểm thi THPT,2021,15.0,Hóa dược
72862,DVT,hoa-duoc,D07,Điểm thi THPT,2021,15.0,Hóa dược
72863,DVT,hoa-duoc,A00,Điểm học bạ,2022,18.0,Hóa dược
72864,DVT,hoa-duoc,B00,Điểm học bạ,2022,18.0,Hóa dược
72865,DVT,hoa-duoc,D07,Điểm học bạ,2022,18.0,Hóa dược
72866,DVT,hoa-duoc,A00,Điểm thi THPT,2022,15.0,Hóa dược
72867,DVT,hoa-duoc,B00,Điểm thi THPT,2022,15.0,Hóa dược
72868,DVT,hoa-duoc,D07,Điểm thi THPT,2022,15.0,Hóa dược
72869,DVT,hoa-duoc,A00,Điểm học bạ,2023,18.0,Hóa dược
72870,DVT,hoa-duoc,B00,Điểm học bạ,2023,18.0,Hóa dược
72871,DVT,hoa-duoc,D07,Điểm học bạ,2023,18.0,Hóa dược
72872,DVT,hoa-duoc,A00,Điểm thi THPT,2023,15.0,Hóa dược
72873,DVT,hoa-duoc,B00,Điểm thi THPT,2023,15.0,Hóa dược
72874,DVT,hoa-duoc,D07,Điểm thi THPT,2023,15.0,Hóa dược
72875,DVT,hoa-duoc,A00,Điểm học bạ,2024,18.0,Hóa dược
72876,DVT,hoa-duoc,B00,Điểm học bạ,2024,18.0,Hóa dược
72877,DVT,hoa-duoc,A00,Điểm thi THPT,2024,15.0,Hóa dược
72878,DVT,hoa-duoc,B00,Điểm thi THPT,2024,15.0,Hóa dược
72879,DVT,hoa-duoc,A00,Điểm học bạ,2025,18.0,Hóa dược
72880,DVT,hoa-duoc,A11,Điểm học bạ,2025,18.25,Hóa dược
72881,DVT,hoa-duoc,B00,Điểm học bạ,2025,18.0,Hóa dược
72882,DVT,hoa-duoc,D07,Điểm học bạ,2025,18.51,Hóa dược
72883,DVT,hoa-duoc,X09,Điểm học bạ,2025,18.25,Hóa dược
72884,DVT,hoa-duoc,X10,Điểm học bạ,2025,18.0,Hóa dược
72885,DVT,hoa-duoc,X11,Điểm học bạ,2025,18.0,Hóa dược
72886,DVT,hoa-duoc,A00,Điểm thi THPT,2025,14.0,Hóa dược
72887,DVT,hoa-duoc,A11,Điểm thi THPT,2025,14.0,Hóa dược
72888,DVT,hoa-duoc,B00,Điểm thi THPT,2025,14.0,Hóa dược
72889,DVT,hoa-duoc,D07,Điểm thi THPT,2025,14.0,Hóa dược
72890,DVT,hoa-duoc,X09,Điểm thi THPT,2025,14.0,Hóa dược
72891,DVT,hoa-duoc,X10,Điểm thi THPT,2025,14.0,Hóa dược
72892,DVT,hoa-duoc,X11,Điểm thi THPT,2025,14.0,Hóa dược
72893,DVT,ke-toan,A00,Điểm học bạ,2021,18.0,Kế toán
72894,DVT,ke-toan,A01,Điểm học bạ,2021,18.0,Kế toán
72895,DVT,ke-toan,C01,Điểm học bạ,2021,18.0,Kế toán
72896,DVT,ke-toan,D01,Điểm học bạ,2021,18.0,Kế toán
72897,DVT,ke-toan,A00,Điểm thi THPT,2021,15.0,Kế toán
72898,DVT,ke-toan,A01,Điểm thi THPT,2021,15.0,Kế toán
72899,DVT,ke-toan,C01,Điểm thi THPT,2021,15.0,Kế toán
72900,DVT,ke-toan,D01,Điểm thi THPT,2021,15.0,Kế toán
72901,DVT,ke-toan,A00,Điểm học bạ,2022,18.0,Kế toán
72902,DVT,ke-toan,A01,Điểm học bạ,2022,18.0,Kế toán
72903,DVT,ke-toan,C01,Điểm học bạ,2022,18.0,Kế toán
72904,DVT,ke-toan,D01,Điểm học bạ,2022,18.0,Kế toán
72905,DVT,ke-toan,A00,Điểm thi THPT,2022,15.0,Kế toán
72906,DVT,ke-toan,A01,Điểm thi THPT,2022,15.0,Kế toán
72907,DVT,ke-toan,C01,Điểm thi THPT,2022,15.0,Kế toán
72908,DVT,ke-toan,D01,Điểm thi THPT,2022,15.0,Kế toán
72909,DVT,ke-toan,A00,Điểm học bạ,2023,18.0,Kế toán
72910,DVT,ke-toan,A01,Điểm học bạ,2023,18.0,Kế toán
72911,DVT,ke-toan,C01,Điểm học bạ,2023,18.0,Kế toán
72912,DVT,ke-toan,D01,Điểm học bạ,2023,18.0,Kế toán
72913,DVT,ke-toan,A00,Điểm thi THPT,2023,15.0,Kế toán
72914,DVT,ke-toan,A01,Điểm thi THPT,2023,15.0,Kế toán
72915,DVT,ke-toan,C01,Điểm thi THPT,2023,15.0,Kế toán
72916,DVT,ke-toan,D01,Điểm thi THPT,2023,15.0,Kế toán
72917,DVT,ke-toan,A00,Điểm học bạ,2024,18.0,Kế toán
72918,DVT,ke-toan,A01,Điểm học bạ,2024,18.0,Kế toán
72919,DVT,ke-toan,C01,Điểm học bạ,2024,18.0,Kế toán
72920,DVT,ke-toan,D01,Điểm học bạ,2024,18.0,Kế toán
72921,DVT,ke-toan,A00,Điểm thi THPT,2024,15.0,Kế toán
72922,DVT,ke-toan,A01,Điểm thi THPT,2024,15.0,Kế toán
72923,DVT,ke-toan,C01,Điểm thi THPT,2024,15.0,Kế toán
72924,DVT,ke-toan,D01,Điểm thi THPT,2024,15.0,Kế toán
72925,DVT,ke-toan,A00,Điểm học bạ,2025,19.0,Kế toán
72926,DVT,ke-toan,A01,Điểm học bạ,2025,19.25,Kế toán
72927,DVT,ke-toan,C01,Điểm học bạ,2025,18.0,Kế toán
72928,DVT,ke-toan,D01,Điểm học bạ,2025,18.45,Kế toán
72929,DVT,ke-toan,X25,Điểm học bạ,2025,18.68,Kế toán
72930,DVT,ke-toan,X26,Điểm học bạ,2025,19.14,Kế toán
72931,DVT,ke-toan,X53,Điểm học bạ,2025,18.68,Kế toán
72932,DVT,ke-toan,A00,Điểm thi THPT,2025,15.0,Kế toán
72933,DVT,ke-toan,A01,Điểm thi THPT,2025,15.0,Kế toán
72934,DVT,ke-toan,C01,Điểm thi THPT,2025,15.0,Kế toán
72935,DVT,ke-toan,D01,Điểm thi THPT,2025,15.0,Kế toán
72936,DVT,ke-toan,X25,Điểm thi THPT,2025,15.0,Kế toán
72937,DVT,ke-toan,X26,Điểm thi THPT,2025,15.0,Kế toán
72938,DVT,ke-toan,X53,Điểm thi THPT,2025,15.0,Kế toán
72939,DVT,kinh-te,A00,Điểm học bạ,2021,18.0,Kinh tế
72940,DVT,kinh-te,A01,Điểm học bạ,2021,18.0,Kinh tế
72941,DVT,kinh-te,C01,Điểm học bạ,2021,18.0,Kinh tế
72942,DVT,kinh-te,D01,Điểm học bạ,2021,18.0,Kinh tế
72943,DVT,kinh-te,A00,Điểm thi THPT,2021,15.0,Kinh tế
72944,DVT,kinh-te,A01,Điểm thi THPT,2021,15.0,Kinh tế
72945,DVT,kinh-te,C01,Điểm thi THPT,2021,15.0,Kinh tế
72946,DVT,kinh-te,D01,Điểm thi THPT,2021,15.0,Kinh tế
72947,DVT,kinh-te,A00,Điểm học bạ,2022,18.0,Kinh tế
72948,DVT,kinh-te,C14,Điểm học bạ,2022,18.0,Kinh tế
72949,DVT,kinh-te,D01,Điểm học bạ,2022,18.0,Kinh tế
72950,DVT,kinh-te,D84,Điểm học bạ,2022,18.0,Kinh tế
72951,DVT,kinh-te,A00,Điểm thi THPT,2022,15.0,Kinh tế
72952,DVT,kinh-te,C14,Điểm thi THPT,2022,15.0,Kinh tế
72953,DVT,kinh-te,D01,Điểm thi THPT,2022,15.0,Kinh tế
72954,DVT,kinh-te,D84,Điểm thi THPT,2022,15.0,Kinh tế
72955,DVT,kinh-te,A00,Điểm học bạ,2023,18.0,Kinh tế
72956,DVT,kinh-te,A01,Điểm học bạ,2023,18.0,Kinh tế
72957,DVT,kinh-te,C01,Điểm học bạ,2023,18.0,Kinh tế
72958,DVT,kinh-te,D01,Điểm học bạ,2023,18.0,Kinh tế
72959,DVT,kinh-te,A00,Điểm thi THPT,2023,15.0,Kinh tế
72960,DVT,kinh-te,A01,Điểm thi THPT,2023,15.0,Kinh tế
72961,DVT,kinh-te,C01,Điểm thi THPT,2023,15.0,Kinh tế
72962,DVT,kinh-te,D01,Điểm thi THPT,2023,15.0,Kinh tế
72963,DVT,kinh-te,A00,Điểm học bạ,2024,18.0,Kinh tế
72964,DVT,kinh-te,A01,Điểm học bạ,2024,18.0,Kinh tế
72965,DVT,kinh-te,C01,Điểm học bạ,2024,18.0,Kinh tế
72966,DVT,kinh-te,D01,Điểm học bạ,2024,18.0,Kinh tế
72967,DVT,kinh-te,A00,Điểm thi THPT,2024,15.0,Kinh tế
72968,DVT,kinh-te,A01,Điểm thi THPT,2024,15.0,Kinh tế
72969,DVT,kinh-te,C01,Điểm thi THPT,2024,15.0,Kinh tế
72970,DVT,kinh-te,D01,Điểm thi THPT,2024,15.0,Kinh tế
72971,DVT,kinh-te,A00,Điểm học bạ,2025,19.0,Kinh tế
72972,DVT,kinh-te,A01,Điểm học bạ,2025,19.25,Kinh tế
72973,DVT,kinh-te,C01,Điểm học bạ,2025,18.0,Kinh tế
72974,DVT,kinh-te,D01,Điểm học bạ,2025,18.45,Kinh tế
72975,DVT,kinh-te,X25,Điểm học bạ,2025,18.68,Kinh tế
72976,DVT,kinh-te,X26,Điểm học bạ,2025,19.14,Kinh tế
72977,DVT,kinh-te,X53,Điểm học bạ,2025,18.68,Kinh tế
72978,DVT,kinh-te,A00,Điểm thi THPT,2025,15.0,Kinh tế
72979,DVT,kinh-te,A01,Điểm thi THPT,2025,15.0,Kinh tế
72980,DVT,kinh-te,C01,Điểm thi THPT,2025,15.0,Kinh tế
72981,DVT,kinh-te,D01,Điểm thi THPT,2025,15.0,Kinh tế
72982,DVT,kinh-te,X25,Điểm thi THPT,2025,15.0,Kinh tế
72983,DVT,kinh-te,X26,Điểm thi THPT,2025,15.0,Kinh tế
72984,DVT,kinh-te,X53,Điểm thi THPT,2025,15.0,Kinh tế
72985,DVT,ky-thuat-hinh-anh-y-hoc,A00,Điểm học bạ,2021,20.0,Kỹ thuật hình ảnh y học
72986,DVT,ky-thuat-hinh-anh-y-hoc,B00,Điểm học bạ,2021,20.0,Kỹ thuật hình ảnh y học
72987,DVT,ky-thuat-hinh-anh-y-hoc,A00,Điểm thi THPT,2021,19.0,Kỹ thuật hình ảnh y học
72988,DVT,ky-thuat-hinh-anh-y-hoc,B00,Điểm thi THPT,2021,19.0,Kỹ thuật hình ảnh y học
72989,DVT,ky-thuat-hinh-anh-y-hoc,A00,Điểm học bạ,2022,19.0,Kỹ thuật hình ảnh y học
72990,DVT,ky-thuat-hinh-anh-y-hoc,B00,Điểm học bạ,2022,19.0,Kỹ thuật hình ảnh y học
72991,DVT,ky-thuat-hinh-anh-y-hoc,A00,Điểm thi THPT,2022,19.0,Kỹ thuật hình ảnh y học
72992,DVT,ky-thuat-hinh-anh-y-hoc,B00,Điểm thi THPT,2022,19.0,Kỹ thuật hình ảnh y học
72993,DVT,ky-thuat-hinh-anh-y-hoc,A00,Điểm học bạ,2023,19.0,Kỹ thuật hinh ảnh y học
72994,DVT,ky-thuat-hinh-anh-y-hoc,B00,Điểm học bạ,2023,19.0,Kỹ thuật hinh ảnh y học
72995,DVT,ky-thuat-hinh-anh-y-hoc,A00,Điểm thi THPT,2023,19.0,Kỹ thuật hinh ảnh y học
72996,DVT,ky-thuat-hinh-anh-y-hoc,B00,Điểm thi THPT,2023,19.0,Kỹ thuật hinh ảnh y học
72997,DVT,ky-thuat-hinh-anh-y-hoc,A00,Điểm học bạ,2024,19.0,Kỹ thuật hình ảnh y học
72998,DVT,ky-thuat-hinh-anh-y-hoc,B00,Điểm học bạ,2024,19.0,Kỹ thuật hình ảnh y học
72999,DVT,ky-thuat-hinh-anh-y-hoc,A00,Điểm thi THPT,2024,19.0,Kỹ thuật hình ảnh y học
73000,DVT,ky-thuat-hinh-anh-y-hoc,B00,Điểm thi THPT,2024,19.0,Kỹ thuật hình ảnh y học
73001,DVT,ky-thuat-hinh-anh-y-hoc,A00,Điểm học bạ,2025,24.0,Kỹ thuật hình ảnh y học
73002,DVT,ky-thuat-hinh-anh-y-hoc,B00,Điểm học bạ,2025,23.48,Kỹ thuật hình ảnh y học
73003,DVT,ky-thuat-hinh-anh-y-hoc,A00,Điểm thi THPT,2025,17.25,Kỹ thuật hình ảnh y học
73004,DVT,ky-thuat-hinh-anh-y-hoc,B00,Điểm thi THPT,2025,17.25,Kỹ thuật hình ảnh y học
73005,DVT,ky-thuat-moi-truong,A01,Điểm học bạ,2021,18.0,Kỹ thuật môi trường
73006,DVT,ky-thuat-moi-truong,A02,Điểm học bạ,2021,18.0,Kỹ thuật môi trường
73007,DVT,ky-thuat-moi-truong,B00,Điểm học bạ,2021,18.0,Kỹ thuật môi trường
73008,DVT,ky-thuat-moi-truong,B08,Điểm học bạ,2021,18.0,Kỹ thuật môi trường
73009,DVT,ky-thuat-moi-truong,A01,Điểm thi THPT,2021,15.0,Kỹ thuật môi trường
73010,DVT,ky-thuat-moi-truong,A02,Điểm thi THPT,2021,15.0,Kỹ thuật môi trường
73011,DVT,ky-thuat-moi-truong,B00,Điểm thi THPT,2021,15.0,Kỹ thuật môi trường
73012,DVT,ky-thuat-moi-truong,B08,Điểm thi THPT,2021,15.0,Kỹ thuật môi trường
73013,DVT,ky-thuat-moi-truong,A01,Điểm học bạ,2022,18.0,Kỹ thuật môi trường
73014,DVT,ky-thuat-moi-truong,A02,Điểm học bạ,2022,18.0,Kỹ thuật môi trường
73015,DVT,ky-thuat-moi-truong,B00,Điểm học bạ,2022,18.0,Kỹ thuật môi trường
73016,DVT,ky-thuat-moi-truong,B08,Điểm học bạ,2022,18.0,Kỹ thuật môi trường
73017,DVT,ky-thuat-moi-truong,A01,Điểm thi THPT,2022,15.0,Kỹ thuật môi trường
73018,DVT,ky-thuat-moi-truong,A02,Điểm thi THPT,2022,15.0,Kỹ thuật môi trường
73019,DVT,ky-thuat-moi-truong,B00,Điểm thi THPT,2022,15.0,Kỹ thuật môi trường
73020,DVT,ky-thuat-moi-truong,B08,Điểm thi THPT,2022,15.0,Kỹ thuật môi trường
73021,DVT,ky-thuat-moi-truong,A01,Điểm học bạ,2023,18.0,Kỹ thuật môi trường
73022,DVT,ky-thuat-moi-truong,A02,Điểm học bạ,2023,18.0,Kỹ thuật môi trường
73023,DVT,ky-thuat-moi-truong,B00,Điểm học bạ,2023,18.0,Kỹ thuật môi trường
73024,DVT,ky-thuat-moi-truong,B08,Điểm học bạ,2023,18.0,Kỹ thuật môi trường
73025,DVT,ky-thuat-moi-truong,A01,Điểm thi THPT,2023,15.0,Kỹ thuật môi trường
73026,DVT,ky-thuat-moi-truong,A02,Điểm thi THPT,2023,15.0,Kỹ thuật môi trường
73027,DVT,ky-thuat-moi-truong,B00,Điểm thi THPT,2023,15.0,Kỹ thuật môi trường
73028,DVT,ky-thuat-moi-truong,B08,Điểm thi THPT,2023,15.0,Kỹ thuật môi trường
73029,DVT,ky-thuat-moi-truong,A01,Điểm học bạ,2024,18.0,Kỹ thuật môi trường
73030,DVT,ky-thuat-moi-truong,A02,Điểm học bạ,2024,18.0,Kỹ thuật môi trường
73031,DVT,ky-thuat-moi-truong,B00,Điểm học bạ,2024,18.0,Kỹ thuật môi trường
73032,DVT,ky-thuat-moi-truong,B08,Điểm học bạ,2024,18.0,Kỹ thuật môi trường
73033,DVT,ky-thuat-moi-truong,A01,Điểm thi THPT,2024,15.0,Kỹ thuật môi trường
73034,DVT,ky-thuat-moi-truong,A02,Điểm thi THPT,2024,15.0,Kỹ thuật môi trường
73035,DVT,ky-thuat-moi-truong,B00,Điểm thi THPT,2024,15.0,Kỹ thuật môi trường
73036,DVT,ky-thuat-moi-truong,B08,Điểm thi THPT,2024,15.0,Kỹ thuật môi trường
73037,DVT,ky-thuat-moi-truong,A01,Điểm học bạ,2025,18.25,Kỹ thuật môi trường
73038,DVT,ky-thuat-moi-truong,A02,Điểm học bạ,2025,18.35,Kỹ thuật môi trường
73039,DVT,ky-thuat-moi-truong,B00,Điểm học bạ,2025,18.0,Kỹ thuật môi trường
73040,DVT,ky-thuat-moi-truong,B08,Điểm học bạ,2025,18.33,Kỹ thuật môi trường
73041,DVT,ky-thuat-moi-truong,X06,Điểm học bạ,2025,18.0,Kỹ thuật môi trường
73042,DVT,ky-thuat-moi-truong,X10,Điểm học bạ,2025,18.0,Kỹ thuật môi trường
73043,DVT,ky-thuat-moi-truong,X14,Điểm học bạ,2025,18.1,Kỹ thuật môi trường
73044,DVT,ky-thuat-moi-truong,A01,Điểm thi THPT,2025,14.0,Kỹ thuật môi trường
73045,DVT,ky-thuat-moi-truong,A02,Điểm thi THPT,2025,14.0,Kỹ thuật môi trường
73046,DVT,ky-thuat-moi-truong,B00,Điểm thi THPT,2025,14.0,Kỹ thuật môi trường
73047,DVT,ky-thuat-moi-truong,B08,Điểm thi THPT,2025,14.0,Kỹ thuật môi trường
73048,DVT,ky-thuat-moi-truong,X06,Điểm thi THPT,2025,14.0,Kỹ thuật môi trường
73049,DVT,ky-thuat-moi-truong,X10,Điểm thi THPT,2025,14.0,Kỹ thuật môi trường
73050,DVT,ky-thuat-moi-truong,X14,Điểm thi THPT,2025,14.0,Kỹ thuật môi trường
73051,DVT,ky-thuat-phuc-hoi-chuc-nang,A00,Điểm học bạ,2021,18.0,Kỹ thuật phục hồi chức năng
73052,DVT,ky-thuat-phuc-hoi-chuc-nang,B00,Điểm học bạ,2021,18.0,Kỹ thuật phục hồi chức năng
73053,DVT,ky-thuat-phuc-hoi-chuc-nang,A00,Điểm thi THPT,2021,19.0,Kỹ thuật phục hồi chức năng
73054,DVT,ky-thuat-phuc-hoi-chuc-nang,B00,Điểm thi THPT,2021,19.0,Kỹ thuật phục hồi chức năng
73055,DVT,ky-thuat-phuc-hoi-chuc-nang,A00,Điểm học bạ,2022,18.0,Kỹ thuật phục hồi chức năng
73056,DVT,ky-thuat-phuc-hoi-chuc-nang,B00,Điểm học bạ,2022,18.0,Kỹ thuật phục hồi chức năng
73057,DVT,ky-thuat-phuc-hoi-chuc-nang,A00,Điểm thi THPT,2022,19.0,Kỹ thuật phục hồi chức năng
73058,DVT,ky-thuat-phuc-hoi-chuc-nang,B00,Điểm thi THPT,2022,19.0,Kỹ thuật phục hồi chức năng
73059,DVT,ky-thuat-phuc-hoi-chuc-nang,A00,Điểm học bạ,2023,19.0,Kỹ thuật phục hồi chức năng
73060,DVT,ky-thuat-phuc-hoi-chuc-nang,B00,Điểm học bạ,2023,19.0,Kỹ thuật phục hồi chức năng
73061,DVT,ky-thuat-phuc-hoi-chuc-nang,A00,Điểm thi THPT,2023,19.0,Kỹ thuật phục hồi chức năng
73062,DVT,ky-thuat-phuc-hoi-chuc-nang,B00,Điểm thi THPT,2023,19.0,Kỹ thuật phục hồi chức năng
73063,DVT,ky-thuat-phuc-hoi-chuc-nang,A00,Điểm học bạ,2024,19.0,Kỹ thuật phục hồi chức năng
73064,DVT,ky-thuat-phuc-hoi-chuc-nang,B00,Điểm học bạ,2024,19.0,Kỹ thuật phục hồi chức năng
73065,DVT,ky-thuat-phuc-hoi-chuc-nang,A00,Điểm thi THPT,2024,19.0,Kỹ thuật phục hồi chức năng
73066,DVT,ky-thuat-phuc-hoi-chuc-nang,B00,Điểm thi THPT,2024,19.0,Kỹ thuật phục hồi chức năng
73067,DVT,ky-thuat-phuc-hoi-chuc-nang,A00,Điểm học bạ,2025,23.0,Kỹ thuật phục hồi chức năng
73068,DVT,ky-thuat-phuc-hoi-chuc-nang,B00,Điểm học bạ,2025,22.48,Kỹ thuật phục hồi chức năng
73069,DVT,ky-thuat-phuc-hoi-chuc-nang,A00,Điểm thi THPT,2025,17.25,Kỹ thuật phục hồi chức năng
73070,DVT,ky-thuat-phuc-hoi-chuc-nang,B00,Điểm thi THPT,2025,17.25,Kỹ thuật phục hồi chức năng
73071,DVT,ky-thuat-xay-dung-cong-trinh-giao-thong,A00,Điểm học bạ,2021,18.0,Kỹ thuật xây dựng công trình giao thông
73072,DVT,ky-thuat-xay-dung-cong-trinh-giao-thong,A01,Điểm học bạ,2021,18.0,Kỹ thuật xây dựng công trình giao thông
73073,DVT,ky-thuat-xay-dung-cong-trinh-giao-thong,C01,Điểm học bạ,2021,18.0,Kỹ thuật xây dựng công trình giao thông
73074,DVT,ky-thuat-xay-dung-cong-trinh-giao-thong,D01,Điểm học bạ,2021,18.0,Kỹ thuật xây dựng công trình giao thông
73075,DVT,ky-thuat-xay-dung-cong-trinh-giao-thong,A00,Điểm thi THPT,2021,15.0,Kỹ thuật xây dựng công trình giao thông
73076,DVT,ky-thuat-xay-dung-cong-trinh-giao-thong,A01,Điểm thi THPT,2021,15.0,Kỹ thuật xây dựng công trình giao thông
73077,DVT,ky-thuat-xay-dung-cong-trinh-giao-thong,C01,Điểm thi THPT,2021,15.0,Kỹ thuật xây dựng công trình giao thông
73078,DVT,ky-thuat-xay-dung-cong-trinh-giao-thong,D01,Điểm thi THPT,2021,15.0,Kỹ thuật xây dựng công trình giao thông
73079,DVT,ky-thuat-xay-dung-cong-trinh-giao-thong,A00,Điểm học bạ,2022,18.0,Kỹ thuật xây dựng công trình giao thông
73080,DVT,ky-thuat-xay-dung-cong-trinh-giao-thong,A01,Điểm học bạ,2022,18.0,Kỹ thuật xây dựng công trình giao thông
73081,DVT,ky-thuat-xay-dung-cong-trinh-giao-thong,C01,Điểm học bạ,2022,18.0,Kỹ thuật xây dựng công trình giao thông
73082,DVT,ky-thuat-xay-dung-cong-trinh-giao-thong,D01,Điểm học bạ,2022,18.0,Kỹ thuật xây dựng công trình giao thông
73083,DVT,ky-thuat-xay-dung-cong-trinh-giao-thong,A00,Điểm thi THPT,2022,15.0,Kỹ thuật xây dựng công trình giao thông
73084,DVT,ky-thuat-xay-dung-cong-trinh-giao-thong,A01,Điểm thi THPT,2022,15.0,Kỹ thuật xây dựng công trình giao thông
73085,DVT,ky-thuat-xay-dung-cong-trinh-giao-thong,C01,Điểm thi THPT,2022,15.0,Kỹ thuật xây dựng công trình giao thông
73086,DVT,ky-thuat-xay-dung-cong-trinh-giao-thong,D01,Điểm thi THPT,2022,15.0,Kỹ thuật xây dựng công trình giao thông
73087,DVT,ky-thuat-xay-dung-cong-trinh-giao-thong,A00,Điểm học bạ,2023,18.0,Kỹ thuật xây dựng công trình giao thông
73088,DVT,ky-thuat-xay-dung-cong-trinh-giao-thong,A01,Điểm học bạ,2023,18.0,Kỹ thuật xây dựng công trình giao thông
73089,DVT,ky-thuat-xay-dung-cong-trinh-giao-thong,C01,Điểm học bạ,2023,18.0,Kỹ thuật xây dựng công trình giao thông
73090,DVT,ky-thuat-xay-dung-cong-trinh-giao-thong,D01,Điểm học bạ,2023,18.0,Kỹ thuật xây dựng công trình giao thông
73091,DVT,ky-thuat-xay-dung-cong-trinh-giao-thong,A00,Điểm thi THPT,2023,15.0,Kỹ thuật xây dựng công trình giao thông
73092,DVT,ky-thuat-xay-dung-cong-trinh-giao-thong,A01,Điểm thi THPT,2023,15.0,Kỹ thuật xây dựng công trình giao thông
73093,DVT,ky-thuat-xay-dung-cong-trinh-giao-thong,C01,Điểm thi THPT,2023,15.0,Kỹ thuật xây dựng công trình giao thông
73094,DVT,ky-thuat-xay-dung-cong-trinh-giao-thong,D01,Điểm thi THPT,2023,15.0,Kỹ thuật xây dựng công trình giao thông
73095,DVT,ky-thuat-xay-dung-cong-trinh-giao-thong,A00,Điểm học bạ,2024,18.0,Kỹ thuật xây dựng công trình giao thông
73096,DVT,ky-thuat-xay-dung-cong-trinh-giao-thong,A01,Điểm học bạ,2024,18.0,Kỹ thuật xây dựng công trình giao thông
73097,DVT,ky-thuat-xay-dung-cong-trinh-giao-thong,C01,Điểm học bạ,2024,18.0,Kỹ thuật xây dựng công trình giao thông
73098,DVT,ky-thuat-xay-dung-cong-trinh-giao-thong,D01,Điểm học bạ,2024,18.0,Kỹ thuật xây dựng công trình giao thông
73099,DVT,ky-thuat-xay-dung-cong-trinh-giao-thong,A00,Điểm thi THPT,2024,15.0,Kỹ thuật xây dựng công trình giao thông
73100,DVT,ky-thuat-xay-dung-cong-trinh-giao-thong,A01,Điểm thi THPT,2024,15.0,Kỹ thuật xây dựng công trình giao thông
73101,DVT,ky-thuat-xay-dung-cong-trinh-giao-thong,C01,Điểm thi THPT,2024,15.0,Kỹ thuật xây dựng công trình giao thông
73102,DVT,ky-thuat-xay-dung-cong-trinh-giao-thong,D01,Điểm thi THPT,2024,15.0,Kỹ thuật xây dựng công trình giao thông
73103,DVT,ky-thuat-xay-dung-cong-trinh-giao-thong,A00,Điểm học bạ,2025,19.0,Kỹ thuật xây dựng công trình giao thông
73104,DVT,ky-thuat-xay-dung-cong-trinh-giao-thong,A01,Điểm học bạ,2025,19.25,Kỹ thuật xây dựng công trình giao thông
73105,DVT,ky-thuat-xay-dung-cong-trinh-giao-thong,A03,Điểm học bạ,2025,18.83,Kỹ thuật xây dựng công trình giao thông
73106,DVT,ky-thuat-xay-dung-cong-trinh-giao-thong,A04,Điểm học bạ,2025,18.35,Kỹ thuật xây dựng công trình giao thông
73107,DVT,ky-thuat-xay-dung-cong-trinh-giao-thong,X05,Điểm học bạ,2025,18.45,Kỹ thuật xây dựng công trình giao thông
73108,DVT,ky-thuat-xay-dung-cong-trinh-giao-thong,X06,Điểm học bạ,2025,18.13,Kỹ thuật xây dựng công trình giao thông
73109,DVT,ky-thuat-xay-dung-cong-trinh-giao-thong,X07,Điểm học bạ,2025,18.79,Kỹ thuật xây dựng công trình giao thông
73110,DVT,ky-thuat-xay-dung-cong-trinh-giao-thong,A00,Điểm thi THPT,2025,15.0,Kỹ thuật xây dựng công trình giao thông
73111,DVT,ky-thuat-xay-dung-cong-trinh-giao-thong,A01,Điểm thi THPT,2025,15.0,Kỹ thuật xây dựng công trình giao thông
73112,DVT,ky-thuat-xay-dung-cong-trinh-giao-thong,A03,Điểm thi THPT,2025,15.0,Kỹ thuật xây dựng công trình giao thông
73113,DVT,ky-thuat-xay-dung-cong-trinh-giao-thong,A04,Điểm thi THPT,2025,15.0,Kỹ thuật xây dựng công trình giao thông
73114,DVT,ky-thuat-xay-dung-cong-trinh-giao-thong,X05,Điểm thi THPT,2025,15.0,Kỹ thuật xây dựng công trình giao thông
73115,DVT,ky-thuat-xay-dung-cong-trinh-giao-thong,X06,Điểm thi THPT,2025,15.0,Kỹ thuật xây dựng công trình giao thông
73116,DVT,ky-thuat-xay-dung-cong-trinh-giao-thong,X07,Điểm thi THPT,2025,15.0,Kỹ thuật xây dựng công trình giao thông
73117,DVT,ky-thuat-xet-nghiem-y-hoc,A00,Điểm học bạ,2021,26.65,Kỹ thuật xét nghiệm y học
73118,DVT,ky-thuat-xet-nghiem-y-hoc,B00,Điểm học bạ,2021,26.65,Kỹ thuật xét nghiệm y học
73119,DVT,ky-thuat-xet-nghiem-y-hoc,A00,Điểm thi THPT,2021,22.9,Kỹ thuật xét nghiệm y học
73120,DVT,ky-thuat-xet-nghiem-y-hoc,B00,Điểm thi THPT,2021,22.9,Kỹ thuật xét nghiệm y học
73121,DVT,ky-thuat-xet-nghiem-y-hoc,A00,Điểm học bạ,2022,20.1,Kỹ thuật xét nghiệm y học
73122,DVT,ky-thuat-xet-nghiem-y-hoc,B00,Điểm học bạ,2022,20.1,Kỹ thuật xét nghiệm y học
73123,DVT,ky-thuat-xet-nghiem-y-hoc,A00,Điểm thi THPT,2022,20.0,Kỹ thuật xét nghiệm y học
73124,DVT,ky-thuat-xet-nghiem-y-hoc,B00,Điểm thi THPT,2022,20.0,Kỹ thuật xét nghiệm y học
73125,DVT,ky-thuat-xet-nghiem-y-hoc,A00,Điểm học bạ,2023,24.5,Kỹ thuật xét nghiệm y học
73126,DVT,ky-thuat-xet-nghiem-y-hoc,B00,Điểm học bạ,2023,24.5,Kỹ thuật xét nghiệm y học
73127,DVT,ky-thuat-xet-nghiem-y-hoc,A00,Điểm thi THPT,2023,20.25,Kỹ thuật xét nghiệm y học
73128,DVT,ky-thuat-xet-nghiem-y-hoc,B00,Điểm thi THPT,2023,20.25,Kỹ thuật xét nghiệm y học
73129,DVT,ky-thuat-xet-nghiem-y-hoc,A00,Điểm học bạ,2024,24.0,Kỹ thuật xét nghiệm y học
73130,DVT,ky-thuat-xet-nghiem-y-hoc,B00,Điểm học bạ,2024,24.0,Kỹ thuật xét nghiệm y học
73131,DVT,ky-thuat-xet-nghiem-y-hoc,A00,Điểm thi THPT,2024,19.0,Kỹ thuật xét nghiệm y học
73132,DVT,ky-thuat-xet-nghiem-y-hoc,B00,Điểm thi THPT,2024,19.0,Kỹ thuật xét nghiệm y học
73133,DVT,ky-thuat-xet-nghiem-y-hoc,A00,Điểm học bạ,2025,25.5,Kỹ thuật xét nghiệm y học
73134,DVT,ky-thuat-xet-nghiem-y-hoc,B00,Điểm học bạ,2025,24.98,Kỹ thuật xét nghiệm y học
73135,DVT,ky-thuat-xet-nghiem-y-hoc,A00,Điểm thi THPT,2025,21.5,Kỹ thuật xét nghiệm y học
73136,DVT,ky-thuat-xet-nghiem-y-hoc,B00,Điểm thi THPT,2025,21.5,Kỹ thuật xét nghiệm y học
73137,DVT,logistics-va-quan-ly-chuoi-cung-ung,A00,Điểm học bạ,2023,18.0,Logistics vả quản lý chuỗi cung ứng
73138,DVT,logistics-va-quan-ly-chuoi-cung-ung,C14,Điểm học bạ,2023,18.0,Logistics vả quản lý chuỗi cung ứng
73139,DVT,logistics-va-quan-ly-chuoi-cung-ung,D01,Điểm học bạ,2023,18.0,Logistics vả quản lý chuỗi cung ứng
73140,DVT,logistics-va-quan-ly-chuoi-cung-ung,D84,Điểm học bạ,2023,18.0,Logistics vả quản lý chuỗi cung ứng
73141,DVT,logistics-va-quan-ly-chuoi-cung-ung,A00,Điểm thi THPT,2023,17.0,Logistics vả quản lý chuỗi cung ứng
73142,DVT,logistics-va-quan-ly-chuoi-cung-ung,C14,Điểm thi THPT,2023,17.0,Logistics vả quản lý chuỗi cung ứng
73143,DVT,logistics-va-quan-ly-chuoi-cung-ung,D01,Điểm thi THPT,2023,17.0,Logistics vả quản lý chuỗi cung ứng
73144,DVT,logistics-va-quan-ly-chuoi-cung-ung,D84,Điểm thi THPT,2023,17.0,Logistics vả quản lý chuỗi cung ứng
73145,DVT,logistics-va-quan-ly-chuoi-cung-ung,A00,Điểm học bạ,2024,23.0,Logistics và quản lý chuỗi cung ứng
73146,DVT,logistics-va-quan-ly-chuoi-cung-ung,C14,Điểm học bạ,2024,23.0,Logistics và quản lý chuỗi cung ứng
73147,DVT,logistics-va-quan-ly-chuoi-cung-ung,D01,Điểm học bạ,2024,23.0,Logistics và quản lý chuỗi cung ứng
73148,DVT,logistics-va-quan-ly-chuoi-cung-ung,D84,Điểm học bạ,2024,23.0,Logistics và quản lý chuỗi cung ứng
73149,DVT,logistics-va-quan-ly-chuoi-cung-ung,A00,Điểm thi THPT,2024,18.0,Logistics và quản lý chuỗi cung ứng
73150,DVT,logistics-va-quan-ly-chuoi-cung-ung,C14,Điểm thi THPT,2024,18.0,Logistics và quản lý chuỗi cung ứng
73151,DVT,logistics-va-quan-ly-chuoi-cung-ung,D01,Điểm thi THPT,2024,18.0,Logistics và quản lý chuỗi cung ứng
73152,DVT,logistics-va-quan-ly-chuoi-cung-ung,D84,Điểm thi THPT,2024,18.0,Logistics và quản lý chuỗi cung ứng
73153,DVT,logistics-va-quan-ly-chuoi-cung-ung,A00,Điểm học bạ,2025,24.5,Logistics và Quản lý chuỗi cung ứng
73154,DVT,logistics-va-quan-ly-chuoi-cung-ung,C14,Điểm học bạ,2025,22.68,Logistics và Quản lý chuỗi cung ứng
73155,DVT,logistics-va-quan-ly-chuoi-cung-ung,D01,Điểm học bạ,2025,23.95,Logistics và Quản lý chuỗi cung ứng
73156,DVT,logistics-va-quan-ly-chuoi-cung-ung,D84,Điểm học bạ,2025,24.18,Logistics và Quản lý chuỗi cung ứng
73157,DVT,logistics-va-quan-ly-chuoi-cung-ung,X03,Điểm học bạ,2025,22.85,Logistics và Quản lý chuỗi cung ứng
73158,DVT,logistics-va-quan-ly-chuoi-cung-ung,X23,Điểm học bạ,2025,23.2,Logistics và Quản lý chuỗi cung ứng
73159,DVT,logistics-va-quan-ly-chuoi-cung-ung,X26,Điểm học bạ,2025,24.64,Logistics và Quản lý chuỗi cung ứng
73160,DVT,logistics-va-quan-ly-chuoi-cung-ung,A00,Điểm thi THPT,2025,19.25,Logistics và Quản lý chuỗi cung ứng
73161,DVT,logistics-va-quan-ly-chuoi-cung-ung,C14,Điểm thi THPT,2025,19.25,Logistics và Quản lý chuỗi cung ứng
73162,DVT,logistics-va-quan-ly-chuoi-cung-ung,D01,Điểm thi THPT,2025,19.25,Logistics và Quản lý chuỗi cung ứng
73163,DVT,logistics-va-quan-ly-chuoi-cung-ung,D84,Điểm thi THPT,2025,19.25,Logistics và Quản lý chuỗi cung ứng
73164,DVT,logistics-va-quan-ly-chuoi-cung-ung,X03,Điểm thi THPT,2025,19.25,Logistics và Quản lý chuỗi cung ứng
73165,DVT,logistics-va-quan-ly-chuoi-cung-ung,X23,Điểm thi THPT,2025,19.25,Logistics và Quản lý chuỗi cung ứng
73166,DVT,logistics-va-quan-ly-chuoi-cung-ung,X26,Điểm thi THPT,2025,19.25,Logistics và Quản lý chuỗi cung ứng
73167,DVT,luat,A00,Điểm học bạ,2021,18.0,Luật
73168,DVT,luat,A01,Điểm học bạ,2021,18.0,Luật
73169,DVT,luat,C00,Điểm học bạ,2021,18.0,Luật
73170,DVT,luat,D01,Điểm học bạ,2021,18.0,Luật
73171,DVT,luat,A00,Điểm thi THPT,2021,15.0,Luật
73172,DVT,luat,A01,Điểm thi THPT,2021,15.0,Luật
73173,DVT,luat,C00,Điểm thi THPT,2021,15.0,Luật
73174,DVT,luat,D01,Điểm thi THPT,2021,15.0,Luật
73175,DVT,luat,A00,Điểm học bạ,2022,18.0,Luật
73176,DVT,luat,A01,Điểm học bạ,2022,18.0,Luật
73177,DVT,luat,C00,Điểm học bạ,2022,18.0,Luật
73178,DVT,luat,D01,Điểm học bạ,2022,18.0,Luật
73179,DVT,luat,A00,Điểm thi THPT,2022,15.0,Luật
73180,DVT,luat,A01,Điểm thi THPT,2022,15.0,Luật
73181,DVT,luat,C00,Điểm thi THPT,2022,15.0,Luật
73182,DVT,luat,D01,Điểm thi THPT,2022,15.0,Luật
73183,DVT,luat,A00,Điểm học bạ,2023,18.0,Luật
73184,DVT,luat,A01,Điểm học bạ,2023,18.0,Luật
73185,DVT,luat,C00,Điểm học bạ,2023,18.0,Luật
73186,DVT,luat,D01,Điểm học bạ,2023,18.0,Luật
73187,DVT,luat,A00,Điểm thi THPT,2023,15.0,Luật
73188,DVT,luat,A01,Điểm thi THPT,2023,15.0,Luật
73189,DVT,luat,C00,Điểm thi THPT,2023,15.0,Luật
73190,DVT,luat,D01,Điểm thi THPT,2023,15.0,Luật
73191,DVT,luat,A00,Điểm học bạ,2024,18.0,"Luật (Luật dân sự, Luật thương mại và Luật hình sự)"
73192,DVT,luat,A01,Điểm học bạ,2024,18.0,"Luật (Luật dân sự, Luật thương mại và Luật hình sự)"
73193,DVT,luat,C01,Điểm học bạ,2024,18.0,"Luật (Luật dân sự, Luật thương mại và Luật hình sự)"
73194,DVT,luat,D01,Điểm học bạ,2024,18.0,"Luật (Luật dân sự, Luật thương mại và Luật hình sự)"
73195,DVT,luat,A00,Điểm thi THPT,2024,15.0,"Luật (Luật dân sự, Luật thương mại và Luật hình sự)"
73196,DVT,luat,A01,Điểm thi THPT,2024,15.0,"Luật (Luật dân sự, Luật thương mại và Luật hình sự)"
73197,DVT,luat,C01,Điểm thi THPT,2024,15.0,"Luật (Luật dân sự, Luật thương mại và Luật hình sự)"
73198,DVT,luat,D01,Điểm thi THPT,2024,15.0,"Luật (Luật dân sự, Luật thương mại và Luật hình sự)"
73199,DVT,luat,A00,Điểm học bạ,2025,20.77,Luật
73200,DVT,luat,A01,Điểm học bạ,2025,21.02,Luật
73201,DVT,luat,C00,Điểm học bạ,2025,18.25,Luật
73202,DVT,luat,D01,Điểm học bạ,2025,20.22,Luật
73203,DVT,luat,X25,Điểm học bạ,2025,20.45,Luật
73204,DVT,luat,X70,Điểm học bạ,2025,18.0,Luật
73205,DVT,luat,X78,Điểm học bạ,2025,18.95,Luật
73206,DVT,luat,A00,Điểm thi THPT,2025,16.77,Luật
73207,DVT,luat,A01,Điểm thi THPT,2025,16.77,Luật
73208,DVT,luat,C00,Điểm thi THPT,2025,16.77,Luật
73209,DVT,luat,D01,Điểm thi THPT,2025,16.77,Luật
73210,DVT,luat,X25,Điểm thi THPT,2025,16.77,Luật
73211,DVT,luat,X70,Điểm thi THPT,2025,16.77,Luật
73212,DVT,luat,X78,Điểm thi THPT,2025,16.77,Luật
73213,DVT,ngon-ngu-anh,D01,Điểm học bạ,2021,18.95,Ngôn ngữ Anh
73214,DVT,ngon-ngu-anh,D09,Điểm học bạ,2021,18.95,Ngôn ngữ Anh
73215,DVT,ngon-ngu-anh,D14,Điểm học bạ,2021,18.95,Ngôn ngữ Anh
73216,DVT,ngon-ngu-anh,D01,Điểm thi THPT,2021,15.0,Ngôn ngữ Anh
73217,DVT,ngon-ngu-anh,D09,Điểm thi THPT,2021,15.0,Ngôn ngữ Anh
73218,DVT,ngon-ngu-anh,D14,Điểm thi THPT,2021,15.0,Ngôn ngữ Anh
73219,DVT,ngon-ngu-anh,D01,Điểm học bạ,2022,18.0,Ngôn ngữ Anh
73220,DVT,ngon-ngu-anh,D09,Điểm học bạ,2022,18.0,Ngôn ngữ Anh
73221,DVT,ngon-ngu-anh,D14,Điểm học bạ,2022,18.0,Ngôn ngữ Anh
73222,DVT,ngon-ngu-anh,D01,Điểm thi THPT,2022,15.0,Ngôn ngữ Anh
73223,DVT,ngon-ngu-anh,D09,Điểm thi THPT,2022,15.0,Ngôn ngữ Anh
73224,DVT,ngon-ngu-anh,D14,Điểm thi THPT,2022,15.0,Ngôn ngữ Anh
73225,DVT,ngon-ngu-anh,D01,Điểm học bạ,2023,18.0,Ngôn ngữ Anh
73226,DVT,ngon-ngu-anh,D09,Điểm học bạ,2023,18.0,Ngôn ngữ Anh
73227,DVT,ngon-ngu-anh,D14,Điểm học bạ,2023,18.0,Ngôn ngữ Anh
73228,DVT,ngon-ngu-anh,D01,Điểm thi THPT,2023,15.0,Ngôn ngữ Anh
73229,DVT,ngon-ngu-anh,D09,Điểm thi THPT,2023,15.0,Ngôn ngữ Anh
73230,DVT,ngon-ngu-anh,D14,Điểm thi THPT,2023,15.0,Ngôn ngữ Anh
73231,DVT,ngon-ngu-anh,D01,Điểm học bạ,2024,18.0,Ngôn ngữ Anh
73232,DVT,ngon-ngu-anh,D09,Điểm học bạ,2024,18.0,Ngôn ngữ Anh
73233,DVT,ngon-ngu-anh,D14,Điểm học bạ,2024,18.0,Ngôn ngữ Anh
73234,DVT,ngon-ngu-anh,D01,Điểm thi THPT,2024,15.0,Ngôn ngữ Anh
73235,DVT,ngon-ngu-anh,D09,Điểm thi THPT,2024,15.0,Ngôn ngữ Anh
73236,DVT,ngon-ngu-anh,D14,Điểm thi THPT,2024,15.0,Ngôn ngữ Anh
73237,DVT,ngon-ngu-anh,D01,Điểm học bạ,2025,18.45,Ngôn ngữ Anh
73238,DVT,ngon-ngu-anh,D09,Điểm học bạ,2025,19.13,Ngôn ngữ Anh
73239,DVT,ngon-ngu-anh,D10,Điểm học bạ,2025,18.88,Ngôn ngữ Anh
73240,DVT,ngon-ngu-anh,D14,Điểm học bạ,2025,18.0,Ngôn ngữ Anh
73241,DVT,ngon-ngu-anh,D15,Điểm học bạ,2025,18.0,Ngôn ngữ Anh
73242,DVT,ngon-ngu-anh,X26,Điểm học bạ,2025,19.14,Ngôn ngữ Anh
73243,DVT,ngon-ngu-anh,X78,Điểm học bạ,2025,18.0,Ngôn ngữ Anh
73244,DVT,ngon-ngu-anh,D01,Điểm thi THPT,2025,15.0,Ngôn ngữ Anh
73245,DVT,ngon-ngu-anh,D09,Điểm thi THPT,2025,15.0,Ngôn ngữ Anh
73246,DVT,ngon-ngu-anh,D10,Điểm thi THPT,2025,15.0,Ngôn ngữ Anh
73247,DVT,ngon-ngu-anh,D14,Điểm thi THPT,2025,15.0,Ngôn ngữ Anh
73248,DVT,ngon-ngu-anh,D15,Điểm thi THPT,2025,15.0,Ngôn ngữ Anh
73249,DVT,ngon-ngu-anh,X26,Điểm thi THPT,2025,15.0,Ngôn ngữ Anh
73250,DVT,ngon-ngu-anh,X78,Điểm thi THPT,2025,15.0,Ngôn ngữ Anh
73251,DVT,ngon-ngu-khmer,C00,Điểm học bạ,2021,18.0,Ngôn ngữ Khmer
73252,DVT,ngon-ngu-khmer,D01,Điểm học bạ,2021,18.0,Ngôn ngữ Khmer
73253,DVT,ngon-ngu-khmer,D14,Điểm học bạ,2021,18.0,Ngôn ngữ Khmer
73254,DVT,ngon-ngu-khmer,C00,Điểm thi THPT,2021,15.0,Ngôn ngữ Khmer
73255,DVT,ngon-ngu-khmer,D01,Điểm thi THPT,2021,15.0,Ngôn ngữ Khmer
73256,DVT,ngon-ngu-khmer,D14,Điểm thi THPT,2021,15.0,Ngôn ngữ Khmer
73257,DVT,ngon-ngu-khmer,C00,Điểm học bạ,2022,18.0,Ngôn ngữ Khmer
73258,DVT,ngon-ngu-khmer,D01,Điểm học bạ,2022,18.0,Ngôn ngữ Khmer
73259,DVT,ngon-ngu-khmer,D14,Điểm học bạ,2022,18.0,Ngôn ngữ Khmer
73260,DVT,ngon-ngu-khmer,C00,Điểm thi THPT,2022,15.0,Ngôn ngữ Khmer
73261,DVT,ngon-ngu-khmer,D01,Điểm thi THPT,2022,15.0,Ngôn ngữ Khmer
73262,DVT,ngon-ngu-khmer,D14,Điểm thi THPT,2022,15.0,Ngôn ngữ Khmer
73263,DVT,ngon-ngu-khmer,C00,Điểm học bạ,2023,18.0,Ngôn ngữ Khmer
73264,DVT,ngon-ngu-khmer,D01,Điểm học bạ,2023,18.0,Ngôn ngữ Khmer
73265,DVT,ngon-ngu-khmer,D14,Điểm học bạ,2023,18.0,Ngôn ngữ Khmer
73266,DVT,ngon-ngu-khmer,C00,Điểm thi THPT,2023,15.0,Ngôn ngữ Khmer
73267,DVT,ngon-ngu-khmer,D01,Điểm thi THPT,2023,15.0,Ngôn ngữ Khmer
73268,DVT,ngon-ngu-khmer,D14,Điểm thi THPT,2023,15.0,Ngôn ngữ Khmer
73269,DVT,ngon-ngu-khmer,C00,Điểm học bạ,2024,18.0,Ngôn ngữ Khmer
73270,DVT,ngon-ngu-khmer,D01,Điểm học bạ,2024,18.0,Ngôn ngữ Khmer
73271,DVT,ngon-ngu-khmer,D14,Điểm học bạ,2024,18.0,Ngôn ngữ Khmer
73272,DVT,ngon-ngu-khmer,C00,Điểm thi THPT,2024,15.0,Ngôn ngữ Khmer
73273,DVT,ngon-ngu-khmer,D01,Điểm thi THPT,2024,15.0,Ngôn ngữ Khmer
73274,DVT,ngon-ngu-khmer,D14,Điểm thi THPT,2024,15.0,Ngôn ngữ Khmer
73275,DVT,ngon-ngu-khmer,C00,Điểm học bạ,2025,18.0,Ngôn ngữ Khmer
73276,DVT,ngon-ngu-khmer,D01,Điểm học bạ,2025,18.45,Ngôn ngữ Khmer
73277,DVT,ngon-ngu-khmer,D14,Điểm học bạ,2025,18.0,Ngôn ngữ Khmer
73278,DVT,ngon-ngu-khmer,X01,Điểm học bạ,2025,18.0,Ngôn ngữ Khmer
73279,DVT,ngon-ngu-khmer,X70,Điểm học bạ,2025,18.0,Ngôn ngữ Khmer
73280,DVT,ngon-ngu-khmer,X75,Điểm học bạ,2025,18.0,Ngôn ngữ Khmer
73281,DVT,ngon-ngu-khmer,X79,Điểm học bạ,2025,19.01,Ngôn ngữ Khmer
73282,DVT,ngon-ngu-khmer,C00,Điểm thi THPT,2025,15.0,Ngôn ngữ Khmer
73283,DVT,ngon-ngu-khmer,D01,Điểm thi THPT,2025,15.0,Ngôn ngữ Khmer
73284,DVT,ngon-ngu-khmer,D14,Điểm thi THPT,2025,15.0,Ngôn ngữ Khmer
73285,DVT,ngon-ngu-khmer,X01,Điểm thi THPT,2025,15.0,Ngôn ngữ Khmer
73286,DVT,ngon-ngu-khmer,X70,Điểm thi THPT,2025,15.0,Ngôn ngữ Khmer
73287,DVT,ngon-ngu-khmer,X75,Điểm thi THPT,2025,15.0,Ngôn ngữ Khmer
73288,DVT,ngon-ngu-khmer,X79,Điểm thi THPT,2025,15.0,Ngôn ngữ Khmer
73289,DVT,ngon-ngu-trung-quoc,D01,Điểm học bạ,2021,24.55,Ngôn ngữ Trung Quốc
73290,DVT,ngon-ngu-trung-quoc,D09,Điểm học bạ,2021,24.55,Ngôn ngữ Trung Quốc
73291,DVT,ngon-ngu-trung-quoc,D14,Điểm học bạ,2021,24.55,Ngôn ngữ Trung Quốc
73292,DVT,ngon-ngu-trung-quoc,D01,Điểm thi THPT,2021,15.0,Ngôn ngữ Trung Quốc
73293,DVT,ngon-ngu-trung-quoc,D09,Điểm thi THPT,2021,15.0,Ngôn ngữ Trung Quốc
73294,DVT,ngon-ngu-trung-quoc,D14,Điểm thi THPT,2021,15.0,Ngôn ngữ Trung Quốc
73295,DVT,ngon-ngu-trung-quoc,D01,Điểm học bạ,2022,19.55,Ngôn ngữ Trung Quốc
73296,DVT,ngon-ngu-trung-quoc,D09,Điểm học bạ,2022,19.55,Ngôn ngữ Trung Quốc
73297,DVT,ngon-ngu-trung-quoc,D14,Điểm học bạ,2022,19.55,Ngôn ngữ Trung Quốc
73298,DVT,ngon-ngu-trung-quoc,D01,Điểm thi THPT,2022,15.0,Ngôn ngữ Trung Quốc
73299,DVT,ngon-ngu-trung-quoc,D09,Điểm thi THPT,2022,15.0,Ngôn ngữ Trung Quốc
73300,DVT,ngon-ngu-trung-quoc,D14,Điểm thi THPT,2022,15.0,Ngôn ngữ Trung Quốc
73301,DVT,ngon-ngu-trung-quoc,D01,Điểm học bạ,2023,23.0,Ngôn ngữ Trung Quốc
73302,DVT,ngon-ngu-trung-quoc,D09,Điểm học bạ,2023,23.0,Ngôn ngữ Trung Quốc
73303,DVT,ngon-ngu-trung-quoc,D14,Điểm học bạ,2023,23.0,Ngôn ngữ Trung Quốc
73304,DVT,ngon-ngu-trung-quoc,D01,Điểm thi THPT,2023,18.0,Ngôn ngữ Trung Quốc
73305,DVT,ngon-ngu-trung-quoc,D09,Điểm thi THPT,2023,18.0,Ngôn ngữ Trung Quốc
73306,DVT,ngon-ngu-trung-quoc,D14,Điểm thi THPT,2023,18.0,Ngôn ngữ Trung Quốc
73307,DVT,ngon-ngu-trung-quoc,D01,Điểm học bạ,2024,22.0,Ngôn ngữ Trung Quốc
73308,DVT,ngon-ngu-trung-quoc,D09,Điểm học bạ,2024,22.0,Ngôn ngữ Trung Quốc
73309,DVT,ngon-ngu-trung-quoc,D14,Điểm học bạ,2024,22.0,Ngôn ngữ Trung Quốc
73310,DVT,ngon-ngu-trung-quoc,D01,Điểm thi THPT,2024,18.25,Ngôn ngữ Trung Quốc
73311,DVT,ngon-ngu-trung-quoc,D09,Điểm thi THPT,2024,18.25,Ngôn ngữ Trung Quốc
73312,DVT,ngon-ngu-trung-quoc,D14,Điểm thi THPT,2024,18.25,Ngôn ngữ Trung Quốc
73313,DVT,ngon-ngu-trung-quoc,D01,Điểm học bạ,2025,25.95,Ngôn ngữ Trung Quốc
73314,DVT,ngon-ngu-trung-quoc,D04,Điểm học bạ,2025,25.61,Ngôn ngữ Trung Quốc
73315,DVT,ngon-ngu-trung-quoc,D14,Điểm học bạ,2025,25.03,Ngôn ngữ Trung Quốc
73316,DVT,ngon-ngu-trung-quoc,D15,Điểm học bạ,2025,25.03,Ngôn ngữ Trung Quốc
73317,DVT,ngon-ngu-trung-quoc,X78,Điểm học bạ,2025,24.68,Ngôn ngữ Trung Quốc
73318,DVT,ngon-ngu-trung-quoc,X79,Điểm học bạ,2025,26.51,Ngôn ngữ Trung Quốc
73319,DVT,ngon-ngu-trung-quoc,X91,Điểm học bạ,2025,24.51,Ngôn ngữ Trung Quốc
73320,DVT,ngon-ngu-trung-quoc,D01,Điểm thi THPT,2025,22.5,Ngôn ngữ Trung Quốc
73321,DVT,ngon-ngu-trung-quoc,D04,Điểm thi THPT,2025,22.5,Ngôn ngữ Trung Quốc
73322,DVT,ngon-ngu-trung-quoc,D14,Điểm thi THPT,2025,22.5,Ngôn ngữ Trung Quốc
73323,DVT,ngon-ngu-trung-quoc,D15,Điểm thi THPT,2025,22.5,Ngôn ngữ Trung Quốc
73324,DVT,ngon-ngu-trung-quoc,X78,Điểm thi THPT,2025,22.5,Ngôn ngữ Trung Quốc
73325,DVT,ngon-ngu-trung-quoc,X79,Điểm thi THPT,2025,22.5,Ngôn ngữ Trung Quốc
73326,DVT,ngon-ngu-trung-quoc,X91,Điểm thi THPT,2025,22.5,Ngôn ngữ Trung Quốc
73327,DVT,nong-nghiep,A02,Điểm học bạ,2021,18.0,Nông nghiệp
73328,DVT,nong-nghiep,B00,Điểm học bạ,2021,18.0,Nông nghiệp
73329,DVT,nong-nghiep,B08,Điểm học bạ,2021,18.0,Nông nghiệp
73330,DVT,nong-nghiep,D90,Điểm học bạ,2021,18.0,Nông nghiệp
73331,DVT,nong-nghiep,A02,Điểm thi THPT,2021,15.0,Nông nghiệp
73332,DVT,nong-nghiep,B00,Điểm thi THPT,2021,15.0,Nông nghiệp
73333,DVT,nong-nghiep,B08,Điểm thi THPT,2021,15.0,Nông nghiệp
73334,DVT,nong-nghiep,D90,Điểm thi THPT,2021,15.0,Nông nghiệp
73335,DVT,nong-nghiep,A02,Điểm học bạ,2022,18.0,Nông nghiệp
73336,DVT,nong-nghiep,B00,Điểm học bạ,2022,18.0,Nông nghiệp
73337,DVT,nong-nghiep,B08,Điểm học bạ,2022,18.0,Nông nghiệp
73338,DVT,nong-nghiep,D90,Điểm học bạ,2022,18.0,Nông nghiệp
73339,DVT,nong-nghiep,A02,Điểm thi THPT,2022,15.0,Nông nghiệp
73340,DVT,nong-nghiep,B00,Điểm thi THPT,2022,15.0,Nông nghiệp
73341,DVT,nong-nghiep,B08,Điểm thi THPT,2022,15.0,Nông nghiệp
73342,DVT,nong-nghiep,D90,Điểm thi THPT,2022,15.0,Nông nghiệp
73343,DVT,nong-nghiep,A02,Điểm học bạ,2023,18.0,Nông nghiệp
73344,DVT,nong-nghiep,B00,Điểm học bạ,2023,18.0,Nông nghiệp
73345,DVT,nong-nghiep,B08,Điểm học bạ,2023,18.0,Nông nghiệp
73346,DVT,nong-nghiep,D90,Điểm học bạ,2023,18.0,Nông nghiệp
73347,DVT,nong-nghiep,A02,Điểm thi THPT,2023,15.0,Nông nghiệp
73348,DVT,nong-nghiep,B00,Điểm thi THPT,2023,15.0,Nông nghiệp
73349,DVT,nong-nghiep,B08,Điểm thi THPT,2023,15.0,Nông nghiệp
73350,DVT,nong-nghiep,D90,Điểm thi THPT,2023,15.0,Nông nghiệp
73351,DVT,nong-nghiep,A00,Điểm học bạ,2024,18.0,Nông nghiệp
73352,DVT,nong-nghiep,B00,Điểm học bạ,2024,18.0,Nông nghiệp
73353,DVT,nong-nghiep,B08,Điểm học bạ,2024,18.0,Nông nghiệp
73354,DVT,nong-nghiep,D90,Điểm học bạ,2024,18.0,Nông nghiệp
73355,DVT,nong-nghiep,A00,Điểm thi THPT,2024,15.0,Nông nghiệp
73356,DVT,nong-nghiep,B00,Điểm thi THPT,2024,15.0,Nông nghiệp
73357,DVT,nong-nghiep,B08,Điểm thi THPT,2024,15.0,Nông nghiệp
73358,DVT,nong-nghiep,D90,Điểm thi THPT,2024,15.0,Nông nghiệp
73359,DVT,nong-nghiep,A02,Điểm học bạ,2025,18.35,Nông nghiệp
73360,DVT,nong-nghiep,B00,Điểm học bạ,2025,18.0,Nông nghiệp
73361,DVT,nong-nghiep,B08,Điểm học bạ,2025,18.33,Nông nghiệp
73362,DVT,nong-nghiep,X12,Điểm học bạ,2025,18.0,Nông nghiệp
73363,DVT,nong-nghiep,X14,Điểm học bạ,2025,18.1,Nông nghiệp
73364,DVT,nong-nghiep,X16,Điểm học bạ,2025,18.0,Nông nghiệp
73365,DVT,nong-nghiep,X28,Điểm học bạ,2025,18.15,Nông nghiệp
73366,DVT,nong-nghiep,A02,Điểm thi THPT,2025,14.0,Nông nghiệp
73367,DVT,nong-nghiep,B00,Điểm thi THPT,2025,14.0,Nông nghiệp
73368,DVT,nong-nghiep,B08,Điểm thi THPT,2025,14.0,Nông nghiệp
73369,DVT,nong-nghiep,X12,Điểm thi THPT,2025,14.0,Nông nghiệp
73370,DVT,nong-nghiep,X14,Điểm thi THPT,2025,14.0,Nông nghiệp
73371,DVT,nong-nghiep,X16,Điểm thi THPT,2025,14.0,Nông nghiệp
73372,DVT,nong-nghiep,X28,Điểm thi THPT,2025,14.0,Nông nghiệp
73373,DVT,nuoi-trong-thuy-san,A02,Điểm học bạ,2021,18.0,Nuôi trồng thủy sản
73374,DVT,nuoi-trong-thuy-san,B00,Điểm học bạ,2021,18.0,Nuôi trồng thủy sản
73375,DVT,nuoi-trong-thuy-san,B08,Điểm học bạ,2021,18.0,Nuôi trồng thủy sản
73376,DVT,nuoi-trong-thuy-san,D90,Điểm học bạ,2021,18.0,Nuôi trồng thủy sản
73377,DVT,nuoi-trong-thuy-san,A02,Điểm thi THPT,2021,15.0,Nuôi trồng thủy sản
73378,DVT,nuoi-trong-thuy-san,B00,Điểm thi THPT,2021,15.0,Nuôi trồng thủy sản
73379,DVT,nuoi-trong-thuy-san,B08,Điểm thi THPT,2021,15.0,Nuôi trồng thủy sản
73380,DVT,nuoi-trong-thuy-san,D90,Điểm thi THPT,2021,15.0,Nuôi trồng thủy sản
73381,DVT,nuoi-trong-thuy-san,A02,Điểm học bạ,2022,18.0,Nuôi trồng thủy sản
73382,DVT,nuoi-trong-thuy-san,B00,Điểm học bạ,2022,18.0,Nuôi trồng thủy sản
73383,DVT,nuoi-trong-thuy-san,B08,Điểm học bạ,2022,18.0,Nuôi trồng thủy sản
73384,DVT,nuoi-trong-thuy-san,D90,Điểm học bạ,2022,18.0,Nuôi trồng thủy sản
73385,DVT,nuoi-trong-thuy-san,A02,Điểm thi THPT,2022,15.0,Nuôi trồng thủy sản
73386,DVT,nuoi-trong-thuy-san,B00,Điểm thi THPT,2022,15.0,Nuôi trồng thủy sản
73387,DVT,nuoi-trong-thuy-san,B08,Điểm thi THPT,2022,15.0,Nuôi trồng thủy sản
73388,DVT,nuoi-trong-thuy-san,D90,Điểm thi THPT,2022,15.0,Nuôi trồng thủy sản
73389,DVT,nuoi-trong-thuy-san,A02,Điểm học bạ,2023,18.0,Nuôi trồng thuỷ sản
73390,DVT,nuoi-trong-thuy-san,B00,Điểm học bạ,2023,18.0,Nuôi trồng thuỷ sản
73391,DVT,nuoi-trong-thuy-san,B08,Điểm học bạ,2023,18.0,Nuôi trồng thuỷ sản
73392,DVT,nuoi-trong-thuy-san,D90,Điểm học bạ,2023,18.0,Nuôi trồng thuỷ sản
73393,DVT,nuoi-trong-thuy-san,A02,Điểm thi THPT,2023,15.0,Nuôi trồng thuỷ sản
73394,DVT,nuoi-trong-thuy-san,B00,Điểm thi THPT,2023,15.0,Nuôi trồng thuỷ sản
73395,DVT,nuoi-trong-thuy-san,B08,Điểm thi THPT,2023,15.0,Nuôi trồng thuỷ sản
73396,DVT,nuoi-trong-thuy-san,D90,Điểm thi THPT,2023,15.0,Nuôi trồng thuỷ sản
73397,DVT,nuoi-trong-thuy-san,A02,Điểm học bạ,2024,18.0,Nuôi trồng thuỷ sản
73398,DVT,nuoi-trong-thuy-san,B00,Điểm học bạ,2024,18.0,Nuôi trồng thuỷ sản
73399,DVT,nuoi-trong-thuy-san,B08,Điểm học bạ,2024,18.0,Nuôi trồng thuỷ sản
73400,DVT,nuoi-trong-thuy-san,D90,Điểm học bạ,2024,18.0,Nuôi trồng thuỷ sản
73401,DVT,nuoi-trong-thuy-san,A02,Điểm thi THPT,2024,15.0,Nuôi trồng thuỷ sản
73402,DVT,nuoi-trong-thuy-san,B00,Điểm thi THPT,2024,15.0,Nuôi trồng thuỷ sản
73403,DVT,nuoi-trong-thuy-san,B08,Điểm thi THPT,2024,15.0,Nuôi trồng thuỷ sản
73404,DVT,nuoi-trong-thuy-san,D90,Điểm thi THPT,2024,15.0,Nuôi trồng thuỷ sản
73405,DVT,nuoi-trong-thuy-san,A02,Điểm học bạ,2025,18.35,Nuôi trồng thủy sản
73406,DVT,nuoi-trong-thuy-san,B00,Điểm học bạ,2025,18.0,Nuôi trồng thủy sản
73407,DVT,nuoi-trong-thuy-san,B08,Điểm học bạ,2025,18.33,Nuôi trồng thủy sản
73408,DVT,nuoi-trong-thuy-san,X12,Điểm học bạ,2025,18.0,Nuôi trồng thủy sản
73409,DVT,nuoi-trong-thuy-san,X14,Điểm học bạ,2025,18.1,Nuôi trồng thủy sản
73410,DVT,nuoi-trong-thuy-san,X16,Điểm học bạ,2025,18.0,Nuôi trồng thủy sản
73411,DVT,nuoi-trong-thuy-san,X28,Điểm học bạ,2025,18.15,Nuôi trồng thủy sản
73412,DVT,nuoi-trong-thuy-san,A02,Điểm thi THPT,2025,14.0,Nuôi trồng thủy sản
73413,DVT,nuoi-trong-thuy-san,B00,Điểm thi THPT,2025,14.0,Nuôi trồng thủy sản
73414,DVT,nuoi-trong-thuy-san,B08,Điểm thi THPT,2025,14.0,Nuôi trồng thủy sản
73415,DVT,nuoi-trong-thuy-san,X12,Điểm thi THPT,2025,14.0,Nuôi trồng thủy sản
73416,DVT,nuoi-trong-thuy-san,X14,Điểm thi THPT,2025,14.0,Nuôi trồng thủy sản
73417,DVT,nuoi-trong-thuy-san,X16,Điểm thi THPT,2025,14.0,Nuôi trồng thủy sản
73418,DVT,nuoi-trong-thuy-san,X28,Điểm thi THPT,2025,14.0,Nuôi trồng thủy sản
73419,DVT,quan-ly-nha-nuoc,C00,Điểm học bạ,2021,18.0,Quản lý Nhà nước
73420,DVT,quan-ly-nha-nuoc,C04,Điểm học bạ,2021,18.0,Quản lý Nhà nước
73421,DVT,quan-ly-nha-nuoc,D01,Điểm học bạ,2021,18.0,Quản lý Nhà nước
73422,DVT,quan-ly-nha-nuoc,D14,Điểm học bạ,2021,18.0,Quản lý Nhà nước
73423,DVT,quan-ly-nha-nuoc,C00,Điểm thi THPT,2021,15.0,Quản lý Nhà nước
73424,DVT,quan-ly-nha-nuoc,C04,Điểm thi THPT,2021,15.0,Quản lý Nhà nước
73425,DVT,quan-ly-nha-nuoc,D01,Điểm thi THPT,2021,15.0,Quản lý Nhà nước
73426,DVT,quan-ly-nha-nuoc,D14,Điểm thi THPT,2021,15.0,Quản lý Nhà nước
73427,DVT,quan-ly-nha-nuoc,C00,Điểm học bạ,2022,18.0,Quản lý Nhà nước
73428,DVT,quan-ly-nha-nuoc,C04,Điểm học bạ,2022,18.0,Quản lý Nhà nước
73429,DVT,quan-ly-nha-nuoc,D01,Điểm học bạ,2022,18.0,Quản lý Nhà nước
73430,DVT,quan-ly-nha-nuoc,D14,Điểm học bạ,2022,18.0,Quản lý Nhà nước
73431,DVT,quan-ly-nha-nuoc,C00,Điểm thi THPT,2022,15.0,Quản lý Nhà nước
73432,DVT,quan-ly-nha-nuoc,C04,Điểm thi THPT,2022,15.0,Quản lý Nhà nước
73433,DVT,quan-ly-nha-nuoc,D01,Điểm thi THPT,2022,15.0,Quản lý Nhà nước
73434,DVT,quan-ly-nha-nuoc,D14,Điểm thi THPT,2022,15.0,Quản lý Nhà nước
73435,DVT,quan-ly-nha-nuoc,C00,Điểm học bạ,2023,18.0,Quản lý nhà nước
73436,DVT,quan-ly-nha-nuoc,C04,Điểm học bạ,2023,18.0,Quản lý nhà nước
73437,DVT,quan-ly-nha-nuoc,D01,Điểm học bạ,2023,18.0,Quản lý nhà nước
73438,DVT,quan-ly-nha-nuoc,D14,Điểm học bạ,2023,18.0,Quản lý nhà nước
73439,DVT,quan-ly-nha-nuoc,C00,Điểm thi THPT,2023,15.0,Quản lý nhà nước
73440,DVT,quan-ly-nha-nuoc,C04,Điểm thi THPT,2023,15.0,Quản lý nhà nước
73441,DVT,quan-ly-nha-nuoc,D01,Điểm thi THPT,2023,15.0,Quản lý nhà nước
73442,DVT,quan-ly-nha-nuoc,D14,Điểm thi THPT,2023,15.0,Quản lý nhà nước
73443,DVT,quan-ly-nha-nuoc,C00,Điểm học bạ,2024,18.0,Quản lý nhà nước
73444,DVT,quan-ly-nha-nuoc,C04,Điểm học bạ,2024,18.0,Quản lý nhà nước
73445,DVT,quan-ly-nha-nuoc,D01,Điểm học bạ,2024,18.0,Quản lý nhà nước
73446,DVT,quan-ly-nha-nuoc,D14,Điểm học bạ,2024,18.0,Quản lý nhà nước
73447,DVT,quan-ly-nha-nuoc,C00,Điểm thi THPT,2024,15.0,Quản lý nhà nước
73448,DVT,quan-ly-nha-nuoc,C04,Điểm thi THPT,2024,15.0,Quản lý nhà nước
73449,DVT,quan-ly-nha-nuoc,D01,Điểm thi THPT,2024,15.0,Quản lý nhà nước
73450,DVT,quan-ly-nha-nuoc,D14,Điểm thi THPT,2024,15.0,Quản lý nhà nước
73451,DVT,quan-ly-nha-nuoc,C00,Điểm học bạ,2025,18.0,Quản lý nhà nước
73452,DVT,quan-ly-nha-nuoc,C04,Điểm học bạ,2025,18.0,Quản lý nhà nước
73453,DVT,quan-ly-nha-nuoc,D01,Điểm học bạ,2025,18.45,Quản lý nhà nước
73454,DVT,quan-ly-nha-nuoc,X70,Điểm học bạ,2025,18.0,Quản lý nhà nước
73455,DVT,quan-ly-nha-nuoc,X71,Điểm học bạ,2025,18.49,Quản lý nhà nước
73456,DVT,quan-ly-nha-nuoc,X78,Điểm học bạ,2025,18.0,Quản lý nhà nước
73457,DVT,quan-ly-nha-nuoc,X79,Điểm học bạ,2025,19.01,Quản lý nhà nước
73458,DVT,quan-ly-nha-nuoc,C00,Điểm thi THPT,2025,16.0,Quản lý nhà nước
73459,DVT,quan-ly-nha-nuoc,C04,Điểm thi THPT,2025,16.0,Quản lý nhà nước
73460,DVT,quan-ly-nha-nuoc,D01,Điểm thi THPT,2025,16.0,Quản lý nhà nước
73461,DVT,quan-ly-nha-nuoc,X70,Điểm thi THPT,2025,16.0,Quản lý nhà nước
73462,DVT,quan-ly-nha-nuoc,X71,Điểm thi THPT,2025,16.0,Quản lý nhà nước
73463,DVT,quan-ly-nha-nuoc,X78,Điểm thi THPT,2025,16.0,Quản lý nhà nước
73464,DVT,quan-ly-nha-nuoc,X79,Điểm thi THPT,2025,16.0,Quản lý nhà nước
73465,DVT,quan-ly-tai-nguyen-va-moi-truong,A00,Điểm học bạ,2021,18.0,Quản lý Tài nguyên và môi trường
73466,DVT,quan-ly-tai-nguyen-va-moi-truong,B00,Điểm học bạ,2021,18.0,Quản lý Tài nguyên và môi trường
73467,DVT,quan-ly-tai-nguyen-va-moi-truong,B02,Điểm học bạ,2021,18.0,Quản lý Tài nguyên và môi trường
73468,DVT,quan-ly-tai-nguyen-va-moi-truong,B08,Điểm học bạ,2021,18.0,Quản lý Tài nguyên và môi trường
73469,DVT,quan-ly-tai-nguyen-va-moi-truong,A00,Điểm thi THPT,2021,15.0,Quản lý Tài nguyên và môi trường
73470,DVT,quan-ly-tai-nguyen-va-moi-truong,B00,Điểm thi THPT,2021,15.0,Quản lý Tài nguyên và môi trường
73471,DVT,quan-ly-tai-nguyen-va-moi-truong,B02,Điểm thi THPT,2021,15.0,Quản lý Tài nguyên và môi trường
73472,DVT,quan-ly-tai-nguyen-va-moi-truong,B08,Điểm thi THPT,2021,15.0,Quản lý Tài nguyên và môi trường
73473,DVT,quan-ly-tai-nguyen-va-moi-truong,A00,Điểm học bạ,2022,18.0,Quản lý Tài nguyên và môi trường
73474,DVT,quan-ly-tai-nguyen-va-moi-truong,B00,Điểm học bạ,2022,18.0,Quản lý Tài nguyên và môi trường
73475,DVT,quan-ly-tai-nguyen-va-moi-truong,B02,Điểm học bạ,2022,18.0,Quản lý Tài nguyên và môi trường
73476,DVT,quan-ly-tai-nguyen-va-moi-truong,B08,Điểm học bạ,2022,18.0,Quản lý Tài nguyên và môi trường
73477,DVT,quan-ly-tai-nguyen-va-moi-truong,A00,Điểm thi THPT,2022,15.0,Quản lý Tài nguyên và môi trường
73478,DVT,quan-ly-tai-nguyen-va-moi-truong,B00,Điểm thi THPT,2022,15.0,Quản lý Tài nguyên và môi trường
73479,DVT,quan-ly-tai-nguyen-va-moi-truong,B02,Điểm thi THPT,2022,15.0,Quản lý Tài nguyên và môi trường
73480,DVT,quan-ly-tai-nguyen-va-moi-truong,B08,Điểm thi THPT,2022,15.0,Quản lý Tài nguyên và môi trường
73481,DVT,quan-ly-tai-nguyen-va-moi-truong,A00,Điểm học bạ,2023,18.0,Quản lý tài nguyên và môi trường
73482,DVT,quan-ly-tai-nguyen-va-moi-truong,B00,Điểm học bạ,2023,18.0,Quản lý tài nguyên và môi trường
73483,DVT,quan-ly-tai-nguyen-va-moi-truong,B02,Điểm học bạ,2023,18.0,Quản lý tài nguyên và môi trường
73484,DVT,quan-ly-tai-nguyen-va-moi-truong,B08,Điểm học bạ,2023,18.0,Quản lý tài nguyên và môi trường
73485,DVT,quan-ly-tai-nguyen-va-moi-truong,A00,Điểm thi THPT,2023,15.0,Quản lý tài nguyên và môi trường
73486,DVT,quan-ly-tai-nguyen-va-moi-truong,B00,Điểm thi THPT,2023,15.0,Quản lý tài nguyên và môi trường
73487,DVT,quan-ly-tai-nguyen-va-moi-truong,B02,Điểm thi THPT,2023,15.0,Quản lý tài nguyên và môi trường
73488,DVT,quan-ly-tai-nguyen-va-moi-truong,B08,Điểm thi THPT,2023,15.0,Quản lý tài nguyên và môi trường
73489,DVT,quan-ly-tai-nguyen-va-moi-truong,A00,Điểm học bạ,2024,18.0,Quản lý tài nguyên và môi trường
73490,DVT,quan-ly-tai-nguyen-va-moi-truong,B00,Điểm học bạ,2024,18.0,Quản lý tài nguyên và môi trường
73491,DVT,quan-ly-tai-nguyen-va-moi-truong,B02,Điểm học bạ,2024,18.0,Quản lý tài nguyên và môi trường
73492,DVT,quan-ly-tai-nguyen-va-moi-truong,B08,Điểm học bạ,2024,18.0,Quản lý tài nguyên và môi trường
73493,DVT,quan-ly-tai-nguyen-va-moi-truong,A00,Điểm thi THPT,2024,15.0,Quản lý tài nguyên và môi trường
73494,DVT,quan-ly-tai-nguyen-va-moi-truong,B00,Điểm thi THPT,2024,15.0,Quản lý tài nguyên và môi trường
73495,DVT,quan-ly-tai-nguyen-va-moi-truong,B02,Điểm thi THPT,2024,15.0,Quản lý tài nguyên và môi trường
73496,DVT,quan-ly-tai-nguyen-va-moi-truong,B08,Điểm thi THPT,2024,15.0,Quản lý tài nguyên và môi trường
73497,DVT,quan-ly-tai-nguyen-va-moi-truong,A00,Điểm học bạ,2025,18.0,Quản lý tài nguyên và môi trường
73498,DVT,quan-ly-tai-nguyen-va-moi-truong,B00,Điểm học bạ,2025,18.0,Quản lý tài nguyên và môi trường
73499,DVT,quan-ly-tai-nguyen-va-moi-truong,B02,Điểm học bạ,2025,18.33,Quản lý tài nguyên và môi trường
73500,DVT,quan-ly-tai-nguyen-va-moi-truong,B08,Điểm học bạ,2025,18.33,Quản lý tài nguyên và môi trường
73501,DVT,quan-ly-tai-nguyen-va-moi-truong,X06,Điểm học bạ,2025,18.0,Quản lý tài nguyên và môi trường
73502,DVT,quan-ly-tai-nguyen-va-moi-truong,X10,Điểm học bạ,2025,18.0,Quản lý tài nguyên và môi trường
73503,DVT,quan-ly-tai-nguyen-va-moi-truong,X14,Điểm học bạ,2025,18.1,Quản lý tài nguyên và môi trường
73504,DVT,quan-ly-tai-nguyen-va-moi-truong,A00,Điểm thi THPT,2025,14.0,Quản lý tài nguyên và môi trường
73505,DVT,quan-ly-tai-nguyen-va-moi-truong,B00,Điểm thi THPT,2025,14.0,Quản lý tài nguyên và môi trường
73506,DVT,quan-ly-tai-nguyen-va-moi-truong,B02,Điểm thi THPT,2025,14.0,Quản lý tài nguyên và môi trường
73507,DVT,quan-ly-tai-nguyen-va-moi-truong,B08,Điểm thi THPT,2025,14.0,Quản lý tài nguyên và môi trường
73508,DVT,quan-ly-tai-nguyen-va-moi-truong,X06,Điểm thi THPT,2025,14.0,Quản lý tài nguyên và môi trường
73509,DVT,quan-ly-tai-nguyen-va-moi-truong,X10,Điểm thi THPT,2025,14.0,Quản lý tài nguyên và môi trường
73510,DVT,quan-ly-tai-nguyen-va-moi-truong,X14,Điểm thi THPT,2025,14.0,Quản lý tài nguyên và môi trường
73511,DVT,quan-ly-the-duc-the-thao,C00,Điểm học bạ,2021,18.0,Quản lý thể dục thể thao
73512,DVT,quan-ly-the-duc-the-thao,C14,Điểm học bạ,2021,18.0,Quản lý thể dục thể thao
73513,DVT,quan-ly-the-duc-the-thao,C19,Điểm học bạ,2021,18.0,Quản lý thể dục thể thao
73514,DVT,quan-ly-the-duc-the-thao,D78,Điểm học bạ,2021,18.0,Quản lý thể dục thể thao
73515,DVT,quan-ly-the-duc-the-thao,C00,Điểm thi THPT,2021,15.0,Quản lý thể dục thể thao
73516,DVT,quan-ly-the-duc-the-thao,C14,Điểm thi THPT,2021,15.0,Quản lý thể dục thể thao
73517,DVT,quan-ly-the-duc-the-thao,C19,Điểm thi THPT,2021,15.0,Quản lý thể dục thể thao
73518,DVT,quan-ly-the-duc-the-thao,D78,Điểm thi THPT,2021,15.0,Quản lý thể dục thể thao
73519,DVT,quan-ly-the-duc-the-thao,C00,Điểm học bạ,2022,18.0,Quản lý thể dục thể thao
73520,DVT,quan-ly-the-duc-the-thao,C14,Điểm học bạ,2022,18.0,Quản lý thể dục thể thao
73521,DVT,quan-ly-the-duc-the-thao,C19,Điểm học bạ,2022,18.0,Quản lý thể dục thể thao
73522,DVT,quan-ly-the-duc-the-thao,D78,Điểm học bạ,2022,18.0,Quản lý thể dục thể thao
73523,DVT,quan-ly-the-duc-the-thao,C00,Điểm thi THPT,2022,15.0,Quản lý thể dục thể thao
73524,DVT,quan-ly-the-duc-the-thao,C14,Điểm thi THPT,2022,15.0,Quản lý thể dục thể thao
73525,DVT,quan-ly-the-duc-the-thao,C19,Điểm thi THPT,2022,15.0,Quản lý thể dục thể thao
73526,DVT,quan-ly-the-duc-the-thao,D78,Điểm thi THPT,2022,15.0,Quản lý thể dục thể thao
73527,DVT,quan-ly-the-duc-the-thao,C00,Điểm học bạ,2023,18.0,Quản lý thể dục thể thao
73528,DVT,quan-ly-the-duc-the-thao,C14,Điểm học bạ,2023,18.0,Quản lý thể dục thể thao
73529,DVT,quan-ly-the-duc-the-thao,C19,Điểm học bạ,2023,18.0,Quản lý thể dục thể thao
73530,DVT,quan-ly-the-duc-the-thao,D78,Điểm học bạ,2023,18.0,Quản lý thể dục thể thao
73531,DVT,quan-ly-the-duc-the-thao,C00,Điểm thi THPT,2023,15.0,Quản lý thể dục thể thao
73532,DVT,quan-ly-the-duc-the-thao,C14,Điểm thi THPT,2023,15.0,Quản lý thể dục thể thao
73533,DVT,quan-ly-the-duc-the-thao,C19,Điểm thi THPT,2023,15.0,Quản lý thể dục thể thao
73534,DVT,quan-ly-the-duc-the-thao,D78,Điểm thi THPT,2023,15.0,Quản lý thể dục thể thao
73535,DVT,quan-ly-the-duc-the-thao,C00,Điểm học bạ,2024,25.0,Quản lý thể dục thể thao
73536,DVT,quan-ly-the-duc-the-thao,C14,Điểm học bạ,2024,25.0,Quản lý thể dục thể thao
73537,DVT,quan-ly-the-duc-the-thao,C19,Điểm học bạ,2024,25.0,Quản lý thể dục thể thao
73538,DVT,quan-ly-the-duc-the-thao,D78,Điểm học bạ,2024,25.0,Quản lý thể dục thể thao
73539,DVT,quan-ly-the-duc-the-thao,C00,Điểm thi THPT,2024,20.0,Quản lý thể dục thể thao
73540,DVT,quan-ly-the-duc-the-thao,C14,Điểm thi THPT,2024,20.0,Quản lý thể dục thể thao
73541,DVT,quan-ly-the-duc-the-thao,C19,Điểm thi THPT,2024,20.0,Quản lý thể dục thể thao
73542,DVT,quan-ly-the-duc-the-thao,D78,Điểm thi THPT,2024,20.0,Quản lý thể dục thể thao
73543,DVT,quan-ly-the-duc-the-thao,B03,Điểm học bạ,2025,25.15,Quản lý thể dục thể thao
73544,DVT,quan-ly-the-duc-the-thao,B08,Điểm học bạ,2025,26.58,Quản lý thể dục thể thao
73545,DVT,quan-ly-the-duc-the-thao,C00,Điểm học bạ,2025,23.73,Quản lý thể dục thể thao
73546,DVT,quan-ly-the-duc-the-thao,C14,Điểm học bạ,2025,24.43,Quản lý thể dục thể thao
73547,DVT,quan-ly-the-duc-the-thao,D14,Điểm học bạ,2025,24.78,Quản lý thể dục thể thao
73548,DVT,quan-ly-the-duc-the-thao,X01,Điểm học bạ,2025,24.43,Quản lý thể dục thể thao
73549,DVT,quan-ly-the-duc-the-thao,X58,Điểm học bạ,2025,24.0,Quản lý thể dục thể thao
73550,DVT,quan-ly-the-duc-the-thao,B03,Điểm thi THPT,2025,22.0,Quản lý thể dục thể thao
73551,DVT,quan-ly-the-duc-the-thao,B08,Điểm thi THPT,2025,22.0,Quản lý thể dục thể thao
73552,DVT,quan-ly-the-duc-the-thao,C00,Điểm thi THPT,2025,22.0,Quản lý thể dục thể thao
73553,DVT,quan-ly-the-duc-the-thao,C14,Điểm thi THPT,2025,22.0,Quản lý thể dục thể thao
73554,DVT,quan-ly-the-duc-the-thao,D14,Điểm thi THPT,2025,22.0,Quản lý thể dục thể thao
73555,DVT,quan-ly-the-duc-the-thao,X01,Điểm thi THPT,2025,22.0,Quản lý thể dục thể thao
73556,DVT,quan-ly-the-duc-the-thao,X58,Điểm thi THPT,2025,22.0,Quản lý thể dục thể thao
73557,DVT,quan-tri-dich-vu-du-lich-va-lu-hanh,C00,Điểm học bạ,2021,18.0,Quản trị dịch vụ du lịch và lữ hành
73558,DVT,quan-tri-dich-vu-du-lich-va-lu-hanh,C04,Điểm học bạ,2021,18.0,Quản trị dịch vụ du lịch và lữ hành
73559,DVT,quan-tri-dich-vu-du-lich-va-lu-hanh,D01,Điểm học bạ,2021,18.0,Quản trị dịch vụ du lịch và lữ hành
73560,DVT,quan-tri-dich-vu-du-lich-va-lu-hanh,D15,Điểm học bạ,2021,18.0,Quản trị dịch vụ du lịch và lữ hành
73561,DVT,quan-tri-dich-vu-du-lich-va-lu-hanh,C00,Điểm thi THPT,2021,15.0,Quản trị dịch vụ du lịch và lữ hành
73562,DVT,quan-tri-dich-vu-du-lich-va-lu-hanh,C04,Điểm thi THPT,2021,15.0,Quản trị dịch vụ du lịch và lữ hành
73563,DVT,quan-tri-dich-vu-du-lich-va-lu-hanh,D01,Điểm thi THPT,2021,15.0,Quản trị dịch vụ du lịch và lữ hành
73564,DVT,quan-tri-dich-vu-du-lich-va-lu-hanh,D15,Điểm thi THPT,2021,15.0,Quản trị dịch vụ du lịch và lữ hành
73565,DVT,quan-tri-dich-vu-du-lich-va-lu-hanh,C00,Điểm học bạ,2022,18.0,Quản trị dịch vụ du lịch và lữ hành
73566,DVT,quan-tri-dich-vu-du-lich-va-lu-hanh,C04,Điểm học bạ,2022,18.0,Quản trị dịch vụ du lịch và lữ hành
73567,DVT,quan-tri-dich-vu-du-lich-va-lu-hanh,D01,Điểm học bạ,2022,18.0,Quản trị dịch vụ du lịch và lữ hành
73568,DVT,quan-tri-dich-vu-du-lich-va-lu-hanh,D15,Điểm học bạ,2022,18.0,Quản trị dịch vụ du lịch và lữ hành
73569,DVT,quan-tri-dich-vu-du-lich-va-lu-hanh,C00,Điểm thi THPT,2022,15.0,Quản trị dịch vụ du lịch và lữ hành
73570,DVT,quan-tri-dich-vu-du-lich-va-lu-hanh,C04,Điểm thi THPT,2022,15.0,Quản trị dịch vụ du lịch và lữ hành
73571,DVT,quan-tri-dich-vu-du-lich-va-lu-hanh,D01,Điểm thi THPT,2022,15.0,Quản trị dịch vụ du lịch và lữ hành
73572,DVT,quan-tri-dich-vu-du-lich-va-lu-hanh,D15,Điểm thi THPT,2022,15.0,Quản trị dịch vụ du lịch và lữ hành
73573,DVT,quan-tri-dich-vu-du-lich-va-lu-hanh,C00,Điểm học bạ,2023,18.0,Quản trị dịch vụ du lịch và lữ hành
73574,DVT,quan-tri-dich-vu-du-lich-va-lu-hanh,C04,Điểm học bạ,2023,18.0,Quản trị dịch vụ du lịch và lữ hành
73575,DVT,quan-tri-dich-vu-du-lich-va-lu-hanh,D01,Điểm học bạ,2023,18.0,Quản trị dịch vụ du lịch và lữ hành
73576,DVT,quan-tri-dich-vu-du-lich-va-lu-hanh,D15,Điểm học bạ,2023,18.0,Quản trị dịch vụ du lịch và lữ hành
73577,DVT,quan-tri-dich-vu-du-lich-va-lu-hanh,C00,Điểm thi THPT,2023,15.0,Quản trị dịch vụ du lịch và lữ hành
73578,DVT,quan-tri-dich-vu-du-lich-va-lu-hanh,C04,Điểm thi THPT,2023,15.0,Quản trị dịch vụ du lịch và lữ hành
73579,DVT,quan-tri-dich-vu-du-lich-va-lu-hanh,D01,Điểm thi THPT,2023,15.0,Quản trị dịch vụ du lịch và lữ hành
73580,DVT,quan-tri-dich-vu-du-lich-va-lu-hanh,D15,Điểm thi THPT,2023,15.0,Quản trị dịch vụ du lịch và lữ hành
73581,DVT,quan-tri-dich-vu-du-lich-va-lu-hanh,C00,Điểm học bạ,2024,18.0,Quản trị dịch vụ du lịch và lữ hành
73582,DVT,quan-tri-dich-vu-du-lich-va-lu-hanh,C04,Điểm học bạ,2024,18.0,Quản trị dịch vụ du lịch và lữ hành
73583,DVT,quan-tri-dich-vu-du-lich-va-lu-hanh,D01,Điểm học bạ,2024,18.0,Quản trị dịch vụ du lịch và lữ hành
73584,DVT,quan-tri-dich-vu-du-lich-va-lu-hanh,D15,Điểm học bạ,2024,18.0,Quản trị dịch vụ du lịch và lữ hành
73585,DVT,quan-tri-dich-vu-du-lich-va-lu-hanh,C00,Điểm thi THPT,2024,15.0,Quản trị dịch vụ du lịch và lữ hành
73586,DVT,quan-tri-dich-vu-du-lich-va-lu-hanh,C04,Điểm thi THPT,2024,15.0,Quản trị dịch vụ du lịch và lữ hành
73587,DVT,quan-tri-dich-vu-du-lich-va-lu-hanh,D01,Điểm thi THPT,2024,15.0,Quản trị dịch vụ du lịch và lữ hành
73588,DVT,quan-tri-dich-vu-du-lich-va-lu-hanh,D15,Điểm thi THPT,2024,15.0,Quản trị dịch vụ du lịch và lữ hành
73589,DVT,quan-tri-dich-vu-du-lich-va-lu-hanh,C00,Điểm học bạ,2025,18.0,Quản trị dịch vụ du lịch và lữ hành
73590,DVT,quan-tri-dich-vu-du-lich-va-lu-hanh,C04,Điểm học bạ,2025,18.0,Quản trị dịch vụ du lịch và lữ hành
73591,DVT,quan-tri-dich-vu-du-lich-va-lu-hanh,D01,Điểm học bạ,2025,18.45,Quản trị dịch vụ du lịch và lữ hành
73592,DVT,quan-tri-dich-vu-du-lich-va-lu-hanh,D14,Điểm học bạ,2025,18.0,Quản trị dịch vụ du lịch và lữ hành
73593,DVT,quan-tri-dich-vu-du-lich-va-lu-hanh,D15,Điểm học bạ,2025,18.0,Quản trị dịch vụ du lịch và lữ hành
73594,DVT,quan-tri-dich-vu-du-lich-va-lu-hanh,X70,Điểm học bạ,2025,18.0,Quản trị dịch vụ du lịch và lữ hành
73595,DVT,quan-tri-dich-vu-du-lich-va-lu-hanh,X74,Điểm học bạ,2025,18.0,Quản trị dịch vụ du lịch và lữ hành
73596,DVT,quan-tri-dich-vu-du-lich-va-lu-hanh,C00,Điểm thi THPT,2025,15.0,Quản trị dịch vụ du lịch và lữ hành
73597,DVT,quan-tri-dich-vu-du-lich-va-lu-hanh,C04,Điểm thi THPT,2025,15.0,Quản trị dịch vụ du lịch và lữ hành
73598,DVT,quan-tri-dich-vu-du-lich-va-lu-hanh,D01,Điểm thi THPT,2025,15.0,Quản trị dịch vụ du lịch và lữ hành
73599,DVT,quan-tri-dich-vu-du-lich-va-lu-hanh,D14,Điểm thi THPT,2025,15.0,Quản trị dịch vụ du lịch và lữ hành
73600,DVT,quan-tri-dich-vu-du-lich-va-lu-hanh,D15,Điểm thi THPT,2025,15.0,Quản trị dịch vụ du lịch và lữ hành
73601,DVT,quan-tri-dich-vu-du-lich-va-lu-hanh,X70,Điểm thi THPT,2025,15.0,Quản trị dịch vụ du lịch và lữ hành
73602,DVT,quan-tri-dich-vu-du-lich-va-lu-hanh,X74,Điểm thi THPT,2025,15.0,Quản trị dịch vụ du lịch và lữ hành
73603,DVT,quan-tri-khach-san,C00,Điểm học bạ,2021,18.0,Quản trị khách sạn
73604,DVT,quan-tri-khach-san,C04,Điểm học bạ,2021,18.0,Quản trị khách sạn
73605,DVT,quan-tri-khach-san,D01,Điểm học bạ,2021,18.0,Quản trị khách sạn
73606,DVT,quan-tri-khach-san,D15,Điểm học bạ,2021,18.0,Quản trị khách sạn
73607,DVT,quan-tri-khach-san,C00,Điểm thi THPT,2021,18.0,Quản trị khách sạn
73608,DVT,quan-tri-khach-san,C04,Điểm thi THPT,2021,18.0,Quản trị khách sạn
73609,DVT,quan-tri-khach-san,D01,Điểm thi THPT,2021,18.0,Quản trị khách sạn
73610,DVT,quan-tri-khach-san,D15,Điểm thi THPT,2021,18.0,Quản trị khách sạn
73611,DVT,quan-tri-khach-san,C00,Điểm học bạ,2022,18.0,Quản trị khách sạn
73612,DVT,quan-tri-khach-san,C04,Điểm học bạ,2022,18.0,Quản trị khách sạn
73613,DVT,quan-tri-khach-san,D01,Điểm học bạ,2022,18.0,Quản trị khách sạn
73614,DVT,quan-tri-khach-san,D15,Điểm học bạ,2022,18.0,Quản trị khách sạn
73615,DVT,quan-tri-khach-san,C00,Điểm thi THPT,2022,15.0,Quản trị khách sạn
73616,DVT,quan-tri-khach-san,C04,Điểm thi THPT,2022,15.0,Quản trị khách sạn
73617,DVT,quan-tri-khach-san,D01,Điểm thi THPT,2022,15.0,Quản trị khách sạn
73618,DVT,quan-tri-khach-san,D15,Điểm thi THPT,2022,15.0,Quản trị khách sạn
73619,DVT,quan-tri-kinh-doanh,A00,Điểm học bạ,2021,18.6,Quản trị kinh doanh
73620,DVT,quan-tri-kinh-doanh,A01,Điểm học bạ,2021,18.6,Quản trị kinh doanh
73621,DVT,quan-tri-kinh-doanh,C01,Điểm học bạ,2021,18.6,Quản trị kinh doanh
73622,DVT,quan-tri-kinh-doanh,D01,Điểm học bạ,2021,18.6,Quản trị kinh doanh
73623,DVT,quan-tri-kinh-doanh,A00,Điểm thi THPT,2021,15.0,Quản trị kinh doanh
73624,DVT,quan-tri-kinh-doanh,A01,Điểm thi THPT,2021,15.0,Quản trị kinh doanh
73625,DVT,quan-tri-kinh-doanh,C01,Điểm thi THPT,2021,15.0,Quản trị kinh doanh
73626,DVT,quan-tri-kinh-doanh,D01,Điểm thi THPT,2021,15.0,Quản trị kinh doanh
73627,DVT,quan-tri-kinh-doanh,A00,Điểm học bạ,2022,18.0,Quản trị kinh doanh
73628,DVT,quan-tri-kinh-doanh,A01,Điểm học bạ,2022,18.0,Quản trị kinh doanh
73629,DVT,quan-tri-kinh-doanh,C01,Điểm học bạ,2022,18.0,Quản trị kinh doanh
73630,DVT,quan-tri-kinh-doanh,D01,Điểm học bạ,2022,18.0,Quản trị kinh doanh
73631,DVT,quan-tri-kinh-doanh,A00,Điểm thi THPT,2022,15.0,Quản trị kinh doanh
73632,DVT,quan-tri-kinh-doanh,A01,Điểm thi THPT,2022,15.0,Quản trị kinh doanh
73633,DVT,quan-tri-kinh-doanh,C01,Điểm thi THPT,2022,15.0,Quản trị kinh doanh
73634,DVT,quan-tri-kinh-doanh,D01,Điểm thi THPT,2022,15.0,Quản trị kinh doanh
73635,DVT,quan-tri-kinh-doanh,A00,Điểm học bạ,2023,18.0,Quản trị kinh doanh
73636,DVT,quan-tri-kinh-doanh,A01,Điểm học bạ,2023,18.0,Quản trị kinh doanh
73637,DVT,quan-tri-kinh-doanh,C01,Điểm học bạ,2023,18.0,Quản trị kinh doanh
73638,DVT,quan-tri-kinh-doanh,D01,Điểm học bạ,2023,18.0,Quản trị kinh doanh
73639,DVT,quan-tri-kinh-doanh,A00,Điểm thi THPT,2023,15.0,Quản trị kinh doanh
73640,DVT,quan-tri-kinh-doanh,A01,Điểm thi THPT,2023,15.0,Quản trị kinh doanh
73641,DVT,quan-tri-kinh-doanh,C01,Điểm thi THPT,2023,15.0,Quản trị kinh doanh
73642,DVT,quan-tri-kinh-doanh,D01,Điểm thi THPT,2023,15.0,Quản trị kinh doanh
73643,DVT,quan-tri-kinh-doanh,A00,Điểm học bạ,2024,18.0,Quản trị kinh doanh
73644,DVT,quan-tri-kinh-doanh,A01,Điểm học bạ,2024,18.0,Quản trị kinh doanh
73645,DVT,quan-tri-kinh-doanh,C01,Điểm học bạ,2024,18.0,Quản trị kinh doanh
73646,DVT,quan-tri-kinh-doanh,D01,Điểm học bạ,2024,18.0,Quản trị kinh doanh
73647,DVT,quan-tri-kinh-doanh,A00,Điểm thi THPT,2024,15.0,Quản trị kinh doanh
73648,DVT,quan-tri-kinh-doanh,A01,Điểm thi THPT,2024,15.0,Quản trị kinh doanh
73649,DVT,quan-tri-kinh-doanh,C01,Điểm thi THPT,2024,15.0,Quản trị kinh doanh
73650,DVT,quan-tri-kinh-doanh,D01,Điểm thi THPT,2024,15.0,Quản trị kinh doanh
73651,DVT,quan-tri-kinh-doanh,A00,Điểm học bạ,2025,19.0,Quản trị kinh doanh
73652,DVT,quan-tri-kinh-doanh,A01,Điểm học bạ,2025,19.25,Quản trị kinh doanh
73653,DVT,quan-tri-kinh-doanh,A08,Điểm học bạ,2025,18.0,Quản trị kinh doanh
73654,DVT,quan-tri-kinh-doanh,D01,Điểm học bạ,2025,18.45,Quản trị kinh doanh
73655,DVT,quan-tri-kinh-doanh,X02,Điểm học bạ,2025,18.0,Quản trị kinh doanh
73656,DVT,quan-tri-kinh-doanh,X25,Điểm học bạ,2025,18.68,Quản trị kinh doanh
73657,DVT,quan-tri-kinh-doanh,X27,Điểm học bạ,2025,21.23,Quản trị kinh doanh
73658,DVT,quan-tri-kinh-doanh,A00,Điểm thi THPT,2025,15.0,Quản trị kinh doanh
73659,DVT,quan-tri-kinh-doanh,A01,Điểm thi THPT,2025,15.0,Quản trị kinh doanh
73660,DVT,quan-tri-kinh-doanh,A08,Điểm thi THPT,2025,15.0,Quản trị kinh doanh
73661,DVT,quan-tri-kinh-doanh,D01,Điểm thi THPT,2025,15.0,Quản trị kinh doanh
73662,DVT,quan-tri-kinh-doanh,X02,Điểm thi THPT,2025,15.0,Quản trị kinh doanh
73663,DVT,quan-tri-kinh-doanh,X25,Điểm thi THPT,2025,15.0,Quản trị kinh doanh
73664,DVT,quan-tri-kinh-doanh,X27,Điểm thi THPT,2025,15.0,Quản trị kinh doanh
73665,DVT,quan-tri-nha-hang-va-dich-vu-an-uong,C00,Điểm học bạ,2021,18.0,Quản trị nhà hàng và dịch vụ ăn uống
73666,DVT,quan-tri-nha-hang-va-dich-vu-an-uong,C04,Điểm học bạ,2021,18.0,Quản trị nhà hàng và dịch vụ ăn uống
73667,DVT,quan-tri-nha-hang-va-dich-vu-an-uong,D01,Điểm học bạ,2021,18.0,Quản trị nhà hàng và dịch vụ ăn uống
73668,DVT,quan-tri-nha-hang-va-dich-vu-an-uong,D15,Điểm học bạ,2021,18.0,Quản trị nhà hàng và dịch vụ ăn uống
73669,DVT,quan-tri-nha-hang-va-dich-vu-an-uong,C00,Điểm thi THPT,2021,15.25,Quản trị nhà hàng và dịch vụ ăn uống
73670,DVT,quan-tri-nha-hang-va-dich-vu-an-uong,C04,Điểm thi THPT,2021,15.25,Quản trị nhà hàng và dịch vụ ăn uống
73671,DVT,quan-tri-nha-hang-va-dich-vu-an-uong,D01,Điểm thi THPT,2021,15.25,Quản trị nhà hàng và dịch vụ ăn uống
73672,DVT,quan-tri-nha-hang-va-dich-vu-an-uong,D15,Điểm thi THPT,2021,15.25,Quản trị nhà hàng và dịch vụ ăn uống
73673,DVT,quan-tri-nha-hang-va-dich-vu-an-uong,C00,Điểm học bạ,2022,18.0,Quản trị nhà hàng và dịch vụ ăn uống
73674,DVT,quan-tri-nha-hang-va-dich-vu-an-uong,C04,Điểm học bạ,2022,18.0,Quản trị nhà hàng và dịch vụ ăn uống
73675,DVT,quan-tri-nha-hang-va-dich-vu-an-uong,D01,Điểm học bạ,2022,18.0,Quản trị nhà hàng và dịch vụ ăn uống
73676,DVT,quan-tri-nha-hang-va-dich-vu-an-uong,D15,Điểm học bạ,2022,18.0,Quản trị nhà hàng và dịch vụ ăn uống
73677,DVT,quan-tri-nha-hang-va-dich-vu-an-uong,C00,Điểm thi THPT,2022,15.0,Quản trị nhà hàng và dịch vụ ăn uống
73678,DVT,quan-tri-nha-hang-va-dich-vu-an-uong,C04,Điểm thi THPT,2022,15.0,Quản trị nhà hàng và dịch vụ ăn uống
73679,DVT,quan-tri-nha-hang-va-dich-vu-an-uong,D01,Điểm thi THPT,2022,15.0,Quản trị nhà hàng và dịch vụ ăn uống
73680,DVT,quan-tri-nha-hang-va-dich-vu-an-uong,D15,Điểm thi THPT,2022,15.0,Quản trị nhà hàng và dịch vụ ăn uống
73681,DVT,quan-tri-van-phong,C00,Điểm học bạ,2021,18.0,Quản trị văn phòng
73682,DVT,quan-tri-van-phong,C04,Điểm học bạ,2021,18.0,Quản trị văn phòng
73683,DVT,quan-tri-van-phong,D01,Điểm học bạ,2021,18.0,Quản trị văn phòng
73684,DVT,quan-tri-van-phong,D14,Điểm học bạ,2021,18.0,Quản trị văn phòng
73685,DVT,quan-tri-van-phong,C00,Điểm thi THPT,2021,15.0,Quản trị văn phòng
73686,DVT,quan-tri-van-phong,C04,Điểm thi THPT,2021,15.0,Quản trị văn phòng
73687,DVT,quan-tri-van-phong,D01,Điểm thi THPT,2021,15.0,Quản trị văn phòng
73688,DVT,quan-tri-van-phong,D14,Điểm thi THPT,2021,15.0,Quản trị văn phòng
73689,DVT,quan-tri-van-phong,C00,Điểm học bạ,2022,18.0,Quản trị văn phòng
73690,DVT,quan-tri-van-phong,C04,Điểm học bạ,2022,18.0,Quản trị văn phòng
73691,DVT,quan-tri-van-phong,D01,Điểm học bạ,2022,18.0,Quản trị văn phòng
73692,DVT,quan-tri-van-phong,D14,Điểm học bạ,2022,18.0,Quản trị văn phòng
73693,DVT,quan-tri-van-phong,C00,Điểm thi THPT,2022,15.0,Quản trị văn phòng
73694,DVT,quan-tri-van-phong,C04,Điểm thi THPT,2022,15.0,Quản trị văn phòng
73695,DVT,quan-tri-van-phong,D01,Điểm thi THPT,2022,15.0,Quản trị văn phòng
73696,DVT,quan-tri-van-phong,D14,Điểm thi THPT,2022,15.0,Quản trị văn phòng
73697,DVT,quan-tri-van-phong,C00,Điểm học bạ,2023,18.0,Quản trị văn phòng
73698,DVT,quan-tri-van-phong,C04,Điểm học bạ,2023,18.0,Quản trị văn phòng
73699,DVT,quan-tri-van-phong,D01,Điểm học bạ,2023,18.0,Quản trị văn phòng
73700,DVT,quan-tri-van-phong,D14,Điểm học bạ,2023,18.0,Quản trị văn phòng
73701,DVT,quan-tri-van-phong,C00,Điểm thi THPT,2023,15.0,Quản trị văn phòng
73702,DVT,quan-tri-van-phong,C04,Điểm thi THPT,2023,15.0,Quản trị văn phòng
73703,DVT,quan-tri-van-phong,D01,Điểm thi THPT,2023,15.0,Quản trị văn phòng
73704,DVT,quan-tri-van-phong,D14,Điểm thi THPT,2023,15.0,Quản trị văn phòng
73705,DVT,quan-tri-van-phong,C00,Điểm học bạ,2024,18.0,Quản trị văn phòng
73706,DVT,quan-tri-van-phong,C04,Điểm học bạ,2024,18.0,Quản trị văn phòng
73707,DVT,quan-tri-van-phong,D01,Điểm học bạ,2024,18.0,Quản trị văn phòng
73708,DVT,quan-tri-van-phong,D14,Điểm học bạ,2024,18.0,Quản trị văn phòng
73709,DVT,quan-tri-van-phong,C00,Điểm thi THPT,2024,15.0,Quản trị văn phòng
73710,DVT,quan-tri-van-phong,C04,Điểm thi THPT,2024,15.0,Quản trị văn phòng
73711,DVT,quan-tri-van-phong,D01,Điểm thi THPT,2024,15.0,Quản trị văn phòng
73712,DVT,quan-tri-van-phong,D14,Điểm thi THPT,2024,15.0,Quản trị văn phòng
73713,DVT,quan-tri-van-phong,C00,Điểm học bạ,2025,18.0,Quản trị văn phòng
73714,DVT,quan-tri-van-phong,C04,Điểm học bạ,2025,18.0,Quản trị văn phòng
73715,DVT,quan-tri-van-phong,D01,Điểm học bạ,2025,18.45,Quản trị văn phòng
73716,DVT,quan-tri-van-phong,X70,Điểm học bạ,2025,18.0,Quản trị văn phòng
73717,DVT,quan-tri-van-phong,X71,Điểm học bạ,2025,18.49,Quản trị văn phòng
73718,DVT,quan-tri-van-phong,X78,Điểm học bạ,2025,18.0,Quản trị văn phòng
73719,DVT,quan-tri-van-phong,X79,Điểm học bạ,2025,19.01,Quản trị văn phòng
73720,DVT,quan-tri-van-phong,C00,Điểm thi THPT,2025,15.0,Quản trị văn phòng
73721,DVT,quan-tri-van-phong,C04,Điểm thi THPT,2025,15.0,Quản trị văn phòng
73722,DVT,quan-tri-van-phong,D01,Điểm thi THPT,2025,15.0,Quản trị văn phòng
73723,DVT,quan-tri-van-phong,X70,Điểm thi THPT,2025,15.0,Quản trị văn phòng
73724,DVT,quan-tri-van-phong,X71,Điểm thi THPT,2025,15.0,Quản trị văn phòng
73725,DVT,quan-tri-van-phong,X78,Điểm thi THPT,2025,15.0,Quản trị văn phòng
73726,DVT,quan-tri-van-phong,X79,Điểm thi THPT,2025,15.0,Quản trị văn phòng
73727,DVT,rang-ham-mat,B00,Điểm thi THPT,2021,25.65,Răng - Hàm - Mặt
73728,DVT,rang-ham-mat,B08,Điểm thi THPT,2021,25.65,Răng - Hàm - Mặt
73729,DVT,rang-ham-mat,B00,Điểm thi THPT,2022,24.8,Răng - Hàm - Mặt
73730,DVT,rang-ham-mat,B08,Điểm thi THPT,2022,24.8,Răng - Hàm - Mặt
73731,DVT,rang-ham-mat,B00,Điểm thi THPT,2023,24.27,Răng - Hàm - Mặt
73732,DVT,rang-ham-mat,B08,Điểm thi THPT,2023,24.27,Răng - Hàm - Mặt
73733,DVT,rang-ham-mat,B00,Điểm thi THPT,2024,24.62,Răng - Hàm - Mặt
73734,DVT,rang-ham-mat,B08,Điểm thi THPT,2024,24.62,Răng - Hàm - Mặt
73735,DVT,rang-ham-mat,B00,Điểm thi THPT,2025,20.75,Răng - Hàm - Mặt
73736,DVT,rang-ham-mat,B08,Điểm thi THPT,2025,20.75,Răng - Hàm - Mặt
73737,DVT,su-pham-ngu-van,C00,Điểm học bạ,2021,23.65,Sư phạm Ngữ văn
73738,DVT,su-pham-ngu-van,C20,Điểm học bạ,2021,23.65,Sư phạm Ngữ văn
73739,DVT,su-pham-ngu-van,D14,Điểm học bạ,2021,23.65,Sư phạm Ngữ văn
73740,DVT,su-pham-ngu-van,C00,Điểm thi THPT,2021,21.5,Sư phạm Ngữ văn
73741,DVT,su-pham-ngu-van,C20,Điểm thi THPT,2021,21.5,Sư phạm Ngữ văn
73742,DVT,su-pham-ngu-van,D14,Điểm thi THPT,2021,21.5,Sư phạm Ngữ văn
73743,DVT,su-pham-ngu-van,C00,Điểm học bạ,2022,28.25,Sư phạm Ngữ văn
73744,DVT,su-pham-ngu-van,C20,Điểm học bạ,2022,28.25,Sư phạm Ngữ văn
73745,DVT,su-pham-ngu-van,D14,Điểm học bạ,2022,28.25,Sư phạm Ngữ văn
73746,DVT,su-pham-ngu-van,C00,Điểm thi THPT,2022,25.0,Sư phạm Ngữ văn
73747,DVT,su-pham-ngu-van,C20,Điểm thi THPT,2022,25.0,Sư phạm Ngữ văn
73748,DVT,su-pham-ngu-van,D14,Điểm thi THPT,2022,25.0,Sư phạm Ngữ văn
73749,DVT,su-pham-tieng-khmer,C00,Điểm thi THPT,2021,21.5,Sư phạm Tiếng Khmer
73750,DVT,su-pham-tieng-khmer,C20,Điểm thi THPT,2021,21.5,Sư phạm Tiếng Khmer
73751,DVT,su-pham-tieng-khmer,D14,Điểm thi THPT,2021,21.5,Sư phạm Tiếng Khmer
73752,DVT,su-pham-tieng-khmer,D15,Điểm thi THPT,2021,21.5,Sư phạm Tiếng Khmer
73753,DVT,su-pham-tieng-khmer,C00,Điểm học bạ,2022,24.75,Sư phạm Tiếng Khmer
73754,DVT,su-pham-tieng-khmer,D14,Điểm học bạ,2022,24.75,Sư phạm Tiếng Khmer
73755,DVT,su-pham-tieng-khmer,D15,Điểm học bạ,2022,24.75,Sư phạm Tiếng Khmer
73756,DVT,su-pham-tieng-khmer,C00,Điểm thi THPT,2022,20.0,Sư phạm Tiếng Khmer
73757,DVT,su-pham-tieng-khmer,D14,Điểm thi THPT,2022,20.0,Sư phạm Tiếng Khmer
73758,DVT,su-pham-tieng-khmer,D15,Điểm thi THPT,2022,20.0,Sư phạm Tiếng Khmer
73759,DVT,tai-chinh-ngan-hang,A00,Điểm học bạ,2021,18.0,Tài chính - Ngân hàng
73760,DVT,tai-chinh-ngan-hang,A01,Điểm học bạ,2021,18.0,Tài chính - Ngân hàng
73761,DVT,tai-chinh-ngan-hang,C01,Điểm học bạ,2021,18.0,Tài chính - Ngân hàng
73762,DVT,tai-chinh-ngan-hang,D01,Điểm học bạ,2021,18.0,Tài chính - Ngân hàng
73763,DVT,tai-chinh-ngan-hang,A00,Điểm thi THPT,2021,15.0,Tài chính - Ngân hàng
73764,DVT,tai-chinh-ngan-hang,A01,Điểm thi THPT,2021,15.0,Tài chính - Ngân hàng
73765,DVT,tai-chinh-ngan-hang,C01,Điểm thi THPT,2021,15.0,Tài chính - Ngân hàng
73766,DVT,tai-chinh-ngan-hang,D01,Điểm thi THPT,2021,15.0,Tài chính - Ngân hàng
73767,DVT,tai-chinh-ngan-hang,A00,Điểm học bạ,2022,18.0,Tài chính - Ngân hàng
73768,DVT,tai-chinh-ngan-hang,A01,Điểm học bạ,2022,18.0,Tài chính - Ngân hàng
73769,DVT,tai-chinh-ngan-hang,C01,Điểm học bạ,2022,18.0,Tài chính - Ngân hàng
73770,DVT,tai-chinh-ngan-hang,D01,Điểm học bạ,2022,18.0,Tài chính - Ngân hàng
73771,DVT,tai-chinh-ngan-hang,A00,Điểm thi THPT,2022,15.0,Tài chính - Ngân hàng
73772,DVT,tai-chinh-ngan-hang,A01,Điểm thi THPT,2022,15.0,Tài chính - Ngân hàng
73773,DVT,tai-chinh-ngan-hang,C01,Điểm thi THPT,2022,15.0,Tài chính - Ngân hàng
73774,DVT,tai-chinh-ngan-hang,D01,Điểm thi THPT,2022,15.0,Tài chính - Ngân hàng
73775,DVT,tai-chinh-ngan-hang,A00,Điểm học bạ,2023,18.0,Tài chính - Ngân hàng
73776,DVT,tai-chinh-ngan-hang,A01,Điểm học bạ,2023,18.0,Tài chính - Ngân hàng
73777,DVT,tai-chinh-ngan-hang,C01,Điểm học bạ,2023,18.0,Tài chính - Ngân hàng
73778,DVT,tai-chinh-ngan-hang,D01,Điểm học bạ,2023,18.0,Tài chính - Ngân hàng
73779,DVT,tai-chinh-ngan-hang,A00,Điểm thi THPT,2023,15.0,Tài chính - Ngân hàng
73780,DVT,tai-chinh-ngan-hang,A01,Điểm thi THPT,2023,15.0,Tài chính - Ngân hàng
73781,DVT,tai-chinh-ngan-hang,C01,Điểm thi THPT,2023,15.0,Tài chính - Ngân hàng
73782,DVT,tai-chinh-ngan-hang,D01,Điểm thi THPT,2023,15.0,Tài chính - Ngân hàng
73783,DVT,tai-chinh-ngan-hang,A00,Điểm học bạ,2024,18.0,Tài chính - Ngân hàng
73784,DVT,tai-chinh-ngan-hang,A01,Điểm học bạ,2024,18.0,Tài chính - Ngân hàng
73785,DVT,tai-chinh-ngan-hang,C01,Điểm học bạ,2024,18.0,Tài chính - Ngân hàng
73786,DVT,tai-chinh-ngan-hang,D01,Điểm học bạ,2024,18.0,Tài chính - Ngân hàng
73787,DVT,tai-chinh-ngan-hang,A00,Điểm thi THPT,2024,15.0,Tài chính - Ngân hàng
73788,DVT,tai-chinh-ngan-hang,A01,Điểm thi THPT,2024,15.0,Tài chính - Ngân hàng
73789,DVT,tai-chinh-ngan-hang,C01,Điểm thi THPT,2024,15.0,Tài chính - Ngân hàng
73790,DVT,tai-chinh-ngan-hang,D01,Điểm thi THPT,2024,15.0,Tài chính - Ngân hàng
73791,DVT,tai-chinh-ngan-hang,A00,Điểm học bạ,2025,19.0,Tài chính - Ngân hàng
73792,DVT,tai-chinh-ngan-hang,A01,Điểm học bạ,2025,19.25,Tài chính - Ngân hàng
73793,DVT,tai-chinh-ngan-hang,C01,Điểm học bạ,2025,18.0,Tài chính - Ngân hàng
73794,DVT,tai-chinh-ngan-hang,D01,Điểm học bạ,2025,18.45,Tài chính - Ngân hàng
73795,DVT,tai-chinh-ngan-hang,X25,Điểm học bạ,2025,18.68,Tài chính - Ngân hàng
73796,DVT,tai-chinh-ngan-hang,X53,Điểm học bạ,2025,18.68,Tài chính - Ngân hàng
73797,DVT,tai-chinh-ngan-hang,X55,Điểm học bạ,2025,18.0,Tài chính - Ngân hàng
73798,DVT,tai-chinh-ngan-hang,A00,Điểm thi THPT,2025,15.0,Tài chính - Ngân hàng
73799,DVT,tai-chinh-ngan-hang,A01,Điểm thi THPT,2025,15.0,Tài chính - Ngân hàng
73800,DVT,tai-chinh-ngan-hang,C01,Điểm thi THPT,2025,15.0,Tài chính - Ngân hàng
73801,DVT,tai-chinh-ngan-hang,D01,Điểm thi THPT,2025,15.0,Tài chính - Ngân hàng
73802,DVT,tai-chinh-ngan-hang,X25,Điểm thi THPT,2025,15.0,Tài chính - Ngân hàng
73803,DVT,tai-chinh-ngan-hang,X53,Điểm thi THPT,2025,15.0,Tài chính - Ngân hàng
73804,DVT,tai-chinh-ngan-hang,X55,Điểm thi THPT,2025,15.0,Tài chính - Ngân hàng
73805,DVT,thu-y,A02,Điểm học bạ,2021,18.3,Thú y
73806,DVT,thu-y,B00,Điểm học bạ,2021,18.3,Thú y
73807,DVT,thu-y,B08,Điểm học bạ,2021,18.3,Thú y
73808,DVT,thu-y,D90,Điểm học bạ,2021,18.3,Thú y
73809,DVT,thu-y,A02,Điểm thi THPT,2021,15.0,Thú y
73810,DVT,thu-y,B00,Điểm thi THPT,2021,15.0,Thú y
73811,DVT,thu-y,B08,Điểm thi THPT,2021,15.0,Thú y
73812,DVT,thu-y,D90,Điểm thi THPT,2021,15.0,Thú y
73813,DVT,thu-y,A02,Điểm học bạ,2022,18.0,Thú y
73814,DVT,thu-y,B00,Điểm học bạ,2022,18.0,Thú y
73815,DVT,thu-y,B08,Điểm học bạ,2022,18.0,Thú y
73816,DVT,thu-y,D90,Điểm học bạ,2022,18.0,Thú y
73817,DVT,thu-y,A02,Điểm thi THPT,2022,15.0,Thú y
73818,DVT,thu-y,B00,Điểm thi THPT,2022,15.0,Thú y
73819,DVT,thu-y,B08,Điểm thi THPT,2022,15.0,Thú y
73820,DVT,thu-y,D90,Điểm thi THPT,2022,15.0,Thú y
73821,DVT,thu-y,A02,Điểm học bạ,2023,18.0,Thú y
73822,DVT,thu-y,B00,Điểm học bạ,2023,18.0,Thú y
73823,DVT,thu-y,B08,Điểm học bạ,2023,18.0,Thú y
73824,DVT,thu-y,D90,Điểm học bạ,2023,18.0,Thú y
73825,DVT,thu-y,A02,Điểm thi THPT,2023,15.0,Thú y
73826,DVT,thu-y,B00,Điểm thi THPT,2023,15.0,Thú y
73827,DVT,thu-y,B08,Điểm thi THPT,2023,15.0,Thú y
73828,DVT,thu-y,D90,Điểm thi THPT,2023,15.0,Thú y
73829,DVT,thu-y,A02,Điểm học bạ,2024,18.0,Thú y
73830,DVT,thu-y,B00,Điểm học bạ,2024,18.0,Thú y
73831,DVT,thu-y,B08,Điểm học bạ,2024,18.0,Thú y
73832,DVT,thu-y,D90,Điểm học bạ,2024,18.0,Thú y
73833,DVT,thu-y,A02,Điểm thi THPT,2024,15.0,Thú y
73834,DVT,thu-y,B00,Điểm thi THPT,2024,15.0,Thú y
73835,DVT,thu-y,B08,Điểm thi THPT,2024,15.0,Thú y
73836,DVT,thu-y,D90,Điểm thi THPT,2024,15.0,Thú y
73837,DVT,thu-y,A02,Điểm học bạ,2025,18.35,Thú y
73838,DVT,thu-y,B00,Điểm học bạ,2025,18.0,Thú y
73839,DVT,thu-y,B08,Điểm học bạ,2025,18.33,Thú y
73840,DVT,thu-y,X12,Điểm học bạ,2025,18.0,Thú y
73841,DVT,thu-y,X14,Điểm học bạ,2025,18.1,Thú y
73842,DVT,thu-y,X16,Điểm học bạ,2025,18.0,Thú y
73843,DVT,thu-y,X28,Điểm học bạ,2025,18.15,Thú y
73844,DVT,thu-y,A02,Điểm thi THPT,2025,14.0,Thú y
73845,DVT,thu-y,B00,Điểm thi THPT,2025,14.0,Thú y
73846,DVT,thu-y,B08,Điểm thi THPT,2025,14.0,Thú y
73847,DVT,thu-y,X12,Điểm thi THPT,2025,14.0,Thú y
73848,DVT,thu-y,X14,Điểm thi THPT,2025,14.0,Thú y
73849,DVT,thu-y,X16,Điểm thi THPT,2025,14.0,Thú y
73850,DVT,thu-y,X28,Điểm thi THPT,2025,14.0,Thú y
73851,DVT,thuong-mai-dien-tu,A00,Điểm học bạ,2021,18.0,Thương mại điện tử
73852,DVT,thuong-mai-dien-tu,A01,Điểm học bạ,2021,18.0,Thương mại điện tử
73853,DVT,thuong-mai-dien-tu,C01,Điểm học bạ,2021,18.0,Thương mại điện tử
73854,DVT,thuong-mai-dien-tu,D01,Điểm học bạ,2021,18.0,Thương mại điện tử
73855,DVT,thuong-mai-dien-tu,A00,Điểm thi THPT,2021,15.0,Thương mại điện tử
73856,DVT,thuong-mai-dien-tu,A01,Điểm thi THPT,2021,15.0,Thương mại điện tử
73857,DVT,thuong-mai-dien-tu,C01,Điểm thi THPT,2021,15.0,Thương mại điện tử
73858,DVT,thuong-mai-dien-tu,D01,Điểm thi THPT,2021,15.0,Thương mại điện tử
73859,DVT,thuong-mai-dien-tu,A00,Điểm học bạ,2022,18.0,Thương mại điện tử
73860,DVT,thuong-mai-dien-tu,A01,Điểm học bạ,2022,18.0,Thương mại điện tử
73861,DVT,thuong-mai-dien-tu,C14,Điểm học bạ,2022,18.0,Thương mại điện tử
73862,DVT,thuong-mai-dien-tu,C15,Điểm học bạ,2022,18.0,Thương mại điện tử
73863,DVT,thuong-mai-dien-tu,A00,Điểm thi THPT,2022,15.0,Thương mại điện tử
73864,DVT,thuong-mai-dien-tu,A01,Điểm thi THPT,2022,15.0,Thương mại điện tử
73865,DVT,thuong-mai-dien-tu,C14,Điểm thi THPT,2022,15.0,Thương mại điện tử
73866,DVT,thuong-mai-dien-tu,C15,Điểm thi THPT,2022,15.0,Thương mại điện tử
73867,DVT,thuong-mai-dien-tu,A00,Điểm học bạ,2023,18.0,Thương mại điện tử
73868,DVT,thuong-mai-dien-tu,A01,Điểm học bạ,2023,18.0,Thương mại điện tử
73869,DVT,thuong-mai-dien-tu,C14,Điểm học bạ,2023,18.0,Thương mại điện tử
73870,DVT,thuong-mai-dien-tu,C15,Điểm học bạ,2023,18.0,Thương mại điện tử
73871,DVT,thuong-mai-dien-tu,A00,Điểm thi THPT,2023,15.0,Thương mại điện tử
73872,DVT,thuong-mai-dien-tu,A01,Điểm thi THPT,2023,15.0,Thương mại điện tử
73873,DVT,thuong-mai-dien-tu,C14,Điểm thi THPT,2023,15.0,Thương mại điện tử
73874,DVT,thuong-mai-dien-tu,C15,Điểm thi THPT,2023,15.0,Thương mại điện tử
73875,DVT,thuong-mai-dien-tu,A00,Điểm học bạ,2024,18.0,Thương mại điện tử
73876,DVT,thuong-mai-dien-tu,A01,Điểm học bạ,2024,18.0,Thương mại điện tử
73877,DVT,thuong-mai-dien-tu,C14,Điểm học bạ,2024,18.0,Thương mại điện tử
73878,DVT,thuong-mai-dien-tu,C15,Điểm học bạ,2024,18.0,Thương mại điện tử
73879,DVT,thuong-mai-dien-tu,A00,Điểm thi THPT,2024,15.0,Thương mại điện tử
73880,DVT,thuong-mai-dien-tu,A01,Điểm thi THPT,2024,15.0,Thương mại điện tử
73881,DVT,thuong-mai-dien-tu,C14,Điểm thi THPT,2024,15.0,Thương mại điện tử
73882,DVT,thuong-mai-dien-tu,C15,Điểm thi THPT,2024,15.0,Thương mại điện tử
73883,DVT,thuong-mai-dien-tu,A00,Điểm học bạ,2025,19.0,Thương mại điện tử
73884,DVT,thuong-mai-dien-tu,A01,Điểm học bạ,2025,19.25,Thương mại điện tử
73885,DVT,thuong-mai-dien-tu,C14,Điểm học bạ,2025,18.0,Thương mại điện tử
73886,DVT,thuong-mai-dien-tu,X06,Điểm học bạ,2025,18.13,Thương mại điện tử
73887,DVT,thuong-mai-dien-tu,X07,Điểm học bạ,2025,18.79,Thương mại điện tử
73888,DVT,thuong-mai-dien-tu,X26,Điểm học bạ,2025,19.14,Thương mại điện tử
73889,DVT,thuong-mai-dien-tu,X56,Điểm học bạ,2025,18.0,Thương mại điện tử
73890,DVT,thuong-mai-dien-tu,A00,Điểm thi THPT,2025,15.0,Thương mại điện tử
73891,DVT,thuong-mai-dien-tu,A01,Điểm thi THPT,2025,15.0,Thương mại điện tử
73892,DVT,thuong-mai-dien-tu,C14,Điểm thi THPT,2025,15.0,Thương mại điện tử
73893,DVT,thuong-mai-dien-tu,X06,Điểm thi THPT,2025,15.0,Thương mại điện tử
73894,DVT,thuong-mai-dien-tu,X07,Điểm thi THPT,2025,15.0,Thương mại điện tử
73895,DVT,thuong-mai-dien-tu,X26,Điểm thi THPT,2025,15.0,Thương mại điện tử
73896,DVT,thuong-mai-dien-tu,X56,Điểm thi THPT,2025,15.0,Thương mại điện tử
73897,DVT,ton-giao-hoc,C00,Điểm học bạ,2021,18.0,Tôn giáo học
73898,DVT,ton-giao-hoc,C20,Điểm học bạ,2021,18.0,Tôn giáo học
73899,DVT,ton-giao-hoc,D14,Điểm học bạ,2021,18.0,Tôn giáo học
73900,DVT,ton-giao-hoc,D15,Điểm học bạ,2021,18.0,Tôn giáo học
73901,DVT,ton-giao-hoc,C00,Điểm thi THPT,2021,15.0,Tôn giáo học
73902,DVT,ton-giao-hoc,C20,Điểm thi THPT,2021,15.0,Tôn giáo học
73903,DVT,ton-giao-hoc,D14,Điểm thi THPT,2021,15.0,Tôn giáo học
73904,DVT,ton-giao-hoc,D15,Điểm thi THPT,2021,15.0,Tôn giáo học
73905,DVT,ton-giao-hoc,C00,Điểm học bạ,2022,18.0,Tôn giáo học
73906,DVT,ton-giao-hoc,C20,Điểm học bạ,2022,18.0,Tôn giáo học
73907,DVT,ton-giao-hoc,D14,Điểm học bạ,2022,18.0,Tôn giáo học
73908,DVT,ton-giao-hoc,D15,Điểm học bạ,2022,18.0,Tôn giáo học
73909,DVT,ton-giao-hoc,C00,Điểm thi THPT,2022,15.0,Tôn giáo học
73910,DVT,ton-giao-hoc,C20,Điểm thi THPT,2022,15.0,Tôn giáo học
73911,DVT,ton-giao-hoc,D14,Điểm thi THPT,2022,15.0,Tôn giáo học
73912,DVT,ton-giao-hoc,D15,Điểm thi THPT,2022,15.0,Tôn giáo học
73913,DVT,tri-tue-nhan-tao,A00,Điểm học bạ,2023,18.0,Trí tuệ nhân tạo
73914,DVT,tri-tue-nhan-tao,A01,Điểm học bạ,2023,18.0,Trí tuệ nhân tạo
73915,DVT,tri-tue-nhan-tao,C01,Điểm học bạ,2023,18.0,Trí tuệ nhân tạo
73916,DVT,tri-tue-nhan-tao,D07,Điểm học bạ,2023,18.0,Trí tuệ nhân tạo
73917,DVT,tri-tue-nhan-tao,A00,Điểm thi THPT,2023,15.0,Trí tuệ nhân tạo
73918,DVT,tri-tue-nhan-tao,A01,Điểm thi THPT,2023,15.0,Trí tuệ nhân tạo
73919,DVT,tri-tue-nhan-tao,C01,Điểm thi THPT,2023,15.0,Trí tuệ nhân tạo
73920,DVT,tri-tue-nhan-tao,D07,Điểm thi THPT,2023,15.0,Trí tuệ nhân tạo
73921,DVT,tri-tue-nhan-tao,A00,Điểm học bạ,2024,18.0,Trí tuệ nhân tạo
73922,DVT,tri-tue-nhan-tao,A01,Điểm học bạ,2024,18.0,Trí tuệ nhân tạo
73923,DVT,tri-tue-nhan-tao,C01,Điểm học bạ,2024,18.0,Trí tuệ nhân tạo
73924,DVT,tri-tue-nhan-tao,D07,Điểm học bạ,2024,18.0,Trí tuệ nhân tạo
73925,DVT,tri-tue-nhan-tao,A00,Điểm thi THPT,2024,15.0,Trí tuệ nhân tạo
73926,DVT,tri-tue-nhan-tao,A01,Điểm thi THPT,2024,15.0,Trí tuệ nhân tạo
73927,DVT,tri-tue-nhan-tao,C01,Điểm thi THPT,2024,15.0,Trí tuệ nhân tạo
73928,DVT,tri-tue-nhan-tao,D07,Điểm thi THPT,2024,15.0,Trí tuệ nhân tạo
73929,DVT,tri-tue-nhan-tao,A00,Điểm học bạ,2025,19.0,Trí tuệ nhân tạo
73930,DVT,tri-tue-nhan-tao,A01,Điểm học bạ,2025,19.25,Trí tuệ nhân tạo
73931,DVT,tri-tue-nhan-tao,D01,Điểm học bạ,2025,18.45,Trí tuệ nhân tạo
73932,DVT,tri-tue-nhan-tao,D07,Điểm học bạ,2025,19.51,Trí tuệ nhân tạo
73933,DVT,tri-tue-nhan-tao,X06,Điểm học bạ,2025,18.13,Trí tuệ nhân tạo
73934,DVT,tri-tue-nhan-tao,X26,Điểm học bạ,2025,19.14,Trí tuệ nhân tạo
73935,DVT,tri-tue-nhan-tao,X27,Điểm học bạ,2025,21.23,Trí tuệ nhân tạo
73936,DVT,tri-tue-nhan-tao,A00,Điểm thi THPT,2025,15.0,Trí tuệ nhân tạo
73937,DVT,tri-tue-nhan-tao,A01,Điểm thi THPT,2025,15.0,Trí tuệ nhân tạo
73938,DVT,tri-tue-nhan-tao,D01,Điểm thi THPT,2025,15.0,Trí tuệ nhân tạo
73939,DVT,tri-tue-nhan-tao,D07,Điểm thi THPT,2025,15.0,Trí tuệ nhân tạo
73940,DVT,tri-tue-nhan-tao,X06,Điểm thi THPT,2025,15.0,Trí tuệ nhân tạo
73941,DVT,tri-tue-nhan-tao,X26,Điểm thi THPT,2025,15.0,Trí tuệ nhân tạo
73942,DVT,tri-tue-nhan-tao,X27,Điểm thi THPT,2025,15.0,Trí tuệ nhân tạo
73943,DVT,van-hoa-cac-dan-toc-thieu-so-viet-nam,C00,Điểm thi THPT,2021,16.25,Văn hóa các dân tộc thiểu số Việt Nam
73944,DVT,van-hoa-cac-dan-toc-thieu-so-viet-nam,D14,Điểm thi THPT,2021,16.25,Văn hóa các dân tộc thiểu số Việt Nam
73945,DVT,van-hoa-hoc,C00,Điểm học bạ,2021,18.0,Văn hoá học
73946,DVT,van-hoa-hoc,D14,Điểm học bạ,2021,18.0,Văn hoá học
73947,DVT,van-hoa-hoc,C00,Điểm thi THPT,2021,15.0,Văn hoá học
73948,DVT,van-hoa-hoc,D14,Điểm thi THPT,2021,15.0,Văn hoá học
73949,DVT,van-hoa-hoc,C00,Điểm học bạ,2022,18.0,Văn hoá học
73950,DVT,van-hoa-hoc,D14,Điểm học bạ,2022,18.0,Văn hoá học
73951,DVT,van-hoa-hoc,C00,Điểm thi THPT,2022,15.0,Văn hoá học
73952,DVT,van-hoa-hoc,D14,Điểm thi THPT,2022,15.0,Văn hoá học
73953,DVT,van-hoa-hoc,C00,Điểm học bạ,2023,18.0,Văn hoá học
73954,DVT,van-hoa-hoc,D14,Điểm học bạ,2023,18.0,Văn hoá học
73955,DVT,van-hoa-hoc,C00,Điểm thi THPT,2023,15.0,Văn hoá học
73956,DVT,van-hoa-hoc,D14,Điểm thi THPT,2023,15.0,Văn hoá học
73957,DVT,van-hoa-hoc,C00,Điểm học bạ,2024,18.0,Văn hoá học
73958,DVT,van-hoa-hoc,D14,Điểm học bạ,2024,18.0,Văn hoá học
73959,DVT,van-hoa-hoc,C00,Điểm thi THPT,2024,15.0,Văn hoá học
73960,DVT,van-hoa-hoc,D14,Điểm thi THPT,2024,15.0,Văn hoá học
73961,DVT,van-hoa-hoc,C00,Điểm học bạ,2025,18.0,Văn hóa học
73962,DVT,van-hoa-hoc,C04,Điểm học bạ,2025,18.0,Văn hóa học
73963,DVT,van-hoa-hoc,D01,Điểm học bạ,2025,18.45,Văn hóa học
73964,DVT,van-hoa-hoc,D14,Điểm học bạ,2025,18.0,Văn hóa học
73965,DVT,van-hoa-hoc,D15,Điểm học bạ,2025,18.0,Văn hóa học
73966,DVT,van-hoa-hoc,X70,Điểm học bạ,2025,18.0,Văn hóa học
73967,DVT,van-hoa-hoc,X74,Điểm học bạ,2025,18.0,Văn hóa học
73968,DVT,van-hoa-hoc,C00,Điểm thi THPT,2025,15.0,Văn hóa học
73969,DVT,van-hoa-hoc,C04,Điểm thi THPT,2025,15.0,Văn hóa học
73970,DVT,van-hoa-hoc,D01,Điểm thi THPT,2025,15.0,Văn hóa học
73971,DVT,van-hoa-hoc,D14,Điểm thi THPT,2025,15.0,Văn hóa học
73972,DVT,van-hoa-hoc,D15,Điểm thi THPT,2025,15.0,Văn hóa học
73973,DVT,van-hoa-hoc,X70,Điểm thi THPT,2025,15.0,Văn hóa học
73974,DVT,van-hoa-hoc,X74,Điểm thi THPT,2025,15.0,Văn hóa học
73975,DVT,y-hoc-du-phong,B00,Điểm học bạ,2021,18.9,Y học dự phòng
73976,DVT,y-hoc-du-phong,B08,Điểm học bạ,2021,18.9,Y học dự phòng
73977,DVT,y-hoc-du-phong,B00,Điểm thi THPT,2021,19.5,Y học dự phòng
73978,DVT,y-hoc-du-phong,B08,Điểm thi THPT,2021,19.5,Y học dự phòng
73979,DVT,y-hoc-du-phong,B00,Điểm học bạ,2022,19.0,Y học dự phòng
73980,DVT,y-hoc-du-phong,B08,Điểm học bạ,2022,19.0,Y học dự phòng
73981,DVT,y-hoc-du-phong,B00,Điểm thi THPT,2022,19.0,Y học dự phòng
73982,DVT,y-hoc-du-phong,B08,Điểm thi THPT,2022,19.0,Y học dự phòng
73983,DVT,y-hoc-du-phong,B00,Điểm học bạ,2023,19.0,Y học dự phòng
73984,DVT,y-hoc-du-phong,B08,Điểm học bạ,2023,19.0,Y học dự phòng
73985,DVT,y-hoc-du-phong,B00,Điểm thi THPT,2023,19.0,Y học dự phòng
73986,DVT,y-hoc-du-phong,B08,Điểm thi THPT,2023,19.0,Y học dự phòng
73987,DVT,y-hoc-du-phong,B00,Điểm học bạ,2024,19.0,Y hoc dự phòng
73988,DVT,y-hoc-du-phong,B08,Điểm học bạ,2024,19.0,Y hoc dự phòng
73989,DVT,y-hoc-du-phong,B00,Điểm thi THPT,2024,19.0,Y học dự phòng
73990,DVT,y-hoc-du-phong,B08,Điểm thi THPT,2024,19.0,Y học dự phòng
73991,DVT,y-hoc-du-phong,B00,Điểm học bạ,2025,20.48,Y học dự phòng
73992,DVT,y-hoc-du-phong,B08,Điểm học bạ,2025,21.33,Y học dự phòng
73993,DVT,y-hoc-du-phong,B00,Điểm thi THPT,2025,17.0,Y học dự phòng
73994,DVT,y-hoc-du-phong,B08,Điểm thi THPT,2025,17.0,Y học dự phòng
73995,DVT,y-khoa,B00,Điểm thi THPT,2021,25.8,Y khoa
73996,DVT,y-khoa,B08,Điểm thi THPT,2021,25.8,Y khoa
73997,DVT,y-khoa,B00,Điểm thi THPT,2022,24.6,Y khoa
73998,DVT,y-khoa,B08,Điểm thi THPT,2022,24.6,Y khoa
73999,DVT,y-khoa,B00,Điểm thi THPT,2023,24.45,Y khoa
74000,DVT,y-khoa,B08,Điểm thi THPT,2023,24.45,Y khoa
74001,DVT,y-khoa,B00,Điểm thi THPT,2024,25.0,Y khoa
74002,DVT,y-khoa,B08,Điểm thi THPT,2024,25.0,Y khoa
74003,DVT,y-khoa,B00,Điểm thi THPT,2025,21.25,Y khoa
74004,DVT,y-khoa,B08,Điểm thi THPT,2025,21.25,Y khoa
74005,DVT,y-te-cong-cong,A00,Điểm học bạ,2021,18.0,Y tế Công cộng
74006,DVT,y-te-cong-cong,B00,Điểm học bạ,2021,18.0,Y tế Công cộng
74007,DVT,y-te-cong-cong,A00,Điểm thi THPT,2021,15.0,Y tế Công cộng
74008,DVT,y-te-cong-cong,B00,Điểm thi THPT,2021,15.0,Y tế Công cộng
74009,DVT,y-te-cong-cong,A00,Điểm học bạ,2022,18.0,Y tế Công cộng
74010,DVT,y-te-cong-cong,B00,Điểm học bạ,2022,18.0,Y tế Công cộng
74011,DVT,y-te-cong-cong,A00,Điểm thi THPT,2022,15.0,Y tế Công cộng
74012,DVT,y-te-cong-cong,B00,Điểm thi THPT,2022,15.0,Y tế Công cộng
74013,DVT,y-te-cong-cong,A00,Điểm học bạ,2023,18.0,Y tế công cộng
74014,DVT,y-te-cong-cong,B00,Điểm học bạ,2023,18.0,Y tế công cộng
74015,DVT,y-te-cong-cong,A00,Điểm thi THPT,2023,15.0,Y tế công cộng
74016,DVT,y-te-cong-cong,B00,Điểm thi THPT,2023,15.0,Y tế công cộng
74017,DVT,y-te-cong-cong,A00,Điểm học bạ,2024,18.0,Y tế công cộng
74018,DVT,y-te-cong-cong,B00,Điểm học bạ,2024,18.0,Y tế công cộng
74019,DVT,y-te-cong-cong,A00,Điểm thi THPT,2024,15.0,Y tế công cộng
74020,DVT,y-te-cong-cong,B00,Điểm thi THPT,2024,15.0,Y tế công cộng
74021,DVT,y-te-cong-cong,A00,Điểm học bạ,2025,19.0,Y tế công cộng
74022,DVT,y-te-cong-cong,B00,Điểm học bạ,2025,18.48,Y tế công cộng
74023,DVT,y-te-cong-cong,A00,Điểm thi THPT,2025,15.0,Y tế công cộng
74024,DVT,y-te-cong-cong,B00,Điểm thi THPT,2025,15.0,Y tế công cộng
74025,DVX,cong-nghe-sinh-hoc,B00,Điểm học bạ,2022,17.0,Công nghệ sinh học
74026,DVX,cong-nghe-sinh-hoc,B02,Điểm học bạ,2022,17.0,Công nghệ sinh học
74027,DVX,cong-nghe-sinh-hoc,C08,Điểm học bạ,2022,17.0,Công nghệ sinh học
74028,DVX,cong-nghe-sinh-hoc,D90,Điểm học bạ,2022,17.0,Công nghệ sinh học
74029,DVX,cong-nghe-sinh-hoc,B00,Điểm thi THPT,2022,15.0,Công nghệ sinh học
74030,DVX,cong-nghe-sinh-hoc,B02,Điểm thi THPT,2022,15.0,Công nghệ sinh học
74031,DVX,cong-nghe-sinh-hoc,C08,Điểm thi THPT,2022,15.0,Công nghệ sinh học
74032,DVX,cong-nghe-sinh-hoc,D90,Điểm thi THPT,2022,15.0,Công nghệ sinh học
74033,DVX,cong-nghe-thong-tin,A00,Điểm học bạ,2022,17.0,Công nghệ thông tin
74034,DVX,cong-nghe-thong-tin,A01,Điểm học bạ,2022,17.0,Công nghệ thông tin
74035,DVX,cong-nghe-thong-tin,A16,Điểm học bạ,2022,17.0,Công nghệ thông tin
74036,DVX,cong-nghe-thong-tin,D90,Điểm học bạ,2022,17.0,Công nghệ thông tin
74037,DVX,cong-nghe-thong-tin,A00,Điểm thi THPT,2022,15.0,Công nghệ thông tin
74038,DVX,cong-nghe-thong-tin,A01,Điểm thi THPT,2022,15.0,Công nghệ thông tin
74039,DVX,cong-nghe-thong-tin,A16,Điểm thi THPT,2022,15.0,Công nghệ thông tin
74040,DVX,cong-nghe-thong-tin,D90,Điểm thi THPT,2022,15.0,Công nghệ thông tin
74041,DVX,ke-toan,A00,Điểm học bạ,2022,17.0,Kế toán
74042,DVX,ke-toan,A01,Điểm học bạ,2022,17.0,Kế toán
74043,DVX,ke-toan,D01,Điểm học bạ,2022,17.0,Kế toán
74044,DVX,ke-toan,D90,Điểm học bạ,2022,17.0,Kế toán
74045,DVX,ke-toan,A00,Điểm thi THPT,2022,15.0,Kế toán
74046,DVX,ke-toan,A01,Điểm thi THPT,2022,15.0,Kế toán
74047,DVX,ke-toan,D01,Điểm thi THPT,2022,15.0,Kế toán
74048,DVX,ke-toan,D90,Điểm thi THPT,2022,15.0,Kế toán
74049,DVX,ky-thuat-xay-dung,A00,Điểm học bạ,2022,17.0,Kỹ thuật xây dựng
74050,DVX,ky-thuat-xay-dung,A01,Điểm học bạ,2022,17.0,Kỹ thuật xây dựng
74051,DVX,ky-thuat-xay-dung,C01,Điểm học bạ,2022,17.0,Kỹ thuật xây dựng
74052,DVX,ky-thuat-xay-dung,D07,Điểm học bạ,2022,17.0,Kỹ thuật xây dựng
74053,DVX,ky-thuat-xay-dung,A00,Điểm thi THPT,2022,15.0,Kỹ thuật xây dựng
74054,DVX,ky-thuat-xay-dung,A01,Điểm thi THPT,2022,15.0,Kỹ thuật xây dựng
74055,DVX,ky-thuat-xay-dung,C01,Điểm thi THPT,2022,15.0,Kỹ thuật xây dựng
74056,DVX,ky-thuat-xay-dung,D07,Điểm thi THPT,2022,15.0,Kỹ thuật xây dựng
74057,DVX,ngon-ngu-anh,A01,Điểm học bạ,2022,17.0,Ngôn ngữ Anh
74058,DVX,ngon-ngu-anh,D01,Điểm học bạ,2022,17.0,Ngôn ngữ Anh
74059,DVX,ngon-ngu-anh,D78,Điểm học bạ,2022,17.0,Ngôn ngữ Anh
74060,DVX,ngon-ngu-anh,D90,Điểm học bạ,2022,17.0,Ngôn ngữ Anh
74061,DVX,ngon-ngu-anh,A01,Điểm thi THPT,2022,15.0,Ngôn ngữ Anh
74062,DVX,ngon-ngu-anh,D01,Điểm thi THPT,2022,15.0,Ngôn ngữ Anh
74063,DVX,ngon-ngu-anh,D78,Điểm thi THPT,2022,15.0,Ngôn ngữ Anh
74064,DVX,ngon-ngu-anh,D90,Điểm thi THPT,2022,15.0,Ngôn ngữ Anh
74065,DVX,quan-tri-khach-san,C00,Điểm học bạ,2022,17.0,Quản trị khách sạn
74066,DVX,quan-tri-khach-san,C15,Điểm học bạ,2022,17.0,Quản trị khách sạn
74067,DVX,quan-tri-khach-san,D78,Điểm học bạ,2022,17.0,Quản trị khách sạn
74068,DVX,quan-tri-khach-san,D96,Điểm học bạ,2022,17.0,Quản trị khách sạn
74069,DVX,quan-tri-khach-san,C00,Điểm thi THPT,2022,15.0,Quản trị khách sạn
74070,DVX,quan-tri-khach-san,C15,Điểm thi THPT,2022,15.0,Quản trị khách sạn
74071,DVX,quan-tri-khach-san,D78,Điểm thi THPT,2022,15.0,Quản trị khách sạn
74072,DVX,quan-tri-khach-san,D96,Điểm thi THPT,2022,15.0,Quản trị khách sạn
74073,DVX,quan-tri-kinh-doanh,A12,Điểm học bạ,2022,17.0,Quản trị kinh doanh
74074,DVX,quan-tri-kinh-doanh,C01,Điểm học bạ,2022,17.0,Quản trị kinh doanh
74075,DVX,quan-tri-kinh-doanh,D01,Điểm học bạ,2022,17.0,Quản trị kinh doanh
74076,DVX,quan-tri-kinh-doanh,D90,Điểm học bạ,2022,17.0,Quản trị kinh doanh
74077,DVX,quan-tri-kinh-doanh,A12,Điểm thi THPT,2022,15.0,Quản trị kinh doanh
74078,DVX,quan-tri-kinh-doanh,C01,Điểm thi THPT,2022,15.0,Quản trị kinh doanh
74079,DVX,quan-tri-kinh-doanh,D01,Điểm thi THPT,2022,15.0,Quản trị kinh doanh
74080,DVX,quan-tri-kinh-doanh,D90,Điểm thi THPT,2022,15.0,Quản trị kinh doanh
74081,DVX,tai-chinh-ngan-hang,A00,Điểm học bạ,2022,17.0,Tài chính ngân hàng
74082,DVX,tai-chinh-ngan-hang,A01,Điểm học bạ,2022,17.0,Tài chính ngân hàng
74083,DVX,tai-chinh-ngan-hang,D01,Điểm học bạ,2022,17.0,Tài chính ngân hàng
74084,DVX,tai-chinh-ngan-hang,D90,Điểm học bạ,2022,17.0,Tài chính ngân hàng
74085,DVX,tai-chinh-ngan-hang,A00,Điểm thi THPT,2022,15.0,Tài chính ngân hàng
74086,DVX,tai-chinh-ngan-hang,A01,Điểm thi THPT,2022,15.0,Tài chính ngân hàng
74087,DVX,tai-chinh-ngan-hang,D01,Điểm thi THPT,2022,15.0,Tài chính ngân hàng
74088,DVX,tai-chinh-ngan-hang,D90,Điểm thi THPT,2022,15.0,Tài chính ngân hàng
74089,DYD,cong-nghe-ky-thuat-o-to,A00,Điểm thi THPT,2021,15.0,Công nghệ kỹ thuật ô tô
74090,DYD,cong-nghe-ky-thuat-o-to,A01,Điểm thi THPT,2021,15.0,Công nghệ kỹ thuật ô tô
74091,DYD,cong-nghe-ky-thuat-o-to,C01,Điểm thi THPT,2021,15.0,Công nghệ kỹ thuật ô tô
74092,DYD,cong-nghe-ky-thuat-o-to,D01,Điểm thi THPT,2021,15.0,Công nghệ kỹ thuật ô tô
74093,DYD,cong-nghe-ky-thuat-o-to,A00,Điểm học bạ,2022,17.0,Công nghệ kỹ thuật ô tô
74094,DYD,cong-nghe-ky-thuat-o-to,A01,Điểm học bạ,2022,17.0,Công nghệ kỹ thuật ô tô
74095,DYD,cong-nghe-ky-thuat-o-to,C01,Điểm học bạ,2022,17.0,Công nghệ kỹ thuật ô tô
74096,DYD,cong-nghe-ky-thuat-o-to,D01,Điểm học bạ,2022,17.0,Công nghệ kỹ thuật ô tô
74097,DYD,cong-nghe-ky-thuat-o-to,A00,Điểm thi THPT,2022,18.0,Công nghệ kỹ thuật ô tô
74098,DYD,cong-nghe-ky-thuat-o-to,A01,Điểm thi THPT,2022,18.0,Công nghệ kỹ thuật ô tô
74099,DYD,cong-nghe-ky-thuat-o-to,C01,Điểm thi THPT,2022,18.0,Công nghệ kỹ thuật ô tô
74100,DYD,cong-nghe-ky-thuat-o-to,D01,Điểm thi THPT,2022,18.0,Công nghệ kỹ thuật ô tô
74101,DYD,cong-nghe-ky-thuat-o-to,A00,Điểm học bạ,2023,18.0,Công nghệ kỹ thuật ô tô
74102,DYD,cong-nghe-ky-thuat-o-to,A01,Điểm học bạ,2023,18.0,Công nghệ kỹ thuật ô tô
74103,DYD,cong-nghe-ky-thuat-o-to,C01,Điểm học bạ,2023,18.0,Công nghệ kỹ thuật ô tô
74104,DYD,cong-nghe-ky-thuat-o-to,D01,Điểm học bạ,2023,18.0,Công nghệ kỹ thuật ô tô
74105,DYD,cong-nghe-ky-thuat-o-to,A00,Điểm thi THPT,2023,17.0,Công nghệ kỹ thuật ô tô
74106,DYD,cong-nghe-ky-thuat-o-to,A01,Điểm thi THPT,2023,17.0,Công nghệ kỹ thuật ô tô
74107,DYD,cong-nghe-ky-thuat-o-to,C01,Điểm thi THPT,2023,17.0,Công nghệ kỹ thuật ô tô
74108,DYD,cong-nghe-ky-thuat-o-to,D01,Điểm thi THPT,2023,17.0,Công nghệ kỹ thuật ô tô
74109,DYD,cong-nghe-ky-thuat-o-to,A00,Điểm học bạ,2024,18.0,Công nghệ kỹ thuật ô tô
74110,DYD,cong-nghe-ky-thuat-o-to,A01,Điểm học bạ,2024,18.0,Công nghệ kỹ thuật ô tô
74111,DYD,cong-nghe-ky-thuat-o-to,C01,Điểm học bạ,2024,18.0,Công nghệ kỹ thuật ô tô
74112,DYD,cong-nghe-ky-thuat-o-to,D01,Điểm học bạ,2024,18.0,Công nghệ kỹ thuật ô tô
74113,DYD,cong-nghe-ky-thuat-o-to,A00,Điểm thi THPT,2024,17.0,Công nghệ kỹ thuật ô tô
74114,DYD,cong-nghe-ky-thuat-o-to,A01,Điểm thi THPT,2024,17.0,Công nghệ kỹ thuật ô tô
74115,DYD,cong-nghe-ky-thuat-o-to,C01,Điểm thi THPT,2024,17.0,Công nghệ kỹ thuật ô tô
74116,DYD,cong-nghe-ky-thuat-o-to,D01,Điểm thi THPT,2024,17.0,Công nghệ kỹ thuật ô tô
74117,DYD,cong-nghe-ky-thuat-o-to,A00,Điểm học bạ,2025,18.0,Công nghệ kỹ thuật ô tô
74118,DYD,cong-nghe-ky-thuat-o-to,A01,Điểm học bạ,2025,18.0,Công nghệ kỹ thuật ô tô
74119,DYD,cong-nghe-ky-thuat-o-to,C01,Điểm học bạ,2025,18.0,Công nghệ kỹ thuật ô tô
74120,DYD,cong-nghe-ky-thuat-o-to,D01,Điểm học bạ,2025,18.0,Công nghệ kỹ thuật ô tô
74121,DYD,cong-nghe-ky-thuat-o-to,K01,Điểm học bạ,2025,18.0,Công nghệ kỹ thuật ô tô
74122,DYD,cong-nghe-ky-thuat-o-to,X02,Điểm học bạ,2025,18.0,Công nghệ kỹ thuật ô tô
74123,DYD,cong-nghe-ky-thuat-o-to,X06,Điểm học bạ,2025,18.0,Công nghệ kỹ thuật ô tô
74124,DYD,cong-nghe-ky-thuat-o-to,X07,Điểm học bạ,2025,18.0,Công nghệ kỹ thuật ô tô
74125,DYD,cong-nghe-ky-thuat-o-to,X27,Điểm học bạ,2025,18.0,Công nghệ kỹ thuật ô tô
74126,DYD,cong-nghe-ky-thuat-o-to,X56,Điểm học bạ,2025,18.0,Công nghệ kỹ thuật ô tô
74127,DYD,cong-nghe-ky-thuat-o-to,A00,Điểm thi THPT,2025,15.5,Công nghệ kỹ thuật ô tô
74128,DYD,cong-nghe-ky-thuat-o-to,A01,Điểm thi THPT,2025,15.5,Công nghệ kỹ thuật ô tô
74129,DYD,cong-nghe-ky-thuat-o-to,C01,Điểm thi THPT,2025,15.5,Công nghệ kỹ thuật ô tô
74130,DYD,cong-nghe-ky-thuat-o-to,D01,Điểm thi THPT,2025,15.5,Công nghệ kỹ thuật ô tô
74131,DYD,cong-nghe-ky-thuat-o-to,K01,Điểm thi THPT,2025,15.5,Công nghệ kỹ thuật ô tô
74132,DYD,cong-nghe-ky-thuat-o-to,X02,Điểm thi THPT,2025,15.5,Công nghệ kỹ thuật ô tô
74133,DYD,cong-nghe-ky-thuat-o-to,X06,Điểm thi THPT,2025,15.5,Công nghệ kỹ thuật ô tô
74134,DYD,cong-nghe-ky-thuat-o-to,X07,Điểm thi THPT,2025,15.5,Công nghệ kỹ thuật ô tô
74135,DYD,cong-nghe-ky-thuat-o-to,X27,Điểm thi THPT,2025,15.5,Công nghệ kỹ thuật ô tô
74136,DYD,cong-nghe-ky-thuat-o-to,X56,Điểm thi THPT,2025,15.5,Công nghệ kỹ thuật ô tô
74137,DYD,cong-nghe-sinh-hoc,A00,Điểm thi THPT,2021,15.0,Công nghệ sinh học
74138,DYD,cong-nghe-sinh-hoc,A01,Điểm thi THPT,2021,15.0,Công nghệ sinh học
74139,DYD,cong-nghe-sinh-hoc,B00,Điểm thi THPT,2021,15.0,Công nghệ sinh học
74140,DYD,cong-nghe-sinh-hoc,D01,Điểm thi THPT,2021,15.0,Công nghệ sinh học
74141,DYD,cong-nghe-sinh-hoc,A00,Điểm học bạ,2022,17.0,Công nghệ sinh học
74142,DYD,cong-nghe-sinh-hoc,A01,Điểm học bạ,2022,17.0,Công nghệ sinh học
74143,DYD,cong-nghe-sinh-hoc,B00,Điểm học bạ,2022,17.0,Công nghệ sinh học
74144,DYD,cong-nghe-sinh-hoc,D01,Điểm học bạ,2022,17.0,Công nghệ sinh học
74145,DYD,cong-nghe-sinh-hoc,A00,Điểm thi THPT,2022,18.0,Công nghệ sinh học
74146,DYD,cong-nghe-sinh-hoc,A01,Điểm thi THPT,2022,18.0,Công nghệ sinh học
74147,DYD,cong-nghe-sinh-hoc,B00,Điểm thi THPT,2022,18.0,Công nghệ sinh học
74148,DYD,cong-nghe-sinh-hoc,D01,Điểm thi THPT,2022,18.0,Công nghệ sinh học
74149,DYD,cong-nghe-sinh-hoc,A00,Điểm học bạ,2023,18.0,Công nghệ sinh học
74150,DYD,cong-nghe-sinh-hoc,A01,Điểm học bạ,2023,18.0,Công nghệ sinh học
74151,DYD,cong-nghe-sinh-hoc,B00,Điểm học bạ,2023,18.0,Công nghệ sinh học
74152,DYD,cong-nghe-sinh-hoc,D01,Điểm học bạ,2023,18.0,Công nghệ sinh học
74153,DYD,cong-nghe-sinh-hoc,A00,Điểm thi THPT,2023,17.0,Công nghệ sinh học
74154,DYD,cong-nghe-sinh-hoc,A01,Điểm thi THPT,2023,17.0,Công nghệ sinh học
74155,DYD,cong-nghe-sinh-hoc,B00,Điểm thi THPT,2023,17.0,Công nghệ sinh học
74156,DYD,cong-nghe-sinh-hoc,D01,Điểm thi THPT,2023,17.0,Công nghệ sinh học
74157,DYD,cong-nghe-sinh-hoc,A00,Điểm học bạ,2024,18.0,Công nghệ sinh học
74158,DYD,cong-nghe-sinh-hoc,A01,Điểm học bạ,2024,18.0,Công nghệ sinh học
74159,DYD,cong-nghe-sinh-hoc,B00,Điểm học bạ,2024,18.0,Công nghệ sinh học
74160,DYD,cong-nghe-sinh-hoc,D01,Điểm học bạ,2024,18.0,Công nghệ sinh học
74161,DYD,cong-nghe-sinh-hoc,A00,Điểm thi THPT,2024,17.0,Công nghệ sinh học
74162,DYD,cong-nghe-sinh-hoc,A01,Điểm thi THPT,2024,17.0,Công nghệ sinh học
74163,DYD,cong-nghe-sinh-hoc,B00,Điểm thi THPT,2024,17.0,Công nghệ sinh học
74164,DYD,cong-nghe-sinh-hoc,D01,Điểm thi THPT,2024,17.0,Công nghệ sinh học
74165,DYD,cong-nghe-sinh-hoc,A02,Điểm học bạ,2025,18.0,Công nghệ sinh học
74166,DYD,cong-nghe-sinh-hoc,B00,Điểm học bạ,2025,18.0,Công nghệ sinh học
74167,DYD,cong-nghe-sinh-hoc,B03,Điểm học bạ,2025,18.0,Công nghệ sinh học
74168,DYD,cong-nghe-sinh-hoc,B08,Điểm học bạ,2025,18.0,Công nghệ sinh học
74169,DYD,cong-nghe-sinh-hoc,C08,Điểm học bạ,2025,18.0,Công nghệ sinh học
74170,DYD,cong-nghe-sinh-hoc,D01,Điểm học bạ,2025,18.0,Công nghệ sinh học
74171,DYD,cong-nghe-sinh-hoc,X14,Điểm học bạ,2025,18.0,Công nghệ sinh học
74172,DYD,cong-nghe-sinh-hoc,X16,Điểm học bạ,2025,18.0,Công nghệ sinh học
74173,DYD,cong-nghe-sinh-hoc,X66,Điểm học bạ,2025,18.0,Công nghệ sinh học
74174,DYD,cong-nghe-sinh-hoc,A02,Điểm thi THPT,2025,15.5,Công nghệ sinh học
74175,DYD,cong-nghe-sinh-hoc,B00,Điểm thi THPT,2025,15.5,Công nghệ sinh học
74176,DYD,cong-nghe-sinh-hoc,B03,Điểm thi THPT,2025,15.5,Công nghệ sinh học
74177,DYD,cong-nghe-sinh-hoc,B08,Điểm thi THPT,2025,15.5,Công nghệ sinh học
74178,DYD,cong-nghe-sinh-hoc,C08,Điểm thi THPT,2025,15.5,Công nghệ sinh học
74179,DYD,cong-nghe-sinh-hoc,D01,Điểm thi THPT,2025,15.5,Công nghệ sinh học
74180,DYD,cong-nghe-sinh-hoc,X14,Điểm thi THPT,2025,15.5,Công nghệ sinh học
74181,DYD,cong-nghe-sinh-hoc,X16,Điểm thi THPT,2025,15.5,Công nghệ sinh học
74182,DYD,cong-nghe-sinh-hoc,X66,Điểm thi THPT,2025,15.5,Công nghệ sinh học
74183,DYD,cong-nghe-thong-tin,A00,Điểm thi THPT,2021,15.0,Công nghệ thông tin
74184,DYD,cong-nghe-thong-tin,A01,Điểm thi THPT,2021,15.0,Công nghệ thông tin
74185,DYD,cong-nghe-thong-tin,D01,Điểm thi THPT,2021,15.0,Công nghệ thông tin
74186,DYD,cong-nghe-thong-tin,K01,Điểm thi THPT,2021,15.0,Công nghệ thông tin
74187,DYD,cong-nghe-thong-tin,A00,Điểm học bạ,2022,17.0,Công nghệ thông tin
74188,DYD,cong-nghe-thong-tin,A01,Điểm học bạ,2022,17.0,Công nghệ thông tin
74189,DYD,cong-nghe-thong-tin,D01,Điểm học bạ,2022,17.0,Công nghệ thông tin
74190,DYD,cong-nghe-thong-tin,K01,Điểm học bạ,2022,17.0,Công nghệ thông tin
74191,DYD,cong-nghe-thong-tin,A00,Điểm thi THPT,2022,18.0,Công nghệ thông tin
74192,DYD,cong-nghe-thong-tin,A01,Điểm thi THPT,2022,18.0,Công nghệ thông tin
74193,DYD,cong-nghe-thong-tin,D01,Điểm thi THPT,2022,18.0,Công nghệ thông tin
74194,DYD,cong-nghe-thong-tin,K01,Điểm thi THPT,2022,18.0,Công nghệ thông tin
74195,DYD,cong-nghe-thong-tin,A00,Điểm học bạ,2023,18.0,Công nghệ thông tin
74196,DYD,cong-nghe-thong-tin,A01,Điểm học bạ,2023,18.0,Công nghệ thông tin
74197,DYD,cong-nghe-thong-tin,D01,Điểm học bạ,2023,18.0,Công nghệ thông tin
74198,DYD,cong-nghe-thong-tin,K01,Điểm học bạ,2023,18.0,Công nghệ thông tin
74199,DYD,cong-nghe-thong-tin,A00,Điểm thi THPT,2023,17.0,Công nghệ thông tin
74200,DYD,cong-nghe-thong-tin,A01,Điểm thi THPT,2023,17.0,Công nghệ thông tin
74201,DYD,cong-nghe-thong-tin,D01,Điểm thi THPT,2023,17.0,Công nghệ thông tin
74202,DYD,cong-nghe-thong-tin,K01,Điểm thi THPT,2023,17.0,Công nghệ thông tin
74203,DYD,cong-nghe-thong-tin,A00,Điểm học bạ,2024,18.0,Công nghệ thông tin
74204,DYD,cong-nghe-thong-tin,A01,Điểm học bạ,2024,18.0,Công nghệ thông tin
74205,DYD,cong-nghe-thong-tin,D01,Điểm học bạ,2024,18.0,Công nghệ thông tin
74206,DYD,cong-nghe-thong-tin,K01,Điểm học bạ,2024,18.0,Công nghệ thông tin
74207,DYD,cong-nghe-thong-tin,A00,Điểm thi THPT,2024,17.0,Công nghệ thông tin
74208,DYD,cong-nghe-thong-tin,A01,Điểm thi THPT,2024,17.0,Công nghệ thông tin
74209,DYD,cong-nghe-thong-tin,D01,Điểm thi THPT,2024,17.0,Công nghệ thông tin
74210,DYD,cong-nghe-thong-tin,K01,Điểm thi THPT,2024,17.0,Công nghệ thông tin
74211,DYD,cong-nghe-thong-tin,A00,Điểm học bạ,2025,18.0,Công nghệ thông tin
74212,DYD,cong-nghe-thong-tin,A01,Điểm học bạ,2025,18.0,Công nghệ thông tin
74213,DYD,cong-nghe-thong-tin,C01,Điểm học bạ,2025,18.0,Công nghệ thông tin
74214,DYD,cong-nghe-thong-tin,D01,Điểm học bạ,2025,18.0,Công nghệ thông tin
74215,DYD,cong-nghe-thong-tin,K01,Điểm học bạ,2025,18.0,Công nghệ thông tin
74216,DYD,cong-nghe-thong-tin,X02,Điểm học bạ,2025,18.0,Công nghệ thông tin
74217,DYD,cong-nghe-thong-tin,X06,Điểm học bạ,2025,18.0,Công nghệ thông tin
74218,DYD,cong-nghe-thong-tin,X07,Điểm học bạ,2025,18.0,Công nghệ thông tin
74219,DYD,cong-nghe-thong-tin,X27,Điểm học bạ,2025,18.0,Công nghệ thông tin
74220,DYD,cong-nghe-thong-tin,X56,Điểm học bạ,2025,18.0,Công nghệ thông tin
74221,DYD,cong-nghe-thong-tin,A00,Điểm thi THPT,2025,15.5,Công nghệ thông tin
74222,DYD,cong-nghe-thong-tin,A01,Điểm thi THPT,2025,15.5,Công nghệ thông tin
74223,DYD,cong-nghe-thong-tin,C01,Điểm thi THPT,2025,15.5,Công nghệ thông tin
74224,DYD,cong-nghe-thong-tin,D01,Điểm thi THPT,2025,15.5,Công nghệ thông tin
74225,DYD,cong-nghe-thong-tin,K01,Điểm thi THPT,2025,15.5,Công nghệ thông tin
74226,DYD,cong-nghe-thong-tin,X02,Điểm thi THPT,2025,15.5,Công nghệ thông tin
74227,DYD,cong-nghe-thong-tin,X06,Điểm thi THPT,2025,15.5,Công nghệ thông tin
74228,DYD,cong-nghe-thong-tin,X07,Điểm thi THPT,2025,15.5,Công nghệ thông tin
74229,DYD,cong-nghe-thong-tin,X27,Điểm thi THPT,2025,15.5,Công nghệ thông tin
74230,DYD,cong-nghe-thong-tin,X56,Điểm thi THPT,2025,15.5,Công nghệ thông tin
74231,DYD,cong-nghe-thuc-pham,A00,Điểm thi THPT,2021,15.0,Công nghệ thực phẩm
74232,DYD,cong-nghe-thuc-pham,B00,Điểm thi THPT,2021,15.0,Công nghệ thực phẩm
74233,DYD,cong-nghe-thuc-pham,C08,Điểm thi THPT,2021,15.0,Công nghệ thực phẩm
74234,DYD,cong-nghe-thuc-pham,D07,Điểm thi THPT,2021,15.0,Công nghệ thực phẩm
74235,DYD,cong-nghe-thuc-pham,A00,Điểm học bạ,2022,17.0,Công nghệ thực phẩm
74236,DYD,cong-nghe-thuc-pham,B00,Điểm học bạ,2022,17.0,Công nghệ thực phẩm
74237,DYD,cong-nghe-thuc-pham,C08,Điểm học bạ,2022,17.0,Công nghệ thực phẩm
74238,DYD,cong-nghe-thuc-pham,D07,Điểm học bạ,2022,17.0,Công nghệ thực phẩm
74239,DYD,cong-nghe-thuc-pham,A00,Điểm thi THPT,2022,18.0,Công nghệ thực phẩm
74240,DYD,cong-nghe-thuc-pham,B00,Điểm thi THPT,2022,18.0,Công nghệ thực phẩm
74241,DYD,cong-nghe-thuc-pham,C08,Điểm thi THPT,2022,18.0,Công nghệ thực phẩm
74242,DYD,cong-nghe-thuc-pham,D07,Điểm thi THPT,2022,18.0,Công nghệ thực phẩm
74243,DYD,cong-nghe-thuc-pham,A00,Điểm học bạ,2023,6.0,Công nghệ thực phẩm
74244,DYD,cong-nghe-thuc-pham,B00,Điểm học bạ,2023,6.0,Công nghệ thực phẩm
74245,DYD,cong-nghe-thuc-pham,C08,Điểm học bạ,2023,6.0,Công nghệ thực phẩm
74246,DYD,cong-nghe-thuc-pham,D07,Điểm học bạ,2023,6.0,Công nghệ thực phẩm
74247,DYD,cong-nghe-thuc-pham,A00,Điểm thi THPT,2023,17.0,Công nghệ thực phẩm
74248,DYD,cong-nghe-thuc-pham,B00,Điểm thi THPT,2023,17.0,Công nghệ thực phẩm
74249,DYD,cong-nghe-thuc-pham,C08,Điểm thi THPT,2023,17.0,Công nghệ thực phẩm
74250,DYD,cong-nghe-thuc-pham,D07,Điểm thi THPT,2023,17.0,Công nghệ thực phẩm
74251,DYD,cong-nghe-thuc-pham,A00,Điểm học bạ,2024,18.0,Công nghệ thực phẩm
74252,DYD,cong-nghe-thuc-pham,B00,Điểm học bạ,2024,18.0,Công nghệ thực phẩm
74253,DYD,cong-nghe-thuc-pham,C08,Điểm học bạ,2024,18.0,Công nghệ thực phẩm
74254,DYD,cong-nghe-thuc-pham,D07,Điểm học bạ,2024,18.0,Công nghệ thực phẩm
74255,DYD,cong-nghe-thuc-pham,A00,Điểm thi THPT,2024,17.0,Công nghệ thực phẩm
74256,DYD,cong-nghe-thuc-pham,B00,Điểm thi THPT,2024,17.0,Công nghệ thực phẩm
74257,DYD,cong-nghe-thuc-pham,C08,Điểm thi THPT,2024,17.0,Công nghệ thực phẩm
74258,DYD,cong-nghe-thuc-pham,D07,Điểm thi THPT,2024,17.0,Công nghệ thực phẩm
74259,DYD,cong-nghe-thuc-pham,A02,Điểm học bạ,2025,18.0,Công nghệ thực phẩm
74260,DYD,cong-nghe-thuc-pham,B00,Điểm học bạ,2025,18.0,Công nghệ thực phẩm
74261,DYD,cong-nghe-thuc-pham,B03,Điểm học bạ,2025,18.0,Công nghệ thực phẩm
74262,DYD,cong-nghe-thuc-pham,B08,Điểm học bạ,2025,18.0,Công nghệ thực phẩm
74263,DYD,cong-nghe-thuc-pham,C08,Điểm học bạ,2025,18.0,Công nghệ thực phẩm
74264,DYD,cong-nghe-thuc-pham,D01,Điểm học bạ,2025,18.0,Công nghệ thực phẩm
74265,DYD,cong-nghe-thuc-pham,X14,Điểm học bạ,2025,18.0,Công nghệ thực phẩm
74266,DYD,cong-nghe-thuc-pham,X16,Điểm học bạ,2025,18.0,Công nghệ thực phẩm
74267,DYD,cong-nghe-thuc-pham,X66,Điểm học bạ,2025,18.0,Công nghệ thực phẩm
74268,DYD,cong-nghe-thuc-pham,A02,Điểm thi THPT,2025,15.5,Công nghệ thực phẩm
74269,DYD,cong-nghe-thuc-pham,B00,Điểm thi THPT,2025,15.5,Công nghệ thực phẩm
74270,DYD,cong-nghe-thuc-pham,B03,Điểm thi THPT,2025,15.5,Công nghệ thực phẩm
74271,DYD,cong-nghe-thuc-pham,B08,Điểm thi THPT,2025,15.5,Công nghệ thực phẩm
74272,DYD,cong-nghe-thuc-pham,C08,Điểm thi THPT,2025,15.5,Công nghệ thực phẩm
74273,DYD,cong-nghe-thuc-pham,D01,Điểm thi THPT,2025,15.5,Công nghệ thực phẩm
74274,DYD,cong-nghe-thuc-pham,X14,Điểm thi THPT,2025,15.5,Công nghệ thực phẩm
74275,DYD,cong-nghe-thuc-pham,X16,Điểm thi THPT,2025,15.5,Công nghệ thực phẩm
74276,DYD,cong-nghe-thuc-pham,X66,Điểm thi THPT,2025,15.5,Công nghệ thực phẩm
74277,DYD,dieu-duong,A01,Điểm thi THPT,2021,19.0,Điều dưỡng
74278,DYD,dieu-duong,B00,Điểm thi THPT,2021,19.0,Điều dưỡng
74279,DYD,dieu-duong,D01,Điểm thi THPT,2021,19.0,Điều dưỡng
74280,DYD,dieu-duong,D08,Điểm thi THPT,2021,19.0,Điều dưỡng
74281,DYD,dieu-duong,A01,Điểm học bạ,2022,6.5,Điều dưỡng
74282,DYD,dieu-duong,B00,Điểm học bạ,2022,6.5,Điều dưỡng
74283,DYD,dieu-duong,D01,Điểm học bạ,2022,6.5,Điều dưỡng
74284,DYD,dieu-duong,D08,Điểm học bạ,2022,6.5,Điều dưỡng
74285,DYD,dieu-duong,A01,Điểm thi THPT,2022,20.0,Điều dưỡng
74286,DYD,dieu-duong,B00,Điểm thi THPT,2022,20.0,Điều dưỡng
74287,DYD,dieu-duong,D01,Điểm thi THPT,2022,20.0,Điều dưỡng
74288,DYD,dieu-duong,D08,Điểm thi THPT,2022,20.0,Điều dưỡng
74289,DYD,dieu-duong,A01,Điểm học bạ,2023,18.0,Điều dưỡng
74290,DYD,dieu-duong,B00,Điểm học bạ,2023,18.0,Điều dưỡng
74291,DYD,dieu-duong,D01,Điểm học bạ,2023,18.0,Điều dưỡng
74292,DYD,dieu-duong,D08,Điểm học bạ,2023,18.0,Điều dưỡng
74293,DYD,dieu-duong,A01,Điểm thi THPT,2023,19.0,Điều dưỡng
74294,DYD,dieu-duong,B00,Điểm thi THPT,2023,19.0,Điều dưỡng
74295,DYD,dieu-duong,D01,Điểm thi THPT,2023,19.0,Điều dưỡng
74296,DYD,dieu-duong,D08,Điểm thi THPT,2023,19.0,Điều dưỡng
74297,DYD,dieu-duong,A01,Điểm học bạ,2024,18.0,Điều dưỡng
74298,DYD,dieu-duong,B00,Điểm học bạ,2024,18.0,Điều dưỡng
74299,DYD,dieu-duong,D01,Điểm học bạ,2024,18.0,Điều dưỡng
74300,DYD,dieu-duong,D08,Điểm học bạ,2024,18.0,Điều dưỡng
74301,DYD,dieu-duong,A01,Điểm thi THPT,2024,19.0,Điều dưỡng
74302,DYD,dieu-duong,B00,Điểm thi THPT,2024,19.0,Điều dưỡng
74303,DYD,dieu-duong,D01,Điểm thi THPT,2024,19.0,Điều dưỡng
74304,DYD,dieu-duong,D08,Điểm thi THPT,2024,19.0,Điều dưỡng
74305,DYD,dieu-duong,A00,Điểm học bạ,2025,18.0,Điều dưỡng
74306,DYD,dieu-duong,A02,Điểm học bạ,2025,18.0,Điều dưỡng
74307,DYD,dieu-duong,B00,Điểm học bạ,2025,18.0,Điều dưỡng
74308,DYD,dieu-duong,B08,Điểm học bạ,2025,18.0,Điều dưỡng
74309,DYD,dieu-duong,D07,Điểm học bạ,2025,18.0,Điều dưỡng
74310,DYD,dieu-duong,X10,Điểm học bạ,2025,18.0,Điều dưỡng
74311,DYD,dieu-duong,X12,Điểm học bạ,2025,18.0,Điều dưỡng
74312,DYD,dieu-duong,X14,Điểm học bạ,2025,18.0,Điều dưỡng
74313,DYD,dieu-duong,X15,Điểm học bạ,2025,18.0,Điều dưỡng
74314,DYD,dieu-duong,A00,Điểm thi THPT,2025,17.0,Điều dưỡng
74315,DYD,dieu-duong,A02,Điểm thi THPT,2025,17.0,Điều dưỡng
74316,DYD,dieu-duong,B00,Điểm thi THPT,2025,17.0,Điều dưỡng
74317,DYD,dieu-duong,B08,Điểm thi THPT,2025,17.0,Điều dưỡng
74318,DYD,dieu-duong,D07,Điểm thi THPT,2025,17.0,Điều dưỡng
74319,DYD,dieu-duong,X10,Điểm thi THPT,2025,17.0,Điều dưỡng
74320,DYD,dieu-duong,X12,Điểm thi THPT,2025,17.0,Điều dưỡng
74321,DYD,dieu-duong,X14,Điểm thi THPT,2025,17.0,Điều dưỡng
74322,DYD,dieu-duong,X15,Điểm thi THPT,2025,17.0,Điều dưỡng
74323,DYD,dong-phuong-hoc,A01,Điểm thi THPT,2021,15.0,"Đông phương học (Gồm các chuyên ngành: Hàn Quốc, Nhật Bản)"
74324,DYD,dong-phuong-hoc,C00,Điểm thi THPT,2021,15.0,"Đông phương học (Gồm các chuyên ngành: Hàn Quốc, Nhật Bản)"
74325,DYD,dong-phuong-hoc,D01,Điểm thi THPT,2021,15.0,"Đông phương học (Gồm các chuyên ngành: Hàn Quốc, Nhật Bản)"
74326,DYD,dong-phuong-hoc,D15,Điểm thi THPT,2021,15.0,"Đông phương học (Gồm các chuyên ngành: Hàn Quốc, Nhật Bản)"
74327,DYD,dong-phuong-hoc,A01,Điểm học bạ,2022,17.0,Đông phương học
74328,DYD,dong-phuong-hoc,C00,Điểm học bạ,2022,17.0,Đông phương học
74329,DYD,dong-phuong-hoc,D01,Điểm học bạ,2022,17.0,Đông phương học
74330,DYD,dong-phuong-hoc,D15,Điểm học bạ,2022,17.0,Đông phương học
74331,DYD,dong-phuong-hoc,A01,Điểm thi THPT,2022,18.0,Đông phương học
74332,DYD,dong-phuong-hoc,C00,Điểm thi THPT,2022,18.0,Đông phương học
74333,DYD,dong-phuong-hoc,D01,Điểm thi THPT,2022,18.0,Đông phương học
74334,DYD,dong-phuong-hoc,D15,Điểm thi THPT,2022,18.0,Đông phương học
74335,DYD,dong-phuong-hoc,A01,Điểm học bạ,2023,18.0,Đông phương học
74336,DYD,dong-phuong-hoc,C00,Điểm học bạ,2023,18.0,Đông phương học
74337,DYD,dong-phuong-hoc,D01,Điểm học bạ,2023,18.0,Đông phương học
74338,DYD,dong-phuong-hoc,D15,Điểm học bạ,2023,18.0,Đông phương học
74339,DYD,dong-phuong-hoc,A01,Điểm thi THPT,2023,17.0,Đông phương học
74340,DYD,dong-phuong-hoc,C00,Điểm thi THPT,2023,17.0,Đông phương học
74341,DYD,dong-phuong-hoc,D01,Điểm thi THPT,2023,17.0,Đông phương học
74342,DYD,dong-phuong-hoc,D15,Điểm thi THPT,2023,17.0,Đông phương học
74343,DYD,dong-phuong-hoc,A01,Điểm học bạ,2024,18.0,Đông phương học
74344,DYD,dong-phuong-hoc,C00,Điểm học bạ,2024,18.0,Đông phương học
74345,DYD,dong-phuong-hoc,D01,Điểm học bạ,2024,18.0,Đông phương học
74346,DYD,dong-phuong-hoc,D15,Điểm học bạ,2024,18.0,Đông phương học
74347,DYD,dong-phuong-hoc,A01,Điểm thi THPT,2024,17.0,Đông phương học
74348,DYD,dong-phuong-hoc,C00,Điểm thi THPT,2024,17.0,Đông phương học
74349,DYD,dong-phuong-hoc,D01,Điểm thi THPT,2024,17.0,Đông phương học
74350,DYD,dong-phuong-hoc,D15,Điểm thi THPT,2024,17.0,Đông phương học
74351,DYD,dong-phuong-hoc,C00,Điểm học bạ,2025,18.0,Đông phương học
74352,DYD,dong-phuong-hoc,C03,Điểm học bạ,2025,18.0,Đông phương học
74353,DYD,dong-phuong-hoc,C04,Điểm học bạ,2025,18.0,Đông phương học
74354,DYD,dong-phuong-hoc,D01,Điểm học bạ,2025,18.0,Đông phương học
74355,DYD,dong-phuong-hoc,D11,Điểm học bạ,2025,18.0,Đông phương học
74356,DYD,dong-phuong-hoc,D14,Điểm học bạ,2025,18.0,Đông phương học
74357,DYD,dong-phuong-hoc,D15,Điểm học bạ,2025,18.0,Đông phương học
74358,DYD,dong-phuong-hoc,X78,Điểm học bạ,2025,18.0,Đông phương học
74359,DYD,dong-phuong-hoc,C00,Điểm thi THPT,2025,15.5,Đông phương học
74360,DYD,dong-phuong-hoc,C03,Điểm thi THPT,2025,15.5,Đông phương học
74361,DYD,dong-phuong-hoc,C04,Điểm thi THPT,2025,15.5,Đông phương học
74362,DYD,dong-phuong-hoc,D01,Điểm thi THPT,2025,15.5,Đông phương học
74363,DYD,dong-phuong-hoc,D11,Điểm thi THPT,2025,15.5,Đông phương học
74364,DYD,dong-phuong-hoc,D14,Điểm thi THPT,2025,15.5,Đông phương học
74365,DYD,dong-phuong-hoc,D15,Điểm thi THPT,2025,15.5,Đông phương học
74366,DYD,dong-phuong-hoc,X78,Điểm thi THPT,2025,15.5,Đông phương học
74367,DYD,duoc-hoc,A00,Điểm thi THPT,2021,21.0,Dược học
74368,DYD,duoc-hoc,A01,Điểm thi THPT,2021,21.0,Dược học
74369,DYD,duoc-hoc,B00,Điểm thi THPT,2021,21.0,Dược học
74370,DYD,duoc-hoc,D07,Điểm thi THPT,2021,21.0,Dược học
74371,DYD,duoc-hoc,A00,Điểm học bạ,2022,8.0,Dược học
74372,DYD,duoc-hoc,A01,Điểm học bạ,2022,8.0,Dược học
74373,DYD,duoc-hoc,B08,Điểm học bạ,2022,8.0,Dược học
74374,DYD,duoc-hoc,D07,Điểm học bạ,2022,8.0,Dược học
74375,DYD,duoc-hoc,A00,Điểm thi THPT,2022,21.0,Dược học
74376,DYD,duoc-hoc,A01,Điểm thi THPT,2022,21.0,Dược học
74377,DYD,duoc-hoc,B08,Điểm thi THPT,2022,21.0,Dược học
74378,DYD,duoc-hoc,D07,Điểm thi THPT,2022,21.0,Dược học
74379,DYD,duoc-hoc,A00,Điểm học bạ,2023,18.0,Dược học
74380,DYD,duoc-hoc,A01,Điểm học bạ,2023,18.0,Dược học
74381,DYD,duoc-hoc,B00,Điểm học bạ,2023,18.0,Dược học
74382,DYD,duoc-hoc,D07,Điểm học bạ,2023,18.0,Dược học
74383,DYD,duoc-hoc,A00,Điểm thi THPT,2023,21.0,Dược học
74384,DYD,duoc-hoc,A01,Điểm thi THPT,2023,21.0,Dược học
74385,DYD,duoc-hoc,B00,Điểm thi THPT,2023,21.0,Dược học
74386,DYD,duoc-hoc,D07,Điểm thi THPT,2023,21.0,Dược học
74387,DYD,duoc-hoc,A00,Điểm học bạ,2024,18.0,Dược học
74388,DYD,duoc-hoc,A01,Điểm học bạ,2024,18.0,Dược học
74389,DYD,duoc-hoc,B00,Điểm học bạ,2024,18.0,Dược học
74390,DYD,duoc-hoc,D07,Điểm học bạ,2024,18.0,Dược học
74391,DYD,duoc-hoc,A00,Điểm thi THPT,2024,21.0,Dược học
74392,DYD,duoc-hoc,A01,Điểm thi THPT,2024,21.0,Dược học
74393,DYD,duoc-hoc,B00,Điểm thi THPT,2024,21.0,Dược học
74394,DYD,duoc-hoc,D07,Điểm thi THPT,2024,21.0,Dược học
74395,DYD,duoc-hoc,A00,Điểm học bạ,2025,18.0,Dược học
74396,DYD,duoc-hoc,A02,Điểm học bạ,2025,18.0,Dược học
74397,DYD,duoc-hoc,B00,Điểm học bạ,2025,18.0,Dược học
74398,DYD,duoc-hoc,B08,Điểm học bạ,2025,18.0,Dược học
74399,DYD,duoc-hoc,D07,Điểm học bạ,2025,18.0,Dược học
74400,DYD,duoc-hoc,X10,Điểm học bạ,2025,18.0,Dược học
74401,DYD,duoc-hoc,X12,Điểm học bạ,2025,18.0,Dược học
74402,DYD,duoc-hoc,X14,Điểm học bạ,2025,18.0,Dược học
74403,DYD,duoc-hoc,X16,Điểm học bạ,2025,18.0,Dược học
74404,DYD,duoc-hoc,A00,Điểm thi THPT,2025,19.0,Dược học
74405,DYD,duoc-hoc,A02,Điểm thi THPT,2025,19.0,Dược học
74406,DYD,duoc-hoc,B00,Điểm thi THPT,2025,19.0,Dược học
74407,DYD,duoc-hoc,B08,Điểm thi THPT,2025,19.0,Dược học
74408,DYD,duoc-hoc,D07,Điểm thi THPT,2025,19.0,Dược học
74409,DYD,duoc-hoc,X10,Điểm thi THPT,2025,19.0,Dược học
74410,DYD,duoc-hoc,X12,Điểm thi THPT,2025,19.0,Dược học
74411,DYD,duoc-hoc,X14,Điểm thi THPT,2025,19.0,Dược học
74412,DYD,duoc-hoc,X16,Điểm thi THPT,2025,19.0,Dược học
74413,DYD,khoa-hoc-moi-truong,A00,Điểm thi THPT,2021,15.0,Khoa học môi trường
74414,DYD,khoa-hoc-moi-truong,A01,Điểm thi THPT,2021,15.0,Khoa học môi trường
74415,DYD,khoa-hoc-moi-truong,B00,Điểm thi THPT,2021,15.0,Khoa học môi trường
74416,DYD,khoa-hoc-moi-truong,D01,Điểm thi THPT,2021,15.0,Khoa học môi trường
74417,DYD,kien-truc,A01,Điểm thi THPT,2021,15.0,Kiến trúc
74418,DYD,kien-truc,C01,Điểm thi THPT,2021,15.0,Kiến trúc
74419,DYD,kien-truc,H01,Điểm thi THPT,2021,15.0,Kiến trúc
74420,DYD,kien-truc,V00,Điểm thi THPT,2021,15.0,Kiến trúc
74421,DYD,kien-truc,A01,Điểm học bạ,2022,17.0,Kiến trúc
74422,DYD,kien-truc,C01,Điểm học bạ,2022,17.0,Kiến trúc
74423,DYD,kien-truc,H01,Điểm học bạ,2022,17.0,Kiến trúc
74424,DYD,kien-truc,V00,Điểm học bạ,2022,17.0,Kiến trúc
74425,DYD,kien-truc,A01,Điểm thi THPT,2022,18.0,Kiến trúc
74426,DYD,kien-truc,C01,Điểm thi THPT,2022,18.0,Kiến trúc
74427,DYD,kien-truc,H01,Điểm thi THPT,2022,18.0,Kiến trúc
74428,DYD,kien-truc,V00,Điểm thi THPT,2022,18.0,Kiến trúc
74429,DYD,kien-truc,A01,Điểm học bạ,2023,18.0,Kiến trúc
74430,DYD,kien-truc,C01,Điểm học bạ,2023,18.0,Kiến trúc
74431,DYD,kien-truc,H01,Điểm học bạ,2023,12.0,Kiến trúc
74432,DYD,kien-truc,V00,Điểm học bạ,2023,12.0,Kiến trúc
74433,DYD,kien-truc,A01,Điểm thi THPT,2023,18.0,Kiến trúc
74434,DYD,kien-truc,C01,Điểm thi THPT,2023,18.0,Kiến trúc
74435,DYD,kien-truc,H01,Điểm thi THPT,2023,18.0,Kiến trúc
74436,DYD,kien-truc,V00,Điểm thi THPT,2023,18.0,Kiến trúc
74437,DYD,kien-truc,A01,Điểm học bạ,2024,18.0,Kiến trúc
74438,DYD,kien-truc,C01,Điểm học bạ,2024,18.0,Kiến trúc
74439,DYD,kien-truc,H01,Điểm học bạ,2024,18.0,Kiến trúc
74440,DYD,kien-truc,V00,Điểm học bạ,2024,18.0,Kiến trúc
74441,DYD,kien-truc,A01,Điểm thi THPT,2024,17.0,Kiến trúc
74442,DYD,kien-truc,C01,Điểm thi THPT,2024,17.0,Kiến trúc
74443,DYD,kien-truc,H01,Điểm thi THPT,2024,17.0,Kiến trúc
74444,DYD,kien-truc,V00,Điểm thi THPT,2024,17.0,Kiến trúc
74445,DYD,kien-truc,C01,Điểm học bạ,2025,18.0,Kiến trúc
74446,DYD,kien-truc,C04,Điểm học bạ,2025,18.0,Kiến trúc
74447,DYD,kien-truc,D01,Điểm học bạ,2025,18.0,Kiến trúc
74448,DYD,kien-truc,H01,Điểm học bạ,2025,18.0,Kiến trúc
74449,DYD,kien-truc,V00,Điểm học bạ,2025,18.0,Kiến trúc
74450,DYD,kien-truc,V02,Điểm học bạ,2025,18.0,Kiến trúc
74451,DYD,kien-truc,X03,Điểm học bạ,2025,18.0,Kiến trúc
74452,DYD,kien-truc,C01,Điểm thi THPT,2025,15.5,Kiến trúc
74453,DYD,kien-truc,C04,Điểm thi THPT,2025,15.5,Kiến trúc
74454,DYD,kien-truc,D01,Điểm thi THPT,2025,15.5,Kiến trúc
74455,DYD,kien-truc,H01,Điểm thi THPT,2025,15.5,Kiến trúc
74456,DYD,kien-truc,V00,Điểm thi THPT,2025,15.5,Kiến trúc
74457,DYD,kien-truc,V02,Điểm thi THPT,2025,15.5,Kiến trúc
74458,DYD,kien-truc,X03,Điểm thi THPT,2025,15.5,Kiến trúc
74459,DYD,ky-thuat-co-dien-tu,A00,Điểm học bạ,2024,18.0,Kỹ thuật cơ điện tử
74460,DYD,ky-thuat-co-dien-tu,A01,Điểm học bạ,2024,18.0,Kỹ thuật cơ điện tử
74461,DYD,ky-thuat-co-dien-tu,C01,Điểm học bạ,2024,18.0,Kỹ thuật cơ điện tử
74462,DYD,ky-thuat-co-dien-tu,D01,Điểm học bạ,2024,18.0,Kỹ thuật cơ điện tử
74463,DYD,ky-thuat-co-dien-tu,A00,Điểm thi THPT,2024,17.0,Kỹ thuật cơ điện tử
74464,DYD,ky-thuat-co-dien-tu,A01,Điểm thi THPT,2024,17.0,Kỹ thuật cơ điện tử
74465,DYD,ky-thuat-co-dien-tu,C01,Điểm thi THPT,2024,17.0,Kỹ thuật cơ điện tử
74466,DYD,ky-thuat-co-dien-tu,D01,Điểm thi THPT,2024,17.0,Kỹ thuật cơ điện tử
74467,DYD,ky-thuat-co-dien-tu,A00,Điểm học bạ,2025,18.0,Kỹ thuật cơ điện tử
74468,DYD,ky-thuat-co-dien-tu,A01,Điểm học bạ,2025,18.0,Kỹ thuật cơ điện tử
74469,DYD,ky-thuat-co-dien-tu,C01,Điểm học bạ,2025,18.0,Kỹ thuật cơ điện tử
74470,DYD,ky-thuat-co-dien-tu,D01,Điểm học bạ,2025,18.0,Kỹ thuật cơ điện tử
74471,DYD,ky-thuat-co-dien-tu,K01,Điểm học bạ,2025,18.0,Kỹ thuật cơ điện tử
74472,DYD,ky-thuat-co-dien-tu,X02,Điểm học bạ,2025,18.0,Kỹ thuật cơ điện tử
74473,DYD,ky-thuat-co-dien-tu,X06,Điểm học bạ,2025,18.0,Kỹ thuật cơ điện tử
74474,DYD,ky-thuat-co-dien-tu,X07,Điểm học bạ,2025,18.0,Kỹ thuật cơ điện tử
74475,DYD,ky-thuat-co-dien-tu,X27,Điểm học bạ,2025,18.0,Kỹ thuật cơ điện tử
74476,DYD,ky-thuat-co-dien-tu,X56,Điểm học bạ,2025,18.0,Kỹ thuật cơ điện tử
74477,DYD,ky-thuat-co-dien-tu,A00,Điểm thi THPT,2025,15.5,Kỹ thuật cơ điện tử
74478,DYD,ky-thuat-co-dien-tu,A01,Điểm thi THPT,2025,15.5,Kỹ thuật cơ điện tử
74479,DYD,ky-thuat-co-dien-tu,C01,Điểm thi THPT,2025,15.5,Kỹ thuật cơ điện tử
74480,DYD,ky-thuat-co-dien-tu,D01,Điểm thi THPT,2025,15.5,Kỹ thuật cơ điện tử
74481,DYD,ky-thuat-co-dien-tu,K01,Điểm thi THPT,2025,15.5,Kỹ thuật cơ điện tử
74482,DYD,ky-thuat-co-dien-tu,X02,Điểm thi THPT,2025,15.5,Kỹ thuật cơ điện tử
74483,DYD,ky-thuat-co-dien-tu,X06,Điểm thi THPT,2025,15.5,Kỹ thuật cơ điện tử
74484,DYD,ky-thuat-co-dien-tu,X07,Điểm thi THPT,2025,15.5,Kỹ thuật cơ điện tử
74485,DYD,ky-thuat-co-dien-tu,X27,Điểm thi THPT,2025,15.5,Kỹ thuật cơ điện tử
74486,DYD,ky-thuat-co-dien-tu,X56,Điểm thi THPT,2025,15.5,Kỹ thuật cơ điện tử
74487,DYD,luat-kinh-te,A00,Điểm thi THPT,2021,15.0,Luật kinh tế
74488,DYD,luat-kinh-te,C00,Điểm thi THPT,2021,15.0,Luật kinh tế
74489,DYD,luat-kinh-te,C20,Điểm thi THPT,2021,15.0,Luật kinh tế
74490,DYD,luat-kinh-te,D01,Điểm thi THPT,2021,15.0,Luật kinh tế
74491,DYD,luat-kinh-te,A00,Điểm học bạ,2022,17.0,Luật kinh tế
74492,DYD,luat-kinh-te,C00,Điểm học bạ,2022,17.0,Luật kinh tế
74493,DYD,luat-kinh-te,C20,Điểm học bạ,2022,17.0,Luật kinh tế
74494,DYD,luat-kinh-te,D01,Điểm học bạ,2022,17.0,Luật kinh tế
74495,DYD,luat-kinh-te,A00,Điểm thi THPT,2022,18.0,Luật kinh tế
74496,DYD,luat-kinh-te,C00,Điểm thi THPT,2022,18.0,Luật kinh tế
74497,DYD,luat-kinh-te,C20,Điểm thi THPT,2022,18.0,Luật kinh tế
74498,DYD,luat-kinh-te,D01,Điểm thi THPT,2022,18.0,Luật kinh tế
74499,DYD,luat-kinh-te,A00,Điểm học bạ,2023,6.0,Luật kinh tế
74500,DYD,luat-kinh-te,C00,Điểm học bạ,2023,6.0,Luật kinh tế
74501,DYD,luat-kinh-te,C20,Điểm học bạ,2023,6.0,Luật kinh tế
74502,DYD,luat-kinh-te,D01,Điểm học bạ,2023,6.0,Luật kinh tế
74503,DYD,luat-kinh-te,A00,Điểm thi THPT,2023,17.0,Luật kinh tế
74504,DYD,luat-kinh-te,C00,Điểm thi THPT,2023,17.0,Luật kinh tế
74505,DYD,luat-kinh-te,C20,Điểm thi THPT,2023,17.0,Luật kinh tế
74506,DYD,luat-kinh-te,D01,Điểm thi THPT,2023,17.0,Luật kinh tế
74507,DYD,luat-kinh-te,A00,Điểm học bạ,2024,18.0,Luật kinh tế
74508,DYD,luat-kinh-te,C00,Điểm học bạ,2024,18.0,Luật kinh tế
74509,DYD,luat-kinh-te,C20,Điểm học bạ,2024,18.0,Luật kinh tế
74510,DYD,luat-kinh-te,D01,Điểm học bạ,2024,18.0,Luật kinh tế
74511,DYD,luat-kinh-te,A00,Điểm thi THPT,2024,17.0,Luật kinh tế
74512,DYD,luat-kinh-te,C00,Điểm thi THPT,2024,17.0,Luật kinh tế
74513,DYD,luat-kinh-te,C20,Điểm thi THPT,2024,17.0,Luật kinh tế
74514,DYD,luat-kinh-te,D01,Điểm thi THPT,2024,17.0,Luật kinh tế
74515,DYD,luat-kinh-te,C00,Điểm học bạ,2025,18.0,Luật kinh tế
74516,DYD,luat-kinh-te,C03,Điểm học bạ,2025,18.0,Luật kinh tế
74517,DYD,luat-kinh-te,C04,Điểm học bạ,2025,18.0,Luật kinh tế
74518,DYD,luat-kinh-te,D01,Điểm học bạ,2025,18.0,Luật kinh tế
74519,DYD,luat-kinh-te,D14,Điểm học bạ,2025,18.0,Luật kinh tế
74520,DYD,luat-kinh-te,D15,Điểm học bạ,2025,18.0,Luật kinh tế
74521,DYD,luat-kinh-te,X01,Điểm học bạ,2025,18.0,Luật kinh tế
74522,DYD,luat-kinh-te,C00,Điểm thi THPT,2025,15.5,Luật kinh tế
74523,DYD,luat-kinh-te,C03,Điểm thi THPT,2025,15.5,Luật kinh tế
74524,DYD,luat-kinh-te,C04,Điểm thi THPT,2025,15.5,Luật kinh tế
74525,DYD,luat-kinh-te,D01,Điểm thi THPT,2025,15.5,Luật kinh tế
74526,DYD,luat-kinh-te,D14,Điểm thi THPT,2025,15.5,Luật kinh tế
74527,DYD,luat-kinh-te,D15,Điểm thi THPT,2025,15.5,Luật kinh tế
74528,DYD,luat-kinh-te,X01,Điểm thi THPT,2025,15.5,Luật kinh tế
74529,DYD,ngon-ngu-anh,A01,Điểm thi THPT,2021,15.0,"Ngôn ngữ Anh (Gồm các chuyên ngành: Ngôn ngữ Anh, Tiếng Anh du lịch; Tiếng Anh thương mại)"
74530,DYD,ngon-ngu-anh,D01,Điểm thi THPT,2021,15.0,"Ngôn ngữ Anh (Gồm các chuyên ngành: Ngôn ngữ Anh, Tiếng Anh du lịch; Tiếng Anh thương mại)"
74531,DYD,ngon-ngu-anh,D14,Điểm thi THPT,2021,15.0,"Ngôn ngữ Anh (Gồm các chuyên ngành: Ngôn ngữ Anh, Tiếng Anh du lịch; Tiếng Anh thương mại)"
74532,DYD,ngon-ngu-anh,D15,Điểm thi THPT,2021,15.0,"Ngôn ngữ Anh (Gồm các chuyên ngành: Ngôn ngữ Anh, Tiếng Anh du lịch; Tiếng Anh thương mại)"
74533,DYD,ngon-ngu-anh,A01,Điểm học bạ,2022,17.0,Ngôn ngữ Anh
74534,DYD,ngon-ngu-anh,D01,Điểm học bạ,2022,17.0,Ngôn ngữ Anh
74535,DYD,ngon-ngu-anh,D14,Điểm học bạ,2022,17.0,Ngôn ngữ Anh
74536,DYD,ngon-ngu-anh,D15,Điểm học bạ,2022,17.0,Ngôn ngữ Anh
74537,DYD,ngon-ngu-anh,A01,Điểm thi THPT,2022,18.0,Ngôn ngữ Anh
74538,DYD,ngon-ngu-anh,D01,Điểm thi THPT,2022,18.0,Ngôn ngữ Anh
74539,DYD,ngon-ngu-anh,D14,Điểm thi THPT,2022,18.0,Ngôn ngữ Anh
74540,DYD,ngon-ngu-anh,D15,Điểm thi THPT,2022,18.0,Ngôn ngữ Anh
74541,DYD,ngon-ngu-anh,A01,Điểm học bạ,2023,18.0,Ngôn ngữ Anh
74542,DYD,ngon-ngu-anh,D01,Điểm học bạ,2023,18.0,Ngôn ngữ Anh
74543,DYD,ngon-ngu-anh,D14,Điểm học bạ,2023,18.0,Ngôn ngữ Anh
74544,DYD,ngon-ngu-anh,D15,Điểm học bạ,2023,18.0,Ngôn ngữ Anh
74545,DYD,ngon-ngu-anh,A01,Điểm thi THPT,2023,17.0,Ngôn ngữ Anh
74546,DYD,ngon-ngu-anh,D01,Điểm thi THPT,2023,17.0,Ngôn ngữ Anh
74547,DYD,ngon-ngu-anh,D14,Điểm thi THPT,2023,17.0,Ngôn ngữ Anh
74548,DYD,ngon-ngu-anh,D15,Điểm thi THPT,2023,17.0,Ngôn ngữ Anh
74549,DYD,ngon-ngu-anh,A01,Điểm học bạ,2024,18.0,Ngôn ngữ Anh
74550,DYD,ngon-ngu-anh,D01,Điểm học bạ,2024,18.0,Ngôn ngữ Anh
74551,DYD,ngon-ngu-anh,D14,Điểm học bạ,2024,18.0,Ngôn ngữ Anh
74552,DYD,ngon-ngu-anh,D15,Điểm học bạ,2024,18.0,Ngôn ngữ Anh
74553,DYD,ngon-ngu-anh,A01,Điểm thi THPT,2024,17.0,Ngôn ngữ Anh
74554,DYD,ngon-ngu-anh,D01,Điểm thi THPT,2024,17.0,Ngôn ngữ Anh
74555,DYD,ngon-ngu-anh,D14,Điểm thi THPT,2024,17.0,Ngôn ngữ Anh
74556,DYD,ngon-ngu-anh,D15,Điểm thi THPT,2024,17.0,Ngôn ngữ Anh
74557,DYD,ngon-ngu-anh,A01,Điểm học bạ,2025,18.0,Ngôn ngữ Anh
74558,DYD,ngon-ngu-anh,D01,Điểm học bạ,2025,18.0,Ngôn ngữ Anh
74559,DYD,ngon-ngu-anh,D11,Điểm học bạ,2025,18.0,Ngôn ngữ Anh
74560,DYD,ngon-ngu-anh,D14,Điểm học bạ,2025,18.0,Ngôn ngữ Anh
74561,DYD,ngon-ngu-anh,D15,Điểm học bạ,2025,18.0,Ngôn ngữ Anh
74562,DYD,ngon-ngu-anh,X78,Điểm học bạ,2025,18.0,Ngôn ngữ Anh
74563,DYD,ngon-ngu-anh,X79,Điểm học bạ,2025,18.0,Ngôn ngữ Anh
74564,DYD,ngon-ngu-anh,A01,Điểm thi THPT,2025,15.5,Ngôn ngữ Anh
74565,DYD,ngon-ngu-anh,D01,Điểm thi THPT,2025,15.5,Ngôn ngữ Anh
74566,DYD,ngon-ngu-anh,D11,Điểm thi THPT,2025,15.5,Ngôn ngữ Anh
74567,DYD,ngon-ngu-anh,D14,Điểm thi THPT,2025,15.5,Ngôn ngữ Anh
74568,DYD,ngon-ngu-anh,D15,Điểm thi THPT,2025,15.5,Ngôn ngữ Anh
74569,DYD,ngon-ngu-anh,X78,Điểm thi THPT,2025,15.5,Ngôn ngữ Anh
74570,DYD,ngon-ngu-anh,X79,Điểm thi THPT,2025,15.5,Ngôn ngữ Anh
74571,DYD,quan-he-cong-chung,A00,Điểm thi THPT,2021,15.0,Quan hệ công chúng
74572,DYD,quan-he-cong-chung,A01,Điểm thi THPT,2021,15.0,Quan hệ công chúng
74573,DYD,quan-he-cong-chung,C00,Điểm thi THPT,2021,15.0,Quan hệ công chúng
74574,DYD,quan-he-cong-chung,D01,Điểm thi THPT,2021,15.0,Quan hệ công chúng
74575,DYD,quan-he-cong-chung,A00,Điểm học bạ,2022,17.0,Quan hệ công chúng
74576,DYD,quan-he-cong-chung,A01,Điểm học bạ,2022,17.0,Quan hệ công chúng
74577,DYD,quan-he-cong-chung,C00,Điểm học bạ,2022,17.0,Quan hệ công chúng
74578,DYD,quan-he-cong-chung,D01,Điểm học bạ,2022,17.0,Quan hệ công chúng
74579,DYD,quan-he-cong-chung,A00,Điểm thi THPT,2022,18.0,Quan hệ công chúng
74580,DYD,quan-he-cong-chung,A01,Điểm thi THPT,2022,18.0,Quan hệ công chúng
74581,DYD,quan-he-cong-chung,C00,Điểm thi THPT,2022,18.0,Quan hệ công chúng
74582,DYD,quan-he-cong-chung,D01,Điểm thi THPT,2022,18.0,Quan hệ công chúng
74583,DYD,quan-he-cong-chung,A00,Điểm học bạ,2023,18.0,Quan hệ công chúng
74584,DYD,quan-he-cong-chung,A01,Điểm học bạ,2023,18.0,Quan hệ công chúng
74585,DYD,quan-he-cong-chung,C00,Điểm học bạ,2023,18.0,Quan hệ công chúng
74586,DYD,quan-he-cong-chung,D01,Điểm học bạ,2023,18.0,Quan hệ công chúng
74587,DYD,quan-he-cong-chung,A00,Điểm thi THPT,2023,17.0,Quan hệ công chúng
74588,DYD,quan-he-cong-chung,A01,Điểm thi THPT,2023,17.0,Quan hệ công chúng
74589,DYD,quan-he-cong-chung,C00,Điểm thi THPT,2023,17.0,Quan hệ công chúng
74590,DYD,quan-he-cong-chung,D01,Điểm thi THPT,2023,17.0,Quan hệ công chúng
74591,DYD,quan-he-cong-chung,A00,Điểm học bạ,2024,18.0,Quan hệ công chúng
74592,DYD,quan-he-cong-chung,A01,Điểm học bạ,2024,18.0,Quan hệ công chúng
74593,DYD,quan-he-cong-chung,C00,Điểm học bạ,2024,18.0,Quan hệ công chúng
74594,DYD,quan-he-cong-chung,D01,Điểm học bạ,2024,18.0,Quan hệ công chúng
74595,DYD,quan-he-cong-chung,A00,Điểm thi THPT,2024,17.0,Quan hệ công chúng
74596,DYD,quan-he-cong-chung,A01,Điểm thi THPT,2024,17.0,Quan hệ công chúng
74597,DYD,quan-he-cong-chung,C00,Điểm thi THPT,2024,17.0,Quan hệ công chúng
74598,DYD,quan-he-cong-chung,D01,Điểm thi THPT,2024,17.0,Quan hệ công chúng
74599,DYD,quan-he-cong-chung,C00,Điểm học bạ,2025,18.0,Quan hệ công chúng
74600,DYD,quan-he-cong-chung,C01,Điểm học bạ,2025,18.0,Quan hệ công chúng
74601,DYD,quan-he-cong-chung,C03,Điểm học bạ,2025,18.0,Quan hệ công chúng
74602,DYD,quan-he-cong-chung,C04,Điểm học bạ,2025,18.0,Quan hệ công chúng
74603,DYD,quan-he-cong-chung,D01,Điểm học bạ,2025,18.0,Quan hệ công chúng
74604,DYD,quan-he-cong-chung,X01,Điểm học bạ,2025,18.0,Quan hệ công chúng
74605,DYD,quan-he-cong-chung,X02,Điểm học bạ,2025,18.0,Quan hệ công chúng
74606,DYD,quan-he-cong-chung,C00,Điểm thi THPT,2025,15.5,Quan hệ công chúng
74607,DYD,quan-he-cong-chung,C01,Điểm thi THPT,2025,15.5,Quan hệ công chúng
74608,DYD,quan-he-cong-chung,C03,Điểm thi THPT,2025,15.5,Quan hệ công chúng
74609,DYD,quan-he-cong-chung,C04,Điểm thi THPT,2025,15.5,Quan hệ công chúng
74610,DYD,quan-he-cong-chung,D01,Điểm thi THPT,2025,15.5,Quan hệ công chúng
74611,DYD,quan-he-cong-chung,X01,Điểm thi THPT,2025,15.5,Quan hệ công chúng
74612,DYD,quan-he-cong-chung,X02,Điểm thi THPT,2025,15.5,Quan hệ công chúng
74613,DYD,quan-tri-dich-vu-du-lich-va-lu-hanh,A00,Điểm thi THPT,2021,15.0,Quản trị dịch vụ du lịch và lữ hành (Gồm các chuyên ngành: Quản trị nhà hàng - khách sạn; Quản trị lữ hành)
74614,DYD,quan-tri-dich-vu-du-lich-va-lu-hanh,C00,Điểm thi THPT,2021,15.0,Quản trị dịch vụ du lịch và lữ hành (Gồm các chuyên ngành: Quản trị nhà hàng - khách sạn; Quản trị lữ hành)
74615,DYD,quan-tri-dich-vu-du-lich-va-lu-hanh,D01,Điểm thi THPT,2021,15.0,Quản trị dịch vụ du lịch và lữ hành (Gồm các chuyên ngành: Quản trị nhà hàng - khách sạn; Quản trị lữ hành)
74616,DYD,quan-tri-dich-vu-du-lich-va-lu-hanh,D15,Điểm thi THPT,2021,15.0,Quản trị dịch vụ du lịch và lữ hành (Gồm các chuyên ngành: Quản trị nhà hàng - khách sạn; Quản trị lữ hành)
74617,DYD,quan-tri-dich-vu-du-lich-va-lu-hanh,A00,Điểm học bạ,2022,17.0,Quản trị dịch vụ du lịch vầ lữ hành
74618,DYD,quan-tri-dich-vu-du-lich-va-lu-hanh,C00,Điểm học bạ,2022,17.0,Quản trị dịch vụ du lịch vầ lữ hành
74619,DYD,quan-tri-dich-vu-du-lich-va-lu-hanh,D01,Điểm học bạ,2022,17.0,Quản trị dịch vụ du lịch vầ lữ hành
74620,DYD,quan-tri-dich-vu-du-lich-va-lu-hanh,D15,Điểm học bạ,2022,17.0,Quản trị dịch vụ du lịch vầ lữ hành
74621,DYD,quan-tri-dich-vu-du-lich-va-lu-hanh,A00,Điểm thi THPT,2022,18.0,Quản trị dịch vụ du lịch vầ lữ hành
74622,DYD,quan-tri-dich-vu-du-lich-va-lu-hanh,C00,Điểm thi THPT,2022,18.0,Quản trị dịch vụ du lịch vầ lữ hành
74623,DYD,quan-tri-dich-vu-du-lich-va-lu-hanh,D01,Điểm thi THPT,2022,18.0,Quản trị dịch vụ du lịch vầ lữ hành
74624,DYD,quan-tri-dich-vu-du-lich-va-lu-hanh,D15,Điểm thi THPT,2022,18.0,Quản trị dịch vụ du lịch vầ lữ hành
74625,DYD,quan-tri-dich-vu-du-lich-va-lu-hanh,A00,Điểm học bạ,2023,18.0,Quản trị dịch vụ du lịch và lữ hành
74626,DYD,quan-tri-dich-vu-du-lich-va-lu-hanh,C00,Điểm học bạ,2023,18.0,Quản trị dịch vụ du lịch và lữ hành
74627,DYD,quan-tri-dich-vu-du-lich-va-lu-hanh,D01,Điểm học bạ,2023,18.0,Quản trị dịch vụ du lịch và lữ hành
74628,DYD,quan-tri-dich-vu-du-lich-va-lu-hanh,D15,Điểm học bạ,2023,18.0,Quản trị dịch vụ du lịch và lữ hành
74629,DYD,quan-tri-dich-vu-du-lich-va-lu-hanh,A00,Điểm thi THPT,2023,17.0,Quản trị dịch vụ du lịch và lữ hành
74630,DYD,quan-tri-dich-vu-du-lich-va-lu-hanh,C00,Điểm thi THPT,2023,17.0,Quản trị dịch vụ du lịch và lữ hành
74631,DYD,quan-tri-dich-vu-du-lich-va-lu-hanh,D01,Điểm thi THPT,2023,17.0,Quản trị dịch vụ du lịch và lữ hành
74632,DYD,quan-tri-dich-vu-du-lich-va-lu-hanh,D15,Điểm thi THPT,2023,17.0,Quản trị dịch vụ du lịch và lữ hành
74633,DYD,quan-tri-dich-vu-du-lich-va-lu-hanh,A00,Điểm học bạ,2024,18.0,Quản trị dịch vụ du lịch và lữ hành
74634,DYD,quan-tri-dich-vu-du-lich-va-lu-hanh,C00,Điểm học bạ,2024,18.0,Quản trị dịch vụ du lịch và lữ hành
74635,DYD,quan-tri-dich-vu-du-lich-va-lu-hanh,D01,Điểm học bạ,2024,18.0,Quản trị dịch vụ du lịch và lữ hành
74636,DYD,quan-tri-dich-vu-du-lich-va-lu-hanh,D15,Điểm học bạ,2024,18.0,Quản trị dịch vụ du lịch và lữ hành
74637,DYD,quan-tri-dich-vu-du-lich-va-lu-hanh,A00,Điểm thi THPT,2024,17.0,Quản trị dịch vụ du lịch và lữ hành
74638,DYD,quan-tri-dich-vu-du-lich-va-lu-hanh,C00,Điểm thi THPT,2024,17.0,Quản trị dịch vụ du lịch và lữ hành
74639,DYD,quan-tri-dich-vu-du-lich-va-lu-hanh,D01,Điểm thi THPT,2024,17.0,Quản trị dịch vụ du lịch và lữ hành
74640,DYD,quan-tri-dich-vu-du-lich-va-lu-hanh,D15,Điểm thi THPT,2024,17.0,Quản trị dịch vụ du lịch và lữ hành
74641,DYD,quan-tri-dich-vu-du-lich-va-lu-hanh,A07,Điểm học bạ,2025,18.0,Quản trị dịch vụ du lịch và lữ hành
74642,DYD,quan-tri-dich-vu-du-lich-va-lu-hanh,C00,Điểm học bạ,2025,18.0,Quản trị dịch vụ du lịch và lữ hành
74643,DYD,quan-tri-dich-vu-du-lich-va-lu-hanh,C03,Điểm học bạ,2025,18.0,Quản trị dịch vụ du lịch và lữ hành
74644,DYD,quan-tri-dich-vu-du-lich-va-lu-hanh,C04,Điểm học bạ,2025,18.0,Quản trị dịch vụ du lịch và lữ hành
74645,DYD,quan-tri-dich-vu-du-lich-va-lu-hanh,D01,Điểm học bạ,2025,18.0,Quản trị dịch vụ du lịch và lữ hành
74646,DYD,quan-tri-dich-vu-du-lich-va-lu-hanh,D09,Điểm học bạ,2025,18.0,Quản trị dịch vụ du lịch và lữ hành
74647,DYD,quan-tri-dich-vu-du-lich-va-lu-hanh,D10,Điểm học bạ,2025,18.0,Quản trị dịch vụ du lịch và lữ hành
74648,DYD,quan-tri-dich-vu-du-lich-va-lu-hanh,D14,Điểm học bạ,2025,18.0,Quản trị dịch vụ du lịch và lữ hành
74649,DYD,quan-tri-dich-vu-du-lich-va-lu-hanh,D15,Điểm học bạ,2025,18.0,Quản trị dịch vụ du lịch và lữ hành
74650,DYD,quan-tri-dich-vu-du-lich-va-lu-hanh,A07,Điểm thi THPT,2025,15.5,Quản trị dịch vụ du lịch và lữ hành
74651,DYD,quan-tri-dich-vu-du-lich-va-lu-hanh,C00,Điểm thi THPT,2025,15.5,Quản trị dịch vụ du lịch và lữ hành
74652,DYD,quan-tri-dich-vu-du-lich-va-lu-hanh,C03,Điểm thi THPT,2025,15.5,Quản trị dịch vụ du lịch và lữ hành
74653,DYD,quan-tri-dich-vu-du-lich-va-lu-hanh,C04,Điểm thi THPT,2025,15.5,Quản trị dịch vụ du lịch và lữ hành
74654,DYD,quan-tri-dich-vu-du-lich-va-lu-hanh,D01,Điểm thi THPT,2025,15.5,Quản trị dịch vụ du lịch và lữ hành
74655,DYD,quan-tri-dich-vu-du-lich-va-lu-hanh,D09,Điểm thi THPT,2025,15.5,Quản trị dịch vụ du lịch và lữ hành
74656,DYD,quan-tri-dich-vu-du-lich-va-lu-hanh,D10,Điểm thi THPT,2025,15.5,Quản trị dịch vụ du lịch và lữ hành
74657,DYD,quan-tri-dich-vu-du-lich-va-lu-hanh,D14,Điểm thi THPT,2025,15.5,Quản trị dịch vụ du lịch và lữ hành
74658,DYD,quan-tri-dich-vu-du-lich-va-lu-hanh,D15,Điểm thi THPT,2025,15.5,Quản trị dịch vụ du lịch và lữ hành
74659,DYD,quan-tri-kinh-doanh,A00,Điểm thi THPT,2021,15.0,"Quản trị kinh doanh (Gồm các chuyên ngành: Quản trị kinh doanh, Kế toán, Tài chính - ngân hàng)"
74660,DYD,quan-tri-kinh-doanh,A01,Điểm thi THPT,2021,15.0,"Quản trị kinh doanh (Gồm các chuyên ngành: Quản trị kinh doanh, Kế toán, Tài chính - ngân hàng)"
74661,DYD,quan-tri-kinh-doanh,C00,Điểm thi THPT,2021,15.0,"Quản trị kinh doanh (Gồm các chuyên ngành: Quản trị kinh doanh, Kế toán, Tài chính - ngân hàng)"
74662,DYD,quan-tri-kinh-doanh,D01,Điểm thi THPT,2021,15.0,"Quản trị kinh doanh (Gồm các chuyên ngành: Quản trị kinh doanh, Kế toán, Tài chính - ngân hàng)"
74663,DYD,quan-tri-kinh-doanh,A00,Điểm học bạ,2022,17.0,Quản trị kinh doanh
74664,DYD,quan-tri-kinh-doanh,A01,Điểm học bạ,2022,17.0,Quản trị kinh doanh
74665,DYD,quan-tri-kinh-doanh,C00,Điểm học bạ,2022,17.0,Quản trị kinh doanh
74666,DYD,quan-tri-kinh-doanh,D01,Điểm học bạ,2022,17.0,Quản trị kinh doanh
74667,DYD,quan-tri-kinh-doanh,A00,Điểm thi THPT,2022,19.5,Quản trị kinh doanh
74668,DYD,quan-tri-kinh-doanh,A01,Điểm thi THPT,2022,19.5,Quản trị kinh doanh
74669,DYD,quan-tri-kinh-doanh,C00,Điểm thi THPT,2022,19.5,Quản trị kinh doanh
74670,DYD,quan-tri-kinh-doanh,D01,Điểm thi THPT,2022,19.5,Quản trị kinh doanh
74671,DYD,quan-tri-kinh-doanh,A00,Điểm học bạ,2023,18.0,Quản trị kinh doanh
74672,DYD,quan-tri-kinh-doanh,A01,Điểm học bạ,2023,18.0,Quản trị kinh doanh
74673,DYD,quan-tri-kinh-doanh,C00,Điểm học bạ,2023,18.0,Quản trị kinh doanh
74674,DYD,quan-tri-kinh-doanh,D01,Điểm học bạ,2023,18.0,Quản trị kinh doanh
74675,DYD,quan-tri-kinh-doanh,A00,Điểm thi THPT,2023,17.0,Quản trị kinh doanh
74676,DYD,quan-tri-kinh-doanh,A01,Điểm thi THPT,2023,17.0,Quản trị kinh doanh
74677,DYD,quan-tri-kinh-doanh,C00,Điểm thi THPT,2023,17.0,Quản trị kinh doanh
74678,DYD,quan-tri-kinh-doanh,D01,Điểm thi THPT,2023,17.0,Quản trị kinh doanh
74679,DYD,quan-tri-kinh-doanh,A00,Điểm học bạ,2024,18.0,Quản trị kinh doanh
74680,DYD,quan-tri-kinh-doanh,A01,Điểm học bạ,2024,18.0,Quản trị kinh doanh
74681,DYD,quan-tri-kinh-doanh,C00,Điểm học bạ,2024,18.0,Quản trị kinh doanh
74682,DYD,quan-tri-kinh-doanh,D01,Điểm học bạ,2024,18.0,Quản trị kinh doanh
74683,DYD,quan-tri-kinh-doanh,A00,Điểm thi THPT,2024,17.0,Quản trị kinh doanh
74684,DYD,quan-tri-kinh-doanh,A01,Điểm thi THPT,2024,17.0,Quản trị kinh doanh
74685,DYD,quan-tri-kinh-doanh,C00,Điểm thi THPT,2024,17.0,Quản trị kinh doanh
74686,DYD,quan-tri-kinh-doanh,D01,Điểm thi THPT,2024,17.0,Quản trị kinh doanh
74687,DYD,quan-tri-kinh-doanh,A00,Điểm học bạ,2025,18.0,Quản trị kinh doanh
74688,DYD,quan-tri-kinh-doanh,A01,Điểm học bạ,2025,18.0,Quản trị kinh doanh
74689,DYD,quan-tri-kinh-doanh,C01,Điểm học bạ,2025,18.0,Quản trị kinh doanh
74690,DYD,quan-tri-kinh-doanh,C04,Điểm học bạ,2025,18.0,Quản trị kinh doanh
74691,DYD,quan-tri-kinh-doanh,D01,Điểm học bạ,2025,18.0,Quản trị kinh doanh
74692,DYD,quan-tri-kinh-doanh,K01,Điểm học bạ,2025,18.0,Quản trị kinh doanh
74693,DYD,quan-tri-kinh-doanh,X02,Điểm học bạ,2025,18.0,Quản trị kinh doanh
74694,DYD,quan-tri-kinh-doanh,X25,Điểm học bạ,2025,18.0,Quản trị kinh doanh
74695,DYD,quan-tri-kinh-doanh,A00,Điểm thi THPT,2025,15.5,Quản trị kinh doanh
74696,DYD,quan-tri-kinh-doanh,A01,Điểm thi THPT,2025,15.5,Quản trị kinh doanh
74697,DYD,quan-tri-kinh-doanh,C01,Điểm thi THPT,2025,15.5,Quản trị kinh doanh
74698,DYD,quan-tri-kinh-doanh,C04,Điểm thi THPT,2025,15.5,Quản trị kinh doanh
74699,DYD,quan-tri-kinh-doanh,D01,Điểm thi THPT,2025,15.5,Quản trị kinh doanh
74700,DYD,quan-tri-kinh-doanh,K01,Điểm thi THPT,2025,15.5,Quản trị kinh doanh
74701,DYD,quan-tri-kinh-doanh,X02,Điểm thi THPT,2025,15.5,Quản trị kinh doanh
74702,DYD,quan-tri-kinh-doanh,X25,Điểm thi THPT,2025,15.5,Quản trị kinh doanh
74703,DYD,tam-ly-hoc,A00,Điểm học bạ,2023,18.0,Tâm lý học
74704,DYD,tam-ly-hoc,B00,Điểm học bạ,2023,18.0,Tâm lý học
74705,DYD,tam-ly-hoc,C00,Điểm học bạ,2023,18.0,Tâm lý học
74706,DYD,tam-ly-hoc,D01,Điểm học bạ,2023,18.0,Tâm lý học
74707,DYD,tam-ly-hoc,A00,Điểm thi THPT,2023,17.0,Tâm lý học
74708,DYD,tam-ly-hoc,B00,Điểm thi THPT,2023,17.0,Tâm lý học
74709,DYD,tam-ly-hoc,C00,Điểm thi THPT,2023,17.0,Tâm lý học
74710,DYD,tam-ly-hoc,D01,Điểm thi THPT,2023,17.0,Tâm lý học
74711,DYD,tam-ly-hoc,A00,Điểm học bạ,2024,18.0,Tâm lý học
74712,DYD,tam-ly-hoc,B00,Điểm học bạ,2024,18.0,Tâm lý học
74713,DYD,tam-ly-hoc,C00,Điểm học bạ,2024,18.0,Tâm lý học
74714,DYD,tam-ly-hoc,D01,Điểm học bạ,2024,18.0,Tâm lý học
74715,DYD,tam-ly-hoc,A00,Điểm thi THPT,2024,17.0,Tâm lý học
74716,DYD,tam-ly-hoc,B00,Điểm thi THPT,2024,17.0,Tâm lý học
74717,DYD,tam-ly-hoc,C00,Điểm thi THPT,2024,17.0,Tâm lý học
74718,DYD,tam-ly-hoc,D01,Điểm thi THPT,2024,17.0,Tâm lý học
74719,DYD,tam-ly-hoc,B03,Điểm học bạ,2025,18.0,Tâm lý học
74720,DYD,tam-ly-hoc,B08,Điểm học bạ,2025,18.0,Tâm lý học
74721,DYD,tam-ly-hoc,C00,Điểm học bạ,2025,18.0,Tâm lý học
74722,DYD,tam-ly-hoc,C02,Điểm học bạ,2025,18.0,Tâm lý học
74723,DYD,tam-ly-hoc,D01,Điểm học bạ,2025,18.0,Tâm lý học
74724,DYD,tam-ly-hoc,D07,Điểm học bạ,2025,18.0,Tâm lý học
74725,DYD,tam-ly-hoc,B03,Điểm thi THPT,2025,15.5,Tâm lý học
74726,DYD,tam-ly-hoc,B08,Điểm thi THPT,2025,15.5,Tâm lý học
74727,DYD,tam-ly-hoc,C00,Điểm thi THPT,2025,15.5,Tâm lý học
74728,DYD,tam-ly-hoc,C02,Điểm thi THPT,2025,15.5,Tâm lý học
74729,DYD,tam-ly-hoc,D01,Điểm thi THPT,2025,15.5,Tâm lý học
74730,DYD,tam-ly-hoc,D07,Điểm thi THPT,2025,15.5,Tâm lý học
74731,DYD,thiet-ke-noi-that,A01,Điểm thi THPT,2021,15.0,Thiết kế nội thất
74732,DYD,thiet-ke-noi-that,C01,Điểm thi THPT,2021,15.0,Thiết kế nội thất
74733,DYD,thiet-ke-noi-that,H01,Điểm thi THPT,2021,15.0,Thiết kế nội thất
74734,DYD,thiet-ke-noi-that,V00,Điểm thi THPT,2021,15.0,Thiết kế nội thất
74735,DYD,thiet-ke-noi-that,A01,Điểm học bạ,2022,17.0,Thiết kế nội thất
74736,DYD,thiet-ke-noi-that,C01,Điểm học bạ,2022,17.0,Thiết kế nội thất
74737,DYD,thiet-ke-noi-that,H01,Điểm học bạ,2022,17.0,Thiết kế nội thất
74738,DYD,thiet-ke-noi-that,V00,Điểm học bạ,2022,17.0,Thiết kế nội thất
74739,DYD,thiet-ke-noi-that,A01,Điểm thi THPT,2022,18.0,Thiết kế nội thất
74740,DYD,thiet-ke-noi-that,C01,Điểm thi THPT,2022,18.0,Thiết kế nội thất
74741,DYD,thiet-ke-noi-that,H01,Điểm thi THPT,2022,18.0,Thiết kế nội thất
74742,DYD,thiet-ke-noi-that,V00,Điểm thi THPT,2022,18.0,Thiết kế nội thất
74743,DYD,thiet-ke-noi-that,A01,Điểm học bạ,2023,18.0,Thiết kế nội thất
74744,DYD,thiet-ke-noi-that,C01,Điểm học bạ,2023,18.0,Thiết kế nội thất
74745,DYD,thiet-ke-noi-that,H01,Điểm học bạ,2023,12.0,Thiết kế nội thất
74746,DYD,thiet-ke-noi-that,V00,Điểm học bạ,2023,12.0,Thiết kế nội thất
74747,DYD,thiet-ke-noi-that,A01,Điểm thi THPT,2023,18.0,Thiết kế nội thất
74748,DYD,thiet-ke-noi-that,C01,Điểm thi THPT,2023,18.0,Thiết kế nội thất
74749,DYD,thiet-ke-noi-that,H01,Điểm thi THPT,2023,18.0,Thiết kế nội thất
74750,DYD,thiet-ke-noi-that,V00,Điểm thi THPT,2023,18.0,Thiết kế nội thất
74751,DYD,thiet-ke-noi-that,A01,Điểm học bạ,2024,18.0,Thiết kế nội thất
74752,DYD,thiet-ke-noi-that,C01,Điểm học bạ,2024,18.0,Thiết kế nội thất
74753,DYD,thiet-ke-noi-that,H01,Điểm học bạ,2024,18.0,Thiết kế nội thất
74754,DYD,thiet-ke-noi-that,V00,Điểm học bạ,2024,18.0,Thiết kế nội thất
74755,DYD,thiet-ke-noi-that,A01,Điểm thi THPT,2024,17.0,Thiết kế nội thất
74756,DYD,thiet-ke-noi-that,C01,Điểm thi THPT,2024,17.0,Thiết kế nội thất
74757,DYD,thiet-ke-noi-that,H01,Điểm thi THPT,2024,17.0,Thiết kế nội thất
74758,DYD,thiet-ke-noi-that,V00,Điểm thi THPT,2024,17.0,Thiết kế nội thất
74759,DYD,thiet-ke-noi-that,C01,Điểm học bạ,2025,18.0,Thiết kế nội thất
74760,DYD,thiet-ke-noi-that,C04,Điểm học bạ,2025,18.0,Thiết kế nội thất
74761,DYD,thiet-ke-noi-that,D01,Điểm học bạ,2025,18.0,Thiết kế nội thất
74762,DYD,thiet-ke-noi-that,H01,Điểm học bạ,2025,18.0,Thiết kế nội thất
74763,DYD,thiet-ke-noi-that,V00,Điểm học bạ,2025,18.0,Thiết kế nội thất
74764,DYD,thiet-ke-noi-that,V02,Điểm học bạ,2025,18.0,Thiết kế nội thất
74765,DYD,thiet-ke-noi-that,X03,Điểm học bạ,2025,18.0,Thiết kế nội thất
74766,DYD,thiet-ke-noi-that,C01,Điểm thi THPT,2025,15.5,Thiết kế nội thất
74767,DYD,thiet-ke-noi-that,C04,Điểm thi THPT,2025,15.5,Thiết kế nội thất
74768,DYD,thiet-ke-noi-that,D01,Điểm thi THPT,2025,15.5,Thiết kế nội thất
74769,DYD,thiet-ke-noi-that,H01,Điểm thi THPT,2025,15.5,Thiết kế nội thất
74770,DYD,thiet-ke-noi-that,V00,Điểm thi THPT,2025,15.5,Thiết kế nội thất
74771,DYD,thiet-ke-noi-that,V02,Điểm thi THPT,2025,15.5,Thiết kế nội thất
74772,DYD,thiet-ke-noi-that,X03,Điểm thi THPT,2025,15.5,Thiết kế nội thất
74773,DYD,y-khoa,A02,Điểm học bạ,2025,18.0,Y khoa
74774,DYD,y-khoa,B00,Điểm học bạ,2025,18.0,Y khoa
74775,DYD,y-khoa,B08,Điểm học bạ,2025,18.0,Y khoa
74776,DYD,y-khoa,X16,Điểm học bạ,2025,18.0,Y khoa
74777,DYD,y-khoa,A02,Điểm thi THPT,2025,20.5,Y khoa
74778,DYD,y-khoa,B00,Điểm thi THPT,2025,20.5,Y khoa
74779,DYD,y-khoa,B08,Điểm thi THPT,2025,20.5,Y khoa
74780,DYD,y-khoa,X16,Điểm thi THPT,2025,20.5,Y khoa
74781,DYH,duoc-hoc,A00,Điểm thi THPT,2025,23.93,Dược học
74782,DYH,duoc-hoc,D07,Điểm thi THPT,2025,23.93,Dược học
74783,DYH,y-khoa,A00,Điểm thi THPT,2025,27.33,Y khoa
74784,DYH,y-khoa,B00,Điểm thi THPT,2025,27.33,Y khoa
74785,DYH,y-khoa,D07,Điểm thi THPT,2025,27.33,Y khoa
74786,EIU,dieu-duong,A00,Điểm thi THPT,2021,19.0,Điều dưỡng
74787,EIU,dieu-duong,A01,Điểm thi THPT,2021,19.0,Điều dưỡng
74788,EIU,dieu-duong,B00,Điểm thi THPT,2021,19.0,Điều dưỡng
74789,EIU,dieu-duong,D01,Điểm thi THPT,2021,19.0,Điều dưỡng
74790,EIU,dieu-duong,A00,Điểm học bạ,2022,19.5,Điều dưỡng
74791,EIU,dieu-duong,A01,Điểm học bạ,2022,19.5,Điều dưỡng
74792,EIU,dieu-duong,B00,Điểm học bạ,2022,19.5,Điều dưỡng
74793,EIU,dieu-duong,D01,Điểm học bạ,2022,19.5,Điều dưỡng
74794,EIU,dieu-duong,A00,Điểm thi THPT,2022,19.0,Điều dưỡng
74795,EIU,dieu-duong,A01,Điểm thi THPT,2022,19.0,Điều dưỡng
74796,EIU,dieu-duong,B00,Điểm thi THPT,2022,19.0,Điều dưỡng
74797,EIU,dieu-duong,D01,Điểm thi THPT,2022,19.0,Điều dưỡng
74798,EIU,dieu-duong,A00,Điểm học bạ,2023,19.5,Điều dưỡng
74799,EIU,dieu-duong,A01,Điểm học bạ,2023,19.5,Điều dưỡng
74800,EIU,dieu-duong,B00,Điểm học bạ,2023,19.5,Điều dưỡng
74801,EIU,dieu-duong,D01,Điểm học bạ,2023,19.5,Điều dưỡng
74802,EIU,dieu-duong,A00,Điểm thi THPT,2023,19.0,Điều dưỡng
74803,EIU,dieu-duong,A01,Điểm thi THPT,2023,19.0,Điều dưỡng
74804,EIU,dieu-duong,B00,Điểm thi THPT,2023,19.0,Điều dưỡng
74805,EIU,dieu-duong,D01,Điểm thi THPT,2023,19.0,Điều dưỡng
74806,EIU,dieu-duong,A00,Điểm học bạ,2024,19.5,Điều dưỡng
74807,EIU,dieu-duong,A01,Điểm học bạ,2024,19.5,Điều dưỡng
74808,EIU,dieu-duong,B00,Điểm học bạ,2024,19.5,Điều dưỡng
74809,EIU,dieu-duong,D01,Điểm học bạ,2024,19.5,Điều dưỡng
74810,EIU,dieu-duong,A00,Điểm thi THPT,2024,19.0,Điều dưỡng
74811,EIU,dieu-duong,A01,Điểm thi THPT,2024,19.0,Điều dưỡng
74812,EIU,dieu-duong,B00,Điểm thi THPT,2024,19.0,Điều dưỡng
74813,EIU,dieu-duong,D01,Điểm thi THPT,2024,19.0,Điều dưỡng
74814,EIU,dieu-duong,A00,Điểm học bạ,2025,19.5,Điều dưỡng
74815,EIU,dieu-duong,A01,Điểm học bạ,2025,19.5,Điều dưỡng
74816,EIU,dieu-duong,B00,Điểm học bạ,2025,19.5,Điều dưỡng
74817,EIU,dieu-duong,B03,Điểm học bạ,2025,19.5,Điều dưỡng
74818,EIU,dieu-duong,B08,Điểm học bạ,2025,19.5,Điều dưỡng
74819,EIU,dieu-duong,C02,Điểm học bạ,2025,19.5,Điều dưỡng
74820,EIU,dieu-duong,D01,Điểm học bạ,2025,19.5,Điều dưỡng
74821,EIU,dieu-duong,D07,Điểm học bạ,2025,19.5,Điều dưỡng
74822,EIU,dieu-duong,D09,Điểm học bạ,2025,19.5,Điều dưỡng
74823,EIU,dieu-duong,D10,Điểm học bạ,2025,19.5,Điều dưỡng
74824,EIU,dieu-duong,X01,Điểm học bạ,2025,19.5,Điều dưỡng
74825,EIU,dieu-duong,X25,Điểm học bạ,2025,19.5,Điều dưỡng
74826,EIU,dieu-duong,A00,Điểm thi THPT,2025,17.0,Điều dưỡng
74827,EIU,dieu-duong,A01,Điểm thi THPT,2025,17.0,Điều dưỡng
74828,EIU,dieu-duong,B00,Điểm thi THPT,2025,17.0,Điều dưỡng
74829,EIU,dieu-duong,B03,Điểm thi THPT,2025,17.0,Điều dưỡng
74830,EIU,dieu-duong,B08,Điểm thi THPT,2025,17.0,Điều dưỡng
74831,EIU,dieu-duong,C02,Điểm thi THPT,2025,17.0,Điều dưỡng
74832,EIU,dieu-duong,D01,Điểm thi THPT,2025,17.0,Điều dưỡng
74833,EIU,dieu-duong,D07,Điểm thi THPT,2025,17.0,Điều dưỡng
74834,EIU,dieu-duong,D09,Điểm thi THPT,2025,17.0,Điều dưỡng
74835,EIU,dieu-duong,D10,Điểm thi THPT,2025,17.0,Điều dưỡng
74836,EIU,dieu-duong,X01,Điểm thi THPT,2025,17.0,Điều dưỡng
74837,EIU,dieu-duong,X25,Điểm thi THPT,2025,17.0,Điều dưỡng
74838,EIU,kinh-te,A00,Điểm học bạ,2023,18.0,Kinh tế (Kinh tế học và khoa học dữ liệu)
74839,EIU,kinh-te,A01,Điểm học bạ,2023,18.0,Kinh tế (Kinh tế học và khoa học dữ liệu)
74840,EIU,kinh-te,B00,Điểm học bạ,2023,18.0,Kinh tế (Kinh tế học và khoa học dữ liệu)
74841,EIU,kinh-te,D01,Điểm học bạ,2023,18.0,Kinh tế (Kinh tế học và khoa học dữ liệu)
74842,EIU,kinh-te,A00,Điểm thi THPT,2023,15.0,Kinh tế (Kinh tế học và khoa học dữ liệu)
74843,EIU,kinh-te,A01,Điểm thi THPT,2023,15.0,Kinh tế (Kinh tế học và khoa học dữ liệu)
74844,EIU,kinh-te,B00,Điểm thi THPT,2023,15.0,Kinh tế (Kinh tế học và khoa học dữ liệu)
74845,EIU,kinh-te,D01,Điểm thi THPT,2023,15.0,Kinh tế (Kinh tế học và khoa học dữ liệu)
74846,EIU,kinh-te,A00,Điểm học bạ,2024,18.0,Kinh tế
74847,EIU,kinh-te,A01,Điểm học bạ,2024,18.0,Kinh tế
74848,EIU,kinh-te,B00,Điểm học bạ,2024,18.0,Kinh tế
74849,EIU,kinh-te,D01,Điểm học bạ,2024,18.0,Kinh tế
74850,EIU,kinh-te,A00,Điểm thi THPT,2024,15.0,Kinh tế
74851,EIU,kinh-te,A01,Điểm thi THPT,2024,15.0,Kinh tế
74852,EIU,kinh-te,B00,Điểm thi THPT,2024,15.0,Kinh tế
74853,EIU,kinh-te,D01,Điểm thi THPT,2024,15.0,Kinh tế
74854,EIU,kinh-te,A00,Điểm học bạ,2025,18.0,Kinh tế
74855,EIU,kinh-te,A01,Điểm học bạ,2025,18.0,Kinh tế
74856,EIU,kinh-te,B00,Điểm học bạ,2025,18.0,Kinh tế
74857,EIU,kinh-te,C01,Điểm học bạ,2025,18.0,Kinh tế
74858,EIU,kinh-te,C03,Điểm học bạ,2025,18.0,Kinh tế
74859,EIU,kinh-te,C04,Điểm học bạ,2025,18.0,Kinh tế
74860,EIU,kinh-te,D01,Điểm học bạ,2025,18.0,Kinh tế
74861,EIU,kinh-te,D07,Điểm học bạ,2025,18.0,Kinh tế
74862,EIU,kinh-te,D09,Điểm học bạ,2025,18.0,Kinh tế
74863,EIU,kinh-te,D10,Điểm học bạ,2025,18.0,Kinh tế
74864,EIU,kinh-te,X01,Điểm học bạ,2025,18.0,Kinh tế
74865,EIU,kinh-te,X05,Điểm học bạ,2025,18.0,Kinh tế
74866,EIU,kinh-te,X06,Điểm học bạ,2025,18.0,Kinh tế
74867,EIU,kinh-te,X25,Điểm học bạ,2025,18.0,Kinh tế
74868,EIU,kinh-te,X26,Điểm học bạ,2025,18.0,Kinh tế
74869,EIU,kinh-te,A00,Điểm thi THPT,2025,15.0,Kinh tế
74870,EIU,kinh-te,A01,Điểm thi THPT,2025,15.0,Kinh tế
74871,EIU,kinh-te,B00,Điểm thi THPT,2025,15.0,Kinh tế
74872,EIU,kinh-te,C01,Điểm thi THPT,2025,15.0,Kinh tế
74873,EIU,kinh-te,C03,Điểm thi THPT,2025,15.0,Kinh tế
74874,EIU,kinh-te,C04,Điểm thi THPT,2025,15.0,Kinh tế
74875,EIU,kinh-te,D01,Điểm thi THPT,2025,15.0,Kinh tế
74876,EIU,kinh-te,D07,Điểm thi THPT,2025,15.0,Kinh tế
74877,EIU,kinh-te,D09,Điểm thi THPT,2025,15.0,Kinh tế
74878,EIU,kinh-te,D10,Điểm thi THPT,2025,15.0,Kinh tế
74879,EIU,kinh-te,X01,Điểm thi THPT,2025,15.0,Kinh tế
74880,EIU,kinh-te,X05,Điểm thi THPT,2025,15.0,Kinh tế
74881,EIU,kinh-te,X06,Điểm thi THPT,2025,15.0,Kinh tế
74882,EIU,kinh-te,X25,Điểm thi THPT,2025,15.0,Kinh tế
74883,EIU,kinh-te,X26,Điểm thi THPT,2025,15.0,Kinh tế
74884,EIU,ky-thuat-co-dien-tu,A00,Điểm thi THPT,2021,15.0,Kỹ thuật cơ điện tử
74885,EIU,ky-thuat-co-dien-tu,A01,Điểm thi THPT,2021,15.0,Kỹ thuật cơ điện tử
74886,EIU,ky-thuat-co-dien-tu,B00,Điểm thi THPT,2021,15.0,Kỹ thuật cơ điện tử
74887,EIU,ky-thuat-co-dien-tu,D01,Điểm thi THPT,2021,15.0,Kỹ thuật cơ điện tử
74888,EIU,ky-thuat-co-dien-tu,A00,Điểm học bạ,2022,18.0,Kỹ thuật cơ điện tử
74889,EIU,ky-thuat-co-dien-tu,A01,Điểm học bạ,2022,18.0,Kỹ thuật cơ điện tử
74890,EIU,ky-thuat-co-dien-tu,B00,Điểm học bạ,2022,18.0,Kỹ thuật cơ điện tử
74891,EIU,ky-thuat-co-dien-tu,D01,Điểm học bạ,2022,18.0,Kỹ thuật cơ điện tử
74892,EIU,ky-thuat-co-dien-tu,A00,Điểm thi THPT,2022,15.0,Kỹ thuật cơ điện tử
74893,EIU,ky-thuat-co-dien-tu,A01,Điểm thi THPT,2022,15.0,Kỹ thuật cơ điện tử
74894,EIU,ky-thuat-co-dien-tu,B00,Điểm thi THPT,2022,15.0,Kỹ thuật cơ điện tử
74895,EIU,ky-thuat-co-dien-tu,D01,Điểm thi THPT,2022,15.0,Kỹ thuật cơ điện tử
74896,EIU,ky-thuat-co-dien-tu,A00,Điểm học bạ,2023,18.0,Kỹ thuật cơ điện tử
74897,EIU,ky-thuat-co-dien-tu,A01,Điểm học bạ,2023,18.0,Kỹ thuật cơ điện tử
74898,EIU,ky-thuat-co-dien-tu,B00,Điểm học bạ,2023,18.0,Kỹ thuật cơ điện tử
74899,EIU,ky-thuat-co-dien-tu,D01,Điểm học bạ,2023,18.0,Kỹ thuật cơ điện tử
74900,EIU,ky-thuat-co-dien-tu,A00,Điểm thi THPT,2023,15.0,Kỹ thuật cơ điện tử
74901,EIU,ky-thuat-co-dien-tu,A01,Điểm thi THPT,2023,15.0,Kỹ thuật cơ điện tử
74902,EIU,ky-thuat-co-dien-tu,B00,Điểm thi THPT,2023,15.0,Kỹ thuật cơ điện tử
74903,EIU,ky-thuat-co-dien-tu,D01,Điểm thi THPT,2023,15.0,Kỹ thuật cơ điện tử
74904,EIU,ky-thuat-co-dien-tu,A00,Điểm học bạ,2024,18.0,Kỹ thuật cơ điện tử
74905,EIU,ky-thuat-co-dien-tu,A01,Điểm học bạ,2024,18.0,Kỹ thuật cơ điện tử
74906,EIU,ky-thuat-co-dien-tu,B00,Điểm học bạ,2024,18.0,Kỹ thuật cơ điện tử
74907,EIU,ky-thuat-co-dien-tu,D01,Điểm học bạ,2024,18.0,Kỹ thuật cơ điện tử
74908,EIU,ky-thuat-co-dien-tu,A00,Điểm thi THPT,2024,15.0,Kỹ thuật cơ điện tử
74909,EIU,ky-thuat-co-dien-tu,A01,Điểm thi THPT,2024,15.0,Kỹ thuật cơ điện tử
74910,EIU,ky-thuat-co-dien-tu,B00,Điểm thi THPT,2024,15.0,Kỹ thuật cơ điện tử
74911,EIU,ky-thuat-co-dien-tu,D01,Điểm thi THPT,2024,15.0,Kỹ thuật cơ điện tử
74912,EIU,ky-thuat-co-dien-tu,A00,Điểm học bạ,2025,18.0,Kỹ thuật cơ điện tử
74913,EIU,ky-thuat-co-dien-tu,A01,Điểm học bạ,2025,18.0,Kỹ thuật cơ điện tử
74914,EIU,ky-thuat-co-dien-tu,B00,Điểm học bạ,2025,18.0,Kỹ thuật cơ điện tử
74915,EIU,ky-thuat-co-dien-tu,C01,Điểm học bạ,2025,18.0,Kỹ thuật cơ điện tử
74916,EIU,ky-thuat-co-dien-tu,C02,Điểm học bạ,2025,18.0,Kỹ thuật cơ điện tử
74917,EIU,ky-thuat-co-dien-tu,D01,Điểm học bạ,2025,18.0,Kỹ thuật cơ điện tử
74918,EIU,ky-thuat-co-dien-tu,D07,Điểm học bạ,2025,18.0,Kỹ thuật cơ điện tử
74919,EIU,ky-thuat-co-dien-tu,X01,Điểm học bạ,2025,18.0,Kỹ thuật cơ điện tử
74920,EIU,ky-thuat-co-dien-tu,X05,Điểm học bạ,2025,18.0,Kỹ thuật cơ điện tử
74921,EIU,ky-thuat-co-dien-tu,X06,Điểm học bạ,2025,18.0,Kỹ thuật cơ điện tử
74922,EIU,ky-thuat-co-dien-tu,X07,Điểm học bạ,2025,18.0,Kỹ thuật cơ điện tử
74923,EIU,ky-thuat-co-dien-tu,X25,Điểm học bạ,2025,18.0,Kỹ thuật cơ điện tử
74924,EIU,ky-thuat-co-dien-tu,X26,Điểm học bạ,2025,18.0,Kỹ thuật cơ điện tử
74925,EIU,ky-thuat-co-dien-tu,X27,Điểm học bạ,2025,18.0,Kỹ thuật cơ điện tử
74926,EIU,ky-thuat-co-dien-tu,A00,Điểm thi THPT,2025,15.0,Kỹ thuật cơ điện tử
74927,EIU,ky-thuat-co-dien-tu,A01,Điểm thi THPT,2025,15.0,Kỹ thuật cơ điện tử
74928,EIU,ky-thuat-co-dien-tu,B00,Điểm thi THPT,2025,15.0,Kỹ thuật cơ điện tử
74929,EIU,ky-thuat-co-dien-tu,C01,Điểm thi THPT,2025,15.0,Kỹ thuật cơ điện tử
74930,EIU,ky-thuat-co-dien-tu,C02,Điểm thi THPT,2025,15.0,Kỹ thuật cơ điện tử
74931,EIU,ky-thuat-co-dien-tu,D01,Điểm thi THPT,2025,15.0,Kỹ thuật cơ điện tử
74932,EIU,ky-thuat-co-dien-tu,D07,Điểm thi THPT,2025,15.0,Kỹ thuật cơ điện tử
74933,EIU,ky-thuat-co-dien-tu,X01,Điểm thi THPT,2025,15.0,Kỹ thuật cơ điện tử
74934,EIU,ky-thuat-co-dien-tu,X05,Điểm thi THPT,2025,15.0,Kỹ thuật cơ điện tử
74935,EIU,ky-thuat-co-dien-tu,X06,Điểm thi THPT,2025,15.0,Kỹ thuật cơ điện tử
74936,EIU,ky-thuat-co-dien-tu,X07,Điểm thi THPT,2025,15.0,Kỹ thuật cơ điện tử
74937,EIU,ky-thuat-co-dien-tu,X25,Điểm thi THPT,2025,15.0,Kỹ thuật cơ điện tử
74938,EIU,ky-thuat-co-dien-tu,X26,Điểm thi THPT,2025,15.0,Kỹ thuật cơ điện tử
74939,EIU,ky-thuat-co-dien-tu,X27,Điểm thi THPT,2025,15.0,Kỹ thuật cơ điện tử
74940,EIU,ky-thuat-co-khi,A00,Điểm học bạ,2024,18.0,Kỹ thuật cơ khí
74941,EIU,ky-thuat-co-khi,A01,Điểm học bạ,2024,18.0,Kỹ thuật cơ khí
74942,EIU,ky-thuat-co-khi,B00,Điểm học bạ,2024,18.0,Kỹ thuật cơ khí
74943,EIU,ky-thuat-co-khi,D01,Điểm học bạ,2024,18.0,Kỹ thuật cơ khí
74944,EIU,ky-thuat-co-khi,A00,Điểm thi THPT,2024,15.0,Kỹ thuật cơ khí
74945,EIU,ky-thuat-co-khi,A01,Điểm thi THPT,2024,15.0,Kỹ thuật cơ khí
74946,EIU,ky-thuat-co-khi,B00,Điểm thi THPT,2024,15.0,Kỹ thuật cơ khí
74947,EIU,ky-thuat-co-khi,D01,Điểm thi THPT,2024,15.0,Kỹ thuật cơ khí
74948,EIU,ky-thuat-co-khi,A00,Điểm học bạ,2025,18.0,Kỹ thuật cơ khí
74949,EIU,ky-thuat-co-khi,A01,Điểm học bạ,2025,18.0,Kỹ thuật cơ khí
74950,EIU,ky-thuat-co-khi,B00,Điểm học bạ,2025,18.0,Kỹ thuật cơ khí
74951,EIU,ky-thuat-co-khi,C01,Điểm học bạ,2025,18.0,Kỹ thuật cơ khí
74952,EIU,ky-thuat-co-khi,C02,Điểm học bạ,2025,18.0,Kỹ thuật cơ khí
74953,EIU,ky-thuat-co-khi,D01,Điểm học bạ,2025,18.0,Kỹ thuật cơ khí
74954,EIU,ky-thuat-co-khi,D07,Điểm học bạ,2025,18.0,Kỹ thuật cơ khí
74955,EIU,ky-thuat-co-khi,X01,Điểm học bạ,2025,18.0,Kỹ thuật cơ khí
74956,EIU,ky-thuat-co-khi,X05,Điểm học bạ,2025,18.0,Kỹ thuật cơ khí
74957,EIU,ky-thuat-co-khi,X06,Điểm học bạ,2025,18.0,Kỹ thuật cơ khí
74958,EIU,ky-thuat-co-khi,X07,Điểm học bạ,2025,18.0,Kỹ thuật cơ khí
74959,EIU,ky-thuat-co-khi,X25,Điểm học bạ,2025,18.0,Kỹ thuật cơ khí
74960,EIU,ky-thuat-co-khi,X26,Điểm học bạ,2025,18.0,Kỹ thuật cơ khí
74961,EIU,ky-thuat-co-khi,X27,Điểm học bạ,2025,18.0,Kỹ thuật cơ khí
74962,EIU,ky-thuat-co-khi,A00,Điểm thi THPT,2025,15.0,Kỹ thuật cơ khí
74963,EIU,ky-thuat-co-khi,A01,Điểm thi THPT,2025,15.0,Kỹ thuật cơ khí
74964,EIU,ky-thuat-co-khi,B00,Điểm thi THPT,2025,15.0,Kỹ thuật cơ khí
74965,EIU,ky-thuat-co-khi,C01,Điểm thi THPT,2025,15.0,Kỹ thuật cơ khí
74966,EIU,ky-thuat-co-khi,C02,Điểm thi THPT,2025,15.0,Kỹ thuật cơ khí
74967,EIU,ky-thuat-co-khi,D01,Điểm thi THPT,2025,15.0,Kỹ thuật cơ khí
74968,EIU,ky-thuat-co-khi,D07,Điểm thi THPT,2025,15.0,Kỹ thuật cơ khí
74969,EIU,ky-thuat-co-khi,X01,Điểm thi THPT,2025,15.0,Kỹ thuật cơ khí
74970,EIU,ky-thuat-co-khi,X05,Điểm thi THPT,2025,15.0,Kỹ thuật cơ khí
74971,EIU,ky-thuat-co-khi,X06,Điểm thi THPT,2025,15.0,Kỹ thuật cơ khí
74972,EIU,ky-thuat-co-khi,X07,Điểm thi THPT,2025,15.0,Kỹ thuật cơ khí
74973,EIU,ky-thuat-co-khi,X25,Điểm thi THPT,2025,15.0,Kỹ thuật cơ khí
74974,EIU,ky-thuat-co-khi,X26,Điểm thi THPT,2025,15.0,Kỹ thuật cơ khí
74975,EIU,ky-thuat-co-khi,X27,Điểm thi THPT,2025,15.0,Kỹ thuật cơ khí
74976,EIU,ky-thuat-dien,A00,Điểm thi THPT,2021,15.0,Kỹ thuật điện
74977,EIU,ky-thuat-dien,A01,Điểm thi THPT,2021,15.0,Kỹ thuật điện
74978,EIU,ky-thuat-dien,B00,Điểm thi THPT,2021,15.0,Kỹ thuật điện
74979,EIU,ky-thuat-dien,D01,Điểm thi THPT,2021,15.0,Kỹ thuật điện
74980,EIU,ky-thuat-dien,A00,Điểm học bạ,2022,18.0,Kỹ thuật điện
74981,EIU,ky-thuat-dien,A01,Điểm học bạ,2022,18.0,Kỹ thuật điện
74982,EIU,ky-thuat-dien,B00,Điểm học bạ,2022,18.0,Kỹ thuật điện
74983,EIU,ky-thuat-dien,D01,Điểm học bạ,2022,18.0,Kỹ thuật điện
74984,EIU,ky-thuat-dien,A00,Điểm thi THPT,2022,15.0,Kỹ thuật điện
74985,EIU,ky-thuat-dien,A01,Điểm thi THPT,2022,15.0,Kỹ thuật điện
74986,EIU,ky-thuat-dien,B00,Điểm thi THPT,2022,15.0,Kỹ thuật điện
74987,EIU,ky-thuat-dien,D01,Điểm thi THPT,2022,15.0,Kỹ thuật điện
74988,EIU,ky-thuat-dien,A00,Điểm học bạ,2023,18.0,Kỹ thuật điện
74989,EIU,ky-thuat-dien,A01,Điểm học bạ,2023,18.0,Kỹ thuật điện
74990,EIU,ky-thuat-dien,B00,Điểm học bạ,2023,18.0,Kỹ thuật điện
74991,EIU,ky-thuat-dien,D01,Điểm học bạ,2023,18.0,Kỹ thuật điện
74992,EIU,ky-thuat-dien,A00,Điểm thi THPT,2023,15.0,Kỹ thuật điện
74993,EIU,ky-thuat-dien,A01,Điểm thi THPT,2023,15.0,Kỹ thuật điện
74994,EIU,ky-thuat-dien,B00,Điểm thi THPT,2023,15.0,Kỹ thuật điện
74995,EIU,ky-thuat-dien,D01,Điểm thi THPT,2023,15.0,Kỹ thuật điện
74996,EIU,ky-thuat-dien,A00,Điểm học bạ,2024,18.0,Kỹ thuật điện
74997,EIU,ky-thuat-dien,A01,Điểm học bạ,2024,18.0,Kỹ thuật điện
74998,EIU,ky-thuat-dien,B00,Điểm học bạ,2024,18.0,Kỹ thuật điện
74999,EIU,ky-thuat-dien,D01,Điểm học bạ,2024,18.0,Kỹ thuật điện
75000,EIU,ky-thuat-dien,A00,Điểm thi THPT,2024,15.0,Kỹ thuật điện
75001,EIU,ky-thuat-dien,A01,Điểm thi THPT,2024,15.0,Kỹ thuật điện
75002,EIU,ky-thuat-dien,B00,Điểm thi THPT,2024,15.0,Kỹ thuật điện
75003,EIU,ky-thuat-dien,D01,Điểm thi THPT,2024,15.0,Kỹ thuật điện
75004,EIU,ky-thuat-dien,A00,Điểm học bạ,2025,18.0,Kỹ thuật điện
75005,EIU,ky-thuat-dien,A01,Điểm học bạ,2025,18.0,Kỹ thuật điện
75006,EIU,ky-thuat-dien,B00,Điểm học bạ,2025,18.0,Kỹ thuật điện
75007,EIU,ky-thuat-dien,B03,Điểm học bạ,2025,18.0,Kỹ thuật điện
75008,EIU,ky-thuat-dien,B08,Điểm học bạ,2025,18.0,Kỹ thuật điện
75009,EIU,ky-thuat-dien,C02,Điểm học bạ,2025,18.0,Kỹ thuật điện
75010,EIU,ky-thuat-dien,D01,Điểm học bạ,2025,18.0,Kỹ thuật điện
75011,EIU,ky-thuat-dien,D07,Điểm học bạ,2025,18.0,Kỹ thuật điện
75012,EIU,ky-thuat-dien,D09,Điểm học bạ,2025,18.0,Kỹ thuật điện
75013,EIU,ky-thuat-dien,D10,Điểm học bạ,2025,18.0,Kỹ thuật điện
75014,EIU,ky-thuat-dien,X01,Điểm học bạ,2025,18.0,Kỹ thuật điện
75015,EIU,ky-thuat-dien,X25,Điểm học bạ,2025,18.0,Kỹ thuật điện
75016,EIU,ky-thuat-dien,A00,Điểm thi THPT,2025,15.0,Kỹ thuật điện
75017,EIU,ky-thuat-dien,A01,Điểm thi THPT,2025,15.0,Kỹ thuật điện
75018,EIU,ky-thuat-dien,B00,Điểm thi THPT,2025,15.0,Kỹ thuật điện
75019,EIU,ky-thuat-dien,C01,Điểm thi THPT,2025,15.0,Kỹ thuật điện
75020,EIU,ky-thuat-dien,C02,Điểm thi THPT,2025,15.0,Kỹ thuật điện
75021,EIU,ky-thuat-dien,D01,Điểm thi THPT,2025,15.0,Kỹ thuật điện
75022,EIU,ky-thuat-dien,D07,Điểm thi THPT,2025,15.0,Kỹ thuật điện
75023,EIU,ky-thuat-dien,X01,Điểm thi THPT,2025,15.0,Kỹ thuật điện
75024,EIU,ky-thuat-dien,X05,Điểm thi THPT,2025,15.0,Kỹ thuật điện
75025,EIU,ky-thuat-dien,X06,Điểm thi THPT,2025,15.0,Kỹ thuật điện
75026,EIU,ky-thuat-dien,X07,Điểm thi THPT,2025,15.0,Kỹ thuật điện
75027,EIU,ky-thuat-dien,X25,Điểm thi THPT,2025,15.0,Kỹ thuật điện
75028,EIU,ky-thuat-dien,X26,Điểm thi THPT,2025,15.0,Kỹ thuật điện
75029,EIU,ky-thuat-dien,X27,Điểm thi THPT,2025,15.0,Kỹ thuật điện
75030,EIU,ky-thuat-dien-tu-vien-thong,A00,Điểm học bạ,2024,18.0,Kỹ thuật điện tử - viễn thông
75031,EIU,ky-thuat-dien-tu-vien-thong,A01,Điểm học bạ,2024,18.0,Kỹ thuật điện tử - viễn thông
75032,EIU,ky-thuat-dien-tu-vien-thong,B00,Điểm học bạ,2024,18.0,Kỹ thuật điện tử - viễn thông
75033,EIU,ky-thuat-dien-tu-vien-thong,D01,Điểm học bạ,2024,18.0,Kỹ thuật điện tử - viễn thông
75034,EIU,ky-thuat-dien-tu-vien-thong,A00,Điểm thi THPT,2024,15.0,Kỹ thuật điện tử - viễn thông
75035,EIU,ky-thuat-dien-tu-vien-thong,A01,Điểm thi THPT,2024,15.0,Kỹ thuật điện tử - viễn thông
75036,EIU,ky-thuat-dien-tu-vien-thong,B00,Điểm thi THPT,2024,15.0,Kỹ thuật điện tử - viễn thông
75037,EIU,ky-thuat-dien-tu-vien-thong,D01,Điểm thi THPT,2024,15.0,Kỹ thuật điện tử - viễn thông
75038,EIU,ky-thuat-dien-tu-vien-thong,A00,Điểm học bạ,2025,18.0,Kỹ thuật điện tử – viễn thông
75039,EIU,ky-thuat-dien-tu-vien-thong,A01,Điểm học bạ,2025,18.0,Kỹ thuật điện tử – viễn thông
75040,EIU,ky-thuat-dien-tu-vien-thong,B00,Điểm học bạ,2025,18.0,Kỹ thuật điện tử – viễn thông
75041,EIU,ky-thuat-dien-tu-vien-thong,C01,Điểm học bạ,2025,18.0,Kỹ thuật điện tử – viễn thông
75042,EIU,ky-thuat-dien-tu-vien-thong,C02,Điểm học bạ,2025,18.0,Kỹ thuật điện tử – viễn thông
75043,EIU,ky-thuat-dien-tu-vien-thong,D01,Điểm học bạ,2025,18.0,Kỹ thuật điện tử – viễn thông
75044,EIU,ky-thuat-dien-tu-vien-thong,D07,Điểm học bạ,2025,18.0,Kỹ thuật điện tử – viễn thông
75045,EIU,ky-thuat-dien-tu-vien-thong,X01,Điểm học bạ,2025,18.0,Kỹ thuật điện tử – viễn thông
75046,EIU,ky-thuat-dien-tu-vien-thong,X05,Điểm học bạ,2025,18.0,Kỹ thuật điện tử – viễn thông
75047,EIU,ky-thuat-dien-tu-vien-thong,X06,Điểm học bạ,2025,18.0,Kỹ thuật điện tử – viễn thông
75048,EIU,ky-thuat-dien-tu-vien-thong,X07,Điểm học bạ,2025,18.0,Kỹ thuật điện tử – viễn thông
75049,EIU,ky-thuat-dien-tu-vien-thong,X25,Điểm học bạ,2025,18.0,Kỹ thuật điện tử – viễn thông
75050,EIU,ky-thuat-dien-tu-vien-thong,X26,Điểm học bạ,2025,18.0,Kỹ thuật điện tử – viễn thông
75051,EIU,ky-thuat-dien-tu-vien-thong,X27,Điểm học bạ,2025,18.0,Kỹ thuật điện tử – viễn thông
75052,EIU,ky-thuat-dien-tu-vien-thong,A00,Điểm thi THPT,2025,15.0,Kỹ thuật điện tử – viễn thông
75053,EIU,ky-thuat-dien-tu-vien-thong,A01,Điểm thi THPT,2025,15.0,Kỹ thuật điện tử – viễn thông
75054,EIU,ky-thuat-dien-tu-vien-thong,B00,Điểm thi THPT,2025,15.0,Kỹ thuật điện tử – viễn thông
75055,EIU,ky-thuat-dien-tu-vien-thong,C01,Điểm thi THPT,2025,15.0,Kỹ thuật điện tử – viễn thông
75056,EIU,ky-thuat-dien-tu-vien-thong,C02,Điểm thi THPT,2025,15.0,Kỹ thuật điện tử – viễn thông
75057,EIU,ky-thuat-dien-tu-vien-thong,D01,Điểm thi THPT,2025,15.0,Kỹ thuật điện tử – viễn thông
75058,EIU,ky-thuat-dien-tu-vien-thong,D07,Điểm thi THPT,2025,15.0,Kỹ thuật điện tử – viễn thông
75059,EIU,ky-thuat-dien-tu-vien-thong,X01,Điểm thi THPT,2025,15.0,Kỹ thuật điện tử – viễn thông
75060,EIU,ky-thuat-dien-tu-vien-thong,X05,Điểm thi THPT,2025,15.0,Kỹ thuật điện tử – viễn thông
75061,EIU,ky-thuat-dien-tu-vien-thong,X06,Điểm thi THPT,2025,15.0,Kỹ thuật điện tử – viễn thông
75062,EIU,ky-thuat-dien-tu-vien-thong,X07,Điểm thi THPT,2025,15.0,Kỹ thuật điện tử – viễn thông
75063,EIU,ky-thuat-dien-tu-vien-thong,X25,Điểm thi THPT,2025,15.0,Kỹ thuật điện tử – viễn thông
75064,EIU,ky-thuat-dien-tu-vien-thong,X26,Điểm thi THPT,2025,15.0,Kỹ thuật điện tử – viễn thông
75065,EIU,ky-thuat-dien-tu-vien-thong,X27,Điểm thi THPT,2025,15.0,Kỹ thuật điện tử – viễn thông
75066,EIU,ky-thuat-dieu-khien-va-tu-dong-hoa,A00,Điểm thi THPT,2021,15.0,Kỹ thuật điều khiển và tự động hóa
75067,EIU,ky-thuat-dieu-khien-va-tu-dong-hoa,A01,Điểm thi THPT,2021,15.0,Kỹ thuật điều khiển và tự động hóa
75068,EIU,ky-thuat-dieu-khien-va-tu-dong-hoa,B00,Điểm thi THPT,2021,15.0,Kỹ thuật điều khiển và tự động hóa
75069,EIU,ky-thuat-dieu-khien-va-tu-dong-hoa,D01,Điểm thi THPT,2021,15.0,Kỹ thuật điều khiển và tự động hóa
75070,EIU,ky-thuat-dieu-khien-va-tu-dong-hoa,A00,Điểm học bạ,2022,18.0,Kỹ thuật điều khiển và tự động hóa
75071,EIU,ky-thuat-dieu-khien-va-tu-dong-hoa,A01,Điểm học bạ,2022,18.0,Kỹ thuật điều khiển và tự động hóa
75072,EIU,ky-thuat-dieu-khien-va-tu-dong-hoa,B00,Điểm học bạ,2022,18.0,Kỹ thuật điều khiển và tự động hóa
75073,EIU,ky-thuat-dieu-khien-va-tu-dong-hoa,D01,Điểm học bạ,2022,18.0,Kỹ thuật điều khiển và tự động hóa
75074,EIU,ky-thuat-dieu-khien-va-tu-dong-hoa,A00,Điểm thi THPT,2022,15.0,Kỹ thuật điều khiển và tự động hóa
75075,EIU,ky-thuat-dieu-khien-va-tu-dong-hoa,A01,Điểm thi THPT,2022,15.0,Kỹ thuật điều khiển và tự động hóa
75076,EIU,ky-thuat-dieu-khien-va-tu-dong-hoa,B00,Điểm thi THPT,2022,15.0,Kỹ thuật điều khiển và tự động hóa
75077,EIU,ky-thuat-dieu-khien-va-tu-dong-hoa,D01,Điểm thi THPT,2022,15.0,Kỹ thuật điều khiển và tự động hóa
75078,EIU,ky-thuat-dieu-khien-va-tu-dong-hoa,A00,Điểm học bạ,2023,18.0,Kỹ thuật điều khiển và tự động hóa
75079,EIU,ky-thuat-dieu-khien-va-tu-dong-hoa,A01,Điểm học bạ,2023,18.0,Kỹ thuật điều khiển và tự động hóa
75080,EIU,ky-thuat-dieu-khien-va-tu-dong-hoa,B00,Điểm học bạ,2023,18.0,Kỹ thuật điều khiển và tự động hóa
75081,EIU,ky-thuat-dieu-khien-va-tu-dong-hoa,D01,Điểm học bạ,2023,18.0,Kỹ thuật điều khiển và tự động hóa
75082,EIU,ky-thuat-dieu-khien-va-tu-dong-hoa,A00,Điểm thi THPT,2023,15.0,Kỹ thuật điều khiển và tự động hóa
75083,EIU,ky-thuat-dieu-khien-va-tu-dong-hoa,A01,Điểm thi THPT,2023,15.0,Kỹ thuật điều khiển và tự động hóa
75084,EIU,ky-thuat-dieu-khien-va-tu-dong-hoa,B00,Điểm thi THPT,2023,15.0,Kỹ thuật điều khiển và tự động hóa
75085,EIU,ky-thuat-dieu-khien-va-tu-dong-hoa,D01,Điểm thi THPT,2023,15.0,Kỹ thuật điều khiển và tự động hóa
75086,EIU,ky-thuat-dieu-khien-va-tu-dong-hoa,A00,Điểm học bạ,2024,18.0,Kỹ thuật điều khiển và tự động hóa
75087,EIU,ky-thuat-dieu-khien-va-tu-dong-hoa,A01,Điểm học bạ,2024,18.0,Kỹ thuật điều khiển và tự động hóa
75088,EIU,ky-thuat-dieu-khien-va-tu-dong-hoa,B00,Điểm học bạ,2024,18.0,Kỹ thuật điều khiển và tự động hóa
75089,EIU,ky-thuat-dieu-khien-va-tu-dong-hoa,D01,Điểm học bạ,2024,18.0,Kỹ thuật điều khiển và tự động hóa
75090,EIU,ky-thuat-dieu-khien-va-tu-dong-hoa,A00,Điểm thi THPT,2024,15.0,Kỹ thuật điều khiển và tự động hóa
75091,EIU,ky-thuat-dieu-khien-va-tu-dong-hoa,A01,Điểm thi THPT,2024,15.0,Kỹ thuật điều khiển và tự động hóa
75092,EIU,ky-thuat-dieu-khien-va-tu-dong-hoa,B00,Điểm thi THPT,2024,15.0,Kỹ thuật điều khiển và tự động hóa
75093,EIU,ky-thuat-dieu-khien-va-tu-dong-hoa,D01,Điểm thi THPT,2024,15.0,Kỹ thuật điều khiển và tự động hóa
75094,EIU,ky-thuat-dieu-khien-va-tu-dong-hoa,A00,Điểm học bạ,2025,18.0,Kỹ thuật điều khiển và tự động hóa
75095,EIU,ky-thuat-dieu-khien-va-tu-dong-hoa,A01,Điểm học bạ,2025,18.0,Kỹ thuật điều khiển và tự động hóa
75096,EIU,ky-thuat-dieu-khien-va-tu-dong-hoa,B00,Điểm học bạ,2025,18.0,Kỹ thuật điều khiển và tự động hóa
75097,EIU,ky-thuat-dieu-khien-va-tu-dong-hoa,C01,Điểm học bạ,2025,18.0,Kỹ thuật điều khiển và tự động hóa
75098,EIU,ky-thuat-dieu-khien-va-tu-dong-hoa,C02,Điểm học bạ,2025,18.0,Kỹ thuật điều khiển và tự động hóa
75099,EIU,ky-thuat-dieu-khien-va-tu-dong-hoa,D01,Điểm học bạ,2025,18.0,Kỹ thuật điều khiển và tự động hóa
75100,EIU,ky-thuat-dieu-khien-va-tu-dong-hoa,D07,Điểm học bạ,2025,18.0,Kỹ thuật điều khiển và tự động hóa
75101,EIU,ky-thuat-dieu-khien-va-tu-dong-hoa,X01,Điểm học bạ,2025,18.0,Kỹ thuật điều khiển và tự động hóa
75102,EIU,ky-thuat-dieu-khien-va-tu-dong-hoa,X05,Điểm học bạ,2025,18.0,Kỹ thuật điều khiển và tự động hóa
75103,EIU,ky-thuat-dieu-khien-va-tu-dong-hoa,X06,Điểm học bạ,2025,18.0,Kỹ thuật điều khiển và tự động hóa
75104,EIU,ky-thuat-dieu-khien-va-tu-dong-hoa,X07,Điểm học bạ,2025,18.0,Kỹ thuật điều khiển và tự động hóa
75105,EIU,ky-thuat-dieu-khien-va-tu-dong-hoa,X25,Điểm học bạ,2025,18.0,Kỹ thuật điều khiển và tự động hóa
75106,EIU,ky-thuat-dieu-khien-va-tu-dong-hoa,X26,Điểm học bạ,2025,18.0,Kỹ thuật điều khiển và tự động hóa
75107,EIU,ky-thuat-dieu-khien-va-tu-dong-hoa,X27,Điểm học bạ,2025,18.0,Kỹ thuật điều khiển và tự động hóa
75108,EIU,ky-thuat-dieu-khien-va-tu-dong-hoa,A00,Điểm thi THPT,2025,15.0,Kỹ thuật điều khiển và tự động hóa
75109,EIU,ky-thuat-dieu-khien-va-tu-dong-hoa,A01,Điểm thi THPT,2025,15.0,Kỹ thuật điều khiển và tự động hóa
75110,EIU,ky-thuat-dieu-khien-va-tu-dong-hoa,B00,Điểm thi THPT,2025,15.0,Kỹ thuật điều khiển và tự động hóa
75111,EIU,ky-thuat-dieu-khien-va-tu-dong-hoa,C01,Điểm thi THPT,2025,15.0,Kỹ thuật điều khiển và tự động hóa
75112,EIU,ky-thuat-dieu-khien-va-tu-dong-hoa,C02,Điểm thi THPT,2025,15.0,Kỹ thuật điều khiển và tự động hóa
75113,EIU,ky-thuat-dieu-khien-va-tu-dong-hoa,D01,Điểm thi THPT,2025,15.0,Kỹ thuật điều khiển và tự động hóa
75114,EIU,ky-thuat-dieu-khien-va-tu-dong-hoa,D07,Điểm thi THPT,2025,15.0,Kỹ thuật điều khiển và tự động hóa
75115,EIU,ky-thuat-dieu-khien-va-tu-dong-hoa,X01,Điểm thi THPT,2025,15.0,Kỹ thuật điều khiển và tự động hóa
75116,EIU,ky-thuat-dieu-khien-va-tu-dong-hoa,X05,Điểm thi THPT,2025,15.0,Kỹ thuật điều khiển và tự động hóa
75117,EIU,ky-thuat-dieu-khien-va-tu-dong-hoa,X06,Điểm thi THPT,2025,15.0,Kỹ thuật điều khiển và tự động hóa
75118,EIU,ky-thuat-dieu-khien-va-tu-dong-hoa,X07,Điểm thi THPT,2025,15.0,Kỹ thuật điều khiển và tự động hóa
75119,EIU,ky-thuat-dieu-khien-va-tu-dong-hoa,X25,Điểm thi THPT,2025,15.0,Kỹ thuật điều khiển và tự động hóa
75120,EIU,ky-thuat-dieu-khien-va-tu-dong-hoa,X26,Điểm thi THPT,2025,15.0,Kỹ thuật điều khiển và tự động hóa
75121,EIU,ky-thuat-dieu-khien-va-tu-dong-hoa,X27,Điểm thi THPT,2025,15.0,Kỹ thuật điều khiển và tự động hóa
75122,EIU,ky-thuat-phan-mem,A00,Điểm thi THPT,2021,15.0,Kỹ thuật phần mềm
75123,EIU,ky-thuat-phan-mem,A01,Điểm thi THPT,2021,15.0,Kỹ thuật phần mềm
75124,EIU,ky-thuat-phan-mem,B00,Điểm thi THPT,2021,15.0,Kỹ thuật phần mềm
75125,EIU,ky-thuat-phan-mem,D01,Điểm thi THPT,2021,15.0,Kỹ thuật phần mềm
75126,EIU,ky-thuat-phan-mem,A00,Điểm học bạ,2022,18.0,Kỹ thuật phần mềm
75127,EIU,ky-thuat-phan-mem,A01,Điểm học bạ,2022,18.0,Kỹ thuật phần mềm
75128,EIU,ky-thuat-phan-mem,B00,Điểm học bạ,2022,18.0,Kỹ thuật phần mềm
75129,EIU,ky-thuat-phan-mem,D01,Điểm học bạ,2022,18.0,Kỹ thuật phần mềm
75130,EIU,ky-thuat-phan-mem,A00,Điểm thi THPT,2022,15.0,Kỹ thuật phần mềm
75131,EIU,ky-thuat-phan-mem,A01,Điểm thi THPT,2022,15.0,Kỹ thuật phần mềm
75132,EIU,ky-thuat-phan-mem,B00,Điểm thi THPT,2022,15.0,Kỹ thuật phần mềm
75133,EIU,ky-thuat-phan-mem,D01,Điểm thi THPT,2022,15.0,Kỹ thuật phần mềm
75134,EIU,ky-thuat-phan-mem,A00,Điểm học bạ,2023,18.0,Kỹ thuật phần mềm
75135,EIU,ky-thuat-phan-mem,A01,Điểm học bạ,2023,18.0,Kỹ thuật phần mềm
75136,EIU,ky-thuat-phan-mem,B00,Điểm học bạ,2023,18.0,Kỹ thuật phần mềm
75137,EIU,ky-thuat-phan-mem,D01,Điểm học bạ,2023,18.0,Kỹ thuật phần mềm
75138,EIU,ky-thuat-phan-mem,A00,Điểm thi THPT,2023,15.0,Kỹ thuật phần mềm
75139,EIU,ky-thuat-phan-mem,A01,Điểm thi THPT,2023,15.0,Kỹ thuật phần mềm
75140,EIU,ky-thuat-phan-mem,B00,Điểm thi THPT,2023,15.0,Kỹ thuật phần mềm
75141,EIU,ky-thuat-phan-mem,D01,Điểm thi THPT,2023,15.0,Kỹ thuật phần mềm
75142,EIU,ky-thuat-phan-mem,A00,Điểm học bạ,2024,18.0,Kỹ thuật phần mềm
75143,EIU,ky-thuat-phan-mem,A01,Điểm học bạ,2024,18.0,Kỹ thuật phần mềm
75144,EIU,ky-thuat-phan-mem,B00,Điểm học bạ,2024,18.0,Kỹ thuật phần mềm
75145,EIU,ky-thuat-phan-mem,D01,Điểm học bạ,2024,18.0,Kỹ thuật phần mềm
75146,EIU,ky-thuat-phan-mem,A00,Điểm thi THPT,2024,15.0,Kỹ thuật phần mềm
75147,EIU,ky-thuat-phan-mem,A01,Điểm thi THPT,2024,15.0,Kỹ thuật phần mềm
75148,EIU,ky-thuat-phan-mem,B00,Điểm thi THPT,2024,15.0,Kỹ thuật phần mềm
75149,EIU,ky-thuat-phan-mem,D01,Điểm thi THPT,2024,15.0,Kỹ thuật phần mềm
75150,EIU,ky-thuat-phan-mem,A00,Điểm học bạ,2025,18.0,Kỹ thuật phần mềm
75151,EIU,ky-thuat-phan-mem,A01,Điểm học bạ,2025,18.0,Kỹ thuật phần mềm
75152,EIU,ky-thuat-phan-mem,B00,Điểm học bạ,2025,18.0,Kỹ thuật phần mềm
75153,EIU,ky-thuat-phan-mem,C01,Điểm học bạ,2025,18.0,Kỹ thuật phần mềm
75154,EIU,ky-thuat-phan-mem,C02,Điểm học bạ,2025,18.0,Kỹ thuật phần mềm
75155,EIU,ky-thuat-phan-mem,D01,Điểm học bạ,2025,18.0,Kỹ thuật phần mềm
75156,EIU,ky-thuat-phan-mem,D07,Điểm học bạ,2025,18.0,Kỹ thuật phần mềm
75157,EIU,ky-thuat-phan-mem,X01,Điểm học bạ,2025,18.0,Kỹ thuật phần mềm
75158,EIU,ky-thuat-phan-mem,X05,Điểm học bạ,2025,18.0,Kỹ thuật phần mềm
75159,EIU,ky-thuat-phan-mem,X06,Điểm học bạ,2025,18.0,Kỹ thuật phần mềm
75160,EIU,ky-thuat-phan-mem,X07,Điểm học bạ,2025,18.0,Kỹ thuật phần mềm
75161,EIU,ky-thuat-phan-mem,X25,Điểm học bạ,2025,18.0,Kỹ thuật phần mềm
75162,EIU,ky-thuat-phan-mem,X26,Điểm học bạ,2025,18.0,Kỹ thuật phần mềm
75163,EIU,ky-thuat-phan-mem,X27,Điểm học bạ,2025,18.0,Kỹ thuật phần mềm
75164,EIU,ky-thuat-phan-mem,A00,Điểm thi THPT,2025,15.0,Kỹ thuật phần mềm
75165,EIU,ky-thuat-phan-mem,A01,Điểm thi THPT,2025,15.0,Kỹ thuật phần mềm
75166,EIU,ky-thuat-phan-mem,B00,Điểm thi THPT,2025,15.0,Kỹ thuật phần mềm
75167,EIU,ky-thuat-phan-mem,C01,Điểm thi THPT,2025,15.0,Kỹ thuật phần mềm
75168,EIU,ky-thuat-phan-mem,C02,Điểm thi THPT,2025,15.0,Kỹ thuật phần mềm
75169,EIU,ky-thuat-phan-mem,D01,Điểm thi THPT,2025,15.0,Kỹ thuật phần mềm
75170,EIU,ky-thuat-phan-mem,D07,Điểm thi THPT,2025,15.0,Kỹ thuật phần mềm
75171,EIU,ky-thuat-phan-mem,X01,Điểm thi THPT,2025,15.0,Kỹ thuật phần mềm
75172,EIU,ky-thuat-phan-mem,X05,Điểm thi THPT,2025,15.0,Kỹ thuật phần mềm
75173,EIU,ky-thuat-phan-mem,X06,Điểm thi THPT,2025,15.0,Kỹ thuật phần mềm
75174,EIU,ky-thuat-phan-mem,X07,Điểm thi THPT,2025,15.0,Kỹ thuật phần mềm
75175,EIU,ky-thuat-phan-mem,X25,Điểm thi THPT,2025,15.0,Kỹ thuật phần mềm
75176,EIU,ky-thuat-phan-mem,X26,Điểm thi THPT,2025,15.0,Kỹ thuật phần mềm
75177,EIU,ky-thuat-phan-mem,X27,Điểm thi THPT,2025,15.0,Kỹ thuật phần mềm
75178,EIU,mang-may-tinh-va-truyen-thong-du-lieu,A00,Điểm thi THPT,2021,15.0,Mạng máy tính và truyền thông dữ liệu
75179,EIU,mang-may-tinh-va-truyen-thong-du-lieu,A01,Điểm thi THPT,2021,15.0,Mạng máy tính và truyền thông dữ liệu
75180,EIU,mang-may-tinh-va-truyen-thong-du-lieu,B00,Điểm thi THPT,2021,15.0,Mạng máy tính và truyền thông dữ liệu
75181,EIU,mang-may-tinh-va-truyen-thong-du-lieu,D01,Điểm thi THPT,2021,15.0,Mạng máy tính và truyền thông dữ liệu
75182,EIU,mang-may-tinh-va-truyen-thong-du-lieu,A00,Điểm học bạ,2022,18.0,Mạng máy tính và truyền thông dữ liệu
75183,EIU,mang-may-tinh-va-truyen-thong-du-lieu,A01,Điểm học bạ,2022,18.0,Mạng máy tính và truyền thông dữ liệu
75184,EIU,mang-may-tinh-va-truyen-thong-du-lieu,B00,Điểm học bạ,2022,18.0,Mạng máy tính và truyền thông dữ liệu
75185,EIU,mang-may-tinh-va-truyen-thong-du-lieu,D01,Điểm học bạ,2022,18.0,Mạng máy tính và truyền thông dữ liệu
75186,EIU,mang-may-tinh-va-truyen-thong-du-lieu,A00,Điểm thi THPT,2022,15.0,Mạng máy tính và truyền thông dữ liệu
75187,EIU,mang-may-tinh-va-truyen-thong-du-lieu,A01,Điểm thi THPT,2022,15.0,Mạng máy tính và truyền thông dữ liệu
75188,EIU,mang-may-tinh-va-truyen-thong-du-lieu,B00,Điểm thi THPT,2022,15.0,Mạng máy tính và truyền thông dữ liệu
75189,EIU,mang-may-tinh-va-truyen-thong-du-lieu,D01,Điểm thi THPT,2022,15.0,Mạng máy tính và truyền thông dữ liệu
75190,EIU,mang-may-tinh-va-truyen-thong-du-lieu,A00,Điểm học bạ,2023,18.0,Mạng máy tính và truyền thông dữ liệu
75191,EIU,mang-may-tinh-va-truyen-thong-du-lieu,A01,Điểm học bạ,2023,18.0,Mạng máy tính và truyền thông dữ liệu
75192,EIU,mang-may-tinh-va-truyen-thong-du-lieu,B00,Điểm học bạ,2023,18.0,Mạng máy tính và truyền thông dữ liệu
75193,EIU,mang-may-tinh-va-truyen-thong-du-lieu,D01,Điểm học bạ,2023,18.0,Mạng máy tính và truyền thông dữ liệu
75194,EIU,mang-may-tinh-va-truyen-thong-du-lieu,A00,Điểm thi THPT,2023,15.0,Mạng máy tính và truyền thông dữ liệu
75195,EIU,mang-may-tinh-va-truyen-thong-du-lieu,A01,Điểm thi THPT,2023,15.0,Mạng máy tính và truyền thông dữ liệu
75196,EIU,mang-may-tinh-va-truyen-thong-du-lieu,B00,Điểm thi THPT,2023,15.0,Mạng máy tính và truyền thông dữ liệu
75197,EIU,mang-may-tinh-va-truyen-thong-du-lieu,D01,Điểm thi THPT,2023,15.0,Mạng máy tính và truyền thông dữ liệu
75198,EIU,mang-may-tinh-va-truyen-thong-du-lieu,A00,Điểm học bạ,2024,18.0,Mạng máy tính và truyền thông dữ liệu
75199,EIU,mang-may-tinh-va-truyen-thong-du-lieu,A01,Điểm học bạ,2024,18.0,Mạng máy tính và truyền thông dữ liệu
75200,EIU,mang-may-tinh-va-truyen-thong-du-lieu,B00,Điểm học bạ,2024,18.0,Mạng máy tính và truyền thông dữ liệu
75201,EIU,mang-may-tinh-va-truyen-thong-du-lieu,D01,Điểm học bạ,2024,18.0,Mạng máy tính và truyền thông dữ liệu
75202,EIU,mang-may-tinh-va-truyen-thong-du-lieu,A00,Điểm thi THPT,2024,15.0,Mạng máy tính và truyền thông dữ liệu
75203,EIU,mang-may-tinh-va-truyen-thong-du-lieu,A01,Điểm thi THPT,2024,15.0,Mạng máy tính và truyền thông dữ liệu
75204,EIU,mang-may-tinh-va-truyen-thong-du-lieu,B00,Điểm thi THPT,2024,15.0,Mạng máy tính và truyền thông dữ liệu
75205,EIU,mang-may-tinh-va-truyen-thong-du-lieu,D01,Điểm thi THPT,2024,15.0,Mạng máy tính và truyền thông dữ liệu
75206,EIU,mang-may-tinh-va-truyen-thong-du-lieu,A00,Điểm học bạ,2025,18.0,Mạng máy tính và truyền thông dữ liệu
75207,EIU,mang-may-tinh-va-truyen-thong-du-lieu,A01,Điểm học bạ,2025,18.0,Mạng máy tính và truyền thông dữ liệu
75208,EIU,mang-may-tinh-va-truyen-thong-du-lieu,B00,Điểm học bạ,2025,18.0,Mạng máy tính và truyền thông dữ liệu
75209,EIU,mang-may-tinh-va-truyen-thong-du-lieu,C01,Điểm học bạ,2025,18.0,Mạng máy tính và truyền thông dữ liệu
75210,EIU,mang-may-tinh-va-truyen-thong-du-lieu,C02,Điểm học bạ,2025,18.0,Mạng máy tính và truyền thông dữ liệu
75211,EIU,mang-may-tinh-va-truyen-thong-du-lieu,D01,Điểm học bạ,2025,18.0,Mạng máy tính và truyền thông dữ liệu
75212,EIU,mang-may-tinh-va-truyen-thong-du-lieu,D07,Điểm học bạ,2025,18.0,Mạng máy tính và truyền thông dữ liệu
75213,EIU,mang-may-tinh-va-truyen-thong-du-lieu,X01,Điểm học bạ,2025,18.0,Mạng máy tính và truyền thông dữ liệu
75214,EIU,mang-may-tinh-va-truyen-thong-du-lieu,X05,Điểm học bạ,2025,18.0,Mạng máy tính và truyền thông dữ liệu
75215,EIU,mang-may-tinh-va-truyen-thong-du-lieu,X06,Điểm học bạ,2025,18.0,Mạng máy tính và truyền thông dữ liệu
75216,EIU,mang-may-tinh-va-truyen-thong-du-lieu,X07,Điểm học bạ,2025,18.0,Mạng máy tính và truyền thông dữ liệu
75217,EIU,mang-may-tinh-va-truyen-thong-du-lieu,X25,Điểm học bạ,2025,18.0,Mạng máy tính và truyền thông dữ liệu
75218,EIU,mang-may-tinh-va-truyen-thong-du-lieu,X26,Điểm học bạ,2025,18.0,Mạng máy tính và truyền thông dữ liệu
75219,EIU,mang-may-tinh-va-truyen-thong-du-lieu,X27,Điểm học bạ,2025,18.0,Mạng máy tính và truyền thông dữ liệu
75220,EIU,mang-may-tinh-va-truyen-thong-du-lieu,A00,Điểm thi THPT,2025,15.0,Mạng máy tính và truyền thông dữ liệu
75221,EIU,mang-may-tinh-va-truyen-thong-du-lieu,A01,Điểm thi THPT,2025,15.0,Mạng máy tính và truyền thông dữ liệu
75222,EIU,mang-may-tinh-va-truyen-thong-du-lieu,B00,Điểm thi THPT,2025,15.0,Mạng máy tính và truyền thông dữ liệu
75223,EIU,mang-may-tinh-va-truyen-thong-du-lieu,C01,Điểm thi THPT,2025,15.0,Mạng máy tính và truyền thông dữ liệu
75224,EIU,mang-may-tinh-va-truyen-thong-du-lieu,C02,Điểm thi THPT,2025,15.0,Mạng máy tính và truyền thông dữ liệu
75225,EIU,mang-may-tinh-va-truyen-thong-du-lieu,D01,Điểm thi THPT,2025,15.0,Mạng máy tính và truyền thông dữ liệu
75226,EIU,mang-may-tinh-va-truyen-thong-du-lieu,D07,Điểm thi THPT,2025,15.0,Mạng máy tính và truyền thông dữ liệu
75227,EIU,mang-may-tinh-va-truyen-thong-du-lieu,X01,Điểm thi THPT,2025,15.0,Mạng máy tính và truyền thông dữ liệu
75228,EIU,mang-may-tinh-va-truyen-thong-du-lieu,X05,Điểm thi THPT,2025,15.0,Mạng máy tính và truyền thông dữ liệu
75229,EIU,mang-may-tinh-va-truyen-thong-du-lieu,X06,Điểm thi THPT,2025,15.0,Mạng máy tính và truyền thông dữ liệu
75230,EIU,mang-may-tinh-va-truyen-thong-du-lieu,X07,Điểm thi THPT,2025,15.0,Mạng máy tính và truyền thông dữ liệu
75231,EIU,mang-may-tinh-va-truyen-thong-du-lieu,X25,Điểm thi THPT,2025,15.0,Mạng máy tính và truyền thông dữ liệu
75232,EIU,mang-may-tinh-va-truyen-thong-du-lieu,X26,Điểm thi THPT,2025,15.0,Mạng máy tính và truyền thông dữ liệu
75233,EIU,mang-may-tinh-va-truyen-thong-du-lieu,X27,Điểm thi THPT,2025,15.0,Mạng máy tính và truyền thông dữ liệu
75234,EIU,quan-tri-kinh-doanh,A00,Điểm thi THPT,2021,15.0,Quản trị kinh doanh
75235,EIU,quan-tri-kinh-doanh,A01,Điểm thi THPT,2021,15.0,Quản trị kinh doanh
75236,EIU,quan-tri-kinh-doanh,B00,Điểm thi THPT,2021,15.0,Quản trị kinh doanh
75237,EIU,quan-tri-kinh-doanh,D01,Điểm thi THPT,2021,15.0,Quản trị kinh doanh
75238,EIU,quan-tri-kinh-doanh,A00,Điểm học bạ,2022,18.0,Quản trị kinh doanh
75239,EIU,quan-tri-kinh-doanh,A01,Điểm học bạ,2022,18.0,Quản trị kinh doanh
75240,EIU,quan-tri-kinh-doanh,B00,Điểm học bạ,2022,18.0,Quản trị kinh doanh
75241,EIU,quan-tri-kinh-doanh,D01,Điểm học bạ,2022,18.0,Quản trị kinh doanh
75242,EIU,quan-tri-kinh-doanh,A00,Điểm thi THPT,2022,15.0,Quản trị kinh doanh
75243,EIU,quan-tri-kinh-doanh,A01,Điểm thi THPT,2022,15.0,Quản trị kinh doanh
75244,EIU,quan-tri-kinh-doanh,B00,Điểm thi THPT,2022,15.0,Quản trị kinh doanh
75245,EIU,quan-tri-kinh-doanh,D01,Điểm thi THPT,2022,15.0,Quản trị kinh doanh
75246,EIU,quan-tri-kinh-doanh,A00,Điểm học bạ,2023,18.0,Quản trị kinh doanh
75247,EIU,quan-tri-kinh-doanh,A01,Điểm học bạ,2023,18.0,Quản trị kinh doanh
75248,EIU,quan-tri-kinh-doanh,B00,Điểm học bạ,2023,18.0,Quản trị kinh doanh
75249,EIU,quan-tri-kinh-doanh,D01,Điểm học bạ,2023,18.0,Quản trị kinh doanh
75250,EIU,quan-tri-kinh-doanh,A00,Điểm thi THPT,2023,15.0,Quản trị kinh doanh
75251,EIU,quan-tri-kinh-doanh,A01,Điểm thi THPT,2023,15.0,Quản trị kinh doanh
75252,EIU,quan-tri-kinh-doanh,B00,Điểm thi THPT,2023,15.0,Quản trị kinh doanh
75253,EIU,quan-tri-kinh-doanh,D01,Điểm thi THPT,2023,15.0,Quản trị kinh doanh
75254,EIU,quan-tri-kinh-doanh,A00,Điểm học bạ,2024,18.0,Quản trị kinh doanh
75255,EIU,quan-tri-kinh-doanh,A01,Điểm học bạ,2024,18.0,Quản trị kinh doanh
75256,EIU,quan-tri-kinh-doanh,B00,Điểm học bạ,2024,18.0,Quản trị kinh doanh
75257,EIU,quan-tri-kinh-doanh,D01,Điểm học bạ,2024,18.0,Quản trị kinh doanh
75258,EIU,quan-tri-kinh-doanh,A00,Điểm thi THPT,2024,15.0,Quản trị kinh doanh
75259,EIU,quan-tri-kinh-doanh,A01,Điểm thi THPT,2024,15.0,Quản trị kinh doanh
75260,EIU,quan-tri-kinh-doanh,B00,Điểm thi THPT,2024,15.0,Quản trị kinh doanh
75261,EIU,quan-tri-kinh-doanh,D01,Điểm thi THPT,2024,15.0,Quản trị kinh doanh
75262,EIU,quan-tri-kinh-doanh,A00,Điểm học bạ,2025,18.0,Quản trị kinh doanh
75263,EIU,quan-tri-kinh-doanh,A01,Điểm học bạ,2025,18.0,Quản trị kinh doanh
75264,EIU,quan-tri-kinh-doanh,B00,Điểm học bạ,2025,18.0,Quản trị kinh doanh
75265,EIU,quan-tri-kinh-doanh,C01,Điểm học bạ,2025,18.0,Quản trị kinh doanh
75266,EIU,quan-tri-kinh-doanh,C03,Điểm học bạ,2025,18.0,Quản trị kinh doanh
75267,EIU,quan-tri-kinh-doanh,C04,Điểm học bạ,2025,18.0,Quản trị kinh doanh
75268,EIU,quan-tri-kinh-doanh,D01,Điểm học bạ,2025,18.0,Quản trị kinh doanh
75269,EIU,quan-tri-kinh-doanh,D07,Điểm học bạ,2025,18.0,Quản trị kinh doanh
75270,EIU,quan-tri-kinh-doanh,D09,Điểm học bạ,2025,18.0,Quản trị kinh doanh
75271,EIU,quan-tri-kinh-doanh,D10,Điểm học bạ,2025,18.0,Quản trị kinh doanh
75272,EIU,quan-tri-kinh-doanh,X01,Điểm học bạ,2025,18.0,Quản trị kinh doanh
75273,EIU,quan-tri-kinh-doanh,X05,Điểm học bạ,2025,18.0,Quản trị kinh doanh
75274,EIU,quan-tri-kinh-doanh,X06,Điểm học bạ,2025,18.0,Quản trị kinh doanh
75275,EIU,quan-tri-kinh-doanh,X25,Điểm học bạ,2025,18.0,Quản trị kinh doanh
75276,EIU,quan-tri-kinh-doanh,X26,Điểm học bạ,2025,18.0,Quản trị kinh doanh
75277,EIU,quan-tri-kinh-doanh,A00,Điểm thi THPT,2025,15.0,Quản trị kinh doanh
75278,EIU,quan-tri-kinh-doanh,A01,Điểm thi THPT,2025,15.0,Quản trị kinh doanh
75279,EIU,quan-tri-kinh-doanh,B00,Điểm thi THPT,2025,15.0,Quản trị kinh doanh
75280,EIU,quan-tri-kinh-doanh,C01,Điểm thi THPT,2025,15.0,Quản trị kinh doanh
75281,EIU,quan-tri-kinh-doanh,C03,Điểm thi THPT,2025,15.0,Quản trị kinh doanh
75282,EIU,quan-tri-kinh-doanh,C04,Điểm thi THPT,2025,15.0,Quản trị kinh doanh
75283,EIU,quan-tri-kinh-doanh,D01,Điểm thi THPT,2025,15.0,Quản trị kinh doanh
75284,EIU,quan-tri-kinh-doanh,D07,Điểm thi THPT,2025,15.0,Quản trị kinh doanh
75285,EIU,quan-tri-kinh-doanh,D09,Điểm thi THPT,2025,15.0,Quản trị kinh doanh
75286,EIU,quan-tri-kinh-doanh,D10,Điểm thi THPT,2025,15.0,Quản trị kinh doanh
75287,EIU,quan-tri-kinh-doanh,X01,Điểm thi THPT,2025,15.0,Quản trị kinh doanh
75288,EIU,quan-tri-kinh-doanh,X05,Điểm thi THPT,2025,15.0,Quản trị kinh doanh
75289,EIU,quan-tri-kinh-doanh,X06,Điểm thi THPT,2025,15.0,Quản trị kinh doanh
75290,EIU,quan-tri-kinh-doanh,X25,Điểm thi THPT,2025,15.0,Quản trị kinh doanh
75291,EIU,quan-tri-kinh-doanh,X26,Điểm thi THPT,2025,15.0,Quản trị kinh doanh
75292,ETU,cong-nghe-da-phuong-tien,A00,Điểm học bạ,2021,15.0,Công nghệ đa phương tiện
75293,ETU,cong-nghe-da-phuong-tien,A01,Điểm học bạ,2021,15.0,Công nghệ đa phương tiện
75294,ETU,cong-nghe-da-phuong-tien,C01,Điểm học bạ,2021,15.0,Công nghệ đa phương tiện
75295,ETU,cong-nghe-da-phuong-tien,D01,Điểm học bạ,2021,15.0,Công nghệ đa phương tiện
75296,ETU,cong-nghe-da-phuong-tien,A00,Điểm thi THPT,2021,22.5,Công nghệ đa phương tiện
75297,ETU,cong-nghe-da-phuong-tien,A01,Điểm thi THPT,2021,22.5,Công nghệ đa phương tiện
75298,ETU,cong-nghe-da-phuong-tien,C01,Điểm thi THPT,2021,22.5,Công nghệ đa phương tiện
75299,ETU,cong-nghe-da-phuong-tien,D01,Điểm thi THPT,2021,22.5,Công nghệ đa phương tiện
75300,ETU,cong-nghe-da-phuong-tien,A00,Điểm thi THPT,2022,15.0,Công nghệ đa phương tiện
75301,ETU,cong-nghe-da-phuong-tien,A01,Điểm thi THPT,2022,15.0,Công nghệ đa phương tiện
75302,ETU,cong-nghe-da-phuong-tien,C01,Điểm thi THPT,2022,15.0,Công nghệ đa phương tiện
75303,ETU,cong-nghe-da-phuong-tien,D01,Điểm thi THPT,2022,15.0,Công nghệ đa phương tiện
75304,ETU,cong-nghe-da-phuong-tien,A00,Điểm học bạ,2023,17.0,Công nghệ đa phương tiện
75305,ETU,cong-nghe-da-phuong-tien,A01,Điểm học bạ,2023,17.0,Công nghệ đa phương tiện
75306,ETU,cong-nghe-da-phuong-tien,C01,Điểm học bạ,2023,17.0,Công nghệ đa phương tiện
75307,ETU,cong-nghe-da-phuong-tien,D01,Điểm học bạ,2023,17.0,Công nghệ đa phương tiện
75308,ETU,cong-nghe-da-phuong-tien,A00,Điểm thi THPT,2023,15.0,Công nghệ đa phương tiện
75309,ETU,cong-nghe-da-phuong-tien,A01,Điểm thi THPT,2023,15.0,Công nghệ đa phương tiện
75310,ETU,cong-nghe-da-phuong-tien,C01,Điểm thi THPT,2023,15.0,Công nghệ đa phương tiện
75311,ETU,cong-nghe-da-phuong-tien,D01,Điểm thi THPT,2023,15.0,Công nghệ đa phương tiện
75312,ETU,cong-nghe-da-phuong-tien,A00,Điểm học bạ,2024,17.0,Công nghệ đa phương tiện
75313,ETU,cong-nghe-da-phuong-tien,A01,Điểm học bạ,2024,17.0,Công nghệ đa phương tiện
75314,ETU,cong-nghe-da-phuong-tien,C01,Điểm học bạ,2024,17.0,Công nghệ đa phương tiện
75315,ETU,cong-nghe-da-phuong-tien,D01,Điểm học bạ,2024,17.0,Công nghệ đa phương tiện
75316,ETU,cong-nghe-da-phuong-tien,A00,Điểm thi THPT,2024,17.5,Công nghệ đa phương tiện
75317,ETU,cong-nghe-da-phuong-tien,A01,Điểm thi THPT,2024,17.5,Công nghệ đa phương tiện
75318,ETU,cong-nghe-da-phuong-tien,C01,Điểm thi THPT,2024,17.5,Công nghệ đa phương tiện
75319,ETU,cong-nghe-da-phuong-tien,D01,Điểm thi THPT,2024,17.5,Công nghệ đa phương tiện
75320,ETU,cong-nghe-nhung-va-iot-chuyen-nganh-vi-mach-ban-dan-chuyen-nganh-he-thong-vien-thong,A00,Điểm học bạ,2024,17.0,"Kỹ thuật điện tử - viễn thông (chuyên ngành Công nghệ nhúng và IoT, chuyên ngành vi mạch bán dẫn, chuyên ngành Hệ thống viễn thông)"
75321,ETU,cong-nghe-nhung-va-iot-chuyen-nganh-vi-mach-ban-dan-chuyen-nganh-he-thong-vien-thong,A01,Điểm học bạ,2024,17.0,"Kỹ thuật điện tử - viễn thông (chuyên ngành Công nghệ nhúng và IoT, chuyên ngành vi mạch bán dẫn, chuyên ngành Hệ thống viễn thông)"
75322,ETU,cong-nghe-nhung-va-iot-chuyen-nganh-vi-mach-ban-dan-chuyen-nganh-he-thong-vien-thong,C01,Điểm học bạ,2024,17.0,"Kỹ thuật điện tử - viễn thông (chuyên ngành Công nghệ nhúng và IoT, chuyên ngành vi mạch bán dẫn, chuyên ngành Hệ thống viễn thông)"
75323,ETU,cong-nghe-nhung-va-iot-chuyen-nganh-vi-mach-ban-dan-chuyen-nganh-he-thong-vien-thong,D01,Điểm học bạ,2024,17.0,"Kỹ thuật điện tử - viễn thông (chuyên ngành Công nghệ nhúng và IoT, chuyên ngành vi mạch bán dẫn, chuyên ngành Hệ thống viễn thông)"
75324,ETU,cong-nghe-thong-tin,A00,Điểm học bạ,2021,15.0,Công nghệ thông tin
75325,ETU,cong-nghe-thong-tin,A01,Điểm học bạ,2021,15.0,Công nghệ thông tin
75326,ETU,cong-nghe-thong-tin,C01,Điểm học bạ,2021,15.0,Công nghệ thông tin
75327,ETU,cong-nghe-thong-tin,D01,Điểm học bạ,2021,15.0,Công nghệ thông tin
75328,ETU,cong-nghe-thong-tin,A00,Điểm thi THPT,2021,16.55,Công nghệ thông tin
75329,ETU,cong-nghe-thong-tin,A01,Điểm thi THPT,2021,16.55,Công nghệ thông tin
75330,ETU,cong-nghe-thong-tin,C01,Điểm thi THPT,2021,16.55,Công nghệ thông tin
75331,ETU,cong-nghe-thong-tin,D01,Điểm thi THPT,2021,16.55,Công nghệ thông tin
75332,ETU,cong-nghe-thong-tin,A00,Điểm thi THPT,2022,15.0,Công nghệ thông tin
75333,ETU,cong-nghe-thong-tin,A01,Điểm thi THPT,2022,15.0,Công nghệ thông tin
75334,ETU,cong-nghe-thong-tin,C01,Điểm thi THPT,2022,15.0,Công nghệ thông tin
75335,ETU,cong-nghe-thong-tin,D01,Điểm thi THPT,2022,15.0,Công nghệ thông tin
75336,ETU,cong-nghe-thong-tin,A00,Điểm học bạ,2023,17.0,Công nghệ thông tin
75337,ETU,cong-nghe-thong-tin,A01,Điểm học bạ,2023,17.0,Công nghệ thông tin
75338,ETU,cong-nghe-thong-tin,C01,Điểm học bạ,2023,17.0,Công nghệ thông tin
75339,ETU,cong-nghe-thong-tin,D01,Điểm học bạ,2023,17.0,Công nghệ thông tin
75340,ETU,cong-nghe-thong-tin,A00,Điểm thi THPT,2023,15.0,Công nghệ thông tin
75341,ETU,cong-nghe-thong-tin,A01,Điểm thi THPT,2023,15.0,Công nghệ thông tin
75342,ETU,cong-nghe-thong-tin,C01,Điểm thi THPT,2023,15.0,Công nghệ thông tin
75343,ETU,cong-nghe-thong-tin,D01,Điểm thi THPT,2023,15.0,Công nghệ thông tin
75344,ETU,cong-nghe-thong-tin,A00,Điểm học bạ,2024,17.0,Công nghệ thông tin
75345,ETU,cong-nghe-thong-tin,A01,Điểm học bạ,2024,17.0,Công nghệ thông tin
75346,ETU,cong-nghe-thong-tin,C01,Điểm học bạ,2024,17.0,Công nghệ thông tin
75347,ETU,cong-nghe-thong-tin,D01,Điểm học bạ,2024,17.0,Công nghệ thông tin
75348,ETU,cong-nghe-thong-tin,A00,Điểm thi THPT,2024,17.0,Công nghệ thông tin
75349,ETU,cong-nghe-thong-tin,A01,Điểm thi THPT,2024,17.0,Công nghệ thông tin
75350,ETU,cong-nghe-thong-tin,C01,Điểm thi THPT,2024,17.0,Công nghệ thông tin
75351,ETU,cong-nghe-thong-tin,D01,Điểm thi THPT,2024,17.0,Công nghệ thông tin
75352,ETU,cong-nghe-thong-tin,A00,Điểm học bạ,2025,15.0,Công nghệ thông tin
75353,ETU,cong-nghe-thong-tin,A01,Điểm học bạ,2025,15.0,Công nghệ thông tin
75354,ETU,cong-nghe-thong-tin,C01,Điểm học bạ,2025,15.0,Công nghệ thông tin
75355,ETU,cong-nghe-thong-tin,D01,Điểm học bạ,2025,15.0,Công nghệ thông tin
75356,ETU,cong-nghe-thong-tin,D07,Điểm học bạ,2025,15.0,Công nghệ thông tin
75357,ETU,cong-nghe-thong-tin,A00,Điểm thi THPT,2025,15.0,Công nghệ thông tin
75358,ETU,cong-nghe-thong-tin,A01,Điểm thi THPT,2025,15.0,Công nghệ thông tin
75359,ETU,cong-nghe-thong-tin,C01,Điểm thi THPT,2025,15.0,Công nghệ thông tin
75360,ETU,cong-nghe-thong-tin,D01,Điểm thi THPT,2025,15.0,Công nghệ thông tin
75361,ETU,cong-nghe-thong-tin,D07,Điểm thi THPT,2025,15.0,Công nghệ thông tin
75362,ETU,cong-nghe-truyen-thong,A00,Điểm học bạ,2021,15.0,Công nghệ truyền thông
75363,ETU,cong-nghe-truyen-thong,A01,Điểm học bạ,2021,15.0,Công nghệ truyền thông
75364,ETU,cong-nghe-truyen-thong,C01,Điểm học bạ,2021,15.0,Công nghệ truyền thông
75365,ETU,cong-nghe-truyen-thong,D01,Điểm học bạ,2021,15.0,Công nghệ truyền thông
75366,ETU,cong-nghe-truyen-thong,A00,Điểm thi THPT,2021,17.4,Công nghệ truyền thông
75367,ETU,cong-nghe-truyen-thong,A01,Điểm thi THPT,2021,17.4,Công nghệ truyền thông
75368,ETU,cong-nghe-truyen-thong,C01,Điểm thi THPT,2021,17.4,Công nghệ truyền thông
75369,ETU,cong-nghe-truyen-thong,D01,Điểm thi THPT,2021,17.4,Công nghệ truyền thông
75370,ETU,cong-tac-xa-hoi,C00,Điểm học bạ,2021,15.0,Công tác xã hội
75371,ETU,cong-tac-xa-hoi,D01,Điểm học bạ,2021,15.0,Công tác xã hội
75372,ETU,cong-tac-xa-hoi,D78,Điểm học bạ,2021,15.0,Công tác xã hội
75373,ETU,cong-tac-xa-hoi,D96,Điểm học bạ,2021,15.0,Công tác xã hội
75374,ETU,cong-tac-xa-hoi,C00,Điểm thi THPT,2021,15.5,Công tác xã hội
75375,ETU,cong-tac-xa-hoi,D01,Điểm thi THPT,2021,15.5,Công tác xã hội
75376,ETU,cong-tac-xa-hoi,D78,Điểm thi THPT,2021,15.5,Công tác xã hội
75377,ETU,cong-tac-xa-hoi,D96,Điểm thi THPT,2021,15.5,Công tác xã hội
75378,ETU,cong-tac-xa-hoi,C00,Điểm học bạ,2024,17.0,Công tác xã hội
75379,ETU,cong-tac-xa-hoi,D01,Điểm học bạ,2024,17.0,Công tác xã hội
75380,ETU,cong-tac-xa-hoi,D78,Điểm học bạ,2024,17.0,Công tác xã hội
75381,ETU,cong-tac-xa-hoi,D96,Điểm học bạ,2024,17.0,Công tác xã hội
75382,ETU,cong-tac-xa-hoi,C00,Điểm thi THPT,2024,17.0,Công tác xã hội
75383,ETU,cong-tac-xa-hoi,D01,Điểm thi THPT,2024,17.0,Công tác xã hội
75384,ETU,cong-tac-xa-hoi,D78,Điểm thi THPT,2024,17.0,Công tác xã hội
75385,ETU,cong-tac-xa-hoi,D96,Điểm thi THPT,2024,17.0,Công tác xã hội
75386,ETU,dieu-duong,A00,Điểm học bạ,2021,19.5,Điều dưỡng
75387,ETU,dieu-duong,B00,Điểm học bạ,2021,19.5,Điều dưỡng
75388,ETU,dieu-duong,D07,Điểm học bạ,2021,19.5,Điều dưỡng
75389,ETU,dieu-duong,D08,Điểm học bạ,2021,19.5,Điều dưỡng
75390,ETU,dieu-duong,A00,Điểm thi THPT,2021,19.05,Điều dưỡng
75391,ETU,dieu-duong,B00,Điểm thi THPT,2021,19.05,Điều dưỡng
75392,ETU,dieu-duong,D07,Điểm thi THPT,2021,19.05,Điều dưỡng
75393,ETU,dieu-duong,D08,Điểm thi THPT,2021,19.05,Điều dưỡng
75394,ETU,dieu-duong,A00,Điểm thi THPT,2022,19.0,Điều dưỡng
75395,ETU,dieu-duong,B00,Điểm thi THPT,2022,19.0,Điều dưỡng
75396,ETU,dieu-duong,D07,Điểm thi THPT,2022,19.0,Điều dưỡng
75397,ETU,dieu-duong,D08,Điểm thi THPT,2022,19.0,Điều dưỡng
75398,ETU,dieu-duong,A00,Điểm thi THPT,2023,19.5,Điều dưỡng
75399,ETU,dieu-duong,B00,Điểm thi THPT,2023,19.5,Điều dưỡng
75400,ETU,dieu-duong,D07,Điểm thi THPT,2023,19.5,Điều dưỡng
75401,ETU,dieu-duong,D08,Điểm thi THPT,2023,19.5,Điều dưỡng
75402,ETU,dieu-duong,A00,Điểm thi THPT,2024,19.0,Điều dưỡng
75403,ETU,dieu-duong,B00,Điểm thi THPT,2024,19.0,Điều dưỡng
75404,ETU,dieu-duong,D07,Điểm thi THPT,2024,19.0,Điều dưỡng
75405,ETU,dieu-duong,D08,Điểm thi THPT,2024,19.0,Điều dưỡng
75406,ETU,dieu-duong,A02,Điểm học bạ,2025,17.0,Điều dưỡng
75407,ETU,dieu-duong,B00,Điểm học bạ,2025,17.0,Điều dưỡng
75408,ETU,dieu-duong,B03,Điểm học bạ,2025,17.0,Điều dưỡng
75409,ETU,dieu-duong,B08,Điểm học bạ,2025,17.0,Điều dưỡng
75410,ETU,dieu-duong,C02,Điểm học bạ,2025,17.0,Điều dưỡng
75411,ETU,dieu-duong,A02,Điểm thi THPT,2025,17.0,Điều dưỡng
75412,ETU,dieu-duong,B00,Điểm thi THPT,2025,17.0,Điều dưỡng
75413,ETU,dieu-duong,B03,Điểm thi THPT,2025,17.0,Điều dưỡng
75414,ETU,dieu-duong,B08,Điểm thi THPT,2025,17.0,Điều dưỡng
75415,ETU,dieu-duong,C02,Điểm thi THPT,2025,17.0,Điều dưỡng
75416,ETU,duoc-hoc,A00,Điểm học bạ,2021,24.0,Dược học
75417,ETU,duoc-hoc,B00,Điểm học bạ,2021,24.0,Dược học
75418,ETU,duoc-hoc,D07,Điểm học bạ,2021,24.0,Dược học
75419,ETU,duoc-hoc,D08,Điểm học bạ,2021,24.0,Dược học
75420,ETU,duoc-hoc,A00,Điểm thi THPT,2021,21.7,Dược học
75421,ETU,duoc-hoc,B00,Điểm thi THPT,2021,21.7,Dược học
75422,ETU,duoc-hoc,D07,Điểm thi THPT,2021,21.7,Dược học
75423,ETU,duoc-hoc,D08,Điểm thi THPT,2021,21.7,Dược học
75424,ETU,duoc-hoc,A00,Điểm thi THPT,2022,21.0,Dược học
75425,ETU,duoc-hoc,B00,Điểm thi THPT,2022,21.0,Dược học
75426,ETU,duoc-hoc,D07,Điểm thi THPT,2022,21.0,Dược học
75427,ETU,duoc-hoc,D08,Điểm thi THPT,2022,21.0,Dược học
75428,ETU,duoc-hoc,A00,Điểm thi THPT,2023,21.0,Dược học
75429,ETU,duoc-hoc,B00,Điểm thi THPT,2023,21.0,Dược học
75430,ETU,duoc-hoc,D07,Điểm thi THPT,2023,21.0,Dược học
75431,ETU,duoc-hoc,D08,Điểm thi THPT,2023,21.0,Dược học
75432,ETU,duoc-hoc,A00,Điểm thi THPT,2024,21.0,Dược học
75433,ETU,duoc-hoc,B00,Điểm thi THPT,2024,21.0,Dược học
75434,ETU,duoc-hoc,D07,Điểm thi THPT,2024,21.0,Dược học
75435,ETU,duoc-hoc,D08,Điểm thi THPT,2024,21.0,Dược học
75436,ETU,duoc-hoc,A00,Điểm học bạ,2025,19.0,Dược học
75437,ETU,duoc-hoc,A02,Điểm học bạ,2025,19.0,Dược học
75438,ETU,duoc-hoc,A11,Điểm học bạ,2025,19.0,Dược học
75439,ETU,duoc-hoc,B00,Điểm học bạ,2025,19.0,Dược học
75440,ETU,duoc-hoc,B03,Điểm học bạ,2025,19.0,Dược học
75441,ETU,duoc-hoc,B08,Điểm học bạ,2025,19.0,Dược học
75442,ETU,duoc-hoc,C02,Điểm học bạ,2025,19.0,Dược học
75443,ETU,duoc-hoc,D07,Điểm học bạ,2025,19.0,Dược học
75444,ETU,duoc-hoc,A00,Điểm thi THPT,2025,19.0,Dược học
75445,ETU,duoc-hoc,A02,Điểm thi THPT,2025,19.0,Dược học
75446,ETU,duoc-hoc,A11,Điểm thi THPT,2025,19.0,Dược học
75447,ETU,duoc-hoc,B00,Điểm thi THPT,2025,19.0,Dược học
75448,ETU,duoc-hoc,B03,Điểm thi THPT,2025,19.0,Dược học
75449,ETU,duoc-hoc,B08,Điểm thi THPT,2025,19.0,Dược học
75450,ETU,duoc-hoc,C02,Điểm thi THPT,2025,19.0,Dược học
75451,ETU,duoc-hoc,D07,Điểm thi THPT,2025,19.0,Dược học
75452,ETU,ke-toan,A00,Điểm học bạ,2021,15.0,Kế toán
75453,ETU,ke-toan,A01,Điểm học bạ,2021,15.0,Kế toán
75454,ETU,ke-toan,D01,Điểm học bạ,2021,15.0,Kế toán
75455,ETU,ke-toan,D96,Điểm học bạ,2021,15.0,Kế toán
75456,ETU,ke-toan,A00,Điểm thi THPT,2021,15.7,Kế toán
75457,ETU,ke-toan,A01,Điểm thi THPT,2021,15.7,Kế toán
75458,ETU,ke-toan,D01,Điểm thi THPT,2021,15.7,Kế toán
75459,ETU,ke-toan,D96,Điểm thi THPT,2021,15.7,Kế toán
75460,ETU,ke-toan,A00,Điểm thi THPT,2022,15.0,Kế toán
75461,ETU,ke-toan,A01,Điểm thi THPT,2022,15.0,Kế toán
75462,ETU,ke-toan,D01,Điểm thi THPT,2022,15.0,Kế toán
75463,ETU,ke-toan,D96,Điểm thi THPT,2022,15.0,Kế toán
75464,ETU,ke-toan,A00,Điểm học bạ,2023,17.0,Kế toán
75465,ETU,ke-toan,A01,Điểm học bạ,2023,17.0,Kế toán
75466,ETU,ke-toan,D01,Điểm học bạ,2023,17.0,Kế toán
75467,ETU,ke-toan,D96,Điểm học bạ,2023,17.0,Kế toán
75468,ETU,ke-toan,A00,Điểm thi THPT,2023,15.0,Kế toán
75469,ETU,ke-toan,A01,Điểm thi THPT,2023,15.0,Kế toán
75470,ETU,ke-toan,D01,Điểm thi THPT,2023,15.0,Kế toán
75471,ETU,ke-toan,D96,Điểm thi THPT,2023,15.0,Kế toán
75472,ETU,ke-toan,A00,Điểm học bạ,2024,17.0,Kế toán
75473,ETU,ke-toan,A01,Điểm học bạ,2024,17.0,Kế toán
75474,ETU,ke-toan,D01,Điểm học bạ,2024,17.0,Kế toán
75475,ETU,ke-toan,D96,Điểm học bạ,2024,17.0,Kế toán
75476,ETU,ke-toan,A00,Điểm thi THPT,2024,17.0,Kế toán
75477,ETU,ke-toan,A01,Điểm thi THPT,2024,17.0,Kế toán
75478,ETU,ke-toan,D01,Điểm thi THPT,2024,17.0,Kế toán
75479,ETU,ke-toan,D96,Điểm thi THPT,2024,17.0,Kế toán
75480,ETU,ke-toan,A00,Điểm học bạ,2025,15.0,Kế toán
75481,ETU,ke-toan,A01,Điểm học bạ,2025,15.0,Kế toán
75482,ETU,ke-toan,A10,Điểm học bạ,2025,15.0,Kế toán
75483,ETU,ke-toan,C01,Điểm học bạ,2025,15.0,Kế toán
75484,ETU,ke-toan,D01,Điểm học bạ,2025,15.0,Kế toán
75485,ETU,ke-toan,A00,Điểm thi THPT,2025,15.0,Kế toán
75486,ETU,ke-toan,A01,Điểm thi THPT,2025,15.0,Kế toán
75487,ETU,ke-toan,A10,Điểm thi THPT,2025,15.0,Kế toán
75488,ETU,ke-toan,C01,Điểm thi THPT,2025,15.0,Kế toán
75489,ETU,ke-toan,D01,Điểm thi THPT,2025,15.0,Kế toán
75490,ETU,kien-truc,V00,Điểm học bạ,2021,15.0,Kiến trúc
75491,ETU,kien-truc,V01,Điểm học bạ,2021,15.0,Kiến trúc
75492,ETU,ky-thuat-dien-tu-vien-thong,A00,Điểm học bạ,2021,15.0,Kỹ thuật điện tử - viễn thông
75493,ETU,ky-thuat-dien-tu-vien-thong,A01,Điểm học bạ,2021,15.0,Kỹ thuật điện tử - viễn thông
75494,ETU,ky-thuat-dien-tu-vien-thong,C01,Điểm học bạ,2021,15.0,Kỹ thuật điện tử - viễn thông
75495,ETU,ky-thuat-dien-tu-vien-thong,D01,Điểm học bạ,2021,15.0,Kỹ thuật điện tử - viễn thông
75496,ETU,ky-thuat-dien-tu-vien-thong,A00,Điểm thi THPT,2021,15.15,Kỹ thuật điện tử - viễn thông
75497,ETU,ky-thuat-dien-tu-vien-thong,A01,Điểm thi THPT,2021,15.15,Kỹ thuật điện tử - viễn thông
75498,ETU,ky-thuat-dien-tu-vien-thong,C01,Điểm thi THPT,2021,15.15,Kỹ thuật điện tử - viễn thông
75499,ETU,ky-thuat-dien-tu-vien-thong,D01,Điểm thi THPT,2021,15.15,Kỹ thuật điện tử - viễn thông
75500,ETU,ky-thuat-dien-tu-vien-thong,A00,Điểm thi THPT,2024,17.0,Kỹ thuật điện tử viễn thông
75501,ETU,ky-thuat-dien-tu-vien-thong,A01,Điểm thi THPT,2024,17.0,Kỹ thuật điện tử viễn thông
75502,ETU,ky-thuat-dien-tu-vien-thong,C00,Điểm thi THPT,2024,17.0,Kỹ thuật điện tử viễn thông
75503,ETU,ky-thuat-dien-tu-vien-thong,D01,Điểm thi THPT,2024,17.0,Kỹ thuật điện tử viễn thông
75504,ETU,ky-thuat-o-to,A00,Điểm học bạ,2023,17.0,Kỹ thuật ô tô
75505,ETU,ky-thuat-o-to,A01,Điểm học bạ,2023,17.0,Kỹ thuật ô tô
75506,ETU,ky-thuat-o-to,C01,Điểm học bạ,2023,17.0,Kỹ thuật ô tô
75507,ETU,ky-thuat-o-to,D01,Điểm học bạ,2023,17.0,Kỹ thuật ô tô
75508,ETU,ky-thuat-o-to,A00,Điểm thi THPT,2023,15.0,Kỹ thuật ô tô
75509,ETU,ky-thuat-o-to,A01,Điểm thi THPT,2023,15.0,Kỹ thuật ô tô
75510,ETU,ky-thuat-o-to,C01,Điểm thi THPT,2023,15.0,Kỹ thuật ô tô
75511,ETU,ky-thuat-o-to,D01,Điểm thi THPT,2023,15.0,Kỹ thuật ô tô
75512,ETU,ky-thuat-o-to,A00,Điểm thi THPT,2024,17.0,Kỹ thuật ô tô
75513,ETU,ky-thuat-o-to,A01,Điểm thi THPT,2024,17.0,Kỹ thuật ô tô
75514,ETU,ky-thuat-o-to,C01,Điểm thi THPT,2024,17.0,Kỹ thuật ô tô
75515,ETU,ky-thuat-o-to,D01,Điểm thi THPT,2024,17.0,Kỹ thuật ô tô
75516,ETU,ky-thuat-o-to,A00,Điểm học bạ,2025,15.0,Kỹ thuật ô tô
75517,ETU,ky-thuat-o-to,A01,Điểm học bạ,2025,15.0,Kỹ thuật ô tô
75518,ETU,ky-thuat-o-to,C01,Điểm học bạ,2025,15.0,Kỹ thuật ô tô
75519,ETU,ky-thuat-o-to,D01,Điểm học bạ,2025,15.0,Kỹ thuật ô tô
75520,ETU,ky-thuat-o-to,D07,Điểm học bạ,2025,15.0,Kỹ thuật ô tô
75521,ETU,ky-thuat-o-to,A00,Điểm thi THPT,2025,15.0,Kỹ thuật ô tô
75522,ETU,ky-thuat-o-to,A01,Điểm thi THPT,2025,15.0,Kỹ thuật ô tô
75523,ETU,ky-thuat-o-to,C01,Điểm thi THPT,2025,15.0,Kỹ thuật ô tô
75524,ETU,ky-thuat-o-to,D01,Điểm thi THPT,2025,15.0,Kỹ thuật ô tô
75525,ETU,ky-thuat-o-to,D07,Điểm thi THPT,2025,15.0,Kỹ thuật ô tô
75526,ETU,ky-thuat-o-to-co-dien-tu-o-to,A00,Điểm học bạ,2024,17.0,"Kỹ thuật ô tô (Chuyên ngành Kỹ thuật ô tô, Cơ điện tử ô tô)"
75527,ETU,ky-thuat-o-to-co-dien-tu-o-to,A01,Điểm học bạ,2024,17.0,"Kỹ thuật ô tô (Chuyên ngành Kỹ thuật ô tô, Cơ điện tử ô tô)"
75528,ETU,ky-thuat-o-to-co-dien-tu-o-to,C01,Điểm học bạ,2024,17.0,"Kỹ thuật ô tô (Chuyên ngành Kỹ thuật ô tô, Cơ điện tử ô tô)"
75529,ETU,ky-thuat-o-to-co-dien-tu-o-to,D01,Điểm học bạ,2024,17.0,"Kỹ thuật ô tô (Chuyên ngành Kỹ thuật ô tô, Cơ điện tử ô tô)"
75530,ETU,ky-thuat-xay-dung,A00,Điểm học bạ,2021,15.0,Kỹ thuật xây dựng
75531,ETU,ky-thuat-xay-dung,A01,Điểm học bạ,2021,15.0,Kỹ thuật xây dựng
75532,ETU,ky-thuat-xay-dung,D01,Điểm học bạ,2021,15.0,Kỹ thuật xây dựng
75533,ETU,ky-thuat-xay-dung,D07,Điểm học bạ,2021,15.0,Kỹ thuật xây dựng
75534,ETU,ky-thuat-xay-dung,A00,Điểm thi THPT,2021,15.5,Kỹ thuật xây dựng
75535,ETU,ky-thuat-xay-dung,A01,Điểm thi THPT,2021,15.5,Kỹ thuật xây dựng
75536,ETU,ky-thuat-xay-dung,D01,Điểm thi THPT,2021,15.5,Kỹ thuật xây dựng
75537,ETU,ky-thuat-xay-dung,D07,Điểm thi THPT,2021,15.5,Kỹ thuật xây dựng
75538,ETU,logistic-va-quan-ly-chuoi-cung-ung,A00,Điểm học bạ,2024,17.0,Logistic và quản lý chuỗi cung ứng
75539,ETU,logistic-va-quan-ly-chuoi-cung-ung,A01,Điểm học bạ,2024,17.0,Logistic và quản lý chuỗi cung ứng
75540,ETU,logistic-va-quan-ly-chuoi-cung-ung,D01,Điểm học bạ,2024,17.0,Logistic và quản lý chuỗi cung ứng
75541,ETU,logistic-va-quan-ly-chuoi-cung-ung,D96,Điểm học bạ,2024,17.0,Logistic và quản lý chuỗi cung ứng
75542,ETU,logistics-quan-ly-chuoi-cung-ung,A00,Điểm học bạ,2025,15.0,Logistics & Quản lý chuỗi cung ứng
75543,ETU,logistics-quan-ly-chuoi-cung-ung,A01,Điểm học bạ,2025,15.0,Logistics & Quản lý chuỗi cung ứng
75544,ETU,logistics-quan-ly-chuoi-cung-ung,A10,Điểm học bạ,2025,15.0,Logistics & Quản lý chuỗi cung ứng
75545,ETU,logistics-quan-ly-chuoi-cung-ung,C01,Điểm học bạ,2025,15.0,Logistics & Quản lý chuỗi cung ứng
75546,ETU,logistics-quan-ly-chuoi-cung-ung,D01,Điểm học bạ,2025,15.0,Logistics & Quản lý chuỗi cung ứng
75547,ETU,logistics-quan-ly-chuoi-cung-ung,A00,Điểm thi THPT,2025,15.0,Logistics & Quản lý chuỗi cung ứng
75548,ETU,logistics-quan-ly-chuoi-cung-ung,A01,Điểm thi THPT,2025,15.0,Logistics & Quản lý chuỗi cung ứng
75549,ETU,logistics-quan-ly-chuoi-cung-ung,A10,Điểm thi THPT,2025,15.0,Logistics & Quản lý chuỗi cung ứng
75550,ETU,logistics-quan-ly-chuoi-cung-ung,C01,Điểm thi THPT,2025,15.0,Logistics & Quản lý chuỗi cung ứng
75551,ETU,logistics-quan-ly-chuoi-cung-ung,D01,Điểm thi THPT,2025,15.0,Logistics & Quản lý chuỗi cung ứng
75552,ETU,logistics-va-quan-ly-chuoi-cung-ung,A00,Điểm học bạ,2021,15.0,Logistics và quản lý chuỗi cung ứng
75553,ETU,logistics-va-quan-ly-chuoi-cung-ung,A01,Điểm học bạ,2021,15.0,Logistics và quản lý chuỗi cung ứng
75554,ETU,logistics-va-quan-ly-chuoi-cung-ung,D01,Điểm học bạ,2021,15.0,Logistics và quản lý chuỗi cung ứng
75555,ETU,logistics-va-quan-ly-chuoi-cung-ung,D96,Điểm học bạ,2021,15.0,Logistics và quản lý chuỗi cung ứng
75556,ETU,logistics-va-quan-ly-chuoi-cung-ung,A00,Điểm thi THPT,2021,15.75,Logistics và quản lý chuỗi cung ứng
75557,ETU,logistics-va-quan-ly-chuoi-cung-ung,A01,Điểm thi THPT,2021,15.75,Logistics và quản lý chuỗi cung ứng
75558,ETU,logistics-va-quan-ly-chuoi-cung-ung,D01,Điểm thi THPT,2021,15.75,Logistics và quản lý chuỗi cung ứng
75559,ETU,logistics-va-quan-ly-chuoi-cung-ung,D96,Điểm thi THPT,2021,15.75,Logistics và quản lý chuỗi cung ứng
75560,ETU,logistics-va-quan-ly-chuoi-cung-ung,A00,Điểm thi THPT,2022,15.0,Logistics và quản lý chuỗi cung ứng
75561,ETU,logistics-va-quan-ly-chuoi-cung-ung,A01,Điểm thi THPT,2022,15.0,Logistics và quản lý chuỗi cung ứng
75562,ETU,logistics-va-quan-ly-chuoi-cung-ung,D01,Điểm thi THPT,2022,15.0,Logistics và quản lý chuỗi cung ứng
75563,ETU,logistics-va-quan-ly-chuoi-cung-ung,D96,Điểm thi THPT,2022,15.0,Logistics và quản lý chuỗi cung ứng
75564,ETU,logistics-va-quan-ly-chuoi-cung-ung,A00,Điểm học bạ,2023,17.0,Logistics và quản lý chuỗi cung ứng
75565,ETU,logistics-va-quan-ly-chuoi-cung-ung,A01,Điểm học bạ,2023,17.0,Logistics và quản lý chuỗi cung ứng
75566,ETU,logistics-va-quan-ly-chuoi-cung-ung,D01,Điểm học bạ,2023,17.0,Logistics và quản lý chuỗi cung ứng
75567,ETU,logistics-va-quan-ly-chuoi-cung-ung,D96,Điểm học bạ,2023,17.0,Logistics và quản lý chuỗi cung ứng
75568,ETU,logistics-va-quan-ly-chuoi-cung-ung,A00,Điểm thi THPT,2023,15.0,Logistics và quản lý chuỗi cung ứng
75569,ETU,logistics-va-quan-ly-chuoi-cung-ung,A01,Điểm thi THPT,2023,15.0,Logistics và quản lý chuỗi cung ứng
75570,ETU,logistics-va-quan-ly-chuoi-cung-ung,D01,Điểm thi THPT,2023,15.0,Logistics và quản lý chuỗi cung ứng
75571,ETU,logistics-va-quan-ly-chuoi-cung-ung,D96,Điểm thi THPT,2023,15.0,Logistics và quản lý chuỗi cung ứng
75572,ETU,logistics-va-quan-ly-chuoi-cung-ung,A00,Điểm thi THPT,2024,17.0,Logistics và quản lý chuỗi cung ứng
75573,ETU,logistics-va-quan-ly-chuoi-cung-ung,A01,Điểm thi THPT,2024,17.0,Logistics và quản lý chuỗi cung ứng
75574,ETU,logistics-va-quan-ly-chuoi-cung-ung,D01,Điểm thi THPT,2024,17.0,Logistics và quản lý chuỗi cung ứng
75575,ETU,logistics-va-quan-ly-chuoi-cung-ung,D96,Điểm thi THPT,2024,17.0,Logistics và quản lý chuỗi cung ứng
75576,ETU,luat-kinh-te,A00,Điểm học bạ,2021,15.0,Luật kinh tế
75577,ETU,luat-kinh-te,C00,Điểm học bạ,2021,15.0,Luật kinh tế
75578,ETU,luat-kinh-te,D01,Điểm học bạ,2021,15.0,Luật kinh tế
75579,ETU,luat-kinh-te,D78,Điểm học bạ,2021,15.0,Luật kinh tế
75580,ETU,luat-kinh-te,A00,Điểm thi THPT,2021,15.5,Luật kinh tế
75581,ETU,luat-kinh-te,C00,Điểm thi THPT,2021,15.5,Luật kinh tế
75582,ETU,luat-kinh-te,D01,Điểm thi THPT,2021,15.5,Luật kinh tế
75583,ETU,luat-kinh-te,D78,Điểm thi THPT,2021,15.5,Luật kinh tế
75584,ETU,luat-kinh-te,A00,Điểm thi THPT,2022,15.0,Luật kinh tế
75585,ETU,luat-kinh-te,C00,Điểm thi THPT,2022,15.0,Luật kinh tế
75586,ETU,luat-kinh-te,D01,Điểm thi THPT,2022,15.0,Luật kinh tế
75587,ETU,luat-kinh-te,D78,Điểm thi THPT,2022,15.0,Luật kinh tế
75588,ETU,luat-kinh-te,A00,Điểm học bạ,2023,17.0,Luật kinh tế
75589,ETU,luat-kinh-te,C00,Điểm học bạ,2023,17.0,Luật kinh tế
75590,ETU,luat-kinh-te,D01,Điểm học bạ,2023,17.0,Luật kinh tế
75591,ETU,luat-kinh-te,D78,Điểm học bạ,2023,17.0,Luật kinh tế
75592,ETU,luat-kinh-te,A00,Điểm thi THPT,2023,15.0,Luật kinh tế
75593,ETU,luat-kinh-te,C00,Điểm thi THPT,2023,15.0,Luật kinh tế
75594,ETU,luat-kinh-te,D01,Điểm thi THPT,2023,15.0,Luật kinh tế
75595,ETU,luat-kinh-te,D78,Điểm thi THPT,2023,15.0,Luật kinh tế
75596,ETU,luat-kinh-te,A00,Điểm học bạ,2024,17.0,Luật kinh tế
75597,ETU,luat-kinh-te,C00,Điểm học bạ,2024,17.0,Luật kinh tế
75598,ETU,luat-kinh-te,D01,Điểm học bạ,2024,17.0,Luật kinh tế
75599,ETU,luat-kinh-te,D78,Điểm học bạ,2024,17.0,Luật kinh tế
75600,ETU,luat-kinh-te,A00,Điểm thi THPT,2024,17.0,Luật kinh tế
75601,ETU,luat-kinh-te,C00,Điểm thi THPT,2024,17.0,Luật kinh tế
75602,ETU,luat-kinh-te,D01,Điểm thi THPT,2024,17.0,Luật kinh tế
75603,ETU,luat-kinh-te,D78,Điểm thi THPT,2024,17.0,Luật kinh tế
75604,ETU,luat-kinh-te,C00,Điểm học bạ,2025,15.0,Luật kinh tế
75605,ETU,luat-kinh-te,C01,Điểm học bạ,2025,15.0,Luật kinh tế
75606,ETU,luat-kinh-te,C19,Điểm học bạ,2025,15.0,Luật kinh tế
75607,ETU,luat-kinh-te,D01,Điểm học bạ,2025,15.0,Luật kinh tế
75608,ETU,luat-kinh-te,D14,Điểm học bạ,2025,15.0,Luật kinh tế
75609,ETU,luat-kinh-te,C00,Điểm thi THPT,2025,15.0,Luật kinh tế
75610,ETU,luat-kinh-te,C01,Điểm thi THPT,2025,15.0,Luật kinh tế
75611,ETU,luat-kinh-te,C19,Điểm thi THPT,2025,15.0,Luật kinh tế
75612,ETU,luat-kinh-te,D01,Điểm thi THPT,2025,15.0,Luật kinh tế
75613,ETU,luat-kinh-te,D14,Điểm thi THPT,2025,15.0,Luật kinh tế
75614,ETU,ngon-ngu-anh,D01,Điểm học bạ,2021,15.0,Ngôn ngữ Anh
75615,ETU,ngon-ngu-anh,D14,Điểm học bạ,2021,15.0,Ngôn ngữ Anh
75616,ETU,ngon-ngu-anh,D15,Điểm học bạ,2021,15.0,Ngôn ngữ Anh
75617,ETU,ngon-ngu-anh,D78,Điểm học bạ,2021,15.0,Ngôn ngữ Anh
75618,ETU,ngon-ngu-anh,D01,Điểm thi THPT,2021,16.5,Ngôn ngữ Anh
75619,ETU,ngon-ngu-anh,D14,Điểm thi THPT,2021,16.5,Ngôn ngữ Anh
75620,ETU,ngon-ngu-anh,D15,Điểm thi THPT,2021,16.5,Ngôn ngữ Anh
75621,ETU,ngon-ngu-anh,D78,Điểm thi THPT,2021,16.5,Ngôn ngữ Anh
75622,ETU,ngon-ngu-anh,D01,Điểm thi THPT,2022,15.0,Ngôn ngữ Anh
75623,ETU,ngon-ngu-anh,D14,Điểm thi THPT,2022,15.0,Ngôn ngữ Anh
75624,ETU,ngon-ngu-anh,D15,Điểm thi THPT,2022,15.0,Ngôn ngữ Anh
75625,ETU,ngon-ngu-anh,D78,Điểm thi THPT,2022,15.0,Ngôn ngữ Anh
75626,ETU,ngon-ngu-anh,D01,Điểm học bạ,2023,17.0,Ngôn ngữ Anh
75627,ETU,ngon-ngu-anh,D14,Điểm học bạ,2023,17.0,Ngôn ngữ Anh
75628,ETU,ngon-ngu-anh,D15,Điểm học bạ,2023,17.0,Ngôn ngữ Anh
75629,ETU,ngon-ngu-anh,D78,Điểm học bạ,2023,17.0,Ngôn ngữ Anh
75630,ETU,ngon-ngu-anh,D01,Điểm thi THPT,2023,15.0,Ngôn ngữ Anh
75631,ETU,ngon-ngu-anh,D14,Điểm thi THPT,2023,15.0,Ngôn ngữ Anh
75632,ETU,ngon-ngu-anh,D15,Điểm thi THPT,2023,15.0,Ngôn ngữ Anh
75633,ETU,ngon-ngu-anh,D78,Điểm thi THPT,2023,15.0,Ngôn ngữ Anh
75634,ETU,ngon-ngu-anh,D01,Điểm học bạ,2024,17.0,Ngôn ngữ Anh
75635,ETU,ngon-ngu-anh,D14,Điểm học bạ,2024,17.0,Ngôn ngữ Anh
75636,ETU,ngon-ngu-anh,D15,Điểm học bạ,2024,17.0,Ngôn ngữ Anh
75637,ETU,ngon-ngu-anh,D78,Điểm học bạ,2024,17.0,Ngôn ngữ Anh
75638,ETU,ngon-ngu-anh,D01,Điểm thi THPT,2024,17.0,Ngôn ngữ Anh
75639,ETU,ngon-ngu-anh,D14,Điểm thi THPT,2024,17.0,Ngôn ngữ Anh
75640,ETU,ngon-ngu-anh,D15,Điểm thi THPT,2024,17.0,Ngôn ngữ Anh
75641,ETU,ngon-ngu-anh,D78,Điểm thi THPT,2024,17.0,Ngôn ngữ Anh
75642,ETU,ngon-ngu-anh,A01,Điểm học bạ,2025,15.0,Ngôn ngữ Anh
75643,ETU,ngon-ngu-anh,D01,Điểm học bạ,2025,15.0,Ngôn ngữ Anh
75644,ETU,ngon-ngu-anh,D07,Điểm học bạ,2025,15.0,Ngôn ngữ Anh
75645,ETU,ngon-ngu-anh,D08,Điểm học bạ,2025,15.0,Ngôn ngữ Anh
75646,ETU,ngon-ngu-anh,D14,Điểm học bạ,2025,15.0,Ngôn ngữ Anh
75647,ETU,ngon-ngu-anh,D15,Điểm học bạ,2025,15.0,Ngôn ngữ Anh
75648,ETU,ngon-ngu-anh,A01,Điểm thi THPT,2025,15.0,Ngôn ngữ Anh
75649,ETU,ngon-ngu-anh,D01,Điểm thi THPT,2025,15.0,Ngôn ngữ Anh
75650,ETU,ngon-ngu-anh,D07,Điểm thi THPT,2025,15.0,Ngôn ngữ Anh
75651,ETU,ngon-ngu-anh,D08,Điểm thi THPT,2025,15.0,Ngôn ngữ Anh
75652,ETU,ngon-ngu-anh,D14,Điểm thi THPT,2025,15.0,Ngôn ngữ Anh
75653,ETU,ngon-ngu-anh,D15,Điểm thi THPT,2025,15.0,Ngôn ngữ Anh
75654,ETU,ngon-ngu-trung-quoc,A01,Điểm học bạ,2024,17.0,Ngôn ngữ Trung Quốc
75655,ETU,ngon-ngu-trung-quoc,C00,Điểm học bạ,2024,17.0,Ngôn ngữ Trung Quốc
75656,ETU,ngon-ngu-trung-quoc,D01,Điểm học bạ,2024,17.0,Ngôn ngữ Trung Quốc
75657,ETU,ngon-ngu-trung-quoc,D04,Điểm học bạ,2024,17.0,Ngôn ngữ Trung Quốc
75658,ETU,ngon-ngu-trung-quoc,A01,Điểm thi THPT,2024,17.0,Ngôn ngữ Trung Quốc
75659,ETU,ngon-ngu-trung-quoc,C00,Điểm thi THPT,2024,17.0,Ngôn ngữ Trung Quốc
75660,ETU,ngon-ngu-trung-quoc,D01,Điểm thi THPT,2024,17.0,Ngôn ngữ Trung Quốc
75661,ETU,ngon-ngu-trung-quoc,D04,Điểm thi THPT,2024,17.0,Ngôn ngữ Trung Quốc
75662,ETU,ngon-ngu-trung-quoc,C00,Điểm học bạ,2025,15.0,Ngôn ngữ Trung Quốc
75663,ETU,ngon-ngu-trung-quoc,D01,Điểm học bạ,2025,15.0,Ngôn ngữ Trung Quốc
75664,ETU,ngon-ngu-trung-quoc,D04,Điểm học bạ,2025,15.0,Ngôn ngữ Trung Quốc
75665,ETU,ngon-ngu-trung-quoc,D10,Điểm học bạ,2025,15.0,Ngôn ngữ Trung Quốc
75666,ETU,ngon-ngu-trung-quoc,D14,Điểm học bạ,2025,15.0,Ngôn ngữ Trung Quốc
75667,ETU,ngon-ngu-trung-quoc,D15,Điểm học bạ,2025,15.0,Ngôn ngữ Trung Quốc
75668,ETU,ngon-ngu-trung-quoc,D30,Điểm học bạ,2025,15.0,Ngôn ngữ Trung Quốc
75669,ETU,ngon-ngu-trung-quoc,C00,Điểm thi THPT,2025,15.0,Ngôn ngữ Trung Quốc
75670,ETU,ngon-ngu-trung-quoc,D01,Điểm thi THPT,2025,15.0,Ngôn ngữ Trung Quốc
75671,ETU,ngon-ngu-trung-quoc,D04,Điểm thi THPT,2025,15.0,Ngôn ngữ Trung Quốc
75672,ETU,ngon-ngu-trung-quoc,D10,Điểm thi THPT,2025,15.0,Ngôn ngữ Trung Quốc
75673,ETU,ngon-ngu-trung-quoc,D14,Điểm thi THPT,2025,15.0,Ngôn ngữ Trung Quốc
75674,ETU,ngon-ngu-trung-quoc,D15,Điểm thi THPT,2025,15.0,Ngôn ngữ Trung Quốc
75675,ETU,ngon-ngu-trung-quoc,D30,Điểm thi THPT,2025,15.0,Ngôn ngữ Trung Quốc
75676,ETU,quan-he-cong-chung,C00,Điểm học bạ,2021,15.0,Quan hệ công chúng
75677,ETU,quan-he-cong-chung,D01,Điểm học bạ,2021,15.0,Quan hệ công chúng
75678,ETU,quan-he-cong-chung,D15,Điểm học bạ,2021,15.0,Quan hệ công chúng
75679,ETU,quan-he-cong-chung,D78,Điểm học bạ,2021,15.0,Quan hệ công chúng
75680,ETU,quan-he-cong-chung,C00,Điểm thi THPT,2021,15.75,Quan hệ công chúng
75681,ETU,quan-he-cong-chung,D01,Điểm thi THPT,2021,15.75,Quan hệ công chúng
75682,ETU,quan-he-cong-chung,D15,Điểm thi THPT,2021,15.75,Quan hệ công chúng
75683,ETU,quan-he-cong-chung,D78,Điểm thi THPT,2021,15.75,Quan hệ công chúng
75684,ETU,quan-he-cong-chung,C00,Điểm thi THPT,2022,15.0,Quan hệ công chúng
75685,ETU,quan-he-cong-chung,D01,Điểm thi THPT,2022,15.0,Quan hệ công chúng
75686,ETU,quan-he-cong-chung,D15,Điểm thi THPT,2022,15.0,Quan hệ công chúng
75687,ETU,quan-he-cong-chung,D78,Điểm thi THPT,2022,15.0,Quan hệ công chúng
75688,ETU,quan-he-cong-chung,C00,Điểm học bạ,2023,17.0,Quan hệ công chúng
75689,ETU,quan-he-cong-chung,D01,Điểm học bạ,2023,17.0,Quan hệ công chúng
75690,ETU,quan-he-cong-chung,D15,Điểm học bạ,2023,17.0,Quan hệ công chúng
75691,ETU,quan-he-cong-chung,D78,Điểm học bạ,2023,17.0,Quan hệ công chúng
75692,ETU,quan-he-cong-chung,C00,Điểm thi THPT,2023,15.0,Quan hệ công chúng
75693,ETU,quan-he-cong-chung,D01,Điểm thi THPT,2023,15.0,Quan hệ công chúng
75694,ETU,quan-he-cong-chung,D15,Điểm thi THPT,2023,15.0,Quan hệ công chúng
75695,ETU,quan-he-cong-chung,D78,Điểm thi THPT,2023,15.0,Quan hệ công chúng
75696,ETU,quan-he-cong-chung,C00,Điểm học bạ,2024,17.0,Quan hệ công chúng
75697,ETU,quan-he-cong-chung,D01,Điểm học bạ,2024,17.0,Quan hệ công chúng
75698,ETU,quan-he-cong-chung,D15,Điểm học bạ,2024,17.0,Quan hệ công chúng
75699,ETU,quan-he-cong-chung,D78,Điểm học bạ,2024,17.0,Quan hệ công chúng
75700,ETU,quan-he-cong-chung,C00,Điểm thi THPT,2024,17.0,Quan hệ công chúng
75701,ETU,quan-he-cong-chung,D01,Điểm thi THPT,2024,17.0,Quan hệ công chúng
75702,ETU,quan-he-cong-chung,D15,Điểm thi THPT,2024,17.0,Quan hệ công chúng
75703,ETU,quan-he-cong-chung,D78,Điểm thi THPT,2024,17.0,Quan hệ công chúng
75704,ETU,quan-he-cong-chung,C00,Điểm học bạ,2025,15.0,Quan hệ công chúng
75705,ETU,quan-he-cong-chung,C01,Điểm học bạ,2025,15.0,Quan hệ công chúng
75706,ETU,quan-he-cong-chung,C04,Điểm học bạ,2025,15.0,Quan hệ công chúng
75707,ETU,quan-he-cong-chung,C14,Điểm học bạ,2025,15.0,Quan hệ công chúng
75708,ETU,quan-he-cong-chung,D01,Điểm học bạ,2025,15.0,Quan hệ công chúng
75709,ETU,quan-he-cong-chung,D14,Điểm học bạ,2025,15.0,Quan hệ công chúng
75710,ETU,quan-he-cong-chung,C00,Điểm thi THPT,2025,15.0,Quan hệ công chúng
75711,ETU,quan-he-cong-chung,C01,Điểm thi THPT,2025,15.0,Quan hệ công chúng
75712,ETU,quan-he-cong-chung,C04,Điểm thi THPT,2025,15.0,Quan hệ công chúng
75713,ETU,quan-he-cong-chung,C14,Điểm thi THPT,2025,15.0,Quan hệ công chúng
75714,ETU,quan-he-cong-chung,D01,Điểm thi THPT,2025,15.0,Quan hệ công chúng
75715,ETU,quan-he-cong-chung,D14,Điểm thi THPT,2025,15.0,Quan hệ công chúng
75716,ETU,quan-tri-dich-vu-du-lich-va-lu-hanh,C00,Điểm học bạ,2021,15.0,Quản trị dịch vụ du lịch và lữ hành
75717,ETU,quan-tri-dich-vu-du-lich-va-lu-hanh,D01,Điểm học bạ,2021,15.0,Quản trị dịch vụ du lịch và lữ hành
75718,ETU,quan-tri-dich-vu-du-lich-va-lu-hanh,D72,Điểm học bạ,2021,15.0,Quản trị dịch vụ du lịch và lữ hành
75719,ETU,quan-tri-dich-vu-du-lich-va-lu-hanh,D96,Điểm học bạ,2021,15.0,Quản trị dịch vụ du lịch và lữ hành
75720,ETU,quan-tri-dich-vu-du-lich-va-lu-hanh,C00,Điểm thi THPT,2021,15.1,Quản trị dịch vụ du lịch và lữ hành
75721,ETU,quan-tri-dich-vu-du-lich-va-lu-hanh,D01,Điểm thi THPT,2021,15.1,Quản trị dịch vụ du lịch và lữ hành
75722,ETU,quan-tri-dich-vu-du-lich-va-lu-hanh,D72,Điểm thi THPT,2021,15.1,Quản trị dịch vụ du lịch và lữ hành
75723,ETU,quan-tri-dich-vu-du-lich-va-lu-hanh,D96,Điểm thi THPT,2021,15.1,Quản trị dịch vụ du lịch và lữ hành
75724,ETU,quan-tri-dich-vu-du-lich-va-lu-hanh,C00,Điểm thi THPT,2022,15.0,Quản trị dịch vụ du lịch và lữ hành
75725,ETU,quan-tri-dich-vu-du-lich-va-lu-hanh,D01,Điểm thi THPT,2022,15.0,Quản trị dịch vụ du lịch và lữ hành
75726,ETU,quan-tri-dich-vu-du-lich-va-lu-hanh,D72,Điểm thi THPT,2022,15.0,Quản trị dịch vụ du lịch và lữ hành
75727,ETU,quan-tri-dich-vu-du-lich-va-lu-hanh,D96,Điểm thi THPT,2022,15.0,Quản trị dịch vụ du lịch và lữ hành
75728,ETU,quan-tri-dich-vu-du-lich-va-lu-hanh,C00,Điểm học bạ,2023,17.0,Quản trị dịch vụ du lịch và lữ hành
75729,ETU,quan-tri-dich-vu-du-lich-va-lu-hanh,D01,Điểm học bạ,2023,17.0,Quản trị dịch vụ du lịch và lữ hành
75730,ETU,quan-tri-dich-vu-du-lich-va-lu-hanh,D72,Điểm học bạ,2023,17.0,Quản trị dịch vụ du lịch và lữ hành
75731,ETU,quan-tri-dich-vu-du-lich-va-lu-hanh,D96,Điểm học bạ,2023,17.0,Quản trị dịch vụ du lịch và lữ hành
75732,ETU,quan-tri-dich-vu-du-lich-va-lu-hanh,C00,Điểm thi THPT,2023,15.0,Quản trị dịch vụ du lịch và lữ hành
75733,ETU,quan-tri-dich-vu-du-lich-va-lu-hanh,D01,Điểm thi THPT,2023,15.0,Quản trị dịch vụ du lịch và lữ hành
75734,ETU,quan-tri-dich-vu-du-lich-va-lu-hanh,D72,Điểm thi THPT,2023,15.0,Quản trị dịch vụ du lịch và lữ hành
75735,ETU,quan-tri-dich-vu-du-lich-va-lu-hanh,D96,Điểm thi THPT,2023,15.0,Quản trị dịch vụ du lịch và lữ hành
75736,ETU,quan-tri-dich-vu-du-lich-va-lu-hanh,C00,Điểm học bạ,2024,17.0,Quản trị dịch vụ du lịch và lữ hành
75737,ETU,quan-tri-dich-vu-du-lich-va-lu-hanh,D01,Điểm học bạ,2024,17.0,Quản trị dịch vụ du lịch và lữ hành
75738,ETU,quan-tri-dich-vu-du-lich-va-lu-hanh,D72,Điểm học bạ,2024,17.0,Quản trị dịch vụ du lịch và lữ hành
75739,ETU,quan-tri-dich-vu-du-lich-va-lu-hanh,D96,Điểm học bạ,2024,17.0,Quản trị dịch vụ du lịch và lữ hành
75740,ETU,quan-tri-dich-vu-du-lich-va-lu-hanh,C00,Điểm thi THPT,2024,17.0,Quản trị dịch vụ du lịch và lữ hành
75741,ETU,quan-tri-dich-vu-du-lich-va-lu-hanh,D01,Điểm thi THPT,2024,17.0,Quản trị dịch vụ du lịch và lữ hành
75742,ETU,quan-tri-dich-vu-du-lich-va-lu-hanh,D72,Điểm thi THPT,2024,17.0,Quản trị dịch vụ du lịch và lữ hành
75743,ETU,quan-tri-dich-vu-du-lich-va-lu-hanh,D96,Điểm thi THPT,2024,17.0,Quản trị dịch vụ du lịch và lữ hành
75744,ETU,quan-tri-dich-vu-du-lich-va-lu-hanh,A10,Điểm học bạ,2025,15.0,Quản trị dịch vụ Du lịch và Lữ hành
75745,ETU,quan-tri-dich-vu-du-lich-va-lu-hanh,C00,Điểm học bạ,2025,15.0,Quản trị dịch vụ Du lịch và Lữ hành
75746,ETU,quan-tri-dich-vu-du-lich-va-lu-hanh,C04,Điểm học bạ,2025,15.0,Quản trị dịch vụ Du lịch và Lữ hành
75747,ETU,quan-tri-dich-vu-du-lich-va-lu-hanh,D01,Điểm học bạ,2025,15.0,Quản trị dịch vụ Du lịch và Lữ hành
75748,ETU,quan-tri-dich-vu-du-lich-va-lu-hanh,D15,Điểm học bạ,2025,15.0,Quản trị dịch vụ Du lịch và Lữ hành
75749,ETU,quan-tri-dich-vu-du-lich-va-lu-hanh,A10,Điểm thi THPT,2025,15.0,Quản trị dịch vụ Du lịch và Lữ hành
75750,ETU,quan-tri-dich-vu-du-lich-va-lu-hanh,C00,Điểm thi THPT,2025,15.0,Quản trị dịch vụ Du lịch và Lữ hành
75751,ETU,quan-tri-dich-vu-du-lich-va-lu-hanh,C04,Điểm thi THPT,2025,15.0,Quản trị dịch vụ Du lịch và Lữ hành
75752,ETU,quan-tri-dich-vu-du-lich-va-lu-hanh,D01,Điểm thi THPT,2025,15.0,Quản trị dịch vụ Du lịch và Lữ hành
75753,ETU,quan-tri-dich-vu-du-lich-va-lu-hanh,D15,Điểm thi THPT,2025,15.0,Quản trị dịch vụ Du lịch và Lữ hành
75754,ETU,quan-tri-khach-san,C00,Điểm học bạ,2021,15.0,Quản trị khách sạn
75755,ETU,quan-tri-khach-san,D01,Điểm học bạ,2021,15.0,Quản trị khách sạn
75756,ETU,quan-tri-khach-san,D72,Điểm học bạ,2021,15.0,Quản trị khách sạn
75757,ETU,quan-tri-khach-san,D96,Điểm học bạ,2021,15.0,Quản trị khách sạn
75758,ETU,quan-tri-khach-san,C00,Điểm thi THPT,2021,15.5,Quản trị khách sạn
75759,ETU,quan-tri-khach-san,D01,Điểm thi THPT,2021,15.5,Quản trị khách sạn
75760,ETU,quan-tri-khach-san,D72,Điểm thi THPT,2021,15.5,Quản trị khách sạn
75761,ETU,quan-tri-khach-san,D96,Điểm thi THPT,2021,15.5,Quản trị khách sạn
75762,ETU,quan-tri-khach-san,C00,Điểm thi THPT,2022,15.0,Quản trị khách sạn
75763,ETU,quan-tri-khach-san,D01,Điểm thi THPT,2022,15.0,Quản trị khách sạn
75764,ETU,quan-tri-khach-san,D72,Điểm thi THPT,2022,15.0,Quản trị khách sạn
75765,ETU,quan-tri-khach-san,D96,Điểm thi THPT,2022,15.0,Quản trị khách sạn
75766,ETU,quan-tri-khach-san,C00,Điểm học bạ,2023,17.0,Quản trị khách sạn
75767,ETU,quan-tri-khach-san,D01,Điểm học bạ,2023,17.0,Quản trị khách sạn
75768,ETU,quan-tri-khach-san,D72,Điểm học bạ,2023,17.0,Quản trị khách sạn
75769,ETU,quan-tri-khach-san,D96,Điểm học bạ,2023,17.0,Quản trị khách sạn
75770,ETU,quan-tri-khach-san,C00,Điểm thi THPT,2023,15.0,Quản trị khách sạn
75771,ETU,quan-tri-khach-san,D01,Điểm thi THPT,2023,15.0,Quản trị khách sạn
75772,ETU,quan-tri-khach-san,D72,Điểm thi THPT,2023,15.0,Quản trị khách sạn
75773,ETU,quan-tri-khach-san,D96,Điểm thi THPT,2023,15.0,Quản trị khách sạn
75774,ETU,quan-tri-khach-san,C00,Điểm học bạ,2024,17.0,Quản trị khách sạn
75775,ETU,quan-tri-khach-san,D01,Điểm học bạ,2024,17.0,Quản trị khách sạn
75776,ETU,quan-tri-khach-san,D72,Điểm học bạ,2024,17.0,Quản trị khách sạn
75777,ETU,quan-tri-khach-san,D96,Điểm học bạ,2024,17.0,Quản trị khách sạn
75778,ETU,quan-tri-khach-san,C00,Điểm thi THPT,2024,17.0,Quản trị khách sạn
75779,ETU,quan-tri-khach-san,D01,Điểm thi THPT,2024,17.0,Quản trị khách sạn
75780,ETU,quan-tri-khach-san,D72,Điểm thi THPT,2024,17.0,Quản trị khách sạn
75781,ETU,quan-tri-khach-san,D96,Điểm thi THPT,2024,17.0,Quản trị khách sạn
75782,ETU,quan-tri-khach-san,A10,Điểm học bạ,2025,15.0,Quản trị khách sạn
75783,ETU,quan-tri-khach-san,C00,Điểm học bạ,2025,15.0,Quản trị khách sạn
75784,ETU,quan-tri-khach-san,C04,Điểm học bạ,2025,15.0,Quản trị khách sạn
75785,ETU,quan-tri-khach-san,D01,Điểm học bạ,2025,15.0,Quản trị khách sạn
75786,ETU,quan-tri-khach-san,D15,Điểm học bạ,2025,15.0,Quản trị khách sạn
75787,ETU,quan-tri-khach-san,A10,Điểm thi THPT,2025,15.0,Quản trị khách sạn
75788,ETU,quan-tri-khach-san,C00,Điểm thi THPT,2025,15.0,Quản trị khách sạn
75789,ETU,quan-tri-khach-san,C04,Điểm thi THPT,2025,15.0,Quản trị khách sạn
75790,ETU,quan-tri-khach-san,D01,Điểm thi THPT,2025,15.0,Quản trị khách sạn
75791,ETU,quan-tri-khach-san,D15,Điểm thi THPT,2025,15.0,Quản trị khách sạn
75792,ETU,quan-tri-kinh-doanh,A00,Điểm học bạ,2021,15.0,Quản trị kinh doanh
75793,ETU,quan-tri-kinh-doanh,A01,Điểm học bạ,2021,15.0,Quản trị kinh doanh
75794,ETU,quan-tri-kinh-doanh,D01,Điểm học bạ,2021,15.0,Quản trị kinh doanh
75795,ETU,quan-tri-kinh-doanh,D96,Điểm học bạ,2021,15.0,Quản trị kinh doanh
75796,ETU,quan-tri-kinh-doanh,A00,Điểm thi THPT,2021,15.1,Quản trị kinh doanh
75797,ETU,quan-tri-kinh-doanh,A01,Điểm thi THPT,2021,15.1,Quản trị kinh doanh
75798,ETU,quan-tri-kinh-doanh,D01,Điểm thi THPT,2021,15.1,Quản trị kinh doanh
75799,ETU,quan-tri-kinh-doanh,D96,Điểm thi THPT,2021,15.1,Quản trị kinh doanh
75800,ETU,quan-tri-kinh-doanh,A00,Điểm thi THPT,2022,15.0,Quản trị kinh doanh
75801,ETU,quan-tri-kinh-doanh,A01,Điểm thi THPT,2022,15.0,Quản trị kinh doanh
75802,ETU,quan-tri-kinh-doanh,D01,Điểm thi THPT,2022,15.0,Quản trị kinh doanh
75803,ETU,quan-tri-kinh-doanh,D96,Điểm thi THPT,2022,15.0,Quản trị kinh doanh
75804,ETU,quan-tri-kinh-doanh,A00,Điểm học bạ,2023,17.0,Quản trị kinh doanh
75805,ETU,quan-tri-kinh-doanh,A01,Điểm học bạ,2023,17.0,Quản trị kinh doanh
75806,ETU,quan-tri-kinh-doanh,D01,Điểm học bạ,2023,17.0,Quản trị kinh doanh
75807,ETU,quan-tri-kinh-doanh,D96,Điểm học bạ,2023,17.0,Quản trị kinh doanh
75808,ETU,quan-tri-kinh-doanh,A00,Điểm thi THPT,2023,15.0,Quản trị kinh doanh
75809,ETU,quan-tri-kinh-doanh,A01,Điểm thi THPT,2023,15.0,Quản trị kinh doanh
75810,ETU,quan-tri-kinh-doanh,D01,Điểm thi THPT,2023,15.0,Quản trị kinh doanh
75811,ETU,quan-tri-kinh-doanh,D96,Điểm thi THPT,2023,15.0,Quản trị kinh doanh
75812,ETU,quan-tri-kinh-doanh,A00,Điểm học bạ,2024,17.0,Quản trị kinh doanh
75813,ETU,quan-tri-kinh-doanh,A01,Điểm học bạ,2024,17.0,Quản trị kinh doanh
75814,ETU,quan-tri-kinh-doanh,D01,Điểm học bạ,2024,17.0,Quản trị kinh doanh
75815,ETU,quan-tri-kinh-doanh,D96,Điểm học bạ,2024,17.0,Quản trị kinh doanh
75816,ETU,quan-tri-kinh-doanh,A00,Điểm thi THPT,2024,17.0,Quản trị kinh doanh
75817,ETU,quan-tri-kinh-doanh,A01,Điểm thi THPT,2024,17.0,Quản trị kinh doanh
75818,ETU,quan-tri-kinh-doanh,D01,Điểm thi THPT,2024,17.0,Quản trị kinh doanh
75819,ETU,quan-tri-kinh-doanh,D96,Điểm thi THPT,2024,17.0,Quản trị kinh doanh
75820,ETU,quan-tri-kinh-doanh,A00,Điểm học bạ,2025,15.0,Quản trị kinh doanh
75821,ETU,quan-tri-kinh-doanh,A01,Điểm học bạ,2025,15.0,Quản trị kinh doanh
75822,ETU,quan-tri-kinh-doanh,A10,Điểm học bạ,2025,15.0,Quản trị kinh doanh
75823,ETU,quan-tri-kinh-doanh,C01,Điểm học bạ,2025,15.0,Quản trị kinh doanh
75824,ETU,quan-tri-kinh-doanh,D01,Điểm học bạ,2025,15.0,Quản trị kinh doanh
75825,ETU,quan-tri-kinh-doanh,A00,Điểm thi THPT,2025,15.0,Quản trị kinh doanh
75826,ETU,quan-tri-kinh-doanh,A01,Điểm thi THPT,2025,15.0,Quản trị kinh doanh
75827,ETU,quan-tri-kinh-doanh,A10,Điểm thi THPT,2025,15.0,Quản trị kinh doanh
75828,ETU,quan-tri-kinh-doanh,C01,Điểm thi THPT,2025,15.0,Quản trị kinh doanh
75829,ETU,quan-tri-kinh-doanh,D01,Điểm thi THPT,2025,15.0,Quản trị kinh doanh
75830,ETU,tai-chinh-ngan-hang,A00,Điểm học bạ,2021,15.0,Tài chính ngân hàng
75831,ETU,tai-chinh-ngan-hang,A01,Điểm học bạ,2021,15.0,Tài chính ngân hàng
75832,ETU,tai-chinh-ngan-hang,D01,Điểm học bạ,2021,15.0,Tài chính ngân hàng
75833,ETU,tai-chinh-ngan-hang,D96,Điểm học bạ,2021,15.0,Tài chính ngân hàng
75834,ETU,tai-chinh-ngan-hang,A00,Điểm thi THPT,2021,15.45,Tài chính ngân hàng
75835,ETU,tai-chinh-ngan-hang,A01,Điểm thi THPT,2021,15.45,Tài chính ngân hàng
75836,ETU,tai-chinh-ngan-hang,D01,Điểm thi THPT,2021,15.45,Tài chính ngân hàng
75837,ETU,tai-chinh-ngan-hang,D96,Điểm thi THPT,2021,15.45,Tài chính ngân hàng
75838,ETU,tai-chinh-ngan-hang,A00,Điểm thi THPT,2022,15.0,Tài chính ngân hàng
75839,ETU,tai-chinh-ngan-hang,A01,Điểm thi THPT,2022,15.0,Tài chính ngân hàng
75840,ETU,tai-chinh-ngan-hang,D01,Điểm thi THPT,2022,15.0,Tài chính ngân hàng
75841,ETU,tai-chinh-ngan-hang,D96,Điểm thi THPT,2022,15.0,Tài chính ngân hàng
75842,ETU,tai-chinh-ngan-hang,A00,Điểm học bạ,2023,17.0,Tài chính ngân hàng
75843,ETU,tai-chinh-ngan-hang,A01,Điểm học bạ,2023,17.0,Tài chính ngân hàng
75844,ETU,tai-chinh-ngan-hang,D01,Điểm học bạ,2023,17.0,Tài chính ngân hàng
75845,ETU,tai-chinh-ngan-hang,D96,Điểm học bạ,2023,17.0,Tài chính ngân hàng
75846,ETU,tai-chinh-ngan-hang,A00,Điểm thi THPT,2023,15.0,Tài chính ngân hàng
75847,ETU,tai-chinh-ngan-hang,A01,Điểm thi THPT,2023,15.0,Tài chính ngân hàng
75848,ETU,tai-chinh-ngan-hang,D01,Điểm thi THPT,2023,15.0,Tài chính ngân hàng
75849,ETU,tai-chinh-ngan-hang,D96,Điểm thi THPT,2023,15.0,Tài chính ngân hàng
75850,ETU,tai-chinh-ngan-hang,A00,Điểm học bạ,2024,17.0,Tài chính ngân hàng
75851,ETU,tai-chinh-ngan-hang,A01,Điểm học bạ,2024,17.0,Tài chính ngân hàng
75852,ETU,tai-chinh-ngan-hang,D01,Điểm học bạ,2024,17.0,Tài chính ngân hàng
75853,ETU,tai-chinh-ngan-hang,D96,Điểm học bạ,2024,17.0,Tài chính ngân hàng
75854,ETU,tai-chinh-ngan-hang,A00,Điểm thi THPT,2024,17.0,Tài chính ngân hàng
75855,ETU,tai-chinh-ngan-hang,A01,Điểm thi THPT,2024,17.0,Tài chính ngân hàng
75856,ETU,tai-chinh-ngan-hang,D01,Điểm thi THPT,2024,17.0,Tài chính ngân hàng
75857,ETU,tai-chinh-ngan-hang,D96,Điểm thi THPT,2024,17.0,Tài chính ngân hàng
75858,ETU,tai-chinh-ngan-hang,A00,Điểm học bạ,2025,15.0,Tài chính Ngân hàng
75859,ETU,tai-chinh-ngan-hang,A01,Điểm học bạ,2025,15.0,Tài chính Ngân hàng
75860,ETU,tai-chinh-ngan-hang,A10,Điểm học bạ,2025,15.0,Tài chính Ngân hàng
75861,ETU,tai-chinh-ngan-hang,C01,Điểm học bạ,2025,15.0,Tài chính Ngân hàng
75862,ETU,tai-chinh-ngan-hang,D01,Điểm học bạ,2025,15.0,Tài chính Ngân hàng
75863,ETU,tai-chinh-ngan-hang,A00,Điểm thi THPT,2025,15.0,Tài chính Ngân hàng
75864,ETU,tai-chinh-ngan-hang,A01,Điểm thi THPT,2025,15.0,Tài chính Ngân hàng
75865,ETU,tai-chinh-ngan-hang,A10,Điểm thi THPT,2025,15.0,Tài chính Ngân hàng
75866,ETU,tai-chinh-ngan-hang,C01,Điểm thi THPT,2025,15.0,Tài chính Ngân hàng
75867,ETU,tai-chinh-ngan-hang,D01,Điểm thi THPT,2025,15.0,Tài chính Ngân hàng
75868,ETU,thiet-ke-do-hoa,H00,Điểm học bạ,2021,15.0,Thiết kế đồ họa
75869,ETU,thiet-ke-do-hoa,H01,Điểm học bạ,2021,15.0,Thiết kế đồ họa
75870,ETU,thiet-ke-do-hoa,V00,Điểm học bạ,2021,15.0,Thiết kế đồ họa
75871,ETU,thiet-ke-do-hoa,V01,Điểm học bạ,2021,15.0,Thiết kế đồ họa
75872,ETU,thiet-ke-do-hoa,H00,Điểm thi THPT,2021,17.35,Thiết kế đồ họa
75873,ETU,thiet-ke-do-hoa,H01,Điểm thi THPT,2021,17.35,Thiết kế đồ họa
75874,ETU,thiet-ke-do-hoa,V00,Điểm thi THPT,2021,17.35,Thiết kế đồ họa
75875,ETU,thiet-ke-do-hoa,V01,Điểm thi THPT,2021,17.35,Thiết kế đồ họa
75876,ETU,thiet-ke-do-hoa,H00,Điểm thi THPT,2022,15.0,Thiết kế đồ họa
75877,ETU,thiet-ke-do-hoa,H02,Điểm thi THPT,2022,15.0,Thiết kế đồ họa
75878,ETU,thiet-ke-do-hoa,V00,Điểm thi THPT,2022,15.0,Thiết kế đồ họa
75879,ETU,thiet-ke-do-hoa,V01,Điểm thi THPT,2022,15.0,Thiết kế đồ họa
75880,ETU,thiet-ke-do-hoa,H00,Điểm thi THPT,2023,15.0,Thiết kế đồ họa
75881,ETU,thiet-ke-do-hoa,H01,Điểm thi THPT,2023,15.0,Thiết kế đồ họa
75882,ETU,thiet-ke-do-hoa,V00,Điểm thi THPT,2023,15.0,Thiết kế đồ họa
75883,ETU,thiet-ke-do-hoa,V01,Điểm thi THPT,2023,15.0,Thiết kế đồ họa
75884,ETU,thiet-ke-do-hoa,H00,Điểm học bạ,2024,15.0,Thiết kế đồ họa
75885,ETU,thiet-ke-do-hoa,H01,Điểm học bạ,2024,15.0,Thiết kế đồ họa
75886,ETU,thiet-ke-do-hoa,V00,Điểm học bạ,2024,15.0,Thiết kế đồ họa
75887,ETU,thiet-ke-do-hoa,V01,Điểm học bạ,2024,15.0,Thiết kế đồ họa
75888,ETU,thiet-ke-do-hoa,H00,Điểm thi THPT,2024,17.0,Thiết kế đồ họa
75889,ETU,thiet-ke-do-hoa,H01,Điểm thi THPT,2024,17.0,Thiết kế đồ họa
75890,ETU,thiet-ke-do-hoa,V00,Điểm thi THPT,2024,17.0,Thiết kế đồ họa
75891,ETU,thiet-ke-do-hoa,V01,Điểm thi THPT,2024,17.0,Thiết kế đồ họa
75892,ETU,thiet-ke-do-hoa,H01,Điểm học bạ,2025,15.0,Thiết kế đồ họa
75893,ETU,thiet-ke-do-hoa,H07,Điểm học bạ,2025,15.0,Thiết kế đồ họa
75894,ETU,thiet-ke-do-hoa,V00,Điểm học bạ,2025,15.0,Thiết kế đồ họa
75895,ETU,thiet-ke-do-hoa,V01,Điểm học bạ,2025,15.0,Thiết kế đồ họa
75896,ETU,thiet-ke-do-hoa,H01,Điểm thi THPT,2025,15.0,Thiết kế đồ họa
75897,ETU,thiet-ke-do-hoa,H07,Điểm thi THPT,2025,15.0,Thiết kế đồ họa
75898,ETU,thiet-ke-do-hoa,V00,Điểm thi THPT,2025,15.0,Thiết kế đồ họa
75899,ETU,thiet-ke-do-hoa,V01,Điểm thi THPT,2025,15.0,Thiết kế đồ họa
75900,ETU,thiet-ke-noi-that,H00,Điểm học bạ,2021,15.0,Thiết kế nội thất
75901,ETU,thiet-ke-noi-that,H01,Điểm học bạ,2021,15.0,Thiết kế nội thất
75902,ETU,thiet-ke-noi-that,V00,Điểm học bạ,2021,15.0,Thiết kế nội thất
75903,ETU,thiet-ke-noi-that,V01,Điểm học bạ,2021,15.0,Thiết kế nội thất
75904,ETU,thiet-ke-noi-that,H00,Điểm thi THPT,2021,22.75,Thiết kế nội thất
75905,ETU,thiet-ke-noi-that,H01,Điểm thi THPT,2021,22.75,Thiết kế nội thất
75906,ETU,thiet-ke-noi-that,V00,Điểm thi THPT,2021,22.75,Thiết kế nội thất
75907,ETU,thiet-ke-noi-that,V01,Điểm thi THPT,2021,22.75,Thiết kế nội thất
75908,ETU,thiet-ke-noi-that,H00,Điểm thi THPT,2022,15.0,Thiết kế nội thất
75909,ETU,thiet-ke-noi-that,H02,Điểm thi THPT,2022,15.0,Thiết kế nội thất
75910,ETU,thiet-ke-noi-that,V00,Điểm thi THPT,2022,15.0,Thiết kế nội thất
75911,ETU,thiet-ke-noi-that,V01,Điểm thi THPT,2022,15.0,Thiết kế nội thất
75912,ETU,thiet-ke-noi-that,H00,Điểm thi THPT,2023,15.0,Thiết kế nội thất
75913,ETU,thiet-ke-noi-that,H01,Điểm thi THPT,2023,15.0,Thiết kế nội thất
75914,ETU,thiet-ke-noi-that,V00,Điểm thi THPT,2023,15.0,Thiết kế nội thất
75915,ETU,thiet-ke-noi-that,V01,Điểm thi THPT,2023,15.0,Thiết kế nội thất
75916,ETU,thiet-ke-noi-that,H00,Điểm học bạ,2024,15.0,Thiết kế nội thất
75917,ETU,thiet-ke-noi-that,H01,Điểm học bạ,2024,15.0,Thiết kế nội thất
75918,ETU,thiet-ke-noi-that,V00,Điểm học bạ,2024,15.0,Thiết kế nội thất
75919,ETU,thiet-ke-noi-that,V01,Điểm học bạ,2024,15.0,Thiết kế nội thất
75920,ETU,thiet-ke-noi-that,H00,Điểm thi THPT,2024,17.0,Thiết kế nội thất
75921,ETU,thiet-ke-noi-that,H01,Điểm thi THPT,2024,17.0,Thiết kế nội thất
75922,ETU,thiet-ke-noi-that,V00,Điểm thi THPT,2024,17.0,Thiết kế nội thất
75923,ETU,thiet-ke-noi-that,V01,Điểm thi THPT,2024,17.0,Thiết kế nội thất
75924,ETU,thiet-ke-noi-that,H01,Điểm học bạ,2025,15.0,Thiết kế nội thất
75925,ETU,thiet-ke-noi-that,H07,Điểm học bạ,2025,15.0,Thiết kế nội thất
75926,ETU,thiet-ke-noi-that,V00,Điểm học bạ,2025,15.0,Thiết kế nội thất
75927,ETU,thiet-ke-noi-that,V01,Điểm học bạ,2025,15.0,Thiết kế nội thất
75928,ETU,thiet-ke-noi-that,H01,Điểm thi THPT,2025,15.0,Thiết kế nội thất
75929,ETU,thiet-ke-noi-that,H07,Điểm thi THPT,2025,15.0,Thiết kế nội thất
75930,ETU,thiet-ke-noi-that,V00,Điểm thi THPT,2025,15.0,Thiết kế nội thất
75931,ETU,thiet-ke-noi-that,V01,Điểm thi THPT,2025,15.0,Thiết kế nội thất
75932,ETU,thiet-ke-thoi-trang,H00,Điểm học bạ,2021,15.0,Thiết kế thời trang
75933,ETU,thiet-ke-thoi-trang,H01,Điểm học bạ,2021,15.0,Thiết kế thời trang
75934,ETU,thiet-ke-thoi-trang,V00,Điểm học bạ,2021,15.0,Thiết kế thời trang
75935,ETU,thiet-ke-thoi-trang,V01,Điểm học bạ,2021,15.0,Thiết kế thời trang
75936,ETU,thiet-ke-thoi-trang,H00,Điểm thi THPT,2022,15.0,Thiết kế thời trang
75937,ETU,thiet-ke-thoi-trang,H02,Điểm thi THPT,2022,15.0,Thiết kế thời trang
75938,ETU,thiet-ke-thoi-trang,V00,Điểm thi THPT,2022,15.0,Thiết kế thời trang
75939,ETU,thiet-ke-thoi-trang,V01,Điểm thi THPT,2022,15.0,Thiết kế thời trang
75940,ETU,thiet-ke-thoi-trang,H00,Điểm thi THPT,2023,15.0,Thiết kế thời trang
75941,ETU,thiet-ke-thoi-trang,H01,Điểm thi THPT,2023,15.0,Thiết kế thời trang
75942,ETU,thiet-ke-thoi-trang,V00,Điểm thi THPT,2023,15.0,Thiết kế thời trang
75943,ETU,thiet-ke-thoi-trang,V01,Điểm thi THPT,2023,15.0,Thiết kế thời trang
75944,ETU,thiet-ke-thoi-trang,H00,Điểm học bạ,2024,15.0,Thiết kế thời trang
75945,ETU,thiet-ke-thoi-trang,H01,Điểm học bạ,2024,15.0,Thiết kế thời trang
75946,ETU,thiet-ke-thoi-trang,V00,Điểm học bạ,2024,15.0,Thiết kế thời trang
75947,ETU,thiet-ke-thoi-trang,V01,Điểm học bạ,2024,15.0,Thiết kế thời trang
75948,ETU,thiet-ke-thoi-trang,H00,Điểm thi THPT,2024,17.0,Thiết kế thời trang
75949,ETU,thiet-ke-thoi-trang,H01,Điểm thi THPT,2024,17.0,Thiết kế thời trang
75950,ETU,thiet-ke-thoi-trang,V00,Điểm thi THPT,2024,17.0,Thiết kế thời trang
75951,ETU,thiet-ke-thoi-trang,V01,Điểm thi THPT,2024,17.0,Thiết kế thời trang
75952,ETU,thiet-ke-thoi-trang,H02,Điểm học bạ,2025,15.0,Thiết kế thời trang
75953,ETU,thiet-ke-thoi-trang,H06,Điểm học bạ,2025,15.0,Thiết kế thời trang
75954,ETU,thiet-ke-thoi-trang,H08,Điểm học bạ,2025,15.0,Thiết kế thời trang
75955,ETU,thiet-ke-thoi-trang,V00,Điểm học bạ,2025,15.0,Thiết kế thời trang
75956,ETU,thiet-ke-thoi-trang,V01,Điểm học bạ,2025,15.0,Thiết kế thời trang
75957,ETU,thiet-ke-thoi-trang,H02,Điểm thi THPT,2025,15.0,Thiết kế thời trang
75958,ETU,thiet-ke-thoi-trang,H06,Điểm thi THPT,2025,15.0,Thiết kế thời trang
75959,ETU,thiet-ke-thoi-trang,H08,Điểm thi THPT,2025,15.0,Thiết kế thời trang
75960,ETU,thiet-ke-thoi-trang,V00,Điểm thi THPT,2025,15.0,Thiết kế thời trang
75961,ETU,thiet-ke-thoi-trang,V01,Điểm thi THPT,2025,15.0,Thiết kế thời trang
75962,ETU,thuong-mai-dien-tu,A00,Điểm học bạ,2021,15.0,Thương mại điện tử
75963,ETU,thuong-mai-dien-tu,A01,Điểm học bạ,2021,15.0,Thương mại điện tử
75964,ETU,thuong-mai-dien-tu,D01,Điểm học bạ,2021,15.0,Thương mại điện tử
75965,ETU,thuong-mai-dien-tu,D96,Điểm học bạ,2021,15.0,Thương mại điện tử
75966,ETU,thuong-mai-dien-tu,A00,Điểm thi THPT,2021,15.15,Thương mại điện tử
75967,ETU,thuong-mai-dien-tu,A01,Điểm thi THPT,2021,15.15,Thương mại điện tử
75968,ETU,thuong-mai-dien-tu,D01,Điểm thi THPT,2021,15.15,Thương mại điện tử
75969,ETU,thuong-mai-dien-tu,D96,Điểm thi THPT,2021,15.15,Thương mại điện tử
75970,ETU,thuong-mai-dien-tu,A00,Điểm thi THPT,2022,15.0,Thương mại điện tử
75971,ETU,thuong-mai-dien-tu,A01,Điểm thi THPT,2022,15.0,Thương mại điện tử
75972,ETU,thuong-mai-dien-tu,D01,Điểm thi THPT,2022,15.0,Thương mại điện tử
75973,ETU,thuong-mai-dien-tu,D96,Điểm thi THPT,2022,15.0,Thương mại điện tử
75974,ETU,thuong-mai-dien-tu,A00,Điểm học bạ,2023,17.0,Thương mại điện tử
75975,ETU,thuong-mai-dien-tu,A01,Điểm học bạ,2023,17.0,Thương mại điện tử
75976,ETU,thuong-mai-dien-tu,D01,Điểm học bạ,2023,17.0,Thương mại điện tử
75977,ETU,thuong-mai-dien-tu,D96,Điểm học bạ,2023,17.0,Thương mại điện tử
75978,ETU,thuong-mai-dien-tu,A00,Điểm thi THPT,2023,15.0,Thương mại điện tử
75979,ETU,thuong-mai-dien-tu,A01,Điểm thi THPT,2023,15.0,Thương mại điện tử
75980,ETU,thuong-mai-dien-tu,D01,Điểm thi THPT,2023,15.0,Thương mại điện tử
75981,ETU,thuong-mai-dien-tu,D96,Điểm thi THPT,2023,15.0,Thương mại điện tử
75982,ETU,thuong-mai-dien-tu,A00,Điểm học bạ,2024,17.0,Thương mại điện tử
75983,ETU,thuong-mai-dien-tu,A01,Điểm học bạ,2024,17.0,Thương mại điện tử
75984,ETU,thuong-mai-dien-tu,D01,Điểm học bạ,2024,17.0,Thương mại điện tử
75985,ETU,thuong-mai-dien-tu,D96,Điểm học bạ,2024,17.0,Thương mại điện tử
75986,ETU,thuong-mai-dien-tu,A00,Điểm thi THPT,2024,17.0,Thương mại điện tử
75987,ETU,thuong-mai-dien-tu,A01,Điểm thi THPT,2024,17.0,Thương mại điện tử
75988,ETU,thuong-mai-dien-tu,D01,Điểm thi THPT,2024,17.0,Thương mại điện tử
75989,ETU,thuong-mai-dien-tu,D96,Điểm thi THPT,2024,17.0,Thương mại điện tử
75990,ETU,thuong-mai-dien-tu,A00,Điểm học bạ,2025,15.0,Thương mại điện tử
75991,ETU,thuong-mai-dien-tu,A01,Điểm học bạ,2025,15.0,Thương mại điện tử
75992,ETU,thuong-mai-dien-tu,A10,Điểm học bạ,2025,15.0,Thương mại điện tử
75993,ETU,thuong-mai-dien-tu,C01,Điểm học bạ,2025,15.0,Thương mại điện tử
75994,ETU,thuong-mai-dien-tu,D01,Điểm học bạ,2025,15.0,Thương mại điện tử
75995,ETU,thuong-mai-dien-tu,A00,Điểm thi THPT,2025,15.0,Thương mại điện tử
75996,ETU,thuong-mai-dien-tu,A01,Điểm thi THPT,2025,15.0,Thương mại điện tử
75997,ETU,thuong-mai-dien-tu,A10,Điểm thi THPT,2025,15.0,Thương mại điện tử
75998,ETU,thuong-mai-dien-tu,C01,Điểm thi THPT,2025,15.0,Thương mại điện tử
75999,ETU,thuong-mai-dien-tu,D01,Điểm thi THPT,2025,15.0,Thương mại điện tử
76000,ETU,truyen-thong-da-phuong-tien,A00,Điểm học bạ,2024,17.0,Truyền thông đa phương tiện
76001,ETU,truyen-thong-da-phuong-tien,A01,Điểm học bạ,2024,17.0,Truyền thông đa phương tiện
76002,ETU,truyen-thong-da-phuong-tien,C01,Điểm học bạ,2024,17.0,Truyền thông đa phương tiện
76003,ETU,truyen-thong-da-phuong-tien,D01,Điểm học bạ,2024,17.0,Truyền thông đa phương tiện
76004,ETU,truyen-thong-da-phuong-tien,A00,Điểm thi THPT,2024,17.0,Truyền thông đa phương tiện
76005,ETU,truyen-thong-da-phuong-tien,A01,Điểm thi THPT,2024,17.0,Truyền thông đa phương tiện
76006,ETU,truyen-thong-da-phuong-tien,C00,Điểm thi THPT,2024,17.0,Truyền thông đa phương tiện
76007,ETU,truyen-thong-da-phuong-tien,D01,Điểm thi THPT,2024,17.0,Truyền thông đa phương tiện
76008,ETU,truyen-thong-da-phuong-tien,C00,Điểm học bạ,2025,15.0,Truyền thông đa phương tiện
76009,ETU,truyen-thong-da-phuong-tien,C01,Điểm học bạ,2025,15.0,Truyền thông đa phương tiện
76010,ETU,truyen-thong-da-phuong-tien,C04,Điểm học bạ,2025,15.0,Truyền thông đa phương tiện
76011,ETU,truyen-thong-da-phuong-tien,C14,Điểm học bạ,2025,15.0,Truyền thông đa phương tiện
76012,ETU,truyen-thong-da-phuong-tien,D01,Điểm học bạ,2025,15.0,Truyền thông đa phương tiện
76013,ETU,truyen-thong-da-phuong-tien,D14,Điểm học bạ,2025,15.0,Truyền thông đa phương tiện
76014,ETU,truyen-thong-da-phuong-tien,C00,Điểm thi THPT,2025,15.0,Truyền thông đa phương tiện
76015,ETU,truyen-thong-da-phuong-tien,C01,Điểm thi THPT,2025,15.0,Truyền thông đa phương tiện
76016,ETU,truyen-thong-da-phuong-tien,C04,Điểm thi THPT,2025,15.0,Truyền thông đa phương tiện
76017,ETU,truyen-thong-da-phuong-tien,C14,Điểm thi THPT,2025,15.0,Truyền thông đa phương tiện
76018,ETU,truyen-thong-da-phuong-tien,D01,Điểm thi THPT,2025,15.0,Truyền thông đa phương tiện
76019,ETU,truyen-thong-da-phuong-tien,D14,Điểm thi THPT,2025,15.0,Truyền thông đa phương tiện
76020,ETU,y-hoc-co-truyen,A00,Điểm học bạ,2021,24.0,Y học cổ truyền
76021,ETU,y-hoc-co-truyen,B00,Điểm học bạ,2021,24.0,Y học cổ truyền
76022,ETU,y-hoc-co-truyen,D07,Điểm học bạ,2021,24.0,Y học cổ truyền
76023,ETU,y-hoc-co-truyen,D08,Điểm học bạ,2021,24.0,Y học cổ truyền
76024,ETU,y-hoc-co-truyen,A00,Điểm thi THPT,2021,21.05,Y học cổ truyền
76025,ETU,y-hoc-co-truyen,B00,Điểm thi THPT,2021,21.05,Y học cổ truyền
76026,ETU,y-hoc-co-truyen,D07,Điểm thi THPT,2021,21.05,Y học cổ truyền
76027,ETU,y-hoc-co-truyen,D08,Điểm thi THPT,2021,21.05,Y học cổ truyền
76028,ETU,y-hoc-co-truyen,A00,Điểm thi THPT,2022,21.0,Y học cổ truyền
76029,ETU,y-hoc-co-truyen,B00,Điểm thi THPT,2022,21.0,Y học cổ truyền
76030,ETU,y-hoc-co-truyen,D07,Điểm thi THPT,2022,21.0,Y học cổ truyền
76031,ETU,y-hoc-co-truyen,D08,Điểm thi THPT,2022,21.0,Y học cổ truyền
76032,ETU,y-hoc-co-truyen,A00,Điểm thi THPT,2023,21.0,Y học cổ truyền
76033,ETU,y-hoc-co-truyen,B00,Điểm thi THPT,2023,21.0,Y học cổ truyền
76034,ETU,y-hoc-co-truyen,D07,Điểm thi THPT,2023,21.0,Y học cổ truyền
76035,ETU,y-hoc-co-truyen,D08,Điểm thi THPT,2023,21.0,Y học cổ truyền
76036,ETU,y-hoc-co-truyen,A00,Điểm thi THPT,2024,21.0,Y học cổ truyền
76037,ETU,y-hoc-co-truyen,B00,Điểm thi THPT,2024,21.0,Y học cổ truyền
76038,ETU,y-hoc-co-truyen,D07,Điểm thi THPT,2024,21.0,Y học cổ truyền
76039,ETU,y-hoc-co-truyen,D08,Điểm thi THPT,2024,21.0,Y học cổ truyền
76040,ETU,y-hoc-co-truyen,A00,Điểm học bạ,2025,19.0,Y học Cổ truyền
76041,ETU,y-hoc-co-truyen,A02,Điểm học bạ,2025,19.0,Y học Cổ truyền
76042,ETU,y-hoc-co-truyen,B00,Điểm học bạ,2025,19.0,Y học Cổ truyền
76043,ETU,y-hoc-co-truyen,B03,Điểm học bạ,2025,19.0,Y học Cổ truyền
76044,ETU,y-hoc-co-truyen,B08,Điểm học bạ,2025,19.0,Y học Cổ truyền
76045,ETU,y-hoc-co-truyen,A00,Điểm thi THPT,2025,19.0,Y học Cổ truyền
76046,ETU,y-hoc-co-truyen,A02,Điểm thi THPT,2025,19.0,Y học Cổ truyền
76047,ETU,y-hoc-co-truyen,B00,Điểm thi THPT,2025,19.0,Y học Cổ truyền
76048,ETU,y-hoc-co-truyen,B03,Điểm thi THPT,2025,19.0,Y học Cổ truyền
76049,ETU,y-hoc-co-truyen,B08,Điểm thi THPT,2025,19.0,Y học Cổ truyền
76050,ETU,y-khoa,A00,Điểm thi THPT,2024,22.5,Y khoa
76051,ETU,y-khoa,B00,Điểm thi THPT,2024,22.5,Y khoa
76052,ETU,y-khoa,D07,Điểm thi THPT,2024,22.5,Y khoa
76053,ETU,y-khoa,D08,Điểm thi THPT,2024,22.5,Y khoa
76054,ETU,y-khoa,A00,Điểm học bạ,2025,20.5,Y khoa
76055,ETU,y-khoa,A02,Điểm học bạ,2025,20.5,Y khoa
76056,ETU,y-khoa,B00,Điểm học bạ,2025,20.5,Y khoa
76057,ETU,y-khoa,B03,Điểm học bạ,2025,20.5,Y khoa
76058,ETU,y-khoa,B08,Điểm học bạ,2025,20.5,Y khoa
76059,ETU,y-khoa,A00,Điểm thi THPT,2025,20.5,Y khoa
76060,ETU,y-khoa,A02,Điểm thi THPT,2025,20.5,Y khoa
76061,ETU,y-khoa,B00,Điểm thi THPT,2025,20.5,Y khoa
76062,ETU,y-khoa,B03,Điểm thi THPT,2025,20.5,Y khoa
76063,ETU,y-khoa,B08,Điểm thi THPT,2025,20.5,Y khoa
76064,FBU,cong-nghe-thong-tin,A00,Điểm thi THPT,2021,18.0,Công nghệ thông tin
76065,FBU,cong-nghe-thong-tin,A01,Điểm thi THPT,2021,18.0,Công nghệ thông tin
76066,FBU,cong-nghe-thong-tin,C04,Điểm thi THPT,2021,18.0,Công nghệ thông tin
76067,FBU,cong-nghe-thong-tin,D01,Điểm thi THPT,2021,18.0,Công nghệ thông tin
76068,FBU,cong-nghe-thong-tin,A00,Điểm học bạ,2022,23.5,Công nghệ thông tin
76069,FBU,cong-nghe-thong-tin,A01,Điểm học bạ,2022,23.5,Công nghệ thông tin
76070,FBU,cong-nghe-thong-tin,C04,Điểm học bạ,2022,23.5,Công nghệ thông tin
76071,FBU,cong-nghe-thong-tin,D01,Điểm học bạ,2022,23.5,Công nghệ thông tin
76072,FBU,cong-nghe-thong-tin,A00,Điểm thi THPT,2022,20.0,Công nghệ thông tin
76073,FBU,cong-nghe-thong-tin,A01,Điểm thi THPT,2022,20.0,Công nghệ thông tin
76074,FBU,cong-nghe-thong-tin,C04,Điểm thi THPT,2022,20.0,Công nghệ thông tin
76075,FBU,cong-nghe-thong-tin,D01,Điểm thi THPT,2022,20.0,Công nghệ thông tin
76076,FBU,cong-nghe-thong-tin,A00,Điểm thi THPT,2023,23.5,Công nghệ thông tin
76077,FBU,cong-nghe-thong-tin,A01,Điểm thi THPT,2023,23.5,Công nghệ thông tin
76078,FBU,cong-nghe-thong-tin,C04,Điểm thi THPT,2023,23.5,Công nghệ thông tin
76079,FBU,cong-nghe-thong-tin,D01,Điểm thi THPT,2023,23.5,Công nghệ thông tin
76080,FBU,cong-nghe-thong-tin,A00,Điểm thi THPT,2024,22.75,Công nghệ thông tin
76081,FBU,cong-nghe-thong-tin,A01,Điểm thi THPT,2024,22.75,Công nghệ thông tin
76082,FBU,cong-nghe-thong-tin,C04,Điểm thi THPT,2024,22.75,Công nghệ thông tin
76083,FBU,cong-nghe-thong-tin,D01,Điểm thi THPT,2024,22.75,Công nghệ thông tin
76084,FBU,cong-nghe-thong-tin,A00,Điểm học bạ,2025,17.0,Công nghệ thông tin
76085,FBU,cong-nghe-thong-tin,A01,Điểm học bạ,2025,17.0,Công nghệ thông tin
76086,FBU,cong-nghe-thong-tin,C04,Điểm học bạ,2025,17.0,Công nghệ thông tin
76087,FBU,cong-nghe-thong-tin,D01,Điểm học bạ,2025,17.0,Công nghệ thông tin
76088,FBU,cong-nghe-thong-tin,X01,Điểm học bạ,2025,17.0,Công nghệ thông tin
76089,FBU,cong-nghe-thong-tin,X02,Điểm học bạ,2025,17.0,Công nghệ thông tin
76090,FBU,cong-nghe-thong-tin,A00,Điểm thi THPT,2025,17.0,Công nghệ thông tin
76091,FBU,cong-nghe-thong-tin,A01,Điểm thi THPT,2025,17.0,Công nghệ thông tin
76092,FBU,cong-nghe-thong-tin,C04,Điểm thi THPT,2025,17.0,Công nghệ thông tin
76093,FBU,cong-nghe-thong-tin,D01,Điểm thi THPT,2025,17.0,Công nghệ thông tin
76094,FBU,cong-nghe-thong-tin,X01,Điểm thi THPT,2025,17.0,Công nghệ thông tin
76095,FBU,cong-nghe-thong-tin,X02,Điểm thi THPT,2025,17.0,Công nghệ thông tin
76096,FBU,ke-toan,A00,Điểm học bạ,2022,23.5,Kế toán
76097,FBU,ke-toan,A01,Điểm học bạ,2022,23.5,Kế toán
76098,FBU,ke-toan,C04,Điểm học bạ,2022,23.5,Kế toán
76099,FBU,ke-toan,D01,Điểm học bạ,2022,23.5,Kế toán
76100,FBU,ke-toan,A00,Điểm thi THPT,2022,20.0,Kế toán
76101,FBU,ke-toan,A01,Điểm thi THPT,2022,20.0,Kế toán
76102,FBU,ke-toan,C04,Điểm thi THPT,2022,20.0,Kế toán
76103,FBU,ke-toan,D01,Điểm thi THPT,2022,20.0,Kế toán
76104,FBU,ke-toan,A00,Điểm thi THPT,2023,22.5,Kế toán
76105,FBU,ke-toan,A01,Điểm thi THPT,2023,22.5,Kế toán
76106,FBU,ke-toan,C04,Điểm thi THPT,2023,22.5,Kế toán
76107,FBU,ke-toan,D01,Điểm thi THPT,2023,22.5,Kế toán
76108,FBU,ke-toan,A00,Điểm thi THPT,2024,23.75,Kế toán
76109,FBU,ke-toan,A01,Điểm thi THPT,2024,23.75,Kế toán
76110,FBU,ke-toan,C04,Điểm thi THPT,2024,23.75,Kế toán
76111,FBU,ke-toan,D01,Điểm thi THPT,2024,23.75,Kế toán
76112,FBU,ke-toan,A00,Điểm học bạ,2025,23.0,Kế toán
76113,FBU,ke-toan,A01,Điểm học bạ,2025,23.0,Kế toán
76114,FBU,ke-toan,C04,Điểm học bạ,2025,23.0,Kế toán
76115,FBU,ke-toan,D01,Điểm học bạ,2025,23.0,Kế toán
76116,FBU,ke-toan,X01,Điểm học bạ,2025,23.0,Kế toán
76117,FBU,ke-toan,X02,Điểm học bạ,2025,23.0,Kế toán
76118,FBU,ke-toan,A00,Điểm thi THPT,2025,23.0,Kế toán
76119,FBU,ke-toan,A01,Điểm thi THPT,2025,23.0,Kế toán
76120,FBU,ke-toan,C04,Điểm thi THPT,2025,23.0,Kế toán
76121,FBU,ke-toan,D01,Điểm thi THPT,2025,23.0,Kế toán
76122,FBU,ke-toan,X01,Điểm thi THPT,2025,23.0,Kế toán
76123,FBU,ke-toan,X02,Điểm thi THPT,2025,23.0,Kế toán
76124,FBU,ke-toan-tai-chinh,A00,Điểm thi THPT,2021,18.0,Kế toán tài chính
76125,FBU,ke-toan-tai-chinh,A01,Điểm thi THPT,2021,18.0,Kế toán tài chính
76126,FBU,ke-toan-tai-chinh,C04,Điểm thi THPT,2021,18.0,Kế toán tài chính
76127,FBU,ke-toan-tai-chinh,D01,Điểm thi THPT,2021,18.0,Kế toán tài chính
76128,FBU,kiem-toan,A00,Điểm thi THPT,2021,18.0,Kiểm toán
76129,FBU,kiem-toan,A01,Điểm thi THPT,2021,18.0,Kiểm toán
76130,FBU,kiem-toan,C04,Điểm thi THPT,2021,18.0,Kiểm toán
76131,FBU,kiem-toan,D01,Điểm thi THPT,2021,18.0,Kiểm toán
76132,FBU,kiem-toan,A00,Điểm học bạ,2022,23.5,Kiểm toán
76133,FBU,kiem-toan,A01,Điểm học bạ,2022,23.5,Kiểm toán
76134,FBU,kiem-toan,C04,Điểm học bạ,2022,23.5,Kiểm toán
76135,FBU,kiem-toan,D01,Điểm học bạ,2022,23.5,Kiểm toán
76136,FBU,kiem-toan,A00,Điểm thi THPT,2022,20.0,Kiểm toán
76137,FBU,kiem-toan,A01,Điểm thi THPT,2022,20.0,Kiểm toán
76138,FBU,kiem-toan,C04,Điểm thi THPT,2022,20.0,Kiểm toán
76139,FBU,kiem-toan,D01,Điểm thi THPT,2022,20.0,Kiểm toán
76140,FBU,kiem-toan,A00,Điểm thi THPT,2023,22.5,Kiểm toán
76141,FBU,kiem-toan,A01,Điểm thi THPT,2023,22.5,Kiểm toán
76142,FBU,kiem-toan,C04,Điểm thi THPT,2023,22.5,Kiểm toán
76143,FBU,kiem-toan,D01,Điểm thi THPT,2023,22.5,Kiểm toán
76144,FBU,kiem-toan,A00,Điểm thi THPT,2024,23.75,Kiểm toán
76145,FBU,kiem-toan,A01,Điểm thi THPT,2024,23.75,Kiểm toán
76146,FBU,kiem-toan,C04,Điểm thi THPT,2024,23.75,Kiểm toán
76147,FBU,kiem-toan,D01,Điểm thi THPT,2024,23.75,Kiểm toán
76148,FBU,kiem-toan,A00,Điểm học bạ,2025,17.0,Kiểm toán
76149,FBU,kiem-toan,A01,Điểm học bạ,2025,17.0,Kiểm toán
76150,FBU,kiem-toan,C04,Điểm học bạ,2025,17.0,Kiểm toán
76151,FBU,kiem-toan,D01,Điểm học bạ,2025,17.0,Kiểm toán
76152,FBU,kiem-toan,X01,Điểm học bạ,2025,17.0,Kiểm toán
76153,FBU,kiem-toan,X02,Điểm học bạ,2025,17.0,Kiểm toán
76154,FBU,kiem-toan,A00,Điểm thi THPT,2025,17.0,Kiểm toán
76155,FBU,kiem-toan,A01,Điểm thi THPT,2025,17.0,Kiểm toán
76156,FBU,kiem-toan,C04,Điểm thi THPT,2025,17.0,Kiểm toán
76157,FBU,kiem-toan,D01,Điểm thi THPT,2025,17.0,Kiểm toán
76158,FBU,kiem-toan,X01,Điểm thi THPT,2025,17.0,Kiểm toán
76159,FBU,kiem-toan,X02,Điểm thi THPT,2025,17.0,Kiểm toán
76160,FBU,kinh-doanh-quoc-te,A01,Điểm học bạ,2025,18.5,Kinh doanh quốc tế
76161,FBU,kinh-doanh-quoc-te,D01,Điểm học bạ,2025,18.5,Kinh doanh quốc tế
76162,FBU,kinh-doanh-quoc-te,D07,Điểm học bạ,2025,18.5,Kinh doanh quốc tế
76163,FBU,kinh-doanh-quoc-te,D09,Điểm học bạ,2025,18.5,Kinh doanh quốc tế
76164,FBU,kinh-doanh-quoc-te,D10,Điểm học bạ,2025,18.5,Kinh doanh quốc tế
76165,FBU,kinh-doanh-quoc-te,X25,Điểm học bạ,2025,18.5,Kinh doanh quốc tế
76166,FBU,kinh-doanh-quoc-te,A01,Điểm thi THPT,2025,18.5,Kinh doanh quốc tế
76167,FBU,kinh-doanh-quoc-te,D01,Điểm thi THPT,2025,18.5,Kinh doanh quốc tế
76168,FBU,kinh-doanh-quoc-te,D07,Điểm thi THPT,2025,18.5,Kinh doanh quốc tế
76169,FBU,kinh-doanh-quoc-te,D09,Điểm thi THPT,2025,18.5,Kinh doanh quốc tế
76170,FBU,kinh-doanh-quoc-te,D10,Điểm thi THPT,2025,18.5,Kinh doanh quốc tế
76171,FBU,kinh-doanh-quoc-te,X25,Điểm thi THPT,2025,18.5,Kinh doanh quốc tế
76172,FBU,kinh-doanh-thuong-mai,A00,Điểm thi THPT,2021,18.0,Kinh doanh thương mại
76173,FBU,kinh-doanh-thuong-mai,A01,Điểm thi THPT,2021,18.0,Kinh doanh thương mại
76174,FBU,kinh-doanh-thuong-mai,C04,Điểm thi THPT,2021,18.0,Kinh doanh thương mại
76175,FBU,kinh-doanh-thuong-mai,D01,Điểm thi THPT,2021,18.0,Kinh doanh thương mại
76176,FBU,kinh-doanh-thuong-mai,A00,Điểm học bạ,2022,23.5,Kinh doanh thương mại
76177,FBU,kinh-doanh-thuong-mai,A01,Điểm học bạ,2022,23.5,Kinh doanh thương mại
76178,FBU,kinh-doanh-thuong-mai,C04,Điểm học bạ,2022,23.5,Kinh doanh thương mại
76179,FBU,kinh-doanh-thuong-mai,D01,Điểm học bạ,2022,23.5,Kinh doanh thương mại
76180,FBU,kinh-doanh-thuong-mai,A00,Điểm thi THPT,2022,20.0,Kinh doanh thương mại
76181,FBU,kinh-doanh-thuong-mai,A01,Điểm thi THPT,2022,20.0,Kinh doanh thương mại
76182,FBU,kinh-doanh-thuong-mai,C04,Điểm thi THPT,2022,20.0,Kinh doanh thương mại
76183,FBU,kinh-doanh-thuong-mai,D01,Điểm thi THPT,2022,20.0,Kinh doanh thương mại
76184,FBU,kinh-doanh-thuong-mai,A00,Điểm thi THPT,2023,23.5,Kinh doanh thương mại
76185,FBU,kinh-doanh-thuong-mai,A01,Điểm thi THPT,2023,23.5,Kinh doanh thương mại
76186,FBU,kinh-doanh-thuong-mai,C04,Điểm thi THPT,2023,23.5,Kinh doanh thương mại
76187,FBU,kinh-doanh-thuong-mai,D01,Điểm thi THPT,2023,23.5,Kinh doanh thương mại
76188,FBU,kinh-doanh-thuong-mai,A00,Điểm thi THPT,2024,24.5,Kinh doanh thương mại
76189,FBU,kinh-doanh-thuong-mai,A01,Điểm thi THPT,2024,24.5,Kinh doanh thương mại
76190,FBU,kinh-doanh-thuong-mai,C04,Điểm thi THPT,2024,24.5,Kinh doanh thương mại
76191,FBU,kinh-doanh-thuong-mai,D01,Điểm thi THPT,2024,24.5,Kinh doanh thương mại
76192,FBU,kinh-doanh-thuong-mai,A00,Điểm học bạ,2025,23.0,Kinh doanh thương mại
76193,FBU,kinh-doanh-thuong-mai,A01,Điểm học bạ,2025,23.0,Kinh doanh thương mại
76194,FBU,kinh-doanh-thuong-mai,C04,Điểm học bạ,2025,23.0,Kinh doanh thương mại
76195,FBU,kinh-doanh-thuong-mai,D01,Điểm học bạ,2025,23.0,Kinh doanh thương mại
76196,FBU,kinh-doanh-thuong-mai,X01,Điểm học bạ,2025,23.0,Kinh doanh thương mại
76197,FBU,kinh-doanh-thuong-mai,X02,Điểm học bạ,2025,23.0,Kinh doanh thương mại
76198,FBU,kinh-doanh-thuong-mai,A00,Điểm thi THPT,2025,23.0,Kinh doanh thương mại
76199,FBU,kinh-doanh-thuong-mai,A01,Điểm thi THPT,2025,23.0,Kinh doanh thương mại
76200,FBU,kinh-doanh-thuong-mai,C04,Điểm thi THPT,2025,23.0,Kinh doanh thương mại
76201,FBU,kinh-doanh-thuong-mai,D01,Điểm thi THPT,2025,23.0,Kinh doanh thương mại
76202,FBU,kinh-doanh-thuong-mai,X01,Điểm thi THPT,2025,23.0,Kinh doanh thương mại
76203,FBU,kinh-doanh-thuong-mai,X02,Điểm thi THPT,2025,23.0,Kinh doanh thương mại
76204,FBU,luat-kinh-te,A00,Điểm thi THPT,2021,18.0,Luật kinh tế
76205,FBU,luat-kinh-te,A01,Điểm thi THPT,2021,18.0,Luật kinh tế
76206,FBU,luat-kinh-te,C04,Điểm thi THPT,2021,18.0,Luật kinh tế
76207,FBU,luat-kinh-te,D01,Điểm thi THPT,2021,18.0,Luật kinh tế
76208,FBU,luat-kinh-te,A00,Điểm học bạ,2022,23.5,Luật kinh tế
76209,FBU,luat-kinh-te,A01,Điểm học bạ,2022,23.5,Luật kinh tế
76210,FBU,luat-kinh-te,C04,Điểm học bạ,2022,23.5,Luật kinh tế
76211,FBU,luat-kinh-te,D01,Điểm học bạ,2022,23.5,Luật kinh tế
76212,FBU,luat-kinh-te,A00,Điểm thi THPT,2022,20.0,Luật kinh tế
76213,FBU,luat-kinh-te,A01,Điểm thi THPT,2022,20.0,Luật kinh tế
76214,FBU,luat-kinh-te,C04,Điểm thi THPT,2022,20.0,Luật kinh tế
76215,FBU,luat-kinh-te,D01,Điểm thi THPT,2022,20.0,Luật kinh tế
76216,FBU,luat-kinh-te,A00,Điểm thi THPT,2023,22.5,Luật kinh tế
76217,FBU,luat-kinh-te,A01,Điểm thi THPT,2023,22.5,Luật kinh tế
76218,FBU,luat-kinh-te,C04,Điểm thi THPT,2023,22.5,Luật kinh tế
76219,FBU,luat-kinh-te,D01,Điểm thi THPT,2023,22.5,Luật kinh tế
76220,FBU,luat-kinh-te,A00,Điểm thi THPT,2024,24.0,Luật kinh tế
76221,FBU,luat-kinh-te,A01,Điểm thi THPT,2024,24.0,Luật kinh tế
76222,FBU,luat-kinh-te,C04,Điểm thi THPT,2024,24.0,Luật kinh tế
76223,FBU,luat-kinh-te,D01,Điểm thi THPT,2024,24.0,Luật kinh tế
76224,FBU,luat-kinh-te,A00,Điểm học bạ,2025,21.5,Luật kinh tế
76225,FBU,luat-kinh-te,A01,Điểm học bạ,2025,21.5,Luật kinh tế
76226,FBU,luat-kinh-te,C04,Điểm học bạ,2025,21.5,Luật kinh tế
76227,FBU,luat-kinh-te,D01,Điểm học bạ,2025,21.5,Luật kinh tế
76228,FBU,luat-kinh-te,X01,Điểm học bạ,2025,21.5,Luật kinh tế
76229,FBU,luat-kinh-te,X02,Điểm học bạ,2025,21.5,Luật kinh tế
76230,FBU,luat-kinh-te,A00,Điểm thi THPT,2025,21.5,Luật kinh tế
76231,FBU,luat-kinh-te,A01,Điểm thi THPT,2025,21.5,Luật kinh tế
76232,FBU,luat-kinh-te,C04,Điểm thi THPT,2025,21.5,Luật kinh tế
76233,FBU,luat-kinh-te,D01,Điểm thi THPT,2025,21.5,Luật kinh tế
76234,FBU,luat-kinh-te,X01,Điểm thi THPT,2025,21.5,Luật kinh tế
76235,FBU,luat-kinh-te,X02,Điểm thi THPT,2025,21.5,Luật kinh tế
76236,FBU,ngon-ngu-anh,A01,Điểm thi THPT,2021,18.0,Ngôn ngữ Anh
76237,FBU,ngon-ngu-anh,D01,Điểm thi THPT,2021,18.0,Ngôn ngữ Anh
76238,FBU,ngon-ngu-anh,A01,Điểm học bạ,2022,23.5,Ngôn ngữ Anh
76239,FBU,ngon-ngu-anh,D01,Điểm học bạ,2022,23.5,Ngôn ngữ Anh
76240,FBU,ngon-ngu-anh,A01,Điểm thi THPT,2022,20.0,Ngôn ngữ Anh
76241,FBU,ngon-ngu-anh,D01,Điểm thi THPT,2022,20.0,Ngôn ngữ Anh
76242,FBU,ngon-ngu-anh,A01,Điểm thi THPT,2023,22.5,Ngôn ngữ Anh
76243,FBU,ngon-ngu-anh,D01,Điểm thi THPT,2023,22.5,Ngôn ngữ Anh
76244,FBU,ngon-ngu-anh,A01,Điểm thi THPT,2024,23.0,Ngôn ngữ Anh
76245,FBU,ngon-ngu-anh,D01,Điểm thi THPT,2024,23.0,Ngôn ngữ Anh
76246,FBU,ngon-ngu-anh,A01,Điểm học bạ,2025,18.5,Ngôn ngữ Anh
76247,FBU,ngon-ngu-anh,D01,Điểm học bạ,2025,18.5,Ngôn ngữ Anh
76248,FBU,ngon-ngu-anh,D10,Điểm học bạ,2025,18.5,Ngôn ngữ Anh
76249,FBU,ngon-ngu-anh,X25,Điểm học bạ,2025,18.5,Ngôn ngữ Anh
76250,FBU,ngon-ngu-anh,A01,Điểm thi THPT,2025,18.5,Ngôn ngữ Anh
76251,FBU,ngon-ngu-anh,D01,Điểm thi THPT,2025,18.5,Ngôn ngữ Anh
76252,FBU,ngon-ngu-anh,D10,Điểm thi THPT,2025,18.5,Ngôn ngữ Anh
76253,FBU,ngon-ngu-anh,X25,Điểm thi THPT,2025,18.5,Ngôn ngữ Anh
76254,FBU,ngon-ngu-tieng-trung,A01,Điểm thi THPT,2024,24.75,Ngôn ngữ Tiếng Trung
76255,FBU,ngon-ngu-tieng-trung,C00,Điểm thi THPT,2024,24.75,Ngôn ngữ Tiếng Trung
76256,FBU,ngon-ngu-tieng-trung,D01,Điểm thi THPT,2024,24.75,Ngôn ngữ Tiếng Trung
76257,FBU,ngon-ngu-tieng-trung,D04,Điểm thi THPT,2024,24.75,Ngôn ngữ Tiếng Trung
76258,FBU,ngon-ngu-tieng-trung,C00,Điểm học bạ,2025,24.25,Ngôn ngữ Tiếng Trung
76259,FBU,ngon-ngu-tieng-trung,C04,Điểm học bạ,2025,24.25,Ngôn ngữ Tiếng Trung
76260,FBU,ngon-ngu-tieng-trung,D01,Điểm học bạ,2025,24.25,Ngôn ngữ Tiếng Trung
76261,FBU,ngon-ngu-tieng-trung,D04,Điểm học bạ,2025,24.25,Ngôn ngữ Tiếng Trung
76262,FBU,ngon-ngu-tieng-trung,C00,Điểm thi THPT,2025,24.25,Ngôn ngữ Tiếng Trung
76263,FBU,ngon-ngu-tieng-trung,C04,Điểm thi THPT,2025,24.25,Ngôn ngữ Tiếng Trung
76264,FBU,ngon-ngu-tieng-trung,D01,Điểm thi THPT,2025,24.25,Ngôn ngữ Tiếng Trung
76265,FBU,ngon-ngu-tieng-trung,D04,Điểm thi THPT,2025,24.25,Ngôn ngữ Tiếng Trung
76266,FBU,quan-tri-kinh-doanh,A00,Điểm thi THPT,2021,18.0,Quản trị kinh doanh
76267,FBU,quan-tri-kinh-doanh,A01,Điểm thi THPT,2021,18.0,Quản trị kinh doanh
76268,FBU,quan-tri-kinh-doanh,C04,Điểm thi THPT,2021,18.0,Quản trị kinh doanh
76269,FBU,quan-tri-kinh-doanh,D01,Điểm thi THPT,2021,18.0,Quản trị kinh doanh
76270,FBU,quan-tri-kinh-doanh,A00,Điểm học bạ,2022,23.5,Quản trị kinh doanh
76271,FBU,quan-tri-kinh-doanh,A01,Điểm học bạ,2022,23.5,Quản trị kinh doanh
76272,FBU,quan-tri-kinh-doanh,C04,Điểm học bạ,2022,23.5,Quản trị kinh doanh
76273,FBU,quan-tri-kinh-doanh,D01,Điểm học bạ,2022,23.5,Quản trị kinh doanh
76274,FBU,quan-tri-kinh-doanh,A00,Điểm thi THPT,2022,20.0,Quản trị kinh doanh
76275,FBU,quan-tri-kinh-doanh,A01,Điểm thi THPT,2022,20.0,Quản trị kinh doanh
76276,FBU,quan-tri-kinh-doanh,C04,Điểm thi THPT,2022,20.0,Quản trị kinh doanh
76277,FBU,quan-tri-kinh-doanh,D01,Điểm thi THPT,2022,20.0,Quản trị kinh doanh
76278,FBU,quan-tri-kinh-doanh,A00,Điểm thi THPT,2023,22.5,Quản trị kinh doanh
76279,FBU,quan-tri-kinh-doanh,A01,Điểm thi THPT,2023,22.5,Quản trị kinh doanh
76280,FBU,quan-tri-kinh-doanh,C04,Điểm thi THPT,2023,22.5,Quản trị kinh doanh
76281,FBU,quan-tri-kinh-doanh,D01,Điểm thi THPT,2023,22.5,Quản trị kinh doanh
76282,FBU,quan-tri-kinh-doanh,A00,Điểm thi THPT,2024,23.25,Quản trị kinh doanh
76283,FBU,quan-tri-kinh-doanh,A01,Điểm thi THPT,2024,23.25,Quản trị kinh doanh
76284,FBU,quan-tri-kinh-doanh,C04,Điểm thi THPT,2024,23.25,Quản trị kinh doanh
76285,FBU,quan-tri-kinh-doanh,D01,Điểm thi THPT,2024,23.25,Quản trị kinh doanh
76286,FBU,quan-tri-kinh-doanh,A00,Điểm học bạ,2025,23.0,Quản trị kinh doanh
76287,FBU,quan-tri-kinh-doanh,A01,Điểm học bạ,2025,23.0,Quản trị kinh doanh
76288,FBU,quan-tri-kinh-doanh,C04,Điểm học bạ,2025,23.0,Quản trị kinh doanh
76289,FBU,quan-tri-kinh-doanh,D01,Điểm học bạ,2025,23.0,Quản trị kinh doanh
76290,FBU,quan-tri-kinh-doanh,X01,Điểm học bạ,2025,23.0,Quản trị kinh doanh
76291,FBU,quan-tri-kinh-doanh,X02,Điểm học bạ,2025,23.0,Quản trị kinh doanh
76292,FBU,quan-tri-kinh-doanh,A00,Điểm thi THPT,2025,23.0,Quản trị kinh doanh
76293,FBU,quan-tri-kinh-doanh,A01,Điểm thi THPT,2025,23.0,Quản trị kinh doanh
76294,FBU,quan-tri-kinh-doanh,C04,Điểm thi THPT,2025,23.0,Quản trị kinh doanh
76295,FBU,quan-tri-kinh-doanh,D01,Điểm thi THPT,2025,23.0,Quản trị kinh doanh
76296,FBU,quan-tri-kinh-doanh,X01,Điểm thi THPT,2025,23.0,Quản trị kinh doanh
76297,FBU,quan-tri-kinh-doanh,X02,Điểm thi THPT,2025,23.0,Quản trị kinh doanh
76298,FBU,tai-chinh-ngan-hang,A00,Điểm thi THPT,2021,18.0,Tài chính - Ngân hàng
76299,FBU,tai-chinh-ngan-hang,A01,Điểm thi THPT,2021,18.0,Tài chính - Ngân hàng
76300,FBU,tai-chinh-ngan-hang,C04,Điểm thi THPT,2021,18.0,Tài chính - Ngân hàng
76301,FBU,tai-chinh-ngan-hang,D01,Điểm thi THPT,2021,18.0,Tài chính - Ngân hàng
76302,FBU,tai-chinh-ngan-hang,A00,Điểm học bạ,2022,23.5,Tài chính-Ngân hàng
76303,FBU,tai-chinh-ngan-hang,A01,Điểm học bạ,2022,23.5,Tài chính-Ngân hàng
76304,FBU,tai-chinh-ngan-hang,C04,Điểm học bạ,2022,23.5,Tài chính-Ngân hàng
76305,FBU,tai-chinh-ngan-hang,D01,Điểm học bạ,2022,23.5,Tài chính-Ngân hàng
76306,FBU,tai-chinh-ngan-hang,A00,Điểm thi THPT,2022,20.0,Tài chính-Ngân hàng
76307,FBU,tai-chinh-ngan-hang,A01,Điểm thi THPT,2022,20.0,Tài chính-Ngân hàng
76308,FBU,tai-chinh-ngan-hang,C04,Điểm thi THPT,2022,20.0,Tài chính-Ngân hàng
76309,FBU,tai-chinh-ngan-hang,D01,Điểm thi THPT,2022,20.0,Tài chính-Ngân hàng
76310,FBU,tai-chinh-ngan-hang,A00,Điểm thi THPT,2023,22.5,Tài chính ngân hàng
76311,FBU,tai-chinh-ngan-hang,A01,Điểm thi THPT,2023,22.5,Tài chính ngân hàng
76312,FBU,tai-chinh-ngan-hang,C04,Điểm thi THPT,2023,22.5,Tài chính ngân hàng
76313,FBU,tai-chinh-ngan-hang,D01,Điểm thi THPT,2023,22.5,Tài chính ngân hàng
76314,FBU,tai-chinh-ngan-hang,A00,Điểm thi THPT,2024,23.75,Tài chính - Ngân hàng
76315,FBU,tai-chinh-ngan-hang,A01,Điểm thi THPT,2024,23.75,Tài chính - Ngân hàng
76316,FBU,tai-chinh-ngan-hang,C04,Điểm thi THPT,2024,23.75,Tài chính - Ngân hàng
76317,FBU,tai-chinh-ngan-hang,D01,Điểm thi THPT,2024,23.75,Tài chính - Ngân hàng
76318,FBU,tai-chinh-ngan-hang,A00,Điểm học bạ,2025,22.0,Tài chính - Ngân hàng
76319,FBU,tai-chinh-ngan-hang,A01,Điểm học bạ,2025,22.0,Tài chính - Ngân hàng
76320,FBU,tai-chinh-ngan-hang,C04,Điểm học bạ,2025,22.0,Tài chính - Ngân hàng
76321,FBU,tai-chinh-ngan-hang,D01,Điểm học bạ,2025,22.0,Tài chính - Ngân hàng
76322,FBU,tai-chinh-ngan-hang,X01,Điểm học bạ,2025,22.0,Tài chính - Ngân hàng
76323,FBU,tai-chinh-ngan-hang,X02,Điểm học bạ,2025,22.0,Tài chính - Ngân hàng
76324,FBU,tai-chinh-ngan-hang,A00,Điểm thi THPT,2025,22.0,Tài chính - Ngân hàng
76325,FBU,tai-chinh-ngan-hang,A01,Điểm thi THPT,2025,22.0,Tài chính - Ngân hàng
76326,FBU,tai-chinh-ngan-hang,C04,Điểm thi THPT,2025,22.0,Tài chính - Ngân hàng
76327,FBU,tai-chinh-ngan-hang,D01,Điểm thi THPT,2025,22.0,Tài chính - Ngân hàng
76328,FBU,tai-chinh-ngan-hang,X01,Điểm thi THPT,2025,22.0,Tài chính - Ngân hàng
76329,FBU,tai-chinh-ngan-hang,X02,Điểm thi THPT,2025,22.0,Tài chính - Ngân hàng
76330,FPT,cong-nghe-thong-tin,C01,Điểm thi THPT,2024,21.0,Công nghệ thông tin
76331,FPT,cong-nghe-thong-tin,C02,Điểm thi THPT,2024,21.0,Công nghệ thông tin
76332,FPT,cong-nghe-thong-tin,C03,Điểm thi THPT,2024,21.0,Công nghệ thông tin
76333,FPT,cong-nghe-thong-tin,C04,Điểm thi THPT,2024,21.0,Công nghệ thông tin
76334,FPT,cong-nghe-truyen-thong,C01,Điểm thi THPT,2024,21.0,Công nghệ truyền thông
76335,FPT,cong-nghe-truyen-thong,C02,Điểm thi THPT,2024,21.0,Công nghệ truyền thông
76336,FPT,cong-nghe-truyen-thong,C03,Điểm thi THPT,2024,21.0,Công nghệ truyền thông
76337,FPT,cong-nghe-truyen-thong,C04,Điểm thi THPT,2024,21.0,Công nghệ truyền thông
76338,FPT,ngon-ngu-anh,C01,Điểm thi THPT,2024,21.0,Ngôn ngữ Anh
76339,FPT,ngon-ngu-anh,C02,Điểm thi THPT,2024,21.0,Ngôn ngữ Anh
76340,FPT,ngon-ngu-anh,C03,Điểm thi THPT,2024,21.0,Ngôn ngữ Anh
76341,FPT,ngon-ngu-anh,C04,Điểm thi THPT,2024,21.0,Ngôn ngữ Anh
76342,FPT,ngon-ngu-han-quoc,C01,Điểm thi THPT,2024,21.0,Ngôn ngữ Hàn Quốc
76343,FPT,ngon-ngu-han-quoc,C02,Điểm thi THPT,2024,21.0,Ngôn ngữ Hàn Quốc
76344,FPT,ngon-ngu-han-quoc,C03,Điểm thi THPT,2024,21.0,Ngôn ngữ Hàn Quốc
76345,FPT,ngon-ngu-han-quoc,C04,Điểm thi THPT,2024,21.0,Ngôn ngữ Hàn Quốc
76346,FPT,ngon-ngu-nhat,C01,Điểm thi THPT,2024,21.0,Ngôn ngữ Nhật
76347,FPT,ngon-ngu-nhat,C02,Điểm thi THPT,2024,21.0,Ngôn ngữ Nhật
76348,FPT,ngon-ngu-nhat,C03,Điểm thi THPT,2024,21.0,Ngôn ngữ Nhật
76349,FPT,ngon-ngu-nhat,C04,Điểm thi THPT,2024,21.0,Ngôn ngữ Nhật
76350,FPT,ngon-ngu-trung-quoc,C01,Điểm thi THPT,2024,21.0,Ngôn ngữ Trung Quốc
76351,FPT,ngon-ngu-trung-quoc,C02,Điểm thi THPT,2024,21.0,Ngôn ngữ Trung Quốc
76352,FPT,ngon-ngu-trung-quoc,C03,Điểm thi THPT,2024,21.0,Ngôn ngữ Trung Quốc
76353,FPT,ngon-ngu-trung-quoc,C04,Điểm thi THPT,2024,21.0,Ngôn ngữ Trung Quốc
76354,FPT,quan-tri-kinh-doanh,C01,Điểm thi THPT,2024,21.0,Quản trị kinh doanh
76355,FPT,quan-tri-kinh-doanh,C02,Điểm thi THPT,2024,21.0,Quản trị kinh doanh
76356,FPT,quan-tri-kinh-doanh,C03,Điểm thi THPT,2024,21.0,Quản trị kinh doanh
76357,FPT,quan-tri-kinh-doanh,C04,Điểm thi THPT,2024,21.0,Quản trị kinh doanh
76358,GDU,cong-nghe-tai-chinh,A01,Điểm thi THPT,2024,15.0,Công nghệ tài chính
76359,GDU,cong-nghe-tai-chinh,C00,Điểm thi THPT,2024,15.0,Công nghệ tài chính
76360,GDU,cong-nghe-tai-chinh,D01,Điểm thi THPT,2024,15.0,Công nghệ tài chính
76361,GDU,cong-nghe-tai-chinh,A00,Điểm học bạ,2025,16.0,Công nghệ tài chính
76362,GDU,cong-nghe-tai-chinh,A01,Điểm học bạ,2025,16.0,Công nghệ tài chính
76363,GDU,cong-nghe-tai-chinh,C00,Điểm học bạ,2025,16.0,Công nghệ tài chính
76364,GDU,cong-nghe-tai-chinh,C01,Điểm học bạ,2025,16.0,Công nghệ tài chính
76365,GDU,cong-nghe-tai-chinh,C03,Điểm học bạ,2025,16.0,Công nghệ tài chính
76366,GDU,cong-nghe-tai-chinh,C14,Điểm học bạ,2025,16.0,Công nghệ tài chính
76367,GDU,cong-nghe-tai-chinh,D01,Điểm học bạ,2025,16.0,Công nghệ tài chính
76368,GDU,cong-nghe-tai-chinh,X26,Điểm học bạ,2025,16.0,Công nghệ tài chính
76369,GDU,cong-nghe-tai-chinh,A00,Điểm thi THPT,2025,15.0,Công nghệ tài chính
76370,GDU,cong-nghe-tai-chinh,A01,Điểm thi THPT,2025,15.0,Công nghệ tài chính
76371,GDU,cong-nghe-tai-chinh,C00,Điểm thi THPT,2025,15.0,Công nghệ tài chính
76372,GDU,cong-nghe-tai-chinh,C01,Điểm thi THPT,2025,15.0,Công nghệ tài chính
76373,GDU,cong-nghe-tai-chinh,C03,Điểm thi THPT,2025,15.0,Công nghệ tài chính
76374,GDU,cong-nghe-tai-chinh,C14,Điểm thi THPT,2025,15.0,Công nghệ tài chính
76375,GDU,cong-nghe-tai-chinh,D01,Điểm thi THPT,2025,15.0,Công nghệ tài chính
76376,GDU,cong-nghe-tai-chinh,X26,Điểm thi THPT,2025,15.0,Công nghệ tài chính
76377,GDU,cong-nghe-thong-tin,A00,Điểm học bạ,2021,5.5,Công nghệ thông tin
76378,GDU,cong-nghe-thong-tin,A01,Điểm học bạ,2021,5.5,Công nghệ thông tin
76379,GDU,cong-nghe-thong-tin,C01,Điểm học bạ,2021,5.5,Công nghệ thông tin
76380,GDU,cong-nghe-thong-tin,D01,Điểm học bạ,2021,5.5,Công nghệ thông tin
76381,GDU,cong-nghe-thong-tin,A00,Điểm thi THPT,2021,16.0,Công nghệ thông tin
76382,GDU,cong-nghe-thong-tin,A01,Điểm thi THPT,2021,16.0,Công nghệ thông tin
76383,GDU,cong-nghe-thong-tin,C01,Điểm thi THPT,2021,16.0,Công nghệ thông tin
76384,GDU,cong-nghe-thong-tin,D01,Điểm thi THPT,2021,16.0,Công nghệ thông tin
76385,GDU,cong-nghe-thong-tin,A00,Điểm học bạ,2022,18.0,Công nghệ thông tin
76386,GDU,cong-nghe-thong-tin,A01,Điểm học bạ,2022,18.0,Công nghệ thông tin
76387,GDU,cong-nghe-thong-tin,C01,Điểm học bạ,2022,18.0,Công nghệ thông tin
76388,GDU,cong-nghe-thong-tin,D01,Điểm học bạ,2022,18.0,Công nghệ thông tin
76389,GDU,cong-nghe-thong-tin,A00,Điểm thi THPT,2022,15.5,Công nghệ thông tin
76390,GDU,cong-nghe-thong-tin,A01,Điểm thi THPT,2022,15.5,Công nghệ thông tin
76391,GDU,cong-nghe-thong-tin,C01,Điểm thi THPT,2022,15.5,Công nghệ thông tin
76392,GDU,cong-nghe-thong-tin,D01,Điểm thi THPT,2022,15.5,Công nghệ thông tin
76393,GDU,cong-nghe-thong-tin,A00,Điểm học bạ,2023,16.5,Công nghệ thông tin
76394,GDU,cong-nghe-thong-tin,A01,Điểm học bạ,2023,16.5,Công nghệ thông tin
76395,GDU,cong-nghe-thong-tin,C00,Điểm học bạ,2023,18.0,Công nghệ thông tin
76396,GDU,cong-nghe-thong-tin,C01,Điểm học bạ,2023,16.5,Công nghệ thông tin
76397,GDU,cong-nghe-thong-tin,D01,Điểm học bạ,2023,16.5,Công nghệ thông tin
76398,GDU,cong-nghe-thong-tin,A00,Điểm thi THPT,2023,18.0,Công nghệ thông tin (Chương trình tài năng)
76399,GDU,cong-nghe-thong-tin,A01,Điểm thi THPT,2023,18.0,Công nghệ thông tin (Chương trình tài năng)
76400,GDU,cong-nghe-thong-tin,C00,Điểm thi THPT,2023,18.0,Công nghệ thông tin (Chương trình tài năng)
76401,GDU,cong-nghe-thong-tin,C01,Điểm thi THPT,2023,18.0,Công nghệ thông tin (Chương trình tài năng)
76402,GDU,cong-nghe-thong-tin,D01,Điểm thi THPT,2023,18.0,Công nghệ thông tin (Chương trình tài năng)
76403,GDU,cong-nghe-thong-tin,A00,Điểm học bạ,2024,16.5,Công nghệ thông tin
76404,GDU,cong-nghe-thong-tin,A01,Điểm học bạ,2024,16.5,Công nghệ thông tin
76405,GDU,cong-nghe-thong-tin,C01,Điểm học bạ,2024,16.5,Công nghệ thông tin
76406,GDU,cong-nghe-thong-tin,D01,Điểm học bạ,2024,16.5,Công nghệ thông tin
76407,GDU,cong-nghe-thong-tin,A00,Điểm thi THPT,2024,15.0,Công nghệ thông tin
76408,GDU,cong-nghe-thong-tin,A01,Điểm thi THPT,2024,15.0,Công nghệ thông tin
76409,GDU,cong-nghe-thong-tin,C01,Điểm thi THPT,2024,15.0,Công nghệ thông tin
76410,GDU,cong-nghe-thong-tin,D01,Điểm thi THPT,2024,15.0,Công nghệ thông tin
76411,GDU,cong-nghe-thong-tin,A00,Điểm học bạ,2025,16.0,Công nghệ thông tin
76412,GDU,cong-nghe-thong-tin,A01,Điểm học bạ,2025,16.0,Công nghệ thông tin
76413,GDU,cong-nghe-thong-tin,C01,Điểm học bạ,2025,16.0,Công nghệ thông tin
76414,GDU,cong-nghe-thong-tin,D01,Điểm học bạ,2025,16.0,Công nghệ thông tin
76415,GDU,cong-nghe-thong-tin,X26,Điểm học bạ,2025,16.0,Công nghệ thông tin
76416,GDU,cong-nghe-thong-tin,A00,Điểm thi THPT,2025,16.0,Công nghệ thông tin
76417,GDU,cong-nghe-thong-tin,A01,Điểm thi THPT,2025,16.0,Công nghệ thông tin
76418,GDU,cong-nghe-thong-tin,C01,Điểm thi THPT,2025,16.0,Công nghệ thông tin
76419,GDU,cong-nghe-thong-tin,D01,Điểm thi THPT,2025,16.0,Công nghệ thông tin
76420,GDU,cong-nghe-thong-tin,X26,Điểm thi THPT,2025,16.0,Công nghệ thông tin
76421,GDU,cong-nghe-truyen-thong,A00,Điểm thi THPT,2024,15.0,Công nghệ truyền thông
76422,GDU,cong-nghe-truyen-thong,A01,Điểm thi THPT,2024,15.0,Công nghệ truyền thông
76423,GDU,cong-nghe-truyen-thong,C01,Điểm thi THPT,2024,15.0,Công nghệ truyền thông
76424,GDU,cong-nghe-truyen-thong,D01,Điểm thi THPT,2024,15.0,Công nghệ truyền thông
76425,GDU,cong-nghe-truyen-thong,A00,Điểm học bạ,2025,16.0,Công nghệ truyền thông
76426,GDU,cong-nghe-truyen-thong,A01,Điểm học bạ,2025,16.0,Công nghệ truyền thông
76427,GDU,cong-nghe-truyen-thong,C00,Điểm học bạ,2025,16.0,Công nghệ truyền thông
76428,GDU,cong-nghe-truyen-thong,C01,Điểm học bạ,2025,16.0,Công nghệ truyền thông
76429,GDU,cong-nghe-truyen-thong,C03,Điểm học bạ,2025,16.0,Công nghệ truyền thông
76430,GDU,cong-nghe-truyen-thong,C14,Điểm học bạ,2025,16.0,Công nghệ truyền thông
76431,GDU,cong-nghe-truyen-thong,D01,Điểm học bạ,2025,16.0,Công nghệ truyền thông
76432,GDU,cong-nghe-truyen-thong,X26,Điểm học bạ,2025,16.0,Công nghệ truyền thông
76433,GDU,cong-nghe-truyen-thong,A00,Điểm thi THPT,2025,15.0,Công nghệ truyền thông
76434,GDU,cong-nghe-truyen-thong,A01,Điểm thi THPT,2025,15.0,Công nghệ truyền thông
76435,GDU,cong-nghe-truyen-thong,C00,Điểm thi THPT,2025,15.0,Công nghệ truyền thông
76436,GDU,cong-nghe-truyen-thong,C01,Điểm thi THPT,2025,15.0,Công nghệ truyền thông
76437,GDU,cong-nghe-truyen-thong,C03,Điểm thi THPT,2025,15.0,Công nghệ truyền thông
76438,GDU,cong-nghe-truyen-thong,C14,Điểm thi THPT,2025,15.0,Công nghệ truyền thông
76439,GDU,cong-nghe-truyen-thong,D01,Điểm thi THPT,2025,15.0,Công nghệ truyền thông
76440,GDU,cong-nghe-truyen-thong,X26,Điểm thi THPT,2025,15.0,Công nghệ truyền thông
76441,GDU,dong-phuong-hoc,A00,Điểm học bạ,2021,5.5,Đông phương học
76442,GDU,dong-phuong-hoc,A01,Điểm học bạ,2021,5.5,Đông phương học
76443,GDU,dong-phuong-hoc,C00,Điểm học bạ,2021,5.5,Đông phương học
76444,GDU,dong-phuong-hoc,D01,Điểm học bạ,2021,5.5,Đông phương học
76445,GDU,dong-phuong-hoc,A00,Điểm thi THPT,2021,15.5,Đông phương học
76446,GDU,dong-phuong-hoc,A01,Điểm thi THPT,2021,15.5,Đông phương học
76447,GDU,dong-phuong-hoc,C00,Điểm thi THPT,2021,15.5,Đông phương học
76448,GDU,dong-phuong-hoc,D01,Điểm thi THPT,2021,15.5,Đông phương học
76449,GDU,dong-phuong-hoc,A00,Điểm học bạ,2022,16.5,Đông phương học
76450,GDU,dong-phuong-hoc,A01,Điểm học bạ,2022,16.5,Đông phương học
76451,GDU,dong-phuong-hoc,C00,Điểm học bạ,2022,16.5,Đông phương học
76452,GDU,dong-phuong-hoc,D01,Điểm học bạ,2022,16.5,Đông phương học
76453,GDU,dong-phuong-hoc,A00,Điểm thi THPT,2022,15.0,Đông phương học
76454,GDU,dong-phuong-hoc,A01,Điểm thi THPT,2022,15.0,Đông phương học
76455,GDU,dong-phuong-hoc,C00,Điểm thi THPT,2022,15.0,Đông phương học
76456,GDU,dong-phuong-hoc,D01,Điểm thi THPT,2022,15.0,Đông phương học
76457,GDU,dong-phuong-hoc,A01,Điểm học bạ,2023,16.5,Đông phương học
76458,GDU,dong-phuong-hoc,C00,Điểm học bạ,2023,16.5,Đông phương học
76459,GDU,dong-phuong-hoc,D01,Điểm học bạ,2023,16.5,Đông phương học
76460,GDU,dong-phuong-hoc,A01,Điểm thi THPT,2023,15.0,Đông phương học
76461,GDU,dong-phuong-hoc,C00,Điểm thi THPT,2023,15.0,Đông phương học
76462,GDU,dong-phuong-hoc,D01,Điểm thi THPT,2023,15.0,Đông phương học
76463,GDU,dong-phuong-hoc,A00,Điểm học bạ,2024,16.5,Đông phương học
76464,GDU,dong-phuong-hoc,A01,Điểm học bạ,2024,16.5,Đông phương học
76465,GDU,dong-phuong-hoc,C00,Điểm học bạ,2024,16.5,Đông phương học
76466,GDU,dong-phuong-hoc,D01,Điểm học bạ,2024,16.5,Đông phương học
76467,GDU,dong-phuong-hoc,A01,Điểm thi THPT,2024,15.0,Đông phương học
76468,GDU,dong-phuong-hoc,C00,Điểm thi THPT,2024,15.0,Đông phương học
76469,GDU,dong-phuong-hoc,D01,Điểm thi THPT,2024,15.0,Đông phương học
76470,GDU,dong-phuong-hoc,A00,Điểm học bạ,2025,16.0,Đông phương học
76471,GDU,dong-phuong-hoc,A01,Điểm học bạ,2025,16.0,Đông phương học
76472,GDU,dong-phuong-hoc,C00,Điểm học bạ,2025,16.0,Đông phương học
76473,GDU,dong-phuong-hoc,C01,Điểm học bạ,2025,16.0,Đông phương học
76474,GDU,dong-phuong-hoc,C03,Điểm học bạ,2025,16.0,Đông phương học
76475,GDU,dong-phuong-hoc,C14,Điểm học bạ,2025,16.0,Đông phương học
76476,GDU,dong-phuong-hoc,D01,Điểm học bạ,2025,16.0,Đông phương học
76477,GDU,dong-phuong-hoc,X26,Điểm học bạ,2025,16.0,Đông phương học
76478,GDU,dong-phuong-hoc,A00,Điểm thi THPT,2025,15.0,Đông phương học
76479,GDU,dong-phuong-hoc,A01,Điểm thi THPT,2025,15.0,Đông phương học
76480,GDU,dong-phuong-hoc,C00,Điểm thi THPT,2025,15.0,Đông phương học
76481,GDU,dong-phuong-hoc,C01,Điểm thi THPT,2025,15.0,Đông phương học
76482,GDU,dong-phuong-hoc,C03,Điểm thi THPT,2025,15.0,Đông phương học
76483,GDU,dong-phuong-hoc,C14,Điểm thi THPT,2025,15.0,Đông phương học
76484,GDU,dong-phuong-hoc,D01,Điểm thi THPT,2025,15.0,Đông phương học
76485,GDU,dong-phuong-hoc,X26,Điểm thi THPT,2025,15.0,Đông phương học
76486,GDU,ke-toan,A00,Điểm học bạ,2021,5.5,Kế toán
76487,GDU,ke-toan,A01,Điểm học bạ,2021,5.5,Kế toán
76488,GDU,ke-toan,C00,Điểm học bạ,2021,5.5,Kế toán
76489,GDU,ke-toan,D01,Điểm học bạ,2021,5.5,Kế toán
76490,GDU,ke-toan,A00,Điểm thi THPT,2021,15.0,Kế toán
76491,GDU,ke-toan,A01,Điểm thi THPT,2021,15.0,Kế toán
76492,GDU,ke-toan,C00,Điểm thi THPT,2021,15.0,Kế toán
76493,GDU,ke-toan,D01,Điểm thi THPT,2021,15.0,Kế toán
76494,GDU,ke-toan,A00,Điểm học bạ,2022,16.5,Kế toán
76495,GDU,ke-toan,A01,Điểm học bạ,2022,16.5,Kế toán
76496,GDU,ke-toan,C00,Điểm học bạ,2022,16.5,Kế toán
76497,GDU,ke-toan,D01,Điểm học bạ,2022,16.5,Kế toán
76498,GDU,ke-toan,A00,Điểm thi THPT,2022,15.0,Kế toán
76499,GDU,ke-toan,A01,Điểm thi THPT,2022,15.0,Kế toán
76500,GDU,ke-toan,C00,Điểm thi THPT,2022,15.0,Kế toán
76501,GDU,ke-toan,D01,Điểm thi THPT,2022,15.0,Kế toán
76502,GDU,ke-toan,A01,Điểm học bạ,2023,16.5,Kế toán
76503,GDU,ke-toan,C00,Điểm học bạ,2023,16.5,Kế toán
76504,GDU,ke-toan,D01,Điểm học bạ,2023,16.5,Kế toán
76505,GDU,ke-toan,A01,Điểm thi THPT,2023,15.0,Kế toán
76506,GDU,ke-toan,C00,Điểm thi THPT,2023,15.0,Kế toán
76507,GDU,ke-toan,D01,Điểm thi THPT,2023,15.0,Kế toán
76508,GDU,ke-toan,A00,Điểm học bạ,2024,16.5,Kế toán
76509,GDU,ke-toan,A01,Điểm học bạ,2024,16.5,Kế toán
76510,GDU,ke-toan,C00,Điểm học bạ,2024,16.5,Kế toán
76511,GDU,ke-toan,D01,Điểm học bạ,2024,16.5,Kế toán
76512,GDU,ke-toan,A01,Điểm thi THPT,2024,15.0,Kế toán
76513,GDU,ke-toan,C00,Điểm thi THPT,2024,15.0,Kế toán
76514,GDU,ke-toan,D01,Điểm thi THPT,2024,15.0,Kế toán
76515,GDU,ke-toan,A00,Điểm học bạ,2025,16.0,Kế toán
76516,GDU,ke-toan,A01,Điểm học bạ,2025,16.0,Kế toán
76517,GDU,ke-toan,C00,Điểm học bạ,2025,16.0,Kế toán
76518,GDU,ke-toan,C01,Điểm học bạ,2025,16.0,Kế toán
76519,GDU,ke-toan,C03,Điểm học bạ,2025,16.0,Kế toán
76520,GDU,ke-toan,C14,Điểm học bạ,2025,16.0,Kế toán
76521,GDU,ke-toan,D01,Điểm học bạ,2025,16.0,Kế toán
76522,GDU,ke-toan,X26,Điểm học bạ,2025,16.0,Kế toán
76523,GDU,ke-toan,A00,Điểm thi THPT,2025,15.0,Kế toán
76524,GDU,ke-toan,A01,Điểm thi THPT,2025,15.0,Kế toán
76525,GDU,ke-toan,C00,Điểm thi THPT,2025,15.0,Kế toán
76526,GDU,ke-toan,C01,Điểm thi THPT,2025,15.0,Kế toán
76527,GDU,ke-toan,C03,Điểm thi THPT,2025,15.0,Kế toán
76528,GDU,ke-toan,C14,Điểm thi THPT,2025,15.0,Kế toán
76529,GDU,ke-toan,D01,Điểm thi THPT,2025,15.0,Kế toán
76530,GDU,ke-toan,X26,Điểm thi THPT,2025,15.0,Kế toán
76531,GDU,kinh-doanh-quoc-te,A00,Điểm học bạ,2021,5.5,Kinh doanh quốc tế
76532,GDU,kinh-doanh-quoc-te,A01,Điểm học bạ,2021,5.5,Kinh doanh quốc tế
76533,GDU,kinh-doanh-quoc-te,C00,Điểm học bạ,2021,5.5,Kinh doanh quốc tế
76534,GDU,kinh-doanh-quoc-te,D01,Điểm học bạ,2021,5.5,Kinh doanh quốc tế
76535,GDU,kinh-doanh-quoc-te,A00,Điểm thi THPT,2021,15.0,Kinh doanh quốc tế
76536,GDU,kinh-doanh-quoc-te,A01,Điểm thi THPT,2021,15.0,Kinh doanh quốc tế
76537,GDU,kinh-doanh-quoc-te,C00,Điểm thi THPT,2021,15.0,Kinh doanh quốc tế
76538,GDU,kinh-doanh-quoc-te,D01,Điểm thi THPT,2021,15.0,Kinh doanh quốc tế
76539,GDU,kinh-doanh-quoc-te,A00,Điểm học bạ,2022,16.5,Kinh doanh quốc tế
76540,GDU,kinh-doanh-quoc-te,A01,Điểm học bạ,2022,16.5,Kinh doanh quốc tế
76541,GDU,kinh-doanh-quoc-te,C00,Điểm học bạ,2022,16.5,Kinh doanh quốc tế
76542,GDU,kinh-doanh-quoc-te,D01,Điểm học bạ,2022,16.5,Kinh doanh quốc tế
76543,GDU,kinh-doanh-quoc-te,A00,Điểm thi THPT,2022,18.0,Kinh doanh quốc tế
76544,GDU,kinh-doanh-quoc-te,A01,Điểm thi THPT,2022,18.0,Kinh doanh quốc tế
76545,GDU,kinh-doanh-quoc-te,C00,Điểm thi THPT,2022,18.0,Kinh doanh quốc tế
76546,GDU,kinh-doanh-quoc-te,D01,Điểm thi THPT,2022,18.0,Kinh doanh quốc tế
76547,GDU,kinh-doanh-quoc-te,A01,Điểm học bạ,2023,16.5,Kinh doanh quốc tế
76548,GDU,kinh-doanh-quoc-te,C00,Điểm học bạ,2023,16.5,Kinh doanh quốc tế
76549,GDU,kinh-doanh-quoc-te,D01,Điểm học bạ,2023,16.5,Kinh doanh quốc tế
76550,GDU,kinh-doanh-quoc-te,A01,Điểm thi THPT,2023,15.0,Kinh doanh quốc tế
76551,GDU,kinh-doanh-quoc-te,C00,Điểm thi THPT,2023,15.0,Kinh doanh quốc tế
76552,GDU,kinh-doanh-quoc-te,D01,Điểm thi THPT,2023,15.0,Kinh doanh quốc tế
76553,GDU,kinh-doanh-quoc-te,A00,Điểm học bạ,2024,16.5,Kinh doanh quốc tế
76554,GDU,kinh-doanh-quoc-te,A01,Điểm học bạ,2024,16.5,Kinh doanh quốc tế
76555,GDU,kinh-doanh-quoc-te,C00,Điểm học bạ,2024,16.5,Kinh doanh quốc tế
76556,GDU,kinh-doanh-quoc-te,D01,Điểm học bạ,2024,16.5,Kinh doanh quốc tế
76557,GDU,kinh-doanh-quoc-te,A01,Điểm thi THPT,2024,15.0,Kinh doanh quốc tế
76558,GDU,kinh-doanh-quoc-te,C00,Điểm thi THPT,2024,15.0,Kinh doanh quốc tế
76559,GDU,kinh-doanh-quoc-te,D01,Điểm thi THPT,2024,15.0,Kinh doanh quốc tế
76560,GDU,kinh-doanh-quoc-te,A00,Điểm học bạ,2025,16.0,Kinh doanh quốc tế
76561,GDU,kinh-doanh-quoc-te,A01,Điểm học bạ,2025,16.0,Kinh doanh quốc tế
76562,GDU,kinh-doanh-quoc-te,C00,Điểm học bạ,2025,16.0,Kinh doanh quốc tế
76563,GDU,kinh-doanh-quoc-te,C01,Điểm học bạ,2025,16.0,Kinh doanh quốc tế
76564,GDU,kinh-doanh-quoc-te,C03,Điểm học bạ,2025,16.0,Kinh doanh quốc tế
76565,GDU,kinh-doanh-quoc-te,C14,Điểm học bạ,2025,16.0,Kinh doanh quốc tế
76566,GDU,kinh-doanh-quoc-te,D01,Điểm học bạ,2025,16.0,Kinh doanh quốc tế
76567,GDU,kinh-doanh-quoc-te,X26,Điểm học bạ,2025,16.0,Kinh doanh quốc tế
76568,GDU,kinh-doanh-quoc-te,A00,Điểm thi THPT,2025,15.0,Kinh doanh quốc tế
76569,GDU,kinh-doanh-quoc-te,A01,Điểm thi THPT,2025,15.0,Kinh doanh quốc tế
76570,GDU,kinh-doanh-quoc-te,C00,Điểm thi THPT,2025,15.0,Kinh doanh quốc tế
76571,GDU,kinh-doanh-quoc-te,C01,Điểm thi THPT,2025,15.0,Kinh doanh quốc tế
76572,GDU,kinh-doanh-quoc-te,C03,Điểm thi THPT,2025,15.0,Kinh doanh quốc tế
76573,GDU,kinh-doanh-quoc-te,C14,Điểm thi THPT,2025,15.0,Kinh doanh quốc tế
76574,GDU,kinh-doanh-quoc-te,D01,Điểm thi THPT,2025,15.0,Kinh doanh quốc tế
76575,GDU,kinh-doanh-quoc-te,X26,Điểm thi THPT,2025,15.0,Kinh doanh quốc tế
76576,GDU,kinh-doanh-thuong-mai,A00,Điểm thi THPT,2024,15.0,Kinh doanh thương mại
76577,GDU,kinh-doanh-thuong-mai,A01,Điểm thi THPT,2024,15.0,Kinh doanh thương mại
76578,GDU,kinh-doanh-thuong-mai,C01,Điểm thi THPT,2024,15.0,Kinh doanh thương mại
76579,GDU,kinh-doanh-thuong-mai,D01,Điểm thi THPT,2024,15.0,Kinh doanh thương mại
76580,GDU,kinh-doanh-thuong-mai,A00,Điểm học bạ,2025,16.0,Kinh doanh thương mại
76581,GDU,kinh-doanh-thuong-mai,A01,Điểm học bạ,2025,16.0,Kinh doanh thương mại
76582,GDU,kinh-doanh-thuong-mai,C00,Điểm học bạ,2025,16.0,Kinh doanh thương mại
76583,GDU,kinh-doanh-thuong-mai,C01,Điểm học bạ,2025,16.0,Kinh doanh thương mại
76584,GDU,kinh-doanh-thuong-mai,C03,Điểm học bạ,2025,16.0,Kinh doanh thương mại
76585,GDU,kinh-doanh-thuong-mai,C14,Điểm học bạ,2025,16.0,Kinh doanh thương mại
76586,GDU,kinh-doanh-thuong-mai,D01,Điểm học bạ,2025,16.0,Kinh doanh thương mại
76587,GDU,kinh-doanh-thuong-mai,X26,Điểm học bạ,2025,16.0,Kinh doanh thương mại
76588,GDU,kinh-doanh-thuong-mai,A00,Điểm thi THPT,2025,15.0,Kinh doanh thương mại
76589,GDU,kinh-doanh-thuong-mai,A01,Điểm thi THPT,2025,15.0,Kinh doanh thương mại
76590,GDU,kinh-doanh-thuong-mai,C00,Điểm thi THPT,2025,15.0,Kinh doanh thương mại
76591,GDU,kinh-doanh-thuong-mai,C01,Điểm thi THPT,2025,15.0,Kinh doanh thương mại
76592,GDU,kinh-doanh-thuong-mai,C03,Điểm thi THPT,2025,15.0,Kinh doanh thương mại
76593,GDU,kinh-doanh-thuong-mai,C14,Điểm thi THPT,2025,15.0,Kinh doanh thương mại
76594,GDU,kinh-doanh-thuong-mai,D01,Điểm thi THPT,2025,15.0,Kinh doanh thương mại
76595,GDU,kinh-doanh-thuong-mai,X26,Điểm thi THPT,2025,15.0,Kinh doanh thương mại
76596,GDU,ky-thuat-phan-mem,A00,Điểm học bạ,2021,5.5,Kỹ thuật phần mềm
76597,GDU,ky-thuat-phan-mem,A01,Điểm học bạ,2021,5.5,Kỹ thuật phần mềm
76598,GDU,ky-thuat-phan-mem,C01,Điểm học bạ,2021,5.5,Kỹ thuật phần mềm
76599,GDU,ky-thuat-phan-mem,D01,Điểm học bạ,2021,5.5,Kỹ thuật phần mềm
76600,GDU,ky-thuat-phan-mem,A00,Điểm thi THPT,2021,15.0,Kỹ thuật phần mềm
76601,GDU,ky-thuat-phan-mem,A01,Điểm thi THPT,2021,15.0,Kỹ thuật phần mềm
76602,GDU,ky-thuat-phan-mem,C01,Điểm thi THPT,2021,15.0,Kỹ thuật phần mềm
76603,GDU,ky-thuat-phan-mem,D01,Điểm thi THPT,2021,15.0,Kỹ thuật phần mềm
76604,GDU,ky-thuat-phan-mem,A00,Điểm học bạ,2022,16.5,Kỹ thuật phần mềm
76605,GDU,ky-thuat-phan-mem,A01,Điểm học bạ,2022,16.5,Kỹ thuật phần mềm
76606,GDU,ky-thuat-phan-mem,C01,Điểm học bạ,2022,16.5,Kỹ thuật phần mềm
76607,GDU,ky-thuat-phan-mem,D01,Điểm học bạ,2022,16.5,Kỹ thuật phần mềm
76608,GDU,ky-thuat-phan-mem,A00,Điểm thi THPT,2022,15.0,Kỹ thuật phần mềm
76609,GDU,ky-thuat-phan-mem,A01,Điểm thi THPT,2022,15.0,Kỹ thuật phần mềm
76610,GDU,ky-thuat-phan-mem,C01,Điểm thi THPT,2022,15.0,Kỹ thuật phần mềm
76611,GDU,ky-thuat-phan-mem,D01,Điểm thi THPT,2022,15.0,Kỹ thuật phần mềm
76612,GDU,ky-thuat-phan-mem,A00,Điểm học bạ,2023,16.5,Kỹ thuật phần mềm
76613,GDU,ky-thuat-phan-mem,A01,Điểm học bạ,2023,16.5,Kỹ thuật phần mềm
76614,GDU,ky-thuat-phan-mem,C01,Điểm học bạ,2023,16.5,Kỹ thuật phần mềm
76615,GDU,ky-thuat-phan-mem,D01,Điểm học bạ,2023,16.5,Kỹ thuật phần mềm
76616,GDU,ky-thuat-phan-mem,A00,Điểm thi THPT,2023,15.0,Kỹ thuật phần mềm
76617,GDU,ky-thuat-phan-mem,A01,Điểm thi THPT,2023,15.0,Kỹ thuật phần mềm
76618,GDU,ky-thuat-phan-mem,C01,Điểm thi THPT,2023,15.0,Kỹ thuật phần mềm
76619,GDU,ky-thuat-phan-mem,D01,Điểm thi THPT,2023,15.0,Kỹ thuật phần mềm
76620,GDU,ky-thuat-phan-mem,A00,Điểm học bạ,2024,16.5,Kỹ thuật phần mềm
76621,GDU,ky-thuat-phan-mem,A01,Điểm học bạ,2024,16.5,Kỹ thuật phần mềm
76622,GDU,ky-thuat-phan-mem,C01,Điểm học bạ,2024,16.5,Kỹ thuật phần mềm
76623,GDU,ky-thuat-phan-mem,D01,Điểm học bạ,2024,16.5,Kỹ thuật phần mềm
76624,GDU,ky-thuat-phan-mem,A00,Điểm thi THPT,2024,15.0,Kỹ thuật phần mềm
76625,GDU,ky-thuat-phan-mem,A01,Điểm thi THPT,2024,15.0,Kỹ thuật phần mềm
76626,GDU,ky-thuat-phan-mem,C01,Điểm thi THPT,2024,15.0,Kỹ thuật phần mềm
76627,GDU,ky-thuat-phan-mem,D01,Điểm thi THPT,2024,15.0,Kỹ thuật phần mềm
76628,GDU,ky-thuat-phan-mem,A00,Điểm học bạ,2025,16.0,Kỹ thuật phần mềm
76629,GDU,ky-thuat-phan-mem,A01,Điểm học bạ,2025,16.0,Kỹ thuật phần mềm
76630,GDU,ky-thuat-phan-mem,C01,Điểm học bạ,2025,16.0,Kỹ thuật phần mềm
76631,GDU,ky-thuat-phan-mem,D01,Điểm học bạ,2025,16.0,Kỹ thuật phần mềm
76632,GDU,ky-thuat-phan-mem,X26,Điểm học bạ,2025,16.0,Kỹ thuật phần mềm
76633,GDU,ky-thuat-phan-mem,A00,Điểm thi THPT,2025,15.0,Kỹ thuật phần mềm
76634,GDU,ky-thuat-phan-mem,A01,Điểm thi THPT,2025,15.0,Kỹ thuật phần mềm
76635,GDU,ky-thuat-phan-mem,C01,Điểm thi THPT,2025,15.0,Kỹ thuật phần mềm
76636,GDU,ky-thuat-phan-mem,D01,Điểm thi THPT,2025,15.0,Kỹ thuật phần mềm
76637,GDU,ky-thuat-phan-mem,X26,Điểm thi THPT,2025,15.0,Kỹ thuật phần mềm
76638,GDU,logistics-quan-ly-chuoi-cung-ung,A00,Điểm học bạ,2025,16.0,Logistics & quản lý chuỗi cung ứng
76639,GDU,logistics-quan-ly-chuoi-cung-ung,A01,Điểm học bạ,2025,16.0,Logistics & quản lý chuỗi cung ứng
76640,GDU,logistics-quan-ly-chuoi-cung-ung,C00,Điểm học bạ,2025,16.0,Logistics & quản lý chuỗi cung ứng
76641,GDU,logistics-quan-ly-chuoi-cung-ung,C01,Điểm học bạ,2025,16.0,Logistics & quản lý chuỗi cung ứng
76642,GDU,logistics-quan-ly-chuoi-cung-ung,C03,Điểm học bạ,2025,16.0,Logistics & quản lý chuỗi cung ứng
76643,GDU,logistics-quan-ly-chuoi-cung-ung,C14,Điểm học bạ,2025,16.0,Logistics & quản lý chuỗi cung ứng
76644,GDU,logistics-quan-ly-chuoi-cung-ung,D01,Điểm học bạ,2025,16.0,Logistics & quản lý chuỗi cung ứng
76645,GDU,logistics-quan-ly-chuoi-cung-ung,X26,Điểm học bạ,2025,16.0,Logistics & quản lý chuỗi cung ứng
76646,GDU,logistics-quan-ly-chuoi-cung-ung,A00,Điểm thi THPT,2025,16.0,Logistics & quản lý chuỗi cung ứng
76647,GDU,logistics-quan-ly-chuoi-cung-ung,A01,Điểm thi THPT,2025,16.0,Logistics & quản lý chuỗi cung ứng
76648,GDU,logistics-quan-ly-chuoi-cung-ung,C00,Điểm thi THPT,2025,16.0,Logistics & quản lý chuỗi cung ứng
76649,GDU,logistics-quan-ly-chuoi-cung-ung,C01,Điểm thi THPT,2025,16.0,Logistics & quản lý chuỗi cung ứng
76650,GDU,logistics-quan-ly-chuoi-cung-ung,C03,Điểm thi THPT,2025,16.0,Logistics & quản lý chuỗi cung ứng
76651,GDU,logistics-quan-ly-chuoi-cung-ung,C14,Điểm thi THPT,2025,16.0,Logistics & quản lý chuỗi cung ứng
76652,GDU,logistics-quan-ly-chuoi-cung-ung,D01,Điểm thi THPT,2025,16.0,Logistics & quản lý chuỗi cung ứng
76653,GDU,logistics-quan-ly-chuoi-cung-ung,X26,Điểm thi THPT,2025,16.0,Logistics & quản lý chuỗi cung ứng
76654,GDU,logistics-va-quan-ly-chuoi-cung-ung,A00,Điểm học bạ,2021,5.5,Logistics và quản lý chuỗi cung ứng
76655,GDU,logistics-va-quan-ly-chuoi-cung-ung,A01,Điểm học bạ,2021,5.5,Logistics và quản lý chuỗi cung ứng
76656,GDU,logistics-va-quan-ly-chuoi-cung-ung,C00,Điểm học bạ,2021,5.5,Logistics và quản lý chuỗi cung ứng
76657,GDU,logistics-va-quan-ly-chuoi-cung-ung,D01,Điểm học bạ,2021,5.5,Logistics và quản lý chuỗi cung ứng
76658,GDU,logistics-va-quan-ly-chuoi-cung-ung,A00,Điểm thi THPT,2021,15.0,Logistics và quản lý chuỗi cung ứng
76659,GDU,logistics-va-quan-ly-chuoi-cung-ung,A01,Điểm thi THPT,2021,15.0,Logistics và quản lý chuỗi cung ứng
76660,GDU,logistics-va-quan-ly-chuoi-cung-ung,C00,Điểm thi THPT,2021,15.0,Logistics và quản lý chuỗi cung ứng
76661,GDU,logistics-va-quan-ly-chuoi-cung-ung,D01,Điểm thi THPT,2021,15.0,Logistics và quản lý chuỗi cung ứng
76662,GDU,logistics-va-quan-ly-chuoi-cung-ung,A00,Điểm học bạ,2022,16.5,Logistics và quản lý chuỗi cung ứng
76663,GDU,logistics-va-quan-ly-chuoi-cung-ung,A01,Điểm học bạ,2022,16.5,Logistics và quản lý chuỗi cung ứng
76664,GDU,logistics-va-quan-ly-chuoi-cung-ung,C00,Điểm học bạ,2022,16.5,Logistics và quản lý chuỗi cung ứng
76665,GDU,logistics-va-quan-ly-chuoi-cung-ung,D01,Điểm học bạ,2022,16.5,Logistics và quản lý chuỗi cung ứng
76666,GDU,logistics-va-quan-ly-chuoi-cung-ung,A00,Điểm thi THPT,2022,15.0,Logistics và quản lý chuỗi cung ứng
76667,GDU,logistics-va-quan-ly-chuoi-cung-ung,A01,Điểm thi THPT,2022,15.0,Logistics và quản lý chuỗi cung ứng
76668,GDU,logistics-va-quan-ly-chuoi-cung-ung,C00,Điểm thi THPT,2022,15.0,Logistics và quản lý chuỗi cung ứng
76669,GDU,logistics-va-quan-ly-chuoi-cung-ung,D01,Điểm thi THPT,2022,15.0,Logistics và quản lý chuỗi cung ứng
76670,GDU,logistics-va-quan-ly-chuoi-cung-ung,A01,Điểm học bạ,2023,16.5,Logistics và quản lý chuỗi cung ứng
76671,GDU,logistics-va-quan-ly-chuoi-cung-ung,C00,Điểm học bạ,2023,16.5,Logistics và quản lý chuỗi cung ứng
76672,GDU,logistics-va-quan-ly-chuoi-cung-ung,D01,Điểm học bạ,2023,16.5,Logistics và quản lý chuỗi cung ứng
76673,GDU,logistics-va-quan-ly-chuoi-cung-ung,A01,Điểm thi THPT,2023,16.0,Logistics và quản lỹ chuỗi cung ứng
76674,GDU,logistics-va-quan-ly-chuoi-cung-ung,C00,Điểm thi THPT,2023,16.0,Logistics và quản lỹ chuỗi cung ứng
76675,GDU,logistics-va-quan-ly-chuoi-cung-ung,D01,Điểm thi THPT,2023,16.0,Logistics và quản lỹ chuỗi cung ứng
76676,GDU,logistics-va-quan-ly-chuoi-cung-ung,A00,Điểm học bạ,2024,16.5,Logistics và quản lý chuỗi cung ứng
76677,GDU,logistics-va-quan-ly-chuoi-cung-ung,A01,Điểm học bạ,2024,16.5,Logistics và quản lý chuỗi cung ứng
76678,GDU,logistics-va-quan-ly-chuoi-cung-ung,C00,Điểm học bạ,2024,16.5,Logistics và quản lý chuỗi cung ứng
76679,GDU,logistics-va-quan-ly-chuoi-cung-ung,D01,Điểm học bạ,2024,16.5,Logistics và quản lý chuỗi cung ứng
76680,GDU,logistics-va-quan-ly-chuoi-cung-ung,A01,Điểm thi THPT,2024,15.0,Logistics và quản lý chuỗi cung ứng
76681,GDU,logistics-va-quan-ly-chuoi-cung-ung,C00,Điểm thi THPT,2024,15.0,Logistics và quản lý chuỗi cung ứng
76682,GDU,logistics-va-quan-ly-chuoi-cung-ung,D01,Điểm thi THPT,2024,15.0,Logistics và quản lý chuỗi cung ứng
76683,GDU,luat,A00,Điểm học bạ,2021,5.5,Luật
76684,GDU,luat,A01,Điểm học bạ,2021,5.5,Luật
76685,GDU,luat,C00,Điểm học bạ,2021,5.5,Luật
76686,GDU,luat,D01,Điểm học bạ,2021,5.5,Luật
76687,GDU,luat,A00,Điểm thi THPT,2021,15.0,Luật
76688,GDU,luat,A01,Điểm thi THPT,2021,15.0,Luật
76689,GDU,luat,C00,Điểm thi THPT,2021,15.0,Luật
76690,GDU,luat,D01,Điểm thi THPT,2021,15.0,Luật
76691,GDU,luat,A00,Điểm học bạ,2022,16.5,Luật
76692,GDU,luat,A01,Điểm học bạ,2022,16.5,Luật
76693,GDU,luat,C00,Điểm học bạ,2022,16.5,Luật
76694,GDU,luat,D01,Điểm học bạ,2022,16.5,Luật
76695,GDU,luat,A00,Điểm thi THPT,2022,15.0,Luật
76696,GDU,luat,A01,Điểm thi THPT,2022,15.0,Luật
76697,GDU,luat,C00,Điểm thi THPT,2022,15.0,Luật
76698,GDU,luat,D01,Điểm thi THPT,2022,15.0,Luật
76699,GDU,luat,A01,Điểm học bạ,2023,16.5,Luật
76700,GDU,luat,C00,Điểm học bạ,2023,16.5,Luật
76701,GDU,luat,D01,Điểm học bạ,2023,16.5,Luật
76702,GDU,luat,A01,Điểm thi THPT,2023,15.0,Luật
76703,GDU,luat,C00,Điểm thi THPT,2023,15.0,Luật
76704,GDU,luat,D01,Điểm thi THPT,2023,15.0,Luật
76705,GDU,luat,A00,Điểm học bạ,2024,16.5,Luật
76706,GDU,luat,A01,Điểm học bạ,2024,16.5,Luật
76707,GDU,luat,C00,Điểm học bạ,2024,16.5,Luật
76708,GDU,luat,D01,Điểm học bạ,2024,16.5,Luật
76709,GDU,luat,A01,Điểm thi THPT,2024,15.0,Luật
76710,GDU,luat,C00,Điểm thi THPT,2024,15.0,Luật
76711,GDU,luat,D01,Điểm thi THPT,2024,15.0,Luật
76712,GDU,luat,A00,Điểm học bạ,2025,16.0,Luật
76713,GDU,luat,A01,Điểm học bạ,2025,16.0,Luật
76714,GDU,luat,C00,Điểm học bạ,2025,16.0,Luật
76715,GDU,luat,C01,Điểm học bạ,2025,16.0,Luật
76716,GDU,luat,C03,Điểm học bạ,2025,16.0,Luật
76717,GDU,luat,C14,Điểm học bạ,2025,16.0,Luật
76718,GDU,luat,D01,Điểm học bạ,2025,16.0,Luật
76719,GDU,luat,X26,Điểm học bạ,2025,16.0,Luật
76720,GDU,luat,A00,Điểm thi THPT,2025,15.0,Luật
76721,GDU,luat,A01,Điểm thi THPT,2025,15.0,Luật
76722,GDU,luat,C00,Điểm thi THPT,2025,15.0,Luật
76723,GDU,luat,C01,Điểm thi THPT,2025,15.0,Luật
76724,GDU,luat,C03,Điểm thi THPT,2025,15.0,Luật
76725,GDU,luat,C14,Điểm thi THPT,2025,15.0,Luật
76726,GDU,luat,D01,Điểm thi THPT,2025,15.0,Luật
76727,GDU,luat,X26,Điểm thi THPT,2025,15.0,Luật
76728,GDU,luat-kinh-te,A01,Điểm thi THPT,2024,15.0,Luật kinh tế
76729,GDU,luat-kinh-te,C00,Điểm thi THPT,2024,15.0,Luật kinh tế
76730,GDU,luat-kinh-te,D01,Điểm thi THPT,2024,15.0,Luật kinh tế
76731,GDU,luat-kinh-te,A00,Điểm học bạ,2025,16.0,Luật kinh tế
76732,GDU,luat-kinh-te,A01,Điểm học bạ,2025,16.0,Luật kinh tế
76733,GDU,luat-kinh-te,C00,Điểm học bạ,2025,16.0,Luật kinh tế
76734,GDU,luat-kinh-te,C01,Điểm học bạ,2025,16.0,Luật kinh tế
76735,GDU,luat-kinh-te,C03,Điểm học bạ,2025,16.0,Luật kinh tế
76736,GDU,luat-kinh-te,C14,Điểm học bạ,2025,16.0,Luật kinh tế
76737,GDU,luat-kinh-te,D01,Điểm học bạ,2025,16.0,Luật kinh tế
76738,GDU,luat-kinh-te,X26,Điểm học bạ,2025,16.0,Luật kinh tế
76739,GDU,luat-kinh-te,A00,Điểm thi THPT,2025,15.0,Luật kinh tế
76740,GDU,luat-kinh-te,A01,Điểm thi THPT,2025,15.0,Luật kinh tế
76741,GDU,luat-kinh-te,C00,Điểm thi THPT,2025,15.0,Luật kinh tế
76742,GDU,luat-kinh-te,C01,Điểm thi THPT,2025,15.0,Luật kinh tế
76743,GDU,luat-kinh-te,C03,Điểm thi THPT,2025,15.0,Luật kinh tế
76744,GDU,luat-kinh-te,C14,Điểm thi THPT,2025,15.0,Luật kinh tế
76745,GDU,luat-kinh-te,D01,Điểm thi THPT,2025,15.0,Luật kinh tế
76746,GDU,luat-kinh-te,X26,Điểm thi THPT,2025,15.0,Luật kinh tế
76747,GDU,mang-may-tinh-truyen-thong-du-lieu,A00,Điểm học bạ,2025,16.0,Mạng máy tính & truyền thông dữ liệu
76748,GDU,mang-may-tinh-truyen-thong-du-lieu,A01,Điểm học bạ,2025,16.0,Mạng máy tính & truyền thông dữ liệu
76749,GDU,mang-may-tinh-truyen-thong-du-lieu,C01,Điểm học bạ,2025,16.0,Mạng máy tính & truyền thông dữ liệu
76750,GDU,mang-may-tinh-truyen-thong-du-lieu,D01,Điểm học bạ,2025,16.0,Mạng máy tính & truyền thông dữ liệu
76751,GDU,mang-may-tinh-truyen-thong-du-lieu,X26,Điểm học bạ,2025,16.0,Mạng máy tính & truyền thông dữ liệu
76752,GDU,mang-may-tinh-truyen-thong-du-lieu,A00,Điểm thi THPT,2025,15.0,Mạng máy tính & truyền thông dữ liệu
76753,GDU,mang-may-tinh-truyen-thong-du-lieu,A01,Điểm thi THPT,2025,15.0,Mạng máy tính & truyền thông dữ liệu
76754,GDU,mang-may-tinh-truyen-thong-du-lieu,C01,Điểm thi THPT,2025,15.0,Mạng máy tính & truyền thông dữ liệu
76755,GDU,mang-may-tinh-truyen-thong-du-lieu,D01,Điểm thi THPT,2025,15.0,Mạng máy tính & truyền thông dữ liệu
76756,GDU,mang-may-tinh-truyen-thong-du-lieu,X26,Điểm thi THPT,2025,15.0,Mạng máy tính & truyền thông dữ liệu
76757,GDU,mang-may-tinh-va-truyen-thong-du-lieu,A00,Điểm học bạ,2021,5.5,Mạng máy tính và truyền thông dữ liệu
76758,GDU,mang-may-tinh-va-truyen-thong-du-lieu,A01,Điểm học bạ,2021,5.5,Mạng máy tính và truyền thông dữ liệu
76759,GDU,mang-may-tinh-va-truyen-thong-du-lieu,C01,Điểm học bạ,2021,5.5,Mạng máy tính và truyền thông dữ liệu
76760,GDU,mang-may-tinh-va-truyen-thong-du-lieu,D01,Điểm học bạ,2021,5.5,Mạng máy tính và truyền thông dữ liệu
76761,GDU,mang-may-tinh-va-truyen-thong-du-lieu,A00,Điểm thi THPT,2021,15.0,Mạng máy tính và truyền thông dữ liệu
76762,GDU,mang-may-tinh-va-truyen-thong-du-lieu,A01,Điểm thi THPT,2021,15.0,Mạng máy tính và truyền thông dữ liệu
76763,GDU,mang-may-tinh-va-truyen-thong-du-lieu,C01,Điểm thi THPT,2021,15.0,Mạng máy tính và truyền thông dữ liệu
76764,GDU,mang-may-tinh-va-truyen-thong-du-lieu,D01,Điểm thi THPT,2021,15.0,Mạng máy tính và truyền thông dữ liệu
76765,GDU,mang-may-tinh-va-truyen-thong-du-lieu,A00,Điểm học bạ,2022,16.5,Mạng máy tính và truyền thông dữ liệu
76766,GDU,mang-may-tinh-va-truyen-thong-du-lieu,A01,Điểm học bạ,2022,16.5,Mạng máy tính và truyền thông dữ liệu
76767,GDU,mang-may-tinh-va-truyen-thong-du-lieu,C01,Điểm học bạ,2022,16.5,Mạng máy tính và truyền thông dữ liệu
76768,GDU,mang-may-tinh-va-truyen-thong-du-lieu,D01,Điểm học bạ,2022,16.5,Mạng máy tính và truyền thông dữ liệu
76769,GDU,mang-may-tinh-va-truyen-thong-du-lieu,A00,Điểm thi THPT,2022,15.0,Mạng máy tính và truyền thông dữ liệu
76770,GDU,mang-may-tinh-va-truyen-thong-du-lieu,A01,Điểm thi THPT,2022,15.0,Mạng máy tính và truyền thông dữ liệu
76771,GDU,mang-may-tinh-va-truyen-thong-du-lieu,C01,Điểm thi THPT,2022,15.0,Mạng máy tính và truyền thông dữ liệu
76772,GDU,mang-may-tinh-va-truyen-thong-du-lieu,D01,Điểm thi THPT,2022,15.0,Mạng máy tính và truyền thông dữ liệu
76773,GDU,mang-may-tinh-va-truyen-thong-du-lieu,A00,Điểm học bạ,2023,16.5,Mạng máy tính và truyền thông dữ liệu
76774,GDU,mang-may-tinh-va-truyen-thong-du-lieu,A01,Điểm học bạ,2023,16.5,Mạng máy tính và truyền thông dữ liệu
76775,GDU,mang-may-tinh-va-truyen-thong-du-lieu,C01,Điểm học bạ,2023,16.5,Mạng máy tính và truyền thông dữ liệu
76776,GDU,mang-may-tinh-va-truyen-thong-du-lieu,D01,Điểm học bạ,2023,16.5,Mạng máy tính và truyền thông dữ liệu
76777,GDU,mang-may-tinh-va-truyen-thong-du-lieu,A00,Điểm thi THPT,2023,15.0,Mạng máy tính và truyền thông dữ liệu
76778,GDU,mang-may-tinh-va-truyen-thong-du-lieu,A01,Điểm thi THPT,2023,15.0,Mạng máy tính và truyền thông dữ liệu
76779,GDU,mang-may-tinh-va-truyen-thong-du-lieu,C01,Điểm thi THPT,2023,15.0,Mạng máy tính và truyền thông dữ liệu
76780,GDU,mang-may-tinh-va-truyen-thong-du-lieu,D01,Điểm thi THPT,2023,15.0,Mạng máy tính và truyền thông dữ liệu
76781,GDU,mang-may-tinh-va-truyen-thong-du-lieu,A00,Điểm học bạ,2024,16.5,Mạng máy tính và truyền thông dữ liệu
76782,GDU,mang-may-tinh-va-truyen-thong-du-lieu,A01,Điểm học bạ,2024,16.5,Mạng máy tính và truyền thông dữ liệu
76783,GDU,mang-may-tinh-va-truyen-thong-du-lieu,C01,Điểm học bạ,2024,16.5,Mạng máy tính và truyền thông dữ liệu
76784,GDU,mang-may-tinh-va-truyen-thong-du-lieu,D01,Điểm học bạ,2024,16.5,Mạng máy tính và truyền thông dữ liệu
76785,GDU,mang-may-tinh-va-truyen-thong-du-lieu,A00,Điểm thi THPT,2024,15.0,Mạng máy tính và truyền thông dữ liệu
76786,GDU,mang-may-tinh-va-truyen-thong-du-lieu,A01,Điểm thi THPT,2024,15.0,Mạng máy tính và truyền thông dữ liệu
76787,GDU,mang-may-tinh-va-truyen-thong-du-lieu,C01,Điểm thi THPT,2024,15.0,Mạng máy tính và truyền thông dữ liệu
76788,GDU,mang-may-tinh-va-truyen-thong-du-lieu,D01,Điểm thi THPT,2024,15.0,Mạng máy tính và truyền thông dữ liệu
76789,GDU,marketing,A00,Điểm học bạ,2021,5.5,Marketing
76790,GDU,marketing,A01,Điểm học bạ,2021,5.5,Marketing
76791,GDU,marketing,C00,Điểm học bạ,2021,5.5,Marketing
76792,GDU,marketing,D01,Điểm học bạ,2021,5.5,Marketing
76793,GDU,marketing,A00,Điểm thi THPT,2021,16.0,Marketing
76794,GDU,marketing,A01,Điểm thi THPT,2021,16.0,Marketing
76795,GDU,marketing,C00,Điểm thi THPT,2021,16.0,Marketing
76796,GDU,marketing,D01,Điểm thi THPT,2021,16.0,Marketing
76797,GDU,marketing,A00,Điểm học bạ,2022,16.5,Marketing
76798,GDU,marketing,A01,Điểm học bạ,2022,16.5,Marketing
76799,GDU,marketing,C00,Điểm học bạ,2022,16.5,Marketing
76800,GDU,marketing,D01,Điểm học bạ,2022,16.5,Marketing
76801,GDU,marketing,A00,Điểm thi THPT,2022,18.0,Marketing
76802,GDU,marketing,A01,Điểm thi THPT,2022,18.0,Marketing
76803,GDU,marketing,C00,Điểm thi THPT,2022,18.0,Marketing
76804,GDU,marketing,D01,Điểm thi THPT,2022,18.0,Marketing
76805,GDU,marketing,A00,Điểm học bạ,2023,18.0,Marketing
76806,GDU,marketing,A01,Điểm học bạ,2023,16.5,Marketing
76807,GDU,marketing,C00,Điểm học bạ,2023,16.5,Marketing
76808,GDU,marketing,C01,Điểm học bạ,2023,18.0,Marketing
76809,GDU,marketing,D01,Điểm học bạ,2023,16.5,Marketing
76810,GDU,marketing,A00,Điểm thi THPT,2023,18.0,Marketing (Chương trình tài năng)
76811,GDU,marketing,A01,Điểm thi THPT,2023,15.75,Marketing
76812,GDU,marketing,C00,Điểm thi THPT,2023,15.75,Marketing
76813,GDU,marketing,C01,Điểm thi THPT,2023,18.0,Marketing (Chương trình tài năng)
76814,GDU,marketing,D01,Điểm thi THPT,2023,15.75,Marketing
76815,GDU,marketing,A00,Điểm học bạ,2024,16.5,Marketing
76816,GDU,marketing,A01,Điểm học bạ,2024,16.5,Marketing
76817,GDU,marketing,C00,Điểm học bạ,2024,16.5,Marketing
76818,GDU,marketing,D01,Điểm học bạ,2024,16.5,Marketing
76819,GDU,marketing,A01,Điểm thi THPT,2024,15.0,Marketing
76820,GDU,marketing,C00,Điểm thi THPT,2024,15.0,Marketing
76821,GDU,marketing,D01,Điểm thi THPT,2024,15.0,Marketing
76822,GDU,marketing,A00,Điểm học bạ,2025,16.0,Marketing
76823,GDU,marketing,A01,Điểm học bạ,2025,16.0,Marketing
76824,GDU,marketing,C00,Điểm học bạ,2025,16.0,Marketing
76825,GDU,marketing,C01,Điểm học bạ,2025,16.0,Marketing
76826,GDU,marketing,C03,Điểm học bạ,2025,16.0,Marketing
76827,GDU,marketing,C14,Điểm học bạ,2025,16.0,Marketing
76828,GDU,marketing,D01,Điểm học bạ,2025,16.0,Marketing
76829,GDU,marketing,X26,Điểm học bạ,2025,16.0,Marketing
76830,GDU,marketing,A00,Điểm thi THPT,2025,16.0,Marketing
76831,GDU,marketing,A01,Điểm thi THPT,2025,16.0,Marketing
76832,GDU,marketing,C00,Điểm thi THPT,2025,16.0,Marketing
76833,GDU,marketing,C01,Điểm thi THPT,2025,16.0,Marketing
76834,GDU,marketing,C03,Điểm thi THPT,2025,16.0,Marketing
76835,GDU,marketing,C14,Điểm thi THPT,2025,16.0,Marketing
76836,GDU,marketing,D01,Điểm thi THPT,2025,16.0,Marketing
76837,GDU,marketing,X26,Điểm thi THPT,2025,16.0,Marketing
76838,GDU,ngon-ngu-anh,A00,Điểm học bạ,2021,5.5,Ngôn ngữ Anh
76839,GDU,ngon-ngu-anh,A01,Điểm học bạ,2021,5.5,Ngôn ngữ Anh
76840,GDU,ngon-ngu-anh,C00,Điểm học bạ,2021,5.5,Ngôn ngữ Anh
76841,GDU,ngon-ngu-anh,D01,Điểm học bạ,2021,5.5,Ngôn ngữ Anh
76842,GDU,ngon-ngu-anh,A00,Điểm thi THPT,2021,15.5,Ngôn ngữ Anh
76843,GDU,ngon-ngu-anh,A01,Điểm thi THPT,2021,15.5,Ngôn ngữ Anh
76844,GDU,ngon-ngu-anh,C00,Điểm thi THPT,2021,15.5,Ngôn ngữ Anh
76845,GDU,ngon-ngu-anh,D01,Điểm thi THPT,2021,15.5,Ngôn ngữ Anh
76846,GDU,ngon-ngu-anh,A00,Điểm học bạ,2022,16.5,Ngôn ngữ Anh
76847,GDU,ngon-ngu-anh,A01,Điểm học bạ,2022,16.5,Ngôn ngữ Anh
76848,GDU,ngon-ngu-anh,C00,Điểm học bạ,2022,16.5,Ngôn ngữ Anh
76849,GDU,ngon-ngu-anh,D01,Điểm học bạ,2022,16.5,Ngôn ngữ Anh
76850,GDU,ngon-ngu-anh,A00,Điểm thi THPT,2022,15.0,Ngôn ngữ Anh
76851,GDU,ngon-ngu-anh,A01,Điểm thi THPT,2022,15.0,Ngôn ngữ Anh
76852,GDU,ngon-ngu-anh,C00,Điểm thi THPT,2022,15.0,Ngôn ngữ Anh
76853,GDU,ngon-ngu-anh,D01,Điểm thi THPT,2022,15.0,Ngôn ngữ Anh
76854,GDU,ngon-ngu-anh,A01,Điểm học bạ,2023,16.5,Ngôn ngữ Anh
76855,GDU,ngon-ngu-anh,C00,Điểm học bạ,2023,16.5,Ngôn ngữ Anh
76856,GDU,ngon-ngu-anh,D01,Điểm học bạ,2023,16.5,Ngôn ngữ Anh
76857,GDU,ngon-ngu-anh,A01,Điểm thi THPT,2023,15.0,Ngôn ngữ Anh
76858,GDU,ngon-ngu-anh,C00,Điểm thi THPT,2023,15.0,Ngôn ngữ Anh
76859,GDU,ngon-ngu-anh,D01,Điểm thi THPT,2023,15.0,Ngôn ngữ Anh
76860,GDU,ngon-ngu-anh,A00,Điểm học bạ,2024,16.5,Ngôn ngữ Anh
76861,GDU,ngon-ngu-anh,A01,Điểm học bạ,2024,16.5,Ngôn ngữ Anh
76862,GDU,ngon-ngu-anh,C00,Điểm học bạ,2024,16.5,Ngôn ngữ Anh
76863,GDU,ngon-ngu-anh,D01,Điểm học bạ,2024,16.5,Ngôn ngữ Anh
76864,GDU,ngon-ngu-anh,A01,Điểm thi THPT,2024,15.0,Ngôn ngữ Anh
76865,GDU,ngon-ngu-anh,C00,Điểm thi THPT,2024,15.0,Ngôn ngữ Anh
76866,GDU,ngon-ngu-anh,D01,Điểm thi THPT,2024,15.0,Ngôn ngữ Anh
76867,GDU,ngon-ngu-anh,A00,Điểm học bạ,2025,16.0,Ngôn ngữ Anh
76868,GDU,ngon-ngu-anh,A01,Điểm học bạ,2025,16.0,Ngôn ngữ Anh
76869,GDU,ngon-ngu-anh,C00,Điểm học bạ,2025,16.0,Ngôn ngữ Anh
76870,GDU,ngon-ngu-anh,C01,Điểm học bạ,2025,16.0,Ngôn ngữ Anh
76871,GDU,ngon-ngu-anh,C03,Điểm học bạ,2025,16.0,Ngôn ngữ Anh
76872,GDU,ngon-ngu-anh,C14,Điểm học bạ,2025,16.0,Ngôn ngữ Anh
76873,GDU,ngon-ngu-anh,D01,Điểm học bạ,2025,16.0,Ngôn ngữ Anh
76874,GDU,ngon-ngu-anh,X26,Điểm học bạ,2025,16.0,Ngôn ngữ Anh
76875,GDU,ngon-ngu-anh,A00,Điểm thi THPT,2025,15.0,Ngôn ngữ Anh
76876,GDU,ngon-ngu-anh,A01,Điểm thi THPT,2025,15.0,Ngôn ngữ Anh
76877,GDU,ngon-ngu-anh,C00,Điểm thi THPT,2025,15.0,Ngôn ngữ Anh
76878,GDU,ngon-ngu-anh,C01,Điểm thi THPT,2025,15.0,Ngôn ngữ Anh
76879,GDU,ngon-ngu-anh,C03,Điểm thi THPT,2025,15.0,Ngôn ngữ Anh
76880,GDU,ngon-ngu-anh,C14,Điểm thi THPT,2025,15.0,Ngôn ngữ Anh
76881,GDU,ngon-ngu-anh,D01,Điểm thi THPT,2025,15.0,Ngôn ngữ Anh
76882,GDU,ngon-ngu-anh,X26,Điểm thi THPT,2025,15.0,Ngôn ngữ Anh
76883,GDU,ngon-ngu-trung-quoc,A00,Điểm học bạ,2025,16.0,Ngôn ngữ Trung quốc
76884,GDU,ngon-ngu-trung-quoc,A01,Điểm học bạ,2025,16.0,Ngôn ngữ Trung quốc
76885,GDU,ngon-ngu-trung-quoc,C00,Điểm học bạ,2025,16.0,Ngôn ngữ Trung quốc
76886,GDU,ngon-ngu-trung-quoc,C01,Điểm học bạ,2025,16.0,Ngôn ngữ Trung quốc
76887,GDU,ngon-ngu-trung-quoc,C03,Điểm học bạ,2025,16.0,Ngôn ngữ Trung quốc
76888,GDU,ngon-ngu-trung-quoc,C14,Điểm học bạ,2025,16.0,Ngôn ngữ Trung quốc
76889,GDU,ngon-ngu-trung-quoc,D01,Điểm học bạ,2025,16.0,Ngôn ngữ Trung quốc
76890,GDU,ngon-ngu-trung-quoc,X26,Điểm học bạ,2025,16.0,Ngôn ngữ Trung quốc
76891,GDU,ngon-ngu-trung-quoc,A00,Điểm thi THPT,2025,16.0,Ngôn ngữ Trung quốc
76892,GDU,ngon-ngu-trung-quoc,A01,Điểm thi THPT,2025,16.0,Ngôn ngữ Trung quốc
76893,GDU,ngon-ngu-trung-quoc,C00,Điểm thi THPT,2025,16.0,Ngôn ngữ Trung quốc
76894,GDU,ngon-ngu-trung-quoc,C01,Điểm thi THPT,2025,16.0,Ngôn ngữ Trung quốc
76895,GDU,ngon-ngu-trung-quoc,C03,Điểm thi THPT,2025,16.0,Ngôn ngữ Trung quốc
76896,GDU,ngon-ngu-trung-quoc,C14,Điểm thi THPT,2025,16.0,Ngôn ngữ Trung quốc
76897,GDU,ngon-ngu-trung-quoc,D01,Điểm thi THPT,2025,16.0,Ngôn ngữ Trung quốc
76898,GDU,ngon-ngu-trung-quoc,X26,Điểm thi THPT,2025,16.0,Ngôn ngữ Trung quốc
76899,GDU,quan-he-cong-chung,A00,Điểm học bạ,2022,16.5,Quan hệ công chúng
76900,GDU,quan-he-cong-chung,A01,Điểm học bạ,2022,16.5,Quan hệ công chúng
76901,GDU,quan-he-cong-chung,C00,Điểm học bạ,2022,16.5,Quan hệ công chúng
76902,GDU,quan-he-cong-chung,D01,Điểm học bạ,2022,16.5,Quan hệ công chúng
76903,GDU,quan-he-cong-chung,A00,Điểm thi THPT,2022,15.0,Quan hệ công chúng
76904,GDU,quan-he-cong-chung,A01,Điểm thi THPT,2022,15.0,Quan hệ công chúng
76905,GDU,quan-he-cong-chung,C00,Điểm thi THPT,2022,15.0,Quan hệ công chúng
76906,GDU,quan-he-cong-chung,D01,Điểm thi THPT,2022,15.0,Quan hệ công chúng
76907,GDU,quan-he-cong-chung,A01,Điểm học bạ,2023,16.5,Quan hệ công chúng
76908,GDU,quan-he-cong-chung,C00,Điểm học bạ,2023,16.5,Quan hệ công chúng
76909,GDU,quan-he-cong-chung,D01,Điểm học bạ,2023,16.5,Quan hệ công chúng
76910,GDU,quan-he-cong-chung,A01,Điểm thi THPT,2023,16.5,Quan hệ công chúng
76911,GDU,quan-he-cong-chung,C00,Điểm thi THPT,2023,16.5,Quan hệ công chúng
76912,GDU,quan-he-cong-chung,D01,Điểm thi THPT,2023,16.5,Quan hệ công chúng
76913,GDU,quan-he-cong-chung,A00,Điểm học bạ,2024,16.5,Quan hệ công chúng
76914,GDU,quan-he-cong-chung,A01,Điểm học bạ,2024,16.5,Quan hệ công chúng
76915,GDU,quan-he-cong-chung,C00,Điểm học bạ,2024,16.5,Quan hệ công chúng
76916,GDU,quan-he-cong-chung,D01,Điểm học bạ,2024,16.5,Quan hệ công chúng
76917,GDU,quan-he-cong-chung,A01,Điểm thi THPT,2024,15.0,Quan hệ công chúng
76918,GDU,quan-he-cong-chung,C00,Điểm thi THPT,2024,15.0,Quan hệ công chúng
76919,GDU,quan-he-cong-chung,D01,Điểm thi THPT,2024,15.0,Quan hệ công chúng
76920,GDU,quan-he-cong-chung,A00,Điểm học bạ,2025,16.0,Quan hệ công chúng
76921,GDU,quan-he-cong-chung,A01,Điểm học bạ,2025,16.0,Quan hệ công chúng
76922,GDU,quan-he-cong-chung,C00,Điểm học bạ,2025,16.0,Quan hệ công chúng
76923,GDU,quan-he-cong-chung,C01,Điểm học bạ,2025,16.0,Quan hệ công chúng
76924,GDU,quan-he-cong-chung,C03,Điểm học bạ,2025,16.0,Quan hệ công chúng
76925,GDU,quan-he-cong-chung,C14,Điểm học bạ,2025,16.0,Quan hệ công chúng
76926,GDU,quan-he-cong-chung,D01,Điểm học bạ,2025,16.0,Quan hệ công chúng
76927,GDU,quan-he-cong-chung,X26,Điểm học bạ,2025,16.0,Quan hệ công chúng
76928,GDU,quan-he-cong-chung,A00,Điểm thi THPT,2025,15.0,Quan hệ công chúng
76929,GDU,quan-he-cong-chung,A01,Điểm thi THPT,2025,15.0,Quan hệ công chúng
76930,GDU,quan-he-cong-chung,C00,Điểm thi THPT,2025,15.0,Quan hệ công chúng
76931,GDU,quan-he-cong-chung,C01,Điểm thi THPT,2025,15.0,Quan hệ công chúng
76932,GDU,quan-he-cong-chung,C03,Điểm thi THPT,2025,15.0,Quan hệ công chúng
76933,GDU,quan-he-cong-chung,C14,Điểm thi THPT,2025,15.0,Quan hệ công chúng
76934,GDU,quan-he-cong-chung,D01,Điểm thi THPT,2025,15.0,Quan hệ công chúng
76935,GDU,quan-he-cong-chung,X26,Điểm thi THPT,2025,15.0,Quan hệ công chúng
76936,GDU,quan-tri-dich-vu-du-lich-lu-hanh,A00,Điểm học bạ,2025,16.0,Quản trị dịch vụ du lịch & lữ hành
76937,GDU,quan-tri-dich-vu-du-lich-lu-hanh,A01,Điểm học bạ,2025,16.0,Quản trị dịch vụ du lịch & lữ hành
76938,GDU,quan-tri-dich-vu-du-lich-lu-hanh,C00,Điểm học bạ,2025,16.0,Quản trị dịch vụ du lịch & lữ hành
76939,GDU,quan-tri-dich-vu-du-lich-lu-hanh,C01,Điểm học bạ,2025,16.0,Quản trị dịch vụ du lịch & lữ hành
76940,GDU,quan-tri-dich-vu-du-lich-lu-hanh,C03,Điểm học bạ,2025,16.0,Quản trị dịch vụ du lịch & lữ hành
76941,GDU,quan-tri-dich-vu-du-lich-lu-hanh,C14,Điểm học bạ,2025,16.0,Quản trị dịch vụ du lịch & lữ hành
76942,GDU,quan-tri-dich-vu-du-lich-lu-hanh,D01,Điểm học bạ,2025,16.0,Quản trị dịch vụ du lịch & lữ hành
76943,GDU,quan-tri-dich-vu-du-lich-lu-hanh,X26,Điểm học bạ,2025,16.0,Quản trị dịch vụ du lịch & lữ hành
76944,GDU,quan-tri-dich-vu-du-lich-lu-hanh,A00,Điểm thi THPT,2025,15.0,Quản trị dịch vụ du lịch & lữ hành
76945,GDU,quan-tri-dich-vu-du-lich-lu-hanh,A01,Điểm thi THPT,2025,15.0,Quản trị dịch vụ du lịch & lữ hành
76946,GDU,quan-tri-dich-vu-du-lich-lu-hanh,C00,Điểm thi THPT,2025,15.0,Quản trị dịch vụ du lịch & lữ hành
76947,GDU,quan-tri-dich-vu-du-lich-lu-hanh,C01,Điểm thi THPT,2025,15.0,Quản trị dịch vụ du lịch & lữ hành
76948,GDU,quan-tri-dich-vu-du-lich-lu-hanh,C03,Điểm thi THPT,2025,15.0,Quản trị dịch vụ du lịch & lữ hành
76949,GDU,quan-tri-dich-vu-du-lich-lu-hanh,C14,Điểm thi THPT,2025,15.0,Quản trị dịch vụ du lịch & lữ hành
76950,GDU,quan-tri-dich-vu-du-lich-lu-hanh,D01,Điểm thi THPT,2025,15.0,Quản trị dịch vụ du lịch & lữ hành
76951,GDU,quan-tri-dich-vu-du-lich-lu-hanh,X26,Điểm thi THPT,2025,15.0,Quản trị dịch vụ du lịch & lữ hành
76952,GDU,quan-tri-dich-vu-du-lich-va-lu-hanh,A00,Điểm học bạ,2022,16.5,Quản trị dịch vụ du lịch và lữ hành
76953,GDU,quan-tri-dich-vu-du-lich-va-lu-hanh,A01,Điểm học bạ,2022,16.5,Quản trị dịch vụ du lịch và lữ hành
76954,GDU,quan-tri-dich-vu-du-lich-va-lu-hanh,C00,Điểm học bạ,2022,16.5,Quản trị dịch vụ du lịch và lữ hành
76955,GDU,quan-tri-dich-vu-du-lich-va-lu-hanh,D01,Điểm học bạ,2022,16.5,Quản trị dịch vụ du lịch và lữ hành
76956,GDU,quan-tri-dich-vu-du-lich-va-lu-hanh,A00,Điểm thi THPT,2022,15.0,Quản trị dịch vụ du lịch và lữ hành
76957,GDU,quan-tri-dich-vu-du-lich-va-lu-hanh,A01,Điểm thi THPT,2022,15.0,Quản trị dịch vụ du lịch và lữ hành
76958,GDU,quan-tri-dich-vu-du-lich-va-lu-hanh,C00,Điểm thi THPT,2022,15.0,Quản trị dịch vụ du lịch và lữ hành
76959,GDU,quan-tri-dich-vu-du-lich-va-lu-hanh,D01,Điểm thi THPT,2022,15.0,Quản trị dịch vụ du lịch và lữ hành
76960,GDU,quan-tri-dich-vu-du-lich-va-lu-hanh,A01,Điểm học bạ,2023,16.5,Quản trị dịch vụ du lịch và lữ hành
76961,GDU,quan-tri-dich-vu-du-lich-va-lu-hanh,C00,Điểm học bạ,2023,16.5,Quản trị dịch vụ du lịch và lữ hành
76962,GDU,quan-tri-dich-vu-du-lich-va-lu-hanh,D01,Điểm học bạ,2023,16.5,Quản trị dịch vụ du lịch và lữ hành
76963,GDU,quan-tri-dich-vu-du-lich-va-lu-hanh,A01,Điểm thi THPT,2023,15.0,Quản trị dịch vụ du lịch và lữ hành
76964,GDU,quan-tri-dich-vu-du-lich-va-lu-hanh,C00,Điểm thi THPT,2023,15.0,Quản trị dịch vụ du lịch và lữ hành
76965,GDU,quan-tri-dich-vu-du-lich-va-lu-hanh,D01,Điểm thi THPT,2023,15.0,Quản trị dịch vụ du lịch và lữ hành
76966,GDU,quan-tri-dich-vu-du-lich-va-lu-hanh,A00,Điểm học bạ,2024,16.5,Quản trị dịch vụ du lịch và lữ hành
76967,GDU,quan-tri-dich-vu-du-lich-va-lu-hanh,A01,Điểm học bạ,2024,16.5,Quản trị dịch vụ du lịch và lữ hành
76968,GDU,quan-tri-dich-vu-du-lich-va-lu-hanh,C00,Điểm học bạ,2024,16.5,Quản trị dịch vụ du lịch và lữ hành
76969,GDU,quan-tri-dich-vu-du-lich-va-lu-hanh,D01,Điểm học bạ,2024,16.5,Quản trị dịch vụ du lịch và lữ hành
76970,GDU,quan-tri-dich-vu-du-lich-va-lu-hanh,A01,Điểm thi THPT,2024,15.0,Quản trị dịch vụ du lịch và lữ hành
76971,GDU,quan-tri-dich-vu-du-lich-va-lu-hanh,C00,Điểm thi THPT,2024,15.0,Quản trị dịch vụ du lịch và lữ hành
76972,GDU,quan-tri-dich-vu-du-lich-va-lu-hanh,D01,Điểm thi THPT,2024,15.0,Quản trị dịch vụ du lịch và lữ hành
76973,GDU,quan-tri-khach-san,A00,Điểm học bạ,2021,5.5,Quản trị khách sạn
76974,GDU,quan-tri-khach-san,A01,Điểm học bạ,2021,5.5,Quản trị khách sạn
76975,GDU,quan-tri-khach-san,C00,Điểm học bạ,2021,5.5,Quản trị khách sạn
76976,GDU,quan-tri-khach-san,D01,Điểm học bạ,2021,5.5,Quản trị khách sạn
76977,GDU,quan-tri-khach-san,A00,Điểm thi THPT,2021,15.0,Quản trị khách sạn
76978,GDU,quan-tri-khach-san,A01,Điểm thi THPT,2021,15.0,Quản trị khách sạn
76979,GDU,quan-tri-khach-san,C00,Điểm thi THPT,2021,15.0,Quản trị khách sạn
76980,GDU,quan-tri-khach-san,D01,Điểm thi THPT,2021,15.0,Quản trị khách sạn
76981,GDU,quan-tri-khach-san,A00,Điểm học bạ,2022,16.5,Quản trị khách sạn
76982,GDU,quan-tri-khach-san,A01,Điểm học bạ,2022,16.5,Quản trị khách sạn
76983,GDU,quan-tri-khach-san,C00,Điểm học bạ,2022,16.5,Quản trị khách sạn
76984,GDU,quan-tri-khach-san,D01,Điểm học bạ,2022,16.5,Quản trị khách sạn
76985,GDU,quan-tri-khach-san,A00,Điểm thi THPT,2022,15.0,Quản trị khách sạn
76986,GDU,quan-tri-khach-san,A01,Điểm thi THPT,2022,15.0,Quản trị khách sạn
76987,GDU,quan-tri-khach-san,C00,Điểm thi THPT,2022,15.0,Quản trị khách sạn
76988,GDU,quan-tri-khach-san,D01,Điểm thi THPT,2022,15.0,Quản trị khách sạn
76989,GDU,quan-tri-khach-san,A01,Điểm học bạ,2023,16.5,Quản trị khách sạn
76990,GDU,quan-tri-khach-san,C00,Điểm học bạ,2023,16.5,Quản trị khách sạn
76991,GDU,quan-tri-khach-san,D01,Điểm học bạ,2023,16.5,Quản trị khách sạn
76992,GDU,quan-tri-khach-san,A01,Điểm thi THPT,2023,15.0,Quản trị khách sạn
76993,GDU,quan-tri-khach-san,C00,Điểm thi THPT,2023,15.0,Quản trị khách sạn
76994,GDU,quan-tri-khach-san,D01,Điểm thi THPT,2023,15.0,Quản trị khách sạn
76995,GDU,quan-tri-khach-san,A00,Điểm học bạ,2024,16.5,Quản trị khách sạn
76996,GDU,quan-tri-khach-san,A01,Điểm học bạ,2024,16.5,Quản trị khách sạn
76997,GDU,quan-tri-khach-san,C00,Điểm học bạ,2024,16.5,Quản trị khách sạn
76998,GDU,quan-tri-khach-san,D01,Điểm học bạ,2024,16.5,Quản trị khách sạn
76999,GDU,quan-tri-khach-san,A01,Điểm thi THPT,2024,15.0,Quản trị khách sạn
77000,GDU,quan-tri-khach-san,C00,Điểm thi THPT,2024,15.0,Quản trị khách sạn
77001,GDU,quan-tri-khach-san,D01,Điểm thi THPT,2024,15.0,Quản trị khách sạn
77002,GDU,quan-tri-khach-san,A00,Điểm học bạ,2025,16.0,Quản trị khách sạn
77003,GDU,quan-tri-khach-san,A01,Điểm học bạ,2025,16.0,Quản trị khách sạn
77004,GDU,quan-tri-khach-san,C00,Điểm học bạ,2025,16.0,Quản trị khách sạn
77005,GDU,quan-tri-khach-san,C01,Điểm học bạ,2025,16.0,Quản trị khách sạn
77006,GDU,quan-tri-khach-san,C03,Điểm học bạ,2025,16.0,Quản trị khách sạn
77007,GDU,quan-tri-khach-san,C14,Điểm học bạ,2025,16.0,Quản trị khách sạn
77008,GDU,quan-tri-khach-san,D01,Điểm học bạ,2025,16.0,Quản trị khách sạn
77009,GDU,quan-tri-khach-san,X26,Điểm học bạ,2025,16.0,Quản trị khách sạn
77010,GDU,quan-tri-khach-san,A00,Điểm thi THPT,2025,15.0,Quản trị khách sạn
77011,GDU,quan-tri-khach-san,A01,Điểm thi THPT,2025,15.0,Quản trị khách sạn
77012,GDU,quan-tri-khach-san,C00,Điểm thi THPT,2025,15.0,Quản trị khách sạn
77013,GDU,quan-tri-khach-san,C01,Điểm thi THPT,2025,15.0,Quản trị khách sạn
77014,GDU,quan-tri-khach-san,C03,Điểm thi THPT,2025,15.0,Quản trị khách sạn
77015,GDU,quan-tri-khach-san,C14,Điểm thi THPT,2025,15.0,Quản trị khách sạn
77016,GDU,quan-tri-khach-san,D01,Điểm thi THPT,2025,15.0,Quản trị khách sạn
77017,GDU,quan-tri-khach-san,X26,Điểm thi THPT,2025,15.0,Quản trị khách sạn
77018,GDU,quan-tri-kinh-doanh,A00,Điểm học bạ,2021,5.5,Quản trị kinh doanh
77019,GDU,quan-tri-kinh-doanh,A01,Điểm học bạ,2021,5.5,Quản trị kinh doanh
77020,GDU,quan-tri-kinh-doanh,C00,Điểm học bạ,2021,5.5,Quản trị kinh doanh
77021,GDU,quan-tri-kinh-doanh,D01,Điểm học bạ,2021,5.5,Quản trị kinh doanh
77022,GDU,quan-tri-kinh-doanh,A00,Điểm thi THPT,2021,16.5,Quản trị kinh doanh
77023,GDU,quan-tri-kinh-doanh,A01,Điểm thi THPT,2021,16.5,Quản trị kinh doanh
77024,GDU,quan-tri-kinh-doanh,C00,Điểm thi THPT,2021,16.5,Quản trị kinh doanh
77025,GDU,quan-tri-kinh-doanh,D01,Điểm thi THPT,2021,16.5,Quản trị kinh doanh
77026,GDU,quan-tri-kinh-doanh,A00,Điểm học bạ,2022,17.0,Quản trị kinh doanh
77027,GDU,quan-tri-kinh-doanh,A01,Điểm học bạ,2022,17.0,Quản trị kinh doanh
77028,GDU,quan-tri-kinh-doanh,C00,Điểm học bạ,2022,17.0,Quản trị kinh doanh
77029,GDU,quan-tri-kinh-doanh,D01,Điểm học bạ,2022,17.0,Quản trị kinh doanh
77030,GDU,quan-tri-kinh-doanh,A00,Điểm thi THPT,2022,18.0,Quản trị kinh doanh
77031,GDU,quan-tri-kinh-doanh,A01,Điểm thi THPT,2022,18.0,Quản trị kinh doanh
77032,GDU,quan-tri-kinh-doanh,C00,Điểm thi THPT,2022,18.0,Quản trị kinh doanh
77033,GDU,quan-tri-kinh-doanh,D01,Điểm thi THPT,2022,18.0,Quản trị kinh doanh
77034,GDU,quan-tri-kinh-doanh,A00,Điểm học bạ,2023,18.0,Quản trị kinh doanh
77035,GDU,quan-tri-kinh-doanh,A01,Điểm học bạ,2023,16.5,Quản trị kinh doanh
77036,GDU,quan-tri-kinh-doanh,C00,Điểm học bạ,2023,16.5,Quản trị kinh doanh
77037,GDU,quan-tri-kinh-doanh,C01,Điểm học bạ,2023,18.0,Quản trị kinh doanh
77038,GDU,quan-tri-kinh-doanh,D01,Điểm học bạ,2023,16.5,Quản trị kinh doanh
77039,GDU,quan-tri-kinh-doanh,A00,Điểm thi THPT,2023,18.0,Quản trị kinh doanh (Chương trình tài năng)
77040,GDU,quan-tri-kinh-doanh,A01,Điểm thi THPT,2023,15.0,Quản trị kinh doanh
77041,GDU,quan-tri-kinh-doanh,C00,Điểm thi THPT,2023,15.0,Quản trị kinh doanh
77042,GDU,quan-tri-kinh-doanh,C01,Điểm thi THPT,2023,18.0,Quản trị kinh doanh (Chương trình tài năng)
77043,GDU,quan-tri-kinh-doanh,D01,Điểm thi THPT,2023,15.0,Quản trị kinh doanh
77044,GDU,quan-tri-kinh-doanh,A00,Điểm học bạ,2024,16.5,Quản trị kinh doanh
77045,GDU,quan-tri-kinh-doanh,A01,Điểm học bạ,2024,16.5,Quản trị kinh doanh
77046,GDU,quan-tri-kinh-doanh,C00,Điểm học bạ,2024,16.5,Quản trị kinh doanh
77047,GDU,quan-tri-kinh-doanh,D01,Điểm học bạ,2024,16.5,Quản trị kinh doanh
77048,GDU,quan-tri-kinh-doanh,A01,Điểm thi THPT,2024,15.0,Quản trị kinh doanh
77049,GDU,quan-tri-kinh-doanh,C00,Điểm thi THPT,2024,15.0,Quản trị kinh doanh
77050,GDU,quan-tri-kinh-doanh,D01,Điểm thi THPT,2024,15.0,Quản trị kinh doanh
77051,GDU,quan-tri-kinh-doanh,A00,Điểm học bạ,2025,16.0,Quản trị kinh doanh
77052,GDU,quan-tri-kinh-doanh,A01,Điểm học bạ,2025,16.0,Quản trị kinh doanh
77053,GDU,quan-tri-kinh-doanh,C00,Điểm học bạ,2025,16.0,Quản trị kinh doanh
77054,GDU,quan-tri-kinh-doanh,C01,Điểm học bạ,2025,16.0,Quản trị kinh doanh
77055,GDU,quan-tri-kinh-doanh,C03,Điểm học bạ,2025,16.0,Quản trị kinh doanh
77056,GDU,quan-tri-kinh-doanh,C14,Điểm học bạ,2025,16.0,Quản trị kinh doanh
77057,GDU,quan-tri-kinh-doanh,D01,Điểm học bạ,2025,16.0,Quản trị kinh doanh
77058,GDU,quan-tri-kinh-doanh,X26,Điểm học bạ,2025,16.0,Quản trị kinh doanh
77059,GDU,quan-tri-kinh-doanh,A00,Điểm thi THPT,2025,15.0,Quản trị kinh doanh
77060,GDU,quan-tri-kinh-doanh,A01,Điểm thi THPT,2025,15.0,Quản trị kinh doanh
77061,GDU,quan-tri-kinh-doanh,C00,Điểm thi THPT,2025,15.0,Quản trị kinh doanh
77062,GDU,quan-tri-kinh-doanh,C01,Điểm thi THPT,2025,15.0,Quản trị kinh doanh
77063,GDU,quan-tri-kinh-doanh,C03,Điểm thi THPT,2025,15.0,Quản trị kinh doanh
77064,GDU,quan-tri-kinh-doanh,C14,Điểm thi THPT,2025,15.0,Quản trị kinh doanh
77065,GDU,quan-tri-kinh-doanh,D01,Điểm thi THPT,2025,15.0,Quản trị kinh doanh
77066,GDU,quan-tri-kinh-doanh,X26,Điểm thi THPT,2025,15.0,Quản trị kinh doanh
77067,GDU,rang-ham-mat,A00,Điểm học bạ,2025,22.5,Răng - Hàm - Mặt
77068,GDU,rang-ham-mat,A01,Điểm học bạ,2025,22.5,Răng - Hàm - Mặt
77069,GDU,rang-ham-mat,B00,Điểm học bạ,2025,22.5,Răng - Hàm - Mặt
77070,GDU,rang-ham-mat,B01,Điểm học bạ,2025,22.5,Răng - Hàm - Mặt
77071,GDU,rang-ham-mat,B03,Điểm học bạ,2025,22.5,Răng - Hàm - Mặt
77072,GDU,rang-ham-mat,D07,Điểm học bạ,2025,22.5,Răng - Hàm - Mặt
77073,GDU,rang-ham-mat,D08,Điểm học bạ,2025,22.5,Răng - Hàm - Mặt
77074,GDU,rang-ham-mat,A00,Điểm thi THPT,2025,20.5,Răng - Hàm - Mặt
77075,GDU,rang-ham-mat,A01,Điểm thi THPT,2025,20.5,Răng - Hàm - Mặt
77076,GDU,rang-ham-mat,B00,Điểm thi THPT,2025,20.5,Răng - Hàm - Mặt
77077,GDU,rang-ham-mat,B01,Điểm thi THPT,2025,20.5,Răng - Hàm - Mặt
77078,GDU,rang-ham-mat,B03,Điểm thi THPT,2025,20.5,Răng - Hàm - Mặt
77079,GDU,rang-ham-mat,D07,Điểm thi THPT,2025,20.5,Răng - Hàm - Mặt
77080,GDU,rang-ham-mat,D08,Điểm thi THPT,2025,20.5,Răng - Hàm - Mặt
77081,GDU,tai-chinh-ngan-hang,A00,Điểm học bạ,2021,5.5,Tài chính ngân hàng
77082,GDU,tai-chinh-ngan-hang,A01,Điểm học bạ,2021,5.5,Tài chính ngân hàng
77083,GDU,tai-chinh-ngan-hang,C00,Điểm học bạ,2021,5.5,Tài chính ngân hàng
77084,GDU,tai-chinh-ngan-hang,D01,Điểm học bạ,2021,5.5,Tài chính ngân hàng
77085,GDU,tai-chinh-ngan-hang,A00,Điểm thi THPT,2021,15.0,Tài chính ngân hàng
77086,GDU,tai-chinh-ngan-hang,A01,Điểm thi THPT,2021,15.0,Tài chính ngân hàng
77087,GDU,tai-chinh-ngan-hang,C00,Điểm thi THPT,2021,15.0,Tài chính ngân hàng
77088,GDU,tai-chinh-ngan-hang,D01,Điểm thi THPT,2021,15.0,Tài chính ngân hàng
77089,GDU,tai-chinh-ngan-hang,A00,Điểm học bạ,2022,16.5,Tài chính ngân hàng
77090,GDU,tai-chinh-ngan-hang,A01,Điểm học bạ,2022,16.5,Tài chính ngân hàng
77091,GDU,tai-chinh-ngan-hang,C00,Điểm học bạ,2022,16.5,Tài chính ngân hàng
77092,GDU,tai-chinh-ngan-hang,D01,Điểm học bạ,2022,16.5,Tài chính ngân hàng
77093,GDU,tai-chinh-ngan-hang,A00,Điểm thi THPT,2022,15.0,Tài chính ngân hàng
77094,GDU,tai-chinh-ngan-hang,A01,Điểm thi THPT,2022,15.0,Tài chính ngân hàng
77095,GDU,tai-chinh-ngan-hang,C00,Điểm thi THPT,2022,15.0,Tài chính ngân hàng
77096,GDU,tai-chinh-ngan-hang,D01,Điểm thi THPT,2022,15.0,Tài chính ngân hàng
77097,GDU,tai-chinh-ngan-hang,A01,Điểm học bạ,2023,16.5,Tài chính ngân hàng
77098,GDU,tai-chinh-ngan-hang,C00,Điểm học bạ,2023,16.5,Tài chính ngân hàng
77099,GDU,tai-chinh-ngan-hang,D01,Điểm học bạ,2023,16.5,Tài chính ngân hàng
77100,GDU,tai-chinh-ngan-hang,A01,Điểm thi THPT,2023,15.0,Tài chính ngân hàng
77101,GDU,tai-chinh-ngan-hang,C00,Điểm thi THPT,2023,15.0,Tài chính ngân hàng
77102,GDU,tai-chinh-ngan-hang,D01,Điểm thi THPT,2023,15.0,Tài chính ngân hàng
77103,GDU,tai-chinh-ngan-hang,A00,Điểm học bạ,2024,16.5,Tài chính ngân hàng
77104,GDU,tai-chinh-ngan-hang,A01,Điểm học bạ,2024,16.5,Tài chính ngân hàng
77105,GDU,tai-chinh-ngan-hang,C00,Điểm học bạ,2024,16.5,Tài chính ngân hàng
77106,GDU,tai-chinh-ngan-hang,D01,Điểm học bạ,2024,16.5,Tài chính ngân hàng
77107,GDU,tai-chinh-ngan-hang,A01,Điểm thi THPT,2024,15.0,Tài chính ngân hàng
77108,GDU,tai-chinh-ngan-hang,C00,Điểm thi THPT,2024,15.0,Tài chính ngân hàng
77109,GDU,tai-chinh-ngan-hang,D01,Điểm thi THPT,2024,15.0,Tài chính ngân hàng
77110,GDU,tai-chinh-ngan-hang,A00,Điểm học bạ,2025,16.0,Tài chính - ngân hàng
77111,GDU,tai-chinh-ngan-hang,A01,Điểm học bạ,2025,16.0,Tài chính - ngân hàng
77112,GDU,tai-chinh-ngan-hang,C00,Điểm học bạ,2025,16.0,Tài chính - ngân hàng
77113,GDU,tai-chinh-ngan-hang,C01,Điểm học bạ,2025,16.0,Tài chính - ngân hàng
77114,GDU,tai-chinh-ngan-hang,C03,Điểm học bạ,2025,16.0,Tài chính - ngân hàng
77115,GDU,tai-chinh-ngan-hang,C14,Điểm học bạ,2025,16.0,Tài chính - ngân hàng
77116,GDU,tai-chinh-ngan-hang,D01,Điểm học bạ,2025,16.0,Tài chính - ngân hàng
77117,GDU,tai-chinh-ngan-hang,X26,Điểm học bạ,2025,16.0,Tài chính - ngân hàng
77118,GDU,tai-chinh-ngan-hang,A00,Điểm thi THPT,2025,15.0,Tài chính - ngân hàng
77119,GDU,tai-chinh-ngan-hang,A01,Điểm thi THPT,2025,15.0,Tài chính - ngân hàng
77120,GDU,tai-chinh-ngan-hang,C00,Điểm thi THPT,2025,15.0,Tài chính - ngân hàng
77121,GDU,tai-chinh-ngan-hang,C01,Điểm thi THPT,2025,15.0,Tài chính - ngân hàng
77122,GDU,tai-chinh-ngan-hang,C03,Điểm thi THPT,2025,15.0,Tài chính - ngân hàng
77123,GDU,tai-chinh-ngan-hang,C14,Điểm thi THPT,2025,15.0,Tài chính - ngân hàng
77124,GDU,tai-chinh-ngan-hang,D01,Điểm thi THPT,2025,15.0,Tài chính - ngân hàng
77125,GDU,tai-chinh-ngan-hang,X26,Điểm thi THPT,2025,15.0,Tài chính - ngân hàng
77126,GDU,tam-ly-hoc,A00,Điểm học bạ,2025,16.0,Tâm lý học
77127,GDU,tam-ly-hoc,A01,Điểm học bạ,2025,16.0,Tâm lý học
77128,GDU,tam-ly-hoc,C00,Điểm học bạ,2025,16.0,Tâm lý học
77129,GDU,tam-ly-hoc,C01,Điểm học bạ,2025,16.0,Tâm lý học
77130,GDU,tam-ly-hoc,C03,Điểm học bạ,2025,16.0,Tâm lý học
77131,GDU,tam-ly-hoc,C14,Điểm học bạ,2025,16.0,Tâm lý học
77132,GDU,tam-ly-hoc,D01,Điểm học bạ,2025,16.0,Tâm lý học
77133,GDU,tam-ly-hoc,X26,Điểm học bạ,2025,16.0,Tâm lý học
77134,GDU,tam-ly-hoc,A00,Điểm thi THPT,2025,15.0,Tâm lý học
77135,GDU,tam-ly-hoc,A01,Điểm thi THPT,2025,15.0,Tâm lý học
77136,GDU,tam-ly-hoc,C00,Điểm thi THPT,2025,15.0,Tâm lý học
77137,GDU,tam-ly-hoc,C01,Điểm thi THPT,2025,15.0,Tâm lý học
77138,GDU,tam-ly-hoc,C03,Điểm thi THPT,2025,15.0,Tâm lý học
77139,GDU,tam-ly-hoc,C14,Điểm thi THPT,2025,15.0,Tâm lý học
77140,GDU,tam-ly-hoc,D01,Điểm thi THPT,2025,15.0,Tâm lý học
77141,GDU,tam-ly-hoc,X26,Điểm thi THPT,2025,15.0,Tâm lý học
77142,GDU,thuong-mai-dien-tu,A00,Điểm học bạ,2022,16.5,Thương mại điện tử
77143,GDU,thuong-mai-dien-tu,A01,Điểm học bạ,2022,16.5,Thương mại điện tử
77144,GDU,thuong-mai-dien-tu,C00,Điểm học bạ,2022,16.5,Thương mại điện tử
77145,GDU,thuong-mai-dien-tu,D01,Điểm học bạ,2022,16.5,Thương mại điện tử
77146,GDU,thuong-mai-dien-tu,A00,Điểm thi THPT,2022,15.0,Thương mại điện tử
77147,GDU,thuong-mai-dien-tu,A01,Điểm thi THPT,2022,15.0,Thương mại điện tử
77148,GDU,thuong-mai-dien-tu,C00,Điểm thi THPT,2022,15.0,Thương mại điện tử
77149,GDU,thuong-mai-dien-tu,D01,Điểm thi THPT,2022,15.0,Thương mại điện tử
77150,GDU,thuong-mai-dien-tu,A01,Điểm học bạ,2023,16.5,Thương mại điện tử
77151,GDU,thuong-mai-dien-tu,C00,Điểm học bạ,2023,16.5,Thương mại điện tử
77152,GDU,thuong-mai-dien-tu,D01,Điểm học bạ,2023,16.5,Thương mại điện tử
77153,GDU,thuong-mai-dien-tu,A01,Điểm thi THPT,2023,15.0,Thương mại điện tử
77154,GDU,thuong-mai-dien-tu,C00,Điểm thi THPT,2023,15.0,Thương mại điện tử
77155,GDU,thuong-mai-dien-tu,D01,Điểm thi THPT,2023,15.0,Thương mại điện tử
77156,GDU,thuong-mai-dien-tu,A00,Điểm học bạ,2024,16.5,Thương mại điện tử
77157,GDU,thuong-mai-dien-tu,A01,Điểm học bạ,2024,16.5,Thương mại điện tử
77158,GDU,thuong-mai-dien-tu,C00,Điểm học bạ,2024,16.5,Thương mại điện tử
77159,GDU,thuong-mai-dien-tu,D01,Điểm học bạ,2024,16.5,Thương mại điện tử
77160,GDU,thuong-mai-dien-tu,A01,Điểm thi THPT,2024,15.0,Thương mại điện tử
77161,GDU,thuong-mai-dien-tu,C00,Điểm thi THPT,2024,15.0,Thương mại điện tử
77162,GDU,thuong-mai-dien-tu,D01,Điểm thi THPT,2024,15.0,Thương mại điện tử
77163,GDU,thuong-mai-dien-tu,A00,Điểm học bạ,2025,16.0,Thương mại điện tử
77164,GDU,thuong-mai-dien-tu,A01,Điểm học bạ,2025,16.0,Thương mại điện tử
77165,GDU,thuong-mai-dien-tu,C00,Điểm học bạ,2025,16.0,Thương mại điện tử
77166,GDU,thuong-mai-dien-tu,C01,Điểm học bạ,2025,16.0,Thương mại điện tử
77167,GDU,thuong-mai-dien-tu,C03,Điểm học bạ,2025,16.0,Thương mại điện tử
77168,GDU,thuong-mai-dien-tu,C14,Điểm học bạ,2025,16.0,Thương mại điện tử
77169,GDU,thuong-mai-dien-tu,D01,Điểm học bạ,2025,16.0,Thương mại điện tử
77170,GDU,thuong-mai-dien-tu,X26,Điểm học bạ,2025,16.0,Thương mại điện tử
77171,GDU,thuong-mai-dien-tu,A00,Điểm thi THPT,2025,15.0,Thương mại điện tử
77172,GDU,thuong-mai-dien-tu,A01,Điểm thi THPT,2025,15.0,Thương mại điện tử
77173,GDU,thuong-mai-dien-tu,C00,Điểm thi THPT,2025,15.0,Thương mại điện tử
77174,GDU,thuong-mai-dien-tu,C01,Điểm thi THPT,2025,15.0,Thương mại điện tử
77175,GDU,thuong-mai-dien-tu,C03,Điểm thi THPT,2025,15.0,Thương mại điện tử
77176,GDU,thuong-mai-dien-tu,C14,Điểm thi THPT,2025,15.0,Thương mại điện tử
77177,GDU,thuong-mai-dien-tu,D01,Điểm thi THPT,2025,15.0,Thương mại điện tử
77178,GDU,thuong-mai-dien-tu,X26,Điểm thi THPT,2025,15.0,Thương mại điện tử
77179,GDU,tri-tue-nhan-tao,A00,Điểm học bạ,2025,16.0,Trí tuệ nhân tạo
77180,GDU,tri-tue-nhan-tao,A01,Điểm học bạ,2025,16.0,Trí tuệ nhân tạo
77181,GDU,tri-tue-nhan-tao,C00,Điểm học bạ,2025,16.0,Trí tuệ nhân tạo
77182,GDU,tri-tue-nhan-tao,C01,Điểm học bạ,2025,16.0,Trí tuệ nhân tạo
77183,GDU,tri-tue-nhan-tao,C03,Điểm học bạ,2025,16.0,Trí tuệ nhân tạo
77184,GDU,tri-tue-nhan-tao,C14,Điểm học bạ,2025,16.0,Trí tuệ nhân tạo
77185,GDU,tri-tue-nhan-tao,D01,Điểm học bạ,2025,16.0,Trí tuệ nhân tạo
77186,GDU,tri-tue-nhan-tao,X26,Điểm học bạ,2025,16.0,Trí tuệ nhân tạo
77187,GDU,tri-tue-nhan-tao,A00,Điểm thi THPT,2025,17.0,Trí tuệ nhân tạo
77188,GDU,tri-tue-nhan-tao,A01,Điểm thi THPT,2025,17.0,Trí tuệ nhân tạo
77189,GDU,tri-tue-nhan-tao,C00,Điểm thi THPT,2025,17.0,Trí tuệ nhân tạo
77190,GDU,tri-tue-nhan-tao,C01,Điểm thi THPT,2025,17.0,Trí tuệ nhân tạo
77191,GDU,tri-tue-nhan-tao,C03,Điểm thi THPT,2025,17.0,Trí tuệ nhân tạo
77192,GDU,tri-tue-nhan-tao,C14,Điểm thi THPT,2025,17.0,Trí tuệ nhân tạo
77193,GDU,tri-tue-nhan-tao,D01,Điểm thi THPT,2025,17.0,Trí tuệ nhân tạo
77194,GDU,tri-tue-nhan-tao,X26,Điểm thi THPT,2025,17.0,Trí tuệ nhân tạo
77195,GDU,truyen-thong-da-phuong-tien,A00,Điểm học bạ,2021,5.5,Truyền thông đa phương tiện
77196,GDU,truyen-thong-da-phuong-tien,A01,Điểm học bạ,2021,5.5,Truyền thông đa phương tiện
77197,GDU,truyen-thong-da-phuong-tien,C00,Điểm học bạ,2021,5.5,Truyền thông đa phương tiện
77198,GDU,truyen-thong-da-phuong-tien,D01,Điểm học bạ,2021,5.5,Truyền thông đa phương tiện
77199,GDU,truyen-thong-da-phuong-tien,A00,Điểm thi THPT,2021,15.0,Truyền thông đa phương tiện
77200,GDU,truyen-thong-da-phuong-tien,A01,Điểm thi THPT,2021,15.0,Truyền thông đa phương tiện
77201,GDU,truyen-thong-da-phuong-tien,C00,Điểm thi THPT,2021,15.0,Truyền thông đa phương tiện
77202,GDU,truyen-thong-da-phuong-tien,D01,Điểm thi THPT,2021,15.0,Truyền thông đa phương tiện
77203,GDU,truyen-thong-da-phuong-tien,A00,Điểm học bạ,2022,16.5,Truyền thông đa phương tiện
77204,GDU,truyen-thong-da-phuong-tien,A01,Điểm học bạ,2022,16.5,Truyền thông đa phương tiện
77205,GDU,truyen-thong-da-phuong-tien,C00,Điểm học bạ,2022,16.5,Truyền thông đa phương tiện
77206,GDU,truyen-thong-da-phuong-tien,D01,Điểm học bạ,2022,16.5,Truyền thông đa phương tiện
77207,GDU,truyen-thong-da-phuong-tien,A00,Điểm thi THPT,2022,15.0,Truyền thông đa phương tiện
77208,GDU,truyen-thong-da-phuong-tien,A01,Điểm thi THPT,2022,15.0,Truyền thông đa phương tiện
77209,GDU,truyen-thong-da-phuong-tien,C00,Điểm thi THPT,2022,15.0,Truyền thông đa phương tiện
77210,GDU,truyen-thong-da-phuong-tien,D01,Điểm thi THPT,2022,15.0,Truyền thông đa phương tiện
77211,GDU,truyen-thong-da-phuong-tien,A01,Điểm học bạ,2023,16.5,Truyền thông đa phương tiện
77212,GDU,truyen-thong-da-phuong-tien,C00,Điểm học bạ,2023,16.5,Truyền thông đa phương tiện
77213,GDU,truyen-thong-da-phuong-tien,D01,Điểm học bạ,2023,16.5,Truyền thông đa phương tiện
77214,GDU,truyen-thong-da-phuong-tien,A01,Điểm thi THPT,2023,15.0,Truyền thông đa phương tiện
77215,GDU,truyen-thong-da-phuong-tien,C00,Điểm thi THPT,2023,15.0,Truyền thông đa phương tiện
77216,GDU,truyen-thong-da-phuong-tien,D01,Điểm thi THPT,2023,15.0,Truyền thông đa phương tiện
77217,GDU,truyen-thong-da-phuong-tien,A00,Điểm học bạ,2024,16.5,Truyền thông đa phương tiện
77218,GDU,truyen-thong-da-phuong-tien,A01,Điểm học bạ,2024,16.5,Truyền thông đa phương tiện
77219,GDU,truyen-thong-da-phuong-tien,C00,Điểm học bạ,2024,16.5,Truyền thông đa phương tiện
77220,GDU,truyen-thong-da-phuong-tien,D01,Điểm học bạ,2024,16.5,Truyền thông đa phương tiện
77221,GDU,truyen-thong-da-phuong-tien,A01,Điểm thi THPT,2024,15.0,Truyền thông đa phương tiện
77222,GDU,truyen-thong-da-phuong-tien,C00,Điểm thi THPT,2024,15.0,Truyền thông đa phương tiện
77223,GDU,truyen-thong-da-phuong-tien,D01,Điểm thi THPT,2024,15.0,Truyền thông đa phương tiện
77224,GDU,truyen-thong-da-phuong-tien,A00,Điểm học bạ,2025,16.0,Truyền thông đa phương tiện
77225,GDU,truyen-thong-da-phuong-tien,A01,Điểm học bạ,2025,16.0,Truyền thông đa phương tiện
77226,GDU,truyen-thong-da-phuong-tien,C00,Điểm học bạ,2025,16.0,Truyền thông đa phương tiện
77227,GDU,truyen-thong-da-phuong-tien,C01,Điểm học bạ,2025,16.0,Truyền thông đa phương tiện
77228,GDU,truyen-thong-da-phuong-tien,C03,Điểm học bạ,2025,16.0,Truyền thông đa phương tiện
77229,GDU,truyen-thong-da-phuong-tien,C14,Điểm học bạ,2025,16.0,Truyền thông đa phương tiện
77230,GDU,truyen-thong-da-phuong-tien,D01,Điểm học bạ,2025,16.0,Truyền thông đa phương tiện
77231,GDU,truyen-thong-da-phuong-tien,X26,Điểm học bạ,2025,16.0,Truyền thông đa phương tiện
77232,GDU,truyen-thong-da-phuong-tien,A00,Điểm thi THPT,2025,16.0,Truyền thông đa phương tiện
77233,GDU,truyen-thong-da-phuong-tien,A01,Điểm thi THPT,2025,16.0,Truyền thông đa phương tiện
77234,GDU,truyen-thong-da-phuong-tien,C00,Điểm thi THPT,2025,16.0,Truyền thông đa phương tiện
77235,GDU,truyen-thong-da-phuong-tien,C01,Điểm thi THPT,2025,16.0,Truyền thông đa phương tiện
77236,GDU,truyen-thong-da-phuong-tien,C03,Điểm thi THPT,2025,16.0,Truyền thông đa phương tiện
77237,GDU,truyen-thong-da-phuong-tien,C14,Điểm thi THPT,2025,16.0,Truyền thông đa phương tiện
77238,GDU,truyen-thong-da-phuong-tien,D01,Điểm thi THPT,2025,16.0,Truyền thông đa phương tiện
77239,GDU,truyen-thong-da-phuong-tien,X26,Điểm thi THPT,2025,16.0,Truyền thông đa phương tiện
77240,GHA,chuong-trinh-lien-ket-quoc-te-cong-nghe-cau-duong-sat-toc-do-cao,A00,Điểm học bạ,2024,18.0,"Chương trình liên kết quốc tế Công nghệ Cầu - Đường sắt tốc độ cao (Đại học Dongyang - Hàn Quốc cấp bằng, học bằng tiếng Anh và tiếng Hàn Quốc)"
77241,GHA,chuong-trinh-lien-ket-quoc-te-cong-nghe-cau-duong-sat-toc-do-cao,A01,Điểm học bạ,2024,18.0,"Chương trình liên kết quốc tế Công nghệ Cầu - Đường sắt tốc độ cao (Đại học Dongyang - Hàn Quốc cấp bằng, học bằng tiếng Anh và tiếng Hàn Quốc)"
77242,GHA,chuong-trinh-lien-ket-quoc-te-cong-nghe-cau-duong-sat-toc-do-cao,D01,Điểm học bạ,2024,18.0,"Chương trình liên kết quốc tế Công nghệ Cầu - Đường sắt tốc độ cao (Đại học Dongyang - Hàn Quốc cấp bằng, học bằng tiếng Anh và tiếng Hàn Quốc)"
77243,GHA,chuong-trinh-lien-ket-quoc-te-cong-nghe-cau-duong-sat-toc-do-cao,D07,Điểm học bạ,2024,18.0,"Chương trình liên kết quốc tế Công nghệ Cầu - Đường sắt tốc độ cao (Đại học Dongyang - Hàn Quốc cấp bằng, học bằng tiếng Anh và tiếng Hàn Quốc)"
77244,GHA,cong-nghe-ky-thuat-giao-thong,A00,Điểm thi THPT,2021,22.9,Công nghệ kỹ thuật giao thông
77245,GHA,cong-nghe-ky-thuat-giao-thong,A01,Điểm thi THPT,2021,22.9,Công nghệ kỹ thuật giao thông
77246,GHA,cong-nghe-ky-thuat-giao-thong,D01,Điểm thi THPT,2021,22.9,Công nghệ kỹ thuật giao thông
77247,GHA,cong-nghe-ky-thuat-giao-thong,D07,Điểm thi THPT,2021,22.9,Công nghệ kỹ thuật giao thông
77248,GHA,cong-nghe-ky-thuat-giao-thong,A00,Điểm học bạ,2022,26.08,Công nghệ kỹ thuật giao thông
77249,GHA,cong-nghe-ky-thuat-giao-thong,A01,Điểm học bạ,2022,26.08,Công nghệ kỹ thuật giao thông
77250,GHA,cong-nghe-ky-thuat-giao-thong,D01,Điểm học bạ,2022,26.08,Công nghệ kỹ thuật giao thông
77251,GHA,cong-nghe-ky-thuat-giao-thong,D07,Điểm học bạ,2022,26.08,Công nghệ kỹ thuật giao thông
77252,GHA,cong-nghe-ky-thuat-giao-thong,A00,Điểm thi THPT,2022,22.75,Công nghệ kỹ thuật giao thông
77253,GHA,cong-nghe-ky-thuat-giao-thong,A01,Điểm thi THPT,2022,22.75,Công nghệ kỹ thuật giao thông
77254,GHA,cong-nghe-ky-thuat-giao-thong,D07,Điểm thi THPT,2022,22.75,Công nghệ kỹ thuật giao thông
77255,GHA,cong-nghe-ky-thuat-giao-thong,A00,Điểm học bạ,2023,26.51,Công nghệ kỹ thuật giao thông
77256,GHA,cong-nghe-ky-thuat-giao-thong,A01,Điểm học bạ,2023,26.51,Công nghệ kỹ thuật giao thông
77257,GHA,cong-nghe-ky-thuat-giao-thong,D01,Điểm học bạ,2023,26.51,Công nghệ kỹ thuật giao thông
77258,GHA,cong-nghe-ky-thuat-giao-thong,D07,Điểm học bạ,2023,26.51,Công nghệ kỹ thuật giao thông
77259,GHA,cong-nghe-ky-thuat-giao-thong,A00,Điểm thi THPT,2023,22.75,Công nghệ kỹ thuật giao thông
77260,GHA,cong-nghe-ky-thuat-giao-thong,A01,Điểm thi THPT,2023,22.75,Công nghệ kỹ thuật giao thông
77261,GHA,cong-nghe-ky-thuat-giao-thong,D01,Điểm thi THPT,2023,22.75,Công nghệ kỹ thuật giao thông
77262,GHA,cong-nghe-ky-thuat-giao-thong,D07,Điểm thi THPT,2023,22.75,Công nghệ kỹ thuật giao thông
77263,GHA,cong-nghe-ky-thuat-giao-thong,A00,Điểm học bạ,2024,26.68,Công nghệ kỹ thuật giao thông
77264,GHA,cong-nghe-ky-thuat-giao-thong,A01,Điểm học bạ,2024,26.68,Công nghệ kỹ thuật giao thông
77265,GHA,cong-nghe-ky-thuat-giao-thong,D01,Điểm học bạ,2024,26.68,Công nghệ kỹ thuật giao thông
77266,GHA,cong-nghe-ky-thuat-giao-thong,D07,Điểm học bạ,2024,26.68,Công nghệ kỹ thuật giao thông
77267,GHA,cong-nghe-ky-thuat-giao-thong,A00,Điểm thi THPT,2024,23.37,Công nghệ kỹ thuật giao thông
77268,GHA,cong-nghe-ky-thuat-giao-thong,A01,Điểm thi THPT,2024,23.37,Công nghệ kỹ thuật giao thông
77269,GHA,cong-nghe-ky-thuat-giao-thong,D01,Điểm thi THPT,2024,23.37,Công nghệ kỹ thuật giao thông
77270,GHA,cong-nghe-ky-thuat-giao-thong,D07,Điểm thi THPT,2024,23.37,Công nghệ kỹ thuật giao thông
77271,GHA,cong-nghe-thong-tin,A00,Điểm thi THPT,2021,25.65,Công nghệ thông tin
77272,GHA,cong-nghe-thong-tin,A01,Điểm thi THPT,2021,25.65,Công nghệ thông tin
77273,GHA,cong-nghe-thong-tin,D01,Điểm thi THPT,2021,25.35,Công nghệ thông tin (Chương trình chất lượng cao Công nghệ thông tin Việt - Anh)
77274,GHA,cong-nghe-thong-tin,D07,Điểm thi THPT,2021,25.65,Công nghệ thông tin
77275,GHA,cong-nghe-thong-tin,A00,Điểm học bạ,2022,28.37,Công nghệ thông tin (Chương trình chấ lượng cao Công nghệ thông tin Việt - Anh)
77276,GHA,cong-nghe-thong-tin,A01,Điểm học bạ,2022,28.37,Công nghệ thông tin (Chương trình chấ lượng cao Công nghệ thông tin Việt - Anh)
77277,GHA,cong-nghe-thong-tin,D07,Điểm học bạ,2022,28.37,Công nghệ thông tin (Chương trình chấ lượng cao Công nghệ thông tin Việt - Anh)
77278,GHA,cong-nghe-thong-tin,A00,Điểm thi THPT,2022,25.9,Công nghệ thông tin
77279,GHA,cong-nghe-thong-tin,A01,Điểm thi THPT,2022,25.9,Công nghệ thông tin
77280,GHA,cong-nghe-thong-tin,D07,Điểm thi THPT,2022,25.9,Công nghệ thông tin
77281,GHA,cong-nghe-thong-tin,A00,Điểm học bạ,2023,27.98,Công nghệ thông tin (Chương trình chất lượng cao Công nghệ thông tin Việt - Anh)
77282,GHA,cong-nghe-thong-tin,A01,Điểm học bạ,2023,27.98,Công nghệ thông tin (Chương trình chất lượng cao Công nghệ thông tin Việt - Anh)
77283,GHA,cong-nghe-thong-tin,D01,Điểm học bạ,2023,27.98,Công nghệ thông tin (Chương trình chất lượng cao Công nghệ thông tin Việt - Anh)
77284,GHA,cong-nghe-thong-tin,D07,Điểm học bạ,2023,27.98,Công nghệ thông tin (Chương trình chất lượng cao Công nghệ thông tin Việt - Anh)
77285,GHA,cong-nghe-thong-tin,A00,Điểm thi THPT,2023,25.38,Công nghệ thông tin
77286,GHA,cong-nghe-thong-tin,A01,Điểm thi THPT,2023,25.38,Công nghệ thông tin
77287,GHA,cong-nghe-thong-tin,D07,Điểm thi THPT,2023,25.38,Công nghệ thông tin
77288,GHA,cong-nghe-thong-tin,A00,Điểm học bạ,2024,27.94,Công nghệ thông tin (Chương trình chất lượng cao Công nghệ thông tin Việt -Anh)
77289,GHA,cong-nghe-thong-tin,A01,Điểm học bạ,2024,27.94,Công nghệ thông tin (Chương trình chất lượng cao Công nghệ thông tin Việt -Anh)
77290,GHA,cong-nghe-thong-tin,D01,Điểm học bạ,2024,27.94,Công nghệ thông tin (Chương trình chất lượng cao Công nghệ thông tin Việt -Anh)
77291,GHA,cong-nghe-thong-tin,D07,Điểm học bạ,2024,27.94,Công nghệ thông tin (Chương trình chất lượng cao Công nghệ thông tin Việt -Anh)
77292,GHA,cong-nghe-thong-tin,A00,Điểm thi THPT,2024,25.41,Công nghệ thông tin
77293,GHA,cong-nghe-thong-tin,A01,Điểm thi THPT,2024,25.41,Công nghệ thông tin
77294,GHA,cong-nghe-thong-tin,D01,Điểm thi THPT,2024,24.4,Công nghệ thông tin (Chương trình chất lượng cao Công nghệ thông tin Việt - Anh)
77295,GHA,cong-nghe-thong-tin,D07,Điểm thi THPT,2024,25.41,Công nghệ thông tin
77296,GHA,cong-nghe-thong-tin,A00,Điểm học bạ,2025,25.39,Công nghệ thông tin (Chương trình CLC Công nghệ thông tin Việt-Anh)
77297,GHA,cong-nghe-thong-tin,A01,Điểm học bạ,2025,25.39,Công nghệ thông tin (Chương trình CLC Công nghệ thông tin Việt-Anh)
77298,GHA,cong-nghe-thong-tin,D07,Điểm học bạ,2025,25.39,Công nghệ thông tin (Chương trình CLC Công nghệ thông tin Việt-Anh)
77299,GHA,cong-nghe-thong-tin,X06,Điểm học bạ,2025,25.39,Công nghệ thông tin (Chương trình CLC Công nghệ thông tin Việt-Anh)
77300,GHA,cong-nghe-thong-tin,A00,Điểm thi THPT,2025,23.7,Công nghệ thông tin
77301,GHA,cong-nghe-thong-tin,A01,Điểm thi THPT,2025,23.7,Công nghệ thông tin
77302,GHA,cong-nghe-thong-tin,D07,Điểm thi THPT,2025,23.7,Công nghệ thông tin
77303,GHA,cong-nghe-thong-tin,X06,Điểm thi THPT,2025,23.7,Công nghệ thông tin
77304,GHA,dieu-khien-va-thong-tin-tin-hieu-duong-sat-hien-dai,A00,Điểm học bạ,2025,26.25,Kỹ thuật điều khiển và tự động hoá (chuyên ngành Điều khiển và thông tin tín hiệu đường sắt hiện đại)
77305,GHA,dieu-khien-va-thong-tin-tin-hieu-duong-sat-hien-dai,A01,Điểm học bạ,2025,26.25,Kỹ thuật điều khiển và tự động hoá (chuyên ngành Điều khiển và thông tin tín hiệu đường sắt hiện đại)
77306,GHA,dieu-khien-va-thong-tin-tin-hieu-duong-sat-hien-dai,D07,Điểm học bạ,2025,26.25,Kỹ thuật điều khiển và tự động hoá (chuyên ngành Điều khiển và thông tin tín hiệu đường sắt hiện đại)
77307,GHA,dieu-khien-va-thong-tin-tin-hieu-duong-sat-hien-dai,X06,Điểm học bạ,2025,26.25,Kỹ thuật điều khiển và tự động hoá (chuyên ngành Điều khiển và thông tin tín hiệu đường sắt hiện đại)
77308,GHA,dieu-khien-va-thong-tin-tin-hieu-duong-sat-hien-dai,A00,Điểm thi THPT,2025,24.39,Kỹ thuật điều khiển và tự động hoá (chuyên ngành Điều khiển và thông tin tín hiệu đường sắt hiện đại)
77309,GHA,dieu-khien-va-thong-tin-tin-hieu-duong-sat-hien-dai,A01,Điểm thi THPT,2025,24.39,Kỹ thuật điều khiển và tự động hoá (chuyên ngành Điều khiển và thông tin tín hiệu đường sắt hiện đại)
77310,GHA,dieu-khien-va-thong-tin-tin-hieu-duong-sat-hien-dai,D07,Điểm thi THPT,2025,24.39,Kỹ thuật điều khiển và tự động hoá (chuyên ngành Điều khiển và thông tin tín hiệu đường sắt hiện đại)
77311,GHA,dieu-khien-va-thong-tin-tin-hieu-duong-sat-hien-dai,X06,Điểm thi THPT,2025,24.39,Kỹ thuật điều khiển và tự động hoá (chuyên ngành Điều khiển và thông tin tín hiệu đường sắt hiện đại)
77312,GHA,duong-sat-toc-do-cao,A00,Điểm học bạ,2025,24.97,Kỹ thuật xây dựng công trình giao thông (chuyên ngành đường sắt tốc độ cao)
77313,GHA,duong-sat-toc-do-cao,A01,Điểm học bạ,2025,24.97,Kỹ thuật xây dựng công trình giao thông (chuyên ngành đường sắt tốc độ cao)
77314,GHA,duong-sat-toc-do-cao,D01,Điểm học bạ,2025,24.97,Kỹ thuật xây dựng công trình giao thông (chuyên ngành đường sắt tốc độ cao)
77315,GHA,duong-sat-toc-do-cao,D07,Điểm học bạ,2025,24.97,Kỹ thuật xây dựng công trình giao thông (chuyên ngành đường sắt tốc độ cao)
77316,GHA,duong-sat-toc-do-cao,X06,Điểm học bạ,2025,24.97,Kỹ thuật xây dựng công trình giao thông (chuyên ngành đường sắt tốc độ cao)
77317,GHA,duong-sat-toc-do-cao,A00,Điểm thi THPT,2025,22.47,Kỹ thuật xây dựng công trình giao thông (chuyên ngành đường sắt tốc độ cao)
77318,GHA,duong-sat-toc-do-cao,A01,Điểm thi THPT,2025,22.47,Kỹ thuật xây dựng công trình giao thông (chuyên ngành đường sắt tốc độ cao)
77319,GHA,duong-sat-toc-do-cao,D01,Điểm thi THPT,2025,22.47,Kỹ thuật xây dựng công trình giao thông (chuyên ngành đường sắt tốc độ cao)
77320,GHA,duong-sat-toc-do-cao,D07,Điểm thi THPT,2025,22.47,Kỹ thuật xây dựng công trình giao thông (chuyên ngành đường sắt tốc độ cao)
77321,GHA,duong-sat-toc-do-cao,X06,Điểm thi THPT,2025,22.47,Kỹ thuật xây dựng công trình giao thông (chuyên ngành đường sắt tốc độ cao)
77322,GHA,he-thong-dien-duong-sat-toc-do-cao-duong-sat-do-thi,A00,Điểm học bạ,2025,25.58,"Kỹ thuật điện (chuyên ngành Hệ thống điện đường sắt tốc độ cao, đường sắt đô thị)"
77323,GHA,he-thong-dien-duong-sat-toc-do-cao-duong-sat-do-thi,A01,Điểm học bạ,2025,25.58,"Kỹ thuật điện (chuyên ngành Hệ thống điện đường sắt tốc độ cao, đường sắt đô thị)"
77324,GHA,he-thong-dien-duong-sat-toc-do-cao-duong-sat-do-thi,D07,Điểm học bạ,2025,25.58,"Kỹ thuật điện (chuyên ngành Hệ thống điện đường sắt tốc độ cao, đường sắt đô thị)"
77325,GHA,he-thong-dien-duong-sat-toc-do-cao-duong-sat-do-thi,X06,Điểm học bạ,2025,25.58,"Kỹ thuật điện (chuyên ngành Hệ thống điện đường sắt tốc độ cao, đường sắt đô thị)"
77326,GHA,he-thong-dien-duong-sat-toc-do-cao-duong-sat-do-thi,A00,Điểm thi THPT,2025,23.39,"Kỹ thuật điện (chuyên ngành Hệ thống điện đường sắt tốc độ cao, đường sắt đô thị)"
77327,GHA,he-thong-dien-duong-sat-toc-do-cao-duong-sat-do-thi,A01,Điểm thi THPT,2025,23.39,"Kỹ thuật điện (chuyên ngành Hệ thống điện đường sắt tốc độ cao, đường sắt đô thị)"
77328,GHA,he-thong-dien-duong-sat-toc-do-cao-duong-sat-do-thi,D07,Điểm thi THPT,2025,23.39,"Kỹ thuật điện (chuyên ngành Hệ thống điện đường sắt tốc độ cao, đường sắt đô thị)"
77329,GHA,he-thong-dien-duong-sat-toc-do-cao-duong-sat-do-thi,X06,Điểm thi THPT,2025,23.39,"Kỹ thuật điện (chuyên ngành Hệ thống điện đường sắt tốc độ cao, đường sắt đô thị)"
77330,GHA,he-thong-giao-thong-thong-minh,A00,Điểm học bạ,2022,25.02,Hệ thống giao thông thông minh
77331,GHA,he-thong-giao-thong-thong-minh,A01,Điểm học bạ,2022,25.02,Hệ thống giao thông thông minh
77332,GHA,he-thong-giao-thong-thong-minh,D01,Điểm học bạ,2022,25.02,Hệ thống giao thông thông minh
77333,GHA,he-thong-giao-thong-thong-minh,D07,Điểm học bạ,2022,25.02,Hệ thống giao thông thông minh
77334,GHA,he-thong-giao-thong-thong-minh,A00,Điểm thi THPT,2022,17.1,Hệ thống giao thông thông minh
77335,GHA,he-thong-giao-thong-thong-minh,A01,Điểm thi THPT,2022,17.1,Hệ thống giao thông thông minh
77336,GHA,he-thong-giao-thong-thong-minh,D01,Điểm thi THPT,2022,17.1,Hệ thống giao thông thông minh
77337,GHA,he-thong-giao-thong-thong-minh,D07,Điểm thi THPT,2022,17.1,Hệ thống giao thông thông minh
77338,GHA,he-thong-giao-thong-thong-minh,A00,Điểm học bạ,2023,25.36,Hệ thống giao thông thông minh
77339,GHA,he-thong-giao-thong-thong-minh,A01,Điểm học bạ,2023,25.36,Hệ thống giao thông thông minh
77340,GHA,he-thong-giao-thong-thong-minh,D01,Điểm học bạ,2023,25.36,Hệ thống giao thông thông minh
77341,GHA,he-thong-giao-thong-thong-minh,D07,Điểm học bạ,2023,25.36,Hệ thống giao thông thông minh
77342,GHA,he-thong-giao-thong-thong-minh,A00,Điểm thi THPT,2023,21.45,Hệ thống giao thông thông minh
77343,GHA,he-thong-giao-thong-thong-minh,A01,Điểm thi THPT,2023,21.45,Hệ thống giao thông thông minh
77344,GHA,he-thong-giao-thong-thong-minh,D01,Điểm thi THPT,2023,21.45,Hệ thống giao thông thông minh
77345,GHA,he-thong-giao-thong-thong-minh,D07,Điểm thi THPT,2023,21.45,Hệ thống giao thông thông minh
77346,GHA,he-thong-giao-thong-thong-minh,A00,Điểm học bạ,2024,26.2,Hệ thống giao thông thông minh
77347,GHA,he-thong-giao-thong-thong-minh,A01,Điểm học bạ,2024,26.2,Hệ thống giao thông thông minh
77348,GHA,he-thong-giao-thong-thong-minh,D01,Điểm học bạ,2024,26.2,Hệ thống giao thông thông minh
77349,GHA,he-thong-giao-thong-thong-minh,D07,Điểm học bạ,2024,26.2,Hệ thống giao thông thông minh
77350,GHA,he-thong-giao-thong-thong-minh,A00,Điểm thi THPT,2024,22.8,Hệ thống giao thông thông minh
77351,GHA,he-thong-giao-thong-thong-minh,A01,Điểm thi THPT,2024,22.8,Hệ thống giao thông thông minh
77352,GHA,he-thong-giao-thong-thong-minh,D01,Điểm thi THPT,2024,22.8,Hệ thống giao thông thông minh
77353,GHA,he-thong-giao-thong-thong-minh,D07,Điểm thi THPT,2024,22.8,Hệ thống giao thông thông minh
77354,GHA,he-thong-giao-thong-thong-minh,A00,Điểm học bạ,2025,27.03,Kỹ thuật điều khiển và tự động hoá (chuyên ngành Hệ thống giao thông thông minh)
77355,GHA,he-thong-giao-thong-thong-minh,A01,Điểm học bạ,2025,27.03,Kỹ thuật điều khiển và tự động hoá (chuyên ngành Hệ thống giao thông thông minh)
77356,GHA,he-thong-giao-thong-thong-minh,D07,Điểm học bạ,2025,27.03,Kỹ thuật điều khiển và tự động hoá (chuyên ngành Hệ thống giao thông thông minh)
77357,GHA,he-thong-giao-thong-thong-minh,X06,Điểm học bạ,2025,27.03,Kỹ thuật điều khiển và tự động hoá (chuyên ngành Hệ thống giao thông thông minh)
77358,GHA,he-thong-giao-thong-thong-minh,A00,Điểm thi THPT,2025,25.56,Kỹ thuật điều khiển và tự động hoá (chuyên ngành Hệ thống giao thông thông minh)
77359,GHA,he-thong-giao-thong-thong-minh,A01,Điểm thi THPT,2025,25.56,Kỹ thuật điều khiển và tự động hoá (chuyên ngành Hệ thống giao thông thông minh)
77360,GHA,he-thong-giao-thong-thong-minh,D07,Điểm thi THPT,2025,25.56,Kỹ thuật điều khiển và tự động hoá (chuyên ngành Hệ thống giao thông thông minh)
77361,GHA,he-thong-giao-thong-thong-minh,X06,Điểm thi THPT,2025,25.56,Kỹ thuật điều khiển và tự động hoá (chuyên ngành Hệ thống giao thông thông minh)
77362,GHA,ke-toan,A00,Điểm thi THPT,2021,25.5,Kế toán
77363,GHA,ke-toan,A01,Điểm thi THPT,2021,25.5,Kế toán
77364,GHA,ke-toan,D01,Điểm thi THPT,2021,25.5,Kế toán
77365,GHA,ke-toan,D07,Điểm thi THPT,2021,25.5,Kế toán
77366,GHA,ke-toan,A00,Điểm học bạ,2022,27.67,Kế toán
77367,GHA,ke-toan,A01,Điểm học bạ,2022,27.67,Kế toán
77368,GHA,ke-toan,D01,Điểm học bạ,2022,27.67,Kế toán
77369,GHA,ke-toan,D07,Điểm học bạ,2022,27.67,Kế toán
77370,GHA,ke-toan,A00,Điểm thi THPT,2022,25.05,Kế toán
77371,GHA,ke-toan,A01,Điểm thi THPT,2022,25.05,Kế toán
77372,GHA,ke-toan,D01,Điểm thi THPT,2022,25.05,Kế toán
77373,GHA,ke-toan,D07,Điểm thi THPT,2022,25.05,Kế toán
77374,GHA,ke-toan,A00,Điểm học bạ,2023,27.57,Kế toán
77375,GHA,ke-toan,A01,Điểm học bạ,2023,27.57,Kế toán
77376,GHA,ke-toan,D01,Điểm học bạ,2023,27.57,Kế toán
77377,GHA,ke-toan,D07,Điểm học bạ,2023,27.57,Kế toán
77378,GHA,ke-toan,A00,Điểm thi THPT,2023,24.77,Kế toán
77379,GHA,ke-toan,A01,Điểm thi THPT,2023,24.77,Kế toán
77380,GHA,ke-toan,D01,Điểm thi THPT,2023,24.77,Kế toán
77381,GHA,ke-toan,D07,Điểm thi THPT,2023,24.77,Kế toán
77382,GHA,ke-toan,A00,Điểm học bạ,2024,27.8,Kế toán
77383,GHA,ke-toan,A01,Điểm học bạ,2024,27.8,Kế toán
77384,GHA,ke-toan,D01,Điểm học bạ,2024,27.8,Kế toán
77385,GHA,ke-toan,D07,Điểm học bạ,2024,27.8,Kế toán
77386,GHA,ke-toan,A00,Điểm thi THPT,2024,25.2,Kế toán
77387,GHA,ke-toan,A01,Điểm thi THPT,2024,25.2,Kế toán
77388,GHA,ke-toan,D01,Điểm thi THPT,2024,25.2,Kế toán
77389,GHA,ke-toan,D07,Điểm thi THPT,2024,25.2,Kế toán
77390,GHA,ke-toan,A00,Điểm học bạ,2025,24.09,Kế toán (Chương trình CLC Kế toán tổng hợp Việt-Anh)
77391,GHA,ke-toan,A01,Điểm học bạ,2025,24.09,Kế toán (Chương trình CLC Kế toán tổng hợp Việt-Anh)
77392,GHA,ke-toan,D01,Điểm học bạ,2025,24.09,Kế toán (Chương trình CLC Kế toán tổng hợp Việt-Anh)
77393,GHA,ke-toan,D07,Điểm học bạ,2025,24.09,Kế toán (Chương trình CLC Kế toán tổng hợp Việt-Anh)
77394,GHA,ke-toan,A00,Điểm thi THPT,2025,21.15,Kế toán (Chương trình CLC Kế toán tổng hợp Việt-Anh)
77395,GHA,ke-toan,A01,Điểm thi THPT,2025,21.15,Kế toán (Chương trình CLC Kế toán tổng hợp Việt-Anh)
77396,GHA,ke-toan,D01,Điểm thi THPT,2025,21.15,Kế toán (Chương trình CLC Kế toán tổng hợp Việt-Anh)
77397,GHA,ke-toan,D07,Điểm thi THPT,2025,21.15,Kế toán (Chương trình CLC Kế toán tổng hợp Việt-Anh)
77398,GHA,ke-toan-tong-hop,A00,Điểm học bạ,2025,26.93,Kế toán (chuyên ngành Kế toán tổng hợp)
77399,GHA,ke-toan-tong-hop,A01,Điểm học bạ,2025,26.93,Kế toán (chuyên ngành Kế toán tổng hợp)
77400,GHA,ke-toan-tong-hop,D01,Điểm học bạ,2025,26.93,Kế toán (chuyên ngành Kế toán tổng hợp)
77401,GHA,ke-toan-tong-hop,D07,Điểm học bạ,2025,26.93,Kế toán (chuyên ngành Kế toán tổng hợp)
77402,GHA,ke-toan-tong-hop,A00,Điểm thi THPT,2025,25.41,Kế toán (chuyên ngành Kế toán tổng hợp)
77403,GHA,ke-toan-tong-hop,A01,Điểm thi THPT,2025,25.41,Kế toán (chuyên ngành Kế toán tổng hợp)
77404,GHA,ke-toan-tong-hop,D01,Điểm thi THPT,2025,25.41,Kế toán (chuyên ngành Kế toán tổng hợp)
77405,GHA,ke-toan-tong-hop,D07,Điểm thi THPT,2025,25.41,Kế toán (chuyên ngành Kế toán tổng hợp)
77406,GHA,khai-thac-va-quan-ly-duong-sat-toc-do-cao-khai-thac-va-quan-ly-duong-sat-do-thi,A00,Điểm học bạ,2025,24.19,"Khai thác vận tải (chuyên ngành Khai thác và quản lý đường sắt tốc độ cao, Khai thác và quản lý đường sắt đô thị)"
77407,GHA,khai-thac-va-quan-ly-duong-sat-toc-do-cao-khai-thac-va-quan-ly-duong-sat-do-thi,A01,Điểm học bạ,2025,24.19,"Khai thác vận tải (chuyên ngành Khai thác và quản lý đường sắt tốc độ cao, Khai thác và quản lý đường sắt đô thị)"
77408,GHA,khai-thac-va-quan-ly-duong-sat-toc-do-cao-khai-thac-va-quan-ly-duong-sat-do-thi,D01,Điểm học bạ,2025,24.19,"Khai thác vận tải (chuyên ngành Khai thác và quản lý đường sắt tốc độ cao, Khai thác và quản lý đường sắt đô thị)"
77409,GHA,khai-thac-va-quan-ly-duong-sat-toc-do-cao-khai-thac-va-quan-ly-duong-sat-do-thi,D07,Điểm học bạ,2025,24.19,"Khai thác vận tải (chuyên ngành Khai thác và quản lý đường sắt tốc độ cao, Khai thác và quản lý đường sắt đô thị)"
77410,GHA,khai-thac-va-quan-ly-duong-sat-toc-do-cao-khai-thac-va-quan-ly-duong-sat-do-thi,A00,Điểm thi THPT,2025,21.29,"Khai thác vận tải (chuyên ngành Khai thác và quản lý đường sắt tốc độ cao, Khai thác và quản lý đường sắt đô thị)"
77411,GHA,khai-thac-va-quan-ly-duong-sat-toc-do-cao-khai-thac-va-quan-ly-duong-sat-do-thi,A01,Điểm thi THPT,2025,21.29,"Khai thác vận tải (chuyên ngành Khai thác và quản lý đường sắt tốc độ cao, Khai thác và quản lý đường sắt đô thị)"
77412,GHA,khai-thac-va-quan-ly-duong-sat-toc-do-cao-khai-thac-va-quan-ly-duong-sat-do-thi,D01,Điểm thi THPT,2025,21.29,"Khai thác vận tải (chuyên ngành Khai thác và quản lý đường sắt tốc độ cao, Khai thác và quản lý đường sắt đô thị)"
77413,GHA,khai-thac-va-quan-ly-duong-sat-toc-do-cao-khai-thac-va-quan-ly-duong-sat-do-thi,D07,Điểm thi THPT,2025,21.29,"Khai thác vận tải (chuyên ngành Khai thác và quản lý đường sắt tốc độ cao, Khai thác và quản lý đường sắt đô thị)"
77414,GHA,khai-thac-van-tai,A00,Điểm thi THPT,2021,24.6,Khai thác vận tải
77415,GHA,khai-thac-van-tai,A01,Điểm thi THPT,2021,24.6,Khai thác vận tải
77416,GHA,khai-thac-van-tai,D01,Điểm thi THPT,2021,24.6,Khai thác vận tải
77417,GHA,khai-thac-van-tai,D07,Điểm thi THPT,2021,24.6,Khai thác vận tải
77418,GHA,khai-thac-van-tai,A00,Điểm học bạ,2022,25.92,Khai thác vận tải
77419,GHA,khai-thac-van-tai,A01,Điểm học bạ,2022,25.92,Khai thác vận tải
77420,GHA,khai-thac-van-tai,D01,Điểm học bạ,2022,25.92,Khai thác vận tải
77421,GHA,khai-thac-van-tai,D07,Điểm học bạ,2022,25.92,Khai thác vận tải
77422,GHA,khai-thac-van-tai,A00,Điểm thi THPT,2022,24.7,Khai thác vận tải
77423,GHA,khai-thac-van-tai,A01,Điểm thi THPT,2022,24.7,Khai thác vận tải
77424,GHA,khai-thac-van-tai,D01,Điểm thi THPT,2022,24.7,Khai thác vận tải
77425,GHA,khai-thac-van-tai,D07,Điểm thi THPT,2022,24.7,Khai thác vận tải
77426,GHA,khai-thac-van-tai,A00,Điểm học bạ,2023,26.16,Khai thác vận tải
77427,GHA,khai-thac-van-tai,A01,Điểm học bạ,2023,26.16,Khai thác vận tải
77428,GHA,khai-thac-van-tai,D01,Điểm học bạ,2023,26.16,Khai thác vận tải
77429,GHA,khai-thac-van-tai,D07,Điểm học bạ,2023,26.16,Khai thác vận tải
77430,GHA,khai-thac-van-tai,A00,Điểm thi THPT,2023,24.4,Khai thác vận tải
77431,GHA,khai-thac-van-tai,A01,Điểm thi THPT,2023,24.4,Khai thác vận tải
77432,GHA,khai-thac-van-tai,D01,Điểm thi THPT,2023,24.4,Khai thác vận tải
77433,GHA,khai-thac-van-tai,D07,Điểm thi THPT,2023,24.4,Khai thác vận tải
77434,GHA,khai-thac-van-tai,A00,Điểm học bạ,2024,26.59,Khai thác vận tải
77435,GHA,khai-thac-van-tai,A01,Điểm học bạ,2024,26.59,Khai thác vận tải
77436,GHA,khai-thac-van-tai,D01,Điểm học bạ,2024,26.59,Khai thác vận tải
77437,GHA,khai-thac-van-tai,D07,Điểm học bạ,2024,26.59,Khai thác vận tải
77438,GHA,khai-thac-van-tai,A00,Điểm thi THPT,2024,25.07,Khai thác vận tải
77439,GHA,khai-thac-van-tai,A01,Điểm thi THPT,2024,25.07,Khai thác vận tải
77440,GHA,khai-thac-van-tai,D01,Điểm thi THPT,2024,25.07,Khai thác vận tải
77441,GHA,khai-thac-van-tai,D07,Điểm thi THPT,2024,25.07,Khai thác vận tải
77442,GHA,khai-thac-van-tai,A00,Điểm học bạ,2025,26.65,"Khai thác vận tải (chuyên ngành: Vận tải - Thương mại quốc tế, Quy hoạch và quản lý GTVT đô thị, Vận tải - Kinh tế đường bộ và thành phố, Vận tải đường sắt)"
77443,GHA,khai-thac-van-tai,A01,Điểm học bạ,2025,26.65,"Khai thác vận tải (chuyên ngành: Vận tải - Thương mại quốc tế, Quy hoạch và quản lý GTVT đô thị, Vận tải - Kinh tế đường bộ và thành phố, Vận tải đường sắt)"
77444,GHA,khai-thac-van-tai,D01,Điểm học bạ,2025,26.65,"Khai thác vận tải (chuyên ngành: Vận tải - Thương mại quốc tế, Quy hoạch và quản lý GTVT đô thị, Vận tải - Kinh tế đường bộ và thành phố, Vận tải đường sắt)"
77445,GHA,khai-thac-van-tai,D07,Điểm học bạ,2025,26.65,"Khai thác vận tải (chuyên ngành: Vận tải - Thương mại quốc tế, Quy hoạch và quản lý GTVT đô thị, Vận tải - Kinh tế đường bộ và thành phố, Vận tải đường sắt)"
77446,GHA,khai-thac-van-tai,A00,Điểm thi THPT,2025,24.99,"Khai thác vận tải (chuyên ngành: Vận tải - Thương mại quốc tế, Quy hoạch và quản lý GTVT đô thị, Vận tải - Kinh tế đường bộ và thành phố, Vận tải đường sắt)"
77447,GHA,khai-thac-van-tai,A01,Điểm thi THPT,2025,24.99,"Khai thác vận tải (chuyên ngành: Vận tải - Thương mại quốc tế, Quy hoạch và quản lý GTVT đô thị, Vận tải - Kinh tế đường bộ và thành phố, Vận tải đường sắt)"
77448,GHA,khai-thac-van-tai,D01,Điểm thi THPT,2025,24.99,"Khai thác vận tải (chuyên ngành: Vận tải - Thương mại quốc tế, Quy hoạch và quản lý GTVT đô thị, Vận tải - Kinh tế đường bộ và thành phố, Vận tải đường sắt)"
77449,GHA,khai-thac-van-tai,D07,Điểm thi THPT,2025,24.99,"Khai thác vận tải (chuyên ngành: Vận tải - Thương mại quốc tế, Quy hoạch và quản lý GTVT đô thị, Vận tải - Kinh tế đường bộ và thành phố, Vận tải đường sắt)"
77450,GHA,khoa-hoc-may-tinh,A00,Điểm thi THPT,2022,25.25,Khoa học máy tính
77451,GHA,khoa-hoc-may-tinh,A01,Điểm thi THPT,2022,25.25,Khoa học máy tính
77452,GHA,khoa-hoc-may-tinh,D07,Điểm thi THPT,2022,25.25,Khoa học máy tính
77453,GHA,khoa-hoc-may-tinh,A00,Điểm thi THPT,2023,25.24,Khoa học máy tính
77454,GHA,khoa-hoc-may-tinh,A01,Điểm thi THPT,2023,25.24,Khoa học máy tính
77455,GHA,khoa-hoc-may-tinh,D07,Điểm thi THPT,2023,25.24,Khoa học máy tính
77456,GHA,khoa-hoc-may-tinh,A00,Điểm thi THPT,2024,25.41,Khoa học máy tính
77457,GHA,khoa-hoc-may-tinh,A01,Điểm thi THPT,2024,25.41,Khoa học máy tính
77458,GHA,khoa-hoc-may-tinh,D07,Điểm thi THPT,2024,25.41,Khoa học máy tính
77459,GHA,khoa-hoc-may-tinh,A00,Điểm thi THPT,2025,24.35,Khoa học máy tính
77460,GHA,khoa-hoc-may-tinh,A01,Điểm thi THPT,2025,24.35,Khoa học máy tính
77461,GHA,khoa-hoc-may-tinh,D07,Điểm thi THPT,2025,24.35,Khoa học máy tính
77462,GHA,khoa-hoc-may-tinh,X06,Điểm thi THPT,2025,24.35,Khoa học máy tính
77463,GHA,kien-truc,A00,Điểm học bạ,2024,26.27,Kiến trúc
77464,GHA,kien-truc,A01,Điểm học bạ,2024,26.27,Kiến trúc
77465,GHA,kien-truc,A00,Điểm thi THPT,2024,21.6,Kiến trúc
77466,GHA,kien-truc,A01,Điểm thi THPT,2024,21.6,Kiến trúc
77467,GHA,kien-truc,V00,Điểm thi THPT,2024,21.6,Kiến trúc
77468,GHA,kien-truc,V01,Điểm thi THPT,2024,21.6,Kiến trúc
77469,GHA,kien-truc,A00,Điểm học bạ,2025,25.67,Kiến trúc
77470,GHA,kien-truc,A01,Điểm học bạ,2025,25.67,Kiến trúc
77471,GHA,kien-truc,V00,Điểm học bạ,2025,25.67,Kiến trúc
77472,GHA,kien-truc,V01,Điểm học bạ,2025,25.67,Kiến trúc
77473,GHA,kien-truc,A00,Điểm thi THPT,2025,23.52,Kiến trúc
77474,GHA,kien-truc,A01,Điểm thi THPT,2025,23.52,Kiến trúc
77475,GHA,kien-truc,V00,Điểm thi THPT,2025,23.52,Kiến trúc
77476,GHA,kien-truc,V01,Điểm thi THPT,2025,23.52,Kiến trúc
77477,GHA,kinh-doanh-quoc-te,A00,Điểm học bạ,2022,24.37,"Chương trình liên kết quốc tế Ngành kinh doanh quốc tế (Đại học Ecole Normandie, nước Pháp cấp bằng)"
77478,GHA,kinh-doanh-quoc-te,A01,Điểm học bạ,2022,24.37,"Chương trình liên kết quốc tế Ngành kinh doanh quốc tế (Đại học Ecole Normandie, nước Pháp cấp bằng)"
77479,GHA,kinh-doanh-quoc-te,D01,Điểm học bạ,2022,24.37,"Chương trình liên kết quốc tế Ngành kinh doanh quốc tế (Đại học Ecole Normandie, nước Pháp cấp bằng)"
77480,GHA,kinh-doanh-quoc-te,D07,Điểm học bạ,2022,24.37,"Chương trình liên kết quốc tế Ngành kinh doanh quốc tế (Đại học Ecole Normandie, nước Pháp cấp bằng)"
77481,GHA,kinh-doanh-quoc-te,A00,Điểm học bạ,2023,20.0,"Chương trình liên kết quốc tế Ngành kinh doanh quốc tế (Đại học Ecole Normandie, nước Pháp cấp bằng)"
77482,GHA,kinh-doanh-quoc-te,A01,Điểm học bạ,2023,20.0,"Chương trình liên kết quốc tế Ngành kinh doanh quốc tế (Đại học Ecole Normandie, nước Pháp cấp bằng)"
77483,GHA,kinh-doanh-quoc-te,D01,Điểm học bạ,2023,20.0,"Chương trình liên kết quốc tế Ngành kinh doanh quốc tế (Đại học Ecole Normandie, nước Pháp cấp bằng)"
77484,GHA,kinh-doanh-quoc-te,D07,Điểm học bạ,2023,20.0,"Chương trình liên kết quốc tế Ngành kinh doanh quốc tế (Đại học Ecole Normandie, nước Pháp cấp bằng)"
77485,GHA,kinh-te,A00,Điểm thi THPT,2021,25.15,Kinh tế
77486,GHA,kinh-te,A01,Điểm thi THPT,2021,25.15,Kinh tế
77487,GHA,kinh-te,D01,Điểm thi THPT,2021,25.15,Kinh tế
77488,GHA,kinh-te,D07,Điểm thi THPT,2021,25.15,Kinh tế
77489,GHA,kinh-te,A00,Điểm học bạ,2022,27.75,Kinh tế
77490,GHA,kinh-te,A01,Điểm học bạ,2022,27.75,Kinh tế
77491,GHA,kinh-te,D01,Điểm học bạ,2022,27.75,Kinh tế
77492,GHA,kinh-te,D07,Điểm học bạ,2022,27.75,Kinh tế
77493,GHA,kinh-te,A00,Điểm thi THPT,2022,25.0,Kinh tế
77494,GHA,kinh-te,A01,Điểm thi THPT,2022,25.0,Kinh tế
77495,GHA,kinh-te,D01,Điểm thi THPT,2022,25.0,Kinh tế
77496,GHA,kinh-te,D07,Điểm thi THPT,2022,25.0,Kinh tế
77497,GHA,kinh-te,A00,Điểm học bạ,2023,27.64,Kinh tế
77498,GHA,kinh-te,A01,Điểm học bạ,2023,27.64,Kinh tế
77499,GHA,kinh-te,D01,Điểm học bạ,2023,27.64,Kinh tế
77500,GHA,kinh-te,D07,Điểm học bạ,2023,27.64,Kinh tế
77501,GHA,kinh-te,A00,Điểm thi THPT,2023,24.96,Kinh tế
77502,GHA,kinh-te,A01,Điểm thi THPT,2023,24.96,Kinh tế
77503,GHA,kinh-te,D01,Điểm thi THPT,2023,24.96,Kinh tế
77504,GHA,kinh-te,D07,Điểm thi THPT,2023,24.96,Kinh tế
77505,GHA,kinh-te,A00,Điểm học bạ,2024,27.87,Kinh tế
77506,GHA,kinh-te,A01,Điểm học bạ,2024,27.87,Kinh tế
77507,GHA,kinh-te,D01,Điểm học bạ,2024,27.87,Kinh tế
77508,GHA,kinh-te,D07,Điểm học bạ,2024,27.87,Kinh tế
77509,GHA,kinh-te,A00,Điểm thi THPT,2024,25.19,Kinh tế
77510,GHA,kinh-te,A01,Điểm thi THPT,2024,25.19,Kinh tế
77511,GHA,kinh-te,D01,Điểm thi THPT,2024,25.19,Kinh tế
77512,GHA,kinh-te,D07,Điểm thi THPT,2024,25.19,Kinh tế
77513,GHA,kinh-te,A00,Điểm học bạ,2025,26.76,"Kinh tế (chuyên ngành: kinh tế và quản lý đầu tư, kinh tế bưu chính viễn thông)"
77514,GHA,kinh-te,A01,Điểm học bạ,2025,26.76,"Kinh tế (chuyên ngành: kinh tế và quản lý đầu tư, kinh tế bưu chính viễn thông)"
77515,GHA,kinh-te,D01,Điểm học bạ,2025,26.76,"Kinh tế (chuyên ngành: kinh tế và quản lý đầu tư, kinh tế bưu chính viễn thông)"
77516,GHA,kinh-te,D07,Điểm học bạ,2025,26.76,"Kinh tế (chuyên ngành: kinh tế và quản lý đầu tư, kinh tế bưu chính viễn thông)"
77517,GHA,kinh-te,A00,Điểm thi THPT,2025,25.15,"Kinh tế (chuyên ngành: kinh tế và quản lý đầu tư, kinh tế bưu chính viễn thông)"
77518,GHA,kinh-te,A01,Điểm thi THPT,2025,25.15,"Kinh tế (chuyên ngành: kinh tế và quản lý đầu tư, kinh tế bưu chính viễn thông)"
77519,GHA,kinh-te,D01,Điểm thi THPT,2025,25.15,"Kinh tế (chuyên ngành: kinh tế và quản lý đầu tư, kinh tế bưu chính viễn thông)"
77520,GHA,kinh-te,D07,Điểm thi THPT,2025,25.15,"Kinh tế (chuyên ngành: kinh tế và quản lý đầu tư, kinh tế bưu chính viễn thông)"
77521,GHA,kinh-te-van-tai,A00,Điểm thi THPT,2021,24.05,Kinh tế vận tải
77522,GHA,kinh-te-van-tai,A01,Điểm thi THPT,2021,24.05,Kinh tế vận tải
77523,GHA,kinh-te-van-tai,D01,Điểm thi THPT,2021,24.05,Kinh tế vận tải
77524,GHA,kinh-te-van-tai,D07,Điểm thi THPT,2021,24.05,Kinh tế vận tải
77525,GHA,kinh-te-van-tai,A00,Điểm học bạ,2022,26.53,Kinh tế vận tải
77526,GHA,kinh-te-van-tai,A01,Điểm học bạ,2022,26.53,Kinh tế vận tải
77527,GHA,kinh-te-van-tai,D01,Điểm học bạ,2022,26.53,Kinh tế vận tải
77528,GHA,kinh-te-van-tai,D07,Điểm học bạ,2022,26.53,Kinh tế vận tải
77529,GHA,kinh-te-van-tai,A00,Điểm thi THPT,2022,24.2,Kinh tế vận tải
77530,GHA,kinh-te-van-tai,A01,Điểm thi THPT,2022,24.2,Kinh tế vận tải
77531,GHA,kinh-te-van-tai,D01,Điểm thi THPT,2022,24.2,Kinh tế vận tải
77532,GHA,kinh-te-van-tai,D07,Điểm thi THPT,2022,24.2,Kinh tế vận tải
77533,GHA,kinh-te-van-tai,A00,Điểm học bạ,2023,26.73,Kinh tế vận tải
77534,GHA,kinh-te-van-tai,A01,Điểm học bạ,2023,26.73,Kinh tế vận tải
77535,GHA,kinh-te-van-tai,D01,Điểm học bạ,2023,26.73,Kinh tế vận tải
77536,GHA,kinh-te-van-tai,D07,Điểm học bạ,2023,26.73,Kinh tế vận tải
77537,GHA,kinh-te-van-tai,A00,Điểm thi THPT,2023,24.35,Kinh tế vận tải
77538,GHA,kinh-te-van-tai,A01,Điểm thi THPT,2023,24.35,Kinh tế vận tải
77539,GHA,kinh-te-van-tai,D01,Điểm thi THPT,2023,24.35,Kinh tế vận tải
77540,GHA,kinh-te-van-tai,D07,Điểm thi THPT,2023,24.35,Kinh tế vận tải
77541,GHA,kinh-te-van-tai,A00,Điểm học bạ,2024,27.2,Kinh tế vận tải
77542,GHA,kinh-te-van-tai,A01,Điểm học bạ,2024,27.2,Kinh tế vận tải
77543,GHA,kinh-te-van-tai,D01,Điểm học bạ,2024,27.2,Kinh tế vận tải
77544,GHA,kinh-te-van-tai,D07,Điểm học bạ,2024,27.2,Kinh tế vận tải
77545,GHA,kinh-te-van-tai,A00,Điểm thi THPT,2024,25.01,Kinh tế vận tải
77546,GHA,kinh-te-van-tai,A01,Điểm thi THPT,2024,25.01,Kinh tế vận tải
77547,GHA,kinh-te-van-tai,D01,Điểm thi THPT,2024,25.01,Kinh tế vận tải
77548,GHA,kinh-te-van-tai,D07,Điểm thi THPT,2024,25.01,Kinh tế vận tải
77549,GHA,kinh-te-van-tai,A00,Điểm học bạ,2025,26.7,"Kinh tế vận tải (chuyên ngành: Kinh tế vận tải ô tô, Kinh tế vận tải hàng không, Kinh tế vận tải đường sắt, Kinh tế vận tải thuỷ bộ)"
77550,GHA,kinh-te-van-tai,A01,Điểm học bạ,2025,26.7,"Kinh tế vận tải (chuyên ngành: Kinh tế vận tải ô tô, Kinh tế vận tải hàng không, Kinh tế vận tải đường sắt, Kinh tế vận tải thuỷ bộ)"
77551,GHA,kinh-te-van-tai,D01,Điểm học bạ,2025,26.7,"Kinh tế vận tải (chuyên ngành: Kinh tế vận tải ô tô, Kinh tế vận tải hàng không, Kinh tế vận tải đường sắt, Kinh tế vận tải thuỷ bộ)"
77552,GHA,kinh-te-van-tai,D07,Điểm học bạ,2025,26.7,"Kinh tế vận tải (chuyên ngành: Kinh tế vận tải ô tô, Kinh tế vận tải hàng không, Kinh tế vận tải đường sắt, Kinh tế vận tải thuỷ bộ)"
77553,GHA,kinh-te-van-tai,A00,Điểm thi THPT,2025,25.07,"Kinh tế vận tải (chuyên ngành: Kinh tế vận tải ô tô, Kinh tế vận tải hàng không, Kinh tế vận tải đường sắt, Kinh tế vận tải thuỷ bộ)"
77554,GHA,kinh-te-van-tai,A01,Điểm thi THPT,2025,25.07,"Kinh tế vận tải (chuyên ngành: Kinh tế vận tải ô tô, Kinh tế vận tải hàng không, Kinh tế vận tải đường sắt, Kinh tế vận tải thuỷ bộ)"
77555,GHA,kinh-te-van-tai,D01,Điểm thi THPT,2025,25.07,"Kinh tế vận tải (chuyên ngành: Kinh tế vận tải ô tô, Kinh tế vận tải hàng không, Kinh tế vận tải đường sắt, Kinh tế vận tải thuỷ bộ)"
77556,GHA,kinh-te-van-tai,D07,Điểm thi THPT,2025,25.07,"Kinh tế vận tải (chuyên ngành: Kinh tế vận tải ô tô, Kinh tế vận tải hàng không, Kinh tế vận tải đường sắt, Kinh tế vận tải thuỷ bộ)"
77557,GHA,kinh-te-xay-dung,A00,Điểm thi THPT,2021,24.0,Kinh tế xây dựng
77558,GHA,kinh-te-xay-dung,A01,Điểm thi THPT,2021,24.0,Kinh tế xây dựng
77559,GHA,kinh-te-xay-dung,D01,Điểm thi THPT,2021,24.0,Kinh tế xây dựng
77560,GHA,kinh-te-xay-dung,D07,Điểm thi THPT,2021,24.0,Kinh tế xây dựng
77561,GHA,kinh-te-xay-dung,A00,Điểm học bạ,2022,26.18,Kinh tế xây dựng
77562,GHA,kinh-te-xay-dung,A01,Điểm học bạ,2022,26.18,Kinh tế xây dựng
77563,GHA,kinh-te-xay-dung,D01,Điểm học bạ,2022,26.18,Kinh tế xây dựng
77564,GHA,kinh-te-xay-dung,D07,Điểm học bạ,2022,26.18,Kinh tế xây dựng
77565,GHA,kinh-te-xay-dung,A00,Điểm thi THPT,2022,24.1,Kinh tế xây dựng
77566,GHA,kinh-te-xay-dung,A01,Điểm thi THPT,2022,24.1,Kinh tế xây dựng
77567,GHA,kinh-te-xay-dung,D01,Điểm thi THPT,2022,24.1,Kinh tế xây dựng
77568,GHA,kinh-te-xay-dung,D07,Điểm thi THPT,2022,24.1,Kinh tế xây dựng
77569,GHA,kinh-te-xay-dung,A00,Điểm học bạ,2023,26.48,Kinh tế xây dựng
77570,GHA,kinh-te-xay-dung,A01,Điểm học bạ,2023,26.48,Kinh tế xây dựng
77571,GHA,kinh-te-xay-dung,D01,Điểm học bạ,2023,26.48,Kinh tế xây dựng
77572,GHA,kinh-te-xay-dung,D07,Điểm học bạ,2023,26.48,Kinh tế xây dựng
77573,GHA,kinh-te-xay-dung,A00,Điểm thi THPT,2023,23.98,Kinh tế xây dựng
77574,GHA,kinh-te-xay-dung,A01,Điểm thi THPT,2023,23.98,Kinh tế xây dựng
77575,GHA,kinh-te-xay-dung,D01,Điểm thi THPT,2023,23.98,Kinh tế xây dựng
77576,GHA,kinh-te-xay-dung,D07,Điểm thi THPT,2023,23.98,Kinh tế xây dựng
77577,GHA,kinh-te-xay-dung,A00,Điểm học bạ,2024,26.75,Kinh tế xây dựng
77578,GHA,kinh-te-xay-dung,A01,Điểm học bạ,2024,26.75,Kinh tế xây dựng
77579,GHA,kinh-te-xay-dung,D01,Điểm học bạ,2024,26.75,Kinh tế xây dựng
77580,GHA,kinh-te-xay-dung,D07,Điểm học bạ,2024,26.75,Kinh tế xây dựng
77581,GHA,kinh-te-xay-dung,A00,Điểm thi THPT,2024,24.45,Kinh tế xây dựng
77582,GHA,kinh-te-xay-dung,A01,Điểm thi THPT,2024,24.45,Kinh tế xây dựng
77583,GHA,kinh-te-xay-dung,D01,Điểm thi THPT,2024,24.45,Kinh tế xây dựng
77584,GHA,kinh-te-xay-dung,D07,Điểm thi THPT,2024,24.45,Kinh tế xây dựng
77585,GHA,kinh-te-xay-dung,A00,Điểm học bạ,2025,26.04,Kinh tế xây dựng (chuyên ngành: Kinh tế và quản lý đầu tư xây dựng)
77586,GHA,kinh-te-xay-dung,A01,Điểm học bạ,2025,26.04,Kinh tế xây dựng (chuyên ngành: Kinh tế và quản lý đầu tư xây dựng)
77587,GHA,kinh-te-xay-dung,D01,Điểm học bạ,2025,26.04,Kinh tế xây dựng (chuyên ngành: Kinh tế và quản lý đầu tư xây dựng)
77588,GHA,kinh-te-xay-dung,D07,Điểm học bạ,2025,26.04,Kinh tế xây dựng (chuyên ngành: Kinh tế và quản lý đầu tư xây dựng)
77589,GHA,kinh-te-xay-dung,X06,Điểm học bạ,2025,26.04,Kinh tế xây dựng (chuyên ngành: Kinh tế và quản lý đầu tư xây dựng)
77590,GHA,kinh-te-xay-dung,A00,Điểm thi THPT,2025,24.08,Kinh tế xây dựng (chuyên ngành: Kinh tế và quản lý đầu tư xây dựng)
77591,GHA,kinh-te-xay-dung,A01,Điểm thi THPT,2025,24.08,Kinh tế xây dựng (chuyên ngành: Kinh tế và quản lý đầu tư xây dựng)
77592,GHA,kinh-te-xay-dung,D01,Điểm thi THPT,2025,24.08,Kinh tế xây dựng (chuyên ngành: Kinh tế và quản lý đầu tư xây dựng)
77593,GHA,kinh-te-xay-dung,D07,Điểm thi THPT,2025,24.08,Kinh tế xây dựng (chuyên ngành: Kinh tế và quản lý đầu tư xây dựng)
77594,GHA,kinh-te-xay-dung,X06,Điểm thi THPT,2025,24.08,Kinh tế xây dựng (chuyên ngành: Kinh tế và quản lý đầu tư xây dựng)
77595,GHA,ky-thuat-co-dien-tu,A00,Điểm thi THPT,2021,25.05,Kỹ thuật cơ điện tử
77596,GHA,ky-thuat-co-dien-tu,A01,Điểm thi THPT,2021,25.05,Kỹ thuật cơ điện tử
77597,GHA,ky-thuat-co-dien-tu,D01,Điểm thi THPT,2021,25.05,Kỹ thuật cơ điện tử
77598,GHA,ky-thuat-co-dien-tu,D07,Điểm thi THPT,2021,25.05,Kỹ thuật cơ điện tử
77599,GHA,ky-thuat-co-dien-tu,A00,Điểm thi THPT,2022,24.85,Kỹ thuật cơ điện tử
77600,GHA,ky-thuat-co-dien-tu,A01,Điểm thi THPT,2022,24.85,Kỹ thuật cơ điện tử
77601,GHA,ky-thuat-co-dien-tu,D01,Điểm thi THPT,2022,24.85,Kỹ thuật cơ điện tử
77602,GHA,ky-thuat-co-dien-tu,D07,Điểm thi THPT,2022,24.85,Kỹ thuật cơ điện tử
77603,GHA,ky-thuat-co-dien-tu,A00,Điểm thi THPT,2023,24.87,Kỹ thuật cơ điện tử
77604,GHA,ky-thuat-co-dien-tu,A01,Điểm thi THPT,2023,24.87,Kỹ thuật cơ điện tử
77605,GHA,ky-thuat-co-dien-tu,D01,Điểm thi THPT,2023,24.87,Kỹ thuật cơ điện tử
77606,GHA,ky-thuat-co-dien-tu,D07,Điểm thi THPT,2023,24.87,Kỹ thuật cơ điện tử
77607,GHA,ky-thuat-co-dien-tu,A00,Điểm thi THPT,2024,25.66,Kỹ thuật cơ điện tử
77608,GHA,ky-thuat-co-dien-tu,A01,Điểm thi THPT,2024,25.66,Kỹ thuật cơ điện tử
77609,GHA,ky-thuat-co-dien-tu,D01,Điểm thi THPT,2024,25.66,Kỹ thuật cơ điện tử
77610,GHA,ky-thuat-co-dien-tu,D07,Điểm thi THPT,2024,25.66,Kỹ thuật cơ điện tử
77611,GHA,ky-thuat-co-dien-tu,A00,Điểm thi THPT,2025,24.93,Kỹ thuật cơ điện tử
77612,GHA,ky-thuat-co-dien-tu,A01,Điểm thi THPT,2025,24.93,Kỹ thuật cơ điện tử
77613,GHA,ky-thuat-co-dien-tu,D07,Điểm thi THPT,2025,24.93,Kỹ thuật cơ điện tử
77614,GHA,ky-thuat-co-dien-tu,X06,Điểm thi THPT,2025,24.93,Kỹ thuật cơ điện tử
77615,GHA,ky-thuat-co-khi,A00,Điểm thi THPT,2021,24.4,Kỹ thuật cơ khí
77616,GHA,ky-thuat-co-khi,A01,Điểm thi THPT,2021,24.4,Kỹ thuật cơ khí
77617,GHA,ky-thuat-co-khi,D01,Điểm thi THPT,2021,24.4,Kỹ thuật cơ khí
77618,GHA,ky-thuat-co-khi,D07,Điểm thi THPT,2021,24.4,Kỹ thuật cơ khí
77619,GHA,ky-thuat-co-khi,A00,Điểm học bạ,2022,26.9,Kỹ thuật cơ khí
77620,GHA,ky-thuat-co-khi,A01,Điểm học bạ,2022,26.9,Kỹ thuật cơ khí
77621,GHA,ky-thuat-co-khi,D01,Điểm học bạ,2022,26.9,Kỹ thuật cơ khí
77622,GHA,ky-thuat-co-khi,D07,Điểm học bạ,2022,26.9,Kỹ thuật cơ khí
77623,GHA,ky-thuat-co-khi,A00,Điểm thi THPT,2022,23.6,Kỹ thuật cơ khí
77624,GHA,ky-thuat-co-khi,A01,Điểm thi THPT,2022,23.6,Kỹ thuật cơ khí
77625,GHA,ky-thuat-co-khi,D01,Điểm thi THPT,2022,23.6,Kỹ thuật cơ khí
77626,GHA,ky-thuat-co-khi,D07,Điểm thi THPT,2022,23.6,Kỹ thuật cơ khí
77627,GHA,ky-thuat-co-khi,A00,Điểm học bạ,2023,26.88,Kỹ thuật cơ khí
77628,GHA,ky-thuat-co-khi,A01,Điểm học bạ,2023,26.88,Kỹ thuật cơ khí
77629,GHA,ky-thuat-co-khi,D01,Điểm học bạ,2023,26.88,Kỹ thuật cơ khí
77630,GHA,ky-thuat-co-khi,D07,Điểm học bạ,2023,26.88,Kỹ thuật cơ khí
77631,GHA,ky-thuat-co-khi,A00,Điểm thi THPT,2023,23.79,Kỹ thuật cơ khí
77632,GHA,ky-thuat-co-khi,A01,Điểm thi THPT,2023,23.79,Kỹ thuật cơ khí
77633,GHA,ky-thuat-co-khi,D01,Điểm thi THPT,2023,23.79,Kỹ thuật cơ khí
77634,GHA,ky-thuat-co-khi,D07,Điểm thi THPT,2023,23.79,Kỹ thuật cơ khí
77635,GHA,ky-thuat-co-khi,A00,Điểm học bạ,2024,27.21,Kỹ thuật cơ khí
77636,GHA,ky-thuat-co-khi,A01,Điểm học bạ,2024,27.21,Kỹ thuật cơ khí
77637,GHA,ky-thuat-co-khi,D01,Điểm học bạ,2024,27.21,Kỹ thuật cơ khí
77638,GHA,ky-thuat-co-khi,D07,Điểm học bạ,2024,27.21,Kỹ thuật cơ khí
77639,GHA,ky-thuat-co-khi,A00,Điểm thi THPT,2024,24.93,Kỹ thuật cơ khí
77640,GHA,ky-thuat-co-khi,A01,Điểm thi THPT,2024,24.93,Kỹ thuật cơ khí
77641,GHA,ky-thuat-co-khi,D01,Điểm thi THPT,2024,24.93,Kỹ thuật cơ khí
77642,GHA,ky-thuat-co-khi,D07,Điểm thi THPT,2024,24.93,Kỹ thuật cơ khí
77643,GHA,ky-thuat-co-khi,A00,Điểm học bạ,2025,27.29,"Kỹ thuật cơ khí (chuyên ngành: Công nghệ chế tạo cơ khí, Tự động hoá thiết kế cơ khí)"
77644,GHA,ky-thuat-co-khi,A01,Điểm học bạ,2025,27.29,"Kỹ thuật cơ khí (chuyên ngành: Công nghệ chế tạo cơ khí, Tự động hoá thiết kế cơ khí)"
77645,GHA,ky-thuat-co-khi,D01,Điểm học bạ,2025,25.18,Kỹ thuật cơ khí (Chương trình CLC Cơ khí ô tô Việt - Anh)
77646,GHA,ky-thuat-co-khi,D07,Điểm học bạ,2025,27.29,"Kỹ thuật cơ khí (chuyên ngành: Công nghệ chế tạo cơ khí, Tự động hoá thiết kế cơ khí)"
77647,GHA,ky-thuat-co-khi,X06,Điểm học bạ,2025,27.29,"Kỹ thuật cơ khí (chuyên ngành: Công nghệ chế tạo cơ khí, Tự động hoá thiết kế cơ khí)"
77648,GHA,ky-thuat-co-khi,A00,Điểm thi THPT,2025,25.95,"Kỹ thuật cơ khí (chuyên ngành: Công nghệ chế tạo cơ khí, Tự động hoá thiết kế cơ khí)"
77649,GHA,ky-thuat-co-khi,A01,Điểm thi THPT,2025,25.95,"Kỹ thuật cơ khí (chuyên ngành: Công nghệ chế tạo cơ khí, Tự động hoá thiết kế cơ khí)"
77650,GHA,ky-thuat-co-khi,D01,Điểm thi THPT,2025,22.78,Kỹ thuật cơ khí (Chương trình CLC Cơ khí ô tô Việt - Anh)
77651,GHA,ky-thuat-co-khi,D07,Điểm thi THPT,2025,25.95,"Kỹ thuật cơ khí (chuyên ngành: Công nghệ chế tạo cơ khí, Tự động hoá thiết kế cơ khí)"
77652,GHA,ky-thuat-co-khi,X06,Điểm thi THPT,2025,25.95,"Kỹ thuật cơ khí (chuyên ngành: Công nghệ chế tạo cơ khí, Tự động hoá thiết kế cơ khí)"
77653,GHA,ky-thuat-co-khi-dong-luc,A00,Điểm thi THPT,2021,22.85,Kỹ thuật cơ khí động lực
77654,GHA,ky-thuat-co-khi-dong-luc,A01,Điểm thi THPT,2021,22.85,Kỹ thuật cơ khí động lực
77655,GHA,ky-thuat-co-khi-dong-luc,D01,Điểm thi THPT,2021,22.85,Kỹ thuật cơ khí động lực
77656,GHA,ky-thuat-co-khi-dong-luc,D07,Điểm thi THPT,2021,22.85,Kỹ thuật cơ khí động lực
77657,GHA,ky-thuat-co-khi-dong-luc,A00,Điểm học bạ,2022,24.22,Kỹ thuật cơ khí động lực
77658,GHA,ky-thuat-co-khi-dong-luc,A01,Điểm học bạ,2022,24.22,Kỹ thuật cơ khí động lực
77659,GHA,ky-thuat-co-khi-dong-luc,D01,Điểm học bạ,2022,24.22,Kỹ thuật cơ khí động lực
77660,GHA,ky-thuat-co-khi-dong-luc,D07,Điểm học bạ,2022,24.22,Kỹ thuật cơ khí động lực
77661,GHA,ky-thuat-co-khi-dong-luc,A00,Điểm thi THPT,2022,21.65,Kỹ thuật cơ khí động lực
77662,GHA,ky-thuat-co-khi-dong-luc,A01,Điểm thi THPT,2022,21.65,Kỹ thuật cơ khí động lực
77663,GHA,ky-thuat-co-khi-dong-luc,D01,Điểm thi THPT,2022,21.65,Kỹ thuật cơ khí động lực
77664,GHA,ky-thuat-co-khi-dong-luc,D07,Điểm thi THPT,2022,21.65,Kỹ thuật cơ khí động lực
77665,GHA,ky-thuat-co-khi-dong-luc,A00,Điểm học bạ,2023,25.23,Kỹ thuật cơ khí động lực
77666,GHA,ky-thuat-co-khi-dong-luc,A01,Điểm học bạ,2023,25.23,Kỹ thuật cơ khí động lực
77667,GHA,ky-thuat-co-khi-dong-luc,D01,Điểm học bạ,2023,25.23,Kỹ thuật cơ khí động lực
77668,GHA,ky-thuat-co-khi-dong-luc,D07,Điểm học bạ,2023,25.23,Kỹ thuật cơ khí động lực
77669,GHA,ky-thuat-co-khi-dong-luc,A00,Điểm thi THPT,2023,22.85,Kỹ thuật cơ khi động lực
77670,GHA,ky-thuat-co-khi-dong-luc,A01,Điểm thi THPT,2023,22.85,Kỹ thuật cơ khi động lực
77671,GHA,ky-thuat-co-khi-dong-luc,D01,Điểm thi THPT,2023,22.85,Kỹ thuật cơ khi động lực
77672,GHA,ky-thuat-co-khi-dong-luc,D07,Điểm thi THPT,2023,22.85,Kỹ thuật cơ khi động lực
77673,GHA,ky-thuat-co-khi-dong-luc,A00,Điểm học bạ,2024,25.87,Kỹ thuật cơ khí động lực
77674,GHA,ky-thuat-co-khi-dong-luc,A01,Điểm học bạ,2024,25.87,Kỹ thuật cơ khí động lực
77675,GHA,ky-thuat-co-khi-dong-luc,D01,Điểm học bạ,2024,25.87,Kỹ thuật cơ khí động lực
77676,GHA,ky-thuat-co-khi-dong-luc,D07,Điểm học bạ,2024,25.87,Kỹ thuật cơ khí động lực
77677,GHA,ky-thuat-co-khi-dong-luc,A00,Điểm thi THPT,2024,23.86,Kỹ thuật cơ khí động lực
77678,GHA,ky-thuat-co-khi-dong-luc,A01,Điểm thi THPT,2024,23.86,Kỹ thuật cơ khí động lực
77679,GHA,ky-thuat-co-khi-dong-luc,D01,Điểm thi THPT,2024,23.86,Kỹ thuật cơ khí động lực
77680,GHA,ky-thuat-co-khi-dong-luc,D07,Điểm thi THPT,2024,23.86,Kỹ thuật cơ khí động lực
77681,GHA,ky-thuat-co-khi-dong-luc,A00,Điểm học bạ,2025,25.87,"Kỹ thuật cơ khí động lực (chuyên ngành: Kỹ thuật phương tiện đường sắt, Máy xây dựng, Kỹ thuật máy động lực)"
77682,GHA,ky-thuat-co-khi-dong-luc,A01,Điểm học bạ,2025,25.87,"Kỹ thuật cơ khí động lực (chuyên ngành: Kỹ thuật phương tiện đường sắt, Máy xây dựng, Kỹ thuật máy động lực)"
77683,GHA,ky-thuat-co-khi-dong-luc,D01,Điểm học bạ,2025,25.87,"Kỹ thuật cơ khí động lực (chuyên ngành: Kỹ thuật phương tiện đường sắt, Máy xây dựng, Kỹ thuật máy động lực)"
77684,GHA,ky-thuat-co-khi-dong-luc,D07,Điểm học bạ,2025,25.87,"Kỹ thuật cơ khí động lực (chuyên ngành: Kỹ thuật phương tiện đường sắt, Máy xây dựng, Kỹ thuật máy động lực)"
77685,GHA,ky-thuat-co-khi-dong-luc,X06,Điểm học bạ,2025,25.87,"Kỹ thuật cơ khí động lực (chuyên ngành: Kỹ thuật phương tiện đường sắt, Máy xây dựng, Kỹ thuật máy động lực)"
77686,GHA,ky-thuat-co-khi-dong-luc,A00,Điểm thi THPT,2025,23.82,"Kỹ thuật cơ khí động lực (chuyên ngành: Kỹ thuật phương tiện đường sắt, Máy xây dựng, Kỹ thuật máy động lực)"
77687,GHA,ky-thuat-co-khi-dong-luc,A01,Điểm thi THPT,2025,23.82,"Kỹ thuật cơ khí động lực (chuyên ngành: Kỹ thuật phương tiện đường sắt, Máy xây dựng, Kỹ thuật máy động lực)"
77688,GHA,ky-thuat-co-khi-dong-luc,D01,Điểm thi THPT,2025,23.82,"Kỹ thuật cơ khí động lực (chuyên ngành: Kỹ thuật phương tiện đường sắt, Máy xây dựng, Kỹ thuật máy động lực)"
77689,GHA,ky-thuat-co-khi-dong-luc,D07,Điểm thi THPT,2025,23.82,"Kỹ thuật cơ khí động lực (chuyên ngành: Kỹ thuật phương tiện đường sắt, Máy xây dựng, Kỹ thuật máy động lực)"
77690,GHA,ky-thuat-co-khi-dong-luc,X06,Điểm thi THPT,2025,23.82,"Kỹ thuật cơ khí động lực (chuyên ngành: Kỹ thuật phương tiện đường sắt, Máy xây dựng, Kỹ thuật máy động lực)"
77691,GHA,ky-thuat-co-so-ha-tang,A00,Điểm học bạ,2022,21.7,Kỹ thuật cơ sở hạ tầng
77692,GHA,ky-thuat-co-so-ha-tang,A01,Điểm học bạ,2022,21.7,Kỹ thuật cơ sở hạ tầng
77693,GHA,ky-thuat-co-so-ha-tang,D01,Điểm học bạ,2022,21.7,Kỹ thuật cơ sở hạ tầng
77694,GHA,ky-thuat-co-so-ha-tang,D07,Điểm học bạ,2022,21.7,Kỹ thuật cơ sở hạ tầng
77695,GHA,ky-thuat-co-so-ha-tang,A00,Điểm thi THPT,2022,17.35,Kỹ thuật cơ sở hạ tầng
77696,GHA,ky-thuat-co-so-ha-tang,A01,Điểm thi THPT,2022,17.35,Kỹ thuật cơ sở hạ tầng
77697,GHA,ky-thuat-co-so-ha-tang,D01,Điểm thi THPT,2022,17.35,Kỹ thuật cơ sở hạ tầng
77698,GHA,ky-thuat-co-so-ha-tang,D07,Điểm thi THPT,2022,17.35,Kỹ thuật cơ sở hạ tầng
77699,GHA,ky-thuat-co-so-ha-tang,A00,Điểm học bạ,2023,24.65,Kỹ thuật cơ sở hạ tầng
77700,GHA,ky-thuat-co-so-ha-tang,A01,Điểm học bạ,2023,24.65,Kỹ thuật cơ sở hạ tầng
77701,GHA,ky-thuat-co-so-ha-tang,D01,Điểm học bạ,2023,24.65,Kỹ thuật cơ sở hạ tầng
77702,GHA,ky-thuat-co-so-ha-tang,D07,Điểm học bạ,2023,24.65,Kỹ thuật cơ sở hạ tầng
77703,GHA,ky-thuat-co-so-ha-tang,A00,Điểm thi THPT,2023,21.6,Kỹ thuật cơ sở hạ tầng
77704,GHA,ky-thuat-co-so-ha-tang,A01,Điểm thi THPT,2023,21.6,Kỹ thuật cơ sở hạ tầng
77705,GHA,ky-thuat-co-so-ha-tang,D01,Điểm thi THPT,2023,21.6,Kỹ thuật cơ sở hạ tầng
77706,GHA,ky-thuat-co-so-ha-tang,D07,Điểm thi THPT,2023,21.6,Kỹ thuật cơ sở hạ tầng
77707,GHA,ky-thuat-co-so-ha-tang,A00,Điểm học bạ,2024,25.53,Kỹ thuật cơ sở hạ tầng
77708,GHA,ky-thuat-co-so-ha-tang,A01,Điểm học bạ,2024,25.53,Kỹ thuật cơ sở hạ tầng
77709,GHA,ky-thuat-co-so-ha-tang,D01,Điểm học bạ,2024,25.53,Kỹ thuật cơ sở hạ tầng
77710,GHA,ky-thuat-co-so-ha-tang,D07,Điểm học bạ,2024,25.53,Kỹ thuật cơ sở hạ tầng
77711,GHA,ky-thuat-co-so-ha-tang,A00,Điểm thi THPT,2024,22.65,Kỹ thuật cơ sở hạ tầng
77712,GHA,ky-thuat-co-so-ha-tang,A01,Điểm thi THPT,2024,22.65,Kỹ thuật cơ sở hạ tầng
77713,GHA,ky-thuat-co-so-ha-tang,D01,Điểm thi THPT,2024,22.65,Kỹ thuật cơ sở hạ tầng
77714,GHA,ky-thuat-co-so-ha-tang,D07,Điểm thi THPT,2024,22.65,Kỹ thuật cơ sở hạ tầng
77715,GHA,ky-thuat-co-so-ha-tang,A00,Điểm học bạ,2025,24.84,Kỹ thuật cơ sở hạ tầng (chuyên ngành: cơ sở hạ tầng kỹ thuật đô thị)
77716,GHA,ky-thuat-co-so-ha-tang,A01,Điểm học bạ,2025,24.84,Kỹ thuật cơ sở hạ tầng (chuyên ngành: cơ sở hạ tầng kỹ thuật đô thị)
77717,GHA,ky-thuat-co-so-ha-tang,D01,Điểm học bạ,2025,24.84,Kỹ thuật cơ sở hạ tầng (chuyên ngành: cơ sở hạ tầng kỹ thuật đô thị)
77718,GHA,ky-thuat-co-so-ha-tang,D07,Điểm học bạ,2025,24.84,Kỹ thuật cơ sở hạ tầng (chuyên ngành: cơ sở hạ tầng kỹ thuật đô thị)
77719,GHA,ky-thuat-co-so-ha-tang,X06,Điểm học bạ,2025,24.84,Kỹ thuật cơ sở hạ tầng (chuyên ngành: cơ sở hạ tầng kỹ thuật đô thị)
77720,GHA,ky-thuat-co-so-ha-tang,A00,Điểm thi THPT,2025,22.28,Kỹ thuật cơ sở hạ tầng (chuyên ngành: cơ sở hạ tầng kỹ thuật đô thị)
77721,GHA,ky-thuat-co-so-ha-tang,A01,Điểm thi THPT,2025,22.28,Kỹ thuật cơ sở hạ tầng (chuyên ngành: cơ sở hạ tầng kỹ thuật đô thị)
77722,GHA,ky-thuat-co-so-ha-tang,D01,Điểm thi THPT,2025,22.28,Kỹ thuật cơ sở hạ tầng (chuyên ngành: cơ sở hạ tầng kỹ thuật đô thị)
77723,GHA,ky-thuat-co-so-ha-tang,D07,Điểm thi THPT,2025,22.28,Kỹ thuật cơ sở hạ tầng (chuyên ngành: cơ sở hạ tầng kỹ thuật đô thị)
77724,GHA,ky-thuat-co-so-ha-tang,X06,Điểm thi THPT,2025,22.28,Kỹ thuật cơ sở hạ tầng (chuyên ngành: cơ sở hạ tầng kỹ thuật đô thị)
77725,GHA,ky-thuat-dien,A00,Điểm thi THPT,2021,24.05,Kỹ thuật điện
77726,GHA,ky-thuat-dien,A01,Điểm thi THPT,2021,24.05,Kỹ thuật điện
77727,GHA,ky-thuat-dien,D07,Điểm thi THPT,2021,24.05,Kỹ thuật điện
77728,GHA,ky-thuat-dien,A00,Điểm học bạ,2022,27.12,Kỹ thuật điện
77729,GHA,ky-thuat-dien,A01,Điểm học bạ,2022,27.12,Kỹ thuật điện
77730,GHA,ky-thuat-dien,D07,Điểm học bạ,2022,27.12,Kỹ thuật điện
77731,GHA,ky-thuat-dien,A00,Điểm thi THPT,2022,23.6,Kỹ thuật điện
77732,GHA,ky-thuat-dien,A01,Điểm thi THPT,2022,23.6,Kỹ thuật điện
77733,GHA,ky-thuat-dien,D07,Điểm thi THPT,2022,23.6,Kỹ thuật điện
77734,GHA,ky-thuat-dien,A00,Điểm học bạ,2023,27.23,Kỹ thuật điện
77735,GHA,ky-thuat-dien,A01,Điểm học bạ,2023,27.23,Kỹ thuật điện
77736,GHA,ky-thuat-dien,D01,Điểm học bạ,2023,27.23,Kỹ thuật điện
77737,GHA,ky-thuat-dien,D07,Điểm học bạ,2023,27.23,Kỹ thuật điện
77738,GHA,ky-thuat-dien,A00,Điểm thi THPT,2023,23.72,Kỹ thuật điện
77739,GHA,ky-thuat-dien,A01,Điểm thi THPT,2023,23.72,Kỹ thuật điện
77740,GHA,ky-thuat-dien,D07,Điểm thi THPT,2023,23.72,Kỹ thuật điện
77741,GHA,ky-thuat-dien,A00,Điểm học bạ,2024,27.45,Kỹ thuật điện
77742,GHA,ky-thuat-dien,A01,Điểm học bạ,2024,27.45,Kỹ thuật điện
77743,GHA,ky-thuat-dien,D07,Điểm học bạ,2024,27.45,Kỹ thuật điện
77744,GHA,ky-thuat-dien,A00,Điểm thi THPT,2024,24.63,Kỹ thuật điện
77745,GHA,ky-thuat-dien,A01,Điểm thi THPT,2024,24.63,Kỹ thuật điện
77746,GHA,ky-thuat-dien,D07,Điểm thi THPT,2024,24.63,Kỹ thuật điện
77747,GHA,ky-thuat-dien,A00,Điểm thi THPT,2025,23.88,"Kỹ thuật điện (chuyên ngành: Trang bị điện trong công nghiệp và GTVT, Hệ thống điện trong giao thông và công nghiệp)"
77748,GHA,ky-thuat-dien,A01,Điểm thi THPT,2025,23.88,"Kỹ thuật điện (chuyên ngành: Trang bị điện trong công nghiệp và GTVT, Hệ thống điện trong giao thông và công nghiệp)"
77749,GHA,ky-thuat-dien,D07,Điểm thi THPT,2025,23.88,"Kỹ thuật điện (chuyên ngành: Trang bị điện trong công nghiệp và GTVT, Hệ thống điện trong giao thông và công nghiệp)"
77750,GHA,ky-thuat-dien,X06,Điểm thi THPT,2025,23.88,"Kỹ thuật điện (chuyên ngành: Trang bị điện trong công nghiệp và GTVT, Hệ thống điện trong giao thông và công nghiệp)"
77751,GHA,ky-thuat-dien-tu-vien-thong,A00,Điểm thi THPT,2021,24.35,Kỹ thuật điện tử - viễn thông
77752,GHA,ky-thuat-dien-tu-vien-thong,A01,Điểm thi THPT,2021,24.35,Kỹ thuật điện tử - viễn thông
77753,GHA,ky-thuat-dien-tu-vien-thong,D07,Điểm thi THPT,2021,24.35,Kỹ thuật điện tử - viễn thông
77754,GHA,ky-thuat-dien-tu-vien-thong,A00,Điểm học bạ,2022,27.62,Kỹ thuật điện tử - viễn thông
77755,GHA,ky-thuat-dien-tu-vien-thong,A01,Điểm học bạ,2022,27.62,Kỹ thuật điện tử - viễn thông
77756,GHA,ky-thuat-dien-tu-vien-thong,D07,Điểm học bạ,2022,27.62,Kỹ thuật điện tử - viễn thông
77757,GHA,ky-thuat-dien-tu-vien-thong,A00,Điểm thi THPT,2022,24.1,Kỹ thuật điện tử - viễn thông
77758,GHA,ky-thuat-dien-tu-vien-thong,A01,Điểm thi THPT,2022,24.1,Kỹ thuật điện tử - viễn thông
77759,GHA,ky-thuat-dien-tu-vien-thong,D07,Điểm thi THPT,2022,24.1,Kỹ thuật điện tử - viễn thông
77760,GHA,ky-thuat-dien-tu-vien-thong,A00,Điểm học bạ,2023,27.6,Kỹ thuật điện tử - viễn thông
77761,GHA,ky-thuat-dien-tu-vien-thong,A01,Điểm học bạ,2023,27.6,Kỹ thuật điện tử - viễn thông
77762,GHA,ky-thuat-dien-tu-vien-thong,D01,Điểm học bạ,2023,27.6,Kỹ thuật điện tử - viễn thông
77763,GHA,ky-thuat-dien-tu-vien-thong,D07,Điểm học bạ,2023,27.6,Kỹ thuật điện tử - viễn thông
77764,GHA,ky-thuat-dien-tu-vien-thong,A00,Điểm thi THPT,2023,24.26,Kỹ thuật điện tử - viễn thông
77765,GHA,ky-thuat-dien-tu-vien-thong,A01,Điểm thi THPT,2023,24.26,Kỹ thuật điện tử - viễn thông
77766,GHA,ky-thuat-dien-tu-vien-thong,D07,Điểm thi THPT,2023,24.26,Kỹ thuật điện tử - viễn thông
77767,GHA,ky-thuat-dien-tu-vien-thong,A00,Điểm học bạ,2024,27.83,Kỹ thuật điện tử - viễn thông
77768,GHA,ky-thuat-dien-tu-vien-thong,A01,Điểm học bạ,2024,27.83,Kỹ thuật điện tử - viễn thông
77769,GHA,ky-thuat-dien-tu-vien-thong,D07,Điểm học bạ,2024,27.83,Kỹ thuật điện tử - viễn thông
77770,GHA,ky-thuat-dien-tu-vien-thong,A00,Điểm thi THPT,2024,25.15,Kỹ thuật điện tử - viễn thông
77771,GHA,ky-thuat-dien-tu-vien-thong,A01,Điểm thi THPT,2024,25.15,Kỹ thuật điện tử - viễn thông
77772,GHA,ky-thuat-dien-tu-vien-thong,D07,Điểm thi THPT,2024,25.15,Kỹ thuật điện tử - viễn thông
77773,GHA,ky-thuat-dien-tu-vien-thong,A00,Điểm thi THPT,2025,23.67,"Kỹ thuật điện tử - viễn thông (chuyên ngành: Kỹ thuật viễn thông, Kỹ thuật thông tin và truyền thông, Kỹ thuật điện tử và tin học công nghiệp)"
77774,GHA,ky-thuat-dien-tu-vien-thong,A01,Điểm thi THPT,2025,23.67,"Kỹ thuật điện tử - viễn thông (chuyên ngành: Kỹ thuật viễn thông, Kỹ thuật thông tin và truyền thông, Kỹ thuật điện tử và tin học công nghiệp)"
77775,GHA,ky-thuat-dien-tu-vien-thong,D07,Điểm thi THPT,2025,23.67,"Kỹ thuật điện tử - viễn thông (chuyên ngành: Kỹ thuật viễn thông, Kỹ thuật thông tin và truyền thông, Kỹ thuật điện tử và tin học công nghiệp)"
77776,GHA,ky-thuat-dien-tu-vien-thong,X06,Điểm thi THPT,2025,23.67,"Kỹ thuật điện tử - viễn thông (chuyên ngành: Kỹ thuật viễn thông, Kỹ thuật thông tin và truyền thông, Kỹ thuật điện tử và tin học công nghiệp)"
77777,GHA,ky-thuat-dieu-khien-va-tu-dong-hoa,A00,Điểm thi THPT,2021,25.1,Kỹ thuật điều khiển và tự động hoá
77778,GHA,ky-thuat-dieu-khien-va-tu-dong-hoa,A01,Điểm thi THPT,2021,25.1,Kỹ thuật điều khiển và tự động hoá
77779,GHA,ky-thuat-dieu-khien-va-tu-dong-hoa,D07,Điểm thi THPT,2021,25.1,Kỹ thuật điều khiển và tự động hoá
77780,GHA,ky-thuat-dieu-khien-va-tu-dong-hoa,A00,Điểm thi THPT,2022,25.3,Kỹ thuật điều khiển và tự động hóa
77781,GHA,ky-thuat-dieu-khien-va-tu-dong-hoa,A01,Điểm thi THPT,2022,25.3,Kỹ thuật điều khiển và tự động hóa
77782,GHA,ky-thuat-dieu-khien-va-tu-dong-hoa,D07,Điểm thi THPT,2022,25.3,Kỹ thuật điều khiển và tự động hóa
77783,GHA,ky-thuat-dieu-khien-va-tu-dong-hoa,A00,Điểm thi THPT,2023,25.19,Kỹ thuật điều khiến và tự động hoá
77784,GHA,ky-thuat-dieu-khien-va-tu-dong-hoa,A01,Điểm thi THPT,2023,25.19,Kỹ thuật điều khiến và tự động hoá
77785,GHA,ky-thuat-dieu-khien-va-tu-dong-hoa,D07,Điểm thi THPT,2023,25.19,Kỹ thuật điều khiến và tự động hoá
77786,GHA,ky-thuat-dieu-khien-va-tu-dong-hoa,A00,Điểm thi THPT,2024,25.89,Kỹ thuật điều khiển và tự động hoá
77787,GHA,ky-thuat-dieu-khien-va-tu-dong-hoa,A01,Điểm thi THPT,2024,25.89,Kỹ thuật điều khiển và tự động hoá
77788,GHA,ky-thuat-dieu-khien-va-tu-dong-hoa,D01,Điểm thi THPT,2024,25.89,Kỹ thuật điều khiển và tự động hoá
77789,GHA,ky-thuat-dieu-khien-va-tu-dong-hoa,D07,Điểm thi THPT,2024,25.89,Kỹ thuật điều khiển và tự động hoá
77790,GHA,ky-thuat-dieu-khien-va-tu-dong-hoa,A00,Điểm thi THPT,2025,25.42,Kỹ thuật điều khiển và tự động hoá (chuyên ngành: Tự động hoá)
77791,GHA,ky-thuat-dieu-khien-va-tu-dong-hoa,A01,Điểm thi THPT,2025,25.42,Kỹ thuật điều khiển và tự động hoá (chuyên ngành: Tự động hoá)
77792,GHA,ky-thuat-dieu-khien-va-tu-dong-hoa,D07,Điểm thi THPT,2025,25.42,Kỹ thuật điều khiển và tự động hoá (chuyên ngành: Tự động hoá)
77793,GHA,ky-thuat-dieu-khien-va-tu-dong-hoa,X06,Điểm thi THPT,2025,25.42,Kỹ thuật điều khiển và tự động hoá (chuyên ngành: Tự động hoá)
77794,GHA,ky-thuat-may-tinh,A00,Điểm học bạ,2024,28.51,Kỹ thuật máy tính
77795,GHA,ky-thuat-may-tinh,A01,Điểm học bạ,2024,28.51,Kỹ thuật máy tính
77796,GHA,ky-thuat-may-tinh,D07,Điểm học bạ,2024,28.51,Kỹ thuật máy tính
77797,GHA,ky-thuat-may-tinh,A00,Điểm thi THPT,2024,24.55,Kỹ thuật máy tính
77798,GHA,ky-thuat-may-tinh,A01,Điểm thi THPT,2024,24.55,Kỹ thuật máy tính
77799,GHA,ky-thuat-may-tinh,D07,Điểm thi THPT,2024,24.55,Kỹ thuật máy tính
77800,GHA,ky-thuat-may-tinh,A00,Điểm thi THPT,2025,23.95,"Kỹ thuật máy tính (theo hướng chuyên sâu vi mạch bán dẫn, bao gồm lớp kỹ sư tài năng)"
77801,GHA,ky-thuat-may-tinh,A01,Điểm thi THPT,2025,23.95,"Kỹ thuật máy tính (theo hướng chuyên sâu vi mạch bán dẫn, bao gồm lớp kỹ sư tài năng)"
77802,GHA,ky-thuat-may-tinh,D07,Điểm thi THPT,2025,23.95,"Kỹ thuật máy tính (theo hướng chuyên sâu vi mạch bán dẫn, bao gồm lớp kỹ sư tài năng)"
77803,GHA,ky-thuat-may-tinh,X06,Điểm thi THPT,2025,23.95,"Kỹ thuật máy tính (theo hướng chuyên sâu vi mạch bán dẫn, bao gồm lớp kỹ sư tài năng)"
77804,GHA,ky-thuat-moi-truong,A00,Điểm thi THPT,2021,21.2,Kỹ thuật môi trường
77805,GHA,ky-thuat-moi-truong,B00,Điểm thi THPT,2021,21.2,Kỹ thuật môi trường
77806,GHA,ky-thuat-moi-truong,D01,Điểm thi THPT,2021,21.2,Kỹ thuật môi trường
77807,GHA,ky-thuat-moi-truong,D07,Điểm thi THPT,2021,21.2,Kỹ thuật môi trường
77808,GHA,ky-thuat-moi-truong,A00,Điểm học bạ,2022,23.77,Kỹ thuật môi trường
77809,GHA,ky-thuat-moi-truong,B00,Điểm học bạ,2022,23.77,Kỹ thuật môi trường
77810,GHA,ky-thuat-moi-truong,B01,Điểm học bạ,2022,23.77,Kỹ thuật môi trường
77811,GHA,ky-thuat-moi-truong,D07,Điểm học bạ,2022,23.77,Kỹ thuật môi trường
77812,GHA,ky-thuat-moi-truong,A00,Điểm thi THPT,2022,21.35,Kỹ thuật môi trường
77813,GHA,ky-thuat-moi-truong,B00,Điểm thi THPT,2022,21.35,Kỹ thuật môi trường
77814,GHA,ky-thuat-moi-truong,D01,Điểm thi THPT,2022,21.35,Kỹ thuật môi trường
77815,GHA,ky-thuat-moi-truong,D07,Điểm thi THPT,2022,21.35,Kỹ thuật môi trường
77816,GHA,ky-thuat-moi-truong,A00,Điểm học bạ,2023,25.12,Kỹ thuật môi trường
77817,GHA,ky-thuat-moi-truong,B00,Điểm học bạ,2023,25.12,Kỹ thuật môi trường
77818,GHA,ky-thuat-moi-truong,D01,Điểm học bạ,2023,25.12,Kỹ thuật môi trường
77819,GHA,ky-thuat-moi-truong,D07,Điểm học bạ,2023,25.12,Kỹ thuật môi trường
77820,GHA,ky-thuat-moi-truong,A00,Điểm thi THPT,2023,21.0,Kỹ thuật môi trường
77821,GHA,ky-thuat-moi-truong,B00,Điểm thi THPT,2023,21.0,Kỹ thuật môi trường
77822,GHA,ky-thuat-moi-truong,D01,Điểm thi THPT,2023,21.0,Kỹ thuật môi trường
77823,GHA,ky-thuat-moi-truong,D07,Điểm thi THPT,2023,21.0,Kỹ thuật môi trường
77824,GHA,ky-thuat-moi-truong,A00,Điểm học bạ,2024,25.94,Kỹ thuật môi trường
77825,GHA,ky-thuat-moi-truong,A01,Điểm học bạ,2024,25.94,Kỹ thuật môi trường
77826,GHA,ky-thuat-moi-truong,D01,Điểm học bạ,2024,25.94,Kỹ thuật môi trường
77827,GHA,ky-thuat-moi-truong,D07,Điểm học bạ,2024,25.94,Kỹ thuật môi trường
77828,GHA,ky-thuat-moi-truong,A00,Điểm thi THPT,2024,22.25,Kỹ thuật môi trường
77829,GHA,ky-thuat-moi-truong,A01,Điểm thi THPT,2024,22.25,Kỹ thuật môi trường
77830,GHA,ky-thuat-moi-truong,D01,Điểm thi THPT,2024,22.25,Kỹ thuật môi trường
77831,GHA,ky-thuat-moi-truong,D07,Điểm thi THPT,2024,22.25,Kỹ thuật môi trường
77832,GHA,ky-thuat-moi-truong,A00,Điểm học bạ,2025,24.24,Kỹ thuật môi trường
77833,GHA,ky-thuat-moi-truong,B00,Điểm học bạ,2025,24.24,Kỹ thuật môi trường
77834,GHA,ky-thuat-moi-truong,D01,Điểm học bạ,2025,24.24,Kỹ thuật môi trường
77835,GHA,ky-thuat-moi-truong,D07,Điểm học bạ,2025,24.24,Kỹ thuật môi trường
77836,GHA,ky-thuat-moi-truong,X06,Điểm học bạ,2025,24.24,Kỹ thuật môi trường
77837,GHA,ky-thuat-moi-truong,A00,Điểm thi THPT,2025,21.38,Kỹ thuật môi trường
77838,GHA,ky-thuat-moi-truong,B00,Điểm thi THPT,2025,21.38,Kỹ thuật môi trường
77839,GHA,ky-thuat-moi-truong,D01,Điểm thi THPT,2025,21.38,Kỹ thuật môi trường
77840,GHA,ky-thuat-moi-truong,D07,Điểm thi THPT,2025,21.38,Kỹ thuật môi trường
77841,GHA,ky-thuat-moi-truong,X06,Điểm thi THPT,2025,21.38,Kỹ thuật môi trường
77842,GHA,ky-thuat-nhiet,A00,Điểm thi THPT,2021,23.75,Kỹ thuật nhiệt
77843,GHA,ky-thuat-nhiet,A01,Điểm thi THPT,2021,23.75,Kỹ thuật nhiệt
77844,GHA,ky-thuat-nhiet,D01,Điểm thi THPT,2021,23.75,Kỹ thuật nhiệt
77845,GHA,ky-thuat-nhiet,D07,Điểm thi THPT,2021,23.75,Kỹ thuật nhiệt
77846,GHA,ky-thuat-nhiet,A00,Điểm học bạ,2022,25.17,Kỹ thuật nhiệt
77847,GHA,ky-thuat-nhiet,A01,Điểm học bạ,2022,25.17,Kỹ thuật nhiệt
77848,GHA,ky-thuat-nhiet,D01,Điểm học bạ,2022,25.17,Kỹ thuật nhiệt
77849,GHA,ky-thuat-nhiet,D07,Điểm học bạ,2022,25.17,Kỹ thuật nhiệt
77850,GHA,ky-thuat-nhiet,A00,Điểm thi THPT,2022,21.25,Kỹ thuật nhiệt
77851,GHA,ky-thuat-nhiet,A01,Điểm thi THPT,2022,21.25,Kỹ thuật nhiệt
77852,GHA,ky-thuat-nhiet,D01,Điểm thi THPT,2022,21.25,Kỹ thuật nhiệt
77853,GHA,ky-thuat-nhiet,D07,Điểm thi THPT,2022,21.25,Kỹ thuật nhiệt
77854,GHA,ky-thuat-nhiet,A00,Điểm học bạ,2023,25.61,Kỹ thuật nhiệt
77855,GHA,ky-thuat-nhiet,A01,Điểm học bạ,2023,25.61,Kỹ thuật nhiệt
77856,GHA,ky-thuat-nhiet,D01,Điểm học bạ,2023,25.61,Kỹ thuật nhiệt
77857,GHA,ky-thuat-nhiet,D07,Điểm học bạ,2023,25.61,Kỹ thuật nhiệt
77858,GHA,ky-thuat-nhiet,A00,Điểm thi THPT,2023,22.85,Kỹ thuật nhiệt
77859,GHA,ky-thuat-nhiet,A01,Điểm thi THPT,2023,22.85,Kỹ thuật nhiệt
77860,GHA,ky-thuat-nhiet,D01,Điểm thi THPT,2023,22.85,Kỹ thuật nhiệt
77861,GHA,ky-thuat-nhiet,D07,Điểm thi THPT,2023,22.85,Kỹ thuật nhiệt
77862,GHA,ky-thuat-nhiet,A00,Điểm học bạ,2024,26.07,Kỹ thuật nhiệt
77863,GHA,ky-thuat-nhiet,A01,Điểm học bạ,2024,26.07,Kỹ thuật nhiệt
77864,GHA,ky-thuat-nhiet,D01,Điểm học bạ,2024,26.07,Kỹ thuật nhiệt
77865,GHA,ky-thuat-nhiet,D07,Điểm học bạ,2024,26.07,Kỹ thuật nhiệt
77866,GHA,ky-thuat-nhiet,A00,Điểm thi THPT,2024,24.25,Kỹ thuật nhiệt
77867,GHA,ky-thuat-nhiet,A01,Điểm thi THPT,2024,24.25,Kỹ thuật nhiệt
77868,GHA,ky-thuat-nhiet,D01,Điểm thi THPT,2024,24.25,Kỹ thuật nhiệt
77869,GHA,ky-thuat-nhiet,D07,Điểm thi THPT,2024,24.25,Kỹ thuật nhiệt
77870,GHA,ky-thuat-nhiet,A00,Điểm học bạ,2025,26.46,Kỹ thuật nhiệt (chuyên ngành: Kỹ thuật nhiệt lạnh và điều hoà không khí)
77871,GHA,ky-thuat-nhiet,A01,Điểm học bạ,2025,26.46,Kỹ thuật nhiệt (chuyên ngành: Kỹ thuật nhiệt lạnh và điều hoà không khí)
77872,GHA,ky-thuat-nhiet,D01,Điểm học bạ,2025,26.46,Kỹ thuật nhiệt (chuyên ngành: Kỹ thuật nhiệt lạnh và điều hoà không khí)
77873,GHA,ky-thuat-nhiet,D07,Điểm học bạ,2025,26.46,Kỹ thuật nhiệt (chuyên ngành: Kỹ thuật nhiệt lạnh và điều hoà không khí)
77874,GHA,ky-thuat-nhiet,X06,Điểm học bạ,2025,26.46,Kỹ thuật nhiệt (chuyên ngành: Kỹ thuật nhiệt lạnh và điều hoà không khí)
77875,GHA,ky-thuat-nhiet,A00,Điểm thi THPT,2025,24.71,Kỹ thuật nhiệt (chuyên ngành: Kỹ thuật nhiệt lạnh và điều hoà không khí)
77876,GHA,ky-thuat-nhiet,A01,Điểm thi THPT,2025,24.71,Kỹ thuật nhiệt (chuyên ngành: Kỹ thuật nhiệt lạnh và điều hoà không khí)
77877,GHA,ky-thuat-nhiet,D01,Điểm thi THPT,2025,24.71,Kỹ thuật nhiệt (chuyên ngành: Kỹ thuật nhiệt lạnh và điều hoà không khí)
77878,GHA,ky-thuat-nhiet,D07,Điểm thi THPT,2025,24.71,Kỹ thuật nhiệt (chuyên ngành: Kỹ thuật nhiệt lạnh và điều hoà không khí)
77879,GHA,ky-thuat-nhiet,X06,Điểm thi THPT,2025,24.71,Kỹ thuật nhiệt (chuyên ngành: Kỹ thuật nhiệt lạnh và điều hoà không khí)
77880,GHA,ky-thuat-o-to,A00,Điểm thi THPT,2021,25.1,Kỹ thuật ô tô
77881,GHA,ky-thuat-o-to,A01,Điểm thi THPT,2021,25.1,Kỹ thuật ô tô
77882,GHA,ky-thuat-o-to,D01,Điểm thi THPT,2021,25.1,Kỹ thuật ô tô
77883,GHA,ky-thuat-o-to,D07,Điểm thi THPT,2021,25.1,Kỹ thuật ô tô
77884,GHA,ky-thuat-o-to,A00,Điểm thi THPT,2022,24.85,Kỹ thuật ô tô
77885,GHA,ky-thuat-o-to,A01,Điểm thi THPT,2022,24.85,Kỹ thuật ô tô
77886,GHA,ky-thuat-o-to,D01,Điểm thi THPT,2022,24.85,Kỹ thuật ô tô
77887,GHA,ky-thuat-o-to,D07,Điểm thi THPT,2022,24.85,Kỹ thuật ô tô
77888,GHA,ky-thuat-o-to,A00,Điểm thi THPT,2023,24.87,Kỹ thuật ô tô
77889,GHA,ky-thuat-o-to,A01,Điểm thi THPT,2023,24.87,Kỹ thuật ô tô
77890,GHA,ky-thuat-o-to,D01,Điểm thi THPT,2023,24.87,Kỹ thuật ô tô
77891,GHA,ky-thuat-o-to,D07,Điểm thi THPT,2023,24.87,Kỹ thuật ô tô
77892,GHA,ky-thuat-o-to,A00,Điểm thi THPT,2024,25.35,Kỹ thuật ô tô
77893,GHA,ky-thuat-o-to,A01,Điểm thi THPT,2024,25.35,Kỹ thuật ô tô
77894,GHA,ky-thuat-o-to,D01,Điểm thi THPT,2024,25.35,Kỹ thuật ô tô
77895,GHA,ky-thuat-o-to,D07,Điểm thi THPT,2024,25.35,Kỹ thuật ô tô
77896,GHA,ky-thuat-o-to,A00,Điểm thi THPT,2025,23.66,Kỹ thuật ô tô (bao gồm lớp kỹ sư tài năng)
77897,GHA,ky-thuat-o-to,A01,Điểm thi THPT,2025,23.66,Kỹ thuật ô tô (bao gồm lớp kỹ sư tài năng)
77898,GHA,ky-thuat-o-to,D07,Điểm thi THPT,2025,23.66,Kỹ thuật ô tô (bao gồm lớp kỹ sư tài năng)
77899,GHA,ky-thuat-phuong-tien-duong-sat-toc-do-cao,A00,Điểm học bạ,2025,25.08,Kỹ thuật cơ khí động lực (chuyên ngành Kỹ thuật phương tiện đường sắt tốc độ cao)
77900,GHA,ky-thuat-phuong-tien-duong-sat-toc-do-cao,A01,Điểm học bạ,2025,25.08,Kỹ thuật cơ khí động lực (chuyên ngành Kỹ thuật phương tiện đường sắt tốc độ cao)
77901,GHA,ky-thuat-phuong-tien-duong-sat-toc-do-cao,D01,Điểm học bạ,2025,25.08,Kỹ thuật cơ khí động lực (chuyên ngành Kỹ thuật phương tiện đường sắt tốc độ cao)
77902,GHA,ky-thuat-phuong-tien-duong-sat-toc-do-cao,D07,Điểm học bạ,2025,25.08,Kỹ thuật cơ khí động lực (chuyên ngành Kỹ thuật phương tiện đường sắt tốc độ cao)
77903,GHA,ky-thuat-phuong-tien-duong-sat-toc-do-cao,X06,Điểm học bạ,2025,25.08,Kỹ thuật cơ khí động lực (chuyên ngành Kỹ thuật phương tiện đường sắt tốc độ cao)
77904,GHA,ky-thuat-phuong-tien-duong-sat-toc-do-cao,A00,Điểm thi THPT,2025,22.63,Kỹ thuật cơ khí động lực (chuyên ngành Kỹ thuật phương tiện đường sắt tốc độ cao)
77905,GHA,ky-thuat-phuong-tien-duong-sat-toc-do-cao,A01,Điểm thi THPT,2025,22.63,Kỹ thuật cơ khí động lực (chuyên ngành Kỹ thuật phương tiện đường sắt tốc độ cao)
77906,GHA,ky-thuat-phuong-tien-duong-sat-toc-do-cao,D01,Điểm thi THPT,2025,22.63,Kỹ thuật cơ khí động lực (chuyên ngành Kỹ thuật phương tiện đường sắt tốc độ cao)
77907,GHA,ky-thuat-phuong-tien-duong-sat-toc-do-cao,D07,Điểm thi THPT,2025,22.63,Kỹ thuật cơ khí động lực (chuyên ngành Kỹ thuật phương tiện đường sắt tốc độ cao)
77908,GHA,ky-thuat-phuong-tien-duong-sat-toc-do-cao,X06,Điểm thi THPT,2025,22.63,Kỹ thuật cơ khí động lực (chuyên ngành Kỹ thuật phương tiện đường sắt tốc độ cao)
77909,GHA,ky-thuat-robot-va-tri-tue-nhan-tao,A00,Điểm thi THPT,2021,23.85,Kỹ thuật Robot và trí tuệ nhân tạo
77910,GHA,ky-thuat-robot-va-tri-tue-nhan-tao,A01,Điểm thi THPT,2021,23.85,Kỹ thuật Robot và trí tuệ nhân tạo
77911,GHA,ky-thuat-robot-va-tri-tue-nhan-tao,D01,Điểm thi THPT,2021,23.85,Kỹ thuật Robot và trí tuệ nhân tạo
77912,GHA,ky-thuat-robot-va-tri-tue-nhan-tao,D07,Điểm thi THPT,2021,23.85,Kỹ thuật Robot và trí tuệ nhân tạo
77913,GHA,ky-thuat-robot-va-tri-tue-nhan-tao,A00,Điểm thi THPT,2022,24.35,Kỹ thuật robot và trí tuệ nhân tạo
77914,GHA,ky-thuat-robot-va-tri-tue-nhan-tao,A01,Điểm thi THPT,2022,24.35,Kỹ thuật robot và trí tuệ nhân tạo
77915,GHA,ky-thuat-robot-va-tri-tue-nhan-tao,D01,Điểm thi THPT,2022,24.35,Kỹ thuật robot và trí tuệ nhân tạo
77916,GHA,ky-thuat-robot-va-tri-tue-nhan-tao,D07,Điểm thi THPT,2022,24.35,Kỹ thuật robot và trí tuệ nhân tạo
77917,GHA,ky-thuat-robot-va-tri-tue-nhan-tao,A00,Điểm thi THPT,2023,24.34,Kỹ thuật robot và tri tuệ nhân tạo
77918,GHA,ky-thuat-robot-va-tri-tue-nhan-tao,A01,Điểm thi THPT,2023,24.34,Kỹ thuật robot và tri tuệ nhân tạo
77919,GHA,ky-thuat-robot-va-tri-tue-nhan-tao,D01,Điểm thi THPT,2023,24.34,Kỹ thuật robot và tri tuệ nhân tạo
77920,GHA,ky-thuat-robot-va-tri-tue-nhan-tao,D07,Điểm thi THPT,2023,24.34,Kỹ thuật robot và tri tuệ nhân tạo
77921,GHA,ky-thuat-robot-va-tri-tue-nhan-tao,A00,Điểm học bạ,2024,27.88,Kỹ thuật robot và trí tuệ nhân tạo
77922,GHA,ky-thuat-robot-va-tri-tue-nhan-tao,A01,Điểm học bạ,2024,27.88,Kỹ thuật robot và trí tuệ nhân tạo
77923,GHA,ky-thuat-robot-va-tri-tue-nhan-tao,D01,Điểm học bạ,2024,27.88,Kỹ thuật robot và trí tuệ nhân tạo
77924,GHA,ky-thuat-robot-va-tri-tue-nhan-tao,D07,Điểm học bạ,2024,27.88,Kỹ thuật robot và trí tuệ nhân tạo
77925,GHA,ky-thuat-robot-va-tri-tue-nhan-tao,A00,Điểm thi THPT,2024,25.15,Kỹ thuật robot và trí tuệ nhân tạo
77926,GHA,ky-thuat-robot-va-tri-tue-nhan-tao,A01,Điểm thi THPT,2024,25.15,Kỹ thuật robot và trí tuệ nhân tạo
77927,GHA,ky-thuat-robot-va-tri-tue-nhan-tao,D01,Điểm thi THPT,2024,25.15,Kỹ thuật robot và trí tuệ nhân tạo
77928,GHA,ky-thuat-robot-va-tri-tue-nhan-tao,D07,Điểm thi THPT,2024,25.15,Kỹ thuật robot và trí tuệ nhân tạo
77929,GHA,ky-thuat-robot-va-tri-tue-nhan-tao,A00,Điểm thi THPT,2025,24.2,Kỹ thuật robot (chuyên ngành Kỹ thuật robot và trí tuệ nhân tạo)
77930,GHA,ky-thuat-robot-va-tri-tue-nhan-tao,A01,Điểm thi THPT,2025,24.2,Kỹ thuật robot (chuyên ngành Kỹ thuật robot và trí tuệ nhân tạo)
77931,GHA,ky-thuat-robot-va-tri-tue-nhan-tao,D07,Điểm thi THPT,2025,24.2,Kỹ thuật robot (chuyên ngành Kỹ thuật robot và trí tuệ nhân tạo)
77932,GHA,ky-thuat-robot-va-tri-tue-nhan-tao,X06,Điểm thi THPT,2025,24.2,Kỹ thuật robot (chuyên ngành Kỹ thuật robot và trí tuệ nhân tạo)
77933,GHA,ky-thuat-xay-dung,A00,Điểm thi THPT,2021,21.1,Kỹ thuật xây dựng
77934,GHA,ky-thuat-xay-dung,A01,Điểm thi THPT,2021,21.1,Kỹ thuật xây dựng
77935,GHA,ky-thuat-xay-dung,D01,Điểm thi THPT,2021,21.1,Kỹ thuật xây dựng
77936,GHA,ky-thuat-xay-dung,D03,Điểm thi THPT,2021,17.9,Kỹ thuật xây dựng (Chương trình chất lượng cao Vật liệu và Công nghệ Xây dựng Việt – Pháp)
77937,GHA,ky-thuat-xay-dung,D07,Điểm thi THPT,2021,21.1,Kỹ thuật xây dựng
77938,GHA,ky-thuat-xay-dung,A00,Điểm học bạ,2022,24.3,Kỹ thuật xây dựng
77939,GHA,ky-thuat-xay-dung,A01,Điểm học bạ,2022,24.3,Kỹ thuật xây dựng
77940,GHA,ky-thuat-xay-dung,D01,Điểm học bạ,2022,24.3,Kỹ thuật xây dựng
77941,GHA,ky-thuat-xay-dung,D07,Điểm học bạ,2022,24.3,Kỹ thuật xây dựng
77942,GHA,ky-thuat-xay-dung,A00,Điểm thi THPT,2022,21.2,Kỹ thuật xây dựng
77943,GHA,ky-thuat-xay-dung,A01,Điểm thi THPT,2022,21.2,Kỹ thuật xây dựng
77944,GHA,ky-thuat-xay-dung,D01,Điểm thi THPT,2022,21.2,Kỹ thuật xây dựng
77945,GHA,ky-thuat-xay-dung,D07,Điểm thi THPT,2022,21.2,Kỹ thuật xây dựng
77946,GHA,ky-thuat-xay-dung,A00,Điểm học bạ,2023,24.59,Kỹ thuật xây dựng
77947,GHA,ky-thuat-xay-dung,A01,Điểm học bạ,2023,24.59,Kỹ thuật xây dựng
77948,GHA,ky-thuat-xay-dung,D01,Điểm học bạ,2023,24.59,Kỹ thuật xây dựng
77949,GHA,ky-thuat-xay-dung,D07,Điểm học bạ,2023,24.59,Kỹ thuật xây dựng
77950,GHA,ky-thuat-xay-dung,A00,Điểm thi THPT,2023,22.0,Kỹ thuật xây dựng
77951,GHA,ky-thuat-xay-dung,A01,Điểm thi THPT,2023,22.0,Kỹ thuật xây dựng
77952,GHA,ky-thuat-xay-dung,D01,Điểm thi THPT,2023,22.0,Kỹ thuật xây dựng
77953,GHA,ky-thuat-xay-dung,D07,Điểm thi THPT,2023,22.0,Kỹ thuật xây dựng
77954,GHA,ky-thuat-xay-dung,A00,Điểm học bạ,2024,25.56,Kỹ thuật xây dựng
77955,GHA,ky-thuat-xay-dung,A01,Điểm học bạ,2024,25.56,Kỹ thuật xây dựng
77956,GHA,ky-thuat-xay-dung,D01,Điểm học bạ,2024,25.56,Kỹ thuật xây dựng
77957,GHA,ky-thuat-xay-dung,D07,Điểm học bạ,2024,25.56,Kỹ thuật xây dựng
77958,GHA,ky-thuat-xay-dung,A00,Điểm thi THPT,2024,23.19,Kỹ thuật xây dựng
77959,GHA,ky-thuat-xay-dung,A01,Điểm thi THPT,2024,23.19,Kỹ thuật xây dựng
77960,GHA,ky-thuat-xay-dung,D01,Điểm thi THPT,2024,23.19,Kỹ thuật xây dựng
77961,GHA,ky-thuat-xay-dung,D07,Điểm thi THPT,2024,23.19,Kỹ thuật xây dựng
77962,GHA,ky-thuat-xay-dung,A00,Điểm học bạ,2025,24.95,"Kỹ thuật xây dựng (chuyên ngành: Xây dựng dân dụng và công nghiệp, Kết cấu xây dựng, Vật liệu và công nghệ xây dựng)"
77963,GHA,ky-thuat-xay-dung,A01,Điểm học bạ,2025,24.95,"Kỹ thuật xây dựng (chuyên ngành: Xây dựng dân dụng và công nghiệp, Kết cấu xây dựng, Vật liệu và công nghệ xây dựng)"
77964,GHA,ky-thuat-xay-dung,D01,Điểm học bạ,2025,24.95,"Kỹ thuật xây dựng (chuyên ngành: Xây dựng dân dụng và công nghiệp, Kết cấu xây dựng, Vật liệu và công nghệ xây dựng)"
77965,GHA,ky-thuat-xay-dung,D07,Điểm học bạ,2025,24.95,"Kỹ thuật xây dựng (chuyên ngành: Xây dựng dân dụng và công nghiệp, Kết cấu xây dựng, Vật liệu và công nghệ xây dựng)"
77966,GHA,ky-thuat-xay-dung,X06,Điểm học bạ,2025,24.95,"Kỹ thuật xây dựng (chuyên ngành: Xây dựng dân dụng và công nghiệp, Kết cấu xây dựng, Vật liệu và công nghệ xây dựng)"
77967,GHA,ky-thuat-xay-dung,A00,Điểm thi THPT,2025,22.44,"Kỹ thuật xây dựng (chuyên ngành: Xây dựng dân dụng và công nghiệp, Kết cấu xây dựng, Vật liệu và công nghệ xây dựng)"
77968,GHA,ky-thuat-xay-dung,A01,Điểm thi THPT,2025,22.44,"Kỹ thuật xây dựng (chuyên ngành: Xây dựng dân dụng và công nghiệp, Kết cấu xây dựng, Vật liệu và công nghệ xây dựng)"
77969,GHA,ky-thuat-xay-dung,D01,Điểm thi THPT,2025,22.44,"Kỹ thuật xây dựng (chuyên ngành: Xây dựng dân dụng và công nghiệp, Kết cấu xây dựng, Vật liệu và công nghệ xây dựng)"
77970,GHA,ky-thuat-xay-dung,D07,Điểm thi THPT,2025,22.44,"Kỹ thuật xây dựng (chuyên ngành: Xây dựng dân dụng và công nghiệp, Kết cấu xây dựng, Vật liệu và công nghệ xây dựng)"
77971,GHA,ky-thuat-xay-dung,X06,Điểm thi THPT,2025,22.44,"Kỹ thuật xây dựng (chuyên ngành: Xây dựng dân dụng và công nghiệp, Kết cấu xây dựng, Vật liệu và công nghệ xây dựng)"
77972,GHA,ky-thuat-xay-dung-con-trinh-giao-thong,A00,Điểm học bạ,2022,22.13,"Kỹ thuật xây dựng cồn trình giao thông (gồm các Chương trình chất lượng cao; Cầu - Đường bộ Việt - Pháp, Việt - Anh; Công trình giao thông đô thị Việt - Nhật)"
77973,GHA,ky-thuat-xay-dung-con-trinh-giao-thong,A01,Điểm học bạ,2022,22.13,"Kỹ thuật xây dựng cồn trình giao thông (gồm các Chương trình chất lượng cao; Cầu - Đường bộ Việt - Pháp, Việt - Anh; Công trình giao thông đô thị Việt - Nhật)"
77974,GHA,ky-thuat-xay-dung-con-trinh-giao-thong,D01,Điểm học bạ,2022,22.13,"Kỹ thuật xây dựng cồn trình giao thông (gồm các Chương trình chất lượng cao; Cầu - Đường bộ Việt - Pháp, Việt - Anh; Công trình giao thông đô thị Việt - Nhật)"
77975,GHA,ky-thuat-xay-dung-con-trinh-giao-thong,D07,Điểm học bạ,2022,22.13,"Kỹ thuật xây dựng cồn trình giao thông (gồm các Chương trình chất lượng cao; Cầu - Đường bộ Việt - Pháp, Việt - Anh; Công trình giao thông đô thị Việt - Nhật)"
77976,GHA,ky-thuat-xay-dung-cong-trinh-giao-thong,A00,Điểm thi THPT,2021,16.0,Kỹ thuật xây dựng công trình giao thông
77977,GHA,ky-thuat-xay-dung-cong-trinh-giao-thong,A01,Điểm thi THPT,2021,16.0,Kỹ thuật xây dựng công trình giao thông
77978,GHA,ky-thuat-xay-dung-cong-trinh-giao-thong,D01,Điểm thi THPT,2021,16.0,Kỹ thuật xây dựng công trình giao thông
77979,GHA,ky-thuat-xay-dung-cong-trinh-giao-thong,D07,Điểm thi THPT,2021,16.0,Kỹ thuật xây dựng công trình giao thông
77980,GHA,ky-thuat-xay-dung-cong-trinh-giao-thong,A00,Điểm học bạ,2022,19.23,Kỹ thuật xây dựng công trình giao thông
77981,GHA,ky-thuat-xay-dung-cong-trinh-giao-thong,A01,Điểm học bạ,2022,19.23,Kỹ thuật xây dựng công trình giao thông
77982,GHA,ky-thuat-xay-dung-cong-trinh-giao-thong,D01,Điểm học bạ,2022,19.23,Kỹ thuật xây dựng công trình giao thông
77983,GHA,ky-thuat-xay-dung-cong-trinh-giao-thong,D07,Điểm học bạ,2022,19.23,Kỹ thuật xây dựng công trình giao thông
77984,GHA,ky-thuat-xay-dung-cong-trinh-giao-thong,A00,Điểm thi THPT,2022,17.0,Kỹ thuật xây dựng công trình giao thông
77985,GHA,ky-thuat-xay-dung-cong-trinh-giao-thong,A01,Điểm thi THPT,2022,17.0,Kỹ thuật xây dựng công trình giao thông
77986,GHA,ky-thuat-xay-dung-cong-trinh-giao-thong,D01,Điểm thi THPT,2022,17.0,Kỹ thuật xây dựng công trình giao thông
77987,GHA,ky-thuat-xay-dung-cong-trinh-giao-thong,D07,Điểm thi THPT,2022,17.0,Kỹ thuật xây dựng công trình giao thông
77988,GHA,ky-thuat-xay-dung-cong-trinh-giao-thong,A00,Điểm học bạ,2023,20.0,Kỹ thuật xây dựng công trình giao thông
77989,GHA,ky-thuat-xay-dung-cong-trinh-giao-thong,A01,Điểm học bạ,2023,20.0,Kỹ thuật xây dựng công trình giao thông
77990,GHA,ky-thuat-xay-dung-cong-trinh-giao-thong,D01,Điểm học bạ,2023,20.0,Kỹ thuật xây dựng công trình giao thông
77991,GHA,ky-thuat-xay-dung-cong-trinh-giao-thong,D03,Điểm học bạ,2023,23.0,"Kỹ thuật xây dựng công trình giao thông (gồm các Chương trình chất lượng cao, Cầu - Đường bộ Việt - Pháp, Cầu - Đường bộ Việt - Anh, Công trình giao thông đô thị Việt - Nhật)"
77992,GHA,ky-thuat-xay-dung-cong-trinh-giao-thong,D07,Điểm học bạ,2023,20.0,Kỹ thuật xây dựng công trình giao thông
77993,GHA,ky-thuat-xay-dung-cong-trinh-giao-thong,A00,Điểm thi THPT,2023,19.25,Kỹ thuật xây dựng công trình giao thông
77994,GHA,ky-thuat-xay-dung-cong-trinh-giao-thong,A01,Điểm thi THPT,2023,19.25,Kỹ thuật xây dựng công trình giao thông
77995,GHA,ky-thuat-xay-dung-cong-trinh-giao-thong,D01,Điểm thi THPT,2023,19.25,Kỹ thuật xây dựng công trình giao thông
77996,GHA,ky-thuat-xay-dung-cong-trinh-giao-thong,D07,Điểm thi THPT,2023,19.25,Kỹ thuật xây dựng công trình giao thông
77997,GHA,ky-thuat-xay-dung-cong-trinh-giao-thong,A00,Điểm học bạ,2024,23.08,Kỹ thuật xây dựng công trinh giao thông
77998,GHA,ky-thuat-xay-dung-cong-trinh-giao-thong,A01,Điểm học bạ,2024,23.08,Kỹ thuật xây dựng công trinh giao thông
77999,GHA,ky-thuat-xay-dung-cong-trinh-giao-thong,D01,Điểm học bạ,2024,23.08,Kỹ thuật xây dựng công trinh giao thông
78000,GHA,ky-thuat-xay-dung-cong-trinh-giao-thong,D03,Điểm học bạ,2024,24.62,"Kỹ thuật xây dựng công trình giao thông (gồm các Chương trình chất lượng cao: Cầu - Đường bộ Việt - Pháp, Việt - Anh; Công trình giao thông đô thị Việt - Nhật)"
78001,GHA,ky-thuat-xay-dung-cong-trinh-giao-thong,D07,Điểm học bạ,2024,23.08,Kỹ thuật xây dựng công trinh giao thông
78002,GHA,ky-thuat-xay-dung-cong-trinh-giao-thong,A00,Điểm thi THPT,2024,21.15,Kỹ thuật xây dựng công trình giao thông
78003,GHA,ky-thuat-xay-dung-cong-trinh-giao-thong,A01,Điểm thi THPT,2024,21.15,Kỹ thuật xây dựng công trình giao thông
78004,GHA,ky-thuat-xay-dung-cong-trinh-giao-thong,D01,Điểm thi THPT,2024,21.15,Kỹ thuật xây dựng công trình giao thông
78005,GHA,ky-thuat-xay-dung-cong-trinh-giao-thong,D03,Điểm thi THPT,2024,20.5,"Kỹ thuật xây dựng công trình giao thông (gồm các Chương trình chất lượng cao: Cầu • Đường bộ Việt • Pháp, Cầu - Đường bộ Việt - Anh, Công trình giao thông đô thị Việt -Nhật)"
78006,GHA,ky-thuat-xay-dung-cong-trinh-giao-thong,D07,Điểm thi THPT,2024,21.15,Kỹ thuật xây dựng công trình giao thông
78007,GHA,ky-thuat-xay-dung-cong-trinh-giao-thong,A00,Điểm học bạ,2025,21.95,"Kỹ thuật xây dựng công trình giao thông (chuyên ngành: Cầu đường bộ, Đường bộ và kỹ thuật giao thông, Cầu và kết cấu, ĐS/ ĐS đô thị, XD sân bay cảng hàng không, Công trình GT đô thị)"
78008,GHA,ky-thuat-xay-dung-cong-trinh-giao-thong,A01,Điểm học bạ,2025,21.95,"Kỹ thuật xây dựng công trình giao thông (chuyên ngành: Cầu đường bộ, Đường bộ và kỹ thuật giao thông, Cầu và kết cấu, ĐS/ ĐS đô thị, XD sân bay cảng hàng không, Công trình GT đô thị)"
78009,GHA,ky-thuat-xay-dung-cong-trinh-giao-thong,D01,Điểm học bạ,2025,21.95,"Kỹ thuật xây dựng công trình giao thông (chuyên ngành: Cầu đường bộ, Đường bộ và kỹ thuật giao thông, Cầu và kết cấu, ĐS/ ĐS đô thị, XD sân bay cảng hàng không, Công trình GT đô thị)"
78010,GHA,ky-thuat-xay-dung-cong-trinh-giao-thong,D03,Điểm học bạ,2025,23.33,Kỹ thuật xây dựng công trình giao thông (Chương trình CLC Cầu-Đường bộ Việt-Pháp)
78011,GHA,ky-thuat-xay-dung-cong-trinh-giao-thong,D07,Điểm học bạ,2025,21.95,"Kỹ thuật xây dựng công trình giao thông (chuyên ngành: Cầu đường bộ, Đường bộ và kỹ thuật giao thông, Cầu và kết cấu, ĐS/ ĐS đô thị, XD sân bay cảng hàng không, Công trình GT đô thị)"
78012,GHA,ky-thuat-xay-dung-cong-trinh-giao-thong,X06,Điểm học bạ,2025,21.95,"Kỹ thuật xây dựng công trình giao thông (chuyên ngành: Cầu đường bộ, Đường bộ và kỹ thuật giao thông, Cầu và kết cấu, ĐS/ ĐS đô thị, XD sân bay cảng hàng không, Công trình GT đô thị)"
78013,GHA,ky-thuat-xay-dung-cong-trinh-giao-thong,A00,Điểm thi THPT,2025,17.94,"Kỹ thuật xây dựng công trình giao thông (chuyên ngành: Cầu đường bộ, Đường bộ và kỹ thuật giao thông, Cầu và kết cấu, ĐS/ ĐS đô thị, XD sân bay cảng hàng không, Công trình GT đô thị)"
78014,GHA,ky-thuat-xay-dung-cong-trinh-giao-thong,A01,Điểm thi THPT,2025,17.94,"Kỹ thuật xây dựng công trình giao thông (chuyên ngành: Cầu đường bộ, Đường bộ và kỹ thuật giao thông, Cầu và kết cấu, ĐS/ ĐS đô thị, XD sân bay cảng hàng không, Công trình GT đô thị)"
78015,GHA,ky-thuat-xay-dung-cong-trinh-giao-thong,D01,Điểm thi THPT,2025,17.94,"Kỹ thuật xây dựng công trình giao thông (chuyên ngành: Cầu đường bộ, Đường bộ và kỹ thuật giao thông, Cầu và kết cấu, ĐS/ ĐS đô thị, XD sân bay cảng hàng không, Công trình GT đô thị)"
78016,GHA,ky-thuat-xay-dung-cong-trinh-giao-thong,D03,Điểm thi THPT,2025,20.01,Kỹ thuật xây dựng công trình giao thông (Chương trình CLC Cầu-Đường bộ Việt-Pháp)
78017,GHA,ky-thuat-xay-dung-cong-trinh-giao-thong,D07,Điểm thi THPT,2025,17.94,"Kỹ thuật xây dựng công trình giao thông (chuyên ngành: Cầu đường bộ, Đường bộ và kỹ thuật giao thông, Cầu và kết cấu, ĐS/ ĐS đô thị, XD sân bay cảng hàng không, Công trình GT đô thị)"
78018,GHA,ky-thuat-xay-dung-cong-trinh-giao-thong,X06,Điểm thi THPT,2025,17.94,"Kỹ thuật xây dựng công trình giao thông (chuyên ngành: Cầu đường bộ, Đường bộ và kỹ thuật giao thông, Cầu và kết cấu, ĐS/ ĐS đô thị, XD sân bay cảng hàng không, Công trình GT đô thị)"
78019,GHA,ky-thuat-xay-dung-cong-trinh-thuy,A00,Điểm thi THPT,2021,17.15,Kỹ thuật xây dựng công trình thủy
78020,GHA,ky-thuat-xay-dung-cong-trinh-thuy,A01,Điểm thi THPT,2021,17.15,Kỹ thuật xây dựng công trình thủy
78021,GHA,ky-thuat-xay-dung-cong-trinh-thuy,D01,Điểm thi THPT,2021,17.15,Kỹ thuật xây dựng công trình thủy
78022,GHA,ky-thuat-xay-dung-cong-trinh-thuy,D07,Điểm thi THPT,2021,17.15,Kỹ thuật xây dựng công trình thủy
78023,GHA,ky-thuat-xay-dung-cong-trinh-thuy,A00,Điểm học bạ,2022,19.12,Kỹ thuật xây dựng công trình thủy
78024,GHA,ky-thuat-xay-dung-cong-trinh-thuy,A01,Điểm học bạ,2022,19.12,Kỹ thuật xây dựng công trình thủy
78025,GHA,ky-thuat-xay-dung-cong-trinh-thuy,D01,Điểm học bạ,2022,19.12,Kỹ thuật xây dựng công trình thủy
78026,GHA,ky-thuat-xay-dung-cong-trinh-thuy,D07,Điểm học bạ,2022,19.12,Kỹ thuật xây dựng công trình thủy
78027,GHA,ky-thuat-xay-dung-cong-trinh-thuy,A00,Điểm thi THPT,2022,17.25,Kỹ thuật xây dựng công trình thủy
78028,GHA,ky-thuat-xay-dung-cong-trinh-thuy,A01,Điểm thi THPT,2022,17.25,Kỹ thuật xây dựng công trình thủy
78029,GHA,ky-thuat-xay-dung-cong-trinh-thuy,D01,Điểm thi THPT,2022,17.25,Kỹ thuật xây dựng công trình thủy
78030,GHA,ky-thuat-xay-dung-cong-trinh-thuy,D07,Điểm thi THPT,2022,17.25,Kỹ thuật xây dựng công trình thủy
78031,GHA,ky-thuat-xay-dung-cong-trinh-thuy,A00,Điểm học bạ,2023,22.61,Kỹ thuật xây dựng công trình thủy
78032,GHA,ky-thuat-xay-dung-cong-trinh-thuy,A01,Điểm học bạ,2023,22.61,Kỹ thuật xây dựng công trình thủy
78033,GHA,ky-thuat-xay-dung-cong-trinh-thuy,D01,Điểm học bạ,2023,22.61,Kỹ thuật xây dựng công trình thủy
78034,GHA,ky-thuat-xay-dung-cong-trinh-thuy,D07,Điểm học bạ,2023,22.61,Kỹ thuật xây dựng công trình thủy
78035,GHA,ky-thuat-xay-dung-cong-trinh-thuy,A00,Điểm thi THPT,2023,18.3,Kỹ thuật xây dựng công trình thuỷ
78036,GHA,ky-thuat-xay-dung-cong-trinh-thuy,A01,Điểm thi THPT,2023,18.3,Kỹ thuật xây dựng công trình thuỷ
78037,GHA,ky-thuat-xay-dung-cong-trinh-thuy,D01,Điểm thi THPT,2023,18.3,Kỹ thuật xây dựng công trình thuỷ
78038,GHA,ky-thuat-xay-dung-cong-trinh-thuy,D07,Điểm thi THPT,2023,18.3,Kỹ thuật xây dựng công trình thuỷ
78039,GHA,ky-thuat-xay-dung-cong-trinh-thuy,A00,Điểm học bạ,2024,24.8,Kỹ thuật xây dựng công trình thuỷ
78040,GHA,ky-thuat-xay-dung-cong-trinh-thuy,A01,Điểm học bạ,2024,24.8,Kỹ thuật xây dựng công trình thuỷ
78041,GHA,ky-thuat-xay-dung-cong-trinh-thuy,D01,Điểm học bạ,2024,24.8,Kỹ thuật xây dựng công trình thuỷ
78042,GHA,ky-thuat-xay-dung-cong-trinh-thuy,D07,Điểm học bạ,2024,24.8,Kỹ thuật xây dựng công trình thuỷ
78043,GHA,ky-thuat-xay-dung-cong-trinh-thuy,A00,Điểm thi THPT,2024,21.15,Kỹ thuật xây dựng công trình thuỷ
78044,GHA,ky-thuat-xay-dung-cong-trinh-thuy,A01,Điểm thi THPT,2024,21.15,Kỹ thuật xây dựng công trình thuỷ
78045,GHA,ky-thuat-xay-dung-cong-trinh-thuy,D01,Điểm thi THPT,2024,21.15,Kỹ thuật xây dựng công trình thuỷ
78046,GHA,ky-thuat-xay-dung-cong-trinh-thuy,D07,Điểm thi THPT,2024,21.15,Kỹ thuật xây dựng công trình thuỷ
78047,GHA,ky-thuat-xay-dung-cong-trinh-thuy,A00,Điểm học bạ,2025,23.64,Kỹ thuật xây dựng công trình thủy
78048,GHA,ky-thuat-xay-dung-cong-trinh-thuy,A01,Điểm học bạ,2025,23.64,Kỹ thuật xây dựng công trình thủy
78049,GHA,ky-thuat-xay-dung-cong-trinh-thuy,D01,Điểm học bạ,2025,23.64,Kỹ thuật xây dựng công trình thủy
78050,GHA,ky-thuat-xay-dung-cong-trinh-thuy,D07,Điểm học bạ,2025,23.64,Kỹ thuật xây dựng công trình thủy
78051,GHA,ky-thuat-xay-dung-cong-trinh-thuy,X06,Điểm học bạ,2025,23.64,Kỹ thuật xây dựng công trình thủy
78052,GHA,ky-thuat-xay-dung-cong-trinh-thuy,A00,Điểm thi THPT,2025,20.48,Kỹ thuật xây dựng công trình thủy
78053,GHA,ky-thuat-xay-dung-cong-trinh-thuy,A01,Điểm thi THPT,2025,20.48,Kỹ thuật xây dựng công trình thủy
78054,GHA,ky-thuat-xay-dung-cong-trinh-thuy,D01,Điểm thi THPT,2025,20.48,Kỹ thuật xây dựng công trình thủy
78055,GHA,ky-thuat-xay-dung-cong-trinh-thuy,D07,Điểm thi THPT,2025,20.48,Kỹ thuật xây dựng công trình thủy
78056,GHA,ky-thuat-xay-dung-cong-trinh-thuy,X06,Điểm thi THPT,2025,20.48,Kỹ thuật xây dựng công trình thủy
78057,GHA,logistics-va-quan-ly-chuoi-cung-ung,A00,Điểm thi THPT,2021,26.35,Logistics và Quản lý chuỗi cung ứng
78058,GHA,logistics-va-quan-ly-chuoi-cung-ung,A01,Điểm thi THPT,2021,26.35,Logistics và Quản lý chuỗi cung ứng
78059,GHA,logistics-va-quan-ly-chuoi-cung-ung,D01,Điểm thi THPT,2021,26.35,Logistics và Quản lý chuỗi cung ứng
78060,GHA,logistics-va-quan-ly-chuoi-cung-ung,D07,Điểm thi THPT,2021,26.35,Logistics và Quản lý chuỗi cung ứng
78061,GHA,logistics-va-quan-ly-chuoi-cung-ung,A00,Điểm thi THPT,2022,26.25,Logistics và quản lý chuỗi cung ứng
78062,GHA,logistics-va-quan-ly-chuoi-cung-ung,A01,Điểm thi THPT,2022,26.25,Logistics và quản lý chuỗi cung ứng
78063,GHA,logistics-va-quan-ly-chuoi-cung-ung,D01,Điểm thi THPT,2022,26.25,Logistics và quản lý chuỗi cung ứng
78064,GHA,logistics-va-quan-ly-chuoi-cung-ung,D07,Điểm thi THPT,2022,26.25,Logistics và quản lý chuỗi cung ứng
78065,GHA,logistics-va-quan-ly-chuoi-cung-ung,A00,Điểm thi THPT,2023,26.15,Logistics và quản lý chuỗi cung ứng
78066,GHA,logistics-va-quan-ly-chuoi-cung-ung,A01,Điểm thi THPT,2023,26.15,Logistics và quản lý chuỗi cung ứng
78067,GHA,logistics-va-quan-ly-chuoi-cung-ung,D01,Điểm thi THPT,2023,26.15,Logistics và quản lý chuỗi cung ứng
78068,GHA,logistics-va-quan-ly-chuoi-cung-ung,D07,Điểm thi THPT,2023,26.15,Logistics và quản lý chuỗi cung ứng
78069,GHA,logistics-va-quan-ly-chuoi-cung-ung,A00,Điểm thi THPT,2024,26.45,Logistics và quản lý chuỗi cung ứng
78070,GHA,logistics-va-quan-ly-chuoi-cung-ung,A01,Điểm thi THPT,2024,26.45,Logistics và quản lý chuỗi cung ứng
78071,GHA,logistics-va-quan-ly-chuoi-cung-ung,D01,Điểm thi THPT,2024,26.45,Logistics và quản lý chuỗi cung ứng
78072,GHA,logistics-va-quan-ly-chuoi-cung-ung,D07,Điểm thi THPT,2024,26.45,Logistics và quản lý chuỗi cung ứng
78073,GHA,logistics-va-quan-ly-chuoi-cung-ung,A00,Điểm học bạ,2025,28.34,Logistics và quản lý chuỗi cung ứng
78074,GHA,logistics-va-quan-ly-chuoi-cung-ung,A01,Điểm học bạ,2025,28.34,Logistics và quản lý chuỗi cung ứng
78075,GHA,logistics-va-quan-ly-chuoi-cung-ung,D01,Điểm học bạ,2025,28.34,Logistics và quản lý chuỗi cung ứng
78076,GHA,logistics-va-quan-ly-chuoi-cung-ung,D07,Điểm học bạ,2025,28.34,Logistics và quản lý chuỗi cung ứng
78077,GHA,logistics-va-quan-ly-chuoi-cung-ung,A00,Điểm thi THPT,2025,27.52,Logistics và quản lý chuỗi cung ứng
78078,GHA,logistics-va-quan-ly-chuoi-cung-ung,A01,Điểm thi THPT,2025,27.52,Logistics và quản lý chuỗi cung ứng
78079,GHA,logistics-va-quan-ly-chuoi-cung-ung,D01,Điểm thi THPT,2025,27.52,Logistics và quản lý chuỗi cung ứng
78080,GHA,logistics-va-quan-ly-chuoi-cung-ung,D07,Điểm thi THPT,2025,27.52,Logistics và quản lý chuỗi cung ứng
78081,GHA,ngon-ngu-anh,D01,Điểm học bạ,2024,26.71,Ngôn ngữ Anh
78082,GHA,ngon-ngu-anh,D09,Điểm học bạ,2024,26.71,Ngôn ngữ Anh
78083,GHA,ngon-ngu-anh,D10,Điểm học bạ,2024,26.71,Ngôn ngữ Anh
78084,GHA,ngon-ngu-anh,A00,Điểm thi THPT,2024,24.1,Ngôn ngữ Anh
78085,GHA,ngon-ngu-anh,A01,Điểm thi THPT,2024,24.1,Ngôn ngữ Anh
78086,GHA,ngon-ngu-anh,D01,Điểm thi THPT,2024,24.1,Ngôn ngữ Anh
78087,GHA,ngon-ngu-anh,D07,Điểm thi THPT,2024,24.1,Ngôn ngữ Anh
78088,GHA,ngon-ngu-anh,D01,Điểm học bạ,2025,26.88,Ngôn ngữ Anh
78089,GHA,ngon-ngu-anh,D09,Điểm học bạ,2025,26.88,Ngôn ngữ Anh
78090,GHA,ngon-ngu-anh,D10,Điểm học bạ,2025,26.88,Ngôn ngữ Anh
78091,GHA,ngon-ngu-anh,D01,Điểm thi THPT,2025,25.33,Ngôn ngữ Anh
78092,GHA,ngon-ngu-anh,D09,Điểm thi THPT,2025,25.33,Ngôn ngữ Anh
78093,GHA,ngon-ngu-anh,D10,Điểm thi THPT,2025,25.33,Ngôn ngữ Anh
78094,GHA,quan-ly-do-thi-va-cong-trinh,A00,Điểm học bạ,2022,25.25,Quản lý đô thị và công trình
78095,GHA,quan-ly-do-thi-va-cong-trinh,A01,Điểm học bạ,2022,25.25,Quản lý đô thị và công trình
78096,GHA,quan-ly-do-thi-va-cong-trinh,D01,Điểm học bạ,2022,25.25,Quản lý đô thị và công trình
78097,GHA,quan-ly-do-thi-va-cong-trinh,D07,Điểm học bạ,2022,25.25,Quản lý đô thị và công trình
78098,GHA,quan-ly-do-thi-va-cong-trinh,A00,Điểm thi THPT,2022,19.0,Quản lý đô thị và công trình
78099,GHA,quan-ly-do-thi-va-cong-trinh,A01,Điểm thi THPT,2022,19.0,Quản lý đô thị và công trình
78100,GHA,quan-ly-do-thi-va-cong-trinh,D01,Điểm thi THPT,2022,19.0,Quản lý đô thị và công trình
78101,GHA,quan-ly-do-thi-va-cong-trinh,D07,Điểm thi THPT,2022,19.0,Quản lý đô thị và công trình
78102,GHA,quan-ly-do-thi-va-cong-trinh,A00,Điểm học bạ,2023,26.16,Quản lý đô thị và công trình
78103,GHA,quan-ly-do-thi-va-cong-trinh,A01,Điểm học bạ,2023,26.16,Quản lý đô thị và công trình
78104,GHA,quan-ly-do-thi-va-cong-trinh,D01,Điểm học bạ,2023,26.16,Quản lý đô thị và công trình
78105,GHA,quan-ly-do-thi-va-cong-trinh,D07,Điểm học bạ,2023,26.16,Quản lý đô thị và công trình
78106,GHA,quan-ly-do-thi-va-cong-trinh,A00,Điểm thi THPT,2023,22.55,Quản lý đô thị và công trình
78107,GHA,quan-ly-do-thi-va-cong-trinh,A01,Điểm thi THPT,2023,22.55,Quản lý đô thị và công trình
78108,GHA,quan-ly-do-thi-va-cong-trinh,D01,Điểm thi THPT,2023,22.55,Quản lý đô thị và công trình
78109,GHA,quan-ly-do-thi-va-cong-trinh,D07,Điểm thi THPT,2023,22.55,Quản lý đô thị và công trình
78110,GHA,quan-ly-do-thi-va-cong-trinh,A00,Điểm học bạ,2024,26.65,Quản lý đô thị và công trình
78111,GHA,quan-ly-do-thi-va-cong-trinh,A01,Điểm học bạ,2024,26.65,Quản lý đô thị và công trình
78112,GHA,quan-ly-do-thi-va-cong-trinh,D01,Điểm học bạ,2024,26.65,Quản lý đô thị và công trình
78113,GHA,quan-ly-do-thi-va-cong-trinh,D07,Điểm học bạ,2024,26.65,Quản lý đô thị và công trình
78114,GHA,quan-ly-do-thi-va-cong-trinh,A00,Điểm thi THPT,2024,23.28,Quản lý đô thị và công trình
78115,GHA,quan-ly-do-thi-va-cong-trinh,A01,Điểm thi THPT,2024,23.28,Quản lý đô thị và công trình
78116,GHA,quan-ly-do-thi-va-cong-trinh,D01,Điểm thi THPT,2024,23.28,Quản lý đô thị và công trình
78117,GHA,quan-ly-do-thi-va-cong-trinh,D07,Điểm thi THPT,2024,23.28,Quản lý đô thị và công trình
78118,GHA,quan-ly-do-thi-va-cong-trinh,A00,Điểm học bạ,2025,25.07,Quản lý đô thị và công trình
78119,GHA,quan-ly-do-thi-va-cong-trinh,A01,Điểm học bạ,2025,25.07,Quản lý đô thị và công trình
78120,GHA,quan-ly-do-thi-va-cong-trinh,D01,Điểm học bạ,2025,25.07,Quản lý đô thị và công trình
78121,GHA,quan-ly-do-thi-va-cong-trinh,D07,Điểm học bạ,2025,25.07,Quản lý đô thị và công trình
78122,GHA,quan-ly-do-thi-va-cong-trinh,X06,Điểm học bạ,2025,25.07,Quản lý đô thị và công trình
78123,GHA,quan-ly-do-thi-va-cong-trinh,A00,Điểm thi THPT,2025,22.62,Quản lý đô thị và công trình
78124,GHA,quan-ly-do-thi-va-cong-trinh,A01,Điểm thi THPT,2025,22.62,Quản lý đô thị và công trình
78125,GHA,quan-ly-do-thi-va-cong-trinh,D01,Điểm thi THPT,2025,22.62,Quản lý đô thị và công trình
78126,GHA,quan-ly-do-thi-va-cong-trinh,D07,Điểm thi THPT,2025,22.62,Quản lý đô thị và công trình
78127,GHA,quan-ly-do-thi-va-cong-trinh,X06,Điểm thi THPT,2025,22.62,Quản lý đô thị và công trình
78128,GHA,quan-ly-xay-dung,A00,Điểm thi THPT,2021,22.8,Quản lý xây dựng
78129,GHA,quan-ly-xay-dung,A01,Điểm thi THPT,2021,22.8,Quản lý xây dựng
78130,GHA,quan-ly-xay-dung,D01,Điểm thi THPT,2021,22.8,Quản lý xây dựng
78131,GHA,quan-ly-xay-dung,D07,Điểm thi THPT,2021,22.8,Quản lý xây dựng
78132,GHA,quan-ly-xay-dung,A00,Điểm học bạ,2022,25.67,Quản lý xây dựng
78133,GHA,quan-ly-xay-dung,A01,Điểm học bạ,2022,25.67,Quản lý xây dựng
78134,GHA,quan-ly-xay-dung,D01,Điểm học bạ,2022,25.67,Quản lý xây dựng
78135,GHA,quan-ly-xay-dung,D07,Điểm học bạ,2022,25.67,Quản lý xây dựng
78136,GHA,quan-ly-xay-dung,A00,Điểm thi THPT,2022,23.5,Quản lý xây dựng
78137,GHA,quan-ly-xay-dung,A01,Điểm thi THPT,2022,23.5,Quản lý xây dựng
78138,GHA,quan-ly-xay-dung,D01,Điểm thi THPT,2022,23.5,Quản lý xây dựng
78139,GHA,quan-ly-xay-dung,D07,Điểm thi THPT,2022,23.5,Quản lý xây dựng
78140,GHA,quan-ly-xay-dung,A00,Điểm học bạ,2023,26.26,Quản lý xây dựng
78141,GHA,quan-ly-xay-dung,A01,Điểm học bạ,2023,26.26,Quản lý xây dựng
78142,GHA,quan-ly-xay-dung,D01,Điểm học bạ,2023,26.26,Quản lý xây dựng
78143,GHA,quan-ly-xay-dung,D07,Điểm học bạ,2023,26.26,Quản lý xây dựng
78144,GHA,quan-ly-xay-dung,A00,Điểm thi THPT,2023,23.51,Quản lý xây dựng
78145,GHA,quan-ly-xay-dung,A01,Điểm thi THPT,2023,23.51,Quản lý xây dựng
78146,GHA,quan-ly-xay-dung,D01,Điểm thi THPT,2023,23.51,Quản lý xây dựng
78147,GHA,quan-ly-xay-dung,D07,Điểm thi THPT,2023,23.51,Quản lý xây dựng
78148,GHA,quan-ly-xay-dung,A00,Điểm học bạ,2024,26.56,Quản lý xây dựng
78149,GHA,quan-ly-xay-dung,A01,Điểm học bạ,2024,26.56,Quản lý xây dựng
78150,GHA,quan-ly-xay-dung,D01,Điểm học bạ,2024,26.56,Quản lý xây dựng
78151,GHA,quan-ly-xay-dung,D07,Điểm học bạ,2024,26.56,Quản lý xây dựng
78152,GHA,quan-ly-xay-dung,A00,Điểm thi THPT,2024,23.93,Quản lý xây dựng
78153,GHA,quan-ly-xay-dung,A01,Điểm thi THPT,2024,23.93,Quản lý xây dựng
78154,GHA,quan-ly-xay-dung,D01,Điểm thi THPT,2024,23.93,Quản lý xây dựng
78155,GHA,quan-ly-xay-dung,D07,Điểm thi THPT,2024,23.93,Quản lý xây dựng
78156,GHA,quan-ly-xay-dung,A00,Điểm học bạ,2025,25.48,Quản lý xây dựng
78157,GHA,quan-ly-xay-dung,A01,Điểm học bạ,2025,25.48,Quản lý xây dựng
78158,GHA,quan-ly-xay-dung,D01,Điểm học bạ,2025,25.48,Quản lý xây dựng
78159,GHA,quan-ly-xay-dung,D07,Điểm học bạ,2025,25.48,Quản lý xây dựng
78160,GHA,quan-ly-xay-dung,X06,Điểm học bạ,2025,25.48,Quản lý xây dựng
78161,GHA,quan-ly-xay-dung,A00,Điểm thi THPT,2025,23.24,Quản lý xây dựng
78162,GHA,quan-ly-xay-dung,A01,Điểm thi THPT,2025,23.24,Quản lý xây dựng
78163,GHA,quan-ly-xay-dung,D01,Điểm thi THPT,2025,23.24,Quản lý xây dựng
78164,GHA,quan-ly-xay-dung,D07,Điểm thi THPT,2025,23.24,Quản lý xây dựng
78165,GHA,quan-ly-xay-dung,X06,Điểm thi THPT,2025,23.24,Quản lý xây dựng
78166,GHA,quan-tri-dich-vu-du-lich-va-lu-hanh,A00,Điểm thi THPT,2021,24.7,Quản trị dịch vụ du lịch và lữ hành
78167,GHA,quan-tri-dich-vu-du-lich-va-lu-hanh,A01,Điểm thi THPT,2021,24.7,Quản trị dịch vụ du lịch và lữ hành
78168,GHA,quan-tri-dich-vu-du-lich-va-lu-hanh,D01,Điểm thi THPT,2021,24.7,Quản trị dịch vụ du lịch và lữ hành
78169,GHA,quan-tri-dich-vu-du-lich-va-lu-hanh,D07,Điểm thi THPT,2021,24.7,Quản trị dịch vụ du lịch và lữ hành
78170,GHA,quan-tri-dich-vu-du-lich-va-lu-hanh,A00,Điểm học bạ,2022,26.9,Quản trị dịch vụ du lịch và lữ hành
78171,GHA,quan-tri-dich-vu-du-lich-va-lu-hanh,A01,Điểm học bạ,2022,26.9,Quản trị dịch vụ du lịch và lữ hành
78172,GHA,quan-tri-dich-vu-du-lich-va-lu-hanh,D01,Điểm học bạ,2022,26.9,Quản trị dịch vụ du lịch và lữ hành
78173,GHA,quan-tri-dich-vu-du-lich-va-lu-hanh,D07,Điểm học bạ,2022,26.9,Quản trị dịch vụ du lịch và lữ hành
78174,GHA,quan-tri-dich-vu-du-lich-va-lu-hanh,A00,Điểm thi THPT,2022,24.4,Quản trị dịch vụ du lịch và lữ hành
78175,GHA,quan-tri-dich-vu-du-lich-va-lu-hanh,A01,Điểm thi THPT,2022,24.4,Quản trị dịch vụ du lịch và lữ hành
78176,GHA,quan-tri-dich-vu-du-lich-va-lu-hanh,D01,Điểm thi THPT,2022,24.4,Quản trị dịch vụ du lịch và lữ hành
78177,GHA,quan-tri-dich-vu-du-lich-va-lu-hanh,D07,Điểm thi THPT,2022,24.4,Quản trị dịch vụ du lịch và lữ hành
78178,GHA,quan-tri-dich-vu-du-lich-va-lu-hanh,A00,Điểm học bạ,2023,2.97,Quản trị dịch vụ du lịch và lữ hành
78179,GHA,quan-tri-dich-vu-du-lich-va-lu-hanh,A01,Điểm học bạ,2023,2.97,Quản trị dịch vụ du lịch và lữ hành
78180,GHA,quan-tri-dich-vu-du-lich-va-lu-hanh,D01,Điểm học bạ,2023,2.97,Quản trị dịch vụ du lịch và lữ hành
78181,GHA,quan-tri-dich-vu-du-lich-va-lu-hanh,D07,Điểm học bạ,2023,2.97,Quản trị dịch vụ du lịch và lữ hành
78182,GHA,quan-tri-dich-vu-du-lich-va-lu-hanh,A00,Điểm thi THPT,2023,23.8,Quản trị dịch vụ du lịch và lữ hành
78183,GHA,quan-tri-dich-vu-du-lich-va-lu-hanh,A01,Điểm thi THPT,2023,23.8,Quản trị dịch vụ du lịch và lữ hành
78184,GHA,quan-tri-dich-vu-du-lich-va-lu-hanh,D01,Điểm thi THPT,2023,23.8,Quản trị dịch vụ du lịch và lữ hành
78185,GHA,quan-tri-dich-vu-du-lich-va-lu-hanh,D07,Điểm thi THPT,2023,23.8,Quản trị dịch vụ du lịch và lữ hành
78186,GHA,quan-tri-dich-vu-du-lich-va-lu-hanh,A00,Điểm học bạ,2024,27.29,Quản trị dịch vụ du lịch và lữ hành
78187,GHA,quan-tri-dich-vu-du-lich-va-lu-hanh,A01,Điểm học bạ,2024,27.29,Quản trị dịch vụ du lịch và lữ hành
78188,GHA,quan-tri-dich-vu-du-lich-va-lu-hanh,D01,Điểm học bạ,2024,27.29,Quản trị dịch vụ du lịch và lữ hành
78189,GHA,quan-tri-dich-vu-du-lich-va-lu-hanh,D07,Điểm học bạ,2024,27.29,Quản trị dịch vụ du lịch và lữ hành
78190,GHA,quan-tri-dich-vu-du-lich-va-lu-hanh,A00,Điểm thi THPT,2024,24.3,Quản trị dịch vụ du lịch và lữ hành
78191,GHA,quan-tri-dich-vu-du-lich-va-lu-hanh,A01,Điểm thi THPT,2024,24.3,Quản trị dịch vụ du lịch và lữ hành
78192,GHA,quan-tri-dich-vu-du-lich-va-lu-hanh,D01,Điểm thi THPT,2024,24.3,Quản trị dịch vụ du lịch và lữ hành
78193,GHA,quan-tri-dich-vu-du-lich-va-lu-hanh,D07,Điểm thi THPT,2024,24.3,Quản trị dịch vụ du lịch và lữ hành
78194,GHA,quan-tri-dich-vu-du-lich-va-lu-hanh,A00,Điểm học bạ,2025,26.0,Quản trị dịch vụ du lịch và lữ hành
78195,GHA,quan-tri-dich-vu-du-lich-va-lu-hanh,A01,Điểm học bạ,2025,26.0,Quản trị dịch vụ du lịch và lữ hành
78196,GHA,quan-tri-dich-vu-du-lich-va-lu-hanh,D01,Điểm học bạ,2025,26.0,Quản trị dịch vụ du lịch và lữ hành
78197,GHA,quan-tri-dich-vu-du-lich-va-lu-hanh,D07,Điểm học bạ,2025,26.0,Quản trị dịch vụ du lịch và lữ hành
78198,GHA,quan-tri-dich-vu-du-lich-va-lu-hanh,A00,Điểm thi THPT,2025,24.02,Quản trị dịch vụ du lịch và lữ hành
78199,GHA,quan-tri-dich-vu-du-lich-va-lu-hanh,A01,Điểm thi THPT,2025,24.02,Quản trị dịch vụ du lịch và lữ hành
78200,GHA,quan-tri-dich-vu-du-lich-va-lu-hanh,D01,Điểm thi THPT,2025,24.02,Quản trị dịch vụ du lịch và lữ hành
78201,GHA,quan-tri-dich-vu-du-lich-va-lu-hanh,D07,Điểm thi THPT,2025,24.02,Quản trị dịch vụ du lịch và lữ hành
78202,GHA,quan-tri-kinh-doanh,A00,Điểm thi THPT,2021,25.3,Quản trị kinh doanh
78203,GHA,quan-tri-kinh-doanh,A01,Điểm thi THPT,2021,25.3,Quản trị kinh doanh
78204,GHA,quan-tri-kinh-doanh,D01,Điểm thi THPT,2021,25.3,Quản trị kinh doanh
78205,GHA,quan-tri-kinh-doanh,D07,Điểm thi THPT,2021,25.3,Quản trị kinh doanh
78206,GHA,quan-tri-kinh-doanh,A00,Điểm học bạ,2022,27.8,Quản trị kinh doanh
78207,GHA,quan-tri-kinh-doanh,A01,Điểm học bạ,2022,27.8,Quản trị kinh doanh
78208,GHA,quan-tri-kinh-doanh,D01,Điểm học bạ,2022,27.8,Quản trị kinh doanh
78209,GHA,quan-tri-kinh-doanh,D07,Điểm học bạ,2022,27.8,Quản trị kinh doanh
78210,GHA,quan-tri-kinh-doanh,A00,Điểm thi THPT,2022,25.1,Quản trị kinh doanh
78211,GHA,quan-tri-kinh-doanh,A01,Điểm thi THPT,2022,25.1,Quản trị kinh doanh
78212,GHA,quan-tri-kinh-doanh,D01,Điểm thi THPT,2022,25.1,Quản trị kinh doanh
78213,GHA,quan-tri-kinh-doanh,D07,Điểm thi THPT,2022,25.1,Quản trị kinh doanh
78214,GHA,quan-tri-kinh-doanh,A00,Điểm học bạ,2023,27.7,Quản trị kinh doanh
78215,GHA,quan-tri-kinh-doanh,A01,Điểm học bạ,2023,27.7,Quản trị kinh doanh
78216,GHA,quan-tri-kinh-doanh,D01,Điểm học bạ,2023,27.7,Quản trị kinh doanh
78217,GHA,quan-tri-kinh-doanh,D07,Điểm học bạ,2023,27.7,Quản trị kinh doanh
78218,GHA,quan-tri-kinh-doanh,A00,Điểm thi THPT,2023,24.77,Quản trị kinh doanh
78219,GHA,quan-tri-kinh-doanh,A01,Điểm thi THPT,2023,24.77,Quản trị kinh doanh
78220,GHA,quan-tri-kinh-doanh,D01,Điểm thi THPT,2023,24.77,Quản trị kinh doanh
78221,GHA,quan-tri-kinh-doanh,D07,Điểm thi THPT,2023,24.77,Quản trị kinh doanh
78222,GHA,quan-tri-kinh-doanh,A00,Điểm học bạ,2024,27.84,Quản trị kinh doanh
78223,GHA,quan-tri-kinh-doanh,A01,Điểm học bạ,2024,27.84,Quản trị kinh doanh
78224,GHA,quan-tri-kinh-doanh,D01,Điểm học bạ,2024,27.84,Quản trị kinh doanh
78225,GHA,quan-tri-kinh-doanh,D07,Điểm học bạ,2024,27.84,Quản trị kinh doanh
78226,GHA,quan-tri-kinh-doanh,A00,Điểm thi THPT,2024,25.1,Quản trị kinh doanh
78227,GHA,quan-tri-kinh-doanh,A01,Điểm thi THPT,2024,25.1,Quản trị kinh doanh
78228,GHA,quan-tri-kinh-doanh,D01,Điểm thi THPT,2024,25.1,Quản trị kinh doanh
78229,GHA,quan-tri-kinh-doanh,D07,Điểm thi THPT,2024,25.1,Quản trị kinh doanh
78230,GHA,quan-tri-kinh-doanh,A00,Điểm học bạ,2025,26.94,Quản trị kinh doanh
78231,GHA,quan-tri-kinh-doanh,A01,Điểm học bạ,2025,26.94,Quản trị kinh doanh
78232,GHA,quan-tri-kinh-doanh,D01,Điểm học bạ,2025,26.94,Quản trị kinh doanh
78233,GHA,quan-tri-kinh-doanh,D07,Điểm học bạ,2025,26.94,Quản trị kinh doanh
78234,GHA,quan-tri-kinh-doanh,A00,Điểm thi THPT,2025,25.41,Quản trị kinh doanh
78235,GHA,quan-tri-kinh-doanh,A01,Điểm thi THPT,2025,25.41,Quản trị kinh doanh
78236,GHA,quan-tri-kinh-doanh,D01,Điểm thi THPT,2025,25.41,Quản trị kinh doanh
78237,GHA,quan-tri-kinh-doanh,D07,Điểm thi THPT,2025,25.41,Quản trị kinh doanh
78238,GHA,tai-chinh-ngan-hang,A00,Điểm thi THPT,2021,24.55,Tài chính ngân hàng
78239,GHA,tai-chinh-ngan-hang,A01,Điểm thi THPT,2021,24.55,Tài chính ngân hàng
78240,GHA,tai-chinh-ngan-hang,D01,Điểm thi THPT,2021,24.55,Tài chính ngân hàng
78241,GHA,tai-chinh-ngan-hang,D07,Điểm thi THPT,2021,24.55,Tài chính ngân hàng
78242,GHA,tai-chinh-ngan-hang,A00,Điểm học bạ,2022,28.12,Tài chính ngân hàng
78243,GHA,tai-chinh-ngan-hang,A01,Điểm học bạ,2022,28.12,Tài chính ngân hàng
78244,GHA,tai-chinh-ngan-hang,D01,Điểm học bạ,2022,28.12,Tài chính ngân hàng
78245,GHA,tai-chinh-ngan-hang,D07,Điểm học bạ,2022,28.12,Tài chính ngân hàng
78246,GHA,tai-chinh-ngan-hang,A00,Điểm thi THPT,2022,24.95,Tài chính - Ngân hàng
78247,GHA,tai-chinh-ngan-hang,A01,Điểm thi THPT,2022,24.95,Tài chính - Ngân hàng
78248,GHA,tai-chinh-ngan-hang,D01,Điểm thi THPT,2022,24.95,Tài chính - Ngân hàng
78249,GHA,tai-chinh-ngan-hang,D07,Điểm thi THPT,2022,24.95,Tài chính - Ngân hàng
78250,GHA,tai-chinh-ngan-hang,A00,Điểm học bạ,2023,27.92,Tài chính - Ngân hàng
78251,GHA,tai-chinh-ngan-hang,A01,Điểm học bạ,2023,27.92,Tài chính - Ngân hàng
78252,GHA,tai-chinh-ngan-hang,D01,Điểm học bạ,2023,27.92,Tài chính - Ngân hàng
78253,GHA,tai-chinh-ngan-hang,D07,Điểm học bạ,2023,27.92,Tài chính - Ngân hàng
78254,GHA,tai-chinh-ngan-hang,A00,Điểm thi THPT,2023,25.1,Tài chính - Ngân hàng
78255,GHA,tai-chinh-ngan-hang,A01,Điểm thi THPT,2023,25.1,Tài chính - Ngân hàng
78256,GHA,tai-chinh-ngan-hang,D01,Điểm thi THPT,2023,25.1,Tài chính - Ngân hàng
78257,GHA,tai-chinh-ngan-hang,D07,Điểm thi THPT,2023,25.1,Tài chính - Ngân hàng
78258,GHA,tai-chinh-ngan-hang,A00,Điểm học bạ,2024,28.23,Tài chính - Ngân hàng
78259,GHA,tai-chinh-ngan-hang,A01,Điểm học bạ,2024,28.23,Tài chính - Ngân hàng
78260,GHA,tai-chinh-ngan-hang,D01,Điểm học bạ,2024,28.23,Tài chính - Ngân hàng
78261,GHA,tai-chinh-ngan-hang,D07,Điểm học bạ,2024,28.23,Tài chính - Ngân hàng
78262,GHA,tai-chinh-ngan-hang,A00,Điểm thi THPT,2024,25.46,Tài chính - Ngân hàng
78263,GHA,tai-chinh-ngan-hang,A01,Điểm thi THPT,2024,25.46,Tài chính - Ngân hàng
78264,GHA,tai-chinh-ngan-hang,D01,Điểm thi THPT,2024,25.46,Tài chính - Ngân hàng
78265,GHA,tai-chinh-ngan-hang,D07,Điểm thi THPT,2024,25.46,Tài chính - Ngân hàng
78266,GHA,tai-chinh-ngan-hang,A00,Điểm học bạ,2025,27.23,Tài chính - Ngân hàng
78267,GHA,tai-chinh-ngan-hang,A01,Điểm học bạ,2025,27.23,Tài chính - Ngân hàng
78268,GHA,tai-chinh-ngan-hang,D01,Điểm học bạ,2025,27.23,Tài chính - Ngân hàng
78269,GHA,tai-chinh-ngan-hang,D07,Điểm học bạ,2025,27.23,Tài chính - Ngân hàng
78270,GHA,tai-chinh-ngan-hang,A00,Điểm thi THPT,2025,25.86,Tài chính - Ngân hàng
78271,GHA,tai-chinh-ngan-hang,A01,Điểm thi THPT,2025,25.86,Tài chính - Ngân hàng
78272,GHA,tai-chinh-ngan-hang,D01,Điểm thi THPT,2025,25.86,Tài chính - Ngân hàng
78273,GHA,tai-chinh-ngan-hang,D07,Điểm thi THPT,2025,25.86,Tài chính - Ngân hàng
78274,GHA,toan-tin-ung-dung,A00,Điểm học bạ,2025,26.09,Toán ứng dụng (chuyên ngành toán tin ứng dụng)
78275,GHA,toan-tin-ung-dung,A01,Điểm học bạ,2025,26.09,Toán ứng dụng (chuyên ngành toán tin ứng dụng)
78276,GHA,toan-tin-ung-dung,D01,Điểm học bạ,2025,26.09,Toán ứng dụng (chuyên ngành toán tin ứng dụng)
78277,GHA,toan-tin-ung-dung,D07,Điểm học bạ,2025,26.09,Toán ứng dụng (chuyên ngành toán tin ứng dụng)
78278,GHA,toan-tin-ung-dung,X06,Điểm học bạ,2025,26.09,Toán ứng dụng (chuyên ngành toán tin ứng dụng)
78279,GHA,toan-tin-ung-dung,A00,Điểm thi THPT,2025,24.15,Toán ứng dụng (chuyên ngành toán tin ứng dụng)
78280,GHA,toan-tin-ung-dung,A01,Điểm thi THPT,2025,24.15,Toán ứng dụng (chuyên ngành toán tin ứng dụng)
78281,GHA,toan-tin-ung-dung,D01,Điểm thi THPT,2025,24.15,Toán ứng dụng (chuyên ngành toán tin ứng dụng)
78282,GHA,toan-tin-ung-dung,D07,Điểm thi THPT,2025,24.15,Toán ứng dụng (chuyên ngành toán tin ứng dụng)
78283,GHA,toan-tin-ung-dung,X06,Điểm thi THPT,2025,24.15,Toán ứng dụng (chuyên ngành toán tin ứng dụng)
78284,GHA,toan-ung-dung,A00,Điểm thi THPT,2021,23.05,Toán ứng dụng
78285,GHA,toan-ung-dung,A01,Điểm thi THPT,2021,23.05,Toán ứng dụng
78286,GHA,toan-ung-dung,D07,Điểm thi THPT,2021,23.05,Toán ứng dụng
78287,GHA,toan-ung-dung,A00,Điểm học bạ,2022,25.97,Toán ứng dụng
78288,GHA,toan-ung-dung,A01,Điểm học bạ,2022,25.97,Toán ứng dụng
78289,GHA,toan-ung-dung,D07,Điểm học bạ,2022,25.97,Toán ứng dụng
78290,GHA,toan-ung-dung,A00,Điểm thi THPT,2022,23.4,Toán ứng dụng
78291,GHA,toan-ung-dung,A01,Điểm thi THPT,2022,23.4,Toán ứng dụng
78292,GHA,toan-ung-dung,D07,Điểm thi THPT,2022,23.4,Toán ứng dụng
78293,GHA,toan-ung-dung,A00,Điểm học bạ,2023,26.11,Toán ứng dụng
78294,GHA,toan-ung-dung,A01,Điểm học bạ,2023,26.11,Toán ứng dụng
78295,GHA,toan-ung-dung,D01,Điểm học bạ,2023,26.11,Toán ứng dụng
78296,GHA,toan-ung-dung,D07,Điểm học bạ,2023,26.11,Toán ứng dụng
78297,GHA,toan-ung-dung,A00,Điểm thi THPT,2023,22.55,Toán ứng dụng
78298,GHA,toan-ung-dung,A01,Điểm thi THPT,2023,22.55,Toán ứng dụng
78299,GHA,toan-ung-dung,D07,Điểm thi THPT,2023,22.55,Toán ứng dụng
78300,GHA,toan-ung-dung,A00,Điểm học bạ,2024,26.89,Toán ứng dụng
78301,GHA,toan-ung-dung,A01,Điểm học bạ,2024,26.89,Toán ứng dụng
78302,GHA,toan-ung-dung,D01,Điểm học bạ,2024,26.89,Toán ứng dụng
78303,GHA,toan-ung-dung,D07,Điểm học bạ,2024,26.89,Toán ứng dụng
78304,GHA,toan-ung-dung,A00,Điểm thi THPT,2024,23.91,Toán ứng dụng
78305,GHA,toan-ung-dung,A01,Điểm thi THPT,2024,23.91,Toán ứng dụng
78306,GHA,toan-ung-dung,D01,Điểm thi THPT,2024,23.91,Toán ứng dụng
78307,GHA,toan-ung-dung,D07,Điểm thi THPT,2024,23.91,Toán ứng dụng
78308,GHA,tuyen-sinh-cac-nam-truoc-cong-nghe-ky-thuat-giao-thong-chuyen-nganh-ky-thuat-an-toan-giao-thong,A00,Điểm học bạ,2025,24.28,Kỹ thuật an toàn giao thông (Ngành tuyển sinh các năm trước: Công nghệ kỹ thuật giao thông - Chuyên ngành: Kỹ thuật an toàn giao thông)
78309,GHA,tuyen-sinh-cac-nam-truoc-cong-nghe-ky-thuat-giao-thong-chuyen-nganh-ky-thuat-an-toan-giao-thong,A01,Điểm học bạ,2025,24.28,Kỹ thuật an toàn giao thông (Ngành tuyển sinh các năm trước: Công nghệ kỹ thuật giao thông - Chuyên ngành: Kỹ thuật an toàn giao thông)
78310,GHA,tuyen-sinh-cac-nam-truoc-cong-nghe-ky-thuat-giao-thong-chuyen-nganh-ky-thuat-an-toan-giao-thong,D01,Điểm học bạ,2025,24.28,Kỹ thuật an toàn giao thông (Ngành tuyển sinh các năm trước: Công nghệ kỹ thuật giao thông - Chuyên ngành: Kỹ thuật an toàn giao thông)
78311,GHA,tuyen-sinh-cac-nam-truoc-cong-nghe-ky-thuat-giao-thong-chuyen-nganh-ky-thuat-an-toan-giao-thong,D07,Điểm học bạ,2025,24.28,Kỹ thuật an toàn giao thông (Ngành tuyển sinh các năm trước: Công nghệ kỹ thuật giao thông - Chuyên ngành: Kỹ thuật an toàn giao thông)
78312,GHA,tuyen-sinh-cac-nam-truoc-cong-nghe-ky-thuat-giao-thong-chuyen-nganh-ky-thuat-an-toan-giao-thong,X06,Điểm học bạ,2025,24.28,Kỹ thuật an toàn giao thông (Ngành tuyển sinh các năm trước: Công nghệ kỹ thuật giao thông - Chuyên ngành: Kỹ thuật an toàn giao thông)
78313,GHA,tuyen-sinh-cac-nam-truoc-cong-nghe-ky-thuat-giao-thong-chuyen-nganh-ky-thuat-an-toan-giao-thong,A00,Điểm thi THPT,2025,21.44,Kỹ thuật an toàn giao thông (Ngành tuyển sinh các năm trước: Công nghệ kỹ thuật giao thông - Chuyên ngành: Kỹ thuật an toàn giao thông)
78314,GHA,tuyen-sinh-cac-nam-truoc-cong-nghe-ky-thuat-giao-thong-chuyen-nganh-ky-thuat-an-toan-giao-thong,A01,Điểm thi THPT,2025,21.44,Kỹ thuật an toàn giao thông (Ngành tuyển sinh các năm trước: Công nghệ kỹ thuật giao thông - Chuyên ngành: Kỹ thuật an toàn giao thông)
78315,GHA,tuyen-sinh-cac-nam-truoc-cong-nghe-ky-thuat-giao-thong-chuyen-nganh-ky-thuat-an-toan-giao-thong,D01,Điểm thi THPT,2025,21.44,Kỹ thuật an toàn giao thông (Ngành tuyển sinh các năm trước: Công nghệ kỹ thuật giao thông - Chuyên ngành: Kỹ thuật an toàn giao thông)
78316,GHA,tuyen-sinh-cac-nam-truoc-cong-nghe-ky-thuat-giao-thong-chuyen-nganh-ky-thuat-an-toan-giao-thong,D07,Điểm thi THPT,2025,21.44,Kỹ thuật an toàn giao thông (Ngành tuyển sinh các năm trước: Công nghệ kỹ thuật giao thông - Chuyên ngành: Kỹ thuật an toàn giao thông)
78317,GHA,tuyen-sinh-cac-nam-truoc-cong-nghe-ky-thuat-giao-thong-chuyen-nganh-ky-thuat-an-toan-giao-thong,X06,Điểm thi THPT,2025,21.44,Kỹ thuật an toàn giao thông (Ngành tuyển sinh các năm trước: Công nghệ kỹ thuật giao thông - Chuyên ngành: Kỹ thuật an toàn giao thông)
78318,GNT,cong-nghe-may,A01,Điểm thi THPT,2022,18.0,Công nghệ May
78319,GNT,cong-nghe-may,D01,Điểm thi THPT,2022,18.0,Công nghệ May
78320,GNT,cong-nghe-may,H00,Điểm thi THPT,2022,30.0,Công nghệ May
78321,GNT,cong-nghe-may,A00,Điểm thi THPT,2024,18.0,Công nghệ may
78322,GNT,cong-nghe-may,D01,Điểm thi THPT,2024,18.0,Công nghệ may
78323,GNT,cong-nghe-may,H00,Điểm thi THPT,2024,30.0,Công nghệ may
78324,GNT,cong-nghe-may,A00,Điểm học bạ,2025,18.0,Công nghệ may
78325,GNT,cong-nghe-may,D01,Điểm học bạ,2025,18.0,Công nghệ may
78326,GNT,cong-nghe-may,A00,Điểm thi THPT,2025,18.0,Công nghệ may
78327,GNT,cong-nghe-may,D01,Điểm thi THPT,2025,18.0,Công nghệ may
78328,GNT,cong-tac-xa-hoi,C00,Điểm thi THPT,2022,18.0,Công tác Xã hội
78329,GNT,cong-tac-xa-hoi,C03,Điểm thi THPT,2022,18.0,Công tác Xã hội
78330,GNT,cong-tac-xa-hoi,C04,Điểm thi THPT,2022,18.0,Công tác Xã hội
78331,GNT,cong-tac-xa-hoi,D01,Điểm thi THPT,2022,18.0,Công tác Xã hội
78332,GNT,cong-tac-xa-hoi,C00,Điểm thi THPT,2024,18.0,Công tác xã hội
78333,GNT,cong-tac-xa-hoi,C03,Điểm thi THPT,2024,18.0,Công tác xã hội
78334,GNT,cong-tac-xa-hoi,C04,Điểm thi THPT,2024,18.0,Công tác xã hội
78335,GNT,cong-tac-xa-hoi,D00,Điểm thi THPT,2024,18.0,Công tác xã hội
78336,GNT,cong-tac-xa-hoi,C00,Điểm học bạ,2025,18.0,Công tác xã hội
78337,GNT,cong-tac-xa-hoi,C03,Điểm học bạ,2025,18.0,Công tác xã hội
78338,GNT,cong-tac-xa-hoi,C04,Điểm học bạ,2025,18.0,Công tác xã hội
78339,GNT,cong-tac-xa-hoi,D00,Điểm học bạ,2025,18.0,Công tác xã hội
78340,GNT,cong-tac-xa-hoi,C00,Điểm thi THPT,2025,18.0,Công tác xã hội
78341,GNT,cong-tac-xa-hoi,C03,Điểm thi THPT,2025,18.0,Công tác xã hội
78342,GNT,cong-tac-xa-hoi,C04,Điểm thi THPT,2025,18.0,Công tác xã hội
78343,GNT,cong-tac-xa-hoi,D00,Điểm thi THPT,2025,18.0,Công tác xã hội
78344,GNT,dien-vien-kich-dien-anh,S00,Điểm thi THPT,2022,21.0,Diễn viên Kịch + Điện ảnh
78345,GNT,dien-vien-kich-dien-anh,S00,Điểm thi THPT,2024,28.5,Diễn viên Kịch - Điện ảnh
78346,GNT,dien-vien-kich-dien-anh-lien-thong,S00,Điểm thi THPT,2024,5.0,Diễn viên Kịch - Điện ảnh liên thông
78347,GNT,du-lich,C00,Điểm thi THPT,2022,18.0,Du lịch
78348,GNT,du-lich,C03,Điểm thi THPT,2022,18.0,Du lịch
78349,GNT,du-lich,C04,Điểm thi THPT,2022,18.0,Du lịch
78350,GNT,du-lich,D01,Điểm thi THPT,2022,18.0,Du lịch
78351,GNT,du-lich,C00,Điểm thi THPT,2024,20.0,Du lịch
78352,GNT,du-lich,C03,Điểm thi THPT,2024,20.0,Du lịch
78353,GNT,du-lich,C04,Điểm thi THPT,2024,20.0,Du lịch
78354,GNT,du-lich,D00,Điểm thi THPT,2024,20.0,Du lịch
78355,GNT,du-lich,C00,Điểm học bạ,2025,19.0,Du lịch
78356,GNT,du-lich,C03,Điểm học bạ,2025,19.0,Du lịch
78357,GNT,du-lich,C04,Điểm học bạ,2025,19.0,Du lịch
78358,GNT,du-lich,D00,Điểm học bạ,2025,19.0,Du lịch
78359,GNT,du-lich,C00,Điểm thi THPT,2025,19.0,Du lịch
78360,GNT,du-lich,C03,Điểm thi THPT,2025,19.0,Du lịch
78361,GNT,du-lich,C04,Điểm thi THPT,2025,19.0,Du lịch
78362,GNT,du-lich,D00,Điểm thi THPT,2025,19.0,Du lịch
78363,GNT,hoi-hoa,H00,Điểm thi THPT,2022,33.0,Hội họa
78364,GNT,hoi-hoa,H00,Điểm thi THPT,2024,37.0,Hội họa
78365,GNT,piano,N00,Điểm thi THPT,2022,33.0,Piano
78366,GNT,piano,N00,Điểm thi THPT,2024,34.5,Piano
78367,GNT,quan-ly-van-hoa,C00,Điểm thi THPT,2022,18.0,Quản lý Văn hóa
78368,GNT,quan-ly-van-hoa,H00,Điểm thi THPT,2022,30.0,Quản lý Văn hóa
78369,GNT,quan-ly-van-hoa,N00,Điểm thi THPT,2022,30.0,Quản lý Văn hóa
78370,GNT,quan-ly-van-hoa,R00,Điểm thi THPT,2022,24.0,Quản lý Văn hóa
78371,GNT,quan-ly-van-hoa,C00,Điểm thi THPT,2024,22.25,Quản lý Văn hóa
78372,GNT,quan-ly-van-hoa,H00,Điểm thi THPT,2024,30.0,Quản lý Văn hóa
78373,GNT,quan-ly-van-hoa,N00,Điểm thi THPT,2024,31.0,Quản lý Văn hóa
78374,GNT,quan-ly-van-hoa,C00,Điểm học bạ,2025,18.0,Quản lý văn hóa
78375,GNT,quan-ly-van-hoa,R00,Điểm học bạ,2025,26.0,Quản lý văn hóa
78376,GNT,quan-ly-van-hoa,C00,Điểm thi THPT,2025,18.0,Quản lý văn hóa
78377,GNT,quan-ly-van-hoa,R00,Điểm thi THPT,2025,26.0,Quản lý văn hóa
78378,GNT,su-pham-am-nhac,N00,Điểm học bạ,2022,32.5,Sư phạm Âm nhạc
78379,GNT,su-pham-am-nhac,N00,Điểm thi THPT,2022,32.0,Sư phạm Âm nhạc
78380,GNT,su-pham-am-nhac,N00,Điểm thi THPT,2024,34.5,Sư phạm Âm nhạc
78381,GNT,su-pham-my-thuat,H00,Điểm học bạ,2022,32.5,Sư phạm Mỹ thuật
78382,GNT,su-pham-my-thuat,H00,Điểm thi THPT,2022,32.0,Sư phạm Mỹ thuật
78383,GNT,su-pham-my-thuat,H00,Điểm thi THPT,2024,34.0,Sư phạm Mỹ thuật
78384,GNT,thanh-nhac,N00,Điểm thi THPT,2022,32.0,Thanh nhạc
78385,GNT,thanh-nhac,N00,Điểm thi THPT,2024,35.0,Thanh nhạc
78386,GNT,thiet-ke-do-hoa,H00,Điểm thi THPT,2022,35.0,Thiết kế Đồ họa
78387,GNT,thiet-ke-do-hoa,H00,Điểm thi THPT,2024,37.5,Thiết kế đồ họa
78388,GNT,thiet-ke-thoi-trang,H00,Điểm thi THPT,2022,31.0,Thiết kế Thời trang
78389,GNT,thiet-ke-thoi-trang,H00,Điểm thi THPT,2024,33.5,Thiết kế thời trang
78390,GSA,cong-nghe-thong-tin,A00,Điểm thi THPT,2021,24.3,Công nghệ thông tin
78391,GSA,cong-nghe-thong-tin,A01,Điểm thi THPT,2021,24.3,Công nghệ thông tin
78392,GSA,cong-nghe-thong-tin,D07,Điểm thi THPT,2021,24.3,Công nghệ thông tin
78393,GSA,cong-nghe-thong-tin,A00,Điểm thi THPT,2022,24.7,Công nghệ thông tin
78394,GSA,cong-nghe-thong-tin,A01,Điểm thi THPT,2022,24.7,Công nghệ thông tin
78395,GSA,cong-nghe-thong-tin,D07,Điểm thi THPT,2022,24.7,Công nghệ thông tin
78396,GSA,cong-nghe-thong-tin,A00,Điểm học bạ,2023,27.07,Công nghệ thông tin
78397,GSA,cong-nghe-thong-tin,A01,Điểm học bạ,2023,27.07,Công nghệ thông tin
78398,GSA,cong-nghe-thong-tin,D07,Điểm học bạ,2023,27.07,Công nghệ thông tin
78399,GSA,cong-nghe-thong-tin,A00,Điểm thi THPT,2023,24.54,Công nghệ thông tin
78400,GSA,cong-nghe-thong-tin,A01,Điểm thi THPT,2023,24.54,Công nghệ thông tin
78401,GSA,cong-nghe-thong-tin,D07,Điểm thi THPT,2023,24.54,Công nghệ thông tin
78402,GSA,cong-nghe-thong-tin,A00,Điểm học bạ,2024,27.55,Công nghệ thông tin
78403,GSA,cong-nghe-thong-tin,A01,Điểm học bạ,2024,27.55,Công nghệ thông tin
78404,GSA,cong-nghe-thong-tin,D07,Điểm học bạ,2024,27.55,Công nghệ thông tin
78405,GSA,cong-nghe-thong-tin,A00,Điểm thi THPT,2024,24.73,Công nghệ thông tin
78406,GSA,cong-nghe-thong-tin,A01,Điểm thi THPT,2024,24.73,Công nghệ thông tin
78407,GSA,cong-nghe-thong-tin,D07,Điểm thi THPT,2024,24.73,Công nghệ thông tin
78408,GSA,cong-nghe-thong-tin,A00,Điểm học bạ,2025,26.5,Công nghệ thông tin
78409,GSA,cong-nghe-thong-tin,A01,Điểm học bạ,2025,26.5,Công nghệ thông tin
78410,GSA,cong-nghe-thong-tin,C01,Điểm học bạ,2025,26.5,Công nghệ thông tin
78411,GSA,cong-nghe-thong-tin,D01,Điểm học bạ,2025,26.5,Công nghệ thông tin
78412,GSA,cong-nghe-thong-tin,X06,Điểm học bạ,2025,26.5,Công nghệ thông tin
78413,GSA,cong-nghe-thong-tin,A00,Điểm thi THPT,2025,24.76,Công nghệ thông tin
78414,GSA,cong-nghe-thong-tin,A01,Điểm thi THPT,2025,24.76,Công nghệ thông tin
78415,GSA,cong-nghe-thong-tin,C01,Điểm thi THPT,2025,24.76,Công nghệ thông tin
78416,GSA,cong-nghe-thong-tin,D01,Điểm thi THPT,2025,24.76,Công nghệ thông tin
78417,GSA,cong-nghe-thong-tin,X06,Điểm thi THPT,2025,24.76,Công nghệ thông tin
78418,GSA,duong-sat-toc-do-cao,A00,Điểm học bạ,2025,21.46,Kỹ thuật xây dựng công trình giao thông (chuyên ngành Đường sắt tốc độ cao)
78419,GSA,duong-sat-toc-do-cao,A01,Điểm học bạ,2025,21.46,Kỹ thuật xây dựng công trình giao thông (chuyên ngành Đường sắt tốc độ cao)
78420,GSA,duong-sat-toc-do-cao,C01,Điểm học bạ,2025,21.46,Kỹ thuật xây dựng công trình giao thông (chuyên ngành Đường sắt tốc độ cao)
78421,GSA,duong-sat-toc-do-cao,D01,Điểm học bạ,2025,21.46,Kỹ thuật xây dựng công trình giao thông (chuyên ngành Đường sắt tốc độ cao)
78422,GSA,duong-sat-toc-do-cao,X06,Điểm học bạ,2025,21.46,Kỹ thuật xây dựng công trình giao thông (chuyên ngành Đường sắt tốc độ cao)
78423,GSA,duong-sat-toc-do-cao,A00,Điểm thi THPT,2025,21.46,Kỹ thuật xây dựng công trình giao thông (chuyên ngành Đường sắt tốc độ cao)
78424,GSA,duong-sat-toc-do-cao,A01,Điểm thi THPT,2025,21.46,Kỹ thuật xây dựng công trình giao thông (chuyên ngành Đường sắt tốc độ cao)
78425,GSA,duong-sat-toc-do-cao,C01,Điểm thi THPT,2025,21.46,Kỹ thuật xây dựng công trình giao thông (chuyên ngành Đường sắt tốc độ cao)
78426,GSA,duong-sat-toc-do-cao,D01,Điểm thi THPT,2025,21.46,Kỹ thuật xây dựng công trình giao thông (chuyên ngành Đường sắt tốc độ cao)
78427,GSA,duong-sat-toc-do-cao,X06,Điểm thi THPT,2025,21.46,Kỹ thuật xây dựng công trình giao thông (chuyên ngành Đường sắt tốc độ cao)
78428,GSA,ke-toan,A00,Điểm thi THPT,2021,23.45,Kế toán
78429,GSA,ke-toan,A01,Điểm thi THPT,2021,23.45,Kế toán
78430,GSA,ke-toan,D01,Điểm thi THPT,2021,23.45,Kế toán
78431,GSA,ke-toan,D07,Điểm thi THPT,2021,23.45,Kế toán
78432,GSA,ke-toan,A00,Điểm thi THPT,2022,22.65,Kế toán
78433,GSA,ke-toan,A01,Điểm thi THPT,2022,22.65,Kế toán
78434,GSA,ke-toan,D01,Điểm thi THPT,2022,22.65,Kế toán
78435,GSA,ke-toan,D07,Điểm thi THPT,2022,22.65,Kế toán
78436,GSA,ke-toan,A00,Điểm học bạ,2023,25.71,Kế toán
78437,GSA,ke-toan,A01,Điểm học bạ,2023,25.71,Kế toán
78438,GSA,ke-toan,C01,Điểm học bạ,2023,25.71,Kế toán
78439,GSA,ke-toan,D01,Điểm học bạ,2023,25.71,Kế toán
78440,GSA,ke-toan,A00,Điểm thi THPT,2023,22.94,Kế toán
78441,GSA,ke-toan,A01,Điểm thi THPT,2023,22.94,Kế toán
78442,GSA,ke-toan,C01,Điểm thi THPT,2023,22.94,Kế toán
78443,GSA,ke-toan,D01,Điểm thi THPT,2023,22.94,Kế toán
78444,GSA,ke-toan,A00,Điểm học bạ,2024,26.4,Kế toán
78445,GSA,ke-toan,A01,Điểm học bạ,2024,26.4,Kế toán
78446,GSA,ke-toan,C01,Điểm học bạ,2024,26.4,Kế toán
78447,GSA,ke-toan,D01,Điểm học bạ,2024,26.4,Kế toán
78448,GSA,ke-toan,A00,Điểm thi THPT,2024,23.95,Kế toán
78449,GSA,ke-toan,A01,Điểm thi THPT,2024,23.95,Kế toán
78450,GSA,ke-toan,C01,Điểm thi THPT,2024,23.95,Kế toán
78451,GSA,ke-toan,D01,Điểm thi THPT,2024,23.95,Kế toán
78452,GSA,ke-toan-tong-hop,A00,Điểm học bạ,2025,25.44,Kế toán (chuyên ngành Kế toán tổng hợp)
78453,GSA,ke-toan-tong-hop,A01,Điểm học bạ,2025,25.44,Kế toán (chuyên ngành Kế toán tổng hợp)
78454,GSA,ke-toan-tong-hop,C01,Điểm học bạ,2025,25.44,Kế toán (chuyên ngành Kế toán tổng hợp)
78455,GSA,ke-toan-tong-hop,D01,Điểm học bạ,2025,25.44,Kế toán (chuyên ngành Kế toán tổng hợp)
78456,GSA,ke-toan-tong-hop,A00,Điểm thi THPT,2025,23.18,Kế toán (chuyên ngành Kế toán tổng hợp)
78457,GSA,ke-toan-tong-hop,A01,Điểm thi THPT,2025,23.18,Kế toán (chuyên ngành Kế toán tổng hợp)
78458,GSA,ke-toan-tong-hop,C01,Điểm thi THPT,2025,23.18,Kế toán (chuyên ngành Kế toán tổng hợp)
78459,GSA,ke-toan-tong-hop,D01,Điểm thi THPT,2025,23.18,Kế toán (chuyên ngành Kế toán tổng hợp)
78460,GSA,khai-thac-van-tai,A00,Điểm thi THPT,2021,24.85,Khai thác vận tải
78461,GSA,khai-thac-van-tai,A01,Điểm thi THPT,2021,24.85,Khai thác vận tải
78462,GSA,khai-thac-van-tai,C01,Điểm thi THPT,2021,24.85,Khai thác vận tải
78463,GSA,khai-thac-van-tai,D01,Điểm thi THPT,2021,24.85,Khai thác vận tải
78464,GSA,khai-thac-van-tai,A00,Điểm thi THPT,2022,24.25,Khai thác vận tải
78465,GSA,khai-thac-van-tai,A01,Điểm thi THPT,2022,24.25,Khai thác vận tải
78466,GSA,khai-thac-van-tai,D01,Điểm thi THPT,2022,24.25,Khai thác vận tải
78467,GSA,khai-thac-van-tai,D07,Điểm thi THPT,2022,24.25,Khai thác vận tải
78468,GSA,khai-thac-van-tai,A00,Điểm học bạ,2023,26.64,Khai thác vận tải
78469,GSA,khai-thac-van-tai,A01,Điểm học bạ,2023,26.64,Khai thác vận tải
78470,GSA,khai-thac-van-tai,C01,Điểm học bạ,2023,26.64,Khai thác vận tải
78471,GSA,khai-thac-van-tai,D01,Điểm học bạ,2023,26.64,Khai thác vận tải
78472,GSA,khai-thac-van-tai,A00,Điểm thi THPT,2023,23.84,Khai thác vận tải
78473,GSA,khai-thac-van-tai,A01,Điểm thi THPT,2023,23.84,Khai thác vận tải
78474,GSA,khai-thac-van-tai,C01,Điểm thi THPT,2023,23.84,Khai thác vận tải
78475,GSA,khai-thac-van-tai,D01,Điểm thi THPT,2023,23.84,Khai thác vận tải
78476,GSA,khai-thac-van-tai,A00,Điểm học bạ,2024,26.97,Khai thác vận tải
78477,GSA,khai-thac-van-tai,A01,Điểm học bạ,2024,26.97,Khai thác vận tải
78478,GSA,khai-thac-van-tai,C04,Điểm học bạ,2024,26.97,Khai thác vận tải
78479,GSA,khai-thac-van-tai,D01,Điểm học bạ,2024,26.97,Khai thác vận tải
78480,GSA,khai-thac-van-tai,A00,Điểm thi THPT,2024,25.33,Khai thác vận tải
78481,GSA,khai-thac-van-tai,A01,Điểm thi THPT,2024,25.33,Khai thác vận tải
78482,GSA,khai-thac-van-tai,C01,Điểm thi THPT,2024,25.33,Khai thác vận tải
78483,GSA,khai-thac-van-tai,D01,Điểm thi THPT,2024,25.33,Khai thác vận tải
78484,GSA,khai-thac-van-tai,A00,Điểm học bạ,2025,27.18,"Khai thác vận tải (chuyên ngành: Vận tải - Thương mại quốc tế, Quy hoạch và quản lý GTVT đô thị)"
78485,GSA,khai-thac-van-tai,A01,Điểm học bạ,2025,27.18,"Khai thác vận tải (chuyên ngành: Vận tải - Thương mại quốc tế, Quy hoạch và quản lý GTVT đô thị)"
78486,GSA,khai-thac-van-tai,C01,Điểm học bạ,2025,27.18,"Khai thác vận tải (chuyên ngành: Vận tải - Thương mại quốc tế, Quy hoạch và quản lý GTVT đô thị)"
78487,GSA,khai-thac-van-tai,D01,Điểm học bạ,2025,27.18,"Khai thác vận tải (chuyên ngành: Vận tải - Thương mại quốc tế, Quy hoạch và quản lý GTVT đô thị)"
78488,GSA,khai-thac-van-tai,A00,Điểm thi THPT,2025,25.78,"Khai thác vận tải (chuyên ngành: Vận tải - Thương mại quốc tế, Quy hoạch và quản lý GTVT đô thị)"
78489,GSA,khai-thac-van-tai,A01,Điểm thi THPT,2025,25.78,"Khai thác vận tải (chuyên ngành: Vận tải - Thương mại quốc tế, Quy hoạch và quản lý GTVT đô thị)"
78490,GSA,khai-thac-van-tai,C01,Điểm thi THPT,2025,25.78,"Khai thác vận tải (chuyên ngành: Vận tải - Thương mại quốc tế, Quy hoạch và quản lý GTVT đô thị)"
78491,GSA,khai-thac-van-tai,D01,Điểm thi THPT,2025,25.78,"Khai thác vận tải (chuyên ngành: Vận tải - Thương mại quốc tế, Quy hoạch và quản lý GTVT đô thị)"
78492,GSA,kien-truc,A00,Điểm thi THPT,2021,20.6,Kiến trúc
78493,GSA,kien-truc,A01,Điểm thi THPT,2021,20.6,Kiến trúc
78494,GSA,kien-truc,V00,Điểm thi THPT,2021,20.6,Kiến trúc
78495,GSA,kien-truc,V01,Điểm thi THPT,2021,20.6,Kiến trúc
78496,GSA,kien-truc,A00,Điểm thi THPT,2022,17.5,Kiến trúc
78497,GSA,kien-truc,A01,Điểm thi THPT,2022,17.5,Kiến trúc
78498,GSA,kien-truc,V00,Điểm thi THPT,2022,17.5,Kiến trúc
78499,GSA,kien-truc,V01,Điểm thi THPT,2022,17.5,Kiến trúc
78500,GSA,kien-truc,A00,Điểm học bạ,2023,23.69,Kiến trúc
78501,GSA,kien-truc,A01,Điểm học bạ,2023,23.69,Kiến trúc
78502,GSA,kien-truc,A00,Điểm thi THPT,2023,21.25,Kiến trúc
78503,GSA,kien-truc,A01,Điểm thi THPT,2023,21.25,Kiến trúc
78504,GSA,kien-truc,V00,Điểm thi THPT,2023,21.25,Kiến trúc
78505,GSA,kien-truc,V01,Điểm thi THPT,2023,21.25,Kiến trúc
78506,GSA,kien-truc,A00,Điểm học bạ,2024,24.84,Kiến trúc
78507,GSA,kien-truc,A01,Điểm học bạ,2024,24.84,Kiến trúc
78508,GSA,kien-truc,A00,Điểm thi THPT,2024,22.05,Kiến trúc
78509,GSA,kien-truc,A01,Điểm thi THPT,2024,22.05,Kiến trúc
78510,GSA,kien-truc,V00,Điểm thi THPT,2024,22.05,Kiến trúc
78511,GSA,kien-truc,V01,Điểm thi THPT,2024,22.05,Kiến trúc
78512,GSA,kien-truc,A00,Điểm học bạ,2025,24.74,Kiến trúc
78513,GSA,kien-truc,A01,Điểm học bạ,2025,24.74,Kiến trúc
78514,GSA,kien-truc,V00,Điểm học bạ,2025,24.74,Kiến trúc
78515,GSA,kien-truc,V01,Điểm học bạ,2025,24.74,Kiến trúc
78516,GSA,kien-truc,A00,Điểm thi THPT,2025,22.12,Kiến trúc
78517,GSA,kien-truc,A01,Điểm thi THPT,2025,22.12,Kiến trúc
78518,GSA,kien-truc,V00,Điểm thi THPT,2025,22.12,Kiến trúc
78519,GSA,kien-truc,V01,Điểm thi THPT,2025,22.12,Kiến trúc
78520,GSA,kinh-doanh-quoc-te,A00,Điểm học bạ,2024,27.36,Kinh doanh quốc tế
78521,GSA,kinh-doanh-quoc-te,A01,Điểm học bạ,2024,27.36,Kinh doanh quốc tế
78522,GSA,kinh-doanh-quoc-te,C01,Điểm học bạ,2024,27.36,Kinh doanh quốc tế
78523,GSA,kinh-doanh-quoc-te,D01,Điểm học bạ,2024,27.36,Kinh doanh quốc tế
78524,GSA,kinh-doanh-quoc-te,A00,Điểm thi THPT,2024,24.59,Kinh doanh quốc tế
78525,GSA,kinh-doanh-quoc-te,A01,Điểm thi THPT,2024,24.59,Kinh doanh quốc tế
78526,GSA,kinh-doanh-quoc-te,C01,Điểm thi THPT,2024,24.59,Kinh doanh quốc tế
78527,GSA,kinh-doanh-quoc-te,D01,Điểm thi THPT,2024,24.59,Kinh doanh quốc tế
78528,GSA,kinh-doanh-quoc-te,A00,Điểm học bạ,2025,27.23,Kinh doanh quốc tế
78529,GSA,kinh-doanh-quoc-te,A01,Điểm học bạ,2025,27.23,Kinh doanh quốc tế
78530,GSA,kinh-doanh-quoc-te,C01,Điểm học bạ,2025,27.23,Kinh doanh quốc tế
78531,GSA,kinh-doanh-quoc-te,D01,Điểm học bạ,2025,27.23,Kinh doanh quốc tế
78532,GSA,kinh-doanh-quoc-te,A00,Điểm thi THPT,2025,25.86,Kinh doanh quốc tế
78533,GSA,kinh-doanh-quoc-te,A01,Điểm thi THPT,2025,25.86,Kinh doanh quốc tế
78534,GSA,kinh-doanh-quoc-te,C01,Điểm thi THPT,2025,25.86,Kinh doanh quốc tế
78535,GSA,kinh-doanh-quoc-te,D01,Điểm thi THPT,2025,25.86,Kinh doanh quốc tế
78536,GSA,kinh-te-van-tai,A00,Điểm học bạ,2025,26.96,Kinh tế vận tải (chuyên ngành: Kinh tế vận tải thuỷ bộ)
78537,GSA,kinh-te-van-tai,A01,Điểm học bạ,2025,26.96,Kinh tế vận tải (chuyên ngành: Kinh tế vận tải thuỷ bộ)
78538,GSA,kinh-te-van-tai,C01,Điểm học bạ,2025,26.96,Kinh tế vận tải (chuyên ngành: Kinh tế vận tải thuỷ bộ)
78539,GSA,kinh-te-van-tai,D01,Điểm học bạ,2025,26.96,Kinh tế vận tải (chuyên ngành: Kinh tế vận tải thuỷ bộ)
78540,GSA,kinh-te-van-tai,A00,Điểm thi THPT,2025,25.46,Kinh tế vận tải (chuyên ngành: Kinh tế vận tải thuỷ bộ)
78541,GSA,kinh-te-van-tai,A01,Điểm thi THPT,2025,25.46,Kinh tế vận tải (chuyên ngành: Kinh tế vận tải thuỷ bộ)
78542,GSA,kinh-te-van-tai,C01,Điểm thi THPT,2025,25.46,Kinh tế vận tải (chuyên ngành: Kinh tế vận tải thuỷ bộ)
78543,GSA,kinh-te-van-tai,D01,Điểm thi THPT,2025,25.46,Kinh tế vận tải (chuyên ngành: Kinh tế vận tải thuỷ bộ)
78544,GSA,kinh-te-xay-dung,A00,Điểm thi THPT,2021,22.65,Kinh tế xây dựng
78545,GSA,kinh-te-xay-dung,A01,Điểm thi THPT,2021,22.65,Kinh tế xây dựng
78546,GSA,kinh-te-xay-dung,C01,Điểm thi THPT,2021,22.65,Kinh tế xây dựng
78547,GSA,kinh-te-xay-dung,D01,Điểm thi THPT,2021,22.65,Kinh tế xây dựng
78548,GSA,kinh-te-xay-dung,A00,Điểm thi THPT,2022,17.55,Kinh tế xây dựng
78549,GSA,kinh-te-xay-dung,A01,Điểm thi THPT,2022,17.55,Kinh tế xây dựng
78550,GSA,kinh-te-xay-dung,D01,Điểm thi THPT,2022,17.55,Kinh tế xây dựng
78551,GSA,kinh-te-xay-dung,D07,Điểm thi THPT,2022,17.55,Kinh tế xây dựng
78552,GSA,kinh-te-xay-dung,A00,Điểm học bạ,2023,24.71,Kinh tế xây dựng
78553,GSA,kinh-te-xay-dung,A01,Điểm học bạ,2023,24.71,Kinh tế xây dựng
78554,GSA,kinh-te-xay-dung,C01,Điểm học bạ,2023,24.71,Kinh tế xây dựng
78555,GSA,kinh-te-xay-dung,D01,Điểm học bạ,2023,24.71,Kinh tế xây dựng
78556,GSA,kinh-te-xay-dung,A00,Điểm thi THPT,2023,21.0,Kinh tế xây dựng
78557,GSA,kinh-te-xay-dung,A01,Điểm thi THPT,2023,21.0,Kinh tế xây dựng
78558,GSA,kinh-te-xay-dung,C01,Điểm thi THPT,2023,21.0,Kinh tế xây dựng
78559,GSA,kinh-te-xay-dung,D01,Điểm thi THPT,2023,21.0,Kinh tế xây dựng
78560,GSA,kinh-te-xay-dung,A00,Điểm học bạ,2024,24.97,Kinh tế xây dựng
78561,GSA,kinh-te-xay-dung,A01,Điểm học bạ,2024,24.97,Kinh tế xây dựng
78562,GSA,kinh-te-xay-dung,C01,Điểm học bạ,2024,24.97,Kinh tế xây dựng
78563,GSA,kinh-te-xay-dung,D01,Điểm học bạ,2024,24.97,Kinh tế xây dựng
78564,GSA,kinh-te-xay-dung,A00,Điểm thi THPT,2024,22.75,Kinh tế xây dựng
78565,GSA,kinh-te-xay-dung,A01,Điểm thi THPT,2024,22.75,Kinh tế xây dựng
78566,GSA,kinh-te-xay-dung,C01,Điểm thi THPT,2024,22.75,Kinh tế xây dựng
78567,GSA,kinh-te-xay-dung,D01,Điểm thi THPT,2024,22.75,Kinh tế xây dựng
78568,GSA,kinh-te-xay-dung,A00,Điểm học bạ,2025,24.68,Kinh tế xây dựng (chuyên ngành: Kinh tế và quản lý đầu tư xây dựng)
78569,GSA,kinh-te-xay-dung,A01,Điểm học bạ,2025,24.68,Kinh tế xây dựng (chuyên ngành: Kinh tế và quản lý đầu tư xây dựng)
78570,GSA,kinh-te-xay-dung,C01,Điểm học bạ,2025,24.68,Kinh tế xây dựng (chuyên ngành: Kinh tế và quản lý đầu tư xây dựng)
78571,GSA,kinh-te-xay-dung,D01,Điểm học bạ,2025,24.68,Kinh tế xây dựng (chuyên ngành: Kinh tế và quản lý đầu tư xây dựng)
78572,GSA,kinh-te-xay-dung,X06,Điểm học bạ,2025,24.68,Kinh tế xây dựng (chuyên ngành: Kinh tế và quản lý đầu tư xây dựng)
78573,GSA,kinh-te-xay-dung,A00,Điểm thi THPT,2025,22.04,Kinh tế xây dựng (chuyên ngành: Kinh tế và quản lý đầu tư xây dựng)
78574,GSA,kinh-te-xay-dung,A01,Điểm thi THPT,2025,22.04,Kinh tế xây dựng (chuyên ngành: Kinh tế và quản lý đầu tư xây dựng)
78575,GSA,kinh-te-xay-dung,C01,Điểm thi THPT,2025,22.04,Kinh tế xây dựng (chuyên ngành: Kinh tế và quản lý đầu tư xây dựng)
78576,GSA,kinh-te-xay-dung,D01,Điểm thi THPT,2025,22.04,Kinh tế xây dựng (chuyên ngành: Kinh tế và quản lý đầu tư xây dựng)
78577,GSA,kinh-te-xay-dung,X06,Điểm thi THPT,2025,22.04,Kinh tế xây dựng (chuyên ngành: Kinh tế và quản lý đầu tư xây dựng)
78578,GSA,ky-thuat-co-dien-tu,A00,Điểm thi THPT,2021,23.25,Kỹ thuật cơ điện tử
78579,GSA,ky-thuat-co-dien-tu,A01,Điểm thi THPT,2021,23.25,Kỹ thuật cơ điện tử
78580,GSA,ky-thuat-co-dien-tu,D01,Điểm thi THPT,2021,23.25,Kỹ thuật cơ điện tử
78581,GSA,ky-thuat-co-dien-tu,D07,Điểm thi THPT,2021,23.25,Kỹ thuật cơ điện tử
78582,GSA,ky-thuat-co-dien-tu,A00,Điểm thi THPT,2022,21.8,Kỹ thuật cơ điện tử
78583,GSA,ky-thuat-co-dien-tu,A01,Điểm thi THPT,2022,21.8,Kỹ thuật cơ điện tử
78584,GSA,ky-thuat-co-dien-tu,D01,Điểm thi THPT,2022,21.8,Kỹ thuật cơ điện tử
78585,GSA,ky-thuat-co-dien-tu,D07,Điểm thi THPT,2022,21.8,Kỹ thuật cơ điện tử
78586,GSA,ky-thuat-co-dien-tu,A00,Điểm học bạ,2023,24.65,Kỹ thuật cơ điện tử
78587,GSA,ky-thuat-co-dien-tu,A01,Điểm học bạ,2023,24.65,Kỹ thuật cơ điện tử
78588,GSA,ky-thuat-co-dien-tu,D01,Điểm học bạ,2023,24.65,Kỹ thuật cơ điện tử
78589,GSA,ky-thuat-co-dien-tu,D07,Điểm học bạ,2023,24.65,Kỹ thuật cơ điện tử
78590,GSA,ky-thuat-co-dien-tu,A00,Điểm thi THPT,2023,22.9,Kỹ thuật cơ điện tử
78591,GSA,ky-thuat-co-dien-tu,A01,Điểm thi THPT,2023,22.9,Kỹ thuật cơ điện tử
78592,GSA,ky-thuat-co-dien-tu,D01,Điểm thi THPT,2023,22.9,Kỹ thuật cơ điện tử
78593,GSA,ky-thuat-co-dien-tu,D07,Điểm thi THPT,2023,22.9,Kỹ thuật cơ điện tử
78594,GSA,ky-thuat-co-dien-tu,A00,Điểm học bạ,2024,26.24,Kỹ thuật cơ điện tử
78595,GSA,ky-thuat-co-dien-tu,A01,Điểm học bạ,2024,26.24,Kỹ thuật cơ điện tử
78596,GSA,ky-thuat-co-dien-tu,D01,Điểm học bạ,2024,26.24,Kỹ thuật cơ điện tử
78597,GSA,ky-thuat-co-dien-tu,D07,Điểm học bạ,2024,26.24,Kỹ thuật cơ điện tử
78598,GSA,ky-thuat-co-dien-tu,A00,Điểm thi THPT,2024,24.45,Kỹ thuật cơ điện tử
78599,GSA,ky-thuat-co-dien-tu,A01,Điểm thi THPT,2024,24.45,Kỹ thuật cơ điện tử
78600,GSA,ky-thuat-co-dien-tu,D01,Điểm thi THPT,2024,24.45,Kỹ thuật cơ điện tử
78601,GSA,ky-thuat-co-dien-tu,D07,Điểm thi THPT,2024,24.45,Kỹ thuật cơ điện tử
78602,GSA,ky-thuat-co-dien-tu,A00,Điểm học bạ,2025,26.99,Kỹ thuật cơ điện tử
78603,GSA,ky-thuat-co-dien-tu,A01,Điểm học bạ,2025,26.99,Kỹ thuật cơ điện tử
78604,GSA,ky-thuat-co-dien-tu,C01,Điểm học bạ,2025,26.99,Kỹ thuật cơ điện tử
78605,GSA,ky-thuat-co-dien-tu,D01,Điểm học bạ,2025,26.99,Kỹ thuật cơ điện tử
78606,GSA,ky-thuat-co-dien-tu,X06,Điểm học bạ,2025,26.99,Kỹ thuật cơ điện tử
78607,GSA,ky-thuat-co-dien-tu,A00,Điểm thi THPT,2025,25.5,Kỹ thuật cơ điện tử
78608,GSA,ky-thuat-co-dien-tu,A01,Điểm thi THPT,2025,25.5,Kỹ thuật cơ điện tử
78609,GSA,ky-thuat-co-dien-tu,C01,Điểm thi THPT,2025,25.5,Kỹ thuật cơ điện tử
78610,GSA,ky-thuat-co-dien-tu,D01,Điểm thi THPT,2025,25.5,Kỹ thuật cơ điện tử
78611,GSA,ky-thuat-co-dien-tu,X06,Điểm thi THPT,2025,25.5,Kỹ thuật cơ điện tử
78612,GSA,ky-thuat-co-khi-dong-luc,A00,Điểm thi THPT,2021,22.8,Kỹ thuật cơ khí động lực
78613,GSA,ky-thuat-co-khi-dong-luc,A01,Điểm thi THPT,2021,22.8,Kỹ thuật cơ khí động lực
78614,GSA,ky-thuat-co-khi-dong-luc,D01,Điểm thi THPT,2021,22.8,Kỹ thuật cơ khí động lực
78615,GSA,ky-thuat-co-khi-dong-luc,D07,Điểm thi THPT,2021,22.8,Kỹ thuật cơ khí động lực
78616,GSA,ky-thuat-co-khi-dong-luc,A00,Điểm thi THPT,2022,20.75,Kỹ thuật cơ khí động lực
78617,GSA,ky-thuat-co-khi-dong-luc,A01,Điểm thi THPT,2022,20.75,Kỹ thuật cơ khí động lực
78618,GSA,ky-thuat-co-khi-dong-luc,D01,Điểm thi THPT,2022,20.75,Kỹ thuật cơ khí động lực
78619,GSA,ky-thuat-co-khi-dong-luc,D07,Điểm thi THPT,2022,20.75,Kỹ thuật cơ khí động lực
78620,GSA,ky-thuat-co-khi-dong-luc,A00,Điểm học bạ,2023,23.4,Kỹ thuật cơ khí động lực
78621,GSA,ky-thuat-co-khi-dong-luc,A01,Điểm học bạ,2023,23.4,Kỹ thuật cơ khí động lực
78622,GSA,ky-thuat-co-khi-dong-luc,D01,Điểm học bạ,2023,23.4,Kỹ thuật cơ khí động lực
78623,GSA,ky-thuat-co-khi-dong-luc,D07,Điểm học bạ,2023,23.4,Kỹ thuật cơ khí động lực
78624,GSA,ky-thuat-co-khi-dong-luc,A00,Điểm thi THPT,2023,21.5,Kỹ thuật cơ khí động lực
78625,GSA,ky-thuat-co-khi-dong-luc,A01,Điểm thi THPT,2023,21.5,Kỹ thuật cơ khí động lực
78626,GSA,ky-thuat-co-khi-dong-luc,D01,Điểm thi THPT,2023,21.5,Kỹ thuật cơ khí động lực
78627,GSA,ky-thuat-co-khi-dong-luc,D07,Điểm thi THPT,2023,21.5,Kỹ thuật cơ khí động lực
78628,GSA,ky-thuat-co-khi-dong-luc,A00,Điểm học bạ,2024,25.21,Kỹ thuật cơ khí động lực
78629,GSA,ky-thuat-co-khi-dong-luc,A01,Điểm học bạ,2024,25.21,Kỹ thuật cơ khí động lực
78630,GSA,ky-thuat-co-khi-dong-luc,D01,Điểm học bạ,2024,25.21,Kỹ thuật cơ khí động lực
78631,GSA,ky-thuat-co-khi-dong-luc,D07,Điểm học bạ,2024,25.21,Kỹ thuật cơ khí động lực
78632,GSA,ky-thuat-co-khi-dong-luc,A00,Điểm thi THPT,2024,23.81,Kỹ thuật cơ khí động lực
78633,GSA,ky-thuat-co-khi-dong-luc,A01,Điểm thi THPT,2024,23.81,Kỹ thuật cơ khí động lực
78634,GSA,ky-thuat-co-khi-dong-luc,D01,Điểm thi THPT,2024,23.81,Kỹ thuật cơ khí động lực
78635,GSA,ky-thuat-co-khi-dong-luc,D07,Điểm thi THPT,2024,23.81,Kỹ thuật cơ khí động lực
78636,GSA,ky-thuat-co-khi-dong-luc,A00,Điểm học bạ,2025,26.0,"Kỹ thuật cơ khí động lực (chuyên ngành: Máy xây dựng, Kỹ thuật máy động lực)"
78637,GSA,ky-thuat-co-khi-dong-luc,A01,Điểm học bạ,2025,26.0,"Kỹ thuật cơ khí động lực (chuyên ngành: Máy xây dựng, Kỹ thuật máy động lực)"
78638,GSA,ky-thuat-co-khi-dong-luc,C01,Điểm học bạ,2025,26.0,"Kỹ thuật cơ khí động lực (chuyên ngành: Máy xây dựng, Kỹ thuật máy động lực)"
78639,GSA,ky-thuat-co-khi-dong-luc,D01,Điểm học bạ,2025,26.0,"Kỹ thuật cơ khí động lực (chuyên ngành: Máy xây dựng, Kỹ thuật máy động lực)"
78640,GSA,ky-thuat-co-khi-dong-luc,X06,Điểm học bạ,2025,26.0,"Kỹ thuật cơ khí động lực (chuyên ngành: Máy xây dựng, Kỹ thuật máy động lực)"
78641,GSA,ky-thuat-co-khi-dong-luc,A00,Điểm thi THPT,2025,24.02,"Kỹ thuật cơ khí động lực (chuyên ngành: Máy xây dựng, Kỹ thuật máy động lực)"
78642,GSA,ky-thuat-co-khi-dong-luc,A01,Điểm thi THPT,2025,24.02,"Kỹ thuật cơ khí động lực (chuyên ngành: Máy xây dựng, Kỹ thuật máy động lực)"
78643,GSA,ky-thuat-co-khi-dong-luc,C01,Điểm thi THPT,2025,24.02,"Kỹ thuật cơ khí động lực (chuyên ngành: Máy xây dựng, Kỹ thuật máy động lực)"
78644,GSA,ky-thuat-co-khi-dong-luc,D01,Điểm thi THPT,2025,24.02,"Kỹ thuật cơ khí động lực (chuyên ngành: Máy xây dựng, Kỹ thuật máy động lực)"
78645,GSA,ky-thuat-co-khi-dong-luc,X06,Điểm thi THPT,2025,24.02,"Kỹ thuật cơ khí động lực (chuyên ngành: Máy xây dựng, Kỹ thuật máy động lực)"
78646,GSA,ky-thuat-dien,A00,Điểm thi THPT,2021,22.55,Kỹ thuật điện
78647,GSA,ky-thuat-dien,A01,Điểm thi THPT,2021,22.55,Kỹ thuật điện
78648,GSA,ky-thuat-dien,C01,Điểm thi THPT,2021,22.55,Kỹ thuật điện
78649,GSA,ky-thuat-dien,D01,Điểm thi THPT,2021,22.55,Kỹ thuật điện
78650,GSA,ky-thuat-dien,A00,Điểm thi THPT,2022,21.35,Kỹ thuật điện
78651,GSA,ky-thuat-dien,A01,Điểm thi THPT,2022,21.35,Kỹ thuật điện
78652,GSA,ky-thuat-dien,D07,Điểm thi THPT,2022,21.35,Kỹ thuật điện
78653,GSA,ky-thuat-dien,A00,Điểm học bạ,2023,24.33,Kỹ thuật điện
78654,GSA,ky-thuat-dien,A01,Điểm học bạ,2023,24.33,Kỹ thuật điện
78655,GSA,ky-thuat-dien,C01,Điểm học bạ,2023,24.33,Kỹ thuật điện
78656,GSA,ky-thuat-dien,D01,Điểm học bạ,2023,24.33,Kỹ thuật điện
78657,GSA,ky-thuat-dien,A00,Điểm thi THPT,2023,22.15,Kỹ thuật điện
78658,GSA,ky-thuat-dien,A01,Điểm thi THPT,2023,22.15,Kỹ thuật điện
78659,GSA,ky-thuat-dien,C01,Điểm thi THPT,2023,22.15,Kỹ thuật điện
78660,GSA,ky-thuat-dien,D01,Điểm thi THPT,2023,22.15,Kỹ thuật điện
78661,GSA,ky-thuat-dien,A00,Điểm học bạ,2024,25.89,Kỳ thuật điện
78662,GSA,ky-thuat-dien,A01,Điểm học bạ,2024,25.89,Kỳ thuật điện
78663,GSA,ky-thuat-dien,C01,Điểm học bạ,2024,25.89,Kỳ thuật điện
78664,GSA,ky-thuat-dien,D01,Điểm học bạ,2024,25.89,Kỳ thuật điện
78665,GSA,ky-thuat-dien,A00,Điểm thi THPT,2024,24.06,Kỹ thuật điện
78666,GSA,ky-thuat-dien,A01,Điểm thi THPT,2024,24.06,Kỹ thuật điện
78667,GSA,ky-thuat-dien,C01,Điểm thi THPT,2024,24.06,Kỹ thuật điện
78668,GSA,ky-thuat-dien,D01,Điểm thi THPT,2024,24.06,Kỹ thuật điện
78669,GSA,ky-thuat-dien,A00,Điểm học bạ,2025,26.38,Kỹ thuật điện (chuyên ngành: Trang bị điện trong công nghiệp và GTVT)
78670,GSA,ky-thuat-dien,A01,Điểm học bạ,2025,26.38,Kỹ thuật điện (chuyên ngành: Trang bị điện trong công nghiệp và GTVT)
78671,GSA,ky-thuat-dien,C01,Điểm học bạ,2025,26.38,Kỹ thuật điện (chuyên ngành: Trang bị điện trong công nghiệp và GTVT)
78672,GSA,ky-thuat-dien,D01,Điểm học bạ,2025,26.38,Kỹ thuật điện (chuyên ngành: Trang bị điện trong công nghiệp và GTVT)
78673,GSA,ky-thuat-dien,X06,Điểm học bạ,2025,26.38,Kỹ thuật điện (chuyên ngành: Trang bị điện trong công nghiệp và GTVT)
78674,GSA,ky-thuat-dien,A00,Điểm thi THPT,2025,24.58,Kỹ thuật điện (chuyên ngành: Trang bị điện trong công nghiệp và GTVT)
78675,GSA,ky-thuat-dien,A01,Điểm thi THPT,2025,24.58,Kỹ thuật điện (chuyên ngành: Trang bị điện trong công nghiệp và GTVT)
78676,GSA,ky-thuat-dien,C01,Điểm thi THPT,2025,24.58,Kỹ thuật điện (chuyên ngành: Trang bị điện trong công nghiệp và GTVT)
78677,GSA,ky-thuat-dien,D01,Điểm thi THPT,2025,24.58,Kỹ thuật điện (chuyên ngành: Trang bị điện trong công nghiệp và GTVT)
78678,GSA,ky-thuat-dien,X06,Điểm thi THPT,2025,24.58,Kỹ thuật điện (chuyên ngành: Trang bị điện trong công nghiệp và GTVT)
78679,GSA,ky-thuat-dien-tu-vien-thong,A00,Điểm thi THPT,2021,21.95,Kỹ thuật điện tử - viễn thông
78680,GSA,ky-thuat-dien-tu-vien-thong,A01,Điểm thi THPT,2021,21.95,Kỹ thuật điện tử - viễn thông
78681,GSA,ky-thuat-dien-tu-vien-thong,C01,Điểm thi THPT,2021,21.95,Kỹ thuật điện tử - viễn thông
78682,GSA,ky-thuat-dien-tu-vien-thong,D01,Điểm thi THPT,2021,21.95,Kỹ thuật điện tử - viễn thông
78683,GSA,ky-thuat-dien-tu-vien-thong,A00,Điểm thi THPT,2022,21.1,Kỹ thuật điện tử - viễn thông
78684,GSA,ky-thuat-dien-tu-vien-thong,A01,Điểm thi THPT,2022,21.1,Kỹ thuật điện tử - viễn thông
78685,GSA,ky-thuat-dien-tu-vien-thong,D07,Điểm thi THPT,2022,21.1,Kỹ thuật điện tử - viễn thông
78686,GSA,ky-thuat-dien-tu-vien-thong,A00,Điểm học bạ,2023,23.33,Kỹ thuật điện tử - viễn thông
78687,GSA,ky-thuat-dien-tu-vien-thong,A01,Điểm học bạ,2023,23.33,Kỹ thuật điện tử - viễn thông
78688,GSA,ky-thuat-dien-tu-vien-thong,C01,Điểm học bạ,2023,23.33,Kỹ thuật điện tử - viễn thông
78689,GSA,ky-thuat-dien-tu-vien-thong,D01,Điểm học bạ,2023,23.33,Kỹ thuật điện tử - viễn thông
78690,GSA,ky-thuat-dien-tu-vien-thong,A00,Điểm thi THPT,2023,22.0,Kỹ thuật điện tử - viễn thông
78691,GSA,ky-thuat-dien-tu-vien-thong,A01,Điểm thi THPT,2023,22.0,Kỹ thuật điện tử - viễn thông
78692,GSA,ky-thuat-dien-tu-vien-thong,C01,Điểm thi THPT,2023,22.0,Kỹ thuật điện tử - viễn thông
78693,GSA,ky-thuat-dien-tu-vien-thong,D01,Điểm thi THPT,2023,22.0,Kỹ thuật điện tử - viễn thông
78694,GSA,ky-thuat-dien-tu-vien-thong,A00,Điểm học bạ,2024,25.4,Kỹ thuật điện tử - viễn thông
78695,GSA,ky-thuat-dien-tu-vien-thong,A01,Điểm học bạ,2024,25.4,Kỹ thuật điện tử - viễn thông
78696,GSA,ky-thuat-dien-tu-vien-thong,C01,Điểm học bạ,2024,25.4,Kỹ thuật điện tử - viễn thông
78697,GSA,ky-thuat-dien-tu-vien-thong,D01,Điểm học bạ,2024,25.4,Kỹ thuật điện tử - viễn thông
78698,GSA,ky-thuat-dien-tu-vien-thong,A00,Điểm thi THPT,2024,24.35,Kỹ thuật điện tử - viễn thông
78699,GSA,ky-thuat-dien-tu-vien-thong,A01,Điểm thi THPT,2024,24.35,Kỹ thuật điện tử - viễn thông
78700,GSA,ky-thuat-dien-tu-vien-thong,C01,Điểm thi THPT,2024,24.35,Kỹ thuật điện tử - viễn thông
78701,GSA,ky-thuat-dien-tu-vien-thong,D01,Điểm thi THPT,2024,24.35,Kỹ thuật điện tử - viễn thông
78702,GSA,ky-thuat-dien-tu-vien-thong,A00,Điểm học bạ,2025,26.12,"Kỹ thuật điện tử - viễn thông (chuyên ngành: Kỹ thuật viễn thông, Kỹ thuật Điện tử và tin học công nghiệp)"
78703,GSA,ky-thuat-dien-tu-vien-thong,A01,Điểm học bạ,2025,26.12,"Kỹ thuật điện tử - viễn thông (chuyên ngành: Kỹ thuật viễn thông, Kỹ thuật Điện tử và tin học công nghiệp)"
78704,GSA,ky-thuat-dien-tu-vien-thong,C01,Điểm học bạ,2025,26.12,"Kỹ thuật điện tử - viễn thông (chuyên ngành: Kỹ thuật viễn thông, Kỹ thuật Điện tử và tin học công nghiệp)"
78705,GSA,ky-thuat-dien-tu-vien-thong,D01,Điểm học bạ,2025,26.12,"Kỹ thuật điện tử - viễn thông (chuyên ngành: Kỹ thuật viễn thông, Kỹ thuật Điện tử và tin học công nghiệp)"
78706,GSA,ky-thuat-dien-tu-vien-thong,X06,Điểm học bạ,2025,26.12,"Kỹ thuật điện tử - viễn thông (chuyên ngành: Kỹ thuật viễn thông, Kỹ thuật Điện tử và tin học công nghiệp)"
78707,GSA,ky-thuat-dien-tu-vien-thong,A00,Điểm thi THPT,2025,24.2,"Kỹ thuật điện tử - viễn thông (chuyên ngành: Kỹ thuật viễn thông, Kỹ thuật Điện tử và tin học công nghiệp)"
78708,GSA,ky-thuat-dien-tu-vien-thong,A01,Điểm thi THPT,2025,24.2,"Kỹ thuật điện tử - viễn thông (chuyên ngành: Kỹ thuật viễn thông, Kỹ thuật Điện tử và tin học công nghiệp)"
78709,GSA,ky-thuat-dien-tu-vien-thong,C01,Điểm thi THPT,2025,24.2,"Kỹ thuật điện tử - viễn thông (chuyên ngành: Kỹ thuật viễn thông, Kỹ thuật Điện tử và tin học công nghiệp)"
78710,GSA,ky-thuat-dien-tu-vien-thong,D01,Điểm thi THPT,2025,24.2,"Kỹ thuật điện tử - viễn thông (chuyên ngành: Kỹ thuật viễn thông, Kỹ thuật Điện tử và tin học công nghiệp)"
78711,GSA,ky-thuat-dien-tu-vien-thong,X06,Điểm thi THPT,2025,24.2,"Kỹ thuật điện tử - viễn thông (chuyên ngành: Kỹ thuật viễn thông, Kỹ thuật Điện tử và tin học công nghiệp)"
78712,GSA,ky-thuat-dieu-khien-va-tu-dong-hoa,A00,Điểm thi THPT,2021,23.45,Kỹ thuật điều khiển và tự động hoá
78713,GSA,ky-thuat-dieu-khien-va-tu-dong-hoa,A01,Điểm thi THPT,2021,23.45,Kỹ thuật điều khiển và tự động hoá
78714,GSA,ky-thuat-dieu-khien-va-tu-dong-hoa,C01,Điểm thi THPT,2021,23.45,Kỹ thuật điều khiển và tự động hoá
78715,GSA,ky-thuat-dieu-khien-va-tu-dong-hoa,D01,Điểm thi THPT,2021,23.45,Kỹ thuật điều khiển và tự động hoá
78716,GSA,ky-thuat-dieu-khien-va-tu-dong-hoa,A00,Điểm thi THPT,2022,23.05,Kỹ thuật điều khiển và tự động hóa
78717,GSA,ky-thuat-dieu-khien-va-tu-dong-hoa,A01,Điểm thi THPT,2022,23.05,Kỹ thuật điều khiển và tự động hóa
78718,GSA,ky-thuat-dieu-khien-va-tu-dong-hoa,D07,Điểm thi THPT,2022,23.05,Kỹ thuật điều khiển và tự động hóa
78719,GSA,ky-thuat-dieu-khien-va-tu-dong-hoa,A00,Điểm học bạ,2023,25.55,Kỹ thuật điều khiển và tự động hóa
78720,GSA,ky-thuat-dieu-khien-va-tu-dong-hoa,A01,Điểm học bạ,2023,25.55,Kỹ thuật điều khiển và tự động hóa
78721,GSA,ky-thuat-dieu-khien-va-tu-dong-hoa,C01,Điểm học bạ,2023,25.55,Kỹ thuật điều khiển và tự động hóa
78722,GSA,ky-thuat-dieu-khien-va-tu-dong-hoa,D01,Điểm học bạ,2023,25.55,Kỹ thuật điều khiển và tự động hóa
78723,GSA,ky-thuat-dieu-khien-va-tu-dong-hoa,A00,Điểm thi THPT,2023,23.25,Kỹ thuật điều khiển và tự động hoá
78724,GSA,ky-thuat-dieu-khien-va-tu-dong-hoa,A01,Điểm thi THPT,2023,23.25,Kỹ thuật điều khiển và tự động hoá
78725,GSA,ky-thuat-dieu-khien-va-tu-dong-hoa,C01,Điểm thi THPT,2023,23.25,Kỹ thuật điều khiển và tự động hoá
78726,GSA,ky-thuat-dieu-khien-va-tu-dong-hoa,D01,Điểm thi THPT,2023,23.25,Kỹ thuật điều khiển và tự động hoá
78727,GSA,ky-thuat-dieu-khien-va-tu-dong-hoa,A00,Điểm học bạ,2024,26.64,Kỹ thuật điều khiến và tự động hoá
78728,GSA,ky-thuat-dieu-khien-va-tu-dong-hoa,A01,Điểm học bạ,2024,26.64,Kỹ thuật điều khiến và tự động hoá
78729,GSA,ky-thuat-dieu-khien-va-tu-dong-hoa,C01,Điểm học bạ,2024,26.64,Kỹ thuật điều khiến và tự động hoá
78730,GSA,ky-thuat-dieu-khien-va-tu-dong-hoa,D01,Điểm học bạ,2024,26.64,Kỹ thuật điều khiến và tự động hoá
78731,GSA,ky-thuat-dieu-khien-va-tu-dong-hoa,A00,Điểm thi THPT,2024,24.87,Kỹ thuật điều khiển và tự động hoá
78732,GSA,ky-thuat-dieu-khien-va-tu-dong-hoa,A01,Điểm thi THPT,2024,24.87,Kỹ thuật điều khiển và tự động hoá
78733,GSA,ky-thuat-dieu-khien-va-tu-dong-hoa,C01,Điểm thi THPT,2024,24.87,Kỹ thuật điều khiển và tự động hoá
78734,GSA,ky-thuat-dieu-khien-va-tu-dong-hoa,D01,Điểm thi THPT,2024,24.87,Kỹ thuật điều khiển và tự động hoá
78735,GSA,ky-thuat-dieu-khien-va-tu-dong-hoa,A00,Điểm học bạ,2025,27.12,Kỹ thuật điều khiển và tự động hoá (chuyên ngành: Tự động hoá)
78736,GSA,ky-thuat-dieu-khien-va-tu-dong-hoa,A01,Điểm học bạ,2025,27.12,Kỹ thuật điều khiển và tự động hoá (chuyên ngành: Tự động hoá)
78737,GSA,ky-thuat-dieu-khien-va-tu-dong-hoa,C01,Điểm học bạ,2025,27.12,Kỹ thuật điều khiển và tự động hoá (chuyên ngành: Tự động hoá)
78738,GSA,ky-thuat-dieu-khien-va-tu-dong-hoa,D01,Điểm học bạ,2025,27.12,Kỹ thuật điều khiển và tự động hoá (chuyên ngành: Tự động hoá)
78739,GSA,ky-thuat-dieu-khien-va-tu-dong-hoa,X06,Điểm học bạ,2025,27.12,Kỹ thuật điều khiển và tự động hoá (chuyên ngành: Tự động hoá)
78740,GSA,ky-thuat-dieu-khien-va-tu-dong-hoa,A00,Điểm thi THPT,2025,25.7,Kỹ thuật điều khiển và tự động hoá (chuyên ngành: Tự động hoá)
78741,GSA,ky-thuat-dieu-khien-va-tu-dong-hoa,A01,Điểm thi THPT,2025,25.7,Kỹ thuật điều khiển và tự động hoá (chuyên ngành: Tự động hoá)
78742,GSA,ky-thuat-dieu-khien-va-tu-dong-hoa,C01,Điểm thi THPT,2025,25.7,Kỹ thuật điều khiển và tự động hoá (chuyên ngành: Tự động hoá)
78743,GSA,ky-thuat-dieu-khien-va-tu-dong-hoa,D01,Điểm thi THPT,2025,25.7,Kỹ thuật điều khiển và tự động hoá (chuyên ngành: Tự động hoá)
78744,GSA,ky-thuat-dieu-khien-va-tu-dong-hoa,X06,Điểm thi THPT,2025,25.7,Kỹ thuật điều khiển và tự động hoá (chuyên ngành: Tự động hoá)
78745,GSA,ky-thuat-may-tinh,A00,Điểm học bạ,2025,25.9,Kỹ thuật máy tính (theo hướng chuyên sâu vi mạch bán dẫn)
78746,GSA,ky-thuat-may-tinh,A01,Điểm học bạ,2025,25.9,Kỹ thuật máy tính (theo hướng chuyên sâu vi mạch bán dẫn)
78747,GSA,ky-thuat-may-tinh,C01,Điểm học bạ,2025,25.9,Kỹ thuật máy tính (theo hướng chuyên sâu vi mạch bán dẫn)
78748,GSA,ky-thuat-may-tinh,X06,Điểm học bạ,2025,25.9,Kỹ thuật máy tính (theo hướng chuyên sâu vi mạch bán dẫn)
78749,GSA,ky-thuat-may-tinh,A00,Điểm thi THPT,2025,23.86,Kỹ thuật máy tính (theo hướng chuyên sâu vi mạch bán dẫn)
78750,GSA,ky-thuat-may-tinh,A01,Điểm thi THPT,2025,23.86,Kỹ thuật máy tính (theo hướng chuyên sâu vi mạch bán dẫn)
78751,GSA,ky-thuat-may-tinh,C01,Điểm thi THPT,2025,23.86,Kỹ thuật máy tính (theo hướng chuyên sâu vi mạch bán dẫn)
78752,GSA,ky-thuat-may-tinh,X06,Điểm thi THPT,2025,23.86,Kỹ thuật máy tính (theo hướng chuyên sâu vi mạch bán dẫn)
78753,GSA,ky-thuat-moi-truong,A00,Điểm thi THPT,2021,15.4,Kỹ thuật môi trường
78754,GSA,ky-thuat-moi-truong,B00,Điểm thi THPT,2021,15.4,Kỹ thuật môi trường
78755,GSA,ky-thuat-moi-truong,D01,Điểm thi THPT,2021,15.4,Kỹ thuật môi trường
78756,GSA,ky-thuat-moi-truong,D07,Điểm thi THPT,2021,15.4,Kỹ thuật môi trường
78757,GSA,ky-thuat-o-to,A00,Điểm thi THPT,2021,24.15,Kỹ thuật ô tô
78758,GSA,ky-thuat-o-to,A01,Điểm thi THPT,2021,24.15,Kỹ thuật ô tô
78759,GSA,ky-thuat-o-to,D01,Điểm thi THPT,2021,24.15,Kỹ thuật ô tô
78760,GSA,ky-thuat-o-to,D07,Điểm thi THPT,2021,24.15,Kỹ thuật ô tô
78761,GSA,ky-thuat-o-to,A00,Điểm thi THPT,2022,23.5,Kỹ thuật ô tô
78762,GSA,ky-thuat-o-to,A01,Điểm thi THPT,2022,23.5,Kỹ thuật ô tô
78763,GSA,ky-thuat-o-to,D01,Điểm thi THPT,2022,23.5,Kỹ thuật ô tô
78764,GSA,ky-thuat-o-to,D07,Điểm thi THPT,2022,23.5,Kỹ thuật ô tô
78765,GSA,ky-thuat-o-to,A00,Điểm học bạ,2023,26.01,Kỹ thuật ô tô
78766,GSA,ky-thuat-o-to,A01,Điểm học bạ,2023,26.01,Kỹ thuật ô tô
78767,GSA,ky-thuat-o-to,D01,Điểm học bạ,2023,26.01,Kỹ thuật ô tô
78768,GSA,ky-thuat-o-to,D07,Điểm học bạ,2023,26.01,Kỹ thuật ô tô
78769,GSA,ky-thuat-o-to,A00,Điểm thi THPT,2023,23.47,Kỹ thuật ô tô
78770,GSA,ky-thuat-o-to,A01,Điểm thi THPT,2023,23.47,Kỹ thuật ô tô
78771,GSA,ky-thuat-o-to,D01,Điểm thi THPT,2023,23.47,Kỹ thuật ô tô
78772,GSA,ky-thuat-o-to,D07,Điểm thi THPT,2023,23.47,Kỹ thuật ô tô
78773,GSA,ky-thuat-o-to,A00,Điểm học bạ,2024,26.82,Kỹ thuật ô tô
78774,GSA,ky-thuat-o-to,A01,Điểm học bạ,2024,26.82,Kỹ thuật ô tô
78775,GSA,ky-thuat-o-to,D01,Điểm học bạ,2024,26.82,Kỹ thuật ô tô
78776,GSA,ky-thuat-o-to,D07,Điểm học bạ,2024,26.82,Kỹ thuật ô tô
78777,GSA,ky-thuat-o-to,A00,Điểm thi THPT,2024,24.49,Kỹ thuật ô tô
78778,GSA,ky-thuat-o-to,A01,Điểm thi THPT,2024,24.49,Kỹ thuật ô tô
78779,GSA,ky-thuat-o-to,D01,Điểm thi THPT,2024,24.49,Kỹ thuật ô tô
78780,GSA,ky-thuat-o-to,D07,Điểm thi THPT,2024,24.49,Kỹ thuật ô tô
78781,GSA,ky-thuat-o-to,A00,Điểm học bạ,2025,26.27,Kỹ thuật ô tô
78782,GSA,ky-thuat-o-to,A01,Điểm học bạ,2025,26.27,Kỹ thuật ô tô
78783,GSA,ky-thuat-o-to,C01,Điểm học bạ,2025,26.27,Kỹ thuật ô tô
78784,GSA,ky-thuat-o-to,D01,Điểm học bạ,2025,26.27,Kỹ thuật ô tô
78785,GSA,ky-thuat-o-to,A00,Điểm thi THPT,2025,24.42,Kỹ thuật ô tô
78786,GSA,ky-thuat-o-to,A01,Điểm thi THPT,2025,24.42,Kỹ thuật ô tô
78787,GSA,ky-thuat-o-to,C01,Điểm thi THPT,2025,24.42,Kỹ thuật ô tô
78788,GSA,ky-thuat-o-to,D01,Điểm thi THPT,2025,24.42,Kỹ thuật ô tô
78789,GSA,ky-thuat-xay-dung,A00,Điểm thi THPT,2021,21.15,Kỹ thuật xây dựng
78790,GSA,ky-thuat-xay-dung,A01,Điểm thi THPT,2021,21.15,Kỹ thuật xây dựng
78791,GSA,ky-thuat-xay-dung,D01,Điểm thi THPT,2021,21.15,Kỹ thuật xây dựng
78792,GSA,ky-thuat-xay-dung,D07,Điểm thi THPT,2021,21.15,Kỹ thuật xây dựng
78793,GSA,ky-thuat-xay-dung,A00,Điểm thi THPT,2022,17.15,Kỹ thuật xây dựng
78794,GSA,ky-thuat-xay-dung,A01,Điểm thi THPT,2022,17.15,Kỹ thuật xây dựng
78795,GSA,ky-thuat-xay-dung,D01,Điểm thi THPT,2022,17.15,Kỹ thuật xây dựng
78796,GSA,ky-thuat-xay-dung,D07,Điểm thi THPT,2022,17.15,Kỹ thuật xây dựng
78797,GSA,ky-thuat-xay-dung,A00,Điểm học bạ,2023,23.44,Kỹ thuật xây dựng
78798,GSA,ky-thuat-xay-dung,A01,Điểm học bạ,2023,23.44,Kỹ thuật xây dựng
78799,GSA,ky-thuat-xay-dung,D01,Điểm học bạ,2023,23.44,Kỹ thuật xây dựng
78800,GSA,ky-thuat-xay-dung,D07,Điểm học bạ,2023,23.44,Kỹ thuật xây dựng
78801,GSA,ky-thuat-xay-dung,A00,Điểm thi THPT,2023,19.55,Kỹ thuật xây dựng
78802,GSA,ky-thuat-xay-dung,A01,Điểm thi THPT,2023,19.55,Kỹ thuật xây dựng
78803,GSA,ky-thuat-xay-dung,D01,Điểm thi THPT,2023,19.55,Kỹ thuật xây dựng
78804,GSA,ky-thuat-xay-dung,D07,Điểm thi THPT,2023,19.55,Kỹ thuật xây dựng
78805,GSA,ky-thuat-xay-dung,A00,Điểm học bạ,2024,24.26,Kỹ thuật xây dựng
78806,GSA,ky-thuat-xay-dung,A01,Điểm học bạ,2024,24.26,Kỹ thuật xây dựng
78807,GSA,ky-thuat-xay-dung,D01,Điểm học bạ,2024,24.26,Kỹ thuật xây dựng
78808,GSA,ky-thuat-xay-dung,D07,Điểm học bạ,2024,24.26,Kỹ thuật xây dựng
78809,GSA,ky-thuat-xay-dung,A00,Điểm thi THPT,2024,21.25,Kỹ thuật xây dựng
78810,GSA,ky-thuat-xay-dung,A01,Điểm thi THPT,2024,21.25,Kỹ thuật xây dựng
78811,GSA,ky-thuat-xay-dung,D01,Điểm thi THPT,2024,21.25,Kỹ thuật xây dựng
78812,GSA,ky-thuat-xay-dung,D07,Điểm thi THPT,2024,21.25,Kỹ thuật xây dựng
78813,GSA,ky-thuat-xay-dung,A00,Điểm học bạ,2025,24.22,Kỹ thuật xây dựng (chuyên ngành: Xây dựng dân dụng và công nghiệp)
78814,GSA,ky-thuat-xay-dung,A01,Điểm học bạ,2025,24.22,Kỹ thuật xây dựng (chuyên ngành: Xây dựng dân dụng và công nghiệp)
78815,GSA,ky-thuat-xay-dung,C01,Điểm học bạ,2025,24.22,Kỹ thuật xây dựng (chuyên ngành: Xây dựng dân dụng và công nghiệp)
78816,GSA,ky-thuat-xay-dung,D01,Điểm học bạ,2025,24.22,Kỹ thuật xây dựng (chuyên ngành: Xây dựng dân dụng và công nghiệp)
78817,GSA,ky-thuat-xay-dung,X06,Điểm học bạ,2025,24.22,Kỹ thuật xây dựng (chuyên ngành: Xây dựng dân dụng và công nghiệp)
78818,GSA,ky-thuat-xay-dung,A00,Điểm thi THPT,2025,21.34,Kỹ thuật xây dựng (chuyên ngành: Xây dựng dân dụng và công nghiệp)
78819,GSA,ky-thuat-xay-dung,A01,Điểm thi THPT,2025,21.34,Kỹ thuật xây dựng (chuyên ngành: Xây dựng dân dụng và công nghiệp)
78820,GSA,ky-thuat-xay-dung,C01,Điểm thi THPT,2025,21.34,Kỹ thuật xây dựng (chuyên ngành: Xây dựng dân dụng và công nghiệp)
78821,GSA,ky-thuat-xay-dung,D01,Điểm thi THPT,2025,21.34,Kỹ thuật xây dựng (chuyên ngành: Xây dựng dân dụng và công nghiệp)
78822,GSA,ky-thuat-xay-dung,X06,Điểm thi THPT,2025,21.34,Kỹ thuật xây dựng (chuyên ngành: Xây dựng dân dụng và công nghiệp)
78823,GSA,ky-thuat-xay-dung-cong-trinh-giao-thong,A00,Điểm thi THPT,2021,18.5,Kỹ thuật xây dựng công trình giao thông
78824,GSA,ky-thuat-xay-dung-cong-trinh-giao-thong,A01,Điểm thi THPT,2021,18.5,Kỹ thuật xây dựng công trình giao thông
78825,GSA,ky-thuat-xay-dung-cong-trinh-giao-thong,D01,Điểm thi THPT,2021,18.5,Kỹ thuật xây dựng công trình giao thông
78826,GSA,ky-thuat-xay-dung-cong-trinh-giao-thong,D07,Điểm thi THPT,2021,18.5,Kỹ thuật xây dựng công trình giao thông
78827,GSA,ky-thuat-xay-dung-cong-trinh-giao-thong,A00,Điểm thi THPT,2022,16.0,Kỹ thuật xây dựng công trình giao thông
78828,GSA,ky-thuat-xay-dung-cong-trinh-giao-thong,A01,Điểm thi THPT,2022,16.0,Kỹ thuật xây dựng công trình giao thông
78829,GSA,ky-thuat-xay-dung-cong-trinh-giao-thong,D01,Điểm thi THPT,2022,16.0,Kỹ thuật xây dựng công trình giao thông
78830,GSA,ky-thuat-xay-dung-cong-trinh-giao-thong,D07,Điểm thi THPT,2022,16.0,Kỹ thuật xây dựng công trình giao thông
78831,GSA,ky-thuat-xay-dung-cong-trinh-giao-thong,A00,Điểm học bạ,2023,19.0,Kỹ thuật xây dựng công trình giao thông
78832,GSA,ky-thuat-xay-dung-cong-trinh-giao-thong,A01,Điểm học bạ,2023,19.0,Kỹ thuật xây dựng công trình giao thông
78833,GSA,ky-thuat-xay-dung-cong-trinh-giao-thong,D01,Điểm học bạ,2023,19.0,Kỹ thuật xây dựng công trình giao thông
78834,GSA,ky-thuat-xay-dung-cong-trinh-giao-thong,D07,Điểm học bạ,2023,19.0,Kỹ thuật xây dựng công trình giao thông
78835,GSA,ky-thuat-xay-dung-cong-trinh-giao-thong,A00,Điểm thi THPT,2023,16.15,Kỹ thuật xây dựng công trình giao thông
78836,GSA,ky-thuat-xay-dung-cong-trinh-giao-thong,A01,Điểm thi THPT,2023,16.15,Kỹ thuật xây dựng công trình giao thông
78837,GSA,ky-thuat-xay-dung-cong-trinh-giao-thong,D01,Điểm thi THPT,2023,16.15,Kỹ thuật xây dựng công trình giao thông
78838,GSA,ky-thuat-xay-dung-cong-trinh-giao-thong,D07,Điểm thi THPT,2023,16.15,Kỹ thuật xây dựng công trình giao thông
78839,GSA,ky-thuat-xay-dung-cong-trinh-giao-thong,A00,Điểm học bạ,2024,21.53,Kỹ thuật xây dựng công trình giao thông
78840,GSA,ky-thuat-xay-dung-cong-trinh-giao-thong,A01,Điểm học bạ,2024,21.53,Kỹ thuật xây dựng công trình giao thông
78841,GSA,ky-thuat-xay-dung-cong-trinh-giao-thong,D01,Điểm học bạ,2024,21.53,Kỹ thuật xây dựng công trình giao thông
78842,GSA,ky-thuat-xay-dung-cong-trinh-giao-thong,D07,Điểm học bạ,2024,21.53,Kỹ thuật xây dựng công trình giao thông
78843,GSA,ky-thuat-xay-dung-cong-trinh-giao-thong,A00,Điểm thi THPT,2024,20.0,Kỹ thuật xây dựng công trình giao thông
78844,GSA,ky-thuat-xay-dung-cong-trinh-giao-thong,A01,Điểm thi THPT,2024,20.0,Kỹ thuật xây dựng công trình giao thông
78845,GSA,ky-thuat-xay-dung-cong-trinh-giao-thong,D01,Điểm thi THPT,2024,20.0,Kỹ thuật xây dựng công trình giao thông
78846,GSA,ky-thuat-xay-dung-cong-trinh-giao-thong,D07,Điểm thi THPT,2024,20.0,Kỹ thuật xây dựng công trình giao thông
78847,GSA,ky-thuat-xay-dung-cong-trinh-giao-thong,A00,Điểm học bạ,2025,19.76,"Kỹ thuật xây dựng công trình giao thông (chuyên ngành: Cầu đường bộ, Đường bộ và kỹ thuật giao thông)"
78848,GSA,ky-thuat-xay-dung-cong-trinh-giao-thong,A01,Điểm học bạ,2025,19.76,"Kỹ thuật xây dựng công trình giao thông (chuyên ngành: Cầu đường bộ, Đường bộ và kỹ thuật giao thông)"
78849,GSA,ky-thuat-xay-dung-cong-trinh-giao-thong,C01,Điểm học bạ,2025,19.76,"Kỹ thuật xây dựng công trình giao thông (chuyên ngành: Cầu đường bộ, Đường bộ và kỹ thuật giao thông)"
78850,GSA,ky-thuat-xay-dung-cong-trinh-giao-thong,D01,Điểm học bạ,2025,19.76,"Kỹ thuật xây dựng công trình giao thông (chuyên ngành: Cầu đường bộ, Đường bộ và kỹ thuật giao thông)"
78851,GSA,ky-thuat-xay-dung-cong-trinh-giao-thong,X06,Điểm học bạ,2025,19.76,"Kỹ thuật xây dựng công trình giao thông (chuyên ngành: Cầu đường bộ, Đường bộ và kỹ thuật giao thông)"
78852,GSA,ky-thuat-xay-dung-cong-trinh-giao-thong,A00,Điểm thi THPT,2025,19.76,"Kỹ thuật xây dựng công trình giao thông (chuyên ngành: Cầu đường bộ, Đường bộ và kỹ thuật giao thông)"
78853,GSA,ky-thuat-xay-dung-cong-trinh-giao-thong,A01,Điểm thi THPT,2025,19.76,"Kỹ thuật xây dựng công trình giao thông (chuyên ngành: Cầu đường bộ, Đường bộ và kỹ thuật giao thông)"
78854,GSA,ky-thuat-xay-dung-cong-trinh-giao-thong,C01,Điểm thi THPT,2025,19.76,"Kỹ thuật xây dựng công trình giao thông (chuyên ngành: Cầu đường bộ, Đường bộ và kỹ thuật giao thông)"
78855,GSA,ky-thuat-xay-dung-cong-trinh-giao-thong,D01,Điểm thi THPT,2025,19.76,"Kỹ thuật xây dựng công trình giao thông (chuyên ngành: Cầu đường bộ, Đường bộ và kỹ thuật giao thông)"
78856,GSA,ky-thuat-xay-dung-cong-trinh-giao-thong,X06,Điểm thi THPT,2025,19.76,"Kỹ thuật xây dựng công trình giao thông (chuyên ngành: Cầu đường bộ, Đường bộ và kỹ thuật giao thông)"
78857,GSA,logistics-va-quan-ly-chuoi-cung-ung,A00,Điểm thi THPT,2021,25.55,Logistics và Quản lý chuỗi cung ứng
78858,GSA,logistics-va-quan-ly-chuoi-cung-ung,A01,Điểm thi THPT,2021,25.55,Logistics và Quản lý chuỗi cung ứng
78859,GSA,logistics-va-quan-ly-chuoi-cung-ung,D01,Điểm thi THPT,2021,25.55,Logistics và Quản lý chuỗi cung ứng
78860,GSA,logistics-va-quan-ly-chuoi-cung-ung,D07,Điểm thi THPT,2021,25.55,Logistics và Quản lý chuỗi cung ứng
78861,GSA,logistics-va-quan-ly-chuoi-cung-ung,A00,Điểm thi THPT,2022,25.1,Logistics và quản lý chuỗi cung ứng
78862,GSA,logistics-va-quan-ly-chuoi-cung-ung,A01,Điểm thi THPT,2022,25.1,Logistics và quản lý chuỗi cung ứng
78863,GSA,logistics-va-quan-ly-chuoi-cung-ung,D01,Điểm thi THPT,2022,25.1,Logistics và quản lý chuỗi cung ứng
78864,GSA,logistics-va-quan-ly-chuoi-cung-ung,D07,Điểm thi THPT,2022,25.1,Logistics và quản lý chuỗi cung ứng
78865,GSA,logistics-va-quan-ly-chuoi-cung-ung,A00,Điểm học bạ,2023,27.71,Logistics và Quản lý chuỗi cung ứng
78866,GSA,logistics-va-quan-ly-chuoi-cung-ung,A01,Điểm học bạ,2023,27.71,Logistics và Quản lý chuỗi cung ứng
78867,GSA,logistics-va-quan-ly-chuoi-cung-ung,C01,Điểm học bạ,2023,27.71,Logistics và Quản lý chuỗi cung ứng
78868,GSA,logistics-va-quan-ly-chuoi-cung-ung,D01,Điểm học bạ,2023,27.71,Logistics và Quản lý chuỗi cung ứng
78869,GSA,logistics-va-quan-ly-chuoi-cung-ung,A00,Điểm thi THPT,2023,24.83,Logistics và quản lý chuỗi cung ứng
78870,GSA,logistics-va-quan-ly-chuoi-cung-ung,A01,Điểm thi THPT,2023,24.83,Logistics và quản lý chuỗi cung ứng
78871,GSA,logistics-va-quan-ly-chuoi-cung-ung,C01,Điểm thi THPT,2023,24.83,Logistics và quản lý chuỗi cung ứng
78872,GSA,logistics-va-quan-ly-chuoi-cung-ung,D01,Điểm thi THPT,2023,24.83,Logistics và quản lý chuỗi cung ứng
78873,GSA,logistics-va-quan-ly-chuoi-cung-ung,A00,Điểm học bạ,2024,27.99,Logistics và Quản lý chuỗi cung ứng
78874,GSA,logistics-va-quan-ly-chuoi-cung-ung,A01,Điểm học bạ,2024,27.99,Logistics và Quản lý chuỗi cung ứng
78875,GSA,logistics-va-quan-ly-chuoi-cung-ung,C01,Điểm học bạ,2024,27.99,Logistics và Quản lý chuỗi cung ứng
78876,GSA,logistics-va-quan-ly-chuoi-cung-ung,D01,Điểm học bạ,2024,27.99,Logistics và Quản lý chuỗi cung ứng
78877,GSA,logistics-va-quan-ly-chuoi-cung-ung,A00,Điểm thi THPT,2024,25.86,Logistics và quản lý chuỗi cung ứng
78878,GSA,logistics-va-quan-ly-chuoi-cung-ung,A01,Điểm thi THPT,2024,25.86,Logistics và quản lý chuỗi cung ứng
78879,GSA,logistics-va-quan-ly-chuoi-cung-ung,C01,Điểm thi THPT,2024,25.86,Logistics và quản lý chuỗi cung ứng
78880,GSA,logistics-va-quan-ly-chuoi-cung-ung,D01,Điểm thi THPT,2024,25.86,Logistics và quản lý chuỗi cung ứng
78881,GSA,logistics-va-quan-ly-chuoi-cung-ung,A00,Điểm học bạ,2025,28.25,Logistics và Quản lý chuỗi cung ứng
78882,GSA,logistics-va-quan-ly-chuoi-cung-ung,A01,Điểm học bạ,2025,28.25,Logistics và Quản lý chuỗi cung ứng
78883,GSA,logistics-va-quan-ly-chuoi-cung-ung,C01,Điểm học bạ,2025,28.25,Logistics và Quản lý chuỗi cung ứng
78884,GSA,logistics-va-quan-ly-chuoi-cung-ung,D01,Điểm học bạ,2025,28.25,Logistics và Quản lý chuỗi cung ứng
78885,GSA,logistics-va-quan-ly-chuoi-cung-ung,A00,Điểm thi THPT,2025,27.38,Logistics và Quản lý chuỗi cung ứng
78886,GSA,logistics-va-quan-ly-chuoi-cung-ung,A01,Điểm thi THPT,2025,27.38,Logistics và Quản lý chuỗi cung ứng
78887,GSA,logistics-va-quan-ly-chuoi-cung-ung,C01,Điểm thi THPT,2025,27.38,Logistics và Quản lý chuỗi cung ứng
78888,GSA,logistics-va-quan-ly-chuoi-cung-ung,D01,Điểm thi THPT,2025,27.38,Logistics và Quản lý chuỗi cung ứng
78889,GSA,quan-ly-do-thi-va-cong-trinh,A00,Điểm học bạ,2025,20.02,Quản lý đô thị và công trình
78890,GSA,quan-ly-do-thi-va-cong-trinh,A01,Điểm học bạ,2025,20.02,Quản lý đô thị và công trình
78891,GSA,quan-ly-do-thi-va-cong-trinh,C01,Điểm học bạ,2025,20.02,Quản lý đô thị và công trình
78892,GSA,quan-ly-do-thi-va-cong-trinh,D01,Điểm học bạ,2025,20.02,Quản lý đô thị và công trình
78893,GSA,quan-ly-do-thi-va-cong-trinh,X06,Điểm học bạ,2025,20.02,Quản lý đô thị và công trình
78894,GSA,quan-ly-do-thi-va-cong-trinh,A00,Điểm thi THPT,2025,15.06,Quản lý đô thị và công trình
78895,GSA,quan-ly-do-thi-va-cong-trinh,A01,Điểm thi THPT,2025,15.06,Quản lý đô thị và công trình
78896,GSA,quan-ly-do-thi-va-cong-trinh,C01,Điểm thi THPT,2025,15.06,Quản lý đô thị và công trình
78897,GSA,quan-ly-do-thi-va-cong-trinh,D01,Điểm thi THPT,2025,15.06,Quản lý đô thị và công trình
78898,GSA,quan-ly-do-thi-va-cong-trinh,X06,Điểm thi THPT,2025,15.06,Quản lý đô thị và công trình
78899,GSA,quan-ly-xay-dung,A00,Điểm thi THPT,2021,21.4,Quản lý xây dựng
78900,GSA,quan-ly-xay-dung,A01,Điểm thi THPT,2021,21.4,Quản lý xây dựng
78901,GSA,quan-ly-xay-dung,C01,Điểm thi THPT,2021,21.4,Quản lý xây dựng
78902,GSA,quan-ly-xay-dung,D01,Điểm thi THPT,2021,21.4,Quản lý xây dựng
78903,GSA,quan-ly-xay-dung,A00,Điểm thi THPT,2022,20.3,Quản lý xây dựng
78904,GSA,quan-ly-xay-dung,A01,Điểm thi THPT,2022,20.3,Quản lý xây dựng
78905,GSA,quan-ly-xay-dung,D01,Điểm thi THPT,2022,20.3,Quản lý xây dựng
78906,GSA,quan-ly-xay-dung,D07,Điểm thi THPT,2022,20.3,Quản lý xây dựng
78907,GSA,quan-ly-xay-dung,A00,Điểm học bạ,2023,24.0,Quản lý xây dựng
78908,GSA,quan-ly-xay-dung,A01,Điểm học bạ,2023,24.0,Quản lý xây dựng
78909,GSA,quan-ly-xay-dung,C01,Điểm học bạ,2023,24.0,Quản lý xây dựng
78910,GSA,quan-ly-xay-dung,D01,Điểm học bạ,2023,24.0,Quản lý xây dựng
78911,GSA,quan-ly-xay-dung,A00,Điểm thi THPT,2023,20.1,Quán lý xây dựng
78912,GSA,quan-ly-xay-dung,A01,Điểm thi THPT,2023,20.1,Quán lý xây dựng
78913,GSA,quan-ly-xay-dung,C01,Điểm thi THPT,2023,20.1,Quán lý xây dựng
78914,GSA,quan-ly-xay-dung,D01,Điểm thi THPT,2023,20.1,Quán lý xây dựng
78915,GSA,quan-ly-xay-dung,A00,Điểm học bạ,2024,24.87,Quản lý xây dựng
78916,GSA,quan-ly-xay-dung,A01,Điểm học bạ,2024,24.87,Quản lý xây dựng
78917,GSA,quan-ly-xay-dung,C02,Điểm học bạ,2024,24.87,Quản lý xây dựng
78918,GSA,quan-ly-xay-dung,D01,Điểm học bạ,2024,24.87,Quản lý xây dựng
78919,GSA,quan-ly-xay-dung,A00,Điểm thi THPT,2024,22.15,Quán lý xây dựng
78920,GSA,quan-ly-xay-dung,A01,Điểm thi THPT,2024,22.15,Quán lý xây dựng
78921,GSA,quan-ly-xay-dung,C01,Điểm thi THPT,2024,22.15,Quán lý xây dựng
78922,GSA,quan-ly-xay-dung,D01,Điểm thi THPT,2024,22.15,Quán lý xây dựng
78923,GSA,quan-ly-xay-dung,A00,Điểm học bạ,2025,24.08,Quản lý xây dựng (chuyên ngành: Quản lý dự án)
78924,GSA,quan-ly-xay-dung,A01,Điểm học bạ,2025,24.08,Quản lý xây dựng (chuyên ngành: Quản lý dự án)
78925,GSA,quan-ly-xay-dung,C01,Điểm học bạ,2025,24.08,Quản lý xây dựng (chuyên ngành: Quản lý dự án)
78926,GSA,quan-ly-xay-dung,D01,Điểm học bạ,2025,24.08,Quản lý xây dựng (chuyên ngành: Quản lý dự án)
78927,GSA,quan-ly-xay-dung,X06,Điểm học bạ,2025,24.08,Quản lý xây dựng (chuyên ngành: Quản lý dự án)
78928,GSA,quan-ly-xay-dung,A00,Điểm thi THPT,2025,21.14,Quản lý xây dựng (chuyên ngành: Quản lý dự án)
78929,GSA,quan-ly-xay-dung,A01,Điểm thi THPT,2025,21.14,Quản lý xây dựng (chuyên ngành: Quản lý dự án)
78930,GSA,quan-ly-xay-dung,C01,Điểm thi THPT,2025,21.14,Quản lý xây dựng (chuyên ngành: Quản lý dự án)
78931,GSA,quan-ly-xay-dung,D01,Điểm thi THPT,2025,21.14,Quản lý xây dựng (chuyên ngành: Quản lý dự án)
78932,GSA,quan-ly-xay-dung,X06,Điểm thi THPT,2025,21.14,Quản lý xây dựng (chuyên ngành: Quản lý dự án)
78933,GSA,quan-tri-dich-vu-du-lich-va-lu-hanh,A00,Điểm thi THPT,2021,20.45,Quản trị dịch vụ du lịch và lữ hành
78934,GSA,quan-tri-dich-vu-du-lich-va-lu-hanh,A01,Điểm thi THPT,2021,20.45,Quản trị dịch vụ du lịch và lữ hành
78935,GSA,quan-tri-dich-vu-du-lich-va-lu-hanh,C01,Điểm thi THPT,2021,20.45,Quản trị dịch vụ du lịch và lữ hành
78936,GSA,quan-tri-dich-vu-du-lich-va-lu-hanh,D01,Điểm thi THPT,2021,20.45,Quản trị dịch vụ du lịch và lữ hành
78937,GSA,quan-tri-dich-vu-du-lich-va-lu-hanh,A00,Điểm thi THPT,2022,21.15,Quản trị dịch vụ du lịch và lữ hành
78938,GSA,quan-tri-dich-vu-du-lich-va-lu-hanh,A01,Điểm thi THPT,2022,21.15,Quản trị dịch vụ du lịch và lữ hành
78939,GSA,quan-tri-dich-vu-du-lich-va-lu-hanh,D01,Điểm thi THPT,2022,21.15,Quản trị dịch vụ du lịch và lữ hành
78940,GSA,quan-tri-dich-vu-du-lich-va-lu-hanh,D07,Điểm thi THPT,2022,21.15,Quản trị dịch vụ du lịch và lữ hành
78941,GSA,quan-tri-dich-vu-du-lich-va-lu-hanh,A00,Điểm học bạ,2023,24.42,Quản trị dịch vụ du lịch và lữ hành
78942,GSA,quan-tri-dich-vu-du-lich-va-lu-hanh,A01,Điểm học bạ,2023,24.42,Quản trị dịch vụ du lịch và lữ hành
78943,GSA,quan-tri-dich-vu-du-lich-va-lu-hanh,C01,Điểm học bạ,2023,24.42,Quản trị dịch vụ du lịch và lữ hành
78944,GSA,quan-tri-dich-vu-du-lich-va-lu-hanh,D01,Điểm học bạ,2023,24.42,Quản trị dịch vụ du lịch và lữ hành
78945,GSA,quan-tri-dich-vu-du-lich-va-lu-hanh,A00,Điểm thi THPT,2023,21.7,Quản trị dịch vụ du lịch và lữ hành
78946,GSA,quan-tri-dich-vu-du-lich-va-lu-hanh,A01,Điểm thi THPT,2023,21.7,Quản trị dịch vụ du lịch và lữ hành
78947,GSA,quan-tri-dich-vu-du-lich-va-lu-hanh,C01,Điểm thi THPT,2023,21.7,Quản trị dịch vụ du lịch và lữ hành
78948,GSA,quan-tri-dich-vu-du-lich-va-lu-hanh,D01,Điểm thi THPT,2023,21.7,Quản trị dịch vụ du lịch và lữ hành
78949,GSA,quan-tri-dich-vu-du-lich-va-lu-hanh,A00,Điểm học bạ,2024,25.4,Quản trị dịch vụ du lịch và lữ hành
78950,GSA,quan-tri-dich-vu-du-lich-va-lu-hanh,A01,Điểm học bạ,2024,25.4,Quản trị dịch vụ du lịch và lữ hành
78951,GSA,quan-tri-dich-vu-du-lich-va-lu-hanh,C03,Điểm học bạ,2024,25.4,Quản trị dịch vụ du lịch và lữ hành
78952,GSA,quan-tri-dich-vu-du-lich-va-lu-hanh,D01,Điểm học bạ,2024,25.4,Quản trị dịch vụ du lịch và lữ hành
78953,GSA,quan-tri-dich-vu-du-lich-va-lu-hanh,A00,Điểm thi THPT,2024,22.85,Quản trị dịch vụ du lịch và lữ hành
78954,GSA,quan-tri-dich-vu-du-lich-va-lu-hanh,A01,Điểm thi THPT,2024,22.85,Quản trị dịch vụ du lịch và lữ hành
78955,GSA,quan-tri-dich-vu-du-lich-va-lu-hanh,C01,Điểm thi THPT,2024,22.85,Quản trị dịch vụ du lịch và lữ hành
78956,GSA,quan-tri-dich-vu-du-lich-va-lu-hanh,D01,Điểm thi THPT,2024,22.85,Quản trị dịch vụ du lịch và lữ hành
78957,GSA,quan-tri-dich-vu-du-lich-va-lu-hanh,A00,Điểm học bạ,2025,24.98,Quản trị dịch vụ du lịch và lữ hành
78958,GSA,quan-tri-dich-vu-du-lich-va-lu-hanh,A01,Điểm học bạ,2025,24.98,Quản trị dịch vụ du lịch và lữ hành
78959,GSA,quan-tri-dich-vu-du-lich-va-lu-hanh,C01,Điểm học bạ,2025,24.98,Quản trị dịch vụ du lịch và lữ hành
78960,GSA,quan-tri-dich-vu-du-lich-va-lu-hanh,D01,Điểm học bạ,2025,24.98,Quản trị dịch vụ du lịch và lữ hành
78961,GSA,quan-tri-dich-vu-du-lich-va-lu-hanh,A00,Điểm thi THPT,2025,22.48,Quản trị dịch vụ du lịch và lữ hành
78962,GSA,quan-tri-dich-vu-du-lich-va-lu-hanh,A01,Điểm thi THPT,2025,22.48,Quản trị dịch vụ du lịch và lữ hành
78963,GSA,quan-tri-dich-vu-du-lich-va-lu-hanh,C01,Điểm thi THPT,2025,22.48,Quản trị dịch vụ du lịch và lữ hành
78964,GSA,quan-tri-dich-vu-du-lich-va-lu-hanh,D01,Điểm thi THPT,2025,22.48,Quản trị dịch vụ du lịch và lữ hành
78965,GSA,quan-tri-kinh-doanh,A00,Điểm thi THPT,2021,24.1,Quản trị kinh doanh
78966,GSA,quan-tri-kinh-doanh,A01,Điểm thi THPT,2021,24.1,Quản trị kinh doanh
78967,GSA,quan-tri-kinh-doanh,D01,Điểm thi THPT,2021,24.1,Quản trị kinh doanh
78968,GSA,quan-tri-kinh-doanh,D07,Điểm thi THPT,2021,24.1,Quản trị kinh doanh
78969,GSA,quan-tri-kinh-doanh,A00,Điểm thi THPT,2022,22.7,Quản trị kinh doanh
78970,GSA,quan-tri-kinh-doanh,A01,Điểm thi THPT,2022,22.7,Quản trị kinh doanh
78971,GSA,quan-tri-kinh-doanh,D01,Điểm thi THPT,2022,22.7,Quản trị kinh doanh
78972,GSA,quan-tri-kinh-doanh,D07,Điểm thi THPT,2022,22.7,Quản trị kinh doanh
78973,GSA,quan-tri-kinh-doanh,A00,Điểm học bạ,2023,25.77,Quản trị kinh doanh
78974,GSA,quan-tri-kinh-doanh,A01,Điểm học bạ,2023,25.77,Quản trị kinh doanh
78975,GSA,quan-tri-kinh-doanh,C01,Điểm học bạ,2023,25.77,Quản trị kinh doanh
78976,GSA,quan-tri-kinh-doanh,D01,Điểm học bạ,2023,25.77,Quản trị kinh doanh
78977,GSA,quan-tri-kinh-doanh,A00,Điểm thi THPT,2023,23.09,Quản trị kinh doanh
78978,GSA,quan-tri-kinh-doanh,A01,Điểm thi THPT,2023,23.09,Quản trị kinh doanh
78979,GSA,quan-tri-kinh-doanh,C01,Điểm thi THPT,2023,23.09,Quản trị kinh doanh
78980,GSA,quan-tri-kinh-doanh,D01,Điểm thi THPT,2023,23.09,Quản trị kinh doanh
78981,GSA,quan-tri-kinh-doanh,A00,Điểm học bạ,2024,26.2,Quản trị kinh doanh
78982,GSA,quan-tri-kinh-doanh,A01,Điểm học bạ,2024,26.2,Quản trị kinh doanh
78983,GSA,quan-tri-kinh-doanh,C01,Điểm học bạ,2024,26.2,Quản trị kinh doanh
78984,GSA,quan-tri-kinh-doanh,D01,Điểm học bạ,2024,26.2,Quản trị kinh doanh
78985,GSA,quan-tri-kinh-doanh,A00,Điểm thi THPT,2024,23.56,Quản trị kinh doanh
78986,GSA,quan-tri-kinh-doanh,A01,Điểm thi THPT,2024,23.56,Quản trị kinh doanh
78987,GSA,quan-tri-kinh-doanh,C01,Điểm thi THPT,2024,23.56,Quản trị kinh doanh
78988,GSA,quan-tri-kinh-doanh,D01,Điểm thi THPT,2024,23.56,Quản trị kinh doanh
78989,GSA,quan-tri-kinh-doanh,A00,Điểm học bạ,2025,25.67,Quản trị kinh doanh
78990,GSA,quan-tri-kinh-doanh,A01,Điểm học bạ,2025,25.67,Quản trị kinh doanh
78991,GSA,quan-tri-kinh-doanh,C01,Điểm học bạ,2025,25.67,Quản trị kinh doanh
78992,GSA,quan-tri-kinh-doanh,D01,Điểm học bạ,2025,25.67,Quản trị kinh doanh
78993,GSA,quan-tri-kinh-doanh,A00,Điểm thi THPT,2025,23.52,Quản trị kinh doanh
78994,GSA,quan-tri-kinh-doanh,A01,Điểm thi THPT,2025,23.52,Quản trị kinh doanh
78995,GSA,quan-tri-kinh-doanh,C01,Điểm thi THPT,2025,23.52,Quản trị kinh doanh
78996,GSA,quan-tri-kinh-doanh,D01,Điểm thi THPT,2025,23.52,Quản trị kinh doanh
78997,GSA,tai-chinh-ngan-hang,A00,Điểm thi THPT,2022,20.1,Tài chính - Ngân hàng
78998,GSA,tai-chinh-ngan-hang,A01,Điểm thi THPT,2022,20.1,Tài chính - Ngân hàng
78999,GSA,tai-chinh-ngan-hang,D01,Điểm thi THPT,2022,20.1,Tài chính - Ngân hàng
79000,GSA,tai-chinh-ngan-hang,D07,Điểm thi THPT,2022,20.1,Tài chính - Ngân hàng
79001,GSA,tai-chinh-ngan-hang,A00,Điểm học bạ,2023,26.17,Tài chính - Ngân hàng
79002,GSA,tai-chinh-ngan-hang,A01,Điểm học bạ,2023,26.17,Tài chính - Ngân hàng
79003,GSA,tai-chinh-ngan-hang,C01,Điểm học bạ,2023,26.17,Tài chính - Ngân hàng
79004,GSA,tai-chinh-ngan-hang,D01,Điểm học bạ,2023,26.17,Tài chính - Ngân hàng
79005,GSA,tai-chinh-ngan-hang,A00,Điểm thi THPT,2023,23.1,Tải chính - Ngân hàng
79006,GSA,tai-chinh-ngan-hang,A01,Điểm thi THPT,2023,23.1,Tải chính - Ngân hàng
79007,GSA,tai-chinh-ngan-hang,C01,Điểm thi THPT,2023,23.1,Tải chính - Ngân hàng
79008,GSA,tai-chinh-ngan-hang,D01,Điểm thi THPT,2023,23.1,Tải chính - Ngân hàng
79009,GSA,tai-chinh-ngan-hang,A00,Điểm học bạ,2024,27.13,Tài chính - Ngân hàng
79010,GSA,tai-chinh-ngan-hang,A01,Điểm học bạ,2024,27.13,Tài chính - Ngân hàng
79011,GSA,tai-chinh-ngan-hang,C01,Điểm học bạ,2024,27.13,Tài chính - Ngân hàng
79012,GSA,tai-chinh-ngan-hang,D01,Điểm học bạ,2024,27.13,Tài chính - Ngân hàng
79013,GSA,tai-chinh-ngan-hang,A00,Điểm thi THPT,2024,24.07,Tài chính - Ngân hàng
79014,GSA,tai-chinh-ngan-hang,A01,Điểm thi THPT,2024,24.07,Tài chính - Ngân hàng
79015,GSA,tai-chinh-ngan-hang,C01,Điểm thi THPT,2024,24.07,Tài chính - Ngân hàng
79016,GSA,tai-chinh-ngan-hang,D01,Điểm thi THPT,2024,24.07,Tài chính - Ngân hàng
79017,GSA,tai-chinh-ngan-hang,A00,Điểm học bạ,2025,26.19,Tài chính - Ngân hàng
79018,GSA,tai-chinh-ngan-hang,A01,Điểm học bạ,2025,26.19,Tài chính - Ngân hàng
79019,GSA,tai-chinh-ngan-hang,C01,Điểm học bạ,2025,26.19,Tài chính - Ngân hàng
79020,GSA,tai-chinh-ngan-hang,D01,Điểm học bạ,2025,26.19,Tài chính - Ngân hàng
79021,GSA,tai-chinh-ngan-hang,A00,Điểm thi THPT,2025,24.3,Tài chính - Ngân hàng
79022,GSA,tai-chinh-ngan-hang,A01,Điểm thi THPT,2025,24.3,Tài chính - Ngân hàng
79023,GSA,tai-chinh-ngan-hang,C01,Điểm thi THPT,2025,24.3,Tài chính - Ngân hàng
79024,GSA,tai-chinh-ngan-hang,D01,Điểm thi THPT,2025,24.3,Tài chính - Ngân hàng
79025,GTA,an-toan-du-lieu-va-an-ninh-mang,A00,Điểm học bạ,2025,26.0,An toàn dữ liệu và an ninh mạng
79026,GTA,an-toan-du-lieu-va-an-ninh-mang,A01,Điểm học bạ,2025,26.0,An toàn dữ liệu và an ninh mạng
79027,GTA,an-toan-du-lieu-va-an-ninh-mang,C01,Điểm học bạ,2025,26.0,An toàn dữ liệu và an ninh mạng
79028,GTA,an-toan-du-lieu-va-an-ninh-mang,C02,Điểm học bạ,2025,26.0,An toàn dữ liệu và an ninh mạng
79029,GTA,an-toan-du-lieu-va-an-ninh-mang,D01,Điểm học bạ,2025,26.0,An toàn dữ liệu và an ninh mạng
79030,GTA,an-toan-du-lieu-va-an-ninh-mang,D07,Điểm học bạ,2025,26.0,An toàn dữ liệu và an ninh mạng
79031,GTA,an-toan-du-lieu-va-an-ninh-mang,X02,Điểm học bạ,2025,26.0,An toàn dữ liệu và an ninh mạng
79032,GTA,an-toan-du-lieu-va-an-ninh-mang,X03,Điểm học bạ,2025,26.0,An toàn dữ liệu và an ninh mạng
79033,GTA,an-toan-du-lieu-va-an-ninh-mang,X26,Điểm học bạ,2025,26.0,An toàn dữ liệu và an ninh mạng
79034,GTA,an-toan-du-lieu-va-an-ninh-mang,X27,Điểm học bạ,2025,26.0,An toàn dữ liệu và an ninh mạng
79035,GTA,an-toan-du-lieu-va-an-ninh-mang,A00,Điểm thi THPT,2025,23.0,An toàn dữ liệu và an ninh mạng
79036,GTA,an-toan-du-lieu-va-an-ninh-mang,A01,Điểm thi THPT,2025,23.0,An toàn dữ liệu và an ninh mạng
79037,GTA,an-toan-du-lieu-va-an-ninh-mang,C01,Điểm thi THPT,2025,23.0,An toàn dữ liệu và an ninh mạng
79038,GTA,an-toan-du-lieu-va-an-ninh-mang,C02,Điểm thi THPT,2025,23.0,An toàn dữ liệu và an ninh mạng
79039,GTA,an-toan-du-lieu-va-an-ninh-mang,D01,Điểm thi THPT,2025,23.0,An toàn dữ liệu và an ninh mạng
79040,GTA,an-toan-du-lieu-va-an-ninh-mang,D07,Điểm thi THPT,2025,23.0,An toàn dữ liệu và an ninh mạng
79041,GTA,an-toan-du-lieu-va-an-ninh-mang,X02,Điểm thi THPT,2025,23.0,An toàn dữ liệu và an ninh mạng
79042,GTA,an-toan-du-lieu-va-an-ninh-mang,X03,Điểm thi THPT,2025,23.0,An toàn dữ liệu và an ninh mạng
79043,GTA,an-toan-du-lieu-va-an-ninh-mang,X26,Điểm thi THPT,2025,23.0,An toàn dữ liệu và an ninh mạng
79044,GTA,an-toan-du-lieu-va-an-ninh-mang,X27,Điểm thi THPT,2025,23.0,An toàn dữ liệu và an ninh mạng
79045,GTA,cnkt-cau-duong-bo,A00,Điểm học bạ,2025,18.0,CNKT Cầu đường bộ (học tại Vĩnh Phúc)
79046,GTA,cnkt-cau-duong-bo,A01,Điểm học bạ,2025,18.0,CNKT Cầu đường bộ (học tại Vĩnh Phúc)
79047,GTA,cnkt-cau-duong-bo,C01,Điểm học bạ,2025,18.0,CNKT Cầu đường bộ (học tại Vĩnh Phúc)
79048,GTA,cnkt-cau-duong-bo,C02,Điểm học bạ,2025,18.0,CNKT Cầu đường bộ (học tại Vĩnh Phúc)
79049,GTA,cnkt-cau-duong-bo,D01,Điểm học bạ,2025,18.0,CNKT Cầu đường bộ (học tại Vĩnh Phúc)
79050,GTA,cnkt-cau-duong-bo,D07,Điểm học bạ,2025,18.0,CNKT Cầu đường bộ (học tại Vĩnh Phúc)
79051,GTA,cnkt-cau-duong-bo,X02,Điểm học bạ,2025,18.0,CNKT Cầu đường bộ (học tại Vĩnh Phúc)
79052,GTA,cnkt-cau-duong-bo,X03,Điểm học bạ,2025,18.0,CNKT Cầu đường bộ (học tại Vĩnh Phúc)
79053,GTA,cnkt-cau-duong-bo,X26,Điểm học bạ,2025,18.0,CNKT Cầu đường bộ (học tại Vĩnh Phúc)
79054,GTA,cnkt-cau-duong-bo,X27,Điểm học bạ,2025,18.0,CNKT Cầu đường bộ (học tại Vĩnh Phúc)
79055,GTA,cnkt-cau-duong-bo,A00,Điểm thi THPT,2025,16.0,CNKT Cầu đường bộ (học tại Vĩnh Phúc)
79056,GTA,cnkt-cau-duong-bo,A01,Điểm thi THPT,2025,16.0,CNKT Cầu đường bộ (học tại Vĩnh Phúc)
79057,GTA,cnkt-cau-duong-bo,C01,Điểm thi THPT,2025,16.0,CNKT Cầu đường bộ (học tại Vĩnh Phúc)
79058,GTA,cnkt-cau-duong-bo,C02,Điểm thi THPT,2025,16.0,CNKT Cầu đường bộ (học tại Vĩnh Phúc)
79059,GTA,cnkt-cau-duong-bo,D01,Điểm thi THPT,2025,16.0,CNKT Cầu đường bộ (học tại Vĩnh Phúc)
79060,GTA,cnkt-cau-duong-bo,D07,Điểm thi THPT,2025,16.0,CNKT Cầu đường bộ (học tại Vĩnh Phúc)
79061,GTA,cnkt-cau-duong-bo,X02,Điểm thi THPT,2025,16.0,CNKT Cầu đường bộ (học tại Vĩnh Phúc)
79062,GTA,cnkt-cau-duong-bo,X03,Điểm thi THPT,2025,16.0,CNKT Cầu đường bộ (học tại Vĩnh Phúc)
79063,GTA,cnkt-cau-duong-bo,X26,Điểm thi THPT,2025,16.0,CNKT Cầu đường bộ (học tại Vĩnh Phúc)
79064,GTA,cnkt-cau-duong-bo,X27,Điểm thi THPT,2025,16.0,CNKT Cầu đường bộ (học tại Vĩnh Phúc)
79065,GTA,cnkt-co-khi,A00,Điểm học bạ,2021,18.0,CNKT Cơ khí
79066,GTA,cnkt-co-khi,A01,Điểm học bạ,2021,18.0,CNKT Cơ khí
79067,GTA,cnkt-co-khi,D01,Điểm học bạ,2021,18.0,CNKT Cơ khí
79068,GTA,cnkt-co-khi,D07,Điểm học bạ,2021,18.0,CNKT Cơ khí
79069,GTA,cnkt-co-khi-dau-may-toa-xe-va-tau-dien-metro,A00,Điểm học bạ,2025,18.0,CNKT cơ khí đầu máy - toa xe và tàu điện Metro
79070,GTA,cnkt-co-khi-dau-may-toa-xe-va-tau-dien-metro,A01,Điểm học bạ,2025,18.0,CNKT cơ khí đầu máy - toa xe và tàu điện Metro
79071,GTA,cnkt-co-khi-dau-may-toa-xe-va-tau-dien-metro,C01,Điểm học bạ,2025,18.0,CNKT cơ khí đầu máy - toa xe và tàu điện Metro
79072,GTA,cnkt-co-khi-dau-may-toa-xe-va-tau-dien-metro,C02,Điểm học bạ,2025,18.0,CNKT cơ khí đầu máy - toa xe và tàu điện Metro
79073,GTA,cnkt-co-khi-dau-may-toa-xe-va-tau-dien-metro,D01,Điểm học bạ,2025,18.0,CNKT cơ khí đầu máy - toa xe và tàu điện Metro
79074,GTA,cnkt-co-khi-dau-may-toa-xe-va-tau-dien-metro,D07,Điểm học bạ,2025,18.0,CNKT cơ khí đầu máy - toa xe và tàu điện Metro
79075,GTA,cnkt-co-khi-dau-may-toa-xe-va-tau-dien-metro,X02,Điểm học bạ,2025,18.0,CNKT cơ khí đầu máy - toa xe và tàu điện Metro
79076,GTA,cnkt-co-khi-dau-may-toa-xe-va-tau-dien-metro,X03,Điểm học bạ,2025,18.0,CNKT cơ khí đầu máy - toa xe và tàu điện Metro
79077,GTA,cnkt-co-khi-dau-may-toa-xe-va-tau-dien-metro,X26,Điểm học bạ,2025,18.0,CNKT cơ khí đầu máy - toa xe và tàu điện Metro
79078,GTA,cnkt-co-khi-dau-may-toa-xe-va-tau-dien-metro,X27,Điểm học bạ,2025,18.0,CNKT cơ khí đầu máy - toa xe và tàu điện Metro
79079,GTA,cnkt-co-khi-dau-may-toa-xe-va-tau-dien-metro,A00,Điểm thi THPT,2025,16.0,CNKT cơ khí đầu máy - toa xe và tàu điện Metro
79080,GTA,cnkt-co-khi-dau-may-toa-xe-va-tau-dien-metro,A01,Điểm thi THPT,2025,16.0,CNKT cơ khí đầu máy - toa xe và tàu điện Metro
79081,GTA,cnkt-co-khi-dau-may-toa-xe-va-tau-dien-metro,C01,Điểm thi THPT,2025,16.0,CNKT cơ khí đầu máy - toa xe và tàu điện Metro
79082,GTA,cnkt-co-khi-dau-may-toa-xe-va-tau-dien-metro,C02,Điểm thi THPT,2025,16.0,CNKT cơ khí đầu máy - toa xe và tàu điện Metro
79083,GTA,cnkt-co-khi-dau-may-toa-xe-va-tau-dien-metro,D01,Điểm thi THPT,2025,16.0,CNKT cơ khí đầu máy - toa xe và tàu điện Metro
79084,GTA,cnkt-co-khi-dau-may-toa-xe-va-tau-dien-metro,D07,Điểm thi THPT,2025,16.0,CNKT cơ khí đầu máy - toa xe và tàu điện Metro
79085,GTA,cnkt-co-khi-dau-may-toa-xe-va-tau-dien-metro,X02,Điểm thi THPT,2025,16.0,CNKT cơ khí đầu máy - toa xe và tàu điện Metro
79086,GTA,cnkt-co-khi-dau-may-toa-xe-va-tau-dien-metro,X03,Điểm thi THPT,2025,16.0,CNKT cơ khí đầu máy - toa xe và tàu điện Metro
79087,GTA,cnkt-co-khi-dau-may-toa-xe-va-tau-dien-metro,X26,Điểm thi THPT,2025,16.0,CNKT cơ khí đầu máy - toa xe và tàu điện Metro
79088,GTA,cnkt-co-khi-dau-may-toa-xe-va-tau-dien-metro,X27,Điểm thi THPT,2025,16.0,CNKT cơ khí đầu máy - toa xe và tàu điện Metro
79089,GTA,cnkt-co-khi-tau-thuy-va-cong-trinh-noi,A00,Điểm học bạ,2025,18.0,CNKT cơ khí tàu thủy và công trình nổi
79090,GTA,cnkt-co-khi-tau-thuy-va-cong-trinh-noi,A01,Điểm học bạ,2025,18.0,CNKT cơ khí tàu thủy và công trình nổi
79091,GTA,cnkt-co-khi-tau-thuy-va-cong-trinh-noi,C01,Điểm học bạ,2025,18.0,CNKT cơ khí tàu thủy và công trình nổi
79092,GTA,cnkt-co-khi-tau-thuy-va-cong-trinh-noi,C02,Điểm học bạ,2025,18.0,CNKT cơ khí tàu thủy và công trình nổi
79093,GTA,cnkt-co-khi-tau-thuy-va-cong-trinh-noi,D01,Điểm học bạ,2025,18.0,CNKT cơ khí tàu thủy và công trình nổi
79094,GTA,cnkt-co-khi-tau-thuy-va-cong-trinh-noi,D07,Điểm học bạ,2025,18.0,CNKT cơ khí tàu thủy và công trình nổi
79095,GTA,cnkt-co-khi-tau-thuy-va-cong-trinh-noi,X02,Điểm học bạ,2025,18.0,CNKT cơ khí tàu thủy và công trình nổi
79096,GTA,cnkt-co-khi-tau-thuy-va-cong-trinh-noi,X03,Điểm học bạ,2025,18.0,CNKT cơ khí tàu thủy và công trình nổi
79097,GTA,cnkt-co-khi-tau-thuy-va-cong-trinh-noi,X26,Điểm học bạ,2025,18.0,CNKT cơ khí tàu thủy và công trình nổi
79098,GTA,cnkt-co-khi-tau-thuy-va-cong-trinh-noi,X27,Điểm học bạ,2025,18.0,CNKT cơ khí tàu thủy và công trình nổi
79099,GTA,cnkt-co-khi-tau-thuy-va-cong-trinh-noi,A00,Điểm thi THPT,2025,16.0,CNKT cơ khí tàu thủy và công trình nổi
79100,GTA,cnkt-co-khi-tau-thuy-va-cong-trinh-noi,A01,Điểm thi THPT,2025,16.0,CNKT cơ khí tàu thủy và công trình nổi
79101,GTA,cnkt-co-khi-tau-thuy-va-cong-trinh-noi,C01,Điểm thi THPT,2025,16.0,CNKT cơ khí tàu thủy và công trình nổi
79102,GTA,cnkt-co-khi-tau-thuy-va-cong-trinh-noi,C02,Điểm thi THPT,2025,16.0,CNKT cơ khí tàu thủy và công trình nổi
79103,GTA,cnkt-co-khi-tau-thuy-va-cong-trinh-noi,D01,Điểm thi THPT,2025,16.0,CNKT cơ khí tàu thủy và công trình nổi
79104,GTA,cnkt-co-khi-tau-thuy-va-cong-trinh-noi,D07,Điểm thi THPT,2025,16.0,CNKT cơ khí tàu thủy và công trình nổi
79105,GTA,cnkt-co-khi-tau-thuy-va-cong-trinh-noi,X02,Điểm thi THPT,2025,16.0,CNKT cơ khí tàu thủy và công trình nổi
79106,GTA,cnkt-co-khi-tau-thuy-va-cong-trinh-noi,X03,Điểm thi THPT,2025,16.0,CNKT cơ khí tàu thủy và công trình nổi
79107,GTA,cnkt-co-khi-tau-thuy-va-cong-trinh-noi,X26,Điểm thi THPT,2025,16.0,CNKT cơ khí tàu thủy và công trình nổi
79108,GTA,cnkt-co-khi-tau-thuy-va-cong-trinh-noi,X27,Điểm thi THPT,2025,16.0,CNKT cơ khí tàu thủy và công trình nổi
79109,GTA,cnkt-cong-trinh-xay-dung,A00,Điểm học bạ,2021,18.0,CNKT Công trình xây dựng
79110,GTA,cnkt-cong-trinh-xay-dung,A01,Điểm học bạ,2021,18.0,CNKT Công trình xây dựng
79111,GTA,cnkt-cong-trinh-xay-dung,D01,Điểm học bạ,2021,18.0,CNKT Công trình xây dựng
79112,GTA,cnkt-cong-trinh-xay-dung,D07,Điểm học bạ,2021,18.0,CNKT Công trình xây dựng
79113,GTA,cnkt-cong-trinh-xay-dung,A00,Điểm thi THPT,2021,15.0,CNKT Công trình xây dựng (học tại cơ sở TN)
79114,GTA,cnkt-cong-trinh-xay-dung,A01,Điểm thi THPT,2021,15.0,CNKT Công trình xây dựng (học tại cơ sở TN)
79115,GTA,cnkt-cong-trinh-xay-dung,D01,Điểm thi THPT,2021,15.0,CNKT Công trình xây dựng (học tại cơ sở TN)
79116,GTA,cnkt-cong-trinh-xay-dung,D07,Điểm thi THPT,2021,15.0,CNKT Công trình xây dựng (học tại cơ sở TN)
79117,GTA,cnkt-cong-trinh-xay-dung-dan-dung-va-cong-nghiep,A00,Điểm học bạ,2025,18.0,CNKT công trình xây dựng dân dụng và công nghiệp
79118,GTA,cnkt-cong-trinh-xay-dung-dan-dung-va-cong-nghiep,A01,Điểm học bạ,2025,18.0,CNKT công trình xây dựng dân dụng và công nghiệp
79119,GTA,cnkt-cong-trinh-xay-dung-dan-dung-va-cong-nghiep,C01,Điểm học bạ,2025,18.0,CNKT công trình xây dựng dân dụng và công nghiệp
79120,GTA,cnkt-cong-trinh-xay-dung-dan-dung-va-cong-nghiep,C02,Điểm học bạ,2025,18.0,CNKT công trình xây dựng dân dụng và công nghiệp
79121,GTA,cnkt-cong-trinh-xay-dung-dan-dung-va-cong-nghiep,D01,Điểm học bạ,2025,18.0,CNKT công trình xây dựng dân dụng và công nghiệp
79122,GTA,cnkt-cong-trinh-xay-dung-dan-dung-va-cong-nghiep,D07,Điểm học bạ,2025,18.0,CNKT công trình xây dựng dân dụng và công nghiệp
79123,GTA,cnkt-cong-trinh-xay-dung-dan-dung-va-cong-nghiep,X02,Điểm học bạ,2025,18.0,CNKT công trình xây dựng dân dụng và công nghiệp
79124,GTA,cnkt-cong-trinh-xay-dung-dan-dung-va-cong-nghiep,X03,Điểm học bạ,2025,18.0,CNKT công trình xây dựng dân dụng và công nghiệp
79125,GTA,cnkt-cong-trinh-xay-dung-dan-dung-va-cong-nghiep,X26,Điểm học bạ,2025,18.0,CNKT công trình xây dựng dân dụng và công nghiệp
79126,GTA,cnkt-cong-trinh-xay-dung-dan-dung-va-cong-nghiep,X27,Điểm học bạ,2025,18.0,CNKT công trình xây dựng dân dụng và công nghiệp
79127,GTA,cnkt-cong-trinh-xay-dung-dan-dung-va-cong-nghiep,A00,Điểm thi THPT,2025,16.0,CNKT công trình xây dựng dân dụng và công nghiệp
79128,GTA,cnkt-cong-trinh-xay-dung-dan-dung-va-cong-nghiep,A01,Điểm thi THPT,2025,16.0,CNKT công trình xây dựng dân dụng và công nghiệp
79129,GTA,cnkt-cong-trinh-xay-dung-dan-dung-va-cong-nghiep,C01,Điểm thi THPT,2025,16.0,CNKT công trình xây dựng dân dụng và công nghiệp
79130,GTA,cnkt-cong-trinh-xay-dung-dan-dung-va-cong-nghiep,C02,Điểm thi THPT,2025,16.0,CNKT công trình xây dựng dân dụng và công nghiệp
79131,GTA,cnkt-cong-trinh-xay-dung-dan-dung-va-cong-nghiep,D01,Điểm thi THPT,2025,16.0,CNKT công trình xây dựng dân dụng và công nghiệp
79132,GTA,cnkt-cong-trinh-xay-dung-dan-dung-va-cong-nghiep,D07,Điểm thi THPT,2025,16.0,CNKT công trình xây dựng dân dụng và công nghiệp
79133,GTA,cnkt-cong-trinh-xay-dung-dan-dung-va-cong-nghiep,X02,Điểm thi THPT,2025,16.0,CNKT công trình xây dựng dân dụng và công nghiệp
79134,GTA,cnkt-cong-trinh-xay-dung-dan-dung-va-cong-nghiep,X03,Điểm thi THPT,2025,16.0,CNKT công trình xây dựng dân dụng và công nghiệp
79135,GTA,cnkt-cong-trinh-xay-dung-dan-dung-va-cong-nghiep,X26,Điểm thi THPT,2025,16.0,CNKT công trình xây dựng dân dụng và công nghiệp
79136,GTA,cnkt-cong-trinh-xay-dung-dan-dung-va-cong-nghiep,X27,Điểm thi THPT,2025,16.0,CNKT công trình xây dựng dân dụng và công nghiệp
79137,GTA,cnkt-cong-trinh-xd-dan-dung-va-cong-nghiep,A00,Điểm học bạ,2023,20.0,CNKT công trình XD dân dụng và công nghiệp
79138,GTA,cnkt-cong-trinh-xd-dan-dung-va-cong-nghiep,A01,Điểm học bạ,2023,20.0,CNKT công trình XD dân dụng và công nghiệp
79139,GTA,cnkt-cong-trinh-xd-dan-dung-va-cong-nghiep,D01,Điểm học bạ,2023,20.0,CNKT công trình XD dân dụng và công nghiệp
79140,GTA,cnkt-cong-trinh-xd-dan-dung-va-cong-nghiep,D07,Điểm học bạ,2023,20.0,CNKT công trình XD dân dụng và công nghiệp
79141,GTA,cnkt-cong-trinh-xd-dan-dung-va-cong-nghiep,A00,Điểm thi THPT,2023,16.0,CNKT công trình XD dân dụng và công nghiệp
79142,GTA,cnkt-cong-trinh-xd-dan-dung-va-cong-nghiep,A01,Điểm thi THPT,2023,16.0,CNKT công trình XD dân dụng và công nghiệp
79143,GTA,cnkt-cong-trinh-xd-dan-dung-va-cong-nghiep,D01,Điểm thi THPT,2023,16.0,CNKT công trình XD dân dụng và công nghiệp
79144,GTA,cnkt-cong-trinh-xd-dan-dung-va-cong-nghiep,D07,Điểm thi THPT,2023,16.0,CNKT công trình XD dân dụng và công nghiệp
79145,GTA,cnkt-cong-trinh-xd-dan-dung-va-cong-nghiep,A00,Điểm học bạ,2024,20.0,CNKT công trình XD dân dụng và công nghiệp
79146,GTA,cnkt-cong-trinh-xd-dan-dung-va-cong-nghiep,A01,Điểm học bạ,2024,20.0,CNKT công trình XD dân dụng và công nghiệp
79147,GTA,cnkt-cong-trinh-xd-dan-dung-va-cong-nghiep,D01,Điểm học bạ,2024,20.0,CNKT công trình XD dân dụng và công nghiệp
79148,GTA,cnkt-cong-trinh-xd-dan-dung-va-cong-nghiep,D07,Điểm học bạ,2024,20.0,CNKT công trình XD dân dụng và công nghiệp
79149,GTA,cnkt-cong-trinh-xd-dan-dung-va-cong-nghiep,A00,Điểm thi THPT,2024,16.0,CNKT công trình XD dân dụng và công nghiệp
79150,GTA,cnkt-cong-trinh-xd-dan-dung-va-cong-nghiep,A01,Điểm thi THPT,2024,16.0,CNKT công trình XD dân dụng và công nghiệp
79151,GTA,cnkt-cong-trinh-xd-dan-dung-va-cong-nghiep,D01,Điểm thi THPT,2024,16.0,CNKT công trình XD dân dụng và công nghiệp
79152,GTA,cnkt-cong-trinh-xd-dan-dung-va-cong-nghiep,D07,Điểm thi THPT,2024,16.0,CNKT công trình XD dân dụng và công nghiệp
79153,GTA,cnkt-dau-may-toa-xe-va-tau-dien-metro,A00,Điểm học bạ,2022,20.0,CNKT Đầu máy - toa xe và tàu điện Metro
79154,GTA,cnkt-dau-may-toa-xe-va-tau-dien-metro,A01,Điểm học bạ,2022,20.0,CNKT Đầu máy - toa xe và tàu điện Metro
79155,GTA,cnkt-dau-may-toa-xe-va-tau-dien-metro,D01,Điểm học bạ,2022,20.0,CNKT Đầu máy - toa xe và tàu điện Metro
79156,GTA,cnkt-dau-may-toa-xe-va-tau-dien-metro,D07,Điểm học bạ,2022,20.0,CNKT Đầu máy - toa xe và tàu điện Metro
79157,GTA,cnkt-dau-may-toa-xe-va-tau-dien-metro,A00,Điểm thi THPT,2022,21.65,CNKT Đầu máy - toa xe và tàu điện Metro
79158,GTA,cnkt-dau-may-toa-xe-va-tau-dien-metro,A01,Điểm thi THPT,2022,21.65,CNKT Đầu máy - toa xe và tàu điện Metro
79159,GTA,cnkt-dau-may-toa-xe-va-tau-dien-metro,D01,Điểm thi THPT,2022,21.65,CNKT Đầu máy - toa xe và tàu điện Metro
79160,GTA,cnkt-dau-may-toa-xe-va-tau-dien-metro,D07,Điểm thi THPT,2022,21.65,CNKT Đầu máy - toa xe và tàu điện Metro
79161,GTA,cnkt-dien-tu-vien-thong,A00,Điểm học bạ,2021,18.0,CNKT Điện tử - viễn thông (VP)
79162,GTA,cnkt-dien-tu-vien-thong,A01,Điểm học bạ,2021,18.0,CNKT Điện tử - viễn thông (VP)
79163,GTA,cnkt-dien-tu-vien-thong,D01,Điểm học bạ,2021,18.0,CNKT Điện tử - viễn thông (VP)
79164,GTA,cnkt-dien-tu-vien-thong,D07,Điểm học bạ,2021,18.0,CNKT Điện tử - viễn thông (VP)
79165,GTA,cnkt-dien-tu-vien-thong,A00,Điểm thi THPT,2021,15.0,CNKT Điện tử - viễn thông (học tại cơ sở VP)
79166,GTA,cnkt-dien-tu-vien-thong,A01,Điểm thi THPT,2021,15.0,CNKT Điện tử - viễn thông (học tại cơ sở VP)
79167,GTA,cnkt-dien-tu-vien-thong,D01,Điểm thi THPT,2021,15.0,CNKT Điện tử - viễn thông (học tại cơ sở VP)
79168,GTA,cnkt-dien-tu-vien-thong,D07,Điểm thi THPT,2021,15.0,CNKT Điện tử - viễn thông (học tại cơ sở VP)
79169,GTA,cnkt-dien-tu-vien-thong,A00,Điểm học bạ,2022,19.0,CNKT Điện tử - viễn thông (học tại Vĩnh Phúc)
79170,GTA,cnkt-dien-tu-vien-thong,A01,Điểm học bạ,2022,19.0,CNKT Điện tử - viễn thông (học tại Vĩnh Phúc)
79171,GTA,cnkt-dien-tu-vien-thong,D01,Điểm học bạ,2022,19.0,CNKT Điện tử - viễn thông (học tại Vĩnh Phúc)
79172,GTA,cnkt-dien-tu-vien-thong,D07,Điểm học bạ,2022,19.0,CNKT Điện tử - viễn thông (học tại Vĩnh Phúc)
79173,GTA,cnkt-dien-tu-vien-thong,A00,Điểm thi THPT,2022,20.95,CNKT Điện tử - viễn thông (học tại Vĩnh Phúc)
79174,GTA,cnkt-dien-tu-vien-thong,A01,Điểm thi THPT,2022,20.95,CNKT Điện tử - viễn thông (học tại Vĩnh Phúc)
79175,GTA,cnkt-dien-tu-vien-thong,D01,Điểm thi THPT,2022,20.95,CNKT Điện tử - viễn thông (học tại Vĩnh Phúc)
79176,GTA,cnkt-dien-tu-vien-thong,D07,Điểm thi THPT,2022,20.95,CNKT Điện tử - viễn thông (học tại Vĩnh Phúc)
79177,GTA,cnkt-giao-thong,A00,Điểm học bạ,2021,18.0,CNKT Giao thông
79178,GTA,cnkt-giao-thong,A01,Điểm học bạ,2021,18.0,CNKT Giao thông
79179,GTA,cnkt-giao-thong,D01,Điểm học bạ,2021,18.0,CNKT Giao thông
79180,GTA,cnkt-giao-thong,D07,Điểm học bạ,2021,18.0,CNKT Giao thông
79181,GTA,cnkt-giao-thong,A00,Điểm thi THPT,2021,15.0,CNKT Giao thông (học tại cơ sở TN)
79182,GTA,cnkt-giao-thong,A01,Điểm thi THPT,2021,15.0,CNKT Giao thông (học tại cơ sở TN)
79183,GTA,cnkt-giao-thong,D01,Điểm thi THPT,2021,15.0,CNKT Giao thông (học tại cơ sở TN)
79184,GTA,cnkt-giao-thong,D07,Điểm thi THPT,2021,15.0,CNKT Giao thông (học tại cơ sở TN)
79185,GTA,cnkt-moi-truong,A00,Điểm học bạ,2021,18.0,CNKT môi trường
79186,GTA,cnkt-moi-truong,A01,Điểm học bạ,2021,18.0,CNKT môi trường
79187,GTA,cnkt-moi-truong,B00,Điểm học bạ,2021,18.0,CNKT môi trường
79188,GTA,cnkt-moi-truong,D01,Điểm học bạ,2021,18.0,CNKT môi trường
79189,GTA,cnkt-o-to,A00,Điểm học bạ,2021,18.0,CNKT Ô tô (TN)
79190,GTA,cnkt-o-to,A01,Điểm học bạ,2021,18.0,CNKT Ô tô (TN)
79191,GTA,cnkt-o-to,D01,Điểm học bạ,2021,18.0,CNKT Ô tô (TN)
79192,GTA,cnkt-o-to,D07,Điểm học bạ,2021,18.0,CNKT Ô tô (TN)
79193,GTA,cnkt-o-to,A00,Điểm thi THPT,2021,15.0,CNKT Ô tô (học tại cơ sở TN)
79194,GTA,cnkt-o-to,A01,Điểm thi THPT,2021,15.0,CNKT Ô tô (học tại cơ sở TN)
79195,GTA,cnkt-o-to,D01,Điểm thi THPT,2021,15.0,CNKT Ô tô (học tại cơ sở TN)
79196,GTA,cnkt-o-to,D07,Điểm thi THPT,2021,15.0,CNKT Ô tô (học tại cơ sở TN)
79197,GTA,cnkt-xay-dung-cau-duong-bo,A00,Điểm học bạ,2021,18.0,CNKT Xây dựng cầu đường bộ (TN)
79198,GTA,cnkt-xay-dung-cau-duong-bo,A01,Điểm học bạ,2021,18.0,CNKT Xây dựng cầu đường bộ (TN)
79199,GTA,cnkt-xay-dung-cau-duong-bo,D01,Điểm học bạ,2021,18.0,CNKT Xây dựng cầu đường bộ (TN)
79200,GTA,cnkt-xay-dung-cau-duong-bo,D07,Điểm học bạ,2021,18.0,CNKT Xây dựng cầu đường bộ (TN)
79201,GTA,cnkt-xay-dung-duong-sat-metro,A00,Điểm học bạ,2024,20.0,CNKT xây dựng Đường sắt - Metro
79202,GTA,cnkt-xay-dung-duong-sat-metro,A01,Điểm học bạ,2024,20.0,CNKT xây dựng Đường sắt - Metro
79203,GTA,cnkt-xay-dung-duong-sat-metro,D01,Điểm học bạ,2024,20.0,CNKT xây dựng Đường sắt - Metro
79204,GTA,cnkt-xay-dung-duong-sat-metro,D07,Điểm học bạ,2024,20.0,CNKT xây dựng Đường sắt - Metro
79205,GTA,cnkt-xay-dung-duong-sat-metro,A00,Điểm thi THPT,2024,16.0,CNKT xây dựng Đường sắt - Metro
79206,GTA,cnkt-xay-dung-duong-sat-metro,A01,Điểm thi THPT,2024,16.0,CNKT xây dựng Đường sắt - Metro
79207,GTA,cnkt-xay-dung-duong-sat-metro,D01,Điểm thi THPT,2024,16.0,CNKT xây dựng Đường sắt - Metro
79208,GTA,cnkt-xay-dung-duong-sat-metro,D07,Điểm thi THPT,2024,16.0,CNKT xây dựng Đường sắt - Metro
79209,GTA,cnkt-xd-cau-duong-bo,A00,Điểm học bạ,2022,19.0,CNKT XD Cầu đường bộ (học tại Thái Nguyên)
79210,GTA,cnkt-xd-cau-duong-bo,A01,Điểm học bạ,2022,19.0,CNKT XD Cầu đường bộ (học tại Thái Nguyên)
79211,GTA,cnkt-xd-cau-duong-bo,D01,Điểm học bạ,2022,19.0,CNKT XD Cầu đường bộ (học tại Thái Nguyên)
79212,GTA,cnkt-xd-cau-duong-bo,D07,Điểm học bạ,2022,19.0,CNKT XD Cầu đường bộ (học tại Thái Nguyên)
79213,GTA,cnkt-xd-cau-duong-bo,A00,Điểm thi THPT,2022,16.0,CNKT XD Cầu đường bộ (học tại Thái Nguyên)
79214,GTA,cnkt-xd-cau-duong-bo,A01,Điểm thi THPT,2022,16.0,CNKT XD Cầu đường bộ (học tại Thái Nguyên)
79215,GTA,cnkt-xd-cau-duong-bo,D01,Điểm thi THPT,2022,16.0,CNKT XD Cầu đường bộ (học tại Thái Nguyên)
79216,GTA,cnkt-xd-cau-duong-bo,D07,Điểm thi THPT,2022,16.0,CNKT XD Cầu đường bộ (học tại Thái Nguyên)
79217,GTA,cnkt-xd-cau-duong-bo,A00,Điểm học bạ,2023,20.0,CNKT XD Cầu đường bộ (học tại Vĩnh Phúc)
79218,GTA,cnkt-xd-cau-duong-bo,A01,Điểm học bạ,2023,20.0,CNKT XD Cầu đường bộ (học tại Vĩnh Phúc)
79219,GTA,cnkt-xd-cau-duong-bo,D01,Điểm học bạ,2023,20.0,CNKT XD Cầu đường bộ (học tại Vĩnh Phúc)
79220,GTA,cnkt-xd-cau-duong-bo,D07,Điểm học bạ,2023,20.0,CNKT XD Cầu đường bộ (học tại Vĩnh Phúc)
79221,GTA,cnkt-xd-cau-duong-bo,A00,Điểm thi THPT,2023,16.0,CNKT XD Cầu đường bộ (học tại Vĩnh Phúc)
79222,GTA,cnkt-xd-cau-duong-bo,A01,Điểm thi THPT,2023,16.0,CNKT XD Cầu đường bộ (học tại Vĩnh Phúc)
79223,GTA,cnkt-xd-cau-duong-bo,D01,Điểm thi THPT,2023,16.0,CNKT XD Cầu đường bộ (học tại Vĩnh Phúc)
79224,GTA,cnkt-xd-cau-duong-bo,D07,Điểm thi THPT,2023,16.0,CNKT XD Cầu đường bộ (học tại Vĩnh Phúc)
79225,GTA,cnkt-xd-cau-duong-bo,A00,Điểm học bạ,2024,18.0,CNKT XD Cầu đường bộ (học tại Vĩnh Phúc)
79226,GTA,cnkt-xd-cau-duong-bo,A01,Điểm học bạ,2024,18.0,CNKT XD Cầu đường bộ (học tại Vĩnh Phúc)
79227,GTA,cnkt-xd-cau-duong-bo,D01,Điểm học bạ,2024,18.0,CNKT XD Cầu đường bộ (học tại Vĩnh Phúc)
79228,GTA,cnkt-xd-cau-duong-bo,D07,Điểm học bạ,2024,18.0,CNKT XD Cầu đường bộ (học tại Vĩnh Phúc)
79229,GTA,cnkt-xd-cau-duong-bo,A00,Điểm thi THPT,2024,16.0,CNKT XD Cầu đường bộ
79230,GTA,cnkt-xd-cau-duong-bo,A01,Điểm thi THPT,2024,16.0,CNKT XD Cầu đường bộ
79231,GTA,cnkt-xd-cau-duong-bo,D01,Điểm thi THPT,2024,16.0,CNKT XD Cầu đường bộ
79232,GTA,cnkt-xd-cau-duong-bo,D07,Điểm thi THPT,2024,16.0,CNKT XD Cầu đường bộ
79233,GTA,co-dien-tu-o-to,A00,Điểm học bạ,2025,24.0,Cơ điện tử ô tô
79234,GTA,co-dien-tu-o-to,A01,Điểm học bạ,2025,24.0,Cơ điện tử ô tô
79235,GTA,co-dien-tu-o-to,C01,Điểm học bạ,2025,24.0,Cơ điện tử ô tô
79236,GTA,co-dien-tu-o-to,C02,Điểm học bạ,2025,24.0,Cơ điện tử ô tô
79237,GTA,co-dien-tu-o-to,D01,Điểm học bạ,2025,24.0,Cơ điện tử ô tô
79238,GTA,co-dien-tu-o-to,D07,Điểm học bạ,2025,24.0,Cơ điện tử ô tô
79239,GTA,co-dien-tu-o-to,X02,Điểm học bạ,2025,24.0,Cơ điện tử ô tô
79240,GTA,co-dien-tu-o-to,X03,Điểm học bạ,2025,24.0,Cơ điện tử ô tô
79241,GTA,co-dien-tu-o-to,X26,Điểm học bạ,2025,24.0,Cơ điện tử ô tô
79242,GTA,co-dien-tu-o-to,X27,Điểm học bạ,2025,24.0,Cơ điện tử ô tô
79243,GTA,co-dien-tu-o-to,A00,Điểm thi THPT,2025,21.0,Cơ điện tử ô tô
79244,GTA,co-dien-tu-o-to,A01,Điểm thi THPT,2025,21.0,Cơ điện tử ô tô
79245,GTA,co-dien-tu-o-to,C01,Điểm thi THPT,2025,21.0,Cơ điện tử ô tô
79246,GTA,co-dien-tu-o-to,C02,Điểm thi THPT,2025,21.0,Cơ điện tử ô tô
79247,GTA,co-dien-tu-o-to,D01,Điểm thi THPT,2025,21.0,Cơ điện tử ô tô
79248,GTA,co-dien-tu-o-to,D07,Điểm thi THPT,2025,21.0,Cơ điện tử ô tô
79249,GTA,co-dien-tu-o-to,X02,Điểm thi THPT,2025,21.0,Cơ điện tử ô tô
79250,GTA,co-dien-tu-o-to,X03,Điểm thi THPT,2025,21.0,Cơ điện tử ô tô
79251,GTA,co-dien-tu-o-to,X26,Điểm thi THPT,2025,21.0,Cơ điện tử ô tô
79252,GTA,co-dien-tu-o-to,X27,Điểm thi THPT,2025,21.0,Cơ điện tử ô tô
79253,GTA,cong-nghe-che-tao-may,A00,Điểm học bạ,2022,19.0,Công nghệ chế tạo máy (học tại Vĩnh Phúc)
79254,GTA,cong-nghe-che-tao-may,A01,Điểm học bạ,2022,19.0,Công nghệ chế tạo máy (học tại Vĩnh Phúc)
79255,GTA,cong-nghe-che-tao-may,D01,Điểm học bạ,2022,19.0,Công nghệ chế tạo máy (học tại Vĩnh Phúc)
79256,GTA,cong-nghe-che-tao-may,D07,Điểm học bạ,2022,19.0,Công nghệ chế tạo máy (học tại Vĩnh Phúc)
79257,GTA,cong-nghe-che-tao-may,A00,Điểm thi THPT,2022,17.8,Công nghệ chế tạo máy (học tại Vĩnh Phúc)
79258,GTA,cong-nghe-che-tao-may,A01,Điểm thi THPT,2022,17.8,Công nghệ chế tạo máy (học tại Vĩnh Phúc)
79259,GTA,cong-nghe-che-tao-may,D01,Điểm thi THPT,2022,17.8,Công nghệ chế tạo máy (học tại Vĩnh Phúc)
79260,GTA,cong-nghe-che-tao-may,D07,Điểm thi THPT,2022,17.8,Công nghệ chế tạo máy (học tại Vĩnh Phúc)
79261,GTA,cong-nghe-che-tao-may,A00,Điểm học bạ,2025,24.0,Công nghệ chế tạo máy
79262,GTA,cong-nghe-che-tao-may,A01,Điểm học bạ,2025,24.0,Công nghệ chế tạo máy
79263,GTA,cong-nghe-che-tao-may,C01,Điểm học bạ,2025,24.0,Công nghệ chế tạo máy
79264,GTA,cong-nghe-che-tao-may,C02,Điểm học bạ,2025,24.0,Công nghệ chế tạo máy
79265,GTA,cong-nghe-che-tao-may,D01,Điểm học bạ,2025,24.0,Công nghệ chế tạo máy
79266,GTA,cong-nghe-che-tao-may,D07,Điểm học bạ,2025,24.0,Công nghệ chế tạo máy
79267,GTA,cong-nghe-che-tao-may,X02,Điểm học bạ,2025,24.0,Công nghệ chế tạo máy
79268,GTA,cong-nghe-che-tao-may,X03,Điểm học bạ,2025,24.0,Công nghệ chế tạo máy
79269,GTA,cong-nghe-che-tao-may,X26,Điểm học bạ,2025,24.0,Công nghệ chế tạo máy
79270,GTA,cong-nghe-che-tao-may,X27,Điểm học bạ,2025,24.0,Công nghệ chế tạo máy
79271,GTA,cong-nghe-che-tao-may,A00,Điểm thi THPT,2025,21.0,Công nghệ chế tạo máy
79272,GTA,cong-nghe-che-tao-may,A01,Điểm thi THPT,2025,21.0,Công nghệ chế tạo máy
79273,GTA,cong-nghe-che-tao-may,C01,Điểm thi THPT,2025,21.0,Công nghệ chế tạo máy
79274,GTA,cong-nghe-che-tao-may,C02,Điểm thi THPT,2025,21.0,Công nghệ chế tạo máy
79275,GTA,cong-nghe-che-tao-may,D01,Điểm thi THPT,2025,21.0,Công nghệ chế tạo máy
79276,GTA,cong-nghe-che-tao-may,D07,Điểm thi THPT,2025,21.0,Công nghệ chế tạo máy
79277,GTA,cong-nghe-che-tao-may,X02,Điểm thi THPT,2025,21.0,Công nghệ chế tạo máy
79278,GTA,cong-nghe-che-tao-may,X03,Điểm thi THPT,2025,21.0,Công nghệ chế tạo máy
79279,GTA,cong-nghe-che-tao-may,X26,Điểm thi THPT,2025,21.0,Công nghệ chế tạo máy
79280,GTA,cong-nghe-che-tao-may,X27,Điểm thi THPT,2025,21.0,Công nghệ chế tạo máy
79281,GTA,cong-nghe-ky-thuat-co-dien-tu,A00,Điểm thi THPT,2021,23.2,Công nghệ kỹ thuật Cơ - điện tử
79282,GTA,cong-nghe-ky-thuat-co-dien-tu,A01,Điểm thi THPT,2021,23.2,Công nghệ kỹ thuật Cơ - điện tử
79283,GTA,cong-nghe-ky-thuat-co-dien-tu,D01,Điểm thi THPT,2021,23.2,Công nghệ kỹ thuật Cơ - điện tử
79284,GTA,cong-nghe-ky-thuat-co-dien-tu,D07,Điểm thi THPT,2021,23.2,Công nghệ kỹ thuật Cơ - điện tử
79285,GTA,cong-nghe-ky-thuat-co-dien-tu,A00,Điểm học bạ,2022,24.0,Công nghệ kỹ thuật cơ điện tử
79286,GTA,cong-nghe-ky-thuat-co-dien-tu,A01,Điểm học bạ,2022,24.0,Công nghệ kỹ thuật cơ điện tử
79287,GTA,cong-nghe-ky-thuat-co-dien-tu,D01,Điểm học bạ,2022,24.0,Công nghệ kỹ thuật cơ điện tử
79288,GTA,cong-nghe-ky-thuat-co-dien-tu,D07,Điểm học bạ,2022,24.0,Công nghệ kỹ thuật cơ điện tử
79289,GTA,cong-nghe-ky-thuat-co-dien-tu,A00,Điểm thi THPT,2022,23.5,Công nghệ kỹ thuật cơ điện tử
79290,GTA,cong-nghe-ky-thuat-co-dien-tu,A01,Điểm thi THPT,2022,23.5,Công nghệ kỹ thuật cơ điện tử
79291,GTA,cong-nghe-ky-thuat-co-dien-tu,D01,Điểm thi THPT,2022,23.5,Công nghệ kỹ thuật cơ điện tử
79292,GTA,cong-nghe-ky-thuat-co-dien-tu,D07,Điểm thi THPT,2022,23.5,Công nghệ kỹ thuật cơ điện tử
79293,GTA,cong-nghe-ky-thuat-co-dien-tu,A00,Điểm học bạ,2023,26.0,Công nghệ kỹ thuật cơ điện tử
79294,GTA,cong-nghe-ky-thuat-co-dien-tu,A01,Điểm học bạ,2023,26.0,Công nghệ kỹ thuật cơ điện tử
79295,GTA,cong-nghe-ky-thuat-co-dien-tu,D01,Điểm học bạ,2023,26.0,Công nghệ kỹ thuật cơ điện tử
79296,GTA,cong-nghe-ky-thuat-co-dien-tu,D07,Điểm học bạ,2023,26.0,Công nghệ kỹ thuật cơ điện tử
79297,GTA,cong-nghe-ky-thuat-co-dien-tu,A00,Điểm thi THPT,2023,23.09,Công nghệ kỹ thuật cơ điện tử
79298,GTA,cong-nghe-ky-thuat-co-dien-tu,A01,Điểm thi THPT,2023,23.09,Công nghệ kỹ thuật cơ điện tử
79299,GTA,cong-nghe-ky-thuat-co-dien-tu,D01,Điểm thi THPT,2023,23.09,Công nghệ kỹ thuật cơ điện tử
79300,GTA,cong-nghe-ky-thuat-co-dien-tu,D07,Điểm thi THPT,2023,23.09,Công nghệ kỹ thuật cơ điện tử
79301,GTA,cong-nghe-ky-thuat-co-dien-tu,A00,Điểm học bạ,2024,25.0,Công nghệ kỹ thuật cơ điện tử
79302,GTA,cong-nghe-ky-thuat-co-dien-tu,A01,Điểm học bạ,2024,25.0,Công nghệ kỹ thuật cơ điện tử
79303,GTA,cong-nghe-ky-thuat-co-dien-tu,D01,Điểm học bạ,2024,25.0,Công nghệ kỹ thuật cơ điện tử
79304,GTA,cong-nghe-ky-thuat-co-dien-tu,D07,Điểm học bạ,2024,25.0,Công nghệ kỹ thuật cơ điện tử
79305,GTA,cong-nghe-ky-thuat-co-dien-tu,A00,Điểm thi THPT,2024,23.37,Công nghệ kỹ thuật cơ điện tử
79306,GTA,cong-nghe-ky-thuat-co-dien-tu,A01,Điểm thi THPT,2024,23.37,Công nghệ kỹ thuật cơ điện tử
79307,GTA,cong-nghe-ky-thuat-co-dien-tu,D01,Điểm thi THPT,2024,23.37,Công nghệ kỹ thuật cơ điện tử
79308,GTA,cong-nghe-ky-thuat-co-dien-tu,D07,Điểm thi THPT,2024,23.37,Công nghệ kỹ thuật cơ điện tử
79309,GTA,cong-nghe-ky-thuat-co-dien-tu,A00,Điểm học bạ,2025,26.0,Công nghệ kỹ thuật cơ điện tử
79310,GTA,cong-nghe-ky-thuat-co-dien-tu,A01,Điểm học bạ,2025,26.0,Công nghệ kỹ thuật cơ điện tử
79311,GTA,cong-nghe-ky-thuat-co-dien-tu,C01,Điểm học bạ,2025,26.0,Công nghệ kỹ thuật cơ điện tử
79312,GTA,cong-nghe-ky-thuat-co-dien-tu,C02,Điểm học bạ,2025,26.0,Công nghệ kỹ thuật cơ điện tử
79313,GTA,cong-nghe-ky-thuat-co-dien-tu,D01,Điểm học bạ,2025,26.0,Công nghệ kỹ thuật cơ điện tử
79314,GTA,cong-nghe-ky-thuat-co-dien-tu,D07,Điểm học bạ,2025,26.0,Công nghệ kỹ thuật cơ điện tử
79315,GTA,cong-nghe-ky-thuat-co-dien-tu,X02,Điểm học bạ,2025,26.0,Công nghệ kỹ thuật cơ điện tử
79316,GTA,cong-nghe-ky-thuat-co-dien-tu,X03,Điểm học bạ,2025,26.0,Công nghệ kỹ thuật cơ điện tử
79317,GTA,cong-nghe-ky-thuat-co-dien-tu,X26,Điểm học bạ,2025,26.0,Công nghệ kỹ thuật cơ điện tử
79318,GTA,cong-nghe-ky-thuat-co-dien-tu,X27,Điểm học bạ,2025,26.0,Công nghệ kỹ thuật cơ điện tử
79319,GTA,cong-nghe-ky-thuat-co-dien-tu,A00,Điểm thi THPT,2025,23.0,Công nghệ kỹ thuật cơ điện tử
79320,GTA,cong-nghe-ky-thuat-co-dien-tu,A01,Điểm thi THPT,2025,23.0,Công nghệ kỹ thuật cơ điện tử
79321,GTA,cong-nghe-ky-thuat-co-dien-tu,C01,Điểm thi THPT,2025,23.0,Công nghệ kỹ thuật cơ điện tử
79322,GTA,cong-nghe-ky-thuat-co-dien-tu,C02,Điểm thi THPT,2025,23.0,Công nghệ kỹ thuật cơ điện tử
79323,GTA,cong-nghe-ky-thuat-co-dien-tu,D01,Điểm thi THPT,2025,23.0,Công nghệ kỹ thuật cơ điện tử
79324,GTA,cong-nghe-ky-thuat-co-dien-tu,D07,Điểm thi THPT,2025,23.0,Công nghệ kỹ thuật cơ điện tử
79325,GTA,cong-nghe-ky-thuat-co-dien-tu,X02,Điểm thi THPT,2025,23.0,Công nghệ kỹ thuật cơ điện tử
79326,GTA,cong-nghe-ky-thuat-co-dien-tu,X03,Điểm thi THPT,2025,23.0,Công nghệ kỹ thuật cơ điện tử
79327,GTA,cong-nghe-ky-thuat-co-dien-tu,X26,Điểm thi THPT,2025,23.0,Công nghệ kỹ thuật cơ điện tử
79328,GTA,cong-nghe-ky-thuat-co-dien-tu,X27,Điểm thi THPT,2025,23.0,Công nghệ kỹ thuật cơ điện tử
79329,GTA,cong-nghe-ky-thuat-co-dien-tu-tren-o-to,A00,Điểm học bạ,2022,25.0,Công nghệ kỹ thuật cơ điện tử trên ô tô
79330,GTA,cong-nghe-ky-thuat-co-dien-tu-tren-o-to,A01,Điểm học bạ,2022,25.0,Công nghệ kỹ thuật cơ điện tử trên ô tô
79331,GTA,cong-nghe-ky-thuat-co-dien-tu-tren-o-to,D01,Điểm học bạ,2022,25.0,Công nghệ kỹ thuật cơ điện tử trên ô tô
79332,GTA,cong-nghe-ky-thuat-co-dien-tu-tren-o-to,D07,Điểm học bạ,2022,25.0,Công nghệ kỹ thuật cơ điện tử trên ô tô
79333,GTA,cong-nghe-ky-thuat-co-dien-tu-tren-o-to,A00,Điểm thi THPT,2022,21.25,Công nghệ kỹ thuật cơ điện tử trên ô tô
79334,GTA,cong-nghe-ky-thuat-co-dien-tu-tren-o-to,A01,Điểm thi THPT,2022,21.25,Công nghệ kỹ thuật cơ điện tử trên ô tô
79335,GTA,cong-nghe-ky-thuat-co-dien-tu-tren-o-to,D01,Điểm thi THPT,2022,21.25,Công nghệ kỹ thuật cơ điện tử trên ô tô
79336,GTA,cong-nghe-ky-thuat-co-dien-tu-tren-o-to,D07,Điểm thi THPT,2022,21.25,Công nghệ kỹ thuật cơ điện tử trên ô tô
79337,GTA,cong-nghe-ky-thuat-co-dien-tu-tren-o-to,A00,Điểm học bạ,2023,26.0,Công nghệ kỹ thuật cơ điện tử trên ô tô
79338,GTA,cong-nghe-ky-thuat-co-dien-tu-tren-o-to,A01,Điểm học bạ,2023,26.0,Công nghệ kỹ thuật cơ điện tử trên ô tô
79339,GTA,cong-nghe-ky-thuat-co-dien-tu-tren-o-to,D01,Điểm học bạ,2023,26.0,Công nghệ kỹ thuật cơ điện tử trên ô tô
79340,GTA,cong-nghe-ky-thuat-co-dien-tu-tren-o-to,D07,Điểm học bạ,2023,26.0,Công nghệ kỹ thuật cơ điện tử trên ô tô
79341,GTA,cong-nghe-ky-thuat-co-dien-tu-tren-o-to,A00,Điểm thi THPT,2023,22.5,Công nghệ kỹ thuật cơ điện tử trên ô tô
79342,GTA,cong-nghe-ky-thuat-co-dien-tu-tren-o-to,A01,Điểm thi THPT,2023,22.5,Công nghệ kỹ thuật cơ điện tử trên ô tô
79343,GTA,cong-nghe-ky-thuat-co-dien-tu-tren-o-to,D01,Điểm thi THPT,2023,22.5,Công nghệ kỹ thuật cơ điện tử trên ô tô
79344,GTA,cong-nghe-ky-thuat-co-dien-tu-tren-o-to,D07,Điểm thi THPT,2023,22.5,Công nghệ kỹ thuật cơ điện tử trên ô tô
79345,GTA,cong-nghe-ky-thuat-co-dien-tu-tren-o-to,A00,Điểm học bạ,2024,25.0,Công nghệ kỹ thuật cơ điện tử trên ô tô
79346,GTA,cong-nghe-ky-thuat-co-dien-tu-tren-o-to,A01,Điểm học bạ,2024,25.0,Công nghệ kỹ thuật cơ điện tử trên ô tô
79347,GTA,cong-nghe-ky-thuat-co-dien-tu-tren-o-to,D01,Điểm học bạ,2024,25.0,Công nghệ kỹ thuật cơ điện tử trên ô tô
79348,GTA,cong-nghe-ky-thuat-co-dien-tu-tren-o-to,D07,Điểm học bạ,2024,25.0,Công nghệ kỹ thuật cơ điện tử trên ô tô
79349,GTA,cong-nghe-ky-thuat-co-dien-tu-tren-o-to,A00,Điểm thi THPT,2024,22.3,Công nghệ kỹ thuật cơ điện tử trên ô tô
79350,GTA,cong-nghe-ky-thuat-co-dien-tu-tren-o-to,A01,Điểm thi THPT,2024,22.3,Công nghệ kỹ thuật cơ điện tử trên ô tô
79351,GTA,cong-nghe-ky-thuat-co-dien-tu-tren-o-to,D01,Điểm thi THPT,2024,22.3,Công nghệ kỹ thuật cơ điện tử trên ô tô
79352,GTA,cong-nghe-ky-thuat-co-dien-tu-tren-o-to,D07,Điểm thi THPT,2024,22.3,Công nghệ kỹ thuật cơ điện tử trên ô tô
79353,GTA,cong-nghe-ky-thuat-co-khi,A00,Điểm thi THPT,2021,20.35,Công nghệ kỹ thuật Cơ khí
79354,GTA,cong-nghe-ky-thuat-co-khi,A01,Điểm thi THPT,2021,20.35,Công nghệ kỹ thuật Cơ khí
79355,GTA,cong-nghe-ky-thuat-co-khi,D01,Điểm thi THPT,2021,20.35,Công nghệ kỹ thuật Cơ khí
79356,GTA,cong-nghe-ky-thuat-co-khi,D07,Điểm thi THPT,2021,20.35,Công nghệ kỹ thuật Cơ khí
79357,GTA,cong-nghe-ky-thuat-co-khi,A00,Điểm học bạ,2023,22.0,Công nghệ kỹ thuật Cơ khí
79358,GTA,cong-nghe-ky-thuat-co-khi,A01,Điểm học bạ,2023,22.0,Công nghệ kỹ thuật Cơ khí
79359,GTA,cong-nghe-ky-thuat-co-khi,D01,Điểm học bạ,2023,22.0,Công nghệ kỹ thuật Cơ khí
79360,GTA,cong-nghe-ky-thuat-co-khi,D07,Điểm học bạ,2023,22.0,Công nghệ kỹ thuật Cơ khí
79361,GTA,cong-nghe-ky-thuat-co-khi,A00,Điểm thi THPT,2023,21.25,Công nghệ kỹ thuật Cơ khí
79362,GTA,cong-nghe-ky-thuat-co-khi,A01,Điểm thi THPT,2023,21.25,Công nghệ kỹ thuật Cơ khí
79363,GTA,cong-nghe-ky-thuat-co-khi,D01,Điểm thi THPT,2023,21.25,Công nghệ kỹ thuật Cơ khí
79364,GTA,cong-nghe-ky-thuat-co-khi,D07,Điểm thi THPT,2023,21.25,Công nghệ kỹ thuật Cơ khí
79365,GTA,cong-nghe-ky-thuat-co-khi,A00,Điểm học bạ,2024,22.0,Công nghệ kỹ thuật Cơ khí
79366,GTA,cong-nghe-ky-thuat-co-khi,A01,Điểm học bạ,2024,22.0,Công nghệ kỹ thuật Cơ khí
79367,GTA,cong-nghe-ky-thuat-co-khi,D01,Điểm học bạ,2024,22.0,Công nghệ kỹ thuật Cơ khí
79368,GTA,cong-nghe-ky-thuat-co-khi,D07,Điểm học bạ,2024,22.0,Công nghệ kỹ thuật Cơ khí
79369,GTA,cong-nghe-ky-thuat-co-khi,A00,Điểm thi THPT,2024,23.09,Công nghệ kỹ thuật Cơ khí
79370,GTA,cong-nghe-ky-thuat-co-khi,A01,Điểm thi THPT,2024,23.09,Công nghệ kỹ thuật Cơ khí
79371,GTA,cong-nghe-ky-thuat-co-khi,D01,Điểm thi THPT,2024,23.09,Công nghệ kỹ thuật Cơ khí
79372,GTA,cong-nghe-ky-thuat-co-khi,D07,Điểm thi THPT,2024,23.09,Công nghệ kỹ thuật Cơ khí
79373,GTA,cong-nghe-ky-thuat-cong-trinh-xay-dung,A00,Điểm thi THPT,2021,15.5,Công nghệ kỹ thuật Công trình xây dựng
79374,GTA,cong-nghe-ky-thuat-cong-trinh-xay-dung,A01,Điểm thi THPT,2021,15.5,Công nghệ kỹ thuật Công trình xây dựng
79375,GTA,cong-nghe-ky-thuat-cong-trinh-xay-dung,D01,Điểm thi THPT,2021,15.5,Công nghệ kỹ thuật Công trình xây dựng
79376,GTA,cong-nghe-ky-thuat-cong-trinh-xay-dung,D07,Điểm thi THPT,2021,15.5,Công nghệ kỹ thuật Công trình xây dựng
79377,GTA,cong-nghe-ky-thuat-dien-tu-vien-thong,A00,Điểm thi THPT,2021,23.0,Công nghệ kỹ thuật Điện tử - viễn thông
79378,GTA,cong-nghe-ky-thuat-dien-tu-vien-thong,A01,Điểm thi THPT,2021,23.0,Công nghệ kỹ thuật Điện tử - viễn thông
79379,GTA,cong-nghe-ky-thuat-dien-tu-vien-thong,D01,Điểm thi THPT,2021,23.0,Công nghệ kỹ thuật Điện tử - viễn thông
79380,GTA,cong-nghe-ky-thuat-dien-tu-vien-thong,D07,Điểm thi THPT,2021,23.0,Công nghệ kỹ thuật Điện tử - viễn thông
79381,GTA,cong-nghe-ky-thuat-dien-tu-vien-thong,A00,Điểm học bạ,2022,23.0,Công nghệ kỹ thuật Điện tử - viễn thông
79382,GTA,cong-nghe-ky-thuat-dien-tu-vien-thong,A01,Điểm học bạ,2022,23.0,Công nghệ kỹ thuật Điện tử - viễn thông
79383,GTA,cong-nghe-ky-thuat-dien-tu-vien-thong,D01,Điểm học bạ,2022,23.0,Công nghệ kỹ thuật Điện tử - viễn thông
79384,GTA,cong-nghe-ky-thuat-dien-tu-vien-thong,D07,Điểm học bạ,2022,23.0,Công nghệ kỹ thuật Điện tử - viễn thông
79385,GTA,cong-nghe-ky-thuat-dien-tu-vien-thong,A00,Điểm thi THPT,2022,23.8,Công nghệ kỹ thuật Điện tử - viễn thông
79386,GTA,cong-nghe-ky-thuat-dien-tu-vien-thong,A01,Điểm thi THPT,2022,23.8,Công nghệ kỹ thuật Điện tử - viễn thông
79387,GTA,cong-nghe-ky-thuat-dien-tu-vien-thong,D01,Điểm thi THPT,2022,23.8,Công nghệ kỹ thuật Điện tử - viễn thông
79388,GTA,cong-nghe-ky-thuat-dien-tu-vien-thong,D07,Điểm thi THPT,2022,23.8,Công nghệ kỹ thuật Điện tử - viễn thông
79389,GTA,cong-nghe-ky-thuat-dien-tu-vien-thong,A00,Điểm học bạ,2023,26.0,Công nghệ kỹ thuật điện tử – viễn thông
79390,GTA,cong-nghe-ky-thuat-dien-tu-vien-thong,A01,Điểm học bạ,2023,26.0,Công nghệ kỹ thuật điện tử – viễn thông
79391,GTA,cong-nghe-ky-thuat-dien-tu-vien-thong,D01,Điểm học bạ,2023,26.0,Công nghệ kỹ thuật điện tử – viễn thông
79392,GTA,cong-nghe-ky-thuat-dien-tu-vien-thong,D07,Điểm học bạ,2023,26.0,Công nghệ kỹ thuật điện tử – viễn thông
79393,GTA,cong-nghe-ky-thuat-dien-tu-vien-thong,A00,Điểm thi THPT,2023,22.7,Công nghệ kỹ thuật điện tử – viễn thông
79394,GTA,cong-nghe-ky-thuat-dien-tu-vien-thong,A01,Điểm thi THPT,2023,22.7,Công nghệ kỹ thuật điện tử – viễn thông
79395,GTA,cong-nghe-ky-thuat-dien-tu-vien-thong,D01,Điểm thi THPT,2023,22.7,Công nghệ kỹ thuật điện tử – viễn thông
79396,GTA,cong-nghe-ky-thuat-dien-tu-vien-thong,D07,Điểm thi THPT,2023,22.7,Công nghệ kỹ thuật điện tử – viễn thông
79397,GTA,cong-nghe-ky-thuat-dien-tu-vien-thong,A00,Điểm học bạ,2024,25.0,Công nghệ kỹ thuật điện tử - viễn thông
79398,GTA,cong-nghe-ky-thuat-dien-tu-vien-thong,A01,Điểm học bạ,2024,25.0,Công nghệ kỹ thuật điện tử - viễn thông
79399,GTA,cong-nghe-ky-thuat-dien-tu-vien-thong,D01,Điểm học bạ,2024,25.0,Công nghệ kỹ thuật điện tử - viễn thông
79400,GTA,cong-nghe-ky-thuat-dien-tu-vien-thong,D07,Điểm học bạ,2024,25.0,Công nghệ kỹ thuật điện tử - viễn thông
79401,GTA,cong-nghe-ky-thuat-dien-tu-vien-thong,A00,Điểm thi THPT,2024,22.9,Công nghệ kỹ thuật điện tử - viễn thông
79402,GTA,cong-nghe-ky-thuat-dien-tu-vien-thong,A01,Điểm thi THPT,2024,22.9,Công nghệ kỹ thuật điện tử - viễn thông
79403,GTA,cong-nghe-ky-thuat-dien-tu-vien-thong,D01,Điểm thi THPT,2024,22.9,Công nghệ kỹ thuật điện tử - viễn thông
79404,GTA,cong-nghe-ky-thuat-dien-tu-vien-thong,D07,Điểm thi THPT,2024,22.9,Công nghệ kỹ thuật điện tử - viễn thông
79405,GTA,cong-nghe-ky-thuat-dien-tu-vien-thong,A00,Điểm học bạ,2025,24.5,Công nghệ kỹ thuật điện tử - viễn thông
79406,GTA,cong-nghe-ky-thuat-dien-tu-vien-thong,A01,Điểm học bạ,2025,24.5,Công nghệ kỹ thuật điện tử - viễn thông
79407,GTA,cong-nghe-ky-thuat-dien-tu-vien-thong,C01,Điểm học bạ,2025,24.5,Công nghệ kỹ thuật điện tử - viễn thông
79408,GTA,cong-nghe-ky-thuat-dien-tu-vien-thong,C02,Điểm học bạ,2025,24.5,Công nghệ kỹ thuật điện tử - viễn thông
79409,GTA,cong-nghe-ky-thuat-dien-tu-vien-thong,D01,Điểm học bạ,2025,24.5,Công nghệ kỹ thuật điện tử - viễn thông
79410,GTA,cong-nghe-ky-thuat-dien-tu-vien-thong,D07,Điểm học bạ,2025,24.5,Công nghệ kỹ thuật điện tử - viễn thông
79411,GTA,cong-nghe-ky-thuat-dien-tu-vien-thong,X02,Điểm học bạ,2025,24.5,Công nghệ kỹ thuật điện tử - viễn thông
79412,GTA,cong-nghe-ky-thuat-dien-tu-vien-thong,X03,Điểm học bạ,2025,24.5,Công nghệ kỹ thuật điện tử - viễn thông
79413,GTA,cong-nghe-ky-thuat-dien-tu-vien-thong,X26,Điểm học bạ,2025,24.5,Công nghệ kỹ thuật điện tử - viễn thông
79414,GTA,cong-nghe-ky-thuat-dien-tu-vien-thong,X27,Điểm học bạ,2025,24.5,Công nghệ kỹ thuật điện tử - viễn thông
79415,GTA,cong-nghe-ky-thuat-dien-tu-vien-thong,A00,Điểm thi THPT,2025,21.5,Công nghệ kỹ thuật điện tử - viễn thông
79416,GTA,cong-nghe-ky-thuat-dien-tu-vien-thong,A01,Điểm thi THPT,2025,21.5,Công nghệ kỹ thuật điện tử - viễn thông
79417,GTA,cong-nghe-ky-thuat-dien-tu-vien-thong,C01,Điểm thi THPT,2025,21.5,Công nghệ kỹ thuật điện tử - viễn thông
79418,GTA,cong-nghe-ky-thuat-dien-tu-vien-thong,C02,Điểm thi THPT,2025,21.5,Công nghệ kỹ thuật điện tử - viễn thông
79419,GTA,cong-nghe-ky-thuat-dien-tu-vien-thong,D01,Điểm thi THPT,2025,21.5,Công nghệ kỹ thuật điện tử - viễn thông
79420,GTA,cong-nghe-ky-thuat-dien-tu-vien-thong,D07,Điểm thi THPT,2025,21.5,Công nghệ kỹ thuật điện tử - viễn thông
79421,GTA,cong-nghe-ky-thuat-dien-tu-vien-thong,X02,Điểm thi THPT,2025,21.5,Công nghệ kỹ thuật điện tử - viễn thông
79422,GTA,cong-nghe-ky-thuat-dien-tu-vien-thong,X03,Điểm thi THPT,2025,21.5,Công nghệ kỹ thuật điện tử - viễn thông
79423,GTA,cong-nghe-ky-thuat-dien-tu-vien-thong,X26,Điểm thi THPT,2025,21.5,Công nghệ kỹ thuật điện tử - viễn thông
79424,GTA,cong-nghe-ky-thuat-dien-tu-vien-thong,X27,Điểm thi THPT,2025,21.5,Công nghệ kỹ thuật điện tử - viễn thông
79425,GTA,cong-nghe-ky-thuat-giao-thong,A00,Điểm thi THPT,2021,15.5,Công nghệ kỹ thuật Giao thông
79426,GTA,cong-nghe-ky-thuat-giao-thong,A01,Điểm thi THPT,2021,15.5,Công nghệ kỹ thuật Giao thông
79427,GTA,cong-nghe-ky-thuat-giao-thong,D01,Điểm thi THPT,2021,15.5,Công nghệ kỹ thuật Giao thông
79428,GTA,cong-nghe-ky-thuat-giao-thong,D07,Điểm thi THPT,2021,15.5,Công nghệ kỹ thuật Giao thông
79429,GTA,cong-nghe-ky-thuat-may-xay-dung,A00,Điểm học bạ,2022,20.0,Công nghệ kỹ thuật Máy xây dựng
79430,GTA,cong-nghe-ky-thuat-may-xay-dung,A01,Điểm học bạ,2022,20.0,Công nghệ kỹ thuật Máy xây dựng
79431,GTA,cong-nghe-ky-thuat-may-xay-dung,D01,Điểm học bạ,2022,20.0,Công nghệ kỹ thuật Máy xây dựng
79432,GTA,cong-nghe-ky-thuat-may-xay-dung,D07,Điểm học bạ,2022,20.0,Công nghệ kỹ thuật Máy xây dựng
79433,GTA,cong-nghe-ky-thuat-may-xay-dung,A00,Điểm thi THPT,2022,16.95,Công nghệ kỹ thuật Máy xây dựng
79434,GTA,cong-nghe-ky-thuat-may-xay-dung,A01,Điểm thi THPT,2022,16.95,Công nghệ kỹ thuật Máy xây dựng
79435,GTA,cong-nghe-ky-thuat-may-xay-dung,D01,Điểm thi THPT,2022,16.95,Công nghệ kỹ thuật Máy xây dựng
79436,GTA,cong-nghe-ky-thuat-may-xay-dung,D07,Điểm thi THPT,2022,16.95,Công nghệ kỹ thuật Máy xây dựng
79437,GTA,cong-nghe-ky-thuat-moi-truong,A00,Điểm thi THPT,2021,15.5,Công nghệ kỹ thuật Môi trường
79438,GTA,cong-nghe-ky-thuat-moi-truong,A01,Điểm thi THPT,2021,15.5,Công nghệ kỹ thuật Môi trường
79439,GTA,cong-nghe-ky-thuat-moi-truong,B00,Điểm thi THPT,2021,15.5,Công nghệ kỹ thuật Môi trường
79440,GTA,cong-nghe-ky-thuat-moi-truong,D07,Điểm thi THPT,2021,15.5,Công nghệ kỹ thuật Môi trường
79441,GTA,cong-nghe-ky-thuat-o-to,A00,Điểm thi THPT,2021,24.05,Công nghệ kỹ thuật Ô tô
79442,GTA,cong-nghe-ky-thuat-o-to,A01,Điểm thi THPT,2021,24.05,Công nghệ kỹ thuật Ô tô
79443,GTA,cong-nghe-ky-thuat-o-to,D01,Điểm thi THPT,2021,24.05,Công nghệ kỹ thuật Ô tô
79444,GTA,cong-nghe-ky-thuat-o-to,D07,Điểm thi THPT,2021,24.05,Công nghệ kỹ thuật Ô tô
79445,GTA,cong-nghe-ky-thuat-o-to,A00,Điểm học bạ,2022,19.0,Công nghệ kỹ thuật Ô tô (học tại Vĩnh Phúc)
79446,GTA,cong-nghe-ky-thuat-o-to,A01,Điểm học bạ,2022,19.0,Công nghệ kỹ thuật Ô tô (học tại Vĩnh Phúc)
79447,GTA,cong-nghe-ky-thuat-o-to,D01,Điểm học bạ,2022,19.0,Công nghệ kỹ thuật Ô tô (học tại Vĩnh Phúc)
79448,GTA,cong-nghe-ky-thuat-o-to,D07,Điểm học bạ,2022,19.0,Công nghệ kỹ thuật Ô tô (học tại Vĩnh Phúc)
79449,GTA,cong-nghe-ky-thuat-o-to,A00,Điểm thi THPT,2022,20.0,Công nghệ kỹ thuật Ô tô (học tại Vĩnh Phúc)
79450,GTA,cong-nghe-ky-thuat-o-to,A01,Điểm thi THPT,2022,20.0,Công nghệ kỹ thuật Ô tô (học tại Vĩnh Phúc)
79451,GTA,cong-nghe-ky-thuat-o-to,D01,Điểm thi THPT,2022,20.0,Công nghệ kỹ thuật Ô tô (học tại Vĩnh Phúc)
79452,GTA,cong-nghe-ky-thuat-o-to,D07,Điểm thi THPT,2022,20.0,Công nghệ kỹ thuật Ô tô (học tại Vĩnh Phúc)
79453,GTA,cong-nghe-ky-thuat-o-to,A00,Điểm học bạ,2023,20.0,Công nghệ kỹ thuật Ô tô (học tại Vĩnh Phúc)
79454,GTA,cong-nghe-ky-thuat-o-to,A01,Điểm học bạ,2023,20.0,Công nghệ kỹ thuật Ô tô (học tại Vĩnh Phúc)
79455,GTA,cong-nghe-ky-thuat-o-to,D01,Điểm học bạ,2023,20.0,Công nghệ kỹ thuật Ô tô (học tại Vĩnh Phúc)
79456,GTA,cong-nghe-ky-thuat-o-to,D07,Điểm học bạ,2023,20.0,Công nghệ kỹ thuật Ô tô (học tại Vĩnh Phúc)
79457,GTA,cong-nghe-ky-thuat-o-to,A00,Điểm thi THPT,2023,20.85,Công nghệ kỹ thuật Ô tô (học tại Vĩnh Phúc)
79458,GTA,cong-nghe-ky-thuat-o-to,A01,Điểm thi THPT,2023,20.85,Công nghệ kỹ thuật Ô tô (học tại Vĩnh Phúc)
79459,GTA,cong-nghe-ky-thuat-o-to,D01,Điểm thi THPT,2023,20.85,Công nghệ kỹ thuật Ô tô (học tại Vĩnh Phúc)
79460,GTA,cong-nghe-ky-thuat-o-to,D07,Điểm thi THPT,2023,20.85,Công nghệ kỹ thuật Ô tô (học tại Vĩnh Phúc)
79461,GTA,cong-nghe-ky-thuat-o-to,A00,Điểm học bạ,2024,18.0,Công nghệ kỹ thuật Ô tô (học tại Vĩnh Phúc)
79462,GTA,cong-nghe-ky-thuat-o-to,A01,Điểm học bạ,2024,18.0,Công nghệ kỹ thuật Ô tô (học tại Vĩnh Phúc)
79463,GTA,cong-nghe-ky-thuat-o-to,D01,Điểm học bạ,2024,18.0,Công nghệ kỹ thuật Ô tô (học tại Vĩnh Phúc)
79464,GTA,cong-nghe-ky-thuat-o-to,D07,Điểm học bạ,2024,18.0,Công nghệ kỹ thuật Ô tô (học tại Vĩnh Phúc)
79465,GTA,cong-nghe-ky-thuat-o-to,A00,Điểm thi THPT,2024,23.28,Công nghệ kỹ thuật ô tô
79466,GTA,cong-nghe-ky-thuat-o-to,A01,Điểm thi THPT,2024,23.28,Công nghệ kỹ thuật ô tô
79467,GTA,cong-nghe-ky-thuat-o-to,D01,Điểm thi THPT,2024,23.28,Công nghệ kỹ thuật ô tô
79468,GTA,cong-nghe-ky-thuat-o-to,D07,Điểm thi THPT,2024,23.28,Công nghệ kỹ thuật ô tô
79469,GTA,cong-nghe-ky-thuat-o-to,A00,Điểm học bạ,2025,18.0,Công nghệ kỹ thuật ô tô (học tại Vĩnh Phúc)
79470,GTA,cong-nghe-ky-thuat-o-to,A01,Điểm học bạ,2025,18.0,Công nghệ kỹ thuật ô tô (học tại Vĩnh Phúc)
79471,GTA,cong-nghe-ky-thuat-o-to,C01,Điểm học bạ,2025,18.0,Công nghệ kỹ thuật ô tô (học tại Vĩnh Phúc)
79472,GTA,cong-nghe-ky-thuat-o-to,C02,Điểm học bạ,2025,18.0,Công nghệ kỹ thuật ô tô (học tại Vĩnh Phúc)
79473,GTA,cong-nghe-ky-thuat-o-to,D01,Điểm học bạ,2025,18.0,Công nghệ kỹ thuật ô tô (học tại Vĩnh Phúc)
79474,GTA,cong-nghe-ky-thuat-o-to,D07,Điểm học bạ,2025,18.0,Công nghệ kỹ thuật ô tô (học tại Vĩnh Phúc)
79475,GTA,cong-nghe-ky-thuat-o-to,X02,Điểm học bạ,2025,18.0,Công nghệ kỹ thuật ô tô (học tại Vĩnh Phúc)
79476,GTA,cong-nghe-ky-thuat-o-to,X03,Điểm học bạ,2025,18.0,Công nghệ kỹ thuật ô tô (học tại Vĩnh Phúc)
79477,GTA,cong-nghe-ky-thuat-o-to,X26,Điểm học bạ,2025,18.0,Công nghệ kỹ thuật ô tô (học tại Vĩnh Phúc)
79478,GTA,cong-nghe-ky-thuat-o-to,X27,Điểm học bạ,2025,18.0,Công nghệ kỹ thuật ô tô (học tại Vĩnh Phúc)
79479,GTA,cong-nghe-ky-thuat-o-to,A00,Điểm thi THPT,2025,16.0,Công nghệ kỹ thuật ô tô (học tại Vĩnh Phúc)
79480,GTA,cong-nghe-ky-thuat-o-to,A01,Điểm thi THPT,2025,16.0,Công nghệ kỹ thuật ô tô (học tại Vĩnh Phúc)
79481,GTA,cong-nghe-ky-thuat-o-to,C01,Điểm thi THPT,2025,16.0,Công nghệ kỹ thuật ô tô (học tại Vĩnh Phúc)
79482,GTA,cong-nghe-ky-thuat-o-to,C02,Điểm thi THPT,2025,16.0,Công nghệ kỹ thuật ô tô (học tại Vĩnh Phúc)
79483,GTA,cong-nghe-ky-thuat-o-to,D01,Điểm thi THPT,2025,16.0,Công nghệ kỹ thuật ô tô (học tại Vĩnh Phúc)
79484,GTA,cong-nghe-ky-thuat-o-to,D07,Điểm thi THPT,2025,16.0,Công nghệ kỹ thuật ô tô (học tại Vĩnh Phúc)
79485,GTA,cong-nghe-ky-thuat-o-to,X02,Điểm thi THPT,2025,16.0,Công nghệ kỹ thuật ô tô (học tại Vĩnh Phúc)
79486,GTA,cong-nghe-ky-thuat-o-to,X03,Điểm thi THPT,2025,16.0,Công nghệ kỹ thuật ô tô (học tại Vĩnh Phúc)
79487,GTA,cong-nghe-ky-thuat-o-to,X26,Điểm thi THPT,2025,16.0,Công nghệ kỹ thuật ô tô (học tại Vĩnh Phúc)
79488,GTA,cong-nghe-ky-thuat-o-to,X27,Điểm thi THPT,2025,16.0,Công nghệ kỹ thuật ô tô (học tại Vĩnh Phúc)
79489,GTA,cong-nghe-ky-thuat-o-to-va-giao-thong-thong-minh,A00,Điểm học bạ,2024,24.0,Công nghệ kỹ thuật ô tô và giao thông thông minh
79490,GTA,cong-nghe-ky-thuat-o-to-va-giao-thong-thong-minh,A01,Điểm học bạ,2024,24.0,Công nghệ kỹ thuật ô tô và giao thông thông minh
79491,GTA,cong-nghe-ky-thuat-o-to-va-giao-thong-thong-minh,D01,Điểm học bạ,2024,24.0,Công nghệ kỹ thuật ô tô và giao thông thông minh
79492,GTA,cong-nghe-ky-thuat-o-to-va-giao-thong-thong-minh,D07,Điểm học bạ,2024,24.0,Công nghệ kỹ thuật ô tô và giao thông thông minh
79493,GTA,cong-nghe-ky-thuat-o-to-va-giao-thong-thong-minh,A00,Điểm thi THPT,2024,22.65,Công nghệ kỹ thuật ô tô và giao thông thông minh
79494,GTA,cong-nghe-ky-thuat-o-to-va-giao-thong-thong-minh,A01,Điểm thi THPT,2024,22.65,Công nghệ kỹ thuật ô tô và giao thông thông minh
79495,GTA,cong-nghe-ky-thuat-o-to-va-giao-thong-thong-minh,D01,Điểm thi THPT,2024,22.65,Công nghệ kỹ thuật ô tô và giao thông thông minh
79496,GTA,cong-nghe-ky-thuat-o-to-va-giao-thong-thong-minh,D07,Điểm thi THPT,2024,22.65,Công nghệ kỹ thuật ô tô và giao thông thông minh
79497,GTA,cong-nghe-ky-thuat-robot-va-tri-tue-nhan-tao,A00,Điểm học bạ,2025,23.0,Công nghệ kỹ thuật Robot và Trí tuệ nhân tạo
79498,GTA,cong-nghe-ky-thuat-robot-va-tri-tue-nhan-tao,A01,Điểm học bạ,2025,23.0,Công nghệ kỹ thuật Robot và Trí tuệ nhân tạo
79499,GTA,cong-nghe-ky-thuat-robot-va-tri-tue-nhan-tao,C01,Điểm học bạ,2025,23.0,Công nghệ kỹ thuật Robot và Trí tuệ nhân tạo
79500,GTA,cong-nghe-ky-thuat-robot-va-tri-tue-nhan-tao,C02,Điểm học bạ,2025,23.0,Công nghệ kỹ thuật Robot và Trí tuệ nhân tạo
79501,GTA,cong-nghe-ky-thuat-robot-va-tri-tue-nhan-tao,D01,Điểm học bạ,2025,23.0,Công nghệ kỹ thuật Robot và Trí tuệ nhân tạo
79502,GTA,cong-nghe-ky-thuat-robot-va-tri-tue-nhan-tao,D07,Điểm học bạ,2025,23.0,Công nghệ kỹ thuật Robot và Trí tuệ nhân tạo
79503,GTA,cong-nghe-ky-thuat-robot-va-tri-tue-nhan-tao,X02,Điểm học bạ,2025,23.0,Công nghệ kỹ thuật Robot và Trí tuệ nhân tạo
79504,GTA,cong-nghe-ky-thuat-robot-va-tri-tue-nhan-tao,X03,Điểm học bạ,2025,23.0,Công nghệ kỹ thuật Robot và Trí tuệ nhân tạo
79505,GTA,cong-nghe-ky-thuat-robot-va-tri-tue-nhan-tao,X26,Điểm học bạ,2025,23.0,Công nghệ kỹ thuật Robot và Trí tuệ nhân tạo
79506,GTA,cong-nghe-ky-thuat-robot-va-tri-tue-nhan-tao,X27,Điểm học bạ,2025,23.0,Công nghệ kỹ thuật Robot và Trí tuệ nhân tạo
79507,GTA,cong-nghe-ky-thuat-robot-va-tri-tue-nhan-tao,A00,Điểm thi THPT,2025,20.0,Công nghệ kỹ thuật Robot và Trí tuệ nhân tạo
79508,GTA,cong-nghe-ky-thuat-robot-va-tri-tue-nhan-tao,A01,Điểm thi THPT,2025,20.0,Công nghệ kỹ thuật Robot và Trí tuệ nhân tạo
79509,GTA,cong-nghe-ky-thuat-robot-va-tri-tue-nhan-tao,C01,Điểm thi THPT,2025,20.0,Công nghệ kỹ thuật Robot và Trí tuệ nhân tạo
79510,GTA,cong-nghe-ky-thuat-robot-va-tri-tue-nhan-tao,C02,Điểm thi THPT,2025,20.0,Công nghệ kỹ thuật Robot và Trí tuệ nhân tạo
79511,GTA,cong-nghe-ky-thuat-robot-va-tri-tue-nhan-tao,D01,Điểm thi THPT,2025,20.0,Công nghệ kỹ thuật Robot và Trí tuệ nhân tạo
79512,GTA,cong-nghe-ky-thuat-robot-va-tri-tue-nhan-tao,D07,Điểm thi THPT,2025,20.0,Công nghệ kỹ thuật Robot và Trí tuệ nhân tạo
79513,GTA,cong-nghe-ky-thuat-robot-va-tri-tue-nhan-tao,X02,Điểm thi THPT,2025,20.0,Công nghệ kỹ thuật Robot và Trí tuệ nhân tạo
79514,GTA,cong-nghe-ky-thuat-robot-va-tri-tue-nhan-tao,X03,Điểm thi THPT,2025,20.0,Công nghệ kỹ thuật Robot và Trí tuệ nhân tạo
79515,GTA,cong-nghe-ky-thuat-robot-va-tri-tue-nhan-tao,X26,Điểm thi THPT,2025,20.0,Công nghệ kỹ thuật Robot và Trí tuệ nhân tạo
79516,GTA,cong-nghe-ky-thuat-robot-va-tri-tue-nhan-tao,X27,Điểm thi THPT,2025,20.0,Công nghệ kỹ thuật Robot và Trí tuệ nhân tạo
79517,GTA,cong-nghe-ky-thuat-tau-thuy-va-thiet-bi-noi,A00,Điểm học bạ,2022,20.0,Công nghệ kỹ thuật Tàu thủy và thiết bị nổi
79518,GTA,cong-nghe-ky-thuat-tau-thuy-va-thiet-bi-noi,A01,Điểm học bạ,2022,20.0,Công nghệ kỹ thuật Tàu thủy và thiết bị nổi
79519,GTA,cong-nghe-ky-thuat-tau-thuy-va-thiet-bi-noi,D01,Điểm học bạ,2022,20.0,Công nghệ kỹ thuật Tàu thủy và thiết bị nổi
79520,GTA,cong-nghe-ky-thuat-tau-thuy-va-thiet-bi-noi,D07,Điểm học bạ,2022,20.0,Công nghệ kỹ thuật Tàu thủy và thiết bị nổi
79521,GTA,cong-nghe-ky-thuat-tau-thuy-va-thiet-bi-noi,A00,Điểm thi THPT,2022,16.3,Công nghệ kỹ thuật Tàu thủy và thiết bị nổi
79522,GTA,cong-nghe-ky-thuat-tau-thuy-va-thiet-bi-noi,A01,Điểm thi THPT,2022,16.3,Công nghệ kỹ thuật Tàu thủy và thiết bị nổi
79523,GTA,cong-nghe-ky-thuat-tau-thuy-va-thiet-bi-noi,D01,Điểm thi THPT,2022,16.3,Công nghệ kỹ thuật Tàu thủy và thiết bị nổi
79524,GTA,cong-nghe-ky-thuat-tau-thuy-va-thiet-bi-noi,D07,Điểm thi THPT,2022,16.3,Công nghệ kỹ thuật Tàu thủy và thiết bị nổi
79525,GTA,cong-nghe-ky-thuat-vi-mach-ban-dan,A00,Điểm học bạ,2024,25.0,Công nghệ kỹ thuật vi mạch bán dẫn
79526,GTA,cong-nghe-ky-thuat-vi-mach-ban-dan,A01,Điểm học bạ,2024,25.0,Công nghệ kỹ thuật vi mạch bán dẫn
79527,GTA,cong-nghe-ky-thuat-vi-mach-ban-dan,D01,Điểm học bạ,2024,25.0,Công nghệ kỹ thuật vi mạch bán dẫn
79528,GTA,cong-nghe-ky-thuat-vi-mach-ban-dan,D07,Điểm học bạ,2024,25.0,Công nghệ kỹ thuật vi mạch bán dẫn
79529,GTA,cong-nghe-ky-thuat-vi-mach-ban-dan,A00,Điểm thi THPT,2024,23.28,Công nghệ kỹ thuật vi mạch bán dẫn
79530,GTA,cong-nghe-ky-thuat-vi-mach-ban-dan,A01,Điểm thi THPT,2024,23.28,Công nghệ kỹ thuật vi mạch bán dẫn
79531,GTA,cong-nghe-ky-thuat-vi-mach-ban-dan,D01,Điểm thi THPT,2024,23.28,Công nghệ kỹ thuật vi mạch bán dẫn
79532,GTA,cong-nghe-ky-thuat-vi-mach-ban-dan,D07,Điểm thi THPT,2024,23.28,Công nghệ kỹ thuật vi mạch bán dẫn
79533,GTA,cong-nghe-ky-thuat-vi-mach-ban-dan,A00,Điểm học bạ,2025,27.0,Công nghệ kỹ thuật vi mạch bán dẫn
79534,GTA,cong-nghe-ky-thuat-vi-mach-ban-dan,A01,Điểm học bạ,2025,27.0,Công nghệ kỹ thuật vi mạch bán dẫn
79535,GTA,cong-nghe-ky-thuat-vi-mach-ban-dan,C01,Điểm học bạ,2025,27.0,Công nghệ kỹ thuật vi mạch bán dẫn
79536,GTA,cong-nghe-ky-thuat-vi-mach-ban-dan,C02,Điểm học bạ,2025,27.0,Công nghệ kỹ thuật vi mạch bán dẫn
79537,GTA,cong-nghe-ky-thuat-vi-mach-ban-dan,D01,Điểm học bạ,2025,27.0,Công nghệ kỹ thuật vi mạch bán dẫn
79538,GTA,cong-nghe-ky-thuat-vi-mach-ban-dan,D07,Điểm học bạ,2025,27.0,Công nghệ kỹ thuật vi mạch bán dẫn
79539,GTA,cong-nghe-ky-thuat-vi-mach-ban-dan,X02,Điểm học bạ,2025,27.0,Công nghệ kỹ thuật vi mạch bán dẫn
79540,GTA,cong-nghe-ky-thuat-vi-mach-ban-dan,X03,Điểm học bạ,2025,27.0,Công nghệ kỹ thuật vi mạch bán dẫn
79541,GTA,cong-nghe-ky-thuat-vi-mach-ban-dan,X26,Điểm học bạ,2025,27.0,Công nghệ kỹ thuật vi mạch bán dẫn
79542,GTA,cong-nghe-ky-thuat-vi-mach-ban-dan,X27,Điểm học bạ,2025,27.0,Công nghệ kỹ thuật vi mạch bán dẫn
79543,GTA,cong-nghe-ky-thuat-vi-mach-ban-dan,A00,Điểm thi THPT,2025,24.0,Công nghệ kỹ thuật vi mạch bán dẫn
79544,GTA,cong-nghe-ky-thuat-vi-mach-ban-dan,A01,Điểm thi THPT,2025,24.0,Công nghệ kỹ thuật vi mạch bán dẫn
79545,GTA,cong-nghe-ky-thuat-vi-mach-ban-dan,C01,Điểm thi THPT,2025,24.0,Công nghệ kỹ thuật vi mạch bán dẫn
79546,GTA,cong-nghe-ky-thuat-vi-mach-ban-dan,C02,Điểm thi THPT,2025,24.0,Công nghệ kỹ thuật vi mạch bán dẫn
79547,GTA,cong-nghe-ky-thuat-vi-mach-ban-dan,D01,Điểm thi THPT,2025,24.0,Công nghệ kỹ thuật vi mạch bán dẫn
79548,GTA,cong-nghe-ky-thuat-vi-mach-ban-dan,D07,Điểm thi THPT,2025,24.0,Công nghệ kỹ thuật vi mạch bán dẫn
79549,GTA,cong-nghe-ky-thuat-vi-mach-ban-dan,X02,Điểm thi THPT,2025,24.0,Công nghệ kỹ thuật vi mạch bán dẫn
79550,GTA,cong-nghe-ky-thuat-vi-mach-ban-dan,X03,Điểm thi THPT,2025,24.0,Công nghệ kỹ thuật vi mạch bán dẫn
79551,GTA,cong-nghe-ky-thuat-vi-mach-ban-dan,X26,Điểm thi THPT,2025,24.0,Công nghệ kỹ thuật vi mạch bán dẫn
79552,GTA,cong-nghe-ky-thuat-vi-mach-ban-dan,X27,Điểm thi THPT,2025,24.0,Công nghệ kỹ thuật vi mạch bán dẫn
79553,GTA,cong-nghe-ky-thuat-xay-dung-cau-duong-bo,A00,Điểm học bạ,2024,20.0,"Công nghệ kỹ thuật xây dựng Cầu đường bộ (tăng cường tiếng Nhật, định hướng thực tập và làm việc tại Nhật Bản)"
79554,GTA,cong-nghe-ky-thuat-xay-dung-cau-duong-bo,A01,Điểm học bạ,2024,20.0,"Công nghệ kỹ thuật xây dựng Cầu đường bộ (tăng cường tiếng Nhật, định hướng thực tập và làm việc tại Nhật Bản)"
79555,GTA,cong-nghe-ky-thuat-xay-dung-cau-duong-bo,D01,Điểm học bạ,2024,20.0,"Công nghệ kỹ thuật xây dựng Cầu đường bộ (tăng cường tiếng Nhật, định hướng thực tập và làm việc tại Nhật Bản)"
79556,GTA,cong-nghe-ky-thuat-xay-dung-cau-duong-bo,D07,Điểm học bạ,2024,20.0,"Công nghệ kỹ thuật xây dựng Cầu đường bộ (tăng cường tiếng Nhật, định hướng thực tập và làm việc tại Nhật Bản)"
79557,GTA,cong-nghe-ky-thuat-xay-dung-cau-duong-bo,A00,Điểm thi THPT,2024,16.0,"Công nghệ kỹ thuật xây dựng Cầu đường bộ (tăng cường tiếng Nhật, định hướng thực tập và làm việc tại Nhật Bản)"
79558,GTA,cong-nghe-ky-thuat-xay-dung-cau-duong-bo,A01,Điểm thi THPT,2024,16.0,"Công nghệ kỹ thuật xây dựng Cầu đường bộ (tăng cường tiếng Nhật, định hướng thực tập và làm việc tại Nhật Bản)"
79559,GTA,cong-nghe-ky-thuat-xay-dung-cau-duong-bo,D01,Điểm thi THPT,2024,16.0,"Công nghệ kỹ thuật xây dựng Cầu đường bộ (tăng cường tiếng Nhật, định hướng thực tập và làm việc tại Nhật Bản)"
79560,GTA,cong-nghe-ky-thuat-xay-dung-cau-duong-bo,D07,Điểm thi THPT,2024,16.0,"Công nghệ kỹ thuật xây dựng Cầu đường bộ (tăng cường tiếng Nhật, định hướng thực tập và làm việc tại Nhật Bản)"
79561,GTA,cong-nghe-ky-thuat-xay-dung-cau-duong-bo,A00,Điểm học bạ,2025,18.0,Công nghệ kỹ thuật xây dựng Cầu đường bộ
79562,GTA,cong-nghe-ky-thuat-xay-dung-cau-duong-bo,A01,Điểm học bạ,2025,18.0,Công nghệ kỹ thuật xây dựng Cầu đường bộ
79563,GTA,cong-nghe-ky-thuat-xay-dung-cau-duong-bo,C01,Điểm học bạ,2025,18.0,Công nghệ kỹ thuật xây dựng Cầu đường bộ
79564,GTA,cong-nghe-ky-thuat-xay-dung-cau-duong-bo,C02,Điểm học bạ,2025,18.0,Công nghệ kỹ thuật xây dựng Cầu đường bộ
79565,GTA,cong-nghe-ky-thuat-xay-dung-cau-duong-bo,D01,Điểm học bạ,2025,18.0,Công nghệ kỹ thuật xây dựng Cầu đường bộ
79566,GTA,cong-nghe-ky-thuat-xay-dung-cau-duong-bo,D07,Điểm học bạ,2025,18.0,Công nghệ kỹ thuật xây dựng Cầu đường bộ
79567,GTA,cong-nghe-ky-thuat-xay-dung-cau-duong-bo,X02,Điểm học bạ,2025,18.0,Công nghệ kỹ thuật xây dựng Cầu đường bộ
79568,GTA,cong-nghe-ky-thuat-xay-dung-cau-duong-bo,X03,Điểm học bạ,2025,18.0,Công nghệ kỹ thuật xây dựng Cầu đường bộ
79569,GTA,cong-nghe-ky-thuat-xay-dung-cau-duong-bo,X26,Điểm học bạ,2025,18.0,Công nghệ kỹ thuật xây dựng Cầu đường bộ
79570,GTA,cong-nghe-ky-thuat-xay-dung-cau-duong-bo,X27,Điểm học bạ,2025,18.0,Công nghệ kỹ thuật xây dựng Cầu đường bộ
79571,GTA,cong-nghe-ky-thuat-xay-dung-cau-duong-bo,A00,Điểm thi THPT,2025,16.0,Công nghệ kỹ thuật xây dựng Cầu đường bộ
79572,GTA,cong-nghe-ky-thuat-xay-dung-cau-duong-bo,A01,Điểm thi THPT,2025,16.0,Công nghệ kỹ thuật xây dựng Cầu đường bộ
79573,GTA,cong-nghe-ky-thuat-xay-dung-cau-duong-bo,C01,Điểm thi THPT,2025,16.0,Công nghệ kỹ thuật xây dựng Cầu đường bộ
79574,GTA,cong-nghe-ky-thuat-xay-dung-cau-duong-bo,C02,Điểm thi THPT,2025,16.0,Công nghệ kỹ thuật xây dựng Cầu đường bộ
79575,GTA,cong-nghe-ky-thuat-xay-dung-cau-duong-bo,D01,Điểm thi THPT,2025,16.0,Công nghệ kỹ thuật xây dựng Cầu đường bộ
79576,GTA,cong-nghe-ky-thuat-xay-dung-cau-duong-bo,D07,Điểm thi THPT,2025,16.0,Công nghệ kỹ thuật xây dựng Cầu đường bộ
79577,GTA,cong-nghe-ky-thuat-xay-dung-cau-duong-bo,X02,Điểm thi THPT,2025,16.0,Công nghệ kỹ thuật xây dựng Cầu đường bộ
79578,GTA,cong-nghe-ky-thuat-xay-dung-cau-duong-bo,X03,Điểm thi THPT,2025,16.0,Công nghệ kỹ thuật xây dựng Cầu đường bộ
79579,GTA,cong-nghe-ky-thuat-xay-dung-cau-duong-bo,X26,Điểm thi THPT,2025,16.0,Công nghệ kỹ thuật xây dựng Cầu đường bộ
79580,GTA,cong-nghe-ky-thuat-xay-dung-cau-duong-bo,X27,Điểm thi THPT,2025,16.0,Công nghệ kỹ thuật xây dựng Cầu đường bộ
79581,GTA,cong-nghe-ky-thuat-xd-cau-duong-bo,A00,Điểm học bạ,2022,19.0,Công nghệ kỹ thuật XD Cầu đường bộ (học tại Vĩnh Phúc)
79582,GTA,cong-nghe-ky-thuat-xd-cau-duong-bo,A01,Điểm học bạ,2022,19.0,Công nghệ kỹ thuật XD Cầu đường bộ (học tại Vĩnh Phúc)
79583,GTA,cong-nghe-ky-thuat-xd-cau-duong-bo,D01,Điểm học bạ,2022,19.0,Công nghệ kỹ thuật XD Cầu đường bộ (học tại Vĩnh Phúc)
79584,GTA,cong-nghe-ky-thuat-xd-cau-duong-bo,D07,Điểm học bạ,2022,19.0,Công nghệ kỹ thuật XD Cầu đường bộ (học tại Vĩnh Phúc)
79585,GTA,cong-nghe-ky-thuat-xd-cau-duong-bo,A00,Điểm thi THPT,2022,16.0,Công nghệ kỹ thuật XD Cầu đường bộ (học tại Vĩnh Phúc)
79586,GTA,cong-nghe-ky-thuat-xd-cau-duong-bo,A01,Điểm thi THPT,2022,16.0,Công nghệ kỹ thuật XD Cầu đường bộ (học tại Vĩnh Phúc)
79587,GTA,cong-nghe-ky-thuat-xd-cau-duong-bo,D01,Điểm thi THPT,2022,16.0,Công nghệ kỹ thuật XD Cầu đường bộ (học tại Vĩnh Phúc)
79588,GTA,cong-nghe-ky-thuat-xd-cau-duong-bo,D07,Điểm thi THPT,2022,16.0,Công nghệ kỹ thuật XD Cầu đường bộ (học tại Vĩnh Phúc)
79589,GTA,cong-nghe-ky-thuat-xd-cau-duong-bo,A00,Điểm học bạ,2023,20.0,Công nghệ kỹ thuật XD Cầu đường bộ
79590,GTA,cong-nghe-ky-thuat-xd-cau-duong-bo,A01,Điểm học bạ,2023,20.0,Công nghệ kỹ thuật XD Cầu đường bộ
79591,GTA,cong-nghe-ky-thuat-xd-cau-duong-bo,D01,Điểm học bạ,2023,20.0,Công nghệ kỹ thuật XD Cầu đường bộ
79592,GTA,cong-nghe-ky-thuat-xd-cau-duong-bo,D07,Điểm học bạ,2023,20.0,Công nghệ kỹ thuật XD Cầu đường bộ
79593,GTA,cong-nghe-ky-thuat-xd-cau-duong-bo,A00,Điểm thi THPT,2023,16.0,Công nghệ kỹ thuật XD Cầu đường bộ
79594,GTA,cong-nghe-ky-thuat-xd-cau-duong-bo,A01,Điểm thi THPT,2023,16.0,Công nghệ kỹ thuật XD Cầu đường bộ
79595,GTA,cong-nghe-ky-thuat-xd-cau-duong-bo,D01,Điểm thi THPT,2023,16.0,Công nghệ kỹ thuật XD Cầu đường bộ
79596,GTA,cong-nghe-ky-thuat-xd-cau-duong-bo,D07,Điểm thi THPT,2023,16.0,Công nghệ kỹ thuật XD Cầu đường bộ
79597,GTA,cong-nghe-ky-thuat-xd-cau-duong-bo,A00,Điểm học bạ,2024,20.0,Công nghệ kỹ thuật XD Cầu đường bộ
79598,GTA,cong-nghe-ky-thuat-xd-cau-duong-bo,A01,Điểm học bạ,2024,20.0,Công nghệ kỹ thuật XD Cầu đường bộ
79599,GTA,cong-nghe-ky-thuat-xd-cau-duong-bo,D01,Điểm học bạ,2024,20.0,Công nghệ kỹ thuật XD Cầu đường bộ
79600,GTA,cong-nghe-ky-thuat-xd-cau-duong-bo,D07,Điểm học bạ,2024,20.0,Công nghệ kỹ thuật XD Cầu đường bộ
79601,GTA,cong-nghe-ky-thuat-xd-cau-duong-bo,A00,Điểm thi THPT,2024,16.0,Công nghệ kỹ thuật XD Cầu đường bộ
79602,GTA,cong-nghe-ky-thuat-xd-cau-duong-bo,A01,Điểm thi THPT,2024,16.0,Công nghệ kỹ thuật XD Cầu đường bộ
79603,GTA,cong-nghe-ky-thuat-xd-cau-duong-bo,D01,Điểm thi THPT,2024,16.0,Công nghệ kỹ thuật XD Cầu đường bộ
79604,GTA,cong-nghe-ky-thuat-xd-cau-duong-bo,D07,Điểm thi THPT,2024,16.0,Công nghệ kỹ thuật XD Cầu đường bộ
79605,GTA,cong-nghe-ky-thuat-xdct-dd-cn,A00,Điểm học bạ,2022,19.0,Công nghệ kỹ thuật XDCT DD&CN (học tại Vĩnh Phúc)
79606,GTA,cong-nghe-ky-thuat-xdct-dd-cn,A01,Điểm học bạ,2022,19.0,Công nghệ kỹ thuật XDCT DD&CN (học tại Vĩnh Phúc)
79607,GTA,cong-nghe-ky-thuat-xdct-dd-cn,D01,Điểm học bạ,2022,19.0,Công nghệ kỹ thuật XDCT DD&CN (học tại Vĩnh Phúc)
79608,GTA,cong-nghe-ky-thuat-xdct-dd-cn,D07,Điểm học bạ,2022,19.0,Công nghệ kỹ thuật XDCT DD&CN (học tại Vĩnh Phúc)
79609,GTA,cong-nghe-ky-thuat-xdct-dd-cn,A00,Điểm thi THPT,2022,16.0,Công nghệ kỹ thuật XDCT DD&CN (học tại Vĩnh Phúc)
79610,GTA,cong-nghe-ky-thuat-xdct-dd-cn,A01,Điểm thi THPT,2022,16.0,Công nghệ kỹ thuật XDCT DD&CN (học tại Vĩnh Phúc)
79611,GTA,cong-nghe-ky-thuat-xdct-dd-cn,D01,Điểm thi THPT,2022,16.0,Công nghệ kỹ thuật XDCT DD&CN (học tại Vĩnh Phúc)
79612,GTA,cong-nghe-ky-thuat-xdct-dd-cn,D07,Điểm thi THPT,2022,16.0,Công nghệ kỹ thuật XDCT DD&CN (học tại Vĩnh Phúc)
79613,GTA,cong-nghe-o-to-dien-va-o-to-hybrid,A00,Điểm học bạ,2025,25.0,Công nghệ ô tô điện và ô tô hybrid
79614,GTA,cong-nghe-o-to-dien-va-o-to-hybrid,A01,Điểm học bạ,2025,25.0,Công nghệ ô tô điện và ô tô hybrid
79615,GTA,cong-nghe-o-to-dien-va-o-to-hybrid,C01,Điểm học bạ,2025,25.0,Công nghệ ô tô điện và ô tô hybrid
79616,GTA,cong-nghe-o-to-dien-va-o-to-hybrid,C02,Điểm học bạ,2025,25.0,Công nghệ ô tô điện và ô tô hybrid
79617,GTA,cong-nghe-o-to-dien-va-o-to-hybrid,D01,Điểm học bạ,2025,25.0,Công nghệ ô tô điện và ô tô hybrid
79618,GTA,cong-nghe-o-to-dien-va-o-to-hybrid,D07,Điểm học bạ,2025,25.0,Công nghệ ô tô điện và ô tô hybrid
79619,GTA,cong-nghe-o-to-dien-va-o-to-hybrid,X02,Điểm học bạ,2025,25.0,Công nghệ ô tô điện và ô tô hybrid
79620,GTA,cong-nghe-o-to-dien-va-o-to-hybrid,X03,Điểm học bạ,2025,25.0,Công nghệ ô tô điện và ô tô hybrid
79621,GTA,cong-nghe-o-to-dien-va-o-to-hybrid,X26,Điểm học bạ,2025,25.0,Công nghệ ô tô điện và ô tô hybrid
79622,GTA,cong-nghe-o-to-dien-va-o-to-hybrid,X27,Điểm học bạ,2025,25.0,Công nghệ ô tô điện và ô tô hybrid
79623,GTA,cong-nghe-o-to-dien-va-o-to-hybrid,A00,Điểm thi THPT,2025,22.0,Công nghệ ô tô điện và ô tô hybrid
79624,GTA,cong-nghe-o-to-dien-va-o-to-hybrid,A01,Điểm thi THPT,2025,22.0,Công nghệ ô tô điện và ô tô hybrid
79625,GTA,cong-nghe-o-to-dien-va-o-to-hybrid,C01,Điểm thi THPT,2025,22.0,Công nghệ ô tô điện và ô tô hybrid
79626,GTA,cong-nghe-o-to-dien-va-o-to-hybrid,C02,Điểm thi THPT,2025,22.0,Công nghệ ô tô điện và ô tô hybrid
79627,GTA,cong-nghe-o-to-dien-va-o-to-hybrid,D01,Điểm thi THPT,2025,22.0,Công nghệ ô tô điện và ô tô hybrid
79628,GTA,cong-nghe-o-to-dien-va-o-to-hybrid,D07,Điểm thi THPT,2025,22.0,Công nghệ ô tô điện và ô tô hybrid
79629,GTA,cong-nghe-o-to-dien-va-o-to-hybrid,X02,Điểm thi THPT,2025,22.0,Công nghệ ô tô điện và ô tô hybrid
79630,GTA,cong-nghe-o-to-dien-va-o-to-hybrid,X03,Điểm thi THPT,2025,22.0,Công nghệ ô tô điện và ô tô hybrid
79631,GTA,cong-nghe-o-to-dien-va-o-to-hybrid,X26,Điểm thi THPT,2025,22.0,Công nghệ ô tô điện và ô tô hybrid
79632,GTA,cong-nghe-o-to-dien-va-o-to-hybrid,X27,Điểm thi THPT,2025,22.0,Công nghệ ô tô điện và ô tô hybrid
79633,GTA,cong-nghe-o-to-va-giao-thong-thong-minh,A00,Điểm học bạ,2023,22.0,Công nghệ ô tô và giao thông thông minh
79634,GTA,cong-nghe-o-to-va-giao-thong-thong-minh,A01,Điểm học bạ,2023,22.0,Công nghệ ô tô và giao thông thông minh
79635,GTA,cong-nghe-o-to-va-giao-thong-thong-minh,D01,Điểm học bạ,2023,22.0,Công nghệ ô tô và giao thông thông minh
79636,GTA,cong-nghe-o-to-va-giao-thong-thong-minh,D07,Điểm học bạ,2023,22.0,Công nghệ ô tô và giao thông thông minh
79637,GTA,cong-nghe-o-to-va-giao-thong-thong-minh,A00,Điểm thi THPT,2023,21.15,Công nghệ ô tô và giao thông thông minh
79638,GTA,cong-nghe-o-to-va-giao-thong-thong-minh,A01,Điểm thi THPT,2023,21.15,Công nghệ ô tô và giao thông thông minh
79639,GTA,cong-nghe-o-to-va-giao-thong-thong-minh,D01,Điểm thi THPT,2023,21.15,Công nghệ ô tô và giao thông thông minh
79640,GTA,cong-nghe-o-to-va-giao-thong-thong-minh,D07,Điểm thi THPT,2023,21.15,Công nghệ ô tô và giao thông thông minh
79641,GTA,cong-nghe-o-to-va-giao-thong-thong-minh,A00,Điểm học bạ,2025,24.5,Công nghệ ô tô và giao thông thông minh
79642,GTA,cong-nghe-o-to-va-giao-thong-thong-minh,A01,Điểm học bạ,2025,24.5,Công nghệ ô tô và giao thông thông minh
79643,GTA,cong-nghe-o-to-va-giao-thong-thong-minh,C01,Điểm học bạ,2025,24.5,Công nghệ ô tô và giao thông thông minh
79644,GTA,cong-nghe-o-to-va-giao-thong-thong-minh,C02,Điểm học bạ,2025,24.5,Công nghệ ô tô và giao thông thông minh
79645,GTA,cong-nghe-o-to-va-giao-thong-thong-minh,D01,Điểm học bạ,2025,24.5,Công nghệ ô tô và giao thông thông minh
79646,GTA,cong-nghe-o-to-va-giao-thong-thong-minh,D07,Điểm học bạ,2025,24.5,Công nghệ ô tô và giao thông thông minh
79647,GTA,cong-nghe-o-to-va-giao-thong-thong-minh,X02,Điểm học bạ,2025,24.5,Công nghệ ô tô và giao thông thông minh
79648,GTA,cong-nghe-o-to-va-giao-thong-thong-minh,X03,Điểm học bạ,2025,24.5,Công nghệ ô tô và giao thông thông minh
79649,GTA,cong-nghe-o-to-va-giao-thong-thong-minh,X26,Điểm học bạ,2025,24.5,Công nghệ ô tô và giao thông thông minh
79650,GTA,cong-nghe-o-to-va-giao-thong-thong-minh,X27,Điểm học bạ,2025,24.5,Công nghệ ô tô và giao thông thông minh
79651,GTA,cong-nghe-o-to-va-giao-thong-thong-minh,A00,Điểm thi THPT,2025,21.5,Công nghệ ô tô và giao thông thông minh
79652,GTA,cong-nghe-o-to-va-giao-thong-thong-minh,A01,Điểm thi THPT,2025,21.5,Công nghệ ô tô và giao thông thông minh
79653,GTA,cong-nghe-o-to-va-giao-thong-thong-minh,C01,Điểm thi THPT,2025,21.5,Công nghệ ô tô và giao thông thông minh
79654,GTA,cong-nghe-o-to-va-giao-thong-thong-minh,C02,Điểm thi THPT,2025,21.5,Công nghệ ô tô và giao thông thông minh
79655,GTA,cong-nghe-o-to-va-giao-thong-thong-minh,D01,Điểm thi THPT,2025,21.5,Công nghệ ô tô và giao thông thông minh
79656,GTA,cong-nghe-o-to-va-giao-thong-thong-minh,D07,Điểm thi THPT,2025,21.5,Công nghệ ô tô và giao thông thông minh
79657,GTA,cong-nghe-o-to-va-giao-thong-thong-minh,X02,Điểm thi THPT,2025,21.5,Công nghệ ô tô và giao thông thông minh
79658,GTA,cong-nghe-o-to-va-giao-thong-thong-minh,X03,Điểm thi THPT,2025,21.5,Công nghệ ô tô và giao thông thông minh
79659,GTA,cong-nghe-o-to-va-giao-thong-thong-minh,X26,Điểm thi THPT,2025,21.5,Công nghệ ô tô và giao thông thông minh
79660,GTA,cong-nghe-o-to-va-giao-thong-thong-minh,X27,Điểm thi THPT,2025,21.5,Công nghệ ô tô và giao thông thông minh
79661,GTA,cong-nghe-tai-chinh,A00,Điểm học bạ,2025,24.0,Công nghệ tài chính
79662,GTA,cong-nghe-tai-chinh,A01,Điểm học bạ,2025,24.0,Công nghệ tài chính
79663,GTA,cong-nghe-tai-chinh,C01,Điểm học bạ,2025,24.0,Công nghệ tài chính
79664,GTA,cong-nghe-tai-chinh,C02,Điểm học bạ,2025,24.0,Công nghệ tài chính
79665,GTA,cong-nghe-tai-chinh,D01,Điểm học bạ,2025,24.0,Công nghệ tài chính
79666,GTA,cong-nghe-tai-chinh,D07,Điểm học bạ,2025,24.0,Công nghệ tài chính
79667,GTA,cong-nghe-tai-chinh,X01,Điểm học bạ,2025,24.0,Công nghệ tài chính
79668,GTA,cong-nghe-tai-chinh,X02,Điểm học bạ,2025,24.0,Công nghệ tài chính
79669,GTA,cong-nghe-tai-chinh,X03,Điểm học bạ,2025,24.0,Công nghệ tài chính
79670,GTA,cong-nghe-tai-chinh,X25,Điểm học bạ,2025,24.0,Công nghệ tài chính
79671,GTA,cong-nghe-tai-chinh,X26,Điểm học bạ,2025,24.0,Công nghệ tài chính
79672,GTA,cong-nghe-tai-chinh,X27,Điểm học bạ,2025,24.0,Công nghệ tài chính
79673,GTA,cong-nghe-tai-chinh,A00,Điểm thi THPT,2025,21.0,Công nghệ tài chính
79674,GTA,cong-nghe-tai-chinh,A01,Điểm thi THPT,2025,21.0,Công nghệ tài chính
79675,GTA,cong-nghe-tai-chinh,C01,Điểm thi THPT,2025,21.0,Công nghệ tài chính
79676,GTA,cong-nghe-tai-chinh,C02,Điểm thi THPT,2025,21.0,Công nghệ tài chính
79677,GTA,cong-nghe-tai-chinh,D01,Điểm thi THPT,2025,21.0,Công nghệ tài chính
79678,GTA,cong-nghe-tai-chinh,D07,Điểm thi THPT,2025,21.0,Công nghệ tài chính
79679,GTA,cong-nghe-tai-chinh,X01,Điểm thi THPT,2025,21.0,Công nghệ tài chính
79680,GTA,cong-nghe-tai-chinh,X02,Điểm thi THPT,2025,21.0,Công nghệ tài chính
79681,GTA,cong-nghe-tai-chinh,X03,Điểm thi THPT,2025,21.0,Công nghệ tài chính
79682,GTA,cong-nghe-tai-chinh,X25,Điểm thi THPT,2025,21.0,Công nghệ tài chính
79683,GTA,cong-nghe-tai-chinh,X26,Điểm thi THPT,2025,21.0,Công nghệ tài chính
79684,GTA,cong-nghe-tai-chinh,X27,Điểm thi THPT,2025,21.0,Công nghệ tài chính
79685,GTA,cong-nghe-thong-tin,A00,Điểm học bạ,2021,18.0,Công nghệ thông tin (TN)
79686,GTA,cong-nghe-thong-tin,A01,Điểm học bạ,2021,18.0,Công nghệ thông tin (TN)
79687,GTA,cong-nghe-thong-tin,D01,Điểm học bạ,2021,18.0,Công nghệ thông tin (TN)
79688,GTA,cong-nghe-thong-tin,D07,Điểm học bạ,2021,18.0,Công nghệ thông tin (TN)
79689,GTA,cong-nghe-thong-tin,A00,Điểm thi THPT,2021,25.2,Công nghệ thông tin
79690,GTA,cong-nghe-thong-tin,A01,Điểm thi THPT,2021,25.2,Công nghệ thông tin
79691,GTA,cong-nghe-thong-tin,D01,Điểm thi THPT,2021,25.2,Công nghệ thông tin
79692,GTA,cong-nghe-thong-tin,D07,Điểm thi THPT,2021,25.2,Công nghệ thông tin
79693,GTA,cong-nghe-thong-tin,A00,Điểm học bạ,2022,19.0,Công nghệ thông tin (học tại Vĩnh Phúc)
79694,GTA,cong-nghe-thong-tin,A01,Điểm học bạ,2022,19.0,Công nghệ thông tin (học tại Vĩnh Phúc)
79695,GTA,cong-nghe-thong-tin,D01,Điểm học bạ,2022,19.0,Công nghệ thông tin (học tại Vĩnh Phúc)
79696,GTA,cong-nghe-thong-tin,D07,Điểm học bạ,2022,19.0,Công nghệ thông tin (học tại Vĩnh Phúc)
79697,GTA,cong-nghe-thong-tin,A00,Điểm thi THPT,2022,20.0,Công nghệ thông tin (học tại Vĩnh Phúc)
79698,GTA,cong-nghe-thong-tin,A01,Điểm thi THPT,2022,20.0,Công nghệ thông tin (học tại Vĩnh Phúc)
79699,GTA,cong-nghe-thong-tin,D01,Điểm thi THPT,2022,20.0,Công nghệ thông tin (học tại Vĩnh Phúc)
79700,GTA,cong-nghe-thong-tin,D07,Điểm thi THPT,2022,20.0,Công nghệ thông tin (học tại Vĩnh Phúc)
79701,GTA,cong-nghe-thong-tin,A00,Điểm học bạ,2023,20.0,Công nghệ thông tin (học tại Vĩnh Phúc)
79702,GTA,cong-nghe-thong-tin,A01,Điểm học bạ,2023,20.0,Công nghệ thông tin (học tại Vĩnh Phúc)
79703,GTA,cong-nghe-thong-tin,D01,Điểm học bạ,2023,20.0,Công nghệ thông tin (học tại Vĩnh Phúc)
79704,GTA,cong-nghe-thong-tin,D07,Điểm học bạ,2023,20.0,Công nghệ thông tin (học tại Vĩnh Phúc)
79705,GTA,cong-nghe-thong-tin,A00,Điểm thi THPT,2023,21.3,Công nghệ thông tin (học tại Vĩnh Phúc)
79706,GTA,cong-nghe-thong-tin,A01,Điểm thi THPT,2023,21.3,Công nghệ thông tin (học tại Vĩnh Phúc)
79707,GTA,cong-nghe-thong-tin,D01,Điểm thi THPT,2023,21.3,Công nghệ thông tin (học tại Vĩnh Phúc)
79708,GTA,cong-nghe-thong-tin,D07,Điểm thi THPT,2023,21.3,Công nghệ thông tin (học tại Vĩnh Phúc)
79709,GTA,cong-nghe-thong-tin,A00,Điểm học bạ,2024,24.0,Công nghệ thông tin (tăng cường tiếng Anh)
79710,GTA,cong-nghe-thong-tin,A01,Điểm học bạ,2024,24.0,Công nghệ thông tin (tăng cường tiếng Anh)
79711,GTA,cong-nghe-thong-tin,D01,Điểm học bạ,2024,24.0,Công nghệ thông tin (tăng cường tiếng Anh)
79712,GTA,cong-nghe-thong-tin,D07,Điểm học bạ,2024,24.0,Công nghệ thông tin (tăng cường tiếng Anh)
79713,GTA,cong-nghe-thong-tin,A00,Điểm thi THPT,2024,20.0,Công nghệ thông tin (tăng cường tiếng Anh)
79714,GTA,cong-nghe-thong-tin,A01,Điểm thi THPT,2024,20.0,Công nghệ thông tin (tăng cường tiếng Anh)
79715,GTA,cong-nghe-thong-tin,D01,Điểm thi THPT,2024,20.0,Công nghệ thông tin (tăng cường tiếng Anh)
79716,GTA,cong-nghe-thong-tin,D07,Điểm thi THPT,2024,20.0,Công nghệ thông tin (tăng cường tiếng Anh)
79717,GTA,cong-nghe-thong-tin,A00,Điểm học bạ,2025,18.0,Công nghệ thông tin (học tại Vĩnh Phúc)
79718,GTA,cong-nghe-thong-tin,A01,Điểm học bạ,2025,18.0,Công nghệ thông tin (học tại Vĩnh Phúc)
79719,GTA,cong-nghe-thong-tin,C01,Điểm học bạ,2025,18.0,Công nghệ thông tin (học tại Vĩnh Phúc)
79720,GTA,cong-nghe-thong-tin,C02,Điểm học bạ,2025,18.0,Công nghệ thông tin (học tại Vĩnh Phúc)
79721,GTA,cong-nghe-thong-tin,D01,Điểm học bạ,2025,18.0,Công nghệ thông tin (học tại Vĩnh Phúc)
79722,GTA,cong-nghe-thong-tin,D07,Điểm học bạ,2025,18.0,Công nghệ thông tin (học tại Vĩnh Phúc)
79723,GTA,cong-nghe-thong-tin,X02,Điểm học bạ,2025,18.0,Công nghệ thông tin (học tại Vĩnh Phúc)
79724,GTA,cong-nghe-thong-tin,X03,Điểm học bạ,2025,18.0,Công nghệ thông tin (học tại Vĩnh Phúc)
79725,GTA,cong-nghe-thong-tin,X26,Điểm học bạ,2025,18.0,Công nghệ thông tin (học tại Vĩnh Phúc)
79726,GTA,cong-nghe-thong-tin,X27,Điểm học bạ,2025,18.0,Công nghệ thông tin (học tại Vĩnh Phúc)
79727,GTA,cong-nghe-thong-tin,A00,Điểm thi THPT,2025,16.0,Công nghệ thông tin (học tại Vĩnh Phúc)
79728,GTA,cong-nghe-thong-tin,A01,Điểm thi THPT,2025,16.0,Công nghệ thông tin (học tại Vĩnh Phúc)
79729,GTA,cong-nghe-thong-tin,C01,Điểm thi THPT,2025,16.0,Công nghệ thông tin (học tại Vĩnh Phúc)
79730,GTA,cong-nghe-thong-tin,C02,Điểm thi THPT,2025,16.0,Công nghệ thông tin (học tại Vĩnh Phúc)
79731,GTA,cong-nghe-thong-tin,D01,Điểm thi THPT,2025,16.0,Công nghệ thông tin (học tại Vĩnh Phúc)
79732,GTA,cong-nghe-thong-tin,D07,Điểm thi THPT,2025,16.0,Công nghệ thông tin (học tại Vĩnh Phúc)
79733,GTA,cong-nghe-thong-tin,X02,Điểm thi THPT,2025,16.0,Công nghệ thông tin (học tại Vĩnh Phúc)
79734,GTA,cong-nghe-thong-tin,X03,Điểm thi THPT,2025,16.0,Công nghệ thông tin (học tại Vĩnh Phúc)
79735,GTA,cong-nghe-thong-tin,X26,Điểm thi THPT,2025,16.0,Công nghệ thông tin (học tại Vĩnh Phúc)
79736,GTA,cong-nghe-thong-tin,X27,Điểm thi THPT,2025,16.0,Công nghệ thông tin (học tại Vĩnh Phúc)
79737,GTA,cong-nghe-thong-tin-dh-cong-nghe-thong-tin-va-quan-ly-ba-lan-uitm-cap-bang,A00,Điểm học bạ,2024,20.0,Công nghệ thông tin – ĐH Công nghệ thông tin và quản lý Ba Lan- UITM cấp bằng.
79738,GTA,cong-nghe-thong-tin-dh-cong-nghe-thong-tin-va-quan-ly-ba-lan-uitm-cap-bang,A01,Điểm học bạ,2024,20.0,Công nghệ thông tin – ĐH Công nghệ thông tin và quản lý Ba Lan- UITM cấp bằng.
79739,GTA,cong-nghe-thong-tin-dh-cong-nghe-thong-tin-va-quan-ly-ba-lan-uitm-cap-bang,D01,Điểm học bạ,2024,20.0,Công nghệ thông tin – ĐH Công nghệ thông tin và quản lý Ba Lan- UITM cấp bằng.
79740,GTA,cong-nghe-thong-tin-dh-cong-nghe-thong-tin-va-quan-ly-ba-lan-uitm-cap-bang,D07,Điểm học bạ,2024,20.0,Công nghệ thông tin – ĐH Công nghệ thông tin và quản lý Ba Lan- UITM cấp bằng.
79741,GTA,cong-nghe-thong-tin-dh-cong-nghe-thong-tin-va-quan-ly-ba-lan-uitm-cap-bang,A00,Điểm thi THPT,2024,18.0,Công nghệ thông tin – ĐH Công nghệ thông tin và quản lý Ba Lan - UITM cấp bằng
79742,GTA,cong-nghe-thong-tin-dh-cong-nghe-thong-tin-va-quan-ly-ba-lan-uitm-cap-bang,A01,Điểm thi THPT,2024,18.0,Công nghệ thông tin – ĐH Công nghệ thông tin và quản lý Ba Lan - UITM cấp bằng
79743,GTA,cong-nghe-thong-tin-dh-cong-nghe-thong-tin-va-quan-ly-ba-lan-uitm-cap-bang,D01,Điểm thi THPT,2024,18.0,Công nghệ thông tin – ĐH Công nghệ thông tin và quản lý Ba Lan - UITM cấp bằng
79744,GTA,cong-nghe-thong-tin-dh-cong-nghe-thong-tin-va-quan-ly-ba-lan-uitm-cap-bang,D07,Điểm thi THPT,2024,18.0,Công nghệ thông tin – ĐH Công nghệ thông tin và quản lý Ba Lan - UITM cấp bằng
79745,GTA,cong-nghe-va-quan-ly-moi-truong,A00,Điểm học bạ,2022,20.0,Công nghệ và quản lý môi trường
79746,GTA,cong-nghe-va-quan-ly-moi-truong,A01,Điểm học bạ,2022,20.0,Công nghệ và quản lý môi trường
79747,GTA,cong-nghe-va-quan-ly-moi-truong,D01,Điểm học bạ,2022,20.0,Công nghệ và quản lý môi trường
79748,GTA,cong-nghe-va-quan-ly-moi-truong,D07,Điểm học bạ,2022,20.0,Công nghệ và quản lý môi trường
79749,GTA,cong-nghe-va-quan-ly-moi-truong,A00,Điểm thi THPT,2022,16.0,Công nghệ và quản lý môi trường
79750,GTA,cong-nghe-va-quan-ly-moi-truong,A01,Điểm thi THPT,2022,16.0,Công nghệ và quản lý môi trường
79751,GTA,cong-nghe-va-quan-ly-moi-truong,D01,Điểm thi THPT,2022,16.0,Công nghệ và quản lý môi trường
79752,GTA,cong-nghe-va-quan-ly-moi-truong,D07,Điểm thi THPT,2022,16.0,Công nghệ và quản lý môi trường
79753,GTA,cong-nghe-va-quan-ly-moi-truong,A00,Điểm học bạ,2023,20.0,Công nghệ và quản lý môi trường
79754,GTA,cong-nghe-va-quan-ly-moi-truong,A01,Điểm học bạ,2023,20.0,Công nghệ và quản lý môi trường
79755,GTA,cong-nghe-va-quan-ly-moi-truong,D01,Điểm học bạ,2023,20.0,Công nghệ và quản lý môi trường
79756,GTA,cong-nghe-va-quan-ly-moi-truong,D07,Điểm học bạ,2023,20.0,Công nghệ và quản lý môi trường
79757,GTA,cong-nghe-va-quan-ly-moi-truong,A00,Điểm thi THPT,2023,16.0,Công nghệ và quản lý môi trường
79758,GTA,cong-nghe-va-quan-ly-moi-truong,A01,Điểm thi THPT,2023,16.0,Công nghệ và quản lý môi trường
79759,GTA,cong-nghe-va-quan-ly-moi-truong,D01,Điểm thi THPT,2023,16.0,Công nghệ và quản lý môi trường
79760,GTA,cong-nghe-va-quan-ly-moi-truong,D07,Điểm thi THPT,2023,16.0,Công nghệ và quản lý môi trường
79761,GTA,cong-nghe-va-quan-ly-moi-truong,A00,Điểm học bạ,2024,20.0,Công nghệ và quản lý môi trường
79762,GTA,cong-nghe-va-quan-ly-moi-truong,A01,Điểm học bạ,2024,20.0,Công nghệ và quản lý môi trường
79763,GTA,cong-nghe-va-quan-ly-moi-truong,D01,Điểm học bạ,2024,20.0,Công nghệ và quản lý môi trường
79764,GTA,cong-nghe-va-quan-ly-moi-truong,D07,Điểm học bạ,2024,20.0,Công nghệ và quản lý môi trường
79765,GTA,cong-nghe-va-quan-ly-moi-truong,A00,Điểm thi THPT,2024,16.0,Công nghệ và quản lý môi trường
79766,GTA,cong-nghe-va-quan-ly-moi-truong,A01,Điểm thi THPT,2024,16.0,Công nghệ và quản lý môi trường
79767,GTA,cong-nghe-va-quan-ly-moi-truong,D01,Điểm thi THPT,2024,16.0,Công nghệ và quản lý môi trường
79768,GTA,cong-nghe-va-quan-ly-moi-truong,D07,Điểm thi THPT,2024,16.0,Công nghệ và quản lý môi trường
79769,GTA,cong-nghe-va-quan-ly-moi-truong,A00,Điểm học bạ,2025,18.0,Công nghệ và quản lý môi trường
79770,GTA,cong-nghe-va-quan-ly-moi-truong,A01,Điểm học bạ,2025,18.0,Công nghệ và quản lý môi trường
79771,GTA,cong-nghe-va-quan-ly-moi-truong,C01,Điểm học bạ,2025,18.0,Công nghệ và quản lý môi trường
79772,GTA,cong-nghe-va-quan-ly-moi-truong,C02,Điểm học bạ,2025,18.0,Công nghệ và quản lý môi trường
79773,GTA,cong-nghe-va-quan-ly-moi-truong,D01,Điểm học bạ,2025,18.0,Công nghệ và quản lý môi trường
79774,GTA,cong-nghe-va-quan-ly-moi-truong,D07,Điểm học bạ,2025,18.0,Công nghệ và quản lý môi trường
79775,GTA,cong-nghe-va-quan-ly-moi-truong,X02,Điểm học bạ,2025,18.0,Công nghệ và quản lý môi trường
79776,GTA,cong-nghe-va-quan-ly-moi-truong,X03,Điểm học bạ,2025,18.0,Công nghệ và quản lý môi trường
79777,GTA,cong-nghe-va-quan-ly-moi-truong,X26,Điểm học bạ,2025,18.0,Công nghệ và quản lý môi trường
79778,GTA,cong-nghe-va-quan-ly-moi-truong,X27,Điểm học bạ,2025,18.0,Công nghệ và quản lý môi trường
79779,GTA,cong-nghe-va-quan-ly-moi-truong,A00,Điểm thi THPT,2025,16.0,Công nghệ và quản lý môi trường
79780,GTA,cong-nghe-va-quan-ly-moi-truong,A01,Điểm thi THPT,2025,16.0,Công nghệ và quản lý môi trường
79781,GTA,cong-nghe-va-quan-ly-moi-truong,C01,Điểm thi THPT,2025,16.0,Công nghệ và quản lý môi trường
79782,GTA,cong-nghe-va-quan-ly-moi-truong,C02,Điểm thi THPT,2025,16.0,Công nghệ và quản lý môi trường
79783,GTA,cong-nghe-va-quan-ly-moi-truong,D01,Điểm thi THPT,2025,16.0,Công nghệ và quản lý môi trường
79784,GTA,cong-nghe-va-quan-ly-moi-truong,D07,Điểm thi THPT,2025,16.0,Công nghệ và quản lý môi trường
79785,GTA,cong-nghe-va-quan-ly-moi-truong,X02,Điểm thi THPT,2025,16.0,Công nghệ và quản lý môi trường
79786,GTA,cong-nghe-va-quan-ly-moi-truong,X03,Điểm thi THPT,2025,16.0,Công nghệ và quản lý môi trường
79787,GTA,cong-nghe-va-quan-ly-moi-truong,X26,Điểm thi THPT,2025,16.0,Công nghệ và quản lý môi trường
79788,GTA,cong-nghe-va-quan-ly-moi-truong,X27,Điểm thi THPT,2025,16.0,Công nghệ và quản lý môi trường
79789,GTA,duong-sat-toc-do-cao,A00,Điểm học bạ,2025,18.0,Đường sắt tốc độ cao
79790,GTA,duong-sat-toc-do-cao,A01,Điểm học bạ,2025,18.0,Đường sắt tốc độ cao
79791,GTA,duong-sat-toc-do-cao,C01,Điểm học bạ,2025,18.0,Đường sắt tốc độ cao
79792,GTA,duong-sat-toc-do-cao,C02,Điểm học bạ,2025,18.0,Đường sắt tốc độ cao
79793,GTA,duong-sat-toc-do-cao,D01,Điểm học bạ,2025,18.0,Đường sắt tốc độ cao
79794,GTA,duong-sat-toc-do-cao,D07,Điểm học bạ,2025,18.0,Đường sắt tốc độ cao
79795,GTA,duong-sat-toc-do-cao,X02,Điểm học bạ,2025,18.0,Đường sắt tốc độ cao
79796,GTA,duong-sat-toc-do-cao,X03,Điểm học bạ,2025,18.0,Đường sắt tốc độ cao
79797,GTA,duong-sat-toc-do-cao,X26,Điểm học bạ,2025,18.0,Đường sắt tốc độ cao
79798,GTA,duong-sat-toc-do-cao,X27,Điểm học bạ,2025,18.0,Đường sắt tốc độ cao
79799,GTA,duong-sat-toc-do-cao,A00,Điểm thi THPT,2025,16.0,Đường sắt tốc độ cao
79800,GTA,duong-sat-toc-do-cao,A01,Điểm thi THPT,2025,16.0,Đường sắt tốc độ cao
79801,GTA,duong-sat-toc-do-cao,C01,Điểm thi THPT,2025,16.0,Đường sắt tốc độ cao
79802,GTA,duong-sat-toc-do-cao,C02,Điểm thi THPT,2025,16.0,Đường sắt tốc độ cao
79803,GTA,duong-sat-toc-do-cao,D01,Điểm thi THPT,2025,16.0,Đường sắt tốc độ cao
79804,GTA,duong-sat-toc-do-cao,D07,Điểm thi THPT,2025,16.0,Đường sắt tốc độ cao
79805,GTA,duong-sat-toc-do-cao,X02,Điểm thi THPT,2025,16.0,Đường sắt tốc độ cao
79806,GTA,duong-sat-toc-do-cao,X03,Điểm thi THPT,2025,16.0,Đường sắt tốc độ cao
79807,GTA,duong-sat-toc-do-cao,X26,Điểm thi THPT,2025,16.0,Đường sắt tốc độ cao
79808,GTA,duong-sat-toc-do-cao,X27,Điểm thi THPT,2025,16.0,Đường sắt tốc độ cao
79809,GTA,ha-tang-giao-thong-do-thi-thong-minh,A00,Điểm học bạ,2022,20.0,Hạ tầng giao thông đô thị thông minh
79810,GTA,ha-tang-giao-thong-do-thi-thong-minh,A01,Điểm học bạ,2022,20.0,Hạ tầng giao thông đô thị thông minh
79811,GTA,ha-tang-giao-thong-do-thi-thong-minh,D01,Điểm học bạ,2022,20.0,Hạ tầng giao thông đô thị thông minh
79812,GTA,ha-tang-giao-thong-do-thi-thong-minh,D07,Điểm học bạ,2022,20.0,Hạ tầng giao thông đô thị thông minh
79813,GTA,ha-tang-giao-thong-do-thi-thong-minh,A00,Điểm thi THPT,2022,16.0,Hạ tầng giao thông đô thị thông minh
79814,GTA,ha-tang-giao-thong-do-thi-thong-minh,A01,Điểm thi THPT,2022,16.0,Hạ tầng giao thông đô thị thông minh
79815,GTA,ha-tang-giao-thong-do-thi-thong-minh,D01,Điểm thi THPT,2022,16.0,Hạ tầng giao thông đô thị thông minh
79816,GTA,ha-tang-giao-thong-do-thi-thong-minh,D07,Điểm thi THPT,2022,16.0,Hạ tầng giao thông đô thị thông minh
79817,GTA,ha-tang-giao-thong-do-thi-thong-minh,A00,Điểm học bạ,2023,20.0,Hạ tầng giao thông đô thị thông minh
79818,GTA,ha-tang-giao-thong-do-thi-thong-minh,A01,Điểm học bạ,2023,20.0,Hạ tầng giao thông đô thị thông minh
79819,GTA,ha-tang-giao-thong-do-thi-thong-minh,D01,Điểm học bạ,2023,20.0,Hạ tầng giao thông đô thị thông minh
79820,GTA,ha-tang-giao-thong-do-thi-thong-minh,D07,Điểm học bạ,2023,20.0,Hạ tầng giao thông đô thị thông minh
79821,GTA,ha-tang-giao-thong-do-thi-thong-minh,A00,Điểm thi THPT,2023,16.0,Hạ tầng giao thông đô thị thông minh
79822,GTA,ha-tang-giao-thong-do-thi-thong-minh,A01,Điểm thi THPT,2023,16.0,Hạ tầng giao thông đô thị thông minh
79823,GTA,ha-tang-giao-thong-do-thi-thong-minh,D01,Điểm thi THPT,2023,16.0,Hạ tầng giao thông đô thị thông minh
79824,GTA,ha-tang-giao-thong-do-thi-thong-minh,D07,Điểm thi THPT,2023,16.0,Hạ tầng giao thông đô thị thông minh
79825,GTA,ha-tang-giao-thong-do-thi-thong-minh,A00,Điểm học bạ,2024,20.0,Hạ tầng giao thông đô thị thông minh
79826,GTA,ha-tang-giao-thong-do-thi-thong-minh,A01,Điểm học bạ,2024,20.0,Hạ tầng giao thông đô thị thông minh
79827,GTA,ha-tang-giao-thong-do-thi-thong-minh,D01,Điểm học bạ,2024,20.0,Hạ tầng giao thông đô thị thông minh
79828,GTA,ha-tang-giao-thong-do-thi-thong-minh,D07,Điểm học bạ,2024,20.0,Hạ tầng giao thông đô thị thông minh
79829,GTA,ha-tang-giao-thong-do-thi-thong-minh,A00,Điểm thi THPT,2024,16.0,Hạ tầng giao thông đô thị thông minh
79830,GTA,ha-tang-giao-thong-do-thi-thong-minh,A01,Điểm thi THPT,2024,16.0,Hạ tầng giao thông đô thị thông minh
79831,GTA,ha-tang-giao-thong-do-thi-thong-minh,D01,Điểm thi THPT,2024,16.0,Hạ tầng giao thông đô thị thông minh
79832,GTA,ha-tang-giao-thong-do-thi-thong-minh,D07,Điểm thi THPT,2024,16.0,Hạ tầng giao thông đô thị thông minh
79833,GTA,ha-tang-giao-thong-do-thi-thong-minh,A00,Điểm học bạ,2025,19.5,Hạ tầng giao thông đô thị thông minh
79834,GTA,ha-tang-giao-thong-do-thi-thong-minh,A01,Điểm học bạ,2025,19.5,Hạ tầng giao thông đô thị thông minh
79835,GTA,ha-tang-giao-thong-do-thi-thong-minh,C01,Điểm học bạ,2025,19.5,Hạ tầng giao thông đô thị thông minh
79836,GTA,ha-tang-giao-thong-do-thi-thong-minh,C02,Điểm học bạ,2025,19.5,Hạ tầng giao thông đô thị thông minh
79837,GTA,ha-tang-giao-thong-do-thi-thong-minh,D01,Điểm học bạ,2025,19.5,Hạ tầng giao thông đô thị thông minh
79838,GTA,ha-tang-giao-thong-do-thi-thong-minh,D07,Điểm học bạ,2025,19.5,Hạ tầng giao thông đô thị thông minh
79839,GTA,ha-tang-giao-thong-do-thi-thong-minh,X02,Điểm học bạ,2025,19.5,Hạ tầng giao thông đô thị thông minh
79840,GTA,ha-tang-giao-thong-do-thi-thong-minh,X03,Điểm học bạ,2025,19.5,Hạ tầng giao thông đô thị thông minh
79841,GTA,ha-tang-giao-thong-do-thi-thong-minh,X26,Điểm học bạ,2025,19.5,Hạ tầng giao thông đô thị thông minh
79842,GTA,ha-tang-giao-thong-do-thi-thong-minh,X27,Điểm học bạ,2025,19.5,Hạ tầng giao thông đô thị thông minh
79843,GTA,ha-tang-giao-thong-do-thi-thong-minh,A00,Điểm thi THPT,2025,17.0,Hạ tầng giao thông đô thị thông minh
79844,GTA,ha-tang-giao-thong-do-thi-thong-minh,A01,Điểm thi THPT,2025,17.0,Hạ tầng giao thông đô thị thông minh
79845,GTA,ha-tang-giao-thong-do-thi-thong-minh,C01,Điểm thi THPT,2025,17.0,Hạ tầng giao thông đô thị thông minh
79846,GTA,ha-tang-giao-thong-do-thi-thong-minh,C02,Điểm thi THPT,2025,17.0,Hạ tầng giao thông đô thị thông minh
79847,GTA,ha-tang-giao-thong-do-thi-thong-minh,D01,Điểm thi THPT,2025,17.0,Hạ tầng giao thông đô thị thông minh
79848,GTA,ha-tang-giao-thong-do-thi-thong-minh,D07,Điểm thi THPT,2025,17.0,Hạ tầng giao thông đô thị thông minh
79849,GTA,ha-tang-giao-thong-do-thi-thong-minh,X02,Điểm thi THPT,2025,17.0,Hạ tầng giao thông đô thị thông minh
79850,GTA,ha-tang-giao-thong-do-thi-thong-minh,X03,Điểm thi THPT,2025,17.0,Hạ tầng giao thông đô thị thông minh
79851,GTA,ha-tang-giao-thong-do-thi-thong-minh,X26,Điểm thi THPT,2025,17.0,Hạ tầng giao thông đô thị thông minh
79852,GTA,ha-tang-giao-thong-do-thi-thong-minh,X27,Điểm thi THPT,2025,17.0,Hạ tầng giao thông đô thị thông minh
79853,GTA,hai-quan-va-logistics,A00,Điểm học bạ,2023,26.0,Hải quan và Logistics
79854,GTA,hai-quan-va-logistics,A01,Điểm học bạ,2023,26.0,Hải quan và Logistics
79855,GTA,hai-quan-va-logistics,D01,Điểm học bạ,2023,26.0,Hải quan và Logistics
79856,GTA,hai-quan-va-logistics,D07,Điểm học bạ,2023,26.0,Hải quan và Logistics
79857,GTA,hai-quan-va-logistics,A00,Điểm thi THPT,2023,21.95,Hải quan và Logistics
79858,GTA,hai-quan-va-logistics,A01,Điểm thi THPT,2023,21.95,Hải quan và Logistics
79859,GTA,hai-quan-va-logistics,D01,Điểm thi THPT,2023,21.95,Hải quan và Logistics
79860,GTA,hai-quan-va-logistics,D07,Điểm thi THPT,2023,21.95,Hải quan và Logistics
79861,GTA,hai-quan-va-logistics,A00,Điểm học bạ,2024,25.0,Hải quan và Logistics
79862,GTA,hai-quan-va-logistics,A01,Điểm học bạ,2024,25.0,Hải quan và Logistics
79863,GTA,hai-quan-va-logistics,D01,Điểm học bạ,2024,25.0,Hải quan và Logistics
79864,GTA,hai-quan-va-logistics,D07,Điểm học bạ,2024,25.0,Hải quan và Logistics
79865,GTA,hai-quan-va-logistics,A00,Điểm thi THPT,2024,23.48,Hải quan và Logistics
79866,GTA,hai-quan-va-logistics,A01,Điểm thi THPT,2024,23.48,Hải quan và Logistics
79867,GTA,hai-quan-va-logistics,D01,Điểm thi THPT,2024,23.48,Hải quan và Logistics
79868,GTA,hai-quan-va-logistics,D07,Điểm thi THPT,2024,23.48,Hải quan và Logistics
79869,GTA,hai-quan-va-logistics,A00,Điểm học bạ,2025,26.0,Hải quan và Logistics
79870,GTA,hai-quan-va-logistics,A01,Điểm học bạ,2025,26.0,Hải quan và Logistics
79871,GTA,hai-quan-va-logistics,C01,Điểm học bạ,2025,26.0,Hải quan và Logistics
79872,GTA,hai-quan-va-logistics,C02,Điểm học bạ,2025,26.0,Hải quan và Logistics
79873,GTA,hai-quan-va-logistics,D01,Điểm học bạ,2025,26.0,Hải quan và Logistics
79874,GTA,hai-quan-va-logistics,D07,Điểm học bạ,2025,26.0,Hải quan và Logistics
79875,GTA,hai-quan-va-logistics,X01,Điểm học bạ,2025,26.0,Hải quan và Logistics
79876,GTA,hai-quan-va-logistics,X02,Điểm học bạ,2025,26.0,Hải quan và Logistics
79877,GTA,hai-quan-va-logistics,X03,Điểm học bạ,2025,26.0,Hải quan và Logistics
79878,GTA,hai-quan-va-logistics,X25,Điểm học bạ,2025,26.0,Hải quan và Logistics
79879,GTA,hai-quan-va-logistics,X26,Điểm học bạ,2025,26.0,Hải quan và Logistics
79880,GTA,hai-quan-va-logistics,X27,Điểm học bạ,2025,26.0,Hải quan và Logistics
79881,GTA,hai-quan-va-logistics,A00,Điểm thi THPT,2025,23.0,Hải quan và Logistics
79882,GTA,hai-quan-va-logistics,A01,Điểm thi THPT,2025,23.0,Hải quan và Logistics
79883,GTA,hai-quan-va-logistics,C01,Điểm thi THPT,2025,23.0,Hải quan và Logistics
79884,GTA,hai-quan-va-logistics,C02,Điểm thi THPT,2025,23.0,Hải quan và Logistics
79885,GTA,hai-quan-va-logistics,D01,Điểm thi THPT,2025,23.0,Hải quan và Logistics
79886,GTA,hai-quan-va-logistics,D07,Điểm thi THPT,2025,23.0,Hải quan và Logistics
79887,GTA,hai-quan-va-logistics,X01,Điểm thi THPT,2025,23.0,Hải quan và Logistics
79888,GTA,hai-quan-va-logistics,X02,Điểm thi THPT,2025,23.0,Hải quan và Logistics
79889,GTA,hai-quan-va-logistics,X03,Điểm thi THPT,2025,23.0,Hải quan và Logistics
79890,GTA,hai-quan-va-logistics,X25,Điểm thi THPT,2025,23.0,Hải quan và Logistics
79891,GTA,hai-quan-va-logistics,X26,Điểm thi THPT,2025,23.0,Hải quan và Logistics
79892,GTA,hai-quan-va-logistics,X27,Điểm thi THPT,2025,23.0,Hải quan và Logistics
79893,GTA,he-thong-thong-tin,A00,Điểm thi THPT,2021,24.0,Hệ thống thông tin
79894,GTA,he-thong-thong-tin,A01,Điểm thi THPT,2021,24.0,Hệ thống thông tin
79895,GTA,he-thong-thong-tin,D01,Điểm thi THPT,2021,24.0,Hệ thống thông tin
79896,GTA,he-thong-thong-tin,D07,Điểm thi THPT,2021,24.0,Hệ thống thông tin
79897,GTA,he-thong-thong-tin,A00,Điểm học bạ,2022,25.0,Hệ thống thông tin
79898,GTA,he-thong-thong-tin,A01,Điểm học bạ,2022,25.0,Hệ thống thông tin
79899,GTA,he-thong-thong-tin,D01,Điểm học bạ,2022,25.0,Hệ thống thông tin
79900,GTA,he-thong-thong-tin,D07,Điểm học bạ,2022,25.0,Hệ thống thông tin
79901,GTA,he-thong-thong-tin,A00,Điểm thi THPT,2022,24.4,Hệ thống thông tin
79902,GTA,he-thong-thong-tin,A01,Điểm thi THPT,2022,24.4,Hệ thống thông tin
79903,GTA,he-thong-thong-tin,D01,Điểm thi THPT,2022,24.4,Hệ thống thông tin
79904,GTA,he-thong-thong-tin,D07,Điểm thi THPT,2022,24.4,Hệ thống thông tin
79905,GTA,he-thong-thong-tin,A00,Điểm học bạ,2023,27.0,Hệ thống thông tin
79906,GTA,he-thong-thong-tin,A01,Điểm học bạ,2023,27.0,Hệ thống thông tin
79907,GTA,he-thong-thong-tin,D01,Điểm học bạ,2023,27.0,Hệ thống thông tin
79908,GTA,he-thong-thong-tin,D07,Điểm học bạ,2023,27.0,Hệ thống thông tin
79909,GTA,he-thong-thong-tin,A00,Điểm thi THPT,2023,21.9,Hệ thống thông tin
79910,GTA,he-thong-thong-tin,A01,Điểm thi THPT,2023,21.9,Hệ thống thông tin
79911,GTA,he-thong-thong-tin,D01,Điểm thi THPT,2023,21.9,Hệ thống thông tin
79912,GTA,he-thong-thong-tin,D07,Điểm thi THPT,2023,21.9,Hệ thống thông tin
79913,GTA,he-thong-thong-tin,A00,Điểm học bạ,2024,24.0,Hệ thống thông tin
79914,GTA,he-thong-thong-tin,A01,Điểm học bạ,2024,24.0,Hệ thống thông tin
79915,GTA,he-thong-thong-tin,D01,Điểm học bạ,2024,24.0,Hệ thống thông tin
79916,GTA,he-thong-thong-tin,D07,Điểm học bạ,2024,24.0,Hệ thống thông tin
79917,GTA,he-thong-thong-tin,A00,Điểm thi THPT,2024,22.2,Hệ thống thông tin
79918,GTA,he-thong-thong-tin,A01,Điểm thi THPT,2024,22.2,Hệ thống thông tin
79919,GTA,he-thong-thong-tin,D01,Điểm thi THPT,2024,22.2,Hệ thống thông tin
79920,GTA,he-thong-thong-tin,D07,Điểm thi THPT,2024,22.2,Hệ thống thông tin
79921,GTA,he-thong-thong-tin,A00,Điểm học bạ,2025,24.0,Hệ thống thông tin
79922,GTA,he-thong-thong-tin,A01,Điểm học bạ,2025,24.0,Hệ thống thông tin
79923,GTA,he-thong-thong-tin,C01,Điểm học bạ,2025,24.0,Hệ thống thông tin
79924,GTA,he-thong-thong-tin,C02,Điểm học bạ,2025,24.0,Hệ thống thông tin
79925,GTA,he-thong-thong-tin,D01,Điểm học bạ,2025,24.0,Hệ thống thông tin
79926,GTA,he-thong-thong-tin,D07,Điểm học bạ,2025,24.0,Hệ thống thông tin
79927,GTA,he-thong-thong-tin,X02,Điểm học bạ,2025,24.0,Hệ thống thông tin
79928,GTA,he-thong-thong-tin,X03,Điểm học bạ,2025,24.0,Hệ thống thông tin
79929,GTA,he-thong-thong-tin,X26,Điểm học bạ,2025,24.0,Hệ thống thông tin
79930,GTA,he-thong-thong-tin,X27,Điểm học bạ,2025,24.0,Hệ thống thông tin
79931,GTA,he-thong-thong-tin,A00,Điểm thi THPT,2025,21.0,Hệ thống thông tin
79932,GTA,he-thong-thong-tin,A01,Điểm thi THPT,2025,21.0,Hệ thống thông tin
79933,GTA,he-thong-thong-tin,C01,Điểm thi THPT,2025,21.0,Hệ thống thông tin
79934,GTA,he-thong-thong-tin,C02,Điểm thi THPT,2025,21.0,Hệ thống thông tin
79935,GTA,he-thong-thong-tin,D01,Điểm thi THPT,2025,21.0,Hệ thống thông tin
79936,GTA,he-thong-thong-tin,D07,Điểm thi THPT,2025,21.0,Hệ thống thông tin
79937,GTA,he-thong-thong-tin,X02,Điểm thi THPT,2025,21.0,Hệ thống thông tin
79938,GTA,he-thong-thong-tin,X03,Điểm thi THPT,2025,21.0,Hệ thống thông tin
79939,GTA,he-thong-thong-tin,X26,Điểm thi THPT,2025,21.0,Hệ thống thông tin
79940,GTA,he-thong-thong-tin,X27,Điểm thi THPT,2025,21.0,Hệ thống thông tin
79941,GTA,ke-toan,A00,Điểm thi THPT,2021,23.1,Kế toán
79942,GTA,ke-toan,A01,Điểm thi THPT,2021,23.1,Kế toán
79943,GTA,ke-toan,D01,Điểm thi THPT,2021,23.1,Kế toán
79944,GTA,ke-toan,D07,Điểm thi THPT,2021,23.1,Kế toán
79945,GTA,ke-toan-doanh-nghiep,A00,Điểm học bạ,2021,18.0,Kế toán doanh nghiệp (TN)
79946,GTA,ke-toan-doanh-nghiep,A01,Điểm học bạ,2021,18.0,Kế toán doanh nghiệp (TN)
79947,GTA,ke-toan-doanh-nghiep,D01,Điểm học bạ,2021,18.0,Kế toán doanh nghiệp (TN)
79948,GTA,ke-toan-doanh-nghiep,D07,Điểm học bạ,2021,18.0,Kế toán doanh nghiệp (TN)
79949,GTA,ke-toan-doanh-nghiep,A00,Điểm học bạ,2022,19.0,Kế toán doanh nghiệp (học tại Vĩnh Phúc)
79950,GTA,ke-toan-doanh-nghiep,A01,Điểm học bạ,2022,19.0,Kế toán doanh nghiệp (học tại Vĩnh Phúc)
79951,GTA,ke-toan-doanh-nghiep,D01,Điểm học bạ,2022,19.0,Kế toán doanh nghiệp (học tại Vĩnh Phúc)
79952,GTA,ke-toan-doanh-nghiep,D07,Điểm học bạ,2022,19.0,Kế toán doanh nghiệp (học tại Vĩnh Phúc)
79953,GTA,ke-toan-doanh-nghiep,A00,Điểm thi THPT,2022,20.0,Kế toán doanh nghiệp (học tại Vĩnh Phúc)
79954,GTA,ke-toan-doanh-nghiep,A01,Điểm thi THPT,2022,20.0,Kế toán doanh nghiệp (học tại Vĩnh Phúc)
79955,GTA,ke-toan-doanh-nghiep,D01,Điểm thi THPT,2022,20.0,Kế toán doanh nghiệp (học tại Vĩnh Phúc)
79956,GTA,ke-toan-doanh-nghiep,D07,Điểm thi THPT,2022,20.0,Kế toán doanh nghiệp (học tại Vĩnh Phúc)
79957,GTA,ke-toan-doanh-nghiep,A00,Điểm học bạ,2023,20.0,Kế toán doanh nghiệp (học tại Vĩnh Phúc)
79958,GTA,ke-toan-doanh-nghiep,A01,Điểm học bạ,2023,20.0,Kế toán doanh nghiệp (học tại Vĩnh Phúc)
79959,GTA,ke-toan-doanh-nghiep,D01,Điểm học bạ,2023,20.0,Kế toán doanh nghiệp (học tại Vĩnh Phúc)
79960,GTA,ke-toan-doanh-nghiep,D07,Điểm học bạ,2023,20.0,Kế toán doanh nghiệp (học tại Vĩnh Phúc)
79961,GTA,ke-toan-doanh-nghiep,A00,Điểm thi THPT,2023,21.6,Kế toán doanh nghiệp (học tại Vĩnh Phúc)
79962,GTA,ke-toan-doanh-nghiep,A01,Điểm thi THPT,2023,21.6,Kế toán doanh nghiệp (học tại Vĩnh Phúc)
79963,GTA,ke-toan-doanh-nghiep,D01,Điểm thi THPT,2023,21.6,Kế toán doanh nghiệp (học tại Vĩnh Phúc)
79964,GTA,ke-toan-doanh-nghiep,D07,Điểm thi THPT,2023,21.6,Kế toán doanh nghiệp (học tại Vĩnh Phúc)
79965,GTA,ke-toan-doanh-nghiep,A00,Điểm học bạ,2024,18.0,Kế toán doanh nghiệp (học tại Vĩnh Phúc)
79966,GTA,ke-toan-doanh-nghiep,A01,Điểm học bạ,2024,18.0,Kế toán doanh nghiệp (học tại Vĩnh Phúc)
79967,GTA,ke-toan-doanh-nghiep,D01,Điểm học bạ,2024,18.0,Kế toán doanh nghiệp (học tại Vĩnh Phúc)
79968,GTA,ke-toan-doanh-nghiep,D07,Điểm học bạ,2024,18.0,Kế toán doanh nghiệp (học tại Vĩnh Phúc)
79969,GTA,ke-toan-doanh-nghiep,A00,Điểm thi THPT,2024,16.0,Kế toán doanh nghiệp
79970,GTA,ke-toan-doanh-nghiep,A01,Điểm thi THPT,2024,16.0,Kế toán doanh nghiệp
79971,GTA,ke-toan-doanh-nghiep,D01,Điểm thi THPT,2024,16.0,Kế toán doanh nghiệp
79972,GTA,ke-toan-doanh-nghiep,D07,Điểm thi THPT,2024,16.0,Kế toán doanh nghiệp
79973,GTA,ke-toan-doanh-nghiep,A00,Điểm học bạ,2025,18.0,Kế toán doanh nghiệp (học tại Vĩnh Phúc)
79974,GTA,ke-toan-doanh-nghiep,A01,Điểm học bạ,2025,18.0,Kế toán doanh nghiệp (học tại Vĩnh Phúc)
79975,GTA,ke-toan-doanh-nghiep,C01,Điểm học bạ,2025,18.0,Kế toán doanh nghiệp (học tại Vĩnh Phúc)
79976,GTA,ke-toan-doanh-nghiep,C02,Điểm học bạ,2025,18.0,Kế toán doanh nghiệp (học tại Vĩnh Phúc)
79977,GTA,ke-toan-doanh-nghiep,D01,Điểm học bạ,2025,18.0,Kế toán doanh nghiệp (học tại Vĩnh Phúc)
79978,GTA,ke-toan-doanh-nghiep,D07,Điểm học bạ,2025,18.0,Kế toán doanh nghiệp (học tại Vĩnh Phúc)
79979,GTA,ke-toan-doanh-nghiep,X01,Điểm học bạ,2025,18.0,Kế toán doanh nghiệp (học tại Vĩnh Phúc)
79980,GTA,ke-toan-doanh-nghiep,X02,Điểm học bạ,2025,18.0,Kế toán doanh nghiệp (học tại Vĩnh Phúc)
79981,GTA,ke-toan-doanh-nghiep,X03,Điểm học bạ,2025,18.0,Kế toán doanh nghiệp (học tại Vĩnh Phúc)
79982,GTA,ke-toan-doanh-nghiep,X25,Điểm học bạ,2025,18.0,Kế toán doanh nghiệp (học tại Vĩnh Phúc)
79983,GTA,ke-toan-doanh-nghiep,X26,Điểm học bạ,2025,18.0,Kế toán doanh nghiệp (học tại Vĩnh Phúc)
79984,GTA,ke-toan-doanh-nghiep,X27,Điểm học bạ,2025,18.0,Kế toán doanh nghiệp (học tại Vĩnh Phúc)
79985,GTA,ke-toan-doanh-nghiep,A00,Điểm thi THPT,2025,16.0,Kế toán doanh nghiệp (học tại Vĩnh Phúc)
79986,GTA,ke-toan-doanh-nghiep,A01,Điểm thi THPT,2025,16.0,Kế toán doanh nghiệp (học tại Vĩnh Phúc)
79987,GTA,ke-toan-doanh-nghiep,C01,Điểm thi THPT,2025,16.0,Kế toán doanh nghiệp (học tại Vĩnh Phúc)
79988,GTA,ke-toan-doanh-nghiep,C02,Điểm thi THPT,2025,16.0,Kế toán doanh nghiệp (học tại Vĩnh Phúc)
79989,GTA,ke-toan-doanh-nghiep,D01,Điểm thi THPT,2025,16.0,Kế toán doanh nghiệp (học tại Vĩnh Phúc)
79990,GTA,ke-toan-doanh-nghiep,D07,Điểm thi THPT,2025,16.0,Kế toán doanh nghiệp (học tại Vĩnh Phúc)
79991,GTA,ke-toan-doanh-nghiep,X01,Điểm thi THPT,2025,16.0,Kế toán doanh nghiệp (học tại Vĩnh Phúc)
79992,GTA,ke-toan-doanh-nghiep,X02,Điểm thi THPT,2025,16.0,Kế toán doanh nghiệp (học tại Vĩnh Phúc)
79993,GTA,ke-toan-doanh-nghiep,X03,Điểm thi THPT,2025,16.0,Kế toán doanh nghiệp (học tại Vĩnh Phúc)
79994,GTA,ke-toan-doanh-nghiep,X25,Điểm thi THPT,2025,16.0,Kế toán doanh nghiệp (học tại Vĩnh Phúc)
79995,GTA,ke-toan-doanh-nghiep,X26,Điểm thi THPT,2025,16.0,Kế toán doanh nghiệp (học tại Vĩnh Phúc)
79996,GTA,ke-toan-doanh-nghiep,X27,Điểm thi THPT,2025,16.0,Kế toán doanh nghiệp (học tại Vĩnh Phúc)
79997,GTA,khai-thac-van-tai,A00,Điểm học bạ,2021,18.0,Khai thác vận tải
79998,GTA,khai-thac-van-tai,A01,Điểm học bạ,2021,18.0,Khai thác vận tải
79999,GTA,khai-thac-van-tai,D01,Điểm học bạ,2021,18.0,Khai thác vận tải
80000,GTA,khai-thac-van-tai,D07,Điểm học bạ,2021,18.0,Khai thác vận tải
80001,GTA,khai-thac-van-tai,A00,Điểm thi THPT,2021,22.9,Khai thác vận tải
80002,GTA,khai-thac-van-tai,A01,Điểm thi THPT,2021,22.9,Khai thác vận tải
80003,GTA,khai-thac-van-tai,D01,Điểm thi THPT,2021,22.9,Khai thác vận tải
80004,GTA,khai-thac-van-tai,D07,Điểm thi THPT,2021,22.9,Khai thác vận tải
80005,GTA,kien-truc-noi-that,A00,Điểm học bạ,2023,20.0,Kiến trúc nội thất
80006,GTA,kien-truc-noi-that,A01,Điểm học bạ,2023,20.0,Kiến trúc nội thất
80007,GTA,kien-truc-noi-that,D01,Điểm học bạ,2023,20.0,Kiến trúc nội thất
80008,GTA,kien-truc-noi-that,D07,Điểm học bạ,2023,20.0,Kiến trúc nội thất
80009,GTA,kien-truc-noi-that,A00,Điểm thi THPT,2023,16.0,Kiến trúc nội thất
80010,GTA,kien-truc-noi-that,A01,Điểm thi THPT,2023,16.0,Kiến trúc nội thất
80011,GTA,kien-truc-noi-that,D01,Điểm thi THPT,2023,16.0,Kiến trúc nội thất
80012,GTA,kien-truc-noi-that,D07,Điểm thi THPT,2023,16.0,Kiến trúc nội thất
80013,GTA,kien-truc-noi-that,A00,Điểm học bạ,2024,20.0,Kiến trúc nội thất
80014,GTA,kien-truc-noi-that,A01,Điểm học bạ,2024,20.0,Kiến trúc nội thất
80015,GTA,kien-truc-noi-that,D01,Điểm học bạ,2024,20.0,Kiến trúc nội thất
80016,GTA,kien-truc-noi-that,D07,Điểm học bạ,2024,20.0,Kiến trúc nội thất
80017,GTA,kien-truc-noi-that,A00,Điểm thi THPT,2024,22.45,Kiến trúc nội thất
80018,GTA,kien-truc-noi-that,A01,Điểm thi THPT,2024,22.45,Kiến trúc nội thất
80019,GTA,kien-truc-noi-that,D01,Điểm thi THPT,2024,22.45,Kiến trúc nội thất
80020,GTA,kien-truc-noi-that,D07,Điểm thi THPT,2024,22.45,Kiến trúc nội thất
80021,GTA,kien-truc-noi-that,A00,Điểm học bạ,2025,23.0,Kiến trúc nội thất
80022,GTA,kien-truc-noi-that,A01,Điểm học bạ,2025,23.0,Kiến trúc nội thất
80023,GTA,kien-truc-noi-that,C01,Điểm học bạ,2025,23.0,Kiến trúc nội thất
80024,GTA,kien-truc-noi-that,C02,Điểm học bạ,2025,23.0,Kiến trúc nội thất
80025,GTA,kien-truc-noi-that,D01,Điểm học bạ,2025,23.0,Kiến trúc nội thất
80026,GTA,kien-truc-noi-that,D07,Điểm học bạ,2025,23.0,Kiến trúc nội thất
80027,GTA,kien-truc-noi-that,X02,Điểm học bạ,2025,23.0,Kiến trúc nội thất
80028,GTA,kien-truc-noi-that,X03,Điểm học bạ,2025,23.0,Kiến trúc nội thất
80029,GTA,kien-truc-noi-that,X26,Điểm học bạ,2025,23.0,Kiến trúc nội thất
80030,GTA,kien-truc-noi-that,X27,Điểm học bạ,2025,23.0,Kiến trúc nội thất
80031,GTA,kien-truc-noi-that,A00,Điểm thi THPT,2025,20.0,Kiến trúc nội thất
80032,GTA,kien-truc-noi-that,A01,Điểm thi THPT,2025,20.0,Kiến trúc nội thất
80033,GTA,kien-truc-noi-that,C01,Điểm thi THPT,2025,20.0,Kiến trúc nội thất
80034,GTA,kien-truc-noi-that,C02,Điểm thi THPT,2025,20.0,Kiến trúc nội thất
80035,GTA,kien-truc-noi-that,D01,Điểm thi THPT,2025,20.0,Kiến trúc nội thất
80036,GTA,kien-truc-noi-that,D07,Điểm thi THPT,2025,20.0,Kiến trúc nội thất
80037,GTA,kien-truc-noi-that,X02,Điểm thi THPT,2025,20.0,Kiến trúc nội thất
80038,GTA,kien-truc-noi-that,X03,Điểm thi THPT,2025,20.0,Kiến trúc nội thất
80039,GTA,kien-truc-noi-that,X26,Điểm thi THPT,2025,20.0,Kiến trúc nội thất
80040,GTA,kien-truc-noi-that,X27,Điểm thi THPT,2025,20.0,Kiến trúc nội thất
80041,GTA,kinh-doanh-quoc-te,A00,Điểm học bạ,2025,21.0,Kinh doanh quốc tế (tăng cường tiếng Anh)
80042,GTA,kinh-doanh-quoc-te,A01,Điểm học bạ,2025,21.0,Kinh doanh quốc tế (tăng cường tiếng Anh)
80043,GTA,kinh-doanh-quoc-te,C01,Điểm học bạ,2025,21.0,Kinh doanh quốc tế (tăng cường tiếng Anh)
80044,GTA,kinh-doanh-quoc-te,C02,Điểm học bạ,2025,21.0,Kinh doanh quốc tế (tăng cường tiếng Anh)
80045,GTA,kinh-doanh-quoc-te,D01,Điểm học bạ,2025,21.0,Kinh doanh quốc tế (tăng cường tiếng Anh)
80046,GTA,kinh-doanh-quoc-te,D07,Điểm học bạ,2025,21.0,Kinh doanh quốc tế (tăng cường tiếng Anh)
80047,GTA,kinh-doanh-quoc-te,X01,Điểm học bạ,2025,21.0,Kinh doanh quốc tế (tăng cường tiếng Anh)
80048,GTA,kinh-doanh-quoc-te,X02,Điểm học bạ,2025,21.0,Kinh doanh quốc tế (tăng cường tiếng Anh)
80049,GTA,kinh-doanh-quoc-te,X03,Điểm học bạ,2025,21.0,Kinh doanh quốc tế (tăng cường tiếng Anh)
80050,GTA,kinh-doanh-quoc-te,X25,Điểm học bạ,2025,21.0,Kinh doanh quốc tế (tăng cường tiếng Anh)
80051,GTA,kinh-doanh-quoc-te,X26,Điểm học bạ,2025,21.0,Kinh doanh quốc tế (tăng cường tiếng Anh)
80052,GTA,kinh-doanh-quoc-te,X27,Điểm học bạ,2025,21.0,Kinh doanh quốc tế (tăng cường tiếng Anh)
80053,GTA,kinh-doanh-quoc-te,A00,Điểm thi THPT,2025,18.0,Kinh doanh quốc tế (tăng cường tiếng Anh)
80054,GTA,kinh-doanh-quoc-te,A01,Điểm thi THPT,2025,18.0,Kinh doanh quốc tế (tăng cường tiếng Anh)
80055,GTA,kinh-doanh-quoc-te,C01,Điểm thi THPT,2025,18.0,Kinh doanh quốc tế (tăng cường tiếng Anh)
80056,GTA,kinh-doanh-quoc-te,C02,Điểm thi THPT,2025,18.0,Kinh doanh quốc tế (tăng cường tiếng Anh)
80057,GTA,kinh-doanh-quoc-te,D01,Điểm thi THPT,2025,18.0,Kinh doanh quốc tế (tăng cường tiếng Anh)
80058,GTA,kinh-doanh-quoc-te,D07,Điểm thi THPT,2025,18.0,Kinh doanh quốc tế (tăng cường tiếng Anh)
80059,GTA,kinh-doanh-quoc-te,X01,Điểm thi THPT,2025,18.0,Kinh doanh quốc tế (tăng cường tiếng Anh)
80060,GTA,kinh-doanh-quoc-te,X02,Điểm thi THPT,2025,18.0,Kinh doanh quốc tế (tăng cường tiếng Anh)
80061,GTA,kinh-doanh-quoc-te,X03,Điểm thi THPT,2025,18.0,Kinh doanh quốc tế (tăng cường tiếng Anh)
80062,GTA,kinh-doanh-quoc-te,X25,Điểm thi THPT,2025,18.0,Kinh doanh quốc tế (tăng cường tiếng Anh)
80063,GTA,kinh-doanh-quoc-te,X26,Điểm thi THPT,2025,18.0,Kinh doanh quốc tế (tăng cường tiếng Anh)
80064,GTA,kinh-doanh-quoc-te,X27,Điểm thi THPT,2025,18.0,Kinh doanh quốc tế (tăng cường tiếng Anh)
80065,GTA,kinh-doanh-so,A00,Điểm học bạ,2025,23.0,Kinh doanh số
80066,GTA,kinh-doanh-so,A01,Điểm học bạ,2025,23.0,Kinh doanh số
80067,GTA,kinh-doanh-so,C01,Điểm học bạ,2025,23.0,Kinh doanh số
80068,GTA,kinh-doanh-so,C02,Điểm học bạ,2025,23.0,Kinh doanh số
80069,GTA,kinh-doanh-so,D01,Điểm học bạ,2025,23.0,Kinh doanh số
80070,GTA,kinh-doanh-so,D07,Điểm học bạ,2025,23.0,Kinh doanh số
80071,GTA,kinh-doanh-so,X01,Điểm học bạ,2025,23.0,Kinh doanh số
80072,GTA,kinh-doanh-so,X02,Điểm học bạ,2025,23.0,Kinh doanh số
80073,GTA,kinh-doanh-so,X03,Điểm học bạ,2025,23.0,Kinh doanh số
80074,GTA,kinh-doanh-so,X25,Điểm học bạ,2025,23.0,Kinh doanh số
80075,GTA,kinh-doanh-so,X26,Điểm học bạ,2025,23.0,Kinh doanh số
80076,GTA,kinh-doanh-so,X27,Điểm học bạ,2025,23.0,Kinh doanh số
80077,GTA,kinh-doanh-so,A00,Điểm thi THPT,2025,20.0,Kinh doanh số
80078,GTA,kinh-doanh-so,A01,Điểm thi THPT,2025,20.0,Kinh doanh số
80079,GTA,kinh-doanh-so,C01,Điểm thi THPT,2025,20.0,Kinh doanh số
80080,GTA,kinh-doanh-so,C02,Điểm thi THPT,2025,20.0,Kinh doanh số
80081,GTA,kinh-doanh-so,D01,Điểm thi THPT,2025,20.0,Kinh doanh số
80082,GTA,kinh-doanh-so,D07,Điểm thi THPT,2025,20.0,Kinh doanh số
80083,GTA,kinh-doanh-so,X01,Điểm thi THPT,2025,20.0,Kinh doanh số
80084,GTA,kinh-doanh-so,X02,Điểm thi THPT,2025,20.0,Kinh doanh số
80085,GTA,kinh-doanh-so,X03,Điểm thi THPT,2025,20.0,Kinh doanh số
80086,GTA,kinh-doanh-so,X25,Điểm thi THPT,2025,20.0,Kinh doanh số
80087,GTA,kinh-doanh-so,X26,Điểm thi THPT,2025,20.0,Kinh doanh số
80088,GTA,kinh-doanh-so,X27,Điểm thi THPT,2025,20.0,Kinh doanh số
80089,GTA,kinh-te-va-quan-ly-bat-dong-san,A00,Điểm học bạ,2025,23.0,Kinh tế và quản lý bất động sản
80090,GTA,kinh-te-va-quan-ly-bat-dong-san,A01,Điểm học bạ,2025,23.0,Kinh tế và quản lý bất động sản
80091,GTA,kinh-te-va-quan-ly-bat-dong-san,C01,Điểm học bạ,2025,23.0,Kinh tế và quản lý bất động sản
80092,GTA,kinh-te-va-quan-ly-bat-dong-san,C02,Điểm học bạ,2025,23.0,Kinh tế và quản lý bất động sản
80093,GTA,kinh-te-va-quan-ly-bat-dong-san,D01,Điểm học bạ,2025,23.0,Kinh tế và quản lý bất động sản
80094,GTA,kinh-te-va-quan-ly-bat-dong-san,D07,Điểm học bạ,2025,23.0,Kinh tế và quản lý bất động sản
80095,GTA,kinh-te-va-quan-ly-bat-dong-san,X02,Điểm học bạ,2025,23.0,Kinh tế và quản lý bất động sản
80096,GTA,kinh-te-va-quan-ly-bat-dong-san,X03,Điểm học bạ,2025,23.0,Kinh tế và quản lý bất động sản
80097,GTA,kinh-te-va-quan-ly-bat-dong-san,X26,Điểm học bạ,2025,23.0,Kinh tế và quản lý bất động sản
80098,GTA,kinh-te-va-quan-ly-bat-dong-san,X27,Điểm học bạ,2025,23.0,Kinh tế và quản lý bất động sản
80099,GTA,kinh-te-va-quan-ly-bat-dong-san,A00,Điểm thi THPT,2025,20.0,Kinh tế và quản lý bất động sản
80100,GTA,kinh-te-va-quan-ly-bat-dong-san,A01,Điểm thi THPT,2025,20.0,Kinh tế và quản lý bất động sản
80101,GTA,kinh-te-va-quan-ly-bat-dong-san,C01,Điểm thi THPT,2025,20.0,Kinh tế và quản lý bất động sản
80102,GTA,kinh-te-va-quan-ly-bat-dong-san,C02,Điểm thi THPT,2025,20.0,Kinh tế và quản lý bất động sản
80103,GTA,kinh-te-va-quan-ly-bat-dong-san,D01,Điểm thi THPT,2025,20.0,Kinh tế và quản lý bất động sản
80104,GTA,kinh-te-va-quan-ly-bat-dong-san,D07,Điểm thi THPT,2025,20.0,Kinh tế và quản lý bất động sản
80105,GTA,kinh-te-va-quan-ly-bat-dong-san,X02,Điểm thi THPT,2025,20.0,Kinh tế và quản lý bất động sản
80106,GTA,kinh-te-va-quan-ly-bat-dong-san,X03,Điểm thi THPT,2025,20.0,Kinh tế và quản lý bất động sản
80107,GTA,kinh-te-va-quan-ly-bat-dong-san,X26,Điểm thi THPT,2025,20.0,Kinh tế và quản lý bất động sản
80108,GTA,kinh-te-va-quan-ly-bat-dong-san,X27,Điểm thi THPT,2025,20.0,Kinh tế và quản lý bất động sản
80109,GTA,kinh-te-xay-dung,A00,Điểm học bạ,2021,18.0,Kinh tế xây dựng
80110,GTA,kinh-te-xay-dung,A01,Điểm học bạ,2021,18.0,Kinh tế xây dựng
80111,GTA,kinh-te-xay-dung,D01,Điểm học bạ,2021,18.0,Kinh tế xây dựng
80112,GTA,kinh-te-xay-dung,D07,Điểm học bạ,2021,18.0,Kinh tế xây dựng
80113,GTA,kinh-te-xay-dung,A00,Điểm thi THPT,2021,17.0,Kinh tế xây dựng
80114,GTA,kinh-te-xay-dung,A01,Điểm thi THPT,2021,17.0,Kinh tế xây dựng
80115,GTA,kinh-te-xay-dung,D01,Điểm thi THPT,2021,17.0,Kinh tế xây dựng
80116,GTA,kinh-te-xay-dung,D07,Điểm thi THPT,2021,17.0,Kinh tế xây dựng
80117,GTA,kinh-te-xay-dung,A00,Điểm học bạ,2022,19.0,Kinh tế xây dựng (học tại Vĩnh Phúc)
80118,GTA,kinh-te-xay-dung,A01,Điểm học bạ,2022,19.0,Kinh tế xây dựng (học tại Vĩnh Phúc)
80119,GTA,kinh-te-xay-dung,D01,Điểm học bạ,2022,19.0,Kinh tế xây dựng (học tại Vĩnh Phúc)
80120,GTA,kinh-te-xay-dung,D07,Điểm học bạ,2022,19.0,Kinh tế xây dựng (học tại Vĩnh Phúc)
80121,GTA,kinh-te-xay-dung,A00,Điểm thi THPT,2022,17.65,Kinh tế xây dựng (học tại Vĩnh Phúc)
80122,GTA,kinh-te-xay-dung,A01,Điểm thi THPT,2022,17.65,Kinh tế xây dựng (học tại Vĩnh Phúc)
80123,GTA,kinh-te-xay-dung,D01,Điểm thi THPT,2022,17.65,Kinh tế xây dựng (học tại Vĩnh Phúc)
80124,GTA,kinh-te-xay-dung,D07,Điểm thi THPT,2022,17.65,Kinh tế xây dựng (học tại Vĩnh Phúc)
80125,GTA,kinh-te-xay-dung,A00,Điểm học bạ,2023,23.0,Kinh tế xây dựng
80126,GTA,kinh-te-xay-dung,A01,Điểm học bạ,2023,23.0,Kinh tế xây dựng
80127,GTA,kinh-te-xay-dung,D01,Điểm học bạ,2023,23.0,Kinh tế xây dựng
80128,GTA,kinh-te-xay-dung,D07,Điểm học bạ,2023,23.0,Kinh tế xây dựng
80129,GTA,kinh-te-xay-dung,A00,Điểm thi THPT,2023,21.4,Kinh tế xây dựng
80130,GTA,kinh-te-xay-dung,A01,Điểm thi THPT,2023,21.4,Kinh tế xây dựng
80131,GTA,kinh-te-xay-dung,D01,Điểm thi THPT,2023,21.4,Kinh tế xây dựng
80132,GTA,kinh-te-xay-dung,D07,Điểm thi THPT,2023,21.4,Kinh tế xây dựng
80133,GTA,kinh-te-xay-dung,A00,Điểm học bạ,2024,23.0,Kinh tế xây dựng
80134,GTA,kinh-te-xay-dung,A01,Điểm học bạ,2024,23.0,Kinh tế xây dựng
80135,GTA,kinh-te-xay-dung,D01,Điểm học bạ,2024,23.0,Kinh tế xây dựng
80136,GTA,kinh-te-xay-dung,D07,Điểm học bạ,2024,23.0,Kinh tế xây dựng
80137,GTA,kinh-te-xay-dung,A00,Điểm thi THPT,2024,20.0,Kinh tế xây dựng
80138,GTA,kinh-te-xay-dung,A01,Điểm thi THPT,2024,20.0,Kinh tế xây dựng
80139,GTA,kinh-te-xay-dung,D01,Điểm thi THPT,2024,20.0,Kinh tế xây dựng
80140,GTA,kinh-te-xay-dung,D07,Điểm thi THPT,2024,20.0,Kinh tế xây dựng
80141,GTA,kinh-te-xay-dung,A00,Điểm học bạ,2025,23.0,Kinh tế xây dựng
80142,GTA,kinh-te-xay-dung,A01,Điểm học bạ,2025,23.0,Kinh tế xây dựng
80143,GTA,kinh-te-xay-dung,C01,Điểm học bạ,2025,23.0,Kinh tế xây dựng
80144,GTA,kinh-te-xay-dung,C02,Điểm học bạ,2025,23.0,Kinh tế xây dựng
80145,GTA,kinh-te-xay-dung,D01,Điểm học bạ,2025,23.0,Kinh tế xây dựng
80146,GTA,kinh-te-xay-dung,D07,Điểm học bạ,2025,23.0,Kinh tế xây dựng
80147,GTA,kinh-te-xay-dung,X02,Điểm học bạ,2025,23.0,Kinh tế xây dựng
80148,GTA,kinh-te-xay-dung,X03,Điểm học bạ,2025,23.0,Kinh tế xây dựng
80149,GTA,kinh-te-xay-dung,X26,Điểm học bạ,2025,23.0,Kinh tế xây dựng
80150,GTA,kinh-te-xay-dung,X27,Điểm học bạ,2025,23.0,Kinh tế xây dựng
80151,GTA,kinh-te-xay-dung,A00,Điểm thi THPT,2025,20.0,Kinh tế xây dựng
80152,GTA,kinh-te-xay-dung,A01,Điểm thi THPT,2025,20.0,Kinh tế xây dựng
80153,GTA,kinh-te-xay-dung,C01,Điểm thi THPT,2025,20.0,Kinh tế xây dựng
80154,GTA,kinh-te-xay-dung,C02,Điểm thi THPT,2025,20.0,Kinh tế xây dựng
80155,GTA,kinh-te-xay-dung,D01,Điểm thi THPT,2025,20.0,Kinh tế xây dựng
80156,GTA,kinh-te-xay-dung,D07,Điểm thi THPT,2025,20.0,Kinh tế xây dựng
80157,GTA,kinh-te-xay-dung,X02,Điểm thi THPT,2025,20.0,Kinh tế xây dựng
80158,GTA,kinh-te-xay-dung,X03,Điểm thi THPT,2025,20.0,Kinh tế xây dựng
80159,GTA,kinh-te-xay-dung,X26,Điểm thi THPT,2025,20.0,Kinh tế xây dựng
80160,GTA,kinh-te-xay-dung,X27,Điểm thi THPT,2025,20.0,Kinh tế xây dựng
80161,GTA,ky-thuat-vi-dien-tu-va-vat-ly-ban-dan,A00,Điểm học bạ,2025,24.0,Kỹ thuật vi điện tử và vật lý bán dẫn
80162,GTA,ky-thuat-vi-dien-tu-va-vat-ly-ban-dan,A01,Điểm học bạ,2025,24.0,Kỹ thuật vi điện tử và vật lý bán dẫn
80163,GTA,ky-thuat-vi-dien-tu-va-vat-ly-ban-dan,C01,Điểm học bạ,2025,24.0,Kỹ thuật vi điện tử và vật lý bán dẫn
80164,GTA,ky-thuat-vi-dien-tu-va-vat-ly-ban-dan,C02,Điểm học bạ,2025,24.0,Kỹ thuật vi điện tử và vật lý bán dẫn
80165,GTA,ky-thuat-vi-dien-tu-va-vat-ly-ban-dan,D01,Điểm học bạ,2025,24.0,Kỹ thuật vi điện tử và vật lý bán dẫn
80166,GTA,ky-thuat-vi-dien-tu-va-vat-ly-ban-dan,D07,Điểm học bạ,2025,24.0,Kỹ thuật vi điện tử và vật lý bán dẫn
80167,GTA,ky-thuat-vi-dien-tu-va-vat-ly-ban-dan,X02,Điểm học bạ,2025,24.0,Kỹ thuật vi điện tử và vật lý bán dẫn
80168,GTA,ky-thuat-vi-dien-tu-va-vat-ly-ban-dan,X03,Điểm học bạ,2025,24.0,Kỹ thuật vi điện tử và vật lý bán dẫn
80169,GTA,ky-thuat-vi-dien-tu-va-vat-ly-ban-dan,X26,Điểm học bạ,2025,24.0,Kỹ thuật vi điện tử và vật lý bán dẫn
80170,GTA,ky-thuat-vi-dien-tu-va-vat-ly-ban-dan,X27,Điểm học bạ,2025,24.0,Kỹ thuật vi điện tử và vật lý bán dẫn
80171,GTA,ky-thuat-vi-dien-tu-va-vat-ly-ban-dan,A00,Điểm thi THPT,2025,21.0,Kỹ thuật vi điện tử và vật lý bán dẫn
80172,GTA,ky-thuat-vi-dien-tu-va-vat-ly-ban-dan,A01,Điểm thi THPT,2025,21.0,Kỹ thuật vi điện tử và vật lý bán dẫn
80173,GTA,ky-thuat-vi-dien-tu-va-vat-ly-ban-dan,C01,Điểm thi THPT,2025,21.0,Kỹ thuật vi điện tử và vật lý bán dẫn
80174,GTA,ky-thuat-vi-dien-tu-va-vat-ly-ban-dan,C02,Điểm thi THPT,2025,21.0,Kỹ thuật vi điện tử và vật lý bán dẫn
80175,GTA,ky-thuat-vi-dien-tu-va-vat-ly-ban-dan,D01,Điểm thi THPT,2025,21.0,Kỹ thuật vi điện tử và vật lý bán dẫn
80176,GTA,ky-thuat-vi-dien-tu-va-vat-ly-ban-dan,D07,Điểm thi THPT,2025,21.0,Kỹ thuật vi điện tử và vật lý bán dẫn
80177,GTA,ky-thuat-vi-dien-tu-va-vat-ly-ban-dan,X02,Điểm thi THPT,2025,21.0,Kỹ thuật vi điện tử và vật lý bán dẫn
80178,GTA,ky-thuat-vi-dien-tu-va-vat-ly-ban-dan,X03,Điểm thi THPT,2025,21.0,Kỹ thuật vi điện tử và vật lý bán dẫn
80179,GTA,ky-thuat-vi-dien-tu-va-vat-ly-ban-dan,X26,Điểm thi THPT,2025,21.0,Kỹ thuật vi điện tử và vật lý bán dẫn
80180,GTA,ky-thuat-vi-dien-tu-va-vat-ly-ban-dan,X27,Điểm thi THPT,2025,21.0,Kỹ thuật vi điện tử và vật lý bán dẫn
80181,GTA,logistics,A00,Điểm học bạ,2025,24.0,Logistics (Trường Đại học Tongmyong - Hàn Quốc cấp bằng)
80182,GTA,logistics,A01,Điểm học bạ,2025,24.0,Logistics (Trường Đại học Tongmyong - Hàn Quốc cấp bằng)
80183,GTA,logistics,C01,Điểm học bạ,2025,24.0,Logistics (Trường Đại học Tongmyong - Hàn Quốc cấp bằng)
80184,GTA,logistics,C02,Điểm học bạ,2025,24.0,Logistics (Trường Đại học Tongmyong - Hàn Quốc cấp bằng)
80185,GTA,logistics,D01,Điểm học bạ,2025,24.0,Logistics (Trường Đại học Tongmyong - Hàn Quốc cấp bằng)
80186,GTA,logistics,D07,Điểm học bạ,2025,24.0,Logistics (Trường Đại học Tongmyong - Hàn Quốc cấp bằng)
80187,GTA,logistics,X02,Điểm học bạ,2025,24.0,Logistics (Trường Đại học Tongmyong - Hàn Quốc cấp bằng)
80188,GTA,logistics,X03,Điểm học bạ,2025,24.0,Logistics (Trường Đại học Tongmyong - Hàn Quốc cấp bằng)
80189,GTA,logistics,X26,Điểm học bạ,2025,24.0,Logistics (Trường Đại học Tongmyong - Hàn Quốc cấp bằng)
80190,GTA,logistics,X27,Điểm học bạ,2025,24.0,Logistics (Trường Đại học Tongmyong - Hàn Quốc cấp bằng)
80191,GTA,logistics,A00,Điểm thi THPT,2025,21.0,Logistics (Trường Đại học Tongmyong - Hàn Quốc cấp bằng)
80192,GTA,logistics,A01,Điểm thi THPT,2025,21.0,Logistics (Trường Đại học Tongmyong - Hàn Quốc cấp bằng)
80193,GTA,logistics,C01,Điểm thi THPT,2025,21.0,Logistics (Trường Đại học Tongmyong - Hàn Quốc cấp bằng)
80194,GTA,logistics,C02,Điểm thi THPT,2025,21.0,Logistics (Trường Đại học Tongmyong - Hàn Quốc cấp bằng)
80195,GTA,logistics,D01,Điểm thi THPT,2025,21.0,Logistics (Trường Đại học Tongmyong - Hàn Quốc cấp bằng)
80196,GTA,logistics,D07,Điểm thi THPT,2025,21.0,Logistics (Trường Đại học Tongmyong - Hàn Quốc cấp bằng)
80197,GTA,logistics,X02,Điểm thi THPT,2025,21.0,Logistics (Trường Đại học Tongmyong - Hàn Quốc cấp bằng)
80198,GTA,logistics,X03,Điểm thi THPT,2025,21.0,Logistics (Trường Đại học Tongmyong - Hàn Quốc cấp bằng)
80199,GTA,logistics,X26,Điểm thi THPT,2025,21.0,Logistics (Trường Đại học Tongmyong - Hàn Quốc cấp bằng)
80200,GTA,logistics,X27,Điểm thi THPT,2025,21.0,Logistics (Trường Đại học Tongmyong - Hàn Quốc cấp bằng)
80201,GTA,logistics-truong-dai-hoc-tongmyong-han-quoc-cap-bang,A00,Điểm học bạ,2024,20.0,Logistics - Trường Đại học Tongmyong - Hàn Quốc cấp bằng
80202,GTA,logistics-truong-dai-hoc-tongmyong-han-quoc-cap-bang,A01,Điểm học bạ,2024,20.0,Logistics - Trường Đại học Tongmyong - Hàn Quốc cấp bằng
80203,GTA,logistics-truong-dai-hoc-tongmyong-han-quoc-cap-bang,D01,Điểm học bạ,2024,20.0,Logistics - Trường Đại học Tongmyong - Hàn Quốc cấp bằng
80204,GTA,logistics-truong-dai-hoc-tongmyong-han-quoc-cap-bang,D07,Điểm học bạ,2024,20.0,Logistics - Trường Đại học Tongmyong - Hàn Quốc cấp bằng
80205,GTA,logistics-truong-dai-hoc-tongmyong-han-quoc-cap-bang,A00,Điểm thi THPT,2024,18.0,Logistics - Trường Đại học Tongmyong - Hàn Quốc cấp bằng
80206,GTA,logistics-truong-dai-hoc-tongmyong-han-quoc-cap-bang,A01,Điểm thi THPT,2024,18.0,Logistics - Trường Đại học Tongmyong - Hàn Quốc cấp bằng
80207,GTA,logistics-truong-dai-hoc-tongmyong-han-quoc-cap-bang,D01,Điểm thi THPT,2024,18.0,Logistics - Trường Đại học Tongmyong - Hàn Quốc cấp bằng
80208,GTA,logistics-truong-dai-hoc-tongmyong-han-quoc-cap-bang,D07,Điểm thi THPT,2024,18.0,Logistics - Trường Đại học Tongmyong - Hàn Quốc cấp bằng
80209,GTA,logistics-va-ha-tang-giao-thong,A00,Điểm học bạ,2022,25.0,Logistics và hạ tầng giao thông
80210,GTA,logistics-va-ha-tang-giao-thong,A01,Điểm học bạ,2022,25.0,Logistics và hạ tầng giao thông
80211,GTA,logistics-va-ha-tang-giao-thong,D01,Điểm học bạ,2022,25.0,Logistics và hạ tầng giao thông
80212,GTA,logistics-va-ha-tang-giao-thong,D07,Điểm học bạ,2022,25.0,Logistics và hạ tầng giao thông
80213,GTA,logistics-va-ha-tang-giao-thong,A00,Điểm thi THPT,2022,19.0,Logistics và hạ tầng giao thông
80214,GTA,logistics-va-ha-tang-giao-thong,A01,Điểm thi THPT,2022,19.0,Logistics và hạ tầng giao thông
80215,GTA,logistics-va-ha-tang-giao-thong,D01,Điểm thi THPT,2022,19.0,Logistics và hạ tầng giao thông
80216,GTA,logistics-va-ha-tang-giao-thong,D07,Điểm thi THPT,2022,19.0,Logistics và hạ tầng giao thông
80217,GTA,logistics-va-ha-tang-giao-thong,A00,Điểm học bạ,2023,24.0,Logistics và hạ tầng giao thông
80218,GTA,logistics-va-ha-tang-giao-thong,A01,Điểm học bạ,2023,24.0,Logistics và hạ tầng giao thông
80219,GTA,logistics-va-ha-tang-giao-thong,D01,Điểm học bạ,2023,24.0,Logistics và hạ tầng giao thông
80220,GTA,logistics-va-ha-tang-giao-thong,D07,Điểm học bạ,2023,24.0,Logistics và hạ tầng giao thông
80221,GTA,logistics-va-ha-tang-giao-thong,A00,Điểm thi THPT,2023,23.15,Logistics và hạ tầng giao thông
80222,GTA,logistics-va-ha-tang-giao-thong,A01,Điểm thi THPT,2023,23.15,Logistics và hạ tầng giao thông
80223,GTA,logistics-va-ha-tang-giao-thong,D01,Điểm thi THPT,2023,23.15,Logistics và hạ tầng giao thông
80224,GTA,logistics-va-ha-tang-giao-thong,D07,Điểm thi THPT,2023,23.15,Logistics và hạ tầng giao thông
80225,GTA,logistics-va-ha-tang-giao-thong,A00,Điểm học bạ,2024,24.0,Logistics và hạ tầng giao thông
80226,GTA,logistics-va-ha-tang-giao-thong,A01,Điểm học bạ,2024,24.0,Logistics và hạ tầng giao thông
80227,GTA,logistics-va-ha-tang-giao-thong,D01,Điểm học bạ,2024,24.0,Logistics và hạ tầng giao thông
80228,GTA,logistics-va-ha-tang-giao-thong,D07,Điểm học bạ,2024,24.0,Logistics và hạ tầng giao thông
80229,GTA,logistics-va-ha-tang-giao-thong,A00,Điểm thi THPT,2024,23.52,Logistics và hạ tầng giao thông
80230,GTA,logistics-va-ha-tang-giao-thong,A01,Điểm thi THPT,2024,23.52,Logistics và hạ tầng giao thông
80231,GTA,logistics-va-ha-tang-giao-thong,D01,Điểm thi THPT,2024,23.52,Logistics và hạ tầng giao thông
80232,GTA,logistics-va-ha-tang-giao-thong,D07,Điểm thi THPT,2024,23.52,Logistics và hạ tầng giao thông
80233,GTA,logistics-va-ha-tang-giao-thong,A00,Điểm học bạ,2025,24.0,Logistics và hạ tầng giao thông
80234,GTA,logistics-va-ha-tang-giao-thong,A01,Điểm học bạ,2025,24.0,Logistics và hạ tầng giao thông
80235,GTA,logistics-va-ha-tang-giao-thong,C01,Điểm học bạ,2025,24.0,Logistics và hạ tầng giao thông
80236,GTA,logistics-va-ha-tang-giao-thong,C02,Điểm học bạ,2025,24.0,Logistics và hạ tầng giao thông
80237,GTA,logistics-va-ha-tang-giao-thong,D01,Điểm học bạ,2025,24.0,Logistics và hạ tầng giao thông
80238,GTA,logistics-va-ha-tang-giao-thong,D07,Điểm học bạ,2025,24.0,Logistics và hạ tầng giao thông
80239,GTA,logistics-va-ha-tang-giao-thong,X02,Điểm học bạ,2025,24.0,Logistics và hạ tầng giao thông
80240,GTA,logistics-va-ha-tang-giao-thong,X03,Điểm học bạ,2025,24.0,Logistics và hạ tầng giao thông
80241,GTA,logistics-va-ha-tang-giao-thong,X26,Điểm học bạ,2025,24.0,Logistics và hạ tầng giao thông
80242,GTA,logistics-va-ha-tang-giao-thong,X27,Điểm học bạ,2025,24.0,Logistics và hạ tầng giao thông
80243,GTA,logistics-va-ha-tang-giao-thong,A00,Điểm thi THPT,2025,21.0,Logistics và hạ tầng giao thông
80244,GTA,logistics-va-ha-tang-giao-thong,A01,Điểm thi THPT,2025,21.0,Logistics và hạ tầng giao thông
80245,GTA,logistics-va-ha-tang-giao-thong,C01,Điểm thi THPT,2025,21.0,Logistics và hạ tầng giao thông
80246,GTA,logistics-va-ha-tang-giao-thong,C02,Điểm thi THPT,2025,21.0,Logistics và hạ tầng giao thông
80247,GTA,logistics-va-ha-tang-giao-thong,D01,Điểm thi THPT,2025,21.0,Logistics và hạ tầng giao thông
80248,GTA,logistics-va-ha-tang-giao-thong,D07,Điểm thi THPT,2025,21.0,Logistics và hạ tầng giao thông
80249,GTA,logistics-va-ha-tang-giao-thong,X02,Điểm thi THPT,2025,21.0,Logistics và hạ tầng giao thông
80250,GTA,logistics-va-ha-tang-giao-thong,X03,Điểm thi THPT,2025,21.0,Logistics và hạ tầng giao thông
80251,GTA,logistics-va-ha-tang-giao-thong,X26,Điểm thi THPT,2025,21.0,Logistics và hạ tầng giao thông
80252,GTA,logistics-va-ha-tang-giao-thong,X27,Điểm thi THPT,2025,21.0,Logistics và hạ tầng giao thông
80253,GTA,logistics-va-quan-ly-chuoi-cung-ung,A00,Điểm học bạ,2021,18.0,Logistics và quản lý chuỗi cung ứng (VP)
80254,GTA,logistics-va-quan-ly-chuoi-cung-ung,A01,Điểm học bạ,2021,18.0,Logistics và quản lý chuỗi cung ứng (VP)
80255,GTA,logistics-va-quan-ly-chuoi-cung-ung,D01,Điểm học bạ,2021,18.0,Logistics và quản lý chuỗi cung ứng (VP)
80256,GTA,logistics-va-quan-ly-chuoi-cung-ung,D07,Điểm học bạ,2021,18.0,Logistics và quản lý chuỗi cung ứng (VP)
80257,GTA,logistics-va-quan-ly-chuoi-cung-ung,A00,Điểm thi THPT,2021,25.7,Logistics và quản lý chuỗi cung ứng
80258,GTA,logistics-va-quan-ly-chuoi-cung-ung,A01,Điểm thi THPT,2021,25.7,Logistics và quản lý chuỗi cung ứng
80259,GTA,logistics-va-quan-ly-chuoi-cung-ung,D01,Điểm thi THPT,2021,25.7,Logistics và quản lý chuỗi cung ứng
80260,GTA,logistics-va-quan-ly-chuoi-cung-ung,D07,Điểm thi THPT,2021,25.7,Logistics và quản lý chuỗi cung ứng
80261,GTA,logistics-va-quan-ly-chuoi-cung-ung,A00,Điểm học bạ,2022,19.0,Logistics và quản lý chuỗi cung ứng (học tại Vĩnh Phúc)
80262,GTA,logistics-va-quan-ly-chuoi-cung-ung,A01,Điểm học bạ,2022,19.0,Logistics và quản lý chuỗi cung ứng (học tại Vĩnh Phúc)
80263,GTA,logistics-va-quan-ly-chuoi-cung-ung,D01,Điểm học bạ,2022,19.0,Logistics và quản lý chuỗi cung ứng (học tại Vĩnh Phúc)
80264,GTA,logistics-va-quan-ly-chuoi-cung-ung,D07,Điểm học bạ,2022,19.0,Logistics và quản lý chuỗi cung ứng (học tại Vĩnh Phúc)
80265,GTA,logistics-va-quan-ly-chuoi-cung-ung,A00,Điểm thi THPT,2022,22.5,Logistics và quản lý chuỗi cung ứng (học tại Vĩnh Phúc)
80266,GTA,logistics-va-quan-ly-chuoi-cung-ung,A01,Điểm thi THPT,2022,22.5,Logistics và quản lý chuỗi cung ứng (học tại Vĩnh Phúc)
80267,GTA,logistics-va-quan-ly-chuoi-cung-ung,D01,Điểm thi THPT,2022,22.5,Logistics và quản lý chuỗi cung ứng (học tại Vĩnh Phúc)
80268,GTA,logistics-va-quan-ly-chuoi-cung-ung,D07,Điểm thi THPT,2022,22.5,Logistics và quản lý chuỗi cung ứng (học tại Vĩnh Phúc)
80269,GTA,logistics-va-quan-ly-chuoi-cung-ung,A00,Điểm học bạ,2023,29.0,Logistics và quản lý chuỗi cung ứng
80270,GTA,logistics-va-quan-ly-chuoi-cung-ung,A01,Điểm học bạ,2023,29.0,Logistics và quản lý chuỗi cung ứng
80271,GTA,logistics-va-quan-ly-chuoi-cung-ung,D01,Điểm học bạ,2023,29.0,Logistics và quản lý chuỗi cung ứng
80272,GTA,logistics-va-quan-ly-chuoi-cung-ung,D07,Điểm học bạ,2023,29.0,Logistics và quản lý chuỗi cung ứng
80273,GTA,logistics-va-quan-ly-chuoi-cung-ung,A00,Điểm thi THPT,2023,24.12,Logistics và quản lý chuỗi cung ứng
80274,GTA,logistics-va-quan-ly-chuoi-cung-ung,A01,Điểm thi THPT,2023,24.12,Logistics và quản lý chuỗi cung ứng
80275,GTA,logistics-va-quan-ly-chuoi-cung-ung,D01,Điểm thi THPT,2023,24.12,Logistics và quản lý chuỗi cung ứng
80276,GTA,logistics-va-quan-ly-chuoi-cung-ung,D07,Điểm thi THPT,2023,24.12,Logistics và quản lý chuỗi cung ứng
80277,GTA,logistics-va-quan-ly-chuoi-cung-ung,A00,Điểm học bạ,2024,26.0,Logistics và quản lý chuỗi cung ứng
80278,GTA,logistics-va-quan-ly-chuoi-cung-ung,A01,Điểm học bạ,2024,26.0,Logistics và quản lý chuỗi cung ứng
80279,GTA,logistics-va-quan-ly-chuoi-cung-ung,D01,Điểm học bạ,2024,26.0,Logistics và quản lý chuỗi cung ứng
80280,GTA,logistics-va-quan-ly-chuoi-cung-ung,D07,Điểm học bạ,2024,26.0,Logistics và quản lý chuỗi cung ứng
80281,GTA,logistics-va-quan-ly-chuoi-cung-ung,A00,Điểm thi THPT,2024,24.54,Logistics và quản lý chuỗi cung ứng
80282,GTA,logistics-va-quan-ly-chuoi-cung-ung,A01,Điểm thi THPT,2024,24.54,Logistics và quản lý chuỗi cung ứng
80283,GTA,logistics-va-quan-ly-chuoi-cung-ung,D01,Điểm thi THPT,2024,24.54,Logistics và quản lý chuỗi cung ứng
80284,GTA,logistics-va-quan-ly-chuoi-cung-ung,D07,Điểm thi THPT,2024,24.54,Logistics và quản lý chuỗi cung ứng
80285,GTA,logistics-va-quan-ly-chuoi-cung-ung,A00,Điểm học bạ,2025,27.5,Logistics và quản lý chuỗi cung ứng
80286,GTA,logistics-va-quan-ly-chuoi-cung-ung,A01,Điểm học bạ,2025,27.5,Logistics và quản lý chuỗi cung ứng
80287,GTA,logistics-va-quan-ly-chuoi-cung-ung,C01,Điểm học bạ,2025,27.5,Logistics và quản lý chuỗi cung ứng
80288,GTA,logistics-va-quan-ly-chuoi-cung-ung,C02,Điểm học bạ,2025,27.5,Logistics và quản lý chuỗi cung ứng
80289,GTA,logistics-va-quan-ly-chuoi-cung-ung,D01,Điểm học bạ,2025,27.5,Logistics và quản lý chuỗi cung ứng
80290,GTA,logistics-va-quan-ly-chuoi-cung-ung,D07,Điểm học bạ,2025,27.5,Logistics và quản lý chuỗi cung ứng
80291,GTA,logistics-va-quan-ly-chuoi-cung-ung,X02,Điểm học bạ,2025,27.5,Logistics và quản lý chuỗi cung ứng
80292,GTA,logistics-va-quan-ly-chuoi-cung-ung,X03,Điểm học bạ,2025,27.5,Logistics và quản lý chuỗi cung ứng
80293,GTA,logistics-va-quan-ly-chuoi-cung-ung,X26,Điểm học bạ,2025,27.5,Logistics và quản lý chuỗi cung ứng
80294,GTA,logistics-va-quan-ly-chuoi-cung-ung,X27,Điểm học bạ,2025,27.5,Logistics và quản lý chuỗi cung ứng
80295,GTA,logistics-va-quan-ly-chuoi-cung-ung,A00,Điểm thi THPT,2025,24.5,Logistics và quản lý chuỗi cung ứng
80296,GTA,logistics-va-quan-ly-chuoi-cung-ung,A01,Điểm thi THPT,2025,24.5,Logistics và quản lý chuỗi cung ứng
80297,GTA,logistics-va-quan-ly-chuoi-cung-ung,C01,Điểm thi THPT,2025,24.5,Logistics và quản lý chuỗi cung ứng
80298,GTA,logistics-va-quan-ly-chuoi-cung-ung,C02,Điểm thi THPT,2025,24.5,Logistics và quản lý chuỗi cung ứng
80299,GTA,logistics-va-quan-ly-chuoi-cung-ung,D01,Điểm thi THPT,2025,24.5,Logistics và quản lý chuỗi cung ứng
80300,GTA,logistics-va-quan-ly-chuoi-cung-ung,D07,Điểm thi THPT,2025,24.5,Logistics và quản lý chuỗi cung ứng
80301,GTA,logistics-va-quan-ly-chuoi-cung-ung,X02,Điểm thi THPT,2025,24.5,Logistics và quản lý chuỗi cung ứng
80302,GTA,logistics-va-quan-ly-chuoi-cung-ung,X03,Điểm thi THPT,2025,24.5,Logistics và quản lý chuỗi cung ứng
80303,GTA,logistics-va-quan-ly-chuoi-cung-ung,X26,Điểm thi THPT,2025,24.5,Logistics và quản lý chuỗi cung ứng
80304,GTA,logistics-va-quan-ly-chuoi-cung-ung,X27,Điểm thi THPT,2025,24.5,Logistics và quản lý chuỗi cung ứng
80305,GTA,logistics-va-van-tai-da-phuong-thuc,A00,Điểm học bạ,2022,22.0,Logistics và vận tải đa phương thức
80306,GTA,logistics-va-van-tai-da-phuong-thuc,A01,Điểm học bạ,2022,22.0,Logistics và vận tải đa phương thức
80307,GTA,logistics-va-van-tai-da-phuong-thuc,D01,Điểm học bạ,2022,22.0,Logistics và vận tải đa phương thức
80308,GTA,logistics-va-van-tai-da-phuong-thuc,D07,Điểm học bạ,2022,22.0,Logistics và vận tải đa phương thức
80309,GTA,logistics-va-van-tai-da-phuong-thuc,A00,Điểm thi THPT,2022,23.3,Logistics và vận tài đa phương thức
80310,GTA,logistics-va-van-tai-da-phuong-thuc,A01,Điểm thi THPT,2022,23.3,Logistics và vận tài đa phương thức
80311,GTA,logistics-va-van-tai-da-phuong-thuc,D01,Điểm thi THPT,2022,23.3,Logistics và vận tài đa phương thức
80312,GTA,logistics-va-van-tai-da-phuong-thuc,D07,Điểm thi THPT,2022,23.3,Logistics và vận tài đa phương thức
80313,GTA,logistics-va-van-tai-da-phuong-thuc,A00,Điểm học bạ,2023,25.0,Logistics và vận tải đa phương thức
80314,GTA,logistics-va-van-tai-da-phuong-thuc,A01,Điểm học bạ,2023,25.0,Logistics và vận tải đa phương thức
80315,GTA,logistics-va-van-tai-da-phuong-thuc,D01,Điểm học bạ,2023,25.0,Logistics và vận tải đa phương thức
80316,GTA,logistics-va-van-tai-da-phuong-thuc,D07,Điểm học bạ,2023,25.0,Logistics và vận tải đa phương thức
80317,GTA,logistics-va-van-tai-da-phuong-thuc,A00,Điểm thi THPT,2023,23.6,Logistics và vận tài đa phương thức
80318,GTA,logistics-va-van-tai-da-phuong-thuc,A01,Điểm thi THPT,2023,23.6,Logistics và vận tài đa phương thức
80319,GTA,logistics-va-van-tai-da-phuong-thuc,D01,Điểm thi THPT,2023,23.6,Logistics và vận tài đa phương thức
80320,GTA,logistics-va-van-tai-da-phuong-thuc,D07,Điểm thi THPT,2023,23.6,Logistics và vận tài đa phương thức
80321,GTA,logistics-va-van-tai-da-phuong-thuc,A00,Điểm học bạ,2024,24.0,Logistics và vận tải đa phương thức
80322,GTA,logistics-va-van-tai-da-phuong-thuc,A01,Điểm học bạ,2024,24.0,Logistics và vận tải đa phương thức
80323,GTA,logistics-va-van-tai-da-phuong-thuc,D01,Điểm học bạ,2024,24.0,Logistics và vận tải đa phương thức
80324,GTA,logistics-va-van-tai-da-phuong-thuc,D07,Điểm học bạ,2024,24.0,Logistics và vận tải đa phương thức
80325,GTA,logistics-va-van-tai-da-phuong-thuc,A00,Điểm thi THPT,2024,23.65,Logistics và vận tải đa phương thức
80326,GTA,logistics-va-van-tai-da-phuong-thuc,A01,Điểm thi THPT,2024,23.65,Logistics và vận tải đa phương thức
80327,GTA,logistics-va-van-tai-da-phuong-thuc,D01,Điểm thi THPT,2024,23.65,Logistics và vận tải đa phương thức
80328,GTA,logistics-va-van-tai-da-phuong-thuc,D07,Điểm thi THPT,2024,23.65,Logistics và vận tải đa phương thức
80329,GTA,logistics-va-van-tai-da-phuong-thuc,A00,Điểm học bạ,2025,25.5,Logistics và vận tải đa phương thức
80330,GTA,logistics-va-van-tai-da-phuong-thuc,A01,Điểm học bạ,2025,25.5,Logistics và vận tải đa phương thức
80331,GTA,logistics-va-van-tai-da-phuong-thuc,C01,Điểm học bạ,2025,25.5,Logistics và vận tải đa phương thức
80332,GTA,logistics-va-van-tai-da-phuong-thuc,C02,Điểm học bạ,2025,25.5,Logistics và vận tải đa phương thức
80333,GTA,logistics-va-van-tai-da-phuong-thuc,D01,Điểm học bạ,2025,25.5,Logistics và vận tải đa phương thức
80334,GTA,logistics-va-van-tai-da-phuong-thuc,D07,Điểm học bạ,2025,25.5,Logistics và vận tải đa phương thức
80335,GTA,logistics-va-van-tai-da-phuong-thuc,X02,Điểm học bạ,2025,25.5,Logistics và vận tải đa phương thức
80336,GTA,logistics-va-van-tai-da-phuong-thuc,X03,Điểm học bạ,2025,25.5,Logistics và vận tải đa phương thức
80337,GTA,logistics-va-van-tai-da-phuong-thuc,X26,Điểm học bạ,2025,25.5,Logistics và vận tải đa phương thức
80338,GTA,logistics-va-van-tai-da-phuong-thuc,X27,Điểm học bạ,2025,25.5,Logistics và vận tải đa phương thức
80339,GTA,logistics-va-van-tai-da-phuong-thuc,A00,Điểm thi THPT,2025,22.5,Logistics và vận tải đa phương thức
80340,GTA,logistics-va-van-tai-da-phuong-thuc,A01,Điểm thi THPT,2025,22.5,Logistics và vận tải đa phương thức
80341,GTA,logistics-va-van-tai-da-phuong-thuc,C01,Điểm thi THPT,2025,22.5,Logistics và vận tải đa phương thức
80342,GTA,logistics-va-van-tai-da-phuong-thuc,C02,Điểm thi THPT,2025,22.5,Logistics và vận tải đa phương thức
80343,GTA,logistics-va-van-tai-da-phuong-thuc,D01,Điểm thi THPT,2025,22.5,Logistics và vận tải đa phương thức
80344,GTA,logistics-va-van-tai-da-phuong-thuc,D07,Điểm thi THPT,2025,22.5,Logistics và vận tải đa phương thức
80345,GTA,logistics-va-van-tai-da-phuong-thuc,X02,Điểm thi THPT,2025,22.5,Logistics và vận tải đa phương thức
80346,GTA,logistics-va-van-tai-da-phuong-thuc,X03,Điểm thi THPT,2025,22.5,Logistics và vận tải đa phương thức
80347,GTA,logistics-va-van-tai-da-phuong-thuc,X26,Điểm thi THPT,2025,22.5,Logistics và vận tải đa phương thức
80348,GTA,logistics-va-van-tai-da-phuong-thuc,X27,Điểm thi THPT,2025,22.5,Logistics và vận tải đa phương thức
80349,GTA,lu-hanh-va-du-lich,A00,Điểm học bạ,2025,25.0,Lữ hành và du lịch
80350,GTA,lu-hanh-va-du-lich,A01,Điểm học bạ,2025,25.0,Lữ hành và du lịch
80351,GTA,lu-hanh-va-du-lich,C01,Điểm học bạ,2025,25.0,Lữ hành và du lịch
80352,GTA,lu-hanh-va-du-lich,C02,Điểm học bạ,2025,25.0,Lữ hành và du lịch
80353,GTA,lu-hanh-va-du-lich,D01,Điểm học bạ,2025,25.0,Lữ hành và du lịch
80354,GTA,lu-hanh-va-du-lich,D07,Điểm học bạ,2025,25.0,Lữ hành và du lịch
80355,GTA,lu-hanh-va-du-lich,X02,Điểm học bạ,2025,25.0,Lữ hành và du lịch
80356,GTA,lu-hanh-va-du-lich,X03,Điểm học bạ,2025,25.0,Lữ hành và du lịch
80357,GTA,lu-hanh-va-du-lich,X26,Điểm học bạ,2025,25.0,Lữ hành và du lịch
80358,GTA,lu-hanh-va-du-lich,X27,Điểm học bạ,2025,25.0,Lữ hành và du lịch
80359,GTA,lu-hanh-va-du-lich,A00,Điểm thi THPT,2025,22.0,Lữ hành và du lịch
80360,GTA,lu-hanh-va-du-lich,A01,Điểm thi THPT,2025,22.0,Lữ hành và du lịch
80361,GTA,lu-hanh-va-du-lich,C01,Điểm thi THPT,2025,22.0,Lữ hành và du lịch
80362,GTA,lu-hanh-va-du-lich,C02,Điểm thi THPT,2025,22.0,Lữ hành và du lịch
80363,GTA,lu-hanh-va-du-lich,D01,Điểm thi THPT,2025,22.0,Lữ hành và du lịch
80364,GTA,lu-hanh-va-du-lich,D07,Điểm thi THPT,2025,22.0,Lữ hành và du lịch
80365,GTA,lu-hanh-va-du-lich,X02,Điểm thi THPT,2025,22.0,Lữ hành và du lịch
80366,GTA,lu-hanh-va-du-lich,X03,Điểm thi THPT,2025,22.0,Lữ hành và du lịch
80367,GTA,lu-hanh-va-du-lich,X26,Điểm thi THPT,2025,22.0,Lữ hành và du lịch
80368,GTA,lu-hanh-va-du-lich,X27,Điểm thi THPT,2025,22.0,Lữ hành và du lịch
80369,GTA,luat,A00,Điểm học bạ,2024,24.0,Luật
80370,GTA,luat,A01,Điểm học bạ,2024,24.0,Luật
80371,GTA,luat,D01,Điểm học bạ,2024,24.0,Luật
80372,GTA,luat,D07,Điểm học bạ,2024,24.0,Luật
80373,GTA,luat,A00,Điểm thi THPT,2024,20.0,Luật
80374,GTA,luat,A01,Điểm thi THPT,2024,20.0,Luật
80375,GTA,luat,D01,Điểm thi THPT,2024,20.0,Luật
80376,GTA,luat,D07,Điểm thi THPT,2024,20.0,Luật
80377,GTA,luat,C00,Điểm học bạ,2025,27.0,Luật
80378,GTA,luat,C03,Điểm học bạ,2025,27.0,Luật
80379,GTA,luat,C04,Điểm học bạ,2025,27.0,Luật
80380,GTA,luat,D01,Điểm học bạ,2025,27.0,Luật
80381,GTA,luat,X01,Điểm học bạ,2025,27.0,Luật
80382,GTA,luat,X25,Điểm học bạ,2025,27.0,Luật
80383,GTA,luat,C00,Điểm thi THPT,2025,24.0,Luật
80384,GTA,luat,C03,Điểm thi THPT,2025,24.0,Luật
80385,GTA,luat,C04,Điểm thi THPT,2025,24.0,Luật
80386,GTA,luat,D01,Điểm thi THPT,2025,24.0,Luật
80387,GTA,luat,X01,Điểm thi THPT,2025,24.0,Luật
80388,GTA,luat,X25,Điểm thi THPT,2025,24.0,Luật
80389,GTA,mang-may-tinh-va-truyen-thong-dl,A00,Điểm học bạ,2021,22.0,Mạng máy tính và truyền thông DL
80390,GTA,mang-may-tinh-va-truyen-thong-dl,A01,Điểm học bạ,2021,22.0,Mạng máy tính và truyền thông DL
80391,GTA,mang-may-tinh-va-truyen-thong-dl,D01,Điểm học bạ,2021,22.0,Mạng máy tính và truyền thông DL
80392,GTA,mang-may-tinh-va-truyen-thong-dl,D07,Điểm học bạ,2021,22.0,Mạng máy tính và truyền thông DL
80393,GTA,mang-may-tinh-va-truyen-thong-du-lieu,A00,Điểm thi THPT,2021,23.8,Mạng máy tính và truyền thông dữ liệu
80394,GTA,mang-may-tinh-va-truyen-thong-du-lieu,A01,Điểm thi THPT,2021,23.8,Mạng máy tính và truyền thông dữ liệu
80395,GTA,mang-may-tinh-va-truyen-thong-du-lieu,D01,Điểm thi THPT,2021,23.8,Mạng máy tính và truyền thông dữ liệu
80396,GTA,mang-may-tinh-va-truyen-thong-du-lieu,D07,Điểm thi THPT,2021,23.8,Mạng máy tính và truyền thông dữ liệu
80397,GTA,mang-may-tinh-va-truyen-thong-du-lieu,A00,Điểm học bạ,2022,24.0,Mạng máy tính và truyền thông dữ liệu
80398,GTA,mang-may-tinh-va-truyen-thong-du-lieu,A01,Điểm học bạ,2022,24.0,Mạng máy tính và truyền thông dữ liệu
80399,GTA,mang-may-tinh-va-truyen-thong-du-lieu,D01,Điểm học bạ,2022,24.0,Mạng máy tính và truyền thông dữ liệu
80400,GTA,mang-may-tinh-va-truyen-thong-du-lieu,D07,Điểm học bạ,2022,24.0,Mạng máy tính và truyền thông dữ liệu
80401,GTA,mang-may-tinh-va-truyen-thong-du-lieu,A00,Điểm thi THPT,2022,24.05,Mạng máy tính và truyền thông dữ liệu
80402,GTA,mang-may-tinh-va-truyen-thong-du-lieu,A01,Điểm thi THPT,2022,24.05,Mạng máy tính và truyền thông dữ liệu
80403,GTA,mang-may-tinh-va-truyen-thong-du-lieu,D01,Điểm thi THPT,2022,24.05,Mạng máy tính và truyền thông dữ liệu
80404,GTA,mang-may-tinh-va-truyen-thong-du-lieu,D07,Điểm thi THPT,2022,24.05,Mạng máy tính và truyền thông dữ liệu
80405,GTA,may-va-thiet-bi-tu-dong-hoa-xay-dung,A00,Điểm học bạ,2025,18.0,Máy và thiết bị tự động hóa xây dựng
80406,GTA,may-va-thiet-bi-tu-dong-hoa-xay-dung,A01,Điểm học bạ,2025,18.0,Máy và thiết bị tự động hóa xây dựng
80407,GTA,may-va-thiet-bi-tu-dong-hoa-xay-dung,C01,Điểm học bạ,2025,18.0,Máy và thiết bị tự động hóa xây dựng
80408,GTA,may-va-thiet-bi-tu-dong-hoa-xay-dung,C02,Điểm học bạ,2025,18.0,Máy và thiết bị tự động hóa xây dựng
80409,GTA,may-va-thiet-bi-tu-dong-hoa-xay-dung,D01,Điểm học bạ,2025,18.0,Máy và thiết bị tự động hóa xây dựng
80410,GTA,may-va-thiet-bi-tu-dong-hoa-xay-dung,D07,Điểm học bạ,2025,18.0,Máy và thiết bị tự động hóa xây dựng
80411,GTA,may-va-thiet-bi-tu-dong-hoa-xay-dung,X02,Điểm học bạ,2025,18.0,Máy và thiết bị tự động hóa xây dựng
80412,GTA,may-va-thiet-bi-tu-dong-hoa-xay-dung,X03,Điểm học bạ,2025,18.0,Máy và thiết bị tự động hóa xây dựng
80413,GTA,may-va-thiet-bi-tu-dong-hoa-xay-dung,X26,Điểm học bạ,2025,18.0,Máy và thiết bị tự động hóa xây dựng
80414,GTA,may-va-thiet-bi-tu-dong-hoa-xay-dung,X27,Điểm học bạ,2025,18.0,Máy và thiết bị tự động hóa xây dựng
80415,GTA,may-va-thiet-bi-tu-dong-hoa-xay-dung,A00,Điểm thi THPT,2025,16.0,Máy và thiết bị tự động hóa xây dựng
80416,GTA,may-va-thiet-bi-tu-dong-hoa-xay-dung,A01,Điểm thi THPT,2025,16.0,Máy và thiết bị tự động hóa xây dựng
80417,GTA,may-va-thiet-bi-tu-dong-hoa-xay-dung,C01,Điểm thi THPT,2025,16.0,Máy và thiết bị tự động hóa xây dựng
80418,GTA,may-va-thiet-bi-tu-dong-hoa-xay-dung,C02,Điểm thi THPT,2025,16.0,Máy và thiết bị tự động hóa xây dựng
80419,GTA,may-va-thiet-bi-tu-dong-hoa-xay-dung,D01,Điểm thi THPT,2025,16.0,Máy và thiết bị tự động hóa xây dựng
80420,GTA,may-va-thiet-bi-tu-dong-hoa-xay-dung,D07,Điểm thi THPT,2025,16.0,Máy và thiết bị tự động hóa xây dựng
80421,GTA,may-va-thiet-bi-tu-dong-hoa-xay-dung,X02,Điểm thi THPT,2025,16.0,Máy và thiết bị tự động hóa xây dựng
80422,GTA,may-va-thiet-bi-tu-dong-hoa-xay-dung,X03,Điểm thi THPT,2025,16.0,Máy và thiết bị tự động hóa xây dựng
80423,GTA,may-va-thiet-bi-tu-dong-hoa-xay-dung,X26,Điểm thi THPT,2025,16.0,Máy và thiết bị tự động hóa xây dựng
80424,GTA,may-va-thiet-bi-tu-dong-hoa-xay-dung,X27,Điểm thi THPT,2025,16.0,Máy và thiết bị tự động hóa xây dựng
80425,GTA,mo-hinh-thong-tin-cong-trinh-giao-thong,A00,Điểm học bạ,2025,18.0,Mô hình thông tin công trình giao thông (BIM)
80426,GTA,mo-hinh-thong-tin-cong-trinh-giao-thong,A01,Điểm học bạ,2025,18.0,Mô hình thông tin công trình giao thông (BIM)
80427,GTA,mo-hinh-thong-tin-cong-trinh-giao-thong,C01,Điểm học bạ,2025,18.0,Mô hình thông tin công trình giao thông (BIM)
80428,GTA,mo-hinh-thong-tin-cong-trinh-giao-thong,C02,Điểm học bạ,2025,18.0,Mô hình thông tin công trình giao thông (BIM)
80429,GTA,mo-hinh-thong-tin-cong-trinh-giao-thong,D01,Điểm học bạ,2025,18.0,Mô hình thông tin công trình giao thông (BIM)
80430,GTA,mo-hinh-thong-tin-cong-trinh-giao-thong,D07,Điểm học bạ,2025,18.0,Mô hình thông tin công trình giao thông (BIM)
80431,GTA,mo-hinh-thong-tin-cong-trinh-giao-thong,X02,Điểm học bạ,2025,18.0,Mô hình thông tin công trình giao thông (BIM)
80432,GTA,mo-hinh-thong-tin-cong-trinh-giao-thong,X03,Điểm học bạ,2025,18.0,Mô hình thông tin công trình giao thông (BIM)
80433,GTA,mo-hinh-thong-tin-cong-trinh-giao-thong,X26,Điểm học bạ,2025,18.0,Mô hình thông tin công trình giao thông (BIM)
80434,GTA,mo-hinh-thong-tin-cong-trinh-giao-thong,X27,Điểm học bạ,2025,18.0,Mô hình thông tin công trình giao thông (BIM)
80435,GTA,mo-hinh-thong-tin-cong-trinh-giao-thong,A00,Điểm thi THPT,2025,16.0,Mô hình thông tin công trình giao thông (BIM)
80436,GTA,mo-hinh-thong-tin-cong-trinh-giao-thong,A01,Điểm thi THPT,2025,16.0,Mô hình thông tin công trình giao thông (BIM)
80437,GTA,mo-hinh-thong-tin-cong-trinh-giao-thong,C01,Điểm thi THPT,2025,16.0,Mô hình thông tin công trình giao thông (BIM)
80438,GTA,mo-hinh-thong-tin-cong-trinh-giao-thong,C02,Điểm thi THPT,2025,16.0,Mô hình thông tin công trình giao thông (BIM)
80439,GTA,mo-hinh-thong-tin-cong-trinh-giao-thong,D01,Điểm thi THPT,2025,16.0,Mô hình thông tin công trình giao thông (BIM)
80440,GTA,mo-hinh-thong-tin-cong-trinh-giao-thong,D07,Điểm thi THPT,2025,16.0,Mô hình thông tin công trình giao thông (BIM)
80441,GTA,mo-hinh-thong-tin-cong-trinh-giao-thong,X02,Điểm thi THPT,2025,16.0,Mô hình thông tin công trình giao thông (BIM)
80442,GTA,mo-hinh-thong-tin-cong-trinh-giao-thong,X03,Điểm thi THPT,2025,16.0,Mô hình thông tin công trình giao thông (BIM)
80443,GTA,mo-hinh-thong-tin-cong-trinh-giao-thong,X26,Điểm thi THPT,2025,16.0,Mô hình thông tin công trình giao thông (BIM)
80444,GTA,mo-hinh-thong-tin-cong-trinh-giao-thong,X27,Điểm thi THPT,2025,16.0,Mô hình thông tin công trình giao thông (BIM)
80445,GTA,mo-hinh-thong-tin-cong-trinh-trong-du-an-htgt,A00,Điểm học bạ,2024,20.0,Mô hình thông tin công trình (BIM) trong dự án HTGT
80446,GTA,mo-hinh-thong-tin-cong-trinh-trong-du-an-htgt,A01,Điểm học bạ,2024,20.0,Mô hình thông tin công trình (BIM) trong dự án HTGT
80447,GTA,mo-hinh-thong-tin-cong-trinh-trong-du-an-htgt,D01,Điểm học bạ,2024,20.0,Mô hình thông tin công trình (BIM) trong dự án HTGT
80448,GTA,mo-hinh-thong-tin-cong-trinh-trong-du-an-htgt,D07,Điểm học bạ,2024,20.0,Mô hình thông tin công trình (BIM) trong dự án HTGT
80449,GTA,mo-hinh-thong-tin-cong-trinh-trong-du-an-htgt,A00,Điểm thi THPT,2024,16.0,Mô hình thông tin công trình (BIM) trong dự án HTGT
80450,GTA,mo-hinh-thong-tin-cong-trinh-trong-du-an-htgt,A01,Điểm thi THPT,2024,16.0,Mô hình thông tin công trình (BIM) trong dự án HTGT
80451,GTA,mo-hinh-thong-tin-cong-trinh-trong-du-an-htgt,D01,Điểm thi THPT,2024,16.0,Mô hình thông tin công trình (BIM) trong dự án HTGT
80452,GTA,mo-hinh-thong-tin-cong-trinh-trong-du-an-htgt,D07,Điểm thi THPT,2024,16.0,Mô hình thông tin công trình (BIM) trong dự án HTGT
80453,GTA,ngon-ngu-anh,A00,Điểm học bạ,2024,24.0,Ngôn ngữ Anh
80454,GTA,ngon-ngu-anh,A01,Điểm học bạ,2024,24.0,Ngôn ngữ Anh
80455,GTA,ngon-ngu-anh,D01,Điểm học bạ,2024,24.0,Ngôn ngữ Anh
80456,GTA,ngon-ngu-anh,D07,Điểm học bạ,2024,24.0,Ngôn ngữ Anh
80457,GTA,ngon-ngu-anh,A00,Điểm thi THPT,2024,20.0,Ngôn ngữ Anh
80458,GTA,ngon-ngu-anh,A01,Điểm thi THPT,2024,20.0,Ngôn ngữ Anh
80459,GTA,ngon-ngu-anh,D01,Điểm thi THPT,2024,20.0,Ngôn ngữ Anh
80460,GTA,ngon-ngu-anh,D07,Điểm thi THPT,2024,20.0,Ngôn ngữ Anh
80461,GTA,ngon-ngu-anh,A01,Điểm học bạ,2025,26.2,Ngôn ngữ Anh
80462,GTA,ngon-ngu-anh,D01,Điểm học bạ,2025,26.2,Ngôn ngữ Anh
80463,GTA,ngon-ngu-anh,D07,Điểm học bạ,2025,26.2,Ngôn ngữ Anh
80464,GTA,ngon-ngu-anh,X25,Điểm học bạ,2025,26.2,Ngôn ngữ Anh
80465,GTA,ngon-ngu-anh,X26,Điểm học bạ,2025,26.2,Ngôn ngữ Anh
80466,GTA,ngon-ngu-anh,X27,Điểm học bạ,2025,26.2,Ngôn ngữ Anh
80467,GTA,ngon-ngu-anh,A01,Điểm thi THPT,2025,23.2,Ngôn ngữ Anh
80468,GTA,ngon-ngu-anh,D01,Điểm thi THPT,2025,23.2,Ngôn ngữ Anh
80469,GTA,ngon-ngu-anh,D07,Điểm thi THPT,2025,23.2,Ngôn ngữ Anh
80470,GTA,ngon-ngu-anh,X25,Điểm thi THPT,2025,23.2,Ngôn ngữ Anh
80471,GTA,ngon-ngu-anh,X26,Điểm thi THPT,2025,23.2,Ngôn ngữ Anh
80472,GTA,ngon-ngu-anh,X27,Điểm thi THPT,2025,23.2,Ngôn ngữ Anh
80473,GTA,quan-ly-khai-thac-va-bao-tri-duong-cao-toc,A00,Điểm học bạ,2024,20.0,"Quản lý, khai thác và bảo trì đường cao tốc"
80474,GTA,quan-ly-khai-thac-va-bao-tri-duong-cao-toc,A01,Điểm học bạ,2024,20.0,"Quản lý, khai thác và bảo trì đường cao tốc"
80475,GTA,quan-ly-khai-thac-va-bao-tri-duong-cao-toc,D01,Điểm học bạ,2024,20.0,"Quản lý, khai thác và bảo trì đường cao tốc"
80476,GTA,quan-ly-khai-thac-va-bao-tri-duong-cao-toc,D07,Điểm học bạ,2024,20.0,"Quản lý, khai thác và bảo trì đường cao tốc"
80477,GTA,quan-ly-khai-thac-va-bao-tri-duong-cao-toc,A00,Điểm thi THPT,2024,16.0,"Quản lý, khai thác và bảo trì đường cao tốc"
80478,GTA,quan-ly-khai-thac-va-bao-tri-duong-cao-toc,A01,Điểm thi THPT,2024,16.0,"Quản lý, khai thác và bảo trì đường cao tốc"
80479,GTA,quan-ly-khai-thac-va-bao-tri-duong-cao-toc,D01,Điểm thi THPT,2024,16.0,"Quản lý, khai thác và bảo trì đường cao tốc"
80480,GTA,quan-ly-khai-thac-va-bao-tri-duong-cao-toc,D07,Điểm thi THPT,2024,16.0,"Quản lý, khai thác và bảo trì đường cao tốc"
80481,GTA,quan-ly-khai-thac-va-bao-tri-duong-cao-toc,A00,Điểm học bạ,2025,18.0,Quản lý; khai thác và bảo trì đường cao tốc
80482,GTA,quan-ly-khai-thac-va-bao-tri-duong-cao-toc,A01,Điểm học bạ,2025,18.0,Quản lý; khai thác và bảo trì đường cao tốc
80483,GTA,quan-ly-khai-thac-va-bao-tri-duong-cao-toc,C01,Điểm học bạ,2025,18.0,Quản lý; khai thác và bảo trì đường cao tốc
80484,GTA,quan-ly-khai-thac-va-bao-tri-duong-cao-toc,C02,Điểm học bạ,2025,18.0,Quản lý; khai thác và bảo trì đường cao tốc
80485,GTA,quan-ly-khai-thac-va-bao-tri-duong-cao-toc,D01,Điểm học bạ,2025,18.0,Quản lý; khai thác và bảo trì đường cao tốc
80486,GTA,quan-ly-khai-thac-va-bao-tri-duong-cao-toc,D07,Điểm học bạ,2025,18.0,Quản lý; khai thác và bảo trì đường cao tốc
80487,GTA,quan-ly-khai-thac-va-bao-tri-duong-cao-toc,X02,Điểm học bạ,2025,18.0,Quản lý; khai thác và bảo trì đường cao tốc
80488,GTA,quan-ly-khai-thac-va-bao-tri-duong-cao-toc,X03,Điểm học bạ,2025,18.0,Quản lý; khai thác và bảo trì đường cao tốc
80489,GTA,quan-ly-khai-thac-va-bao-tri-duong-cao-toc,X26,Điểm học bạ,2025,18.0,Quản lý; khai thác và bảo trì đường cao tốc
80490,GTA,quan-ly-khai-thac-va-bao-tri-duong-cao-toc,X27,Điểm học bạ,2025,18.0,Quản lý; khai thác và bảo trì đường cao tốc
80491,GTA,quan-ly-khai-thac-va-bao-tri-duong-cao-toc,A00,Điểm thi THPT,2025,16.0,Quản lý; khai thác và bảo trì đường cao tốc
80492,GTA,quan-ly-khai-thac-va-bao-tri-duong-cao-toc,A01,Điểm thi THPT,2025,16.0,Quản lý; khai thác và bảo trì đường cao tốc
80493,GTA,quan-ly-khai-thac-va-bao-tri-duong-cao-toc,C01,Điểm thi THPT,2025,16.0,Quản lý; khai thác và bảo trì đường cao tốc
80494,GTA,quan-ly-khai-thac-va-bao-tri-duong-cao-toc,C02,Điểm thi THPT,2025,16.0,Quản lý; khai thác và bảo trì đường cao tốc
80495,GTA,quan-ly-khai-thac-va-bao-tri-duong-cao-toc,D01,Điểm thi THPT,2025,16.0,Quản lý; khai thác và bảo trì đường cao tốc
80496,GTA,quan-ly-khai-thac-va-bao-tri-duong-cao-toc,D07,Điểm thi THPT,2025,16.0,Quản lý; khai thác và bảo trì đường cao tốc
80497,GTA,quan-ly-khai-thac-va-bao-tri-duong-cao-toc,X02,Điểm thi THPT,2025,16.0,Quản lý; khai thác và bảo trì đường cao tốc
80498,GTA,quan-ly-khai-thac-va-bao-tri-duong-cao-toc,X03,Điểm thi THPT,2025,16.0,Quản lý; khai thác và bảo trì đường cao tốc
80499,GTA,quan-ly-khai-thac-va-bao-tri-duong-cao-toc,X26,Điểm thi THPT,2025,16.0,Quản lý; khai thác và bảo trì đường cao tốc
80500,GTA,quan-ly-khai-thac-va-bao-tri-duong-cao-toc,X27,Điểm thi THPT,2025,16.0,Quản lý; khai thác và bảo trì đường cao tốc
80501,GTA,quan-ly-va-dieu-hanh-van-tai-duong-sat,A00,Điểm học bạ,2024,20.0,Quản lý và điều hành vận tải đường sắt
80502,GTA,quan-ly-va-dieu-hanh-van-tai-duong-sat,A01,Điểm học bạ,2024,20.0,Quản lý và điều hành vận tải đường sắt
80503,GTA,quan-ly-va-dieu-hanh-van-tai-duong-sat,D01,Điểm học bạ,2024,20.0,Quản lý và điều hành vận tải đường sắt
80504,GTA,quan-ly-va-dieu-hanh-van-tai-duong-sat,D07,Điểm học bạ,2024,20.0,Quản lý và điều hành vận tải đường sắt
80505,GTA,quan-ly-va-dieu-hanh-van-tai-duong-sat,A00,Điểm thi THPT,2024,16.0,Quản lý và điều hành vận tải đường sắt
80506,GTA,quan-ly-va-dieu-hanh-van-tai-duong-sat,A01,Điểm thi THPT,2024,16.0,Quản lý và điều hành vận tải đường sắt
80507,GTA,quan-ly-va-dieu-hanh-van-tai-duong-sat,D01,Điểm thi THPT,2024,16.0,Quản lý và điều hành vận tải đường sắt
80508,GTA,quan-ly-va-dieu-hanh-van-tai-duong-sat,D07,Điểm thi THPT,2024,16.0,Quản lý và điều hành vận tải đường sắt
80509,GTA,quan-ly-va-dieu-hanh-van-tai-duong-sat,A00,Điểm học bạ,2025,21.0,Quản lý và điều hành vận tải đường sắt
80510,GTA,quan-ly-va-dieu-hanh-van-tai-duong-sat,A01,Điểm học bạ,2025,21.0,Quản lý và điều hành vận tải đường sắt
80511,GTA,quan-ly-va-dieu-hanh-van-tai-duong-sat,C01,Điểm học bạ,2025,21.0,Quản lý và điều hành vận tải đường sắt
80512,GTA,quan-ly-va-dieu-hanh-van-tai-duong-sat,C02,Điểm học bạ,2025,21.0,Quản lý và điều hành vận tải đường sắt
80513,GTA,quan-ly-va-dieu-hanh-van-tai-duong-sat,D01,Điểm học bạ,2025,21.0,Quản lý và điều hành vận tải đường sắt
80514,GTA,quan-ly-va-dieu-hanh-van-tai-duong-sat,D07,Điểm học bạ,2025,21.0,Quản lý và điều hành vận tải đường sắt
80515,GTA,quan-ly-va-dieu-hanh-van-tai-duong-sat,X02,Điểm học bạ,2025,21.0,Quản lý và điều hành vận tải đường sắt
80516,GTA,quan-ly-va-dieu-hanh-van-tai-duong-sat,X03,Điểm học bạ,2025,21.0,Quản lý và điều hành vận tải đường sắt
80517,GTA,quan-ly-va-dieu-hanh-van-tai-duong-sat,X26,Điểm học bạ,2025,21.0,Quản lý và điều hành vận tải đường sắt
80518,GTA,quan-ly-va-dieu-hanh-van-tai-duong-sat,X27,Điểm học bạ,2025,21.0,Quản lý và điều hành vận tải đường sắt
80519,GTA,quan-ly-va-dieu-hanh-van-tai-duong-sat,A00,Điểm thi THPT,2025,18.0,Quản lý và điều hành vận tải đường sắt
80520,GTA,quan-ly-va-dieu-hanh-van-tai-duong-sat,A01,Điểm thi THPT,2025,18.0,Quản lý và điều hành vận tải đường sắt
80521,GTA,quan-ly-va-dieu-hanh-van-tai-duong-sat,C01,Điểm thi THPT,2025,18.0,Quản lý và điều hành vận tải đường sắt
80522,GTA,quan-ly-va-dieu-hanh-van-tai-duong-sat,C02,Điểm thi THPT,2025,18.0,Quản lý và điều hành vận tải đường sắt
80523,GTA,quan-ly-va-dieu-hanh-van-tai-duong-sat,D01,Điểm thi THPT,2025,18.0,Quản lý và điều hành vận tải đường sắt
80524,GTA,quan-ly-va-dieu-hanh-van-tai-duong-sat,D07,Điểm thi THPT,2025,18.0,Quản lý và điều hành vận tải đường sắt
80525,GTA,quan-ly-va-dieu-hanh-van-tai-duong-sat,X02,Điểm thi THPT,2025,18.0,Quản lý và điều hành vận tải đường sắt
80526,GTA,quan-ly-va-dieu-hanh-van-tai-duong-sat,X03,Điểm thi THPT,2025,18.0,Quản lý và điều hành vận tải đường sắt
80527,GTA,quan-ly-va-dieu-hanh-van-tai-duong-sat,X26,Điểm thi THPT,2025,18.0,Quản lý và điều hành vận tải đường sắt
80528,GTA,quan-ly-va-dieu-hanh-van-tai-duong-sat,X27,Điểm thi THPT,2025,18.0,Quản lý và điều hành vận tải đường sắt
80529,GTA,quan-ly-xay-dung,A00,Điểm học bạ,2022,20.0,Quản lý xây dựng
80530,GTA,quan-ly-xay-dung,A01,Điểm học bạ,2022,20.0,Quản lý xây dựng
80531,GTA,quan-ly-xay-dung,D01,Điểm học bạ,2022,20.0,Quản lý xây dựng
80532,GTA,quan-ly-xay-dung,D07,Điểm học bạ,2022,20.0,Quản lý xây dựng
80533,GTA,quan-ly-xay-dung,A00,Điểm thi THPT,2022,16.75,Quản lý xây dựng
80534,GTA,quan-ly-xay-dung,A01,Điểm thi THPT,2022,16.75,Quản lý xây dựng
80535,GTA,quan-ly-xay-dung,D01,Điểm thi THPT,2022,16.75,Quản lý xây dựng
80536,GTA,quan-ly-xay-dung,D07,Điểm thi THPT,2022,16.75,Quản lý xây dựng
80537,GTA,quan-ly-xay-dung,A00,Điểm học bạ,2023,22.0,Quản lý xây dựng
80538,GTA,quan-ly-xay-dung,A01,Điểm học bạ,2023,22.0,Quản lý xây dựng
80539,GTA,quan-ly-xay-dung,D01,Điểm học bạ,2023,22.0,Quản lý xây dựng
80540,GTA,quan-ly-xay-dung,D07,Điểm học bạ,2023,22.0,Quản lý xây dựng
80541,GTA,quan-ly-xay-dung,A00,Điểm thi THPT,2023,21.1,Quản lý xây dựng
80542,GTA,quan-ly-xay-dung,A01,Điểm thi THPT,2023,21.1,Quản lý xây dựng
80543,GTA,quan-ly-xay-dung,D01,Điểm thi THPT,2023,21.1,Quản lý xây dựng
80544,GTA,quan-ly-xay-dung,D07,Điểm thi THPT,2023,21.1,Quản lý xây dựng
80545,GTA,quan-ly-xay-dung,A00,Điểm học bạ,2024,23.0,Quản lý xây dựng
80546,GTA,quan-ly-xay-dung,A01,Điểm học bạ,2024,23.0,Quản lý xây dựng
80547,GTA,quan-ly-xay-dung,D01,Điểm học bạ,2024,23.0,Quản lý xây dựng
80548,GTA,quan-ly-xay-dung,D07,Điểm học bạ,2024,23.0,Quản lý xây dựng
80549,GTA,quan-ly-xay-dung,A00,Điểm thi THPT,2024,20.05,Quản lý xây dựng
80550,GTA,quan-ly-xay-dung,A01,Điểm thi THPT,2024,20.05,Quản lý xây dựng
80551,GTA,quan-ly-xay-dung,D01,Điểm thi THPT,2024,20.05,Quản lý xây dựng
80552,GTA,quan-ly-xay-dung,D07,Điểm thi THPT,2024,20.05,Quản lý xây dựng
80553,GTA,quan-ly-xay-dung,A00,Điểm học bạ,2025,23.0,Quản lý xây dựng
80554,GTA,quan-ly-xay-dung,A01,Điểm học bạ,2025,23.0,Quản lý xây dựng
80555,GTA,quan-ly-xay-dung,C01,Điểm học bạ,2025,23.0,Quản lý xây dựng
80556,GTA,quan-ly-xay-dung,C02,Điểm học bạ,2025,23.0,Quản lý xây dựng
80557,GTA,quan-ly-xay-dung,D01,Điểm học bạ,2025,23.0,Quản lý xây dựng
80558,GTA,quan-ly-xay-dung,D07,Điểm học bạ,2025,23.0,Quản lý xây dựng
80559,GTA,quan-ly-xay-dung,X02,Điểm học bạ,2025,23.0,Quản lý xây dựng
80560,GTA,quan-ly-xay-dung,X03,Điểm học bạ,2025,23.0,Quản lý xây dựng
80561,GTA,quan-ly-xay-dung,X26,Điểm học bạ,2025,23.0,Quản lý xây dựng
80562,GTA,quan-ly-xay-dung,X27,Điểm học bạ,2025,23.0,Quản lý xây dựng
80563,GTA,quan-ly-xay-dung,A00,Điểm thi THPT,2025,20.0,Quản lý xây dựng
80564,GTA,quan-ly-xay-dung,A01,Điểm thi THPT,2025,20.0,Quản lý xây dựng
80565,GTA,quan-ly-xay-dung,C01,Điểm thi THPT,2025,20.0,Quản lý xây dựng
80566,GTA,quan-ly-xay-dung,C02,Điểm thi THPT,2025,20.0,Quản lý xây dựng
80567,GTA,quan-ly-xay-dung,D01,Điểm thi THPT,2025,20.0,Quản lý xây dựng
80568,GTA,quan-ly-xay-dung,D07,Điểm thi THPT,2025,20.0,Quản lý xây dựng
80569,GTA,quan-ly-xay-dung,X02,Điểm thi THPT,2025,20.0,Quản lý xây dựng
80570,GTA,quan-ly-xay-dung,X03,Điểm thi THPT,2025,20.0,Quản lý xây dựng
80571,GTA,quan-ly-xay-dung,X26,Điểm thi THPT,2025,20.0,Quản lý xây dựng
80572,GTA,quan-ly-xay-dung,X27,Điểm thi THPT,2025,20.0,Quản lý xây dựng
80573,GTA,quan-tri-doanh-nghiep,A00,Điểm học bạ,2022,25.0,Quản trị doanh nghiệp
80574,GTA,quan-tri-doanh-nghiep,A01,Điểm học bạ,2022,25.0,Quản trị doanh nghiệp
80575,GTA,quan-tri-doanh-nghiep,D01,Điểm học bạ,2022,25.0,Quản trị doanh nghiệp
80576,GTA,quan-tri-doanh-nghiep,D07,Điểm học bạ,2022,25.0,Quản trị doanh nghiệp
80577,GTA,quan-tri-doanh-nghiep,A00,Điểm thi THPT,2022,23.65,Quản trị doanh nghiệp
80578,GTA,quan-tri-doanh-nghiep,A01,Điểm thi THPT,2022,23.65,Quản trị doanh nghiệp
80579,GTA,quan-tri-doanh-nghiep,D01,Điểm thi THPT,2022,23.65,Quản trị doanh nghiệp
80580,GTA,quan-tri-doanh-nghiep,D07,Điểm thi THPT,2022,23.65,Quản trị doanh nghiệp
80581,GTA,quan-tri-doanh-nghiep,A00,Điểm học bạ,2023,27.0,Quản trị doanh nghiệp
80582,GTA,quan-tri-doanh-nghiep,A01,Điểm học bạ,2023,27.0,Quản trị doanh nghiệp
80583,GTA,quan-tri-doanh-nghiep,D01,Điểm học bạ,2023,27.0,Quản trị doanh nghiệp
80584,GTA,quan-tri-doanh-nghiep,D07,Điểm học bạ,2023,27.0,Quản trị doanh nghiệp
80585,GTA,quan-tri-doanh-nghiep,A00,Điểm thi THPT,2023,22.85,Quản trị doanh nghiệp
80586,GTA,quan-tri-doanh-nghiep,A01,Điểm thi THPT,2023,22.85,Quản trị doanh nghiệp
80587,GTA,quan-tri-doanh-nghiep,D01,Điểm thi THPT,2023,22.85,Quản trị doanh nghiệp
80588,GTA,quan-tri-doanh-nghiep,D07,Điểm thi THPT,2023,22.85,Quản trị doanh nghiệp
80589,GTA,quan-tri-doanh-nghiep,A00,Điểm học bạ,2024,25.0,Quản trị doanh nghiệp
80590,GTA,quan-tri-doanh-nghiep,A01,Điểm học bạ,2024,25.0,Quản trị doanh nghiệp
80591,GTA,quan-tri-doanh-nghiep,D01,Điểm học bạ,2024,25.0,Quản trị doanh nghiệp
80592,GTA,quan-tri-doanh-nghiep,D07,Điểm học bạ,2024,25.0,Quản trị doanh nghiệp
80593,GTA,quan-tri-doanh-nghiep,A00,Điểm thi THPT,2024,21.1,Quản trị doanh nghiệp
80594,GTA,quan-tri-doanh-nghiep,A01,Điểm thi THPT,2024,21.1,Quản trị doanh nghiệp
80595,GTA,quan-tri-doanh-nghiep,D01,Điểm thi THPT,2024,21.1,Quản trị doanh nghiệp
80596,GTA,quan-tri-doanh-nghiep,D07,Điểm thi THPT,2024,21.1,Quản trị doanh nghiệp
80597,GTA,quan-tri-doanh-nghiep,A00,Điểm học bạ,2025,25.0,Quản trị doanh nghiệp
80598,GTA,quan-tri-doanh-nghiep,A01,Điểm học bạ,2025,25.0,Quản trị doanh nghiệp
80599,GTA,quan-tri-doanh-nghiep,C01,Điểm học bạ,2025,25.0,Quản trị doanh nghiệp
80600,GTA,quan-tri-doanh-nghiep,C02,Điểm học bạ,2025,25.0,Quản trị doanh nghiệp
80601,GTA,quan-tri-doanh-nghiep,D01,Điểm học bạ,2025,25.0,Quản trị doanh nghiệp
80602,GTA,quan-tri-doanh-nghiep,D07,Điểm học bạ,2025,25.0,Quản trị doanh nghiệp
80603,GTA,quan-tri-doanh-nghiep,X01,Điểm học bạ,2025,25.0,Quản trị doanh nghiệp
80604,GTA,quan-tri-doanh-nghiep,X02,Điểm học bạ,2025,25.0,Quản trị doanh nghiệp
80605,GTA,quan-tri-doanh-nghiep,X03,Điểm học bạ,2025,25.0,Quản trị doanh nghiệp
80606,GTA,quan-tri-doanh-nghiep,X25,Điểm học bạ,2025,25.0,Quản trị doanh nghiệp
80607,GTA,quan-tri-doanh-nghiep,X26,Điểm học bạ,2025,25.0,Quản trị doanh nghiệp
80608,GTA,quan-tri-doanh-nghiep,X27,Điểm học bạ,2025,25.0,Quản trị doanh nghiệp
80609,GTA,quan-tri-doanh-nghiep,A00,Điểm thi THPT,2025,22.0,Quản trị doanh nghiệp
80610,GTA,quan-tri-doanh-nghiep,A01,Điểm thi THPT,2025,22.0,Quản trị doanh nghiệp
80611,GTA,quan-tri-doanh-nghiep,C01,Điểm thi THPT,2025,22.0,Quản trị doanh nghiệp
80612,GTA,quan-tri-doanh-nghiep,C02,Điểm thi THPT,2025,22.0,Quản trị doanh nghiệp
80613,GTA,quan-tri-doanh-nghiep,D01,Điểm thi THPT,2025,22.0,Quản trị doanh nghiệp
80614,GTA,quan-tri-doanh-nghiep,D07,Điểm thi THPT,2025,22.0,Quản trị doanh nghiệp
80615,GTA,quan-tri-doanh-nghiep,X01,Điểm thi THPT,2025,22.0,Quản trị doanh nghiệp
80616,GTA,quan-tri-doanh-nghiep,X02,Điểm thi THPT,2025,22.0,Quản trị doanh nghiệp
80617,GTA,quan-tri-doanh-nghiep,X03,Điểm thi THPT,2025,22.0,Quản trị doanh nghiệp
80618,GTA,quan-tri-doanh-nghiep,X25,Điểm thi THPT,2025,22.0,Quản trị doanh nghiệp
80619,GTA,quan-tri-doanh-nghiep,X26,Điểm thi THPT,2025,22.0,Quản trị doanh nghiệp
80620,GTA,quan-tri-doanh-nghiep,X27,Điểm thi THPT,2025,22.0,Quản trị doanh nghiệp
80621,GTA,quan-tri-kinh-doanh,A00,Điểm học bạ,2021,22.0,Quản trị kinh doanh
80622,GTA,quan-tri-kinh-doanh,A01,Điểm học bạ,2021,22.0,Quản trị kinh doanh
80623,GTA,quan-tri-kinh-doanh,D01,Điểm học bạ,2021,22.0,Quản trị kinh doanh
80624,GTA,quan-tri-kinh-doanh,D07,Điểm học bạ,2021,22.0,Quản trị kinh doanh
80625,GTA,quan-tri-kinh-doanh,A00,Điểm thi THPT,2021,23.9,Quản trị kinh doanh
80626,GTA,quan-tri-kinh-doanh,A01,Điểm thi THPT,2021,23.9,Quản trị kinh doanh
80627,GTA,quan-tri-kinh-doanh,D01,Điểm thi THPT,2021,23.9,Quản trị kinh doanh
80628,GTA,quan-tri-kinh-doanh,D07,Điểm thi THPT,2021,23.9,Quản trị kinh doanh
80629,GTA,quan-tri-marketing,A00,Điểm học bạ,2022,27.0,Quản trị Marketing
80630,GTA,quan-tri-marketing,A01,Điểm học bạ,2022,27.0,Quản trị Marketing
80631,GTA,quan-tri-marketing,D01,Điểm học bạ,2022,27.0,Quản trị Marketing
80632,GTA,quan-tri-marketing,D07,Điểm học bạ,2022,27.0,Quản trị Marketing
80633,GTA,quan-tri-marketing,A00,Điểm thi THPT,2022,24.3,Quản trị Marketing
80634,GTA,quan-tri-marketing,A01,Điểm thi THPT,2022,24.3,Quản trị Marketing
80635,GTA,quan-tri-marketing,D01,Điểm thi THPT,2022,24.3,Quản trị Marketing
80636,GTA,quan-tri-marketing,D07,Điểm thi THPT,2022,24.3,Quản trị Marketing
80637,GTA,quan-tri-marketing,A00,Điểm học bạ,2023,28.0,Quản trị Marketing
80638,GTA,quan-tri-marketing,A01,Điểm học bạ,2023,28.0,Quản trị Marketing
80639,GTA,quan-tri-marketing,D01,Điểm học bạ,2023,28.0,Quản trị Marketing
80640,GTA,quan-tri-marketing,D07,Điểm học bạ,2023,28.0,Quản trị Marketing
80641,GTA,quan-tri-marketing,A00,Điểm thi THPT,2023,23.65,Quản trị Marketing
80642,GTA,quan-tri-marketing,A01,Điểm thi THPT,2023,23.65,Quản trị Marketing
80643,GTA,quan-tri-marketing,D01,Điểm thi THPT,2023,23.65,Quản trị Marketing
80644,GTA,quan-tri-marketing,D07,Điểm thi THPT,2023,23.65,Quản trị Marketing
80645,GTA,quan-tri-marketing,A00,Điểm học bạ,2024,26.0,Quản trị Marketing
80646,GTA,quan-tri-marketing,A01,Điểm học bạ,2024,26.0,Quản trị Marketing
80647,GTA,quan-tri-marketing,D01,Điểm học bạ,2024,26.0,Quản trị Marketing
80648,GTA,quan-tri-marketing,D07,Điểm học bạ,2024,26.0,Quản trị Marketing
80649,GTA,quan-tri-marketing,A00,Điểm thi THPT,2024,23.39,Quản trị Marketing
80650,GTA,quan-tri-marketing,A01,Điểm thi THPT,2024,23.39,Quản trị Marketing
80651,GTA,quan-tri-marketing,D01,Điểm thi THPT,2024,23.39,Quản trị Marketing
80652,GTA,quan-tri-marketing,D07,Điểm thi THPT,2024,23.39,Quản trị Marketing
80653,GTA,quan-tri-marketing,A00,Điểm học bạ,2025,25.5,Quản trị Marketing
80654,GTA,quan-tri-marketing,A01,Điểm học bạ,2025,25.5,Quản trị Marketing
80655,GTA,quan-tri-marketing,C01,Điểm học bạ,2025,25.5,Quản trị Marketing
80656,GTA,quan-tri-marketing,C02,Điểm học bạ,2025,25.5,Quản trị Marketing
80657,GTA,quan-tri-marketing,D01,Điểm học bạ,2025,25.5,Quản trị Marketing
80658,GTA,quan-tri-marketing,D07,Điểm học bạ,2025,25.5,Quản trị Marketing
80659,GTA,quan-tri-marketing,X01,Điểm học bạ,2025,25.5,Quản trị Marketing
80660,GTA,quan-tri-marketing,X02,Điểm học bạ,2025,25.5,Quản trị Marketing
80661,GTA,quan-tri-marketing,X03,Điểm học bạ,2025,25.5,Quản trị Marketing
80662,GTA,quan-tri-marketing,X25,Điểm học bạ,2025,25.5,Quản trị Marketing
80663,GTA,quan-tri-marketing,X26,Điểm học bạ,2025,25.5,Quản trị Marketing
80664,GTA,quan-tri-marketing,X27,Điểm học bạ,2025,25.5,Quản trị Marketing
80665,GTA,quan-tri-marketing,A00,Điểm thi THPT,2025,22.5,Quản trị Marketing
80666,GTA,quan-tri-marketing,A01,Điểm thi THPT,2025,22.5,Quản trị Marketing
80667,GTA,quan-tri-marketing,C01,Điểm thi THPT,2025,22.5,Quản trị Marketing
80668,GTA,quan-tri-marketing,C02,Điểm thi THPT,2025,22.5,Quản trị Marketing
80669,GTA,quan-tri-marketing,D01,Điểm thi THPT,2025,22.5,Quản trị Marketing
80670,GTA,quan-tri-marketing,D07,Điểm thi THPT,2025,22.5,Quản trị Marketing
80671,GTA,quan-tri-marketing,X01,Điểm thi THPT,2025,22.5,Quản trị Marketing
80672,GTA,quan-tri-marketing,X02,Điểm thi THPT,2025,22.5,Quản trị Marketing
80673,GTA,quan-tri-marketing,X03,Điểm thi THPT,2025,22.5,Quản trị Marketing
80674,GTA,quan-tri-marketing,X25,Điểm thi THPT,2025,22.5,Quản trị Marketing
80675,GTA,quan-tri-marketing,X26,Điểm thi THPT,2025,22.5,Quản trị Marketing
80676,GTA,quan-tri-marketing,X27,Điểm thi THPT,2025,22.5,Quản trị Marketing
80677,GTA,tai-chinh-doanh-nghiep,A00,Điểm học bạ,2022,24.0,Tài chính doanh nghiệp
80678,GTA,tai-chinh-doanh-nghiep,A01,Điểm học bạ,2022,24.0,Tài chính doanh nghiệp
80679,GTA,tai-chinh-doanh-nghiep,D01,Điểm học bạ,2022,24.0,Tài chính doanh nghiệp
80680,GTA,tai-chinh-doanh-nghiep,D07,Điểm học bạ,2022,24.0,Tài chính doanh nghiệp
80681,GTA,tai-chinh-doanh-nghiep,A00,Điểm thi THPT,2022,23.55,Tài chính doanh nghiệp
80682,GTA,tai-chinh-doanh-nghiep,A01,Điểm thi THPT,2022,23.55,Tài chính doanh nghiệp
80683,GTA,tai-chinh-doanh-nghiep,D01,Điểm thi THPT,2022,23.55,Tài chính doanh nghiệp
80684,GTA,tai-chinh-doanh-nghiep,D07,Điểm thi THPT,2022,23.55,Tài chính doanh nghiệp
80685,GTA,tai-chinh-doanh-nghiep,A00,Điểm học bạ,2023,26.5,Tài chính doanh nghiệp
80686,GTA,tai-chinh-doanh-nghiep,A01,Điểm học bạ,2023,26.5,Tài chính doanh nghiệp
80687,GTA,tai-chinh-doanh-nghiep,D01,Điểm học bạ,2023,26.5,Tài chính doanh nghiệp
80688,GTA,tai-chinh-doanh-nghiep,D07,Điểm học bạ,2023,26.5,Tài chính doanh nghiệp
80689,GTA,tai-chinh-doanh-nghiep,A00,Điểm thi THPT,2023,22.55,Tài chính doanh nghiệp
80690,GTA,tai-chinh-doanh-nghiep,A01,Điểm thi THPT,2023,22.55,Tài chính doanh nghiệp
80691,GTA,tai-chinh-doanh-nghiep,D01,Điểm thi THPT,2023,22.55,Tài chính doanh nghiệp
80692,GTA,tai-chinh-doanh-nghiep,D07,Điểm thi THPT,2023,22.55,Tài chính doanh nghiệp
80693,GTA,tai-chinh-doanh-nghiep,A00,Điểm học bạ,2024,25.0,Tài chính doanh nghiệp
80694,GTA,tai-chinh-doanh-nghiep,A01,Điểm học bạ,2024,25.0,Tài chính doanh nghiệp
80695,GTA,tai-chinh-doanh-nghiep,D01,Điểm học bạ,2024,25.0,Tài chính doanh nghiệp
80696,GTA,tai-chinh-doanh-nghiep,D07,Điểm học bạ,2024,25.0,Tài chính doanh nghiệp
80697,GTA,tai-chinh-doanh-nghiep,A00,Điểm thi THPT,2024,21.5,Tài chính doanh nghiệp
80698,GTA,tai-chinh-doanh-nghiep,A01,Điểm thi THPT,2024,21.5,Tài chính doanh nghiệp
80699,GTA,tai-chinh-doanh-nghiep,D01,Điểm thi THPT,2024,21.5,Tài chính doanh nghiệp
80700,GTA,tai-chinh-doanh-nghiep,D07,Điểm thi THPT,2024,21.5,Tài chính doanh nghiệp
80701,GTA,tai-chinh-doanh-nghiep,A00,Điểm học bạ,2025,24.0,Tài chính doanh nghiệp
80702,GTA,tai-chinh-doanh-nghiep,A01,Điểm học bạ,2025,24.0,Tài chính doanh nghiệp
80703,GTA,tai-chinh-doanh-nghiep,C01,Điểm học bạ,2025,24.0,Tài chính doanh nghiệp
80704,GTA,tai-chinh-doanh-nghiep,C02,Điểm học bạ,2025,24.0,Tài chính doanh nghiệp
80705,GTA,tai-chinh-doanh-nghiep,D01,Điểm học bạ,2025,24.0,Tài chính doanh nghiệp
80706,GTA,tai-chinh-doanh-nghiep,D07,Điểm học bạ,2025,24.0,Tài chính doanh nghiệp
80707,GTA,tai-chinh-doanh-nghiep,X01,Điểm học bạ,2025,24.0,Tài chính doanh nghiệp
80708,GTA,tai-chinh-doanh-nghiep,X02,Điểm học bạ,2025,24.0,Tài chính doanh nghiệp
80709,GTA,tai-chinh-doanh-nghiep,X03,Điểm học bạ,2025,24.0,Tài chính doanh nghiệp
80710,GTA,tai-chinh-doanh-nghiep,X25,Điểm học bạ,2025,24.0,Tài chính doanh nghiệp
80711,GTA,tai-chinh-doanh-nghiep,X26,Điểm học bạ,2025,24.0,Tài chính doanh nghiệp
80712,GTA,tai-chinh-doanh-nghiep,X27,Điểm học bạ,2025,24.0,Tài chính doanh nghiệp
80713,GTA,tai-chinh-doanh-nghiep,A00,Điểm thi THPT,2025,21.0,Tài chính doanh nghiệp
80714,GTA,tai-chinh-doanh-nghiep,A01,Điểm thi THPT,2025,21.0,Tài chính doanh nghiệp
80715,GTA,tai-chinh-doanh-nghiep,C01,Điểm thi THPT,2025,21.0,Tài chính doanh nghiệp
80716,GTA,tai-chinh-doanh-nghiep,C02,Điểm thi THPT,2025,21.0,Tài chính doanh nghiệp
80717,GTA,tai-chinh-doanh-nghiep,D01,Điểm thi THPT,2025,21.0,Tài chính doanh nghiệp
80718,GTA,tai-chinh-doanh-nghiep,D07,Điểm thi THPT,2025,21.0,Tài chính doanh nghiệp
80719,GTA,tai-chinh-doanh-nghiep,X01,Điểm thi THPT,2025,21.0,Tài chính doanh nghiệp
80720,GTA,tai-chinh-doanh-nghiep,X02,Điểm thi THPT,2025,21.0,Tài chính doanh nghiệp
80721,GTA,tai-chinh-doanh-nghiep,X03,Điểm thi THPT,2025,21.0,Tài chính doanh nghiệp
80722,GTA,tai-chinh-doanh-nghiep,X25,Điểm thi THPT,2025,21.0,Tài chính doanh nghiệp
80723,GTA,tai-chinh-doanh-nghiep,X26,Điểm thi THPT,2025,21.0,Tài chính doanh nghiệp
80724,GTA,tai-chinh-doanh-nghiep,X27,Điểm thi THPT,2025,21.0,Tài chính doanh nghiệp
80725,GTA,tai-chinh-ngan-hang,A00,Điểm học bạ,2021,22.0,Tài chính – Ngân hàng
80726,GTA,tai-chinh-ngan-hang,A01,Điểm học bạ,2021,22.0,Tài chính – Ngân hàng
80727,GTA,tai-chinh-ngan-hang,D01,Điểm học bạ,2021,22.0,Tài chính – Ngân hàng
80728,GTA,tai-chinh-ngan-hang,D07,Điểm học bạ,2021,22.0,Tài chính – Ngân hàng
80729,GTA,tai-chinh-ngan-hang,A00,Điểm thi THPT,2021,23.9,Tài chính - Ngân hàng
80730,GTA,tai-chinh-ngan-hang,A01,Điểm thi THPT,2021,23.9,Tài chính - Ngân hàng
80731,GTA,tai-chinh-ngan-hang,D01,Điểm thi THPT,2021,23.9,Tài chính - Ngân hàng
80732,GTA,tai-chinh-ngan-hang,D07,Điểm thi THPT,2021,23.9,Tài chính - Ngân hàng
80733,GTA,thanh-tra-va-quan-ly-cong-trinh-giao-thong,A00,Điểm học bạ,2023,20.0,Thanh tra và quản lý công trình giao thông
80734,GTA,thanh-tra-va-quan-ly-cong-trinh-giao-thong,A01,Điểm học bạ,2023,20.0,Thanh tra và quản lý công trình giao thông
80735,GTA,thanh-tra-va-quan-ly-cong-trinh-giao-thong,D01,Điểm học bạ,2023,20.0,Thanh tra và quản lý công trình giao thông
80736,GTA,thanh-tra-va-quan-ly-cong-trinh-giao-thong,D07,Điểm học bạ,2023,20.0,Thanh tra và quản lý công trình giao thông
80737,GTA,thanh-tra-va-quan-ly-cong-trinh-giao-thong,A00,Điểm thi THPT,2023,16.0,Thanh tra và quản lý công trình giao thông
80738,GTA,thanh-tra-va-quan-ly-cong-trinh-giao-thong,A01,Điểm thi THPT,2023,16.0,Thanh tra và quản lý công trình giao thông
80739,GTA,thanh-tra-va-quan-ly-cong-trinh-giao-thong,D01,Điểm thi THPT,2023,16.0,Thanh tra và quản lý công trình giao thông
80740,GTA,thanh-tra-va-quan-ly-cong-trinh-giao-thong,D07,Điểm thi THPT,2023,16.0,Thanh tra và quản lý công trình giao thông
80741,GTA,thanh-tra-va-quan-ly-cong-trinh-giao-thong,A00,Điểm học bạ,2024,20.0,Thanh tra và quản lý công trình giao thông
80742,GTA,thanh-tra-va-quan-ly-cong-trinh-giao-thong,A01,Điểm học bạ,2024,20.0,Thanh tra và quản lý công trình giao thông
80743,GTA,thanh-tra-va-quan-ly-cong-trinh-giao-thong,D01,Điểm học bạ,2024,20.0,Thanh tra và quản lý công trình giao thông
80744,GTA,thanh-tra-va-quan-ly-cong-trinh-giao-thong,D07,Điểm học bạ,2024,20.0,Thanh tra và quản lý công trình giao thông
80745,GTA,thanh-tra-va-quan-ly-cong-trinh-giao-thong,A00,Điểm thi THPT,2024,16.0,Thanh tra và quản lý công trình giao thông
80746,GTA,thanh-tra-va-quan-ly-cong-trinh-giao-thong,A01,Điểm thi THPT,2024,16.0,Thanh tra và quản lý công trình giao thông
80747,GTA,thanh-tra-va-quan-ly-cong-trinh-giao-thong,D01,Điểm thi THPT,2024,16.0,Thanh tra và quản lý công trình giao thông
80748,GTA,thanh-tra-va-quan-ly-cong-trinh-giao-thong,D07,Điểm thi THPT,2024,16.0,Thanh tra và quản lý công trình giao thông
80749,GTA,thanh-tra-va-quan-ly-cong-trinh-giao-thong,A00,Điểm học bạ,2025,18.0,Thanh tra và quản lý công trình giao thông
80750,GTA,thanh-tra-va-quan-ly-cong-trinh-giao-thong,A01,Điểm học bạ,2025,18.0,Thanh tra và quản lý công trình giao thông
80751,GTA,thanh-tra-va-quan-ly-cong-trinh-giao-thong,C01,Điểm học bạ,2025,18.0,Thanh tra và quản lý công trình giao thông
80752,GTA,thanh-tra-va-quan-ly-cong-trinh-giao-thong,C02,Điểm học bạ,2025,18.0,Thanh tra và quản lý công trình giao thông
80753,GTA,thanh-tra-va-quan-ly-cong-trinh-giao-thong,D01,Điểm học bạ,2025,18.0,Thanh tra và quản lý công trình giao thông
80754,GTA,thanh-tra-va-quan-ly-cong-trinh-giao-thong,D07,Điểm học bạ,2025,18.0,Thanh tra và quản lý công trình giao thông
80755,GTA,thanh-tra-va-quan-ly-cong-trinh-giao-thong,X02,Điểm học bạ,2025,18.0,Thanh tra và quản lý công trình giao thông
80756,GTA,thanh-tra-va-quan-ly-cong-trinh-giao-thong,X03,Điểm học bạ,2025,18.0,Thanh tra và quản lý công trình giao thông
80757,GTA,thanh-tra-va-quan-ly-cong-trinh-giao-thong,X26,Điểm học bạ,2025,18.0,Thanh tra và quản lý công trình giao thông
80758,GTA,thanh-tra-va-quan-ly-cong-trinh-giao-thong,X27,Điểm học bạ,2025,18.0,Thanh tra và quản lý công trình giao thông
80759,GTA,thanh-tra-va-quan-ly-cong-trinh-giao-thong,A00,Điểm thi THPT,2025,16.0,Thanh tra và quản lý công trình giao thông
80760,GTA,thanh-tra-va-quan-ly-cong-trinh-giao-thong,A01,Điểm thi THPT,2025,16.0,Thanh tra và quản lý công trình giao thông
80761,GTA,thanh-tra-va-quan-ly-cong-trinh-giao-thong,C01,Điểm thi THPT,2025,16.0,Thanh tra và quản lý công trình giao thông
80762,GTA,thanh-tra-va-quan-ly-cong-trinh-giao-thong,C02,Điểm thi THPT,2025,16.0,Thanh tra và quản lý công trình giao thông
80763,GTA,thanh-tra-va-quan-ly-cong-trinh-giao-thong,D01,Điểm thi THPT,2025,16.0,Thanh tra và quản lý công trình giao thông
80764,GTA,thanh-tra-va-quan-ly-cong-trinh-giao-thong,D07,Điểm thi THPT,2025,16.0,Thanh tra và quản lý công trình giao thông
80765,GTA,thanh-tra-va-quan-ly-cong-trinh-giao-thong,X02,Điểm thi THPT,2025,16.0,Thanh tra và quản lý công trình giao thông
80766,GTA,thanh-tra-va-quan-ly-cong-trinh-giao-thong,X03,Điểm thi THPT,2025,16.0,Thanh tra và quản lý công trình giao thông
80767,GTA,thanh-tra-va-quan-ly-cong-trinh-giao-thong,X26,Điểm thi THPT,2025,16.0,Thanh tra và quản lý công trình giao thông
80768,GTA,thanh-tra-va-quan-ly-cong-trinh-giao-thong,X27,Điểm thi THPT,2025,16.0,Thanh tra và quản lý công trình giao thông
80769,GTA,thuong-mai-dien-tu,A00,Điểm thi THPT,2021,25.4,Thương mại điện tử
80770,GTA,thuong-mai-dien-tu,A01,Điểm thi THPT,2021,25.4,Thương mại điện tử
80771,GTA,thuong-mai-dien-tu,D01,Điểm thi THPT,2021,25.4,Thương mại điện tử
80772,GTA,thuong-mai-dien-tu,D07,Điểm thi THPT,2021,25.4,Thương mại điện tử
80773,GTA,thuong-mai-dien-tu,A00,Điểm học bạ,2022,28.0,Thương mại điện tử
80774,GTA,thuong-mai-dien-tu,A01,Điểm học bạ,2022,28.0,Thương mại điện tử
80775,GTA,thuong-mai-dien-tu,D01,Điểm học bạ,2022,28.0,Thương mại điện tử
80776,GTA,thuong-mai-dien-tu,D07,Điểm học bạ,2022,28.0,Thương mại điện tử
80777,GTA,thuong-mai-dien-tu,A00,Điểm thi THPT,2022,25.35,Thương mại điện tử
80778,GTA,thuong-mai-dien-tu,A01,Điểm thi THPT,2022,25.35,Thương mại điện tử
80779,GTA,thuong-mai-dien-tu,D01,Điểm thi THPT,2022,25.35,Thương mại điện tử
80780,GTA,thuong-mai-dien-tu,D07,Điểm thi THPT,2022,25.35,Thương mại điện tử
80781,GTA,thuong-mai-dien-tu,A00,Điểm học bạ,2023,29.0,Thương mại điện tử
80782,GTA,thuong-mai-dien-tu,A01,Điểm học bạ,2023,29.0,Thương mại điện tử
80783,GTA,thuong-mai-dien-tu,D01,Điểm học bạ,2023,29.0,Thương mại điện tử
80784,GTA,thuong-mai-dien-tu,D07,Điểm học bạ,2023,29.0,Thương mại điện tử
80785,GTA,thuong-mai-dien-tu,A00,Điểm thi THPT,2023,24.07,Thương mại điện tử
80786,GTA,thuong-mai-dien-tu,A01,Điểm thi THPT,2023,24.07,Thương mại điện tử
80787,GTA,thuong-mai-dien-tu,D01,Điểm thi THPT,2023,24.07,Thương mại điện tử
80788,GTA,thuong-mai-dien-tu,D07,Điểm thi THPT,2023,24.07,Thương mại điện tử
80789,GTA,thuong-mai-dien-tu,A00,Điểm học bạ,2024,26.0,Thương mại điện tử
80790,GTA,thuong-mai-dien-tu,A01,Điểm học bạ,2024,26.0,Thương mại điện tử
80791,GTA,thuong-mai-dien-tu,D01,Điểm học bạ,2024,26.0,Thương mại điện tử
80792,GTA,thuong-mai-dien-tu,D07,Điểm học bạ,2024,26.0,Thương mại điện tử
80793,GTA,thuong-mai-dien-tu,A00,Điểm thi THPT,2024,24.1,Thương mại điện tử
80794,GTA,thuong-mai-dien-tu,A01,Điểm thi THPT,2024,24.1,Thương mại điện tử
80795,GTA,thuong-mai-dien-tu,D01,Điểm thi THPT,2024,24.1,Thương mại điện tử
80796,GTA,thuong-mai-dien-tu,D07,Điểm thi THPT,2024,24.1,Thương mại điện tử
80797,GTA,thuong-mai-dien-tu,A00,Điểm học bạ,2025,26.5,Thương mại điện tử
80798,GTA,thuong-mai-dien-tu,A01,Điểm học bạ,2025,26.5,Thương mại điện tử
80799,GTA,thuong-mai-dien-tu,C01,Điểm học bạ,2025,26.5,Thương mại điện tử
80800,GTA,thuong-mai-dien-tu,C02,Điểm học bạ,2025,26.5,Thương mại điện tử
80801,GTA,thuong-mai-dien-tu,D01,Điểm học bạ,2025,26.5,Thương mại điện tử
80802,GTA,thuong-mai-dien-tu,D07,Điểm học bạ,2025,26.5,Thương mại điện tử
80803,GTA,thuong-mai-dien-tu,X01,Điểm học bạ,2025,26.5,Thương mại điện tử
80804,GTA,thuong-mai-dien-tu,X02,Điểm học bạ,2025,26.5,Thương mại điện tử
80805,GTA,thuong-mai-dien-tu,X03,Điểm học bạ,2025,26.5,Thương mại điện tử
80806,GTA,thuong-mai-dien-tu,X25,Điểm học bạ,2025,26.5,Thương mại điện tử
80807,GTA,thuong-mai-dien-tu,X26,Điểm học bạ,2025,26.5,Thương mại điện tử
80808,GTA,thuong-mai-dien-tu,X27,Điểm học bạ,2025,26.5,Thương mại điện tử
80809,GTA,thuong-mai-dien-tu,A00,Điểm thi THPT,2025,23.5,Thương mại điện tử
80810,GTA,thuong-mai-dien-tu,A01,Điểm thi THPT,2025,23.5,Thương mại điện tử
80811,GTA,thuong-mai-dien-tu,C01,Điểm thi THPT,2025,23.5,Thương mại điện tử
80812,GTA,thuong-mai-dien-tu,C02,Điểm thi THPT,2025,23.5,Thương mại điện tử
80813,GTA,thuong-mai-dien-tu,D01,Điểm thi THPT,2025,23.5,Thương mại điện tử
80814,GTA,thuong-mai-dien-tu,D07,Điểm thi THPT,2025,23.5,Thương mại điện tử
80815,GTA,thuong-mai-dien-tu,X01,Điểm thi THPT,2025,23.5,Thương mại điện tử
80816,GTA,thuong-mai-dien-tu,X02,Điểm thi THPT,2025,23.5,Thương mại điện tử
80817,GTA,thuong-mai-dien-tu,X03,Điểm thi THPT,2025,23.5,Thương mại điện tử
80818,GTA,thuong-mai-dien-tu,X25,Điểm thi THPT,2025,23.5,Thương mại điện tử
80819,GTA,thuong-mai-dien-tu,X26,Điểm thi THPT,2025,23.5,Thương mại điện tử
80820,GTA,thuong-mai-dien-tu,X27,Điểm thi THPT,2025,23.5,Thương mại điện tử
80821,GTA,thuong-mai-quoc-te,A00,Điểm học bạ,2025,25.5,Thương mại quốc tế
80822,GTA,thuong-mai-quoc-te,A01,Điểm học bạ,2025,25.5,Thương mại quốc tế
80823,GTA,thuong-mai-quoc-te,C01,Điểm học bạ,2025,25.5,Thương mại quốc tế
80824,GTA,thuong-mai-quoc-te,C02,Điểm học bạ,2025,25.5,Thương mại quốc tế
80825,GTA,thuong-mai-quoc-te,D01,Điểm học bạ,2025,25.5,Thương mại quốc tế
80826,GTA,thuong-mai-quoc-te,D07,Điểm học bạ,2025,25.5,Thương mại quốc tế
80827,GTA,thuong-mai-quoc-te,X01,Điểm học bạ,2025,25.5,Thương mại quốc tế
80828,GTA,thuong-mai-quoc-te,X02,Điểm học bạ,2025,25.5,Thương mại quốc tế
80829,GTA,thuong-mai-quoc-te,X03,Điểm học bạ,2025,25.5,Thương mại quốc tế
80830,GTA,thuong-mai-quoc-te,X25,Điểm học bạ,2025,25.5,Thương mại quốc tế
80831,GTA,thuong-mai-quoc-te,X26,Điểm học bạ,2025,25.5,Thương mại quốc tế
80832,GTA,thuong-mai-quoc-te,X27,Điểm học bạ,2025,25.5,Thương mại quốc tế
80833,GTA,thuong-mai-quoc-te,A00,Điểm thi THPT,2025,22.5,Thương mại quốc tế
80834,GTA,thuong-mai-quoc-te,A01,Điểm thi THPT,2025,22.5,Thương mại quốc tế
80835,GTA,thuong-mai-quoc-te,C01,Điểm thi THPT,2025,22.5,Thương mại quốc tế
80836,GTA,thuong-mai-quoc-te,C02,Điểm thi THPT,2025,22.5,Thương mại quốc tế
80837,GTA,thuong-mai-quoc-te,D01,Điểm thi THPT,2025,22.5,Thương mại quốc tế
80838,GTA,thuong-mai-quoc-te,D07,Điểm thi THPT,2025,22.5,Thương mại quốc tế
80839,GTA,thuong-mai-quoc-te,X01,Điểm thi THPT,2025,22.5,Thương mại quốc tế
80840,GTA,thuong-mai-quoc-te,X02,Điểm thi THPT,2025,22.5,Thương mại quốc tế
80841,GTA,thuong-mai-quoc-te,X03,Điểm thi THPT,2025,22.5,Thương mại quốc tế
80842,GTA,thuong-mai-quoc-te,X25,Điểm thi THPT,2025,22.5,Thương mại quốc tế
80843,GTA,thuong-mai-quoc-te,X26,Điểm thi THPT,2025,22.5,Thương mại quốc tế
80844,GTA,thuong-mai-quoc-te,X27,Điểm thi THPT,2025,22.5,Thương mại quốc tế
80845,GTA,tri-tue-nhan-tao-va-giao-thong-thong-minh,A00,Điểm học bạ,2022,22.0,Trí tuệ nhân tạo và giao thông thông minh
80846,GTA,tri-tue-nhan-tao-va-giao-thong-thong-minh,A01,Điểm học bạ,2022,22.0,Trí tuệ nhân tạo và giao thông thông minh
80847,GTA,tri-tue-nhan-tao-va-giao-thong-thong-minh,D01,Điểm học bạ,2022,22.0,Trí tuệ nhân tạo và giao thông thông minh
80848,GTA,tri-tue-nhan-tao-va-giao-thong-thong-minh,D07,Điểm học bạ,2022,22.0,Trí tuệ nhân tạo và giao thông thông minh
80849,GTA,tri-tue-nhan-tao-va-giao-thong-thong-minh,A00,Điểm thi THPT,2022,19.0,Trí tuệ nhân tạo và giao thông thông minh
80850,GTA,tri-tue-nhan-tao-va-giao-thong-thong-minh,A01,Điểm thi THPT,2022,19.0,Trí tuệ nhân tạo và giao thông thông minh
80851,GTA,tri-tue-nhan-tao-va-giao-thong-thong-minh,D01,Điểm thi THPT,2022,19.0,Trí tuệ nhân tạo và giao thông thông minh
80852,GTA,tri-tue-nhan-tao-va-giao-thong-thong-minh,D07,Điểm thi THPT,2022,19.0,Trí tuệ nhân tạo và giao thông thông minh
80853,GTA,tri-tue-nhan-tao-va-giao-thong-thong-minh,A00,Điểm học bạ,2023,24.0,Trí tuệ nhân tạo và giao thông thông minh
80854,GTA,tri-tue-nhan-tao-va-giao-thong-thong-minh,A01,Điểm học bạ,2023,24.0,Trí tuệ nhân tạo và giao thông thông minh
80855,GTA,tri-tue-nhan-tao-va-giao-thong-thong-minh,D01,Điểm học bạ,2023,24.0,Trí tuệ nhân tạo và giao thông thông minh
80856,GTA,tri-tue-nhan-tao-va-giao-thong-thong-minh,D07,Điểm học bạ,2023,24.0,Trí tuệ nhân tạo và giao thông thông minh
80857,GTA,tri-tue-nhan-tao-va-giao-thong-thong-minh,A00,Điểm thi THPT,2023,22.8,Trí tuệ nhân tạo và giao thông thông minh
80858,GTA,tri-tue-nhan-tao-va-giao-thong-thong-minh,A01,Điểm thi THPT,2023,22.8,Trí tuệ nhân tạo và giao thông thông minh
80859,GTA,tri-tue-nhan-tao-va-giao-thong-thong-minh,D01,Điểm thi THPT,2023,22.8,Trí tuệ nhân tạo và giao thông thông minh
80860,GTA,tri-tue-nhan-tao-va-giao-thong-thong-minh,D07,Điểm thi THPT,2023,22.8,Trí tuệ nhân tạo và giao thông thông minh
80861,GTA,tri-tue-nhan-tao-va-giao-thong-thong-minh,A00,Điểm học bạ,2024,23.0,Trí tuệ nhân tạo và giao thông thông minh
80862,GTA,tri-tue-nhan-tao-va-giao-thong-thong-minh,A01,Điểm học bạ,2024,23.0,Trí tuệ nhân tạo và giao thông thông minh
80863,GTA,tri-tue-nhan-tao-va-giao-thong-thong-minh,D01,Điểm học bạ,2024,23.0,Trí tuệ nhân tạo và giao thông thông minh
80864,GTA,tri-tue-nhan-tao-va-giao-thong-thong-minh,D07,Điểm học bạ,2024,23.0,Trí tuệ nhân tạo và giao thông thông minh
80865,GTA,tri-tue-nhan-tao-va-giao-thong-thong-minh,A00,Điểm thi THPT,2024,21.45,Trí tuệ nhân tạo và giao thông thông minh
80866,GTA,tri-tue-nhan-tao-va-giao-thong-thong-minh,A01,Điểm thi THPT,2024,21.45,Trí tuệ nhân tạo và giao thông thông minh
80867,GTA,tri-tue-nhan-tao-va-giao-thong-thong-minh,D01,Điểm thi THPT,2024,21.45,Trí tuệ nhân tạo và giao thông thông minh
80868,GTA,tri-tue-nhan-tao-va-giao-thong-thong-minh,D07,Điểm thi THPT,2024,21.45,Trí tuệ nhân tạo và giao thông thông minh
80869,GTA,tri-tue-nhan-tao-va-giao-thong-thong-minh,A00,Điểm học bạ,2025,24.0,Trí tuệ nhân tạo và giao thông thông minh
80870,GTA,tri-tue-nhan-tao-va-giao-thong-thong-minh,A01,Điểm học bạ,2025,24.0,Trí tuệ nhân tạo và giao thông thông minh
80871,GTA,tri-tue-nhan-tao-va-giao-thong-thong-minh,C01,Điểm học bạ,2025,24.0,Trí tuệ nhân tạo và giao thông thông minh
80872,GTA,tri-tue-nhan-tao-va-giao-thong-thong-minh,C02,Điểm học bạ,2025,24.0,Trí tuệ nhân tạo và giao thông thông minh
80873,GTA,tri-tue-nhan-tao-va-giao-thong-thong-minh,D01,Điểm học bạ,2025,24.0,Trí tuệ nhân tạo và giao thông thông minh
80874,GTA,tri-tue-nhan-tao-va-giao-thong-thong-minh,D07,Điểm học bạ,2025,24.0,Trí tuệ nhân tạo và giao thông thông minh
80875,GTA,tri-tue-nhan-tao-va-giao-thong-thong-minh,X02,Điểm học bạ,2025,24.0,Trí tuệ nhân tạo và giao thông thông minh
80876,GTA,tri-tue-nhan-tao-va-giao-thong-thong-minh,X03,Điểm học bạ,2025,24.0,Trí tuệ nhân tạo và giao thông thông minh
80877,GTA,tri-tue-nhan-tao-va-giao-thong-thong-minh,X26,Điểm học bạ,2025,24.0,Trí tuệ nhân tạo và giao thông thông minh
80878,GTA,tri-tue-nhan-tao-va-giao-thong-thong-minh,X27,Điểm học bạ,2025,24.0,Trí tuệ nhân tạo và giao thông thông minh
80879,GTA,tri-tue-nhan-tao-va-giao-thong-thong-minh,A00,Điểm thi THPT,2025,21.0,Trí tuệ nhân tạo và giao thông thông minh
80880,GTA,tri-tue-nhan-tao-va-giao-thong-thong-minh,A01,Điểm thi THPT,2025,21.0,Trí tuệ nhân tạo và giao thông thông minh
80881,GTA,tri-tue-nhan-tao-va-giao-thong-thong-minh,C01,Điểm thi THPT,2025,21.0,Trí tuệ nhân tạo và giao thông thông minh
80882,GTA,tri-tue-nhan-tao-va-giao-thong-thong-minh,C02,Điểm thi THPT,2025,21.0,Trí tuệ nhân tạo và giao thông thông minh
80883,GTA,tri-tue-nhan-tao-va-giao-thong-thong-minh,D01,Điểm thi THPT,2025,21.0,Trí tuệ nhân tạo và giao thông thông minh
80884,GTA,tri-tue-nhan-tao-va-giao-thong-thong-minh,D07,Điểm thi THPT,2025,21.0,Trí tuệ nhân tạo và giao thông thông minh
80885,GTA,tri-tue-nhan-tao-va-giao-thong-thong-minh,X02,Điểm thi THPT,2025,21.0,Trí tuệ nhân tạo và giao thông thông minh
80886,GTA,tri-tue-nhan-tao-va-giao-thong-thong-minh,X03,Điểm thi THPT,2025,21.0,Trí tuệ nhân tạo và giao thông thông minh
80887,GTA,tri-tue-nhan-tao-va-giao-thong-thong-minh,X26,Điểm thi THPT,2025,21.0,Trí tuệ nhân tạo và giao thông thông minh
80888,GTA,tri-tue-nhan-tao-va-giao-thong-thong-minh,X27,Điểm thi THPT,2025,21.0,Trí tuệ nhân tạo và giao thông thông minh
80889,GTA,xay-dung-cau-duong-sat,A00,Điểm học bạ,2024,20.0,Xây dựng Cầu – đường sắt
80890,GTA,xay-dung-cau-duong-sat,A01,Điểm học bạ,2024,20.0,Xây dựng Cầu – đường sắt
80891,GTA,xay-dung-cau-duong-sat,D01,Điểm học bạ,2024,20.0,Xây dựng Cầu – đường sắt
80892,GTA,xay-dung-cau-duong-sat,D07,Điểm học bạ,2024,20.0,Xây dựng Cầu – đường sắt
80893,GTA,xay-dung-cau-duong-sat,A00,Điểm thi THPT,2024,16.0,Xây dựng Cầu - Đường sắt
80894,GTA,xay-dung-cau-duong-sat,A01,Điểm thi THPT,2024,16.0,Xây dựng Cầu - Đường sắt
80895,GTA,xay-dung-cau-duong-sat,D01,Điểm thi THPT,2024,16.0,Xây dựng Cầu - Đường sắt
80896,GTA,xay-dung-cau-duong-sat,D07,Điểm thi THPT,2024,16.0,Xây dựng Cầu - Đường sắt
80897,GTA,xay-dung-va-quan-ly-ha-tang-do-thi,A00,Điểm học bạ,2023,20.0,Xây dựng và quản lý hạ tầng đô thị
80898,GTA,xay-dung-va-quan-ly-ha-tang-do-thi,A01,Điểm học bạ,2023,20.0,Xây dựng và quản lý hạ tầng đô thị
80899,GTA,xay-dung-va-quan-ly-ha-tang-do-thi,D01,Điểm học bạ,2023,20.0,Xây dựng và quản lý hạ tầng đô thị
80900,GTA,xay-dung-va-quan-ly-ha-tang-do-thi,D07,Điểm học bạ,2023,20.0,Xây dựng và quản lý hạ tầng đô thị
80901,GTA,xay-dung-va-quan-ly-ha-tang-do-thi,A00,Điểm thi THPT,2023,16.0,Xây dựng và quản lý hạ tầng đô thị
80902,GTA,xay-dung-va-quan-ly-ha-tang-do-thi,A01,Điểm thi THPT,2023,16.0,Xây dựng và quản lý hạ tầng đô thị
80903,GTA,xay-dung-va-quan-ly-ha-tang-do-thi,D01,Điểm thi THPT,2023,16.0,Xây dựng và quản lý hạ tầng đô thị
80904,GTA,xay-dung-va-quan-ly-ha-tang-do-thi,D07,Điểm thi THPT,2023,16.0,Xây dựng và quản lý hạ tầng đô thị
80905,GTA,xay-dung-va-quan-ly-ha-tang-do-thi,A00,Điểm học bạ,2024,20.0,Xây dựng và quản lý hạ tầng đô thị
80906,GTA,xay-dung-va-quan-ly-ha-tang-do-thi,A01,Điểm học bạ,2024,20.0,Xây dựng và quản lý hạ tầng đô thị
80907,GTA,xay-dung-va-quan-ly-ha-tang-do-thi,D01,Điểm học bạ,2024,20.0,Xây dựng và quản lý hạ tầng đô thị
80908,GTA,xay-dung-va-quan-ly-ha-tang-do-thi,D07,Điểm học bạ,2024,20.0,Xây dựng và quản lý hạ tầng đô thị
80909,GTA,xay-dung-va-quan-ly-ha-tang-do-thi,A00,Điểm thi THPT,2024,16.0,Xây dựng và quản lý hạ tầng đô thị
80910,GTA,xay-dung-va-quan-ly-ha-tang-do-thi,A01,Điểm thi THPT,2024,16.0,Xây dựng và quản lý hạ tầng đô thị
80911,GTA,xay-dung-va-quan-ly-ha-tang-do-thi,D01,Điểm thi THPT,2024,16.0,Xây dựng và quản lý hạ tầng đô thị
80912,GTA,xay-dung-va-quan-ly-ha-tang-do-thi,D07,Điểm thi THPT,2024,16.0,Xây dựng và quản lý hạ tầng đô thị
80913,GTA,xay-dung-va-quan-ly-ha-tang-do-thi,A00,Điểm học bạ,2025,22.0,Xây dựng và quản lý hạ tầng đô thị
80914,GTA,xay-dung-va-quan-ly-ha-tang-do-thi,A01,Điểm học bạ,2025,22.0,Xây dựng và quản lý hạ tầng đô thị
80915,GTA,xay-dung-va-quan-ly-ha-tang-do-thi,C01,Điểm học bạ,2025,22.0,Xây dựng và quản lý hạ tầng đô thị
80916,GTA,xay-dung-va-quan-ly-ha-tang-do-thi,C02,Điểm học bạ,2025,22.0,Xây dựng và quản lý hạ tầng đô thị
80917,GTA,xay-dung-va-quan-ly-ha-tang-do-thi,D01,Điểm học bạ,2025,22.0,Xây dựng và quản lý hạ tầng đô thị
80918,GTA,xay-dung-va-quan-ly-ha-tang-do-thi,D07,Điểm học bạ,2025,22.0,Xây dựng và quản lý hạ tầng đô thị
80919,GTA,xay-dung-va-quan-ly-ha-tang-do-thi,X02,Điểm học bạ,2025,22.0,Xây dựng và quản lý hạ tầng đô thị
80920,GTA,xay-dung-va-quan-ly-ha-tang-do-thi,X03,Điểm học bạ,2025,22.0,Xây dựng và quản lý hạ tầng đô thị
80921,GTA,xay-dung-va-quan-ly-ha-tang-do-thi,X26,Điểm học bạ,2025,22.0,Xây dựng và quản lý hạ tầng đô thị
80922,GTA,xay-dung-va-quan-ly-ha-tang-do-thi,X27,Điểm học bạ,2025,22.0,Xây dựng và quản lý hạ tầng đô thị
80923,GTA,xay-dung-va-quan-ly-ha-tang-do-thi,A00,Điểm thi THPT,2025,19.0,Xây dựng và quản lý hạ tầng đô thị
80924,GTA,xay-dung-va-quan-ly-ha-tang-do-thi,A01,Điểm thi THPT,2025,19.0,Xây dựng và quản lý hạ tầng đô thị
80925,GTA,xay-dung-va-quan-ly-ha-tang-do-thi,C01,Điểm thi THPT,2025,19.0,Xây dựng và quản lý hạ tầng đô thị
80926,GTA,xay-dung-va-quan-ly-ha-tang-do-thi,C02,Điểm thi THPT,2025,19.0,Xây dựng và quản lý hạ tầng đô thị
80927,GTA,xay-dung-va-quan-ly-ha-tang-do-thi,D01,Điểm thi THPT,2025,19.0,Xây dựng và quản lý hạ tầng đô thị
80928,GTA,xay-dung-va-quan-ly-ha-tang-do-thi,D07,Điểm thi THPT,2025,19.0,Xây dựng và quản lý hạ tầng đô thị
80929,GTA,xay-dung-va-quan-ly-ha-tang-do-thi,X02,Điểm thi THPT,2025,19.0,Xây dựng và quản lý hạ tầng đô thị
80930,GTA,xay-dung-va-quan-ly-ha-tang-do-thi,X03,Điểm thi THPT,2025,19.0,Xây dựng và quản lý hạ tầng đô thị
80931,GTA,xay-dung-va-quan-ly-ha-tang-do-thi,X26,Điểm thi THPT,2025,19.0,Xây dựng và quản lý hạ tầng đô thị
80932,GTA,xay-dung-va-quan-ly-ha-tang-do-thi,X27,Điểm thi THPT,2025,19.0,Xây dựng và quản lý hạ tầng đô thị
80933,HBT,anh-bao-chi,R07,Điểm học bạ,2021,8.0,Ảnh báo chí
80934,HBT,anh-bao-chi,R08,Điểm học bạ,2021,8.0,Ảnh báo chí
80935,HBT,anh-bao-chi,R09,Điểm học bạ,2021,8.0,Ảnh báo chí
80936,HBT,anh-bao-chi,R17,Điểm học bạ,2021,8.0,Ảnh báo chí
80937,HBT,anh-bao-chi,R20,Điểm học bạ,2021,8.0,Ảnh báo chí
80938,HBT,anh-bao-chi,R07,Điểm thi THPT,2021,24.1,"Báo chí, chuyên ngành Ảnh báo chí"
80939,HBT,anh-bao-chi,R08,Điểm thi THPT,2021,24.6,"Báo chí, chuyên ngành Ảnh báo chí"
80940,HBT,anh-bao-chi,R09,Điểm thi THPT,2021,23.6,"Báo chí, chuyên ngành Ảnh báo chí"
80941,HBT,anh-bao-chi,R17,Điểm thi THPT,2021,25.35,"Báo chí, chuyên ngành Ảnh báo chí"
80942,HBT,anh-bao-chi,R20,Điểm thi THPT,2021,24.1,"Báo chí, chuyên ngành Ảnh báo chí"
80943,HBT,anh-bao-chi,D01,Điểm học bạ,2022,8.95,"Báo chí, chuyên ngành Ảnh báo chí"
80944,HBT,anh-bao-chi,D72,Điểm học bạ,2022,8.95,"Báo chí, chuyên ngành Ảnh báo chí"
80945,HBT,anh-bao-chi,D78,Điểm học bạ,2022,8.95,"Báo chí, chuyên ngành Ảnh báo chí"
80946,HBT,anh-bao-chi,R22,Điểm học bạ,2022,8.95,"Báo chí, chuyên ngành Ảnh báo chí"
80947,HBT,anh-bao-chi,R25,Điểm học bạ,2022,8.95,"Báo chí, chuyên ngành Ảnh báo chí"
80948,HBT,anh-bao-chi,R26,Điểm học bạ,2022,8.95,"Báo chí, chuyên ngành Ảnh báo chí"
80949,HBT,anh-bao-chi,D01,Điểm thi THPT,2022,34.23,"Báo chí, chuyên ngành Ảnh báo chí"
80950,HBT,anh-bao-chi,D72,Điểm thi THPT,2022,33.73,"Báo chí, chuyên ngành Ảnh báo chí"
80951,HBT,anh-bao-chi,D78,Điểm thi THPT,2022,34.73,"Báo chí, chuyên ngành Ảnh báo chí"
80952,HBT,anh-bao-chi,R22,Điểm thi THPT,2022,34.23,"Báo chí, chuyên ngành Ảnh báo chí"
80953,HBT,anh-bao-chi,R25,Điểm thi THPT,2022,33.73,"Báo chí, chuyên ngành Ảnh báo chí"
80954,HBT,anh-bao-chi,R26,Điểm thi THPT,2022,34.73,"Báo chí, chuyên ngành Ảnh báo chí"
80955,HBT,anh-bao-chi,D01,Điểm học bạ,2023,8.93,"Báo chí, chuyên ngành Ảnh báo chí"
80956,HBT,anh-bao-chi,D72,Điểm học bạ,2023,8.93,"Báo chí, chuyên ngành Ảnh báo chí"
80957,HBT,anh-bao-chi,D78,Điểm học bạ,2023,8.93,"Báo chí, chuyên ngành Ảnh báo chí"
80958,HBT,anh-bao-chi,R22,Điểm học bạ,2023,8.93,"Báo chí, chuyên ngành Ảnh báo chí"
80959,HBT,anh-bao-chi,R25,Điểm học bạ,2023,8.93,"Báo chí, chuyên ngành Ảnh báo chí"
80960,HBT,anh-bao-chi,R26,Điểm học bạ,2023,8.93,"Báo chí, chuyên ngành Ảnh báo chí"
80961,HBT,anh-bao-chi,D01,Điểm thi THPT,2023,35.0,"Báo chí, chuyên ngành Ảnh báo chí"
80962,HBT,anh-bao-chi,D72,Điểm thi THPT,2023,34.5,"Báo chí, chuyên ngành Ảnh báo chí"
80963,HBT,anh-bao-chi,D78,Điểm thi THPT,2023,35.5,"Báo chí, chuyên ngành Ảnh báo chí"
80964,HBT,anh-bao-chi,R22,Điểm thi THPT,2023,35.0,"Báo chí, chuyên ngành Ảnh báo chí"
80965,HBT,anh-bao-chi,R25,Điểm thi THPT,2023,34.5,"Báo chí, chuyên ngành Ảnh báo chí"
80966,HBT,anh-bao-chi,R26,Điểm thi THPT,2023,35.5,"Báo chí, chuyên ngành Ảnh báo chí"
80967,HBT,anh-bao-chi,D01,Điểm học bạ,2024,9.15,"Báo chí, chuyên ngành Ảnh báo chí"
80968,HBT,anh-bao-chi,D72,Điểm học bạ,2024,9.15,"Báo chí, chuyên ngành Ảnh báo chí"
80969,HBT,anh-bao-chi,D78,Điểm học bạ,2024,9.15,"Báo chí, chuyên ngành Ảnh báo chí"
80970,HBT,anh-bao-chi,D01,Điểm thi THPT,2024,35.63,"Báo chí, chuyên ngành Ảnh báo chí"
80971,HBT,anh-bao-chi,D72,Điểm thi THPT,2024,35.13,"Báo chí, chuyên ngành Ảnh báo chí"
80972,HBT,anh-bao-chi,D78,Điểm thi THPT,2024,36.13,"Báo chí, chuyên ngành Ảnh báo chí"
80973,HBT,anh-bao-chi,D01,Điểm học bạ,2025,36.84,"Báo chí, chuyên ngành Ảnh báo chí"
80974,HBT,anh-bao-chi,D14,Điểm học bạ,2025,36.84,"Báo chí, chuyên ngành Ảnh báo chí"
80975,HBT,anh-bao-chi,X78,Điểm học bạ,2025,36.84,"Báo chí, chuyên ngành Ảnh báo chí"
80976,HBT,anh-bao-chi,X79,Điểm học bạ,2025,36.84,"Báo chí, chuyên ngành Ảnh báo chí"
80977,HBT,anh-bao-chi,D01,Điểm thi THPT,2025,34.08,"Báo chí, chuyên ngành Ảnh báo chí"
80978,HBT,anh-bao-chi,D14,Điểm thi THPT,2025,34.83,"Báo chí, chuyên ngành Ảnh báo chí"
80979,HBT,anh-bao-chi,X78,Điểm thi THPT,2025,35.08,"Báo chí, chuyên ngành Ảnh báo chí"
80980,HBT,anh-bao-chi,X79,Điểm thi THPT,2025,34.58,"Báo chí, chuyên ngành Ảnh báo chí"
80981,HBT,bao-in,R05,Điểm học bạ,2021,8.45,"Báo chí, chuyên ngành Báo in"
80982,HBT,bao-in,R06,Điểm học bạ,2021,8.45,"Báo chí, chuyên ngành Báo in"
80983,HBT,bao-in,R15,Điểm học bạ,2021,8.45,"Báo chí, chuyên ngành Báo in"
80984,HBT,bao-in,R16,Điểm học bạ,2021,8.45,"Báo chí, chuyên ngành Báo in"
80985,HBT,bao-in,R19,Điểm học bạ,2021,8.45,"Báo chí, chuyên ngành Báo in"
80986,HBT,bao-in,R05,Điểm thi THPT,2021,25.4,"Báo chí, chuyên ngành Báo in"
80987,HBT,bao-in,R06,Điểm thi THPT,2021,24.4,"Báo chí, chuyên ngành Báo in"
80988,HBT,bao-in,R15,Điểm thi THPT,2021,24.9,"Báo chí, chuyên ngành Báo in"
80989,HBT,bao-in,R16,Điểm thi THPT,2021,26.4,"Báo chí, chuyên ngành Báo in"
80990,HBT,bao-in,R19,Điểm thi THPT,2021,24.9,"Báo chí, chuyên ngành Báo in"
80991,HBT,bao-in,D01,Điểm học bạ,2022,8.9,"Báo chí, chuyên ngành Báo in"
80992,HBT,bao-in,D72,Điểm học bạ,2022,8.9,"Báo chí, chuyên ngành Báo in"
80993,HBT,bao-in,D78,Điểm học bạ,2022,8.9,"Báo chí, chuyên ngành Báo in"
80994,HBT,bao-in,R22,Điểm học bạ,2022,8.9,"Báo chí, chuyên ngành Báo in"
80995,HBT,bao-in,R25,Điểm học bạ,2022,8.9,"Báo chí, chuyên ngành Báo in"
80996,HBT,bao-in,R26,Điểm học bạ,2022,8.9,"Báo chí, chuyên ngành Báo in"
80997,HBT,bao-in,D01,Điểm thi THPT,2022,34.35,"Báo chí, chuyên ngành Báo in"
80998,HBT,bao-in,D72,Điểm thi THPT,2022,33.85,"Báo chí, chuyên ngành Báo in"
80999,HBT,bao-in,D78,Điểm thi THPT,2022,35.35,"Báo chí, chuyên ngành Báo in"
81000,HBT,bao-in,R22,Điểm thi THPT,2022,34.35,"Báo chí, chuyên ngành Báo in"
81001,HBT,bao-in,R25,Điểm thi THPT,2022,33.85,"Báo chí, chuyên ngành Báo in"
81002,HBT,bao-in,R26,Điểm thi THPT,2022,35.35,"Báo chí, chuyên ngành Báo in"
81003,HBT,bao-in,D01,Điểm học bạ,2023,9.05,"Báo chi, chuyên ngành Báo in"
81004,HBT,bao-in,D72,Điểm học bạ,2023,9.05,"Báo chi, chuyên ngành Báo in"
81005,HBT,bao-in,D78,Điểm học bạ,2023,9.05,"Báo chi, chuyên ngành Báo in"
81006,HBT,bao-in,R22,Điểm học bạ,2023,9.05,"Báo chi, chuyên ngành Báo in"
81007,HBT,bao-in,R25,Điểm học bạ,2023,9.05,"Báo chi, chuyên ngành Báo in"
81008,HBT,bao-in,R26,Điểm học bạ,2023,9.05,"Báo chi, chuyên ngành Báo in"
81009,HBT,bao-in,D01,Điểm thi THPT,2023,34.97,"Báo chi, chuyên ngành Báo in"
81010,HBT,bao-in,D72,Điểm thi THPT,2023,34.47,"Báo chi, chuyên ngành Báo in"
81011,HBT,bao-in,D78,Điểm thi THPT,2023,35.97,"Báo chi, chuyên ngành Báo in"
81012,HBT,bao-in,R22,Điểm thi THPT,2023,34.97,"Báo chi, chuyên ngành Báo in"
81013,HBT,bao-in,R25,Điểm thi THPT,2023,34.47,"Báo chi, chuyên ngành Báo in"
81014,HBT,bao-in,R26,Điểm thi THPT,2023,35.97,"Báo chi, chuyên ngành Báo in"
81015,HBT,bao-in,D01,Điểm học bạ,2024,9.15,"Báo chí, chuyên ngành Báo in"
81016,HBT,bao-in,D72,Điểm học bạ,2024,9.15,"Báo chí, chuyên ngành Báo in"
81017,HBT,bao-in,D78,Điểm học bạ,2024,9.15,"Báo chí, chuyên ngành Báo in"
81018,HBT,bao-in,D01,Điểm thi THPT,2024,35.48,"Báo chí, chuyên ngành Báo in"
81019,HBT,bao-in,D72,Điểm thi THPT,2024,34.98,"Báo chí, chuyên ngành Báo in"
81020,HBT,bao-in,D78,Điểm thi THPT,2024,36.48,"Báo chí, chuyên ngành Báo in"
81021,HBT,bao-in,D01,Điểm học bạ,2025,36.62,"Báo chí, chuyên ngành Báo in"
81022,HBT,bao-in,D14,Điểm học bạ,2025,36.62,"Báo chí, chuyên ngành Báo in"
81023,HBT,bao-in,X78,Điểm học bạ,2025,36.62,"Báo chí, chuyên ngành Báo in"
81024,HBT,bao-in,X79,Điểm học bạ,2025,36.62,"Báo chí, chuyên ngành Báo in"
81025,HBT,bao-in,D01,Điểm thi THPT,2025,33.82,"Báo chí, chuyên ngành Báo in"
81026,HBT,bao-in,D14,Điểm thi THPT,2025,34.57,"Báo chí, chuyên ngành Báo in"
81027,HBT,bao-in,X78,Điểm thi THPT,2025,34.82,"Báo chí, chuyên ngành Báo in"
81028,HBT,bao-in,X79,Điểm thi THPT,2025,34.32,"Báo chí, chuyên ngành Báo in"
81029,HBT,bao-mang-dien-tu,R05,Điểm học bạ,2021,8.72,"Báo chí, chuyên ngành Báo mạng điện tử"
81030,HBT,bao-mang-dien-tu,R06,Điểm học bạ,2021,8.72,"Báo chí, chuyên ngành Báo mạng điện tử"
81031,HBT,bao-mang-dien-tu,R15,Điểm học bạ,2021,8.72,"Báo chí, chuyên ngành Báo mạng điện tử"
81032,HBT,bao-mang-dien-tu,R16,Điểm học bạ,2021,8.72,"Báo chí, chuyên ngành Báo mạng điện tử"
81033,HBT,bao-mang-dien-tu,R19,Điểm học bạ,2021,8.72,"Báo chí, chuyên ngành Báo mạng điện tử"
81034,HBT,bao-mang-dien-tu,R05,Điểm thi THPT,2021,25.9,"Báo chí, chuyên ngành Báo mạng điện tử"
81035,HBT,bao-mang-dien-tu,R06,Điểm thi THPT,2021,25.15,"Báo chí, chuyên ngành Báo mạng điện tử"
81036,HBT,bao-mang-dien-tu,R15,Điểm thi THPT,2021,25.65,"Báo chí, chuyên ngành Báo mạng điện tử"
81037,HBT,bao-mang-dien-tu,R16,Điểm thi THPT,2021,27.15,"Báo chí, chuyên ngành Báo mạng điện tử"
81038,HBT,bao-mang-dien-tu,R19,Điểm thi THPT,2021,25.65,"Báo chí, chuyên ngành Báo mạng điện tử"
81039,HBT,bao-mang-dien-tu,D01,Điểm học bạ,2022,9.1,"Báo chí, chuyên ngành Báo mạng điện tử"
81040,HBT,bao-mang-dien-tu,D72,Điểm học bạ,2022,9.1,"Báo chí, chuyên ngành Báo mạng điện tử"
81041,HBT,bao-mang-dien-tu,D78,Điểm học bạ,2022,9.1,"Báo chí, chuyên ngành Báo mạng điện tử"
81042,HBT,bao-mang-dien-tu,R22,Điểm học bạ,2022,9.1,"Báo chí, chuyên ngành Báo mạng điện tử"
81043,HBT,bao-mang-dien-tu,R25,Điểm học bạ,2022,9.1,"Báo chí, chuyên ngành Báo mạng điện tử"
81044,HBT,bao-mang-dien-tu,R26,Điểm học bạ,2022,9.1,"Báo chí, chuyên ngành Báo mạng điện tử"
81045,HBT,bao-mang-dien-tu,D01,Điểm thi THPT,2022,35.0,"Báo chí, chuyên ngành Báo mạng điện tử"
81046,HBT,bao-mang-dien-tu,D72,Điểm thi THPT,2022,34.5,"Báo chí, chuyên ngành Báo mạng điện tử"
81047,HBT,bao-mang-dien-tu,D78,Điểm thi THPT,2022,36.5,"Báo chí, chuyên ngành Báo mạng điện tử"
81048,HBT,bao-mang-dien-tu,R22,Điểm thi THPT,2022,35.0,"Báo chí, chuyên ngành Báo mạng điện tử"
81049,HBT,bao-mang-dien-tu,R25,Điểm thi THPT,2022,34.5,"Báo chí, chuyên ngành Báo mạng điện tử"
81050,HBT,bao-mang-dien-tu,R26,Điểm thi THPT,2022,36.5,"Báo chí, chuyên ngành Báo mạng điện tử"
81051,HBT,bao-mang-dien-tu,D01,Điểm học bạ,2023,9.18,"Báo chí, chuyên ngành Báo mạng điện tử"
81052,HBT,bao-mang-dien-tu,D72,Điểm học bạ,2023,9.18,"Báo chí, chuyên ngành Báo mạng điện tử"
81053,HBT,bao-mang-dien-tu,D78,Điểm học bạ,2023,9.18,"Báo chí, chuyên ngành Báo mạng điện tử"
81054,HBT,bao-mang-dien-tu,R22,Điểm học bạ,2023,9.18,"Báo chí, chuyên ngành Báo mạng điện tử"
81055,HBT,bao-mang-dien-tu,R25,Điểm học bạ,2023,9.18,"Báo chí, chuyên ngành Báo mạng điện tử"
81056,HBT,bao-mang-dien-tu,R26,Điểm học bạ,2023,9.18,"Báo chí, chuyên ngành Báo mạng điện tử"
81057,HBT,bao-mang-dien-tu,D01,Điểm thi THPT,2023,35.48,"Báo chí, chuyên ngành Báo mạng điện tử"
81058,HBT,bao-mang-dien-tu,D72,Điểm thi THPT,2023,34.98,"Báo chí, chuyên ngành Báo mạng điện tử"
81059,HBT,bao-mang-dien-tu,D78,Điểm thi THPT,2023,36.98,"Báo chí, chuyên ngành Báo mạng điện tử"
81060,HBT,bao-mang-dien-tu,R22,Điểm thi THPT,2023,35.48,"Báo chí, chuyên ngành Báo mạng điện tử"
81061,HBT,bao-mang-dien-tu,R25,Điểm thi THPT,2023,34.98,"Báo chí, chuyên ngành Báo mạng điện tử"
81062,HBT,bao-mang-dien-tu,R26,Điểm thi THPT,2023,36.98,"Báo chí, chuyên ngành Báo mạng điện tử"
81063,HBT,bao-mang-dien-tu,D01,Điểm học bạ,2024,9.28,"Báo chí, chuyên ngành Báo mạng điện tử"
81064,HBT,bao-mang-dien-tu,D72,Điểm học bạ,2024,9.28,"Báo chí, chuyên ngành Báo mạng điện tử"
81065,HBT,bao-mang-dien-tu,D78,Điểm học bạ,2024,9.28,"Báo chí, chuyên ngành Báo mạng điện tử"
81066,HBT,bao-mang-dien-tu,D01,Điểm thi THPT,2024,35.65,"Báo chí, chuyên ngành Báo mạng điện tử"
81067,HBT,bao-mang-dien-tu,D72,Điểm thi THPT,2024,35.15,"Báo chí, chuyên ngành Báo mạng điện tử"
81068,HBT,bao-mang-dien-tu,D78,Điểm thi THPT,2024,36.9,"Báo chí, chuyên ngành Báo mạng điện tử"
81069,HBT,bao-mang-dien-tu,D01,Điểm học bạ,2025,37.27,"Báo chí, chuyên ngành Báo mạng điện tử"
81070,HBT,bao-mang-dien-tu,D14,Điểm học bạ,2025,37.27,"Báo chí, chuyên ngành Báo mạng điện tử"
81071,HBT,bao-mang-dien-tu,X78,Điểm học bạ,2025,37.27,"Báo chí, chuyên ngành Báo mạng điện tử"
81072,HBT,bao-mang-dien-tu,X79,Điểm học bạ,2025,37.27,"Báo chí, chuyên ngành Báo mạng điện tử"
81073,HBT,bao-mang-dien-tu,D01,Điểm thi THPT,2025,34.57,"Báo chí, chuyên ngành Báo mạng điện tử"
81074,HBT,bao-mang-dien-tu,D14,Điểm thi THPT,2025,35.32,"Báo chí, chuyên ngành Báo mạng điện tử"
81075,HBT,bao-mang-dien-tu,X78,Điểm thi THPT,2025,35.57,"Báo chí, chuyên ngành Báo mạng điện tử"
81076,HBT,bao-mang-dien-tu,X79,Điểm thi THPT,2025,35.07,"Báo chí, chuyên ngành Báo mạng điện tử"
81077,HBT,bao-mang-dien-tu-chat-luong-cao,R05,Điểm học bạ,2021,8.43,"Báo chí, chuyên ngành Báo mạng điện tử chất lượng cao"
81078,HBT,bao-mang-dien-tu-chat-luong-cao,R06,Điểm học bạ,2021,8.43,"Báo chí, chuyên ngành Báo mạng điện tử chất lượng cao"
81079,HBT,bao-mang-dien-tu-chat-luong-cao,R15,Điểm học bạ,2021,8.43,"Báo chí, chuyên ngành Báo mạng điện tử chất lượng cao"
81080,HBT,bao-mang-dien-tu-chat-luong-cao,R16,Điểm học bạ,2021,8.43,"Báo chí, chuyên ngành Báo mạng điện tử chất lượng cao"
81081,HBT,bao-mang-dien-tu-chat-luong-cao,R19,Điểm học bạ,2021,8.43,"Báo chí, chuyên ngành Báo mạng điện tử chất lượng cao"
81082,HBT,bao-mang-dien-tu-chat-luong-cao,R05,Điểm thi THPT,2021,25.0,"Báo chí, chuyên ngành Báo mạng điện tử chất lượng cao"
81083,HBT,bao-mang-dien-tu-chat-luong-cao,R06,Điểm thi THPT,2021,24.0,"Báo chí, chuyên ngành Báo mạng điện tử chất lượng cao"
81084,HBT,bao-mang-dien-tu-chat-luong-cao,R15,Điểm thi THPT,2021,24.5,"Báo chí, chuyên ngành Báo mạng điện tử chất lượng cao"
81085,HBT,bao-mang-dien-tu-chat-luong-cao,R16,Điểm thi THPT,2021,25.5,"Báo chí, chuyên ngành Báo mạng điện tử chất lượng cao"
81086,HBT,bao-mang-dien-tu-chat-luong-cao,R19,Điểm thi THPT,2021,24.5,"Báo chí, chuyên ngành Báo mạng điện tử chất lượng cao"
81087,HBT,bao-phat-thanh,R05,Điểm học bạ,2021,8.75,"Báo chí, chuyên ngành Báo phát thanh"
81088,HBT,bao-phat-thanh,R06,Điểm học bạ,2021,8.75,"Báo chí, chuyên ngành Báo phát thanh"
81089,HBT,bao-phat-thanh,R15,Điểm học bạ,2021,8.75,"Báo chí, chuyên ngành Báo phát thanh"
81090,HBT,bao-phat-thanh,R16,Điểm học bạ,2021,8.75,"Báo chí, chuyên ngành Báo phát thanh"
81091,HBT,bao-phat-thanh,R19,Điểm học bạ,2021,8.75,"Báo chí, chuyên ngành Báo phát thanh"
81092,HBT,bao-phat-thanh,R05,Điểm thi THPT,2021,25.65,"Báo chí, chuyên ngành Báo phát thanh"
81093,HBT,bao-phat-thanh,R06,Điểm thi THPT,2021,24.65,"Báo chí, chuyên ngành Báo phát thanh"
81094,HBT,bao-phat-thanh,R15,Điểm thi THPT,2021,25.15,"Báo chí, chuyên ngành Báo phát thanh"
81095,HBT,bao-phat-thanh,R16,Điểm thi THPT,2021,26.65,"Báo chí, chuyên ngành Báo phát thanh"
81096,HBT,bao-phat-thanh,R19,Điểm thi THPT,2021,25.15,"Báo chí, chuyên ngành Báo phát thanh"
81097,HBT,bao-phat-thanh,D01,Điểm học bạ,2022,9.02,"Báo chí, chuyên ngành Báo phát thanh"
81098,HBT,bao-phat-thanh,D72,Điểm học bạ,2022,9.02,"Báo chí, chuyên ngành Báo phát thanh"
81099,HBT,bao-phat-thanh,D78,Điểm học bạ,2022,9.02,"Báo chí, chuyên ngành Báo phát thanh"
81100,HBT,bao-phat-thanh,R22,Điểm học bạ,2022,9.02,"Báo chí, chuyên ngành Báo phát thanh"
81101,HBT,bao-phat-thanh,R25,Điểm học bạ,2022,9.02,"Báo chí, chuyên ngành Báo phát thanh"
81102,HBT,bao-phat-thanh,R26,Điểm học bạ,2022,9.02,"Báo chí, chuyên ngành Báo phát thanh"
81103,HBT,bao-phat-thanh,D01,Điểm thi THPT,2022,34.7,"Báo chí, chuyên ngành Báo phát thanh"
81104,HBT,bao-phat-thanh,D72,Điểm thi THPT,2022,34.2,"Báo chí, chuyên ngành Báo phát thanh"
81105,HBT,bao-phat-thanh,D78,Điểm thi THPT,2022,35.7,"Báo chí, chuyên ngành Báo phát thanh"
81106,HBT,bao-phat-thanh,R22,Điểm thi THPT,2022,34.7,"Báo chí, chuyên ngành Báo phát thanh"
81107,HBT,bao-phat-thanh,R25,Điểm thi THPT,2022,34.2,"Báo chí, chuyên ngành Báo phát thanh"
81108,HBT,bao-phat-thanh,R26,Điểm thi THPT,2022,35.7,"Báo chí, chuyên ngành Báo phát thanh"
81109,HBT,bao-phat-thanh,D01,Điểm học bạ,2023,9.1,"Báo chí, chuyên ngành Báo phát thanh"
81110,HBT,bao-phat-thanh,D72,Điểm học bạ,2023,9.1,"Báo chí, chuyên ngành Báo phát thanh"
81111,HBT,bao-phat-thanh,D78,Điểm học bạ,2023,9.1,"Báo chí, chuyên ngành Báo phát thanh"
81112,HBT,bao-phat-thanh,R22,Điểm học bạ,2023,9.1,"Báo chí, chuyên ngành Báo phát thanh"
81113,HBT,bao-phat-thanh,R25,Điểm học bạ,2023,9.1,"Báo chí, chuyên ngành Báo phát thanh"
81114,HBT,bao-phat-thanh,R26,Điểm học bạ,2023,9.1,"Báo chí, chuyên ngành Báo phát thanh"
81115,HBT,bao-phat-thanh,D01,Điểm thi THPT,2023,35.22,"Báo chí, chuyên ngành Báo phát thanh"
81116,HBT,bao-phat-thanh,D72,Điểm thi THPT,2023,34.72,"Báo chí, chuyên ngành Báo phát thanh"
81117,HBT,bao-phat-thanh,D78,Điểm thi THPT,2023,36.22,"Báo chí, chuyên ngành Báo phát thanh"
81118,HBT,bao-phat-thanh,R22,Điểm thi THPT,2023,35.22,"Báo chí, chuyên ngành Báo phát thanh"
81119,HBT,bao-phat-thanh,R25,Điểm thi THPT,2023,34.72,"Báo chí, chuyên ngành Báo phát thanh"
81120,HBT,bao-phat-thanh,R26,Điểm thi THPT,2023,36.22,"Báo chí, chuyên ngành Báo phát thanh"
81121,HBT,bao-phat-thanh,D01,Điểm học bạ,2024,9.29,"Báo chí, chuyên ngành Báo phát thanh"
81122,HBT,bao-phat-thanh,D72,Điểm học bạ,2024,9.29,"Báo chí, chuyên ngành Báo phát thanh"
81123,HBT,bao-phat-thanh,D78,Điểm học bạ,2024,9.29,"Báo chí, chuyên ngành Báo phát thanh"
81124,HBT,bao-phat-thanh,D01,Điểm thi THPT,2024,35.75,"Báo chí, chuyên ngành Báo phát thanh"
81125,HBT,bao-phat-thanh,D72,Điểm thi THPT,2024,35.25,"Báo chí, chuyên ngành Báo phát thanh"
81126,HBT,bao-phat-thanh,D78,Điểm thi THPT,2024,36.75,"Báo chí, chuyên ngành Báo phát thanh"
81127,HBT,bao-phat-thanh,D01,Điểm học bạ,2025,37.03,"Báo chí, chuyên ngành Báo phát thanh"
81128,HBT,bao-phat-thanh,D14,Điểm học bạ,2025,37.03,"Báo chí, chuyên ngành Báo phát thanh"
81129,HBT,bao-phat-thanh,X78,Điểm học bạ,2025,37.03,"Báo chí, chuyên ngành Báo phát thanh"
81130,HBT,bao-phat-thanh,X79,Điểm học bạ,2025,37.03,"Báo chí, chuyên ngành Báo phát thanh"
81131,HBT,bao-phat-thanh,D01,Điểm thi THPT,2025,34.3,"Báo chí, chuyên ngành Báo phát thanh"
81132,HBT,bao-phat-thanh,D14,Điểm thi THPT,2025,35.05,"Báo chí, chuyên ngành Báo phát thanh"
81133,HBT,bao-phat-thanh,X78,Điểm thi THPT,2025,35.3,"Báo chí, chuyên ngành Báo phát thanh"
81134,HBT,bao-phat-thanh,X79,Điểm thi THPT,2025,34.8,"Báo chí, chuyên ngành Báo phát thanh"
81135,HBT,bao-truyen-hinh,R05,Điểm học bạ,2021,9.0,"Báo chí, chuyên ngành Báo truyền hình"
81136,HBT,bao-truyen-hinh,R06,Điểm học bạ,2021,9.0,"Báo chí, chuyên ngành Báo truyền hình"
81137,HBT,bao-truyen-hinh,R15,Điểm học bạ,2021,9.0,"Báo chí, chuyên ngành Báo truyền hình"
81138,HBT,bao-truyen-hinh,R16,Điểm học bạ,2021,9.0,"Báo chí, chuyên ngành Báo truyền hình"
81139,HBT,bao-truyen-hinh,R19,Điểm học bạ,2021,9.0,"Báo chí, chuyên ngành Báo truyền hình"
81140,HBT,bao-truyen-hinh,R05,Điểm thi THPT,2021,26.75,"Báo chí, chuyên ngành Báo truyền hình"
81141,HBT,bao-truyen-hinh,R06,Điểm thi THPT,2021,25.5,"Báo chí, chuyên ngành Báo truyền hình"
81142,HBT,bao-truyen-hinh,R15,Điểm thi THPT,2021,26.0,"Báo chí, chuyên ngành Báo truyền hình"
81143,HBT,bao-truyen-hinh,R16,Điểm thi THPT,2021,28.0,"Báo chí, chuyên ngành Báo truyền hình"
81144,HBT,bao-truyen-hinh,R19,Điểm thi THPT,2021,26.0,"Báo chí, chuyên ngành Báo truyền hình"
81145,HBT,bao-truyen-hinh,D01,Điểm học bạ,2022,9.25,"Báo chí, chuyên ngành Báo truyền hình"
81146,HBT,bao-truyen-hinh,D72,Điểm học bạ,2022,9.25,"Báo chí, chuyên ngành Báo truyền hình"
81147,HBT,bao-truyen-hinh,D78,Điểm học bạ,2022,9.25,"Báo chí, chuyên ngành Báo truyền hình"
81148,HBT,bao-truyen-hinh,R22,Điểm học bạ,2022,9.25,"Báo chí, chuyên ngành Báo truyền hình"
81149,HBT,bao-truyen-hinh,R25,Điểm học bạ,2022,9.25,"Báo chí, chuyên ngành Báo truyền hình"
81150,HBT,bao-truyen-hinh,R26,Điểm học bạ,2022,9.25,"Báo chí, chuyên ngành Báo truyền hình"
81151,HBT,bao-truyen-hinh,D01,Điểm thi THPT,2022,35.44,"Báo chí, chuyên ngành Báo truyền hình"
81152,HBT,bao-truyen-hinh,D72,Điểm thi THPT,2022,34.94,"Báo chí, chuyên ngành Báo truyền hình"
81153,HBT,bao-truyen-hinh,D78,Điểm thi THPT,2022,37.19,"Báo chí, chuyên ngành Báo truyền hình"
81154,HBT,bao-truyen-hinh,R22,Điểm thi THPT,2022,35.44,"Báo chí, chuyên ngành Báo truyền hình"
81155,HBT,bao-truyen-hinh,R25,Điểm thi THPT,2022,34.94,"Báo chí, chuyên ngành Báo truyền hình"
81156,HBT,bao-truyen-hinh,R26,Điểm thi THPT,2022,37.19,"Báo chí, chuyên ngành Báo truyền hình"
81157,HBT,bao-truyen-hinh,D01,Điểm học bạ,2023,9.32,"Báo chí, chuyên ngành Báo truyền hình"
81158,HBT,bao-truyen-hinh,D72,Điểm học bạ,2023,9.32,"Báo chí, chuyên ngành Báo truyền hình"
81159,HBT,bao-truyen-hinh,D78,Điểm học bạ,2023,9.32,"Báo chí, chuyên ngành Báo truyền hình"
81160,HBT,bao-truyen-hinh,R22,Điểm học bạ,2023,9.32,"Báo chí, chuyên ngành Báo truyền hình"
81161,HBT,bao-truyen-hinh,R25,Điểm học bạ,2023,9.32,"Báo chí, chuyên ngành Báo truyền hình"
81162,HBT,bao-truyen-hinh,R26,Điểm học bạ,2023,9.32,"Báo chí, chuyên ngành Báo truyền hình"
81163,HBT,bao-truyen-hinh,D01,Điểm thi THPT,2023,35.73,"Báo chí, chuyên ngành Báo truyền hình"
81164,HBT,bao-truyen-hinh,D72,Điểm thi THPT,2023,35.23,"Báo chí, chuyên ngành Báo truyền hình"
81165,HBT,bao-truyen-hinh,D78,Điểm thi THPT,2023,37.23,"Báo chí, chuyên ngành Báo truyền hình"
81166,HBT,bao-truyen-hinh,R22,Điểm thi THPT,2023,35.73,"Báo chí, chuyên ngành Báo truyền hình"
81167,HBT,bao-truyen-hinh,R25,Điểm thi THPT,2023,35.23,"Báo chí, chuyên ngành Báo truyền hình"
81168,HBT,bao-truyen-hinh,R26,Điểm thi THPT,2023,37.23,"Báo chí, chuyên ngành Báo truyền hình"
81169,HBT,bao-truyen-hinh,D01,Điểm học bạ,2024,9.38,"Báo chí, chuyên ngành Báo truyền hình"
81170,HBT,bao-truyen-hinh,D72,Điểm học bạ,2024,9.38,"Báo chí, chuyên ngành Báo truyền hình"
81171,HBT,bao-truyen-hinh,D78,Điểm học bạ,2024,9.38,"Báo chí, chuyên ngành Báo truyền hình"
81172,HBT,bao-truyen-hinh,D01,Điểm thi THPT,2024,35.96,"Báo chí, chuyên ngành Báo truyền hình"
81173,HBT,bao-truyen-hinh,D72,Điểm thi THPT,2024,35.46,"Báo chí, chuyên ngành Báo truyền hình"
81174,HBT,bao-truyen-hinh,D78,Điểm thi THPT,2024,37.21,"Báo chí, chuyên ngành Báo truyền hình"
81175,HBT,bao-truyen-hinh,D01,Điểm học bạ,2025,37.61,"Báo chí, chuyên ngành Báo truyền hình"
81176,HBT,bao-truyen-hinh,D14,Điểm học bạ,2025,37.61,"Báo chí, chuyên ngành Báo truyền hình"
81177,HBT,bao-truyen-hinh,X78,Điểm học bạ,2025,37.61,"Báo chí, chuyên ngành Báo truyền hình"
81178,HBT,bao-truyen-hinh,X79,Điểm học bạ,2025,37.61,"Báo chí, chuyên ngành Báo truyền hình"
81179,HBT,bao-truyen-hinh,D01,Điểm thi THPT,2025,34.96,"Báo chí, chuyên ngành Báo truyền hình"
81180,HBT,bao-truyen-hinh,D14,Điểm thi THPT,2025,35.71,"Báo chí, chuyên ngành Báo truyền hình"
81181,HBT,bao-truyen-hinh,X78,Điểm thi THPT,2025,35.96,"Báo chí, chuyên ngành Báo truyền hình"
81182,HBT,bao-truyen-hinh,X79,Điểm thi THPT,2025,35.46,"Báo chí, chuyên ngành Báo truyền hình"
81183,HBT,bao-truyen-hinh-chat-luong-cao,R05,Điểm học bạ,2021,8.69,"Báo chí, chuyên ngành Báo truyền hình chất lượng cao"
81184,HBT,bao-truyen-hinh-chat-luong-cao,R06,Điểm học bạ,2021,8.69,"Báo chí, chuyên ngành Báo truyền hình chất lượng cao"
81185,HBT,bao-truyen-hinh-chat-luong-cao,R15,Điểm học bạ,2021,8.69,"Báo chí, chuyên ngành Báo truyền hình chất lượng cao"
81186,HBT,bao-truyen-hinh-chat-luong-cao,R16,Điểm học bạ,2021,8.69,"Báo chí, chuyên ngành Báo truyền hình chất lượng cao"
81187,HBT,bao-truyen-hinh-chat-luong-cao,R19,Điểm học bạ,2021,8.69,"Báo chí, chuyên ngành Báo truyền hình chất lượng cao"
81188,HBT,bao-truyen-hinh-chat-luong-cao,R05,Điểm thi THPT,2021,25.7,"Báo chí, chuyên ngành Báo truyền hình chất lượng cao"
81189,HBT,bao-truyen-hinh-chat-luong-cao,R06,Điểm thi THPT,2021,24.7,"Báo chí, chuyên ngành Báo truyền hình chất lượng cao"
81190,HBT,bao-truyen-hinh-chat-luong-cao,R15,Điểm thi THPT,2021,25.2,"Báo chí, chuyên ngành Báo truyền hình chất lượng cao"
81191,HBT,bao-truyen-hinh-chat-luong-cao,R16,Điểm thi THPT,2021,26.2,"Báo chí, chuyên ngành Báo truyền hình chất lượng cao"
81192,HBT,bao-truyen-hinh-chat-luong-cao,R19,Điểm thi THPT,2021,25.2,"Báo chí, chuyên ngành Báo truyền hình chất lượng cao"
81193,HBT,bien-tap-xuat-ban,A16,Điểm học bạ,2021,8.9,"Xuất bản, chuyên ngành Biên tập xuất bản"
81194,HBT,bien-tap-xuat-ban,C15,Điểm học bạ,2021,8.9,"Xuất bản, chuyên ngành Biên tập xuất bản"
81195,HBT,bien-tap-xuat-ban,D01,Điểm học bạ,2021,8.9,"Xuất bản, chuyên ngành Biên tập xuất bản"
81196,HBT,bien-tap-xuat-ban,R22,Điểm học bạ,2021,8.9,"Xuất bản, chuyên ngành Biên tập xuất bản"
81197,HBT,bien-tap-xuat-ban,A16,Điểm thi THPT,2021,25.25,"Xuất bản, chuyên ngành Biên tập xuất bản"
81198,HBT,bien-tap-xuat-ban,C15,Điểm thi THPT,2021,26.25,"Xuất bản, chuyên ngành Biên tập xuất bản"
81199,HBT,bien-tap-xuat-ban,D01,Điểm thi THPT,2021,25.75,"Xuất bản, chuyên ngành Biên tập xuất bản"
81200,HBT,bien-tap-xuat-ban,R22,Điểm thi THPT,2021,25.75,"Xuất bản, chuyên ngành Biên tập xuất bản"
81201,HBT,bien-tap-xuat-ban,A16,Điểm học bạ,2022,8.9,"Xuất bản, chuyên ngành Biên tập xuất bản"
81202,HBT,bien-tap-xuat-ban,C15,Điểm học bạ,2022,8.9,"Xuất bản, chuyên ngành Biên tập xuất bản"
81203,HBT,bien-tap-xuat-ban,D01,Điểm học bạ,2022,8.9,"Xuất bản, chuyên ngành Biên tập xuất bản"
81204,HBT,bien-tap-xuat-ban,R22,Điểm học bạ,2022,8.9,"Xuất bản, chuyên ngành Biên tập xuất bản"
81205,HBT,bien-tap-xuat-ban,A16,Điểm thi THPT,2022,25.25,"Xuất bản, chuyên ngành Biên tập xuất bản"
81206,HBT,bien-tap-xuat-ban,C15,Điểm thi THPT,2022,26.25,"Xuất bản, chuyên ngành Biên tập xuất bản"
81207,HBT,bien-tap-xuat-ban,D01,Điểm thi THPT,2022,25.75,"Xuất bản, chuyên ngành Biên tập xuất bản"
81208,HBT,bien-tap-xuat-ban,R22,Điểm thi THPT,2022,25.75,"Xuất bản, chuyên ngành Biên tập xuất bản"
81209,HBT,bien-tap-xuat-ban,A16,Điểm học bạ,2023,9.08,"Xuất bản, chuyên ngành Biên tập xuất bản"
81210,HBT,bien-tap-xuat-ban,C15,Điểm học bạ,2023,9.08,"Xuất bản, chuyên ngành Biên tập xuất bản"
81211,HBT,bien-tap-xuat-ban,D01,Điểm học bạ,2023,9.08,"Xuất bản, chuyên ngành Biên tập xuất bản"
81212,HBT,bien-tap-xuat-ban,R22,Điểm học bạ,2023,9.08,"Xuất bản, chuyên ngành Biên tập xuất bản"
81213,HBT,bien-tap-xuat-ban,A16,Điểm thi THPT,2023,25.03,"Xuất bản, chuyên ngành Biên tập xuất bản"
81214,HBT,bien-tap-xuat-ban,C15,Điểm thi THPT,2023,26.03,"Xuất bản, chuyên ngành Biên tập xuất bản"
81215,HBT,bien-tap-xuat-ban,D01,Điểm thi THPT,2023,25.53,"Xuất bản, chuyên ngành Biên tập xuất bản"
81216,HBT,bien-tap-xuat-ban,R22,Điểm thi THPT,2023,25.53,"Xuất bản, chuyên ngành Biên tập xuất bản"
81217,HBT,bien-tap-xuat-ban,A01,Điểm học bạ,2024,9.04,"Xuất bản, chuyên ngành Biên tập xuất bản"
81218,HBT,bien-tap-xuat-ban,A16,Điểm học bạ,2024,9.04,"Xuất bản, chuyên ngành Biên tập xuất bản"
81219,HBT,bien-tap-xuat-ban,C15,Điểm học bạ,2024,9.04,"Xuất bản, chuyên ngành Biên tập xuất bản"
81220,HBT,bien-tap-xuat-ban,D01,Điểm học bạ,2024,9.04,"Xuất bản, chuyên ngành Biên tập xuất bản"
81221,HBT,bien-tap-xuat-ban,A01,Điểm thi THPT,2024,26.2,"Xuất bản, chuyên ngành Biên tập xuất bản"
81222,HBT,bien-tap-xuat-ban,A16,Điểm thi THPT,2024,25.7,"Xuất bản, chuyên ngành Biên tập xuất bản"
81223,HBT,bien-tap-xuat-ban,C15,Điểm thi THPT,2024,26.7,"Xuất bản, chuyên ngành Biên tập xuất bản"
81224,HBT,bien-tap-xuat-ban,D01,Điểm thi THPT,2024,26.2,"Xuất bản, chuyên ngành Biên tập xuất bản"
81225,HBT,bien-tap-xuat-ban,D01,Điểm học bạ,2025,36.63,"Xuất bản, chuyên ngành Biên tập xuất bản"
81226,HBT,bien-tap-xuat-ban,D14,Điểm học bạ,2025,36.63,"Xuất bản, chuyên ngành Biên tập xuất bản"
81227,HBT,bien-tap-xuat-ban,X78,Điểm học bạ,2025,36.63,"Xuất bản, chuyên ngành Biên tập xuất bản"
81228,HBT,bien-tap-xuat-ban,X79,Điểm học bạ,2025,36.63,"Xuất bản, chuyên ngành Biên tập xuất bản"
81229,HBT,bien-tap-xuat-ban,D01,Điểm thi THPT,2025,33.83,"Xuất bản, chuyên ngành Biên tập xuất bản"
81230,HBT,bien-tap-xuat-ban,D14,Điểm thi THPT,2025,34.58,"Xuất bản, chuyên ngành Biên tập xuất bản"
81231,HBT,bien-tap-xuat-ban,X78,Điểm thi THPT,2025,34.83,"Xuất bản, chuyên ngành Biên tập xuất bản"
81232,HBT,bien-tap-xuat-ban,X79,Điểm thi THPT,2025,34.33,"Xuất bản, chuyên ngành Biên tập xuất bản"
81233,HBT,chinh-sach-cong,A16,Điểm học bạ,2021,7.5,"Chính trị học, chuyên ngành Chính sách công"
81234,HBT,chinh-sach-cong,C15,Điểm học bạ,2021,7.5,"Chính trị học, chuyên ngành Chính sách công"
81235,HBT,chinh-sach-cong,D01,Điểm học bạ,2021,7.5,"Chính trị học, chuyên ngành Chính sách công"
81236,HBT,chinh-sach-cong,R22,Điểm học bạ,2021,7.5,"Chính trị học, chuyên ngành Chính sách công"
81237,HBT,chinh-sach-cong,A16,Điểm thi THPT,2021,23.0,"Chính trị học, chuyên ngành Chính sách công"
81238,HBT,chinh-sach-cong,C15,Điểm thi THPT,2021,23.0,"Chính trị học, chuyên ngành Chính sách công"
81239,HBT,chinh-sach-cong,D01,Điểm thi THPT,2021,23.0,"Chính trị học, chuyên ngành Chính sách công"
81240,HBT,chinh-sach-cong,R22,Điểm thi THPT,2021,23.0,"Chính trị học, chuyên ngành Chính sách công"
81241,HBT,chinh-sach-cong,A16,Điểm học bạ,2022,8.15,"Chính trị học, chuyên ngành Chính sách công"
81242,HBT,chinh-sach-cong,C15,Điểm học bạ,2022,8.15,"Chính trị học, chuyên ngành Chính sách công"
81243,HBT,chinh-sach-cong,D01,Điểm học bạ,2022,8.15,"Chính trị học, chuyên ngành Chính sách công"
81244,HBT,chinh-sach-cong,R22,Điểm học bạ,2022,8.15,"Chính trị học, chuyên ngành Chính sách công"
81245,HBT,chinh-sach-cong,A16,Điểm thi THPT,2022,24.08,"Chính trị học, chuyên ngành Chính sách công"
81246,HBT,chinh-sach-cong,C15,Điểm thi THPT,2022,24.08,"Chính trị học, chuyên ngành Chính sách công"
81247,HBT,chinh-sach-cong,D01,Điểm thi THPT,2022,24.08,"Chính trị học, chuyên ngành Chính sách công"
81248,HBT,chinh-sach-cong,R22,Điểm thi THPT,2022,24.08,"Chính trị học, chuyên ngành Chính sách công"
81249,HBT,chinh-sach-cong,A16,Điểm học bạ,2023,8.38,"Chính trị học, chuyên ngành Chính sách công"
81250,HBT,chinh-sach-cong,C15,Điểm học bạ,2023,8.38,"Chính trị học, chuyên ngành Chính sách công"
81251,HBT,chinh-sach-cong,D01,Điểm học bạ,2023,8.38,"Chính trị học, chuyên ngành Chính sách công"
81252,HBT,chinh-sach-cong,R22,Điểm học bạ,2023,8.38,"Chính trị học, chuyên ngành Chính sách công"
81253,HBT,chinh-sach-cong,A16,Điểm thi THPT,2023,23.72,"Chính trị học, chuyên ngành Chính sách công"
81254,HBT,chinh-sach-cong,C15,Điểm thi THPT,2023,23.72,"Chính trị học, chuyên ngành Chính sách công"
81255,HBT,chinh-sach-cong,D01,Điểm thi THPT,2023,23.72,"Chính trị học, chuyên ngành Chính sách công"
81256,HBT,chinh-sach-cong,R22,Điểm thi THPT,2023,23.72,"Chính trị học, chuyên ngành Chính sách công"
81257,HBT,chinh-tri-phat-trien,A16,Điểm học bạ,2021,6.9,"Chính trị học, chuyên ngành Chính trị phát triển"
81258,HBT,chinh-tri-phat-trien,C15,Điểm học bạ,2021,6.9,"Chính trị học, chuyên ngành Chính trị phát triển"
81259,HBT,chinh-tri-phat-trien,D01,Điểm học bạ,2021,6.9,"Chính trị học, chuyên ngành Chính trị phát triển"
81260,HBT,chinh-tri-phat-trien,R22,Điểm học bạ,2021,6.9,"Chính trị học, chuyên ngành Chính trị phát triển"
81261,HBT,chinh-tri-phat-trien,A16,Điểm thi THPT,2021,22.25,"Chính trị học, chuyên ngành Chính trị phát triển"
81262,HBT,chinh-tri-phat-trien,C15,Điểm thi THPT,2021,22.25,"Chính trị học, chuyên ngành Chính trị phát triển"
81263,HBT,chinh-tri-phat-trien,D01,Điểm thi THPT,2021,22.25,"Chính trị học, chuyên ngành Chính trị phát triển"
81264,HBT,chinh-tri-phat-trien,R22,Điểm thi THPT,2021,22.25,"Chính trị học, chuyên ngành Chính trị phát triển"
81265,HBT,chinh-tri-phat-trien,A16,Điểm học bạ,2022,8.05,"Chính trị học, chuyên ngành Chính trị phát triển"
81266,HBT,chinh-tri-phat-trien,C15,Điểm học bạ,2022,8.05,"Chính trị học, chuyên ngành Chính trị phát triển"
81267,HBT,chinh-tri-phat-trien,D01,Điểm học bạ,2022,8.05,"Chính trị học, chuyên ngành Chính trị phát triển"
81268,HBT,chinh-tri-phat-trien,R22,Điểm học bạ,2022,8.05,"Chính trị học, chuyên ngành Chính trị phát triển"
81269,HBT,chinh-tri-phat-trien,A16,Điểm thi THPT,2022,23.9,"Chính trị học, chuyên ngành Chính trị phát triển"
81270,HBT,chinh-tri-phat-trien,C15,Điểm thi THPT,2022,23.9,"Chính trị học, chuyên ngành Chính trị phát triển"
81271,HBT,chinh-tri-phat-trien,D01,Điểm thi THPT,2022,23.9,"Chính trị học, chuyên ngành Chính trị phát triển"
81272,HBT,chinh-tri-phat-trien,R22,Điểm thi THPT,2022,23.9,"Chính trị học, chuyên ngành Chính trị phát triển"
81273,HBT,chinh-tri-phat-trien,A16,Điểm học bạ,2023,8.41,"Chính tri học, chuyên ngành Chính trị phát triển"
81274,HBT,chinh-tri-phat-trien,C15,Điểm học bạ,2023,8.41,"Chính tri học, chuyên ngành Chính trị phát triển"
81275,HBT,chinh-tri-phat-trien,D01,Điểm học bạ,2023,8.41,"Chính tri học, chuyên ngành Chính trị phát triển"
81276,HBT,chinh-tri-phat-trien,R22,Điểm học bạ,2023,8.41,"Chính tri học, chuyên ngành Chính trị phát triển"
81277,HBT,chinh-tri-phat-trien,A16,Điểm thi THPT,2023,24.45,"Chính tri học, chuyên ngành Chính trị phát triển"
81278,HBT,chinh-tri-phat-trien,C15,Điểm thi THPT,2023,24.45,"Chính tri học, chuyên ngành Chính trị phát triển"
81279,HBT,chinh-tri-phat-trien,D01,Điểm thi THPT,2023,24.45,"Chính tri học, chuyên ngành Chính trị phát triển"
81280,HBT,chinh-tri-phat-trien,R22,Điểm thi THPT,2023,24.45,"Chính tri học, chuyên ngành Chính trị phát triển"
81281,HBT,chinh-tri-phat-trien,A01,Điểm học bạ,2024,8.59,"Chính tri học, chuyên ngành Chính trị phát triển"
81282,HBT,chinh-tri-phat-trien,A16,Điểm học bạ,2024,8.59,"Chính tri học, chuyên ngành Chính trị phát triển"
81283,HBT,chinh-tri-phat-trien,C15,Điểm học bạ,2024,8.59,"Chính tri học, chuyên ngành Chính trị phát triển"
81284,HBT,chinh-tri-phat-trien,D01,Điểm học bạ,2024,8.59,"Chính tri học, chuyên ngành Chính trị phát triển"
81285,HBT,chinh-tri-phat-trien,A01,Điểm thi THPT,2024,25.6,"Chính tri học, chuyên ngành Chính trị phát triển"
81286,HBT,chinh-tri-phat-trien,A16,Điểm thi THPT,2024,25.6,"Chính tri học, chuyên ngành Chính trị phát triển"
81287,HBT,chinh-tri-phat-trien,C15,Điểm thi THPT,2024,25.6,"Chính tri học, chuyên ngành Chính trị phát triển"
81288,HBT,chinh-tri-phat-trien,D01,Điểm thi THPT,2024,25.6,"Chính tri học, chuyên ngành Chính trị phát triển"
81289,HBT,chinh-tri-phat-trien,C03,Điểm học bạ,2025,26.09,"Chính trị học, chuyên ngành Chính trị phát triển"
81290,HBT,chinh-tri-phat-trien,D01,Điểm học bạ,2025,26.09,"Chính trị học, chuyên ngành Chính trị phát triển"
81291,HBT,chinh-tri-phat-trien,X01,Điểm học bạ,2025,26.09,"Chính trị học, chuyên ngành Chính trị phát triển"
81292,HBT,chinh-tri-phat-trien,X02,Điểm học bạ,2025,26.09,"Chính trị học, chuyên ngành Chính trị phát triển"
81293,HBT,chinh-tri-phat-trien,C03,Điểm thi THPT,2025,23.57,"Chính trị học, chuyên ngành Chính trị phát triển"
81294,HBT,chinh-tri-phat-trien,D01,Điểm thi THPT,2025,23.07,"Chính trị học, chuyên ngành Chính trị phát triển"
81295,HBT,chinh-tri-phat-trien,X01,Điểm thi THPT,2025,23.57,"Chính trị học, chuyên ngành Chính trị phát triển"
81296,HBT,chinh-tri-phat-trien,X02,Điểm thi THPT,2025,23.07,"Chính trị học, chuyên ngành Chính trị phát triển"
81297,HBT,chu-nghia-xa-hoi-khoa-hoc,A16,Điểm học bạ,2021,6.9,Chủ nghĩa xã hội khoa học
81298,HBT,chu-nghia-xa-hoi-khoa-hoc,C15,Điểm học bạ,2021,6.9,Chủ nghĩa xã hội khoa học
81299,HBT,chu-nghia-xa-hoi-khoa-hoc,D01,Điểm học bạ,2021,6.9,Chủ nghĩa xã hội khoa học
81300,HBT,chu-nghia-xa-hoi-khoa-hoc,R22,Điểm học bạ,2021,6.9,Chủ nghĩa xã hội khoa học
81301,HBT,chu-nghia-xa-hoi-khoa-hoc,A16,Điểm thi THPT,2021,22.5,Chủ nghĩa xã hội khoa học
81302,HBT,chu-nghia-xa-hoi-khoa-hoc,C15,Điểm thi THPT,2021,22.5,Chủ nghĩa xã hội khoa học
81303,HBT,chu-nghia-xa-hoi-khoa-hoc,D01,Điểm thi THPT,2021,22.5,Chủ nghĩa xã hội khoa học
81304,HBT,chu-nghia-xa-hoi-khoa-hoc,R22,Điểm thi THPT,2021,22.5,Chủ nghĩa xã hội khoa học
81305,HBT,chu-nghia-xa-hoi-khoa-hoc,A16,Điểm học bạ,2022,8.15,Chủ nghĩa xã hội khoa học
81306,HBT,chu-nghia-xa-hoi-khoa-hoc,C15,Điểm học bạ,2022,8.15,Chủ nghĩa xã hội khoa học
81307,HBT,chu-nghia-xa-hoi-khoa-hoc,D01,Điểm học bạ,2022,8.15,Chủ nghĩa xã hội khoa học
81308,HBT,chu-nghia-xa-hoi-khoa-hoc,R22,Điểm học bạ,2022,8.15,Chủ nghĩa xã hội khoa học
81309,HBT,chu-nghia-xa-hoi-khoa-hoc,A16,Điểm thi THPT,2022,24.0,Chủ nghĩa xã hội khoa học
81310,HBT,chu-nghia-xa-hoi-khoa-hoc,C15,Điểm thi THPT,2022,24.0,Chủ nghĩa xã hội khoa học
81311,HBT,chu-nghia-xa-hoi-khoa-hoc,D01,Điểm thi THPT,2022,24.0,Chủ nghĩa xã hội khoa học
81312,HBT,chu-nghia-xa-hoi-khoa-hoc,R22,Điểm thi THPT,2022,24.0,Chủ nghĩa xã hội khoa học
81313,HBT,chu-nghia-xa-hoi-khoa-hoc,A16,Điểm học bạ,2023,8.44,Chủ nghĩa xã hội khoa học
81314,HBT,chu-nghia-xa-hoi-khoa-hoc,C15,Điểm học bạ,2023,8.44,Chủ nghĩa xã hội khoa học
81315,HBT,chu-nghia-xa-hoi-khoa-hoc,D01,Điểm học bạ,2023,8.44,Chủ nghĩa xã hội khoa học
81316,HBT,chu-nghia-xa-hoi-khoa-hoc,R22,Điểm học bạ,2023,8.44,Chủ nghĩa xã hội khoa học
81317,HBT,chu-nghia-xa-hoi-khoa-hoc,A16,Điểm thi THPT,2023,23.94,Chủ nghĩa xã hội khoa học
81318,HBT,chu-nghia-xa-hoi-khoa-hoc,C15,Điểm thi THPT,2023,23.94,Chủ nghĩa xã hội khoa học
81319,HBT,chu-nghia-xa-hoi-khoa-hoc,D01,Điểm thi THPT,2023,23.94,Chủ nghĩa xã hội khoa học
81320,HBT,chu-nghia-xa-hoi-khoa-hoc,R22,Điểm thi THPT,2023,23.94,Chủ nghĩa xã hội khoa học
81321,HBT,chu-nghia-xa-hoi-khoa-hoc,A01,Điểm học bạ,2024,8.48,Chủ nghĩa xã hội khoa học
81322,HBT,chu-nghia-xa-hoi-khoa-hoc,A16,Điểm học bạ,2024,8.48,Chủ nghĩa xã hội khoa học
81323,HBT,chu-nghia-xa-hoi-khoa-hoc,C15,Điểm học bạ,2024,8.48,Chủ nghĩa xã hội khoa học
81324,HBT,chu-nghia-xa-hoi-khoa-hoc,D01,Điểm học bạ,2024,8.48,Chủ nghĩa xã hội khoa học
81325,HBT,chu-nghia-xa-hoi-khoa-hoc,A01,Điểm thi THPT,2024,25.25,Chủ nghĩa xã hội khoa học
81326,HBT,chu-nghia-xa-hoi-khoa-hoc,A16,Điểm thi THPT,2024,25.25,Chủ nghĩa xã hội khoa học
81327,HBT,chu-nghia-xa-hoi-khoa-hoc,C15,Điểm thi THPT,2024,25.25,Chủ nghĩa xã hội khoa học
81328,HBT,chu-nghia-xa-hoi-khoa-hoc,D01,Điểm thi THPT,2024,25.25,Chủ nghĩa xã hội khoa học
81329,HBT,chu-nghia-xa-hoi-khoa-hoc,C03,Điểm học bạ,2025,26.0,Chủ nghĩa xã hội khoa học
81330,HBT,chu-nghia-xa-hoi-khoa-hoc,D01,Điểm học bạ,2025,26.0,Chủ nghĩa xã hội khoa học
81331,HBT,chu-nghia-xa-hoi-khoa-hoc,X01,Điểm học bạ,2025,26.0,Chủ nghĩa xã hội khoa học
81332,HBT,chu-nghia-xa-hoi-khoa-hoc,X02,Điểm học bạ,2025,26.0,Chủ nghĩa xã hội khoa học
81333,HBT,chu-nghia-xa-hoi-khoa-hoc,C03,Điểm thi THPT,2025,23.46,Chủ nghĩa xã hội khoa học
81334,HBT,chu-nghia-xa-hoi-khoa-hoc,D01,Điểm thi THPT,2025,22.96,Chủ nghĩa xã hội khoa học
81335,HBT,chu-nghia-xa-hoi-khoa-hoc,X01,Điểm thi THPT,2025,23.46,Chủ nghĩa xã hội khoa học
81336,HBT,chu-nghia-xa-hoi-khoa-hoc,X02,Điểm thi THPT,2025,22.96,Chủ nghĩa xã hội khoa học
81337,HBT,cong-tac-dan-van,A16,Điểm học bạ,2021,7.0,"Xây dựng Đảng và Chính quyền nhà nước, chuyên ngành Công tác dân vận"
81338,HBT,cong-tac-dan-van,C15,Điểm học bạ,2021,7.0,"Xây dựng Đảng và Chính quyền nhà nước, chuyên ngành Công tác dân vận"
81339,HBT,cong-tac-dan-van,D01,Điểm học bạ,2021,7.0,"Xây dựng Đảng và Chính quyền nhà nước, chuyên ngành Công tác dân vận"
81340,HBT,cong-tac-dan-van,R22,Điểm học bạ,2021,7.0,"Xây dựng Đảng và Chính quyền nhà nước, chuyên ngành Công tác dân vận"
81341,HBT,cong-tac-dan-van,A16,Điểm thi THPT,2021,17.25,"Xây dựng Đảng và Chính quyền nhà nước, chuyên ngành Công tác dân vận"
81342,HBT,cong-tac-dan-van,C15,Điểm thi THPT,2021,17.75,"Xây dựng Đảng và Chính quyền nhà nước, chuyên ngành Công tác dân vận"
81343,HBT,cong-tac-dan-van,D01,Điểm thi THPT,2021,17.25,"Xây dựng Đảng và Chính quyền nhà nước, chuyên ngành Công tác dân vận"
81344,HBT,cong-tac-dan-van,R22,Điểm thi THPT,2021,17.25,"Xây dựng Đảng và Chính quyền nhà nước, chuyên ngành Công tác dân vận"
81345,HBT,cong-tac-to-chuc,A16,Điểm học bạ,2021,7.7,"Xây dựng Đảng và Chính quyền nhà nước, chuyên ngành Công tác tổ chức"
81346,HBT,cong-tac-to-chuc,C15,Điểm học bạ,2021,7.7,"Xây dựng Đảng và Chính quyền nhà nước, chuyên ngành Công tác tổ chức"
81347,HBT,cong-tac-to-chuc,D01,Điểm học bạ,2021,7.7,"Xây dựng Đảng và Chính quyền nhà nước, chuyên ngành Công tác tổ chức"
81348,HBT,cong-tac-to-chuc,R22,Điểm học bạ,2021,7.7,"Xây dựng Đảng và Chính quyền nhà nước, chuyên ngành Công tác tổ chức"
81349,HBT,cong-tac-to-chuc,A16,Điểm thi THPT,2021,22.75,"Xây dựng Đảng và Chính quyền nhà nước, chuyên ngành Công tác tổ chức"
81350,HBT,cong-tac-to-chuc,C15,Điểm thi THPT,2021,23.5,"Xây dựng Đảng và Chính quyền nhà nước, chuyên ngành Công tác tổ chức"
81351,HBT,cong-tac-to-chuc,D01,Điểm thi THPT,2021,23.0,"Xây dựng Đảng và Chính quyền nhà nước, chuyên ngành Công tác tổ chức"
81352,HBT,cong-tac-to-chuc,R22,Điểm thi THPT,2021,23.0,"Xây dựng Đảng và Chính quyền nhà nước, chuyên ngành Công tác tổ chức"
81353,HBT,cong-tac-tu-tuong-van-hoa,A01,Điểm học bạ,2024,8.26,"Chính trị học, chuyên ngành Công tác tư tưởng - văn hóa"
81354,HBT,cong-tac-tu-tuong-van-hoa,A16,Điểm học bạ,2024,8.26,"Chính trị học, chuyên ngành Công tác tư tưởng - văn hóa"
81355,HBT,cong-tac-tu-tuong-van-hoa,C15,Điểm học bạ,2024,8.26,"Chính trị học, chuyên ngành Công tác tư tưởng - văn hóa"
81356,HBT,cong-tac-tu-tuong-van-hoa,D01,Điểm học bạ,2024,8.26,"Chính trị học, chuyên ngành Công tác tư tưởng - văn hóa"
81357,HBT,cong-tac-tu-tuong-van-hoa,A01,Điểm thi THPT,2024,25.52,"Chính trị học, chuyên ngành Công tác tư tưởng - văn hóa"
81358,HBT,cong-tac-tu-tuong-van-hoa,A16,Điểm thi THPT,2024,25.52,"Chính trị học, chuyên ngành Công tác tư tưởng - văn hóa"
81359,HBT,cong-tac-tu-tuong-van-hoa,C15,Điểm thi THPT,2024,25.52,"Chính trị học, chuyên ngành Công tác tư tưởng - văn hóa"
81360,HBT,cong-tac-tu-tuong-van-hoa,D01,Điểm thi THPT,2024,25.52,"Chính trị học, chuyên ngành Công tác tư tưởng - văn hóa"
81361,HBT,cong-tac-tu-tuong-van-hoa,C03,Điểm học bạ,2025,26.02,"Chính trị học, chuyên ngành Công tác tư tưởng - văn hóa"
81362,HBT,cong-tac-tu-tuong-van-hoa,D01,Điểm học bạ,2025,26.02,"Chính trị học, chuyên ngành Công tác tư tưởng - văn hóa"
81363,HBT,cong-tac-tu-tuong-van-hoa,X01,Điểm học bạ,2025,26.02,"Chính trị học, chuyên ngành Công tác tư tưởng - văn hóa"
81364,HBT,cong-tac-tu-tuong-van-hoa,X02,Điểm học bạ,2025,26.02,"Chính trị học, chuyên ngành Công tác tư tưởng - văn hóa"
81365,HBT,cong-tac-tu-tuong-van-hoa,C03,Điểm thi THPT,2025,23.48,"Chính trị học, chuyên ngành Công tác tư tưởng - văn hóa"
81366,HBT,cong-tac-tu-tuong-van-hoa,D01,Điểm thi THPT,2025,22.98,"Chính trị học, chuyên ngành Công tác tư tưởng - văn hóa"
81367,HBT,cong-tac-tu-tuong-van-hoa,X01,Điểm thi THPT,2025,23.48,"Chính trị học, chuyên ngành Công tác tư tưởng - văn hóa"
81368,HBT,cong-tac-tu-tuong-van-hoa,X02,Điểm thi THPT,2025,22.98,"Chính trị học, chuyên ngành Công tác tư tưởng - văn hóa"
81369,HBT,cong-tac-xa-hoi,A16,Điểm học bạ,2021,8.6,Công tác xã hội
81370,HBT,cong-tac-xa-hoi,C15,Điểm học bạ,2021,8.6,Công tác xã hội
81371,HBT,cong-tac-xa-hoi,D01,Điểm học bạ,2021,8.6,Công tác xã hội
81372,HBT,cong-tac-xa-hoi,R22,Điểm học bạ,2021,8.6,Công tác xã hội
81373,HBT,cong-tac-xa-hoi,A16,Điểm thi THPT,2021,24.0,Công tác xã hội
81374,HBT,cong-tac-xa-hoi,C15,Điểm thi THPT,2021,25.0,Công tác xã hội
81375,HBT,cong-tac-xa-hoi,D01,Điểm thi THPT,2021,24.5,Công tác xã hội
81376,HBT,cong-tac-xa-hoi,R22,Điểm thi THPT,2021,24.5,Công tác xã hội
81377,HBT,cong-tac-xa-hoi,A16,Điểm học bạ,2022,8.54,Công tác xã hội
81378,HBT,cong-tac-xa-hoi,C15,Điểm học bạ,2022,8.54,Công tác xã hội
81379,HBT,cong-tac-xa-hoi,D01,Điểm học bạ,2022,8.54,Công tác xã hội
81380,HBT,cong-tac-xa-hoi,R22,Điểm học bạ,2022,8.54,Công tác xã hội
81381,HBT,cong-tac-xa-hoi,A16,Điểm thi THPT,2022,24.07,Công tác xã hội
81382,HBT,cong-tac-xa-hoi,C15,Điểm thi THPT,2022,25.07,Công tác xã hội
81383,HBT,cong-tac-xa-hoi,D01,Điểm thi THPT,2022,24.57,Công tác xã hội
81384,HBT,cong-tac-xa-hoi,R22,Điểm thi THPT,2022,24.57,Công tác xã hội
81385,HBT,cong-tac-xa-hoi,A16,Điểm học bạ,2023,8.65,Công tác xã hội
81386,HBT,cong-tac-xa-hoi,C15,Điểm học bạ,2023,8.65,Công tác xã hội
81387,HBT,cong-tac-xa-hoi,D01,Điểm học bạ,2023,8.65,Công tác xã hội
81388,HBT,cong-tac-xa-hoi,R22,Điểm học bạ,2023,8.65,Công tác xã hội
81389,HBT,cong-tac-xa-hoi,A16,Điểm thi THPT,2023,24.5,Công tác xã hội
81390,HBT,cong-tac-xa-hoi,C15,Điểm thi THPT,2023,25.5,Công tác xã hội
81391,HBT,cong-tac-xa-hoi,D01,Điểm thi THPT,2023,25.0,Công tác xã hội
81392,HBT,cong-tac-xa-hoi,R22,Điểm thi THPT,2023,25.0,Công tác xã hội
81393,HBT,cong-tac-xa-hoi,A01,Điểm học bạ,2024,8.79,Công tác xã hội
81394,HBT,cong-tac-xa-hoi,A16,Điểm học bạ,2024,8.79,Công tác xã hội
81395,HBT,cong-tac-xa-hoi,C15,Điểm học bạ,2024,8.79,Công tác xã hội
81396,HBT,cong-tac-xa-hoi,D01,Điểm học bạ,2024,8.79,Công tác xã hội
81397,HBT,cong-tac-xa-hoi,A01,Điểm thi THPT,2024,25.7,Công tác xã hội
81398,HBT,cong-tac-xa-hoi,A16,Điểm thi THPT,2024,25.2,Công tác xã hội
81399,HBT,cong-tac-xa-hoi,C15,Điểm thi THPT,2024,26.2,Công tác xã hội
81400,HBT,cong-tac-xa-hoi,D01,Điểm thi THPT,2024,25.7,Công tác xã hội
81401,HBT,cong-tac-xa-hoi,C03,Điểm học bạ,2025,27.01,Công tác xã hội
81402,HBT,cong-tac-xa-hoi,D01,Điểm học bạ,2025,27.01,Công tác xã hội
81403,HBT,cong-tac-xa-hoi,X01,Điểm học bạ,2025,27.01,Công tác xã hội
81404,HBT,cong-tac-xa-hoi,X02,Điểm học bạ,2025,27.01,Công tác xã hội
81405,HBT,cong-tac-xa-hoi,C03,Điểm thi THPT,2025,24.7,Công tác xã hội
81406,HBT,cong-tac-xa-hoi,D01,Điểm thi THPT,2025,24.2,Công tác xã hội
81407,HBT,cong-tac-xa-hoi,X01,Điểm thi THPT,2025,24.7,Công tác xã hội
81408,HBT,cong-tac-xa-hoi,X02,Điểm thi THPT,2025,24.2,Công tác xã hội
81409,HBT,kinh-te-chinh-tri,A16,Điểm học bạ,2021,8.5,Kinh tế chính trị
81410,HBT,kinh-te-chinh-tri,C15,Điểm học bạ,2021,8.5,Kinh tế chính trị
81411,HBT,kinh-te-chinh-tri,D01,Điểm học bạ,2021,8.5,Kinh tế chính trị
81412,HBT,kinh-te-chinh-tri,R22,Điểm học bạ,2021,8.5,Kinh tế chính trị
81413,HBT,kinh-te-chinh-tri,A16,Điểm thi THPT,2021,24.5,Kinh tế chính trị
81414,HBT,kinh-te-chinh-tri,C15,Điểm thi THPT,2021,25.5,Kinh tế chính trị
81415,HBT,kinh-te-chinh-tri,D01,Điểm thi THPT,2021,25.0,Kinh tế chính trị
81416,HBT,kinh-te-chinh-tri,R22,Điểm thi THPT,2021,25.0,Kinh tế chính trị
81417,HBT,kinh-te-chinh-tri,A16,Điểm học bạ,2022,8.65,Kinh tế chính trị
81418,HBT,kinh-te-chinh-tri,C15,Điểm học bạ,2022,8.65,Kinh tế chính trị
81419,HBT,kinh-te-chinh-tri,D01,Điểm học bạ,2022,8.65,Kinh tế chính trị
81420,HBT,kinh-te-chinh-tri,R22,Điểm học bạ,2022,8.65,Kinh tế chính trị
81421,HBT,kinh-te-chinh-tri,A16,Điểm thi THPT,2022,24.72,Kinh tế chính trị
81422,HBT,kinh-te-chinh-tri,C15,Điểm thi THPT,2022,25.72,Kinh tế chính trị
81423,HBT,kinh-te-chinh-tri,D01,Điểm thi THPT,2022,25.22,Kinh tế chính trị
81424,HBT,kinh-te-chinh-tri,R22,Điểm thi THPT,2022,25.22,Kinh tế chính trị
81425,HBT,kinh-te-chinh-tri,A16,Điểm học bạ,2023,8.94,Kinh tế chính trị
81426,HBT,kinh-te-chinh-tri,C15,Điểm học bạ,2023,8.94,Kinh tế chính trị
81427,HBT,kinh-te-chinh-tri,D01,Điểm học bạ,2023,8.94,Kinh tế chính trị
81428,HBT,kinh-te-chinh-tri,R22,Điểm học bạ,2023,8.94,Kinh tế chính trị
81429,HBT,kinh-te-chinh-tri,A16,Điểm thi THPT,2023,24.6,Kinh tế chính trị
81430,HBT,kinh-te-chinh-tri,C15,Điểm thi THPT,2023,25.6,Kinh tế chính trị
81431,HBT,kinh-te-chinh-tri,D01,Điểm thi THPT,2023,25.1,Kinh tế chính trị
81432,HBT,kinh-te-chinh-tri,R22,Điểm thi THPT,2023,25.1,Kinh tế chính trị
81433,HBT,kinh-te-chinh-tri,A01,Điểm học bạ,2024,8.8,Kinh tế chính trị
81434,HBT,kinh-te-chinh-tri,A16,Điểm học bạ,2024,8.8,Kinh tế chính trị
81435,HBT,kinh-te-chinh-tri,C15,Điểm học bạ,2024,8.8,Kinh tế chính trị
81436,HBT,kinh-te-chinh-tri,D01,Điểm học bạ,2024,8.8,Kinh tế chính trị
81437,HBT,kinh-te-chinh-tri,A01,Điểm thi THPT,2024,25.89,Kinh tế chính trị
81438,HBT,kinh-te-chinh-tri,A16,Điểm thi THPT,2024,25.39,Kinh tế chính trị
81439,HBT,kinh-te-chinh-tri,C15,Điểm thi THPT,2024,26.39,Kinh tế chính trị
81440,HBT,kinh-te-chinh-tri,D01,Điểm thi THPT,2024,25.89,Kinh tế chính trị
81441,HBT,kinh-te-chinh-tri,C03,Điểm học bạ,2025,27.11,Kinh tế chính trị
81442,HBT,kinh-te-chinh-tri,D01,Điểm học bạ,2025,27.11,Kinh tế chính trị
81443,HBT,kinh-te-chinh-tri,X01,Điểm học bạ,2025,27.11,Kinh tế chính trị
81444,HBT,kinh-te-chinh-tri,X02,Điểm học bạ,2025,27.11,Kinh tế chính trị
81445,HBT,kinh-te-chinh-tri,C03,Điểm thi THPT,2025,24.82,Kinh tế chính trị
81446,HBT,kinh-te-chinh-tri,D01,Điểm thi THPT,2025,24.32,Kinh tế chính trị
81447,HBT,kinh-te-chinh-tri,X01,Điểm thi THPT,2025,24.82,Kinh tế chính trị
81448,HBT,kinh-te-chinh-tri,X02,Điểm thi THPT,2025,24.32,Kinh tế chính trị
81449,HBT,kinh-te-va-quan-ly,A16,Điểm học bạ,2021,8.8,"Kinh tế, chuyên ngành Kinh tế và Quản lý (chất lượng cao)"
81450,HBT,kinh-te-va-quan-ly,C15,Điểm học bạ,2021,8.8,"Kinh tế, chuyên ngành Kinh tế và Quản lý (chất lượng cao)"
81451,HBT,kinh-te-va-quan-ly,D01,Điểm học bạ,2021,8.8,"Kinh tế, chuyên ngành Kinh tế và Quản lý (chất lượng cao)"
81452,HBT,kinh-te-va-quan-ly,R22,Điểm học bạ,2021,8.8,"Kinh tế, chuyên ngành Kinh tế và Quản lý (chất lượng cao)"
81453,HBT,kinh-te-va-quan-ly,A16,Điểm thi THPT,2021,24.3,"Kinh tế, chuyên ngành Kinh tế và Quản lý (chất lượng cao)"
81454,HBT,kinh-te-va-quan-ly,C15,Điểm thi THPT,2021,25.3,"Kinh tế, chuyên ngành Kinh tế và Quản lý (chất lượng cao)"
81455,HBT,kinh-te-va-quan-ly,D01,Điểm thi THPT,2021,24.8,"Kinh tế, chuyên ngành Kinh tế và Quản lý (chất lượng cao)"
81456,HBT,kinh-te-va-quan-ly,R22,Điểm thi THPT,2021,24.8,"Kinh tế, chuyên ngành Kinh tế và Quản lý (chất lượng cao)"
81457,HBT,kinh-te-va-quan-ly,A16,Điểm học bạ,2022,8.24,"Kinh tế, chuyên ngành Kinh tế và Quản lý (chất lượng cao)"
81458,HBT,kinh-te-va-quan-ly,C15,Điểm học bạ,2022,8.24,"Kinh tế, chuyên ngành Kinh tế và Quản lý (chất lượng cao)"
81459,HBT,kinh-te-va-quan-ly,D01,Điểm học bạ,2022,8.24,"Kinh tế, chuyên ngành Kinh tế và Quản lý (chất lượng cao)"
81460,HBT,kinh-te-va-quan-ly,R22,Điểm học bạ,2022,8.24,"Kinh tế, chuyên ngành Kinh tế và Quản lý (chất lượng cao)"
81461,HBT,kinh-te-va-quan-ly,A16,Điểm thi THPT,2022,23.89,"Kinh tế, chuyên ngành Kinh tế và Quản lý (chất lượng cao)"
81462,HBT,kinh-te-va-quan-ly,C15,Điểm thi THPT,2022,25.39,"Kinh tế, chuyên ngành Kinh tế và Quản lý (chất lượng cao)"
81463,HBT,kinh-te-va-quan-ly,D01,Điểm thi THPT,2022,25.14,"Kinh tế, chuyên ngành Kinh tế và Quản lý (chất lượng cao)"
81464,HBT,kinh-te-va-quan-ly,R22,Điểm thi THPT,2022,25.14,"Kinh tế, chuyên ngành Kinh tế và Quản lý (chất lượng cao)"
81465,HBT,kinh-te-va-quan-ly,A16,Điểm học bạ,2023,8.9,"Kinh tế, chuyên ngành Kinh tế và Quản lý (chất lưọng cao)"
81466,HBT,kinh-te-va-quan-ly,C15,Điểm học bạ,2023,8.9,"Kinh tế, chuyên ngành Kinh tế và Quản lý (chất lưọng cao)"
81467,HBT,kinh-te-va-quan-ly,D01,Điểm học bạ,2023,8.9,"Kinh tế, chuyên ngành Kinh tế và Quản lý (chất lưọng cao)"
81468,HBT,kinh-te-va-quan-ly,R22,Điểm học bạ,2023,8.9,"Kinh tế, chuyên ngành Kinh tế và Quản lý (chất lưọng cao)"
81469,HBT,kinh-te-va-quan-ly,A16,Điểm thi THPT,2023,24.05,"Kinh tế, chuyên ngành Kinh tế và Quản lý (chất lượng cao)"
81470,HBT,kinh-te-va-quan-ly,C15,Điểm thi THPT,2023,25.55,"Kinh tế, chuyên ngành Kinh tế và Quản lý (chất lượng cao)"
81471,HBT,kinh-te-va-quan-ly,D01,Điểm thi THPT,2023,25.3,"Kinh tế, chuyên ngành Kinh tế và Quản lý (chất lượng cao)"
81472,HBT,kinh-te-va-quan-ly,R22,Điểm thi THPT,2023,25.3,"Kinh tế, chuyên ngành Kinh tế và Quản lý (chất lượng cao)"
81473,HBT,lich-su,C00,Điểm học bạ,2022,8.95,Lịch sử
81474,HBT,lich-su,C03,Điểm học bạ,2022,8.95,Lịch sử
81475,HBT,lich-su,C19,Điểm học bạ,2022,8.95,Lịch sử
81476,HBT,lich-su,D14,Điểm học bạ,2022,8.95,Lịch sử
81477,HBT,lich-su,R23,Điểm học bạ,2022,8.95,Lịch sử
81478,HBT,lich-su,C00,Điểm thi THPT,2022,37.5,Lịch sử
81479,HBT,lich-su,C03,Điểm thi THPT,2022,35.5,Lịch sử
81480,HBT,lich-su,C19,Điểm thi THPT,2022,37.5,Lịch sử
81481,HBT,lich-su,D14,Điểm thi THPT,2022,35.5,Lịch sử
81482,HBT,lich-su,R23,Điểm thi THPT,2022,35.5,Lịch sử
81483,HBT,lich-su,C00,Điểm học bạ,2023,9.1,Lịch sử
81484,HBT,lich-su,C03,Điểm học bạ,2023,9.1,Lịch sử
81485,HBT,lich-su,C19,Điểm học bạ,2023,9.1,Lịch sử
81486,HBT,lich-su,D14,Điểm học bạ,2023,9.1,Lịch sử
81487,HBT,lich-su,R23,Điểm học bạ,2023,9.1,Lịch sử
81488,HBT,lich-su,C00,Điểm thi THPT,2023,28.56,Lịch sử
81489,HBT,lich-su,C03,Điểm thi THPT,2023,26.56,Lịch sử
81490,HBT,lich-su,C19,Điểm thi THPT,2023,28.56,Lịch sử
81491,HBT,lich-su,D14,Điểm thi THPT,2023,26.56,Lịch sử
81492,HBT,lich-su,R23,Điểm thi THPT,2023,26.56,Lịch sử
81493,HBT,lich-su,C00,Điểm học bạ,2024,9.09,Lịch sử
81494,HBT,lich-su,C03,Điểm học bạ,2024,9.09,Lịch sử
81495,HBT,lich-su,C19,Điểm học bạ,2024,9.09,Lịch sử
81496,HBT,lich-su,D14,Điểm học bạ,2024,9.09,Lịch sử
81497,HBT,lich-su,C00,Điểm thi THPT,2024,38.12,Lịch sử
81498,HBT,lich-su,C03,Điểm thi THPT,2024,36.12,Lịch sử
81499,HBT,lich-su,C19,Điểm thi THPT,2024,38.12,Lịch sử
81500,HBT,lich-su,D14,Điểm thi THPT,2024,36.12,Lịch sử
81501,HBT,lich-su,C03,Điểm học bạ,2025,37.43,Lịch sử
81502,HBT,lich-su,D14,Điểm học bạ,2025,37.43,Lịch sử
81503,HBT,lich-su,X70,Điểm học bạ,2025,37.43,Lịch sử
81504,HBT,lich-su,X71,Điểm học bạ,2025,37.43,Lịch sử
81505,HBT,lich-su,C03,Điểm thi THPT,2025,34.76,Lịch sử
81506,HBT,lich-su,D14,Điểm thi THPT,2025,34.76,Lịch sử
81507,HBT,lich-su,X70,Điểm thi THPT,2025,35.76,Lịch sử
81508,HBT,lich-su,X71,Điểm thi THPT,2025,35.26,Lịch sử
81509,HBT,lich-su-dang-cong-san-viet-nam,C00,Điểm học bạ,2021,8.7,"Lịch sử, chuyên ngành Lịch sử Đảng Cộng sản Việt Nam"
81510,HBT,lich-su-dang-cong-san-viet-nam,C03,Điểm học bạ,2021,8.7,"Lịch sử, chuyên ngành Lịch sử Đảng Cộng sản Việt Nam"
81511,HBT,lich-su-dang-cong-san-viet-nam,C19,Điểm học bạ,2021,8.7,"Lịch sử, chuyên ngành Lịch sử Đảng Cộng sản Việt Nam"
81512,HBT,lich-su-dang-cong-san-viet-nam,D14,Điểm học bạ,2021,8.7,"Lịch sử, chuyên ngành Lịch sử Đảng Cộng sản Việt Nam"
81513,HBT,lich-su-dang-cong-san-viet-nam,C00,Điểm thi THPT,2021,35.4,"Lịch sử, chuyên ngành Lịch sử Đảng Cộng sản Việt Nam"
81514,HBT,lich-su-dang-cong-san-viet-nam,C03,Điểm thi THPT,2021,33.4,"Lịch sử, chuyên ngành Lịch sử Đảng Cộng sản Việt Nam"
81515,HBT,lich-su-dang-cong-san-viet-nam,C19,Điểm thi THPT,2021,34.9,"Lịch sử, chuyên ngành Lịch sử Đảng Cộng sản Việt Nam"
81516,HBT,lich-su-dang-cong-san-viet-nam,D14,Điểm thi THPT,2021,33.4,"Lịch sử, chuyên ngành Lịch sử Đảng Cộng sản Việt Nam"
81517,HBT,ngon-ngu-anh,D01,Điểm học bạ,2021,9.45,Ngôn ngữ Anh
81518,HBT,ngon-ngu-anh,D72,Điểm học bạ,2021,9.45,Ngôn ngữ Anh
81519,HBT,ngon-ngu-anh,D78,Điểm học bạ,2021,9.45,Ngôn ngữ Anh
81520,HBT,ngon-ngu-anh,R24,Điểm học bạ,2021,9.45,Ngôn ngữ Anh
81521,HBT,ngon-ngu-anh,R25,Điểm học bạ,2021,9.45,Ngôn ngữ Anh
81522,HBT,ngon-ngu-anh,R26,Điểm học bạ,2021,9.45,Ngôn ngữ Anh
81523,HBT,ngon-ngu-anh,D01,Điểm thi THPT,2021,36.15,Ngôn ngữ Anh
81524,HBT,ngon-ngu-anh,D72,Điểm thi THPT,2021,35.65,Ngôn ngữ Anh
81525,HBT,ngon-ngu-anh,D78,Điểm thi THPT,2021,36.65,Ngôn ngữ Anh
81526,HBT,ngon-ngu-anh,R24,Điểm thi THPT,2021,36.15,Ngôn ngữ Anh
81527,HBT,ngon-ngu-anh,R25,Điểm thi THPT,2021,35.65,Ngôn ngữ Anh
81528,HBT,ngon-ngu-anh,R26,Điểm thi THPT,2021,36.65,Ngôn ngữ Anh
81529,HBT,ngon-ngu-anh,D01,Điểm học bạ,2022,9.16,Ngôn ngữ Anh
81530,HBT,ngon-ngu-anh,D72,Điểm học bạ,2022,9.16,Ngôn ngữ Anh
81531,HBT,ngon-ngu-anh,D78,Điểm học bạ,2022,9.16,Ngôn ngữ Anh
81532,HBT,ngon-ngu-anh,R22,Điểm học bạ,2022,9.16,Ngôn ngữ Anh
81533,HBT,ngon-ngu-anh,R25,Điểm học bạ,2022,9.16,Ngôn ngữ Anh
81534,HBT,ngon-ngu-anh,R26,Điểm học bạ,2022,9.16,Ngôn ngữ Anh
81535,HBT,ngon-ngu-anh,D01,Điểm thi THPT,2022,35.04,Ngôn ngữ Anh
81536,HBT,ngon-ngu-anh,D72,Điểm thi THPT,2022,34.54,Ngôn ngữ Anh
81537,HBT,ngon-ngu-anh,D78,Điểm thi THPT,2022,35.79,Ngôn ngữ Anh
81538,HBT,ngon-ngu-anh,R22,Điểm thi THPT,2022,35.04,Ngôn ngữ Anh
81539,HBT,ngon-ngu-anh,R25,Điểm thi THPT,2022,34.54,Ngôn ngữ Anh
81540,HBT,ngon-ngu-anh,R26,Điểm thi THPT,2022,35.79,Ngôn ngữ Anh
81541,HBT,ngon-ngu-anh,A01,Điểm học bạ,2023,9.19,Ngôn ngữ Anh
81542,HBT,ngon-ngu-anh,D01,Điểm học bạ,2023,9.19,Ngôn ngữ Anh
81543,HBT,ngon-ngu-anh,D72,Điểm học bạ,2023,9.19,Ngôn ngữ Anh
81544,HBT,ngon-ngu-anh,D78,Điểm học bạ,2023,9.19,Ngôn ngữ Anh
81545,HBT,ngon-ngu-anh,R22,Điểm học bạ,2023,9.19,Ngôn ngữ Anh
81546,HBT,ngon-ngu-anh,R25,Điểm học bạ,2023,9.19,Ngôn ngữ Anh
81547,HBT,ngon-ngu-anh,R26,Điểm học bạ,2023,9.19,Ngôn ngữ Anh
81548,HBT,ngon-ngu-anh,R27,Điểm học bạ,2023,9.19,Ngôn ngữ Anh
81549,HBT,ngon-ngu-anh,A01,Điểm thi THPT,2023,35.0,Ngôn ngữ Anh
81550,HBT,ngon-ngu-anh,D01,Điểm thi THPT,2023,35.0,Ngôn ngữ Anh
81551,HBT,ngon-ngu-anh,D72,Điểm thi THPT,2023,34.5,Ngôn ngữ Anh
81552,HBT,ngon-ngu-anh,D78,Điểm thi THPT,2023,35.75,Ngôn ngữ Anh
81553,HBT,ngon-ngu-anh,R22,Điểm thi THPT,2023,35.0,Ngôn ngữ Anh
81554,HBT,ngon-ngu-anh,R25,Điểm thi THPT,2023,34.5,Ngôn ngữ Anh
81555,HBT,ngon-ngu-anh,R26,Điểm thi THPT,2023,35.75,Ngôn ngữ Anh
81556,HBT,ngon-ngu-anh,R27,Điểm thi THPT,2023,35.0,Ngôn ngữ Anh
81557,HBT,ngon-ngu-anh,A01,Điểm học bạ,2024,9.42,Ngôn ngữ Anh
81558,HBT,ngon-ngu-anh,D01,Điểm học bạ,2024,9.42,Ngôn ngữ Anh
81559,HBT,ngon-ngu-anh,D72,Điểm học bạ,2024,9.42,Ngôn ngữ Anh
81560,HBT,ngon-ngu-anh,D78,Điểm học bạ,2024,9.42,Ngôn ngữ Anh
81561,HBT,ngon-ngu-anh,A01,Điểm thi THPT,2024,35.2,Ngôn ngữ Anh
81562,HBT,ngon-ngu-anh,D01,Điểm thi THPT,2024,35.2,Ngôn ngữ Anh
81563,HBT,ngon-ngu-anh,D72,Điểm thi THPT,2024,34.7,Ngôn ngữ Anh
81564,HBT,ngon-ngu-anh,D78,Điểm thi THPT,2024,35.95,Ngôn ngữ Anh
81565,HBT,ngon-ngu-anh,D01,Điểm học bạ,2025,37.85,Ngôn ngữ Anh
81566,HBT,ngon-ngu-anh,D14,Điểm học bạ,2025,37.85,Ngôn ngữ Anh
81567,HBT,ngon-ngu-anh,X78,Điểm học bạ,2025,37.85,Ngôn ngữ Anh
81568,HBT,ngon-ngu-anh,X79,Điểm học bạ,2025,37.85,Ngôn ngữ Anh
81569,HBT,ngon-ngu-anh,D01,Điểm thi THPT,2025,35.25,Ngôn ngữ Anh
81570,HBT,ngon-ngu-anh,D14,Điểm thi THPT,2025,36.0,Ngôn ngữ Anh
81571,HBT,ngon-ngu-anh,X78,Điểm thi THPT,2025,36.25,Ngôn ngữ Anh
81572,HBT,ngon-ngu-anh,X79,Điểm thi THPT,2025,35.75,Ngôn ngữ Anh
81573,HBT,quan-he-chinh-tri-va-truyen-thong-quoc-te,D01,Điểm học bạ,2021,9.42,"Quan hệ quốc tế, chuyên ngành Quan hệ chính trị và truyền thông quốc tế"
81574,HBT,quan-he-chinh-tri-va-truyen-thong-quoc-te,D72,Điểm học bạ,2021,9.42,"Quan hệ quốc tế, chuyên ngành Quan hệ chính trị và truyền thông quốc tế"
81575,HBT,quan-he-chinh-tri-va-truyen-thong-quoc-te,D78,Điểm học bạ,2021,9.42,"Quan hệ quốc tế, chuyên ngành Quan hệ chính trị và truyền thông quốc tế"
81576,HBT,quan-he-chinh-tri-va-truyen-thong-quoc-te,R24,Điểm học bạ,2021,9.42,"Quan hệ quốc tế, chuyên ngành Quan hệ chính trị và truyền thông quốc tế"
81577,HBT,quan-he-chinh-tri-va-truyen-thong-quoc-te,R25,Điểm học bạ,2021,9.42,"Quan hệ quốc tế, chuyên ngành Quan hệ chính trị và truyền thông quốc tế"
81578,HBT,quan-he-chinh-tri-va-truyen-thong-quoc-te,R26,Điểm học bạ,2021,9.42,"Quan hệ quốc tế, chuyên ngành Quan hệ chính trị và truyền thông quốc tế"
81579,HBT,quan-he-chinh-tri-va-truyen-thong-quoc-te,D01,Điểm thi THPT,2021,35.85,"Quan hệ quốc tế, chuyên ngành Quan hệ chính trị và truyền thông quốc tế"
81580,HBT,quan-he-chinh-tri-va-truyen-thong-quoc-te,D72,Điểm thi THPT,2021,35.35,"Quan hệ quốc tế, chuyên ngành Quan hệ chính trị và truyền thông quốc tế"
81581,HBT,quan-he-chinh-tri-va-truyen-thong-quoc-te,D78,Điểm thi THPT,2021,36.85,"Quan hệ quốc tế, chuyên ngành Quan hệ chính trị và truyền thông quốc tế"
81582,HBT,quan-he-chinh-tri-va-truyen-thong-quoc-te,R24,Điểm thi THPT,2021,35.85,"Quan hệ quốc tế, chuyên ngành Quan hệ chính trị và truyền thông quốc tế"
81583,HBT,quan-he-chinh-tri-va-truyen-thong-quoc-te,R25,Điểm thi THPT,2021,35.35,"Quan hệ quốc tế, chuyên ngành Quan hệ chính trị và truyền thông quốc tế"
81584,HBT,quan-he-chinh-tri-va-truyen-thong-quoc-te,R26,Điểm thi THPT,2021,36.85,"Quan hệ quốc tế, chuyên ngành Quan hệ chính trị và truyền thông quốc tế"
81585,HBT,quan-he-chinh-tri-va-truyen-thong-quoc-te,D01,Điểm học bạ,2022,9.2,"Quan hệ quốc tế, chuyên ngành Quan hệ chính trị và Truyền thông quốc tế"
81586,HBT,quan-he-chinh-tri-va-truyen-thong-quoc-te,D72,Điểm học bạ,2022,9.2,"Quan hệ quốc tế, chuyên ngành Quan hệ chính trị và Truyền thông quốc tế"
81587,HBT,quan-he-chinh-tri-va-truyen-thong-quoc-te,D78,Điểm học bạ,2022,9.2,"Quan hệ quốc tế, chuyên ngành Quan hệ chính trị và Truyền thông quốc tế"
81588,HBT,quan-he-chinh-tri-va-truyen-thong-quoc-te,R22,Điểm học bạ,2022,9.2,"Quan hệ quốc tế, chuyên ngành Quan hệ chính trị và Truyền thông quốc tế"
81589,HBT,quan-he-chinh-tri-va-truyen-thong-quoc-te,R25,Điểm học bạ,2022,9.2,"Quan hệ quốc tế, chuyên ngành Quan hệ chính trị và Truyền thông quốc tế"
81590,HBT,quan-he-chinh-tri-va-truyen-thong-quoc-te,R26,Điểm học bạ,2022,9.2,"Quan hệ quốc tế, chuyên ngành Quan hệ chính trị và Truyền thông quốc tế"
81591,HBT,quan-he-chinh-tri-va-truyen-thong-quoc-te,D01,Điểm thi THPT,2022,34.67,"Quan hệ quốc tế, chuyên ngành Quan hệ chính trị và Truyền thông quốc tế"
81592,HBT,quan-he-chinh-tri-va-truyen-thong-quoc-te,D72,Điểm thi THPT,2022,34.17,"Quan hệ quốc tế, chuyên ngành Quan hệ chính trị và Truyền thông quốc tế"
81593,HBT,quan-he-chinh-tri-va-truyen-thong-quoc-te,D78,Điểm thi THPT,2022,35.67,"Quan hệ quốc tế, chuyên ngành Quan hệ chính trị và Truyền thông quốc tế"
81594,HBT,quan-he-chinh-tri-va-truyen-thong-quoc-te,R22,Điểm thi THPT,2022,34.67,"Quan hệ quốc tế, chuyên ngành Quan hệ chính trị và Truyền thông quốc tế"
81595,HBT,quan-he-chinh-tri-va-truyen-thong-quoc-te,R25,Điểm thi THPT,2022,34.17,"Quan hệ quốc tế, chuyên ngành Quan hệ chính trị và Truyền thông quốc tế"
81596,HBT,quan-he-chinh-tri-va-truyen-thong-quoc-te,R26,Điểm thi THPT,2022,35.67,"Quan hệ quốc tế, chuyên ngành Quan hệ chính trị và Truyền thông quốc tế"
81597,HBT,quan-he-chinh-tri-va-truyen-thong-quoc-te,A01,Điểm học bạ,2023,9.3,Quan hệ quốc tế. chuyên ngành Quan hệ chính trị và Truyền thông quốc tế
81598,HBT,quan-he-chinh-tri-va-truyen-thong-quoc-te,D01,Điểm học bạ,2023,9.3,Quan hệ quốc tế. chuyên ngành Quan hệ chính trị và Truyền thông quốc tế
81599,HBT,quan-he-chinh-tri-va-truyen-thong-quoc-te,D72,Điểm học bạ,2023,9.3,Quan hệ quốc tế. chuyên ngành Quan hệ chính trị và Truyền thông quốc tế
81600,HBT,quan-he-chinh-tri-va-truyen-thong-quoc-te,D78,Điểm học bạ,2023,9.3,Quan hệ quốc tế. chuyên ngành Quan hệ chính trị và Truyền thông quốc tế
81601,HBT,quan-he-chinh-tri-va-truyen-thong-quoc-te,R22,Điểm học bạ,2023,9.3,Quan hệ quốc tế. chuyên ngành Quan hệ chính trị và Truyền thông quốc tế
81602,HBT,quan-he-chinh-tri-va-truyen-thong-quoc-te,R25,Điểm học bạ,2023,9.3,Quan hệ quốc tế. chuyên ngành Quan hệ chính trị và Truyền thông quốc tế
81603,HBT,quan-he-chinh-tri-va-truyen-thong-quoc-te,R26,Điểm học bạ,2023,9.3,Quan hệ quốc tế. chuyên ngành Quan hệ chính trị và Truyền thông quốc tế
81604,HBT,quan-he-chinh-tri-va-truyen-thong-quoc-te,R27,Điểm học bạ,2023,9.3,Quan hệ quốc tế. chuyên ngành Quan hệ chính trị và Truyền thông quốc tế
81605,HBT,quan-he-chinh-tri-va-truyen-thong-quoc-te,A01,Điểm thi THPT,2023,35.52,Quan hệ quốc tế. chuyên ngành Quan hệ chính trị và Truyền thông quốc tế
81606,HBT,quan-he-chinh-tri-va-truyen-thong-quoc-te,D01,Điểm thi THPT,2023,35.52,Quan hệ quốc tế. chuyên ngành Quan hệ chính trị và Truyền thông quốc tế
81607,HBT,quan-he-chinh-tri-va-truyen-thong-quoc-te,D72,Điểm thi THPT,2023,35.02,Quan hệ quốc tế. chuyên ngành Quan hệ chính trị và Truyền thông quốc tế
81608,HBT,quan-he-chinh-tri-va-truyen-thong-quoc-te,D78,Điểm thi THPT,2023,36.52,Quan hệ quốc tế. chuyên ngành Quan hệ chính trị và Truyền thông quốc tế
81609,HBT,quan-he-chinh-tri-va-truyen-thong-quoc-te,R22,Điểm thi THPT,2023,35.52,Quan hệ quốc tế. chuyên ngành Quan hệ chính trị và Truyền thông quốc tế
81610,HBT,quan-he-chinh-tri-va-truyen-thong-quoc-te,R25,Điểm thi THPT,2023,35.02,Quan hệ quốc tế. chuyên ngành Quan hệ chính trị và Truyền thông quốc tế
81611,HBT,quan-he-chinh-tri-va-truyen-thong-quoc-te,R26,Điểm thi THPT,2023,36.52,Quan hệ quốc tế. chuyên ngành Quan hệ chính trị và Truyền thông quốc tế
81612,HBT,quan-he-chinh-tri-va-truyen-thong-quoc-te,R27,Điểm thi THPT,2023,35.52,Quan hệ quốc tế. chuyên ngành Quan hệ chính trị và Truyền thông quốc tế
81613,HBT,quan-he-chinh-tri-va-truyen-thong-quoc-te,A01,Điểm học bạ,2024,9.37,"Quan hệ quốc tế, chuyên ngành Quan hệ chính trị và Truyền thông quốc tế"
81614,HBT,quan-he-chinh-tri-va-truyen-thong-quoc-te,D01,Điểm học bạ,2024,9.37,"Quan hệ quốc tế, chuyên ngành Quan hệ chính trị và Truyền thông quốc tế"
81615,HBT,quan-he-chinh-tri-va-truyen-thong-quoc-te,D72,Điểm học bạ,2024,9.37,"Quan hệ quốc tế, chuyên ngành Quan hệ chính trị và Truyền thông quốc tế"
81616,HBT,quan-he-chinh-tri-va-truyen-thong-quoc-te,D78,Điểm học bạ,2024,9.37,"Quan hệ quốc tế, chuyên ngành Quan hệ chính trị và Truyền thông quốc tế"
81617,HBT,quan-he-chinh-tri-va-truyen-thong-quoc-te,A01,Điểm thi THPT,2024,35.2,"Quan hệ quốc tế, chuyên ngành Quan hệ chính trị và Truyền thông quốc tế"
81618,HBT,quan-he-chinh-tri-va-truyen-thong-quoc-te,D01,Điểm thi THPT,2024,35.2,"Quan hệ quốc tế, chuyên ngành Quan hệ chính trị và Truyền thông quốc tế"
81619,HBT,quan-he-chinh-tri-va-truyen-thong-quoc-te,D72,Điểm thi THPT,2024,34.7,"Quan hệ quốc tế, chuyên ngành Quan hệ chính trị và Truyền thông quốc tế"
81620,HBT,quan-he-chinh-tri-va-truyen-thong-quoc-te,D78,Điểm thi THPT,2024,36.2,"Quan hệ quốc tế, chuyên ngành Quan hệ chính trị và Truyền thông quốc tế"
81621,HBT,quan-he-chinh-tri-va-truyen-thong-quoc-te,D01,Điểm học bạ,2025,37.64,"Quan hệ quốc tế, chuyên ngành Quan hệ chính trị và Truyền thông quốc tế"
81622,HBT,quan-he-chinh-tri-va-truyen-thong-quoc-te,D14,Điểm học bạ,2025,37.64,"Quan hệ quốc tế, chuyên ngành Quan hệ chính trị và Truyền thông quốc tế"
81623,HBT,quan-he-chinh-tri-va-truyen-thong-quoc-te,X78,Điểm học bạ,2025,37.64,"Quan hệ quốc tế, chuyên ngành Quan hệ chính trị và Truyền thông quốc tế"
81624,HBT,quan-he-chinh-tri-va-truyen-thong-quoc-te,X79,Điểm học bạ,2025,37.64,"Quan hệ quốc tế, chuyên ngành Quan hệ chính trị và Truyền thông quốc tế"
81625,HBT,quan-he-chinh-tri-va-truyen-thong-quoc-te,D01,Điểm thi THPT,2025,35.0,"Quan hệ quốc tế, chuyên ngành Quan hệ chính trị và Truyền thông quốc tế"
81626,HBT,quan-he-chinh-tri-va-truyen-thong-quoc-te,D14,Điểm thi THPT,2025,35.75,"Quan hệ quốc tế, chuyên ngành Quan hệ chính trị và Truyền thông quốc tế"
81627,HBT,quan-he-chinh-tri-va-truyen-thong-quoc-te,X78,Điểm thi THPT,2025,36.0,"Quan hệ quốc tế, chuyên ngành Quan hệ chính trị và Truyền thông quốc tế"
81628,HBT,quan-he-chinh-tri-va-truyen-thong-quoc-te,X79,Điểm thi THPT,2025,35.5,"Quan hệ quốc tế, chuyên ngành Quan hệ chính trị và Truyền thông quốc tế"
81629,HBT,quan-he-cong-chung-chuyen-nghiep,D01,Điểm học bạ,2021,9.57,"Quan hệ công chúng, chuyên ngành Quan hệ công chúng chuyên nghiệp"
81630,HBT,quan-he-cong-chung-chuyen-nghiep,D72,Điểm học bạ,2021,9.57,"Quan hệ công chúng, chuyên ngành Quan hệ công chúng chuyên nghiệp"
81631,HBT,quan-he-cong-chung-chuyen-nghiep,D78,Điểm học bạ,2021,9.57,"Quan hệ công chúng, chuyên ngành Quan hệ công chúng chuyên nghiệp"
81632,HBT,quan-he-cong-chung-chuyen-nghiep,R24,Điểm học bạ,2021,9.57,"Quan hệ công chúng, chuyên ngành Quan hệ công chúng chuyên nghiệp"
81633,HBT,quan-he-cong-chung-chuyen-nghiep,R25,Điểm học bạ,2021,9.57,"Quan hệ công chúng, chuyên ngành Quan hệ công chúng chuyên nghiệp"
81634,HBT,quan-he-cong-chung-chuyen-nghiep,R26,Điểm học bạ,2021,9.57,"Quan hệ công chúng, chuyên ngành Quan hệ công chúng chuyên nghiệp"
81635,HBT,quan-he-cong-chung-chuyen-nghiep,D01,Điểm thi THPT,2021,36.82,"Quan hệ công chúng, chuyên ngành Quan hệ công chúng chuyên nghiệp"
81636,HBT,quan-he-cong-chung-chuyen-nghiep,D72,Điểm thi THPT,2021,36.32,"Quan hệ công chúng, chuyên ngành Quan hệ công chúng chuyên nghiệp"
81637,HBT,quan-he-cong-chung-chuyen-nghiep,D78,Điểm thi THPT,2021,38.07,"Quan hệ công chúng, chuyên ngành Quan hệ công chúng chuyên nghiệp"
81638,HBT,quan-he-cong-chung-chuyen-nghiep,R24,Điểm thi THPT,2021,36.82,"Quan hệ công chúng, chuyên ngành Quan hệ công chúng chuyên nghiệp"
81639,HBT,quan-he-cong-chung-chuyen-nghiep,R25,Điểm thi THPT,2021,36.32,"Quan hệ công chúng, chuyên ngành Quan hệ công chúng chuyên nghiệp"
81640,HBT,quan-he-cong-chung-chuyen-nghiep,R26,Điểm thi THPT,2021,38.07,"Quan hệ công chúng, chuyên ngành Quan hệ công chúng chuyên nghiệp"
81641,HBT,quan-he-cong-chung-chuyen-nghiep,D01,Điểm học bạ,2022,9.4,"Quan hệ công chúng, chuyên ngành Quan hệ công chúng chuyên nghiệp"
81642,HBT,quan-he-cong-chung-chuyen-nghiep,D72,Điểm học bạ,2022,9.4,"Quan hệ công chúng, chuyên ngành Quan hệ công chúng chuyên nghiệp"
81643,HBT,quan-he-cong-chung-chuyen-nghiep,D78,Điểm học bạ,2022,9.4,"Quan hệ công chúng, chuyên ngành Quan hệ công chúng chuyên nghiệp"
81644,HBT,quan-he-cong-chung-chuyen-nghiep,R22,Điểm học bạ,2022,9.4,"Quan hệ công chúng, chuyên ngành Quan hệ công chúng chuyên nghiệp"
81645,HBT,quan-he-cong-chung-chuyen-nghiep,R25,Điểm học bạ,2022,9.4,"Quan hệ công chúng, chuyên ngành Quan hệ công chúng chuyên nghiệp"
81646,HBT,quan-he-cong-chung-chuyen-nghiep,R26,Điểm học bạ,2022,9.4,"Quan hệ công chúng, chuyên ngành Quan hệ công chúng chuyên nghiệp"
81647,HBT,quan-he-cong-chung-chuyen-nghiep,D01,Điểm thi THPT,2022,36.35,"Quan hệ công chúng, chuyên ngành Quan hệ công chúng chuyên nghiệp"
81648,HBT,quan-he-cong-chung-chuyen-nghiep,D72,Điểm thi THPT,2022,35.85,"Quan hệ công chúng, chuyên ngành Quan hệ công chúng chuyên nghiệp"
81649,HBT,quan-he-cong-chung-chuyen-nghiep,D78,Điểm thi THPT,2022,37.6,"Quan hệ công chúng, chuyên ngành Quan hệ công chúng chuyên nghiệp"
81650,HBT,quan-he-cong-chung-chuyen-nghiep,R22,Điểm thi THPT,2022,36.35,"Quan hệ công chúng, chuyên ngành Quan hệ công chúng chuyên nghiệp"
81651,HBT,quan-he-cong-chung-chuyen-nghiep,R25,Điểm thi THPT,2022,35.85,"Quan hệ công chúng, chuyên ngành Quan hệ công chúng chuyên nghiệp"
81652,HBT,quan-he-cong-chung-chuyen-nghiep,R26,Điểm thi THPT,2022,37.6,"Quan hệ công chúng, chuyên ngành Quan hệ công chúng chuyên nghiệp"
81653,HBT,quan-he-cong-chung-chuyen-nghiep,A01,Điểm học bạ,2023,9.5,"Quan hệ công chúng, chuyên ngành Quan hệ công chúng chuyên nghiệp"
81654,HBT,quan-he-cong-chung-chuyen-nghiep,D01,Điểm học bạ,2023,9.5,"Quan hệ công chúng, chuyên ngành Quan hệ công chúng chuyên nghiệp"
81655,HBT,quan-he-cong-chung-chuyen-nghiep,D72,Điểm học bạ,2023,9.5,"Quan hệ công chúng, chuyên ngành Quan hệ công chúng chuyên nghiệp"
81656,HBT,quan-he-cong-chung-chuyen-nghiep,D78,Điểm học bạ,2023,9.5,"Quan hệ công chúng, chuyên ngành Quan hệ công chúng chuyên nghiệp"
81657,HBT,quan-he-cong-chung-chuyen-nghiep,R22,Điểm học bạ,2023,9.5,"Quan hệ công chúng, chuyên ngành Quan hệ công chúng chuyên nghiệp"
81658,HBT,quan-he-cong-chung-chuyen-nghiep,R25,Điểm học bạ,2023,9.5,"Quan hệ công chúng, chuyên ngành Quan hệ công chúng chuyên nghiệp"
81659,HBT,quan-he-cong-chung-chuyen-nghiep,R26,Điểm học bạ,2023,9.5,"Quan hệ công chúng, chuyên ngành Quan hệ công chúng chuyên nghiệp"
81660,HBT,quan-he-cong-chung-chuyen-nghiep,R27,Điểm học bạ,2023,9.5,"Quan hệ công chúng, chuyên ngành Quan hệ công chúng chuyên nghiệp"
81661,HBT,quan-he-cong-chung-chuyen-nghiep,A01,Điểm thi THPT,2023,36.52,"Quan hệ công chúng, chuyên ngành Quan hệ công chúng chuyên nghiệp"
81662,HBT,quan-he-cong-chung-chuyen-nghiep,D01,Điểm thi THPT,2023,36.52,"Quan hệ công chúng, chuyên ngành Quan hệ công chúng chuyên nghiệp"
81663,HBT,quan-he-cong-chung-chuyen-nghiep,D72,Điểm thi THPT,2023,36.02,"Quan hệ công chúng, chuyên ngành Quan hệ công chúng chuyên nghiệp"
81664,HBT,quan-he-cong-chung-chuyen-nghiep,D78,Điểm thi THPT,2023,38.02,"Quan hệ công chúng, chuyên ngành Quan hệ công chúng chuyên nghiệp"
81665,HBT,quan-he-cong-chung-chuyen-nghiep,R22,Điểm thi THPT,2023,36.52,"Quan hệ công chúng, chuyên ngành Quan hệ công chúng chuyên nghiệp"
81666,HBT,quan-he-cong-chung-chuyen-nghiep,R25,Điểm thi THPT,2023,36.02,"Quan hệ công chúng, chuyên ngành Quan hệ công chúng chuyên nghiệp"
81667,HBT,quan-he-cong-chung-chuyen-nghiep,R26,Điểm thi THPT,2023,38.02,"Quan hệ công chúng, chuyên ngành Quan hệ công chúng chuyên nghiệp"
81668,HBT,quan-he-cong-chung-chuyen-nghiep,R27,Điểm thi THPT,2023,36.52,"Quan hệ công chúng, chuyên ngành Quan hệ công chúng chuyên nghiệp"
81669,HBT,quan-he-cong-chung-chuyen-nghiep,A01,Điểm học bạ,2024,9.52,"Quan hệ công chúng, chuyên ngành Quan hệ công chúng chuyên nghiệp"
81670,HBT,quan-he-cong-chung-chuyen-nghiep,D01,Điểm học bạ,2024,9.52,"Quan hệ công chúng, chuyên ngành Quan hệ công chúng chuyên nghiệp"
81671,HBT,quan-he-cong-chung-chuyen-nghiep,D72,Điểm học bạ,2024,9.52,"Quan hệ công chúng, chuyên ngành Quan hệ công chúng chuyên nghiệp"
81672,HBT,quan-he-cong-chung-chuyen-nghiep,D78,Điểm học bạ,2024,9.52,"Quan hệ công chúng, chuyên ngành Quan hệ công chúng chuyên nghiệp"
81673,HBT,quan-he-cong-chung-chuyen-nghiep,A01,Điểm thi THPT,2024,36.45,"Quan hệ công chúng, chuyên ngành Quan hệ công chúng chuyên nghiệp"
81674,HBT,quan-he-cong-chung-chuyen-nghiep,D01,Điểm thi THPT,2024,36.45,"Quan hệ công chúng, chuyên ngành Quan hệ công chúng chuyên nghiệp"
81675,HBT,quan-he-cong-chung-chuyen-nghiep,D72,Điểm thi THPT,2024,35.95,"Quan hệ công chúng, chuyên ngành Quan hệ công chúng chuyên nghiệp"
81676,HBT,quan-he-cong-chung-chuyen-nghiep,D78,Điểm thi THPT,2024,37.7,"Quan hệ công chúng, chuyên ngành Quan hệ công chúng chuyên nghiệp"
81677,HBT,quan-he-cong-chung-chuyen-nghiep,D01,Điểm học bạ,2025,38.67,"Quan hệ công chúng, chuyên ngành Quan hệ công chúng chuyên nghiệp"
81678,HBT,quan-he-cong-chung-chuyen-nghiep,D14,Điểm học bạ,2025,38.67,"Quan hệ công chúng, chuyên ngành Quan hệ công chúng chuyên nghiệp"
81679,HBT,quan-he-cong-chung-chuyen-nghiep,X78,Điểm học bạ,2025,38.67,"Quan hệ công chúng, chuyên ngành Quan hệ công chúng chuyên nghiệp"
81680,HBT,quan-he-cong-chung-chuyen-nghiep,X79,Điểm học bạ,2025,38.67,"Quan hệ công chúng, chuyên ngành Quan hệ công chúng chuyên nghiệp"
81681,HBT,quan-he-cong-chung-chuyen-nghiep,D01,Điểm thi THPT,2025,36.2,"Quan hệ công chúng, chuyên ngành Quan hệ công chúng chuyên nghiệp"
81682,HBT,quan-he-cong-chung-chuyen-nghiep,D14,Điểm thi THPT,2025,36.95,"Quan hệ công chúng, chuyên ngành Quan hệ công chúng chuyên nghiệp"
81683,HBT,quan-he-cong-chung-chuyen-nghiep,X78,Điểm thi THPT,2025,37.2,"Quan hệ công chúng, chuyên ngành Quan hệ công chúng chuyên nghiệp"
81684,HBT,quan-he-cong-chung-chuyen-nghiep,X79,Điểm thi THPT,2025,36.7,"Quan hệ công chúng, chuyên ngành Quan hệ công chúng chuyên nghiệp"
81685,HBT,quan-he-quoc-te-va-truyen-thong-toan-cau,D01,Điểm học bạ,2021,9.5,"Quan hệ quốc tế, chuyên ngành Quan hệ quốc tế và Truyền thông toàn cầu (chất lượng cao)"
81686,HBT,quan-he-quoc-te-va-truyen-thong-toan-cau,D72,Điểm học bạ,2021,9.5,"Quan hệ quốc tế, chuyên ngành Quan hệ quốc tế và Truyền thông toàn cầu (chất lượng cao)"
81687,HBT,quan-he-quoc-te-va-truyen-thong-toan-cau,D78,Điểm học bạ,2021,9.5,"Quan hệ quốc tế, chuyên ngành Quan hệ quốc tế và Truyền thông toàn cầu (chất lượng cao)"
81688,HBT,quan-he-quoc-te-va-truyen-thong-toan-cau,R24,Điểm học bạ,2021,9.5,"Quan hệ quốc tế, chuyên ngành Quan hệ quốc tế và Truyền thông toàn cầu (chất lượng cao)"
81689,HBT,quan-he-quoc-te-va-truyen-thong-toan-cau,R25,Điểm học bạ,2021,9.5,"Quan hệ quốc tế, chuyên ngành Quan hệ quốc tế và Truyền thông toàn cầu (chất lượng cao)"
81690,HBT,quan-he-quoc-te-va-truyen-thong-toan-cau,R26,Điểm học bạ,2021,9.5,"Quan hệ quốc tế, chuyên ngành Quan hệ quốc tế và Truyền thông toàn cầu (chất lượng cao)"
81691,HBT,quan-he-quoc-te-va-truyen-thong-toan-cau,D01,Điểm thi THPT,2021,35.92,"Quan hệ quốc tế, chuyên ngành Quan hệ quốc tế và Truyền thông toàn cầu (chất lượng cao)"
81692,HBT,quan-he-quoc-te-va-truyen-thong-toan-cau,D72,Điểm thi THPT,2021,35.42,"Quan hệ quốc tế, chuyên ngành Quan hệ quốc tế và Truyền thông toàn cầu (chất lượng cao)"
81693,HBT,quan-he-quoc-te-va-truyen-thong-toan-cau,D78,Điểm thi THPT,2021,36.92,"Quan hệ quốc tế, chuyên ngành Quan hệ quốc tế và Truyền thông toàn cầu (chất lượng cao)"
81694,HBT,quan-he-quoc-te-va-truyen-thong-toan-cau,R24,Điểm thi THPT,2021,35.92,"Quan hệ quốc tế, chuyên ngành Quan hệ quốc tế và Truyền thông toàn cầu (chất lượng cao)"
81695,HBT,quan-he-quoc-te-va-truyen-thong-toan-cau,R25,Điểm thi THPT,2021,35.42,"Quan hệ quốc tế, chuyên ngành Quan hệ quốc tế và Truyền thông toàn cầu (chất lượng cao)"
81696,HBT,quan-he-quoc-te-va-truyen-thong-toan-cau,R26,Điểm thi THPT,2021,36.92,"Quan hệ quốc tế, chuyên ngành Quan hệ quốc tế và Truyền thông toàn cầu (chất lượng cao)"
81697,HBT,quan-he-quoc-te-va-truyen-thong-toan-cau,D01,Điểm học bạ,2022,9.1,"Quan hệ quốc tế, chuyên ngành Quan hệ quốc tế và Truyền thông toàn cầu (chất lượng cao)"
81698,HBT,quan-he-quoc-te-va-truyen-thong-toan-cau,D72,Điểm học bạ,2022,9.1,"Quan hệ quốc tế, chuyên ngành Quan hệ quốc tế và Truyền thông toàn cầu (chất lượng cao)"
81699,HBT,quan-he-quoc-te-va-truyen-thong-toan-cau,D78,Điểm học bạ,2022,9.1,"Quan hệ quốc tế, chuyên ngành Quan hệ quốc tế và Truyền thông toàn cầu (chất lượng cao)"
81700,HBT,quan-he-quoc-te-va-truyen-thong-toan-cau,R22,Điểm học bạ,2022,9.1,"Quan hệ quốc tế, chuyên ngành Quan hệ quốc tế và Truyền thông toàn cầu (chất lượng cao)"
81701,HBT,quan-he-quoc-te-va-truyen-thong-toan-cau,R25,Điểm học bạ,2022,9.1,"Quan hệ quốc tế, chuyên ngành Quan hệ quốc tế và Truyền thông toàn cầu (chất lượng cao)"
81702,HBT,quan-he-quoc-te-va-truyen-thong-toan-cau,R26,Điểm học bạ,2022,9.1,"Quan hệ quốc tế, chuyên ngành Quan hệ quốc tế và Truyền thông toàn cầu (chất lượng cao)"
81703,HBT,quan-he-quoc-te-va-truyen-thong-toan-cau,D01,Điểm thi THPT,2022,34.76,"Quan hệ quốc tế, chuyên ngành Quan hệ quốc tế và Truyền thông toàn cầu (chất lượng cao)"
81704,HBT,quan-he-quoc-te-va-truyen-thong-toan-cau,D72,Điểm thi THPT,2022,34.26,"Quan hệ quốc tế, chuyên ngành Quan hệ quốc tế và Truyền thông toàn cầu (chất lượng cao)"
81705,HBT,quan-he-quoc-te-va-truyen-thong-toan-cau,D78,Điểm thi THPT,2022,35.76,"Quan hệ quốc tế, chuyên ngành Quan hệ quốc tế và Truyền thông toàn cầu (chất lượng cao)"
81706,HBT,quan-he-quoc-te-va-truyen-thong-toan-cau,R22,Điểm thi THPT,2022,34.76,"Quan hệ quốc tế, chuyên ngành Quan hệ quốc tế và Truyền thông toàn cầu (chất lượng cao)"
81707,HBT,quan-he-quoc-te-va-truyen-thong-toan-cau,R25,Điểm thi THPT,2022,34.26,"Quan hệ quốc tế, chuyên ngành Quan hệ quốc tế và Truyền thông toàn cầu (chất lượng cao)"
81708,HBT,quan-he-quoc-te-va-truyen-thong-toan-cau,R26,Điểm thi THPT,2022,35.76,"Quan hệ quốc tế, chuyên ngành Quan hệ quốc tế và Truyền thông toàn cầu (chất lượng cao)"
81709,HBT,quan-he-quoc-te-va-truyen-thong-toan-cau,A01,Điểm học bạ,2023,9.26,"Quan hệ quốc tế, chuyên ngành Quan hệ quốc tế và Truyền thông toàn cầu (chất lượng cao)"
81710,HBT,quan-he-quoc-te-va-truyen-thong-toan-cau,D01,Điểm học bạ,2023,9.26,"Quan hệ quốc tế, chuyên ngành Quan hệ quốc tế và Truyền thông toàn cầu (chất lượng cao)"
81711,HBT,quan-he-quoc-te-va-truyen-thong-toan-cau,D72,Điểm học bạ,2023,9.26,"Quan hệ quốc tế, chuyên ngành Quan hệ quốc tế và Truyền thông toàn cầu (chất lượng cao)"
81712,HBT,quan-he-quoc-te-va-truyen-thong-toan-cau,D78,Điểm học bạ,2023,9.26,"Quan hệ quốc tế, chuyên ngành Quan hệ quốc tế và Truyền thông toàn cầu (chất lượng cao)"
81713,HBT,quan-he-quoc-te-va-truyen-thong-toan-cau,R22,Điểm học bạ,2023,9.26,"Quan hệ quốc tế, chuyên ngành Quan hệ quốc tế và Truyền thông toàn cầu (chất lượng cao)"
81714,HBT,quan-he-quoc-te-va-truyen-thong-toan-cau,R25,Điểm học bạ,2023,9.26,"Quan hệ quốc tế, chuyên ngành Quan hệ quốc tế và Truyền thông toàn cầu (chất lượng cao)"
81715,HBT,quan-he-quoc-te-va-truyen-thong-toan-cau,R26,Điểm học bạ,2023,9.26,"Quan hệ quốc tế, chuyên ngành Quan hệ quốc tế và Truyền thông toàn cầu (chất lượng cao)"
81716,HBT,quan-he-quoc-te-va-truyen-thong-toan-cau,R27,Điểm học bạ,2023,9.26,"Quan hệ quốc tế, chuyên ngành Quan hệ quốc tế và Truyền thông toàn cầu (chất lượng cao)"
81717,HBT,quan-he-quoc-te-va-truyen-thong-toan-cau,A01,Điểm thi THPT,2023,35.17,"Quan hệ quốc tế, chuyên ngành Quan hệ quốc tế và Truyền thông toàn cầu (chất lượng cao)"
81718,HBT,quan-he-quoc-te-va-truyen-thong-toan-cau,D01,Điểm thi THPT,2023,35.17,"Quan hệ quốc tế, chuyên ngành Quan hệ quốc tế và Truyền thông toàn cầu (chất lượng cao)"
81719,HBT,quan-he-quoc-te-va-truyen-thong-toan-cau,D72,Điểm thi THPT,2023,34.67,"Quan hệ quốc tế, chuyên ngành Quan hệ quốc tế và Truyền thông toàn cầu (chất lượng cao)"
81720,HBT,quan-he-quoc-te-va-truyen-thong-toan-cau,D78,Điểm thi THPT,2023,36.17,"Quan hệ quốc tế, chuyên ngành Quan hệ quốc tế và Truyền thông toàn cầu (chất lượng cao)"
81721,HBT,quan-he-quoc-te-va-truyen-thong-toan-cau,R22,Điểm thi THPT,2023,35.17,"Quan hệ quốc tế, chuyên ngành Quan hệ quốc tế và Truyền thông toàn cầu (chất lượng cao)"
81722,HBT,quan-he-quoc-te-va-truyen-thong-toan-cau,R25,Điểm thi THPT,2023,34.67,"Quan hệ quốc tế, chuyên ngành Quan hệ quốc tế và Truyền thông toàn cầu (chất lượng cao)"
81723,HBT,quan-he-quoc-te-va-truyen-thong-toan-cau,R26,Điểm thi THPT,2023,36.17,"Quan hệ quốc tế, chuyên ngành Quan hệ quốc tế và Truyền thông toàn cầu (chất lượng cao)"
81724,HBT,quan-he-quoc-te-va-truyen-thong-toan-cau,R27,Điểm thi THPT,2023,35.17,"Quan hệ quốc tế, chuyên ngành Quan hệ quốc tế và Truyền thông toàn cầu (chất lượng cao)"
81725,HBT,quan-he-quoc-te-va-truyen-thong-toan-cau,A01,Điểm học bạ,2024,9.46,"Quan hệ quốc tế, chuyên ngành Quan hệ quốc tế và Truyền thông toàn cầu"
81726,HBT,quan-he-quoc-te-va-truyen-thong-toan-cau,D01,Điểm học bạ,2024,9.46,"Quan hệ quốc tế, chuyên ngành Quan hệ quốc tế và Truyền thông toàn cầu"
81727,HBT,quan-he-quoc-te-va-truyen-thong-toan-cau,D72,Điểm học bạ,2024,9.46,"Quan hệ quốc tế, chuyên ngành Quan hệ quốc tế và Truyền thông toàn cầu"
81728,HBT,quan-he-quoc-te-va-truyen-thong-toan-cau,D78,Điểm học bạ,2024,9.46,"Quan hệ quốc tế, chuyên ngành Quan hệ quốc tế và Truyền thông toàn cầu"
81729,HBT,quan-he-quoc-te-va-truyen-thong-toan-cau,A01,Điểm thi THPT,2024,35.57,"Quan hệ quốc tế, chuyên ngành Quan hệ quốc tế và Truyền thông toàn cầu"
81730,HBT,quan-he-quoc-te-va-truyen-thong-toan-cau,D01,Điểm thi THPT,2024,35.57,"Quan hệ quốc tế, chuyên ngành Quan hệ quốc tế và Truyền thông toàn cầu"
81731,HBT,quan-he-quoc-te-va-truyen-thong-toan-cau,D72,Điểm thi THPT,2024,35.07,"Quan hệ quốc tế, chuyên ngành Quan hệ quốc tế và Truyền thông toàn cầu"
81732,HBT,quan-he-quoc-te-va-truyen-thong-toan-cau,D78,Điểm thi THPT,2024,36.57,"Quan hệ quốc tế, chuyên ngành Quan hệ quốc tế và Truyền thông toàn cầu"
81733,HBT,quan-he-quoc-te-va-truyen-thong-toan-cau,D01,Điểm học bạ,2025,38.27,"Quan hệ quốc tế, chuyên ngành Quan hệ quốc tế và Truyền thông toàn cầu"
81734,HBT,quan-he-quoc-te-va-truyen-thong-toan-cau,D14,Điểm học bạ,2025,38.27,"Quan hệ quốc tế, chuyên ngành Quan hệ quốc tế và Truyền thông toàn cầu"
81735,HBT,quan-he-quoc-te-va-truyen-thong-toan-cau,X78,Điểm học bạ,2025,38.27,"Quan hệ quốc tế, chuyên ngành Quan hệ quốc tế và Truyền thông toàn cầu"
81736,HBT,quan-he-quoc-te-va-truyen-thong-toan-cau,X79,Điểm học bạ,2025,38.27,"Quan hệ quốc tế, chuyên ngành Quan hệ quốc tế và Truyền thông toàn cầu"
81737,HBT,quan-he-quoc-te-va-truyen-thong-toan-cau,D01,Điểm thi THPT,2025,35.73,"Quan hệ quốc tế, chuyên ngành Quan hệ quốc tế và Truyền thông toàn cầu"
81738,HBT,quan-he-quoc-te-va-truyen-thong-toan-cau,D14,Điểm thi THPT,2025,36.48,"Quan hệ quốc tế, chuyên ngành Quan hệ quốc tế và Truyền thông toàn cầu"
81739,HBT,quan-he-quoc-te-va-truyen-thong-toan-cau,X78,Điểm thi THPT,2025,36.73,"Quan hệ quốc tế, chuyên ngành Quan hệ quốc tế và Truyền thông toàn cầu"
81740,HBT,quan-he-quoc-te-va-truyen-thong-toan-cau,X79,Điểm thi THPT,2025,36.23,"Quan hệ quốc tế, chuyên ngành Quan hệ quốc tế và Truyền thông toàn cầu"
81741,HBT,quan-ly-cong,A16,Điểm học bạ,2021,8.5,Quản lý công
81742,HBT,quan-ly-cong,C15,Điểm học bạ,2021,8.5,Quản lý công
81743,HBT,quan-ly-cong,D01,Điểm học bạ,2021,8.5,Quản lý công
81744,HBT,quan-ly-cong,R22,Điểm học bạ,2021,8.5,Quản lý công
81745,HBT,quan-ly-cong,A16,Điểm thi THPT,2021,24.65,Quản lý công
81746,HBT,quan-ly-cong,C15,Điểm thi THPT,2021,24.65,Quản lý công
81747,HBT,quan-ly-cong,D01,Điểm thi THPT,2021,24.65,Quản lý công
81748,HBT,quan-ly-cong,R22,Điểm thi THPT,2021,24.65,Quản lý công
81749,HBT,quan-ly-cong,A16,Điểm học bạ,2022,8.48,Quản lý công
81750,HBT,quan-ly-cong,C15,Điểm học bạ,2022,8.48,Quản lý công
81751,HBT,quan-ly-cong,D01,Điểm học bạ,2022,8.48,Quản lý công
81752,HBT,quan-ly-cong,R22,Điểm học bạ,2022,8.48,Quản lý công
81753,HBT,quan-ly-cong,A16,Điểm thi THPT,2022,24.68,Quản lý công
81754,HBT,quan-ly-cong,C15,Điểm thi THPT,2022,24.68,Quản lý công
81755,HBT,quan-ly-cong,D01,Điểm thi THPT,2022,24.68,Quản lý công
81756,HBT,quan-ly-cong,R22,Điểm thi THPT,2022,24.68,Quản lý công
81757,HBT,quan-ly-cong,A16,Điểm học bạ,2023,8.6,Quản lý công
81758,HBT,quan-ly-cong,C15,Điểm học bạ,2023,8.6,Quản lý công
81759,HBT,quan-ly-cong,D01,Điểm học bạ,2023,8.6,Quản lý công
81760,HBT,quan-ly-cong,R22,Điểm học bạ,2023,8.6,Quản lý công
81761,HBT,quan-ly-cong,A16,Điểm thi THPT,2023,24.25,Quản lý công
81762,HBT,quan-ly-cong,C15,Điểm thi THPT,2023,24.25,Quản lý công
81763,HBT,quan-ly-cong,D01,Điểm thi THPT,2023,24.25,Quản lý công
81764,HBT,quan-ly-cong,R22,Điểm thi THPT,2023,24.25,Quản lý công
81765,HBT,quan-ly-cong,A01,Điểm học bạ,2024,8.5,Quản lý công
81766,HBT,quan-ly-cong,A16,Điểm học bạ,2024,8.5,Quản lý công
81767,HBT,quan-ly-cong,C15,Điểm học bạ,2024,8.5,Quản lý công
81768,HBT,quan-ly-cong,D01,Điểm học bạ,2024,8.5,Quản lý công
81769,HBT,quan-ly-cong,A01,Điểm thi THPT,2024,25.61,Quản lý công
81770,HBT,quan-ly-cong,A16,Điểm thi THPT,2024,25.61,Quản lý công
81771,HBT,quan-ly-cong,C15,Điểm thi THPT,2024,25.61,Quản lý công
81772,HBT,quan-ly-cong,D01,Điểm thi THPT,2024,25.61,Quản lý công
81773,HBT,quan-ly-cong,C03,Điểm học bạ,2025,26.44,Quản lý công
81774,HBT,quan-ly-cong,D01,Điểm học bạ,2025,26.44,Quản lý công
81775,HBT,quan-ly-cong,X01,Điểm học bạ,2025,26.44,Quản lý công
81776,HBT,quan-ly-cong,X02,Điểm học bạ,2025,26.44,Quản lý công
81777,HBT,quan-ly-cong,C03,Điểm thi THPT,2025,24.0,Quản lý công
81778,HBT,quan-ly-cong,D01,Điểm thi THPT,2025,23.5,Quản lý công
81779,HBT,quan-ly-cong,X01,Điểm thi THPT,2025,24.0,Quản lý công
81780,HBT,quan-ly-cong,X02,Điểm thi THPT,2025,23.5,Quản lý công
81781,HBT,quan-ly-hanh-chinh-nha-nuoc,A16,Điểm học bạ,2021,8.5,"Quản lý nhà nước, chuyên ngành Quản lý hành chính nhà nước"
81782,HBT,quan-ly-hanh-chinh-nha-nuoc,C15,Điểm học bạ,2021,8.5,"Quản lý nhà nước, chuyên ngành Quản lý hành chính nhà nước"
81783,HBT,quan-ly-hanh-chinh-nha-nuoc,D01,Điểm học bạ,2021,8.5,"Quản lý nhà nước, chuyên ngành Quản lý hành chính nhà nước"
81784,HBT,quan-ly-hanh-chinh-nha-nuoc,R22,Điểm học bạ,2021,8.5,"Quản lý nhà nước, chuyên ngành Quản lý hành chính nhà nước"
81785,HBT,quan-ly-hanh-chinh-nha-nuoc,A16,Điểm thi THPT,2021,24.0,"Quản lý nhà nước, chuyên ngành Quản lý hành chính nhà nước"
81786,HBT,quan-ly-hanh-chinh-nha-nuoc,C15,Điểm thi THPT,2021,24.0,"Quản lý nhà nước, chuyên ngành Quản lý hành chính nhà nước"
81787,HBT,quan-ly-hanh-chinh-nha-nuoc,D01,Điểm thi THPT,2021,24.0,"Quản lý nhà nước, chuyên ngành Quản lý hành chính nhà nước"
81788,HBT,quan-ly-hanh-chinh-nha-nuoc,R22,Điểm thi THPT,2021,24.0,"Quản lý nhà nước, chuyên ngành Quản lý hành chính nhà nước"
81789,HBT,quan-ly-hanh-chinh-nha-nuoc,A16,Điểm học bạ,2022,8.6,"Quản lý nhà nước, chuyên ngành Quản lý hành chính nhà nước"
81790,HBT,quan-ly-hanh-chinh-nha-nuoc,C15,Điểm học bạ,2022,8.6,"Quản lý nhà nước, chuyên ngành Quản lý hành chính nhà nước"
81791,HBT,quan-ly-hanh-chinh-nha-nuoc,D01,Điểm học bạ,2022,8.6,"Quản lý nhà nước, chuyên ngành Quản lý hành chính nhà nước"
81792,HBT,quan-ly-hanh-chinh-nha-nuoc,R22,Điểm học bạ,2022,8.6,"Quản lý nhà nước, chuyên ngành Quản lý hành chính nhà nước"
81793,HBT,quan-ly-hanh-chinh-nha-nuoc,A16,Điểm thi THPT,2022,24.7,"Quản lý nhà nước, chuyên ngành Quản lý hành chính nhà nước"
81794,HBT,quan-ly-hanh-chinh-nha-nuoc,C15,Điểm thi THPT,2022,24.7,"Quản lý nhà nước, chuyên ngành Quản lý hành chính nhà nước"
81795,HBT,quan-ly-hanh-chinh-nha-nuoc,D01,Điểm thi THPT,2022,24.7,"Quản lý nhà nước, chuyên ngành Quản lý hành chính nhà nước"
81796,HBT,quan-ly-hanh-chinh-nha-nuoc,R22,Điểm thi THPT,2022,24.7,"Quản lý nhà nước, chuyên ngành Quản lý hành chính nhà nước"
81797,HBT,quan-ly-hanh-chinh-nha-nuoc,A16,Điểm học bạ,2023,8.7,"Quản lý nhả nưóc, chuyên ngành Quản lý hành chính nhà nước"
81798,HBT,quan-ly-hanh-chinh-nha-nuoc,C15,Điểm học bạ,2023,8.7,"Quản lý nhả nưóc, chuyên ngành Quản lý hành chính nhà nước"
81799,HBT,quan-ly-hanh-chinh-nha-nuoc,D01,Điểm học bạ,2023,8.7,"Quản lý nhả nưóc, chuyên ngành Quản lý hành chính nhà nước"
81800,HBT,quan-ly-hanh-chinh-nha-nuoc,R22,Điểm học bạ,2023,8.7,"Quản lý nhả nưóc, chuyên ngành Quản lý hành chính nhà nước"
81801,HBT,quan-ly-hanh-chinh-nha-nuoc,A16,Điểm thi THPT,2023,24.7,"Quản lý nhả nưóc, chuyên ngành Quản lý hành chính nhà nước"
81802,HBT,quan-ly-hanh-chinh-nha-nuoc,C15,Điểm thi THPT,2023,24.7,"Quản lý nhả nưóc, chuyên ngành Quản lý hành chính nhà nước"
81803,HBT,quan-ly-hanh-chinh-nha-nuoc,D01,Điểm thi THPT,2023,24.7,"Quản lý nhả nưóc, chuyên ngành Quản lý hành chính nhà nước"
81804,HBT,quan-ly-hanh-chinh-nha-nuoc,R22,Điểm thi THPT,2023,24.7,"Quản lý nhả nưóc, chuyên ngành Quản lý hành chính nhà nước"
81805,HBT,quan-ly-hoat-dong-tu-tuong-van-hoa,A16,Điểm học bạ,2021,7.5,"Chính trị học, chuyên ngành Quản lý hoạt động tư tưởng - văn hóa"
81806,HBT,quan-ly-hoat-dong-tu-tuong-van-hoa,C15,Điểm học bạ,2021,7.5,"Chính trị học, chuyên ngành Quản lý hoạt động tư tưởng - văn hóa"
81807,HBT,quan-ly-hoat-dong-tu-tuong-van-hoa,D01,Điểm học bạ,2021,7.5,"Chính trị học, chuyên ngành Quản lý hoạt động tư tưởng - văn hóa"
81808,HBT,quan-ly-hoat-dong-tu-tuong-van-hoa,R22,Điểm học bạ,2021,7.5,"Chính trị học, chuyên ngành Quản lý hoạt động tư tưởng - văn hóa"
81809,HBT,quan-ly-hoat-dong-tu-tuong-van-hoa,A16,Điểm thi THPT,2021,23.05,"Chính trị học, chuyên ngành Quản lý hoạt động tư tưởng - văn hóa"
81810,HBT,quan-ly-hoat-dong-tu-tuong-van-hoa,C15,Điểm thi THPT,2021,23.05,"Chính trị học, chuyên ngành Quản lý hoạt động tư tưởng - văn hóa"
81811,HBT,quan-ly-hoat-dong-tu-tuong-van-hoa,D01,Điểm thi THPT,2021,23.05,"Chính trị học, chuyên ngành Quản lý hoạt động tư tưởng - văn hóa"
81812,HBT,quan-ly-hoat-dong-tu-tuong-van-hoa,R22,Điểm thi THPT,2021,23.05,"Chính trị học, chuyên ngành Quản lý hoạt động tư tưởng - văn hóa"
81813,HBT,quan-ly-hoat-dong-tu-tuong-van-hoa,A16,Điểm học bạ,2022,8.18,"Chính trị học, chuyên ngành Quản lý hoạt động tư tưởng - văn hóa"
81814,HBT,quan-ly-hoat-dong-tu-tuong-van-hoa,C15,Điểm học bạ,2022,8.18,"Chính trị học, chuyên ngành Quản lý hoạt động tư tưởng - văn hóa"
81815,HBT,quan-ly-hoat-dong-tu-tuong-van-hoa,D01,Điểm học bạ,2022,8.18,"Chính trị học, chuyên ngành Quản lý hoạt động tư tưởng - văn hóa"
81816,HBT,quan-ly-hoat-dong-tu-tuong-van-hoa,R22,Điểm học bạ,2022,8.18,"Chính trị học, chuyên ngành Quản lý hoạt động tư tưởng - văn hóa"
81817,HBT,quan-ly-hoat-dong-tu-tuong-van-hoa,A16,Điểm thi THPT,2022,24.15,"Chính trị học, chuyên ngành Quản lý hoạt động tư tưởng - văn hóa"
81818,HBT,quan-ly-hoat-dong-tu-tuong-van-hoa,C15,Điểm thi THPT,2022,24.15,"Chính trị học, chuyên ngành Quản lý hoạt động tư tưởng - văn hóa"
81819,HBT,quan-ly-hoat-dong-tu-tuong-van-hoa,D01,Điểm thi THPT,2022,24.15,"Chính trị học, chuyên ngành Quản lý hoạt động tư tưởng - văn hóa"
81820,HBT,quan-ly-hoat-dong-tu-tuong-van-hoa,R22,Điểm thi THPT,2022,24.15,"Chính trị học, chuyên ngành Quản lý hoạt động tư tưởng - văn hóa"
81821,HBT,quan-ly-hoat-dong-tu-tuong-van-hoa,A16,Điểm học bạ,2023,8.5,"Chính trị học, chuyên ngành Quản lý hoạt động tư tưởng -văn hóa"
81822,HBT,quan-ly-hoat-dong-tu-tuong-van-hoa,C15,Điểm học bạ,2023,8.5,"Chính trị học, chuyên ngành Quản lý hoạt động tư tưởng -văn hóa"
81823,HBT,quan-ly-hoat-dong-tu-tuong-van-hoa,D01,Điểm học bạ,2023,8.5,"Chính trị học, chuyên ngành Quản lý hoạt động tư tưởng -văn hóa"
81824,HBT,quan-ly-hoat-dong-tu-tuong-van-hoa,R22,Điểm học bạ,2023,8.5,"Chính trị học, chuyên ngành Quản lý hoạt động tư tưởng -văn hóa"
81825,HBT,quan-ly-hoat-dong-tu-tuong-van-hoa,A16,Điểm thi THPT,2023,24.48,"Chính trị học, chuyên ngành Quản lý hoạt động tư tưởng -văn hóa"
81826,HBT,quan-ly-hoat-dong-tu-tuong-van-hoa,C15,Điểm thi THPT,2023,24.48,"Chính trị học, chuyên ngành Quản lý hoạt động tư tưởng -văn hóa"
81827,HBT,quan-ly-hoat-dong-tu-tuong-van-hoa,D01,Điểm thi THPT,2023,24.48,"Chính trị học, chuyên ngành Quản lý hoạt động tư tưởng -văn hóa"
81828,HBT,quan-ly-hoat-dong-tu-tuong-van-hoa,R22,Điểm thi THPT,2023,24.48,"Chính trị học, chuyên ngành Quản lý hoạt động tư tưởng -văn hóa"
81829,HBT,quan-ly-kinh-te,A16,Điểm học bạ,2021,8.9,"Kinh tế, chuyên ngành Quản lý kinh tế"
81830,HBT,quan-ly-kinh-te,C15,Điểm học bạ,2021,8.9,"Kinh tế, chuyên ngành Quản lý kinh tế"
81831,HBT,quan-ly-kinh-te,D01,Điểm học bạ,2021,8.9,"Kinh tế, chuyên ngành Quản lý kinh tế"
81832,HBT,quan-ly-kinh-te,R22,Điểm học bạ,2021,8.9,"Kinh tế, chuyên ngành Quản lý kinh tế"
81833,HBT,quan-ly-kinh-te,A16,Điểm thi THPT,2021,24.98,"Kinh tế, chuyên ngành Quản lý kinh tế"
81834,HBT,quan-ly-kinh-te,C15,Điểm thi THPT,2021,25.98,"Kinh tế, chuyên ngành Quản lý kinh tế"
81835,HBT,quan-ly-kinh-te,D01,Điểm thi THPT,2021,25.48,"Kinh tế, chuyên ngành Quản lý kinh tế"
81836,HBT,quan-ly-kinh-te,R22,Điểm thi THPT,2021,25.48,"Kinh tế, chuyên ngành Quản lý kinh tế"
81837,HBT,quan-ly-kinh-te,A16,Điểm học bạ,2022,8.76,"Kinh tế, chuyên ngành Quản lý Kinh tế"
81838,HBT,quan-ly-kinh-te,C15,Điểm học bạ,2022,8.76,"Kinh tế, chuyên ngành Quản lý Kinh tế"
81839,HBT,quan-ly-kinh-te,D01,Điểm học bạ,2022,8.76,"Kinh tế, chuyên ngành Quản lý Kinh tế"
81840,HBT,quan-ly-kinh-te,R22,Điểm học bạ,2022,8.76,"Kinh tế, chuyên ngành Quản lý Kinh tế"
81841,HBT,quan-ly-kinh-te,A16,Điểm thi THPT,2022,24.55,"Kinh tế, chuyên ngành Quản lý Kinh tế"
81842,HBT,quan-ly-kinh-te,C15,Điểm thi THPT,2022,26.3,"Kinh tế, chuyên ngành Quản lý Kinh tế"
81843,HBT,quan-ly-kinh-te,D01,Điểm thi THPT,2022,25.8,"Kinh tế, chuyên ngành Quản lý Kinh tế"
81844,HBT,quan-ly-kinh-te,R22,Điểm thi THPT,2022,25.8,"Kinh tế, chuyên ngành Quản lý Kinh tế"
81845,HBT,quan-ly-kinh-te,A16,Điểm học bạ,2023,9.0,"Kinh tế, chuyên ngành Quản lý kinh tế"
81846,HBT,quan-ly-kinh-te,C15,Điểm học bạ,2023,9.0,"Kinh tế, chuyên ngành Quản lý kinh tế"
81847,HBT,quan-ly-kinh-te,D01,Điểm học bạ,2023,9.0,"Kinh tế, chuyên ngành Quản lý kinh tế"
81848,HBT,quan-ly-kinh-te,R22,Điểm học bạ,2023,9.0,"Kinh tế, chuyên ngành Quản lý kinh tế"
81849,HBT,quan-ly-kinh-te,A16,Điểm thi THPT,2023,24.55,"Kinh tế, chuyên ngành Quản lý kinh tế"
81850,HBT,quan-ly-kinh-te,C15,Điểm thi THPT,2023,26.3,"Kinh tế, chuyên ngành Quản lý kinh tế"
81851,HBT,quan-ly-kinh-te,D01,Điểm thi THPT,2023,25.8,"Kinh tế, chuyên ngành Quản lý kinh tế"
81852,HBT,quan-ly-kinh-te,R22,Điểm thi THPT,2023,25.8,"Kinh tế, chuyên ngành Quản lý kinh tế"
81853,HBT,quan-ly-kinh-te,A01,Điểm học bạ,2024,8.88,"Kinh tế, chuyên ngành Quản lý kinh tế"
81854,HBT,quan-ly-kinh-te,A16,Điểm học bạ,2024,8.88,"Kinh tế, chuyên ngành Quản lý kinh tế"
81855,HBT,quan-ly-kinh-te,C15,Điểm học bạ,2024,8.88,"Kinh tế, chuyên ngành Quản lý kinh tế"
81856,HBT,quan-ly-kinh-te,D01,Điểm học bạ,2024,8.88,"Kinh tế, chuyên ngành Quản lý kinh tế"
81857,HBT,quan-ly-kinh-te,A01,Điểm thi THPT,2024,25.76,"Kinh tế, chuyên ngành Quản lý kinh tế"
81858,HBT,quan-ly-kinh-te,A16,Điểm thi THPT,2024,25.51,"Kinh tế, chuyên ngành Quản lý kinh tế"
81859,HBT,quan-ly-kinh-te,C15,Điểm thi THPT,2024,26.76,"Kinh tế, chuyên ngành Quản lý kinh tế"
81860,HBT,quan-ly-kinh-te,D01,Điểm thi THPT,2024,26.26,"Kinh tế, chuyên ngành Quản lý kinh tế"
81861,HBT,quan-ly-kinh-te,C03,Điểm học bạ,2025,27.33,"Kinh tế, chuyên ngành Quản lý kinh tế"
81862,HBT,quan-ly-kinh-te,D01,Điểm học bạ,2025,27.33,"Kinh tế, chuyên ngành Quản lý kinh tế"
81863,HBT,quan-ly-kinh-te,X01,Điểm học bạ,2025,27.33,"Kinh tế, chuyên ngành Quản lý kinh tế"
81864,HBT,quan-ly-kinh-te,X02,Điểm học bạ,2025,27.33,"Kinh tế, chuyên ngành Quản lý kinh tế"
81865,HBT,quan-ly-kinh-te,C03,Điểm thi THPT,2025,25.08,"Kinh tế, chuyên ngành Quản lý kinh tế"
81866,HBT,quan-ly-kinh-te,D01,Điểm thi THPT,2025,24.58,"Kinh tế, chuyên ngành Quản lý kinh tế"
81867,HBT,quan-ly-kinh-te,X01,Điểm thi THPT,2025,25.08,"Kinh tế, chuyên ngành Quản lý kinh tế"
81868,HBT,quan-ly-kinh-te,X02,Điểm thi THPT,2025,24.58,"Kinh tế, chuyên ngành Quản lý kinh tế"
81869,HBT,quan-ly-nha-nuoc,A01,Điểm học bạ,2024,8.51,Quản lý nhà nước
81870,HBT,quan-ly-nha-nuoc,A16,Điểm học bạ,2024,8.51,Quản lý nhà nước
81871,HBT,quan-ly-nha-nuoc,C15,Điểm học bạ,2024,8.51,Quản lý nhà nước
81872,HBT,quan-ly-nha-nuoc,D01,Điểm học bạ,2024,8.51,Quản lý nhà nước
81873,HBT,quan-ly-nha-nuoc,A16,Điểm thi THPT,2024,25.88,Quản lý nhà nước
81874,HBT,quan-ly-nha-nuoc,C15,Điểm thi THPT,2024,25.88,Quản lý nhà nước
81875,HBT,quan-ly-nha-nuoc,D01,Điểm thi THPT,2024,25.88,Quản lý nhà nước
81876,HBT,quan-ly-nha-nuoc,C03,Điểm học bạ,2025,26.65,Quản lý nhà nước
81877,HBT,quan-ly-nha-nuoc,D01,Điểm học bạ,2025,26.65,Quản lý nhà nước
81878,HBT,quan-ly-nha-nuoc,X01,Điểm học bạ,2025,26.65,Quản lý nhà nước
81879,HBT,quan-ly-nha-nuoc,X02,Điểm học bạ,2025,26.65,Quản lý nhà nước
81880,HBT,quan-ly-nha-nuoc,C03,Điểm thi THPT,2025,24.25,Quản lý nhà nước
81881,HBT,quan-ly-nha-nuoc,D01,Điểm thi THPT,2025,23.75,Quản lý nhà nước
81882,HBT,quan-ly-nha-nuoc,X01,Điểm thi THPT,2025,24.25,Quản lý nhà nước
81883,HBT,quan-ly-nha-nuoc,X02,Điểm thi THPT,2025,23.75,Quản lý nhà nước
81884,HBT,quan-ly-xa-hoi,A16,Điểm học bạ,2021,8.35,"Quản lý nhà nước, chuyên ngành Quản lý xã hội"
81885,HBT,quan-ly-xa-hoi,C15,Điểm học bạ,2021,8.35,"Quản lý nhà nước, chuyên ngành Quản lý xã hội"
81886,HBT,quan-ly-xa-hoi,D01,Điểm học bạ,2021,8.35,"Quản lý nhà nước, chuyên ngành Quản lý xã hội"
81887,HBT,quan-ly-xa-hoi,R22,Điểm học bạ,2021,8.35,"Quản lý nhà nước, chuyên ngành Quản lý xã hội"
81888,HBT,quan-ly-xa-hoi,A16,Điểm thi THPT,2021,24.0,"Quản lý nhà nước, chuyên ngành Quản lý xã hội"
81889,HBT,quan-ly-xa-hoi,C15,Điểm thi THPT,2021,24.0,"Quản lý nhà nước, chuyên ngành Quản lý xã hội"
81890,HBT,quan-ly-xa-hoi,D01,Điểm thi THPT,2021,24.0,"Quản lý nhà nước, chuyên ngành Quản lý xã hội"
81891,HBT,quan-ly-xa-hoi,R22,Điểm thi THPT,2021,24.0,"Quản lý nhà nước, chuyên ngành Quản lý xã hội"
81892,HBT,quan-ly-xa-hoi,A16,Điểm học bạ,2022,8.38,"Quản lý nhà nước, chuyên ngành Quản lý xã hội"
81893,HBT,quan-ly-xa-hoi,C15,Điểm học bạ,2022,8.38,"Quản lý nhà nước, chuyên ngành Quản lý xã hội"
81894,HBT,quan-ly-xa-hoi,D01,Điểm học bạ,2022,8.38,"Quản lý nhà nước, chuyên ngành Quản lý xã hội"
81895,HBT,quan-ly-xa-hoi,R22,Điểm học bạ,2022,8.38,"Quản lý nhà nước, chuyên ngành Quản lý xã hội"
81896,HBT,quan-ly-xa-hoi,A16,Điểm thi THPT,2022,24.5,"Quản lý nhà nước, chuyên ngành Quản lý xã hội"
81897,HBT,quan-ly-xa-hoi,C15,Điểm thi THPT,2022,24.5,"Quản lý nhà nước, chuyên ngành Quản lý xã hội"
81898,HBT,quan-ly-xa-hoi,D01,Điểm thi THPT,2022,24.5,"Quản lý nhà nước, chuyên ngành Quản lý xã hội"
81899,HBT,quan-ly-xa-hoi,R22,Điểm thi THPT,2022,24.5,"Quản lý nhà nước, chuyên ngành Quản lý xã hội"
81900,HBT,quan-ly-xa-hoi,A16,Điểm học bạ,2023,8.6,"Quản lý nhà nước, chuyên ngành Quản lý xã hội"
81901,HBT,quan-ly-xa-hoi,C15,Điểm học bạ,2023,8.6,"Quản lý nhà nước, chuyên ngành Quản lý xã hội"
81902,HBT,quan-ly-xa-hoi,D01,Điểm học bạ,2023,8.6,"Quản lý nhà nước, chuyên ngành Quản lý xã hội"
81903,HBT,quan-ly-xa-hoi,R22,Điểm học bạ,2023,8.6,"Quản lý nhà nước, chuyên ngành Quản lý xã hội"
81904,HBT,quan-ly-xa-hoi,A16,Điểm thi THPT,2023,24.92,"Quản lý nhà nước, chuyên ngành Quản lý xã hội"
81905,HBT,quan-ly-xa-hoi,C15,Điểm thi THPT,2023,24.92,"Quản lý nhà nước, chuyên ngành Quản lý xã hội"
81906,HBT,quan-ly-xa-hoi,D01,Điểm thi THPT,2023,24.92,"Quản lý nhà nước, chuyên ngành Quản lý xã hội"
81907,HBT,quan-ly-xa-hoi,R22,Điểm thi THPT,2023,24.92,"Quản lý nhà nước, chuyên ngành Quản lý xã hội"
81908,HBT,quang-cao,D01,Điểm học bạ,2021,9.27,Quảng cáo
81909,HBT,quang-cao,D72,Điểm học bạ,2021,9.27,Quảng cáo
81910,HBT,quang-cao,D78,Điểm học bạ,2021,9.27,Quảng cáo
81911,HBT,quang-cao,R24,Điểm học bạ,2021,9.27,Quảng cáo
81912,HBT,quang-cao,R25,Điểm học bạ,2021,9.27,Quảng cáo
81913,HBT,quang-cao,R26,Điểm học bạ,2021,9.27,Quảng cáo
81914,HBT,quang-cao,D01,Điểm thi THPT,2021,36.3,Quảng cáo
81915,HBT,quang-cao,D72,Điểm thi THPT,2021,35.8,Quảng cáo
81916,HBT,quang-cao,D78,Điểm thi THPT,2021,36.8,Quảng cáo
81917,HBT,quang-cao,R24,Điểm thi THPT,2021,36.3,Quảng cáo
81918,HBT,quang-cao,R25,Điểm thi THPT,2021,35.8,Quảng cáo
81919,HBT,quang-cao,R26,Điểm thi THPT,2021,36.8,Quảng cáo
81920,HBT,quang-cao,D01,Điểm học bạ,2022,9.2,Quảng cáo
81921,HBT,quang-cao,D72,Điểm học bạ,2022,9.2,Quảng cáo
81922,HBT,quang-cao,D78,Điểm học bạ,2022,9.2,Quảng cáo
81923,HBT,quang-cao,R22,Điểm học bạ,2022,9.2,Quảng cáo
81924,HBT,quang-cao,R25,Điểm học bạ,2022,9.2,Quảng cáo
81925,HBT,quang-cao,R26,Điểm học bạ,2022,9.2,Quảng cáo
81926,HBT,quang-cao,D01,Điểm thi THPT,2022,35.45,Quảng cáo
81927,HBT,quang-cao,D72,Điểm thi THPT,2022,34.95,Quảng cáo
81928,HBT,quang-cao,D78,Điểm thi THPT,2022,35.95,Quảng cáo
81929,HBT,quang-cao,R22,Điểm thi THPT,2022,35.45,Quảng cáo
81930,HBT,quang-cao,R25,Điểm thi THPT,2022,34.95,Quảng cáo
81931,HBT,quang-cao,R26,Điểm thi THPT,2022,35.95,Quảng cáo
81932,HBT,quang-cao,A01,Điểm học bạ,2023,9.45,Quảng cáo
81933,HBT,quang-cao,D01,Điểm học bạ,2023,9.45,Quảng cáo
81934,HBT,quang-cao,D72,Điểm học bạ,2023,9.45,Quảng cáo
81935,HBT,quang-cao,D78,Điểm học bạ,2023,9.45,Quảng cáo
81936,HBT,quang-cao,R22,Điểm học bạ,2023,9.45,Quảng cáo
81937,HBT,quang-cao,R25,Điểm học bạ,2023,9.45,Quảng cáo
81938,HBT,quang-cao,R26,Điểm học bạ,2023,9.45,Quảng cáo
81939,HBT,quang-cao,R27,Điểm học bạ,2023,9.45,Quảng cáo
81940,HBT,quang-cao,A01,Điểm thi THPT,2023,36.02,Quảng cáo
81941,HBT,quang-cao,D01,Điểm thi THPT,2023,36.02,Quảng cáo
81942,HBT,quang-cao,D72,Điểm thi THPT,2023,35.52,Quảng cáo
81943,HBT,quang-cao,D78,Điểm thi THPT,2023,36.52,Quảng cáo
81944,HBT,quang-cao,R22,Điểm thi THPT,2023,36.02,Quảng cáo
81945,HBT,quang-cao,R25,Điểm thi THPT,2023,35.52,Quảng cáo
81946,HBT,quang-cao,R26,Điểm thi THPT,2023,36.52,Quảng cáo
81947,HBT,quang-cao,R27,Điểm thi THPT,2023,36.02,Quảng cáo
81948,HBT,quang-cao,A01,Điểm học bạ,2024,9.4,Quảng cáo
81949,HBT,quang-cao,D01,Điểm học bạ,2024,9.4,Quảng cáo
81950,HBT,quang-cao,D72,Điểm học bạ,2024,9.4,Quảng cáo
81951,HBT,quang-cao,D78,Điểm học bạ,2024,9.4,Quảng cáo
81952,HBT,quang-cao,A01,Điểm thi THPT,2024,35.58,Quảng cáo
81953,HBT,quang-cao,D01,Điểm thi THPT,2024,35.58,Quảng cáo
81954,HBT,quang-cao,D72,Điểm thi THPT,2024,35.08,Quảng cáo
81955,HBT,quang-cao,D78,Điểm thi THPT,2024,36.08,Quảng cáo
81956,HBT,quang-cao,D01,Điểm học bạ,2025,38.07,Quảng cáo
81957,HBT,quang-cao,D14,Điểm học bạ,2025,38.07,Quảng cáo
81958,HBT,quang-cao,X78,Điểm học bạ,2025,38.07,Quảng cáo
81959,HBT,quang-cao,X79,Điểm học bạ,2025,38.07,Quảng cáo
81960,HBT,quang-cao,D01,Điểm thi THPT,2025,35.5,Quảng cáo
81961,HBT,quang-cao,D14,Điểm thi THPT,2025,36.25,Quảng cáo
81962,HBT,quang-cao,X78,Điểm thi THPT,2025,36.5,Quảng cáo
81963,HBT,quang-cao,X79,Điểm thi THPT,2025,36.0,Quảng cáo
81964,HBT,quay-phim-truyen-hinh,R11,Điểm học bạ,2021,7.0,"Báo chí, chuyên ngành Quay phim truyền hình"
81965,HBT,quay-phim-truyen-hinh,R12,Điểm học bạ,2021,7.0,"Báo chí, chuyên ngành Quay phim truyền hình"
81966,HBT,quay-phim-truyen-hinh,R13,Điểm học bạ,2021,7.0,"Báo chí, chuyên ngành Quay phim truyền hình"
81967,HBT,quay-phim-truyen-hinh,R18,Điểm học bạ,2021,7.0,"Báo chí, chuyên ngành Quay phim truyền hình"
81968,HBT,quay-phim-truyen-hinh,R21,Điểm học bạ,2021,7.0,"Báo chí, chuyên ngành Quay phim truyền hình"
81969,HBT,quay-phim-truyen-hinh,R11,Điểm thi THPT,2021,19.0,"Báo chí, chuyên ngành Quay phim truyền hình"
81970,HBT,quay-phim-truyen-hinh,R12,Điểm thi THPT,2021,19.0,"Báo chí, chuyên ngành Quay phim truyền hình"
81971,HBT,quay-phim-truyen-hinh,R13,Điểm thi THPT,2021,19.0,"Báo chí, chuyên ngành Quay phim truyền hình"
81972,HBT,quay-phim-truyen-hinh,R18,Điểm thi THPT,2021,19.75,"Báo chí, chuyên ngành Quay phim truyền hình"
81973,HBT,quay-phim-truyen-hinh,R21,Điểm thi THPT,2021,19.0,"Báo chí, chuyên ngành Quay phim truyền hình"
81974,HBT,quay-phim-truyen-hinh,D01,Điểm học bạ,2022,8.56,"Báo chí, chuyên ngành Quay phim truyền hình"
81975,HBT,quay-phim-truyen-hinh,D72,Điểm học bạ,2022,8.56,"Báo chí, chuyên ngành Quay phim truyền hình"
81976,HBT,quay-phim-truyen-hinh,D78,Điểm học bạ,2022,8.56,"Báo chí, chuyên ngành Quay phim truyền hình"
81977,HBT,quay-phim-truyen-hinh,R22,Điểm học bạ,2022,8.56,"Báo chí, chuyên ngành Quay phim truyền hình"
81978,HBT,quay-phim-truyen-hinh,R25,Điểm học bạ,2022,8.56,"Báo chí, chuyên ngành Quay phim truyền hình"
81979,HBT,quay-phim-truyen-hinh,R26,Điểm học bạ,2022,8.56,"Báo chí, chuyên ngành Quay phim truyền hình"
81980,HBT,quay-phim-truyen-hinh,D01,Điểm thi THPT,2022,33.33,"Báo chí, chuyên ngành Quay phim truyền hình"
81981,HBT,quay-phim-truyen-hinh,D72,Điểm thi THPT,2022,33.33,"Báo chí, chuyên ngành Quay phim truyền hình"
81982,HBT,quay-phim-truyen-hinh,D78,Điểm thi THPT,2022,33.33,"Báo chí, chuyên ngành Quay phim truyền hình"
81983,HBT,quay-phim-truyen-hinh,R22,Điểm thi THPT,2022,33.33,"Báo chí, chuyên ngành Quay phim truyền hình"
81984,HBT,quay-phim-truyen-hinh,R25,Điểm thi THPT,2022,33.33,"Báo chí, chuyên ngành Quay phim truyền hình"
81985,HBT,quay-phim-truyen-hinh,R26,Điểm thi THPT,2022,33.33,"Báo chí, chuyên ngành Quay phim truyền hình"
81986,HBT,quay-phim-truyen-hinh,D01,Điểm học bạ,2023,8.8,Báo chí. chuyên ngành Quay phim truyền hình
81987,HBT,quay-phim-truyen-hinh,D72,Điểm học bạ,2023,8.8,Báo chí. chuyên ngành Quay phim truyền hình
81988,HBT,quay-phim-truyen-hinh,D78,Điểm học bạ,2023,8.8,Báo chí. chuyên ngành Quay phim truyền hình
81989,HBT,quay-phim-truyen-hinh,R22,Điểm học bạ,2023,8.8,Báo chí. chuyên ngành Quay phim truyền hình
81990,HBT,quay-phim-truyen-hinh,R25,Điểm học bạ,2023,8.8,Báo chí. chuyên ngành Quay phim truyền hình
81991,HBT,quay-phim-truyen-hinh,R26,Điểm học bạ,2023,8.8,Báo chí. chuyên ngành Quay phim truyền hình
81992,HBT,quay-phim-truyen-hinh,D01,Điểm thi THPT,2023,34.49,Báo chí. chuyên ngành Quay phim truyền hình
81993,HBT,quay-phim-truyen-hinh,D72,Điểm thi THPT,2023,34.49,Báo chí. chuyên ngành Quay phim truyền hình
81994,HBT,quay-phim-truyen-hinh,D78,Điểm thi THPT,2023,34.49,Báo chí. chuyên ngành Quay phim truyền hình
81995,HBT,quay-phim-truyen-hinh,R22,Điểm thi THPT,2023,34.49,Báo chí. chuyên ngành Quay phim truyền hình
81996,HBT,quay-phim-truyen-hinh,R25,Điểm thi THPT,2023,34.49,Báo chí. chuyên ngành Quay phim truyền hình
81997,HBT,quay-phim-truyen-hinh,R26,Điểm thi THPT,2023,34.49,Báo chí. chuyên ngành Quay phim truyền hình
81998,HBT,quay-phim-truyen-hinh,D01,Điểm học bạ,2024,9.02,"Báo chí, chuyên ngành Quay phim truyền hình"
81999,HBT,quay-phim-truyen-hinh,D72,Điểm học bạ,2024,9.02,"Báo chí, chuyên ngành Quay phim truyền hình"
82000,HBT,quay-phim-truyen-hinh,D78,Điểm học bạ,2024,9.02,"Báo chí, chuyên ngành Quay phim truyền hình"
82001,HBT,quay-phim-truyen-hinh,D01,Điểm thi THPT,2024,35.73,"Báo chí, chuyên ngành Quay phim truyền hình"
82002,HBT,quay-phim-truyen-hinh,D72,Điểm thi THPT,2024,35.48,"Báo chí, chuyên ngành Quay phim truyền hình"
82003,HBT,quay-phim-truyen-hinh,D78,Điểm thi THPT,2024,35.73,"Báo chí, chuyên ngành Quay phim truyền hình"
82004,HBT,quay-phim-truyen-hinh,D01,Điểm học bạ,2025,36.46,"Báo chí, chuyên ngành Quay phim truyền hình"
82005,HBT,quay-phim-truyen-hinh,D14,Điểm học bạ,2025,36.46,"Báo chí, chuyên ngành Quay phim truyền hình"
82006,HBT,quay-phim-truyen-hinh,X78,Điểm học bạ,2025,36.46,"Báo chí, chuyên ngành Quay phim truyền hình"
82007,HBT,quay-phim-truyen-hinh,X79,Điểm học bạ,2025,36.46,"Báo chí, chuyên ngành Quay phim truyền hình"
82008,HBT,quay-phim-truyen-hinh,D01,Điểm thi THPT,2025,33.64,"Báo chí, chuyên ngành Quay phim truyền hình"
82009,HBT,quay-phim-truyen-hinh,D14,Điểm thi THPT,2025,34.39,"Báo chí, chuyên ngành Quay phim truyền hình"
82010,HBT,quay-phim-truyen-hinh,X78,Điểm thi THPT,2025,34.64,"Báo chí, chuyên ngành Quay phim truyền hình"
82011,HBT,quay-phim-truyen-hinh,X79,Điểm thi THPT,2025,34.14,"Báo chí, chuyên ngành Quay phim truyền hình"
82012,HBT,thong-tin-doi-ngoai,D01,Điểm học bạ,2021,9.42,"Quan hệ quốc tế, chuyên ngành Thông tin đối ngoại"
82013,HBT,thong-tin-doi-ngoai,D72,Điểm học bạ,2021,9.42,"Quan hệ quốc tế, chuyên ngành Thông tin đối ngoại"
82014,HBT,thong-tin-doi-ngoai,D78,Điểm học bạ,2021,9.42,"Quan hệ quốc tế, chuyên ngành Thông tin đối ngoại"
82015,HBT,thong-tin-doi-ngoai,R24,Điểm học bạ,2021,9.42,"Quan hệ quốc tế, chuyên ngành Thông tin đối ngoại"
82016,HBT,thong-tin-doi-ngoai,R25,Điểm học bạ,2021,9.42,"Quan hệ quốc tế, chuyên ngành Thông tin đối ngoại"
82017,HBT,thong-tin-doi-ngoai,R26,Điểm học bạ,2021,9.42,"Quan hệ quốc tế, chuyên ngành Thông tin đối ngoại"
82018,HBT,thong-tin-doi-ngoai,D01,Điểm thi THPT,2021,35.95,"Quan hệ quốc tế, chuyên ngành Thông tin đối ngoại"
82019,HBT,thong-tin-doi-ngoai,D72,Điểm thi THPT,2021,35.45,"Quan hệ quốc tế, chuyên ngành Thông tin đối ngoại"
82020,HBT,thong-tin-doi-ngoai,D78,Điểm thi THPT,2021,36.95,"Quan hệ quốc tế, chuyên ngành Thông tin đối ngoại"
82021,HBT,thong-tin-doi-ngoai,R24,Điểm thi THPT,2021,35.95,"Quan hệ quốc tế, chuyên ngành Thông tin đối ngoại"
82022,HBT,thong-tin-doi-ngoai,R25,Điểm thi THPT,2021,35.45,"Quan hệ quốc tế, chuyên ngành Thông tin đối ngoại"
82023,HBT,thong-tin-doi-ngoai,R26,Điểm thi THPT,2021,36.95,"Quan hệ quốc tế, chuyên ngành Thông tin đối ngoại"
82024,HBT,thong-tin-doi-ngoai,D01,Điểm học bạ,2022,9.08,"Quan hệ quốc tế, chuyên ngành Thông tin đối ngoại"
82025,HBT,thong-tin-doi-ngoai,D72,Điểm học bạ,2022,9.08,"Quan hệ quốc tế, chuyên ngành Thông tin đối ngoại"
82026,HBT,thong-tin-doi-ngoai,D78,Điểm học bạ,2022,9.08,"Quan hệ quốc tế, chuyên ngành Thông tin đối ngoại"
82027,HBT,thong-tin-doi-ngoai,R22,Điểm học bạ,2022,9.08,"Quan hệ quốc tế, chuyên ngành Thông tin đối ngoại"
82028,HBT,thong-tin-doi-ngoai,R25,Điểm học bạ,2022,9.08,"Quan hệ quốc tế, chuyên ngành Thông tin đối ngoại"
82029,HBT,thong-tin-doi-ngoai,R26,Điểm học bạ,2022,9.08,"Quan hệ quốc tế, chuyên ngành Thông tin đối ngoại"
82030,HBT,thong-tin-doi-ngoai,D01,Điểm thi THPT,2022,34.77,"Quan hệ quốc tế, chuyên ngành Thông tin đối ngoại"
82031,HBT,thong-tin-doi-ngoai,D72,Điểm thi THPT,2022,34.27,"Quan hệ quốc tế, chuyên ngành Thông tin đối ngoại"
82032,HBT,thong-tin-doi-ngoai,D78,Điểm thi THPT,2022,35.77,"Quan hệ quốc tế, chuyên ngành Thông tin đối ngoại"
82033,HBT,thong-tin-doi-ngoai,R22,Điểm thi THPT,2022,34.77,"Quan hệ quốc tế, chuyên ngành Thông tin đối ngoại"
82034,HBT,thong-tin-doi-ngoai,R25,Điểm thi THPT,2022,34.27,"Quan hệ quốc tế, chuyên ngành Thông tin đối ngoại"
82035,HBT,thong-tin-doi-ngoai,R26,Điểm thi THPT,2022,35.77,"Quan hệ quốc tế, chuyên ngành Thông tin đối ngoại"
82036,HBT,thong-tin-doi-ngoai,A01,Điểm học bạ,2023,9.33,"Quan hệ quổc tể, chuyên ngành thông tin đối ngoại"
82037,HBT,thong-tin-doi-ngoai,D01,Điểm học bạ,2023,9.33,"Quan hệ quổc tể, chuyên ngành thông tin đối ngoại"
82038,HBT,thong-tin-doi-ngoai,D72,Điểm học bạ,2023,9.33,"Quan hệ quổc tể, chuyên ngành thông tin đối ngoại"
82039,HBT,thong-tin-doi-ngoai,D78,Điểm học bạ,2023,9.33,"Quan hệ quổc tể, chuyên ngành thông tin đối ngoại"
82040,HBT,thong-tin-doi-ngoai,R22,Điểm học bạ,2023,9.33,"Quan hệ quổc tể, chuyên ngành thông tin đối ngoại"
82041,HBT,thong-tin-doi-ngoai,R25,Điểm học bạ,2023,9.33,"Quan hệ quổc tể, chuyên ngành thông tin đối ngoại"
82042,HBT,thong-tin-doi-ngoai,R26,Điểm học bạ,2023,9.33,"Quan hệ quổc tể, chuyên ngành thông tin đối ngoại"
82043,HBT,thong-tin-doi-ngoai,R27,Điểm học bạ,2023,9.33,"Quan hệ quổc tể, chuyên ngành thông tin đối ngoại"
82044,HBT,thong-tin-doi-ngoai,A01,Điểm thi THPT,2023,35.6,"Quan hệ quổc tể, chuyên ngành thông tin đối ngoại"
82045,HBT,thong-tin-doi-ngoai,D01,Điểm thi THPT,2023,35.6,"Quan hệ quổc tể, chuyên ngành thông tin đối ngoại"
82046,HBT,thong-tin-doi-ngoai,D72,Điểm thi THPT,2023,35.1,"Quan hệ quổc tể, chuyên ngành thông tin đối ngoại"
82047,HBT,thong-tin-doi-ngoai,D78,Điểm thi THPT,2023,36.6,"Quan hệ quổc tể, chuyên ngành thông tin đối ngoại"
82048,HBT,thong-tin-doi-ngoai,R22,Điểm thi THPT,2023,35.6,"Quan hệ quổc tể, chuyên ngành thông tin đối ngoại"
82049,HBT,thong-tin-doi-ngoai,R25,Điểm thi THPT,2023,35.1,"Quan hệ quổc tể, chuyên ngành thông tin đối ngoại"
82050,HBT,thong-tin-doi-ngoai,R26,Điểm thi THPT,2023,36.6,"Quan hệ quổc tể, chuyên ngành thông tin đối ngoại"
82051,HBT,thong-tin-doi-ngoai,R27,Điểm thi THPT,2023,35.6,"Quan hệ quổc tể, chuyên ngành thông tin đối ngoại"
82052,HBT,thong-tin-doi-ngoai,A01,Điểm học bạ,2024,9.24,"Quan hệ quốc tế, chuyên ngành Thông tin đối ngoại"
82053,HBT,thong-tin-doi-ngoai,D01,Điểm học bạ,2024,9.24,"Quan hệ quốc tế, chuyên ngành Thông tin đối ngoại"
82054,HBT,thong-tin-doi-ngoai,D72,Điểm học bạ,2024,9.24,"Quan hệ quốc tế, chuyên ngành Thông tin đối ngoại"
82055,HBT,thong-tin-doi-ngoai,D78,Điểm học bạ,2024,9.24,"Quan hệ quốc tế, chuyên ngành Thông tin đối ngoại"
82056,HBT,thong-tin-doi-ngoai,A01,Điểm thi THPT,2024,35.0,"Quan hệ quốc tế, chuyên ngành Thông tin đối ngoại"
82057,HBT,thong-tin-doi-ngoai,D01,Điểm thi THPT,2024,35.0,"Quan hệ quốc tế, chuyên ngành Thông tin đối ngoại"
82058,HBT,thong-tin-doi-ngoai,D72,Điểm thi THPT,2024,34.5,"Quan hệ quốc tế, chuyên ngành Thông tin đối ngoại"
82059,HBT,thong-tin-doi-ngoai,D78,Điểm thi THPT,2024,36.0,"Quan hệ quốc tế, chuyên ngành Thông tin đối ngoại"
82060,HBT,thong-tin-doi-ngoai,D01,Điểm học bạ,2025,37.64,"Quan hệ quốc tế, chuyên ngành Thông tin đối ngoại"
82061,HBT,thong-tin-doi-ngoai,D14,Điểm học bạ,2025,37.64,"Quan hệ quốc tế, chuyên ngành Thông tin đối ngoại"
82062,HBT,thong-tin-doi-ngoai,X78,Điểm học bạ,2025,37.64,"Quan hệ quốc tế, chuyên ngành Thông tin đối ngoại"
82063,HBT,thong-tin-doi-ngoai,X79,Điểm học bạ,2025,37.64,"Quan hệ quốc tế, chuyên ngành Thông tin đối ngoại"
82064,HBT,thong-tin-doi-ngoai,D01,Điểm thi THPT,2025,35.0,"Quan hệ quốc tế, chuyên ngành Thông tin đối ngoại"
82065,HBT,thong-tin-doi-ngoai,D14,Điểm thi THPT,2025,35.75,"Quan hệ quốc tế, chuyên ngành Thông tin đối ngoại"
82066,HBT,thong-tin-doi-ngoai,X78,Điểm thi THPT,2025,36.0,"Quan hệ quốc tế, chuyên ngành Thông tin đối ngoại"
82067,HBT,thong-tin-doi-ngoai,X79,Điểm thi THPT,2025,35.5,"Quan hệ quốc tế, chuyên ngành Thông tin đối ngoại"
82068,HBT,triet-hoc,A16,Điểm học bạ,2021,7.8,Triết học
82069,HBT,triet-hoc,C15,Điểm học bạ,2021,7.8,Triết học
82070,HBT,triet-hoc,D01,Điểm học bạ,2021,7.8,Triết học
82071,HBT,triet-hoc,R22,Điểm học bạ,2021,7.8,Triết học
82072,HBT,triet-hoc,A16,Điểm thi THPT,2021,23.0,Triết học
82073,HBT,triet-hoc,C15,Điểm thi THPT,2021,23.0,Triết học
82074,HBT,triet-hoc,D01,Điểm thi THPT,2021,23.0,Triết học
82075,HBT,triet-hoc,R22,Điểm thi THPT,2021,23.0,Triết học
82076,HBT,triet-hoc,A16,Điểm học bạ,2022,8.15,Triết học
82077,HBT,triet-hoc,C15,Điểm học bạ,2022,8.15,Triết học
82078,HBT,triet-hoc,D01,Điểm học bạ,2022,8.15,Triết học
82079,HBT,triet-hoc,R22,Điểm học bạ,2022,8.15,Triết học
82080,HBT,triet-hoc,A16,Điểm thi THPT,2022,24.15,Triết học
82081,HBT,triet-hoc,C15,Điểm thi THPT,2022,24.15,Triết học
82082,HBT,triet-hoc,D01,Điểm thi THPT,2022,24.15,Triết học
82083,HBT,triet-hoc,R22,Điểm thi THPT,2022,24.15,Triết học
82084,HBT,triet-hoc,A16,Điểm học bạ,2023,8.5,Triết học
82085,HBT,triet-hoc,C15,Điểm học bạ,2023,8.5,Triết học
82086,HBT,triet-hoc,D01,Điểm học bạ,2023,8.5,Triết học
82087,HBT,triet-hoc,R22,Điểm học bạ,2023,8.5,Triết học
82088,HBT,triet-hoc,A16,Điểm thi THPT,2023,24.22,Triết học
82089,HBT,triet-hoc,C15,Điểm thi THPT,2023,24.22,Triết học
82090,HBT,triet-hoc,D01,Điểm thi THPT,2023,24.22,Triết học
82091,HBT,triet-hoc,R22,Điểm thi THPT,2023,24.22,Triết học
82092,HBT,triet-hoc,A01,Điểm học bạ,2024,8.44,Triết học
82093,HBT,triet-hoc,A16,Điểm học bạ,2024,8.44,Triết học
82094,HBT,triet-hoc,C15,Điểm học bạ,2024,8.44,Triết học
82095,HBT,triet-hoc,D01,Điểm học bạ,2024,8.44,Triết học
82096,HBT,triet-hoc,A01,Điểm thi THPT,2024,25.38,Triết học
82097,HBT,triet-hoc,A16,Điểm thi THPT,2024,25.38,Triết học
82098,HBT,triet-hoc,C15,Điểm thi THPT,2024,25.38,Triết học
82099,HBT,triet-hoc,D01,Điểm thi THPT,2024,25.38,Triết học
82100,HBT,triet-hoc,C03,Điểm học bạ,2025,26.12,Triết học
82101,HBT,triet-hoc,D01,Điểm học bạ,2025,26.12,Triết học
82102,HBT,triet-hoc,X01,Điểm học bạ,2025,26.12,Triết học
82103,HBT,triet-hoc,X02,Điểm học bạ,2025,26.12,Triết học
82104,HBT,triet-hoc,C03,Điểm thi THPT,2025,23.61,Triết học
82105,HBT,triet-hoc,D01,Điểm thi THPT,2025,23.11,Triết học
82106,HBT,triet-hoc,X01,Điểm thi THPT,2025,23.61,Triết học
82107,HBT,triet-hoc,X02,Điểm thi THPT,2025,23.11,Triết học
82108,HBT,truyen-thong-chinh-sach,A16,Điểm học bạ,2021,8.25,"Chính trị học, chuyên ngành Truyền thông chính sách"
82109,HBT,truyen-thong-chinh-sach,C15,Điểm học bạ,2021,8.25,"Chính trị học, chuyên ngành Truyền thông chính sách"
82110,HBT,truyen-thong-chinh-sach,D01,Điểm học bạ,2021,8.25,"Chính trị học, chuyên ngành Truyền thông chính sách"
82111,HBT,truyen-thong-chinh-sach,R22,Điểm học bạ,2021,8.25,"Chính trị học, chuyên ngành Truyền thông chính sách"
82112,HBT,truyen-thong-chinh-sach,A16,Điểm thi THPT,2021,24.75,"Chính trị học, chuyên ngành Truyền thông chính sách"
82113,HBT,truyen-thong-chinh-sach,C15,Điểm thi THPT,2021,24.75,"Chính trị học, chuyên ngành Truyền thông chính sách"
82114,HBT,truyen-thong-chinh-sach,D01,Điểm thi THPT,2021,24.75,"Chính trị học, chuyên ngành Truyền thông chính sách"
82115,HBT,truyen-thong-chinh-sach,R22,Điểm thi THPT,2021,24.75,"Chính trị học, chuyên ngành Truyền thông chính sách"
82116,HBT,truyen-thong-chinh-sach,A16,Điểm học bạ,2022,8.6,"Chính trị học, chuyên ngành Truyền thông chính sách"
82117,HBT,truyen-thong-chinh-sach,C15,Điểm học bạ,2022,8.6,"Chính trị học, chuyên ngành Truyền thông chính sách"
82118,HBT,truyen-thong-chinh-sach,D01,Điểm học bạ,2022,8.6,"Chính trị học, chuyên ngành Truyền thông chính sách"
82119,HBT,truyen-thong-chinh-sach,R22,Điểm học bạ,2022,8.6,"Chính trị học, chuyên ngành Truyền thông chính sách"
82120,HBT,truyen-thong-chinh-sach,A16,Điểm thi THPT,2022,25.15,"Chính trị học, chuyên ngành Truyền thông chính sách"
82121,HBT,truyen-thong-chinh-sach,C15,Điểm thi THPT,2022,25.15,"Chính trị học, chuyên ngành Truyền thông chính sách"
82122,HBT,truyen-thong-chinh-sach,D01,Điểm thi THPT,2022,25.15,"Chính trị học, chuyên ngành Truyền thông chính sách"
82123,HBT,truyen-thong-chinh-sach,R22,Điểm thi THPT,2022,25.15,"Chính trị học, chuyên ngành Truyền thông chính sách"
82124,HBT,truyen-thong-chinh-sach,A16,Điểm học bạ,2023,8.75,"Chính trị học, chuyên ngành Truyền thông chính sách"
82125,HBT,truyen-thong-chinh-sach,C15,Điểm học bạ,2023,8.75,"Chính trị học, chuyên ngành Truyền thông chính sách"
82126,HBT,truyen-thong-chinh-sach,D01,Điểm học bạ,2023,8.75,"Chính trị học, chuyên ngành Truyền thông chính sách"
82127,HBT,truyen-thong-chinh-sach,R22,Điểm học bạ,2023,8.75,"Chính trị học, chuyên ngành Truyền thông chính sách"
82128,HBT,truyen-thong-chinh-sach,A16,Điểm thi THPT,2023,25.07,"Chính trị học, chuyên ngành Truyền thông chính sách"
82129,HBT,truyen-thong-chinh-sach,C15,Điểm thi THPT,2023,25.32,"Chính trị học, chuyên ngành Truyền thông chính sách"
82130,HBT,truyen-thong-chinh-sach,D01,Điểm thi THPT,2023,25.07,"Chính trị học, chuyên ngành Truyền thông chính sách"
82131,HBT,truyen-thong-chinh-sach,R22,Điểm thi THPT,2023,25.07,"Chính trị học, chuyên ngành Truyền thông chính sách"
82132,HBT,truyen-thong-chinh-sach,A01,Điểm học bạ,2024,8.72,"Chính tri học, chuyên ngành Truyền thông chính sách"
82133,HBT,truyen-thong-chinh-sach,A16,Điểm học bạ,2024,8.72,"Chính tri học, chuyên ngành Truyền thông chính sách"
82134,HBT,truyen-thong-chinh-sach,C15,Điểm học bạ,2024,8.72,"Chính tri học, chuyên ngành Truyền thông chính sách"
82135,HBT,truyen-thong-chinh-sach,D01,Điểm học bạ,2024,8.72,"Chính tri học, chuyên ngành Truyền thông chính sách"
82136,HBT,truyen-thong-chinh-sach,A01,Điểm thi THPT,2024,25.6,"Chính tri học, chuyên ngành Truyền thông chính sách"
82137,HBT,truyen-thong-chinh-sach,A16,Điểm thi THPT,2024,25.6,"Chính tri học, chuyên ngành Truyền thông chính sách"
82138,HBT,truyen-thong-chinh-sach,C15,Điểm thi THPT,2024,26.35,"Chính tri học, chuyên ngành Truyền thông chính sách"
82139,HBT,truyen-thong-chinh-sach,D01,Điểm thi THPT,2024,25.85,"Chính tri học, chuyên ngành Truyền thông chính sách"
82140,HBT,truyen-thong-chinh-sach,C03,Điểm học bạ,2025,26.93,"Chính trị học, chuyên ngành Truyền thông chính sách"
82141,HBT,truyen-thong-chinh-sach,D01,Điểm học bạ,2025,26.93,"Chính trị học, chuyên ngành Truyền thông chính sách"
82142,HBT,truyen-thong-chinh-sach,X01,Điểm học bạ,2025,26.93,"Chính trị học, chuyên ngành Truyền thông chính sách"
82143,HBT,truyen-thong-chinh-sach,X02,Điểm học bạ,2025,26.93,"Chính trị học, chuyên ngành Truyền thông chính sách"
82144,HBT,truyen-thong-chinh-sach,C03,Điểm thi THPT,2025,24.6,"Chính trị học, chuyên ngành Truyền thông chính sách"
82145,HBT,truyen-thong-chinh-sach,D01,Điểm thi THPT,2025,24.1,"Chính trị học, chuyên ngành Truyền thông chính sách"
82146,HBT,truyen-thong-chinh-sach,X01,Điểm thi THPT,2025,24.6,"Chính trị học, chuyên ngành Truyền thông chính sách"
82147,HBT,truyen-thong-chinh-sach,X02,Điểm thi THPT,2025,24.1,"Chính trị học, chuyên ngành Truyền thông chính sách"
82148,HBT,truyen-thong-da-phuong-tien,A16,Điểm học bạ,2021,9.63,Truyền thông đa phương tiện
82149,HBT,truyen-thong-da-phuong-tien,C15,Điểm học bạ,2021,9.63,Truyền thông đa phương tiện
82150,HBT,truyen-thong-da-phuong-tien,D01,Điểm học bạ,2021,9.63,Truyền thông đa phương tiện
82151,HBT,truyen-thong-da-phuong-tien,R22,Điểm học bạ,2021,9.63,Truyền thông đa phương tiện
82152,HBT,truyen-thong-da-phuong-tien,A16,Điểm thi THPT,2021,26.27,Truyền thông đa phương tiện
82153,HBT,truyen-thong-da-phuong-tien,C15,Điểm thi THPT,2021,28.6,Truyền thông đa phương tiện
82154,HBT,truyen-thong-da-phuong-tien,D01,Điểm thi THPT,2021,27.6,Truyền thông đa phương tiện
82155,HBT,truyen-thong-da-phuong-tien,R22,Điểm thi THPT,2021,27.6,Truyền thông đa phương tiện
82156,HBT,truyen-thong-da-phuong-tien,A16,Điểm học bạ,2022,9.62,Truyền thông đa phương tiện
82157,HBT,truyen-thong-da-phuong-tien,C15,Điểm học bạ,2022,9.62,Truyền thông đa phương tiện
82158,HBT,truyen-thong-da-phuong-tien,D01,Điểm học bạ,2022,9.62,Truyền thông đa phương tiện
82159,HBT,truyen-thong-da-phuong-tien,R22,Điểm học bạ,2022,9.62,Truyền thông đa phương tiện
82160,HBT,truyen-thong-da-phuong-tien,A16,Điểm thi THPT,2022,26.75,Truyền thông đa phương tiện
82161,HBT,truyen-thong-da-phuong-tien,C15,Điểm thi THPT,2022,29.25,Truyền thông đa phương tiện
82162,HBT,truyen-thong-da-phuong-tien,D01,Điểm thi THPT,2022,27.25,Truyền thông đa phương tiện
82163,HBT,truyen-thong-da-phuong-tien,R22,Điểm thi THPT,2022,27.25,Truyền thông đa phương tiện
82164,HBT,truyen-thong-da-phuong-tien,A16,Điểm học bạ,2023,9.45,Truyền thông đa phương tiện
82165,HBT,truyen-thong-da-phuong-tien,C15,Điểm học bạ,2023,9.45,Truyền thông đa phương tiện
82166,HBT,truyen-thong-da-phuong-tien,D01,Điểm học bạ,2023,9.45,Truyền thông đa phương tiện
82167,HBT,truyen-thong-da-phuong-tien,R22,Điểm học bạ,2023,9.45,Truyền thông đa phương tiện
82168,HBT,truyen-thong-da-phuong-tien,A16,Điểm thi THPT,2023,26.68,Truyền thông đa phương tiện
82169,HBT,truyen-thong-da-phuong-tien,C15,Điểm thi THPT,2023,28.68,Truyền thông đa phương tiện
82170,HBT,truyen-thong-da-phuong-tien,D01,Điểm thi THPT,2023,27.18,Truyền thông đa phương tiện
82171,HBT,truyen-thong-da-phuong-tien,R22,Điểm thi THPT,2023,27.18,Truyền thông đa phương tiện
82172,HBT,truyen-thong-da-phuong-tien,A01,Điểm học bạ,2024,9.45,Truyền thông đa phương tiện
82173,HBT,truyen-thong-da-phuong-tien,A16,Điểm học bạ,2024,9.45,Truyền thông đa phương tiện
82174,HBT,truyen-thong-da-phuong-tien,C15,Điểm học bạ,2024,9.45,Truyền thông đa phương tiện
82175,HBT,truyen-thong-da-phuong-tien,D01,Điểm học bạ,2024,9.45,Truyền thông đa phương tiện
82176,HBT,truyen-thong-da-phuong-tien,A01,Điểm thi THPT,2024,27.0,Truyền thông đa phương tiện
82177,HBT,truyen-thong-da-phuong-tien,A16,Điểm thi THPT,2024,26.5,Truyền thông đa phương tiện
82178,HBT,truyen-thong-da-phuong-tien,C15,Điểm thi THPT,2024,28.25,Truyền thông đa phương tiện
82179,HBT,truyen-thong-da-phuong-tien,D01,Điểm thi THPT,2024,27.0,Truyền thông đa phương tiện
82180,HBT,truyen-thong-da-phuong-tien,D01,Điểm học bạ,2025,38.93,Truyền thông đa phương tiện
82181,HBT,truyen-thong-da-phuong-tien,D14,Điểm học bạ,2025,38.93,Truyền thông đa phương tiện
82182,HBT,truyen-thong-da-phuong-tien,X78,Điểm học bạ,2025,38.93,Truyền thông đa phương tiện
82183,HBT,truyen-thong-da-phuong-tien,X79,Điểm học bạ,2025,38.93,Truyền thông đa phương tiện
82184,HBT,truyen-thong-da-phuong-tien,D01,Điểm thi THPT,2025,36.5,Truyền thông đa phương tiện
82185,HBT,truyen-thong-da-phuong-tien,D14,Điểm thi THPT,2025,37.25,Truyền thông đa phương tiện
82186,HBT,truyen-thong-da-phuong-tien,X78,Điểm thi THPT,2025,37.5,Truyền thông đa phương tiện
82187,HBT,truyen-thong-da-phuong-tien,X79,Điểm thi THPT,2025,37.0,Truyền thông đa phương tiện
82188,HBT,truyen-thong-dai-chung,A16,Điểm học bạ,2021,9.5,Truyền thông đại chúng
82189,HBT,truyen-thong-dai-chung,C15,Điểm học bạ,2021,9.5,Truyền thông đại chúng
82190,HBT,truyen-thong-dai-chung,D01,Điểm học bạ,2021,9.5,Truyền thông đại chúng
82191,HBT,truyen-thong-dai-chung,R22,Điểm học bạ,2021,9.5,Truyền thông đại chúng
82192,HBT,truyen-thong-dai-chung,A16,Điểm thi THPT,2021,26.27,Truyền thông đại chúng
82193,HBT,truyen-thong-dai-chung,C15,Điểm thi THPT,2021,27.77,Truyền thông đại chúng
82194,HBT,truyen-thong-dai-chung,D01,Điểm thi THPT,2021,26.77,Truyền thông đại chúng
82195,HBT,truyen-thong-dai-chung,R22,Điểm thi THPT,2021,26.77,Truyền thông đại chúng
82196,HBT,truyen-thong-dai-chung,A16,Điểm học bạ,2022,9.26,Truyền thông đại chúng
82197,HBT,truyen-thong-dai-chung,C15,Điểm học bạ,2022,9.26,Truyền thông đại chúng
82198,HBT,truyen-thong-dai-chung,D01,Điểm học bạ,2022,9.26,Truyền thông đại chúng
82199,HBT,truyen-thong-dai-chung,R22,Điểm học bạ,2022,9.26,Truyền thông đại chúng
82200,HBT,truyen-thong-dai-chung,A16,Điểm thi THPT,2022,26.05,Truyền thông đại chúng
82201,HBT,truyen-thong-dai-chung,C15,Điểm thi THPT,2022,27.8,Truyền thông đại chúng
82202,HBT,truyen-thong-dai-chung,D01,Điểm thi THPT,2022,26.55,Truyền thông đại chúng
82203,HBT,truyen-thong-dai-chung,R22,Điểm thi THPT,2022,26.55,Truyền thông đại chúng
82204,HBT,truyen-thong-dai-chung,A16,Điểm học bạ,2023,9.34,Truyền thông đại chúng
82205,HBT,truyen-thong-dai-chung,C15,Điểm học bạ,2023,9.34,Truyền thông đại chúng
82206,HBT,truyen-thong-dai-chung,D01,Điểm học bạ,2023,9.34,Truyền thông đại chúng
82207,HBT,truyen-thong-dai-chung,R22,Điểm học bạ,2023,9.34,Truyền thông đại chúng
82208,HBT,truyen-thong-dai-chung,A16,Điểm thi THPT,2023,26.15,Truyền thông đại chúng
82209,HBT,truyen-thong-dai-chung,C15,Điểm thi THPT,2023,27.9,Truyền thông đại chúng
82210,HBT,truyen-thong-dai-chung,D01,Điểm thi THPT,2023,26.65,Truyền thông đại chúng
82211,HBT,truyen-thong-dai-chung,R22,Điểm thi THPT,2023,26.65,Truyền thông đại chúng
82212,HBT,truyen-thong-dai-chung,A01,Điểm học bạ,2024,9.41,Truyền thông đại chúng
82213,HBT,truyen-thong-dai-chung,A16,Điểm học bạ,2024,9.41,Truyền thông đại chúng
82214,HBT,truyen-thong-dai-chung,C15,Điểm học bạ,2024,9.41,Truyền thông đại chúng
82215,HBT,truyen-thong-dai-chung,D01,Điểm học bạ,2024,9.41,Truyền thông đại chúng
82216,HBT,truyen-thong-dai-chung,A01,Điểm thi THPT,2024,26.8,Truyền thông đại chúng
82217,HBT,truyen-thong-dai-chung,A16,Điểm thi THPT,2024,26.3,Truyền thông đại chúng
82218,HBT,truyen-thong-dai-chung,C15,Điểm thi THPT,2024,28.05,Truyền thông đại chúng
82219,HBT,truyen-thong-dai-chung,D01,Điểm thi THPT,2024,26.8,Truyền thông đại chúng
82220,HBT,truyen-thong-dai-chung,D01,Điểm học bạ,2025,38.28,Truyền thông đại chúng
82221,HBT,truyen-thong-dai-chung,D14,Điểm học bạ,2025,38.28,Truyền thông đại chúng
82222,HBT,truyen-thong-dai-chung,X78,Điểm học bạ,2025,38.28,Truyền thông đại chúng
82223,HBT,truyen-thong-dai-chung,X79,Điểm học bạ,2025,38.28,Truyền thông đại chúng
82224,HBT,truyen-thong-dai-chung,D01,Điểm thi THPT,2025,35.74,Truyền thông đại chúng
82225,HBT,truyen-thong-dai-chung,D14,Điểm thi THPT,2025,36.49,Truyền thông đại chúng
82226,HBT,truyen-thong-dai-chung,X78,Điểm thi THPT,2025,36.74,Truyền thông đại chúng
82227,HBT,truyen-thong-dai-chung,X79,Điểm thi THPT,2025,36.24,Truyền thông đại chúng
82228,HBT,truyen-thong-marketing,D01,Điểm học bạ,2021,9.6,"Quan hệ công chúng, chuyên ngành Truyền thông marketing (chất lượng cao)"
82229,HBT,truyen-thong-marketing,D72,Điểm học bạ,2021,9.6,"Quan hệ công chúng, chuyên ngành Truyền thông marketing (chất lượng cao)"
82230,HBT,truyen-thong-marketing,D78,Điểm học bạ,2021,9.6,"Quan hệ công chúng, chuyên ngành Truyền thông marketing (chất lượng cao)"
82231,HBT,truyen-thong-marketing,R24,Điểm học bạ,2021,9.6,"Quan hệ công chúng, chuyên ngành Truyền thông marketing (chất lượng cao)"
82232,HBT,truyen-thong-marketing,R25,Điểm học bạ,2021,9.6,"Quan hệ công chúng, chuyên ngành Truyền thông marketing (chất lượng cao)"
82233,HBT,truyen-thong-marketing,R26,Điểm học bạ,2021,9.6,"Quan hệ công chúng, chuyên ngành Truyền thông marketing (chất lượng cao)"
82234,HBT,truyen-thong-marketing,D01,Điểm thi THPT,2021,36.32,"Quan hệ công chúng, chuyên ngành Truyền thông marketing (chất lượng cao)"
82235,HBT,truyen-thong-marketing,D72,Điểm thi THPT,2021,35.82,"Quan hệ công chúng, chuyên ngành Truyền thông marketing (chất lượng cao)"
82236,HBT,truyen-thong-marketing,D78,Điểm thi THPT,2021,37.57,"Quan hệ công chúng, chuyên ngành Truyền thông marketing (chất lượng cao)"
82237,HBT,truyen-thong-marketing,R24,Điểm thi THPT,2021,36.32,"Quan hệ công chúng, chuyên ngành Truyền thông marketing (chất lượng cao)"
82238,HBT,truyen-thong-marketing,R25,Điểm thi THPT,2021,35.82,"Quan hệ công chúng, chuyên ngành Truyền thông marketing (chất lượng cao)"
82239,HBT,truyen-thong-marketing,R26,Điểm thi THPT,2021,37.57,"Quan hệ công chúng, chuyên ngành Truyền thông marketing (chất lượng cao)"
82240,HBT,truyen-thong-marketing,D01,Điểm học bạ,2022,9.6,"Quan hệ công chúng, chuyên ngành Truyền thông marketing (chất lượng cao)"
82241,HBT,truyen-thong-marketing,D72,Điểm học bạ,2022,9.6,"Quan hệ công chúng, chuyên ngành Truyền thông marketing (chất lượng cao)"
82242,HBT,truyen-thong-marketing,D78,Điểm học bạ,2022,9.6,"Quan hệ công chúng, chuyên ngành Truyền thông marketing (chất lượng cao)"
82243,HBT,truyen-thong-marketing,R22,Điểm học bạ,2022,9.6,"Quan hệ công chúng, chuyên ngành Truyền thông marketing (chất lượng cao)"
82244,HBT,truyen-thong-marketing,R25,Điểm học bạ,2022,9.6,"Quan hệ công chúng, chuyên ngành Truyền thông marketing (chất lượng cao)"
82245,HBT,truyen-thong-marketing,R26,Điểm học bạ,2022,9.6,"Quan hệ công chúng, chuyên ngành Truyền thông marketing (chất lượng cao)"
82246,HBT,truyen-thong-marketing,D01,Điểm thi THPT,2022,35.34,"Quan hệ công chúng, chuyên ngành Truyền thông marketing (chất lượng cao)"
82247,HBT,truyen-thong-marketing,D72,Điểm thi THPT,2022,34.84,"Quan hệ công chúng, chuyên ngành Truyền thông marketing (chất lượng cao)"
82248,HBT,truyen-thong-marketing,D78,Điểm thi THPT,2022,36.59,"Quan hệ công chúng, chuyên ngành Truyền thông marketing (chất lượng cao)"
82249,HBT,truyen-thong-marketing,R22,Điểm thi THPT,2022,35.34,"Quan hệ công chúng, chuyên ngành Truyền thông marketing (chất lượng cao)"
82250,HBT,truyen-thong-marketing,R25,Điểm thi THPT,2022,34.84,"Quan hệ công chúng, chuyên ngành Truyền thông marketing (chất lượng cao)"
82251,HBT,truyen-thong-marketing,R26,Điểm thi THPT,2022,36.59,"Quan hệ công chúng, chuyên ngành Truyền thông marketing (chất lượng cao)"
82252,HBT,truyen-thong-marketing,A01,Điểm học bạ,2023,9.36,"Quan hệ công chúng, chuyên ngành Truyền thông marketing (chất lượng cao)"
82253,HBT,truyen-thong-marketing,D01,Điểm học bạ,2023,9.36,"Quan hệ công chúng, chuyên ngành Truyền thông marketing (chất lượng cao)"
82254,HBT,truyen-thong-marketing,D72,Điểm học bạ,2023,9.36,"Quan hệ công chúng, chuyên ngành Truyền thông marketing (chất lượng cao)"
82255,HBT,truyen-thong-marketing,D78,Điểm học bạ,2023,9.36,"Quan hệ công chúng, chuyên ngành Truyền thông marketing (chất lượng cao)"
82256,HBT,truyen-thong-marketing,R22,Điểm học bạ,2023,9.36,"Quan hệ công chúng, chuyên ngành Truyền thông marketing (chất lượng cao)"
82257,HBT,truyen-thong-marketing,R25,Điểm học bạ,2023,9.36,"Quan hệ công chúng, chuyên ngành Truyền thông marketing (chất lượng cao)"
82258,HBT,truyen-thong-marketing,R26,Điểm học bạ,2023,9.36,"Quan hệ công chúng, chuyên ngành Truyền thông marketing (chất lượng cao)"
82259,HBT,truyen-thong-marketing,R27,Điểm học bạ,2023,9.36,"Quan hệ công chúng, chuyên ngành Truyền thông marketing (chất lượng cao)"
82260,HBT,truyen-thong-marketing,A01,Điểm thi THPT,2023,35.47,"Quan hệ công chúng, chuyên ngành Truyền thông marketing (chất lượng cao)"
82261,HBT,truyen-thong-marketing,D01,Điểm thi THPT,2023,35.47,"Quan hệ công chúng, chuyên ngành Truyền thông marketing (chất lượng cao)"
82262,HBT,truyen-thong-marketing,D72,Điểm thi THPT,2023,34.97,"Quan hệ công chúng, chuyên ngành Truyền thông marketing (chất lượng cao)"
82263,HBT,truyen-thong-marketing,D78,Điểm thi THPT,2023,36.97,"Quan hệ công chúng, chuyên ngành Truyền thông marketing (chất lượng cao)"
82264,HBT,truyen-thong-marketing,R22,Điểm thi THPT,2023,35.47,"Quan hệ công chúng, chuyên ngành Truyền thông marketing (chất lượng cao)"
82265,HBT,truyen-thong-marketing,R25,Điểm thi THPT,2023,34.97,"Quan hệ công chúng, chuyên ngành Truyền thông marketing (chất lượng cao)"
82266,HBT,truyen-thong-marketing,R26,Điểm thi THPT,2023,36.97,"Quan hệ công chúng, chuyên ngành Truyền thông marketing (chất lượng cao)"
82267,HBT,truyen-thong-marketing,R27,Điểm thi THPT,2023,35.47,"Quan hệ công chúng, chuyên ngành Truyền thông marketing (chất lượng cao)"
82268,HBT,truyen-thong-marketing,A01,Điểm học bạ,2024,9.55,"Quan hệ công chúng, chuyên ngành Truyền thông marketing"
82269,HBT,truyen-thong-marketing,D01,Điểm học bạ,2024,9.55,"Quan hệ công chúng, chuyên ngành Truyền thông marketing"
82270,HBT,truyen-thong-marketing,D72,Điểm học bạ,2024,9.55,"Quan hệ công chúng, chuyên ngành Truyền thông marketing"
82271,HBT,truyen-thong-marketing,D78,Điểm học bạ,2024,9.55,"Quan hệ công chúng, chuyên ngành Truyền thông marketing"
82272,HBT,truyen-thong-marketing,A01,Điểm thi THPT,2024,36.13,"Quan hệ công chúng, chuyên ngành Truyền thông marketing"
82273,HBT,truyen-thong-marketing,D01,Điểm thi THPT,2024,36.13,"Quan hệ công chúng, chuyên ngành Truyền thông marketing"
82274,HBT,truyen-thong-marketing,D72,Điểm thi THPT,2024,35.63,"Quan hệ công chúng, chuyên ngành Truyền thông marketing"
82275,HBT,truyen-thong-marketing,D78,Điểm thi THPT,2024,37.38,"Quan hệ công chúng, chuyên ngành Truyền thông marketing"
82276,HBT,truyen-thong-marketing,D01,Điểm học bạ,2025,38.93,"Quan hệ công chúng, chuyên ngành Truyền thông marketing"
82277,HBT,truyen-thong-marketing,D14,Điểm học bạ,2025,38.93,"Quan hệ công chúng, chuyên ngành Truyền thông marketing"
82278,HBT,truyen-thong-marketing,X78,Điểm học bạ,2025,38.93,"Quan hệ công chúng, chuyên ngành Truyền thông marketing"
82279,HBT,truyen-thong-marketing,X79,Điểm học bạ,2025,38.93,"Quan hệ công chúng, chuyên ngành Truyền thông marketing"
82280,HBT,truyen-thong-marketing,D01,Điểm thi THPT,2025,36.5,"Quan hệ công chúng, chuyên ngành Truyền thông marketing"
82281,HBT,truyen-thong-marketing,D14,Điểm thi THPT,2025,37.25,"Quan hệ công chúng, chuyên ngành Truyền thông marketing"
82282,HBT,truyen-thong-marketing,X78,Điểm thi THPT,2025,37.5,"Quan hệ công chúng, chuyên ngành Truyền thông marketing"
82283,HBT,truyen-thong-marketing,X79,Điểm thi THPT,2025,37.0,"Quan hệ công chúng, chuyên ngành Truyền thông marketing"
82284,HBT,truyen-thong-quoc-te,D01,Điểm học bạ,2021,9.6,Truyền thông quốc tế
82285,HBT,truyen-thong-quoc-te,D72,Điểm học bạ,2021,9.6,Truyền thông quốc tế
82286,HBT,truyen-thong-quoc-te,D78,Điểm học bạ,2021,9.6,Truyền thông quốc tế
82287,HBT,truyen-thong-quoc-te,R24,Điểm học bạ,2021,9.6,Truyền thông quốc tế
82288,HBT,truyen-thong-quoc-te,R25,Điểm học bạ,2021,9.6,Truyền thông quốc tế
82289,HBT,truyen-thong-quoc-te,R26,Điểm học bạ,2021,9.6,Truyền thông quốc tế
82290,HBT,truyen-thong-quoc-te,D01,Điểm thi THPT,2021,36.51,Truyền thông quốc tế
82291,HBT,truyen-thong-quoc-te,D72,Điểm thi THPT,2021,36.01,Truyền thông quốc tế
82292,HBT,truyen-thong-quoc-te,D78,Điểm thi THPT,2021,37.51,Truyền thông quốc tế
82293,HBT,truyen-thong-quoc-te,R24,Điểm thi THPT,2021,36.51,Truyền thông quốc tế
82294,HBT,truyen-thong-quoc-te,R25,Điểm thi THPT,2021,36.01,Truyền thông quốc tế
82295,HBT,truyen-thong-quoc-te,R26,Điểm thi THPT,2021,37.51,Truyền thông quốc tế
82296,HBT,truyen-thong-quoc-te,D01,Điểm học bạ,2022,9.6,Truyền thông quốc tế
82297,HBT,truyen-thong-quoc-te,D72,Điểm học bạ,2022,9.6,Truyền thông quốc tế
82298,HBT,truyen-thong-quoc-te,D78,Điểm học bạ,2022,9.6,Truyền thông quốc tế
82299,HBT,truyen-thong-quoc-te,R22,Điểm học bạ,2022,9.6,Truyền thông quốc tế
82300,HBT,truyen-thong-quoc-te,R25,Điểm học bạ,2022,9.6,Truyền thông quốc tế
82301,HBT,truyen-thong-quoc-te,R26,Điểm học bạ,2022,9.6,Truyền thông quốc tế
82302,HBT,truyen-thong-quoc-te,D01,Điểm thi THPT,2022,35.99,Truyền thông quốc tế
82303,HBT,truyen-thong-quoc-te,D72,Điểm thi THPT,2022,35.49,Truyền thông quốc tế
82304,HBT,truyen-thong-quoc-te,D78,Điểm thi THPT,2022,36.99,Truyền thông quốc tế
82305,HBT,truyen-thong-quoc-te,R22,Điểm thi THPT,2022,35.99,Truyền thông quốc tế
82306,HBT,truyen-thong-quoc-te,R25,Điểm thi THPT,2022,35.49,Truyền thông quốc tế
82307,HBT,truyen-thong-quoc-te,R26,Điểm thi THPT,2022,36.99,Truyền thông quốc tế
82308,HBT,truyen-thong-quoc-te,A01,Điểm học bạ,2023,9.36,Truyền thông quốc tế
82309,HBT,truyen-thong-quoc-te,D01,Điểm học bạ,2023,9.36,Truyền thông quốc tế
82310,HBT,truyen-thong-quoc-te,D72,Điểm học bạ,2023,9.36,Truyền thông quốc tế
82311,HBT,truyen-thong-quoc-te,D78,Điểm học bạ,2023,9.36,Truyền thông quốc tế
82312,HBT,truyen-thong-quoc-te,R22,Điểm học bạ,2023,9.36,Truyền thông quốc tế
82313,HBT,truyen-thong-quoc-te,R25,Điểm học bạ,2023,9.36,Truyền thông quốc tế
82314,HBT,truyen-thong-quoc-te,R26,Điểm học bạ,2023,9.36,Truyền thông quốc tế
82315,HBT,truyen-thong-quoc-te,R27,Điểm học bạ,2023,9.36,Truyền thông quốc tế
82316,HBT,truyen-thong-quoc-te,A01,Điểm thi THPT,2023,36.06,Truyền thông quốc tế
82317,HBT,truyen-thong-quoc-te,D01,Điểm thi THPT,2023,36.06,Truyền thông quốc tế
82318,HBT,truyen-thong-quoc-te,D72,Điểm thi THPT,2023,35.56,Truyền thông quốc tế
82319,HBT,truyen-thong-quoc-te,D78,Điểm thi THPT,2023,37.31,Truyền thông quốc tế
82320,HBT,truyen-thong-quoc-te,R22,Điểm thi THPT,2023,36.06,Truyền thông quốc tế
82321,HBT,truyen-thong-quoc-te,R25,Điểm thi THPT,2023,35.56,Truyền thông quốc tế
82322,HBT,truyen-thong-quoc-te,R26,Điểm thi THPT,2023,37.31,Truyền thông quốc tế
82323,HBT,truyen-thong-quoc-te,R27,Điểm thi THPT,2023,36.06,Truyền thông quốc tế
82324,HBT,truyen-thong-quoc-te,A01,Điểm học bạ,2024,9.5,Truyền thông quốc tế
82325,HBT,truyen-thong-quoc-te,D01,Điểm học bạ,2024,9.5,Truyền thông quốc tế
82326,HBT,truyen-thong-quoc-te,D72,Điểm học bạ,2024,9.5,Truyền thông quốc tế
82327,HBT,truyen-thong-quoc-te,D78,Điểm học bạ,2024,9.5,Truyền thông quốc tế
82328,HBT,truyen-thong-quoc-te,A01,Điểm thi THPT,2024,35.9,Truyền thông quốc tế
82329,HBT,truyen-thong-quoc-te,D01,Điểm thi THPT,2024,35.9,Truyền thông quốc tế
82330,HBT,truyen-thong-quoc-te,D72,Điểm thi THPT,2024,35.4,Truyền thông quốc tế
82331,HBT,truyen-thong-quoc-te,D78,Điểm thi THPT,2024,37.15,Truyền thông quốc tế
82332,HBT,truyen-thong-quoc-te,D01,Điểm học bạ,2025,38.5,Truyền thông quốc tế
82333,HBT,truyen-thong-quoc-te,D14,Điểm học bạ,2025,38.5,Truyền thông quốc tế
82334,HBT,truyen-thong-quoc-te,X78,Điểm học bạ,2025,38.5,Truyền thông quốc tế
82335,HBT,truyen-thong-quoc-te,X79,Điểm học bạ,2025,38.5,Truyền thông quốc tế
82336,HBT,truyen-thong-quoc-te,D01,Điểm thi THPT,2025,36.0,Truyền thông quốc tế
82337,HBT,truyen-thong-quoc-te,D14,Điểm thi THPT,2025,36.75,Truyền thông quốc tế
82338,HBT,truyen-thong-quoc-te,X78,Điểm thi THPT,2025,37.0,Truyền thông quốc tế
82339,HBT,truyen-thong-quoc-te,X79,Điểm thi THPT,2025,36.5,Truyền thông quốc tế
82340,HBT,tu-tuong-ho-chi-minh,A16,Điểm học bạ,2021,6.9,"Chính trị học, chuyên ngành Tư tưởng Hồ Chí Minh"
82341,HBT,tu-tuong-ho-chi-minh,C15,Điểm học bạ,2021,6.9,"Chính trị học, chuyên ngành Tư tưởng Hồ Chí Minh"
82342,HBT,tu-tuong-ho-chi-minh,D01,Điểm học bạ,2021,6.9,"Chính trị học, chuyên ngành Tư tưởng Hồ Chí Minh"
82343,HBT,tu-tuong-ho-chi-minh,R22,Điểm học bạ,2021,6.9,"Chính trị học, chuyên ngành Tư tưởng Hồ Chí Minh"
82344,HBT,tu-tuong-ho-chi-minh,A16,Điểm thi THPT,2021,22.0,"Chính trị học, chuyên ngành Tư tưởng Hồ Chí Minh"
82345,HBT,tu-tuong-ho-chi-minh,C15,Điểm thi THPT,2021,22.0,"Chính trị học, chuyên ngành Tư tưởng Hồ Chí Minh"
82346,HBT,tu-tuong-ho-chi-minh,D01,Điểm thi THPT,2021,22.0,"Chính trị học, chuyên ngành Tư tưởng Hồ Chí Minh"
82347,HBT,tu-tuong-ho-chi-minh,R22,Điểm thi THPT,2021,22.0,"Chính trị học, chuyên ngành Tư tưởng Hồ Chí Minh"
82348,HBT,tu-tuong-ho-chi-minh,A16,Điểm học bạ,2022,8.0,"Chính trị học, chuyên ngành Tư tưởng Hồ Chí Minh"
82349,HBT,tu-tuong-ho-chi-minh,C15,Điểm học bạ,2022,8.0,"Chính trị học, chuyên ngành Tư tưởng Hồ Chí Minh"
82350,HBT,tu-tuong-ho-chi-minh,D01,Điểm học bạ,2022,8.0,"Chính trị học, chuyên ngành Tư tưởng Hồ Chí Minh"
82351,HBT,tu-tuong-ho-chi-minh,R22,Điểm học bạ,2022,8.0,"Chính trị học, chuyên ngành Tư tưởng Hồ Chí Minh"
82352,HBT,tu-tuong-ho-chi-minh,A16,Điểm thi THPT,2022,23.83,"Chính trị học, chuyên ngành Tư tưởng Hồ Chí Minh"
82353,HBT,tu-tuong-ho-chi-minh,C15,Điểm thi THPT,2022,23.83,"Chính trị học, chuyên ngành Tư tưởng Hồ Chí Minh"
82354,HBT,tu-tuong-ho-chi-minh,D01,Điểm thi THPT,2022,23.83,"Chính trị học, chuyên ngành Tư tưởng Hồ Chí Minh"
82355,HBT,tu-tuong-ho-chi-minh,R22,Điểm thi THPT,2022,23.83,"Chính trị học, chuyên ngành Tư tưởng Hồ Chí Minh"
82356,HBT,tu-tuong-ho-chi-minh,A16,Điểm học bạ,2023,8.41,Chính trị học. chuyên ngành Tư tưởng Hồ Chí Minh
82357,HBT,tu-tuong-ho-chi-minh,C15,Điểm học bạ,2023,8.41,Chính trị học. chuyên ngành Tư tưởng Hồ Chí Minh
82358,HBT,tu-tuong-ho-chi-minh,D01,Điểm học bạ,2023,8.41,Chính trị học. chuyên ngành Tư tưởng Hồ Chí Minh
82359,HBT,tu-tuong-ho-chi-minh,R22,Điểm học bạ,2023,8.41,Chính trị học. chuyên ngành Tư tưởng Hồ Chí Minh
82360,HBT,tu-tuong-ho-chi-minh,A16,Điểm thi THPT,2023,24.17,Chính trị học. chuyên ngành Tư tưởng Hồ Chí Minh
82361,HBT,tu-tuong-ho-chi-minh,C15,Điểm thi THPT,2023,24.17,Chính trị học. chuyên ngành Tư tưởng Hồ Chí Minh
82362,HBT,tu-tuong-ho-chi-minh,D01,Điểm thi THPT,2023,24.17,Chính trị học. chuyên ngành Tư tưởng Hồ Chí Minh
82363,HBT,tu-tuong-ho-chi-minh,R22,Điểm thi THPT,2023,24.17,Chính trị học. chuyên ngành Tư tưởng Hồ Chí Minh
82364,HBT,tu-tuong-ho-chi-minh,A01,Điểm học bạ,2024,8.52,"Chính trị học, chuyên ngành Tư tưởng Hồ Chí Minh"
82365,HBT,tu-tuong-ho-chi-minh,A16,Điểm học bạ,2024,8.52,"Chính trị học, chuyên ngành Tư tưởng Hồ Chí Minh"
82366,HBT,tu-tuong-ho-chi-minh,C15,Điểm học bạ,2024,8.52,"Chính trị học, chuyên ngành Tư tưởng Hồ Chí Minh"
82367,HBT,tu-tuong-ho-chi-minh,D01,Điểm học bạ,2024,8.52,"Chính trị học, chuyên ngành Tư tưởng Hồ Chí Minh"
82368,HBT,tu-tuong-ho-chi-minh,A01,Điểm thi THPT,2024,25.45,"Chính trị học, chuyên ngành Tư tưởng Hồ Chí Minh"
82369,HBT,tu-tuong-ho-chi-minh,A16,Điểm thi THPT,2024,25.45,"Chính trị học, chuyên ngành Tư tưởng Hồ Chí Minh"
82370,HBT,tu-tuong-ho-chi-minh,C15,Điểm thi THPT,2024,25.45,"Chính trị học, chuyên ngành Tư tưởng Hồ Chí Minh"
82371,HBT,tu-tuong-ho-chi-minh,D01,Điểm thi THPT,2024,25.45,"Chính trị học, chuyên ngành Tư tưởng Hồ Chí Minh"
82372,HBT,tu-tuong-ho-chi-minh,C03,Điểm học bạ,2025,26.17,"Chính trị học, chuyên ngành Tư tưởng Hồ Chí Minh"
82373,HBT,tu-tuong-ho-chi-minh,D01,Điểm học bạ,2025,26.17,"Chính trị học, chuyên ngành Tư tưởng Hồ Chí Minh"
82374,HBT,tu-tuong-ho-chi-minh,X01,Điểm học bạ,2025,26.17,"Chính trị học, chuyên ngành Tư tưởng Hồ Chí Minh"
82375,HBT,tu-tuong-ho-chi-minh,X02,Điểm học bạ,2025,26.17,"Chính trị học, chuyên ngành Tư tưởng Hồ Chí Minh"
82376,HBT,tu-tuong-ho-chi-minh,C03,Điểm thi THPT,2025,23.67,"Chính trị học, chuyên ngành Tư tưởng Hồ Chí Minh"
82377,HBT,tu-tuong-ho-chi-minh,D01,Điểm thi THPT,2025,23.17,"Chính trị học, chuyên ngành Tư tưởng Hồ Chí Minh"
82378,HBT,tu-tuong-ho-chi-minh,X01,Điểm thi THPT,2025,23.67,"Chính trị học, chuyên ngành Tư tưởng Hồ Chí Minh"
82379,HBT,tu-tuong-ho-chi-minh,X02,Điểm thi THPT,2025,23.17,"Chính trị học, chuyên ngành Tư tưởng Hồ Chí Minh"
82380,HBT,van-hoa-phat-trien,A16,Điểm học bạ,2021,7.9,"Chính trị học, chuyên ngành Văn hóa phát triển"
82381,HBT,van-hoa-phat-trien,C15,Điểm học bạ,2021,7.9,"Chính trị học, chuyên ngành Văn hóa phát triển"
82382,HBT,van-hoa-phat-trien,D01,Điểm học bạ,2021,7.9,"Chính trị học, chuyên ngành Văn hóa phát triển"
82383,HBT,van-hoa-phat-trien,R22,Điểm học bạ,2021,7.9,"Chính trị học, chuyên ngành Văn hóa phát triển"
82384,HBT,van-hoa-phat-trien,A16,Điểm thi THPT,2021,23.75,"Chính trị học, chuyên ngành Văn hóa phát triển"
82385,HBT,van-hoa-phat-trien,C15,Điểm thi THPT,2021,23.75,"Chính trị học, chuyên ngành Văn hóa phát triển"
82386,HBT,van-hoa-phat-trien,D01,Điểm thi THPT,2021,23.75,"Chính trị học, chuyên ngành Văn hóa phát triển"
82387,HBT,van-hoa-phat-trien,R22,Điểm thi THPT,2021,23.75,"Chính trị học, chuyên ngành Văn hóa phát triển"
82388,HBT,van-hoa-phat-trien,A16,Điểm học bạ,2022,8.37,"Chính trị học, chuyên ngành Văn hóa phát triển"
82389,HBT,van-hoa-phat-trien,C15,Điểm học bạ,2022,8.37,"Chính trị học, chuyên ngành Văn hóa phát triển"
82390,HBT,van-hoa-phat-trien,D01,Điểm học bạ,2022,8.37,"Chính trị học, chuyên ngành Văn hóa phát triển"
82391,HBT,van-hoa-phat-trien,R22,Điểm học bạ,2022,8.37,"Chính trị học, chuyên ngành Văn hóa phát triển"
82392,HBT,van-hoa-phat-trien,A16,Điểm thi THPT,2022,24.3,"Chính trị học, chuyên ngành Văn hóa phát triển"
82393,HBT,van-hoa-phat-trien,C15,Điểm thi THPT,2022,24.3,"Chính trị học, chuyên ngành Văn hóa phát triển"
82394,HBT,van-hoa-phat-trien,D01,Điểm thi THPT,2022,24.3,"Chính trị học, chuyên ngành Văn hóa phát triển"
82395,HBT,van-hoa-phat-trien,R22,Điểm thi THPT,2022,24.3,"Chính trị học, chuyên ngành Văn hóa phát triển"
82396,HBT,van-hoa-phat-trien,A16,Điểm học bạ,2023,8.66,Chính trị học. chuyên ngành Văn hóa phát triền
82397,HBT,van-hoa-phat-trien,C15,Điểm học bạ,2023,8.66,Chính trị học. chuyên ngành Văn hóa phát triền
82398,HBT,van-hoa-phat-trien,D01,Điểm học bạ,2023,8.66,Chính trị học. chuyên ngành Văn hóa phát triền
82399,HBT,van-hoa-phat-trien,R22,Điểm học bạ,2023,8.66,Chính trị học. chuyên ngành Văn hóa phát triền
82400,HBT,van-hoa-phat-trien,A16,Điểm thi THPT,2023,24.5,Chính trị học. chuyên ngành Văn hóa phát triền
82401,HBT,van-hoa-phat-trien,C15,Điểm thi THPT,2023,24.5,Chính trị học. chuyên ngành Văn hóa phát triền
82402,HBT,van-hoa-phat-trien,D01,Điểm thi THPT,2023,24.5,Chính trị học. chuyên ngành Văn hóa phát triền
82403,HBT,van-hoa-phat-trien,R22,Điểm thi THPT,2023,24.5,Chính trị học. chuyên ngành Văn hóa phát triền
82404,HBT,xa-hoi-hoc,A16,Điểm học bạ,2021,8.7,Xã hội học
82405,HBT,xa-hoi-hoc,C15,Điểm học bạ,2021,8.7,Xã hội học
82406,HBT,xa-hoi-hoc,D01,Điểm học bạ,2021,8.7,Xã hội học
82407,HBT,xa-hoi-hoc,R22,Điểm học bạ,2021,8.7,Xã hội học
82408,HBT,xa-hoi-hoc,A16,Điểm thi THPT,2021,24.4,Xã hội học
82409,HBT,xa-hoi-hoc,C15,Điểm thi THPT,2021,25.4,Xã hội học
82410,HBT,xa-hoi-hoc,D01,Điểm thi THPT,2021,24.9,Xã hội học
82411,HBT,xa-hoi-hoc,R22,Điểm thi THPT,2021,24.9,Xã hội học
82412,HBT,xa-hoi-hoc,A16,Điểm học bạ,2022,8.71,Xã hội học
82413,HBT,xa-hoi-hoc,C15,Điểm học bạ,2022,8.71,Xã hội học
82414,HBT,xa-hoi-hoc,D01,Điểm học bạ,2022,8.71,Xã hội học
82415,HBT,xa-hoi-hoc,R22,Điểm học bạ,2022,8.71,Xã hội học
82416,HBT,xa-hoi-hoc,A16,Điểm thi THPT,2022,24.46,Xã hội học
82417,HBT,xa-hoi-hoc,C15,Điểm thi THPT,2022,25.46,Xã hội học
82418,HBT,xa-hoi-hoc,D01,Điểm thi THPT,2022,24.96,Xã hội học
82419,HBT,xa-hoi-hoc,R22,Điểm thi THPT,2022,24.96,Xã hội học
82420,HBT,xa-hoi-hoc,A16,Điểm học bạ,2023,8.8,Xã hội học
82421,HBT,xa-hoi-hoc,C15,Điểm học bạ,2023,8.8,Xã hội học
82422,HBT,xa-hoi-hoc,D01,Điểm học bạ,2023,8.8,Xã hội học
82423,HBT,xa-hoi-hoc,R22,Điểm học bạ,2023,8.8,Xã hội học
82424,HBT,xa-hoi-hoc,A16,Điểm thi THPT,2023,24.85,Xã hội học
82425,HBT,xa-hoi-hoc,C15,Điểm thi THPT,2023,25.85,Xã hội học
82426,HBT,xa-hoi-hoc,D01,Điểm thi THPT,2023,25.35,Xã hội học
82427,HBT,xa-hoi-hoc,R22,Điểm thi THPT,2023,25.35,Xã hội học
82428,HBT,xa-hoi-hoc,A01,Điểm học bạ,2024,8.84,Xã hội học
82429,HBT,xa-hoi-hoc,A16,Điểm học bạ,2024,8.84,Xã hội học
82430,HBT,xa-hoi-hoc,C15,Điểm học bạ,2024,8.84,Xã hội học
82431,HBT,xa-hoi-hoc,D01,Điểm học bạ,2024,8.84,Xã hội học
82432,HBT,xa-hoi-hoc,A01,Điểm thi THPT,2024,25.8,Xã hội học
82433,HBT,xa-hoi-hoc,A16,Điểm thi THPT,2024,25.3,Xã hội học
82434,HBT,xa-hoi-hoc,C15,Điểm thi THPT,2024,26.3,Xã hội học
82435,HBT,xa-hoi-hoc,D01,Điểm thi THPT,2024,25.8,Xã hội học
82436,HBT,xa-hoi-hoc,C03,Điểm học bạ,2025,27.21,Xã hội học
82437,HBT,xa-hoi-hoc,D01,Điểm học bạ,2025,27.21,Xã hội học
82438,HBT,xa-hoi-hoc,X01,Điểm học bạ,2025,27.21,Xã hội học
82439,HBT,xa-hoi-hoc,X02,Điểm học bạ,2025,27.21,Xã hội học
82440,HBT,xa-hoi-hoc,C03,Điểm thi THPT,2025,24.94,Xã hội học
82441,HBT,xa-hoi-hoc,D01,Điểm thi THPT,2025,24.44,Xã hội học
82442,HBT,xa-hoi-hoc,X01,Điểm thi THPT,2025,24.94,Xã hội học
82443,HBT,xa-hoi-hoc,X02,Điểm thi THPT,2025,24.44,Xã hội học
82444,HBT,xay-dung-dang-va-chinh-quyen-nha-nuoc,A16,Điểm học bạ,2022,8.14,Xây dựng Đảng và chính quyền nhà nước
82445,HBT,xay-dung-dang-va-chinh-quyen-nha-nuoc,C15,Điểm học bạ,2022,8.14,Xây dựng Đảng và chính quyền nhà nước
82446,HBT,xay-dung-dang-va-chinh-quyen-nha-nuoc,D01,Điểm học bạ,2022,8.14,Xây dựng Đảng và chính quyền nhà nước
82447,HBT,xay-dung-dang-va-chinh-quyen-nha-nuoc,R22,Điểm học bạ,2022,8.14,Xây dựng Đảng và chính quyền nhà nước
82448,HBT,xay-dung-dang-va-chinh-quyen-nha-nuoc,A16,Điểm thi THPT,2022,22.88,Xây dựng Đảng và chính quyền nhà nước
82449,HBT,xay-dung-dang-va-chinh-quyen-nha-nuoc,C15,Điểm thi THPT,2022,23.88,Xây dựng Đảng và chính quyền nhà nước
82450,HBT,xay-dung-dang-va-chinh-quyen-nha-nuoc,D01,Điểm thi THPT,2022,23.38,Xây dựng Đảng và chính quyền nhà nước
82451,HBT,xay-dung-dang-va-chinh-quyen-nha-nuoc,R22,Điểm thi THPT,2022,23.38,Xây dựng Đảng và chính quyền nhà nước
82452,HBT,xay-dung-dang-va-chinh-quyen-nha-nuoc,A16,Điểm học bạ,2023,8.5,Xảy dựng Đảng và chính quyền nhà nước
82453,HBT,xay-dung-dang-va-chinh-quyen-nha-nuoc,C15,Điểm học bạ,2023,8.5,Xảy dựng Đảng và chính quyền nhà nước
82454,HBT,xay-dung-dang-va-chinh-quyen-nha-nuoc,D01,Điểm học bạ,2023,8.5,Xảy dựng Đảng và chính quyền nhà nước
82455,HBT,xay-dung-dang-va-chinh-quyen-nha-nuoc,R22,Điểm học bạ,2023,8.5,Xảy dựng Đảng và chính quyền nhà nước
82456,HBT,xay-dung-dang-va-chinh-quyen-nha-nuoc,A16,Điểm thi THPT,2023,23.31,Xây dựng Đảng và chính quyền nhà nước
82457,HBT,xay-dung-dang-va-chinh-quyen-nha-nuoc,C15,Điểm thi THPT,2023,24.31,Xây dựng Đảng và chính quyền nhà nước
82458,HBT,xay-dung-dang-va-chinh-quyen-nha-nuoc,D01,Điểm thi THPT,2023,23.81,Xây dựng Đảng và chính quyền nhà nước
82459,HBT,xay-dung-dang-va-chinh-quyen-nha-nuoc,R22,Điểm thi THPT,2023,23.81,Xây dựng Đảng và chính quyền nhà nước
82460,HBT,xay-dung-dang-va-chinh-quyen-nha-nuoc,A01,Điểm học bạ,2024,8.52,Xây dựng Đảng và chính quyền nhà nước
82461,HBT,xay-dung-dang-va-chinh-quyen-nha-nuoc,A16,Điểm học bạ,2024,8.52,Xây dựng Đảng và chính quyền nhà nước
82462,HBT,xay-dung-dang-va-chinh-quyen-nha-nuoc,C15,Điểm học bạ,2024,8.52,Xây dựng Đảng và chính quyền nhà nước
82463,HBT,xay-dung-dang-va-chinh-quyen-nha-nuoc,D01,Điểm học bạ,2024,8.52,Xây dựng Đảng và chính quyền nhà nước
82464,HBT,xay-dung-dang-va-chinh-quyen-nha-nuoc,A01,Điểm thi THPT,2024,25.18,Xây dựng Đảng và chính quyền nhà nước
82465,HBT,xay-dung-dang-va-chinh-quyen-nha-nuoc,A16,Điểm thi THPT,2024,24.68,Xây dựng Đảng và chính quyền nhà nước
82466,HBT,xay-dung-dang-va-chinh-quyen-nha-nuoc,C15,Điểm thi THPT,2024,25.43,Xây dựng Đảng và Chính quyền nhà nước
82467,HBT,xay-dung-dang-va-chinh-quyen-nha-nuoc,D01,Điểm thi THPT,2024,25.18,Xây dựng Đảng và chính quyền nhà nước
82468,HBT,xay-dung-dang-va-chinh-quyen-nha-nuoc,C03,Điểm học bạ,2025,26.18,Xây dựng Đảng và chính quyền nhà nước
82469,HBT,xay-dung-dang-va-chinh-quyen-nha-nuoc,D01,Điểm học bạ,2025,26.18,Xây dựng Đảng và chính quyền nhà nước
82470,HBT,xay-dung-dang-va-chinh-quyen-nha-nuoc,X01,Điểm học bạ,2025,26.18,Xây dựng Đảng và chính quyền nhà nước
82471,HBT,xay-dung-dang-va-chinh-quyen-nha-nuoc,X02,Điểm học bạ,2025,26.18,Xây dựng Đảng và chính quyền nhà nước
82472,HBT,xay-dung-dang-va-chinh-quyen-nha-nuoc,C03,Điểm thi THPT,2025,23.68,Xây dựng Đảng và chính quyền nhà nước
82473,HBT,xay-dung-dang-va-chinh-quyen-nha-nuoc,D01,Điểm thi THPT,2025,23.18,Xây dựng Đảng và chính quyền nhà nước
82474,HBT,xay-dung-dang-va-chinh-quyen-nha-nuoc,X01,Điểm thi THPT,2025,23.68,Xây dựng Đảng và chính quyền nhà nước
82475,HBT,xay-dung-dang-va-chinh-quyen-nha-nuoc,X02,Điểm thi THPT,2025,23.18,Xây dựng Đảng và chính quyền nhà nước
82476,HBT,xuat-ban-dien-tu,A16,Điểm học bạ,2021,8.8,"Xuất bản, chuyên ngành Xuất bản điện tử"
82477,HBT,xuat-ban-dien-tu,C15,Điểm học bạ,2021,8.8,"Xuất bản, chuyên ngành Xuất bản điện tử"
82478,HBT,xuat-ban-dien-tu,D01,Điểm học bạ,2021,8.8,"Xuất bản, chuyên ngành Xuất bản điện tử"
82479,HBT,xuat-ban-dien-tu,R22,Điểm học bạ,2021,8.8,"Xuất bản, chuyên ngành Xuất bản điện tử"
82480,HBT,xuat-ban-dien-tu,A16,Điểm thi THPT,2021,24.9,"Xuất bản, chuyên ngành Xuất bản điện tử"
82481,HBT,xuat-ban-dien-tu,C15,Điểm thi THPT,2021,25.9,"Xuất bản, chuyên ngành Xuất bản điện tử"
82482,HBT,xuat-ban-dien-tu,D01,Điểm thi THPT,2021,25.4,"Xuất bản, chuyên ngành Xuất bản điện tử"
82483,HBT,xuat-ban-dien-tu,R22,Điểm thi THPT,2021,25.4,"Xuất bản, chuyên ngành Xuất bản điện tử"
82484,HBT,xuat-ban-dien-tu,A16,Điểm học bạ,2022,8.85,"Xuất bản, chuyên ngành Xuất bản điện tử"
82485,HBT,xuat-ban-dien-tu,C15,Điểm học bạ,2022,8.85,"Xuất bản, chuyên ngành Xuất bản điện tử"
82486,HBT,xuat-ban-dien-tu,D01,Điểm học bạ,2022,8.85,"Xuất bản, chuyên ngành Xuất bản điện tử"
82487,HBT,xuat-ban-dien-tu,R22,Điểm học bạ,2022,8.85,"Xuất bản, chuyên ngành Xuất bản điện tử"
82488,HBT,xuat-ban-dien-tu,A16,Điểm thi THPT,2022,25.03,"Xuất bản, chuyên ngành Xuất bản điện tử"
82489,HBT,xuat-ban-dien-tu,C15,Điểm thi THPT,2022,26.03,"Xuất bản, chuyên ngành Xuất bản điện tử"
82490,HBT,xuat-ban-dien-tu,D01,Điểm thi THPT,2022,25.53,"Xuất bản, chuyên ngành Xuất bản điện tử"
82491,HBT,xuat-ban-dien-tu,R22,Điểm thi THPT,2022,25.53,"Xuất bản, chuyên ngành Xuất bản điện tử"
82492,HBT,xuat-ban-dien-tu,A16,Điểm học bạ,2023,9.0,"Xuất bản, chuyên ngành Xuất bản điện tử"
82493,HBT,xuat-ban-dien-tu,C15,Điểm học bạ,2023,9.0,"Xuất bản, chuyên ngành Xuất bản điện tử"
82494,HBT,xuat-ban-dien-tu,D01,Điểm học bạ,2023,9.0,"Xuất bản, chuyên ngành Xuất bản điện tử"
82495,HBT,xuat-ban-dien-tu,R22,Điểm học bạ,2023,9.0,"Xuất bản, chuyên ngành Xuất bản điện tử"
82496,HBT,xuat-ban-dien-tu,A16,Điểm thi THPT,2023,25.0,"Xuất bản, chuyên ngành Xuất bản điện tử"
82497,HBT,xuat-ban-dien-tu,C15,Điểm thi THPT,2023,26.0,"Xuất bản, chuyên ngành Xuất bản điện tử"
82498,HBT,xuat-ban-dien-tu,D01,Điểm thi THPT,2023,25.5,"Xuất bản, chuyên ngành Xuất bản điện tử"
82499,HBT,xuat-ban-dien-tu,R22,Điểm thi THPT,2023,25.5,"Xuất bản, chuyên ngành Xuất bản điện tử"
82500,HBT,xuat-ban-dien-tu,A01,Điểm học bạ,2024,9.02,"Xuất bản, chuyên ngành Xuất bản điện tử"
82501,HBT,xuat-ban-dien-tu,A16,Điểm học bạ,2024,9.02,"Xuất bản, chuyên ngành Xuất bản điện tử"
82502,HBT,xuat-ban-dien-tu,C15,Điểm học bạ,2024,9.02,"Xuất bản, chuyên ngành Xuất bản điện tử"
82503,HBT,xuat-ban-dien-tu,D01,Điểm học bạ,2024,9.02,"Xuất bản, chuyên ngành Xuất bản điện tử"
82504,HBT,xuat-ban-dien-tu,A01,Điểm thi THPT,2024,26.27,"Xuất bản, chuyên ngành Xuất bản điện tử"
82505,HBT,xuat-ban-dien-tu,A16,Điểm thi THPT,2024,25.77,"Xuất bản, chuyên ngành Xuất bản điện tử"
82506,HBT,xuat-ban-dien-tu,C15,Điểm thi THPT,2024,26.77,"Xuất bản, chuyên ngành Xuất bản điện tử"
82507,HBT,xuat-ban-dien-tu,D01,Điểm thi THPT,2024,26.27,"Xuất bản, chuyên ngành Xuất bản điện tử"
82508,HBT,xuat-ban-dien-tu,D01,Điểm học bạ,2025,36.51,"Xuất bản, chuyên ngành Xuất bản điện tử"
82509,HBT,xuat-ban-dien-tu,D14,Điểm học bạ,2025,36.51,"Xuất bản, chuyên ngành Xuất bản điện tử"
82510,HBT,xuat-ban-dien-tu,X78,Điểm học bạ,2025,36.51,"Xuất bản, chuyên ngành Xuất bản điện tử"
82511,HBT,xuat-ban-dien-tu,X79,Điểm học bạ,2025,36.51,"Xuất bản, chuyên ngành Xuất bản điện tử"
82512,HBT,xuat-ban-dien-tu,D01,Điểm thi THPT,2025,33.69,"Xuất bản, chuyên ngành Xuất bản điện tử"
82513,HBT,xuat-ban-dien-tu,D14,Điểm thi THPT,2025,34.44,"Xuất bản, chuyên ngành Xuất bản điện tử"
82514,HBT,xuat-ban-dien-tu,X78,Điểm thi THPT,2025,34.69,"Xuất bản, chuyên ngành Xuất bản điện tử"
82515,HBT,xuat-ban-dien-tu,X79,Điểm thi THPT,2025,34.19,"Xuất bản, chuyên ngành Xuất bản điện tử"
82516,HCA,xay-dung-dang-va-chinh-quyen-nha-nuoc,A01,Điểm thi THPT,2023,24.94,Xây dựng Đảng và chính quyền nhà nước
82517,HCA,xay-dung-dang-va-chinh-quyen-nha-nuoc,C00,Điểm thi THPT,2023,24.94,Xây dựng Đảng và chính quyền nhà nước
82518,HCA,xay-dung-dang-va-chinh-quyen-nha-nuoc,C03,Điểm thi THPT,2023,24.94,Xây dựng Đảng và chính quyền nhà nước
82519,HCA,xay-dung-dang-va-chinh-quyen-nha-nuoc,D01,Điểm thi THPT,2023,24.94,Xây dựng Đảng và chính quyền nhà nước
82520,HCA,xay-dung-dang-va-chinh-quyen-nha-nuoc,A01,Điểm thi THPT,2024,23.96,Xây dựng Đảng và chính quyền nhà nước
82521,HCA,xay-dung-dang-va-chinh-quyen-nha-nuoc,C00,Điểm thi THPT,2024,23.96,Xây dựng Đảng và chính quyền nhà nước
82522,HCA,xay-dung-dang-va-chinh-quyen-nha-nuoc,C03,Điểm thi THPT,2024,23.96,Xây dựng Đảng và chính quyền nhà nước
82523,HCA,xay-dung-dang-va-chinh-quyen-nha-nuoc,D01,Điểm thi THPT,2024,23.96,Xây dựng Đảng và chính quyền nhà nước
82524,HCA,xay-dung-dang-va-chinh-quyen-nha-nuoc,A01,Điểm thi THPT,2025,22.51,"Xây dựng Đảng và chính quyền nhà nước (Thí sinh Nam, miền Bắc)"
82525,HCA,xay-dung-dang-va-chinh-quyen-nha-nuoc,C00,Điểm thi THPT,2025,22.51,"Xây dựng Đảng và chính quyền nhà nước (Thí sinh Nam, miền Bắc)"
82526,HCA,xay-dung-dang-va-chinh-quyen-nha-nuoc,C03,Điểm thi THPT,2025,22.51,"Xây dựng Đảng và chính quyền nhà nước (Thí sinh Nam, miền Bắc)"
82527,HCA,xay-dung-dang-va-chinh-quyen-nha-nuoc,D01,Điểm thi THPT,2025,22.51,"Xây dựng Đảng và chính quyền nhà nước (Thí sinh Nam, miền Bắc)"
82528,HCA,xay-dung-dang-va-chinh-quyen-nha-nuoc,X02,Điểm thi THPT,2025,22.51,"Xây dựng Đảng và chính quyền nhà nước (Thí sinh Nam, miền Bắc)"
82529,HCA,xay-dung-dang-va-chinh-quyen-nha-nuoc,X03,Điểm thi THPT,2025,22.51,"Xây dựng Đảng và chính quyền nhà nước (Thí sinh Nam, miền Bắc)"
82530,HCA,xay-dung-dang-va-chinh-quyen-nha-nuoc,X04,Điểm thi THPT,2025,22.51,"Xây dựng Đảng và chính quyền nhà nước (Thí sinh Nam, miền Bắc)"
82531,HCA,xay-dung-luc-luong-cand,A01,Điểm thi THPT,2021,26.28,Xây dựng lực lượng CAND
82532,HCA,xay-dung-luc-luong-cand,C00,Điểm thi THPT,2021,28.38,Xây dựng lực lượng CAND
82533,HCA,xay-dung-luc-luong-cand,C03,Điểm thi THPT,2021,27.88,Xây dựng lực lượng CAND
82534,HCA,xay-dung-luc-luong-cand,D01,Điểm thi THPT,2021,25.01,Xây dựng lực lượng CAND
82535,HCA,xay-dung-luc-luong-cand,A01,Điểm thi THPT,2022,22.86,Xây dựng lực lượng CAND
82536,HCA,xay-dung-luc-luong-cand,C00,Điểm thi THPT,2022,26.26,Xây dựng lực lượng CAND
82537,HCA,xay-dung-luc-luong-cand,C03,Điểm thi THPT,2022,24.41,Xây dựng lực lượng CAND
82538,HCA,xay-dung-luc-luong-cand,D01,Điểm thi THPT,2022,24.72,Xây dựng lực lượng CAND
82539,HCB,ky-thuat-cand,A00,Điểm thi THPT,2021,27.34,Nhóm ngành Kỹ thuật CAND
82540,HCB,ky-thuat-cand,A01,Điểm thi THPT,2021,27.98,Nhóm ngành Kỹ thuật CAND
82541,HCB,ky-thuat-cand,A00,Điểm thi THPT,2022,21.84,Ngành Kỹ thuật CAND
82542,HCB,ky-thuat-cand,A01,Điểm thi THPT,2022,19.3,Ngành Kỹ thuật CAND
82543,HCB,ky-thuat-dien-tu-vien-thong,A00,Điểm thi THPT,2025,20.33,Kỹ thuật Điện tử - Viễn thông
82544,HCB,ky-thuat-dien-tu-vien-thong,A01,Điểm thi THPT,2025,20.33,Kỹ thuật Điện tử - Viễn thông
82545,HCB,ky-thuat-dien-tu-vien-thong,D01,Điểm thi THPT,2025,20.33,Kỹ thuật Điện tử - Viễn thông
82546,HCB,ky-thuat-dien-tu-vien-thong,X26,Điểm thi THPT,2025,20.33,Kỹ thuật Điện tử - Viễn thông
82547,HCB,ky-thuat-dien-tu-vien-thong,X27,Điểm thi THPT,2025,20.33,Kỹ thuật Điện tử - Viễn thông
82548,HCB,ky-thuat-dien-tu-vien-thong,X28,Điểm thi THPT,2025,20.33,Kỹ thuật Điện tử - Viễn thông
82549,HCB,ky-thuat-hau-can,A00,Điểm thi THPT,2023,21.75,Nhóm ngành Kỹ thuật - Hậu cần
82550,HCB,ky-thuat-hau-can,A01,Điểm thi THPT,2023,21.75,Nhóm ngành Kỹ thuật - Hậu cần
82551,HCB,ky-thuat-hau-can,D01,Điểm thi THPT,2023,21.75,Nhóm ngành Kỹ thuật - Hậu cần
82552,HCB,ky-thuat-hau-can,A00,Điểm thi THPT,2024,21.07,Nhóm ngành Kỹ thuật - Hậu cần
82553,HCB,ky-thuat-hau-can,A01,Điểm thi THPT,2024,21.07,Nhóm ngành Kỹ thuật - Hậu cần
82554,HCB,ky-thuat-hau-can,D01,Điểm thi THPT,2024,21.07,Nhóm ngành Kỹ thuật - Hậu cần
82555,HCB,ky-thuat-hau-can,A00,Điểm thi THPT,2025,21.7,"Nhóm ngành Kỹ thuật - Hậu cần (Thí sinh Nam, miền Bắc)"
82556,HCB,ky-thuat-hau-can,A01,Điểm thi THPT,2025,21.7,"Nhóm ngành Kỹ thuật - Hậu cần (Thí sinh Nam, miền Bắc)"
82557,HCB,ky-thuat-hau-can,D01,Điểm thi THPT,2025,21.7,"Nhóm ngành Kỹ thuật - Hậu cần (Thí sinh Nam, miền Bắc)"
82558,HCB,ky-thuat-hau-can,X26,Điểm thi THPT,2025,21.7,"Nhóm ngành Kỹ thuật - Hậu cần (Thí sinh Nam, miền Bắc)"
82559,HCB,ky-thuat-hau-can,X27,Điểm thi THPT,2025,21.7,"Nhóm ngành Kỹ thuật - Hậu cần (Thí sinh Nam, miền Bắc)"
82560,HCB,ky-thuat-hau-can,X28,Điểm thi THPT,2025,21.7,"Nhóm ngành Kỹ thuật - Hậu cần (Thí sinh Nam, miền Bắc)"
82561,HCB,y-khoa,A00,Điểm thi THPT,2025,23.49,Y Khoa
82562,HCB,y-khoa,A01,Điểm thi THPT,2025,23.49,Y Khoa
82563,HCB,y-khoa,B00,Điểm thi THPT,2025,23.49,Y Khoa
82564,HCB,y-khoa,B08,Điểm thi THPT,2025,23.49,Y Khoa
82565,HCB,y-khoa,D07,Điểm thi THPT,2025,23.49,Y Khoa
82566,HCH,chinh-sach-cong-thuoc-nganh-chinh-tri-hoc,C00,Điểm học bạ,2025,23.35,Chuyên ngành Chính sách công thuộc ngành Chính trị học
82567,HCH,chinh-sach-cong-thuoc-nganh-chinh-tri-hoc,C04,Điểm học bạ,2025,23.35,Chuyên ngành Chính sách công thuộc ngành Chính trị học
82568,HCH,chinh-sach-cong-thuoc-nganh-chinh-tri-hoc,D01,Điểm học bạ,2025,23.35,Chuyên ngành Chính sách công thuộc ngành Chính trị học
82569,HCH,chinh-sach-cong-thuoc-nganh-chinh-tri-hoc,X01,Điểm học bạ,2025,23.35,Chuyên ngành Chính sách công thuộc ngành Chính trị học
82570,HCH,chinh-sach-cong-thuoc-nganh-chinh-tri-hoc,X74,Điểm học bạ,2025,23.35,Chuyên ngành Chính sách công thuộc ngành Chính trị học
82571,HCH,chinh-sach-cong-thuoc-nganh-chinh-tri-hoc,C00,Điểm thi THPT,2025,25.35,Chuyên ngành Chính sách công thuộc ngành Chính trị học
82572,HCH,chinh-sach-cong-thuoc-nganh-chinh-tri-hoc,C04,Điểm thi THPT,2025,23.35,Chuyên ngành Chính sách công thuộc ngành Chính trị học
82573,HCH,chinh-sach-cong-thuoc-nganh-chinh-tri-hoc,D01,Điểm thi THPT,2025,23.35,Chuyên ngành Chính sách công thuộc ngành Chính trị học
82574,HCH,chinh-sach-cong-thuoc-nganh-chinh-tri-hoc,X01,Điểm thi THPT,2025,25.35,Chuyên ngành Chính sách công thuộc ngành Chính trị học
82575,HCH,chinh-sach-cong-thuoc-nganh-chinh-tri-hoc,X74,Điểm thi THPT,2025,25.35,Chuyên ngành Chính sách công thuộc ngành Chính trị học
82576,HCH,chinh-tri-hoc,C00,Điểm thi THPT,2023,22.25,Chính trị học
82577,HCH,chinh-tri-hoc,C14,Điểm thi THPT,2023,23.25,Chính trị học
82578,HCH,chinh-tri-hoc,C20,Điểm thi THPT,2023,23.25,Chính trị học
82579,HCH,chinh-tri-hoc,D01,Điểm thi THPT,2023,21.25,Chính trị học
82580,HCH,chinh-tri-hoc,C00,Điểm học bạ,2024,27.5,Chính trị học
82581,HCH,chinh-tri-hoc,C14,Điểm học bạ,2024,28.5,Chính trị học
82582,HCH,chinh-tri-hoc,C20,Điểm học bạ,2024,28.5,Chính trị học
82583,HCH,chinh-tri-hoc,D01,Điểm học bạ,2024,25.5,Chính trị học
82584,HCH,chinh-tri-hoc,C00,Điểm thi THPT,2024,26.05,Chính trị học
82585,HCH,chinh-tri-hoc,C14,Điểm thi THPT,2024,27.05,Chính trị học
82586,HCH,chinh-tri-hoc,C20,Điểm thi THPT,2024,27.05,Chính trị học
82587,HCH,chinh-tri-hoc,D01,Điểm thi THPT,2024,24.05,Chính trị học
82588,HCH,chinh-tri-hoc,C00,Điểm học bạ,2025,23.35,Chính trị học
82589,HCH,chinh-tri-hoc,C04,Điểm học bạ,2025,23.35,Chính trị học
82590,HCH,chinh-tri-hoc,D01,Điểm học bạ,2025,23.35,Chính trị học
82591,HCH,chinh-tri-hoc,X01,Điểm học bạ,2025,23.35,Chính trị học
82592,HCH,chinh-tri-hoc,X74,Điểm học bạ,2025,23.35,Chính trị học
82593,HCH,chinh-tri-hoc,C00,Điểm thi THPT,2025,25.35,Chính trị học
82594,HCH,chinh-tri-hoc,C04,Điểm thi THPT,2025,23.35,Chính trị học
82595,HCH,chinh-tri-hoc,D01,Điểm thi THPT,2025,23.35,Chính trị học
82596,HCH,chinh-tri-hoc,X01,Điểm thi THPT,2025,25.35,Chính trị học
82597,HCH,chinh-tri-hoc,X74,Điểm thi THPT,2025,25.35,Chính trị học
82598,HCH,he-thong-thong-tin,A00,Điểm thi THPT,2023,22.6,Hệ thống thông tin
82599,HCH,he-thong-thong-tin,A01,Điểm thi THPT,2023,22.6,Hệ thống thông tin
82600,HCH,he-thong-thong-tin,D01,Điểm thi THPT,2023,22.6,Hệ thống thông tin
82601,HCH,he-thong-thong-tin,D10,Điểm thi THPT,2023,22.6,Hệ thống thông tin
82602,HCH,he-thong-thong-tin,A00,Điểm học bạ,2024,27.25,Hệ thống thông tin
82603,HCH,he-thong-thong-tin,A01,Điểm học bạ,2024,27.25,Hệ thống thông tin
82604,HCH,he-thong-thong-tin,D01,Điểm học bạ,2024,27.25,Hệ thống thông tin
82605,HCH,he-thong-thong-tin,D10,Điểm học bạ,2024,27.25,Hệ thống thông tin
82606,HCH,he-thong-thong-tin,A00,Điểm thi THPT,2024,23.9,Hệ thống thông tin
82607,HCH,he-thong-thong-tin,A01,Điểm thi THPT,2024,23.9,Hệ thống thông tin
82608,HCH,he-thong-thong-tin,D01,Điểm thi THPT,2024,23.9,Hệ thống thông tin
82609,HCH,he-thong-thong-tin,D10,Điểm thi THPT,2024,23.9,Hệ thống thông tin
82610,HCH,he-thong-thong-tin,A00,Điểm học bạ,2025,19.75,Hệ thống thông tin
82611,HCH,he-thong-thong-tin,A01,Điểm học bạ,2025,19.75,Hệ thống thông tin
82612,HCH,he-thong-thong-tin,D01,Điểm học bạ,2025,19.75,Hệ thống thông tin
82613,HCH,he-thong-thong-tin,X06,Điểm học bạ,2025,19.75,Hệ thống thông tin
82614,HCH,he-thong-thong-tin,X26,Điểm học bạ,2025,19.75,Hệ thống thông tin
82615,HCH,he-thong-thong-tin,A00,Điểm thi THPT,2025,19.75,Hệ thống thông tin
82616,HCH,he-thong-thong-tin,A01,Điểm thi THPT,2025,19.75,Hệ thống thông tin
82617,HCH,he-thong-thong-tin,D01,Điểm thi THPT,2025,19.75,Hệ thống thông tin
82618,HCH,he-thong-thong-tin,X06,Điểm thi THPT,2025,19.75,Hệ thống thông tin
82619,HCH,he-thong-thong-tin,X26,Điểm thi THPT,2025,19.75,Hệ thống thông tin
82620,HCH,he-thong-thong-tin-thuong-mai-dien-tu-thuoc-nganh-he-thong-thong-tin,A00,Điểm học bạ,2025,19.75,Chuyên ngành Hệ thống thông tin thương mại điện tử thuộc ngành Hệ thống thông tin
82621,HCH,he-thong-thong-tin-thuong-mai-dien-tu-thuoc-nganh-he-thong-thong-tin,A01,Điểm học bạ,2025,19.75,Chuyên ngành Hệ thống thông tin thương mại điện tử thuộc ngành Hệ thống thông tin
82622,HCH,he-thong-thong-tin-thuong-mai-dien-tu-thuoc-nganh-he-thong-thong-tin,D01,Điểm học bạ,2025,19.75,Chuyên ngành Hệ thống thông tin thương mại điện tử thuộc ngành Hệ thống thông tin
82623,HCH,he-thong-thong-tin-thuong-mai-dien-tu-thuoc-nganh-he-thong-thong-tin,X06,Điểm học bạ,2025,19.75,Chuyên ngành Hệ thống thông tin thương mại điện tử thuộc ngành Hệ thống thông tin
82624,HCH,he-thong-thong-tin-thuong-mai-dien-tu-thuoc-nganh-he-thong-thong-tin,X26,Điểm học bạ,2025,19.75,Chuyên ngành Hệ thống thông tin thương mại điện tử thuộc ngành Hệ thống thông tin
82625,HCH,he-thong-thong-tin-thuong-mai-dien-tu-thuoc-nganh-he-thong-thong-tin,A00,Điểm thi THPT,2025,19.75,Chuyên ngành Hệ thống thông tin thương mại điện tử thuộc ngành Hệ thống thông tin
82626,HCH,he-thong-thong-tin-thuong-mai-dien-tu-thuoc-nganh-he-thong-thong-tin,A01,Điểm thi THPT,2025,19.75,Chuyên ngành Hệ thống thông tin thương mại điện tử thuộc ngành Hệ thống thông tin
82627,HCH,he-thong-thong-tin-thuong-mai-dien-tu-thuoc-nganh-he-thong-thong-tin,D01,Điểm thi THPT,2025,19.75,Chuyên ngành Hệ thống thông tin thương mại điện tử thuộc ngành Hệ thống thông tin
82628,HCH,he-thong-thong-tin-thuong-mai-dien-tu-thuoc-nganh-he-thong-thong-tin,X06,Điểm thi THPT,2025,19.75,Chuyên ngành Hệ thống thông tin thương mại điện tử thuộc ngành Hệ thống thông tin
82629,HCH,he-thong-thong-tin-thuong-mai-dien-tu-thuoc-nganh-he-thong-thong-tin,X26,Điểm thi THPT,2025,19.75,Chuyên ngành Hệ thống thông tin thương mại điện tử thuộc ngành Hệ thống thông tin
82630,HCH,kinh-te,A00,Điểm thi THPT,2023,23.6,Kinh tế
82631,HCH,kinh-te,A01,Điểm thi THPT,2023,23.6,Kinh tế
82632,HCH,kinh-te,A07,Điểm thi THPT,2023,23.6,Kinh tế
82633,HCH,kinh-te,D01,Điểm thi THPT,2023,23.6,Kinh tế
82634,HCH,kinh-te,A00,Điểm học bạ,2024,18.0,Kinh tế
82635,HCH,kinh-te,A01,Điểm học bạ,2024,18.0,Kinh tế
82636,HCH,kinh-te,A07,Điểm học bạ,2024,18.0,Kinh tế
82637,HCH,kinh-te,D01,Điểm học bạ,2024,18.0,Kinh tế
82638,HCH,kinh-te,A00,Điểm thi THPT,2024,16.0,Kinh tế
82639,HCH,kinh-te,A01,Điểm thi THPT,2024,16.0,Kinh tế
82640,HCH,kinh-te,A07,Điểm thi THPT,2024,16.0,Kinh tế
82641,HCH,kinh-te,D01,Điểm thi THPT,2024,16.0,Kinh tế
82642,HCH,kinh-te,A00,Điểm học bạ,2025,16.0,Kinh tế
82643,HCH,kinh-te,A01,Điểm học bạ,2025,16.0,Kinh tế
82644,HCH,kinh-te,A07,Điểm học bạ,2025,16.0,Kinh tế
82645,HCH,kinh-te,C01,Điểm học bạ,2025,16.0,Kinh tế
82646,HCH,kinh-te,D01,Điểm học bạ,2025,16.0,Kinh tế
82647,HCH,kinh-te,A00,Điểm thi THPT,2025,16.0,Kinh tế
82648,HCH,kinh-te,A01,Điểm thi THPT,2025,16.0,Kinh tế
82649,HCH,kinh-te,A07,Điểm thi THPT,2025,16.0,Kinh tế
82650,HCH,kinh-te,C01,Điểm thi THPT,2025,16.0,Kinh tế
82651,HCH,kinh-te,D01,Điểm thi THPT,2025,16.0,Kinh tế
82652,HCH,kinh-te-du-lich-thuoc-nganh-kinh-te,A00,Điểm học bạ,2025,23.5,Chuyên ngành Kinh tế du lịch thuộc ngành Kinh tể
82653,HCH,kinh-te-du-lich-thuoc-nganh-kinh-te,A01,Điểm học bạ,2025,23.5,Chuyên ngành Kinh tế du lịch thuộc ngành Kinh tể
82654,HCH,kinh-te-du-lich-thuoc-nganh-kinh-te,A07,Điểm học bạ,2025,23.5,Chuyên ngành Kinh tế du lịch thuộc ngành Kinh tể
82655,HCH,kinh-te-du-lich-thuoc-nganh-kinh-te,C01,Điểm học bạ,2025,23.5,Chuyên ngành Kinh tế du lịch thuộc ngành Kinh tể
82656,HCH,kinh-te-du-lich-thuoc-nganh-kinh-te,D01,Điểm học bạ,2025,23.5,Chuyên ngành Kinh tế du lịch thuộc ngành Kinh tể
82657,HCH,kinh-te-du-lich-thuoc-nganh-kinh-te,A00,Điểm thi THPT,2025,23.5,Chuyên ngành Kinh tế du lịch thuộc ngành Kinh tể
82658,HCH,kinh-te-du-lich-thuoc-nganh-kinh-te,A01,Điểm thi THPT,2025,23.5,Chuyên ngành Kinh tế du lịch thuộc ngành Kinh tể
82659,HCH,kinh-te-du-lich-thuoc-nganh-kinh-te,A07,Điểm thi THPT,2025,23.5,Chuyên ngành Kinh tế du lịch thuộc ngành Kinh tể
82660,HCH,kinh-te-du-lich-thuoc-nganh-kinh-te,C01,Điểm thi THPT,2025,23.5,Chuyên ngành Kinh tế du lịch thuộc ngành Kinh tể
82661,HCH,kinh-te-du-lich-thuoc-nganh-kinh-te,D01,Điểm thi THPT,2025,23.5,Chuyên ngành Kinh tế du lịch thuộc ngành Kinh tể
82662,HCH,luat,A00,Điểm thi THPT,2023,23.65,Luật
82663,HCH,luat,A01,Điểm thi THPT,2023,23.65,Luật
82664,HCH,luat,C00,Điểm thi THPT,2023,26.65,Luật
82665,HCH,luat,D01,Điểm thi THPT,2023,23.65,Luật
82666,HCH,luat,A00,Điểm học bạ,2024,28.25,Luật
82667,HCH,luat,A01,Điểm học bạ,2024,28.25,Luật
82668,HCH,luat,C00,Điểm học bạ,2024,20.0,Luật
82669,HCH,luat,C20,Điểm học bạ,2024,21.0,Luật
82670,HCH,luat,D01,Điểm học bạ,2024,28.25,Luật
82671,HCH,luat,A00,Điểm thi THPT,2024,24.8,Luật
82672,HCH,luat,A01,Điểm thi THPT,2024,24.8,Luật
82673,HCH,luat,C00,Điểm thi THPT,2024,27.8,Luật
82674,HCH,luat,C20,Điểm thi THPT,2024,23.45,Luật
82675,HCH,luat,D01,Điểm thi THPT,2024,24.8,Luật
82676,HCH,luat,A00,Điểm học bạ,2025,24.2,Luật
82677,HCH,luat,A01,Điểm học bạ,2025,24.2,Luật
82678,HCH,luat,C00,Điểm học bạ,2025,24.2,Luật
82679,HCH,luat,D01,Điểm học bạ,2025,24.2,Luật
82680,HCH,luat,X01,Điểm học bạ,2025,21.0,Luật
82681,HCH,luat,X21,Điểm học bạ,2025,24.2,Luật
82682,HCH,luat,X74,Điểm học bạ,2025,21.0,Luật
82683,HCH,luat,A00,Điểm thi THPT,2025,24.2,Luật
82684,HCH,luat,A01,Điểm thi THPT,2025,24.2,Luật
82685,HCH,luat,C00,Điểm thi THPT,2025,26.7,Luật
82686,HCH,luat,D01,Điểm thi THPT,2025,24.2,Luật
82687,HCH,luat,X01,Điểm thi THPT,2025,21.0,Luật
82688,HCH,luat,X21,Điểm thi THPT,2025,24.2,Luật
82689,HCH,luat,X74,Điểm thi THPT,2025,21.0,Luật
82690,HCH,luu-tru-hoc,C00,Điểm thi THPT,2023,20.75,Lưu trữ học
82691,HCH,luu-tru-hoc,C19,Điểm thi THPT,2023,21.75,Lưu trữ học
82692,HCH,luu-tru-hoc,C20,Điểm thi THPT,2023,21.75,Lưu trữ học
82693,HCH,luu-tru-hoc,D01,Điểm thi THPT,2023,18.75,Lưu trữ học
82694,HCH,luu-tru-hoc,C00,Điểm học bạ,2024,27.0,Lưu trữ học
82695,HCH,luu-tru-hoc,C19,Điểm học bạ,2024,28.0,Lưu trữ học
82696,HCH,luu-tru-hoc,C20,Điểm học bạ,2024,28.0,Lưu trữ học
82697,HCH,luu-tru-hoc,D01,Điểm học bạ,2024,25.0,Lưu trữ học
82698,HCH,luu-tru-hoc,C00,Điểm thi THPT,2024,25.25,Lưu trữ học
82699,HCH,luu-tru-hoc,C19,Điểm thi THPT,2024,26.25,Lưu trữ học
82700,HCH,luu-tru-hoc,C20,Điểm thi THPT,2024,26.25,Lưu trữ học
82701,HCH,luu-tru-hoc,D01,Điểm thi THPT,2024,23.25,Lưu trữ học
82702,HCH,luu-tru-hoc,C00,Điểm học bạ,2025,23.0,Lưu trữ học
82703,HCH,luu-tru-hoc,C03,Điểm học bạ,2025,23.0,Lưu trữ học
82704,HCH,luu-tru-hoc,D01,Điểm học bạ,2025,23.0,Lưu trữ học
82705,HCH,luu-tru-hoc,X70,Điểm học bạ,2025,23.0,Lưu trữ học
82706,HCH,luu-tru-hoc,X74,Điểm học bạ,2025,23.0,Lưu trữ học
82707,HCH,luu-tru-hoc,C00,Điểm thi THPT,2025,23.0,Lưu trữ học
82708,HCH,luu-tru-hoc,C03,Điểm thi THPT,2025,23.0,Lưu trữ học
82709,HCH,luu-tru-hoc,D01,Điểm thi THPT,2025,23.0,Lưu trữ học
82710,HCH,luu-tru-hoc,X70,Điểm thi THPT,2025,23.0,Lưu trữ học
82711,HCH,luu-tru-hoc,X74,Điểm thi THPT,2025,23.0,Lưu trữ học
82712,HCH,ngon-ngu-anh,D01,Điểm thi THPT,2023,24.0,Ngôn ngữ Anh
82713,HCH,ngon-ngu-anh,D14,Điểm thi THPT,2023,24.0,Ngôn ngữ Anh
82714,HCH,ngon-ngu-anh,D15,Điểm thi THPT,2023,24.0,Ngôn ngữ Anh
82715,HCH,ngon-ngu-anh,D01,Điểm học bạ,2024,27.75,Ngôn ngữ Anh
82716,HCH,ngon-ngu-anh,D14,Điểm học bạ,2024,27.75,Ngôn ngữ Anh
82717,HCH,ngon-ngu-anh,D15,Điểm học bạ,2024,27.75,Ngôn ngữ Anh
82718,HCH,ngon-ngu-anh,D01,Điểm thi THPT,2024,26.5,Ngôn ngữ Anh
82719,HCH,ngon-ngu-anh,D14,Điểm thi THPT,2024,26.5,Ngôn ngữ Anh
82720,HCH,ngon-ngu-anh,D15,Điểm thi THPT,2024,26.5,Ngôn ngữ Anh
82721,HCH,ngon-ngu-anh,D01,Điểm học bạ,2025,24.0,Ngôn ngữ Anh
82722,HCH,ngon-ngu-anh,D10,Điểm học bạ,2025,24.0,Ngôn ngữ Anh
82723,HCH,ngon-ngu-anh,D14,Điểm học bạ,2025,24.0,Ngôn ngữ Anh
82724,HCH,ngon-ngu-anh,D15,Điểm học bạ,2025,24.0,Ngôn ngữ Anh
82725,HCH,ngon-ngu-anh,D01,Điểm thi THPT,2025,24.0,Ngôn ngữ Anh
82726,HCH,ngon-ngu-anh,D10,Điểm thi THPT,2025,24.0,Ngôn ngữ Anh
82727,HCH,ngon-ngu-anh,D14,Điểm thi THPT,2025,24.0,Ngôn ngữ Anh
82728,HCH,ngon-ngu-anh,D15,Điểm thi THPT,2025,24.0,Ngôn ngữ Anh
82729,HCH,ouan-ly-van-hoa,C00,Điểm thi THPT,2023,23.25,Ọuản lý văn hóa
82730,HCH,ouan-ly-van-hoa,D01,Điểm thi THPT,2023,21.25,Ọuản lý văn hóa
82731,HCH,ouan-ly-van-hoa,D14,Điểm thi THPT,2023,21.25,Ọuản lý văn hóa
82732,HCH,ouan-ly-van-hoa,D15,Điểm thi THPT,2023,21.25,Ọuản lý văn hóa
82733,HCH,quan-ly-di-san-van-hoa-va-phat-trien-du-lich-thuoc-nganh-quan-ly-van-hoa,C00,Điểm học bạ,2025,23.55,Chuyên ngành Quản lý di sản văn hóa và phát triển du lịch thuộc ngành Quản lý văn hóa
82734,HCH,quan-ly-di-san-van-hoa-va-phat-trien-du-lich-thuoc-nganh-quan-ly-van-hoa,D01,Điểm học bạ,2025,23.55,Chuyên ngành Quản lý di sản văn hóa và phát triển du lịch thuộc ngành Quản lý văn hóa
82735,HCH,quan-ly-di-san-van-hoa-va-phat-trien-du-lich-thuoc-nganh-quan-ly-van-hoa,D14,Điểm học bạ,2025,23.55,Chuyên ngành Quản lý di sản văn hóa và phát triển du lịch thuộc ngành Quản lý văn hóa
82736,HCH,quan-ly-di-san-van-hoa-va-phat-trien-du-lich-thuoc-nganh-quan-ly-van-hoa,D15,Điểm học bạ,2025,23.55,Chuyên ngành Quản lý di sản văn hóa và phát triển du lịch thuộc ngành Quản lý văn hóa
82737,HCH,quan-ly-di-san-van-hoa-va-phat-trien-du-lich-thuoc-nganh-quan-ly-van-hoa,X74,Điểm học bạ,2025,23.55,Chuyên ngành Quản lý di sản văn hóa và phát triển du lịch thuộc ngành Quản lý văn hóa
82738,HCH,quan-ly-di-san-van-hoa-va-phat-trien-du-lich-thuoc-nganh-quan-ly-van-hoa,C00,Điểm thi THPT,2025,25.55,Chuyên ngành Quản lý di sản văn hóa và phát triển du lịch thuộc ngành Quản lý văn hóa
82739,HCH,quan-ly-di-san-van-hoa-va-phat-trien-du-lich-thuoc-nganh-quan-ly-van-hoa,D01,Điểm thi THPT,2025,23.55,Chuyên ngành Quản lý di sản văn hóa và phát triển du lịch thuộc ngành Quản lý văn hóa
82740,HCH,quan-ly-di-san-van-hoa-va-phat-trien-du-lich-thuoc-nganh-quan-ly-van-hoa,D14,Điểm thi THPT,2025,23.55,Chuyên ngành Quản lý di sản văn hóa và phát triển du lịch thuộc ngành Quản lý văn hóa
82741,HCH,quan-ly-di-san-van-hoa-va-phat-trien-du-lich-thuoc-nganh-quan-ly-van-hoa,D15,Điểm thi THPT,2025,23.55,Chuyên ngành Quản lý di sản văn hóa và phát triển du lịch thuộc ngành Quản lý văn hóa
82742,HCH,quan-ly-di-san-van-hoa-va-phat-trien-du-lich-thuoc-nganh-quan-ly-van-hoa,X74,Điểm thi THPT,2025,25.55,Chuyên ngành Quản lý di sản văn hóa và phát triển du lịch thuộc ngành Quản lý văn hóa
82743,HCH,quan-ly-nha-nuoc,A01,Điểm thi THPT,2023,21.65,Quản lý nhà nước
82744,HCH,quan-ly-nha-nuoc,C00,Điểm thi THPT,2023,23.65,Quản lý nhà nước
82745,HCH,quan-ly-nha-nuoc,C20,Điểm thi THPT,2023,24.65,Quản lý nhà nước
82746,HCH,quan-ly-nha-nuoc,D01,Điểm thi THPT,2023,21.65,Quản lý nhà nước
82747,HCH,quan-ly-nha-nuoc,A01,Điểm học bạ,2024,27.0,Quản lý nhà nước
82748,HCH,quan-ly-nha-nuoc,C00,Điểm học bạ,2024,29.0,Quản lý nhà nước
82749,HCH,quan-ly-nha-nuoc,C20,Điểm học bạ,2024,19.0,Quản lý nhà nước
82750,HCH,quan-ly-nha-nuoc,D01,Điểm học bạ,2024,27.0,Quản lý nhà nước
82751,HCH,quan-ly-nha-nuoc,D15,Điểm học bạ,2024,27.0,Quản lý nhà nước
82752,HCH,quan-ly-nha-nuoc,A01,Điểm thi THPT,2024,24.4,Quản lý nhà nước
82753,HCH,quan-ly-nha-nuoc,C00,Điểm thi THPT,2024,26.4,Quản lý nhà nước
82754,HCH,quan-ly-nha-nuoc,C20,Điểm thi THPT,2024,23.0,Quản lý nhà nước
82755,HCH,quan-ly-nha-nuoc,D01,Điểm thi THPT,2024,24.4,Quản lý nhà nước
82756,HCH,quan-ly-nha-nuoc,D15,Điểm thi THPT,2024,24.4,Quản lý nhà nước
82757,HCH,quan-ly-nha-nuoc,A01,Điểm học bạ,2025,23.75,Quản lý nhà nước
82758,HCH,quan-ly-nha-nuoc,C00,Điểm học bạ,2025,23.75,Quản lý nhà nước
82759,HCH,quan-ly-nha-nuoc,D01,Điểm học bạ,2025,23.75,Quản lý nhà nước
82760,HCH,quan-ly-nha-nuoc,D14,Điểm học bạ,2025,23.75,Quản lý nhà nước
82761,HCH,quan-ly-nha-nuoc,D15,Điểm học bạ,2025,23.75,Quản lý nhà nước
82762,HCH,quan-ly-nha-nuoc,X01,Điểm học bạ,2025,16.0,Quản lý nhà nước
82763,HCH,quan-ly-nha-nuoc,X74,Điểm học bạ,2025,16.0,Quản lý nhà nước
82764,HCH,quan-ly-nha-nuoc,A01,Điểm thi THPT,2025,23.75,Quản lý nhà nước
82765,HCH,quan-ly-nha-nuoc,C00,Điểm thi THPT,2025,25.75,Quản lý nhà nước
82766,HCH,quan-ly-nha-nuoc,D01,Điểm thi THPT,2025,23.75,Quản lý nhà nước
82767,HCH,quan-ly-nha-nuoc,D14,Điểm thi THPT,2025,23.75,Quản lý nhà nước
82768,HCH,quan-ly-nha-nuoc,D15,Điểm thi THPT,2025,23.75,Quản lý nhà nước
82769,HCH,quan-ly-nha-nuoc,X01,Điểm thi THPT,2025,16.0,Quản lý nhà nước
82770,HCH,quan-ly-nha-nuoc,X74,Điểm thi THPT,2025,17.0,Quản lý nhà nước
82771,HCH,quan-ly-van-hoa,C00,Điểm học bạ,2024,28.0,Quản lý văn hóa
82772,HCH,quan-ly-van-hoa,D01,Điểm học bạ,2024,26.0,Quản lý văn hóa
82773,HCH,quan-ly-van-hoa,D14,Điểm học bạ,2024,26.0,Quản lý văn hóa
82774,HCH,quan-ly-van-hoa,D15,Điểm học bạ,2024,26.0,Quản lý văn hóa
82775,HCH,quan-ly-van-hoa,C00,Điểm thi THPT,2024,26.3,Quản lý văn hóa
82776,HCH,quan-ly-van-hoa,D01,Điểm thi THPT,2024,24.3,Quản lý văn hóa
82777,HCH,quan-ly-van-hoa,D14,Điểm thi THPT,2024,24.3,Quản lý văn hóa
82778,HCH,quan-ly-van-hoa,D15,Điểm thi THPT,2024,24.3,Quản lý văn hóa
82779,HCH,quan-ly-van-hoa,C00,Điểm học bạ,2025,23.55,Quản lý văn hóa
82780,HCH,quan-ly-van-hoa,D01,Điểm học bạ,2025,23.55,Quản lý văn hóa
82781,HCH,quan-ly-van-hoa,D14,Điểm học bạ,2025,23.55,Quản lý văn hóa
82782,HCH,quan-ly-van-hoa,D15,Điểm học bạ,2025,23.55,Quản lý văn hóa
82783,HCH,quan-ly-van-hoa,X74,Điểm học bạ,2025,23.55,Quản lý văn hóa
82784,HCH,quan-ly-van-hoa,C00,Điểm thi THPT,2025,25.55,Quản lý văn hóa
82785,HCH,quan-ly-van-hoa,D01,Điểm thi THPT,2025,23.55,Quản lý văn hóa
82786,HCH,quan-ly-van-hoa,D14,Điểm thi THPT,2025,23.55,Quản lý văn hóa
82787,HCH,quan-ly-van-hoa,D15,Điểm thi THPT,2025,23.55,Quản lý văn hóa
82788,HCH,quan-ly-van-hoa,X74,Điểm thi THPT,2025,25.55,Quản lý văn hóa
82789,HCH,quan-tri-dich-vu-du-lich-va-lu-hanh,C00,Điểm thi THPT,2023,25.25,Quản trị dịch vụ du lịch và lữ hành
82790,HCH,quan-tri-dich-vu-du-lich-va-lu-hanh,D01,Điểm thi THPT,2023,23.25,Quản trị dịch vụ du lịch và lữ hành
82791,HCH,quan-tri-dich-vu-du-lich-va-lu-hanh,D14,Điểm thi THPT,2023,23.25,Quản trị dịch vụ du lịch và lữ hành
82792,HCH,quan-tri-dich-vu-du-lich-va-lu-hanh,D15,Điểm thi THPT,2023,23.25,Quản trị dịch vụ du lịch và lữ hành
82793,HCH,quan-tri-dich-vu-du-lich-va-lu-hanh,C00,Điểm học bạ,2024,29.0,Quản trị dịch vụ du lịch và lữ hành
82794,HCH,quan-tri-dich-vu-du-lich-va-lu-hanh,D01,Điểm học bạ,2024,27.0,Quản trị dịch vụ du lịch và lữ hành
82795,HCH,quan-tri-dich-vu-du-lich-va-lu-hanh,D14,Điểm học bạ,2024,27.0,Quản trị dịch vụ du lịch và lữ hành
82796,HCH,quan-tri-dich-vu-du-lich-va-lu-hanh,D15,Điểm học bạ,2024,27.0,Quản trị dịch vụ du lịch và lữ hành
82797,HCH,quan-tri-dich-vu-du-lich-va-lu-hanh,C00,Điểm thi THPT,2024,27.2,Quản trị dịch vụ du lịch và lữ hành
82798,HCH,quan-tri-dich-vu-du-lich-va-lu-hanh,D01,Điểm thi THPT,2024,25.2,Quản trị dịch vụ du lịch và lữ hành
82799,HCH,quan-tri-dich-vu-du-lich-va-lu-hanh,D14,Điểm thi THPT,2024,25.2,Quản trị dịch vụ du lịch và lữ hành
82800,HCH,quan-tri-dich-vu-du-lich-va-lu-hanh,D15,Điểm thi THPT,2024,25.2,Quản trị dịch vụ du lịch và lữ hành
82801,HCH,quan-tri-dich-vu-du-lich-va-lu-hanh,C00,Điểm học bạ,2025,16.0,Quản trị dịch vụ du lịch và lữ hành
82802,HCH,quan-tri-dich-vu-du-lich-va-lu-hanh,D01,Điểm học bạ,2025,16.0,Quản trị dịch vụ du lịch và lữ hành
82803,HCH,quan-tri-dich-vu-du-lich-va-lu-hanh,D14,Điểm học bạ,2025,16.0,Quản trị dịch vụ du lịch và lữ hành
82804,HCH,quan-tri-dich-vu-du-lich-va-lu-hanh,D15,Điểm học bạ,2025,16.0,Quản trị dịch vụ du lịch và lữ hành
82805,HCH,quan-tri-dich-vu-du-lich-va-lu-hanh,X74,Điểm học bạ,2025,16.0,Quản trị dịch vụ du lịch và lữ hành
82806,HCH,quan-tri-dich-vu-du-lich-va-lu-hanh,C00,Điểm thi THPT,2025,16.0,Quản trị dịch vụ du lịch và lữ hành
82807,HCH,quan-tri-dich-vu-du-lich-va-lu-hanh,D01,Điểm thi THPT,2025,24.4,Quản trị dịch vụ du lịch và lữ hành
82808,HCH,quan-tri-dich-vu-du-lich-va-lu-hanh,D14,Điểm thi THPT,2025,24.4,Quản trị dịch vụ du lịch và lữ hành
82809,HCH,quan-tri-dich-vu-du-lich-va-lu-hanh,D15,Điểm thi THPT,2025,24.4,Quản trị dịch vụ du lịch và lữ hành
82810,HCH,quan-tri-dich-vu-du-lich-va-lu-hanh,X74,Điểm thi THPT,2025,17.0,Quản trị dịch vụ du lịch và lữ hành
82811,HCH,quan-tri-nhan-luc,A00,Điểm thi THPT,2023,23.35,Quản trị nhân lực
82812,HCH,quan-tri-nhan-luc,A01,Điểm thi THPT,2023,23.35,Quản trị nhân lực
82813,HCH,quan-tri-nhan-luc,C00,Điểm thi THPT,2023,26.35,Quản trị nhân lực
82814,HCH,quan-tri-nhan-luc,D01,Điểm thi THPT,2023,23.35,Quản trị nhân lực
82815,HCH,quan-tri-nhan-luc,A00,Điểm học bạ,2024,28.25,Quản trị nhân lực
82816,HCH,quan-tri-nhan-luc,A01,Điểm học bạ,2024,28.25,Quản trị nhân lực
82817,HCH,quan-tri-nhan-luc,C00,Điểm học bạ,2024,18.0,Quản trị nhân lực
82818,HCH,quan-tri-nhan-luc,C20,Điểm học bạ,2024,19.0,Quản trị nhân lực
82819,HCH,quan-tri-nhan-luc,D01,Điểm học bạ,2024,28.25,Quản trị nhân lực
82820,HCH,quan-tri-nhan-luc,A00,Điểm thi THPT,2024,24.8,Quản trị nhân lực
82821,HCH,quan-tri-nhan-luc,A01,Điểm thi THPT,2024,24.8,Quản trị nhân lực
82822,HCH,quan-tri-nhan-luc,C00,Điểm thi THPT,2024,27.8,Quản trị nhân lực
82823,HCH,quan-tri-nhan-luc,C20,Điểm thi THPT,2024,23.5,Quản trị nhân lực
82824,HCH,quan-tri-nhan-luc,D01,Điểm thi THPT,2024,24.8,Quản trị nhân lực
82825,HCH,quan-tri-nhan-luc,A00,Điểm học bạ,2025,24.2,Quản trị nhân lực
82826,HCH,quan-tri-nhan-luc,A01,Điểm học bạ,2025,24.2,Quản trị nhân lực
82827,HCH,quan-tri-nhan-luc,C00,Điểm học bạ,2025,24.2,Quản trị nhân lực
82828,HCH,quan-tri-nhan-luc,D01,Điểm học bạ,2025,24.2,Quản trị nhân lực
82829,HCH,quan-tri-nhan-luc,D15,Điểm học bạ,2025,24.2,Quản trị nhân lực
82830,HCH,quan-tri-nhan-luc,X01,Điểm học bạ,2025,18.0,Quản trị nhân lực
82831,HCH,quan-tri-nhan-luc,X74,Điểm học bạ,2025,18.0,Quản trị nhân lực
82832,HCH,quan-tri-nhan-luc,A00,Điểm thi THPT,2025,24.2,Quản trị nhân lực
82833,HCH,quan-tri-nhan-luc,A01,Điểm thi THPT,2025,24.2,Quản trị nhân lực
82834,HCH,quan-tri-nhan-luc,C00,Điểm thi THPT,2025,26.2,Quản trị nhân lực
82835,HCH,quan-tri-nhan-luc,D01,Điểm thi THPT,2025,24.2,Quản trị nhân lực
82836,HCH,quan-tri-nhan-luc,D15,Điểm thi THPT,2025,24.2,Quản trị nhân lực
82837,HCH,quan-tri-nhan-luc,X01,Điểm thi THPT,2025,18.0,Quản trị nhân lực
82838,HCH,quan-tri-nhan-luc,X74,Điểm thi THPT,2025,19.0,Quản trị nhân lực
82839,HCH,quan-tri-thong-tin-thuoc-nganh-thong-tin-thu-vien,A01,Điểm học bạ,2025,22.35,Chuyên ngành Quản trị thông tin thuộc ngành Thông tin - thư viện
82840,HCH,quan-tri-thong-tin-thuoc-nganh-thong-tin-thu-vien,C00,Điểm học bạ,2025,22.35,Chuyên ngành Quản trị thông tin thuộc ngành Thông tin - thư viện
82841,HCH,quan-tri-thong-tin-thuoc-nganh-thong-tin-thu-vien,D01,Điểm học bạ,2025,22.35,Chuyên ngành Quản trị thông tin thuộc ngành Thông tin - thư viện
82842,HCH,quan-tri-thong-tin-thuoc-nganh-thong-tin-thu-vien,X70,Điểm học bạ,2025,22.35,Chuyên ngành Quản trị thông tin thuộc ngành Thông tin - thư viện
82843,HCH,quan-tri-thong-tin-thuoc-nganh-thong-tin-thu-vien,A01,Điểm thi THPT,2025,22.35,Chuyên ngành Quản trị thông tin thuộc ngành Thông tin - thư viện
82844,HCH,quan-tri-thong-tin-thuoc-nganh-thong-tin-thu-vien,C00,Điểm thi THPT,2025,24.35,Chuyên ngành Quản trị thông tin thuộc ngành Thông tin - thư viện
82845,HCH,quan-tri-thong-tin-thuoc-nganh-thong-tin-thu-vien,D01,Điểm thi THPT,2025,22.35,Chuyên ngành Quản trị thông tin thuộc ngành Thông tin - thư viện
82846,HCH,quan-tri-thong-tin-thuoc-nganh-thong-tin-thu-vien,X70,Điểm thi THPT,2025,24.35,Chuyên ngành Quản trị thông tin thuộc ngành Thông tin - thư viện
82847,HCH,quan-tri-thong-tin-thuoc-nganh-thong-tin-thu-vien,X74,Điểm thi THPT,2025,24.35,Chuyên ngành Quản trị thông tin thuộc ngành Thông tin - thư viện
82848,HCH,quan-tri-van-phong,A01,Điểm thi THPT,2023,22.7,Quản trị văn phòng
82849,HCH,quan-tri-van-phong,C00,Điểm thi THPT,2023,24.7,Quản trị văn phòng
82850,HCH,quan-tri-van-phong,C20,Điểm thi THPT,2023,25.7,Quản trị văn phòng
82851,HCH,quan-tri-van-phong,D01,Điểm thi THPT,2023,22.7,Quản trị văn phòng
82852,HCH,quan-tri-van-phong,A00,Điểm học bạ,2024,18.0,Quản trị văn phòng
82853,HCH,quan-tri-van-phong,A01,Điểm học bạ,2024,27.5,Quản trị văn phòng
82854,HCH,quan-tri-van-phong,C00,Điểm học bạ,2024,18.0,Quản trị văn phòng
82855,HCH,quan-tri-van-phong,C20,Điểm học bạ,2024,19.0,Quản trị văn phòng
82856,HCH,quan-tri-van-phong,D01,Điểm học bạ,2024,27.5,Quản trị văn phòng
82857,HCH,quan-tri-van-phong,D14,Điểm học bạ,2024,27.5,Quản trị văn phòng
82858,HCH,quan-tri-van-phong,A00,Điểm thi THPT,2024,20.5,Quản trị văn phòng
82859,HCH,quan-tri-van-phong,A01,Điểm thi THPT,2024,25.1,Quản trị văn phòng
82860,HCH,quan-tri-van-phong,C00,Điểm thi THPT,2024,27.1,Quản trị văn phòng
82861,HCH,quan-tri-van-phong,C20,Điểm thi THPT,2024,21.5,Quản trị văn phòng
82862,HCH,quan-tri-van-phong,D01,Điểm thi THPT,2024,25.1,Quản trị văn phòng
82863,HCH,quan-tri-van-phong,D14,Điểm thi THPT,2024,25.1,Quản trị văn phòng
82864,HCH,quan-tri-van-phong,A00,Điểm học bạ,2025,24.05,Quản trị văn phòng
82865,HCH,quan-tri-van-phong,A01,Điểm học bạ,2025,24.05,Quản trị văn phòng
82866,HCH,quan-tri-van-phong,C00,Điểm học bạ,2025,24.05,Quản trị văn phòng
82867,HCH,quan-tri-van-phong,D01,Điểm học bạ,2025,24.05,Quản trị văn phòng
82868,HCH,quan-tri-van-phong,D14,Điểm học bạ,2025,24.05,Quản trị văn phòng
82869,HCH,quan-tri-van-phong,X01,Điểm học bạ,2025,16.0,Quản trị văn phòng
82870,HCH,quan-tri-van-phong,X74,Điểm học bạ,2025,16.0,Quản trị văn phòng
82871,HCH,quan-tri-van-phong,A00,Điểm thi THPT,2025,24.05,Quản trị văn phòng
82872,HCH,quan-tri-van-phong,A01,Điểm thi THPT,2025,24.05,Quản trị văn phòng
82873,HCH,quan-tri-van-phong,C00,Điểm thi THPT,2025,26.05,Quản trị văn phòng
82874,HCH,quan-tri-van-phong,D01,Điểm thi THPT,2025,24.05,Quản trị văn phòng
82875,HCH,quan-tri-van-phong,D14,Điểm thi THPT,2025,24.05,Quản trị văn phòng
82876,HCH,quan-tri-van-phong,X01,Điểm thi THPT,2025,16.0,Quản trị văn phòng
82877,HCH,quan-tri-van-phong,X74,Điểm thi THPT,2025,17.0,Quản trị văn phòng
82878,HCH,thanh-tra-thuoc-nganh-luat,A00,Điểm học bạ,2025,24.2,Chuyên ngành Thanh tra thuộc ngành Luật
82879,HCH,thanh-tra-thuoc-nganh-luat,A01,Điểm học bạ,2025,24.2,Chuyên ngành Thanh tra thuộc ngành Luật
82880,HCH,thanh-tra-thuoc-nganh-luat,C00,Điểm học bạ,2025,24.2,Chuyên ngành Thanh tra thuộc ngành Luật
82881,HCH,thanh-tra-thuoc-nganh-luat,D01,Điểm học bạ,2025,24.2,Chuyên ngành Thanh tra thuộc ngành Luật
82882,HCH,thanh-tra-thuoc-nganh-luat,X01,Điểm học bạ,2025,21.0,Chuyên ngành Thanh tra thuộc ngành Luật
82883,HCH,thanh-tra-thuoc-nganh-luat,X21,Điểm học bạ,2025,24.2,Chuyên ngành Thanh tra thuộc ngành Luật
82884,HCH,thanh-tra-thuoc-nganh-luat,A00,Điểm thi THPT,2025,24.2,Chuyên ngành Thanh tra thuộc ngành Luật
82885,HCH,thanh-tra-thuoc-nganh-luat,A01,Điểm thi THPT,2025,24.2,Chuyên ngành Thanh tra thuộc ngành Luật
82886,HCH,thanh-tra-thuoc-nganh-luat,C00,Điểm thi THPT,2025,26.0,Chuyên ngành Thanh tra thuộc ngành Luật
82887,HCH,thanh-tra-thuoc-nganh-luat,D01,Điểm thi THPT,2025,24.2,Chuyên ngành Thanh tra thuộc ngành Luật
82888,HCH,thanh-tra-thuoc-nganh-luat,X01,Điểm thi THPT,2025,21.0,Chuyên ngành Thanh tra thuộc ngành Luật
82889,HCH,thanh-tra-thuoc-nganh-luat,X21,Điểm thi THPT,2025,24.2,Chuyên ngành Thanh tra thuộc ngành Luật
82890,HCH,thanh-tra-thuoc-nganh-luat,X74,Điểm thi THPT,2025,22.0,Chuyên ngành Thanh tra thuộc ngành Luật
82891,HCH,thong-tin-thu-vien,C00,Điểm thi THPT,2023,21.5,Thông tin - thư viện
82892,HCH,thong-tin-thu-vien,C19,Điểm thi THPT,2023,22.5,Thông tin - thư viện
82893,HCH,thong-tin-thu-vien,C20,Điểm thi THPT,2023,22.5,Thông tin - thư viện
82894,HCH,thong-tin-thu-vien,D01,Điểm thi THPT,2023,19.5,Thông tin - thư viện
82895,HCH,thong-tin-thu-vien,A01,Điểm học bạ,2024,25.5,Thông tin - thư viện
82896,HCH,thong-tin-thu-vien,C00,Điểm học bạ,2024,27.5,Thông tin - thư viện
82897,HCH,thong-tin-thu-vien,C20,Điểm học bạ,2024,28.5,Thông tin - thư viện
82898,HCH,thong-tin-thu-vien,D01,Điểm học bạ,2024,25.5,Thông tin - thư viện
82899,HCH,thong-tin-thu-vien,A01,Điểm thi THPT,2024,23.6,Thông tin – thư viện
82900,HCH,thong-tin-thu-vien,C00,Điểm thi THPT,2024,25.6,Thông tin – thư viện
82901,HCH,thong-tin-thu-vien,C20,Điểm thi THPT,2024,26.6,Thông tin – thư viện
82902,HCH,thong-tin-thu-vien,D01,Điểm thi THPT,2024,23.6,Thông tin – thư viện
82903,HCH,thong-tin-thu-vien,A01,Điểm học bạ,2025,22.35,Thông tin - thư viện
82904,HCH,thong-tin-thu-vien,C00,Điểm học bạ,2025,22.35,Thông tin - thư viện
82905,HCH,thong-tin-thu-vien,D01,Điểm học bạ,2025,22.35,Thông tin - thư viện
82906,HCH,thong-tin-thu-vien,X70,Điểm học bạ,2025,22.35,Thông tin - thư viện
82907,HCH,thong-tin-thu-vien,X74,Điểm học bạ,2025,22.35,Thông tin - thư viện
82908,HCH,thong-tin-thu-vien,A01,Điểm thi THPT,2025,22.35,Thông tin - thư viện
82909,HCH,thong-tin-thu-vien,C00,Điểm thi THPT,2025,24.35,Thông tin - thư viện
82910,HCH,thong-tin-thu-vien,D01,Điểm thi THPT,2025,22.35,Thông tin - thư viện
82911,HCH,thong-tin-thu-vien,X70,Điểm thi THPT,2025,24.35,Thông tin - thư viện
82912,HCH,thong-tin-thu-vien,X74,Điểm thi THPT,2025,24.35,Thông tin - thư viện
82913,HCH,thu-ky-van-phong-doanh-nghiep-thuoc-nganh-quan-tri-van-phong,A00,Điểm học bạ,2025,24.05,Chuyên ngành Thư ký văn phòng doanh nghiệp thuộc ngành Quản trị văn phòng
82914,HCH,thu-ky-van-phong-doanh-nghiep-thuoc-nganh-quan-tri-van-phong,A01,Điểm học bạ,2025,24.05,Chuyên ngành Thư ký văn phòng doanh nghiệp thuộc ngành Quản trị văn phòng
82915,HCH,thu-ky-van-phong-doanh-nghiep-thuoc-nganh-quan-tri-van-phong,C00,Điểm học bạ,2025,24.05,Chuyên ngành Thư ký văn phòng doanh nghiệp thuộc ngành Quản trị văn phòng
82916,HCH,thu-ky-van-phong-doanh-nghiep-thuoc-nganh-quan-tri-van-phong,D01,Điểm học bạ,2025,24.05,Chuyên ngành Thư ký văn phòng doanh nghiệp thuộc ngành Quản trị văn phòng
82917,HCH,thu-ky-van-phong-doanh-nghiep-thuoc-nganh-quan-tri-van-phong,D14,Điểm học bạ,2025,24.05,Chuyên ngành Thư ký văn phòng doanh nghiệp thuộc ngành Quản trị văn phòng
82918,HCH,thu-ky-van-phong-doanh-nghiep-thuoc-nganh-quan-tri-van-phong,A00,Điểm thi THPT,2025,24.05,Chuyên ngành Thư ký văn phòng doanh nghiệp thuộc ngành Quản trị văn phòng
82919,HCH,thu-ky-van-phong-doanh-nghiep-thuoc-nganh-quan-tri-van-phong,A01,Điểm thi THPT,2025,24.05,Chuyên ngành Thư ký văn phòng doanh nghiệp thuộc ngành Quản trị văn phòng
82920,HCH,thu-ky-van-phong-doanh-nghiep-thuoc-nganh-quan-tri-van-phong,C00,Điểm thi THPT,2025,26.05,Chuyên ngành Thư ký văn phòng doanh nghiệp thuộc ngành Quản trị văn phòng
82921,HCH,thu-ky-van-phong-doanh-nghiep-thuoc-nganh-quan-tri-van-phong,D01,Điểm thi THPT,2025,24.05,Chuyên ngành Thư ký văn phòng doanh nghiệp thuộc ngành Quản trị văn phòng
82922,HCH,thu-ky-van-phong-doanh-nghiep-thuoc-nganh-quan-tri-van-phong,D14,Điểm thi THPT,2025,24.05,Chuyên ngành Thư ký văn phòng doanh nghiệp thuộc ngành Quản trị văn phòng
82923,HCH,van-hoa-du-lich-thuoc-nganh-van-hoa-hoc,C00,Điểm học bạ,2025,23.9,Chuyên ngành Văn hóa Du lịch thuộc ngành Văn hóa học
82924,HCH,van-hoa-du-lich-thuoc-nganh-van-hoa-hoc,D01,Điểm học bạ,2025,23.9,Chuyên ngành Văn hóa Du lịch thuộc ngành Văn hóa học
82925,HCH,van-hoa-du-lich-thuoc-nganh-van-hoa-hoc,D14,Điểm học bạ,2025,23.9,Chuyên ngành Văn hóa Du lịch thuộc ngành Văn hóa học
82926,HCH,van-hoa-du-lich-thuoc-nganh-van-hoa-hoc,D15,Điểm học bạ,2025,23.9,Chuyên ngành Văn hóa Du lịch thuộc ngành Văn hóa học
82927,HCH,van-hoa-du-lich-thuoc-nganh-van-hoa-hoc,X74,Điểm học bạ,2025,23.9,Chuyên ngành Văn hóa Du lịch thuộc ngành Văn hóa học
82928,HCH,van-hoa-du-lich-thuoc-nganh-van-hoa-hoc,C00,Điểm thi THPT,2025,25.9,Chuyên ngành Văn hóa Du lịch thuộc ngành Văn hóa học
82929,HCH,van-hoa-du-lich-thuoc-nganh-van-hoa-hoc,D01,Điểm thi THPT,2025,23.9,Chuyên ngành Văn hóa Du lịch thuộc ngành Văn hóa học
82930,HCH,van-hoa-du-lich-thuoc-nganh-van-hoa-hoc,D14,Điểm thi THPT,2025,23.9,Chuyên ngành Văn hóa Du lịch thuộc ngành Văn hóa học
82931,HCH,van-hoa-du-lich-thuoc-nganh-van-hoa-hoc,D15,Điểm thi THPT,2025,23.9,Chuyên ngành Văn hóa Du lịch thuộc ngành Văn hóa học
82932,HCH,van-hoa-du-lich-thuoc-nganh-van-hoa-hoc,X74,Điểm thi THPT,2025,25.9,Chuyên ngành Văn hóa Du lịch thuộc ngành Văn hóa học
82933,HCH,van-hoa-hoc,C00,Điểm thi THPT,2023,24.6,Văn hóa học
82934,HCH,van-hoa-hoc,D01,Điểm thi THPT,2023,22.6,Văn hóa học
82935,HCH,van-hoa-hoc,D14,Điểm thi THPT,2023,22.6,Văn hóa học
82936,HCH,van-hoa-hoc,D15,Điểm thi THPT,2023,22.6,Văn hóa học
82937,HCH,van-hoa-hoc,C00,Điểm học bạ,2024,28.75,Văn hóa học
82938,HCH,van-hoa-hoc,D01,Điểm học bạ,2024,26.75,Văn hóa học
82939,HCH,van-hoa-hoc,D14,Điểm học bạ,2024,26.75,Văn hóa học
82940,HCH,van-hoa-hoc,D15,Điểm học bạ,2024,26.75,Văn hóa học
82941,HCH,van-hoa-hoc,C00,Điểm thi THPT,2024,26.8,Văn hóa học
82942,HCH,van-hoa-hoc,D01,Điểm thi THPT,2024,24.8,Văn hóa học
82943,HCH,van-hoa-hoc,D14,Điểm thi THPT,2024,24.8,Văn hóa học
82944,HCH,van-hoa-hoc,D15,Điểm thi THPT,2024,24.8,Văn hóa học
82945,HCH,van-hoa-truyen-thong-thuoc-nganh-van-hoa-hoc,C00,Điểm học bạ,2025,23.9,Chuyên ngành Văn hóa Truyền thông thuộc ngành Văn hóa học
82946,HCH,van-hoa-truyen-thong-thuoc-nganh-van-hoa-hoc,D01,Điểm học bạ,2025,23.9,Chuyên ngành Văn hóa Truyền thông thuộc ngành Văn hóa học
82947,HCH,van-hoa-truyen-thong-thuoc-nganh-van-hoa-hoc,D14,Điểm học bạ,2025,23.9,Chuyên ngành Văn hóa Truyền thông thuộc ngành Văn hóa học
82948,HCH,van-hoa-truyen-thong-thuoc-nganh-van-hoa-hoc,D15,Điểm học bạ,2025,23.9,Chuyên ngành Văn hóa Truyền thông thuộc ngành Văn hóa học
82949,HCH,van-hoa-truyen-thong-thuoc-nganh-van-hoa-hoc,X74,Điểm học bạ,2025,23.9,Chuyên ngành Văn hóa Truyền thông thuộc ngành Văn hóa học
82950,HCH,van-hoa-truyen-thong-thuoc-nganh-van-hoa-hoc,C00,Điểm thi THPT,2025,25.9,Chuyên ngành Văn hóa Truyền thông thuộc ngành Văn hóa học
82951,HCH,van-hoa-truyen-thong-thuoc-nganh-van-hoa-hoc,D01,Điểm thi THPT,2025,23.9,Chuyên ngành Văn hóa Truyền thông thuộc ngành Văn hóa học
82952,HCH,van-hoa-truyen-thong-thuoc-nganh-van-hoa-hoc,D14,Điểm thi THPT,2025,23.9,Chuyên ngành Văn hóa Truyền thông thuộc ngành Văn hóa học
82953,HCH,van-hoa-truyen-thong-thuoc-nganh-van-hoa-hoc,D15,Điểm thi THPT,2025,23.9,Chuyên ngành Văn hóa Truyền thông thuộc ngành Văn hóa học
82954,HCH,van-hoa-truyen-thong-thuoc-nganh-van-hoa-hoc,X74,Điểm thi THPT,2025,25.9,Chuyên ngành Văn hóa Truyền thông thuộc ngành Văn hóa học
82955,HCH,van-thu-luu-tru-thuoc-nganh-luu-tru-hoc,C00,Điểm học bạ,2025,23.0,Chuyên ngành Văn thư - Lưu trữ thuộc ngành Lưu trữ học
82956,HCH,van-thu-luu-tru-thuoc-nganh-luu-tru-hoc,C03,Điểm học bạ,2025,23.0,Chuyên ngành Văn thư - Lưu trữ thuộc ngành Lưu trữ học
82957,HCH,van-thu-luu-tru-thuoc-nganh-luu-tru-hoc,D01,Điểm học bạ,2025,23.0,Chuyên ngành Văn thư - Lưu trữ thuộc ngành Lưu trữ học
82958,HCH,van-thu-luu-tru-thuoc-nganh-luu-tru-hoc,X70,Điểm học bạ,2025,23.0,Chuyên ngành Văn thư - Lưu trữ thuộc ngành Lưu trữ học
82959,HCH,van-thu-luu-tru-thuoc-nganh-luu-tru-hoc,X74,Điểm học bạ,2025,23.0,Chuyên ngành Văn thư - Lưu trữ thuộc ngành Lưu trữ học
82960,HCH,van-thu-luu-tru-thuoc-nganh-luu-tru-hoc,C00,Điểm thi THPT,2025,25.9,Chuyên ngành Văn thư - Lưu trữ thuộc ngành Lưu trữ học
82961,HCH,van-thu-luu-tru-thuoc-nganh-luu-tru-hoc,C03,Điểm thi THPT,2025,23.0,Chuyên ngành Văn thư - Lưu trữ thuộc ngành Lưu trữ học
82962,HCH,van-thu-luu-tru-thuoc-nganh-luu-tru-hoc,D01,Điểm thi THPT,2025,23.0,Chuyên ngành Văn thư - Lưu trữ thuộc ngành Lưu trữ học
82963,HCH,van-thu-luu-tru-thuoc-nganh-luu-tru-hoc,X70,Điểm thi THPT,2025,25.9,Chuyên ngành Văn thư - Lưu trữ thuộc ngành Lưu trữ học
82964,HCH,van-thu-luu-tru-thuoc-nganh-luu-tru-hoc,X74,Điểm thi THPT,2025,25.9,Chuyên ngành Văn thư - Lưu trữ thuộc ngành Lưu trữ học
82965,HCH,xay-dung-dang-va-chinh-quyen-nha-nuoc,C00,Điểm thi THPT,2023,23.5,Xây dựng Đảng và chính quyền nhà nước
82966,HCH,xay-dung-dang-va-chinh-quyen-nha-nuoc,C19,Điểm thi THPT,2023,24.5,Xây dựng Đảng và chính quyền nhà nước
82967,HCH,xay-dung-dang-va-chinh-quyen-nha-nuoc,C20,Điểm thi THPT,2023,24.5,Xây dựng Đảng và chính quyền nhà nước
82968,HCH,xay-dung-dang-va-chinh-quyen-nha-nuoc,D14,Điểm thi THPT,2023,21.5,Xây dựng Đảng và chính quyền nhà nước
82969,HCH,xay-dung-dang-va-chinh-quyen-nha-nuoc,C00,Điểm học bạ,2024,28.5,Xây dựng Đảng và chính quyền nhà nước
82970,HCH,xay-dung-dang-va-chinh-quyen-nha-nuoc,C19,Điểm học bạ,2024,29.5,Xây dựng Đảng và chính quyền nhà nước
82971,HCH,xay-dung-dang-va-chinh-quyen-nha-nuoc,D01,Điểm học bạ,2024,26.5,Xây dựng Đảng và chính quyền nhà nước
82972,HCH,xay-dung-dang-va-chinh-quyen-nha-nuoc,D14,Điểm học bạ,2024,26.5,Xây dựng Đảng và chính quyền nhà nước
82973,HCH,xay-dung-dang-va-chinh-quyen-nha-nuoc,C00,Điểm thi THPT,2024,26.9,Xây dựng Đảng và chính quyền nhà nước
82974,HCH,xay-dung-dang-va-chinh-quyen-nha-nuoc,C19,Điểm thi THPT,2024,27.9,Xây dựng Đảng và chính quyền nhà nước
82975,HCH,xay-dung-dang-va-chinh-quyen-nha-nuoc,D01,Điểm thi THPT,2024,24.9,Xây dựng Đảng và chính quyền nhà nước
82976,HCH,xay-dung-dang-va-chinh-quyen-nha-nuoc,D14,Điểm thi THPT,2024,24.9,Xây dựng Đảng và chính quyền nhà nước
82977,HCH,xay-dung-dang-va-chinh-quyen-nha-nuoc,C00,Điểm học bạ,2025,23.85,Xây dựng Đảng và chính quyền nhà nước
82978,HCH,xay-dung-dang-va-chinh-quyen-nha-nuoc,D01,Điểm học bạ,2025,23.85,Xây dựng Đảng và chính quyền nhà nước
82979,HCH,xay-dung-dang-va-chinh-quyen-nha-nuoc,D14,Điểm học bạ,2025,23.85,Xây dựng Đảng và chính quyền nhà nước
82980,HCH,xay-dung-dang-va-chinh-quyen-nha-nuoc,X01,Điểm học bạ,2025,23.85,Xây dựng Đảng và chính quyền nhà nước
82981,HCH,xay-dung-dang-va-chinh-quyen-nha-nuoc,X70,Điểm học bạ,2025,23.85,Xây dựng Đảng và chính quyền nhà nước
82982,HCH,xay-dung-dang-va-chinh-quyen-nha-nuoc,C00,Điểm thi THPT,2025,25.85,Xây dựng Đảng và chính quyền nhà nước
82983,HCH,xay-dung-dang-va-chinh-quyen-nha-nuoc,D01,Điểm thi THPT,2025,23.85,Xây dựng Đảng và chính quyền nhà nước
82984,HCH,xay-dung-dang-va-chinh-quyen-nha-nuoc,D14,Điểm thi THPT,2025,23.85,Xây dựng Đảng và chính quyền nhà nước
82985,HCH,xay-dung-dang-va-chinh-quyen-nha-nuoc,X01,Điểm thi THPT,2025,25.85,Xây dựng Đảng và chính quyền nhà nước
82986,HCH,xay-dung-dang-va-chinh-quyen-nha-nuoc,X70,Điểm thi THPT,2025,25.85,Xây dựng Đảng và chính quyền nhà nước
82987,HCN,ky-thuat-cand,A00,Điểm thi THPT,2021,26.33,Nhóm ngành Kỹ thuật CAND
82988,HCN,ky-thuat-cand,A01,Điểm thi THPT,2021,27.15,Nhóm ngành Kỹ thuật CAND
82989,HCN,ky-thuat-cand,A00,Điểm thi THPT,2022,20.86,Ngành Kỹ thuật CAND
82990,HCN,ky-thuat-cand,A01,Điểm thi THPT,2022,20.37,Ngành Kỹ thuật CAND
82991,HCN,ky-thuat-dien-tu-vien-thong,A00,Điểm thi THPT,2025,20.33,Kỹ thuật Điện tử - Viễn thông
82992,HCN,ky-thuat-dien-tu-vien-thong,A01,Điểm thi THPT,2025,20.33,Kỹ thuật Điện tử - Viễn thông
82993,HCN,ky-thuat-dien-tu-vien-thong,D01,Điểm thi THPT,2025,20.33,Kỹ thuật Điện tử - Viễn thông
82994,HCN,ky-thuat-dien-tu-vien-thong,X26,Điểm thi THPT,2025,20.33,Kỹ thuật Điện tử - Viễn thông
82995,HCN,ky-thuat-dien-tu-vien-thong,X27,Điểm thi THPT,2025,20.33,Kỹ thuật Điện tử - Viễn thông
82996,HCN,ky-thuat-dien-tu-vien-thong,X28,Điểm thi THPT,2025,20.33,Kỹ thuật Điện tử - Viễn thông
82997,HCN,ky-thuat-hau-can,A00,Điểm thi THPT,2023,21.06,Nhóm ngành Kỹ thuật - Hậu cần
82998,HCN,ky-thuat-hau-can,A01,Điểm thi THPT,2023,21.06,Nhóm ngành Kỹ thuật - Hậu cần
82999,HCN,ky-thuat-hau-can,D01,Điểm thi THPT,2023,21.06,Nhóm ngành Kỹ thuật - Hậu cần
83000,HCN,ky-thuat-hau-can,A00,Điểm thi THPT,2024,21.07,Nhóm ngành Kỹ thuật - Hậu cần
83001,HCN,ky-thuat-hau-can,A01,Điểm thi THPT,2024,21.07,Nhóm ngành Kỹ thuật - Hậu cần
83002,HCN,ky-thuat-hau-can,D01,Điểm thi THPT,2024,21.07,Nhóm ngành Kỹ thuật - Hậu cần
83003,HCN,ky-thuat-hau-can,A00,Điểm thi THPT,2025,21.7,"Nhóm ngành Kỹ thuật - Hậu cần (Thí sinh Nam, miền Bắc)"
83004,HCN,ky-thuat-hau-can,A01,Điểm thi THPT,2025,21.7,"Nhóm ngành Kỹ thuật - Hậu cần (Thí sinh Nam, miền Bắc)"
83005,HCN,ky-thuat-hau-can,D01,Điểm thi THPT,2025,21.7,"Nhóm ngành Kỹ thuật - Hậu cần (Thí sinh Nam, miền Bắc)"
83006,HCN,ky-thuat-hau-can,X26,Điểm thi THPT,2025,21.7,"Nhóm ngành Kỹ thuật - Hậu cần (Thí sinh Nam, miền Bắc)"
83007,HCN,ky-thuat-hau-can,X27,Điểm thi THPT,2025,21.7,"Nhóm ngành Kỹ thuật - Hậu cần (Thí sinh Nam, miền Bắc)"
83008,HCN,ky-thuat-hau-can,X28,Điểm thi THPT,2025,21.7,"Nhóm ngành Kỹ thuật - Hậu cần (Thí sinh Nam, miền Bắc)"
83009,HCN,y-khoa,A00,Điểm thi THPT,2025,23.49,Y Khoa
83010,HCN,y-khoa,A01,Điểm thi THPT,2025,23.49,Y Khoa
83011,HCN,y-khoa,B00,Điểm thi THPT,2025,23.49,Y Khoa
83012,HCN,y-khoa,B08,Điểm thi THPT,2025,23.49,Y Khoa
83013,HCN,y-khoa,D07,Điểm thi THPT,2025,23.49,Y Khoa
83014,HCP,chuong-trinh-kinh-te-doi-ngoai,A00,Điểm thi THPT,2023,23.5,Chương trình Kinh tế đối ngoại
83015,HCP,chuong-trinh-kinh-te-doi-ngoai,A01,Điểm thi THPT,2023,23.5,Chương trình Kinh tế đối ngoại
83016,HCP,chuong-trinh-kinh-te-doi-ngoai,D01,Điểm thi THPT,2023,23.5,Chương trình Kinh tế đối ngoại
83017,HCP,chuong-trinh-kinh-te-doi-ngoai,D07,Điểm thi THPT,2023,23.5,Chương trình Kinh tế đối ngoại
83018,HCP,chuong-trinh-tai-chinh,A00,Điểm thi THPT,2023,23.5,Chương trình Tài chính
83019,HCP,chuong-trinh-tai-chinh,A01,Điểm thi THPT,2023,23.5,Chương trình Tài chính
83020,HCP,chuong-trinh-tai-chinh,D01,Điểm thi THPT,2023,23.5,Chương trình Tài chính
83021,HCP,chuong-trinh-tai-chinh,D07,Điểm thi THPT,2023,23.5,Chương trình Tài chính
83022,HCP,ke-toan,A00,Điểm học bạ,2021,25.2,Kế toán
83023,HCP,ke-toan,A01,Điểm học bạ,2021,25.2,Kế toán
83024,HCP,ke-toan,C01,Điểm học bạ,2021,25.2,Kế toán
83025,HCP,ke-toan,D01,Điểm học bạ,2021,25.2,Kế toán
83026,HCP,ke-toan,A00,Điểm thi THPT,2021,25.05,Kế toán
83027,HCP,ke-toan,A01,Điểm thi THPT,2021,25.05,Kế toán
83028,HCP,ke-toan,C01,Điểm thi THPT,2021,25.05,Kế toán
83029,HCP,ke-toan,D01,Điểm thi THPT,2021,25.05,Kế toán
83030,HCP,ke-toan,A00,Điểm học bạ,2022,27.8,Kế toán
83031,HCP,ke-toan,A01,Điểm học bạ,2022,27.8,Kế toán
83032,HCP,ke-toan,C01,Điểm học bạ,2022,27.8,Kế toán
83033,HCP,ke-toan,D01,Điểm học bạ,2022,27.8,Kế toán
83034,HCP,ke-toan,A00,Điểm thi THPT,2022,25.0,Kế toán
83035,HCP,ke-toan,A01,Điểm thi THPT,2022,25.0,Kế toán
83036,HCP,ke-toan,C01,Điểm thi THPT,2022,25.0,Kế toán
83037,HCP,ke-toan,D01,Điểm thi THPT,2022,25.0,Kế toán
83038,HCP,ke-toan,A00,Điểm học bạ,2023,27.24,Kế toán
83039,HCP,ke-toan,A01,Điểm học bạ,2023,27.24,Kế toán
83040,HCP,ke-toan,C01,Điểm học bạ,2023,27.24,Kế toán
83041,HCP,ke-toan,D01,Điểm học bạ,2023,27.24,Kế toán
83042,HCP,ke-toan,A00,Điểm thi THPT,2023,25.2,Kế toán
83043,HCP,ke-toan,A01,Điểm thi THPT,2023,25.2,Kế toán
83044,HCP,ke-toan,C01,Điểm thi THPT,2023,25.2,Kế toán
83045,HCP,ke-toan,D01,Điểm thi THPT,2023,25.2,Kế toán
83046,HCP,ke-toan,A00,Điểm học bạ,2024,27.3,Kế toán
83047,HCP,ke-toan,A01,Điểm học bạ,2024,27.3,Kế toán
83048,HCP,ke-toan,D01,Điểm học bạ,2024,27.3,Kế toán
83049,HCP,ke-toan,D07,Điểm học bạ,2024,27.3,Kế toán
83050,HCP,ke-toan,A00,Điểm thi THPT,2024,25.84,Kế toán
83051,HCP,ke-toan,A01,Điểm thi THPT,2024,25.84,Kế toán
83052,HCP,ke-toan,D01,Điểm thi THPT,2024,25.84,Kế toán
83053,HCP,ke-toan,D07,Điểm thi THPT,2024,25.84,Kế toán
83054,HCP,ke-toan,A00,Điểm học bạ,2025,23.23,Ngành Kế toán
83055,HCP,ke-toan,A01,Điểm học bạ,2025,23.23,Ngành Kế toán
83056,HCP,ke-toan,D01,Điểm học bạ,2025,23.23,Ngành Kế toán
83057,HCP,ke-toan,D84,Điểm học bạ,2025,23.23,Ngành Kế toán
83058,HCP,ke-toan,A00,Điểm thi THPT,2025,23.23,Ngành Kế toán
83059,HCP,ke-toan,A01,Điểm thi THPT,2025,23.23,Ngành Kế toán
83060,HCP,ke-toan,D01,Điểm thi THPT,2025,23.23,Ngành Kế toán
83061,HCP,ke-toan,D84,Điểm thi THPT,2025,23.23,Ngành Kế toán
83062,HCP,kinh-te,A00,Điểm học bạ,2021,24.9,Kinh tế
83063,HCP,kinh-te,A01,Điểm học bạ,2021,24.9,Kinh tế
83064,HCP,kinh-te,C01,Điểm học bạ,2021,24.9,Kinh tế
83065,HCP,kinh-te,D01,Điểm học bạ,2021,24.9,Kinh tế
83066,HCP,kinh-te,A00,Điểm thi THPT,2021,24.95,Kinh tế
83067,HCP,kinh-te,A01,Điểm thi THPT,2021,24.95,Kinh tế
83068,HCP,kinh-te,C01,Điểm thi THPT,2021,24.95,Kinh tế
83069,HCP,kinh-te,D01,Điểm thi THPT,2021,24.95,Kinh tế
83070,HCP,kinh-te,A00,Điểm học bạ,2022,27.5,Kinh tế
83071,HCP,kinh-te,A01,Điểm học bạ,2022,27.5,Kinh tế
83072,HCP,kinh-te,C01,Điểm học bạ,2022,27.5,Kinh tế
83073,HCP,kinh-te,D01,Điểm học bạ,2022,27.5,Kinh tế
83074,HCP,kinh-te,A00,Điểm thi THPT,2022,24.2,Kinh tế
83075,HCP,kinh-te,A01,Điểm thi THPT,2022,24.2,Kinh tế
83076,HCP,kinh-te,C01,Điểm thi THPT,2022,24.2,Kinh tế
83077,HCP,kinh-te,D01,Điểm thi THPT,2022,24.2,Kinh tế
83078,HCP,kinh-te,A00,Điểm học bạ,2023,27.0,Kinh tế
83079,HCP,kinh-te,A01,Điểm học bạ,2023,27.0,Kinh tế
83080,HCP,kinh-te,C01,Điểm học bạ,2023,27.0,Kinh tế
83081,HCP,kinh-te,D01,Điểm học bạ,2023,27.0,Kinh tế
83082,HCP,kinh-te,A00,Điểm thi THPT,2023,24.4,Kinh tế
83083,HCP,kinh-te,A01,Điểm thi THPT,2023,24.4,Kinh tế
83084,HCP,kinh-te,C01,Điểm thi THPT,2023,24.4,Kinh tế
83085,HCP,kinh-te,D01,Điểm thi THPT,2023,24.4,Kinh tế
83086,HCP,kinh-te,A00,Điểm học bạ,2024,26.52,Kinh tế
83087,HCP,kinh-te,A01,Điểm học bạ,2024,26.52,Kinh tế
83088,HCP,kinh-te,D01,Điểm học bạ,2024,26.52,Kinh tế
83089,HCP,kinh-te,D07,Điểm học bạ,2024,26.52,Kinh tế
83090,HCP,kinh-te,A00,Điểm thi THPT,2024,24.83,Kinh tế
83091,HCP,kinh-te,A01,Điểm thi THPT,2024,24.83,Kinh tế
83092,HCP,kinh-te,D01,Điểm thi THPT,2024,24.83,Kinh tế
83093,HCP,kinh-te,D07,Điểm thi THPT,2024,24.83,Kinh tế
83094,HCP,kinh-te,A01,Điểm học bạ,2025,22.02,Ngành Kinh tế
83095,HCP,kinh-te,D01,Điểm học bạ,2025,22.02,Ngành Kinh tế
83096,HCP,kinh-te,D07,Điểm học bạ,2025,22.02,Ngành Kinh tế
83097,HCP,kinh-te,D84,Điểm học bạ,2025,22.02,Ngành Kinh tế
83098,HCP,kinh-te,A01,Điểm thi THPT,2025,22.02,Ngành Kinh tế
83099,HCP,kinh-te,D01,Điểm thi THPT,2025,22.02,Ngành Kinh tế
83100,HCP,kinh-te,D07,Điểm thi THPT,2025,22.02,Ngành Kinh tế
83101,HCP,kinh-te,D84,Điểm thi THPT,2025,22.02,Ngành Kinh tế
83102,HCP,kinh-te-doi-ngoai-chat-luong-cao-giang-day-bang-tieng-anh,A01,Điểm thi THPT,2024,32.85,Kinh tế đối ngoại chất lượng cao giảng dạy bằng Tiếng Anh
83103,HCP,kinh-te-doi-ngoai-chat-luong-cao-giang-day-bang-tieng-anh,D01,Điểm thi THPT,2024,32.85,Kinh tế đối ngoại chất lượng cao giảng dạy bằng Tiếng Anh
83104,HCP,kinh-te-doi-ngoai-chat-luong-cao-giang-day-bang-tieng-anh,D07,Điểm thi THPT,2024,32.85,Kinh tế đối ngoại chất lượng cao giảng dạy bằng Tiếng Anh
83105,HCP,kinh-te-doi-ngoai-chat-luong-cao-giang-day-bang-tieng-anh,D10,Điểm thi THPT,2024,32.85,Kinh tế đối ngoại chất lượng cao giảng dạy bằng Tiếng Anh
83106,HCP,kinh-te-phat-trien,A00,Điểm học bạ,2021,24.0,Kinh tế phát triển
83107,HCP,kinh-te-phat-trien,A01,Điểm học bạ,2021,24.0,Kinh tế phát triển
83108,HCP,kinh-te-phat-trien,C02,Điểm học bạ,2021,24.0,Kinh tế phát triển
83109,HCP,kinh-te-phat-trien,D01,Điểm học bạ,2021,24.0,Kinh tế phát triển
83110,HCP,kinh-te-phat-trien,A00,Điểm thi THPT,2021,24.85,Kinh tế phát triển
83111,HCP,kinh-te-phat-trien,A01,Điểm thi THPT,2021,24.85,Kinh tế phát triển
83112,HCP,kinh-te-phat-trien,C02,Điểm thi THPT,2021,24.85,Kinh tế phát triển
83113,HCP,kinh-te-phat-trien,D01,Điểm thi THPT,2021,24.85,Kinh tế phát triển
83114,HCP,kinh-te-phat-trien,A00,Điểm học bạ,2022,27.5,Kinh tế phát triển
83115,HCP,kinh-te-phat-trien,A01,Điểm học bạ,2022,27.5,Kinh tế phát triển
83116,HCP,kinh-te-phat-trien,C02,Điểm học bạ,2022,27.5,Kinh tế phát triển
83117,HCP,kinh-te-phat-trien,D01,Điểm học bạ,2022,27.5,Kinh tế phát triển
83118,HCP,kinh-te-phat-trien,A00,Điểm thi THPT,2022,24.45,Kinh tế phát triển
83119,HCP,kinh-te-phat-trien,A01,Điểm thi THPT,2022,24.45,Kinh tế phát triển
83120,HCP,kinh-te-phat-trien,C02,Điểm thi THPT,2022,24.45,Kinh tế phát triển
83121,HCP,kinh-te-phat-trien,D01,Điểm thi THPT,2022,24.45,Kinh tế phát triển
83122,HCP,kinh-te-phat-trien,A00,Điểm học bạ,2023,27.3,Kinh tế phát triển
83123,HCP,kinh-te-phat-trien,A01,Điểm học bạ,2023,27.3,Kinh tế phát triển
83124,HCP,kinh-te-phat-trien,C02,Điểm học bạ,2023,27.3,Kinh tế phát triển
83125,HCP,kinh-te-phat-trien,D01,Điểm học bạ,2023,27.3,Kinh tế phát triển
83126,HCP,kinh-te-phat-trien,A00,Điểm thi THPT,2023,24.5,Kinh tế phát triển
83127,HCP,kinh-te-phat-trien,A01,Điểm thi THPT,2023,24.5,Kinh tế phát triển
83128,HCP,kinh-te-phat-trien,C02,Điểm thi THPT,2023,24.5,Kinh tế phát triển
83129,HCP,kinh-te-phat-trien,D01,Điểm thi THPT,2023,24.5,Kinh tế phát triển
83130,HCP,kinh-te-phat-trien,A00,Điểm học bạ,2024,27.0,Kinh tế phát triển
83131,HCP,kinh-te-phat-trien,A01,Điểm học bạ,2024,27.0,Kinh tế phát triển
83132,HCP,kinh-te-phat-trien,C02,Điểm học bạ,2024,27.0,Kinh tế phát triển
83133,HCP,kinh-te-phat-trien,D01,Điểm học bạ,2024,27.0,Kinh tế phát triển
83134,HCP,kinh-te-phat-trien,A00,Điểm thi THPT,2024,25.43,Kinh tế phát triển
83135,HCP,kinh-te-phat-trien,A01,Điểm thi THPT,2024,25.43,Kinh tế phát triển
83136,HCP,kinh-te-phat-trien,C02,Điểm thi THPT,2024,25.43,Kinh tế phát triển
83137,HCP,kinh-te-phat-trien,D01,Điểm thi THPT,2024,25.43,Kinh tế phát triển
83138,HCP,kinh-te-phat-trien,A00,Điểm học bạ,2025,22.36,Ngành Kinh tế phát triển
83139,HCP,kinh-te-phat-trien,A01,Điểm học bạ,2025,22.36,Ngành Kinh tế phát triển
83140,HCP,kinh-te-phat-trien,D01,Điểm học bạ,2025,22.36,Ngành Kinh tế phát triển
83141,HCP,kinh-te-phat-trien,D84,Điểm học bạ,2025,22.36,Ngành Kinh tế phát triển
83142,HCP,kinh-te-phat-trien,A00,Điểm thi THPT,2025,22.36,Ngành Kinh tế phát triển
83143,HCP,kinh-te-phat-trien,A01,Điểm thi THPT,2025,22.36,Ngành Kinh tế phát triển
83144,HCP,kinh-te-phat-trien,D01,Điểm thi THPT,2025,22.36,Ngành Kinh tế phát triển
83145,HCP,kinh-te-phat-trien,D84,Điểm thi THPT,2025,22.36,Ngành Kinh tế phát triển
83146,HCP,kinh-te-quoc-te,A00,Điểm học bạ,2021,25.5,Kinh tế quốc tế
83147,HCP,kinh-te-quoc-te,A01,Điểm học bạ,2021,25.5,Kinh tế quốc tế
83148,HCP,kinh-te-quoc-te,D01,Điểm học bạ,2021,25.5,Kinh tế quốc tế
83149,HCP,kinh-te-quoc-te,D07,Điểm học bạ,2021,25.5,Kinh tế quốc tế
83150,HCP,kinh-te-quoc-te,A00,Điểm thi THPT,2021,25.6,Kinh tế quốc tế
83151,HCP,kinh-te-quoc-te,A01,Điểm thi THPT,2021,25.6,Kinh tế quốc tế
83152,HCP,kinh-te-quoc-te,D01,Điểm thi THPT,2021,25.6,Kinh tế quốc tế
83153,HCP,kinh-te-quoc-te,D07,Điểm thi THPT,2021,25.6,Kinh tế quốc tế
83154,HCP,kinh-te-quoc-te,A00,Điểm học bạ,2022,27.5,Kinh tế quốc tế
83155,HCP,kinh-te-quoc-te,A01,Điểm học bạ,2022,27.5,Kinh tế quốc tế
83156,HCP,kinh-te-quoc-te,D01,Điểm học bạ,2022,27.5,Kinh tế quốc tế
83157,HCP,kinh-te-quoc-te,D07,Điểm học bạ,2022,27.5,Kinh tế quốc tế
83158,HCP,kinh-te-quoc-te,A00,Điểm thi THPT,2022,24.7,Kinh tế quốc tế
83159,HCP,kinh-te-quoc-te,A01,Điểm thi THPT,2022,24.7,Kinh tế quốc tế
83160,HCP,kinh-te-quoc-te,D01,Điểm thi THPT,2022,24.7,Kinh tế quốc tế
83161,HCP,kinh-te-quoc-te,D07,Điểm thi THPT,2022,24.7,Kinh tế quốc tế
83162,HCP,kinh-te-quoc-te,A00,Điểm học bạ,2023,28.0,Kinh tế quốc tế
83163,HCP,kinh-te-quoc-te,A01,Điểm học bạ,2023,28.0,Kinh tế quốc tế
83164,HCP,kinh-te-quoc-te,D01,Điểm học bạ,2023,28.0,Kinh tế quốc tế
83165,HCP,kinh-te-quoc-te,D07,Điểm học bạ,2023,28.0,Kinh tế quốc tế
83166,HCP,kinh-te-quoc-te,A00,Điểm thi THPT,2023,24.8,Kinh tế quốc tế
83167,HCP,kinh-te-quoc-te,A01,Điểm thi THPT,2023,24.8,Kinh tế quốc tế
83168,HCP,kinh-te-quoc-te,D01,Điểm thi THPT,2023,24.8,Kinh tế quốc tế
83169,HCP,kinh-te-quoc-te,D07,Điểm thi THPT,2023,24.8,Kinh tế quốc tế
83170,HCP,kinh-te-quoc-te,A00,Điểm học bạ,2024,27.52,Kinh tế quốc tế
83171,HCP,kinh-te-quoc-te,A01,Điểm học bạ,2024,27.52,Kinh tế quốc tế
83172,HCP,kinh-te-quoc-te,D01,Điểm học bạ,2024,27.52,Kinh tế quốc tế
83173,HCP,kinh-te-quoc-te,D07,Điểm học bạ,2024,27.52,Kinh tế quốc tế
83174,HCP,kinh-te-quoc-te,A00,Điểm thi THPT,2024,25.01,Kinh tế quốc tế
83175,HCP,kinh-te-quoc-te,A01,Điểm thi THPT,2024,25.01,Kinh tế quốc tế
83176,HCP,kinh-te-quoc-te,D01,Điểm thi THPT,2024,25.01,Kinh tế quốc tế
83177,HCP,kinh-te-quoc-te,D07,Điểm thi THPT,2024,25.01,Kinh tế quốc tế
83178,HCP,kinh-te-quoc-te,A00,Điểm học bạ,2025,22.0,Ngành Kinh tế quốc tế
83179,HCP,kinh-te-quoc-te,A01,Điểm học bạ,2025,22.0,Ngành Kinh tế quốc tế
83180,HCP,kinh-te-quoc-te,D01,Điểm học bạ,2025,22.0,Ngành Kinh tế quốc tế
83181,HCP,kinh-te-quoc-te,D07,Điểm học bạ,2025,28.61,Ngành Kinh tế quốc tế (Chuyên ngành Kinh tế đối ngoại chất lượng cao giảng dạy bằng Tiếng Anh)
83182,HCP,kinh-te-quoc-te,D84,Điểm học bạ,2025,22.0,Ngành Kinh tế quốc tế
83183,HCP,kinh-te-quoc-te,A00,Điểm thi THPT,2025,22.0,Ngành Kinh tế quốc tế
83184,HCP,kinh-te-quoc-te,A01,Điểm thi THPT,2025,22.0,Ngành Kinh tế quốc tế
83185,HCP,kinh-te-quoc-te,D01,Điểm thi THPT,2025,22.0,Ngành Kinh tế quốc tế
83186,HCP,kinh-te-quoc-te,D07,Điểm thi THPT,2025,28.61,Ngành Kinh tế quốc tế (Chuyên ngành Kinh tế đối ngoại chất lượng cao giảng dạy bằng Tiếng Anh)
83187,HCP,kinh-te-quoc-te,D84,Điểm thi THPT,2025,22.0,Ngành Kinh tế quốc tế
83188,HCP,kinh-te-quoc-te-chat-luong-cao-giang-day-bang-tieng-anh,A01,Điểm học bạ,2024,33.0,Kinh tế quốc tế chất lượng cao giảng dạy bằng Tiếng Anh
83189,HCP,kinh-te-quoc-te-chat-luong-cao-giang-day-bang-tieng-anh,D01,Điểm học bạ,2024,33.0,Kinh tế quốc tế chất lượng cao giảng dạy bằng Tiếng Anh
83190,HCP,kinh-te-quoc-te-chat-luong-cao-giang-day-bang-tieng-anh,D07,Điểm học bạ,2024,33.0,Kinh tế quốc tế chất lượng cao giảng dạy bằng Tiếng Anh
83191,HCP,kinh-te-quoc-te-chat-luong-cao-giang-day-bang-tieng-anh,D10,Điểm học bạ,2024,33.0,Kinh tế quốc tế chất lượng cao giảng dạy bằng Tiếng Anh
83192,HCP,kinh-te-quoc-te-clc-giang-day-bang-tieng-anh,A00,Điểm học bạ,2023,27.0,Kinh tế quốc tế CLC Giảng dạy bằng Tiếng Anh
83193,HCP,kinh-te-quoc-te-clc-giang-day-bang-tieng-anh,A01,Điểm học bạ,2023,27.0,Kinh tế quốc tế CLC Giảng dạy bằng Tiếng Anh
83194,HCP,kinh-te-quoc-te-clc-giang-day-bang-tieng-anh,D01,Điểm học bạ,2023,27.0,Kinh tế quốc tế CLC Giảng dạy bằng Tiếng Anh
83195,HCP,kinh-te-quoc-te-clc-giang-day-bang-tieng-anh,D07,Điểm học bạ,2023,27.0,Kinh tế quốc tế CLC Giảng dạy bằng Tiếng Anh
83196,HCP,kinh-te-so,A00,Điểm học bạ,2021,23.4,Kinh tế số
83197,HCP,kinh-te-so,A01,Điểm học bạ,2021,23.4,Kinh tế số
83198,HCP,kinh-te-so,C01,Điểm học bạ,2021,23.4,Kinh tế số
83199,HCP,kinh-te-so,D01,Điểm học bạ,2021,23.4,Kinh tế số
83200,HCP,kinh-te-so,A00,Điểm thi THPT,2021,24.65,Kinh tế số
83201,HCP,kinh-te-so,A01,Điểm thi THPT,2021,24.65,Kinh tế số
83202,HCP,kinh-te-so,C01,Điểm thi THPT,2021,24.65,Kinh tế số
83203,HCP,kinh-te-so,D01,Điểm thi THPT,2021,24.65,Kinh tế số
83204,HCP,kinh-te-so,A00,Điểm học bạ,2022,27.5,Kinh tế số
83205,HCP,kinh-te-so,A01,Điểm học bạ,2022,27.5,Kinh tế số
83206,HCP,kinh-te-so,C01,Điểm học bạ,2022,27.5,Kinh tế số
83207,HCP,kinh-te-so,D01,Điểm học bạ,2022,27.5,Kinh tế số
83208,HCP,kinh-te-so,A00,Điểm thi THPT,2022,24.6,Kinh tế số
83209,HCP,kinh-te-so,A01,Điểm thi THPT,2022,24.6,Kinh tế số
83210,HCP,kinh-te-so,C01,Điểm thi THPT,2022,24.6,Kinh tế số
83211,HCP,kinh-te-so,D01,Điểm thi THPT,2022,24.6,Kinh tế số
83212,HCP,kinh-te-so,A00,Điểm học bạ,2023,27.17,Kinh tế số
83213,HCP,kinh-te-so,A01,Điểm học bạ,2023,27.17,Kinh tế số
83214,HCP,kinh-te-so,C01,Điểm học bạ,2023,27.17,Kinh tế số
83215,HCP,kinh-te-so,D01,Điểm học bạ,2023,27.17,Kinh tế số
83216,HCP,kinh-te-so,A00,Điểm thi THPT,2023,24.9,Kinh tế số
83217,HCP,kinh-te-so,A01,Điểm thi THPT,2023,24.9,Kinh tế số
83218,HCP,kinh-te-so,C01,Điểm thi THPT,2023,24.9,Kinh tế số
83219,HCP,kinh-te-so,D01,Điểm thi THPT,2023,24.9,Kinh tế số
83220,HCP,kinh-te-so,A00,Điểm học bạ,2024,27.3,Kinh tế số
83221,HCP,kinh-te-so,A01,Điểm học bạ,2024,27.3,Kinh tế số
83222,HCP,kinh-te-so,D01,Điểm học bạ,2024,27.3,Kinh tế số
83223,HCP,kinh-te-so,D07,Điểm học bạ,2024,27.3,Kinh tế số
83224,HCP,kinh-te-so,A00,Điểm thi THPT,2024,25.43,Kinh tế số
83225,HCP,kinh-te-so,A01,Điểm thi THPT,2024,25.43,Kinh tế số
83226,HCP,kinh-te-so,D01,Điểm thi THPT,2024,25.43,Kinh tế số
83227,HCP,kinh-te-so,D07,Điểm thi THPT,2024,25.43,Kinh tế số
83228,HCP,kinh-te-so,A00,Điểm học bạ,2025,23.35,Ngành Kinh tế số
83229,HCP,kinh-te-so,A01,Điểm học bạ,2025,23.35,Ngành Kinh tế số
83230,HCP,kinh-te-so,D01,Điểm học bạ,2025,23.35,Ngành Kinh tế số
83231,HCP,kinh-te-so,D84,Điểm học bạ,2025,23.35,Ngành Kinh tế số
83232,HCP,kinh-te-so,A00,Điểm thi THPT,2025,23.35,Ngành Kinh tế số
83233,HCP,kinh-te-so,A01,Điểm thi THPT,2025,23.35,Ngành Kinh tế số
83234,HCP,kinh-te-so,D01,Điểm thi THPT,2025,23.35,Ngành Kinh tế số
83235,HCP,kinh-te-so,D84,Điểm thi THPT,2025,23.35,Ngành Kinh tế số
83236,HCP,luat-kinh-te,A01,Điểm học bạ,2021,24.6,Luật Kinh tế
83237,HCP,luat-kinh-te,C00,Điểm học bạ,2021,24.6,Luật Kinh tế
83238,HCP,luat-kinh-te,D01,Điểm học bạ,2021,24.6,Luật Kinh tế
83239,HCP,luat-kinh-te,D09,Điểm học bạ,2021,24.6,Luật Kinh tế
83240,HCP,luat-kinh-te,A01,Điểm thi THPT,2021,26.0,Luật Kinh tế
83241,HCP,luat-kinh-te,C00,Điểm thi THPT,2021,26.0,Luật Kinh tế
83242,HCP,luat-kinh-te,D01,Điểm thi THPT,2021,26.0,Luật Kinh tế
83243,HCP,luat-kinh-te,D09,Điểm thi THPT,2021,26.0,Luật Kinh tế
83244,HCP,luat-kinh-te,A00,Điểm học bạ,2022,28.0,Luật kinh tế
83245,HCP,luat-kinh-te,C00,Điểm học bạ,2022,28.0,Luật kinh tế
83246,HCP,luat-kinh-te,D01,Điểm học bạ,2022,28.0,Luật kinh tế
83247,HCP,luat-kinh-te,D09,Điểm học bạ,2022,28.0,Luật kinh tế
83248,HCP,luat-kinh-te,A00,Điểm thi THPT,2022,27.0,Luật Kinh tế
83249,HCP,luat-kinh-te,C00,Điểm thi THPT,2022,27.0,Luật Kinh tế
83250,HCP,luat-kinh-te,D01,Điểm thi THPT,2022,27.0,Luật Kinh tế
83251,HCP,luat-kinh-te,D09,Điểm thi THPT,2022,27.0,Luật Kinh tế
83252,HCP,luat-kinh-te,A00,Điểm học bạ,2023,26.5,Luật kinh tế
83253,HCP,luat-kinh-te,C00,Điểm học bạ,2023,26.5,Luật kinh tế
83254,HCP,luat-kinh-te,D01,Điểm học bạ,2023,26.5,Luật kinh tế
83255,HCP,luat-kinh-te,D09,Điểm học bạ,2023,26.5,Luật kinh tế
83256,HCP,luat-kinh-te,A00,Điểm thi THPT,2023,25.5,Luật kinh tế
83257,HCP,luat-kinh-te,C00,Điểm thi THPT,2023,25.5,Luật kinh tế
83258,HCP,luat-kinh-te,D01,Điểm thi THPT,2023,25.5,Luật kinh tế
83259,HCP,luat-kinh-te,D09,Điểm thi THPT,2023,25.5,Luật kinh tế
83260,HCP,luat-kinh-te,A00,Điểm học bạ,2024,27.5,Luật kinh tế
83261,HCP,luat-kinh-te,A01,Điểm học bạ,2024,27.5,Luật kinh tế
83262,HCP,luat-kinh-te,D01,Điểm học bạ,2024,27.5,Luật kinh tế
83263,HCP,luat-kinh-te,D07,Điểm học bạ,2024,27.5,Luật kinh tế
83264,HCP,luat-kinh-te,A01,Điểm thi THPT,2024,27.43,Luật kinh tế
83265,HCP,luat-kinh-te,C00,Điểm thi THPT,2024,27.43,Luật kinh tế
83266,HCP,luat-kinh-te,D01,Điểm thi THPT,2024,27.43,Luật kinh tế
83267,HCP,luat-kinh-te,D09,Điểm thi THPT,2024,27.43,Luật kinh tế
83268,HCP,luat-kinh-te,A01,Điểm học bạ,2025,24.73,Ngành Luật Kinh tế
83269,HCP,luat-kinh-te,C00,Điểm học bạ,2025,26.73,Ngành Luật Kinh tế
83270,HCP,luat-kinh-te,D09,Điểm học bạ,2025,24.73,Ngành Luật Kinh tế
83271,HCP,luat-kinh-te,D84,Điểm học bạ,2025,24.73,Ngành Luật Kinh tế
83272,HCP,luat-kinh-te,A01,Điểm thi THPT,2025,24.73,Ngành Luật Kinh tế
83273,HCP,luat-kinh-te,C00,Điểm thi THPT,2025,26.73,Ngành Luật Kinh tế
83274,HCP,luat-kinh-te,D09,Điểm thi THPT,2025,24.73,Ngành Luật Kinh tế
83275,HCP,luat-kinh-te,D84,Điểm thi THPT,2025,24.73,Ngành Luật Kinh tế
83276,HCP,marketing,A01,Điểm học bạ,2025,28.66,Ngành Marketing
83277,HCP,marketing,D01,Điểm học bạ,2025,28.66,Ngành Marketing
83278,HCP,marketing,D07,Điểm học bạ,2025,28.66,Ngành Marketing
83279,HCP,marketing,D84,Điểm học bạ,2025,28.66,Ngành Marketing
83280,HCP,marketing,A01,Điểm thi THPT,2025,28.66,Ngành Marketing
83281,HCP,marketing,D01,Điểm thi THPT,2025,28.66,Ngành Marketing
83282,HCP,marketing,D07,Điểm thi THPT,2025,28.66,Ngành Marketing
83283,HCP,marketing,D84,Điểm thi THPT,2025,28.66,Ngành Marketing
83284,HCP,ngon-ngu-anh,A01,Điểm học bạ,2022,36.5,Ngôn ngữ Anh
83285,HCP,ngon-ngu-anh,D01,Điểm học bạ,2022,36.5,Ngôn ngữ Anh
83286,HCP,ngon-ngu-anh,D07,Điểm học bạ,2022,36.5,Ngôn ngữ Anh
83287,HCP,ngon-ngu-anh,D10,Điểm học bạ,2022,36.5,Ngôn ngữ Anh
83288,HCP,ngon-ngu-anh,A01,Điểm thi THPT,2022,30.8,Ngôn ngữ Anh
83289,HCP,ngon-ngu-anh,D01,Điểm thi THPT,2022,30.8,Ngôn ngữ Anh
83290,HCP,ngon-ngu-anh,D07,Điểm thi THPT,2022,30.8,Ngôn ngữ Anh
83291,HCP,ngon-ngu-anh,D10,Điểm thi THPT,2022,30.8,Ngôn ngữ Anh
83292,HCP,ngon-ngu-anh,A01,Điểm học bạ,2023,34.5,Ngôn ngữ Anh
83293,HCP,ngon-ngu-anh,D01,Điểm học bạ,2023,34.5,Ngôn ngữ Anh
83294,HCP,ngon-ngu-anh,D07,Điểm học bạ,2023,34.5,Ngôn ngữ Anh
83295,HCP,ngon-ngu-anh,D10,Điểm học bạ,2023,34.5,Ngôn ngữ Anh
83296,HCP,ngon-ngu-anh,A01,Điểm thi THPT,2023,32.3,Ngôn ngữ Anh
83297,HCP,ngon-ngu-anh,D01,Điểm thi THPT,2023,32.3,Ngôn ngữ Anh
83298,HCP,ngon-ngu-anh,D07,Điểm thi THPT,2023,32.3,Ngôn ngữ Anh
83299,HCP,ngon-ngu-anh,D10,Điểm thi THPT,2023,32.3,Ngôn ngữ Anh
83300,HCP,ngon-ngu-anh,A01,Điểm học bạ,2024,36.5,Ngôn ngữ Anh
83301,HCP,ngon-ngu-anh,D01,Điểm học bạ,2024,36.5,Ngôn ngữ Anh
83302,HCP,ngon-ngu-anh,D07,Điểm học bạ,2024,36.5,Ngôn ngữ Anh
83303,HCP,ngon-ngu-anh,D10,Điểm học bạ,2024,36.5,Ngôn ngữ Anh
83304,HCP,ngon-ngu-anh,A01,Điểm thi THPT,2024,33.05,Ngôn ngữ Anh
83305,HCP,ngon-ngu-anh,D01,Điểm thi THPT,2024,33.05,Ngôn ngữ Anh
83306,HCP,ngon-ngu-anh,D07,Điểm thi THPT,2024,33.05,Ngôn ngữ Anh
83307,HCP,ngon-ngu-anh,D10,Điểm thi THPT,2024,33.05,Ngôn ngữ Anh
83308,HCP,ngon-ngu-anh,A01,Điểm học bạ,2025,30.02,Ngành Ngôn ngữ Anh
83309,HCP,ngon-ngu-anh,D01,Điểm học bạ,2025,30.02,Ngành Ngôn ngữ Anh
83310,HCP,ngon-ngu-anh,D07,Điểm học bạ,2025,30.02,Ngành Ngôn ngữ Anh
83311,HCP,ngon-ngu-anh,D09,Điểm học bạ,2025,30.02,Ngành Ngôn ngữ Anh
83312,HCP,ngon-ngu-anh,A01,Điểm thi THPT,2025,30.02,Ngành Ngôn ngữ Anh
83313,HCP,ngon-ngu-anh,D01,Điểm thi THPT,2025,30.02,Ngành Ngôn ngữ Anh
83314,HCP,ngon-ngu-anh,D07,Điểm thi THPT,2025,30.02,Ngành Ngôn ngữ Anh
83315,HCP,ngon-ngu-anh,D09,Điểm thi THPT,2025,30.02,Ngành Ngôn ngữ Anh
83316,HCP,quan-ly-nha-nuoc,A01,Điểm học bạ,2021,21.9,Quản lý Nhà nước
83317,HCP,quan-ly-nha-nuoc,C00,Điểm học bạ,2021,21.9,Quản lý Nhà nước
83318,HCP,quan-ly-nha-nuoc,D01,Điểm học bạ,2021,21.9,Quản lý Nhà nước
83319,HCP,quan-ly-nha-nuoc,D09,Điểm học bạ,2021,21.9,Quản lý Nhà nước
83320,HCP,quan-ly-nha-nuoc,A01,Điểm thi THPT,2021,24.0,Quản lý Nhà nước
83321,HCP,quan-ly-nha-nuoc,C00,Điểm thi THPT,2021,24.0,Quản lý Nhà nước
83322,HCP,quan-ly-nha-nuoc,D01,Điểm thi THPT,2021,24.0,Quản lý Nhà nước
83323,HCP,quan-ly-nha-nuoc,D09,Điểm thi THPT,2021,24.0,Quản lý Nhà nước
83324,HCP,quan-ly-nha-nuoc,A01,Điểm học bạ,2022,27.0,Quản lý nhà nước
83325,HCP,quan-ly-nha-nuoc,C00,Điểm học bạ,2022,27.0,Quản lý nhà nước
83326,HCP,quan-ly-nha-nuoc,D01,Điểm học bạ,2022,27.0,Quản lý nhà nước
83327,HCP,quan-ly-nha-nuoc,D09,Điểm học bạ,2022,27.0,Quản lý nhà nước
83328,HCP,quan-ly-nha-nuoc,A01,Điểm thi THPT,2022,24.2,Quản lý nhà nước
83329,HCP,quan-ly-nha-nuoc,C00,Điểm thi THPT,2022,24.2,Quản lý nhà nước
83330,HCP,quan-ly-nha-nuoc,D01,Điểm thi THPT,2022,24.2,Quản lý nhà nước
83331,HCP,quan-ly-nha-nuoc,D09,Điểm thi THPT,2022,24.2,Quản lý nhà nước
83332,HCP,quan-ly-nha-nuoc,A01,Điểm học bạ,2023,26.8,Quản lý nhà nước
83333,HCP,quan-ly-nha-nuoc,C00,Điểm học bạ,2023,26.8,Quản lý nhà nước
83334,HCP,quan-ly-nha-nuoc,D01,Điểm học bạ,2023,26.8,Quản lý nhà nước
83335,HCP,quan-ly-nha-nuoc,D09,Điểm học bạ,2023,26.8,Quản lý nhà nước
83336,HCP,quan-ly-nha-nuoc,A01,Điểm thi THPT,2023,23.5,Quản lý nhà nước
83337,HCP,quan-ly-nha-nuoc,C00,Điểm thi THPT,2023,23.5,Quản lý nhà nước
83338,HCP,quan-ly-nha-nuoc,D01,Điểm thi THPT,2023,23.5,Quản lý nhà nước
83339,HCP,quan-ly-nha-nuoc,D09,Điểm thi THPT,2023,23.5,Quản lý nhà nước
83340,HCP,quan-ly-nha-nuoc,A01,Điểm học bạ,2024,26.3,Quản lý nhà nước
83341,HCP,quan-ly-nha-nuoc,C00,Điểm học bạ,2024,26.3,Quản lý nhà nước
83342,HCP,quan-ly-nha-nuoc,D01,Điểm học bạ,2024,26.3,Quản lý nhà nước
83343,HCP,quan-ly-nha-nuoc,D09,Điểm học bạ,2024,26.3,Quản lý nhà nước
83344,HCP,quan-ly-nha-nuoc,A01,Điểm thi THPT,2024,25.57,Quản lý nhà nước
83345,HCP,quan-ly-nha-nuoc,C00,Điểm thi THPT,2024,25.57,Quản lý nhà nước
83346,HCP,quan-ly-nha-nuoc,D01,Điểm thi THPT,2024,25.57,Quản lý nhà nước
83347,HCP,quan-ly-nha-nuoc,D09,Điểm thi THPT,2024,25.57,Quản lý nhà nước
83348,HCP,quan-ly-nha-nuoc,A01,Điểm học bạ,2025,24.39,Ngành Quản lý nhà nước
83349,HCP,quan-ly-nha-nuoc,D01,Điểm học bạ,2025,24.39,Ngành Quản lý nhà nước
83350,HCP,quan-ly-nha-nuoc,D84,Điểm học bạ,2025,24.39,Ngành Quản lý nhà nước
83351,HCP,quan-ly-nha-nuoc,A01,Điểm thi THPT,2025,24.39,Ngành Quản lý nhà nước
83352,HCP,quan-ly-nha-nuoc,C00,Điểm thi THPT,2025,26.39,Ngành Quản lý nhà nước
83353,HCP,quan-ly-nha-nuoc,D01,Điểm thi THPT,2025,24.39,Ngành Quản lý nhà nước
83354,HCP,quan-ly-nha-nuoc,D84,Điểm thi THPT,2025,24.39,Ngành Quản lý nhà nước
83355,HCP,quan-tri-kinh-doanh,A00,Điểm học bạ,2021,25.5,Quản trị kinh doanh
83356,HCP,quan-tri-kinh-doanh,A01,Điểm học bạ,2021,25.5,Quản trị kinh doanh
83357,HCP,quan-tri-kinh-doanh,C01,Điểm học bạ,2021,25.5,Quản trị kinh doanh
83358,HCP,quan-tri-kinh-doanh,D01,Điểm học bạ,2021,25.5,Quản trị kinh doanh
83359,HCP,quan-tri-kinh-doanh,A00,Điểm thi THPT,2021,25.25,Quản trị kinh doanh
83360,HCP,quan-tri-kinh-doanh,A01,Điểm thi THPT,2021,25.25,Quản trị kinh doanh
83361,HCP,quan-tri-kinh-doanh,C01,Điểm thi THPT,2021,25.25,Quản trị kinh doanh
83362,HCP,quan-tri-kinh-doanh,D01,Điểm thi THPT,2021,25.25,Quản trị kinh doanh
83363,HCP,quan-tri-kinh-doanh,A00,Điểm học bạ,2022,27.8,Quản trị kinh doanh
83364,HCP,quan-tri-kinh-doanh,A01,Điểm học bạ,2022,27.8,Quản trị kinh doanh
83365,HCP,quan-tri-kinh-doanh,C01,Điểm học bạ,2022,27.8,Quản trị kinh doanh
83366,HCP,quan-tri-kinh-doanh,D01,Điểm học bạ,2022,27.8,Quản trị kinh doanh
83367,HCP,quan-tri-kinh-doanh,A00,Điểm thi THPT,2022,24.5,Quản trị kinh doanh
83368,HCP,quan-tri-kinh-doanh,A01,Điểm thi THPT,2022,24.5,Quản trị kinh doanh
83369,HCP,quan-tri-kinh-doanh,C01,Điểm thi THPT,2022,24.5,Quản trị kinh doanh
83370,HCP,quan-tri-kinh-doanh,D01,Điểm thi THPT,2022,24.5,Quản trị kinh doanh
83371,HCP,quan-tri-kinh-doanh,A00,Điểm học bạ,2023,27.3,Quản trị kinh doanh
83372,HCP,quan-tri-kinh-doanh,A01,Điểm học bạ,2023,27.3,Quản trị kinh doanh
83373,HCP,quan-tri-kinh-doanh,C01,Điểm học bạ,2023,27.3,Quản trị kinh doanh
83374,HCP,quan-tri-kinh-doanh,D01,Điểm học bạ,2023,27.3,Quản trị kinh doanh
83375,HCP,quan-tri-kinh-doanh,A00,Điểm thi THPT,2023,24.39,Quản trị kinh doanh
83376,HCP,quan-tri-kinh-doanh,A01,Điểm thi THPT,2023,24.39,Quản trị kinh doanh
83377,HCP,quan-tri-kinh-doanh,C01,Điểm thi THPT,2023,24.39,Quản trị kinh doanh
83378,HCP,quan-tri-kinh-doanh,D01,Điểm thi THPT,2023,24.39,Quản trị kinh doanh
83379,HCP,quan-tri-kinh-doanh,A00,Điểm học bạ,2024,26.52,Quản trị kinh doanh
83380,HCP,quan-tri-kinh-doanh,A01,Điểm học bạ,2024,26.52,Quản trị kinh doanh
83381,HCP,quan-tri-kinh-doanh,D01,Điểm học bạ,2024,26.52,Quản trị kinh doanh
83382,HCP,quan-tri-kinh-doanh,D07,Điểm học bạ,2024,26.52,Quản trị kinh doanh
83383,HCP,quan-tri-kinh-doanh,A00,Điểm thi THPT,2024,24.68,Quản trị kinh doanh
83384,HCP,quan-tri-kinh-doanh,A01,Điểm thi THPT,2024,24.68,Quản trị kinh doanh
83385,HCP,quan-tri-kinh-doanh,D01,Điểm thi THPT,2024,24.68,Quản trị kinh doanh
83386,HCP,quan-tri-kinh-doanh,D07,Điểm thi THPT,2024,24.68,Quản trị kinh doanh
83387,HCP,quan-tri-kinh-doanh,A01,Điểm học bạ,2025,22.3,Ngành Quản trị kinh doanh
83388,HCP,quan-tri-kinh-doanh,D01,Điểm học bạ,2025,22.3,Ngành Quản trị kinh doanh
83389,HCP,quan-tri-kinh-doanh,D07,Điểm học bạ,2025,22.3,Ngành Quản trị kinh doanh
83390,HCP,quan-tri-kinh-doanh,D84,Điểm học bạ,2025,22.3,Ngành Quản trị kinh doanh
83391,HCP,quan-tri-kinh-doanh,A01,Điểm thi THPT,2025,22.3,Ngành Quản trị kinh doanh
83392,HCP,quan-tri-kinh-doanh,D01,Điểm thi THPT,2025,22.3,Ngành Quản trị kinh doanh
83393,HCP,quan-tri-kinh-doanh,D07,Điểm thi THPT,2025,22.3,Ngành Quản trị kinh doanh
83394,HCP,quan-tri-kinh-doanh,D84,Điểm thi THPT,2025,22.3,Ngành Quản trị kinh doanh
83395,HCP,quan-tri-kinh-doanh-chat-luong-cao-giang-day-bang-tieng-anh,A01,Điểm học bạ,2024,33.0,Quản trị kinh doanh chất lượng cao giảng dạy bằng Tiếng Anh
83396,HCP,quan-tri-kinh-doanh-chat-luong-cao-giang-day-bang-tieng-anh,D01,Điểm học bạ,2024,33.0,Quản trị kinh doanh chất lượng cao giảng dạy bằng Tiếng Anh
83397,HCP,quan-tri-kinh-doanh-chat-luong-cao-giang-day-bang-tieng-anh,D07,Điểm học bạ,2024,33.0,Quản trị kinh doanh chất lượng cao giảng dạy bằng Tiếng Anh
83398,HCP,quan-tri-kinh-doanh-chat-luong-cao-giang-day-bang-tieng-anh,D10,Điểm học bạ,2024,33.0,Quản trị kinh doanh chất lượng cao giảng dạy bằng Tiếng Anh
83399,HCP,quan-tri-kinh-doanh-chat-luong-cao-giang-day-bang-tieng-anh,A01,Điểm thi THPT,2024,33.33,Quản trị kinh doanh chất lượng cao giảng dạy bằng Tiếng Anh
83400,HCP,quan-tri-kinh-doanh-chat-luong-cao-giang-day-bang-tieng-anh,D01,Điểm thi THPT,2024,33.33,Quản trị kinh doanh chất lượng cao giảng dạy bằng Tiếng Anh
83401,HCP,quan-tri-kinh-doanh-chat-luong-cao-giang-day-bang-tieng-anh,D07,Điểm thi THPT,2024,33.33,Quản trị kinh doanh chất lượng cao giảng dạy bằng Tiếng Anh
83402,HCP,quan-tri-kinh-doanh-chat-luong-cao-giang-day-bang-tieng-anh,D10,Điểm thi THPT,2024,33.33,Quản trị kinh doanh chất lượng cao giảng dạy bằng Tiếng Anh
83403,HCP,tai-chinh-chat-luong-cao-giang-day-bang-tieng-anh,A01,Điểm thi THPT,2024,33.3,Tài chính chất lượng cao giảng dạy bằng Tiếng Anh
83404,HCP,tai-chinh-chat-luong-cao-giang-day-bang-tieng-anh,D01,Điểm thi THPT,2024,33.3,Tài chính chất lượng cao giảng dạy bằng Tiếng Anh
83405,HCP,tai-chinh-chat-luong-cao-giang-day-bang-tieng-anh,D07,Điểm thi THPT,2024,33.3,Tài chính chất lượng cao giảng dạy bằng Tiếng Anh
83406,HCP,tai-chinh-chat-luong-cao-giang-day-bang-tieng-anh,D10,Điểm thi THPT,2024,33.3,Tài chính chất lượng cao giảng dạy bằng Tiếng Anh
83407,HCP,tai-chinh-ngan-hang,A00,Điểm học bạ,2021,24.9,Tài chính – Ngân hàng
83408,HCP,tai-chinh-ngan-hang,A01,Điểm học bạ,2021,24.9,Tài chính – Ngân hàng
83409,HCP,tai-chinh-ngan-hang,D01,Điểm học bạ,2021,24.9,Tài chính – Ngân hàng
83410,HCP,tai-chinh-ngan-hang,D07,Điểm học bạ,2021,24.9,Tài chính – Ngân hàng
83411,HCP,tai-chinh-ngan-hang,A00,Điểm thi THPT,2021,25.35,Tài chính - Ngân hàng
83412,HCP,tai-chinh-ngan-hang,A01,Điểm thi THPT,2021,25.35,Tài chính - Ngân hàng
83413,HCP,tai-chinh-ngan-hang,D01,Điểm thi THPT,2021,25.35,Tài chính - Ngân hàng
83414,HCP,tai-chinh-ngan-hang,D07,Điểm thi THPT,2021,25.35,Tài chính - Ngân hàng
83415,HCP,tai-chinh-ngan-hang,A00,Điểm học bạ,2022,27.8,Tài chính - Ngân hàng
83416,HCP,tai-chinh-ngan-hang,A01,Điểm học bạ,2022,27.8,Tài chính - Ngân hàng
83417,HCP,tai-chinh-ngan-hang,D01,Điểm học bạ,2022,27.8,Tài chính - Ngân hàng
83418,HCP,tai-chinh-ngan-hang,D07,Điểm học bạ,2022,27.8,Tài chính - Ngân hàng
83419,HCP,tai-chinh-ngan-hang,A00,Điểm thi THPT,2022,24.5,Tài chính ngân hàng
83420,HCP,tai-chinh-ngan-hang,A01,Điểm thi THPT,2022,24.5,Tài chính ngân hàng
83421,HCP,tai-chinh-ngan-hang,D01,Điểm thi THPT,2022,24.5,Tài chính ngân hàng
83422,HCP,tai-chinh-ngan-hang,D07,Điểm thi THPT,2022,24.5,Tài chính ngân hàng
83423,HCP,tai-chinh-ngan-hang,A00,Điểm học bạ,2023,27.21,Tài chính - Ngân hàng
83424,HCP,tai-chinh-ngan-hang,A01,Điểm học bạ,2023,27.21,Tài chính - Ngân hàng
83425,HCP,tai-chinh-ngan-hang,D01,Điểm học bạ,2023,27.21,Tài chính - Ngân hàng
83426,HCP,tai-chinh-ngan-hang,D07,Điểm học bạ,2023,27.21,Tài chính - Ngân hàng
83427,HCP,tai-chinh-ngan-hang,A00,Điểm thi THPT,2023,24.85,Tài chính - Ngân hàng
83428,HCP,tai-chinh-ngan-hang,A01,Điểm thi THPT,2023,24.85,Tài chính - Ngân hàng
83429,HCP,tai-chinh-ngan-hang,D01,Điểm thi THPT,2023,24.85,Tài chính - Ngân hàng
83430,HCP,tai-chinh-ngan-hang,D07,Điểm thi THPT,2023,24.85,Tài chính - Ngân hàng
83431,HCP,tai-chinh-ngan-hang,A00,Điểm học bạ,2024,27.11,Tài chính - Ngân hàng
83432,HCP,tai-chinh-ngan-hang,A01,Điểm học bạ,2024,27.11,Tài chính - Ngân hàng
83433,HCP,tai-chinh-ngan-hang,D01,Điểm học bạ,2024,27.11,Tài chính - Ngân hàng
83434,HCP,tai-chinh-ngan-hang,D07,Điểm học bạ,2024,27.11,Tài chính - Ngân hàng
83435,HCP,tai-chinh-ngan-hang,A00,Điểm thi THPT,2024,25.26,Tài chính - Ngân hàng
83436,HCP,tai-chinh-ngan-hang,A01,Điểm thi THPT,2024,25.26,Tài chính - Ngân hàng
83437,HCP,tai-chinh-ngan-hang,D01,Điểm thi THPT,2024,25.26,Tài chính - Ngân hàng
83438,HCP,tai-chinh-ngan-hang,D07,Điểm thi THPT,2024,25.26,Tài chính - Ngân hàng
83439,HCP,tai-chinh-ngan-hang,A01,Điểm học bạ,2025,29.9,Ngành Tài chính - Ngân hàng (Chuyên ngành Tài chính chất lượng cao giảng dạy bằng Tiếng Anh)
83440,HCP,tai-chinh-ngan-hang,D01,Điểm học bạ,2025,29.9,Ngành Tài chính - Ngân hàng (Chuyên ngành Tài chính chất lượng cao giảng dạy bằng Tiếng Anh)
83441,HCP,tai-chinh-ngan-hang,D07,Điểm học bạ,2025,29.9,Ngành Tài chính - Ngân hàng (Chuyên ngành Tài chính chất lượng cao giảng dạy bằng Tiếng Anh)
83442,HCP,tai-chinh-ngan-hang,D84,Điểm học bạ,2025,29.9,Ngành Tài chính - Ngân hàng (Chuyên ngành Tài chính chất lượng cao giảng dạy bằng Tiếng Anh)
83443,HCP,tai-chinh-ngan-hang,A01,Điểm thi THPT,2025,29.9,Ngành Tài chính - Ngân hàng (Chuyên ngành Tài chính chất lượng cao giảng dạy bằng Tiếng Anh)
83444,HCP,tai-chinh-ngan-hang,D01,Điểm thi THPT,2025,29.9,Ngành Tài chính - Ngân hàng (Chuyên ngành Tài chính chất lượng cao giảng dạy bằng Tiếng Anh)
83445,HCP,tai-chinh-ngan-hang,D07,Điểm thi THPT,2025,29.9,Ngành Tài chính - Ngân hàng (Chuyên ngành Tài chính chất lượng cao giảng dạy bằng Tiếng Anh)
83446,HCP,tai-chinh-ngan-hang,D84,Điểm thi THPT,2025,29.9,Ngành Tài chính - Ngân hàng (Chuyên ngành Tài chính chất lượng cao giảng dạy bằng Tiếng Anh)
83447,HCP,tai-chinh-ngan-hang-chat-luong-cao-giang-day-bang-tieng-anh,A01,Điểm học bạ,2024,32.0,Tài chính ngân hàng chất lượng cao giảng dạy bằng Tiếng Anh
83448,HCP,tai-chinh-ngan-hang-chat-luong-cao-giang-day-bang-tieng-anh,D01,Điểm học bạ,2024,32.0,Tài chính ngân hàng chất lượng cao giảng dạy bằng Tiếng Anh
83449,HCP,tai-chinh-ngan-hang-chat-luong-cao-giang-day-bang-tieng-anh,D07,Điểm học bạ,2024,32.0,Tài chính ngân hàng chất lượng cao giảng dạy bằng Tiếng Anh
83450,HCP,tai-chinh-ngan-hang-chat-luong-cao-giang-day-bang-tieng-anh,D10,Điểm học bạ,2024,32.0,Tài chính ngân hàng chất lượng cao giảng dạy bằng Tiếng Anh
83451,HCP,tai-chinh-ngan-hang-clc-giang-day-bang-tieng-anh,A00,Điểm học bạ,2023,27.0,Tài chính - Ngân hàng CLC giảng dạy bằng Tiếng Anh
83452,HCP,tai-chinh-ngan-hang-clc-giang-day-bang-tieng-anh,A01,Điểm học bạ,2023,27.0,Tài chính - Ngân hàng CLC giảng dạy bằng Tiếng Anh
83453,HCP,tai-chinh-ngan-hang-clc-giang-day-bang-tieng-anh,D01,Điểm học bạ,2023,27.0,Tài chính - Ngân hàng CLC giảng dạy bằng Tiếng Anh
83454,HCP,tai-chinh-ngan-hang-clc-giang-day-bang-tieng-anh,D07,Điểm học bạ,2023,27.0,Tài chính - Ngân hàng CLC giảng dạy bằng Tiếng Anh
83455,HCS,kinh-te,A00,Điểm học bạ,2024,23.0,Kinh tế
83456,HCS,kinh-te,A01,Điểm học bạ,2024,23.0,Kinh tế
83457,HCS,kinh-te,A07,Điểm học bạ,2024,23.0,Kinh tế
83458,HCS,kinh-te,D01,Điểm học bạ,2024,23.0,Kinh tế
83459,HCS,kinh-te,A00,Điểm thi THPT,2024,21.5,Kinh tế
83460,HCS,kinh-te,A01,Điểm thi THPT,2024,21.5,Kinh tế
83461,HCS,kinh-te,A07,Điểm thi THPT,2024,21.5,Kinh tế
83462,HCS,kinh-te,D01,Điểm thi THPT,2024,21.5,Kinh tế
83463,HCS,kinh-te,A01,Điểm học bạ,2025,19.15,Kinh tế
83464,HCS,kinh-te,C01,Điểm học bạ,2025,19.15,Kinh tế
83465,HCS,kinh-te,C04,Điểm học bạ,2025,19.15,Kinh tế
83466,HCS,kinh-te,D01,Điểm học bạ,2025,19.15,Kinh tế
83467,HCS,kinh-te,X01,Điểm học bạ,2025,19.15,Kinh tế
83468,HCS,kinh-te,A01,Điểm thi THPT,2025,19.15,Kinh tế
83469,HCS,kinh-te,C00,Điểm thi THPT,2025,23.35,Kinh tế
83470,HCS,kinh-te,C01,Điểm thi THPT,2025,19.15,Kinh tế
83471,HCS,kinh-te,C04,Điểm thi THPT,2025,19.15,Kinh tế
83472,HCS,kinh-te,D01,Điểm thi THPT,2025,19.15,Kinh tế
83473,HCS,kinh-te,X01,Điểm thi THPT,2025,23.35,Kinh tế
83474,HCS,luat,A00,Điểm học bạ,2024,28.0,Luật
83475,HCS,luat,A01,Điểm học bạ,2024,28.0,Luật
83476,HCS,luat,C00,Điểm học bạ,2024,28.0,Luật
83477,HCS,luat,D01,Điểm học bạ,2024,28.0,Luật
83478,HCS,luat,A00,Điểm thi THPT,2024,26.45,Luật
83479,HCS,luat,A01,Điểm thi THPT,2024,26.45,Luật
83480,HCS,luat,C00,Điểm thi THPT,2024,26.45,Luật
83481,HCS,luat,D01,Điểm thi THPT,2024,26.45,Luật
83482,HCS,luat,A00,Điểm học bạ,2025,18.0,Luật
83483,HCS,luat,A01,Điểm học bạ,2025,18.0,Luật
83484,HCS,luat,C00,Điểm học bạ,2025,18.0,Luật
83485,HCS,luat,C03,Điểm học bạ,2025,23.4,Luật
83486,HCS,luat,C04,Điểm học bạ,2025,18.0,Luật
83487,HCS,luat,D01,Điểm học bạ,2025,18.0,Luật
83488,HCS,luat,X01,Điểm học bạ,2025,23.4,Luật
83489,HCS,luat,A00,Điểm thi THPT,2025,18.0,Luật
83490,HCS,luat,A01,Điểm thi THPT,2025,18.0,Luật
83491,HCS,luat,C00,Điểm thi THPT,2025,18.0,Luật
83492,HCS,luat,C03,Điểm thi THPT,2025,23.4,Luật
83493,HCS,luat,C04,Điểm thi THPT,2025,18.0,Luật
83494,HCS,luat,D01,Điểm thi THPT,2025,18.0,Luật
83495,HCS,luat,X01,Điểm thi THPT,2025,26.4,Luật
83496,HCS,luu-tru-hoc,C00,Điểm học bạ,2024,24.5,Lưu trữ học
83497,HCS,luu-tru-hoc,C03,Điểm học bạ,2024,24.5,Lưu trữ học
83498,HCS,luu-tru-hoc,C19,Điểm học bạ,2024,25.5,Lưu trữ học
83499,HCS,luu-tru-hoc,D14,Điểm học bạ,2024,24.5,Lưu trữ học
83500,HCS,luu-tru-hoc,C00,Điểm thi THPT,2024,23.75,Lưu trữ học
83501,HCS,luu-tru-hoc,C03,Điểm thi THPT,2024,23.75,Lưu trữ học
83502,HCS,luu-tru-hoc,C19,Điểm thi THPT,2024,24.75,Lưu trữ học
83503,HCS,luu-tru-hoc,D14,Điểm thi THPT,2024,23.75,Lưu trữ học
83504,HCS,luu-tru-hoc,C00,Điểm học bạ,2025,21.35,Lưu trữ học
83505,HCS,luu-tru-hoc,C03,Điểm học bạ,2025,21.35,Lưu trữ học
83506,HCS,luu-tru-hoc,D01,Điểm học bạ,2025,21.35,Lưu trữ học
83507,HCS,luu-tru-hoc,D07,Điểm học bạ,2025,21.35,Lưu trữ học
83508,HCS,luu-tru-hoc,D14,Điểm học bạ,2025,21.35,Lưu trữ học
83509,HCS,luu-tru-hoc,C00,Điểm thi THPT,2025,23.35,Lưu trữ học
83510,HCS,luu-tru-hoc,C03,Điểm thi THPT,2025,21.35,Lưu trữ học
83511,HCS,luu-tru-hoc,D01,Điểm thi THPT,2025,21.35,Lưu trữ học
83512,HCS,luu-tru-hoc,D07,Điểm thi THPT,2025,21.35,Lưu trữ học
83513,HCS,luu-tru-hoc,D14,Điểm thi THPT,2025,21.35,Lưu trữ học
83514,HCS,quan-ly-nha-nuoc,A00,Điểm học bạ,2024,26.0,Quản lý nhà nước
83515,HCS,quan-ly-nha-nuoc,C00,Điểm học bạ,2024,26.0,Quản lý nhà nước
83516,HCS,quan-ly-nha-nuoc,D01,Điểm học bạ,2024,26.0,Quản lý nhà nước
83517,HCS,quan-ly-nha-nuoc,D15,Điểm học bạ,2024,26.0,Quản lý nhà nước
83518,HCS,quan-ly-nha-nuoc,A00,Điểm thi THPT,2024,25.35,Quản lý nhà nước
83519,HCS,quan-ly-nha-nuoc,C00,Điểm thi THPT,2024,25.35,Quản lý nhà nước
83520,HCS,quan-ly-nha-nuoc,D01,Điểm thi THPT,2024,25.35,Quản lý nhà nước
83521,HCS,quan-ly-nha-nuoc,D15,Điểm thi THPT,2024,25.35,Quản lý nhà nước
83522,HCS,quan-ly-nha-nuoc,C00,Điểm học bạ,2025,16.0,Quản lý nhà nước
83523,HCS,quan-ly-nha-nuoc,C03,Điểm học bạ,2025,23.75,Quản lý nhà nước
83524,HCS,quan-ly-nha-nuoc,C04,Điểm học bạ,2025,23.75,Quản lý nhà nước
83525,HCS,quan-ly-nha-nuoc,D01,Điểm học bạ,2025,16.0,Quản lý nhà nước
83526,HCS,quan-ly-nha-nuoc,D15,Điểm học bạ,2025,16.0,Quản lý nhà nước
83527,HCS,quan-ly-nha-nuoc,X01,Điểm học bạ,2025,16.0,Quản lý nhà nước
83528,HCS,quan-ly-nha-nuoc,X74,Điểm học bạ,2025,16.0,Quản lý nhà nước
83529,HCS,quan-ly-nha-nuoc,C00,Điểm thi THPT,2025,16.0,Quản lý nhà nước
83530,HCS,quan-ly-nha-nuoc,C03,Điểm thi THPT,2025,23.75,Quản lý nhà nước
83531,HCS,quan-ly-nha-nuoc,C04,Điểm thi THPT,2025,23.75,Quản lý nhà nước
83532,HCS,quan-ly-nha-nuoc,D01,Điểm thi THPT,2025,16.0,Quản lý nhà nước
83533,HCS,quan-ly-nha-nuoc,D15,Điểm thi THPT,2025,16.0,Quản lý nhà nước
83534,HCS,quan-ly-nha-nuoc,X01,Điểm thi THPT,2025,16.0,Quản lý nhà nước
83535,HCS,quan-ly-nha-nuoc,X74,Điểm thi THPT,2025,18.0,Quản lý nhà nước
83536,HCS,quan-tri-nhan-luc,A00,Điểm học bạ,2025,16.0,Quản trị nhân lực
83537,HCS,quan-tri-nhan-luc,A01,Điểm học bạ,2025,16.0,Quản trị nhân lực
83538,HCS,quan-tri-nhan-luc,C00,Điểm học bạ,2025,16.0,Quản trị nhân lực
83539,HCS,quan-tri-nhan-luc,C04,Điểm học bạ,2025,16.0,Quản trị nhân lực
83540,HCS,quan-tri-nhan-luc,D01,Điểm học bạ,2025,16.0,Quản trị nhân lực
83541,HCS,quan-tri-nhan-luc,X01,Điểm học bạ,2025,22.5,Quản trị nhân lực
83542,HCS,quan-tri-nhan-luc,A00,Điểm thi THPT,2025,16.0,Quản trị nhân lực
83543,HCS,quan-tri-nhan-luc,A01,Điểm thi THPT,2025,16.0,Quản trị nhân lực
83544,HCS,quan-tri-nhan-luc,C00,Điểm thi THPT,2025,16.0,Quản trị nhân lực
83545,HCS,quan-tri-nhan-luc,C04,Điểm thi THPT,2025,16.0,Quản trị nhân lực
83546,HCS,quan-tri-nhan-luc,D01,Điểm thi THPT,2025,16.0,Quản trị nhân lực
83547,HCS,quan-tri-nhan-luc,X01,Điểm thi THPT,2025,24.5,Quản trị nhân lực
83548,HCS,quan-tri-van-phong,A01,Điểm học bạ,2024,25.0,Quản trị văn phòng
83549,HCS,quan-tri-van-phong,C00,Điểm học bạ,2024,25.0,Quản trị văn phòng
83550,HCS,quan-tri-van-phong,D01,Điểm học bạ,2024,25.0,Quản trị văn phòng
83551,HCS,quan-tri-van-phong,D15,Điểm học bạ,2024,25.0,Quản trị văn phòng
83552,HCS,quan-tri-van-phong,A01,Điểm thi THPT,2024,24.25,Quản trị văn phòng
83553,HCS,quan-tri-van-phong,C00,Điểm thi THPT,2024,24.25,Quản trị văn phòng
83554,HCS,quan-tri-van-phong,D01,Điểm thi THPT,2024,24.25,Quản trị văn phòng
83555,HCS,quan-tri-van-phong,D15,Điểm thi THPT,2024,24.25,Quản trị văn phòng
83556,HCS,quan-tri-van-phong,A01,Điểm học bạ,2025,21.5,Quản trị văn phòng
83557,HCS,quan-tri-van-phong,C00,Điểm học bạ,2025,21.5,Quản trị văn phòng
83558,HCS,quan-tri-van-phong,C03,Điểm học bạ,2025,21.5,Quản trị văn phòng
83559,HCS,quan-tri-van-phong,D01,Điểm học bạ,2025,21.5,Quản trị văn phòng
83560,HCS,quan-tri-van-phong,X01,Điểm học bạ,2025,21.5,Quản trị văn phòng
83561,HCS,quan-tri-van-phong,A01,Điểm thi THPT,2025,21.5,Quản trị văn phòng
83562,HCS,quan-tri-van-phong,C00,Điểm thi THPT,2025,26.05,Quản trị văn phòng
83563,HCS,quan-tri-van-phong,C03,Điểm thi THPT,2025,21.5,Quản trị văn phòng
83564,HCS,quan-tri-van-phong,D01,Điểm thi THPT,2025,21.5,Quản trị văn phòng
83565,HCS,quan-tri-van-phong,X01,Điểm thi THPT,2025,26.05,Quản trị văn phòng
83566,HCS,thanh-tra-thuoc-nganh-luat,A01,Điểm học bạ,2025,23.4,Chuyên ngành Thanh tra thuộc ngành Luật
83567,HCS,thanh-tra-thuoc-nganh-luat,C00,Điểm học bạ,2025,23.4,Chuyên ngành Thanh tra thuộc ngành Luật
83568,HCS,thanh-tra-thuoc-nganh-luat,C03,Điểm học bạ,2025,23.4,Chuyên ngành Thanh tra thuộc ngành Luật
83569,HCS,thanh-tra-thuoc-nganh-luat,D01,Điểm học bạ,2025,23.4,Chuyên ngành Thanh tra thuộc ngành Luật
83570,HCS,thanh-tra-thuoc-nganh-luat,X01,Điểm học bạ,2025,23.4,Chuyên ngành Thanh tra thuộc ngành Luật
83571,HCS,thanh-tra-thuoc-nganh-luat,A01,Điểm thi THPT,2025,23.4,Chuyên ngành Thanh tra thuộc ngành Luật
83572,HCS,thanh-tra-thuoc-nganh-luat,C00,Điểm thi THPT,2025,25.5,Chuyên ngành Thanh tra thuộc ngành Luật
83573,HCS,thanh-tra-thuoc-nganh-luat,C03,Điểm thi THPT,2025,23.4,Chuyên ngành Thanh tra thuộc ngành Luật
83574,HCS,thanh-tra-thuoc-nganh-luat,D01,Điểm thi THPT,2025,23.4,Chuyên ngành Thanh tra thuộc ngành Luật
83575,HCS,thanh-tra-thuoc-nganh-luat,X01,Điểm thi THPT,2025,25.5,Chuyên ngành Thanh tra thuộc ngành Luật
83576,HCS,van-thu-luu-tru-thuoc-nganh-luu-tru-hoc,C00,Điểm học bạ,2025,21.35,Chuyên ngành Văn thư - Lưu trữ thuộc ngành Lưu trữ học
83577,HCS,van-thu-luu-tru-thuoc-nganh-luu-tru-hoc,C03,Điểm học bạ,2025,21.35,Chuyên ngành Văn thư - Lưu trữ thuộc ngành Lưu trữ học
83578,HCS,van-thu-luu-tru-thuoc-nganh-luu-tru-hoc,D01,Điểm học bạ,2025,21.35,Chuyên ngành Văn thư - Lưu trữ thuộc ngành Lưu trữ học
83579,HCS,van-thu-luu-tru-thuoc-nganh-luu-tru-hoc,D07,Điểm học bạ,2025,21.35,Chuyên ngành Văn thư - Lưu trữ thuộc ngành Lưu trữ học
83580,HCS,van-thu-luu-tru-thuoc-nganh-luu-tru-hoc,D14,Điểm học bạ,2025,21.35,Chuyên ngành Văn thư - Lưu trữ thuộc ngành Lưu trữ học
83581,HCS,van-thu-luu-tru-thuoc-nganh-luu-tru-hoc,C00,Điểm thi THPT,2025,27.9,Chuyên ngành Văn thư - Lưu trữ thuộc ngành Lưu trữ học
83582,HCS,van-thu-luu-tru-thuoc-nganh-luu-tru-hoc,C03,Điểm thi THPT,2025,21.35,Chuyên ngành Văn thư - Lưu trữ thuộc ngành Lưu trữ học
83583,HCS,van-thu-luu-tru-thuoc-nganh-luu-tru-hoc,D01,Điểm thi THPT,2025,21.35,Chuyên ngành Văn thư - Lưu trữ thuộc ngành Lưu trữ học
83584,HCS,van-thu-luu-tru-thuoc-nganh-luu-tru-hoc,D07,Điểm thi THPT,2025,21.35,Chuyên ngành Văn thư - Lưu trữ thuộc ngành Lưu trữ học
83585,HCS,van-thu-luu-tru-thuoc-nganh-luu-tru-hoc,D14,Điểm thi THPT,2025,21.35,Chuyên ngành Văn thư - Lưu trữ thuộc ngành Lưu trữ học
83586,HCS,xay-dung-dang-va-chinh-quyen-nha-nuoc,C00,Điểm học bạ,2025,23.45,Xây dựng Đảng và chính quyền nhà nước
83587,HCS,xay-dung-dang-va-chinh-quyen-nha-nuoc,C03,Điểm học bạ,2025,23.45,Xây dựng Đảng và chính quyền nhà nước
83588,HCS,xay-dung-dang-va-chinh-quyen-nha-nuoc,C04,Điểm học bạ,2025,23.45,Xây dựng Đảng và chính quyền nhà nước
83589,HCS,xay-dung-dang-va-chinh-quyen-nha-nuoc,D01,Điểm học bạ,2025,23.45,Xây dựng Đảng và chính quyền nhà nước
83590,HCS,xay-dung-dang-va-chinh-quyen-nha-nuoc,X01,Điểm học bạ,2025,23.45,Xây dựng Đảng và chính quyền nhà nước
83591,HCS,xay-dung-dang-va-chinh-quyen-nha-nuoc,C00,Điểm thi THPT,2025,25.45,Xây dựng Đàng và chính quyền nhà nước
83592,HCS,xay-dung-dang-va-chinh-quyen-nha-nuoc,C03,Điểm thi THPT,2025,23.45,Xây dựng Đảng và chính quyền nhà nước
83593,HCS,xay-dung-dang-va-chinh-quyen-nha-nuoc,C04,Điểm thi THPT,2025,23.45,Xây dựng Đảng và chính quyền nhà nước
83594,HCS,xay-dung-dang-va-chinh-quyen-nha-nuoc,D01,Điểm thi THPT,2025,23.45,Xây dựng Đảng và chính quyền nhà nước
83595,HCS,xay-dung-dang-va-chinh-quyen-nha-nuoc,X01,Điểm thi THPT,2025,25.45,Xây dựng Đàng và chính quyền nhà nước
83596,HDT,cd-giao-duc-mam-non,M00,Điểm thi THPT,2021,17.0,CĐ Giáo dục Mầm non
83597,HDT,cd-giao-duc-mam-non,M05,Điểm thi THPT,2021,17.0,CĐ Giáo dục Mầm non
83598,HDT,cd-giao-duc-mam-non,M07,Điểm thi THPT,2021,17.0,CĐ Giáo dục Mầm non
83599,HDT,cd-giao-duc-mam-non,M11,Điểm thi THPT,2021,17.0,CĐ Giáo dục Mầm non
83600,HDT,chan-nuoi-thu-y,A00,Điểm học bạ,2023,16.5,Chăn nuôi-Thú y
83601,HDT,chan-nuoi-thu-y,B00,Điểm học bạ,2023,16.5,Chăn nuôi-Thú y
83602,HDT,chan-nuoi-thu-y,C14,Điểm học bạ,2023,16.5,Chăn nuôi-Thú y
83603,HDT,chan-nuoi-thu-y,C20,Điểm học bạ,2023,16.5,Chăn nuôi-Thú y
83604,HDT,chan-nuoi-thu-y,A00,Điểm thi THPT,2023,15.0,Chăn nuôi-Thú y
83605,HDT,chan-nuoi-thu-y,B00,Điểm thi THPT,2023,15.0,Chăn nuôi-Thú y
83606,HDT,chan-nuoi-thu-y,C14,Điểm thi THPT,2023,15.0,Chăn nuôi-Thú y
83607,HDT,chan-nuoi-thu-y,C20,Điểm thi THPT,2023,15.0,Chăn nuôi-Thú y
83608,HDT,chan-nuoi-thu-y,A00,Điểm học bạ,2024,16.5,Chăn nuôi - Thú y
83609,HDT,chan-nuoi-thu-y,B00,Điểm học bạ,2024,16.5,Chăn nuôi - Thú y
83610,HDT,chan-nuoi-thu-y,C14,Điểm học bạ,2024,16.5,Chăn nuôi - Thú y
83611,HDT,chan-nuoi-thu-y,C20,Điểm học bạ,2024,16.5,Chăn nuôi - Thú y
83612,HDT,chan-nuoi-thu-y,A00,Điểm thi THPT,2024,15.0,Chăn nuôi - Thú y
83613,HDT,chan-nuoi-thu-y,B00,Điểm thi THPT,2024,15.0,Chăn nuôi - Thú y
83614,HDT,chan-nuoi-thu-y,C14,Điểm thi THPT,2024,15.0,Chăn nuôi - Thú y
83615,HDT,chan-nuoi-thu-y,C20,Điểm thi THPT,2024,15.0,Chăn nuôi - Thú y
83616,HDT,chan-nuoi-thu-y,B03,Điểm học bạ,2025,16.0,Chăn nuôi - Thú y
83617,HDT,chan-nuoi-thu-y,C01,Điểm học bạ,2025,16.0,Chăn nuôi - Thú y
83618,HDT,chan-nuoi-thu-y,C02,Điểm học bạ,2025,16.0,Chăn nuôi - Thú y
83619,HDT,chan-nuoi-thu-y,C04,Điểm học bạ,2025,16.0,Chăn nuôi - Thú y
83620,HDT,chan-nuoi-thu-y,C14,Điểm học bạ,2025,16.0,Chăn nuôi - Thú y
83621,HDT,chan-nuoi-thu-y,X01,Điểm học bạ,2025,16.0,Chăn nuôi - Thú y
83622,HDT,chan-nuoi-thu-y,B03,Điểm thi THPT,2025,16.0,Chăn nuôi - Thú y
83623,HDT,chan-nuoi-thu-y,C01,Điểm thi THPT,2025,16.0,Chăn nuôi - Thú y
83624,HDT,chan-nuoi-thu-y,C02,Điểm thi THPT,2025,16.0,Chăn nuôi - Thú y
83625,HDT,chan-nuoi-thu-y,C04,Điểm thi THPT,2025,16.0,Chăn nuôi - Thú y
83626,HDT,chan-nuoi-thu-y,C14,Điểm thi THPT,2025,16.0,Chăn nuôi - Thú y
83627,HDT,chan-nuoi-thu-y,X01,Điểm thi THPT,2025,16.0,Chăn nuôi - Thú y
83628,HDT,chinh-tri-hoc,C00,Điểm học bạ,2025,16.0,Chính trị học
83629,HDT,chinh-tri-hoc,C03,Điểm học bạ,2025,16.0,Chính trị học
83630,HDT,chinh-tri-hoc,C12,Điểm học bạ,2025,16.0,Chính trị học
83631,HDT,chinh-tri-hoc,C19,Điểm học bạ,2025,16.0,Chính trị học
83632,HDT,chinh-tri-hoc,D14,Điểm học bạ,2025,16.0,Chính trị học
83633,HDT,chinh-tri-hoc,X70,Điểm học bạ,2025,16.0,Chính trị học
83634,HDT,chinh-tri-hoc,C00,Điểm thi THPT,2025,16.0,Chính trị học
83635,HDT,chinh-tri-hoc,C03,Điểm thi THPT,2025,16.0,Chính trị học
83636,HDT,chinh-tri-hoc,C12,Điểm thi THPT,2025,16.0,Chính trị học
83637,HDT,chinh-tri-hoc,C19,Điểm thi THPT,2025,16.0,Chính trị học
83638,HDT,chinh-tri-hoc,D14,Điểm thi THPT,2025,16.0,Chính trị học
83639,HDT,chinh-tri-hoc,X70,Điểm thi THPT,2025,16.0,Chính trị học
83640,HDT,cong-nghe-thong-tin,A00,Điểm học bạ,2023,20.0,Công nghệ thông tin
83641,HDT,cong-nghe-thong-tin,A01,Điểm học bạ,2023,20.0,Công nghệ thông tin
83642,HDT,cong-nghe-thong-tin,D01,Điểm học bạ,2023,20.0,Công nghệ thông tin
83643,HDT,cong-nghe-thong-tin,D84,Điểm học bạ,2023,20.0,Công nghệ thông tin
83644,HDT,cong-nghe-thong-tin,A00,Điểm thi THPT,2023,16.0,Công nghệ thông tin
83645,HDT,cong-nghe-thong-tin,A01,Điểm thi THPT,2023,16.0,Công nghệ thông tin
83646,HDT,cong-nghe-thong-tin,D01,Điểm thi THPT,2023,16.0,Công nghệ thông tin
83647,HDT,cong-nghe-thong-tin,D84,Điểm thi THPT,2023,16.0,Công nghệ thông tin
83648,HDT,cong-nghe-thong-tin,A00,Điểm học bạ,2024,20.0,Công nghệ thông tin
83649,HDT,cong-nghe-thong-tin,A01,Điểm học bạ,2024,20.0,Công nghệ thông tin
83650,HDT,cong-nghe-thong-tin,D01,Điểm học bạ,2024,20.0,Công nghệ thông tin
83651,HDT,cong-nghe-thong-tin,D84,Điểm học bạ,2024,20.0,Công nghệ thông tin
83652,HDT,cong-nghe-thong-tin,A00,Điểm thi THPT,2024,16.0,Công nghệ thông tin
83653,HDT,cong-nghe-thong-tin,A01,Điểm thi THPT,2024,16.0,Công nghệ thông tin
83654,HDT,cong-nghe-thong-tin,D01,Điểm thi THPT,2024,16.0,Công nghệ thông tin
83655,HDT,cong-nghe-thong-tin,D84,Điểm thi THPT,2024,16.0,Công nghệ thông tin
83656,HDT,cong-nghe-thong-tin,B03,Điểm học bạ,2025,17.5,Công nghệ thông tin
83657,HDT,cong-nghe-thong-tin,C01,Điểm học bạ,2025,17.5,Công nghệ thông tin
83658,HDT,cong-nghe-thong-tin,C02,Điểm học bạ,2025,17.5,Công nghệ thông tin
83659,HDT,cong-nghe-thong-tin,C04,Điểm học bạ,2025,17.5,Công nghệ thông tin
83660,HDT,cong-nghe-thong-tin,D01,Điểm học bạ,2025,17.5,Công nghệ thông tin
83661,HDT,cong-nghe-thong-tin,B03,Điểm thi THPT,2025,17.5,Công nghệ thông tin
83662,HDT,cong-nghe-thong-tin,C01,Điểm thi THPT,2025,17.5,Công nghệ thông tin
83663,HDT,cong-nghe-thong-tin,C02,Điểm thi THPT,2025,17.5,Công nghệ thông tin
83664,HDT,cong-nghe-thong-tin,C04,Điểm thi THPT,2025,17.5,Công nghệ thông tin
83665,HDT,cong-nghe-thong-tin,D01,Điểm thi THPT,2025,17.5,Công nghệ thông tin
83666,HDT,cong-tac-xa-hoi,B03,Điểm học bạ,2025,16.0,Công tác xã hội
83667,HDT,cong-tac-xa-hoi,C03,Điểm học bạ,2025,16.0,Công tác xã hội
83668,HDT,cong-tac-xa-hoi,C04,Điểm học bạ,2025,16.0,Công tác xã hội
83669,HDT,cong-tac-xa-hoi,C14,Điểm học bạ,2025,16.0,Công tác xã hội
83670,HDT,cong-tac-xa-hoi,D01,Điểm học bạ,2025,16.0,Công tác xã hội
83671,HDT,cong-tac-xa-hoi,X01,Điểm học bạ,2025,16.0,Công tác xã hội
83672,HDT,cong-tac-xa-hoi,B03,Điểm thi THPT,2025,16.0,Công tác xã hội
83673,HDT,cong-tac-xa-hoi,C03,Điểm thi THPT,2025,16.0,Công tác xã hội
83674,HDT,cong-tac-xa-hoi,C04,Điểm thi THPT,2025,16.0,Công tác xã hội
83675,HDT,cong-tac-xa-hoi,C14,Điểm thi THPT,2025,16.0,Công tác xã hội
83676,HDT,cong-tac-xa-hoi,D01,Điểm thi THPT,2025,16.0,Công tác xã hội
83677,HDT,cong-tac-xa-hoi,X01,Điểm thi THPT,2025,16.0,Công tác xã hội
83678,HDT,dh-chan-nuoi,A00,Điểm học bạ,2021,16.5,ĐH Chăn nuôi
83679,HDT,dh-chan-nuoi,B00,Điểm học bạ,2021,16.5,ĐH Chăn nuôi
83680,HDT,dh-chan-nuoi,B03,Điểm học bạ,2021,16.5,ĐH Chăn nuôi
83681,HDT,dh-chan-nuoi,C18,Điểm học bạ,2021,16.5,ĐH Chăn nuôi
83682,HDT,dh-chan-nuoi,A00,Điểm thi THPT,2021,15.0,ĐH Chăn nuôi
83683,HDT,dh-chan-nuoi,B00,Điểm thi THPT,2021,15.0,ĐH Chăn nuôi
83684,HDT,dh-chan-nuoi,B03,Điểm thi THPT,2021,15.0,ĐH Chăn nuôi
83685,HDT,dh-chan-nuoi,C18,Điểm thi THPT,2021,15.0,ĐH Chăn nuôi
83686,HDT,dh-chan-nuoi-thu-y,A00,Điểm thi THPT,2022,15.0,ĐH Chăn nuôi - Thú y
83687,HDT,dh-chan-nuoi-thu-y,B00,Điểm thi THPT,2022,15.0,ĐH Chăn nuôi - Thú y
83688,HDT,dh-chan-nuoi-thu-y,B03,Điểm thi THPT,2022,15.0,ĐH Chăn nuôi - Thú y
83689,HDT,dh-chan-nuoi-thu-y,C18,Điểm thi THPT,2022,15.0,ĐH Chăn nuôi - Thú y
83690,HDT,dh-cong-nghe-thong-tin,A00,Điểm học bạ,2021,16.5,ĐH Công nghệ thông tin
83691,HDT,dh-cong-nghe-thong-tin,A01,Điểm học bạ,2021,16.5,ĐH Công nghệ thông tin
83692,HDT,dh-cong-nghe-thong-tin,B00,Điểm học bạ,2021,16.5,ĐH Công nghệ thông tin
83693,HDT,dh-cong-nghe-thong-tin,D07,Điểm học bạ,2021,16.5,ĐH Công nghệ thông tin
83694,HDT,dh-cong-nghe-thong-tin,A00,Điểm thi THPT,2021,15.0,ĐH Công nghệ thông tin
83695,HDT,dh-cong-nghe-thong-tin,A01,Điểm thi THPT,2021,15.0,ĐH Công nghệ thông tin
83696,HDT,dh-cong-nghe-thong-tin,B00,Điểm thi THPT,2021,15.0,ĐH Công nghệ thông tin
83697,HDT,dh-cong-nghe-thong-tin,D07,Điểm thi THPT,2021,15.0,ĐH Công nghệ thông tin
83698,HDT,dh-cong-nghe-thong-tin,A00,Điểm thi THPT,2022,15.0,ĐH Công nghệ thông tin
83699,HDT,dh-cong-nghe-thong-tin,A01,Điểm thi THPT,2022,15.0,ĐH Công nghệ thông tin
83700,HDT,dh-cong-nghe-thong-tin,B00,Điểm thi THPT,2022,15.0,ĐH Công nghệ thông tin
83701,HDT,dh-cong-nghe-thong-tin,D07,Điểm thi THPT,2022,15.0,ĐH Công nghệ thông tin
83702,HDT,dh-du-lich,C00,Điểm học bạ,2021,16.5,ĐH Du lịch
83703,HDT,dh-du-lich,C19,Điểm học bạ,2021,16.5,ĐH Du lịch
83704,HDT,dh-du-lich,C20,Điểm học bạ,2021,16.5,ĐH Du lịch
83705,HDT,dh-du-lich,D66,Điểm học bạ,2021,16.5,ĐH Du lịch
83706,HDT,dh-du-lich,C00,Điểm thi THPT,2021,15.0,ĐH Du lịch
83707,HDT,dh-du-lich,C19,Điểm thi THPT,2021,15.0,ĐH Du lịch
83708,HDT,dh-du-lich,C20,Điểm thi THPT,2021,15.0,ĐH Du lịch
83709,HDT,dh-du-lich,D66,Điểm thi THPT,2021,15.0,ĐH Du lịch
83710,HDT,dh-du-lich,C00,Điểm thi THPT,2022,15.0,ĐH Du lịch
83711,HDT,dh-du-lich,C19,Điểm thi THPT,2022,15.0,ĐH Du lịch
83712,HDT,dh-du-lich,C20,Điểm thi THPT,2022,15.0,ĐH Du lịch
83713,HDT,dh-du-lich,D66,Điểm thi THPT,2022,15.0,ĐH Du lịch
83714,HDT,dh-giao-duc-mam-non,M00,Điểm thi THPT,2021,22.0,ĐH Giáo dục Mầm non
83715,HDT,dh-giao-duc-mam-non,M05,Điểm thi THPT,2021,22.0,ĐH Giáo dục Mầm non
83716,HDT,dh-giao-duc-mam-non,M07,Điểm thi THPT,2021,22.0,ĐH Giáo dục Mầm non
83717,HDT,dh-giao-duc-mam-non,M11,Điểm thi THPT,2021,22.0,ĐH Giáo dục Mầm non
83718,HDT,dh-giao-duc-mam-non,M00,Điểm thi THPT,2022,23.1,ĐH Giáo dục Mầm non
83719,HDT,dh-giao-duc-mam-non,M05,Điểm thi THPT,2022,23.1,ĐH Giáo dục Mầm non
83720,HDT,dh-giao-duc-mam-non,M07,Điểm thi THPT,2022,23.1,ĐH Giáo dục Mầm non
83721,HDT,dh-giao-duc-mam-non,M11,Điểm thi THPT,2022,23.1,ĐH Giáo dục Mầm non
83722,HDT,dh-giao-duc-the-chat,T00,Điểm học bạ,2021,10.0,ĐH Giáo dục Thể chất
83723,HDT,dh-giao-duc-the-chat,T02,Điểm học bạ,2021,10.0,ĐH Giáo dục Thể chất
83724,HDT,dh-giao-duc-the-chat,T05,Điểm học bạ,2021,10.0,ĐH Giáo dục Thể chất
83725,HDT,dh-giao-duc-the-chat,T07,Điểm học bạ,2021,10.0,ĐH Giáo dục Thể chất
83726,HDT,dh-giao-duc-the-chat,T00,Điểm thi THPT,2021,18.0,ĐH Giáo dục Thể chất
83727,HDT,dh-giao-duc-the-chat,T02,Điểm thi THPT,2021,18.0,ĐH Giáo dục Thể chất
83728,HDT,dh-giao-duc-the-chat,T05,Điểm thi THPT,2021,18.0,ĐH Giáo dục Thể chất
83729,HDT,dh-giao-duc-the-chat,T07,Điểm thi THPT,2021,18.0,ĐH Giáo dục Thể chất
83730,HDT,dh-giao-duc-the-chat,T00,Điểm thi THPT,2022,18.0,ĐH Giáo dục Thể chất
83731,HDT,dh-giao-duc-the-chat,T02,Điểm thi THPT,2022,18.0,ĐH Giáo dục Thể chất
83732,HDT,dh-giao-duc-the-chat,T05,Điểm thi THPT,2022,18.0,ĐH Giáo dục Thể chất
83733,HDT,dh-giao-duc-the-chat,T07,Điểm thi THPT,2022,18.0,ĐH Giáo dục Thể chất
83734,HDT,dh-giao-duc-tieu-hoc,A00,Điểm thi THPT,2021,25.25,ĐH Giáo dục Tiểu học
83735,HDT,dh-giao-duc-tieu-hoc,C00,Điểm thi THPT,2021,25.25,ĐH Giáo dục Tiểu học
83736,HDT,dh-giao-duc-tieu-hoc,D01,Điểm thi THPT,2021,25.25,ĐH Giáo dục Tiểu học
83737,HDT,dh-giao-duc-tieu-hoc,M00,Điểm thi THPT,2021,25.25,ĐH Giáo dục Tiểu học
83738,HDT,dh-giao-duc-tieu-hoc,A00,Điểm thi THPT,2022,26.5,ĐH Giáo dục Tiểu học
83739,HDT,dh-giao-duc-tieu-hoc,C00,Điểm thi THPT,2022,26.5,ĐH Giáo dục Tiểu học
83740,HDT,dh-giao-duc-tieu-hoc,D01,Điểm thi THPT,2022,26.5,ĐH Giáo dục Tiểu học
83741,HDT,dh-giao-duc-tieu-hoc,M00,Điểm thi THPT,2022,26.5,ĐH Giáo dục Tiểu học
83742,HDT,dh-ke-toan,A00,Điểm học bạ,2021,16.5,ĐH Kế toán
83743,HDT,dh-ke-toan,C04,Điểm học bạ,2021,16.5,ĐH Kế toán
83744,HDT,dh-ke-toan,C14,Điểm học bạ,2021,16.5,ĐH Kế toán
83745,HDT,dh-ke-toan,D01,Điểm học bạ,2021,16.5,ĐH Kế toán
83746,HDT,dh-ke-toan,A00,Điểm thi THPT,2021,15.0,ĐH Kế toán
83747,HDT,dh-ke-toan,C04,Điểm thi THPT,2021,15.0,ĐH Kế toán
83748,HDT,dh-ke-toan,C14,Điểm thi THPT,2021,15.0,ĐH Kế toán
83749,HDT,dh-ke-toan,D01,Điểm thi THPT,2021,15.0,ĐH Kế toán
83750,HDT,dh-ke-toan,A00,Điểm thi THPT,2022,19.4,ĐH Kế toán
83751,HDT,dh-ke-toan,C04,Điểm thi THPT,2022,19.4,ĐH Kế toán
83752,HDT,dh-ke-toan,C14,Điểm thi THPT,2022,19.4,ĐH Kế toán
83753,HDT,dh-ke-toan,D01,Điểm thi THPT,2022,19.4,ĐH Kế toán
83754,HDT,dh-khoa-hoc-cay-trong,A00,Điểm thi THPT,2022,15.0,ĐH Khoa học cây trồng
83755,HDT,dh-khoa-hoc-cay-trong,B00,Điểm thi THPT,2022,15.0,ĐH Khoa học cây trồng
83756,HDT,dh-khoa-hoc-cay-trong,B03,Điểm thi THPT,2022,15.0,ĐH Khoa học cây trồng
83757,HDT,dh-khoa-hoc-cay-trong,C18,Điểm thi THPT,2022,15.0,ĐH Khoa học cây trồng
83758,HDT,dh-kiem-toan,A00,Điểm học bạ,2021,16.5,ĐH Kiểm toán
83759,HDT,dh-kiem-toan,C04,Điểm học bạ,2021,16.5,ĐH Kiểm toán
83760,HDT,dh-kiem-toan,C14,Điểm học bạ,2021,16.5,ĐH Kiểm toán
83761,HDT,dh-kiem-toan,D01,Điểm học bạ,2021,16.5,ĐH Kiểm toán
83762,HDT,dh-kiem-toan,A00,Điểm thi THPT,2021,15.0,ĐH Kiểm toán
83763,HDT,dh-kiem-toan,C04,Điểm thi THPT,2021,15.0,ĐH Kiểm toán
83764,HDT,dh-kiem-toan,C14,Điểm thi THPT,2021,15.0,ĐH Kiểm toán
83765,HDT,dh-kiem-toan,D01,Điểm thi THPT,2021,15.0,ĐH Kiểm toán
83766,HDT,dh-kiem-toan,A00,Điểm thi THPT,2022,15.0,ĐH Kiểm toán
83767,HDT,dh-kiem-toan,C04,Điểm thi THPT,2022,15.0,ĐH Kiểm toán
83768,HDT,dh-kiem-toan,C14,Điểm thi THPT,2022,15.0,ĐH Kiểm toán
83769,HDT,dh-kiem-toan,D01,Điểm thi THPT,2022,15.0,ĐH Kiểm toán
83770,HDT,dh-kinh-te,A00,Điểm học bạ,2021,16.5,ĐH Kinh tế
83771,HDT,dh-kinh-te,C04,Điểm học bạ,2021,16.5,ĐH Kinh tế
83772,HDT,dh-kinh-te,C14,Điểm học bạ,2021,16.5,ĐH Kinh tế
83773,HDT,dh-kinh-te,D01,Điểm học bạ,2021,16.5,ĐH Kinh tế
83774,HDT,dh-kinh-te,A00,Điểm thi THPT,2021,15.0,ĐH Kinh tế
83775,HDT,dh-kinh-te,C04,Điểm thi THPT,2021,15.0,ĐH Kinh tế
83776,HDT,dh-kinh-te,C14,Điểm thi THPT,2021,15.0,ĐH Kinh tế
83777,HDT,dh-kinh-te,D01,Điểm thi THPT,2021,15.0,ĐH Kinh tế
83778,HDT,dh-kinh-te,A00,Điểm thi THPT,2022,15.0,ĐH Kinh tế
83779,HDT,dh-kinh-te,C04,Điểm thi THPT,2022,15.0,ĐH Kinh tế
83780,HDT,dh-kinh-te,C14,Điểm thi THPT,2022,15.0,ĐH Kinh tế
83781,HDT,dh-kinh-te,D01,Điểm thi THPT,2022,15.0,ĐH Kinh tế
83782,HDT,dh-ky-thuat-dien,A00,Điểm học bạ,2021,16.5,ĐH Kỹ thuật điện
83783,HDT,dh-ky-thuat-dien,A01,Điểm học bạ,2021,16.5,ĐH Kỹ thuật điện
83784,HDT,dh-ky-thuat-dien,A02,Điểm học bạ,2021,16.5,ĐH Kỹ thuật điện
83785,HDT,dh-ky-thuat-dien,B00,Điểm học bạ,2021,16.5,ĐH Kỹ thuật điện
83786,HDT,dh-ky-thuat-dien,A00,Điểm thi THPT,2021,15.0,ĐH Kỹ thuật điện
83787,HDT,dh-ky-thuat-dien,A01,Điểm thi THPT,2021,15.0,ĐH Kỹ thuật điện
83788,HDT,dh-ky-thuat-dien,A02,Điểm thi THPT,2021,15.0,ĐH Kỹ thuật điện
83789,HDT,dh-ky-thuat-dien,B00,Điểm thi THPT,2021,15.0,ĐH Kỹ thuật điện
83790,HDT,dh-ky-thuat-dien,A00,Điểm thi THPT,2022,15.0,ĐH Kỹ thuật điện
83791,HDT,dh-ky-thuat-dien,A01,Điểm thi THPT,2022,15.0,ĐH Kỹ thuật điện
83792,HDT,dh-ky-thuat-dien,A02,Điểm thi THPT,2022,15.0,ĐH Kỹ thuật điện
83793,HDT,dh-ky-thuat-dien,B00,Điểm thi THPT,2022,15.0,ĐH Kỹ thuật điện
83794,HDT,dh-ky-thuat-xay-dung,A00,Điểm học bạ,2021,16.5,ĐH Kỹ thuật xây dựng
83795,HDT,dh-ky-thuat-xay-dung,A01,Điểm học bạ,2021,16.5,ĐH Kỹ thuật xây dựng
83796,HDT,dh-ky-thuat-xay-dung,A02,Điểm học bạ,2021,16.5,ĐH Kỹ thuật xây dựng
83797,HDT,dh-ky-thuat-xay-dung,B00,Điểm học bạ,2021,16.5,ĐH Kỹ thuật xây dựng
83798,HDT,dh-ky-thuat-xay-dung,A00,Điểm thi THPT,2021,15.0,ĐH Kỹ thuật xây dựng
83799,HDT,dh-ky-thuat-xay-dung,A01,Điểm thi THPT,2021,15.0,ĐH Kỹ thuật xây dựng
83800,HDT,dh-ky-thuat-xay-dung,A02,Điểm thi THPT,2021,15.0,ĐH Kỹ thuật xây dựng
83801,HDT,dh-ky-thuat-xay-dung,B00,Điểm thi THPT,2021,15.0,ĐH Kỹ thuật xây dựng
83802,HDT,dh-ky-thuat-xay-dung,A00,Điểm thi THPT,2022,15.0,ĐH Kỹ thuật xây dựng
83803,HDT,dh-ky-thuat-xay-dung,A01,Điểm thi THPT,2022,15.0,ĐH Kỹ thuật xây dựng
83804,HDT,dh-ky-thuat-xay-dung,A02,Điểm thi THPT,2022,15.0,ĐH Kỹ thuật xây dựng
83805,HDT,dh-ky-thuat-xay-dung,B00,Điểm thi THPT,2022,15.0,ĐH Kỹ thuật xây dựng
83806,HDT,dh-lam-hoc,A00,Điểm học bạ,2021,16.5,ĐH Lâm học
83807,HDT,dh-lam-hoc,B00,Điểm học bạ,2021,16.5,ĐH Lâm học
83808,HDT,dh-lam-hoc,B03,Điểm học bạ,2021,16.5,ĐH Lâm học
83809,HDT,dh-lam-hoc,C18,Điểm học bạ,2021,16.5,ĐH Lâm học
83810,HDT,dh-lam-hoc,A00,Điểm thi THPT,2021,15.0,ĐH Lâm học
83811,HDT,dh-lam-hoc,B00,Điểm thi THPT,2021,15.0,ĐH Lâm học
83812,HDT,dh-lam-hoc,B03,Điểm thi THPT,2021,15.0,ĐH Lâm học
83813,HDT,dh-lam-hoc,C18,Điểm thi THPT,2021,15.0,ĐH Lâm học
83814,HDT,dh-lam-hoc,A00,Điểm thi THPT,2022,15.0,ĐH Lâm học
83815,HDT,dh-lam-hoc,B00,Điểm thi THPT,2022,15.0,ĐH Lâm học
83816,HDT,dh-lam-hoc,B03,Điểm thi THPT,2022,15.0,ĐH Lâm học
83817,HDT,dh-lam-hoc,C18,Điểm thi THPT,2022,15.0,ĐH Lâm học
83818,HDT,dh-luat,A00,Điểm học bạ,2021,16.5,ĐH Luật
83819,HDT,dh-luat,C00,Điểm học bạ,2021,16.5,ĐH Luật
83820,HDT,dh-luat,C19,Điểm học bạ,2021,16.5,ĐH Luật
83821,HDT,dh-luat,D66,Điểm học bạ,2021,16.5,ĐH Luật
83822,HDT,dh-luat,A00,Điểm thi THPT,2021,15.0,ĐH Luật
83823,HDT,dh-luat,C00,Điểm thi THPT,2021,15.0,ĐH Luật
83824,HDT,dh-luat,C19,Điểm thi THPT,2021,15.0,ĐH Luật
83825,HDT,dh-luat,D66,Điểm thi THPT,2021,15.0,ĐH Luật
83826,HDT,dh-luat,A00,Điểm thi THPT,2022,17.5,ĐH Luật
83827,HDT,dh-luat,C00,Điểm thi THPT,2022,17.5,ĐH Luật
83828,HDT,dh-luat,C19,Điểm thi THPT,2022,17.5,ĐH Luật
83829,HDT,dh-luat,D66,Điểm thi THPT,2022,17.5,ĐH Luật
83830,HDT,dh-ngon-ngu-anh,A01,Điểm học bạ,2021,16.5,ĐH Ngôn ngữ Anh
83831,HDT,dh-ngon-ngu-anh,D01,Điểm học bạ,2021,16.5,ĐH Ngôn ngữ Anh
83832,HDT,dh-ngon-ngu-anh,D14,Điểm học bạ,2021,16.5,ĐH Ngôn ngữ Anh
83833,HDT,dh-ngon-ngu-anh,D66,Điểm học bạ,2021,16.5,ĐH Ngôn ngữ Anh
83834,HDT,dh-ngon-ngu-anh,A01,Điểm thi THPT,2021,15.0,ĐH Ngôn ngữ Anh
83835,HDT,dh-ngon-ngu-anh,D01,Điểm thi THPT,2021,15.0,ĐH Ngôn ngữ Anh
83836,HDT,dh-ngon-ngu-anh,D14,Điểm thi THPT,2021,15.0,ĐH Ngôn ngữ Anh
83837,HDT,dh-ngon-ngu-anh,D66,Điểm thi THPT,2021,15.0,ĐH Ngôn ngữ Anh
83838,HDT,dh-ngon-ngu-anh,A01,Điểm thi THPT,2022,16.7,ĐH Ngôn ngữ Anh
83839,HDT,dh-ngon-ngu-anh,D01,Điểm thi THPT,2022,16.7,ĐH Ngôn ngữ Anh
83840,HDT,dh-ngon-ngu-anh,D14,Điểm thi THPT,2022,16.7,ĐH Ngôn ngữ Anh
83841,HDT,dh-ngon-ngu-anh,D66,Điểm thi THPT,2022,16.7,ĐH Ngôn ngữ Anh
83842,HDT,dh-nong-hoc,A00,Điểm học bạ,2021,16.5,ĐH Nông học
83843,HDT,dh-nong-hoc,B00,Điểm học bạ,2021,16.5,ĐH Nông học
83844,HDT,dh-nong-hoc,B03,Điểm học bạ,2021,16.5,ĐH Nông học
83845,HDT,dh-nong-hoc,C18,Điểm học bạ,2021,16.5,ĐH Nông học
83846,HDT,dh-nong-hoc,A00,Điểm thi THPT,2021,15.0,ĐH Nông học
83847,HDT,dh-nong-hoc,B00,Điểm thi THPT,2021,15.0,ĐH Nông học
83848,HDT,dh-nong-hoc,B03,Điểm thi THPT,2021,15.0,ĐH Nông học
83849,HDT,dh-nong-hoc,C18,Điểm thi THPT,2021,15.0,ĐH Nông học
83850,HDT,dh-qltn-va-moi-truong,A00,Điểm học bạ,2021,16.5,ĐH QLTN và Môi trường
83851,HDT,dh-qltn-va-moi-truong,C00,Điểm học bạ,2021,16.5,ĐH QLTN và Môi trường
83852,HDT,dh-qltn-va-moi-truong,C20,Điểm học bạ,2021,16.5,ĐH QLTN và Môi trường
83853,HDT,dh-qltn-va-moi-truong,D66,Điểm học bạ,2021,16.5,ĐH QLTN và Môi trường
83854,HDT,dh-qltn-va-moi-truong,A00,Điểm thi THPT,2021,15.0,ĐH QLTN và Môi trường
83855,HDT,dh-qltn-va-moi-truong,C00,Điểm thi THPT,2021,15.0,ĐH QLTN và Môi trường
83856,HDT,dh-qltn-va-moi-truong,C20,Điểm thi THPT,2021,15.0,ĐH QLTN và Môi trường
83857,HDT,dh-qltn-va-moi-truong,D66,Điểm thi THPT,2021,15.0,ĐH QLTN và Môi trường
83858,HDT,dh-qltn-va-moi-truong,A00,Điểm thi THPT,2022,15.0,ĐH QLTN và Môi trường
83859,HDT,dh-qltn-va-moi-truong,C00,Điểm thi THPT,2022,15.0,ĐH QLTN và Môi trường
83860,HDT,dh-qltn-va-moi-truong,C20,Điểm thi THPT,2022,15.0,ĐH QLTN và Môi trường
83861,HDT,dh-qltn-va-moi-truong,D66,Điểm thi THPT,2022,15.0,ĐH QLTN và Môi trường
83862,HDT,dh-quan-ly-dat-dai,A00,Điểm học bạ,2021,16.5,ĐH Quản lý đất đai
83863,HDT,dh-quan-ly-dat-dai,B00,Điểm học bạ,2021,16.5,ĐH Quản lý đất đai
83864,HDT,dh-quan-ly-dat-dai,B03,Điểm học bạ,2021,16.5,ĐH Quản lý đất đai
83865,HDT,dh-quan-ly-dat-dai,C18,Điểm học bạ,2021,16.5,ĐH Quản lý đất đai
83866,HDT,dh-quan-ly-dat-dai,A00,Điểm thi THPT,2021,15.0,ĐH Quản lý đất đai
83867,HDT,dh-quan-ly-dat-dai,B00,Điểm thi THPT,2021,15.0,ĐH Quản lý đất đai
83868,HDT,dh-quan-ly-dat-dai,B03,Điểm thi THPT,2021,15.0,ĐH Quản lý đất đai
83869,HDT,dh-quan-ly-dat-dai,C18,Điểm thi THPT,2021,15.0,ĐH Quản lý đất đai
83870,HDT,dh-quan-ly-dat-dai,A00,Điểm thi THPT,2022,15.0,ĐH Quản lý đất đai
83871,HDT,dh-quan-ly-dat-dai,B00,Điểm thi THPT,2022,15.0,ĐH Quản lý đất đai
83872,HDT,dh-quan-ly-dat-dai,B03,Điểm thi THPT,2022,15.0,ĐH Quản lý đất đai
83873,HDT,dh-quan-ly-dat-dai,C18,Điểm thi THPT,2022,15.0,ĐH Quản lý đất đai
83874,HDT,dh-quan-tri-kinh-doanh,A00,Điểm học bạ,2021,16.5,ĐH Quản trị kinh doanh
83875,HDT,dh-quan-tri-kinh-doanh,C04,Điểm học bạ,2021,16.5,ĐH Quản trị kinh doanh
83876,HDT,dh-quan-tri-kinh-doanh,C14,Điểm học bạ,2021,16.5,ĐH Quản trị kinh doanh
83877,HDT,dh-quan-tri-kinh-doanh,D01,Điểm học bạ,2021,16.5,ĐH Quản trị kinh doanh
83878,HDT,dh-quan-tri-kinh-doanh,A00,Điểm thi THPT,2021,15.0,ĐH Quản trị kinh doanh
83879,HDT,dh-quan-tri-kinh-doanh,C04,Điểm thi THPT,2021,15.0,ĐH Quản trị kinh doanh
83880,HDT,dh-quan-tri-kinh-doanh,C14,Điểm thi THPT,2021,15.0,ĐH Quản trị kinh doanh
83881,HDT,dh-quan-tri-kinh-doanh,D01,Điểm thi THPT,2021,15.0,ĐH Quản trị kinh doanh
83882,HDT,dh-quan-tri-kinh-doanh,A00,Điểm thi THPT,2022,16.15,ĐH Quản trị kinh doanh
83883,HDT,dh-quan-tri-kinh-doanh,C04,Điểm thi THPT,2022,16.15,ĐH Quản trị kinh doanh
83884,HDT,dh-quan-tri-kinh-doanh,C14,Điểm thi THPT,2022,16.15,ĐH Quản trị kinh doanh
83885,HDT,dh-quan-tri-kinh-doanh,D01,Điểm thi THPT,2022,16.15,ĐH Quản trị kinh doanh
83886,HDT,dh-su-pham-dia-ly,A00,Điểm học bạ,2021,24.0,ĐH Sư phạm Địa lý
83887,HDT,dh-su-pham-dia-ly,C00,Điểm học bạ,2021,24.0,ĐH Sư phạm Địa lý
83888,HDT,dh-su-pham-dia-ly,C04,Điểm học bạ,2021,24.0,ĐH Sư phạm Địa lý
83889,HDT,dh-su-pham-dia-ly,C20,Điểm học bạ,2021,24.0,ĐH Sư phạm Địa lý
83890,HDT,dh-su-pham-dia-ly,A00,Điểm thi THPT,2021,26.25,ĐH Sư phạm Địa lý
83891,HDT,dh-su-pham-dia-ly,C00,Điểm thi THPT,2021,26.25,ĐH Sư phạm Địa lý
83892,HDT,dh-su-pham-dia-ly,C04,Điểm thi THPT,2021,26.25,ĐH Sư phạm Địa lý
83893,HDT,dh-su-pham-dia-ly,C20,Điểm thi THPT,2021,26.25,ĐH Sư phạm Địa lý
83894,HDT,dh-su-pham-dia-ly,A00,Điểm thi THPT,2022,27.5,ĐH Sư phạm Địa lý
83895,HDT,dh-su-pham-dia-ly,C00,Điểm thi THPT,2022,27.5,ĐH Sư phạm Địa lý
83896,HDT,dh-su-pham-dia-ly,C04,Điểm thi THPT,2022,27.5,ĐH Sư phạm Địa lý
83897,HDT,dh-su-pham-dia-ly,C20,Điểm thi THPT,2022,27.5,ĐH Sư phạm Địa lý
83898,HDT,dh-su-pham-hoa-hoc,A00,Điểm học bạ,2021,24.0,ĐH Sư phạm Hóa học
83899,HDT,dh-su-pham-hoa-hoc,B00,Điểm học bạ,2021,24.0,ĐH Sư phạm Hóa học
83900,HDT,dh-su-pham-hoa-hoc,D07,Điểm học bạ,2021,24.0,ĐH Sư phạm Hóa học
83901,HDT,dh-su-pham-hoa-hoc,A00,Điểm thi THPT,2021,22.5,ĐH Sư phạm Hóa học
83902,HDT,dh-su-pham-hoa-hoc,B00,Điểm thi THPT,2021,22.5,ĐH Sư phạm Hóa học
83903,HDT,dh-su-pham-hoa-hoc,D07,Điểm thi THPT,2021,22.5,ĐH Sư phạm Hóa học
83904,HDT,dh-su-pham-hoa-hoc,A00,Điểm thi THPT,2022,24.35,ĐH Sư phạm Hoá học
83905,HDT,dh-su-pham-hoa-hoc,B00,Điểm thi THPT,2022,24.35,ĐH Sư phạm Hoá học
83906,HDT,dh-su-pham-hoa-hoc,D07,Điểm thi THPT,2022,24.35,ĐH Sư phạm Hoá học
83907,HDT,dh-su-pham-hoa-hoc,D13,Điểm thi THPT,2022,24.35,ĐH Sư phạm Hoá học
83908,HDT,dh-su-pham-khoa-hoc-tn,A00,Điểm thi THPT,2022,19.0,ĐH Sư phạm Khoa học TN
83909,HDT,dh-su-pham-khoa-hoc-tn,A02,Điểm thi THPT,2022,19.0,ĐH Sư phạm Khoa học TN
83910,HDT,dh-su-pham-khoa-hoc-tn,B00,Điểm thi THPT,2022,19.0,ĐH Sư phạm Khoa học TN
83911,HDT,dh-su-pham-khoa-hoc-tn,C01,Điểm thi THPT,2022,19.0,ĐH Sư phạm Khoa học TN
83912,HDT,dh-su-pham-lich-su,C00,Điểm thi THPT,2021,28.5,ĐH Sư phạm Lịch sử
83913,HDT,dh-su-pham-lich-su,C03,Điểm thi THPT,2021,28.5,ĐH Sư phạm Lịch sử
83914,HDT,dh-su-pham-lich-su,C19,Điểm thi THPT,2021,28.5,ĐH Sư phạm Lịch sử
83915,HDT,dh-su-pham-lich-su,D14,Điểm thi THPT,2021,28.5,ĐH Sư phạm Lịch sử
83916,HDT,dh-su-pham-lich-su,C00,Điểm thi THPT,2022,29.75,ĐH Sư phạm Lịch sử
83917,HDT,dh-su-pham-lich-su,C03,Điểm thi THPT,2022,29.75,ĐH Sư phạm Lịch sử
83918,HDT,dh-su-pham-lich-su,C19,Điểm thi THPT,2022,29.75,ĐH Sư phạm Lịch sử
83919,HDT,dh-su-pham-lich-su,D14,Điểm thi THPT,2022,29.75,ĐH Sư phạm Lịch sử
83920,HDT,dh-su-pham-lich-su-clc,C00,Điểm thi THPT,2021,29.75,ĐH Sư phạm Lịch sử CLC
83921,HDT,dh-su-pham-lich-su-clc,C03,Điểm thi THPT,2021,29.75,ĐH Sư phạm Lịch sử CLC
83922,HDT,dh-su-pham-lich-su-clc,C19,Điểm thi THPT,2021,29.75,ĐH Sư phạm Lịch sử CLC
83923,HDT,dh-su-pham-lich-su-clc,D14,Điểm thi THPT,2021,29.75,ĐH Sư phạm Lịch sử CLC
83924,HDT,dh-su-pham-lich-su-clc,C00,Điểm thi THPT,2022,39.92,ĐH Sư phạm Lịch sử CLC
83925,HDT,dh-su-pham-lich-su-clc,C03,Điểm thi THPT,2022,39.92,ĐH Sư phạm Lịch sử CLC
83926,HDT,dh-su-pham-lich-su-clc,C19,Điểm thi THPT,2022,39.92,ĐH Sư phạm Lịch sử CLC
83927,HDT,dh-su-pham-lich-su-clc,D14,Điểm thi THPT,2022,39.92,ĐH Sư phạm Lịch sử CLC
83928,HDT,dh-su-pham-ngu-van,C00,Điểm thi THPT,2021,27.75,ĐH Sư phạm Ngữ văn
83929,HDT,dh-su-pham-ngu-van,C19,Điểm thi THPT,2021,27.75,ĐH Sư phạm Ngữ văn
83930,HDT,dh-su-pham-ngu-van,C20,Điểm thi THPT,2021,27.75,ĐH Sư phạm Ngữ văn
83931,HDT,dh-su-pham-ngu-van,D01,Điểm thi THPT,2021,27.75,ĐH Sư phạm Ngữ văn
83932,HDT,dh-su-pham-ngu-van,C00,Điểm thi THPT,2022,27.5,ĐH Sư phạm Ngữ văn
83933,HDT,dh-su-pham-ngu-van,C19,Điểm thi THPT,2022,27.5,ĐH Sư phạm Ngữ văn
83934,HDT,dh-su-pham-ngu-van,C20,Điểm thi THPT,2022,27.5,ĐH Sư phạm Ngữ văn
83935,HDT,dh-su-pham-ngu-van,D01,Điểm thi THPT,2022,27.5,ĐH Sư phạm Ngữ văn
83936,HDT,dh-su-pham-ngu-van-clc,C00,Điểm thi THPT,2021,30.5,ĐH Sư phạm Ngữ văn CLC
83937,HDT,dh-su-pham-ngu-van-clc,C19,Điểm thi THPT,2021,30.5,ĐH Sư phạm Ngữ văn CLC
83938,HDT,dh-su-pham-ngu-van-clc,C20,Điểm thi THPT,2021,30.5,ĐH Sư phạm Ngữ văn CLC
83939,HDT,dh-su-pham-ngu-van-clc,D01,Điểm thi THPT,2021,30.5,ĐH Sư phạm Ngữ văn CLC
83940,HDT,dh-su-pham-ngu-van-clc,C00,Điểm thi THPT,2022,39.92,ĐH Sư phạm Ngữ văn CLC
83941,HDT,dh-su-pham-ngu-van-clc,C19,Điểm thi THPT,2022,39.92,ĐH Sư phạm Ngữ văn CLC
83942,HDT,dh-su-pham-ngu-van-clc,C20,Điểm thi THPT,2022,39.92,ĐH Sư phạm Ngữ văn CLC
83943,HDT,dh-su-pham-ngu-van-clc,D01,Điểm thi THPT,2022,39.92,ĐH Sư phạm Ngữ văn CLC
83944,HDT,dh-su-pham-sinh-hoc,B00,Điểm học bạ,2021,24.0,ĐH Sư phạm Sinh học
83945,HDT,dh-su-pham-sinh-hoc,B03,Điểm học bạ,2021,24.0,ĐH Sư phạm Sinh học
83946,HDT,dh-su-pham-sinh-hoc,D08,Điểm học bạ,2021,24.0,ĐH Sư phạm Sinh học
83947,HDT,dh-su-pham-sinh-hoc,B00,Điểm thi THPT,2021,19.0,ĐH Sư phạm Sinh học
83948,HDT,dh-su-pham-sinh-hoc,B03,Điểm thi THPT,2021,19.0,ĐH Sư phạm Sinh học
83949,HDT,dh-su-pham-sinh-hoc,D08,Điểm thi THPT,2021,19.0,ĐH Sư phạm Sinh học
83950,HDT,dh-su-pham-sinh-hoc,A02,Điểm thi THPT,2022,19.0,ĐH Sư phạm Sinh học
83951,HDT,dh-su-pham-sinh-hoc,B00,Điểm thi THPT,2022,19.0,ĐH Sư phạm Sinh học
83952,HDT,dh-su-pham-sinh-hoc,B03,Điểm thi THPT,2022,19.0,ĐH Sư phạm Sinh học
83953,HDT,dh-su-pham-sinh-hoc,B08,Điểm thi THPT,2022,19.0,ĐH Sư phạm Sinh học
83954,HDT,dh-su-pham-tieng-anh,A01,Điểm học bạ,2021,24.0,ĐH Sư phạm Tiếng Anh
83955,HDT,dh-su-pham-tieng-anh,D01,Điểm học bạ,2021,24.0,ĐH Sư phạm Tiếng Anh
83956,HDT,dh-su-pham-tieng-anh,D14,Điểm học bạ,2021,24.0,ĐH Sư phạm Tiếng Anh
83957,HDT,dh-su-pham-tieng-anh,D66,Điểm học bạ,2021,24.0,ĐH Sư phạm Tiếng Anh
83958,HDT,dh-su-pham-tieng-anh,A01,Điểm thi THPT,2021,24.75,ĐH Sư phạm Tiếng Anh
83959,HDT,dh-su-pham-tieng-anh,D01,Điểm thi THPT,2021,24.75,ĐH Sư phạm Tiếng Anh
83960,HDT,dh-su-pham-tieng-anh,D14,Điểm thi THPT,2021,24.75,ĐH Sư phạm Tiếng Anh
83961,HDT,dh-su-pham-tieng-anh,D66,Điểm thi THPT,2021,24.75,ĐH Sư phạm Tiếng Anh
83962,HDT,dh-su-pham-tieng-anh,A01,Điểm thi THPT,2022,24.2,ĐH Sư phạm Tiếng Anh
83963,HDT,dh-su-pham-tieng-anh,D01,Điểm thi THPT,2022,24.2,ĐH Sư phạm Tiếng Anh
83964,HDT,dh-su-pham-tieng-anh,D09,Điểm thi THPT,2022,24.2,ĐH Sư phạm Tiếng Anh
83965,HDT,dh-su-pham-tieng-anh,D10,Điểm thi THPT,2022,24.2,ĐH Sư phạm Tiếng Anh
83966,HDT,dh-su-pham-tin-hoc,A00,Điểm thi THPT,2022,19.2,ĐH Sư phạm Tin học
83967,HDT,dh-su-pham-tin-hoc,A01,Điểm thi THPT,2022,19.2,ĐH Sư phạm Tin học
83968,HDT,dh-su-pham-tin-hoc,A02,Điểm thi THPT,2022,19.2,ĐH Sư phạm Tin học
83969,HDT,dh-su-pham-tin-hoc,D07,Điểm thi THPT,2022,19.2,ĐH Sư phạm Tin học
83970,HDT,dh-su-pham-toan-hoc,A00,Điểm thi THPT,2021,24.6,ĐH Sư phạm Toán học
83971,HDT,dh-su-pham-toan-hoc,A01,Điểm thi THPT,2021,24.6,ĐH Sư phạm Toán học
83972,HDT,dh-su-pham-toan-hoc,A02,Điểm thi THPT,2021,24.6,ĐH Sư phạm Toán học
83973,HDT,dh-su-pham-toan-hoc,D07,Điểm thi THPT,2021,24.6,ĐH Sư phạm Toán học
83974,HDT,dh-su-pham-toan-hoc,A00,Điểm thi THPT,2022,23.85,ĐH Sư phạm Toán học
83975,HDT,dh-su-pham-toan-hoc,A01,Điểm thi THPT,2022,23.85,ĐH Sư phạm Toán học
83976,HDT,dh-su-pham-toan-hoc,A02,Điểm thi THPT,2022,23.85,ĐH Sư phạm Toán học
83977,HDT,dh-su-pham-toan-hoc,D07,Điểm thi THPT,2022,23.85,ĐH Sư phạm Toán học
83978,HDT,dh-su-pham-toan-hoc-clc,A00,Điểm thi THPT,2021,27.2,ĐH Sư phạm Toán học CLC
83979,HDT,dh-su-pham-toan-hoc-clc,A01,Điểm thi THPT,2021,27.2,ĐH Sư phạm Toán học CLC
83980,HDT,dh-su-pham-toan-hoc-clc,A02,Điểm thi THPT,2021,27.2,ĐH Sư phạm Toán học CLC
83981,HDT,dh-su-pham-toan-hoc-clc,D07,Điểm thi THPT,2021,27.2,ĐH Sư phạm Toán học CLC
83982,HDT,dh-su-pham-toan-hoc-clc,A00,Điểm thi THPT,2022,35.43,ĐH Sư phạm Toán học CLC
83983,HDT,dh-su-pham-toan-hoc-clc,A01,Điểm thi THPT,2022,35.43,ĐH Sư phạm Toán học CLC
83984,HDT,dh-su-pham-toan-hoc-clc,A02,Điểm thi THPT,2022,35.43,ĐH Sư phạm Toán học CLC
83985,HDT,dh-su-pham-toan-hoc-clc,D07,Điểm thi THPT,2022,35.43,ĐH Sư phạm Toán học CLC
83986,HDT,dh-su-pham-vat-ly,A00,Điểm học bạ,2021,24.0,ĐH Sư phạm Vật lý
83987,HDT,dh-su-pham-vat-ly,A01,Điểm học bạ,2021,24.0,ĐH Sư phạm Vật lý
83988,HDT,dh-su-pham-vat-ly,A02,Điểm học bạ,2021,24.0,ĐH Sư phạm Vật lý
83989,HDT,dh-su-pham-vat-ly,C01,Điểm học bạ,2021,24.0,ĐH Sư phạm Vật lý
83990,HDT,dh-su-pham-vat-ly,A00,Điểm thi THPT,2021,19.25,ĐH Sư phạm Vật lý
83991,HDT,dh-su-pham-vat-ly,A01,Điểm thi THPT,2021,19.25,ĐH Sư phạm Vật lý
83992,HDT,dh-su-pham-vat-ly,A02,Điểm thi THPT,2021,19.25,ĐH Sư phạm Vật lý
83993,HDT,dh-su-pham-vat-ly,C01,Điểm thi THPT,2021,19.25,ĐH Sư phạm Vật lý
83994,HDT,dh-su-pham-vat-ly,A00,Điểm thi THPT,2022,23.55,ĐH Sư phạm Vật lý
83995,HDT,dh-su-pham-vat-ly,A01,Điểm thi THPT,2022,23.55,ĐH Sư phạm Vật lý
83996,HDT,dh-su-pham-vat-ly,A02,Điểm thi THPT,2022,23.55,ĐH Sư phạm Vật lý
83997,HDT,dh-su-pham-vat-ly,C01,Điểm thi THPT,2022,23.55,ĐH Sư phạm Vật lý
83998,HDT,dh-su-pham-vat-ly-clc,A00,Điểm thi THPT,2021,25.5,ĐH Sư phạm Vật lý CLC
83999,HDT,dh-su-pham-vat-ly-clc,A01,Điểm thi THPT,2021,25.5,ĐH Sư phạm Vật lý CLC
84000,HDT,dh-su-pham-vat-ly-clc,A02,Điểm thi THPT,2021,25.5,ĐH Sư phạm Vật lý CLC
84001,HDT,dh-su-pham-vat-ly-clc,C01,Điểm thi THPT,2021,25.5,ĐH Sư phạm Vật lý CLC
84002,HDT,dh-tai-chinh-ngan-hang,A00,Điểm học bạ,2021,16.5,ĐH Tài chính-Ngân hàng
84003,HDT,dh-tai-chinh-ngan-hang,C04,Điểm học bạ,2021,16.5,ĐH Tài chính-Ngân hàng
84004,HDT,dh-tai-chinh-ngan-hang,C14,Điểm học bạ,2021,16.5,ĐH Tài chính-Ngân hàng
84005,HDT,dh-tai-chinh-ngan-hang,D01,Điểm học bạ,2021,16.5,ĐH Tài chính-Ngân hàng
84006,HDT,dh-tai-chinh-ngan-hang,A00,Điểm thi THPT,2021,15.0,ĐH Tài chính-Ngân hàng
84007,HDT,dh-tai-chinh-ngan-hang,C04,Điểm thi THPT,2021,15.0,ĐH Tài chính-Ngân hàng
84008,HDT,dh-tai-chinh-ngan-hang,C14,Điểm thi THPT,2021,15.0,ĐH Tài chính-Ngân hàng
84009,HDT,dh-tai-chinh-ngan-hang,D01,Điểm thi THPT,2021,15.0,ĐH Tài chính-Ngân hàng
84010,HDT,dh-tai-chinh-ngan-hang,A00,Điểm thi THPT,2022,17.1,ĐH Tài chính - Ngân hàng
84011,HDT,dh-tai-chinh-ngan-hang,C04,Điểm thi THPT,2022,17.1,ĐH Tài chính - Ngân hàng
84012,HDT,dh-tai-chinh-ngan-hang,C14,Điểm thi THPT,2022,17.1,ĐH Tài chính - Ngân hàng
84013,HDT,dh-tai-chinh-ngan-hang,D01,Điểm thi THPT,2022,17.1,ĐH Tài chính - Ngân hàng
84014,HDT,dh-tam-ly-hoc,B00,Điểm học bạ,2021,16.5,ĐH Tâm lý học
84015,HDT,dh-tam-ly-hoc,C00,Điểm học bạ,2021,16.5,ĐH Tâm lý học
84016,HDT,dh-tam-ly-hoc,C19,Điểm học bạ,2021,16.5,ĐH Tâm lý học
84017,HDT,dh-tam-ly-hoc,D01,Điểm học bạ,2021,16.5,ĐH Tâm lý học
84018,HDT,dh-tam-ly-hoc,B00,Điểm thi THPT,2021,15.0,ĐH Tâm lý học
84019,HDT,dh-tam-ly-hoc,C00,Điểm thi THPT,2021,15.0,ĐH Tâm lý học
84020,HDT,dh-tam-ly-hoc,C19,Điểm thi THPT,2021,15.0,ĐH Tâm lý học
84021,HDT,dh-tam-ly-hoc,D01,Điểm thi THPT,2021,15.0,ĐH Tâm lý học
84022,HDT,dh-tam-ly-hoc,B00,Điểm thi THPT,2022,15.0,ĐH Tâm lý học
84023,HDT,dh-tam-ly-hoc,C00,Điểm thi THPT,2022,15.0,ĐH Tâm lý học
84024,HDT,dh-tam-ly-hoc,C19,Điểm thi THPT,2022,15.0,ĐH Tâm lý học
84025,HDT,dh-tam-ly-hoc,D01,Điểm thi THPT,2022,15.0,ĐH Tâm lý học
84026,HDT,dh-viet-nam-hoc,C00,Điểm học bạ,2021,16.5,ĐH Việt Nam học
84027,HDT,dh-viet-nam-hoc,C19,Điểm học bạ,2021,16.5,ĐH Việt Nam học
84028,HDT,dh-viet-nam-hoc,C20,Điểm học bạ,2021,16.5,ĐH Việt Nam học
84029,HDT,dh-viet-nam-hoc,D66,Điểm học bạ,2021,16.5,ĐH Việt Nam học
84030,HDT,dh-viet-nam-hoc,C00,Điểm thi THPT,2021,15.0,ĐH Việt Nam học
84031,HDT,dh-viet-nam-hoc,C19,Điểm thi THPT,2021,15.0,ĐH Việt Nam học
84032,HDT,dh-viet-nam-hoc,C20,Điểm thi THPT,2021,15.0,ĐH Việt Nam học
84033,HDT,dh-viet-nam-hoc,D66,Điểm thi THPT,2021,15.0,ĐH Việt Nam học
84034,HDT,dh-viet-nam-hoc,C00,Điểm thi THPT,2022,15.0,ĐH Việt Nam học
84035,HDT,dh-viet-nam-hoc,C19,Điểm thi THPT,2022,15.0,ĐH Việt Nam học
84036,HDT,dh-viet-nam-hoc,C20,Điểm thi THPT,2022,15.0,ĐH Việt Nam học
84037,HDT,dh-viet-nam-hoc,D66,Điểm thi THPT,2022,15.0,ĐH Việt Nam học
84038,HDT,du-lich,C00,Điểm học bạ,2023,16.5,Du lịch
84039,HDT,du-lich,C19,Điểm học bạ,2023,16.5,Du lịch
84040,HDT,du-lich,C20,Điểm học bạ,2023,16.5,Du lịch
84041,HDT,du-lich,D66,Điểm học bạ,2023,16.5,Du lịch
84042,HDT,du-lich,C00,Điểm thi THPT,2023,15.0,Du lịch
84043,HDT,du-lich,C19,Điểm thi THPT,2023,15.0,Du lịch
84044,HDT,du-lich,C20,Điểm thi THPT,2023,15.0,Du lịch
84045,HDT,du-lich,D66,Điểm thi THPT,2023,15.0,Du lịch
84046,HDT,du-lich,C00,Điểm học bạ,2024,16.5,Du lịch
84047,HDT,du-lich,C19,Điểm học bạ,2024,16.5,Du lịch
84048,HDT,du-lich,C20,Điểm học bạ,2024,16.5,Du lịch
84049,HDT,du-lich,D66,Điểm học bạ,2024,16.5,Du lịch
84050,HDT,du-lich,C00,Điểm thi THPT,2024,15.0,Du lịch
84051,HDT,du-lich,C19,Điểm thi THPT,2024,15.0,Du lịch
84052,HDT,du-lich,C20,Điểm thi THPT,2024,15.0,Du lịch
84053,HDT,du-lich,D66,Điểm thi THPT,2024,15.0,Du lịch
84054,HDT,du-lich,B03,Điểm học bạ,2025,16.0,Du lịch
84055,HDT,du-lich,C03,Điểm học bạ,2025,16.0,Du lịch
84056,HDT,du-lich,C04,Điểm học bạ,2025,16.0,Du lịch
84057,HDT,du-lich,C14,Điểm học bạ,2025,16.0,Du lịch
84058,HDT,du-lich,D01,Điểm học bạ,2025,16.0,Du lịch
84059,HDT,du-lich,X01,Điểm học bạ,2025,16.0,Du lịch
84060,HDT,du-lich,B03,Điểm thi THPT,2025,16.0,Du lịch
84061,HDT,du-lich,C03,Điểm thi THPT,2025,16.0,Du lịch
84062,HDT,du-lich,C04,Điểm thi THPT,2025,16.0,Du lịch
84063,HDT,du-lich,C14,Điểm thi THPT,2025,16.0,Du lịch
84064,HDT,du-lich,D01,Điểm thi THPT,2025,16.0,Du lịch
84065,HDT,du-lich,X01,Điểm thi THPT,2025,16.0,Du lịch
84066,HDT,gd-mam-non,M00,Điểm thi THPT,2023,25.67,GD Mầm non
84067,HDT,gd-mam-non,M05,Điểm thi THPT,2023,25.67,GD Mầm non
84068,HDT,gd-mam-non,M07,Điểm thi THPT,2023,25.67,GD Mầm non
84069,HDT,gd-mam-non,M11,Điểm thi THPT,2023,25.67,GD Mầm non
84070,HDT,gd-tieu-hoc,A00,Điểm thi THPT,2023,27.63,GD Tiểu học
84071,HDT,gd-tieu-hoc,C00,Điểm thi THPT,2023,27.63,GD Tiểu học
84072,HDT,gd-tieu-hoc,D01,Điểm thi THPT,2023,27.63,GD Tiểu học
84073,HDT,gd-tieu-hoc,M00,Điểm thi THPT,2023,27.63,GD Tiểu học
84074,HDT,giao-duc-mam-non,M00,Điểm học bạ,2024,25.54,Giáo dục Mầm non
84075,HDT,giao-duc-mam-non,M05,Điểm học bạ,2024,25.54,Giáo dục Mầm non
84076,HDT,giao-duc-mam-non,M07,Điểm học bạ,2024,25.54,Giáo dục Mầm non
84077,HDT,giao-duc-mam-non,M11,Điểm học bạ,2024,25.54,Giáo dục Mầm non
84078,HDT,giao-duc-mam-non,M00,Điểm thi THPT,2024,26.2,Giáo dục Mầm non
84079,HDT,giao-duc-mam-non,M05,Điểm thi THPT,2024,26.2,Giáo dục Mầm non
84080,HDT,giao-duc-mam-non,M07,Điểm thi THPT,2024,26.2,Giáo dục Mầm non
84081,HDT,giao-duc-mam-non,M11,Điểm thi THPT,2024,26.2,Giáo dục Mầm non
84082,HDT,giao-duc-mam-non,M00,Điểm thi THPT,2025,26.68,Giáo dục Mầm non
84083,HDT,giao-duc-mam-non,M05,Điểm thi THPT,2025,26.68,Giáo dục Mầm non
84084,HDT,giao-duc-mam-non,M07,Điểm thi THPT,2025,26.68,Giáo dục Mầm non
84085,HDT,giao-duc-mam-non,M11,Điểm thi THPT,2025,26.68,Giáo dục Mầm non
84086,HDT,giao-duc-mam-non,M30,Điểm thi THPT,2025,26.68,Giáo dục Mầm non
84087,HDT,giao-duc-the-chat,T02,Điểm thi THPT,2025,26.04,Giáo dục thể chất
84088,HDT,giao-duc-the-chat,T05,Điểm thi THPT,2025,26.04,Giáo dục thể chất
84089,HDT,giao-duc-the-chat,T07,Điểm thi THPT,2025,26.04,Giáo dục thể chất
84090,HDT,giao-duc-the-chat,T10,Điểm thi THPT,2025,26.04,Giáo dục thể chất
84091,HDT,giao-duc-the-chat,T11,Điểm thi THPT,2025,26.04,Giáo dục thể chất
84092,HDT,giao-duc-the-chat,T12,Điểm thi THPT,2025,26.04,Giáo dục thể chất
84093,HDT,giao-duc-tieu-hoc,A00,Điểm học bạ,2024,28.63,Giáo dục Tiểu học
84094,HDT,giao-duc-tieu-hoc,C00,Điểm học bạ,2024,28.63,Giáo dục Tiểu học
84095,HDT,giao-duc-tieu-hoc,D01,Điểm học bạ,2024,28.63,Giáo dục Tiểu học
84096,HDT,giao-duc-tieu-hoc,M00,Điểm học bạ,2024,28.63,Giáo dục Tiểu học
84097,HDT,giao-duc-tieu-hoc,A00,Điểm thi THPT,2024,28.42,Giáo dục Tiểu học
84098,HDT,giao-duc-tieu-hoc,C00,Điểm thi THPT,2024,28.42,Giáo dục Tiểu học
84099,HDT,giao-duc-tieu-hoc,D01,Điểm thi THPT,2024,28.42,Giáo dục Tiểu học
84100,HDT,giao-duc-tieu-hoc,M00,Điểm thi THPT,2024,28.42,Giáo dục Tiểu học
84101,HDT,giao-duc-tieu-hoc,B03,Điểm thi THPT,2025,25.13,Giáo dục Tiểu học
84102,HDT,giao-duc-tieu-hoc,C02,Điểm thi THPT,2025,25.13,Giáo dục Tiểu học
84103,HDT,giao-duc-tieu-hoc,C04,Điểm thi THPT,2025,25.13,Giáo dục Tiểu học
84104,HDT,giao-duc-tieu-hoc,D01,Điểm thi THPT,2025,25.13,Giáo dục Tiểu học
84105,HDT,giao-duc-tieu-hoc,M00,Điểm thi THPT,2025,25.13,Giáo dục Tiểu học
84106,HDT,huan-luyen-the-thao,T00,Điểm học bạ,2024,16.5,Huấn luyện thể thao
84107,HDT,huan-luyen-the-thao,T02,Điểm học bạ,2024,16.5,Huấn luyện thể thao
84108,HDT,huan-luyen-the-thao,T05,Điểm học bạ,2024,16.5,Huấn luyện thể thao
84109,HDT,huan-luyen-the-thao,T07,Điểm học bạ,2024,16.5,Huấn luyện thể thao
84110,HDT,huan-luyen-the-thao,T00,Điểm thi THPT,2024,15.0,Huấn luyện thể thao
84111,HDT,huan-luyen-the-thao,T02,Điểm thi THPT,2024,15.0,Huấn luyện thể thao
84112,HDT,huan-luyen-the-thao,T05,Điểm thi THPT,2024,15.0,Huấn luyện thể thao
84113,HDT,huan-luyen-the-thao,T07,Điểm thi THPT,2024,15.0,Huấn luyện thể thao
84114,HDT,huan-luyen-the-thao,T02,Điểm học bạ,2025,18.13,Huấn luyện thể thao
84115,HDT,huan-luyen-the-thao,T05,Điểm học bạ,2025,18.13,Huấn luyện thể thao
84116,HDT,huan-luyen-the-thao,T07,Điểm học bạ,2025,18.13,Huấn luyện thể thao
84117,HDT,huan-luyen-the-thao,T10,Điểm học bạ,2025,18.13,Huấn luyện thể thao
84118,HDT,huan-luyen-the-thao,T11,Điểm học bạ,2025,18.13,Huấn luyện thể thao
84119,HDT,huan-luyen-the-thao,T12,Điểm học bạ,2025,18.13,Huấn luyện thể thao
84120,HDT,huan-luyen-the-thao,T02,Điểm thi THPT,2025,16.0,Huấn luyện thể thao
84121,HDT,huan-luyen-the-thao,T05,Điểm thi THPT,2025,16.0,Huấn luyện thể thao
84122,HDT,huan-luyen-the-thao,T07,Điểm thi THPT,2025,16.0,Huấn luyện thể thao
84123,HDT,huan-luyen-the-thao,T10,Điểm thi THPT,2025,16.0,Huấn luyện thể thao
84124,HDT,huan-luyen-the-thao,T11,Điểm thi THPT,2025,16.0,Huấn luyện thể thao
84125,HDT,huan-luyen-the-thao,T12,Điểm thi THPT,2025,16.0,Huấn luyện thể thao
84126,HDT,ke-toan,A00,Điểm học bạ,2023,20.0,Kế toán
84127,HDT,ke-toan,C04,Điểm học bạ,2023,20.0,Kế toán
84128,HDT,ke-toan,C14,Điểm học bạ,2023,20.0,Kế toán
84129,HDT,ke-toan,D01,Điểm học bạ,2023,20.0,Kế toán
84130,HDT,ke-toan,A00,Điểm thi THPT,2023,18.0,Kế toán
84131,HDT,ke-toan,C04,Điểm thi THPT,2023,18.0,Kế toán
84132,HDT,ke-toan,C14,Điểm thi THPT,2023,18.0,Kế toán
84133,HDT,ke-toan,D01,Điểm thi THPT,2023,18.0,Kế toán
84134,HDT,ke-toan,A00,Điểm học bạ,2024,20.0,Kế toán
84135,HDT,ke-toan,C04,Điểm học bạ,2024,20.0,Kế toán
84136,HDT,ke-toan,C14,Điểm học bạ,2024,20.0,Kế toán
84137,HDT,ke-toan,D01,Điểm học bạ,2024,20.0,Kế toán
84138,HDT,ke-toan,A00,Điểm thi THPT,2024,16.0,Kế toán
84139,HDT,ke-toan,C04,Điểm thi THPT,2024,16.0,Kế toán
84140,HDT,ke-toan,C14,Điểm thi THPT,2024,16.0,Kế toán
84141,HDT,ke-toan,D01,Điểm thi THPT,2024,16.0,Kế toán
84142,HDT,ke-toan,C01,Điểm học bạ,2025,20.63,Kế toán
84143,HDT,ke-toan,C03,Điểm học bạ,2025,20.63,Kế toán
84144,HDT,ke-toan,C04,Điểm học bạ,2025,20.63,Kế toán
84145,HDT,ke-toan,C14,Điểm học bạ,2025,20.63,Kế toán
84146,HDT,ke-toan,D01,Điểm học bạ,2025,20.63,Kế toán
84147,HDT,ke-toan,X01,Điểm học bạ,2025,20.63,Kế toán
84148,HDT,ke-toan,C01,Điểm thi THPT,2025,16.25,Kế toán
84149,HDT,ke-toan,C03,Điểm thi THPT,2025,18.0,Kế toán
84150,HDT,ke-toan,C04,Điểm thi THPT,2025,18.0,Kế toán
84151,HDT,ke-toan,C14,Điểm thi THPT,2025,18.0,Kế toán
84152,HDT,ke-toan,D01,Điểm thi THPT,2025,18.0,Kế toán
84153,HDT,ke-toan,X01,Điểm thi THPT,2025,18.0,Kế toán
84154,HDT,khoa-hoc-cay-trong,A00,Điểm học bạ,2023,16.5,Khoa học cây trồng
84155,HDT,khoa-hoc-cay-trong,B00,Điểm học bạ,2023,16.5,Khoa học cây trồng
84156,HDT,khoa-hoc-cay-trong,C14,Điểm học bạ,2023,16.5,Khoa học cây trồng
84157,HDT,khoa-hoc-cay-trong,C20,Điểm học bạ,2023,16.5,Khoa học cây trồng
84158,HDT,khoa-hoc-cay-trong,A00,Điểm thi THPT,2023,15.0,Khoa học cây trồng
84159,HDT,khoa-hoc-cay-trong,B00,Điểm thi THPT,2023,15.0,Khoa học cây trồng
84160,HDT,khoa-hoc-cay-trong,C14,Điểm thi THPT,2023,15.0,Khoa học cây trồng
84161,HDT,khoa-hoc-cay-trong,C20,Điểm thi THPT,2023,15.0,Khoa học cây trồng
84162,HDT,khoa-hoc-cay-trong,A00,Điểm học bạ,2024,16.5,Khoa học cây trồng
84163,HDT,khoa-hoc-cay-trong,B00,Điểm học bạ,2024,16.5,Khoa học cây trồng
84164,HDT,khoa-hoc-cay-trong,C14,Điểm học bạ,2024,16.5,Khoa học cây trồng
84165,HDT,khoa-hoc-cay-trong,C20,Điểm học bạ,2024,16.5,Khoa học cây trồng
84166,HDT,khoa-hoc-cay-trong,A00,Điểm thi THPT,2024,15.0,Khoa học cây trồng
84167,HDT,khoa-hoc-cay-trong,B00,Điểm thi THPT,2024,15.0,Khoa học cây trồng
84168,HDT,khoa-hoc-cay-trong,C14,Điểm thi THPT,2024,15.0,Khoa học cây trồng
84169,HDT,khoa-hoc-cay-trong,C20,Điểm thi THPT,2024,15.0,Khoa học cây trồng
84170,HDT,khoa-hoc-cay-trong,B03,Điểm học bạ,2025,18.13,Khoa học cây trồng
84171,HDT,khoa-hoc-cay-trong,C01,Điểm học bạ,2025,18.13,Khoa học cây trồng
84172,HDT,khoa-hoc-cay-trong,C02,Điểm học bạ,2025,18.13,Khoa học cây trồng
84173,HDT,khoa-hoc-cay-trong,C04,Điểm học bạ,2025,18.13,Khoa học cây trồng
84174,HDT,khoa-hoc-cay-trong,C14,Điểm học bạ,2025,18.13,Khoa học cây trồng
84175,HDT,khoa-hoc-cay-trong,X01,Điểm học bạ,2025,18.13,Khoa học cây trồng
84176,HDT,khoa-hoc-cay-trong,B03,Điểm thi THPT,2025,16.0,Khoa học cây trồng
84177,HDT,khoa-hoc-cay-trong,C01,Điểm thi THPT,2025,16.0,Khoa học cây trồng
84178,HDT,khoa-hoc-cay-trong,C02,Điểm thi THPT,2025,16.0,Khoa học cây trồng
84179,HDT,khoa-hoc-cay-trong,C04,Điểm thi THPT,2025,16.0,Khoa học cây trồng
84180,HDT,khoa-hoc-cay-trong,C14,Điểm thi THPT,2025,16.0,Khoa học cây trồng
84181,HDT,khoa-hoc-cay-trong,X01,Điểm thi THPT,2025,16.0,Khoa học cây trồng
84182,HDT,khoa-hoc-vat-lieu,A00,Điểm học bạ,2025,16.0,Khoa học vật liệu
84183,HDT,khoa-hoc-vat-lieu,A01,Điểm học bạ,2025,16.0,Khoa học vật liệu
84184,HDT,khoa-hoc-vat-lieu,A02,Điểm học bạ,2025,16.0,Khoa học vật liệu
84185,HDT,khoa-hoc-vat-lieu,C01,Điểm học bạ,2025,16.0,Khoa học vật liệu
84186,HDT,khoa-hoc-vat-lieu,X07,Điểm học bạ,2025,16.0,Khoa học vật liệu
84187,HDT,khoa-hoc-vat-lieu,A00,Điểm thi THPT,2025,16.0,Khoa học vật liệu
84188,HDT,khoa-hoc-vat-lieu,A01,Điểm thi THPT,2025,16.75,Khoa học vật liệu
84189,HDT,khoa-hoc-vat-lieu,A02,Điểm thi THPT,2025,16.0,Khoa học vật liệu
84190,HDT,khoa-hoc-vat-lieu,C01,Điểm thi THPT,2025,14.75,Khoa học vật liệu
84191,HDT,khoa-hoc-vat-lieu,X07,Điểm thi THPT,2025,16.0,Khoa học vật liệu
84192,HDT,kiem-toan,A00,Điểm học bạ,2023,16.5,Kiểm toán
84193,HDT,kiem-toan,C04,Điểm học bạ,2023,16.5,Kiểm toán
84194,HDT,kiem-toan,C14,Điểm học bạ,2023,16.5,Kiểm toán
84195,HDT,kiem-toan,D01,Điểm học bạ,2023,16.5,Kiểm toán
84196,HDT,kiem-toan,A00,Điểm thi THPT,2023,15.0,Kiểm toán
84197,HDT,kiem-toan,C04,Điểm thi THPT,2023,15.0,Kiểm toán
84198,HDT,kiem-toan,C14,Điểm thi THPT,2023,15.0,Kiểm toán
84199,HDT,kiem-toan,D01,Điểm thi THPT,2023,15.0,Kiểm toán
84200,HDT,kiem-toan,A00,Điểm học bạ,2024,16.5,Kiểm toán
84201,HDT,kiem-toan,C04,Điểm học bạ,2024,16.5,Kiểm toán
84202,HDT,kiem-toan,C14,Điểm học bạ,2024,16.5,Kiểm toán
84203,HDT,kiem-toan,D01,Điểm học bạ,2024,16.5,Kiểm toán
84204,HDT,kiem-toan,A00,Điểm thi THPT,2024,15.0,Kiểm toán
84205,HDT,kiem-toan,C04,Điểm thi THPT,2024,15.0,Kiểm toán
84206,HDT,kiem-toan,C14,Điểm thi THPT,2024,15.0,Kiểm toán
84207,HDT,kiem-toan,D01,Điểm thi THPT,2024,15.0,Kiểm toán
84208,HDT,kiem-toan,C01,Điểm học bạ,2025,16.0,Kiểm toán
84209,HDT,kiem-toan,C03,Điểm học bạ,2025,16.0,Kiểm toán
84210,HDT,kiem-toan,C04,Điểm học bạ,2025,16.0,Kiểm toán
84211,HDT,kiem-toan,C14,Điểm học bạ,2025,16.0,Kiểm toán
84212,HDT,kiem-toan,D01,Điểm học bạ,2025,16.0,Kiểm toán
84213,HDT,kiem-toan,X01,Điểm học bạ,2025,16.0,Kiểm toán
84214,HDT,kiem-toan,C01,Điểm thi THPT,2025,14.25,Kiểm toán
84215,HDT,kiem-toan,C03,Điểm thi THPT,2025,16.0,Kiểm toán
84216,HDT,kiem-toan,C04,Điểm thi THPT,2025,16.0,Kiểm toán
84217,HDT,kiem-toan,C14,Điểm thi THPT,2025,16.0,Kiểm toán
84218,HDT,kiem-toan,D01,Điểm thi THPT,2025,16.0,Kiểm toán
84219,HDT,kiem-toan,X01,Điểm thi THPT,2025,16.0,Kiểm toán
84220,HDT,kinh-te,A00,Điểm học bạ,2023,16.5,Kinh tế
84221,HDT,kinh-te,C04,Điểm học bạ,2023,16.5,Kinh tế
84222,HDT,kinh-te,C14,Điểm học bạ,2023,16.5,Kinh tế
84223,HDT,kinh-te,D01,Điểm học bạ,2023,16.5,Kinh tế
84224,HDT,kinh-te,A00,Điểm thi THPT,2023,15.0,Kinh tế
84225,HDT,kinh-te,C04,Điểm thi THPT,2023,15.0,Kinh tế
84226,HDT,kinh-te,C14,Điểm thi THPT,2023,15.0,Kinh tế
84227,HDT,kinh-te,D01,Điểm thi THPT,2023,15.0,Kinh tế
84228,HDT,kinh-te,A00,Điểm học bạ,2024,16.5,Kinh tế
84229,HDT,kinh-te,C04,Điểm học bạ,2024,16.5,Kinh tế
84230,HDT,kinh-te,C14,Điểm học bạ,2024,16.5,Kinh tế
84231,HDT,kinh-te,D01,Điểm học bạ,2024,16.5,Kinh tế
84232,HDT,kinh-te,A00,Điểm thi THPT,2024,15.0,Kinh tế
84233,HDT,kinh-te,C04,Điểm thi THPT,2024,15.0,Kinh tế
84234,HDT,kinh-te,C14,Điểm thi THPT,2024,15.0,Kinh tế
84235,HDT,kinh-te,D01,Điểm thi THPT,2024,15.0,Kinh tế
84236,HDT,kinh-te,C01,Điểm học bạ,2025,16.0,Kinh tế
84237,HDT,kinh-te,C03,Điểm học bạ,2025,16.0,Kinh tế
84238,HDT,kinh-te,C04,Điểm học bạ,2025,16.0,Kinh tế
84239,HDT,kinh-te,C14,Điểm học bạ,2025,16.0,Kinh tế
84240,HDT,kinh-te,D01,Điểm học bạ,2025,16.0,Kinh tế
84241,HDT,kinh-te,X01,Điểm học bạ,2025,16.0,Kinh tế
84242,HDT,kinh-te,C01,Điểm thi THPT,2025,14.25,Kinh tế
84243,HDT,kinh-te,C03,Điểm thi THPT,2025,16.0,Kinh tế
84244,HDT,kinh-te,C04,Điểm thi THPT,2025,16.0,Kinh tế
84245,HDT,kinh-te,C14,Điểm thi THPT,2025,16.0,Kinh tế
84246,HDT,kinh-te,D01,Điểm thi THPT,2025,16.0,Kinh tế
84247,HDT,kinh-te,X01,Điểm thi THPT,2025,16.0,Kinh tế
84248,HDT,kinh-te-nong-nghiep,A00,Điểm học bạ,2024,16.5,Kinh tế nông nghiệp
84249,HDT,kinh-te-nong-nghiep,B00,Điểm học bạ,2024,16.5,Kinh tế nông nghiệp
84250,HDT,kinh-te-nong-nghiep,C14,Điểm học bạ,2024,16.5,Kinh tế nông nghiệp
84251,HDT,kinh-te-nong-nghiep,C20,Điểm học bạ,2024,16.5,Kinh tế nông nghiệp
84252,HDT,kinh-te-nong-nghiep,A00,Điểm thi THPT,2024,15.0,Kinh tế nông nghiệp
84253,HDT,kinh-te-nong-nghiep,B00,Điểm thi THPT,2024,15.0,Kinh tế nông nghiệp
84254,HDT,kinh-te-nong-nghiep,C14,Điểm thi THPT,2024,15.0,Kinh tế nông nghiệp
84255,HDT,kinh-te-nong-nghiep,C20,Điểm thi THPT,2024,15.0,Kinh tế nông nghiệp
84256,HDT,kinh-te-nong-nghiep,B03,Điểm học bạ,2025,16.0,Kinh tế nông nghiệp
84257,HDT,kinh-te-nong-nghiep,C01,Điểm học bạ,2025,16.0,Kinh tế nông nghiệp
84258,HDT,kinh-te-nong-nghiep,C02,Điểm học bạ,2025,16.0,Kinh tế nông nghiệp
84259,HDT,kinh-te-nong-nghiep,C04,Điểm học bạ,2025,16.0,Kinh tế nông nghiệp
84260,HDT,kinh-te-nong-nghiep,C14,Điểm học bạ,2025,16.0,Kinh tế nông nghiệp
84261,HDT,kinh-te-nong-nghiep,X01,Điểm học bạ,2025,16.0,Kinh tế nông nghiệp
84262,HDT,kinh-te-nong-nghiep,B03,Điểm thi THPT,2025,16.0,Kinh tế nông nghiệp
84263,HDT,kinh-te-nong-nghiep,C01,Điểm thi THPT,2025,16.0,Kinh tế nông nghiệp
84264,HDT,kinh-te-nong-nghiep,C02,Điểm thi THPT,2025,16.0,Kinh tế nông nghiệp
84265,HDT,kinh-te-nong-nghiep,C04,Điểm thi THPT,2025,16.0,Kinh tế nông nghiệp
84266,HDT,kinh-te-nong-nghiep,C14,Điểm thi THPT,2025,16.0,Kinh tế nông nghiệp
84267,HDT,kinh-te-nong-nghiep,X01,Điểm thi THPT,2025,16.0,Kinh tế nông nghiệp
84268,HDT,ky-thuat-dien,A00,Điểm học bạ,2023,16.5,Kỹ thuật điện
84269,HDT,ky-thuat-dien,A01,Điểm học bạ,2023,16.5,Kỹ thuật điện
84270,HDT,ky-thuat-dien,A02,Điểm học bạ,2023,16.5,Kỹ thuật điện
84271,HDT,ky-thuat-dien,B00,Điểm học bạ,2023,16.5,Kỹ thuật điện
84272,HDT,ky-thuat-dien,A00,Điểm thi THPT,2023,15.0,Kỹ thuật điện
84273,HDT,ky-thuat-dien,A01,Điểm thi THPT,2023,15.0,Kỹ thuật điện
84274,HDT,ky-thuat-dien,A02,Điểm thi THPT,2023,15.0,Kỹ thuật điện
84275,HDT,ky-thuat-dien,B00,Điểm thi THPT,2023,15.0,Kỹ thuật điện
84276,HDT,ky-thuat-dien,A00,Điểm học bạ,2024,16.5,Kỹ thuật điện
84277,HDT,ky-thuat-dien,A01,Điểm học bạ,2024,16.5,Kỹ thuật điện
84278,HDT,ky-thuat-dien,A02,Điểm học bạ,2024,16.5,Kỹ thuật điện
84279,HDT,ky-thuat-dien,B00,Điểm học bạ,2024,16.5,Kỹ thuật điện
84280,HDT,ky-thuat-dien,A00,Điểm thi THPT,2024,15.0,Kỹ thuật điện
84281,HDT,ky-thuat-dien,A01,Điểm thi THPT,2024,15.0,Kỹ thuật điện
84282,HDT,ky-thuat-dien,A02,Điểm thi THPT,2024,15.0,Kỹ thuật điện
84283,HDT,ky-thuat-dien,B00,Điểm thi THPT,2024,15.0,Kỹ thuật điện
84284,HDT,ky-thuat-dien,B03,Điểm học bạ,2025,16.5,Kỹ thuật điện
84285,HDT,ky-thuat-dien,C01,Điểm học bạ,2025,16.5,Kỹ thuật điện
84286,HDT,ky-thuat-dien,C02,Điểm học bạ,2025,16.5,Kỹ thuật điện
84287,HDT,ky-thuat-dien,C04,Điểm học bạ,2025,16.5,Kỹ thuật điện
84288,HDT,ky-thuat-dien,D01,Điểm học bạ,2025,16.5,Kỹ thuật điện
84289,HDT,ky-thuat-dien,B03,Điểm thi THPT,2025,16.5,Kỹ thuật điện
84290,HDT,ky-thuat-dien,C01,Điểm thi THPT,2025,14.75,Kỹ thuật điện
84291,HDT,ky-thuat-dien,C02,Điểm thi THPT,2025,16.5,Kỹ thuật điện
84292,HDT,ky-thuat-dien,C04,Điểm thi THPT,2025,16.5,Kỹ thuật điện
84293,HDT,ky-thuat-dien,D01,Điểm thi THPT,2025,16.5,Kỹ thuật điện
84294,HDT,ky-thuat-xay-dung,A00,Điểm học bạ,2023,16.5,Kỹ thuật xây dựng
84295,HDT,ky-thuat-xay-dung,A01,Điểm học bạ,2023,16.5,Kỹ thuật xây dựng
84296,HDT,ky-thuat-xay-dung,A02,Điểm học bạ,2023,16.5,Kỹ thuật xây dựng
84297,HDT,ky-thuat-xay-dung,B00,Điểm học bạ,2023,16.5,Kỹ thuật xây dựng
84298,HDT,ky-thuat-xay-dung,A00,Điểm thi THPT,2023,15.0,Kỹ thuật xây dựng
84299,HDT,ky-thuat-xay-dung,A01,Điểm thi THPT,2023,15.0,Kỹ thuật xây dựng
84300,HDT,ky-thuat-xay-dung,A02,Điểm thi THPT,2023,15.0,Kỹ thuật xây dựng
84301,HDT,ky-thuat-xay-dung,B00,Điểm thi THPT,2023,15.0,Kỹ thuật xây dựng
84302,HDT,ky-thuat-xay-dung,A00,Điểm học bạ,2024,16.5,Kỹ thuật xây dựng
84303,HDT,ky-thuat-xay-dung,A01,Điểm học bạ,2024,16.5,Kỹ thuật xây dựng
84304,HDT,ky-thuat-xay-dung,A02,Điểm học bạ,2024,16.5,Kỹ thuật xây dựng
84305,HDT,ky-thuat-xay-dung,B00,Điểm học bạ,2024,16.5,Kỹ thuật xây dựng
84306,HDT,ky-thuat-xay-dung,A00,Điểm thi THPT,2024,15.0,Kỹ thuật xây dựng
84307,HDT,ky-thuat-xay-dung,A01,Điểm thi THPT,2024,15.0,Kỹ thuật xây dựng
84308,HDT,ky-thuat-xay-dung,A02,Điểm thi THPT,2024,15.0,Kỹ thuật xây dựng
84309,HDT,ky-thuat-xay-dung,B00,Điểm thi THPT,2024,15.0,Kỹ thuật xây dựng
84310,HDT,ky-thuat-xay-dung,B03,Điểm học bạ,2025,16.0,Kỹ thuật xây dựng
84311,HDT,ky-thuat-xay-dung,C01,Điểm học bạ,2025,16.0,Kỹ thuật xây dựng
84312,HDT,ky-thuat-xay-dung,C02,Điểm học bạ,2025,16.0,Kỹ thuật xây dựng
84313,HDT,ky-thuat-xay-dung,C04,Điểm học bạ,2025,16.0,Kỹ thuật xây dựng
84314,HDT,ky-thuat-xay-dung,D01,Điểm học bạ,2025,16.0,Kỹ thuật xây dựng
84315,HDT,ky-thuat-xay-dung,B03,Điểm thi THPT,2025,16.0,Kỹ thuật xây dựng
84316,HDT,ky-thuat-xay-dung,C01,Điểm thi THPT,2025,14.25,Kỹ thuật xây dựng
84317,HDT,ky-thuat-xay-dung,C02,Điểm thi THPT,2025,16.0,Kỹ thuật xây dựng
84318,HDT,ky-thuat-xay-dung,C04,Điểm thi THPT,2025,16.0,Kỹ thuật xây dựng
84319,HDT,ky-thuat-xay-dung,D01,Điểm thi THPT,2025,16.0,Kỹ thuật xây dựng
84320,HDT,lam-hoc,A00,Điểm học bạ,2024,16.5,Lâm học
84321,HDT,lam-hoc,B00,Điểm học bạ,2024,16.5,Lâm học
84322,HDT,lam-hoc,C14,Điểm học bạ,2024,16.5,Lâm học
84323,HDT,lam-hoc,C20,Điểm học bạ,2024,16.5,Lâm học
84324,HDT,lam-hoc,A00,Điểm thi THPT,2024,15.0,Lâm học
84325,HDT,lam-hoc,B00,Điểm thi THPT,2024,15.0,Lâm học
84326,HDT,lam-hoc,C14,Điểm thi THPT,2024,15.0,Lâm học
84327,HDT,lam-hoc,C20,Điểm thi THPT,2024,15.0,Lâm học
84328,HDT,logistics-va-ql-chuoi-cung-ung,C01,Điểm học bạ,2025,18.0,Logistics và QL chuỗi cung ứng
84329,HDT,logistics-va-ql-chuoi-cung-ung,C03,Điểm học bạ,2025,18.0,Logistics và QL chuỗi cung ứng
84330,HDT,logistics-va-ql-chuoi-cung-ung,C04,Điểm học bạ,2025,18.0,Logistics và QL chuỗi cung ứng
84331,HDT,logistics-va-ql-chuoi-cung-ung,C14,Điểm học bạ,2025,18.0,Logistics và QL chuỗi cung ứng
84332,HDT,logistics-va-ql-chuoi-cung-ung,D01,Điểm học bạ,2025,18.0,Logistics và QL chuỗi cung ứng
84333,HDT,logistics-va-ql-chuoi-cung-ung,X01,Điểm học bạ,2025,18.0,Logistics và QL chuỗi cung ứng
84334,HDT,logistics-va-ql-chuoi-cung-ung,C01,Điểm thi THPT,2025,16.25,Logistics và QL chuỗi cung ứng
84335,HDT,logistics-va-ql-chuoi-cung-ung,C03,Điểm thi THPT,2025,18.0,Logistics và QL chuỗi cung ứng
84336,HDT,logistics-va-ql-chuoi-cung-ung,C04,Điểm thi THPT,2025,18.0,Logistics và QL chuỗi cung ứng
84337,HDT,logistics-va-ql-chuoi-cung-ung,C14,Điểm thi THPT,2025,18.0,Logistics và QL chuỗi cung ứng
84338,HDT,logistics-va-ql-chuoi-cung-ung,D01,Điểm thi THPT,2025,18.0,Logistics và QL chuỗi cung ứng
84339,HDT,logistics-va-ql-chuoi-cung-ung,X01,Điểm thi THPT,2025,18.0,Logistics và QL chuỗi cung ứng
84340,HDT,logistics-va-quan-ly-chuoi-cung-ung,A00,Điểm học bạ,2024,19.0,Logistics và quản lý chuỗi cung ứng
84341,HDT,logistics-va-quan-ly-chuoi-cung-ung,C04,Điểm học bạ,2024,19.0,Logistics và quản lý chuỗi cung ứng
84342,HDT,logistics-va-quan-ly-chuoi-cung-ung,C14,Điểm học bạ,2024,19.0,Logistics và quản lý chuỗi cung ứng
84343,HDT,logistics-va-quan-ly-chuoi-cung-ung,D01,Điểm học bạ,2024,19.0,Logistics và quản lý chuỗi cung ứng
84344,HDT,logistics-va-quan-ly-chuoi-cung-ung,A00,Điểm thi THPT,2024,15.0,Logistics và quản lý chuỗi cung ứng
84345,HDT,logistics-va-quan-ly-chuoi-cung-ung,C04,Điểm thi THPT,2024,15.0,Logistics và quản lý chuỗi cung ứng
84346,HDT,logistics-va-quan-ly-chuoi-cung-ung,C14,Điểm thi THPT,2024,15.0,Logistics và quản lý chuỗi cung ứng
84347,HDT,logistics-va-quan-ly-chuoi-cung-ung,D01,Điểm thi THPT,2024,15.0,Logistics và quản lý chuỗi cung ứng
84348,HDT,luat,A00,Điểm học bạ,2023,16.5,Luật
84349,HDT,luat,C00,Điểm học bạ,2023,16.5,Luật
84350,HDT,luat,C19,Điểm học bạ,2023,16.5,Luật
84351,HDT,luat,C20,Điểm học bạ,2023,16.5,Luật
84352,HDT,luat,A00,Điểm thi THPT,2023,16.0,Luật
84353,HDT,luat,C00,Điểm thi THPT,2023,16.0,Luật
84354,HDT,luat,C19,Điểm thi THPT,2023,16.0,Luật
84355,HDT,luat,C20,Điểm thi THPT,2023,16.0,Luật
84356,HDT,luat,A00,Điểm học bạ,2024,16.5,Luật
84357,HDT,luat,C00,Điểm học bạ,2024,16.5,Luật
84358,HDT,luat,C19,Điểm học bạ,2024,16.5,Luật
84359,HDT,luat,C20,Điểm học bạ,2024,16.5,Luật
84360,HDT,luat,A00,Điểm thi THPT,2024,16.0,Luật
84361,HDT,luat,C00,Điểm thi THPT,2024,16.0,Luật
84362,HDT,luat,C19,Điểm thi THPT,2024,16.0,Luật
84363,HDT,luat,C20,Điểm thi THPT,2024,16.0,Luật
84364,HDT,luat,C00,Điểm học bạ,2025,18.0,Luật
84365,HDT,luat,C03,Điểm học bạ,2025,18.0,Luật
84366,HDT,luat,C12,Điểm học bạ,2025,18.0,Luật
84367,HDT,luat,C19,Điểm học bạ,2025,18.0,Luật
84368,HDT,luat,D14,Điểm học bạ,2025,18.0,Luật
84369,HDT,luat,X70,Điểm học bạ,2025,18.0,Luật
84370,HDT,luat,C00,Điểm thi THPT,2025,18.0,Luật
84371,HDT,luat,C03,Điểm thi THPT,2025,18.0,Luật
84372,HDT,luat,C12,Điểm thi THPT,2025,18.0,Luật
84373,HDT,luat,C19,Điểm thi THPT,2025,18.0,Luật
84374,HDT,luat,D14,Điểm thi THPT,2025,18.0,Luật
84375,HDT,luat,X70,Điểm thi THPT,2025,18.0,Luật
84376,HDT,luat-kinh-te,A00,Điểm học bạ,2023,16.5,Luật Kinh tế
84377,HDT,luat-kinh-te,C00,Điểm học bạ,2023,16.5,Luật Kinh tế
84378,HDT,luat-kinh-te,C19,Điểm học bạ,2023,16.5,Luật Kinh tế
84379,HDT,luat-kinh-te,C20,Điểm học bạ,2023,16.5,Luật Kinh tế
84380,HDT,luat-kinh-te,A00,Điểm thi THPT,2023,15.0,Luật Kinh tế
84381,HDT,luat-kinh-te,C00,Điểm thi THPT,2023,15.0,Luật Kinh tế
84382,HDT,luat-kinh-te,C19,Điểm thi THPT,2023,15.0,Luật Kinh tế
84383,HDT,luat-kinh-te,C20,Điểm thi THPT,2023,15.0,Luật Kinh tế
84384,HDT,luat-kinh-te,A00,Điểm học bạ,2024,18.0,Luật Kinh tế
84385,HDT,luat-kinh-te,C00,Điểm học bạ,2024,18.0,Luật Kinh tế
84386,HDT,luat-kinh-te,C19,Điểm học bạ,2024,18.0,Luật Kinh tế
84387,HDT,luat-kinh-te,C20,Điểm học bạ,2024,18.0,Luật Kinh tế
84388,HDT,luat-kinh-te,A00,Điểm thi THPT,2024,15.0,Luật Kinh tế
84389,HDT,luat-kinh-te,C00,Điểm thi THPT,2024,15.0,Luật Kinh tế
84390,HDT,luat-kinh-te,C19,Điểm thi THPT,2024,15.0,Luật Kinh tế
84391,HDT,luat-kinh-te,C20,Điểm thi THPT,2024,15.0,Luật Kinh tế
84392,HDT,luat-kinh-te,C01,Điểm học bạ,2025,20.63,Luật Kinh tế
84393,HDT,luat-kinh-te,C03,Điểm học bạ,2025,20.63,Luật Kinh tế
84394,HDT,luat-kinh-te,C04,Điểm học bạ,2025,20.63,Luật Kinh tế
84395,HDT,luat-kinh-te,C14,Điểm học bạ,2025,20.63,Luật Kinh tế
84396,HDT,luat-kinh-te,D01,Điểm học bạ,2025,20.63,Luật Kinh tế
84397,HDT,luat-kinh-te,X01,Điểm học bạ,2025,20.63,Luật Kinh tế
84398,HDT,luat-kinh-te,C01,Điểm thi THPT,2025,16.25,Luật Kinh tế
84399,HDT,luat-kinh-te,C03,Điểm thi THPT,2025,18.0,Luật Kinh tế
84400,HDT,luat-kinh-te,C04,Điểm thi THPT,2025,18.0,Luật Kinh tế
84401,HDT,luat-kinh-te,C14,Điểm thi THPT,2025,18.0,Luật Kinh tế
84402,HDT,luat-kinh-te,D01,Điểm thi THPT,2025,18.0,Luật Kinh tế
84403,HDT,luat-kinh-te,X01,Điểm thi THPT,2025,18.0,Luật Kinh tế
84404,HDT,ngon-ngu-anh,A01,Điểm học bạ,2023,20.0,Ngôn ngữ Anh
84405,HDT,ngon-ngu-anh,D01,Điểm học bạ,2023,20.0,Ngôn ngữ Anh
84406,HDT,ngon-ngu-anh,D14,Điểm học bạ,2023,20.0,Ngôn ngữ Anh
84407,HDT,ngon-ngu-anh,D66,Điểm học bạ,2023,20.0,Ngôn ngữ Anh
84408,HDT,ngon-ngu-anh,A01,Điểm thi THPT,2023,16.0,Ngôn ngữ Anh
84409,HDT,ngon-ngu-anh,D01,Điểm thi THPT,2023,16.0,Ngôn ngữ Anh
84410,HDT,ngon-ngu-anh,D14,Điểm thi THPT,2023,16.0,Ngôn ngữ Anh
84411,HDT,ngon-ngu-anh,D66,Điểm thi THPT,2023,16.0,Ngôn ngữ Anh
84412,HDT,ngon-ngu-anh,A00,Điểm học bạ,2024,21.0,Ngôn ngữ Anh
84413,HDT,ngon-ngu-anh,D01,Điểm học bạ,2024,21.0,Ngôn ngữ Anh
84414,HDT,ngon-ngu-anh,D14,Điểm học bạ,2024,21.0,Ngôn ngữ Anh
84415,HDT,ngon-ngu-anh,D66,Điểm học bạ,2024,21.0,Ngôn ngữ Anh
84416,HDT,ngon-ngu-anh,A01,Điểm thi THPT,2024,16.0,Ngôn ngữ Anh
84417,HDT,ngon-ngu-anh,D01,Điểm thi THPT,2024,16.0,Ngôn ngữ Anh
84418,HDT,ngon-ngu-anh,D14,Điểm thi THPT,2024,16.0,Ngôn ngữ Anh
84419,HDT,ngon-ngu-anh,D66,Điểm thi THPT,2024,16.0,Ngôn ngữ Anh
84420,HDT,ngon-ngu-anh,D01,Điểm học bạ,2025,20.0,Ngôn ngữ Anh
84421,HDT,ngon-ngu-anh,D11,Điểm học bạ,2025,20.0,Ngôn ngữ Anh
84422,HDT,ngon-ngu-anh,D14,Điểm học bạ,2025,20.0,Ngôn ngữ Anh
84423,HDT,ngon-ngu-anh,D15,Điểm học bạ,2025,20.0,Ngôn ngữ Anh
84424,HDT,ngon-ngu-anh,D66,Điểm học bạ,2025,20.0,Ngôn ngữ Anh
84425,HDT,ngon-ngu-anh,X78,Điểm học bạ,2025,20.0,Ngôn ngữ Anh
84426,HDT,ngon-ngu-anh,D01,Điểm thi THPT,2025,17.5,Ngôn ngữ Anh
84427,HDT,ngon-ngu-anh,D11,Điểm thi THPT,2025,17.5,Ngôn ngữ Anh
84428,HDT,ngon-ngu-anh,D14,Điểm thi THPT,2025,17.5,Ngôn ngữ Anh
84429,HDT,ngon-ngu-anh,D15,Điểm thi THPT,2025,17.5,Ngôn ngữ Anh
84430,HDT,ngon-ngu-anh,D66,Điểm thi THPT,2025,17.5,Ngôn ngữ Anh
84431,HDT,ngon-ngu-anh,X78,Điểm thi THPT,2025,17.5,Ngôn ngữ Anh
84432,HDT,ql-tai-nguyen-va-moi-truong,A00,Điểm thi THPT,2023,15.0,QL tài nguyên và môi trường
84433,HDT,ql-tai-nguyen-va-moi-truong,C00,Điểm thi THPT,2023,15.0,QL tài nguyên và môi trường
84434,HDT,ql-tai-nguyen-va-moi-truong,C20,Điểm thi THPT,2023,15.0,QL tài nguyên và môi trường
84435,HDT,ql-tai-nguyen-va-moi-truong,D66,Điểm thi THPT,2023,15.0,QL tài nguyên và môi trường
84436,HDT,quan-ly-dat-dai,A00,Điểm học bạ,2023,16.5,Quản lý đất đai
84437,HDT,quan-ly-dat-dai,B00,Điểm học bạ,2023,16.5,Quản lý đất đai
84438,HDT,quan-ly-dat-dai,C14,Điểm học bạ,2023,16.5,Quản lý đất đai
84439,HDT,quan-ly-dat-dai,C20,Điểm học bạ,2023,16.5,Quản lý đất đai
84440,HDT,quan-ly-dat-dai,A00,Điểm thi THPT,2023,15.0,Quản lý đất đai
84441,HDT,quan-ly-dat-dai,B00,Điểm thi THPT,2023,15.0,Quản lý đất đai
84442,HDT,quan-ly-dat-dai,C14,Điểm thi THPT,2023,15.0,Quản lý đất đai
84443,HDT,quan-ly-dat-dai,C20,Điểm thi THPT,2023,15.0,Quản lý đất đai
84444,HDT,quan-ly-dat-dai,A00,Điểm học bạ,2024,16.5,Quản lý đất đai
84445,HDT,quan-ly-dat-dai,B00,Điểm học bạ,2024,16.5,Quản lý đất đai
84446,HDT,quan-ly-dat-dai,C14,Điểm học bạ,2024,16.5,Quản lý đất đai
84447,HDT,quan-ly-dat-dai,C20,Điểm học bạ,2024,16.5,Quản lý đất đai
84448,HDT,quan-ly-dat-dai,A00,Điểm thi THPT,2024,15.0,Quản lý đất đai
84449,HDT,quan-ly-dat-dai,B00,Điểm thi THPT,2024,15.0,Quản lý đất đai
84450,HDT,quan-ly-dat-dai,C14,Điểm thi THPT,2024,15.0,Quản lý đất đai
84451,HDT,quan-ly-dat-dai,C20,Điểm thi THPT,2024,15.0,Quản lý đất đai
84452,HDT,quan-ly-dat-dai,B03,Điểm học bạ,2025,18.13,Quản lý đất đai
84453,HDT,quan-ly-dat-dai,C01,Điểm học bạ,2025,18.13,Quản lý đất đai
84454,HDT,quan-ly-dat-dai,C02,Điểm học bạ,2025,18.13,Quản lý đất đai
84455,HDT,quan-ly-dat-dai,C04,Điểm học bạ,2025,18.13,Quản lý đất đai
84456,HDT,quan-ly-dat-dai,C14,Điểm học bạ,2025,18.13,Quản lý đất đai
84457,HDT,quan-ly-dat-dai,X01,Điểm học bạ,2025,18.13,Quản lý đất đai
84458,HDT,quan-ly-dat-dai,B03,Điểm thi THPT,2025,16.0,Quản lý đất đai
84459,HDT,quan-ly-dat-dai,C01,Điểm thi THPT,2025,16.0,Quản lý đất đai
84460,HDT,quan-ly-dat-dai,C02,Điểm thi THPT,2025,16.0,Quản lý đất đai
84461,HDT,quan-ly-dat-dai,C04,Điểm thi THPT,2025,16.0,Quản lý đất đai
84462,HDT,quan-ly-dat-dai,C14,Điểm thi THPT,2025,16.0,Quản lý đất đai
84463,HDT,quan-ly-dat-dai,X01,Điểm thi THPT,2025,16.0,Quản lý đất đai
84464,HDT,quan-ly-tai-nguyen-va-moi-truong,A00,Điểm học bạ,2023,16.5,Quản lý tài nguyên và môi trường
84465,HDT,quan-ly-tai-nguyen-va-moi-truong,C00,Điểm học bạ,2023,16.5,Quản lý tài nguyên và môi trường
84466,HDT,quan-ly-tai-nguyen-va-moi-truong,C20,Điểm học bạ,2023,16.5,Quản lý tài nguyên và môi trường
84467,HDT,quan-ly-tai-nguyen-va-moi-truong,D66,Điểm học bạ,2023,16.5,Quản lý tài nguyên và môi trường
84468,HDT,quan-ly-xay-dung,A00,Điểm học bạ,2024,16.5,Quản lý xây dựng
84469,HDT,quan-ly-xay-dung,A01,Điểm học bạ,2024,16.5,Quản lý xây dựng
84470,HDT,quan-ly-xay-dung,A02,Điểm học bạ,2024,16.5,Quản lý xây dựng
84471,HDT,quan-ly-xay-dung,B00,Điểm học bạ,2024,16.5,Quản lý xây dựng
84472,HDT,quan-ly-xay-dung,A00,Điểm thi THPT,2024,15.0,Quản lý xây dựng
84473,HDT,quan-ly-xay-dung,A01,Điểm thi THPT,2024,15.0,Quản lý xây dựng
84474,HDT,quan-ly-xay-dung,A02,Điểm thi THPT,2024,15.0,Quản lý xây dựng
84475,HDT,quan-ly-xay-dung,B00,Điểm thi THPT,2024,15.0,Quản lý xây dựng
84476,HDT,quan-tri-khach-san,C04,Điểm học bạ,2023,16.5,Quản trị khách sạn
84477,HDT,quan-tri-khach-san,C14,Điểm học bạ,2023,16.5,Quản trị khách sạn
84478,HDT,quan-tri-khach-san,C20,Điểm học bạ,2023,16.5,Quản trị khách sạn
84479,HDT,quan-tri-khach-san,D01,Điểm học bạ,2023,16.5,Quản trị khách sạn
84480,HDT,quan-tri-khach-san,C04,Điểm học bạ,2024,16.5,Quản trị khách sạn
84481,HDT,quan-tri-khach-san,C14,Điểm học bạ,2024,16.5,Quản trị khách sạn
84482,HDT,quan-tri-khach-san,C20,Điểm học bạ,2024,16.5,Quản trị khách sạn
84483,HDT,quan-tri-khach-san,D01,Điểm học bạ,2024,16.5,Quản trị khách sạn
84484,HDT,quan-tri-khach-san,C04,Điểm thi THPT,2024,15.0,Quản trị khách sạn
84485,HDT,quan-tri-khach-san,C14,Điểm thi THPT,2024,15.0,Quản trị khách sạn
84486,HDT,quan-tri-khach-san,C20,Điểm thi THPT,2024,15.0,Quản trị khách sạn
84487,HDT,quan-tri-khach-san,D01,Điểm thi THPT,2024,15.0,Quản trị khách sạn
84488,HDT,quan-tri-khach-san,B03,Điểm học bạ,2025,16.0,Quản trị khách sạn
84489,HDT,quan-tri-khach-san,C03,Điểm học bạ,2025,16.0,Quản trị khách sạn
84490,HDT,quan-tri-khach-san,C04,Điểm học bạ,2025,16.0,Quản trị khách sạn
84491,HDT,quan-tri-khach-san,C14,Điểm học bạ,2025,16.0,Quản trị khách sạn
84492,HDT,quan-tri-khach-san,D01,Điểm học bạ,2025,16.0,Quản trị khách sạn
84493,HDT,quan-tri-khach-san,X01,Điểm học bạ,2025,16.0,Quản trị khách sạn
84494,HDT,quan-tri-khach-san,B03,Điểm thi THPT,2025,16.0,Quản trị khách sạn
84495,HDT,quan-tri-khach-san,C03,Điểm thi THPT,2025,16.0,Quản trị khách sạn
84496,HDT,quan-tri-khach-san,C04,Điểm thi THPT,2025,16.0,Quản trị khách sạn
84497,HDT,quan-tri-khach-san,C14,Điểm thi THPT,2025,16.0,Quản trị khách sạn
84498,HDT,quan-tri-khach-san,D01,Điểm thi THPT,2025,16.0,Quản trị khách sạn
84499,HDT,quan-tri-khach-san,X01,Điểm thi THPT,2025,16.0,Quản trị khách sạn
84500,HDT,quan-tri-kinh-doanh,A00,Điểm học bạ,2023,20.0,Quản trị kinh doanh
84501,HDT,quan-tri-kinh-doanh,C04,Điểm học bạ,2023,20.0,Quản trị kinh doanh
84502,HDT,quan-tri-kinh-doanh,C14,Điểm học bạ,2023,20.0,Quản trị kinh doanh
84503,HDT,quan-tri-kinh-doanh,D01,Điểm học bạ,2023,20.0,Quản trị kinh doanh
84504,HDT,quan-tri-kinh-doanh,A00,Điểm thi THPT,2023,16.5,Quản trị kinh doanh
84505,HDT,quan-tri-kinh-doanh,C04,Điểm thi THPT,2023,16.5,Quản trị kinh doanh
84506,HDT,quan-tri-kinh-doanh,C14,Điểm thi THPT,2023,16.5,Quản trị kinh doanh
84507,HDT,quan-tri-kinh-doanh,D01,Điểm thi THPT,2023,16.5,Quản trị kinh doanh
84508,HDT,quan-tri-kinh-doanh,A00,Điểm học bạ,2024,20.0,Quản trị kinh doanh
84509,HDT,quan-tri-kinh-doanh,C04,Điểm học bạ,2024,20.0,Quản trị kinh doanh
84510,HDT,quan-tri-kinh-doanh,C14,Điểm học bạ,2024,20.0,Quản trị kinh doanh
84511,HDT,quan-tri-kinh-doanh,D01,Điểm học bạ,2024,20.0,Quản trị kinh doanh
84512,HDT,quan-tri-kinh-doanh,A00,Điểm thi THPT,2024,16.0,Quản trị kinh doanh
84513,HDT,quan-tri-kinh-doanh,C04,Điểm thi THPT,2024,16.0,Quản trị kinh doanh
84514,HDT,quan-tri-kinh-doanh,C14,Điểm thi THPT,2024,16.0,Quản trị kinh doanh
84515,HDT,quan-tri-kinh-doanh,D01,Điểm thi THPT,2024,16.0,Quản trị kinh doanh
84516,HDT,quan-tri-kinh-doanh,C01,Điểm học bạ,2025,18.0,Quản trị kinh doanh
84517,HDT,quan-tri-kinh-doanh,C03,Điểm học bạ,2025,18.0,Quản trị kinh doanh
84518,HDT,quan-tri-kinh-doanh,C04,Điểm học bạ,2025,18.0,Quản trị kinh doanh
84519,HDT,quan-tri-kinh-doanh,C14,Điểm học bạ,2025,18.0,Quản trị kinh doanh
84520,HDT,quan-tri-kinh-doanh,D01,Điểm học bạ,2025,18.0,Quản trị kinh doanh
84521,HDT,quan-tri-kinh-doanh,X01,Điểm học bạ,2025,18.0,Quản trị kinh doanh
84522,HDT,quan-tri-kinh-doanh,C01,Điểm thi THPT,2025,16.25,Quản trị kinh doanh
84523,HDT,quan-tri-kinh-doanh,C03,Điểm thi THPT,2025,18.0,Quản trị kinh doanh
84524,HDT,quan-tri-kinh-doanh,C04,Điểm thi THPT,2025,18.0,Quản trị kinh doanh
84525,HDT,quan-tri-kinh-doanh,C14,Điểm thi THPT,2025,18.0,Quản trị kinh doanh
84526,HDT,quan-tri-kinh-doanh,D01,Điểm thi THPT,2025,18.0,Quản trị kinh doanh
84527,HDT,quan-tri-kinh-doanh,X01,Điểm thi THPT,2025,18.0,Quản trị kinh doanh
84528,HDT,sp-khoa-hoc-tu-nhien,A00,Điểm thi THPT,2023,24.78,SP Khoa học Tự nhiên
84529,HDT,sp-khoa-hoc-tu-nhien,A02,Điểm thi THPT,2023,24.78,SP Khoa học Tự nhiên
84530,HDT,sp-khoa-hoc-tu-nhien,B00,Điểm thi THPT,2023,24.78,SP Khoa học Tự nhiên
84531,HDT,sp-khoa-hoc-tu-nhien,C01,Điểm thi THPT,2023,24.78,SP Khoa học Tự nhiên
84532,HDT,sp-tieng-anh,A01,Điểm thi THPT,2023,25.98,SP Tiếng Anh
84533,HDT,sp-tieng-anh,D01,Điểm thi THPT,2023,25.98,SP Tiếng Anh
84534,HDT,sp-tieng-anh,D09,Điểm thi THPT,2023,25.98,SP Tiếng Anh
84535,HDT,sp-tieng-anh,D10,Điểm thi THPT,2023,25.98,SP Tiếng Anh
84536,HDT,sp-tin-hoc,A00,Điểm thi THPT,2023,22.15,SP Tin học
84537,HDT,sp-tin-hoc,A01,Điểm thi THPT,2023,22.15,SP Tin học
84538,HDT,sp-tin-hoc,D01,Điểm thi THPT,2023,22.15,SP Tin học
84539,HDT,sp-tin-hoc,D84,Điểm thi THPT,2023,22.15,SP Tin học
84540,HDT,su-pham-dia-ly,C00,Điểm thi THPT,2025,28.2,Sư phạm Địa lý
84541,HDT,su-pham-dia-ly,C04,Điểm thi THPT,2025,28.2,Sư phạm Địa lý
84542,HDT,su-pham-dia-ly,C13,Điểm thi THPT,2025,28.2,Sư phạm Địa lý
84543,HDT,su-pham-dia-ly,C20,Điểm thi THPT,2025,28.2,Sư phạm Địa lý
84544,HDT,su-pham-dia-ly,D15,Điểm thi THPT,2025,28.2,Sư phạm Địa lý
84545,HDT,su-pham-dia-ly,X74,Điểm thi THPT,2025,28.2,Sư phạm Địa lý
84546,HDT,su-pham-hoa-hoc,A00,Điểm thi THPT,2025,25.8,Sư phạm Hóa học
84547,HDT,su-pham-hoa-hoc,B00,Điểm thi THPT,2025,27.05,Sư phạm Hóa học
84548,HDT,su-pham-hoa-hoc,C02,Điểm thi THPT,2025,25.8,Sư phạm Hóa học
84549,HDT,su-pham-hoa-hoc,D07,Điểm thi THPT,2025,25.8,Sư phạm Hóa học
84550,HDT,su-pham-hoa-hoc,X11,Điểm thi THPT,2025,25.8,Sư phạm Hóa học
84551,HDT,su-pham-kh-tu-nhien,A00,Điểm học bạ,2024,28.94,Sư phạm KH Tự nhiên
84552,HDT,su-pham-kh-tu-nhien,A02,Điểm học bạ,2024,28.94,Sư phạm KH Tự nhiên
84553,HDT,su-pham-kh-tu-nhien,B00,Điểm học bạ,2024,28.94,Sư phạm KH Tự nhiên
84554,HDT,su-pham-kh-tu-nhien,C01,Điểm học bạ,2024,28.94,Sư phạm KH Tự nhiên
84555,HDT,su-pham-kh-tu-nhien,A00,Điểm thi THPT,2024,25.75,Sư phạm KH Tự nhiên
84556,HDT,su-pham-kh-tu-nhien,A02,Điểm thi THPT,2024,25.75,Sư phạm KH Tự nhiên
84557,HDT,su-pham-kh-tu-nhien,B00,Điểm thi THPT,2024,25.75,Sư phạm KH Tự nhiên
84558,HDT,su-pham-kh-tu-nhien,C01,Điểm thi THPT,2024,25.75,Sư phạm KH Tự nhiên
84559,HDT,su-pham-khoa-hoc-tu-nhien,A00,Điểm thi THPT,2025,25.02,Sư phạm Khoa học Tự nhiên
84560,HDT,su-pham-khoa-hoc-tu-nhien,A01,Điểm thi THPT,2025,25.77,Sư phạm Khoa học Tự nhiên
84561,HDT,su-pham-khoa-hoc-tu-nhien,A02,Điểm thi THPT,2025,25.02,Sư phạm Khoa học Tự nhiên
84562,HDT,su-pham-khoa-hoc-tu-nhien,C01,Điểm thi THPT,2025,22.27,Sư phạm Khoa học Tự nhiên
84563,HDT,su-pham-khoa-hoc-tu-nhien,X07,Điểm thi THPT,2025,25.02,Sư phạm Khoa học Tự nhiên
84564,HDT,su-pham-lich-su,C00,Điểm thi THPT,2025,28.13,Sư phạm Lịch sử
84565,HDT,su-pham-lich-su,C03,Điểm thi THPT,2025,28.13,Sư phạm Lịch sử
84566,HDT,su-pham-lich-su,C12,Điểm thi THPT,2025,28.13,Sư phạm Lịch sử
84567,HDT,su-pham-lich-su,C19,Điểm thi THPT,2025,28.13,Sư phạm Lịch sử
84568,HDT,su-pham-lich-su,D14,Điểm thi THPT,2025,28.13,Sư phạm Lịch sử
84569,HDT,su-pham-lich-su,X70,Điểm thi THPT,2025,28.13,Sư phạm Lịch sử
84570,HDT,su-pham-lich-su-dia-ly,C00,Điểm học bạ,2024,28.13,Sư phạm Lịch sử - Địa lý
84571,HDT,su-pham-lich-su-dia-ly,C19,Điểm học bạ,2024,28.13,Sư phạm Lịch sử - Địa lý
84572,HDT,su-pham-lich-su-dia-ly,C20,Điểm học bạ,2024,28.13,Sư phạm Lịch sử - Địa lý
84573,HDT,su-pham-lich-su-dia-ly,D15,Điểm học bạ,2024,28.13,Sư phạm Lịch sử - Địa lý
84574,HDT,su-pham-lich-su-dia-ly,C00,Điểm thi THPT,2024,28.58,Sư phạm Lịch sử - Địa lý
84575,HDT,su-pham-lich-su-dia-ly,C19,Điểm thi THPT,2024,28.58,Sư phạm Lịch sử - Địa lý
84576,HDT,su-pham-lich-su-dia-ly,C20,Điểm thi THPT,2024,28.58,Sư phạm Lịch sử - Địa lý
84577,HDT,su-pham-lich-su-dia-ly,D15,Điểm thi THPT,2024,28.58,Sư phạm Lịch sử - Địa lý
84578,HDT,su-pham-lich-su-dia-ly,C00,Điểm thi THPT,2025,27.9,Sư phạm Lịch sử - Địa lý
84579,HDT,su-pham-lich-su-dia-ly,C03,Điểm thi THPT,2025,27.9,Sư phạm Lịch sử - Địa lý
84580,HDT,su-pham-lich-su-dia-ly,C12,Điểm thi THPT,2025,27.9,Sư phạm Lịch sử - Địa lý
84581,HDT,su-pham-lich-su-dia-ly,C19,Điểm thi THPT,2025,27.9,Sư phạm Lịch sử - Địa lý
84582,HDT,su-pham-lich-su-dia-ly,D14,Điểm thi THPT,2025,27.9,Sư phạm Lịch sử - Địa lý
84583,HDT,su-pham-lich-su-dia-ly,X70,Điểm thi THPT,2025,27.9,Sư phạm Lịch sử - Địa lý
84584,HDT,su-pham-ngu-van,C00,Điểm học bạ,2024,28.58,Sư phạm Ngữ văn
84585,HDT,su-pham-ngu-van,C19,Điểm học bạ,2024,28.58,Sư phạm Ngữ văn
84586,HDT,su-pham-ngu-van,C20,Điểm học bạ,2024,28.58,Sư phạm Ngữ văn
84587,HDT,su-pham-ngu-van,D01,Điểm học bạ,2024,28.58,Sư phạm Ngữ văn
84588,HDT,su-pham-ngu-van,C00,Điểm thi THPT,2024,28.83,Sư phạm Ngữ văn
84589,HDT,su-pham-ngu-van,C19,Điểm thi THPT,2024,28.83,Sư phạm Ngữ văn
84590,HDT,su-pham-ngu-van,C20,Điểm thi THPT,2024,28.83,Sư phạm Ngữ văn
84591,HDT,su-pham-ngu-van,D01,Điểm thi THPT,2024,28.83,Sư phạm Ngữ văn
84592,HDT,su-pham-ngu-van,C00,Điểm thi THPT,2025,28.38,Sư phạm Ngữ văn
84593,HDT,su-pham-ngu-van,C03,Điểm thi THPT,2025,28.38,Sư phạm Ngữ văn
84594,HDT,su-pham-ngu-van,C12,Điểm thi THPT,2025,28.38,Sư phạm Ngữ văn
84595,HDT,su-pham-ngu-van,C19,Điểm thi THPT,2025,28.38,Sư phạm Ngữ văn
84596,HDT,su-pham-ngu-van,D14,Điểm thi THPT,2025,28.38,Sư phạm Ngữ văn
84597,HDT,su-pham-ngu-van,X70,Điểm thi THPT,2025,28.38,Sư phạm Ngữ văn
84598,HDT,su-pham-sinh-hoc,A02,Điểm thi THPT,2025,22.75,Sư phạm Sinh học
84599,HDT,su-pham-sinh-hoc,B00,Điểm thi THPT,2025,22.75,Sư phạm Sinh học
84600,HDT,su-pham-sinh-hoc,B03,Điểm thi THPT,2025,22.75,Sư phạm Sinh học
84601,HDT,su-pham-sinh-hoc,B04,Điểm thi THPT,2025,22.75,Sư phạm Sinh học
84602,HDT,su-pham-sinh-hoc,B08,Điểm thi THPT,2025,22.75,Sư phạm Sinh học
84603,HDT,su-pham-sinh-hoc,X13,Điểm thi THPT,2025,22.75,Sư phạm Sinh học
84604,HDT,su-pham-tieng-anh,A00,Điểm học bạ,2024,29.1,Sư phạm Tiếng Anh
84605,HDT,su-pham-tieng-anh,D01,Điểm học bạ,2024,29.1,Sư phạm Tiếng Anh
84606,HDT,su-pham-tieng-anh,D09,Điểm học bạ,2024,29.1,Sư phạm Tiếng Anh
84607,HDT,su-pham-tieng-anh,D10,Điểm học bạ,2024,29.1,Sư phạm Tiếng Anh
84608,HDT,su-pham-tieng-anh,A01,Điểm thi THPT,2024,26.85,Sư phạm Tiếng Anh
84609,HDT,su-pham-tieng-anh,D01,Điểm thi THPT,2024,26.85,Sư phạm Tiếng Anh
84610,HDT,su-pham-tieng-anh,D09,Điểm thi THPT,2024,26.85,Sư phạm Tiếng Anh
84611,HDT,su-pham-tieng-anh,D10,Điểm thi THPT,2024,26.85,Sư phạm Tiếng Anh
84612,HDT,su-pham-tieng-anh,A01,Điểm thi THPT,2025,25.57,Sư phạm Tiếng Anh
84613,HDT,su-pham-tieng-anh,D01,Điểm thi THPT,2025,25.32,Sư phạm Tiếng Anh
84614,HDT,su-pham-tieng-anh,D09,Điểm thi THPT,2025,25.32,Sư phạm Tiếng Anh
84615,HDT,su-pham-tieng-anh,D10,Điểm thi THPT,2025,25.32,Sư phạm Tiếng Anh
84616,HDT,su-pham-tieng-anh,D84,Điểm thi THPT,2025,25.32,Sư phạm Tiếng Anh
84617,HDT,su-pham-tieng-anh,X25,Điểm thi THPT,2025,25.32,Sư phạm Tiếng Anh
84618,HDT,su-pham-tin-hoc,A00,Điểm học bạ,2024,27.76,Sư phạm Tin học
84619,HDT,su-pham-tin-hoc,A01,Điểm học bạ,2024,27.76,Sư phạm Tin học
84620,HDT,su-pham-tin-hoc,D01,Điểm học bạ,2024,27.76,Sư phạm Tin học
84621,HDT,su-pham-tin-hoc,D84,Điểm học bạ,2024,27.76,Sư phạm Tin học
84622,HDT,su-pham-tin-hoc,A00,Điểm thi THPT,2024,24.87,Sư phạm Tin học
84623,HDT,su-pham-tin-hoc,A01,Điểm thi THPT,2024,24.87,Sư phạm Tin học
84624,HDT,su-pham-tin-hoc,D01,Điểm thi THPT,2024,24.87,Sư phạm Tin học
84625,HDT,su-pham-tin-hoc,D84,Điểm thi THPT,2024,24.87,Sư phạm Tin học
84626,HDT,su-pham-tin-hoc,A00,Điểm thi THPT,2025,24.46,Sư phạm Tin học
84627,HDT,su-pham-tin-hoc,A01,Điểm thi THPT,2025,25.21,Sư phạm Tin học
84628,HDT,su-pham-tin-hoc,A02,Điểm thi THPT,2025,24.46,Sư phạm Tin học
84629,HDT,su-pham-tin-hoc,A04,Điểm thi THPT,2025,24.46,Sư phạm Tin học
84630,HDT,su-pham-tin-hoc,C01,Điểm thi THPT,2025,23.21,Sư phạm Tin học
84631,HDT,su-pham-toan-hoc,A00,Điểm học bạ,2024,29.37,Sư phạm Toán học
84632,HDT,su-pham-toan-hoc,A01,Điểm học bạ,2024,29.37,Sư phạm Toán học
84633,HDT,su-pham-toan-hoc,A02,Điểm học bạ,2024,29.37,Sư phạm Toán học
84634,HDT,su-pham-toan-hoc,D07,Điểm học bạ,2024,29.37,Sư phạm Toán học
84635,HDT,su-pham-toan-hoc,A00,Điểm thi THPT,2024,26.28,Sư phạm Toán học
84636,HDT,su-pham-toan-hoc,A01,Điểm thi THPT,2024,26.28,Sư phạm Toán học
84637,HDT,su-pham-toan-hoc,A02,Điểm thi THPT,2024,26.28,Sư phạm Toán học
84638,HDT,su-pham-toan-hoc,D07,Điểm thi THPT,2024,26.28,Sư phạm Toán học
84639,HDT,su-pham-toan-hoc,A00,Điểm thi THPT,2025,27.22,Sư phạm Toán học
84640,HDT,su-pham-toan-hoc,A01,Điểm thi THPT,2025,27.97,Sư phạm Toán học
84641,HDT,su-pham-toan-hoc,A04,Điểm thi THPT,2025,27.22,Sư phạm Toán học
84642,HDT,su-pham-toan-hoc,C01,Điểm thi THPT,2025,25.97,Sư phạm Toán học
84643,HDT,su-pham-toan-hoc,X06,Điểm thi THPT,2025,27.22,Sư phạm Toán học
84644,HDT,su-pham-vat-ly,A00,Điểm thi THPT,2025,26.38,Sư phạm Vật lý
84645,HDT,su-pham-vat-ly,A01,Điểm thi THPT,2025,27.13,Sư phạm Vật lý
84646,HDT,su-pham-vat-ly,A02,Điểm thi THPT,2025,26.38,Sư phạm Vật lý
84647,HDT,su-pham-vat-ly,A04,Điểm thi THPT,2025,26.38,Sư phạm Vật lý
84648,HDT,su-pham-vat-ly,C01,Điểm thi THPT,2025,25.13,Sư phạm Vật lý
84649,HDT,tai-chinh-ngan-hang,A00,Điểm học bạ,2023,16.5,Tài chính-Ngân hàng
84650,HDT,tai-chinh-ngan-hang,C04,Điểm học bạ,2023,16.5,Tài chính-Ngân hàng
84651,HDT,tai-chinh-ngan-hang,C14,Điểm học bạ,2023,16.5,Tài chính-Ngân hàng
84652,HDT,tai-chinh-ngan-hang,D01,Điểm học bạ,2023,16.5,Tài chính-Ngân hàng
84653,HDT,tai-chinh-ngan-hang,A00,Điểm thi THPT,2023,15.0,Tài chính-Ngân hàng
84654,HDT,tai-chinh-ngan-hang,C04,Điểm thi THPT,2023,15.0,Tài chính-Ngân hàng
84655,HDT,tai-chinh-ngan-hang,C14,Điểm thi THPT,2023,15.0,Tài chính-Ngân hàng
84656,HDT,tai-chinh-ngan-hang,D01,Điểm thi THPT,2023,15.0,Tài chính-Ngân hàng
84657,HDT,tai-chinh-ngan-hang,A00,Điểm học bạ,2024,18.0,Tài chính - Ngân hàng
84658,HDT,tai-chinh-ngan-hang,C04,Điểm học bạ,2024,18.0,Tài chính - Ngân hàng
84659,HDT,tai-chinh-ngan-hang,C14,Điểm học bạ,2024,18.0,Tài chính - Ngân hàng
84660,HDT,tai-chinh-ngan-hang,D01,Điểm học bạ,2024,18.0,Tài chính - Ngân hàng
84661,HDT,tai-chinh-ngan-hang,A00,Điểm thi THPT,2024,15.0,Tài chính - Ngân hàng
84662,HDT,tai-chinh-ngan-hang,C04,Điểm thi THPT,2024,15.0,Tài chính - Ngân hàng
84663,HDT,tai-chinh-ngan-hang,C14,Điểm thi THPT,2024,15.0,Tài chính - Ngân hàng
84664,HDT,tai-chinh-ngan-hang,D01,Điểm thi THPT,2024,15.0,Tài chính - Ngân hàng
84665,HDT,tai-chinh-ngan-hang,C01,Điểm học bạ,2025,16.0,Tài chính - Ngân hàng
84666,HDT,tai-chinh-ngan-hang,C03,Điểm học bạ,2025,16.0,Tài chính - Ngân hàng
84667,HDT,tai-chinh-ngan-hang,C04,Điểm học bạ,2025,16.0,Tài chính - Ngân hàng
84668,HDT,tai-chinh-ngan-hang,C14,Điểm học bạ,2025,16.0,Tài chính - Ngân hàng
84669,HDT,tai-chinh-ngan-hang,D01,Điểm học bạ,2025,16.0,Tài chính - Ngân hàng
84670,HDT,tai-chinh-ngan-hang,X01,Điểm học bạ,2025,16.0,Tài chính - Ngân hàng
84671,HDT,tai-chinh-ngan-hang,C01,Điểm thi THPT,2025,17.75,Tài chính - Ngân hàng
84672,HDT,tai-chinh-ngan-hang,C03,Điểm thi THPT,2025,16.0,Tài chính - Ngân hàng
84673,HDT,tai-chinh-ngan-hang,C04,Điểm thi THPT,2025,16.0,Tài chính - Ngân hàng
84674,HDT,tai-chinh-ngan-hang,C14,Điểm thi THPT,2025,16.0,Tài chính - Ngân hàng
84675,HDT,tai-chinh-ngan-hang,D01,Điểm thi THPT,2025,16.0,Tài chính - Ngân hàng
84676,HDT,tai-chinh-ngan-hang,X01,Điểm thi THPT,2025,16.0,Tài chính - Ngân hàng
84677,HDT,tam-ly-hoc,B00,Điểm học bạ,2023,16.5,Tâm lý học
84678,HDT,tam-ly-hoc,C00,Điểm học bạ,2023,16.5,Tâm lý học
84679,HDT,tam-ly-hoc,C19,Điểm học bạ,2023,16.5,Tâm lý học
84680,HDT,tam-ly-hoc,D01,Điểm học bạ,2023,16.5,Tâm lý học
84681,HDT,tam-ly-hoc,B00,Điểm thi THPT,2023,15.0,Tâm lý học
84682,HDT,tam-ly-hoc,C00,Điểm thi THPT,2023,15.0,Tâm lý học
84683,HDT,tam-ly-hoc,C19,Điểm thi THPT,2023,15.0,Tâm lý học
84684,HDT,tam-ly-hoc,D01,Điểm thi THPT,2023,15.0,Tâm lý học
84685,HDT,tam-ly-hoc,B00,Điểm học bạ,2024,18.0,Tâm lý học
84686,HDT,tam-ly-hoc,C00,Điểm học bạ,2024,18.0,Tâm lý học
84687,HDT,tam-ly-hoc,C19,Điểm học bạ,2024,18.0,Tâm lý học
84688,HDT,tam-ly-hoc,D01,Điểm học bạ,2024,18.0,Tâm lý học
84689,HDT,tam-ly-hoc,B00,Điểm thi THPT,2024,15.0,Tâm lý học
84690,HDT,tam-ly-hoc,C00,Điểm thi THPT,2024,15.0,Tâm lý học
84691,HDT,tam-ly-hoc,C19,Điểm thi THPT,2024,15.0,Tâm lý học
84692,HDT,tam-ly-hoc,D01,Điểm thi THPT,2024,15.0,Tâm lý học
84693,HDT,tam-ly-hoc,B03,Điểm học bạ,2025,16.0,Tâm lý học
84694,HDT,tam-ly-hoc,C03,Điểm học bạ,2025,16.0,Tâm lý học
84695,HDT,tam-ly-hoc,C04,Điểm học bạ,2025,16.0,Tâm lý học
84696,HDT,tam-ly-hoc,C14,Điểm học bạ,2025,16.0,Tâm lý học
84697,HDT,tam-ly-hoc,D01,Điểm học bạ,2025,16.0,Tâm lý học
84698,HDT,tam-ly-hoc,X01,Điểm học bạ,2025,16.0,Tâm lý học
84699,HDT,tam-ly-hoc,B03,Điểm thi THPT,2025,16.0,Tâm lý học
84700,HDT,tam-ly-hoc,C03,Điểm thi THPT,2025,16.0,Tâm lý học
84701,HDT,tam-ly-hoc,C04,Điểm thi THPT,2025,16.0,Tâm lý học
84702,HDT,tam-ly-hoc,C14,Điểm thi THPT,2025,16.0,Tâm lý học
84703,HDT,tam-ly-hoc,D01,Điểm thi THPT,2025,16.0,Tâm lý học
84704,HDT,tam-ly-hoc,X01,Điểm thi THPT,2025,16.0,Tâm lý học
84705,HDT,toan-hoc,C01,Điểm học bạ,2025,18.0,Toán học
84706,HDT,toan-hoc,C02,Điểm học bạ,2025,18.0,Toán học
84707,HDT,toan-hoc,C04,Điểm học bạ,2025,18.0,Toán học
84708,HDT,toan-hoc,D01,Điểm học bạ,2025,18.0,Toán học
84709,HDT,toan-hoc,X02,Điểm học bạ,2025,18.0,Toán học
84710,HDT,toan-hoc,C01,Điểm thi THPT,2025,18.0,Toán học
84711,HDT,toan-hoc,C02,Điểm thi THPT,2025,18.0,Toán học
84712,HDT,toan-hoc,C04,Điểm thi THPT,2025,18.0,Toán học
84713,HDT,toan-hoc,D01,Điểm thi THPT,2025,18.0,Toán học
84714,HDT,toan-hoc,X02,Điểm thi THPT,2025,18.0,Toán học
84715,HDT,truyen-thong-da-phuong-tien,A01,Điểm học bạ,2023,16.5,Truyền thông đa phương tiện
84716,HDT,truyen-thong-da-phuong-tien,C04,Điểm học bạ,2023,16.5,Truyền thông đa phương tiện
84717,HDT,truyen-thong-da-phuong-tien,C14,Điểm học bạ,2023,16.5,Truyền thông đa phương tiện
84718,HDT,truyen-thong-da-phuong-tien,D01,Điểm học bạ,2023,16.5,Truyền thông đa phương tiện
84719,HDT,truyen-thong-da-phuong-tien,A01,Điểm thi THPT,2023,15.0,Truyền thông đa phương tiện
84720,HDT,truyen-thong-da-phuong-tien,C04,Điểm thi THPT,2023,15.0,Truyền thông đa phương tiện
84721,HDT,truyen-thong-da-phuong-tien,C14,Điểm thi THPT,2023,15.0,Truyền thông đa phương tiện
84722,HDT,truyen-thong-da-phuong-tien,D01,Điểm thi THPT,2023,15.0,Truyền thông đa phương tiện
84723,HDT,truyen-thong-da-phuong-tien,A01,Điểm học bạ,2024,19.0,Truyền thông đa phương tiện
84724,HDT,truyen-thong-da-phuong-tien,C04,Điểm học bạ,2024,19.0,Truyền thông đa phương tiện
84725,HDT,truyen-thong-da-phuong-tien,C14,Điểm học bạ,2024,19.0,Truyền thông đa phương tiện
84726,HDT,truyen-thong-da-phuong-tien,D01,Điểm học bạ,2024,19.0,Truyền thông đa phương tiện
84727,HDT,truyen-thong-da-phuong-tien,A01,Điểm thi THPT,2024,15.0,Truyền thông đa phương tiện
84728,HDT,truyen-thong-da-phuong-tien,C04,Điểm thi THPT,2024,15.0,Truyền thông đa phương tiện
84729,HDT,truyen-thong-da-phuong-tien,C14,Điểm thi THPT,2024,15.0,Truyền thông đa phương tiện
84730,HDT,truyen-thong-da-phuong-tien,D01,Điểm thi THPT,2024,15.0,Truyền thông đa phương tiện
84731,HDT,truyen-thong-da-phuong-tien,B03,Điểm học bạ,2025,16.0,Truyền thông đa phương tiện
84732,HDT,truyen-thong-da-phuong-tien,C01,Điểm học bạ,2025,16.0,Truyền thông đa phương tiện
84733,HDT,truyen-thong-da-phuong-tien,C04,Điểm học bạ,2025,16.0,Truyền thông đa phương tiện
84734,HDT,truyen-thong-da-phuong-tien,C14,Điểm học bạ,2025,16.0,Truyền thông đa phương tiện
84735,HDT,truyen-thong-da-phuong-tien,D01,Điểm học bạ,2025,16.0,Truyền thông đa phương tiện
84736,HDT,truyen-thong-da-phuong-tien,X01,Điểm học bạ,2025,16.0,Truyền thông đa phương tiện
84737,HDT,truyen-thong-da-phuong-tien,B03,Điểm thi THPT,2025,16.0,Truyền thông đa phương tiện
84738,HDT,truyen-thong-da-phuong-tien,C01,Điểm thi THPT,2025,14.25,Truyền thông đa phương tiện
84739,HDT,truyen-thong-da-phuong-tien,C04,Điểm thi THPT,2025,16.0,Truyền thông đa phương tiện
84740,HDT,truyen-thong-da-phuong-tien,C14,Điểm thi THPT,2025,16.0,Truyền thông đa phương tiện
84741,HDT,truyen-thong-da-phuong-tien,D01,Điểm thi THPT,2025,16.0,Truyền thông đa phương tiện
84742,HDT,truyen-thong-da-phuong-tien,X01,Điểm thi THPT,2025,16.0,Truyền thông đa phương tiện
84743,HDT,van-hoc,C00,Điểm học bạ,2025,18.13,Văn học
84744,HDT,van-hoc,C03,Điểm học bạ,2025,18.13,Văn học
84745,HDT,van-hoc,C12,Điểm học bạ,2025,18.13,Văn học
84746,HDT,van-hoc,C19,Điểm học bạ,2025,18.13,Văn học
84747,HDT,van-hoc,D14,Điểm học bạ,2025,18.13,Văn học
84748,HDT,van-hoc,X70,Điểm học bạ,2025,18.13,Văn học
84749,HDT,van-hoc,C00,Điểm thi THPT,2025,16.0,Văn học
84750,HDT,van-hoc,C03,Điểm thi THPT,2025,16.0,Văn học
84751,HDT,van-hoc,C12,Điểm thi THPT,2025,16.0,Văn học
84752,HDT,van-hoc,C19,Điểm thi THPT,2025,16.0,Văn học
84753,HDT,van-hoc,D14,Điểm thi THPT,2025,16.0,Văn học
84754,HDT,van-hoc,X70,Điểm thi THPT,2025,16.0,Văn học
84755,HEH,hau-can-quan-su,A00,Điểm thi THPT,2021,22.6,Hậu cần quân sự
84756,HEH,hau-can-quan-su,A01,Điểm thi THPT,2021,22.6,Hậu cần quân sự
84757,HEH,hau-can-quan-su,A00,Điểm thi THPT,2022,25.4,Hậu cần quân sự
84758,HEH,hau-can-quan-su,A01,Điểm thi THPT,2022,25.4,Hậu cần quân sự
84759,HEH,hau-can-quan-su,A00,Điểm học bạ,2023,24.49,Ngành Hậu cần quân sự
84760,HEH,hau-can-quan-su,A01,Điểm học bạ,2023,24.49,Ngành Hậu cần quân sự
84761,HEH,hau-can-quan-su,A00,Điểm thi THPT,2023,25.6,Ngành Hậu cần quân sự
84762,HEH,hau-can-quan-su,A01,Điểm thi THPT,2023,25.6,Ngành Hậu cần quân sự
84763,HEH,hau-can-quan-su,A00,Điểm học bạ,2024,27.8,Ngành Hậu cần Quân sự
84764,HEH,hau-can-quan-su,A01,Điểm học bạ,2024,27.8,Ngành Hậu cần Quân sự
84765,HEH,hau-can-quan-su,A00,Điểm thi THPT,2024,26.62,Ngành Hậu cần Quân sự
84766,HEH,hau-can-quan-su,A01,Điểm thi THPT,2024,26.62,Ngành Hậu cần Quân sự
84767,HEH,hau-can-quan-su,A00,Điểm thi THPT,2025,26.0,Hậu cần quân sự (Thí sinh Nam miền Bắc)
84768,HEH,hau-can-quan-su,A01,Điểm thi THPT,2025,26.0,Hậu cần quân sự (Thí sinh Nam miền Bắc)
84769,HEH,hau-can-quan-su,C01,Điểm thi THPT,2025,26.0,Hậu cần quân sự (Thí sinh Nam miền Bắc)
84770,HEH,hau-can-quan-su,X06,Điểm thi THPT,2025,26.0,Hậu cần quân sự (Thí sinh Nam miền Bắc)
84771,HFH,ke-toan,A00,Điểm thi THPT,2025,18.0,Kế toán (Đào tạo hệ Dân sự)
84772,HFH,ke-toan,A01,Điểm thi THPT,2025,18.0,Kế toán (Đào tạo hệ Dân sự)
84773,HFH,ke-toan,C01,Điểm thi THPT,2025,18.0,Kế toán (Đào tạo hệ Dân sự)
84774,HFH,ke-toan,X06,Điểm thi THPT,2025,18.0,Kế toán (Đào tạo hệ Dân sự)
84775,HFH,ky-thuat-xay-dung,A00,Điểm thi THPT,2025,18.0,Kỹ thuật xây dựng (Đào tạo hệ Dân sự)
84776,HFH,ky-thuat-xay-dung,A01,Điểm thi THPT,2025,18.0,Kỹ thuật xây dựng (Đào tạo hệ Dân sự)
84777,HFH,ky-thuat-xay-dung,C01,Điểm thi THPT,2025,18.0,Kỹ thuật xây dựng (Đào tạo hệ Dân sự)
84778,HFH,ky-thuat-xay-dung,X06,Điểm thi THPT,2025,18.0,Kỹ thuật xây dựng (Đào tạo hệ Dân sự)
84779,HFH,tai-chinh-ngan-hang,A00,Điểm thi THPT,2025,18.0,Tài chính - Ngân hàng (Đào tạo hệ Dân sự)
84780,HFH,tai-chinh-ngan-hang,A01,Điểm thi THPT,2025,18.0,Tài chính - Ngân hàng (Đào tạo hệ Dân sự)
84781,HFH,tai-chinh-ngan-hang,C01,Điểm thi THPT,2025,18.0,Tài chính - Ngân hàng (Đào tạo hệ Dân sự)
84782,HFH,tai-chinh-ngan-hang,X06,Điểm thi THPT,2025,18.0,Tài chính - Ngân hàng (Đào tạo hệ Dân sự)
84783,HGH,chi-huy-ky-thuat-hoa-hoc,A00,Điểm thi THPT,2021,22.99,Chỉ huy kỹ thuật hoá học
84784,HGH,chi-huy-ky-thuat-hoa-hoc,A01,Điểm thi THPT,2021,22.99,Chỉ huy kỹ thuật hoá học
84785,HGH,chi-huy-ky-thuat-hoa-hoc,A00,Điểm thi THPT,2022,20.5,Chỉ huy kỹ thuật hoá học
84786,HGH,chi-huy-ky-thuat-hoa-hoc,A01,Điểm thi THPT,2022,20.5,Chỉ huy kỹ thuật hoá học
84787,HGH,chi-huy-ky-thuat-hoa-hoc,A00,Điểm thi THPT,2023,22.55,Ngành Chỉ huy Kỹ thuật hóa học
84788,HGH,chi-huy-ky-thuat-hoa-hoc,A01,Điểm thi THPT,2023,22.55,Ngành Chỉ huy Kỹ thuật hóa học
84789,HGH,chi-huy-ky-thuat-hoa-hoc,A00,Điểm học bạ,2024,24.94,Ngành Chỉ huy Kỹ thuật hóa học
84790,HGH,chi-huy-ky-thuat-hoa-hoc,A01,Điểm học bạ,2024,24.94,Ngành Chỉ huy Kỹ thuật hóa học
84791,HGH,chi-huy-ky-thuat-hoa-hoc,A00,Điểm thi THPT,2024,21.25,Ngành Chỉ huy Kỹ thuật hóa học
84792,HGH,chi-huy-ky-thuat-hoa-hoc,A01,Điểm thi THPT,2024,21.25,Ngành Chỉ huy Kỹ thuật hóa học
84793,HGH,chi-huy-ky-thuat-hoa-hoc,A00,Điểm thi THPT,2025,22.99,Ngành Chỉ huy Kỹ thuật hóa học (Thí sinh ở miền Bắc)
84794,HGH,chi-huy-ky-thuat-hoa-hoc,A01,Điểm thi THPT,2025,22.99,Ngành Chỉ huy Kỹ thuật hóa học (Thí sinh ở miền Bắc)
84795,HGH,chi-huy-ky-thuat-hoa-hoc,C02,Điểm thi THPT,2025,22.99,Ngành Chỉ huy Kỹ thuật hóa học (Thí sinh ở miền Bắc)
84796,HGH,chi-huy-ky-thuat-hoa-hoc,D07,Điểm thi THPT,2025,22.99,Ngành Chỉ huy Kỹ thuật hóa học (Thí sinh ở miền Bắc)
84797,HHA,ay-tau-thuy,A00,Điểm học bạ,2023,22.0,áy tàu thủy
84798,HHA,ay-tau-thuy,A01,Điểm học bạ,2023,22.0,áy tàu thủy
84799,HHA,ay-tau-thuy,C01,Điểm học bạ,2023,22.0,áy tàu thủy
84800,HHA,ay-tau-thuy,D01,Điểm học bạ,2023,22.0,áy tàu thủy
84801,HHA,cong-nghe-phan-mem,A00,Điểm học bạ,2021,25.2,24. Công nghệ phần mềm
84802,HHA,cong-nghe-phan-mem,A01,Điểm học bạ,2021,25.2,24. Công nghệ phần mềm
84803,HHA,cong-nghe-phan-mem,C01,Điểm học bạ,2021,25.2,24. Công nghệ phần mềm
84804,HHA,cong-nghe-phan-mem,D01,Điểm học bạ,2021,25.2,24. Công nghệ phần mềm
84805,HHA,cong-nghe-phan-mem,A00,Điểm thi THPT,2021,24.5,24. Công nghệ phần mềm
84806,HHA,cong-nghe-phan-mem,A01,Điểm thi THPT,2021,24.5,24. Công nghệ phần mềm
84807,HHA,cong-nghe-phan-mem,C01,Điểm thi THPT,2021,24.5,24. Công nghệ phần mềm
84808,HHA,cong-nghe-phan-mem,D01,Điểm thi THPT,2021,24.5,24. Công nghệ phần mềm
84809,HHA,cong-nghe-phan-mem,A00,Điểm học bạ,2022,27.0,Công nghệ phần mềm
84810,HHA,cong-nghe-phan-mem,A01,Điểm học bạ,2022,27.0,Công nghệ phần mềm
84811,HHA,cong-nghe-phan-mem,C01,Điểm học bạ,2022,27.0,Công nghệ phần mềm
84812,HHA,cong-nghe-phan-mem,D01,Điểm học bạ,2022,27.0,Công nghệ phần mềm
84813,HHA,cong-nghe-phan-mem,A00,Điểm thi THPT,2022,24.25,Công nghệ phần mềm
84814,HHA,cong-nghe-phan-mem,A01,Điểm thi THPT,2022,24.25,Công nghệ phần mềm
84815,HHA,cong-nghe-phan-mem,C01,Điểm thi THPT,2022,24.25,Công nghệ phần mềm
84816,HHA,cong-nghe-phan-mem,D01,Điểm thi THPT,2022,24.25,Công nghệ phần mềm
84817,HHA,cong-nghe-phan-mem,A00,Điểm học bạ,2023,27.0,Công nghệ phần mềm
84818,HHA,cong-nghe-phan-mem,A01,Điểm học bạ,2023,27.0,Công nghệ phần mềm
84819,HHA,cong-nghe-phan-mem,C01,Điểm học bạ,2023,27.0,Công nghệ phần mềm
84820,HHA,cong-nghe-phan-mem,D01,Điểm học bạ,2023,27.0,Công nghệ phần mềm
84821,HHA,cong-nghe-phan-mem,A00,Điểm thi THPT,2023,23.5,Công nghệ phần mềm
84822,HHA,cong-nghe-phan-mem,A01,Điểm thi THPT,2023,23.5,Công nghệ phần mềm
84823,HHA,cong-nghe-phan-mem,C01,Điểm thi THPT,2023,23.5,Công nghệ phần mềm
84824,HHA,cong-nghe-phan-mem,D01,Điểm thi THPT,2023,23.5,Công nghệ phần mềm
84825,HHA,cong-nghe-phan-mem,A00,Điểm học bạ,2024,27.25,Công nghệ phần mềm
84826,HHA,cong-nghe-phan-mem,A01,Điểm học bạ,2024,27.25,Công nghệ phần mềm
84827,HHA,cong-nghe-phan-mem,C01,Điểm học bạ,2024,27.25,Công nghệ phần mềm
84828,HHA,cong-nghe-phan-mem,D01,Điểm học bạ,2024,27.25,Công nghệ phần mềm
84829,HHA,cong-nghe-phan-mem,A00,Điểm thi THPT,2024,24.25,Công nghệ phần mềm
84830,HHA,cong-nghe-phan-mem,A01,Điểm thi THPT,2024,24.25,Công nghệ phần mềm
84831,HHA,cong-nghe-phan-mem,C01,Điểm thi THPT,2024,24.25,Công nghệ phần mềm
84832,HHA,cong-nghe-phan-mem,D01,Điểm thi THPT,2024,24.25,Công nghệ phần mềm
84833,HHA,cong-nghe-phan-mem,A00,Điểm học bạ,2025,22.42,Công nghệ phần mềm
84834,HHA,cong-nghe-phan-mem,A01,Điểm học bạ,2025,22.31,Công nghệ phần mềm
84835,HHA,cong-nghe-phan-mem,C01,Điểm học bạ,2025,22.36,Công nghệ phần mềm
84836,HHA,cong-nghe-phan-mem,C02,Điểm học bạ,2025,22.36,Công nghệ phần mềm
84837,HHA,cong-nghe-phan-mem,D01,Điểm học bạ,2025,22.25,Công nghệ phần mềm
84838,HHA,cong-nghe-phan-mem,X02,Điểm học bạ,2025,22.51,Công nghệ phần mềm
84839,HHA,cong-nghe-phan-mem,A00,Điểm thi THPT,2025,22.42,Công nghệ phần mềm
84840,HHA,cong-nghe-phan-mem,A01,Điểm thi THPT,2025,22.25,Công nghệ phần mềm
84841,HHA,cong-nghe-phan-mem,C01,Điểm thi THPT,2025,22.65,Công nghệ phần mềm
84842,HHA,cong-nghe-phan-mem,C02,Điểm thi THPT,2025,22.42,Công nghệ phần mềm
84843,HHA,cong-nghe-phan-mem,D01,Điểm thi THPT,2025,22.25,Công nghệ phần mềm
84844,HHA,cong-nghe-phan-mem,X02,Điểm thi THPT,2025,22.6,Công nghệ phần mềm
84845,HHA,cong-nghe-thong-tin,A00,Điểm học bạ,2021,26.5,23. Công nghệ thông tin
84846,HHA,cong-nghe-thong-tin,A01,Điểm học bạ,2021,26.5,23. Công nghệ thông tin
84847,HHA,cong-nghe-thong-tin,C01,Điểm học bạ,2021,26.5,23. Công nghệ thông tin
84848,HHA,cong-nghe-thong-tin,D01,Điểm học bạ,2021,26.5,23. Công nghệ thông tin
84849,HHA,cong-nghe-thong-tin,A00,Điểm thi THPT,2021,25.15,23. Công nghệ thông tin
84850,HHA,cong-nghe-thong-tin,A01,Điểm thi THPT,2021,25.15,23. Công nghệ thông tin
84851,HHA,cong-nghe-thong-tin,C01,Điểm thi THPT,2021,25.15,23. Công nghệ thông tin
84852,HHA,cong-nghe-thong-tin,D01,Điểm thi THPT,2021,25.15,23. Công nghệ thông tin
84853,HHA,cong-nghe-thong-tin,A00,Điểm học bạ,2022,27.25,Công nghệ thông tin
84854,HHA,cong-nghe-thong-tin,A01,Điểm học bạ,2022,27.25,Công nghệ thông tin
84855,HHA,cong-nghe-thong-tin,C01,Điểm học bạ,2022,27.25,Công nghệ thông tin
84856,HHA,cong-nghe-thong-tin,D01,Điểm học bạ,2022,27.25,Công nghệ thông tin
84857,HHA,cong-nghe-thong-tin,A00,Điểm thi THPT,2022,25.25,Công nghệ thông tin
84858,HHA,cong-nghe-thong-tin,A01,Điểm thi THPT,2022,25.25,Công nghệ thông tin
84859,HHA,cong-nghe-thong-tin,C01,Điểm thi THPT,2022,25.25,Công nghệ thông tin
84860,HHA,cong-nghe-thong-tin,D01,Điểm thi THPT,2022,25.25,Công nghệ thông tin
84861,HHA,cong-nghe-thong-tin,A00,Điểm học bạ,2023,27.75,Công nghệ thông tin
84862,HHA,cong-nghe-thong-tin,A01,Điểm học bạ,2023,27.75,Công nghệ thông tin
84863,HHA,cong-nghe-thong-tin,C01,Điểm học bạ,2023,27.75,Công nghệ thông tin
84864,HHA,cong-nghe-thong-tin,D01,Điểm học bạ,2023,27.75,Công nghệ thông tin
84865,HHA,cong-nghe-thong-tin,A00,Điểm thi THPT,2023,24.5,Công nghệ thông tin
84866,HHA,cong-nghe-thong-tin,A01,Điểm thi THPT,2023,24.5,Công nghệ thông tin
84867,HHA,cong-nghe-thong-tin,C01,Điểm thi THPT,2023,24.5,Công nghệ thông tin
84868,HHA,cong-nghe-thong-tin,D01,Điểm thi THPT,2023,24.5,Công nghệ thông tin
84869,HHA,cong-nghe-thong-tin,A00,Điểm học bạ,2024,27.75,Công nghệ thông tin
84870,HHA,cong-nghe-thong-tin,A01,Điểm học bạ,2024,27.75,Công nghệ thông tin
84871,HHA,cong-nghe-thong-tin,C01,Điểm học bạ,2024,27.75,Công nghệ thông tin
84872,HHA,cong-nghe-thong-tin,D01,Điểm học bạ,2024,27.75,Công nghệ thông tin
84873,HHA,cong-nghe-thong-tin,A00,Điểm thi THPT,2024,25.0,Công nghệ thông tin
84874,HHA,cong-nghe-thong-tin,A01,Điểm thi THPT,2024,25.0,Công nghệ thông tin
84875,HHA,cong-nghe-thong-tin,C01,Điểm thi THPT,2024,25.0,Công nghệ thông tin
84876,HHA,cong-nghe-thong-tin,D01,Điểm thi THPT,2024,25.0,Công nghệ thông tin
84877,HHA,cong-nghe-thong-tin,A00,Điểm học bạ,2025,23.67,Công nghệ thông tin
84878,HHA,cong-nghe-thong-tin,A01,Điểm học bạ,2025,23.56,Công nghệ thông tin
84879,HHA,cong-nghe-thong-tin,C01,Điểm học bạ,2025,23.61,Công nghệ thông tin
84880,HHA,cong-nghe-thong-tin,C02,Điểm học bạ,2025,23.61,Công nghệ thông tin
84881,HHA,cong-nghe-thong-tin,D01,Điểm học bạ,2025,23.5,Công nghệ thông tin
84882,HHA,cong-nghe-thong-tin,X02,Điểm học bạ,2025,23.76,Công nghệ thông tin
84883,HHA,cong-nghe-thong-tin,A00,Điểm thi THPT,2025,23.67,Công nghệ thông tin
84884,HHA,cong-nghe-thong-tin,A01,Điểm thi THPT,2025,23.5,Công nghệ thông tin
84885,HHA,cong-nghe-thong-tin,C01,Điểm thi THPT,2025,23.9,Công nghệ thông tin
84886,HHA,cong-nghe-thong-tin,C02,Điểm thi THPT,2025,23.67,Công nghệ thông tin
84887,HHA,cong-nghe-thong-tin,D01,Điểm thi THPT,2025,23.5,Công nghệ thông tin
84888,HHA,cong-nghe-thong-tin,X02,Điểm thi THPT,2025,23.85,Công nghệ thông tin
84889,HHA,cong-trinh-giao-thong-co-so-ha-tang,A00,Điểm học bạ,2021,18.0,20. Công trình giao thông & cơ sở hạ tầng
84890,HHA,cong-trinh-giao-thong-co-so-ha-tang,A01,Điểm học bạ,2021,18.0,20. Công trình giao thông & cơ sở hạ tầng
84891,HHA,cong-trinh-giao-thong-co-so-ha-tang,C01,Điểm học bạ,2021,18.0,20. Công trình giao thông & cơ sở hạ tầng
84892,HHA,cong-trinh-giao-thong-co-so-ha-tang,D01,Điểm học bạ,2021,18.0,20. Công trình giao thông & cơ sở hạ tầng
84893,HHA,cong-trinh-giao-thong-co-so-ha-tang,A00,Điểm thi THPT,2021,14.0,20. Công trình giao thông & cơ sở hạ tầng
84894,HHA,cong-trinh-giao-thong-co-so-ha-tang,A01,Điểm thi THPT,2021,14.0,20. Công trình giao thông & cơ sở hạ tầng
84895,HHA,cong-trinh-giao-thong-co-so-ha-tang,C01,Điểm thi THPT,2021,14.0,20. Công trình giao thông & cơ sở hạ tầng
84896,HHA,cong-trinh-giao-thong-co-so-ha-tang,D01,Điểm thi THPT,2021,14.0,20. Công trình giao thông & cơ sở hạ tầng
84897,HHA,cong-trinh-giao-thong-co-so-ha-tang,A00,Điểm học bạ,2022,22.0,Công trình giao thông & cơ sở hạ tầng
84898,HHA,cong-trinh-giao-thong-co-so-ha-tang,A01,Điểm học bạ,2022,22.0,Công trình giao thông & cơ sở hạ tầng
84899,HHA,cong-trinh-giao-thong-co-so-ha-tang,C01,Điểm học bạ,2022,22.0,Công trình giao thông & cơ sở hạ tầng
84900,HHA,cong-trinh-giao-thong-co-so-ha-tang,D01,Điểm học bạ,2022,22.0,Công trình giao thông & cơ sở hạ tầng
84901,HHA,cong-trinh-giao-thong-co-so-ha-tang,A00,Điểm thi THPT,2022,17.0,Công trình giao thông & cơ sở hạ tầng
84902,HHA,cong-trinh-giao-thong-co-so-ha-tang,A01,Điểm thi THPT,2022,17.0,Công trình giao thông & cơ sở hạ tầng
84903,HHA,cong-trinh-giao-thong-co-so-ha-tang,C01,Điểm thi THPT,2022,17.0,Công trình giao thông & cơ sở hạ tầng
84904,HHA,cong-trinh-giao-thong-co-so-ha-tang,D01,Điểm thi THPT,2022,17.0,Công trình giao thông & cơ sở hạ tầng
84905,HHA,cong-trinh-giao-thong-co-so-ha-tang,A00,Điểm học bạ,2023,22.0,Công trình giao thông & cơ sở hạ tầng
84906,HHA,cong-trinh-giao-thong-co-so-ha-tang,A01,Điểm học bạ,2023,22.0,Công trình giao thông & cơ sở hạ tầng
84907,HHA,cong-trinh-giao-thong-co-so-ha-tang,C01,Điểm học bạ,2023,22.0,Công trình giao thông & cơ sở hạ tầng
84908,HHA,cong-trinh-giao-thong-co-so-ha-tang,D01,Điểm học bạ,2023,22.0,Công trình giao thông & cơ sở hạ tầng
84909,HHA,cong-trinh-giao-thong-co-so-ha-tang,A00,Điểm thi THPT,2023,18.0,Công trình giao thông & cơ sở hạ tầng
84910,HHA,cong-trinh-giao-thong-co-so-ha-tang,A01,Điểm thi THPT,2023,18.0,Công trình giao thông & cơ sở hạ tầng
84911,HHA,cong-trinh-giao-thong-co-so-ha-tang,C01,Điểm thi THPT,2023,18.0,Công trình giao thông & cơ sở hạ tầng
84912,HHA,cong-trinh-giao-thong-co-so-ha-tang,D01,Điểm thi THPT,2023,18.0,Công trình giao thông & cơ sở hạ tầng
84913,HHA,cong-trinh-giao-thong-co-so-ha-tang,A00,Điểm học bạ,2024,23.75,Công trình giao thông & cơ sở hạ tầng
84914,HHA,cong-trinh-giao-thong-co-so-ha-tang,A01,Điểm học bạ,2024,23.75,Công trình giao thông & cơ sở hạ tầng
84915,HHA,cong-trinh-giao-thong-co-so-ha-tang,C01,Điểm học bạ,2024,23.75,Công trình giao thông & cơ sở hạ tầng
84916,HHA,cong-trinh-giao-thong-co-so-ha-tang,D01,Điểm học bạ,2024,23.75,Công trình giao thông & cơ sở hạ tầng
84917,HHA,cong-trinh-giao-thong-co-so-ha-tang,A00,Điểm thi THPT,2024,20.0,Công trình giao thông & cơ sở hạ tầng
84918,HHA,cong-trinh-giao-thong-co-so-ha-tang,A01,Điểm thi THPT,2024,20.0,Công trình giao thông & cơ sở hạ tầng
84919,HHA,cong-trinh-giao-thong-co-so-ha-tang,C01,Điểm thi THPT,2024,20.0,Công trình giao thông & cơ sở hạ tầng
84920,HHA,cong-trinh-giao-thong-co-so-ha-tang,D01,Điểm thi THPT,2024,20.0,Công trình giao thông & cơ sở hạ tầng
84921,HHA,cong-trinh-giao-thong-va-co-so-ha-tang,A00,Điểm học bạ,2025,20.17,Công trình giao thông và cơ sở hạ tầng
84922,HHA,cong-trinh-giao-thong-va-co-so-ha-tang,A01,Điểm học bạ,2025,20.06,Công trình giao thông và cơ sở hạ tầng
84923,HHA,cong-trinh-giao-thong-va-co-so-ha-tang,C01,Điểm học bạ,2025,20.11,Công trình giao thông và cơ sở hạ tầng
84924,HHA,cong-trinh-giao-thong-va-co-so-ha-tang,C02,Điểm học bạ,2025,20.11,Công trình giao thông và cơ sở hạ tầng
84925,HHA,cong-trinh-giao-thong-va-co-so-ha-tang,D01,Điểm học bạ,2025,20.0,Công trình giao thông và cơ sở hạ tầng
84926,HHA,cong-trinh-giao-thong-va-co-so-ha-tang,X02,Điểm học bạ,2025,20.26,Công trình giao thông và cơ sở hạ tầng
84927,HHA,cong-trinh-giao-thong-va-co-so-ha-tang,A00,Điểm thi THPT,2025,20.17,Công trình giao thông và cơ sở hạ tầng
84928,HHA,cong-trinh-giao-thong-va-co-so-ha-tang,A01,Điểm thi THPT,2025,20.0,Công trình giao thông và cơ sở hạ tầng
84929,HHA,cong-trinh-giao-thong-va-co-so-ha-tang,C01,Điểm thi THPT,2025,20.4,Công trình giao thông và cơ sở hạ tầng
84930,HHA,cong-trinh-giao-thong-va-co-so-ha-tang,C02,Điểm thi THPT,2025,20.17,Công trình giao thông và cơ sở hạ tầng
84931,HHA,cong-trinh-giao-thong-va-co-so-ha-tang,D01,Điểm thi THPT,2025,20.0,Công trình giao thông và cơ sở hạ tầng
84932,HHA,cong-trinh-giao-thong-va-co-so-ha-tang,X02,Điểm thi THPT,2025,20.35,Công trình giao thông và cơ sở hạ tầng
84933,HHA,dien-tu-dong-cong-nghiep,A00,Điểm học bạ,2021,25.0,6. Điện tự động công nghiệp
84934,HHA,dien-tu-dong-cong-nghiep,A01,Điểm học bạ,2021,25.0,6. Điện tự động công nghiệp
84935,HHA,dien-tu-dong-cong-nghiep,C01,Điểm học bạ,2021,25.0,6. Điện tự động công nghiệp
84936,HHA,dien-tu-dong-cong-nghiep,D01,Điểm học bạ,2021,25.0,6. Điện tự động công nghiệp
84937,HHA,dien-tu-dong-cong-nghiep,A00,Điểm thi THPT,2021,23.75,6. Điện tự động công nghiệp
84938,HHA,dien-tu-dong-cong-nghiep,A01,Điểm thi THPT,2021,23.75,6. Điện tự động công nghiệp
84939,HHA,dien-tu-dong-cong-nghiep,C01,Điểm thi THPT,2021,23.75,6. Điện tự động công nghiệp
84940,HHA,dien-tu-dong-cong-nghiep,D01,Điểm thi THPT,2021,23.75,6. Điện tự động công nghiệp
84941,HHA,dien-tu-dong-cong-nghiep,A00,Điểm học bạ,2022,26.5,Điện tự động công nghiệp
84942,HHA,dien-tu-dong-cong-nghiep,A01,Điểm học bạ,2022,26.5,Điện tự động công nghiệp
84943,HHA,dien-tu-dong-cong-nghiep,C01,Điểm học bạ,2022,26.5,Điện tự động công nghiệp
84944,HHA,dien-tu-dong-cong-nghiep,D01,Điểm học bạ,2022,26.5,Điện tự động công nghiệp
84945,HHA,dien-tu-dong-cong-nghiep,A00,Điểm thi THPT,2022,23.75,Điện tự động công nghiệp
84946,HHA,dien-tu-dong-cong-nghiep,A01,Điểm thi THPT,2022,23.75,Điện tự động công nghiệp
84947,HHA,dien-tu-dong-cong-nghiep,C01,Điểm thi THPT,2022,23.75,Điện tự động công nghiệp
84948,HHA,dien-tu-dong-cong-nghiep,D01,Điểm thi THPT,2022,23.75,Điện tự động công nghiệp
84949,HHA,dien-tu-dong-cong-nghiep,A00,Điểm học bạ,2023,24.5,Điện tự động công nghiệp (CLC)
84950,HHA,dien-tu-dong-cong-nghiep,A01,Điểm học bạ,2023,24.5,Điện tự động công nghiệp (CLC)
84951,HHA,dien-tu-dong-cong-nghiep,C01,Điểm học bạ,2023,24.5,Điện tự động công nghiệp (CLC)
84952,HHA,dien-tu-dong-cong-nghiep,D01,Điểm học bạ,2023,24.5,Điện tự động công nghiệp (CLC)
84953,HHA,dien-tu-dong-cong-nghiep,A00,Điểm thi THPT,2023,23.75,Điện tự động công nghiệp
84954,HHA,dien-tu-dong-cong-nghiep,A01,Điểm thi THPT,2023,23.75,Điện tự động công nghiệp
84955,HHA,dien-tu-dong-cong-nghiep,C01,Điểm thi THPT,2023,23.75,Điện tự động công nghiệp
84956,HHA,dien-tu-dong-cong-nghiep,D01,Điểm thi THPT,2023,23.75,Điện tự động công nghiệp
84957,HHA,dien-tu-dong-cong-nghiep,A00,Điểm học bạ,2024,26.5,Điện tự động công nghiệp
84958,HHA,dien-tu-dong-cong-nghiep,A01,Điểm học bạ,2024,26.5,Điện tự động công nghiệp
84959,HHA,dien-tu-dong-cong-nghiep,C01,Điểm học bạ,2024,26.5,Điện tự động công nghiệp
84960,HHA,dien-tu-dong-cong-nghiep,D01,Điểm học bạ,2024,26.5,Điện tự động công nghiệp
84961,HHA,dien-tu-dong-cong-nghiep,A00,Điểm thi THPT,2024,24.5,Điện tự động công nghiệp
84962,HHA,dien-tu-dong-cong-nghiep,A01,Điểm thi THPT,2024,24.5,Điện tự động công nghiệp
84963,HHA,dien-tu-dong-cong-nghiep,C01,Điểm thi THPT,2024,24.5,Điện tự động công nghiệp
84964,HHA,dien-tu-dong-cong-nghiep,D01,Điểm thi THPT,2024,24.5,Điện tự động công nghiệp
84965,HHA,dien-tu-dong-cong-nghiep,A00,Điểm học bạ,2025,23.67,Điện tự động công nghiệp
84966,HHA,dien-tu-dong-cong-nghiep,A01,Điểm học bạ,2025,23.56,Điện tự động công nghiệp
84967,HHA,dien-tu-dong-cong-nghiep,C01,Điểm học bạ,2025,23.61,Điện tự động công nghiệp
84968,HHA,dien-tu-dong-cong-nghiep,C02,Điểm học bạ,2025,23.61,Điện tự động công nghiệp
84969,HHA,dien-tu-dong-cong-nghiep,D01,Điểm học bạ,2025,23.5,Điện tự động công nghiệp
84970,HHA,dien-tu-dong-cong-nghiep,X02,Điểm học bạ,2025,23.76,Điện tự động công nghiệp
84971,HHA,dien-tu-dong-cong-nghiep,A00,Điểm thi THPT,2025,23.67,Điện tự động công nghiệp
84972,HHA,dien-tu-dong-cong-nghiep,A01,Điểm thi THPT,2025,23.5,Điện tự động công nghiệp
84973,HHA,dien-tu-dong-cong-nghiep,C01,Điểm thi THPT,2025,23.9,Điện tự động công nghiệp
84974,HHA,dien-tu-dong-cong-nghiep,C02,Điểm thi THPT,2025,23.67,Điện tự động công nghiệp
84975,HHA,dien-tu-dong-cong-nghiep,D01,Điểm thi THPT,2025,23.5,Điện tự động công nghiệp
84976,HHA,dien-tu-dong-cong-nghiep,X02,Điểm thi THPT,2025,23.85,Điện tự động công nghiệp
84977,HHA,dien-tu-dong-giao-thong-van-tai,A00,Điểm học bạ,2021,18.0,5. Điện tự động giao thông vận tải
84978,HHA,dien-tu-dong-giao-thong-van-tai,A01,Điểm học bạ,2021,18.0,5. Điện tự động giao thông vận tải
84979,HHA,dien-tu-dong-giao-thong-van-tai,C01,Điểm học bạ,2021,18.0,5. Điện tự động giao thông vận tải
84980,HHA,dien-tu-dong-giao-thong-van-tai,D01,Điểm học bạ,2021,18.0,5. Điện tự động giao thông vận tải
84981,HHA,dien-tu-dong-giao-thong-van-tai,A00,Điểm thi THPT,2021,18.0,5. Điện tự động giao thông vận tải
84982,HHA,dien-tu-dong-giao-thong-van-tai,A01,Điểm thi THPT,2021,18.0,5. Điện tự động giao thông vận tải
84983,HHA,dien-tu-dong-giao-thong-van-tai,C01,Điểm thi THPT,2021,18.0,5. Điện tự động giao thông vận tải
84984,HHA,dien-tu-dong-giao-thong-van-tai,D01,Điểm thi THPT,2021,18.0,5. Điện tự động giao thông vận tải
84985,HHA,dien-tu-dong-giao-thong-van-tai,A00,Điểm học bạ,2022,24.0,Điện tự động giao thông vận tải
84986,HHA,dien-tu-dong-giao-thong-van-tai,A01,Điểm học bạ,2022,24.0,Điện tự động giao thông vận tải
84987,HHA,dien-tu-dong-giao-thong-van-tai,C01,Điểm học bạ,2022,24.0,Điện tự động giao thông vận tải
84988,HHA,dien-tu-dong-giao-thong-van-tai,D01,Điểm học bạ,2022,24.0,Điện tự động giao thông vận tải
84989,HHA,dien-tu-dong-giao-thong-van-tai,A00,Điểm thi THPT,2022,20.0,Điện tự động giao thông vận tải
84990,HHA,dien-tu-dong-giao-thong-van-tai,A01,Điểm thi THPT,2022,20.0,Điện tự động giao thông vận tải
84991,HHA,dien-tu-dong-giao-thong-van-tai,C01,Điểm thi THPT,2022,20.0,Điện tự động giao thông vận tải
84992,HHA,dien-tu-dong-giao-thong-van-tai,D01,Điểm thi THPT,2022,20.0,Điện tự động giao thông vận tải
84993,HHA,dien-tu-dong-giao-thong-van-tai,A00,Điểm thi THPT,2023,21.0,Điện tự động giao thông vận tải
84994,HHA,dien-tu-dong-giao-thong-van-tai,A01,Điểm thi THPT,2023,21.0,Điện tự động giao thông vận tải
84995,HHA,dien-tu-dong-giao-thong-van-tai,C01,Điểm thi THPT,2023,21.0,Điện tự động giao thông vận tải
84996,HHA,dien-tu-dong-giao-thong-van-tai,D01,Điểm thi THPT,2023,21.0,Điện tự động giao thông vận tải
84997,HHA,dien-tu-dong-giao-thong-van-tai,A00,Điểm học bạ,2024,24.75,Điện tự động giao thông vận tải
84998,HHA,dien-tu-dong-giao-thong-van-tai,A01,Điểm học bạ,2024,24.75,Điện tự động giao thông vận tải
84999,HHA,dien-tu-dong-giao-thong-van-tai,C01,Điểm học bạ,2024,24.75,Điện tự động giao thông vận tải
85000,HHA,dien-tu-dong-giao-thong-van-tai,D01,Điểm học bạ,2024,24.75,Điện tự động giao thông vận tải
85001,HHA,dien-tu-dong-giao-thong-van-tai,A00,Điểm thi THPT,2024,21.5,Điện tự động giao thông vận tải
85002,HHA,dien-tu-dong-giao-thong-van-tai,A01,Điểm thi THPT,2024,21.5,Điện tự động giao thông vận tải
85003,HHA,dien-tu-dong-giao-thong-van-tai,C01,Điểm thi THPT,2024,21.5,Điện tự động giao thông vận tải
85004,HHA,dien-tu-dong-giao-thong-van-tai,D01,Điểm thi THPT,2024,21.5,Điện tự động giao thông vận tải
85005,HHA,dien-tu-dong-giao-thong-van-tai,A00,Điểm học bạ,2025,20.67,Điện tự động giao thông vận tải
85006,HHA,dien-tu-dong-giao-thong-van-tai,A01,Điểm học bạ,2025,20.56,Điện tự động giao thông vận tải
85007,HHA,dien-tu-dong-giao-thong-van-tai,C01,Điểm học bạ,2025,20.61,Điện tự động giao thông vận tải
85008,HHA,dien-tu-dong-giao-thong-van-tai,C02,Điểm học bạ,2025,20.61,Điện tự động giao thông vận tải
85009,HHA,dien-tu-dong-giao-thong-van-tai,D01,Điểm học bạ,2025,20.5,Điện tự động giao thông vận tải
85010,HHA,dien-tu-dong-giao-thong-van-tai,X02,Điểm học bạ,2025,20.76,Điện tự động giao thông vận tải
85011,HHA,dien-tu-dong-giao-thong-van-tai,A00,Điểm thi THPT,2025,20.67,Điện tự động giao thông vận tải
85012,HHA,dien-tu-dong-giao-thong-van-tai,A01,Điểm thi THPT,2025,20.5,Điện tự động giao thông vận tải
85013,HHA,dien-tu-dong-giao-thong-van-tai,C01,Điểm thi THPT,2025,20.9,Điện tự động giao thông vận tải
85014,HHA,dien-tu-dong-giao-thong-van-tai,C02,Điểm thi THPT,2025,20.67,Điện tự động giao thông vận tải
85015,HHA,dien-tu-dong-giao-thong-van-tai,D01,Điểm thi THPT,2025,20.5,Điện tự động giao thông vận tải
85016,HHA,dien-tu-dong-giao-thong-van-tai,X02,Điểm thi THPT,2025,20.85,Điện tự động giao thông vận tải
85017,HHA,dien-tu-vien-thong,A00,Điểm học bạ,2021,23.0,4. Điện tử viễn thông
85018,HHA,dien-tu-vien-thong,A01,Điểm học bạ,2021,23.0,4. Điện tử viễn thông
85019,HHA,dien-tu-vien-thong,C01,Điểm học bạ,2021,23.0,4. Điện tử viễn thông
85020,HHA,dien-tu-vien-thong,D01,Điểm học bạ,2021,23.0,4. Điện tử viễn thông
85021,HHA,dien-tu-vien-thong,A00,Điểm thi THPT,2021,23.0,4. Điện tử viễn thông
85022,HHA,dien-tu-vien-thong,A01,Điểm thi THPT,2021,23.0,4. Điện tử viễn thông
85023,HHA,dien-tu-vien-thong,C01,Điểm thi THPT,2021,23.0,4. Điện tử viễn thông
85024,HHA,dien-tu-vien-thong,D01,Điểm thi THPT,2021,23.0,4. Điện tử viễn thông
85025,HHA,dien-tu-vien-thong,A00,Điểm học bạ,2022,26.0,Điện tử viễn thông
85026,HHA,dien-tu-vien-thong,A01,Điểm học bạ,2022,26.0,Điện tử viễn thông
85027,HHA,dien-tu-vien-thong,C01,Điểm học bạ,2022,26.0,Điện tử viễn thông
85028,HHA,dien-tu-vien-thong,D01,Điểm học bạ,2022,26.0,Điện tử viễn thông
85029,HHA,dien-tu-vien-thong,A00,Điểm thi THPT,2022,23.0,Điện tử viễn thông
85030,HHA,dien-tu-vien-thong,A01,Điểm thi THPT,2022,23.0,Điện tử viễn thông
85031,HHA,dien-tu-vien-thong,C01,Điểm thi THPT,2022,23.0,Điện tử viễn thông
85032,HHA,dien-tu-vien-thong,D01,Điểm thi THPT,2022,23.0,Điện tử viễn thông
85033,HHA,dien-tu-vien-thong,A00,Điểm thi THPT,2023,22.0,Điện tử viễn thông
85034,HHA,dien-tu-vien-thong,A01,Điểm thi THPT,2023,22.0,Điện tử viễn thông
85035,HHA,dien-tu-vien-thong,C01,Điểm thi THPT,2023,22.0,Điện tử viễn thông
85036,HHA,dien-tu-vien-thong,D01,Điểm thi THPT,2023,22.0,Điện tử viễn thông
85037,HHA,dien-tu-vien-thong,A00,Điểm học bạ,2024,26.25,Điện tử viễn thông
85038,HHA,dien-tu-vien-thong,A01,Điểm học bạ,2024,26.25,Điện tử viễn thông
85039,HHA,dien-tu-vien-thong,C01,Điểm học bạ,2024,26.25,Điện tử viễn thông
85040,HHA,dien-tu-vien-thong,D01,Điểm học bạ,2024,26.25,Điện tử viễn thông
85041,HHA,dien-tu-vien-thong,A00,Điểm thi THPT,2024,23.0,Điện tử viễn thông
85042,HHA,dien-tu-vien-thong,A01,Điểm thi THPT,2024,23.0,Điện tử viễn thông
85043,HHA,dien-tu-vien-thong,C01,Điểm thi THPT,2024,23.0,Điện tử viễn thông
85044,HHA,dien-tu-vien-thong,D01,Điểm thi THPT,2024,23.0,Điện tử viễn thông
85045,HHA,dien-tu-vien-thong,A00,Điểm học bạ,2025,22.17,Điện tử viễn thông
85046,HHA,dien-tu-vien-thong,A01,Điểm học bạ,2025,22.06,Điện tử viễn thông
85047,HHA,dien-tu-vien-thong,C01,Điểm học bạ,2025,22.11,Điện tử viễn thông
85048,HHA,dien-tu-vien-thong,C02,Điểm học bạ,2025,22.11,Điện tử viễn thông
85049,HHA,dien-tu-vien-thong,D01,Điểm học bạ,2025,22.0,Điện tử viễn thông
85050,HHA,dien-tu-vien-thong,X02,Điểm học bạ,2025,22.26,Điện tử viễn thông
85051,HHA,dien-tu-vien-thong,A00,Điểm thi THPT,2025,22.17,Điện tử viễn thông
85052,HHA,dien-tu-vien-thong,A01,Điểm thi THPT,2025,22.0,Điện tử viễn thông
85053,HHA,dien-tu-vien-thong,C01,Điểm thi THPT,2025,22.4,Điện tử viễn thông
85054,HHA,dien-tu-vien-thong,C02,Điểm thi THPT,2025,22.17,Điện tử viễn thông
85055,HHA,dien-tu-vien-thong,D01,Điểm thi THPT,2025,22.0,Điện tử viễn thông
85056,HHA,dien-tu-vien-thong,X02,Điểm thi THPT,2025,22.35,Điện tử viễn thông
85057,HHA,dieu-khien-tau-bien,A00,Điểm học bạ,2021,22.0,1. Điều khiển tàu biển
85058,HHA,dieu-khien-tau-bien,A01,Điểm học bạ,2021,22.0,1. Điều khiển tàu biển
85059,HHA,dieu-khien-tau-bien,C01,Điểm học bạ,2021,22.0,1. Điều khiển tàu biển
85060,HHA,dieu-khien-tau-bien,D01,Điểm học bạ,2021,22.0,1. Điều khiển tàu biển
85061,HHA,dieu-khien-tau-bien,A00,Điểm thi THPT,2021,21.5,1. Điều khiển tàu biển
85062,HHA,dieu-khien-tau-bien,A01,Điểm thi THPT,2021,21.5,1. Điều khiển tàu biển
85063,HHA,dieu-khien-tau-bien,C01,Điểm thi THPT,2021,21.5,1. Điều khiển tàu biển
85064,HHA,dieu-khien-tau-bien,D01,Điểm thi THPT,2021,21.5,1. Điều khiển tàu biển
85065,HHA,dieu-khien-tau-bien,A00,Điểm học bạ,2022,24.75,Điều khiển tàu biển
85066,HHA,dieu-khien-tau-bien,A01,Điểm học bạ,2022,24.75,Điều khiển tàu biển
85067,HHA,dieu-khien-tau-bien,C01,Điểm học bạ,2022,24.75,Điều khiển tàu biển
85068,HHA,dieu-khien-tau-bien,D01,Điểm học bạ,2022,24.75,Điều khiển tàu biển
85069,HHA,dieu-khien-tau-bien,A00,Điểm thi THPT,2022,21.75,Điều khiển tàu biển
85070,HHA,dieu-khien-tau-bien,A01,Điểm thi THPT,2022,21.75,Điều khiển tàu biển
85071,HHA,dieu-khien-tau-bien,C01,Điểm thi THPT,2022,21.75,Điều khiển tàu biển
85072,HHA,dieu-khien-tau-bien,D01,Điểm thi THPT,2022,21.75,Điều khiển tàu biển
85073,HHA,dieu-khien-tau-bien,A00,Điểm học bạ,2023,23.0,Điều khiển tàu biển (Chọn)
85074,HHA,dieu-khien-tau-bien,A01,Điểm học bạ,2023,23.0,Điều khiển tàu biển (Chọn)
85075,HHA,dieu-khien-tau-bien,C01,Điểm học bạ,2023,23.0,Điều khiển tàu biển (Chọn)
85076,HHA,dieu-khien-tau-bien,D01,Điểm học bạ,2023,23.0,Điều khiển tàu biển (Chọn)
85077,HHA,dieu-khien-tau-bien,A00,Điểm thi THPT,2023,22.0,Điều khiển tàu biển
85078,HHA,dieu-khien-tau-bien,A01,Điểm thi THPT,2023,22.0,Điều khiển tàu biển
85079,HHA,dieu-khien-tau-bien,C01,Điểm thi THPT,2023,22.0,Điều khiển tàu biển
85080,HHA,dieu-khien-tau-bien,D01,Điểm thi THPT,2023,22.0,Điều khiển tàu biển
85081,HHA,dieu-khien-tau-bien,A00,Điểm học bạ,2024,25.75,Điều khiển tàu biển
85082,HHA,dieu-khien-tau-bien,A01,Điểm học bạ,2024,25.75,Điều khiển tàu biển
85083,HHA,dieu-khien-tau-bien,C01,Điểm học bạ,2024,25.75,Điều khiển tàu biển
85084,HHA,dieu-khien-tau-bien,D01,Điểm học bạ,2024,25.75,Điều khiển tàu biển
85085,HHA,dieu-khien-tau-bien,A00,Điểm thi THPT,2024,23.5,Điều khiển tàu biển
85086,HHA,dieu-khien-tau-bien,A01,Điểm thi THPT,2024,23.5,Điều khiển tàu biển
85087,HHA,dieu-khien-tau-bien,C01,Điểm thi THPT,2024,23.5,Điều khiển tàu biển
85088,HHA,dieu-khien-tau-bien,D01,Điểm thi THPT,2024,23.5,Điều khiển tàu biển
85089,HHA,dieu-khien-tau-bien,A00,Điểm học bạ,2025,22.42,Điều khiển tàu biển
85090,HHA,dieu-khien-tau-bien,A01,Điểm học bạ,2025,22.31,Điều khiển tàu biển
85091,HHA,dieu-khien-tau-bien,C01,Điểm học bạ,2025,22.36,Điều khiển tàu biển
85092,HHA,dieu-khien-tau-bien,C02,Điểm học bạ,2025,22.36,Điều khiển tàu biển
85093,HHA,dieu-khien-tau-bien,D01,Điểm học bạ,2025,22.25,Điều khiển tàu biển
85094,HHA,dieu-khien-tau-bien,X02,Điểm học bạ,2025,22.51,Điều khiển tàu biển
85095,HHA,dieu-khien-tau-bien,A00,Điểm thi THPT,2025,22.42,Điều khiển tàu biển
85096,HHA,dieu-khien-tau-bien,A01,Điểm thi THPT,2025,22.25,Điều khiển tàu biển
85097,HHA,dieu-khien-tau-bien,C01,Điểm thi THPT,2025,22.65,Điều khiển tàu biển
85098,HHA,dieu-khien-tau-bien,C02,Điểm thi THPT,2025,22.42,Điều khiển tàu biển
85099,HHA,dieu-khien-tau-bien,D01,Điểm thi THPT,2025,22.25,Điều khiển tàu biển
85100,HHA,dieu-khien-tau-bien,X02,Điểm thi THPT,2025,22.6,Điều khiển tàu biển
85101,HHA,dong-tau-cong-trinh-ngoai-khoi,A00,Điểm học bạ,2021,18.0,10. Đóng tàu & công trình ngoài khơi
85102,HHA,dong-tau-cong-trinh-ngoai-khoi,A01,Điểm học bạ,2021,18.0,10. Đóng tàu & công trình ngoài khơi
85103,HHA,dong-tau-cong-trinh-ngoai-khoi,C01,Điểm học bạ,2021,18.0,10. Đóng tàu & công trình ngoài khơi
85104,HHA,dong-tau-cong-trinh-ngoai-khoi,D01,Điểm học bạ,2021,18.0,10. Đóng tàu & công trình ngoài khơi
85105,HHA,dong-tau-cong-trinh-ngoai-khoi,A00,Điểm thi THPT,2021,14.0,10. Đóng tàu & công trình ngoài khơi
85106,HHA,dong-tau-cong-trinh-ngoai-khoi,A01,Điểm thi THPT,2021,14.0,10. Đóng tàu & công trình ngoài khơi
85107,HHA,dong-tau-cong-trinh-ngoai-khoi,C01,Điểm thi THPT,2021,14.0,10. Đóng tàu & công trình ngoài khơi
85108,HHA,dong-tau-cong-trinh-ngoai-khoi,D01,Điểm thi THPT,2021,14.0,10. Đóng tàu & công trình ngoài khơi
85109,HHA,dong-tau-cong-trinh-ngoai-khoi,A00,Điểm học bạ,2022,20.0,Đóng tàu & công trình ngoài khơi
85110,HHA,dong-tau-cong-trinh-ngoai-khoi,A01,Điểm học bạ,2022,20.0,Đóng tàu & công trình ngoài khơi
85111,HHA,dong-tau-cong-trinh-ngoai-khoi,C01,Điểm học bạ,2022,20.0,Đóng tàu & công trình ngoài khơi
85112,HHA,dong-tau-cong-trinh-ngoai-khoi,D01,Điểm học bạ,2022,20.0,Đóng tàu & công trình ngoài khơi
85113,HHA,dong-tau-cong-trinh-ngoai-khoi,A00,Điểm thi THPT,2022,17.0,Đóng tàu & công trình ngoài khơi
85114,HHA,dong-tau-cong-trinh-ngoai-khoi,A01,Điểm thi THPT,2022,17.0,Đóng tàu & công trình ngoài khơi
85115,HHA,dong-tau-cong-trinh-ngoai-khoi,C01,Điểm thi THPT,2022,17.0,Đóng tàu & công trình ngoài khơi
85116,HHA,dong-tau-cong-trinh-ngoai-khoi,D01,Điểm thi THPT,2022,17.0,Đóng tàu & công trình ngoài khơi
85117,HHA,dong-tau-cong-trinh-ngoai-khoi,A00,Điểm học bạ,2023,21.0,Đóng tàu & công trình ngoài khơi
85118,HHA,dong-tau-cong-trinh-ngoai-khoi,A01,Điểm học bạ,2023,21.0,Đóng tàu & công trình ngoài khơi
85119,HHA,dong-tau-cong-trinh-ngoai-khoi,C01,Điểm học bạ,2023,21.0,Đóng tàu & công trình ngoài khơi
85120,HHA,dong-tau-cong-trinh-ngoai-khoi,D01,Điểm học bạ,2023,21.0,Đóng tàu & công trình ngoài khơi
85121,HHA,dong-tau-cong-trinh-ngoai-khoi,A00,Điểm thi THPT,2023,18.0,Đóng tàu & công trình ngoài khơi
85122,HHA,dong-tau-cong-trinh-ngoai-khoi,A01,Điểm thi THPT,2023,18.0,Đóng tàu & công trình ngoài khơi
85123,HHA,dong-tau-cong-trinh-ngoai-khoi,C01,Điểm thi THPT,2023,18.0,Đóng tàu & công trình ngoài khơi
85124,HHA,dong-tau-cong-trinh-ngoai-khoi,D01,Điểm thi THPT,2023,18.0,Đóng tàu & công trình ngoài khơi
85125,HHA,dong-tau-cong-trinh-ngoai-khoi,A00,Điểm học bạ,2024,23.0,Đóng tàu & công trình ngoài khơi
85126,HHA,dong-tau-cong-trinh-ngoai-khoi,A01,Điểm học bạ,2024,23.0,Đóng tàu & công trình ngoài khơi
85127,HHA,dong-tau-cong-trinh-ngoai-khoi,C01,Điểm học bạ,2024,23.0,Đóng tàu & công trình ngoài khơi
85128,HHA,dong-tau-cong-trinh-ngoai-khoi,D01,Điểm học bạ,2024,23.0,Đóng tàu & công trình ngoài khơi
85129,HHA,dong-tau-cong-trinh-ngoai-khoi,A00,Điểm thi THPT,2024,21.0,Đóng tàu & công trình ngoài khơi
85130,HHA,dong-tau-cong-trinh-ngoai-khoi,A01,Điểm thi THPT,2024,21.0,Đóng tàu & công trình ngoài khơi
85131,HHA,dong-tau-cong-trinh-ngoai-khoi,C01,Điểm thi THPT,2024,21.0,Đóng tàu & công trình ngoài khơi
85132,HHA,dong-tau-cong-trinh-ngoai-khoi,D01,Điểm thi THPT,2024,21.0,Đóng tàu & công trình ngoài khơi
85133,HHA,dong-tau-va-cong-trinh-ngoai-khoi,A00,Điểm học bạ,2025,19.67,Đóng tàu và công trình ngoài khơi
85134,HHA,dong-tau-va-cong-trinh-ngoai-khoi,A01,Điểm học bạ,2025,19.56,Đóng tàu và công trình ngoài khơi
85135,HHA,dong-tau-va-cong-trinh-ngoai-khoi,C01,Điểm học bạ,2025,19.61,Đóng tàu và công trình ngoài khơi
85136,HHA,dong-tau-va-cong-trinh-ngoai-khoi,C02,Điểm học bạ,2025,19.61,Đóng tàu và công trình ngoài khơi
85137,HHA,dong-tau-va-cong-trinh-ngoai-khoi,D01,Điểm học bạ,2025,19.5,Đóng tàu và công trình ngoài khơi
85138,HHA,dong-tau-va-cong-trinh-ngoai-khoi,X02,Điểm học bạ,2025,19.76,Đóng tàu và công trình ngoài khơi
85139,HHA,dong-tau-va-cong-trinh-ngoai-khoi,A00,Điểm thi THPT,2025,19.67,Đóng tàu và công trình ngoài khơi
85140,HHA,dong-tau-va-cong-trinh-ngoai-khoi,A01,Điểm thi THPT,2025,19.5,Đóng tàu và công trình ngoài khơi
85141,HHA,dong-tau-va-cong-trinh-ngoai-khoi,C01,Điểm thi THPT,2025,19.9,Đóng tàu và công trình ngoài khơi
85142,HHA,dong-tau-va-cong-trinh-ngoai-khoi,C02,Điểm thi THPT,2025,19.67,Đóng tàu và công trình ngoài khơi
85143,HHA,dong-tau-va-cong-trinh-ngoai-khoi,D01,Điểm thi THPT,2025,19.5,Đóng tàu và công trình ngoài khơi
85144,HHA,dong-tau-va-cong-trinh-ngoai-khoi,X02,Điểm thi THPT,2025,19.85,Đóng tàu và công trình ngoài khơi
85145,HHA,hai-thac-may-tau-bien,A00,Điểm học bạ,2023,24.0,hai thác máy tàu biển
85146,HHA,hai-thac-may-tau-bien,A01,Điểm học bạ,2023,24.0,hai thác máy tàu biển
85147,HHA,hai-thac-may-tau-bien,C01,Điểm học bạ,2023,24.0,hai thác máy tàu biển
85148,HHA,hai-thac-may-tau-bien,D01,Điểm học bạ,2023,24.0,hai thác máy tàu biển
85149,HHA,hiet-ke-tau-cong-trinh-ngoai-khoi,A00,Điểm học bạ,2023,21.0,hiết kế tàu & công trình ngoài khơi
85150,HHA,hiet-ke-tau-cong-trinh-ngoai-khoi,A01,Điểm học bạ,2023,21.0,hiết kế tàu & công trình ngoài khơi
85151,HHA,hiet-ke-tau-cong-trinh-ngoai-khoi,C01,Điểm học bạ,2023,21.0,hiết kế tàu & công trình ngoài khơi
85152,HHA,hiet-ke-tau-cong-trinh-ngoai-khoi,D01,Điểm học bạ,2023,21.0,hiết kế tàu & công trình ngoài khơi
85153,HHA,ien-tu-dong-cong-nghiep,A00,Điểm học bạ,2023,26.5,iện tự động công nghiệp
85154,HHA,ien-tu-dong-cong-nghiep,A01,Điểm học bạ,2023,26.5,iện tự động công nghiệp
85155,HHA,ien-tu-dong-cong-nghiep,C01,Điểm học bạ,2023,26.5,iện tự động công nghiệp
85156,HHA,ien-tu-dong-cong-nghiep,D01,Điểm học bạ,2023,26.5,iện tự động công nghiệp
85157,HHA,ien-tu-dong-giao-thong-van-tai,A00,Điểm học bạ,2023,24.0,iện tự động giao thông vận tải
85158,HHA,ien-tu-dong-giao-thong-van-tai,A01,Điểm học bạ,2023,24.0,iện tự động giao thông vận tải
85159,HHA,ien-tu-dong-giao-thong-van-tai,C01,Điểm học bạ,2023,24.0,iện tự động giao thông vận tải
85160,HHA,ien-tu-dong-giao-thong-van-tai,D01,Điểm học bạ,2023,24.0,iện tự động giao thông vận tải
85161,HHA,ien-tu-vien-thong,A00,Điểm học bạ,2023,26.0,iện tử viễn thông
85162,HHA,ien-tu-vien-thong,A01,Điểm học bạ,2023,26.0,iện tử viễn thông
85163,HHA,ien-tu-vien-thong,C01,Điểm học bạ,2023,26.0,iện tử viễn thông
85164,HHA,ien-tu-vien-thong,D01,Điểm học bạ,2023,26.0,iện tử viễn thông
85165,HHA,ieu-khien-tau-bien,A00,Điểm học bạ,2023,25.0,iều khiển tàu biển
85166,HHA,ieu-khien-tau-bien,A01,Điểm học bạ,2023,25.0,iều khiển tàu biển
85167,HHA,ieu-khien-tau-bien,C01,Điểm học bạ,2023,25.0,iều khiển tàu biển
85168,HHA,ieu-khien-tau-bien,D01,Điểm học bạ,2023,25.0,iều khiển tàu biển
85169,HHA,khai-thac-may-tau-bien,A00,Điểm học bạ,2021,18.0,2. Khai thác máy tàu biển
85170,HHA,khai-thac-may-tau-bien,A01,Điểm học bạ,2021,18.0,2. Khai thác máy tàu biển
85171,HHA,khai-thac-may-tau-bien,C01,Điểm học bạ,2021,18.0,2. Khai thác máy tàu biển
85172,HHA,khai-thac-may-tau-bien,D01,Điểm học bạ,2021,18.0,2. Khai thác máy tàu biển
85173,HHA,khai-thac-may-tau-bien,A00,Điểm thi THPT,2021,18.0,2. Khai thác máy tàu biển
85174,HHA,khai-thac-may-tau-bien,A01,Điểm thi THPT,2021,18.0,2. Khai thác máy tàu biển
85175,HHA,khai-thac-may-tau-bien,C01,Điểm thi THPT,2021,18.0,2. Khai thác máy tàu biển
85176,HHA,khai-thac-may-tau-bien,D01,Điểm thi THPT,2021,18.0,2. Khai thác máy tàu biển
85177,HHA,khai-thac-may-tau-bien,A00,Điểm học bạ,2022,23.5,Khai thác máy tàu biển
85178,HHA,khai-thac-may-tau-bien,A01,Điểm học bạ,2022,23.5,Khai thác máy tàu biển
85179,HHA,khai-thac-may-tau-bien,C01,Điểm học bạ,2022,23.5,Khai thác máy tàu biển
85180,HHA,khai-thac-may-tau-bien,D01,Điểm học bạ,2022,23.5,Khai thác máy tàu biển
85181,HHA,khai-thac-may-tau-bien,A00,Điểm thi THPT,2022,19.0,Khai thác máy tàu biển
85182,HHA,khai-thac-may-tau-bien,A01,Điểm thi THPT,2022,19.0,Khai thác máy tàu biển
85183,HHA,khai-thac-may-tau-bien,C01,Điểm thi THPT,2022,19.0,Khai thác máy tàu biển
85184,HHA,khai-thac-may-tau-bien,D01,Điểm thi THPT,2022,19.0,Khai thác máy tàu biển
85185,HHA,khai-thac-may-tau-bien,A00,Điểm học bạ,2023,22.0,Khai thác máy tàu biển (Chọn)
85186,HHA,khai-thac-may-tau-bien,A01,Điểm học bạ,2023,22.0,Khai thác máy tàu biển (Chọn)
85187,HHA,khai-thac-may-tau-bien,C01,Điểm học bạ,2023,22.0,Khai thác máy tàu biển (Chọn)
85188,HHA,khai-thac-may-tau-bien,D01,Điểm học bạ,2023,22.0,Khai thác máy tàu biển (Chọn)
85189,HHA,khai-thac-may-tau-bien,A00,Điểm thi THPT,2023,20.5,Khai thác máy tàu biển
85190,HHA,khai-thac-may-tau-bien,A01,Điểm thi THPT,2023,20.5,Khai thác máy tàu biển
85191,HHA,khai-thac-may-tau-bien,C01,Điểm thi THPT,2023,20.5,Khai thác máy tàu biển
85192,HHA,khai-thac-may-tau-bien,D01,Điểm thi THPT,2023,20.5,Khai thác máy tàu biển
85193,HHA,khai-thac-may-tau-bien,A00,Điểm học bạ,2024,25.0,Khai thác máy tàu biển
85194,HHA,khai-thac-may-tau-bien,A01,Điểm học bạ,2024,25.0,Khai thác máy tàu biển
85195,HHA,khai-thac-may-tau-bien,C01,Điểm học bạ,2024,25.0,Khai thác máy tàu biển
85196,HHA,khai-thac-may-tau-bien,D01,Điểm học bạ,2024,25.0,Khai thác máy tàu biển
85197,HHA,khai-thac-may-tau-bien,A00,Điểm thi THPT,2024,22.5,Khai thác máy tàu biển
85198,HHA,khai-thac-may-tau-bien,A01,Điểm thi THPT,2024,22.5,Khai thác máy tàu biển
85199,HHA,khai-thac-may-tau-bien,C01,Điểm thi THPT,2024,22.5,Khai thác máy tàu biển
85200,HHA,khai-thac-may-tau-bien,D01,Điểm thi THPT,2024,22.5,Khai thác máy tàu biển
85201,HHA,khai-thac-may-tau-bien,A00,Điểm học bạ,2025,21.17,Khai thác máy tàu biển
85202,HHA,khai-thac-may-tau-bien,A01,Điểm học bạ,2025,21.06,Khai thác máy tàu biển
85203,HHA,khai-thac-may-tau-bien,C01,Điểm học bạ,2025,21.11,Khai thác máy tàu biển
85204,HHA,khai-thac-may-tau-bien,C02,Điểm học bạ,2025,21.11,Khai thác máy tàu biển
85205,HHA,khai-thac-may-tau-bien,D01,Điểm học bạ,2025,21.0,Khai thác máy tàu biển
85206,HHA,khai-thac-may-tau-bien,X02,Điểm học bạ,2025,21.26,Khai thác máy tàu biển
85207,HHA,khai-thac-may-tau-bien,A00,Điểm thi THPT,2025,21.17,Khai thác máy tàu biển
85208,HHA,khai-thac-may-tau-bien,A01,Điểm thi THPT,2025,21.0,Khai thác máy tàu biển
85209,HHA,khai-thac-may-tau-bien,C01,Điểm thi THPT,2025,21.4,Khai thác máy tàu biển
85210,HHA,khai-thac-may-tau-bien,C02,Điểm thi THPT,2025,21.17,Khai thác máy tàu biển
85211,HHA,khai-thac-may-tau-bien,D01,Điểm thi THPT,2025,21.0,Khai thác máy tàu biển
85212,HHA,khai-thac-may-tau-bien,X02,Điểm thi THPT,2025,21.35,Khai thác máy tàu biển
85213,HHA,kien-truc-noi-that,A00,Điểm học bạ,2021,18.0,21. Kiến trúc & nội thất
85214,HHA,kien-truc-noi-that,A01,Điểm học bạ,2021,18.0,21. Kiến trúc & nội thất
85215,HHA,kien-truc-noi-that,C01,Điểm học bạ,2021,18.0,21. Kiến trúc & nội thất
85216,HHA,kien-truc-noi-that,D01,Điểm học bạ,2021,18.0,21. Kiến trúc & nội thất
85217,HHA,kien-truc-noi-that,A00,Điểm thi THPT,2021,14.0,21. Kiến trúc & nội thất
85218,HHA,kien-truc-noi-that,A01,Điểm thi THPT,2021,14.0,21. Kiến trúc & nội thất
85219,HHA,kien-truc-noi-that,C01,Điểm thi THPT,2021,14.0,21. Kiến trúc & nội thất
85220,HHA,kien-truc-noi-that,D01,Điểm thi THPT,2021,14.0,21. Kiến trúc & nội thất
85221,HHA,kien-truc-noi-that,A00,Điểm học bạ,2022,19.5,Kiến trúc & nội thất
85222,HHA,kien-truc-noi-that,A01,Điểm học bạ,2022,19.5,Kiến trúc & nội thất
85223,HHA,kien-truc-noi-that,C01,Điểm học bạ,2022,19.5,Kiến trúc & nội thất
85224,HHA,kien-truc-noi-that,D01,Điểm học bạ,2022,19.5,Kiến trúc & nội thất
85225,HHA,kien-truc-noi-that,A00,Điểm thi THPT,2022,17.0,Kiến trúc & nội thất
85226,HHA,kien-truc-noi-that,A01,Điểm thi THPT,2022,17.0,Kiến trúc & nội thất
85227,HHA,kien-truc-noi-that,C01,Điểm thi THPT,2022,17.0,Kiến trúc & nội thất
85228,HHA,kien-truc-noi-that,D01,Điểm thi THPT,2022,17.0,Kiến trúc & nội thất
85229,HHA,kien-truc-noi-that,A00,Điểm học bạ,2023,22.0,Kiến trúc & nội thất
85230,HHA,kien-truc-noi-that,A01,Điểm học bạ,2023,22.0,Kiến trúc & nội thất
85231,HHA,kien-truc-noi-that,C01,Điểm học bạ,2023,22.0,Kiến trúc & nội thất
85232,HHA,kien-truc-noi-that,D01,Điểm học bạ,2023,22.0,Kiến trúc & nội thất
85233,HHA,kien-truc-noi-that,A00,Điểm thi THPT,2023,19.0,Kiến trúc & nội thất
85234,HHA,kien-truc-noi-that,A01,Điểm thi THPT,2023,19.0,Kiến trúc & nội thất
85235,HHA,kien-truc-noi-that,C01,Điểm thi THPT,2023,19.0,Kiến trúc & nội thất
85236,HHA,kien-truc-noi-that,D01,Điểm thi THPT,2023,19.0,Kiến trúc & nội thất
85237,HHA,kien-truc-noi-that,A00,Điểm học bạ,2024,22.0,Kiến trúc & nội thất
85238,HHA,kien-truc-noi-that,A01,Điểm học bạ,2024,22.0,Kiến trúc & nội thất
85239,HHA,kien-truc-noi-that,C01,Điểm học bạ,2024,22.0,Kiến trúc & nội thất
85240,HHA,kien-truc-noi-that,D01,Điểm học bạ,2024,22.0,Kiến trúc & nội thất
85241,HHA,kien-truc-noi-that,A00,Điểm thi THPT,2024,19.0,Kiến trúc & nội thất
85242,HHA,kien-truc-noi-that,A01,Điểm thi THPT,2024,19.0,Kiến trúc & nội thất
85243,HHA,kien-truc-noi-that,C01,Điểm thi THPT,2024,19.0,Kiến trúc & nội thất
85244,HHA,kien-truc-noi-that,D01,Điểm thi THPT,2024,19.0,Kiến trúc & nội thất
85245,HHA,kien-truc-va-noi-that,A00,Điểm học bạ,2025,19.17,Kiến trúc và nội thất
85246,HHA,kien-truc-va-noi-that,A01,Điểm học bạ,2025,19.06,Kiến trúc và nội thất
85247,HHA,kien-truc-va-noi-that,C01,Điểm học bạ,2025,19.11,Kiến trúc và nội thất
85248,HHA,kien-truc-va-noi-that,C02,Điểm học bạ,2025,19.11,Kiến trúc và nội thất
85249,HHA,kien-truc-va-noi-that,D01,Điểm học bạ,2025,19.0,Kiến trúc và nội thất
85250,HHA,kien-truc-va-noi-that,X02,Điểm học bạ,2025,19.26,Kiến trúc và nội thất
85251,HHA,kien-truc-va-noi-that,A00,Điểm thi THPT,2025,19.17,Kiến trúc và nội thất
85252,HHA,kien-truc-va-noi-that,A01,Điểm thi THPT,2025,19.0,Kiến trúc và nội thất
85253,HHA,kien-truc-va-noi-that,C01,Điểm thi THPT,2025,19.4,Kiến trúc và nội thất
85254,HHA,kien-truc-va-noi-that,C02,Điểm thi THPT,2025,19.17,Kiến trúc và nội thất
85255,HHA,kien-truc-va-noi-that,D01,Điểm thi THPT,2025,19.0,Kiến trúc và nội thất
85256,HHA,kien-truc-va-noi-that,X02,Điểm thi THPT,2025,19.35,Kiến trúc và nội thất
85257,HHA,kinh-doanh-quoc-te-logistics,A01,Điểm thi THPT,2021,24.85,45. Kinh doanh quốc tế & Logistics (Chương trình tiên tiến)
85258,HHA,kinh-doanh-quoc-te-logistics,D01,Điểm thi THPT,2021,24.85,45. Kinh doanh quốc tế & Logistics (Chương trình tiên tiến)
85259,HHA,kinh-doanh-quoc-te-logistics,D07,Điểm thi THPT,2021,24.85,45. Kinh doanh quốc tế & Logistics (Chương trình tiên tiến)
85260,HHA,kinh-doanh-quoc-te-logistics,D15,Điểm thi THPT,2021,24.85,45. Kinh doanh quốc tế & Logistics (Chương trình tiên tiến)
85261,HHA,kinh-doanh-quoc-te-logistics,A01,Điểm thi THPT,2022,24.25,Kinh doanh quốc tế & Logistics (Chương trình tiên tiến)
85262,HHA,kinh-doanh-quoc-te-logistics,D01,Điểm thi THPT,2022,24.25,Kinh doanh quốc tế & Logistics (Chương trình tiên tiến)
85263,HHA,kinh-doanh-quoc-te-logistics,D07,Điểm thi THPT,2022,24.25,Kinh doanh quốc tế & Logistics (Chương trình tiên tiến)
85264,HHA,kinh-doanh-quoc-te-logistics,D15,Điểm thi THPT,2022,24.25,Kinh doanh quốc tế & Logistics (Chương trình tiên tiến)
85265,HHA,kinh-doanh-quoc-te-logistics,A01,Điểm thi THPT,2023,23.0,Kinh doanh quốc tế & Logistics
85266,HHA,kinh-doanh-quoc-te-logistics,D01,Điểm thi THPT,2023,23.0,Kinh doanh quốc tế & Logistics
85267,HHA,kinh-doanh-quoc-te-logistics,D07,Điểm thi THPT,2023,23.0,Kinh doanh quốc tế & Logistics
85268,HHA,kinh-doanh-quoc-te-logistics,D15,Điểm thi THPT,2023,23.0,Kinh doanh quốc tế & Logistics
85269,HHA,kinh-doanh-quoc-te-logistics,A01,Điểm học bạ,2024,26.5,Kinh doanh quốc tế & Logistics
85270,HHA,kinh-doanh-quoc-te-logistics,D01,Điểm học bạ,2024,26.5,Kinh doanh quốc tế & Logistics
85271,HHA,kinh-doanh-quoc-te-logistics,D07,Điểm học bạ,2024,26.5,Kinh doanh quốc tế & Logistics
85272,HHA,kinh-doanh-quoc-te-logistics,D15,Điểm học bạ,2024,26.5,Kinh doanh quốc tế & Logistics
85273,HHA,kinh-doanh-quoc-te-logistics,A01,Điểm thi THPT,2024,24.25,Kinh doanh quốc tế & Logistics
85274,HHA,kinh-doanh-quoc-te-logistics,D01,Điểm thi THPT,2024,24.25,Kinh doanh quốc tế & Logistics
85275,HHA,kinh-doanh-quoc-te-logistics,D07,Điểm thi THPT,2024,24.25,Kinh doanh quốc tế & Logistics
85276,HHA,kinh-doanh-quoc-te-logistics,D15,Điểm thi THPT,2024,24.25,Kinh doanh quốc tế & Logistics
85277,HHA,kinh-doanh-quoc-te-va-logistics,A01,Điểm thi THPT,2025,22.25,Kinh doanh quốc tế và logistics
85278,HHA,kinh-doanh-quoc-te-va-logistics,D01,Điểm thi THPT,2025,22.25,Kinh doanh quốc tế và logistics
85279,HHA,kinh-doanh-quoc-te-va-logistics,D09,Điểm thi THPT,2025,22.13,Kinh doanh quốc tế và logistics
85280,HHA,kinh-doanh-quoc-te-va-logistics,D10,Điểm thi THPT,2025,22.16,Kinh doanh quốc tế và logistics
85281,HHA,kinh-doanh-quoc-te-va-logistics,D14,Điểm thi THPT,2025,22.69,Kinh doanh quốc tế và logistics
85282,HHA,kinh-doanh-quoc-te-va-logistics,D15,Điểm thi THPT,2025,22.71,Kinh doanh quốc tế và logistics
85283,HHA,kinh-te-hang-hai,A01,Điểm thi THPT,2021,22.15,44. Kinh tế Hàng hải (Chương trình tiên tiến)
85284,HHA,kinh-te-hang-hai,D01,Điểm thi THPT,2021,22.15,44. Kinh tế Hàng hải (Chương trình tiên tiến)
85285,HHA,kinh-te-hang-hai,D07,Điểm thi THPT,2021,22.15,44. Kinh tế Hàng hải (Chương trình tiên tiến)
85286,HHA,kinh-te-hang-hai,D15,Điểm thi THPT,2021,22.15,44. Kinh tế Hàng hải (Chương trình tiên tiến)
85287,HHA,kinh-te-hang-hai,A01,Điểm thi THPT,2022,22.75,Kinh tế Hàng hải (Chương trình tiên tiến)
85288,HHA,kinh-te-hang-hai,D01,Điểm thi THPT,2022,22.75,Kinh tế Hàng hải (Chương trình tiên tiến)
85289,HHA,kinh-te-hang-hai,D07,Điểm thi THPT,2022,22.75,Kinh tế Hàng hải (Chương trình tiên tiến)
85290,HHA,kinh-te-hang-hai,D15,Điểm thi THPT,2022,22.75,Kinh tế Hàng hải (Chương trình tiên tiến)
85291,HHA,kinh-te-hang-hai,A01,Điểm thi THPT,2023,22.25,Kinh tế Hàng hải
85292,HHA,kinh-te-hang-hai,D01,Điểm thi THPT,2023,22.25,Kinh tế Hàng hải
85293,HHA,kinh-te-hang-hai,D07,Điểm thi THPT,2023,22.25,Kinh tế Hàng hải
85294,HHA,kinh-te-hang-hai,D15,Điểm thi THPT,2023,22.25,Kinh tế Hàng hải
85295,HHA,kinh-te-hang-hai,A01,Điểm học bạ,2024,24.0,Kinh tế Hàng hải
85296,HHA,kinh-te-hang-hai,D01,Điểm học bạ,2024,24.0,Kinh tế Hàng hải
85297,HHA,kinh-te-hang-hai,D07,Điểm học bạ,2024,24.0,Kinh tế Hàng hải
85298,HHA,kinh-te-hang-hai,D15,Điểm học bạ,2024,24.0,Kinh tế Hàng hải
85299,HHA,kinh-te-hang-hai,A01,Điểm thi THPT,2024,23.0,Kinh tế Hàng hải
85300,HHA,kinh-te-hang-hai,D01,Điểm thi THPT,2024,23.0,Kinh tế Hàng hải
85301,HHA,kinh-te-hang-hai,D07,Điểm thi THPT,2024,23.0,Kinh tế Hàng hải
85302,HHA,kinh-te-hang-hai,D15,Điểm thi THPT,2024,23.0,Kinh tế Hàng hải
85303,HHA,kinh-te-hang-hai,A01,Điểm thi THPT,2025,20.25,Kinh tế Hàng hải
85304,HHA,kinh-te-hang-hai,D01,Điểm thi THPT,2025,20.25,Kinh tế Hàng hải
85305,HHA,kinh-te-hang-hai,D09,Điểm thi THPT,2025,20.13,Kinh tế Hàng hải
85306,HHA,kinh-te-hang-hai,D10,Điểm thi THPT,2025,20.16,Kinh tế Hàng hải
85307,HHA,kinh-te-hang-hai,D14,Điểm thi THPT,2025,20.69,Kinh tế Hàng hải
85308,HHA,kinh-te-hang-hai,D15,Điểm thi THPT,2025,20.71,Kinh tế Hàng hải
85309,HHA,kinh-te-ngoai-thuong,A00,Điểm thi THPT,2021,25.75,34. Kinh tế ngoại thương
85310,HHA,kinh-te-ngoai-thuong,A01,Điểm thi THPT,2021,25.75,34. Kinh tế ngoại thương
85311,HHA,kinh-te-ngoai-thuong,C01,Điểm thi THPT,2021,25.75,34. Kinh tế ngoại thương
85312,HHA,kinh-te-ngoai-thuong,D01,Điểm thi THPT,2021,25.75,34. Kinh tế ngoại thương
85313,HHA,kinh-te-ngoai-thuong,A00,Điểm thi THPT,2022,25.75,Kinh tế ngoại thương
85314,HHA,kinh-te-ngoai-thuong,A01,Điểm thi THPT,2022,25.75,Kinh tế ngoại thương
85315,HHA,kinh-te-ngoai-thuong,C01,Điểm thi THPT,2022,25.75,Kinh tế ngoại thương
85316,HHA,kinh-te-ngoai-thuong,D01,Điểm thi THPT,2022,25.75,Kinh tế ngoại thương
85317,HHA,kinh-te-ngoai-thuong,A00,Điểm thi THPT,2023,25.0,Kinh tế ngoại thương
85318,HHA,kinh-te-ngoai-thuong,A01,Điểm thi THPT,2023,25.0,Kinh tế ngoại thương
85319,HHA,kinh-te-ngoai-thuong,C01,Điểm thi THPT,2023,25.0,Kinh tế ngoại thương
85320,HHA,kinh-te-ngoai-thuong,D01,Điểm thi THPT,2023,25.0,Kinh tế ngoại thương
85321,HHA,kinh-te-ngoai-thuong,A00,Điểm thi THPT,2024,25.75,Kinh tế ngoại thương
85322,HHA,kinh-te-ngoai-thuong,A01,Điểm thi THPT,2024,25.75,Kinh tế ngoại thương
85323,HHA,kinh-te-ngoai-thuong,C01,Điểm thi THPT,2024,25.75,Kinh tế ngoại thương
85324,HHA,kinh-te-ngoai-thuong,D01,Điểm thi THPT,2024,25.75,Kinh tế ngoại thương
85325,HHA,kinh-te-ngoai-thuong,A00,Điểm thi THPT,2025,21.82,Kinh tế ngoại thương (NC)
85326,HHA,kinh-te-ngoai-thuong,A01,Điểm thi THPT,2025,23.75,Kinh tế ngoại thương
85327,HHA,kinh-te-ngoai-thuong,C01,Điểm thi THPT,2025,24.15,Kinh tế ngoại thương
85328,HHA,kinh-te-ngoai-thuong,C02,Điểm thi THPT,2025,21.82,Kinh tế ngoại thương (NC)
85329,HHA,kinh-te-ngoai-thuong,C03,Điểm thi THPT,2025,24.04,Kinh tế ngoại thương
85330,HHA,kinh-te-ngoai-thuong,C04,Điểm thi THPT,2025,24.06,Kinh tế ngoại thương
85331,HHA,kinh-te-ngoai-thuong,D01,Điểm thi THPT,2025,23.75,Kinh tế ngoại thương
85332,HHA,kinh-te-ngoai-thuong,D09,Điểm thi THPT,2025,23.63,Kinh tế ngoại thương
85333,HHA,kinh-te-ngoai-thuong,X02,Điểm thi THPT,2025,22.0,Kinh tế ngoại thương (NC)
85334,HHA,kinh-te-van-tai-bien,A00,Điểm thi THPT,2021,25.35,31. Kinh tế vận tải biển
85335,HHA,kinh-te-van-tai-bien,A01,Điểm thi THPT,2021,25.35,31. Kinh tế vận tải biển
85336,HHA,kinh-te-van-tai-bien,C01,Điểm thi THPT,2021,25.35,31. Kinh tế vận tải biển
85337,HHA,kinh-te-van-tai-bien,D01,Điểm thi THPT,2021,25.35,31. Kinh tế vận tải biển
85338,HHA,kinh-te-van-tai-bien,A00,Điểm thi THPT,2022,25.25,Kinh tế vận tải biển
85339,HHA,kinh-te-van-tai-bien,A01,Điểm thi THPT,2022,25.25,Kinh tế vận tải biển
85340,HHA,kinh-te-van-tai-bien,C01,Điểm thi THPT,2022,25.25,Kinh tế vận tải biển
85341,HHA,kinh-te-van-tai-bien,D01,Điểm thi THPT,2022,25.25,Kinh tế vận tải biển
85342,HHA,kinh-te-van-tai-bien,A00,Điểm thi THPT,2023,24.5,Kinh tế vận tải biển
85343,HHA,kinh-te-van-tai-bien,A01,Điểm thi THPT,2023,24.5,Kinh tế vận tải biển
85344,HHA,kinh-te-van-tai-bien,C01,Điểm thi THPT,2023,24.5,Kinh tế vận tải biển
85345,HHA,kinh-te-van-tai-bien,D01,Điểm thi THPT,2023,24.5,Kinh tế vận tải biển
85346,HHA,kinh-te-van-tai-bien,A00,Điểm thi THPT,2024,25.5,Kinh tế vận tải biển
85347,HHA,kinh-te-van-tai-bien,A01,Điểm thi THPT,2024,25.5,Kinh tế vận tải biển
85348,HHA,kinh-te-van-tai-bien,C01,Điểm thi THPT,2024,25.5,Kinh tế vận tải biển
85349,HHA,kinh-te-van-tai-bien,D01,Điểm thi THPT,2024,25.5,Kinh tế vận tải biển
85350,HHA,kinh-te-van-tai-bien,A00,Điểm thi THPT,2025,21.42,Kinh tế vận tải biển (NC)
85351,HHA,kinh-te-van-tai-bien,A01,Điểm thi THPT,2025,23.7,Kinh tế vận tải biển
85352,HHA,kinh-te-van-tai-bien,C01,Điểm thi THPT,2025,24.1,Kinh tế vận tải biển
85353,HHA,kinh-te-van-tai-bien,C02,Điểm thi THPT,2025,21.42,Kinh tế vận tải biển (NC)
85354,HHA,kinh-te-van-tai-bien,C03,Điểm thi THPT,2025,23.99,Kinh tế vận tải biển
85355,HHA,kinh-te-van-tai-bien,C04,Điểm thi THPT,2025,24.01,Kinh tế vận tải biển
85356,HHA,kinh-te-van-tai-bien,D01,Điểm thi THPT,2025,23.7,Kinh tế vận tải biển
85357,HHA,kinh-te-van-tai-bien,D09,Điểm thi THPT,2025,23.58,Kinh tế vận tải biển
85358,HHA,kinh-te-van-tai-bien,X02,Điểm thi THPT,2025,21.6,Kinh tế vận tải biển (NC)
85359,HHA,kinh-te-van-tai-thuy,A00,Điểm thi THPT,2021,24.25,32. Kinh tế vận tải thủy
85360,HHA,kinh-te-van-tai-thuy,A01,Điểm thi THPT,2021,24.25,32. Kinh tế vận tải thủy
85361,HHA,kinh-te-van-tai-thuy,C01,Điểm thi THPT,2021,24.25,32. Kinh tế vận tải thủy
85362,HHA,kinh-te-van-tai-thuy,D01,Điểm thi THPT,2021,24.25,32. Kinh tế vận tải thủy
85363,HHA,kinh-te-van-tai-thuy,A00,Điểm thi THPT,2022,24.25,Kinh tế vận tải thủy
85364,HHA,kinh-te-van-tai-thuy,A01,Điểm thi THPT,2022,24.25,Kinh tế vận tải thủy
85365,HHA,kinh-te-van-tai-thuy,C01,Điểm thi THPT,2022,24.25,Kinh tế vận tải thủy
85366,HHA,kinh-te-van-tai-thuy,D01,Điểm thi THPT,2022,24.25,Kinh tế vận tải thủy
85367,HHA,kinh-te-van-tai-thuy,A00,Điểm thi THPT,2023,23.5,Kinh tế vận tải thủy
85368,HHA,kinh-te-van-tai-thuy,A01,Điểm thi THPT,2023,23.5,Kinh tế vận tải thủy
85369,HHA,kinh-te-van-tai-thuy,C01,Điểm thi THPT,2023,23.5,Kinh tế vận tải thủy
85370,HHA,kinh-te-van-tai-thuy,D01,Điểm thi THPT,2023,23.5,Kinh tế vận tải thủy
85371,HHA,kinh-te-van-tai-thuy,A00,Điểm thi THPT,2024,24.75,Kinh tế vận tải thủy
85372,HHA,kinh-te-van-tai-thuy,A01,Điểm thi THPT,2024,24.75,Kinh tế vận tải thủy
85373,HHA,kinh-te-van-tai-thuy,C01,Điểm thi THPT,2024,24.75,Kinh tế vận tải thủy
85374,HHA,kinh-te-van-tai-thuy,D01,Điểm thi THPT,2024,24.75,Kinh tế vận tải thủy
85375,HHA,kinh-te-van-tai-thuy,A01,Điểm thi THPT,2025,22.75,Kinh tế vận tải thủy
85376,HHA,kinh-te-van-tai-thuy,C01,Điểm thi THPT,2025,23.15,Kinh tế vận tải thủy
85377,HHA,kinh-te-van-tai-thuy,C03,Điểm thi THPT,2025,23.04,Kinh tế vận tải thủy
85378,HHA,kinh-te-van-tai-thuy,C04,Điểm thi THPT,2025,23.06,Kinh tế vận tải thủy
85379,HHA,kinh-te-van-tai-thuy,D01,Điểm thi THPT,2025,22.75,Kinh tế vận tải thủy
85380,HHA,kinh-te-van-tai-thuy,D09,Điểm thi THPT,2025,22.63,Kinh tế vận tải thủy
85381,HHA,ky-thuat-an-toan-hang-hai,A00,Điểm học bạ,2021,20.0,18. Kỹ thuật an toàn hàng hải
85382,HHA,ky-thuat-an-toan-hang-hai,A01,Điểm học bạ,2021,20.0,18. Kỹ thuật an toàn hàng hải
85383,HHA,ky-thuat-an-toan-hang-hai,C01,Điểm học bạ,2021,20.0,18. Kỹ thuật an toàn hàng hải
85384,HHA,ky-thuat-an-toan-hang-hai,D01,Điểm học bạ,2021,20.0,18. Kỹ thuật an toàn hàng hải
85385,HHA,ky-thuat-an-toan-hang-hai,A00,Điểm thi THPT,2021,17.0,18. Kỹ thuật an toàn hàng hải
85386,HHA,ky-thuat-an-toan-hang-hai,A01,Điểm thi THPT,2021,17.0,18. Kỹ thuật an toàn hàng hải
85387,HHA,ky-thuat-an-toan-hang-hai,C01,Điểm thi THPT,2021,17.0,18. Kỹ thuật an toàn hàng hải
85388,HHA,ky-thuat-an-toan-hang-hai,D01,Điểm thi THPT,2021,17.0,18. Kỹ thuật an toàn hàng hải
85389,HHA,ky-thuat-an-toan-hang-hai,A00,Điểm học bạ,2022,23.5,Kỹ thuật an toàn hàng hải
85390,HHA,ky-thuat-an-toan-hang-hai,A01,Điểm học bạ,2022,23.5,Kỹ thuật an toàn hàng hải
85391,HHA,ky-thuat-an-toan-hang-hai,C01,Điểm học bạ,2022,23.5,Kỹ thuật an toàn hàng hải
85392,HHA,ky-thuat-an-toan-hang-hai,D01,Điểm học bạ,2022,23.5,Kỹ thuật an toàn hàng hải
85393,HHA,ky-thuat-an-toan-hang-hai,A00,Điểm thi THPT,2022,18.0,Kỹ thuật an toàn hàng hải
85394,HHA,ky-thuat-an-toan-hang-hai,A01,Điểm thi THPT,2022,18.0,Kỹ thuật an toàn hàng hải
85395,HHA,ky-thuat-an-toan-hang-hai,C01,Điểm thi THPT,2022,18.0,Kỹ thuật an toàn hàng hải
85396,HHA,ky-thuat-an-toan-hang-hai,D01,Điểm thi THPT,2022,18.0,Kỹ thuật an toàn hàng hải
85397,HHA,ky-thuat-an-toan-hang-hai,A00,Điểm học bạ,2023,23.5,Kỹ thuật an toàn hàng hải
85398,HHA,ky-thuat-an-toan-hang-hai,A01,Điểm học bạ,2023,23.5,Kỹ thuật an toàn hàng hải
85399,HHA,ky-thuat-an-toan-hang-hai,C01,Điểm học bạ,2023,23.5,Kỹ thuật an toàn hàng hải
85400,HHA,ky-thuat-an-toan-hang-hai,D01,Điểm học bạ,2023,23.5,Kỹ thuật an toàn hàng hải
85401,HHA,ky-thuat-an-toan-hang-hai,A00,Điểm thi THPT,2023,20.0,Kỹ thuật an toàn hàng hải
85402,HHA,ky-thuat-an-toan-hang-hai,A01,Điểm thi THPT,2023,20.0,Kỹ thuật an toàn hàng hải
85403,HHA,ky-thuat-an-toan-hang-hai,C01,Điểm thi THPT,2023,20.0,Kỹ thuật an toàn hàng hải
85404,HHA,ky-thuat-an-toan-hang-hai,D01,Điểm thi THPT,2023,20.0,Kỹ thuật an toàn hàng hải
85405,HHA,ky-thuat-an-toan-hang-hai,A00,Điểm học bạ,2024,24.75,Kỹ thuật an toàn hàng hải
85406,HHA,ky-thuat-an-toan-hang-hai,A01,Điểm học bạ,2024,24.75,Kỹ thuật an toàn hàng hải
85407,HHA,ky-thuat-an-toan-hang-hai,C01,Điểm học bạ,2024,24.75,Kỹ thuật an toàn hàng hải
85408,HHA,ky-thuat-an-toan-hang-hai,D01,Điểm học bạ,2024,24.75,Kỹ thuật an toàn hàng hải
85409,HHA,ky-thuat-an-toan-hang-hai,A00,Điểm thi THPT,2024,21.5,Kỹ thuật an toàn hàng hải
85410,HHA,ky-thuat-an-toan-hang-hai,A01,Điểm thi THPT,2024,21.5,Kỹ thuật an toàn hàng hải
85411,HHA,ky-thuat-an-toan-hang-hai,C01,Điểm thi THPT,2024,21.5,Kỹ thuật an toàn hàng hải
85412,HHA,ky-thuat-an-toan-hang-hai,D01,Điểm thi THPT,2024,21.5,Kỹ thuật an toàn hàng hải
85413,HHA,ky-thuat-an-toan-hang-hai,A00,Điểm học bạ,2025,20.67,Kỹ thuật an toàn hàng hải
85414,HHA,ky-thuat-an-toan-hang-hai,A01,Điểm học bạ,2025,20.56,Kỹ thuật an toàn hàng hải
85415,HHA,ky-thuat-an-toan-hang-hai,C01,Điểm học bạ,2025,20.61,Kỹ thuật an toàn hàng hải
85416,HHA,ky-thuat-an-toan-hang-hai,C02,Điểm học bạ,2025,20.61,Kỹ thuật an toàn hàng hải
85417,HHA,ky-thuat-an-toan-hang-hai,D01,Điểm học bạ,2025,20.5,Kỹ thuật an toàn hàng hải
85418,HHA,ky-thuat-an-toan-hang-hai,X02,Điểm học bạ,2025,20.76,Kỹ thuật an toàn hàng hải
85419,HHA,ky-thuat-an-toan-hang-hai,A00,Điểm thi THPT,2025,20.67,Kỹ thuật an toàn hàng hải
85420,HHA,ky-thuat-an-toan-hang-hai,A01,Điểm thi THPT,2025,20.5,Kỹ thuật an toàn hàng hải
85421,HHA,ky-thuat-an-toan-hang-hai,C01,Điểm thi THPT,2025,20.9,Kỹ thuật an toàn hàng hải
85422,HHA,ky-thuat-an-toan-hang-hai,C02,Điểm thi THPT,2025,20.67,Kỹ thuật an toàn hàng hải
85423,HHA,ky-thuat-an-toan-hang-hai,D01,Điểm thi THPT,2025,20.5,Kỹ thuật an toàn hàng hải
85424,HHA,ky-thuat-an-toan-hang-hai,X02,Điểm thi THPT,2025,20.85,Kỹ thuật an toàn hàng hải
85425,HHA,ky-thuat-co-dien-tu,A00,Điểm học bạ,2021,24.0,13. Kỹ thuật cơ điện tử
85426,HHA,ky-thuat-co-dien-tu,A01,Điểm học bạ,2021,24.0,13. Kỹ thuật cơ điện tử
85427,HHA,ky-thuat-co-dien-tu,C01,Điểm học bạ,2021,24.0,13. Kỹ thuật cơ điện tử
85428,HHA,ky-thuat-co-dien-tu,D01,Điểm học bạ,2021,24.0,13. Kỹ thuật cơ điện tử
85429,HHA,ky-thuat-co-dien-tu,A00,Điểm thi THPT,2021,23.85,13. Kỹ thuật cơ điện tử
85430,HHA,ky-thuat-co-dien-tu,A01,Điểm thi THPT,2021,23.85,13. Kỹ thuật cơ điện tử
85431,HHA,ky-thuat-co-dien-tu,C01,Điểm thi THPT,2021,23.85,13. Kỹ thuật cơ điện tử
85432,HHA,ky-thuat-co-dien-tu,D01,Điểm thi THPT,2021,23.85,13. Kỹ thuật cơ điện tử
85433,HHA,ky-thuat-co-dien-tu,A00,Điểm học bạ,2022,25.75,Kỹ thuật cơ điện tử
85434,HHA,ky-thuat-co-dien-tu,A01,Điểm học bạ,2022,25.75,Kỹ thuật cơ điện tử
85435,HHA,ky-thuat-co-dien-tu,C01,Điểm học bạ,2022,25.75,Kỹ thuật cơ điện tử
85436,HHA,ky-thuat-co-dien-tu,D01,Điểm học bạ,2022,25.75,Kỹ thuật cơ điện tử
85437,HHA,ky-thuat-co-dien-tu,A00,Điểm thi THPT,2022,23.75,Kỹ thuật cơ điện tử
85438,HHA,ky-thuat-co-dien-tu,A01,Điểm thi THPT,2022,23.75,Kỹ thuật cơ điện tử
85439,HHA,ky-thuat-co-dien-tu,C01,Điểm thi THPT,2022,23.75,Kỹ thuật cơ điện tử
85440,HHA,ky-thuat-co-dien-tu,D01,Điểm thi THPT,2022,23.75,Kỹ thuật cơ điện tử
85441,HHA,ky-thuat-co-dien-tu,A00,Điểm học bạ,2023,25.75,Kỹ thuật cơ điện tử
85442,HHA,ky-thuat-co-dien-tu,A01,Điểm học bạ,2023,25.75,Kỹ thuật cơ điện tử
85443,HHA,ky-thuat-co-dien-tu,C01,Điểm học bạ,2023,25.75,Kỹ thuật cơ điện tử
85444,HHA,ky-thuat-co-dien-tu,D01,Điểm học bạ,2023,25.75,Kỹ thuật cơ điện tử
85445,HHA,ky-thuat-co-dien-tu,A00,Điểm thi THPT,2023,23.0,Kỹ thuật cơ điện tử
85446,HHA,ky-thuat-co-dien-tu,A01,Điểm thi THPT,2023,23.0,Kỹ thuật cơ điện tử
85447,HHA,ky-thuat-co-dien-tu,C01,Điểm thi THPT,2023,23.0,Kỹ thuật cơ điện tử
85448,HHA,ky-thuat-co-dien-tu,D01,Điểm thi THPT,2023,23.0,Kỹ thuật cơ điện tử
85449,HHA,ky-thuat-co-dien-tu,A00,Điểm học bạ,2024,26.5,Kỹ thuật cơ điện tử
85450,HHA,ky-thuat-co-dien-tu,A01,Điểm học bạ,2024,26.5,Kỹ thuật cơ điện tử
85451,HHA,ky-thuat-co-dien-tu,C01,Điểm học bạ,2024,26.5,Kỹ thuật cơ điện tử
85452,HHA,ky-thuat-co-dien-tu,D01,Điểm học bạ,2024,26.5,Kỹ thuật cơ điện tử
85453,HHA,ky-thuat-co-dien-tu,A00,Điểm thi THPT,2024,24.0,Kỹ thuật cơ điện tử
85454,HHA,ky-thuat-co-dien-tu,A01,Điểm thi THPT,2024,24.0,Kỹ thuật cơ điện tử
85455,HHA,ky-thuat-co-dien-tu,C01,Điểm thi THPT,2024,24.0,Kỹ thuật cơ điện tử
85456,HHA,ky-thuat-co-dien-tu,D01,Điểm thi THPT,2024,24.0,Kỹ thuật cơ điện tử
85457,HHA,ky-thuat-co-dien-tu,A00,Điểm học bạ,2025,22.92,Kỹ thuật Cơ điện tử
85458,HHA,ky-thuat-co-dien-tu,A01,Điểm học bạ,2025,22.81,Kỹ thuật Cơ điện tử
85459,HHA,ky-thuat-co-dien-tu,C01,Điểm học bạ,2025,22.86,Kỹ thuật Cơ điện tử
85460,HHA,ky-thuat-co-dien-tu,C02,Điểm học bạ,2025,22.86,Kỹ thuật Cơ điện tử
85461,HHA,ky-thuat-co-dien-tu,D01,Điểm học bạ,2025,22.75,Kỹ thuật Cơ điện tử
85462,HHA,ky-thuat-co-dien-tu,X02,Điểm học bạ,2025,23.01,Kỹ thuật Cơ điện tử
85463,HHA,ky-thuat-co-dien-tu,A00,Điểm thi THPT,2025,22.92,Kỹ thuật Cơ điện tử
85464,HHA,ky-thuat-co-dien-tu,A01,Điểm thi THPT,2025,22.75,Kỹ thuật Cơ điện tử
85465,HHA,ky-thuat-co-dien-tu,C01,Điểm thi THPT,2025,23.15,Kỹ thuật Cơ điện tử
85466,HHA,ky-thuat-co-dien-tu,C02,Điểm thi THPT,2025,22.92,Kỹ thuật Cơ điện tử
85467,HHA,ky-thuat-co-dien-tu,D01,Điểm thi THPT,2025,22.75,Kỹ thuật Cơ điện tử
85468,HHA,ky-thuat-co-dien-tu,X02,Điểm thi THPT,2025,23.1,Kỹ thuật Cơ điện tử
85469,HHA,ky-thuat-co-khi,A00,Điểm học bạ,2021,23.0,12. Kỹ thuật cơ khí
85470,HHA,ky-thuat-co-khi,A01,Điểm học bạ,2021,23.0,12. Kỹ thuật cơ khí
85471,HHA,ky-thuat-co-khi,C01,Điểm học bạ,2021,23.0,12. Kỹ thuật cơ khí
85472,HHA,ky-thuat-co-khi,D01,Điểm học bạ,2021,23.0,12. Kỹ thuật cơ khí
85473,HHA,ky-thuat-co-khi,A00,Điểm thi THPT,2021,23.0,12. Kỹ thuật cơ khí
85474,HHA,ky-thuat-co-khi,A01,Điểm thi THPT,2021,23.0,12. Kỹ thuật cơ khí
85475,HHA,ky-thuat-co-khi,C01,Điểm thi THPT,2021,23.0,12. Kỹ thuật cơ khí
85476,HHA,ky-thuat-co-khi,D01,Điểm thi THPT,2021,23.0,12. Kỹ thuật cơ khí
85477,HHA,ky-thuat-co-khi,A00,Điểm học bạ,2022,25.0,Kỹ thuật cơ khí
85478,HHA,ky-thuat-co-khi,A01,Điểm học bạ,2022,25.0,Kỹ thuật cơ khí
85479,HHA,ky-thuat-co-khi,C01,Điểm học bạ,2022,25.0,Kỹ thuật cơ khí
85480,HHA,ky-thuat-co-khi,D01,Điểm học bạ,2022,25.0,Kỹ thuật cơ khí
85481,HHA,ky-thuat-co-khi,A00,Điểm thi THPT,2022,22.75,Kỹ thuật cơ khí
85482,HHA,ky-thuat-co-khi,A01,Điểm thi THPT,2022,22.75,Kỹ thuật cơ khí
85483,HHA,ky-thuat-co-khi,C01,Điểm thi THPT,2022,22.75,Kỹ thuật cơ khí
85484,HHA,ky-thuat-co-khi,D01,Điểm thi THPT,2022,22.75,Kỹ thuật cơ khí
85485,HHA,ky-thuat-co-khi,A00,Điểm học bạ,2023,25.0,Kỹ thuật cơ khí
85486,HHA,ky-thuat-co-khi,A01,Điểm học bạ,2023,25.0,Kỹ thuật cơ khí
85487,HHA,ky-thuat-co-khi,C01,Điểm học bạ,2023,25.0,Kỹ thuật cơ khí
85488,HHA,ky-thuat-co-khi,D01,Điểm học bạ,2023,25.0,Kỹ thuật cơ khí
85489,HHA,ky-thuat-co-khi,A00,Điểm thi THPT,2023,21.5,Kỹ thuật cơ khí
85490,HHA,ky-thuat-co-khi,A01,Điểm thi THPT,2023,21.5,Kỹ thuật cơ khí
85491,HHA,ky-thuat-co-khi,C01,Điểm thi THPT,2023,21.5,Kỹ thuật cơ khí
85492,HHA,ky-thuat-co-khi,D01,Điểm thi THPT,2023,21.5,Kỹ thuật cơ khí
85493,HHA,ky-thuat-co-khi,A00,Điểm học bạ,2024,26.0,Kỹ thuật cơ khí
85494,HHA,ky-thuat-co-khi,A01,Điểm học bạ,2024,26.0,Kỹ thuật cơ khí
85495,HHA,ky-thuat-co-khi,C01,Điểm học bạ,2024,26.0,Kỹ thuật cơ khí
85496,HHA,ky-thuat-co-khi,D01,Điểm học bạ,2024,26.0,Kỹ thuật cơ khí
85497,HHA,ky-thuat-co-khi,A00,Điểm thi THPT,2024,22.75,Kỹ thuật cơ khí
85498,HHA,ky-thuat-co-khi,A01,Điểm thi THPT,2024,22.75,Kỹ thuật cơ khí
85499,HHA,ky-thuat-co-khi,C01,Điểm thi THPT,2024,22.75,Kỹ thuật cơ khí
85500,HHA,ky-thuat-co-khi,D01,Điểm thi THPT,2024,22.75,Kỹ thuật cơ khí
85501,HHA,ky-thuat-co-khi,A00,Điểm học bạ,2025,21.92,Kỹ thuật cơ khí
85502,HHA,ky-thuat-co-khi,A01,Điểm học bạ,2025,21.81,Kỹ thuật cơ khí
85503,HHA,ky-thuat-co-khi,C01,Điểm học bạ,2025,21.86,Kỹ thuật cơ khí
85504,HHA,ky-thuat-co-khi,C02,Điểm học bạ,2025,21.86,Kỹ thuật cơ khí
85505,HHA,ky-thuat-co-khi,D01,Điểm học bạ,2025,21.75,Kỹ thuật cơ khí
85506,HHA,ky-thuat-co-khi,X02,Điểm học bạ,2025,22.01,Kỹ thuật cơ khí
85507,HHA,ky-thuat-co-khi,A00,Điểm thi THPT,2025,21.92,Kỹ thuật cơ khí
85508,HHA,ky-thuat-co-khi,A01,Điểm thi THPT,2025,21.75,Kỹ thuật cơ khí
85509,HHA,ky-thuat-co-khi,C01,Điểm thi THPT,2025,22.15,Kỹ thuật cơ khí
85510,HHA,ky-thuat-co-khi,C02,Điểm thi THPT,2025,21.92,Kỹ thuật cơ khí
85511,HHA,ky-thuat-co-khi,D01,Điểm thi THPT,2025,21.75,Kỹ thuật cơ khí
85512,HHA,ky-thuat-co-khi,X02,Điểm thi THPT,2025,22.1,Kỹ thuật cơ khí
85513,HHA,ky-thuat-cong-nghe-hoa-hoc,A00,Điểm học bạ,2021,18.0,28. Kỹ thuật công nghệ hóa học
85514,HHA,ky-thuat-cong-nghe-hoa-hoc,A01,Điểm học bạ,2021,18.0,28. Kỹ thuật công nghệ hóa học
85515,HHA,ky-thuat-cong-nghe-hoa-hoc,D01,Điểm học bạ,2021,18.0,28. Kỹ thuật công nghệ hóa học
85516,HHA,ky-thuat-cong-nghe-hoa-hoc,D07,Điểm học bạ,2021,18.0,28. Kỹ thuật công nghệ hóa học
85517,HHA,ky-thuat-cong-nghe-hoa-hoc,A00,Điểm thi THPT,2021,14.0,28. Kỹ thuật công nghệ hóa học
85518,HHA,ky-thuat-cong-nghe-hoa-hoc,A01,Điểm thi THPT,2021,14.0,28. Kỹ thuật công nghệ hóa học
85519,HHA,ky-thuat-cong-nghe-hoa-hoc,D01,Điểm thi THPT,2021,14.0,28. Kỹ thuật công nghệ hóa học
85520,HHA,ky-thuat-cong-nghe-hoa-hoc,D07,Điểm thi THPT,2021,14.0,28. Kỹ thuật công nghệ hóa học
85521,HHA,ky-thuat-cong-nghe-hoa-hoc,A00,Điểm học bạ,2022,22.0,Kỹ thuật công nghệ hóa học
85522,HHA,ky-thuat-cong-nghe-hoa-hoc,A01,Điểm học bạ,2022,22.0,Kỹ thuật công nghệ hóa học
85523,HHA,ky-thuat-cong-nghe-hoa-hoc,D01,Điểm học bạ,2022,22.0,Kỹ thuật công nghệ hóa học
85524,HHA,ky-thuat-cong-nghe-hoa-hoc,D07,Điểm học bạ,2022,22.0,Kỹ thuật công nghệ hóa học
85525,HHA,ky-thuat-cong-nghe-hoa-hoc,A00,Điểm thi THPT,2022,17.0,Kỹ thuật công nghệ hóa học
85526,HHA,ky-thuat-cong-nghe-hoa-hoc,A01,Điểm thi THPT,2022,17.0,Kỹ thuật công nghệ hóa học
85527,HHA,ky-thuat-cong-nghe-hoa-hoc,D01,Điểm thi THPT,2022,17.0,Kỹ thuật công nghệ hóa học
85528,HHA,ky-thuat-cong-nghe-hoa-hoc,D07,Điểm thi THPT,2022,17.0,Kỹ thuật công nghệ hóa học
85529,HHA,ky-thuat-cong-nghe-hoa-hoc,A00,Điểm học bạ,2023,22.0,Kỹ thuật công nghệ hóa học
85530,HHA,ky-thuat-cong-nghe-hoa-hoc,A01,Điểm học bạ,2023,22.0,Kỹ thuật công nghệ hóa học
85531,HHA,ky-thuat-cong-nghe-hoa-hoc,D01,Điểm học bạ,2023,22.0,Kỹ thuật công nghệ hóa học
85532,HHA,ky-thuat-cong-nghe-hoa-hoc,D07,Điểm học bạ,2023,22.0,Kỹ thuật công nghệ hóa học
85533,HHA,ky-thuat-cong-nghe-hoa-hoc,A00,Điểm thi THPT,2023,19.0,Kỹ thuật công nghệ hóa học
85534,HHA,ky-thuat-cong-nghe-hoa-hoc,A01,Điểm thi THPT,2023,19.0,Kỹ thuật công nghệ hóa học
85535,HHA,ky-thuat-cong-nghe-hoa-hoc,D01,Điểm thi THPT,2023,19.0,Kỹ thuật công nghệ hóa học
85536,HHA,ky-thuat-cong-nghe-hoa-hoc,D07,Điểm thi THPT,2023,19.0,Kỹ thuật công nghệ hóa học
85537,HHA,ky-thuat-cong-nghe-hoa-hoc,A00,Điểm học bạ,2024,24.5,Kỹ thuật công nghệ hóa học
85538,HHA,ky-thuat-cong-nghe-hoa-hoc,A01,Điểm học bạ,2024,24.5,Kỹ thuật công nghệ hóa học
85539,HHA,ky-thuat-cong-nghe-hoa-hoc,D01,Điểm học bạ,2024,24.5,Kỹ thuật công nghệ hóa học
85540,HHA,ky-thuat-cong-nghe-hoa-hoc,D07,Điểm học bạ,2024,24.5,Kỹ thuật công nghệ hóa học
85541,HHA,ky-thuat-cong-nghe-hoa-hoc,A00,Điểm thi THPT,2024,20.5,Kỹ thuật công nghệ hóa học
85542,HHA,ky-thuat-cong-nghe-hoa-hoc,A01,Điểm thi THPT,2024,20.5,Kỹ thuật công nghệ hóa học
85543,HHA,ky-thuat-cong-nghe-hoa-hoc,D01,Điểm thi THPT,2024,20.5,Kỹ thuật công nghệ hóa học
85544,HHA,ky-thuat-cong-nghe-hoa-hoc,D07,Điểm thi THPT,2024,20.5,Kỹ thuật công nghệ hóa học
85545,HHA,ky-thuat-cong-nghe-hoa-hoc,A00,Điểm học bạ,2025,19.67,Kỹ thuật công nghệ hóa học
85546,HHA,ky-thuat-cong-nghe-hoa-hoc,A01,Điểm học bạ,2025,19.56,Kỹ thuật công nghệ hóa học
85547,HHA,ky-thuat-cong-nghe-hoa-hoc,C01,Điểm học bạ,2025,19.61,Kỹ thuật công nghệ hóa học
85548,HHA,ky-thuat-cong-nghe-hoa-hoc,C02,Điểm học bạ,2025,19.61,Kỹ thuật công nghệ hóa học
85549,HHA,ky-thuat-cong-nghe-hoa-hoc,D01,Điểm học bạ,2025,19.5,Kỹ thuật công nghệ hóa học
85550,HHA,ky-thuat-cong-nghe-hoa-hoc,X02,Điểm học bạ,2025,19.76,Kỹ thuật công nghệ hóa học
85551,HHA,ky-thuat-cong-nghe-hoa-hoc,A00,Điểm thi THPT,2025,19.67,Kỹ thuật công nghệ hóa học
85552,HHA,ky-thuat-cong-nghe-hoa-hoc,A01,Điểm thi THPT,2025,19.5,Kỹ thuật công nghệ hóa học
85553,HHA,ky-thuat-cong-nghe-hoa-hoc,C01,Điểm thi THPT,2025,19.9,Kỹ thuật công nghệ hóa học
85554,HHA,ky-thuat-cong-nghe-hoa-hoc,C02,Điểm thi THPT,2025,19.67,Kỹ thuật công nghệ hóa học
85555,HHA,ky-thuat-cong-nghe-hoa-hoc,D01,Điểm thi THPT,2025,19.5,Kỹ thuật công nghệ hóa học
85556,HHA,ky-thuat-cong-nghe-hoa-hoc,X02,Điểm thi THPT,2025,19.85,Kỹ thuật công nghệ hóa học
85557,HHA,ky-thuat-moi-truong,A00,Điểm học bạ,2021,21.0,27. Kỹ thuật môi trường
85558,HHA,ky-thuat-moi-truong,A01,Điểm học bạ,2021,21.0,27. Kỹ thuật môi trường
85559,HHA,ky-thuat-moi-truong,D01,Điểm học bạ,2021,21.0,27. Kỹ thuật môi trường
85560,HHA,ky-thuat-moi-truong,D07,Điểm học bạ,2021,21.0,27. Kỹ thuật môi trường
85561,HHA,ky-thuat-moi-truong,A00,Điểm thi THPT,2021,20.0,27. Kỹ thuật môi trường
85562,HHA,ky-thuat-moi-truong,A01,Điểm thi THPT,2021,20.0,27. Kỹ thuật môi trường
85563,HHA,ky-thuat-moi-truong,D01,Điểm thi THPT,2021,20.0,27. Kỹ thuật môi trường
85564,HHA,ky-thuat-moi-truong,D07,Điểm thi THPT,2021,20.0,27. Kỹ thuật môi trường
85565,HHA,ky-thuat-moi-truong,A00,Điểm học bạ,2022,24.0,Kỹ thuật môi trường
85566,HHA,ky-thuat-moi-truong,A01,Điểm học bạ,2022,24.0,Kỹ thuật môi trường
85567,HHA,ky-thuat-moi-truong,D01,Điểm học bạ,2022,24.0,Kỹ thuật môi trường
85568,HHA,ky-thuat-moi-truong,D07,Điểm học bạ,2022,24.0,Kỹ thuật môi trường
85569,HHA,ky-thuat-moi-truong,A00,Điểm thi THPT,2022,21.0,Kỹ thuật môi trường
85570,HHA,ky-thuat-moi-truong,A01,Điểm thi THPT,2022,21.0,Kỹ thuật môi trường
85571,HHA,ky-thuat-moi-truong,D01,Điểm thi THPT,2022,21.0,Kỹ thuật môi trường
85572,HHA,ky-thuat-moi-truong,D07,Điểm thi THPT,2022,21.0,Kỹ thuật môi trường
85573,HHA,ky-thuat-moi-truong,A00,Điểm học bạ,2023,24.0,Kỹ thuật môi trường
85574,HHA,ky-thuat-moi-truong,A01,Điểm học bạ,2023,24.0,Kỹ thuật môi trường
85575,HHA,ky-thuat-moi-truong,D01,Điểm học bạ,2023,24.0,Kỹ thuật môi trường
85576,HHA,ky-thuat-moi-truong,D07,Điểm học bạ,2023,24.0,Kỹ thuật môi trường
85577,HHA,ky-thuat-moi-truong,A00,Điểm thi THPT,2023,21.25,Kỹ thuật môi trường
85578,HHA,ky-thuat-moi-truong,A01,Điểm thi THPT,2023,21.25,Kỹ thuật môi trường
85579,HHA,ky-thuat-moi-truong,D01,Điểm thi THPT,2023,21.25,Kỹ thuật môi trường
85580,HHA,ky-thuat-moi-truong,D07,Điểm thi THPT,2023,21.25,Kỹ thuật môi trường
85581,HHA,ky-thuat-moi-truong,A00,Điểm học bạ,2024,25.0,Kỹ thuật môi trường
85582,HHA,ky-thuat-moi-truong,A01,Điểm học bạ,2024,25.0,Kỹ thuật môi trường
85583,HHA,ky-thuat-moi-truong,D01,Điểm học bạ,2024,25.0,Kỹ thuật môi trường
85584,HHA,ky-thuat-moi-truong,D07,Điểm học bạ,2024,25.0,Kỹ thuật môi trường
85585,HHA,ky-thuat-moi-truong,A00,Điểm thi THPT,2024,21.0,Kỹ thuật môi trường
85586,HHA,ky-thuat-moi-truong,A01,Điểm thi THPT,2024,21.0,Kỹ thuật môi trường
85587,HHA,ky-thuat-moi-truong,D01,Điểm thi THPT,2024,21.0,Kỹ thuật môi trường
85588,HHA,ky-thuat-moi-truong,D07,Điểm thi THPT,2024,21.0,Kỹ thuật môi trường
85589,HHA,ky-thuat-moi-truong,A00,Điểm học bạ,2025,20.92,Kỹ thuật môi trường
85590,HHA,ky-thuat-moi-truong,A01,Điểm học bạ,2025,20.81,Kỹ thuật môi trường
85591,HHA,ky-thuat-moi-truong,C01,Điểm học bạ,2025,20.86,Kỹ thuật môi trường
85592,HHA,ky-thuat-moi-truong,C02,Điểm học bạ,2025,20.86,Kỹ thuật môi trường
85593,HHA,ky-thuat-moi-truong,D01,Điểm học bạ,2025,20.75,Kỹ thuật môi trường
85594,HHA,ky-thuat-moi-truong,X02,Điểm học bạ,2025,21.01,Kỹ thuật môi trường
85595,HHA,ky-thuat-moi-truong,A00,Điểm thi THPT,2025,20.92,Kỹ thuật môi trường
85596,HHA,ky-thuat-moi-truong,A01,Điểm thi THPT,2025,20.75,Kỹ thuật môi trường
85597,HHA,ky-thuat-moi-truong,C01,Điểm thi THPT,2025,21.15,Kỹ thuật môi trường
85598,HHA,ky-thuat-moi-truong,C02,Điểm thi THPT,2025,20.92,Kỹ thuật môi trường
85599,HHA,ky-thuat-moi-truong,D01,Điểm thi THPT,2025,20.75,Kỹ thuật môi trường
85600,HHA,ky-thuat-moi-truong,X02,Điểm thi THPT,2025,21.1,Kỹ thuật môi trường
85601,HHA,ky-thuat-nhiet-lanh,A00,Điểm học bạ,2021,22.0,15. Kỹ thuật nhiệt lạnh
85602,HHA,ky-thuat-nhiet-lanh,A01,Điểm học bạ,2021,22.0,15. Kỹ thuật nhiệt lạnh
85603,HHA,ky-thuat-nhiet-lanh,C01,Điểm học bạ,2021,22.0,15. Kỹ thuật nhiệt lạnh
85604,HHA,ky-thuat-nhiet-lanh,D01,Điểm học bạ,2021,22.0,15. Kỹ thuật nhiệt lạnh
85605,HHA,ky-thuat-nhiet-lanh,A00,Điểm thi THPT,2021,22.25,15. Kỹ thuật nhiệt lạnh
85606,HHA,ky-thuat-nhiet-lanh,A01,Điểm thi THPT,2021,22.25,15. Kỹ thuật nhiệt lạnh
85607,HHA,ky-thuat-nhiet-lanh,C01,Điểm thi THPT,2021,22.25,15. Kỹ thuật nhiệt lạnh
85608,HHA,ky-thuat-nhiet-lanh,D01,Điểm thi THPT,2021,22.25,15. Kỹ thuật nhiệt lạnh
85609,HHA,ky-thuat-nhiet-lanh,A00,Điểm học bạ,2022,24.5,Kỹ thuật nhiệt lạnh
85610,HHA,ky-thuat-nhiet-lanh,A01,Điểm học bạ,2022,24.5,Kỹ thuật nhiệt lạnh
85611,HHA,ky-thuat-nhiet-lanh,C01,Điểm học bạ,2022,24.5,Kỹ thuật nhiệt lạnh
85612,HHA,ky-thuat-nhiet-lanh,D01,Điểm học bạ,2022,24.5,Kỹ thuật nhiệt lạnh
85613,HHA,ky-thuat-nhiet-lanh,A00,Điểm thi THPT,2022,22.25,Kỹ thuật nhiệt lạnh
85614,HHA,ky-thuat-nhiet-lanh,A01,Điểm thi THPT,2022,22.25,Kỹ thuật nhiệt lạnh
85615,HHA,ky-thuat-nhiet-lanh,C01,Điểm thi THPT,2022,22.25,Kỹ thuật nhiệt lạnh
85616,HHA,ky-thuat-nhiet-lanh,D01,Điểm thi THPT,2022,22.25,Kỹ thuật nhiệt lạnh
85617,HHA,ky-thuat-nhiet-lanh,A00,Điểm học bạ,2023,24.5,Kỹ thuật nhiệt lạnh
85618,HHA,ky-thuat-nhiet-lanh,A01,Điểm học bạ,2023,24.5,Kỹ thuật nhiệt lạnh
85619,HHA,ky-thuat-nhiet-lanh,C01,Điểm học bạ,2023,24.5,Kỹ thuật nhiệt lạnh
85620,HHA,ky-thuat-nhiet-lanh,D01,Điểm học bạ,2023,24.5,Kỹ thuật nhiệt lạnh
85621,HHA,ky-thuat-nhiet-lanh,A00,Điểm thi THPT,2023,21.75,Kỹ thuật nhiệt lạnh
85622,HHA,ky-thuat-nhiet-lanh,A01,Điểm thi THPT,2023,21.75,Kỹ thuật nhiệt lạnh
85623,HHA,ky-thuat-nhiet-lanh,C01,Điểm thi THPT,2023,21.75,Kỹ thuật nhiệt lạnh
85624,HHA,ky-thuat-nhiet-lanh,D01,Điểm thi THPT,2023,21.75,Kỹ thuật nhiệt lạnh
85625,HHA,ky-thuat-nhiet-lanh,A00,Điểm học bạ,2024,25.5,Kỹ thuật nhiệt lạnh
85626,HHA,ky-thuat-nhiet-lanh,A01,Điểm học bạ,2024,25.5,Kỹ thuật nhiệt lạnh
85627,HHA,ky-thuat-nhiet-lanh,C01,Điểm học bạ,2024,25.5,Kỹ thuật nhiệt lạnh
85628,HHA,ky-thuat-nhiet-lanh,D01,Điểm học bạ,2024,25.5,Kỹ thuật nhiệt lạnh
85629,HHA,ky-thuat-nhiet-lanh,A00,Điểm thi THPT,2024,22.5,Kỹ thuật nhiệt lạnh
85630,HHA,ky-thuat-nhiet-lanh,A01,Điểm thi THPT,2024,22.5,Kỹ thuật nhiệt lạnh
85631,HHA,ky-thuat-nhiet-lanh,C01,Điểm thi THPT,2024,22.5,Kỹ thuật nhiệt lạnh
85632,HHA,ky-thuat-nhiet-lanh,D01,Điểm thi THPT,2024,22.5,Kỹ thuật nhiệt lạnh
85633,HHA,ky-thuat-nhiet-lanh,A00,Điểm học bạ,2025,20.67,Kỹ thuật nhiệt lạnh
85634,HHA,ky-thuat-nhiet-lanh,A01,Điểm học bạ,2025,20.56,Kỹ thuật nhiệt lạnh
85635,HHA,ky-thuat-nhiet-lanh,C01,Điểm học bạ,2025,20.61,Kỹ thuật nhiệt lạnh
85636,HHA,ky-thuat-nhiet-lanh,C02,Điểm học bạ,2025,20.61,Kỹ thuật nhiệt lạnh
85637,HHA,ky-thuat-nhiet-lanh,D01,Điểm học bạ,2025,20.5,Kỹ thuật nhiệt lạnh
85638,HHA,ky-thuat-nhiet-lanh,X02,Điểm học bạ,2025,20.76,Kỹ thuật nhiệt lạnh
85639,HHA,ky-thuat-nhiet-lanh,A00,Điểm thi THPT,2025,20.67,Kỹ thuật nhiệt lạnh
85640,HHA,ky-thuat-nhiet-lanh,A01,Điểm thi THPT,2025,20.5,Kỹ thuật nhiệt lạnh
85641,HHA,ky-thuat-nhiet-lanh,C01,Điểm thi THPT,2025,20.9,Kỹ thuật nhiệt lạnh
85642,HHA,ky-thuat-nhiet-lanh,C02,Điểm thi THPT,2025,20.67,Kỹ thuật nhiệt lạnh
85643,HHA,ky-thuat-nhiet-lanh,D01,Điểm thi THPT,2025,20.5,Kỹ thuật nhiệt lạnh
85644,HHA,ky-thuat-nhiet-lanh,X02,Điểm thi THPT,2025,20.85,Kỹ thuật nhiệt lạnh
85645,HHA,ky-thuat-o-to,A00,Điểm học bạ,2021,26.0,14. Kỹ thuật ô tô
85646,HHA,ky-thuat-o-to,A01,Điểm học bạ,2021,26.0,14. Kỹ thuật ô tô
85647,HHA,ky-thuat-o-to,C01,Điểm học bạ,2021,26.0,14. Kỹ thuật ô tô
85648,HHA,ky-thuat-o-to,D01,Điểm học bạ,2021,26.0,14. Kỹ thuật ô tô
85649,HHA,ky-thuat-o-to,A00,Điểm thi THPT,2021,24.75,14. Kỹ thuật ô tô
85650,HHA,ky-thuat-o-to,A01,Điểm thi THPT,2021,24.75,14. Kỹ thuật ô tô
85651,HHA,ky-thuat-o-to,C01,Điểm thi THPT,2021,24.75,14. Kỹ thuật ô tô
85652,HHA,ky-thuat-o-to,D01,Điểm thi THPT,2021,24.75,14. Kỹ thuật ô tô
85653,HHA,ky-thuat-o-to,A00,Điểm học bạ,2022,27.25,Kỹ thuật ô tô
85654,HHA,ky-thuat-o-to,A01,Điểm học bạ,2022,27.25,Kỹ thuật ô tô
85655,HHA,ky-thuat-o-to,C01,Điểm học bạ,2022,27.25,Kỹ thuật ô tô
85656,HHA,ky-thuat-o-to,D01,Điểm học bạ,2022,27.25,Kỹ thuật ô tô
85657,HHA,ky-thuat-o-to,A00,Điểm thi THPT,2022,24.25,Kỹ thuật ô tô
85658,HHA,ky-thuat-o-to,A01,Điểm thi THPT,2022,24.25,Kỹ thuật ô tô
85659,HHA,ky-thuat-o-to,C01,Điểm thi THPT,2022,24.25,Kỹ thuật ô tô
85660,HHA,ky-thuat-o-to,D01,Điểm thi THPT,2022,24.25,Kỹ thuật ô tô
85661,HHA,ky-thuat-o-to,A00,Điểm học bạ,2023,27.25,Kỹ thuật ô tô
85662,HHA,ky-thuat-o-to,A01,Điểm học bạ,2023,27.25,Kỹ thuật ô tô
85663,HHA,ky-thuat-o-to,C01,Điểm học bạ,2023,27.25,Kỹ thuật ô tô
85664,HHA,ky-thuat-o-to,D01,Điểm học bạ,2023,27.25,Kỹ thuật ô tô
85665,HHA,ky-thuat-o-to,A00,Điểm thi THPT,2023,24.0,Kỹ thuật ô tô
85666,HHA,ky-thuat-o-to,A01,Điểm thi THPT,2023,24.0,Kỹ thuật ô tô
85667,HHA,ky-thuat-o-to,C01,Điểm thi THPT,2023,24.0,Kỹ thuật ô tô
85668,HHA,ky-thuat-o-to,D01,Điểm thi THPT,2023,24.0,Kỹ thuật ô tô
85669,HHA,ky-thuat-o-to,A00,Điểm học bạ,2024,27.0,Kỹ thuật ô tô
85670,HHA,ky-thuat-o-to,A01,Điểm học bạ,2024,27.0,Kỹ thuật ô tô
85671,HHA,ky-thuat-o-to,C01,Điểm học bạ,2024,27.0,Kỹ thuật ô tô
85672,HHA,ky-thuat-o-to,D01,Điểm học bạ,2024,27.0,Kỹ thuật ô tô
85673,HHA,ky-thuat-o-to,A00,Điểm thi THPT,2024,24.5,Kỹ thuật ô tô
85674,HHA,ky-thuat-o-to,A01,Điểm thi THPT,2024,24.5,Kỹ thuật ô tô
85675,HHA,ky-thuat-o-to,C01,Điểm thi THPT,2024,24.5,Kỹ thuật ô tô
85676,HHA,ky-thuat-o-to,D01,Điểm thi THPT,2024,24.5,Kỹ thuật ô tô
85677,HHA,ky-thuat-o-to,A00,Điểm học bạ,2025,22.67,Kỹ thuật ô tô
85678,HHA,ky-thuat-o-to,A01,Điểm học bạ,2025,22.56,Kỹ thuật ô tô
85679,HHA,ky-thuat-o-to,C01,Điểm học bạ,2025,22.61,Kỹ thuật ô tô
85680,HHA,ky-thuat-o-to,C02,Điểm học bạ,2025,22.61,Kỹ thuật ô tô
85681,HHA,ky-thuat-o-to,D01,Điểm học bạ,2025,22.5,Kỹ thuật ô tô
85682,HHA,ky-thuat-o-to,X02,Điểm học bạ,2025,22.76,Kỹ thuật ô tô
85683,HHA,ky-thuat-o-to,A00,Điểm thi THPT,2025,22.67,Kỹ thuật ô tô
85684,HHA,ky-thuat-o-to,A01,Điểm thi THPT,2025,22.5,Kỹ thuật ô tô
85685,HHA,ky-thuat-o-to,C01,Điểm thi THPT,2025,22.9,Kỹ thuật ô tô
85686,HHA,ky-thuat-o-to,C02,Điểm thi THPT,2025,22.67,Kỹ thuật ô tô
85687,HHA,ky-thuat-o-to,D01,Điểm thi THPT,2025,22.5,Kỹ thuật ô tô
85688,HHA,ky-thuat-o-to,X02,Điểm thi THPT,2025,22.85,Kỹ thuật ô tô
85689,HHA,ky-thuat-truyen-thong-mang-may-tinh,A00,Điểm học bạ,2021,24.5,25. Kỹ thuật truyền thông & mạng máy tính
85690,HHA,ky-thuat-truyen-thong-mang-may-tinh,A01,Điểm học bạ,2021,24.5,25. Kỹ thuật truyền thông & mạng máy tính
85691,HHA,ky-thuat-truyen-thong-mang-may-tinh,C01,Điểm học bạ,2021,24.5,25. Kỹ thuật truyền thông & mạng máy tính
85692,HHA,ky-thuat-truyen-thong-mang-may-tinh,D01,Điểm học bạ,2021,24.5,25. Kỹ thuật truyền thông & mạng máy tính
85693,HHA,ky-thuat-truyen-thong-mang-may-tinh,A00,Điểm thi THPT,2021,23.75,25. Kỹ thuật truyền thông & mạng máy tính
85694,HHA,ky-thuat-truyen-thong-mang-may-tinh,A01,Điểm thi THPT,2021,23.75,25. Kỹ thuật truyền thông & mạng máy tính
85695,HHA,ky-thuat-truyen-thong-mang-may-tinh,C01,Điểm thi THPT,2021,23.75,25. Kỹ thuật truyền thông & mạng máy tính
85696,HHA,ky-thuat-truyen-thong-mang-may-tinh,D01,Điểm thi THPT,2021,23.75,25. Kỹ thuật truyền thông & mạng máy tính
85697,HHA,ky-thuat-truyen-thong-mang-may-tinh,A00,Điểm học bạ,2022,26.5,Kỹ thuật truyền thông & mạng máy tính
85698,HHA,ky-thuat-truyen-thong-mang-may-tinh,A01,Điểm học bạ,2022,26.5,Kỹ thuật truyền thông & mạng máy tính
85699,HHA,ky-thuat-truyen-thong-mang-may-tinh,C01,Điểm học bạ,2022,26.5,Kỹ thuật truyền thông & mạng máy tính
85700,HHA,ky-thuat-truyen-thong-mang-may-tinh,D01,Điểm học bạ,2022,26.5,Kỹ thuật truyền thông & mạng máy tính
85701,HHA,ky-thuat-truyen-thong-mang-may-tinh,A00,Điểm thi THPT,2022,23.25,Kỹ thuật truyền thông & mạng máy tính
85702,HHA,ky-thuat-truyen-thong-mang-may-tinh,A01,Điểm thi THPT,2022,23.25,Kỹ thuật truyền thông & mạng máy tính
85703,HHA,ky-thuat-truyen-thong-mang-may-tinh,C01,Điểm thi THPT,2022,23.25,Kỹ thuật truyền thông & mạng máy tính
85704,HHA,ky-thuat-truyen-thong-mang-may-tinh,D01,Điểm thi THPT,2022,23.25,Kỹ thuật truyền thông & mạng máy tính
85705,HHA,ky-thuat-truyen-thong-mang-may-tinh,A00,Điểm học bạ,2023,26.5,Kỹ thuật truyền thông & mạng máy tính
85706,HHA,ky-thuat-truyen-thong-mang-may-tinh,A01,Điểm học bạ,2023,26.5,Kỹ thuật truyền thông & mạng máy tính
85707,HHA,ky-thuat-truyen-thong-mang-may-tinh,C01,Điểm học bạ,2023,26.5,Kỹ thuật truyền thông & mạng máy tính
85708,HHA,ky-thuat-truyen-thong-mang-may-tinh,D01,Điểm học bạ,2023,26.5,Kỹ thuật truyền thông & mạng máy tính
85709,HHA,ky-thuat-truyen-thong-mang-may-tinh,A00,Điểm thi THPT,2023,22.5,Kỹ thuật truyền thông & mạng máy tính
85710,HHA,ky-thuat-truyen-thong-mang-may-tinh,A01,Điểm thi THPT,2023,22.5,Kỹ thuật truyền thông & mạng máy tính
85711,HHA,ky-thuat-truyen-thong-mang-may-tinh,C01,Điểm thi THPT,2023,22.5,Kỹ thuật truyền thông & mạng máy tính
85712,HHA,ky-thuat-truyen-thong-mang-may-tinh,D01,Điểm thi THPT,2023,22.5,Kỹ thuật truyền thông & mạng máy tính
85713,HHA,ky-thuat-truyen-thong-mang-may-tinh,A00,Điểm học bạ,2024,26.75,Kỹ thuật truyền thông & mạng máy tính
85714,HHA,ky-thuat-truyen-thong-mang-may-tinh,A01,Điểm học bạ,2024,26.75,Kỹ thuật truyền thông & mạng máy tính
85715,HHA,ky-thuat-truyen-thong-mang-may-tinh,C01,Điểm học bạ,2024,26.75,Kỹ thuật truyền thông & mạng máy tính
85716,HHA,ky-thuat-truyen-thong-mang-may-tinh,D01,Điểm học bạ,2024,26.75,Kỹ thuật truyền thông & mạng máy tính
85717,HHA,ky-thuat-truyen-thong-mang-may-tinh,A00,Điểm thi THPT,2024,23.25,Kỹ thuật truyền thông & mạng máy tính
85718,HHA,ky-thuat-truyen-thong-mang-may-tinh,A01,Điểm thi THPT,2024,23.25,Kỹ thuật truyền thông & mạng máy tính
85719,HHA,ky-thuat-truyen-thong-mang-may-tinh,C01,Điểm thi THPT,2024,23.25,Kỹ thuật truyền thông & mạng máy tính
85720,HHA,ky-thuat-truyen-thong-mang-may-tinh,D01,Điểm thi THPT,2024,23.25,Kỹ thuật truyền thông & mạng máy tính
85721,HHA,ky-thuat-truyen-thong-va-mang-may-tinh,A00,Điểm học bạ,2025,21.67,Kỹ thuật truyền thông và mạng máy tính
85722,HHA,ky-thuat-truyen-thong-va-mang-may-tinh,A01,Điểm học bạ,2025,21.56,Kỹ thuật truyền thông và mạng máy tính
85723,HHA,ky-thuat-truyen-thong-va-mang-may-tinh,C01,Điểm học bạ,2025,21.61,Kỹ thuật truyền thông và mạng máy tính
85724,HHA,ky-thuat-truyen-thong-va-mang-may-tinh,C02,Điểm học bạ,2025,21.61,Kỹ thuật truyền thông và mạng máy tính
85725,HHA,ky-thuat-truyen-thong-va-mang-may-tinh,D01,Điểm học bạ,2025,21.5,Kỹ thuật truyền thông và mạng máy tính
85726,HHA,ky-thuat-truyen-thong-va-mang-may-tinh,X02,Điểm học bạ,2025,21.76,Kỹ thuật truyền thông và mạng máy tính
85727,HHA,ky-thuat-truyen-thong-va-mang-may-tinh,A00,Điểm thi THPT,2025,21.67,Kỹ thuật truyền thông và mạng máy tính
85728,HHA,ky-thuat-truyen-thong-va-mang-may-tinh,A01,Điểm thi THPT,2025,21.5,Kỹ thuật truyền thông và mạng máy tính
85729,HHA,ky-thuat-truyen-thong-va-mang-may-tinh,C01,Điểm thi THPT,2025,21.9,Kỹ thuật truyền thông và mạng máy tính
85730,HHA,ky-thuat-truyen-thong-va-mang-may-tinh,C02,Điểm thi THPT,2025,21.67,Kỹ thuật truyền thông và mạng máy tính
85731,HHA,ky-thuat-truyen-thong-va-mang-may-tinh,D01,Điểm thi THPT,2025,21.5,Kỹ thuật truyền thông và mạng máy tính
85732,HHA,ky-thuat-truyen-thong-va-mang-may-tinh,X02,Điểm thi THPT,2025,21.85,Kỹ thuật truyền thông và mạng máy tính
85733,HHA,logistics-chuoi-cung-ung,A00,Điểm thi THPT,2021,26.25,33. Logistics & chuỗi cung ứng
85734,HHA,logistics-chuoi-cung-ung,A01,Điểm thi THPT,2021,26.25,33. Logistics & chuỗi cung ứng
85735,HHA,logistics-chuoi-cung-ung,C01,Điểm thi THPT,2021,26.25,33. Logistics & chuỗi cung ứng
85736,HHA,logistics-chuoi-cung-ung,D01,Điểm thi THPT,2021,26.25,33. Logistics & chuỗi cung ứng
85737,HHA,logistics-chuoi-cung-ung,A00,Điểm thi THPT,2022,26.25,Logistics & chuỗi cung ứng
85738,HHA,logistics-chuoi-cung-ung,A01,Điểm thi THPT,2022,26.25,Logistics & chuỗi cung ứng
85739,HHA,logistics-chuoi-cung-ung,C01,Điểm thi THPT,2022,26.25,Logistics & chuỗi cung ứng
85740,HHA,logistics-chuoi-cung-ung,D01,Điểm thi THPT,2022,26.25,Logistics & chuỗi cung ứng
85741,HHA,logistics-chuoi-cung-ung,A00,Điểm thi THPT,2023,25.75,Logistics & chuỗi cung ứng
85742,HHA,logistics-chuoi-cung-ung,A01,Điểm thi THPT,2023,25.75,Logistics & chuỗi cung ứng
85743,HHA,logistics-chuoi-cung-ung,C01,Điểm thi THPT,2023,25.75,Logistics & chuỗi cung ứng
85744,HHA,logistics-chuoi-cung-ung,D01,Điểm thi THPT,2023,25.75,Logistics & chuỗi cung ứng
85745,HHA,logistics-chuoi-cung-ung,A00,Điểm thi THPT,2024,26.25,Logistics & chuỗi cung ứng
85746,HHA,logistics-chuoi-cung-ung,A01,Điểm thi THPT,2024,26.25,Logistics & chuỗi cung ứng
85747,HHA,logistics-chuoi-cung-ung,C01,Điểm thi THPT,2024,26.25,Logistics & chuỗi cung ứng
85748,HHA,logistics-chuoi-cung-ung,D01,Điểm thi THPT,2024,26.25,Logistics & chuỗi cung ứng
85749,HHA,logistics-va-chuoi-cung-ung,A01,Điểm thi THPT,2025,25.0,Logistics và chuỗi cung ứng
85750,HHA,logistics-va-chuoi-cung-ung,C01,Điểm thi THPT,2025,25.4,Logistics và chuỗi cung ứng
85751,HHA,logistics-va-chuoi-cung-ung,C03,Điểm thi THPT,2025,25.29,Logistics và chuỗi cung ứng
85752,HHA,logistics-va-chuoi-cung-ung,C04,Điểm thi THPT,2025,25.31,Logistics và chuỗi cung ứng
85753,HHA,logistics-va-chuoi-cung-ung,D01,Điểm thi THPT,2025,25.0,Logistics và chuỗi cung ứng
85754,HHA,logistics-va-chuoi-cung-ung,D09,Điểm thi THPT,2025,24.88,Logistics và chuỗi cung ứng
85755,HHA,luat-hang-hai,A00,Điểm thi THPT,2021,23.65,38. Luật hàng hải
85756,HHA,luat-hang-hai,A01,Điểm thi THPT,2021,23.65,38. Luật hàng hải
85757,HHA,luat-hang-hai,C01,Điểm thi THPT,2021,23.65,38. Luật hàng hải
85758,HHA,luat-hang-hai,D01,Điểm thi THPT,2021,23.65,38. Luật hàng hải
85759,HHA,luat-hang-hai,A00,Điểm thi THPT,2022,23.25,Luật hàng hải
85760,HHA,luat-hang-hai,A01,Điểm thi THPT,2022,23.25,Luật hàng hải
85761,HHA,luat-hang-hai,C01,Điểm thi THPT,2022,23.25,Luật hàng hải
85762,HHA,luat-hang-hai,D01,Điểm thi THPT,2022,23.25,Luật hàng hải
85763,HHA,luat-hang-hai,A00,Điểm thi THPT,2023,22.5,Luật hàng hải
85764,HHA,luat-hang-hai,A01,Điểm thi THPT,2023,22.5,Luật hàng hải
85765,HHA,luat-hang-hai,C01,Điểm thi THPT,2023,22.5,Luật hàng hải
85766,HHA,luat-hang-hai,D01,Điểm thi THPT,2023,22.5,Luật hàng hải
85767,HHA,luat-hang-hai,A00,Điểm thi THPT,2024,23.5,Luật hàng hải
85768,HHA,luat-hang-hai,A01,Điểm thi THPT,2024,23.5,Luật hàng hải
85769,HHA,luat-hang-hai,C01,Điểm thi THPT,2024,23.5,Luật hàng hải
85770,HHA,luat-hang-hai,D01,Điểm thi THPT,2024,23.5,Luật hàng hải
85771,HHA,luat-hang-hai,A00,Điểm thi THPT,2025,23.42,Luật hàng hải
85772,HHA,luat-hang-hai,A01,Điểm thi THPT,2025,23.25,Luật hàng hải
85773,HHA,luat-hang-hai,C01,Điểm thi THPT,2025,23.65,Luật hàng hải
85774,HHA,luat-hang-hai,C02,Điểm thi THPT,2025,23.42,Luật hàng hải
85775,HHA,luat-hang-hai,D01,Điểm thi THPT,2025,23.25,Luật hàng hải
85776,HHA,luat-hang-hai,X02,Điểm thi THPT,2025,23.6,Luật hàng hải
85777,HHA,luat-kinh-doanh,A00,Điểm thi THPT,2024,23.0,Luật kinh doanh
85778,HHA,luat-kinh-doanh,A01,Điểm thi THPT,2024,23.0,Luật kinh doanh
85779,HHA,luat-kinh-doanh,C01,Điểm thi THPT,2024,23.0,Luật kinh doanh
85780,HHA,luat-kinh-doanh,D01,Điểm thi THPT,2024,23.0,Luật kinh doanh
85781,HHA,luat-kinh-doanh,C00,Điểm thi THPT,2025,23.75,Luật kinh doanh
85782,HHA,luat-kinh-doanh,C03,Điểm thi THPT,2025,23.29,Luật kinh doanh
85783,HHA,luat-kinh-doanh,C04,Điểm thi THPT,2025,23.31,Luật kinh doanh
85784,HHA,luat-kinh-doanh,D01,Điểm thi THPT,2025,23.0,Luật kinh doanh
85785,HHA,luat-kinh-doanh,D14,Điểm thi THPT,2025,23.44,Luật kinh doanh
85786,HHA,luat-kinh-doanh,D15,Điểm thi THPT,2025,23.46,Luật kinh doanh
85787,HHA,may-tau-thuy,A00,Điểm học bạ,2021,18.0,8. Máy tàu thủy
85788,HHA,may-tau-thuy,A01,Điểm học bạ,2021,18.0,8. Máy tàu thủy
85789,HHA,may-tau-thuy,C01,Điểm học bạ,2021,18.0,8. Máy tàu thủy
85790,HHA,may-tau-thuy,D01,Điểm học bạ,2021,18.0,8. Máy tàu thủy
85791,HHA,may-tau-thuy,A00,Điểm thi THPT,2021,18.0,8. Máy tàu thủy
85792,HHA,may-tau-thuy,A01,Điểm thi THPT,2021,18.0,8. Máy tàu thủy
85793,HHA,may-tau-thuy,C01,Điểm thi THPT,2021,18.0,8. Máy tàu thủy
85794,HHA,may-tau-thuy,D01,Điểm thi THPT,2021,18.0,8. Máy tàu thủy
85795,HHA,may-tau-thuy,A00,Điểm học bạ,2022,22.0,Máy tàu thủy
85796,HHA,may-tau-thuy,A01,Điểm học bạ,2022,22.0,Máy tàu thủy
85797,HHA,may-tau-thuy,C01,Điểm học bạ,2022,22.0,Máy tàu thủy
85798,HHA,may-tau-thuy,D01,Điểm học bạ,2022,22.0,Máy tàu thủy
85799,HHA,may-tau-thuy,A00,Điểm thi THPT,2022,18.0,Máy tàu thủy
85800,HHA,may-tau-thuy,A01,Điểm thi THPT,2022,18.0,Máy tàu thủy
85801,HHA,may-tau-thuy,C01,Điểm thi THPT,2022,18.0,Máy tàu thủy
85802,HHA,may-tau-thuy,D01,Điểm thi THPT,2022,18.0,Máy tàu thủy
85803,HHA,may-tau-thuy,A00,Điểm thi THPT,2023,21.0,Máy tàu thủy
85804,HHA,may-tau-thuy,A01,Điểm thi THPT,2023,21.0,Máy tàu thủy
85805,HHA,may-tau-thuy,C01,Điểm thi THPT,2023,21.0,Máy tàu thủy
85806,HHA,may-tau-thuy,D01,Điểm thi THPT,2023,21.0,Máy tàu thủy
85807,HHA,may-tau-thuy,A00,Điểm học bạ,2024,23.5,Máy tàu thủy
85808,HHA,may-tau-thuy,A01,Điểm học bạ,2024,23.5,Máy tàu thủy
85809,HHA,may-tau-thuy,C01,Điểm học bạ,2024,23.5,Máy tàu thủy
85810,HHA,may-tau-thuy,D01,Điểm học bạ,2024,23.5,Máy tàu thủy
85811,HHA,may-tau-thuy,A00,Điểm thi THPT,2024,22.5,Máy tàu thủy
85812,HHA,may-tau-thuy,A01,Điểm thi THPT,2024,22.5,Máy tàu thủy
85813,HHA,may-tau-thuy,C01,Điểm thi THPT,2024,22.5,Máy tàu thủy
85814,HHA,may-tau-thuy,D01,Điểm thi THPT,2024,22.5,Máy tàu thủy
85815,HHA,may-tau-thuy,A00,Điểm học bạ,2025,22.92,Máy tàu thủy
85816,HHA,may-tau-thuy,A01,Điểm học bạ,2025,22.81,Máy tàu thủy
85817,HHA,may-tau-thuy,C01,Điểm học bạ,2025,22.86,Máy tàu thủy
85818,HHA,may-tau-thuy,C02,Điểm học bạ,2025,22.86,Máy tàu thủy
85819,HHA,may-tau-thuy,D01,Điểm học bạ,2025,20.5,Máy tàu thủy
85820,HHA,may-tau-thuy,X02,Điểm học bạ,2025,20.76,Máy tàu thủy
85821,HHA,may-tau-thuy,A00,Điểm thi THPT,2025,20.67,Máy tàu thủy
85822,HHA,may-tau-thuy,A01,Điểm thi THPT,2025,20.5,Máy tàu thủy
85823,HHA,may-tau-thuy,C01,Điểm thi THPT,2025,20.9,Máy tàu thủy
85824,HHA,may-tau-thuy,C02,Điểm thi THPT,2025,20.67,Máy tàu thủy
85825,HHA,may-tau-thuy,D01,Điểm thi THPT,2025,20.5,Máy tàu thủy
85826,HHA,may-tau-thuy,X02,Điểm thi THPT,2025,20.85,Máy tàu thủy
85827,HHA,may-tu-dong-cong-nghiep,A00,Điểm học bạ,2021,21.0,16. Máy & tự động công nghiệp
85828,HHA,may-tu-dong-cong-nghiep,A01,Điểm học bạ,2021,21.0,16. Máy & tự động công nghiệp
85829,HHA,may-tu-dong-cong-nghiep,C01,Điểm học bạ,2021,21.0,16. Máy & tự động công nghiệp
85830,HHA,may-tu-dong-cong-nghiep,D01,Điểm học bạ,2021,21.0,16. Máy & tự động công nghiệp
85831,HHA,may-tu-dong-cong-nghiep,A00,Điểm thi THPT,2021,21.35,16. Máy & tự động công nghiệp
85832,HHA,may-tu-dong-cong-nghiep,A01,Điểm thi THPT,2021,21.35,16. Máy & tự động công nghiệp
85833,HHA,may-tu-dong-cong-nghiep,C01,Điểm thi THPT,2021,21.35,16. Máy & tự động công nghiệp
85834,HHA,may-tu-dong-cong-nghiep,D01,Điểm thi THPT,2021,21.35,16. Máy & tự động công nghiệp
85835,HHA,may-tu-dong-cong-nghiep,A00,Điểm học bạ,2022,24.0,Máy & tự động công nghiệp
85836,HHA,may-tu-dong-cong-nghiep,A01,Điểm học bạ,2022,24.0,Máy & tự động công nghiệp
85837,HHA,may-tu-dong-cong-nghiep,C01,Điểm học bạ,2022,24.0,Máy & tự động công nghiệp
85838,HHA,may-tu-dong-cong-nghiep,D01,Điểm học bạ,2022,24.0,Máy & tự động công nghiệp
85839,HHA,may-tu-dong-cong-nghiep,A00,Điểm thi THPT,2022,22.5,Máy & tự động công nghiệp
85840,HHA,may-tu-dong-cong-nghiep,A01,Điểm thi THPT,2022,22.5,Máy & tự động công nghiệp
85841,HHA,may-tu-dong-cong-nghiep,C01,Điểm thi THPT,2022,22.5,Máy & tự động công nghiệp
85842,HHA,may-tu-dong-cong-nghiep,D01,Điểm thi THPT,2022,22.5,Máy & tự động công nghiệp
85843,HHA,may-tu-dong-cong-nghiep,A00,Điểm học bạ,2023,24.0,Máy & tự động công nghiệp
85844,HHA,may-tu-dong-cong-nghiep,A01,Điểm học bạ,2023,24.0,Máy & tự động công nghiệp
85845,HHA,may-tu-dong-cong-nghiep,C01,Điểm học bạ,2023,24.0,Máy & tự động công nghiệp
85846,HHA,may-tu-dong-cong-nghiep,D01,Điểm học bạ,2023,24.0,Máy & tự động công nghiệp
85847,HHA,may-tu-dong-cong-nghiep,A00,Điểm thi THPT,2023,22.5,Máy & tự động công nghiệp
85848,HHA,may-tu-dong-cong-nghiep,A01,Điểm thi THPT,2023,22.5,Máy & tự động công nghiệp
85849,HHA,may-tu-dong-cong-nghiep,C01,Điểm thi THPT,2023,22.5,Máy & tự động công nghiệp
85850,HHA,may-tu-dong-cong-nghiep,D01,Điểm thi THPT,2023,22.5,Máy & tự động công nghiệp
85851,HHA,may-tu-dong-cong-nghiep,A00,Điểm học bạ,2024,24.25,Máy & tự động công nghiệp
85852,HHA,may-tu-dong-cong-nghiep,A01,Điểm học bạ,2024,24.25,Máy & tự động công nghiệp
85853,HHA,may-tu-dong-cong-nghiep,C01,Điểm học bạ,2024,24.25,Máy & tự động công nghiệp
85854,HHA,may-tu-dong-cong-nghiep,D01,Điểm học bạ,2024,24.25,Máy & tự động công nghiệp
85855,HHA,may-tu-dong-cong-nghiep,A00,Điểm thi THPT,2024,22.25,Máy & tự động công nghiệp
85856,HHA,may-tu-dong-cong-nghiep,A01,Điểm thi THPT,2024,22.25,Máy & tự động công nghiệp
85857,HHA,may-tu-dong-cong-nghiep,C01,Điểm thi THPT,2024,22.25,Máy & tự động công nghiệp
85858,HHA,may-tu-dong-cong-nghiep,D01,Điểm thi THPT,2024,22.25,Máy & tự động công nghiệp
85859,HHA,may-tu-dong-hoa-xep-do,A00,Điểm học bạ,2021,18.0,11. Máy & tự động hóa xếp dỡ
85860,HHA,may-tu-dong-hoa-xep-do,A01,Điểm học bạ,2021,18.0,11. Máy & tự động hóa xếp dỡ
85861,HHA,may-tu-dong-hoa-xep-do,C01,Điểm học bạ,2021,18.0,11. Máy & tự động hóa xếp dỡ
85862,HHA,may-tu-dong-hoa-xep-do,D01,Điểm học bạ,2021,18.0,11. Máy & tự động hóa xếp dỡ
85863,HHA,may-tu-dong-hoa-xep-do,A00,Điểm thi THPT,2021,18.0,11. Máy & tự động hóa xếp dỡ
85864,HHA,may-tu-dong-hoa-xep-do,A01,Điểm thi THPT,2021,18.0,11. Máy & tự động hóa xếp dỡ
85865,HHA,may-tu-dong-hoa-xep-do,C01,Điểm thi THPT,2021,18.0,11. Máy & tự động hóa xếp dỡ
85866,HHA,may-tu-dong-hoa-xep-do,D01,Điểm thi THPT,2021,18.0,11. Máy & tự động hóa xếp dỡ
85867,HHA,may-tu-dong-hoa-xep-do,A00,Điểm học bạ,2022,23.25,Máy & tự động hóa xếp dỡ
85868,HHA,may-tu-dong-hoa-xep-do,A01,Điểm học bạ,2022,23.25,Máy & tự động hóa xếp dỡ
85869,HHA,may-tu-dong-hoa-xep-do,C01,Điểm học bạ,2022,23.25,Máy & tự động hóa xếp dỡ
85870,HHA,may-tu-dong-hoa-xep-do,D01,Điểm học bạ,2022,23.25,Máy & tự động hóa xếp dỡ
85871,HHA,may-tu-dong-hoa-xep-do,A00,Điểm thi THPT,2022,19.5,Máy & tự động hóa xếp dỡ
85872,HHA,may-tu-dong-hoa-xep-do,A01,Điểm thi THPT,2022,19.5,Máy & tự động hóa xếp dỡ
85873,HHA,may-tu-dong-hoa-xep-do,C01,Điểm thi THPT,2022,19.5,Máy & tự động hóa xếp dỡ
85874,HHA,may-tu-dong-hoa-xep-do,D01,Điểm thi THPT,2022,19.5,Máy & tự động hóa xếp dỡ
85875,HHA,may-tu-dong-hoa-xep-do,A00,Điểm học bạ,2023,23.25,Máy & tự động hóa xếp dỡ
85876,HHA,may-tu-dong-hoa-xep-do,A01,Điểm học bạ,2023,23.25,Máy & tự động hóa xếp dỡ
85877,HHA,may-tu-dong-hoa-xep-do,C01,Điểm học bạ,2023,23.25,Máy & tự động hóa xếp dỡ
85878,HHA,may-tu-dong-hoa-xep-do,D01,Điểm học bạ,2023,23.25,Máy & tự động hóa xếp dỡ
85879,HHA,may-tu-dong-hoa-xep-do,A00,Điểm thi THPT,2023,21.5,Máy & tự động hóa xếp dỡ
85880,HHA,may-tu-dong-hoa-xep-do,A01,Điểm thi THPT,2023,21.5,Máy & tự động hóa xếp dỡ
85881,HHA,may-tu-dong-hoa-xep-do,C01,Điểm thi THPT,2023,21.5,Máy & tự động hóa xếp dỡ
85882,HHA,may-tu-dong-hoa-xep-do,D01,Điểm thi THPT,2023,21.5,Máy & tự động hóa xếp dỡ
85883,HHA,may-tu-dong-hoa-xep-do,A00,Điểm học bạ,2024,24.25,Máy & tự động hóa xếp dỡ
85884,HHA,may-tu-dong-hoa-xep-do,A01,Điểm học bạ,2024,24.25,Máy & tự động hóa xếp dỡ
85885,HHA,may-tu-dong-hoa-xep-do,C01,Điểm học bạ,2024,24.25,Máy & tự động hóa xếp dỡ
85886,HHA,may-tu-dong-hoa-xep-do,D01,Điểm học bạ,2024,24.25,Máy & tự động hóa xếp dỡ
85887,HHA,may-tu-dong-hoa-xep-do,A00,Điểm thi THPT,2024,21.5,Máy & tự động hóa xếp dỡ
85888,HHA,may-tu-dong-hoa-xep-do,A01,Điểm thi THPT,2024,21.5,Máy & tự động hóa xếp dỡ
85889,HHA,may-tu-dong-hoa-xep-do,C01,Điểm thi THPT,2024,21.5,Máy & tự động hóa xếp dỡ
85890,HHA,may-tu-dong-hoa-xep-do,D01,Điểm thi THPT,2024,21.5,Máy & tự động hóa xếp dỡ
85891,HHA,may-va-tu-dong-cong-nghiep,A00,Điểm học bạ,2025,21.17,Máy và tự động công nghiệp
85892,HHA,may-va-tu-dong-cong-nghiep,A01,Điểm học bạ,2025,21.06,Máy và tự động công nghiệp
85893,HHA,may-va-tu-dong-cong-nghiep,C01,Điểm học bạ,2025,21.11,Máy và tự động công nghiệp
85894,HHA,may-va-tu-dong-cong-nghiep,C02,Điểm học bạ,2025,21.11,Máy và tự động công nghiệp
85895,HHA,may-va-tu-dong-cong-nghiep,D01,Điểm học bạ,2025,21.0,Máy và tự động công nghiệp
85896,HHA,may-va-tu-dong-cong-nghiep,X02,Điểm học bạ,2025,21.26,Máy và tự động công nghiệp
85897,HHA,may-va-tu-dong-cong-nghiep,A00,Điểm thi THPT,2025,21.17,Máy và tự động công nghiệp
85898,HHA,may-va-tu-dong-cong-nghiep,A01,Điểm thi THPT,2025,21.0,Máy và tự động công nghiệp
85899,HHA,may-va-tu-dong-cong-nghiep,C01,Điểm thi THPT,2025,21.4,Máy và tự động công nghiệp
85900,HHA,may-va-tu-dong-cong-nghiep,C02,Điểm thi THPT,2025,21.17,Máy và tự động công nghiệp
85901,HHA,may-va-tu-dong-cong-nghiep,D01,Điểm thi THPT,2025,21.0,Máy và tự động công nghiệp
85902,HHA,may-va-tu-dong-cong-nghiep,X02,Điểm thi THPT,2025,21.35,Máy và tự động công nghiệp
85903,HHA,may-va-tu-dong-hoa-xep-do,A00,Điểm học bạ,2025,20.42,Máy và tự động hóa xếp dỡ
85904,HHA,may-va-tu-dong-hoa-xep-do,A01,Điểm học bạ,2025,20.31,Máy và tự động hóa xếp dỡ
85905,HHA,may-va-tu-dong-hoa-xep-do,C01,Điểm học bạ,2025,20.36,Máy và tự động hóa xếp dỡ
85906,HHA,may-va-tu-dong-hoa-xep-do,C02,Điểm học bạ,2025,20.36,Máy và tự động hóa xếp dỡ
85907,HHA,may-va-tu-dong-hoa-xep-do,D01,Điểm học bạ,2025,20.25,Máy và tự động hóa xếp dỡ
85908,HHA,may-va-tu-dong-hoa-xep-do,X02,Điểm học bạ,2025,20.51,Máy và tự động hóa xếp dỡ
85909,HHA,may-va-tu-dong-hoa-xep-do,A00,Điểm thi THPT,2025,20.42,Máy và tự động hóa xếp dỡ
85910,HHA,may-va-tu-dong-hoa-xep-do,A01,Điểm thi THPT,2025,20.25,Máy và tự động hóa xếp dỡ
85911,HHA,may-va-tu-dong-hoa-xep-do,C01,Điểm thi THPT,2025,20.65,Máy và tự động hóa xếp dỡ
85912,HHA,may-va-tu-dong-hoa-xep-do,C02,Điểm thi THPT,2025,20.42,Máy và tự động hóa xếp dỡ
85913,HHA,may-va-tu-dong-hoa-xep-do,D01,Điểm thi THPT,2025,20.25,Máy và tự động hóa xếp dỡ
85914,HHA,may-va-tu-dong-hoa-xep-do,X02,Điểm thi THPT,2025,20.6,Máy và tự động hóa xếp dỡ
85915,HHA,ngon-ngu-anh,A01,Điểm thi THPT,2021,34.25,30. Ngôn ngữ Anh (TA hệ số 2)
85916,HHA,ngon-ngu-anh,D01,Điểm thi THPT,2021,34.25,30. Ngôn ngữ Anh (TA hệ số 2)
85917,HHA,ngon-ngu-anh,D10,Điểm thi THPT,2021,34.25,30. Ngôn ngữ Anh (TA hệ số 2)
85918,HHA,ngon-ngu-anh,D14,Điểm thi THPT,2021,34.25,30. Ngôn ngữ Anh (TA hệ số 2)
85919,HHA,ngon-ngu-anh,A01,Điểm thi THPT,2022,33.25,Ngôn ngữ Anh (TA hệ số 2)
85920,HHA,ngon-ngu-anh,D01,Điểm thi THPT,2022,33.25,Ngôn ngữ Anh (TA hệ số 2)
85921,HHA,ngon-ngu-anh,D10,Điểm thi THPT,2022,33.25,Ngôn ngữ Anh (TA hệ số 2)
85922,HHA,ngon-ngu-anh,D14,Điểm thi THPT,2022,33.25,Ngôn ngữ Anh (TA hệ số 2)
85923,HHA,ngon-ngu-anh,A01,Điểm thi THPT,2023,32.5,Ngôn ngữ Anh (TA hệ số 2)
85924,HHA,ngon-ngu-anh,D01,Điểm thi THPT,2023,32.5,Ngôn ngữ Anh (TA hệ số 2)
85925,HHA,ngon-ngu-anh,D10,Điểm thi THPT,2023,32.5,Ngôn ngữ Anh (TA hệ số 2)
85926,HHA,ngon-ngu-anh,D14,Điểm thi THPT,2023,32.5,Ngôn ngữ Anh (TA hệ số 2)
85927,HHA,ngon-ngu-anh,A01,Điểm thi THPT,2024,32.0,Ngôn ngữ Anh (TA hệ số 2)
85928,HHA,ngon-ngu-anh,D01,Điểm thi THPT,2024,32.0,Ngôn ngữ Anh (TA hệ số 2)
85929,HHA,ngon-ngu-anh,D10,Điểm thi THPT,2024,32.0,Ngôn ngữ Anh (TA hệ số 2)
85930,HHA,ngon-ngu-anh,D14,Điểm thi THPT,2024,32.0,Ngôn ngữ Anh (TA hệ số 2)
85931,HHA,ngon-ngu-anh,A01,Điểm thi THPT,2025,28.5,Ngôn ngữ Anh
85932,HHA,ngon-ngu-anh,D01,Điểm thi THPT,2025,28.5,Ngôn ngữ Anh
85933,HHA,ngon-ngu-anh,D09,Điểm thi THPT,2025,28.34,Ngôn ngữ Anh
85934,HHA,ngon-ngu-anh,D10,Điểm thi THPT,2025,28.38,Ngôn ngữ Anh
85935,HHA,ngon-ngu-anh,D14,Điểm thi THPT,2025,29.09,Ngôn ngữ Anh
85936,HHA,ngon-ngu-anh,D15,Điểm thi THPT,2025,29.11,Ngôn ngữ Anh
85937,HHA,quan-ly-cong-trinh-xay-dung,A00,Điểm học bạ,2021,21.5,22. Quản lý công trình xây dựng
85938,HHA,quan-ly-cong-trinh-xay-dung,A01,Điểm học bạ,2021,21.5,22. Quản lý công trình xây dựng
85939,HHA,quan-ly-cong-trinh-xay-dung,C01,Điểm học bạ,2021,21.5,22. Quản lý công trình xây dựng
85940,HHA,quan-ly-cong-trinh-xay-dung,D01,Điểm học bạ,2021,21.5,22. Quản lý công trình xây dựng
85941,HHA,quan-ly-cong-trinh-xay-dung,A00,Điểm thi THPT,2021,19.5,22. Quản lý công trình xây dựng
85942,HHA,quan-ly-cong-trinh-xay-dung,A01,Điểm thi THPT,2021,19.5,22. Quản lý công trình xây dựng
85943,HHA,quan-ly-cong-trinh-xay-dung,C01,Điểm thi THPT,2021,19.5,22. Quản lý công trình xây dựng
85944,HHA,quan-ly-cong-trinh-xay-dung,D01,Điểm thi THPT,2021,19.5,22. Quản lý công trình xây dựng
85945,HHA,quan-ly-cong-trinh-xay-dung,A00,Điểm học bạ,2022,25.0,Quản lý công trình xây dựng
85946,HHA,quan-ly-cong-trinh-xay-dung,A01,Điểm học bạ,2022,25.0,Quản lý công trình xây dựng
85947,HHA,quan-ly-cong-trinh-xay-dung,C01,Điểm học bạ,2022,25.0,Quản lý công trình xây dựng
85948,HHA,quan-ly-cong-trinh-xay-dung,D01,Điểm học bạ,2022,25.0,Quản lý công trình xây dựng
85949,HHA,quan-ly-cong-trinh-xay-dung,A00,Điểm thi THPT,2022,20.5,Quản lý công trình xây dựng
85950,HHA,quan-ly-cong-trinh-xay-dung,A01,Điểm thi THPT,2022,20.5,Quản lý công trình xây dựng
85951,HHA,quan-ly-cong-trinh-xay-dung,C01,Điểm thi THPT,2022,20.5,Quản lý công trình xây dựng
85952,HHA,quan-ly-cong-trinh-xay-dung,D01,Điểm thi THPT,2022,20.5,Quản lý công trình xây dựng
85953,HHA,quan-ly-cong-trinh-xay-dung,A00,Điểm học bạ,2023,25.0,Quản lý công trình xây dựng
85954,HHA,quan-ly-cong-trinh-xay-dung,A01,Điểm học bạ,2023,25.0,Quản lý công trình xây dựng
85955,HHA,quan-ly-cong-trinh-xay-dung,C01,Điểm học bạ,2023,25.0,Quản lý công trình xây dựng
85956,HHA,quan-ly-cong-trinh-xay-dung,D01,Điểm học bạ,2023,25.0,Quản lý công trình xây dựng
85957,HHA,quan-ly-cong-trinh-xay-dung,A00,Điểm thi THPT,2023,21.0,Quản lý công trình xây dựng
85958,HHA,quan-ly-cong-trinh-xay-dung,A01,Điểm thi THPT,2023,21.0,Quản lý công trình xây dựng
85959,HHA,quan-ly-cong-trinh-xay-dung,C01,Điểm thi THPT,2023,21.0,Quản lý công trình xây dựng
85960,HHA,quan-ly-cong-trinh-xay-dung,D01,Điểm thi THPT,2023,21.0,Quản lý công trình xây dựng
85961,HHA,quan-ly-cong-trinh-xay-dung,A00,Điểm học bạ,2024,25.5,Quản lý công trình xây dựng
85962,HHA,quan-ly-cong-trinh-xay-dung,A01,Điểm học bạ,2024,25.5,Quản lý công trình xây dựng
85963,HHA,quan-ly-cong-trinh-xay-dung,C01,Điểm học bạ,2024,25.5,Quản lý công trình xây dựng
85964,HHA,quan-ly-cong-trinh-xay-dung,D01,Điểm học bạ,2024,25.5,Quản lý công trình xây dựng
85965,HHA,quan-ly-cong-trinh-xay-dung,A00,Điểm thi THPT,2024,21.5,Quản lý công trình xây dựng
85966,HHA,quan-ly-cong-trinh-xay-dung,A01,Điểm thi THPT,2024,21.5,Quản lý công trình xây dựng
85967,HHA,quan-ly-cong-trinh-xay-dung,C01,Điểm thi THPT,2024,21.5,Quản lý công trình xây dựng
85968,HHA,quan-ly-cong-trinh-xay-dung,D01,Điểm thi THPT,2024,21.5,Quản lý công trình xây dựng
85969,HHA,quan-ly-cong-trinh-xay-dung,A00,Điểm học bạ,2025,20.42,Quản lý công trình xây dựng
85970,HHA,quan-ly-cong-trinh-xay-dung,A01,Điểm học bạ,2025,20.31,Quản lý công trình xây dựng
85971,HHA,quan-ly-cong-trinh-xay-dung,C01,Điểm học bạ,2025,20.36,Quản lý công trình xây dựng
85972,HHA,quan-ly-cong-trinh-xay-dung,C02,Điểm học bạ,2025,20.36,Quản lý công trình xây dựng
85973,HHA,quan-ly-cong-trinh-xay-dung,D01,Điểm học bạ,2025,20.25,Quản lý công trình xây dựng
85974,HHA,quan-ly-cong-trinh-xay-dung,X02,Điểm học bạ,2025,20.51,Quản lý công trình xây dựng
85975,HHA,quan-ly-cong-trinh-xay-dung,A00,Điểm thi THPT,2025,20.42,Quản lý công trình xây dựng
85976,HHA,quan-ly-cong-trinh-xay-dung,A01,Điểm thi THPT,2025,20.25,Quản lý công trình xây dựng
85977,HHA,quan-ly-cong-trinh-xay-dung,C01,Điểm thi THPT,2025,20.65,Quản lý công trình xây dựng
85978,HHA,quan-ly-cong-trinh-xay-dung,C02,Điểm thi THPT,2025,20.42,Quản lý công trình xây dựng
85979,HHA,quan-ly-cong-trinh-xay-dung,D01,Điểm thi THPT,2025,20.25,Quản lý công trình xây dựng
85980,HHA,quan-ly-cong-trinh-xay-dung,X02,Điểm thi THPT,2025,20.6,Quản lý công trình xây dựng
85981,HHA,quan-ly-hang-hai,A00,Điểm học bạ,2021,25.0,3. Quản lý hàng hải
85982,HHA,quan-ly-hang-hai,A01,Điểm học bạ,2021,25.0,3. Quản lý hàng hải
85983,HHA,quan-ly-hang-hai,C01,Điểm học bạ,2021,25.0,3. Quản lý hàng hải
85984,HHA,quan-ly-hang-hai,D01,Điểm học bạ,2021,25.0,3. Quản lý hàng hải
85985,HHA,quan-ly-hang-hai,A00,Điểm thi THPT,2021,24.0,3. Quản lý hàng hải
85986,HHA,quan-ly-hang-hai,A01,Điểm thi THPT,2021,24.0,3. Quản lý hàng hải
85987,HHA,quan-ly-hang-hai,C01,Điểm thi THPT,2021,24.0,3. Quản lý hàng hải
85988,HHA,quan-ly-hang-hai,D01,Điểm thi THPT,2021,24.0,3. Quản lý hàng hải
85989,HHA,quan-ly-hang-hai,A00,Điểm học bạ,2022,27.5,Quản lý hàng hải
85990,HHA,quan-ly-hang-hai,A01,Điểm học bạ,2022,27.5,Quản lý hàng hải
85991,HHA,quan-ly-hang-hai,C01,Điểm học bạ,2022,27.5,Quản lý hàng hải
85992,HHA,quan-ly-hang-hai,D01,Điểm học bạ,2022,27.5,Quản lý hàng hải
85993,HHA,quan-ly-hang-hai,A00,Điểm thi THPT,2022,23.75,Quản lý hàng hải
85994,HHA,quan-ly-hang-hai,A01,Điểm thi THPT,2022,23.75,Quản lý hàng hải
85995,HHA,quan-ly-hang-hai,C01,Điểm thi THPT,2022,23.75,Quản lý hàng hải
85996,HHA,quan-ly-hang-hai,D01,Điểm thi THPT,2022,23.75,Quản lý hàng hải
85997,HHA,quan-ly-hang-hai,A00,Điểm thi THPT,2023,23.5,Quản lý hàng hải
85998,HHA,quan-ly-hang-hai,A01,Điểm thi THPT,2023,23.5,Quản lý hàng hải
85999,HHA,quan-ly-hang-hai,C01,Điểm thi THPT,2023,23.5,Quản lý hàng hải
86000,HHA,quan-ly-hang-hai,D01,Điểm thi THPT,2023,23.5,Quản lý hàng hải
86001,HHA,quan-ly-hang-hai,A00,Điểm học bạ,2024,27.25,Quản lý hàng hải
86002,HHA,quan-ly-hang-hai,A01,Điểm học bạ,2024,27.25,Quản lý hàng hải
86003,HHA,quan-ly-hang-hai,C01,Điểm học bạ,2024,27.25,Quản lý hàng hải
86004,HHA,quan-ly-hang-hai,D01,Điểm học bạ,2024,27.25,Quản lý hàng hải
86005,HHA,quan-ly-hang-hai,A00,Điểm thi THPT,2024,23.75,Quản lý hàng hải
86006,HHA,quan-ly-hang-hai,A01,Điểm thi THPT,2024,23.75,Quản lý hàng hải
86007,HHA,quan-ly-hang-hai,C01,Điểm thi THPT,2024,23.75,Quản lý hàng hải
86008,HHA,quan-ly-hang-hai,D01,Điểm thi THPT,2024,23.75,Quản lý hàng hải
86009,HHA,quan-ly-hang-hai,A00,Điểm học bạ,2025,23.67,Quản lý hàng hải
86010,HHA,quan-ly-hang-hai,A01,Điểm học bạ,2025,23.56,Quản lý hàng hải
86011,HHA,quan-ly-hang-hai,C01,Điểm học bạ,2025,23.61,Quản lý hàng hải
86012,HHA,quan-ly-hang-hai,C02,Điểm học bạ,2025,23.61,Quản lý hàng hải
86013,HHA,quan-ly-hang-hai,D01,Điểm học bạ,2025,23.5,Quản lý hàng hải
86014,HHA,quan-ly-hang-hai,X02,Điểm học bạ,2025,23.76,Quản lý hàng hải
86015,HHA,quan-ly-hang-hai,A00,Điểm thi THPT,2025,23.67,Quản lý hàng hải
86016,HHA,quan-ly-hang-hai,A01,Điểm thi THPT,2025,23.5,Quản lý hàng hải
86017,HHA,quan-ly-hang-hai,C01,Điểm thi THPT,2025,23.9,Quản lý hàng hải
86018,HHA,quan-ly-hang-hai,C02,Điểm thi THPT,2025,23.67,Quản lý hàng hải
86019,HHA,quan-ly-hang-hai,D01,Điểm thi THPT,2025,23.5,Quản lý hàng hải
86020,HHA,quan-ly-hang-hai,X02,Điểm thi THPT,2025,23.85,Quản lý hàng hải
86021,HHA,quan-ly-kinh-doanh-marketing,A01,Điểm thi THPT,2021,24.0,43. Quản lý kinh doanh & Marketing (Chương trình tiên tiến)
86022,HHA,quan-ly-kinh-doanh-marketing,D01,Điểm thi THPT,2021,24.0,43. Quản lý kinh doanh & Marketing (Chương trình tiên tiến)
86023,HHA,quan-ly-kinh-doanh-marketing,D07,Điểm thi THPT,2021,24.0,43. Quản lý kinh doanh & Marketing (Chương trình tiên tiến)
86024,HHA,quan-ly-kinh-doanh-marketing,D15,Điểm thi THPT,2021,24.0,43. Quản lý kinh doanh & Marketing (Chương trình tiên tiến)
86025,HHA,quan-ly-kinh-doanh-marketing,A01,Điểm thi THPT,2022,23.5,Quản lý kinh doanh & Marketing (Chương trình tiên tiến)
86026,HHA,quan-ly-kinh-doanh-marketing,D01,Điểm thi THPT,2022,23.5,Quản lý kinh doanh & Marketing (Chương trình tiên tiến)
86027,HHA,quan-ly-kinh-doanh-marketing,D07,Điểm thi THPT,2022,23.5,Quản lý kinh doanh & Marketing (Chương trình tiên tiến)
86028,HHA,quan-ly-kinh-doanh-marketing,D15,Điểm thi THPT,2022,23.5,Quản lý kinh doanh & Marketing (Chương trình tiên tiến)
86029,HHA,quan-ly-kinh-doanh-marketing,A01,Điểm thi THPT,2023,22.75,Quản lý kinh doanh & Marketing
86030,HHA,quan-ly-kinh-doanh-marketing,D01,Điểm thi THPT,2023,22.75,Quản lý kinh doanh & Marketing
86031,HHA,quan-ly-kinh-doanh-marketing,D07,Điểm thi THPT,2023,22.75,Quản lý kinh doanh & Marketing
86032,HHA,quan-ly-kinh-doanh-marketing,D15,Điểm thi THPT,2023,22.75,Quản lý kinh doanh & Marketing
86033,HHA,quan-ly-kinh-doanh-marketing,A01,Điểm học bạ,2024,25.0,Quản lý kinh doanh & Marketing
86034,HHA,quan-ly-kinh-doanh-marketing,D01,Điểm học bạ,2024,25.0,Quản lý kinh doanh & Marketing
86035,HHA,quan-ly-kinh-doanh-marketing,D07,Điểm học bạ,2024,25.0,Quản lý kinh doanh & Marketing
86036,HHA,quan-ly-kinh-doanh-marketing,D15,Điểm học bạ,2024,25.0,Quản lý kinh doanh & Marketing
86037,HHA,quan-ly-kinh-doanh-marketing,A01,Điểm thi THPT,2024,23.5,Quản lý kinh doanh & Marketing
86038,HHA,quan-ly-kinh-doanh-marketing,D01,Điểm thi THPT,2024,23.5,Quản lý kinh doanh & Marketing
86039,HHA,quan-ly-kinh-doanh-marketing,D07,Điểm thi THPT,2024,23.5,Quản lý kinh doanh & Marketing
86040,HHA,quan-ly-kinh-doanh-marketing,D15,Điểm thi THPT,2024,23.5,Quản lý kinh doanh & Marketing
86041,HHA,quan-ly-kinh-doanh-thuong-mai-dien-tu,A01,Điểm học bạ,2024,24.0,Quản lý kinh doanh thương mại điện tử
86042,HHA,quan-ly-kinh-doanh-thuong-mai-dien-tu,D01,Điểm học bạ,2024,24.0,Quản lý kinh doanh thương mại điện tử
86043,HHA,quan-ly-kinh-doanh-thuong-mai-dien-tu,D07,Điểm học bạ,2024,24.0,Quản lý kinh doanh thương mại điện tử
86044,HHA,quan-ly-kinh-doanh-thuong-mai-dien-tu,D15,Điểm học bạ,2024,24.0,Quản lý kinh doanh thương mại điện tử
86045,HHA,quan-ly-kinh-doanh-thuong-mai-dien-tu,A01,Điểm thi THPT,2025,20.0,Quản lý kinh doanh thương mại điện tử
86046,HHA,quan-ly-kinh-doanh-thuong-mai-dien-tu,D01,Điểm thi THPT,2025,20.0,Quản lý kinh doanh thương mại điện tử
86047,HHA,quan-ly-kinh-doanh-thuong-mai-dien-tu,D09,Điểm thi THPT,2025,19.88,Quản lý kinh doanh thương mại điện tử
86048,HHA,quan-ly-kinh-doanh-thuong-mai-dien-tu,D10,Điểm thi THPT,2025,19.91,Quản lý kinh doanh thương mại điện tử
86049,HHA,quan-ly-kinh-doanh-thuong-mai-dien-tu,D14,Điểm thi THPT,2025,20.44,Quản lý kinh doanh thương mại điện tử
86050,HHA,quan-ly-kinh-doanh-thuong-mai-dien-tu,D15,Điểm thi THPT,2025,20.46,Quản lý kinh doanh thương mại điện tử
86051,HHA,quan-ly-kinh-doanh-tmdt,A01,Điểm thi THPT,2024,22.25,Quản lý kinh doanh TMĐT
86052,HHA,quan-ly-kinh-doanh-tmdt,D01,Điểm thi THPT,2024,22.25,Quản lý kinh doanh TMĐT
86053,HHA,quan-ly-kinh-doanh-tmdt,D07,Điểm thi THPT,2024,22.25,Quản lý kinh doanh TMĐT
86054,HHA,quan-ly-kinh-doanh-tmdt,D15,Điểm thi THPT,2024,22.25,Quản lý kinh doanh TMĐT
86055,HHA,quan-ly-kinh-doanh-va-marketing,A01,Điểm thi THPT,2025,20.75,Quản lý kinh doanh và Marketing
86056,HHA,quan-ly-kinh-doanh-va-marketing,D01,Điểm thi THPT,2025,20.75,Quản lý kinh doanh và Marketing
86057,HHA,quan-ly-kinh-doanh-va-marketing,D09,Điểm thi THPT,2025,20.63,Quản lý kinh doanh và Marketing
86058,HHA,quan-ly-kinh-doanh-va-marketing,D10,Điểm thi THPT,2025,20.66,Quản lý kinh doanh và Marketing
86059,HHA,quan-ly-kinh-doanh-va-marketing,D14,Điểm thi THPT,2025,21.19,Quản lý kinh doanh và Marketing
86060,HHA,quan-ly-kinh-doanh-va-marketing,D15,Điểm thi THPT,2025,21.21,Quản lý kinh doanh và Marketing
86061,HHA,quan-ly-ky-thuat-cong-nghiep,A00,Điểm học bạ,2021,18.0,26. Quản lý kỹ thuật công nghiệp
86062,HHA,quan-ly-ky-thuat-cong-nghiep,A01,Điểm học bạ,2021,18.0,26. Quản lý kỹ thuật công nghiệp
86063,HHA,quan-ly-ky-thuat-cong-nghiep,C01,Điểm học bạ,2021,18.0,26. Quản lý kỹ thuật công nghiệp
86064,HHA,quan-ly-ky-thuat-cong-nghiep,D01,Điểm học bạ,2021,18.0,26. Quản lý kỹ thuật công nghiệp
86065,HHA,quan-ly-ky-thuat-cong-nghiep,A00,Điểm thi THPT,2021,18.0,26. Quản lý kỹ thuật công nghiệp
86066,HHA,quan-ly-ky-thuat-cong-nghiep,A01,Điểm thi THPT,2021,18.0,26. Quản lý kỹ thuật công nghiệp
86067,HHA,quan-ly-ky-thuat-cong-nghiep,C01,Điểm thi THPT,2021,18.0,26. Quản lý kỹ thuật công nghiệp
86068,HHA,quan-ly-ky-thuat-cong-nghiep,D01,Điểm thi THPT,2021,18.0,26. Quản lý kỹ thuật công nghiệp
86069,HHA,quan-ly-ky-thuat-cong-nghiep,A00,Điểm học bạ,2022,25.0,Quản lý kỹ thuật công nghiệp
86070,HHA,quan-ly-ky-thuat-cong-nghiep,A01,Điểm học bạ,2022,25.0,Quản lý kỹ thuật công nghiệp
86071,HHA,quan-ly-ky-thuat-cong-nghiep,C01,Điểm học bạ,2022,25.0,Quản lý kỹ thuật công nghiệp
86072,HHA,quan-ly-ky-thuat-cong-nghiep,D01,Điểm học bạ,2022,25.0,Quản lý kỹ thuật công nghiệp
86073,HHA,quan-ly-ky-thuat-cong-nghiep,A00,Điểm thi THPT,2022,22.0,Quản lý kỹ thuật công nghiệp
86074,HHA,quan-ly-ky-thuat-cong-nghiep,A01,Điểm thi THPT,2022,22.0,Quản lý kỹ thuật công nghiệp
86075,HHA,quan-ly-ky-thuat-cong-nghiep,C01,Điểm thi THPT,2022,22.0,Quản lý kỹ thuật công nghiệp
86076,HHA,quan-ly-ky-thuat-cong-nghiep,D01,Điểm thi THPT,2022,22.0,Quản lý kỹ thuật công nghiệp
86077,HHA,quan-ly-ky-thuat-cong-nghiep,A00,Điểm học bạ,2023,25.0,Quản lý kỹ thuật công nghiệp
86078,HHA,quan-ly-ky-thuat-cong-nghiep,A01,Điểm học bạ,2023,25.0,Quản lý kỹ thuật công nghiệp
86079,HHA,quan-ly-ky-thuat-cong-nghiep,C01,Điểm học bạ,2023,25.0,Quản lý kỹ thuật công nghiệp
86080,HHA,quan-ly-ky-thuat-cong-nghiep,D01,Điểm học bạ,2023,25.0,Quản lý kỹ thuật công nghiệp
86081,HHA,quan-ly-ky-thuat-cong-nghiep,A00,Điểm thi THPT,2023,22.75,Quản lý kỹ thuật công nghiệp
86082,HHA,quan-ly-ky-thuat-cong-nghiep,A01,Điểm thi THPT,2023,22.75,Quản lý kỹ thuật công nghiệp
86083,HHA,quan-ly-ky-thuat-cong-nghiep,C01,Điểm thi THPT,2023,22.75,Quản lý kỹ thuật công nghiệp
86084,HHA,quan-ly-ky-thuat-cong-nghiep,D01,Điểm thi THPT,2023,22.75,Quản lý kỹ thuật công nghiệp
86085,HHA,quan-ly-ky-thuat-cong-nghiep,A00,Điểm học bạ,2024,25.25,Quản lý kỹ thuật công nghiệp
86086,HHA,quan-ly-ky-thuat-cong-nghiep,A01,Điểm học bạ,2024,25.25,Quản lý kỹ thuật công nghiệp
86087,HHA,quan-ly-ky-thuat-cong-nghiep,C01,Điểm học bạ,2024,25.25,Quản lý kỹ thuật công nghiệp
86088,HHA,quan-ly-ky-thuat-cong-nghiep,D01,Điểm học bạ,2024,25.25,Quản lý kỹ thuật công nghiệp
86089,HHA,quan-ly-ky-thuat-cong-nghiep,A00,Điểm thi THPT,2024,22.5,Quản lý kỹ thuật công nghiệp
86090,HHA,quan-ly-ky-thuat-cong-nghiep,A01,Điểm thi THPT,2024,22.5,Quản lý kỹ thuật công nghiệp
86091,HHA,quan-ly-ky-thuat-cong-nghiep,C01,Điểm thi THPT,2024,22.5,Quản lý kỹ thuật công nghiệp
86092,HHA,quan-ly-ky-thuat-cong-nghiep,D01,Điểm thi THPT,2024,22.5,Quản lý kỹ thuật công nghiệp
86093,HHA,quan-ly-ky-thuat-cong-nghiep,A00,Điểm học bạ,2025,21.92,Quản lý kỹ thuật công nghiệp
86094,HHA,quan-ly-ky-thuat-cong-nghiep,A01,Điểm học bạ,2025,21.81,Quản lý kỹ thuật công nghiệp
86095,HHA,quan-ly-ky-thuat-cong-nghiep,C01,Điểm học bạ,2025,21.86,Quản lý kỹ thuật công nghiệp
86096,HHA,quan-ly-ky-thuat-cong-nghiep,C02,Điểm học bạ,2025,21.86,Quản lý kỹ thuật công nghiệp
86097,HHA,quan-ly-ky-thuat-cong-nghiep,D01,Điểm học bạ,2025,21.75,Quản lý kỹ thuật công nghiệp
86098,HHA,quan-ly-ky-thuat-cong-nghiep,X02,Điểm học bạ,2025,22.01,Quản lý kỹ thuật công nghiệp
86099,HHA,quan-ly-ky-thuat-cong-nghiep,A00,Điểm thi THPT,2025,21.92,Quản lý kỹ thuật công nghiệp
86100,HHA,quan-ly-ky-thuat-cong-nghiep,A01,Điểm thi THPT,2025,21.75,Quản lý kỹ thuật công nghiệp
86101,HHA,quan-ly-ky-thuat-cong-nghiep,C01,Điểm thi THPT,2025,22.15,Quản lý kỹ thuật công nghiệp
86102,HHA,quan-ly-ky-thuat-cong-nghiep,C02,Điểm thi THPT,2025,21.92,Quản lý kỹ thuật công nghiệp
86103,HHA,quan-ly-ky-thuat-cong-nghiep,D01,Điểm thi THPT,2025,21.75,Quản lý kỹ thuật công nghiệp
86104,HHA,quan-ly-ky-thuat-cong-nghiep,X02,Điểm thi THPT,2025,22.1,Quản lý kỹ thuật công nghiệp
86105,HHA,quan-tri-kinh-doanh,A00,Điểm thi THPT,2021,25.0,35. Quản trị kinh doanh
86106,HHA,quan-tri-kinh-doanh,A01,Điểm thi THPT,2021,25.0,35. Quản trị kinh doanh
86107,HHA,quan-tri-kinh-doanh,C01,Điểm thi THPT,2021,25.0,35. Quản trị kinh doanh
86108,HHA,quan-tri-kinh-doanh,D01,Điểm thi THPT,2021,25.0,35. Quản trị kinh doanh
86109,HHA,quan-tri-kinh-doanh,A00,Điểm thi THPT,2022,24.75,Quản trị kinh doanh
86110,HHA,quan-tri-kinh-doanh,A01,Điểm thi THPT,2022,24.75,Quản trị kinh doanh
86111,HHA,quan-tri-kinh-doanh,C01,Điểm thi THPT,2022,24.75,Quản trị kinh doanh
86112,HHA,quan-tri-kinh-doanh,D01,Điểm thi THPT,2022,24.75,Quản trị kinh doanh
86113,HHA,quan-tri-kinh-doanh,A00,Điểm thi THPT,2023,24.0,Quản trị kinh doanh
86114,HHA,quan-tri-kinh-doanh,A01,Điểm thi THPT,2023,24.0,Quản trị kinh doanh
86115,HHA,quan-tri-kinh-doanh,C01,Điểm thi THPT,2023,24.0,Quản trị kinh doanh
86116,HHA,quan-tri-kinh-doanh,D01,Điểm thi THPT,2023,24.0,Quản trị kinh doanh
86117,HHA,quan-tri-kinh-doanh,A00,Điểm thi THPT,2024,24.5,Quản trị kinh doanh
86118,HHA,quan-tri-kinh-doanh,A01,Điểm thi THPT,2024,24.5,Quản trị kinh doanh
86119,HHA,quan-tri-kinh-doanh,C01,Điểm thi THPT,2024,24.5,Quản trị kinh doanh
86120,HHA,quan-tri-kinh-doanh,D01,Điểm thi THPT,2024,24.5,Quản trị kinh doanh
86121,HHA,quan-tri-kinh-doanh,A01,Điểm thi THPT,2025,22.5,Quản trị kinh doanh
86122,HHA,quan-tri-kinh-doanh,C01,Điểm thi THPT,2025,22.9,Quản trị kinh doanh
86123,HHA,quan-tri-kinh-doanh,C03,Điểm thi THPT,2025,22.79,Quản trị kinh doanh
86124,HHA,quan-tri-kinh-doanh,C04,Điểm thi THPT,2025,22.81,Quản trị kinh doanh
86125,HHA,quan-tri-kinh-doanh,D01,Điểm thi THPT,2025,22.5,Quản trị kinh doanh
86126,HHA,quan-tri-kinh-doanh,D09,Điểm thi THPT,2025,22.38,Quản trị kinh doanh
86127,HHA,quan-tri-tai-chinh-ke-toan,A00,Điểm thi THPT,2021,24.5,36. Quản trị tài chính kế toán
86128,HHA,quan-tri-tai-chinh-ke-toan,A01,Điểm thi THPT,2021,24.5,36. Quản trị tài chính kế toán
86129,HHA,quan-tri-tai-chinh-ke-toan,C01,Điểm thi THPT,2021,24.5,36. Quản trị tài chính kế toán
86130,HHA,quan-tri-tai-chinh-ke-toan,D01,Điểm thi THPT,2021,24.5,36. Quản trị tài chính kế toán
86131,HHA,quan-tri-tai-chinh-ke-toan,A00,Điểm thi THPT,2022,24.25,Quản trị tài chính kế toán
86132,HHA,quan-tri-tai-chinh-ke-toan,A01,Điểm thi THPT,2022,24.25,Quản trị tài chính kế toán
86133,HHA,quan-tri-tai-chinh-ke-toan,C01,Điểm thi THPT,2022,24.25,Quản trị tài chính kế toán
86134,HHA,quan-tri-tai-chinh-ke-toan,D01,Điểm thi THPT,2022,24.25,Quản trị tài chính kế toán
86135,HHA,quan-tri-tai-chinh-ke-toan,A00,Điểm thi THPT,2023,23.25,Quản trị tài chính kế toán
86136,HHA,quan-tri-tai-chinh-ke-toan,A01,Điểm thi THPT,2023,23.25,Quản trị tài chính kế toán
86137,HHA,quan-tri-tai-chinh-ke-toan,C01,Điểm thi THPT,2023,23.25,Quản trị tài chính kế toán
86138,HHA,quan-tri-tai-chinh-ke-toan,D01,Điểm thi THPT,2023,23.25,Quản trị tài chính kế toán
86139,HHA,quan-tri-tai-chinh-ke-toan,A00,Điểm thi THPT,2024,24.5,Quản trị tài chính kế toán
86140,HHA,quan-tri-tai-chinh-ke-toan,A01,Điểm thi THPT,2024,24.5,Quản trị tài chính kế toán
86141,HHA,quan-tri-tai-chinh-ke-toan,C01,Điểm thi THPT,2024,24.5,Quản trị tài chính kế toán
86142,HHA,quan-tri-tai-chinh-ke-toan,D01,Điểm thi THPT,2024,24.5,Quản trị tài chính kế toán
86143,HHA,quan-tri-tai-chinh-ke-toan,A01,Điểm thi THPT,2025,22.15,Quản trị tài chính kế toán
86144,HHA,quan-tri-tai-chinh-ke-toan,C01,Điểm thi THPT,2025,22.55,Quản trị tài chính kế toán
86145,HHA,quan-tri-tai-chinh-ke-toan,C03,Điểm thi THPT,2025,22.44,Quản trị tài chính kế toán
86146,HHA,quan-tri-tai-chinh-ke-toan,C04,Điểm thi THPT,2025,22.46,Quản trị tài chính kế toán
86147,HHA,quan-tri-tai-chinh-ke-toan,D01,Điểm thi THPT,2025,22.15,Quản trị tài chính kế toán
86148,HHA,quan-tri-tai-chinh-ke-toan,D09,Điểm thi THPT,2025,22.03,Quản trị tài chính kế toán
86149,HHA,quan-tri-tai-chinh-ngan-hang,A00,Điểm thi THPT,2021,24.4,37. Quản trị tài chính ngân hàng
86150,HHA,quan-tri-tai-chinh-ngan-hang,A01,Điểm thi THPT,2021,24.4,37. Quản trị tài chính ngân hàng
86151,HHA,quan-tri-tai-chinh-ngan-hang,C01,Điểm thi THPT,2021,24.4,37. Quản trị tài chính ngân hàng
86152,HHA,quan-tri-tai-chinh-ngan-hang,D01,Điểm thi THPT,2021,24.4,37. Quản trị tài chính ngân hàng
86153,HHA,quan-tri-tai-chinh-ngan-hang,A00,Điểm thi THPT,2022,24.0,Quản trị tài chính ngân hàng
86154,HHA,quan-tri-tai-chinh-ngan-hang,A01,Điểm thi THPT,2022,24.0,Quản trị tài chính ngân hàng
86155,HHA,quan-tri-tai-chinh-ngan-hang,C01,Điểm thi THPT,2022,24.0,Quản trị tài chính ngân hàng
86156,HHA,quan-tri-tai-chinh-ngan-hang,D01,Điểm thi THPT,2022,24.0,Quản trị tài chính ngân hàng
86157,HHA,quan-tri-tai-chinh-ngan-hang,A00,Điểm thi THPT,2023,23.0,Quản trị tài chính ngân hàng
86158,HHA,quan-tri-tai-chinh-ngan-hang,A01,Điểm thi THPT,2023,23.0,Quản trị tài chính ngân hàng
86159,HHA,quan-tri-tai-chinh-ngan-hang,C01,Điểm thi THPT,2023,23.0,Quản trị tài chính ngân hàng
86160,HHA,quan-tri-tai-chinh-ngan-hang,D01,Điểm thi THPT,2023,23.0,Quản trị tài chính ngân hàng
86161,HHA,quan-tri-tai-chinh-ngan-hang,A00,Điểm thi THPT,2024,24.25,Quản trị tài chính ngân hàng
86162,HHA,quan-tri-tai-chinh-ngan-hang,A01,Điểm thi THPT,2024,24.25,Quản trị tài chính ngân hàng
86163,HHA,quan-tri-tai-chinh-ngan-hang,C01,Điểm thi THPT,2024,24.25,Quản trị tài chính ngân hàng
86164,HHA,quan-tri-tai-chinh-ngan-hang,D01,Điểm thi THPT,2024,24.25,Quản trị tài chính ngân hàng
86165,HHA,quan-tri-tai-chinh-ngan-hang,A01,Điểm thi THPT,2025,22.0,Quản trị tài chính ngân hàng
86166,HHA,quan-tri-tai-chinh-ngan-hang,C01,Điểm thi THPT,2025,22.4,Quản trị tài chính ngân hàng
86167,HHA,quan-tri-tai-chinh-ngan-hang,C03,Điểm thi THPT,2025,22.29,Quản trị tài chính ngân hàng
86168,HHA,quan-tri-tai-chinh-ngan-hang,C04,Điểm thi THPT,2025,22.31,Quản trị tài chính ngân hàng
86169,HHA,quan-tri-tai-chinh-ngan-hang,D01,Điểm thi THPT,2025,22.0,Quản trị tài chính ngân hàng
86170,HHA,quan-tri-tai-chinh-ngan-hang,D09,Điểm thi THPT,2025,21.88,Quản trị tài chính ngân hàng
86171,HHA,thiet-ke-tau-cong-trinh-ngoai-khoi,A00,Điểm học bạ,2021,18.0,9. Thiết kế tàu & công trình ngoài khơi
86172,HHA,thiet-ke-tau-cong-trinh-ngoai-khoi,A01,Điểm học bạ,2021,18.0,9. Thiết kế tàu & công trình ngoài khơi
86173,HHA,thiet-ke-tau-cong-trinh-ngoai-khoi,C01,Điểm học bạ,2021,18.0,9. Thiết kế tàu & công trình ngoài khơi
86174,HHA,thiet-ke-tau-cong-trinh-ngoai-khoi,D01,Điểm học bạ,2021,18.0,9. Thiết kế tàu & công trình ngoài khơi
86175,HHA,thiet-ke-tau-cong-trinh-ngoai-khoi,A00,Điểm thi THPT,2021,14.0,9. Thiết kế tàu & công trình ngoài khơi
86176,HHA,thiet-ke-tau-cong-trinh-ngoai-khoi,A01,Điểm thi THPT,2021,14.0,9. Thiết kế tàu & công trình ngoài khơi
86177,HHA,thiet-ke-tau-cong-trinh-ngoai-khoi,C01,Điểm thi THPT,2021,14.0,9. Thiết kế tàu & công trình ngoài khơi
86178,HHA,thiet-ke-tau-cong-trinh-ngoai-khoi,D01,Điểm thi THPT,2021,14.0,9. Thiết kế tàu & công trình ngoài khơi
86179,HHA,thiet-ke-tau-cong-trinh-ngoai-khoi,A00,Điểm học bạ,2022,21.0,Thiết kế tàu & công trình ngoài khơi
86180,HHA,thiet-ke-tau-cong-trinh-ngoai-khoi,A01,Điểm học bạ,2022,21.0,Thiết kế tàu & công trình ngoài khơi
86181,HHA,thiet-ke-tau-cong-trinh-ngoai-khoi,C01,Điểm học bạ,2022,21.0,Thiết kế tàu & công trình ngoài khơi
86182,HHA,thiet-ke-tau-cong-trinh-ngoai-khoi,D01,Điểm học bạ,2022,21.0,Thiết kế tàu & công trình ngoài khơi
86183,HHA,thiet-ke-tau-cong-trinh-ngoai-khoi,A00,Điểm thi THPT,2022,17.0,Thiết kế tàu & công trình ngoài khơi
86184,HHA,thiet-ke-tau-cong-trinh-ngoai-khoi,A01,Điểm thi THPT,2022,17.0,Thiết kế tàu & công trình ngoài khơi
86185,HHA,thiet-ke-tau-cong-trinh-ngoai-khoi,C01,Điểm thi THPT,2022,17.0,Thiết kế tàu & công trình ngoài khơi
86186,HHA,thiet-ke-tau-cong-trinh-ngoai-khoi,D01,Điểm thi THPT,2022,17.0,Thiết kế tàu & công trình ngoài khơi
86187,HHA,thiet-ke-tau-cong-trinh-ngoai-khoi,A00,Điểm thi THPT,2023,19.5,Thiết kế tàu & công trình ngoài khơi
86188,HHA,thiet-ke-tau-cong-trinh-ngoai-khoi,A01,Điểm thi THPT,2023,19.5,Thiết kế tàu & công trình ngoài khơi
86189,HHA,thiet-ke-tau-cong-trinh-ngoai-khoi,C01,Điểm thi THPT,2023,19.5,Thiết kế tàu & công trình ngoài khơi
86190,HHA,thiet-ke-tau-cong-trinh-ngoai-khoi,D01,Điểm thi THPT,2023,19.5,Thiết kế tàu & công trình ngoài khơi
86191,HHA,thiet-ke-tau-cong-trinh-ngoai-khoi,A00,Điểm học bạ,2024,23.5,Thiết kế tàu & công trình ngoài khơi
86192,HHA,thiet-ke-tau-cong-trinh-ngoai-khoi,A01,Điểm học bạ,2024,23.5,Thiết kế tàu & công trình ngoài khơi
86193,HHA,thiet-ke-tau-cong-trinh-ngoai-khoi,C01,Điểm học bạ,2024,23.5,Thiết kế tàu & công trình ngoài khơi
86194,HHA,thiet-ke-tau-cong-trinh-ngoai-khoi,D01,Điểm học bạ,2024,23.5,Thiết kế tàu & công trình ngoài khơi
86195,HHA,thiet-ke-tau-cong-trinh-ngoai-khoi,A00,Điểm thi THPT,2024,21.0,Thiết kế tàu & công trình ngoài khơi
86196,HHA,thiet-ke-tau-cong-trinh-ngoai-khoi,A01,Điểm thi THPT,2024,21.0,Thiết kế tàu & công trình ngoài khơi
86197,HHA,thiet-ke-tau-cong-trinh-ngoai-khoi,C01,Điểm thi THPT,2024,21.0,Thiết kế tàu & công trình ngoài khơi
86198,HHA,thiet-ke-tau-cong-trinh-ngoai-khoi,D01,Điểm thi THPT,2024,21.0,Thiết kế tàu & công trình ngoài khơi
86199,HHA,thiet-ke-tau-va-cong-trinh-ngoai-khoi,A00,Điểm học bạ,2025,20.17,Thiết kế tàu và công trình ngoài khơi
86200,HHA,thiet-ke-tau-va-cong-trinh-ngoai-khoi,A01,Điểm học bạ,2025,20.06,Thiết kế tàu và công trình ngoài khơi
86201,HHA,thiet-ke-tau-va-cong-trinh-ngoai-khoi,C01,Điểm học bạ,2025,20.11,Thiết kế tàu và công trình ngoài khơi
86202,HHA,thiet-ke-tau-va-cong-trinh-ngoai-khoi,C02,Điểm học bạ,2025,20.11,Thiết kế tàu và công trình ngoài khơi
86203,HHA,thiet-ke-tau-va-cong-trinh-ngoai-khoi,D01,Điểm học bạ,2025,20.0,Thiết kế tàu và công trình ngoài khơi
86204,HHA,thiet-ke-tau-va-cong-trinh-ngoai-khoi,X02,Điểm học bạ,2025,20.26,Thiết kế tàu và công trình ngoài khơi
86205,HHA,thiet-ke-tau-va-cong-trinh-ngoai-khoi,A00,Điểm thi THPT,2025,20.17,Thiết kế tàu và công trình ngoài khơi
86206,HHA,thiet-ke-tau-va-cong-trinh-ngoai-khoi,A01,Điểm thi THPT,2025,20.0,Thiết kế tàu và công trình ngoài khơi
86207,HHA,thiet-ke-tau-va-cong-trinh-ngoai-khoi,C01,Điểm thi THPT,2025,20.4,Thiết kế tàu và công trình ngoài khơi
86208,HHA,thiet-ke-tau-va-cong-trinh-ngoai-khoi,C02,Điểm thi THPT,2025,20.17,Thiết kế tàu và công trình ngoài khơi
86209,HHA,thiet-ke-tau-va-cong-trinh-ngoai-khoi,D01,Điểm thi THPT,2025,20.0,Thiết kế tàu và công trình ngoài khơi
86210,HHA,thiet-ke-tau-va-cong-trinh-ngoai-khoi,X02,Điểm thi THPT,2025,20.35,Thiết kế tàu và công trình ngoài khơi
86211,HHA,tieng-anh-thuong-mai,A01,Điểm thi THPT,2021,34.75,29. Tiếng Anh thương mại (TA hệ số 2)
86212,HHA,tieng-anh-thuong-mai,D01,Điểm thi THPT,2021,34.75,29. Tiếng Anh thương mại (TA hệ số 2)
86213,HHA,tieng-anh-thuong-mai,D10,Điểm thi THPT,2021,34.75,29. Tiếng Anh thương mại (TA hệ số 2)
86214,HHA,tieng-anh-thuong-mai,D14,Điểm thi THPT,2021,34.75,29. Tiếng Anh thương mại (TA hệ số 2)
86215,HHA,tieng-anh-thuong-mai,A01,Điểm thi THPT,2022,33.0,Tiếng Anh thương mại (TA hệ số 2)
86216,HHA,tieng-anh-thuong-mai,D01,Điểm thi THPT,2022,33.0,Tiếng Anh thương mại (TA hệ số 2)
86217,HHA,tieng-anh-thuong-mai,D10,Điểm thi THPT,2022,33.0,Tiếng Anh thương mại (TA hệ số 2)
86218,HHA,tieng-anh-thuong-mai,D14,Điểm thi THPT,2022,33.0,Tiếng Anh thương mại (TA hệ số 2)
86219,HHA,tieng-anh-thuong-mai,A01,Điểm thi THPT,2023,32.25,Tiếng Anh thương mại (TA hệ số 2)
86220,HHA,tieng-anh-thuong-mai,D01,Điểm thi THPT,2023,32.25,Tiếng Anh thương mại (TA hệ số 2)
86221,HHA,tieng-anh-thuong-mai,D10,Điểm thi THPT,2023,32.25,Tiếng Anh thương mại (TA hệ số 2)
86222,HHA,tieng-anh-thuong-mai,D14,Điểm thi THPT,2023,32.25,Tiếng Anh thương mại (TA hệ số 2)
86223,HHA,tieng-anh-thuong-mai,A01,Điểm thi THPT,2024,31.75,Tiếng Anh thương mại (TA hệ số 2)
86224,HHA,tieng-anh-thuong-mai,D01,Điểm thi THPT,2024,31.75,Tiếng Anh thương mại (TA hệ số 2)
86225,HHA,tieng-anh-thuong-mai,D10,Điểm thi THPT,2024,31.75,Tiếng Anh thương mại (TA hệ số 2)
86226,HHA,tieng-anh-thuong-mai,D14,Điểm thi THPT,2024,31.75,Tiếng Anh thương mại (TA hệ số 2)
86227,HHA,tieng-anh-thuong-mai,A01,Điểm thi THPT,2025,27.0,Tiếng Anh thương mại
86228,HHA,tieng-anh-thuong-mai,D01,Điểm thi THPT,2025,27.0,Tiếng Anh thương mại
86229,HHA,tieng-anh-thuong-mai,D09,Điểm thi THPT,2025,26.84,Tiếng Anh thương mại
86230,HHA,tieng-anh-thuong-mai,D10,Điểm thi THPT,2025,26.88,Tiếng Anh thương mại
86231,HHA,tieng-anh-thuong-mai,D14,Điểm thi THPT,2025,27.59,Tiếng Anh thương mại
86232,HHA,tieng-anh-thuong-mai,D15,Điểm thi THPT,2025,27.61,Tiếng Anh thương mại
86233,HHA,truyen-thong-marketing,A01,Điểm thi THPT,2025,23.15,Truyền thông Marketing
86234,HHA,truyen-thong-marketing,C01,Điểm thi THPT,2025,23.55,Truyền thông Marketing
86235,HHA,truyen-thong-marketing,C03,Điểm thi THPT,2025,23.44,Truyền thông Marketing
86236,HHA,truyen-thong-marketing,C04,Điểm thi THPT,2025,23.46,Truyền thông Marketing
86237,HHA,truyen-thong-marketing,D01,Điểm thi THPT,2025,23.15,Truyền thông Marketing
86238,HHA,truyen-thong-marketing,D09,Điểm thi THPT,2025,23.03,Truyền thông Marketing
86239,HHA,tu-dong-hoa-he-thong-dien,A00,Điểm học bạ,2021,23.0,7. Tự động hóa hệ thống điện
86240,HHA,tu-dong-hoa-he-thong-dien,A01,Điểm học bạ,2021,23.0,7. Tự động hóa hệ thống điện
86241,HHA,tu-dong-hoa-he-thong-dien,C01,Điểm học bạ,2021,23.0,7. Tự động hóa hệ thống điện
86242,HHA,tu-dong-hoa-he-thong-dien,D01,Điểm học bạ,2021,23.0,7. Tự động hóa hệ thống điện
86243,HHA,tu-dong-hoa-he-thong-dien,A00,Điểm thi THPT,2021,22.4,7. Tự động hóa hệ thống điện
86244,HHA,tu-dong-hoa-he-thong-dien,A01,Điểm thi THPT,2021,22.4,7. Tự động hóa hệ thống điện
86245,HHA,tu-dong-hoa-he-thong-dien,C01,Điểm thi THPT,2021,22.4,7. Tự động hóa hệ thống điện
86246,HHA,tu-dong-hoa-he-thong-dien,D01,Điểm thi THPT,2021,22.4,7. Tự động hóa hệ thống điện
86247,HHA,tu-dong-hoa-he-thong-dien,A00,Điểm học bạ,2022,25.5,Tự động hóa hệ thống điện
86248,HHA,tu-dong-hoa-he-thong-dien,A01,Điểm học bạ,2022,25.5,Tự động hóa hệ thống điện
86249,HHA,tu-dong-hoa-he-thong-dien,C01,Điểm học bạ,2022,25.5,Tự động hóa hệ thống điện
86250,HHA,tu-dong-hoa-he-thong-dien,D01,Điểm học bạ,2022,25.5,Tự động hóa hệ thống điện
86251,HHA,tu-dong-hoa-he-thong-dien,A00,Điểm thi THPT,2022,23.75,Tự động hóa hệ thống điện
86252,HHA,tu-dong-hoa-he-thong-dien,A01,Điểm thi THPT,2022,23.75,Tự động hóa hệ thống điện
86253,HHA,tu-dong-hoa-he-thong-dien,C01,Điểm thi THPT,2022,23.75,Tự động hóa hệ thống điện
86254,HHA,tu-dong-hoa-he-thong-dien,D01,Điểm thi THPT,2022,23.75,Tự động hóa hệ thống điện
86255,HHA,tu-dong-hoa-he-thong-dien,A00,Điểm thi THPT,2023,22.5,Tự động hóa hệ thống điện
86256,HHA,tu-dong-hoa-he-thong-dien,A01,Điểm thi THPT,2023,22.5,Tự động hóa hệ thống điện
86257,HHA,tu-dong-hoa-he-thong-dien,C01,Điểm thi THPT,2023,22.5,Tự động hóa hệ thống điện
86258,HHA,tu-dong-hoa-he-thong-dien,D01,Điểm thi THPT,2023,22.5,Tự động hóa hệ thống điện
86259,HHA,tu-dong-hoa-he-thong-dien,A00,Điểm học bạ,2024,26.0,Tự động hóa hệ thống điện
86260,HHA,tu-dong-hoa-he-thong-dien,A01,Điểm học bạ,2024,26.0,Tự động hóa hệ thống điện
86261,HHA,tu-dong-hoa-he-thong-dien,C01,Điểm học bạ,2024,26.0,Tự động hóa hệ thống điện
86262,HHA,tu-dong-hoa-he-thong-dien,D01,Điểm học bạ,2024,26.0,Tự động hóa hệ thống điện
86263,HHA,tu-dong-hoa-he-thong-dien,A00,Điểm thi THPT,2024,23.5,Tự động hóa hệ thống điện
86264,HHA,tu-dong-hoa-he-thong-dien,A01,Điểm thi THPT,2024,23.5,Tự động hóa hệ thống điện
86265,HHA,tu-dong-hoa-he-thong-dien,C01,Điểm thi THPT,2024,23.5,Tự động hóa hệ thống điện
86266,HHA,tu-dong-hoa-he-thong-dien,D01,Điểm thi THPT,2024,23.5,Tự động hóa hệ thống điện
86267,HHA,tu-dong-hoa-he-thong-dien,A00,Điểm học bạ,2025,22.42,Tự động hóa hệ thống điện
86268,HHA,tu-dong-hoa-he-thong-dien,A01,Điểm học bạ,2025,22.31,Tự động hóa hệ thống điện
86269,HHA,tu-dong-hoa-he-thong-dien,C01,Điểm học bạ,2025,22.36,Tự động hóa hệ thống điện
86270,HHA,tu-dong-hoa-he-thong-dien,C02,Điểm học bạ,2025,22.36,Tự động hóa hệ thống điện
86271,HHA,tu-dong-hoa-he-thong-dien,D01,Điểm học bạ,2025,22.25,Tự động hóa hệ thống điện
86272,HHA,tu-dong-hoa-he-thong-dien,X02,Điểm học bạ,2025,22.51,Tự động hóa hệ thống điện
86273,HHA,tu-dong-hoa-he-thong-dien,A00,Điểm thi THPT,2025,22.42,Tự động hóa hệ thống điện
86274,HHA,tu-dong-hoa-he-thong-dien,A01,Điểm thi THPT,2025,22.25,Tự động hóa hệ thống điện
86275,HHA,tu-dong-hoa-he-thong-dien,C01,Điểm thi THPT,2025,22.65,Tự động hóa hệ thống điện
86276,HHA,tu-dong-hoa-he-thong-dien,C02,Điểm thi THPT,2025,22.42,Tự động hóa hệ thống điện
86277,HHA,tu-dong-hoa-he-thong-dien,D01,Điểm thi THPT,2025,22.25,Tự động hóa hệ thống điện
86278,HHA,tu-dong-hoa-he-thong-dien,X02,Điểm thi THPT,2025,22.6,Tự động hóa hệ thống điện
86279,HHA,u-dong-hoa-he-thong-dien,A00,Điểm học bạ,2023,25.5,ự động hóa hệ thống điện
86280,HHA,u-dong-hoa-he-thong-dien,A01,Điểm học bạ,2023,25.5,ự động hóa hệ thống điện
86281,HHA,u-dong-hoa-he-thong-dien,C01,Điểm học bạ,2023,25.5,ự động hóa hệ thống điện
86282,HHA,u-dong-hoa-he-thong-dien,D01,Điểm học bạ,2023,25.5,ự động hóa hệ thống điện
86283,HHA,uan-ly-hang-hai,A00,Điểm học bạ,2023,27.5,uản lý hàng hải
86284,HHA,uan-ly-hang-hai,A01,Điểm học bạ,2023,27.5,uản lý hàng hải
86285,HHA,uan-ly-hang-hai,C01,Điểm học bạ,2023,27.5,uản lý hàng hải
86286,HHA,uan-ly-hang-hai,D01,Điểm học bạ,2023,27.5,uản lý hàng hải
86287,HHA,xay-dung-cong-trinh-thuy,A00,Điểm học bạ,2021,18.0,17. Xây dựng công trình thủy
86288,HHA,xay-dung-cong-trinh-thuy,A01,Điểm học bạ,2021,18.0,17. Xây dựng công trình thủy
86289,HHA,xay-dung-cong-trinh-thuy,C01,Điểm học bạ,2021,18.0,17. Xây dựng công trình thủy
86290,HHA,xay-dung-cong-trinh-thuy,D01,Điểm học bạ,2021,18.0,17. Xây dựng công trình thủy
86291,HHA,xay-dung-cong-trinh-thuy,A00,Điểm thi THPT,2021,14.0,17. Xây dựng công trình thủy
86292,HHA,xay-dung-cong-trinh-thuy,A01,Điểm thi THPT,2021,14.0,17. Xây dựng công trình thủy
86293,HHA,xay-dung-cong-trinh-thuy,C01,Điểm thi THPT,2021,14.0,17. Xây dựng công trình thủy
86294,HHA,xay-dung-cong-trinh-thuy,D01,Điểm thi THPT,2021,14.0,17. Xây dựng công trình thủy
86295,HHA,xay-dung-cong-trinh-thuy,A00,Điểm học bạ,2022,19.0,Xây dựng công trình thủy
86296,HHA,xay-dung-cong-trinh-thuy,A01,Điểm học bạ,2022,19.0,Xây dựng công trình thủy
86297,HHA,xay-dung-cong-trinh-thuy,C01,Điểm học bạ,2022,19.0,Xây dựng công trình thủy
86298,HHA,xay-dung-cong-trinh-thuy,D01,Điểm học bạ,2022,19.0,Xây dựng công trình thủy
86299,HHA,xay-dung-cong-trinh-thuy,A00,Điểm thi THPT,2022,17.0,Xây dựng công trình thủy
86300,HHA,xay-dung-cong-trinh-thuy,A01,Điểm thi THPT,2022,17.0,Xây dựng công trình thủy
86301,HHA,xay-dung-cong-trinh-thuy,C01,Điểm thi THPT,2022,17.0,Xây dựng công trình thủy
86302,HHA,xay-dung-cong-trinh-thuy,D01,Điểm thi THPT,2022,17.0,Xây dựng công trình thủy
86303,HHA,xay-dung-cong-trinh-thuy,A00,Điểm học bạ,2023,22.0,Xây dựng công trình thủy
86304,HHA,xay-dung-cong-trinh-thuy,A01,Điểm học bạ,2023,22.0,Xây dựng công trình thủy
86305,HHA,xay-dung-cong-trinh-thuy,C01,Điểm học bạ,2023,22.0,Xây dựng công trình thủy
86306,HHA,xay-dung-cong-trinh-thuy,D01,Điểm học bạ,2023,22.0,Xây dựng công trình thủy
86307,HHA,xay-dung-cong-trinh-thuy,A00,Điểm thi THPT,2023,18.0,Xây dựng công trình thủy
86308,HHA,xay-dung-cong-trinh-thuy,A01,Điểm thi THPT,2023,18.0,Xây dựng công trình thủy
86309,HHA,xay-dung-cong-trinh-thuy,C01,Điểm thi THPT,2023,18.0,Xây dựng công trình thủy
86310,HHA,xay-dung-cong-trinh-thuy,D01,Điểm thi THPT,2023,18.0,Xây dựng công trình thủy
86311,HHA,xay-dung-cong-trinh-thuy,A00,Điểm học bạ,2024,22.75,Xây dựng công trình thủy
86312,HHA,xay-dung-cong-trinh-thuy,A01,Điểm học bạ,2024,22.75,Xây dựng công trình thủy
86313,HHA,xay-dung-cong-trinh-thuy,C01,Điểm học bạ,2024,22.75,Xây dựng công trình thủy
86314,HHA,xay-dung-cong-trinh-thuy,D01,Điểm học bạ,2024,22.75,Xây dựng công trình thủy
86315,HHA,xay-dung-cong-trinh-thuy,A00,Điểm thi THPT,2024,20.0,Xây dựng công trình thủy
86316,HHA,xay-dung-cong-trinh-thuy,A01,Điểm thi THPT,2024,20.0,Xây dựng công trình thủy
86317,HHA,xay-dung-cong-trinh-thuy,C01,Điểm thi THPT,2024,20.0,Xây dựng công trình thủy
86318,HHA,xay-dung-cong-trinh-thuy,D01,Điểm thi THPT,2024,20.0,Xây dựng công trình thủy
86319,HHA,xay-dung-cong-trinh-thuy,A00,Điểm học bạ,2025,19.17,Xây dựng công trình thủy
86320,HHA,xay-dung-cong-trinh-thuy,A01,Điểm học bạ,2025,19.06,Xây dựng công trình thủy
86321,HHA,xay-dung-cong-trinh-thuy,C01,Điểm học bạ,2025,19.11,Xây dựng công trình thủy
86322,HHA,xay-dung-cong-trinh-thuy,C02,Điểm học bạ,2025,19.11,Xây dựng công trình thủy
86323,HHA,xay-dung-cong-trinh-thuy,D01,Điểm học bạ,2025,19.0,Xây dựng công trình thủy
86324,HHA,xay-dung-cong-trinh-thuy,X02,Điểm học bạ,2025,19.26,Xây dựng công trình thủy
86325,HHA,xay-dung-cong-trinh-thuy,A00,Điểm thi THPT,2025,19.17,Xây dựng công trình thủy
86326,HHA,xay-dung-cong-trinh-thuy,A01,Điểm thi THPT,2025,19.0,Xây dựng công trình thủy
86327,HHA,xay-dung-cong-trinh-thuy,C01,Điểm thi THPT,2025,19.4,Xây dựng công trình thủy
86328,HHA,xay-dung-cong-trinh-thuy,C02,Điểm thi THPT,2025,19.17,Xây dựng công trình thủy
86329,HHA,xay-dung-cong-trinh-thuy,D01,Điểm thi THPT,2025,19.0,Xây dựng công trình thủy
86330,HHA,xay-dung-cong-trinh-thuy,X02,Điểm thi THPT,2025,19.35,Xây dựng công trình thủy
86331,HHA,xay-dung-dan-dung-cong-nghiep,A00,Điểm học bạ,2021,18.0,19. Xây dựng dân dụng & công nghiệp
86332,HHA,xay-dung-dan-dung-cong-nghiep,A01,Điểm học bạ,2021,18.0,19. Xây dựng dân dụng & công nghiệp
86333,HHA,xay-dung-dan-dung-cong-nghiep,C01,Điểm học bạ,2021,18.0,19. Xây dựng dân dụng & công nghiệp
86334,HHA,xay-dung-dan-dung-cong-nghiep,D01,Điểm học bạ,2021,18.0,19. Xây dựng dân dụng & công nghiệp
86335,HHA,xay-dung-dan-dung-cong-nghiep,A00,Điểm thi THPT,2021,16.0,19. Xây dựng dân dụng & công nghiệp
86336,HHA,xay-dung-dan-dung-cong-nghiep,A01,Điểm thi THPT,2021,16.0,19. Xây dựng dân dụng & công nghiệp
86337,HHA,xay-dung-dan-dung-cong-nghiep,C01,Điểm thi THPT,2021,16.0,19. Xây dựng dân dụng & công nghiệp
86338,HHA,xay-dung-dan-dung-cong-nghiep,D01,Điểm thi THPT,2021,16.0,19. Xây dựng dân dụng & công nghiệp
86339,HHA,xay-dung-dan-dung-cong-nghiep,A00,Điểm học bạ,2022,22.0,Xây dựng dân dụng & công nghiệp
86340,HHA,xay-dung-dan-dung-cong-nghiep,A01,Điểm học bạ,2022,22.0,Xây dựng dân dụng & công nghiệp
86341,HHA,xay-dung-dan-dung-cong-nghiep,C01,Điểm học bạ,2022,22.0,Xây dựng dân dụng & công nghiệp
86342,HHA,xay-dung-dan-dung-cong-nghiep,D01,Điểm học bạ,2022,22.0,Xây dựng dân dụng & công nghiệp
86343,HHA,xay-dung-dan-dung-cong-nghiep,A00,Điểm thi THPT,2022,17.0,Xây dựng dân dụng & công nghiệp
86344,HHA,xay-dung-dan-dung-cong-nghiep,A01,Điểm thi THPT,2022,17.0,Xây dựng dân dụng & công nghiệp
86345,HHA,xay-dung-dan-dung-cong-nghiep,C01,Điểm thi THPT,2022,17.0,Xây dựng dân dụng & công nghiệp
86346,HHA,xay-dung-dan-dung-cong-nghiep,D01,Điểm thi THPT,2022,17.0,Xây dựng dân dụng & công nghiệp
86347,HHA,xay-dung-dan-dung-cong-nghiep,A00,Điểm học bạ,2023,22.0,Xây dựng dân dụng & công nghiệp
86348,HHA,xay-dung-dan-dung-cong-nghiep,A01,Điểm học bạ,2023,22.0,Xây dựng dân dụng & công nghiệp
86349,HHA,xay-dung-dan-dung-cong-nghiep,C01,Điểm học bạ,2023,22.0,Xây dựng dân dụng & công nghiệp
86350,HHA,xay-dung-dan-dung-cong-nghiep,D01,Điểm học bạ,2023,22.0,Xây dựng dân dụng & công nghiệp
86351,HHA,xay-dung-dan-dung-cong-nghiep,A00,Điểm thi THPT,2023,19.0,Xây dựng dân dụng & công nghiệp
86352,HHA,xay-dung-dan-dung-cong-nghiep,A01,Điểm thi THPT,2023,19.0,Xây dựng dân dụng & công nghiệp
86353,HHA,xay-dung-dan-dung-cong-nghiep,C01,Điểm thi THPT,2023,19.0,Xây dựng dân dụng & công nghiệp
86354,HHA,xay-dung-dan-dung-cong-nghiep,D01,Điểm thi THPT,2023,19.0,Xây dựng dân dụng & công nghiệp
86355,HHA,xay-dung-dan-dung-cong-nghiep,A00,Điểm học bạ,2024,24.25,Xây dựng dân dụng & công nghiệp
86356,HHA,xay-dung-dan-dung-cong-nghiep,A01,Điểm học bạ,2024,24.25,Xây dựng dân dụng & công nghiệp
86357,HHA,xay-dung-dan-dung-cong-nghiep,C01,Điểm học bạ,2024,24.25,Xây dựng dân dụng & công nghiệp
86358,HHA,xay-dung-dan-dung-cong-nghiep,D01,Điểm học bạ,2024,24.25,Xây dựng dân dụng & công nghiệp
86359,HHA,xay-dung-dan-dung-cong-nghiep,A00,Điểm thi THPT,2024,20.5,Xây dựng dân dụng & công nghiệp
86360,HHA,xay-dung-dan-dung-cong-nghiep,A01,Điểm thi THPT,2024,20.5,Xây dựng dân dụng & công nghiệp
86361,HHA,xay-dung-dan-dung-cong-nghiep,C01,Điểm thi THPT,2024,20.5,Xây dựng dân dụng & công nghiệp
86362,HHA,xay-dung-dan-dung-cong-nghiep,D01,Điểm thi THPT,2024,20.5,Xây dựng dân dụng & công nghiệp
86363,HHA,xay-dung-dan-dung-va-cong-nghiep,A00,Điểm học bạ,2025,19.67,Xây dựng dân dụng và công nghiệp
86364,HHA,xay-dung-dan-dung-va-cong-nghiep,A01,Điểm học bạ,2025,19.56,Xây dựng dân dụng và công nghiệp
86365,HHA,xay-dung-dan-dung-va-cong-nghiep,C01,Điểm học bạ,2025,19.61,Xây dựng dân dụng và công nghiệp
86366,HHA,xay-dung-dan-dung-va-cong-nghiep,C02,Điểm học bạ,2025,19.61,Xây dựng dân dụng và công nghiệp
86367,HHA,xay-dung-dan-dung-va-cong-nghiep,D01,Điểm học bạ,2025,19.5,Xây dựng dân dụng và công nghiệp
86368,HHA,xay-dung-dan-dung-va-cong-nghiep,X02,Điểm học bạ,2025,19.76,Xây dựng dân dụng và công nghiệp
86369,HHA,xay-dung-dan-dung-va-cong-nghiep,A00,Điểm thi THPT,2025,19.67,Xây dựng dân dụng và công nghiệp
86370,HHA,xay-dung-dan-dung-va-cong-nghiep,A01,Điểm thi THPT,2025,19.5,Xây dựng dân dụng và công nghiệp
86371,HHA,xay-dung-dan-dung-va-cong-nghiep,C01,Điểm thi THPT,2025,19.9,Xây dựng dân dụng và công nghiệp
86372,HHA,xay-dung-dan-dung-va-cong-nghiep,C02,Điểm thi THPT,2025,19.67,Xây dựng dân dụng và công nghiệp
86373,HHA,xay-dung-dan-dung-va-cong-nghiep,D01,Điểm thi THPT,2025,19.5,Xây dựng dân dụng và công nghiệp
86374,HHA,xay-dung-dan-dung-va-cong-nghiep,X02,Điểm thi THPT,2025,19.85,Xây dựng dân dụng và công nghiệp
86375,HHK,cnkt-cong-trinh-xay-dung,A00,Điểm học bạ,2022,21.0,CNKT công trình xây dựng
86376,HHK,cnkt-cong-trinh-xay-dung,A01,Điểm học bạ,2022,21.0,CNKT công trình xây dựng
86377,HHK,cnkt-cong-trinh-xay-dung,D07,Điểm học bạ,2022,21.0,CNKT công trình xây dựng
86378,HHK,cnkt-cong-trinh-xay-dung,D90,Điểm học bạ,2022,21.0,CNKT công trình xây dựng
86379,HHK,cnkt-cong-trinh-xay-dung,A00,Điểm thi THPT,2022,17.0,CNKT công trình xây dựng
86380,HHK,cnkt-cong-trinh-xay-dung,A01,Điểm thi THPT,2022,17.0,CNKT công trình xây dựng
86381,HHK,cnkt-cong-trinh-xay-dung,D07,Điểm thi THPT,2022,17.0,CNKT công trình xây dựng
86382,HHK,cnkt-cong-trinh-xay-dung,D90,Điểm thi THPT,2022,17.0,CNKT công trình xây dựng
86383,HHK,cnkt-cong-trinh-xay-dung,A00,Điểm học bạ,2023,18.0,CNKT công trình xây dựng
86384,HHK,cnkt-cong-trinh-xay-dung,A01,Điểm học bạ,2023,18.0,CNKT công trình xây dựng
86385,HHK,cnkt-cong-trinh-xay-dung,D07,Điểm học bạ,2023,18.0,CNKT công trình xây dựng
86386,HHK,cnkt-cong-trinh-xay-dung,K01,Điểm học bạ,2023,18.0,CNKT công trình xây dựng
86387,HHK,cnkt-dien-tu-vien-thong,A00,Điểm học bạ,2021,21.0,CNKT điện tử - viễn thông
86388,HHK,cnkt-dien-tu-vien-thong,A01,Điểm học bạ,2021,21.0,CNKT điện tử - viễn thông
86389,HHK,cnkt-dien-tu-vien-thong,D07,Điểm học bạ,2021,21.0,CNKT điện tử - viễn thông
86390,HHK,cnkt-dien-tu-vien-thong,D90,Điểm học bạ,2021,21.0,CNKT điện tử - viễn thông
86391,HHK,cnkt-dien-tu-vien-thong,A00,Điểm thi THPT,2021,18.0,CNKT Điện tử viễn thông
86392,HHK,cnkt-dien-tu-vien-thong,A01,Điểm thi THPT,2021,18.0,CNKT Điện tử viễn thông
86393,HHK,cnkt-dien-tu-vien-thong,D07,Điểm thi THPT,2021,18.0,CNKT Điện tử viễn thông
86394,HHK,cnkt-dien-tu-vien-thong,D90,Điểm thi THPT,2021,18.0,CNKT Điện tử viễn thông
86395,HHK,cnkt-dien-tu-vien-thong,A00,Điểm thi THPT,2022,17.0,CNKT Điện tử viễn thông
86396,HHK,cnkt-dien-tu-vien-thong,A01,Điểm thi THPT,2022,17.0,CNKT Điện tử viễn thông
86397,HHK,cnkt-dien-tu-vien-thong,D07,Điểm thi THPT,2022,17.0,CNKT Điện tử viễn thông
86398,HHK,cnkt-dien-tu-vien-thong,D90,Điểm thi THPT,2022,17.0,CNKT Điện tử viễn thông
86399,HHK,cnkt-dien-tu-vien-thong,A00,Điểm học bạ,2023,18.0,CNKT Điện tử viễn thông
86400,HHK,cnkt-dien-tu-vien-thong,A01,Điểm học bạ,2023,18.0,CNKT Điện tử viễn thông
86401,HHK,cnkt-dien-tu-vien-thong,D07,Điểm học bạ,2023,18.0,CNKT Điện tử viễn thông
86402,HHK,cnkt-dien-tu-vien-thong,K01,Điểm học bạ,2023,18.0,CNKT Điện tử viễn thông
86403,HHK,cnkt-dieu-khien-tdh,A00,Điểm thi THPT,2021,18.0,CNKT Điều khiển & TĐH
86404,HHK,cnkt-dieu-khien-tdh,A01,Điểm thi THPT,2021,18.0,CNKT Điều khiển & TĐH
86405,HHK,cnkt-dieu-khien-tdh,D07,Điểm thi THPT,2021,18.0,CNKT Điều khiển & TĐH
86406,HHK,cnkt-dieu-khien-tdh,D90,Điểm thi THPT,2021,18.0,CNKT Điều khiển & TĐH
86407,HHK,cnkt-dieu-khien-tdh,A00,Điểm thi THPT,2022,17.0,CNKT Điều khiển & TĐH
86408,HHK,cnkt-dieu-khien-tdh,A01,Điểm thi THPT,2022,17.0,CNKT Điều khiển & TĐH
86409,HHK,cnkt-dieu-khien-tdh,D07,Điểm thi THPT,2022,17.0,CNKT Điều khiển & TĐH
86410,HHK,cnkt-dieu-khien-tdh,D90,Điểm thi THPT,2022,17.0,CNKT Điều khiển & TĐH
86411,HHK,cnkt-dieu-khien-tdh,A00,Điểm học bạ,2023,18.0,CNKT Điều khiển & TĐH
86412,HHK,cnkt-dieu-khien-tdh,A01,Điểm học bạ,2023,18.0,CNKT Điều khiển & TĐH
86413,HHK,cnkt-dieu-khien-tdh,D07,Điểm học bạ,2023,18.0,CNKT Điều khiển & TĐH
86414,HHK,cnkt-dieu-khien-tdh,K01,Điểm học bạ,2023,18.0,CNKT Điều khiển & TĐH
86415,HHK,cnkt-dieu-khien-va-tu-dong-hoa,A00,Điểm học bạ,2021,21.0,CNKT điều khiển và tự động hóa
86416,HHK,cnkt-dieu-khien-va-tu-dong-hoa,A01,Điểm học bạ,2021,21.0,CNKT điều khiển và tự động hóa
86417,HHK,cnkt-dieu-khien-va-tu-dong-hoa,D07,Điểm học bạ,2021,21.0,CNKT điều khiển và tự động hóa
86418,HHK,cnkt-dieu-khien-va-tu-dong-hoa,D90,Điểm học bạ,2021,21.0,CNKT điều khiển và tự động hóa
86419,HHK,cong-nghe-kt-dien-tu-vien-thong,A00,Điểm học bạ,2022,21.0,Công nghệ KT điện tử - viễn thông
86420,HHK,cong-nghe-kt-dien-tu-vien-thong,A01,Điểm học bạ,2022,21.0,Công nghệ KT điện tử - viễn thông
86421,HHK,cong-nghe-kt-dien-tu-vien-thong,D07,Điểm học bạ,2022,21.0,Công nghệ KT điện tử - viễn thông
86422,HHK,cong-nghe-kt-dien-tu-vien-thong,D90,Điểm học bạ,2022,21.0,Công nghệ KT điện tử - viễn thông
86423,HHK,cong-nghe-kt-dieu-khien-va-tu-dong-hoa,A00,Điểm học bạ,2022,21.0,Công nghệ KT điều khiển và tự động hóa
86424,HHK,cong-nghe-kt-dieu-khien-va-tu-dong-hoa,A01,Điểm học bạ,2022,21.0,Công nghệ KT điều khiển và tự động hóa
86425,HHK,cong-nghe-kt-dieu-khien-va-tu-dong-hoa,D07,Điểm học bạ,2022,21.0,Công nghệ KT điều khiển và tự động hóa
86426,HHK,cong-nghe-kt-dieu-khien-va-tu-dong-hoa,D90,Điểm học bạ,2022,21.0,Công nghệ KT điều khiển và tự động hóa
86427,HHK,cong-nghe-ky-thuat-cong-trinh-xay-dung,A00,Điểm thi THPT,2023,16.0,Công nghệ kỹ thuật công trình xây dựng
86428,HHK,cong-nghe-ky-thuat-cong-trinh-xay-dung,A01,Điểm thi THPT,2023,16.0,Công nghệ kỹ thuật công trình xây dựng
86429,HHK,cong-nghe-ky-thuat-cong-trinh-xay-dung,D07,Điểm thi THPT,2023,16.0,Công nghệ kỹ thuật công trình xây dựng
86430,HHK,cong-nghe-ky-thuat-cong-trinh-xay-dung,A00,Điểm thi THPT,2024,16.0,Công nghệ kỹ thuật công trình xây dựng (CN: Quản lý và khai thác cảng HK)
86431,HHK,cong-nghe-ky-thuat-cong-trinh-xay-dung,A01,Điểm thi THPT,2024,16.0,Công nghệ kỹ thuật công trình xây dựng (CN: Quản lý và khai thác cảng HK)
86432,HHK,cong-nghe-ky-thuat-cong-trinh-xay-dung,D07,Điểm thi THPT,2024,16.0,Công nghệ kỹ thuật công trình xây dựng (CN: Quản lý và khai thác cảng HK)
86433,HHK,cong-nghe-ky-thuat-cong-trinh-xay-dung-cn-quan-ly-va-khai-thac-cang-hk,A00,Điểm học bạ,2024,18.0,Công nghệ kỹ thuật công trình xây dựng – CN: Quản lý và khai thác cảng HK
86434,HHK,cong-nghe-ky-thuat-cong-trinh-xay-dung-cn-quan-ly-va-khai-thac-cang-hk,A01,Điểm học bạ,2024,18.0,Công nghệ kỹ thuật công trình xây dựng – CN: Quản lý và khai thác cảng HK
86435,HHK,cong-nghe-ky-thuat-cong-trinh-xay-dung-cn-quan-ly-va-khai-thac-cang-hk,D07,Điểm học bạ,2024,18.0,Công nghệ kỹ thuật công trình xây dựng – CN: Quản lý và khai thác cảng HK
86436,HHK,cong-nghe-ky-thuat-cong-trinh-xay-dung-cn-quan-ly-va-khai-thac-cang-hk,K01,Điểm học bạ,2024,18.0,Công nghệ kỹ thuật công trình xây dựng – CN: Quản lý và khai thác cảng HK
86437,HHK,cong-nghe-ky-thuat-cong-trinh-xay-dung-cn-xay-dung-va-phat-trien-cang-hk,A00,Điểm học bạ,2024,18.0,Công nghệ kỹ thuật công trình xây dựng – CN: Xây dựng và phát triển cảng HK
86438,HHK,cong-nghe-ky-thuat-cong-trinh-xay-dung-cn-xay-dung-va-phat-trien-cang-hk,A01,Điểm học bạ,2024,18.0,Công nghệ kỹ thuật công trình xây dựng – CN: Xây dựng và phát triển cảng HK
86439,HHK,cong-nghe-ky-thuat-cong-trinh-xay-dung-cn-xay-dung-va-phat-trien-cang-hk,D07,Điểm học bạ,2024,18.0,Công nghệ kỹ thuật công trình xây dựng – CN: Xây dựng và phát triển cảng HK
86440,HHK,cong-nghe-ky-thuat-cong-trinh-xay-dung-cn-xay-dung-va-phat-trien-cang-hk,K01,Điểm học bạ,2024,18.0,Công nghệ kỹ thuật công trình xây dựng – CN: Xây dựng và phát triển cảng HK
86441,HHK,cong-nghe-ky-thuat-dien-tu-vien-thong,A00,Điểm thi THPT,2023,16.0,Công nghệ kỹ thuật điện tử - viễn thông
86442,HHK,cong-nghe-ky-thuat-dien-tu-vien-thong,A01,Điểm thi THPT,2023,16.0,Công nghệ kỹ thuật điện tử - viễn thông
86443,HHK,cong-nghe-ky-thuat-dien-tu-vien-thong,D07,Điểm thi THPT,2023,16.0,Công nghệ kỹ thuật điện tử - viễn thông
86444,HHK,cong-nghe-ky-thuat-dien-tu-vien-thong,A00,Điểm học bạ,2024,18.0,Công nghệ kỹ thuật điện tử - viễn thông
86445,HHK,cong-nghe-ky-thuat-dien-tu-vien-thong,A01,Điểm học bạ,2024,18.0,Công nghệ kỹ thuật điện tử - viễn thông
86446,HHK,cong-nghe-ky-thuat-dien-tu-vien-thong,D07,Điểm học bạ,2024,18.0,Công nghệ kỹ thuật điện tử - viễn thông
86447,HHK,cong-nghe-ky-thuat-dien-tu-vien-thong,K01,Điểm học bạ,2024,18.0,Công nghệ kỹ thuật điện tử - viễn thông
86448,HHK,cong-nghe-ky-thuat-dien-tu-vien-thong,A00,Điểm thi THPT,2024,16.0,Công nghệ kỹ thuật điện tử - viễn thông
86449,HHK,cong-nghe-ky-thuat-dien-tu-vien-thong,A01,Điểm thi THPT,2024,16.0,Công nghệ kỹ thuật điện tử - viễn thông
86450,HHK,cong-nghe-ky-thuat-dien-tu-vien-thong,D07,Điểm thi THPT,2024,16.0,Công nghệ kỹ thuật điện tử - viễn thông
86451,HHK,cong-nghe-ky-thuat-dieu-khien-va-tu-dong-hoa,A00,Điểm thi THPT,2023,16.0,Công nghệ kỹ thuật điều khiển và tự động hóa
86452,HHK,cong-nghe-ky-thuat-dieu-khien-va-tu-dong-hoa,A01,Điểm thi THPT,2023,16.0,Công nghệ kỹ thuật điều khiển và tự động hóa
86453,HHK,cong-nghe-ky-thuat-dieu-khien-va-tu-dong-hoa,D07,Điểm thi THPT,2023,16.0,Công nghệ kỹ thuật điều khiển và tự động hóa
86454,HHK,cong-nghe-ky-thuat-dieu-khien-va-tu-dong-hoa,A00,Điểm học bạ,2024,18.0,Công nghệ kỹ thuật điều khiển và tự động hóa
86455,HHK,cong-nghe-ky-thuat-dieu-khien-va-tu-dong-hoa,A01,Điểm học bạ,2024,18.0,Công nghệ kỹ thuật điều khiển và tự động hóa
86456,HHK,cong-nghe-ky-thuat-dieu-khien-va-tu-dong-hoa,D07,Điểm học bạ,2024,18.0,Công nghệ kỹ thuật điều khiển và tự động hóa
86457,HHK,cong-nghe-ky-thuat-dieu-khien-va-tu-dong-hoa,K01,Điểm học bạ,2024,18.0,Công nghệ kỹ thuật điều khiển và tự động hóa
86458,HHK,cong-nghe-ky-thuat-dieu-khien-va-tu-dong-hoa,A00,Điểm thi THPT,2024,16.0,Công nghệ kỹ thuật điều khiển và tự động hóa
86459,HHK,cong-nghe-ky-thuat-dieu-khien-va-tu-dong-hoa,A01,Điểm thi THPT,2024,16.0,Công nghệ kỹ thuật điều khiển và tự động hóa
86460,HHK,cong-nghe-ky-thuat-dieu-khien-va-tu-dong-hoa,D07,Điểm thi THPT,2024,16.0,Công nghệ kỹ thuật điều khiển và tự động hóa
86461,HHK,cong-nghe-phan-mem-va-tri-tue-nhan-tao,A00,Điểm học bạ,2025,22.0,Công nghệ phần mềm và Trí tuệ nhân tạo (Ngành: CNTT)
86462,HHK,cong-nghe-phan-mem-va-tri-tue-nhan-tao,A01,Điểm học bạ,2025,22.0,Công nghệ phần mềm và Trí tuệ nhân tạo (Ngành: CNTT)
86463,HHK,cong-nghe-phan-mem-va-tri-tue-nhan-tao,A02,Điểm học bạ,2025,22.0,Công nghệ phần mềm và Trí tuệ nhân tạo (Ngành: CNTT)
86464,HHK,cong-nghe-phan-mem-va-tri-tue-nhan-tao,A03,Điểm học bạ,2025,22.0,Công nghệ phần mềm và Trí tuệ nhân tạo (Ngành: CNTT)
86465,HHK,cong-nghe-phan-mem-va-tri-tue-nhan-tao,A04,Điểm học bạ,2025,22.0,Công nghệ phần mềm và Trí tuệ nhân tạo (Ngành: CNTT)
86466,HHK,cong-nghe-phan-mem-va-tri-tue-nhan-tao,A05,Điểm học bạ,2025,22.0,Công nghệ phần mềm và Trí tuệ nhân tạo (Ngành: CNTT)
86467,HHK,cong-nghe-phan-mem-va-tri-tue-nhan-tao,A06,Điểm học bạ,2025,22.0,Công nghệ phần mềm và Trí tuệ nhân tạo (Ngành: CNTT)
86468,HHK,cong-nghe-phan-mem-va-tri-tue-nhan-tao,A07,Điểm học bạ,2025,22.0,Công nghệ phần mềm và Trí tuệ nhân tạo (Ngành: CNTT)
86469,HHK,cong-nghe-phan-mem-va-tri-tue-nhan-tao,B00,Điểm học bạ,2025,22.0,Công nghệ phần mềm và Trí tuệ nhân tạo (Ngành: CNTT)
86470,HHK,cong-nghe-phan-mem-va-tri-tue-nhan-tao,B01,Điểm học bạ,2025,22.0,Công nghệ phần mềm và Trí tuệ nhân tạo (Ngành: CNTT)
86471,HHK,cong-nghe-phan-mem-va-tri-tue-nhan-tao,B02,Điểm học bạ,2025,22.0,Công nghệ phần mềm và Trí tuệ nhân tạo (Ngành: CNTT)
86472,HHK,cong-nghe-phan-mem-va-tri-tue-nhan-tao,B03,Điểm học bạ,2025,22.0,Công nghệ phần mềm và Trí tuệ nhân tạo (Ngành: CNTT)
86473,HHK,cong-nghe-phan-mem-va-tri-tue-nhan-tao,B08,Điểm học bạ,2025,22.0,Công nghệ phần mềm và Trí tuệ nhân tạo (Ngành: CNTT)
86474,HHK,cong-nghe-phan-mem-va-tri-tue-nhan-tao,C01,Điểm học bạ,2025,22.0,Công nghệ phần mềm và Trí tuệ nhân tạo (Ngành: CNTT)
86475,HHK,cong-nghe-phan-mem-va-tri-tue-nhan-tao,C02,Điểm học bạ,2025,22.0,Công nghệ phần mềm và Trí tuệ nhân tạo (Ngành: CNTT)
86476,HHK,cong-nghe-phan-mem-va-tri-tue-nhan-tao,C03,Điểm học bạ,2025,22.0,Công nghệ phần mềm và Trí tuệ nhân tạo (Ngành: CNTT)
86477,HHK,cong-nghe-phan-mem-va-tri-tue-nhan-tao,C04,Điểm học bạ,2025,22.0,Công nghệ phần mềm và Trí tuệ nhân tạo (Ngành: CNTT)
86478,HHK,cong-nghe-phan-mem-va-tri-tue-nhan-tao,D01,Điểm học bạ,2025,22.0,Công nghệ phần mềm và Trí tuệ nhân tạo (Ngành: CNTT)
86479,HHK,cong-nghe-phan-mem-va-tri-tue-nhan-tao,D07,Điểm học bạ,2025,22.0,Công nghệ phần mềm và Trí tuệ nhân tạo (Ngành: CNTT)
86480,HHK,cong-nghe-phan-mem-va-tri-tue-nhan-tao,D09,Điểm học bạ,2025,22.0,Công nghệ phần mềm và Trí tuệ nhân tạo (Ngành: CNTT)
86481,HHK,cong-nghe-phan-mem-va-tri-tue-nhan-tao,D10,Điểm học bạ,2025,22.0,Công nghệ phần mềm và Trí tuệ nhân tạo (Ngành: CNTT)
86482,HHK,cong-nghe-phan-mem-va-tri-tue-nhan-tao,X01,Điểm học bạ,2025,22.0,Công nghệ phần mềm và Trí tuệ nhân tạo (Ngành: CNTT)
86483,HHK,cong-nghe-phan-mem-va-tri-tue-nhan-tao,X02,Điểm học bạ,2025,22.0,Công nghệ phần mềm và Trí tuệ nhân tạo (Ngành: CNTT)
86484,HHK,cong-nghe-phan-mem-va-tri-tue-nhan-tao,X03,Điểm học bạ,2025,22.0,Công nghệ phần mềm và Trí tuệ nhân tạo (Ngành: CNTT)
86485,HHK,cong-nghe-phan-mem-va-tri-tue-nhan-tao,X04,Điểm học bạ,2025,22.0,Công nghệ phần mềm và Trí tuệ nhân tạo (Ngành: CNTT)
86486,HHK,cong-nghe-phan-mem-va-tri-tue-nhan-tao,X05,Điểm học bạ,2025,22.0,Công nghệ phần mềm và Trí tuệ nhân tạo (Ngành: CNTT)
86487,HHK,cong-nghe-phan-mem-va-tri-tue-nhan-tao,X06,Điểm học bạ,2025,22.0,Công nghệ phần mềm và Trí tuệ nhân tạo (Ngành: CNTT)
86488,HHK,cong-nghe-phan-mem-va-tri-tue-nhan-tao,X07,Điểm học bạ,2025,22.0,Công nghệ phần mềm và Trí tuệ nhân tạo (Ngành: CNTT)
86489,HHK,cong-nghe-phan-mem-va-tri-tue-nhan-tao,X08,Điểm học bạ,2025,22.0,Công nghệ phần mềm và Trí tuệ nhân tạo (Ngành: CNTT)
86490,HHK,cong-nghe-phan-mem-va-tri-tue-nhan-tao,X09,Điểm học bạ,2025,22.0,Công nghệ phần mềm và Trí tuệ nhân tạo (Ngành: CNTT)
86491,HHK,cong-nghe-phan-mem-va-tri-tue-nhan-tao,X10,Điểm học bạ,2025,22.0,Công nghệ phần mềm và Trí tuệ nhân tạo (Ngành: CNTT)
86492,HHK,cong-nghe-phan-mem-va-tri-tue-nhan-tao,X11,Điểm học bạ,2025,22.0,Công nghệ phần mềm và Trí tuệ nhân tạo (Ngành: CNTT)
86493,HHK,cong-nghe-phan-mem-va-tri-tue-nhan-tao,X12,Điểm học bạ,2025,22.0,Công nghệ phần mềm và Trí tuệ nhân tạo (Ngành: CNTT)
86494,HHK,cong-nghe-phan-mem-va-tri-tue-nhan-tao,X13,Điểm học bạ,2025,22.0,Công nghệ phần mềm và Trí tuệ nhân tạo (Ngành: CNTT)
86495,HHK,cong-nghe-phan-mem-va-tri-tue-nhan-tao,X14,Điểm học bạ,2025,22.0,Công nghệ phần mềm và Trí tuệ nhân tạo (Ngành: CNTT)
86496,HHK,cong-nghe-phan-mem-va-tri-tue-nhan-tao,X15,Điểm học bạ,2025,22.0,Công nghệ phần mềm và Trí tuệ nhân tạo (Ngành: CNTT)
86497,HHK,cong-nghe-phan-mem-va-tri-tue-nhan-tao,X16,Điểm học bạ,2025,22.0,Công nghệ phần mềm và Trí tuệ nhân tạo (Ngành: CNTT)
86498,HHK,cong-nghe-phan-mem-va-tri-tue-nhan-tao,X17,Điểm học bạ,2025,22.0,Công nghệ phần mềm và Trí tuệ nhân tạo (Ngành: CNTT)
86499,HHK,cong-nghe-phan-mem-va-tri-tue-nhan-tao,X18,Điểm học bạ,2025,22.0,Công nghệ phần mềm và Trí tuệ nhân tạo (Ngành: CNTT)
86500,HHK,cong-nghe-phan-mem-va-tri-tue-nhan-tao,X19,Điểm học bạ,2025,22.0,Công nghệ phần mềm và Trí tuệ nhân tạo (Ngành: CNTT)
86501,HHK,cong-nghe-phan-mem-va-tri-tue-nhan-tao,X20,Điểm học bạ,2025,22.0,Công nghệ phần mềm và Trí tuệ nhân tạo (Ngành: CNTT)
86502,HHK,cong-nghe-phan-mem-va-tri-tue-nhan-tao,X21,Điểm học bạ,2025,22.0,Công nghệ phần mềm và Trí tuệ nhân tạo (Ngành: CNTT)
86503,HHK,cong-nghe-phan-mem-va-tri-tue-nhan-tao,X22,Điểm học bạ,2025,22.0,Công nghệ phần mềm và Trí tuệ nhân tạo (Ngành: CNTT)
86504,HHK,cong-nghe-phan-mem-va-tri-tue-nhan-tao,X23,Điểm học bạ,2025,22.0,Công nghệ phần mềm và Trí tuệ nhân tạo (Ngành: CNTT)
86505,HHK,cong-nghe-phan-mem-va-tri-tue-nhan-tao,X24,Điểm học bạ,2025,22.0,Công nghệ phần mềm và Trí tuệ nhân tạo (Ngành: CNTT)
86506,HHK,cong-nghe-phan-mem-va-tri-tue-nhan-tao,X25,Điểm học bạ,2025,22.0,Công nghệ phần mềm và Trí tuệ nhân tạo (Ngành: CNTT)
86507,HHK,cong-nghe-phan-mem-va-tri-tue-nhan-tao,X26,Điểm học bạ,2025,22.0,Công nghệ phần mềm và Trí tuệ nhân tạo (Ngành: CNTT)
86508,HHK,cong-nghe-phan-mem-va-tri-tue-nhan-tao,X27,Điểm học bạ,2025,22.0,Công nghệ phần mềm và Trí tuệ nhân tạo (Ngành: CNTT)
86509,HHK,cong-nghe-phan-mem-va-tri-tue-nhan-tao,X28,Điểm học bạ,2025,22.0,Công nghệ phần mềm và Trí tuệ nhân tạo (Ngành: CNTT)
86510,HHK,cong-nghe-phan-mem-va-tri-tue-nhan-tao,X53,Điểm học bạ,2025,22.0,Công nghệ phần mềm và Trí tuệ nhân tạo (Ngành: CNTT)
86511,HHK,cong-nghe-phan-mem-va-tri-tue-nhan-tao,X54,Điểm học bạ,2025,22.0,Công nghệ phần mềm và Trí tuệ nhân tạo (Ngành: CNTT)
86512,HHK,cong-nghe-phan-mem-va-tri-tue-nhan-tao,A00,Điểm thi THPT,2025,18.0,Công nghệ phần mềm và Trí tuệ nhân tạo (Ngành: CNTT)
86513,HHK,cong-nghe-phan-mem-va-tri-tue-nhan-tao,A01,Điểm thi THPT,2025,18.0,Công nghệ phần mềm và Trí tuệ nhân tạo (Ngành: CNTT)
86514,HHK,cong-nghe-phan-mem-va-tri-tue-nhan-tao,A02,Điểm thi THPT,2025,18.0,Công nghệ phần mềm và Trí tuệ nhân tạo (Ngành: CNTT)
86515,HHK,cong-nghe-phan-mem-va-tri-tue-nhan-tao,A03,Điểm thi THPT,2025,18.0,Công nghệ phần mềm và Trí tuệ nhân tạo (Ngành: CNTT)
86516,HHK,cong-nghe-phan-mem-va-tri-tue-nhan-tao,A04,Điểm thi THPT,2025,18.0,Công nghệ phần mềm và Trí tuệ nhân tạo (Ngành: CNTT)
86517,HHK,cong-nghe-phan-mem-va-tri-tue-nhan-tao,A05,Điểm thi THPT,2025,18.0,Công nghệ phần mềm và Trí tuệ nhân tạo (Ngành: CNTT)
86518,HHK,cong-nghe-phan-mem-va-tri-tue-nhan-tao,A06,Điểm thi THPT,2025,18.0,Công nghệ phần mềm và Trí tuệ nhân tạo (Ngành: CNTT)
86519,HHK,cong-nghe-phan-mem-va-tri-tue-nhan-tao,A07,Điểm thi THPT,2025,18.0,Công nghệ phần mềm và Trí tuệ nhân tạo (Ngành: CNTT)
86520,HHK,cong-nghe-phan-mem-va-tri-tue-nhan-tao,B00,Điểm thi THPT,2025,18.0,Công nghệ phần mềm và Trí tuệ nhân tạo (Ngành: CNTT)
86521,HHK,cong-nghe-phan-mem-va-tri-tue-nhan-tao,B01,Điểm thi THPT,2025,18.0,Công nghệ phần mềm và Trí tuệ nhân tạo (Ngành: CNTT)
86522,HHK,cong-nghe-phan-mem-va-tri-tue-nhan-tao,B02,Điểm thi THPT,2025,18.0,Công nghệ phần mềm và Trí tuệ nhân tạo (Ngành: CNTT)
86523,HHK,cong-nghe-phan-mem-va-tri-tue-nhan-tao,B03,Điểm thi THPT,2025,18.0,Công nghệ phần mềm và Trí tuệ nhân tạo (Ngành: CNTT)
86524,HHK,cong-nghe-phan-mem-va-tri-tue-nhan-tao,B08,Điểm thi THPT,2025,18.0,Công nghệ phần mềm và Trí tuệ nhân tạo (Ngành: CNTT)
86525,HHK,cong-nghe-phan-mem-va-tri-tue-nhan-tao,C01,Điểm thi THPT,2025,18.0,Công nghệ phần mềm và Trí tuệ nhân tạo (Ngành: CNTT)
86526,HHK,cong-nghe-phan-mem-va-tri-tue-nhan-tao,C02,Điểm thi THPT,2025,18.0,Công nghệ phần mềm và Trí tuệ nhân tạo (Ngành: CNTT)
86527,HHK,cong-nghe-phan-mem-va-tri-tue-nhan-tao,C03,Điểm thi THPT,2025,18.0,Công nghệ phần mềm và Trí tuệ nhân tạo (Ngành: CNTT)
86528,HHK,cong-nghe-phan-mem-va-tri-tue-nhan-tao,C04,Điểm thi THPT,2025,18.0,Công nghệ phần mềm và Trí tuệ nhân tạo (Ngành: CNTT)
86529,HHK,cong-nghe-phan-mem-va-tri-tue-nhan-tao,D01,Điểm thi THPT,2025,18.0,Công nghệ phần mềm và Trí tuệ nhân tạo (Ngành: CNTT)
86530,HHK,cong-nghe-phan-mem-va-tri-tue-nhan-tao,D07,Điểm thi THPT,2025,18.0,Công nghệ phần mềm và Trí tuệ nhân tạo (Ngành: CNTT)
86531,HHK,cong-nghe-phan-mem-va-tri-tue-nhan-tao,D09,Điểm thi THPT,2025,18.0,Công nghệ phần mềm và Trí tuệ nhân tạo (Ngành: CNTT)
86532,HHK,cong-nghe-phan-mem-va-tri-tue-nhan-tao,D10,Điểm thi THPT,2025,18.0,Công nghệ phần mềm và Trí tuệ nhân tạo (Ngành: CNTT)
86533,HHK,cong-nghe-phan-mem-va-tri-tue-nhan-tao,X01,Điểm thi THPT,2025,18.0,Công nghệ phần mềm và Trí tuệ nhân tạo (Ngành: CNTT)
86534,HHK,cong-nghe-phan-mem-va-tri-tue-nhan-tao,X02,Điểm thi THPT,2025,18.0,Công nghệ phần mềm và Trí tuệ nhân tạo (Ngành: CNTT)
86535,HHK,cong-nghe-phan-mem-va-tri-tue-nhan-tao,X03,Điểm thi THPT,2025,18.0,Công nghệ phần mềm và Trí tuệ nhân tạo (Ngành: CNTT)
86536,HHK,cong-nghe-phan-mem-va-tri-tue-nhan-tao,X04,Điểm thi THPT,2025,18.0,Công nghệ phần mềm và Trí tuệ nhân tạo (Ngành: CNTT)
86537,HHK,cong-nghe-phan-mem-va-tri-tue-nhan-tao,X05,Điểm thi THPT,2025,18.0,Công nghệ phần mềm và Trí tuệ nhân tạo (Ngành: CNTT)
86538,HHK,cong-nghe-phan-mem-va-tri-tue-nhan-tao,X06,Điểm thi THPT,2025,18.0,Công nghệ phần mềm và Trí tuệ nhân tạo (Ngành: CNTT)
86539,HHK,cong-nghe-phan-mem-va-tri-tue-nhan-tao,X07,Điểm thi THPT,2025,18.0,Công nghệ phần mềm và Trí tuệ nhân tạo (Ngành: CNTT)
86540,HHK,cong-nghe-phan-mem-va-tri-tue-nhan-tao,X08,Điểm thi THPT,2025,18.0,Công nghệ phần mềm và Trí tuệ nhân tạo (Ngành: CNTT)
86541,HHK,cong-nghe-phan-mem-va-tri-tue-nhan-tao,X09,Điểm thi THPT,2025,18.0,Công nghệ phần mềm và Trí tuệ nhân tạo (Ngành: CNTT)
86542,HHK,cong-nghe-phan-mem-va-tri-tue-nhan-tao,X10,Điểm thi THPT,2025,18.0,Công nghệ phần mềm và Trí tuệ nhân tạo (Ngành: CNTT)
86543,HHK,cong-nghe-phan-mem-va-tri-tue-nhan-tao,X11,Điểm thi THPT,2025,18.0,Công nghệ phần mềm và Trí tuệ nhân tạo (Ngành: CNTT)
86544,HHK,cong-nghe-phan-mem-va-tri-tue-nhan-tao,X12,Điểm thi THPT,2025,18.0,Công nghệ phần mềm và Trí tuệ nhân tạo (Ngành: CNTT)
86545,HHK,cong-nghe-phan-mem-va-tri-tue-nhan-tao,X13,Điểm thi THPT,2025,18.0,Công nghệ phần mềm và Trí tuệ nhân tạo (Ngành: CNTT)
86546,HHK,cong-nghe-phan-mem-va-tri-tue-nhan-tao,X14,Điểm thi THPT,2025,18.0,Công nghệ phần mềm và Trí tuệ nhân tạo (Ngành: CNTT)
86547,HHK,cong-nghe-phan-mem-va-tri-tue-nhan-tao,X15,Điểm thi THPT,2025,18.0,Công nghệ phần mềm và Trí tuệ nhân tạo (Ngành: CNTT)
86548,HHK,cong-nghe-phan-mem-va-tri-tue-nhan-tao,X16,Điểm thi THPT,2025,18.0,Công nghệ phần mềm và Trí tuệ nhân tạo (Ngành: CNTT)
86549,HHK,cong-nghe-phan-mem-va-tri-tue-nhan-tao,X17,Điểm thi THPT,2025,18.0,Công nghệ phần mềm và Trí tuệ nhân tạo (Ngành: CNTT)
86550,HHK,cong-nghe-phan-mem-va-tri-tue-nhan-tao,X18,Điểm thi THPT,2025,18.0,Công nghệ phần mềm và Trí tuệ nhân tạo (Ngành: CNTT)
86551,HHK,cong-nghe-phan-mem-va-tri-tue-nhan-tao,X19,Điểm thi THPT,2025,18.0,Công nghệ phần mềm và Trí tuệ nhân tạo (Ngành: CNTT)
86552,HHK,cong-nghe-phan-mem-va-tri-tue-nhan-tao,X20,Điểm thi THPT,2025,18.0,Công nghệ phần mềm và Trí tuệ nhân tạo (Ngành: CNTT)
86553,HHK,cong-nghe-phan-mem-va-tri-tue-nhan-tao,X21,Điểm thi THPT,2025,18.0,Công nghệ phần mềm và Trí tuệ nhân tạo (Ngành: CNTT)
86554,HHK,cong-nghe-phan-mem-va-tri-tue-nhan-tao,X22,Điểm thi THPT,2025,18.0,Công nghệ phần mềm và Trí tuệ nhân tạo (Ngành: CNTT)
86555,HHK,cong-nghe-phan-mem-va-tri-tue-nhan-tao,X23,Điểm thi THPT,2025,18.0,Công nghệ phần mềm và Trí tuệ nhân tạo (Ngành: CNTT)
86556,HHK,cong-nghe-phan-mem-va-tri-tue-nhan-tao,X24,Điểm thi THPT,2025,18.0,Công nghệ phần mềm và Trí tuệ nhân tạo (Ngành: CNTT)
86557,HHK,cong-nghe-phan-mem-va-tri-tue-nhan-tao,X25,Điểm thi THPT,2025,18.0,Công nghệ phần mềm và Trí tuệ nhân tạo (Ngành: CNTT)
86558,HHK,cong-nghe-phan-mem-va-tri-tue-nhan-tao,X26,Điểm thi THPT,2025,18.0,Công nghệ phần mềm và Trí tuệ nhân tạo (Ngành: CNTT)
86559,HHK,cong-nghe-phan-mem-va-tri-tue-nhan-tao,X27,Điểm thi THPT,2025,18.0,Công nghệ phần mềm và Trí tuệ nhân tạo (Ngành: CNTT)
86560,HHK,cong-nghe-phan-mem-va-tri-tue-nhan-tao,X28,Điểm thi THPT,2025,18.0,Công nghệ phần mềm và Trí tuệ nhân tạo (Ngành: CNTT)
86561,HHK,cong-nghe-phan-mem-va-tri-tue-nhan-tao,X53,Điểm thi THPT,2025,18.0,Công nghệ phần mềm và Trí tuệ nhân tạo (Ngành: CNTT)
86562,HHK,cong-nghe-phan-mem-va-tri-tue-nhan-tao,X54,Điểm thi THPT,2025,18.0,Công nghệ phần mềm và Trí tuệ nhân tạo (Ngành: CNTT)
86563,HHK,cong-nghe-thong-tin,A00,Điểm học bạ,2021,24.0,Công nghệ thông tin
86564,HHK,cong-nghe-thong-tin,A01,Điểm học bạ,2021,24.0,Công nghệ thông tin
86565,HHK,cong-nghe-thong-tin,D07,Điểm học bạ,2021,24.0,Công nghệ thông tin
86566,HHK,cong-nghe-thong-tin,D90,Điểm học bạ,2021,24.0,Công nghệ thông tin
86567,HHK,cong-nghe-thong-tin,A00,Điểm thi THPT,2021,21.6,Công nghệ thông tin
86568,HHK,cong-nghe-thong-tin,A01,Điểm thi THPT,2021,21.6,Công nghệ thông tin
86569,HHK,cong-nghe-thong-tin,D07,Điểm thi THPT,2021,21.6,Công nghệ thông tin
86570,HHK,cong-nghe-thong-tin,D90,Điểm thi THPT,2021,21.6,Công nghệ thông tin
86571,HHK,cong-nghe-thong-tin,A00,Điểm học bạ,2022,24.0,Công nghệ thông tin
86572,HHK,cong-nghe-thong-tin,A01,Điểm học bạ,2022,24.0,Công nghệ thông tin
86573,HHK,cong-nghe-thong-tin,D07,Điểm học bạ,2022,24.0,Công nghệ thông tin
86574,HHK,cong-nghe-thong-tin,D90,Điểm học bạ,2022,24.0,Công nghệ thông tin
86575,HHK,cong-nghe-thong-tin,A00,Điểm thi THPT,2022,21.4,Công nghệ thông tin
86576,HHK,cong-nghe-thong-tin,A01,Điểm thi THPT,2022,21.4,Công nghệ thông tin
86577,HHK,cong-nghe-thong-tin,D07,Điểm thi THPT,2022,21.4,Công nghệ thông tin
86578,HHK,cong-nghe-thong-tin,D90,Điểm thi THPT,2022,21.4,Công nghệ thông tin
86579,HHK,cong-nghe-thong-tin,A00,Điểm học bạ,2023,21.0,Công nghệ thông tin
86580,HHK,cong-nghe-thong-tin,A01,Điểm học bạ,2023,21.0,Công nghệ thông tin
86581,HHK,cong-nghe-thong-tin,D07,Điểm học bạ,2023,21.0,Công nghệ thông tin
86582,HHK,cong-nghe-thong-tin,K01,Điểm học bạ,2023,21.0,Công nghệ thông tin
86583,HHK,cong-nghe-thong-tin,A00,Điểm thi THPT,2023,18.0,Công nghệ thông tin
86584,HHK,cong-nghe-thong-tin,A01,Điểm thi THPT,2023,18.0,Công nghệ thông tin
86585,HHK,cong-nghe-thong-tin,D07,Điểm thi THPT,2023,18.0,Công nghệ thông tin
86586,HHK,cong-nghe-thong-tin,A00,Điểm học bạ,2024,20.0,Công nghệ thông tin
86587,HHK,cong-nghe-thong-tin,A01,Điểm học bạ,2024,20.0,Công nghệ thông tin
86588,HHK,cong-nghe-thong-tin,D07,Điểm học bạ,2024,20.0,Công nghệ thông tin
86589,HHK,cong-nghe-thong-tin,K01,Điểm học bạ,2024,20.0,Công nghệ thông tin
86590,HHK,cong-nghe-thong-tin,A00,Điểm thi THPT,2024,18.0,Công nghệ thông tin
86591,HHK,cong-nghe-thong-tin,A01,Điểm thi THPT,2024,18.0,Công nghệ thông tin
86592,HHK,cong-nghe-thong-tin,D07,Điểm thi THPT,2024,18.0,Công nghệ thông tin
86593,HHK,dien-tu-dong-cang-hk,A00,Điểm học bạ,2025,23.88,Điện tự động cảng HK (Ngành: CNKT Điều khiển và tự động hóa)
86594,HHK,dien-tu-dong-cang-hk,A01,Điểm học bạ,2025,23.88,Điện tự động cảng HK (Ngành: CNKT Điều khiển và tự động hóa)
86595,HHK,dien-tu-dong-cang-hk,A02,Điểm học bạ,2025,23.88,Điện tự động cảng HK (Ngành: CNKT Điều khiển và tự động hóa)
86596,HHK,dien-tu-dong-cang-hk,A03,Điểm học bạ,2025,23.88,Điện tự động cảng HK (Ngành: CNKT Điều khiển và tự động hóa)
86597,HHK,dien-tu-dong-cang-hk,A04,Điểm học bạ,2025,23.88,Điện tự động cảng HK (Ngành: CNKT Điều khiển và tự động hóa)
86598,HHK,dien-tu-dong-cang-hk,A05,Điểm học bạ,2025,23.88,Điện tự động cảng HK (Ngành: CNKT Điều khiển và tự động hóa)
86599,HHK,dien-tu-dong-cang-hk,A06,Điểm học bạ,2025,23.88,Điện tự động cảng HK (Ngành: CNKT Điều khiển và tự động hóa)
86600,HHK,dien-tu-dong-cang-hk,A07,Điểm học bạ,2025,23.88,Điện tự động cảng HK (Ngành: CNKT Điều khiển và tự động hóa)
86601,HHK,dien-tu-dong-cang-hk,B00,Điểm học bạ,2025,23.88,Điện tự động cảng HK (Ngành: CNKT Điều khiển và tự động hóa)
86602,HHK,dien-tu-dong-cang-hk,B01,Điểm học bạ,2025,23.88,Điện tự động cảng HK (Ngành: CNKT Điều khiển và tự động hóa)
86603,HHK,dien-tu-dong-cang-hk,B02,Điểm học bạ,2025,23.88,Điện tự động cảng HK (Ngành: CNKT Điều khiển và tự động hóa)
86604,HHK,dien-tu-dong-cang-hk,B03,Điểm học bạ,2025,23.88,Điện tự động cảng HK (Ngành: CNKT Điều khiển và tự động hóa)
86605,HHK,dien-tu-dong-cang-hk,B08,Điểm học bạ,2025,23.88,Điện tự động cảng HK (Ngành: CNKT Điều khiển và tự động hóa)
86606,HHK,dien-tu-dong-cang-hk,C01,Điểm học bạ,2025,23.88,Điện tự động cảng HK (Ngành: CNKT Điều khiển và tự động hóa)
86607,HHK,dien-tu-dong-cang-hk,C02,Điểm học bạ,2025,23.88,Điện tự động cảng HK (Ngành: CNKT Điều khiển và tự động hóa)
86608,HHK,dien-tu-dong-cang-hk,C03,Điểm học bạ,2025,23.88,Điện tự động cảng HK (Ngành: CNKT Điều khiển và tự động hóa)
86609,HHK,dien-tu-dong-cang-hk,C04,Điểm học bạ,2025,23.88,Điện tự động cảng HK (Ngành: CNKT Điều khiển và tự động hóa)
86610,HHK,dien-tu-dong-cang-hk,D01,Điểm học bạ,2025,23.88,Điện tự động cảng HK (Ngành: CNKT Điều khiển và tự động hóa)
86611,HHK,dien-tu-dong-cang-hk,D07,Điểm học bạ,2025,23.88,Điện tự động cảng HK (Ngành: CNKT Điều khiển và tự động hóa)
86612,HHK,dien-tu-dong-cang-hk,D09,Điểm học bạ,2025,23.88,Điện tự động cảng HK (Ngành: CNKT Điều khiển và tự động hóa)
86613,HHK,dien-tu-dong-cang-hk,D10,Điểm học bạ,2025,23.88,Điện tự động cảng HK (Ngành: CNKT Điều khiển và tự động hóa)
86614,HHK,dien-tu-dong-cang-hk,X01,Điểm học bạ,2025,23.88,Điện tự động cảng HK (Ngành: CNKT Điều khiển và tự động hóa)
86615,HHK,dien-tu-dong-cang-hk,X02,Điểm học bạ,2025,23.88,Điện tự động cảng HK (Ngành: CNKT Điều khiển và tự động hóa)
86616,HHK,dien-tu-dong-cang-hk,X03,Điểm học bạ,2025,23.88,Điện tự động cảng HK (Ngành: CNKT Điều khiển và tự động hóa)
86617,HHK,dien-tu-dong-cang-hk,X04,Điểm học bạ,2025,23.88,Điện tự động cảng HK (Ngành: CNKT Điều khiển và tự động hóa)
86618,HHK,dien-tu-dong-cang-hk,X05,Điểm học bạ,2025,23.88,Điện tự động cảng HK (Ngành: CNKT Điều khiển và tự động hóa)
86619,HHK,dien-tu-dong-cang-hk,X06,Điểm học bạ,2025,23.88,Điện tự động cảng HK (Ngành: CNKT Điều khiển và tự động hóa)
86620,HHK,dien-tu-dong-cang-hk,X07,Điểm học bạ,2025,23.88,Điện tự động cảng HK (Ngành: CNKT Điều khiển và tự động hóa)
86621,HHK,dien-tu-dong-cang-hk,X08,Điểm học bạ,2025,23.88,Điện tự động cảng HK (Ngành: CNKT Điều khiển và tự động hóa)
86622,HHK,dien-tu-dong-cang-hk,X09,Điểm học bạ,2025,23.88,Điện tự động cảng HK (Ngành: CNKT Điều khiển và tự động hóa)
86623,HHK,dien-tu-dong-cang-hk,X10,Điểm học bạ,2025,23.88,Điện tự động cảng HK (Ngành: CNKT Điều khiển và tự động hóa)
86624,HHK,dien-tu-dong-cang-hk,X11,Điểm học bạ,2025,23.88,Điện tự động cảng HK (Ngành: CNKT Điều khiển và tự động hóa)
86625,HHK,dien-tu-dong-cang-hk,X12,Điểm học bạ,2025,23.88,Điện tự động cảng HK (Ngành: CNKT Điều khiển và tự động hóa)
86626,HHK,dien-tu-dong-cang-hk,X13,Điểm học bạ,2025,23.88,Điện tự động cảng HK (Ngành: CNKT Điều khiển và tự động hóa)
86627,HHK,dien-tu-dong-cang-hk,X14,Điểm học bạ,2025,23.88,Điện tự động cảng HK (Ngành: CNKT Điều khiển và tự động hóa)
86628,HHK,dien-tu-dong-cang-hk,X15,Điểm học bạ,2025,23.88,Điện tự động cảng HK (Ngành: CNKT Điều khiển và tự động hóa)
86629,HHK,dien-tu-dong-cang-hk,X16,Điểm học bạ,2025,23.88,Điện tự động cảng HK (Ngành: CNKT Điều khiển và tự động hóa)
86630,HHK,dien-tu-dong-cang-hk,X17,Điểm học bạ,2025,23.88,Điện tự động cảng HK (Ngành: CNKT Điều khiển và tự động hóa)
86631,HHK,dien-tu-dong-cang-hk,X18,Điểm học bạ,2025,23.88,Điện tự động cảng HK (Ngành: CNKT Điều khiển và tự động hóa)
86632,HHK,dien-tu-dong-cang-hk,X19,Điểm học bạ,2025,23.88,Điện tự động cảng HK (Ngành: CNKT Điều khiển và tự động hóa)
86633,HHK,dien-tu-dong-cang-hk,X20,Điểm học bạ,2025,23.88,Điện tự động cảng HK (Ngành: CNKT Điều khiển và tự động hóa)
86634,HHK,dien-tu-dong-cang-hk,X21,Điểm học bạ,2025,23.88,Điện tự động cảng HK (Ngành: CNKT Điều khiển và tự động hóa)
86635,HHK,dien-tu-dong-cang-hk,X22,Điểm học bạ,2025,23.88,Điện tự động cảng HK (Ngành: CNKT Điều khiển và tự động hóa)
86636,HHK,dien-tu-dong-cang-hk,X23,Điểm học bạ,2025,23.88,Điện tự động cảng HK (Ngành: CNKT Điều khiển và tự động hóa)
86637,HHK,dien-tu-dong-cang-hk,X24,Điểm học bạ,2025,23.88,Điện tự động cảng HK (Ngành: CNKT Điều khiển và tự động hóa)
86638,HHK,dien-tu-dong-cang-hk,X25,Điểm học bạ,2025,23.88,Điện tự động cảng HK (Ngành: CNKT Điều khiển và tự động hóa)
86639,HHK,dien-tu-dong-cang-hk,X26,Điểm học bạ,2025,23.88,Điện tự động cảng HK (Ngành: CNKT Điều khiển và tự động hóa)
86640,HHK,dien-tu-dong-cang-hk,X27,Điểm học bạ,2025,23.88,Điện tự động cảng HK (Ngành: CNKT Điều khiển và tự động hóa)
86641,HHK,dien-tu-dong-cang-hk,X28,Điểm học bạ,2025,23.88,Điện tự động cảng HK (Ngành: CNKT Điều khiển và tự động hóa)
86642,HHK,dien-tu-dong-cang-hk,X53,Điểm học bạ,2025,23.88,Điện tự động cảng HK (Ngành: CNKT Điều khiển và tự động hóa)
86643,HHK,dien-tu-dong-cang-hk,X54,Điểm học bạ,2025,23.88,Điện tự động cảng HK (Ngành: CNKT Điều khiển và tự động hóa)
86644,HHK,dien-tu-dong-cang-hk,A00,Điểm thi THPT,2025,20.0,Điện tự động cảng HK (Ngành: CNKT Điều khiển và tự động hóa)
86645,HHK,dien-tu-dong-cang-hk,A01,Điểm thi THPT,2025,20.0,Điện tự động cảng HK (Ngành: CNKT Điều khiển và tự động hóa)
86646,HHK,dien-tu-dong-cang-hk,A02,Điểm thi THPT,2025,20.0,Điện tự động cảng HK (Ngành: CNKT Điều khiển và tự động hóa)
86647,HHK,dien-tu-dong-cang-hk,A03,Điểm thi THPT,2025,20.0,Điện tự động cảng HK (Ngành: CNKT Điều khiển và tự động hóa)
86648,HHK,dien-tu-dong-cang-hk,A04,Điểm thi THPT,2025,20.0,Điện tự động cảng HK (Ngành: CNKT Điều khiển và tự động hóa)
86649,HHK,dien-tu-dong-cang-hk,A05,Điểm thi THPT,2025,20.0,Điện tự động cảng HK (Ngành: CNKT Điều khiển và tự động hóa)
86650,HHK,dien-tu-dong-cang-hk,A06,Điểm thi THPT,2025,20.0,Điện tự động cảng HK (Ngành: CNKT Điều khiển và tự động hóa)
86651,HHK,dien-tu-dong-cang-hk,A07,Điểm thi THPT,2025,20.0,Điện tự động cảng HK (Ngành: CNKT Điều khiển và tự động hóa)
86652,HHK,dien-tu-dong-cang-hk,B00,Điểm thi THPT,2025,20.0,Điện tự động cảng HK (Ngành: CNKT Điều khiển và tự động hóa)
86653,HHK,dien-tu-dong-cang-hk,B01,Điểm thi THPT,2025,20.0,Điện tự động cảng HK (Ngành: CNKT Điều khiển và tự động hóa)
86654,HHK,dien-tu-dong-cang-hk,B02,Điểm thi THPT,2025,20.0,Điện tự động cảng HK (Ngành: CNKT Điều khiển và tự động hóa)
86655,HHK,dien-tu-dong-cang-hk,B03,Điểm thi THPT,2025,20.0,Điện tự động cảng HK (Ngành: CNKT Điều khiển và tự động hóa)
86656,HHK,dien-tu-dong-cang-hk,B08,Điểm thi THPT,2025,20.0,Điện tự động cảng HK (Ngành: CNKT Điều khiển và tự động hóa)
86657,HHK,dien-tu-dong-cang-hk,C01,Điểm thi THPT,2025,20.0,Điện tự động cảng HK (Ngành: CNKT Điều khiển và tự động hóa)
86658,HHK,dien-tu-dong-cang-hk,C02,Điểm thi THPT,2025,20.0,Điện tự động cảng HK (Ngành: CNKT Điều khiển và tự động hóa)
86659,HHK,dien-tu-dong-cang-hk,C03,Điểm thi THPT,2025,20.0,Điện tự động cảng HK (Ngành: CNKT Điều khiển và tự động hóa)
86660,HHK,dien-tu-dong-cang-hk,C04,Điểm thi THPT,2025,20.0,Điện tự động cảng HK (Ngành: CNKT Điều khiển và tự động hóa)
86661,HHK,dien-tu-dong-cang-hk,D01,Điểm thi THPT,2025,20.0,Điện tự động cảng HK (Ngành: CNKT Điều khiển và tự động hóa)
86662,HHK,dien-tu-dong-cang-hk,D07,Điểm thi THPT,2025,20.0,Điện tự động cảng HK (Ngành: CNKT Điều khiển và tự động hóa)
86663,HHK,dien-tu-dong-cang-hk,D09,Điểm thi THPT,2025,20.0,Điện tự động cảng HK (Ngành: CNKT Điều khiển và tự động hóa)
86664,HHK,dien-tu-dong-cang-hk,D10,Điểm thi THPT,2025,20.0,Điện tự động cảng HK (Ngành: CNKT Điều khiển và tự động hóa)
86665,HHK,dien-tu-dong-cang-hk,X01,Điểm thi THPT,2025,20.0,Điện tự động cảng HK (Ngành: CNKT Điều khiển và tự động hóa)
86666,HHK,dien-tu-dong-cang-hk,X02,Điểm thi THPT,2025,20.0,Điện tự động cảng HK (Ngành: CNKT Điều khiển và tự động hóa)
86667,HHK,dien-tu-dong-cang-hk,X03,Điểm thi THPT,2025,20.0,Điện tự động cảng HK (Ngành: CNKT Điều khiển và tự động hóa)
86668,HHK,dien-tu-dong-cang-hk,X04,Điểm thi THPT,2025,20.0,Điện tự động cảng HK (Ngành: CNKT Điều khiển và tự động hóa)
86669,HHK,dien-tu-dong-cang-hk,X05,Điểm thi THPT,2025,20.0,Điện tự động cảng HK (Ngành: CNKT Điều khiển và tự động hóa)
86670,HHK,dien-tu-dong-cang-hk,X06,Điểm thi THPT,2025,20.0,Điện tự động cảng HK (Ngành: CNKT Điều khiển và tự động hóa)
86671,HHK,dien-tu-dong-cang-hk,X07,Điểm thi THPT,2025,20.0,Điện tự động cảng HK (Ngành: CNKT Điều khiển và tự động hóa)
86672,HHK,dien-tu-dong-cang-hk,X08,Điểm thi THPT,2025,20.0,Điện tự động cảng HK (Ngành: CNKT Điều khiển và tự động hóa)
86673,HHK,dien-tu-dong-cang-hk,X09,Điểm thi THPT,2025,20.0,Điện tự động cảng HK (Ngành: CNKT Điều khiển và tự động hóa)
86674,HHK,dien-tu-dong-cang-hk,X10,Điểm thi THPT,2025,20.0,Điện tự động cảng HK (Ngành: CNKT Điều khiển và tự động hóa)
86675,HHK,dien-tu-dong-cang-hk,X11,Điểm thi THPT,2025,20.0,Điện tự động cảng HK (Ngành: CNKT Điều khiển và tự động hóa)
86676,HHK,dien-tu-dong-cang-hk,X12,Điểm thi THPT,2025,20.0,Điện tự động cảng HK (Ngành: CNKT Điều khiển và tự động hóa)
86677,HHK,dien-tu-dong-cang-hk,X13,Điểm thi THPT,2025,20.0,Điện tự động cảng HK (Ngành: CNKT Điều khiển và tự động hóa)
86678,HHK,dien-tu-dong-cang-hk,X14,Điểm thi THPT,2025,20.0,Điện tự động cảng HK (Ngành: CNKT Điều khiển và tự động hóa)
86679,HHK,dien-tu-dong-cang-hk,X15,Điểm thi THPT,2025,20.0,Điện tự động cảng HK (Ngành: CNKT Điều khiển và tự động hóa)
86680,HHK,dien-tu-dong-cang-hk,X16,Điểm thi THPT,2025,20.0,Điện tự động cảng HK (Ngành: CNKT Điều khiển và tự động hóa)
86681,HHK,dien-tu-dong-cang-hk,X17,Điểm thi THPT,2025,20.0,Điện tự động cảng HK (Ngành: CNKT Điều khiển và tự động hóa)
86682,HHK,dien-tu-dong-cang-hk,X18,Điểm thi THPT,2025,20.0,Điện tự động cảng HK (Ngành: CNKT Điều khiển và tự động hóa)
86683,HHK,dien-tu-dong-cang-hk,X19,Điểm thi THPT,2025,20.0,Điện tự động cảng HK (Ngành: CNKT Điều khiển và tự động hóa)
86684,HHK,dien-tu-dong-cang-hk,X20,Điểm thi THPT,2025,20.0,Điện tự động cảng HK (Ngành: CNKT Điều khiển và tự động hóa)
86685,HHK,dien-tu-dong-cang-hk,X21,Điểm thi THPT,2025,20.0,Điện tự động cảng HK (Ngành: CNKT Điều khiển và tự động hóa)
86686,HHK,dien-tu-dong-cang-hk,X22,Điểm thi THPT,2025,20.0,Điện tự động cảng HK (Ngành: CNKT Điều khiển và tự động hóa)
86687,HHK,dien-tu-dong-cang-hk,X23,Điểm thi THPT,2025,20.0,Điện tự động cảng HK (Ngành: CNKT Điều khiển và tự động hóa)
86688,HHK,dien-tu-dong-cang-hk,X24,Điểm thi THPT,2025,20.0,Điện tự động cảng HK (Ngành: CNKT Điều khiển và tự động hóa)
86689,HHK,dien-tu-dong-cang-hk,X25,Điểm thi THPT,2025,20.0,Điện tự động cảng HK (Ngành: CNKT Điều khiển và tự động hóa)
86690,HHK,dien-tu-dong-cang-hk,X26,Điểm thi THPT,2025,20.0,Điện tự động cảng HK (Ngành: CNKT Điều khiển và tự động hóa)
86691,HHK,dien-tu-dong-cang-hk,X27,Điểm thi THPT,2025,20.0,Điện tự động cảng HK (Ngành: CNKT Điều khiển và tự động hóa)
86692,HHK,dien-tu-dong-cang-hk,X28,Điểm thi THPT,2025,20.0,Điện tự động cảng HK (Ngành: CNKT Điều khiển và tự động hóa)
86693,HHK,dien-tu-dong-cang-hk,X53,Điểm thi THPT,2025,20.0,Điện tự động cảng HK (Ngành: CNKT Điều khiển và tự động hóa)
86694,HHK,dien-tu-dong-cang-hk,X54,Điểm thi THPT,2025,20.0,Điện tự động cảng HK (Ngành: CNKT Điều khiển và tự động hóa)
86695,HHK,dien-tu-ung-dung-va-tri-tue-nhan-tao,A00,Điểm học bạ,2025,22.0,Điện tử ứng dụng và Trí tuệ nhân tạo (AI) (Ngành: CNKT Điện tử viễn thông)
86696,HHK,dien-tu-ung-dung-va-tri-tue-nhan-tao,A01,Điểm học bạ,2025,22.0,Điện tử ứng dụng và Trí tuệ nhân tạo (AI) (Ngành: CNKT Điện tử viễn thông)
86697,HHK,dien-tu-ung-dung-va-tri-tue-nhan-tao,A02,Điểm học bạ,2025,22.0,Điện tử ứng dụng và Trí tuệ nhân tạo (AI) (Ngành: CNKT Điện tử viễn thông)
86698,HHK,dien-tu-ung-dung-va-tri-tue-nhan-tao,A03,Điểm học bạ,2025,22.0,Điện tử ứng dụng và Trí tuệ nhân tạo (AI) (Ngành: CNKT Điện tử viễn thông)
86699,HHK,dien-tu-ung-dung-va-tri-tue-nhan-tao,A04,Điểm học bạ,2025,22.0,Điện tử ứng dụng và Trí tuệ nhân tạo (AI) (Ngành: CNKT Điện tử viễn thông)
86700,HHK,dien-tu-ung-dung-va-tri-tue-nhan-tao,A05,Điểm học bạ,2025,22.0,Điện tử ứng dụng và Trí tuệ nhân tạo (AI) (Ngành: CNKT Điện tử viễn thông)
86701,HHK,dien-tu-ung-dung-va-tri-tue-nhan-tao,A06,Điểm học bạ,2025,22.0,Điện tử ứng dụng và Trí tuệ nhân tạo (AI) (Ngành: CNKT Điện tử viễn thông)
86702,HHK,dien-tu-ung-dung-va-tri-tue-nhan-tao,A07,Điểm học bạ,2025,22.0,Điện tử ứng dụng và Trí tuệ nhân tạo (AI) (Ngành: CNKT Điện tử viễn thông)
86703,HHK,dien-tu-ung-dung-va-tri-tue-nhan-tao,B00,Điểm học bạ,2025,22.0,Điện tử ứng dụng và Trí tuệ nhân tạo (AI) (Ngành: CNKT Điện tử viễn thông)
86704,HHK,dien-tu-ung-dung-va-tri-tue-nhan-tao,B01,Điểm học bạ,2025,22.0,Điện tử ứng dụng và Trí tuệ nhân tạo (AI) (Ngành: CNKT Điện tử viễn thông)
86705,HHK,dien-tu-ung-dung-va-tri-tue-nhan-tao,B02,Điểm học bạ,2025,22.0,Điện tử ứng dụng và Trí tuệ nhân tạo (AI) (Ngành: CNKT Điện tử viễn thông)
86706,HHK,dien-tu-ung-dung-va-tri-tue-nhan-tao,B03,Điểm học bạ,2025,22.0,Điện tử ứng dụng và Trí tuệ nhân tạo (AI) (Ngành: CNKT Điện tử viễn thông)
86707,HHK,dien-tu-ung-dung-va-tri-tue-nhan-tao,B08,Điểm học bạ,2025,22.0,Điện tử ứng dụng và Trí tuệ nhân tạo (AI) (Ngành: CNKT Điện tử viễn thông)
86708,HHK,dien-tu-ung-dung-va-tri-tue-nhan-tao,C01,Điểm học bạ,2025,22.0,Điện tử ứng dụng và Trí tuệ nhân tạo (AI) (Ngành: CNKT Điện tử viễn thông)
86709,HHK,dien-tu-ung-dung-va-tri-tue-nhan-tao,C02,Điểm học bạ,2025,22.0,Điện tử ứng dụng và Trí tuệ nhân tạo (AI) (Ngành: CNKT Điện tử viễn thông)
86710,HHK,dien-tu-ung-dung-va-tri-tue-nhan-tao,C03,Điểm học bạ,2025,22.0,Điện tử ứng dụng và Trí tuệ nhân tạo (AI) (Ngành: CNKT Điện tử viễn thông)
86711,HHK,dien-tu-ung-dung-va-tri-tue-nhan-tao,C04,Điểm học bạ,2025,22.0,Điện tử ứng dụng và Trí tuệ nhân tạo (AI) (Ngành: CNKT Điện tử viễn thông)
86712,HHK,dien-tu-ung-dung-va-tri-tue-nhan-tao,D01,Điểm học bạ,2025,22.0,Điện tử ứng dụng và Trí tuệ nhân tạo (AI) (Ngành: CNKT Điện tử viễn thông)
86713,HHK,dien-tu-ung-dung-va-tri-tue-nhan-tao,D07,Điểm học bạ,2025,22.0,Điện tử ứng dụng và Trí tuệ nhân tạo (AI) (Ngành: CNKT Điện tử viễn thông)
86714,HHK,dien-tu-ung-dung-va-tri-tue-nhan-tao,D09,Điểm học bạ,2025,22.0,Điện tử ứng dụng và Trí tuệ nhân tạo (AI) (Ngành: CNKT Điện tử viễn thông)
86715,HHK,dien-tu-ung-dung-va-tri-tue-nhan-tao,D10,Điểm học bạ,2025,22.0,Điện tử ứng dụng và Trí tuệ nhân tạo (AI) (Ngành: CNKT Điện tử viễn thông)
86716,HHK,dien-tu-ung-dung-va-tri-tue-nhan-tao,X01,Điểm học bạ,2025,22.0,Điện tử ứng dụng và Trí tuệ nhân tạo (AI) (Ngành: CNKT Điện tử viễn thông)
86717,HHK,dien-tu-ung-dung-va-tri-tue-nhan-tao,X02,Điểm học bạ,2025,22.0,Điện tử ứng dụng và Trí tuệ nhân tạo (AI) (Ngành: CNKT Điện tử viễn thông)
86718,HHK,dien-tu-ung-dung-va-tri-tue-nhan-tao,X03,Điểm học bạ,2025,22.0,Điện tử ứng dụng và Trí tuệ nhân tạo (AI) (Ngành: CNKT Điện tử viễn thông)
86719,HHK,dien-tu-ung-dung-va-tri-tue-nhan-tao,X04,Điểm học bạ,2025,22.0,Điện tử ứng dụng và Trí tuệ nhân tạo (AI) (Ngành: CNKT Điện tử viễn thông)
86720,HHK,dien-tu-ung-dung-va-tri-tue-nhan-tao,X05,Điểm học bạ,2025,22.0,Điện tử ứng dụng và Trí tuệ nhân tạo (AI) (Ngành: CNKT Điện tử viễn thông)
86721,HHK,dien-tu-ung-dung-va-tri-tue-nhan-tao,X06,Điểm học bạ,2025,22.0,Điện tử ứng dụng và Trí tuệ nhân tạo (AI) (Ngành: CNKT Điện tử viễn thông)
86722,HHK,dien-tu-ung-dung-va-tri-tue-nhan-tao,X07,Điểm học bạ,2025,22.0,Điện tử ứng dụng và Trí tuệ nhân tạo (AI) (Ngành: CNKT Điện tử viễn thông)
86723,HHK,dien-tu-ung-dung-va-tri-tue-nhan-tao,X08,Điểm học bạ,2025,22.0,Điện tử ứng dụng và Trí tuệ nhân tạo (AI) (Ngành: CNKT Điện tử viễn thông)
86724,HHK,dien-tu-ung-dung-va-tri-tue-nhan-tao,X09,Điểm học bạ,2025,22.0,Điện tử ứng dụng và Trí tuệ nhân tạo (AI) (Ngành: CNKT Điện tử viễn thông)
86725,HHK,dien-tu-ung-dung-va-tri-tue-nhan-tao,X10,Điểm học bạ,2025,22.0,Điện tử ứng dụng và Trí tuệ nhân tạo (AI) (Ngành: CNKT Điện tử viễn thông)
86726,HHK,dien-tu-ung-dung-va-tri-tue-nhan-tao,X11,Điểm học bạ,2025,22.0,Điện tử ứng dụng và Trí tuệ nhân tạo (AI) (Ngành: CNKT Điện tử viễn thông)
86727,HHK,dien-tu-ung-dung-va-tri-tue-nhan-tao,X12,Điểm học bạ,2025,22.0,Điện tử ứng dụng và Trí tuệ nhân tạo (AI) (Ngành: CNKT Điện tử viễn thông)
86728,HHK,dien-tu-ung-dung-va-tri-tue-nhan-tao,X13,Điểm học bạ,2025,22.0,Điện tử ứng dụng và Trí tuệ nhân tạo (AI) (Ngành: CNKT Điện tử viễn thông)
86729,HHK,dien-tu-ung-dung-va-tri-tue-nhan-tao,X14,Điểm học bạ,2025,22.0,Điện tử ứng dụng và Trí tuệ nhân tạo (AI) (Ngành: CNKT Điện tử viễn thông)
86730,HHK,dien-tu-ung-dung-va-tri-tue-nhan-tao,X15,Điểm học bạ,2025,22.0,Điện tử ứng dụng và Trí tuệ nhân tạo (AI) (Ngành: CNKT Điện tử viễn thông)
86731,HHK,dien-tu-ung-dung-va-tri-tue-nhan-tao,X16,Điểm học bạ,2025,22.0,Điện tử ứng dụng và Trí tuệ nhân tạo (AI) (Ngành: CNKT Điện tử viễn thông)
86732,HHK,dien-tu-ung-dung-va-tri-tue-nhan-tao,X17,Điểm học bạ,2025,22.0,Điện tử ứng dụng và Trí tuệ nhân tạo (AI) (Ngành: CNKT Điện tử viễn thông)
86733,HHK,dien-tu-ung-dung-va-tri-tue-nhan-tao,X18,Điểm học bạ,2025,22.0,Điện tử ứng dụng và Trí tuệ nhân tạo (AI) (Ngành: CNKT Điện tử viễn thông)
86734,HHK,dien-tu-ung-dung-va-tri-tue-nhan-tao,X19,Điểm học bạ,2025,22.0,Điện tử ứng dụng và Trí tuệ nhân tạo (AI) (Ngành: CNKT Điện tử viễn thông)
86735,HHK,dien-tu-ung-dung-va-tri-tue-nhan-tao,X20,Điểm học bạ,2025,22.0,Điện tử ứng dụng và Trí tuệ nhân tạo (AI) (Ngành: CNKT Điện tử viễn thông)
86736,HHK,dien-tu-ung-dung-va-tri-tue-nhan-tao,X21,Điểm học bạ,2025,22.0,Điện tử ứng dụng và Trí tuệ nhân tạo (AI) (Ngành: CNKT Điện tử viễn thông)
86737,HHK,dien-tu-ung-dung-va-tri-tue-nhan-tao,X22,Điểm học bạ,2025,22.0,Điện tử ứng dụng và Trí tuệ nhân tạo (AI) (Ngành: CNKT Điện tử viễn thông)
86738,HHK,dien-tu-ung-dung-va-tri-tue-nhan-tao,X23,Điểm học bạ,2025,22.0,Điện tử ứng dụng và Trí tuệ nhân tạo (AI) (Ngành: CNKT Điện tử viễn thông)
86739,HHK,dien-tu-ung-dung-va-tri-tue-nhan-tao,X24,Điểm học bạ,2025,22.0,Điện tử ứng dụng và Trí tuệ nhân tạo (AI) (Ngành: CNKT Điện tử viễn thông)
86740,HHK,dien-tu-ung-dung-va-tri-tue-nhan-tao,X25,Điểm học bạ,2025,22.0,Điện tử ứng dụng và Trí tuệ nhân tạo (AI) (Ngành: CNKT Điện tử viễn thông)
86741,HHK,dien-tu-ung-dung-va-tri-tue-nhan-tao,X26,Điểm học bạ,2025,22.0,Điện tử ứng dụng và Trí tuệ nhân tạo (AI) (Ngành: CNKT Điện tử viễn thông)
86742,HHK,dien-tu-ung-dung-va-tri-tue-nhan-tao,X27,Điểm học bạ,2025,22.0,Điện tử ứng dụng và Trí tuệ nhân tạo (AI) (Ngành: CNKT Điện tử viễn thông)
86743,HHK,dien-tu-ung-dung-va-tri-tue-nhan-tao,X28,Điểm học bạ,2025,22.0,Điện tử ứng dụng và Trí tuệ nhân tạo (AI) (Ngành: CNKT Điện tử viễn thông)
86744,HHK,dien-tu-ung-dung-va-tri-tue-nhan-tao,X53,Điểm học bạ,2025,22.0,Điện tử ứng dụng và Trí tuệ nhân tạo (AI) (Ngành: CNKT Điện tử viễn thông)
86745,HHK,dien-tu-ung-dung-va-tri-tue-nhan-tao,X54,Điểm học bạ,2025,22.0,Điện tử ứng dụng và Trí tuệ nhân tạo (AI) (Ngành: CNKT Điện tử viễn thông)
86746,HHK,dien-tu-ung-dung-va-tri-tue-nhan-tao,A00,Điểm thi THPT,2025,18.0,Điện tử ứng dụng và Trí tuệ nhân tạo (AI) (Ngành: CNKT Điện tử viễn thông)
86747,HHK,dien-tu-ung-dung-va-tri-tue-nhan-tao,A01,Điểm thi THPT,2025,18.0,Điện tử ứng dụng và Trí tuệ nhân tạo (AI) (Ngành: CNKT Điện tử viễn thông)
86748,HHK,dien-tu-ung-dung-va-tri-tue-nhan-tao,A02,Điểm thi THPT,2025,18.0,Điện tử ứng dụng và Trí tuệ nhân tạo (AI) (Ngành: CNKT Điện tử viễn thông)
86749,HHK,dien-tu-ung-dung-va-tri-tue-nhan-tao,A03,Điểm thi THPT,2025,18.0,Điện tử ứng dụng và Trí tuệ nhân tạo (AI) (Ngành: CNKT Điện tử viễn thông)
86750,HHK,dien-tu-ung-dung-va-tri-tue-nhan-tao,A04,Điểm thi THPT,2025,18.0,Điện tử ứng dụng và Trí tuệ nhân tạo (AI) (Ngành: CNKT Điện tử viễn thông)
86751,HHK,dien-tu-ung-dung-va-tri-tue-nhan-tao,A05,Điểm thi THPT,2025,18.0,Điện tử ứng dụng và Trí tuệ nhân tạo (AI) (Ngành: CNKT Điện tử viễn thông)
86752,HHK,dien-tu-ung-dung-va-tri-tue-nhan-tao,A06,Điểm thi THPT,2025,18.0,Điện tử ứng dụng và Trí tuệ nhân tạo (AI) (Ngành: CNKT Điện tử viễn thông)
86753,HHK,dien-tu-ung-dung-va-tri-tue-nhan-tao,A07,Điểm thi THPT,2025,18.0,Điện tử ứng dụng và Trí tuệ nhân tạo (AI) (Ngành: CNKT Điện tử viễn thông)
86754,HHK,dien-tu-ung-dung-va-tri-tue-nhan-tao,B00,Điểm thi THPT,2025,18.0,Điện tử ứng dụng và Trí tuệ nhân tạo (AI) (Ngành: CNKT Điện tử viễn thông)
86755,HHK,dien-tu-ung-dung-va-tri-tue-nhan-tao,B01,Điểm thi THPT,2025,18.0,Điện tử ứng dụng và Trí tuệ nhân tạo (AI) (Ngành: CNKT Điện tử viễn thông)
86756,HHK,dien-tu-ung-dung-va-tri-tue-nhan-tao,B02,Điểm thi THPT,2025,18.0,Điện tử ứng dụng và Trí tuệ nhân tạo (AI) (Ngành: CNKT Điện tử viễn thông)
86757,HHK,dien-tu-ung-dung-va-tri-tue-nhan-tao,B03,Điểm thi THPT,2025,18.0,Điện tử ứng dụng và Trí tuệ nhân tạo (AI) (Ngành: CNKT Điện tử viễn thông)
86758,HHK,dien-tu-ung-dung-va-tri-tue-nhan-tao,B08,Điểm thi THPT,2025,18.0,Điện tử ứng dụng và Trí tuệ nhân tạo (AI) (Ngành: CNKT Điện tử viễn thông)
86759,HHK,dien-tu-ung-dung-va-tri-tue-nhan-tao,C01,Điểm thi THPT,2025,18.0,Điện tử ứng dụng và Trí tuệ nhân tạo (AI) (Ngành: CNKT Điện tử viễn thông)
86760,HHK,dien-tu-ung-dung-va-tri-tue-nhan-tao,C02,Điểm thi THPT,2025,18.0,Điện tử ứng dụng và Trí tuệ nhân tạo (AI) (Ngành: CNKT Điện tử viễn thông)
86761,HHK,dien-tu-ung-dung-va-tri-tue-nhan-tao,C03,Điểm thi THPT,2025,18.0,Điện tử ứng dụng và Trí tuệ nhân tạo (AI) (Ngành: CNKT Điện tử viễn thông)
86762,HHK,dien-tu-ung-dung-va-tri-tue-nhan-tao,C04,Điểm thi THPT,2025,18.0,Điện tử ứng dụng và Trí tuệ nhân tạo (AI) (Ngành: CNKT Điện tử viễn thông)
86763,HHK,dien-tu-ung-dung-va-tri-tue-nhan-tao,D01,Điểm thi THPT,2025,18.0,Điện tử ứng dụng và Trí tuệ nhân tạo (AI) (Ngành: CNKT Điện tử viễn thông)
86764,HHK,dien-tu-ung-dung-va-tri-tue-nhan-tao,D07,Điểm thi THPT,2025,18.0,Điện tử ứng dụng và Trí tuệ nhân tạo (AI) (Ngành: CNKT Điện tử viễn thông)
86765,HHK,dien-tu-ung-dung-va-tri-tue-nhan-tao,D09,Điểm thi THPT,2025,18.0,Điện tử ứng dụng và Trí tuệ nhân tạo (AI) (Ngành: CNKT Điện tử viễn thông)
86766,HHK,dien-tu-ung-dung-va-tri-tue-nhan-tao,D10,Điểm thi THPT,2025,18.0,Điện tử ứng dụng và Trí tuệ nhân tạo (AI) (Ngành: CNKT Điện tử viễn thông)
86767,HHK,dien-tu-ung-dung-va-tri-tue-nhan-tao,X01,Điểm thi THPT,2025,18.0,Điện tử ứng dụng và Trí tuệ nhân tạo (AI) (Ngành: CNKT Điện tử viễn thông)
86768,HHK,dien-tu-ung-dung-va-tri-tue-nhan-tao,X02,Điểm thi THPT,2025,18.0,Điện tử ứng dụng và Trí tuệ nhân tạo (AI) (Ngành: CNKT Điện tử viễn thông)
86769,HHK,dien-tu-ung-dung-va-tri-tue-nhan-tao,X03,Điểm thi THPT,2025,18.0,Điện tử ứng dụng và Trí tuệ nhân tạo (AI) (Ngành: CNKT Điện tử viễn thông)
86770,HHK,dien-tu-ung-dung-va-tri-tue-nhan-tao,X04,Điểm thi THPT,2025,18.0,Điện tử ứng dụng và Trí tuệ nhân tạo (AI) (Ngành: CNKT Điện tử viễn thông)
86771,HHK,dien-tu-ung-dung-va-tri-tue-nhan-tao,X05,Điểm thi THPT,2025,18.0,Điện tử ứng dụng và Trí tuệ nhân tạo (AI) (Ngành: CNKT Điện tử viễn thông)
86772,HHK,dien-tu-ung-dung-va-tri-tue-nhan-tao,X06,Điểm thi THPT,2025,18.0,Điện tử ứng dụng và Trí tuệ nhân tạo (AI) (Ngành: CNKT Điện tử viễn thông)
86773,HHK,dien-tu-ung-dung-va-tri-tue-nhan-tao,X07,Điểm thi THPT,2025,18.0,Điện tử ứng dụng và Trí tuệ nhân tạo (AI) (Ngành: CNKT Điện tử viễn thông)
86774,HHK,dien-tu-ung-dung-va-tri-tue-nhan-tao,X08,Điểm thi THPT,2025,18.0,Điện tử ứng dụng và Trí tuệ nhân tạo (AI) (Ngành: CNKT Điện tử viễn thông)
86775,HHK,dien-tu-ung-dung-va-tri-tue-nhan-tao,X09,Điểm thi THPT,2025,18.0,Điện tử ứng dụng và Trí tuệ nhân tạo (AI) (Ngành: CNKT Điện tử viễn thông)
86776,HHK,dien-tu-ung-dung-va-tri-tue-nhan-tao,X10,Điểm thi THPT,2025,18.0,Điện tử ứng dụng và Trí tuệ nhân tạo (AI) (Ngành: CNKT Điện tử viễn thông)
86777,HHK,dien-tu-ung-dung-va-tri-tue-nhan-tao,X11,Điểm thi THPT,2025,18.0,Điện tử ứng dụng và Trí tuệ nhân tạo (AI) (Ngành: CNKT Điện tử viễn thông)
86778,HHK,dien-tu-ung-dung-va-tri-tue-nhan-tao,X12,Điểm thi THPT,2025,18.0,Điện tử ứng dụng và Trí tuệ nhân tạo (AI) (Ngành: CNKT Điện tử viễn thông)
86779,HHK,dien-tu-ung-dung-va-tri-tue-nhan-tao,X13,Điểm thi THPT,2025,18.0,Điện tử ứng dụng và Trí tuệ nhân tạo (AI) (Ngành: CNKT Điện tử viễn thông)
86780,HHK,dien-tu-ung-dung-va-tri-tue-nhan-tao,X14,Điểm thi THPT,2025,18.0,Điện tử ứng dụng và Trí tuệ nhân tạo (AI) (Ngành: CNKT Điện tử viễn thông)
86781,HHK,dien-tu-ung-dung-va-tri-tue-nhan-tao,X15,Điểm thi THPT,2025,18.0,Điện tử ứng dụng và Trí tuệ nhân tạo (AI) (Ngành: CNKT Điện tử viễn thông)
86782,HHK,dien-tu-ung-dung-va-tri-tue-nhan-tao,X16,Điểm thi THPT,2025,18.0,Điện tử ứng dụng và Trí tuệ nhân tạo (AI) (Ngành: CNKT Điện tử viễn thông)
86783,HHK,dien-tu-ung-dung-va-tri-tue-nhan-tao,X17,Điểm thi THPT,2025,18.0,Điện tử ứng dụng và Trí tuệ nhân tạo (AI) (Ngành: CNKT Điện tử viễn thông)
86784,HHK,dien-tu-ung-dung-va-tri-tue-nhan-tao,X18,Điểm thi THPT,2025,18.0,Điện tử ứng dụng và Trí tuệ nhân tạo (AI) (Ngành: CNKT Điện tử viễn thông)
86785,HHK,dien-tu-ung-dung-va-tri-tue-nhan-tao,X19,Điểm thi THPT,2025,18.0,Điện tử ứng dụng và Trí tuệ nhân tạo (AI) (Ngành: CNKT Điện tử viễn thông)
86786,HHK,dien-tu-ung-dung-va-tri-tue-nhan-tao,X20,Điểm thi THPT,2025,18.0,Điện tử ứng dụng và Trí tuệ nhân tạo (AI) (Ngành: CNKT Điện tử viễn thông)
86787,HHK,dien-tu-ung-dung-va-tri-tue-nhan-tao,X21,Điểm thi THPT,2025,18.0,Điện tử ứng dụng và Trí tuệ nhân tạo (AI) (Ngành: CNKT Điện tử viễn thông)
86788,HHK,dien-tu-ung-dung-va-tri-tue-nhan-tao,X22,Điểm thi THPT,2025,18.0,Điện tử ứng dụng và Trí tuệ nhân tạo (AI) (Ngành: CNKT Điện tử viễn thông)
86789,HHK,dien-tu-ung-dung-va-tri-tue-nhan-tao,X23,Điểm thi THPT,2025,18.0,Điện tử ứng dụng và Trí tuệ nhân tạo (AI) (Ngành: CNKT Điện tử viễn thông)
86790,HHK,dien-tu-ung-dung-va-tri-tue-nhan-tao,X24,Điểm thi THPT,2025,18.0,Điện tử ứng dụng và Trí tuệ nhân tạo (AI) (Ngành: CNKT Điện tử viễn thông)
86791,HHK,dien-tu-ung-dung-va-tri-tue-nhan-tao,X25,Điểm thi THPT,2025,18.0,Điện tử ứng dụng và Trí tuệ nhân tạo (AI) (Ngành: CNKT Điện tử viễn thông)
86792,HHK,dien-tu-ung-dung-va-tri-tue-nhan-tao,X26,Điểm thi THPT,2025,18.0,Điện tử ứng dụng và Trí tuệ nhân tạo (AI) (Ngành: CNKT Điện tử viễn thông)
86793,HHK,dien-tu-ung-dung-va-tri-tue-nhan-tao,X27,Điểm thi THPT,2025,18.0,Điện tử ứng dụng và Trí tuệ nhân tạo (AI) (Ngành: CNKT Điện tử viễn thông)
86794,HHK,dien-tu-ung-dung-va-tri-tue-nhan-tao,X28,Điểm thi THPT,2025,18.0,Điện tử ứng dụng và Trí tuệ nhân tạo (AI) (Ngành: CNKT Điện tử viễn thông)
86795,HHK,dien-tu-ung-dung-va-tri-tue-nhan-tao,X53,Điểm thi THPT,2025,18.0,Điện tử ứng dụng và Trí tuệ nhân tạo (AI) (Ngành: CNKT Điện tử viễn thông)
86796,HHK,dien-tu-ung-dung-va-tri-tue-nhan-tao,X54,Điểm thi THPT,2025,18.0,Điện tử ứng dụng và Trí tuệ nhân tạo (AI) (Ngành: CNKT Điện tử viễn thông)
86797,HHK,dien-tu-vien-thong-va-tri-tue-nhan-tao,A00,Điểm học bạ,2025,23.88,Điện tử viễn thông và Trí tuệ nhân tạo (Ngành: CNKT Điện tử viễn thông)
86798,HHK,dien-tu-vien-thong-va-tri-tue-nhan-tao,A01,Điểm học bạ,2025,23.88,Điện tử viễn thông và Trí tuệ nhân tạo (Ngành: CNKT Điện tử viễn thông)
86799,HHK,dien-tu-vien-thong-va-tri-tue-nhan-tao,A02,Điểm học bạ,2025,23.88,Điện tử viễn thông và Trí tuệ nhân tạo (Ngành: CNKT Điện tử viễn thông)
86800,HHK,dien-tu-vien-thong-va-tri-tue-nhan-tao,A03,Điểm học bạ,2025,23.88,Điện tử viễn thông và Trí tuệ nhân tạo (Ngành: CNKT Điện tử viễn thông)
86801,HHK,dien-tu-vien-thong-va-tri-tue-nhan-tao,A04,Điểm học bạ,2025,23.88,Điện tử viễn thông và Trí tuệ nhân tạo (Ngành: CNKT Điện tử viễn thông)
86802,HHK,dien-tu-vien-thong-va-tri-tue-nhan-tao,A05,Điểm học bạ,2025,23.88,Điện tử viễn thông và Trí tuệ nhân tạo (Ngành: CNKT Điện tử viễn thông)
86803,HHK,dien-tu-vien-thong-va-tri-tue-nhan-tao,A06,Điểm học bạ,2025,23.88,Điện tử viễn thông và Trí tuệ nhân tạo (Ngành: CNKT Điện tử viễn thông)
86804,HHK,dien-tu-vien-thong-va-tri-tue-nhan-tao,A07,Điểm học bạ,2025,23.88,Điện tử viễn thông và Trí tuệ nhân tạo (Ngành: CNKT Điện tử viễn thông)
86805,HHK,dien-tu-vien-thong-va-tri-tue-nhan-tao,B00,Điểm học bạ,2025,23.88,Điện tử viễn thông và Trí tuệ nhân tạo (Ngành: CNKT Điện tử viễn thông)
86806,HHK,dien-tu-vien-thong-va-tri-tue-nhan-tao,B01,Điểm học bạ,2025,23.88,Điện tử viễn thông và Trí tuệ nhân tạo (Ngành: CNKT Điện tử viễn thông)
86807,HHK,dien-tu-vien-thong-va-tri-tue-nhan-tao,B02,Điểm học bạ,2025,23.88,Điện tử viễn thông và Trí tuệ nhân tạo (Ngành: CNKT Điện tử viễn thông)
86808,HHK,dien-tu-vien-thong-va-tri-tue-nhan-tao,B03,Điểm học bạ,2025,23.88,Điện tử viễn thông và Trí tuệ nhân tạo (Ngành: CNKT Điện tử viễn thông)
86809,HHK,dien-tu-vien-thong-va-tri-tue-nhan-tao,B08,Điểm học bạ,2025,23.88,Điện tử viễn thông và Trí tuệ nhân tạo (Ngành: CNKT Điện tử viễn thông)
86810,HHK,dien-tu-vien-thong-va-tri-tue-nhan-tao,C01,Điểm học bạ,2025,23.88,Điện tử viễn thông và Trí tuệ nhân tạo (Ngành: CNKT Điện tử viễn thông)
86811,HHK,dien-tu-vien-thong-va-tri-tue-nhan-tao,C02,Điểm học bạ,2025,23.88,Điện tử viễn thông và Trí tuệ nhân tạo (Ngành: CNKT Điện tử viễn thông)
86812,HHK,dien-tu-vien-thong-va-tri-tue-nhan-tao,C03,Điểm học bạ,2025,23.88,Điện tử viễn thông và Trí tuệ nhân tạo (Ngành: CNKT Điện tử viễn thông)
86813,HHK,dien-tu-vien-thong-va-tri-tue-nhan-tao,C04,Điểm học bạ,2025,23.88,Điện tử viễn thông và Trí tuệ nhân tạo (Ngành: CNKT Điện tử viễn thông)
86814,HHK,dien-tu-vien-thong-va-tri-tue-nhan-tao,D01,Điểm học bạ,2025,23.88,Điện tử viễn thông và Trí tuệ nhân tạo (Ngành: CNKT Điện tử viễn thông)
86815,HHK,dien-tu-vien-thong-va-tri-tue-nhan-tao,D07,Điểm học bạ,2025,23.88,Điện tử viễn thông và Trí tuệ nhân tạo (Ngành: CNKT Điện tử viễn thông)
86816,HHK,dien-tu-vien-thong-va-tri-tue-nhan-tao,D09,Điểm học bạ,2025,23.88,Điện tử viễn thông và Trí tuệ nhân tạo (Ngành: CNKT Điện tử viễn thông)
86817,HHK,dien-tu-vien-thong-va-tri-tue-nhan-tao,D10,Điểm học bạ,2025,23.88,Điện tử viễn thông và Trí tuệ nhân tạo (Ngành: CNKT Điện tử viễn thông)
86818,HHK,dien-tu-vien-thong-va-tri-tue-nhan-tao,X01,Điểm học bạ,2025,23.88,Điện tử viễn thông và Trí tuệ nhân tạo (Ngành: CNKT Điện tử viễn thông)
86819,HHK,dien-tu-vien-thong-va-tri-tue-nhan-tao,X02,Điểm học bạ,2025,23.88,Điện tử viễn thông và Trí tuệ nhân tạo (Ngành: CNKT Điện tử viễn thông)
86820,HHK,dien-tu-vien-thong-va-tri-tue-nhan-tao,X03,Điểm học bạ,2025,23.88,Điện tử viễn thông và Trí tuệ nhân tạo (Ngành: CNKT Điện tử viễn thông)
86821,HHK,dien-tu-vien-thong-va-tri-tue-nhan-tao,X04,Điểm học bạ,2025,23.88,Điện tử viễn thông và Trí tuệ nhân tạo (Ngành: CNKT Điện tử viễn thông)
86822,HHK,dien-tu-vien-thong-va-tri-tue-nhan-tao,X05,Điểm học bạ,2025,23.88,Điện tử viễn thông và Trí tuệ nhân tạo (Ngành: CNKT Điện tử viễn thông)
86823,HHK,dien-tu-vien-thong-va-tri-tue-nhan-tao,X06,Điểm học bạ,2025,23.88,Điện tử viễn thông và Trí tuệ nhân tạo (Ngành: CNKT Điện tử viễn thông)
86824,HHK,dien-tu-vien-thong-va-tri-tue-nhan-tao,X07,Điểm học bạ,2025,23.88,Điện tử viễn thông và Trí tuệ nhân tạo (Ngành: CNKT Điện tử viễn thông)
86825,HHK,dien-tu-vien-thong-va-tri-tue-nhan-tao,X08,Điểm học bạ,2025,23.88,Điện tử viễn thông và Trí tuệ nhân tạo (Ngành: CNKT Điện tử viễn thông)
86826,HHK,dien-tu-vien-thong-va-tri-tue-nhan-tao,X09,Điểm học bạ,2025,23.88,Điện tử viễn thông và Trí tuệ nhân tạo (Ngành: CNKT Điện tử viễn thông)
86827,HHK,dien-tu-vien-thong-va-tri-tue-nhan-tao,X10,Điểm học bạ,2025,23.88,Điện tử viễn thông và Trí tuệ nhân tạo (Ngành: CNKT Điện tử viễn thông)
86828,HHK,dien-tu-vien-thong-va-tri-tue-nhan-tao,X11,Điểm học bạ,2025,23.88,Điện tử viễn thông và Trí tuệ nhân tạo (Ngành: CNKT Điện tử viễn thông)
86829,HHK,dien-tu-vien-thong-va-tri-tue-nhan-tao,X12,Điểm học bạ,2025,23.88,Điện tử viễn thông và Trí tuệ nhân tạo (Ngành: CNKT Điện tử viễn thông)
86830,HHK,dien-tu-vien-thong-va-tri-tue-nhan-tao,X13,Điểm học bạ,2025,23.88,Điện tử viễn thông và Trí tuệ nhân tạo (Ngành: CNKT Điện tử viễn thông)
86831,HHK,dien-tu-vien-thong-va-tri-tue-nhan-tao,X14,Điểm học bạ,2025,23.88,Điện tử viễn thông và Trí tuệ nhân tạo (Ngành: CNKT Điện tử viễn thông)
86832,HHK,dien-tu-vien-thong-va-tri-tue-nhan-tao,X15,Điểm học bạ,2025,23.88,Điện tử viễn thông và Trí tuệ nhân tạo (Ngành: CNKT Điện tử viễn thông)
86833,HHK,dien-tu-vien-thong-va-tri-tue-nhan-tao,X16,Điểm học bạ,2025,23.88,Điện tử viễn thông và Trí tuệ nhân tạo (Ngành: CNKT Điện tử viễn thông)
86834,HHK,dien-tu-vien-thong-va-tri-tue-nhan-tao,X17,Điểm học bạ,2025,23.88,Điện tử viễn thông và Trí tuệ nhân tạo (Ngành: CNKT Điện tử viễn thông)
86835,HHK,dien-tu-vien-thong-va-tri-tue-nhan-tao,X18,Điểm học bạ,2025,23.88,Điện tử viễn thông và Trí tuệ nhân tạo (Ngành: CNKT Điện tử viễn thông)
86836,HHK,dien-tu-vien-thong-va-tri-tue-nhan-tao,X19,Điểm học bạ,2025,23.88,Điện tử viễn thông và Trí tuệ nhân tạo (Ngành: CNKT Điện tử viễn thông)
86837,HHK,dien-tu-vien-thong-va-tri-tue-nhan-tao,X20,Điểm học bạ,2025,23.88,Điện tử viễn thông và Trí tuệ nhân tạo (Ngành: CNKT Điện tử viễn thông)
86838,HHK,dien-tu-vien-thong-va-tri-tue-nhan-tao,X21,Điểm học bạ,2025,23.88,Điện tử viễn thông và Trí tuệ nhân tạo (Ngành: CNKT Điện tử viễn thông)
86839,HHK,dien-tu-vien-thong-va-tri-tue-nhan-tao,X22,Điểm học bạ,2025,23.88,Điện tử viễn thông và Trí tuệ nhân tạo (Ngành: CNKT Điện tử viễn thông)
86840,HHK,dien-tu-vien-thong-va-tri-tue-nhan-tao,X23,Điểm học bạ,2025,23.88,Điện tử viễn thông và Trí tuệ nhân tạo (Ngành: CNKT Điện tử viễn thông)
86841,HHK,dien-tu-vien-thong-va-tri-tue-nhan-tao,X24,Điểm học bạ,2025,23.88,Điện tử viễn thông và Trí tuệ nhân tạo (Ngành: CNKT Điện tử viễn thông)
86842,HHK,dien-tu-vien-thong-va-tri-tue-nhan-tao,X25,Điểm học bạ,2025,23.88,Điện tử viễn thông và Trí tuệ nhân tạo (Ngành: CNKT Điện tử viễn thông)
86843,HHK,dien-tu-vien-thong-va-tri-tue-nhan-tao,X26,Điểm học bạ,2025,23.88,Điện tử viễn thông và Trí tuệ nhân tạo (Ngành: CNKT Điện tử viễn thông)
86844,HHK,dien-tu-vien-thong-va-tri-tue-nhan-tao,X27,Điểm học bạ,2025,23.88,Điện tử viễn thông và Trí tuệ nhân tạo (Ngành: CNKT Điện tử viễn thông)
86845,HHK,dien-tu-vien-thong-va-tri-tue-nhan-tao,X28,Điểm học bạ,2025,23.88,Điện tử viễn thông và Trí tuệ nhân tạo (Ngành: CNKT Điện tử viễn thông)
86846,HHK,dien-tu-vien-thong-va-tri-tue-nhan-tao,X53,Điểm học bạ,2025,23.88,Điện tử viễn thông và Trí tuệ nhân tạo (Ngành: CNKT Điện tử viễn thông)
86847,HHK,dien-tu-vien-thong-va-tri-tue-nhan-tao,X54,Điểm học bạ,2025,23.88,Điện tử viễn thông và Trí tuệ nhân tạo (Ngành: CNKT Điện tử viễn thông)
86848,HHK,dien-tu-vien-thong-va-tri-tue-nhan-tao,A00,Điểm thi THPT,2025,20.0,Điện tử viễn thông và Trí tuệ nhân tạo (Ngành: CNKT Điện tử viễn thông)
86849,HHK,dien-tu-vien-thong-va-tri-tue-nhan-tao,A01,Điểm thi THPT,2025,20.0,Điện tử viễn thông và Trí tuệ nhân tạo (Ngành: CNKT Điện tử viễn thông)
86850,HHK,dien-tu-vien-thong-va-tri-tue-nhan-tao,A02,Điểm thi THPT,2025,20.0,Điện tử viễn thông và Trí tuệ nhân tạo (Ngành: CNKT Điện tử viễn thông)
86851,HHK,dien-tu-vien-thong-va-tri-tue-nhan-tao,A03,Điểm thi THPT,2025,20.0,Điện tử viễn thông và Trí tuệ nhân tạo (Ngành: CNKT Điện tử viễn thông)
86852,HHK,dien-tu-vien-thong-va-tri-tue-nhan-tao,A04,Điểm thi THPT,2025,20.0,Điện tử viễn thông và Trí tuệ nhân tạo (Ngành: CNKT Điện tử viễn thông)
86853,HHK,dien-tu-vien-thong-va-tri-tue-nhan-tao,A05,Điểm thi THPT,2025,20.0,Điện tử viễn thông và Trí tuệ nhân tạo (Ngành: CNKT Điện tử viễn thông)
86854,HHK,dien-tu-vien-thong-va-tri-tue-nhan-tao,A06,Điểm thi THPT,2025,20.0,Điện tử viễn thông và Trí tuệ nhân tạo (Ngành: CNKT Điện tử viễn thông)
86855,HHK,dien-tu-vien-thong-va-tri-tue-nhan-tao,A07,Điểm thi THPT,2025,20.0,Điện tử viễn thông và Trí tuệ nhân tạo (Ngành: CNKT Điện tử viễn thông)
86856,HHK,dien-tu-vien-thong-va-tri-tue-nhan-tao,B00,Điểm thi THPT,2025,20.0,Điện tử viễn thông và Trí tuệ nhân tạo (Ngành: CNKT Điện tử viễn thông)
86857,HHK,dien-tu-vien-thong-va-tri-tue-nhan-tao,B01,Điểm thi THPT,2025,20.0,Điện tử viễn thông và Trí tuệ nhân tạo (Ngành: CNKT Điện tử viễn thông)
86858,HHK,dien-tu-vien-thong-va-tri-tue-nhan-tao,B02,Điểm thi THPT,2025,20.0,Điện tử viễn thông và Trí tuệ nhân tạo (Ngành: CNKT Điện tử viễn thông)
86859,HHK,dien-tu-vien-thong-va-tri-tue-nhan-tao,B03,Điểm thi THPT,2025,20.0,Điện tử viễn thông và Trí tuệ nhân tạo (Ngành: CNKT Điện tử viễn thông)
86860,HHK,dien-tu-vien-thong-va-tri-tue-nhan-tao,B08,Điểm thi THPT,2025,20.0,Điện tử viễn thông và Trí tuệ nhân tạo (Ngành: CNKT Điện tử viễn thông)
86861,HHK,dien-tu-vien-thong-va-tri-tue-nhan-tao,C01,Điểm thi THPT,2025,20.0,Điện tử viễn thông và Trí tuệ nhân tạo (Ngành: CNKT Điện tử viễn thông)
86862,HHK,dien-tu-vien-thong-va-tri-tue-nhan-tao,C02,Điểm thi THPT,2025,20.0,Điện tử viễn thông và Trí tuệ nhân tạo (Ngành: CNKT Điện tử viễn thông)
86863,HHK,dien-tu-vien-thong-va-tri-tue-nhan-tao,C03,Điểm thi THPT,2025,20.0,Điện tử viễn thông và Trí tuệ nhân tạo (Ngành: CNKT Điện tử viễn thông)
86864,HHK,dien-tu-vien-thong-va-tri-tue-nhan-tao,C04,Điểm thi THPT,2025,20.0,Điện tử viễn thông và Trí tuệ nhân tạo (Ngành: CNKT Điện tử viễn thông)
86865,HHK,dien-tu-vien-thong-va-tri-tue-nhan-tao,D01,Điểm thi THPT,2025,20.0,Điện tử viễn thông và Trí tuệ nhân tạo (Ngành: CNKT Điện tử viễn thông)
86866,HHK,dien-tu-vien-thong-va-tri-tue-nhan-tao,D07,Điểm thi THPT,2025,20.0,Điện tử viễn thông và Trí tuệ nhân tạo (Ngành: CNKT Điện tử viễn thông)
86867,HHK,dien-tu-vien-thong-va-tri-tue-nhan-tao,D09,Điểm thi THPT,2025,20.0,Điện tử viễn thông và Trí tuệ nhân tạo (Ngành: CNKT Điện tử viễn thông)
86868,HHK,dien-tu-vien-thong-va-tri-tue-nhan-tao,D10,Điểm thi THPT,2025,20.0,Điện tử viễn thông và Trí tuệ nhân tạo (Ngành: CNKT Điện tử viễn thông)
86869,HHK,dien-tu-vien-thong-va-tri-tue-nhan-tao,X01,Điểm thi THPT,2025,20.0,Điện tử viễn thông và Trí tuệ nhân tạo (Ngành: CNKT Điện tử viễn thông)
86870,HHK,dien-tu-vien-thong-va-tri-tue-nhan-tao,X02,Điểm thi THPT,2025,20.0,Điện tử viễn thông và Trí tuệ nhân tạo (Ngành: CNKT Điện tử viễn thông)
86871,HHK,dien-tu-vien-thong-va-tri-tue-nhan-tao,X03,Điểm thi THPT,2025,20.0,Điện tử viễn thông và Trí tuệ nhân tạo (Ngành: CNKT Điện tử viễn thông)
86872,HHK,dien-tu-vien-thong-va-tri-tue-nhan-tao,X04,Điểm thi THPT,2025,20.0,Điện tử viễn thông và Trí tuệ nhân tạo (Ngành: CNKT Điện tử viễn thông)
86873,HHK,dien-tu-vien-thong-va-tri-tue-nhan-tao,X05,Điểm thi THPT,2025,20.0,Điện tử viễn thông và Trí tuệ nhân tạo (Ngành: CNKT Điện tử viễn thông)
86874,HHK,dien-tu-vien-thong-va-tri-tue-nhan-tao,X06,Điểm thi THPT,2025,20.0,Điện tử viễn thông và Trí tuệ nhân tạo (Ngành: CNKT Điện tử viễn thông)
86875,HHK,dien-tu-vien-thong-va-tri-tue-nhan-tao,X07,Điểm thi THPT,2025,20.0,Điện tử viễn thông và Trí tuệ nhân tạo (Ngành: CNKT Điện tử viễn thông)
86876,HHK,dien-tu-vien-thong-va-tri-tue-nhan-tao,X08,Điểm thi THPT,2025,20.0,Điện tử viễn thông và Trí tuệ nhân tạo (Ngành: CNKT Điện tử viễn thông)
86877,HHK,dien-tu-vien-thong-va-tri-tue-nhan-tao,X09,Điểm thi THPT,2025,20.0,Điện tử viễn thông và Trí tuệ nhân tạo (Ngành: CNKT Điện tử viễn thông)
86878,HHK,dien-tu-vien-thong-va-tri-tue-nhan-tao,X10,Điểm thi THPT,2025,20.0,Điện tử viễn thông và Trí tuệ nhân tạo (Ngành: CNKT Điện tử viễn thông)
86879,HHK,dien-tu-vien-thong-va-tri-tue-nhan-tao,X11,Điểm thi THPT,2025,20.0,Điện tử viễn thông và Trí tuệ nhân tạo (Ngành: CNKT Điện tử viễn thông)
86880,HHK,dien-tu-vien-thong-va-tri-tue-nhan-tao,X12,Điểm thi THPT,2025,20.0,Điện tử viễn thông và Trí tuệ nhân tạo (Ngành: CNKT Điện tử viễn thông)
86881,HHK,dien-tu-vien-thong-va-tri-tue-nhan-tao,X13,Điểm thi THPT,2025,20.0,Điện tử viễn thông và Trí tuệ nhân tạo (Ngành: CNKT Điện tử viễn thông)
86882,HHK,dien-tu-vien-thong-va-tri-tue-nhan-tao,X14,Điểm thi THPT,2025,20.0,Điện tử viễn thông và Trí tuệ nhân tạo (Ngành: CNKT Điện tử viễn thông)
86883,HHK,dien-tu-vien-thong-va-tri-tue-nhan-tao,X15,Điểm thi THPT,2025,20.0,Điện tử viễn thông và Trí tuệ nhân tạo (Ngành: CNKT Điện tử viễn thông)
86884,HHK,dien-tu-vien-thong-va-tri-tue-nhan-tao,X16,Điểm thi THPT,2025,20.0,Điện tử viễn thông và Trí tuệ nhân tạo (Ngành: CNKT Điện tử viễn thông)
86885,HHK,dien-tu-vien-thong-va-tri-tue-nhan-tao,X17,Điểm thi THPT,2025,20.0,Điện tử viễn thông và Trí tuệ nhân tạo (Ngành: CNKT Điện tử viễn thông)
86886,HHK,dien-tu-vien-thong-va-tri-tue-nhan-tao,X18,Điểm thi THPT,2025,20.0,Điện tử viễn thông và Trí tuệ nhân tạo (Ngành: CNKT Điện tử viễn thông)
86887,HHK,dien-tu-vien-thong-va-tri-tue-nhan-tao,X19,Điểm thi THPT,2025,20.0,Điện tử viễn thông và Trí tuệ nhân tạo (Ngành: CNKT Điện tử viễn thông)
86888,HHK,dien-tu-vien-thong-va-tri-tue-nhan-tao,X20,Điểm thi THPT,2025,20.0,Điện tử viễn thông và Trí tuệ nhân tạo (Ngành: CNKT Điện tử viễn thông)
86889,HHK,dien-tu-vien-thong-va-tri-tue-nhan-tao,X21,Điểm thi THPT,2025,20.0,Điện tử viễn thông và Trí tuệ nhân tạo (Ngành: CNKT Điện tử viễn thông)
86890,HHK,dien-tu-vien-thong-va-tri-tue-nhan-tao,X22,Điểm thi THPT,2025,20.0,Điện tử viễn thông và Trí tuệ nhân tạo (Ngành: CNKT Điện tử viễn thông)
86891,HHK,dien-tu-vien-thong-va-tri-tue-nhan-tao,X23,Điểm thi THPT,2025,20.0,Điện tử viễn thông và Trí tuệ nhân tạo (Ngành: CNKT Điện tử viễn thông)
86892,HHK,dien-tu-vien-thong-va-tri-tue-nhan-tao,X24,Điểm thi THPT,2025,20.0,Điện tử viễn thông và Trí tuệ nhân tạo (Ngành: CNKT Điện tử viễn thông)
86893,HHK,dien-tu-vien-thong-va-tri-tue-nhan-tao,X25,Điểm thi THPT,2025,20.0,Điện tử viễn thông và Trí tuệ nhân tạo (Ngành: CNKT Điện tử viễn thông)
86894,HHK,dien-tu-vien-thong-va-tri-tue-nhan-tao,X26,Điểm thi THPT,2025,20.0,Điện tử viễn thông và Trí tuệ nhân tạo (Ngành: CNKT Điện tử viễn thông)
86895,HHK,dien-tu-vien-thong-va-tri-tue-nhan-tao,X27,Điểm thi THPT,2025,20.0,Điện tử viễn thông và Trí tuệ nhân tạo (Ngành: CNKT Điện tử viễn thông)
86896,HHK,dien-tu-vien-thong-va-tri-tue-nhan-tao,X28,Điểm thi THPT,2025,20.0,Điện tử viễn thông và Trí tuệ nhân tạo (Ngành: CNKT Điện tử viễn thông)
86897,HHK,dien-tu-vien-thong-va-tri-tue-nhan-tao,X53,Điểm thi THPT,2025,20.0,Điện tử viễn thông và Trí tuệ nhân tạo (Ngành: CNKT Điện tử viễn thông)
86898,HHK,dien-tu-vien-thong-va-tri-tue-nhan-tao,X54,Điểm thi THPT,2025,20.0,Điện tử viễn thông và Trí tuệ nhân tạo (Ngành: CNKT Điện tử viễn thông)
86899,HHK,kinh-doanh-quoc-te,A01,Điểm học bạ,2024,20.0,Kinh doanh quốc tế
86900,HHK,kinh-doanh-quoc-te,D01,Điểm học bạ,2024,20.0,Kinh doanh quốc tế
86901,HHK,kinh-doanh-quoc-te,D14,Điểm học bạ,2024,20.0,Kinh doanh quốc tế
86902,HHK,kinh-doanh-quoc-te,D15,Điểm học bạ,2024,20.0,Kinh doanh quốc tế
86903,HHK,kinh-doanh-quoc-te,A01,Điểm thi THPT,2024,22.0,Kinh doanh quốc tế
86904,HHK,kinh-doanh-quoc-te,D01,Điểm thi THPT,2024,22.0,Kinh doanh quốc tế
86905,HHK,kinh-doanh-quoc-te,D14,Điểm thi THPT,2024,22.0,Kinh doanh quốc tế
86906,HHK,kinh-doanh-quoc-te,D15,Điểm thi THPT,2024,22.0,Kinh doanh quốc tế
86907,HHK,kinh-doanh-so,A00,Điểm học bạ,2025,23.88,Kinh doanh số (Ngành: QTKD)
86908,HHK,kinh-doanh-so,A01,Điểm học bạ,2025,23.88,Kinh doanh số (Ngành: QTKD)
86909,HHK,kinh-doanh-so,A02,Điểm học bạ,2025,23.88,Kinh doanh số (Ngành: QTKD)
86910,HHK,kinh-doanh-so,A03,Điểm học bạ,2025,23.88,Kinh doanh số (Ngành: QTKD)
86911,HHK,kinh-doanh-so,A04,Điểm học bạ,2025,23.88,Kinh doanh số (Ngành: QTKD)
86912,HHK,kinh-doanh-so,A05,Điểm học bạ,2025,23.88,Kinh doanh số (Ngành: QTKD)
86913,HHK,kinh-doanh-so,A06,Điểm học bạ,2025,23.88,Kinh doanh số (Ngành: QTKD)
86914,HHK,kinh-doanh-so,A07,Điểm học bạ,2025,23.88,Kinh doanh số (Ngành: QTKD)
86915,HHK,kinh-doanh-so,B00,Điểm học bạ,2025,23.88,Kinh doanh số (Ngành: QTKD)
86916,HHK,kinh-doanh-so,B01,Điểm học bạ,2025,23.88,Kinh doanh số (Ngành: QTKD)
86917,HHK,kinh-doanh-so,B02,Điểm học bạ,2025,23.88,Kinh doanh số (Ngành: QTKD)
86918,HHK,kinh-doanh-so,B03,Điểm học bạ,2025,23.88,Kinh doanh số (Ngành: QTKD)
86919,HHK,kinh-doanh-so,B08,Điểm học bạ,2025,23.88,Kinh doanh số (Ngành: QTKD)
86920,HHK,kinh-doanh-so,C00,Điểm học bạ,2025,23.88,Kinh doanh số (Ngành: QTKD)
86921,HHK,kinh-doanh-so,C01,Điểm học bạ,2025,23.88,Kinh doanh số (Ngành: QTKD)
86922,HHK,kinh-doanh-so,C02,Điểm học bạ,2025,23.88,Kinh doanh số (Ngành: QTKD)
86923,HHK,kinh-doanh-so,C03,Điểm học bạ,2025,23.88,Kinh doanh số (Ngành: QTKD)
86924,HHK,kinh-doanh-so,C04,Điểm học bạ,2025,23.88,Kinh doanh số (Ngành: QTKD)
86925,HHK,kinh-doanh-so,C05,Điểm học bạ,2025,23.88,Kinh doanh số (Ngành: QTKD)
86926,HHK,kinh-doanh-so,C06,Điểm học bạ,2025,23.88,Kinh doanh số (Ngành: QTKD)
86927,HHK,kinh-doanh-so,C07,Điểm học bạ,2025,23.88,Kinh doanh số (Ngành: QTKD)
86928,HHK,kinh-doanh-so,C08,Điểm học bạ,2025,23.88,Kinh doanh số (Ngành: QTKD)
86929,HHK,kinh-doanh-so,C09,Điểm học bạ,2025,23.88,Kinh doanh số (Ngành: QTKD)
86930,HHK,kinh-doanh-so,C10,Điểm học bạ,2025,23.88,Kinh doanh số (Ngành: QTKD)
86931,HHK,kinh-doanh-so,C11,Điểm học bạ,2025,23.88,Kinh doanh số (Ngành: QTKD)
86932,HHK,kinh-doanh-so,C12,Điểm học bạ,2025,23.88,Kinh doanh số (Ngành: QTKD)
86933,HHK,kinh-doanh-so,C13,Điểm học bạ,2025,23.88,Kinh doanh số (Ngành: QTKD)
86934,HHK,kinh-doanh-so,D01,Điểm học bạ,2025,23.88,Kinh doanh số (Ngành: QTKD)
86935,HHK,kinh-doanh-so,D07,Điểm học bạ,2025,23.88,Kinh doanh số (Ngành: QTKD)
86936,HHK,kinh-doanh-so,D09,Điểm học bạ,2025,23.88,Kinh doanh số (Ngành: QTKD)
86937,HHK,kinh-doanh-so,D10,Điểm học bạ,2025,23.88,Kinh doanh số (Ngành: QTKD)
86938,HHK,kinh-doanh-so,D11,Điểm học bạ,2025,23.88,Kinh doanh số (Ngành: QTKD)
86939,HHK,kinh-doanh-so,D12,Điểm học bạ,2025,23.88,Kinh doanh số (Ngành: QTKD)
86940,HHK,kinh-doanh-so,D13,Điểm học bạ,2025,23.88,Kinh doanh số (Ngành: QTKD)
86941,HHK,kinh-doanh-so,D14,Điểm học bạ,2025,23.88,Kinh doanh số (Ngành: QTKD)
86942,HHK,kinh-doanh-so,D15,Điểm học bạ,2025,23.88,Kinh doanh số (Ngành: QTKD)
86943,HHK,kinh-doanh-so,X01,Điểm học bạ,2025,23.88,Kinh doanh số (Ngành: QTKD)
86944,HHK,kinh-doanh-so,X02,Điểm học bạ,2025,23.88,Kinh doanh số (Ngành: QTKD)
86945,HHK,kinh-doanh-so,X03,Điểm học bạ,2025,23.88,Kinh doanh số (Ngành: QTKD)
86946,HHK,kinh-doanh-so,X04,Điểm học bạ,2025,23.88,Kinh doanh số (Ngành: QTKD)
86947,HHK,kinh-doanh-so,X05,Điểm học bạ,2025,23.88,Kinh doanh số (Ngành: QTKD)
86948,HHK,kinh-doanh-so,X06,Điểm học bạ,2025,23.88,Kinh doanh số (Ngành: QTKD)
86949,HHK,kinh-doanh-so,X07,Điểm học bạ,2025,23.88,Kinh doanh số (Ngành: QTKD)
86950,HHK,kinh-doanh-so,X08,Điểm học bạ,2025,23.88,Kinh doanh số (Ngành: QTKD)
86951,HHK,kinh-doanh-so,X09,Điểm học bạ,2025,23.88,Kinh doanh số (Ngành: QTKD)
86952,HHK,kinh-doanh-so,X10,Điểm học bạ,2025,23.88,Kinh doanh số (Ngành: QTKD)
86953,HHK,kinh-doanh-so,X11,Điểm học bạ,2025,23.88,Kinh doanh số (Ngành: QTKD)
86954,HHK,kinh-doanh-so,X12,Điểm học bạ,2025,23.88,Kinh doanh số (Ngành: QTKD)
86955,HHK,kinh-doanh-so,X13,Điểm học bạ,2025,23.88,Kinh doanh số (Ngành: QTKD)
86956,HHK,kinh-doanh-so,X14,Điểm học bạ,2025,23.88,Kinh doanh số (Ngành: QTKD)
86957,HHK,kinh-doanh-so,X15,Điểm học bạ,2025,23.88,Kinh doanh số (Ngành: QTKD)
86958,HHK,kinh-doanh-so,A00,Điểm thi THPT,2025,20.0,Kinh doanh số (Ngành: QTKD)
86959,HHK,kinh-doanh-so,A01,Điểm thi THPT,2025,20.0,Kinh doanh số (Ngành: QTKD)
86960,HHK,kinh-doanh-so,A02,Điểm thi THPT,2025,20.0,Kinh doanh số (Ngành: QTKD)
86961,HHK,kinh-doanh-so,A03,Điểm thi THPT,2025,20.0,Kinh doanh số (Ngành: QTKD)
86962,HHK,kinh-doanh-so,A04,Điểm thi THPT,2025,20.0,Kinh doanh số (Ngành: QTKD)
86963,HHK,kinh-doanh-so,A05,Điểm thi THPT,2025,20.0,Kinh doanh số (Ngành: QTKD)
86964,HHK,kinh-doanh-so,A06,Điểm thi THPT,2025,20.0,Kinh doanh số (Ngành: QTKD)
86965,HHK,kinh-doanh-so,A07,Điểm thi THPT,2025,20.0,Kinh doanh số (Ngành: QTKD)
86966,HHK,kinh-doanh-so,B00,Điểm thi THPT,2025,20.0,Kinh doanh số (Ngành: QTKD)
86967,HHK,kinh-doanh-so,B01,Điểm thi THPT,2025,20.0,Kinh doanh số (Ngành: QTKD)
86968,HHK,kinh-doanh-so,B02,Điểm thi THPT,2025,20.0,Kinh doanh số (Ngành: QTKD)
86969,HHK,kinh-doanh-so,B03,Điểm thi THPT,2025,20.0,Kinh doanh số (Ngành: QTKD)
86970,HHK,kinh-doanh-so,B08,Điểm thi THPT,2025,20.0,Kinh doanh số (Ngành: QTKD)
86971,HHK,kinh-doanh-so,C00,Điểm thi THPT,2025,20.0,Kinh doanh số (Ngành: QTKD)
86972,HHK,kinh-doanh-so,C01,Điểm thi THPT,2025,20.0,Kinh doanh số (Ngành: QTKD)
86973,HHK,kinh-doanh-so,C02,Điểm thi THPT,2025,20.0,Kinh doanh số (Ngành: QTKD)
86974,HHK,kinh-doanh-so,C03,Điểm thi THPT,2025,20.0,Kinh doanh số (Ngành: QTKD)
86975,HHK,kinh-doanh-so,C04,Điểm thi THPT,2025,20.0,Kinh doanh số (Ngành: QTKD)
86976,HHK,kinh-doanh-so,C05,Điểm thi THPT,2025,20.0,Kinh doanh số (Ngành: QTKD)
86977,HHK,kinh-doanh-so,C06,Điểm thi THPT,2025,20.0,Kinh doanh số (Ngành: QTKD)
86978,HHK,kinh-doanh-so,C07,Điểm thi THPT,2025,20.0,Kinh doanh số (Ngành: QTKD)
86979,HHK,kinh-doanh-so,C08,Điểm thi THPT,2025,20.0,Kinh doanh số (Ngành: QTKD)
86980,HHK,kinh-doanh-so,C09,Điểm thi THPT,2025,20.0,Kinh doanh số (Ngành: QTKD)
86981,HHK,kinh-doanh-so,C10,Điểm thi THPT,2025,20.0,Kinh doanh số (Ngành: QTKD)
86982,HHK,kinh-doanh-so,C11,Điểm thi THPT,2025,20.0,Kinh doanh số (Ngành: QTKD)
86983,HHK,kinh-doanh-so,C12,Điểm thi THPT,2025,20.0,Kinh doanh số (Ngành: QTKD)
86984,HHK,kinh-doanh-so,C13,Điểm thi THPT,2025,20.0,Kinh doanh số (Ngành: QTKD)
86985,HHK,kinh-doanh-so,D01,Điểm thi THPT,2025,20.0,Kinh doanh số (Ngành: QTKD)
86986,HHK,kinh-doanh-so,D07,Điểm thi THPT,2025,20.0,Kinh doanh số (Ngành: QTKD)
86987,HHK,kinh-doanh-so,D09,Điểm thi THPT,2025,20.0,Kinh doanh số (Ngành: QTKD)
86988,HHK,kinh-doanh-so,D10,Điểm thi THPT,2025,20.0,Kinh doanh số (Ngành: QTKD)
86989,HHK,kinh-doanh-so,D11,Điểm thi THPT,2025,20.0,Kinh doanh số (Ngành: QTKD)
86990,HHK,kinh-doanh-so,D12,Điểm thi THPT,2025,20.0,Kinh doanh số (Ngành: QTKD)
86991,HHK,kinh-doanh-so,D13,Điểm thi THPT,2025,20.0,Kinh doanh số (Ngành: QTKD)
86992,HHK,kinh-doanh-so,D14,Điểm thi THPT,2025,20.0,Kinh doanh số (Ngành: QTKD)
86993,HHK,kinh-doanh-so,D15,Điểm thi THPT,2025,20.0,Kinh doanh số (Ngành: QTKD)
86994,HHK,kinh-doanh-so,X01,Điểm thi THPT,2025,20.0,Kinh doanh số (Ngành: QTKD)
86995,HHK,kinh-doanh-so,X02,Điểm thi THPT,2025,20.0,Kinh doanh số (Ngành: QTKD)
86996,HHK,kinh-doanh-so,X03,Điểm thi THPT,2025,20.0,Kinh doanh số (Ngành: QTKD)
86997,HHK,kinh-doanh-so,X04,Điểm thi THPT,2025,20.0,Kinh doanh số (Ngành: QTKD)
86998,HHK,kinh-doanh-so,X05,Điểm thi THPT,2025,20.0,Kinh doanh số (Ngành: QTKD)
86999,HHK,kinh-doanh-so,X06,Điểm thi THPT,2025,20.0,Kinh doanh số (Ngành: QTKD)
87000,HHK,kinh-doanh-so,X07,Điểm thi THPT,2025,20.0,Kinh doanh số (Ngành: QTKD)
87001,HHK,kinh-doanh-so,X08,Điểm thi THPT,2025,20.0,Kinh doanh số (Ngành: QTKD)
87002,HHK,kinh-doanh-so,X09,Điểm thi THPT,2025,20.0,Kinh doanh số (Ngành: QTKD)
87003,HHK,kinh-doanh-so,X10,Điểm thi THPT,2025,20.0,Kinh doanh số (Ngành: QTKD)
87004,HHK,kinh-doanh-so,X11,Điểm thi THPT,2025,20.0,Kinh doanh số (Ngành: QTKD)
87005,HHK,kinh-doanh-so,X12,Điểm thi THPT,2025,20.0,Kinh doanh số (Ngành: QTKD)
87006,HHK,kinh-doanh-so,X13,Điểm thi THPT,2025,20.0,Kinh doanh số (Ngành: QTKD)
87007,HHK,kinh-doanh-so,X14,Điểm thi THPT,2025,20.0,Kinh doanh số (Ngành: QTKD)
87008,HHK,kinh-doanh-so,X15,Điểm thi THPT,2025,20.0,Kinh doanh số (Ngành: QTKD)
87009,HHK,kinh-te-hang-khong,A00,Điểm học bạ,2025,26.31,Kinh tế Hàng không (Ngành: Kinh tế vận tải)
87010,HHK,kinh-te-hang-khong,A01,Điểm học bạ,2025,26.31,Kinh tế Hàng không (Ngành: Kinh tế vận tải)
87011,HHK,kinh-te-hang-khong,A02,Điểm học bạ,2025,26.31,Kinh tế Hàng không (Ngành: Kinh tế vận tải)
87012,HHK,kinh-te-hang-khong,A03,Điểm học bạ,2025,26.31,Kinh tế Hàng không (Ngành: Kinh tế vận tải)
87013,HHK,kinh-te-hang-khong,A04,Điểm học bạ,2025,26.31,Kinh tế Hàng không (Ngành: Kinh tế vận tải)
87014,HHK,kinh-te-hang-khong,A05,Điểm học bạ,2025,26.31,Kinh tế Hàng không (Ngành: Kinh tế vận tải)
87015,HHK,kinh-te-hang-khong,A06,Điểm học bạ,2025,26.31,Kinh tế Hàng không (Ngành: Kinh tế vận tải)
87016,HHK,kinh-te-hang-khong,A07,Điểm học bạ,2025,26.31,Kinh tế Hàng không (Ngành: Kinh tế vận tải)
87017,HHK,kinh-te-hang-khong,B00,Điểm học bạ,2025,26.31,Kinh tế Hàng không (Ngành: Kinh tế vận tải)
87018,HHK,kinh-te-hang-khong,B01,Điểm học bạ,2025,26.31,Kinh tế Hàng không (Ngành: Kinh tế vận tải)
87019,HHK,kinh-te-hang-khong,B02,Điểm học bạ,2025,26.31,Kinh tế Hàng không (Ngành: Kinh tế vận tải)
87020,HHK,kinh-te-hang-khong,B03,Điểm học bạ,2025,26.31,Kinh tế Hàng không (Ngành: Kinh tế vận tải)
87021,HHK,kinh-te-hang-khong,B08,Điểm học bạ,2025,26.31,Kinh tế Hàng không (Ngành: Kinh tế vận tải)
87022,HHK,kinh-te-hang-khong,C00,Điểm học bạ,2025,26.31,Kinh tế Hàng không (Ngành: Kinh tế vận tải)
87023,HHK,kinh-te-hang-khong,C01,Điểm học bạ,2025,26.31,Kinh tế Hàng không (Ngành: Kinh tế vận tải)
87024,HHK,kinh-te-hang-khong,C02,Điểm học bạ,2025,26.31,Kinh tế Hàng không (Ngành: Kinh tế vận tải)
87025,HHK,kinh-te-hang-khong,C03,Điểm học bạ,2025,26.31,Kinh tế Hàng không (Ngành: Kinh tế vận tải)
87026,HHK,kinh-te-hang-khong,C04,Điểm học bạ,2025,26.31,Kinh tế Hàng không (Ngành: Kinh tế vận tải)
87027,HHK,kinh-te-hang-khong,C05,Điểm học bạ,2025,26.31,Kinh tế Hàng không (Ngành: Kinh tế vận tải)
87028,HHK,kinh-te-hang-khong,C06,Điểm học bạ,2025,26.31,Kinh tế Hàng không (Ngành: Kinh tế vận tải)
87029,HHK,kinh-te-hang-khong,C07,Điểm học bạ,2025,26.31,Kinh tế Hàng không (Ngành: Kinh tế vận tải)
87030,HHK,kinh-te-hang-khong,C08,Điểm học bạ,2025,26.31,Kinh tế Hàng không (Ngành: Kinh tế vận tải)
87031,HHK,kinh-te-hang-khong,C09,Điểm học bạ,2025,26.31,Kinh tế Hàng không (Ngành: Kinh tế vận tải)
87032,HHK,kinh-te-hang-khong,C10,Điểm học bạ,2025,26.31,Kinh tế Hàng không (Ngành: Kinh tế vận tải)
87033,HHK,kinh-te-hang-khong,C11,Điểm học bạ,2025,26.31,Kinh tế Hàng không (Ngành: Kinh tế vận tải)
87034,HHK,kinh-te-hang-khong,C12,Điểm học bạ,2025,26.31,Kinh tế Hàng không (Ngành: Kinh tế vận tải)
87035,HHK,kinh-te-hang-khong,C13,Điểm học bạ,2025,26.31,Kinh tế Hàng không (Ngành: Kinh tế vận tải)
87036,HHK,kinh-te-hang-khong,D01,Điểm học bạ,2025,26.31,Kinh tế Hàng không (Ngành: Kinh tế vận tải)
87037,HHK,kinh-te-hang-khong,D07,Điểm học bạ,2025,26.31,Kinh tế Hàng không (Ngành: Kinh tế vận tải)
87038,HHK,kinh-te-hang-khong,D09,Điểm học bạ,2025,26.31,Kinh tế Hàng không (Ngành: Kinh tế vận tải)
87039,HHK,kinh-te-hang-khong,D10,Điểm học bạ,2025,26.31,Kinh tế Hàng không (Ngành: Kinh tế vận tải)
87040,HHK,kinh-te-hang-khong,D11,Điểm học bạ,2025,26.31,Kinh tế Hàng không (Ngành: Kinh tế vận tải)
87041,HHK,kinh-te-hang-khong,D12,Điểm học bạ,2025,26.31,Kinh tế Hàng không (Ngành: Kinh tế vận tải)
87042,HHK,kinh-te-hang-khong,D13,Điểm học bạ,2025,26.31,Kinh tế Hàng không (Ngành: Kinh tế vận tải)
87043,HHK,kinh-te-hang-khong,D14,Điểm học bạ,2025,26.31,Kinh tế Hàng không (Ngành: Kinh tế vận tải)
87044,HHK,kinh-te-hang-khong,D15,Điểm học bạ,2025,26.31,Kinh tế Hàng không (Ngành: Kinh tế vận tải)
87045,HHK,kinh-te-hang-khong,X01,Điểm học bạ,2025,26.31,Kinh tế Hàng không (Ngành: Kinh tế vận tải)
87046,HHK,kinh-te-hang-khong,X02,Điểm học bạ,2025,26.31,Kinh tế Hàng không (Ngành: Kinh tế vận tải)
87047,HHK,kinh-te-hang-khong,X03,Điểm học bạ,2025,26.31,Kinh tế Hàng không (Ngành: Kinh tế vận tải)
87048,HHK,kinh-te-hang-khong,X04,Điểm học bạ,2025,26.31,Kinh tế Hàng không (Ngành: Kinh tế vận tải)
87049,HHK,kinh-te-hang-khong,X05,Điểm học bạ,2025,26.31,Kinh tế Hàng không (Ngành: Kinh tế vận tải)
87050,HHK,kinh-te-hang-khong,X06,Điểm học bạ,2025,26.31,Kinh tế Hàng không (Ngành: Kinh tế vận tải)
87051,HHK,kinh-te-hang-khong,X07,Điểm học bạ,2025,26.31,Kinh tế Hàng không (Ngành: Kinh tế vận tải)
87052,HHK,kinh-te-hang-khong,X08,Điểm học bạ,2025,26.31,Kinh tế Hàng không (Ngành: Kinh tế vận tải)
87053,HHK,kinh-te-hang-khong,X09,Điểm học bạ,2025,26.31,Kinh tế Hàng không (Ngành: Kinh tế vận tải)
87054,HHK,kinh-te-hang-khong,X10,Điểm học bạ,2025,26.31,Kinh tế Hàng không (Ngành: Kinh tế vận tải)
87055,HHK,kinh-te-hang-khong,X11,Điểm học bạ,2025,26.31,Kinh tế Hàng không (Ngành: Kinh tế vận tải)
87056,HHK,kinh-te-hang-khong,X12,Điểm học bạ,2025,26.31,Kinh tế Hàng không (Ngành: Kinh tế vận tải)
87057,HHK,kinh-te-hang-khong,X13,Điểm học bạ,2025,26.31,Kinh tế Hàng không (Ngành: Kinh tế vận tải)
87058,HHK,kinh-te-hang-khong,X14,Điểm học bạ,2025,26.31,Kinh tế Hàng không (Ngành: Kinh tế vận tải)
87059,HHK,kinh-te-hang-khong,X15,Điểm học bạ,2025,26.31,Kinh tế Hàng không (Ngành: Kinh tế vận tải)
87060,HHK,kinh-te-hang-khong,A00,Điểm thi THPT,2025,23.0,Kinh tế Hàng không (Ngành: Kinh tế vận tải)
87061,HHK,kinh-te-hang-khong,A01,Điểm thi THPT,2025,23.0,Kinh tế Hàng không (Ngành: Kinh tế vận tải)
87062,HHK,kinh-te-hang-khong,A02,Điểm thi THPT,2025,23.0,Kinh tế Hàng không (Ngành: Kinh tế vận tải)
87063,HHK,kinh-te-hang-khong,A03,Điểm thi THPT,2025,23.0,Kinh tế Hàng không (Ngành: Kinh tế vận tải)
87064,HHK,kinh-te-hang-khong,A04,Điểm thi THPT,2025,23.0,Kinh tế Hàng không (Ngành: Kinh tế vận tải)
87065,HHK,kinh-te-hang-khong,A05,Điểm thi THPT,2025,23.0,Kinh tế Hàng không (Ngành: Kinh tế vận tải)
87066,HHK,kinh-te-hang-khong,A06,Điểm thi THPT,2025,23.0,Kinh tế Hàng không (Ngành: Kinh tế vận tải)
87067,HHK,kinh-te-hang-khong,A07,Điểm thi THPT,2025,23.0,Kinh tế Hàng không (Ngành: Kinh tế vận tải)
87068,HHK,kinh-te-hang-khong,B00,Điểm thi THPT,2025,23.0,Kinh tế Hàng không (Ngành: Kinh tế vận tải)
87069,HHK,kinh-te-hang-khong,B01,Điểm thi THPT,2025,23.0,Kinh tế Hàng không (Ngành: Kinh tế vận tải)
87070,HHK,kinh-te-hang-khong,B02,Điểm thi THPT,2025,23.0,Kinh tế Hàng không (Ngành: Kinh tế vận tải)
87071,HHK,kinh-te-hang-khong,B03,Điểm thi THPT,2025,23.0,Kinh tế Hàng không (Ngành: Kinh tế vận tải)
87072,HHK,kinh-te-hang-khong,B08,Điểm thi THPT,2025,23.0,Kinh tế Hàng không (Ngành: Kinh tế vận tải)
87073,HHK,kinh-te-hang-khong,C00,Điểm thi THPT,2025,23.0,Kinh tế Hàng không (Ngành: Kinh tế vận tải)
87074,HHK,kinh-te-hang-khong,C01,Điểm thi THPT,2025,23.0,Kinh tế Hàng không (Ngành: Kinh tế vận tải)
87075,HHK,kinh-te-hang-khong,C02,Điểm thi THPT,2025,23.0,Kinh tế Hàng không (Ngành: Kinh tế vận tải)
87076,HHK,kinh-te-hang-khong,C03,Điểm thi THPT,2025,23.0,Kinh tế Hàng không (Ngành: Kinh tế vận tải)
87077,HHK,kinh-te-hang-khong,C04,Điểm thi THPT,2025,23.0,Kinh tế Hàng không (Ngành: Kinh tế vận tải)
87078,HHK,kinh-te-hang-khong,C05,Điểm thi THPT,2025,23.0,Kinh tế Hàng không (Ngành: Kinh tế vận tải)
87079,HHK,kinh-te-hang-khong,C06,Điểm thi THPT,2025,23.0,Kinh tế Hàng không (Ngành: Kinh tế vận tải)
87080,HHK,kinh-te-hang-khong,C07,Điểm thi THPT,2025,23.0,Kinh tế Hàng không (Ngành: Kinh tế vận tải)
87081,HHK,kinh-te-hang-khong,C08,Điểm thi THPT,2025,23.0,Kinh tế Hàng không (Ngành: Kinh tế vận tải)
87082,HHK,kinh-te-hang-khong,C09,Điểm thi THPT,2025,23.0,Kinh tế Hàng không (Ngành: Kinh tế vận tải)
87083,HHK,kinh-te-hang-khong,C10,Điểm thi THPT,2025,23.0,Kinh tế Hàng không (Ngành: Kinh tế vận tải)
87084,HHK,kinh-te-hang-khong,C11,Điểm thi THPT,2025,23.0,Kinh tế Hàng không (Ngành: Kinh tế vận tải)
87085,HHK,kinh-te-hang-khong,C12,Điểm thi THPT,2025,23.0,Kinh tế Hàng không (Ngành: Kinh tế vận tải)
87086,HHK,kinh-te-hang-khong,C13,Điểm thi THPT,2025,23.0,Kinh tế Hàng không (Ngành: Kinh tế vận tải)
87087,HHK,kinh-te-hang-khong,D01,Điểm thi THPT,2025,23.0,Kinh tế Hàng không (Ngành: Kinh tế vận tải)
87088,HHK,kinh-te-hang-khong,D07,Điểm thi THPT,2025,23.0,Kinh tế Hàng không (Ngành: Kinh tế vận tải)
87089,HHK,kinh-te-hang-khong,D09,Điểm thi THPT,2025,23.0,Kinh tế Hàng không (Ngành: Kinh tế vận tải)
87090,HHK,kinh-te-hang-khong,D10,Điểm thi THPT,2025,23.0,Kinh tế Hàng không (Ngành: Kinh tế vận tải)
87091,HHK,kinh-te-hang-khong,D11,Điểm thi THPT,2025,23.0,Kinh tế Hàng không (Ngành: Kinh tế vận tải)
87092,HHK,kinh-te-hang-khong,D12,Điểm thi THPT,2025,23.0,Kinh tế Hàng không (Ngành: Kinh tế vận tải)
87093,HHK,kinh-te-hang-khong,D13,Điểm thi THPT,2025,23.0,Kinh tế Hàng không (Ngành: Kinh tế vận tải)
87094,HHK,kinh-te-hang-khong,D14,Điểm thi THPT,2025,23.0,Kinh tế Hàng không (Ngành: Kinh tế vận tải)
87095,HHK,kinh-te-hang-khong,D15,Điểm thi THPT,2025,23.0,Kinh tế Hàng không (Ngành: Kinh tế vận tải)
87096,HHK,kinh-te-hang-khong,X01,Điểm thi THPT,2025,23.0,Kinh tế Hàng không (Ngành: Kinh tế vận tải)
87097,HHK,kinh-te-hang-khong,X02,Điểm thi THPT,2025,23.0,Kinh tế Hàng không (Ngành: Kinh tế vận tải)
87098,HHK,kinh-te-hang-khong,X03,Điểm thi THPT,2025,23.0,Kinh tế Hàng không (Ngành: Kinh tế vận tải)
87099,HHK,kinh-te-hang-khong,X04,Điểm thi THPT,2025,23.0,Kinh tế Hàng không (Ngành: Kinh tế vận tải)
87100,HHK,kinh-te-hang-khong,X05,Điểm thi THPT,2025,23.0,Kinh tế Hàng không (Ngành: Kinh tế vận tải)
87101,HHK,kinh-te-hang-khong,X06,Điểm thi THPT,2025,23.0,Kinh tế Hàng không (Ngành: Kinh tế vận tải)
87102,HHK,kinh-te-hang-khong,X07,Điểm thi THPT,2025,23.0,Kinh tế Hàng không (Ngành: Kinh tế vận tải)
87103,HHK,kinh-te-hang-khong,X08,Điểm thi THPT,2025,23.0,Kinh tế Hàng không (Ngành: Kinh tế vận tải)
87104,HHK,kinh-te-hang-khong,X09,Điểm thi THPT,2025,23.0,Kinh tế Hàng không (Ngành: Kinh tế vận tải)
87105,HHK,kinh-te-hang-khong,X10,Điểm thi THPT,2025,23.0,Kinh tế Hàng không (Ngành: Kinh tế vận tải)
87106,HHK,kinh-te-hang-khong,X11,Điểm thi THPT,2025,23.0,Kinh tế Hàng không (Ngành: Kinh tế vận tải)
87107,HHK,kinh-te-hang-khong,X12,Điểm thi THPT,2025,23.0,Kinh tế Hàng không (Ngành: Kinh tế vận tải)
87108,HHK,kinh-te-hang-khong,X13,Điểm thi THPT,2025,23.0,Kinh tế Hàng không (Ngành: Kinh tế vận tải)
87109,HHK,kinh-te-hang-khong,X14,Điểm thi THPT,2025,23.0,Kinh tế Hàng không (Ngành: Kinh tế vận tải)
87110,HHK,kinh-te-hang-khong,X15,Điểm thi THPT,2025,23.0,Kinh tế Hàng không (Ngành: Kinh tế vận tải)
87111,HHK,kinh-te-van-tai,A01,Điểm học bạ,2022,27.0,Kinh tế vận tải
87112,HHK,kinh-te-van-tai,D01,Điểm học bạ,2022,27.0,Kinh tế vận tải
87113,HHK,kinh-te-van-tai,D78,Điểm học bạ,2022,27.0,Kinh tế vận tải
87114,HHK,kinh-te-van-tai,D96,Điểm học bạ,2022,27.0,Kinh tế vận tải
87115,HHK,kinh-te-van-tai,A01,Điểm thi THPT,2022,19.0,Kinh tế vận tải
87116,HHK,kinh-te-van-tai,D01,Điểm thi THPT,2022,19.0,Kinh tế vận tải
87117,HHK,kinh-te-van-tai,D78,Điểm thi THPT,2022,19.0,Kinh tế vận tải
87118,HHK,kinh-te-van-tai,D96,Điểm thi THPT,2022,19.0,Kinh tế vận tải
87119,HHK,kinh-te-van-tai,A01,Điểm học bạ,2023,25.5,Kinh tế vận tải
87120,HHK,kinh-te-van-tai,D01,Điểm học bạ,2023,25.5,Kinh tế vận tải
87121,HHK,kinh-te-van-tai,D14,Điểm học bạ,2023,25.5,Kinh tế vận tải
87122,HHK,kinh-te-van-tai,D15,Điểm học bạ,2023,25.5,Kinh tế vận tải
87123,HHK,kinh-te-van-tai,A01,Điểm thi THPT,2023,19.0,Kinh tế vận tải
87124,HHK,kinh-te-van-tai,D01,Điểm thi THPT,2023,19.0,Kinh tế vận tải
87125,HHK,kinh-te-van-tai,D14,Điểm thi THPT,2023,19.0,Kinh tế vận tải
87126,HHK,kinh-te-van-tai,D15,Điểm thi THPT,2023,19.0,Kinh tế vận tải
87127,HHK,kinh-te-van-tai,A01,Điểm học bạ,2024,20.0,Kinh tế vận tải (CN1: Logistics và quản lý chuỗi cung ứng; CN2: Logistics và vận tải đa phương thức)
87128,HHK,kinh-te-van-tai,D01,Điểm học bạ,2024,20.0,Kinh tế vận tải (CN1: Logistics và quản lý chuỗi cung ứng; CN2: Logistics và vận tải đa phương thức)
87129,HHK,kinh-te-van-tai,D14,Điểm học bạ,2024,20.0,Kinh tế vận tải (CN1: Logistics và quản lý chuỗi cung ứng; CN2: Logistics và vận tải đa phương thức)
87130,HHK,kinh-te-van-tai,D15,Điểm học bạ,2024,20.0,Kinh tế vận tải (CN1: Logistics và quản lý chuỗi cung ứng; CN2: Logistics và vận tải đa phương thức)
87131,HHK,kinh-te-van-tai,A01,Điểm thi THPT,2024,22.0,Kinh tế vận tải (CN: Kinh tế hàng không)
87132,HHK,kinh-te-van-tai,D01,Điểm thi THPT,2024,22.0,Kinh tế vận tải (CN: Kinh tế hàng không)
87133,HHK,kinh-te-van-tai,D14,Điểm thi THPT,2024,22.0,Kinh tế vận tải (CN: Kinh tế hàng không)
87134,HHK,kinh-te-van-tai,D15,Điểm thi THPT,2024,22.0,Kinh tế vận tải (CN: Kinh tế hàng không)
87135,HHK,kinh-te-van-tai-chuong-trinh-hoc-bang-tieng-anh,A01,Điểm học bạ,2024,20.0,Kinh tế vận tải – Chương trình học bằng Tiếng Anh (CN: Logistics và vận tải đa phương thức)
87136,HHK,kinh-te-van-tai-chuong-trinh-hoc-bang-tieng-anh,D01,Điểm học bạ,2024,20.0,Kinh tế vận tải – Chương trình học bằng Tiếng Anh (CN: Logistics và vận tải đa phương thức)
87137,HHK,kinh-te-van-tai-chuong-trinh-hoc-bang-tieng-anh,D14,Điểm học bạ,2024,20.0,Kinh tế vận tải – Chương trình học bằng Tiếng Anh (CN: Logistics và vận tải đa phương thức)
87138,HHK,kinh-te-van-tai-chuong-trinh-hoc-bang-tieng-anh,D15,Điểm học bạ,2024,20.0,Kinh tế vận tải – Chương trình học bằng Tiếng Anh (CN: Logistics và vận tải đa phương thức)
87139,HHK,kinh-te-van-tai-chuong-trinh-hoc-bang-tieng-anh,A01,Điểm thi THPT,2024,20.0,Kinh tế vận tải - Chương trình học bằng Tiếng Anh (CN: Logistics và vận tải đa phương thức)
87140,HHK,kinh-te-van-tai-chuong-trinh-hoc-bang-tieng-anh,D01,Điểm thi THPT,2024,20.0,Kinh tế vận tải - Chương trình học bằng Tiếng Anh (CN: Logistics và vận tải đa phương thức)
87141,HHK,kinh-te-van-tai-chuong-trinh-hoc-bang-tieng-anh,D14,Điểm thi THPT,2024,20.0,Kinh tế vận tải - Chương trình học bằng Tiếng Anh (CN: Logistics và vận tải đa phương thức)
87142,HHK,kinh-te-van-tai-chuong-trinh-hoc-bang-tieng-anh,D15,Điểm thi THPT,2024,20.0,Kinh tế vận tải - Chương trình học bằng Tiếng Anh (CN: Logistics và vận tải đa phương thức)
87143,HHK,kinh-te-van-tai-cn-kinh-te-hang-khong,A01,Điểm học bạ,2024,20.0,Kinh tế vận tải – CN: Kinh tế hàng không
87144,HHK,kinh-te-van-tai-cn-kinh-te-hang-khong,D01,Điểm học bạ,2024,20.0,Kinh tế vận tải – CN: Kinh tế hàng không
87145,HHK,kinh-te-van-tai-cn-kinh-te-hang-khong,D14,Điểm học bạ,2024,20.0,Kinh tế vận tải – CN: Kinh tế hàng không
87146,HHK,kinh-te-van-tai-cn-kinh-te-hang-khong,D15,Điểm học bạ,2024,20.0,Kinh tế vận tải – CN: Kinh tế hàng không
87147,HHK,ky-thuat-bao-duong-tau-bay,A00,Điểm học bạ,2025,26.88,Kỹ thuật bảo dưỡng tàu bay (Ngành: Kỹ thuật HK)
87148,HHK,ky-thuat-bao-duong-tau-bay,A01,Điểm học bạ,2025,26.88,Kỹ thuật bảo dưỡng tàu bay (Ngành: Kỹ thuật HK)
87149,HHK,ky-thuat-bao-duong-tau-bay,A02,Điểm học bạ,2025,26.88,Kỹ thuật bảo dưỡng tàu bay (Ngành: Kỹ thuật HK)
87150,HHK,ky-thuat-bao-duong-tau-bay,A03,Điểm học bạ,2025,26.88,Kỹ thuật bảo dưỡng tàu bay (Ngành: Kỹ thuật HK)
87151,HHK,ky-thuat-bao-duong-tau-bay,A04,Điểm học bạ,2025,26.88,Kỹ thuật bảo dưỡng tàu bay (Ngành: Kỹ thuật HK)
87152,HHK,ky-thuat-bao-duong-tau-bay,A05,Điểm học bạ,2025,26.88,Kỹ thuật bảo dưỡng tàu bay (Ngành: Kỹ thuật HK)
87153,HHK,ky-thuat-bao-duong-tau-bay,A06,Điểm học bạ,2025,26.88,Kỹ thuật bảo dưỡng tàu bay (Ngành: Kỹ thuật HK)
87154,HHK,ky-thuat-bao-duong-tau-bay,A07,Điểm học bạ,2025,26.88,Kỹ thuật bảo dưỡng tàu bay (Ngành: Kỹ thuật HK)
87155,HHK,ky-thuat-bao-duong-tau-bay,B00,Điểm học bạ,2025,26.88,Kỹ thuật bảo dưỡng tàu bay (Ngành: Kỹ thuật HK)
87156,HHK,ky-thuat-bao-duong-tau-bay,B01,Điểm học bạ,2025,26.88,Kỹ thuật bảo dưỡng tàu bay (Ngành: Kỹ thuật HK)
87157,HHK,ky-thuat-bao-duong-tau-bay,B02,Điểm học bạ,2025,26.88,Kỹ thuật bảo dưỡng tàu bay (Ngành: Kỹ thuật HK)
87158,HHK,ky-thuat-bao-duong-tau-bay,B03,Điểm học bạ,2025,26.88,Kỹ thuật bảo dưỡng tàu bay (Ngành: Kỹ thuật HK)
87159,HHK,ky-thuat-bao-duong-tau-bay,B08,Điểm học bạ,2025,26.88,Kỹ thuật bảo dưỡng tàu bay (Ngành: Kỹ thuật HK)
87160,HHK,ky-thuat-bao-duong-tau-bay,C01,Điểm học bạ,2025,26.88,Kỹ thuật bảo dưỡng tàu bay (Ngành: Kỹ thuật HK)
87161,HHK,ky-thuat-bao-duong-tau-bay,C02,Điểm học bạ,2025,26.88,Kỹ thuật bảo dưỡng tàu bay (Ngành: Kỹ thuật HK)
87162,HHK,ky-thuat-bao-duong-tau-bay,C03,Điểm học bạ,2025,26.88,Kỹ thuật bảo dưỡng tàu bay (Ngành: Kỹ thuật HK)
87163,HHK,ky-thuat-bao-duong-tau-bay,C04,Điểm học bạ,2025,26.88,Kỹ thuật bảo dưỡng tàu bay (Ngành: Kỹ thuật HK)
87164,HHK,ky-thuat-bao-duong-tau-bay,D01,Điểm học bạ,2025,26.88,Kỹ thuật bảo dưỡng tàu bay (Ngành: Kỹ thuật HK)
87165,HHK,ky-thuat-bao-duong-tau-bay,D07,Điểm học bạ,2025,26.88,Kỹ thuật bảo dưỡng tàu bay (Ngành: Kỹ thuật HK)
87166,HHK,ky-thuat-bao-duong-tau-bay,D09,Điểm học bạ,2025,26.88,Kỹ thuật bảo dưỡng tàu bay (Ngành: Kỹ thuật HK)
87167,HHK,ky-thuat-bao-duong-tau-bay,D10,Điểm học bạ,2025,26.88,Kỹ thuật bảo dưỡng tàu bay (Ngành: Kỹ thuật HK)
87168,HHK,ky-thuat-bao-duong-tau-bay,X01,Điểm học bạ,2025,26.88,Kỹ thuật bảo dưỡng tàu bay (Ngành: Kỹ thuật HK)
87169,HHK,ky-thuat-bao-duong-tau-bay,X02,Điểm học bạ,2025,26.88,Kỹ thuật bảo dưỡng tàu bay (Ngành: Kỹ thuật HK)
87170,HHK,ky-thuat-bao-duong-tau-bay,X03,Điểm học bạ,2025,26.88,Kỹ thuật bảo dưỡng tàu bay (Ngành: Kỹ thuật HK)
87171,HHK,ky-thuat-bao-duong-tau-bay,X04,Điểm học bạ,2025,26.88,Kỹ thuật bảo dưỡng tàu bay (Ngành: Kỹ thuật HK)
87172,HHK,ky-thuat-bao-duong-tau-bay,X05,Điểm học bạ,2025,26.88,Kỹ thuật bảo dưỡng tàu bay (Ngành: Kỹ thuật HK)
87173,HHK,ky-thuat-bao-duong-tau-bay,X06,Điểm học bạ,2025,26.88,Kỹ thuật bảo dưỡng tàu bay (Ngành: Kỹ thuật HK)
87174,HHK,ky-thuat-bao-duong-tau-bay,X07,Điểm học bạ,2025,26.88,Kỹ thuật bảo dưỡng tàu bay (Ngành: Kỹ thuật HK)
87175,HHK,ky-thuat-bao-duong-tau-bay,X08,Điểm học bạ,2025,26.88,Kỹ thuật bảo dưỡng tàu bay (Ngành: Kỹ thuật HK)
87176,HHK,ky-thuat-bao-duong-tau-bay,X09,Điểm học bạ,2025,26.88,Kỹ thuật bảo dưỡng tàu bay (Ngành: Kỹ thuật HK)
87177,HHK,ky-thuat-bao-duong-tau-bay,X10,Điểm học bạ,2025,26.88,Kỹ thuật bảo dưỡng tàu bay (Ngành: Kỹ thuật HK)
87178,HHK,ky-thuat-bao-duong-tau-bay,X11,Điểm học bạ,2025,26.88,Kỹ thuật bảo dưỡng tàu bay (Ngành: Kỹ thuật HK)
87179,HHK,ky-thuat-bao-duong-tau-bay,X12,Điểm học bạ,2025,26.88,Kỹ thuật bảo dưỡng tàu bay (Ngành: Kỹ thuật HK)
87180,HHK,ky-thuat-bao-duong-tau-bay,X13,Điểm học bạ,2025,26.88,Kỹ thuật bảo dưỡng tàu bay (Ngành: Kỹ thuật HK)
87181,HHK,ky-thuat-bao-duong-tau-bay,X14,Điểm học bạ,2025,26.88,Kỹ thuật bảo dưỡng tàu bay (Ngành: Kỹ thuật HK)
87182,HHK,ky-thuat-bao-duong-tau-bay,X15,Điểm học bạ,2025,26.88,Kỹ thuật bảo dưỡng tàu bay (Ngành: Kỹ thuật HK)
87183,HHK,ky-thuat-bao-duong-tau-bay,X16,Điểm học bạ,2025,26.88,Kỹ thuật bảo dưỡng tàu bay (Ngành: Kỹ thuật HK)
87184,HHK,ky-thuat-bao-duong-tau-bay,X17,Điểm học bạ,2025,26.88,Kỹ thuật bảo dưỡng tàu bay (Ngành: Kỹ thuật HK)
87185,HHK,ky-thuat-bao-duong-tau-bay,X18,Điểm học bạ,2025,26.88,Kỹ thuật bảo dưỡng tàu bay (Ngành: Kỹ thuật HK)
87186,HHK,ky-thuat-bao-duong-tau-bay,X19,Điểm học bạ,2025,26.88,Kỹ thuật bảo dưỡng tàu bay (Ngành: Kỹ thuật HK)
87187,HHK,ky-thuat-bao-duong-tau-bay,X20,Điểm học bạ,2025,26.88,Kỹ thuật bảo dưỡng tàu bay (Ngành: Kỹ thuật HK)
87188,HHK,ky-thuat-bao-duong-tau-bay,X21,Điểm học bạ,2025,26.88,Kỹ thuật bảo dưỡng tàu bay (Ngành: Kỹ thuật HK)
87189,HHK,ky-thuat-bao-duong-tau-bay,X22,Điểm học bạ,2025,26.88,Kỹ thuật bảo dưỡng tàu bay (Ngành: Kỹ thuật HK)
87190,HHK,ky-thuat-bao-duong-tau-bay,X23,Điểm học bạ,2025,26.88,Kỹ thuật bảo dưỡng tàu bay (Ngành: Kỹ thuật HK)
87191,HHK,ky-thuat-bao-duong-tau-bay,X24,Điểm học bạ,2025,26.88,Kỹ thuật bảo dưỡng tàu bay (Ngành: Kỹ thuật HK)
87192,HHK,ky-thuat-bao-duong-tau-bay,X25,Điểm học bạ,2025,26.88,Kỹ thuật bảo dưỡng tàu bay (Ngành: Kỹ thuật HK)
87193,HHK,ky-thuat-bao-duong-tau-bay,X26,Điểm học bạ,2025,26.88,Kỹ thuật bảo dưỡng tàu bay (Ngành: Kỹ thuật HK)
87194,HHK,ky-thuat-bao-duong-tau-bay,X27,Điểm học bạ,2025,26.88,Kỹ thuật bảo dưỡng tàu bay (Ngành: Kỹ thuật HK)
87195,HHK,ky-thuat-bao-duong-tau-bay,X28,Điểm học bạ,2025,26.88,Kỹ thuật bảo dưỡng tàu bay (Ngành: Kỹ thuật HK)
87196,HHK,ky-thuat-bao-duong-tau-bay,X53,Điểm học bạ,2025,26.88,Kỹ thuật bảo dưỡng tàu bay (Ngành: Kỹ thuật HK)
87197,HHK,ky-thuat-bao-duong-tau-bay,X54,Điểm học bạ,2025,26.88,Kỹ thuật bảo dưỡng tàu bay (Ngành: Kỹ thuật HK)
87198,HHK,ky-thuat-bao-duong-tau-bay,A00,Điểm thi THPT,2025,24.0,Kỹ thuật bảo dưỡng tàu bay (Ngành: Kỹ thuật HK)
87199,HHK,ky-thuat-bao-duong-tau-bay,A01,Điểm thi THPT,2025,24.0,Kỹ thuật bảo dưỡng tàu bay (Ngành: Kỹ thuật HK)
87200,HHK,ky-thuat-bao-duong-tau-bay,A02,Điểm thi THPT,2025,24.0,Kỹ thuật bảo dưỡng tàu bay (Ngành: Kỹ thuật HK)
87201,HHK,ky-thuat-bao-duong-tau-bay,A03,Điểm thi THPT,2025,24.0,Kỹ thuật bảo dưỡng tàu bay (Ngành: Kỹ thuật HK)
87202,HHK,ky-thuat-bao-duong-tau-bay,A04,Điểm thi THPT,2025,24.0,Kỹ thuật bảo dưỡng tàu bay (Ngành: Kỹ thuật HK)
87203,HHK,ky-thuat-bao-duong-tau-bay,A05,Điểm thi THPT,2025,24.0,Kỹ thuật bảo dưỡng tàu bay (Ngành: Kỹ thuật HK)
87204,HHK,ky-thuat-bao-duong-tau-bay,A06,Điểm thi THPT,2025,24.0,Kỹ thuật bảo dưỡng tàu bay (Ngành: Kỹ thuật HK)
87205,HHK,ky-thuat-bao-duong-tau-bay,A07,Điểm thi THPT,2025,24.0,Kỹ thuật bảo dưỡng tàu bay (Ngành: Kỹ thuật HK)
87206,HHK,ky-thuat-bao-duong-tau-bay,B00,Điểm thi THPT,2025,24.0,Kỹ thuật bảo dưỡng tàu bay (Ngành: Kỹ thuật HK)
87207,HHK,ky-thuat-bao-duong-tau-bay,B01,Điểm thi THPT,2025,24.0,Kỹ thuật bảo dưỡng tàu bay (Ngành: Kỹ thuật HK)
87208,HHK,ky-thuat-bao-duong-tau-bay,B02,Điểm thi THPT,2025,24.0,Kỹ thuật bảo dưỡng tàu bay (Ngành: Kỹ thuật HK)
87209,HHK,ky-thuat-bao-duong-tau-bay,B03,Điểm thi THPT,2025,24.0,Kỹ thuật bảo dưỡng tàu bay (Ngành: Kỹ thuật HK)
87210,HHK,ky-thuat-bao-duong-tau-bay,B08,Điểm thi THPT,2025,24.0,Kỹ thuật bảo dưỡng tàu bay (Ngành: Kỹ thuật HK)
87211,HHK,ky-thuat-bao-duong-tau-bay,C01,Điểm thi THPT,2025,24.0,Kỹ thuật bảo dưỡng tàu bay (Ngành: Kỹ thuật HK)
87212,HHK,ky-thuat-bao-duong-tau-bay,C02,Điểm thi THPT,2025,24.0,Kỹ thuật bảo dưỡng tàu bay (Ngành: Kỹ thuật HK)
87213,HHK,ky-thuat-bao-duong-tau-bay,C03,Điểm thi THPT,2025,24.0,Kỹ thuật bảo dưỡng tàu bay (Ngành: Kỹ thuật HK)
87214,HHK,ky-thuat-bao-duong-tau-bay,C04,Điểm thi THPT,2025,24.0,Kỹ thuật bảo dưỡng tàu bay (Ngành: Kỹ thuật HK)
87215,HHK,ky-thuat-bao-duong-tau-bay,D01,Điểm thi THPT,2025,24.0,Kỹ thuật bảo dưỡng tàu bay (Ngành: Kỹ thuật HK)
87216,HHK,ky-thuat-bao-duong-tau-bay,D07,Điểm thi THPT,2025,24.0,Kỹ thuật bảo dưỡng tàu bay (Ngành: Kỹ thuật HK)
87217,HHK,ky-thuat-bao-duong-tau-bay,D09,Điểm thi THPT,2025,24.0,Kỹ thuật bảo dưỡng tàu bay (Ngành: Kỹ thuật HK)
87218,HHK,ky-thuat-bao-duong-tau-bay,D10,Điểm thi THPT,2025,24.0,Kỹ thuật bảo dưỡng tàu bay (Ngành: Kỹ thuật HK)
87219,HHK,ky-thuat-bao-duong-tau-bay,X01,Điểm thi THPT,2025,24.0,Kỹ thuật bảo dưỡng tàu bay (Ngành: Kỹ thuật HK)
87220,HHK,ky-thuat-bao-duong-tau-bay,X02,Điểm thi THPT,2025,24.0,Kỹ thuật bảo dưỡng tàu bay (Ngành: Kỹ thuật HK)
87221,HHK,ky-thuat-bao-duong-tau-bay,X03,Điểm thi THPT,2025,24.0,Kỹ thuật bảo dưỡng tàu bay (Ngành: Kỹ thuật HK)
87222,HHK,ky-thuat-bao-duong-tau-bay,X04,Điểm thi THPT,2025,24.0,Kỹ thuật bảo dưỡng tàu bay (Ngành: Kỹ thuật HK)
87223,HHK,ky-thuat-bao-duong-tau-bay,X05,Điểm thi THPT,2025,24.0,Kỹ thuật bảo dưỡng tàu bay (Ngành: Kỹ thuật HK)
87224,HHK,ky-thuat-bao-duong-tau-bay,X06,Điểm thi THPT,2025,24.0,Kỹ thuật bảo dưỡng tàu bay (Ngành: Kỹ thuật HK)
87225,HHK,ky-thuat-bao-duong-tau-bay,X07,Điểm thi THPT,2025,24.0,Kỹ thuật bảo dưỡng tàu bay (Ngành: Kỹ thuật HK)
87226,HHK,ky-thuat-bao-duong-tau-bay,X08,Điểm thi THPT,2025,24.0,Kỹ thuật bảo dưỡng tàu bay (Ngành: Kỹ thuật HK)
87227,HHK,ky-thuat-bao-duong-tau-bay,X09,Điểm thi THPT,2025,24.0,Kỹ thuật bảo dưỡng tàu bay (Ngành: Kỹ thuật HK)
87228,HHK,ky-thuat-bao-duong-tau-bay,X10,Điểm thi THPT,2025,24.0,Kỹ thuật bảo dưỡng tàu bay (Ngành: Kỹ thuật HK)
87229,HHK,ky-thuat-bao-duong-tau-bay,X11,Điểm thi THPT,2025,24.0,Kỹ thuật bảo dưỡng tàu bay (Ngành: Kỹ thuật HK)
87230,HHK,ky-thuat-bao-duong-tau-bay,X12,Điểm thi THPT,2025,24.0,Kỹ thuật bảo dưỡng tàu bay (Ngành: Kỹ thuật HK)
87231,HHK,ky-thuat-bao-duong-tau-bay,X13,Điểm thi THPT,2025,24.0,Kỹ thuật bảo dưỡng tàu bay (Ngành: Kỹ thuật HK)
87232,HHK,ky-thuat-bao-duong-tau-bay,X14,Điểm thi THPT,2025,24.0,Kỹ thuật bảo dưỡng tàu bay (Ngành: Kỹ thuật HK)
87233,HHK,ky-thuat-bao-duong-tau-bay,X15,Điểm thi THPT,2025,24.0,Kỹ thuật bảo dưỡng tàu bay (Ngành: Kỹ thuật HK)
87234,HHK,ky-thuat-bao-duong-tau-bay,X16,Điểm thi THPT,2025,24.0,Kỹ thuật bảo dưỡng tàu bay (Ngành: Kỹ thuật HK)
87235,HHK,ky-thuat-bao-duong-tau-bay,X17,Điểm thi THPT,2025,24.0,Kỹ thuật bảo dưỡng tàu bay (Ngành: Kỹ thuật HK)
87236,HHK,ky-thuat-bao-duong-tau-bay,X18,Điểm thi THPT,2025,24.0,Kỹ thuật bảo dưỡng tàu bay (Ngành: Kỹ thuật HK)
87237,HHK,ky-thuat-bao-duong-tau-bay,X19,Điểm thi THPT,2025,24.0,Kỹ thuật bảo dưỡng tàu bay (Ngành: Kỹ thuật HK)
87238,HHK,ky-thuat-bao-duong-tau-bay,X20,Điểm thi THPT,2025,24.0,Kỹ thuật bảo dưỡng tàu bay (Ngành: Kỹ thuật HK)
87239,HHK,ky-thuat-bao-duong-tau-bay,X21,Điểm thi THPT,2025,24.0,Kỹ thuật bảo dưỡng tàu bay (Ngành: Kỹ thuật HK)
87240,HHK,ky-thuat-bao-duong-tau-bay,X22,Điểm thi THPT,2025,24.0,Kỹ thuật bảo dưỡng tàu bay (Ngành: Kỹ thuật HK)
87241,HHK,ky-thuat-bao-duong-tau-bay,X23,Điểm thi THPT,2025,24.0,Kỹ thuật bảo dưỡng tàu bay (Ngành: Kỹ thuật HK)
87242,HHK,ky-thuat-bao-duong-tau-bay,X24,Điểm thi THPT,2025,24.0,Kỹ thuật bảo dưỡng tàu bay (Ngành: Kỹ thuật HK)
87243,HHK,ky-thuat-bao-duong-tau-bay,X25,Điểm thi THPT,2025,24.0,Kỹ thuật bảo dưỡng tàu bay (Ngành: Kỹ thuật HK)
87244,HHK,ky-thuat-bao-duong-tau-bay,X26,Điểm thi THPT,2025,24.0,Kỹ thuật bảo dưỡng tàu bay (Ngành: Kỹ thuật HK)
87245,HHK,ky-thuat-bao-duong-tau-bay,X27,Điểm thi THPT,2025,24.0,Kỹ thuật bảo dưỡng tàu bay (Ngành: Kỹ thuật HK)
87246,HHK,ky-thuat-bao-duong-tau-bay,X28,Điểm thi THPT,2025,24.0,Kỹ thuật bảo dưỡng tàu bay (Ngành: Kỹ thuật HK)
87247,HHK,ky-thuat-bao-duong-tau-bay,X53,Điểm thi THPT,2025,24.0,Kỹ thuật bảo dưỡng tàu bay (Ngành: Kỹ thuật HK)
87248,HHK,ky-thuat-bao-duong-tau-bay,X54,Điểm thi THPT,2025,24.0,Kỹ thuật bảo dưỡng tàu bay (Ngành: Kỹ thuật HK)
87249,HHK,ky-thuat-hang-khong,A00,Điểm thi THPT,2021,25.0,Kỹ thuật hàng không
87250,HHK,ky-thuat-hang-khong,A01,Điểm thi THPT,2021,25.0,Kỹ thuật hàng không
87251,HHK,ky-thuat-hang-khong,D07,Điểm thi THPT,2021,25.0,Kỹ thuật hàng không
87252,HHK,ky-thuat-hang-khong,D90,Điểm thi THPT,2021,25.0,Kỹ thuật hàng không
87253,HHK,ky-thuat-hang-khong,A00,Điểm thi THPT,2022,21.3,Kỹ thuật hàng không
87254,HHK,ky-thuat-hang-khong,A01,Điểm thi THPT,2022,21.3,Kỹ thuật hàng không
87255,HHK,ky-thuat-hang-khong,D07,Điểm thi THPT,2022,21.3,Kỹ thuật hàng không
87256,HHK,ky-thuat-hang-khong,D90,Điểm thi THPT,2022,21.3,Kỹ thuật hàng không
87257,HHK,ky-thuat-hang-khong,A00,Điểm học bạ,2023,26.0,Kỹ thuật hàng không
87258,HHK,ky-thuat-hang-khong,A01,Điểm học bạ,2023,26.0,Kỹ thuật hàng không
87259,HHK,ky-thuat-hang-khong,D07,Điểm học bạ,2023,26.0,Kỹ thuật hàng không
87260,HHK,ky-thuat-hang-khong,K01,Điểm học bạ,2023,26.0,Kỹ thuật hàng không
87261,HHK,ky-thuat-hang-khong,A00,Điểm thi THPT,2023,21.5,Kỹ thuật hàng không
87262,HHK,ky-thuat-hang-khong,A01,Điểm thi THPT,2023,21.5,Kỹ thuật hàng không
87263,HHK,ky-thuat-hang-khong,D07,Điểm thi THPT,2023,21.5,Kỹ thuật hàng không
87264,HHK,ky-thuat-hang-khong,A00,Điểm học bạ,2024,24.0,Kỹ thuật hàng không
87265,HHK,ky-thuat-hang-khong,A01,Điểm học bạ,2024,24.0,Kỹ thuật hàng không
87266,HHK,ky-thuat-hang-khong,D07,Điểm học bạ,2024,24.0,Kỹ thuật hàng không
87267,HHK,ky-thuat-hang-khong,K01,Điểm học bạ,2024,24.0,Kỹ thuật hàng không
87268,HHK,ky-thuat-hang-khong,A00,Điểm thi THPT,2024,23.6,Kỹ thuật hàng không
87269,HHK,ky-thuat-hang-khong,A01,Điểm thi THPT,2024,23.6,Kỹ thuật hàng không
87270,HHK,ky-thuat-hang-khong,D07,Điểm thi THPT,2024,23.6,Kỹ thuật hàng không
87271,HHK,ky-thuat-hang-khong,A00,Điểm học bạ,2025,27.16,Kỹ thuật hàng không
87272,HHK,ky-thuat-hang-khong,A01,Điểm học bạ,2025,27.16,Kỹ thuật hàng không
87273,HHK,ky-thuat-hang-khong,A02,Điểm học bạ,2025,27.16,Kỹ thuật hàng không
87274,HHK,ky-thuat-hang-khong,A03,Điểm học bạ,2025,27.16,Kỹ thuật hàng không
87275,HHK,ky-thuat-hang-khong,A04,Điểm học bạ,2025,27.16,Kỹ thuật hàng không
87276,HHK,ky-thuat-hang-khong,A05,Điểm học bạ,2025,27.16,Kỹ thuật hàng không
87277,HHK,ky-thuat-hang-khong,A06,Điểm học bạ,2025,27.16,Kỹ thuật hàng không
87278,HHK,ky-thuat-hang-khong,A07,Điểm học bạ,2025,27.16,Kỹ thuật hàng không
87279,HHK,ky-thuat-hang-khong,B00,Điểm học bạ,2025,27.16,Kỹ thuật hàng không
87280,HHK,ky-thuat-hang-khong,B01,Điểm học bạ,2025,27.16,Kỹ thuật hàng không
87281,HHK,ky-thuat-hang-khong,B02,Điểm học bạ,2025,27.16,Kỹ thuật hàng không
87282,HHK,ky-thuat-hang-khong,B03,Điểm học bạ,2025,27.16,Kỹ thuật hàng không
87283,HHK,ky-thuat-hang-khong,B08,Điểm học bạ,2025,27.16,Kỹ thuật hàng không
87284,HHK,ky-thuat-hang-khong,C01,Điểm học bạ,2025,27.16,Kỹ thuật hàng không
87285,HHK,ky-thuat-hang-khong,C02,Điểm học bạ,2025,27.16,Kỹ thuật hàng không
87286,HHK,ky-thuat-hang-khong,C03,Điểm học bạ,2025,27.16,Kỹ thuật hàng không
87287,HHK,ky-thuat-hang-khong,C04,Điểm học bạ,2025,27.16,Kỹ thuật hàng không
87288,HHK,ky-thuat-hang-khong,D01,Điểm học bạ,2025,27.16,Kỹ thuật hàng không
87289,HHK,ky-thuat-hang-khong,D07,Điểm học bạ,2025,27.16,Kỹ thuật hàng không
87290,HHK,ky-thuat-hang-khong,D09,Điểm học bạ,2025,27.16,Kỹ thuật hàng không
87291,HHK,ky-thuat-hang-khong,D10,Điểm học bạ,2025,27.16,Kỹ thuật hàng không
87292,HHK,ky-thuat-hang-khong,X01,Điểm học bạ,2025,27.16,Kỹ thuật hàng không
87293,HHK,ky-thuat-hang-khong,X02,Điểm học bạ,2025,27.16,Kỹ thuật hàng không
87294,HHK,ky-thuat-hang-khong,X03,Điểm học bạ,2025,27.16,Kỹ thuật hàng không
87295,HHK,ky-thuat-hang-khong,X04,Điểm học bạ,2025,27.16,Kỹ thuật hàng không
87296,HHK,ky-thuat-hang-khong,X05,Điểm học bạ,2025,27.16,Kỹ thuật hàng không
87297,HHK,ky-thuat-hang-khong,X06,Điểm học bạ,2025,27.16,Kỹ thuật hàng không
87298,HHK,ky-thuat-hang-khong,X07,Điểm học bạ,2025,27.16,Kỹ thuật hàng không
87299,HHK,ky-thuat-hang-khong,X08,Điểm học bạ,2025,27.16,Kỹ thuật hàng không
87300,HHK,ky-thuat-hang-khong,X09,Điểm học bạ,2025,27.16,Kỹ thuật hàng không
87301,HHK,ky-thuat-hang-khong,X10,Điểm học bạ,2025,27.16,Kỹ thuật hàng không
87302,HHK,ky-thuat-hang-khong,X11,Điểm học bạ,2025,27.16,Kỹ thuật hàng không
87303,HHK,ky-thuat-hang-khong,X12,Điểm học bạ,2025,27.16,Kỹ thuật hàng không
87304,HHK,ky-thuat-hang-khong,X13,Điểm học bạ,2025,27.16,Kỹ thuật hàng không
87305,HHK,ky-thuat-hang-khong,X14,Điểm học bạ,2025,27.16,Kỹ thuật hàng không
87306,HHK,ky-thuat-hang-khong,X15,Điểm học bạ,2025,27.16,Kỹ thuật hàng không
87307,HHK,ky-thuat-hang-khong,X16,Điểm học bạ,2025,27.16,Kỹ thuật hàng không
87308,HHK,ky-thuat-hang-khong,X17,Điểm học bạ,2025,27.16,Kỹ thuật hàng không
87309,HHK,ky-thuat-hang-khong,X18,Điểm học bạ,2025,27.16,Kỹ thuật hàng không
87310,HHK,ky-thuat-hang-khong,X19,Điểm học bạ,2025,27.16,Kỹ thuật hàng không
87311,HHK,ky-thuat-hang-khong,X20,Điểm học bạ,2025,27.16,Kỹ thuật hàng không
87312,HHK,ky-thuat-hang-khong,X21,Điểm học bạ,2025,27.16,Kỹ thuật hàng không
87313,HHK,ky-thuat-hang-khong,X22,Điểm học bạ,2025,27.16,Kỹ thuật hàng không
87314,HHK,ky-thuat-hang-khong,X23,Điểm học bạ,2025,27.16,Kỹ thuật hàng không
87315,HHK,ky-thuat-hang-khong,X24,Điểm học bạ,2025,27.16,Kỹ thuật hàng không
87316,HHK,ky-thuat-hang-khong,X25,Điểm học bạ,2025,27.16,Kỹ thuật hàng không
87317,HHK,ky-thuat-hang-khong,X26,Điểm học bạ,2025,27.16,Kỹ thuật hàng không
87318,HHK,ky-thuat-hang-khong,X27,Điểm học bạ,2025,27.16,Kỹ thuật hàng không
87319,HHK,ky-thuat-hang-khong,X28,Điểm học bạ,2025,27.16,Kỹ thuật hàng không
87320,HHK,ky-thuat-hang-khong,X53,Điểm học bạ,2025,27.16,Kỹ thuật hàng không
87321,HHK,ky-thuat-hang-khong,X54,Điểm học bạ,2025,27.16,Kỹ thuật hàng không
87322,HHK,ky-thuat-hang-khong,A00,Điểm thi THPT,2025,24.5,Kỹ thuật hàng không
87323,HHK,ky-thuat-hang-khong,A01,Điểm thi THPT,2025,24.5,Kỹ thuật hàng không
87324,HHK,ky-thuat-hang-khong,A02,Điểm thi THPT,2025,24.5,Kỹ thuật hàng không
87325,HHK,ky-thuat-hang-khong,A03,Điểm thi THPT,2025,24.5,Kỹ thuật hàng không
87326,HHK,ky-thuat-hang-khong,A04,Điểm thi THPT,2025,24.5,Kỹ thuật hàng không
87327,HHK,ky-thuat-hang-khong,A05,Điểm thi THPT,2025,24.5,Kỹ thuật hàng không
87328,HHK,ky-thuat-hang-khong,A06,Điểm thi THPT,2025,24.5,Kỹ thuật hàng không
87329,HHK,ky-thuat-hang-khong,A07,Điểm thi THPT,2025,24.5,Kỹ thuật hàng không
87330,HHK,ky-thuat-hang-khong,B00,Điểm thi THPT,2025,24.5,Kỹ thuật hàng không
87331,HHK,ky-thuat-hang-khong,B01,Điểm thi THPT,2025,24.5,Kỹ thuật hàng không
87332,HHK,ky-thuat-hang-khong,B02,Điểm thi THPT,2025,24.5,Kỹ thuật hàng không
87333,HHK,ky-thuat-hang-khong,B03,Điểm thi THPT,2025,24.5,Kỹ thuật hàng không
87334,HHK,ky-thuat-hang-khong,B08,Điểm thi THPT,2025,24.5,Kỹ thuật hàng không
87335,HHK,ky-thuat-hang-khong,C01,Điểm thi THPT,2025,24.5,Kỹ thuật hàng không
87336,HHK,ky-thuat-hang-khong,C02,Điểm thi THPT,2025,24.5,Kỹ thuật hàng không
87337,HHK,ky-thuat-hang-khong,C03,Điểm thi THPT,2025,24.5,Kỹ thuật hàng không
87338,HHK,ky-thuat-hang-khong,C04,Điểm thi THPT,2025,24.5,Kỹ thuật hàng không
87339,HHK,ky-thuat-hang-khong,D01,Điểm thi THPT,2025,24.5,Kỹ thuật hàng không
87340,HHK,ky-thuat-hang-khong,D07,Điểm thi THPT,2025,24.5,Kỹ thuật hàng không
87341,HHK,ky-thuat-hang-khong,D09,Điểm thi THPT,2025,24.5,Kỹ thuật hàng không
87342,HHK,ky-thuat-hang-khong,D10,Điểm thi THPT,2025,24.5,Kỹ thuật hàng không
87343,HHK,ky-thuat-hang-khong,X01,Điểm thi THPT,2025,24.5,Kỹ thuật hàng không
87344,HHK,ky-thuat-hang-khong,X02,Điểm thi THPT,2025,24.5,Kỹ thuật hàng không
87345,HHK,ky-thuat-hang-khong,X03,Điểm thi THPT,2025,24.5,Kỹ thuật hàng không
87346,HHK,ky-thuat-hang-khong,X04,Điểm thi THPT,2025,24.5,Kỹ thuật hàng không
87347,HHK,ky-thuat-hang-khong,X05,Điểm thi THPT,2025,24.5,Kỹ thuật hàng không
87348,HHK,ky-thuat-hang-khong,X06,Điểm thi THPT,2025,24.5,Kỹ thuật hàng không
87349,HHK,ky-thuat-hang-khong,X07,Điểm thi THPT,2025,24.5,Kỹ thuật hàng không
87350,HHK,ky-thuat-hang-khong,X08,Điểm thi THPT,2025,24.5,Kỹ thuật hàng không
87351,HHK,ky-thuat-hang-khong,X09,Điểm thi THPT,2025,24.5,Kỹ thuật hàng không
87352,HHK,ky-thuat-hang-khong,X10,Điểm thi THPT,2025,24.5,Kỹ thuật hàng không
87353,HHK,ky-thuat-hang-khong,X11,Điểm thi THPT,2025,24.5,Kỹ thuật hàng không
87354,HHK,ky-thuat-hang-khong,X12,Điểm thi THPT,2025,24.5,Kỹ thuật hàng không
87355,HHK,ky-thuat-hang-khong,X13,Điểm thi THPT,2025,24.5,Kỹ thuật hàng không
87356,HHK,ky-thuat-hang-khong,X14,Điểm thi THPT,2025,24.5,Kỹ thuật hàng không
87357,HHK,ky-thuat-hang-khong,X15,Điểm thi THPT,2025,24.5,Kỹ thuật hàng không
87358,HHK,ky-thuat-hang-khong,X16,Điểm thi THPT,2025,24.5,Kỹ thuật hàng không
87359,HHK,ky-thuat-hang-khong,X17,Điểm thi THPT,2025,24.5,Kỹ thuật hàng không
87360,HHK,ky-thuat-hang-khong,X18,Điểm thi THPT,2025,24.5,Kỹ thuật hàng không
87361,HHK,ky-thuat-hang-khong,X19,Điểm thi THPT,2025,24.5,Kỹ thuật hàng không
87362,HHK,ky-thuat-hang-khong,X20,Điểm thi THPT,2025,24.5,Kỹ thuật hàng không
87363,HHK,ky-thuat-hang-khong,X21,Điểm thi THPT,2025,24.5,Kỹ thuật hàng không
87364,HHK,ky-thuat-hang-khong,X22,Điểm thi THPT,2025,24.5,Kỹ thuật hàng không
87365,HHK,ky-thuat-hang-khong,X23,Điểm thi THPT,2025,24.5,Kỹ thuật hàng không
87366,HHK,ky-thuat-hang-khong,X24,Điểm thi THPT,2025,24.5,Kỹ thuật hàng không
87367,HHK,ky-thuat-hang-khong,X25,Điểm thi THPT,2025,24.5,Kỹ thuật hàng không
87368,HHK,ky-thuat-hang-khong,X26,Điểm thi THPT,2025,24.5,Kỹ thuật hàng không
87369,HHK,ky-thuat-hang-khong,X27,Điểm thi THPT,2025,24.5,Kỹ thuật hàng không
87370,HHK,ky-thuat-hang-khong,X28,Điểm thi THPT,2025,24.5,Kỹ thuật hàng không
87371,HHK,ky-thuat-hang-khong,X53,Điểm thi THPT,2025,24.5,Kỹ thuật hàng không
87372,HHK,ky-thuat-hang-khong,X54,Điểm thi THPT,2025,24.5,Kỹ thuật hàng không
87373,HHK,ky-thuat-hang-khong-chuong-trinh-hoc-tieng-anh,A00,Điểm học bạ,2024,24.0,Kỹ thuật hàng không - Chương trình học Tiếng Anh
87374,HHK,ky-thuat-hang-khong-chuong-trinh-hoc-tieng-anh,A01,Điểm học bạ,2024,24.0,Kỹ thuật hàng không - Chương trình học Tiếng Anh
87375,HHK,ky-thuat-hang-khong-chuong-trinh-hoc-tieng-anh,D07,Điểm học bạ,2024,24.0,Kỹ thuật hàng không - Chương trình học Tiếng Anh
87376,HHK,ky-thuat-hang-khong-chuong-trinh-hoc-tieng-anh,K01,Điểm học bạ,2024,24.0,Kỹ thuật hàng không - Chương trình học Tiếng Anh
87377,HHK,ky-thuat-hang-khong-chuong-trinh-hoc-tieng-anh,A00,Điểm thi THPT,2024,22.5,Kỹ thuật hàng không - Chương trình học Tiếng Anh
87378,HHK,ky-thuat-hang-khong-chuong-trinh-hoc-tieng-anh,A01,Điểm thi THPT,2024,22.5,Kỹ thuật hàng không - Chương trình học Tiếng Anh
87379,HHK,ky-thuat-hang-khong-chuong-trinh-hoc-tieng-anh,D07,Điểm thi THPT,2024,22.5,Kỹ thuật hàng không - Chương trình học Tiếng Anh
87380,HHK,ky-thuat-thiet-bi-bay-khong-nguoi-lai,A00,Điểm học bạ,2025,23.88,Kỹ thuật thiết bị bay không người lái (Ngành: Kỹ thuật HK)
87381,HHK,ky-thuat-thiet-bi-bay-khong-nguoi-lai,A01,Điểm học bạ,2025,23.88,Kỹ thuật thiết bị bay không người lái (Ngành: Kỹ thuật HK)
87382,HHK,ky-thuat-thiet-bi-bay-khong-nguoi-lai,A02,Điểm học bạ,2025,23.88,Kỹ thuật thiết bị bay không người lái (Ngành: Kỹ thuật HK)
87383,HHK,ky-thuat-thiet-bi-bay-khong-nguoi-lai,A03,Điểm học bạ,2025,23.88,Kỹ thuật thiết bị bay không người lái (Ngành: Kỹ thuật HK)
87384,HHK,ky-thuat-thiet-bi-bay-khong-nguoi-lai,A04,Điểm học bạ,2025,23.88,Kỹ thuật thiết bị bay không người lái (Ngành: Kỹ thuật HK)
87385,HHK,ky-thuat-thiet-bi-bay-khong-nguoi-lai,A05,Điểm học bạ,2025,23.88,Kỹ thuật thiết bị bay không người lái (Ngành: Kỹ thuật HK)
87386,HHK,ky-thuat-thiet-bi-bay-khong-nguoi-lai,A06,Điểm học bạ,2025,23.88,Kỹ thuật thiết bị bay không người lái (Ngành: Kỹ thuật HK)
87387,HHK,ky-thuat-thiet-bi-bay-khong-nguoi-lai,A07,Điểm học bạ,2025,23.88,Kỹ thuật thiết bị bay không người lái (Ngành: Kỹ thuật HK)
87388,HHK,ky-thuat-thiet-bi-bay-khong-nguoi-lai,B00,Điểm học bạ,2025,23.88,Kỹ thuật thiết bị bay không người lái (Ngành: Kỹ thuật HK)
87389,HHK,ky-thuat-thiet-bi-bay-khong-nguoi-lai,B01,Điểm học bạ,2025,23.88,Kỹ thuật thiết bị bay không người lái (Ngành: Kỹ thuật HK)
87390,HHK,ky-thuat-thiet-bi-bay-khong-nguoi-lai,B02,Điểm học bạ,2025,23.88,Kỹ thuật thiết bị bay không người lái (Ngành: Kỹ thuật HK)
87391,HHK,ky-thuat-thiet-bi-bay-khong-nguoi-lai,B03,Điểm học bạ,2025,23.88,Kỹ thuật thiết bị bay không người lái (Ngành: Kỹ thuật HK)
87392,HHK,ky-thuat-thiet-bi-bay-khong-nguoi-lai,B08,Điểm học bạ,2025,23.88,Kỹ thuật thiết bị bay không người lái (Ngành: Kỹ thuật HK)
87393,HHK,ky-thuat-thiet-bi-bay-khong-nguoi-lai,C01,Điểm học bạ,2025,23.88,Kỹ thuật thiết bị bay không người lái (Ngành: Kỹ thuật HK)
87394,HHK,ky-thuat-thiet-bi-bay-khong-nguoi-lai,C02,Điểm học bạ,2025,23.88,Kỹ thuật thiết bị bay không người lái (Ngành: Kỹ thuật HK)
87395,HHK,ky-thuat-thiet-bi-bay-khong-nguoi-lai,C03,Điểm học bạ,2025,23.88,Kỹ thuật thiết bị bay không người lái (Ngành: Kỹ thuật HK)
87396,HHK,ky-thuat-thiet-bi-bay-khong-nguoi-lai,C04,Điểm học bạ,2025,23.88,Kỹ thuật thiết bị bay không người lái (Ngành: Kỹ thuật HK)
87397,HHK,ky-thuat-thiet-bi-bay-khong-nguoi-lai,D01,Điểm học bạ,2025,23.88,Kỹ thuật thiết bị bay không người lái (Ngành: Kỹ thuật HK)
87398,HHK,ky-thuat-thiet-bi-bay-khong-nguoi-lai,D07,Điểm học bạ,2025,23.88,Kỹ thuật thiết bị bay không người lái (Ngành: Kỹ thuật HK)
87399,HHK,ky-thuat-thiet-bi-bay-khong-nguoi-lai,D09,Điểm học bạ,2025,23.88,Kỹ thuật thiết bị bay không người lái (Ngành: Kỹ thuật HK)
87400,HHK,ky-thuat-thiet-bi-bay-khong-nguoi-lai,D10,Điểm học bạ,2025,23.88,Kỹ thuật thiết bị bay không người lái (Ngành: Kỹ thuật HK)
87401,HHK,ky-thuat-thiet-bi-bay-khong-nguoi-lai,X01,Điểm học bạ,2025,23.88,Kỹ thuật thiết bị bay không người lái (Ngành: Kỹ thuật HK)
87402,HHK,ky-thuat-thiet-bi-bay-khong-nguoi-lai,X02,Điểm học bạ,2025,23.88,Kỹ thuật thiết bị bay không người lái (Ngành: Kỹ thuật HK)
87403,HHK,ky-thuat-thiet-bi-bay-khong-nguoi-lai,X03,Điểm học bạ,2025,23.88,Kỹ thuật thiết bị bay không người lái (Ngành: Kỹ thuật HK)
87404,HHK,ky-thuat-thiet-bi-bay-khong-nguoi-lai,X04,Điểm học bạ,2025,23.88,Kỹ thuật thiết bị bay không người lái (Ngành: Kỹ thuật HK)
87405,HHK,ky-thuat-thiet-bi-bay-khong-nguoi-lai,X05,Điểm học bạ,2025,23.88,Kỹ thuật thiết bị bay không người lái (Ngành: Kỹ thuật HK)
87406,HHK,ky-thuat-thiet-bi-bay-khong-nguoi-lai,X06,Điểm học bạ,2025,23.88,Kỹ thuật thiết bị bay không người lái (Ngành: Kỹ thuật HK)
87407,HHK,ky-thuat-thiet-bi-bay-khong-nguoi-lai,X07,Điểm học bạ,2025,23.88,Kỹ thuật thiết bị bay không người lái (Ngành: Kỹ thuật HK)
87408,HHK,ky-thuat-thiet-bi-bay-khong-nguoi-lai,X08,Điểm học bạ,2025,23.88,Kỹ thuật thiết bị bay không người lái (Ngành: Kỹ thuật HK)
87409,HHK,ky-thuat-thiet-bi-bay-khong-nguoi-lai,X09,Điểm học bạ,2025,23.88,Kỹ thuật thiết bị bay không người lái (Ngành: Kỹ thuật HK)
87410,HHK,ky-thuat-thiet-bi-bay-khong-nguoi-lai,X10,Điểm học bạ,2025,23.88,Kỹ thuật thiết bị bay không người lái (Ngành: Kỹ thuật HK)
87411,HHK,ky-thuat-thiet-bi-bay-khong-nguoi-lai,X11,Điểm học bạ,2025,23.88,Kỹ thuật thiết bị bay không người lái (Ngành: Kỹ thuật HK)
87412,HHK,ky-thuat-thiet-bi-bay-khong-nguoi-lai,X12,Điểm học bạ,2025,23.88,Kỹ thuật thiết bị bay không người lái (Ngành: Kỹ thuật HK)
87413,HHK,ky-thuat-thiet-bi-bay-khong-nguoi-lai,X13,Điểm học bạ,2025,23.88,Kỹ thuật thiết bị bay không người lái (Ngành: Kỹ thuật HK)
87414,HHK,ky-thuat-thiet-bi-bay-khong-nguoi-lai,X14,Điểm học bạ,2025,23.88,Kỹ thuật thiết bị bay không người lái (Ngành: Kỹ thuật HK)
87415,HHK,ky-thuat-thiet-bi-bay-khong-nguoi-lai,X15,Điểm học bạ,2025,23.88,Kỹ thuật thiết bị bay không người lái (Ngành: Kỹ thuật HK)
87416,HHK,ky-thuat-thiet-bi-bay-khong-nguoi-lai,X16,Điểm học bạ,2025,23.88,Kỹ thuật thiết bị bay không người lái (Ngành: Kỹ thuật HK)
87417,HHK,ky-thuat-thiet-bi-bay-khong-nguoi-lai,X17,Điểm học bạ,2025,23.88,Kỹ thuật thiết bị bay không người lái (Ngành: Kỹ thuật HK)
87418,HHK,ky-thuat-thiet-bi-bay-khong-nguoi-lai,X18,Điểm học bạ,2025,23.88,Kỹ thuật thiết bị bay không người lái (Ngành: Kỹ thuật HK)
87419,HHK,ky-thuat-thiet-bi-bay-khong-nguoi-lai,X19,Điểm học bạ,2025,23.88,Kỹ thuật thiết bị bay không người lái (Ngành: Kỹ thuật HK)
87420,HHK,ky-thuat-thiet-bi-bay-khong-nguoi-lai,X20,Điểm học bạ,2025,23.88,Kỹ thuật thiết bị bay không người lái (Ngành: Kỹ thuật HK)
87421,HHK,ky-thuat-thiet-bi-bay-khong-nguoi-lai,X21,Điểm học bạ,2025,23.88,Kỹ thuật thiết bị bay không người lái (Ngành: Kỹ thuật HK)
87422,HHK,ky-thuat-thiet-bi-bay-khong-nguoi-lai,X22,Điểm học bạ,2025,23.88,Kỹ thuật thiết bị bay không người lái (Ngành: Kỹ thuật HK)
87423,HHK,ky-thuat-thiet-bi-bay-khong-nguoi-lai,X23,Điểm học bạ,2025,23.88,Kỹ thuật thiết bị bay không người lái (Ngành: Kỹ thuật HK)
87424,HHK,ky-thuat-thiet-bi-bay-khong-nguoi-lai,X24,Điểm học bạ,2025,23.88,Kỹ thuật thiết bị bay không người lái (Ngành: Kỹ thuật HK)
87425,HHK,ky-thuat-thiet-bi-bay-khong-nguoi-lai,X25,Điểm học bạ,2025,23.88,Kỹ thuật thiết bị bay không người lái (Ngành: Kỹ thuật HK)
87426,HHK,ky-thuat-thiet-bi-bay-khong-nguoi-lai,X26,Điểm học bạ,2025,23.88,Kỹ thuật thiết bị bay không người lái (Ngành: Kỹ thuật HK)
87427,HHK,ky-thuat-thiet-bi-bay-khong-nguoi-lai,X27,Điểm học bạ,2025,23.88,Kỹ thuật thiết bị bay không người lái (Ngành: Kỹ thuật HK)
87428,HHK,ky-thuat-thiet-bi-bay-khong-nguoi-lai,X28,Điểm học bạ,2025,23.88,Kỹ thuật thiết bị bay không người lái (Ngành: Kỹ thuật HK)
87429,HHK,ky-thuat-thiet-bi-bay-khong-nguoi-lai,X53,Điểm học bạ,2025,23.88,Kỹ thuật thiết bị bay không người lái (Ngành: Kỹ thuật HK)
87430,HHK,ky-thuat-thiet-bi-bay-khong-nguoi-lai,X54,Điểm học bạ,2025,23.88,Kỹ thuật thiết bị bay không người lái (Ngành: Kỹ thuật HK)
87431,HHK,ky-thuat-thiet-bi-bay-khong-nguoi-lai,A00,Điểm thi THPT,2025,20.0,Kỹ thuật thiết bị bay không người lái (Ngành: Kỹ thuật HK)
87432,HHK,ky-thuat-thiet-bi-bay-khong-nguoi-lai,A01,Điểm thi THPT,2025,20.0,Kỹ thuật thiết bị bay không người lái (Ngành: Kỹ thuật HK)
87433,HHK,ky-thuat-thiet-bi-bay-khong-nguoi-lai,A02,Điểm thi THPT,2025,20.0,Kỹ thuật thiết bị bay không người lái (Ngành: Kỹ thuật HK)
87434,HHK,ky-thuat-thiet-bi-bay-khong-nguoi-lai,A03,Điểm thi THPT,2025,20.0,Kỹ thuật thiết bị bay không người lái (Ngành: Kỹ thuật HK)
87435,HHK,ky-thuat-thiet-bi-bay-khong-nguoi-lai,A04,Điểm thi THPT,2025,20.0,Kỹ thuật thiết bị bay không người lái (Ngành: Kỹ thuật HK)
87436,HHK,ky-thuat-thiet-bi-bay-khong-nguoi-lai,A05,Điểm thi THPT,2025,20.0,Kỹ thuật thiết bị bay không người lái (Ngành: Kỹ thuật HK)
87437,HHK,ky-thuat-thiet-bi-bay-khong-nguoi-lai,A06,Điểm thi THPT,2025,20.0,Kỹ thuật thiết bị bay không người lái (Ngành: Kỹ thuật HK)
87438,HHK,ky-thuat-thiet-bi-bay-khong-nguoi-lai,A07,Điểm thi THPT,2025,20.0,Kỹ thuật thiết bị bay không người lái (Ngành: Kỹ thuật HK)
87439,HHK,ky-thuat-thiet-bi-bay-khong-nguoi-lai,B00,Điểm thi THPT,2025,20.0,Kỹ thuật thiết bị bay không người lái (Ngành: Kỹ thuật HK)
87440,HHK,ky-thuat-thiet-bi-bay-khong-nguoi-lai,B01,Điểm thi THPT,2025,20.0,Kỹ thuật thiết bị bay không người lái (Ngành: Kỹ thuật HK)
87441,HHK,ky-thuat-thiet-bi-bay-khong-nguoi-lai,B02,Điểm thi THPT,2025,20.0,Kỹ thuật thiết bị bay không người lái (Ngành: Kỹ thuật HK)
87442,HHK,ky-thuat-thiet-bi-bay-khong-nguoi-lai,B03,Điểm thi THPT,2025,20.0,Kỹ thuật thiết bị bay không người lái (Ngành: Kỹ thuật HK)
87443,HHK,ky-thuat-thiet-bi-bay-khong-nguoi-lai,B08,Điểm thi THPT,2025,20.0,Kỹ thuật thiết bị bay không người lái (Ngành: Kỹ thuật HK)
87444,HHK,ky-thuat-thiet-bi-bay-khong-nguoi-lai,C01,Điểm thi THPT,2025,20.0,Kỹ thuật thiết bị bay không người lái (Ngành: Kỹ thuật HK)
87445,HHK,ky-thuat-thiet-bi-bay-khong-nguoi-lai,C02,Điểm thi THPT,2025,20.0,Kỹ thuật thiết bị bay không người lái (Ngành: Kỹ thuật HK)
87446,HHK,ky-thuat-thiet-bi-bay-khong-nguoi-lai,C03,Điểm thi THPT,2025,20.0,Kỹ thuật thiết bị bay không người lái (Ngành: Kỹ thuật HK)
87447,HHK,ky-thuat-thiet-bi-bay-khong-nguoi-lai,C04,Điểm thi THPT,2025,20.0,Kỹ thuật thiết bị bay không người lái (Ngành: Kỹ thuật HK)
87448,HHK,ky-thuat-thiet-bi-bay-khong-nguoi-lai,D01,Điểm thi THPT,2025,20.0,Kỹ thuật thiết bị bay không người lái (Ngành: Kỹ thuật HK)
87449,HHK,ky-thuat-thiet-bi-bay-khong-nguoi-lai,D07,Điểm thi THPT,2025,20.0,Kỹ thuật thiết bị bay không người lái (Ngành: Kỹ thuật HK)
87450,HHK,ky-thuat-thiet-bi-bay-khong-nguoi-lai,D09,Điểm thi THPT,2025,20.0,Kỹ thuật thiết bị bay không người lái (Ngành: Kỹ thuật HK)
87451,HHK,ky-thuat-thiet-bi-bay-khong-nguoi-lai,D10,Điểm thi THPT,2025,20.0,Kỹ thuật thiết bị bay không người lái (Ngành: Kỹ thuật HK)
87452,HHK,ky-thuat-thiet-bi-bay-khong-nguoi-lai,X01,Điểm thi THPT,2025,20.0,Kỹ thuật thiết bị bay không người lái (Ngành: Kỹ thuật HK)
87453,HHK,ky-thuat-thiet-bi-bay-khong-nguoi-lai,X02,Điểm thi THPT,2025,20.0,Kỹ thuật thiết bị bay không người lái (Ngành: Kỹ thuật HK)
87454,HHK,ky-thuat-thiet-bi-bay-khong-nguoi-lai,X03,Điểm thi THPT,2025,20.0,Kỹ thuật thiết bị bay không người lái (Ngành: Kỹ thuật HK)
87455,HHK,ky-thuat-thiet-bi-bay-khong-nguoi-lai,X04,Điểm thi THPT,2025,20.0,Kỹ thuật thiết bị bay không người lái (Ngành: Kỹ thuật HK)
87456,HHK,ky-thuat-thiet-bi-bay-khong-nguoi-lai,X05,Điểm thi THPT,2025,20.0,Kỹ thuật thiết bị bay không người lái (Ngành: Kỹ thuật HK)
87457,HHK,ky-thuat-thiet-bi-bay-khong-nguoi-lai,X06,Điểm thi THPT,2025,20.0,Kỹ thuật thiết bị bay không người lái (Ngành: Kỹ thuật HK)
87458,HHK,ky-thuat-thiet-bi-bay-khong-nguoi-lai,X07,Điểm thi THPT,2025,20.0,Kỹ thuật thiết bị bay không người lái (Ngành: Kỹ thuật HK)
87459,HHK,ky-thuat-thiet-bi-bay-khong-nguoi-lai,X08,Điểm thi THPT,2025,20.0,Kỹ thuật thiết bị bay không người lái (Ngành: Kỹ thuật HK)
87460,HHK,ky-thuat-thiet-bi-bay-khong-nguoi-lai,X09,Điểm thi THPT,2025,20.0,Kỹ thuật thiết bị bay không người lái (Ngành: Kỹ thuật HK)
87461,HHK,ky-thuat-thiet-bi-bay-khong-nguoi-lai,X10,Điểm thi THPT,2025,20.0,Kỹ thuật thiết bị bay không người lái (Ngành: Kỹ thuật HK)
87462,HHK,ky-thuat-thiet-bi-bay-khong-nguoi-lai,X11,Điểm thi THPT,2025,20.0,Kỹ thuật thiết bị bay không người lái (Ngành: Kỹ thuật HK)
87463,HHK,ky-thuat-thiet-bi-bay-khong-nguoi-lai,X12,Điểm thi THPT,2025,20.0,Kỹ thuật thiết bị bay không người lái (Ngành: Kỹ thuật HK)
87464,HHK,ky-thuat-thiet-bi-bay-khong-nguoi-lai,X13,Điểm thi THPT,2025,20.0,Kỹ thuật thiết bị bay không người lái (Ngành: Kỹ thuật HK)
87465,HHK,ky-thuat-thiet-bi-bay-khong-nguoi-lai,X14,Điểm thi THPT,2025,20.0,Kỹ thuật thiết bị bay không người lái (Ngành: Kỹ thuật HK)
87466,HHK,ky-thuat-thiet-bi-bay-khong-nguoi-lai,X15,Điểm thi THPT,2025,20.0,Kỹ thuật thiết bị bay không người lái (Ngành: Kỹ thuật HK)
87467,HHK,ky-thuat-thiet-bi-bay-khong-nguoi-lai,X16,Điểm thi THPT,2025,20.0,Kỹ thuật thiết bị bay không người lái (Ngành: Kỹ thuật HK)
87468,HHK,ky-thuat-thiet-bi-bay-khong-nguoi-lai,X17,Điểm thi THPT,2025,20.0,Kỹ thuật thiết bị bay không người lái (Ngành: Kỹ thuật HK)
87469,HHK,ky-thuat-thiet-bi-bay-khong-nguoi-lai,X18,Điểm thi THPT,2025,20.0,Kỹ thuật thiết bị bay không người lái (Ngành: Kỹ thuật HK)
87470,HHK,ky-thuat-thiet-bi-bay-khong-nguoi-lai,X19,Điểm thi THPT,2025,20.0,Kỹ thuật thiết bị bay không người lái (Ngành: Kỹ thuật HK)
87471,HHK,ky-thuat-thiet-bi-bay-khong-nguoi-lai,X20,Điểm thi THPT,2025,20.0,Kỹ thuật thiết bị bay không người lái (Ngành: Kỹ thuật HK)
87472,HHK,ky-thuat-thiet-bi-bay-khong-nguoi-lai,X21,Điểm thi THPT,2025,20.0,Kỹ thuật thiết bị bay không người lái (Ngành: Kỹ thuật HK)
87473,HHK,ky-thuat-thiet-bi-bay-khong-nguoi-lai,X22,Điểm thi THPT,2025,20.0,Kỹ thuật thiết bị bay không người lái (Ngành: Kỹ thuật HK)
87474,HHK,ky-thuat-thiet-bi-bay-khong-nguoi-lai,X23,Điểm thi THPT,2025,20.0,Kỹ thuật thiết bị bay không người lái (Ngành: Kỹ thuật HK)
87475,HHK,ky-thuat-thiet-bi-bay-khong-nguoi-lai,X24,Điểm thi THPT,2025,20.0,Kỹ thuật thiết bị bay không người lái (Ngành: Kỹ thuật HK)
87476,HHK,ky-thuat-thiet-bi-bay-khong-nguoi-lai,X25,Điểm thi THPT,2025,20.0,Kỹ thuật thiết bị bay không người lái (Ngành: Kỹ thuật HK)
87477,HHK,ky-thuat-thiet-bi-bay-khong-nguoi-lai,X26,Điểm thi THPT,2025,20.0,Kỹ thuật thiết bị bay không người lái (Ngành: Kỹ thuật HK)
87478,HHK,ky-thuat-thiet-bi-bay-khong-nguoi-lai,X27,Điểm thi THPT,2025,20.0,Kỹ thuật thiết bị bay không người lái (Ngành: Kỹ thuật HK)
87479,HHK,ky-thuat-thiet-bi-bay-khong-nguoi-lai,X28,Điểm thi THPT,2025,20.0,Kỹ thuật thiết bị bay không người lái (Ngành: Kỹ thuật HK)
87480,HHK,ky-thuat-thiet-bi-bay-khong-nguoi-lai,X53,Điểm thi THPT,2025,20.0,Kỹ thuật thiết bị bay không người lái (Ngành: Kỹ thuật HK)
87481,HHK,ky-thuat-thiet-bi-bay-khong-nguoi-lai,X54,Điểm thi THPT,2025,20.0,Kỹ thuật thiết bị bay không người lái (Ngành: Kỹ thuật HK)
87482,HHK,logistics-va-quan-ly-chuoi-cung-ung-logistics-va-van-tai-da-phuong-thuc,A00,Điểm học bạ,2025,26.59,Logistics và Quản lý Chuỗi cung ứng; Logistics và Vận tải đa phương thức
87483,HHK,logistics-va-quan-ly-chuoi-cung-ung-logistics-va-van-tai-da-phuong-thuc,A01,Điểm học bạ,2025,26.59,Logistics và Quản lý Chuỗi cung ứng; Logistics và Vận tải đa phương thức
87484,HHK,logistics-va-quan-ly-chuoi-cung-ung-logistics-va-van-tai-da-phuong-thuc,A02,Điểm học bạ,2025,26.59,Logistics và Quản lý Chuỗi cung ứng; Logistics và Vận tải đa phương thức
87485,HHK,logistics-va-quan-ly-chuoi-cung-ung-logistics-va-van-tai-da-phuong-thuc,A03,Điểm học bạ,2025,26.59,Logistics và Quản lý Chuỗi cung ứng; Logistics và Vận tải đa phương thức
87486,HHK,logistics-va-quan-ly-chuoi-cung-ung-logistics-va-van-tai-da-phuong-thuc,A04,Điểm học bạ,2025,26.59,Logistics và Quản lý Chuỗi cung ứng; Logistics và Vận tải đa phương thức
87487,HHK,logistics-va-quan-ly-chuoi-cung-ung-logistics-va-van-tai-da-phuong-thuc,A05,Điểm học bạ,2025,26.59,Logistics và Quản lý Chuỗi cung ứng; Logistics và Vận tải đa phương thức
87488,HHK,logistics-va-quan-ly-chuoi-cung-ung-logistics-va-van-tai-da-phuong-thuc,A06,Điểm học bạ,2025,26.59,Logistics và Quản lý Chuỗi cung ứng; Logistics và Vận tải đa phương thức
87489,HHK,logistics-va-quan-ly-chuoi-cung-ung-logistics-va-van-tai-da-phuong-thuc,A07,Điểm học bạ,2025,26.59,Logistics và Quản lý Chuỗi cung ứng; Logistics và Vận tải đa phương thức
87490,HHK,logistics-va-quan-ly-chuoi-cung-ung-logistics-va-van-tai-da-phuong-thuc,B00,Điểm học bạ,2025,26.59,Logistics và Quản lý Chuỗi cung ứng; Logistics và Vận tải đa phương thức
87491,HHK,logistics-va-quan-ly-chuoi-cung-ung-logistics-va-van-tai-da-phuong-thuc,B01,Điểm học bạ,2025,26.59,Logistics và Quản lý Chuỗi cung ứng; Logistics và Vận tải đa phương thức
87492,HHK,logistics-va-quan-ly-chuoi-cung-ung-logistics-va-van-tai-da-phuong-thuc,B02,Điểm học bạ,2025,26.59,Logistics và Quản lý Chuỗi cung ứng; Logistics và Vận tải đa phương thức
87493,HHK,logistics-va-quan-ly-chuoi-cung-ung-logistics-va-van-tai-da-phuong-thuc,B03,Điểm học bạ,2025,26.59,Logistics và Quản lý Chuỗi cung ứng; Logistics và Vận tải đa phương thức
87494,HHK,logistics-va-quan-ly-chuoi-cung-ung-logistics-va-van-tai-da-phuong-thuc,B08,Điểm học bạ,2025,26.59,Logistics và Quản lý Chuỗi cung ứng; Logistics và Vận tải đa phương thức
87495,HHK,logistics-va-quan-ly-chuoi-cung-ung-logistics-va-van-tai-da-phuong-thuc,C00,Điểm học bạ,2025,26.59,Logistics và Quản lý Chuỗi cung ứng; Logistics và Vận tải đa phương thức
87496,HHK,logistics-va-quan-ly-chuoi-cung-ung-logistics-va-van-tai-da-phuong-thuc,C01,Điểm học bạ,2025,26.59,Logistics và Quản lý Chuỗi cung ứng; Logistics và Vận tải đa phương thức
87497,HHK,logistics-va-quan-ly-chuoi-cung-ung-logistics-va-van-tai-da-phuong-thuc,C02,Điểm học bạ,2025,26.59,Logistics và Quản lý Chuỗi cung ứng; Logistics và Vận tải đa phương thức
87498,HHK,logistics-va-quan-ly-chuoi-cung-ung-logistics-va-van-tai-da-phuong-thuc,C03,Điểm học bạ,2025,26.59,Logistics và Quản lý Chuỗi cung ứng; Logistics và Vận tải đa phương thức
87499,HHK,logistics-va-quan-ly-chuoi-cung-ung-logistics-va-van-tai-da-phuong-thuc,C04,Điểm học bạ,2025,26.59,Logistics và Quản lý Chuỗi cung ứng; Logistics và Vận tải đa phương thức
87500,HHK,logistics-va-quan-ly-chuoi-cung-ung-logistics-va-van-tai-da-phuong-thuc,C05,Điểm học bạ,2025,26.59,Logistics và Quản lý Chuỗi cung ứng; Logistics và Vận tải đa phương thức
87501,HHK,logistics-va-quan-ly-chuoi-cung-ung-logistics-va-van-tai-da-phuong-thuc,C06,Điểm học bạ,2025,26.59,Logistics và Quản lý Chuỗi cung ứng; Logistics và Vận tải đa phương thức
87502,HHK,logistics-va-quan-ly-chuoi-cung-ung-logistics-va-van-tai-da-phuong-thuc,C07,Điểm học bạ,2025,26.59,Logistics và Quản lý Chuỗi cung ứng; Logistics và Vận tải đa phương thức
87503,HHK,logistics-va-quan-ly-chuoi-cung-ung-logistics-va-van-tai-da-phuong-thuc,C08,Điểm học bạ,2025,26.59,Logistics và Quản lý Chuỗi cung ứng; Logistics và Vận tải đa phương thức
87504,HHK,logistics-va-quan-ly-chuoi-cung-ung-logistics-va-van-tai-da-phuong-thuc,C09,Điểm học bạ,2025,26.59,Logistics và Quản lý Chuỗi cung ứng; Logistics và Vận tải đa phương thức
87505,HHK,logistics-va-quan-ly-chuoi-cung-ung-logistics-va-van-tai-da-phuong-thuc,C10,Điểm học bạ,2025,26.59,Logistics và Quản lý Chuỗi cung ứng; Logistics và Vận tải đa phương thức
87506,HHK,logistics-va-quan-ly-chuoi-cung-ung-logistics-va-van-tai-da-phuong-thuc,C11,Điểm học bạ,2025,26.59,Logistics và Quản lý Chuỗi cung ứng; Logistics và Vận tải đa phương thức
87507,HHK,logistics-va-quan-ly-chuoi-cung-ung-logistics-va-van-tai-da-phuong-thuc,C12,Điểm học bạ,2025,26.59,Logistics và Quản lý Chuỗi cung ứng; Logistics và Vận tải đa phương thức
87508,HHK,logistics-va-quan-ly-chuoi-cung-ung-logistics-va-van-tai-da-phuong-thuc,C13,Điểm học bạ,2025,26.59,Logistics và Quản lý Chuỗi cung ứng; Logistics và Vận tải đa phương thức
87509,HHK,logistics-va-quan-ly-chuoi-cung-ung-logistics-va-van-tai-da-phuong-thuc,D01,Điểm học bạ,2025,26.59,Logistics và Quản lý Chuỗi cung ứng; Logistics và Vận tải đa phương thức
87510,HHK,logistics-va-quan-ly-chuoi-cung-ung-logistics-va-van-tai-da-phuong-thuc,D07,Điểm học bạ,2025,26.59,Logistics và Quản lý Chuỗi cung ứng; Logistics và Vận tải đa phương thức
87511,HHK,logistics-va-quan-ly-chuoi-cung-ung-logistics-va-van-tai-da-phuong-thuc,D09,Điểm học bạ,2025,26.59,Logistics và Quản lý Chuỗi cung ứng; Logistics và Vận tải đa phương thức
87512,HHK,logistics-va-quan-ly-chuoi-cung-ung-logistics-va-van-tai-da-phuong-thuc,D10,Điểm học bạ,2025,26.59,Logistics và Quản lý Chuỗi cung ứng; Logistics và Vận tải đa phương thức
87513,HHK,logistics-va-quan-ly-chuoi-cung-ung-logistics-va-van-tai-da-phuong-thuc,D11,Điểm học bạ,2025,26.59,Logistics và Quản lý Chuỗi cung ứng; Logistics và Vận tải đa phương thức
87514,HHK,logistics-va-quan-ly-chuoi-cung-ung-logistics-va-van-tai-da-phuong-thuc,D12,Điểm học bạ,2025,26.59,Logistics và Quản lý Chuỗi cung ứng; Logistics và Vận tải đa phương thức
87515,HHK,logistics-va-quan-ly-chuoi-cung-ung-logistics-va-van-tai-da-phuong-thuc,D13,Điểm học bạ,2025,26.59,Logistics và Quản lý Chuỗi cung ứng; Logistics và Vận tải đa phương thức
87516,HHK,logistics-va-quan-ly-chuoi-cung-ung-logistics-va-van-tai-da-phuong-thuc,D14,Điểm học bạ,2025,26.59,Logistics và Quản lý Chuỗi cung ứng; Logistics và Vận tải đa phương thức
87517,HHK,logistics-va-quan-ly-chuoi-cung-ung-logistics-va-van-tai-da-phuong-thuc,D15,Điểm học bạ,2025,26.59,Logistics và Quản lý Chuỗi cung ứng; Logistics và Vận tải đa phương thức
87518,HHK,logistics-va-quan-ly-chuoi-cung-ung-logistics-va-van-tai-da-phuong-thuc,X01,Điểm học bạ,2025,26.59,Logistics và Quản lý Chuỗi cung ứng; Logistics và Vận tải đa phương thức
87519,HHK,logistics-va-quan-ly-chuoi-cung-ung-logistics-va-van-tai-da-phuong-thuc,X02,Điểm học bạ,2025,26.59,Logistics và Quản lý Chuỗi cung ứng; Logistics và Vận tải đa phương thức
87520,HHK,logistics-va-quan-ly-chuoi-cung-ung-logistics-va-van-tai-da-phuong-thuc,X03,Điểm học bạ,2025,26.59,Logistics và Quản lý Chuỗi cung ứng; Logistics và Vận tải đa phương thức
87521,HHK,logistics-va-quan-ly-chuoi-cung-ung-logistics-va-van-tai-da-phuong-thuc,X04,Điểm học bạ,2025,26.59,Logistics và Quản lý Chuỗi cung ứng; Logistics và Vận tải đa phương thức
87522,HHK,logistics-va-quan-ly-chuoi-cung-ung-logistics-va-van-tai-da-phuong-thuc,X05,Điểm học bạ,2025,26.59,Logistics và Quản lý Chuỗi cung ứng; Logistics và Vận tải đa phương thức
87523,HHK,logistics-va-quan-ly-chuoi-cung-ung-logistics-va-van-tai-da-phuong-thuc,X06,Điểm học bạ,2025,26.59,Logistics và Quản lý Chuỗi cung ứng; Logistics và Vận tải đa phương thức
87524,HHK,logistics-va-quan-ly-chuoi-cung-ung-logistics-va-van-tai-da-phuong-thuc,X07,Điểm học bạ,2025,26.59,Logistics và Quản lý Chuỗi cung ứng; Logistics và Vận tải đa phương thức
87525,HHK,logistics-va-quan-ly-chuoi-cung-ung-logistics-va-van-tai-da-phuong-thuc,X08,Điểm học bạ,2025,26.59,Logistics và Quản lý Chuỗi cung ứng; Logistics và Vận tải đa phương thức
87526,HHK,logistics-va-quan-ly-chuoi-cung-ung-logistics-va-van-tai-da-phuong-thuc,X09,Điểm học bạ,2025,26.59,Logistics và Quản lý Chuỗi cung ứng; Logistics và Vận tải đa phương thức
87527,HHK,logistics-va-quan-ly-chuoi-cung-ung-logistics-va-van-tai-da-phuong-thuc,X10,Điểm học bạ,2025,26.59,Logistics và Quản lý Chuỗi cung ứng; Logistics và Vận tải đa phương thức
87528,HHK,logistics-va-quan-ly-chuoi-cung-ung-logistics-va-van-tai-da-phuong-thuc,X11,Điểm học bạ,2025,26.59,Logistics và Quản lý Chuỗi cung ứng; Logistics và Vận tải đa phương thức
87529,HHK,logistics-va-quan-ly-chuoi-cung-ung-logistics-va-van-tai-da-phuong-thuc,X12,Điểm học bạ,2025,26.59,Logistics và Quản lý Chuỗi cung ứng; Logistics và Vận tải đa phương thức
87530,HHK,logistics-va-quan-ly-chuoi-cung-ung-logistics-va-van-tai-da-phuong-thuc,X13,Điểm học bạ,2025,26.59,Logistics và Quản lý Chuỗi cung ứng; Logistics và Vận tải đa phương thức
87531,HHK,logistics-va-quan-ly-chuoi-cung-ung-logistics-va-van-tai-da-phuong-thuc,X14,Điểm học bạ,2025,26.59,Logistics và Quản lý Chuỗi cung ứng; Logistics và Vận tải đa phương thức
87532,HHK,logistics-va-quan-ly-chuoi-cung-ung-logistics-va-van-tai-da-phuong-thuc,X15,Điểm học bạ,2025,26.59,Logistics và Quản lý Chuỗi cung ứng; Logistics và Vận tải đa phương thức
87533,HHK,logistics-va-quan-ly-chuoi-cung-ung-logistics-va-van-tai-da-phuong-thuc,A00,Điểm thi THPT,2025,23.5,Logistics và Quản lý Chuỗi cung ứng; Logistics và Vận tải đa phương thức
87534,HHK,logistics-va-quan-ly-chuoi-cung-ung-logistics-va-van-tai-da-phuong-thuc,A01,Điểm thi THPT,2025,23.5,Logistics và Quản lý Chuỗi cung ứng; Logistics và Vận tải đa phương thức
87535,HHK,logistics-va-quan-ly-chuoi-cung-ung-logistics-va-van-tai-da-phuong-thuc,A02,Điểm thi THPT,2025,23.5,Logistics và Quản lý Chuỗi cung ứng; Logistics và Vận tải đa phương thức
87536,HHK,logistics-va-quan-ly-chuoi-cung-ung-logistics-va-van-tai-da-phuong-thuc,A03,Điểm thi THPT,2025,23.5,Logistics và Quản lý Chuỗi cung ứng; Logistics và Vận tải đa phương thức
87537,HHK,logistics-va-quan-ly-chuoi-cung-ung-logistics-va-van-tai-da-phuong-thuc,A04,Điểm thi THPT,2025,23.5,Logistics và Quản lý Chuỗi cung ứng; Logistics và Vận tải đa phương thức
87538,HHK,logistics-va-quan-ly-chuoi-cung-ung-logistics-va-van-tai-da-phuong-thuc,A05,Điểm thi THPT,2025,23.5,Logistics và Quản lý Chuỗi cung ứng; Logistics và Vận tải đa phương thức
87539,HHK,logistics-va-quan-ly-chuoi-cung-ung-logistics-va-van-tai-da-phuong-thuc,A06,Điểm thi THPT,2025,23.5,Logistics và Quản lý Chuỗi cung ứng; Logistics và Vận tải đa phương thức
87540,HHK,logistics-va-quan-ly-chuoi-cung-ung-logistics-va-van-tai-da-phuong-thuc,A07,Điểm thi THPT,2025,23.5,Logistics và Quản lý Chuỗi cung ứng; Logistics và Vận tải đa phương thức
87541,HHK,logistics-va-quan-ly-chuoi-cung-ung-logistics-va-van-tai-da-phuong-thuc,B00,Điểm thi THPT,2025,23.5,Logistics và Quản lý Chuỗi cung ứng; Logistics và Vận tải đa phương thức
87542,HHK,logistics-va-quan-ly-chuoi-cung-ung-logistics-va-van-tai-da-phuong-thuc,B01,Điểm thi THPT,2025,23.5,Logistics và Quản lý Chuỗi cung ứng; Logistics và Vận tải đa phương thức
87543,HHK,logistics-va-quan-ly-chuoi-cung-ung-logistics-va-van-tai-da-phuong-thuc,B02,Điểm thi THPT,2025,23.5,Logistics và Quản lý Chuỗi cung ứng; Logistics và Vận tải đa phương thức
87544,HHK,logistics-va-quan-ly-chuoi-cung-ung-logistics-va-van-tai-da-phuong-thuc,B03,Điểm thi THPT,2025,23.5,Logistics và Quản lý Chuỗi cung ứng; Logistics và Vận tải đa phương thức
87545,HHK,logistics-va-quan-ly-chuoi-cung-ung-logistics-va-van-tai-da-phuong-thuc,B08,Điểm thi THPT,2025,23.5,Logistics và Quản lý Chuỗi cung ứng; Logistics và Vận tải đa phương thức
87546,HHK,logistics-va-quan-ly-chuoi-cung-ung-logistics-va-van-tai-da-phuong-thuc,C00,Điểm thi THPT,2025,23.5,Logistics và Quản lý Chuỗi cung ứng; Logistics và Vận tải đa phương thức
87547,HHK,logistics-va-quan-ly-chuoi-cung-ung-logistics-va-van-tai-da-phuong-thuc,C01,Điểm thi THPT,2025,23.5,Logistics và Quản lý Chuỗi cung ứng; Logistics và Vận tải đa phương thức
87548,HHK,logistics-va-quan-ly-chuoi-cung-ung-logistics-va-van-tai-da-phuong-thuc,C02,Điểm thi THPT,2025,23.5,Logistics và Quản lý Chuỗi cung ứng; Logistics và Vận tải đa phương thức
87549,HHK,logistics-va-quan-ly-chuoi-cung-ung-logistics-va-van-tai-da-phuong-thuc,C03,Điểm thi THPT,2025,23.5,Logistics và Quản lý Chuỗi cung ứng; Logistics và Vận tải đa phương thức
87550,HHK,logistics-va-quan-ly-chuoi-cung-ung-logistics-va-van-tai-da-phuong-thuc,C04,Điểm thi THPT,2025,23.5,Logistics và Quản lý Chuỗi cung ứng; Logistics và Vận tải đa phương thức
87551,HHK,logistics-va-quan-ly-chuoi-cung-ung-logistics-va-van-tai-da-phuong-thuc,C05,Điểm thi THPT,2025,23.5,Logistics và Quản lý Chuỗi cung ứng; Logistics và Vận tải đa phương thức
87552,HHK,logistics-va-quan-ly-chuoi-cung-ung-logistics-va-van-tai-da-phuong-thuc,C06,Điểm thi THPT,2025,23.5,Logistics và Quản lý Chuỗi cung ứng; Logistics và Vận tải đa phương thức
87553,HHK,logistics-va-quan-ly-chuoi-cung-ung-logistics-va-van-tai-da-phuong-thuc,C07,Điểm thi THPT,2025,23.5,Logistics và Quản lý Chuỗi cung ứng; Logistics và Vận tải đa phương thức
87554,HHK,logistics-va-quan-ly-chuoi-cung-ung-logistics-va-van-tai-da-phuong-thuc,C08,Điểm thi THPT,2025,23.5,Logistics và Quản lý Chuỗi cung ứng; Logistics và Vận tải đa phương thức
87555,HHK,logistics-va-quan-ly-chuoi-cung-ung-logistics-va-van-tai-da-phuong-thuc,C09,Điểm thi THPT,2025,23.5,Logistics và Quản lý Chuỗi cung ứng; Logistics và Vận tải đa phương thức
87556,HHK,logistics-va-quan-ly-chuoi-cung-ung-logistics-va-van-tai-da-phuong-thuc,C10,Điểm thi THPT,2025,23.5,Logistics và Quản lý Chuỗi cung ứng; Logistics và Vận tải đa phương thức
87557,HHK,logistics-va-quan-ly-chuoi-cung-ung-logistics-va-van-tai-da-phuong-thuc,C11,Điểm thi THPT,2025,23.5,Logistics và Quản lý Chuỗi cung ứng; Logistics và Vận tải đa phương thức
87558,HHK,logistics-va-quan-ly-chuoi-cung-ung-logistics-va-van-tai-da-phuong-thuc,C12,Điểm thi THPT,2025,23.5,Logistics và Quản lý Chuỗi cung ứng; Logistics và Vận tải đa phương thức
87559,HHK,logistics-va-quan-ly-chuoi-cung-ung-logistics-va-van-tai-da-phuong-thuc,C13,Điểm thi THPT,2025,23.5,Logistics và Quản lý Chuỗi cung ứng; Logistics và Vận tải đa phương thức
87560,HHK,logistics-va-quan-ly-chuoi-cung-ung-logistics-va-van-tai-da-phuong-thuc,D01,Điểm thi THPT,2025,23.5,Logistics và Quản lý Chuỗi cung ứng; Logistics và Vận tải đa phương thức
87561,HHK,logistics-va-quan-ly-chuoi-cung-ung-logistics-va-van-tai-da-phuong-thuc,D07,Điểm thi THPT,2025,23.5,Logistics và Quản lý Chuỗi cung ứng; Logistics và Vận tải đa phương thức
87562,HHK,logistics-va-quan-ly-chuoi-cung-ung-logistics-va-van-tai-da-phuong-thuc,D09,Điểm thi THPT,2025,23.5,Logistics và Quản lý Chuỗi cung ứng; Logistics và Vận tải đa phương thức
87563,HHK,logistics-va-quan-ly-chuoi-cung-ung-logistics-va-van-tai-da-phuong-thuc,D10,Điểm thi THPT,2025,23.5,Logistics và Quản lý Chuỗi cung ứng; Logistics và Vận tải đa phương thức
87564,HHK,logistics-va-quan-ly-chuoi-cung-ung-logistics-va-van-tai-da-phuong-thuc,D11,Điểm thi THPT,2025,23.5,Logistics và Quản lý Chuỗi cung ứng; Logistics và Vận tải đa phương thức
87565,HHK,logistics-va-quan-ly-chuoi-cung-ung-logistics-va-van-tai-da-phuong-thuc,D12,Điểm thi THPT,2025,23.5,Logistics và Quản lý Chuỗi cung ứng; Logistics và Vận tải đa phương thức
87566,HHK,logistics-va-quan-ly-chuoi-cung-ung-logistics-va-van-tai-da-phuong-thuc,D13,Điểm thi THPT,2025,23.5,Logistics và Quản lý Chuỗi cung ứng; Logistics và Vận tải đa phương thức
87567,HHK,logistics-va-quan-ly-chuoi-cung-ung-logistics-va-van-tai-da-phuong-thuc,D14,Điểm thi THPT,2025,23.5,Logistics và Quản lý Chuỗi cung ứng; Logistics và Vận tải đa phương thức
87568,HHK,logistics-va-quan-ly-chuoi-cung-ung-logistics-va-van-tai-da-phuong-thuc,D15,Điểm thi THPT,2025,23.5,Logistics và Quản lý Chuỗi cung ứng; Logistics và Vận tải đa phương thức
87569,HHK,logistics-va-quan-ly-chuoi-cung-ung-logistics-va-van-tai-da-phuong-thuc,X01,Điểm thi THPT,2025,23.5,Logistics và Quản lý Chuỗi cung ứng; Logistics và Vận tải đa phương thức
87570,HHK,logistics-va-quan-ly-chuoi-cung-ung-logistics-va-van-tai-da-phuong-thuc,X02,Điểm thi THPT,2025,23.5,Logistics và Quản lý Chuỗi cung ứng; Logistics và Vận tải đa phương thức
87571,HHK,logistics-va-quan-ly-chuoi-cung-ung-logistics-va-van-tai-da-phuong-thuc,X03,Điểm thi THPT,2025,23.5,Logistics và Quản lý Chuỗi cung ứng; Logistics và Vận tải đa phương thức
87572,HHK,logistics-va-quan-ly-chuoi-cung-ung-logistics-va-van-tai-da-phuong-thuc,X04,Điểm thi THPT,2025,23.5,Logistics và Quản lý Chuỗi cung ứng; Logistics và Vận tải đa phương thức
87573,HHK,logistics-va-quan-ly-chuoi-cung-ung-logistics-va-van-tai-da-phuong-thuc,X05,Điểm thi THPT,2025,23.5,Logistics và Quản lý Chuỗi cung ứng; Logistics và Vận tải đa phương thức
87574,HHK,logistics-va-quan-ly-chuoi-cung-ung-logistics-va-van-tai-da-phuong-thuc,X06,Điểm thi THPT,2025,23.5,Logistics và Quản lý Chuỗi cung ứng; Logistics và Vận tải đa phương thức
87575,HHK,logistics-va-quan-ly-chuoi-cung-ung-logistics-va-van-tai-da-phuong-thuc,X07,Điểm thi THPT,2025,23.5,Logistics và Quản lý Chuỗi cung ứng; Logistics và Vận tải đa phương thức
87576,HHK,logistics-va-quan-ly-chuoi-cung-ung-logistics-va-van-tai-da-phuong-thuc,X08,Điểm thi THPT,2025,23.5,Logistics và Quản lý Chuỗi cung ứng; Logistics và Vận tải đa phương thức
87577,HHK,logistics-va-quan-ly-chuoi-cung-ung-logistics-va-van-tai-da-phuong-thuc,X09,Điểm thi THPT,2025,23.5,Logistics và Quản lý Chuỗi cung ứng; Logistics và Vận tải đa phương thức
87578,HHK,logistics-va-quan-ly-chuoi-cung-ung-logistics-va-van-tai-da-phuong-thuc,X10,Điểm thi THPT,2025,23.5,Logistics và Quản lý Chuỗi cung ứng; Logistics và Vận tải đa phương thức
87579,HHK,logistics-va-quan-ly-chuoi-cung-ung-logistics-va-van-tai-da-phuong-thuc,X11,Điểm thi THPT,2025,23.5,Logistics và Quản lý Chuỗi cung ứng; Logistics và Vận tải đa phương thức
87580,HHK,logistics-va-quan-ly-chuoi-cung-ung-logistics-va-van-tai-da-phuong-thuc,X12,Điểm thi THPT,2025,23.5,Logistics và Quản lý Chuỗi cung ứng; Logistics và Vận tải đa phương thức
87581,HHK,logistics-va-quan-ly-chuoi-cung-ung-logistics-va-van-tai-da-phuong-thuc,X13,Điểm thi THPT,2025,23.5,Logistics và Quản lý Chuỗi cung ứng; Logistics và Vận tải đa phương thức
87582,HHK,logistics-va-quan-ly-chuoi-cung-ung-logistics-va-van-tai-da-phuong-thuc,X14,Điểm thi THPT,2025,23.5,Logistics và Quản lý Chuỗi cung ứng; Logistics và Vận tải đa phương thức
87583,HHK,logistics-va-quan-ly-chuoi-cung-ung-logistics-va-van-tai-da-phuong-thuc,X15,Điểm thi THPT,2025,23.5,Logistics và Quản lý Chuỗi cung ứng; Logistics và Vận tải đa phương thức
87584,HHK,logistics-va-van-tai-da-phuong-thuc,A01,Điểm học bạ,2025,25.75,Logistics và Vận tải đa phương thức (học bằng Tiếng Anh)
87585,HHK,logistics-va-van-tai-da-phuong-thuc,B08,Điểm học bạ,2025,25.75,Logistics và Vận tải đa phương thức (học bằng Tiếng Anh)
87586,HHK,logistics-va-van-tai-da-phuong-thuc,D01,Điểm học bạ,2025,25.75,Logistics và Vận tải đa phương thức (học bằng Tiếng Anh)
87587,HHK,logistics-va-van-tai-da-phuong-thuc,D07,Điểm học bạ,2025,25.75,Logistics và Vận tải đa phương thức (học bằng Tiếng Anh)
87588,HHK,logistics-va-van-tai-da-phuong-thuc,D09,Điểm học bạ,2025,25.75,Logistics và Vận tải đa phương thức (học bằng Tiếng Anh)
87589,HHK,logistics-va-van-tai-da-phuong-thuc,D10,Điểm học bạ,2025,25.75,Logistics và Vận tải đa phương thức (học bằng Tiếng Anh)
87590,HHK,logistics-va-van-tai-da-phuong-thuc,D11,Điểm học bạ,2025,25.75,Logistics và Vận tải đa phương thức (học bằng Tiếng Anh)
87591,HHK,logistics-va-van-tai-da-phuong-thuc,D12,Điểm học bạ,2025,25.75,Logistics và Vận tải đa phương thức (học bằng Tiếng Anh)
87592,HHK,logistics-va-van-tai-da-phuong-thuc,D13,Điểm học bạ,2025,25.75,Logistics và Vận tải đa phương thức (học bằng Tiếng Anh)
87593,HHK,logistics-va-van-tai-da-phuong-thuc,D14,Điểm học bạ,2025,25.75,Logistics và Vận tải đa phương thức (học bằng Tiếng Anh)
87594,HHK,logistics-va-van-tai-da-phuong-thuc,D15,Điểm học bạ,2025,25.75,Logistics và Vận tải đa phương thức (học bằng Tiếng Anh)
87595,HHK,logistics-va-van-tai-da-phuong-thuc,X25,Điểm học bạ,2025,25.75,Logistics và Vận tải đa phương thức (học bằng Tiếng Anh)
87596,HHK,logistics-va-van-tai-da-phuong-thuc,X26,Điểm học bạ,2025,25.75,Logistics và Vận tải đa phương thức (học bằng Tiếng Anh)
87597,HHK,logistics-va-van-tai-da-phuong-thuc,X27,Điểm học bạ,2025,25.75,Logistics và Vận tải đa phương thức (học bằng Tiếng Anh)
87598,HHK,logistics-va-van-tai-da-phuong-thuc,X28,Điểm học bạ,2025,25.75,Logistics và Vận tải đa phương thức (học bằng Tiếng Anh)
87599,HHK,logistics-va-van-tai-da-phuong-thuc,X78,Điểm học bạ,2025,25.75,Logistics và Vận tải đa phương thức (học bằng Tiếng Anh)
87600,HHK,logistics-va-van-tai-da-phuong-thuc,X79,Điểm học bạ,2025,25.75,Logistics và Vận tải đa phương thức (học bằng Tiếng Anh)
87601,HHK,logistics-va-van-tai-da-phuong-thuc,X80,Điểm học bạ,2025,25.75,Logistics và Vận tải đa phương thức (học bằng Tiếng Anh)
87602,HHK,logistics-va-van-tai-da-phuong-thuc,X81,Điểm học bạ,2025,25.75,Logistics và Vận tải đa phương thức (học bằng Tiếng Anh)
87603,HHK,logistics-va-van-tai-da-phuong-thuc,A01,Điểm thi THPT,2025,22.0,Logistics và Vận tải đa phương thức (học bằng Tiếng Anh)
87604,HHK,logistics-va-van-tai-da-phuong-thuc,B08,Điểm thi THPT,2025,22.0,Logistics và Vận tải đa phương thức (học bằng Tiếng Anh)
87605,HHK,logistics-va-van-tai-da-phuong-thuc,D01,Điểm thi THPT,2025,22.0,Logistics và Vận tải đa phương thức (học bằng Tiếng Anh)
87606,HHK,logistics-va-van-tai-da-phuong-thuc,D07,Điểm thi THPT,2025,22.0,Logistics và Vận tải đa phương thức (học bằng Tiếng Anh)
87607,HHK,logistics-va-van-tai-da-phuong-thuc,D09,Điểm thi THPT,2025,22.0,Logistics và Vận tải đa phương thức (học bằng Tiếng Anh)
87608,HHK,logistics-va-van-tai-da-phuong-thuc,D10,Điểm thi THPT,2025,22.0,Logistics và Vận tải đa phương thức (học bằng Tiếng Anh)
87609,HHK,logistics-va-van-tai-da-phuong-thuc,D11,Điểm thi THPT,2025,22.0,Logistics và Vận tải đa phương thức (học bằng Tiếng Anh)
87610,HHK,logistics-va-van-tai-da-phuong-thuc,D12,Điểm thi THPT,2025,22.0,Logistics và Vận tải đa phương thức (học bằng Tiếng Anh)
87611,HHK,logistics-va-van-tai-da-phuong-thuc,D13,Điểm thi THPT,2025,22.0,Logistics và Vận tải đa phương thức (học bằng Tiếng Anh)
87612,HHK,logistics-va-van-tai-da-phuong-thuc,D14,Điểm thi THPT,2025,22.0,Logistics và Vận tải đa phương thức (học bằng Tiếng Anh)
87613,HHK,logistics-va-van-tai-da-phuong-thuc,D15,Điểm thi THPT,2025,22.0,Logistics và Vận tải đa phương thức (học bằng Tiếng Anh)
87614,HHK,logistics-va-van-tai-da-phuong-thuc,X25,Điểm thi THPT,2025,22.0,Logistics và Vận tải đa phương thức (học bằng Tiếng Anh)
87615,HHK,logistics-va-van-tai-da-phuong-thuc,X26,Điểm thi THPT,2025,22.0,Logistics và Vận tải đa phương thức (học bằng Tiếng Anh)
87616,HHK,logistics-va-van-tai-da-phuong-thuc,X27,Điểm thi THPT,2025,22.0,Logistics và Vận tải đa phương thức (học bằng Tiếng Anh)
87617,HHK,logistics-va-van-tai-da-phuong-thuc,X28,Điểm thi THPT,2025,22.0,Logistics và Vận tải đa phương thức (học bằng Tiếng Anh)
87618,HHK,logistics-va-van-tai-da-phuong-thuc,X78,Điểm thi THPT,2025,22.0,Logistics và Vận tải đa phương thức (học bằng Tiếng Anh)
87619,HHK,logistics-va-van-tai-da-phuong-thuc,X79,Điểm thi THPT,2025,22.0,Logistics và Vận tải đa phương thức (học bằng Tiếng Anh)
87620,HHK,logistics-va-van-tai-da-phuong-thuc,X80,Điểm thi THPT,2025,22.0,Logistics và Vận tải đa phương thức (học bằng Tiếng Anh)
87621,HHK,logistics-va-van-tai-da-phuong-thuc,X81,Điểm thi THPT,2025,22.0,Logistics và Vận tải đa phương thức (học bằng Tiếng Anh)
87622,HHK,marketing,A00,Điểm học bạ,2025,27.16,Marketing
87623,HHK,marketing,A01,Điểm học bạ,2025,27.16,Marketing
87624,HHK,marketing,A02,Điểm học bạ,2025,27.16,Marketing
87625,HHK,marketing,A03,Điểm học bạ,2025,27.16,Marketing
87626,HHK,marketing,A04,Điểm học bạ,2025,27.16,Marketing
87627,HHK,marketing,A05,Điểm học bạ,2025,27.16,Marketing
87628,HHK,marketing,A06,Điểm học bạ,2025,27.16,Marketing
87629,HHK,marketing,A07,Điểm học bạ,2025,27.16,Marketing
87630,HHK,marketing,B00,Điểm học bạ,2025,27.16,Marketing
87631,HHK,marketing,B01,Điểm học bạ,2025,27.16,Marketing
87632,HHK,marketing,B02,Điểm học bạ,2025,27.16,Marketing
87633,HHK,marketing,B03,Điểm học bạ,2025,27.16,Marketing
87634,HHK,marketing,B08,Điểm học bạ,2025,27.16,Marketing
87635,HHK,marketing,C00,Điểm học bạ,2025,27.16,Marketing
87636,HHK,marketing,C01,Điểm học bạ,2025,27.16,Marketing
87637,HHK,marketing,C02,Điểm học bạ,2025,27.16,Marketing
87638,HHK,marketing,C03,Điểm học bạ,2025,27.16,Marketing
87639,HHK,marketing,C04,Điểm học bạ,2025,27.16,Marketing
87640,HHK,marketing,C05,Điểm học bạ,2025,27.16,Marketing
87641,HHK,marketing,C06,Điểm học bạ,2025,27.16,Marketing
87642,HHK,marketing,C07,Điểm học bạ,2025,27.16,Marketing
87643,HHK,marketing,C08,Điểm học bạ,2025,27.16,Marketing
87644,HHK,marketing,C09,Điểm học bạ,2025,27.16,Marketing
87645,HHK,marketing,C10,Điểm học bạ,2025,27.16,Marketing
87646,HHK,marketing,C11,Điểm học bạ,2025,27.16,Marketing
87647,HHK,marketing,C12,Điểm học bạ,2025,27.16,Marketing
87648,HHK,marketing,C13,Điểm học bạ,2025,27.16,Marketing
87649,HHK,marketing,D01,Điểm học bạ,2025,27.16,Marketing
87650,HHK,marketing,D07,Điểm học bạ,2025,27.16,Marketing
87651,HHK,marketing,D09,Điểm học bạ,2025,27.16,Marketing
87652,HHK,marketing,D10,Điểm học bạ,2025,27.16,Marketing
87653,HHK,marketing,D11,Điểm học bạ,2025,27.16,Marketing
87654,HHK,marketing,D12,Điểm học bạ,2025,27.16,Marketing
87655,HHK,marketing,D13,Điểm học bạ,2025,27.16,Marketing
87656,HHK,marketing,D14,Điểm học bạ,2025,27.16,Marketing
87657,HHK,marketing,D15,Điểm học bạ,2025,27.16,Marketing
87658,HHK,marketing,X01,Điểm học bạ,2025,27.16,Marketing
87659,HHK,marketing,X02,Điểm học bạ,2025,27.16,Marketing
87660,HHK,marketing,X03,Điểm học bạ,2025,27.16,Marketing
87661,HHK,marketing,X04,Điểm học bạ,2025,27.16,Marketing
87662,HHK,marketing,X05,Điểm học bạ,2025,27.16,Marketing
87663,HHK,marketing,X06,Điểm học bạ,2025,27.16,Marketing
87664,HHK,marketing,X07,Điểm học bạ,2025,27.16,Marketing
87665,HHK,marketing,X08,Điểm học bạ,2025,27.16,Marketing
87666,HHK,marketing,X09,Điểm học bạ,2025,27.16,Marketing
87667,HHK,marketing,X10,Điểm học bạ,2025,27.16,Marketing
87668,HHK,marketing,X11,Điểm học bạ,2025,27.16,Marketing
87669,HHK,marketing,X12,Điểm học bạ,2025,27.16,Marketing
87670,HHK,marketing,X13,Điểm học bạ,2025,27.16,Marketing
87671,HHK,marketing,X14,Điểm học bạ,2025,27.16,Marketing
87672,HHK,marketing,X15,Điểm học bạ,2025,27.16,Marketing
87673,HHK,marketing,A00,Điểm thi THPT,2025,24.5,Marketing
87674,HHK,marketing,A01,Điểm thi THPT,2025,24.5,Marketing
87675,HHK,marketing,A02,Điểm thi THPT,2025,24.5,Marketing
87676,HHK,marketing,A03,Điểm thi THPT,2025,24.5,Marketing
87677,HHK,marketing,A04,Điểm thi THPT,2025,24.5,Marketing
87678,HHK,marketing,A05,Điểm thi THPT,2025,24.5,Marketing
87679,HHK,marketing,A06,Điểm thi THPT,2025,24.5,Marketing
87680,HHK,marketing,A07,Điểm thi THPT,2025,24.5,Marketing
87681,HHK,marketing,B00,Điểm thi THPT,2025,24.5,Marketing
87682,HHK,marketing,B01,Điểm thi THPT,2025,24.5,Marketing
87683,HHK,marketing,B02,Điểm thi THPT,2025,24.5,Marketing
87684,HHK,marketing,B03,Điểm thi THPT,2025,24.5,Marketing
87685,HHK,marketing,B08,Điểm thi THPT,2025,24.5,Marketing
87686,HHK,marketing,C00,Điểm thi THPT,2025,24.5,Marketing
87687,HHK,marketing,C01,Điểm thi THPT,2025,24.5,Marketing
87688,HHK,marketing,C02,Điểm thi THPT,2025,24.5,Marketing
87689,HHK,marketing,C03,Điểm thi THPT,2025,24.5,Marketing
87690,HHK,marketing,C04,Điểm thi THPT,2025,24.5,Marketing
87691,HHK,marketing,C05,Điểm thi THPT,2025,24.5,Marketing
87692,HHK,marketing,C06,Điểm thi THPT,2025,24.5,Marketing
87693,HHK,marketing,C07,Điểm thi THPT,2025,24.5,Marketing
87694,HHK,marketing,C08,Điểm thi THPT,2025,24.5,Marketing
87695,HHK,marketing,C09,Điểm thi THPT,2025,24.5,Marketing
87696,HHK,marketing,C10,Điểm thi THPT,2025,24.5,Marketing
87697,HHK,marketing,C11,Điểm thi THPT,2025,24.5,Marketing
87698,HHK,marketing,C12,Điểm thi THPT,2025,24.5,Marketing
87699,HHK,marketing,C13,Điểm thi THPT,2025,24.5,Marketing
87700,HHK,marketing,D01,Điểm thi THPT,2025,24.5,Marketing
87701,HHK,marketing,D07,Điểm thi THPT,2025,24.5,Marketing
87702,HHK,marketing,D09,Điểm thi THPT,2025,24.5,Marketing
87703,HHK,marketing,D10,Điểm thi THPT,2025,24.5,Marketing
87704,HHK,marketing,D11,Điểm thi THPT,2025,24.5,Marketing
87705,HHK,marketing,D12,Điểm thi THPT,2025,24.5,Marketing
87706,HHK,marketing,D13,Điểm thi THPT,2025,24.5,Marketing
87707,HHK,marketing,D14,Điểm thi THPT,2025,24.5,Marketing
87708,HHK,marketing,D15,Điểm thi THPT,2025,24.5,Marketing
87709,HHK,marketing,X01,Điểm thi THPT,2025,24.5,Marketing
87710,HHK,marketing,X02,Điểm thi THPT,2025,24.5,Marketing
87711,HHK,marketing,X03,Điểm thi THPT,2025,24.5,Marketing
87712,HHK,marketing,X04,Điểm thi THPT,2025,24.5,Marketing
87713,HHK,marketing,X05,Điểm thi THPT,2025,24.5,Marketing
87714,HHK,marketing,X06,Điểm thi THPT,2025,24.5,Marketing
87715,HHK,marketing,X07,Điểm thi THPT,2025,24.5,Marketing
87716,HHK,marketing,X08,Điểm thi THPT,2025,24.5,Marketing
87717,HHK,marketing,X09,Điểm thi THPT,2025,24.5,Marketing
87718,HHK,marketing,X10,Điểm thi THPT,2025,24.5,Marketing
87719,HHK,marketing,X11,Điểm thi THPT,2025,24.5,Marketing
87720,HHK,marketing,X12,Điểm thi THPT,2025,24.5,Marketing
87721,HHK,marketing,X13,Điểm thi THPT,2025,24.5,Marketing
87722,HHK,marketing,X14,Điểm thi THPT,2025,24.5,Marketing
87723,HHK,marketing,X15,Điểm thi THPT,2025,24.5,Marketing
87724,HHK,ngon-ngu-anh,A01,Điểm học bạ,2021,26.0,Ngôn ngữ Anh
87725,HHK,ngon-ngu-anh,D01,Điểm học bạ,2021,26.0,Ngôn ngữ Anh
87726,HHK,ngon-ngu-anh,D78,Điểm học bạ,2021,26.0,Ngôn ngữ Anh
87727,HHK,ngon-ngu-anh,D96,Điểm học bạ,2021,26.0,Ngôn ngữ Anh
87728,HHK,ngon-ngu-anh,A01,Điểm thi THPT,2021,24.6,Ngôn ngữ Anh
87729,HHK,ngon-ngu-anh,D01,Điểm thi THPT,2021,24.6,Ngôn ngữ Anh
87730,HHK,ngon-ngu-anh,D78,Điểm thi THPT,2021,24.6,Ngôn ngữ Anh
87731,HHK,ngon-ngu-anh,D96,Điểm thi THPT,2021,24.6,Ngôn ngữ Anh
87732,HHK,ngon-ngu-anh,A01,Điểm học bạ,2022,27.0,Ngôn ngữ Anh
87733,HHK,ngon-ngu-anh,D01,Điểm học bạ,2022,27.0,Ngôn ngữ Anh
87734,HHK,ngon-ngu-anh,D78,Điểm học bạ,2022,27.0,Ngôn ngữ Anh
87735,HHK,ngon-ngu-anh,D96,Điểm học bạ,2022,27.0,Ngôn ngữ Anh
87736,HHK,ngon-ngu-anh,A01,Điểm thi THPT,2022,23.0,Ngôn ngữ Anh
87737,HHK,ngon-ngu-anh,D01,Điểm thi THPT,2022,23.0,Ngôn ngữ Anh
87738,HHK,ngon-ngu-anh,D78,Điểm thi THPT,2022,23.0,Ngôn ngữ Anh
87739,HHK,ngon-ngu-anh,D96,Điểm thi THPT,2022,23.0,Ngôn ngữ Anh
87740,HHK,ngon-ngu-anh,A01,Điểm học bạ,2023,21.0,Ngôn ngữ Anh
87741,HHK,ngon-ngu-anh,D01,Điểm học bạ,2023,21.0,Ngôn ngữ Anh
87742,HHK,ngon-ngu-anh,D14,Điểm học bạ,2023,21.0,Ngôn ngữ Anh
87743,HHK,ngon-ngu-anh,D15,Điểm học bạ,2023,21.0,Ngôn ngữ Anh
87744,HHK,ngon-ngu-anh,A01,Điểm thi THPT,2023,19.0,Ngôn ngữ Anh
87745,HHK,ngon-ngu-anh,D01,Điểm thi THPT,2023,19.0,Ngôn ngữ Anh
87746,HHK,ngon-ngu-anh,D14,Điểm thi THPT,2023,19.0,Ngôn ngữ Anh
87747,HHK,ngon-ngu-anh,D15,Điểm thi THPT,2023,19.0,Ngôn ngữ Anh
87748,HHK,ngon-ngu-anh,A01,Điểm học bạ,2024,20.0,Ngôn ngữ Anh (CN: Tiếng Anh hàng không; CN: Tiếng Anh du lịch; CN: Tiếng Anh thương mại)
87749,HHK,ngon-ngu-anh,D01,Điểm học bạ,2024,20.0,Ngôn ngữ Anh (CN: Tiếng Anh hàng không; CN: Tiếng Anh du lịch; CN: Tiếng Anh thương mại)
87750,HHK,ngon-ngu-anh,D14,Điểm học bạ,2024,20.0,Ngôn ngữ Anh (CN: Tiếng Anh hàng không; CN: Tiếng Anh du lịch; CN: Tiếng Anh thương mại)
87751,HHK,ngon-ngu-anh,D15,Điểm học bạ,2024,20.0,Ngôn ngữ Anh (CN: Tiếng Anh hàng không; CN: Tiếng Anh du lịch; CN: Tiếng Anh thương mại)
87752,HHK,ngon-ngu-anh,A01,Điểm thi THPT,2024,20.0,Ngôn ngữ Anh
87753,HHK,ngon-ngu-anh,D01,Điểm thi THPT,2024,20.0,Ngôn ngữ Anh
87754,HHK,ngon-ngu-anh,D14,Điểm thi THPT,2024,20.0,Ngôn ngữ Anh
87755,HHK,ngon-ngu-anh,D15,Điểm thi THPT,2024,20.0,Ngôn ngữ Anh
87756,HHK,ngon-ngu-anh,A01,Điểm học bạ,2025,23.88,Ngôn ngữ Anh
87757,HHK,ngon-ngu-anh,B08,Điểm học bạ,2025,23.88,Ngôn ngữ Anh
87758,HHK,ngon-ngu-anh,D01,Điểm học bạ,2025,23.88,Ngôn ngữ Anh
87759,HHK,ngon-ngu-anh,D07,Điểm học bạ,2025,23.88,Ngôn ngữ Anh
87760,HHK,ngon-ngu-anh,D09,Điểm học bạ,2025,23.88,Ngôn ngữ Anh
87761,HHK,ngon-ngu-anh,D10,Điểm học bạ,2025,23.88,Ngôn ngữ Anh
87762,HHK,ngon-ngu-anh,D11,Điểm học bạ,2025,23.88,Ngôn ngữ Anh
87763,HHK,ngon-ngu-anh,D12,Điểm học bạ,2025,23.88,Ngôn ngữ Anh
87764,HHK,ngon-ngu-anh,D13,Điểm học bạ,2025,23.88,Ngôn ngữ Anh
87765,HHK,ngon-ngu-anh,D14,Điểm học bạ,2025,23.88,Ngôn ngữ Anh
87766,HHK,ngon-ngu-anh,D15,Điểm học bạ,2025,23.88,Ngôn ngữ Anh
87767,HHK,ngon-ngu-anh,X25,Điểm học bạ,2025,23.88,Ngôn ngữ Anh
87768,HHK,ngon-ngu-anh,X26,Điểm học bạ,2025,23.88,Ngôn ngữ Anh
87769,HHK,ngon-ngu-anh,X27,Điểm học bạ,2025,23.88,Ngôn ngữ Anh
87770,HHK,ngon-ngu-anh,X28,Điểm học bạ,2025,23.88,Ngôn ngữ Anh
87771,HHK,ngon-ngu-anh,X78,Điểm học bạ,2025,23.88,Ngôn ngữ Anh
87772,HHK,ngon-ngu-anh,X79,Điểm học bạ,2025,23.88,Ngôn ngữ Anh
87773,HHK,ngon-ngu-anh,X80,Điểm học bạ,2025,23.88,Ngôn ngữ Anh
87774,HHK,ngon-ngu-anh,X81,Điểm học bạ,2025,23.88,Ngôn ngữ Anh
87775,HHK,ngon-ngu-anh,A01,Điểm thi THPT,2025,20.0,Ngôn ngữ Anh
87776,HHK,ngon-ngu-anh,B08,Điểm thi THPT,2025,20.0,Ngôn ngữ Anh
87777,HHK,ngon-ngu-anh,D01,Điểm thi THPT,2025,20.0,Ngôn ngữ Anh
87778,HHK,ngon-ngu-anh,D07,Điểm thi THPT,2025,20.0,Ngôn ngữ Anh
87779,HHK,ngon-ngu-anh,D09,Điểm thi THPT,2025,20.0,Ngôn ngữ Anh
87780,HHK,ngon-ngu-anh,D10,Điểm thi THPT,2025,20.0,Ngôn ngữ Anh
87781,HHK,ngon-ngu-anh,D11,Điểm thi THPT,2025,20.0,Ngôn ngữ Anh
87782,HHK,ngon-ngu-anh,D12,Điểm thi THPT,2025,20.0,Ngôn ngữ Anh
87783,HHK,ngon-ngu-anh,D13,Điểm thi THPT,2025,20.0,Ngôn ngữ Anh
87784,HHK,ngon-ngu-anh,D14,Điểm thi THPT,2025,20.0,Ngôn ngữ Anh
87785,HHK,ngon-ngu-anh,D15,Điểm thi THPT,2025,20.0,Ngôn ngữ Anh
87786,HHK,ngon-ngu-anh,X25,Điểm thi THPT,2025,20.0,Ngôn ngữ Anh
87787,HHK,ngon-ngu-anh,X26,Điểm thi THPT,2025,20.0,Ngôn ngữ Anh
87788,HHK,ngon-ngu-anh,X27,Điểm thi THPT,2025,20.0,Ngôn ngữ Anh
87789,HHK,ngon-ngu-anh,X28,Điểm thi THPT,2025,20.0,Ngôn ngữ Anh
87790,HHK,ngon-ngu-anh,X78,Điểm thi THPT,2025,20.0,Ngôn ngữ Anh
87791,HHK,ngon-ngu-anh,X79,Điểm thi THPT,2025,20.0,Ngôn ngữ Anh
87792,HHK,ngon-ngu-anh,X80,Điểm thi THPT,2025,20.0,Ngôn ngữ Anh
87793,HHK,ngon-ngu-anh,X81,Điểm thi THPT,2025,20.0,Ngôn ngữ Anh
87794,HHK,quan-ly-hoat-dong-bay,A01,Điểm thi THPT,2021,26.3,Quản lý hoạt động bay
87795,HHK,quan-ly-hoat-dong-bay,D01,Điểm thi THPT,2021,26.3,Quản lý hoạt động bay
87796,HHK,quan-ly-hoat-dong-bay,D78,Điểm thi THPT,2021,26.3,Quản lý hoạt động bay
87797,HHK,quan-ly-hoat-dong-bay,D96,Điểm thi THPT,2021,26.3,Quản lý hoạt động bay
87798,HHK,quan-ly-hoat-dong-bay,A01,Điểm thi THPT,2022,23.3,Quản lý hoạt động bay
87799,HHK,quan-ly-hoat-dong-bay,D01,Điểm thi THPT,2022,23.3,Quản lý hoạt động bay
87800,HHK,quan-ly-hoat-dong-bay,D78,Điểm thi THPT,2022,23.3,Quản lý hoạt động bay
87801,HHK,quan-ly-hoat-dong-bay,D96,Điểm thi THPT,2022,23.3,Quản lý hoạt động bay
87802,HHK,quan-ly-hoat-dong-bay,A00,Điểm học bạ,2023,28.0,Quản lý hoạt động bay
87803,HHK,quan-ly-hoat-dong-bay,A01,Điểm học bạ,2023,28.0,Quản lý hoạt động bay
87804,HHK,quan-ly-hoat-dong-bay,D01,Điểm học bạ,2023,28.0,Quản lý hoạt động bay
87805,HHK,quan-ly-hoat-dong-bay,D07,Điểm học bạ,2023,28.0,Quản lý hoạt động bay
87806,HHK,quan-ly-hoat-dong-bay,A00,Điểm thi THPT,2023,24.2,Quản lý hoạt động bay
87807,HHK,quan-ly-hoat-dong-bay,A01,Điểm thi THPT,2023,24.2,Quản lý hoạt động bay
87808,HHK,quan-ly-hoat-dong-bay,D01,Điểm thi THPT,2023,24.2,Quản lý hoạt động bay
87809,HHK,quan-ly-hoat-dong-bay,D07,Điểm thi THPT,2023,24.2,Quản lý hoạt động bay
87810,HHK,quan-ly-hoat-dong-bay,A00,Điểm học bạ,2024,27.0,Quản lý hoạt động bay
87811,HHK,quan-ly-hoat-dong-bay,A01,Điểm học bạ,2024,27.0,Quản lý hoạt động bay
87812,HHK,quan-ly-hoat-dong-bay,D01,Điểm học bạ,2024,27.0,Quản lý hoạt động bay
87813,HHK,quan-ly-hoat-dong-bay,D07,Điểm học bạ,2024,27.0,Quản lý hoạt động bay
87814,HHK,quan-ly-hoat-dong-bay,A00,Điểm thi THPT,2024,25.5,Quản lý hoạt động bay
87815,HHK,quan-ly-hoat-dong-bay,A01,Điểm thi THPT,2024,25.5,Quản lý hoạt động bay
87816,HHK,quan-ly-hoat-dong-bay,D01,Điểm thi THPT,2024,25.5,Quản lý hoạt động bay
87817,HHK,quan-ly-hoat-dong-bay,D07,Điểm thi THPT,2024,25.5,Quản lý hoạt động bay
87818,HHK,quan-ly-hoat-dong-bay-chuong-trinh-hoc-tieng-anh,A00,Điểm học bạ,2024,27.0,Quản lý hoạt động bay - Chương trình học Tiếng Anh (CN: Quản lý và khai thác bay)
87819,HHK,quan-ly-hoat-dong-bay-chuong-trinh-hoc-tieng-anh,A01,Điểm học bạ,2024,27.0,Quản lý hoạt động bay - Chương trình học Tiếng Anh (CN: Quản lý và khai thác bay)
87820,HHK,quan-ly-hoat-dong-bay-chuong-trinh-hoc-tieng-anh,D01,Điểm học bạ,2024,27.0,Quản lý hoạt động bay - Chương trình học Tiếng Anh (CN: Quản lý và khai thác bay)
87821,HHK,quan-ly-hoat-dong-bay-chuong-trinh-hoc-tieng-anh,D07,Điểm học bạ,2024,27.0,Quản lý hoạt động bay - Chương trình học Tiếng Anh (CN: Quản lý và khai thác bay)
87822,HHK,quan-ly-hoat-dong-bay-chuong-trinh-hoc-tieng-anh,A00,Điểm thi THPT,2024,26.0,Quản lý hoạt động bay - Chương trình học Tiếng Anh
87823,HHK,quan-ly-hoat-dong-bay-chuong-trinh-hoc-tieng-anh,A01,Điểm thi THPT,2024,26.0,Quản lý hoạt động bay - Chương trình học Tiếng Anh
87824,HHK,quan-ly-hoat-dong-bay-chuong-trinh-hoc-tieng-anh,D01,Điểm thi THPT,2024,26.0,Quản lý hoạt động bay - Chương trình học Tiếng Anh
87825,HHK,quan-ly-hoat-dong-bay-chuong-trinh-hoc-tieng-anh,D07,Điểm thi THPT,2024,26.0,Quản lý hoạt động bay - Chương trình học Tiếng Anh
87826,HHK,quan-ly-hoat-dong-bay-he-thong-ky-thuat-quan-ly-bay,A00,Điểm học bạ,2025,27.44,Quản lý hoạt động bay; Hệ thống kỹ thuật quản lý bay
87827,HHK,quan-ly-hoat-dong-bay-he-thong-ky-thuat-quan-ly-bay,A01,Điểm học bạ,2025,27.44,Quản lý hoạt động bay; Hệ thống kỹ thuật quản lý bay
87828,HHK,quan-ly-hoat-dong-bay-he-thong-ky-thuat-quan-ly-bay,A02,Điểm học bạ,2025,27.44,Quản lý hoạt động bay; Hệ thống kỹ thuật quản lý bay
87829,HHK,quan-ly-hoat-dong-bay-he-thong-ky-thuat-quan-ly-bay,A03,Điểm học bạ,2025,27.44,Quản lý hoạt động bay; Hệ thống kỹ thuật quản lý bay
87830,HHK,quan-ly-hoat-dong-bay-he-thong-ky-thuat-quan-ly-bay,A04,Điểm học bạ,2025,27.44,Quản lý hoạt động bay; Hệ thống kỹ thuật quản lý bay
87831,HHK,quan-ly-hoat-dong-bay-he-thong-ky-thuat-quan-ly-bay,A05,Điểm học bạ,2025,27.44,Quản lý hoạt động bay; Hệ thống kỹ thuật quản lý bay
87832,HHK,quan-ly-hoat-dong-bay-he-thong-ky-thuat-quan-ly-bay,A06,Điểm học bạ,2025,27.44,Quản lý hoạt động bay; Hệ thống kỹ thuật quản lý bay
87833,HHK,quan-ly-hoat-dong-bay-he-thong-ky-thuat-quan-ly-bay,A07,Điểm học bạ,2025,27.44,Quản lý hoạt động bay; Hệ thống kỹ thuật quản lý bay
87834,HHK,quan-ly-hoat-dong-bay-he-thong-ky-thuat-quan-ly-bay,B00,Điểm học bạ,2025,27.44,Quản lý hoạt động bay; Hệ thống kỹ thuật quản lý bay
87835,HHK,quan-ly-hoat-dong-bay-he-thong-ky-thuat-quan-ly-bay,B01,Điểm học bạ,2025,27.44,Quản lý hoạt động bay; Hệ thống kỹ thuật quản lý bay
87836,HHK,quan-ly-hoat-dong-bay-he-thong-ky-thuat-quan-ly-bay,B02,Điểm học bạ,2025,27.44,Quản lý hoạt động bay; Hệ thống kỹ thuật quản lý bay
87837,HHK,quan-ly-hoat-dong-bay-he-thong-ky-thuat-quan-ly-bay,B03,Điểm học bạ,2025,27.44,Quản lý hoạt động bay; Hệ thống kỹ thuật quản lý bay
87838,HHK,quan-ly-hoat-dong-bay-he-thong-ky-thuat-quan-ly-bay,B08,Điểm học bạ,2025,27.44,Quản lý hoạt động bay; Hệ thống kỹ thuật quản lý bay
87839,HHK,quan-ly-hoat-dong-bay-he-thong-ky-thuat-quan-ly-bay,C01,Điểm học bạ,2025,27.44,Quản lý hoạt động bay; Hệ thống kỹ thuật quản lý bay
87840,HHK,quan-ly-hoat-dong-bay-he-thong-ky-thuat-quan-ly-bay,C02,Điểm học bạ,2025,27.44,Quản lý hoạt động bay; Hệ thống kỹ thuật quản lý bay
87841,HHK,quan-ly-hoat-dong-bay-he-thong-ky-thuat-quan-ly-bay,C03,Điểm học bạ,2025,27.44,Quản lý hoạt động bay; Hệ thống kỹ thuật quản lý bay
87842,HHK,quan-ly-hoat-dong-bay-he-thong-ky-thuat-quan-ly-bay,C04,Điểm học bạ,2025,27.44,Quản lý hoạt động bay; Hệ thống kỹ thuật quản lý bay
87843,HHK,quan-ly-hoat-dong-bay-he-thong-ky-thuat-quan-ly-bay,D01,Điểm học bạ,2025,27.44,Quản lý hoạt động bay; Hệ thống kỹ thuật quản lý bay
87844,HHK,quan-ly-hoat-dong-bay-he-thong-ky-thuat-quan-ly-bay,D07,Điểm học bạ,2025,27.44,Quản lý hoạt động bay; Hệ thống kỹ thuật quản lý bay
87845,HHK,quan-ly-hoat-dong-bay-he-thong-ky-thuat-quan-ly-bay,D09,Điểm học bạ,2025,27.44,Quản lý hoạt động bay; Hệ thống kỹ thuật quản lý bay
87846,HHK,quan-ly-hoat-dong-bay-he-thong-ky-thuat-quan-ly-bay,D10,Điểm học bạ,2025,27.44,Quản lý hoạt động bay; Hệ thống kỹ thuật quản lý bay
87847,HHK,quan-ly-hoat-dong-bay-he-thong-ky-thuat-quan-ly-bay,X01,Điểm học bạ,2025,27.44,Quản lý hoạt động bay; Hệ thống kỹ thuật quản lý bay
87848,HHK,quan-ly-hoat-dong-bay-he-thong-ky-thuat-quan-ly-bay,X02,Điểm học bạ,2025,27.44,Quản lý hoạt động bay; Hệ thống kỹ thuật quản lý bay
87849,HHK,quan-ly-hoat-dong-bay-he-thong-ky-thuat-quan-ly-bay,X03,Điểm học bạ,2025,27.44,Quản lý hoạt động bay; Hệ thống kỹ thuật quản lý bay
87850,HHK,quan-ly-hoat-dong-bay-he-thong-ky-thuat-quan-ly-bay,X04,Điểm học bạ,2025,27.44,Quản lý hoạt động bay; Hệ thống kỹ thuật quản lý bay
87851,HHK,quan-ly-hoat-dong-bay-he-thong-ky-thuat-quan-ly-bay,X05,Điểm học bạ,2025,27.44,Quản lý hoạt động bay; Hệ thống kỹ thuật quản lý bay
87852,HHK,quan-ly-hoat-dong-bay-he-thong-ky-thuat-quan-ly-bay,X06,Điểm học bạ,2025,27.44,Quản lý hoạt động bay; Hệ thống kỹ thuật quản lý bay
87853,HHK,quan-ly-hoat-dong-bay-he-thong-ky-thuat-quan-ly-bay,X07,Điểm học bạ,2025,27.44,Quản lý hoạt động bay; Hệ thống kỹ thuật quản lý bay
87854,HHK,quan-ly-hoat-dong-bay-he-thong-ky-thuat-quan-ly-bay,X08,Điểm học bạ,2025,27.44,Quản lý hoạt động bay; Hệ thống kỹ thuật quản lý bay
87855,HHK,quan-ly-hoat-dong-bay-he-thong-ky-thuat-quan-ly-bay,X09,Điểm học bạ,2025,27.44,Quản lý hoạt động bay; Hệ thống kỹ thuật quản lý bay
87856,HHK,quan-ly-hoat-dong-bay-he-thong-ky-thuat-quan-ly-bay,X10,Điểm học bạ,2025,27.44,Quản lý hoạt động bay; Hệ thống kỹ thuật quản lý bay
87857,HHK,quan-ly-hoat-dong-bay-he-thong-ky-thuat-quan-ly-bay,X11,Điểm học bạ,2025,27.44,Quản lý hoạt động bay; Hệ thống kỹ thuật quản lý bay
87858,HHK,quan-ly-hoat-dong-bay-he-thong-ky-thuat-quan-ly-bay,X12,Điểm học bạ,2025,27.44,Quản lý hoạt động bay; Hệ thống kỹ thuật quản lý bay
87859,HHK,quan-ly-hoat-dong-bay-he-thong-ky-thuat-quan-ly-bay,X13,Điểm học bạ,2025,27.44,Quản lý hoạt động bay; Hệ thống kỹ thuật quản lý bay
87860,HHK,quan-ly-hoat-dong-bay-he-thong-ky-thuat-quan-ly-bay,X14,Điểm học bạ,2025,27.44,Quản lý hoạt động bay; Hệ thống kỹ thuật quản lý bay
87861,HHK,quan-ly-hoat-dong-bay-he-thong-ky-thuat-quan-ly-bay,X15,Điểm học bạ,2025,27.44,Quản lý hoạt động bay; Hệ thống kỹ thuật quản lý bay
87862,HHK,quan-ly-hoat-dong-bay-he-thong-ky-thuat-quan-ly-bay,X16,Điểm học bạ,2025,27.44,Quản lý hoạt động bay; Hệ thống kỹ thuật quản lý bay
87863,HHK,quan-ly-hoat-dong-bay-he-thong-ky-thuat-quan-ly-bay,X17,Điểm học bạ,2025,27.44,Quản lý hoạt động bay; Hệ thống kỹ thuật quản lý bay
87864,HHK,quan-ly-hoat-dong-bay-he-thong-ky-thuat-quan-ly-bay,X18,Điểm học bạ,2025,27.44,Quản lý hoạt động bay; Hệ thống kỹ thuật quản lý bay
87865,HHK,quan-ly-hoat-dong-bay-he-thong-ky-thuat-quan-ly-bay,X19,Điểm học bạ,2025,27.44,Quản lý hoạt động bay; Hệ thống kỹ thuật quản lý bay
87866,HHK,quan-ly-hoat-dong-bay-he-thong-ky-thuat-quan-ly-bay,X20,Điểm học bạ,2025,27.44,Quản lý hoạt động bay; Hệ thống kỹ thuật quản lý bay
87867,HHK,quan-ly-hoat-dong-bay-he-thong-ky-thuat-quan-ly-bay,X21,Điểm học bạ,2025,27.44,Quản lý hoạt động bay; Hệ thống kỹ thuật quản lý bay
87868,HHK,quan-ly-hoat-dong-bay-he-thong-ky-thuat-quan-ly-bay,X22,Điểm học bạ,2025,27.44,Quản lý hoạt động bay; Hệ thống kỹ thuật quản lý bay
87869,HHK,quan-ly-hoat-dong-bay-he-thong-ky-thuat-quan-ly-bay,X23,Điểm học bạ,2025,27.44,Quản lý hoạt động bay; Hệ thống kỹ thuật quản lý bay
87870,HHK,quan-ly-hoat-dong-bay-he-thong-ky-thuat-quan-ly-bay,X24,Điểm học bạ,2025,27.44,Quản lý hoạt động bay; Hệ thống kỹ thuật quản lý bay
87871,HHK,quan-ly-hoat-dong-bay-he-thong-ky-thuat-quan-ly-bay,X25,Điểm học bạ,2025,27.44,Quản lý hoạt động bay; Hệ thống kỹ thuật quản lý bay
87872,HHK,quan-ly-hoat-dong-bay-he-thong-ky-thuat-quan-ly-bay,X26,Điểm học bạ,2025,27.44,Quản lý hoạt động bay; Hệ thống kỹ thuật quản lý bay
87873,HHK,quan-ly-hoat-dong-bay-he-thong-ky-thuat-quan-ly-bay,X27,Điểm học bạ,2025,27.44,Quản lý hoạt động bay; Hệ thống kỹ thuật quản lý bay
87874,HHK,quan-ly-hoat-dong-bay-he-thong-ky-thuat-quan-ly-bay,X28,Điểm học bạ,2025,27.44,Quản lý hoạt động bay; Hệ thống kỹ thuật quản lý bay
87875,HHK,quan-ly-hoat-dong-bay-he-thong-ky-thuat-quan-ly-bay,X53,Điểm học bạ,2025,27.44,Quản lý hoạt động bay; Hệ thống kỹ thuật quản lý bay
87876,HHK,quan-ly-hoat-dong-bay-he-thong-ky-thuat-quan-ly-bay,X54,Điểm học bạ,2025,27.44,Quản lý hoạt động bay; Hệ thống kỹ thuật quản lý bay
87877,HHK,quan-ly-hoat-dong-bay-he-thong-ky-thuat-quan-ly-bay,A00,Điểm thi THPT,2025,25.0,Quản lý hoạt động bay; Hệ thống kỹ thuật quản lý bay
87878,HHK,quan-ly-hoat-dong-bay-he-thong-ky-thuat-quan-ly-bay,A01,Điểm thi THPT,2025,25.0,Quản lý hoạt động bay; Hệ thống kỹ thuật quản lý bay
87879,HHK,quan-ly-hoat-dong-bay-he-thong-ky-thuat-quan-ly-bay,A02,Điểm thi THPT,2025,25.0,Quản lý hoạt động bay; Hệ thống kỹ thuật quản lý bay
87880,HHK,quan-ly-hoat-dong-bay-he-thong-ky-thuat-quan-ly-bay,A03,Điểm thi THPT,2025,25.0,Quản lý hoạt động bay; Hệ thống kỹ thuật quản lý bay
87881,HHK,quan-ly-hoat-dong-bay-he-thong-ky-thuat-quan-ly-bay,A04,Điểm thi THPT,2025,25.0,Quản lý hoạt động bay; Hệ thống kỹ thuật quản lý bay
87882,HHK,quan-ly-hoat-dong-bay-he-thong-ky-thuat-quan-ly-bay,A05,Điểm thi THPT,2025,25.0,Quản lý hoạt động bay; Hệ thống kỹ thuật quản lý bay
87883,HHK,quan-ly-hoat-dong-bay-he-thong-ky-thuat-quan-ly-bay,A06,Điểm thi THPT,2025,25.0,Quản lý hoạt động bay; Hệ thống kỹ thuật quản lý bay
87884,HHK,quan-ly-hoat-dong-bay-he-thong-ky-thuat-quan-ly-bay,A07,Điểm thi THPT,2025,25.0,Quản lý hoạt động bay; Hệ thống kỹ thuật quản lý bay
87885,HHK,quan-ly-hoat-dong-bay-he-thong-ky-thuat-quan-ly-bay,B00,Điểm thi THPT,2025,25.0,Quản lý hoạt động bay; Hệ thống kỹ thuật quản lý bay
87886,HHK,quan-ly-hoat-dong-bay-he-thong-ky-thuat-quan-ly-bay,B01,Điểm thi THPT,2025,25.0,Quản lý hoạt động bay; Hệ thống kỹ thuật quản lý bay
87887,HHK,quan-ly-hoat-dong-bay-he-thong-ky-thuat-quan-ly-bay,B02,Điểm thi THPT,2025,25.0,Quản lý hoạt động bay; Hệ thống kỹ thuật quản lý bay
87888,HHK,quan-ly-hoat-dong-bay-he-thong-ky-thuat-quan-ly-bay,B03,Điểm thi THPT,2025,25.0,Quản lý hoạt động bay; Hệ thống kỹ thuật quản lý bay
87889,HHK,quan-ly-hoat-dong-bay-he-thong-ky-thuat-quan-ly-bay,B08,Điểm thi THPT,2025,25.0,Quản lý hoạt động bay; Hệ thống kỹ thuật quản lý bay
87890,HHK,quan-ly-hoat-dong-bay-he-thong-ky-thuat-quan-ly-bay,C01,Điểm thi THPT,2025,25.0,Quản lý hoạt động bay; Hệ thống kỹ thuật quản lý bay
87891,HHK,quan-ly-hoat-dong-bay-he-thong-ky-thuat-quan-ly-bay,C02,Điểm thi THPT,2025,25.0,Quản lý hoạt động bay; Hệ thống kỹ thuật quản lý bay
87892,HHK,quan-ly-hoat-dong-bay-he-thong-ky-thuat-quan-ly-bay,C03,Điểm thi THPT,2025,25.0,Quản lý hoạt động bay; Hệ thống kỹ thuật quản lý bay
87893,HHK,quan-ly-hoat-dong-bay-he-thong-ky-thuat-quan-ly-bay,C04,Điểm thi THPT,2025,25.0,Quản lý hoạt động bay; Hệ thống kỹ thuật quản lý bay
87894,HHK,quan-ly-hoat-dong-bay-he-thong-ky-thuat-quan-ly-bay,D01,Điểm thi THPT,2025,25.0,Quản lý hoạt động bay; Hệ thống kỹ thuật quản lý bay
87895,HHK,quan-ly-hoat-dong-bay-he-thong-ky-thuat-quan-ly-bay,D07,Điểm thi THPT,2025,25.0,Quản lý hoạt động bay; Hệ thống kỹ thuật quản lý bay
87896,HHK,quan-ly-hoat-dong-bay-he-thong-ky-thuat-quan-ly-bay,D09,Điểm thi THPT,2025,25.0,Quản lý hoạt động bay; Hệ thống kỹ thuật quản lý bay
87897,HHK,quan-ly-hoat-dong-bay-he-thong-ky-thuat-quan-ly-bay,D10,Điểm thi THPT,2025,25.0,Quản lý hoạt động bay; Hệ thống kỹ thuật quản lý bay
87898,HHK,quan-ly-hoat-dong-bay-he-thong-ky-thuat-quan-ly-bay,X01,Điểm thi THPT,2025,25.0,Quản lý hoạt động bay; Hệ thống kỹ thuật quản lý bay
87899,HHK,quan-ly-hoat-dong-bay-he-thong-ky-thuat-quan-ly-bay,X02,Điểm thi THPT,2025,25.0,Quản lý hoạt động bay; Hệ thống kỹ thuật quản lý bay
87900,HHK,quan-ly-hoat-dong-bay-he-thong-ky-thuat-quan-ly-bay,X03,Điểm thi THPT,2025,25.0,Quản lý hoạt động bay; Hệ thống kỹ thuật quản lý bay
87901,HHK,quan-ly-hoat-dong-bay-he-thong-ky-thuat-quan-ly-bay,X04,Điểm thi THPT,2025,25.0,Quản lý hoạt động bay; Hệ thống kỹ thuật quản lý bay
87902,HHK,quan-ly-hoat-dong-bay-he-thong-ky-thuat-quan-ly-bay,X05,Điểm thi THPT,2025,25.0,Quản lý hoạt động bay; Hệ thống kỹ thuật quản lý bay
87903,HHK,quan-ly-hoat-dong-bay-he-thong-ky-thuat-quan-ly-bay,X06,Điểm thi THPT,2025,25.0,Quản lý hoạt động bay; Hệ thống kỹ thuật quản lý bay
87904,HHK,quan-ly-hoat-dong-bay-he-thong-ky-thuat-quan-ly-bay,X07,Điểm thi THPT,2025,25.0,Quản lý hoạt động bay; Hệ thống kỹ thuật quản lý bay
87905,HHK,quan-ly-hoat-dong-bay-he-thong-ky-thuat-quan-ly-bay,X08,Điểm thi THPT,2025,25.0,Quản lý hoạt động bay; Hệ thống kỹ thuật quản lý bay
87906,HHK,quan-ly-hoat-dong-bay-he-thong-ky-thuat-quan-ly-bay,X09,Điểm thi THPT,2025,25.0,Quản lý hoạt động bay; Hệ thống kỹ thuật quản lý bay
87907,HHK,quan-ly-hoat-dong-bay-he-thong-ky-thuat-quan-ly-bay,X10,Điểm thi THPT,2025,25.0,Quản lý hoạt động bay; Hệ thống kỹ thuật quản lý bay
87908,HHK,quan-ly-hoat-dong-bay-he-thong-ky-thuat-quan-ly-bay,X11,Điểm thi THPT,2025,25.0,Quản lý hoạt động bay; Hệ thống kỹ thuật quản lý bay
87909,HHK,quan-ly-hoat-dong-bay-he-thong-ky-thuat-quan-ly-bay,X12,Điểm thi THPT,2025,25.0,Quản lý hoạt động bay; Hệ thống kỹ thuật quản lý bay
87910,HHK,quan-ly-hoat-dong-bay-he-thong-ky-thuat-quan-ly-bay,X13,Điểm thi THPT,2025,25.0,Quản lý hoạt động bay; Hệ thống kỹ thuật quản lý bay
87911,HHK,quan-ly-hoat-dong-bay-he-thong-ky-thuat-quan-ly-bay,X14,Điểm thi THPT,2025,25.0,Quản lý hoạt động bay; Hệ thống kỹ thuật quản lý bay
87912,HHK,quan-ly-hoat-dong-bay-he-thong-ky-thuat-quan-ly-bay,X15,Điểm thi THPT,2025,25.0,Quản lý hoạt động bay; Hệ thống kỹ thuật quản lý bay
87913,HHK,quan-ly-hoat-dong-bay-he-thong-ky-thuat-quan-ly-bay,X16,Điểm thi THPT,2025,25.0,Quản lý hoạt động bay; Hệ thống kỹ thuật quản lý bay
87914,HHK,quan-ly-hoat-dong-bay-he-thong-ky-thuat-quan-ly-bay,X17,Điểm thi THPT,2025,25.0,Quản lý hoạt động bay; Hệ thống kỹ thuật quản lý bay
87915,HHK,quan-ly-hoat-dong-bay-he-thong-ky-thuat-quan-ly-bay,X18,Điểm thi THPT,2025,25.0,Quản lý hoạt động bay; Hệ thống kỹ thuật quản lý bay
87916,HHK,quan-ly-hoat-dong-bay-he-thong-ky-thuat-quan-ly-bay,X19,Điểm thi THPT,2025,25.0,Quản lý hoạt động bay; Hệ thống kỹ thuật quản lý bay
87917,HHK,quan-ly-hoat-dong-bay-he-thong-ky-thuat-quan-ly-bay,X20,Điểm thi THPT,2025,25.0,Quản lý hoạt động bay; Hệ thống kỹ thuật quản lý bay
87918,HHK,quan-ly-hoat-dong-bay-he-thong-ky-thuat-quan-ly-bay,X21,Điểm thi THPT,2025,25.0,Quản lý hoạt động bay; Hệ thống kỹ thuật quản lý bay
87919,HHK,quan-ly-hoat-dong-bay-he-thong-ky-thuat-quan-ly-bay,X22,Điểm thi THPT,2025,25.0,Quản lý hoạt động bay; Hệ thống kỹ thuật quản lý bay
87920,HHK,quan-ly-hoat-dong-bay-he-thong-ky-thuat-quan-ly-bay,X23,Điểm thi THPT,2025,25.0,Quản lý hoạt động bay; Hệ thống kỹ thuật quản lý bay
87921,HHK,quan-ly-hoat-dong-bay-he-thong-ky-thuat-quan-ly-bay,X24,Điểm thi THPT,2025,25.0,Quản lý hoạt động bay; Hệ thống kỹ thuật quản lý bay
87922,HHK,quan-ly-hoat-dong-bay-he-thong-ky-thuat-quan-ly-bay,X25,Điểm thi THPT,2025,25.0,Quản lý hoạt động bay; Hệ thống kỹ thuật quản lý bay
87923,HHK,quan-ly-hoat-dong-bay-he-thong-ky-thuat-quan-ly-bay,X26,Điểm thi THPT,2025,25.0,Quản lý hoạt động bay; Hệ thống kỹ thuật quản lý bay
87924,HHK,quan-ly-hoat-dong-bay-he-thong-ky-thuat-quan-ly-bay,X27,Điểm thi THPT,2025,25.0,Quản lý hoạt động bay; Hệ thống kỹ thuật quản lý bay
87925,HHK,quan-ly-hoat-dong-bay-he-thong-ky-thuat-quan-ly-bay,X28,Điểm thi THPT,2025,25.0,Quản lý hoạt động bay; Hệ thống kỹ thuật quản lý bay
87926,HHK,quan-ly-hoat-dong-bay-he-thong-ky-thuat-quan-ly-bay,X53,Điểm thi THPT,2025,25.0,Quản lý hoạt động bay; Hệ thống kỹ thuật quản lý bay
87927,HHK,quan-ly-hoat-dong-bay-he-thong-ky-thuat-quan-ly-bay,X54,Điểm thi THPT,2025,25.0,Quản lý hoạt động bay; Hệ thống kỹ thuật quản lý bay
87928,HHK,quan-ly-hoat-dong-bay-quan-ly-va-khai-thac-bay,A01,Điểm học bạ,2025,28.5,Quản lý hoạt động bay (học bằng Tiếng Anh); Quản lý và khai thác bay (học bằng Tiếng Anh)
87929,HHK,quan-ly-hoat-dong-bay-quan-ly-va-khai-thac-bay,B08,Điểm học bạ,2025,28.5,Quản lý hoạt động bay (học bằng Tiếng Anh); Quản lý và khai thác bay (học bằng Tiếng Anh)
87930,HHK,quan-ly-hoat-dong-bay-quan-ly-va-khai-thac-bay,D01,Điểm học bạ,2025,28.5,Quản lý hoạt động bay (học bằng Tiếng Anh); Quản lý và khai thác bay (học bằng Tiếng Anh)
87931,HHK,quan-ly-hoat-dong-bay-quan-ly-va-khai-thac-bay,D07,Điểm học bạ,2025,28.5,Quản lý hoạt động bay (học bằng Tiếng Anh); Quản lý và khai thác bay (học bằng Tiếng Anh)
87932,HHK,quan-ly-hoat-dong-bay-quan-ly-va-khai-thac-bay,D09,Điểm học bạ,2025,28.5,Quản lý hoạt động bay (học bằng Tiếng Anh); Quản lý và khai thác bay (học bằng Tiếng Anh)
87933,HHK,quan-ly-hoat-dong-bay-quan-ly-va-khai-thac-bay,D10,Điểm học bạ,2025,28.5,Quản lý hoạt động bay (học bằng Tiếng Anh); Quản lý và khai thác bay (học bằng Tiếng Anh)
87934,HHK,quan-ly-hoat-dong-bay-quan-ly-va-khai-thac-bay,X25,Điểm học bạ,2025,28.5,Quản lý hoạt động bay (học bằng Tiếng Anh); Quản lý và khai thác bay (học bằng Tiếng Anh)
87935,HHK,quan-ly-hoat-dong-bay-quan-ly-va-khai-thac-bay,X26,Điểm học bạ,2025,28.5,Quản lý hoạt động bay (học bằng Tiếng Anh); Quản lý và khai thác bay (học bằng Tiếng Anh)
87936,HHK,quan-ly-hoat-dong-bay-quan-ly-va-khai-thac-bay,X27,Điểm học bạ,2025,28.5,Quản lý hoạt động bay (học bằng Tiếng Anh); Quản lý và khai thác bay (học bằng Tiếng Anh)
87937,HHK,quan-ly-hoat-dong-bay-quan-ly-va-khai-thac-bay,X28,Điểm học bạ,2025,28.5,Quản lý hoạt động bay (học bằng Tiếng Anh); Quản lý và khai thác bay (học bằng Tiếng Anh)
87938,HHK,quan-ly-hoat-dong-bay-quan-ly-va-khai-thac-bay,A01,Điểm thi THPT,2025,27.0,Quản lý hoạt động bay (học bằng Tiếng Anh); Quản lý và khai thác bay (học bằng Tiếng Anh)
87939,HHK,quan-ly-hoat-dong-bay-quan-ly-va-khai-thac-bay,B08,Điểm thi THPT,2025,27.0,Quản lý hoạt động bay (học bằng Tiếng Anh); Quản lý và khai thác bay (học bằng Tiếng Anh)
87940,HHK,quan-ly-hoat-dong-bay-quan-ly-va-khai-thac-bay,D01,Điểm thi THPT,2025,27.0,Quản lý hoạt động bay (học bằng Tiếng Anh); Quản lý và khai thác bay (học bằng Tiếng Anh)
87941,HHK,quan-ly-hoat-dong-bay-quan-ly-va-khai-thac-bay,D07,Điểm thi THPT,2025,27.0,Quản lý hoạt động bay (học bằng Tiếng Anh); Quản lý và khai thác bay (học bằng Tiếng Anh)
87942,HHK,quan-ly-hoat-dong-bay-quan-ly-va-khai-thac-bay,D09,Điểm thi THPT,2025,27.0,Quản lý hoạt động bay (học bằng Tiếng Anh); Quản lý và khai thác bay (học bằng Tiếng Anh)
87943,HHK,quan-ly-hoat-dong-bay-quan-ly-va-khai-thac-bay,D10,Điểm thi THPT,2025,27.0,Quản lý hoạt động bay (học bằng Tiếng Anh); Quản lý và khai thác bay (học bằng Tiếng Anh)
87944,HHK,quan-ly-hoat-dong-bay-quan-ly-va-khai-thac-bay,X25,Điểm thi THPT,2025,27.0,Quản lý hoạt động bay (học bằng Tiếng Anh); Quản lý và khai thác bay (học bằng Tiếng Anh)
87945,HHK,quan-ly-hoat-dong-bay-quan-ly-va-khai-thac-bay,X26,Điểm thi THPT,2025,27.0,Quản lý hoạt động bay (học bằng Tiếng Anh); Quản lý và khai thác bay (học bằng Tiếng Anh)
87946,HHK,quan-ly-hoat-dong-bay-quan-ly-va-khai-thac-bay,X27,Điểm thi THPT,2025,27.0,Quản lý hoạt động bay (học bằng Tiếng Anh); Quản lý và khai thác bay (học bằng Tiếng Anh)
87947,HHK,quan-ly-hoat-dong-bay-quan-ly-va-khai-thac-bay,X28,Điểm thi THPT,2025,27.0,Quản lý hoạt động bay (học bằng Tiếng Anh); Quản lý và khai thác bay (học bằng Tiếng Anh)
87948,HHK,quan-ly-va-khai-thac-cang-hk,A00,Điểm học bạ,2025,23.88,Quản lý và khai thác cảng HK (Ngành: CNKT Công trình xây dựng)
87949,HHK,quan-ly-va-khai-thac-cang-hk,A01,Điểm học bạ,2025,23.88,Quản lý và khai thác cảng HK (Ngành: CNKT Công trình xây dựng)
87950,HHK,quan-ly-va-khai-thac-cang-hk,A02,Điểm học bạ,2025,23.88,Quản lý và khai thác cảng HK (Ngành: CNKT Công trình xây dựng)
87951,HHK,quan-ly-va-khai-thac-cang-hk,A03,Điểm học bạ,2025,23.88,Quản lý và khai thác cảng HK (Ngành: CNKT Công trình xây dựng)
87952,HHK,quan-ly-va-khai-thac-cang-hk,A04,Điểm học bạ,2025,23.88,Quản lý và khai thác cảng HK (Ngành: CNKT Công trình xây dựng)
87953,HHK,quan-ly-va-khai-thac-cang-hk,A05,Điểm học bạ,2025,23.88,Quản lý và khai thác cảng HK (Ngành: CNKT Công trình xây dựng)
87954,HHK,quan-ly-va-khai-thac-cang-hk,A06,Điểm học bạ,2025,23.88,Quản lý và khai thác cảng HK (Ngành: CNKT Công trình xây dựng)
87955,HHK,quan-ly-va-khai-thac-cang-hk,A07,Điểm học bạ,2025,23.88,Quản lý và khai thác cảng HK (Ngành: CNKT Công trình xây dựng)
87956,HHK,quan-ly-va-khai-thac-cang-hk,B00,Điểm học bạ,2025,23.88,Quản lý và khai thác cảng HK (Ngành: CNKT Công trình xây dựng)
87957,HHK,quan-ly-va-khai-thac-cang-hk,B01,Điểm học bạ,2025,23.88,Quản lý và khai thác cảng HK (Ngành: CNKT Công trình xây dựng)
87958,HHK,quan-ly-va-khai-thac-cang-hk,B02,Điểm học bạ,2025,23.88,Quản lý và khai thác cảng HK (Ngành: CNKT Công trình xây dựng)
87959,HHK,quan-ly-va-khai-thac-cang-hk,B03,Điểm học bạ,2025,23.88,Quản lý và khai thác cảng HK (Ngành: CNKT Công trình xây dựng)
87960,HHK,quan-ly-va-khai-thac-cang-hk,B08,Điểm học bạ,2025,23.88,Quản lý và khai thác cảng HK (Ngành: CNKT Công trình xây dựng)
87961,HHK,quan-ly-va-khai-thac-cang-hk,C01,Điểm học bạ,2025,23.88,Quản lý và khai thác cảng HK (Ngành: CNKT Công trình xây dựng)
87962,HHK,quan-ly-va-khai-thac-cang-hk,C02,Điểm học bạ,2025,23.88,Quản lý và khai thác cảng HK (Ngành: CNKT Công trình xây dựng)
87963,HHK,quan-ly-va-khai-thac-cang-hk,C03,Điểm học bạ,2025,23.88,Quản lý và khai thác cảng HK (Ngành: CNKT Công trình xây dựng)
87964,HHK,quan-ly-va-khai-thac-cang-hk,C04,Điểm học bạ,2025,23.88,Quản lý và khai thác cảng HK (Ngành: CNKT Công trình xây dựng)
87965,HHK,quan-ly-va-khai-thac-cang-hk,D01,Điểm học bạ,2025,23.88,Quản lý và khai thác cảng HK (Ngành: CNKT Công trình xây dựng)
87966,HHK,quan-ly-va-khai-thac-cang-hk,D07,Điểm học bạ,2025,23.88,Quản lý và khai thác cảng HK (Ngành: CNKT Công trình xây dựng)
87967,HHK,quan-ly-va-khai-thac-cang-hk,D09,Điểm học bạ,2025,23.88,Quản lý và khai thác cảng HK (Ngành: CNKT Công trình xây dựng)
87968,HHK,quan-ly-va-khai-thac-cang-hk,D10,Điểm học bạ,2025,23.88,Quản lý và khai thác cảng HK (Ngành: CNKT Công trình xây dựng)
87969,HHK,quan-ly-va-khai-thac-cang-hk,X01,Điểm học bạ,2025,23.88,Quản lý và khai thác cảng HK (Ngành: CNKT Công trình xây dựng)
87970,HHK,quan-ly-va-khai-thac-cang-hk,X02,Điểm học bạ,2025,23.88,Quản lý và khai thác cảng HK (Ngành: CNKT Công trình xây dựng)
87971,HHK,quan-ly-va-khai-thac-cang-hk,X03,Điểm học bạ,2025,23.88,Quản lý và khai thác cảng HK (Ngành: CNKT Công trình xây dựng)
87972,HHK,quan-ly-va-khai-thac-cang-hk,X04,Điểm học bạ,2025,23.88,Quản lý và khai thác cảng HK (Ngành: CNKT Công trình xây dựng)
87973,HHK,quan-ly-va-khai-thac-cang-hk,X05,Điểm học bạ,2025,23.88,Quản lý và khai thác cảng HK (Ngành: CNKT Công trình xây dựng)
87974,HHK,quan-ly-va-khai-thac-cang-hk,X06,Điểm học bạ,2025,23.88,Quản lý và khai thác cảng HK (Ngành: CNKT Công trình xây dựng)
87975,HHK,quan-ly-va-khai-thac-cang-hk,X07,Điểm học bạ,2025,23.88,Quản lý và khai thác cảng HK (Ngành: CNKT Công trình xây dựng)
87976,HHK,quan-ly-va-khai-thac-cang-hk,X08,Điểm học bạ,2025,23.88,Quản lý và khai thác cảng HK (Ngành: CNKT Công trình xây dựng)
87977,HHK,quan-ly-va-khai-thac-cang-hk,X09,Điểm học bạ,2025,23.88,Quản lý và khai thác cảng HK (Ngành: CNKT Công trình xây dựng)
87978,HHK,quan-ly-va-khai-thac-cang-hk,X10,Điểm học bạ,2025,23.88,Quản lý và khai thác cảng HK (Ngành: CNKT Công trình xây dựng)
87979,HHK,quan-ly-va-khai-thac-cang-hk,X11,Điểm học bạ,2025,23.88,Quản lý và khai thác cảng HK (Ngành: CNKT Công trình xây dựng)
87980,HHK,quan-ly-va-khai-thac-cang-hk,X12,Điểm học bạ,2025,23.88,Quản lý và khai thác cảng HK (Ngành: CNKT Công trình xây dựng)
87981,HHK,quan-ly-va-khai-thac-cang-hk,X13,Điểm học bạ,2025,23.88,Quản lý và khai thác cảng HK (Ngành: CNKT Công trình xây dựng)
87982,HHK,quan-ly-va-khai-thac-cang-hk,X14,Điểm học bạ,2025,23.88,Quản lý và khai thác cảng HK (Ngành: CNKT Công trình xây dựng)
87983,HHK,quan-ly-va-khai-thac-cang-hk,X15,Điểm học bạ,2025,23.88,Quản lý và khai thác cảng HK (Ngành: CNKT Công trình xây dựng)
87984,HHK,quan-ly-va-khai-thac-cang-hk,X16,Điểm học bạ,2025,23.88,Quản lý và khai thác cảng HK (Ngành: CNKT Công trình xây dựng)
87985,HHK,quan-ly-va-khai-thac-cang-hk,X17,Điểm học bạ,2025,23.88,Quản lý và khai thác cảng HK (Ngành: CNKT Công trình xây dựng)
87986,HHK,quan-ly-va-khai-thac-cang-hk,X18,Điểm học bạ,2025,23.88,Quản lý và khai thác cảng HK (Ngành: CNKT Công trình xây dựng)
87987,HHK,quan-ly-va-khai-thac-cang-hk,X19,Điểm học bạ,2025,23.88,Quản lý và khai thác cảng HK (Ngành: CNKT Công trình xây dựng)
87988,HHK,quan-ly-va-khai-thac-cang-hk,X20,Điểm học bạ,2025,23.88,Quản lý và khai thác cảng HK (Ngành: CNKT Công trình xây dựng)
87989,HHK,quan-ly-va-khai-thac-cang-hk,X21,Điểm học bạ,2025,23.88,Quản lý và khai thác cảng HK (Ngành: CNKT Công trình xây dựng)
87990,HHK,quan-ly-va-khai-thac-cang-hk,X22,Điểm học bạ,2025,23.88,Quản lý và khai thác cảng HK (Ngành: CNKT Công trình xây dựng)
87991,HHK,quan-ly-va-khai-thac-cang-hk,X23,Điểm học bạ,2025,23.88,Quản lý và khai thác cảng HK (Ngành: CNKT Công trình xây dựng)
87992,HHK,quan-ly-va-khai-thac-cang-hk,X24,Điểm học bạ,2025,23.88,Quản lý và khai thác cảng HK (Ngành: CNKT Công trình xây dựng)
87993,HHK,quan-ly-va-khai-thac-cang-hk,X25,Điểm học bạ,2025,23.88,Quản lý và khai thác cảng HK (Ngành: CNKT Công trình xây dựng)
87994,HHK,quan-ly-va-khai-thac-cang-hk,X26,Điểm học bạ,2025,23.88,Quản lý và khai thác cảng HK (Ngành: CNKT Công trình xây dựng)
87995,HHK,quan-ly-va-khai-thac-cang-hk,X27,Điểm học bạ,2025,23.88,Quản lý và khai thác cảng HK (Ngành: CNKT Công trình xây dựng)
87996,HHK,quan-ly-va-khai-thac-cang-hk,X28,Điểm học bạ,2025,23.88,Quản lý và khai thác cảng HK (Ngành: CNKT Công trình xây dựng)
87997,HHK,quan-ly-va-khai-thac-cang-hk,X53,Điểm học bạ,2025,23.88,Quản lý và khai thác cảng HK (Ngành: CNKT Công trình xây dựng)
87998,HHK,quan-ly-va-khai-thac-cang-hk,X54,Điểm học bạ,2025,23.88,Quản lý và khai thác cảng HK (Ngành: CNKT Công trình xây dựng)
87999,HHK,quan-ly-va-khai-thac-cang-hk,A00,Điểm thi THPT,2025,20.0,Quản lý và khai thác cảng HK (Ngành: CNKT Công trình xây dựng)
88000,HHK,quan-ly-va-khai-thac-cang-hk,A01,Điểm thi THPT,2025,20.0,Quản lý và khai thác cảng HK (Ngành: CNKT Công trình xây dựng)
88001,HHK,quan-ly-va-khai-thac-cang-hk,A02,Điểm thi THPT,2025,20.0,Quản lý và khai thác cảng HK (Ngành: CNKT Công trình xây dựng)
88002,HHK,quan-ly-va-khai-thac-cang-hk,A03,Điểm thi THPT,2025,20.0,Quản lý và khai thác cảng HK (Ngành: CNKT Công trình xây dựng)
88003,HHK,quan-ly-va-khai-thac-cang-hk,A04,Điểm thi THPT,2025,20.0,Quản lý và khai thác cảng HK (Ngành: CNKT Công trình xây dựng)
88004,HHK,quan-ly-va-khai-thac-cang-hk,A05,Điểm thi THPT,2025,20.0,Quản lý và khai thác cảng HK (Ngành: CNKT Công trình xây dựng)
88005,HHK,quan-ly-va-khai-thac-cang-hk,A06,Điểm thi THPT,2025,20.0,Quản lý và khai thác cảng HK (Ngành: CNKT Công trình xây dựng)
88006,HHK,quan-ly-va-khai-thac-cang-hk,A07,Điểm thi THPT,2025,20.0,Quản lý và khai thác cảng HK (Ngành: CNKT Công trình xây dựng)
88007,HHK,quan-ly-va-khai-thac-cang-hk,B00,Điểm thi THPT,2025,20.0,Quản lý và khai thác cảng HK (Ngành: CNKT Công trình xây dựng)
88008,HHK,quan-ly-va-khai-thac-cang-hk,B01,Điểm thi THPT,2025,20.0,Quản lý và khai thác cảng HK (Ngành: CNKT Công trình xây dựng)
88009,HHK,quan-ly-va-khai-thac-cang-hk,B02,Điểm thi THPT,2025,20.0,Quản lý và khai thác cảng HK (Ngành: CNKT Công trình xây dựng)
88010,HHK,quan-ly-va-khai-thac-cang-hk,B03,Điểm thi THPT,2025,20.0,Quản lý và khai thác cảng HK (Ngành: CNKT Công trình xây dựng)
88011,HHK,quan-ly-va-khai-thac-cang-hk,B08,Điểm thi THPT,2025,20.0,Quản lý và khai thác cảng HK (Ngành: CNKT Công trình xây dựng)
88012,HHK,quan-ly-va-khai-thac-cang-hk,C01,Điểm thi THPT,2025,20.0,Quản lý và khai thác cảng HK (Ngành: CNKT Công trình xây dựng)
88013,HHK,quan-ly-va-khai-thac-cang-hk,C02,Điểm thi THPT,2025,20.0,Quản lý và khai thác cảng HK (Ngành: CNKT Công trình xây dựng)
88014,HHK,quan-ly-va-khai-thac-cang-hk,C03,Điểm thi THPT,2025,20.0,Quản lý và khai thác cảng HK (Ngành: CNKT Công trình xây dựng)
88015,HHK,quan-ly-va-khai-thac-cang-hk,C04,Điểm thi THPT,2025,20.0,Quản lý và khai thác cảng HK (Ngành: CNKT Công trình xây dựng)
88016,HHK,quan-ly-va-khai-thac-cang-hk,D01,Điểm thi THPT,2025,20.0,Quản lý và khai thác cảng HK (Ngành: CNKT Công trình xây dựng)
88017,HHK,quan-ly-va-khai-thac-cang-hk,D07,Điểm thi THPT,2025,20.0,Quản lý và khai thác cảng HK (Ngành: CNKT Công trình xây dựng)
88018,HHK,quan-ly-va-khai-thac-cang-hk,D09,Điểm thi THPT,2025,20.0,Quản lý và khai thác cảng HK (Ngành: CNKT Công trình xây dựng)
88019,HHK,quan-ly-va-khai-thac-cang-hk,D10,Điểm thi THPT,2025,20.0,Quản lý và khai thác cảng HK (Ngành: CNKT Công trình xây dựng)
88020,HHK,quan-ly-va-khai-thac-cang-hk,X01,Điểm thi THPT,2025,20.0,Quản lý và khai thác cảng HK (Ngành: CNKT Công trình xây dựng)
88021,HHK,quan-ly-va-khai-thac-cang-hk,X02,Điểm thi THPT,2025,20.0,Quản lý và khai thác cảng HK (Ngành: CNKT Công trình xây dựng)
88022,HHK,quan-ly-va-khai-thac-cang-hk,X03,Điểm thi THPT,2025,20.0,Quản lý và khai thác cảng HK (Ngành: CNKT Công trình xây dựng)
88023,HHK,quan-ly-va-khai-thac-cang-hk,X04,Điểm thi THPT,2025,20.0,Quản lý và khai thác cảng HK (Ngành: CNKT Công trình xây dựng)
88024,HHK,quan-ly-va-khai-thac-cang-hk,X05,Điểm thi THPT,2025,20.0,Quản lý và khai thác cảng HK (Ngành: CNKT Công trình xây dựng)
88025,HHK,quan-ly-va-khai-thac-cang-hk,X06,Điểm thi THPT,2025,20.0,Quản lý và khai thác cảng HK (Ngành: CNKT Công trình xây dựng)
88026,HHK,quan-ly-va-khai-thac-cang-hk,X07,Điểm thi THPT,2025,20.0,Quản lý và khai thác cảng HK (Ngành: CNKT Công trình xây dựng)
88027,HHK,quan-ly-va-khai-thac-cang-hk,X08,Điểm thi THPT,2025,20.0,Quản lý và khai thác cảng HK (Ngành: CNKT Công trình xây dựng)
88028,HHK,quan-ly-va-khai-thac-cang-hk,X09,Điểm thi THPT,2025,20.0,Quản lý và khai thác cảng HK (Ngành: CNKT Công trình xây dựng)
88029,HHK,quan-ly-va-khai-thac-cang-hk,X10,Điểm thi THPT,2025,20.0,Quản lý và khai thác cảng HK (Ngành: CNKT Công trình xây dựng)
88030,HHK,quan-ly-va-khai-thac-cang-hk,X11,Điểm thi THPT,2025,20.0,Quản lý và khai thác cảng HK (Ngành: CNKT Công trình xây dựng)
88031,HHK,quan-ly-va-khai-thac-cang-hk,X12,Điểm thi THPT,2025,20.0,Quản lý và khai thác cảng HK (Ngành: CNKT Công trình xây dựng)
88032,HHK,quan-ly-va-khai-thac-cang-hk,X13,Điểm thi THPT,2025,20.0,Quản lý và khai thác cảng HK (Ngành: CNKT Công trình xây dựng)
88033,HHK,quan-ly-va-khai-thac-cang-hk,X14,Điểm thi THPT,2025,20.0,Quản lý và khai thác cảng HK (Ngành: CNKT Công trình xây dựng)
88034,HHK,quan-ly-va-khai-thac-cang-hk,X15,Điểm thi THPT,2025,20.0,Quản lý và khai thác cảng HK (Ngành: CNKT Công trình xây dựng)
88035,HHK,quan-ly-va-khai-thac-cang-hk,X16,Điểm thi THPT,2025,20.0,Quản lý và khai thác cảng HK (Ngành: CNKT Công trình xây dựng)
88036,HHK,quan-ly-va-khai-thac-cang-hk,X17,Điểm thi THPT,2025,20.0,Quản lý và khai thác cảng HK (Ngành: CNKT Công trình xây dựng)
88037,HHK,quan-ly-va-khai-thac-cang-hk,X18,Điểm thi THPT,2025,20.0,Quản lý và khai thác cảng HK (Ngành: CNKT Công trình xây dựng)
88038,HHK,quan-ly-va-khai-thac-cang-hk,X19,Điểm thi THPT,2025,20.0,Quản lý và khai thác cảng HK (Ngành: CNKT Công trình xây dựng)
88039,HHK,quan-ly-va-khai-thac-cang-hk,X20,Điểm thi THPT,2025,20.0,Quản lý và khai thác cảng HK (Ngành: CNKT Công trình xây dựng)
88040,HHK,quan-ly-va-khai-thac-cang-hk,X21,Điểm thi THPT,2025,20.0,Quản lý và khai thác cảng HK (Ngành: CNKT Công trình xây dựng)
88041,HHK,quan-ly-va-khai-thac-cang-hk,X22,Điểm thi THPT,2025,20.0,Quản lý và khai thác cảng HK (Ngành: CNKT Công trình xây dựng)
88042,HHK,quan-ly-va-khai-thac-cang-hk,X23,Điểm thi THPT,2025,20.0,Quản lý và khai thác cảng HK (Ngành: CNKT Công trình xây dựng)
88043,HHK,quan-ly-va-khai-thac-cang-hk,X24,Điểm thi THPT,2025,20.0,Quản lý và khai thác cảng HK (Ngành: CNKT Công trình xây dựng)
88044,HHK,quan-ly-va-khai-thac-cang-hk,X25,Điểm thi THPT,2025,20.0,Quản lý và khai thác cảng HK (Ngành: CNKT Công trình xây dựng)
88045,HHK,quan-ly-va-khai-thac-cang-hk,X26,Điểm thi THPT,2025,20.0,Quản lý và khai thác cảng HK (Ngành: CNKT Công trình xây dựng)
88046,HHK,quan-ly-va-khai-thac-cang-hk,X27,Điểm thi THPT,2025,20.0,Quản lý và khai thác cảng HK (Ngành: CNKT Công trình xây dựng)
88047,HHK,quan-ly-va-khai-thac-cang-hk,X28,Điểm thi THPT,2025,20.0,Quản lý và khai thác cảng HK (Ngành: CNKT Công trình xây dựng)
88048,HHK,quan-ly-va-khai-thac-cang-hk,X53,Điểm thi THPT,2025,20.0,Quản lý và khai thác cảng HK (Ngành: CNKT Công trình xây dựng)
88049,HHK,quan-ly-va-khai-thac-cang-hk,X54,Điểm thi THPT,2025,20.0,Quản lý và khai thác cảng HK (Ngành: CNKT Công trình xây dựng)
88050,HHK,quan-tri-dich-vu-du-lich-va-lu-hanh,A01,Điểm học bạ,2022,25.0,Quản trị dịch vụ du lịch và lữ hành
88051,HHK,quan-tri-dich-vu-du-lich-va-lu-hanh,D01,Điểm học bạ,2022,25.0,Quản trị dịch vụ du lịch và lữ hành
88052,HHK,quan-tri-dich-vu-du-lich-va-lu-hanh,D78,Điểm học bạ,2022,25.0,Quản trị dịch vụ du lịch và lữ hành
88053,HHK,quan-tri-dich-vu-du-lich-va-lu-hanh,D96,Điểm học bạ,2022,25.0,Quản trị dịch vụ du lịch và lữ hành
88054,HHK,quan-tri-dich-vu-du-lich-va-lu-hanh,A01,Điểm thi THPT,2022,19.0,Quản trị dịch vụ du lịch và lữ hành
88055,HHK,quan-tri-dich-vu-du-lich-va-lu-hanh,D01,Điểm thi THPT,2022,19.0,Quản trị dịch vụ du lịch và lữ hành
88056,HHK,quan-tri-dich-vu-du-lich-va-lu-hanh,D78,Điểm thi THPT,2022,19.0,Quản trị dịch vụ du lịch và lữ hành
88057,HHK,quan-tri-dich-vu-du-lich-va-lu-hanh,D96,Điểm thi THPT,2022,19.0,Quản trị dịch vụ du lịch và lữ hành
88058,HHK,quan-tri-dich-vu-du-lich-va-lu-hanh,A01,Điểm học bạ,2023,25.5,Quản trị dịch vụ du lịch và lữ hành
88059,HHK,quan-tri-dich-vu-du-lich-va-lu-hanh,D01,Điểm học bạ,2023,25.5,Quản trị dịch vụ du lịch và lữ hành
88060,HHK,quan-tri-dich-vu-du-lich-va-lu-hanh,D14,Điểm học bạ,2023,25.5,Quản trị dịch vụ du lịch và lữ hành
88061,HHK,quan-tri-dich-vu-du-lich-va-lu-hanh,D15,Điểm học bạ,2023,25.5,Quản trị dịch vụ du lịch và lữ hành
88062,HHK,quan-tri-dich-vu-du-lich-va-lu-hanh,A01,Điểm thi THPT,2023,21.0,Quản trị dịch vụ du lịch và lữ hành
88063,HHK,quan-tri-dich-vu-du-lich-va-lu-hanh,D01,Điểm thi THPT,2023,21.0,Quản trị dịch vụ du lịch và lữ hành
88064,HHK,quan-tri-dich-vu-du-lich-va-lu-hanh,D14,Điểm thi THPT,2023,21.0,Quản trị dịch vụ du lịch và lữ hành
88065,HHK,quan-tri-dich-vu-du-lich-va-lu-hanh,D15,Điểm thi THPT,2023,21.0,Quản trị dịch vụ du lịch và lữ hành
88066,HHK,quan-tri-dich-vu-du-lich-va-lu-hanh,A01,Điểm học bạ,2024,20.0,Quản trị dịch vụ du lịch và lữ hành (CN: Quản trị lữ hành; CN: Quản trị nhà hàng khách sạn)
88067,HHK,quan-tri-dich-vu-du-lich-va-lu-hanh,D01,Điểm học bạ,2024,20.0,Quản trị dịch vụ du lịch và lữ hành (CN: Quản trị lữ hành; CN: Quản trị nhà hàng khách sạn)
88068,HHK,quan-tri-dich-vu-du-lich-va-lu-hanh,D14,Điểm học bạ,2024,20.0,Quản trị dịch vụ du lịch và lữ hành (CN: Quản trị lữ hành; CN: Quản trị nhà hàng khách sạn)
88069,HHK,quan-tri-dich-vu-du-lich-va-lu-hanh,D15,Điểm học bạ,2024,20.0,Quản trị dịch vụ du lịch và lữ hành (CN: Quản trị lữ hành; CN: Quản trị nhà hàng khách sạn)
88070,HHK,quan-tri-dich-vu-du-lich-va-lu-hanh,A01,Điểm thi THPT,2024,22.0,Quản trị dịch vụ du lịch và lữ hành
88071,HHK,quan-tri-dich-vu-du-lich-va-lu-hanh,D01,Điểm thi THPT,2024,22.0,Quản trị dịch vụ du lịch và lữ hành
88072,HHK,quan-tri-dich-vu-du-lich-va-lu-hanh,D14,Điểm thi THPT,2024,22.0,Quản trị dịch vụ du lịch và lữ hành
88073,HHK,quan-tri-dich-vu-du-lich-va-lu-hanh,D15,Điểm thi THPT,2024,22.0,Quản trị dịch vụ du lịch và lữ hành
88074,HHK,quan-tri-dich-vu-thuong-mai-hang-khong,A00,Điểm học bạ,2025,26.59,Quản trị dịch vụ thương mại hàng không
88075,HHK,quan-tri-dich-vu-thuong-mai-hang-khong,A01,Điểm học bạ,2025,26.59,Quản trị dịch vụ thương mại hàng không
88076,HHK,quan-tri-dich-vu-thuong-mai-hang-khong,A02,Điểm học bạ,2025,26.59,Quản trị dịch vụ thương mại hàng không
88077,HHK,quan-tri-dich-vu-thuong-mai-hang-khong,A03,Điểm học bạ,2025,26.59,Quản trị dịch vụ thương mại hàng không
88078,HHK,quan-tri-dich-vu-thuong-mai-hang-khong,A04,Điểm học bạ,2025,26.59,Quản trị dịch vụ thương mại hàng không
88079,HHK,quan-tri-dich-vu-thuong-mai-hang-khong,A05,Điểm học bạ,2025,26.59,Quản trị dịch vụ thương mại hàng không
88080,HHK,quan-tri-dich-vu-thuong-mai-hang-khong,A06,Điểm học bạ,2025,26.59,Quản trị dịch vụ thương mại hàng không
88081,HHK,quan-tri-dich-vu-thuong-mai-hang-khong,A07,Điểm học bạ,2025,26.59,Quản trị dịch vụ thương mại hàng không
88082,HHK,quan-tri-dich-vu-thuong-mai-hang-khong,B00,Điểm học bạ,2025,26.59,Quản trị dịch vụ thương mại hàng không
88083,HHK,quan-tri-dich-vu-thuong-mai-hang-khong,B01,Điểm học bạ,2025,26.59,Quản trị dịch vụ thương mại hàng không
88084,HHK,quan-tri-dich-vu-thuong-mai-hang-khong,B02,Điểm học bạ,2025,26.59,Quản trị dịch vụ thương mại hàng không
88085,HHK,quan-tri-dich-vu-thuong-mai-hang-khong,B03,Điểm học bạ,2025,26.59,Quản trị dịch vụ thương mại hàng không
88086,HHK,quan-tri-dich-vu-thuong-mai-hang-khong,B08,Điểm học bạ,2025,26.59,Quản trị dịch vụ thương mại hàng không
88087,HHK,quan-tri-dich-vu-thuong-mai-hang-khong,C00,Điểm học bạ,2025,26.59,Quản trị dịch vụ thương mại hàng không
88088,HHK,quan-tri-dich-vu-thuong-mai-hang-khong,C01,Điểm học bạ,2025,26.59,Quản trị dịch vụ thương mại hàng không
88089,HHK,quan-tri-dich-vu-thuong-mai-hang-khong,C02,Điểm học bạ,2025,26.59,Quản trị dịch vụ thương mại hàng không
88090,HHK,quan-tri-dich-vu-thuong-mai-hang-khong,C03,Điểm học bạ,2025,26.59,Quản trị dịch vụ thương mại hàng không
88091,HHK,quan-tri-dich-vu-thuong-mai-hang-khong,C04,Điểm học bạ,2025,26.59,Quản trị dịch vụ thương mại hàng không
88092,HHK,quan-tri-dich-vu-thuong-mai-hang-khong,C05,Điểm học bạ,2025,26.59,Quản trị dịch vụ thương mại hàng không
88093,HHK,quan-tri-dich-vu-thuong-mai-hang-khong,C06,Điểm học bạ,2025,26.59,Quản trị dịch vụ thương mại hàng không
88094,HHK,quan-tri-dich-vu-thuong-mai-hang-khong,C07,Điểm học bạ,2025,26.59,Quản trị dịch vụ thương mại hàng không
88095,HHK,quan-tri-dich-vu-thuong-mai-hang-khong,C08,Điểm học bạ,2025,26.59,Quản trị dịch vụ thương mại hàng không
88096,HHK,quan-tri-dich-vu-thuong-mai-hang-khong,C09,Điểm học bạ,2025,26.59,Quản trị dịch vụ thương mại hàng không
88097,HHK,quan-tri-dich-vu-thuong-mai-hang-khong,C10,Điểm học bạ,2025,26.59,Quản trị dịch vụ thương mại hàng không
88098,HHK,quan-tri-dich-vu-thuong-mai-hang-khong,C11,Điểm học bạ,2025,26.59,Quản trị dịch vụ thương mại hàng không
88099,HHK,quan-tri-dich-vu-thuong-mai-hang-khong,C12,Điểm học bạ,2025,26.59,Quản trị dịch vụ thương mại hàng không
88100,HHK,quan-tri-dich-vu-thuong-mai-hang-khong,C13,Điểm học bạ,2025,26.59,Quản trị dịch vụ thương mại hàng không
88101,HHK,quan-tri-dich-vu-thuong-mai-hang-khong,D01,Điểm học bạ,2025,26.59,Quản trị dịch vụ thương mại hàng không
88102,HHK,quan-tri-dich-vu-thuong-mai-hang-khong,D07,Điểm học bạ,2025,26.59,Quản trị dịch vụ thương mại hàng không
88103,HHK,quan-tri-dich-vu-thuong-mai-hang-khong,D09,Điểm học bạ,2025,26.59,Quản trị dịch vụ thương mại hàng không
88104,HHK,quan-tri-dich-vu-thuong-mai-hang-khong,D10,Điểm học bạ,2025,26.59,Quản trị dịch vụ thương mại hàng không
88105,HHK,quan-tri-dich-vu-thuong-mai-hang-khong,D11,Điểm học bạ,2025,26.59,Quản trị dịch vụ thương mại hàng không
88106,HHK,quan-tri-dich-vu-thuong-mai-hang-khong,D12,Điểm học bạ,2025,26.59,Quản trị dịch vụ thương mại hàng không
88107,HHK,quan-tri-dich-vu-thuong-mai-hang-khong,D13,Điểm học bạ,2025,26.59,Quản trị dịch vụ thương mại hàng không
88108,HHK,quan-tri-dich-vu-thuong-mai-hang-khong,D14,Điểm học bạ,2025,26.59,Quản trị dịch vụ thương mại hàng không
88109,HHK,quan-tri-dich-vu-thuong-mai-hang-khong,D15,Điểm học bạ,2025,26.59,Quản trị dịch vụ thương mại hàng không
88110,HHK,quan-tri-dich-vu-thuong-mai-hang-khong,X01,Điểm học bạ,2025,26.59,Quản trị dịch vụ thương mại hàng không
88111,HHK,quan-tri-dich-vu-thuong-mai-hang-khong,X02,Điểm học bạ,2025,26.59,Quản trị dịch vụ thương mại hàng không
88112,HHK,quan-tri-dich-vu-thuong-mai-hang-khong,X03,Điểm học bạ,2025,26.59,Quản trị dịch vụ thương mại hàng không
88113,HHK,quan-tri-dich-vu-thuong-mai-hang-khong,X04,Điểm học bạ,2025,26.59,Quản trị dịch vụ thương mại hàng không
88114,HHK,quan-tri-dich-vu-thuong-mai-hang-khong,X05,Điểm học bạ,2025,26.59,Quản trị dịch vụ thương mại hàng không
88115,HHK,quan-tri-dich-vu-thuong-mai-hang-khong,X06,Điểm học bạ,2025,26.59,Quản trị dịch vụ thương mại hàng không
88116,HHK,quan-tri-dich-vu-thuong-mai-hang-khong,X07,Điểm học bạ,2025,26.59,Quản trị dịch vụ thương mại hàng không
88117,HHK,quan-tri-dich-vu-thuong-mai-hang-khong,X08,Điểm học bạ,2025,26.59,Quản trị dịch vụ thương mại hàng không
88118,HHK,quan-tri-dich-vu-thuong-mai-hang-khong,X09,Điểm học bạ,2025,26.59,Quản trị dịch vụ thương mại hàng không
88119,HHK,quan-tri-dich-vu-thuong-mai-hang-khong,X10,Điểm học bạ,2025,26.59,Quản trị dịch vụ thương mại hàng không
88120,HHK,quan-tri-dich-vu-thuong-mai-hang-khong,X11,Điểm học bạ,2025,26.59,Quản trị dịch vụ thương mại hàng không
88121,HHK,quan-tri-dich-vu-thuong-mai-hang-khong,X12,Điểm học bạ,2025,26.59,Quản trị dịch vụ thương mại hàng không
88122,HHK,quan-tri-dich-vu-thuong-mai-hang-khong,X13,Điểm học bạ,2025,26.59,Quản trị dịch vụ thương mại hàng không
88123,HHK,quan-tri-dich-vu-thuong-mai-hang-khong,X14,Điểm học bạ,2025,26.59,Quản trị dịch vụ thương mại hàng không
88124,HHK,quan-tri-dich-vu-thuong-mai-hang-khong,X15,Điểm học bạ,2025,26.59,Quản trị dịch vụ thương mại hàng không
88125,HHK,quan-tri-dich-vu-thuong-mai-hang-khong,A00,Điểm thi THPT,2025,23.5,Quản trị dịch vụ thương mại hàng không
88126,HHK,quan-tri-dich-vu-thuong-mai-hang-khong,A01,Điểm thi THPT,2025,23.5,Quản trị dịch vụ thương mại hàng không
88127,HHK,quan-tri-dich-vu-thuong-mai-hang-khong,A02,Điểm thi THPT,2025,23.5,Quản trị dịch vụ thương mại hàng không
88128,HHK,quan-tri-dich-vu-thuong-mai-hang-khong,A03,Điểm thi THPT,2025,23.5,Quản trị dịch vụ thương mại hàng không
88129,HHK,quan-tri-dich-vu-thuong-mai-hang-khong,A04,Điểm thi THPT,2025,23.5,Quản trị dịch vụ thương mại hàng không
88130,HHK,quan-tri-dich-vu-thuong-mai-hang-khong,A05,Điểm thi THPT,2025,23.5,Quản trị dịch vụ thương mại hàng không
88131,HHK,quan-tri-dich-vu-thuong-mai-hang-khong,A06,Điểm thi THPT,2025,23.5,Quản trị dịch vụ thương mại hàng không
88132,HHK,quan-tri-dich-vu-thuong-mai-hang-khong,A07,Điểm thi THPT,2025,23.5,Quản trị dịch vụ thương mại hàng không
88133,HHK,quan-tri-dich-vu-thuong-mai-hang-khong,B00,Điểm thi THPT,2025,23.5,Quản trị dịch vụ thương mại hàng không
88134,HHK,quan-tri-dich-vu-thuong-mai-hang-khong,B01,Điểm thi THPT,2025,23.5,Quản trị dịch vụ thương mại hàng không
88135,HHK,quan-tri-dich-vu-thuong-mai-hang-khong,B02,Điểm thi THPT,2025,23.5,Quản trị dịch vụ thương mại hàng không
88136,HHK,quan-tri-dich-vu-thuong-mai-hang-khong,B03,Điểm thi THPT,2025,23.5,Quản trị dịch vụ thương mại hàng không
88137,HHK,quan-tri-dich-vu-thuong-mai-hang-khong,B08,Điểm thi THPT,2025,23.5,Quản trị dịch vụ thương mại hàng không
88138,HHK,quan-tri-dich-vu-thuong-mai-hang-khong,C00,Điểm thi THPT,2025,23.5,Quản trị dịch vụ thương mại hàng không
88139,HHK,quan-tri-dich-vu-thuong-mai-hang-khong,C01,Điểm thi THPT,2025,23.5,Quản trị dịch vụ thương mại hàng không
88140,HHK,quan-tri-dich-vu-thuong-mai-hang-khong,C02,Điểm thi THPT,2025,23.5,Quản trị dịch vụ thương mại hàng không
88141,HHK,quan-tri-dich-vu-thuong-mai-hang-khong,C03,Điểm thi THPT,2025,23.5,Quản trị dịch vụ thương mại hàng không
88142,HHK,quan-tri-dich-vu-thuong-mai-hang-khong,C04,Điểm thi THPT,2025,23.5,Quản trị dịch vụ thương mại hàng không
88143,HHK,quan-tri-dich-vu-thuong-mai-hang-khong,C05,Điểm thi THPT,2025,23.5,Quản trị dịch vụ thương mại hàng không
88144,HHK,quan-tri-dich-vu-thuong-mai-hang-khong,C06,Điểm thi THPT,2025,23.5,Quản trị dịch vụ thương mại hàng không
88145,HHK,quan-tri-dich-vu-thuong-mai-hang-khong,C07,Điểm thi THPT,2025,23.5,Quản trị dịch vụ thương mại hàng không
88146,HHK,quan-tri-dich-vu-thuong-mai-hang-khong,C08,Điểm thi THPT,2025,23.5,Quản trị dịch vụ thương mại hàng không
88147,HHK,quan-tri-dich-vu-thuong-mai-hang-khong,C09,Điểm thi THPT,2025,23.5,Quản trị dịch vụ thương mại hàng không
88148,HHK,quan-tri-dich-vu-thuong-mai-hang-khong,C10,Điểm thi THPT,2025,23.5,Quản trị dịch vụ thương mại hàng không
88149,HHK,quan-tri-dich-vu-thuong-mai-hang-khong,C11,Điểm thi THPT,2025,23.5,Quản trị dịch vụ thương mại hàng không
88150,HHK,quan-tri-dich-vu-thuong-mai-hang-khong,C12,Điểm thi THPT,2025,23.5,Quản trị dịch vụ thương mại hàng không
88151,HHK,quan-tri-dich-vu-thuong-mai-hang-khong,C13,Điểm thi THPT,2025,23.5,Quản trị dịch vụ thương mại hàng không
88152,HHK,quan-tri-dich-vu-thuong-mai-hang-khong,D01,Điểm thi THPT,2025,23.5,Quản trị dịch vụ thương mại hàng không
88153,HHK,quan-tri-dich-vu-thuong-mai-hang-khong,D07,Điểm thi THPT,2025,23.5,Quản trị dịch vụ thương mại hàng không
88154,HHK,quan-tri-dich-vu-thuong-mai-hang-khong,D09,Điểm thi THPT,2025,23.5,Quản trị dịch vụ thương mại hàng không
88155,HHK,quan-tri-dich-vu-thuong-mai-hang-khong,D10,Điểm thi THPT,2025,23.5,Quản trị dịch vụ thương mại hàng không
88156,HHK,quan-tri-dich-vu-thuong-mai-hang-khong,D11,Điểm thi THPT,2025,23.5,Quản trị dịch vụ thương mại hàng không
88157,HHK,quan-tri-dich-vu-thuong-mai-hang-khong,D12,Điểm thi THPT,2025,23.5,Quản trị dịch vụ thương mại hàng không
88158,HHK,quan-tri-dich-vu-thuong-mai-hang-khong,D13,Điểm thi THPT,2025,23.5,Quản trị dịch vụ thương mại hàng không
88159,HHK,quan-tri-dich-vu-thuong-mai-hang-khong,D14,Điểm thi THPT,2025,23.5,Quản trị dịch vụ thương mại hàng không
88160,HHK,quan-tri-dich-vu-thuong-mai-hang-khong,D15,Điểm thi THPT,2025,23.5,Quản trị dịch vụ thương mại hàng không
88161,HHK,quan-tri-dich-vu-thuong-mai-hang-khong,X01,Điểm thi THPT,2025,23.5,Quản trị dịch vụ thương mại hàng không
88162,HHK,quan-tri-dich-vu-thuong-mai-hang-khong,X02,Điểm thi THPT,2025,23.5,Quản trị dịch vụ thương mại hàng không
88163,HHK,quan-tri-dich-vu-thuong-mai-hang-khong,X03,Điểm thi THPT,2025,23.5,Quản trị dịch vụ thương mại hàng không
88164,HHK,quan-tri-dich-vu-thuong-mai-hang-khong,X04,Điểm thi THPT,2025,23.5,Quản trị dịch vụ thương mại hàng không
88165,HHK,quan-tri-dich-vu-thuong-mai-hang-khong,X05,Điểm thi THPT,2025,23.5,Quản trị dịch vụ thương mại hàng không
88166,HHK,quan-tri-dich-vu-thuong-mai-hang-khong,X06,Điểm thi THPT,2025,23.5,Quản trị dịch vụ thương mại hàng không
88167,HHK,quan-tri-dich-vu-thuong-mai-hang-khong,X07,Điểm thi THPT,2025,23.5,Quản trị dịch vụ thương mại hàng không
88168,HHK,quan-tri-dich-vu-thuong-mai-hang-khong,X08,Điểm thi THPT,2025,23.5,Quản trị dịch vụ thương mại hàng không
88169,HHK,quan-tri-dich-vu-thuong-mai-hang-khong,X09,Điểm thi THPT,2025,23.5,Quản trị dịch vụ thương mại hàng không
88170,HHK,quan-tri-dich-vu-thuong-mai-hang-khong,X10,Điểm thi THPT,2025,23.5,Quản trị dịch vụ thương mại hàng không
88171,HHK,quan-tri-dich-vu-thuong-mai-hang-khong,X11,Điểm thi THPT,2025,23.5,Quản trị dịch vụ thương mại hàng không
88172,HHK,quan-tri-dich-vu-thuong-mai-hang-khong,X12,Điểm thi THPT,2025,23.5,Quản trị dịch vụ thương mại hàng không
88173,HHK,quan-tri-dich-vu-thuong-mai-hang-khong,X13,Điểm thi THPT,2025,23.5,Quản trị dịch vụ thương mại hàng không
88174,HHK,quan-tri-dich-vu-thuong-mai-hang-khong,X14,Điểm thi THPT,2025,23.5,Quản trị dịch vụ thương mại hàng không
88175,HHK,quan-tri-dich-vu-thuong-mai-hang-khong,X15,Điểm thi THPT,2025,23.5,Quản trị dịch vụ thương mại hàng không
88176,HHK,quan-tri-hang-khong,A01,Điểm học bạ,2025,24.81,Quản trị Hàng không (học bằng Tiếng Anh)
88177,HHK,quan-tri-hang-khong,B08,Điểm học bạ,2025,24.81,Quản trị Hàng không (học bằng Tiếng Anh)
88178,HHK,quan-tri-hang-khong,D01,Điểm học bạ,2025,24.81,Quản trị Hàng không (học bằng Tiếng Anh)
88179,HHK,quan-tri-hang-khong,D07,Điểm học bạ,2025,24.81,Quản trị Hàng không (học bằng Tiếng Anh)
88180,HHK,quan-tri-hang-khong,D09,Điểm học bạ,2025,24.81,Quản trị Hàng không (học bằng Tiếng Anh)
88181,HHK,quan-tri-hang-khong,D10,Điểm học bạ,2025,24.81,Quản trị Hàng không (học bằng Tiếng Anh)
88182,HHK,quan-tri-hang-khong,D11,Điểm học bạ,2025,24.81,Quản trị Hàng không (học bằng Tiếng Anh)
88183,HHK,quan-tri-hang-khong,D12,Điểm học bạ,2025,24.81,Quản trị Hàng không (học bằng Tiếng Anh)
88184,HHK,quan-tri-hang-khong,D13,Điểm học bạ,2025,24.81,Quản trị Hàng không (học bằng Tiếng Anh)
88185,HHK,quan-tri-hang-khong,D14,Điểm học bạ,2025,24.81,Quản trị Hàng không (học bằng Tiếng Anh)
88186,HHK,quan-tri-hang-khong,D15,Điểm học bạ,2025,24.81,Quản trị Hàng không (học bằng Tiếng Anh)
88187,HHK,quan-tri-hang-khong,X25,Điểm học bạ,2025,24.81,Quản trị Hàng không (học bằng Tiếng Anh)
88188,HHK,quan-tri-hang-khong,X26,Điểm học bạ,2025,24.81,Quản trị Hàng không (học bằng Tiếng Anh)
88189,HHK,quan-tri-hang-khong,X27,Điểm học bạ,2025,24.81,Quản trị Hàng không (học bằng Tiếng Anh)
88190,HHK,quan-tri-hang-khong,X28,Điểm học bạ,2025,24.81,Quản trị Hàng không (học bằng Tiếng Anh)
88191,HHK,quan-tri-hang-khong,X78,Điểm học bạ,2025,24.81,Quản trị Hàng không (học bằng Tiếng Anh)
88192,HHK,quan-tri-hang-khong,X79,Điểm học bạ,2025,24.81,Quản trị Hàng không (học bằng Tiếng Anh)
88193,HHK,quan-tri-hang-khong,X80,Điểm học bạ,2025,24.81,Quản trị Hàng không (học bằng Tiếng Anh)
88194,HHK,quan-tri-hang-khong,X81,Điểm học bạ,2025,24.81,Quản trị Hàng không (học bằng Tiếng Anh)
88195,HHK,quan-tri-hang-khong,A01,Điểm thi THPT,2025,21.0,Quản trị Hàng không (học bằng Tiếng Anh)
88196,HHK,quan-tri-hang-khong,B08,Điểm thi THPT,2025,21.0,Quản trị Hàng không (học bằng Tiếng Anh)
88197,HHK,quan-tri-hang-khong,D01,Điểm thi THPT,2025,21.0,Quản trị Hàng không (học bằng Tiếng Anh)
88198,HHK,quan-tri-hang-khong,D07,Điểm thi THPT,2025,21.0,Quản trị Hàng không (học bằng Tiếng Anh)
88199,HHK,quan-tri-hang-khong,D09,Điểm thi THPT,2025,21.0,Quản trị Hàng không (học bằng Tiếng Anh)
88200,HHK,quan-tri-hang-khong,D10,Điểm thi THPT,2025,21.0,Quản trị Hàng không (học bằng Tiếng Anh)
88201,HHK,quan-tri-hang-khong,D11,Điểm thi THPT,2025,21.0,Quản trị Hàng không (học bằng Tiếng Anh)
88202,HHK,quan-tri-hang-khong,D12,Điểm thi THPT,2025,21.0,Quản trị Hàng không (học bằng Tiếng Anh)
88203,HHK,quan-tri-hang-khong,D13,Điểm thi THPT,2025,21.0,Quản trị Hàng không (học bằng Tiếng Anh)
88204,HHK,quan-tri-hang-khong,D14,Điểm thi THPT,2025,21.0,Quản trị Hàng không (học bằng Tiếng Anh)
88205,HHK,quan-tri-hang-khong,D15,Điểm thi THPT,2025,21.0,Quản trị Hàng không (học bằng Tiếng Anh)
88206,HHK,quan-tri-hang-khong,X25,Điểm thi THPT,2025,21.0,Quản trị Hàng không (học bằng Tiếng Anh)
88207,HHK,quan-tri-hang-khong,X26,Điểm thi THPT,2025,21.0,Quản trị Hàng không (học bằng Tiếng Anh)
88208,HHK,quan-tri-hang-khong,X27,Điểm thi THPT,2025,21.0,Quản trị Hàng không (học bằng Tiếng Anh)
88209,HHK,quan-tri-hang-khong,X28,Điểm thi THPT,2025,21.0,Quản trị Hàng không (học bằng Tiếng Anh)
88210,HHK,quan-tri-hang-khong,X78,Điểm thi THPT,2025,21.0,Quản trị Hàng không (học bằng Tiếng Anh)
88211,HHK,quan-tri-hang-khong,X79,Điểm thi THPT,2025,21.0,Quản trị Hàng không (học bằng Tiếng Anh)
88212,HHK,quan-tri-hang-khong,X80,Điểm thi THPT,2025,21.0,Quản trị Hàng không (học bằng Tiếng Anh)
88213,HHK,quan-tri-hang-khong,X81,Điểm thi THPT,2025,21.0,Quản trị Hàng không (học bằng Tiếng Anh)
88214,HHK,quan-tri-khach-san-nha-hang,A00,Điểm học bạ,2025,25.75,Quản trị khách sạn nhà hàng
88215,HHK,quan-tri-khach-san-nha-hang,A01,Điểm học bạ,2025,25.75,Quản trị khách sạn nhà hàng
88216,HHK,quan-tri-khach-san-nha-hang,A02,Điểm học bạ,2025,25.75,Quản trị khách sạn nhà hàng
88217,HHK,quan-tri-khach-san-nha-hang,A03,Điểm học bạ,2025,25.75,Quản trị khách sạn nhà hàng
88218,HHK,quan-tri-khach-san-nha-hang,A04,Điểm học bạ,2025,25.75,Quản trị khách sạn nhà hàng
88219,HHK,quan-tri-khach-san-nha-hang,A05,Điểm học bạ,2025,25.75,Quản trị khách sạn nhà hàng
88220,HHK,quan-tri-khach-san-nha-hang,A06,Điểm học bạ,2025,25.75,Quản trị khách sạn nhà hàng
88221,HHK,quan-tri-khach-san-nha-hang,A07,Điểm học bạ,2025,25.75,Quản trị khách sạn nhà hàng
88222,HHK,quan-tri-khach-san-nha-hang,B00,Điểm học bạ,2025,25.75,Quản trị khách sạn nhà hàng
88223,HHK,quan-tri-khach-san-nha-hang,B01,Điểm học bạ,2025,25.75,Quản trị khách sạn nhà hàng
88224,HHK,quan-tri-khach-san-nha-hang,B02,Điểm học bạ,2025,25.75,Quản trị khách sạn nhà hàng
88225,HHK,quan-tri-khach-san-nha-hang,B03,Điểm học bạ,2025,25.75,Quản trị khách sạn nhà hàng
88226,HHK,quan-tri-khach-san-nha-hang,B08,Điểm học bạ,2025,25.75,Quản trị khách sạn nhà hàng
88227,HHK,quan-tri-khach-san-nha-hang,C00,Điểm học bạ,2025,25.75,Quản trị khách sạn nhà hàng
88228,HHK,quan-tri-khach-san-nha-hang,C01,Điểm học bạ,2025,25.75,Quản trị khách sạn nhà hàng
88229,HHK,quan-tri-khach-san-nha-hang,C02,Điểm học bạ,2025,25.75,Quản trị khách sạn nhà hàng
88230,HHK,quan-tri-khach-san-nha-hang,C03,Điểm học bạ,2025,25.75,Quản trị khách sạn nhà hàng
88231,HHK,quan-tri-khach-san-nha-hang,C04,Điểm học bạ,2025,25.75,Quản trị khách sạn nhà hàng
88232,HHK,quan-tri-khach-san-nha-hang,C05,Điểm học bạ,2025,25.75,Quản trị khách sạn nhà hàng
88233,HHK,quan-tri-khach-san-nha-hang,C06,Điểm học bạ,2025,25.75,Quản trị khách sạn nhà hàng
88234,HHK,quan-tri-khach-san-nha-hang,C07,Điểm học bạ,2025,25.75,Quản trị khách sạn nhà hàng
88235,HHK,quan-tri-khach-san-nha-hang,C08,Điểm học bạ,2025,25.75,Quản trị khách sạn nhà hàng
88236,HHK,quan-tri-khach-san-nha-hang,C09,Điểm học bạ,2025,25.75,Quản trị khách sạn nhà hàng
88237,HHK,quan-tri-khach-san-nha-hang,C10,Điểm học bạ,2025,25.75,Quản trị khách sạn nhà hàng
88238,HHK,quan-tri-khach-san-nha-hang,C11,Điểm học bạ,2025,25.75,Quản trị khách sạn nhà hàng
88239,HHK,quan-tri-khach-san-nha-hang,C12,Điểm học bạ,2025,25.75,Quản trị khách sạn nhà hàng
88240,HHK,quan-tri-khach-san-nha-hang,C13,Điểm học bạ,2025,25.75,Quản trị khách sạn nhà hàng
88241,HHK,quan-tri-khach-san-nha-hang,D01,Điểm học bạ,2025,25.75,Quản trị khách sạn nhà hàng
88242,HHK,quan-tri-khach-san-nha-hang,D07,Điểm học bạ,2025,25.75,Quản trị khách sạn nhà hàng
88243,HHK,quan-tri-khach-san-nha-hang,D09,Điểm học bạ,2025,25.75,Quản trị khách sạn nhà hàng
88244,HHK,quan-tri-khach-san-nha-hang,D10,Điểm học bạ,2025,25.75,Quản trị khách sạn nhà hàng
88245,HHK,quan-tri-khach-san-nha-hang,D11,Điểm học bạ,2025,25.75,Quản trị khách sạn nhà hàng
88246,HHK,quan-tri-khach-san-nha-hang,D12,Điểm học bạ,2025,25.75,Quản trị khách sạn nhà hàng
88247,HHK,quan-tri-khach-san-nha-hang,D13,Điểm học bạ,2025,25.75,Quản trị khách sạn nhà hàng
88248,HHK,quan-tri-khach-san-nha-hang,D14,Điểm học bạ,2025,25.75,Quản trị khách sạn nhà hàng
88249,HHK,quan-tri-khach-san-nha-hang,D15,Điểm học bạ,2025,25.75,Quản trị khách sạn nhà hàng
88250,HHK,quan-tri-khach-san-nha-hang,X01,Điểm học bạ,2025,25.75,Quản trị khách sạn nhà hàng
88251,HHK,quan-tri-khach-san-nha-hang,X02,Điểm học bạ,2025,25.75,Quản trị khách sạn nhà hàng
88252,HHK,quan-tri-khach-san-nha-hang,X03,Điểm học bạ,2025,25.75,Quản trị khách sạn nhà hàng
88253,HHK,quan-tri-khach-san-nha-hang,X04,Điểm học bạ,2025,25.75,Quản trị khách sạn nhà hàng
88254,HHK,quan-tri-khach-san-nha-hang,X05,Điểm học bạ,2025,25.75,Quản trị khách sạn nhà hàng
88255,HHK,quan-tri-khach-san-nha-hang,X06,Điểm học bạ,2025,25.75,Quản trị khách sạn nhà hàng
88256,HHK,quan-tri-khach-san-nha-hang,X07,Điểm học bạ,2025,25.75,Quản trị khách sạn nhà hàng
88257,HHK,quan-tri-khach-san-nha-hang,X08,Điểm học bạ,2025,25.75,Quản trị khách sạn nhà hàng
88258,HHK,quan-tri-khach-san-nha-hang,X09,Điểm học bạ,2025,25.75,Quản trị khách sạn nhà hàng
88259,HHK,quan-tri-khach-san-nha-hang,X10,Điểm học bạ,2025,25.75,Quản trị khách sạn nhà hàng
88260,HHK,quan-tri-khach-san-nha-hang,X11,Điểm học bạ,2025,25.75,Quản trị khách sạn nhà hàng
88261,HHK,quan-tri-khach-san-nha-hang,X12,Điểm học bạ,2025,25.75,Quản trị khách sạn nhà hàng
88262,HHK,quan-tri-khach-san-nha-hang,X13,Điểm học bạ,2025,25.75,Quản trị khách sạn nhà hàng
88263,HHK,quan-tri-khach-san-nha-hang,X14,Điểm học bạ,2025,25.75,Quản trị khách sạn nhà hàng
88264,HHK,quan-tri-khach-san-nha-hang,X15,Điểm học bạ,2025,25.75,Quản trị khách sạn nhà hàng
88265,HHK,quan-tri-khach-san-nha-hang,A00,Điểm thi THPT,2025,22.0,Quản trị khách sạn nhà hàng
88266,HHK,quan-tri-khach-san-nha-hang,A01,Điểm thi THPT,2025,22.0,Quản trị khách sạn nhà hàng
88267,HHK,quan-tri-khach-san-nha-hang,A02,Điểm thi THPT,2025,22.0,Quản trị khách sạn nhà hàng
88268,HHK,quan-tri-khach-san-nha-hang,A03,Điểm thi THPT,2025,22.0,Quản trị khách sạn nhà hàng
88269,HHK,quan-tri-khach-san-nha-hang,A04,Điểm thi THPT,2025,22.0,Quản trị khách sạn nhà hàng
88270,HHK,quan-tri-khach-san-nha-hang,A05,Điểm thi THPT,2025,22.0,Quản trị khách sạn nhà hàng
88271,HHK,quan-tri-khach-san-nha-hang,A06,Điểm thi THPT,2025,22.0,Quản trị khách sạn nhà hàng
88272,HHK,quan-tri-khach-san-nha-hang,A07,Điểm thi THPT,2025,22.0,Quản trị khách sạn nhà hàng
88273,HHK,quan-tri-khach-san-nha-hang,B00,Điểm thi THPT,2025,22.0,Quản trị khách sạn nhà hàng
88274,HHK,quan-tri-khach-san-nha-hang,B01,Điểm thi THPT,2025,22.0,Quản trị khách sạn nhà hàng
88275,HHK,quan-tri-khach-san-nha-hang,B02,Điểm thi THPT,2025,22.0,Quản trị khách sạn nhà hàng
88276,HHK,quan-tri-khach-san-nha-hang,B03,Điểm thi THPT,2025,22.0,Quản trị khách sạn nhà hàng
88277,HHK,quan-tri-khach-san-nha-hang,B08,Điểm thi THPT,2025,22.0,Quản trị khách sạn nhà hàng
88278,HHK,quan-tri-khach-san-nha-hang,C00,Điểm thi THPT,2025,22.0,Quản trị khách sạn nhà hàng
88279,HHK,quan-tri-khach-san-nha-hang,C01,Điểm thi THPT,2025,22.0,Quản trị khách sạn nhà hàng
88280,HHK,quan-tri-khach-san-nha-hang,C02,Điểm thi THPT,2025,22.0,Quản trị khách sạn nhà hàng
88281,HHK,quan-tri-khach-san-nha-hang,C03,Điểm thi THPT,2025,22.0,Quản trị khách sạn nhà hàng
88282,HHK,quan-tri-khach-san-nha-hang,C04,Điểm thi THPT,2025,22.0,Quản trị khách sạn nhà hàng
88283,HHK,quan-tri-khach-san-nha-hang,C05,Điểm thi THPT,2025,22.0,Quản trị khách sạn nhà hàng
88284,HHK,quan-tri-khach-san-nha-hang,C06,Điểm thi THPT,2025,22.0,Quản trị khách sạn nhà hàng
88285,HHK,quan-tri-khach-san-nha-hang,C07,Điểm thi THPT,2025,22.0,Quản trị khách sạn nhà hàng
88286,HHK,quan-tri-khach-san-nha-hang,C08,Điểm thi THPT,2025,22.0,Quản trị khách sạn nhà hàng
88287,HHK,quan-tri-khach-san-nha-hang,C09,Điểm thi THPT,2025,22.0,Quản trị khách sạn nhà hàng
88288,HHK,quan-tri-khach-san-nha-hang,C10,Điểm thi THPT,2025,22.0,Quản trị khách sạn nhà hàng
88289,HHK,quan-tri-khach-san-nha-hang,C11,Điểm thi THPT,2025,22.0,Quản trị khách sạn nhà hàng
88290,HHK,quan-tri-khach-san-nha-hang,C12,Điểm thi THPT,2025,22.0,Quản trị khách sạn nhà hàng
88291,HHK,quan-tri-khach-san-nha-hang,C13,Điểm thi THPT,2025,22.0,Quản trị khách sạn nhà hàng
88292,HHK,quan-tri-khach-san-nha-hang,D01,Điểm thi THPT,2025,22.0,Quản trị khách sạn nhà hàng
88293,HHK,quan-tri-khach-san-nha-hang,D07,Điểm thi THPT,2025,22.0,Quản trị khách sạn nhà hàng
88294,HHK,quan-tri-khach-san-nha-hang,D09,Điểm thi THPT,2025,22.0,Quản trị khách sạn nhà hàng
88295,HHK,quan-tri-khach-san-nha-hang,D10,Điểm thi THPT,2025,22.0,Quản trị khách sạn nhà hàng
88296,HHK,quan-tri-khach-san-nha-hang,D11,Điểm thi THPT,2025,22.0,Quản trị khách sạn nhà hàng
88297,HHK,quan-tri-khach-san-nha-hang,D12,Điểm thi THPT,2025,22.0,Quản trị khách sạn nhà hàng
88298,HHK,quan-tri-khach-san-nha-hang,D13,Điểm thi THPT,2025,22.0,Quản trị khách sạn nhà hàng
88299,HHK,quan-tri-khach-san-nha-hang,D14,Điểm thi THPT,2025,22.0,Quản trị khách sạn nhà hàng
88300,HHK,quan-tri-khach-san-nha-hang,D15,Điểm thi THPT,2025,22.0,Quản trị khách sạn nhà hàng
88301,HHK,quan-tri-khach-san-nha-hang,X01,Điểm thi THPT,2025,22.0,Quản trị khách sạn nhà hàng
88302,HHK,quan-tri-khach-san-nha-hang,X02,Điểm thi THPT,2025,22.0,Quản trị khách sạn nhà hàng
88303,HHK,quan-tri-khach-san-nha-hang,X03,Điểm thi THPT,2025,22.0,Quản trị khách sạn nhà hàng
88304,HHK,quan-tri-khach-san-nha-hang,X04,Điểm thi THPT,2025,22.0,Quản trị khách sạn nhà hàng
88305,HHK,quan-tri-khach-san-nha-hang,X05,Điểm thi THPT,2025,22.0,Quản trị khách sạn nhà hàng
88306,HHK,quan-tri-khach-san-nha-hang,X06,Điểm thi THPT,2025,22.0,Quản trị khách sạn nhà hàng
88307,HHK,quan-tri-khach-san-nha-hang,X07,Điểm thi THPT,2025,22.0,Quản trị khách sạn nhà hàng
88308,HHK,quan-tri-khach-san-nha-hang,X08,Điểm thi THPT,2025,22.0,Quản trị khách sạn nhà hàng
88309,HHK,quan-tri-khach-san-nha-hang,X09,Điểm thi THPT,2025,22.0,Quản trị khách sạn nhà hàng
88310,HHK,quan-tri-khach-san-nha-hang,X10,Điểm thi THPT,2025,22.0,Quản trị khách sạn nhà hàng
88311,HHK,quan-tri-khach-san-nha-hang,X11,Điểm thi THPT,2025,22.0,Quản trị khách sạn nhà hàng
88312,HHK,quan-tri-khach-san-nha-hang,X12,Điểm thi THPT,2025,22.0,Quản trị khách sạn nhà hàng
88313,HHK,quan-tri-khach-san-nha-hang,X13,Điểm thi THPT,2025,22.0,Quản trị khách sạn nhà hàng
88314,HHK,quan-tri-khach-san-nha-hang,X14,Điểm thi THPT,2025,22.0,Quản trị khách sạn nhà hàng
88315,HHK,quan-tri-khach-san-nha-hang,X15,Điểm thi THPT,2025,22.0,Quản trị khách sạn nhà hàng
88316,HHK,quan-tri-kinh-doanh,A01,Điểm học bạ,2021,26.0,Quản trị kinh doanh
88317,HHK,quan-tri-kinh-doanh,D01,Điểm học bạ,2021,26.0,Quản trị kinh doanh
88318,HHK,quan-tri-kinh-doanh,D78,Điểm học bạ,2021,26.0,Quản trị kinh doanh
88319,HHK,quan-tri-kinh-doanh,D96,Điểm học bạ,2021,26.0,Quản trị kinh doanh
88320,HHK,quan-tri-kinh-doanh,A01,Điểm thi THPT,2021,23.4,Quản trị kinh doanh
88321,HHK,quan-tri-kinh-doanh,D01,Điểm thi THPT,2021,23.4,Quản trị kinh doanh
88322,HHK,quan-tri-kinh-doanh,D78,Điểm thi THPT,2021,23.4,Quản trị kinh doanh
88323,HHK,quan-tri-kinh-doanh,D96,Điểm thi THPT,2021,23.4,Quản trị kinh doanh
88324,HHK,quan-tri-kinh-doanh,A01,Điểm học bạ,2022,25.0,Quản trị kinh doanh
88325,HHK,quan-tri-kinh-doanh,D01,Điểm học bạ,2022,25.0,Quản trị kinh doanh
88326,HHK,quan-tri-kinh-doanh,D78,Điểm học bạ,2022,25.0,Quản trị kinh doanh
88327,HHK,quan-tri-kinh-doanh,D96,Điểm học bạ,2022,25.0,Quản trị kinh doanh
88328,HHK,quan-tri-kinh-doanh,A01,Điểm thi THPT,2022,19.0,Quản trị kinh doanh
88329,HHK,quan-tri-kinh-doanh,D01,Điểm thi THPT,2022,19.0,Quản trị kinh doanh
88330,HHK,quan-tri-kinh-doanh,D78,Điểm thi THPT,2022,19.0,Quản trị kinh doanh
88331,HHK,quan-tri-kinh-doanh,D96,Điểm thi THPT,2022,19.0,Quản trị kinh doanh
88332,HHK,quan-tri-kinh-doanh,A01,Điểm học bạ,2023,21.0,Quản trị kinh doanh
88333,HHK,quan-tri-kinh-doanh,D01,Điểm học bạ,2023,21.0,Quản trị kinh doanh
88334,HHK,quan-tri-kinh-doanh,D14,Điểm học bạ,2023,21.0,Quản trị kinh doanh
88335,HHK,quan-tri-kinh-doanh,D15,Điểm học bạ,2023,21.0,Quản trị kinh doanh
88336,HHK,quan-tri-kinh-doanh,A01,Điểm thi THPT,2023,19.0,Quản trị kinh doanh
88337,HHK,quan-tri-kinh-doanh,D01,Điểm thi THPT,2023,19.0,Quản trị kinh doanh
88338,HHK,quan-tri-kinh-doanh,D14,Điểm thi THPT,2023,19.0,Quản trị kinh doanh
88339,HHK,quan-tri-kinh-doanh,D15,Điểm thi THPT,2023,19.0,Quản trị kinh doanh
88340,HHK,quan-tri-kinh-doanh,A01,Điểm học bạ,2024,20.0,Quản trị kinh doanh
88341,HHK,quan-tri-kinh-doanh,D01,Điểm học bạ,2024,20.0,Quản trị kinh doanh
88342,HHK,quan-tri-kinh-doanh,D14,Điểm học bạ,2024,20.0,Quản trị kinh doanh
88343,HHK,quan-tri-kinh-doanh,D15,Điểm học bạ,2024,20.0,Quản trị kinh doanh
88344,HHK,quan-tri-kinh-doanh,A01,Điểm thi THPT,2024,19.5,Quản trị kinh doanh
88345,HHK,quan-tri-kinh-doanh,D01,Điểm thi THPT,2024,19.5,Quản trị kinh doanh
88346,HHK,quan-tri-kinh-doanh,D14,Điểm thi THPT,2024,19.5,Quản trị kinh doanh
88347,HHK,quan-tri-kinh-doanh,D15,Điểm thi THPT,2024,19.5,Quản trị kinh doanh
88348,HHK,quan-tri-kinh-doanh,A00,Điểm học bạ,2025,24.81,Quản trị kinh doanh
88349,HHK,quan-tri-kinh-doanh,A01,Điểm học bạ,2025,24.81,Quản trị kinh doanh
88350,HHK,quan-tri-kinh-doanh,A02,Điểm học bạ,2025,24.81,Quản trị kinh doanh
88351,HHK,quan-tri-kinh-doanh,A03,Điểm học bạ,2025,24.81,Quản trị kinh doanh
88352,HHK,quan-tri-kinh-doanh,A04,Điểm học bạ,2025,24.81,Quản trị kinh doanh
88353,HHK,quan-tri-kinh-doanh,A05,Điểm học bạ,2025,24.81,Quản trị kinh doanh
88354,HHK,quan-tri-kinh-doanh,A06,Điểm học bạ,2025,24.81,Quản trị kinh doanh
88355,HHK,quan-tri-kinh-doanh,A07,Điểm học bạ,2025,24.81,Quản trị kinh doanh
88356,HHK,quan-tri-kinh-doanh,B00,Điểm học bạ,2025,24.81,Quản trị kinh doanh
88357,HHK,quan-tri-kinh-doanh,B01,Điểm học bạ,2025,24.81,Quản trị kinh doanh
88358,HHK,quan-tri-kinh-doanh,B02,Điểm học bạ,2025,24.81,Quản trị kinh doanh
88359,HHK,quan-tri-kinh-doanh,B03,Điểm học bạ,2025,24.81,Quản trị kinh doanh
88360,HHK,quan-tri-kinh-doanh,B08,Điểm học bạ,2025,24.81,Quản trị kinh doanh
88361,HHK,quan-tri-kinh-doanh,C00,Điểm học bạ,2025,24.81,Quản trị kinh doanh
88362,HHK,quan-tri-kinh-doanh,C01,Điểm học bạ,2025,24.81,Quản trị kinh doanh
88363,HHK,quan-tri-kinh-doanh,C02,Điểm học bạ,2025,24.81,Quản trị kinh doanh
88364,HHK,quan-tri-kinh-doanh,C03,Điểm học bạ,2025,24.81,Quản trị kinh doanh
88365,HHK,quan-tri-kinh-doanh,C04,Điểm học bạ,2025,24.81,Quản trị kinh doanh
88366,HHK,quan-tri-kinh-doanh,C05,Điểm học bạ,2025,24.81,Quản trị kinh doanh
88367,HHK,quan-tri-kinh-doanh,C06,Điểm học bạ,2025,24.81,Quản trị kinh doanh
88368,HHK,quan-tri-kinh-doanh,C07,Điểm học bạ,2025,24.81,Quản trị kinh doanh
88369,HHK,quan-tri-kinh-doanh,C08,Điểm học bạ,2025,24.81,Quản trị kinh doanh
88370,HHK,quan-tri-kinh-doanh,C09,Điểm học bạ,2025,24.81,Quản trị kinh doanh
88371,HHK,quan-tri-kinh-doanh,C10,Điểm học bạ,2025,24.81,Quản trị kinh doanh
88372,HHK,quan-tri-kinh-doanh,C11,Điểm học bạ,2025,24.81,Quản trị kinh doanh
88373,HHK,quan-tri-kinh-doanh,C12,Điểm học bạ,2025,24.81,Quản trị kinh doanh
88374,HHK,quan-tri-kinh-doanh,C13,Điểm học bạ,2025,24.81,Quản trị kinh doanh
88375,HHK,quan-tri-kinh-doanh,D01,Điểm học bạ,2025,24.81,Quản trị kinh doanh
88376,HHK,quan-tri-kinh-doanh,D07,Điểm học bạ,2025,24.81,Quản trị kinh doanh
88377,HHK,quan-tri-kinh-doanh,D09,Điểm học bạ,2025,24.81,Quản trị kinh doanh
88378,HHK,quan-tri-kinh-doanh,D10,Điểm học bạ,2025,24.81,Quản trị kinh doanh
88379,HHK,quan-tri-kinh-doanh,D11,Điểm học bạ,2025,24.81,Quản trị kinh doanh
88380,HHK,quan-tri-kinh-doanh,D12,Điểm học bạ,2025,24.81,Quản trị kinh doanh
88381,HHK,quan-tri-kinh-doanh,D13,Điểm học bạ,2025,24.81,Quản trị kinh doanh
88382,HHK,quan-tri-kinh-doanh,D14,Điểm học bạ,2025,24.81,Quản trị kinh doanh
88383,HHK,quan-tri-kinh-doanh,D15,Điểm học bạ,2025,24.81,Quản trị kinh doanh
88384,HHK,quan-tri-kinh-doanh,X01,Điểm học bạ,2025,24.81,Quản trị kinh doanh
88385,HHK,quan-tri-kinh-doanh,X02,Điểm học bạ,2025,24.81,Quản trị kinh doanh
88386,HHK,quan-tri-kinh-doanh,X03,Điểm học bạ,2025,24.81,Quản trị kinh doanh
88387,HHK,quan-tri-kinh-doanh,X04,Điểm học bạ,2025,24.81,Quản trị kinh doanh
88388,HHK,quan-tri-kinh-doanh,X05,Điểm học bạ,2025,24.81,Quản trị kinh doanh
88389,HHK,quan-tri-kinh-doanh,X06,Điểm học bạ,2025,24.81,Quản trị kinh doanh
88390,HHK,quan-tri-kinh-doanh,X07,Điểm học bạ,2025,24.81,Quản trị kinh doanh
88391,HHK,quan-tri-kinh-doanh,X08,Điểm học bạ,2025,24.81,Quản trị kinh doanh
88392,HHK,quan-tri-kinh-doanh,X09,Điểm học bạ,2025,24.81,Quản trị kinh doanh
88393,HHK,quan-tri-kinh-doanh,X10,Điểm học bạ,2025,24.81,Quản trị kinh doanh
88394,HHK,quan-tri-kinh-doanh,X11,Điểm học bạ,2025,24.81,Quản trị kinh doanh
88395,HHK,quan-tri-kinh-doanh,X12,Điểm học bạ,2025,24.81,Quản trị kinh doanh
88396,HHK,quan-tri-kinh-doanh,X13,Điểm học bạ,2025,24.81,Quản trị kinh doanh
88397,HHK,quan-tri-kinh-doanh,X14,Điểm học bạ,2025,24.81,Quản trị kinh doanh
88398,HHK,quan-tri-kinh-doanh,X15,Điểm học bạ,2025,24.81,Quản trị kinh doanh
88399,HHK,quan-tri-kinh-doanh,A00,Điểm thi THPT,2025,21.0,Quản trị kinh doanh
88400,HHK,quan-tri-kinh-doanh,A01,Điểm thi THPT,2025,21.0,Quản trị kinh doanh
88401,HHK,quan-tri-kinh-doanh,A02,Điểm thi THPT,2025,21.0,Quản trị kinh doanh
88402,HHK,quan-tri-kinh-doanh,A03,Điểm thi THPT,2025,21.0,Quản trị kinh doanh
88403,HHK,quan-tri-kinh-doanh,A04,Điểm thi THPT,2025,21.0,Quản trị kinh doanh
88404,HHK,quan-tri-kinh-doanh,A05,Điểm thi THPT,2025,21.0,Quản trị kinh doanh
88405,HHK,quan-tri-kinh-doanh,A06,Điểm thi THPT,2025,21.0,Quản trị kinh doanh
88406,HHK,quan-tri-kinh-doanh,A07,Điểm thi THPT,2025,21.0,Quản trị kinh doanh
88407,HHK,quan-tri-kinh-doanh,B00,Điểm thi THPT,2025,21.0,Quản trị kinh doanh
88408,HHK,quan-tri-kinh-doanh,B01,Điểm thi THPT,2025,21.0,Quản trị kinh doanh
88409,HHK,quan-tri-kinh-doanh,B02,Điểm thi THPT,2025,21.0,Quản trị kinh doanh
88410,HHK,quan-tri-kinh-doanh,B03,Điểm thi THPT,2025,21.0,Quản trị kinh doanh
88411,HHK,quan-tri-kinh-doanh,B08,Điểm thi THPT,2025,21.0,Quản trị kinh doanh
88412,HHK,quan-tri-kinh-doanh,C00,Điểm thi THPT,2025,21.0,Quản trị kinh doanh
88413,HHK,quan-tri-kinh-doanh,C01,Điểm thi THPT,2025,21.0,Quản trị kinh doanh
88414,HHK,quan-tri-kinh-doanh,C02,Điểm thi THPT,2025,21.0,Quản trị kinh doanh
88415,HHK,quan-tri-kinh-doanh,C03,Điểm thi THPT,2025,21.0,Quản trị kinh doanh
88416,HHK,quan-tri-kinh-doanh,C04,Điểm thi THPT,2025,21.0,Quản trị kinh doanh
88417,HHK,quan-tri-kinh-doanh,C05,Điểm thi THPT,2025,21.0,Quản trị kinh doanh
88418,HHK,quan-tri-kinh-doanh,C06,Điểm thi THPT,2025,21.0,Quản trị kinh doanh
88419,HHK,quan-tri-kinh-doanh,C07,Điểm thi THPT,2025,21.0,Quản trị kinh doanh
88420,HHK,quan-tri-kinh-doanh,C08,Điểm thi THPT,2025,21.0,Quản trị kinh doanh
88421,HHK,quan-tri-kinh-doanh,C09,Điểm thi THPT,2025,21.0,Quản trị kinh doanh
88422,HHK,quan-tri-kinh-doanh,C10,Điểm thi THPT,2025,21.0,Quản trị kinh doanh
88423,HHK,quan-tri-kinh-doanh,C11,Điểm thi THPT,2025,21.0,Quản trị kinh doanh
88424,HHK,quan-tri-kinh-doanh,C12,Điểm thi THPT,2025,21.0,Quản trị kinh doanh
88425,HHK,quan-tri-kinh-doanh,C13,Điểm thi THPT,2025,21.0,Quản trị kinh doanh
88426,HHK,quan-tri-kinh-doanh,D01,Điểm thi THPT,2025,21.0,Quản trị kinh doanh
88427,HHK,quan-tri-kinh-doanh,D07,Điểm thi THPT,2025,21.0,Quản trị kinh doanh
88428,HHK,quan-tri-kinh-doanh,D09,Điểm thi THPT,2025,21.0,Quản trị kinh doanh
88429,HHK,quan-tri-kinh-doanh,D10,Điểm thi THPT,2025,21.0,Quản trị kinh doanh
88430,HHK,quan-tri-kinh-doanh,D11,Điểm thi THPT,2025,21.0,Quản trị kinh doanh
88431,HHK,quan-tri-kinh-doanh,D12,Điểm thi THPT,2025,21.0,Quản trị kinh doanh
88432,HHK,quan-tri-kinh-doanh,D13,Điểm thi THPT,2025,21.0,Quản trị kinh doanh
88433,HHK,quan-tri-kinh-doanh,D14,Điểm thi THPT,2025,21.0,Quản trị kinh doanh
88434,HHK,quan-tri-kinh-doanh,D15,Điểm thi THPT,2025,21.0,Quản trị kinh doanh
88435,HHK,quan-tri-kinh-doanh,X01,Điểm thi THPT,2025,21.0,Quản trị kinh doanh
88436,HHK,quan-tri-kinh-doanh,X02,Điểm thi THPT,2025,21.0,Quản trị kinh doanh
88437,HHK,quan-tri-kinh-doanh,X03,Điểm thi THPT,2025,21.0,Quản trị kinh doanh
88438,HHK,quan-tri-kinh-doanh,X04,Điểm thi THPT,2025,21.0,Quản trị kinh doanh
88439,HHK,quan-tri-kinh-doanh,X05,Điểm thi THPT,2025,21.0,Quản trị kinh doanh
88440,HHK,quan-tri-kinh-doanh,X06,Điểm thi THPT,2025,21.0,Quản trị kinh doanh
88441,HHK,quan-tri-kinh-doanh,X07,Điểm thi THPT,2025,21.0,Quản trị kinh doanh
88442,HHK,quan-tri-kinh-doanh,X08,Điểm thi THPT,2025,21.0,Quản trị kinh doanh
88443,HHK,quan-tri-kinh-doanh,X09,Điểm thi THPT,2025,21.0,Quản trị kinh doanh
88444,HHK,quan-tri-kinh-doanh,X10,Điểm thi THPT,2025,21.0,Quản trị kinh doanh
88445,HHK,quan-tri-kinh-doanh,X11,Điểm thi THPT,2025,21.0,Quản trị kinh doanh
88446,HHK,quan-tri-kinh-doanh,X12,Điểm thi THPT,2025,21.0,Quản trị kinh doanh
88447,HHK,quan-tri-kinh-doanh,X13,Điểm thi THPT,2025,21.0,Quản trị kinh doanh
88448,HHK,quan-tri-kinh-doanh,X14,Điểm thi THPT,2025,21.0,Quản trị kinh doanh
88449,HHK,quan-tri-kinh-doanh,X15,Điểm thi THPT,2025,21.0,Quản trị kinh doanh
88450,HHK,quan-tri-kinh-doanh-hang-khong-chuong-trinh-hoc-bang-tieng-anh,A01,Điểm học bạ,2024,20.0,Quản trị kinh doanh hàng không - Chương trình học bằng tiếng Anh
88451,HHK,quan-tri-kinh-doanh-hang-khong-chuong-trinh-hoc-bang-tieng-anh,D01,Điểm học bạ,2024,20.0,Quản trị kinh doanh hàng không - Chương trình học bằng tiếng Anh
88452,HHK,quan-tri-kinh-doanh-hang-khong-chuong-trinh-hoc-bang-tieng-anh,D14,Điểm học bạ,2024,20.0,Quản trị kinh doanh hàng không - Chương trình học bằng tiếng Anh
88453,HHK,quan-tri-kinh-doanh-hang-khong-chuong-trinh-hoc-bang-tieng-anh,D15,Điểm học bạ,2024,20.0,Quản trị kinh doanh hàng không - Chương trình học bằng tiếng Anh
88454,HHK,quan-tri-kinh-doanh-hang-khong-chuong-trinh-hoc-bang-tieng-anh,A01,Điểm thi THPT,2024,19.5,Quản trị kinh doanh hàng không - Chương trình học bằng Tiếng Anh
88455,HHK,quan-tri-kinh-doanh-hang-khong-chuong-trinh-hoc-bang-tieng-anh,D01,Điểm thi THPT,2024,19.5,Quản trị kinh doanh hàng không - Chương trình học bằng Tiếng Anh
88456,HHK,quan-tri-kinh-doanh-hang-khong-chuong-trinh-hoc-bang-tieng-anh,D14,Điểm thi THPT,2024,19.5,Quản trị kinh doanh hàng không - Chương trình học bằng Tiếng Anh
88457,HHK,quan-tri-kinh-doanh-hang-khong-chuong-trinh-hoc-bang-tieng-anh,D15,Điểm thi THPT,2024,19.5,Quản trị kinh doanh hàng không - Chương trình học bằng Tiếng Anh
88458,HHK,quan-tri-kinh-doanh-tieng-anh,A01,Điểm thi THPT,2023,19.0,Quản trị kinh doanh - tiếng Anh
88459,HHK,quan-tri-kinh-doanh-tieng-anh,D01,Điểm thi THPT,2023,19.0,Quản trị kinh doanh - tiếng Anh
88460,HHK,quan-tri-kinh-doanh-tieng-anh,D14,Điểm thi THPT,2023,19.0,Quản trị kinh doanh - tiếng Anh
88461,HHK,quan-tri-kinh-doanh-tieng-anh,D15,Điểm thi THPT,2023,19.0,Quản trị kinh doanh - tiếng Anh
88462,HHK,quan-tri-lu-hanh,A00,Điểm học bạ,2025,25.75,Quản trị lữ hành
88463,HHK,quan-tri-lu-hanh,A01,Điểm học bạ,2025,25.75,Quản trị lữ hành
88464,HHK,quan-tri-lu-hanh,A02,Điểm học bạ,2025,25.75,Quản trị lữ hành
88465,HHK,quan-tri-lu-hanh,A03,Điểm học bạ,2025,25.75,Quản trị lữ hành
88466,HHK,quan-tri-lu-hanh,A04,Điểm học bạ,2025,25.75,Quản trị lữ hành
88467,HHK,quan-tri-lu-hanh,A05,Điểm học bạ,2025,25.75,Quản trị lữ hành
88468,HHK,quan-tri-lu-hanh,A06,Điểm học bạ,2025,25.75,Quản trị lữ hành
88469,HHK,quan-tri-lu-hanh,A07,Điểm học bạ,2025,25.75,Quản trị lữ hành
88470,HHK,quan-tri-lu-hanh,B00,Điểm học bạ,2025,25.75,Quản trị lữ hành
88471,HHK,quan-tri-lu-hanh,B01,Điểm học bạ,2025,25.75,Quản trị lữ hành
88472,HHK,quan-tri-lu-hanh,B02,Điểm học bạ,2025,25.75,Quản trị lữ hành
88473,HHK,quan-tri-lu-hanh,B03,Điểm học bạ,2025,25.75,Quản trị lữ hành
88474,HHK,quan-tri-lu-hanh,B08,Điểm học bạ,2025,25.75,Quản trị lữ hành
88475,HHK,quan-tri-lu-hanh,C00,Điểm học bạ,2025,25.75,Quản trị lữ hành
88476,HHK,quan-tri-lu-hanh,C01,Điểm học bạ,2025,25.75,Quản trị lữ hành
88477,HHK,quan-tri-lu-hanh,C02,Điểm học bạ,2025,25.75,Quản trị lữ hành
88478,HHK,quan-tri-lu-hanh,C03,Điểm học bạ,2025,25.75,Quản trị lữ hành
88479,HHK,quan-tri-lu-hanh,C04,Điểm học bạ,2025,25.75,Quản trị lữ hành
88480,HHK,quan-tri-lu-hanh,C05,Điểm học bạ,2025,25.75,Quản trị lữ hành
88481,HHK,quan-tri-lu-hanh,C06,Điểm học bạ,2025,25.75,Quản trị lữ hành
88482,HHK,quan-tri-lu-hanh,C07,Điểm học bạ,2025,25.75,Quản trị lữ hành
88483,HHK,quan-tri-lu-hanh,C08,Điểm học bạ,2025,25.75,Quản trị lữ hành
88484,HHK,quan-tri-lu-hanh,C09,Điểm học bạ,2025,25.75,Quản trị lữ hành
88485,HHK,quan-tri-lu-hanh,C10,Điểm học bạ,2025,25.75,Quản trị lữ hành
88486,HHK,quan-tri-lu-hanh,C11,Điểm học bạ,2025,25.75,Quản trị lữ hành
88487,HHK,quan-tri-lu-hanh,C12,Điểm học bạ,2025,25.75,Quản trị lữ hành
88488,HHK,quan-tri-lu-hanh,C13,Điểm học bạ,2025,25.75,Quản trị lữ hành
88489,HHK,quan-tri-lu-hanh,D01,Điểm học bạ,2025,25.75,Quản trị lữ hành
88490,HHK,quan-tri-lu-hanh,D07,Điểm học bạ,2025,25.75,Quản trị lữ hành
88491,HHK,quan-tri-lu-hanh,D09,Điểm học bạ,2025,25.75,Quản trị lữ hành
88492,HHK,quan-tri-lu-hanh,D10,Điểm học bạ,2025,25.75,Quản trị lữ hành
88493,HHK,quan-tri-lu-hanh,D11,Điểm học bạ,2025,25.75,Quản trị lữ hành
88494,HHK,quan-tri-lu-hanh,D12,Điểm học bạ,2025,25.75,Quản trị lữ hành
88495,HHK,quan-tri-lu-hanh,D13,Điểm học bạ,2025,25.75,Quản trị lữ hành
88496,HHK,quan-tri-lu-hanh,D14,Điểm học bạ,2025,25.75,Quản trị lữ hành
88497,HHK,quan-tri-lu-hanh,D15,Điểm học bạ,2025,25.75,Quản trị lữ hành
88498,HHK,quan-tri-lu-hanh,X01,Điểm học bạ,2025,25.75,Quản trị lữ hành
88499,HHK,quan-tri-lu-hanh,X02,Điểm học bạ,2025,25.75,Quản trị lữ hành
88500,HHK,quan-tri-lu-hanh,X03,Điểm học bạ,2025,25.75,Quản trị lữ hành
88501,HHK,quan-tri-lu-hanh,X04,Điểm học bạ,2025,25.75,Quản trị lữ hành
88502,HHK,quan-tri-lu-hanh,X05,Điểm học bạ,2025,25.75,Quản trị lữ hành
88503,HHK,quan-tri-lu-hanh,X06,Điểm học bạ,2025,25.75,Quản trị lữ hành
88504,HHK,quan-tri-lu-hanh,X07,Điểm học bạ,2025,25.75,Quản trị lữ hành
88505,HHK,quan-tri-lu-hanh,X08,Điểm học bạ,2025,25.75,Quản trị lữ hành
88506,HHK,quan-tri-lu-hanh,X09,Điểm học bạ,2025,25.75,Quản trị lữ hành
88507,HHK,quan-tri-lu-hanh,X10,Điểm học bạ,2025,25.75,Quản trị lữ hành
88508,HHK,quan-tri-lu-hanh,X11,Điểm học bạ,2025,25.75,Quản trị lữ hành
88509,HHK,quan-tri-lu-hanh,X12,Điểm học bạ,2025,25.75,Quản trị lữ hành
88510,HHK,quan-tri-lu-hanh,X13,Điểm học bạ,2025,25.75,Quản trị lữ hành
88511,HHK,quan-tri-lu-hanh,X14,Điểm học bạ,2025,25.75,Quản trị lữ hành
88512,HHK,quan-tri-lu-hanh,X15,Điểm học bạ,2025,25.75,Quản trị lữ hành
88513,HHK,quan-tri-lu-hanh,A00,Điểm thi THPT,2025,22.0,Quản trị lữ hành
88514,HHK,quan-tri-lu-hanh,A01,Điểm thi THPT,2025,22.0,Quản trị lữ hành
88515,HHK,quan-tri-lu-hanh,A02,Điểm thi THPT,2025,22.0,Quản trị lữ hành
88516,HHK,quan-tri-lu-hanh,A03,Điểm thi THPT,2025,22.0,Quản trị lữ hành
88517,HHK,quan-tri-lu-hanh,A04,Điểm thi THPT,2025,22.0,Quản trị lữ hành
88518,HHK,quan-tri-lu-hanh,A05,Điểm thi THPT,2025,22.0,Quản trị lữ hành
88519,HHK,quan-tri-lu-hanh,A06,Điểm thi THPT,2025,22.0,Quản trị lữ hành
88520,HHK,quan-tri-lu-hanh,A07,Điểm thi THPT,2025,22.0,Quản trị lữ hành
88521,HHK,quan-tri-lu-hanh,B00,Điểm thi THPT,2025,22.0,Quản trị lữ hành
88522,HHK,quan-tri-lu-hanh,B01,Điểm thi THPT,2025,22.0,Quản trị lữ hành
88523,HHK,quan-tri-lu-hanh,B02,Điểm thi THPT,2025,22.0,Quản trị lữ hành
88524,HHK,quan-tri-lu-hanh,B03,Điểm thi THPT,2025,22.0,Quản trị lữ hành
88525,HHK,quan-tri-lu-hanh,B08,Điểm thi THPT,2025,22.0,Quản trị lữ hành
88526,HHK,quan-tri-lu-hanh,C00,Điểm thi THPT,2025,22.0,Quản trị lữ hành
88527,HHK,quan-tri-lu-hanh,C01,Điểm thi THPT,2025,22.0,Quản trị lữ hành
88528,HHK,quan-tri-lu-hanh,C02,Điểm thi THPT,2025,22.0,Quản trị lữ hành
88529,HHK,quan-tri-lu-hanh,C03,Điểm thi THPT,2025,22.0,Quản trị lữ hành
88530,HHK,quan-tri-lu-hanh,C04,Điểm thi THPT,2025,22.0,Quản trị lữ hành
88531,HHK,quan-tri-lu-hanh,C05,Điểm thi THPT,2025,22.0,Quản trị lữ hành
88532,HHK,quan-tri-lu-hanh,C06,Điểm thi THPT,2025,22.0,Quản trị lữ hành
88533,HHK,quan-tri-lu-hanh,C07,Điểm thi THPT,2025,22.0,Quản trị lữ hành
88534,HHK,quan-tri-lu-hanh,C08,Điểm thi THPT,2025,22.0,Quản trị lữ hành
88535,HHK,quan-tri-lu-hanh,C09,Điểm thi THPT,2025,22.0,Quản trị lữ hành
88536,HHK,quan-tri-lu-hanh,C10,Điểm thi THPT,2025,22.0,Quản trị lữ hành
88537,HHK,quan-tri-lu-hanh,C11,Điểm thi THPT,2025,22.0,Quản trị lữ hành
88538,HHK,quan-tri-lu-hanh,C12,Điểm thi THPT,2025,22.0,Quản trị lữ hành
88539,HHK,quan-tri-lu-hanh,C13,Điểm thi THPT,2025,22.0,Quản trị lữ hành
88540,HHK,quan-tri-lu-hanh,D01,Điểm thi THPT,2025,22.0,Quản trị lữ hành
88541,HHK,quan-tri-lu-hanh,D07,Điểm thi THPT,2025,22.0,Quản trị lữ hành
88542,HHK,quan-tri-lu-hanh,D09,Điểm thi THPT,2025,22.0,Quản trị lữ hành
88543,HHK,quan-tri-lu-hanh,D10,Điểm thi THPT,2025,22.0,Quản trị lữ hành
88544,HHK,quan-tri-lu-hanh,D11,Điểm thi THPT,2025,22.0,Quản trị lữ hành
88545,HHK,quan-tri-lu-hanh,D12,Điểm thi THPT,2025,22.0,Quản trị lữ hành
88546,HHK,quan-tri-lu-hanh,D13,Điểm thi THPT,2025,22.0,Quản trị lữ hành
88547,HHK,quan-tri-lu-hanh,D14,Điểm thi THPT,2025,22.0,Quản trị lữ hành
88548,HHK,quan-tri-lu-hanh,D15,Điểm thi THPT,2025,22.0,Quản trị lữ hành
88549,HHK,quan-tri-lu-hanh,X01,Điểm thi THPT,2025,22.0,Quản trị lữ hành
88550,HHK,quan-tri-lu-hanh,X02,Điểm thi THPT,2025,22.0,Quản trị lữ hành
88551,HHK,quan-tri-lu-hanh,X03,Điểm thi THPT,2025,22.0,Quản trị lữ hành
88552,HHK,quan-tri-lu-hanh,X04,Điểm thi THPT,2025,22.0,Quản trị lữ hành
88553,HHK,quan-tri-lu-hanh,X05,Điểm thi THPT,2025,22.0,Quản trị lữ hành
88554,HHK,quan-tri-lu-hanh,X06,Điểm thi THPT,2025,22.0,Quản trị lữ hành
88555,HHK,quan-tri-lu-hanh,X07,Điểm thi THPT,2025,22.0,Quản trị lữ hành
88556,HHK,quan-tri-lu-hanh,X08,Điểm thi THPT,2025,22.0,Quản trị lữ hành
88557,HHK,quan-tri-lu-hanh,X09,Điểm thi THPT,2025,22.0,Quản trị lữ hành
88558,HHK,quan-tri-lu-hanh,X10,Điểm thi THPT,2025,22.0,Quản trị lữ hành
88559,HHK,quan-tri-lu-hanh,X11,Điểm thi THPT,2025,22.0,Quản trị lữ hành
88560,HHK,quan-tri-lu-hanh,X12,Điểm thi THPT,2025,22.0,Quản trị lữ hành
88561,HHK,quan-tri-lu-hanh,X13,Điểm thi THPT,2025,22.0,Quản trị lữ hành
88562,HHK,quan-tri-lu-hanh,X14,Điểm thi THPT,2025,22.0,Quản trị lữ hành
88563,HHK,quan-tri-lu-hanh,X15,Điểm thi THPT,2025,22.0,Quản trị lữ hành
88564,HHK,quan-tri-nhan-luc,A01,Điểm học bạ,2022,25.0,Quản trị nhân lực
88565,HHK,quan-tri-nhan-luc,D01,Điểm học bạ,2022,25.0,Quản trị nhân lực
88566,HHK,quan-tri-nhan-luc,D78,Điểm học bạ,2022,25.0,Quản trị nhân lực
88567,HHK,quan-tri-nhan-luc,D96,Điểm học bạ,2022,25.0,Quản trị nhân lực
88568,HHK,quan-tri-nhan-luc,A01,Điểm thi THPT,2022,19.3,Quản trị nhân lực
88569,HHK,quan-tri-nhan-luc,D01,Điểm thi THPT,2022,19.3,Quản trị nhân lực
88570,HHK,quan-tri-nhan-luc,D78,Điểm thi THPT,2022,19.3,Quản trị nhân lực
88571,HHK,quan-tri-nhan-luc,D96,Điểm thi THPT,2022,19.3,Quản trị nhân lực
88572,HHK,quan-tri-nhan-luc,A01,Điểm học bạ,2023,24.5,Quản trị nhân lực
88573,HHK,quan-tri-nhan-luc,D01,Điểm học bạ,2023,24.5,Quản trị nhân lực
88574,HHK,quan-tri-nhan-luc,D14,Điểm học bạ,2023,24.5,Quản trị nhân lực
88575,HHK,quan-tri-nhan-luc,D15,Điểm học bạ,2023,24.5,Quản trị nhân lực
88576,HHK,quan-tri-nhan-luc,A01,Điểm thi THPT,2023,19.0,Quản trị nhân lực
88577,HHK,quan-tri-nhan-luc,D01,Điểm thi THPT,2023,19.0,Quản trị nhân lực
88578,HHK,quan-tri-nhan-luc,D14,Điểm thi THPT,2023,19.0,Quản trị nhân lực
88579,HHK,quan-tri-nhan-luc,D15,Điểm thi THPT,2023,19.0,Quản trị nhân lực
88580,HHK,quan-tri-nhan-luc,A01,Điểm học bạ,2024,20.0,Quản trị nhân lực
88581,HHK,quan-tri-nhan-luc,D01,Điểm học bạ,2024,20.0,Quản trị nhân lực
88582,HHK,quan-tri-nhan-luc,D14,Điểm học bạ,2024,20.0,Quản trị nhân lực
88583,HHK,quan-tri-nhan-luc,D15,Điểm học bạ,2024,20.0,Quản trị nhân lực
88584,HHK,quan-tri-nhan-luc,A01,Điểm thi THPT,2024,20.0,Quản trị nhân lực
88585,HHK,quan-tri-nhan-luc,D01,Điểm thi THPT,2024,20.0,Quản trị nhân lực
88586,HHK,quan-tri-nhan-luc,D14,Điểm thi THPT,2024,20.0,Quản trị nhân lực
88587,HHK,quan-tri-nhan-luc,D15,Điểm thi THPT,2024,20.0,Quản trị nhân lực
88588,HHK,quan-tri-nhan-luc,A00,Điểm học bạ,2025,25.28,Quản trị nhân lực
88589,HHK,quan-tri-nhan-luc,A01,Điểm học bạ,2025,25.28,Quản trị nhân lực
88590,HHK,quan-tri-nhan-luc,A02,Điểm học bạ,2025,25.28,Quản trị nhân lực
88591,HHK,quan-tri-nhan-luc,A03,Điểm học bạ,2025,25.28,Quản trị nhân lực
88592,HHK,quan-tri-nhan-luc,A04,Điểm học bạ,2025,25.28,Quản trị nhân lực
88593,HHK,quan-tri-nhan-luc,A05,Điểm học bạ,2025,25.28,Quản trị nhân lực
88594,HHK,quan-tri-nhan-luc,A06,Điểm học bạ,2025,25.28,Quản trị nhân lực
88595,HHK,quan-tri-nhan-luc,A07,Điểm học bạ,2025,25.28,Quản trị nhân lực
88596,HHK,quan-tri-nhan-luc,B00,Điểm học bạ,2025,25.28,Quản trị nhân lực
88597,HHK,quan-tri-nhan-luc,B01,Điểm học bạ,2025,25.28,Quản trị nhân lực
88598,HHK,quan-tri-nhan-luc,B02,Điểm học bạ,2025,25.28,Quản trị nhân lực
88599,HHK,quan-tri-nhan-luc,B03,Điểm học bạ,2025,25.28,Quản trị nhân lực
88600,HHK,quan-tri-nhan-luc,B08,Điểm học bạ,2025,25.28,Quản trị nhân lực
88601,HHK,quan-tri-nhan-luc,C00,Điểm học bạ,2025,25.28,Quản trị nhân lực
88602,HHK,quan-tri-nhan-luc,C01,Điểm học bạ,2025,25.28,Quản trị nhân lực
88603,HHK,quan-tri-nhan-luc,C02,Điểm học bạ,2025,25.28,Quản trị nhân lực
88604,HHK,quan-tri-nhan-luc,C03,Điểm học bạ,2025,25.28,Quản trị nhân lực
88605,HHK,quan-tri-nhan-luc,C04,Điểm học bạ,2025,25.28,Quản trị nhân lực
88606,HHK,quan-tri-nhan-luc,C05,Điểm học bạ,2025,25.28,Quản trị nhân lực
88607,HHK,quan-tri-nhan-luc,C06,Điểm học bạ,2025,25.28,Quản trị nhân lực
88608,HHK,quan-tri-nhan-luc,C07,Điểm học bạ,2025,25.28,Quản trị nhân lực
88609,HHK,quan-tri-nhan-luc,C08,Điểm học bạ,2025,25.28,Quản trị nhân lực
88610,HHK,quan-tri-nhan-luc,C09,Điểm học bạ,2025,25.28,Quản trị nhân lực
88611,HHK,quan-tri-nhan-luc,C10,Điểm học bạ,2025,25.28,Quản trị nhân lực
88612,HHK,quan-tri-nhan-luc,C11,Điểm học bạ,2025,25.28,Quản trị nhân lực
88613,HHK,quan-tri-nhan-luc,C12,Điểm học bạ,2025,25.28,Quản trị nhân lực
88614,HHK,quan-tri-nhan-luc,C13,Điểm học bạ,2025,25.28,Quản trị nhân lực
88615,HHK,quan-tri-nhan-luc,D01,Điểm học bạ,2025,25.28,Quản trị nhân lực
88616,HHK,quan-tri-nhan-luc,D07,Điểm học bạ,2025,25.28,Quản trị nhân lực
88617,HHK,quan-tri-nhan-luc,D09,Điểm học bạ,2025,25.28,Quản trị nhân lực
88618,HHK,quan-tri-nhan-luc,D10,Điểm học bạ,2025,25.28,Quản trị nhân lực
88619,HHK,quan-tri-nhan-luc,D11,Điểm học bạ,2025,25.28,Quản trị nhân lực
88620,HHK,quan-tri-nhan-luc,D12,Điểm học bạ,2025,25.28,Quản trị nhân lực
88621,HHK,quan-tri-nhan-luc,D13,Điểm học bạ,2025,25.28,Quản trị nhân lực
88622,HHK,quan-tri-nhan-luc,D14,Điểm học bạ,2025,25.28,Quản trị nhân lực
88623,HHK,quan-tri-nhan-luc,D15,Điểm học bạ,2025,25.28,Quản trị nhân lực
88624,HHK,quan-tri-nhan-luc,X01,Điểm học bạ,2025,25.28,Quản trị nhân lực
88625,HHK,quan-tri-nhan-luc,X02,Điểm học bạ,2025,25.28,Quản trị nhân lực
88626,HHK,quan-tri-nhan-luc,X03,Điểm học bạ,2025,25.28,Quản trị nhân lực
88627,HHK,quan-tri-nhan-luc,X04,Điểm học bạ,2025,25.28,Quản trị nhân lực
88628,HHK,quan-tri-nhan-luc,X05,Điểm học bạ,2025,25.28,Quản trị nhân lực
88629,HHK,quan-tri-nhan-luc,X06,Điểm học bạ,2025,25.28,Quản trị nhân lực
88630,HHK,quan-tri-nhan-luc,X07,Điểm học bạ,2025,25.28,Quản trị nhân lực
88631,HHK,quan-tri-nhan-luc,X08,Điểm học bạ,2025,25.28,Quản trị nhân lực
88632,HHK,quan-tri-nhan-luc,X09,Điểm học bạ,2025,25.28,Quản trị nhân lực
88633,HHK,quan-tri-nhan-luc,X10,Điểm học bạ,2025,25.28,Quản trị nhân lực
88634,HHK,quan-tri-nhan-luc,X11,Điểm học bạ,2025,25.28,Quản trị nhân lực
88635,HHK,quan-tri-nhan-luc,X12,Điểm học bạ,2025,25.28,Quản trị nhân lực
88636,HHK,quan-tri-nhan-luc,X13,Điểm học bạ,2025,25.28,Quản trị nhân lực
88637,HHK,quan-tri-nhan-luc,X14,Điểm học bạ,2025,25.28,Quản trị nhân lực
88638,HHK,quan-tri-nhan-luc,X15,Điểm học bạ,2025,25.28,Quản trị nhân lực
88639,HHK,quan-tri-nhan-luc,A00,Điểm thi THPT,2025,21.5,Quản trị nhân lực
88640,HHK,quan-tri-nhan-luc,A01,Điểm thi THPT,2025,21.5,Quản trị nhân lực
88641,HHK,quan-tri-nhan-luc,A02,Điểm thi THPT,2025,21.5,Quản trị nhân lực
88642,HHK,quan-tri-nhan-luc,A03,Điểm thi THPT,2025,21.5,Quản trị nhân lực
88643,HHK,quan-tri-nhan-luc,A04,Điểm thi THPT,2025,21.5,Quản trị nhân lực
88644,HHK,quan-tri-nhan-luc,A05,Điểm thi THPT,2025,21.5,Quản trị nhân lực
88645,HHK,quan-tri-nhan-luc,A06,Điểm thi THPT,2025,21.5,Quản trị nhân lực
88646,HHK,quan-tri-nhan-luc,A07,Điểm thi THPT,2025,21.5,Quản trị nhân lực
88647,HHK,quan-tri-nhan-luc,B00,Điểm thi THPT,2025,21.5,Quản trị nhân lực
88648,HHK,quan-tri-nhan-luc,B01,Điểm thi THPT,2025,21.5,Quản trị nhân lực
88649,HHK,quan-tri-nhan-luc,B02,Điểm thi THPT,2025,21.5,Quản trị nhân lực
88650,HHK,quan-tri-nhan-luc,B03,Điểm thi THPT,2025,21.5,Quản trị nhân lực
88651,HHK,quan-tri-nhan-luc,B08,Điểm thi THPT,2025,21.5,Quản trị nhân lực
88652,HHK,quan-tri-nhan-luc,C00,Điểm thi THPT,2025,21.5,Quản trị nhân lực
88653,HHK,quan-tri-nhan-luc,C01,Điểm thi THPT,2025,21.5,Quản trị nhân lực
88654,HHK,quan-tri-nhan-luc,C02,Điểm thi THPT,2025,21.5,Quản trị nhân lực
88655,HHK,quan-tri-nhan-luc,C03,Điểm thi THPT,2025,21.5,Quản trị nhân lực
88656,HHK,quan-tri-nhan-luc,C04,Điểm thi THPT,2025,21.5,Quản trị nhân lực
88657,HHK,quan-tri-nhan-luc,C05,Điểm thi THPT,2025,21.5,Quản trị nhân lực
88658,HHK,quan-tri-nhan-luc,C06,Điểm thi THPT,2025,21.5,Quản trị nhân lực
88659,HHK,quan-tri-nhan-luc,C07,Điểm thi THPT,2025,21.5,Quản trị nhân lực
88660,HHK,quan-tri-nhan-luc,C08,Điểm thi THPT,2025,21.5,Quản trị nhân lực
88661,HHK,quan-tri-nhan-luc,C09,Điểm thi THPT,2025,21.5,Quản trị nhân lực
88662,HHK,quan-tri-nhan-luc,C10,Điểm thi THPT,2025,21.5,Quản trị nhân lực
88663,HHK,quan-tri-nhan-luc,C11,Điểm thi THPT,2025,21.5,Quản trị nhân lực
88664,HHK,quan-tri-nhan-luc,C12,Điểm thi THPT,2025,21.5,Quản trị nhân lực
88665,HHK,quan-tri-nhan-luc,C13,Điểm thi THPT,2025,21.5,Quản trị nhân lực
88666,HHK,quan-tri-nhan-luc,D01,Điểm thi THPT,2025,21.5,Quản trị nhân lực
88667,HHK,quan-tri-nhan-luc,D07,Điểm thi THPT,2025,21.5,Quản trị nhân lực
88668,HHK,quan-tri-nhan-luc,D09,Điểm thi THPT,2025,21.5,Quản trị nhân lực
88669,HHK,quan-tri-nhan-luc,D10,Điểm thi THPT,2025,21.5,Quản trị nhân lực
88670,HHK,quan-tri-nhan-luc,D11,Điểm thi THPT,2025,21.5,Quản trị nhân lực
88671,HHK,quan-tri-nhan-luc,D12,Điểm thi THPT,2025,21.5,Quản trị nhân lực
88672,HHK,quan-tri-nhan-luc,D13,Điểm thi THPT,2025,21.5,Quản trị nhân lực
88673,HHK,quan-tri-nhan-luc,D14,Điểm thi THPT,2025,21.5,Quản trị nhân lực
88674,HHK,quan-tri-nhan-luc,D15,Điểm thi THPT,2025,21.5,Quản trị nhân lực
88675,HHK,quan-tri-nhan-luc,X01,Điểm thi THPT,2025,21.5,Quản trị nhân lực
88676,HHK,quan-tri-nhan-luc,X02,Điểm thi THPT,2025,21.5,Quản trị nhân lực
88677,HHK,quan-tri-nhan-luc,X03,Điểm thi THPT,2025,21.5,Quản trị nhân lực
88678,HHK,quan-tri-nhan-luc,X04,Điểm thi THPT,2025,21.5,Quản trị nhân lực
88679,HHK,quan-tri-nhan-luc,X05,Điểm thi THPT,2025,21.5,Quản trị nhân lực
88680,HHK,quan-tri-nhan-luc,X06,Điểm thi THPT,2025,21.5,Quản trị nhân lực
88681,HHK,quan-tri-nhan-luc,X07,Điểm thi THPT,2025,21.5,Quản trị nhân lực
88682,HHK,quan-tri-nhan-luc,X08,Điểm thi THPT,2025,21.5,Quản trị nhân lực
88683,HHK,quan-tri-nhan-luc,X09,Điểm thi THPT,2025,21.5,Quản trị nhân lực
88684,HHK,quan-tri-nhan-luc,X10,Điểm thi THPT,2025,21.5,Quản trị nhân lực
88685,HHK,quan-tri-nhan-luc,X11,Điểm thi THPT,2025,21.5,Quản trị nhân lực
88686,HHK,quan-tri-nhan-luc,X12,Điểm thi THPT,2025,21.5,Quản trị nhân lực
88687,HHK,quan-tri-nhan-luc,X13,Điểm thi THPT,2025,21.5,Quản trị nhân lực
88688,HHK,quan-tri-nhan-luc,X14,Điểm thi THPT,2025,21.5,Quản trị nhân lực
88689,HHK,quan-tri-nhan-luc,X15,Điểm thi THPT,2025,21.5,Quản trị nhân lực
88690,HHK,thiet-bi-bay-khong-nguoi-lai-va-robotics,A00,Điểm học bạ,2025,22.0,Thiết bị bay không người lái và Robotics (Ngành: CNKT Điều khiển và tự động hóa)
88691,HHK,thiet-bi-bay-khong-nguoi-lai-va-robotics,A01,Điểm học bạ,2025,22.0,Thiết bị bay không người lái và Robotics (Ngành: CNKT Điều khiển và tự động hóa)
88692,HHK,thiet-bi-bay-khong-nguoi-lai-va-robotics,A02,Điểm học bạ,2025,22.0,Thiết bị bay không người lái và Robotics (Ngành: CNKT Điều khiển và tự động hóa)
88693,HHK,thiet-bi-bay-khong-nguoi-lai-va-robotics,A03,Điểm học bạ,2025,22.0,Thiết bị bay không người lái và Robotics (Ngành: CNKT Điều khiển và tự động hóa)
88694,HHK,thiet-bi-bay-khong-nguoi-lai-va-robotics,A04,Điểm học bạ,2025,22.0,Thiết bị bay không người lái và Robotics (Ngành: CNKT Điều khiển và tự động hóa)
88695,HHK,thiet-bi-bay-khong-nguoi-lai-va-robotics,A05,Điểm học bạ,2025,22.0,Thiết bị bay không người lái và Robotics (Ngành: CNKT Điều khiển và tự động hóa)
88696,HHK,thiet-bi-bay-khong-nguoi-lai-va-robotics,A06,Điểm học bạ,2025,22.0,Thiết bị bay không người lái và Robotics (Ngành: CNKT Điều khiển và tự động hóa)
88697,HHK,thiet-bi-bay-khong-nguoi-lai-va-robotics,A07,Điểm học bạ,2025,22.0,Thiết bị bay không người lái và Robotics (Ngành: CNKT Điều khiển và tự động hóa)
88698,HHK,thiet-bi-bay-khong-nguoi-lai-va-robotics,B00,Điểm học bạ,2025,22.0,Thiết bị bay không người lái và Robotics (Ngành: CNKT Điều khiển và tự động hóa)
88699,HHK,thiet-bi-bay-khong-nguoi-lai-va-robotics,B01,Điểm học bạ,2025,22.0,Thiết bị bay không người lái và Robotics (Ngành: CNKT Điều khiển và tự động hóa)
88700,HHK,thiet-bi-bay-khong-nguoi-lai-va-robotics,B02,Điểm học bạ,2025,22.0,Thiết bị bay không người lái và Robotics (Ngành: CNKT Điều khiển và tự động hóa)
88701,HHK,thiet-bi-bay-khong-nguoi-lai-va-robotics,B03,Điểm học bạ,2025,22.0,Thiết bị bay không người lái và Robotics (Ngành: CNKT Điều khiển và tự động hóa)
88702,HHK,thiet-bi-bay-khong-nguoi-lai-va-robotics,B08,Điểm học bạ,2025,22.0,Thiết bị bay không người lái và Robotics (Ngành: CNKT Điều khiển và tự động hóa)
88703,HHK,thiet-bi-bay-khong-nguoi-lai-va-robotics,C01,Điểm học bạ,2025,22.0,Thiết bị bay không người lái và Robotics (Ngành: CNKT Điều khiển và tự động hóa)
88704,HHK,thiet-bi-bay-khong-nguoi-lai-va-robotics,C02,Điểm học bạ,2025,22.0,Thiết bị bay không người lái và Robotics (Ngành: CNKT Điều khiển và tự động hóa)
88705,HHK,thiet-bi-bay-khong-nguoi-lai-va-robotics,C03,Điểm học bạ,2025,22.0,Thiết bị bay không người lái và Robotics (Ngành: CNKT Điều khiển và tự động hóa)
88706,HHK,thiet-bi-bay-khong-nguoi-lai-va-robotics,C04,Điểm học bạ,2025,22.0,Thiết bị bay không người lái và Robotics (Ngành: CNKT Điều khiển và tự động hóa)
88707,HHK,thiet-bi-bay-khong-nguoi-lai-va-robotics,D01,Điểm học bạ,2025,22.0,Thiết bị bay không người lái và Robotics (Ngành: CNKT Điều khiển và tự động hóa)
88708,HHK,thiet-bi-bay-khong-nguoi-lai-va-robotics,D07,Điểm học bạ,2025,22.0,Thiết bị bay không người lái và Robotics (Ngành: CNKT Điều khiển và tự động hóa)
88709,HHK,thiet-bi-bay-khong-nguoi-lai-va-robotics,D09,Điểm học bạ,2025,22.0,Thiết bị bay không người lái và Robotics (Ngành: CNKT Điều khiển và tự động hóa)
88710,HHK,thiet-bi-bay-khong-nguoi-lai-va-robotics,D10,Điểm học bạ,2025,22.0,Thiết bị bay không người lái và Robotics (Ngành: CNKT Điều khiển và tự động hóa)
88711,HHK,thiet-bi-bay-khong-nguoi-lai-va-robotics,X01,Điểm học bạ,2025,22.0,Thiết bị bay không người lái và Robotics (Ngành: CNKT Điều khiển và tự động hóa)
88712,HHK,thiet-bi-bay-khong-nguoi-lai-va-robotics,X02,Điểm học bạ,2025,22.0,Thiết bị bay không người lái và Robotics (Ngành: CNKT Điều khiển và tự động hóa)
88713,HHK,thiet-bi-bay-khong-nguoi-lai-va-robotics,X03,Điểm học bạ,2025,22.0,Thiết bị bay không người lái và Robotics (Ngành: CNKT Điều khiển và tự động hóa)
88714,HHK,thiet-bi-bay-khong-nguoi-lai-va-robotics,X04,Điểm học bạ,2025,22.0,Thiết bị bay không người lái và Robotics (Ngành: CNKT Điều khiển và tự động hóa)
88715,HHK,thiet-bi-bay-khong-nguoi-lai-va-robotics,X05,Điểm học bạ,2025,22.0,Thiết bị bay không người lái và Robotics (Ngành: CNKT Điều khiển và tự động hóa)
88716,HHK,thiet-bi-bay-khong-nguoi-lai-va-robotics,X06,Điểm học bạ,2025,22.0,Thiết bị bay không người lái và Robotics (Ngành: CNKT Điều khiển và tự động hóa)
88717,HHK,thiet-bi-bay-khong-nguoi-lai-va-robotics,X07,Điểm học bạ,2025,22.0,Thiết bị bay không người lái và Robotics (Ngành: CNKT Điều khiển và tự động hóa)
88718,HHK,thiet-bi-bay-khong-nguoi-lai-va-robotics,X08,Điểm học bạ,2025,22.0,Thiết bị bay không người lái và Robotics (Ngành: CNKT Điều khiển và tự động hóa)
88719,HHK,thiet-bi-bay-khong-nguoi-lai-va-robotics,X09,Điểm học bạ,2025,22.0,Thiết bị bay không người lái và Robotics (Ngành: CNKT Điều khiển và tự động hóa)
88720,HHK,thiet-bi-bay-khong-nguoi-lai-va-robotics,X10,Điểm học bạ,2025,22.0,Thiết bị bay không người lái và Robotics (Ngành: CNKT Điều khiển và tự động hóa)
88721,HHK,thiet-bi-bay-khong-nguoi-lai-va-robotics,X11,Điểm học bạ,2025,22.0,Thiết bị bay không người lái và Robotics (Ngành: CNKT Điều khiển và tự động hóa)
88722,HHK,thiet-bi-bay-khong-nguoi-lai-va-robotics,X12,Điểm học bạ,2025,22.0,Thiết bị bay không người lái và Robotics (Ngành: CNKT Điều khiển và tự động hóa)
88723,HHK,thiet-bi-bay-khong-nguoi-lai-va-robotics,X13,Điểm học bạ,2025,22.0,Thiết bị bay không người lái và Robotics (Ngành: CNKT Điều khiển và tự động hóa)
88724,HHK,thiet-bi-bay-khong-nguoi-lai-va-robotics,X14,Điểm học bạ,2025,22.0,Thiết bị bay không người lái và Robotics (Ngành: CNKT Điều khiển và tự động hóa)
88725,HHK,thiet-bi-bay-khong-nguoi-lai-va-robotics,X15,Điểm học bạ,2025,22.0,Thiết bị bay không người lái và Robotics (Ngành: CNKT Điều khiển và tự động hóa)
88726,HHK,thiet-bi-bay-khong-nguoi-lai-va-robotics,X16,Điểm học bạ,2025,22.0,Thiết bị bay không người lái và Robotics (Ngành: CNKT Điều khiển và tự động hóa)
88727,HHK,thiet-bi-bay-khong-nguoi-lai-va-robotics,X17,Điểm học bạ,2025,22.0,Thiết bị bay không người lái và Robotics (Ngành: CNKT Điều khiển và tự động hóa)
88728,HHK,thiet-bi-bay-khong-nguoi-lai-va-robotics,X18,Điểm học bạ,2025,22.0,Thiết bị bay không người lái và Robotics (Ngành: CNKT Điều khiển và tự động hóa)
88729,HHK,thiet-bi-bay-khong-nguoi-lai-va-robotics,X19,Điểm học bạ,2025,22.0,Thiết bị bay không người lái và Robotics (Ngành: CNKT Điều khiển và tự động hóa)
88730,HHK,thiet-bi-bay-khong-nguoi-lai-va-robotics,X20,Điểm học bạ,2025,22.0,Thiết bị bay không người lái và Robotics (Ngành: CNKT Điều khiển và tự động hóa)
88731,HHK,thiet-bi-bay-khong-nguoi-lai-va-robotics,X21,Điểm học bạ,2025,22.0,Thiết bị bay không người lái và Robotics (Ngành: CNKT Điều khiển và tự động hóa)
88732,HHK,thiet-bi-bay-khong-nguoi-lai-va-robotics,X22,Điểm học bạ,2025,22.0,Thiết bị bay không người lái và Robotics (Ngành: CNKT Điều khiển và tự động hóa)
88733,HHK,thiet-bi-bay-khong-nguoi-lai-va-robotics,X23,Điểm học bạ,2025,22.0,Thiết bị bay không người lái và Robotics (Ngành: CNKT Điều khiển và tự động hóa)
88734,HHK,thiet-bi-bay-khong-nguoi-lai-va-robotics,X24,Điểm học bạ,2025,22.0,Thiết bị bay không người lái và Robotics (Ngành: CNKT Điều khiển và tự động hóa)
88735,HHK,thiet-bi-bay-khong-nguoi-lai-va-robotics,X25,Điểm học bạ,2025,22.0,Thiết bị bay không người lái và Robotics (Ngành: CNKT Điều khiển và tự động hóa)
88736,HHK,thiet-bi-bay-khong-nguoi-lai-va-robotics,X26,Điểm học bạ,2025,22.0,Thiết bị bay không người lái và Robotics (Ngành: CNKT Điều khiển và tự động hóa)
88737,HHK,thiet-bi-bay-khong-nguoi-lai-va-robotics,X27,Điểm học bạ,2025,22.0,Thiết bị bay không người lái và Robotics (Ngành: CNKT Điều khiển và tự động hóa)
88738,HHK,thiet-bi-bay-khong-nguoi-lai-va-robotics,X28,Điểm học bạ,2025,22.0,Thiết bị bay không người lái và Robotics (Ngành: CNKT Điều khiển và tự động hóa)
88739,HHK,thiet-bi-bay-khong-nguoi-lai-va-robotics,X53,Điểm học bạ,2025,22.0,Thiết bị bay không người lái và Robotics (Ngành: CNKT Điều khiển và tự động hóa)
88740,HHK,thiet-bi-bay-khong-nguoi-lai-va-robotics,X54,Điểm học bạ,2025,22.0,Thiết bị bay không người lái và Robotics (Ngành: CNKT Điều khiển và tự động hóa)
88741,HHK,thiet-bi-bay-khong-nguoi-lai-va-robotics,A00,Điểm thi THPT,2025,18.0,Thiết bị bay không người lái và Robotics (Ngành: CNKT Điều khiển và tự động hóa)
88742,HHK,thiet-bi-bay-khong-nguoi-lai-va-robotics,A01,Điểm thi THPT,2025,18.0,Thiết bị bay không người lái và Robotics (Ngành: CNKT Điều khiển và tự động hóa)
88743,HHK,thiet-bi-bay-khong-nguoi-lai-va-robotics,A02,Điểm thi THPT,2025,18.0,Thiết bị bay không người lái và Robotics (Ngành: CNKT Điều khiển và tự động hóa)
88744,HHK,thiet-bi-bay-khong-nguoi-lai-va-robotics,A03,Điểm thi THPT,2025,18.0,Thiết bị bay không người lái và Robotics (Ngành: CNKT Điều khiển và tự động hóa)
88745,HHK,thiet-bi-bay-khong-nguoi-lai-va-robotics,A04,Điểm thi THPT,2025,18.0,Thiết bị bay không người lái và Robotics (Ngành: CNKT Điều khiển và tự động hóa)
88746,HHK,thiet-bi-bay-khong-nguoi-lai-va-robotics,A05,Điểm thi THPT,2025,18.0,Thiết bị bay không người lái và Robotics (Ngành: CNKT Điều khiển và tự động hóa)
88747,HHK,thiet-bi-bay-khong-nguoi-lai-va-robotics,A06,Điểm thi THPT,2025,18.0,Thiết bị bay không người lái và Robotics (Ngành: CNKT Điều khiển và tự động hóa)
88748,HHK,thiet-bi-bay-khong-nguoi-lai-va-robotics,A07,Điểm thi THPT,2025,18.0,Thiết bị bay không người lái và Robotics (Ngành: CNKT Điều khiển và tự động hóa)
88749,HHK,thiet-bi-bay-khong-nguoi-lai-va-robotics,B00,Điểm thi THPT,2025,18.0,Thiết bị bay không người lái và Robotics (Ngành: CNKT Điều khiển và tự động hóa)
88750,HHK,thiet-bi-bay-khong-nguoi-lai-va-robotics,B01,Điểm thi THPT,2025,18.0,Thiết bị bay không người lái và Robotics (Ngành: CNKT Điều khiển và tự động hóa)
88751,HHK,thiet-bi-bay-khong-nguoi-lai-va-robotics,B02,Điểm thi THPT,2025,18.0,Thiết bị bay không người lái và Robotics (Ngành: CNKT Điều khiển và tự động hóa)
88752,HHK,thiet-bi-bay-khong-nguoi-lai-va-robotics,B03,Điểm thi THPT,2025,18.0,Thiết bị bay không người lái và Robotics (Ngành: CNKT Điều khiển và tự động hóa)
88753,HHK,thiet-bi-bay-khong-nguoi-lai-va-robotics,B08,Điểm thi THPT,2025,18.0,Thiết bị bay không người lái và Robotics (Ngành: CNKT Điều khiển và tự động hóa)
88754,HHK,thiet-bi-bay-khong-nguoi-lai-va-robotics,C01,Điểm thi THPT,2025,18.0,Thiết bị bay không người lái và Robotics (Ngành: CNKT Điều khiển và tự động hóa)
88755,HHK,thiet-bi-bay-khong-nguoi-lai-va-robotics,C02,Điểm thi THPT,2025,18.0,Thiết bị bay không người lái và Robotics (Ngành: CNKT Điều khiển và tự động hóa)
88756,HHK,thiet-bi-bay-khong-nguoi-lai-va-robotics,C03,Điểm thi THPT,2025,18.0,Thiết bị bay không người lái và Robotics (Ngành: CNKT Điều khiển và tự động hóa)
88757,HHK,thiet-bi-bay-khong-nguoi-lai-va-robotics,C04,Điểm thi THPT,2025,18.0,Thiết bị bay không người lái và Robotics (Ngành: CNKT Điều khiển và tự động hóa)
88758,HHK,thiet-bi-bay-khong-nguoi-lai-va-robotics,D01,Điểm thi THPT,2025,18.0,Thiết bị bay không người lái và Robotics (Ngành: CNKT Điều khiển và tự động hóa)
88759,HHK,thiet-bi-bay-khong-nguoi-lai-va-robotics,D07,Điểm thi THPT,2025,18.0,Thiết bị bay không người lái và Robotics (Ngành: CNKT Điều khiển và tự động hóa)
88760,HHK,thiet-bi-bay-khong-nguoi-lai-va-robotics,D09,Điểm thi THPT,2025,18.0,Thiết bị bay không người lái và Robotics (Ngành: CNKT Điều khiển và tự động hóa)
88761,HHK,thiet-bi-bay-khong-nguoi-lai-va-robotics,D10,Điểm thi THPT,2025,18.0,Thiết bị bay không người lái và Robotics (Ngành: CNKT Điều khiển và tự động hóa)
88762,HHK,thiet-bi-bay-khong-nguoi-lai-va-robotics,X01,Điểm thi THPT,2025,18.0,Thiết bị bay không người lái và Robotics (Ngành: CNKT Điều khiển và tự động hóa)
88763,HHK,thiet-bi-bay-khong-nguoi-lai-va-robotics,X02,Điểm thi THPT,2025,18.0,Thiết bị bay không người lái và Robotics (Ngành: CNKT Điều khiển và tự động hóa)
88764,HHK,thiet-bi-bay-khong-nguoi-lai-va-robotics,X03,Điểm thi THPT,2025,18.0,Thiết bị bay không người lái và Robotics (Ngành: CNKT Điều khiển và tự động hóa)
88765,HHK,thiet-bi-bay-khong-nguoi-lai-va-robotics,X04,Điểm thi THPT,2025,18.0,Thiết bị bay không người lái và Robotics (Ngành: CNKT Điều khiển và tự động hóa)
88766,HHK,thiet-bi-bay-khong-nguoi-lai-va-robotics,X05,Điểm thi THPT,2025,18.0,Thiết bị bay không người lái và Robotics (Ngành: CNKT Điều khiển và tự động hóa)
88767,HHK,thiet-bi-bay-khong-nguoi-lai-va-robotics,X06,Điểm thi THPT,2025,18.0,Thiết bị bay không người lái và Robotics (Ngành: CNKT Điều khiển và tự động hóa)
88768,HHK,thiet-bi-bay-khong-nguoi-lai-va-robotics,X07,Điểm thi THPT,2025,18.0,Thiết bị bay không người lái và Robotics (Ngành: CNKT Điều khiển và tự động hóa)
88769,HHK,thiet-bi-bay-khong-nguoi-lai-va-robotics,X08,Điểm thi THPT,2025,18.0,Thiết bị bay không người lái và Robotics (Ngành: CNKT Điều khiển và tự động hóa)
88770,HHK,thiet-bi-bay-khong-nguoi-lai-va-robotics,X09,Điểm thi THPT,2025,18.0,Thiết bị bay không người lái và Robotics (Ngành: CNKT Điều khiển và tự động hóa)
88771,HHK,thiet-bi-bay-khong-nguoi-lai-va-robotics,X10,Điểm thi THPT,2025,18.0,Thiết bị bay không người lái và Robotics (Ngành: CNKT Điều khiển và tự động hóa)
88772,HHK,thiet-bi-bay-khong-nguoi-lai-va-robotics,X11,Điểm thi THPT,2025,18.0,Thiết bị bay không người lái và Robotics (Ngành: CNKT Điều khiển và tự động hóa)
88773,HHK,thiet-bi-bay-khong-nguoi-lai-va-robotics,X12,Điểm thi THPT,2025,18.0,Thiết bị bay không người lái và Robotics (Ngành: CNKT Điều khiển và tự động hóa)
88774,HHK,thiet-bi-bay-khong-nguoi-lai-va-robotics,X13,Điểm thi THPT,2025,18.0,Thiết bị bay không người lái và Robotics (Ngành: CNKT Điều khiển và tự động hóa)
88775,HHK,thiet-bi-bay-khong-nguoi-lai-va-robotics,X14,Điểm thi THPT,2025,18.0,Thiết bị bay không người lái và Robotics (Ngành: CNKT Điều khiển và tự động hóa)
88776,HHK,thiet-bi-bay-khong-nguoi-lai-va-robotics,X15,Điểm thi THPT,2025,18.0,Thiết bị bay không người lái và Robotics (Ngành: CNKT Điều khiển và tự động hóa)
88777,HHK,thiet-bi-bay-khong-nguoi-lai-va-robotics,X16,Điểm thi THPT,2025,18.0,Thiết bị bay không người lái và Robotics (Ngành: CNKT Điều khiển và tự động hóa)
88778,HHK,thiet-bi-bay-khong-nguoi-lai-va-robotics,X17,Điểm thi THPT,2025,18.0,Thiết bị bay không người lái và Robotics (Ngành: CNKT Điều khiển và tự động hóa)
88779,HHK,thiet-bi-bay-khong-nguoi-lai-va-robotics,X18,Điểm thi THPT,2025,18.0,Thiết bị bay không người lái và Robotics (Ngành: CNKT Điều khiển và tự động hóa)
88780,HHK,thiet-bi-bay-khong-nguoi-lai-va-robotics,X19,Điểm thi THPT,2025,18.0,Thiết bị bay không người lái và Robotics (Ngành: CNKT Điều khiển và tự động hóa)
88781,HHK,thiet-bi-bay-khong-nguoi-lai-va-robotics,X20,Điểm thi THPT,2025,18.0,Thiết bị bay không người lái và Robotics (Ngành: CNKT Điều khiển và tự động hóa)
88782,HHK,thiet-bi-bay-khong-nguoi-lai-va-robotics,X21,Điểm thi THPT,2025,18.0,Thiết bị bay không người lái và Robotics (Ngành: CNKT Điều khiển và tự động hóa)
88783,HHK,thiet-bi-bay-khong-nguoi-lai-va-robotics,X22,Điểm thi THPT,2025,18.0,Thiết bị bay không người lái và Robotics (Ngành: CNKT Điều khiển và tự động hóa)
88784,HHK,thiet-bi-bay-khong-nguoi-lai-va-robotics,X23,Điểm thi THPT,2025,18.0,Thiết bị bay không người lái và Robotics (Ngành: CNKT Điều khiển và tự động hóa)
88785,HHK,thiet-bi-bay-khong-nguoi-lai-va-robotics,X24,Điểm thi THPT,2025,18.0,Thiết bị bay không người lái và Robotics (Ngành: CNKT Điều khiển và tự động hóa)
88786,HHK,thiet-bi-bay-khong-nguoi-lai-va-robotics,X25,Điểm thi THPT,2025,18.0,Thiết bị bay không người lái và Robotics (Ngành: CNKT Điều khiển và tự động hóa)
88787,HHK,thiet-bi-bay-khong-nguoi-lai-va-robotics,X26,Điểm thi THPT,2025,18.0,Thiết bị bay không người lái và Robotics (Ngành: CNKT Điều khiển và tự động hóa)
88788,HHK,thiet-bi-bay-khong-nguoi-lai-va-robotics,X27,Điểm thi THPT,2025,18.0,Thiết bị bay không người lái và Robotics (Ngành: CNKT Điều khiển và tự động hóa)
88789,HHK,thiet-bi-bay-khong-nguoi-lai-va-robotics,X28,Điểm thi THPT,2025,18.0,Thiết bị bay không người lái và Robotics (Ngành: CNKT Điều khiển và tự động hóa)
88790,HHK,thiet-bi-bay-khong-nguoi-lai-va-robotics,X53,Điểm thi THPT,2025,18.0,Thiết bị bay không người lái và Robotics (Ngành: CNKT Điều khiển và tự động hóa)
88791,HHK,thiet-bi-bay-khong-nguoi-lai-va-robotics,X54,Điểm thi THPT,2025,18.0,Thiết bị bay không người lái và Robotics (Ngành: CNKT Điều khiển và tự động hóa)
88792,HHK,thuong-mai-quoc-te,A00,Điểm học bạ,2025,26.31,Thương mại quốc tế (Ngành: Kinh doanh quốc tế)
88793,HHK,thuong-mai-quoc-te,A01,Điểm học bạ,2025,26.31,Thương mại quốc tế (Ngành: Kinh doanh quốc tế)
88794,HHK,thuong-mai-quoc-te,A02,Điểm học bạ,2025,26.31,Thương mại quốc tế (Ngành: Kinh doanh quốc tế)
88795,HHK,thuong-mai-quoc-te,A03,Điểm học bạ,2025,26.31,Thương mại quốc tế (Ngành: Kinh doanh quốc tế)
88796,HHK,thuong-mai-quoc-te,A04,Điểm học bạ,2025,26.31,Thương mại quốc tế (Ngành: Kinh doanh quốc tế)
88797,HHK,thuong-mai-quoc-te,A05,Điểm học bạ,2025,26.31,Thương mại quốc tế (Ngành: Kinh doanh quốc tế)
88798,HHK,thuong-mai-quoc-te,A06,Điểm học bạ,2025,26.31,Thương mại quốc tế (Ngành: Kinh doanh quốc tế)
88799,HHK,thuong-mai-quoc-te,A07,Điểm học bạ,2025,26.31,Thương mại quốc tế (Ngành: Kinh doanh quốc tế)
88800,HHK,thuong-mai-quoc-te,B00,Điểm học bạ,2025,26.31,Thương mại quốc tế (Ngành: Kinh doanh quốc tế)
88801,HHK,thuong-mai-quoc-te,B01,Điểm học bạ,2025,26.31,Thương mại quốc tế (Ngành: Kinh doanh quốc tế)
88802,HHK,thuong-mai-quoc-te,B02,Điểm học bạ,2025,26.31,Thương mại quốc tế (Ngành: Kinh doanh quốc tế)
88803,HHK,thuong-mai-quoc-te,B03,Điểm học bạ,2025,26.31,Thương mại quốc tế (Ngành: Kinh doanh quốc tế)
88804,HHK,thuong-mai-quoc-te,B08,Điểm học bạ,2025,26.31,Thương mại quốc tế (Ngành: Kinh doanh quốc tế)
88805,HHK,thuong-mai-quoc-te,C00,Điểm học bạ,2025,26.31,Thương mại quốc tế (Ngành: Kinh doanh quốc tế)
88806,HHK,thuong-mai-quoc-te,C01,Điểm học bạ,2025,26.31,Thương mại quốc tế (Ngành: Kinh doanh quốc tế)
88807,HHK,thuong-mai-quoc-te,C02,Điểm học bạ,2025,26.31,Thương mại quốc tế (Ngành: Kinh doanh quốc tế)
88808,HHK,thuong-mai-quoc-te,C03,Điểm học bạ,2025,26.31,Thương mại quốc tế (Ngành: Kinh doanh quốc tế)
88809,HHK,thuong-mai-quoc-te,C04,Điểm học bạ,2025,26.31,Thương mại quốc tế (Ngành: Kinh doanh quốc tế)
88810,HHK,thuong-mai-quoc-te,C05,Điểm học bạ,2025,26.31,Thương mại quốc tế (Ngành: Kinh doanh quốc tế)
88811,HHK,thuong-mai-quoc-te,C06,Điểm học bạ,2025,26.31,Thương mại quốc tế (Ngành: Kinh doanh quốc tế)
88812,HHK,thuong-mai-quoc-te,C07,Điểm học bạ,2025,26.31,Thương mại quốc tế (Ngành: Kinh doanh quốc tế)
88813,HHK,thuong-mai-quoc-te,C08,Điểm học bạ,2025,26.31,Thương mại quốc tế (Ngành: Kinh doanh quốc tế)
88814,HHK,thuong-mai-quoc-te,C09,Điểm học bạ,2025,26.31,Thương mại quốc tế (Ngành: Kinh doanh quốc tế)
88815,HHK,thuong-mai-quoc-te,C10,Điểm học bạ,2025,26.31,Thương mại quốc tế (Ngành: Kinh doanh quốc tế)
88816,HHK,thuong-mai-quoc-te,C11,Điểm học bạ,2025,26.31,Thương mại quốc tế (Ngành: Kinh doanh quốc tế)
88817,HHK,thuong-mai-quoc-te,C12,Điểm học bạ,2025,26.31,Thương mại quốc tế (Ngành: Kinh doanh quốc tế)
88818,HHK,thuong-mai-quoc-te,C13,Điểm học bạ,2025,26.31,Thương mại quốc tế (Ngành: Kinh doanh quốc tế)
88819,HHK,thuong-mai-quoc-te,D01,Điểm học bạ,2025,26.31,Thương mại quốc tế (Ngành: Kinh doanh quốc tế)
88820,HHK,thuong-mai-quoc-te,D07,Điểm học bạ,2025,26.31,Thương mại quốc tế (Ngành: Kinh doanh quốc tế)
88821,HHK,thuong-mai-quoc-te,D09,Điểm học bạ,2025,26.31,Thương mại quốc tế (Ngành: Kinh doanh quốc tế)
88822,HHK,thuong-mai-quoc-te,D10,Điểm học bạ,2025,26.31,Thương mại quốc tế (Ngành: Kinh doanh quốc tế)
88823,HHK,thuong-mai-quoc-te,D11,Điểm học bạ,2025,26.31,Thương mại quốc tế (Ngành: Kinh doanh quốc tế)
88824,HHK,thuong-mai-quoc-te,D12,Điểm học bạ,2025,26.31,Thương mại quốc tế (Ngành: Kinh doanh quốc tế)
88825,HHK,thuong-mai-quoc-te,D13,Điểm học bạ,2025,26.31,Thương mại quốc tế (Ngành: Kinh doanh quốc tế)
88826,HHK,thuong-mai-quoc-te,D14,Điểm học bạ,2025,26.31,Thương mại quốc tế (Ngành: Kinh doanh quốc tế)
88827,HHK,thuong-mai-quoc-te,D15,Điểm học bạ,2025,26.31,Thương mại quốc tế (Ngành: Kinh doanh quốc tế)
88828,HHK,thuong-mai-quoc-te,X01,Điểm học bạ,2025,26.31,Thương mại quốc tế (Ngành: Kinh doanh quốc tế)
88829,HHK,thuong-mai-quoc-te,X02,Điểm học bạ,2025,26.31,Thương mại quốc tế (Ngành: Kinh doanh quốc tế)
88830,HHK,thuong-mai-quoc-te,X03,Điểm học bạ,2025,26.31,Thương mại quốc tế (Ngành: Kinh doanh quốc tế)
88831,HHK,thuong-mai-quoc-te,X04,Điểm học bạ,2025,26.31,Thương mại quốc tế (Ngành: Kinh doanh quốc tế)
88832,HHK,thuong-mai-quoc-te,X05,Điểm học bạ,2025,26.31,Thương mại quốc tế (Ngành: Kinh doanh quốc tế)
88833,HHK,thuong-mai-quoc-te,X06,Điểm học bạ,2025,26.31,Thương mại quốc tế (Ngành: Kinh doanh quốc tế)
88834,HHK,thuong-mai-quoc-te,X07,Điểm học bạ,2025,26.31,Thương mại quốc tế (Ngành: Kinh doanh quốc tế)
88835,HHK,thuong-mai-quoc-te,X08,Điểm học bạ,2025,26.31,Thương mại quốc tế (Ngành: Kinh doanh quốc tế)
88836,HHK,thuong-mai-quoc-te,X09,Điểm học bạ,2025,26.31,Thương mại quốc tế (Ngành: Kinh doanh quốc tế)
88837,HHK,thuong-mai-quoc-te,X10,Điểm học bạ,2025,26.31,Thương mại quốc tế (Ngành: Kinh doanh quốc tế)
88838,HHK,thuong-mai-quoc-te,X11,Điểm học bạ,2025,26.31,Thương mại quốc tế (Ngành: Kinh doanh quốc tế)
88839,HHK,thuong-mai-quoc-te,X12,Điểm học bạ,2025,26.31,Thương mại quốc tế (Ngành: Kinh doanh quốc tế)
88840,HHK,thuong-mai-quoc-te,X13,Điểm học bạ,2025,26.31,Thương mại quốc tế (Ngành: Kinh doanh quốc tế)
88841,HHK,thuong-mai-quoc-te,X14,Điểm học bạ,2025,26.31,Thương mại quốc tế (Ngành: Kinh doanh quốc tế)
88842,HHK,thuong-mai-quoc-te,X15,Điểm học bạ,2025,26.31,Thương mại quốc tế (Ngành: Kinh doanh quốc tế)
88843,HHK,thuong-mai-quoc-te,A00,Điểm thi THPT,2025,23.0,Thương mại quốc tế (Ngành: Kinh doanh quốc tế)
88844,HHK,thuong-mai-quoc-te,A01,Điểm thi THPT,2025,23.0,Thương mại quốc tế (Ngành: Kinh doanh quốc tế)
88845,HHK,thuong-mai-quoc-te,A02,Điểm thi THPT,2025,23.0,Thương mại quốc tế (Ngành: Kinh doanh quốc tế)
88846,HHK,thuong-mai-quoc-te,A03,Điểm thi THPT,2025,23.0,Thương mại quốc tế (Ngành: Kinh doanh quốc tế)
88847,HHK,thuong-mai-quoc-te,A04,Điểm thi THPT,2025,23.0,Thương mại quốc tế (Ngành: Kinh doanh quốc tế)
88848,HHK,thuong-mai-quoc-te,A05,Điểm thi THPT,2025,23.0,Thương mại quốc tế (Ngành: Kinh doanh quốc tế)
88849,HHK,thuong-mai-quoc-te,A06,Điểm thi THPT,2025,23.0,Thương mại quốc tế (Ngành: Kinh doanh quốc tế)
88850,HHK,thuong-mai-quoc-te,A07,Điểm thi THPT,2025,23.0,Thương mại quốc tế (Ngành: Kinh doanh quốc tế)
88851,HHK,thuong-mai-quoc-te,B00,Điểm thi THPT,2025,23.0,Thương mại quốc tế (Ngành: Kinh doanh quốc tế)
88852,HHK,thuong-mai-quoc-te,B01,Điểm thi THPT,2025,23.0,Thương mại quốc tế (Ngành: Kinh doanh quốc tế)
88853,HHK,thuong-mai-quoc-te,B02,Điểm thi THPT,2025,23.0,Thương mại quốc tế (Ngành: Kinh doanh quốc tế)
88854,HHK,thuong-mai-quoc-te,B03,Điểm thi THPT,2025,23.0,Thương mại quốc tế (Ngành: Kinh doanh quốc tế)
88855,HHK,thuong-mai-quoc-te,B08,Điểm thi THPT,2025,23.0,Thương mại quốc tế (Ngành: Kinh doanh quốc tế)
88856,HHK,thuong-mai-quoc-te,C00,Điểm thi THPT,2025,23.0,Thương mại quốc tế (Ngành: Kinh doanh quốc tế)
88857,HHK,thuong-mai-quoc-te,C01,Điểm thi THPT,2025,23.0,Thương mại quốc tế (Ngành: Kinh doanh quốc tế)
88858,HHK,thuong-mai-quoc-te,C02,Điểm thi THPT,2025,23.0,Thương mại quốc tế (Ngành: Kinh doanh quốc tế)
88859,HHK,thuong-mai-quoc-te,C03,Điểm thi THPT,2025,23.0,Thương mại quốc tế (Ngành: Kinh doanh quốc tế)
88860,HHK,thuong-mai-quoc-te,C04,Điểm thi THPT,2025,23.0,Thương mại quốc tế (Ngành: Kinh doanh quốc tế)
88861,HHK,thuong-mai-quoc-te,C05,Điểm thi THPT,2025,23.0,Thương mại quốc tế (Ngành: Kinh doanh quốc tế)
88862,HHK,thuong-mai-quoc-te,C06,Điểm thi THPT,2025,23.0,Thương mại quốc tế (Ngành: Kinh doanh quốc tế)
88863,HHK,thuong-mai-quoc-te,C07,Điểm thi THPT,2025,23.0,Thương mại quốc tế (Ngành: Kinh doanh quốc tế)
88864,HHK,thuong-mai-quoc-te,C08,Điểm thi THPT,2025,23.0,Thương mại quốc tế (Ngành: Kinh doanh quốc tế)
88865,HHK,thuong-mai-quoc-te,C09,Điểm thi THPT,2025,23.0,Thương mại quốc tế (Ngành: Kinh doanh quốc tế)
88866,HHK,thuong-mai-quoc-te,C10,Điểm thi THPT,2025,23.0,Thương mại quốc tế (Ngành: Kinh doanh quốc tế)
88867,HHK,thuong-mai-quoc-te,C11,Điểm thi THPT,2025,23.0,Thương mại quốc tế (Ngành: Kinh doanh quốc tế)
88868,HHK,thuong-mai-quoc-te,C12,Điểm thi THPT,2025,23.0,Thương mại quốc tế (Ngành: Kinh doanh quốc tế)
88869,HHK,thuong-mai-quoc-te,C13,Điểm thi THPT,2025,23.0,Thương mại quốc tế (Ngành: Kinh doanh quốc tế)
88870,HHK,thuong-mai-quoc-te,D01,Điểm thi THPT,2025,23.0,Thương mại quốc tế (Ngành: Kinh doanh quốc tế)
88871,HHK,thuong-mai-quoc-te,D07,Điểm thi THPT,2025,23.0,Thương mại quốc tế (Ngành: Kinh doanh quốc tế)
88872,HHK,thuong-mai-quoc-te,D09,Điểm thi THPT,2025,23.0,Thương mại quốc tế (Ngành: Kinh doanh quốc tế)
88873,HHK,thuong-mai-quoc-te,D10,Điểm thi THPT,2025,23.0,Thương mại quốc tế (Ngành: Kinh doanh quốc tế)
88874,HHK,thuong-mai-quoc-te,D11,Điểm thi THPT,2025,23.0,Thương mại quốc tế (Ngành: Kinh doanh quốc tế)
88875,HHK,thuong-mai-quoc-te,D12,Điểm thi THPT,2025,23.0,Thương mại quốc tế (Ngành: Kinh doanh quốc tế)
88876,HHK,thuong-mai-quoc-te,D13,Điểm thi THPT,2025,23.0,Thương mại quốc tế (Ngành: Kinh doanh quốc tế)
88877,HHK,thuong-mai-quoc-te,D14,Điểm thi THPT,2025,23.0,Thương mại quốc tế (Ngành: Kinh doanh quốc tế)
88878,HHK,thuong-mai-quoc-te,D15,Điểm thi THPT,2025,23.0,Thương mại quốc tế (Ngành: Kinh doanh quốc tế)
88879,HHK,thuong-mai-quoc-te,X01,Điểm thi THPT,2025,23.0,Thương mại quốc tế (Ngành: Kinh doanh quốc tế)
88880,HHK,thuong-mai-quoc-te,X02,Điểm thi THPT,2025,23.0,Thương mại quốc tế (Ngành: Kinh doanh quốc tế)
88881,HHK,thuong-mai-quoc-te,X03,Điểm thi THPT,2025,23.0,Thương mại quốc tế (Ngành: Kinh doanh quốc tế)
88882,HHK,thuong-mai-quoc-te,X04,Điểm thi THPT,2025,23.0,Thương mại quốc tế (Ngành: Kinh doanh quốc tế)
88883,HHK,thuong-mai-quoc-te,X05,Điểm thi THPT,2025,23.0,Thương mại quốc tế (Ngành: Kinh doanh quốc tế)
88884,HHK,thuong-mai-quoc-te,X06,Điểm thi THPT,2025,23.0,Thương mại quốc tế (Ngành: Kinh doanh quốc tế)
88885,HHK,thuong-mai-quoc-te,X07,Điểm thi THPT,2025,23.0,Thương mại quốc tế (Ngành: Kinh doanh quốc tế)
88886,HHK,thuong-mai-quoc-te,X08,Điểm thi THPT,2025,23.0,Thương mại quốc tế (Ngành: Kinh doanh quốc tế)
88887,HHK,thuong-mai-quoc-te,X09,Điểm thi THPT,2025,23.0,Thương mại quốc tế (Ngành: Kinh doanh quốc tế)
88888,HHK,thuong-mai-quoc-te,X10,Điểm thi THPT,2025,23.0,Thương mại quốc tế (Ngành: Kinh doanh quốc tế)
88889,HHK,thuong-mai-quoc-te,X11,Điểm thi THPT,2025,23.0,Thương mại quốc tế (Ngành: Kinh doanh quốc tế)
88890,HHK,thuong-mai-quoc-te,X12,Điểm thi THPT,2025,23.0,Thương mại quốc tế (Ngành: Kinh doanh quốc tế)
88891,HHK,thuong-mai-quoc-te,X13,Điểm thi THPT,2025,23.0,Thương mại quốc tế (Ngành: Kinh doanh quốc tế)
88892,HHK,thuong-mai-quoc-te,X14,Điểm thi THPT,2025,23.0,Thương mại quốc tế (Ngành: Kinh doanh quốc tế)
88893,HHK,thuong-mai-quoc-te,X15,Điểm thi THPT,2025,23.0,Thương mại quốc tế (Ngành: Kinh doanh quốc tế)
88894,HHK,tri-tue-nhan-tao-va-du-lieu-lon,A00,Điểm học bạ,2025,22.0,Trí tuệ nhân tạo và Dữ liệu lớn (Ngành: CNTT)
88895,HHK,tri-tue-nhan-tao-va-du-lieu-lon,A01,Điểm học bạ,2025,22.0,Trí tuệ nhân tạo và Dữ liệu lớn (Ngành: CNTT)
88896,HHK,tri-tue-nhan-tao-va-du-lieu-lon,A02,Điểm học bạ,2025,22.0,Trí tuệ nhân tạo và Dữ liệu lớn (Ngành: CNTT)
88897,HHK,tri-tue-nhan-tao-va-du-lieu-lon,A03,Điểm học bạ,2025,22.0,Trí tuệ nhân tạo và Dữ liệu lớn (Ngành: CNTT)
88898,HHK,tri-tue-nhan-tao-va-du-lieu-lon,A04,Điểm học bạ,2025,22.0,Trí tuệ nhân tạo và Dữ liệu lớn (Ngành: CNTT)
88899,HHK,tri-tue-nhan-tao-va-du-lieu-lon,A05,Điểm học bạ,2025,22.0,Trí tuệ nhân tạo và Dữ liệu lớn (Ngành: CNTT)
88900,HHK,tri-tue-nhan-tao-va-du-lieu-lon,A06,Điểm học bạ,2025,22.0,Trí tuệ nhân tạo và Dữ liệu lớn (Ngành: CNTT)
88901,HHK,tri-tue-nhan-tao-va-du-lieu-lon,A07,Điểm học bạ,2025,22.0,Trí tuệ nhân tạo và Dữ liệu lớn (Ngành: CNTT)
88902,HHK,tri-tue-nhan-tao-va-du-lieu-lon,B00,Điểm học bạ,2025,22.0,Trí tuệ nhân tạo và Dữ liệu lớn (Ngành: CNTT)
88903,HHK,tri-tue-nhan-tao-va-du-lieu-lon,B01,Điểm học bạ,2025,22.0,Trí tuệ nhân tạo và Dữ liệu lớn (Ngành: CNTT)
88904,HHK,tri-tue-nhan-tao-va-du-lieu-lon,B02,Điểm học bạ,2025,22.0,Trí tuệ nhân tạo và Dữ liệu lớn (Ngành: CNTT)
88905,HHK,tri-tue-nhan-tao-va-du-lieu-lon,B03,Điểm học bạ,2025,22.0,Trí tuệ nhân tạo và Dữ liệu lớn (Ngành: CNTT)
88906,HHK,tri-tue-nhan-tao-va-du-lieu-lon,B08,Điểm học bạ,2025,22.0,Trí tuệ nhân tạo và Dữ liệu lớn (Ngành: CNTT)
88907,HHK,tri-tue-nhan-tao-va-du-lieu-lon,C01,Điểm học bạ,2025,22.0,Trí tuệ nhân tạo và Dữ liệu lớn (Ngành: CNTT)
88908,HHK,tri-tue-nhan-tao-va-du-lieu-lon,C02,Điểm học bạ,2025,22.0,Trí tuệ nhân tạo và Dữ liệu lớn (Ngành: CNTT)
88909,HHK,tri-tue-nhan-tao-va-du-lieu-lon,C03,Điểm học bạ,2025,22.0,Trí tuệ nhân tạo và Dữ liệu lớn (Ngành: CNTT)
88910,HHK,tri-tue-nhan-tao-va-du-lieu-lon,C04,Điểm học bạ,2025,22.0,Trí tuệ nhân tạo và Dữ liệu lớn (Ngành: CNTT)
88911,HHK,tri-tue-nhan-tao-va-du-lieu-lon,D01,Điểm học bạ,2025,22.0,Trí tuệ nhân tạo và Dữ liệu lớn (Ngành: CNTT)
88912,HHK,tri-tue-nhan-tao-va-du-lieu-lon,D07,Điểm học bạ,2025,22.0,Trí tuệ nhân tạo và Dữ liệu lớn (Ngành: CNTT)
88913,HHK,tri-tue-nhan-tao-va-du-lieu-lon,D09,Điểm học bạ,2025,22.0,Trí tuệ nhân tạo và Dữ liệu lớn (Ngành: CNTT)
88914,HHK,tri-tue-nhan-tao-va-du-lieu-lon,D10,Điểm học bạ,2025,22.0,Trí tuệ nhân tạo và Dữ liệu lớn (Ngành: CNTT)
88915,HHK,tri-tue-nhan-tao-va-du-lieu-lon,X01,Điểm học bạ,2025,22.0,Trí tuệ nhân tạo và Dữ liệu lớn (Ngành: CNTT)
88916,HHK,tri-tue-nhan-tao-va-du-lieu-lon,X02,Điểm học bạ,2025,22.0,Trí tuệ nhân tạo và Dữ liệu lớn (Ngành: CNTT)
88917,HHK,tri-tue-nhan-tao-va-du-lieu-lon,X03,Điểm học bạ,2025,22.0,Trí tuệ nhân tạo và Dữ liệu lớn (Ngành: CNTT)
88918,HHK,tri-tue-nhan-tao-va-du-lieu-lon,X04,Điểm học bạ,2025,22.0,Trí tuệ nhân tạo và Dữ liệu lớn (Ngành: CNTT)
88919,HHK,tri-tue-nhan-tao-va-du-lieu-lon,X05,Điểm học bạ,2025,22.0,Trí tuệ nhân tạo và Dữ liệu lớn (Ngành: CNTT)
88920,HHK,tri-tue-nhan-tao-va-du-lieu-lon,X06,Điểm học bạ,2025,22.0,Trí tuệ nhân tạo và Dữ liệu lớn (Ngành: CNTT)
88921,HHK,tri-tue-nhan-tao-va-du-lieu-lon,X07,Điểm học bạ,2025,22.0,Trí tuệ nhân tạo và Dữ liệu lớn (Ngành: CNTT)
88922,HHK,tri-tue-nhan-tao-va-du-lieu-lon,X08,Điểm học bạ,2025,22.0,Trí tuệ nhân tạo và Dữ liệu lớn (Ngành: CNTT)
88923,HHK,tri-tue-nhan-tao-va-du-lieu-lon,X09,Điểm học bạ,2025,22.0,Trí tuệ nhân tạo và Dữ liệu lớn (Ngành: CNTT)
88924,HHK,tri-tue-nhan-tao-va-du-lieu-lon,X10,Điểm học bạ,2025,22.0,Trí tuệ nhân tạo và Dữ liệu lớn (Ngành: CNTT)
88925,HHK,tri-tue-nhan-tao-va-du-lieu-lon,X11,Điểm học bạ,2025,22.0,Trí tuệ nhân tạo và Dữ liệu lớn (Ngành: CNTT)
88926,HHK,tri-tue-nhan-tao-va-du-lieu-lon,X12,Điểm học bạ,2025,22.0,Trí tuệ nhân tạo và Dữ liệu lớn (Ngành: CNTT)
88927,HHK,tri-tue-nhan-tao-va-du-lieu-lon,X13,Điểm học bạ,2025,22.0,Trí tuệ nhân tạo và Dữ liệu lớn (Ngành: CNTT)
88928,HHK,tri-tue-nhan-tao-va-du-lieu-lon,X14,Điểm học bạ,2025,22.0,Trí tuệ nhân tạo và Dữ liệu lớn (Ngành: CNTT)
88929,HHK,tri-tue-nhan-tao-va-du-lieu-lon,X15,Điểm học bạ,2025,22.0,Trí tuệ nhân tạo và Dữ liệu lớn (Ngành: CNTT)
88930,HHK,tri-tue-nhan-tao-va-du-lieu-lon,X16,Điểm học bạ,2025,22.0,Trí tuệ nhân tạo và Dữ liệu lớn (Ngành: CNTT)
88931,HHK,tri-tue-nhan-tao-va-du-lieu-lon,X17,Điểm học bạ,2025,22.0,Trí tuệ nhân tạo và Dữ liệu lớn (Ngành: CNTT)
88932,HHK,tri-tue-nhan-tao-va-du-lieu-lon,X18,Điểm học bạ,2025,22.0,Trí tuệ nhân tạo và Dữ liệu lớn (Ngành: CNTT)
88933,HHK,tri-tue-nhan-tao-va-du-lieu-lon,X19,Điểm học bạ,2025,22.0,Trí tuệ nhân tạo và Dữ liệu lớn (Ngành: CNTT)
88934,HHK,tri-tue-nhan-tao-va-du-lieu-lon,X20,Điểm học bạ,2025,22.0,Trí tuệ nhân tạo và Dữ liệu lớn (Ngành: CNTT)
88935,HHK,tri-tue-nhan-tao-va-du-lieu-lon,X21,Điểm học bạ,2025,22.0,Trí tuệ nhân tạo và Dữ liệu lớn (Ngành: CNTT)
88936,HHK,tri-tue-nhan-tao-va-du-lieu-lon,X22,Điểm học bạ,2025,22.0,Trí tuệ nhân tạo và Dữ liệu lớn (Ngành: CNTT)
88937,HHK,tri-tue-nhan-tao-va-du-lieu-lon,X23,Điểm học bạ,2025,22.0,Trí tuệ nhân tạo và Dữ liệu lớn (Ngành: CNTT)
88938,HHK,tri-tue-nhan-tao-va-du-lieu-lon,X24,Điểm học bạ,2025,22.0,Trí tuệ nhân tạo và Dữ liệu lớn (Ngành: CNTT)
88939,HHK,tri-tue-nhan-tao-va-du-lieu-lon,X25,Điểm học bạ,2025,22.0,Trí tuệ nhân tạo và Dữ liệu lớn (Ngành: CNTT)
88940,HHK,tri-tue-nhan-tao-va-du-lieu-lon,X26,Điểm học bạ,2025,22.0,Trí tuệ nhân tạo và Dữ liệu lớn (Ngành: CNTT)
88941,HHK,tri-tue-nhan-tao-va-du-lieu-lon,X27,Điểm học bạ,2025,22.0,Trí tuệ nhân tạo và Dữ liệu lớn (Ngành: CNTT)
88942,HHK,tri-tue-nhan-tao-va-du-lieu-lon,X28,Điểm học bạ,2025,22.0,Trí tuệ nhân tạo và Dữ liệu lớn (Ngành: CNTT)
88943,HHK,tri-tue-nhan-tao-va-du-lieu-lon,X53,Điểm học bạ,2025,22.0,Trí tuệ nhân tạo và Dữ liệu lớn (Ngành: CNTT)
88944,HHK,tri-tue-nhan-tao-va-du-lieu-lon,X54,Điểm học bạ,2025,22.0,Trí tuệ nhân tạo và Dữ liệu lớn (Ngành: CNTT)
88945,HHK,tri-tue-nhan-tao-va-du-lieu-lon,A00,Điểm thi THPT,2025,18.0,Trí tuệ nhân tạo và Dữ liệu lớn (Ngành: CNTT)
88946,HHK,tri-tue-nhan-tao-va-du-lieu-lon,A01,Điểm thi THPT,2025,18.0,Trí tuệ nhân tạo và Dữ liệu lớn (Ngành: CNTT)
88947,HHK,tri-tue-nhan-tao-va-du-lieu-lon,A02,Điểm thi THPT,2025,18.0,Trí tuệ nhân tạo và Dữ liệu lớn (Ngành: CNTT)
88948,HHK,tri-tue-nhan-tao-va-du-lieu-lon,A03,Điểm thi THPT,2025,18.0,Trí tuệ nhân tạo và Dữ liệu lớn (Ngành: CNTT)
88949,HHK,tri-tue-nhan-tao-va-du-lieu-lon,A04,Điểm thi THPT,2025,18.0,Trí tuệ nhân tạo và Dữ liệu lớn (Ngành: CNTT)
88950,HHK,tri-tue-nhan-tao-va-du-lieu-lon,A05,Điểm thi THPT,2025,18.0,Trí tuệ nhân tạo và Dữ liệu lớn (Ngành: CNTT)
88951,HHK,tri-tue-nhan-tao-va-du-lieu-lon,A06,Điểm thi THPT,2025,18.0,Trí tuệ nhân tạo và Dữ liệu lớn (Ngành: CNTT)
88952,HHK,tri-tue-nhan-tao-va-du-lieu-lon,A07,Điểm thi THPT,2025,18.0,Trí tuệ nhân tạo và Dữ liệu lớn (Ngành: CNTT)
88953,HHK,tri-tue-nhan-tao-va-du-lieu-lon,B00,Điểm thi THPT,2025,18.0,Trí tuệ nhân tạo và Dữ liệu lớn (Ngành: CNTT)
88954,HHK,tri-tue-nhan-tao-va-du-lieu-lon,B01,Điểm thi THPT,2025,18.0,Trí tuệ nhân tạo và Dữ liệu lớn (Ngành: CNTT)
88955,HHK,tri-tue-nhan-tao-va-du-lieu-lon,B02,Điểm thi THPT,2025,18.0,Trí tuệ nhân tạo và Dữ liệu lớn (Ngành: CNTT)
88956,HHK,tri-tue-nhan-tao-va-du-lieu-lon,B03,Điểm thi THPT,2025,18.0,Trí tuệ nhân tạo và Dữ liệu lớn (Ngành: CNTT)
88957,HHK,tri-tue-nhan-tao-va-du-lieu-lon,B08,Điểm thi THPT,2025,18.0,Trí tuệ nhân tạo và Dữ liệu lớn (Ngành: CNTT)
88958,HHK,tri-tue-nhan-tao-va-du-lieu-lon,C01,Điểm thi THPT,2025,18.0,Trí tuệ nhân tạo và Dữ liệu lớn (Ngành: CNTT)
88959,HHK,tri-tue-nhan-tao-va-du-lieu-lon,C02,Điểm thi THPT,2025,18.0,Trí tuệ nhân tạo và Dữ liệu lớn (Ngành: CNTT)
88960,HHK,tri-tue-nhan-tao-va-du-lieu-lon,C03,Điểm thi THPT,2025,18.0,Trí tuệ nhân tạo và Dữ liệu lớn (Ngành: CNTT)
88961,HHK,tri-tue-nhan-tao-va-du-lieu-lon,C04,Điểm thi THPT,2025,18.0,Trí tuệ nhân tạo và Dữ liệu lớn (Ngành: CNTT)
88962,HHK,tri-tue-nhan-tao-va-du-lieu-lon,D01,Điểm thi THPT,2025,18.0,Trí tuệ nhân tạo và Dữ liệu lớn (Ngành: CNTT)
88963,HHK,tri-tue-nhan-tao-va-du-lieu-lon,D07,Điểm thi THPT,2025,18.0,Trí tuệ nhân tạo và Dữ liệu lớn (Ngành: CNTT)
88964,HHK,tri-tue-nhan-tao-va-du-lieu-lon,D09,Điểm thi THPT,2025,18.0,Trí tuệ nhân tạo và Dữ liệu lớn (Ngành: CNTT)
88965,HHK,tri-tue-nhan-tao-va-du-lieu-lon,D10,Điểm thi THPT,2025,18.0,Trí tuệ nhân tạo và Dữ liệu lớn (Ngành: CNTT)
88966,HHK,tri-tue-nhan-tao-va-du-lieu-lon,X01,Điểm thi THPT,2025,18.0,Trí tuệ nhân tạo và Dữ liệu lớn (Ngành: CNTT)
88967,HHK,tri-tue-nhan-tao-va-du-lieu-lon,X02,Điểm thi THPT,2025,18.0,Trí tuệ nhân tạo và Dữ liệu lớn (Ngành: CNTT)
88968,HHK,tri-tue-nhan-tao-va-du-lieu-lon,X03,Điểm thi THPT,2025,18.0,Trí tuệ nhân tạo và Dữ liệu lớn (Ngành: CNTT)
88969,HHK,tri-tue-nhan-tao-va-du-lieu-lon,X04,Điểm thi THPT,2025,18.0,Trí tuệ nhân tạo và Dữ liệu lớn (Ngành: CNTT)
88970,HHK,tri-tue-nhan-tao-va-du-lieu-lon,X05,Điểm thi THPT,2025,18.0,Trí tuệ nhân tạo và Dữ liệu lớn (Ngành: CNTT)
88971,HHK,tri-tue-nhan-tao-va-du-lieu-lon,X06,Điểm thi THPT,2025,18.0,Trí tuệ nhân tạo và Dữ liệu lớn (Ngành: CNTT)
88972,HHK,tri-tue-nhan-tao-va-du-lieu-lon,X07,Điểm thi THPT,2025,18.0,Trí tuệ nhân tạo và Dữ liệu lớn (Ngành: CNTT)
88973,HHK,tri-tue-nhan-tao-va-du-lieu-lon,X08,Điểm thi THPT,2025,18.0,Trí tuệ nhân tạo và Dữ liệu lớn (Ngành: CNTT)
88974,HHK,tri-tue-nhan-tao-va-du-lieu-lon,X09,Điểm thi THPT,2025,18.0,Trí tuệ nhân tạo và Dữ liệu lớn (Ngành: CNTT)
88975,HHK,tri-tue-nhan-tao-va-du-lieu-lon,X10,Điểm thi THPT,2025,18.0,Trí tuệ nhân tạo và Dữ liệu lớn (Ngành: CNTT)
88976,HHK,tri-tue-nhan-tao-va-du-lieu-lon,X11,Điểm thi THPT,2025,18.0,Trí tuệ nhân tạo và Dữ liệu lớn (Ngành: CNTT)
88977,HHK,tri-tue-nhan-tao-va-du-lieu-lon,X12,Điểm thi THPT,2025,18.0,Trí tuệ nhân tạo và Dữ liệu lớn (Ngành: CNTT)
88978,HHK,tri-tue-nhan-tao-va-du-lieu-lon,X13,Điểm thi THPT,2025,18.0,Trí tuệ nhân tạo và Dữ liệu lớn (Ngành: CNTT)
88979,HHK,tri-tue-nhan-tao-va-du-lieu-lon,X14,Điểm thi THPT,2025,18.0,Trí tuệ nhân tạo và Dữ liệu lớn (Ngành: CNTT)
88980,HHK,tri-tue-nhan-tao-va-du-lieu-lon,X15,Điểm thi THPT,2025,18.0,Trí tuệ nhân tạo và Dữ liệu lớn (Ngành: CNTT)
88981,HHK,tri-tue-nhan-tao-va-du-lieu-lon,X16,Điểm thi THPT,2025,18.0,Trí tuệ nhân tạo và Dữ liệu lớn (Ngành: CNTT)
88982,HHK,tri-tue-nhan-tao-va-du-lieu-lon,X17,Điểm thi THPT,2025,18.0,Trí tuệ nhân tạo và Dữ liệu lớn (Ngành: CNTT)
88983,HHK,tri-tue-nhan-tao-va-du-lieu-lon,X18,Điểm thi THPT,2025,18.0,Trí tuệ nhân tạo và Dữ liệu lớn (Ngành: CNTT)
88984,HHK,tri-tue-nhan-tao-va-du-lieu-lon,X19,Điểm thi THPT,2025,18.0,Trí tuệ nhân tạo và Dữ liệu lớn (Ngành: CNTT)
88985,HHK,tri-tue-nhan-tao-va-du-lieu-lon,X20,Điểm thi THPT,2025,18.0,Trí tuệ nhân tạo và Dữ liệu lớn (Ngành: CNTT)
88986,HHK,tri-tue-nhan-tao-va-du-lieu-lon,X21,Điểm thi THPT,2025,18.0,Trí tuệ nhân tạo và Dữ liệu lớn (Ngành: CNTT)
88987,HHK,tri-tue-nhan-tao-va-du-lieu-lon,X22,Điểm thi THPT,2025,18.0,Trí tuệ nhân tạo và Dữ liệu lớn (Ngành: CNTT)
88988,HHK,tri-tue-nhan-tao-va-du-lieu-lon,X23,Điểm thi THPT,2025,18.0,Trí tuệ nhân tạo và Dữ liệu lớn (Ngành: CNTT)
88989,HHK,tri-tue-nhan-tao-va-du-lieu-lon,X24,Điểm thi THPT,2025,18.0,Trí tuệ nhân tạo và Dữ liệu lớn (Ngành: CNTT)
88990,HHK,tri-tue-nhan-tao-va-du-lieu-lon,X25,Điểm thi THPT,2025,18.0,Trí tuệ nhân tạo và Dữ liệu lớn (Ngành: CNTT)
88991,HHK,tri-tue-nhan-tao-va-du-lieu-lon,X26,Điểm thi THPT,2025,18.0,Trí tuệ nhân tạo và Dữ liệu lớn (Ngành: CNTT)
88992,HHK,tri-tue-nhan-tao-va-du-lieu-lon,X27,Điểm thi THPT,2025,18.0,Trí tuệ nhân tạo và Dữ liệu lớn (Ngành: CNTT)
88993,HHK,tri-tue-nhan-tao-va-du-lieu-lon,X28,Điểm thi THPT,2025,18.0,Trí tuệ nhân tạo và Dữ liệu lớn (Ngành: CNTT)
88994,HHK,tri-tue-nhan-tao-va-du-lieu-lon,X53,Điểm thi THPT,2025,18.0,Trí tuệ nhân tạo và Dữ liệu lớn (Ngành: CNTT)
88995,HHK,tri-tue-nhan-tao-va-du-lieu-lon,X54,Điểm thi THPT,2025,18.0,Trí tuệ nhân tạo và Dữ liệu lớn (Ngành: CNTT)
88996,HHK,tri-tue-nhan-tao-va-internet-van-vat,A00,Điểm học bạ,2025,22.0,Trí tuệ nhân tạo và Internet vạn vật (Ngành: CNTT)
88997,HHK,tri-tue-nhan-tao-va-internet-van-vat,A01,Điểm học bạ,2025,22.0,Trí tuệ nhân tạo và Internet vạn vật (Ngành: CNTT)
88998,HHK,tri-tue-nhan-tao-va-internet-van-vat,A02,Điểm học bạ,2025,22.0,Trí tuệ nhân tạo và Internet vạn vật (Ngành: CNTT)
88999,HHK,tri-tue-nhan-tao-va-internet-van-vat,A03,Điểm học bạ,2025,22.0,Trí tuệ nhân tạo và Internet vạn vật (Ngành: CNTT)
89000,HHK,tri-tue-nhan-tao-va-internet-van-vat,A04,Điểm học bạ,2025,22.0,Trí tuệ nhân tạo và Internet vạn vật (Ngành: CNTT)
89001,HHK,tri-tue-nhan-tao-va-internet-van-vat,A05,Điểm học bạ,2025,22.0,Trí tuệ nhân tạo và Internet vạn vật (Ngành: CNTT)
89002,HHK,tri-tue-nhan-tao-va-internet-van-vat,A06,Điểm học bạ,2025,22.0,Trí tuệ nhân tạo và Internet vạn vật (Ngành: CNTT)
89003,HHK,tri-tue-nhan-tao-va-internet-van-vat,A07,Điểm học bạ,2025,22.0,Trí tuệ nhân tạo và Internet vạn vật (Ngành: CNTT)
89004,HHK,tri-tue-nhan-tao-va-internet-van-vat,B00,Điểm học bạ,2025,22.0,Trí tuệ nhân tạo và Internet vạn vật (Ngành: CNTT)
89005,HHK,tri-tue-nhan-tao-va-internet-van-vat,B01,Điểm học bạ,2025,22.0,Trí tuệ nhân tạo và Internet vạn vật (Ngành: CNTT)
89006,HHK,tri-tue-nhan-tao-va-internet-van-vat,B02,Điểm học bạ,2025,22.0,Trí tuệ nhân tạo và Internet vạn vật (Ngành: CNTT)
89007,HHK,tri-tue-nhan-tao-va-internet-van-vat,B03,Điểm học bạ,2025,22.0,Trí tuệ nhân tạo và Internet vạn vật (Ngành: CNTT)
89008,HHK,tri-tue-nhan-tao-va-internet-van-vat,B08,Điểm học bạ,2025,22.0,Trí tuệ nhân tạo và Internet vạn vật (Ngành: CNTT)
89009,HHK,tri-tue-nhan-tao-va-internet-van-vat,C01,Điểm học bạ,2025,22.0,Trí tuệ nhân tạo và Internet vạn vật (Ngành: CNTT)
89010,HHK,tri-tue-nhan-tao-va-internet-van-vat,C02,Điểm học bạ,2025,22.0,Trí tuệ nhân tạo và Internet vạn vật (Ngành: CNTT)
89011,HHK,tri-tue-nhan-tao-va-internet-van-vat,C03,Điểm học bạ,2025,22.0,Trí tuệ nhân tạo và Internet vạn vật (Ngành: CNTT)
89012,HHK,tri-tue-nhan-tao-va-internet-van-vat,C04,Điểm học bạ,2025,22.0,Trí tuệ nhân tạo và Internet vạn vật (Ngành: CNTT)
89013,HHK,tri-tue-nhan-tao-va-internet-van-vat,D01,Điểm học bạ,2025,22.0,Trí tuệ nhân tạo và Internet vạn vật (Ngành: CNTT)
89014,HHK,tri-tue-nhan-tao-va-internet-van-vat,D07,Điểm học bạ,2025,22.0,Trí tuệ nhân tạo và Internet vạn vật (Ngành: CNTT)
89015,HHK,tri-tue-nhan-tao-va-internet-van-vat,D09,Điểm học bạ,2025,22.0,Trí tuệ nhân tạo và Internet vạn vật (Ngành: CNTT)
89016,HHK,tri-tue-nhan-tao-va-internet-van-vat,D10,Điểm học bạ,2025,22.0,Trí tuệ nhân tạo và Internet vạn vật (Ngành: CNTT)
89017,HHK,tri-tue-nhan-tao-va-internet-van-vat,X01,Điểm học bạ,2025,22.0,Trí tuệ nhân tạo và Internet vạn vật (Ngành: CNTT)
89018,HHK,tri-tue-nhan-tao-va-internet-van-vat,X02,Điểm học bạ,2025,22.0,Trí tuệ nhân tạo và Internet vạn vật (Ngành: CNTT)
89019,HHK,tri-tue-nhan-tao-va-internet-van-vat,X03,Điểm học bạ,2025,22.0,Trí tuệ nhân tạo và Internet vạn vật (Ngành: CNTT)
89020,HHK,tri-tue-nhan-tao-va-internet-van-vat,X04,Điểm học bạ,2025,22.0,Trí tuệ nhân tạo và Internet vạn vật (Ngành: CNTT)
89021,HHK,tri-tue-nhan-tao-va-internet-van-vat,X05,Điểm học bạ,2025,22.0,Trí tuệ nhân tạo và Internet vạn vật (Ngành: CNTT)
89022,HHK,tri-tue-nhan-tao-va-internet-van-vat,X06,Điểm học bạ,2025,22.0,Trí tuệ nhân tạo và Internet vạn vật (Ngành: CNTT)
89023,HHK,tri-tue-nhan-tao-va-internet-van-vat,X07,Điểm học bạ,2025,22.0,Trí tuệ nhân tạo và Internet vạn vật (Ngành: CNTT)
89024,HHK,tri-tue-nhan-tao-va-internet-van-vat,X08,Điểm học bạ,2025,22.0,Trí tuệ nhân tạo và Internet vạn vật (Ngành: CNTT)
89025,HHK,tri-tue-nhan-tao-va-internet-van-vat,X09,Điểm học bạ,2025,22.0,Trí tuệ nhân tạo và Internet vạn vật (Ngành: CNTT)
89026,HHK,tri-tue-nhan-tao-va-internet-van-vat,X10,Điểm học bạ,2025,22.0,Trí tuệ nhân tạo và Internet vạn vật (Ngành: CNTT)
89027,HHK,tri-tue-nhan-tao-va-internet-van-vat,X11,Điểm học bạ,2025,22.0,Trí tuệ nhân tạo và Internet vạn vật (Ngành: CNTT)
89028,HHK,tri-tue-nhan-tao-va-internet-van-vat,X12,Điểm học bạ,2025,22.0,Trí tuệ nhân tạo và Internet vạn vật (Ngành: CNTT)
89029,HHK,tri-tue-nhan-tao-va-internet-van-vat,X13,Điểm học bạ,2025,22.0,Trí tuệ nhân tạo và Internet vạn vật (Ngành: CNTT)
89030,HHK,tri-tue-nhan-tao-va-internet-van-vat,X14,Điểm học bạ,2025,22.0,Trí tuệ nhân tạo và Internet vạn vật (Ngành: CNTT)
89031,HHK,tri-tue-nhan-tao-va-internet-van-vat,X15,Điểm học bạ,2025,22.0,Trí tuệ nhân tạo và Internet vạn vật (Ngành: CNTT)
89032,HHK,tri-tue-nhan-tao-va-internet-van-vat,X16,Điểm học bạ,2025,22.0,Trí tuệ nhân tạo và Internet vạn vật (Ngành: CNTT)
89033,HHK,tri-tue-nhan-tao-va-internet-van-vat,X17,Điểm học bạ,2025,22.0,Trí tuệ nhân tạo và Internet vạn vật (Ngành: CNTT)
89034,HHK,tri-tue-nhan-tao-va-internet-van-vat,X18,Điểm học bạ,2025,22.0,Trí tuệ nhân tạo và Internet vạn vật (Ngành: CNTT)
89035,HHK,tri-tue-nhan-tao-va-internet-van-vat,X19,Điểm học bạ,2025,22.0,Trí tuệ nhân tạo và Internet vạn vật (Ngành: CNTT)
89036,HHK,tri-tue-nhan-tao-va-internet-van-vat,X20,Điểm học bạ,2025,22.0,Trí tuệ nhân tạo và Internet vạn vật (Ngành: CNTT)
89037,HHK,tri-tue-nhan-tao-va-internet-van-vat,X21,Điểm học bạ,2025,22.0,Trí tuệ nhân tạo và Internet vạn vật (Ngành: CNTT)
89038,HHK,tri-tue-nhan-tao-va-internet-van-vat,X22,Điểm học bạ,2025,22.0,Trí tuệ nhân tạo và Internet vạn vật (Ngành: CNTT)
89039,HHK,tri-tue-nhan-tao-va-internet-van-vat,X23,Điểm học bạ,2025,22.0,Trí tuệ nhân tạo và Internet vạn vật (Ngành: CNTT)
89040,HHK,tri-tue-nhan-tao-va-internet-van-vat,X24,Điểm học bạ,2025,22.0,Trí tuệ nhân tạo và Internet vạn vật (Ngành: CNTT)
89041,HHK,tri-tue-nhan-tao-va-internet-van-vat,X25,Điểm học bạ,2025,22.0,Trí tuệ nhân tạo và Internet vạn vật (Ngành: CNTT)
89042,HHK,tri-tue-nhan-tao-va-internet-van-vat,X26,Điểm học bạ,2025,22.0,Trí tuệ nhân tạo và Internet vạn vật (Ngành: CNTT)
89043,HHK,tri-tue-nhan-tao-va-internet-van-vat,X27,Điểm học bạ,2025,22.0,Trí tuệ nhân tạo và Internet vạn vật (Ngành: CNTT)
89044,HHK,tri-tue-nhan-tao-va-internet-van-vat,X28,Điểm học bạ,2025,22.0,Trí tuệ nhân tạo và Internet vạn vật (Ngành: CNTT)
89045,HHK,tri-tue-nhan-tao-va-internet-van-vat,X53,Điểm học bạ,2025,22.0,Trí tuệ nhân tạo và Internet vạn vật (Ngành: CNTT)
89046,HHK,tri-tue-nhan-tao-va-internet-van-vat,X54,Điểm học bạ,2025,22.0,Trí tuệ nhân tạo và Internet vạn vật (Ngành: CNTT)
89047,HHK,tri-tue-nhan-tao-va-internet-van-vat,A00,Điểm thi THPT,2025,18.0,Trí tuệ nhân tạo và Internet vạn vật (Ngành: CNTT)
89048,HHK,tri-tue-nhan-tao-va-internet-van-vat,A01,Điểm thi THPT,2025,18.0,Trí tuệ nhân tạo và Internet vạn vật (Ngành: CNTT)
89049,HHK,tri-tue-nhan-tao-va-internet-van-vat,A02,Điểm thi THPT,2025,18.0,Trí tuệ nhân tạo và Internet vạn vật (Ngành: CNTT)
89050,HHK,tri-tue-nhan-tao-va-internet-van-vat,A03,Điểm thi THPT,2025,18.0,Trí tuệ nhân tạo và Internet vạn vật (Ngành: CNTT)
89051,HHK,tri-tue-nhan-tao-va-internet-van-vat,A04,Điểm thi THPT,2025,18.0,Trí tuệ nhân tạo và Internet vạn vật (Ngành: CNTT)
89052,HHK,tri-tue-nhan-tao-va-internet-van-vat,A05,Điểm thi THPT,2025,18.0,Trí tuệ nhân tạo và Internet vạn vật (Ngành: CNTT)
89053,HHK,tri-tue-nhan-tao-va-internet-van-vat,A06,Điểm thi THPT,2025,18.0,Trí tuệ nhân tạo và Internet vạn vật (Ngành: CNTT)
89054,HHK,tri-tue-nhan-tao-va-internet-van-vat,A07,Điểm thi THPT,2025,18.0,Trí tuệ nhân tạo và Internet vạn vật (Ngành: CNTT)
89055,HHK,tri-tue-nhan-tao-va-internet-van-vat,B00,Điểm thi THPT,2025,18.0,Trí tuệ nhân tạo và Internet vạn vật (Ngành: CNTT)
89056,HHK,tri-tue-nhan-tao-va-internet-van-vat,B01,Điểm thi THPT,2025,18.0,Trí tuệ nhân tạo và Internet vạn vật (Ngành: CNTT)
89057,HHK,tri-tue-nhan-tao-va-internet-van-vat,B02,Điểm thi THPT,2025,18.0,Trí tuệ nhân tạo và Internet vạn vật (Ngành: CNTT)
89058,HHK,tri-tue-nhan-tao-va-internet-van-vat,B03,Điểm thi THPT,2025,18.0,Trí tuệ nhân tạo và Internet vạn vật (Ngành: CNTT)
89059,HHK,tri-tue-nhan-tao-va-internet-van-vat,B08,Điểm thi THPT,2025,18.0,Trí tuệ nhân tạo và Internet vạn vật (Ngành: CNTT)
89060,HHK,tri-tue-nhan-tao-va-internet-van-vat,C01,Điểm thi THPT,2025,18.0,Trí tuệ nhân tạo và Internet vạn vật (Ngành: CNTT)
89061,HHK,tri-tue-nhan-tao-va-internet-van-vat,C02,Điểm thi THPT,2025,18.0,Trí tuệ nhân tạo và Internet vạn vật (Ngành: CNTT)
89062,HHK,tri-tue-nhan-tao-va-internet-van-vat,C03,Điểm thi THPT,2025,18.0,Trí tuệ nhân tạo và Internet vạn vật (Ngành: CNTT)
89063,HHK,tri-tue-nhan-tao-va-internet-van-vat,C04,Điểm thi THPT,2025,18.0,Trí tuệ nhân tạo và Internet vạn vật (Ngành: CNTT)
89064,HHK,tri-tue-nhan-tao-va-internet-van-vat,D01,Điểm thi THPT,2025,18.0,Trí tuệ nhân tạo và Internet vạn vật (Ngành: CNTT)
89065,HHK,tri-tue-nhan-tao-va-internet-van-vat,D07,Điểm thi THPT,2025,18.0,Trí tuệ nhân tạo và Internet vạn vật (Ngành: CNTT)
89066,HHK,tri-tue-nhan-tao-va-internet-van-vat,D09,Điểm thi THPT,2025,18.0,Trí tuệ nhân tạo và Internet vạn vật (Ngành: CNTT)
89067,HHK,tri-tue-nhan-tao-va-internet-van-vat,D10,Điểm thi THPT,2025,18.0,Trí tuệ nhân tạo và Internet vạn vật (Ngành: CNTT)
89068,HHK,tri-tue-nhan-tao-va-internet-van-vat,X01,Điểm thi THPT,2025,18.0,Trí tuệ nhân tạo và Internet vạn vật (Ngành: CNTT)
89069,HHK,tri-tue-nhan-tao-va-internet-van-vat,X02,Điểm thi THPT,2025,18.0,Trí tuệ nhân tạo và Internet vạn vật (Ngành: CNTT)
89070,HHK,tri-tue-nhan-tao-va-internet-van-vat,X03,Điểm thi THPT,2025,18.0,Trí tuệ nhân tạo và Internet vạn vật (Ngành: CNTT)
89071,HHK,tri-tue-nhan-tao-va-internet-van-vat,X04,Điểm thi THPT,2025,18.0,Trí tuệ nhân tạo và Internet vạn vật (Ngành: CNTT)
89072,HHK,tri-tue-nhan-tao-va-internet-van-vat,X05,Điểm thi THPT,2025,18.0,Trí tuệ nhân tạo và Internet vạn vật (Ngành: CNTT)
89073,HHK,tri-tue-nhan-tao-va-internet-van-vat,X06,Điểm thi THPT,2025,18.0,Trí tuệ nhân tạo và Internet vạn vật (Ngành: CNTT)
89074,HHK,tri-tue-nhan-tao-va-internet-van-vat,X07,Điểm thi THPT,2025,18.0,Trí tuệ nhân tạo và Internet vạn vật (Ngành: CNTT)
89075,HHK,tri-tue-nhan-tao-va-internet-van-vat,X08,Điểm thi THPT,2025,18.0,Trí tuệ nhân tạo và Internet vạn vật (Ngành: CNTT)
89076,HHK,tri-tue-nhan-tao-va-internet-van-vat,X09,Điểm thi THPT,2025,18.0,Trí tuệ nhân tạo và Internet vạn vật (Ngành: CNTT)
89077,HHK,tri-tue-nhan-tao-va-internet-van-vat,X10,Điểm thi THPT,2025,18.0,Trí tuệ nhân tạo và Internet vạn vật (Ngành: CNTT)
89078,HHK,tri-tue-nhan-tao-va-internet-van-vat,X11,Điểm thi THPT,2025,18.0,Trí tuệ nhân tạo và Internet vạn vật (Ngành: CNTT)
89079,HHK,tri-tue-nhan-tao-va-internet-van-vat,X12,Điểm thi THPT,2025,18.0,Trí tuệ nhân tạo và Internet vạn vật (Ngành: CNTT)
89080,HHK,tri-tue-nhan-tao-va-internet-van-vat,X13,Điểm thi THPT,2025,18.0,Trí tuệ nhân tạo và Internet vạn vật (Ngành: CNTT)
89081,HHK,tri-tue-nhan-tao-va-internet-van-vat,X14,Điểm thi THPT,2025,18.0,Trí tuệ nhân tạo và Internet vạn vật (Ngành: CNTT)
89082,HHK,tri-tue-nhan-tao-va-internet-van-vat,X15,Điểm thi THPT,2025,18.0,Trí tuệ nhân tạo và Internet vạn vật (Ngành: CNTT)
89083,HHK,tri-tue-nhan-tao-va-internet-van-vat,X16,Điểm thi THPT,2025,18.0,Trí tuệ nhân tạo và Internet vạn vật (Ngành: CNTT)
89084,HHK,tri-tue-nhan-tao-va-internet-van-vat,X17,Điểm thi THPT,2025,18.0,Trí tuệ nhân tạo và Internet vạn vật (Ngành: CNTT)
89085,HHK,tri-tue-nhan-tao-va-internet-van-vat,X18,Điểm thi THPT,2025,18.0,Trí tuệ nhân tạo và Internet vạn vật (Ngành: CNTT)
89086,HHK,tri-tue-nhan-tao-va-internet-van-vat,X19,Điểm thi THPT,2025,18.0,Trí tuệ nhân tạo và Internet vạn vật (Ngành: CNTT)
89087,HHK,tri-tue-nhan-tao-va-internet-van-vat,X20,Điểm thi THPT,2025,18.0,Trí tuệ nhân tạo và Internet vạn vật (Ngành: CNTT)
89088,HHK,tri-tue-nhan-tao-va-internet-van-vat,X21,Điểm thi THPT,2025,18.0,Trí tuệ nhân tạo và Internet vạn vật (Ngành: CNTT)
89089,HHK,tri-tue-nhan-tao-va-internet-van-vat,X22,Điểm thi THPT,2025,18.0,Trí tuệ nhân tạo và Internet vạn vật (Ngành: CNTT)
89090,HHK,tri-tue-nhan-tao-va-internet-van-vat,X23,Điểm thi THPT,2025,18.0,Trí tuệ nhân tạo và Internet vạn vật (Ngành: CNTT)
89091,HHK,tri-tue-nhan-tao-va-internet-van-vat,X24,Điểm thi THPT,2025,18.0,Trí tuệ nhân tạo và Internet vạn vật (Ngành: CNTT)
89092,HHK,tri-tue-nhan-tao-va-internet-van-vat,X25,Điểm thi THPT,2025,18.0,Trí tuệ nhân tạo và Internet vạn vật (Ngành: CNTT)
89093,HHK,tri-tue-nhan-tao-va-internet-van-vat,X26,Điểm thi THPT,2025,18.0,Trí tuệ nhân tạo và Internet vạn vật (Ngành: CNTT)
89094,HHK,tri-tue-nhan-tao-va-internet-van-vat,X27,Điểm thi THPT,2025,18.0,Trí tuệ nhân tạo và Internet vạn vật (Ngành: CNTT)
89095,HHK,tri-tue-nhan-tao-va-internet-van-vat,X28,Điểm thi THPT,2025,18.0,Trí tuệ nhân tạo và Internet vạn vật (Ngành: CNTT)
89096,HHK,tri-tue-nhan-tao-va-internet-van-vat,X53,Điểm thi THPT,2025,18.0,Trí tuệ nhân tạo và Internet vạn vật (Ngành: CNTT)
89097,HHK,tri-tue-nhan-tao-va-internet-van-vat,X54,Điểm thi THPT,2025,18.0,Trí tuệ nhân tạo và Internet vạn vật (Ngành: CNTT)
89098,HHK,xay-dung-va-phat-trien-cang-hk,A00,Điểm học bạ,2025,22.0,Xây dựng và phát triển cảng HK (Ngành: CNKT Công trình xây dựng)
89099,HHK,xay-dung-va-phat-trien-cang-hk,A01,Điểm học bạ,2025,22.0,Xây dựng và phát triển cảng HK (Ngành: CNKT Công trình xây dựng)
89100,HHK,xay-dung-va-phat-trien-cang-hk,A02,Điểm học bạ,2025,22.0,Xây dựng và phát triển cảng HK (Ngành: CNKT Công trình xây dựng)
89101,HHK,xay-dung-va-phat-trien-cang-hk,A03,Điểm học bạ,2025,22.0,Xây dựng và phát triển cảng HK (Ngành: CNKT Công trình xây dựng)
89102,HHK,xay-dung-va-phat-trien-cang-hk,A04,Điểm học bạ,2025,22.0,Xây dựng và phát triển cảng HK (Ngành: CNKT Công trình xây dựng)
89103,HHK,xay-dung-va-phat-trien-cang-hk,A05,Điểm học bạ,2025,22.0,Xây dựng và phát triển cảng HK (Ngành: CNKT Công trình xây dựng)
89104,HHK,xay-dung-va-phat-trien-cang-hk,A06,Điểm học bạ,2025,22.0,Xây dựng và phát triển cảng HK (Ngành: CNKT Công trình xây dựng)
89105,HHK,xay-dung-va-phat-trien-cang-hk,A07,Điểm học bạ,2025,22.0,Xây dựng và phát triển cảng HK (Ngành: CNKT Công trình xây dựng)
89106,HHK,xay-dung-va-phat-trien-cang-hk,B00,Điểm học bạ,2025,22.0,Xây dựng và phát triển cảng HK (Ngành: CNKT Công trình xây dựng)
89107,HHK,xay-dung-va-phat-trien-cang-hk,B01,Điểm học bạ,2025,22.0,Xây dựng và phát triển cảng HK (Ngành: CNKT Công trình xây dựng)
89108,HHK,xay-dung-va-phat-trien-cang-hk,B02,Điểm học bạ,2025,22.0,Xây dựng và phát triển cảng HK (Ngành: CNKT Công trình xây dựng)
89109,HHK,xay-dung-va-phat-trien-cang-hk,B03,Điểm học bạ,2025,22.0,Xây dựng và phát triển cảng HK (Ngành: CNKT Công trình xây dựng)
89110,HHK,xay-dung-va-phat-trien-cang-hk,B08,Điểm học bạ,2025,22.0,Xây dựng và phát triển cảng HK (Ngành: CNKT Công trình xây dựng)
89111,HHK,xay-dung-va-phat-trien-cang-hk,C01,Điểm học bạ,2025,22.0,Xây dựng và phát triển cảng HK (Ngành: CNKT Công trình xây dựng)
89112,HHK,xay-dung-va-phat-trien-cang-hk,C02,Điểm học bạ,2025,22.0,Xây dựng và phát triển cảng HK (Ngành: CNKT Công trình xây dựng)
89113,HHK,xay-dung-va-phat-trien-cang-hk,C03,Điểm học bạ,2025,22.0,Xây dựng và phát triển cảng HK (Ngành: CNKT Công trình xây dựng)
89114,HHK,xay-dung-va-phat-trien-cang-hk,C04,Điểm học bạ,2025,22.0,Xây dựng và phát triển cảng HK (Ngành: CNKT Công trình xây dựng)
89115,HHK,xay-dung-va-phat-trien-cang-hk,D01,Điểm học bạ,2025,22.0,Xây dựng và phát triển cảng HK (Ngành: CNKT Công trình xây dựng)
89116,HHK,xay-dung-va-phat-trien-cang-hk,D07,Điểm học bạ,2025,22.0,Xây dựng và phát triển cảng HK (Ngành: CNKT Công trình xây dựng)
89117,HHK,xay-dung-va-phat-trien-cang-hk,D09,Điểm học bạ,2025,22.0,Xây dựng và phát triển cảng HK (Ngành: CNKT Công trình xây dựng)
89118,HHK,xay-dung-va-phat-trien-cang-hk,D10,Điểm học bạ,2025,22.0,Xây dựng và phát triển cảng HK (Ngành: CNKT Công trình xây dựng)
89119,HHK,xay-dung-va-phat-trien-cang-hk,X01,Điểm học bạ,2025,22.0,Xây dựng và phát triển cảng HK (Ngành: CNKT Công trình xây dựng)
89120,HHK,xay-dung-va-phat-trien-cang-hk,X02,Điểm học bạ,2025,22.0,Xây dựng và phát triển cảng HK (Ngành: CNKT Công trình xây dựng)
89121,HHK,xay-dung-va-phat-trien-cang-hk,X03,Điểm học bạ,2025,22.0,Xây dựng và phát triển cảng HK (Ngành: CNKT Công trình xây dựng)
89122,HHK,xay-dung-va-phat-trien-cang-hk,X04,Điểm học bạ,2025,22.0,Xây dựng và phát triển cảng HK (Ngành: CNKT Công trình xây dựng)
89123,HHK,xay-dung-va-phat-trien-cang-hk,X05,Điểm học bạ,2025,22.0,Xây dựng và phát triển cảng HK (Ngành: CNKT Công trình xây dựng)
89124,HHK,xay-dung-va-phat-trien-cang-hk,X06,Điểm học bạ,2025,22.0,Xây dựng và phát triển cảng HK (Ngành: CNKT Công trình xây dựng)
89125,HHK,xay-dung-va-phat-trien-cang-hk,X07,Điểm học bạ,2025,22.0,Xây dựng và phát triển cảng HK (Ngành: CNKT Công trình xây dựng)
89126,HHK,xay-dung-va-phat-trien-cang-hk,X08,Điểm học bạ,2025,22.0,Xây dựng và phát triển cảng HK (Ngành: CNKT Công trình xây dựng)
89127,HHK,xay-dung-va-phat-trien-cang-hk,X09,Điểm học bạ,2025,22.0,Xây dựng và phát triển cảng HK (Ngành: CNKT Công trình xây dựng)
89128,HHK,xay-dung-va-phat-trien-cang-hk,X10,Điểm học bạ,2025,22.0,Xây dựng và phát triển cảng HK (Ngành: CNKT Công trình xây dựng)
89129,HHK,xay-dung-va-phat-trien-cang-hk,X11,Điểm học bạ,2025,22.0,Xây dựng và phát triển cảng HK (Ngành: CNKT Công trình xây dựng)
89130,HHK,xay-dung-va-phat-trien-cang-hk,X12,Điểm học bạ,2025,22.0,Xây dựng và phát triển cảng HK (Ngành: CNKT Công trình xây dựng)
89131,HHK,xay-dung-va-phat-trien-cang-hk,X13,Điểm học bạ,2025,22.0,Xây dựng và phát triển cảng HK (Ngành: CNKT Công trình xây dựng)
89132,HHK,xay-dung-va-phat-trien-cang-hk,X14,Điểm học bạ,2025,22.0,Xây dựng và phát triển cảng HK (Ngành: CNKT Công trình xây dựng)
89133,HHK,xay-dung-va-phat-trien-cang-hk,X15,Điểm học bạ,2025,22.0,Xây dựng và phát triển cảng HK (Ngành: CNKT Công trình xây dựng)
89134,HHK,xay-dung-va-phat-trien-cang-hk,X16,Điểm học bạ,2025,22.0,Xây dựng và phát triển cảng HK (Ngành: CNKT Công trình xây dựng)
89135,HHK,xay-dung-va-phat-trien-cang-hk,X17,Điểm học bạ,2025,22.0,Xây dựng và phát triển cảng HK (Ngành: CNKT Công trình xây dựng)
89136,HHK,xay-dung-va-phat-trien-cang-hk,X18,Điểm học bạ,2025,22.0,Xây dựng và phát triển cảng HK (Ngành: CNKT Công trình xây dựng)
89137,HHK,xay-dung-va-phat-trien-cang-hk,X19,Điểm học bạ,2025,22.0,Xây dựng và phát triển cảng HK (Ngành: CNKT Công trình xây dựng)
89138,HHK,xay-dung-va-phat-trien-cang-hk,X20,Điểm học bạ,2025,22.0,Xây dựng và phát triển cảng HK (Ngành: CNKT Công trình xây dựng)
89139,HHK,xay-dung-va-phat-trien-cang-hk,X21,Điểm học bạ,2025,22.0,Xây dựng và phát triển cảng HK (Ngành: CNKT Công trình xây dựng)
89140,HHK,xay-dung-va-phat-trien-cang-hk,X22,Điểm học bạ,2025,22.0,Xây dựng và phát triển cảng HK (Ngành: CNKT Công trình xây dựng)
89141,HHK,xay-dung-va-phat-trien-cang-hk,X23,Điểm học bạ,2025,22.0,Xây dựng và phát triển cảng HK (Ngành: CNKT Công trình xây dựng)
89142,HHK,xay-dung-va-phat-trien-cang-hk,X24,Điểm học bạ,2025,22.0,Xây dựng và phát triển cảng HK (Ngành: CNKT Công trình xây dựng)
89143,HHK,xay-dung-va-phat-trien-cang-hk,X25,Điểm học bạ,2025,22.0,Xây dựng và phát triển cảng HK (Ngành: CNKT Công trình xây dựng)
89144,HHK,xay-dung-va-phat-trien-cang-hk,X26,Điểm học bạ,2025,22.0,Xây dựng và phát triển cảng HK (Ngành: CNKT Công trình xây dựng)
89145,HHK,xay-dung-va-phat-trien-cang-hk,X27,Điểm học bạ,2025,22.0,Xây dựng và phát triển cảng HK (Ngành: CNKT Công trình xây dựng)
89146,HHK,xay-dung-va-phat-trien-cang-hk,X28,Điểm học bạ,2025,22.0,Xây dựng và phát triển cảng HK (Ngành: CNKT Công trình xây dựng)
89147,HHK,xay-dung-va-phat-trien-cang-hk,X53,Điểm học bạ,2025,22.0,Xây dựng và phát triển cảng HK (Ngành: CNKT Công trình xây dựng)
89148,HHK,xay-dung-va-phat-trien-cang-hk,X54,Điểm học bạ,2025,22.0,Xây dựng và phát triển cảng HK (Ngành: CNKT Công trình xây dựng)
89149,HHK,xay-dung-va-phat-trien-cang-hk,A00,Điểm thi THPT,2025,18.0,Xây dựng và phát triển cảng HK (Ngành: CNKT Công trình xây dựng)
89150,HHK,xay-dung-va-phat-trien-cang-hk,A01,Điểm thi THPT,2025,18.0,Xây dựng và phát triển cảng HK (Ngành: CNKT Công trình xây dựng)
89151,HHK,xay-dung-va-phat-trien-cang-hk,A02,Điểm thi THPT,2025,18.0,Xây dựng và phát triển cảng HK (Ngành: CNKT Công trình xây dựng)
89152,HHK,xay-dung-va-phat-trien-cang-hk,A03,Điểm thi THPT,2025,18.0,Xây dựng và phát triển cảng HK (Ngành: CNKT Công trình xây dựng)
89153,HHK,xay-dung-va-phat-trien-cang-hk,A04,Điểm thi THPT,2025,18.0,Xây dựng và phát triển cảng HK (Ngành: CNKT Công trình xây dựng)
89154,HHK,xay-dung-va-phat-trien-cang-hk,A05,Điểm thi THPT,2025,18.0,Xây dựng và phát triển cảng HK (Ngành: CNKT Công trình xây dựng)
89155,HHK,xay-dung-va-phat-trien-cang-hk,A06,Điểm thi THPT,2025,18.0,Xây dựng và phát triển cảng HK (Ngành: CNKT Công trình xây dựng)
89156,HHK,xay-dung-va-phat-trien-cang-hk,A07,Điểm thi THPT,2025,18.0,Xây dựng và phát triển cảng HK (Ngành: CNKT Công trình xây dựng)
89157,HHK,xay-dung-va-phat-trien-cang-hk,B00,Điểm thi THPT,2025,18.0,Xây dựng và phát triển cảng HK (Ngành: CNKT Công trình xây dựng)
89158,HHK,xay-dung-va-phat-trien-cang-hk,B01,Điểm thi THPT,2025,18.0,Xây dựng và phát triển cảng HK (Ngành: CNKT Công trình xây dựng)
89159,HHK,xay-dung-va-phat-trien-cang-hk,B02,Điểm thi THPT,2025,18.0,Xây dựng và phát triển cảng HK (Ngành: CNKT Công trình xây dựng)
89160,HHK,xay-dung-va-phat-trien-cang-hk,B03,Điểm thi THPT,2025,18.0,Xây dựng và phát triển cảng HK (Ngành: CNKT Công trình xây dựng)
89161,HHK,xay-dung-va-phat-trien-cang-hk,B08,Điểm thi THPT,2025,18.0,Xây dựng và phát triển cảng HK (Ngành: CNKT Công trình xây dựng)
89162,HHK,xay-dung-va-phat-trien-cang-hk,C01,Điểm thi THPT,2025,18.0,Xây dựng và phát triển cảng HK (Ngành: CNKT Công trình xây dựng)
89163,HHK,xay-dung-va-phat-trien-cang-hk,C02,Điểm thi THPT,2025,18.0,Xây dựng và phát triển cảng HK (Ngành: CNKT Công trình xây dựng)
89164,HHK,xay-dung-va-phat-trien-cang-hk,C03,Điểm thi THPT,2025,18.0,Xây dựng và phát triển cảng HK (Ngành: CNKT Công trình xây dựng)
89165,HHK,xay-dung-va-phat-trien-cang-hk,C04,Điểm thi THPT,2025,18.0,Xây dựng và phát triển cảng HK (Ngành: CNKT Công trình xây dựng)
89166,HHK,xay-dung-va-phat-trien-cang-hk,D01,Điểm thi THPT,2025,18.0,Xây dựng và phát triển cảng HK (Ngành: CNKT Công trình xây dựng)
89167,HHK,xay-dung-va-phat-trien-cang-hk,D07,Điểm thi THPT,2025,18.0,Xây dựng và phát triển cảng HK (Ngành: CNKT Công trình xây dựng)
89168,HHK,xay-dung-va-phat-trien-cang-hk,D09,Điểm thi THPT,2025,18.0,Xây dựng và phát triển cảng HK (Ngành: CNKT Công trình xây dựng)
89169,HHK,xay-dung-va-phat-trien-cang-hk,D10,Điểm thi THPT,2025,18.0,Xây dựng và phát triển cảng HK (Ngành: CNKT Công trình xây dựng)
89170,HHK,xay-dung-va-phat-trien-cang-hk,X01,Điểm thi THPT,2025,18.0,Xây dựng và phát triển cảng HK (Ngành: CNKT Công trình xây dựng)
89171,HHK,xay-dung-va-phat-trien-cang-hk,X02,Điểm thi THPT,2025,18.0,Xây dựng và phát triển cảng HK (Ngành: CNKT Công trình xây dựng)
89172,HHK,xay-dung-va-phat-trien-cang-hk,X03,Điểm thi THPT,2025,18.0,Xây dựng và phát triển cảng HK (Ngành: CNKT Công trình xây dựng)
89173,HHK,xay-dung-va-phat-trien-cang-hk,X04,Điểm thi THPT,2025,18.0,Xây dựng và phát triển cảng HK (Ngành: CNKT Công trình xây dựng)
89174,HHK,xay-dung-va-phat-trien-cang-hk,X05,Điểm thi THPT,2025,18.0,Xây dựng và phát triển cảng HK (Ngành: CNKT Công trình xây dựng)
89175,HHK,xay-dung-va-phat-trien-cang-hk,X06,Điểm thi THPT,2025,18.0,Xây dựng và phát triển cảng HK (Ngành: CNKT Công trình xây dựng)
89176,HHK,xay-dung-va-phat-trien-cang-hk,X07,Điểm thi THPT,2025,18.0,Xây dựng và phát triển cảng HK (Ngành: CNKT Công trình xây dựng)
89177,HHK,xay-dung-va-phat-trien-cang-hk,X08,Điểm thi THPT,2025,18.0,Xây dựng và phát triển cảng HK (Ngành: CNKT Công trình xây dựng)
89178,HHK,xay-dung-va-phat-trien-cang-hk,X09,Điểm thi THPT,2025,18.0,Xây dựng và phát triển cảng HK (Ngành: CNKT Công trình xây dựng)
89179,HHK,xay-dung-va-phat-trien-cang-hk,X10,Điểm thi THPT,2025,18.0,Xây dựng và phát triển cảng HK (Ngành: CNKT Công trình xây dựng)
89180,HHK,xay-dung-va-phat-trien-cang-hk,X11,Điểm thi THPT,2025,18.0,Xây dựng và phát triển cảng HK (Ngành: CNKT Công trình xây dựng)
89181,HHK,xay-dung-va-phat-trien-cang-hk,X12,Điểm thi THPT,2025,18.0,Xây dựng và phát triển cảng HK (Ngành: CNKT Công trình xây dựng)
89182,HHK,xay-dung-va-phat-trien-cang-hk,X13,Điểm thi THPT,2025,18.0,Xây dựng và phát triển cảng HK (Ngành: CNKT Công trình xây dựng)
89183,HHK,xay-dung-va-phat-trien-cang-hk,X14,Điểm thi THPT,2025,18.0,Xây dựng và phát triển cảng HK (Ngành: CNKT Công trình xây dựng)
89184,HHK,xay-dung-va-phat-trien-cang-hk,X15,Điểm thi THPT,2025,18.0,Xây dựng và phát triển cảng HK (Ngành: CNKT Công trình xây dựng)
89185,HHK,xay-dung-va-phat-trien-cang-hk,X16,Điểm thi THPT,2025,18.0,Xây dựng và phát triển cảng HK (Ngành: CNKT Công trình xây dựng)
89186,HHK,xay-dung-va-phat-trien-cang-hk,X17,Điểm thi THPT,2025,18.0,Xây dựng và phát triển cảng HK (Ngành: CNKT Công trình xây dựng)
89187,HHK,xay-dung-va-phat-trien-cang-hk,X18,Điểm thi THPT,2025,18.0,Xây dựng và phát triển cảng HK (Ngành: CNKT Công trình xây dựng)
89188,HHK,xay-dung-va-phat-trien-cang-hk,X19,Điểm thi THPT,2025,18.0,Xây dựng và phát triển cảng HK (Ngành: CNKT Công trình xây dựng)
89189,HHK,xay-dung-va-phat-trien-cang-hk,X20,Điểm thi THPT,2025,18.0,Xây dựng và phát triển cảng HK (Ngành: CNKT Công trình xây dựng)
89190,HHK,xay-dung-va-phat-trien-cang-hk,X21,Điểm thi THPT,2025,18.0,Xây dựng và phát triển cảng HK (Ngành: CNKT Công trình xây dựng)
89191,HHK,xay-dung-va-phat-trien-cang-hk,X22,Điểm thi THPT,2025,18.0,Xây dựng và phát triển cảng HK (Ngành: CNKT Công trình xây dựng)
89192,HHK,xay-dung-va-phat-trien-cang-hk,X23,Điểm thi THPT,2025,18.0,Xây dựng và phát triển cảng HK (Ngành: CNKT Công trình xây dựng)
89193,HHK,xay-dung-va-phat-trien-cang-hk,X24,Điểm thi THPT,2025,18.0,Xây dựng và phát triển cảng HK (Ngành: CNKT Công trình xây dựng)
89194,HHK,xay-dung-va-phat-trien-cang-hk,X25,Điểm thi THPT,2025,18.0,Xây dựng và phát triển cảng HK (Ngành: CNKT Công trình xây dựng)
89195,HHK,xay-dung-va-phat-trien-cang-hk,X26,Điểm thi THPT,2025,18.0,Xây dựng và phát triển cảng HK (Ngành: CNKT Công trình xây dựng)
89196,HHK,xay-dung-va-phat-trien-cang-hk,X27,Điểm thi THPT,2025,18.0,Xây dựng và phát triển cảng HK (Ngành: CNKT Công trình xây dựng)
89197,HHK,xay-dung-va-phat-trien-cang-hk,X28,Điểm thi THPT,2025,18.0,Xây dựng và phát triển cảng HK (Ngành: CNKT Công trình xây dựng)
89198,HHK,xay-dung-va-phat-trien-cang-hk,X53,Điểm thi THPT,2025,18.0,Xây dựng và phát triển cảng HK (Ngành: CNKT Công trình xây dựng)
89199,HHK,xay-dung-va-phat-trien-cang-hk,X54,Điểm thi THPT,2025,18.0,Xây dựng và phát triển cảng HK (Ngành: CNKT Công trình xây dựng)
89200,HHT,chinh-tri-hoc,A00,Điểm học bạ,2021,15.0,Chính trị học
89201,HHT,chinh-tri-hoc,C00,Điểm học bạ,2021,15.0,Chính trị học
89202,HHT,chinh-tri-hoc,C14,Điểm học bạ,2021,15.0,Chính trị học
89203,HHT,chinh-tri-hoc,D01,Điểm học bạ,2021,15.0,Chính trị học
89204,HHT,chinh-tri-hoc,A00,Điểm thi THPT,2021,15.0,Chính trị học
89205,HHT,chinh-tri-hoc,C00,Điểm thi THPT,2021,15.0,Chính trị học
89206,HHT,chinh-tri-hoc,C14,Điểm thi THPT,2021,15.0,Chính trị học
89207,HHT,chinh-tri-hoc,D01,Điểm thi THPT,2021,15.0,Chính trị học
89208,HHT,chinh-tri-hoc,A00,Điểm học bạ,2022,15.0,Chính trị học
89209,HHT,chinh-tri-hoc,C00,Điểm học bạ,2022,15.0,Chính trị học
89210,HHT,chinh-tri-hoc,C14,Điểm học bạ,2022,15.0,Chính trị học
89211,HHT,chinh-tri-hoc,D01,Điểm học bạ,2022,15.0,Chính trị học
89212,HHT,chinh-tri-hoc,A00,Điểm thi THPT,2022,15.0,Chính trị học
89213,HHT,chinh-tri-hoc,C00,Điểm thi THPT,2022,15.0,Chính trị học
89214,HHT,chinh-tri-hoc,C14,Điểm thi THPT,2022,15.0,Chính trị học
89215,HHT,chinh-tri-hoc,D01,Điểm thi THPT,2022,15.0,Chính trị học
89216,HHT,chinh-tri-hoc,A00,Điểm học bạ,2023,18.0,Chính trị học
89217,HHT,chinh-tri-hoc,C00,Điểm học bạ,2023,18.0,Chính trị học
89218,HHT,chinh-tri-hoc,C14,Điểm học bạ,2023,18.0,Chính trị học
89219,HHT,chinh-tri-hoc,D01,Điểm học bạ,2023,18.0,Chính trị học
89220,HHT,chinh-tri-hoc,A00,Điểm thi THPT,2023,16.0,Chính trị học
89221,HHT,chinh-tri-hoc,C00,Điểm thi THPT,2023,16.0,Chính trị học
89222,HHT,chinh-tri-hoc,C14,Điểm thi THPT,2023,16.0,Chính trị học
89223,HHT,chinh-tri-hoc,D01,Điểm thi THPT,2023,16.0,Chính trị học
89224,HHT,chinh-tri-hoc,A00,Điểm học bạ,2024,18.0,Chính trị học
89225,HHT,chinh-tri-hoc,C00,Điểm học bạ,2024,18.0,Chính trị học
89226,HHT,chinh-tri-hoc,C14,Điểm học bạ,2024,18.0,Chính trị học
89227,HHT,chinh-tri-hoc,D01,Điểm học bạ,2024,18.0,Chính trị học
89228,HHT,chinh-tri-hoc,A00,Điểm thi THPT,2024,15.0,Chính trị học
89229,HHT,chinh-tri-hoc,C00,Điểm thi THPT,2024,15.0,Chính trị học
89230,HHT,chinh-tri-hoc,C14,Điểm thi THPT,2024,15.0,Chính trị học
89231,HHT,chinh-tri-hoc,D01,Điểm thi THPT,2024,15.0,Chính trị học
89232,HHT,chinh-tri-hoc,A00,Điểm học bạ,2025,18.0,Chính trị học
89233,HHT,chinh-tri-hoc,C00,Điểm học bạ,2025,18.0,Chính trị học
89234,HHT,chinh-tri-hoc,C04,Điểm học bạ,2025,18.0,Chính trị học
89235,HHT,chinh-tri-hoc,C14,Điểm học bạ,2025,18.0,Chính trị học
89236,HHT,chinh-tri-hoc,D01,Điểm học bạ,2025,18.0,Chính trị học
89237,HHT,chinh-tri-hoc,A00,Điểm thi THPT,2025,15.0,Chính trị học
89238,HHT,chinh-tri-hoc,C00,Điểm thi THPT,2025,15.0,Chính trị học
89239,HHT,chinh-tri-hoc,C03,Điểm thi THPT,2025,15.0,Chính trị học
89240,HHT,chinh-tri-hoc,C04,Điểm thi THPT,2025,15.0,Chính trị học
89241,HHT,chinh-tri-hoc,C14,Điểm thi THPT,2025,15.0,Chính trị học
89242,HHT,chinh-tri-hoc,D01,Điểm thi THPT,2025,15.0,Chính trị học
89243,HHT,chinh-tri-hoc,X01,Điểm thi THPT,2025,15.0,Chính trị học
89244,HHT,cong-nghe-thong-tin,A00,Điểm học bạ,2021,15.0,Công nghệ thông tin
89245,HHT,cong-nghe-thong-tin,A01,Điểm học bạ,2021,15.0,Công nghệ thông tin
89246,HHT,cong-nghe-thong-tin,A02,Điểm học bạ,2021,15.0,Công nghệ thông tin
89247,HHT,cong-nghe-thong-tin,A09,Điểm học bạ,2021,15.0,Công nghệ thông tin
89248,HHT,cong-nghe-thong-tin,A00,Điểm thi THPT,2021,15.0,Công nghệ thông tin
89249,HHT,cong-nghe-thong-tin,A01,Điểm thi THPT,2021,15.0,Công nghệ thông tin
89250,HHT,cong-nghe-thong-tin,A02,Điểm thi THPT,2021,15.0,Công nghệ thông tin
89251,HHT,cong-nghe-thong-tin,A09,Điểm thi THPT,2021,15.0,Công nghệ thông tin
89252,HHT,cong-nghe-thong-tin,A00,Điểm học bạ,2022,15.0,Công nghệ thông tin
89253,HHT,cong-nghe-thong-tin,A01,Điểm học bạ,2022,15.0,Công nghệ thông tin
89254,HHT,cong-nghe-thong-tin,A02,Điểm học bạ,2022,15.0,Công nghệ thông tin
89255,HHT,cong-nghe-thong-tin,A09,Điểm học bạ,2022,15.0,Công nghệ thông tin
89256,HHT,cong-nghe-thong-tin,A00,Điểm thi THPT,2022,15.0,Công nghệ thông tin
89257,HHT,cong-nghe-thong-tin,A01,Điểm thi THPT,2022,15.0,Công nghệ thông tin
89258,HHT,cong-nghe-thong-tin,A02,Điểm thi THPT,2022,15.0,Công nghệ thông tin
89259,HHT,cong-nghe-thong-tin,A09,Điểm thi THPT,2022,15.0,Công nghệ thông tin
89260,HHT,cong-nghe-thong-tin,A00,Điểm học bạ,2023,18.0,Công nghệ thông tin
89261,HHT,cong-nghe-thong-tin,A01,Điểm học bạ,2023,18.0,Công nghệ thông tin
89262,HHT,cong-nghe-thong-tin,A02,Điểm học bạ,2023,18.0,Công nghệ thông tin
89263,HHT,cong-nghe-thong-tin,A09,Điểm học bạ,2023,18.0,Công nghệ thông tin
89264,HHT,cong-nghe-thong-tin,A00,Điểm thi THPT,2023,16.0,Công nghệ thông tin
89265,HHT,cong-nghe-thong-tin,A01,Điểm thi THPT,2023,16.0,Công nghệ thông tin
89266,HHT,cong-nghe-thong-tin,A02,Điểm thi THPT,2023,16.0,Công nghệ thông tin
89267,HHT,cong-nghe-thong-tin,A09,Điểm thi THPT,2023,16.0,Công nghệ thông tin
89268,HHT,cong-nghe-thong-tin,A00,Điểm học bạ,2024,18.0,Công nghệ thông tin
89269,HHT,cong-nghe-thong-tin,A01,Điểm học bạ,2024,18.0,Công nghệ thông tin
89270,HHT,cong-nghe-thong-tin,A02,Điểm học bạ,2024,18.0,Công nghệ thông tin
89271,HHT,cong-nghe-thong-tin,A09,Điểm học bạ,2024,18.0,Công nghệ thông tin
89272,HHT,cong-nghe-thong-tin,A00,Điểm thi THPT,2024,15.0,Công nghệ thông tin
89273,HHT,cong-nghe-thong-tin,A01,Điểm thi THPT,2024,15.0,Công nghệ thông tin
89274,HHT,cong-nghe-thong-tin,A02,Điểm thi THPT,2024,15.0,Công nghệ thông tin
89275,HHT,cong-nghe-thong-tin,A09,Điểm thi THPT,2024,15.0,Công nghệ thông tin
89276,HHT,cong-nghe-thong-tin,A00,Điểm học bạ,2025,18.0,Công nghệ thông tin
89277,HHT,cong-nghe-thong-tin,A01,Điểm học bạ,2025,18.0,Công nghệ thông tin
89278,HHT,cong-nghe-thong-tin,A02,Điểm học bạ,2025,18.0,Công nghệ thông tin
89279,HHT,cong-nghe-thong-tin,C01,Điểm học bạ,2025,18.0,Công nghệ thông tin
89280,HHT,cong-nghe-thong-tin,C02,Điểm học bạ,2025,18.0,Công nghệ thông tin
89281,HHT,cong-nghe-thong-tin,A00,Điểm thi THPT,2025,15.0,Công nghệ thông tin
89282,HHT,cong-nghe-thong-tin,A01,Điểm thi THPT,2025,15.0,Công nghệ thông tin
89283,HHT,cong-nghe-thong-tin,A02,Điểm thi THPT,2025,15.0,Công nghệ thông tin
89284,HHT,cong-nghe-thong-tin,C01,Điểm thi THPT,2025,15.0,Công nghệ thông tin
89285,HHT,cong-nghe-thong-tin,C02,Điểm thi THPT,2025,15.0,Công nghệ thông tin
89286,HHT,cong-nghe-thong-tin,X02,Điểm thi THPT,2025,15.0,Công nghệ thông tin
89287,HHT,cong-nghe-thong-tin,X06,Điểm thi THPT,2025,15.0,Công nghệ thông tin
89288,HHT,cong-nghe-thong-tin,X10,Điểm thi THPT,2025,15.0,Công nghệ thông tin
89289,HHT,cong-nghe-thong-tin,X14,Điểm thi THPT,2025,15.0,Công nghệ thông tin
89290,HHT,cong-nghe-thong-tin,X26,Điểm thi THPT,2025,15.0,Công nghệ thông tin
89291,HHT,giao-duc-chinh-tri,A00,Điểm học bạ,2021,24.0,Giáo dục Chính trị
89292,HHT,giao-duc-chinh-tri,C00,Điểm học bạ,2021,24.0,Giáo dục Chính trị
89293,HHT,giao-duc-chinh-tri,C14,Điểm học bạ,2021,24.0,Giáo dục Chính trị
89294,HHT,giao-duc-chinh-tri,D01,Điểm học bạ,2021,24.0,Giáo dục Chính trị
89295,HHT,giao-duc-chinh-tri,A00,Điểm thi THPT,2021,19.0,Giáo dục Chính trị
89296,HHT,giao-duc-chinh-tri,C00,Điểm thi THPT,2021,19.0,Giáo dục Chính trị
89297,HHT,giao-duc-chinh-tri,C14,Điểm thi THPT,2021,19.0,Giáo dục Chính trị
89298,HHT,giao-duc-chinh-tri,D01,Điểm thi THPT,2021,19.0,Giáo dục Chính trị
89299,HHT,giao-duc-mam-non,M00,Điểm học bạ,2021,24.0,Giáo dục Mầm non
89300,HHT,giao-duc-mam-non,M01,Điểm học bạ,2021,24.0,Giáo dục Mầm non
89301,HHT,giao-duc-mam-non,M07,Điểm học bạ,2021,24.0,Giáo dục Mầm non
89302,HHT,giao-duc-mam-non,M09,Điểm học bạ,2021,24.0,Giáo dục Mầm non
89303,HHT,giao-duc-mam-non,M00,Điểm thi THPT,2021,19.0,Giáo dục Mầm non
89304,HHT,giao-duc-mam-non,M01,Điểm thi THPT,2021,19.0,Giáo dục Mầm non
89305,HHT,giao-duc-mam-non,M07,Điểm thi THPT,2021,19.0,Giáo dục Mầm non
89306,HHT,giao-duc-mam-non,M09,Điểm thi THPT,2021,19.0,Giáo dục Mầm non
89307,HHT,giao-duc-tieu-hoc,C04,Điểm học bạ,2021,24.0,Giáo dục Tiểu học
89308,HHT,giao-duc-tieu-hoc,C14,Điểm học bạ,2021,24.0,Giáo dục Tiểu học
89309,HHT,giao-duc-tieu-hoc,C20,Điểm học bạ,2021,24.0,Giáo dục Tiểu học
89310,HHT,giao-duc-tieu-hoc,D01,Điểm học bạ,2021,24.0,Giáo dục Tiểu học
89311,HHT,giao-duc-tieu-hoc,C04,Điểm thi THPT,2021,19.0,Giáo dục Tiểu học
89312,HHT,giao-duc-tieu-hoc,C14,Điểm thi THPT,2021,19.0,Giáo dục Tiểu học
89313,HHT,giao-duc-tieu-hoc,C20,Điểm thi THPT,2021,19.0,Giáo dục Tiểu học
89314,HHT,giao-duc-tieu-hoc,D01,Điểm thi THPT,2021,19.0,Giáo dục Tiểu học
89315,HHT,giao-duc-tieu-hoc,C04,Điểm học bạ,2022,26.15,Giáo dục Tiểu học
89316,HHT,giao-duc-tieu-hoc,C14,Điểm học bạ,2022,26.15,Giáo dục Tiểu học
89317,HHT,giao-duc-tieu-hoc,C20,Điểm học bạ,2022,26.15,Giáo dục Tiểu học
89318,HHT,giao-duc-tieu-hoc,D01,Điểm học bạ,2022,26.15,Giáo dục Tiểu học
89319,HHT,giao-duc-tieu-hoc,C04,Điểm thi THPT,2022,26.3,Giáo dục Tiểu học
89320,HHT,giao-duc-tieu-hoc,C14,Điểm thi THPT,2022,26.3,Giáo dục Tiểu học
89321,HHT,giao-duc-tieu-hoc,C20,Điểm thi THPT,2022,26.3,Giáo dục Tiểu học
89322,HHT,giao-duc-tieu-hoc,D01,Điểm thi THPT,2022,26.3,Giáo dục Tiểu học
89323,HHT,giao-duc-tieu-hoc,B03,Điểm học bạ,2023,26.71,Giáo dục Tiểu học
89324,HHT,giao-duc-tieu-hoc,C04,Điểm học bạ,2023,26.71,Giáo dục Tiểu học
89325,HHT,giao-duc-tieu-hoc,C14,Điểm học bạ,2023,26.71,Giáo dục Tiểu học
89326,HHT,giao-duc-tieu-hoc,D01,Điểm học bạ,2023,26.71,Giáo dục Tiểu học
89327,HHT,giao-duc-tieu-hoc,B03,Điểm thi THPT,2023,26.04,Giáo dục Tiểu học
89328,HHT,giao-duc-tieu-hoc,C04,Điểm thi THPT,2023,26.04,Giáo dục Tiểu học
89329,HHT,giao-duc-tieu-hoc,C14,Điểm thi THPT,2023,26.04,Giáo dục Tiểu học
89330,HHT,giao-duc-tieu-hoc,D01,Điểm thi THPT,2023,26.04,Giáo dục Tiểu học
89331,HHT,giao-duc-tieu-hoc,B03,Điểm học bạ,2024,28.04,Giáo dục Tiểu học
89332,HHT,giao-duc-tieu-hoc,C04,Điểm học bạ,2024,28.04,Giáo dục Tiểu học
89333,HHT,giao-duc-tieu-hoc,C14,Điểm học bạ,2024,28.04,Giáo dục Tiểu học
89334,HHT,giao-duc-tieu-hoc,D01,Điểm học bạ,2024,28.04,Giáo dục Tiểu học
89335,HHT,giao-duc-tieu-hoc,B03,Điểm thi THPT,2024,26.59,Giáo dục Tiểu học
89336,HHT,giao-duc-tieu-hoc,C04,Điểm thi THPT,2024,26.59,Giáo dục Tiểu học
89337,HHT,giao-duc-tieu-hoc,C14,Điểm thi THPT,2024,26.59,Giáo dục Tiểu học
89338,HHT,giao-duc-tieu-hoc,D01,Điểm thi THPT,2024,26.59,Giáo dục Tiểu học
89339,HHT,giao-duc-tieu-hoc,B03,Điểm học bạ,2025,27.85,Giáo dục Tiểu học
89340,HHT,giao-duc-tieu-hoc,C04,Điểm học bạ,2025,27.85,Giáo dục Tiểu học
89341,HHT,giao-duc-tieu-hoc,C14,Điểm học bạ,2025,27.85,Giáo dục Tiểu học
89342,HHT,giao-duc-tieu-hoc,D01,Điểm học bạ,2025,27.85,Giáo dục Tiểu học
89343,HHT,giao-duc-tieu-hoc,B03,Điểm thi THPT,2025,26.35,Giáo dục Tiểu học
89344,HHT,giao-duc-tieu-hoc,C04,Điểm thi THPT,2025,26.35,Giáo dục Tiểu học
89345,HHT,giao-duc-tieu-hoc,C14,Điểm thi THPT,2025,26.35,Giáo dục Tiểu học
89346,HHT,giao-duc-tieu-hoc,D01,Điểm thi THPT,2025,25.85,Giáo dục Tiểu học
89347,HHT,giao-duc-tieu-hoc,X01,Điểm thi THPT,2025,26.35,Giáo dục Tiểu học
89348,HHT,ke-toan,A00,Điểm học bạ,2021,15.0,Kế toán
89349,HHT,ke-toan,C14,Điểm học bạ,2021,15.0,Kế toán
89350,HHT,ke-toan,C20,Điểm học bạ,2021,15.0,Kế toán
89351,HHT,ke-toan,D01,Điểm học bạ,2021,15.0,Kế toán
89352,HHT,ke-toan,A00,Điểm thi THPT,2021,15.0,Kế toán
89353,HHT,ke-toan,C14,Điểm thi THPT,2021,15.0,Kế toán
89354,HHT,ke-toan,C20,Điểm thi THPT,2021,15.0,Kế toán
89355,HHT,ke-toan,D01,Điểm thi THPT,2021,15.0,Kế toán
89356,HHT,ke-toan,A00,Điểm học bạ,2022,15.0,Kế toán
89357,HHT,ke-toan,C14,Điểm học bạ,2022,15.0,Kế toán
89358,HHT,ke-toan,C20,Điểm học bạ,2022,15.0,Kế toán
89359,HHT,ke-toan,D01,Điểm học bạ,2022,15.0,Kế toán
89360,HHT,ke-toan,A00,Điểm thi THPT,2022,15.0,Kế toán
89361,HHT,ke-toan,C14,Điểm thi THPT,2022,15.0,Kế toán
89362,HHT,ke-toan,C20,Điểm thi THPT,2022,15.0,Kế toán
89363,HHT,ke-toan,D01,Điểm thi THPT,2022,15.0,Kế toán
89364,HHT,ke-toan,A00,Điểm học bạ,2023,18.0,Kế toán
89365,HHT,ke-toan,C14,Điểm học bạ,2023,18.0,Kế toán
89366,HHT,ke-toan,C20,Điểm học bạ,2023,18.0,Kế toán
89367,HHT,ke-toan,D01,Điểm học bạ,2023,18.0,Kế toán
89368,HHT,ke-toan,A00,Điểm thi THPT,2023,16.0,Kế toán
89369,HHT,ke-toan,C14,Điểm thi THPT,2023,16.0,Kế toán
89370,HHT,ke-toan,C20,Điểm thi THPT,2023,16.0,Kế toán
89371,HHT,ke-toan,D01,Điểm thi THPT,2023,16.0,Kế toán
89372,HHT,ke-toan,A00,Điểm học bạ,2024,18.0,Kế toán
89373,HHT,ke-toan,C04,Điểm học bạ,2024,18.0,Kế toán
89374,HHT,ke-toan,C14,Điểm học bạ,2024,18.0,Kế toán
89375,HHT,ke-toan,D01,Điểm học bạ,2024,18.0,Kế toán
89376,HHT,ke-toan,A00,Điểm thi THPT,2024,15.0,Kế toán
89377,HHT,ke-toan,C04,Điểm thi THPT,2024,15.0,Kế toán
89378,HHT,ke-toan,C14,Điểm thi THPT,2024,15.0,Kế toán
89379,HHT,ke-toan,D01,Điểm thi THPT,2024,15.0,Kế toán
89380,HHT,ke-toan,B03,Điểm học bạ,2025,18.0,Kế toán
89381,HHT,ke-toan,C01,Điểm học bạ,2025,18.0,Kế toán
89382,HHT,ke-toan,C02,Điểm học bạ,2025,18.0,Kế toán
89383,HHT,ke-toan,C04,Điểm học bạ,2025,18.0,Kế toán
89384,HHT,ke-toan,C14,Điểm học bạ,2025,18.0,Kế toán
89385,HHT,ke-toan,D01,Điểm học bạ,2025,18.0,Kế toán
89386,HHT,ke-toan,B03,Điểm thi THPT,2025,15.0,Kế toán
89387,HHT,ke-toan,C01,Điểm thi THPT,2025,15.0,Kế toán
89388,HHT,ke-toan,C02,Điểm thi THPT,2025,15.0,Kế toán
89389,HHT,ke-toan,C03,Điểm thi THPT,2025,15.0,Kế toán
89390,HHT,ke-toan,C04,Điểm thi THPT,2025,15.0,Kế toán
89391,HHT,ke-toan,C14,Điểm thi THPT,2025,15.0,Kế toán
89392,HHT,ke-toan,D01,Điểm thi THPT,2025,15.0,Kế toán
89393,HHT,ke-toan,X01,Điểm thi THPT,2025,15.0,Kế toán
89394,HHT,ke-toan,X02,Điểm thi THPT,2025,15.0,Kế toán
89395,HHT,khoa-hoc-cay-trong,A00,Điểm học bạ,2021,15.0,Khoa học cây trồng
89396,HHT,khoa-hoc-cay-trong,B00,Điểm học bạ,2021,15.0,Khoa học cây trồng
89397,HHT,khoa-hoc-cay-trong,B03,Điểm học bạ,2021,15.0,Khoa học cây trồng
89398,HHT,khoa-hoc-cay-trong,D07,Điểm học bạ,2021,15.0,Khoa học cây trồng
89399,HHT,khoa-hoc-cay-trong,A00,Điểm thi THPT,2021,15.0,Khoa học cây trồng
89400,HHT,khoa-hoc-cay-trong,B00,Điểm thi THPT,2021,15.0,Khoa học cây trồng
89401,HHT,khoa-hoc-cay-trong,B03,Điểm thi THPT,2021,15.0,Khoa học cây trồng
89402,HHT,khoa-hoc-cay-trong,D07,Điểm thi THPT,2021,15.0,Khoa học cây trồng
89403,HHT,khoa-hoc-cay-trong,A00,Điểm học bạ,2022,15.0,Khoa học cây trồng
89404,HHT,khoa-hoc-cay-trong,B00,Điểm học bạ,2022,15.0,Khoa học cây trồng
89405,HHT,khoa-hoc-cay-trong,B03,Điểm học bạ,2022,15.0,Khoa học cây trồng
89406,HHT,khoa-hoc-cay-trong,D07,Điểm học bạ,2022,15.0,Khoa học cây trồng
89407,HHT,khoa-hoc-cay-trong,A00,Điểm thi THPT,2022,15.0,Khoa học cây trồng
89408,HHT,khoa-hoc-cay-trong,B00,Điểm thi THPT,2022,15.0,Khoa học cây trồng
89409,HHT,khoa-hoc-cay-trong,B03,Điểm thi THPT,2022,15.0,Khoa học cây trồng
89410,HHT,khoa-hoc-cay-trong,D07,Điểm thi THPT,2022,15.0,Khoa học cây trồng
89411,HHT,khoa-hoc-cay-trong,A00,Điểm học bạ,2023,18.0,Khoa học cây trồng
89412,HHT,khoa-hoc-cay-trong,B00,Điểm học bạ,2023,18.0,Khoa học cây trồng
89413,HHT,khoa-hoc-cay-trong,B03,Điểm học bạ,2023,18.0,Khoa học cây trồng
89414,HHT,khoa-hoc-cay-trong,D07,Điểm học bạ,2023,18.0,Khoa học cây trồng
89415,HHT,khoa-hoc-cay-trong,A00,Điểm thi THPT,2023,16.0,Khoa học cây trồng
89416,HHT,khoa-hoc-cay-trong,B00,Điểm thi THPT,2023,16.0,Khoa học cây trồng
89417,HHT,khoa-hoc-cay-trong,B03,Điểm thi THPT,2023,16.0,Khoa học cây trồng
89418,HHT,khoa-hoc-cay-trong,D07,Điểm thi THPT,2023,16.0,Khoa học cây trồng
89419,HHT,khoa-hoc-cay-trong,A00,Điểm học bạ,2024,18.0,Khoa học cây trồng
89420,HHT,khoa-hoc-cay-trong,B00,Điểm học bạ,2024,18.0,Khoa học cây trồng
89421,HHT,khoa-hoc-cay-trong,B03,Điểm học bạ,2024,18.0,Khoa học cây trồng
89422,HHT,khoa-hoc-cay-trong,D07,Điểm học bạ,2024,18.0,Khoa học cây trồng
89423,HHT,khoa-hoc-cay-trong,A00,Điểm thi THPT,2024,15.0,Khoa học cây trồng
89424,HHT,khoa-hoc-cay-trong,B00,Điểm thi THPT,2024,15.0,Khoa học cây trồng
89425,HHT,khoa-hoc-cay-trong,B03,Điểm thi THPT,2024,15.0,Khoa học cây trồng
89426,HHT,khoa-hoc-cay-trong,D07,Điểm thi THPT,2024,15.0,Khoa học cây trồng
89427,HHT,khoa-hoc-cay-trong,A00,Điểm học bạ,2025,18.0,Nông nghiệp công nghệ cao (ngành Khoa học cây trồng)
89428,HHT,khoa-hoc-cay-trong,B00,Điểm học bạ,2025,18.0,Nông nghiệp công nghệ cao (ngành Khoa học cây trồng)
89429,HHT,khoa-hoc-cay-trong,B03,Điểm học bạ,2025,18.0,Nông nghiệp công nghệ cao (ngành Khoa học cây trồng)
89430,HHT,khoa-hoc-cay-trong,C01,Điểm học bạ,2025,18.0,Nông nghiệp công nghệ cao (ngành Khoa học cây trồng)
89431,HHT,khoa-hoc-cay-trong,C02,Điểm học bạ,2025,18.0,Nông nghiệp công nghệ cao (ngành Khoa học cây trồng)
89432,HHT,khoa-hoc-cay-trong,C04,Điểm học bạ,2025,18.0,Nông nghiệp công nghệ cao (ngành Khoa học cây trồng)
89433,HHT,khoa-hoc-cay-trong,C14,Điểm học bạ,2025,18.0,Nông nghiệp công nghệ cao (ngành Khoa học cây trồng)
89434,HHT,khoa-hoc-cay-trong,D01,Điểm học bạ,2025,18.0,Nông nghiệp công nghệ cao (ngành Khoa học cây trồng)
89435,HHT,khoa-hoc-cay-trong,D07,Điểm học bạ,2025,18.0,Nông nghiệp công nghệ cao (ngành Khoa học cây trồng)
89436,HHT,khoa-hoc-cay-trong,A00,Điểm thi THPT,2025,15.0,Nông nghiệp công nghệ cao (ngành Khoa học cây trồng)
89437,HHT,khoa-hoc-cay-trong,B00,Điểm thi THPT,2025,15.0,Nông nghiệp công nghệ cao (ngành Khoa học cây trồng)
89438,HHT,khoa-hoc-cay-trong,B03,Điểm thi THPT,2025,15.0,Nông nghiệp công nghệ cao (ngành Khoa học cây trồng)
89439,HHT,khoa-hoc-cay-trong,C01,Điểm thi THPT,2025,15.0,Nông nghiệp công nghệ cao (ngành Khoa học cây trồng)
89440,HHT,khoa-hoc-cay-trong,C02,Điểm thi THPT,2025,15.0,Nông nghiệp công nghệ cao (ngành Khoa học cây trồng)
89441,HHT,khoa-hoc-cay-trong,C04,Điểm thi THPT,2025,15.0,Nông nghiệp công nghệ cao (ngành Khoa học cây trồng)
89442,HHT,khoa-hoc-cay-trong,C14,Điểm thi THPT,2025,15.0,Nông nghiệp công nghệ cao (ngành Khoa học cây trồng)
89443,HHT,khoa-hoc-cay-trong,D01,Điểm thi THPT,2025,15.0,Nông nghiệp công nghệ cao (ngành Khoa học cây trồng)
89444,HHT,khoa-hoc-cay-trong,D07,Điểm thi THPT,2025,15.0,Nông nghiệp công nghệ cao (ngành Khoa học cây trồng)
89445,HHT,khoa-hoc-cay-trong,X01,Điểm thi THPT,2025,15.0,Nông nghiệp công nghệ cao (ngành Khoa học cây trồng)
89446,HHT,khoa-hoc-moi-truong,A00,Điểm học bạ,2021,15.0,Khoa học môi trường
89447,HHT,khoa-hoc-moi-truong,B00,Điểm học bạ,2021,15.0,Khoa học môi trường
89448,HHT,khoa-hoc-moi-truong,B03,Điểm học bạ,2021,15.0,Khoa học môi trường
89449,HHT,khoa-hoc-moi-truong,D07,Điểm học bạ,2021,15.0,Khoa học môi trường
89450,HHT,khoa-hoc-moi-truong,A00,Điểm thi THPT,2021,15.0,Khoa học môi trường
89451,HHT,khoa-hoc-moi-truong,B00,Điểm thi THPT,2021,15.0,Khoa học môi trường
89452,HHT,khoa-hoc-moi-truong,B03,Điểm thi THPT,2021,15.0,Khoa học môi trường
89453,HHT,khoa-hoc-moi-truong,D07,Điểm thi THPT,2021,15.0,Khoa học môi trường
89454,HHT,khoa-hoc-moi-truong,A00,Điểm học bạ,2022,15.0,Khoa học môi trường
89455,HHT,khoa-hoc-moi-truong,B00,Điểm học bạ,2022,15.0,Khoa học môi trường
89456,HHT,khoa-hoc-moi-truong,B03,Điểm học bạ,2022,15.0,Khoa học môi trường
89457,HHT,khoa-hoc-moi-truong,D07,Điểm học bạ,2022,15.0,Khoa học môi trường
89458,HHT,khoa-hoc-moi-truong,A00,Điểm thi THPT,2022,15.0,Khoa học môi trường
89459,HHT,khoa-hoc-moi-truong,B00,Điểm thi THPT,2022,15.0,Khoa học môi trường
89460,HHT,khoa-hoc-moi-truong,B03,Điểm thi THPT,2022,15.0,Khoa học môi trường
89461,HHT,khoa-hoc-moi-truong,D07,Điểm thi THPT,2022,15.0,Khoa học môi trường
89462,HHT,khoa-hoc-moi-truong,A00,Điểm học bạ,2023,18.0,Khoa học môi trường
89463,HHT,khoa-hoc-moi-truong,B00,Điểm học bạ,2023,18.0,Khoa học môi trường
89464,HHT,khoa-hoc-moi-truong,B03,Điểm học bạ,2023,18.0,Khoa học môi trường
89465,HHT,khoa-hoc-moi-truong,D07,Điểm học bạ,2023,18.0,Khoa học môi trường
89466,HHT,khoa-hoc-moi-truong,A00,Điểm thi THPT,2023,16.0,Khoa học môi trường
89467,HHT,khoa-hoc-moi-truong,B00,Điểm thi THPT,2023,16.0,Khoa học môi trường
89468,HHT,khoa-hoc-moi-truong,B03,Điểm thi THPT,2023,16.0,Khoa học môi trường
89469,HHT,khoa-hoc-moi-truong,D07,Điểm thi THPT,2023,16.0,Khoa học môi trường
89470,HHT,khoa-hoc-moi-truong,A00,Điểm học bạ,2024,18.0,Khoa học môi trường
89471,HHT,khoa-hoc-moi-truong,B00,Điểm học bạ,2024,18.0,Khoa học môi trường
89472,HHT,khoa-hoc-moi-truong,B03,Điểm học bạ,2024,18.0,Khoa học môi trường
89473,HHT,khoa-hoc-moi-truong,D07,Điểm học bạ,2024,18.0,Khoa học môi trường
89474,HHT,khoa-hoc-moi-truong,A00,Điểm thi THPT,2024,15.0,Khoa học môi trường
89475,HHT,khoa-hoc-moi-truong,B00,Điểm thi THPT,2024,15.0,Khoa học môi trường
89476,HHT,khoa-hoc-moi-truong,B03,Điểm thi THPT,2024,15.0,Khoa học môi trường
89477,HHT,khoa-hoc-moi-truong,D07,Điểm thi THPT,2024,15.0,Khoa học môi trường
89478,HHT,khoa-hoc-moi-truong,A00,Điểm học bạ,2025,18.0,"An toàn, sức khoẻ và môi trường (ngành Khoa học môi trường)"
89479,HHT,khoa-hoc-moi-truong,B00,Điểm học bạ,2025,18.0,"An toàn, sức khoẻ và môi trường (ngành Khoa học môi trường)"
89480,HHT,khoa-hoc-moi-truong,B03,Điểm học bạ,2025,18.0,"An toàn, sức khoẻ và môi trường (ngành Khoa học môi trường)"
89481,HHT,khoa-hoc-moi-truong,C01,Điểm học bạ,2025,18.0,"An toàn, sức khoẻ và môi trường (ngành Khoa học môi trường)"
89482,HHT,khoa-hoc-moi-truong,C02,Điểm học bạ,2025,18.0,"An toàn, sức khoẻ và môi trường (ngành Khoa học môi trường)"
89483,HHT,khoa-hoc-moi-truong,C04,Điểm học bạ,2025,18.0,"An toàn, sức khoẻ và môi trường (ngành Khoa học môi trường)"
89484,HHT,khoa-hoc-moi-truong,C14,Điểm học bạ,2025,18.0,"An toàn, sức khoẻ và môi trường (ngành Khoa học môi trường)"
89485,HHT,khoa-hoc-moi-truong,D01,Điểm học bạ,2025,18.0,"An toàn, sức khoẻ và môi trường (ngành Khoa học môi trường)"
89486,HHT,khoa-hoc-moi-truong,D07,Điểm học bạ,2025,18.0,"An toàn, sức khoẻ và môi trường (ngành Khoa học môi trường)"
89487,HHT,khoa-hoc-moi-truong,A00,Điểm thi THPT,2025,15.0,"An toàn, sức khoẻ và môi trường (ngành Khoa học môi trường)"
89488,HHT,khoa-hoc-moi-truong,B00,Điểm thi THPT,2025,15.0,"An toàn, sức khoẻ và môi trường (ngành Khoa học môi trường)"
89489,HHT,khoa-hoc-moi-truong,B03,Điểm thi THPT,2025,15.0,"An toàn, sức khoẻ và môi trường (ngành Khoa học môi trường)"
89490,HHT,khoa-hoc-moi-truong,C01,Điểm thi THPT,2025,15.0,"An toàn, sức khoẻ và môi trường (ngành Khoa học môi trường)"
89491,HHT,khoa-hoc-moi-truong,C02,Điểm thi THPT,2025,15.0,"An toàn, sức khoẻ và môi trường (ngành Khoa học môi trường)"
89492,HHT,khoa-hoc-moi-truong,C04,Điểm thi THPT,2025,15.0,"An toàn, sức khoẻ và môi trường (ngành Khoa học môi trường)"
89493,HHT,khoa-hoc-moi-truong,C14,Điểm thi THPT,2025,15.0,"An toàn, sức khoẻ và môi trường (ngành Khoa học môi trường)"
89494,HHT,khoa-hoc-moi-truong,D01,Điểm thi THPT,2025,15.0,"An toàn, sức khoẻ và môi trường (ngành Khoa học môi trường)"
89495,HHT,khoa-hoc-moi-truong,D07,Điểm thi THPT,2025,15.0,"An toàn, sức khoẻ và môi trường (ngành Khoa học môi trường)"
89496,HHT,khoa-hoc-moi-truong,X01,Điểm thi THPT,2025,15.0,"An toàn, sức khoẻ và môi trường (ngành Khoa học môi trường)"
89497,HHT,kinh-te-nong-nghiep,A00,Điểm học bạ,2021,15.0,Kinh tế nông nghiệp
89498,HHT,kinh-te-nong-nghiep,C14,Điểm học bạ,2021,15.0,Kinh tế nông nghiệp
89499,HHT,kinh-te-nong-nghiep,C20,Điểm học bạ,2021,15.0,Kinh tế nông nghiệp
89500,HHT,kinh-te-nong-nghiep,D01,Điểm học bạ,2021,15.0,Kinh tế nông nghiệp
89501,HHT,kinh-te-nong-nghiep,A00,Điểm thi THPT,2021,15.0,Kinh tế nông nghiệp
89502,HHT,kinh-te-nong-nghiep,C14,Điểm thi THPT,2021,15.0,Kinh tế nông nghiệp
89503,HHT,kinh-te-nong-nghiep,C20,Điểm thi THPT,2021,15.0,Kinh tế nông nghiệp
89504,HHT,kinh-te-nong-nghiep,D01,Điểm thi THPT,2021,15.0,Kinh tế nông nghiệp
89505,HHT,kinh-te-nong-nghiep,A00,Điểm học bạ,2022,15.0,Kinh tế nông nghiệp
89506,HHT,kinh-te-nong-nghiep,C14,Điểm học bạ,2022,15.0,Kinh tế nông nghiệp
89507,HHT,kinh-te-nong-nghiep,C20,Điểm học bạ,2022,15.0,Kinh tế nông nghiệp
89508,HHT,kinh-te-nong-nghiep,D01,Điểm học bạ,2022,15.0,Kinh tế nông nghiệp
89509,HHT,kinh-te-nong-nghiep,A00,Điểm thi THPT,2022,15.0,Kinh tế nông nghiệp
89510,HHT,kinh-te-nong-nghiep,C14,Điểm thi THPT,2022,15.0,Kinh tế nông nghiệp
89511,HHT,kinh-te-nong-nghiep,C20,Điểm thi THPT,2022,15.0,Kinh tế nông nghiệp
89512,HHT,kinh-te-nong-nghiep,D01,Điểm thi THPT,2022,15.0,Kinh tế nông nghiệp
89513,HHT,kinh-te-nong-nghiep,A00,Điểm học bạ,2023,18.0,Kinh tế nông nghiệp
89514,HHT,kinh-te-nong-nghiep,C14,Điểm học bạ,2023,18.0,Kinh tế nông nghiệp
89515,HHT,kinh-te-nong-nghiep,C20,Điểm học bạ,2023,18.0,Kinh tế nông nghiệp
89516,HHT,kinh-te-nong-nghiep,D01,Điểm học bạ,2023,18.0,Kinh tế nông nghiệp
89517,HHT,kinh-te-nong-nghiep,A00,Điểm thi THPT,2023,16.0,Kinh tế nông nghiệp
89518,HHT,kinh-te-nong-nghiep,C14,Điểm thi THPT,2023,16.0,Kinh tế nông nghiệp
89519,HHT,kinh-te-nong-nghiep,C20,Điểm thi THPT,2023,16.0,Kinh tế nông nghiệp
89520,HHT,kinh-te-nong-nghiep,D01,Điểm thi THPT,2023,16.0,Kinh tế nông nghiệp
89521,HHT,kinh-te-nong-nghiep,A00,Điểm học bạ,2024,18.0,Kinh tế nông nghiệp
89522,HHT,kinh-te-nong-nghiep,C14,Điểm học bạ,2024,18.0,Kinh tế nông nghiệp
89523,HHT,kinh-te-nong-nghiep,D01,Điểm học bạ,2024,18.0,Kinh tế nông nghiệp
89524,HHT,kinh-te-nong-nghiep,A00,Điểm thi THPT,2024,15.0,Kinh tế nông nghiệp
89525,HHT,kinh-te-nong-nghiep,C14,Điểm thi THPT,2024,15.0,Kinh tế nông nghiệp
89526,HHT,kinh-te-nong-nghiep,D01,Điểm thi THPT,2024,15.0,Kinh tế nông nghiệp
89527,HHT,kinh-te-nong-nghiep,A00,Điểm học bạ,2025,18.0,Kinh tế nông nghiệp
89528,HHT,kinh-te-nong-nghiep,B03,Điểm học bạ,2025,18.0,Kinh tế nông nghiệp
89529,HHT,kinh-te-nong-nghiep,C00,Điểm học bạ,2025,18.0,Kinh tế nông nghiệp
89530,HHT,kinh-te-nong-nghiep,C01,Điểm học bạ,2025,18.0,Kinh tế nông nghiệp
89531,HHT,kinh-te-nong-nghiep,C02,Điểm học bạ,2025,18.0,Kinh tế nông nghiệp
89532,HHT,kinh-te-nong-nghiep,C04,Điểm học bạ,2025,18.0,Kinh tế nông nghiệp
89533,HHT,kinh-te-nong-nghiep,C14,Điểm học bạ,2025,18.0,Kinh tế nông nghiệp
89534,HHT,kinh-te-nong-nghiep,D01,Điểm học bạ,2025,18.0,Kinh tế nông nghiệp
89535,HHT,kinh-te-nong-nghiep,A00,Điểm thi THPT,2025,15.0,Kinh tế nông nghiệp
89536,HHT,kinh-te-nong-nghiep,B03,Điểm thi THPT,2025,15.0,Kinh tế nông nghiệp
89537,HHT,kinh-te-nong-nghiep,C00,Điểm thi THPT,2025,15.0,Kinh tế nông nghiệp
89538,HHT,kinh-te-nong-nghiep,C01,Điểm thi THPT,2025,15.0,Kinh tế nông nghiệp
89539,HHT,kinh-te-nong-nghiep,C02,Điểm thi THPT,2025,15.0,Kinh tế nông nghiệp
89540,HHT,kinh-te-nong-nghiep,C04,Điểm thi THPT,2025,15.0,Kinh tế nông nghiệp
89541,HHT,kinh-te-nong-nghiep,C14,Điểm thi THPT,2025,15.0,Kinh tế nông nghiệp
89542,HHT,kinh-te-nong-nghiep,D01,Điểm thi THPT,2025,15.0,Kinh tế nông nghiệp
89543,HHT,kinh-te-nong-nghiep,X01,Điểm thi THPT,2025,15.0,Kinh tế nông nghiệp
89544,HHT,kinh-te-nong-nghiep,X02,Điểm thi THPT,2025,15.0,Kinh tế nông nghiệp
89545,HHT,ky-thuat-xay-dung,A00,Điểm học bạ,2021,15.0,Kỹ thuật xây dựng
89546,HHT,ky-thuat-xay-dung,A01,Điểm học bạ,2021,15.0,Kỹ thuật xây dựng
89547,HHT,ky-thuat-xay-dung,A02,Điểm học bạ,2021,15.0,Kỹ thuật xây dựng
89548,HHT,ky-thuat-xay-dung,A09,Điểm học bạ,2021,15.0,Kỹ thuật xây dựng
89549,HHT,ky-thuat-xay-dung,A00,Điểm thi THPT,2021,15.0,Kỹ thuật xây dựng
89550,HHT,ky-thuat-xay-dung,A01,Điểm thi THPT,2021,15.0,Kỹ thuật xây dựng
89551,HHT,ky-thuat-xay-dung,A02,Điểm thi THPT,2021,15.0,Kỹ thuật xây dựng
89552,HHT,ky-thuat-xay-dung,A09,Điểm thi THPT,2021,15.0,Kỹ thuật xây dựng
89553,HHT,ky-thuat-xay-dung,A00,Điểm học bạ,2022,15.0,Kỹ thuật xây dựng
89554,HHT,ky-thuat-xay-dung,A01,Điểm học bạ,2022,15.0,Kỹ thuật xây dựng
89555,HHT,ky-thuat-xay-dung,A02,Điểm học bạ,2022,15.0,Kỹ thuật xây dựng
89556,HHT,ky-thuat-xay-dung,A09,Điểm học bạ,2022,15.0,Kỹ thuật xây dựng
89557,HHT,ky-thuat-xay-dung,A00,Điểm thi THPT,2022,15.0,Kỹ thuật xây dựng
89558,HHT,ky-thuat-xay-dung,A01,Điểm thi THPT,2022,15.0,Kỹ thuật xây dựng
89559,HHT,ky-thuat-xay-dung,A02,Điểm thi THPT,2022,15.0,Kỹ thuật xây dựng
89560,HHT,ky-thuat-xay-dung,A09,Điểm thi THPT,2022,15.0,Kỹ thuật xây dựng
89561,HHT,ky-thuat-xay-dung,A00,Điểm học bạ,2023,18.0,Kỹ thuật xây dựng
89562,HHT,ky-thuat-xay-dung,A01,Điểm học bạ,2023,18.0,Kỹ thuật xây dựng
89563,HHT,ky-thuat-xay-dung,A02,Điểm học bạ,2023,18.0,Kỹ thuật xây dựng
89564,HHT,ky-thuat-xay-dung,A09,Điểm học bạ,2023,18.0,Kỹ thuật xây dựng
89565,HHT,ky-thuat-xay-dung,A00,Điểm thi THPT,2023,16.0,Kỹ thuật xây dựng
89566,HHT,ky-thuat-xay-dung,A01,Điểm thi THPT,2023,16.0,Kỹ thuật xây dựng
89567,HHT,ky-thuat-xay-dung,A02,Điểm thi THPT,2023,16.0,Kỹ thuật xây dựng
89568,HHT,ky-thuat-xay-dung,A09,Điểm thi THPT,2023,16.0,Kỹ thuật xây dựng
89569,HHT,ky-thuat-xay-dung,A00,Điểm học bạ,2024,18.0,Kỹ thuật xây dựng
89570,HHT,ky-thuat-xay-dung,A01,Điểm học bạ,2024,18.0,Kỹ thuật xây dựng
89571,HHT,ky-thuat-xay-dung,A02,Điểm học bạ,2024,18.0,Kỹ thuật xây dựng
89572,HHT,ky-thuat-xay-dung,A09,Điểm học bạ,2024,18.0,Kỹ thuật xây dựng
89573,HHT,ky-thuat-xay-dung,A00,Điểm thi THPT,2024,15.0,Kỹ thuật xây dựng
89574,HHT,ky-thuat-xay-dung,A01,Điểm thi THPT,2024,15.0,Kỹ thuật xây dựng
89575,HHT,ky-thuat-xay-dung,A02,Điểm thi THPT,2024,15.0,Kỹ thuật xây dựng
89576,HHT,ky-thuat-xay-dung,A09,Điểm thi THPT,2024,15.0,Kỹ thuật xây dựng
89577,HHT,ky-thuat-xay-dung,A00,Điểm học bạ,2025,18.0,Xây dựng Dân dụng và Công nghiệp (ngành Kỹ thuật xây dựng)
89578,HHT,ky-thuat-xay-dung,A01,Điểm học bạ,2025,18.0,Xây dựng Dân dụng và Công nghiệp (ngành Kỹ thuật xây dựng)
89579,HHT,ky-thuat-xay-dung,A02,Điểm học bạ,2025,18.0,Xây dựng Dân dụng và Công nghiệp (ngành Kỹ thuật xây dựng)
89580,HHT,ky-thuat-xay-dung,A09,Điểm học bạ,2025,18.0,Xây dựng Dân dụng và Công nghiệp (ngành Kỹ thuật xây dựng)
89581,HHT,ky-thuat-xay-dung,B03,Điểm học bạ,2025,18.0,Xây dựng Dân dụng và Công nghiệp (ngành Kỹ thuật xây dựng)
89582,HHT,ky-thuat-xay-dung,C01,Điểm học bạ,2025,18.0,Xây dựng Dân dụng và Công nghiệp (ngành Kỹ thuật xây dựng)
89583,HHT,ky-thuat-xay-dung,C02,Điểm học bạ,2025,18.0,Xây dựng Dân dụng và Công nghiệp (ngành Kỹ thuật xây dựng)
89584,HHT,ky-thuat-xay-dung,C04,Điểm học bạ,2025,18.0,Xây dựng Dân dụng và Công nghiệp (ngành Kỹ thuật xây dựng)
89585,HHT,ky-thuat-xay-dung,C14,Điểm học bạ,2025,18.0,Xây dựng Dân dụng và Công nghiệp (ngành Kỹ thuật xây dựng)
89586,HHT,ky-thuat-xay-dung,D01,Điểm học bạ,2025,18.0,Xây dựng Dân dụng và Công nghiệp (ngành Kỹ thuật xây dựng)
89587,HHT,ky-thuat-xay-dung,A00,Điểm thi THPT,2025,15.0,Xây dựng Dân dụng và Công nghiệp (ngành Kỹ thuật xây dựng)
89588,HHT,ky-thuat-xay-dung,A01,Điểm thi THPT,2025,15.0,Xây dựng Dân dụng và Công nghiệp (ngành Kỹ thuật xây dựng)
89589,HHT,ky-thuat-xay-dung,A02,Điểm thi THPT,2025,15.0,Xây dựng Dân dụng và Công nghiệp (ngành Kỹ thuật xây dựng)
89590,HHT,ky-thuat-xay-dung,A09,Điểm thi THPT,2025,15.0,Xây dựng Dân dụng và Công nghiệp (ngành Kỹ thuật xây dựng)
89591,HHT,ky-thuat-xay-dung,B03,Điểm thi THPT,2025,15.0,Xây dựng Dân dụng và Công nghiệp (ngành Kỹ thuật xây dựng)
89592,HHT,ky-thuat-xay-dung,C01,Điểm thi THPT,2025,15.0,Xây dựng Dân dụng và Công nghiệp (ngành Kỹ thuật xây dựng)
89593,HHT,ky-thuat-xay-dung,C02,Điểm thi THPT,2025,15.0,Xây dựng Dân dụng và Công nghiệp (ngành Kỹ thuật xây dựng)
89594,HHT,ky-thuat-xay-dung,C04,Điểm thi THPT,2025,15.0,Xây dựng Dân dụng và Công nghiệp (ngành Kỹ thuật xây dựng)
89595,HHT,ky-thuat-xay-dung,C14,Điểm thi THPT,2025,15.0,Xây dựng Dân dụng và Công nghiệp (ngành Kỹ thuật xây dựng)
89596,HHT,ky-thuat-xay-dung,D01,Điểm thi THPT,2025,15.0,Xây dựng Dân dụng và Công nghiệp (ngành Kỹ thuật xây dựng)
89597,HHT,ky-thuat-xay-dung,X01,Điểm thi THPT,2025,15.0,Xây dựng Dân dụng và Công nghiệp (ngành Kỹ thuật xây dựng)
89598,HHT,ky-thuat-xay-dung,X02,Điểm thi THPT,2025,15.0,Xây dựng Dân dụng và Công nghiệp (ngành Kỹ thuật xây dựng)
89599,HHT,ky-thuat-xay-dung,X06,Điểm thi THPT,2025,15.0,Xây dựng Dân dụng và Công nghiệp (ngành Kỹ thuật xây dựng)
89600,HHT,ky-thuat-xay-dung,X21,Điểm thi THPT,2025,15.0,Xây dựng Dân dụng và Công nghiệp (ngành Kỹ thuật xây dựng)
89601,HHT,luat,A00,Điểm học bạ,2021,15.0,Luật
89602,HHT,luat,C00,Điểm học bạ,2021,15.0,Luật
89603,HHT,luat,C14,Điểm học bạ,2021,15.0,Luật
89604,HHT,luat,D01,Điểm học bạ,2021,15.0,Luật
89605,HHT,luat,A00,Điểm thi THPT,2021,15.0,Luật
89606,HHT,luat,C00,Điểm thi THPT,2021,15.0,Luật
89607,HHT,luat,C14,Điểm thi THPT,2021,15.0,Luật
89608,HHT,luat,D01,Điểm thi THPT,2021,15.0,Luật
89609,HHT,luat,A00,Điểm học bạ,2022,15.0,Luật
89610,HHT,luat,C00,Điểm học bạ,2022,15.0,Luật
89611,HHT,luat,C14,Điểm học bạ,2022,15.0,Luật
89612,HHT,luat,D01,Điểm học bạ,2022,15.0,Luật
89613,HHT,luat,A00,Điểm thi THPT,2022,15.0,Luật
89614,HHT,luat,C00,Điểm thi THPT,2022,15.0,Luật
89615,HHT,luat,C14,Điểm thi THPT,2022,15.0,Luật
89616,HHT,luat,D01,Điểm thi THPT,2022,15.0,Luật
89617,HHT,luat,A00,Điểm học bạ,2023,18.0,Luật
89618,HHT,luat,C00,Điểm học bạ,2023,18.0,Luật
89619,HHT,luat,C14,Điểm học bạ,2023,18.0,Luật
89620,HHT,luat,D01,Điểm học bạ,2023,18.0,Luật
89621,HHT,luat,A00,Điểm thi THPT,2023,16.0,Luật
89622,HHT,luat,C00,Điểm thi THPT,2023,16.0,Luật
89623,HHT,luat,C14,Điểm thi THPT,2023,16.0,Luật
89624,HHT,luat,D01,Điểm thi THPT,2023,16.0,Luật
89625,HHT,luat,A00,Điểm học bạ,2024,18.0,Luật
89626,HHT,luat,C00,Điểm học bạ,2024,18.0,Luật
89627,HHT,luat,C14,Điểm học bạ,2024,18.0,Luật
89628,HHT,luat,D01,Điểm học bạ,2024,18.0,Luật
89629,HHT,luat,A00,Điểm thi THPT,2024,15.0,Luật
89630,HHT,luat,C00,Điểm thi THPT,2024,15.0,Luật
89631,HHT,luat,C14,Điểm thi THPT,2024,15.0,Luật
89632,HHT,luat,D01,Điểm thi THPT,2024,15.0,Luật
89633,HHT,luat,C01,Điểm học bạ,2025,20.0,Luật
89634,HHT,luat,C02,Điểm học bạ,2025,20.0,Luật
89635,HHT,luat,C04,Điểm học bạ,2025,20.0,Luật
89636,HHT,luat,C14,Điểm học bạ,2025,20.0,Luật
89637,HHT,luat,D01,Điểm học bạ,2025,20.0,Luật
89638,HHT,luat,C01,Điểm thi THPT,2025,18.0,Luật
89639,HHT,luat,C02,Điểm thi THPT,2025,18.0,Luật
89640,HHT,luat,C03,Điểm thi THPT,2025,18.0,Luật
89641,HHT,luat,C04,Điểm thi THPT,2025,18.0,Luật
89642,HHT,luat,C14,Điểm thi THPT,2025,18.0,Luật
89643,HHT,luat,D01,Điểm thi THPT,2025,18.0,Luật
89644,HHT,luat,X01,Điểm thi THPT,2025,18.0,Luật
89645,HHT,ngon-ngu-anh,D01,Điểm học bạ,2021,15.0,Ngôn ngữ Anh
89646,HHT,ngon-ngu-anh,D14,Điểm học bạ,2021,15.0,Ngôn ngữ Anh
89647,HHT,ngon-ngu-anh,D15,Điểm học bạ,2021,15.0,Ngôn ngữ Anh
89648,HHT,ngon-ngu-anh,D66,Điểm học bạ,2021,15.0,Ngôn ngữ Anh
89649,HHT,ngon-ngu-anh,D01,Điểm thi THPT,2021,15.0,Ngôn ngữ Anh
89650,HHT,ngon-ngu-anh,D14,Điểm thi THPT,2021,15.0,Ngôn ngữ Anh
89651,HHT,ngon-ngu-anh,D15,Điểm thi THPT,2021,15.0,Ngôn ngữ Anh
89652,HHT,ngon-ngu-anh,D66,Điểm thi THPT,2021,15.0,Ngôn ngữ Anh
89653,HHT,ngon-ngu-anh,D01,Điểm học bạ,2022,15.0,Ngôn ngữ Anh
89654,HHT,ngon-ngu-anh,D14,Điểm học bạ,2022,15.0,Ngôn ngữ Anh
89655,HHT,ngon-ngu-anh,D15,Điểm học bạ,2022,15.0,Ngôn ngữ Anh
89656,HHT,ngon-ngu-anh,D66,Điểm học bạ,2022,15.0,Ngôn ngữ Anh
89657,HHT,ngon-ngu-anh,D01,Điểm thi THPT,2022,15.0,Ngôn ngữ Anh
89658,HHT,ngon-ngu-anh,D14,Điểm thi THPT,2022,15.0,Ngôn ngữ Anh
89659,HHT,ngon-ngu-anh,D15,Điểm thi THPT,2022,15.0,Ngôn ngữ Anh
89660,HHT,ngon-ngu-anh,D66,Điểm thi THPT,2022,15.0,Ngôn ngữ Anh
89661,HHT,ngon-ngu-anh,D01,Điểm học bạ,2023,18.0,Ngôn ngữ Anh
89662,HHT,ngon-ngu-anh,D14,Điểm học bạ,2023,18.0,Ngôn ngữ Anh
89663,HHT,ngon-ngu-anh,D15,Điểm học bạ,2023,18.0,Ngôn ngữ Anh
89664,HHT,ngon-ngu-anh,D66,Điểm học bạ,2023,18.0,Ngôn ngữ Anh
89665,HHT,ngon-ngu-anh,D01,Điểm thi THPT,2023,16.0,Ngôn ngữ Anh
89666,HHT,ngon-ngu-anh,D14,Điểm thi THPT,2023,16.0,Ngôn ngữ Anh
89667,HHT,ngon-ngu-anh,D15,Điểm thi THPT,2023,16.0,Ngôn ngữ Anh
89668,HHT,ngon-ngu-anh,D66,Điểm thi THPT,2023,16.0,Ngôn ngữ Anh
89669,HHT,ngon-ngu-anh,D01,Điểm học bạ,2024,18.0,Ngôn ngữ Anh
89670,HHT,ngon-ngu-anh,D14,Điểm học bạ,2024,18.0,Ngôn ngữ Anh
89671,HHT,ngon-ngu-anh,D15,Điểm học bạ,2024,18.0,Ngôn ngữ Anh
89672,HHT,ngon-ngu-anh,D66,Điểm học bạ,2024,18.0,Ngôn ngữ Anh
89673,HHT,ngon-ngu-anh,D01,Điểm thi THPT,2024,15.0,Ngôn ngữ Anh
89674,HHT,ngon-ngu-anh,D14,Điểm thi THPT,2024,15.0,Ngôn ngữ Anh
89675,HHT,ngon-ngu-anh,D15,Điểm thi THPT,2024,15.0,Ngôn ngữ Anh
89676,HHT,ngon-ngu-anh,D66,Điểm thi THPT,2024,15.0,Ngôn ngữ Anh
89677,HHT,ngon-ngu-anh,D01,Điểm học bạ,2025,18.0,Ngôn ngữ Anh
89678,HHT,ngon-ngu-anh,D14,Điểm học bạ,2025,18.0,Ngôn ngữ Anh
89679,HHT,ngon-ngu-anh,D15,Điểm học bạ,2025,18.0,Ngôn ngữ Anh
89680,HHT,ngon-ngu-anh,D66,Điểm học bạ,2025,18.0,Ngôn ngữ Anh
89681,HHT,ngon-ngu-anh,D01,Điểm thi THPT,2025,15.0,Ngôn ngữ Anh
89682,HHT,ngon-ngu-anh,D10,Điểm thi THPT,2025,15.0,Ngôn ngữ Anh
89683,HHT,ngon-ngu-anh,D14,Điểm thi THPT,2025,15.0,Ngôn ngữ Anh
89684,HHT,ngon-ngu-anh,D15,Điểm thi THPT,2025,15.0,Ngôn ngữ Anh
89685,HHT,ngon-ngu-anh,D66,Điểm thi THPT,2025,15.0,Ngôn ngữ Anh
89686,HHT,ngon-ngu-trung-quoc,C00,Điểm học bạ,2021,15.0,Ngôn ngữ Trung Quốc
89687,HHT,ngon-ngu-trung-quoc,C20,Điểm học bạ,2021,15.0,Ngôn ngữ Trung Quốc
89688,HHT,ngon-ngu-trung-quoc,D01,Điểm học bạ,2021,15.0,Ngôn ngữ Trung Quốc
89689,HHT,ngon-ngu-trung-quoc,D66,Điểm học bạ,2021,15.0,Ngôn ngữ Trung Quốc
89690,HHT,ngon-ngu-trung-quoc,C00,Điểm thi THPT,2021,15.0,Ngôn ngữ Trung Quốc
89691,HHT,ngon-ngu-trung-quoc,C20,Điểm thi THPT,2021,15.0,Ngôn ngữ Trung Quốc
89692,HHT,ngon-ngu-trung-quoc,D01,Điểm thi THPT,2021,15.0,Ngôn ngữ Trung Quốc
89693,HHT,ngon-ngu-trung-quoc,D66,Điểm thi THPT,2021,15.0,Ngôn ngữ Trung Quốc
89694,HHT,ngon-ngu-trung-quoc,C00,Điểm học bạ,2022,15.0,Ngôn ngữ Trung Quốc
89695,HHT,ngon-ngu-trung-quoc,C20,Điểm học bạ,2022,15.0,Ngôn ngữ Trung Quốc
89696,HHT,ngon-ngu-trung-quoc,D01,Điểm học bạ,2022,15.0,Ngôn ngữ Trung Quốc
89697,HHT,ngon-ngu-trung-quoc,D66,Điểm học bạ,2022,15.0,Ngôn ngữ Trung Quốc
89698,HHT,ngon-ngu-trung-quoc,C00,Điểm thi THPT,2022,15.0,Ngôn ngữ Trung Quốc
89699,HHT,ngon-ngu-trung-quoc,C20,Điểm thi THPT,2022,15.0,Ngôn ngữ Trung Quốc
89700,HHT,ngon-ngu-trung-quoc,D01,Điểm thi THPT,2022,15.0,Ngôn ngữ Trung Quốc
89701,HHT,ngon-ngu-trung-quoc,D66,Điểm thi THPT,2022,15.0,Ngôn ngữ Trung Quốc
89702,HHT,ngon-ngu-trung-quoc,C00,Điểm học bạ,2023,18.0,Ngôn ngữ Trung Quốc
89703,HHT,ngon-ngu-trung-quoc,C20,Điểm học bạ,2023,18.0,Ngôn ngữ Trung Quốc
89704,HHT,ngon-ngu-trung-quoc,D01,Điểm học bạ,2023,18.0,Ngôn ngữ Trung Quốc
89705,HHT,ngon-ngu-trung-quoc,D66,Điểm học bạ,2023,18.0,Ngôn ngữ Trung Quốc
89706,HHT,ngon-ngu-trung-quoc,C00,Điểm thi THPT,2023,16.0,Ngôn ngữ Trung Quốc
89707,HHT,ngon-ngu-trung-quoc,C20,Điểm thi THPT,2023,16.0,Ngôn ngữ Trung Quốc
89708,HHT,ngon-ngu-trung-quoc,D01,Điểm thi THPT,2023,16.0,Ngôn ngữ Trung Quốc
89709,HHT,ngon-ngu-trung-quoc,D66,Điểm thi THPT,2023,16.0,Ngôn ngữ Trung Quốc
89710,HHT,ngon-ngu-trung-quoc,C20,Điểm học bạ,2024,18.0,Ngôn ngữ Trung Quốc
89711,HHT,ngon-ngu-trung-quoc,D01,Điểm học bạ,2024,18.0,Ngôn ngữ Trung Quốc
89712,HHT,ngon-ngu-trung-quoc,D04,Điểm học bạ,2024,18.0,Ngôn ngữ Trung Quốc
89713,HHT,ngon-ngu-trung-quoc,D66,Điểm học bạ,2024,18.0,Ngôn ngữ Trung Quốc
89714,HHT,ngon-ngu-trung-quoc,C20,Điểm thi THPT,2024,15.0,Ngôn ngữ Trung Quốc
89715,HHT,ngon-ngu-trung-quoc,D01,Điểm thi THPT,2024,15.0,Ngôn ngữ Trung Quốc
89716,HHT,ngon-ngu-trung-quoc,D04,Điểm thi THPT,2024,15.0,Ngôn ngữ Trung Quốc
89717,HHT,ngon-ngu-trung-quoc,D66,Điểm thi THPT,2024,15.0,Ngôn ngữ Trung Quốc
89718,HHT,ngon-ngu-trung-quoc,C00,Điểm học bạ,2025,22.0,Ngôn ngữ Trung Quốc
89719,HHT,ngon-ngu-trung-quoc,C04,Điểm học bạ,2025,22.0,Ngôn ngữ Trung Quốc
89720,HHT,ngon-ngu-trung-quoc,C14,Điểm học bạ,2025,22.0,Ngôn ngữ Trung Quốc
89721,HHT,ngon-ngu-trung-quoc,D01,Điểm học bạ,2025,22.0,Ngôn ngữ Trung Quốc
89722,HHT,ngon-ngu-trung-quoc,D14,Điểm học bạ,2025,22.0,Ngôn ngữ Trung Quốc
89723,HHT,ngon-ngu-trung-quoc,D15,Điểm học bạ,2025,22.0,Ngôn ngữ Trung Quốc
89724,HHT,ngon-ngu-trung-quoc,A00,Điểm thi THPT,2025,20.0,Ngôn ngữ Trung Quốc
89725,HHT,ngon-ngu-trung-quoc,C00,Điểm thi THPT,2025,20.0,Ngôn ngữ Trung Quốc
89726,HHT,ngon-ngu-trung-quoc,C03,Điểm thi THPT,2025,20.0,Ngôn ngữ Trung Quốc
89727,HHT,ngon-ngu-trung-quoc,C04,Điểm thi THPT,2025,20.0,Ngôn ngữ Trung Quốc
89728,HHT,ngon-ngu-trung-quoc,C14,Điểm thi THPT,2025,20.0,Ngôn ngữ Trung Quốc
89729,HHT,ngon-ngu-trung-quoc,D01,Điểm thi THPT,2025,20.0,Ngôn ngữ Trung Quốc
89730,HHT,ngon-ngu-trung-quoc,X01,Điểm thi THPT,2025,20.0,Ngôn ngữ Trung Quốc
89731,HHT,qtdv-du-lich-va-lu-hanh,A00,Điểm học bạ,2021,15.0,QTDV Du lịch và Lữ hành
89732,HHT,qtdv-du-lich-va-lu-hanh,C14,Điểm học bạ,2021,15.0,QTDV Du lịch và Lữ hành
89733,HHT,qtdv-du-lich-va-lu-hanh,C20,Điểm học bạ,2021,15.0,QTDV Du lịch và Lữ hành
89734,HHT,qtdv-du-lich-va-lu-hanh,D01,Điểm học bạ,2021,15.0,QTDV Du lịch và Lữ hành
89735,HHT,qtdv-du-lich-va-lu-hanh,A00,Điểm thi THPT,2021,15.0,QTDV Du lịch và Lữ hành
89736,HHT,qtdv-du-lich-va-lu-hanh,C14,Điểm thi THPT,2021,15.0,QTDV Du lịch và Lữ hành
89737,HHT,qtdv-du-lich-va-lu-hanh,C20,Điểm thi THPT,2021,15.0,QTDV Du lịch và Lữ hành
89738,HHT,qtdv-du-lich-va-lu-hanh,D01,Điểm thi THPT,2021,15.0,QTDV Du lịch và Lữ hành
89739,HHT,qtdv-du-lich-va-lu-hanh,A00,Điểm học bạ,2022,15.0,QTDV Du lịch và Lữ hành
89740,HHT,qtdv-du-lich-va-lu-hanh,C14,Điểm học bạ,2022,15.0,QTDV Du lịch và Lữ hành
89741,HHT,qtdv-du-lich-va-lu-hanh,C20,Điểm học bạ,2022,15.0,QTDV Du lịch và Lữ hành
89742,HHT,qtdv-du-lich-va-lu-hanh,D01,Điểm học bạ,2022,15.0,QTDV Du lịch và Lữ hành
89743,HHT,qtdv-du-lich-va-lu-hanh,A00,Điểm thi THPT,2022,15.0,QTDV Du lịch và Lữ hành
89744,HHT,qtdv-du-lich-va-lu-hanh,C14,Điểm thi THPT,2022,15.0,QTDV Du lịch và Lữ hành
89745,HHT,qtdv-du-lich-va-lu-hanh,C20,Điểm thi THPT,2022,15.0,QTDV Du lịch và Lữ hành
89746,HHT,qtdv-du-lich-va-lu-hanh,D01,Điểm thi THPT,2022,15.0,QTDV Du lịch và Lữ hành
89747,HHT,qtdv-du-lich-va-lu-hanh,A00,Điểm học bạ,2023,18.0,QTDV Du lịch và Lữ hành
89748,HHT,qtdv-du-lich-va-lu-hanh,C14,Điểm học bạ,2023,18.0,QTDV Du lịch và Lữ hành
89749,HHT,qtdv-du-lich-va-lu-hanh,C20,Điểm học bạ,2023,18.0,QTDV Du lịch và Lữ hành
89750,HHT,qtdv-du-lich-va-lu-hanh,D01,Điểm học bạ,2023,18.0,QTDV Du lịch và Lữ hành
89751,HHT,qtdv-du-lich-va-lu-hanh,A00,Điểm thi THPT,2023,16.0,QTDV Du lịch và Lữ hành
89752,HHT,qtdv-du-lich-va-lu-hanh,C14,Điểm thi THPT,2023,16.0,QTDV Du lịch và Lữ hành
89753,HHT,qtdv-du-lich-va-lu-hanh,C20,Điểm thi THPT,2023,16.0,QTDV Du lịch và Lữ hành
89754,HHT,qtdv-du-lich-va-lu-hanh,D01,Điểm thi THPT,2023,16.0,QTDV Du lịch và Lữ hành
89755,HHT,qtdv-du-lich-va-lu-hanh,A00,Điểm học bạ,2024,18.0,QTDV Du lịch và Lữ hành
89756,HHT,qtdv-du-lich-va-lu-hanh,C04,Điểm học bạ,2024,18.0,QTDV Du lịch và Lữ hành
89757,HHT,qtdv-du-lich-va-lu-hanh,C14,Điểm học bạ,2024,18.0,QTDV Du lịch và Lữ hành
89758,HHT,qtdv-du-lich-va-lu-hanh,D01,Điểm học bạ,2024,18.0,QTDV Du lịch và Lữ hành
89759,HHT,qtdv-du-lich-va-lu-hanh,A00,Điểm thi THPT,2024,15.0,QTDV Du lịch và Lữ hành
89760,HHT,qtdv-du-lich-va-lu-hanh,C04,Điểm thi THPT,2024,15.0,QTDV Du lịch và Lữ hành
89761,HHT,qtdv-du-lich-va-lu-hanh,C14,Điểm thi THPT,2024,15.0,QTDV Du lịch và Lữ hành
89762,HHT,qtdv-du-lich-va-lu-hanh,D01,Điểm thi THPT,2024,15.0,QTDV Du lịch và Lữ hành
89763,HHT,qtdv-du-lich-va-lu-hanh,B03,Điểm học bạ,2025,18.0,QTDV Du lịch và Lữ hành
89764,HHT,qtdv-du-lich-va-lu-hanh,C01,Điểm học bạ,2025,18.0,QTDV Du lịch và Lữ hành
89765,HHT,qtdv-du-lich-va-lu-hanh,C02,Điểm học bạ,2025,18.0,QTDV Du lịch và Lữ hành
89766,HHT,qtdv-du-lich-va-lu-hanh,C04,Điểm học bạ,2025,18.0,QTDV Du lịch và Lữ hành
89767,HHT,qtdv-du-lich-va-lu-hanh,C14,Điểm học bạ,2025,18.0,QTDV Du lịch và Lữ hành
89768,HHT,qtdv-du-lich-va-lu-hanh,D01,Điểm học bạ,2025,18.0,QTDV Du lịch và Lữ hành
89769,HHT,qtdv-du-lich-va-lu-hanh,B00,Điểm thi THPT,2025,15.0,QTDV Du lịch và Lữ hành
89770,HHT,qtdv-du-lich-va-lu-hanh,C01,Điểm thi THPT,2025,15.0,QTDV Du lịch và Lữ hành
89771,HHT,qtdv-du-lich-va-lu-hanh,C02,Điểm thi THPT,2025,15.0,QTDV Du lịch và Lữ hành
89772,HHT,qtdv-du-lich-va-lu-hanh,C03,Điểm thi THPT,2025,15.0,QTDV Du lịch và Lữ hành
89773,HHT,qtdv-du-lich-va-lu-hanh,C04,Điểm thi THPT,2025,15.0,QTDV Du lịch và Lữ hành
89774,HHT,qtdv-du-lich-va-lu-hanh,C14,Điểm thi THPT,2025,15.0,QTDV Du lịch và Lữ hành
89775,HHT,qtdv-du-lich-va-lu-hanh,D01,Điểm thi THPT,2025,15.0,QTDV Du lịch và Lữ hành
89776,HHT,qtdv-du-lich-va-lu-hanh,X01,Điểm thi THPT,2025,15.0,QTDV Du lịch và Lữ hành
89777,HHT,qtdv-du-lich-va-lu-hanh,X02,Điểm thi THPT,2025,15.0,QTDV Du lịch và Lữ hành
89778,HHT,quan-tri-kinh-doanh,A00,Điểm học bạ,2021,15.0,Quản trị kinh doanh
89779,HHT,quan-tri-kinh-doanh,C14,Điểm học bạ,2021,15.0,Quản trị kinh doanh
89780,HHT,quan-tri-kinh-doanh,C20,Điểm học bạ,2021,15.0,Quản trị kinh doanh
89781,HHT,quan-tri-kinh-doanh,D01,Điểm học bạ,2021,15.0,Quản trị kinh doanh
89782,HHT,quan-tri-kinh-doanh,A00,Điểm thi THPT,2021,15.0,Quản trị kinh doanh
89783,HHT,quan-tri-kinh-doanh,C14,Điểm thi THPT,2021,15.0,Quản trị kinh doanh
89784,HHT,quan-tri-kinh-doanh,C20,Điểm thi THPT,2021,15.0,Quản trị kinh doanh
89785,HHT,quan-tri-kinh-doanh,D01,Điểm thi THPT,2021,15.0,Quản trị kinh doanh
89786,HHT,quan-tri-kinh-doanh,A00,Điểm học bạ,2022,15.0,Quản trị kinh doanh
89787,HHT,quan-tri-kinh-doanh,C14,Điểm học bạ,2022,15.0,Quản trị kinh doanh
89788,HHT,quan-tri-kinh-doanh,C20,Điểm học bạ,2022,15.0,Quản trị kinh doanh
89789,HHT,quan-tri-kinh-doanh,D01,Điểm học bạ,2022,15.0,Quản trị kinh doanh
89790,HHT,quan-tri-kinh-doanh,A00,Điểm thi THPT,2022,15.0,Quản trị kinh doanh
89791,HHT,quan-tri-kinh-doanh,C14,Điểm thi THPT,2022,15.0,Quản trị kinh doanh
89792,HHT,quan-tri-kinh-doanh,C20,Điểm thi THPT,2022,15.0,Quản trị kinh doanh
89793,HHT,quan-tri-kinh-doanh,D01,Điểm thi THPT,2022,15.0,Quản trị kinh doanh
89794,HHT,quan-tri-kinh-doanh,A00,Điểm học bạ,2023,18.0,Quản trị kinh doanh
89795,HHT,quan-tri-kinh-doanh,C14,Điểm học bạ,2023,18.0,Quản trị kinh doanh
89796,HHT,quan-tri-kinh-doanh,C20,Điểm học bạ,2023,18.0,Quản trị kinh doanh
89797,HHT,quan-tri-kinh-doanh,D01,Điểm học bạ,2023,18.0,Quản trị kinh doanh
89798,HHT,quan-tri-kinh-doanh,A00,Điểm thi THPT,2023,16.0,Quản trị kinh doanh
89799,HHT,quan-tri-kinh-doanh,C14,Điểm thi THPT,2023,16.0,Quản trị kinh doanh
89800,HHT,quan-tri-kinh-doanh,C20,Điểm thi THPT,2023,16.0,Quản trị kinh doanh
89801,HHT,quan-tri-kinh-doanh,D01,Điểm thi THPT,2023,16.0,Quản trị kinh doanh
89802,HHT,quan-tri-kinh-doanh,A00,Điểm học bạ,2024,18.0,Quản trị kinh doanh
89803,HHT,quan-tri-kinh-doanh,C04,Điểm học bạ,2024,18.0,Quản trị kinh doanh
89804,HHT,quan-tri-kinh-doanh,C14,Điểm học bạ,2024,18.0,Quản trị kinh doanh
89805,HHT,quan-tri-kinh-doanh,D01,Điểm học bạ,2024,18.0,Quản trị kinh doanh
89806,HHT,quan-tri-kinh-doanh,A00,Điểm thi THPT,2024,15.0,Quản trị kinh doanh
89807,HHT,quan-tri-kinh-doanh,C04,Điểm thi THPT,2024,15.0,Quản trị kinh doanh
89808,HHT,quan-tri-kinh-doanh,C14,Điểm thi THPT,2024,15.0,Quản trị kinh doanh
89809,HHT,quan-tri-kinh-doanh,D01,Điểm thi THPT,2024,15.0,Quản trị kinh doanh
89810,HHT,quan-tri-kinh-doanh,B03,Điểm học bạ,2025,18.0,Quản trị kinh doanh
89811,HHT,quan-tri-kinh-doanh,C01,Điểm học bạ,2025,18.0,Quản trị kinh doanh
89812,HHT,quan-tri-kinh-doanh,C02,Điểm học bạ,2025,18.0,Quản trị kinh doanh
89813,HHT,quan-tri-kinh-doanh,C04,Điểm học bạ,2025,18.0,Quản trị kinh doanh
89814,HHT,quan-tri-kinh-doanh,C14,Điểm học bạ,2025,18.0,Quản trị kinh doanh
89815,HHT,quan-tri-kinh-doanh,D01,Điểm học bạ,2025,18.0,Quản trị kinh doanh
89816,HHT,quan-tri-kinh-doanh,B03,Điểm thi THPT,2025,15.0,Quản trị kinh doanh
89817,HHT,quan-tri-kinh-doanh,C01,Điểm thi THPT,2025,15.0,Quản trị kinh doanh
89818,HHT,quan-tri-kinh-doanh,C02,Điểm thi THPT,2025,15.0,Quản trị kinh doanh
89819,HHT,quan-tri-kinh-doanh,C03,Điểm thi THPT,2025,15.0,Quản trị kinh doanh
89820,HHT,quan-tri-kinh-doanh,C04,Điểm thi THPT,2025,15.0,Quản trị kinh doanh
89821,HHT,quan-tri-kinh-doanh,C14,Điểm thi THPT,2025,15.0,Quản trị kinh doanh
89822,HHT,quan-tri-kinh-doanh,D01,Điểm thi THPT,2025,15.0,Quản trị kinh doanh
89823,HHT,quan-tri-kinh-doanh,X01,Điểm thi THPT,2025,15.0,Quản trị kinh doanh
89824,HHT,quan-tri-kinh-doanh,X02,Điểm thi THPT,2025,15.0,Quản trị kinh doanh
89825,HHT,su-pham-hoa-hoc,A00,Điểm học bạ,2021,24.0,Sư phạm Hóa học
89826,HHT,su-pham-hoa-hoc,B00,Điểm học bạ,2021,24.0,Sư phạm Hóa học
89827,HHT,su-pham-hoa-hoc,C02,Điểm học bạ,2021,24.0,Sư phạm Hóa học
89828,HHT,su-pham-hoa-hoc,D07,Điểm học bạ,2021,24.0,Sư phạm Hóa học
89829,HHT,su-pham-hoa-hoc,A00,Điểm thi THPT,2021,19.0,Sư phạm Hóa học
89830,HHT,su-pham-hoa-hoc,B00,Điểm thi THPT,2021,19.0,Sư phạm Hóa học
89831,HHT,su-pham-hoa-hoc,C02,Điểm thi THPT,2021,19.0,Sư phạm Hóa học
89832,HHT,su-pham-hoa-hoc,D07,Điểm thi THPT,2021,19.0,Sư phạm Hóa học
89833,HHT,su-pham-tieng-anh,D01,Điểm học bạ,2021,24.0,Sư phạm Tiếng Anh
89834,HHT,su-pham-tieng-anh,D14,Điểm học bạ,2021,24.0,Sư phạm Tiếng Anh
89835,HHT,su-pham-tieng-anh,D15,Điểm học bạ,2021,24.0,Sư phạm Tiếng Anh
89836,HHT,su-pham-tieng-anh,D66,Điểm học bạ,2021,24.0,Sư phạm Tiếng Anh
89837,HHT,su-pham-tieng-anh,D01,Điểm thi THPT,2021,19.0,Sư phạm Tiếng Anh
89838,HHT,su-pham-tieng-anh,D14,Điểm thi THPT,2021,19.0,Sư phạm Tiếng Anh
89839,HHT,su-pham-tieng-anh,D15,Điểm thi THPT,2021,19.0,Sư phạm Tiếng Anh
89840,HHT,su-pham-tieng-anh,D66,Điểm thi THPT,2021,19.0,Sư phạm Tiếng Anh
89841,HHT,su-pham-tin-hoc,A00,Điểm học bạ,2021,24.0,Sư phạm Tin học
89842,HHT,su-pham-tin-hoc,A01,Điểm học bạ,2021,24.0,Sư phạm Tin học
89843,HHT,su-pham-tin-hoc,A02,Điểm học bạ,2021,24.0,Sư phạm Tin học
89844,HHT,su-pham-tin-hoc,A09,Điểm học bạ,2021,24.0,Sư phạm Tin học
89845,HHT,su-pham-tin-hoc,A00,Điểm thi THPT,2021,19.0,Sư phạm Tin học
89846,HHT,su-pham-tin-hoc,A01,Điểm thi THPT,2021,19.0,Sư phạm Tin học
89847,HHT,su-pham-tin-hoc,A02,Điểm thi THPT,2021,19.0,Sư phạm Tin học
89848,HHT,su-pham-tin-hoc,A09,Điểm thi THPT,2021,19.0,Sư phạm Tin học
89849,HHT,su-pham-toan-hoc,A00,Điểm học bạ,2021,24.0,Sư phạm Toán học
89850,HHT,su-pham-toan-hoc,A01,Điểm học bạ,2021,24.0,Sư phạm Toán học
89851,HHT,su-pham-toan-hoc,A09,Điểm học bạ,2021,24.0,Sư phạm Toán học
89852,HHT,su-pham-toan-hoc,B00,Điểm học bạ,2021,24.0,Sư phạm Toán học
89853,HHT,su-pham-toan-hoc,A00,Điểm thi THPT,2021,19.0,Sư phạm Toán học
89854,HHT,su-pham-toan-hoc,A01,Điểm thi THPT,2021,19.0,Sư phạm Toán học
89855,HHT,su-pham-toan-hoc,A09,Điểm thi THPT,2021,19.0,Sư phạm Toán học
89856,HHT,su-pham-toan-hoc,B00,Điểm thi THPT,2021,19.0,Sư phạm Toán học
89857,HHT,su-pham-vat-ly,A00,Điểm học bạ,2021,24.0,Sư phạm Vật lý
89858,HHT,su-pham-vat-ly,A01,Điểm học bạ,2021,24.0,Sư phạm Vật lý
89859,HHT,su-pham-vat-ly,A02,Điểm học bạ,2021,24.0,Sư phạm Vật lý
89860,HHT,su-pham-vat-ly,C01,Điểm học bạ,2021,24.0,Sư phạm Vật lý
89861,HHT,su-pham-vat-ly,A00,Điểm thi THPT,2021,19.0,Sư phạm Vật lý
89862,HHT,su-pham-vat-ly,A01,Điểm thi THPT,2021,19.0,Sư phạm Vật lý
89863,HHT,su-pham-vat-ly,A02,Điểm thi THPT,2021,19.0,Sư phạm Vật lý
89864,HHT,su-pham-vat-ly,C01,Điểm thi THPT,2021,19.0,Sư phạm Vật lý
89865,HHT,tai-chinh-ngan-hang,A00,Điểm học bạ,2021,15.0,Tài chính - Ngân hàng
89866,HHT,tai-chinh-ngan-hang,C14,Điểm học bạ,2021,15.0,Tài chính - Ngân hàng
89867,HHT,tai-chinh-ngan-hang,C20,Điểm học bạ,2021,15.0,Tài chính - Ngân hàng
89868,HHT,tai-chinh-ngan-hang,D01,Điểm học bạ,2021,15.0,Tài chính - Ngân hàng
89869,HHT,tai-chinh-ngan-hang,A00,Điểm thi THPT,2021,15.0,Tài chính - Ngân hàng
89870,HHT,tai-chinh-ngan-hang,C14,Điểm thi THPT,2021,15.0,Tài chính - Ngân hàng
89871,HHT,tai-chinh-ngan-hang,C20,Điểm thi THPT,2021,15.0,Tài chính - Ngân hàng
89872,HHT,tai-chinh-ngan-hang,D01,Điểm thi THPT,2021,15.0,Tài chính - Ngân hàng
89873,HHT,tai-chinh-ngan-hang,A00,Điểm học bạ,2022,15.0,Tài chính - Ngân hàng
89874,HHT,tai-chinh-ngan-hang,C14,Điểm học bạ,2022,15.0,Tài chính - Ngân hàng
89875,HHT,tai-chinh-ngan-hang,C20,Điểm học bạ,2022,15.0,Tài chính - Ngân hàng
89876,HHT,tai-chinh-ngan-hang,D01,Điểm học bạ,2022,15.0,Tài chính - Ngân hàng
89877,HHT,tai-chinh-ngan-hang,A00,Điểm thi THPT,2022,15.0,Tài chính - Ngân hàng
89878,HHT,tai-chinh-ngan-hang,C14,Điểm thi THPT,2022,15.0,Tài chính - Ngân hàng
89879,HHT,tai-chinh-ngan-hang,C20,Điểm thi THPT,2022,15.0,Tài chính - Ngân hàng
89880,HHT,tai-chinh-ngan-hang,D01,Điểm thi THPT,2022,15.0,Tài chính - Ngân hàng
89881,HHT,tai-chinh-ngan-hang,A00,Điểm học bạ,2023,18.0,Tài chính - Ngân hàng
89882,HHT,tai-chinh-ngan-hang,C14,Điểm học bạ,2023,18.0,Tài chính - Ngân hàng
89883,HHT,tai-chinh-ngan-hang,C20,Điểm học bạ,2023,18.0,Tài chính - Ngân hàng
89884,HHT,tai-chinh-ngan-hang,D01,Điểm học bạ,2023,18.0,Tài chính - Ngân hàng
89885,HHT,tai-chinh-ngan-hang,A00,Điểm thi THPT,2023,16.0,Tài chính - Ngân hàng
89886,HHT,tai-chinh-ngan-hang,C14,Điểm thi THPT,2023,16.0,Tài chính - Ngân hàng
89887,HHT,tai-chinh-ngan-hang,C20,Điểm thi THPT,2023,16.0,Tài chính - Ngân hàng
89888,HHT,tai-chinh-ngan-hang,D01,Điểm thi THPT,2023,16.0,Tài chính - Ngân hàng
89889,HHT,tai-chinh-ngan-hang,A00,Điểm học bạ,2024,18.0,Tài chính - Ngân hàng
89890,HHT,tai-chinh-ngan-hang,C04,Điểm học bạ,2024,18.0,Tài chính - Ngân hàng
89891,HHT,tai-chinh-ngan-hang,C14,Điểm học bạ,2024,18.0,Tài chính - Ngân hàng
89892,HHT,tai-chinh-ngan-hang,D01,Điểm học bạ,2024,18.0,Tài chính - Ngân hàng
89893,HHT,tai-chinh-ngan-hang,A00,Điểm thi THPT,2024,15.0,Tài chính - Ngân hàng
89894,HHT,tai-chinh-ngan-hang,C04,Điểm thi THPT,2024,15.0,Tài chính - Ngân hàng
89895,HHT,tai-chinh-ngan-hang,C14,Điểm thi THPT,2024,15.0,Tài chính - Ngân hàng
89896,HHT,tai-chinh-ngan-hang,D01,Điểm thi THPT,2024,15.0,Tài chính - Ngân hàng
89897,HHT,tai-chinh-ngan-hang,B03,Điểm học bạ,2025,18.0,Tài chính - Ngân hàng
89898,HHT,tai-chinh-ngan-hang,C01,Điểm học bạ,2025,18.0,Tài chính - Ngân hàng
89899,HHT,tai-chinh-ngan-hang,C02,Điểm học bạ,2025,18.0,Tài chính - Ngân hàng
89900,HHT,tai-chinh-ngan-hang,C04,Điểm học bạ,2025,18.0,Tài chính - Ngân hàng
89901,HHT,tai-chinh-ngan-hang,C14,Điểm học bạ,2025,18.0,Tài chính - Ngân hàng
89902,HHT,tai-chinh-ngan-hang,D01,Điểm học bạ,2025,18.0,Tài chính - Ngân hàng
89903,HHT,tai-chinh-ngan-hang,B03,Điểm thi THPT,2025,15.0,Tài chính - Ngân hàng
89904,HHT,tai-chinh-ngan-hang,C01,Điểm thi THPT,2025,15.0,Tài chính - Ngân hàng
89905,HHT,tai-chinh-ngan-hang,C02,Điểm thi THPT,2025,15.0,Tài chính - Ngân hàng
89906,HHT,tai-chinh-ngan-hang,C03,Điểm thi THPT,2025,15.0,Tài chính - Ngân hàng
89907,HHT,tai-chinh-ngan-hang,C04,Điểm thi THPT,2025,15.0,Tài chính - Ngân hàng
89908,HHT,tai-chinh-ngan-hang,C14,Điểm thi THPT,2025,15.0,Tài chính - Ngân hàng
89909,HHT,tai-chinh-ngan-hang,D01,Điểm thi THPT,2025,15.0,Tài chính - Ngân hàng
89910,HHT,tai-chinh-ngan-hang,X01,Điểm thi THPT,2025,15.0,Tài chính - Ngân hàng
89911,HHT,tai-chinh-ngan-hang,X02,Điểm thi THPT,2025,15.0,Tài chính - Ngân hàng
89912,HHT,thu,A00,Điểm học bạ,2021,15.0,Thú у
89913,HHT,thu,A09,Điểm học bạ,2021,15.0,Thú у
89914,HHT,thu,B00,Điểm học bạ,2021,15.0,Thú у
89915,HHT,thu,D07,Điểm học bạ,2021,15.0,Thú у
89916,HHT,thu,A00,Điểm thi THPT,2021,15.0,Thú у
89917,HHT,thu,A09,Điểm thi THPT,2021,15.0,Thú у
89918,HHT,thu,B00,Điểm thi THPT,2021,15.0,Thú у
89919,HHT,thu,D07,Điểm thi THPT,2021,15.0,Thú у
89920,HHT,thu-y,A00,Điểm học bạ,2022,15.0,Thú y
89921,HHT,thu-y,A09,Điểm học bạ,2022,15.0,Thú y
89922,HHT,thu-y,B00,Điểm học bạ,2022,15.0,Thú y
89923,HHT,thu-y,D07,Điểm học bạ,2022,15.0,Thú y
89924,HHT,thu-y,A00,Điểm thi THPT,2022,15.0,Thú y
89925,HHT,thu-y,A09,Điểm thi THPT,2022,15.0,Thú y
89926,HHT,thu-y,B00,Điểm thi THPT,2022,15.0,Thú y
89927,HHT,thu-y,D07,Điểm thi THPT,2022,15.0,Thú y
89928,HHT,thu-y,A00,Điểm học bạ,2023,18.0,Thú y
89929,HHT,thu-y,A09,Điểm học bạ,2023,18.0,Thú y
89930,HHT,thu-y,B00,Điểm học bạ,2023,18.0,Thú y
89931,HHT,thu-y,D07,Điểm học bạ,2023,18.0,Thú y
89932,HHT,thu-y,A00,Điểm thi THPT,2023,16.0,Thú y
89933,HHT,thu-y,A09,Điểm thi THPT,2023,16.0,Thú y
89934,HHT,thu-y,B00,Điểm thi THPT,2023,16.0,Thú y
89935,HHT,thu-y,D07,Điểm thi THPT,2023,16.0,Thú y
89936,HHT,thu-y,A00,Điểm học bạ,2024,18.0,Thú y
89937,HHT,thu-y,A09,Điểm học bạ,2024,18.0,Thú y
89938,HHT,thu-y,B00,Điểm học bạ,2024,18.0,Thú y
89939,HHT,thu-y,D07,Điểm học bạ,2024,18.0,Thú y
89940,HHT,thu-y,A00,Điểm thi THPT,2024,15.0,Thú y
89941,HHT,thu-y,A09,Điểm thi THPT,2024,15.0,Thú y
89942,HHT,thu-y,B00,Điểm thi THPT,2024,15.0,Thú y
89943,HHT,thu-y,D07,Điểm thi THPT,2024,15.0,Thú y
89944,HHT,thu-y,A00,Điểm học bạ,2025,18.0,Thú y
89945,HHT,thu-y,B00,Điểm học bạ,2025,18.0,Thú y
89946,HHT,thu-y,B03,Điểm học bạ,2025,18.0,Thú y
89947,HHT,thu-y,C01,Điểm học bạ,2025,18.0,Thú y
89948,HHT,thu-y,C02,Điểm học bạ,2025,18.0,Thú y
89949,HHT,thu-y,C04,Điểm học bạ,2025,18.0,Thú y
89950,HHT,thu-y,C14,Điểm học bạ,2025,18.0,Thú y
89951,HHT,thu-y,D01,Điểm học bạ,2025,18.0,Thú y
89952,HHT,thu-y,D07,Điểm học bạ,2025,18.0,Thú y
89953,HHT,thu-y,A00,Điểm thi THPT,2025,15.0,Thú y
89954,HHT,thu-y,B00,Điểm thi THPT,2025,15.0,Thú y
89955,HHT,thu-y,B03,Điểm thi THPT,2025,15.0,Thú y
89956,HHT,thu-y,C01,Điểm thi THPT,2025,15.0,Thú y
89957,HHT,thu-y,C02,Điểm thi THPT,2025,15.0,Thú y
89958,HHT,thu-y,C04,Điểm thi THPT,2025,15.0,Thú y
89959,HHT,thu-y,C14,Điểm thi THPT,2025,15.0,Thú y
89960,HHT,thu-y,D01,Điểm thi THPT,2025,15.0,Thú y
89961,HHT,thu-y,D07,Điểm thi THPT,2025,15.0,Thú y
89962,HHT,thu-y,X01,Điểm thi THPT,2025,15.0,Thú y
89963,HIU,cong-nghe-sinh-hoc,A00,Điểm thi THPT,2021,15.0,Công nghệ sinh học
89964,HIU,cong-nghe-sinh-hoc,A01,Điểm thi THPT,2021,15.0,Công nghệ sinh học
89965,HIU,cong-nghe-sinh-hoc,A02,Điểm thi THPT,2021,15.0,Công nghệ sinh học
89966,HIU,cong-nghe-sinh-hoc,B00,Điểm thi THPT,2021,15.0,Công nghệ sinh học
89967,HIU,cong-nghe-sinh-hoc,A00,Điểm học bạ,2025,18.0,Công nghệ sinh học
89968,HIU,cong-nghe-sinh-hoc,A02,Điểm học bạ,2025,18.0,Công nghệ sinh học
89969,HIU,cong-nghe-sinh-hoc,B00,Điểm học bạ,2025,18.0,Công nghệ sinh học
89970,HIU,cong-nghe-sinh-hoc,D07,Điểm học bạ,2025,18.0,Công nghệ sinh học
89971,HIU,cong-nghe-sinh-hoc,D08,Điểm học bạ,2025,18.0,Công nghệ sinh học
89972,HIU,cong-nghe-sinh-hoc,X14,Điểm học bạ,2025,18.0,Công nghệ sinh học
89973,HIU,cong-nghe-sinh-hoc,A00,Điểm thi THPT,2025,15.0,Công nghệ sinh học
89974,HIU,cong-nghe-sinh-hoc,A02,Điểm thi THPT,2025,15.0,Công nghệ sinh học
89975,HIU,cong-nghe-sinh-hoc,B00,Điểm thi THPT,2025,15.0,Công nghệ sinh học
89976,HIU,cong-nghe-sinh-hoc,D07,Điểm thi THPT,2025,15.0,Công nghệ sinh học
89977,HIU,cong-nghe-sinh-hoc,D08,Điểm thi THPT,2025,15.0,Công nghệ sinh học
89978,HIU,cong-nghe-sinh-hoc,X14,Điểm thi THPT,2025,15.0,Công nghệ sinh học
89979,HIU,cong-nghe-tai-chinh,A00,Điểm học bạ,2025,18.0,Công nghệ tài chính
89980,HIU,cong-nghe-tai-chinh,A01,Điểm học bạ,2025,18.0,Công nghệ tài chính
89981,HIU,cong-nghe-tai-chinh,C00,Điểm học bạ,2025,18.0,Công nghệ tài chính
89982,HIU,cong-nghe-tai-chinh,C03,Điểm học bạ,2025,18.0,Công nghệ tài chính
89983,HIU,cong-nghe-tai-chinh,C04,Điểm học bạ,2025,18.0,Công nghệ tài chính
89984,HIU,cong-nghe-tai-chinh,D01,Điểm học bạ,2025,18.0,Công nghệ tài chính
89985,HIU,cong-nghe-tai-chinh,X26,Điểm học bạ,2025,18.0,Công nghệ tài chính
89986,HIU,cong-nghe-tai-chinh,A00,Điểm thi THPT,2025,15.0,Công nghệ tài chính
89987,HIU,cong-nghe-tai-chinh,A01,Điểm thi THPT,2025,15.0,Công nghệ tài chính
89988,HIU,cong-nghe-tai-chinh,C00,Điểm thi THPT,2025,15.0,Công nghệ tài chính
89989,HIU,cong-nghe-tai-chinh,C03,Điểm thi THPT,2025,15.0,Công nghệ tài chính
89990,HIU,cong-nghe-tai-chinh,C04,Điểm thi THPT,2025,15.0,Công nghệ tài chính
89991,HIU,cong-nghe-tai-chinh,D01,Điểm thi THPT,2025,15.0,Công nghệ tài chính
89992,HIU,cong-nghe-tai-chinh,X26,Điểm thi THPT,2025,15.0,Công nghệ tài chính
89993,HIU,cong-nghe-thong-tin,A00,Điểm thi THPT,2021,15.0,Công nghệ thông tin
89994,HIU,cong-nghe-thong-tin,A01,Điểm thi THPT,2021,15.0,Công nghệ thông tin
89995,HIU,cong-nghe-thong-tin,D01,Điểm thi THPT,2021,15.0,Công nghệ thông tin
89996,HIU,cong-nghe-thong-tin,D90,Điểm thi THPT,2021,15.0,Công nghệ thông tin
89997,HIU,cong-nghe-thong-tin,A00,Điểm thi THPT,2022,15.0,Công nghệ thông tin
89998,HIU,cong-nghe-thong-tin,A01,Điểm thi THPT,2022,15.0,Công nghệ thông tin
89999,HIU,cong-nghe-thong-tin,D01,Điểm thi THPT,2022,15.0,Công nghệ thông tin
90000,HIU,cong-nghe-thong-tin,D90,Điểm thi THPT,2022,15.0,Công nghệ thông tin
90001,HIU,cong-nghe-thong-tin,A00,Điểm học bạ,2023,18.0,Công nghệ thông tin
90002,HIU,cong-nghe-thong-tin,A01,Điểm học bạ,2023,18.0,Công nghệ thông tin
90003,HIU,cong-nghe-thong-tin,D01,Điểm học bạ,2023,18.0,Công nghệ thông tin
90004,HIU,cong-nghe-thong-tin,D90,Điểm học bạ,2023,18.0,Công nghệ thông tin
90005,HIU,cong-nghe-thong-tin,A00,Điểm thi THPT,2023,16.0,Công nghệ thông tin
90006,HIU,cong-nghe-thong-tin,A01,Điểm thi THPT,2023,16.0,Công nghệ thông tin
90007,HIU,cong-nghe-thong-tin,D01,Điểm thi THPT,2023,16.0,Công nghệ thông tin
90008,HIU,cong-nghe-thong-tin,D90,Điểm thi THPT,2023,16.0,Công nghệ thông tin
90009,HIU,cong-nghe-thong-tin,A00,Điểm học bạ,2024,18.0,Công Nghệ Thông Tin
90010,HIU,cong-nghe-thong-tin,A01,Điểm học bạ,2024,18.0,Công Nghệ Thông Tin
90011,HIU,cong-nghe-thong-tin,C01,Điểm học bạ,2024,18.0,Công Nghệ Thông Tin
90012,HIU,cong-nghe-thong-tin,D01,Điểm học bạ,2024,18.0,Công Nghệ Thông Tin
90013,HIU,cong-nghe-thong-tin,A00,Điểm thi THPT,2024,15.0,Công nghệ thông tin
90014,HIU,cong-nghe-thong-tin,A01,Điểm thi THPT,2024,15.0,Công nghệ thông tin
90015,HIU,cong-nghe-thong-tin,C01,Điểm thi THPT,2024,15.0,Công nghệ thông tin
90016,HIU,cong-nghe-thong-tin,D01,Điểm thi THPT,2024,15.0,Công nghệ thông tin
90017,HIU,cong-nghe-thong-tin,A00,Điểm học bạ,2025,18.0,Công nghệ thông tin
90018,HIU,cong-nghe-thong-tin,A01,Điểm học bạ,2025,18.0,Công nghệ thông tin
90019,HIU,cong-nghe-thong-tin,D07,Điểm học bạ,2025,18.0,Công nghệ thông tin
90020,HIU,cong-nghe-thong-tin,X06,Điểm học bạ,2025,18.0,Công nghệ thông tin
90021,HIU,cong-nghe-thong-tin,X10,Điểm học bạ,2025,18.0,Công nghệ thông tin
90022,HIU,cong-nghe-thong-tin,X26,Điểm học bạ,2025,18.0,Công nghệ thông tin
90023,HIU,cong-nghe-thong-tin,A00,Điểm thi THPT,2025,15.0,Công nghệ thông tin
90024,HIU,cong-nghe-thong-tin,A01,Điểm thi THPT,2025,15.0,Công nghệ thông tin
90025,HIU,cong-nghe-thong-tin,D07,Điểm thi THPT,2025,15.0,Công nghệ thông tin
90026,HIU,cong-nghe-thong-tin,X06,Điểm thi THPT,2025,15.0,Công nghệ thông tin
90027,HIU,cong-nghe-thong-tin,X10,Điểm thi THPT,2025,15.0,Công nghệ thông tin
90028,HIU,cong-nghe-thong-tin,X26,Điểm thi THPT,2025,15.0,Công nghệ thông tin
90029,HIU,dieu-duong,A00,Điểm thi THPT,2021,19.0,Điều dưỡng
90030,HIU,dieu-duong,B00,Điểm thi THPT,2021,19.0,Điều dưỡng
90031,HIU,dieu-duong,D07,Điểm thi THPT,2021,19.0,Điều dưỡng
90032,HIU,dieu-duong,D90,Điểm thi THPT,2021,19.0,Điều dưỡng
90033,HIU,dieu-duong,A00,Điểm thi THPT,2022,19.0,Điều dưỡng
90034,HIU,dieu-duong,B00,Điểm thi THPT,2022,19.0,Điều dưỡng
90035,HIU,dieu-duong,C02,Điểm thi THPT,2022,19.0,Điều dưỡng
90036,HIU,dieu-duong,D90,Điểm thi THPT,2022,19.0,Điều dưỡng
90037,HIU,dieu-duong,A00,Điểm học bạ,2023,19.5,Điều dưỡng (Chương trình tiếng Anh)
90038,HIU,dieu-duong,B00,Điểm học bạ,2023,19.5,Điều dưỡng (Chương trình tiếng Anh)
90039,HIU,dieu-duong,D07,Điểm học bạ,2023,19.5,Điều dưỡng (Chương trình tiếng Anh)
90040,HIU,dieu-duong,D90,Điểm học bạ,2023,19.5,Điều dưỡng (Chương trình tiếng Anh)
90041,HIU,dieu-duong,A00,Điểm thi THPT,2023,19.0,Điều dưỡng
90042,HIU,dieu-duong,B00,Điểm thi THPT,2023,19.0,Điều dưỡng
90043,HIU,dieu-duong,D07,Điểm thi THPT,2023,19.0,Điều dưỡng
90044,HIU,dieu-duong,D90,Điểm thi THPT,2023,19.0,Điều dưỡng
90045,HIU,dieu-duong,A00,Điểm học bạ,2024,19.5,Điều Dưỡng (Chương Trình tiếng Anh)
90046,HIU,dieu-duong,B00,Điểm học bạ,2024,19.5,Điều Dưỡng (Chương Trình tiếng Anh)
90047,HIU,dieu-duong,D07,Điểm học bạ,2024,19.5,Điều Dưỡng (Chương Trình tiếng Anh)
90048,HIU,dieu-duong,D08,Điểm học bạ,2024,19.5,Điều Dưỡng (Chương Trình tiếng Anh)
90049,HIU,dieu-duong,A00,Điểm thi THPT,2024,19.0,Điều dưỡng
90050,HIU,dieu-duong,B00,Điểm thi THPT,2024,19.0,Điều dưỡng
90051,HIU,dieu-duong,D07,Điểm thi THPT,2024,19.0,Điều dưỡng
90052,HIU,dieu-duong,D08,Điểm thi THPT,2024,19.0,Điều dưỡng
90053,HIU,dieu-duong,A00,Điểm học bạ,2025,18.5,Điều dưỡng
90054,HIU,dieu-duong,B00,Điểm học bạ,2025,18.5,Điều dưỡng
90055,HIU,dieu-duong,D07,Điểm học bạ,2025,18.5,Điều dưỡng
90056,HIU,dieu-duong,D08,Điểm học bạ,2025,18.5,Điều dưỡng
90057,HIU,dieu-duong,X10,Điểm học bạ,2025,18.5,Điều dưỡng
90058,HIU,dieu-duong,X14,Điểm học bạ,2025,18.5,Điều dưỡng
90059,HIU,dieu-duong,A00,Điểm thi THPT,2025,17.0,Điều dưỡng
90060,HIU,dieu-duong,B00,Điểm thi THPT,2025,17.0,Điều dưỡng
90061,HIU,dieu-duong,D07,Điểm thi THPT,2025,17.0,Điều dưỡng
90062,HIU,dieu-duong,D08,Điểm thi THPT,2025,17.0,Điều dưỡng
90063,HIU,dieu-duong,X10,Điểm thi THPT,2025,17.0,Điều dưỡng
90064,HIU,dieu-duong,X14,Điểm thi THPT,2025,17.0,Điều dưỡng
90065,HIU,digital-marketing,A00,Điểm thi THPT,2021,15.0,Digital marketing
90066,HIU,digital-marketing,A01,Điểm thi THPT,2021,15.0,Digital marketing
90067,HIU,digital-marketing,C00,Điểm thi THPT,2021,15.0,Digital marketing
90068,HIU,digital-marketing,D01,Điểm thi THPT,2021,15.0,Digital marketing
90069,HIU,digital-marketing,A00,Điểm thi THPT,2022,15.0,Digital marketing
90070,HIU,digital-marketing,A01,Điểm thi THPT,2022,15.0,Digital marketing
90071,HIU,digital-marketing,C00,Điểm thi THPT,2022,15.0,Digital marketing
90072,HIU,digital-marketing,D01,Điểm thi THPT,2022,15.0,Digital marketing
90073,HIU,digital-marketing,A00,Điểm học bạ,2023,30.0,Digital marketing
90074,HIU,digital-marketing,A01,Điểm học bạ,2023,30.0,Digital marketing
90075,HIU,digital-marketing,C00,Điểm học bạ,2023,30.0,Digital marketing
90076,HIU,digital-marketing,D01,Điểm học bạ,2023,30.0,Digital marketing
90077,HIU,digital-marketing,A00,Điểm thi THPT,2023,16.0,Digital Marketing
90078,HIU,digital-marketing,A01,Điểm thi THPT,2023,16.0,Digital Marketing
90079,HIU,digital-marketing,C00,Điểm thi THPT,2023,16.0,Digital Marketing
90080,HIU,digital-marketing,D01,Điểm thi THPT,2023,16.0,Digital Marketing
90081,HIU,digital-marketing,A00,Điểm học bạ,2024,18.0,Digital Marketing
90082,HIU,digital-marketing,A01,Điểm học bạ,2024,18.0,Digital Marketing
90083,HIU,digital-marketing,C00,Điểm học bạ,2024,18.0,Digital Marketing
90084,HIU,digital-marketing,D01,Điểm học bạ,2024,18.0,Digital Marketing
90085,HIU,digital-marketing,A00,Điểm thi THPT,2024,15.0,Digital Marketing
90086,HIU,digital-marketing,A01,Điểm thi THPT,2024,15.0,Digital Marketing
90087,HIU,digital-marketing,C00,Điểm thi THPT,2024,15.0,Digital Marketing
90088,HIU,digital-marketing,D01,Điểm thi THPT,2024,15.0,Digital Marketing
90089,HIU,digital-marketing,A00,Điểm học bạ,2025,18.0,Digital Marketing
90090,HIU,digital-marketing,A01,Điểm học bạ,2025,18.0,Digital Marketing
90091,HIU,digital-marketing,C00,Điểm học bạ,2025,18.0,Digital Marketing
90092,HIU,digital-marketing,C03,Điểm học bạ,2025,18.0,Digital Marketing
90093,HIU,digital-marketing,C04,Điểm học bạ,2025,18.0,Digital Marketing
90094,HIU,digital-marketing,D01,Điểm học bạ,2025,18.0,Digital Marketing
90095,HIU,digital-marketing,X26,Điểm học bạ,2025,18.0,Digital Marketing
90096,HIU,digital-marketing,A00,Điểm thi THPT,2025,15.0,Digital Marketing
90097,HIU,digital-marketing,A01,Điểm thi THPT,2025,15.0,Digital Marketing
90098,HIU,digital-marketing,C00,Điểm thi THPT,2025,15.0,Digital Marketing
90099,HIU,digital-marketing,C03,Điểm thi THPT,2025,15.0,Digital Marketing
90100,HIU,digital-marketing,C04,Điểm thi THPT,2025,15.0,Digital Marketing
90101,HIU,digital-marketing,D01,Điểm thi THPT,2025,15.0,Digital Marketing
90102,HIU,digital-marketing,X26,Điểm thi THPT,2025,15.0,Digital Marketing
90103,HIU,digital-marketing-ct-tieng-anh,A00,Điểm học bạ,2023,18.0,Digital marketing_CT tiếng Anh
90104,HIU,digital-marketing-ct-tieng-anh,A01,Điểm học bạ,2023,18.0,Digital marketing_CT tiếng Anh
90105,HIU,digital-marketing-ct-tieng-anh,C00,Điểm học bạ,2023,18.0,Digital marketing_CT tiếng Anh
90106,HIU,digital-marketing-ct-tieng-anh,D01,Điểm học bạ,2023,18.0,Digital marketing_CT tiếng Anh
90107,HIU,dinh-duong,A00,Điểm học bạ,2023,32.5,Dinh dưỡng
90108,HIU,dinh-duong,B00,Điểm học bạ,2023,32.5,Dinh dưỡng
90109,HIU,dinh-duong,D07,Điểm học bạ,2023,32.5,Dinh dưỡng
90110,HIU,dinh-duong,D90,Điểm học bạ,2023,32.5,Dinh dưỡng
90111,HIU,dinh-duong,A00,Điểm học bạ,2024,18.0,Dinh Dưỡng
90112,HIU,dinh-duong,B00,Điểm học bạ,2024,18.0,Dinh Dưỡng
90113,HIU,dinh-duong,D07,Điểm học bạ,2024,18.0,Dinh Dưỡng
90114,HIU,dinh-duong,D08,Điểm học bạ,2024,18.0,Dinh Dưỡng
90115,HIU,dinh-duong,A00,Điểm thi THPT,2024,15.0,Dinh dưỡng
90116,HIU,dinh-duong,B00,Điểm thi THPT,2024,15.0,Dinh dưỡng
90117,HIU,dinh-duong,D07,Điểm thi THPT,2024,15.0,Dinh dưỡng
90118,HIU,dinh-duong,D08,Điểm thi THPT,2024,15.0,Dinh dưỡng
90119,HIU,dinh-duong,A00,Điểm học bạ,2025,18.0,Dinh dưỡng
90120,HIU,dinh-duong,B00,Điểm học bạ,2025,18.0,Dinh dưỡng
90121,HIU,dinh-duong,D07,Điểm học bạ,2025,18.0,Dinh dưỡng
90122,HIU,dinh-duong,D08,Điểm học bạ,2025,18.0,Dinh dưỡng
90123,HIU,dinh-duong,X10,Điểm học bạ,2025,18.0,Dinh dưỡng
90124,HIU,dinh-duong,X14,Điểm học bạ,2025,18.0,Dinh dưỡng
90125,HIU,dinh-duong,A00,Điểm thi THPT,2025,15.0,Dinh dưỡng
90126,HIU,dinh-duong,B00,Điểm thi THPT,2025,15.0,Dinh dưỡng
90127,HIU,dinh-duong,D07,Điểm thi THPT,2025,15.0,Dinh dưỡng
90128,HIU,dinh-duong,D08,Điểm thi THPT,2025,15.0,Dinh dưỡng
90129,HIU,dinh-duong,X10,Điểm thi THPT,2025,15.0,Dinh dưỡng
90130,HIU,dinh-duong,X14,Điểm thi THPT,2025,15.0,Dinh dưỡng
90131,HIU,duoc-hoc,A00,Điểm thi THPT,2021,21.0,Dược học
90132,HIU,duoc-hoc,B00,Điểm thi THPT,2021,21.0,Dược học
90133,HIU,duoc-hoc,D07,Điểm thi THPT,2021,21.0,Dược học
90134,HIU,duoc-hoc,D90,Điểm thi THPT,2021,21.0,Dược học
90135,HIU,duoc-hoc,A00,Điểm thi THPT,2022,21.0,Dược học
90136,HIU,duoc-hoc,B00,Điểm thi THPT,2022,21.0,Dược học
90137,HIU,duoc-hoc,C02,Điểm thi THPT,2022,21.0,Dược học
90138,HIU,duoc-hoc,D90,Điểm thi THPT,2022,21.0,Dược học
90139,HIU,duoc-hoc,A00,Điểm học bạ,2023,40.0,Dược học
90140,HIU,duoc-hoc,B00,Điểm học bạ,2023,40.0,Dược học
90141,HIU,duoc-hoc,D07,Điểm học bạ,2023,40.0,Dược học
90142,HIU,duoc-hoc,D90,Điểm học bạ,2023,40.0,Dược học
90143,HIU,duoc-hoc,A00,Điểm thi THPT,2023,21.0,Dược học (Chương trình Tiếng Anh)
90144,HIU,duoc-hoc,B00,Điểm thi THPT,2023,21.0,Dược học (Chương trình Tiếng Anh)
90145,HIU,duoc-hoc,D07,Điểm thi THPT,2023,21.0,Dược học (Chương trình Tiếng Anh)
90146,HIU,duoc-hoc,D90,Điểm thi THPT,2023,21.0,Dược học (Chương trình Tiếng Anh)
90147,HIU,duoc-hoc,A00,Điểm học bạ,2024,24.0,Dược Học
90148,HIU,duoc-hoc,B00,Điểm học bạ,2024,24.0,Dược Học
90149,HIU,duoc-hoc,D07,Điểm học bạ,2024,24.0,Dược Học
90150,HIU,duoc-hoc,D08,Điểm học bạ,2024,24.0,Dược Học
90151,HIU,duoc-hoc,A00,Điểm thi THPT,2024,21.0,Dược học
90152,HIU,duoc-hoc,B00,Điểm thi THPT,2024,21.0,Dược học
90153,HIU,duoc-hoc,D07,Điểm thi THPT,2024,21.0,Dược học
90154,HIU,duoc-hoc,D08,Điểm thi THPT,2024,21.0,Dược học
90155,HIU,duoc-hoc,A00,Điểm học bạ,2025,20.5,Dược học
90156,HIU,duoc-hoc,B00,Điểm học bạ,2025,20.5,Dược học
90157,HIU,duoc-hoc,D07,Điểm học bạ,2025,20.5,Dược học
90158,HIU,duoc-hoc,D08,Điểm học bạ,2025,20.5,Dược học
90159,HIU,duoc-hoc,X10,Điểm học bạ,2025,20.5,Dược học
90160,HIU,duoc-hoc,X14,Điểm học bạ,2025,20.5,Dược học
90161,HIU,duoc-hoc,A00,Điểm thi THPT,2025,19.0,Dược học
90162,HIU,duoc-hoc,B00,Điểm thi THPT,2025,19.0,Dược học
90163,HIU,duoc-hoc,D07,Điểm thi THPT,2025,19.0,Dược học
90164,HIU,duoc-hoc,D08,Điểm thi THPT,2025,19.0,Dược học
90165,HIU,duoc-hoc,X10,Điểm thi THPT,2025,19.0,Dược học
90166,HIU,duoc-hoc,X14,Điểm thi THPT,2025,19.0,Dược học
90167,HIU,duoc-hoc-ct-tieng-anh,A00,Điểm thi THPT,2022,21.0,Dược học_CT tiếng Anh
90168,HIU,duoc-hoc-ct-tieng-anh,B00,Điểm thi THPT,2022,21.0,Dược học_CT tiếng Anh
90169,HIU,duoc-hoc-ct-tieng-anh,C02,Điểm thi THPT,2022,21.0,Dược học_CT tiếng Anh
90170,HIU,duoc-hoc-ct-tieng-anh,D90,Điểm thi THPT,2022,21.0,Dược học_CT tiếng Anh
90171,HIU,giao-duc-mam-non,M00,Điểm thi THPT,2021,19.0,Giáo dục mầm non
90172,HIU,giao-duc-mam-non,M01,Điểm thi THPT,2021,19.0,Giáo dục mầm non
90173,HIU,giao-duc-mam-non,M11,Điểm thi THPT,2021,19.0,Giáo dục mầm non
90174,HIU,giao-duc-mam-non,M00,Điểm thi THPT,2022,19.0,Giáo dục mầm non
90175,HIU,giao-duc-mam-non,M01,Điểm thi THPT,2022,19.0,Giáo dục mầm non
90176,HIU,giao-duc-mam-non,M11,Điểm thi THPT,2022,19.0,Giáo dục mầm non
90177,HIU,giao-duc-mam-non,M00,Điểm học bạ,2023,40.0,Giáo dục mầm non
90178,HIU,giao-duc-mam-non,M01,Điểm học bạ,2023,40.0,Giáo dục mầm non
90179,HIU,giao-duc-mam-non,M11,Điểm học bạ,2023,40.0,Giáo dục mầm non
90180,HIU,giao-duc-the-chat,T00,Điểm thi THPT,2021,18.0,Giáo dục thể chất
90181,HIU,giao-duc-the-chat,T02,Điểm thi THPT,2021,18.0,Giáo dục thể chất
90182,HIU,giao-duc-the-chat,T03,Điểm thi THPT,2021,18.0,Giáo dục thể chất
90183,HIU,giao-duc-the-chat,T07,Điểm thi THPT,2021,18.0,Giáo dục thể chất
90184,HIU,giao-duc-the-chat,T00,Điểm thi THPT,2022,18.0,Giáo dục thể chất
90185,HIU,giao-duc-the-chat,T02,Điểm thi THPT,2022,18.0,Giáo dục thể chất
90186,HIU,giao-duc-the-chat,T03,Điểm thi THPT,2022,18.0,Giáo dục thể chất
90187,HIU,giao-duc-the-chat,T07,Điểm thi THPT,2022,18.0,Giáo dục thể chất
90188,HIU,giao-duc-tieu-hoc,M00,Điểm thi THPT,2022,19.0,Giáo dục tiểu học
90189,HIU,giao-duc-tieu-hoc,M01,Điểm thi THPT,2022,19.0,Giáo dục tiểu học
90190,HIU,giao-duc-tieu-hoc,M11,Điểm thi THPT,2022,19.0,Giáo dục tiểu học
90191,HIU,giao-duc-tieu-hoc,M00,Điểm học bạ,2023,40.0,Giáo dục tiểu học
90192,HIU,giao-duc-tieu-hoc,M01,Điểm học bạ,2023,40.0,Giáo dục tiểu học
90193,HIU,giao-duc-tieu-hoc,M11,Điểm học bạ,2023,40.0,Giáo dục tiểu học
90194,HIU,han-quoc-hoc,A01,Điểm thi THPT,2021,15.0,Hàn Quốc học
90195,HIU,han-quoc-hoc,C00,Điểm thi THPT,2021,15.0,Hàn Quốc học
90196,HIU,han-quoc-hoc,D01,Điểm thi THPT,2021,15.0,Hàn Quốc học
90197,HIU,han-quoc-hoc,D78,Điểm thi THPT,2021,15.0,Hàn Quốc học
90198,HIU,ho-sinh,A00,Điểm thi THPT,2022,19.0,Hộ sinh
90199,HIU,ho-sinh,B00,Điểm thi THPT,2022,19.0,Hộ sinh
90200,HIU,ho-sinh,C02,Điểm thi THPT,2022,19.0,Hộ sinh
90201,HIU,ho-sinh,D90,Điểm thi THPT,2022,19.0,Hộ sinh
90202,HIU,ho-sinh,A00,Điểm học bạ,2023,19.5,Hộ sinh
90203,HIU,ho-sinh,B00,Điểm học bạ,2023,19.5,Hộ sinh
90204,HIU,ho-sinh,D07,Điểm học bạ,2023,19.5,Hộ sinh
90205,HIU,ho-sinh,D90,Điểm học bạ,2023,19.5,Hộ sinh
90206,HIU,ho-sinh,A00,Điểm thi THPT,2023,19.0,Hộ Sinh
90207,HIU,ho-sinh,B00,Điểm thi THPT,2023,19.0,Hộ Sinh
90208,HIU,ho-sinh,D07,Điểm thi THPT,2023,19.0,Hộ Sinh
90209,HIU,ho-sinh,D90,Điểm thi THPT,2023,19.0,Hộ Sinh
90210,HIU,ho-sinh,A00,Điểm học bạ,2024,19.5,Hộ Sinh
90211,HIU,ho-sinh,B00,Điểm học bạ,2024,19.5,Hộ Sinh
90212,HIU,ho-sinh,D07,Điểm học bạ,2024,19.5,Hộ Sinh
90213,HIU,ho-sinh,D08,Điểm học bạ,2024,19.5,Hộ Sinh
90214,HIU,ho-sinh,A00,Điểm thi THPT,2024,19.0,Hộ Sinh
90215,HIU,ho-sinh,B00,Điểm thi THPT,2024,19.0,Hộ Sinh
90216,HIU,ho-sinh,D07,Điểm thi THPT,2024,19.0,Hộ Sinh
90217,HIU,ho-sinh,D08,Điểm thi THPT,2024,19.0,Hộ Sinh
90218,HIU,ho-sinh,A00,Điểm học bạ,2025,18.5,Hộ sinh
90219,HIU,ho-sinh,B00,Điểm học bạ,2025,18.5,Hộ sinh
90220,HIU,ho-sinh,D07,Điểm học bạ,2025,18.5,Hộ sinh
90221,HIU,ho-sinh,D08,Điểm học bạ,2025,18.5,Hộ sinh
90222,HIU,ho-sinh,X10,Điểm học bạ,2025,18.5,Hộ sinh
90223,HIU,ho-sinh,X14,Điểm học bạ,2025,18.5,Hộ sinh
90224,HIU,ho-sinh,A00,Điểm thi THPT,2025,17.0,Hộ sinh
90225,HIU,ho-sinh,B00,Điểm thi THPT,2025,17.0,Hộ sinh
90226,HIU,ho-sinh,D07,Điểm thi THPT,2025,17.0,Hộ sinh
90227,HIU,ho-sinh,D08,Điểm thi THPT,2025,17.0,Hộ sinh
90228,HIU,ho-sinh,X10,Điểm thi THPT,2025,17.0,Hộ sinh
90229,HIU,ho-sinh,X14,Điểm thi THPT,2025,17.0,Hộ sinh
90230,HIU,ke-toan,A00,Điểm thi THPT,2021,15.0,Kế toán
90231,HIU,ke-toan,A01,Điểm thi THPT,2021,15.0,Kế toán
90232,HIU,ke-toan,D01,Điểm thi THPT,2021,15.0,Kế toán
90233,HIU,ke-toan,D90,Điểm thi THPT,2021,15.0,Kế toán
90234,HIU,ke-toan,A00,Điểm thi THPT,2022,15.0,Kế toán
90235,HIU,ke-toan,A01,Điểm thi THPT,2022,15.0,Kế toán
90236,HIU,ke-toan,D01,Điểm thi THPT,2022,15.0,Kế toán
90237,HIU,ke-toan,D90,Điểm thi THPT,2022,15.0,Kế toán
90238,HIU,ke-toan,A00,Điểm học bạ,2023,18.0,Kế toán
90239,HIU,ke-toan,A01,Điểm học bạ,2023,18.0,Kế toán
90240,HIU,ke-toan,D01,Điểm học bạ,2023,18.0,Kế toán
90241,HIU,ke-toan,D90,Điểm học bạ,2023,18.0,Kế toán
90242,HIU,ke-toan,A00,Điểm thi THPT,2023,15.0,Kế toán
90243,HIU,ke-toan,A01,Điểm thi THPT,2023,15.0,Kế toán
90244,HIU,ke-toan,D01,Điểm thi THPT,2023,15.0,Kế toán
90245,HIU,ke-toan,D90,Điểm thi THPT,2023,15.0,Kế toán
90246,HIU,ke-toan,A00,Điểm học bạ,2024,18.0,Kế Toán
90247,HIU,ke-toan,A01,Điểm học bạ,2024,18.0,Kế Toán
90248,HIU,ke-toan,C01,Điểm học bạ,2024,18.0,Kế Toán
90249,HIU,ke-toan,D01,Điểm học bạ,2024,18.0,Kế Toán
90250,HIU,ke-toan,A00,Điểm thi THPT,2024,15.0,Kế toán
90251,HIU,ke-toan,A01,Điểm thi THPT,2024,15.0,Kế toán
90252,HIU,ke-toan,C01,Điểm thi THPT,2024,15.0,Kế toán
90253,HIU,ke-toan,D01,Điểm thi THPT,2024,15.0,Kế toán
90254,HIU,ke-toan,A00,Điểm học bạ,2025,18.0,Kế toán
90255,HIU,ke-toan,A01,Điểm học bạ,2025,18.0,Kế toán
90256,HIU,ke-toan,C00,Điểm học bạ,2025,18.0,Kế toán
90257,HIU,ke-toan,C03,Điểm học bạ,2025,18.0,Kế toán
90258,HIU,ke-toan,C04,Điểm học bạ,2025,18.0,Kế toán
90259,HIU,ke-toan,D01,Điểm học bạ,2025,18.0,Kế toán
90260,HIU,ke-toan,X26,Điểm học bạ,2025,18.0,Kế toán
90261,HIU,ke-toan,A00,Điểm thi THPT,2025,15.0,Kế toán
90262,HIU,ke-toan,A01,Điểm thi THPT,2025,15.0,Kế toán
90263,HIU,ke-toan,C00,Điểm thi THPT,2025,15.0,Kế toán
90264,HIU,ke-toan,C03,Điểm thi THPT,2025,15.0,Kế toán
90265,HIU,ke-toan,C04,Điểm thi THPT,2025,15.0,Kế toán
90266,HIU,ke-toan,D01,Điểm thi THPT,2025,15.0,Kế toán
90267,HIU,ke-toan,X26,Điểm thi THPT,2025,15.0,Kế toán
90268,HIU,kien-truc,A00,Điểm thi THPT,2021,15.0,Kiến trúc
90269,HIU,kien-truc,D01,Điểm thi THPT,2021,15.0,Kiến trúc
90270,HIU,kien-truc,V00,Điểm thi THPT,2021,15.0,Kiến trúc
90271,HIU,kien-truc,V01,Điểm thi THPT,2021,15.0,Kiến trúc
90272,HIU,kien-truc,A00,Điểm thi THPT,2022,15.0,Kiến trúc
90273,HIU,kien-truc,D01,Điểm thi THPT,2022,15.0,Kiến trúc
90274,HIU,kien-truc,V00,Điểm thi THPT,2022,15.0,Kiến trúc
90275,HIU,kien-truc,V01,Điểm thi THPT,2022,15.0,Kiến trúc
90276,HIU,kien-truc,A00,Điểm học bạ,2023,18.0,Kiến trúc
90277,HIU,kien-truc,D01,Điểm học bạ,2023,18.0,Kiến trúc
90278,HIU,kien-truc,V00,Điểm học bạ,2023,18.0,Kiến trúc
90279,HIU,kien-truc,V01,Điểm học bạ,2023,18.0,Kiến trúc
90280,HIU,kien-truc,A00,Điểm thi THPT,2023,15.0,Kiến Trúc
90281,HIU,kien-truc,D01,Điểm thi THPT,2023,15.0,Kiến Trúc
90282,HIU,kien-truc,V00,Điểm thi THPT,2023,15.0,Kiến Trúc
90283,HIU,kien-truc,V01,Điểm thi THPT,2023,15.0,Kiến Trúc
90284,HIU,kien-truc,A00,Điểm học bạ,2024,18.0,Kiến Trúc
90285,HIU,kien-truc,D01,Điểm học bạ,2024,18.0,Kiến Trúc
90286,HIU,kien-truc,V00,Điểm học bạ,2024,18.0,Kiến Trúc
90287,HIU,kien-truc,V01,Điểm học bạ,2024,18.0,Kiến Trúc
90288,HIU,kien-truc,A00,Điểm thi THPT,2024,15.0,Kiến Trúc
90289,HIU,kien-truc,A01,Điểm thi THPT,2024,15.0,Kiến Trúc
90290,HIU,kien-truc,V00,Điểm thi THPT,2024,15.0,Kiến Trúc
90291,HIU,kien-truc,V01,Điểm thi THPT,2024,15.0,Kiến Trúc
90292,HIU,kien-truc,A00,Điểm học bạ,2025,18.0,Kiến trúc
90293,HIU,kien-truc,A01,Điểm học bạ,2025,18.0,Kiến trúc
90294,HIU,kien-truc,V00,Điểm học bạ,2025,18.0,Kiến trúc
90295,HIU,kien-truc,V01,Điểm học bạ,2025,18.0,Kiến trúc
90296,HIU,kien-truc,X06,Điểm học bạ,2025,18.0,Kiến trúc
90297,HIU,kien-truc,X10,Điểm học bạ,2025,18.0,Kiến trúc
90298,HIU,kien-truc,A00,Điểm thi THPT,2025,15.0,Kiến trúc
90299,HIU,kien-truc,A01,Điểm thi THPT,2025,15.0,Kiến trúc
90300,HIU,kien-truc,V00,Điểm thi THPT,2025,15.0,Kiến trúc
90301,HIU,kien-truc,V01,Điểm thi THPT,2025,15.0,Kiến trúc
90302,HIU,kien-truc,X06,Điểm thi THPT,2025,15.0,Kiến trúc
90303,HIU,kien-truc,X10,Điểm thi THPT,2025,15.0,Kiến trúc
90304,HIU,kinh-doanh-quoc-te,A00,Điểm học bạ,2025,18.0,Kinh doanh quốc tế
90305,HIU,kinh-doanh-quoc-te,A01,Điểm học bạ,2025,18.0,Kinh doanh quốc tế
90306,HIU,kinh-doanh-quoc-te,C00,Điểm học bạ,2025,18.0,Kinh doanh quốc tế
90307,HIU,kinh-doanh-quoc-te,C03,Điểm học bạ,2025,18.0,Kinh doanh quốc tế
90308,HIU,kinh-doanh-quoc-te,C04,Điểm học bạ,2025,18.0,Kinh doanh quốc tế
90309,HIU,kinh-doanh-quoc-te,D01,Điểm học bạ,2025,18.0,Kinh doanh quốc tế
90310,HIU,kinh-doanh-quoc-te,X26,Điểm học bạ,2025,18.0,Kinh doanh quốc tế
90311,HIU,kinh-doanh-quoc-te,A00,Điểm thi THPT,2025,15.0,Kinh doanh quốc tế
90312,HIU,kinh-doanh-quoc-te,A01,Điểm thi THPT,2025,15.0,Kinh doanh quốc tế
90313,HIU,kinh-doanh-quoc-te,C00,Điểm thi THPT,2025,15.0,Kinh doanh quốc tế
90314,HIU,kinh-doanh-quoc-te,C03,Điểm thi THPT,2025,15.0,Kinh doanh quốc tế
90315,HIU,kinh-doanh-quoc-te,C04,Điểm thi THPT,2025,15.0,Kinh doanh quốc tế
90316,HIU,kinh-doanh-quoc-te,D01,Điểm thi THPT,2025,15.0,Kinh doanh quốc tế
90317,HIU,kinh-doanh-quoc-te,X26,Điểm thi THPT,2025,15.0,Kinh doanh quốc tế
90318,HIU,ky-thuat-co-dien-tu,A00,Điểm học bạ,2025,18.0,Kỹ thuật cơ điện tử
90319,HIU,ky-thuat-co-dien-tu,A01,Điểm học bạ,2025,18.0,Kỹ thuật cơ điện tử
90320,HIU,ky-thuat-co-dien-tu,C02,Điểm học bạ,2025,18.0,Kỹ thuật cơ điện tử
90321,HIU,ky-thuat-co-dien-tu,D01,Điểm học bạ,2025,18.0,Kỹ thuật cơ điện tử
90322,HIU,ky-thuat-co-dien-tu,X06,Điểm học bạ,2025,18.0,Kỹ thuật cơ điện tử
90323,HIU,ky-thuat-co-dien-tu,X26,Điểm học bạ,2025,18.0,Kỹ thuật cơ điện tử
90324,HIU,ky-thuat-co-dien-tu,A00,Điểm thi THPT,2025,15.0,Kỹ thuật cơ điện tử
90325,HIU,ky-thuat-co-dien-tu,A01,Điểm thi THPT,2025,15.0,Kỹ thuật cơ điện tử
90326,HIU,ky-thuat-co-dien-tu,C02,Điểm thi THPT,2025,15.0,Kỹ thuật cơ điện tử
90327,HIU,ky-thuat-co-dien-tu,D01,Điểm thi THPT,2025,15.0,Kỹ thuật cơ điện tử
90328,HIU,ky-thuat-co-dien-tu,X06,Điểm thi THPT,2025,15.0,Kỹ thuật cơ điện tử
90329,HIU,ky-thuat-co-dien-tu,X26,Điểm thi THPT,2025,15.0,Kỹ thuật cơ điện tử
90330,HIU,ky-thuat-hinh-anh-y-hoc,A00,Điểm học bạ,2025,18.5,Kỹ thuật hình ảnh y học
90331,HIU,ky-thuat-hinh-anh-y-hoc,B00,Điểm học bạ,2025,18.5,Kỹ thuật hình ảnh y học
90332,HIU,ky-thuat-hinh-anh-y-hoc,D07,Điểm học bạ,2025,18.5,Kỹ thuật hình ảnh y học
90333,HIU,ky-thuat-hinh-anh-y-hoc,D08,Điểm học bạ,2025,18.5,Kỹ thuật hình ảnh y học
90334,HIU,ky-thuat-hinh-anh-y-hoc,X10,Điểm học bạ,2025,18.5,Kỹ thuật hình ảnh y học
90335,HIU,ky-thuat-hinh-anh-y-hoc,X14,Điểm học bạ,2025,18.5,Kỹ thuật hình ảnh y học
90336,HIU,ky-thuat-hinh-anh-y-hoc,A00,Điểm thi THPT,2025,17.0,Kỹ thuật hình ảnh y học
90337,HIU,ky-thuat-hinh-anh-y-hoc,B00,Điểm thi THPT,2025,17.0,Kỹ thuật hình ảnh y học
90338,HIU,ky-thuat-hinh-anh-y-hoc,D07,Điểm thi THPT,2025,17.0,Kỹ thuật hình ảnh y học
90339,HIU,ky-thuat-hinh-anh-y-hoc,D08,Điểm thi THPT,2025,17.0,Kỹ thuật hình ảnh y học
90340,HIU,ky-thuat-hinh-anh-y-hoc,X10,Điểm thi THPT,2025,17.0,Kỹ thuật hình ảnh y học
90341,HIU,ky-thuat-hinh-anh-y-hoc,X14,Điểm thi THPT,2025,17.0,Kỹ thuật hình ảnh y học
90342,HIU,ky-thuat-phuc-hoi-chuc-nang,A00,Điểm thi THPT,2021,19.0,Kỹ thuật phục hồi chức năng
90343,HIU,ky-thuat-phuc-hoi-chuc-nang,B00,Điểm thi THPT,2021,19.0,Kỹ thuật phục hồi chức năng
90344,HIU,ky-thuat-phuc-hoi-chuc-nang,D07,Điểm thi THPT,2021,19.0,Kỹ thuật phục hồi chức năng
90345,HIU,ky-thuat-phuc-hoi-chuc-nang,D90,Điểm thi THPT,2021,19.0,Kỹ thuật phục hồi chức năng
90346,HIU,ky-thuat-phuc-hoi-chuc-nang,A00,Điểm thi THPT,2022,19.0,Kỹ thuật phục hồi chức năng
90347,HIU,ky-thuat-phuc-hoi-chuc-nang,B00,Điểm thi THPT,2022,19.0,Kỹ thuật phục hồi chức năng
90348,HIU,ky-thuat-phuc-hoi-chuc-nang,C02,Điểm thi THPT,2022,19.0,Kỹ thuật phục hồi chức năng
90349,HIU,ky-thuat-phuc-hoi-chuc-nang,D90,Điểm thi THPT,2022,19.0,Kỹ thuật phục hồi chức năng
90350,HIU,ky-thuat-phuc-hoi-chuc-nang,A00,Điểm học bạ,2023,19.5,Kỹ thuật phục hồi chức năng
90351,HIU,ky-thuat-phuc-hoi-chuc-nang,B00,Điểm học bạ,2023,19.5,Kỹ thuật phục hồi chức năng
90352,HIU,ky-thuat-phuc-hoi-chuc-nang,D07,Điểm học bạ,2023,19.5,Kỹ thuật phục hồi chức năng
90353,HIU,ky-thuat-phuc-hoi-chuc-nang,D90,Điểm học bạ,2023,19.5,Kỹ thuật phục hồi chức năng
90354,HIU,ky-thuat-phuc-hoi-chuc-nang,A00,Điểm thi THPT,2023,19.0,Kỹ thuật phục hồi chức năng
90355,HIU,ky-thuat-phuc-hoi-chuc-nang,B00,Điểm thi THPT,2023,19.0,Kỹ thuật phục hồi chức năng
90356,HIU,ky-thuat-phuc-hoi-chuc-nang,D07,Điểm thi THPT,2023,19.0,Kỹ thuật phục hồi chức năng
90357,HIU,ky-thuat-phuc-hoi-chuc-nang,D90,Điểm thi THPT,2023,19.0,Kỹ thuật phục hồi chức năng
90358,HIU,ky-thuat-phuc-hoi-chuc-nang,A00,Điểm học bạ,2024,19.5,Kỹ Thuật Phục Hồi Chức Năng
90359,HIU,ky-thuat-phuc-hoi-chuc-nang,B00,Điểm học bạ,2024,19.5,Kỹ Thuật Phục Hồi Chức Năng
90360,HIU,ky-thuat-phuc-hoi-chuc-nang,D07,Điểm học bạ,2024,19.5,Kỹ Thuật Phục Hồi Chức Năng
90361,HIU,ky-thuat-phuc-hoi-chuc-nang,D08,Điểm học bạ,2024,19.5,Kỹ Thuật Phục Hồi Chức Năng
90362,HIU,ky-thuat-phuc-hoi-chuc-nang,A00,Điểm thi THPT,2024,19.0,Kỹ thuật phục hồi chức năng
90363,HIU,ky-thuat-phuc-hoi-chuc-nang,B00,Điểm thi THPT,2024,19.0,Kỹ thuật phục hồi chức năng
90364,HIU,ky-thuat-phuc-hoi-chuc-nang,D07,Điểm thi THPT,2024,19.0,Kỹ thuật phục hồi chức năng
90365,HIU,ky-thuat-phuc-hoi-chuc-nang,D08,Điểm thi THPT,2024,19.0,Kỹ thuật phục hồi chức năng
90366,HIU,ky-thuat-phuc-hoi-chuc-nang,A00,Điểm học bạ,2025,18.5,Kỹ thuật Phục hồi chức năng
90367,HIU,ky-thuat-phuc-hoi-chuc-nang,B00,Điểm học bạ,2025,18.5,Kỹ thuật Phục hồi chức năng
90368,HIU,ky-thuat-phuc-hoi-chuc-nang,D07,Điểm học bạ,2025,18.5,Kỹ thuật Phục hồi chức năng
90369,HIU,ky-thuat-phuc-hoi-chuc-nang,D08,Điểm học bạ,2025,18.5,Kỹ thuật Phục hồi chức năng
90370,HIU,ky-thuat-phuc-hoi-chuc-nang,X10,Điểm học bạ,2025,18.5,Kỹ thuật Phục hồi chức năng
90371,HIU,ky-thuat-phuc-hoi-chuc-nang,X14,Điểm học bạ,2025,18.5,Kỹ thuật Phục hồi chức năng
90372,HIU,ky-thuat-phuc-hoi-chuc-nang,A00,Điểm thi THPT,2025,17.0,Kỹ thuật Phục hồi chức năng
90373,HIU,ky-thuat-phuc-hoi-chuc-nang,B00,Điểm thi THPT,2025,17.0,Kỹ thuật Phục hồi chức năng
90374,HIU,ky-thuat-phuc-hoi-chuc-nang,D07,Điểm thi THPT,2025,17.0,Kỹ thuật Phục hồi chức năng
90375,HIU,ky-thuat-phuc-hoi-chuc-nang,D08,Điểm thi THPT,2025,17.0,Kỹ thuật Phục hồi chức năng
90376,HIU,ky-thuat-phuc-hoi-chuc-nang,X10,Điểm thi THPT,2025,17.0,Kỹ thuật Phục hồi chức năng
90377,HIU,ky-thuat-phuc-hoi-chuc-nang,X14,Điểm thi THPT,2025,17.0,Kỹ thuật Phục hồi chức năng
90378,HIU,ky-thuat-xay-dung,A00,Điểm thi THPT,2021,15.0,Kỹ thuật xây dựng
90379,HIU,ky-thuat-xay-dung,A01,Điểm thi THPT,2021,15.0,Kỹ thuật xây dựng
90380,HIU,ky-thuat-xay-dung,D01,Điểm thi THPT,2021,15.0,Kỹ thuật xây dựng
90381,HIU,ky-thuat-xay-dung,D90,Điểm thi THPT,2021,15.0,Kỹ thuật xây dựng
90382,HIU,ky-thuat-xet-nghiem-y-hoc,A00,Điểm thi THPT,2021,19.0,Kỹ thuật xét nghiệm y học
90383,HIU,ky-thuat-xet-nghiem-y-hoc,B00,Điểm thi THPT,2021,19.0,Kỹ thuật xét nghiệm y học
90384,HIU,ky-thuat-xet-nghiem-y-hoc,D07,Điểm thi THPT,2021,19.0,Kỹ thuật xét nghiệm y học
90385,HIU,ky-thuat-xet-nghiem-y-hoc,D90,Điểm thi THPT,2021,19.0,Kỹ thuật xét nghiệm y học
90386,HIU,ky-thuat-xet-nghiem-y-hoc,A00,Điểm thi THPT,2022,19.0,Kỹ thuật xét nghiệm y học
90387,HIU,ky-thuat-xet-nghiem-y-hoc,B00,Điểm thi THPT,2022,19.0,Kỹ thuật xét nghiệm y học
90388,HIU,ky-thuat-xet-nghiem-y-hoc,C02,Điểm thi THPT,2022,19.0,Kỹ thuật xét nghiệm y học
90389,HIU,ky-thuat-xet-nghiem-y-hoc,D90,Điểm thi THPT,2022,19.0,Kỹ thuật xét nghiệm y học
90390,HIU,ky-thuat-xet-nghiem-y-hoc,A00,Điểm học bạ,2023,19.5,Kỹ thuật xét nghiệm y học
90391,HIU,ky-thuat-xet-nghiem-y-hoc,B00,Điểm học bạ,2023,19.5,Kỹ thuật xét nghiệm y học
90392,HIU,ky-thuat-xet-nghiem-y-hoc,D07,Điểm học bạ,2023,19.5,Kỹ thuật xét nghiệm y học
90393,HIU,ky-thuat-xet-nghiem-y-hoc,D90,Điểm học bạ,2023,19.5,Kỹ thuật xét nghiệm y học
90394,HIU,ky-thuat-xet-nghiem-y-hoc,A00,Điểm thi THPT,2023,19.0,Kỹ thuật xét nghiệm y học
90395,HIU,ky-thuat-xet-nghiem-y-hoc,B00,Điểm thi THPT,2023,19.0,Kỹ thuật xét nghiệm y học
90396,HIU,ky-thuat-xet-nghiem-y-hoc,D07,Điểm thi THPT,2023,19.0,Kỹ thuật xét nghiệm y học
90397,HIU,ky-thuat-xet-nghiem-y-hoc,D90,Điểm thi THPT,2023,19.0,Kỹ thuật xét nghiệm y học
90398,HIU,ky-thuat-xet-nghiem-y-hoc,A00,Điểm học bạ,2024,19.5,Kỹ Thuật Xét Nghiệm Y Học
90399,HIU,ky-thuat-xet-nghiem-y-hoc,B00,Điểm học bạ,2024,19.5,Kỹ Thuật Xét Nghiệm Y Học
90400,HIU,ky-thuat-xet-nghiem-y-hoc,D07,Điểm học bạ,2024,19.5,Kỹ Thuật Xét Nghiệm Y Học
90401,HIU,ky-thuat-xet-nghiem-y-hoc,D08,Điểm học bạ,2024,19.5,Kỹ Thuật Xét Nghiệm Y Học
90402,HIU,ky-thuat-xet-nghiem-y-hoc,A00,Điểm thi THPT,2024,19.0,Kỹ thuật xét nghiệm y học
90403,HIU,ky-thuat-xet-nghiem-y-hoc,B00,Điểm thi THPT,2024,19.0,Kỹ thuật xét nghiệm y học
90404,HIU,ky-thuat-xet-nghiem-y-hoc,D07,Điểm thi THPT,2024,19.0,Kỹ thuật xét nghiệm y học
90405,HIU,ky-thuat-xet-nghiem-y-hoc,D08,Điểm thi THPT,2024,19.0,Kỹ thuật xét nghiệm y học
90406,HIU,ky-thuat-xet-nghiem-y-hoc,A00,Điểm học bạ,2025,18.5,Kỹ thuật xét nghiệm y học
90407,HIU,ky-thuat-xet-nghiem-y-hoc,B00,Điểm học bạ,2025,18.5,Kỹ thuật xét nghiệm y học
90408,HIU,ky-thuat-xet-nghiem-y-hoc,D07,Điểm học bạ,2025,18.5,Kỹ thuật xét nghiệm y học
90409,HIU,ky-thuat-xet-nghiem-y-hoc,D08,Điểm học bạ,2025,18.5,Kỹ thuật xét nghiệm y học
90410,HIU,ky-thuat-xet-nghiem-y-hoc,X10,Điểm học bạ,2025,18.5,Kỹ thuật xét nghiệm y học
90411,HIU,ky-thuat-xet-nghiem-y-hoc,X14,Điểm học bạ,2025,18.5,Kỹ thuật xét nghiệm y học
90412,HIU,ky-thuat-xet-nghiem-y-hoc,A00,Điểm thi THPT,2025,17.0,Kỹ thuật xét nghiệm y học
90413,HIU,ky-thuat-xet-nghiem-y-hoc,B00,Điểm thi THPT,2025,17.0,Kỹ thuật xét nghiệm y học
90414,HIU,ky-thuat-xet-nghiem-y-hoc,D07,Điểm thi THPT,2025,17.0,Kỹ thuật xét nghiệm y học
90415,HIU,ky-thuat-xet-nghiem-y-hoc,D08,Điểm thi THPT,2025,17.0,Kỹ thuật xét nghiệm y học
90416,HIU,ky-thuat-xet-nghiem-y-hoc,X10,Điểm thi THPT,2025,17.0,Kỹ thuật xét nghiệm y học
90417,HIU,ky-thuat-xet-nghiem-y-hoc,X14,Điểm thi THPT,2025,17.0,Kỹ thuật xét nghiệm y học
90418,HIU,ky-thuat-y-sinh,A00,Điểm học bạ,2025,18.0,Kỹ thuật y sinh
90419,HIU,ky-thuat-y-sinh,B00,Điểm học bạ,2025,18.0,Kỹ thuật y sinh
90420,HIU,ky-thuat-y-sinh,D07,Điểm học bạ,2025,18.0,Kỹ thuật y sinh
90421,HIU,ky-thuat-y-sinh,D08,Điểm học bạ,2025,18.0,Kỹ thuật y sinh
90422,HIU,ky-thuat-y-sinh,X10,Điểm học bạ,2025,18.0,Kỹ thuật y sinh
90423,HIU,ky-thuat-y-sinh,X14,Điểm học bạ,2025,18.0,Kỹ thuật y sinh
90424,HIU,ky-thuat-y-sinh,A00,Điểm thi THPT,2025,15.0,Kỹ thuật y sinh
90425,HIU,ky-thuat-y-sinh,B00,Điểm thi THPT,2025,15.0,Kỹ thuật y sinh
90426,HIU,ky-thuat-y-sinh,D07,Điểm thi THPT,2025,15.0,Kỹ thuật y sinh
90427,HIU,ky-thuat-y-sinh,D08,Điểm thi THPT,2025,15.0,Kỹ thuật y sinh
90428,HIU,ky-thuat-y-sinh,X10,Điểm thi THPT,2025,15.0,Kỹ thuật y sinh
90429,HIU,ky-thuat-y-sinh,X14,Điểm thi THPT,2025,15.0,Kỹ thuật y sinh
90430,HIU,logistics-va-quan-ly-chuoi-cung-ung,A00,Điểm thi THPT,2021,15.0,Logistics và quản lý chuỗi cung ứng
90431,HIU,logistics-va-quan-ly-chuoi-cung-ung,A01,Điểm thi THPT,2021,15.0,Logistics và quản lý chuỗi cung ứng
90432,HIU,logistics-va-quan-ly-chuoi-cung-ung,D01,Điểm thi THPT,2021,15.0,Logistics và quản lý chuỗi cung ứng
90433,HIU,logistics-va-quan-ly-chuoi-cung-ung,D90,Điểm thi THPT,2021,15.0,Logistics và quản lý chuỗi cung ứng
90434,HIU,logistics-va-quan-ly-chuoi-cung-ung,A00,Điểm thi THPT,2022,15.0,Logistics và quản lý chuỗi cung ứng
90435,HIU,logistics-va-quan-ly-chuoi-cung-ung,A01,Điểm thi THPT,2022,15.0,Logistics và quản lý chuỗi cung ứng
90436,HIU,logistics-va-quan-ly-chuoi-cung-ung,D01,Điểm thi THPT,2022,15.0,Logistics và quản lý chuỗi cung ứng
90437,HIU,logistics-va-quan-ly-chuoi-cung-ung,D90,Điểm thi THPT,2022,15.0,Logistics và quản lý chuỗi cung ứng
90438,HIU,logistics-va-quan-ly-chuoi-cung-ung,A00,Điểm học bạ,2023,18.0,Logistics và quản lý chuỗi cung ứng
90439,HIU,logistics-va-quan-ly-chuoi-cung-ung,A01,Điểm học bạ,2023,18.0,Logistics và quản lý chuỗi cung ứng
90440,HIU,logistics-va-quan-ly-chuoi-cung-ung,D01,Điểm học bạ,2023,18.0,Logistics và quản lý chuỗi cung ứng
90441,HIU,logistics-va-quan-ly-chuoi-cung-ung,D90,Điểm học bạ,2023,18.0,Logistics và quản lý chuỗi cung ứng
90442,HIU,logistics-va-quan-ly-chuoi-cung-ung,A00,Điểm thi THPT,2023,15.0,Logistics và quản lý chuỗi cung ứng
90443,HIU,logistics-va-quan-ly-chuoi-cung-ung,A01,Điểm thi THPT,2023,15.0,Logistics và quản lý chuỗi cung ứng
90444,HIU,logistics-va-quan-ly-chuoi-cung-ung,D01,Điểm thi THPT,2023,15.0,Logistics và quản lý chuỗi cung ứng
90445,HIU,logistics-va-quan-ly-chuoi-cung-ung,D90,Điểm thi THPT,2023,15.0,Logistics và quản lý chuỗi cung ứng
90446,HIU,logistics-va-quan-ly-chuoi-cung-ung,A00,Điểm học bạ,2024,18.0,Logistics và Quản Lý Chuỗi Cung Ứng
90447,HIU,logistics-va-quan-ly-chuoi-cung-ung,A01,Điểm học bạ,2024,18.0,Logistics và Quản Lý Chuỗi Cung Ứng
90448,HIU,logistics-va-quan-ly-chuoi-cung-ung,C00,Điểm học bạ,2024,18.0,Logistics và Quản Lý Chuỗi Cung Ứng
90449,HIU,logistics-va-quan-ly-chuoi-cung-ung,D01,Điểm học bạ,2024,18.0,Logistics và Quản Lý Chuỗi Cung Ứng
90450,HIU,logistics-va-quan-ly-chuoi-cung-ung,A00,Điểm thi THPT,2024,15.0,Logistics và quản lý chuỗi cung ứng
90451,HIU,logistics-va-quan-ly-chuoi-cung-ung,A01,Điểm thi THPT,2024,15.0,Logistics và quản lý chuỗi cung ứng
90452,HIU,logistics-va-quan-ly-chuoi-cung-ung,C00,Điểm thi THPT,2024,15.0,Logistics và quản lý chuỗi cung ứng
90453,HIU,logistics-va-quan-ly-chuoi-cung-ung,D01,Điểm thi THPT,2024,15.0,Logistics và quản lý chuỗi cung ứng
90454,HIU,logistics-va-quan-ly-chuoi-cung-ung,A00,Điểm học bạ,2025,18.0,Logistics và quản lý chuỗi cung ứng
90455,HIU,logistics-va-quan-ly-chuoi-cung-ung,A01,Điểm học bạ,2025,18.0,Logistics và quản lý chuỗi cung ứng
90456,HIU,logistics-va-quan-ly-chuoi-cung-ung,C02,Điểm học bạ,2025,18.0,Logistics và quản lý chuỗi cung ứng
90457,HIU,logistics-va-quan-ly-chuoi-cung-ung,D01,Điểm học bạ,2025,18.0,Logistics và quản lý chuỗi cung ứng
90458,HIU,logistics-va-quan-ly-chuoi-cung-ung,X06,Điểm học bạ,2025,18.0,Logistics và quản lý chuỗi cung ứng
90459,HIU,logistics-va-quan-ly-chuoi-cung-ung,X26,Điểm học bạ,2025,18.0,Logistics và quản lý chuỗi cung ứng
90460,HIU,logistics-va-quan-ly-chuoi-cung-ung,A00,Điểm thi THPT,2025,15.0,Logistics và quản lý chuỗi cung ứng
90461,HIU,logistics-va-quan-ly-chuoi-cung-ung,A01,Điểm thi THPT,2025,15.0,Logistics và quản lý chuỗi cung ứng
90462,HIU,logistics-va-quan-ly-chuoi-cung-ung,C02,Điểm thi THPT,2025,15.0,Logistics và quản lý chuỗi cung ứng
90463,HIU,logistics-va-quan-ly-chuoi-cung-ung,D01,Điểm thi THPT,2025,15.0,Logistics và quản lý chuỗi cung ứng
90464,HIU,logistics-va-quan-ly-chuoi-cung-ung,X06,Điểm thi THPT,2025,15.0,Logistics và quản lý chuỗi cung ứng
90465,HIU,logistics-va-quan-ly-chuoi-cung-ung,X26,Điểm thi THPT,2025,15.0,Logistics và quản lý chuỗi cung ứng
90466,HIU,luat,A00,Điểm thi THPT,2021,15.0,Luật
90467,HIU,luat,C00,Điểm thi THPT,2021,15.0,Luật
90468,HIU,luat,C14,Điểm thi THPT,2021,15.0,Luật
90469,HIU,luat,D01,Điểm thi THPT,2021,15.0,Luật
90470,HIU,luat,A00,Điểm thi THPT,2022,15.0,Luật
90471,HIU,luat,C00,Điểm thi THPT,2022,15.0,Luật
90472,HIU,luat,C14,Điểm thi THPT,2022,15.0,Luật
90473,HIU,luat,D01,Điểm thi THPT,2022,15.0,Luật
90474,HIU,luat,A00,Điểm học bạ,2023,30.0,Luật
90475,HIU,luat,C00,Điểm học bạ,2023,30.0,Luật
90476,HIU,luat,C14,Điểm học bạ,2023,30.0,Luật
90477,HIU,luat,D01,Điểm học bạ,2023,30.0,Luật
90478,HIU,luat,A00,Điểm thi THPT,2023,15.0,Luật
90479,HIU,luat,C00,Điểm thi THPT,2023,15.0,Luật
90480,HIU,luat,C14,Điểm thi THPT,2023,15.0,Luật
90481,HIU,luat,D01,Điểm thi THPT,2023,15.0,Luật
90482,HIU,luat,A00,Điểm học bạ,2024,18.0,Luật
90483,HIU,luat,A01,Điểm học bạ,2024,18.0,Luật
90484,HIU,luat,C00,Điểm học bạ,2024,18.0,Luật
90485,HIU,luat,D01,Điểm học bạ,2024,18.0,Luật
90486,HIU,luat,A00,Điểm thi THPT,2024,15.0,Luật
90487,HIU,luat,A01,Điểm thi THPT,2024,15.0,Luật
90488,HIU,luat,C00,Điểm thi THPT,2024,15.0,Luật
90489,HIU,luat,D01,Điểm thi THPT,2024,15.0,Luật
90490,HIU,luat,A08,Điểm học bạ,2025,18.0,Luật
90491,HIU,luat,C00,Điểm học bạ,2025,18.0,Luật
90492,HIU,luat,C14,Điểm học bạ,2025,18.0,Luật
90493,HIU,luat,C20,Điểm học bạ,2025,18.0,Luật
90494,HIU,luat,D01,Điểm học bạ,2025,18.0,Luật
90495,HIU,luat,D15,Điểm học bạ,2025,18.0,Luật
90496,HIU,luat,A08,Điểm thi THPT,2025,15.0,Luật
90497,HIU,luat,C00,Điểm thi THPT,2025,15.0,Luật
90498,HIU,luat,C14,Điểm thi THPT,2025,15.0,Luật
90499,HIU,luat,C20,Điểm thi THPT,2025,15.0,Luật
90500,HIU,luat,D01,Điểm thi THPT,2025,15.0,Luật
90501,HIU,luat,D15,Điểm thi THPT,2025,15.0,Luật
90502,HIU,luat-kinh-te,A00,Điểm thi THPT,2021,15.0,Luật kinh tế
90503,HIU,luat-kinh-te,A08,Điểm thi THPT,2021,15.0,Luật kinh tế
90504,HIU,luat-kinh-te,C00,Điểm thi THPT,2021,15.0,Luật kinh tế
90505,HIU,luat-kinh-te,D01,Điểm thi THPT,2021,15.0,Luật kinh tế
90506,HIU,luat-kinh-te,A00,Điểm thi THPT,2022,15.0,Luật kinh tế
90507,HIU,luat-kinh-te,A08,Điểm thi THPT,2022,15.0,Luật kinh tế
90508,HIU,luat-kinh-te,C00,Điểm thi THPT,2022,15.0,Luật kinh tế
90509,HIU,luat-kinh-te,D01,Điểm thi THPT,2022,15.0,Luật kinh tế
90510,HIU,luat-kinh-te,A00,Điểm học bạ,2023,30.0,Luật kinh tế
90511,HIU,luat-kinh-te,A08,Điểm học bạ,2023,30.0,Luật kinh tế
90512,HIU,luat-kinh-te,C00,Điểm học bạ,2023,30.0,Luật kinh tế
90513,HIU,luat-kinh-te,D01,Điểm học bạ,2023,30.0,Luật kinh tế
90514,HIU,luat-kinh-te,A00,Điểm thi THPT,2023,16.0,Luật Kinh Tế
90515,HIU,luat-kinh-te,A08,Điểm thi THPT,2023,16.0,Luật Kinh Tế
90516,HIU,luat-kinh-te,C00,Điểm thi THPT,2023,16.0,Luật Kinh Tế
90517,HIU,luat-kinh-te,D01,Điểm thi THPT,2023,16.0,Luật Kinh Tế
90518,HIU,luat-kinh-te,A00,Điểm học bạ,2024,18.0,Luật Kinh Tế
90519,HIU,luat-kinh-te,A01,Điểm học bạ,2024,18.0,Luật Kinh Tế
90520,HIU,luat-kinh-te,C00,Điểm học bạ,2024,18.0,Luật Kinh Tế
90521,HIU,luat-kinh-te,D01,Điểm học bạ,2024,18.0,Luật Kinh Tế
90522,HIU,luat-kinh-te,A00,Điểm thi THPT,2024,15.0,Luật Kinh Tế
90523,HIU,luat-kinh-te,A01,Điểm thi THPT,2024,15.0,Luật Kinh Tế
90524,HIU,luat-kinh-te,C00,Điểm thi THPT,2024,15.0,Luật Kinh Tế
90525,HIU,luat-kinh-te,D01,Điểm thi THPT,2024,15.0,Luật Kinh Tế
90526,HIU,luat-kinh-te,A08,Điểm học bạ,2025,18.0,Luật kinh tế
90527,HIU,luat-kinh-te,C00,Điểm học bạ,2025,18.0,Luật kinh tế
90528,HIU,luat-kinh-te,C14,Điểm học bạ,2025,18.0,Luật kinh tế
90529,HIU,luat-kinh-te,C20,Điểm học bạ,2025,18.0,Luật kinh tế
90530,HIU,luat-kinh-te,D01,Điểm học bạ,2025,18.0,Luật kinh tế
90531,HIU,luat-kinh-te,D15,Điểm học bạ,2025,18.0,Luật kinh tế
90532,HIU,luat-kinh-te,A08,Điểm thi THPT,2025,15.0,Luật kinh tế
90533,HIU,luat-kinh-te,C00,Điểm thi THPT,2025,15.0,Luật kinh tế
90534,HIU,luat-kinh-te,C14,Điểm thi THPT,2025,15.0,Luật kinh tế
90535,HIU,luat-kinh-te,C20,Điểm thi THPT,2025,15.0,Luật kinh tế
90536,HIU,luat-kinh-te,D01,Điểm thi THPT,2025,15.0,Luật kinh tế
90537,HIU,luat-kinh-te,D15,Điểm thi THPT,2025,15.0,Luật kinh tế
90538,HIU,ngon-ngu-anh,A01,Điểm thi THPT,2021,15.0,Ngôn ngữ Anh
90539,HIU,ngon-ngu-anh,D01,Điểm thi THPT,2021,15.0,Ngôn ngữ Anh
90540,HIU,ngon-ngu-anh,D14,Điểm thi THPT,2021,15.0,Ngôn ngữ Anh
90541,HIU,ngon-ngu-anh,D96,Điểm thi THPT,2021,15.0,Ngôn ngữ Anh
90542,HIU,ngon-ngu-anh,A01,Điểm thi THPT,2022,15.0,Ngôn ngữ Anh
90543,HIU,ngon-ngu-anh,D01,Điểm thi THPT,2022,15.0,Ngôn ngữ Anh
90544,HIU,ngon-ngu-anh,D14,Điểm thi THPT,2022,15.0,Ngôn ngữ Anh
90545,HIU,ngon-ngu-anh,D96,Điểm thi THPT,2022,15.0,Ngôn ngữ Anh
90546,HIU,ngon-ngu-anh,A01,Điểm học bạ,2023,18.0,Ngôn ngữ Anh
90547,HIU,ngon-ngu-anh,D01,Điểm học bạ,2023,18.0,Ngôn ngữ Anh
90548,HIU,ngon-ngu-anh,D14,Điểm học bạ,2023,18.0,Ngôn ngữ Anh
90549,HIU,ngon-ngu-anh,D96,Điểm học bạ,2023,18.0,Ngôn ngữ Anh
90550,HIU,ngon-ngu-anh,A01,Điểm thi THPT,2023,16.0,Ngôn ngữ Anh
90551,HIU,ngon-ngu-anh,D01,Điểm thi THPT,2023,16.0,Ngôn ngữ Anh
90552,HIU,ngon-ngu-anh,D14,Điểm thi THPT,2023,16.0,Ngôn ngữ Anh
90553,HIU,ngon-ngu-anh,D96,Điểm thi THPT,2023,16.0,Ngôn ngữ Anh
90554,HIU,ngon-ngu-anh,A01,Điểm học bạ,2024,18.0,Ngôn Ngữ Anh
90555,HIU,ngon-ngu-anh,D01,Điểm học bạ,2024,18.0,Ngôn Ngữ Anh
90556,HIU,ngon-ngu-anh,D14,Điểm học bạ,2024,18.0,Ngôn Ngữ Anh
90557,HIU,ngon-ngu-anh,D15,Điểm học bạ,2024,18.0,Ngôn Ngữ Anh
90558,HIU,ngon-ngu-anh,A01,Điểm thi THPT,2024,15.0,Ngôn ngữ Anh
90559,HIU,ngon-ngu-anh,D01,Điểm thi THPT,2024,15.0,Ngôn ngữ Anh
90560,HIU,ngon-ngu-anh,D14,Điểm thi THPT,2024,15.0,Ngôn ngữ Anh
90561,HIU,ngon-ngu-anh,D15,Điểm thi THPT,2024,15.0,Ngôn ngữ Anh
90562,HIU,ngon-ngu-anh,C00,Điểm học bạ,2025,18.0,Ngôn ngữ Anh
90563,HIU,ngon-ngu-anh,C04,Điểm học bạ,2025,18.0,Ngôn ngữ Anh
90564,HIU,ngon-ngu-anh,C14,Điểm học bạ,2025,18.0,Ngôn ngữ Anh
90565,HIU,ngon-ngu-anh,D01,Điểm học bạ,2025,18.0,Ngôn ngữ Anh
90566,HIU,ngon-ngu-anh,D14,Điểm học bạ,2025,18.0,Ngôn ngữ Anh
90567,HIU,ngon-ngu-anh,D15,Điểm học bạ,2025,18.0,Ngôn ngữ Anh
90568,HIU,ngon-ngu-anh,X02,Điểm học bạ,2025,18.0,Ngôn ngữ Anh
90569,HIU,ngon-ngu-anh,C00,Điểm thi THPT,2025,15.0,Ngôn ngữ Anh
90570,HIU,ngon-ngu-anh,C04,Điểm thi THPT,2025,15.0,Ngôn ngữ Anh
90571,HIU,ngon-ngu-anh,C14,Điểm thi THPT,2025,15.0,Ngôn ngữ Anh
90572,HIU,ngon-ngu-anh,D01,Điểm thi THPT,2025,15.0,Ngôn ngữ Anh
90573,HIU,ngon-ngu-anh,D14,Điểm thi THPT,2025,15.0,Ngôn ngữ Anh
90574,HIU,ngon-ngu-anh,D15,Điểm thi THPT,2025,15.0,Ngôn ngữ Anh
90575,HIU,ngon-ngu-anh,X02,Điểm thi THPT,2025,15.0,Ngôn ngữ Anh
90576,HIU,ngon-ngu-han-quoc,A01,Điểm thi THPT,2022,15.0,Ngôn ngữ Hàn Quốc
90577,HIU,ngon-ngu-han-quoc,C00,Điểm thi THPT,2022,15.0,Ngôn ngữ Hàn Quốc
90578,HIU,ngon-ngu-han-quoc,D01,Điểm thi THPT,2022,15.0,Ngôn ngữ Hàn Quốc
90579,HIU,ngon-ngu-han-quoc,D78,Điểm thi THPT,2022,15.0,Ngôn ngữ Hàn Quốc
90580,HIU,ngon-ngu-han-quoc,A01,Điểm học bạ,2023,18.0,Ngôn ngữ Hàn Quốc
90581,HIU,ngon-ngu-han-quoc,C00,Điểm học bạ,2023,18.0,Ngôn ngữ Hàn Quốc
90582,HIU,ngon-ngu-han-quoc,D01,Điểm học bạ,2023,18.0,Ngôn ngữ Hàn Quốc
90583,HIU,ngon-ngu-han-quoc,D78,Điểm học bạ,2023,18.0,Ngôn ngữ Hàn Quốc
90584,HIU,ngon-ngu-han-quoc,A01,Điểm thi THPT,2023,15.0,Ngôn ngữ Hàn Quốc
90585,HIU,ngon-ngu-han-quoc,C00,Điểm thi THPT,2023,15.0,Ngôn ngữ Hàn Quốc
90586,HIU,ngon-ngu-han-quoc,D01,Điểm thi THPT,2023,15.0,Ngôn ngữ Hàn Quốc
90587,HIU,ngon-ngu-han-quoc,D78,Điểm thi THPT,2023,15.0,Ngôn ngữ Hàn Quốc
90588,HIU,ngon-ngu-han-quoc,A01,Điểm học bạ,2024,18.0,Ngôn Ngữ Hàn Quốc
90589,HIU,ngon-ngu-han-quoc,C00,Điểm học bạ,2024,18.0,Ngôn Ngữ Hàn Quốc
90590,HIU,ngon-ngu-han-quoc,D01,Điểm học bạ,2024,18.0,Ngôn Ngữ Hàn Quốc
90591,HIU,ngon-ngu-han-quoc,D15,Điểm học bạ,2024,18.0,Ngôn Ngữ Hàn Quốc
90592,HIU,ngon-ngu-han-quoc,A01,Điểm thi THPT,2024,15.0,Ngôn ngữ Hàn Quốc
90593,HIU,ngon-ngu-han-quoc,C00,Điểm thi THPT,2024,15.0,Ngôn ngữ Hàn Quốc
90594,HIU,ngon-ngu-han-quoc,D01,Điểm thi THPT,2024,15.0,Ngôn ngữ Hàn Quốc
90595,HIU,ngon-ngu-han-quoc,D15,Điểm thi THPT,2024,15.0,Ngôn ngữ Hàn Quốc
90596,HIU,ngon-ngu-han-quoc,C00,Điểm học bạ,2025,18.0,Ngôn ngữ Hàn Quốc
90597,HIU,ngon-ngu-han-quoc,C04,Điểm học bạ,2025,18.0,Ngôn ngữ Hàn Quốc
90598,HIU,ngon-ngu-han-quoc,C14,Điểm học bạ,2025,18.0,Ngôn ngữ Hàn Quốc
90599,HIU,ngon-ngu-han-quoc,D01,Điểm học bạ,2025,18.0,Ngôn ngữ Hàn Quốc
90600,HIU,ngon-ngu-han-quoc,D04,Điểm học bạ,2025,18.0,Ngôn ngữ Hàn Quốc
90601,HIU,ngon-ngu-han-quoc,D14,Điểm học bạ,2025,18.0,Ngôn ngữ Hàn Quốc
90602,HIU,ngon-ngu-han-quoc,D15,Điểm học bạ,2025,18.0,Ngôn ngữ Hàn Quốc
90603,HIU,ngon-ngu-han-quoc,C00,Điểm thi THPT,2025,15.0,Ngôn ngữ Hàn Quốc
90604,HIU,ngon-ngu-han-quoc,C04,Điểm thi THPT,2025,15.0,Ngôn ngữ Hàn Quốc
90605,HIU,ngon-ngu-han-quoc,C14,Điểm thi THPT,2025,15.0,Ngôn ngữ Hàn Quốc
90606,HIU,ngon-ngu-han-quoc,D01,Điểm thi THPT,2025,15.0,Ngôn ngữ Hàn Quốc
90607,HIU,ngon-ngu-han-quoc,D04,Điểm thi THPT,2025,15.0,Ngôn ngữ Hàn Quốc
90608,HIU,ngon-ngu-han-quoc,D14,Điểm thi THPT,2025,15.0,Ngôn ngữ Hàn Quốc
90609,HIU,ngon-ngu-han-quoc,D15,Điểm thi THPT,2025,15.0,Ngôn ngữ Hàn Quốc
90610,HIU,ngon-ngu-nhat,A01,Điểm thi THPT,2023,15.0,Ngôn ngữ Nhật
90611,HIU,ngon-ngu-nhat,C00,Điểm thi THPT,2023,15.0,Ngôn ngữ Nhật
90612,HIU,ngon-ngu-nhat,D01,Điểm thi THPT,2023,15.0,Ngôn ngữ Nhật
90613,HIU,ngon-ngu-nhat,D06,Điểm thi THPT,2023,15.0,Ngôn ngữ Nhật
90614,HIU,ngon-ngu-nhat,A01,Điểm học bạ,2024,18.0,Ngôn Ngữ Nhật
90615,HIU,ngon-ngu-nhat,D01,Điểm học bạ,2024,18.0,Ngôn Ngữ Nhật
90616,HIU,ngon-ngu-nhat,D14,Điểm học bạ,2024,18.0,Ngôn Ngữ Nhật
90617,HIU,ngon-ngu-nhat,D15,Điểm học bạ,2024,18.0,Ngôn Ngữ Nhật
90618,HIU,ngon-ngu-nhat,A01,Điểm thi THPT,2024,16.0,Ngôn ngữ Nhật
90619,HIU,ngon-ngu-nhat,D01,Điểm thi THPT,2024,16.0,Ngôn ngữ Nhật
90620,HIU,ngon-ngu-nhat,D14,Điểm thi THPT,2024,16.0,Ngôn ngữ Nhật
90621,HIU,ngon-ngu-nhat,D15,Điểm thi THPT,2024,16.0,Ngôn ngữ Nhật
90622,HIU,ngon-ngu-nhat,C00,Điểm học bạ,2025,18.0,Ngôn ngữ Nhật
90623,HIU,ngon-ngu-nhat,C04,Điểm học bạ,2025,18.0,Ngôn ngữ Nhật
90624,HIU,ngon-ngu-nhat,C14,Điểm học bạ,2025,18.0,Ngôn ngữ Nhật
90625,HIU,ngon-ngu-nhat,D01,Điểm học bạ,2025,18.0,Ngôn ngữ Nhật
90626,HIU,ngon-ngu-nhat,D04,Điểm học bạ,2025,18.0,Ngôn ngữ Nhật
90627,HIU,ngon-ngu-nhat,D14,Điểm học bạ,2025,18.0,Ngôn ngữ Nhật
90628,HIU,ngon-ngu-nhat,D15,Điểm học bạ,2025,18.0,Ngôn ngữ Nhật
90629,HIU,ngon-ngu-nhat,C00,Điểm thi THPT,2025,15.0,Ngôn ngữ Nhật
90630,HIU,ngon-ngu-nhat,C04,Điểm thi THPT,2025,15.0,Ngôn ngữ Nhật
90631,HIU,ngon-ngu-nhat,C14,Điểm thi THPT,2025,15.0,Ngôn ngữ Nhật
90632,HIU,ngon-ngu-nhat,D01,Điểm thi THPT,2025,15.0,Ngôn ngữ Nhật
90633,HIU,ngon-ngu-nhat,D04,Điểm thi THPT,2025,15.0,Ngôn ngữ Nhật
90634,HIU,ngon-ngu-nhat,D14,Điểm thi THPT,2025,15.0,Ngôn ngữ Nhật
90635,HIU,ngon-ngu-nhat,D15,Điểm thi THPT,2025,15.0,Ngôn ngữ Nhật
90636,HIU,ngon-ngu-nhat-ban,A01,Điểm thi THPT,2022,15.0,Ngôn ngữ Nhật Bản
90637,HIU,ngon-ngu-nhat-ban,C00,Điểm thi THPT,2022,15.0,Ngôn ngữ Nhật Bản
90638,HIU,ngon-ngu-nhat-ban,D01,Điểm thi THPT,2022,15.0,Ngôn ngữ Nhật Bản
90639,HIU,ngon-ngu-nhat-ban,D06,Điểm thi THPT,2022,15.0,Ngôn ngữ Nhật Bản
90640,HIU,ngon-ngu-nhat-ban,A01,Điểm học bạ,2023,18.0,Ngôn ngữ Nhật Bản
90641,HIU,ngon-ngu-nhat-ban,C00,Điểm học bạ,2023,18.0,Ngôn ngữ Nhật Bản
90642,HIU,ngon-ngu-nhat-ban,D01,Điểm học bạ,2023,18.0,Ngôn ngữ Nhật Bản
90643,HIU,ngon-ngu-nhat-ban,D06,Điểm học bạ,2023,18.0,Ngôn ngữ Nhật Bản
90644,HIU,ngon-ngu-trung-quoc,A01,Điểm thi THPT,2022,15.0,Ngôn ngữ Trung Quốc
90645,HIU,ngon-ngu-trung-quoc,C00,Điểm thi THPT,2022,15.0,Ngôn ngữ Trung Quốc
90646,HIU,ngon-ngu-trung-quoc,D01,Điểm thi THPT,2022,15.0,Ngôn ngữ Trung Quốc
90647,HIU,ngon-ngu-trung-quoc,D04,Điểm thi THPT,2022,15.0,Ngôn ngữ Trung Quốc
90648,HIU,ngon-ngu-trung-quoc,A01,Điểm học bạ,2023,18.0,Ngôn ngữ Trung Quốc
90649,HIU,ngon-ngu-trung-quoc,C00,Điểm học bạ,2023,18.0,Ngôn ngữ Trung Quốc
90650,HIU,ngon-ngu-trung-quoc,D01,Điểm học bạ,2023,18.0,Ngôn ngữ Trung Quốc
90651,HIU,ngon-ngu-trung-quoc,D04,Điểm học bạ,2023,18.0,Ngôn ngữ Trung Quốc
90652,HIU,ngon-ngu-trung-quoc,A01,Điểm thi THPT,2023,15.0,Ngôn ngữ Trung Quốc
90653,HIU,ngon-ngu-trung-quoc,C00,Điểm thi THPT,2023,15.0,Ngôn ngữ Trung Quốc
90654,HIU,ngon-ngu-trung-quoc,D01,Điểm thi THPT,2023,15.0,Ngôn ngữ Trung Quốc
90655,HIU,ngon-ngu-trung-quoc,D04,Điểm thi THPT,2023,15.0,Ngôn ngữ Trung Quốc
90656,HIU,ngon-ngu-trung-quoc,A01,Điểm học bạ,2024,18.0,Ngôn Ngữ Trung Quốc
90657,HIU,ngon-ngu-trung-quoc,C00,Điểm học bạ,2024,18.0,Ngôn Ngữ Trung Quốc
90658,HIU,ngon-ngu-trung-quoc,D01,Điểm học bạ,2024,18.0,Ngôn Ngữ Trung Quốc
90659,HIU,ngon-ngu-trung-quoc,D15,Điểm học bạ,2024,18.0,Ngôn Ngữ Trung Quốc
90660,HIU,ngon-ngu-trung-quoc,A01,Điểm thi THPT,2024,15.0,Ngôn ngữ Trung Quốc
90661,HIU,ngon-ngu-trung-quoc,C00,Điểm thi THPT,2024,15.0,Ngôn ngữ Trung Quốc
90662,HIU,ngon-ngu-trung-quoc,D01,Điểm thi THPT,2024,15.0,Ngôn ngữ Trung Quốc
90663,HIU,ngon-ngu-trung-quoc,D15,Điểm thi THPT,2024,15.0,Ngôn ngữ Trung Quốc
90664,HIU,ngon-ngu-trung-quoc,C00,Điểm học bạ,2025,18.0,Ngôn ngữ Trung Quốc
90665,HIU,ngon-ngu-trung-quoc,C04,Điểm học bạ,2025,18.0,Ngôn ngữ Trung Quốc
90666,HIU,ngon-ngu-trung-quoc,C14,Điểm học bạ,2025,18.0,Ngôn ngữ Trung Quốc
90667,HIU,ngon-ngu-trung-quoc,D01,Điểm học bạ,2025,18.0,Ngôn ngữ Trung Quốc
90668,HIU,ngon-ngu-trung-quoc,D04,Điểm học bạ,2025,18.0,Ngôn ngữ Trung Quốc
90669,HIU,ngon-ngu-trung-quoc,D14,Điểm học bạ,2025,18.0,Ngôn ngữ Trung Quốc
90670,HIU,ngon-ngu-trung-quoc,D15,Điểm học bạ,2025,18.0,Ngôn ngữ Trung Quốc
90671,HIU,ngon-ngu-trung-quoc,C00,Điểm thi THPT,2025,15.0,Ngôn ngữ Trung Quốc
90672,HIU,ngon-ngu-trung-quoc,C04,Điểm thi THPT,2025,15.0,Ngôn ngữ Trung Quốc
90673,HIU,ngon-ngu-trung-quoc,C14,Điểm thi THPT,2025,15.0,Ngôn ngữ Trung Quốc
90674,HIU,ngon-ngu-trung-quoc,D01,Điểm thi THPT,2025,15.0,Ngôn ngữ Trung Quốc
90675,HIU,ngon-ngu-trung-quoc,D04,Điểm thi THPT,2025,15.0,Ngôn ngữ Trung Quốc
90676,HIU,ngon-ngu-trung-quoc,D14,Điểm thi THPT,2025,15.0,Ngôn ngữ Trung Quốc
90677,HIU,ngon-ngu-trung-quoc,D15,Điểm thi THPT,2025,15.0,Ngôn ngữ Trung Quốc
90678,HIU,nhat-ban-hoc,A01,Điểm thi THPT,2021,15.0,Nhật Bản học
90679,HIU,nhat-ban-hoc,C00,Điểm thi THPT,2021,15.0,Nhật Bản học
90680,HIU,nhat-ban-hoc,D01,Điểm thi THPT,2021,15.0,Nhật Bản học
90681,HIU,nhat-ban-hoc,D06,Điểm thi THPT,2021,15.0,Nhật Bản học
90682,HIU,quan-he-cong-chung,A00,Điểm thi THPT,2021,15.0,Quan hệ công chúng
90683,HIU,quan-he-cong-chung,A01,Điểm thi THPT,2021,15.0,Quan hệ công chúng
90684,HIU,quan-he-cong-chung,C00,Điểm thi THPT,2021,15.0,Quan hệ công chúng
90685,HIU,quan-he-cong-chung,D01,Điểm thi THPT,2021,15.0,Quan hệ công chúng
90686,HIU,quan-he-cong-chung,A00,Điểm thi THPT,2022,15.0,Quan hệ công chúng
90687,HIU,quan-he-cong-chung,A01,Điểm thi THPT,2022,15.0,Quan hệ công chúng
90688,HIU,quan-he-cong-chung,C00,Điểm thi THPT,2022,15.0,Quan hệ công chúng
90689,HIU,quan-he-cong-chung,D01,Điểm thi THPT,2022,15.0,Quan hệ công chúng
90690,HIU,quan-he-cong-chung,A00,Điểm học bạ,2023,30.0,Quan hệ công chúng
90691,HIU,quan-he-cong-chung,A01,Điểm học bạ,2023,30.0,Quan hệ công chúng
90692,HIU,quan-he-cong-chung,C00,Điểm học bạ,2023,30.0,Quan hệ công chúng
90693,HIU,quan-he-cong-chung,D01,Điểm học bạ,2023,30.0,Quan hệ công chúng
90694,HIU,quan-he-cong-chung,A00,Điểm thi THPT,2023,15.0,Quan hệ công chúng
90695,HIU,quan-he-cong-chung,A01,Điểm thi THPT,2023,15.0,Quan hệ công chúng
90696,HIU,quan-he-cong-chung,C00,Điểm thi THPT,2023,15.0,Quan hệ công chúng
90697,HIU,quan-he-cong-chung,D01,Điểm thi THPT,2023,15.0,Quan hệ công chúng
90698,HIU,quan-he-cong-chung,A00,Điểm học bạ,2024,18.0,Quan Hệ Công Chúng
90699,HIU,quan-he-cong-chung,A01,Điểm học bạ,2024,18.0,Quan Hệ Công Chúng
90700,HIU,quan-he-cong-chung,C00,Điểm học bạ,2024,18.0,Quan Hệ Công Chúng
90701,HIU,quan-he-cong-chung,D01,Điểm học bạ,2024,18.0,Quan Hệ Công Chúng
90702,HIU,quan-he-cong-chung,A00,Điểm thi THPT,2024,15.0,Quan hệ công chúng
90703,HIU,quan-he-cong-chung,A01,Điểm thi THPT,2024,15.0,Quan hệ công chúng
90704,HIU,quan-he-cong-chung,C00,Điểm thi THPT,2024,15.0,Quan hệ công chúng
90705,HIU,quan-he-cong-chung,D01,Điểm thi THPT,2024,15.0,Quan hệ công chúng
90706,HIU,quan-he-cong-chung,C00,Điểm học bạ,2025,18.0,Quan hệ công chúng
90707,HIU,quan-he-cong-chung,C20,Điểm học bạ,2025,18.0,Quan hệ công chúng
90708,HIU,quan-he-cong-chung,D01,Điểm học bạ,2025,18.0,Quan hệ công chúng
90709,HIU,quan-he-cong-chung,D14,Điểm học bạ,2025,18.0,Quan hệ công chúng
90710,HIU,quan-he-cong-chung,D15,Điểm học bạ,2025,18.0,Quan hệ công chúng
90711,HIU,quan-he-cong-chung,X71,Điểm học bạ,2025,18.0,Quan hệ công chúng
90712,HIU,quan-he-cong-chung,C00,Điểm thi THPT,2025,15.0,Quan hệ công chúng
90713,HIU,quan-he-cong-chung,C20,Điểm thi THPT,2025,15.0,Quan hệ công chúng
90714,HIU,quan-he-cong-chung,D01,Điểm thi THPT,2025,15.0,Quan hệ công chúng
90715,HIU,quan-he-cong-chung,D14,Điểm thi THPT,2025,15.0,Quan hệ công chúng
90716,HIU,quan-he-cong-chung,D15,Điểm thi THPT,2025,15.0,Quan hệ công chúng
90717,HIU,quan-he-cong-chung,X71,Điểm thi THPT,2025,15.0,Quan hệ công chúng
90718,HIU,quan-he-quoc-te,A00,Điểm thi THPT,2021,15.0,Quan hệ quốc tế
90719,HIU,quan-he-quoc-te,A01,Điểm thi THPT,2021,15.0,Quan hệ quốc tế
90720,HIU,quan-he-quoc-te,C00,Điểm thi THPT,2021,15.0,Quan hệ quốc tế
90721,HIU,quan-he-quoc-te,D01,Điểm thi THPT,2021,15.0,Quan hệ quốc tế
90722,HIU,quan-he-quoc-te,A00,Điểm thi THPT,2022,15.0,Quan hệ quốc tế
90723,HIU,quan-he-quoc-te,A01,Điểm thi THPT,2022,15.0,Quan hệ quốc tế
90724,HIU,quan-he-quoc-te,C00,Điểm thi THPT,2022,15.0,Quan hệ quốc tế
90725,HIU,quan-he-quoc-te,D01,Điểm thi THPT,2022,15.0,Quan hệ quốc tế
90726,HIU,quan-he-quoc-te,A00,Điểm học bạ,2023,30.0,Quan hệ quốc tế
90727,HIU,quan-he-quoc-te,A01,Điểm học bạ,2023,30.0,Quan hệ quốc tế
90728,HIU,quan-he-quoc-te,C00,Điểm học bạ,2023,30.0,Quan hệ quốc tế
90729,HIU,quan-he-quoc-te,D01,Điểm học bạ,2023,30.0,Quan hệ quốc tế
90730,HIU,quan-he-quoc-te,A00,Điểm thi THPT,2023,16.0,Quan hệ quốc tế
90731,HIU,quan-he-quoc-te,A01,Điểm thi THPT,2023,16.0,Quan hệ quốc tế
90732,HIU,quan-he-quoc-te,C00,Điểm thi THPT,2023,16.0,Quan hệ quốc tế
90733,HIU,quan-he-quoc-te,D01,Điểm thi THPT,2023,16.0,Quan hệ quốc tế
90734,HIU,quan-he-quoc-te,A00,Điểm học bạ,2024,18.0,Quan Hệ Quốc Tế
90735,HIU,quan-he-quoc-te,A01,Điểm học bạ,2024,18.0,Quan Hệ Quốc Tế
90736,HIU,quan-he-quoc-te,C00,Điểm học bạ,2024,18.0,Quan Hệ Quốc Tế
90737,HIU,quan-he-quoc-te,D01,Điểm học bạ,2024,18.0,Quan Hệ Quốc Tế
90738,HIU,quan-he-quoc-te,A00,Điểm thi THPT,2024,17.75,Quan hệ quốc tế
90739,HIU,quan-he-quoc-te,A01,Điểm thi THPT,2024,17.75,Quan hệ quốc tế
90740,HIU,quan-he-quoc-te,C00,Điểm thi THPT,2024,17.75,Quan hệ quốc tế
90741,HIU,quan-he-quoc-te,D01,Điểm thi THPT,2024,17.75,Quan hệ quốc tế
90742,HIU,quan-he-quoc-te,C00,Điểm học bạ,2025,18.0,Quan hệ quốc tế
90743,HIU,quan-he-quoc-te,C20,Điểm học bạ,2025,18.0,Quan hệ quốc tế
90744,HIU,quan-he-quoc-te,D01,Điểm học bạ,2025,18.0,Quan hệ quốc tế
90745,HIU,quan-he-quoc-te,D14,Điểm học bạ,2025,18.0,Quan hệ quốc tế
90746,HIU,quan-he-quoc-te,D15,Điểm học bạ,2025,18.0,Quan hệ quốc tế
90747,HIU,quan-he-quoc-te,X71,Điểm học bạ,2025,18.0,Quan hệ quốc tế
90748,HIU,quan-he-quoc-te,C00,Điểm thi THPT,2025,15.0,Quan hệ quốc tế
90749,HIU,quan-he-quoc-te,C20,Điểm thi THPT,2025,15.0,Quan hệ quốc tế
90750,HIU,quan-he-quoc-te,D01,Điểm thi THPT,2025,15.0,Quan hệ quốc tế
90751,HIU,quan-he-quoc-te,D14,Điểm thi THPT,2025,15.0,Quan hệ quốc tế
90752,HIU,quan-he-quoc-te,D15,Điểm thi THPT,2025,15.0,Quan hệ quốc tế
90753,HIU,quan-he-quoc-te,X71,Điểm thi THPT,2025,15.0,Quan hệ quốc tế
90754,HIU,quan-ly-cong-nghiep,A00,Điểm thi THPT,2021,15.0,Quản lý công nghiệp
90755,HIU,quan-ly-cong-nghiep,A01,Điểm thi THPT,2021,15.0,Quản lý công nghiệp
90756,HIU,quan-ly-cong-nghiep,D01,Điểm thi THPT,2021,15.0,Quản lý công nghiệp
90757,HIU,quan-ly-cong-nghiep,D90,Điểm thi THPT,2021,15.0,Quản lý công nghiệp
90758,HIU,quan-ly-giao-duc,A00,Điểm thi THPT,2021,15.0,Quản lý giáo dục
90759,HIU,quan-ly-giao-duc,C00,Điểm thi THPT,2021,15.0,Quản lý giáo dục
90760,HIU,quan-ly-giao-duc,D01,Điểm thi THPT,2021,15.0,Quản lý giáo dục
90761,HIU,quan-ly-giao-duc,M00,Điểm thi THPT,2022,15.0,Quản lý giáo dục
90762,HIU,quan-ly-giao-duc,M01,Điểm thi THPT,2022,15.0,Quản lý giáo dục
90763,HIU,quan-ly-giao-duc,M11,Điểm thi THPT,2022,15.0,Quản lý giáo dục
90764,HIU,quan-ly-giao-duc,A00,Điểm học bạ,2023,30.0,Quản lý giáo dục
90765,HIU,quan-ly-giao-duc,A01,Điểm học bạ,2023,30.0,Quản lý giáo dục
90766,HIU,quan-ly-giao-duc,C00,Điểm học bạ,2023,30.0,Quản lý giáo dục
90767,HIU,quan-ly-giao-duc,D01,Điểm học bạ,2023,30.0,Quản lý giáo dục
90768,HIU,quan-ly-giao-duc,A00,Điểm thi THPT,2023,15.0,Quản lý Giáo dục
90769,HIU,quan-ly-giao-duc,A01,Điểm thi THPT,2023,15.0,Quản lý Giáo dục
90770,HIU,quan-ly-giao-duc,C00,Điểm thi THPT,2023,15.0,Quản lý Giáo dục
90771,HIU,quan-ly-giao-duc,D01,Điểm thi THPT,2023,15.0,Quản lý Giáo dục
90772,HIU,quan-ly-giao-duc,A00,Điểm học bạ,2024,18.0,Quản Lý Giáo Dục
90773,HIU,quan-ly-giao-duc,A01,Điểm học bạ,2024,18.0,Quản Lý Giáo Dục
90774,HIU,quan-ly-giao-duc,C00,Điểm học bạ,2024,18.0,Quản Lý Giáo Dục
90775,HIU,quan-ly-giao-duc,D01,Điểm học bạ,2024,18.0,Quản Lý Giáo Dục
90776,HIU,quan-ly-giao-duc,A00,Điểm thi THPT,2024,16.0,Quản lý Giáo dục
90777,HIU,quan-ly-giao-duc,A01,Điểm thi THPT,2024,16.0,Quản lý Giáo dục
90778,HIU,quan-ly-giao-duc,C00,Điểm thi THPT,2024,16.0,Quản lý Giáo dục
90779,HIU,quan-ly-giao-duc,D01,Điểm thi THPT,2024,16.0,Quản lý Giáo dục
90780,HIU,quan-ly-giao-duc,A00,Điểm học bạ,2025,18.0,Quản lý Giáo dục
90781,HIU,quan-ly-giao-duc,A01,Điểm học bạ,2025,18.0,Quản lý Giáo dục
90782,HIU,quan-ly-giao-duc,C00,Điểm học bạ,2025,18.0,Quản lý Giáo dục
90783,HIU,quan-ly-giao-duc,D01,Điểm học bạ,2025,18.0,Quản lý Giáo dục
90784,HIU,quan-ly-giao-duc,D14,Điểm học bạ,2025,18.0,Quản lý Giáo dục
90785,HIU,quan-ly-giao-duc,D15,Điểm học bạ,2025,18.0,Quản lý Giáo dục
90786,HIU,quan-ly-giao-duc,A00,Điểm thi THPT,2025,15.0,Quản lý Giáo dục
90787,HIU,quan-ly-giao-duc,A01,Điểm thi THPT,2025,15.0,Quản lý Giáo dục
90788,HIU,quan-ly-giao-duc,C00,Điểm thi THPT,2025,15.0,Quản lý Giáo dục
90789,HIU,quan-ly-giao-duc,D01,Điểm thi THPT,2025,15.0,Quản lý Giáo dục
90790,HIU,quan-ly-giao-duc,D14,Điểm thi THPT,2025,15.0,Quản lý Giáo dục
90791,HIU,quan-ly-giao-duc,D15,Điểm thi THPT,2025,15.0,Quản lý Giáo dục
90792,HIU,quan-tri-dich-vu-du-lich-va-lu-hanh,A00,Điểm thi THPT,2021,15.0,Quản trị dịch vụ du lịch và lữ hành
90793,HIU,quan-tri-dich-vu-du-lich-va-lu-hanh,A01,Điểm thi THPT,2021,15.0,Quản trị dịch vụ du lịch và lữ hành
90794,HIU,quan-tri-dich-vu-du-lich-va-lu-hanh,C00,Điểm thi THPT,2021,15.0,Quản trị dịch vụ du lịch và lữ hành
90795,HIU,quan-tri-dich-vu-du-lich-va-lu-hanh,D01,Điểm thi THPT,2021,15.0,Quản trị dịch vụ du lịch và lữ hành
90796,HIU,quan-tri-dich-vu-du-lich-va-lu-hanh,A00,Điểm thi THPT,2022,15.0,Quản trị dịch vụ du lịch và lữ hành
90797,HIU,quan-tri-dich-vu-du-lich-va-lu-hanh,A01,Điểm thi THPT,2022,15.0,Quản trị dịch vụ du lịch và lữ hành
90798,HIU,quan-tri-dich-vu-du-lich-va-lu-hanh,C00,Điểm thi THPT,2022,15.0,Quản trị dịch vụ du lịch và lữ hành
90799,HIU,quan-tri-dich-vu-du-lich-va-lu-hanh,D01,Điểm thi THPT,2022,15.0,Quản trị dịch vụ du lịch và lữ hành
90800,HIU,quan-tri-dich-vu-du-lich-va-lu-hanh,A00,Điểm học bạ,2023,30.0,Quản trị dịch vụ du lịch và lữ hành
90801,HIU,quan-tri-dich-vu-du-lich-va-lu-hanh,A01,Điểm học bạ,2023,30.0,Quản trị dịch vụ du lịch và lữ hành
90802,HIU,quan-tri-dich-vu-du-lich-va-lu-hanh,C00,Điểm học bạ,2023,30.0,Quản trị dịch vụ du lịch và lữ hành
90803,HIU,quan-tri-dich-vu-du-lich-va-lu-hanh,D01,Điểm học bạ,2023,30.0,Quản trị dịch vụ du lịch và lữ hành
90804,HIU,quan-tri-dich-vu-du-lich-va-lu-hanh,A00,Điểm thi THPT,2023,15.0,Quản trị dịch vụ du lịch và lữ hành
90805,HIU,quan-tri-dich-vu-du-lich-va-lu-hanh,A01,Điểm thi THPT,2023,15.0,Quản trị dịch vụ du lịch và lữ hành
90806,HIU,quan-tri-dich-vu-du-lich-va-lu-hanh,C00,Điểm thi THPT,2023,15.0,Quản trị dịch vụ du lịch và lữ hành
90807,HIU,quan-tri-dich-vu-du-lich-va-lu-hanh,D01,Điểm thi THPT,2023,15.0,Quản trị dịch vụ du lịch và lữ hành
90808,HIU,quan-tri-dich-vu-du-lich-va-lu-hanh,A00,Điểm học bạ,2024,18.0,Quản Trị Dịch Vụ Du Lịch và Lữ Hành
90809,HIU,quan-tri-dich-vu-du-lich-va-lu-hanh,A01,Điểm học bạ,2024,18.0,Quản Trị Dịch Vụ Du Lịch và Lữ Hành
90810,HIU,quan-tri-dich-vu-du-lich-va-lu-hanh,C00,Điểm học bạ,2024,18.0,Quản Trị Dịch Vụ Du Lịch và Lữ Hành
90811,HIU,quan-tri-dich-vu-du-lich-va-lu-hanh,D01,Điểm học bạ,2024,18.0,Quản Trị Dịch Vụ Du Lịch và Lữ Hành
90812,HIU,quan-tri-dich-vu-du-lich-va-lu-hanh,A00,Điểm thi THPT,2024,15.0,Quản trị dịch vụ du lịch và lữ hành
90813,HIU,quan-tri-dich-vu-du-lich-va-lu-hanh,A01,Điểm thi THPT,2024,15.0,Quản trị dịch vụ du lịch và lữ hành
90814,HIU,quan-tri-dich-vu-du-lich-va-lu-hanh,C00,Điểm thi THPT,2024,15.0,Quản trị dịch vụ du lịch và lữ hành
90815,HIU,quan-tri-dich-vu-du-lich-va-lu-hanh,D01,Điểm thi THPT,2024,15.0,Quản trị dịch vụ du lịch và lữ hành
90816,HIU,quan-tri-dich-vu-du-lich-va-lu-hanh,C00,Điểm học bạ,2025,18.0,Quản trị dịch vụ du lịch và lữ hành
90817,HIU,quan-tri-dich-vu-du-lich-va-lu-hanh,C20,Điểm học bạ,2025,18.0,Quản trị dịch vụ du lịch và lữ hành
90818,HIU,quan-tri-dich-vu-du-lich-va-lu-hanh,D01,Điểm học bạ,2025,18.0,Quản trị dịch vụ du lịch và lữ hành
90819,HIU,quan-tri-dich-vu-du-lich-va-lu-hanh,D14,Điểm học bạ,2025,18.0,Quản trị dịch vụ du lịch và lữ hành
90820,HIU,quan-tri-dich-vu-du-lich-va-lu-hanh,D15,Điểm học bạ,2025,18.0,Quản trị dịch vụ du lịch và lữ hành
90821,HIU,quan-tri-dich-vu-du-lich-va-lu-hanh,X71,Điểm học bạ,2025,18.0,Quản trị dịch vụ du lịch và lữ hành
90822,HIU,quan-tri-dich-vu-du-lich-va-lu-hanh,C00,Điểm thi THPT,2025,15.0,Quản trị dịch vụ du lịch và lữ hành
90823,HIU,quan-tri-dich-vu-du-lich-va-lu-hanh,C20,Điểm thi THPT,2025,15.0,Quản trị dịch vụ du lịch và lữ hành
90824,HIU,quan-tri-dich-vu-du-lich-va-lu-hanh,D01,Điểm thi THPT,2025,15.0,Quản trị dịch vụ du lịch và lữ hành
90825,HIU,quan-tri-dich-vu-du-lich-va-lu-hanh,D14,Điểm thi THPT,2025,15.0,Quản trị dịch vụ du lịch và lữ hành
90826,HIU,quan-tri-dich-vu-du-lich-va-lu-hanh,D15,Điểm thi THPT,2025,15.0,Quản trị dịch vụ du lịch và lữ hành
90827,HIU,quan-tri-dich-vu-du-lich-va-lu-hanh,X71,Điểm thi THPT,2025,15.0,Quản trị dịch vụ du lịch và lữ hành
90828,HIU,quan-tri-khach-san,A00,Điểm thi THPT,2021,15.0,Quản trị khách sạn
90829,HIU,quan-tri-khach-san,A01,Điểm thi THPT,2021,15.0,Quản trị khách sạn
90830,HIU,quan-tri-khach-san,C00,Điểm thi THPT,2021,15.0,Quản trị khách sạn
90831,HIU,quan-tri-khach-san,D01,Điểm thi THPT,2021,15.0,Quản trị khách sạn
90832,HIU,quan-tri-khach-san,A00,Điểm thi THPT,2022,15.0,Quản trị khách sạn
90833,HIU,quan-tri-khach-san,A01,Điểm thi THPT,2022,15.0,Quản trị khách sạn
90834,HIU,quan-tri-khach-san,C00,Điểm thi THPT,2022,15.0,Quản trị khách sạn
90835,HIU,quan-tri-khach-san,D01,Điểm thi THPT,2022,15.0,Quản trị khách sạn
90836,HIU,quan-tri-khach-san,A00,Điểm học bạ,2023,18.0,Quản trị khách sạn
90837,HIU,quan-tri-khach-san,A01,Điểm học bạ,2023,18.0,Quản trị khách sạn
90838,HIU,quan-tri-khach-san,C00,Điểm học bạ,2023,18.0,Quản trị khách sạn
90839,HIU,quan-tri-khach-san,D01,Điểm học bạ,2023,18.0,Quản trị khách sạn
90840,HIU,quan-tri-khach-san,A00,Điểm thi THPT,2023,15.0,Quản trị khách sạn
90841,HIU,quan-tri-khach-san,A01,Điểm thi THPT,2023,15.0,Quản trị khách sạn
90842,HIU,quan-tri-khach-san,C00,Điểm thi THPT,2023,15.0,Quản trị khách sạn
90843,HIU,quan-tri-khach-san,D01,Điểm thi THPT,2023,15.0,Quản trị khách sạn
90844,HIU,quan-tri-khach-san,A00,Điểm học bạ,2024,18.0,Quản Trị Khách Sạn
90845,HIU,quan-tri-khach-san,A01,Điểm học bạ,2024,18.0,Quản Trị Khách Sạn
90846,HIU,quan-tri-khach-san,C00,Điểm học bạ,2024,18.0,Quản Trị Khách Sạn
90847,HIU,quan-tri-khach-san,D01,Điểm học bạ,2024,18.0,Quản Trị Khách Sạn
90848,HIU,quan-tri-khach-san,A00,Điểm thi THPT,2024,15.0,Quản trị khách sạn
90849,HIU,quan-tri-khach-san,A01,Điểm thi THPT,2024,15.0,Quản trị khách sạn
90850,HIU,quan-tri-khach-san,C00,Điểm thi THPT,2024,15.0,Quản trị khách sạn
90851,HIU,quan-tri-khach-san,D01,Điểm thi THPT,2024,15.0,Quản trị khách sạn
90852,HIU,quan-tri-khach-san,C00,Điểm học bạ,2025,18.0,Quản trị khách sạn
90853,HIU,quan-tri-khach-san,C20,Điểm học bạ,2025,18.0,Quản trị khách sạn
90854,HIU,quan-tri-khach-san,D01,Điểm học bạ,2025,18.0,Quản trị khách sạn
90855,HIU,quan-tri-khach-san,D14,Điểm học bạ,2025,18.0,Quản trị khách sạn
90856,HIU,quan-tri-khach-san,D15,Điểm học bạ,2025,18.0,Quản trị khách sạn
90857,HIU,quan-tri-khach-san,X71,Điểm học bạ,2025,18.0,Quản trị khách sạn
90858,HIU,quan-tri-khach-san,C00,Điểm thi THPT,2025,15.0,Quản trị khách sạn
90859,HIU,quan-tri-khach-san,C20,Điểm thi THPT,2025,15.0,Quản trị khách sạn
90860,HIU,quan-tri-khach-san,D01,Điểm thi THPT,2025,15.0,Quản trị khách sạn
90861,HIU,quan-tri-khach-san,D14,Điểm thi THPT,2025,15.0,Quản trị khách sạn
90862,HIU,quan-tri-khach-san,D15,Điểm thi THPT,2025,15.0,Quản trị khách sạn
90863,HIU,quan-tri-khach-san,X71,Điểm thi THPT,2025,15.0,Quản trị khách sạn
90864,HIU,quan-tri-kinh-doanh,A00,Điểm thi THPT,2021,15.0,Quản trị kinh doanh
90865,HIU,quan-tri-kinh-doanh,A01,Điểm thi THPT,2021,15.0,Quản trị kinh doanh
90866,HIU,quan-tri-kinh-doanh,C00,Điểm thi THPT,2021,15.0,Quản trị kinh doanh
90867,HIU,quan-tri-kinh-doanh,D01,Điểm thi THPT,2021,15.0,Quản trị kinh doanh
90868,HIU,quan-tri-kinh-doanh,A00,Điểm thi THPT,2022,15.0,Quản trị kinh doanh
90869,HIU,quan-tri-kinh-doanh,A01,Điểm thi THPT,2022,15.0,Quản trị kinh doanh
90870,HIU,quan-tri-kinh-doanh,C00,Điểm thi THPT,2022,15.0,Quản trị kinh doanh
90871,HIU,quan-tri-kinh-doanh,D01,Điểm thi THPT,2022,15.0,Quản trị kinh doanh
90872,HIU,quan-tri-kinh-doanh,A00,Điểm học bạ,2023,30.0,Quản trị kinh doanh
90873,HIU,quan-tri-kinh-doanh,A01,Điểm học bạ,2023,30.0,Quản trị kinh doanh
90874,HIU,quan-tri-kinh-doanh,C00,Điểm học bạ,2023,30.0,Quản trị kinh doanh
90875,HIU,quan-tri-kinh-doanh,D01,Điểm học bạ,2023,30.0,Quản trị kinh doanh
90876,HIU,quan-tri-kinh-doanh,A00,Điểm thi THPT,2023,16.0,Quản trị kinh doanh
90877,HIU,quan-tri-kinh-doanh,A01,Điểm thi THPT,2023,16.0,Quản trị kinh doanh
90878,HIU,quan-tri-kinh-doanh,C00,Điểm thi THPT,2023,16.0,Quản trị kinh doanh
90879,HIU,quan-tri-kinh-doanh,D01,Điểm thi THPT,2023,16.0,Quản trị kinh doanh
90880,HIU,quan-tri-kinh-doanh,A00,Điểm học bạ,2024,18.0,Quản Trị Kinh Doanh
90881,HIU,quan-tri-kinh-doanh,A01,Điểm học bạ,2024,18.0,Quản Trị Kinh Doanh
90882,HIU,quan-tri-kinh-doanh,C00,Điểm học bạ,2024,18.0,Quản Trị Kinh Doanh
90883,HIU,quan-tri-kinh-doanh,D01,Điểm học bạ,2024,18.0,Quản Trị Kinh Doanh
90884,HIU,quan-tri-kinh-doanh,A00,Điểm thi THPT,2024,15.0,Quản trị kinh doanh
90885,HIU,quan-tri-kinh-doanh,A01,Điểm thi THPT,2024,15.0,Quản trị kinh doanh
90886,HIU,quan-tri-kinh-doanh,C00,Điểm thi THPT,2024,15.0,Quản trị kinh doanh
90887,HIU,quan-tri-kinh-doanh,D01,Điểm thi THPT,2024,15.0,Quản trị kinh doanh
90888,HIU,quan-tri-kinh-doanh,A00,Điểm học bạ,2025,18.0,Quản trị kinh doanh
90889,HIU,quan-tri-kinh-doanh,A01,Điểm học bạ,2025,18.0,Quản trị kinh doanh
90890,HIU,quan-tri-kinh-doanh,C00,Điểm học bạ,2025,18.0,Quản trị kinh doanh
90891,HIU,quan-tri-kinh-doanh,C03,Điểm học bạ,2025,18.0,Quản trị kinh doanh
90892,HIU,quan-tri-kinh-doanh,C04,Điểm học bạ,2025,18.0,Quản trị kinh doanh
90893,HIU,quan-tri-kinh-doanh,D01,Điểm học bạ,2025,18.0,Quản trị kinh doanh
90894,HIU,quan-tri-kinh-doanh,X26,Điểm học bạ,2025,18.0,Quản trị kinh doanh
90895,HIU,quan-tri-kinh-doanh,A00,Điểm thi THPT,2025,15.0,Quản trị kinh doanh
90896,HIU,quan-tri-kinh-doanh,A01,Điểm thi THPT,2025,15.0,Quản trị kinh doanh
90897,HIU,quan-tri-kinh-doanh,C00,Điểm thi THPT,2025,15.0,Quản trị kinh doanh
90898,HIU,quan-tri-kinh-doanh,C03,Điểm thi THPT,2025,15.0,Quản trị kinh doanh
90899,HIU,quan-tri-kinh-doanh,C04,Điểm thi THPT,2025,15.0,Quản trị kinh doanh
90900,HIU,quan-tri-kinh-doanh,D01,Điểm thi THPT,2025,15.0,Quản trị kinh doanh
90901,HIU,quan-tri-kinh-doanh,X26,Điểm thi THPT,2025,15.0,Quản trị kinh doanh
90902,HIU,quan-tri-su-kien,A00,Điểm thi THPT,2021,15.0,Quản trị sự kiện
90903,HIU,quan-tri-su-kien,A01,Điểm thi THPT,2021,15.0,Quản trị sự kiện
90904,HIU,quan-tri-su-kien,C00,Điểm thi THPT,2021,15.0,Quản trị sự kiện
90905,HIU,quan-tri-su-kien,D01,Điểm thi THPT,2021,15.0,Quản trị sự kiện
90906,HIU,quan-tri-su-kien,A00,Điểm thi THPT,2022,15.0,Quản trị sự kiện
90907,HIU,quan-tri-su-kien,A01,Điểm thi THPT,2022,15.0,Quản trị sự kiện
90908,HIU,quan-tri-su-kien,C00,Điểm thi THPT,2022,15.0,Quản trị sự kiện
90909,HIU,quan-tri-su-kien,D01,Điểm thi THPT,2022,15.0,Quản trị sự kiện
90910,HIU,quan-tri-su-kien,A00,Điểm học bạ,2023,18.0,Quản trị sự kiện
90911,HIU,quan-tri-su-kien,A01,Điểm học bạ,2023,18.0,Quản trị sự kiện
90912,HIU,quan-tri-su-kien,C00,Điểm học bạ,2023,18.0,Quản trị sự kiện
90913,HIU,quan-tri-su-kien,D01,Điểm học bạ,2023,18.0,Quản trị sự kiện
90914,HIU,quan-tri-su-kien,A00,Điểm thi THPT,2023,15.0,Quản trị sự kiện
90915,HIU,quan-tri-su-kien,A01,Điểm thi THPT,2023,15.0,Quản trị sự kiện
90916,HIU,quan-tri-su-kien,C00,Điểm thi THPT,2023,15.0,Quản trị sự kiện
90917,HIU,quan-tri-su-kien,D01,Điểm thi THPT,2023,15.0,Quản trị sự kiện
90918,HIU,quan-tri-su-kien,A00,Điểm học bạ,2024,18.0,Quản Trị Sự Kiện
90919,HIU,quan-tri-su-kien,A01,Điểm học bạ,2024,18.0,Quản Trị Sự Kiện
90920,HIU,quan-tri-su-kien,C00,Điểm học bạ,2024,18.0,Quản Trị Sự Kiện
90921,HIU,quan-tri-su-kien,D01,Điểm học bạ,2024,18.0,Quản Trị Sự Kiện
90922,HIU,quan-tri-su-kien,A00,Điểm thi THPT,2024,17.0,Quản trị sự kiện
90923,HIU,quan-tri-su-kien,A01,Điểm thi THPT,2024,17.0,Quản trị sự kiện
90924,HIU,quan-tri-su-kien,C00,Điểm thi THPT,2024,17.0,Quản trị sự kiện
90925,HIU,quan-tri-su-kien,D01,Điểm thi THPT,2024,17.0,Quản trị sự kiện
90926,HIU,quan-tri-su-kien,A00,Điểm học bạ,2025,18.0,Quản trị sự kiện
90927,HIU,quan-tri-su-kien,A01,Điểm học bạ,2025,18.0,Quản trị sự kiện
90928,HIU,quan-tri-su-kien,C00,Điểm học bạ,2025,18.0,Quản trị sự kiện
90929,HIU,quan-tri-su-kien,C03,Điểm học bạ,2025,18.0,Quản trị sự kiện
90930,HIU,quan-tri-su-kien,C04,Điểm học bạ,2025,18.0,Quản trị sự kiện
90931,HIU,quan-tri-su-kien,D01,Điểm học bạ,2025,18.0,Quản trị sự kiện
90932,HIU,quan-tri-su-kien,X26,Điểm học bạ,2025,18.0,Quản trị sự kiện
90933,HIU,quan-tri-su-kien,A00,Điểm thi THPT,2025,15.0,Quản trị sự kiện
90934,HIU,quan-tri-su-kien,A01,Điểm thi THPT,2025,15.0,Quản trị sự kiện
90935,HIU,quan-tri-su-kien,C00,Điểm thi THPT,2025,15.0,Quản trị sự kiện
90936,HIU,quan-tri-su-kien,C03,Điểm thi THPT,2025,15.0,Quản trị sự kiện
90937,HIU,quan-tri-su-kien,C04,Điểm thi THPT,2025,15.0,Quản trị sự kiện
90938,HIU,quan-tri-su-kien,D01,Điểm thi THPT,2025,15.0,Quản trị sự kiện
90939,HIU,quan-tri-su-kien,X26,Điểm thi THPT,2025,15.0,Quản trị sự kiện
90940,HIU,rang-ham-mat,A00,Điểm thi THPT,2021,22.0,Răng hàm mặt
90941,HIU,rang-ham-mat,B00,Điểm thi THPT,2021,22.0,Răng hàm mặt
90942,HIU,rang-ham-mat,D07,Điểm thi THPT,2021,22.0,Răng hàm mặt
90943,HIU,rang-ham-mat,D90,Điểm thi THPT,2021,22.0,Răng hàm mặt
90944,HIU,rang-ham-mat,A00,Điểm thi THPT,2022,22.0,Răng hàm mặt
90945,HIU,rang-ham-mat,B00,Điểm thi THPT,2022,22.0,Răng hàm mặt
90946,HIU,rang-ham-mat,C02,Điểm thi THPT,2022,22.0,Răng hàm mặt
90947,HIU,rang-ham-mat,D90,Điểm thi THPT,2022,22.0,Răng hàm mặt
90948,HIU,rang-ham-mat,A00,Điểm học bạ,2023,24.0,Răng hàm mặt
90949,HIU,rang-ham-mat,B00,Điểm học bạ,2023,24.0,Răng hàm mặt
90950,HIU,rang-ham-mat,D07,Điểm học bạ,2023,24.0,Răng hàm mặt
90951,HIU,rang-ham-mat,D90,Điểm học bạ,2023,24.0,Răng hàm mặt
90952,HIU,rang-ham-mat,A00,Điểm thi THPT,2023,22.5,Răng hàm mặt
90953,HIU,rang-ham-mat,B00,Điểm thi THPT,2023,22.5,Răng hàm mặt
90954,HIU,rang-ham-mat,D07,Điểm thi THPT,2023,22.5,Răng hàm mặt
90955,HIU,rang-ham-mat,D90,Điểm thi THPT,2023,22.5,Răng hàm mặt
90956,HIU,rang-ham-mat,A00,Điểm học bạ,2024,24.0,Răng Hàm Mặt
90957,HIU,rang-ham-mat,B00,Điểm học bạ,2024,24.0,Răng Hàm Mặt
90958,HIU,rang-ham-mat,D07,Điểm học bạ,2024,24.0,Răng Hàm Mặt
90959,HIU,rang-ham-mat,D08,Điểm học bạ,2024,24.0,Răng Hàm Mặt
90960,HIU,rang-ham-mat,A00,Điểm thi THPT,2024,22.5,Răng hàm mặt
90961,HIU,rang-ham-mat,B00,Điểm thi THPT,2024,22.5,Răng hàm mặt
90962,HIU,rang-ham-mat,D07,Điểm thi THPT,2024,22.5,Răng hàm mặt
90963,HIU,rang-ham-mat,D08,Điểm thi THPT,2024,22.5,Răng hàm mặt
90964,HIU,rang-ham-mat,A00,Điểm học bạ,2025,22.25,Răng - Hàm - Mặt
90965,HIU,rang-ham-mat,A02,Điểm học bạ,2025,22.25,Răng - Hàm - Mặt
90966,HIU,rang-ham-mat,B00,Điểm học bạ,2025,22.25,Răng - Hàm - Mặt
90967,HIU,rang-ham-mat,D07,Điểm học bạ,2025,22.25,Răng - Hàm - Mặt
90968,HIU,rang-ham-mat,D08,Điểm học bạ,2025,22.25,Răng - Hàm - Mặt
90969,HIU,rang-ham-mat,X14,Điểm học bạ,2025,22.25,Răng - Hàm - Mặt
90970,HIU,rang-ham-mat,A00,Điểm thi THPT,2025,20.5,Răng - Hàm - Mặt
90971,HIU,rang-ham-mat,A02,Điểm thi THPT,2025,20.5,Răng - Hàm - Mặt
90972,HIU,rang-ham-mat,B00,Điểm thi THPT,2025,20.5,Răng - Hàm - Mặt
90973,HIU,rang-ham-mat,D07,Điểm thi THPT,2025,20.5,Răng - Hàm - Mặt
90974,HIU,rang-ham-mat,D08,Điểm thi THPT,2025,20.5,Răng - Hàm - Mặt
90975,HIU,rang-ham-mat,X14,Điểm thi THPT,2025,20.5,Răng - Hàm - Mặt
90976,HIU,rang-ham-mat-ct-tieng-anh,A00,Điểm thi THPT,2022,22.0,Răng hàm mặt_CT tiếng Anh
90977,HIU,rang-ham-mat-ct-tieng-anh,B00,Điểm thi THPT,2022,22.0,Răng hàm mặt_CT tiếng Anh
90978,HIU,rang-ham-mat-ct-tieng-anh,C02,Điểm thi THPT,2022,22.0,Răng hàm mặt_CT tiếng Anh
90979,HIU,rang-ham-mat-ct-tieng-anh,D90,Điểm thi THPT,2022,22.0,Răng hàm mặt_CT tiếng Anh
90980,HIU,tai-chinh-ngan-hang,A00,Điểm thi THPT,2021,15.0,Tài chính - ngân hàng
90981,HIU,tai-chinh-ngan-hang,A01,Điểm thi THPT,2021,15.0,Tài chính - ngân hàng
90982,HIU,tai-chinh-ngan-hang,D01,Điểm thi THPT,2021,15.0,Tài chính - ngân hàng
90983,HIU,tai-chinh-ngan-hang,D90,Điểm thi THPT,2021,15.0,Tài chính - ngân hàng
90984,HIU,tai-chinh-ngan-hang,A00,Điểm thi THPT,2022,15.0,Tài chính - ngân hàng
90985,HIU,tai-chinh-ngan-hang,A01,Điểm thi THPT,2022,15.0,Tài chính - ngân hàng
90986,HIU,tai-chinh-ngan-hang,D01,Điểm thi THPT,2022,15.0,Tài chính - ngân hàng
90987,HIU,tai-chinh-ngan-hang,D90,Điểm thi THPT,2022,15.0,Tài chính - ngân hàng
90988,HIU,tai-chinh-ngan-hang,A00,Điểm học bạ,2023,18.0,Tài chính - ngân hàng
90989,HIU,tai-chinh-ngan-hang,A01,Điểm học bạ,2023,18.0,Tài chính - ngân hàng
90990,HIU,tai-chinh-ngan-hang,D01,Điểm học bạ,2023,18.0,Tài chính - ngân hàng
90991,HIU,tai-chinh-ngan-hang,D90,Điểm học bạ,2023,18.0,Tài chính - ngân hàng
90992,HIU,tai-chinh-ngan-hang,A00,Điểm thi THPT,2023,16.0,Tài chính - Ngân hàng
90993,HIU,tai-chinh-ngan-hang,A01,Điểm thi THPT,2023,16.0,Tài chính - Ngân hàng
90994,HIU,tai-chinh-ngan-hang,D01,Điểm thi THPT,2023,16.0,Tài chính - Ngân hàng
90995,HIU,tai-chinh-ngan-hang,D90,Điểm thi THPT,2023,16.0,Tài chính - Ngân hàng
90996,HIU,tai-chinh-ngan-hang,A00,Điểm học bạ,2024,18.0,Tài Chính - Ngân Hàng
90997,HIU,tai-chinh-ngan-hang,A01,Điểm học bạ,2024,18.0,Tài Chính - Ngân Hàng
90998,HIU,tai-chinh-ngan-hang,C01,Điểm học bạ,2024,18.0,Tài Chính - Ngân Hàng
90999,HIU,tai-chinh-ngan-hang,D01,Điểm học bạ,2024,18.0,Tài Chính - Ngân Hàng
91000,HIU,tai-chinh-ngan-hang,A00,Điểm thi THPT,2024,15.0,Tài chính - Ngân hàng
91001,HIU,tai-chinh-ngan-hang,A01,Điểm thi THPT,2024,15.0,Tài chính - Ngân hàng
91002,HIU,tai-chinh-ngan-hang,C01,Điểm thi THPT,2024,15.0,Tài chính - Ngân hàng
91003,HIU,tai-chinh-ngan-hang,D01,Điểm thi THPT,2024,15.0,Tài chính - Ngân hàng
91004,HIU,tai-chinh-ngan-hang,A00,Điểm học bạ,2025,18.0,Tài chính - Ngân hàng
91005,HIU,tai-chinh-ngan-hang,A01,Điểm học bạ,2025,18.0,Tài chính - Ngân hàng
91006,HIU,tai-chinh-ngan-hang,C00,Điểm học bạ,2025,18.0,Tài chính - Ngân hàng
91007,HIU,tai-chinh-ngan-hang,C03,Điểm học bạ,2025,18.0,Tài chính - Ngân hàng
91008,HIU,tai-chinh-ngan-hang,C04,Điểm học bạ,2025,18.0,Tài chính - Ngân hàng
91009,HIU,tai-chinh-ngan-hang,D01,Điểm học bạ,2025,18.0,Tài chính - Ngân hàng
91010,HIU,tai-chinh-ngan-hang,X26,Điểm học bạ,2025,18.0,Tài chính - Ngân hàng
91011,HIU,tai-chinh-ngan-hang,A00,Điểm thi THPT,2025,15.0,Tài chính - Ngân hàng
91012,HIU,tai-chinh-ngan-hang,A01,Điểm thi THPT,2025,15.0,Tài chính - Ngân hàng
91013,HIU,tai-chinh-ngan-hang,C00,Điểm thi THPT,2025,15.0,Tài chính - Ngân hàng
91014,HIU,tai-chinh-ngan-hang,C03,Điểm thi THPT,2025,15.0,Tài chính - Ngân hàng
91015,HIU,tai-chinh-ngan-hang,C04,Điểm thi THPT,2025,15.0,Tài chính - Ngân hàng
91016,HIU,tai-chinh-ngan-hang,D01,Điểm thi THPT,2025,15.0,Tài chính - Ngân hàng
91017,HIU,tai-chinh-ngan-hang,X26,Điểm thi THPT,2025,15.0,Tài chính - Ngân hàng
91018,HIU,tam-ly-hoc,B00,Điểm thi THPT,2021,15.0,Tâm lý học
91019,HIU,tam-ly-hoc,B03,Điểm thi THPT,2021,15.0,Tâm lý học
91020,HIU,tam-ly-hoc,C00,Điểm thi THPT,2021,15.0,Tâm lý học
91021,HIU,tam-ly-hoc,D01,Điểm thi THPT,2021,15.0,Tâm lý học
91022,HIU,tam-ly-hoc,B00,Điểm thi THPT,2022,15.0,Tâm lý học
91023,HIU,tam-ly-hoc,B03,Điểm thi THPT,2022,15.0,Tâm lý học
91024,HIU,tam-ly-hoc,C00,Điểm thi THPT,2022,15.0,Tâm lý học
91025,HIU,tam-ly-hoc,D01,Điểm thi THPT,2022,15.0,Tâm lý học
91026,HIU,tam-ly-hoc,B00,Điểm học bạ,2023,30.0,Tâm lý học
91027,HIU,tam-ly-hoc,B03,Điểm học bạ,2023,30.0,Tâm lý học
91028,HIU,tam-ly-hoc,C00,Điểm học bạ,2023,30.0,Tâm lý học
91029,HIU,tam-ly-hoc,D01,Điểm học bạ,2023,30.0,Tâm lý học
91030,HIU,tam-ly-hoc,B00,Điểm thi THPT,2023,15.0,Tâm lý học
91031,HIU,tam-ly-hoc,B03,Điểm thi THPT,2023,15.0,Tâm lý học
91032,HIU,tam-ly-hoc,C00,Điểm thi THPT,2023,15.0,Tâm lý học
91033,HIU,tam-ly-hoc,D01,Điểm thi THPT,2023,15.0,Tâm lý học
91034,HIU,tam-ly-hoc,A00,Điểm học bạ,2024,18.0,Tâm Lý Học
91035,HIU,tam-ly-hoc,A01,Điểm học bạ,2024,18.0,Tâm Lý Học
91036,HIU,tam-ly-hoc,C00,Điểm học bạ,2024,18.0,Tâm Lý Học
91037,HIU,tam-ly-hoc,D01,Điểm học bạ,2024,18.0,Tâm Lý Học
91038,HIU,tam-ly-hoc,A00,Điểm thi THPT,2024,15.0,Tâm lý học
91039,HIU,tam-ly-hoc,B00,Điểm thi THPT,2024,15.0,Tâm lý học
91040,HIU,tam-ly-hoc,C00,Điểm thi THPT,2024,15.0,Tâm lý học
91041,HIU,tam-ly-hoc,D01,Điểm thi THPT,2024,15.0,Tâm lý học
91042,HIU,tam-ly-hoc,C00,Điểm học bạ,2025,18.0,Tâm lý học
91043,HIU,tam-ly-hoc,C20,Điểm học bạ,2025,18.0,Tâm lý học
91044,HIU,tam-ly-hoc,D01,Điểm học bạ,2025,18.0,Tâm lý học
91045,HIU,tam-ly-hoc,D14,Điểm học bạ,2025,18.0,Tâm lý học
91046,HIU,tam-ly-hoc,D15,Điểm học bạ,2025,18.0,Tâm lý học
91047,HIU,tam-ly-hoc,X71,Điểm học bạ,2025,18.0,Tâm lý học
91048,HIU,tam-ly-hoc,C00,Điểm thi THPT,2025,15.0,Tâm lý học
91049,HIU,tam-ly-hoc,C20,Điểm thi THPT,2025,15.0,Tâm lý học
91050,HIU,tam-ly-hoc,D01,Điểm thi THPT,2025,15.0,Tâm lý học
91051,HIU,tam-ly-hoc,D14,Điểm thi THPT,2025,15.0,Tâm lý học
91052,HIU,tam-ly-hoc,D15,Điểm thi THPT,2025,15.0,Tâm lý học
91053,HIU,tam-ly-hoc,X71,Điểm thi THPT,2025,15.0,Tâm lý học
91054,HIU,thiet-ke-do-hoa,H00,Điểm thi THPT,2021,15.0,Thiết kế đồ họa
91055,HIU,thiet-ke-do-hoa,H01,Điểm thi THPT,2021,15.0,Thiết kế đồ họa
91056,HIU,thiet-ke-do-hoa,V00,Điểm thi THPT,2021,15.0,Thiết kế đồ họa
91057,HIU,thiet-ke-do-hoa,V01,Điểm thi THPT,2021,15.0,Thiết kế đồ họa
91058,HIU,thiet-ke-do-hoa,H00,Điểm thi THPT,2022,15.0,Thiết kế đồ họa
91059,HIU,thiet-ke-do-hoa,H01,Điểm thi THPT,2022,15.0,Thiết kế đồ họa
91060,HIU,thiet-ke-do-hoa,V00,Điểm thi THPT,2022,15.0,Thiết kế đồ họa
91061,HIU,thiet-ke-do-hoa,V01,Điểm thi THPT,2022,15.0,Thiết kế đồ họa
91062,HIU,thiet-ke-do-hoa,A00,Điểm học bạ,2023,18.0,Thiết kế đồ họa
91063,HIU,thiet-ke-do-hoa,A01,Điểm học bạ,2023,18.0,Thiết kế đồ họa
91064,HIU,thiet-ke-do-hoa,H00,Điểm học bạ,2023,18.0,Thiết kế đồ họa
91065,HIU,thiet-ke-do-hoa,H01,Điểm học bạ,2023,18.0,Thiết kế đồ họa
91066,HIU,thiet-ke-do-hoa,A00,Điểm thi THPT,2023,15.0,Thiết kế đồ họa
91067,HIU,thiet-ke-do-hoa,A01,Điểm thi THPT,2023,15.0,Thiết kế đồ họa
91068,HIU,thiet-ke-do-hoa,H00,Điểm thi THPT,2023,15.0,Thiết kế đồ họa
91069,HIU,thiet-ke-do-hoa,H01,Điểm thi THPT,2023,15.0,Thiết kế đồ họa
91070,HIU,thiet-ke-do-hoa,A00,Điểm học bạ,2024,18.0,Thiết Kế Đồ Họa
91071,HIU,thiet-ke-do-hoa,A01,Điểm học bạ,2024,18.0,Thiết Kế Đồ Họa
91072,HIU,thiet-ke-do-hoa,H00,Điểm học bạ,2024,18.0,Thiết Kế Đồ Họa
91073,HIU,thiet-ke-do-hoa,H01,Điểm học bạ,2024,18.0,Thiết Kế Đồ Họa
91074,HIU,thiet-ke-do-hoa,A00,Điểm thi THPT,2024,15.0,Thiết kế đồ họa
91075,HIU,thiet-ke-do-hoa,A01,Điểm thi THPT,2024,15.0,Thiết kế đồ họa
91076,HIU,thiet-ke-do-hoa,H00,Điểm thi THPT,2024,15.0,Thiết kế đồ họa
91077,HIU,thiet-ke-do-hoa,H01,Điểm thi THPT,2024,15.0,Thiết kế đồ họa
91078,HIU,thiet-ke-do-hoa,A00,Điểm học bạ,2025,18.0,Thiết kế đồ họa
91079,HIU,thiet-ke-do-hoa,A01,Điểm học bạ,2025,18.0,Thiết kế đồ họa
91080,HIU,thiet-ke-do-hoa,H01,Điểm học bạ,2025,18.0,Thiết kế đồ họa
91081,HIU,thiet-ke-do-hoa,X06,Điểm học bạ,2025,18.0,Thiết kế đồ họa
91082,HIU,thiet-ke-do-hoa,X26,Điểm học bạ,2025,18.0,Thiết kế đồ họa
91083,HIU,thiet-ke-do-hoa,A00,Điểm thi THPT,2025,15.0,Thiết kế đồ họa
91084,HIU,thiet-ke-do-hoa,A01,Điểm thi THPT,2025,15.0,Thiết kế đồ họa
91085,HIU,thiet-ke-do-hoa,H01,Điểm thi THPT,2025,15.0,Thiết kế đồ họa
91086,HIU,thiet-ke-do-hoa,X06,Điểm thi THPT,2025,15.0,Thiết kế đồ họa
91087,HIU,thiet-ke-do-hoa,X26,Điểm thi THPT,2025,15.0,Thiết kế đồ họa
91088,HIU,thiet-ke-thoi-trang,H00,Điểm thi THPT,2021,15.0,Thiết kế thời trang
91089,HIU,thiet-ke-thoi-trang,H01,Điểm thi THPT,2021,15.0,Thiết kế thời trang
91090,HIU,thiet-ke-thoi-trang,V00,Điểm thi THPT,2021,15.0,Thiết kế thời trang
91091,HIU,thiet-ke-thoi-trang,V01,Điểm thi THPT,2021,15.0,Thiết kế thời trang
91092,HIU,thuong-mai-dien-tu,A00,Điểm thi THPT,2022,15.0,Thương mại điện tử
91093,HIU,thuong-mai-dien-tu,A01,Điểm thi THPT,2022,15.0,Thương mại điện tử
91094,HIU,thuong-mai-dien-tu,C00,Điểm thi THPT,2022,15.0,Thương mại điện tử
91095,HIU,thuong-mai-dien-tu,D01,Điểm thi THPT,2022,15.0,Thương mại điện tử
91096,HIU,thuong-mai-dien-tu,A00,Điểm học bạ,2023,30.0,Thương mại điện tử
91097,HIU,thuong-mai-dien-tu,A01,Điểm học bạ,2023,30.0,Thương mại điện tử
91098,HIU,thuong-mai-dien-tu,C00,Điểm học bạ,2023,30.0,Thương mại điện tử
91099,HIU,thuong-mai-dien-tu,D01,Điểm học bạ,2023,30.0,Thương mại điện tử
91100,HIU,thuong-mai-dien-tu,A00,Điểm thi THPT,2023,15.0,Thương mại điện tử
91101,HIU,thuong-mai-dien-tu,A01,Điểm thi THPT,2023,15.0,Thương mại điện tử
91102,HIU,thuong-mai-dien-tu,C00,Điểm thi THPT,2023,15.0,Thương mại điện tử
91103,HIU,thuong-mai-dien-tu,D01,Điểm thi THPT,2023,15.0,Thương mại điện tử
91104,HIU,thuong-mai-dien-tu,A00,Điểm học bạ,2024,18.0,Thương Mại Điện Tử
91105,HIU,thuong-mai-dien-tu,A01,Điểm học bạ,2024,18.0,Thương Mại Điện Tử
91106,HIU,thuong-mai-dien-tu,C00,Điểm học bạ,2024,18.0,Thương Mại Điện Tử
91107,HIU,thuong-mai-dien-tu,D01,Điểm học bạ,2024,18.0,Thương Mại Điện Tử
91108,HIU,thuong-mai-dien-tu,A00,Điểm thi THPT,2024,15.0,Thương mại điện tử
91109,HIU,thuong-mai-dien-tu,A01,Điểm thi THPT,2024,15.0,Thương mại điện tử
91110,HIU,thuong-mai-dien-tu,C00,Điểm thi THPT,2024,15.0,Thương mại điện tử
91111,HIU,thuong-mai-dien-tu,D01,Điểm thi THPT,2024,15.0,Thương mại điện tử
91112,HIU,thuong-mai-dien-tu,A00,Điểm học bạ,2025,18.0,Thương mại điện tử
91113,HIU,thuong-mai-dien-tu,A01,Điểm học bạ,2025,18.0,Thương mại điện tử
91114,HIU,thuong-mai-dien-tu,C00,Điểm học bạ,2025,18.0,Thương mại điện tử
91115,HIU,thuong-mai-dien-tu,C03,Điểm học bạ,2025,18.0,Thương mại điện tử
91116,HIU,thuong-mai-dien-tu,C04,Điểm học bạ,2025,18.0,Thương mại điện tử
91117,HIU,thuong-mai-dien-tu,D01,Điểm học bạ,2025,18.0,Thương mại điện tử
91118,HIU,thuong-mai-dien-tu,X26,Điểm học bạ,2025,18.0,Thương mại điện tử
91119,HIU,thuong-mai-dien-tu,A00,Điểm thi THPT,2025,15.0,Thương mại điện tử
91120,HIU,thuong-mai-dien-tu,A01,Điểm thi THPT,2025,15.0,Thương mại điện tử
91121,HIU,thuong-mai-dien-tu,C00,Điểm thi THPT,2025,15.0,Thương mại điện tử
91122,HIU,thuong-mai-dien-tu,C03,Điểm thi THPT,2025,15.0,Thương mại điện tử
91123,HIU,thuong-mai-dien-tu,C04,Điểm thi THPT,2025,15.0,Thương mại điện tử
91124,HIU,thuong-mai-dien-tu,D01,Điểm thi THPT,2025,15.0,Thương mại điện tử
91125,HIU,thuong-mai-dien-tu,X26,Điểm thi THPT,2025,15.0,Thương mại điện tử
91126,HIU,trung-quoc-hoc,A01,Điểm thi THPT,2021,15.0,Trung Quốc học
91127,HIU,trung-quoc-hoc,C00,Điểm thi THPT,2021,15.0,Trung Quốc học
91128,HIU,trung-quoc-hoc,D01,Điểm thi THPT,2021,15.0,Trung Quốc học
91129,HIU,trung-quoc-hoc,D04,Điểm thi THPT,2021,15.0,Trung Quốc học
91130,HIU,truyen-thong-da-phuong-tien,A01,Điểm thi THPT,2021,15.0,Truyền thông đa phương tiện
91131,HIU,truyen-thong-da-phuong-tien,C00,Điểm thi THPT,2021,15.0,Truyền thông đa phương tiện
91132,HIU,truyen-thong-da-phuong-tien,D01,Điểm thi THPT,2021,15.0,Truyền thông đa phương tiện
91133,HIU,truyen-thong-da-phuong-tien,D78,Điểm thi THPT,2021,15.0,Truyền thông đa phương tiện
91134,HIU,truyen-thong-da-phuong-tien,A01,Điểm thi THPT,2022,15.0,Truyền thông đa phương tiện
91135,HIU,truyen-thong-da-phuong-tien,C00,Điểm thi THPT,2022,15.0,Truyền thông đa phương tiện
91136,HIU,truyen-thong-da-phuong-tien,D01,Điểm thi THPT,2022,15.0,Truyền thông đa phương tiện
91137,HIU,truyen-thong-da-phuong-tien,D78,Điểm thi THPT,2022,15.0,Truyền thông đa phương tiện
91138,HIU,truyen-thong-da-phuong-tien,A01,Điểm học bạ,2023,18.0,Truyền thông đa phương tiện
91139,HIU,truyen-thong-da-phuong-tien,C00,Điểm học bạ,2023,18.0,Truyền thông đa phương tiện
91140,HIU,truyen-thong-da-phuong-tien,D01,Điểm học bạ,2023,18.0,Truyền thông đa phương tiện
91141,HIU,truyen-thong-da-phuong-tien,D78,Điểm học bạ,2023,18.0,Truyền thông đa phương tiện
91142,HIU,truyen-thong-da-phuong-tien,A01,Điểm thi THPT,2023,16.0,Truyền thông đa phương tiện
91143,HIU,truyen-thong-da-phuong-tien,C00,Điểm thi THPT,2023,16.0,Truyền thông đa phương tiện
91144,HIU,truyen-thong-da-phuong-tien,D01,Điểm thi THPT,2023,16.0,Truyền thông đa phương tiện
91145,HIU,truyen-thong-da-phuong-tien,D78,Điểm thi THPT,2023,16.0,Truyền thông đa phương tiện
91146,HIU,truyen-thong-da-phuong-tien,A01,Điểm học bạ,2024,18.0,Truyền Thông Đa Phương Tiện
91147,HIU,truyen-thong-da-phuong-tien,C00,Điểm học bạ,2024,18.0,Truyền Thông Đa Phương Tiện
91148,HIU,truyen-thong-da-phuong-tien,D01,Điểm học bạ,2024,18.0,Truyền Thông Đa Phương Tiện
91149,HIU,truyen-thong-da-phuong-tien,D15,Điểm học bạ,2024,18.0,Truyền Thông Đa Phương Tiện
91150,HIU,truyen-thong-da-phuong-tien,A01,Điểm thi THPT,2024,16.25,Truyền thông đa phương tiện
91151,HIU,truyen-thong-da-phuong-tien,C00,Điểm thi THPT,2024,16.25,Truyền thông đa phương tiện
91152,HIU,truyen-thong-da-phuong-tien,D01,Điểm thi THPT,2024,16.25,Truyền thông đa phương tiện
91153,HIU,truyen-thong-da-phuong-tien,D15,Điểm thi THPT,2024,16.25,Truyền thông đa phương tiện
91154,HIU,truyen-thong-da-phuong-tien,C00,Điểm học bạ,2025,18.0,Truyền thông đa phương tiện
91155,HIU,truyen-thong-da-phuong-tien,C20,Điểm học bạ,2025,18.0,Truyền thông đa phương tiện
91156,HIU,truyen-thong-da-phuong-tien,D01,Điểm học bạ,2025,18.0,Truyền thông đa phương tiện
91157,HIU,truyen-thong-da-phuong-tien,D14,Điểm học bạ,2025,18.0,Truyền thông đa phương tiện
91158,HIU,truyen-thong-da-phuong-tien,D15,Điểm học bạ,2025,18.0,Truyền thông đa phương tiện
91159,HIU,truyen-thong-da-phuong-tien,X71,Điểm học bạ,2025,18.0,Truyền thông đa phương tiện
91160,HIU,truyen-thong-da-phuong-tien,C00,Điểm thi THPT,2025,15.0,Truyền thông đa phương tiện
91161,HIU,truyen-thong-da-phuong-tien,C20,Điểm thi THPT,2025,15.0,Truyền thông đa phương tiện
91162,HIU,truyen-thong-da-phuong-tien,D01,Điểm thi THPT,2025,15.0,Truyền thông đa phương tiện
91163,HIU,truyen-thong-da-phuong-tien,D14,Điểm thi THPT,2025,15.0,Truyền thông đa phương tiện
91164,HIU,truyen-thong-da-phuong-tien,D15,Điểm thi THPT,2025,15.0,Truyền thông đa phương tiện
91165,HIU,truyen-thong-da-phuong-tien,X71,Điểm thi THPT,2025,15.0,Truyền thông đa phương tiện
91166,HIU,viet-nam-hoc,A01,Điểm thi THPT,2021,15.0,Việt Nam học
91167,HIU,viet-nam-hoc,C00,Điểm thi THPT,2021,15.0,Việt Nam học
91168,HIU,viet-nam-hoc,D01,Điểm thi THPT,2021,15.0,Việt Nam học
91169,HIU,viet-nam-hoc,D78,Điểm thi THPT,2021,15.0,Việt Nam học
91170,HIU,viet-nam-hoc,A01,Điểm thi THPT,2022,15.0,Việt Nam học
91171,HIU,viet-nam-hoc,C01,Điểm thi THPT,2022,15.0,Việt Nam học
91172,HIU,viet-nam-hoc,D01,Điểm thi THPT,2022,15.0,Việt Nam học
91173,HIU,viet-nam-hoc,D78,Điểm thi THPT,2022,15.0,Việt Nam học
91174,HIU,viet-nam-hoc,A01,Điểm học bạ,2023,30.0,Việt Nam học
91175,HIU,viet-nam-hoc,C01,Điểm học bạ,2023,30.0,Việt Nam học
91176,HIU,viet-nam-hoc,D01,Điểm học bạ,2023,30.0,Việt Nam học
91177,HIU,viet-nam-hoc,D78,Điểm học bạ,2023,30.0,Việt Nam học
91178,HIU,viet-nam-hoc,A01,Điểm thi THPT,2023,17.0,Việt Nam Học
91179,HIU,viet-nam-hoc,C01,Điểm thi THPT,2023,17.0,Việt Nam Học
91180,HIU,viet-nam-hoc,D01,Điểm thi THPT,2023,17.0,Việt Nam Học
91181,HIU,viet-nam-hoc,D78,Điểm thi THPT,2023,17.0,Việt Nam Học
91182,HIU,viet-nam-hoc,A07,Điểm học bạ,2024,18.0,Việt Nam Học
91183,HIU,viet-nam-hoc,C00,Điểm học bạ,2024,18.0,Việt Nam Học
91184,HIU,viet-nam-hoc,D01,Điểm học bạ,2024,18.0,Việt Nam Học
91185,HIU,viet-nam-hoc,D78,Điểm học bạ,2024,18.0,Việt Nam Học
91186,HIU,viet-nam-hoc,A07,Điểm thi THPT,2024,18.0,Việt Nam Học
91187,HIU,viet-nam-hoc,C00,Điểm thi THPT,2024,18.0,Việt Nam Học
91188,HIU,viet-nam-hoc,D01,Điểm thi THPT,2024,18.0,Việt Nam Học
91189,HIU,viet-nam-hoc,D78,Điểm thi THPT,2024,18.0,Việt Nam Học
91190,HIU,viet-nam-hoc,C00,Điểm học bạ,2025,18.0,Việt Nam học
91191,HIU,viet-nam-hoc,C20,Điểm học bạ,2025,18.0,Việt Nam học
91192,HIU,viet-nam-hoc,D01,Điểm học bạ,2025,18.0,Việt Nam học
91193,HIU,viet-nam-hoc,D14,Điểm học bạ,2025,18.0,Việt Nam học
91194,HIU,viet-nam-hoc,D15,Điểm học bạ,2025,18.0,Việt Nam học
91195,HIU,viet-nam-hoc,X71,Điểm học bạ,2025,18.0,Việt Nam học
91196,HIU,viet-nam-hoc,C00,Điểm thi THPT,2025,15.0,Việt Nam học
91197,HIU,viet-nam-hoc,C20,Điểm thi THPT,2025,15.0,Việt Nam học
91198,HIU,viet-nam-hoc,D01,Điểm thi THPT,2025,15.0,Việt Nam học
91199,HIU,viet-nam-hoc,D14,Điểm thi THPT,2025,15.0,Việt Nam học
91200,HIU,viet-nam-hoc,D15,Điểm thi THPT,2025,15.0,Việt Nam học
91201,HIU,viet-nam-hoc,X71,Điểm thi THPT,2025,15.0,Việt Nam học
91202,HIU,y-hoc-co-truyen,A00,Điểm thi THPT,2022,21.0,Y học cổ truyền
91203,HIU,y-hoc-co-truyen,B00,Điểm thi THPT,2022,21.0,Y học cổ truyền
91204,HIU,y-hoc-co-truyen,C02,Điểm thi THPT,2022,21.0,Y học cổ truyền
91205,HIU,y-hoc-co-truyen,D90,Điểm thi THPT,2022,21.0,Y học cổ truyền
91206,HIU,y-hoc-co-truyen,A00,Điểm học bạ,2023,32.5,Y học cổ truyền
91207,HIU,y-hoc-co-truyen,B00,Điểm học bạ,2023,32.5,Y học cổ truyền
91208,HIU,y-hoc-co-truyen,D07,Điểm học bạ,2023,32.5,Y học cổ truyền
91209,HIU,y-hoc-co-truyen,D90,Điểm học bạ,2023,32.5,Y học cổ truyền
91210,HIU,y-hoc-co-truyen,A00,Điểm thi THPT,2023,21.0,Y học cổ truyền
91211,HIU,y-hoc-co-truyen,B00,Điểm thi THPT,2023,21.0,Y học cổ truyền
91212,HIU,y-hoc-co-truyen,D07,Điểm thi THPT,2023,21.0,Y học cổ truyền
91213,HIU,y-hoc-co-truyen,D90,Điểm thi THPT,2023,21.0,Y học cổ truyền
91214,HIU,y-hoc-co-truyen,A00,Điểm học bạ,2024,24.0,Y Học Cổ Truyền
91215,HIU,y-hoc-co-truyen,B00,Điểm học bạ,2024,24.0,Y Học Cổ Truyền
91216,HIU,y-hoc-co-truyen,D07,Điểm học bạ,2024,24.0,Y Học Cổ Truyền
91217,HIU,y-hoc-co-truyen,D08,Điểm học bạ,2024,24.0,Y Học Cổ Truyền
91218,HIU,y-hoc-co-truyen,A00,Điểm thi THPT,2024,21.0,Y học cổ truyền
91219,HIU,y-hoc-co-truyen,B00,Điểm thi THPT,2024,21.0,Y học cổ truyền
91220,HIU,y-hoc-co-truyen,D07,Điểm thi THPT,2024,21.0,Y học cổ truyền
91221,HIU,y-hoc-co-truyen,D08,Điểm thi THPT,2024,21.0,Y học cổ truyền
91222,HIU,y-hoc-co-truyen,A00,Điểm học bạ,2025,20.5,Y học cổ truyền
91223,HIU,y-hoc-co-truyen,A02,Điểm học bạ,2025,20.5,Y học cổ truyền
91224,HIU,y-hoc-co-truyen,B00,Điểm học bạ,2025,20.5,Y học cổ truyền
91225,HIU,y-hoc-co-truyen,D07,Điểm học bạ,2025,20.5,Y học cổ truyền
91226,HIU,y-hoc-co-truyen,D08,Điểm học bạ,2025,20.5,Y học cổ truyền
91227,HIU,y-hoc-co-truyen,X14,Điểm học bạ,2025,20.5,Y học cổ truyền
91228,HIU,y-hoc-co-truyen,A00,Điểm thi THPT,2025,19.0,Y học cổ truyền
91229,HIU,y-hoc-co-truyen,A02,Điểm thi THPT,2025,19.0,Y học cổ truyền
91230,HIU,y-hoc-co-truyen,B00,Điểm thi THPT,2025,19.0,Y học cổ truyền
91231,HIU,y-hoc-co-truyen,D07,Điểm thi THPT,2025,19.0,Y học cổ truyền
91232,HIU,y-hoc-co-truyen,D08,Điểm thi THPT,2025,19.0,Y học cổ truyền
91233,HIU,y-hoc-co-truyen,X14,Điểm thi THPT,2025,19.0,Y học cổ truyền
91234,HIU,y-khoa,A00,Điểm thi THPT,2021,22.0,Y khoa
91235,HIU,y-khoa,B00,Điểm thi THPT,2021,22.0,Y khoa
91236,HIU,y-khoa,D07,Điểm thi THPT,2021,22.0,Y khoa
91237,HIU,y-khoa,D90,Điểm thi THPT,2021,22.0,Y khoa
91238,HIU,y-khoa,A00,Điểm thi THPT,2022,22.0,Y khoa
91239,HIU,y-khoa,B00,Điểm thi THPT,2022,22.0,Y khoa
91240,HIU,y-khoa,C02,Điểm thi THPT,2022,22.0,Y khoa
91241,HIU,y-khoa,D90,Điểm thi THPT,2022,22.0,Y khoa
91242,HIU,y-khoa,A00,Điểm học bạ,2023,24.0,Y khoa
91243,HIU,y-khoa,B00,Điểm học bạ,2023,24.0,Y khoa
91244,HIU,y-khoa,D07,Điểm học bạ,2023,24.0,Y khoa
91245,HIU,y-khoa,D90,Điểm học bạ,2023,24.0,Y khoa
91246,HIU,y-khoa,A00,Điểm thi THPT,2023,22.5,Y Khoa
91247,HIU,y-khoa,B00,Điểm thi THPT,2023,22.5,Y Khoa
91248,HIU,y-khoa,D07,Điểm thi THPT,2023,22.5,Y Khoa
91249,HIU,y-khoa,D90,Điểm thi THPT,2023,22.5,Y Khoa
91250,HIU,y-khoa,A00,Điểm học bạ,2024,24.0,Y Khoa (Chương Trình tiếng Anh)
91251,HIU,y-khoa,B00,Điểm học bạ,2024,24.0,Y Khoa (Chương Trình tiếng Anh)
91252,HIU,y-khoa,D07,Điểm học bạ,2024,24.0,Y Khoa (Chương Trình tiếng Anh)
91253,HIU,y-khoa,D08,Điểm học bạ,2024,24.0,Y Khoa (Chương Trình tiếng Anh)
91254,HIU,y-khoa,A00,Điểm thi THPT,2024,22.5,Y Khoa
91255,HIU,y-khoa,B00,Điểm thi THPT,2024,22.5,Y Khoa
91256,HIU,y-khoa,D07,Điểm thi THPT,2024,22.5,Y Khoa
91257,HIU,y-khoa,D08,Điểm thi THPT,2024,22.5,Y Khoa
91258,HIU,y-khoa,A00,Điểm học bạ,2025,22.25,Y khoa
91259,HIU,y-khoa,A02,Điểm học bạ,2025,22.25,Y khoa
91260,HIU,y-khoa,B00,Điểm học bạ,2025,22.25,Y khoa
91261,HIU,y-khoa,D07,Điểm học bạ,2025,22.25,Y khoa
91262,HIU,y-khoa,D08,Điểm học bạ,2025,22.25,Y khoa
91263,HIU,y-khoa,X14,Điểm học bạ,2025,22.25,Y khoa
91264,HIU,y-khoa,A00,Điểm thi THPT,2025,20.5,Y khoa
91265,HIU,y-khoa,A02,Điểm thi THPT,2025,20.5,Y khoa
91266,HIU,y-khoa,B00,Điểm thi THPT,2025,20.5,Y khoa
91267,HIU,y-khoa,D07,Điểm thi THPT,2025,20.5,Y khoa
91268,HIU,y-khoa,D08,Điểm thi THPT,2025,20.5,Y khoa
91269,HIU,y-khoa,X14,Điểm thi THPT,2025,20.5,Y khoa
91270,HIU,y-khoa-ct-tieng-anh,A00,Điểm thi THPT,2022,22.0,Y khoa_CT tiếng Anh
91271,HIU,y-khoa-ct-tieng-anh,B00,Điểm thi THPT,2022,22.0,Y khoa_CT tiếng Anh
91272,HIU,y-khoa-ct-tieng-anh,C02,Điểm thi THPT,2022,22.0,Y khoa_CT tiếng Anh
91273,HIU,y-khoa-ct-tieng-anh,D90,Điểm thi THPT,2022,22.0,Y khoa_CT tiếng Anh
91274,HIU,y-te-cong-cong,A00,Điểm học bạ,2023,32.5,Y tế công cộng
91275,HIU,y-te-cong-cong,B00,Điểm học bạ,2023,32.5,Y tế công cộng
91276,HIU,y-te-cong-cong,D08,Điểm học bạ,2023,32.5,Y tế công cộng
91277,HIU,y-te-cong-cong,D90,Điểm học bạ,2023,32.5,Y tế công cộng
91278,HIU,y-te-cong-cong,A00,Điểm học bạ,2024,18.0,Y Tế Công Cộng
91279,HIU,y-te-cong-cong,B00,Điểm học bạ,2024,18.0,Y Tế Công Cộng
91280,HIU,y-te-cong-cong,D07,Điểm học bạ,2024,18.0,Y Tế Công Cộng
91281,HIU,y-te-cong-cong,D08,Điểm học bạ,2024,18.0,Y Tế Công Cộng
91282,HIU,y-te-cong-cong,A00,Điểm thi THPT,2024,15.0,Y tế công cộng
91283,HIU,y-te-cong-cong,B00,Điểm thi THPT,2024,15.0,Y tế công cộng
91284,HIU,y-te-cong-cong,D07,Điểm thi THPT,2024,15.0,Y tế công cộng
91285,HIU,y-te-cong-cong,D08,Điểm thi THPT,2024,15.0,Y tế công cộng
91286,HIU,y-te-cong-cong,A00,Điểm học bạ,2025,18.0,Y tế công cộng
91287,HIU,y-te-cong-cong,B00,Điểm học bạ,2025,18.0,Y tế công cộng
91288,HIU,y-te-cong-cong,D07,Điểm học bạ,2025,18.0,Y tế công cộng
91289,HIU,y-te-cong-cong,D08,Điểm học bạ,2025,18.0,Y tế công cộng
91290,HIU,y-te-cong-cong,X10,Điểm học bạ,2025,18.0,Y tế công cộng
91291,HIU,y-te-cong-cong,X14,Điểm học bạ,2025,18.0,Y tế công cộng
91292,HIU,y-te-cong-cong,A00,Điểm thi THPT,2025,15.0,Y tế công cộng
91293,HIU,y-te-cong-cong,B00,Điểm thi THPT,2025,15.0,Y tế công cộng
91294,HIU,y-te-cong-cong,D07,Điểm thi THPT,2025,15.0,Y tế công cộng
91295,HIU,y-te-cong-cong,D08,Điểm thi THPT,2025,15.0,Y tế công cộng
91296,HIU,y-te-cong-cong,X10,Điểm thi THPT,2025,15.0,Y tế công cộng
91297,HIU,y-te-cong-cong,X14,Điểm thi THPT,2025,15.0,Y tế công cộng
91298,HLU,cong-nghe-thong-tin,A00,Điểm học bạ,2024,19.0,Công nghệ thông tin
91299,HLU,cong-nghe-thong-tin,A01,Điểm học bạ,2024,19.0,Công nghệ thông tin
91300,HLU,cong-nghe-thong-tin,D01,Điểm học bạ,2024,19.0,Công nghệ thông tin
91301,HLU,cong-nghe-thong-tin,D07,Điểm học bạ,2024,19.0,Công nghệ thông tin
91302,HLU,cong-nghe-thong-tin,A00,Điểm thi THPT,2024,15.0,Công nghệ thông tin
91303,HLU,cong-nghe-thong-tin,A01,Điểm thi THPT,2024,15.0,Công nghệ thông tin
91304,HLU,cong-nghe-thong-tin,D01,Điểm thi THPT,2024,15.0,Công nghệ thông tin
91305,HLU,cong-nghe-thong-tin,D07,Điểm thi THPT,2024,15.0,Công nghệ thông tin
91306,HLU,cong-nghe-thong-tin,A00,Điểm học bạ,2025,18.0,Công nghệ thông tin
91307,HLU,cong-nghe-thong-tin,A01,Điểm học bạ,2025,18.0,Công nghệ thông tin
91308,HLU,cong-nghe-thong-tin,C01,Điểm học bạ,2025,18.0,Công nghệ thông tin
91309,HLU,cong-nghe-thong-tin,C02,Điểm học bạ,2025,18.0,Công nghệ thông tin
91310,HLU,cong-nghe-thong-tin,D01,Điểm học bạ,2025,18.0,Công nghệ thông tin
91311,HLU,cong-nghe-thong-tin,D07,Điểm học bạ,2025,18.0,Công nghệ thông tin
91312,HLU,cong-nghe-thong-tin,X02,Điểm học bạ,2025,18.0,Công nghệ thông tin
91313,HLU,cong-nghe-thong-tin,X06,Điểm học bạ,2025,18.0,Công nghệ thông tin
91314,HLU,cong-nghe-thong-tin,A00,Điểm thi THPT,2025,15.0,Công nghệ thông tin
91315,HLU,cong-nghe-thong-tin,A01,Điểm thi THPT,2025,15.0,Công nghệ thông tin
91316,HLU,cong-nghe-thong-tin,C01,Điểm thi THPT,2025,15.0,Công nghệ thông tin
91317,HLU,cong-nghe-thong-tin,C02,Điểm thi THPT,2025,15.0,Công nghệ thông tin
91318,HLU,cong-nghe-thong-tin,D01,Điểm thi THPT,2025,15.0,Công nghệ thông tin
91319,HLU,cong-nghe-thong-tin,D07,Điểm thi THPT,2025,15.0,Công nghệ thông tin
91320,HLU,cong-nghe-thong-tin,X02,Điểm thi THPT,2025,15.0,Công nghệ thông tin
91321,HLU,cong-nghe-thong-tin,X06,Điểm thi THPT,2025,15.0,Công nghệ thông tin
91322,HLU,du-lich-va-dich-vu-hang-khong,A01,Điểm học bạ,2025,19.5,Du lịch và dịch vụ hàng không
91323,HLU,du-lich-va-dich-vu-hang-khong,C00,Điểm học bạ,2025,19.5,Du lịch và dịch vụ hàng không
91324,HLU,du-lich-va-dich-vu-hang-khong,C04,Điểm học bạ,2025,19.5,Du lịch và dịch vụ hàng không
91325,HLU,du-lich-va-dich-vu-hang-khong,D01,Điểm học bạ,2025,19.5,Du lịch và dịch vụ hàng không
91326,HLU,du-lich-va-dich-vu-hang-khong,D07,Điểm học bạ,2025,19.5,Du lịch và dịch vụ hàng không
91327,HLU,du-lich-va-dich-vu-hang-khong,D14,Điểm học bạ,2025,19.5,Du lịch và dịch vụ hàng không
91328,HLU,du-lich-va-dich-vu-hang-khong,D15,Điểm học bạ,2025,19.5,Du lịch và dịch vụ hàng không
91329,HLU,du-lich-va-dich-vu-hang-khong,X78,Điểm học bạ,2025,19.5,Du lịch và dịch vụ hàng không
91330,HLU,du-lich-va-dich-vu-hang-khong,A01,Điểm thi THPT,2025,17.0,Du lịch và dịch vụ hàng không
91331,HLU,du-lich-va-dich-vu-hang-khong,C00,Điểm thi THPT,2025,17.0,Du lịch và dịch vụ hàng không
91332,HLU,du-lich-va-dich-vu-hang-khong,C04,Điểm thi THPT,2025,17.0,Du lịch và dịch vụ hàng không
91333,HLU,du-lich-va-dich-vu-hang-khong,D01,Điểm thi THPT,2025,17.0,Du lịch và dịch vụ hàng không
91334,HLU,du-lich-va-dich-vu-hang-khong,D07,Điểm thi THPT,2025,17.0,Du lịch và dịch vụ hàng không
91335,HLU,du-lich-va-dich-vu-hang-khong,D14,Điểm thi THPT,2025,17.0,Du lịch và dịch vụ hàng không
91336,HLU,du-lich-va-dich-vu-hang-khong,D15,Điểm thi THPT,2025,17.0,Du lịch và dịch vụ hàng không
91337,HLU,du-lich-va-dich-vu-hang-khong,X78,Điểm thi THPT,2025,17.0,Du lịch và dịch vụ hàng không
91338,HLU,giao-duc-mam-non,C14,Điểm thi THPT,2021,19.0,Giáo dục Mầm non
91339,HLU,giao-duc-mam-non,C19,Điểm thi THPT,2021,19.0,Giáo dục Mầm non
91340,HLU,giao-duc-mam-non,C20,Điểm thi THPT,2021,19.0,Giáo dục Mầm non
91341,HLU,giao-duc-mam-non,M01,Điểm thi THPT,2021,19.0,Giáo dục Mầm non
91342,HLU,giao-duc-mam-non,A09,Điểm thi THPT,2022,21.0,Giáo dục Mầm non
91343,HLU,giao-duc-mam-non,C14,Điểm thi THPT,2022,21.0,Giáo dục Mầm non
91344,HLU,giao-duc-mam-non,C20,Điểm thi THPT,2022,21.0,Giáo dục Mầm non
91345,HLU,giao-duc-mam-non,A09,Điểm học bạ,2024,24.5,Giáo dục Mầm non
91346,HLU,giao-duc-mam-non,C00,Điểm học bạ,2024,24.5,Giáo dục Mầm non
91347,HLU,giao-duc-mam-non,C14,Điểm học bạ,2024,24.5,Giáo dục Mầm non
91348,HLU,giao-duc-mam-non,C20,Điểm học bạ,2024,24.5,Giáo dục Mầm non
91349,HLU,giao-duc-mam-non,A09,Điểm thi THPT,2024,26.6,Giáo dục Mầm non
91350,HLU,giao-duc-mam-non,C00,Điểm thi THPT,2024,26.6,Giáo dục Mầm non
91351,HLU,giao-duc-mam-non,C14,Điểm thi THPT,2024,26.6,Giáo dục Mầm non
91352,HLU,giao-duc-mam-non,C20,Điểm thi THPT,2024,26.6,Giáo dục Mầm non
91353,HLU,giao-duc-mam-non,C00,Điểm thi THPT,2025,26.28,Giáo dục Mầm non
91354,HLU,giao-duc-mam-non,C03,Điểm thi THPT,2025,26.28,Giáo dục Mầm non
91355,HLU,giao-duc-mam-non,C04,Điểm thi THPT,2025,26.28,Giáo dục Mầm non
91356,HLU,giao-duc-mam-non,X04,Điểm thi THPT,2025,26.28,Giáo dục Mầm non
91357,HLU,giao-duc-mam-non,X70,Điểm thi THPT,2025,26.28,Giáo dục Mầm non
91358,HLU,giao-duc-mam-non,X73,Điểm thi THPT,2025,26.28,Giáo dục Mầm non
91359,HLU,giao-duc-mam-non,X74,Điểm thi THPT,2025,26.28,Giáo dục Mầm non
91360,HLU,giao-duc-mam-non,X77,Điểm thi THPT,2025,26.28,Giáo dục Mầm non
91361,HLU,giao-duc-tieu-hoc,A01,Điểm học bạ,2021,24.0,Giáo dục Tiểu học
91362,HLU,giao-duc-tieu-hoc,C04,Điểm học bạ,2021,24.0,Giáo dục Tiểu học
91363,HLU,giao-duc-tieu-hoc,D01,Điểm học bạ,2021,24.0,Giáo dục Tiểu học
91364,HLU,giao-duc-tieu-hoc,D90,Điểm học bạ,2021,24.0,Giáo dục Tiểu học
91365,HLU,giao-duc-tieu-hoc,A01,Điểm thi THPT,2021,19.0,Giáo dục Tiểu học
91366,HLU,giao-duc-tieu-hoc,C04,Điểm thi THPT,2021,19.0,Giáo dục Tiểu học
91367,HLU,giao-duc-tieu-hoc,D01,Điểm thi THPT,2021,19.0,Giáo dục Tiểu học
91368,HLU,giao-duc-tieu-hoc,D90,Điểm thi THPT,2021,19.0,Giáo dục Tiểu học
91369,HLU,giao-duc-tieu-hoc,C04,Điểm thi THPT,2022,22.0,Giáo dục Tiểu học
91370,HLU,giao-duc-tieu-hoc,D01,Điểm thi THPT,2022,22.0,Giáo dục Tiểu học
91371,HLU,giao-duc-tieu-hoc,D10,Điểm thi THPT,2022,22.0,Giáo dục Tiểu học
91372,HLU,giao-duc-tieu-hoc,D15,Điểm thi THPT,2022,22.0,Giáo dục Tiểu học
91373,HLU,giao-duc-tieu-hoc,C04,Điểm học bạ,2024,26.25,Giáo dục Tiểu học
91374,HLU,giao-duc-tieu-hoc,D01,Điểm học bạ,2024,26.25,Giáo dục Tiểu học
91375,HLU,giao-duc-tieu-hoc,D10,Điểm học bạ,2024,26.25,Giáo dục Tiểu học
91376,HLU,giao-duc-tieu-hoc,D15,Điểm học bạ,2024,26.25,Giáo dục Tiểu học
91377,HLU,giao-duc-tieu-hoc,C04,Điểm thi THPT,2024,25.95,Giáo dục Tiểu học
91378,HLU,giao-duc-tieu-hoc,D01,Điểm thi THPT,2024,25.95,Giáo dục Tiểu học
91379,HLU,giao-duc-tieu-hoc,D10,Điểm thi THPT,2024,25.95,Giáo dục Tiểu học
91380,HLU,giao-duc-tieu-hoc,D15,Điểm thi THPT,2024,25.95,Giáo dục Tiểu học
91381,HLU,giao-duc-tieu-hoc,B03,Điểm thi THPT,2025,24.0,Giáo dục Tiểu học
91382,HLU,giao-duc-tieu-hoc,C01,Điểm thi THPT,2025,24.0,Giáo dục Tiểu học
91383,HLU,giao-duc-tieu-hoc,C02,Điểm thi THPT,2025,24.0,Giáo dục Tiểu học
91384,HLU,giao-duc-tieu-hoc,C03,Điểm thi THPT,2025,24.0,Giáo dục Tiểu học
91385,HLU,giao-duc-tieu-hoc,C04,Điểm thi THPT,2025,24.0,Giáo dục Tiểu học
91386,HLU,giao-duc-tieu-hoc,D01,Điểm thi THPT,2025,24.0,Giáo dục Tiểu học
91387,HLU,giao-duc-tieu-hoc,D04,Điểm thi THPT,2025,24.0,Giáo dục Tiểu học
91388,HLU,giao-duc-tieu-hoc,X01,Điểm thi THPT,2025,24.0,Giáo dục Tiểu học
91389,HLU,ke-toan,A00,Điểm học bạ,2024,21.0,Kế toán
91390,HLU,ke-toan,A01,Điểm học bạ,2024,21.0,Kế toán
91391,HLU,ke-toan,D01,Điểm học bạ,2024,21.0,Kế toán
91392,HLU,ke-toan,D10,Điểm học bạ,2024,21.0,Kế toán
91393,HLU,ke-toan,A00,Điểm thi THPT,2024,15.0,Kế toán
91394,HLU,ke-toan,A01,Điểm thi THPT,2024,15.0,Kế toán
91395,HLU,ke-toan,D01,Điểm thi THPT,2024,15.0,Kế toán
91396,HLU,ke-toan,D10,Điểm thi THPT,2024,15.0,Kế toán
91397,HLU,ke-toan,A00,Điểm học bạ,2025,19.0,Kế toán
91398,HLU,ke-toan,A01,Điểm học bạ,2025,19.0,Kế toán
91399,HLU,ke-toan,C01,Điểm học bạ,2025,19.0,Kế toán
91400,HLU,ke-toan,C04,Điểm học bạ,2025,19.0,Kế toán
91401,HLU,ke-toan,D01,Điểm học bạ,2025,19.0,Kế toán
91402,HLU,ke-toan,D10,Điểm học bạ,2025,19.0,Kế toán
91403,HLU,ke-toan,X01,Điểm học bạ,2025,19.0,Kế toán
91404,HLU,ke-toan,X21,Điểm học bạ,2025,19.0,Kế toán
91405,HLU,ke-toan,A00,Điểm thi THPT,2025,16.0,Kế toán
91406,HLU,ke-toan,A01,Điểm thi THPT,2025,16.0,Kế toán
91407,HLU,ke-toan,C01,Điểm thi THPT,2025,16.0,Kế toán
91408,HLU,ke-toan,C04,Điểm thi THPT,2025,16.0,Kế toán
91409,HLU,ke-toan,D01,Điểm thi THPT,2025,16.0,Kế toán
91410,HLU,ke-toan,D10,Điểm thi THPT,2025,16.0,Kế toán
91411,HLU,ke-toan,X01,Điểm thi THPT,2025,16.0,Kế toán
91412,HLU,ke-toan,X21,Điểm thi THPT,2025,16.0,Kế toán
91413,HLU,khoa-hoc-may-tinh,A00,Điểm học bạ,2021,18.0,Khoa học máy tính
91414,HLU,khoa-hoc-may-tinh,A01,Điểm học bạ,2021,18.0,Khoa học máy tính
91415,HLU,khoa-hoc-may-tinh,D01,Điểm học bạ,2021,18.0,Khoa học máy tính
91416,HLU,khoa-hoc-may-tinh,D90,Điểm học bạ,2021,18.0,Khoa học máy tính
91417,HLU,khoa-hoc-may-tinh,A00,Điểm thi THPT,2021,15.0,Khoa học máy tính
91418,HLU,khoa-hoc-may-tinh,A01,Điểm thi THPT,2021,15.0,Khoa học máy tính
91419,HLU,khoa-hoc-may-tinh,D01,Điểm thi THPT,2021,15.0,Khoa học máy tính
91420,HLU,khoa-hoc-may-tinh,D90,Điểm thi THPT,2021,15.0,Khoa học máy tính
91421,HLU,khoa-hoc-may-tinh,A00,Điểm thi THPT,2022,15.0,Khoa học máy tính
91422,HLU,khoa-hoc-may-tinh,A01,Điểm thi THPT,2022,15.0,Khoa học máy tính
91423,HLU,khoa-hoc-may-tinh,D01,Điểm thi THPT,2022,15.0,Khoa học máy tính
91424,HLU,khoa-hoc-may-tinh,D07,Điểm thi THPT,2022,15.0,Khoa học máy tính
91425,HLU,khoa-hoc-may-tinh,A00,Điểm học bạ,2024,18.0,Khoa học máy tính
91426,HLU,khoa-hoc-may-tinh,A01,Điểm học bạ,2024,18.0,Khoa học máy tính
91427,HLU,khoa-hoc-may-tinh,D01,Điểm học bạ,2024,18.0,Khoa học máy tính
91428,HLU,khoa-hoc-may-tinh,D07,Điểm học bạ,2024,18.0,Khoa học máy tính
91429,HLU,khoa-hoc-may-tinh,A00,Điểm thi THPT,2024,15.0,Khoa học máy tính
91430,HLU,khoa-hoc-may-tinh,A01,Điểm thi THPT,2024,15.0,Khoa học máy tính
91431,HLU,khoa-hoc-may-tinh,D01,Điểm thi THPT,2024,15.0,Khoa học máy tính
91432,HLU,khoa-hoc-may-tinh,D07,Điểm thi THPT,2024,15.0,Khoa học máy tính
91433,HLU,khoa-hoc-may-tinh,A00,Điểm học bạ,2025,18.0,Khoa học máy tính
91434,HLU,khoa-hoc-may-tinh,A01,Điểm học bạ,2025,18.0,Khoa học máy tính
91435,HLU,khoa-hoc-may-tinh,C01,Điểm học bạ,2025,18.0,Khoa học máy tính
91436,HLU,khoa-hoc-may-tinh,C02,Điểm học bạ,2025,18.0,Khoa học máy tính
91437,HLU,khoa-hoc-may-tinh,D01,Điểm học bạ,2025,18.0,Khoa học máy tính
91438,HLU,khoa-hoc-may-tinh,D07,Điểm học bạ,2025,18.0,Khoa học máy tính
91439,HLU,khoa-hoc-may-tinh,X02,Điểm học bạ,2025,18.0,Khoa học máy tính
91440,HLU,khoa-hoc-may-tinh,X06,Điểm học bạ,2025,18.0,Khoa học máy tính
91441,HLU,khoa-hoc-may-tinh,A00,Điểm thi THPT,2025,15.0,Khoa học máy tính
91442,HLU,khoa-hoc-may-tinh,A01,Điểm thi THPT,2025,15.0,Khoa học máy tính
91443,HLU,khoa-hoc-may-tinh,C01,Điểm thi THPT,2025,15.0,Khoa học máy tính
91444,HLU,khoa-hoc-may-tinh,C02,Điểm thi THPT,2025,15.0,Khoa học máy tính
91445,HLU,khoa-hoc-may-tinh,D01,Điểm thi THPT,2025,15.0,Khoa học máy tính
91446,HLU,khoa-hoc-may-tinh,D07,Điểm thi THPT,2025,15.0,Khoa học máy tính
91447,HLU,khoa-hoc-may-tinh,X02,Điểm thi THPT,2025,15.0,Khoa học máy tính
91448,HLU,khoa-hoc-may-tinh,X06,Điểm thi THPT,2025,15.0,Khoa học máy tính
91449,HLU,ngon-ngu-anh,A01,Điểm học bạ,2021,18.0,Ngôn ngữ Anh
91450,HLU,ngon-ngu-anh,D01,Điểm học bạ,2021,18.0,Ngôn ngữ Anh
91451,HLU,ngon-ngu-anh,D10,Điểm học bạ,2021,18.0,Ngôn ngữ Anh
91452,HLU,ngon-ngu-anh,D78,Điểm học bạ,2021,18.0,Ngôn ngữ Anh
91453,HLU,ngon-ngu-anh,A01,Điểm thi THPT,2021,20.0,Ngôn ngữ Anh
91454,HLU,ngon-ngu-anh,D01,Điểm thi THPT,2021,20.0,Ngôn ngữ Anh
91455,HLU,ngon-ngu-anh,D10,Điểm thi THPT,2021,20.0,Ngôn ngữ Anh
91456,HLU,ngon-ngu-anh,D78,Điểm thi THPT,2021,20.0,Ngôn ngữ Anh
91457,HLU,ngon-ngu-anh,A01,Điểm thi THPT,2022,18.0,Ngôn ngữ Anh
91458,HLU,ngon-ngu-anh,D01,Điểm thi THPT,2022,18.0,Ngôn ngữ Anh
91459,HLU,ngon-ngu-anh,D15,Điểm thi THPT,2022,18.0,Ngôn ngữ Anh
91460,HLU,ngon-ngu-anh,D78,Điểm thi THPT,2022,18.0,Ngôn ngữ Anh
91461,HLU,ngon-ngu-anh,A01,Điểm học bạ,2024,21.0,Ngôn ngữ Anh
91462,HLU,ngon-ngu-anh,D01,Điểm học bạ,2024,21.0,Ngôn ngữ Anh
91463,HLU,ngon-ngu-anh,D15,Điểm học bạ,2024,21.0,Ngôn ngữ Anh
91464,HLU,ngon-ngu-anh,D78,Điểm học bạ,2024,21.0,Ngôn ngữ Anh
91465,HLU,ngon-ngu-anh,A01,Điểm thi THPT,2024,15.0,Ngôn ngữ Anh
91466,HLU,ngon-ngu-anh,D01,Điểm thi THPT,2024,15.0,Ngôn ngữ Anh
91467,HLU,ngon-ngu-anh,D15,Điểm thi THPT,2024,15.0,Ngôn ngữ Anh
91468,HLU,ngon-ngu-anh,D78,Điểm thi THPT,2024,15.0,Ngôn ngữ Anh
91469,HLU,ngon-ngu-anh,A01,Điểm học bạ,2025,19.5,Ngôn ngữ Anh
91470,HLU,ngon-ngu-anh,D01,Điểm học bạ,2025,19.5,Ngôn ngữ Anh
91471,HLU,ngon-ngu-anh,D10,Điểm học bạ,2025,19.5,Ngôn ngữ Anh
91472,HLU,ngon-ngu-anh,D14,Điểm học bạ,2025,19.5,Ngôn ngữ Anh
91473,HLU,ngon-ngu-anh,D15,Điểm học bạ,2025,19.5,Ngôn ngữ Anh
91474,HLU,ngon-ngu-anh,D45,Điểm học bạ,2025,19.5,Ngôn ngữ Anh
91475,HLU,ngon-ngu-anh,X25,Điểm học bạ,2025,19.5,Ngôn ngữ Anh
91476,HLU,ngon-ngu-anh,X78,Điểm học bạ,2025,19.5,Ngôn ngữ Anh
91477,HLU,ngon-ngu-anh,A01,Điểm thi THPT,2025,16.25,Ngôn ngữ Anh
91478,HLU,ngon-ngu-anh,D01,Điểm thi THPT,2025,16.25,Ngôn ngữ Anh
91479,HLU,ngon-ngu-anh,D10,Điểm thi THPT,2025,16.25,Ngôn ngữ Anh
91480,HLU,ngon-ngu-anh,D14,Điểm thi THPT,2025,16.25,Ngôn ngữ Anh
91481,HLU,ngon-ngu-anh,D15,Điểm thi THPT,2025,16.25,Ngôn ngữ Anh
91482,HLU,ngon-ngu-anh,D45,Điểm thi THPT,2025,16.25,Ngôn ngữ Anh
91483,HLU,ngon-ngu-anh,X25,Điểm thi THPT,2025,16.25,Ngôn ngữ Anh
91484,HLU,ngon-ngu-anh,X78,Điểm thi THPT,2025,16.25,Ngôn ngữ Anh
91485,HLU,ngon-ngu-han-quoc,A01,Điểm học bạ,2021,21.0,Ngôn ngữ Hàn Quốc
91486,HLU,ngon-ngu-han-quoc,D01,Điểm học bạ,2021,21.0,Ngôn ngữ Hàn Quốc
91487,HLU,ngon-ngu-han-quoc,D15,Điểm học bạ,2021,21.0,Ngôn ngữ Hàn Quốc
91488,HLU,ngon-ngu-han-quoc,D78,Điểm học bạ,2021,21.0,Ngôn ngữ Hàn Quốc
91489,HLU,ngon-ngu-han-quoc,A01,Điểm thi THPT,2021,15.0,Ngôn ngữ Hàn Quốc
91490,HLU,ngon-ngu-han-quoc,D01,Điểm thi THPT,2021,15.0,Ngôn ngữ Hàn Quốc
91491,HLU,ngon-ngu-han-quoc,D15,Điểm thi THPT,2021,15.0,Ngôn ngữ Hàn Quốc
91492,HLU,ngon-ngu-han-quoc,D78,Điểm thi THPT,2021,15.0,Ngôn ngữ Hàn Quốc
91493,HLU,ngon-ngu-han-quoc,A01,Điểm thi THPT,2022,18.0,Ngôn ngữ Hàn Quốc
91494,HLU,ngon-ngu-han-quoc,D06,Điểm thi THPT,2022,18.0,Ngôn ngữ Hàn Quốc
91495,HLU,ngon-ngu-han-quoc,D78,Điểm thi THPT,2022,18.0,Ngôn ngữ Hàn Quốc
91496,HLU,ngon-ngu-han-quoc,A01,Điểm học bạ,2024,20.0,Ngôn ngữ Hàn Quốc
91497,HLU,ngon-ngu-han-quoc,D01,Điểm học bạ,2024,20.0,Ngôn ngữ Hàn Quốc
91498,HLU,ngon-ngu-han-quoc,D78,Điểm học bạ,2024,20.0,Ngôn ngữ Hàn Quốc
91499,HLU,ngon-ngu-han-quoc,A01,Điểm thi THPT,2024,15.0,Ngôn ngữ Hàn Quốc
91500,HLU,ngon-ngu-han-quoc,D01,Điểm thi THPT,2024,15.0,Ngôn ngữ Hàn Quốc
91501,HLU,ngon-ngu-han-quoc,D78,Điểm thi THPT,2024,15.0,Ngôn ngữ Hàn Quốc
91502,HLU,ngon-ngu-han-quoc,A01,Điểm học bạ,2025,18.0,Ngôn ngữ Hàn Quốc
91503,HLU,ngon-ngu-han-quoc,D01,Điểm học bạ,2025,18.0,Ngôn ngữ Hàn Quốc
91504,HLU,ngon-ngu-han-quoc,D14,Điểm học bạ,2025,18.0,Ngôn ngữ Hàn Quốc
91505,HLU,ngon-ngu-han-quoc,D15,Điểm học bạ,2025,18.0,Ngôn ngữ Hàn Quốc
91506,HLU,ngon-ngu-han-quoc,X78,Điểm học bạ,2025,18.0,Ngôn ngữ Hàn Quốc
91507,HLU,ngon-ngu-han-quoc,Y03,Điểm học bạ,2025,18.0,Ngôn ngữ Hàn Quốc
91508,HLU,ngon-ngu-han-quoc,A01,Điểm thi THPT,2025,15.0,Ngôn ngữ Hàn Quốc
91509,HLU,ngon-ngu-han-quoc,D01,Điểm thi THPT,2025,15.0,Ngôn ngữ Hàn Quốc
91510,HLU,ngon-ngu-han-quoc,D14,Điểm thi THPT,2025,15.0,Ngôn ngữ Hàn Quốc
91511,HLU,ngon-ngu-han-quoc,D15,Điểm thi THPT,2025,15.0,Ngôn ngữ Hàn Quốc
91512,HLU,ngon-ngu-han-quoc,X78,Điểm thi THPT,2025,15.0,Ngôn ngữ Hàn Quốc
91513,HLU,ngon-ngu-han-quoc,Y03,Điểm thi THPT,2025,15.0,Ngôn ngữ Hàn Quốc
91514,HLU,ngon-ngu-nhat,A01,Điểm học bạ,2021,21.0,Ngôn ngữ Nhật
91515,HLU,ngon-ngu-nhat,D01,Điểm học bạ,2021,21.0,Ngôn ngữ Nhật
91516,HLU,ngon-ngu-nhat,D06,Điểm học bạ,2021,21.0,Ngôn ngữ Nhật
91517,HLU,ngon-ngu-nhat,D78,Điểm học bạ,2021,21.0,Ngôn ngữ Nhật
91518,HLU,ngon-ngu-nhat,A01,Điểm thi THPT,2021,15.0,Ngôn ngữ Nhật
91519,HLU,ngon-ngu-nhat,D01,Điểm thi THPT,2021,15.0,Ngôn ngữ Nhật
91520,HLU,ngon-ngu-nhat,D06,Điểm thi THPT,2021,15.0,Ngôn ngữ Nhật
91521,HLU,ngon-ngu-nhat,D78,Điểm thi THPT,2021,15.0,Ngôn ngữ Nhật
91522,HLU,ngon-ngu-nhat,A01,Điểm thi THPT,2022,15.0,Ngôn ngữ Nhật
91523,HLU,ngon-ngu-nhat,D01,Điểm thi THPT,2022,15.0,Ngôn ngữ Nhật
91524,HLU,ngon-ngu-nhat,D06,Điểm thi THPT,2022,15.0,Ngôn ngữ Nhật
91525,HLU,ngon-ngu-nhat,D78,Điểm thi THPT,2022,15.0,Ngôn ngữ Nhật
91526,HLU,ngon-ngu-nhat,A01,Điểm học bạ,2024,20.0,Ngôn ngữ Nhật
91527,HLU,ngon-ngu-nhat,D01,Điểm học bạ,2024,20.0,Ngôn ngữ Nhật
91528,HLU,ngon-ngu-nhat,D06,Điểm học bạ,2024,20.0,Ngôn ngữ Nhật
91529,HLU,ngon-ngu-nhat,D78,Điểm học bạ,2024,20.0,Ngôn ngữ Nhật
91530,HLU,ngon-ngu-nhat,A01,Điểm thi THPT,2024,15.0,Ngôn ngữ Nhật
91531,HLU,ngon-ngu-nhat,D01,Điểm thi THPT,2024,15.0,Ngôn ngữ Nhật
91532,HLU,ngon-ngu-nhat,D06,Điểm thi THPT,2024,15.0,Ngôn ngữ Nhật
91533,HLU,ngon-ngu-nhat,D78,Điểm thi THPT,2024,15.0,Ngôn ngữ Nhật
91534,HLU,ngon-ngu-nhat,A01,Điểm học bạ,2025,18.0,Ngôn ngữ Nhật
91535,HLU,ngon-ngu-nhat,D01,Điểm học bạ,2025,18.0,Ngôn ngữ Nhật
91536,HLU,ngon-ngu-nhat,D06,Điểm học bạ,2025,18.0,Ngôn ngữ Nhật
91537,HLU,ngon-ngu-nhat,D10,Điểm học bạ,2025,18.0,Ngôn ngữ Nhật
91538,HLU,ngon-ngu-nhat,D14,Điểm học bạ,2025,18.0,Ngôn ngữ Nhật
91539,HLU,ngon-ngu-nhat,D15,Điểm học bạ,2025,18.0,Ngôn ngữ Nhật
91540,HLU,ngon-ngu-nhat,X25,Điểm học bạ,2025,18.0,Ngôn ngữ Nhật
91541,HLU,ngon-ngu-nhat,X78,Điểm học bạ,2025,18.0,Ngôn ngữ Nhật
91542,HLU,ngon-ngu-nhat,A01,Điểm thi THPT,2025,15.0,Ngôn ngữ Nhật
91543,HLU,ngon-ngu-nhat,D01,Điểm thi THPT,2025,15.0,Ngôn ngữ Nhật
91544,HLU,ngon-ngu-nhat,D06,Điểm thi THPT,2025,15.0,Ngôn ngữ Nhật
91545,HLU,ngon-ngu-nhat,D10,Điểm thi THPT,2025,15.0,Ngôn ngữ Nhật
91546,HLU,ngon-ngu-nhat,D14,Điểm thi THPT,2025,15.0,Ngôn ngữ Nhật
91547,HLU,ngon-ngu-nhat,D15,Điểm thi THPT,2025,15.0,Ngôn ngữ Nhật
91548,HLU,ngon-ngu-nhat,X25,Điểm thi THPT,2025,15.0,Ngôn ngữ Nhật
91549,HLU,ngon-ngu-nhat,X78,Điểm thi THPT,2025,15.0,Ngôn ngữ Nhật
91550,HLU,ngon-ngu-trung-quoc,A01,Điểm học bạ,2021,21.0,Ngôn ngữ Trung Quốc
91551,HLU,ngon-ngu-trung-quoc,D01,Điểm học bạ,2021,21.0,Ngôn ngữ Trung Quốc
91552,HLU,ngon-ngu-trung-quoc,D04,Điểm học bạ,2021,21.0,Ngôn ngữ Trung Quốc
91553,HLU,ngon-ngu-trung-quoc,D78,Điểm học bạ,2021,21.0,Ngôn ngữ Trung Quốc
91554,HLU,ngon-ngu-trung-quoc,A01,Điểm thi THPT,2021,17.0,Ngôn ngữ Trung Quốc
91555,HLU,ngon-ngu-trung-quoc,D01,Điểm thi THPT,2021,17.0,Ngôn ngữ Trung Quốc
91556,HLU,ngon-ngu-trung-quoc,D04,Điểm thi THPT,2021,17.0,Ngôn ngữ Trung Quốc
91557,HLU,ngon-ngu-trung-quoc,D78,Điểm thi THPT,2021,17.0,Ngôn ngữ Trung Quốc
91558,HLU,ngon-ngu-trung-quoc,A01,Điểm thi THPT,2022,21.0,Ngôn ngữ Trung Quốc
91559,HLU,ngon-ngu-trung-quoc,D01,Điểm thi THPT,2022,21.0,Ngôn ngữ Trung Quốc
91560,HLU,ngon-ngu-trung-quoc,D04,Điểm thi THPT,2022,21.0,Ngôn ngữ Trung Quốc
91561,HLU,ngon-ngu-trung-quoc,D78,Điểm thi THPT,2022,21.0,Ngôn ngữ Trung Quốc
91562,HLU,ngon-ngu-trung-quoc,A01,Điểm học bạ,2024,23.0,Ngôn ngữ Trung Quốc
91563,HLU,ngon-ngu-trung-quoc,D01,Điểm học bạ,2024,23.0,Ngôn ngữ Trung Quốc
91564,HLU,ngon-ngu-trung-quoc,D04,Điểm học bạ,2024,23.0,Ngôn ngữ Trung Quốc
91565,HLU,ngon-ngu-trung-quoc,D78,Điểm học bạ,2024,23.0,Ngôn ngữ Trung Quốc
91566,HLU,ngon-ngu-trung-quoc,A01,Điểm thi THPT,2024,22.5,Ngôn ngữ Trung Quốc
91567,HLU,ngon-ngu-trung-quoc,D01,Điểm thi THPT,2024,22.5,Ngôn ngữ Trung Quốc
91568,HLU,ngon-ngu-trung-quoc,D04,Điểm thi THPT,2024,22.5,Ngôn ngữ Trung Quốc
91569,HLU,ngon-ngu-trung-quoc,D78,Điểm thi THPT,2024,22.5,Ngôn ngữ Trung Quốc
91570,HLU,ngon-ngu-trung-quoc,A01,Điểm học bạ,2025,24.0,Ngôn ngữ Trung Quốc
91571,HLU,ngon-ngu-trung-quoc,D01,Điểm học bạ,2025,24.0,Ngôn ngữ Trung Quốc
91572,HLU,ngon-ngu-trung-quoc,D04,Điểm học bạ,2025,24.0,Ngôn ngữ Trung Quốc
91573,HLU,ngon-ngu-trung-quoc,D14,Điểm học bạ,2025,24.0,Ngôn ngữ Trung Quốc
91574,HLU,ngon-ngu-trung-quoc,D15,Điểm học bạ,2025,24.0,Ngôn ngữ Trung Quốc
91575,HLU,ngon-ngu-trung-quoc,D45,Điểm học bạ,2025,24.0,Ngôn ngữ Trung Quốc
91576,HLU,ngon-ngu-trung-quoc,X78,Điểm học bạ,2025,24.0,Ngôn ngữ Trung Quốc
91577,HLU,ngon-ngu-trung-quoc,X90,Điểm học bạ,2025,24.0,Ngôn ngữ Trung Quốc
91578,HLU,ngon-ngu-trung-quoc,A01,Điểm thi THPT,2025,22.5,Ngôn ngữ Trung Quốc
91579,HLU,ngon-ngu-trung-quoc,D01,Điểm thi THPT,2025,22.5,Ngôn ngữ Trung Quốc
91580,HLU,ngon-ngu-trung-quoc,D04,Điểm thi THPT,2025,22.5,Ngôn ngữ Trung Quốc
91581,HLU,ngon-ngu-trung-quoc,D14,Điểm thi THPT,2025,22.5,Ngôn ngữ Trung Quốc
91582,HLU,ngon-ngu-trung-quoc,D15,Điểm thi THPT,2025,22.5,Ngôn ngữ Trung Quốc
91583,HLU,ngon-ngu-trung-quoc,D45,Điểm thi THPT,2025,22.5,Ngôn ngữ Trung Quốc
91584,HLU,ngon-ngu-trung-quoc,X78,Điểm thi THPT,2025,22.5,Ngôn ngữ Trung Quốc
91585,HLU,ngon-ngu-trung-quoc,X90,Điểm thi THPT,2025,22.5,Ngôn ngữ Trung Quốc
91586,HLU,nuoi-trong-thuy-san,A00,Điểm học bạ,2021,18.0,Nuôi trồng thủy sản
91587,HLU,nuoi-trong-thuy-san,A01,Điểm học bạ,2021,18.0,Nuôi trồng thủy sản
91588,HLU,nuoi-trong-thuy-san,B00,Điểm học bạ,2021,18.0,Nuôi trồng thủy sản
91589,HLU,nuoi-trong-thuy-san,D01,Điểm học bạ,2021,18.0,Nuôi trồng thủy sản
91590,HLU,nuoi-trong-thuy-san,A00,Điểm thi THPT,2021,15.0,Nuôi trồng thủy sản
91591,HLU,nuoi-trong-thuy-san,A01,Điểm thi THPT,2021,15.0,Nuôi trồng thủy sản
91592,HLU,nuoi-trong-thuy-san,B00,Điểm thi THPT,2021,15.0,Nuôi trồng thủy sản
91593,HLU,nuoi-trong-thuy-san,D01,Điểm thi THPT,2021,15.0,Nuôi trồng thủy sản
91594,HLU,nuoi-trong-thuy-san,A00,Điểm thi THPT,2022,20.0,Nuôi trông thủy sản
91595,HLU,nuoi-trong-thuy-san,A01,Điểm thi THPT,2022,20.0,Nuôi trông thủy sản
91596,HLU,nuoi-trong-thuy-san,B00,Điểm thi THPT,2022,20.0,Nuôi trông thủy sản
91597,HLU,nuoi-trong-thuy-san,D01,Điểm thi THPT,2022,20.0,Nuôi trông thủy sản
91598,HLU,nuoi-trong-thuy-san,A00,Điểm học bạ,2024,18.0,Nuôi trồng thủy sản
91599,HLU,nuoi-trong-thuy-san,A01,Điểm học bạ,2024,18.0,Nuôi trồng thủy sản
91600,HLU,nuoi-trong-thuy-san,B00,Điểm học bạ,2024,18.0,Nuôi trồng thủy sản
91601,HLU,nuoi-trong-thuy-san,D01,Điểm học bạ,2024,18.0,Nuôi trồng thủy sản
91602,HLU,nuoi-trong-thuy-san,A00,Điểm thi THPT,2024,15.0,Nuôi trồng thủy sản
91603,HLU,nuoi-trong-thuy-san,A01,Điểm thi THPT,2024,15.0,Nuôi trồng thủy sản
91604,HLU,nuoi-trong-thuy-san,B00,Điểm thi THPT,2024,15.0,Nuôi trồng thủy sản
91605,HLU,nuoi-trong-thuy-san,D01,Điểm thi THPT,2024,15.0,Nuôi trồng thủy sản
91606,HLU,nuoi-trong-thuy-san,A00,Điểm học bạ,2025,18.0,Nuôi trồng thủy sản
91607,HLU,nuoi-trong-thuy-san,B00,Điểm học bạ,2025,18.0,Nuôi trồng thủy sản
91608,HLU,nuoi-trong-thuy-san,B02,Điểm học bạ,2025,18.0,Nuôi trồng thủy sản
91609,HLU,nuoi-trong-thuy-san,C02,Điểm học bạ,2025,18.0,Nuôi trồng thủy sản
91610,HLU,nuoi-trong-thuy-san,C04,Điểm học bạ,2025,18.0,Nuôi trồng thủy sản
91611,HLU,nuoi-trong-thuy-san,D01,Điểm học bạ,2025,18.0,Nuôi trồng thủy sản
91612,HLU,nuoi-trong-thuy-san,D10,Điểm học bạ,2025,18.0,Nuôi trồng thủy sản
91613,HLU,nuoi-trong-thuy-san,X01,Điểm học bạ,2025,18.0,Nuôi trồng thủy sản
91614,HLU,nuoi-trong-thuy-san,A00,Điểm thi THPT,2025,15.0,Nuôi trồng thủy sản
91615,HLU,nuoi-trong-thuy-san,B00,Điểm thi THPT,2025,15.0,Nuôi trồng thủy sản
91616,HLU,nuoi-trong-thuy-san,B02,Điểm thi THPT,2025,15.0,Nuôi trồng thủy sản
91617,HLU,nuoi-trong-thuy-san,C02,Điểm thi THPT,2025,15.0,Nuôi trồng thủy sản
91618,HLU,nuoi-trong-thuy-san,C04,Điểm thi THPT,2025,15.0,Nuôi trồng thủy sản
91619,HLU,nuoi-trong-thuy-san,D01,Điểm thi THPT,2025,15.0,Nuôi trồng thủy sản
91620,HLU,nuoi-trong-thuy-san,D10,Điểm thi THPT,2025,15.0,Nuôi trồng thủy sản
91621,HLU,nuoi-trong-thuy-san,X01,Điểm thi THPT,2025,15.0,Nuôi trồng thủy sản
91622,HLU,quan-ly-tai-nguyen-va-moi-truong,A00,Điểm học bạ,2021,18.0,Quản lý tài nguyên và môi trường
91623,HLU,quan-ly-tai-nguyen-va-moi-truong,A01,Điểm học bạ,2021,18.0,Quản lý tài nguyên và môi trường
91624,HLU,quan-ly-tai-nguyen-va-moi-truong,B00,Điểm học bạ,2021,18.0,Quản lý tài nguyên và môi trường
91625,HLU,quan-ly-tai-nguyen-va-moi-truong,D01,Điểm học bạ,2021,18.0,Quản lý tài nguyên và môi trường
91626,HLU,quan-ly-tai-nguyen-va-moi-truong,A00,Điểm thi THPT,2021,15.0,Quản lý tài nguyên và môi trường
91627,HLU,quan-ly-tai-nguyen-va-moi-truong,A01,Điểm thi THPT,2021,15.0,Quản lý tài nguyên và môi trường
91628,HLU,quan-ly-tai-nguyen-va-moi-truong,B00,Điểm thi THPT,2021,15.0,Quản lý tài nguyên và môi trường
91629,HLU,quan-ly-tai-nguyen-va-moi-truong,D01,Điểm thi THPT,2021,15.0,Quản lý tài nguyên và môi trường
91630,HLU,quan-ly-tai-nguyen-va-moi-truong,A00,Điểm thi THPT,2022,15.0,Quản lý tài nguyên và môi trường
91631,HLU,quan-ly-tai-nguyen-va-moi-truong,A01,Điểm thi THPT,2022,15.0,Quản lý tài nguyên và môi trường
91632,HLU,quan-ly-tai-nguyen-va-moi-truong,B00,Điểm thi THPT,2022,15.0,Quản lý tài nguyên và môi trường
91633,HLU,quan-ly-tai-nguyen-va-moi-truong,D01,Điểm thi THPT,2022,15.0,Quản lý tài nguyên và môi trường
91634,HLU,quan-ly-tai-nguyen-va-moi-truong,A00,Điểm học bạ,2024,18.0,Quản lý tài nguyên và môi trường
91635,HLU,quan-ly-tai-nguyen-va-moi-truong,B00,Điểm học bạ,2024,18.0,Quản lý tài nguyên và môi trường
91636,HLU,quan-ly-tai-nguyen-va-moi-truong,D01,Điểm học bạ,2024,18.0,Quản lý tài nguyên và môi trường
91637,HLU,quan-ly-tai-nguyen-va-moi-truong,D10,Điểm học bạ,2024,18.0,Quản lý tài nguyên và môi trường
91638,HLU,quan-ly-tai-nguyen-va-moi-truong,A00,Điểm thi THPT,2024,15.0,Quản lý tài nguyên và môi trường
91639,HLU,quan-ly-tai-nguyen-va-moi-truong,B00,Điểm thi THPT,2024,15.0,Quản lý tài nguyên và môi trường
91640,HLU,quan-ly-tai-nguyen-va-moi-truong,D01,Điểm thi THPT,2024,15.0,Quản lý tài nguyên và môi trường
91641,HLU,quan-ly-tai-nguyen-va-moi-truong,D10,Điểm thi THPT,2024,15.0,Quản lý tài nguyên và môi trường
91642,HLU,quan-ly-tai-nguyen-va-moi-truong,A00,Điểm học bạ,2025,18.0,Quản lý tài nguyên và môi trường
91643,HLU,quan-ly-tai-nguyen-va-moi-truong,B00,Điểm học bạ,2025,18.0,Quản lý tài nguyên và môi trường
91644,HLU,quan-ly-tai-nguyen-va-moi-truong,B02,Điểm học bạ,2025,18.0,Quản lý tài nguyên và môi trường
91645,HLU,quan-ly-tai-nguyen-va-moi-truong,D01,Điểm học bạ,2025,18.0,Quản lý tài nguyên và môi trường
91646,HLU,quan-ly-tai-nguyen-va-moi-truong,D10,Điểm học bạ,2025,18.0,Quản lý tài nguyên và môi trường
91647,HLU,quan-ly-tai-nguyen-va-moi-truong,X01,Điểm học bạ,2025,18.0,Quản lý tài nguyên và môi trường
91648,HLU,quan-ly-tai-nguyen-va-moi-truong,X21,Điểm học bạ,2025,18.0,Quản lý tài nguyên và môi trường
91649,HLU,quan-ly-tai-nguyen-va-moi-truong,X25,Điểm học bạ,2025,18.0,Quản lý tài nguyên và môi trường
91650,HLU,quan-ly-tai-nguyen-va-moi-truong,A00,Điểm thi THPT,2025,15.0,Quản lý tài nguyên và môi trường
91651,HLU,quan-ly-tai-nguyen-va-moi-truong,B00,Điểm thi THPT,2025,15.0,Quản lý tài nguyên và môi trường
91652,HLU,quan-ly-tai-nguyen-va-moi-truong,B02,Điểm thi THPT,2025,15.0,Quản lý tài nguyên và môi trường
91653,HLU,quan-ly-tai-nguyen-va-moi-truong,D01,Điểm thi THPT,2025,15.0,Quản lý tài nguyên và môi trường
91654,HLU,quan-ly-tai-nguyen-va-moi-truong,D10,Điểm thi THPT,2025,15.0,Quản lý tài nguyên và môi trường
91655,HLU,quan-ly-tai-nguyen-va-moi-truong,X01,Điểm thi THPT,2025,15.0,Quản lý tài nguyên và môi trường
91656,HLU,quan-ly-tai-nguyen-va-moi-truong,X21,Điểm thi THPT,2025,15.0,Quản lý tài nguyên và môi trường
91657,HLU,quan-ly-tai-nguyen-va-moi-truong,X25,Điểm thi THPT,2025,15.0,Quản lý tài nguyên và môi trường
91658,HLU,quan-ly-van-hoa,C00,Điểm thi THPT,2022,15.0,Quản lý văn hóa
91659,HLU,quan-ly-van-hoa,C04,Điểm thi THPT,2022,15.0,Quản lý văn hóa
91660,HLU,quan-ly-van-hoa,D01,Điểm thi THPT,2022,15.0,Quản lý văn hóa
91661,HLU,quan-ly-van-hoa,D15,Điểm thi THPT,2022,15.0,Quản lý văn hóa
91662,HLU,quan-ly-van-hoa,C00,Điểm học bạ,2024,18.0,Quản lý văn hóa
91663,HLU,quan-ly-van-hoa,C04,Điểm học bạ,2024,18.0,Quản lý văn hóa
91664,HLU,quan-ly-van-hoa,D01,Điểm học bạ,2024,18.0,Quản lý văn hóa
91665,HLU,quan-ly-van-hoa,D15,Điểm học bạ,2024,18.0,Quản lý văn hóa
91666,HLU,quan-ly-van-hoa,C00,Điểm thi THPT,2024,17.0,Quản lý văn hóa
91667,HLU,quan-ly-van-hoa,C04,Điểm thi THPT,2024,17.0,Quản lý văn hóa
91668,HLU,quan-ly-van-hoa,D01,Điểm thi THPT,2024,17.0,Quản lý văn hóa
91669,HLU,quan-ly-van-hoa,D15,Điểm thi THPT,2024,17.0,Quản lý văn hóa
91670,HLU,quan-ly-van-hoa,C00,Điểm học bạ,2025,19.5,Quản lý văn hóa
91671,HLU,quan-ly-van-hoa,C03,Điểm học bạ,2025,19.5,Quản lý văn hóa
91672,HLU,quan-ly-van-hoa,C04,Điểm học bạ,2025,19.5,Quản lý văn hóa
91673,HLU,quan-ly-van-hoa,D01,Điểm học bạ,2025,19.5,Quản lý văn hóa
91674,HLU,quan-ly-van-hoa,D14,Điểm học bạ,2025,19.5,Quản lý văn hóa
91675,HLU,quan-ly-van-hoa,D15,Điểm học bạ,2025,19.5,Quản lý văn hóa
91676,HLU,quan-ly-van-hoa,D65,Điểm học bạ,2025,19.5,Quản lý văn hóa
91677,HLU,quan-ly-van-hoa,X70,Điểm học bạ,2025,19.5,Quản lý văn hóa
91678,HLU,quan-ly-van-hoa,C00,Điểm thi THPT,2025,17.0,Quản lý văn hóa
91679,HLU,quan-ly-van-hoa,C03,Điểm thi THPT,2025,17.0,Quản lý văn hóa
91680,HLU,quan-ly-van-hoa,C04,Điểm thi THPT,2025,17.0,Quản lý văn hóa
91681,HLU,quan-ly-van-hoa,D01,Điểm thi THPT,2025,17.0,Quản lý văn hóa
91682,HLU,quan-ly-van-hoa,D14,Điểm thi THPT,2025,17.0,Quản lý văn hóa
91683,HLU,quan-ly-van-hoa,D15,Điểm thi THPT,2025,17.0,Quản lý văn hóa
91684,HLU,quan-ly-van-hoa,D65,Điểm thi THPT,2025,17.0,Quản lý văn hóa
91685,HLU,quan-ly-van-hoa,X70,Điểm thi THPT,2025,17.0,Quản lý văn hóa
91686,HLU,quan-ly-van-hoa-gom-cac-chuyen-nganh-quan-ly-van-hoa-du-lich-to-chuc-su-kien,C00,Điểm học bạ,2021,18.0,"Quản lý văn hóa, gồm các chuyên ngành: – Quản lý văn hóa du lịch – Tổ chức sự kiện"
91687,HLU,quan-ly-van-hoa-gom-cac-chuyen-nganh-quan-ly-van-hoa-du-lich-to-chuc-su-kien,D01,Điểm học bạ,2021,18.0,"Quản lý văn hóa, gồm các chuyên ngành: – Quản lý văn hóa du lịch – Tổ chức sự kiện"
91688,HLU,quan-ly-van-hoa-gom-cac-chuyen-nganh-quan-ly-van-hoa-du-lich-to-chuc-su-kien,D10,Điểm học bạ,2021,18.0,"Quản lý văn hóa, gồm các chuyên ngành: – Quản lý văn hóa du lịch – Tổ chức sự kiện"
91689,HLU,quan-ly-van-hoa-gom-cac-chuyen-nganh-quan-ly-van-hoa-du-lich-to-chuc-su-kien,D78,Điểm học bạ,2021,18.0,"Quản lý văn hóa, gồm các chuyên ngành: – Quản lý văn hóa du lịch – Tổ chức sự kiện"
91690,HLU,quan-ly-van-hoa-gom-cac-chuyen-nganh-quan-ly-van-hoa-du-lich-to-chuc-su-kien,C00,Điểm thi THPT,2021,15.0,"Quản lý văn hóa, gồm các chuyên ngành: – Quản lý văn hóa du lịch – Tổ chức sự kiện"
91691,HLU,quan-ly-van-hoa-gom-cac-chuyen-nganh-quan-ly-van-hoa-du-lich-to-chuc-su-kien,D01,Điểm thi THPT,2021,15.0,"Quản lý văn hóa, gồm các chuyên ngành: – Quản lý văn hóa du lịch – Tổ chức sự kiện"
91692,HLU,quan-ly-van-hoa-gom-cac-chuyen-nganh-quan-ly-van-hoa-du-lich-to-chuc-su-kien,D10,Điểm thi THPT,2021,15.0,"Quản lý văn hóa, gồm các chuyên ngành: – Quản lý văn hóa du lịch – Tổ chức sự kiện"
91693,HLU,quan-ly-van-hoa-gom-cac-chuyen-nganh-quan-ly-van-hoa-du-lich-to-chuc-su-kien,D78,Điểm thi THPT,2021,15.0,"Quản lý văn hóa, gồm các chuyên ngành: – Quản lý văn hóa du lịch – Tổ chức sự kiện"
91694,HLU,quan-tri-dich-vu-du-lich-va-lu-hanh,A00,Điểm học bạ,2021,18.0,Quản trị dịch vụ du lịch và lữ hành
91695,HLU,quan-tri-dich-vu-du-lich-va-lu-hanh,A01,Điểm học bạ,2021,18.0,Quản trị dịch vụ du lịch và lữ hành
91696,HLU,quan-tri-dich-vu-du-lich-va-lu-hanh,D01,Điểm học bạ,2021,18.0,Quản trị dịch vụ du lịch và lữ hành
91697,HLU,quan-tri-dich-vu-du-lich-va-lu-hanh,D90,Điểm học bạ,2021,18.0,Quản trị dịch vụ du lịch và lữ hành
91698,HLU,quan-tri-dich-vu-du-lich-va-lu-hanh,A00,Điểm thi THPT,2021,16.0,Quản trị dịch vụ du lịch và lữ hành
91699,HLU,quan-tri-dich-vu-du-lich-va-lu-hanh,A01,Điểm thi THPT,2021,16.0,Quản trị dịch vụ du lịch và lữ hành
91700,HLU,quan-tri-dich-vu-du-lich-va-lu-hanh,D01,Điểm thi THPT,2021,16.0,Quản trị dịch vụ du lịch và lữ hành
91701,HLU,quan-tri-dich-vu-du-lich-va-lu-hanh,D90,Điểm thi THPT,2021,16.0,Quản trị dịch vụ du lịch và lữ hành
91702,HLU,quan-tri-dich-vu-du-lich-va-lu-hanh,A00,Điểm thi THPT,2022,18.0,Quản trị dịch vụ du lịch và lữ hành
91703,HLU,quan-tri-dich-vu-du-lich-va-lu-hanh,A01,Điểm thi THPT,2022,18.0,Quản trị dịch vụ du lịch và lữ hành
91704,HLU,quan-tri-dich-vu-du-lich-va-lu-hanh,D01,Điểm thi THPT,2022,18.0,Quản trị dịch vụ du lịch và lữ hành
91705,HLU,quan-tri-dich-vu-du-lich-va-lu-hanh,D10,Điểm thi THPT,2022,18.0,Quản trị dịch vụ du lịch và lữ hành
91706,HLU,quan-tri-dich-vu-du-lich-va-lu-hanh,A00,Điểm học bạ,2024,19.0,Quản trị dịch vụ du lịch và lữ hành
91707,HLU,quan-tri-dich-vu-du-lich-va-lu-hanh,A01,Điểm học bạ,2024,19.0,Quản trị dịch vụ du lịch và lữ hành
91708,HLU,quan-tri-dich-vu-du-lich-va-lu-hanh,D01,Điểm học bạ,2024,19.0,Quản trị dịch vụ du lịch và lữ hành
91709,HLU,quan-tri-dich-vu-du-lich-va-lu-hanh,D10,Điểm học bạ,2024,19.0,Quản trị dịch vụ du lịch và lữ hành
91710,HLU,quan-tri-dich-vu-du-lich-va-lu-hanh,A00,Điểm thi THPT,2024,15.0,Quản trị dịch vụ du lịch và lữ hành
91711,HLU,quan-tri-dich-vu-du-lich-va-lu-hanh,A01,Điểm thi THPT,2024,15.0,Quản trị dịch vụ du lịch và lữ hành
91712,HLU,quan-tri-dich-vu-du-lich-va-lu-hanh,D01,Điểm thi THPT,2024,15.0,Quản trị dịch vụ du lịch và lữ hành
91713,HLU,quan-tri-dich-vu-du-lich-va-lu-hanh,D10,Điểm thi THPT,2024,15.0,Quản trị dịch vụ du lịch và lữ hành
91714,HLU,quan-tri-dich-vu-du-lich-va-lu-hanh,A00,Điểm học bạ,2025,22.15,Quản trị dịch vụ du lịch và lữ hành
91715,HLU,quan-tri-dich-vu-du-lich-va-lu-hanh,A01,Điểm học bạ,2025,22.15,Quản trị dịch vụ du lịch và lữ hành
91716,HLU,quan-tri-dich-vu-du-lich-va-lu-hanh,C00,Điểm học bạ,2025,22.15,Quản trị dịch vụ du lịch và lữ hành
91717,HLU,quan-tri-dich-vu-du-lich-va-lu-hanh,D01,Điểm học bạ,2025,22.15,Quản trị dịch vụ du lịch và lữ hành
91718,HLU,quan-tri-dich-vu-du-lich-va-lu-hanh,D04,Điểm học bạ,2025,22.15,Quản trị dịch vụ du lịch và lữ hành
91719,HLU,quan-tri-dich-vu-du-lich-va-lu-hanh,D10,Điểm học bạ,2025,22.15,Quản trị dịch vụ du lịch và lữ hành
91720,HLU,quan-tri-dich-vu-du-lich-va-lu-hanh,D14,Điểm học bạ,2025,22.15,Quản trị dịch vụ du lịch và lữ hành
91721,HLU,quan-tri-dich-vu-du-lich-va-lu-hanh,D45,Điểm học bạ,2025,22.15,Quản trị dịch vụ du lịch và lữ hành
91722,HLU,quan-tri-dich-vu-du-lich-va-lu-hanh,A00,Điểm thi THPT,2025,20.0,Quản trị dịch vụ du lịch và lữ hành
91723,HLU,quan-tri-dich-vu-du-lich-va-lu-hanh,A01,Điểm thi THPT,2025,20.0,Quản trị dịch vụ du lịch và lữ hành
91724,HLU,quan-tri-dich-vu-du-lich-va-lu-hanh,C00,Điểm thi THPT,2025,20.0,Quản trị dịch vụ du lịch và lữ hành
91725,HLU,quan-tri-dich-vu-du-lich-va-lu-hanh,D01,Điểm thi THPT,2025,20.0,Quản trị dịch vụ du lịch và lữ hành
91726,HLU,quan-tri-dich-vu-du-lich-va-lu-hanh,D04,Điểm thi THPT,2025,20.0,Quản trị dịch vụ du lịch và lữ hành
91727,HLU,quan-tri-dich-vu-du-lich-va-lu-hanh,D10,Điểm thi THPT,2025,20.0,Quản trị dịch vụ du lịch và lữ hành
91728,HLU,quan-tri-dich-vu-du-lich-va-lu-hanh,D14,Điểm thi THPT,2025,20.0,Quản trị dịch vụ du lịch và lữ hành
91729,HLU,quan-tri-dich-vu-du-lich-va-lu-hanh,D45,Điểm thi THPT,2025,20.0,Quản trị dịch vụ du lịch và lữ hành
91730,HLU,quan-tri-khach-san,A00,Điểm học bạ,2021,18.0,Quản trị khách sạn
91731,HLU,quan-tri-khach-san,A01,Điểm học bạ,2021,18.0,Quản trị khách sạn
91732,HLU,quan-tri-khach-san,D01,Điểm học bạ,2021,18.0,Quản trị khách sạn
91733,HLU,quan-tri-khach-san,D90,Điểm học bạ,2021,18.0,Quản trị khách sạn
91734,HLU,quan-tri-khach-san,A00,Điểm thi THPT,2021,16.0,Quản trị khách sạn
91735,HLU,quan-tri-khach-san,A01,Điểm thi THPT,2021,16.0,Quản trị khách sạn
91736,HLU,quan-tri-khach-san,D01,Điểm thi THPT,2021,16.0,Quản trị khách sạn
91737,HLU,quan-tri-khach-san,D90,Điểm thi THPT,2021,16.0,Quản trị khách sạn
91738,HLU,quan-tri-khach-san,A00,Điểm thi THPT,2022,15.0,Quản trị khách sạn
91739,HLU,quan-tri-khach-san,A01,Điểm thi THPT,2022,15.0,Quản trị khách sạn
91740,HLU,quan-tri-khach-san,D01,Điểm thi THPT,2022,15.0,Quản trị khách sạn
91741,HLU,quan-tri-khach-san,D10,Điểm thi THPT,2022,15.0,Quản trị khách sạn
91742,HLU,quan-tri-khach-san,A00,Điểm học bạ,2024,18.0,Quản trị khách sạn
91743,HLU,quan-tri-khach-san,A01,Điểm học bạ,2024,18.0,Quản trị khách sạn
91744,HLU,quan-tri-khach-san,D01,Điểm học bạ,2024,18.0,Quản trị khách sạn
91745,HLU,quan-tri-khach-san,D10,Điểm học bạ,2024,18.0,Quản trị khách sạn
91746,HLU,quan-tri-khach-san,A00,Điểm thi THPT,2024,15.0,Quản trị khách sạn
91747,HLU,quan-tri-khach-san,A01,Điểm thi THPT,2024,15.0,Quản trị khách sạn
91748,HLU,quan-tri-khach-san,D01,Điểm thi THPT,2024,15.0,Quản trị khách sạn
91749,HLU,quan-tri-khach-san,D10,Điểm thi THPT,2024,15.0,Quản trị khách sạn
91750,HLU,quan-tri-khach-san,A00,Điểm học bạ,2025,19.0,Quản trị khách sạn
91751,HLU,quan-tri-khach-san,A01,Điểm học bạ,2025,19.0,Quản trị khách sạn
91752,HLU,quan-tri-khach-san,C03,Điểm học bạ,2025,19.0,Quản trị khách sạn
91753,HLU,quan-tri-khach-san,C04,Điểm học bạ,2025,19.0,Quản trị khách sạn
91754,HLU,quan-tri-khach-san,D01,Điểm học bạ,2025,19.0,Quản trị khách sạn
91755,HLU,quan-tri-khach-san,D10,Điểm học bạ,2025,19.0,Quản trị khách sạn
91756,HLU,quan-tri-khach-san,D11,Điểm học bạ,2025,19.0,Quản trị khách sạn
91757,HLU,quan-tri-khach-san,X01,Điểm học bạ,2025,19.0,Quản trị khách sạn
91758,HLU,quan-tri-khach-san,A00,Điểm thi THPT,2025,16.0,Quản trị khách sạn
91759,HLU,quan-tri-khach-san,A01,Điểm thi THPT,2025,16.0,Quản trị khách sạn
91760,HLU,quan-tri-khach-san,C03,Điểm thi THPT,2025,16.0,Quản trị khách sạn
91761,HLU,quan-tri-khach-san,C04,Điểm thi THPT,2025,16.0,Quản trị khách sạn
91762,HLU,quan-tri-khach-san,D01,Điểm thi THPT,2025,16.0,Quản trị khách sạn
91763,HLU,quan-tri-khach-san,D10,Điểm thi THPT,2025,16.0,Quản trị khách sạn
91764,HLU,quan-tri-khach-san,D11,Điểm thi THPT,2025,16.0,Quản trị khách sạn
91765,HLU,quan-tri-khach-san,X01,Điểm thi THPT,2025,16.0,Quản trị khách sạn
91766,HLU,quan-tri-kinh-doanh,A00,Điểm thi THPT,2022,19.0,Quản trị kinh doanh
91767,HLU,quan-tri-kinh-doanh,A01,Điểm thi THPT,2022,19.0,Quản trị kinh doanh
91768,HLU,quan-tri-kinh-doanh,D01,Điểm thi THPT,2022,19.0,Quản trị kinh doanh
91769,HLU,quan-tri-kinh-doanh,D10,Điểm thi THPT,2022,19.0,Quản trị kinh doanh
91770,HLU,quan-tri-kinh-doanh,A00,Điểm học bạ,2024,18.0,Quản trị kinh doanh
91771,HLU,quan-tri-kinh-doanh,A01,Điểm học bạ,2024,18.0,Quản trị kinh doanh
91772,HLU,quan-tri-kinh-doanh,D01,Điểm học bạ,2024,18.0,Quản trị kinh doanh
91773,HLU,quan-tri-kinh-doanh,D10,Điểm học bạ,2024,18.0,Quản trị kinh doanh
91774,HLU,quan-tri-kinh-doanh,A00,Điểm thi THPT,2024,15.0,Quản trị kinh doanh
91775,HLU,quan-tri-kinh-doanh,A01,Điểm thi THPT,2024,15.0,Quản trị kinh doanh
91776,HLU,quan-tri-kinh-doanh,D01,Điểm thi THPT,2024,15.0,Quản trị kinh doanh
91777,HLU,quan-tri-kinh-doanh,D10,Điểm thi THPT,2024,15.0,Quản trị kinh doanh
91778,HLU,quan-tri-kinh-doanh,A00,Điểm học bạ,2025,19.0,Quản trị kinh doanh
91779,HLU,quan-tri-kinh-doanh,A01,Điểm học bạ,2025,19.0,Quản trị kinh doanh
91780,HLU,quan-tri-kinh-doanh,C01,Điểm học bạ,2025,19.0,Quản trị kinh doanh
91781,HLU,quan-tri-kinh-doanh,C04,Điểm học bạ,2025,19.0,Quản trị kinh doanh
91782,HLU,quan-tri-kinh-doanh,D01,Điểm học bạ,2025,19.0,Quản trị kinh doanh
91783,HLU,quan-tri-kinh-doanh,D10,Điểm học bạ,2025,19.0,Quản trị kinh doanh
91784,HLU,quan-tri-kinh-doanh,X01,Điểm học bạ,2025,19.0,Quản trị kinh doanh
91785,HLU,quan-tri-kinh-doanh,X21,Điểm học bạ,2025,19.0,Quản trị kinh doanh
91786,HLU,quan-tri-kinh-doanh,A00,Điểm thi THPT,2025,16.0,Quản trị kinh doanh
91787,HLU,quan-tri-kinh-doanh,A01,Điểm thi THPT,2025,16.0,Quản trị kinh doanh
91788,HLU,quan-tri-kinh-doanh,C01,Điểm thi THPT,2025,16.0,Quản trị kinh doanh
91789,HLU,quan-tri-kinh-doanh,C04,Điểm thi THPT,2025,16.0,Quản trị kinh doanh
91790,HLU,quan-tri-kinh-doanh,D01,Điểm thi THPT,2025,16.0,Quản trị kinh doanh
91791,HLU,quan-tri-kinh-doanh,D10,Điểm thi THPT,2025,16.0,Quản trị kinh doanh
91792,HLU,quan-tri-kinh-doanh,X01,Điểm thi THPT,2025,16.0,Quản trị kinh doanh
91793,HLU,quan-tri-kinh-doanh,X21,Điểm thi THPT,2025,16.0,Quản trị kinh doanh
91794,HLU,quan-tri-nha-hang-va-dich-vu-an-uong,A00,Điểm học bạ,2021,18.0,Quản trị nhà hàng và dịch vụ ăn uống
91795,HLU,quan-tri-nha-hang-va-dich-vu-an-uong,A01,Điểm học bạ,2021,18.0,Quản trị nhà hàng và dịch vụ ăn uống
91796,HLU,quan-tri-nha-hang-va-dich-vu-an-uong,C00,Điểm học bạ,2021,18.0,Quản trị nhà hàng và dịch vụ ăn uống
91797,HLU,quan-tri-nha-hang-va-dich-vu-an-uong,D01,Điểm học bạ,2021,18.0,Quản trị nhà hàng và dịch vụ ăn uống
91798,HLU,quan-tri-nha-hang-va-dich-vu-an-uong,A00,Điểm thi THPT,2021,16.0,Quản trị nhà hàng và dịch vụ ăn uống
91799,HLU,quan-tri-nha-hang-va-dich-vu-an-uong,A01,Điểm thi THPT,2021,16.0,Quản trị nhà hàng và dịch vụ ăn uống
91800,HLU,quan-tri-nha-hang-va-dich-vu-an-uong,C00,Điểm thi THPT,2021,16.0,Quản trị nhà hàng và dịch vụ ăn uống
91801,HLU,quan-tri-nha-hang-va-dich-vu-an-uong,D01,Điểm thi THPT,2021,16.0,Quản trị nhà hàng và dịch vụ ăn uống
91802,HLU,quan-tri-nha-hang-va-dich-vu-an-uong,A01,Điểm thi THPT,2022,18.0,Quản trị nhà hàng và dịch vụ ăn uống
91803,HLU,quan-tri-nha-hang-va-dich-vu-an-uong,C00,Điểm thi THPT,2022,18.0,Quản trị nhà hàng và dịch vụ ăn uống
91804,HLU,quan-tri-nha-hang-va-dich-vu-an-uong,D01,Điểm thi THPT,2022,18.0,Quản trị nhà hàng và dịch vụ ăn uống
91805,HLU,quan-tri-nha-hang-va-dich-vu-an-uong,D15,Điểm thi THPT,2022,18.0,Quản trị nhà hàng và dịch vụ ăn uống
91806,HLU,quan-tri-nha-hang-va-dich-vu-an-uong,A01,Điểm học bạ,2024,18.0,Quản trị nhà hàng và dịch vụ ăn uống
91807,HLU,quan-tri-nha-hang-va-dich-vu-an-uong,C00,Điểm học bạ,2024,18.0,Quản trị nhà hàng và dịch vụ ăn uống
91808,HLU,quan-tri-nha-hang-va-dich-vu-an-uong,D01,Điểm học bạ,2024,18.0,Quản trị nhà hàng và dịch vụ ăn uống
91809,HLU,quan-tri-nha-hang-va-dich-vu-an-uong,D15,Điểm học bạ,2024,18.0,Quản trị nhà hàng và dịch vụ ăn uống
91810,HLU,quan-tri-nha-hang-va-dich-vu-an-uong,A01,Điểm thi THPT,2024,15.0,Quản trị nhà hàng và dịch vụ ăn uống
91811,HLU,quan-tri-nha-hang-va-dich-vu-an-uong,C00,Điểm thi THPT,2024,15.0,Quản trị nhà hàng và dịch vụ ăn uống
91812,HLU,quan-tri-nha-hang-va-dich-vu-an-uong,D01,Điểm thi THPT,2024,15.0,Quản trị nhà hàng và dịch vụ ăn uống
91813,HLU,quan-tri-nha-hang-va-dich-vu-an-uong,D15,Điểm thi THPT,2024,15.0,Quản trị nhà hàng và dịch vụ ăn uống
91814,HLU,quan-tri-nha-hang-va-dich-vu-an-uong,C00,Điểm học bạ,2025,19.0,Quản trị nhà hàng và dịch vụ ăn uống
91815,HLU,quan-tri-nha-hang-va-dich-vu-an-uong,C03,Điểm học bạ,2025,19.0,Quản trị nhà hàng và dịch vụ ăn uống
91816,HLU,quan-tri-nha-hang-va-dich-vu-an-uong,C04,Điểm học bạ,2025,19.0,Quản trị nhà hàng và dịch vụ ăn uống
91817,HLU,quan-tri-nha-hang-va-dich-vu-an-uong,D01,Điểm học bạ,2025,19.0,Quản trị nhà hàng và dịch vụ ăn uống
91818,HLU,quan-tri-nha-hang-va-dich-vu-an-uong,D15,Điểm học bạ,2025,19.0,Quản trị nhà hàng và dịch vụ ăn uống
91819,HLU,quan-tri-nha-hang-va-dich-vu-an-uong,X01,Điểm học bạ,2025,19.0,Quản trị nhà hàng và dịch vụ ăn uống
91820,HLU,quan-tri-nha-hang-va-dich-vu-an-uong,X74,Điểm học bạ,2025,19.0,Quản trị nhà hàng và dịch vụ ăn uống
91821,HLU,quan-tri-nha-hang-va-dich-vu-an-uong,X78,Điểm học bạ,2025,19.0,Quản trị nhà hàng và dịch vụ ăn uống
91822,HLU,quan-tri-nha-hang-va-dich-vu-an-uong,C00,Điểm thi THPT,2025,16.0,Quản trị nhà hàng và dịch vụ ăn uống
91823,HLU,quan-tri-nha-hang-va-dich-vu-an-uong,C03,Điểm thi THPT,2025,16.0,Quản trị nhà hàng và dịch vụ ăn uống
91824,HLU,quan-tri-nha-hang-va-dich-vu-an-uong,C04,Điểm thi THPT,2025,16.0,Quản trị nhà hàng và dịch vụ ăn uống
91825,HLU,quan-tri-nha-hang-va-dich-vu-an-uong,D01,Điểm thi THPT,2025,16.0,Quản trị nhà hàng và dịch vụ ăn uống
91826,HLU,quan-tri-nha-hang-va-dich-vu-an-uong,D15,Điểm thi THPT,2025,16.0,Quản trị nhà hàng và dịch vụ ăn uống
91827,HLU,quan-tri-nha-hang-va-dich-vu-an-uong,X01,Điểm thi THPT,2025,16.0,Quản trị nhà hàng và dịch vụ ăn uống
91828,HLU,quan-tri-nha-hang-va-dich-vu-an-uong,X74,Điểm thi THPT,2025,16.0,Quản trị nhà hàng và dịch vụ ăn uống
91829,HLU,quan-tri-nha-hang-va-dich-vu-an-uong,X78,Điểm thi THPT,2025,16.0,Quản trị nhà hàng và dịch vụ ăn uống
91830,HLU,su-pham-am-nhac,N00,Điểm thi THPT,2025,19.0,Sư phạm Âm nhạc
91831,HLU,su-pham-khoa-hoc-tu-nhien,A00,Điểm học bạ,2024,25.5,Sư phạm Khoa học tự nhiên
91832,HLU,su-pham-khoa-hoc-tu-nhien,A01,Điểm học bạ,2024,25.5,Sư phạm Khoa học tự nhiên
91833,HLU,su-pham-khoa-hoc-tu-nhien,B00,Điểm học bạ,2024,25.5,Sư phạm Khoa học tự nhiên
91834,HLU,su-pham-khoa-hoc-tu-nhien,D07,Điểm học bạ,2024,25.5,Sư phạm Khoa học tự nhiên
91835,HLU,su-pham-khoa-hoc-tu-nhien,A00,Điểm thi THPT,2024,19.5,Sư phạm Khoa học tự nhiên
91836,HLU,su-pham-khoa-hoc-tu-nhien,A01,Điểm thi THPT,2024,19.5,Sư phạm Khoa học tự nhiên
91837,HLU,su-pham-khoa-hoc-tu-nhien,B00,Điểm thi THPT,2024,19.5,Sư phạm Khoa học tự nhiên
91838,HLU,su-pham-khoa-hoc-tu-nhien,D07,Điểm thi THPT,2024,19.5,Sư phạm Khoa học tự nhiên
91839,HLU,su-pham-khoa-hoc-tu-nhien,A00,Điểm thi THPT,2025,22.52,Sư phạm Khoa học tự nhiên
91840,HLU,su-pham-khoa-hoc-tu-nhien,A01,Điểm thi THPT,2025,22.52,Sư phạm Khoa học tự nhiên
91841,HLU,su-pham-khoa-hoc-tu-nhien,A02,Điểm thi THPT,2025,22.52,Sư phạm Khoa học tự nhiên
91842,HLU,su-pham-khoa-hoc-tu-nhien,B00,Điểm thi THPT,2025,22.52,Sư phạm Khoa học tự nhiên
91843,HLU,su-pham-khoa-hoc-tu-nhien,C01,Điểm thi THPT,2025,22.52,Sư phạm Khoa học tự nhiên
91844,HLU,su-pham-khoa-hoc-tu-nhien,C02,Điểm thi THPT,2025,22.52,Sư phạm Khoa học tự nhiên
91845,HLU,su-pham-khoa-hoc-tu-nhien,D07,Điểm thi THPT,2025,22.52,Sư phạm Khoa học tự nhiên
91846,HLU,su-pham-ngu-van,C00,Điểm học bạ,2024,26.5,Sư phạm Ngữ văn
91847,HLU,su-pham-ngu-van,C04,Điểm học bạ,2024,26.5,Sư phạm Ngữ văn
91848,HLU,su-pham-ngu-van,D01,Điểm học bạ,2024,26.5,Sư phạm Ngữ văn
91849,HLU,su-pham-ngu-van,D15,Điểm học bạ,2024,26.5,Sư phạm Ngữ văn
91850,HLU,su-pham-ngu-van,C00,Điểm thi THPT,2024,26.9,Sư phạm Ngữ văn
91851,HLU,su-pham-ngu-van,C04,Điểm thi THPT,2024,26.9,Sư phạm Ngữ văn
91852,HLU,su-pham-ngu-van,D01,Điểm thi THPT,2024,26.9,Sư phạm Ngữ văn
91853,HLU,su-pham-ngu-van,D15,Điểm thi THPT,2024,26.9,Sư phạm Ngữ văn
91854,HLU,su-pham-ngu-van,C00,Điểm thi THPT,2025,27.32,Sư phạm Ngữ văn
91855,HLU,su-pham-ngu-van,C04,Điểm thi THPT,2025,27.32,Sư phạm Ngữ văn
91856,HLU,su-pham-ngu-van,D01,Điểm thi THPT,2025,27.32,Sư phạm Ngữ văn
91857,HLU,su-pham-ngu-van,D14,Điểm thi THPT,2025,27.32,Sư phạm Ngữ văn
91858,HLU,su-pham-ngu-van,D15,Điểm thi THPT,2025,27.32,Sư phạm Ngữ văn
91859,HLU,su-pham-ngu-van,X70,Điểm thi THPT,2025,27.32,Sư phạm Ngữ văn
91860,HLU,su-pham-ngu-van,X74,Điểm thi THPT,2025,27.32,Sư phạm Ngữ văn
91861,HLU,su-pham-ngu-van,X78,Điểm thi THPT,2025,27.32,Sư phạm Ngữ văn
91862,HLU,su-pham-tieng-anh,A01,Điểm học bạ,2024,27.0,Sư phạm Tiếng Anh
91863,HLU,su-pham-tieng-anh,D01,Điểm học bạ,2024,27.0,Sư phạm Tiếng Anh
91864,HLU,su-pham-tieng-anh,D15,Điểm học bạ,2024,27.0,Sư phạm Tiếng Anh
91865,HLU,su-pham-tieng-anh,D78,Điểm học bạ,2024,27.0,Sư phạm Tiếng Anh
91866,HLU,su-pham-tieng-anh,A01,Điểm thi THPT,2024,25.2,Sư phạm Tiếng Anh
91867,HLU,su-pham-tieng-anh,D01,Điểm thi THPT,2024,25.2,Sư phạm Tiếng Anh
91868,HLU,su-pham-tieng-anh,D15,Điểm thi THPT,2024,25.2,Sư phạm Tiếng Anh
91869,HLU,su-pham-tieng-anh,D78,Điểm thi THPT,2024,25.2,Sư phạm Tiếng Anh
91870,HLU,su-pham-tieng-anh,D01,Điểm thi THPT,2025,23.6,Sư phạm Tiếng Anh
91871,HLU,su-pham-tieng-anh,D09,Điểm thi THPT,2025,23.6,Sư phạm Tiếng Anh
91872,HLU,su-pham-tieng-anh,D10,Điểm thi THPT,2025,23.6,Sư phạm Tiếng Anh
91873,HLU,su-pham-tieng-anh,D14,Điểm thi THPT,2025,23.6,Sư phạm Tiếng Anh
91874,HLU,su-pham-tieng-anh,D15,Điểm thi THPT,2025,23.6,Sư phạm Tiếng Anh
91875,HLU,su-pham-tin-hoc,A00,Điểm học bạ,2024,20.0,Sư phạm Tin học
91876,HLU,su-pham-tin-hoc,A01,Điểm học bạ,2024,20.0,Sư phạm Tin học
91877,HLU,su-pham-tin-hoc,D01,Điểm học bạ,2024,20.0,Sư phạm Tin học
91878,HLU,su-pham-tin-hoc,D07,Điểm học bạ,2024,20.0,Sư phạm Tin học
91879,HLU,su-pham-tin-hoc,A00,Điểm thi THPT,2024,19.0,Sư phạm Tin học
91880,HLU,su-pham-tin-hoc,A01,Điểm thi THPT,2024,19.0,Sư phạm Tin học
91881,HLU,su-pham-tin-hoc,D01,Điểm thi THPT,2024,19.0,Sư phạm Tin học
91882,HLU,su-pham-tin-hoc,D07,Điểm thi THPT,2024,19.0,Sư phạm Tin học
91883,HLU,su-pham-tin-hoc,A00,Điểm thi THPT,2025,21.75,Sư phạm Tin học
91884,HLU,su-pham-tin-hoc,A01,Điểm thi THPT,2025,21.75,Sư phạm Tin học
91885,HLU,su-pham-tin-hoc,C01,Điểm thi THPT,2025,21.75,Sư phạm Tin học
91886,HLU,su-pham-tin-hoc,C02,Điểm thi THPT,2025,21.75,Sư phạm Tin học
91887,HLU,su-pham-tin-hoc,D01,Điểm thi THPT,2025,21.75,Sư phạm Tin học
91888,HLU,su-pham-tin-hoc,D07,Điểm thi THPT,2025,21.75,Sư phạm Tin học
91889,HLU,su-pham-tin-hoc,X02,Điểm thi THPT,2025,21.75,Sư phạm Tin học
91890,HLU,su-pham-tin-hoc,X06,Điểm thi THPT,2025,21.75,Sư phạm Tin học
91891,HLU,su-pham-toan-hoc,A00,Điểm thi THPT,2025,23.3,Sư phạm Toán học
91892,HLU,su-pham-toan-hoc,A01,Điểm thi THPT,2025,23.3,Sư phạm Toán học
91893,HLU,su-pham-toan-hoc,A04,Điểm thi THPT,2025,23.3,Sư phạm Toán học
91894,HLU,su-pham-toan-hoc,B00,Điểm thi THPT,2025,23.3,Sư phạm Toán học
91895,HLU,su-pham-toan-hoc,C01,Điểm thi THPT,2025,23.3,Sư phạm Toán học
91896,HLU,su-pham-toan-hoc,C02,Điểm thi THPT,2025,23.3,Sư phạm Toán học
91897,HLU,su-pham-toan-hoc,D01,Điểm thi THPT,2025,23.3,Sư phạm Toán học
91898,HLU,su-pham-toan-hoc,D07,Điểm thi THPT,2025,23.3,Sư phạm Toán học
91899,HLU,thiet-ke-do-hoa,A00,Điểm thi THPT,2022,17.0,Thiết kế đồ họa
91900,HLU,thiet-ke-do-hoa,C01,Điểm thi THPT,2022,17.0,Thiết kế đồ họa
91901,HLU,thiet-ke-do-hoa,C14,Điểm thi THPT,2022,17.0,Thiết kế đồ họa
91902,HLU,thiet-ke-do-hoa,D01,Điểm thi THPT,2022,17.0,Thiết kế đồ họa
91903,HLU,thiet-ke-do-hoa,A00,Điểm học bạ,2024,18.0,Thiết kế đồ hoạ
91904,HLU,thiet-ke-do-hoa,C01,Điểm học bạ,2024,18.0,Thiết kế đồ hoạ
91905,HLU,thiet-ke-do-hoa,C14,Điểm học bạ,2024,18.0,Thiết kế đồ hoạ
91906,HLU,thiet-ke-do-hoa,D01,Điểm học bạ,2024,18.0,Thiết kế đồ hoạ
91907,HLU,thiet-ke-do-hoa,A00,Điểm thi THPT,2024,15.0,Thiết kế đồ hoạ
91908,HLU,thiet-ke-do-hoa,C01,Điểm thi THPT,2024,15.0,Thiết kế đồ hoạ
91909,HLU,thiet-ke-do-hoa,C14,Điểm thi THPT,2024,15.0,Thiết kế đồ hoạ
91910,HLU,thiet-ke-do-hoa,D01,Điểm thi THPT,2024,15.0,Thiết kế đồ hoạ
91911,HLU,thiet-ke-do-hoa,A00,Điểm học bạ,2025,18.0,Thiết kế đồ họa
91912,HLU,thiet-ke-do-hoa,A01,Điểm học bạ,2025,18.0,Thiết kế đồ họa
91913,HLU,thiet-ke-do-hoa,C01,Điểm học bạ,2025,18.0,Thiết kế đồ họa
91914,HLU,thiet-ke-do-hoa,C03,Điểm học bạ,2025,18.0,Thiết kế đồ họa
91915,HLU,thiet-ke-do-hoa,C04,Điểm học bạ,2025,18.0,Thiết kế đồ họa
91916,HLU,thiet-ke-do-hoa,D01,Điểm học bạ,2025,18.0,Thiết kế đồ họa
91917,HLU,thiet-ke-do-hoa,X01,Điểm học bạ,2025,18.0,Thiết kế đồ họa
91918,HLU,thiet-ke-do-hoa,X02,Điểm học bạ,2025,18.0,Thiết kế đồ họa
91919,HLU,thiet-ke-do-hoa,A00,Điểm thi THPT,2025,15.0,Thiết kế đồ họa
91920,HLU,thiet-ke-do-hoa,A01,Điểm thi THPT,2025,15.0,Thiết kế đồ họa
91921,HLU,thiet-ke-do-hoa,C01,Điểm thi THPT,2025,15.0,Thiết kế đồ họa
91922,HLU,thiet-ke-do-hoa,C03,Điểm thi THPT,2025,15.0,Thiết kế đồ họa
91923,HLU,thiet-ke-do-hoa,C04,Điểm thi THPT,2025,15.0,Thiết kế đồ họa
91924,HLU,thiet-ke-do-hoa,D01,Điểm thi THPT,2025,15.0,Thiết kế đồ họa
91925,HLU,thiet-ke-do-hoa,X01,Điểm thi THPT,2025,15.0,Thiết kế đồ họa
91926,HLU,thiet-ke-do-hoa,X02,Điểm thi THPT,2025,15.0,Thiết kế đồ họa
91927,HLU,van-hoc,C00,Điểm thi THPT,2022,15.0,Văn học (CN Văn báo chí truyền thông)
91928,HLU,van-hoc,C04,Điểm thi THPT,2022,15.0,Văn học (CN Văn báo chí truyền thông)
91929,HLU,van-hoc,D01,Điểm thi THPT,2022,15.0,Văn học (CN Văn báo chí truyền thông)
91930,HLU,van-hoc,D15,Điểm thi THPT,2022,15.0,Văn học (CN Văn báo chí truyền thông)
91931,HLU,van-hoc,C00,Điểm học bạ,2024,18.0,Văn học (CN Văn báo chí truyền thông)
91932,HLU,van-hoc,C04,Điểm học bạ,2024,18.0,Văn học (CN Văn báo chí truyền thông)
91933,HLU,van-hoc,D01,Điểm học bạ,2024,18.0,Văn học (CN Văn báo chí truyền thông)
91934,HLU,van-hoc,D15,Điểm học bạ,2024,18.0,Văn học (CN Văn báo chí truyền thông)
91935,HLU,van-hoc,C00,Điểm thi THPT,2024,15.0,Văn học (CN Văn báo chí truyền thông)
91936,HLU,van-hoc,C04,Điểm thi THPT,2024,15.0,Văn học (CN Văn báo chí truyền thông)
91937,HLU,van-hoc,D01,Điểm thi THPT,2024,15.0,Văn học (CN Văn báo chí truyền thông)
91938,HLU,van-hoc,D15,Điểm thi THPT,2024,15.0,Văn học (CN Văn báo chí truyền thông)
91939,HLU,van-hoc,C00,Điểm học bạ,2025,19.0,Văn học (Văn báo chí truyền thông)
91940,HLU,van-hoc,C04,Điểm học bạ,2025,19.0,Văn học (Văn báo chí truyền thông)
91941,HLU,van-hoc,D01,Điểm học bạ,2025,19.0,Văn học (Văn báo chí truyền thông)
91942,HLU,van-hoc,D14,Điểm học bạ,2025,19.0,Văn học (Văn báo chí truyền thông)
91943,HLU,van-hoc,D15,Điểm học bạ,2025,19.0,Văn học (Văn báo chí truyền thông)
91944,HLU,van-hoc,X70,Điểm học bạ,2025,19.0,Văn học (Văn báo chí truyền thông)
91945,HLU,van-hoc,X74,Điểm học bạ,2025,19.0,Văn học (Văn báo chí truyền thông)
91946,HLU,van-hoc,X78,Điểm học bạ,2025,19.0,Văn học (Văn báo chí truyền thông)
91947,HLU,van-hoc,C00,Điểm thi THPT,2025,16.5,Văn học (Văn báo chí truyền thông)
91948,HLU,van-hoc,C04,Điểm thi THPT,2025,16.5,Văn học (Văn báo chí truyền thông)
91949,HLU,van-hoc,D01,Điểm thi THPT,2025,16.5,Văn học (Văn báo chí truyền thông)
91950,HLU,van-hoc,D14,Điểm thi THPT,2025,16.5,Văn học (Văn báo chí truyền thông)
91951,HLU,van-hoc,D15,Điểm thi THPT,2025,16.5,Văn học (Văn báo chí truyền thông)
91952,HLU,van-hoc,X70,Điểm thi THPT,2025,16.5,Văn học (Văn báo chí truyền thông)
91953,HLU,van-hoc,X74,Điểm thi THPT,2025,16.5,Văn học (Văn báo chí truyền thông)
91954,HLU,van-hoc,X78,Điểm thi THPT,2025,16.5,Văn học (Văn báo chí truyền thông)
91955,HNM,bao-ho-lao-dong,A00,Điểm học bạ,2023,26.0,Bảo hộ lao động
91956,HNM,bao-ho-lao-dong,A01,Điểm học bạ,2023,26.0,Bảo hộ lao động
91957,HNM,bao-ho-lao-dong,D01,Điểm học bạ,2023,26.0,Bảo hộ lao động
91958,HNM,bao-ho-lao-dong,D07,Điểm học bạ,2023,26.0,Bảo hộ lao động
91959,HNM,bao-ho-lao-dong,A00,Điểm thi THPT,2023,26.0,Bảo hộ lao động
91960,HNM,bao-ho-lao-dong,A01,Điểm thi THPT,2023,26.0,Bảo hộ lao động
91961,HNM,bao-ho-lao-dong,D01,Điểm thi THPT,2023,26.0,Bảo hộ lao động
91962,HNM,bao-ho-lao-dong,D07,Điểm thi THPT,2023,26.0,Bảo hộ lao động
91963,HNM,bao-ho-lao-dong,A00,Điểm học bạ,2024,27.5,Bảo hộ lao động
91964,HNM,bao-ho-lao-dong,A01,Điểm học bạ,2024,27.5,Bảo hộ lao động
91965,HNM,bao-ho-lao-dong,D01,Điểm học bạ,2024,27.5,Bảo hộ lao động
91966,HNM,bao-ho-lao-dong,D07,Điểm học bạ,2024,27.5,Bảo hộ lao động
91967,HNM,bao-ho-lao-dong,A00,Điểm thi THPT,2024,26.5,Bảo hộ lao động
91968,HNM,bao-ho-lao-dong,A01,Điểm thi THPT,2024,26.5,Bảo hộ lao động
91969,HNM,bao-ho-lao-dong,D01,Điểm thi THPT,2024,26.5,Bảo hộ lao động
91970,HNM,bao-ho-lao-dong,D07,Điểm thi THPT,2024,26.5,Bảo hộ lao động
91971,HNM,chinh-tri-hoc,C00,Điểm thi THPT,2021,22.07,Chính trị học
91972,HNM,chinh-tri-hoc,D01,Điểm thi THPT,2021,22.07,Chính trị học
91973,HNM,chinh-tri-hoc,D66,Điểm thi THPT,2021,22.07,Chính trị học
91974,HNM,chinh-tri-hoc,D78,Điểm thi THPT,2021,22.07,Chính trị học
91975,HNM,chinh-tri-hoc,C00,Điểm học bạ,2022,25.0,Chính trị học
91976,HNM,chinh-tri-hoc,D01,Điểm học bạ,2022,25.0,Chính trị học
91977,HNM,chinh-tri-hoc,D66,Điểm học bạ,2022,25.0,Chính trị học
91978,HNM,chinh-tri-hoc,D78,Điểm học bạ,2022,25.0,Chính trị học
91979,HNM,chinh-tri-hoc,C00,Điểm thi THPT,2022,30.5,Chính trị học
91980,HNM,chinh-tri-hoc,D01,Điểm thi THPT,2022,30.5,Chính trị học
91981,HNM,chinh-tri-hoc,D66,Điểm thi THPT,2022,30.5,Chính trị học
91982,HNM,chinh-tri-hoc,D78,Điểm thi THPT,2022,30.5,Chính trị học
91983,HNM,chinh-tri-hoc,C00,Điểm học bạ,2023,16.0,Chính trị học
91984,HNM,chinh-tri-hoc,D01,Điểm học bạ,2023,16.0,Chính trị học
91985,HNM,chinh-tri-hoc,D66,Điểm học bạ,2023,16.0,Chính trị học
91986,HNM,chinh-tri-hoc,D78,Điểm học bạ,2023,16.0,Chính trị học
91987,HNM,chinh-tri-hoc,C00,Điểm thi THPT,2023,16.0,Chính trị học
91988,HNM,chinh-tri-hoc,D01,Điểm thi THPT,2023,16.0,Chính trị học
91989,HNM,chinh-tri-hoc,D66,Điểm thi THPT,2023,16.0,Chính trị học
91990,HNM,chinh-tri-hoc,D78,Điểm thi THPT,2023,16.0,Chính trị học
91991,HNM,chinh-tri-hoc,C00,Điểm học bạ,2024,26.42,Chính trị học
91992,HNM,chinh-tri-hoc,D01,Điểm học bạ,2024,26.42,Chính trị học
91993,HNM,chinh-tri-hoc,D66,Điểm học bạ,2024,26.42,Chính trị học
91994,HNM,chinh-tri-hoc,D78,Điểm học bạ,2024,26.42,Chính trị học
91995,HNM,chinh-tri-hoc,C00,Điểm thi THPT,2024,24.65,Chính trị học
91996,HNM,chinh-tri-hoc,D01,Điểm thi THPT,2024,24.65,Chính trị học
91997,HNM,chinh-tri-hoc,D66,Điểm thi THPT,2024,24.65,Chính trị học
91998,HNM,chinh-tri-hoc,D78,Điểm thi THPT,2024,24.65,Chính trị học
91999,HNM,chinh-tri-hoc,C00,Điểm học bạ,2025,27.82,Chính trị học
92000,HNM,chinh-tri-hoc,D01,Điểm học bạ,2025,27.82,Chính trị học
92001,HNM,chinh-tri-hoc,D14,Điểm học bạ,2025,27.82,Chính trị học
92002,HNM,chinh-tri-hoc,D15,Điểm học bạ,2025,27.82,Chính trị học
92003,HNM,chinh-tri-hoc,D66,Điểm học bạ,2025,27.82,Chính trị học
92004,HNM,chinh-tri-hoc,C00,Điểm thi THPT,2025,24.75,Chính trị học
92005,HNM,chinh-tri-hoc,D01,Điểm thi THPT,2025,25.5,Chính trị học
92006,HNM,chinh-tri-hoc,D04,Điểm thi THPT,2025,25.5,Chính trị học
92007,HNM,chinh-tri-hoc,D14,Điểm thi THPT,2025,25.5,Chính trị học
92008,HNM,chinh-tri-hoc,D15,Điểm thi THPT,2025,25.5,Chính trị học
92009,HNM,chinh-tri-hoc,D45,Điểm thi THPT,2025,25.5,Chính trị học
92010,HNM,chinh-tri-hoc,D65,Điểm thi THPT,2025,25.5,Chính trị học
92011,HNM,chinh-tri-hoc,D66,Điểm thi THPT,2025,25.5,Chính trị học
92012,HNM,chinh-tri-hoc,D71,Điểm thi THPT,2025,25.5,Chính trị học
92013,HNM,chinh-tri-hoc,X78,Điểm thi THPT,2025,25.5,Chính trị học
92014,HNM,chinh-tri-hoc,X90,Điểm thi THPT,2025,25.5,Chính trị học
92015,HNM,cong-nghe-ki-thuat-moi-truong,A00,Điểm học bạ,2022,25.0,Công nghệ kĩ thuật môi trường
92016,HNM,cong-nghe-ki-thuat-moi-truong,A01,Điểm học bạ,2022,25.0,Công nghệ kĩ thuật môi trường
92017,HNM,cong-nghe-ki-thuat-moi-truong,D01,Điểm học bạ,2022,25.0,Công nghệ kĩ thuật môi trường
92018,HNM,cong-nghe-ki-thuat-moi-truong,D90,Điểm học bạ,2022,25.0,Công nghệ kĩ thuật môi trường
92019,HNM,cong-nghe-ki-thuat-moi-truong,A00,Điểm thi THPT,2022,25.0,Công nghệ kĩ thuật môi trường
92020,HNM,cong-nghe-ki-thuat-moi-truong,A01,Điểm thi THPT,2022,25.0,Công nghệ kĩ thuật môi trường
92021,HNM,cong-nghe-ki-thuat-moi-truong,D01,Điểm thi THPT,2022,25.0,Công nghệ kĩ thuật môi trường
92022,HNM,cong-nghe-ki-thuat-moi-truong,D90,Điểm thi THPT,2022,25.0,Công nghệ kĩ thuật môi trường
92023,HNM,cong-nghe-ki-thuat-moi-truong,C01,Điểm học bạ,2025,25.26,Công nghệ kĩ thuật môi trường
92024,HNM,cong-nghe-ki-thuat-moi-truong,C02,Điểm học bạ,2025,25.26,Công nghệ kĩ thuật môi trường
92025,HNM,cong-nghe-ki-thuat-moi-truong,C04,Điểm học bạ,2025,25.26,Công nghệ kĩ thuật môi trường
92026,HNM,cong-nghe-ki-thuat-moi-truong,D01,Điểm học bạ,2025,25.26,Công nghệ kĩ thuật môi trường
92027,HNM,cong-nghe-ki-thuat-moi-truong,C01,Điểm thi THPT,2025,20.86,Công nghệ kĩ thuật môi trường
92028,HNM,cong-nghe-ki-thuat-moi-truong,C02,Điểm thi THPT,2025,20.86,Công nghệ kĩ thuật môi trường
92029,HNM,cong-nghe-ki-thuat-moi-truong,C04,Điểm thi THPT,2025,20.86,Công nghệ kĩ thuật môi trường
92030,HNM,cong-nghe-ki-thuat-moi-truong,D01,Điểm thi THPT,2025,20.86,Công nghệ kĩ thuật môi trường
92031,HNM,cong-nghe-ki-thuat-moi-truong,D04,Điểm thi THPT,2025,20.86,Công nghệ kĩ thuật môi trường
92032,HNM,cong-nghe-ky-thuat-moi-truong,A00,Điểm học bạ,2023,16.0,Công nghệ kỹ thuật môi trường
92033,HNM,cong-nghe-ky-thuat-moi-truong,A01,Điểm học bạ,2023,16.0,Công nghệ kỹ thuật môi trường
92034,HNM,cong-nghe-ky-thuat-moi-truong,D01,Điểm học bạ,2023,16.0,Công nghệ kỹ thuật môi trường
92035,HNM,cong-nghe-ky-thuat-moi-truong,D07,Điểm học bạ,2023,16.0,Công nghệ kỹ thuật môi trường
92036,HNM,cong-nghe-ky-thuat-moi-truong,A00,Điểm thi THPT,2023,16.0,Công nghệ kỹ thuật môi trường
92037,HNM,cong-nghe-ky-thuat-moi-truong,A01,Điểm thi THPT,2023,16.0,Công nghệ kỹ thuật môi trường
92038,HNM,cong-nghe-ky-thuat-moi-truong,D01,Điểm thi THPT,2023,16.0,Công nghệ kỹ thuật môi trường
92039,HNM,cong-nghe-ky-thuat-moi-truong,D07,Điểm thi THPT,2023,16.0,Công nghệ kỹ thuật môi trường
92040,HNM,cong-nghe-ky-thuat-moi-truong,A00,Điểm học bạ,2024,17.1,Công nghệ kỹ thuật môi trường
92041,HNM,cong-nghe-ky-thuat-moi-truong,A01,Điểm học bạ,2024,17.1,Công nghệ kỹ thuật môi trường
92042,HNM,cong-nghe-ky-thuat-moi-truong,D01,Điểm học bạ,2024,17.1,Công nghệ kỹ thuật môi trường
92043,HNM,cong-nghe-ky-thuat-moi-truong,D07,Điểm học bạ,2024,17.1,Công nghệ kỹ thuật môi trường
92044,HNM,cong-nghe-ky-thuat-moi-truong,A00,Điểm thi THPT,2024,18.9,Công nghệ kỹ thuật môi trường
92045,HNM,cong-nghe-ky-thuat-moi-truong,A01,Điểm thi THPT,2024,18.9,Công nghệ kỹ thuật môi trường
92046,HNM,cong-nghe-ky-thuat-moi-truong,D01,Điểm thi THPT,2024,18.9,Công nghệ kỹ thuật môi trường
92047,HNM,cong-nghe-ky-thuat-moi-truong,D07,Điểm thi THPT,2024,18.9,Công nghệ kỹ thuật môi trường
92048,HNM,cong-nghe-thong-tin,A00,Điểm thi THPT,2021,32.25,Công nghệ thông tin
92049,HNM,cong-nghe-thong-tin,A01,Điểm thi THPT,2021,32.25,Công nghệ thông tin
92050,HNM,cong-nghe-thong-tin,D01,Điểm thi THPT,2021,32.25,Công nghệ thông tin
92051,HNM,cong-nghe-thong-tin,D90,Điểm thi THPT,2021,32.25,Công nghệ thông tin
92052,HNM,cong-nghe-thong-tin,A00,Điểm học bạ,2022,34.5,Công nghệ thông tin
92053,HNM,cong-nghe-thong-tin,A01,Điểm học bạ,2022,34.5,Công nghệ thông tin
92054,HNM,cong-nghe-thong-tin,D01,Điểm học bạ,2022,34.5,Công nghệ thông tin
92055,HNM,cong-nghe-thong-tin,D90,Điểm học bạ,2022,34.5,Công nghệ thông tin
92056,HNM,cong-nghe-thong-tin,A00,Điểm thi THPT,2022,32.38,Công nghệ thông tin
92057,HNM,cong-nghe-thong-tin,A01,Điểm thi THPT,2022,32.38,Công nghệ thông tin
92058,HNM,cong-nghe-thong-tin,D01,Điểm thi THPT,2022,32.38,Công nghệ thông tin
92059,HNM,cong-nghe-thong-tin,D90,Điểm thi THPT,2022,32.38,Công nghệ thông tin
92060,HNM,cong-nghe-thong-tin,A00,Điểm học bạ,2023,24.4,Công nghệ thông tin
92061,HNM,cong-nghe-thong-tin,A01,Điểm học bạ,2023,24.4,Công nghệ thông tin
92062,HNM,cong-nghe-thong-tin,D01,Điểm học bạ,2023,24.4,Công nghệ thông tin
92063,HNM,cong-nghe-thong-tin,D07,Điểm học bạ,2023,24.4,Công nghệ thông tin
92064,HNM,cong-nghe-thong-tin,A00,Điểm thi THPT,2023,22.55,Công nghệ thông tin
92065,HNM,cong-nghe-thong-tin,A01,Điểm thi THPT,2023,22.55,Công nghệ thông tin
92066,HNM,cong-nghe-thong-tin,D01,Điểm thi THPT,2023,22.55,Công nghệ thông tin
92067,HNM,cong-nghe-thong-tin,D07,Điểm thi THPT,2023,22.55,Công nghệ thông tin
92068,HNM,cong-nghe-thong-tin,A00,Điểm học bạ,2024,27.0,Công nghệ thông tin
92069,HNM,cong-nghe-thong-tin,A01,Điểm học bạ,2024,27.0,Công nghệ thông tin
92070,HNM,cong-nghe-thong-tin,D01,Điểm học bạ,2024,27.0,Công nghệ thông tin
92071,HNM,cong-nghe-thong-tin,D07,Điểm học bạ,2024,27.0,Công nghệ thông tin
92072,HNM,cong-nghe-thong-tin,A00,Điểm thi THPT,2024,23.65,Công nghệ thông tin
92073,HNM,cong-nghe-thong-tin,A01,Điểm thi THPT,2024,23.65,Công nghệ thông tin
92074,HNM,cong-nghe-thong-tin,D01,Điểm thi THPT,2024,23.65,Công nghệ thông tin
92075,HNM,cong-nghe-thong-tin,D07,Điểm thi THPT,2024,23.65,Công nghệ thông tin
92076,HNM,cong-nghe-thong-tin,A00,Điểm học bạ,2025,26.62,Công nghệ thông tin
92077,HNM,cong-nghe-thong-tin,A01,Điểm học bạ,2025,26.62,Công nghệ thông tin
92078,HNM,cong-nghe-thong-tin,A02,Điểm học bạ,2025,26.62,Công nghệ thông tin
92079,HNM,cong-nghe-thong-tin,C01,Điểm học bạ,2025,26.62,Công nghệ thông tin
92080,HNM,cong-nghe-thong-tin,A00,Điểm thi THPT,2025,22.95,Công nghệ thông tin
92081,HNM,cong-nghe-thong-tin,A01,Điểm thi THPT,2025,22.95,Công nghệ thông tin
92082,HNM,cong-nghe-thong-tin,A02,Điểm thi THPT,2025,22.95,Công nghệ thông tin
92083,HNM,cong-nghe-thong-tin,C01,Điểm thi THPT,2025,22.95,Công nghệ thông tin
92084,HNM,cong-nghe-thong-tin,D30,Điểm thi THPT,2025,22.95,Công nghệ thông tin
92085,HNM,cong-tac-xa-hoi,C00,Điểm thi THPT,2021,25.75,Công tác xã hội
92086,HNM,cong-tac-xa-hoi,D01,Điểm thi THPT,2021,25.75,Công tác xã hội
92087,HNM,cong-tac-xa-hoi,D14,Điểm thi THPT,2021,25.75,Công tác xã hội
92088,HNM,cong-tac-xa-hoi,D78,Điểm thi THPT,2021,25.75,Công tác xã hội
92089,HNM,cong-tac-xa-hoi,C00,Điểm học bạ,2022,29.0,Công tác xã hội
92090,HNM,cong-tac-xa-hoi,D01,Điểm học bạ,2022,29.0,Công tác xã hội
92091,HNM,cong-tac-xa-hoi,D14,Điểm học bạ,2022,29.0,Công tác xã hội
92092,HNM,cong-tac-xa-hoi,D78,Điểm học bạ,2022,29.0,Công tác xã hội
92093,HNM,cong-tac-xa-hoi,C00,Điểm thi THPT,2022,29.88,Công tác xã hội
92094,HNM,cong-tac-xa-hoi,D01,Điểm thi THPT,2022,29.88,Công tác xã hội
92095,HNM,cong-tac-xa-hoi,D14,Điểm thi THPT,2022,29.88,Công tác xã hội
92096,HNM,cong-tac-xa-hoi,D78,Điểm thi THPT,2022,29.88,Công tác xã hội
92097,HNM,cong-tac-xa-hoi,C00,Điểm học bạ,2023,23.84,Công tác xã hội
92098,HNM,cong-tac-xa-hoi,D01,Điểm học bạ,2023,23.84,Công tác xã hội
92099,HNM,cong-tac-xa-hoi,D14,Điểm học bạ,2023,23.84,Công tác xã hội
92100,HNM,cong-tac-xa-hoi,D78,Điểm học bạ,2023,23.84,Công tác xã hội
92101,HNM,cong-tac-xa-hoi,C00,Điểm thi THPT,2023,22.0,Công tác xã hội
92102,HNM,cong-tac-xa-hoi,D01,Điểm thi THPT,2023,22.0,Công tác xã hội
92103,HNM,cong-tac-xa-hoi,D14,Điểm thi THPT,2023,22.0,Công tác xã hội
92104,HNM,cong-tac-xa-hoi,D78,Điểm thi THPT,2023,22.0,Công tác xã hội
92105,HNM,cong-tac-xa-hoi,C00,Điểm học bạ,2024,26.9,Công tác xã hội
92106,HNM,cong-tac-xa-hoi,D01,Điểm học bạ,2024,26.9,Công tác xã hội
92107,HNM,cong-tac-xa-hoi,D14,Điểm học bạ,2024,26.9,Công tác xã hội
92108,HNM,cong-tac-xa-hoi,D78,Điểm học bạ,2024,26.9,Công tác xã hội
92109,HNM,cong-tac-xa-hoi,C00,Điểm thi THPT,2024,24.87,Công tác xã hội
92110,HNM,cong-tac-xa-hoi,D01,Điểm thi THPT,2024,24.87,Công tác xã hội
92111,HNM,cong-tac-xa-hoi,D14,Điểm thi THPT,2024,24.87,Công tác xã hội
92112,HNM,cong-tac-xa-hoi,D78,Điểm thi THPT,2024,24.87,Công tác xã hội
92113,HNM,cong-tac-xa-hoi,C00,Điểm học bạ,2025,24.66,Công tác xã hội
92114,HNM,cong-tac-xa-hoi,D01,Điểm học bạ,2025,24.66,Công tác xã hội
92115,HNM,cong-tac-xa-hoi,D14,Điểm học bạ,2025,24.66,Công tác xã hội
92116,HNM,cong-tac-xa-hoi,D15,Điểm học bạ,2025,24.66,Công tác xã hội
92117,HNM,cong-tac-xa-hoi,D66,Điểm học bạ,2025,24.66,Công tác xã hội
92118,HNM,cong-tac-xa-hoi,C00,Điểm thi THPT,2025,24.66,Công tác xã hội
92119,HNM,cong-tac-xa-hoi,D01,Điểm thi THPT,2025,25.41,Công tác xã hội
92120,HNM,cong-tac-xa-hoi,D04,Điểm thi THPT,2025,25.41,Công tác xã hội
92121,HNM,cong-tac-xa-hoi,D14,Điểm thi THPT,2025,25.41,Công tác xã hội
92122,HNM,cong-tac-xa-hoi,D15,Điểm thi THPT,2025,25.41,Công tác xã hội
92123,HNM,cong-tac-xa-hoi,D45,Điểm thi THPT,2025,25.41,Công tác xã hội
92124,HNM,cong-tac-xa-hoi,D65,Điểm thi THPT,2025,25.41,Công tác xã hội
92125,HNM,cong-tac-xa-hoi,D66,Điểm thi THPT,2025,25.41,Công tác xã hội
92126,HNM,cong-tac-xa-hoi,D71,Điểm thi THPT,2025,25.41,Công tác xã hội
92127,HNM,cong-tac-xa-hoi,X78,Điểm thi THPT,2025,25.41,Công tác xã hội
92128,HNM,cong-tac-xa-hoi,X90,Điểm thi THPT,2025,25.41,Công tác xã hội
92129,HNM,giao-duc-cong-dan,D01,Điểm thi THPT,2021,27.5,Giáo dục công dân
92130,HNM,giao-duc-cong-dan,D14,Điểm thi THPT,2021,27.5,Giáo dục công dân
92131,HNM,giao-duc-cong-dan,D15,Điểm thi THPT,2021,27.5,Giáo dục công dân
92132,HNM,giao-duc-cong-dan,D78,Điểm thi THPT,2021,27.5,Giáo dục công dân
92133,HNM,giao-duc-cong-dan,D14,Điểm học bạ,2022,30.0,Giáo dục công dân
92134,HNM,giao-duc-cong-dan,D15,Điểm học bạ,2022,30.0,Giáo dục công dân
92135,HNM,giao-duc-cong-dan,D78,Điểm học bạ,2022,30.0,Giáo dục công dân
92136,HNM,giao-duc-cong-dan,D96,Điểm học bạ,2022,30.0,Giáo dục công dân
92137,HNM,giao-duc-cong-dan,D14,Điểm thi THPT,2022,30.57,Giáo dục công dân
92138,HNM,giao-duc-cong-dan,D15,Điểm thi THPT,2022,30.57,Giáo dục công dân
92139,HNM,giao-duc-cong-dan,D78,Điểm thi THPT,2022,30.57,Giáo dục công dân
92140,HNM,giao-duc-cong-dan,D96,Điểm thi THPT,2022,30.57,Giáo dục công dân
92141,HNM,giao-duc-cong-dan,D66,Điểm học bạ,2023,27.0,Giáo dục Công dân
92142,HNM,giao-duc-cong-dan,D78,Điểm học bạ,2023,27.0,Giáo dục Công dân
92143,HNM,giao-duc-cong-dan,D84,Điểm học bạ,2023,27.0,Giáo dục Công dân
92144,HNM,giao-duc-cong-dan,D96,Điểm học bạ,2023,27.0,Giáo dục Công dân
92145,HNM,giao-duc-cong-dan,D66,Điểm thi THPT,2023,25.19,Giáo dục Công dân
92146,HNM,giao-duc-cong-dan,D78,Điểm thi THPT,2023,25.19,Giáo dục Công dân
92147,HNM,giao-duc-cong-dan,D84,Điểm thi THPT,2023,25.19,Giáo dục Công dân
92148,HNM,giao-duc-cong-dan,D96,Điểm thi THPT,2023,25.19,Giáo dục Công dân
92149,HNM,giao-duc-cong-dan,D66,Điểm thi THPT,2024,25.99,Giáo dục Công dân
92150,HNM,giao-duc-cong-dan,D78,Điểm thi THPT,2024,25.99,Giáo dục Công dân
92151,HNM,giao-duc-cong-dan,D84,Điểm thi THPT,2024,25.99,Giáo dục Công dân
92152,HNM,giao-duc-cong-dan,D96,Điểm thi THPT,2024,25.99,Giáo dục Công dân
92153,HNM,giao-duc-cong-dan,C00,Điểm thi THPT,2025,27.2,Giáo dục công dân
92154,HNM,giao-duc-cong-dan,C14,Điểm thi THPT,2025,27.95,Giáo dục công dân
92155,HNM,giao-duc-cong-dan,C16,Điểm thi THPT,2025,27.95,Giáo dục công dân
92156,HNM,giao-duc-cong-dan,C19,Điểm thi THPT,2025,27.95,Giáo dục công dân
92157,HNM,giao-duc-cong-dan,C20,Điểm thi THPT,2025,27.95,Giáo dục công dân
92158,HNM,giao-duc-cong-dan,X01,Điểm thi THPT,2025,27.95,Giáo dục công dân
92159,HNM,giao-duc-cong-dan,X58,Điểm thi THPT,2025,27.95,Giáo dục công dân
92160,HNM,giao-duc-cong-dan,X70,Điểm thi THPT,2025,27.95,Giáo dục công dân
92161,HNM,giao-duc-cong-dan,X74,Điểm thi THPT,2025,27.95,Giáo dục công dân
92162,HNM,giao-duc-dac-biet,C00,Điểm thi THPT,2021,28.42,Giáo dục đặc biệt
92163,HNM,giao-duc-dac-biet,D01,Điểm thi THPT,2021,28.42,Giáo dục đặc biệt
92164,HNM,giao-duc-dac-biet,D14,Điểm thi THPT,2021,28.42,Giáo dục đặc biệt
92165,HNM,giao-duc-dac-biet,D78,Điểm thi THPT,2021,28.42,Giáo dục đặc biệt
92166,HNM,giao-duc-dac-biet,C00,Điểm học bạ,2022,30.5,Giáo dục đặc biệt
92167,HNM,giao-duc-dac-biet,D01,Điểm học bạ,2022,30.5,Giáo dục đặc biệt
92168,HNM,giao-duc-dac-biet,D14,Điểm học bạ,2022,30.5,Giáo dục đặc biệt
92169,HNM,giao-duc-dac-biet,D78,Điểm học bạ,2022,30.5,Giáo dục đặc biệt
92170,HNM,giao-duc-dac-biet,C00,Điểm thi THPT,2022,33.5,Giáo dục đặc biệt
92171,HNM,giao-duc-dac-biet,D01,Điểm thi THPT,2022,33.5,Giáo dục đặc biệt
92172,HNM,giao-duc-dac-biet,D14,Điểm thi THPT,2022,33.5,Giáo dục đặc biệt
92173,HNM,giao-duc-dac-biet,D78,Điểm thi THPT,2022,33.5,Giáo dục đặc biệt
92174,HNM,giao-duc-dac-biet,C00,Điểm học bạ,2023,26.81,Giáo dục Đặc biệt
92175,HNM,giao-duc-dac-biet,D01,Điểm học bạ,2023,26.81,Giáo dục Đặc biệt
92176,HNM,giao-duc-dac-biet,D14,Điểm học bạ,2023,26.81,Giáo dục Đặc biệt
92177,HNM,giao-duc-dac-biet,D78,Điểm học bạ,2023,26.81,Giáo dục Đặc biệt
92178,HNM,giao-duc-dac-biet,C00,Điểm thi THPT,2023,25.5,Giáo dục Đặc biệt
92179,HNM,giao-duc-dac-biet,D01,Điểm thi THPT,2023,25.5,Giáo dục Đặc biệt
92180,HNM,giao-duc-dac-biet,D14,Điểm thi THPT,2023,25.5,Giáo dục Đặc biệt
92181,HNM,giao-duc-dac-biet,D78,Điểm thi THPT,2023,25.5,Giáo dục Đặc biệt
92182,HNM,giao-duc-dac-biet,D01,Điểm thi THPT,2025,24.17,Giáo dục đặc biệt
92183,HNM,giao-duc-dac-biet,D04,Điểm thi THPT,2025,24.17,Giáo dục đặc biệt
92184,HNM,giao-duc-dac-biet,D14,Điểm thi THPT,2025,24.17,Giáo dục đặc biệt
92185,HNM,giao-duc-dac-biet,D15,Điểm thi THPT,2025,24.17,Giáo dục đặc biệt
92186,HNM,giao-duc-dac-biet,D45,Điểm thi THPT,2025,24.17,Giáo dục đặc biệt
92187,HNM,giao-duc-dac-biet,D65,Điểm thi THPT,2025,24.17,Giáo dục đặc biệt
92188,HNM,giao-duc-dac-biet,D66,Điểm thi THPT,2025,24.17,Giáo dục đặc biệt
92189,HNM,giao-duc-dac-biet,D71,Điểm thi THPT,2025,24.17,Giáo dục đặc biệt
92190,HNM,giao-duc-dac-biet,X78,Điểm thi THPT,2025,24.17,Giáo dục đặc biệt
92191,HNM,giao-duc-dac-biet,X90,Điểm thi THPT,2025,24.17,Giáo dục đặc biệt
92192,HNM,giao-duc-mam-non,D01,Điểm thi THPT,2021,26.57,Giáo dục Mầm non
92193,HNM,giao-duc-mam-non,D72,Điểm thi THPT,2021,26.57,Giáo dục Mầm non
92194,HNM,giao-duc-mam-non,D78,Điểm thi THPT,2021,26.57,Giáo dục Mầm non
92195,HNM,giao-duc-mam-non,D96,Điểm thi THPT,2021,26.57,Giáo dục Mầm non
92196,HNM,giao-duc-mam-non,D01,Điểm học bạ,2022,34.0,Giáo dục Mầm non
92197,HNM,giao-duc-mam-non,D72,Điểm học bạ,2022,34.0,Giáo dục Mầm non
92198,HNM,giao-duc-mam-non,D90,Điểm học bạ,2022,34.0,Giáo dục Mầm non
92199,HNM,giao-duc-mam-non,D96,Điểm học bạ,2022,34.0,Giáo dục Mầm non
92200,HNM,giao-duc-mam-non,D01,Điểm thi THPT,2022,30.12,Giáo dục Mầm non
92201,HNM,giao-duc-mam-non,D72,Điểm thi THPT,2022,30.12,Giáo dục Mầm non
92202,HNM,giao-duc-mam-non,D90,Điểm thi THPT,2022,30.12,Giáo dục Mầm non
92203,HNM,giao-duc-mam-non,D96,Điểm thi THPT,2022,30.12,Giáo dục Mầm non
92204,HNM,giao-duc-mam-non,D01,Điểm học bạ,2023,25.46,Giáo dục Mầm non
92205,HNM,giao-duc-mam-non,D72,Điểm học bạ,2023,25.46,Giáo dục Mầm non
92206,HNM,giao-duc-mam-non,D90,Điểm học bạ,2023,25.46,Giáo dục Mầm non
92207,HNM,giao-duc-mam-non,D96,Điểm học bạ,2023,25.46,Giáo dục Mầm non
92208,HNM,giao-duc-mam-non,D01,Điểm thi THPT,2023,23.0,Giáo dục Mầm non
92209,HNM,giao-duc-mam-non,D72,Điểm thi THPT,2023,23.0,Giáo dục Mầm non
92210,HNM,giao-duc-mam-non,D90,Điểm thi THPT,2023,23.0,Giáo dục Mầm non
92211,HNM,giao-duc-mam-non,D96,Điểm thi THPT,2023,23.0,Giáo dục Mầm non
92212,HNM,giao-duc-mam-non,D01,Điểm học bạ,2024,27.11,Giáo dục Mầm non
92213,HNM,giao-duc-mam-non,D72,Điểm học bạ,2024,27.11,Giáo dục Mầm non
92214,HNM,giao-duc-mam-non,D90,Điểm học bạ,2024,27.11,Giáo dục Mầm non
92215,HNM,giao-duc-mam-non,D96,Điểm học bạ,2024,27.11,Giáo dục Mầm non
92216,HNM,giao-duc-mam-non,D01,Điểm thi THPT,2024,24.45,Giáo dục Mầm non
92217,HNM,giao-duc-mam-non,D72,Điểm thi THPT,2024,24.45,Giáo dục Mầm non
92218,HNM,giao-duc-mam-non,D90,Điểm thi THPT,2024,24.45,Giáo dục Mầm non
92219,HNM,giao-duc-mam-non,D96,Điểm thi THPT,2024,24.45,Giáo dục Mầm non
92220,HNM,giao-duc-mam-non,C03,Điểm thi THPT,2025,24.25,Giáo dục Mầm non
92221,HNM,giao-duc-mam-non,C04,Điểm thi THPT,2025,24.25,Giáo dục Mầm non
92222,HNM,giao-duc-mam-non,C14,Điểm thi THPT,2025,24.25,Giáo dục Mầm non
92223,HNM,giao-duc-mam-non,D01,Điểm thi THPT,2025,24.25,Giáo dục Mầm non
92224,HNM,giao-duc-mam-non,D04,Điểm thi THPT,2025,24.25,Giáo dục Mầm non
92225,HNM,giao-duc-mam-non,X01,Điểm thi THPT,2025,24.25,Giáo dục Mầm non
92226,HNM,giao-duc-the-chat,T05,Điểm học bạ,2022,29.0,Giáo dục thể chất
92227,HNM,giao-duc-the-chat,T08,Điểm học bạ,2022,29.0,Giáo dục thể chất
92228,HNM,giao-duc-the-chat,T09,Điểm học bạ,2022,29.0,Giáo dục thể chất
92229,HNM,giao-duc-the-chat,T10,Điểm học bạ,2022,29.0,Giáo dục thể chất
92230,HNM,giao-duc-the-chat,T05,Điểm thi THPT,2022,29.0,Giáo dục thể chất
92231,HNM,giao-duc-the-chat,T08,Điểm thi THPT,2022,29.0,Giáo dục thể chất
92232,HNM,giao-duc-the-chat,T09,Điểm thi THPT,2022,29.0,Giáo dục thể chất
92233,HNM,giao-duc-the-chat,T10,Điểm thi THPT,2022,29.0,Giáo dục thể chất
92234,HNM,giao-duc-the-chat,A00,Điểm học bạ,2023,22.3,Giáo dục Thể chất
92235,HNM,giao-duc-the-chat,A01,Điểm học bạ,2023,22.3,Giáo dục Thể chất
92236,HNM,giao-duc-the-chat,D01,Điểm học bạ,2023,22.3,Giáo dục Thể chất
92237,HNM,giao-duc-the-chat,D07,Điểm học bạ,2023,22.3,Giáo dục Thể chất
92238,HNM,giao-duc-the-chat,A00,Điểm thi THPT,2023,23.5,Giáo dục Thể chất
92239,HNM,giao-duc-the-chat,A01,Điểm thi THPT,2023,23.5,Giáo dục Thể chất
92240,HNM,giao-duc-the-chat,D01,Điểm thi THPT,2023,23.5,Giáo dục Thể chất
92241,HNM,giao-duc-the-chat,D07,Điểm thi THPT,2023,23.5,Giáo dục Thể chất
92242,HNM,giao-duc-the-chat,T05,Điểm học bạ,2024,22.4,Giáo dục Thể chất
92243,HNM,giao-duc-the-chat,T08,Điểm học bạ,2024,22.4,Giáo dục Thể chất
92244,HNM,giao-duc-the-chat,T09,Điểm học bạ,2024,22.4,Giáo dục Thể chất
92245,HNM,giao-duc-the-chat,T10,Điểm học bạ,2024,22.4,Giáo dục Thể chất
92246,HNM,giao-duc-the-chat,T05,Điểm thi THPT,2024,24.0,Giáo dục Thể chất
92247,HNM,giao-duc-the-chat,T08,Điểm thi THPT,2024,24.0,Giáo dục Thể chất
92248,HNM,giao-duc-the-chat,T09,Điểm thi THPT,2024,24.0,Giáo dục Thể chất
92249,HNM,giao-duc-the-chat,T10,Điểm thi THPT,2024,24.0,Giáo dục Thể chất
92250,HNM,giao-duc-the-chat,T00,Điểm học bạ,2025,26.99,Giáo dục thể chất
92251,HNM,giao-duc-the-chat,T01,Điểm học bạ,2025,26.99,Giáo dục thể chất
92252,HNM,giao-duc-the-chat,T02,Điểm học bạ,2025,26.99,Giáo dục thể chất
92253,HNM,giao-duc-the-chat,T08,Điểm học bạ,2025,26.99,Giáo dục thể chất
92254,HNM,giao-duc-the-chat,T11,Điểm học bạ,2025,26.99,Giáo dục thể chất
92255,HNM,giao-duc-the-chat,T00,Điểm thi THPT,2025,23.5,Giáo dục thể chất
92256,HNM,giao-duc-the-chat,T01,Điểm thi THPT,2025,23.5,Giáo dục thể chất
92257,HNM,giao-duc-the-chat,T02,Điểm thi THPT,2025,23.5,Giáo dục thể chất
92258,HNM,giao-duc-the-chat,T08,Điểm thi THPT,2025,23.5,Giáo dục thể chất
92259,HNM,giao-duc-the-chat,T11,Điểm thi THPT,2025,23.5,Giáo dục thể chất
92260,HNM,giao-duc-tieu-hoc,D01,Điểm thi THPT,2021,33.95,Giáo dục Tiểu học
92261,HNM,giao-duc-tieu-hoc,D72,Điểm thi THPT,2021,33.95,Giáo dục Tiểu học
92262,HNM,giao-duc-tieu-hoc,D78,Điểm thi THPT,2021,33.95,Giáo dục Tiểu học
92263,HNM,giao-duc-tieu-hoc,D96,Điểm thi THPT,2021,33.95,Giáo dục Tiểu học
92264,HNM,giao-duc-tieu-hoc,D01,Điểm học bạ,2022,37.25,Giáo dục Tiểu học
92265,HNM,giao-duc-tieu-hoc,D72,Điểm học bạ,2022,37.25,Giáo dục Tiểu học
92266,HNM,giao-duc-tieu-hoc,D78,Điểm học bạ,2022,37.25,Giáo dục Tiểu học
92267,HNM,giao-duc-tieu-hoc,D96,Điểm học bạ,2022,37.25,Giáo dục Tiểu học
92268,HNM,giao-duc-tieu-hoc,D01,Điểm thi THPT,2022,33.7,Giáo dục Tiểu học
92269,HNM,giao-duc-tieu-hoc,D72,Điểm thi THPT,2022,33.7,Giáo dục Tiểu học
92270,HNM,giao-duc-tieu-hoc,D78,Điểm thi THPT,2022,33.7,Giáo dục Tiểu học
92271,HNM,giao-duc-tieu-hoc,D96,Điểm thi THPT,2022,33.7,Giáo dục Tiểu học
92272,HNM,giao-duc-tieu-hoc,D01,Điểm thi THPT,2023,25.15,Giáo dục Tiểu học
92273,HNM,giao-duc-tieu-hoc,D72,Điểm thi THPT,2023,25.15,Giáo dục Tiểu học
92274,HNM,giao-duc-tieu-hoc,D78,Điểm thi THPT,2023,25.15,Giáo dục Tiểu học
92275,HNM,giao-duc-tieu-hoc,D96,Điểm thi THPT,2023,25.15,Giáo dục Tiểu học
92276,HNM,giao-duc-tieu-hoc,D01,Điểm thi THPT,2024,26.26,Giáo dục Tiểu học
92277,HNM,giao-duc-tieu-hoc,D72,Điểm thi THPT,2024,26.26,Giáo dục Tiểu học
92278,HNM,giao-duc-tieu-hoc,D78,Điểm thi THPT,2024,26.26,Giáo dục Tiểu học
92279,HNM,giao-duc-tieu-hoc,D96,Điểm thi THPT,2024,26.26,Giáo dục Tiểu học
92280,HNM,giao-duc-tieu-hoc,C03,Điểm thi THPT,2025,25.33,Giáo dục Tiểu học
92281,HNM,giao-duc-tieu-hoc,C04,Điểm thi THPT,2025,25.33,Giáo dục Tiểu học
92282,HNM,giao-duc-tieu-hoc,C14,Điểm thi THPT,2025,25.33,Giáo dục Tiểu học
92283,HNM,giao-duc-tieu-hoc,D01,Điểm thi THPT,2025,25.33,Giáo dục Tiểu học
92284,HNM,giao-duc-tieu-hoc,D04,Điểm thi THPT,2025,25.33,Giáo dục Tiểu học
92285,HNM,giao-duc-tieu-hoc,X01,Điểm thi THPT,2025,25.33,Giáo dục Tiểu học
92286,HNM,logistics-va-quan-li-chuoi-cung-ung,A00,Điểm học bạ,2022,36.0,Logistics và Quản lí chuỗi cung ứng
92287,HNM,logistics-va-quan-li-chuoi-cung-ung,D01,Điểm học bạ,2022,36.0,Logistics và Quản lí chuỗi cung ứng
92288,HNM,logistics-va-quan-li-chuoi-cung-ung,D90,Điểm học bạ,2022,36.0,Logistics và Quản lí chuỗi cung ứng
92289,HNM,logistics-va-quan-li-chuoi-cung-ung,D96,Điểm học bạ,2022,36.0,Logistics và Quản lí chuỗi cung ứng
92290,HNM,logistics-va-quan-li-chuoi-cung-ung,A00,Điểm thi THPT,2022,32.78,Logistics và Quản lí chuỗi cung ứng
92291,HNM,logistics-va-quan-li-chuoi-cung-ung,D01,Điểm thi THPT,2022,32.78,Logistics và Quản lí chuỗi cung ứng
92292,HNM,logistics-va-quan-li-chuoi-cung-ung,D90,Điểm thi THPT,2022,32.78,Logistics và Quản lí chuỗi cung ứng
92293,HNM,logistics-va-quan-li-chuoi-cung-ung,D96,Điểm thi THPT,2022,32.78,Logistics và Quản lí chuỗi cung ứng
92294,HNM,logistics-va-quan-li-chuoi-cung-ung,A01,Điểm học bạ,2025,27.09,Logistics và Quản lí chuỗi cung ứng
92295,HNM,logistics-va-quan-li-chuoi-cung-ung,D01,Điểm học bạ,2025,27.09,Logistics và Quản lí chuỗi cung ứng
92296,HNM,logistics-va-quan-li-chuoi-cung-ung,D07,Điểm học bạ,2025,27.09,Logistics và Quản lí chuỗi cung ứng
92297,HNM,logistics-va-quan-li-chuoi-cung-ung,D08,Điểm học bạ,2025,27.09,Logistics và Quản lí chuỗi cung ứng
92298,HNM,logistics-va-quan-li-chuoi-cung-ung,A01,Điểm thi THPT,2025,23.66,Logistics và Quản lí chuỗi cung ứng
92299,HNM,logistics-va-quan-li-chuoi-cung-ung,D01,Điểm thi THPT,2025,23.66,Logistics và Quản lí chuỗi cung ứng
92300,HNM,logistics-va-quan-li-chuoi-cung-ung,D04,Điểm thi THPT,2025,23.66,Logistics và Quản lí chuỗi cung ứng
92301,HNM,logistics-va-quan-li-chuoi-cung-ung,D07,Điểm thi THPT,2025,23.66,Logistics và Quản lí chuỗi cung ứng
92302,HNM,logistics-va-quan-li-chuoi-cung-ung,D08,Điểm thi THPT,2025,23.66,Logistics và Quản lí chuỗi cung ứng
92303,HNM,logistics-va-quan-li-chuoi-cung-ung,D25,Điểm thi THPT,2025,23.66,Logistics và Quản lí chuỗi cung ứng
92304,HNM,logistics-va-quan-li-chuoi-cung-ung,D30,Điểm thi THPT,2025,23.66,Logistics và Quản lí chuỗi cung ứng
92305,HNM,logistics-va-quan-li-chuoi-cung-ung,D35,Điểm thi THPT,2025,23.66,Logistics và Quản lí chuỗi cung ứng
92306,HNM,logistics-va-quan-ly-chuoi-cung-ung,A00,Điểm thi THPT,2021,32.8,Logistics và Quản lý chuỗi cung ứng
92307,HNM,logistics-va-quan-ly-chuoi-cung-ung,D01,Điểm thi THPT,2021,32.8,Logistics và Quản lý chuỗi cung ứng
92308,HNM,logistics-va-quan-ly-chuoi-cung-ung,D90,Điểm thi THPT,2021,32.8,Logistics và Quản lý chuỗi cung ứng
92309,HNM,logistics-va-quan-ly-chuoi-cung-ung,D96,Điểm thi THPT,2021,32.8,Logistics và Quản lý chuỗi cung ứng
92310,HNM,logistics-va-quan-ly-chuoi-cung-ung,A00,Điểm học bạ,2023,25.94,Logistics và quản lý chuỗi cung ứng
92311,HNM,logistics-va-quan-ly-chuoi-cung-ung,C00,Điểm học bạ,2023,25.94,Logistics và quản lý chuỗi cung ứng
92312,HNM,logistics-va-quan-ly-chuoi-cung-ung,D01,Điểm học bạ,2023,25.94,Logistics và quản lý chuỗi cung ứng
92313,HNM,logistics-va-quan-ly-chuoi-cung-ung,D96,Điểm học bạ,2023,25.94,Logistics và quản lý chuỗi cung ứng
92314,HNM,logistics-va-quan-ly-chuoi-cung-ung,A00,Điểm thi THPT,2023,24.2,Logistics và quản lý chuỗi cung ứng
92315,HNM,logistics-va-quan-ly-chuoi-cung-ung,C00,Điểm thi THPT,2023,24.2,Logistics và quản lý chuỗi cung ứng
92316,HNM,logistics-va-quan-ly-chuoi-cung-ung,D01,Điểm thi THPT,2023,24.2,Logistics và quản lý chuỗi cung ứng
92317,HNM,logistics-va-quan-ly-chuoi-cung-ung,D96,Điểm thi THPT,2023,24.2,Logistics và quản lý chuỗi cung ứng
92318,HNM,logistics-va-quan-ly-chuoi-cung-ung,A00,Điểm học bạ,2024,27.78,Logistics và quản lý chuỗi cung ứng
92319,HNM,logistics-va-quan-ly-chuoi-cung-ung,C00,Điểm học bạ,2024,27.78,Logistics và quản lý chuỗi cung ứng
92320,HNM,logistics-va-quan-ly-chuoi-cung-ung,D01,Điểm học bạ,2024,27.78,Logistics và quản lý chuỗi cung ứng
92321,HNM,logistics-va-quan-ly-chuoi-cung-ung,D96,Điểm học bạ,2024,27.78,Logistics và quản lý chuỗi cung ứng
92322,HNM,logistics-va-quan-ly-chuoi-cung-ung,A00,Điểm thi THPT,2024,26.86,Logistics và quản lý chuỗi cung ứng
92323,HNM,logistics-va-quan-ly-chuoi-cung-ung,C00,Điểm thi THPT,2024,26.86,Logistics và quản lý chuỗi cung ứng
92324,HNM,logistics-va-quan-ly-chuoi-cung-ung,D01,Điểm thi THPT,2024,26.86,Logistics và quản lý chuỗi cung ứng
92325,HNM,logistics-va-quan-ly-chuoi-cung-ung,D96,Điểm thi THPT,2024,26.86,Logistics và quản lý chuỗi cung ứng
92326,HNM,luat,C00,Điểm thi THPT,2021,32.83,Luật
92327,HNM,luat,D01,Điểm thi THPT,2021,32.83,Luật
92328,HNM,luat,D66,Điểm thi THPT,2021,32.83,Luật
92329,HNM,luat,D78,Điểm thi THPT,2021,32.83,Luật
92330,HNM,luat,C00,Điểm học bạ,2022,35.0,Luật
92331,HNM,luat,D01,Điểm học bạ,2022,35.0,Luật
92332,HNM,luat,D66,Điểm học bạ,2022,35.0,Luật
92333,HNM,luat,D78,Điểm học bạ,2022,35.0,Luật
92334,HNM,luat,C00,Điểm thi THPT,2022,33.93,Luật
92335,HNM,luat,D01,Điểm thi THPT,2022,33.93,Luật
92336,HNM,luat,D66,Điểm thi THPT,2022,33.93,Luật
92337,HNM,luat,D78,Điểm thi THPT,2022,33.93,Luật
92338,HNM,luat,C00,Điểm học bạ,2023,24.87,Luật
92339,HNM,luat,D01,Điểm học bạ,2023,24.87,Luật
92340,HNM,luat,D66,Điểm học bạ,2023,24.87,Luật
92341,HNM,luat,D78,Điểm học bạ,2023,24.87,Luật
92342,HNM,luat,C00,Điểm thi THPT,2023,23.5,Luật
92343,HNM,luat,D01,Điểm thi THPT,2023,23.5,Luật
92344,HNM,luat,D66,Điểm thi THPT,2023,23.5,Luật
92345,HNM,luat,D78,Điểm thi THPT,2023,23.5,Luật
92346,HNM,luat,C00,Điểm học bạ,2024,27.3,Luật
92347,HNM,luat,D01,Điểm học bạ,2024,27.3,Luật
92348,HNM,luat,D66,Điểm học bạ,2024,27.3,Luật
92349,HNM,luat,D78,Điểm học bạ,2024,27.3,Luật
92350,HNM,luat,C00,Điểm thi THPT,2024,26.5,Luật
92351,HNM,luat,D01,Điểm thi THPT,2024,26.5,Luật
92352,HNM,luat,D66,Điểm thi THPT,2024,26.5,Luật
92353,HNM,luat,D78,Điểm thi THPT,2024,26.5,Luật
92354,HNM,luat,D01,Điểm học bạ,2025,28.27,Luật
92355,HNM,luat,D14,Điểm học bạ,2025,28.27,Luật
92356,HNM,luat,D15,Điểm học bạ,2025,28.27,Luật
92357,HNM,luat,D66,Điểm học bạ,2025,28.27,Luật
92358,HNM,luat,C00,Điểm thi THPT,2025,25.38,Luật
92359,HNM,luat,D01,Điểm thi THPT,2025,26.13,Luật
92360,HNM,luat,D04,Điểm thi THPT,2025,26.13,Luật
92361,HNM,luat,D14,Điểm thi THPT,2025,26.13,Luật
92362,HNM,luat,D15,Điểm thi THPT,2025,26.13,Luật
92363,HNM,luat,D45,Điểm thi THPT,2025,26.13,Luật
92364,HNM,luat,D65,Điểm thi THPT,2025,26.13,Luật
92365,HNM,luat,D66,Điểm thi THPT,2025,26.13,Luật
92366,HNM,luat,D71,Điểm thi THPT,2025,26.13,Luật
92367,HNM,luat,X78,Điểm thi THPT,2025,26.13,Luật
92368,HNM,luat,X90,Điểm thi THPT,2025,26.13,Luật
92369,HNM,ngon-ngu-anh,D01,Điểm thi THPT,2021,34.55,Ngôn ngữ Anh
92370,HNM,ngon-ngu-anh,D14,Điểm thi THPT,2021,34.55,Ngôn ngữ Anh
92371,HNM,ngon-ngu-anh,D15,Điểm thi THPT,2021,34.55,Ngôn ngữ Anh
92372,HNM,ngon-ngu-anh,D78,Điểm thi THPT,2021,34.55,Ngôn ngữ Anh
92373,HNM,ngon-ngu-anh,D01,Điểm học bạ,2022,35.23,Ngôn ngữ Anh
92374,HNM,ngon-ngu-anh,D14,Điểm học bạ,2022,35.23,Ngôn ngữ Anh
92375,HNM,ngon-ngu-anh,D15,Điểm học bạ,2022,35.23,Ngôn ngữ Anh
92376,HNM,ngon-ngu-anh,D78,Điểm học bạ,2022,35.23,Ngôn ngữ Anh
92377,HNM,ngon-ngu-anh,D01,Điểm thi THPT,2022,33.4,Ngôn ngữ Anh
92378,HNM,ngon-ngu-anh,D14,Điểm thi THPT,2022,33.4,Ngôn ngữ Anh
92379,HNM,ngon-ngu-anh,D15,Điểm thi THPT,2022,33.4,Ngôn ngữ Anh
92380,HNM,ngon-ngu-anh,D78,Điểm thi THPT,2022,33.4,Ngôn ngữ Anh
92381,HNM,ngon-ngu-anh,D01,Điểm học bạ,2023,27.2,Ngôn ngữ Anh
92382,HNM,ngon-ngu-anh,D14,Điểm học bạ,2023,27.2,Ngôn ngữ Anh
92383,HNM,ngon-ngu-anh,D15,Điểm học bạ,2023,27.2,Ngôn ngữ Anh
92384,HNM,ngon-ngu-anh,D78,Điểm học bạ,2023,27.2,Ngôn ngữ Anh
92385,HNM,ngon-ngu-anh,D01,Điểm thi THPT,2023,25.22,Ngôn ngữ Anh
92386,HNM,ngon-ngu-anh,D14,Điểm thi THPT,2023,25.22,Ngôn ngữ Anh
92387,HNM,ngon-ngu-anh,D15,Điểm thi THPT,2023,25.22,Ngôn ngữ Anh
92388,HNM,ngon-ngu-anh,D78,Điểm thi THPT,2023,25.22,Ngôn ngữ Anh
92389,HNM,ngon-ngu-anh,D01,Điểm học bạ,2024,27.9,Ngôn ngữ Anh
92390,HNM,ngon-ngu-anh,D14,Điểm học bạ,2024,27.9,Ngôn ngữ Anh
92391,HNM,ngon-ngu-anh,D15,Điểm học bạ,2024,27.9,Ngôn ngữ Anh
92392,HNM,ngon-ngu-anh,D78,Điểm học bạ,2024,27.9,Ngôn ngữ Anh
92393,HNM,ngon-ngu-anh,D01,Điểm thi THPT,2024,26.1,Ngôn ngữ Anh
92394,HNM,ngon-ngu-anh,D14,Điểm thi THPT,2024,26.1,Ngôn ngữ Anh
92395,HNM,ngon-ngu-anh,D15,Điểm thi THPT,2024,26.1,Ngôn ngữ Anh
92396,HNM,ngon-ngu-anh,D78,Điểm thi THPT,2024,26.1,Ngôn ngữ Anh
92397,HNM,ngon-ngu-anh,D01,Điểm học bạ,2025,28.16,Ngôn ngữ Anh
92398,HNM,ngon-ngu-anh,D14,Điểm học bạ,2025,28.16,Ngôn ngữ Anh
92399,HNM,ngon-ngu-anh,D15,Điểm học bạ,2025,28.16,Ngôn ngữ Anh
92400,HNM,ngon-ngu-anh,D66,Điểm học bạ,2025,28.16,Ngôn ngữ Anh
92401,HNM,ngon-ngu-anh,D01,Điểm thi THPT,2025,25.22,Ngôn ngữ Anh
92402,HNM,ngon-ngu-anh,D04,Điểm thi THPT,2025,25.22,Ngôn ngữ Anh
92403,HNM,ngon-ngu-anh,D14,Điểm thi THPT,2025,25.22,Ngôn ngữ Anh
92404,HNM,ngon-ngu-anh,D15,Điểm thi THPT,2025,25.22,Ngôn ngữ Anh
92405,HNM,ngon-ngu-anh,D45,Điểm thi THPT,2025,25.22,Ngôn ngữ Anh
92406,HNM,ngon-ngu-anh,D65,Điểm thi THPT,2025,25.22,Ngôn ngữ Anh
92407,HNM,ngon-ngu-anh,D66,Điểm thi THPT,2025,25.22,Ngôn ngữ Anh
92408,HNM,ngon-ngu-anh,D71,Điểm thi THPT,2025,25.22,Ngôn ngữ Anh
92409,HNM,ngon-ngu-anh,X78,Điểm thi THPT,2025,25.22,Ngôn ngữ Anh
92410,HNM,ngon-ngu-anh,X90,Điểm thi THPT,2025,25.22,Ngôn ngữ Anh
92411,HNM,ngon-ngu-trung-quoc,D01,Điểm thi THPT,2021,35.07,Ngôn ngữ Trung Quốc
92412,HNM,ngon-ngu-trung-quoc,D14,Điểm thi THPT,2021,35.07,Ngôn ngữ Trung Quốc
92413,HNM,ngon-ngu-trung-quoc,D15,Điểm thi THPT,2021,35.07,Ngôn ngữ Trung Quốc
92414,HNM,ngon-ngu-trung-quoc,D78,Điểm thi THPT,2021,35.07,Ngôn ngữ Trung Quốc
92415,HNM,ngon-ngu-trung-quoc,D01,Điểm học bạ,2022,36.5,Ngôn ngữ Trung Quốc
92416,HNM,ngon-ngu-trung-quoc,D14,Điểm học bạ,2022,36.5,Ngôn ngữ Trung Quốc
92417,HNM,ngon-ngu-trung-quoc,D15,Điểm học bạ,2022,36.5,Ngôn ngữ Trung Quốc
92418,HNM,ngon-ngu-trung-quoc,D78,Điểm học bạ,2022,36.5,Ngôn ngữ Trung Quốc
92419,HNM,ngon-ngu-trung-quoc,D01,Điểm thi THPT,2022,33.02,Ngôn ngữ Trung Quốc
92420,HNM,ngon-ngu-trung-quoc,D14,Điểm thi THPT,2022,33.02,Ngôn ngữ Trung Quốc
92421,HNM,ngon-ngu-trung-quoc,D15,Điểm thi THPT,2022,33.02,Ngôn ngữ Trung Quốc
92422,HNM,ngon-ngu-trung-quoc,D78,Điểm thi THPT,2022,33.02,Ngôn ngữ Trung Quốc
92423,HNM,ngon-ngu-trung-quoc,D01,Điểm học bạ,2023,26.83,Ngôn ngữ Trung Quốc
92424,HNM,ngon-ngu-trung-quoc,D14,Điểm học bạ,2023,26.83,Ngôn ngữ Trung Quốc
92425,HNM,ngon-ngu-trung-quoc,D15,Điểm học bạ,2023,26.83,Ngôn ngữ Trung Quốc
92426,HNM,ngon-ngu-trung-quoc,D78,Điểm học bạ,2023,26.83,Ngôn ngữ Trung Quốc
92427,HNM,ngon-ngu-trung-quoc,D01,Điểm thi THPT,2023,25.31,Ngôn ngữ Trung Quốc
92428,HNM,ngon-ngu-trung-quoc,D14,Điểm thi THPT,2023,25.31,Ngôn ngữ Trung Quốc
92429,HNM,ngon-ngu-trung-quoc,D15,Điểm thi THPT,2023,25.31,Ngôn ngữ Trung Quốc
92430,HNM,ngon-ngu-trung-quoc,D78,Điểm thi THPT,2023,25.31,Ngôn ngữ Trung Quốc
92431,HNM,ngon-ngu-trung-quoc,D01,Điểm học bạ,2024,27.7,Ngôn ngữ Trung Quốc
92432,HNM,ngon-ngu-trung-quoc,D14,Điểm học bạ,2024,27.7,Ngôn ngữ Trung Quốc
92433,HNM,ngon-ngu-trung-quoc,D15,Điểm học bạ,2024,27.7,Ngôn ngữ Trung Quốc
92434,HNM,ngon-ngu-trung-quoc,D78,Điểm học bạ,2024,27.7,Ngôn ngữ Trung Quốc
92435,HNM,ngon-ngu-trung-quoc,D01,Điểm thi THPT,2024,26.25,Ngôn ngữ Trung Quốc
92436,HNM,ngon-ngu-trung-quoc,D14,Điểm thi THPT,2024,26.25,Ngôn ngữ Trung Quốc
92437,HNM,ngon-ngu-trung-quoc,D15,Điểm thi THPT,2024,26.25,Ngôn ngữ Trung Quốc
92438,HNM,ngon-ngu-trung-quoc,D78,Điểm thi THPT,2024,26.25,Ngôn ngữ Trung Quốc
92439,HNM,ngon-ngu-trung-quoc,D04,Điểm học bạ,2025,28.23,Ngôn ngữ Trung Quốc
92440,HNM,ngon-ngu-trung-quoc,D45,Điểm học bạ,2025,28.23,Ngôn ngữ Trung Quốc
92441,HNM,ngon-ngu-trung-quoc,D65,Điểm học bạ,2025,28.23,Ngôn ngữ Trung Quốc
92442,HNM,ngon-ngu-trung-quoc,D71,Điểm học bạ,2025,28.23,Ngôn ngữ Trung Quốc
92443,HNM,ngon-ngu-trung-quoc,D01,Điểm thi THPT,2025,25.32,Ngôn ngữ Trung Quốc
92444,HNM,ngon-ngu-trung-quoc,D04,Điểm thi THPT,2025,25.32,Ngôn ngữ Trung Quốc
92445,HNM,ngon-ngu-trung-quoc,D14,Điểm thi THPT,2025,25.32,Ngôn ngữ Trung Quốc
92446,HNM,ngon-ngu-trung-quoc,D15,Điểm thi THPT,2025,25.32,Ngôn ngữ Trung Quốc
92447,HNM,ngon-ngu-trung-quoc,D45,Điểm thi THPT,2025,25.32,Ngôn ngữ Trung Quốc
92448,HNM,ngon-ngu-trung-quoc,D65,Điểm thi THPT,2025,25.32,Ngôn ngữ Trung Quốc
92449,HNM,ngon-ngu-trung-quoc,D66,Điểm thi THPT,2025,25.32,Ngôn ngữ Trung Quốc
92450,HNM,ngon-ngu-trung-quoc,D71,Điểm thi THPT,2025,25.32,Ngôn ngữ Trung Quốc
92451,HNM,ngon-ngu-trung-quoc,X78,Điểm thi THPT,2025,25.32,Ngôn ngữ Trung Quốc
92452,HNM,ngon-ngu-trung-quoc,X90,Điểm thi THPT,2025,25.32,Ngôn ngữ Trung Quốc
92453,HNM,quan-li-cong,A00,Điểm thi THPT,2021,20.68,Quản lí công
92454,HNM,quan-li-cong,D01,Điểm thi THPT,2021,20.68,Quản lí công
92455,HNM,quan-li-cong,D90,Điểm thi THPT,2021,20.68,Quản lí công
92456,HNM,quan-li-cong,D96,Điểm thi THPT,2021,20.68,Quản lí công
92457,HNM,quan-li-cong,A00,Điểm học bạ,2022,25.0,Quản lí công
92458,HNM,quan-li-cong,D01,Điểm học bạ,2022,25.0,Quản lí công
92459,HNM,quan-li-cong,D90,Điểm học bạ,2022,25.0,Quản lí công
92460,HNM,quan-li-cong,D96,Điểm học bạ,2022,25.0,Quản lí công
92461,HNM,quan-li-cong,A00,Điểm thi THPT,2022,25.0,Quản lí công
92462,HNM,quan-li-cong,D01,Điểm thi THPT,2022,25.0,Quản lí công
92463,HNM,quan-li-cong,D90,Điểm thi THPT,2022,25.0,Quản lí công
92464,HNM,quan-li-cong,D96,Điểm thi THPT,2022,25.0,Quản lí công
92465,HNM,quan-li-cong,D01,Điểm học bạ,2025,23.07,Quản lí công
92466,HNM,quan-li-cong,D14,Điểm học bạ,2025,23.07,Quản lí công
92467,HNM,quan-li-cong,D15,Điểm học bạ,2025,23.07,Quản lí công
92468,HNM,quan-li-cong,D66,Điểm học bạ,2025,23.07,Quản lí công
92469,HNM,quan-li-cong,D01,Điểm thi THPT,2025,23.07,Quản lí công
92470,HNM,quan-li-cong,D04,Điểm thi THPT,2025,23.07,Quản lí công
92471,HNM,quan-li-cong,D14,Điểm thi THPT,2025,23.07,Quản lí công
92472,HNM,quan-li-cong,D15,Điểm thi THPT,2025,23.07,Quản lí công
92473,HNM,quan-li-cong,D45,Điểm thi THPT,2025,23.07,Quản lí công
92474,HNM,quan-li-cong,D65,Điểm thi THPT,2025,23.07,Quản lí công
92475,HNM,quan-li-cong,D66,Điểm thi THPT,2025,23.07,Quản lí công
92476,HNM,quan-li-cong,D71,Điểm thi THPT,2025,23.07,Quản lí công
92477,HNM,quan-li-cong,X78,Điểm thi THPT,2025,23.07,Quản lí công
92478,HNM,quan-li-cong,X90,Điểm thi THPT,2025,23.07,Quản lí công
92479,HNM,quan-li-giao-duc,C00,Điểm thi THPT,2021,29.0,Quản lí Giáo dục
92480,HNM,quan-li-giao-duc,D01,Điểm thi THPT,2021,29.0,Quản lí Giáo dục
92481,HNM,quan-li-giao-duc,D14,Điểm thi THPT,2021,29.0,Quản lí Giáo dục
92482,HNM,quan-li-giao-duc,D78,Điểm thi THPT,2021,29.0,Quản lí Giáo dục
92483,HNM,quan-li-giao-duc,C00,Điểm học bạ,2022,31.5,Quản lí Giáo dục
92484,HNM,quan-li-giao-duc,D01,Điểm học bạ,2022,31.5,Quản lí Giáo dục
92485,HNM,quan-li-giao-duc,D14,Điểm học bạ,2022,31.5,Quản lí Giáo dục
92486,HNM,quan-li-giao-duc,D78,Điểm học bạ,2022,31.5,Quản lí Giáo dục
92487,HNM,quan-li-giao-duc,C00,Điểm thi THPT,2022,32.0,Quản lí Giáo dục
92488,HNM,quan-li-giao-duc,D01,Điểm thi THPT,2022,32.0,Quản lí Giáo dục
92489,HNM,quan-li-giao-duc,D14,Điểm thi THPT,2022,32.0,Quản lí Giáo dục
92490,HNM,quan-li-giao-duc,D78,Điểm thi THPT,2022,32.0,Quản lí Giáo dục
92491,HNM,quan-li-giao-duc,D01,Điểm học bạ,2025,27.3,Quản lí Giáo dục
92492,HNM,quan-li-giao-duc,D14,Điểm học bạ,2025,27.3,Quản lí Giáo dục
92493,HNM,quan-li-giao-duc,D15,Điểm học bạ,2025,27.3,Quản lí Giáo dục
92494,HNM,quan-li-giao-duc,D66,Điểm học bạ,2025,27.3,Quản lí Giáo dục
92495,HNM,quan-li-giao-duc,D01,Điểm thi THPT,2025,23.97,Quản lí Giáo dục
92496,HNM,quan-li-giao-duc,D04,Điểm thi THPT,2025,23.97,Quản lí Giáo dục
92497,HNM,quan-li-giao-duc,D14,Điểm thi THPT,2025,23.97,Quản lí Giáo dục
92498,HNM,quan-li-giao-duc,D15,Điểm thi THPT,2025,23.97,Quản lí Giáo dục
92499,HNM,quan-li-giao-duc,D45,Điểm thi THPT,2025,23.97,Quản lí Giáo dục
92500,HNM,quan-li-giao-duc,D65,Điểm thi THPT,2025,23.97,Quản lí Giáo dục
92501,HNM,quan-li-giao-duc,D66,Điểm thi THPT,2025,23.97,Quản lí Giáo dục
92502,HNM,quan-li-giao-duc,D71,Điểm thi THPT,2025,23.97,Quản lí Giáo dục
92503,HNM,quan-li-giao-duc,X78,Điểm thi THPT,2025,23.97,Quản lí Giáo dục
92504,HNM,quan-li-giao-duc,X90,Điểm thi THPT,2025,23.97,Quản lí Giáo dục
92505,HNM,quan-ly-cong,A00,Điểm học bạ,2023,16.0,Quản lý công
92506,HNM,quan-ly-cong,C00,Điểm học bạ,2023,16.0,Quản lý công
92507,HNM,quan-ly-cong,D01,Điểm học bạ,2023,16.0,Quản lý công
92508,HNM,quan-ly-cong,D96,Điểm học bạ,2023,16.0,Quản lý công
92509,HNM,quan-ly-cong,A00,Điểm thi THPT,2023,16.0,Quản lý công
92510,HNM,quan-ly-cong,C00,Điểm thi THPT,2023,16.0,Quản lý công
92511,HNM,quan-ly-cong,D01,Điểm thi THPT,2023,16.0,Quản lý công
92512,HNM,quan-ly-cong,D96,Điểm thi THPT,2023,16.0,Quản lý công
92513,HNM,quan-ly-cong,A00,Điểm học bạ,2024,26.33,Quản lý công
92514,HNM,quan-ly-cong,C00,Điểm học bạ,2024,26.33,Quản lý công
92515,HNM,quan-ly-cong,D01,Điểm học bạ,2024,26.33,Quản lý công
92516,HNM,quan-ly-cong,D96,Điểm học bạ,2024,26.33,Quản lý công
92517,HNM,quan-ly-cong,A00,Điểm thi THPT,2024,23.47,Quản lý công
92518,HNM,quan-ly-cong,C00,Điểm thi THPT,2024,23.47,Quản lý công
92519,HNM,quan-ly-cong,D01,Điểm thi THPT,2024,23.47,Quản lý công
92520,HNM,quan-ly-cong,D96,Điểm thi THPT,2024,23.47,Quản lý công
92521,HNM,quan-ly-giao-duc,C00,Điểm học bạ,2023,26.1,Quản lý giáo dục
92522,HNM,quan-ly-giao-duc,D01,Điểm học bạ,2023,26.1,Quản lý giáo dục
92523,HNM,quan-ly-giao-duc,D14,Điểm học bạ,2023,26.1,Quản lý giáo dục
92524,HNM,quan-ly-giao-duc,D78,Điểm học bạ,2023,26.1,Quản lý giáo dục
92525,HNM,quan-ly-giao-duc,C00,Điểm thi THPT,2023,23.25,Quản lý giáo dục
92526,HNM,quan-ly-giao-duc,D01,Điểm thi THPT,2023,23.25,Quản lý giáo dục
92527,HNM,quan-ly-giao-duc,D14,Điểm thi THPT,2023,23.25,Quản lý giáo dục
92528,HNM,quan-ly-giao-duc,D78,Điểm thi THPT,2023,23.25,Quản lý giáo dục
92529,HNM,quan-ly-giao-duc,C00,Điểm học bạ,2024,27.39,Quản lý giáo dục
92530,HNM,quan-ly-giao-duc,D01,Điểm học bạ,2024,27.39,Quản lý giáo dục
92531,HNM,quan-ly-giao-duc,D14,Điểm học bạ,2024,27.39,Quản lý giáo dục
92532,HNM,quan-ly-giao-duc,D78,Điểm học bạ,2024,27.39,Quản lý giáo dục
92533,HNM,quan-ly-giao-duc,C00,Điểm thi THPT,2024,26.03,Quản lý giáo dục
92534,HNM,quan-ly-giao-duc,D01,Điểm thi THPT,2024,26.03,Quản lý giáo dục
92535,HNM,quan-ly-giao-duc,D14,Điểm thi THPT,2024,26.03,Quản lý giáo dục
92536,HNM,quan-ly-giao-duc,D78,Điểm thi THPT,2024,26.03,Quản lý giáo dục
92537,HNM,quan-ly-kinh-te,D01,Điểm học bạ,2025,25.5,Quản lý kinh tế
92538,HNM,quan-ly-kinh-te,D07,Điểm học bạ,2025,25.5,Quản lý kinh tế
92539,HNM,quan-ly-kinh-te,D08,Điểm học bạ,2025,25.5,Quản lý kinh tế
92540,HNM,quan-ly-kinh-te,D11,Điểm học bạ,2025,25.5,Quản lý kinh tế
92541,HNM,quan-ly-kinh-te,D01,Điểm thi THPT,2025,21.23,Quản lý kinh tế
92542,HNM,quan-ly-kinh-te,D04,Điểm thi THPT,2025,21.23,Quản lý kinh tế
92543,HNM,quan-ly-kinh-te,D07,Điểm thi THPT,2025,21.23,Quản lý kinh tế
92544,HNM,quan-ly-kinh-te,D08,Điểm thi THPT,2025,21.23,Quản lý kinh tế
92545,HNM,quan-ly-kinh-te,D11,Điểm thi THPT,2025,21.23,Quản lý kinh tế
92546,HNM,quan-ly-kinh-te,D25,Điểm thi THPT,2025,21.23,Quản lý kinh tế
92547,HNM,quan-ly-kinh-te,D35,Điểm thi THPT,2025,21.23,Quản lý kinh tế
92548,HNM,quan-ly-kinh-te,D55,Điểm thi THPT,2025,21.23,Quản lý kinh tế
92549,HNM,quan-tri-dich-vu-du-lich-va-lu-hanh,C00,Điểm thi THPT,2021,32.3,Quản trị dịch vụ du lịch và lữ hành
92550,HNM,quan-tri-dich-vu-du-lich-va-lu-hanh,D01,Điểm thi THPT,2021,32.3,Quản trị dịch vụ du lịch và lữ hành
92551,HNM,quan-tri-dich-vu-du-lich-va-lu-hanh,D15,Điểm thi THPT,2021,32.3,Quản trị dịch vụ du lịch và lữ hành
92552,HNM,quan-tri-dich-vu-du-lich-va-lu-hanh,D78,Điểm thi THPT,2021,32.3,Quản trị dịch vụ du lịch và lữ hành
92553,HNM,quan-tri-dich-vu-du-lich-va-lu-hanh,D01,Điểm học bạ,2022,34.0,Quản trị dịch vụ du lịch và lữ hành
92554,HNM,quan-tri-dich-vu-du-lich-va-lu-hanh,D14,Điểm học bạ,2022,34.0,Quản trị dịch vụ du lịch và lữ hành
92555,HNM,quan-tri-dich-vu-du-lich-va-lu-hanh,D15,Điểm học bạ,2022,34.0,Quản trị dịch vụ du lịch và lữ hành
92556,HNM,quan-tri-dich-vu-du-lich-va-lu-hanh,D78,Điểm học bạ,2022,34.0,Quản trị dịch vụ du lịch và lữ hành
92557,HNM,quan-tri-dich-vu-du-lich-va-lu-hanh,D01,Điểm thi THPT,2022,30.35,Quản trị dịch vụ du lịch và lữ hành
92558,HNM,quan-tri-dich-vu-du-lich-va-lu-hanh,D14,Điểm thi THPT,2022,30.35,Quản trị dịch vụ du lịch và lữ hành
92559,HNM,quan-tri-dich-vu-du-lich-va-lu-hanh,D15,Điểm thi THPT,2022,30.35,Quản trị dịch vụ du lịch và lữ hành
92560,HNM,quan-tri-dich-vu-du-lich-va-lu-hanh,D78,Điểm thi THPT,2022,30.35,Quản trị dịch vụ du lịch và lữ hành
92561,HNM,quan-tri-dich-vu-du-lich-va-lu-hanh,D01,Điểm học bạ,2023,25.6,Quản trị dịch vụ du lịch và lữ hành
92562,HNM,quan-tri-dich-vu-du-lich-va-lu-hanh,D14,Điểm học bạ,2023,25.6,Quản trị dịch vụ du lịch và lữ hành
92563,HNM,quan-tri-dich-vu-du-lich-va-lu-hanh,D15,Điểm học bạ,2023,25.6,Quản trị dịch vụ du lịch và lữ hành
92564,HNM,quan-tri-dich-vu-du-lich-va-lu-hanh,D78,Điểm học bạ,2023,25.6,Quản trị dịch vụ du lịch và lữ hành
92565,HNM,quan-tri-dich-vu-du-lich-va-lu-hanh,D01,Điểm thi THPT,2023,23.57,Quản trị dịch vụ du lịch và lữ hành
92566,HNM,quan-tri-dich-vu-du-lich-va-lu-hanh,D14,Điểm thi THPT,2023,23.57,Quản trị dịch vụ du lịch và lữ hành
92567,HNM,quan-tri-dich-vu-du-lich-va-lu-hanh,D15,Điểm thi THPT,2023,23.57,Quản trị dịch vụ du lịch và lữ hành
92568,HNM,quan-tri-dich-vu-du-lich-va-lu-hanh,D78,Điểm thi THPT,2023,23.57,Quản trị dịch vụ du lịch và lữ hành
92569,HNM,quan-tri-dich-vu-du-lich-va-lu-hanh,D01,Điểm học bạ,2024,26.81,Quản trị dịch vụ du lịch và lữ hành
92570,HNM,quan-tri-dich-vu-du-lich-va-lu-hanh,D14,Điểm học bạ,2024,26.81,Quản trị dịch vụ du lịch và lữ hành
92571,HNM,quan-tri-dich-vu-du-lich-va-lu-hanh,D15,Điểm học bạ,2024,26.81,Quản trị dịch vụ du lịch và lữ hành
92572,HNM,quan-tri-dich-vu-du-lich-va-lu-hanh,D78,Điểm học bạ,2024,26.81,Quản trị dịch vụ du lịch và lữ hành
92573,HNM,quan-tri-dich-vu-du-lich-va-lu-hanh,D01,Điểm thi THPT,2024,24.88,Quản trị dịch vụ du lịch và lữ hành
92574,HNM,quan-tri-dich-vu-du-lich-va-lu-hanh,D14,Điểm thi THPT,2024,24.88,Quản trị dịch vụ du lịch và lữ hành
92575,HNM,quan-tri-dich-vu-du-lich-va-lu-hanh,D15,Điểm thi THPT,2024,24.88,Quản trị dịch vụ du lịch và lữ hành
92576,HNM,quan-tri-dich-vu-du-lich-va-lu-hanh,D78,Điểm thi THPT,2024,24.88,Quản trị dịch vụ du lịch và lữ hành
92577,HNM,quan-tri-dich-vu-du-lich-va-lu-hanh,D01,Điểm học bạ,2025,27.29,Quản trị dịch vụ du lịch và lữ hành
92578,HNM,quan-tri-dich-vu-du-lich-va-lu-hanh,D14,Điểm học bạ,2025,27.29,Quản trị dịch vụ du lịch và lữ hành
92579,HNM,quan-tri-dich-vu-du-lich-va-lu-hanh,D15,Điểm học bạ,2025,27.29,Quản trị dịch vụ du lịch và lữ hành
92580,HNM,quan-tri-dich-vu-du-lich-va-lu-hanh,D66,Điểm học bạ,2025,27.29,Quản trị dịch vụ du lịch và lữ hành
92581,HNM,quan-tri-dich-vu-du-lich-va-lu-hanh,D01,Điểm thi THPT,2025,23.96,Quản trị dịch vụ du lịch và lữ hành
92582,HNM,quan-tri-dich-vu-du-lich-va-lu-hanh,D04,Điểm thi THPT,2025,23.96,Quản trị dịch vụ du lịch và lữ hành
92583,HNM,quan-tri-dich-vu-du-lich-va-lu-hanh,D14,Điểm thi THPT,2025,23.96,Quản trị dịch vụ du lịch và lữ hành
92584,HNM,quan-tri-dich-vu-du-lich-va-lu-hanh,D15,Điểm thi THPT,2025,23.96,Quản trị dịch vụ du lịch và lữ hành
92585,HNM,quan-tri-dich-vu-du-lich-va-lu-hanh,D45,Điểm thi THPT,2025,23.96,Quản trị dịch vụ du lịch và lữ hành
92586,HNM,quan-tri-dich-vu-du-lich-va-lu-hanh,D65,Điểm thi THPT,2025,23.96,Quản trị dịch vụ du lịch và lữ hành
92587,HNM,quan-tri-dich-vu-du-lich-va-lu-hanh,D66,Điểm thi THPT,2025,23.96,Quản trị dịch vụ du lịch và lữ hành
92588,HNM,quan-tri-dich-vu-du-lich-va-lu-hanh,D71,Điểm thi THPT,2025,23.96,Quản trị dịch vụ du lịch và lữ hành
92589,HNM,quan-tri-dich-vu-du-lich-va-lu-hanh,X78,Điểm thi THPT,2025,23.96,Quản trị dịch vụ du lịch và lữ hành
92590,HNM,quan-tri-dich-vu-du-lich-va-lu-hanh,X90,Điểm thi THPT,2025,23.96,Quản trị dịch vụ du lịch và lữ hành
92591,HNM,quan-tri-khach-san,C00,Điểm thi THPT,2021,32.33,Quản trị khách sạn
92592,HNM,quan-tri-khach-san,D01,Điểm thi THPT,2021,32.33,Quản trị khách sạn
92593,HNM,quan-tri-khach-san,D15,Điểm thi THPT,2021,32.33,Quản trị khách sạn
92594,HNM,quan-tri-khach-san,D78,Điểm thi THPT,2021,32.33,Quản trị khách sạn
92595,HNM,quan-tri-khach-san,D01,Điểm học bạ,2022,33.8,Quản trị khách sạn
92596,HNM,quan-tri-khach-san,D14,Điểm học bạ,2022,33.8,Quản trị khách sạn
92597,HNM,quan-tri-khach-san,D15,Điểm học bạ,2022,33.8,Quản trị khách sạn
92598,HNM,quan-tri-khach-san,D78,Điểm học bạ,2022,33.8,Quản trị khách sạn
92599,HNM,quan-tri-khach-san,D01,Điểm thi THPT,2022,29.65,Quản trị khách sạn
92600,HNM,quan-tri-khach-san,D14,Điểm thi THPT,2022,29.65,Quản trị khách sạn
92601,HNM,quan-tri-khach-san,D15,Điểm thi THPT,2022,29.65,Quản trị khách sạn
92602,HNM,quan-tri-khach-san,D78,Điểm thi THPT,2022,29.65,Quản trị khách sạn
92603,HNM,quan-tri-khach-san,D01,Điểm học bạ,2023,24.68,Quản trị khách sạn
92604,HNM,quan-tri-khach-san,D14,Điểm học bạ,2023,24.68,Quản trị khách sạn
92605,HNM,quan-tri-khach-san,D15,Điểm học bạ,2023,24.68,Quản trị khách sạn
92606,HNM,quan-tri-khach-san,D78,Điểm học bạ,2023,24.68,Quản trị khách sạn
92607,HNM,quan-tri-khach-san,D01,Điểm thi THPT,2023,23.25,Quản trị khách sạn
92608,HNM,quan-tri-khach-san,D14,Điểm thi THPT,2023,23.25,Quản trị khách sạn
92609,HNM,quan-tri-khach-san,D15,Điểm thi THPT,2023,23.25,Quản trị khách sạn
92610,HNM,quan-tri-khach-san,D78,Điểm thi THPT,2023,23.25,Quản trị khách sạn
92611,HNM,quan-tri-khach-san,D01,Điểm học bạ,2024,26.62,Quản trị khách sạn
92612,HNM,quan-tri-khach-san,D14,Điểm học bạ,2024,26.62,Quản trị khách sạn
92613,HNM,quan-tri-khach-san,D15,Điểm học bạ,2024,26.62,Quản trị khách sạn
92614,HNM,quan-tri-khach-san,D78,Điểm học bạ,2024,26.62,Quản trị khách sạn
92615,HNM,quan-tri-khach-san,D01,Điểm thi THPT,2024,24.8,Quản trị khách sạn
92616,HNM,quan-tri-khach-san,D14,Điểm thi THPT,2024,24.8,Quản trị khách sạn
92617,HNM,quan-tri-khach-san,D15,Điểm thi THPT,2024,24.8,Quản trị khách sạn
92618,HNM,quan-tri-khach-san,D78,Điểm thi THPT,2024,24.8,Quản trị khách sạn
92619,HNM,quan-tri-khach-san,D01,Điểm học bạ,2025,27.01,Quản trị khách sạn
92620,HNM,quan-tri-khach-san,D14,Điểm học bạ,2025,27.01,Quản trị khách sạn
92621,HNM,quan-tri-khach-san,D15,Điểm học bạ,2025,27.01,Quản trị khách sạn
92622,HNM,quan-tri-khach-san,D66,Điểm học bạ,2025,27.01,Quản trị khách sạn
92623,HNM,quan-tri-khach-san,D01,Điểm thi THPT,2025,23.54,Quản trị khách sạn
92624,HNM,quan-tri-khach-san,D04,Điểm thi THPT,2025,23.54,Quản trị khách sạn
92625,HNM,quan-tri-khach-san,D14,Điểm thi THPT,2025,23.54,Quản trị khách sạn
92626,HNM,quan-tri-khach-san,D15,Điểm thi THPT,2025,23.54,Quản trị khách sạn
92627,HNM,quan-tri-khach-san,D45,Điểm thi THPT,2025,23.54,Quản trị khách sạn
92628,HNM,quan-tri-khach-san,D65,Điểm thi THPT,2025,23.54,Quản trị khách sạn
92629,HNM,quan-tri-khach-san,D66,Điểm thi THPT,2025,23.54,Quản trị khách sạn
92630,HNM,quan-tri-khach-san,D71,Điểm thi THPT,2025,23.54,Quản trị khách sạn
92631,HNM,quan-tri-khach-san,X78,Điểm thi THPT,2025,23.54,Quản trị khách sạn
92632,HNM,quan-tri-khach-san,X90,Điểm thi THPT,2025,23.54,Quản trị khách sạn
92633,HNM,quan-tri-kinh-doanh,A00,Điểm thi THPT,2021,32.4,Quản trị kinh doanh
92634,HNM,quan-tri-kinh-doanh,D01,Điểm thi THPT,2021,32.4,Quản trị kinh doanh
92635,HNM,quan-tri-kinh-doanh,D90,Điểm thi THPT,2021,32.4,Quản trị kinh doanh
92636,HNM,quan-tri-kinh-doanh,D96,Điểm thi THPT,2021,32.4,Quản trị kinh doanh
92637,HNM,quan-tri-kinh-doanh,A00,Điểm học bạ,2022,35.8,Quản trị kinh doanh
92638,HNM,quan-tri-kinh-doanh,D01,Điểm học bạ,2022,35.8,Quản trị kinh doanh
92639,HNM,quan-tri-kinh-doanh,D90,Điểm học bạ,2022,35.8,Quản trị kinh doanh
92640,HNM,quan-tri-kinh-doanh,D96,Điểm học bạ,2022,35.8,Quản trị kinh doanh
92641,HNM,quan-tri-kinh-doanh,A00,Điểm thi THPT,2022,31.53,Quản trị kinh doanh
92642,HNM,quan-tri-kinh-doanh,D01,Điểm thi THPT,2022,31.53,Quản trị kinh doanh
92643,HNM,quan-tri-kinh-doanh,D90,Điểm thi THPT,2022,31.53,Quản trị kinh doanh
92644,HNM,quan-tri-kinh-doanh,D96,Điểm thi THPT,2022,31.53,Quản trị kinh doanh
92645,HNM,quan-tri-kinh-doanh,A00,Điểm học bạ,2023,25.84,Quản trị kinh doanh
92646,HNM,quan-tri-kinh-doanh,C00,Điểm học bạ,2023,25.84,Quản trị kinh doanh
92647,HNM,quan-tri-kinh-doanh,D01,Điểm học bạ,2023,25.84,Quản trị kinh doanh
92648,HNM,quan-tri-kinh-doanh,D96,Điểm học bạ,2023,25.84,Quản trị kinh doanh
92649,HNM,quan-tri-kinh-doanh,A00,Điểm thi THPT,2023,24.06,Quản trị kinh doanh
92650,HNM,quan-tri-kinh-doanh,C00,Điểm thi THPT,2023,24.06,Quản trị kinh doanh
92651,HNM,quan-tri-kinh-doanh,D01,Điểm thi THPT,2023,24.06,Quản trị kinh doanh
92652,HNM,quan-tri-kinh-doanh,D96,Điểm thi THPT,2023,24.06,Quản trị kinh doanh
92653,HNM,quan-tri-kinh-doanh,A00,Điểm học bạ,2024,27.49,Quản trị kinh doanh
92654,HNM,quan-tri-kinh-doanh,C00,Điểm học bạ,2024,27.49,Quản trị kinh doanh
92655,HNM,quan-tri-kinh-doanh,D01,Điểm học bạ,2024,27.49,Quản trị kinh doanh
92656,HNM,quan-tri-kinh-doanh,D96,Điểm học bạ,2024,27.49,Quản trị kinh doanh
92657,HNM,quan-tri-kinh-doanh,A00,Điểm thi THPT,2024,26.62,Quản trị kinh doanh
92658,HNM,quan-tri-kinh-doanh,C00,Điểm thi THPT,2024,26.62,Quản trị kinh doanh
92659,HNM,quan-tri-kinh-doanh,D01,Điểm thi THPT,2024,26.62,Quản trị kinh doanh
92660,HNM,quan-tri-kinh-doanh,D96,Điểm thi THPT,2024,26.62,Quản trị kinh doanh
92661,HNM,quan-tri-kinh-doanh,D01,Điểm học bạ,2025,26.55,Quản trị kinh doanh
92662,HNM,quan-tri-kinh-doanh,D07,Điểm học bạ,2025,26.55,Quản trị kinh doanh
92663,HNM,quan-tri-kinh-doanh,D08,Điểm học bạ,2025,26.55,Quản trị kinh doanh
92664,HNM,quan-tri-kinh-doanh,D11,Điểm học bạ,2025,26.55,Quản trị kinh doanh
92665,HNM,quan-tri-kinh-doanh,D01,Điểm thi THPT,2025,22.85,Quản trị kinh doanh
92666,HNM,quan-tri-kinh-doanh,D04,Điểm thi THPT,2025,22.85,Quản trị kinh doanh
92667,HNM,quan-tri-kinh-doanh,D07,Điểm thi THPT,2025,22.85,Quản trị kinh doanh
92668,HNM,quan-tri-kinh-doanh,D08,Điểm thi THPT,2025,22.85,Quản trị kinh doanh
92669,HNM,quan-tri-kinh-doanh,D11,Điểm thi THPT,2025,22.85,Quản trị kinh doanh
92670,HNM,quan-tri-kinh-doanh,D25,Điểm thi THPT,2025,22.85,Quản trị kinh doanh
92671,HNM,quan-tri-kinh-doanh,D35,Điểm thi THPT,2025,22.85,Quản trị kinh doanh
92672,HNM,quan-tri-kinh-doanh,D55,Điểm thi THPT,2025,22.85,Quản trị kinh doanh
92673,HNM,su-pham-lich-su,D01,Điểm thi THPT,2021,30.1,Sư phạm Lịch sử
92674,HNM,su-pham-lich-su,D14,Điểm thi THPT,2021,30.1,Sư phạm Lịch sử
92675,HNM,su-pham-lich-su,D15,Điểm thi THPT,2021,30.1,Sư phạm Lịch sử
92676,HNM,su-pham-lich-su,D78,Điểm thi THPT,2021,30.1,Sư phạm Lịch sử
92677,HNM,su-pham-lich-su,C00,Điểm học bạ,2022,35.0,Sư phạm Lịch sử
92678,HNM,su-pham-lich-su,D14,Điểm học bạ,2022,35.0,Sư phạm Lịch sử
92679,HNM,su-pham-lich-su,D78,Điểm học bạ,2022,35.0,Sư phạm Lịch sử
92680,HNM,su-pham-lich-su,D96,Điểm học bạ,2022,35.0,Sư phạm Lịch sử
92681,HNM,su-pham-lich-su,C00,Điểm thi THPT,2022,36.0,Sư phạm Lịch sử
92682,HNM,su-pham-lich-su,D14,Điểm thi THPT,2022,36.0,Sư phạm Lịch sử
92683,HNM,su-pham-lich-su,D78,Điểm thi THPT,2022,36.0,Sư phạm Lịch sử
92684,HNM,su-pham-lich-su,D96,Điểm thi THPT,2022,36.0,Sư phạm Lịch sử
92685,HNM,su-pham-lich-su,D09,Điểm học bạ,2023,27.29,Sư phạm Lịch sử
92686,HNM,su-pham-lich-su,D14,Điểm học bạ,2023,27.29,Sư phạm Lịch sử
92687,HNM,su-pham-lich-su,D78,Điểm học bạ,2023,27.29,Sư phạm Lịch sử
92688,HNM,su-pham-lich-su,D96,Điểm học bạ,2023,27.29,Sư phạm Lịch sử
92689,HNM,su-pham-lich-su,D09,Điểm thi THPT,2023,25.15,Sư phạm Lịch sử
92690,HNM,su-pham-lich-su,D14,Điểm thi THPT,2023,25.15,Sư phạm Lịch sử
92691,HNM,su-pham-lich-su,D78,Điểm thi THPT,2023,25.15,Sư phạm Lịch sử
92692,HNM,su-pham-lich-su,D96,Điểm thi THPT,2023,25.15,Sư phạm Lịch sử
92693,HNM,su-pham-lich-su,D09,Điểm học bạ,2024,28.6,Sư phạm Lịch sử
92694,HNM,su-pham-lich-su,D14,Điểm học bạ,2024,28.6,Sư phạm Lịch sử
92695,HNM,su-pham-lich-su,D78,Điểm học bạ,2024,28.6,Sư phạm Lịch sử
92696,HNM,su-pham-lich-su,D96,Điểm học bạ,2024,28.6,Sư phạm Lịch sử
92697,HNM,su-pham-lich-su,D09,Điểm thi THPT,2024,26.18,Sư phạm Lịch sử
92698,HNM,su-pham-lich-su,D14,Điểm thi THPT,2024,26.18,Sư phạm Lịch sử
92699,HNM,su-pham-lich-su,D78,Điểm thi THPT,2024,26.18,Sư phạm Lịch sử
92700,HNM,su-pham-lich-su,D96,Điểm thi THPT,2024,26.18,Sư phạm Lịch sử
92701,HNM,su-pham-lich-su,C00,Điểm thi THPT,2025,27.38,Sư phạm Lịch sử
92702,HNM,su-pham-lich-su,C03,Điểm thi THPT,2025,28.13,Sư phạm Lịch sử
92703,HNM,su-pham-lich-su,C19,Điểm thi THPT,2025,28.13,Sư phạm Lịch sử
92704,HNM,su-pham-lich-su,D14,Điểm thi THPT,2025,28.13,Sư phạm Lịch sử
92705,HNM,su-pham-lich-su,D40,Điểm thi THPT,2025,28.13,Sư phạm Lịch sử
92706,HNM,su-pham-lich-su,X70,Điểm thi THPT,2025,28.13,Sư phạm Lịch sử
92707,HNM,su-pham-ngu-van,D01,Điểm thi THPT,2021,34.43,Sư phạm Ngữ văn
92708,HNM,su-pham-ngu-van,D14,Điểm thi THPT,2021,34.43,Sư phạm Ngữ văn
92709,HNM,su-pham-ngu-van,D15,Điểm thi THPT,2021,34.43,Sư phạm Ngữ văn
92710,HNM,su-pham-ngu-van,D78,Điểm thi THPT,2021,34.43,Sư phạm Ngữ văn
92711,HNM,su-pham-ngu-van,D01,Điểm học bạ,2022,36.25,Sư phạm Ngữ văn
92712,HNM,su-pham-ngu-van,D14,Điểm học bạ,2022,36.25,Sư phạm Ngữ văn
92713,HNM,su-pham-ngu-van,D15,Điểm học bạ,2022,36.25,Sư phạm Ngữ văn
92714,HNM,su-pham-ngu-van,D78,Điểm học bạ,2022,36.25,Sư phạm Ngữ văn
92715,HNM,su-pham-ngu-van,D01,Điểm thi THPT,2022,33.93,Sư phạm Ngữ văn
92716,HNM,su-pham-ngu-van,D14,Điểm thi THPT,2022,33.93,Sư phạm Ngữ văn
92717,HNM,su-pham-ngu-van,D15,Điểm thi THPT,2022,33.93,Sư phạm Ngữ văn
92718,HNM,su-pham-ngu-van,D78,Điểm thi THPT,2022,33.93,Sư phạm Ngữ văn
92719,HNM,su-pham-ngu-van,D01,Điểm thi THPT,2023,25.8,Sư phạm Ngữ văn
92720,HNM,su-pham-ngu-van,D14,Điểm thi THPT,2023,25.8,Sư phạm Ngữ văn
92721,HNM,su-pham-ngu-van,D78,Điểm thi THPT,2023,25.8,Sư phạm Ngữ văn
92722,HNM,su-pham-ngu-van,D01,Điểm thi THPT,2024,26.58,Sư phạm Ngữ văn
92723,HNM,su-pham-ngu-van,D14,Điểm thi THPT,2024,26.58,Sư phạm Ngữ văn
92724,HNM,su-pham-ngu-van,D15,Điểm thi THPT,2024,26.58,Sư phạm Ngữ văn
92725,HNM,su-pham-ngu-van,D78,Điểm thi THPT,2024,26.58,Sư phạm Ngữ văn
92726,HNM,su-pham-ngu-van,C00,Điểm thi THPT,2025,27.35,Sư phạm Ngữ văn
92727,HNM,su-pham-ngu-van,C03,Điểm thi THPT,2025,28.1,Sư phạm Ngữ văn
92728,HNM,su-pham-ngu-van,C04,Điểm thi THPT,2025,28.1,Sư phạm Ngữ văn
92729,HNM,su-pham-ngu-van,C14,Điểm thi THPT,2025,28.1,Sư phạm Ngữ văn
92730,HNM,su-pham-ngu-van,D01,Điểm thi THPT,2025,28.1,Sư phạm Ngữ văn
92731,HNM,su-pham-ngu-van,D04,Điểm thi THPT,2025,28.1,Sư phạm Ngữ văn
92732,HNM,su-pham-ngu-van,X01,Điểm thi THPT,2025,28.1,Sư phạm Ngữ văn
92733,HNM,su-pham-tieng-anh,D01,Điểm thi THPT,2025,25.89,Sư phạm Tiếng Anh
92734,HNM,su-pham-tieng-anh,D04,Điểm thi THPT,2025,25.89,Sư phạm Tiếng Anh
92735,HNM,su-pham-tieng-anh,D14,Điểm thi THPT,2025,25.89,Sư phạm Tiếng Anh
92736,HNM,su-pham-tieng-anh,D15,Điểm thi THPT,2025,25.89,Sư phạm Tiếng Anh
92737,HNM,su-pham-tieng-anh,D45,Điểm thi THPT,2025,25.89,Sư phạm Tiếng Anh
92738,HNM,su-pham-tieng-anh,D65,Điểm thi THPT,2025,25.89,Sư phạm Tiếng Anh
92739,HNM,su-pham-tieng-anh,D66,Điểm thi THPT,2025,25.89,Sư phạm Tiếng Anh
92740,HNM,su-pham-tieng-anh,D71,Điểm thi THPT,2025,25.89,Sư phạm Tiếng Anh
92741,HNM,su-pham-tieng-anh,X78,Điểm thi THPT,2025,25.89,Sư phạm Tiếng Anh
92742,HNM,su-pham-tieng-anh,X90,Điểm thi THPT,2025,25.89,Sư phạm Tiếng Anh
92743,HNM,su-pham-tin-hoc,A00,Điểm thi THPT,2025,23.0,Sư phạm Tin học
92744,HNM,su-pham-tin-hoc,A01,Điểm thi THPT,2025,23.0,Sư phạm Tin học
92745,HNM,su-pham-tin-hoc,A02,Điểm thi THPT,2025,23.0,Sư phạm Tin học
92746,HNM,su-pham-tin-hoc,C01,Điểm thi THPT,2025,23.0,Sư phạm Tin học
92747,HNM,su-pham-tin-hoc,D30,Điểm thi THPT,2025,23.0,Sư phạm Tin học
92748,HNM,su-pham-toan-hoc,A01,Điểm thi THPT,2021,34.8,Sư phạm Toán học
92749,HNM,su-pham-toan-hoc,D01,Điểm thi THPT,2021,34.8,Sư phạm Toán học
92750,HNM,su-pham-toan-hoc,D07,Điểm thi THPT,2021,34.8,Sư phạm Toán học
92751,HNM,su-pham-toan-hoc,D90,Điểm thi THPT,2021,34.8,Sư phạm Toán học
92752,HNM,su-pham-toan-hoc,A00,Điểm học bạ,2022,37.03,Sư phạm Toán học
92753,HNM,su-pham-toan-hoc,A01,Điểm học bạ,2022,37.03,Sư phạm Toán học
92754,HNM,su-pham-toan-hoc,D01,Điểm học bạ,2022,37.03,Sư phạm Toán học
92755,HNM,su-pham-toan-hoc,D90,Điểm học bạ,2022,37.03,Sư phạm Toán học
92756,HNM,su-pham-toan-hoc,A00,Điểm thi THPT,2022,33.95,Sư phạm Toán học
92757,HNM,su-pham-toan-hoc,A01,Điểm thi THPT,2022,33.95,Sư phạm Toán học
92758,HNM,su-pham-toan-hoc,D01,Điểm thi THPT,2022,33.95,Sư phạm Toán học
92759,HNM,su-pham-toan-hoc,D90,Điểm thi THPT,2022,33.95,Sư phạm Toán học
92760,HNM,su-pham-toan-hoc,A01,Điểm thi THPT,2023,26.15,Sư phạm Toán học
92761,HNM,su-pham-toan-hoc,D01,Điểm thi THPT,2023,26.15,Sư phạm Toán học
92762,HNM,su-pham-toan-hoc,D07,Điểm thi THPT,2023,26.15,Sư phạm Toán học
92763,HNM,su-pham-toan-hoc,D90,Điểm thi THPT,2023,26.15,Sư phạm Toán học
92764,HNM,su-pham-toan-hoc,A01,Điểm thi THPT,2024,26.5,Sư phạm Toán học
92765,HNM,su-pham-toan-hoc,D01,Điểm thi THPT,2024,26.5,Sư phạm Toán học
92766,HNM,su-pham-toan-hoc,D07,Điểm thi THPT,2024,26.5,Sư phạm Toán học
92767,HNM,su-pham-toan-hoc,D90,Điểm thi THPT,2024,26.5,Sư phạm Toán học
92768,HNM,su-pham-toan-hoc,A00,Điểm thi THPT,2025,27.34,Sư phạm Toán học
92769,HNM,su-pham-toan-hoc,A01,Điểm thi THPT,2025,27.34,Sư phạm Toán học
92770,HNM,su-pham-toan-hoc,A02,Điểm thi THPT,2025,27.34,Sư phạm Toán học
92771,HNM,su-pham-toan-hoc,C01,Điểm thi THPT,2025,27.34,Sư phạm Toán học
92772,HNM,su-pham-toan-hoc,D30,Điểm thi THPT,2025,27.34,Sư phạm Toán học
92773,HNM,su-pham-vat-li,A01,Điểm thi THPT,2021,29.0,Sư phạm Vật lí
92774,HNM,su-pham-vat-li,D01,Điểm thi THPT,2021,29.0,Sư phạm Vật lí
92775,HNM,su-pham-vat-li,D07,Điểm thi THPT,2021,29.0,Sư phạm Vật lí
92776,HNM,su-pham-vat-li,D90,Điểm thi THPT,2021,29.0,Sư phạm Vật lí
92777,HNM,su-pham-vat-li,A01,Điểm học bạ,2022,30.5,Sư phạm Vật lí
92778,HNM,su-pham-vat-li,D07,Điểm học bạ,2022,30.5,Sư phạm Vật lí
92779,HNM,su-pham-vat-li,D72,Điểm học bạ,2022,30.5,Sư phạm Vật lí
92780,HNM,su-pham-vat-li,D90,Điểm học bạ,2022,30.5,Sư phạm Vật lí
92781,HNM,su-pham-vat-li,A01,Điểm thi THPT,2022,29.87,Sư phạm Vật lí
92782,HNM,su-pham-vat-li,D07,Điểm thi THPT,2022,29.87,Sư phạm Vật lí
92783,HNM,su-pham-vat-li,D72,Điểm thi THPT,2022,29.87,Sư phạm Vật lí
92784,HNM,su-pham-vat-li,D90,Điểm thi THPT,2022,29.87,Sư phạm Vật lí
92785,HNM,su-pham-vat-li,A00,Điểm thi THPT,2025,26.27,Sư phạm Vật lí
92786,HNM,su-pham-vat-li,A01,Điểm thi THPT,2025,26.27,Sư phạm Vật lí
92787,HNM,su-pham-vat-li,A02,Điểm thi THPT,2025,26.27,Sư phạm Vật lí
92788,HNM,su-pham-vat-li,C01,Điểm thi THPT,2025,26.27,Sư phạm Vật lí
92789,HNM,su-pham-vat-li,D30,Điểm thi THPT,2025,26.27,Sư phạm Vật lí
92790,HNM,su-pham-vat-ly,A01,Điểm học bạ,2023,27.2,Sư phạm Vật lý
92791,HNM,su-pham-vat-ly,D07,Điểm học bạ,2023,27.2,Sư phạm Vật lý
92792,HNM,su-pham-vat-ly,D11,Điểm học bạ,2023,27.2,Sư phạm Vật lý
92793,HNM,su-pham-vat-ly,D90,Điểm học bạ,2023,27.2,Sư phạm Vật lý
92794,HNM,su-pham-vat-ly,A01,Điểm thi THPT,2023,24.2,Sư phạm Vật lý
92795,HNM,su-pham-vat-ly,D07,Điểm thi THPT,2023,24.2,Sư phạm Vật lý
92796,HNM,su-pham-vat-ly,D11,Điểm thi THPT,2023,24.2,Sư phạm Vật lý
92797,HNM,su-pham-vat-ly,D90,Điểm thi THPT,2023,24.2,Sư phạm Vật lý
92798,HNM,su-pham-vat-ly,A01,Điểm thi THPT,2024,25.65,Sư phạm Vật lý
92799,HNM,su-pham-vat-ly,D07,Điểm thi THPT,2024,25.65,Sư phạm Vật lý
92800,HNM,su-pham-vat-ly,D11,Điểm thi THPT,2024,25.65,Sư phạm Vật lý
92801,HNM,su-pham-vat-ly,D90,Điểm thi THPT,2024,25.65,Sư phạm Vật lý
92802,HNM,tai-chinh-ngan-hang,A00,Điểm học bạ,2023,25.07,Tài chính - Ngân hàng
92803,HNM,tai-chinh-ngan-hang,A01,Điểm học bạ,2023,25.07,Tài chính - Ngân hàng
92804,HNM,tai-chinh-ngan-hang,D01,Điểm học bạ,2023,25.07,Tài chính - Ngân hàng
92805,HNM,tai-chinh-ngan-hang,D96,Điểm học bạ,2023,25.07,Tài chính - Ngân hàng
92806,HNM,tai-chinh-ngan-hang,A00,Điểm thi THPT,2023,22.55,Tài chính - Ngân hàng
92807,HNM,tai-chinh-ngan-hang,A01,Điểm thi THPT,2023,22.55,Tài chính - Ngân hàng
92808,HNM,tai-chinh-ngan-hang,D01,Điểm thi THPT,2023,22.55,Tài chính - Ngân hàng
92809,HNM,tai-chinh-ngan-hang,D96,Điểm thi THPT,2023,22.55,Tài chính - Ngân hàng
92810,HNM,tai-chinh-ngan-hang,A00,Điểm học bạ,2024,27.68,Tài chính - Ngân hàng
92811,HNM,tai-chinh-ngan-hang,A01,Điểm học bạ,2024,27.68,Tài chính - Ngân hàng
92812,HNM,tai-chinh-ngan-hang,D01,Điểm học bạ,2024,27.68,Tài chính - Ngân hàng
92813,HNM,tai-chinh-ngan-hang,D96,Điểm học bạ,2024,27.68,Tài chính - Ngân hàng
92814,HNM,tai-chinh-ngan-hang,A00,Điểm thi THPT,2024,24.49,Tài chính - Ngân hàng
92815,HNM,tai-chinh-ngan-hang,A01,Điểm thi THPT,2024,24.49,Tài chính - Ngân hàng
92816,HNM,tai-chinh-ngan-hang,D01,Điểm thi THPT,2024,24.49,Tài chính - Ngân hàng
92817,HNM,tai-chinh-ngan-hang,D96,Điểm thi THPT,2024,24.49,Tài chính - Ngân hàng
92818,HNM,tai-chinh-ngan-hang,D01,Điểm học bạ,2025,23.4,Tài chính -Ngân hàng
92819,HNM,tai-chinh-ngan-hang,D07,Điểm học bạ,2025,23.4,Tài chính -Ngân hàng
92820,HNM,tai-chinh-ngan-hang,D08,Điểm học bạ,2025,23.4,Tài chính -Ngân hàng
92821,HNM,tai-chinh-ngan-hang,D11,Điểm học bạ,2025,23.4,Tài chính -Ngân hàng
92822,HNM,tai-chinh-ngan-hang,D01,Điểm thi THPT,2025,23.4,Tài chính -Ngân hàng
92823,HNM,tai-chinh-ngan-hang,D04,Điểm thi THPT,2025,23.4,Tài chính -Ngân hàng
92824,HNM,tai-chinh-ngan-hang,D07,Điểm thi THPT,2025,23.4,Tài chính -Ngân hàng
92825,HNM,tai-chinh-ngan-hang,D08,Điểm thi THPT,2025,23.4,Tài chính -Ngân hàng
92826,HNM,tai-chinh-ngan-hang,D11,Điểm thi THPT,2025,23.4,Tài chính -Ngân hàng
92827,HNM,tai-chinh-ngan-hang,D25,Điểm thi THPT,2025,23.4,Tài chính -Ngân hàng
92828,HNM,tai-chinh-ngan-hang,D35,Điểm thi THPT,2025,23.4,Tài chính -Ngân hàng
92829,HNM,tai-chinh-ngan-hang,D55,Điểm thi THPT,2025,23.4,Tài chính -Ngân hàng
92830,HNM,tam-li-hoc,C00,Điểm học bạ,2025,28.2,Tâm lí học
92831,HNM,tam-li-hoc,D01,Điểm học bạ,2025,28.2,Tâm lí học
92832,HNM,tam-li-hoc,D14,Điểm học bạ,2025,28.2,Tâm lí học
92833,HNM,tam-li-hoc,D15,Điểm học bạ,2025,28.2,Tâm lí học
92834,HNM,tam-li-hoc,D66,Điểm học bạ,2025,28.2,Tâm lí học
92835,HNM,tam-li-hoc,C00,Điểm thi THPT,2025,25.28,Tâm lí học
92836,HNM,tam-li-hoc,D01,Điểm thi THPT,2025,26.03,Tâm lí học
92837,HNM,tam-li-hoc,D04,Điểm thi THPT,2025,26.03,Tâm lí học
92838,HNM,tam-li-hoc,D14,Điểm thi THPT,2025,26.03,Tâm lí học
92839,HNM,tam-li-hoc,D15,Điểm thi THPT,2025,26.03,Tâm lí học
92840,HNM,tam-li-hoc,D45,Điểm thi THPT,2025,26.03,Tâm lí học
92841,HNM,tam-li-hoc,D65,Điểm thi THPT,2025,26.03,Tâm lí học
92842,HNM,tam-li-hoc,D66,Điểm thi THPT,2025,26.03,Tâm lí học
92843,HNM,tam-li-hoc,D71,Điểm thi THPT,2025,26.03,Tâm lí học
92844,HNM,tam-li-hoc,X78,Điểm thi THPT,2025,26.03,Tâm lí học
92845,HNM,tam-li-hoc,X90,Điểm thi THPT,2025,26.03,Tâm lí học
92846,HNM,tam-ly-hoc,C00,Điểm học bạ,2023,24.91,Tâm lý học
92847,HNM,tam-ly-hoc,D70,Điểm học bạ,2023,24.91,Tâm lý học
92848,HNM,tam-ly-hoc,D72,Điểm học bạ,2023,24.91,Tâm lý học
92849,HNM,tam-ly-hoc,D96,Điểm học bạ,2023,24.91,Tâm lý học
92850,HNM,tam-ly-hoc,C00,Điểm thi THPT,2023,23.23,Tâm lý học
92851,HNM,tam-ly-hoc,D70,Điểm thi THPT,2023,23.23,Tâm lý học
92852,HNM,tam-ly-hoc,D72,Điểm thi THPT,2023,23.23,Tâm lý học
92853,HNM,tam-ly-hoc,D96,Điểm thi THPT,2023,23.23,Tâm lý học
92854,HNM,tam-ly-hoc,C00,Điểm học bạ,2024,27.5,Tâm lý học
92855,HNM,tam-ly-hoc,D01,Điểm học bạ,2024,27.5,Tâm lý học
92856,HNM,tam-ly-hoc,D14,Điểm học bạ,2024,27.5,Tâm lý học
92857,HNM,tam-ly-hoc,D96,Điểm học bạ,2024,27.5,Tâm lý học
92858,HNM,tam-ly-hoc,C00,Điểm thi THPT,2024,26.63,Tâm lý học
92859,HNM,tam-ly-hoc,D01,Điểm thi THPT,2024,26.63,Tâm lý học
92860,HNM,tam-ly-hoc,D14,Điểm thi THPT,2024,26.63,Tâm lý học
92861,HNM,tam-ly-hoc,D96,Điểm thi THPT,2024,26.63,Tâm lý học
92862,HNM,toan-ung-dung,A00,Điểm thi THPT,2021,24.27,Toán ứng dụng
92863,HNM,toan-ung-dung,A01,Điểm thi THPT,2021,24.27,Toán ứng dụng
92864,HNM,toan-ung-dung,D01,Điểm thi THPT,2021,24.27,Toán ứng dụng
92865,HNM,toan-ung-dung,D90,Điểm thi THPT,2021,24.27,Toán ứng dụng
92866,HNM,toan-ung-dung,A00,Điểm học bạ,2022,25.0,Toán ứng dụng
92867,HNM,toan-ung-dung,A01,Điểm học bạ,2022,25.0,Toán ứng dụng
92868,HNM,toan-ung-dung,D01,Điểm học bạ,2022,25.0,Toán ứng dụng
92869,HNM,toan-ung-dung,D90,Điểm học bạ,2022,25.0,Toán ứng dụng
92870,HNM,toan-ung-dung,A00,Điểm thi THPT,2022,30.43,Toán ứng dụng
92871,HNM,toan-ung-dung,A01,Điểm thi THPT,2022,30.43,Toán ứng dụng
92872,HNM,toan-ung-dung,D01,Điểm thi THPT,2022,30.43,Toán ứng dụng
92873,HNM,toan-ung-dung,D90,Điểm thi THPT,2022,30.43,Toán ứng dụng
92874,HNM,toan-ung-dung,A00,Điểm học bạ,2023,25.43,Toán ứng dụng
92875,HNM,toan-ung-dung,A01,Điểm học bạ,2023,25.43,Toán ứng dụng
92876,HNM,toan-ung-dung,D01,Điểm học bạ,2023,25.43,Toán ứng dụng
92877,HNM,toan-ung-dung,D07,Điểm học bạ,2023,25.43,Toán ứng dụng
92878,HNM,toan-ung-dung,A00,Điểm thi THPT,2023,23.55,Toán ứng dụng
92879,HNM,toan-ung-dung,A01,Điểm thi THPT,2023,23.55,Toán ứng dụng
92880,HNM,toan-ung-dung,D01,Điểm thi THPT,2023,23.55,Toán ứng dụng
92881,HNM,toan-ung-dung,D07,Điểm thi THPT,2023,23.55,Toán ứng dụng
92882,HNM,toan-ung-dung,A00,Điểm học bạ,2024,27.57,Toán ứng dụng
92883,HNM,toan-ung-dung,A01,Điểm học bạ,2024,27.57,Toán ứng dụng
92884,HNM,toan-ung-dung,D01,Điểm học bạ,2024,27.57,Toán ứng dụng
92885,HNM,toan-ung-dung,D07,Điểm học bạ,2024,27.57,Toán ứng dụng
92886,HNM,toan-ung-dung,A00,Điểm thi THPT,2024,24.68,Toán ứng dụng
92887,HNM,toan-ung-dung,A01,Điểm thi THPT,2024,24.68,Toán ứng dụng
92888,HNM,toan-ung-dung,D01,Điểm thi THPT,2024,24.68,Toán ứng dụng
92889,HNM,toan-ung-dung,D07,Điểm thi THPT,2024,24.68,Toán ứng dụng
92890,HNM,toan-ung-dung,A00,Điểm học bạ,2025,27.61,Toán ứng dụng
92891,HNM,toan-ung-dung,A01,Điểm học bạ,2025,27.61,Toán ứng dụng
92892,HNM,toan-ung-dung,A02,Điểm học bạ,2025,27.61,Toán ứng dụng
92893,HNM,toan-ung-dung,C01,Điểm học bạ,2025,27.61,Toán ứng dụng
92894,HNM,toan-ung-dung,A00,Điểm thi THPT,2025,24.44,Toán ứng dụng
92895,HNM,toan-ung-dung,A01,Điểm thi THPT,2025,24.44,Toán ứng dụng
92896,HNM,toan-ung-dung,A02,Điểm thi THPT,2025,24.44,Toán ứng dụng
92897,HNM,toan-ung-dung,C01,Điểm thi THPT,2025,24.44,Toán ứng dụng
92898,HNM,toan-ung-dung,D30,Điểm thi THPT,2025,24.44,Toán ứng dụng
92899,HNM,van-hoa-hoc,C00,Điểm học bạ,2023,16.0,Văn hóa học
92900,HNM,van-hoa-hoc,D14,Điểm học bạ,2023,16.0,Văn hóa học
92901,HNM,van-hoa-hoc,D15,Điểm học bạ,2023,16.0,Văn hóa học
92902,HNM,van-hoa-hoc,D78,Điểm học bạ,2023,16.0,Văn hóa học
92903,HNM,van-hoa-hoc,C00,Điểm thi THPT,2023,16.0,Văn hóa học
92904,HNM,van-hoa-hoc,D14,Điểm thi THPT,2023,16.0,Văn hóa học
92905,HNM,van-hoa-hoc,D15,Điểm thi THPT,2023,16.0,Văn hóa học
92906,HNM,van-hoa-hoc,D78,Điểm thi THPT,2023,16.0,Văn hóa học
92907,HNM,van-hoa-hoc,C00,Điểm học bạ,2024,27.0,Văn hóa học
92908,HNM,van-hoa-hoc,C20,Điểm học bạ,2024,27.0,Văn hóa học
92909,HNM,van-hoa-hoc,D01,Điểm học bạ,2024,27.0,Văn hóa học
92910,HNM,van-hoa-hoc,D14,Điểm học bạ,2024,27.0,Văn hóa học
92911,HNM,van-hoa-hoc,C00,Điểm thi THPT,2024,25.75,Văn hóa học
92912,HNM,van-hoa-hoc,C20,Điểm thi THPT,2024,25.75,Văn hóa học
92913,HNM,van-hoa-hoc,D01,Điểm thi THPT,2024,25.75,Văn hóa học
92914,HNM,van-hoa-hoc,D14,Điểm thi THPT,2024,25.75,Văn hóa học
92915,HNM,van-hoa-hoc,C00,Điểm học bạ,2025,28.09,Văn hóa học
92916,HNM,van-hoa-hoc,C03,Điểm học bạ,2025,28.09,Văn hóa học
92917,HNM,van-hoa-hoc,C19,Điểm học bạ,2025,28.09,Văn hóa học
92918,HNM,van-hoa-hoc,D14,Điểm học bạ,2025,28.09,Văn hóa học
92919,HNM,van-hoa-hoc,C00,Điểm thi THPT,2025,25.13,Văn hóa học
92920,HNM,van-hoa-hoc,C03,Điểm thi THPT,2025,25.88,Văn hóa học
92921,HNM,van-hoa-hoc,C19,Điểm thi THPT,2025,25.88,Văn hóa học
92922,HNM,van-hoa-hoc,D14,Điểm thi THPT,2025,25.88,Văn hóa học
92923,HNM,van-hoa-hoc,D65,Điểm thi THPT,2025,25.88,Văn hóa học
92924,HNM,van-hoa-hoc,X70,Điểm thi THPT,2025,25.88,Văn hóa học
92925,HNM,van-hoc,C00,Điểm học bạ,2023,26.3,Văn học
92926,HNM,van-hoc,D01,Điểm học bạ,2023,26.3,Văn học
92927,HNM,van-hoc,D14,Điểm học bạ,2023,26.3,Văn học
92928,HNM,van-hoc,D78,Điểm học bạ,2023,26.3,Văn học
92929,HNM,van-hoc,C00,Điểm thi THPT,2023,24.59,Văn học
92930,HNM,van-hoc,D01,Điểm thi THPT,2023,24.59,Văn học
92931,HNM,van-hoc,D14,Điểm thi THPT,2023,24.59,Văn học
92932,HNM,van-hoc,D78,Điểm thi THPT,2023,24.59,Văn học
92933,HNM,van-hoc,C00,Điểm học bạ,2024,27.84,Văn học
92934,HNM,van-hoc,D01,Điểm học bạ,2024,27.84,Văn học
92935,HNM,van-hoc,D14,Điểm học bạ,2024,27.84,Văn học
92936,HNM,van-hoc,D78,Điểm học bạ,2024,27.84,Văn học
92937,HNM,van-hoc,C00,Điểm thi THPT,2024,27.08,Văn học
92938,HNM,van-hoc,D01,Điểm thi THPT,2024,27.08,Văn học
92939,HNM,van-hoc,D14,Điểm thi THPT,2024,27.08,Văn học
92940,HNM,van-hoc,D78,Điểm thi THPT,2024,27.08,Văn học
92941,HNM,van-hoc,C00,Điểm học bạ,2025,28.55,Văn học
92942,HNM,van-hoc,C03,Điểm học bạ,2025,28.55,Văn học
92943,HNM,van-hoc,C04,Điểm học bạ,2025,28.55,Văn học
92944,HNM,van-hoc,D01,Điểm học bạ,2025,28.55,Văn học
92945,HNM,van-hoc,D14,Điểm học bạ,2025,28.55,Văn học
92946,HNM,van-hoc,C00,Điểm thi THPT,2025,25.77,Văn học
92947,HNM,van-hoc,C03,Điểm thi THPT,2025,26.52,Văn học
92948,HNM,van-hoc,C04,Điểm thi THPT,2025,26.52,Văn học
92949,HNM,van-hoc,D01,Điểm thi THPT,2025,26.52,Văn học
92950,HNM,van-hoc,D04,Điểm thi THPT,2025,26.52,Văn học
92951,HNM,van-hoc,D14,Điểm thi THPT,2025,26.52,Văn học
92952,HNM,van-hoc,D65,Điểm thi THPT,2025,26.52,Văn học
92953,HNM,viet-nam-hoc,C00,Điểm thi THPT,2021,23.25,Việt Nam học
92954,HNM,viet-nam-hoc,D01,Điểm thi THPT,2021,23.25,Việt Nam học
92955,HNM,viet-nam-hoc,D15,Điểm thi THPT,2021,23.25,Việt Nam học
92956,HNM,viet-nam-hoc,D78,Điểm thi THPT,2021,23.25,Việt Nam học
92957,HNM,viet-nam-hoc,D01,Điểm học bạ,2022,25.0,Việt Nam học
92958,HNM,viet-nam-hoc,D14,Điểm học bạ,2022,25.0,Việt Nam học
92959,HNM,viet-nam-hoc,D15,Điểm học bạ,2022,25.0,Việt Nam học
92960,HNM,viet-nam-hoc,D78,Điểm học bạ,2022,25.0,Việt Nam học
92961,HNM,viet-nam-hoc,D01,Điểm thi THPT,2022,24.6,Việt Nam học
92962,HNM,viet-nam-hoc,D14,Điểm thi THPT,2022,24.6,Việt Nam học
92963,HNM,viet-nam-hoc,D15,Điểm thi THPT,2022,24.6,Việt Nam học
92964,HNM,viet-nam-hoc,D78,Điểm thi THPT,2022,24.6,Việt Nam học
92965,HNM,viet-nam-hoc,C00,Điểm học bạ,2023,24.5,Việt Nam học
92966,HNM,viet-nam-hoc,D14,Điểm học bạ,2023,24.5,Việt Nam học
92967,HNM,viet-nam-hoc,D15,Điểm học bạ,2023,24.5,Việt Nam học
92968,HNM,viet-nam-hoc,D78,Điểm học bạ,2023,24.5,Việt Nam học
92969,HNM,viet-nam-hoc,C00,Điểm thi THPT,2023,22.25,Việt Nam học
92970,HNM,viet-nam-hoc,D14,Điểm thi THPT,2023,22.25,Việt Nam học
92971,HNM,viet-nam-hoc,D15,Điểm thi THPT,2023,22.25,Việt Nam học
92972,HNM,viet-nam-hoc,D78,Điểm thi THPT,2023,22.25,Việt Nam học
92973,HNM,viet-nam-hoc,A00,Điểm học bạ,2024,26.91,Việt Nam học
92974,HNM,viet-nam-hoc,C00,Điểm học bạ,2024,26.91,Việt Nam học
92975,HNM,viet-nam-hoc,D01,Điểm học bạ,2024,26.91,Việt Nam học
92976,HNM,viet-nam-hoc,D96,Điểm học bạ,2024,26.91,Việt Nam học
92977,HNM,viet-nam-hoc,A00,Điểm thi THPT,2024,26.36,Việt Nam học
92978,HNM,viet-nam-hoc,C00,Điểm thi THPT,2024,26.36,Việt Nam học
92979,HNM,viet-nam-hoc,D01,Điểm thi THPT,2024,26.36,Việt Nam học
92980,HNM,viet-nam-hoc,D96,Điểm thi THPT,2024,26.36,Việt Nam học
92981,HNM,viet-nam-hoc,C00,Điểm học bạ,2025,27.8,Việt Nam học
92982,HNM,viet-nam-hoc,C03,Điểm học bạ,2025,27.8,Việt Nam học
92983,HNM,viet-nam-hoc,C19,Điểm học bạ,2025,27.8,Việt Nam học
92984,HNM,viet-nam-hoc,D14,Điểm học bạ,2025,27.8,Việt Nam học
92985,HNM,viet-nam-hoc,C00,Điểm thi THPT,2025,24.72,Việt Nam học
92986,HNM,viet-nam-hoc,C03,Điểm thi THPT,2025,25.47,Việt Nam học
92987,HNM,viet-nam-hoc,C19,Điểm thi THPT,2025,25.47,Việt Nam học
92988,HNM,viet-nam-hoc,D14,Điểm thi THPT,2025,25.47,Việt Nam học
92989,HNM,viet-nam-hoc,D65,Điểm thi THPT,2025,25.47,Việt Nam học
92990,HNM,viet-nam-hoc,X70,Điểm thi THPT,2025,25.47,Việt Nam học
92991,HPN,cong-nghe-phan-mem-va-tri-tue-nhan-tao-quan-tri-he-thong-mang,A00,Điểm học bạ,2022,19.0,Công nghệ thông tin (2 chuyên ngành Công nghệ phần mềm và trí tuệ nhân tạo; Quản trị hệ thống mạng)
92992,HPN,cong-nghe-phan-mem-va-tri-tue-nhan-tao-quan-tri-he-thong-mang,A01,Điểm học bạ,2022,19.0,Công nghệ thông tin (2 chuyên ngành Công nghệ phần mềm và trí tuệ nhân tạo; Quản trị hệ thống mạng)
92993,HPN,cong-nghe-phan-mem-va-tri-tue-nhan-tao-quan-tri-he-thong-mang,D01,Điểm học bạ,2022,19.0,Công nghệ thông tin (2 chuyên ngành Công nghệ phần mềm và trí tuệ nhân tạo; Quản trị hệ thống mạng)
92994,HPN,cong-nghe-phan-mem-va-tri-tue-nhan-tao-quan-tri-he-thong-mang,D09,Điểm học bạ,2022,19.0,Công nghệ thông tin (2 chuyên ngành Công nghệ phần mềm và trí tuệ nhân tạo; Quản trị hệ thống mạng)
92995,HPN,cong-nghe-phan-mem-va-tri-tue-nhan-tao-quan-tri-he-thong-mang,A00,Điểm thi THPT,2022,16.0,Công nghệ thông tin (2 chuyên ngành Công nghệ phần mềm và trí tuệ nhân tạo; Quản trị hệ thống mạng)
92996,HPN,cong-nghe-phan-mem-va-tri-tue-nhan-tao-quan-tri-he-thong-mang,A01,Điểm thi THPT,2022,16.0,Công nghệ thông tin (2 chuyên ngành Công nghệ phần mềm và trí tuệ nhân tạo; Quản trị hệ thống mạng)
92997,HPN,cong-nghe-phan-mem-va-tri-tue-nhan-tao-quan-tri-he-thong-mang,D01,Điểm thi THPT,2022,16.0,Công nghệ thông tin (2 chuyên ngành Công nghệ phần mềm và trí tuệ nhân tạo; Quản trị hệ thống mạng)
92998,HPN,cong-nghe-phan-mem-va-tri-tue-nhan-tao-quan-tri-he-thong-mang,D09,Điểm thi THPT,2022,16.0,Công nghệ thông tin (2 chuyên ngành Công nghệ phần mềm và trí tuệ nhân tạo; Quản trị hệ thống mạng)
92999,HPN,cong-nghe-thong-tin,A00,Điểm thi THPT,2021,15.0,Công nghệ thông tin
93000,HPN,cong-nghe-thong-tin,A01,Điểm thi THPT,2021,15.0,Công nghệ thông tin
93001,HPN,cong-nghe-thong-tin,C00,Điểm thi THPT,2021,15.0,Công nghệ thông tin
93002,HPN,cong-nghe-thong-tin,D09,Điểm thi THPT,2021,15.0,Công nghệ thông tin
93003,HPN,cong-nghe-thong-tin,A00,Điểm học bạ,2023,20.0,Công nghệ thông tin
93004,HPN,cong-nghe-thong-tin,A01,Điểm học bạ,2023,20.0,Công nghệ thông tin
93005,HPN,cong-nghe-thong-tin,D01,Điểm học bạ,2023,20.0,Công nghệ thông tin
93006,HPN,cong-nghe-thong-tin,D09,Điểm học bạ,2023,20.0,Công nghệ thông tin
93007,HPN,cong-nghe-thong-tin,A00,Điểm thi THPT,2023,18.5,Công nghệ thông tin
93008,HPN,cong-nghe-thong-tin,A01,Điểm thi THPT,2023,18.5,Công nghệ thông tin
93009,HPN,cong-nghe-thong-tin,D01,Điểm thi THPT,2023,18.5,Công nghệ thông tin
93010,HPN,cong-nghe-thong-tin,D09,Điểm thi THPT,2023,18.5,Công nghệ thông tin
93011,HPN,cong-nghe-thong-tin,A00,Điểm học bạ,2024,20.0,Công nghệ thông tin
93012,HPN,cong-nghe-thong-tin,A01,Điểm học bạ,2024,20.0,Công nghệ thông tin
93013,HPN,cong-nghe-thong-tin,D01,Điểm học bạ,2024,20.0,Công nghệ thông tin
93014,HPN,cong-nghe-thong-tin,D09,Điểm học bạ,2024,20.0,Công nghệ thông tin
93015,HPN,cong-nghe-thong-tin,A00,Điểm thi THPT,2024,20.5,Công nghệ thông tin
93016,HPN,cong-nghe-thong-tin,A01,Điểm thi THPT,2024,20.5,Công nghệ thông tin
93017,HPN,cong-nghe-thong-tin,D01,Điểm thi THPT,2024,20.5,Công nghệ thông tin
93018,HPN,cong-nghe-thong-tin,D09,Điểm thi THPT,2024,20.5,Công nghệ thông tin
93019,HPN,cong-nghe-thong-tin,A00,Điểm học bạ,2025,23.01,Công nghệ thông tin
93020,HPN,cong-nghe-thong-tin,A01,Điểm học bạ,2025,23.01,Công nghệ thông tin
93021,HPN,cong-nghe-thong-tin,D01,Điểm học bạ,2025,23.01,Công nghệ thông tin
93022,HPN,cong-nghe-thong-tin,D09,Điểm học bạ,2025,23.01,Công nghệ thông tin
93023,HPN,cong-nghe-thong-tin,X26,Điểm học bạ,2025,23.01,Công nghệ thông tin
93024,HPN,cong-nghe-thong-tin,A00,Điểm thi THPT,2025,20.68,Công nghệ thông tin
93025,HPN,cong-nghe-thong-tin,A01,Điểm thi THPT,2025,20.68,Công nghệ thông tin
93026,HPN,cong-nghe-thong-tin,D01,Điểm thi THPT,2025,20.68,Công nghệ thông tin
93027,HPN,cong-nghe-thong-tin,D09,Điểm thi THPT,2025,20.68,Công nghệ thông tin
93028,HPN,cong-nghe-thong-tin,X26,Điểm thi THPT,2025,20.68,Công nghệ thông tin
93029,HPN,cong-tac-xa-hoi,A00,Điểm thi THPT,2021,15.0,Công tác xã hội
93030,HPN,cong-tac-xa-hoi,A01,Điểm thi THPT,2021,15.0,Công tác xã hội
93031,HPN,cong-tac-xa-hoi,C00,Điểm thi THPT,2021,15.0,Công tác xã hội
93032,HPN,cong-tac-xa-hoi,D01,Điểm thi THPT,2021,15.0,Công tác xã hội
93033,HPN,cong-tac-xa-hoi,A00,Điểm học bạ,2022,18.0,Công tác xã hội (đào tạo tại học viện Hà Nội)
93034,HPN,cong-tac-xa-hoi,A01,Điểm học bạ,2022,18.0,Công tác xã hội (đào tạo tại học viện Hà Nội)
93035,HPN,cong-tac-xa-hoi,C00,Điểm học bạ,2022,18.0,Công tác xã hội (đào tạo tại học viện Hà Nội)
93036,HPN,cong-tac-xa-hoi,D01,Điểm học bạ,2022,18.0,Công tác xã hội (đào tạo tại học viện Hà Nội)
93037,HPN,cong-tac-xa-hoi,A00,Điểm thi THPT,2022,15.0,Công tác xã hội (đào tạo tại học viện Hà Nội)
93038,HPN,cong-tac-xa-hoi,A01,Điểm thi THPT,2022,15.0,Công tác xã hội (đào tạo tại học viện Hà Nội)
93039,HPN,cong-tac-xa-hoi,C00,Điểm thi THPT,2022,15.0,Công tác xã hội (đào tạo tại học viện Hà Nội)
93040,HPN,cong-tac-xa-hoi,D01,Điểm thi THPT,2022,15.0,Công tác xã hội (đào tạo tại học viện Hà Nội)
93041,HPN,cong-tac-xa-hoi,A00,Điểm học bạ,2023,18.0,Công tác xã hội
93042,HPN,cong-tac-xa-hoi,A01,Điểm học bạ,2023,18.0,Công tác xã hội
93043,HPN,cong-tac-xa-hoi,C00,Điểm học bạ,2023,18.0,Công tác xã hội
93044,HPN,cong-tac-xa-hoi,D01,Điểm học bạ,2023,18.0,Công tác xã hội
93045,HPN,cong-tac-xa-hoi,A00,Điểm thi THPT,2023,16.25,Công tác xã hội (Hà Nội)
93046,HPN,cong-tac-xa-hoi,A01,Điểm thi THPT,2023,16.25,Công tác xã hội (Hà Nội)
93047,HPN,cong-tac-xa-hoi,C00,Điểm thi THPT,2023,16.25,Công tác xã hội (Hà Nội)
93048,HPN,cong-tac-xa-hoi,D01,Điểm thi THPT,2023,16.25,Công tác xã hội (Hà Nội)
93049,HPN,cong-tac-xa-hoi,A00,Điểm học bạ,2024,20.0,Công tác xã hội (đào tạo tại trụ sở chính Hà Nội)
93050,HPN,cong-tac-xa-hoi,A01,Điểm học bạ,2024,20.0,Công tác xã hội (đào tạo tại trụ sở chính Hà Nội)
93051,HPN,cong-tac-xa-hoi,C00,Điểm học bạ,2024,20.0,Công tác xã hội (đào tạo tại trụ sở chính Hà Nội)
93052,HPN,cong-tac-xa-hoi,D01,Điểm học bạ,2024,20.0,Công tác xã hội (đào tạo tại trụ sở chính Hà Nội)
93053,HPN,cong-tac-xa-hoi,A00,Điểm thi THPT,2024,22.25,Công tác xã hội
93054,HPN,cong-tac-xa-hoi,A01,Điểm thi THPT,2024,22.25,Công tác xã hội
93055,HPN,cong-tac-xa-hoi,C00,Điểm thi THPT,2024,22.25,Công tác xã hội
93056,HPN,cong-tac-xa-hoi,D01,Điểm thi THPT,2024,22.25,Công tác xã hội
93057,HPN,cong-tac-xa-hoi,A00,Điểm học bạ,2025,25.63,Công tác xã hội
93058,HPN,cong-tac-xa-hoi,C00,Điểm học bạ,2025,25.63,Công tác xã hội
93059,HPN,cong-tac-xa-hoi,D01,Điểm học bạ,2025,25.63,Công tác xã hội
93060,HPN,cong-tac-xa-hoi,D14,Điểm học bạ,2025,25.63,Công tác xã hội
93061,HPN,cong-tac-xa-hoi,D15,Điểm học bạ,2025,25.63,Công tác xã hội
93062,HPN,cong-tac-xa-hoi,A00,Điểm thi THPT,2025,24.17,Công tác xã hội
93063,HPN,cong-tac-xa-hoi,C00,Điểm thi THPT,2025,24.17,Công tác xã hội
93064,HPN,cong-tac-xa-hoi,D01,Điểm thi THPT,2025,24.17,Công tác xã hội
93065,HPN,cong-tac-xa-hoi,D14,Điểm thi THPT,2025,24.17,Công tác xã hội
93066,HPN,cong-tac-xa-hoi,D15,Điểm thi THPT,2025,24.17,Công tác xã hội
93067,HPN,gioi-va-phat-trien,A00,Điểm thi THPT,2021,15.0,Giới và Phát triển
93068,HPN,gioi-va-phat-trien,A01,Điểm thi THPT,2021,15.0,Giới và Phát triển
93069,HPN,gioi-va-phat-trien,C00,Điểm thi THPT,2021,15.0,Giới và Phát triển
93070,HPN,gioi-va-phat-trien,D01,Điểm thi THPT,2021,15.0,Giới và Phát triển
93071,HPN,gioi-va-phat-trien,A00,Điểm học bạ,2022,18.0,Giới và phát triển
93072,HPN,gioi-va-phat-trien,A01,Điểm học bạ,2022,18.0,Giới và phát triển
93073,HPN,gioi-va-phat-trien,C00,Điểm học bạ,2022,18.0,Giới và phát triển
93074,HPN,gioi-va-phat-trien,D01,Điểm học bạ,2022,18.0,Giới và phát triển
93075,HPN,gioi-va-phat-trien,A00,Điểm thi THPT,2022,15.0,Giới và phát triển
93076,HPN,gioi-va-phat-trien,A01,Điểm thi THPT,2022,15.0,Giới và phát triển
93077,HPN,gioi-va-phat-trien,C00,Điểm thi THPT,2022,15.0,Giới và phát triển
93078,HPN,gioi-va-phat-trien,D01,Điểm thi THPT,2022,15.0,Giới và phát triển
93079,HPN,gioi-va-phat-trien,A00,Điểm học bạ,2023,18.0,Giới và phát triển
93080,HPN,gioi-va-phat-trien,A01,Điểm học bạ,2023,18.0,Giới và phát triển
93081,HPN,gioi-va-phat-trien,C00,Điểm học bạ,2023,18.0,Giới và phát triển
93082,HPN,gioi-va-phat-trien,D01,Điểm học bạ,2023,18.0,Giới và phát triển
93083,HPN,gioi-va-phat-trien,A00,Điểm thi THPT,2023,15.0,Giới và Phát triển
93084,HPN,gioi-va-phat-trien,A01,Điểm thi THPT,2023,15.0,Giới và Phát triển
93085,HPN,gioi-va-phat-trien,C00,Điểm thi THPT,2023,15.0,Giới và Phát triển
93086,HPN,gioi-va-phat-trien,D01,Điểm thi THPT,2023,15.0,Giới và Phát triển
93087,HPN,gioi-va-phat-trien,A00,Điểm học bạ,2024,19.0,Giới và phát triển
93088,HPN,gioi-va-phat-trien,A01,Điểm học bạ,2024,19.0,Giới và phát triển
93089,HPN,gioi-va-phat-trien,C00,Điểm học bạ,2024,19.0,Giới và phát triển
93090,HPN,gioi-va-phat-trien,D01,Điểm học bạ,2024,19.0,Giới và phát triển
93091,HPN,gioi-va-phat-trien,A00,Điểm thi THPT,2024,15.5,Giới và Phát triển
93092,HPN,gioi-va-phat-trien,A01,Điểm thi THPT,2024,15.5,Giới và Phát triển
93093,HPN,gioi-va-phat-trien,C00,Điểm thi THPT,2024,15.5,Giới và Phát triển
93094,HPN,gioi-va-phat-trien,D01,Điểm thi THPT,2024,15.5,Giới và Phát triển
93095,HPN,gioi-va-phat-trien,A00,Điểm học bạ,2025,24.32,Giới và phát triển
93096,HPN,gioi-va-phat-trien,C00,Điểm học bạ,2025,24.32,Giới và phát triển
93097,HPN,gioi-va-phat-trien,D01,Điểm học bạ,2025,24.32,Giới và phát triển
93098,HPN,gioi-va-phat-trien,D14,Điểm học bạ,2025,24.32,Giới và phát triển
93099,HPN,gioi-va-phat-trien,D15,Điểm học bạ,2025,24.32,Giới và phát triển
93100,HPN,gioi-va-phat-trien,A00,Điểm thi THPT,2025,22.43,Giới và phát triển
93101,HPN,gioi-va-phat-trien,C00,Điểm thi THPT,2025,22.43,Giới và phát triển
93102,HPN,gioi-va-phat-trien,D01,Điểm thi THPT,2025,22.43,Giới và phát triển
93103,HPN,gioi-va-phat-trien,D14,Điểm thi THPT,2025,22.43,Giới và phát triển
93104,HPN,gioi-va-phat-trien,D15,Điểm thi THPT,2025,22.43,Giới và phát triển
93105,HPN,kinh-doanh-va-thuong-mai-quoc-te,A00,Điểm học bạ,2022,18.0,Quản trị kinh doanh (hệ liên kết quốc tế chuyên ngành Kinh doanh và Thương mại quốc tế)
93106,HPN,kinh-doanh-va-thuong-mai-quoc-te,A01,Điểm học bạ,2022,18.0,Quản trị kinh doanh (hệ liên kết quốc tế chuyên ngành Kinh doanh và Thương mại quốc tế)
93107,HPN,kinh-doanh-va-thuong-mai-quoc-te,C00,Điểm học bạ,2022,18.0,Quản trị kinh doanh (hệ liên kết quốc tế chuyên ngành Kinh doanh và Thương mại quốc tế)
93108,HPN,kinh-doanh-va-thuong-mai-quoc-te,D01,Điểm học bạ,2022,18.0,Quản trị kinh doanh (hệ liên kết quốc tế chuyên ngành Kinh doanh và Thương mại quốc tế)
93109,HPN,kinh-doanh-va-thuong-mai-quoc-te,A00,Điểm thi THPT,2022,16.0,Quản trị kinh doanh (hệ liên kết quốc tế chuyên ngành Kinh doanh và Thương mại quốc tế)
93110,HPN,kinh-doanh-va-thuong-mai-quoc-te,A01,Điểm thi THPT,2022,16.0,Quản trị kinh doanh (hệ liên kết quốc tế chuyên ngành Kinh doanh và Thương mại quốc tế)
93111,HPN,kinh-doanh-va-thuong-mai-quoc-te,C00,Điểm thi THPT,2022,16.0,Quản trị kinh doanh (hệ liên kết quốc tế chuyên ngành Kinh doanh và Thương mại quốc tế)
93112,HPN,kinh-doanh-va-thuong-mai-quoc-te,D01,Điểm thi THPT,2022,16.0,Quản trị kinh doanh (hệ liên kết quốc tế chuyên ngành Kinh doanh và Thương mại quốc tế)
93113,HPN,kinh-doanh-va-thuong-mai-quoc-te,A00,Điểm thi THPT,2023,23.0,Quản trị kinh doanh (hệ Liên kết Quốc tế chuyên ngành Kinh doanh và Thương mại quốc tế)
93114,HPN,kinh-doanh-va-thuong-mai-quoc-te,A01,Điểm thi THPT,2023,23.0,Quản trị kinh doanh (hệ Liên kết Quốc tế chuyên ngành Kinh doanh và Thương mại quốc tế)
93115,HPN,kinh-doanh-va-thuong-mai-quoc-te,C00,Điểm thi THPT,2023,24.0,Quản trị kinh doanh (hệ Liên kết Quốc tế chuyên ngành Kinh doanh và Thương mại quốc tế)
93116,HPN,kinh-doanh-va-thuong-mai-quoc-te,D01,Điểm thi THPT,2023,23.0,Quản trị kinh doanh (hệ Liên kết Quốc tế chuyên ngành Kinh doanh và Thương mại quốc tế)
93117,HPN,kinh-te,A00,Điểm thi THPT,2021,16.0,Kinh tế
93118,HPN,kinh-te,A01,Điểm thi THPT,2021,16.0,Kinh tế
93119,HPN,kinh-te,C00,Điểm thi THPT,2021,17.0,Kinh tế
93120,HPN,kinh-te,D01,Điểm thi THPT,2021,16.0,Kinh tế
93121,HPN,kinh-te,A00,Điểm học bạ,2023,21.0,Kinh tế
93122,HPN,kinh-te,A01,Điểm học bạ,2023,21.0,Kinh tế
93123,HPN,kinh-te,C00,Điểm học bạ,2023,22.0,Kinh tế
93124,HPN,kinh-te,D01,Điểm học bạ,2023,21.0,Kinh tế
93125,HPN,kinh-te,A00,Điểm học bạ,2024,21.0,Kinh tế
93126,HPN,kinh-te,A01,Điểm học bạ,2024,21.0,Kinh tế
93127,HPN,kinh-te,C00,Điểm học bạ,2024,22.0,Kinh tế
93128,HPN,kinh-te,D01,Điểm học bạ,2024,21.0,Kinh tế
93129,HPN,kinh-te,A00,Điểm thi THPT,2024,23.0,Kinh tế
93130,HPN,kinh-te,A01,Điểm thi THPT,2024,23.0,Kinh tế
93131,HPN,kinh-te,C00,Điểm thi THPT,2024,24.0,Kinh tế
93132,HPN,kinh-te,D01,Điểm thi THPT,2024,23.0,Kinh tế
93133,HPN,kinh-te,A00,Điểm học bạ,2025,25.52,Kinh tế
93134,HPN,kinh-te,C00,Điểm học bạ,2025,26.52,Kinh tế
93135,HPN,kinh-te,D01,Điểm học bạ,2025,25.52,Kinh tế
93136,HPN,kinh-te,D09,Điểm học bạ,2025,25.52,Kinh tế
93137,HPN,kinh-te,X25,Điểm học bạ,2025,25.52,Kinh tế
93138,HPN,kinh-te,A00,Điểm thi THPT,2025,24.03,Kinh tế
93139,HPN,kinh-te,C00,Điểm thi THPT,2025,25.03,Kinh tế
93140,HPN,kinh-te,D01,Điểm thi THPT,2025,24.03,Kinh tế
93141,HPN,kinh-te,D09,Điểm thi THPT,2025,24.03,Kinh tế
93142,HPN,kinh-te,X25,Điểm thi THPT,2025,24.03,Kinh tế
93143,HPN,kinh-te-dau-tu-va-kinh-te-quoc-te,A00,Điểm học bạ,2022,20.0,Kinh tế (2 chuyên ngành Kinh tế đầu tư và Kinh tế quốc tế)
93144,HPN,kinh-te-dau-tu-va-kinh-te-quoc-te,A01,Điểm học bạ,2022,20.0,Kinh tế (2 chuyên ngành Kinh tế đầu tư và Kinh tế quốc tế)
93145,HPN,kinh-te-dau-tu-va-kinh-te-quoc-te,C00,Điểm học bạ,2022,21.0,Kinh tế (2 chuyên ngành Kinh tế đầu tư và Kinh tế quốc tế)
93146,HPN,kinh-te-dau-tu-va-kinh-te-quoc-te,D01,Điểm học bạ,2022,20.0,Kinh tế (2 chuyên ngành Kinh tế đầu tư và Kinh tế quốc tế)
93147,HPN,kinh-te-dau-tu-va-kinh-te-quoc-te,A00,Điểm thi THPT,2022,19.5,Kinh tế (2 chuyên ngành Kinh tế đầu tư và Kinh tế quốc tế)
93148,HPN,kinh-te-dau-tu-va-kinh-te-quoc-te,A01,Điểm thi THPT,2022,19.5,Kinh tế (2 chuyên ngành Kinh tế đầu tư và Kinh tế quốc tế)
93149,HPN,kinh-te-dau-tu-va-kinh-te-quoc-te,C00,Điểm thi THPT,2022,20.5,Kinh tế (2 chuyên ngành Kinh tế đầu tư và Kinh tế quốc tế)
93150,HPN,kinh-te-dau-tu-va-kinh-te-quoc-te,D01,Điểm thi THPT,2022,19.5,Kinh tế (2 chuyên ngành Kinh tế đầu tư và Kinh tế quốc tế)
93151,HPN,kinh-te-dau-tu-va-kinh-te-quoc-te,A00,Điểm thi THPT,2023,22.0,Kinh tế (2 chuyên ngành Kinh tế đầu tư và Kinh tế quốc tế)
93152,HPN,kinh-te-dau-tu-va-kinh-te-quoc-te,A01,Điểm thi THPT,2023,22.0,Kinh tế (2 chuyên ngành Kinh tế đầu tư và Kinh tế quốc tế)
93153,HPN,kinh-te-dau-tu-va-kinh-te-quoc-te,C00,Điểm thi THPT,2023,23.0,Kinh tế (2 chuyên ngành Kinh tế đầu tư và Kinh tế quốc tế)
93154,HPN,kinh-te-dau-tu-va-kinh-te-quoc-te,D01,Điểm thi THPT,2023,22.0,Kinh tế (2 chuyên ngành Kinh tế đầu tư và Kinh tế quốc tế)
93155,HPN,kinh-te-so,A00,Điểm thi THPT,2024,19.0,Kinh tế số
93156,HPN,kinh-te-so,A01,Điểm thi THPT,2024,19.0,Kinh tế số
93157,HPN,kinh-te-so,C00,Điểm thi THPT,2024,20.0,Kinh tế số
93158,HPN,kinh-te-so,D01,Điểm thi THPT,2024,19.0,Kinh tế số
93159,HPN,kinh-te-so,A00,Điểm học bạ,2025,24.9,Kinh tế số
93160,HPN,kinh-te-so,C00,Điểm học bạ,2025,25.9,Kinh tế số
93161,HPN,kinh-te-so,D01,Điểm học bạ,2025,24.9,Kinh tế số
93162,HPN,kinh-te-so,D09,Điểm học bạ,2025,24.9,Kinh tế số
93163,HPN,kinh-te-so,X25,Điểm học bạ,2025,24.9,Kinh tế số
93164,HPN,kinh-te-so,A00,Điểm thi THPT,2025,23.2,Kinh tế số
93165,HPN,kinh-te-so,C00,Điểm thi THPT,2025,24.2,Kinh tế số
93166,HPN,kinh-te-so,D01,Điểm thi THPT,2025,23.2,Kinh tế số
93167,HPN,kinh-te-so,D09,Điểm thi THPT,2025,23.2,Kinh tế số
93168,HPN,kinh-te-so,X25,Điểm thi THPT,2025,23.2,Kinh tế số
93169,HPN,luat,A00,Điểm thi THPT,2021,16.0,Luật
93170,HPN,luat,A01,Điểm thi THPT,2021,16.0,Luật
93171,HPN,luat,C00,Điểm thi THPT,2021,16.0,Luật
93172,HPN,luat,D01,Điểm thi THPT,2021,16.0,Luật
93173,HPN,luat,A00,Điểm học bạ,2023,21.5,Luật
93174,HPN,luat,A01,Điểm học bạ,2023,21.5,Luật
93175,HPN,luat,C00,Điểm học bạ,2023,21.5,Luật
93176,HPN,luat,D01,Điểm học bạ,2023,21.5,Luật
93177,HPN,luat,A00,Điểm học bạ,2024,22.0,Luật (đào tạo tại trụ sở chính Hà Nội)
93178,HPN,luat,A01,Điểm học bạ,2024,22.0,Luật (đào tạo tại trụ sở chính Hà Nội)
93179,HPN,luat,C00,Điểm học bạ,2024,22.0,Luật (đào tạo tại trụ sở chính Hà Nội)
93180,HPN,luat,D01,Điểm học bạ,2024,22.0,Luật (đào tạo tại trụ sở chính Hà Nội)
93181,HPN,luat,A00,Điểm thi THPT,2024,24.25,Luật
93182,HPN,luat,A01,Điểm thi THPT,2024,24.25,Luật
93183,HPN,luat,C00,Điểm thi THPT,2024,24.25,Luật
93184,HPN,luat,D01,Điểm thi THPT,2024,24.25,Luật
93185,HPN,luat,A00,Điểm học bạ,2025,25.26,Luật
93186,HPN,luat,C00,Điểm học bạ,2025,26.26,Luật
93187,HPN,luat,D01,Điểm học bạ,2025,25.26,Luật
93188,HPN,luat,D14,Điểm học bạ,2025,25.26,Luật
93189,HPN,luat,D15,Điểm học bạ,2025,25.26,Luật
93190,HPN,luat,A00,Điểm thi THPT,2025,23.68,Luật
93191,HPN,luat,C00,Điểm thi THPT,2025,24.68,Luật
93192,HPN,luat,D01,Điểm thi THPT,2025,23.68,Luật
93193,HPN,luat,D14,Điểm thi THPT,2025,23.68,Luật
93194,HPN,luat,D15,Điểm thi THPT,2025,23.68,Luật
93195,HPN,luat-hanh-chinh-luat-dan-su,A00,Điểm học bạ,2022,21.5,"Luật (2 chuyên ngành Luật hành chính, Luật dân sự)"
93196,HPN,luat-hanh-chinh-luat-dan-su,A01,Điểm học bạ,2022,21.5,"Luật (2 chuyên ngành Luật hành chính, Luật dân sự)"
93197,HPN,luat-hanh-chinh-luat-dan-su,C00,Điểm học bạ,2022,21.5,"Luật (2 chuyên ngành Luật hành chính, Luật dân sự)"
93198,HPN,luat-hanh-chinh-luat-dan-su,D01,Điểm học bạ,2022,21.5,"Luật (2 chuyên ngành Luật hành chính, Luật dân sự)"
93199,HPN,luat-hanh-chinh-luat-dan-su,A00,Điểm thi THPT,2022,20.0,"Luật (2 chuyên ngành Luật hành chính, Luật dân sự)"
93200,HPN,luat-hanh-chinh-luat-dan-su,A01,Điểm thi THPT,2022,20.0,"Luật (2 chuyên ngành Luật hành chính, Luật dân sự)"
93201,HPN,luat-hanh-chinh-luat-dan-su,C00,Điểm thi THPT,2022,20.0,"Luật (2 chuyên ngành Luật hành chính, Luật dân sự)"
93202,HPN,luat-hanh-chinh-luat-dan-su,D01,Điểm thi THPT,2022,20.0,"Luật (2 chuyên ngành Luật hành chính, Luật dân sự)"
93203,HPN,luat-hanh-chinh-luat-dan-su,A00,Điểm thi THPT,2023,21.5,"Luật (2 chuyên ngành Luật Hành chính, Luật Dân sự)"
93204,HPN,luat-hanh-chinh-luat-dan-su,A01,Điểm thi THPT,2023,21.5,"Luật (2 chuyên ngành Luật Hành chính, Luật Dân sự)"
93205,HPN,luat-hanh-chinh-luat-dan-su,C00,Điểm thi THPT,2023,21.5,"Luật (2 chuyên ngành Luật Hành chính, Luật Dân sự)"
93206,HPN,luat-hanh-chinh-luat-dan-su,D01,Điểm thi THPT,2023,21.5,"Luật (2 chuyên ngành Luật Hành chính, Luật Dân sự)"
93207,HPN,luat-kinh-te,A00,Điểm thi THPT,2021,16.0,Luật kinh tế
93208,HPN,luat-kinh-te,A01,Điểm thi THPT,2021,16.0,Luật kinh tế
93209,HPN,luat-kinh-te,C00,Điểm thi THPT,2021,16.0,Luật kinh tế
93210,HPN,luat-kinh-te,D01,Điểm thi THPT,2021,16.0,Luật kinh tế
93211,HPN,luat-kinh-te,A00,Điểm học bạ,2022,21.0,Luật kinh tế
93212,HPN,luat-kinh-te,A01,Điểm học bạ,2022,21.0,Luật kinh tế
93213,HPN,luat-kinh-te,C00,Điểm học bạ,2022,21.0,Luật kinh tế
93214,HPN,luat-kinh-te,D01,Điểm học bạ,2022,21.0,Luật kinh tế
93215,HPN,luat-kinh-te,A00,Điểm thi THPT,2022,18.5,Luật kinh tế
93216,HPN,luat-kinh-te,A01,Điểm thi THPT,2022,18.5,Luật kinh tế
93217,HPN,luat-kinh-te,C00,Điểm thi THPT,2022,18.5,Luật kinh tế
93218,HPN,luat-kinh-te,D01,Điểm thi THPT,2022,18.5,Luật kinh tế
93219,HPN,luat-kinh-te,A00,Điểm học bạ,2023,21.5,Luật kinh tế
93220,HPN,luat-kinh-te,A01,Điểm học bạ,2023,21.5,Luật kinh tế
93221,HPN,luat-kinh-te,C00,Điểm học bạ,2023,21.5,Luật kinh tế
93222,HPN,luat-kinh-te,D01,Điểm học bạ,2023,21.5,Luật kinh tế
93223,HPN,luat-kinh-te,A00,Điểm thi THPT,2023,21.0,Luật kinh tế
93224,HPN,luat-kinh-te,A01,Điểm thi THPT,2023,21.0,Luật kinh tế
93225,HPN,luat-kinh-te,C00,Điểm thi THPT,2023,21.0,Luật kinh tế
93226,HPN,luat-kinh-te,D01,Điểm thi THPT,2023,21.0,Luật kinh tế
93227,HPN,luat-kinh-te,A00,Điểm học bạ,2024,22.0,Luật kinh tế
93228,HPN,luat-kinh-te,A01,Điểm học bạ,2024,22.0,Luật kinh tế
93229,HPN,luat-kinh-te,C00,Điểm học bạ,2024,22.0,Luật kinh tế
93230,HPN,luat-kinh-te,D01,Điểm học bạ,2024,22.0,Luật kinh tế
93231,HPN,luat-kinh-te,A00,Điểm thi THPT,2024,24.5,Luật kinh tế
93232,HPN,luat-kinh-te,A01,Điểm thi THPT,2024,24.5,Luật kinh tế
93233,HPN,luat-kinh-te,C00,Điểm thi THPT,2024,24.5,Luật kinh tế
93234,HPN,luat-kinh-te,D01,Điểm thi THPT,2024,24.5,Luật kinh tế
93235,HPN,luat-kinh-te,A00,Điểm học bạ,2025,25.37,Luật kinh tế
93236,HPN,luat-kinh-te,C00,Điểm học bạ,2025,26.37,Luật kinh tế
93237,HPN,luat-kinh-te,D01,Điểm học bạ,2025,25.37,Luật kinh tế
93238,HPN,luat-kinh-te,D14,Điểm học bạ,2025,25.37,Luật kinh tế
93239,HPN,luat-kinh-te,D15,Điểm học bạ,2025,25.37,Luật kinh tế
93240,HPN,luat-kinh-te,A00,Điểm thi THPT,2025,23.83,Luật kinh tế
93241,HPN,luat-kinh-te,C00,Điểm thi THPT,2025,24.83,Luật kinh tế
93242,HPN,luat-kinh-te,D01,Điểm thi THPT,2025,23.83,Luật kinh tế
93243,HPN,luat-kinh-te,D14,Điểm thi THPT,2025,23.83,Luật kinh tế
93244,HPN,luat-kinh-te,D15,Điểm thi THPT,2025,23.83,Luật kinh tế
93245,HPN,marketing,A00,Điểm học bạ,2025,26.2,Marketing
93246,HPN,marketing,A01,Điểm học bạ,2025,26.2,Marketing
93247,HPN,marketing,C00,Điểm học bạ,2025,27.2,Marketing
93248,HPN,marketing,D01,Điểm học bạ,2025,26.2,Marketing
93249,HPN,marketing,A00,Điểm thi THPT,2025,24.93,Marketing
93250,HPN,marketing,A01,Điểm thi THPT,2025,24.93,Marketing
93251,HPN,marketing,C00,Điểm thi THPT,2025,25.93,Marketing
93252,HPN,marketing,D01,Điểm thi THPT,2025,24.93,Marketing
93253,HPN,quan-tri-dich-vu-du-lich-va-lu-hanh,A00,Điểm thi THPT,2021,17.0,Quản trị dịch vụ du lịch và lữ hành
93254,HPN,quan-tri-dich-vu-du-lich-va-lu-hanh,A01,Điểm thi THPT,2021,17.0,Quản trị dịch vụ du lịch và lữ hành
93255,HPN,quan-tri-dich-vu-du-lich-va-lu-hanh,C00,Điểm thi THPT,2021,17.0,Quản trị dịch vụ du lịch và lữ hành
93256,HPN,quan-tri-dich-vu-du-lich-va-lu-hanh,D01,Điểm thi THPT,2021,17.0,Quản trị dịch vụ du lịch và lữ hành
93257,HPN,quan-tri-dich-vu-du-lich-va-lu-hanh,A00,Điểm học bạ,2023,22.0,Quản trị Dịch vụ Du lịch và lữ hành
93258,HPN,quan-tri-dich-vu-du-lich-va-lu-hanh,A01,Điểm học bạ,2023,22.0,Quản trị Dịch vụ Du lịch và lữ hành
93259,HPN,quan-tri-dich-vu-du-lich-va-lu-hanh,C00,Điểm học bạ,2023,22.0,Quản trị Dịch vụ Du lịch và lữ hành
93260,HPN,quan-tri-dich-vu-du-lich-va-lu-hanh,D01,Điểm học bạ,2023,22.0,Quản trị Dịch vụ Du lịch và lữ hành
93261,HPN,quan-tri-dich-vu-du-lich-va-lu-hanh,A00,Điểm học bạ,2024,20.0,Quản trị dịch vụ du lịch và lữ hành (đào tạo tại cơ sở TPHCM)
93262,HPN,quan-tri-dich-vu-du-lich-va-lu-hanh,A01,Điểm học bạ,2024,20.0,Quản trị dịch vụ du lịch và lữ hành (đào tạo tại cơ sở TPHCM)
93263,HPN,quan-tri-dich-vu-du-lich-va-lu-hanh,C00,Điểm học bạ,2024,20.0,Quản trị dịch vụ du lịch và lữ hành (đào tạo tại cơ sở TPHCM)
93264,HPN,quan-tri-dich-vu-du-lich-va-lu-hanh,D01,Điểm học bạ,2024,20.0,Quản trị dịch vụ du lịch và lữ hành (đào tạo tại cơ sở TPHCM)
93265,HPN,quan-tri-dich-vu-du-lich-va-lu-hanh,A00,Điểm thi THPT,2024,25.25,Quản trị dịch vụ Du lịch và lữ hành
93266,HPN,quan-tri-dich-vu-du-lich-va-lu-hanh,A01,Điểm thi THPT,2024,25.25,Quản trị dịch vụ Du lịch và lữ hành
93267,HPN,quan-tri-dich-vu-du-lich-va-lu-hanh,C00,Điểm thi THPT,2024,25.25,Quản trị dịch vụ Du lịch và lữ hành
93268,HPN,quan-tri-dich-vu-du-lich-va-lu-hanh,D01,Điểm thi THPT,2024,25.25,Quản trị dịch vụ Du lịch và lữ hành
93269,HPN,quan-tri-dich-vu-du-lich-va-lu-hanh,A00,Điểm học bạ,2025,25.81,Quản trị dịch vụ du lịch và lữ hành
93270,HPN,quan-tri-dich-vu-du-lich-va-lu-hanh,A01,Điểm học bạ,2025,25.81,Quản trị dịch vụ du lịch và lữ hành
93271,HPN,quan-tri-dich-vu-du-lich-va-lu-hanh,C00,Điểm học bạ,2025,26.81,Quản trị dịch vụ du lịch và lữ hành
93272,HPN,quan-tri-dich-vu-du-lich-va-lu-hanh,D01,Điểm học bạ,2025,25.81,Quản trị dịch vụ du lịch và lữ hành
93273,HPN,quan-tri-dich-vu-du-lich-va-lu-hanh,A00,Điểm thi THPT,2025,24.41,Quản trị dịch vụ du lịch và lữ hành
93274,HPN,quan-tri-dich-vu-du-lich-va-lu-hanh,A01,Điểm thi THPT,2025,24.41,Quản trị dịch vụ du lịch và lữ hành
93275,HPN,quan-tri-dich-vu-du-lich-va-lu-hanh,C00,Điểm thi THPT,2025,25.41,Quản trị dịch vụ du lịch và lữ hành
93276,HPN,quan-tri-dich-vu-du-lich-va-lu-hanh,D01,Điểm thi THPT,2025,24.41,Quản trị dịch vụ du lịch và lữ hành
93277,HPN,quan-tri-kinh-doanh,A00,Điểm thi THPT,2021,18.5,Quản trị kinh doanh
93278,HPN,quan-tri-kinh-doanh,A01,Điểm thi THPT,2021,18.5,Quản trị kinh doanh
93279,HPN,quan-tri-kinh-doanh,C00,Điểm thi THPT,2021,19.5,Quản trị kinh doanh
93280,HPN,quan-tri-kinh-doanh,D01,Điểm thi THPT,2021,18.5,Quản trị kinh doanh
93281,HPN,quan-tri-kinh-doanh,A00,Điểm học bạ,2022,23.0,Quản trị kinh doanh (4 chuyên ngành: Marketing và Kinh doanh điện tử; Tài chính và đầu tư; Tổ chức và nhân lực; Kinh doanh và Thương mại quốc tế)
93282,HPN,quan-tri-kinh-doanh,A01,Điểm học bạ,2022,23.0,Quản trị kinh doanh (4 chuyên ngành: Marketing và Kinh doanh điện tử; Tài chính và đầu tư; Tổ chức và nhân lực; Kinh doanh và Thương mại quốc tế)
93283,HPN,quan-tri-kinh-doanh,C00,Điểm học bạ,2022,24.0,Quản trị kinh doanh (4 chuyên ngành: Marketing và Kinh doanh điện tử; Tài chính và đầu tư; Tổ chức và nhân lực; Kinh doanh và Thương mại quốc tế)
93284,HPN,quan-tri-kinh-doanh,D01,Điểm học bạ,2022,23.0,Quản trị kinh doanh (4 chuyên ngành: Marketing và Kinh doanh điện tử; Tài chính và đầu tư; Tổ chức và nhân lực; Kinh doanh và Thương mại quốc tế)
93285,HPN,quan-tri-kinh-doanh,A00,Điểm thi THPT,2022,23.0,Quản trị kinh doanh (4 chuyên ngành: Marketing và Kinh doanh điện tử; Tài chính và đầu tư; Tổ chức và nhân lực; Kinh doanh và Thương mại quốc tế)
93286,HPN,quan-tri-kinh-doanh,A01,Điểm thi THPT,2022,23.0,Quản trị kinh doanh (4 chuyên ngành: Marketing và Kinh doanh điện tử; Tài chính và đầu tư; Tổ chức và nhân lực; Kinh doanh và Thương mại quốc tế)
93287,HPN,quan-tri-kinh-doanh,C00,Điểm thi THPT,2022,24.0,Quản trị kinh doanh (4 chuyên ngành: Marketing và Kinh doanh điện tử; Tài chính và đầu tư; Tổ chức và nhân lực; Kinh doanh và Thương mại quốc tế)
93288,HPN,quan-tri-kinh-doanh,D01,Điểm thi THPT,2022,23.0,Quản trị kinh doanh (4 chuyên ngành: Marketing và Kinh doanh điện tử; Tài chính và đầu tư; Tổ chức và nhân lực; Kinh doanh và Thương mại quốc tế)
93289,HPN,quan-tri-kinh-doanh,A00,Điểm học bạ,2023,22.0,Quản trị kinh doanh
93290,HPN,quan-tri-kinh-doanh,A01,Điểm học bạ,2023,22.0,Quản trị kinh doanh
93291,HPN,quan-tri-kinh-doanh,C00,Điểm học bạ,2023,23.0,Quản trị kinh doanh
93292,HPN,quan-tri-kinh-doanh,D01,Điểm học bạ,2023,22.0,Quản trị kinh doanh
93293,HPN,quan-tri-kinh-doanh,A00,Điểm thi THPT,2023,23.0,Quản trị kinh doanh
93294,HPN,quan-tri-kinh-doanh,A01,Điểm thi THPT,2023,23.0,Quản trị kinh doanh
93295,HPN,quan-tri-kinh-doanh,C00,Điểm thi THPT,2023,24.0,Quản trị kinh doanh
93296,HPN,quan-tri-kinh-doanh,D01,Điểm thi THPT,2023,23.0,Quản trị kinh doanh
93297,HPN,quan-tri-kinh-doanh,A00,Điểm học bạ,2024,23.0,Quản trị kinh doanh
93298,HPN,quan-tri-kinh-doanh,A01,Điểm học bạ,2024,23.0,Quản trị kinh doanh
93299,HPN,quan-tri-kinh-doanh,C00,Điểm học bạ,2024,24.0,Quản trị kinh doanh
93300,HPN,quan-tri-kinh-doanh,D01,Điểm học bạ,2024,23.0,Quản trị kinh doanh
93301,HPN,quan-tri-kinh-doanh,A00,Điểm thi THPT,2024,24.0,Quản trị kinh doanh
93302,HPN,quan-tri-kinh-doanh,A01,Điểm thi THPT,2024,24.0,Quản trị kinh doanh
93303,HPN,quan-tri-kinh-doanh,C00,Điểm thi THPT,2024,25.0,Quản trị kinh doanh
93304,HPN,quan-tri-kinh-doanh,D01,Điểm thi THPT,2024,24.0,Quản trị kinh doanh
93305,HPN,quan-tri-kinh-doanh,A00,Điểm học bạ,2025,25.45,Quản trị kinh doanh
93306,HPN,quan-tri-kinh-doanh,A01,Điểm học bạ,2025,25.45,Quản trị kinh doanh
93307,HPN,quan-tri-kinh-doanh,C00,Điểm học bạ,2025,26.45,Quản trị kinh doanh
93308,HPN,quan-tri-kinh-doanh,D01,Điểm học bạ,2025,25.45,Quản trị kinh doanh
93309,HPN,quan-tri-kinh-doanh,A00,Điểm thi THPT,2025,23.93,Quản trị kinh doanh
93310,HPN,quan-tri-kinh-doanh,A01,Điểm thi THPT,2025,23.93,Quản trị kinh doanh
93311,HPN,quan-tri-kinh-doanh,C00,Điểm thi THPT,2025,24.93,Quản trị kinh doanh
93312,HPN,quan-tri-kinh-doanh,D01,Điểm thi THPT,2025,23.93,Quản trị kinh doanh
93313,HPN,quan-tri-lu-hanh-va-quan-tri-khach-san,A00,Điểm học bạ,2022,22.0,Quản trị du lịch và lữ hành (2 chuyên ngành Quản trị lữ hành và Quản trị khách sạn)
93314,HPN,quan-tri-lu-hanh-va-quan-tri-khach-san,A01,Điểm học bạ,2022,22.0,Quản trị du lịch và lữ hành (2 chuyên ngành Quản trị lữ hành và Quản trị khách sạn)
93315,HPN,quan-tri-lu-hanh-va-quan-tri-khach-san,C00,Điểm học bạ,2022,22.0,Quản trị du lịch và lữ hành (2 chuyên ngành Quản trị lữ hành và Quản trị khách sạn)
93316,HPN,quan-tri-lu-hanh-va-quan-tri-khach-san,D01,Điểm học bạ,2022,22.0,Quản trị du lịch và lữ hành (2 chuyên ngành Quản trị lữ hành và Quản trị khách sạn)
93317,HPN,quan-tri-lu-hanh-va-quan-tri-khach-san,A00,Điểm thi THPT,2022,21.0,Quản trị du lịch và lữ hành (2 chuyên ngành Quản trị lữ hành và Quản trị khách sạn)
93318,HPN,quan-tri-lu-hanh-va-quan-tri-khach-san,A01,Điểm thi THPT,2022,21.0,Quản trị du lịch và lữ hành (2 chuyên ngành Quản trị lữ hành và Quản trị khách sạn)
93319,HPN,quan-tri-lu-hanh-va-quan-tri-khach-san,C00,Điểm thi THPT,2022,21.0,Quản trị du lịch và lữ hành (2 chuyên ngành Quản trị lữ hành và Quản trị khách sạn)
93320,HPN,quan-tri-lu-hanh-va-quan-tri-khach-san,D01,Điểm thi THPT,2022,21.0,Quản trị du lịch và lữ hành (2 chuyên ngành Quản trị lữ hành và Quản trị khách sạn)
93321,HPN,tam-ly-hoc,A00,Điểm thi THPT,2021,15.0,Tâm lý học
93322,HPN,tam-ly-hoc,A01,Điểm thi THPT,2021,15.0,Tâm lý học
93323,HPN,tam-ly-hoc,C00,Điểm thi THPT,2021,15.0,Tâm lý học
93324,HPN,tam-ly-hoc,D01,Điểm thi THPT,2021,15.0,Tâm lý học
93325,HPN,tam-ly-hoc,A00,Điểm học bạ,2023,22.0,Tâm lý học
93326,HPN,tam-ly-hoc,A01,Điểm học bạ,2023,22.0,Tâm lý học
93327,HPN,tam-ly-hoc,C00,Điểm học bạ,2023,22.0,Tâm lý học
93328,HPN,tam-ly-hoc,D01,Điểm học bạ,2023,22.0,Tâm lý học
93329,HPN,tam-ly-hoc,A00,Điểm học bạ,2024,22.0,Tâm lý học (đào tạo tại trụ sở chính Hà Nội)
93330,HPN,tam-ly-hoc,A01,Điểm học bạ,2024,22.0,Tâm lý học (đào tạo tại trụ sở chính Hà Nội)
93331,HPN,tam-ly-hoc,C00,Điểm học bạ,2024,22.0,Tâm lý học (đào tạo tại trụ sở chính Hà Nội)
93332,HPN,tam-ly-hoc,D01,Điểm học bạ,2024,22.0,Tâm lý học (đào tạo tại trụ sở chính Hà Nội)
93333,HPN,tam-ly-hoc,A00,Điểm thi THPT,2024,24.5,Tâm lý học
93334,HPN,tam-ly-hoc,A01,Điểm thi THPT,2024,24.5,Tâm lý học
93335,HPN,tam-ly-hoc,C00,Điểm thi THPT,2024,24.5,Tâm lý học
93336,HPN,tam-ly-hoc,D01,Điểm thi THPT,2024,24.5,Tâm lý học
93337,HPN,tam-ly-hoc,A01,Điểm học bạ,2025,25.63,Tâm lý học
93338,HPN,tam-ly-hoc,B03,Điểm học bạ,2025,25.63,Tâm lý học
93339,HPN,tam-ly-hoc,B08,Điểm học bạ,2025,25.63,Tâm lý học
93340,HPN,tam-ly-hoc,C00,Điểm học bạ,2025,26.63,Tâm lý học
93341,HPN,tam-ly-hoc,D01,Điểm học bạ,2025,25.63,Tâm lý học
93342,HPN,tam-ly-hoc,A01,Điểm thi THPT,2025,24.17,Tâm lý học
93343,HPN,tam-ly-hoc,B03,Điểm thi THPT,2025,24.17,Tâm lý học
93344,HPN,tam-ly-hoc,B08,Điểm thi THPT,2025,24.17,Tâm lý học
93345,HPN,tam-ly-hoc,C00,Điểm thi THPT,2025,24.17,Tâm lý học
93346,HPN,tam-ly-hoc,D01,Điểm thi THPT,2025,24.17,Tâm lý học
93347,HPN,tham-van-tri-lieu-va-tam-ly-ung-dung-trong-hon-nhan-gia-dinh,A00,Điểm học bạ,2022,21.0,Tâm lý học (2 chuyên ngành Tham vấn - Trị liệu và Tâm lý ứng dụng trong hôn nhân - gia đình)
93348,HPN,tham-van-tri-lieu-va-tam-ly-ung-dung-trong-hon-nhan-gia-dinh,A01,Điểm học bạ,2022,21.0,Tâm lý học (2 chuyên ngành Tham vấn - Trị liệu và Tâm lý ứng dụng trong hôn nhân - gia đình)
93349,HPN,tham-van-tri-lieu-va-tam-ly-ung-dung-trong-hon-nhan-gia-dinh,C00,Điểm học bạ,2022,21.0,Tâm lý học (2 chuyên ngành Tham vấn - Trị liệu và Tâm lý ứng dụng trong hôn nhân - gia đình)
93350,HPN,tham-van-tri-lieu-va-tam-ly-ung-dung-trong-hon-nhan-gia-dinh,D01,Điểm học bạ,2022,21.0,Tâm lý học (2 chuyên ngành Tham vấn - Trị liệu và Tâm lý ứng dụng trong hôn nhân - gia đình)
93351,HPN,tham-van-tri-lieu-va-tam-ly-ung-dung-trong-hon-nhan-gia-dinh,A00,Điểm thi THPT,2022,19.5,Tâm lý học (2 chuyên ngành Tham vấn - Trị liệu và Tâm lý ứng dụng trong hôn nhân - gia đình)
93352,HPN,tham-van-tri-lieu-va-tam-ly-ung-dung-trong-hon-nhan-gia-dinh,A01,Điểm thi THPT,2022,19.5,Tâm lý học (2 chuyên ngành Tham vấn - Trị liệu và Tâm lý ứng dụng trong hôn nhân - gia đình)
93353,HPN,tham-van-tri-lieu-va-tam-ly-ung-dung-trong-hon-nhan-gia-dinh,C00,Điểm thi THPT,2022,19.5,Tâm lý học (2 chuyên ngành Tham vấn - Trị liệu và Tâm lý ứng dụng trong hôn nhân - gia đình)
93354,HPN,tham-van-tri-lieu-va-tam-ly-ung-dung-trong-hon-nhan-gia-dinh,D01,Điểm thi THPT,2022,19.5,Tâm lý học (2 chuyên ngành Tham vấn - Trị liệu và Tâm lý ứng dụng trong hôn nhân - gia đình)
93355,HPN,tham-van-tri-lieu-va-tam-ly-ung-dung-trong-hon-nhan-gia-dinh,A00,Điểm thi THPT,2023,21.25,Tâm lý học (2 chuyên ngành Tham vấn - Trị liệu và Tâm lý ứng dụng trong Hôn nhân - gia đình)
93356,HPN,tham-van-tri-lieu-va-tam-ly-ung-dung-trong-hon-nhan-gia-dinh,A01,Điểm thi THPT,2023,21.25,Tâm lý học (2 chuyên ngành Tham vấn - Trị liệu và Tâm lý ứng dụng trong Hôn nhân - gia đình)
93357,HPN,tham-van-tri-lieu-va-tam-ly-ung-dung-trong-hon-nhan-gia-dinh,C00,Điểm thi THPT,2023,21.25,Tâm lý học (2 chuyên ngành Tham vấn - Trị liệu và Tâm lý ứng dụng trong Hôn nhân - gia đình)
93358,HPN,tham-van-tri-lieu-va-tam-ly-ung-dung-trong-hon-nhan-gia-dinh,D01,Điểm thi THPT,2023,21.25,Tâm lý học (2 chuyên ngành Tham vấn - Trị liệu và Tâm lý ứng dụng trong Hôn nhân - gia đình)
93359,HPN,thiet-ke-da-phuong-tien-va-bao-chi-truyen-thong,A00,Điểm học bạ,2022,25.0,Truyền thông đa phương tiện (2 chuyên ngành Thiết kế đa phương tiện và Báo chí truyền thông)
93360,HPN,thiet-ke-da-phuong-tien-va-bao-chi-truyen-thong,A01,Điểm học bạ,2022,25.0,Truyền thông đa phương tiện (2 chuyên ngành Thiết kế đa phương tiện và Báo chí truyền thông)
93361,HPN,thiet-ke-da-phuong-tien-va-bao-chi-truyen-thong,C00,Điểm học bạ,2022,25.0,Truyền thông đa phương tiện (2 chuyên ngành Thiết kế đa phương tiện và Báo chí truyền thông)
93362,HPN,thiet-ke-da-phuong-tien-va-bao-chi-truyen-thong,D01,Điểm học bạ,2022,25.0,Truyền thông đa phương tiện (2 chuyên ngành Thiết kế đa phương tiện và Báo chí truyền thông)
93363,HPN,thiet-ke-da-phuong-tien-va-bao-chi-truyen-thong,A00,Điểm thi THPT,2022,24.0,Truyền thông đa phương tiện (2 chuyên ngành Thiết kế đa phương tiện và Báo chí truyền thông)
93364,HPN,thiet-ke-da-phuong-tien-va-bao-chi-truyen-thong,A01,Điểm thi THPT,2022,24.0,Truyền thông đa phương tiện (2 chuyên ngành Thiết kế đa phương tiện và Báo chí truyền thông)
93365,HPN,thiet-ke-da-phuong-tien-va-bao-chi-truyen-thong,C00,Điểm thi THPT,2022,24.0,Truyền thông đa phương tiện (2 chuyên ngành Thiết kế đa phương tiện và Báo chí truyền thông)
93366,HPN,thiet-ke-da-phuong-tien-va-bao-chi-truyen-thong,D01,Điểm thi THPT,2022,24.0,Truyền thông đa phương tiện (2 chuyên ngành Thiết kế đa phương tiện và Báo chí truyền thông)
93367,HPN,thiet-ke-da-phuong-tien-va-bao-chi-truyen-thong,A00,Điểm thi THPT,2023,24.75,Truyền thông đa phương tiện (2 chuyên ngành Thiết kế đa phương tiện và Báo chí truyền thông)
93368,HPN,thiet-ke-da-phuong-tien-va-bao-chi-truyen-thong,A01,Điểm thi THPT,2023,24.75,Truyền thông đa phương tiện (2 chuyên ngành Thiết kế đa phương tiện và Báo chí truyền thông)
93369,HPN,thiet-ke-da-phuong-tien-va-bao-chi-truyen-thong,C00,Điểm thi THPT,2023,24.75,Truyền thông đa phương tiện (2 chuyên ngành Thiết kế đa phương tiện và Báo chí truyền thông)
93370,HPN,thiet-ke-da-phuong-tien-va-bao-chi-truyen-thong,D01,Điểm thi THPT,2023,24.75,Truyền thông đa phương tiện (2 chuyên ngành Thiết kế đa phương tiện và Báo chí truyền thông)
93371,HPN,truyen-thong-da-phuong-tien,A00,Điểm thi THPT,2021,19.0,Truyền thông đa phương tiện
93372,HPN,truyen-thong-da-phuong-tien,A01,Điểm thi THPT,2021,19.0,Truyền thông đa phương tiện
93373,HPN,truyen-thong-da-phuong-tien,C00,Điểm thi THPT,2021,19.0,Truyền thông đa phương tiện
93374,HPN,truyen-thong-da-phuong-tien,D01,Điểm thi THPT,2021,19.0,Truyền thông đa phương tiện
93375,HPN,truyen-thong-da-phuong-tien,A00,Điểm học bạ,2023,25.0,Truyền thông đa phương tiện
93376,HPN,truyen-thong-da-phuong-tien,A01,Điểm học bạ,2023,25.0,Truyền thông đa phương tiện
93377,HPN,truyen-thong-da-phuong-tien,C00,Điểm học bạ,2023,25.0,Truyền thông đa phương tiện
93378,HPN,truyen-thong-da-phuong-tien,D01,Điểm học bạ,2023,25.0,Truyền thông đa phương tiện
93379,HPN,truyen-thong-da-phuong-tien,A00,Điểm học bạ,2024,25.5,Truyền thông đa phương tiện
93380,HPN,truyen-thong-da-phuong-tien,A01,Điểm học bạ,2024,25.5,Truyền thông đa phương tiện
93381,HPN,truyen-thong-da-phuong-tien,C00,Điểm học bạ,2024,25.5,Truyền thông đa phương tiện
93382,HPN,truyen-thong-da-phuong-tien,D01,Điểm học bạ,2024,25.5,Truyền thông đa phương tiện
93383,HPN,truyen-thong-da-phuong-tien,A00,Điểm thi THPT,2024,26.0,Truyền thông đa phương tiện
93384,HPN,truyen-thong-da-phuong-tien,A01,Điểm thi THPT,2024,26.0,Truyền thông đa phương tiện
93385,HPN,truyen-thong-da-phuong-tien,C00,Điểm thi THPT,2024,26.0,Truyền thông đa phương tiện
93386,HPN,truyen-thong-da-phuong-tien,D01,Điểm thi THPT,2024,26.0,Truyền thông đa phương tiện
93387,HPN,truyen-thong-da-phuong-tien,A00,Điểm học bạ,2025,26.34,Truyền thông đa phương tiện
93388,HPN,truyen-thong-da-phuong-tien,A01,Điểm học bạ,2025,26.34,Truyền thông đa phương tiện
93389,HPN,truyen-thong-da-phuong-tien,C00,Điểm học bạ,2025,27.34,Truyền thông đa phương tiện
93390,HPN,truyen-thong-da-phuong-tien,D01,Điểm học bạ,2025,26.34,Truyền thông đa phương tiện
93391,HPN,truyen-thong-da-phuong-tien,A00,Điểm thi THPT,2025,25.12,Truyền thông đa phương tiện
93392,HPN,truyen-thong-da-phuong-tien,A01,Điểm thi THPT,2025,25.12,Truyền thông đa phương tiện
93393,HPN,truyen-thong-da-phuong-tien,C00,Điểm thi THPT,2025,26.62,Truyền thông đa phương tiện
93394,HPN,truyen-thong-da-phuong-tien,D01,Điểm thi THPT,2025,25.12,Truyền thông đa phương tiện
93395,HPN,xa-hoi-hoc,A00,Điểm thi THPT,2021,15.0,Xã hội học
93396,HPN,xa-hoi-hoc,A01,Điểm thi THPT,2021,15.0,Xã hội học
93397,HPN,xa-hoi-hoc,C00,Điểm thi THPT,2021,15.0,Xã hội học
93398,HPN,xa-hoi-hoc,D01,Điểm thi THPT,2021,15.0,Xã hội học
93399,HPN,xa-hoi-hoc,A00,Điểm học bạ,2022,18.0,Xã hội học
93400,HPN,xa-hoi-hoc,A01,Điểm học bạ,2022,18.0,Xã hội học
93401,HPN,xa-hoi-hoc,C00,Điểm học bạ,2022,18.0,Xã hội học
93402,HPN,xa-hoi-hoc,D01,Điểm học bạ,2022,18.0,Xã hội học
93403,HPN,xa-hoi-hoc,A00,Điểm thi THPT,2022,23.5,Xã hội học
93404,HPN,xa-hoi-hoc,A01,Điểm thi THPT,2022,23.5,Xã hội học
93405,HPN,xa-hoi-hoc,C00,Điểm thi THPT,2022,23.5,Xã hội học
93406,HPN,xa-hoi-hoc,D01,Điểm thi THPT,2022,23.5,Xã hội học
93407,HPU,cong-nghe-ky-thuat-dien-dien-tu,A00,Điểm học bạ,2024,15.0,"Công nghệ kỹ thuật điện, điện tử"
93408,HPU,cong-nghe-ky-thuat-dien-dien-tu,A02,Điểm học bạ,2024,15.0,"Công nghệ kỹ thuật điện, điện tử"
93409,HPU,cong-nghe-ky-thuat-dien-dien-tu,A10,Điểm học bạ,2024,15.0,"Công nghệ kỹ thuật điện, điện tử"
93410,HPU,cong-nghe-ky-thuat-dien-dien-tu,D84,Điểm học bạ,2024,15.0,"Công nghệ kỹ thuật điện, điện tử"
93411,HPU,cong-nghe-ky-thuat-dien-dien-tu,A00,Điểm thi THPT,2024,15.0,"Công nghệ kỹ thuật điện, điện tử"
93412,HPU,cong-nghe-ky-thuat-dien-dien-tu,A02,Điểm thi THPT,2024,15.0,"Công nghệ kỹ thuật điện, điện tử"
93413,HPU,cong-nghe-ky-thuat-dien-dien-tu,A10,Điểm thi THPT,2024,15.0,"Công nghệ kỹ thuật điện, điện tử"
93414,HPU,cong-nghe-ky-thuat-dien-dien-tu,D84,Điểm thi THPT,2024,15.0,"Công nghệ kỹ thuật điện, điện tử"
93415,HPU,cong-nghe-ky-thuat-dien-dien-tu,A00,Điểm học bạ,2025,19.0,"Công nghệ kỹ thuật điện, điện tử"
93416,HPU,cong-nghe-ky-thuat-dien-dien-tu,A01,Điểm học bạ,2025,19.0,"Công nghệ kỹ thuật điện, điện tử"
93417,HPU,cong-nghe-ky-thuat-dien-dien-tu,A02,Điểm học bạ,2025,19.0,"Công nghệ kỹ thuật điện, điện tử"
93418,HPU,cong-nghe-ky-thuat-dien-dien-tu,A03,Điểm học bạ,2025,19.0,"Công nghệ kỹ thuật điện, điện tử"
93419,HPU,cong-nghe-ky-thuat-dien-dien-tu,A04,Điểm học bạ,2025,19.0,"Công nghệ kỹ thuật điện, điện tử"
93420,HPU,cong-nghe-ky-thuat-dien-dien-tu,A05,Điểm học bạ,2025,19.0,"Công nghệ kỹ thuật điện, điện tử"
93421,HPU,cong-nghe-ky-thuat-dien-dien-tu,A06,Điểm học bạ,2025,19.0,"Công nghệ kỹ thuật điện, điện tử"
93422,HPU,cong-nghe-ky-thuat-dien-dien-tu,A07,Điểm học bạ,2025,19.0,"Công nghệ kỹ thuật điện, điện tử"
93423,HPU,cong-nghe-ky-thuat-dien-dien-tu,A08,Điểm học bạ,2025,19.0,"Công nghệ kỹ thuật điện, điện tử"
93424,HPU,cong-nghe-ky-thuat-dien-dien-tu,A09,Điểm học bạ,2025,19.0,"Công nghệ kỹ thuật điện, điện tử"
93425,HPU,cong-nghe-ky-thuat-dien-dien-tu,A10,Điểm học bạ,2025,19.0,"Công nghệ kỹ thuật điện, điện tử"
93426,HPU,cong-nghe-ky-thuat-dien-dien-tu,A11,Điểm học bạ,2025,19.0,"Công nghệ kỹ thuật điện, điện tử"
93427,HPU,cong-nghe-ky-thuat-dien-dien-tu,A12,Điểm học bạ,2025,19.0,"Công nghệ kỹ thuật điện, điện tử"
93428,HPU,cong-nghe-ky-thuat-dien-dien-tu,A13,Điểm học bạ,2025,19.0,"Công nghệ kỹ thuật điện, điện tử"
93429,HPU,cong-nghe-ky-thuat-dien-dien-tu,A14,Điểm học bạ,2025,19.0,"Công nghệ kỹ thuật điện, điện tử"
93430,HPU,cong-nghe-ky-thuat-dien-dien-tu,A15,Điểm học bạ,2025,19.0,"Công nghệ kỹ thuật điện, điện tử"
93431,HPU,cong-nghe-ky-thuat-dien-dien-tu,A16,Điểm học bạ,2025,19.0,"Công nghệ kỹ thuật điện, điện tử"
93432,HPU,cong-nghe-ky-thuat-dien-dien-tu,A17,Điểm học bạ,2025,19.0,"Công nghệ kỹ thuật điện, điện tử"
93433,HPU,cong-nghe-ky-thuat-dien-dien-tu,A18,Điểm học bạ,2025,19.0,"Công nghệ kỹ thuật điện, điện tử"
93434,HPU,cong-nghe-ky-thuat-dien-dien-tu,B00,Điểm học bạ,2025,19.0,"Công nghệ kỹ thuật điện, điện tử"
93435,HPU,cong-nghe-ky-thuat-dien-dien-tu,B01,Điểm học bạ,2025,19.0,"Công nghệ kỹ thuật điện, điện tử"
93436,HPU,cong-nghe-ky-thuat-dien-dien-tu,B02,Điểm học bạ,2025,19.0,"Công nghệ kỹ thuật điện, điện tử"
93437,HPU,cong-nghe-ky-thuat-dien-dien-tu,B03,Điểm học bạ,2025,19.0,"Công nghệ kỹ thuật điện, điện tử"
93438,HPU,cong-nghe-ky-thuat-dien-dien-tu,B04,Điểm học bạ,2025,19.0,"Công nghệ kỹ thuật điện, điện tử"
93439,HPU,cong-nghe-ky-thuat-dien-dien-tu,B05,Điểm học bạ,2025,19.0,"Công nghệ kỹ thuật điện, điện tử"
93440,HPU,cong-nghe-ky-thuat-dien-dien-tu,B08,Điểm học bạ,2025,19.0,"Công nghệ kỹ thuật điện, điện tử"
93441,HPU,cong-nghe-ky-thuat-dien-dien-tu,C01,Điểm học bạ,2025,19.0,"Công nghệ kỹ thuật điện, điện tử"
93442,HPU,cong-nghe-ky-thuat-dien-dien-tu,C02,Điểm học bạ,2025,19.0,"Công nghệ kỹ thuật điện, điện tử"
93443,HPU,cong-nghe-ky-thuat-dien-dien-tu,C03,Điểm học bạ,2025,19.0,"Công nghệ kỹ thuật điện, điện tử"
93444,HPU,cong-nghe-ky-thuat-dien-dien-tu,C04,Điểm học bạ,2025,19.0,"Công nghệ kỹ thuật điện, điện tử"
93445,HPU,cong-nghe-ky-thuat-dien-dien-tu,C14,Điểm học bạ,2025,19.0,"Công nghệ kỹ thuật điện, điện tử"
93446,HPU,cong-nghe-ky-thuat-dien-dien-tu,C15,Điểm học bạ,2025,19.0,"Công nghệ kỹ thuật điện, điện tử"
93447,HPU,cong-nghe-ky-thuat-dien-dien-tu,D01,Điểm học bạ,2025,19.0,"Công nghệ kỹ thuật điện, điện tử"
93448,HPU,cong-nghe-ky-thuat-dien-dien-tu,D04,Điểm học bạ,2025,19.0,"Công nghệ kỹ thuật điện, điện tử"
93449,HPU,cong-nghe-ky-thuat-dien-dien-tu,D06,Điểm học bạ,2025,19.0,"Công nghệ kỹ thuật điện, điện tử"
93450,HPU,cong-nghe-ky-thuat-dien-dien-tu,D07,Điểm học bạ,2025,19.0,"Công nghệ kỹ thuật điện, điện tử"
93451,HPU,cong-nghe-ky-thuat-dien-dien-tu,D08,Điểm học bạ,2025,19.0,"Công nghệ kỹ thuật điện, điện tử"
93452,HPU,cong-nghe-ky-thuat-dien-dien-tu,D09,Điểm học bạ,2025,19.0,"Công nghệ kỹ thuật điện, điện tử"
93453,HPU,cong-nghe-ky-thuat-dien-dien-tu,D10,Điểm học bạ,2025,19.0,"Công nghệ kỹ thuật điện, điện tử"
93454,HPU,cong-nghe-ky-thuat-dien-dien-tu,D18,Điểm học bạ,2025,19.0,"Công nghệ kỹ thuật điện, điện tử"
93455,HPU,cong-nghe-ky-thuat-dien-dien-tu,D20,Điểm học bạ,2025,19.0,"Công nghệ kỹ thuật điện, điện tử"
93456,HPU,cong-nghe-ky-thuat-dien-dien-tu,D23,Điểm học bạ,2025,19.0,"Công nghệ kỹ thuật điện, điện tử"
93457,HPU,cong-nghe-ky-thuat-dien-dien-tu,D25,Điểm học bạ,2025,19.0,"Công nghệ kỹ thuật điện, điện tử"
93458,HPU,cong-nghe-ky-thuat-dien-dien-tu,A00,Điểm thi THPT,2025,16.1,"Công nghệ kỹ thuật điện, điện tử"
93459,HPU,cong-nghe-ky-thuat-dien-dien-tu,A01,Điểm thi THPT,2025,16.1,"Công nghệ kỹ thuật điện, điện tử"
93460,HPU,cong-nghe-ky-thuat-dien-dien-tu,A02,Điểm thi THPT,2025,16.1,"Công nghệ kỹ thuật điện, điện tử"
93461,HPU,cong-nghe-ky-thuat-dien-dien-tu,A03,Điểm thi THPT,2025,16.1,"Công nghệ kỹ thuật điện, điện tử"
93462,HPU,cong-nghe-ky-thuat-dien-dien-tu,A04,Điểm thi THPT,2025,16.1,"Công nghệ kỹ thuật điện, điện tử"
93463,HPU,cong-nghe-ky-thuat-dien-dien-tu,A05,Điểm thi THPT,2025,16.1,"Công nghệ kỹ thuật điện, điện tử"
93464,HPU,cong-nghe-ky-thuat-dien-dien-tu,A06,Điểm thi THPT,2025,16.1,"Công nghệ kỹ thuật điện, điện tử"
93465,HPU,cong-nghe-ky-thuat-dien-dien-tu,A07,Điểm thi THPT,2025,16.1,"Công nghệ kỹ thuật điện, điện tử"
93466,HPU,cong-nghe-ky-thuat-dien-dien-tu,A08,Điểm thi THPT,2025,16.1,"Công nghệ kỹ thuật điện, điện tử"
93467,HPU,cong-nghe-ky-thuat-dien-dien-tu,A09,Điểm thi THPT,2025,16.1,"Công nghệ kỹ thuật điện, điện tử"
93468,HPU,cong-nghe-ky-thuat-dien-dien-tu,A10,Điểm thi THPT,2025,16.1,"Công nghệ kỹ thuật điện, điện tử"
93469,HPU,cong-nghe-ky-thuat-dien-dien-tu,A11,Điểm thi THPT,2025,16.1,"Công nghệ kỹ thuật điện, điện tử"
93470,HPU,cong-nghe-ky-thuat-dien-dien-tu,A12,Điểm thi THPT,2025,16.1,"Công nghệ kỹ thuật điện, điện tử"
93471,HPU,cong-nghe-ky-thuat-dien-dien-tu,A13,Điểm thi THPT,2025,16.1,"Công nghệ kỹ thuật điện, điện tử"
93472,HPU,cong-nghe-ky-thuat-dien-dien-tu,A14,Điểm thi THPT,2025,16.1,"Công nghệ kỹ thuật điện, điện tử"
93473,HPU,cong-nghe-ky-thuat-dien-dien-tu,A15,Điểm thi THPT,2025,16.1,"Công nghệ kỹ thuật điện, điện tử"
93474,HPU,cong-nghe-ky-thuat-dien-dien-tu,A16,Điểm thi THPT,2025,16.1,"Công nghệ kỹ thuật điện, điện tử"
93475,HPU,cong-nghe-ky-thuat-dien-dien-tu,A17,Điểm thi THPT,2025,16.1,"Công nghệ kỹ thuật điện, điện tử"
93476,HPU,cong-nghe-ky-thuat-dien-dien-tu,A18,Điểm thi THPT,2025,16.1,"Công nghệ kỹ thuật điện, điện tử"
93477,HPU,cong-nghe-ky-thuat-dien-dien-tu,B00,Điểm thi THPT,2025,16.1,"Công nghệ kỹ thuật điện, điện tử"
93478,HPU,cong-nghe-ky-thuat-dien-dien-tu,B01,Điểm thi THPT,2025,16.1,"Công nghệ kỹ thuật điện, điện tử"
93479,HPU,cong-nghe-ky-thuat-dien-dien-tu,B02,Điểm thi THPT,2025,16.1,"Công nghệ kỹ thuật điện, điện tử"
93480,HPU,cong-nghe-ky-thuat-dien-dien-tu,B03,Điểm thi THPT,2025,16.1,"Công nghệ kỹ thuật điện, điện tử"
93481,HPU,cong-nghe-ky-thuat-dien-dien-tu,B04,Điểm thi THPT,2025,16.1,"Công nghệ kỹ thuật điện, điện tử"
93482,HPU,cong-nghe-ky-thuat-dien-dien-tu,B05,Điểm thi THPT,2025,16.1,"Công nghệ kỹ thuật điện, điện tử"
93483,HPU,cong-nghe-ky-thuat-dien-dien-tu,B08,Điểm thi THPT,2025,16.1,"Công nghệ kỹ thuật điện, điện tử"
93484,HPU,cong-nghe-ky-thuat-dien-dien-tu,C01,Điểm thi THPT,2025,16.1,"Công nghệ kỹ thuật điện, điện tử"
93485,HPU,cong-nghe-ky-thuat-dien-dien-tu,C02,Điểm thi THPT,2025,16.1,"Công nghệ kỹ thuật điện, điện tử"
93486,HPU,cong-nghe-ky-thuat-dien-dien-tu,C03,Điểm thi THPT,2025,16.1,"Công nghệ kỹ thuật điện, điện tử"
93487,HPU,cong-nghe-ky-thuat-dien-dien-tu,C04,Điểm thi THPT,2025,16.1,"Công nghệ kỹ thuật điện, điện tử"
93488,HPU,cong-nghe-ky-thuat-dien-dien-tu,C14,Điểm thi THPT,2025,16.1,"Công nghệ kỹ thuật điện, điện tử"
93489,HPU,cong-nghe-ky-thuat-dien-dien-tu,C15,Điểm thi THPT,2025,16.1,"Công nghệ kỹ thuật điện, điện tử"
93490,HPU,cong-nghe-ky-thuat-dien-dien-tu,D01,Điểm thi THPT,2025,16.1,"Công nghệ kỹ thuật điện, điện tử"
93491,HPU,cong-nghe-ky-thuat-dien-dien-tu,D04,Điểm thi THPT,2025,16.1,"Công nghệ kỹ thuật điện, điện tử"
93492,HPU,cong-nghe-ky-thuat-dien-dien-tu,D06,Điểm thi THPT,2025,16.1,"Công nghệ kỹ thuật điện, điện tử"
93493,HPU,cong-nghe-ky-thuat-dien-dien-tu,D07,Điểm thi THPT,2025,16.1,"Công nghệ kỹ thuật điện, điện tử"
93494,HPU,cong-nghe-ky-thuat-dien-dien-tu,D08,Điểm thi THPT,2025,16.1,"Công nghệ kỹ thuật điện, điện tử"
93495,HPU,cong-nghe-ky-thuat-dien-dien-tu,D09,Điểm thi THPT,2025,16.1,"Công nghệ kỹ thuật điện, điện tử"
93496,HPU,cong-nghe-ky-thuat-dien-dien-tu,D10,Điểm thi THPT,2025,16.1,"Công nghệ kỹ thuật điện, điện tử"
93497,HPU,cong-nghe-ky-thuat-dien-dien-tu,D18,Điểm thi THPT,2025,16.1,"Công nghệ kỹ thuật điện, điện tử"
93498,HPU,cong-nghe-ky-thuat-dien-dien-tu,D20,Điểm thi THPT,2025,16.1,"Công nghệ kỹ thuật điện, điện tử"
93499,HPU,cong-nghe-ky-thuat-dien-dien-tu,D23,Điểm thi THPT,2025,16.1,"Công nghệ kỹ thuật điện, điện tử"
93500,HPU,cong-nghe-ky-thuat-dien-dien-tu,D25,Điểm thi THPT,2025,16.1,"Công nghệ kỹ thuật điện, điện tử"
93501,HPU,cong-nghe-thong-tin,A00,Điểm thi THPT,2021,15.0,Công nghệ thông tin
93502,HPU,cong-nghe-thong-tin,A10,Điểm thi THPT,2021,15.0,Công nghệ thông tin
93503,HPU,cong-nghe-thong-tin,D08,Điểm thi THPT,2021,15.0,Công nghệ thông tin
93504,HPU,cong-nghe-thong-tin,D84,Điểm thi THPT,2021,15.0,Công nghệ thông tin
93505,HPU,cong-nghe-thong-tin,A00,Điểm học bạ,2022,15.0,Công nghệ thông tin
93506,HPU,cong-nghe-thong-tin,A01,Điểm học bạ,2022,15.0,Công nghệ thông tin
93507,HPU,cong-nghe-thong-tin,A10,Điểm học bạ,2022,15.0,Công nghệ thông tin
93508,HPU,cong-nghe-thong-tin,D84,Điểm học bạ,2022,15.0,Công nghệ thông tin
93509,HPU,cong-nghe-thong-tin,A00,Điểm thi THPT,2022,15.0,Công nghệ thông tin
93510,HPU,cong-nghe-thong-tin,A01,Điểm thi THPT,2022,15.0,Công nghệ thông tin
93511,HPU,cong-nghe-thong-tin,A10,Điểm thi THPT,2022,15.0,Công nghệ thông tin
93512,HPU,cong-nghe-thong-tin,D84,Điểm thi THPT,2022,15.0,Công nghệ thông tin
93513,HPU,cong-nghe-thong-tin,A00,Điểm học bạ,2023,15.0,Công nghệ thông tin
93514,HPU,cong-nghe-thong-tin,A01,Điểm học bạ,2023,15.0,Công nghệ thông tin
93515,HPU,cong-nghe-thong-tin,A10,Điểm học bạ,2023,15.0,Công nghệ thông tin
93516,HPU,cong-nghe-thong-tin,D84,Điểm học bạ,2023,15.0,Công nghệ thông tin
93517,HPU,cong-nghe-thong-tin,A00,Điểm thi THPT,2023,15.0,Công nghệ thông tin
93518,HPU,cong-nghe-thong-tin,A01,Điểm thi THPT,2023,15.0,Công nghệ thông tin
93519,HPU,cong-nghe-thong-tin,A10,Điểm thi THPT,2023,15.0,Công nghệ thông tin
93520,HPU,cong-nghe-thong-tin,D84,Điểm thi THPT,2023,15.0,Công nghệ thông tin
93521,HPU,cong-nghe-thong-tin,A00,Điểm học bạ,2024,15.0,Công nghệ thông tin
93522,HPU,cong-nghe-thong-tin,A01,Điểm học bạ,2024,15.0,Công nghệ thông tin
93523,HPU,cong-nghe-thong-tin,A10,Điểm học bạ,2024,15.0,Công nghệ thông tin
93524,HPU,cong-nghe-thong-tin,D84,Điểm học bạ,2024,15.0,Công nghệ thông tin
93525,HPU,cong-nghe-thong-tin,A00,Điểm thi THPT,2024,15.0,Công nghệ thông tin
93526,HPU,cong-nghe-thong-tin,A01,Điểm thi THPT,2024,15.0,Công nghệ thông tin
93527,HPU,cong-nghe-thong-tin,A10,Điểm thi THPT,2024,15.0,Công nghệ thông tin
93528,HPU,cong-nghe-thong-tin,D84,Điểm thi THPT,2024,15.0,Công nghệ thông tin
93529,HPU,cong-nghe-thong-tin,A00,Điểm học bạ,2025,18.0,Công nghệ thông tin
93530,HPU,cong-nghe-thong-tin,A01,Điểm học bạ,2025,18.0,Công nghệ thông tin
93531,HPU,cong-nghe-thong-tin,A02,Điểm học bạ,2025,18.0,Công nghệ thông tin
93532,HPU,cong-nghe-thong-tin,A03,Điểm học bạ,2025,18.0,Công nghệ thông tin
93533,HPU,cong-nghe-thong-tin,A04,Điểm học bạ,2025,18.0,Công nghệ thông tin
93534,HPU,cong-nghe-thong-tin,A05,Điểm học bạ,2025,18.0,Công nghệ thông tin
93535,HPU,cong-nghe-thong-tin,A06,Điểm học bạ,2025,18.0,Công nghệ thông tin
93536,HPU,cong-nghe-thong-tin,A07,Điểm học bạ,2025,18.0,Công nghệ thông tin
93537,HPU,cong-nghe-thong-tin,A08,Điểm học bạ,2025,18.0,Công nghệ thông tin
93538,HPU,cong-nghe-thong-tin,A09,Điểm học bạ,2025,18.0,Công nghệ thông tin
93539,HPU,cong-nghe-thong-tin,A10,Điểm học bạ,2025,18.0,Công nghệ thông tin
93540,HPU,cong-nghe-thong-tin,A11,Điểm học bạ,2025,18.0,Công nghệ thông tin
93541,HPU,cong-nghe-thong-tin,A12,Điểm học bạ,2025,18.0,Công nghệ thông tin
93542,HPU,cong-nghe-thong-tin,A13,Điểm học bạ,2025,18.0,Công nghệ thông tin
93543,HPU,cong-nghe-thong-tin,A14,Điểm học bạ,2025,18.0,Công nghệ thông tin
93544,HPU,cong-nghe-thong-tin,A15,Điểm học bạ,2025,18.0,Công nghệ thông tin
93545,HPU,cong-nghe-thong-tin,A16,Điểm học bạ,2025,18.0,Công nghệ thông tin
93546,HPU,cong-nghe-thong-tin,A17,Điểm học bạ,2025,18.0,Công nghệ thông tin
93547,HPU,cong-nghe-thong-tin,A18,Điểm học bạ,2025,18.0,Công nghệ thông tin
93548,HPU,cong-nghe-thong-tin,B00,Điểm học bạ,2025,18.0,Công nghệ thông tin
93549,HPU,cong-nghe-thong-tin,B01,Điểm học bạ,2025,18.0,Công nghệ thông tin
93550,HPU,cong-nghe-thong-tin,B02,Điểm học bạ,2025,18.0,Công nghệ thông tin
93551,HPU,cong-nghe-thong-tin,B03,Điểm học bạ,2025,18.0,Công nghệ thông tin
93552,HPU,cong-nghe-thong-tin,B04,Điểm học bạ,2025,18.0,Công nghệ thông tin
93553,HPU,cong-nghe-thong-tin,B05,Điểm học bạ,2025,18.0,Công nghệ thông tin
93554,HPU,cong-nghe-thong-tin,B08,Điểm học bạ,2025,18.0,Công nghệ thông tin
93555,HPU,cong-nghe-thong-tin,C01,Điểm học bạ,2025,18.0,Công nghệ thông tin
93556,HPU,cong-nghe-thong-tin,C02,Điểm học bạ,2025,18.0,Công nghệ thông tin
93557,HPU,cong-nghe-thong-tin,C03,Điểm học bạ,2025,18.0,Công nghệ thông tin
93558,HPU,cong-nghe-thong-tin,C04,Điểm học bạ,2025,18.0,Công nghệ thông tin
93559,HPU,cong-nghe-thong-tin,C14,Điểm học bạ,2025,18.0,Công nghệ thông tin
93560,HPU,cong-nghe-thong-tin,C15,Điểm học bạ,2025,18.0,Công nghệ thông tin
93561,HPU,cong-nghe-thong-tin,D01,Điểm học bạ,2025,18.0,Công nghệ thông tin
93562,HPU,cong-nghe-thong-tin,D04,Điểm học bạ,2025,18.0,Công nghệ thông tin
93563,HPU,cong-nghe-thong-tin,D06,Điểm học bạ,2025,18.0,Công nghệ thông tin
93564,HPU,cong-nghe-thong-tin,D07,Điểm học bạ,2025,18.0,Công nghệ thông tin
93565,HPU,cong-nghe-thong-tin,D08,Điểm học bạ,2025,18.0,Công nghệ thông tin
93566,HPU,cong-nghe-thong-tin,D09,Điểm học bạ,2025,18.0,Công nghệ thông tin
93567,HPU,cong-nghe-thong-tin,D10,Điểm học bạ,2025,18.0,Công nghệ thông tin
93568,HPU,cong-nghe-thong-tin,D18,Điểm học bạ,2025,18.0,Công nghệ thông tin
93569,HPU,cong-nghe-thong-tin,D20,Điểm học bạ,2025,18.0,Công nghệ thông tin
93570,HPU,cong-nghe-thong-tin,D23,Điểm học bạ,2025,18.0,Công nghệ thông tin
93571,HPU,cong-nghe-thong-tin,D25,Điểm học bạ,2025,18.0,Công nghệ thông tin
93572,HPU,cong-nghe-thong-tin,A00,Điểm thi THPT,2025,15.0,Công nghệ thông tin
93573,HPU,cong-nghe-thong-tin,A01,Điểm thi THPT,2025,15.0,Công nghệ thông tin
93574,HPU,cong-nghe-thong-tin,A02,Điểm thi THPT,2025,15.0,Công nghệ thông tin
93575,HPU,cong-nghe-thong-tin,A03,Điểm thi THPT,2025,15.0,Công nghệ thông tin
93576,HPU,cong-nghe-thong-tin,A04,Điểm thi THPT,2025,15.0,Công nghệ thông tin
93577,HPU,cong-nghe-thong-tin,A05,Điểm thi THPT,2025,15.0,Công nghệ thông tin
93578,HPU,cong-nghe-thong-tin,A06,Điểm thi THPT,2025,15.0,Công nghệ thông tin
93579,HPU,cong-nghe-thong-tin,A07,Điểm thi THPT,2025,15.0,Công nghệ thông tin
93580,HPU,cong-nghe-thong-tin,A08,Điểm thi THPT,2025,15.0,Công nghệ thông tin
93581,HPU,cong-nghe-thong-tin,A09,Điểm thi THPT,2025,15.0,Công nghệ thông tin
93582,HPU,cong-nghe-thong-tin,A10,Điểm thi THPT,2025,15.0,Công nghệ thông tin
93583,HPU,cong-nghe-thong-tin,A11,Điểm thi THPT,2025,15.0,Công nghệ thông tin
93584,HPU,cong-nghe-thong-tin,A12,Điểm thi THPT,2025,15.0,Công nghệ thông tin
93585,HPU,cong-nghe-thong-tin,A13,Điểm thi THPT,2025,15.0,Công nghệ thông tin
93586,HPU,cong-nghe-thong-tin,A14,Điểm thi THPT,2025,15.0,Công nghệ thông tin
93587,HPU,cong-nghe-thong-tin,A15,Điểm thi THPT,2025,15.0,Công nghệ thông tin
93588,HPU,cong-nghe-thong-tin,A16,Điểm thi THPT,2025,15.0,Công nghệ thông tin
93589,HPU,cong-nghe-thong-tin,A17,Điểm thi THPT,2025,15.0,Công nghệ thông tin
93590,HPU,cong-nghe-thong-tin,A18,Điểm thi THPT,2025,15.0,Công nghệ thông tin
93591,HPU,cong-nghe-thong-tin,B00,Điểm thi THPT,2025,15.0,Công nghệ thông tin
93592,HPU,cong-nghe-thong-tin,B01,Điểm thi THPT,2025,15.0,Công nghệ thông tin
93593,HPU,cong-nghe-thong-tin,B02,Điểm thi THPT,2025,15.0,Công nghệ thông tin
93594,HPU,cong-nghe-thong-tin,B03,Điểm thi THPT,2025,15.0,Công nghệ thông tin
93595,HPU,cong-nghe-thong-tin,B04,Điểm thi THPT,2025,15.0,Công nghệ thông tin
93596,HPU,cong-nghe-thong-tin,B05,Điểm thi THPT,2025,15.0,Công nghệ thông tin
93597,HPU,cong-nghe-thong-tin,B08,Điểm thi THPT,2025,15.0,Công nghệ thông tin
93598,HPU,cong-nghe-thong-tin,C01,Điểm thi THPT,2025,15.0,Công nghệ thông tin
93599,HPU,cong-nghe-thong-tin,C02,Điểm thi THPT,2025,15.0,Công nghệ thông tin
93600,HPU,cong-nghe-thong-tin,C03,Điểm thi THPT,2025,15.0,Công nghệ thông tin
93601,HPU,cong-nghe-thong-tin,C04,Điểm thi THPT,2025,15.0,Công nghệ thông tin
93602,HPU,cong-nghe-thong-tin,C14,Điểm thi THPT,2025,15.0,Công nghệ thông tin
93603,HPU,cong-nghe-thong-tin,C15,Điểm thi THPT,2025,15.0,Công nghệ thông tin
93604,HPU,cong-nghe-thong-tin,D01,Điểm thi THPT,2025,15.0,Công nghệ thông tin
93605,HPU,cong-nghe-thong-tin,D04,Điểm thi THPT,2025,15.0,Công nghệ thông tin
93606,HPU,cong-nghe-thong-tin,D06,Điểm thi THPT,2025,15.0,Công nghệ thông tin
93607,HPU,cong-nghe-thong-tin,D07,Điểm thi THPT,2025,15.0,Công nghệ thông tin
93608,HPU,cong-nghe-thong-tin,D08,Điểm thi THPT,2025,15.0,Công nghệ thông tin
93609,HPU,cong-nghe-thong-tin,D09,Điểm thi THPT,2025,15.0,Công nghệ thông tin
93610,HPU,cong-nghe-thong-tin,D10,Điểm thi THPT,2025,15.0,Công nghệ thông tin
93611,HPU,cong-nghe-thong-tin,D18,Điểm thi THPT,2025,15.0,Công nghệ thông tin
93612,HPU,cong-nghe-thong-tin,D20,Điểm thi THPT,2025,15.0,Công nghệ thông tin
93613,HPU,cong-nghe-thong-tin,D23,Điểm thi THPT,2025,15.0,Công nghệ thông tin
93614,HPU,cong-nghe-thong-tin,D25,Điểm thi THPT,2025,15.0,Công nghệ thông tin
93615,HPU,ki-thuat-cong-trinh-xay-dung,A00,Điểm thi THPT,2021,15.0,Kĩ thuật công trình xây dựng
93616,HPU,ki-thuat-cong-trinh-xay-dung,A01,Điểm thi THPT,2021,15.0,Kĩ thuật công trình xây dựng
93617,HPU,ki-thuat-cong-trinh-xay-dung,A04,Điểm thi THPT,2021,15.0,Kĩ thuật công trình xây dựng
93618,HPU,ki-thuat-cong-trinh-xay-dung,A10,Điểm thi THPT,2021,15.0,Kĩ thuật công trình xây dựng
93619,HPU,ki-thuat-dien-dien-tu,A01,Điểm thi THPT,2021,15.0,Kĩ thuật điện-Điện tử
93620,HPU,ki-thuat-dien-dien-tu,A10,Điểm thi THPT,2021,15.0,Kĩ thuật điện-Điện tử
93621,HPU,ki-thuat-dien-dien-tu,D01,Điểm thi THPT,2021,15.0,Kĩ thuật điện-Điện tử
93622,HPU,ki-thuat-dien-dien-tu,D84,Điểm thi THPT,2021,15.0,Kĩ thuật điện-Điện tử
93623,HPU,ki-thuat-dien-dien-tu,A00,Điểm học bạ,2022,15.0,Kĩ thuật điện – Điện tử
93624,HPU,ki-thuat-dien-dien-tu,A02,Điểm học bạ,2022,15.0,Kĩ thuật điện – Điện tử
93625,HPU,ki-thuat-dien-dien-tu,A10,Điểm học bạ,2022,15.0,Kĩ thuật điện – Điện tử
93626,HPU,ki-thuat-dien-dien-tu,D84,Điểm học bạ,2022,15.0,Kĩ thuật điện – Điện tử
93627,HPU,ki-thuat-dien-dien-tu,A00,Điểm thi THPT,2022,15.0,Kĩ thuật điện – Điện tử
93628,HPU,ki-thuat-dien-dien-tu,A02,Điểm thi THPT,2022,15.0,Kĩ thuật điện – Điện tử
93629,HPU,ki-thuat-dien-dien-tu,A10,Điểm thi THPT,2022,15.0,Kĩ thuật điện – Điện tử
93630,HPU,ki-thuat-dien-dien-tu,D84,Điểm thi THPT,2022,15.0,Kĩ thuật điện – Điện tử
93631,HPU,ki-thuat-dien-dien-tu,A00,Điểm học bạ,2023,15.0,Kĩ thuật điện – Điện tử
93632,HPU,ki-thuat-dien-dien-tu,A02,Điểm học bạ,2023,15.0,Kĩ thuật điện – Điện tử
93633,HPU,ki-thuat-dien-dien-tu,A10,Điểm học bạ,2023,15.0,Kĩ thuật điện – Điện tử
93634,HPU,ki-thuat-dien-dien-tu,D84,Điểm học bạ,2023,15.0,Kĩ thuật điện – Điện tử
93635,HPU,ki-thuat-dien-dien-tu,A00,Điểm thi THPT,2023,15.0,Kĩ thuật điện – Điện tử
93636,HPU,ki-thuat-dien-dien-tu,A02,Điểm thi THPT,2023,15.0,Kĩ thuật điện – Điện tử
93637,HPU,ki-thuat-dien-dien-tu,A10,Điểm thi THPT,2023,15.0,Kĩ thuật điện – Điện tử
93638,HPU,ki-thuat-dien-dien-tu,D84,Điểm thi THPT,2023,15.0,Kĩ thuật điện – Điện tử
93639,HPU,ki-thuat-moi-truong,A00,Điểm thi THPT,2021,15.0,Kĩ thuật môi trường
93640,HPU,ki-thuat-moi-truong,A01,Điểm thi THPT,2021,15.0,Kĩ thuật môi trường
93641,HPU,ki-thuat-moi-truong,A02,Điểm thi THPT,2021,15.0,Kĩ thuật môi trường
93642,HPU,ki-thuat-moi-truong,B00,Điểm thi THPT,2021,15.0,Kĩ thuật môi trường
93643,HPU,ki-thuat-moi-truong,A00,Điểm học bạ,2022,15.0,Kĩ thuật môi trường
93644,HPU,ki-thuat-moi-truong,A11,Điểm học bạ,2022,15.0,Kĩ thuật môi trường
93645,HPU,ki-thuat-moi-truong,B04,Điểm học bạ,2022,15.0,Kĩ thuật môi trường
93646,HPU,ki-thuat-moi-truong,D10,Điểm học bạ,2022,15.0,Kĩ thuật môi trường
93647,HPU,ki-thuat-moi-truong,A00,Điểm thi THPT,2022,15.0,Kĩ thuật môi trường
93648,HPU,ki-thuat-moi-truong,A11,Điểm thi THPT,2022,15.0,Kĩ thuật môi trường
93649,HPU,ki-thuat-moi-truong,B04,Điểm thi THPT,2022,15.0,Kĩ thuật môi trường
93650,HPU,ki-thuat-moi-truong,D10,Điểm thi THPT,2022,15.0,Kĩ thuật môi trường
93651,HPU,ki-thuat-moi-truong,A00,Điểm học bạ,2023,15.0,Kĩ thuật môi trường
93652,HPU,ki-thuat-moi-truong,A02,Điểm học bạ,2023,15.0,Kĩ thuật môi trường
93653,HPU,ki-thuat-moi-truong,C14,Điểm học bạ,2023,15.0,Kĩ thuật môi trường
93654,HPU,ki-thuat-moi-truong,D84,Điểm học bạ,2023,15.0,Kĩ thuật môi trường
93655,HPU,ki-thuat-moi-truong,A00,Điểm thi THPT,2023,15.0,Kĩ thuật môi trường
93656,HPU,ki-thuat-moi-truong,A02,Điểm thi THPT,2023,15.0,Kĩ thuật môi trường
93657,HPU,ki-thuat-moi-truong,C14,Điểm thi THPT,2023,15.0,Kĩ thuật môi trường
93658,HPU,ki-thuat-moi-truong,D84,Điểm thi THPT,2023,15.0,Kĩ thuật môi trường
93659,HPU,ki-thuat-moi-truong,A00,Điểm học bạ,2024,15.0,Kĩ thuật môi trường
93660,HPU,ki-thuat-moi-truong,A02,Điểm học bạ,2024,15.0,Kĩ thuật môi trường
93661,HPU,ki-thuat-moi-truong,C14,Điểm học bạ,2024,15.0,Kĩ thuật môi trường
93662,HPU,ki-thuat-moi-truong,D84,Điểm học bạ,2024,15.0,Kĩ thuật môi trường
93663,HPU,ki-thuat-moi-truong,A00,Điểm thi THPT,2024,15.0,Kĩ thuật môi trường
93664,HPU,ki-thuat-moi-truong,A02,Điểm thi THPT,2024,15.0,Kĩ thuật môi trường
93665,HPU,ki-thuat-moi-truong,C14,Điểm thi THPT,2024,15.0,Kĩ thuật môi trường
93666,HPU,ki-thuat-moi-truong,D84,Điểm thi THPT,2024,15.0,Kĩ thuật môi trường
93667,HPU,ky-thuat-moi-truong,A00,Điểm học bạ,2025,18.0,Kỹ thuật môi trường
93668,HPU,ky-thuat-moi-truong,A01,Điểm học bạ,2025,18.0,Kỹ thuật môi trường
93669,HPU,ky-thuat-moi-truong,A02,Điểm học bạ,2025,18.0,Kỹ thuật môi trường
93670,HPU,ky-thuat-moi-truong,A03,Điểm học bạ,2025,18.0,Kỹ thuật môi trường
93671,HPU,ky-thuat-moi-truong,A04,Điểm học bạ,2025,18.0,Kỹ thuật môi trường
93672,HPU,ky-thuat-moi-truong,A05,Điểm học bạ,2025,18.0,Kỹ thuật môi trường
93673,HPU,ky-thuat-moi-truong,A06,Điểm học bạ,2025,18.0,Kỹ thuật môi trường
93674,HPU,ky-thuat-moi-truong,A07,Điểm học bạ,2025,18.0,Kỹ thuật môi trường
93675,HPU,ky-thuat-moi-truong,A08,Điểm học bạ,2025,18.0,Kỹ thuật môi trường
93676,HPU,ky-thuat-moi-truong,A09,Điểm học bạ,2025,18.0,Kỹ thuật môi trường
93677,HPU,ky-thuat-moi-truong,A10,Điểm học bạ,2025,18.0,Kỹ thuật môi trường
93678,HPU,ky-thuat-moi-truong,A11,Điểm học bạ,2025,18.0,Kỹ thuật môi trường
93679,HPU,ky-thuat-moi-truong,A12,Điểm học bạ,2025,18.0,Kỹ thuật môi trường
93680,HPU,ky-thuat-moi-truong,A13,Điểm học bạ,2025,18.0,Kỹ thuật môi trường
93681,HPU,ky-thuat-moi-truong,A14,Điểm học bạ,2025,18.0,Kỹ thuật môi trường
93682,HPU,ky-thuat-moi-truong,A15,Điểm học bạ,2025,18.0,Kỹ thuật môi trường
93683,HPU,ky-thuat-moi-truong,A16,Điểm học bạ,2025,18.0,Kỹ thuật môi trường
93684,HPU,ky-thuat-moi-truong,A17,Điểm học bạ,2025,18.0,Kỹ thuật môi trường
93685,HPU,ky-thuat-moi-truong,A18,Điểm học bạ,2025,18.0,Kỹ thuật môi trường
93686,HPU,ky-thuat-moi-truong,B00,Điểm học bạ,2025,18.0,Kỹ thuật môi trường
93687,HPU,ky-thuat-moi-truong,B01,Điểm học bạ,2025,18.0,Kỹ thuật môi trường
93688,HPU,ky-thuat-moi-truong,B02,Điểm học bạ,2025,18.0,Kỹ thuật môi trường
93689,HPU,ky-thuat-moi-truong,B03,Điểm học bạ,2025,18.0,Kỹ thuật môi trường
93690,HPU,ky-thuat-moi-truong,B04,Điểm học bạ,2025,18.0,Kỹ thuật môi trường
93691,HPU,ky-thuat-moi-truong,B05,Điểm học bạ,2025,18.0,Kỹ thuật môi trường
93692,HPU,ky-thuat-moi-truong,B08,Điểm học bạ,2025,18.0,Kỹ thuật môi trường
93693,HPU,ky-thuat-moi-truong,C01,Điểm học bạ,2025,18.0,Kỹ thuật môi trường
93694,HPU,ky-thuat-moi-truong,C02,Điểm học bạ,2025,18.0,Kỹ thuật môi trường
93695,HPU,ky-thuat-moi-truong,C03,Điểm học bạ,2025,18.0,Kỹ thuật môi trường
93696,HPU,ky-thuat-moi-truong,C04,Điểm học bạ,2025,18.0,Kỹ thuật môi trường
93697,HPU,ky-thuat-moi-truong,C14,Điểm học bạ,2025,18.0,Kỹ thuật môi trường
93698,HPU,ky-thuat-moi-truong,C15,Điểm học bạ,2025,18.0,Kỹ thuật môi trường
93699,HPU,ky-thuat-moi-truong,D01,Điểm học bạ,2025,18.0,Kỹ thuật môi trường
93700,HPU,ky-thuat-moi-truong,D04,Điểm học bạ,2025,18.0,Kỹ thuật môi trường
93701,HPU,ky-thuat-moi-truong,D06,Điểm học bạ,2025,18.0,Kỹ thuật môi trường
93702,HPU,ky-thuat-moi-truong,D07,Điểm học bạ,2025,18.0,Kỹ thuật môi trường
93703,HPU,ky-thuat-moi-truong,D08,Điểm học bạ,2025,18.0,Kỹ thuật môi trường
93704,HPU,ky-thuat-moi-truong,D09,Điểm học bạ,2025,18.0,Kỹ thuật môi trường
93705,HPU,ky-thuat-moi-truong,D10,Điểm học bạ,2025,18.0,Kỹ thuật môi trường
93706,HPU,ky-thuat-moi-truong,D18,Điểm học bạ,2025,18.0,Kỹ thuật môi trường
93707,HPU,ky-thuat-moi-truong,D20,Điểm học bạ,2025,18.0,Kỹ thuật môi trường
93708,HPU,ky-thuat-moi-truong,D23,Điểm học bạ,2025,18.0,Kỹ thuật môi trường
93709,HPU,ky-thuat-moi-truong,D25,Điểm học bạ,2025,18.0,Kỹ thuật môi trường
93710,HPU,ky-thuat-moi-truong,A00,Điểm thi THPT,2025,15.0,Kỹ thuật môi trường
93711,HPU,ky-thuat-moi-truong,A01,Điểm thi THPT,2025,15.0,Kỹ thuật môi trường
93712,HPU,ky-thuat-moi-truong,A02,Điểm thi THPT,2025,15.0,Kỹ thuật môi trường
93713,HPU,ky-thuat-moi-truong,A03,Điểm thi THPT,2025,15.0,Kỹ thuật môi trường
93714,HPU,ky-thuat-moi-truong,A04,Điểm thi THPT,2025,15.0,Kỹ thuật môi trường
93715,HPU,ky-thuat-moi-truong,A05,Điểm thi THPT,2025,15.0,Kỹ thuật môi trường
93716,HPU,ky-thuat-moi-truong,A06,Điểm thi THPT,2025,15.0,Kỹ thuật môi trường
93717,HPU,ky-thuat-moi-truong,A07,Điểm thi THPT,2025,15.0,Kỹ thuật môi trường
93718,HPU,ky-thuat-moi-truong,A08,Điểm thi THPT,2025,15.0,Kỹ thuật môi trường
93719,HPU,ky-thuat-moi-truong,A09,Điểm thi THPT,2025,15.0,Kỹ thuật môi trường
93720,HPU,ky-thuat-moi-truong,A10,Điểm thi THPT,2025,15.0,Kỹ thuật môi trường
93721,HPU,ky-thuat-moi-truong,A11,Điểm thi THPT,2025,15.0,Kỹ thuật môi trường
93722,HPU,ky-thuat-moi-truong,A12,Điểm thi THPT,2025,15.0,Kỹ thuật môi trường
93723,HPU,ky-thuat-moi-truong,A13,Điểm thi THPT,2025,15.0,Kỹ thuật môi trường
93724,HPU,ky-thuat-moi-truong,A14,Điểm thi THPT,2025,15.0,Kỹ thuật môi trường
93725,HPU,ky-thuat-moi-truong,A15,Điểm thi THPT,2025,15.0,Kỹ thuật môi trường
93726,HPU,ky-thuat-moi-truong,A16,Điểm thi THPT,2025,15.0,Kỹ thuật môi trường
93727,HPU,ky-thuat-moi-truong,A17,Điểm thi THPT,2025,15.0,Kỹ thuật môi trường
93728,HPU,ky-thuat-moi-truong,A18,Điểm thi THPT,2025,15.0,Kỹ thuật môi trường
93729,HPU,ky-thuat-moi-truong,B00,Điểm thi THPT,2025,15.0,Kỹ thuật môi trường
93730,HPU,ky-thuat-moi-truong,B01,Điểm thi THPT,2025,15.0,Kỹ thuật môi trường
93731,HPU,ky-thuat-moi-truong,B02,Điểm thi THPT,2025,15.0,Kỹ thuật môi trường
93732,HPU,ky-thuat-moi-truong,B03,Điểm thi THPT,2025,15.0,Kỹ thuật môi trường
93733,HPU,ky-thuat-moi-truong,B04,Điểm thi THPT,2025,15.0,Kỹ thuật môi trường
93734,HPU,ky-thuat-moi-truong,B05,Điểm thi THPT,2025,15.0,Kỹ thuật môi trường
93735,HPU,ky-thuat-moi-truong,B08,Điểm thi THPT,2025,15.0,Kỹ thuật môi trường
93736,HPU,ky-thuat-moi-truong,C01,Điểm thi THPT,2025,15.0,Kỹ thuật môi trường
93737,HPU,ky-thuat-moi-truong,C02,Điểm thi THPT,2025,15.0,Kỹ thuật môi trường
93738,HPU,ky-thuat-moi-truong,C03,Điểm thi THPT,2025,15.0,Kỹ thuật môi trường
93739,HPU,ky-thuat-moi-truong,C04,Điểm thi THPT,2025,15.0,Kỹ thuật môi trường
93740,HPU,ky-thuat-moi-truong,C14,Điểm thi THPT,2025,15.0,Kỹ thuật môi trường
93741,HPU,ky-thuat-moi-truong,C15,Điểm thi THPT,2025,15.0,Kỹ thuật môi trường
93742,HPU,ky-thuat-moi-truong,D01,Điểm thi THPT,2025,15.0,Kỹ thuật môi trường
93743,HPU,ky-thuat-moi-truong,D04,Điểm thi THPT,2025,15.0,Kỹ thuật môi trường
93744,HPU,ky-thuat-moi-truong,D06,Điểm thi THPT,2025,15.0,Kỹ thuật môi trường
93745,HPU,ky-thuat-moi-truong,D07,Điểm thi THPT,2025,15.0,Kỹ thuật môi trường
93746,HPU,ky-thuat-moi-truong,D08,Điểm thi THPT,2025,15.0,Kỹ thuật môi trường
93747,HPU,ky-thuat-moi-truong,D09,Điểm thi THPT,2025,15.0,Kỹ thuật môi trường
93748,HPU,ky-thuat-moi-truong,D10,Điểm thi THPT,2025,15.0,Kỹ thuật môi trường
93749,HPU,ky-thuat-moi-truong,D18,Điểm thi THPT,2025,15.0,Kỹ thuật môi trường
93750,HPU,ky-thuat-moi-truong,D20,Điểm thi THPT,2025,15.0,Kỹ thuật môi trường
93751,HPU,ky-thuat-moi-truong,D23,Điểm thi THPT,2025,15.0,Kỹ thuật môi trường
93752,HPU,ky-thuat-moi-truong,D25,Điểm thi THPT,2025,15.0,Kỹ thuật môi trường
93753,HPU,luat,C00,Điểm thi THPT,2021,15.0,Luật
93754,HPU,luat,D06,Điểm thi THPT,2021,15.0,Luật
93755,HPU,luat,D66,Điểm thi THPT,2021,15.0,Luật
93756,HPU,luat,D84,Điểm thi THPT,2021,15.0,Luật
93757,HPU,luat,C00,Điểm học bạ,2022,15.0,Luật
93758,HPU,luat,D06,Điểm học bạ,2022,15.0,Luật
93759,HPU,luat,D66,Điểm học bạ,2022,15.0,Luật
93760,HPU,luat,D84,Điểm học bạ,2022,15.0,Luật
93761,HPU,luat,C00,Điểm thi THPT,2022,15.0,Luật
93762,HPU,luat,D06,Điểm thi THPT,2022,15.0,Luật
93763,HPU,luat,D66,Điểm thi THPT,2022,15.0,Luật
93764,HPU,luat,D84,Điểm thi THPT,2022,15.0,Luật
93765,HPU,ngon-ngu-anh,D01,Điểm thi THPT,2021,15.0,Ngôn ngữ Anh
93766,HPU,ngon-ngu-anh,D14,Điểm thi THPT,2021,15.0,Ngôn ngữ Anh
93767,HPU,ngon-ngu-anh,D15,Điểm thi THPT,2021,15.0,Ngôn ngữ Anh
93768,HPU,ngon-ngu-anh,D66,Điểm thi THPT,2021,15.0,Ngôn ngữ Anh
93769,HPU,ngon-ngu-anh,D01,Điểm học bạ,2022,15.0,Ngôn ngữ Anh
93770,HPU,ngon-ngu-anh,D04,Điểm học bạ,2022,15.0,Ngôn ngữ Anh
93771,HPU,ngon-ngu-anh,D14,Điểm học bạ,2022,15.0,Ngôn ngữ Anh
93772,HPU,ngon-ngu-anh,D15,Điểm học bạ,2022,15.0,Ngôn ngữ Anh
93773,HPU,ngon-ngu-anh,D01,Điểm thi THPT,2022,15.0,Ngôn ngữ Anh
93774,HPU,ngon-ngu-anh,D04,Điểm thi THPT,2022,15.0,Ngôn ngữ Anh
93775,HPU,ngon-ngu-anh,D14,Điểm thi THPT,2022,15.0,Ngôn ngữ Anh
93776,HPU,ngon-ngu-anh,D15,Điểm thi THPT,2022,15.0,Ngôn ngữ Anh
93777,HPU,ngon-ngu-anh,D01,Điểm học bạ,2023,15.0,Ngôn ngữ Anh
93778,HPU,ngon-ngu-anh,D14,Điểm học bạ,2023,15.0,Ngôn ngữ Anh
93779,HPU,ngon-ngu-anh,D15,Điểm học bạ,2023,15.0,Ngôn ngữ Anh
93780,HPU,ngon-ngu-anh,D66,Điểm học bạ,2023,15.0,Ngôn ngữ Anh
93781,HPU,ngon-ngu-anh,D01,Điểm thi THPT,2023,15.0,Ngôn ngữ Anh
93782,HPU,ngon-ngu-anh,D14,Điểm thi THPT,2023,15.0,Ngôn ngữ Anh
93783,HPU,ngon-ngu-anh,D15,Điểm thi THPT,2023,15.0,Ngôn ngữ Anh
93784,HPU,ngon-ngu-anh,D66,Điểm thi THPT,2023,15.0,Ngôn ngữ Anh
93785,HPU,ngon-ngu-anh,D01,Điểm học bạ,2024,15.0,Ngôn ngữ Anh
93786,HPU,ngon-ngu-anh,D14,Điểm học bạ,2024,15.0,Ngôn ngữ Anh
93787,HPU,ngon-ngu-anh,D15,Điểm học bạ,2024,15.0,Ngôn ngữ Anh
93788,HPU,ngon-ngu-anh,D66,Điểm học bạ,2024,15.0,Ngôn ngữ Anh
93789,HPU,ngon-ngu-anh,D01,Điểm thi THPT,2024,15.0,Ngôn ngữ Anh
93790,HPU,ngon-ngu-anh,D14,Điểm thi THPT,2024,15.0,Ngôn ngữ Anh
93791,HPU,ngon-ngu-anh,D15,Điểm thi THPT,2024,15.0,Ngôn ngữ Anh
93792,HPU,ngon-ngu-anh,D66,Điểm thi THPT,2024,15.0,Ngôn ngữ Anh
93793,HPU,ngon-ngu-anh,A01,Điểm học bạ,2025,18.0,Ngôn ngữ Anh
93794,HPU,ngon-ngu-anh,B08,Điểm học bạ,2025,18.0,Ngôn ngữ Anh
93795,HPU,ngon-ngu-anh,D01,Điểm học bạ,2025,18.0,Ngôn ngữ Anh
93796,HPU,ngon-ngu-anh,D04,Điểm học bạ,2025,18.0,Ngôn ngữ Anh
93797,HPU,ngon-ngu-anh,D06,Điểm học bạ,2025,18.0,Ngôn ngữ Anh
93798,HPU,ngon-ngu-anh,D07,Điểm học bạ,2025,18.0,Ngôn ngữ Anh
93799,HPU,ngon-ngu-anh,D08,Điểm học bạ,2025,18.0,Ngôn ngữ Anh
93800,HPU,ngon-ngu-anh,D09,Điểm học bạ,2025,18.0,Ngôn ngữ Anh
93801,HPU,ngon-ngu-anh,D10,Điểm học bạ,2025,18.0,Ngôn ngữ Anh
93802,HPU,ngon-ngu-anh,D11,Điểm học bạ,2025,18.0,Ngôn ngữ Anh
93803,HPU,ngon-ngu-anh,D12,Điểm học bạ,2025,18.0,Ngôn ngữ Anh
93804,HPU,ngon-ngu-anh,D13,Điểm học bạ,2025,18.0,Ngôn ngữ Anh
93805,HPU,ngon-ngu-anh,D14,Điểm học bạ,2025,18.0,Ngôn ngữ Anh
93806,HPU,ngon-ngu-anh,D15,Điểm học bạ,2025,18.0,Ngôn ngữ Anh
93807,HPU,ngon-ngu-anh,D18,Điểm học bạ,2025,18.0,Ngôn ngữ Anh
93808,HPU,ngon-ngu-anh,D20,Điểm học bạ,2025,18.0,Ngôn ngữ Anh
93809,HPU,ngon-ngu-anh,D23,Điểm học bạ,2025,18.0,Ngôn ngữ Anh
93810,HPU,ngon-ngu-anh,D25,Điểm học bạ,2025,18.0,Ngôn ngữ Anh
93811,HPU,ngon-ngu-anh,D28,Điểm học bạ,2025,18.0,Ngôn ngữ Anh
93812,HPU,ngon-ngu-anh,D30,Điểm học bạ,2025,18.0,Ngôn ngữ Anh
93813,HPU,ngon-ngu-anh,D33,Điểm học bạ,2025,18.0,Ngôn ngữ Anh
93814,HPU,ngon-ngu-anh,D35,Điểm học bạ,2025,18.0,Ngôn ngữ Anh
93815,HPU,ngon-ngu-anh,D38,Điểm học bạ,2025,18.0,Ngôn ngữ Anh
93816,HPU,ngon-ngu-anh,D40,Điểm học bạ,2025,18.0,Ngôn ngữ Anh
93817,HPU,ngon-ngu-anh,D43,Điểm học bạ,2025,18.0,Ngôn ngữ Anh
93818,HPU,ngon-ngu-anh,D45,Điểm học bạ,2025,18.0,Ngôn ngữ Anh
93819,HPU,ngon-ngu-anh,D48,Điểm học bạ,2025,18.0,Ngôn ngữ Anh
93820,HPU,ngon-ngu-anh,D50,Điểm học bạ,2025,18.0,Ngôn ngữ Anh
93821,HPU,ngon-ngu-anh,D53,Điểm học bạ,2025,18.0,Ngôn ngữ Anh
93822,HPU,ngon-ngu-anh,D55,Điểm học bạ,2025,18.0,Ngôn ngữ Anh
93823,HPU,ngon-ngu-anh,D58,Điểm học bạ,2025,18.0,Ngôn ngữ Anh
93824,HPU,ngon-ngu-anh,D60,Điểm học bạ,2025,18.0,Ngôn ngữ Anh
93825,HPU,ngon-ngu-anh,D63,Điểm học bạ,2025,18.0,Ngôn ngữ Anh
93826,HPU,ngon-ngu-anh,D65,Điểm học bạ,2025,18.0,Ngôn ngữ Anh
93827,HPU,ngon-ngu-anh,D66,Điểm học bạ,2025,18.0,Ngôn ngữ Anh
93828,HPU,ngon-ngu-anh,D69,Điểm học bạ,2025,18.0,Ngôn ngữ Anh
93829,HPU,ngon-ngu-anh,D71,Điểm học bạ,2025,18.0,Ngôn ngữ Anh
93830,HPU,ngon-ngu-anh,D72,Điểm học bạ,2025,18.0,Ngôn ngữ Anh
93831,HPU,ngon-ngu-anh,D75,Điểm học bạ,2025,18.0,Ngôn ngữ Anh
93832,HPU,ngon-ngu-anh,D77,Điểm học bạ,2025,18.0,Ngôn ngữ Anh
93833,HPU,ngon-ngu-anh,D78,Điểm học bạ,2025,18.0,Ngôn ngữ Anh
93834,HPU,ngon-ngu-anh,D81,Điểm học bạ,2025,18.0,Ngôn ngữ Anh
93835,HPU,ngon-ngu-anh,D83,Điểm học bạ,2025,18.0,Ngôn ngữ Anh
93836,HPU,ngon-ngu-anh,A01,Điểm thi THPT,2025,15.0,Ngôn ngữ Anh
93837,HPU,ngon-ngu-anh,B08,Điểm thi THPT,2025,15.0,Ngôn ngữ Anh
93838,HPU,ngon-ngu-anh,D01,Điểm thi THPT,2025,15.0,Ngôn ngữ Anh
93839,HPU,ngon-ngu-anh,D04,Điểm thi THPT,2025,15.0,Ngôn ngữ Anh
93840,HPU,ngon-ngu-anh,D06,Điểm thi THPT,2025,15.0,Ngôn ngữ Anh
93841,HPU,ngon-ngu-anh,D07,Điểm thi THPT,2025,15.0,Ngôn ngữ Anh
93842,HPU,ngon-ngu-anh,D08,Điểm thi THPT,2025,15.0,Ngôn ngữ Anh
93843,HPU,ngon-ngu-anh,D09,Điểm thi THPT,2025,15.0,Ngôn ngữ Anh
93844,HPU,ngon-ngu-anh,D10,Điểm thi THPT,2025,15.0,Ngôn ngữ Anh
93845,HPU,ngon-ngu-anh,D11,Điểm thi THPT,2025,15.0,Ngôn ngữ Anh
93846,HPU,ngon-ngu-anh,D12,Điểm thi THPT,2025,15.0,Ngôn ngữ Anh
93847,HPU,ngon-ngu-anh,D13,Điểm thi THPT,2025,15.0,Ngôn ngữ Anh
93848,HPU,ngon-ngu-anh,D14,Điểm thi THPT,2025,15.0,Ngôn ngữ Anh
93849,HPU,ngon-ngu-anh,D15,Điểm thi THPT,2025,15.0,Ngôn ngữ Anh
93850,HPU,ngon-ngu-anh,D18,Điểm thi THPT,2025,15.0,Ngôn ngữ Anh
93851,HPU,ngon-ngu-anh,D20,Điểm thi THPT,2025,15.0,Ngôn ngữ Anh
93852,HPU,ngon-ngu-anh,D23,Điểm thi THPT,2025,15.0,Ngôn ngữ Anh
93853,HPU,ngon-ngu-anh,D25,Điểm thi THPT,2025,15.0,Ngôn ngữ Anh
93854,HPU,ngon-ngu-anh,D28,Điểm thi THPT,2025,15.0,Ngôn ngữ Anh
93855,HPU,ngon-ngu-anh,D30,Điểm thi THPT,2025,15.0,Ngôn ngữ Anh
93856,HPU,ngon-ngu-anh,D33,Điểm thi THPT,2025,15.0,Ngôn ngữ Anh
93857,HPU,ngon-ngu-anh,D35,Điểm thi THPT,2025,15.0,Ngôn ngữ Anh
93858,HPU,ngon-ngu-anh,D38,Điểm thi THPT,2025,15.0,Ngôn ngữ Anh
93859,HPU,ngon-ngu-anh,D40,Điểm thi THPT,2025,15.0,Ngôn ngữ Anh
93860,HPU,ngon-ngu-anh,D43,Điểm thi THPT,2025,15.0,Ngôn ngữ Anh
93861,HPU,ngon-ngu-anh,D45,Điểm thi THPT,2025,15.0,Ngôn ngữ Anh
93862,HPU,ngon-ngu-anh,D48,Điểm thi THPT,2025,15.0,Ngôn ngữ Anh
93863,HPU,ngon-ngu-anh,D50,Điểm thi THPT,2025,15.0,Ngôn ngữ Anh
93864,HPU,ngon-ngu-anh,D53,Điểm thi THPT,2025,15.0,Ngôn ngữ Anh
93865,HPU,ngon-ngu-anh,D55,Điểm thi THPT,2025,15.0,Ngôn ngữ Anh
93866,HPU,ngon-ngu-anh,D58,Điểm thi THPT,2025,15.0,Ngôn ngữ Anh
93867,HPU,ngon-ngu-anh,D60,Điểm thi THPT,2025,15.0,Ngôn ngữ Anh
93868,HPU,ngon-ngu-anh,D63,Điểm thi THPT,2025,15.0,Ngôn ngữ Anh
93869,HPU,ngon-ngu-anh,D65,Điểm thi THPT,2025,15.0,Ngôn ngữ Anh
93870,HPU,ngon-ngu-anh,D66,Điểm thi THPT,2025,15.0,Ngôn ngữ Anh
93871,HPU,ngon-ngu-anh,D69,Điểm thi THPT,2025,15.0,Ngôn ngữ Anh
93872,HPU,ngon-ngu-anh,D71,Điểm thi THPT,2025,15.0,Ngôn ngữ Anh
93873,HPU,ngon-ngu-anh,D72,Điểm thi THPT,2025,15.0,Ngôn ngữ Anh
93874,HPU,ngon-ngu-anh,D75,Điểm thi THPT,2025,15.0,Ngôn ngữ Anh
93875,HPU,ngon-ngu-anh,D77,Điểm thi THPT,2025,15.0,Ngôn ngữ Anh
93876,HPU,ngon-ngu-anh,D78,Điểm thi THPT,2025,15.0,Ngôn ngữ Anh
93877,HPU,ngon-ngu-anh,D81,Điểm thi THPT,2025,15.0,Ngôn ngữ Anh
93878,HPU,ngon-ngu-anh,D83,Điểm thi THPT,2025,15.0,Ngôn ngữ Anh
93879,HPU,quan-tri-kinh-doanh,A01,Điểm thi THPT,2021,15.0,Quản trị kinh doanh
93880,HPU,quan-tri-kinh-doanh,A10,Điểm thi THPT,2021,15.0,Quản trị kinh doanh
93881,HPU,quan-tri-kinh-doanh,C14,Điểm thi THPT,2021,15.0,Quản trị kinh doanh
93882,HPU,quan-tri-kinh-doanh,D01,Điểm thi THPT,2021,15.0,Quản trị kinh doanh
93883,HPU,quan-tri-kinh-doanh,A01,Điểm học bạ,2022,15.0,Quản trị kinh doanh
93884,HPU,quan-tri-kinh-doanh,A10,Điểm học bạ,2022,15.0,Quản trị kinh doanh
93885,HPU,quan-tri-kinh-doanh,C14,Điểm học bạ,2022,15.0,Quản trị kinh doanh
93886,HPU,quan-tri-kinh-doanh,D01,Điểm học bạ,2022,15.0,Quản trị kinh doanh
93887,HPU,quan-tri-kinh-doanh,A01,Điểm thi THPT,2022,15.0,Quản trị kinh doanh
93888,HPU,quan-tri-kinh-doanh,A10,Điểm thi THPT,2022,15.0,Quản trị kinh doanh
93889,HPU,quan-tri-kinh-doanh,C14,Điểm thi THPT,2022,15.0,Quản trị kinh doanh
93890,HPU,quan-tri-kinh-doanh,D01,Điểm thi THPT,2022,15.0,Quản trị kinh doanh
93891,HPU,quan-tri-kinh-doanh,A00,Điểm học bạ,2023,15.0,Quản trị kinh doanh
93892,HPU,quan-tri-kinh-doanh,A01,Điểm học bạ,2023,15.0,Quản trị kinh doanh
93893,HPU,quan-tri-kinh-doanh,C14,Điểm học bạ,2023,15.0,Quản trị kinh doanh
93894,HPU,quan-tri-kinh-doanh,D01,Điểm học bạ,2023,15.0,Quản trị kinh doanh
93895,HPU,quan-tri-kinh-doanh,A00,Điểm thi THPT,2023,15.0,Quản trị kinh doanh
93896,HPU,quan-tri-kinh-doanh,A01,Điểm thi THPT,2023,15.0,Quản trị kinh doanh
93897,HPU,quan-tri-kinh-doanh,C14,Điểm thi THPT,2023,15.0,Quản trị kinh doanh
93898,HPU,quan-tri-kinh-doanh,D01,Điểm thi THPT,2023,15.0,Quản trị kinh doanh
93899,HPU,quan-tri-kinh-doanh,A00,Điểm học bạ,2024,15.0,Quản trị kinh doanh
93900,HPU,quan-tri-kinh-doanh,A01,Điểm học bạ,2024,15.0,Quản trị kinh doanh
93901,HPU,quan-tri-kinh-doanh,C14,Điểm học bạ,2024,15.0,Quản trị kinh doanh
93902,HPU,quan-tri-kinh-doanh,D01,Điểm học bạ,2024,15.0,Quản trị kinh doanh
93903,HPU,quan-tri-kinh-doanh,A00,Điểm thi THPT,2024,15.0,Quản trị kinh doanh
93904,HPU,quan-tri-kinh-doanh,A01,Điểm thi THPT,2024,15.0,Quản trị kinh doanh
93905,HPU,quan-tri-kinh-doanh,C14,Điểm thi THPT,2024,15.0,Quản trị kinh doanh
93906,HPU,quan-tri-kinh-doanh,D01,Điểm thi THPT,2024,15.0,Quản trị kinh doanh
93907,HPU,quan-tri-kinh-doanh,A00,Điểm học bạ,2025,18.0,Quản trị kinh doanh
93908,HPU,quan-tri-kinh-doanh,A01,Điểm học bạ,2025,18.0,Quản trị kinh doanh
93909,HPU,quan-tri-kinh-doanh,A02,Điểm học bạ,2025,18.0,Quản trị kinh doanh
93910,HPU,quan-tri-kinh-doanh,A03,Điểm học bạ,2025,18.0,Quản trị kinh doanh
93911,HPU,quan-tri-kinh-doanh,A04,Điểm học bạ,2025,18.0,Quản trị kinh doanh
93912,HPU,quan-tri-kinh-doanh,A05,Điểm học bạ,2025,18.0,Quản trị kinh doanh
93913,HPU,quan-tri-kinh-doanh,A06,Điểm học bạ,2025,18.0,Quản trị kinh doanh
93914,HPU,quan-tri-kinh-doanh,A07,Điểm học bạ,2025,18.0,Quản trị kinh doanh
93915,HPU,quan-tri-kinh-doanh,A08,Điểm học bạ,2025,18.0,Quản trị kinh doanh
93916,HPU,quan-tri-kinh-doanh,A09,Điểm học bạ,2025,18.0,Quản trị kinh doanh
93917,HPU,quan-tri-kinh-doanh,A10,Điểm học bạ,2025,18.0,Quản trị kinh doanh
93918,HPU,quan-tri-kinh-doanh,A11,Điểm học bạ,2025,18.0,Quản trị kinh doanh
93919,HPU,quan-tri-kinh-doanh,A12,Điểm học bạ,2025,18.0,Quản trị kinh doanh
93920,HPU,quan-tri-kinh-doanh,A13,Điểm học bạ,2025,18.0,Quản trị kinh doanh
93921,HPU,quan-tri-kinh-doanh,A14,Điểm học bạ,2025,18.0,Quản trị kinh doanh
93922,HPU,quan-tri-kinh-doanh,A15,Điểm học bạ,2025,18.0,Quản trị kinh doanh
93923,HPU,quan-tri-kinh-doanh,A16,Điểm học bạ,2025,18.0,Quản trị kinh doanh
93924,HPU,quan-tri-kinh-doanh,A17,Điểm học bạ,2025,18.0,Quản trị kinh doanh
93925,HPU,quan-tri-kinh-doanh,A18,Điểm học bạ,2025,18.0,Quản trị kinh doanh
93926,HPU,quan-tri-kinh-doanh,B00,Điểm học bạ,2025,18.0,Quản trị kinh doanh
93927,HPU,quan-tri-kinh-doanh,B01,Điểm học bạ,2025,18.0,Quản trị kinh doanh
93928,HPU,quan-tri-kinh-doanh,B02,Điểm học bạ,2025,18.0,Quản trị kinh doanh
93929,HPU,quan-tri-kinh-doanh,B03,Điểm học bạ,2025,18.0,Quản trị kinh doanh
93930,HPU,quan-tri-kinh-doanh,B04,Điểm học bạ,2025,18.0,Quản trị kinh doanh
93931,HPU,quan-tri-kinh-doanh,B05,Điểm học bạ,2025,18.0,Quản trị kinh doanh
93932,HPU,quan-tri-kinh-doanh,B08,Điểm học bạ,2025,18.0,Quản trị kinh doanh
93933,HPU,quan-tri-kinh-doanh,C01,Điểm học bạ,2025,18.0,Quản trị kinh doanh
93934,HPU,quan-tri-kinh-doanh,C02,Điểm học bạ,2025,18.0,Quản trị kinh doanh
93935,HPU,quan-tri-kinh-doanh,C03,Điểm học bạ,2025,18.0,Quản trị kinh doanh
93936,HPU,quan-tri-kinh-doanh,C04,Điểm học bạ,2025,18.0,Quản trị kinh doanh
93937,HPU,quan-tri-kinh-doanh,C14,Điểm học bạ,2025,18.0,Quản trị kinh doanh
93938,HPU,quan-tri-kinh-doanh,C15,Điểm học bạ,2025,18.0,Quản trị kinh doanh
93939,HPU,quan-tri-kinh-doanh,D01,Điểm học bạ,2025,18.0,Quản trị kinh doanh
93940,HPU,quan-tri-kinh-doanh,D04,Điểm học bạ,2025,18.0,Quản trị kinh doanh
93941,HPU,quan-tri-kinh-doanh,D06,Điểm học bạ,2025,18.0,Quản trị kinh doanh
93942,HPU,quan-tri-kinh-doanh,D07,Điểm học bạ,2025,18.0,Quản trị kinh doanh
93943,HPU,quan-tri-kinh-doanh,D08,Điểm học bạ,2025,18.0,Quản trị kinh doanh
93944,HPU,quan-tri-kinh-doanh,D09,Điểm học bạ,2025,18.0,Quản trị kinh doanh
93945,HPU,quan-tri-kinh-doanh,D10,Điểm học bạ,2025,18.0,Quản trị kinh doanh
93946,HPU,quan-tri-kinh-doanh,D18,Điểm học bạ,2025,18.0,Quản trị kinh doanh
93947,HPU,quan-tri-kinh-doanh,D20,Điểm học bạ,2025,18.0,Quản trị kinh doanh
93948,HPU,quan-tri-kinh-doanh,D23,Điểm học bạ,2025,18.0,Quản trị kinh doanh
93949,HPU,quan-tri-kinh-doanh,D25,Điểm học bạ,2025,18.0,Quản trị kinh doanh
93950,HPU,quan-tri-kinh-doanh,A00,Điểm thi THPT,2025,15.0,Quản trị kinh doanh
93951,HPU,quan-tri-kinh-doanh,A01,Điểm thi THPT,2025,15.0,Quản trị kinh doanh
93952,HPU,quan-tri-kinh-doanh,A02,Điểm thi THPT,2025,15.0,Quản trị kinh doanh
93953,HPU,quan-tri-kinh-doanh,A03,Điểm thi THPT,2025,15.0,Quản trị kinh doanh
93954,HPU,quan-tri-kinh-doanh,A04,Điểm thi THPT,2025,15.0,Quản trị kinh doanh
93955,HPU,quan-tri-kinh-doanh,A05,Điểm thi THPT,2025,15.0,Quản trị kinh doanh
93956,HPU,quan-tri-kinh-doanh,A06,Điểm thi THPT,2025,15.0,Quản trị kinh doanh
93957,HPU,quan-tri-kinh-doanh,A07,Điểm thi THPT,2025,15.0,Quản trị kinh doanh
93958,HPU,quan-tri-kinh-doanh,A08,Điểm thi THPT,2025,15.0,Quản trị kinh doanh
93959,HPU,quan-tri-kinh-doanh,A09,Điểm thi THPT,2025,15.0,Quản trị kinh doanh
93960,HPU,quan-tri-kinh-doanh,A10,Điểm thi THPT,2025,15.0,Quản trị kinh doanh
93961,HPU,quan-tri-kinh-doanh,A11,Điểm thi THPT,2025,15.0,Quản trị kinh doanh
93962,HPU,quan-tri-kinh-doanh,A12,Điểm thi THPT,2025,15.0,Quản trị kinh doanh
93963,HPU,quan-tri-kinh-doanh,A13,Điểm thi THPT,2025,15.0,Quản trị kinh doanh
93964,HPU,quan-tri-kinh-doanh,A14,Điểm thi THPT,2025,15.0,Quản trị kinh doanh
93965,HPU,quan-tri-kinh-doanh,A15,Điểm thi THPT,2025,15.0,Quản trị kinh doanh
93966,HPU,quan-tri-kinh-doanh,A16,Điểm thi THPT,2025,15.0,Quản trị kinh doanh
93967,HPU,quan-tri-kinh-doanh,A17,Điểm thi THPT,2025,15.0,Quản trị kinh doanh
93968,HPU,quan-tri-kinh-doanh,A18,Điểm thi THPT,2025,15.0,Quản trị kinh doanh
93969,HPU,quan-tri-kinh-doanh,B00,Điểm thi THPT,2025,15.0,Quản trị kinh doanh
93970,HPU,quan-tri-kinh-doanh,B01,Điểm thi THPT,2025,15.0,Quản trị kinh doanh
93971,HPU,quan-tri-kinh-doanh,B02,Điểm thi THPT,2025,15.0,Quản trị kinh doanh
93972,HPU,quan-tri-kinh-doanh,B03,Điểm thi THPT,2025,15.0,Quản trị kinh doanh
93973,HPU,quan-tri-kinh-doanh,B04,Điểm thi THPT,2025,15.0,Quản trị kinh doanh
93974,HPU,quan-tri-kinh-doanh,B05,Điểm thi THPT,2025,15.0,Quản trị kinh doanh
93975,HPU,quan-tri-kinh-doanh,B08,Điểm thi THPT,2025,15.0,Quản trị kinh doanh
93976,HPU,quan-tri-kinh-doanh,C01,Điểm thi THPT,2025,15.0,Quản trị kinh doanh
93977,HPU,quan-tri-kinh-doanh,C02,Điểm thi THPT,2025,15.0,Quản trị kinh doanh
93978,HPU,quan-tri-kinh-doanh,C03,Điểm thi THPT,2025,15.0,Quản trị kinh doanh
93979,HPU,quan-tri-kinh-doanh,C04,Điểm thi THPT,2025,15.0,Quản trị kinh doanh
93980,HPU,quan-tri-kinh-doanh,C14,Điểm thi THPT,2025,15.0,Quản trị kinh doanh
93981,HPU,quan-tri-kinh-doanh,C15,Điểm thi THPT,2025,15.0,Quản trị kinh doanh
93982,HPU,quan-tri-kinh-doanh,D01,Điểm thi THPT,2025,15.0,Quản trị kinh doanh
93983,HPU,quan-tri-kinh-doanh,D04,Điểm thi THPT,2025,15.0,Quản trị kinh doanh
93984,HPU,quan-tri-kinh-doanh,D06,Điểm thi THPT,2025,15.0,Quản trị kinh doanh
93985,HPU,quan-tri-kinh-doanh,D07,Điểm thi THPT,2025,15.0,Quản trị kinh doanh
93986,HPU,quan-tri-kinh-doanh,D08,Điểm thi THPT,2025,15.0,Quản trị kinh doanh
93987,HPU,quan-tri-kinh-doanh,D09,Điểm thi THPT,2025,15.0,Quản trị kinh doanh
93988,HPU,quan-tri-kinh-doanh,D10,Điểm thi THPT,2025,15.0,Quản trị kinh doanh
93989,HPU,quan-tri-kinh-doanh,D18,Điểm thi THPT,2025,15.0,Quản trị kinh doanh
93990,HPU,quan-tri-kinh-doanh,D20,Điểm thi THPT,2025,15.0,Quản trị kinh doanh
93991,HPU,quan-tri-kinh-doanh,D23,Điểm thi THPT,2025,15.0,Quản trị kinh doanh
93992,HPU,quan-tri-kinh-doanh,D25,Điểm thi THPT,2025,15.0,Quản trị kinh doanh
93993,HPU,viet-nam-hoc,C00,Điểm thi THPT,2021,15.0,Việt Nam học
93994,HPU,viet-nam-hoc,D01,Điểm thi THPT,2021,15.0,Việt Nam học
93995,HPU,viet-nam-hoc,D04,Điểm thi THPT,2021,15.0,Việt Nam học
93996,HPU,viet-nam-hoc,D14,Điểm thi THPT,2021,15.0,Việt Nam học
93997,HPU,viet-nam-hoc,C00,Điểm học bạ,2022,15.0,Việt Nam học
93998,HPU,viet-nam-hoc,D01,Điểm học bạ,2022,15.0,Việt Nam học
93999,HPU,viet-nam-hoc,D14,Điểm học bạ,2022,15.0,Việt Nam học
94000,HPU,viet-nam-hoc,D66,Điểm học bạ,2022,15.0,Việt Nam học
94001,HPU,viet-nam-hoc,C00,Điểm thi THPT,2022,15.0,Việt Nam học
94002,HPU,viet-nam-hoc,D01,Điểm thi THPT,2022,15.0,Việt Nam học
94003,HPU,viet-nam-hoc,D14,Điểm thi THPT,2022,15.0,Việt Nam học
94004,HPU,viet-nam-hoc,D66,Điểm thi THPT,2022,15.0,Việt Nam học
94005,HPU,viet-nam-hoc,C00,Điểm học bạ,2023,15.0,Việt Nam học
94006,HPU,viet-nam-hoc,D01,Điểm học bạ,2023,15.0,Việt Nam học
94007,HPU,viet-nam-hoc,D14,Điểm học bạ,2023,15.0,Việt Nam học
94008,HPU,viet-nam-hoc,D66,Điểm học bạ,2023,15.0,Việt Nam học
94009,HPU,viet-nam-hoc,C00,Điểm thi THPT,2023,15.0,Việt Nam học
94010,HPU,viet-nam-hoc,D01,Điểm thi THPT,2023,15.0,Việt Nam học
94011,HPU,viet-nam-hoc,D14,Điểm thi THPT,2023,15.0,Việt Nam học
94012,HPU,viet-nam-hoc,D66,Điểm thi THPT,2023,15.0,Việt Nam học
94013,HPU,viet-nam-hoc,C00,Điểm học bạ,2024,15.0,Việt Nam học
94014,HPU,viet-nam-hoc,D01,Điểm học bạ,2024,15.0,Việt Nam học
94015,HPU,viet-nam-hoc,D14,Điểm học bạ,2024,15.0,Việt Nam học
94016,HPU,viet-nam-hoc,D66,Điểm học bạ,2024,15.0,Việt Nam học
94017,HPU,viet-nam-hoc,C00,Điểm thi THPT,2024,15.0,Việt Nam học
94018,HPU,viet-nam-hoc,D01,Điểm thi THPT,2024,15.0,Việt Nam học
94019,HPU,viet-nam-hoc,D14,Điểm thi THPT,2024,15.0,Việt Nam học
94020,HPU,viet-nam-hoc,D66,Điểm thi THPT,2024,15.0,Việt Nam học
94021,HPU,viet-nam-hoc,A16,Điểm học bạ,2025,18.0,Việt Nam học
94022,HPU,viet-nam-hoc,B03,Điểm học bạ,2025,18.0,Việt Nam học
94023,HPU,viet-nam-hoc,C00,Điểm học bạ,2025,18.0,Việt Nam học
94024,HPU,viet-nam-hoc,C01,Điểm học bạ,2025,18.0,Việt Nam học
94025,HPU,viet-nam-hoc,C02,Điểm học bạ,2025,18.0,Việt Nam học
94026,HPU,viet-nam-hoc,C03,Điểm học bạ,2025,18.0,Việt Nam học
94027,HPU,viet-nam-hoc,C04,Điểm học bạ,2025,18.0,Việt Nam học
94028,HPU,viet-nam-hoc,C05,Điểm học bạ,2025,18.0,Việt Nam học
94029,HPU,viet-nam-hoc,C06,Điểm học bạ,2025,18.0,Việt Nam học
94030,HPU,viet-nam-hoc,C07,Điểm học bạ,2025,18.0,Việt Nam học
94031,HPU,viet-nam-hoc,C08,Điểm học bạ,2025,18.0,Việt Nam học
94032,HPU,viet-nam-hoc,C09,Điểm học bạ,2025,18.0,Việt Nam học
94033,HPU,viet-nam-hoc,C10,Điểm học bạ,2025,18.0,Việt Nam học
94034,HPU,viet-nam-hoc,C11,Điểm học bạ,2025,18.0,Việt Nam học
94035,HPU,viet-nam-hoc,C12,Điểm học bạ,2025,18.0,Việt Nam học
94036,HPU,viet-nam-hoc,C13,Điểm học bạ,2025,18.0,Việt Nam học
94037,HPU,viet-nam-hoc,C14,Điểm học bạ,2025,18.0,Việt Nam học
94038,HPU,viet-nam-hoc,C15,Điểm học bạ,2025,18.0,Việt Nam học
94039,HPU,viet-nam-hoc,C16,Điểm học bạ,2025,18.0,Việt Nam học
94040,HPU,viet-nam-hoc,C17,Điểm học bạ,2025,18.0,Việt Nam học
94041,HPU,viet-nam-hoc,C18,Điểm học bạ,2025,18.0,Việt Nam học
94042,HPU,viet-nam-hoc,C19,Điểm học bạ,2025,18.0,Việt Nam học
94043,HPU,viet-nam-hoc,C20,Điểm học bạ,2025,18.0,Việt Nam học
94044,HPU,viet-nam-hoc,C21,Điểm học bạ,2025,18.0,Việt Nam học
94045,HPU,viet-nam-hoc,C22,Điểm học bạ,2025,18.0,Việt Nam học
94046,HPU,viet-nam-hoc,C23,Điểm học bạ,2025,18.0,Việt Nam học
94047,HPU,viet-nam-hoc,C24,Điểm học bạ,2025,18.0,Việt Nam học
94048,HPU,viet-nam-hoc,C25,Điểm học bạ,2025,18.0,Việt Nam học
94049,HPU,viet-nam-hoc,C26,Điểm học bạ,2025,18.0,Việt Nam học
94050,HPU,viet-nam-hoc,D01,Điểm học bạ,2025,18.0,Việt Nam học
94051,HPU,viet-nam-hoc,D04,Điểm học bạ,2025,18.0,Việt Nam học
94052,HPU,viet-nam-hoc,D06,Điểm học bạ,2025,18.0,Việt Nam học
94053,HPU,viet-nam-hoc,D11,Điểm học bạ,2025,18.0,Việt Nam học
94054,HPU,viet-nam-hoc,D12,Điểm học bạ,2025,18.0,Việt Nam học
94055,HPU,viet-nam-hoc,D13,Điểm học bạ,2025,18.0,Việt Nam học
94056,HPU,viet-nam-hoc,D14,Điểm học bạ,2025,18.0,Việt Nam học
94057,HPU,viet-nam-hoc,D15,Điểm học bạ,2025,18.0,Việt Nam học
94058,HPU,viet-nam-hoc,D43,Điểm học bạ,2025,18.0,Việt Nam học
94059,HPU,viet-nam-hoc,D45,Điểm học bạ,2025,18.0,Việt Nam học
94060,HPU,viet-nam-hoc,D48,Điểm học bạ,2025,18.0,Việt Nam học
94061,HPU,viet-nam-hoc,D50,Điểm học bạ,2025,18.0,Việt Nam học
94062,HPU,viet-nam-hoc,D53,Điểm học bạ,2025,18.0,Việt Nam học
94063,HPU,viet-nam-hoc,D55,Điểm học bạ,2025,18.0,Việt Nam học
94064,HPU,viet-nam-hoc,D58,Điểm học bạ,2025,18.0,Việt Nam học
94065,HPU,viet-nam-hoc,D60,Điểm học bạ,2025,18.0,Việt Nam học
94066,HPU,viet-nam-hoc,D63,Điểm học bạ,2025,18.0,Việt Nam học
94067,HPU,viet-nam-hoc,D65,Điểm học bạ,2025,18.0,Việt Nam học
94068,HPU,viet-nam-hoc,D66,Điểm học bạ,2025,18.0,Việt Nam học
94069,HPU,viet-nam-hoc,D69,Điểm học bạ,2025,18.0,Việt Nam học
94070,HPU,viet-nam-hoc,D71,Điểm học bạ,2025,18.0,Việt Nam học
94071,HPU,viet-nam-hoc,D72,Điểm học bạ,2025,18.0,Việt Nam học
94072,HPU,viet-nam-hoc,A16,Điểm thi THPT,2025,15.0,Việt Nam học
94073,HPU,viet-nam-hoc,B03,Điểm thi THPT,2025,15.0,Việt Nam học
94074,HPU,viet-nam-hoc,C00,Điểm thi THPT,2025,15.0,Việt Nam học
94075,HPU,viet-nam-hoc,C01,Điểm thi THPT,2025,15.0,Việt Nam học
94076,HPU,viet-nam-hoc,C02,Điểm thi THPT,2025,15.0,Việt Nam học
94077,HPU,viet-nam-hoc,C03,Điểm thi THPT,2025,15.0,Việt Nam học
94078,HPU,viet-nam-hoc,C04,Điểm thi THPT,2025,15.0,Việt Nam học
94079,HPU,viet-nam-hoc,C05,Điểm thi THPT,2025,15.0,Việt Nam học
94080,HPU,viet-nam-hoc,C06,Điểm thi THPT,2025,15.0,Việt Nam học
94081,HPU,viet-nam-hoc,C07,Điểm thi THPT,2025,15.0,Việt Nam học
94082,HPU,viet-nam-hoc,C08,Điểm thi THPT,2025,15.0,Việt Nam học
94083,HPU,viet-nam-hoc,C09,Điểm thi THPT,2025,15.0,Việt Nam học
94084,HPU,viet-nam-hoc,C10,Điểm thi THPT,2025,15.0,Việt Nam học
94085,HPU,viet-nam-hoc,C11,Điểm thi THPT,2025,15.0,Việt Nam học
94086,HPU,viet-nam-hoc,C12,Điểm thi THPT,2025,15.0,Việt Nam học
94087,HPU,viet-nam-hoc,C13,Điểm thi THPT,2025,15.0,Việt Nam học
94088,HPU,viet-nam-hoc,C14,Điểm thi THPT,2025,15.0,Việt Nam học
94089,HPU,viet-nam-hoc,C15,Điểm thi THPT,2025,15.0,Việt Nam học
94090,HPU,viet-nam-hoc,C16,Điểm thi THPT,2025,15.0,Việt Nam học
94091,HPU,viet-nam-hoc,C17,Điểm thi THPT,2025,15.0,Việt Nam học
94092,HPU,viet-nam-hoc,C18,Điểm thi THPT,2025,15.0,Việt Nam học
94093,HPU,viet-nam-hoc,C19,Điểm thi THPT,2025,15.0,Việt Nam học
94094,HPU,viet-nam-hoc,C20,Điểm thi THPT,2025,15.0,Việt Nam học
94095,HPU,viet-nam-hoc,C21,Điểm thi THPT,2025,15.0,Việt Nam học
94096,HPU,viet-nam-hoc,C22,Điểm thi THPT,2025,15.0,Việt Nam học
94097,HPU,viet-nam-hoc,C23,Điểm thi THPT,2025,15.0,Việt Nam học
94098,HPU,viet-nam-hoc,C24,Điểm thi THPT,2025,15.0,Việt Nam học
94099,HPU,viet-nam-hoc,C25,Điểm thi THPT,2025,15.0,Việt Nam học
94100,HPU,viet-nam-hoc,C26,Điểm thi THPT,2025,15.0,Việt Nam học
94101,HPU,viet-nam-hoc,D01,Điểm thi THPT,2025,15.0,Việt Nam học
94102,HPU,viet-nam-hoc,D04,Điểm thi THPT,2025,15.0,Việt Nam học
94103,HPU,viet-nam-hoc,D06,Điểm thi THPT,2025,15.0,Việt Nam học
94104,HPU,viet-nam-hoc,D11,Điểm thi THPT,2025,15.0,Việt Nam học
94105,HPU,viet-nam-hoc,D12,Điểm thi THPT,2025,15.0,Việt Nam học
94106,HPU,viet-nam-hoc,D13,Điểm thi THPT,2025,15.0,Việt Nam học
94107,HPU,viet-nam-hoc,D14,Điểm thi THPT,2025,15.0,Việt Nam học
94108,HPU,viet-nam-hoc,D15,Điểm thi THPT,2025,15.0,Việt Nam học
94109,HPU,viet-nam-hoc,D43,Điểm thi THPT,2025,15.0,Việt Nam học
94110,HPU,viet-nam-hoc,D45,Điểm thi THPT,2025,15.0,Việt Nam học
94111,HPU,viet-nam-hoc,D48,Điểm thi THPT,2025,15.0,Việt Nam học
94112,HPU,viet-nam-hoc,D50,Điểm thi THPT,2025,15.0,Việt Nam học
94113,HPU,viet-nam-hoc,D53,Điểm thi THPT,2025,15.0,Việt Nam học
94114,HPU,viet-nam-hoc,D55,Điểm thi THPT,2025,15.0,Việt Nam học
94115,HPU,viet-nam-hoc,D58,Điểm thi THPT,2025,15.0,Việt Nam học
94116,HPU,viet-nam-hoc,D60,Điểm thi THPT,2025,15.0,Việt Nam học
94117,HPU,viet-nam-hoc,D63,Điểm thi THPT,2025,15.0,Việt Nam học
94118,HPU,viet-nam-hoc,D65,Điểm thi THPT,2025,15.0,Việt Nam học
94119,HPU,viet-nam-hoc,D66,Điểm thi THPT,2025,15.0,Việt Nam học
94120,HPU,viet-nam-hoc,D69,Điểm thi THPT,2025,15.0,Việt Nam học
94121,HPU,viet-nam-hoc,D71,Điểm thi THPT,2025,15.0,Việt Nam học
94122,HPU,viet-nam-hoc,D72,Điểm thi THPT,2025,15.0,Việt Nam học
94123,HQH,chi-huy-tham-muu-hai-quan,A00,Điểm thi THPT,2021,24.4,Chỉ huy tham mưu Hải quân
94124,HQH,chi-huy-tham-muu-hai-quan,A01,Điểm thi THPT,2021,24.4,Chỉ huy tham mưu Hải quân
94125,HQH,chi-huy-tham-muu-hai-quan,A00,Điểm thi THPT,2022,23.75,Chỉ huy tham mưu Hải quân
94126,HQH,chi-huy-tham-muu-hai-quan,A01,Điểm thi THPT,2022,23.75,Chỉ huy tham mưu Hải quân
94127,HQH,chi-huy-tham-muu-hai-quan,A00,Điểm thi THPT,2023,24.1,Ngành Chỉ huy tham mưu Hải quân
94128,HQH,chi-huy-tham-muu-hai-quan,A01,Điểm thi THPT,2023,24.1,Ngành Chỉ huy tham mưu Hải quân
94129,HQH,chi-huy-tham-muu-hai-quan,A00,Điểm học bạ,2024,25.05,Chỉ huy tham mưu Hải quân
94130,HQH,chi-huy-tham-muu-hai-quan,A01,Điểm học bạ,2024,25.05,Chỉ huy tham mưu Hải quân
94131,HQH,chi-huy-tham-muu-hai-quan,A00,Điểm thi THPT,2024,20.6,Chỉ huy tham mưu Hải quân
94132,HQH,chi-huy-tham-muu-hai-quan,A01,Điểm thi THPT,2024,20.6,Chỉ huy tham mưu Hải quân
94133,HQH,chi-huy-tham-muu-hai-quan,A00,Điểm thi THPT,2025,23.96,Chỉ huy tham mưu Hải quân (Thí sinh miền Bắc)
94134,HQH,chi-huy-tham-muu-hai-quan,A01,Điểm thi THPT,2025,23.96,Chỉ huy tham mưu Hải quân (Thí sinh miền Bắc)
94135,HQH,chi-huy-tham-muu-hai-quan,C01,Điểm thi THPT,2025,23.96,Chỉ huy tham mưu Hải quân (Thí sinh miền Bắc)
94136,HQT,han-quoc-hoc,A01,Điểm học bạ,2022,30.73,Hàn Quốc học
94137,HQT,han-quoc-hoc,C00,Điểm học bạ,2022,31.73,Hàn Quốc học
94138,HQT,han-quoc-hoc,D01,Điểm học bạ,2022,30.73,Hàn Quốc học
94139,HQT,han-quoc-hoc,D07,Điểm học bạ,2022,30.73,Hàn Quốc học
94140,HQT,han-quoc-hoc,A01,Điểm thi THPT,2022,28.0,Hàn Quốc học
94141,HQT,han-quoc-hoc,C00,Điểm thi THPT,2022,29.0,Hàn Quốc học
94142,HQT,han-quoc-hoc,D01,Điểm thi THPT,2022,28.0,Hàn Quốc học
94143,HQT,han-quoc-hoc,D07,Điểm thi THPT,2022,28.0,Hàn Quốc học
94144,HQT,han-quoc-hoc,A01,Điểm học bạ,2023,26.6,Hàn Quốc học
94145,HQT,han-quoc-hoc,C00,Điểm học bạ,2023,27.6,Hàn Quốc học
94146,HQT,han-quoc-hoc,D01,Điểm học bạ,2023,26.6,Hàn Quốc học
94147,HQT,han-quoc-hoc,D07,Điểm học bạ,2023,26.6,Hàn Quốc học
94148,HQT,han-quoc-hoc,A01,Điểm thi THPT,2023,26.7,Hàn Quốc học
94149,HQT,han-quoc-hoc,C00,Điểm thi THPT,2023,28.2,Hàn Quốc học
94150,HQT,han-quoc-hoc,D01,Điểm thi THPT,2023,26.7,Hàn Quốc học
94151,HQT,han-quoc-hoc,D07,Điểm thi THPT,2023,26.7,Hàn Quốc học
94152,HQT,han-quoc-hoc,A01,Điểm học bạ,2024,22.12,Hàn Quốc học
94153,HQT,han-quoc-hoc,C00,Điểm học bạ,2024,23.12,Hàn Quốc học
94154,HQT,han-quoc-hoc,D01,Điểm học bạ,2024,22.12,Hàn Quốc học
94155,HQT,han-quoc-hoc,D07,Điểm học bạ,2024,22.12,Hàn Quốc học
94156,HQT,han-quoc-hoc,A01,Điểm thi THPT,2024,26.83,Hàn Quốc học
94157,HQT,han-quoc-hoc,C00,Điểm thi THPT,2024,28.83,Hàn Quốc học
94158,HQT,han-quoc-hoc,D01,Điểm thi THPT,2024,26.83,Hàn Quốc học
94159,HQT,han-quoc-hoc,D07,Điểm thi THPT,2024,26.83,Hàn Quốc học
94160,HQT,han-quoc-hoc,A00,Điểm thi THPT,2025,25.1,Hàn Quốc học
94161,HQT,han-quoc-hoc,A01,Điểm thi THPT,2025,25.1,Hàn Quốc học
94162,HQT,han-quoc-hoc,C00,Điểm thi THPT,2025,25.1,Hàn Quốc học
94163,HQT,han-quoc-hoc,D01,Điểm thi THPT,2025,25.1,Hàn Quốc học
94164,HQT,han-quoc-hoc,D07,Điểm thi THPT,2025,25.1,Hàn Quốc học
94165,HQT,han-quoc-hoc,D09,Điểm thi THPT,2025,25.1,Hàn Quốc học
94166,HQT,han-quoc-hoc,D10,Điểm thi THPT,2025,25.1,Hàn Quốc học
94167,HQT,han-quoc-hoc,D14,Điểm thi THPT,2025,25.1,Hàn Quốc học
94168,HQT,han-quoc-hoc,D15,Điểm thi THPT,2025,25.1,Hàn Quốc học
94169,HQT,hoa-ky-hoc,A01,Điểm học bạ,2022,30.63,Hoa Kỳ học
94170,HQT,hoa-ky-hoc,C00,Điểm học bạ,2022,31.63,Hoa Kỳ học
94171,HQT,hoa-ky-hoc,D01,Điểm học bạ,2022,30.63,Hoa Kỳ học
94172,HQT,hoa-ky-hoc,D07,Điểm học bạ,2022,30.63,Hoa Kỳ học
94173,HQT,hoa-ky-hoc,A01,Điểm thi THPT,2022,26.55,Hoa Kỳ học
94174,HQT,hoa-ky-hoc,C00,Điểm thi THPT,2022,27.55,Hoa Kỳ học
94175,HQT,hoa-ky-hoc,D01,Điểm thi THPT,2022,26.55,Hoa Kỳ học
94176,HQT,hoa-ky-hoc,D07,Điểm thi THPT,2022,26.55,Hoa Kỳ học
94177,HQT,hoa-ky-hoc,A01,Điểm học bạ,2023,26.25,Hoa Kỳ học
94178,HQT,hoa-ky-hoc,C00,Điểm học bạ,2023,27.25,Hoa Kỳ học
94179,HQT,hoa-ky-hoc,D01,Điểm học bạ,2023,26.25,Hoa Kỳ học
94180,HQT,hoa-ky-hoc,D07,Điểm học bạ,2023,26.25,Hoa Kỳ học
94181,HQT,hoa-ky-hoc,A01,Điểm thi THPT,2023,26.4,Hoa Kỳ học
94182,HQT,hoa-ky-hoc,C00,Điểm thi THPT,2023,27.9,Hoa Kỳ học
94183,HQT,hoa-ky-hoc,D01,Điểm thi THPT,2023,26.4,Hoa Kỳ học
94184,HQT,hoa-ky-hoc,D07,Điểm thi THPT,2023,26.4,Hoa Kỳ học
94185,HQT,hoa-ky-hoc,A01,Điểm học bạ,2024,21.93,Hoa Kỳ học
94186,HQT,hoa-ky-hoc,C00,Điểm học bạ,2024,22.93,Hoa Kỳ học
94187,HQT,hoa-ky-hoc,D01,Điểm học bạ,2024,21.93,Hoa Kỳ học
94188,HQT,hoa-ky-hoc,D07,Điểm học bạ,2024,21.93,Hoa Kỳ học
94189,HQT,hoa-ky-hoc,A01,Điểm thi THPT,2024,26.55,Hoa Kỳ học
94190,HQT,hoa-ky-hoc,C00,Điểm thi THPT,2024,28.55,Hoa Kỳ học
94191,HQT,hoa-ky-hoc,D01,Điểm thi THPT,2024,26.55,Hoa Kỳ học
94192,HQT,hoa-ky-hoc,D07,Điểm thi THPT,2024,26.55,Hoa Kỳ học
94193,HQT,hoa-ky-hoc,A00,Điểm thi THPT,2025,24.17,Hoa Kỳ học
94194,HQT,hoa-ky-hoc,A01,Điểm thi THPT,2025,24.17,Hoa Kỳ học
94195,HQT,hoa-ky-hoc,C00,Điểm thi THPT,2025,24.17,Hoa Kỳ học
94196,HQT,hoa-ky-hoc,D01,Điểm thi THPT,2025,24.17,Hoa Kỳ học
94197,HQT,hoa-ky-hoc,D07,Điểm thi THPT,2025,24.17,Hoa Kỳ học
94198,HQT,hoa-ky-hoc,D09,Điểm thi THPT,2025,24.17,Hoa Kỳ học
94199,HQT,hoa-ky-hoc,D10,Điểm thi THPT,2025,24.17,Hoa Kỳ học
94200,HQT,hoa-ky-hoc,D14,Điểm thi THPT,2025,24.17,Hoa Kỳ học
94201,HQT,hoa-ky-hoc,D15,Điểm thi THPT,2025,24.17,Hoa Kỳ học
94202,HQT,kinh-doanh-quoc-te,A00,Điểm thi THPT,2021,27.0,Kinh doanh quốc tế
94203,HQT,kinh-doanh-quoc-te,A01,Điểm thi THPT,2021,27.0,Kinh doanh quốc tế
94204,HQT,kinh-doanh-quoc-te,D01,Điểm thi THPT,2021,27.0,Kinh doanh quốc tế
94205,HQT,kinh-doanh-quoc-te,A00,Điểm học bạ,2022,31.08,Kinh doanh quốc tế
94206,HQT,kinh-doanh-quoc-te,A01,Điểm học bạ,2022,31.08,Kinh doanh quốc tế
94207,HQT,kinh-doanh-quoc-te,D01,Điểm học bạ,2022,31.08,Kinh doanh quốc tế
94208,HQT,kinh-doanh-quoc-te,D03,Điểm học bạ,2022,30.08,Kinh doanh quốc tế
94209,HQT,kinh-doanh-quoc-te,D04,Điểm học bạ,2022,30.08,Kinh doanh quốc tế
94210,HQT,kinh-doanh-quoc-te,D06,Điểm học bạ,2022,31.08,Kinh doanh quốc tế
94211,HQT,kinh-doanh-quoc-te,D07,Điểm học bạ,2022,31.08,Kinh doanh quốc tế
94212,HQT,kinh-doanh-quoc-te,A00,Điểm thi THPT,2022,26.6,Kinh doanh quốc tế
94213,HQT,kinh-doanh-quoc-te,A01,Điểm thi THPT,2022,26.6,Kinh doanh quốc tế
94214,HQT,kinh-doanh-quoc-te,D01,Điểm thi THPT,2022,26.6,Kinh doanh quốc tế
94215,HQT,kinh-doanh-quoc-te,D03,Điểm thi THPT,2022,25.6,Kinh doanh quốc tế
94216,HQT,kinh-doanh-quoc-te,D04,Điểm thi THPT,2022,25.6,Kinh doanh quốc tế
94217,HQT,kinh-doanh-quoc-te,D06,Điểm thi THPT,2022,26.6,Kinh doanh quốc tế
94218,HQT,kinh-doanh-quoc-te,D07,Điểm thi THPT,2022,26.6,Kinh doanh quốc tế
94219,HQT,kinh-doanh-quoc-te,A00,Điểm học bạ,2023,27.13,Kinh doanh quốc tế
94220,HQT,kinh-doanh-quoc-te,A01,Điểm học bạ,2023,28.13,Kinh doanh quốc tế
94221,HQT,kinh-doanh-quoc-te,D01,Điểm học bạ,2023,28.13,Kinh doanh quốc tế
94222,HQT,kinh-doanh-quoc-te,D03,Điểm học bạ,2023,27.13,Kinh doanh quốc tế
94223,HQT,kinh-doanh-quoc-te,D04,Điểm học bạ,2023,27.13,Kinh doanh quốc tế
94224,HQT,kinh-doanh-quoc-te,D06,Điểm học bạ,2023,27.13,Kinh doanh quốc tế
94225,HQT,kinh-doanh-quoc-te,D07,Điểm học bạ,2023,28.13,Kinh doanh quốc tế
94226,HQT,kinh-doanh-quoc-te,A00,Điểm thi THPT,2023,25.8,Kinh doanh quốc tế
94227,HQT,kinh-doanh-quoc-te,A01,Điểm thi THPT,2023,26.8,Kinh doanh quốc tế
94228,HQT,kinh-doanh-quoc-te,D01,Điểm thi THPT,2023,26.8,Kinh doanh quốc tế
94229,HQT,kinh-doanh-quoc-te,D03,Điểm thi THPT,2023,25.8,Kinh doanh quốc tế
94230,HQT,kinh-doanh-quoc-te,D04,Điểm thi THPT,2023,25.8,Kinh doanh quốc tế
94231,HQT,kinh-doanh-quoc-te,D06,Điểm thi THPT,2023,25.8,Kinh doanh quốc tế
94232,HQT,kinh-doanh-quoc-te,D07,Điểm thi THPT,2023,26.8,Kinh doanh quốc tế
94233,HQT,kinh-doanh-quoc-te,A00,Điểm học bạ,2024,22.82,Kinh doanh quốc tế
94234,HQT,kinh-doanh-quoc-te,A01,Điểm học bạ,2024,23.82,Kinh doanh quốc tế
94235,HQT,kinh-doanh-quoc-te,D01,Điểm học bạ,2024,23.82,Kinh doanh quốc tế
94236,HQT,kinh-doanh-quoc-te,D03,Điểm học bạ,2024,22.82,Kinh doanh quốc tế
94237,HQT,kinh-doanh-quoc-te,D04,Điểm học bạ,2024,22.82,Kinh doanh quốc tế
94238,HQT,kinh-doanh-quoc-te,D06,Điểm học bạ,2024,22.82,Kinh doanh quốc tế
94239,HQT,kinh-doanh-quoc-te,D07,Điểm học bạ,2024,23.82,Kinh doanh quốc tế
94240,HQT,kinh-doanh-quoc-te,A00,Điểm thi THPT,2024,25.6,Kinh doanh quốc tế
94241,HQT,kinh-doanh-quoc-te,A01,Điểm thi THPT,2024,26.6,Kinh doanh quốc tế
94242,HQT,kinh-doanh-quoc-te,D01,Điểm thi THPT,2024,26.6,Kinh doanh quốc tế
94243,HQT,kinh-doanh-quoc-te,D03,Điểm thi THPT,2024,25.6,Kinh doanh quốc tế
94244,HQT,kinh-doanh-quoc-te,D04,Điểm thi THPT,2024,25.6,Kinh doanh quốc tế
94245,HQT,kinh-doanh-quoc-te,D06,Điểm thi THPT,2024,25.6,Kinh doanh quốc tế
94246,HQT,kinh-doanh-quoc-te,D07,Điểm thi THPT,2024,26.6,Kinh doanh quốc tế
94247,HQT,kinh-doanh-quoc-te,A00,Điểm thi THPT,2025,24.75,Kinh doanh quốc tế
94248,HQT,kinh-doanh-quoc-te,A01,Điểm thi THPT,2025,24.75,Kinh doanh quốc tế
94249,HQT,kinh-doanh-quoc-te,D01,Điểm thi THPT,2025,24.75,Kinh doanh quốc tế
94250,HQT,kinh-doanh-quoc-te,D03,Điểm thi THPT,2025,24.75,Kinh doanh quốc tế
94251,HQT,kinh-doanh-quoc-te,D04,Điểm thi THPT,2025,24.75,Kinh doanh quốc tế
94252,HQT,kinh-doanh-quoc-te,D06,Điểm thi THPT,2025,24.75,Kinh doanh quốc tế
94253,HQT,kinh-doanh-quoc-te,D07,Điểm thi THPT,2025,24.75,Kinh doanh quốc tế
94254,HQT,kinh-doanh-quoc-te,D09,Điểm thi THPT,2025,24.75,Kinh doanh quốc tế
94255,HQT,kinh-doanh-quoc-te,D10,Điểm thi THPT,2025,24.75,Kinh doanh quốc tế
94256,HQT,kinh-te-quoc-te,A00,Điểm thi THPT,2021,27.4,Kinh tế quốc tế
94257,HQT,kinh-te-quoc-te,A01,Điểm thi THPT,2021,27.4,Kinh tế quốc tế
94258,HQT,kinh-te-quoc-te,D01,Điểm thi THPT,2021,27.4,Kinh tế quốc tế
94259,HQT,kinh-te-quoc-te,A00,Điểm học bạ,2022,31.05,Kinh tế quốc tế
94260,HQT,kinh-te-quoc-te,A01,Điểm học bạ,2022,31.05,Kinh tế quốc tế
94261,HQT,kinh-te-quoc-te,D01,Điểm học bạ,2022,31.05,Kinh tế quốc tế
94262,HQT,kinh-te-quoc-te,D03,Điểm học bạ,2022,30.05,Kinh tế quốc tế
94263,HQT,kinh-te-quoc-te,D04,Điểm học bạ,2022,30.05,Kinh tế quốc tế
94264,HQT,kinh-te-quoc-te,D06,Điểm học bạ,2022,31.05,Kinh tế quốc tế
94265,HQT,kinh-te-quoc-te,D07,Điểm học bạ,2022,31.05,Kinh tế quốc tế
94266,HQT,kinh-te-quoc-te,A00,Điểm thi THPT,2022,26.15,Kinh tế quốc tế
94267,HQT,kinh-te-quoc-te,A01,Điểm thi THPT,2022,26.15,Kinh tế quốc tế
94268,HQT,kinh-te-quoc-te,D01,Điểm thi THPT,2022,26.15,Kinh tế quốc tế
94269,HQT,kinh-te-quoc-te,D03,Điểm thi THPT,2022,25.15,Kinh tế quốc tế
94270,HQT,kinh-te-quoc-te,D04,Điểm thi THPT,2022,25.15,Kinh tế quốc tế
94271,HQT,kinh-te-quoc-te,D06,Điểm thi THPT,2022,26.15,Kinh tế quốc tế
94272,HQT,kinh-te-quoc-te,D07,Điểm thi THPT,2022,26.15,Kinh tế quốc tế
94273,HQT,kinh-te-quoc-te,A00,Điểm học bạ,2023,26.87,Kinh tế quốc tế
94274,HQT,kinh-te-quoc-te,A01,Điểm học bạ,2023,27.87,Kinh tế quốc tế
94275,HQT,kinh-te-quoc-te,D01,Điểm học bạ,2023,27.87,Kinh tế quốc tế
94276,HQT,kinh-te-quoc-te,D03,Điểm học bạ,2023,26.87,Kinh tế quốc tế
94277,HQT,kinh-te-quoc-te,D04,Điểm học bạ,2023,26.87,Kinh tế quốc tế
94278,HQT,kinh-te-quoc-te,D06,Điểm học bạ,2023,26.87,Kinh tế quốc tế
94279,HQT,kinh-te-quoc-te,D07,Điểm học bạ,2023,27.87,Kinh tế quốc tế
94280,HQT,kinh-te-quoc-te,A00,Điểm thi THPT,2023,25.76,Kinh tế quốc tế
94281,HQT,kinh-te-quoc-te,A01,Điểm thi THPT,2023,26.76,Kinh tế quốc tế
94282,HQT,kinh-te-quoc-te,D01,Điểm thi THPT,2023,26.76,Kinh tế quốc tế
94283,HQT,kinh-te-quoc-te,D03,Điểm thi THPT,2023,25.76,Kinh tế quốc tế
94284,HQT,kinh-te-quoc-te,D04,Điểm thi THPT,2023,25.76,Kinh tế quốc tế
94285,HQT,kinh-te-quoc-te,D06,Điểm thi THPT,2023,25.76,Kinh tế quốc tế
94286,HQT,kinh-te-quoc-te,D07,Điểm thi THPT,2023,26.76,Kinh tế quốc tế
94287,HQT,kinh-te-quoc-te,A00,Điểm học bạ,2024,22.55,Kinh tế quốc tế
94288,HQT,kinh-te-quoc-te,A01,Điểm học bạ,2024,23.55,Kinh tế quốc tế
94289,HQT,kinh-te-quoc-te,D01,Điểm học bạ,2024,23.55,Kinh tế quốc tế
94290,HQT,kinh-te-quoc-te,D03,Điểm học bạ,2024,22.55,Kinh tế quốc tế
94291,HQT,kinh-te-quoc-te,D04,Điểm học bạ,2024,22.55,Kinh tế quốc tế
94292,HQT,kinh-te-quoc-te,D06,Điểm học bạ,2024,22.55,Kinh tế quốc tế
94293,HQT,kinh-te-quoc-te,D07,Điểm học bạ,2024,23.55,Kinh tế quốc tế
94294,HQT,kinh-te-quoc-te,A00,Điểm thi THPT,2024,25.47,Kinh tế quốc tế
94295,HQT,kinh-te-quoc-te,A01,Điểm thi THPT,2024,26.47,Kinh tế quốc tế
94296,HQT,kinh-te-quoc-te,D01,Điểm thi THPT,2024,26.47,Kinh tế quốc tế
94297,HQT,kinh-te-quoc-te,D03,Điểm thi THPT,2024,25.47,Kinh tế quốc tế
94298,HQT,kinh-te-quoc-te,D04,Điểm thi THPT,2024,25.47,Kinh tế quốc tế
94299,HQT,kinh-te-quoc-te,D06,Điểm thi THPT,2024,25.47,Kinh tế quốc tế
94300,HQT,kinh-te-quoc-te,D07,Điểm thi THPT,2024,26.47,Kinh tế quốc tế
94301,HQT,kinh-te-quoc-te,A00,Điểm thi THPT,2025,24.45,Kinh tế quốc tế
94302,HQT,kinh-te-quoc-te,A01,Điểm thi THPT,2025,24.45,Kinh tế quốc tế
94303,HQT,kinh-te-quoc-te,D01,Điểm thi THPT,2025,24.45,Kinh tế quốc tế
94304,HQT,kinh-te-quoc-te,D03,Điểm thi THPT,2025,24.45,Kinh tế quốc tế
94305,HQT,kinh-te-quoc-te,D04,Điểm thi THPT,2025,24.45,Kinh tế quốc tế
94306,HQT,kinh-te-quoc-te,D06,Điểm thi THPT,2025,24.45,Kinh tế quốc tế
94307,HQT,kinh-te-quoc-te,D07,Điểm thi THPT,2025,24.45,Kinh tế quốc tế
94308,HQT,kinh-te-quoc-te,D09,Điểm thi THPT,2025,24.45,Kinh tế quốc tế
94309,HQT,kinh-te-quoc-te,D10,Điểm thi THPT,2025,24.45,Kinh tế quốc tế
94310,HQT,luat-quoc-te,A00,Điểm thi THPT,2021,27.3,Luật quốc tế
94311,HQT,luat-quoc-te,A01,Điểm thi THPT,2021,27.3,Luật quốc tế
94312,HQT,luat-quoc-te,C00,Điểm thi THPT,2021,27.3,Luật quốc tế
94313,HQT,luat-quoc-te,D01,Điểm thi THPT,2021,27.3,Luật quốc tế
94314,HQT,luat-quoc-te,A01,Điểm học bạ,2022,30.73,Luật quốc tế
94315,HQT,luat-quoc-te,C00,Điểm học bạ,2022,31.73,Luật quốc tế
94316,HQT,luat-quoc-te,D01,Điểm học bạ,2022,30.73,Luật quốc tế
94317,HQT,luat-quoc-te,D03,Điểm học bạ,2022,29.73,Luật quốc tế
94318,HQT,luat-quoc-te,D04,Điểm học bạ,2022,29.73,Luật quốc tế
94319,HQT,luat-quoc-te,D06,Điểm học bạ,2022,30.73,Luật quốc tế
94320,HQT,luat-quoc-te,D07,Điểm học bạ,2022,30.73,Luật quốc tế
94321,HQT,luat-quoc-te,A01,Điểm thi THPT,2022,26.5,Luật quốc tế
94322,HQT,luat-quoc-te,C00,Điểm thi THPT,2022,27.5,Luật quốc tế
94323,HQT,luat-quoc-te,D01,Điểm thi THPT,2022,26.5,Luật quốc tế
94324,HQT,luat-quoc-te,D03,Điểm thi THPT,2022,25.5,Luật quốc tế
94325,HQT,luat-quoc-te,D04,Điểm thi THPT,2022,25.5,Luật quốc tế
94326,HQT,luat-quoc-te,D06,Điểm thi THPT,2022,26.5,Luật quốc tế
94327,HQT,luat-quoc-te,D07,Điểm thi THPT,2022,26.5,Luật quốc tế
94328,HQT,luat-quoc-te,A01,Điểm học bạ,2023,26.55,Luật quốc tế
94329,HQT,luat-quoc-te,C00,Điểm học bạ,2023,27.55,Luật quốc tế
94330,HQT,luat-quoc-te,D01,Điểm học bạ,2023,26.55,Luật quốc tế
94331,HQT,luat-quoc-te,D03,Điểm học bạ,2023,25.55,Luật quốc tế
94332,HQT,luat-quoc-te,D04,Điểm học bạ,2023,25.55,Luật quốc tế
94333,HQT,luat-quoc-te,D06,Điểm học bạ,2023,25.55,Luật quốc tế
94334,HQT,luat-quoc-te,D07,Điểm học bạ,2023,26.55,Luật quốc tế
94335,HQT,luat-quoc-te,A01,Điểm thi THPT,2023,26.52,Luật quốc tế
94336,HQT,luat-quoc-te,C00,Điểm thi THPT,2023,28.02,Luật quốc tế
94337,HQT,luat-quoc-te,D01,Điểm thi THPT,2023,26.52,Luật quốc tế
94338,HQT,luat-quoc-te,D03,Điểm thi THPT,2023,25.52,Luật quốc tế
94339,HQT,luat-quoc-te,D04,Điểm thi THPT,2023,25.52,Luật quốc tế
94340,HQT,luat-quoc-te,D06,Điểm thi THPT,2023,25.52,Luật quốc tế
94341,HQT,luat-quoc-te,D07,Điểm thi THPT,2023,26.52,Luật quốc tế
94342,HQT,luat-quoc-te,A01,Điểm học bạ,2024,22.36,Luật quốc tế
94343,HQT,luat-quoc-te,C00,Điểm học bạ,2024,23.36,Luật quốc tế
94344,HQT,luat-quoc-te,D01,Điểm học bạ,2024,22.36,Luật quốc tế
94345,HQT,luat-quoc-te,D03,Điểm học bạ,2024,21.36,Luật quốc tế
94346,HQT,luat-quoc-te,D04,Điểm học bạ,2024,21.36,Luật quốc tế
94347,HQT,luat-quoc-te,D06,Điểm học bạ,2024,21.36,Luật quốc tế
94348,HQT,luat-quoc-te,D07,Điểm học bạ,2024,22.36,Luật quốc tế
94349,HQT,luat-quoc-te,A01,Điểm thi THPT,2024,26.55,Luật quốc tế
94350,HQT,luat-quoc-te,C00,Điểm thi THPT,2024,28.55,Luật quốc tế
94351,HQT,luat-quoc-te,D01,Điểm thi THPT,2024,26.55,Luật quốc tế
94352,HQT,luat-quoc-te,D03,Điểm thi THPT,2024,25.55,Luật quốc tế
94353,HQT,luat-quoc-te,D04,Điểm thi THPT,2024,25.55,Luật quốc tế
94354,HQT,luat-quoc-te,D06,Điểm thi THPT,2024,25.55,Luật quốc tế
94355,HQT,luat-quoc-te,D07,Điểm thi THPT,2024,26.55,Luật quốc tế
94356,HQT,luat-quoc-te,A00,Điểm thi THPT,2025,24.95,Luật quốc tế
94357,HQT,luat-quoc-te,A01,Điểm thi THPT,2025,24.95,Luật quốc tế
94358,HQT,luat-quoc-te,C00,Điểm thi THPT,2025,24.95,Luật quốc tế
94359,HQT,luat-quoc-te,D01,Điểm thi THPT,2025,24.95,Luật quốc tế
94360,HQT,luat-quoc-te,D03,Điểm thi THPT,2025,24.95,Luật quốc tế
94361,HQT,luat-quoc-te,D04,Điểm thi THPT,2025,24.95,Luật quốc tế
94362,HQT,luat-quoc-te,D06,Điểm thi THPT,2025,24.95,Luật quốc tế
94363,HQT,luat-quoc-te,D07,Điểm thi THPT,2025,24.95,Luật quốc tế
94364,HQT,luat-quoc-te,D09,Điểm thi THPT,2025,24.95,Luật quốc tế
94365,HQT,luat-quoc-te,D10,Điểm thi THPT,2025,24.95,Luật quốc tế
94366,HQT,luat-quoc-te,D14,Điểm thi THPT,2025,24.95,Luật quốc tế
94367,HQT,luat-quoc-te,D15,Điểm thi THPT,2025,24.95,Luật quốc tế
94368,HQT,luat-thuong-mai-quoc-te,A01,Điểm học bạ,2022,30.83,Luật thương mại quốc tế
94369,HQT,luat-thuong-mai-quoc-te,C00,Điểm học bạ,2022,31.83,Luật thương mại quốc tế
94370,HQT,luat-thuong-mai-quoc-te,D01,Điểm học bạ,2022,30.83,Luật thương mại quốc tế
94371,HQT,luat-thuong-mai-quoc-te,D03,Điểm học bạ,2022,29.83,Luật thương mại quốc tế
94372,HQT,luat-thuong-mai-quoc-te,D04,Điểm học bạ,2022,29.83,Luật thương mại quốc tế
94373,HQT,luat-thuong-mai-quoc-te,D06,Điểm học bạ,2022,30.83,Luật thương mại quốc tế
94374,HQT,luat-thuong-mai-quoc-te,D07,Điểm học bạ,2022,30.83,Luật thương mại quốc tế
94375,HQT,luat-thuong-mai-quoc-te,A01,Điểm thi THPT,2022,26.75,Luật thương mại quốc tế
94376,HQT,luat-thuong-mai-quoc-te,C00,Điểm thi THPT,2022,27.75,Luật thương mại quốc tế
94377,HQT,luat-thuong-mai-quoc-te,D01,Điểm thi THPT,2022,26.75,Luật thương mại quốc tế
94378,HQT,luat-thuong-mai-quoc-te,D03,Điểm thi THPT,2022,25.75,Luật thương mại quốc tế
94379,HQT,luat-thuong-mai-quoc-te,D04,Điểm thi THPT,2022,25.75,Luật thương mại quốc tế
94380,HQT,luat-thuong-mai-quoc-te,D06,Điểm thi THPT,2022,26.75,Luật thương mại quốc tế
94381,HQT,luat-thuong-mai-quoc-te,D07,Điểm thi THPT,2022,26.75,Luật thương mại quốc tế
94382,HQT,luat-thuong-mai-quoc-te,A01,Điểm học bạ,2023,26.75,Luật thương mại quốc tế
94383,HQT,luat-thuong-mai-quoc-te,C00,Điểm học bạ,2023,27.75,Luật thương mại quốc tế
94384,HQT,luat-thuong-mai-quoc-te,D01,Điểm học bạ,2023,26.75,Luật thương mại quốc tế
94385,HQT,luat-thuong-mai-quoc-te,D03,Điểm học bạ,2023,25.75,Luật thương mại quốc tế
94386,HQT,luat-thuong-mai-quoc-te,D04,Điểm học bạ,2023,25.75,Luật thương mại quốc tế
94387,HQT,luat-thuong-mai-quoc-te,D06,Điểm học bạ,2023,25.75,Luật thương mại quốc tế
94388,HQT,luat-thuong-mai-quoc-te,D07,Điểm học bạ,2023,26.75,Luật thương mại quốc tế
94389,HQT,luat-thuong-mai-quoc-te,A01,Điểm thi THPT,2023,26.7,Luật thương mại quốc tế
94390,HQT,luat-thuong-mai-quoc-te,C00,Điểm thi THPT,2023,28.2,Luật thương mại quốc tế
94391,HQT,luat-thuong-mai-quoc-te,D01,Điểm thi THPT,2023,26.7,Luật thương mại quốc tế
94392,HQT,luat-thuong-mai-quoc-te,D03,Điểm thi THPT,2023,25.7,Luật thương mại quốc tế
94393,HQT,luat-thuong-mai-quoc-te,D04,Điểm thi THPT,2023,25.7,Luật thương mại quốc tế
94394,HQT,luat-thuong-mai-quoc-te,D06,Điểm thi THPT,2023,25.7,Luật thương mại quốc tế
94395,HQT,luat-thuong-mai-quoc-te,D07,Điểm thi THPT,2023,26.7,Luật thương mại quốc tế
94396,HQT,luat-thuong-mai-quoc-te,A01,Điểm học bạ,2024,22.31,Luật thương mại quốc tế
94397,HQT,luat-thuong-mai-quoc-te,C00,Điểm học bạ,2024,23.31,Luật thương mại quốc tế
94398,HQT,luat-thuong-mai-quoc-te,D01,Điểm học bạ,2024,22.31,Luật thương mại quốc tế
94399,HQT,luat-thuong-mai-quoc-te,D03,Điểm học bạ,2024,21.31,Luật thương mại quốc tế
94400,HQT,luat-thuong-mai-quoc-te,D04,Điểm học bạ,2024,21.31,Luật thương mại quốc tế
94401,HQT,luat-thuong-mai-quoc-te,D06,Điểm học bạ,2024,21.31,Luật thương mại quốc tế
94402,HQT,luat-thuong-mai-quoc-te,D07,Điểm học bạ,2024,22.31,Luật thương mại quốc tế
94403,HQT,luat-thuong-mai-quoc-te,A01,Điểm thi THPT,2024,26.37,Luật thương mại quốc tế
94404,HQT,luat-thuong-mai-quoc-te,C00,Điểm thi THPT,2024,28.37,Luật thương mại quốc tế
94405,HQT,luat-thuong-mai-quoc-te,D01,Điểm thi THPT,2024,26.37,Luật thương mại quốc tế
94406,HQT,luat-thuong-mai-quoc-te,D03,Điểm thi THPT,2024,25.37,Luật thương mại quốc tế
94407,HQT,luat-thuong-mai-quoc-te,D04,Điểm thi THPT,2024,25.37,Luật thương mại quốc tế
94408,HQT,luat-thuong-mai-quoc-te,D06,Điểm thi THPT,2024,25.37,Luật thương mại quốc tế
94409,HQT,luat-thuong-mai-quoc-te,D07,Điểm thi THPT,2024,26.37,Luật thương mại quốc tế
94410,HQT,luat-thuong-mai-quoc-te,A00,Điểm thi THPT,2025,24.7,Luật thương mại quốc tế
94411,HQT,luat-thuong-mai-quoc-te,A01,Điểm thi THPT,2025,24.7,Luật thương mại quốc tế
94412,HQT,luat-thuong-mai-quoc-te,C00,Điểm thi THPT,2025,24.7,Luật thương mại quốc tế
94413,HQT,luat-thuong-mai-quoc-te,D01,Điểm thi THPT,2025,24.7,Luật thương mại quốc tế
94414,HQT,luat-thuong-mai-quoc-te,D03,Điểm thi THPT,2025,24.7,Luật thương mại quốc tế
94415,HQT,luat-thuong-mai-quoc-te,D04,Điểm thi THPT,2025,24.7,Luật thương mại quốc tế
94416,HQT,luat-thuong-mai-quoc-te,D06,Điểm thi THPT,2025,24.7,Luật thương mại quốc tế
94417,HQT,luat-thuong-mai-quoc-te,D07,Điểm thi THPT,2025,24.7,Luật thương mại quốc tế
94418,HQT,luat-thuong-mai-quoc-te,D09,Điểm thi THPT,2025,24.7,Luật thương mại quốc tế
94419,HQT,luat-thuong-mai-quoc-te,D10,Điểm thi THPT,2025,24.7,Luật thương mại quốc tế
94420,HQT,luat-thuong-mai-quoc-te,D14,Điểm thi THPT,2025,24.7,Luật thương mại quốc tế
94421,HQT,luat-thuong-mai-quoc-te,D15,Điểm thi THPT,2025,24.7,Luật thương mại quốc tế
94422,HQT,ngon-ngu-anh,D01,Điểm thi THPT,2021,36.9,Ngôn ngữ Anh
94423,HQT,ngon-ngu-anh,A01,Điểm học bạ,2023,26.81,Ngôn ngữ Anh
94424,HQT,ngon-ngu-anh,D01,Điểm học bạ,2023,26.81,Ngôn ngữ Anh
94425,HQT,ngon-ngu-anh,D07,Điểm học bạ,2023,26.81,Ngôn ngữ Anh
94426,HQT,ngon-ngu-anh,A01,Điểm thi THPT,2023,35.99,Ngôn ngữ Anh
94427,HQT,ngon-ngu-anh,D01,Điểm thi THPT,2023,35.99,Ngôn ngữ Anh
94428,HQT,ngon-ngu-anh,D07,Điểm thi THPT,2023,35.99,Ngôn ngữ Anh
94429,HQT,ngon-ngu-anh,A01,Điểm học bạ,2024,22.93,Ngôn ngữ Anh
94430,HQT,ngon-ngu-anh,D01,Điểm học bạ,2024,22.93,Ngôn ngữ Anh
94431,HQT,ngon-ngu-anh,D07,Điểm học bạ,2024,22.93,Ngôn ngữ Anh
94432,HQT,ngon-ngu-anh,A01,Điểm thi THPT,2024,35.38,Ngôn ngữ Anh
94433,HQT,ngon-ngu-anh,D01,Điểm thi THPT,2024,35.38,Ngôn ngữ Anh
94434,HQT,ngon-ngu-anh,D07,Điểm thi THPT,2024,35.38,Ngôn ngữ Anh
94435,HQT,ngon-ngu-anh,A01,Điểm thi THPT,2025,25.28,Ngôn ngữ Anh
94436,HQT,ngon-ngu-anh,D01,Điểm thi THPT,2025,25.28,Ngôn ngữ Anh
94437,HQT,ngon-ngu-anh,D07,Điểm thi THPT,2025,25.28,Ngôn ngữ Anh
94438,HQT,ngon-ngu-anh,D09,Điểm thi THPT,2025,25.28,Ngôn ngữ Anh
94439,HQT,ngon-ngu-anh,D10,Điểm thi THPT,2025,25.28,Ngôn ngữ Anh
94440,HQT,ngon-ngu-anh,D14,Điểm thi THPT,2025,25.28,Ngôn ngữ Anh
94441,HQT,ngon-ngu-anh,D15,Điểm thi THPT,2025,25.28,Ngôn ngữ Anh
94442,HQT,nhat-ban-hoc,A01,Điểm học bạ,2022,30.61,Nhật Bản học
94443,HQT,nhat-ban-hoc,C00,Điểm học bạ,2022,31.61,Nhật Bản học
94444,HQT,nhat-ban-hoc,D01,Điểm học bạ,2022,30.61,Nhật Bản học
94445,HQT,nhat-ban-hoc,D06,Điểm học bạ,2022,30.61,Nhật Bản học
94446,HQT,nhat-ban-hoc,D07,Điểm học bạ,2022,30.61,Nhật Bản học
94447,HQT,nhat-ban-hoc,A01,Điểm thi THPT,2022,27.0,Nhật Bản học
94448,HQT,nhat-ban-hoc,C00,Điểm thi THPT,2022,28.0,Nhật Bản học
94449,HQT,nhat-ban-hoc,D01,Điểm thi THPT,2022,27.0,Nhật Bản học
94450,HQT,nhat-ban-hoc,D06,Điểm thi THPT,2022,27.0,Nhật Bản học
94451,HQT,nhat-ban-hoc,D07,Điểm thi THPT,2022,27.0,Nhật Bản học
94452,HQT,nhat-ban-hoc,A01,Điểm học bạ,2023,26.46,Nhật Bản học
94453,HQT,nhat-ban-hoc,C00,Điểm học bạ,2023,27.46,Nhật Bản học
94454,HQT,nhat-ban-hoc,D01,Điểm học bạ,2023,26.46,Nhật Bản học
94455,HQT,nhat-ban-hoc,D06,Điểm học bạ,2023,25.46,Nhật Bản học
94456,HQT,nhat-ban-hoc,D07,Điểm học bạ,2023,26.46,Nhật Bản học
94457,HQT,nhat-ban-hoc,A01,Điểm thi THPT,2023,26.27,Nhật Bản học
94458,HQT,nhat-ban-hoc,C00,Điểm thi THPT,2023,27.77,Nhật Bản học
94459,HQT,nhat-ban-hoc,D01,Điểm thi THPT,2023,26.27,Nhật Bản học
94460,HQT,nhat-ban-hoc,D06,Điểm thi THPT,2023,25.27,Nhật Bản học
94461,HQT,nhat-ban-hoc,D07,Điểm thi THPT,2023,26.27,Nhật Bản học
94462,HQT,nhat-ban-hoc,A01,Điểm học bạ,2024,21.93,Nhật Bản học
94463,HQT,nhat-ban-hoc,C00,Điểm học bạ,2024,22.93,Nhật Bản học
94464,HQT,nhat-ban-hoc,D01,Điểm học bạ,2024,21.93,Nhật Bản học
94465,HQT,nhat-ban-hoc,D06,Điểm học bạ,2024,20.93,Nhật Bản học
94466,HQT,nhat-ban-hoc,D07,Điểm học bạ,2024,21.93,Nhật Bản học
94467,HQT,nhat-ban-hoc,A01,Điểm thi THPT,2024,26.73,Nhật Bản học
94468,HQT,nhat-ban-hoc,C00,Điểm thi THPT,2024,28.73,Nhật Bản học
94469,HQT,nhat-ban-hoc,D01,Điểm thi THPT,2024,26.73,Nhật Bản học
94470,HQT,nhat-ban-hoc,D06,Điểm thi THPT,2024,25.73,Nhật Bản học
94471,HQT,nhat-ban-hoc,D07,Điểm thi THPT,2024,26.73,Nhật Bản học
94472,HQT,nhat-ban-hoc,A00,Điểm thi THPT,2025,24.43,Nhật Bản học
94473,HQT,nhat-ban-hoc,A01,Điểm thi THPT,2025,24.43,Nhật Bản học
94474,HQT,nhat-ban-hoc,C00,Điểm thi THPT,2025,24.43,Nhật Bản học
94475,HQT,nhat-ban-hoc,D01,Điểm thi THPT,2025,24.43,Nhật Bản học
94476,HQT,nhat-ban-hoc,D06,Điểm thi THPT,2025,24.43,Nhật Bản học
94477,HQT,nhat-ban-hoc,D07,Điểm thi THPT,2025,24.43,Nhật Bản học
94478,HQT,nhat-ban-hoc,D09,Điểm thi THPT,2025,24.43,Nhật Bản học
94479,HQT,nhat-ban-hoc,D10,Điểm thi THPT,2025,24.43,Nhật Bản học
94480,HQT,nhat-ban-hoc,D14,Điểm thi THPT,2025,24.43,Nhật Bản học
94481,HQT,nhat-ban-hoc,D15,Điểm thi THPT,2025,24.43,Nhật Bản học
94482,HQT,non-ngu-anh,A01,Điểm thi THPT,2022,35.07,Nôn ngữ Anh
94483,HQT,non-ngu-anh,D01,Điểm thi THPT,2022,35.07,Nôn ngữ Anh
94484,HQT,non-ngu-anh,D07,Điểm thi THPT,2022,35.07,Nôn ngữ Anh
94485,HQT,quan-he-quoc-te,A00,Điểm thi THPT,2021,27.6,Quan hệ quốc tế
94486,HQT,quan-he-quoc-te,A01,Điểm thi THPT,2021,27.6,Quan hệ quốc tế
94487,HQT,quan-he-quoc-te,C00,Điểm thi THPT,2021,27.6,Quan hệ quốc tế
94488,HQT,quan-he-quoc-te,D01,Điểm thi THPT,2021,27.6,Quan hệ quốc tế
94489,HQT,quan-he-quoc-te,D03,Điểm thi THPT,2021,27.6,Quan hệ quốc tế
94490,HQT,quan-he-quoc-te,D04,Điểm thi THPT,2021,27.6,Quan hệ quốc tế
94491,HQT,quan-he-quoc-te,A01,Điểm học bạ,2022,30.97,Quan hệ quốc tế
94492,HQT,quan-he-quoc-te,C00,Điểm học bạ,2022,31.97,Quan hệ quốc tế
94493,HQT,quan-he-quoc-te,D01,Điểm học bạ,2022,30.97,Quan hệ quốc tế
94494,HQT,quan-he-quoc-te,D03,Điểm học bạ,2022,29.97,Quan hệ quốc tế
94495,HQT,quan-he-quoc-te,D04,Điểm học bạ,2022,29.97,Quan hệ quốc tế
94496,HQT,quan-he-quoc-te,D06,Điểm học bạ,2022,30.97,Quan hệ quốc tế
94497,HQT,quan-he-quoc-te,D07,Điểm học bạ,2022,30.97,Quan hệ quốc tế
94498,HQT,quan-he-quoc-te,A01,Điểm thi THPT,2022,26.85,Quan hệ quốc tế
94499,HQT,quan-he-quoc-te,C00,Điểm thi THPT,2022,27.85,Quan hệ quốc tế
94500,HQT,quan-he-quoc-te,D01,Điểm thi THPT,2022,26.85,Quan hệ quốc tế
94501,HQT,quan-he-quoc-te,D03,Điểm thi THPT,2022,25.85,Quan hệ quốc tế
94502,HQT,quan-he-quoc-te,D04,Điểm thi THPT,2022,25.85,Quan hệ quốc tế
94503,HQT,quan-he-quoc-te,D06,Điểm thi THPT,2022,26.85,Quan hệ quốc tế
94504,HQT,quan-he-quoc-te,D07,Điểm thi THPT,2022,26.85,Quan hệ quốc tế
94505,HQT,quan-he-quoc-te,A01,Điểm học bạ,2023,28.0,Quan hệ quốc tế
94506,HQT,quan-he-quoc-te,C00,Điểm học bạ,2023,29.0,Quan hệ quốc tế
94507,HQT,quan-he-quoc-te,D01,Điểm học bạ,2023,28.0,Quan hệ quốc tế
94508,HQT,quan-he-quoc-te,D03,Điểm học bạ,2023,27.0,Quan hệ quốc tế
94509,HQT,quan-he-quoc-te,D04,Điểm học bạ,2023,27.0,Quan hệ quốc tế
94510,HQT,quan-he-quoc-te,D06,Điểm học bạ,2023,27.0,Quan hệ quốc tế
94511,HQT,quan-he-quoc-te,D07,Điểm học bạ,2023,28.0,Quan hệ quốc tế
94512,HQT,quan-he-quoc-te,A01,Điểm thi THPT,2023,26.8,Quan hệ quốc tế
94513,HQT,quan-he-quoc-te,C00,Điểm thi THPT,2023,28.3,Quan hệ quốc tế
94514,HQT,quan-he-quoc-te,D01,Điểm thi THPT,2023,26.8,Quan hệ quốc tế
94515,HQT,quan-he-quoc-te,D03,Điểm thi THPT,2023,25.8,Quan hệ quốc tế
94516,HQT,quan-he-quoc-te,D04,Điểm thi THPT,2023,25.8,Quan hệ quốc tế
94517,HQT,quan-he-quoc-te,D06,Điểm thi THPT,2023,25.8,Quan hệ quốc tế
94518,HQT,quan-he-quoc-te,D07,Điểm thi THPT,2023,26.8,Quan hệ quốc tế
94519,HQT,quan-he-quoc-te,A01,Điểm học bạ,2024,23.25,Quan hệ quốc tế
94520,HQT,quan-he-quoc-te,C00,Điểm học bạ,2024,24.25,Quan hệ quốc tế
94521,HQT,quan-he-quoc-te,D01,Điểm học bạ,2024,23.25,Quan hệ quốc tế
94522,HQT,quan-he-quoc-te,D03,Điểm học bạ,2024,22.25,Quan hệ quốc tế
94523,HQT,quan-he-quoc-te,D04,Điểm học bạ,2024,22.25,Quan hệ quốc tế
94524,HQT,quan-he-quoc-te,D06,Điểm học bạ,2024,22.25,Quan hệ quốc tế
94525,HQT,quan-he-quoc-te,D07,Điểm học bạ,2024,23.25,Quan hệ quốc tế
94526,HQT,quan-he-quoc-te,A01,Điểm thi THPT,2024,26.76,Quan hệ quốc tế
94527,HQT,quan-he-quoc-te,C00,Điểm thi THPT,2024,28.76,Quan hệ quốc tế
94528,HQT,quan-he-quoc-te,D01,Điểm thi THPT,2024,26.76,Quan hệ quốc tế
94529,HQT,quan-he-quoc-te,D03,Điểm thi THPT,2024,25.76,Quan hệ quốc tế
94530,HQT,quan-he-quoc-te,D04,Điểm thi THPT,2024,25.76,Quan hệ quốc tế
94531,HQT,quan-he-quoc-te,D06,Điểm thi THPT,2024,25.76,Quan hệ quốc tế
94532,HQT,quan-he-quoc-te,D07,Điểm thi THPT,2024,26.76,Quan hệ quốc tế
94533,HQT,quan-he-quoc-te,A00,Điểm thi THPT,2025,25.95,Quan hệ quốc tế
94534,HQT,quan-he-quoc-te,A01,Điểm thi THPT,2025,25.95,Quan hệ quốc tế
94535,HQT,quan-he-quoc-te,C00,Điểm thi THPT,2025,25.95,Quan hệ quốc tế
94536,HQT,quan-he-quoc-te,D01,Điểm thi THPT,2025,25.95,Quan hệ quốc tế
94537,HQT,quan-he-quoc-te,D03,Điểm thi THPT,2025,25.95,Quan hệ quốc tế
94538,HQT,quan-he-quoc-te,D04,Điểm thi THPT,2025,25.95,Quan hệ quốc tế
94539,HQT,quan-he-quoc-te,D06,Điểm thi THPT,2025,25.95,Quan hệ quốc tế
94540,HQT,quan-he-quoc-te,D07,Điểm thi THPT,2025,25.95,Quan hệ quốc tế
94541,HQT,quan-he-quoc-te,D09,Điểm thi THPT,2025,25.95,Quan hệ quốc tế
94542,HQT,quan-he-quoc-te,D10,Điểm thi THPT,2025,25.95,Quan hệ quốc tế
94543,HQT,quan-he-quoc-te,D14,Điểm thi THPT,2025,25.95,Quan hệ quốc tế
94544,HQT,quan-he-quoc-te,D15,Điểm thi THPT,2025,25.95,Quan hệ quốc tế
94545,HQT,trung-quoc-hoc,A01,Điểm học bạ,2022,30.72,Trung Quốc học
94546,HQT,trung-quoc-hoc,C00,Điểm học bạ,2022,31.72,Trung Quốc học
94547,HQT,trung-quoc-hoc,D01,Điểm học bạ,2022,30.72,Trung Quốc học
94548,HQT,trung-quoc-hoc,D04,Điểm học bạ,2022,29.72,Trung Quốc học
94549,HQT,trung-quoc-hoc,D07,Điểm học bạ,2022,30.72,Trung Quốc học
94550,HQT,trung-quoc-hoc,A01,Điểm thi THPT,2022,28.25,Trung Quốc học
94551,HQT,trung-quoc-hoc,C00,Điểm thi THPT,2022,29.25,Trung Quốc học
94552,HQT,trung-quoc-hoc,D01,Điểm thi THPT,2022,28.25,Trung Quốc học
94553,HQT,trung-quoc-hoc,D04,Điểm thi THPT,2022,27.25,Trung Quốc học
94554,HQT,trung-quoc-hoc,D07,Điểm thi THPT,2022,28.25,Trung Quốc học
94555,HQT,trung-quoc-hoc,A01,Điểm học bạ,2023,27.51,Trung Quốc học
94556,HQT,trung-quoc-hoc,C00,Điểm học bạ,2023,28.51,Trung Quốc học
94557,HQT,trung-quoc-hoc,D01,Điểm học bạ,2023,27.51,Trung Quốc học
94558,HQT,trung-quoc-hoc,D04,Điểm học bạ,2023,26.51,Trung Quốc học
94559,HQT,trung-quoc-hoc,D07,Điểm học bạ,2023,27.51,Trung Quốc học
94560,HQT,trung-quoc-hoc,A01,Điểm thi THPT,2023,26.92,Trung Quốc học
94561,HQT,trung-quoc-hoc,C00,Điểm thi THPT,2023,28.42,Trung Quốc học
94562,HQT,trung-quoc-hoc,D01,Điểm thi THPT,2023,26.92,Trung Quốc học
94563,HQT,trung-quoc-hoc,D04,Điểm thi THPT,2023,25.92,Trung Quốc học
94564,HQT,trung-quoc-hoc,D07,Điểm thi THPT,2023,26.92,Trung Quốc học
94565,HQT,trung-quoc-hoc,A01,Điểm học bạ,2024,22.66,Trung Quốc học
94566,HQT,trung-quoc-hoc,C00,Điểm học bạ,2024,23.66,Trung Quốc học
94567,HQT,trung-quoc-hoc,D01,Điểm học bạ,2024,22.66,Trung Quốc học
94568,HQT,trung-quoc-hoc,D04,Điểm học bạ,2024,21.66,Trung Quốc học
94569,HQT,trung-quoc-hoc,D07,Điểm học bạ,2024,22.66,Trung Quốc học
94570,HQT,trung-quoc-hoc,A01,Điểm thi THPT,2024,27.2,Trung Quốc học
94571,HQT,trung-quoc-hoc,C00,Điểm thi THPT,2024,29.2,Trung Quốc học
94572,HQT,trung-quoc-hoc,D01,Điểm thi THPT,2024,27.2,Trung Quốc học
94573,HQT,trung-quoc-hoc,D04,Điểm thi THPT,2024,26.2,Trung Quốc học
94574,HQT,trung-quoc-hoc,D07,Điểm thi THPT,2024,27.2,Trung Quốc học
94575,HQT,trung-quoc-hoc,A00,Điểm thi THPT,2025,26.09,Trung Quốc học
94576,HQT,trung-quoc-hoc,A01,Điểm thi THPT,2025,26.09,Trung Quốc học
94577,HQT,trung-quoc-hoc,C00,Điểm thi THPT,2025,26.09,Trung Quốc học
94578,HQT,trung-quoc-hoc,D01,Điểm thi THPT,2025,26.09,Trung Quốc học
94579,HQT,trung-quoc-hoc,D04,Điểm thi THPT,2025,26.09,Trung Quốc học
94580,HQT,trung-quoc-hoc,D07,Điểm thi THPT,2025,26.09,Trung Quốc học
94581,HQT,trung-quoc-hoc,D09,Điểm thi THPT,2025,26.09,Trung Quốc học
94582,HQT,trung-quoc-hoc,D10,Điểm thi THPT,2025,26.09,Trung Quốc học
94583,HQT,trung-quoc-hoc,D14,Điểm thi THPT,2025,26.09,Trung Quốc học
94584,HQT,trung-quoc-hoc,D15,Điểm thi THPT,2025,26.09,Trung Quốc học
94585,HQT,truyen-thong-quoc-te,A00,Điểm thi THPT,2021,27.9,Truyền thông quốc tế
94586,HQT,truyen-thong-quoc-te,A01,Điểm thi THPT,2021,27.9,Truyền thông quốc tế
94587,HQT,truyen-thong-quoc-te,C00,Điểm thi THPT,2021,27.9,Truyền thông quốc tế
94588,HQT,truyen-thong-quoc-te,D01,Điểm thi THPT,2021,27.9,Truyền thông quốc tế
94589,HQT,truyen-thong-quoc-te,D03,Điểm thi THPT,2021,27.9,Truyền thông quốc tế
94590,HQT,truyen-thong-quoc-te,D04,Điểm thi THPT,2021,27.9,Truyền thông quốc tế
94591,HQT,truyen-thong-quoc-te,A01,Điểm học bạ,2022,31.18,Truyền thông quốc tế
94592,HQT,truyen-thong-quoc-te,C00,Điểm học bạ,2022,32.18,Truyền thông quốc tế
94593,HQT,truyen-thong-quoc-te,D01,Điểm học bạ,2022,31.18,Truyền thông quốc tế
94594,HQT,truyen-thong-quoc-te,D03,Điểm học bạ,2022,30.18,Truyền thông quốc tế
94595,HQT,truyen-thong-quoc-te,D04,Điểm học bạ,2022,30.18,Truyền thông quốc tế
94596,HQT,truyen-thong-quoc-te,D06,Điểm học bạ,2022,31.18,Truyền thông quốc tế
94597,HQT,truyen-thong-quoc-te,D07,Điểm học bạ,2022,31.18,Truyền thông quốc tế
94598,HQT,truyen-thong-quoc-te,A01,Điểm thi THPT,2022,27.35,Truyền thông quốc tế
94599,HQT,truyen-thong-quoc-te,C00,Điểm thi THPT,2022,28.35,Truyền thông quốc tế
94600,HQT,truyen-thong-quoc-te,D01,Điểm thi THPT,2022,27.35,Truyền thông quốc tế
94601,HQT,truyen-thong-quoc-te,D03,Điểm thi THPT,2022,26.35,Truyền thông quốc tế
94602,HQT,truyen-thong-quoc-te,D04,Điểm thi THPT,2022,26.35,Truyền thông quốc tế
94603,HQT,truyen-thong-quoc-te,D06,Điểm thi THPT,2022,27.35,Truyền thông quốc tế
94604,HQT,truyen-thong-quoc-te,D07,Điểm thi THPT,2022,27.35,Truyền thông quốc tế
94605,HQT,truyen-thong-quoc-te,A01,Điểm học bạ,2023,29.0,Truyền thông quốc tế
94606,HQT,truyen-thong-quoc-te,C00,Điểm học bạ,2023,30.0,Truyền thông quốc tế
94607,HQT,truyen-thong-quoc-te,D01,Điểm học bạ,2023,29.0,Truyền thông quốc tế
94608,HQT,truyen-thong-quoc-te,D03,Điểm học bạ,2023,28.0,Truyền thông quốc tế
94609,HQT,truyen-thong-quoc-te,D04,Điểm học bạ,2023,28.0,Truyền thông quốc tế
94610,HQT,truyen-thong-quoc-te,D06,Điểm học bạ,2023,28.0,Truyền thông quốc tế
94611,HQT,truyen-thong-quoc-te,D07,Điểm học bạ,2023,29.0,Truyền thông quốc tế
94612,HQT,truyen-thong-quoc-te,A01,Điểm thi THPT,2023,26.96,Truyền thông quốc tế
94613,HQT,truyen-thong-quoc-te,C00,Điểm thi THPT,2023,28.46,Truyền thông quốc tế
94614,HQT,truyen-thong-quoc-te,D01,Điểm thi THPT,2023,26.96,Truyền thông quốc tế
94615,HQT,truyen-thong-quoc-te,D03,Điểm thi THPT,2023,25.96,Truyền thông quốc tế
94616,HQT,truyen-thong-quoc-te,D04,Điểm thi THPT,2023,25.96,Truyền thông quốc tế
94617,HQT,truyen-thong-quoc-te,D06,Điểm thi THPT,2023,25.96,Truyền thông quốc tế
94618,HQT,truyen-thong-quoc-te,D07,Điểm thi THPT,2023,26.96,Truyền thông quốc tế
94619,HQT,truyen-thong-quoc-te,A01,Điểm học bạ,2024,23.74,Truyền thông quốc tế
94620,HQT,truyen-thong-quoc-te,C00,Điểm học bạ,2024,24.74,Truyền thông quốc tế
94621,HQT,truyen-thong-quoc-te,D01,Điểm học bạ,2024,23.74,Truyền thông quốc tế
94622,HQT,truyen-thong-quoc-te,D03,Điểm học bạ,2024,22.74,Truyền thông quốc tế
94623,HQT,truyen-thong-quoc-te,D04,Điểm học bạ,2024,22.74,Truyền thông quốc tế
94624,HQT,truyen-thong-quoc-te,D06,Điểm học bạ,2024,22.74,Truyền thông quốc tế
94625,HQT,truyen-thong-quoc-te,D07,Điểm học bạ,2024,23.74,Truyền thông quốc tế
94626,HQT,truyen-thong-quoc-te,A01,Điểm thi THPT,2024,27.05,Truyền thông quốc tế
94627,HQT,truyen-thong-quoc-te,C00,Điểm thi THPT,2024,29.05,Truyền thông quốc tế
94628,HQT,truyen-thong-quoc-te,D01,Điểm thi THPT,2024,27.05,Truyền thông quốc tế
94629,HQT,truyen-thong-quoc-te,D03,Điểm thi THPT,2024,26.05,Truyền thông quốc tế
94630,HQT,truyen-thong-quoc-te,D04,Điểm thi THPT,2024,26.05,Truyền thông quốc tế
94631,HQT,truyen-thong-quoc-te,D06,Điểm thi THPT,2024,26.05,Truyền thông quốc tế
94632,HQT,truyen-thong-quoc-te,D07,Điểm thi THPT,2024,27.05,Truyền thông quốc tế
94633,HQT,truyen-thong-quoc-te,A00,Điểm thi THPT,2025,25.9,Truyền thông quốc tế
94634,HQT,truyen-thong-quoc-te,A01,Điểm thi THPT,2025,25.9,Truyền thông quốc tế
94635,HQT,truyen-thong-quoc-te,C00,Điểm thi THPT,2025,25.9,Truyền thông quốc tế
94636,HQT,truyen-thong-quoc-te,D01,Điểm thi THPT,2025,25.9,Truyền thông quốc tế
94637,HQT,truyen-thong-quoc-te,D03,Điểm thi THPT,2025,25.9,Truyền thông quốc tế
94638,HQT,truyen-thong-quoc-te,D04,Điểm thi THPT,2025,25.9,Truyền thông quốc tế
94639,HQT,truyen-thong-quoc-te,D06,Điểm thi THPT,2025,25.9,Truyền thông quốc tế
94640,HQT,truyen-thong-quoc-te,D07,Điểm thi THPT,2025,25.9,Truyền thông quốc tế
94641,HQT,truyen-thong-quoc-te,D09,Điểm thi THPT,2025,25.9,Truyền thông quốc tế
94642,HQT,truyen-thong-quoc-te,D10,Điểm thi THPT,2025,25.9,Truyền thông quốc tế
94643,HQT,truyen-thong-quoc-te,D14,Điểm thi THPT,2025,25.9,Truyền thông quốc tế
94644,HQT,truyen-thong-quoc-te,D15,Điểm thi THPT,2025,25.9,Truyền thông quốc tế
94645,HSU,bao-hiem,A00,Điểm thi THPT,2021,18.0,Bảo hiểm
94646,HSU,bao-hiem,A01,Điểm thi THPT,2021,18.0,Bảo hiểm
94647,HSU,bao-hiem,D01,Điểm thi THPT,2021,18.0,Bảo hiểm
94648,HSU,bao-hiem,D03,Điểm thi THPT,2021,18.0,Bảo hiểm
94649,HSU,bao-hiem,D09,Điểm thi THPT,2021,18.0,Bảo hiểm
94650,HSU,bat-dong-san,A00,Điểm thi THPT,2021,16.0,Bất động sản
94651,HSU,bat-dong-san,A01,Điểm thi THPT,2021,16.0,Bất động sản
94652,HSU,bat-dong-san,D01,Điểm thi THPT,2021,16.0,Bất động sản
94653,HSU,bat-dong-san,D03,Điểm thi THPT,2021,16.0,Bất động sản
94654,HSU,bat-dong-san,D09,Điểm thi THPT,2021,16.0,Bất động sản
94655,HSU,bat-dong-san,A00,Điểm thi THPT,2022,16.0,Bất động sản
94656,HSU,bat-dong-san,A01,Điểm thi THPT,2022,16.0,Bất động sản
94657,HSU,bat-dong-san,D01,Điểm thi THPT,2022,16.0,Bất động sản
94658,HSU,bat-dong-san,D03,Điểm thi THPT,2022,16.0,Bất động sản
94659,HSU,bat-dong-san,D09,Điểm thi THPT,2022,16.0,Bất động sản
94660,HSU,cong-nghe-tai-chinh,A00,Điểm thi THPT,2022,15.0,Công nghệ tài chính
94661,HSU,cong-nghe-tai-chinh,A01,Điểm thi THPT,2022,15.0,Công nghệ tài chính
94662,HSU,cong-nghe-tai-chinh,D01,Điểm thi THPT,2022,15.0,Công nghệ tài chính
94663,HSU,cong-nghe-tai-chinh,D03,Điểm thi THPT,2022,15.0,Công nghệ tài chính
94664,HSU,cong-nghe-tai-chinh,D09,Điểm thi THPT,2022,15.0,Công nghệ tài chính
94665,HSU,cong-nghe-tai-chinh,A00,Điểm học bạ,2023,6.0,Công nghệ tài chính
94666,HSU,cong-nghe-tai-chinh,A01,Điểm học bạ,2023,6.0,Công nghệ tài chính
94667,HSU,cong-nghe-tai-chinh,D01,Điểm học bạ,2023,6.0,Công nghệ tài chính
94668,HSU,cong-nghe-tai-chinh,D03,Điểm học bạ,2023,6.0,Công nghệ tài chính
94669,HSU,cong-nghe-tai-chinh,D09,Điểm học bạ,2023,6.0,Công nghệ tài chính
94670,HSU,cong-nghe-tai-chinh,A00,Điểm thi THPT,2023,15.0,Công nghệ tài chính
94671,HSU,cong-nghe-tai-chinh,A01,Điểm thi THPT,2023,15.0,Công nghệ tài chính
94672,HSU,cong-nghe-tai-chinh,D01,Điểm thi THPT,2023,15.0,Công nghệ tài chính
94673,HSU,cong-nghe-tai-chinh,D03,Điểm thi THPT,2023,15.0,Công nghệ tài chính
94674,HSU,cong-nghe-tai-chinh,D09,Điểm thi THPT,2023,15.0,Công nghệ tài chính
94675,HSU,cong-nghe-tai-chinh,A00,Điểm học bạ,2024,6.0,Công nghệ tài chính
94676,HSU,cong-nghe-tai-chinh,A01,Điểm học bạ,2024,6.0,Công nghệ tài chính
94677,HSU,cong-nghe-tai-chinh,D01,Điểm học bạ,2024,6.0,Công nghệ tài chính
94678,HSU,cong-nghe-tai-chinh,D03,Điểm học bạ,2024,6.0,Công nghệ tài chính
94679,HSU,cong-nghe-tai-chinh,D09,Điểm học bạ,2024,6.0,Công nghệ tài chính
94680,HSU,cong-nghe-tai-chinh,A00,Điểm thi THPT,2024,16.0,Công nghệ tài chính
94681,HSU,cong-nghe-tai-chinh,A01,Điểm thi THPT,2024,16.0,Công nghệ tài chính
94682,HSU,cong-nghe-tai-chinh,D01,Điểm thi THPT,2024,16.0,Công nghệ tài chính
94683,HSU,cong-nghe-tai-chinh,D03,Điểm thi THPT,2024,16.0,Công nghệ tài chính
94684,HSU,cong-nghe-tai-chinh,D09,Điểm thi THPT,2024,16.0,Công nghệ tài chính
94685,HSU,cong-nghe-tai-chinh,A00,Điểm học bạ,2025,19.45,Công nghệ tài chính
94686,HSU,cong-nghe-tai-chinh,A01,Điểm học bạ,2025,19.45,Công nghệ tài chính
94687,HSU,cong-nghe-tai-chinh,D01,Điểm học bạ,2025,19.45,Công nghệ tài chính
94688,HSU,cong-nghe-tai-chinh,D03,Điểm học bạ,2025,19.45,Công nghệ tài chính
94689,HSU,cong-nghe-tai-chinh,D09,Điểm học bạ,2025,19.45,Công nghệ tài chính
94690,HSU,cong-nghe-tai-chinh,A00,Điểm thi THPT,2025,17.0,Công nghệ tài chính
94691,HSU,cong-nghe-tai-chinh,A01,Điểm thi THPT,2025,17.0,Công nghệ tài chính
94692,HSU,cong-nghe-tai-chinh,D01,Điểm thi THPT,2025,17.0,Công nghệ tài chính
94693,HSU,cong-nghe-tai-chinh,D03,Điểm thi THPT,2025,17.0,Công nghệ tài chính
94694,HSU,cong-nghe-tai-chinh,D09,Điểm thi THPT,2025,17.0,Công nghệ tài chính
94695,HSU,cong-nghe-thong-tin,A00,Điểm thi THPT,2021,16.0,Công nghệ thông tin
94696,HSU,cong-nghe-thong-tin,A01,Điểm thi THPT,2021,16.0,Công nghệ thông tin
94697,HSU,cong-nghe-thong-tin,D01,Điểm thi THPT,2021,16.0,Công nghệ thông tin
94698,HSU,cong-nghe-thong-tin,D03,Điểm thi THPT,2021,16.0,Công nghệ thông tin
94699,HSU,cong-nghe-thong-tin,D09,Điểm thi THPT,2021,16.0,Công nghệ thông tin
94700,HSU,cong-nghe-thong-tin,A00,Điểm thi THPT,2022,16.0,Công nghệ thông tin
94701,HSU,cong-nghe-thong-tin,A01,Điểm thi THPT,2022,16.0,Công nghệ thông tin
94702,HSU,cong-nghe-thong-tin,D01,Điểm thi THPT,2022,16.0,Công nghệ thông tin
94703,HSU,cong-nghe-thong-tin,D03,Điểm thi THPT,2022,16.0,Công nghệ thông tin
94704,HSU,cong-nghe-thong-tin,D07,Điểm thi THPT,2022,16.0,Công nghệ thông tin
94705,HSU,cong-nghe-thong-tin,A00,Điểm học bạ,2023,6.0,Công nghệ thông tin
94706,HSU,cong-nghe-thong-tin,A01,Điểm học bạ,2023,6.0,Công nghệ thông tin
94707,HSU,cong-nghe-thong-tin,D01,Điểm học bạ,2023,6.0,Công nghệ thông tin
94708,HSU,cong-nghe-thong-tin,D03,Điểm học bạ,2023,6.0,Công nghệ thông tin
94709,HSU,cong-nghe-thong-tin,D07,Điểm học bạ,2023,6.0,Công nghệ thông tin
94710,HSU,cong-nghe-thong-tin,A00,Điểm thi THPT,2023,15.0,Công nghệ thông tin
94711,HSU,cong-nghe-thong-tin,A01,Điểm thi THPT,2023,15.0,Công nghệ thông tin
94712,HSU,cong-nghe-thong-tin,D01,Điểm thi THPT,2023,15.0,Công nghệ thông tin
94713,HSU,cong-nghe-thong-tin,D03,Điểm thi THPT,2023,15.0,Công nghệ thông tin
94714,HSU,cong-nghe-thong-tin,D07,Điểm thi THPT,2023,15.0,Công nghệ thông tin
94715,HSU,cong-nghe-thong-tin,A00,Điểm học bạ,2024,6.0,Công nghệ thông tin
94716,HSU,cong-nghe-thong-tin,A01,Điểm học bạ,2024,6.0,Công nghệ thông tin
94717,HSU,cong-nghe-thong-tin,D01,Điểm học bạ,2024,6.0,Công nghệ thông tin
94718,HSU,cong-nghe-thong-tin,D03,Điểm học bạ,2024,6.0,Công nghệ thông tin
94719,HSU,cong-nghe-thong-tin,D07,Điểm học bạ,2024,6.0,Công nghệ thông tin
94720,HSU,cong-nghe-thong-tin,D28,Điểm học bạ,2024,6.0,Công nghệ thông tin
94721,HSU,cong-nghe-thong-tin,A00,Điểm thi THPT,2024,18.0,Công nghệ thông tin
94722,HSU,cong-nghe-thong-tin,A01,Điểm thi THPT,2024,18.0,Công nghệ thông tin
94723,HSU,cong-nghe-thong-tin,D01,Điểm thi THPT,2024,18.0,Công nghệ thông tin
94724,HSU,cong-nghe-thong-tin,D03,Điểm thi THPT,2024,18.0,Công nghệ thông tin
94725,HSU,cong-nghe-thong-tin,D07,Điểm thi THPT,2024,18.0,Công nghệ thông tin
94726,HSU,cong-nghe-thong-tin,D28,Điểm thi THPT,2024,18.0,Công nghệ thông tin
94727,HSU,cong-nghe-thong-tin,A00,Điểm học bạ,2025,18.0,Công nghệ thông tin
94728,HSU,cong-nghe-thong-tin,A01,Điểm học bạ,2025,18.0,Công nghệ thông tin
94729,HSU,cong-nghe-thong-tin,D01,Điểm học bạ,2025,18.0,Công nghệ thông tin
94730,HSU,cong-nghe-thong-tin,D03,Điểm học bạ,2025,18.0,Công nghệ thông tin
94731,HSU,cong-nghe-thong-tin,D07,Điểm học bạ,2025,18.0,Công nghệ thông tin
94732,HSU,cong-nghe-thong-tin,A00,Điểm thi THPT,2025,15.0,Công nghệ thông tin
94733,HSU,cong-nghe-thong-tin,A01,Điểm thi THPT,2025,15.0,Công nghệ thông tin
94734,HSU,cong-nghe-thong-tin,D01,Điểm thi THPT,2025,15.0,Công nghệ thông tin
94735,HSU,cong-nghe-thong-tin,D03,Điểm thi THPT,2025,15.0,Công nghệ thông tin
94736,HSU,cong-nghe-thong-tin,D07,Điểm thi THPT,2025,15.0,Công nghệ thông tin
94737,HSU,digital-marketing,A00,Điểm thi THPT,2021,16.0,Digital Marketing
94738,HSU,digital-marketing,A01,Điểm thi THPT,2021,16.0,Digital Marketing
94739,HSU,digital-marketing,D01,Điểm thi THPT,2021,16.0,Digital Marketing
94740,HSU,digital-marketing,D03,Điểm thi THPT,2021,16.0,Digital Marketing
94741,HSU,digital-marketing,D09,Điểm thi THPT,2021,16.0,Digital Marketing
94742,HSU,digital-marketing,A00,Điểm thi THPT,2022,16.0,Digital Marketing
94743,HSU,digital-marketing,A01,Điểm thi THPT,2022,16.0,Digital Marketing
94744,HSU,digital-marketing,D01,Điểm thi THPT,2022,16.0,Digital Marketing
94745,HSU,digital-marketing,D03,Điểm thi THPT,2022,16.0,Digital Marketing
94746,HSU,digital-marketing,D09,Điểm thi THPT,2022,16.0,Digital Marketing
94747,HSU,digital-marketing,A00,Điểm học bạ,2023,6.0,Digital Marketing
94748,HSU,digital-marketing,A01,Điểm học bạ,2023,6.0,Digital Marketing
94749,HSU,digital-marketing,D01,Điểm học bạ,2023,6.0,Digital Marketing
94750,HSU,digital-marketing,D03,Điểm học bạ,2023,6.0,Digital Marketing
94751,HSU,digital-marketing,D09,Điểm học bạ,2023,6.0,Digital Marketing
94752,HSU,digital-marketing,A00,Điểm thi THPT,2023,15.0,Digital Marketing
94753,HSU,digital-marketing,A01,Điểm thi THPT,2023,15.0,Digital Marketing
94754,HSU,digital-marketing,D01,Điểm thi THPT,2023,15.0,Digital Marketing
94755,HSU,digital-marketing,D03,Điểm thi THPT,2023,15.0,Digital Marketing
94756,HSU,digital-marketing,D09,Điểm thi THPT,2023,15.0,Digital Marketing
94757,HSU,digital-marketing,A00,Điểm học bạ,2024,6.0,Digital Marketing
94758,HSU,digital-marketing,A01,Điểm học bạ,2024,6.0,Digital Marketing
94759,HSU,digital-marketing,D01,Điểm học bạ,2024,6.0,Digital Marketing
94760,HSU,digital-marketing,D03,Điểm học bạ,2024,6.0,Digital Marketing
94761,HSU,digital-marketing,D09,Điểm học bạ,2024,6.0,Digital Marketing
94762,HSU,digital-marketing,A00,Điểm thi THPT,2024,17.0,Digital Marketing
94763,HSU,digital-marketing,A01,Điểm thi THPT,2024,17.0,Digital Marketing
94764,HSU,digital-marketing,D01,Điểm thi THPT,2024,17.0,Digital Marketing
94765,HSU,digital-marketing,D03,Điểm thi THPT,2024,17.0,Digital Marketing
94766,HSU,digital-marketing,D09,Điểm thi THPT,2024,17.0,Digital Marketing
94767,HSU,digital-marketing,A00,Điểm học bạ,2025,18.0,Digital Marketing
94768,HSU,digital-marketing,A01,Điểm học bạ,2025,18.0,Digital Marketing
94769,HSU,digital-marketing,D01,Điểm học bạ,2025,18.0,Digital Marketing
94770,HSU,digital-marketing,D03,Điểm học bạ,2025,18.0,Digital Marketing
94771,HSU,digital-marketing,D09,Điểm học bạ,2025,18.0,Digital Marketing
94772,HSU,digital-marketing,A00,Điểm thi THPT,2025,15.0,Digital Marketing
94773,HSU,digital-marketing,A01,Điểm thi THPT,2025,15.0,Digital Marketing
94774,HSU,digital-marketing,D01,Điểm thi THPT,2025,15.0,Digital Marketing
94775,HSU,digital-marketing,D03,Điểm thi THPT,2025,15.0,Digital Marketing
94776,HSU,digital-marketing,D09,Điểm thi THPT,2025,15.0,Digital Marketing
94777,HSU,he-thong-thong-tin-quan-ly,A00,Điểm thi THPT,2021,16.0,Hệ thống thông tin quản lý
94778,HSU,he-thong-thong-tin-quan-ly,A01,Điểm thi THPT,2021,16.0,Hệ thống thông tin quản lý
94779,HSU,he-thong-thong-tin-quan-ly,D01,Điểm thi THPT,2021,16.0,Hệ thống thông tin quản lý
94780,HSU,he-thong-thong-tin-quan-ly,D03,Điểm thi THPT,2021,16.0,Hệ thống thông tin quản lý
94781,HSU,he-thong-thong-tin-quan-ly,D09,Điểm thi THPT,2021,16.0,Hệ thống thông tin quản lý
94782,HSU,he-thong-thong-tin-quan-ly,A00,Điểm thi THPT,2022,15.0,Hệ thống thông tin quản lý
94783,HSU,he-thong-thong-tin-quan-ly,A01,Điểm thi THPT,2022,15.0,Hệ thống thông tin quản lý
94784,HSU,he-thong-thong-tin-quan-ly,D01,Điểm thi THPT,2022,15.0,Hệ thống thông tin quản lý
94785,HSU,he-thong-thong-tin-quan-ly,D03,Điểm thi THPT,2022,15.0,Hệ thống thông tin quản lý
94786,HSU,he-thong-thong-tin-quan-ly,D09,Điểm thi THPT,2022,15.0,Hệ thống thông tin quản lý
94787,HSU,hoa-ky-hoc,D01,Điểm thi THPT,2021,17.0,Hoa Kỳ Học
94788,HSU,hoa-ky-hoc,D09,Điểm thi THPT,2021,17.0,Hoa Kỳ Học
94789,HSU,hoa-ky-hoc,D14,Điểm thi THPT,2021,17.0,Hoa Kỳ Học
94790,HSU,hoa-ky-hoc,D15,Điểm thi THPT,2021,17.0,Hoa Kỳ Học
94791,HSU,ke-toan,A00,Điểm thi THPT,2021,16.0,Kế toán
94792,HSU,ke-toan,A01,Điểm thi THPT,2021,16.0,Kế toán
94793,HSU,ke-toan,D01,Điểm thi THPT,2021,16.0,Kế toán
94794,HSU,ke-toan,D03,Điểm thi THPT,2021,16.0,Kế toán
94795,HSU,ke-toan,D09,Điểm thi THPT,2021,16.0,Kế toán
94796,HSU,ke-toan,A00,Điểm thi THPT,2022,16.0,Kế toán
94797,HSU,ke-toan,A01,Điểm thi THPT,2022,16.0,Kế toán
94798,HSU,ke-toan,D01,Điểm thi THPT,2022,16.0,Kế toán
94799,HSU,ke-toan,D03,Điểm thi THPT,2022,16.0,Kế toán
94800,HSU,ke-toan,D09,Điểm thi THPT,2022,16.0,Kế toán
94801,HSU,ke-toan,A00,Điểm học bạ,2023,6.0,Kế toán
94802,HSU,ke-toan,A01,Điểm học bạ,2023,6.0,Kế toán
94803,HSU,ke-toan,D01,Điểm học bạ,2023,6.0,Kế toán
94804,HSU,ke-toan,D03,Điểm học bạ,2023,6.0,Kế toán
94805,HSU,ke-toan,D09,Điểm học bạ,2023,6.0,Kế toán
94806,HSU,ke-toan,A00,Điểm thi THPT,2023,15.0,Kế toán
94807,HSU,ke-toan,A01,Điểm thi THPT,2023,15.0,Kế toán
94808,HSU,ke-toan,D01,Điểm thi THPT,2023,15.0,Kế toán
94809,HSU,ke-toan,D03,Điểm thi THPT,2023,15.0,Kế toán
94810,HSU,ke-toan,D09,Điểm thi THPT,2023,15.0,Kế toán
94811,HSU,ke-toan,A00,Điểm học bạ,2024,6.0,Kế toán
94812,HSU,ke-toan,A01,Điểm học bạ,2024,6.0,Kế toán
94813,HSU,ke-toan,D01,Điểm học bạ,2024,6.0,Kế toán
94814,HSU,ke-toan,D03,Điểm học bạ,2024,6.0,Kế toán
94815,HSU,ke-toan,D09,Điểm học bạ,2024,6.0,Kế toán
94816,HSU,ke-toan,A00,Điểm thi THPT,2024,16.0,Kế toán
94817,HSU,ke-toan,A01,Điểm thi THPT,2024,16.0,Kế toán
94818,HSU,ke-toan,D01,Điểm thi THPT,2024,16.0,Kế toán
94819,HSU,ke-toan,D03,Điểm thi THPT,2024,16.0,Kế toán
94820,HSU,ke-toan,D09,Điểm thi THPT,2024,16.0,Kế toán
94821,HSU,ke-toan,A00,Điểm học bạ,2025,18.0,Kế toán
94822,HSU,ke-toan,A01,Điểm học bạ,2025,18.0,Kế toán
94823,HSU,ke-toan,D01,Điểm học bạ,2025,18.0,Kế toán
94824,HSU,ke-toan,D03,Điểm học bạ,2025,18.0,Kế toán
94825,HSU,ke-toan,D09,Điểm học bạ,2025,18.0,Kế toán
94826,HSU,ke-toan,A00,Điểm thi THPT,2025,15.0,Kế toán
94827,HSU,ke-toan,A01,Điểm thi THPT,2025,15.0,Kế toán
94828,HSU,ke-toan,D01,Điểm thi THPT,2025,15.0,Kế toán
94829,HSU,ke-toan,D03,Điểm thi THPT,2025,15.0,Kế toán
94830,HSU,ke-toan,D09,Điểm thi THPT,2025,15.0,Kế toán
94831,HSU,kinh-doanh-quoc-te,A00,Điểm thi THPT,2021,16.0,Kinh doanh Quốc tế
94832,HSU,kinh-doanh-quoc-te,A01,Điểm thi THPT,2021,16.0,Kinh doanh Quốc tế
94833,HSU,kinh-doanh-quoc-te,D01,Điểm thi THPT,2021,16.0,Kinh doanh Quốc tế
94834,HSU,kinh-doanh-quoc-te,D03,Điểm thi THPT,2021,16.0,Kinh doanh Quốc tế
94835,HSU,kinh-doanh-quoc-te,D09,Điểm thi THPT,2021,16.0,Kinh doanh Quốc tế
94836,HSU,kinh-doanh-quoc-te,A00,Điểm thi THPT,2022,16.0,Kinh doanh quốc tế
94837,HSU,kinh-doanh-quoc-te,A01,Điểm thi THPT,2022,16.0,Kinh doanh quốc tế
94838,HSU,kinh-doanh-quoc-te,D01,Điểm thi THPT,2022,16.0,Kinh doanh quốc tế
94839,HSU,kinh-doanh-quoc-te,D03,Điểm thi THPT,2022,16.0,Kinh doanh quốc tế
94840,HSU,kinh-doanh-quoc-te,D09,Điểm thi THPT,2022,16.0,Kinh doanh quốc tế
94841,HSU,kinh-doanh-quoc-te,A00,Điểm học bạ,2023,6.0,Kinh doanh Quốc tế
94842,HSU,kinh-doanh-quoc-te,A01,Điểm học bạ,2023,6.0,Kinh doanh Quốc tế
94843,HSU,kinh-doanh-quoc-te,D01,Điểm học bạ,2023,6.0,Kinh doanh Quốc tế
94844,HSU,kinh-doanh-quoc-te,D03,Điểm học bạ,2023,6.0,Kinh doanh Quốc tế
94845,HSU,kinh-doanh-quoc-te,D09,Điểm học bạ,2023,6.0,Kinh doanh Quốc tế
94846,HSU,kinh-doanh-quoc-te,A00,Điểm thi THPT,2023,15.0,Kinh doanh Quốc tế
94847,HSU,kinh-doanh-quoc-te,A01,Điểm thi THPT,2023,15.0,Kinh doanh Quốc tế
94848,HSU,kinh-doanh-quoc-te,D01,Điểm thi THPT,2023,15.0,Kinh doanh Quốc tế
94849,HSU,kinh-doanh-quoc-te,D03,Điểm thi THPT,2023,15.0,Kinh doanh Quốc tế
94850,HSU,kinh-doanh-quoc-te,D09,Điểm thi THPT,2023,15.0,Kinh doanh Quốc tế
94851,HSU,kinh-doanh-quoc-te,A00,Điểm học bạ,2024,6.0,Kinh doanh Quốc tế
94852,HSU,kinh-doanh-quoc-te,A01,Điểm học bạ,2024,6.0,Kinh doanh Quốc tế
94853,HSU,kinh-doanh-quoc-te,D01,Điểm học bạ,2024,6.0,Kinh doanh Quốc tế
94854,HSU,kinh-doanh-quoc-te,D03,Điểm học bạ,2024,6.0,Kinh doanh Quốc tế
94855,HSU,kinh-doanh-quoc-te,D09,Điểm học bạ,2024,6.0,Kinh doanh Quốc tế
94856,HSU,kinh-doanh-quoc-te,A00,Điểm thi THPT,2024,16.0,Kinh doanh Quốc tế
94857,HSU,kinh-doanh-quoc-te,A01,Điểm thi THPT,2024,16.0,Kinh doanh Quốc tế
94858,HSU,kinh-doanh-quoc-te,D01,Điểm thi THPT,2024,16.0,Kinh doanh Quốc tế
94859,HSU,kinh-doanh-quoc-te,D03,Điểm thi THPT,2024,16.0,Kinh doanh Quốc tế
94860,HSU,kinh-doanh-quoc-te,D09,Điểm thi THPT,2024,16.0,Kinh doanh Quốc tế
94861,HSU,kinh-doanh-quoc-te,A00,Điểm học bạ,2025,18.0,Kinh doanh Quốc tế
94862,HSU,kinh-doanh-quoc-te,A01,Điểm học bạ,2025,18.0,Kinh doanh Quốc tế
94863,HSU,kinh-doanh-quoc-te,D01,Điểm học bạ,2025,18.0,Kinh doanh Quốc tế
94864,HSU,kinh-doanh-quoc-te,D03,Điểm học bạ,2025,18.0,Kinh doanh Quốc tế
94865,HSU,kinh-doanh-quoc-te,D09,Điểm học bạ,2025,18.0,Kinh doanh Quốc tế
94866,HSU,kinh-doanh-quoc-te,A00,Điểm thi THPT,2025,15.0,Kinh doanh Quốc tế
94867,HSU,kinh-doanh-quoc-te,A01,Điểm thi THPT,2025,15.0,Kinh doanh Quốc tế
94868,HSU,kinh-doanh-quoc-te,D01,Điểm thi THPT,2025,15.0,Kinh doanh Quốc tế
94869,HSU,kinh-doanh-quoc-te,D03,Điểm thi THPT,2025,15.0,Kinh doanh Quốc tế
94870,HSU,kinh-doanh-quoc-te,D09,Điểm thi THPT,2025,15.0,Kinh doanh Quốc tế
94871,HSU,kinh-te-the-thao,A00,Điểm thi THPT,2021,16.0,Kinh tế thể thao
94872,HSU,kinh-te-the-thao,A01,Điểm thi THPT,2021,16.0,Kinh tế thể thao
94873,HSU,kinh-te-the-thao,D01,Điểm thi THPT,2021,16.0,Kinh tế thể thao
94874,HSU,kinh-te-the-thao,D03,Điểm thi THPT,2021,16.0,Kinh tế thể thao
94875,HSU,kinh-te-the-thao,D09,Điểm thi THPT,2021,16.0,Kinh tế thể thao
94876,HSU,kinh-te-the-thao,A00,Điểm thi THPT,2022,16.0,Kinh tế thể thao
94877,HSU,kinh-te-the-thao,A01,Điểm thi THPT,2022,16.0,Kinh tế thể thao
94878,HSU,kinh-te-the-thao,D01,Điểm thi THPT,2022,16.0,Kinh tế thể thao
94879,HSU,kinh-te-the-thao,D03,Điểm thi THPT,2022,16.0,Kinh tế thể thao
94880,HSU,kinh-te-the-thao,D09,Điểm thi THPT,2022,16.0,Kinh tế thể thao
94881,HSU,kinh-te-the-thao,A00,Điểm học bạ,2023,6.0,Kinh tế thể thao
94882,HSU,kinh-te-the-thao,A01,Điểm học bạ,2023,6.0,Kinh tế thể thao
94883,HSU,kinh-te-the-thao,D01,Điểm học bạ,2023,6.0,Kinh tế thể thao
94884,HSU,kinh-te-the-thao,D03,Điểm học bạ,2023,6.0,Kinh tế thể thao
94885,HSU,kinh-te-the-thao,D09,Điểm học bạ,2023,6.0,Kinh tế thể thao
94886,HSU,kinh-te-the-thao,A00,Điểm thi THPT,2023,19.0,Kinh tế thể thao
94887,HSU,kinh-te-the-thao,A01,Điểm thi THPT,2023,19.0,Kinh tế thể thao
94888,HSU,kinh-te-the-thao,D01,Điểm thi THPT,2023,19.0,Kinh tế thể thao
94889,HSU,kinh-te-the-thao,D03,Điểm thi THPT,2023,19.0,Kinh tế thể thao
94890,HSU,kinh-te-the-thao,D09,Điểm thi THPT,2023,19.0,Kinh tế thể thao
94891,HSU,kinh-te-the-thao,A00,Điểm học bạ,2024,6.0,Kinh tế thể thao
94892,HSU,kinh-te-the-thao,A01,Điểm học bạ,2024,6.0,Kinh tế thể thao
94893,HSU,kinh-te-the-thao,D01,Điểm học bạ,2024,6.0,Kinh tế thể thao
94894,HSU,kinh-te-the-thao,D03,Điểm học bạ,2024,6.0,Kinh tế thể thao
94895,HSU,kinh-te-the-thao,D09,Điểm học bạ,2024,6.0,Kinh tế thể thao
94896,HSU,kinh-te-the-thao,A00,Điểm thi THPT,2024,19.0,Kinh tế thể thao
94897,HSU,kinh-te-the-thao,A01,Điểm thi THPT,2024,19.0,Kinh tế thể thao
94898,HSU,kinh-te-the-thao,D01,Điểm thi THPT,2024,19.0,Kinh tế thể thao
94899,HSU,kinh-te-the-thao,D03,Điểm thi THPT,2024,19.0,Kinh tế thể thao
94900,HSU,kinh-te-the-thao,D09,Điểm thi THPT,2024,19.0,Kinh tế thể thao
94901,HSU,kinh-te-the-thao,A00,Điểm học bạ,2025,19.45,Kinh tế thể thao
94902,HSU,kinh-te-the-thao,A01,Điểm học bạ,2025,19.45,Kinh tế thể thao
94903,HSU,kinh-te-the-thao,D01,Điểm học bạ,2025,19.45,Kinh tế thể thao
94904,HSU,kinh-te-the-thao,D03,Điểm học bạ,2025,19.45,Kinh tế thể thao
94905,HSU,kinh-te-the-thao,D09,Điểm học bạ,2025,19.45,Kinh tế thể thao
94906,HSU,kinh-te-the-thao,A00,Điểm thi THPT,2025,17.0,Kinh tế thể thao
94907,HSU,kinh-te-the-thao,A01,Điểm thi THPT,2025,17.0,Kinh tế thể thao
94908,HSU,kinh-te-the-thao,D01,Điểm thi THPT,2025,17.0,Kinh tế thể thao
94909,HSU,kinh-te-the-thao,D03,Điểm thi THPT,2025,17.0,Kinh tế thể thao
94910,HSU,kinh-te-the-thao,D09,Điểm thi THPT,2025,17.0,Kinh tế thể thao
94911,HSU,ky-thuat-phan-mem,A00,Điểm thi THPT,2021,16.0,Kỹ thuật phần mềm
94912,HSU,ky-thuat-phan-mem,A01,Điểm thi THPT,2021,16.0,Kỹ thuật phần mềm
94913,HSU,ky-thuat-phan-mem,D01,Điểm thi THPT,2021,16.0,Kỹ thuật phần mềm
94914,HSU,ky-thuat-phan-mem,D03,Điểm thi THPT,2021,16.0,Kỹ thuật phần mềm
94915,HSU,ky-thuat-phan-mem,D09,Điểm thi THPT,2021,16.0,Kỹ thuật phần mềm
94916,HSU,ky-thuat-phan-mem,A00,Điểm thi THPT,2022,16.0,Kỹ thuật phần mềm
94917,HSU,ky-thuat-phan-mem,A01,Điểm thi THPT,2022,16.0,Kỹ thuật phần mềm
94918,HSU,ky-thuat-phan-mem,D01,Điểm thi THPT,2022,16.0,Kỹ thuật phần mềm
94919,HSU,ky-thuat-phan-mem,D03,Điểm thi THPT,2022,16.0,Kỹ thuật phần mềm
94920,HSU,ky-thuat-phan-mem,D07,Điểm thi THPT,2022,16.0,Kỹ thuật phần mềm
94921,HSU,ky-thuat-phan-mem,A00,Điểm học bạ,2023,6.0,Kỹ thuật phần mềm
94922,HSU,ky-thuat-phan-mem,A01,Điểm học bạ,2023,6.0,Kỹ thuật phần mềm
94923,HSU,ky-thuat-phan-mem,D01,Điểm học bạ,2023,6.0,Kỹ thuật phần mềm
94924,HSU,ky-thuat-phan-mem,D03,Điểm học bạ,2023,6.0,Kỹ thuật phần mềm
94925,HSU,ky-thuat-phan-mem,D07,Điểm học bạ,2023,6.0,Kỹ thuật phần mềm
94926,HSU,ky-thuat-phan-mem,A00,Điểm thi THPT,2023,15.0,Kỹ thuật phần mềm
94927,HSU,ky-thuat-phan-mem,A01,Điểm thi THPT,2023,15.0,Kỹ thuật phần mềm
94928,HSU,ky-thuat-phan-mem,D01,Điểm thi THPT,2023,15.0,Kỹ thuật phần mềm
94929,HSU,ky-thuat-phan-mem,D03,Điểm thi THPT,2023,15.0,Kỹ thuật phần mềm
94930,HSU,ky-thuat-phan-mem,D07,Điểm thi THPT,2023,15.0,Kỹ thuật phần mềm
94931,HSU,ky-thuat-phan-mem,A00,Điểm học bạ,2024,6.0,Kỹ thuật phần mềm
94932,HSU,ky-thuat-phan-mem,A01,Điểm học bạ,2024,6.0,Kỹ thuật phần mềm
94933,HSU,ky-thuat-phan-mem,D01,Điểm học bạ,2024,6.0,Kỹ thuật phần mềm
94934,HSU,ky-thuat-phan-mem,D03,Điểm học bạ,2024,6.0,Kỹ thuật phần mềm
94935,HSU,ky-thuat-phan-mem,D07,Điểm học bạ,2024,6.0,Kỹ thuật phần mềm
94936,HSU,ky-thuat-phan-mem,D28,Điểm học bạ,2024,6.0,Kỹ thuật phần mềm
94937,HSU,ky-thuat-phan-mem,A00,Điểm thi THPT,2024,18.0,Kỹ thuật phần mềm
94938,HSU,ky-thuat-phan-mem,A01,Điểm thi THPT,2024,18.0,Kỹ thuật phần mềm
94939,HSU,ky-thuat-phan-mem,D01,Điểm thi THPT,2024,18.0,Kỹ thuật phần mềm
94940,HSU,ky-thuat-phan-mem,D03,Điểm thi THPT,2024,18.0,Kỹ thuật phần mềm
94941,HSU,ky-thuat-phan-mem,D07,Điểm thi THPT,2024,18.0,Kỹ thuật phần mềm
94942,HSU,ky-thuat-phan-mem,D28,Điểm thi THPT,2024,18.0,Kỹ thuật phần mềm
94943,HSU,ky-thuat-phan-mem,A00,Điểm học bạ,2025,18.0,Kỹ thuật phần mềm
94944,HSU,ky-thuat-phan-mem,A01,Điểm học bạ,2025,18.0,Kỹ thuật phần mềm
94945,HSU,ky-thuat-phan-mem,D01,Điểm học bạ,2025,18.0,Kỹ thuật phần mềm
94946,HSU,ky-thuat-phan-mem,D03,Điểm học bạ,2025,18.0,Kỹ thuật phần mềm
94947,HSU,ky-thuat-phan-mem,D07,Điểm học bạ,2025,18.0,Kỹ thuật phần mềm
94948,HSU,ky-thuat-phan-mem,A00,Điểm thi THPT,2025,15.0,Kỹ thuật phần mềm
94949,HSU,ky-thuat-phan-mem,A01,Điểm thi THPT,2025,15.0,Kỹ thuật phần mềm
94950,HSU,ky-thuat-phan-mem,D01,Điểm thi THPT,2025,15.0,Kỹ thuật phần mềm
94951,HSU,ky-thuat-phan-mem,D03,Điểm thi THPT,2025,15.0,Kỹ thuật phần mềm
94952,HSU,ky-thuat-phan-mem,D07,Điểm thi THPT,2025,15.0,Kỹ thuật phần mềm
94953,HSU,logistic-quan-ly-chuoi-cung-ung,A00,Điểm học bạ,2023,6.0,Logistic & Quản lý chuỗi cung ứng
94954,HSU,logistic-quan-ly-chuoi-cung-ung,A01,Điểm học bạ,2023,6.0,Logistic & Quản lý chuỗi cung ứng
94955,HSU,logistic-quan-ly-chuoi-cung-ung,D01,Điểm học bạ,2023,6.0,Logistic & Quản lý chuỗi cung ứng
94956,HSU,logistic-quan-ly-chuoi-cung-ung,D03,Điểm học bạ,2023,6.0,Logistic & Quản lý chuỗi cung ứng
94957,HSU,logistic-quan-ly-chuoi-cung-ung,D09,Điểm học bạ,2023,6.0,Logistic & Quản lý chuỗi cung ứng
94958,HSU,logistic-quan-ly-chuoi-cung-ung,A00,Điểm thi THPT,2023,15.0,Logistic & Quản lý chuỗi cung ứng
94959,HSU,logistic-quan-ly-chuoi-cung-ung,A01,Điểm thi THPT,2023,15.0,Logistic & Quản lý chuỗi cung ứng
94960,HSU,logistic-quan-ly-chuoi-cung-ung,D01,Điểm thi THPT,2023,15.0,Logistic & Quản lý chuỗi cung ứng
94961,HSU,logistic-quan-ly-chuoi-cung-ung,D03,Điểm thi THPT,2023,15.0,Logistic & Quản lý chuỗi cung ứng
94962,HSU,logistic-quan-ly-chuoi-cung-ung,D09,Điểm thi THPT,2023,15.0,Logistic & Quản lý chuỗi cung ứng
94963,HSU,logistics-quan-ly-chuoi-cung-ung,A00,Điểm thi THPT,2021,16.0,Logistics & Quản lý chuỗi cung ứng
94964,HSU,logistics-quan-ly-chuoi-cung-ung,A01,Điểm thi THPT,2021,16.0,Logistics & Quản lý chuỗi cung ứng
94965,HSU,logistics-quan-ly-chuoi-cung-ung,D01,Điểm thi THPT,2021,16.0,Logistics & Quản lý chuỗi cung ứng
94966,HSU,logistics-quan-ly-chuoi-cung-ung,D03,Điểm thi THPT,2021,16.0,Logistics & Quản lý chuỗi cung ứng
94967,HSU,logistics-quan-ly-chuoi-cung-ung,D09,Điểm thi THPT,2021,16.0,Logistics & Quản lý chuỗi cung ứng
94968,HSU,logistics-quan-ly-chuoi-cung-ung,A00,Điểm học bạ,2024,6.0,Logistics & Quản lý chuỗi cung ứng
94969,HSU,logistics-quan-ly-chuoi-cung-ung,A01,Điểm học bạ,2024,6.0,Logistics & Quản lý chuỗi cung ứng
94970,HSU,logistics-quan-ly-chuoi-cung-ung,D01,Điểm học bạ,2024,6.0,Logistics & Quản lý chuỗi cung ứng
94971,HSU,logistics-quan-ly-chuoi-cung-ung,D03,Điểm học bạ,2024,6.0,Logistics & Quản lý chuỗi cung ứng
94972,HSU,logistics-quan-ly-chuoi-cung-ung,D09,Điểm học bạ,2024,6.0,Logistics & Quản lý chuỗi cung ứng
94973,HSU,logistics-quan-ly-chuoi-cung-ung,A00,Điểm thi THPT,2024,16.0,Logistics & Quản lý chuỗi cung ứng
94974,HSU,logistics-quan-ly-chuoi-cung-ung,A01,Điểm thi THPT,2024,16.0,Logistics & Quản lý chuỗi cung ứng
94975,HSU,logistics-quan-ly-chuoi-cung-ung,D01,Điểm thi THPT,2024,16.0,Logistics & Quản lý chuỗi cung ứng
94976,HSU,logistics-quan-ly-chuoi-cung-ung,D03,Điểm thi THPT,2024,16.0,Logistics & Quản lý chuỗi cung ứng
94977,HSU,logistics-quan-ly-chuoi-cung-ung,D09,Điểm thi THPT,2024,16.0,Logistics & Quản lý chuỗi cung ứng
94978,HSU,logistics-quan-ly-chuoi-cung-ung,A00,Điểm học bạ,2025,18.0,Logistics & Quản lý chuỗi cung ứng
94979,HSU,logistics-quan-ly-chuoi-cung-ung,A01,Điểm học bạ,2025,18.0,Logistics & Quản lý chuỗi cung ứng
94980,HSU,logistics-quan-ly-chuoi-cung-ung,C00,Điểm học bạ,2025,18.0,Logistics & Quản lý chuỗi cung ứng
94981,HSU,logistics-quan-ly-chuoi-cung-ung,D01,Điểm học bạ,2025,18.0,Logistics & Quản lý chuỗi cung ứng
94982,HSU,logistics-quan-ly-chuoi-cung-ung,A00,Điểm thi THPT,2025,15.0,Logistics & Quản lý chuỗi cung ứng
94983,HSU,logistics-quan-ly-chuoi-cung-ung,A01,Điểm thi THPT,2025,15.0,Logistics & Quản lý chuỗi cung ứng
94984,HSU,logistics-quan-ly-chuoi-cung-ung,C00,Điểm thi THPT,2025,15.0,Logistics & Quản lý chuỗi cung ứng
94985,HSU,logistics-quan-ly-chuoi-cung-ung,D01,Điểm thi THPT,2025,15.0,Logistics & Quản lý chuỗi cung ứng
94986,HSU,logistics-va-quan-ly-chuoi-cung-ung,A00,Điểm thi THPT,2022,16.0,Logistics và Quản lý chuỗi cung ứng
94987,HSU,logistics-va-quan-ly-chuoi-cung-ung,A01,Điểm thi THPT,2022,16.0,Logistics và Quản lý chuỗi cung ứng
94988,HSU,logistics-va-quan-ly-chuoi-cung-ung,D01,Điểm thi THPT,2022,16.0,Logistics và Quản lý chuỗi cung ứng
94989,HSU,logistics-va-quan-ly-chuoi-cung-ung,D03,Điểm thi THPT,2022,16.0,Logistics và Quản lý chuỗi cung ứng
94990,HSU,logistics-va-quan-ly-chuoi-cung-ung,D09,Điểm thi THPT,2022,16.0,Logistics và Quản lý chuỗi cung ứng
94991,HSU,luat,A00,Điểm học bạ,2024,6.0,Luật
94992,HSU,luat,A01,Điểm học bạ,2024,6.0,Luật
94993,HSU,luat,D01,Điểm học bạ,2024,6.0,Luật
94994,HSU,luat,D03,Điểm học bạ,2024,6.0,Luật
94995,HSU,luat,D09,Điểm học bạ,2024,6.0,Luật
94996,HSU,luat,A00,Điểm thi THPT,2024,16.0,Luật
94997,HSU,luat,A01,Điểm thi THPT,2024,16.0,Luật
94998,HSU,luat,D01,Điểm thi THPT,2024,16.0,Luật
94999,HSU,luat,D03,Điểm thi THPT,2024,16.0,Luật
95000,HSU,luat,D09,Điểm thi THPT,2024,16.0,Luật
95001,HSU,luat,A00,Điểm học bạ,2025,18.0,Luật
95002,HSU,luat,A01,Điểm học bạ,2025,18.0,Luật
95003,HSU,luat,C00,Điểm học bạ,2025,18.0,Luật
95004,HSU,luat,D01,Điểm học bạ,2025,18.0,Luật
95005,HSU,luat,A00,Điểm thi THPT,2025,15.0,Luật
95006,HSU,luat,A01,Điểm thi THPT,2025,15.0,Luật
95007,HSU,luat,C00,Điểm thi THPT,2025,15.0,Luật
95008,HSU,luat,D01,Điểm thi THPT,2025,15.0,Luật
95009,HSU,luat-kinh-te,A00,Điểm thi THPT,2021,16.0,Luật Kinh Tế
95010,HSU,luat-kinh-te,A01,Điểm thi THPT,2021,16.0,Luật Kinh Tế
95011,HSU,luat-kinh-te,D01,Điểm thi THPT,2021,16.0,Luật Kinh Tế
95012,HSU,luat-kinh-te,D03,Điểm thi THPT,2021,16.0,Luật Kinh Tế
95013,HSU,luat-kinh-te,D09,Điểm thi THPT,2021,16.0,Luật Kinh Tế
95014,HSU,luat-kinh-te,A00,Điểm thi THPT,2022,16.0,Luật kinh tế
95015,HSU,luat-kinh-te,A01,Điểm thi THPT,2022,16.0,Luật kinh tế
95016,HSU,luat-kinh-te,D01,Điểm thi THPT,2022,16.0,Luật kinh tế
95017,HSU,luat-kinh-te,D03,Điểm thi THPT,2022,16.0,Luật kinh tế
95018,HSU,luat-kinh-te,D09,Điểm thi THPT,2022,16.0,Luật kinh tế
95019,HSU,luat-kinh-te,A00,Điểm học bạ,2023,6.0,Luật Kinh tế
95020,HSU,luat-kinh-te,A01,Điểm học bạ,2023,6.0,Luật Kinh tế
95021,HSU,luat-kinh-te,D01,Điểm học bạ,2023,6.0,Luật Kinh tế
95022,HSU,luat-kinh-te,D03,Điểm học bạ,2023,6.0,Luật Kinh tế
95023,HSU,luat-kinh-te,D09,Điểm học bạ,2023,6.0,Luật Kinh tế
95024,HSU,luat-kinh-te,A00,Điểm thi THPT,2023,15.0,Luật Kinh tế
95025,HSU,luat-kinh-te,A01,Điểm thi THPT,2023,15.0,Luật Kinh tế
95026,HSU,luat-kinh-te,D01,Điểm thi THPT,2023,15.0,Luật Kinh tế
95027,HSU,luat-kinh-te,D03,Điểm thi THPT,2023,15.0,Luật Kinh tế
95028,HSU,luat-kinh-te,D09,Điểm thi THPT,2023,15.0,Luật Kinh tế
95029,HSU,luat-kinh-te,A00,Điểm học bạ,2024,6.0,Luật Kinh tế
95030,HSU,luat-kinh-te,A01,Điểm học bạ,2024,6.0,Luật Kinh tế
95031,HSU,luat-kinh-te,D01,Điểm học bạ,2024,6.0,Luật Kinh tế
95032,HSU,luat-kinh-te,D03,Điểm học bạ,2024,6.0,Luật Kinh tế
95033,HSU,luat-kinh-te,D09,Điểm học bạ,2024,6.0,Luật Kinh tế
95034,HSU,luat-kinh-te,A00,Điểm thi THPT,2024,17.0,Luật Kinh tế
95035,HSU,luat-kinh-te,A01,Điểm thi THPT,2024,17.0,Luật Kinh tế
95036,HSU,luat-kinh-te,D01,Điểm thi THPT,2024,17.0,Luật Kinh tế
95037,HSU,luat-kinh-te,D03,Điểm thi THPT,2024,17.0,Luật Kinh tế
95038,HSU,luat-kinh-te,D09,Điểm thi THPT,2024,17.0,Luật Kinh tế
95039,HSU,luat-kinh-te,A00,Điểm học bạ,2025,18.0,Luật Kinh tế
95040,HSU,luat-kinh-te,A01,Điểm học bạ,2025,18.0,Luật Kinh tế
95041,HSU,luat-kinh-te,C00,Điểm học bạ,2025,18.0,Luật Kinh tế
95042,HSU,luat-kinh-te,D01,Điểm học bạ,2025,18.0,Luật Kinh tế
95043,HSU,luat-kinh-te,A00,Điểm thi THPT,2025,15.0,Luật Kinh tế
95044,HSU,luat-kinh-te,A01,Điểm thi THPT,2025,15.0,Luật Kinh tế
95045,HSU,luat-kinh-te,C00,Điểm thi THPT,2025,15.0,Luật Kinh tế
95046,HSU,luat-kinh-te,D01,Điểm thi THPT,2025,15.0,Luật Kinh tế
95047,HSU,luat-quoc-te,A00,Điểm thi THPT,2021,16.0,Luật Quốc tế
95048,HSU,luat-quoc-te,A01,Điểm thi THPT,2021,16.0,Luật Quốc tế
95049,HSU,luat-quoc-te,D01,Điểm thi THPT,2021,16.0,Luật Quốc tế
95050,HSU,luat-quoc-te,D03,Điểm thi THPT,2021,16.0,Luật Quốc tế
95051,HSU,luat-quoc-te,D09,Điểm thi THPT,2021,16.0,Luật Quốc tế
95052,HSU,luat-quoc-te,A00,Điểm thi THPT,2022,16.0,Luật quốc tế
95053,HSU,luat-quoc-te,A01,Điểm thi THPT,2022,16.0,Luật quốc tế
95054,HSU,luat-quoc-te,D01,Điểm thi THPT,2022,16.0,Luật quốc tế
95055,HSU,luat-quoc-te,D03,Điểm thi THPT,2022,16.0,Luật quốc tế
95056,HSU,luat-quoc-te,D09,Điểm thi THPT,2022,16.0,Luật quốc tế
95057,HSU,mang-may-tinh-truyen-thong-du-lieu,A00,Điểm thi THPT,2021,16.0,Mạng máy tính & Truyền thông dữ liệu
95058,HSU,mang-may-tinh-truyen-thong-du-lieu,A01,Điểm thi THPT,2021,16.0,Mạng máy tính & Truyền thông dữ liệu
95059,HSU,mang-may-tinh-truyen-thong-du-lieu,D01,Điểm thi THPT,2021,16.0,Mạng máy tính & Truyền thông dữ liệu
95060,HSU,mang-may-tinh-truyen-thong-du-lieu,D03,Điểm thi THPT,2021,16.0,Mạng máy tính & Truyền thông dữ liệu
95061,HSU,mang-may-tinh-truyen-thong-du-lieu,D09,Điểm thi THPT,2021,16.0,Mạng máy tính & Truyền thông dữ liệu
95062,HSU,mang-may-tinh-truyen-thong-du-lieu,A00,Điểm thi THPT,2022,15.0,Mạng máy tính & Truyền thông dữ liệu
95063,HSU,mang-may-tinh-truyen-thong-du-lieu,A01,Điểm thi THPT,2022,15.0,Mạng máy tính & Truyền thông dữ liệu
95064,HSU,mang-may-tinh-truyen-thong-du-lieu,D01,Điểm thi THPT,2022,15.0,Mạng máy tính & Truyền thông dữ liệu
95065,HSU,mang-may-tinh-truyen-thong-du-lieu,D03,Điểm thi THPT,2022,15.0,Mạng máy tính & Truyền thông dữ liệu
95066,HSU,mang-may-tinh-truyen-thong-du-lieu,D07,Điểm thi THPT,2022,15.0,Mạng máy tính & Truyền thông dữ liệu
95067,HSU,marketing,A00,Điểm thi THPT,2021,16.0,Marketing
95068,HSU,marketing,A01,Điểm thi THPT,2021,16.0,Marketing
95069,HSU,marketing,D01,Điểm thi THPT,2021,16.0,Marketing
95070,HSU,marketing,D03,Điểm thi THPT,2021,16.0,Marketing
95071,HSU,marketing,D09,Điểm thi THPT,2021,16.0,Marketing
95072,HSU,marketing,A00,Điểm thi THPT,2022,16.0,Marketing
95073,HSU,marketing,A01,Điểm thi THPT,2022,16.0,Marketing
95074,HSU,marketing,D01,Điểm thi THPT,2022,16.0,Marketing
95075,HSU,marketing,D03,Điểm thi THPT,2022,16.0,Marketing
95076,HSU,marketing,D09,Điểm thi THPT,2022,16.0,Marketing
95077,HSU,marketing,A00,Điểm học bạ,2023,6.0,Marketing
95078,HSU,marketing,A01,Điểm học bạ,2023,6.0,Marketing
95079,HSU,marketing,D01,Điểm học bạ,2023,6.0,Marketing
95080,HSU,marketing,D03,Điểm học bạ,2023,6.0,Marketing
95081,HSU,marketing,D09,Điểm học bạ,2023,6.0,Marketing
95082,HSU,marketing,A00,Điểm thi THPT,2023,15.0,Marketing
95083,HSU,marketing,A01,Điểm thi THPT,2023,15.0,Marketing
95084,HSU,marketing,D01,Điểm thi THPT,2023,15.0,Marketing
95085,HSU,marketing,D03,Điểm thi THPT,2023,15.0,Marketing
95086,HSU,marketing,D09,Điểm thi THPT,2023,15.0,Marketing
95087,HSU,marketing,A00,Điểm học bạ,2024,6.0,Marketing
95088,HSU,marketing,A01,Điểm học bạ,2024,6.0,Marketing
95089,HSU,marketing,D01,Điểm học bạ,2024,6.0,Marketing
95090,HSU,marketing,D03,Điểm học bạ,2024,6.0,Marketing
95091,HSU,marketing,D09,Điểm học bạ,2024,6.0,Marketing
95092,HSU,marketing,A00,Điểm thi THPT,2024,18.0,Marketing
95093,HSU,marketing,A01,Điểm thi THPT,2024,18.0,Marketing
95094,HSU,marketing,D01,Điểm thi THPT,2024,18.0,Marketing
95095,HSU,marketing,D03,Điểm thi THPT,2024,18.0,Marketing
95096,HSU,marketing,D09,Điểm thi THPT,2024,18.0,Marketing
95097,HSU,marketing,A00,Điểm học bạ,2025,18.0,Marketing
95098,HSU,marketing,A01,Điểm học bạ,2025,18.0,Marketing
95099,HSU,marketing,D01,Điểm học bạ,2025,18.0,Marketing
95100,HSU,marketing,D03,Điểm học bạ,2025,18.0,Marketing
95101,HSU,marketing,D09,Điểm học bạ,2025,18.0,Marketing
95102,HSU,marketing,A00,Điểm thi THPT,2025,15.0,Marketing
95103,HSU,marketing,A01,Điểm thi THPT,2025,15.0,Marketing
95104,HSU,marketing,D01,Điểm thi THPT,2025,15.0,Marketing
95105,HSU,marketing,D03,Điểm thi THPT,2025,15.0,Marketing
95106,HSU,marketing,D09,Điểm thi THPT,2025,15.0,Marketing
95107,HSU,nghe-thuat-so,A01,Điểm thi THPT,2021,16.0,Nghệ thuật số
95108,HSU,nghe-thuat-so,D01,Điểm thi THPT,2021,16.0,Nghệ thuật số
95109,HSU,nghe-thuat-so,D09,Điểm thi THPT,2021,16.0,Nghệ thuật số
95110,HSU,nghe-thuat-so,D14,Điểm thi THPT,2021,16.0,Nghệ thuật số
95111,HSU,nghe-thuat-so,A01,Điểm thi THPT,2022,15.0,Nghệ thuật số
95112,HSU,nghe-thuat-so,D01,Điểm thi THPT,2022,15.0,Nghệ thuật số
95113,HSU,nghe-thuat-so,D09,Điểm thi THPT,2022,15.0,Nghệ thuật số
95114,HSU,nghe-thuat-so,D14,Điểm thi THPT,2022,15.0,Nghệ thuật số
95115,HSU,nghe-thuat-so,A01,Điểm học bạ,2023,6.0,Nghệ thuật số
95116,HSU,nghe-thuat-so,D01,Điểm học bạ,2023,6.0,Nghệ thuật số
95117,HSU,nghe-thuat-so,D09,Điểm học bạ,2023,6.0,Nghệ thuật số
95118,HSU,nghe-thuat-so,D14,Điểm học bạ,2023,6.0,Nghệ thuật số
95119,HSU,nghe-thuat-so,A01,Điểm thi THPT,2023,15.0,Nghệ thuật số
95120,HSU,nghe-thuat-so,D01,Điểm thi THPT,2023,15.0,Nghệ thuật số
95121,HSU,nghe-thuat-so,D09,Điểm thi THPT,2023,15.0,Nghệ thuật số
95122,HSU,nghe-thuat-so,D14,Điểm thi THPT,2023,15.0,Nghệ thuật số
95123,HSU,nghe-thuat-so,A01,Điểm học bạ,2024,6.0,Nghệ thuật số
95124,HSU,nghe-thuat-so,D01,Điểm học bạ,2024,6.0,Nghệ thuật số
95125,HSU,nghe-thuat-so,D09,Điểm học bạ,2024,6.0,Nghệ thuật số
95126,HSU,nghe-thuat-so,D14,Điểm học bạ,2024,6.0,Nghệ thuật số
95127,HSU,nghe-thuat-so,A01,Điểm thi THPT,2024,15.0,Nghệ thuật số
95128,HSU,nghe-thuat-so,D01,Điểm thi THPT,2024,15.0,Nghệ thuật số
95129,HSU,nghe-thuat-so,D09,Điểm thi THPT,2024,15.0,Nghệ thuật số
95130,HSU,nghe-thuat-so,D14,Điểm thi THPT,2024,15.0,Nghệ thuật số
95131,HSU,nghe-thuat-so,A01,Điểm học bạ,2025,18.0,Nghệ thuật số
95132,HSU,nghe-thuat-so,C10,Điểm học bạ,2025,18.0,Nghệ thuật số
95133,HSU,nghe-thuat-so,D01,Điểm học bạ,2025,18.0,Nghệ thuật số
95134,HSU,nghe-thuat-so,A01,Điểm thi THPT,2025,15.0,Nghệ thuật số
95135,HSU,nghe-thuat-so,C10,Điểm thi THPT,2025,15.0,Nghệ thuật số
95136,HSU,nghe-thuat-so,D01,Điểm thi THPT,2025,15.0,Nghệ thuật số
95137,HSU,ngon-ngu-anh,D01,Điểm thi THPT,2021,16.0,Ngôn ngữ Anh
95138,HSU,ngon-ngu-anh,D09,Điểm thi THPT,2021,16.0,Ngôn ngữ Anh
95139,HSU,ngon-ngu-anh,D14,Điểm thi THPT,2021,16.0,Ngôn ngữ Anh
95140,HSU,ngon-ngu-anh,D15,Điểm thi THPT,2021,16.0,Ngôn ngữ Anh
95141,HSU,ngon-ngu-anh,D01,Điểm thi THPT,2022,16.0,Ngôn ngữ Anh
95142,HSU,ngon-ngu-anh,D09,Điểm thi THPT,2022,16.0,Ngôn ngữ Anh
95143,HSU,ngon-ngu-anh,D14,Điểm thi THPT,2022,16.0,Ngôn ngữ Anh
95144,HSU,ngon-ngu-anh,D15,Điểm thi THPT,2022,16.0,Ngôn ngữ Anh
95145,HSU,ngon-ngu-anh,D01,Điểm học bạ,2023,6.0,Ngôn ngữ Anh
95146,HSU,ngon-ngu-anh,D09,Điểm học bạ,2023,6.0,Ngôn ngữ Anh
95147,HSU,ngon-ngu-anh,D14,Điểm học bạ,2023,6.0,Ngôn ngữ Anh
95148,HSU,ngon-ngu-anh,D15,Điểm học bạ,2023,6.0,Ngôn ngữ Anh
95149,HSU,ngon-ngu-anh,D01,Điểm thi THPT,2023,15.0,Ngôn ngữ Anh
95150,HSU,ngon-ngu-anh,D09,Điểm thi THPT,2023,15.0,Ngôn ngữ Anh
95151,HSU,ngon-ngu-anh,D14,Điểm thi THPT,2023,15.0,Ngôn ngữ Anh
95152,HSU,ngon-ngu-anh,D15,Điểm thi THPT,2023,15.0,Ngôn ngữ Anh
95153,HSU,ngon-ngu-anh,D01,Điểm học bạ,2024,6.0,Ngôn ngữ Anh
95154,HSU,ngon-ngu-anh,D09,Điểm học bạ,2024,6.0,Ngôn ngữ Anh
95155,HSU,ngon-ngu-anh,D14,Điểm học bạ,2024,6.0,Ngôn ngữ Anh
95156,HSU,ngon-ngu-anh,D15,Điểm học bạ,2024,6.0,Ngôn ngữ Anh
95157,HSU,ngon-ngu-anh,D01,Điểm thi THPT,2024,18.0,Ngôn ngữ Anh
95158,HSU,ngon-ngu-anh,D09,Điểm thi THPT,2024,18.0,Ngôn ngữ Anh
95159,HSU,ngon-ngu-anh,D14,Điểm thi THPT,2024,18.0,Ngôn ngữ Anh
95160,HSU,ngon-ngu-anh,D15,Điểm thi THPT,2024,18.0,Ngôn ngữ Anh
95161,HSU,ngon-ngu-anh,C00,Điểm học bạ,2025,18.0,Ngôn ngữ Anh
95162,HSU,ngon-ngu-anh,D01,Điểm học bạ,2025,18.0,Ngôn ngữ Anh
95163,HSU,ngon-ngu-anh,D09,Điểm học bạ,2025,18.0,Ngôn ngữ Anh
95164,HSU,ngon-ngu-anh,D15,Điểm học bạ,2025,18.0,Ngôn ngữ Anh
95165,HSU,ngon-ngu-anh,C00,Điểm thi THPT,2025,15.0,Ngôn ngữ Anh
95166,HSU,ngon-ngu-anh,D01,Điểm thi THPT,2025,15.0,Ngôn ngữ Anh
95167,HSU,ngon-ngu-anh,D09,Điểm thi THPT,2025,15.0,Ngôn ngữ Anh
95168,HSU,ngon-ngu-anh,D15,Điểm thi THPT,2025,15.0,Ngôn ngữ Anh
95169,HSU,ngon-ngu-han-quoc,A01,Điểm học bạ,2025,18.0,Ngôn ngữ Hàn Quốc
95170,HSU,ngon-ngu-han-quoc,C00,Điểm học bạ,2025,18.0,Ngôn ngữ Hàn Quốc
95171,HSU,ngon-ngu-han-quoc,D01,Điểm học bạ,2025,18.0,Ngôn ngữ Hàn Quốc
95172,HSU,ngon-ngu-han-quoc,D09,Điểm học bạ,2025,18.0,Ngôn ngữ Hàn Quốc
95173,HSU,ngon-ngu-han-quoc,A01,Điểm thi THPT,2025,15.0,Ngôn ngữ Hàn Quốc
95174,HSU,ngon-ngu-han-quoc,C00,Điểm thi THPT,2025,15.0,Ngôn ngữ Hàn Quốc
95175,HSU,ngon-ngu-han-quoc,D01,Điểm thi THPT,2025,15.0,Ngôn ngữ Hàn Quốc
95176,HSU,ngon-ngu-han-quoc,D09,Điểm thi THPT,2025,15.0,Ngôn ngữ Hàn Quốc
95177,HSU,ngon-ngu-trung-quoc,A01,Điểm học bạ,2024,6.0,Ngôn ngữ Trung Quốc
95178,HSU,ngon-ngu-trung-quoc,D01,Điểm học bạ,2024,6.0,Ngôn ngữ Trung Quốc
95179,HSU,ngon-ngu-trung-quoc,D04,Điểm học bạ,2024,6.0,Ngôn ngữ Trung Quốc
95180,HSU,ngon-ngu-trung-quoc,D09,Điểm học bạ,2024,6.0,Ngôn ngữ Trung Quốc
95181,HSU,ngon-ngu-trung-quoc,A01,Điểm thi THPT,2024,16.0,Ngôn ngữ Trung Quốc
95182,HSU,ngon-ngu-trung-quoc,D01,Điểm thi THPT,2024,16.0,Ngôn ngữ Trung Quốc
95183,HSU,ngon-ngu-trung-quoc,D04,Điểm thi THPT,2024,16.0,Ngôn ngữ Trung Quốc
95184,HSU,ngon-ngu-trung-quoc,D09,Điểm thi THPT,2024,16.0,Ngôn ngữ Trung Quốc
95185,HSU,ngon-ngu-trung-quoc,A01,Điểm học bạ,2025,18.0,Ngôn ngữ Trung Quốc
95186,HSU,ngon-ngu-trung-quoc,C00,Điểm học bạ,2025,18.0,Ngôn ngữ Trung Quốc
95187,HSU,ngon-ngu-trung-quoc,D01,Điểm học bạ,2025,18.0,Ngôn ngữ Trung Quốc
95188,HSU,ngon-ngu-trung-quoc,D04,Điểm học bạ,2025,18.0,Ngôn ngữ Trung Quốc
95189,HSU,ngon-ngu-trung-quoc,A01,Điểm thi THPT,2025,15.0,Ngôn ngữ Trung Quốc
95190,HSU,ngon-ngu-trung-quoc,C00,Điểm thi THPT,2025,15.0,Ngôn ngữ Trung Quốc
95191,HSU,ngon-ngu-trung-quoc,D01,Điểm thi THPT,2025,15.0,Ngôn ngữ Trung Quốc
95192,HSU,ngon-ngu-trung-quoc,D04,Điểm thi THPT,2025,15.0,Ngôn ngữ Trung Quốc
95193,HSU,nhat-ban-hoc,D01,Điểm thi THPT,2021,16.0,Nhật Bản Học
95194,HSU,nhat-ban-hoc,D09,Điểm thi THPT,2021,16.0,Nhật Bản Học
95195,HSU,nhat-ban-hoc,D14,Điểm thi THPT,2021,16.0,Nhật Bản Học
95196,HSU,nhat-ban-hoc,D15,Điểm thi THPT,2021,16.0,Nhật Bản Học
95197,HSU,nhat-ban-hoc,D01,Điểm thi THPT,2022,15.0,Nhật Bản học
95198,HSU,nhat-ban-hoc,D09,Điểm thi THPT,2022,15.0,Nhật Bản học
95199,HSU,nhat-ban-hoc,D14,Điểm thi THPT,2022,15.0,Nhật Bản học
95200,HSU,nhat-ban-hoc,D16,Điểm thi THPT,2022,15.0,Nhật Bản học
95201,HSU,phim,A01,Điểm thi THPT,2021,16.0,Phim
95202,HSU,phim,D01,Điểm thi THPT,2021,16.0,Phim
95203,HSU,phim,D09,Điểm thi THPT,2021,16.0,Phim
95204,HSU,phim,D14,Điểm thi THPT,2021,16.0,Phim
95205,HSU,phim,A01,Điểm thi THPT,2022,18.0,Phim
95206,HSU,phim,D01,Điểm thi THPT,2022,18.0,Phim
95207,HSU,phim,D09,Điểm thi THPT,2022,18.0,Phim
95208,HSU,phim,D14,Điểm thi THPT,2022,18.0,Phim
95209,HSU,quan-he-cong-chung,A00,Điểm thi THPT,2021,16.0,Quan hệ công chúng
95210,HSU,quan-he-cong-chung,A01,Điểm thi THPT,2021,16.0,Quan hệ công chúng
95211,HSU,quan-he-cong-chung,D01,Điểm thi THPT,2021,16.0,Quan hệ công chúng
95212,HSU,quan-he-cong-chung,D03,Điểm thi THPT,2021,16.0,Quan hệ công chúng
95213,HSU,quan-he-cong-chung,D09,Điểm thi THPT,2021,16.0,Quan hệ công chúng
95214,HSU,quan-he-cong-chung,A00,Điểm thi THPT,2022,15.0,Quan hệ công chúng
95215,HSU,quan-he-cong-chung,A01,Điểm thi THPT,2022,15.0,Quan hệ công chúng
95216,HSU,quan-he-cong-chung,D01,Điểm thi THPT,2022,15.0,Quan hệ công chúng
95217,HSU,quan-he-cong-chung,D03,Điểm thi THPT,2022,15.0,Quan hệ công chúng
95218,HSU,quan-he-cong-chung,D09,Điểm thi THPT,2022,15.0,Quan hệ công chúng
95219,HSU,quan-he-cong-chung,A00,Điểm học bạ,2023,6.0,Quan hệ công chúng
95220,HSU,quan-he-cong-chung,A01,Điểm học bạ,2023,6.0,Quan hệ công chúng
95221,HSU,quan-he-cong-chung,D01,Điểm học bạ,2023,6.0,Quan hệ công chúng
95222,HSU,quan-he-cong-chung,D03,Điểm học bạ,2023,6.0,Quan hệ công chúng
95223,HSU,quan-he-cong-chung,D09,Điểm học bạ,2023,6.0,Quan hệ công chúng
95224,HSU,quan-he-cong-chung,A00,Điểm thi THPT,2023,15.0,Quan hệ công chúng
95225,HSU,quan-he-cong-chung,A01,Điểm thi THPT,2023,15.0,Quan hệ công chúng
95226,HSU,quan-he-cong-chung,D01,Điểm thi THPT,2023,15.0,Quan hệ công chúng
95227,HSU,quan-he-cong-chung,D03,Điểm thi THPT,2023,15.0,Quan hệ công chúng
95228,HSU,quan-he-cong-chung,D09,Điểm thi THPT,2023,15.0,Quan hệ công chúng
95229,HSU,quan-he-cong-chung,A00,Điểm học bạ,2024,6.0,Quan hệ công chúng
95230,HSU,quan-he-cong-chung,A01,Điểm học bạ,2024,6.0,Quan hệ công chúng
95231,HSU,quan-he-cong-chung,D01,Điểm học bạ,2024,6.0,Quan hệ công chúng
95232,HSU,quan-he-cong-chung,D03,Điểm học bạ,2024,6.0,Quan hệ công chúng
95233,HSU,quan-he-cong-chung,D09,Điểm học bạ,2024,6.0,Quan hệ công chúng
95234,HSU,quan-he-cong-chung,A00,Điểm thi THPT,2024,17.0,Quan hệ công chúng
95235,HSU,quan-he-cong-chung,A01,Điểm thi THPT,2024,17.0,Quan hệ công chúng
95236,HSU,quan-he-cong-chung,D01,Điểm thi THPT,2024,17.0,Quan hệ công chúng
95237,HSU,quan-he-cong-chung,D03,Điểm thi THPT,2024,17.0,Quan hệ công chúng
95238,HSU,quan-he-cong-chung,D09,Điểm thi THPT,2024,17.0,Quan hệ công chúng
95239,HSU,quan-he-cong-chung,A00,Điểm học bạ,2025,18.0,Quan hệ công chúng
95240,HSU,quan-he-cong-chung,A01,Điểm học bạ,2025,18.0,Quan hệ công chúng
95241,HSU,quan-he-cong-chung,C00,Điểm học bạ,2025,18.0,Quan hệ công chúng
95242,HSU,quan-he-cong-chung,D01,Điểm học bạ,2025,18.0,Quan hệ công chúng
95243,HSU,quan-he-cong-chung,A00,Điểm thi THPT,2025,15.0,Quan hệ công chúng
95244,HSU,quan-he-cong-chung,A01,Điểm thi THPT,2025,15.0,Quan hệ công chúng
95245,HSU,quan-he-cong-chung,C00,Điểm thi THPT,2025,15.0,Quan hệ công chúng
95246,HSU,quan-he-cong-chung,D01,Điểm thi THPT,2025,15.0,Quan hệ công chúng
95247,HSU,quan-ly-tai-nguyen-moi-truong,A00,Điểm thi THPT,2021,16.0,Quản lý tài nguyên & môi trường
95248,HSU,quan-ly-tai-nguyen-moi-truong,B00,Điểm thi THPT,2021,16.0,Quản lý tài nguyên & môi trường
95249,HSU,quan-ly-tai-nguyen-moi-truong,D07,Điểm thi THPT,2021,16.0,Quản lý tài nguyên & môi trường
95250,HSU,quan-ly-tai-nguyen-moi-truong,D08,Điểm thi THPT,2021,16.0,Quản lý tài nguyên & môi trường
95251,HSU,quan-tri-cong-nghe-truyen-thong,A00,Điểm thi THPT,2021,16.0,Quản trị công nghệ truyền thông
95252,HSU,quan-tri-cong-nghe-truyen-thong,A01,Điểm thi THPT,2021,16.0,Quản trị công nghệ truyền thông
95253,HSU,quan-tri-cong-nghe-truyen-thong,D01,Điểm thi THPT,2021,16.0,Quản trị công nghệ truyền thông
95254,HSU,quan-tri-cong-nghe-truyen-thong,D03,Điểm thi THPT,2021,16.0,Quản trị công nghệ truyền thông
95255,HSU,quan-tri-cong-nghe-truyen-thong,D09,Điểm thi THPT,2021,16.0,Quản trị công nghệ truyền thông
95256,HSU,quan-tri-cong-nghe-truyen-thong,A00,Điểm thi THPT,2022,17.0,Quản trị công nghệ truyền thông
95257,HSU,quan-tri-cong-nghe-truyen-thong,A01,Điểm thi THPT,2022,17.0,Quản trị công nghệ truyền thông
95258,HSU,quan-tri-cong-nghe-truyen-thong,D01,Điểm thi THPT,2022,17.0,Quản trị công nghệ truyền thông
95259,HSU,quan-tri-cong-nghe-truyen-thong,D03,Điểm thi THPT,2022,17.0,Quản trị công nghệ truyền thông
95260,HSU,quan-tri-cong-nghe-truyen-thong,D09,Điểm thi THPT,2022,17.0,Quản trị công nghệ truyền thông
95261,HSU,quan-tri-cong-nghe-truyen-thong,A00,Điểm học bạ,2023,6.0,Quản trị công nghệ truyền thông
95262,HSU,quan-tri-cong-nghe-truyen-thong,A01,Điểm học bạ,2023,6.0,Quản trị công nghệ truyền thông
95263,HSU,quan-tri-cong-nghe-truyen-thong,D01,Điểm học bạ,2023,6.0,Quản trị công nghệ truyền thông
95264,HSU,quan-tri-cong-nghe-truyen-thong,D03,Điểm học bạ,2023,6.0,Quản trị công nghệ truyền thông
95265,HSU,quan-tri-cong-nghe-truyen-thong,D09,Điểm học bạ,2023,6.0,Quản trị công nghệ truyền thông
95266,HSU,quan-tri-cong-nghe-truyen-thong,A00,Điểm thi THPT,2023,15.0,Quản trị công nghệ truyền thông
95267,HSU,quan-tri-cong-nghe-truyen-thong,A01,Điểm thi THPT,2023,15.0,Quản trị công nghệ truyền thông
95268,HSU,quan-tri-cong-nghe-truyen-thong,D01,Điểm thi THPT,2023,15.0,Quản trị công nghệ truyền thông
95269,HSU,quan-tri-cong-nghe-truyen-thong,D03,Điểm thi THPT,2023,15.0,Quản trị công nghệ truyền thông
95270,HSU,quan-tri-cong-nghe-truyen-thong,D09,Điểm thi THPT,2023,15.0,Quản trị công nghệ truyền thông
95271,HSU,quan-tri-cong-nghe-truyen-thong,A00,Điểm học bạ,2024,6.0,Quản trị công nghệ truyền thông
95272,HSU,quan-tri-cong-nghe-truyen-thong,A01,Điểm học bạ,2024,6.0,Quản trị công nghệ truyền thông
95273,HSU,quan-tri-cong-nghe-truyen-thong,D01,Điểm học bạ,2024,6.0,Quản trị công nghệ truyền thông
95274,HSU,quan-tri-cong-nghe-truyen-thong,D03,Điểm học bạ,2024,6.0,Quản trị công nghệ truyền thông
95275,HSU,quan-tri-cong-nghe-truyen-thong,D09,Điểm học bạ,2024,6.0,Quản trị công nghệ truyền thông
95276,HSU,quan-tri-cong-nghe-truyen-thong,A00,Điểm thi THPT,2024,16.0,Quản trị công nghệ truyền thông
95277,HSU,quan-tri-cong-nghe-truyen-thong,A01,Điểm thi THPT,2024,16.0,Quản trị công nghệ truyền thông
95278,HSU,quan-tri-cong-nghe-truyen-thong,D01,Điểm thi THPT,2024,16.0,Quản trị công nghệ truyền thông
95279,HSU,quan-tri-cong-nghe-truyen-thong,D03,Điểm thi THPT,2024,16.0,Quản trị công nghệ truyền thông
95280,HSU,quan-tri-cong-nghe-truyen-thong,D09,Điểm thi THPT,2024,16.0,Quản trị công nghệ truyền thông
95281,HSU,quan-tri-cong-nghe-truyen-thong,A00,Điểm học bạ,2025,18.0,Quản trị công nghệ truyền thông
95282,HSU,quan-tri-cong-nghe-truyen-thong,A01,Điểm học bạ,2025,18.0,Quản trị công nghệ truyền thông
95283,HSU,quan-tri-cong-nghe-truyen-thong,D01,Điểm học bạ,2025,18.0,Quản trị công nghệ truyền thông
95284,HSU,quan-tri-cong-nghe-truyen-thong,D03,Điểm học bạ,2025,18.0,Quản trị công nghệ truyền thông
95285,HSU,quan-tri-cong-nghe-truyen-thong,D09,Điểm học bạ,2025,18.0,Quản trị công nghệ truyền thông
95286,HSU,quan-tri-cong-nghe-truyen-thong,A00,Điểm thi THPT,2025,15.0,Quản trị công nghệ truyền thông
95287,HSU,quan-tri-cong-nghe-truyen-thong,A01,Điểm thi THPT,2025,15.0,Quản trị công nghệ truyền thông
95288,HSU,quan-tri-cong-nghe-truyen-thong,D01,Điểm thi THPT,2025,15.0,Quản trị công nghệ truyền thông
95289,HSU,quan-tri-cong-nghe-truyen-thong,D03,Điểm thi THPT,2025,15.0,Quản trị công nghệ truyền thông
95290,HSU,quan-tri-cong-nghe-truyen-thong,D09,Điểm thi THPT,2025,15.0,Quản trị công nghệ truyền thông
95291,HSU,quan-tri-dich-vu-du-lich-lu-hanh,A00,Điểm thi THPT,2022,16.0,Quản trị dịch vụ du lịch lữ hành
95292,HSU,quan-tri-dich-vu-du-lich-lu-hanh,A01,Điểm thi THPT,2022,16.0,Quản trị dịch vụ du lịch lữ hành
95293,HSU,quan-tri-dich-vu-du-lich-lu-hanh,D01,Điểm thi THPT,2022,16.0,Quản trị dịch vụ du lịch lữ hành
95294,HSU,quan-tri-dich-vu-du-lich-lu-hanh,D03,Điểm thi THPT,2022,16.0,Quản trị dịch vụ du lịch lữ hành
95295,HSU,quan-tri-dich-vu-du-lich-lu-hanh,D09,Điểm thi THPT,2022,16.0,Quản trị dịch vụ du lịch lữ hành
95296,HSU,quan-tri-dich-vu-du-lich-lu-hanh,A00,Điểm học bạ,2023,6.0,Quản trị dịch vụ Du lịch & Lừ hành
95297,HSU,quan-tri-dich-vu-du-lich-lu-hanh,A01,Điểm học bạ,2023,6.0,Quản trị dịch vụ Du lịch & Lừ hành
95298,HSU,quan-tri-dich-vu-du-lich-lu-hanh,D01,Điểm học bạ,2023,6.0,Quản trị dịch vụ Du lịch & Lừ hành
95299,HSU,quan-tri-dich-vu-du-lich-lu-hanh,D03,Điểm học bạ,2023,6.0,Quản trị dịch vụ Du lịch & Lừ hành
95300,HSU,quan-tri-dich-vu-du-lich-lu-hanh,D09,Điểm học bạ,2023,6.0,Quản trị dịch vụ Du lịch & Lừ hành
95301,HSU,quan-tri-dich-vu-du-lich-lu-hanh,A00,Điểm thi THPT,2023,15.0,Quản trị dịch vụ Du lịch & Lừ hành
95302,HSU,quan-tri-dich-vu-du-lich-lu-hanh,A01,Điểm thi THPT,2023,15.0,Quản trị dịch vụ Du lịch & Lừ hành
95303,HSU,quan-tri-dich-vu-du-lich-lu-hanh,D01,Điểm thi THPT,2023,15.0,Quản trị dịch vụ Du lịch & Lừ hành
95304,HSU,quan-tri-dich-vu-du-lich-lu-hanh,D03,Điểm thi THPT,2023,15.0,Quản trị dịch vụ Du lịch & Lừ hành
95305,HSU,quan-tri-dich-vu-du-lich-lu-hanh,D09,Điểm thi THPT,2023,15.0,Quản trị dịch vụ Du lịch & Lừ hành
95306,HSU,quan-tri-dich-vu-du-lich-lu-hanh,A00,Điểm học bạ,2024,6.0,Quản trị dịch vụ Du lịch & Lữ hành
95307,HSU,quan-tri-dich-vu-du-lich-lu-hanh,A01,Điểm học bạ,2024,6.0,Quản trị dịch vụ Du lịch & Lữ hành
95308,HSU,quan-tri-dich-vu-du-lich-lu-hanh,D01,Điểm học bạ,2024,6.0,Quản trị dịch vụ Du lịch & Lữ hành
95309,HSU,quan-tri-dich-vu-du-lich-lu-hanh,D03,Điểm học bạ,2024,6.0,Quản trị dịch vụ Du lịch & Lữ hành
95310,HSU,quan-tri-dich-vu-du-lich-lu-hanh,D09,Điểm học bạ,2024,6.0,Quản trị dịch vụ Du lịch & Lữ hành
95311,HSU,quan-tri-dich-vu-du-lich-lu-hanh,A00,Điểm thi THPT,2024,16.0,Quản trị dịch vụ Du lịch & Lữ hành
95312,HSU,quan-tri-dich-vu-du-lich-lu-hanh,A01,Điểm thi THPT,2024,16.0,Quản trị dịch vụ Du lịch & Lữ hành
95313,HSU,quan-tri-dich-vu-du-lich-lu-hanh,D01,Điểm thi THPT,2024,16.0,Quản trị dịch vụ Du lịch & Lữ hành
95314,HSU,quan-tri-dich-vu-du-lich-lu-hanh,D03,Điểm thi THPT,2024,16.0,Quản trị dịch vụ Du lịch & Lữ hành
95315,HSU,quan-tri-dich-vu-du-lich-lu-hanh,D09,Điểm thi THPT,2024,16.0,Quản trị dịch vụ Du lịch & Lữ hành
95316,HSU,quan-tri-dich-vu-du-lich-lu-hanh,A00,Điểm học bạ,2025,18.0,Quản trị dịch vụ Du lịch & Lữ hành
95317,HSU,quan-tri-dich-vu-du-lich-lu-hanh,A01,Điểm học bạ,2025,18.0,Quản trị dịch vụ Du lịch & Lữ hành
95318,HSU,quan-tri-dich-vu-du-lich-lu-hanh,C00,Điểm học bạ,2025,18.0,Quản trị dịch vụ Du lịch & Lữ hành
95319,HSU,quan-tri-dich-vu-du-lich-lu-hanh,D01,Điểm học bạ,2025,18.0,Quản trị dịch vụ Du lịch & Lữ hành
95320,HSU,quan-tri-dich-vu-du-lich-lu-hanh,A00,Điểm thi THPT,2025,15.0,Quản trị dịch vụ Du lịch & Lữ hành
95321,HSU,quan-tri-dich-vu-du-lich-lu-hanh,A01,Điểm thi THPT,2025,15.0,Quản trị dịch vụ Du lịch & Lữ hành
95322,HSU,quan-tri-dich-vu-du-lich-lu-hanh,C00,Điểm thi THPT,2025,15.0,Quản trị dịch vụ Du lịch & Lữ hành
95323,HSU,quan-tri-dich-vu-du-lich-lu-hanh,D01,Điểm thi THPT,2025,15.0,Quản trị dịch vụ Du lịch & Lữ hành
95324,HSU,quan-tri-dich-vu-du-lich-va-lu-hanh,A00,Điểm thi THPT,2021,16.0,Quản trị dịch vụ du lịch và lữ hành
95325,HSU,quan-tri-dich-vu-du-lich-va-lu-hanh,A01,Điểm thi THPT,2021,16.0,Quản trị dịch vụ du lịch và lữ hành
95326,HSU,quan-tri-dich-vu-du-lich-va-lu-hanh,D01,Điểm thi THPT,2021,16.0,Quản trị dịch vụ du lịch và lữ hành
95327,HSU,quan-tri-dich-vu-du-lich-va-lu-hanh,D03,Điểm thi THPT,2021,16.0,Quản trị dịch vụ du lịch và lữ hành
95328,HSU,quan-tri-dich-vu-du-lich-va-lu-hanh,D09,Điểm thi THPT,2021,16.0,Quản trị dịch vụ du lịch và lữ hành
95329,HSU,quan-tri-khach-san,A00,Điểm thi THPT,2021,16.0,Quản trị khách sạn
95330,HSU,quan-tri-khach-san,A01,Điểm thi THPT,2021,16.0,Quản trị khách sạn
95331,HSU,quan-tri-khach-san,D01,Điểm thi THPT,2021,16.0,Quản trị khách sạn
95332,HSU,quan-tri-khach-san,D03,Điểm thi THPT,2021,16.0,Quản trị khách sạn
95333,HSU,quan-tri-khach-san,D09,Điểm thi THPT,2021,16.0,Quản trị khách sạn
95334,HSU,quan-tri-khach-san,A00,Điểm thi THPT,2022,16.0,Quản trị khách sạn
95335,HSU,quan-tri-khach-san,A01,Điểm thi THPT,2022,16.0,Quản trị khách sạn
95336,HSU,quan-tri-khach-san,D01,Điểm thi THPT,2022,16.0,Quản trị khách sạn
95337,HSU,quan-tri-khach-san,D03,Điểm thi THPT,2022,16.0,Quản trị khách sạn
95338,HSU,quan-tri-khach-san,D09,Điểm thi THPT,2022,16.0,Quản trị khách sạn
95339,HSU,quan-tri-khach-san,A00,Điểm học bạ,2023,6.0,Quản trị khách sạn
95340,HSU,quan-tri-khach-san,A01,Điểm học bạ,2023,6.0,Quản trị khách sạn
95341,HSU,quan-tri-khach-san,D01,Điểm học bạ,2023,6.0,Quản trị khách sạn
95342,HSU,quan-tri-khach-san,D03,Điểm học bạ,2023,6.0,Quản trị khách sạn
95343,HSU,quan-tri-khach-san,D09,Điểm học bạ,2023,6.0,Quản trị khách sạn
95344,HSU,quan-tri-khach-san,A00,Điểm thi THPT,2023,15.0,Quản trị khách sạn
95345,HSU,quan-tri-khach-san,A01,Điểm thi THPT,2023,15.0,Quản trị khách sạn
95346,HSU,quan-tri-khach-san,D01,Điểm thi THPT,2023,15.0,Quản trị khách sạn
95347,HSU,quan-tri-khach-san,D03,Điểm thi THPT,2023,15.0,Quản trị khách sạn
95348,HSU,quan-tri-khach-san,D09,Điểm thi THPT,2023,15.0,Quản trị khách sạn
95349,HSU,quan-tri-khach-san,A00,Điểm học bạ,2024,6.0,Quản trị khách sạn
95350,HSU,quan-tri-khach-san,A01,Điểm học bạ,2024,6.0,Quản trị khách sạn
95351,HSU,quan-tri-khach-san,D01,Điểm học bạ,2024,6.0,Quản trị khách sạn
95352,HSU,quan-tri-khach-san,D03,Điểm học bạ,2024,6.0,Quản trị khách sạn
95353,HSU,quan-tri-khach-san,D09,Điểm học bạ,2024,6.0,Quản trị khách sạn
95354,HSU,quan-tri-khach-san,A00,Điểm thi THPT,2024,16.0,Quản trị khách sạn
95355,HSU,quan-tri-khach-san,A01,Điểm thi THPT,2024,16.0,Quản trị khách sạn
95356,HSU,quan-tri-khach-san,D01,Điểm thi THPT,2024,16.0,Quản trị khách sạn
95357,HSU,quan-tri-khach-san,D03,Điểm thi THPT,2024,16.0,Quản trị khách sạn
95358,HSU,quan-tri-khach-san,D09,Điểm thi THPT,2024,16.0,Quản trị khách sạn
95359,HSU,quan-tri-khach-san,A00,Điểm học bạ,2025,18.0,Quản trị khách sạn
95360,HSU,quan-tri-khach-san,A01,Điểm học bạ,2025,18.0,Quản trị khách sạn
95361,HSU,quan-tri-khach-san,C00,Điểm học bạ,2025,18.0,Quản trị khách sạn
95362,HSU,quan-tri-khach-san,D01,Điểm học bạ,2025,18.0,Quản trị khách sạn
95363,HSU,quan-tri-khach-san,A00,Điểm thi THPT,2025,15.0,Quản trị khách sạn
95364,HSU,quan-tri-khach-san,A01,Điểm thi THPT,2025,15.0,Quản trị khách sạn
95365,HSU,quan-tri-khach-san,C00,Điểm thi THPT,2025,15.0,Quản trị khách sạn
95366,HSU,quan-tri-khach-san,D01,Điểm thi THPT,2025,15.0,Quản trị khách sạn
95367,HSU,quan-tri-khach-san-chuong-trinh-elite,A00,Điểm học bạ,2023,6.0,Quản trị khách sạn - Chương trình Elite
95368,HSU,quan-tri-khach-san-chuong-trinh-elite,A01,Điểm học bạ,2023,6.0,Quản trị khách sạn - Chương trình Elite
95369,HSU,quan-tri-khach-san-chuong-trinh-elite,D01,Điểm học bạ,2023,6.0,Quản trị khách sạn - Chương trình Elite
95370,HSU,quan-tri-khach-san-chuong-trinh-elite,D03,Điểm học bạ,2023,6.0,Quản trị khách sạn - Chương trình Elite
95371,HSU,quan-tri-khach-san-chuong-trinh-elite,D09,Điểm học bạ,2023,6.0,Quản trị khách sạn - Chương trình Elite
95372,HSU,quan-tri-khach-san-chuong-trinh-elite,A00,Điểm thi THPT,2023,15.0,Quản trị khách sạn - Chương trình Elite
95373,HSU,quan-tri-khach-san-chuong-trinh-elite,A01,Điểm thi THPT,2023,15.0,Quản trị khách sạn - Chương trình Elite
95374,HSU,quan-tri-khach-san-chuong-trinh-elite,D01,Điểm thi THPT,2023,15.0,Quản trị khách sạn - Chương trình Elite
95375,HSU,quan-tri-khach-san-chuong-trinh-elite,D03,Điểm thi THPT,2023,15.0,Quản trị khách sạn - Chương trình Elite
95376,HSU,quan-tri-khach-san-chuong-trinh-elite,D09,Điểm thi THPT,2023,15.0,Quản trị khách sạn - Chương trình Elite
95377,HSU,quan-tri-khach-san-chuong-trinh-elite,A00,Điểm học bạ,2024,6.0,Quản trị khách sạn – Chương trình Elite
95378,HSU,quan-tri-khach-san-chuong-trinh-elite,A01,Điểm học bạ,2024,6.0,Quản trị khách sạn – Chương trình Elite
95379,HSU,quan-tri-khach-san-chuong-trinh-elite,D01,Điểm học bạ,2024,6.0,Quản trị khách sạn – Chương trình Elite
95380,HSU,quan-tri-khach-san-chuong-trinh-elite,D03,Điểm học bạ,2024,6.0,Quản trị khách sạn – Chương trình Elite
95381,HSU,quan-tri-khach-san-chuong-trinh-elite,D09,Điểm học bạ,2024,6.0,Quản trị khách sạn – Chương trình Elite
95382,HSU,quan-tri-khach-san-chuong-trinh-elite,A00,Điểm thi THPT,2024,18.0,Quản trị khách sạn – Chương trình Elite
95383,HSU,quan-tri-khach-san-chuong-trinh-elite,A01,Điểm thi THPT,2024,18.0,Quản trị khách sạn – Chương trình Elite
95384,HSU,quan-tri-khach-san-chuong-trinh-elite,D01,Điểm thi THPT,2024,18.0,Quản trị khách sạn – Chương trình Elite
95385,HSU,quan-tri-khach-san-chuong-trinh-elite,D03,Điểm thi THPT,2024,18.0,Quản trị khách sạn – Chương trình Elite
95386,HSU,quan-tri-khach-san-chuong-trinh-elite,D09,Điểm thi THPT,2024,18.0,Quản trị khách sạn – Chương trình Elite
95387,HSU,quan-tri-kinh-doanh,A00,Điểm thi THPT,2021,16.0,Quản trị kinh doanh
95388,HSU,quan-tri-kinh-doanh,A01,Điểm thi THPT,2021,16.0,Quản trị kinh doanh
95389,HSU,quan-tri-kinh-doanh,D01,Điểm thi THPT,2021,16.0,Quản trị kinh doanh
95390,HSU,quan-tri-kinh-doanh,D03,Điểm thi THPT,2021,16.0,Quản trị kinh doanh
95391,HSU,quan-tri-kinh-doanh,D09,Điểm thi THPT,2021,16.0,Quản trị kinh doanh
95392,HSU,quan-tri-kinh-doanh,A00,Điểm thi THPT,2022,16.0,Quản trị kinh doanh
95393,HSU,quan-tri-kinh-doanh,A01,Điểm thi THPT,2022,16.0,Quản trị kinh doanh
95394,HSU,quan-tri-kinh-doanh,D01,Điểm thi THPT,2022,16.0,Quản trị kinh doanh
95395,HSU,quan-tri-kinh-doanh,D03,Điểm thi THPT,2022,16.0,Quản trị kinh doanh
95396,HSU,quan-tri-kinh-doanh,D09,Điểm thi THPT,2022,16.0,Quản trị kinh doanh
95397,HSU,quan-tri-kinh-doanh,A00,Điểm học bạ,2023,6.0,Quản trị kinh doanh
95398,HSU,quan-tri-kinh-doanh,A01,Điểm học bạ,2023,6.0,Quản trị kinh doanh
95399,HSU,quan-tri-kinh-doanh,D01,Điểm học bạ,2023,6.0,Quản trị kinh doanh
95400,HSU,quan-tri-kinh-doanh,D03,Điểm học bạ,2023,6.0,Quản trị kinh doanh
95401,HSU,quan-tri-kinh-doanh,D09,Điểm học bạ,2023,6.0,Quản trị kinh doanh
95402,HSU,quan-tri-kinh-doanh,A00,Điểm thi THPT,2023,15.0,Quản trị kinh doanh
95403,HSU,quan-tri-kinh-doanh,A01,Điểm thi THPT,2023,15.0,Quản trị kinh doanh
95404,HSU,quan-tri-kinh-doanh,D01,Điểm thi THPT,2023,15.0,Quản trị kinh doanh
95405,HSU,quan-tri-kinh-doanh,D03,Điểm thi THPT,2023,15.0,Quản trị kinh doanh
95406,HSU,quan-tri-kinh-doanh,D09,Điểm thi THPT,2023,15.0,Quản trị kinh doanh
95407,HSU,quan-tri-kinh-doanh,A00,Điểm học bạ,2024,6.0,Quản trị kinh doanh
95408,HSU,quan-tri-kinh-doanh,A01,Điểm học bạ,2024,6.0,Quản trị kinh doanh
95409,HSU,quan-tri-kinh-doanh,D01,Điểm học bạ,2024,6.0,Quản trị kinh doanh
95410,HSU,quan-tri-kinh-doanh,D03,Điểm học bạ,2024,6.0,Quản trị kinh doanh
95411,HSU,quan-tri-kinh-doanh,D09,Điểm học bạ,2024,6.0,Quản trị kinh doanh
95412,HSU,quan-tri-kinh-doanh,A00,Điểm thi THPT,2024,16.0,Quản trị kinh doanh
95413,HSU,quan-tri-kinh-doanh,A01,Điểm thi THPT,2024,16.0,Quản trị kinh doanh
95414,HSU,quan-tri-kinh-doanh,D01,Điểm thi THPT,2024,16.0,Quản trị kinh doanh
95415,HSU,quan-tri-kinh-doanh,D03,Điểm thi THPT,2024,16.0,Quản trị kinh doanh
95416,HSU,quan-tri-kinh-doanh,D09,Điểm thi THPT,2024,16.0,Quản trị kinh doanh
95417,HSU,quan-tri-kinh-doanh,A00,Điểm học bạ,2025,18.0,Quản trị kinh doanh
95418,HSU,quan-tri-kinh-doanh,A01,Điểm học bạ,2025,18.0,Quản trị kinh doanh
95419,HSU,quan-tri-kinh-doanh,D01,Điểm học bạ,2025,18.0,Quản trị kinh doanh
95420,HSU,quan-tri-kinh-doanh,D03,Điểm học bạ,2025,18.0,Quản trị kinh doanh
95421,HSU,quan-tri-kinh-doanh,D09,Điểm học bạ,2025,18.0,Quản trị kinh doanh
95422,HSU,quan-tri-kinh-doanh,A00,Điểm thi THPT,2025,15.0,Quản trị kinh doanh
95423,HSU,quan-tri-kinh-doanh,A01,Điểm thi THPT,2025,15.0,Quản trị kinh doanh
95424,HSU,quan-tri-kinh-doanh,D01,Điểm thi THPT,2025,15.0,Quản trị kinh doanh
95425,HSU,quan-tri-kinh-doanh,D03,Điểm thi THPT,2025,15.0,Quản trị kinh doanh
95426,HSU,quan-tri-kinh-doanh,D09,Điểm thi THPT,2025,15.0,Quản trị kinh doanh
95427,HSU,quan-tri-nha-hang-dich-vu-an-uong,A00,Điểm thi THPT,2022,16.0,Quản trị nhà hàng &dịch vụ ăn uống
95428,HSU,quan-tri-nha-hang-dich-vu-an-uong,A01,Điểm thi THPT,2022,16.0,Quản trị nhà hàng &dịch vụ ăn uống
95429,HSU,quan-tri-nha-hang-dich-vu-an-uong,D01,Điểm thi THPT,2022,16.0,Quản trị nhà hàng &dịch vụ ăn uống
95430,HSU,quan-tri-nha-hang-dich-vu-an-uong,D03,Điểm thi THPT,2022,16.0,Quản trị nhà hàng &dịch vụ ăn uống
95431,HSU,quan-tri-nha-hang-dich-vu-an-uong,D09,Điểm thi THPT,2022,16.0,Quản trị nhà hàng &dịch vụ ăn uống
95432,HSU,quan-tri-nha-hang-dich-vu-an-uong,A00,Điểm học bạ,2023,6.0,Quản trị nhà hàng & Dịch vụ ăn uống
95433,HSU,quan-tri-nha-hang-dich-vu-an-uong,A01,Điểm học bạ,2023,6.0,Quản trị nhà hàng & Dịch vụ ăn uống
95434,HSU,quan-tri-nha-hang-dich-vu-an-uong,D01,Điểm học bạ,2023,6.0,Quản trị nhà hàng & Dịch vụ ăn uống
95435,HSU,quan-tri-nha-hang-dich-vu-an-uong,D03,Điểm học bạ,2023,6.0,Quản trị nhà hàng & Dịch vụ ăn uống
95436,HSU,quan-tri-nha-hang-dich-vu-an-uong,D09,Điểm học bạ,2023,6.0,Quản trị nhà hàng & Dịch vụ ăn uống
95437,HSU,quan-tri-nha-hang-dich-vu-an-uong,A00,Điểm thi THPT,2023,15.0,Quản trị nhà hàng & Dịch vụ ăn uống
95438,HSU,quan-tri-nha-hang-dich-vu-an-uong,A01,Điểm thi THPT,2023,15.0,Quản trị nhà hàng & Dịch vụ ăn uống
95439,HSU,quan-tri-nha-hang-dich-vu-an-uong,D01,Điểm thi THPT,2023,15.0,Quản trị nhà hàng & Dịch vụ ăn uống
95440,HSU,quan-tri-nha-hang-dich-vu-an-uong,D03,Điểm thi THPT,2023,15.0,Quản trị nhà hàng & Dịch vụ ăn uống
95441,HSU,quan-tri-nha-hang-dich-vu-an-uong,D09,Điểm thi THPT,2023,15.0,Quản trị nhà hàng & Dịch vụ ăn uống
95442,HSU,quan-tri-nha-hang-dich-vu-an-uong,A00,Điểm học bạ,2024,6.0,Quản trị nhà hàng & Dịch vụ ăn uống
95443,HSU,quan-tri-nha-hang-dich-vu-an-uong,A01,Điểm học bạ,2024,6.0,Quản trị nhà hàng & Dịch vụ ăn uống
95444,HSU,quan-tri-nha-hang-dich-vu-an-uong,D01,Điểm học bạ,2024,6.0,Quản trị nhà hàng & Dịch vụ ăn uống
95445,HSU,quan-tri-nha-hang-dich-vu-an-uong,D03,Điểm học bạ,2024,6.0,Quản trị nhà hàng & Dịch vụ ăn uống
95446,HSU,quan-tri-nha-hang-dich-vu-an-uong,D09,Điểm học bạ,2024,6.0,Quản trị nhà hàng & Dịch vụ ăn uống
95447,HSU,quan-tri-nha-hang-dich-vu-an-uong,A00,Điểm thi THPT,2024,17.0,Quản trị nhà hàng & Dịch vụ ăn uống
95448,HSU,quan-tri-nha-hang-dich-vu-an-uong,A01,Điểm thi THPT,2024,17.0,Quản trị nhà hàng & Dịch vụ ăn uống
95449,HSU,quan-tri-nha-hang-dich-vu-an-uong,D01,Điểm thi THPT,2024,17.0,Quản trị nhà hàng & Dịch vụ ăn uống
95450,HSU,quan-tri-nha-hang-dich-vu-an-uong,D03,Điểm thi THPT,2024,17.0,Quản trị nhà hàng & Dịch vụ ăn uống
95451,HSU,quan-tri-nha-hang-dich-vu-an-uong,D09,Điểm thi THPT,2024,17.0,Quản trị nhà hàng & Dịch vụ ăn uống
95452,HSU,quan-tri-nha-hang-dich-vu-an-uong,A00,Điểm học bạ,2025,18.0,Quản trị nhà hàng & Dịch vụ ăn uống
95453,HSU,quan-tri-nha-hang-dich-vu-an-uong,A01,Điểm học bạ,2025,18.0,Quản trị nhà hàng & Dịch vụ ăn uống
95454,HSU,quan-tri-nha-hang-dich-vu-an-uong,C00,Điểm học bạ,2025,18.0,Quản trị nhà hàng & Dịch vụ ăn uống
95455,HSU,quan-tri-nha-hang-dich-vu-an-uong,D01,Điểm học bạ,2025,18.0,Quản trị nhà hàng & Dịch vụ ăn uống
95456,HSU,quan-tri-nha-hang-dich-vu-an-uong,A00,Điểm thi THPT,2025,15.0,Quản trị nhà hàng & Dịch vụ ăn uống
95457,HSU,quan-tri-nha-hang-dich-vu-an-uong,A01,Điểm thi THPT,2025,15.0,Quản trị nhà hàng & Dịch vụ ăn uống
95458,HSU,quan-tri-nha-hang-dich-vu-an-uong,C00,Điểm thi THPT,2025,15.0,Quản trị nhà hàng & Dịch vụ ăn uống
95459,HSU,quan-tri-nha-hang-dich-vu-an-uong,D01,Điểm thi THPT,2025,15.0,Quản trị nhà hàng & Dịch vụ ăn uống
95460,HSU,quan-tri-nha-hang-dich-vu-an-uong-chuong-trinh-elite,A00,Điểm học bạ,2023,6.0,Quản trị nhà hàng & Dịch vụ ăn uống -Chương trình Elite
95461,HSU,quan-tri-nha-hang-dich-vu-an-uong-chuong-trinh-elite,A01,Điểm học bạ,2023,6.0,Quản trị nhà hàng & Dịch vụ ăn uống -Chương trình Elite
95462,HSU,quan-tri-nha-hang-dich-vu-an-uong-chuong-trinh-elite,D01,Điểm học bạ,2023,6.0,Quản trị nhà hàng & Dịch vụ ăn uống -Chương trình Elite
95463,HSU,quan-tri-nha-hang-dich-vu-an-uong-chuong-trinh-elite,D03,Điểm học bạ,2023,6.0,Quản trị nhà hàng & Dịch vụ ăn uống -Chương trình Elite
95464,HSU,quan-tri-nha-hang-dich-vu-an-uong-chuong-trinh-elite,D09,Điểm học bạ,2023,6.0,Quản trị nhà hàng & Dịch vụ ăn uống -Chương trình Elite
95465,HSU,quan-tri-nha-hang-dich-vu-an-uong-chuong-trinh-elite,A00,Điểm thi THPT,2023,15.0,Quản trị nhà hàng & Dịch vụ ăn uống -Chương trình Elite
95466,HSU,quan-tri-nha-hang-dich-vu-an-uong-chuong-trinh-elite,A01,Điểm thi THPT,2023,15.0,Quản trị nhà hàng & Dịch vụ ăn uống -Chương trình Elite
95467,HSU,quan-tri-nha-hang-dich-vu-an-uong-chuong-trinh-elite,D01,Điểm thi THPT,2023,15.0,Quản trị nhà hàng & Dịch vụ ăn uống -Chương trình Elite
95468,HSU,quan-tri-nha-hang-dich-vu-an-uong-chuong-trinh-elite,D03,Điểm thi THPT,2023,15.0,Quản trị nhà hàng & Dịch vụ ăn uống -Chương trình Elite
95469,HSU,quan-tri-nha-hang-dich-vu-an-uong-chuong-trinh-elite,D09,Điểm thi THPT,2023,15.0,Quản trị nhà hàng & Dịch vụ ăn uống -Chương trình Elite
95470,HSU,quan-tri-nha-hang-dich-vu-an-uong-chuong-trinh-elite,A00,Điểm học bạ,2024,6.0,Quản trị nhà hàng & Dịch vụ ăn uống – Chương trình Elite
95471,HSU,quan-tri-nha-hang-dich-vu-an-uong-chuong-trinh-elite,A01,Điểm học bạ,2024,6.0,Quản trị nhà hàng & Dịch vụ ăn uống – Chương trình Elite
95472,HSU,quan-tri-nha-hang-dich-vu-an-uong-chuong-trinh-elite,D01,Điểm học bạ,2024,6.0,Quản trị nhà hàng & Dịch vụ ăn uống – Chương trình Elite
95473,HSU,quan-tri-nha-hang-dich-vu-an-uong-chuong-trinh-elite,D03,Điểm học bạ,2024,6.0,Quản trị nhà hàng & Dịch vụ ăn uống – Chương trình Elite
95474,HSU,quan-tri-nha-hang-dich-vu-an-uong-chuong-trinh-elite,D09,Điểm học bạ,2024,6.0,Quản trị nhà hàng & Dịch vụ ăn uống – Chương trình Elite
95475,HSU,quan-tri-nha-hang-dich-vu-an-uong-chuong-trinh-elite,A00,Điểm thi THPT,2024,18.0,Quản trị nhà hàng & Dịch vụ ăn uống – Chương trình Elite
95476,HSU,quan-tri-nha-hang-dich-vu-an-uong-chuong-trinh-elite,A01,Điểm thi THPT,2024,18.0,Quản trị nhà hàng & Dịch vụ ăn uống – Chương trình Elite
95477,HSU,quan-tri-nha-hang-dich-vu-an-uong-chuong-trinh-elite,D01,Điểm thi THPT,2024,18.0,Quản trị nhà hàng & Dịch vụ ăn uống – Chương trình Elite
95478,HSU,quan-tri-nha-hang-dich-vu-an-uong-chuong-trinh-elite,D03,Điểm thi THPT,2024,18.0,Quản trị nhà hàng & Dịch vụ ăn uống – Chương trình Elite
95479,HSU,quan-tri-nha-hang-dich-vu-an-uong-chuong-trinh-elite,D09,Điểm thi THPT,2024,18.0,Quản trị nhà hàng & Dịch vụ ăn uống – Chương trình Elite
95480,HSU,quan-tri-nha-hang-va-dich-vu-an-uong,A00,Điểm thi THPT,2021,16.0,Quản trị nhà hàng và dịch vụ ăn uống
95481,HSU,quan-tri-nha-hang-va-dich-vu-an-uong,A01,Điểm thi THPT,2021,16.0,Quản trị nhà hàng và dịch vụ ăn uống
95482,HSU,quan-tri-nha-hang-va-dich-vu-an-uong,D01,Điểm thi THPT,2021,16.0,Quản trị nhà hàng và dịch vụ ăn uống
95483,HSU,quan-tri-nha-hang-va-dich-vu-an-uong,D03,Điểm thi THPT,2021,16.0,Quản trị nhà hàng và dịch vụ ăn uống
95484,HSU,quan-tri-nha-hang-va-dich-vu-an-uong,D09,Điểm thi THPT,2021,16.0,Quản trị nhà hàng và dịch vụ ăn uống
95485,HSU,quan-tri-nhan-luc,A00,Điểm thi THPT,2021,16.0,Quản trị Nhân lực
95486,HSU,quan-tri-nhan-luc,A01,Điểm thi THPT,2021,16.0,Quản trị Nhân lực
95487,HSU,quan-tri-nhan-luc,D01,Điểm thi THPT,2021,16.0,Quản trị Nhân lực
95488,HSU,quan-tri-nhan-luc,D03,Điểm thi THPT,2021,16.0,Quản trị Nhân lực
95489,HSU,quan-tri-nhan-luc,D09,Điểm thi THPT,2021,16.0,Quản trị Nhân lực
95490,HSU,quan-tri-nhan-luc,A00,Điểm thi THPT,2022,16.0,Quản trị nhân lực
95491,HSU,quan-tri-nhan-luc,A01,Điểm thi THPT,2022,16.0,Quản trị nhân lực
95492,HSU,quan-tri-nhan-luc,D01,Điểm thi THPT,2022,16.0,Quản trị nhân lực
95493,HSU,quan-tri-nhan-luc,D03,Điểm thi THPT,2022,16.0,Quản trị nhân lực
95494,HSU,quan-tri-nhan-luc,D09,Điểm thi THPT,2022,16.0,Quản trị nhân lực
95495,HSU,quan-tri-nhan-luc,A00,Điểm học bạ,2023,6.0,Quản trị Nhân lực
95496,HSU,quan-tri-nhan-luc,A01,Điểm học bạ,2023,6.0,Quản trị Nhân lực
95497,HSU,quan-tri-nhan-luc,D01,Điểm học bạ,2023,6.0,Quản trị Nhân lực
95498,HSU,quan-tri-nhan-luc,D03,Điểm học bạ,2023,6.0,Quản trị Nhân lực
95499,HSU,quan-tri-nhan-luc,D09,Điểm học bạ,2023,6.0,Quản trị Nhân lực
95500,HSU,quan-tri-nhan-luc,A00,Điểm thi THPT,2023,15.0,Quản trị Nhân lực
95501,HSU,quan-tri-nhan-luc,A01,Điểm thi THPT,2023,15.0,Quản trị Nhân lực
95502,HSU,quan-tri-nhan-luc,D01,Điểm thi THPT,2023,15.0,Quản trị Nhân lực
95503,HSU,quan-tri-nhan-luc,D03,Điểm thi THPT,2023,15.0,Quản trị Nhân lực
95504,HSU,quan-tri-nhan-luc,D09,Điểm thi THPT,2023,15.0,Quản trị Nhân lực
95505,HSU,quan-tri-nhan-luc,A00,Điểm học bạ,2024,6.0,Quản trị Nhân lực
95506,HSU,quan-tri-nhan-luc,A01,Điểm học bạ,2024,6.0,Quản trị Nhân lực
95507,HSU,quan-tri-nhan-luc,D01,Điểm học bạ,2024,6.0,Quản trị Nhân lực
95508,HSU,quan-tri-nhan-luc,D03,Điểm học bạ,2024,6.0,Quản trị Nhân lực
95509,HSU,quan-tri-nhan-luc,D09,Điểm học bạ,2024,6.0,Quản trị Nhân lực
95510,HSU,quan-tri-nhan-luc,A00,Điểm thi THPT,2024,16.0,Quản trị Nhân lực
95511,HSU,quan-tri-nhan-luc,A01,Điểm thi THPT,2024,16.0,Quản trị Nhân lực
95512,HSU,quan-tri-nhan-luc,D01,Điểm thi THPT,2024,16.0,Quản trị Nhân lực
95513,HSU,quan-tri-nhan-luc,D03,Điểm thi THPT,2024,16.0,Quản trị Nhân lực
95514,HSU,quan-tri-nhan-luc,D09,Điểm thi THPT,2024,16.0,Quản trị Nhân lực
95515,HSU,quan-tri-nhan-luc,A00,Điểm học bạ,2025,18.0,Quản trị Nhân lực
95516,HSU,quan-tri-nhan-luc,A01,Điểm học bạ,2025,18.0,Quản trị Nhân lực
95517,HSU,quan-tri-nhan-luc,D01,Điểm học bạ,2025,18.0,Quản trị Nhân lực
95518,HSU,quan-tri-nhan-luc,D03,Điểm học bạ,2025,18.0,Quản trị Nhân lực
95519,HSU,quan-tri-nhan-luc,D09,Điểm học bạ,2025,18.0,Quản trị Nhân lực
95520,HSU,quan-tri-nhan-luc,A00,Điểm thi THPT,2025,15.0,Quản trị Nhân lực
95521,HSU,quan-tri-nhan-luc,A01,Điểm thi THPT,2025,15.0,Quản trị Nhân lực
95522,HSU,quan-tri-nhan-luc,D01,Điểm thi THPT,2025,15.0,Quản trị Nhân lực
95523,HSU,quan-tri-nhan-luc,D03,Điểm thi THPT,2025,15.0,Quản trị Nhân lực
95524,HSU,quan-tri-nhan-luc,D09,Điểm thi THPT,2025,15.0,Quản trị Nhân lực
95525,HSU,quan-tri-su-kien,A00,Điểm thi THPT,2021,16.0,Quản trị sự kiện
95526,HSU,quan-tri-su-kien,A01,Điểm thi THPT,2021,16.0,Quản trị sự kiện
95527,HSU,quan-tri-su-kien,D01,Điểm thi THPT,2021,16.0,Quản trị sự kiện
95528,HSU,quan-tri-su-kien,D03,Điểm thi THPT,2021,16.0,Quản trị sự kiện
95529,HSU,quan-tri-su-kien,D09,Điểm thi THPT,2021,16.0,Quản trị sự kiện
95530,HSU,quan-tri-su-kien,A00,Điểm thi THPT,2022,16.0,Quản trị sự kiện
95531,HSU,quan-tri-su-kien,A01,Điểm thi THPT,2022,16.0,Quản trị sự kiện
95532,HSU,quan-tri-su-kien,D01,Điểm thi THPT,2022,16.0,Quản trị sự kiện
95533,HSU,quan-tri-su-kien,D03,Điểm thi THPT,2022,16.0,Quản trị sự kiện
95534,HSU,quan-tri-su-kien,D09,Điểm thi THPT,2022,16.0,Quản trị sự kiện
95535,HSU,quan-tri-su-kien,A00,Điểm học bạ,2023,6.0,Quản trị sự kiện
95536,HSU,quan-tri-su-kien,A01,Điểm học bạ,2023,6.0,Quản trị sự kiện
95537,HSU,quan-tri-su-kien,D01,Điểm học bạ,2023,6.0,Quản trị sự kiện
95538,HSU,quan-tri-su-kien,D03,Điểm học bạ,2023,6.0,Quản trị sự kiện
95539,HSU,quan-tri-su-kien,D09,Điểm học bạ,2023,6.0,Quản trị sự kiện
95540,HSU,quan-tri-su-kien,A00,Điểm thi THPT,2023,15.0,Quản trị sự kiện
95541,HSU,quan-tri-su-kien,A01,Điểm thi THPT,2023,15.0,Quản trị sự kiện
95542,HSU,quan-tri-su-kien,D01,Điểm thi THPT,2023,15.0,Quản trị sự kiện
95543,HSU,quan-tri-su-kien,D03,Điểm thi THPT,2023,15.0,Quản trị sự kiện
95544,HSU,quan-tri-su-kien,D09,Điểm thi THPT,2023,15.0,Quản trị sự kiện
95545,HSU,quan-tri-su-kien,A00,Điểm học bạ,2024,6.0,Quản trị sự kiện
95546,HSU,quan-tri-su-kien,A01,Điểm học bạ,2024,6.0,Quản trị sự kiện
95547,HSU,quan-tri-su-kien,D01,Điểm học bạ,2024,6.0,Quản trị sự kiện
95548,HSU,quan-tri-su-kien,D03,Điểm học bạ,2024,6.0,Quản trị sự kiện
95549,HSU,quan-tri-su-kien,D09,Điểm học bạ,2024,6.0,Quản trị sự kiện
95550,HSU,quan-tri-su-kien,A00,Điểm thi THPT,2024,16.0,Quản trị sự kiện
95551,HSU,quan-tri-su-kien,A01,Điểm thi THPT,2024,16.0,Quản trị sự kiện
95552,HSU,quan-tri-su-kien,D01,Điểm thi THPT,2024,16.0,Quản trị sự kiện
95553,HSU,quan-tri-su-kien,D03,Điểm thi THPT,2024,16.0,Quản trị sự kiện
95554,HSU,quan-tri-su-kien,D09,Điểm thi THPT,2024,16.0,Quản trị sự kiện
95555,HSU,quan-tri-su-kien,A00,Điểm học bạ,2025,18.0,Quản trị sự kiện
95556,HSU,quan-tri-su-kien,A01,Điểm học bạ,2025,18.0,Quản trị sự kiện
95557,HSU,quan-tri-su-kien,D01,Điểm học bạ,2025,18.0,Quản trị sự kiện
95558,HSU,quan-tri-su-kien,D03,Điểm học bạ,2025,18.0,Quản trị sự kiện
95559,HSU,quan-tri-su-kien,D09,Điểm học bạ,2025,18.0,Quản trị sự kiện
95560,HSU,quan-tri-su-kien,A00,Điểm thi THPT,2025,15.0,Quản trị sự kiện
95561,HSU,quan-tri-su-kien,A01,Điểm thi THPT,2025,15.0,Quản trị sự kiện
95562,HSU,quan-tri-su-kien,D01,Điểm thi THPT,2025,15.0,Quản trị sự kiện
95563,HSU,quan-tri-su-kien,D03,Điểm thi THPT,2025,15.0,Quản trị sự kiện
95564,HSU,quan-tri-su-kien,D09,Điểm thi THPT,2025,15.0,Quản trị sự kiện
95565,HSU,tai-chinh-ngan-hang,A00,Điểm thi THPT,2021,16.0,Tài chính - Ngân hàng
95566,HSU,tai-chinh-ngan-hang,A01,Điểm thi THPT,2021,16.0,Tài chính - Ngân hàng
95567,HSU,tai-chinh-ngan-hang,D01,Điểm thi THPT,2021,16.0,Tài chính - Ngân hàng
95568,HSU,tai-chinh-ngan-hang,D03,Điểm thi THPT,2021,16.0,Tài chính - Ngân hàng
95569,HSU,tai-chinh-ngan-hang,D09,Điểm thi THPT,2021,16.0,Tài chính - Ngân hàng
95570,HSU,tai-chinh-ngan-hang,A00,Điểm thi THPT,2022,16.0,Tài chính – Ngân hàng
95571,HSU,tai-chinh-ngan-hang,A01,Điểm thi THPT,2022,16.0,Tài chính – Ngân hàng
95572,HSU,tai-chinh-ngan-hang,D01,Điểm thi THPT,2022,16.0,Tài chính – Ngân hàng
95573,HSU,tai-chinh-ngan-hang,D03,Điểm thi THPT,2022,16.0,Tài chính – Ngân hàng
95574,HSU,tai-chinh-ngan-hang,D09,Điểm thi THPT,2022,16.0,Tài chính – Ngân hàng
95575,HSU,tai-chinh-ngan-hang,A00,Điểm học bạ,2023,6.0,Tài chinh - Ngân hàng
95576,HSU,tai-chinh-ngan-hang,A01,Điểm học bạ,2023,6.0,Tài chinh - Ngân hàng
95577,HSU,tai-chinh-ngan-hang,D01,Điểm học bạ,2023,6.0,Tài chinh - Ngân hàng
95578,HSU,tai-chinh-ngan-hang,D03,Điểm học bạ,2023,6.0,Tài chinh - Ngân hàng
95579,HSU,tai-chinh-ngan-hang,D09,Điểm học bạ,2023,6.0,Tài chinh - Ngân hàng
95580,HSU,tai-chinh-ngan-hang,A00,Điểm thi THPT,2023,15.0,Tài chinh - Ngân hàng
95581,HSU,tai-chinh-ngan-hang,A01,Điểm thi THPT,2023,15.0,Tài chinh - Ngân hàng
95582,HSU,tai-chinh-ngan-hang,D01,Điểm thi THPT,2023,15.0,Tài chinh - Ngân hàng
95583,HSU,tai-chinh-ngan-hang,D03,Điểm thi THPT,2023,15.0,Tài chinh - Ngân hàng
95584,HSU,tai-chinh-ngan-hang,D09,Điểm thi THPT,2023,15.0,Tài chinh - Ngân hàng
95585,HSU,tai-chinh-ngan-hang,A00,Điểm học bạ,2024,6.0,Tài chính – Ngân hàng
95586,HSU,tai-chinh-ngan-hang,A01,Điểm học bạ,2024,6.0,Tài chính – Ngân hàng
95587,HSU,tai-chinh-ngan-hang,D01,Điểm học bạ,2024,6.0,Tài chính – Ngân hàng
95588,HSU,tai-chinh-ngan-hang,D03,Điểm học bạ,2024,6.0,Tài chính – Ngân hàng
95589,HSU,tai-chinh-ngan-hang,D09,Điểm học bạ,2024,6.0,Tài chính – Ngân hàng
95590,HSU,tai-chinh-ngan-hang,A00,Điểm thi THPT,2024,16.0,Tài chính – Ngân hàng
95591,HSU,tai-chinh-ngan-hang,A01,Điểm thi THPT,2024,16.0,Tài chính – Ngân hàng
95592,HSU,tai-chinh-ngan-hang,D01,Điểm thi THPT,2024,16.0,Tài chính – Ngân hàng
95593,HSU,tai-chinh-ngan-hang,D03,Điểm thi THPT,2024,16.0,Tài chính – Ngân hàng
95594,HSU,tai-chinh-ngan-hang,D09,Điểm thi THPT,2024,16.0,Tài chính – Ngân hàng
95595,HSU,tai-chinh-ngan-hang,A00,Điểm học bạ,2025,18.0,Tài chính – Ngân hàng
95596,HSU,tai-chinh-ngan-hang,A01,Điểm học bạ,2025,18.0,Tài chính – Ngân hàng
95597,HSU,tai-chinh-ngan-hang,D01,Điểm học bạ,2025,18.0,Tài chính – Ngân hàng
95598,HSU,tai-chinh-ngan-hang,D03,Điểm học bạ,2025,18.0,Tài chính – Ngân hàng
95599,HSU,tai-chinh-ngan-hang,D09,Điểm học bạ,2025,18.0,Tài chính – Ngân hàng
95600,HSU,tai-chinh-ngan-hang,A00,Điểm thi THPT,2025,15.0,Tài chính – Ngân hàng
95601,HSU,tai-chinh-ngan-hang,A01,Điểm thi THPT,2025,15.0,Tài chính – Ngân hàng
95602,HSU,tai-chinh-ngan-hang,D01,Điểm thi THPT,2025,15.0,Tài chính – Ngân hàng
95603,HSU,tai-chinh-ngan-hang,D03,Điểm thi THPT,2025,15.0,Tài chính – Ngân hàng
95604,HSU,tai-chinh-ngan-hang,D09,Điểm thi THPT,2025,15.0,Tài chính – Ngân hàng
95605,HSU,tam-ly-hoc,A01,Điểm thi THPT,2021,16.0,Tâm lý học
95606,HSU,tam-ly-hoc,D01,Điểm thi THPT,2021,16.0,Tâm lý học
95607,HSU,tam-ly-hoc,D08,Điểm thi THPT,2021,16.0,Tâm lý học
95608,HSU,tam-ly-hoc,D09,Điểm thi THPT,2021,16.0,Tâm lý học
95609,HSU,tam-ly-hoc,A01,Điểm thi THPT,2022,16.0,Tâm lý học
95610,HSU,tam-ly-hoc,D01,Điểm thi THPT,2022,16.0,Tâm lý học
95611,HSU,tam-ly-hoc,D08,Điểm thi THPT,2022,16.0,Tâm lý học
95612,HSU,tam-ly-hoc,D09,Điểm thi THPT,2022,16.0,Tâm lý học
95613,HSU,tam-ly-hoc,A01,Điểm học bạ,2023,6.0,Tâm lý học
95614,HSU,tam-ly-hoc,D01,Điểm học bạ,2023,6.0,Tâm lý học
95615,HSU,tam-ly-hoc,D08,Điểm học bạ,2023,6.0,Tâm lý học
95616,HSU,tam-ly-hoc,D09,Điểm học bạ,2023,6.0,Tâm lý học
95617,HSU,tam-ly-hoc,A01,Điểm thi THPT,2023,15.0,Tâm lý học
95618,HSU,tam-ly-hoc,D01,Điểm thi THPT,2023,15.0,Tâm lý học
95619,HSU,tam-ly-hoc,D08,Điểm thi THPT,2023,15.0,Tâm lý học
95620,HSU,tam-ly-hoc,D09,Điểm thi THPT,2023,15.0,Tâm lý học
95621,HSU,tam-ly-hoc,A01,Điểm học bạ,2024,6.0,Tâm lý học
95622,HSU,tam-ly-hoc,D01,Điểm học bạ,2024,6.0,Tâm lý học
95623,HSU,tam-ly-hoc,D08,Điểm học bạ,2024,6.0,Tâm lý học
95624,HSU,tam-ly-hoc,D09,Điểm học bạ,2024,6.0,Tâm lý học
95625,HSU,tam-ly-hoc,A01,Điểm thi THPT,2024,17.0,Tâm lý học
95626,HSU,tam-ly-hoc,D01,Điểm thi THPT,2024,17.0,Tâm lý học
95627,HSU,tam-ly-hoc,D08,Điểm thi THPT,2024,17.0,Tâm lý học
95628,HSU,tam-ly-hoc,D09,Điểm thi THPT,2024,17.0,Tâm lý học
95629,HSU,tam-ly-hoc,A01,Điểm học bạ,2025,18.0,Tâm lý học
95630,HSU,tam-ly-hoc,C00,Điểm học bạ,2025,18.0,Tâm lý học
95631,HSU,tam-ly-hoc,D01,Điểm học bạ,2025,18.0,Tâm lý học
95632,HSU,tam-ly-hoc,D08,Điểm học bạ,2025,18.0,Tâm lý học
95633,HSU,tam-ly-hoc,A01,Điểm thi THPT,2025,15.0,Tâm lý học
95634,HSU,tam-ly-hoc,C00,Điểm thi THPT,2025,15.0,Tâm lý học
95635,HSU,tam-ly-hoc,D01,Điểm thi THPT,2025,15.0,Tâm lý học
95636,HSU,tam-ly-hoc,D08,Điểm thi THPT,2025,15.0,Tâm lý học
95637,HSU,thiet-ke-do-hoa,A01,Điểm thi THPT,2021,16.0,Thiết kế Đồ họa
95638,HSU,thiet-ke-do-hoa,D01,Điểm thi THPT,2021,16.0,Thiết kế Đồ họa
95639,HSU,thiet-ke-do-hoa,D09,Điểm thi THPT,2021,16.0,Thiết kế Đồ họa
95640,HSU,thiet-ke-do-hoa,D14,Điểm thi THPT,2021,16.0,Thiết kế Đồ họa
95641,HSU,thiet-ke-do-hoa,A01,Điểm thi THPT,2022,15.0,Thiết kế đồ họa
95642,HSU,thiet-ke-do-hoa,D01,Điểm thi THPT,2022,15.0,Thiết kế đồ họa
95643,HSU,thiet-ke-do-hoa,D09,Điểm thi THPT,2022,15.0,Thiết kế đồ họa
95644,HSU,thiet-ke-do-hoa,D14,Điểm thi THPT,2022,15.0,Thiết kế đồ họa
95645,HSU,thiet-ke-do-hoa,A01,Điểm học bạ,2023,6.0,Thiết kế Đồ họa
95646,HSU,thiet-ke-do-hoa,D01,Điểm học bạ,2023,6.0,Thiết kế Đồ họa
95647,HSU,thiet-ke-do-hoa,D09,Điểm học bạ,2023,6.0,Thiết kế Đồ họa
95648,HSU,thiet-ke-do-hoa,D14,Điểm học bạ,2023,6.0,Thiết kế Đồ họa
95649,HSU,thiet-ke-do-hoa,A01,Điểm thi THPT,2023,15.0,Thiết kế Đồ họa
95650,HSU,thiet-ke-do-hoa,D01,Điểm thi THPT,2023,15.0,Thiết kế Đồ họa
95651,HSU,thiet-ke-do-hoa,D09,Điểm thi THPT,2023,15.0,Thiết kế Đồ họa
95652,HSU,thiet-ke-do-hoa,D14,Điểm thi THPT,2023,15.0,Thiết kế Đồ họa
95653,HSU,thiet-ke-do-hoa,A01,Điểm học bạ,2024,6.0,Thiết kế Đồ họa
95654,HSU,thiet-ke-do-hoa,D01,Điểm học bạ,2024,6.0,Thiết kế Đồ họa
95655,HSU,thiet-ke-do-hoa,D09,Điểm học bạ,2024,6.0,Thiết kế Đồ họa
95656,HSU,thiet-ke-do-hoa,D14,Điểm học bạ,2024,6.0,Thiết kế Đồ họa
95657,HSU,thiet-ke-do-hoa,A01,Điểm thi THPT,2024,15.0,Thiết kế Đồ họa
95658,HSU,thiet-ke-do-hoa,D01,Điểm thi THPT,2024,15.0,Thiết kế Đồ họa
95659,HSU,thiet-ke-do-hoa,D09,Điểm thi THPT,2024,15.0,Thiết kế Đồ họa
95660,HSU,thiet-ke-do-hoa,D14,Điểm thi THPT,2024,15.0,Thiết kế Đồ họa
95661,HSU,thiet-ke-do-hoa,A01,Điểm học bạ,2025,18.0,Thiết kế Đồ họa
95662,HSU,thiet-ke-do-hoa,C10,Điểm học bạ,2025,18.0,Thiết kế Đồ họa
95663,HSU,thiet-ke-do-hoa,D01,Điểm học bạ,2025,18.0,Thiết kế Đồ họa
95664,HSU,thiet-ke-do-hoa,A01,Điểm thi THPT,2025,15.0,Thiết kế Đồ họa
95665,HSU,thiet-ke-do-hoa,C10,Điểm thi THPT,2025,15.0,Thiết kế Đồ họa
95666,HSU,thiet-ke-do-hoa,D01,Điểm thi THPT,2025,15.0,Thiết kế Đồ họa
95667,HSU,thiet-ke-noi-that,A01,Điểm thi THPT,2021,16.0,Thiết kế Nội thất
95668,HSU,thiet-ke-noi-that,D01,Điểm thi THPT,2021,16.0,Thiết kế Nội thất
95669,HSU,thiet-ke-noi-that,D09,Điểm thi THPT,2021,16.0,Thiết kế Nội thất
95670,HSU,thiet-ke-noi-that,D14,Điểm thi THPT,2021,16.0,Thiết kế Nội thất
95671,HSU,thiet-ke-noi-that,A01,Điểm thi THPT,2022,15.0,Thiết kế nội thất
95672,HSU,thiet-ke-noi-that,D01,Điểm thi THPT,2022,15.0,Thiết kế nội thất
95673,HSU,thiet-ke-noi-that,D09,Điểm thi THPT,2022,15.0,Thiết kế nội thất
95674,HSU,thiet-ke-noi-that,D14,Điểm thi THPT,2022,15.0,Thiết kế nội thất
95675,HSU,thiet-ke-noi-that,A01,Điểm học bạ,2023,6.0,Thiết kế Nội thất
95676,HSU,thiet-ke-noi-that,D01,Điểm học bạ,2023,6.0,Thiết kế Nội thất
95677,HSU,thiet-ke-noi-that,D09,Điểm học bạ,2023,6.0,Thiết kế Nội thất
95678,HSU,thiet-ke-noi-that,D14,Điểm học bạ,2023,6.0,Thiết kế Nội thất
95679,HSU,thiet-ke-noi-that,A01,Điểm thi THPT,2023,15.0,Thiết kế Nội thất
95680,HSU,thiet-ke-noi-that,D01,Điểm thi THPT,2023,15.0,Thiết kế Nội thất
95681,HSU,thiet-ke-noi-that,D09,Điểm thi THPT,2023,15.0,Thiết kế Nội thất
95682,HSU,thiet-ke-noi-that,D14,Điểm thi THPT,2023,15.0,Thiết kế Nội thất
95683,HSU,thiet-ke-noi-that,A01,Điểm học bạ,2024,6.0,Thiết kế Nội thất
95684,HSU,thiet-ke-noi-that,D01,Điểm học bạ,2024,6.0,Thiết kế Nội thất
95685,HSU,thiet-ke-noi-that,D09,Điểm học bạ,2024,6.0,Thiết kế Nội thất
95686,HSU,thiet-ke-noi-that,D14,Điểm học bạ,2024,6.0,Thiết kế Nội thất
95687,HSU,thiet-ke-noi-that,A01,Điểm thi THPT,2024,15.0,Thiết kế Nội thất
95688,HSU,thiet-ke-noi-that,D01,Điểm thi THPT,2024,15.0,Thiết kế Nội thất
95689,HSU,thiet-ke-noi-that,D09,Điểm thi THPT,2024,15.0,Thiết kế Nội thất
95690,HSU,thiet-ke-noi-that,D14,Điểm thi THPT,2024,15.0,Thiết kế Nội thất
95691,HSU,thiet-ke-noi-that,A00,Điểm học bạ,2025,18.0,Thiết kế Nội thất
95692,HSU,thiet-ke-noi-that,A01,Điểm học bạ,2025,18.0,Thiết kế Nội thất
95693,HSU,thiet-ke-noi-that,D01,Điểm học bạ,2025,18.0,Thiết kế Nội thất
95694,HSU,thiet-ke-noi-that,D09,Điểm học bạ,2025,18.0,Thiết kế Nội thất
95695,HSU,thiet-ke-noi-that,A00,Điểm thi THPT,2025,15.0,Thiết kế Nội thất
95696,HSU,thiet-ke-noi-that,A01,Điểm thi THPT,2025,15.0,Thiết kế Nội thất
95697,HSU,thiet-ke-noi-that,D01,Điểm thi THPT,2025,15.0,Thiết kế Nội thất
95698,HSU,thiet-ke-noi-that,D09,Điểm thi THPT,2025,15.0,Thiết kế Nội thất
95699,HSU,thiet-ke-thoi-trang,A01,Điểm thi THPT,2021,16.0,Thiết kế Thời trang
95700,HSU,thiet-ke-thoi-trang,D01,Điểm thi THPT,2021,16.0,Thiết kế Thời trang
95701,HSU,thiet-ke-thoi-trang,D09,Điểm thi THPT,2021,16.0,Thiết kế Thời trang
95702,HSU,thiet-ke-thoi-trang,D14,Điểm thi THPT,2021,16.0,Thiết kế Thời trang
95703,HSU,thiet-ke-thoi-trang,A01,Điểm thi THPT,2022,15.0,Thiết kế thời trang
95704,HSU,thiet-ke-thoi-trang,D01,Điểm thi THPT,2022,15.0,Thiết kế thời trang
95705,HSU,thiet-ke-thoi-trang,D09,Điểm thi THPT,2022,15.0,Thiết kế thời trang
95706,HSU,thiet-ke-thoi-trang,D14,Điểm thi THPT,2022,15.0,Thiết kế thời trang
95707,HSU,thiet-ke-thoi-trang,A01,Điểm học bạ,2023,6.0,Thiết kế Thời trang
95708,HSU,thiet-ke-thoi-trang,D01,Điểm học bạ,2023,6.0,Thiết kế Thời trang
95709,HSU,thiet-ke-thoi-trang,D09,Điểm học bạ,2023,6.0,Thiết kế Thời trang
95710,HSU,thiet-ke-thoi-trang,D14,Điểm học bạ,2023,6.0,Thiết kế Thời trang
95711,HSU,thiet-ke-thoi-trang,A01,Điểm thi THPT,2023,16.0,Thiết kế Thời trang
95712,HSU,thiet-ke-thoi-trang,D01,Điểm thi THPT,2023,16.0,Thiết kế Thời trang
95713,HSU,thiet-ke-thoi-trang,D09,Điểm thi THPT,2023,16.0,Thiết kế Thời trang
95714,HSU,thiet-ke-thoi-trang,D14,Điểm thi THPT,2023,16.0,Thiết kế Thời trang
95715,HSU,thiet-ke-thoi-trang,A01,Điểm học bạ,2024,6.0,Thiết kế Thời trang
95716,HSU,thiet-ke-thoi-trang,D01,Điểm học bạ,2024,6.0,Thiết kế Thời trang
95717,HSU,thiet-ke-thoi-trang,D09,Điểm học bạ,2024,6.0,Thiết kế Thời trang
95718,HSU,thiet-ke-thoi-trang,D14,Điểm học bạ,2024,6.0,Thiết kế Thời trang
95719,HSU,thiet-ke-thoi-trang,A01,Điểm thi THPT,2024,15.0,Thiết kế Thời trang
95720,HSU,thiet-ke-thoi-trang,D01,Điểm thi THPT,2024,15.0,Thiết kế Thời trang
95721,HSU,thiet-ke-thoi-trang,D09,Điểm thi THPT,2024,15.0,Thiết kế Thời trang
95722,HSU,thiet-ke-thoi-trang,D14,Điểm thi THPT,2024,15.0,Thiết kế Thời trang
95723,HSU,thiet-ke-thoi-trang,A01,Điểm học bạ,2025,18.0,Thiết kế Thời trang
95724,HSU,thiet-ke-thoi-trang,C10,Điểm học bạ,2025,18.0,Thiết kế Thời trang
95725,HSU,thiet-ke-thoi-trang,D01,Điểm học bạ,2025,18.0,Thiết kế Thời trang
95726,HSU,thiet-ke-thoi-trang,A01,Điểm thi THPT,2025,15.0,Thiết kế Thời trang
95727,HSU,thiet-ke-thoi-trang,C10,Điểm thi THPT,2025,15.0,Thiết kế Thời trang
95728,HSU,thiet-ke-thoi-trang,D01,Điểm thi THPT,2025,15.0,Thiết kế Thời trang
95729,HSU,thuong-mai-dien-tu,A00,Điểm thi THPT,2021,16.0,Thương mại điện tử
95730,HSU,thuong-mai-dien-tu,A01,Điểm thi THPT,2021,16.0,Thương mại điện tử
95731,HSU,thuong-mai-dien-tu,D01,Điểm thi THPT,2021,16.0,Thương mại điện tử
95732,HSU,thuong-mai-dien-tu,D03,Điểm thi THPT,2021,16.0,Thương mại điện tử
95733,HSU,thuong-mai-dien-tu,D09,Điểm thi THPT,2021,16.0,Thương mại điện tử
95734,HSU,thuong-mai-dien-tu,A00,Điểm thi THPT,2022,15.0,Thương mại điện tử
95735,HSU,thuong-mai-dien-tu,A01,Điểm thi THPT,2022,15.0,Thương mại điện tử
95736,HSU,thuong-mai-dien-tu,D01,Điểm thi THPT,2022,15.0,Thương mại điện tử
95737,HSU,thuong-mai-dien-tu,D03,Điểm thi THPT,2022,15.0,Thương mại điện tử
95738,HSU,thuong-mai-dien-tu,D09,Điểm thi THPT,2022,15.0,Thương mại điện tử
95739,HSU,thuong-mai-dien-tu,A00,Điểm học bạ,2023,6.0,Thương mại điện từ
95740,HSU,thuong-mai-dien-tu,A01,Điểm học bạ,2023,6.0,Thương mại điện từ
95741,HSU,thuong-mai-dien-tu,D01,Điểm học bạ,2023,6.0,Thương mại điện từ
95742,HSU,thuong-mai-dien-tu,D03,Điểm học bạ,2023,6.0,Thương mại điện từ
95743,HSU,thuong-mai-dien-tu,D09,Điểm học bạ,2023,6.0,Thương mại điện từ
95744,HSU,thuong-mai-dien-tu,A00,Điểm thi THPT,2023,15.0,Thương mại điện từ
95745,HSU,thuong-mai-dien-tu,A01,Điểm thi THPT,2023,15.0,Thương mại điện từ
95746,HSU,thuong-mai-dien-tu,D01,Điểm thi THPT,2023,15.0,Thương mại điện từ
95747,HSU,thuong-mai-dien-tu,D03,Điểm thi THPT,2023,15.0,Thương mại điện từ
95748,HSU,thuong-mai-dien-tu,D09,Điểm thi THPT,2023,15.0,Thương mại điện từ
95749,HSU,thuong-mai-dien-tu,A00,Điểm học bạ,2024,6.0,Thương mại điện tử
95750,HSU,thuong-mai-dien-tu,A01,Điểm học bạ,2024,6.0,Thương mại điện tử
95751,HSU,thuong-mai-dien-tu,D01,Điểm học bạ,2024,6.0,Thương mại điện tử
95752,HSU,thuong-mai-dien-tu,D03,Điểm học bạ,2024,6.0,Thương mại điện tử
95753,HSU,thuong-mai-dien-tu,D09,Điểm học bạ,2024,6.0,Thương mại điện tử
95754,HSU,thuong-mai-dien-tu,A00,Điểm thi THPT,2024,17.0,Thương mại điện tử
95755,HSU,thuong-mai-dien-tu,A01,Điểm thi THPT,2024,17.0,Thương mại điện tử
95756,HSU,thuong-mai-dien-tu,D01,Điểm thi THPT,2024,17.0,Thương mại điện tử
95757,HSU,thuong-mai-dien-tu,D03,Điểm thi THPT,2024,17.0,Thương mại điện tử
95758,HSU,thuong-mai-dien-tu,D09,Điểm thi THPT,2024,17.0,Thương mại điện tử
95759,HSU,thuong-mai-dien-tu,A00,Điểm học bạ,2025,18.0,Thương mại điện tử
95760,HSU,thuong-mai-dien-tu,A01,Điểm học bạ,2025,18.0,Thương mại điện tử
95761,HSU,thuong-mai-dien-tu,D01,Điểm học bạ,2025,18.0,Thương mại điện tử
95762,HSU,thuong-mai-dien-tu,D03,Điểm học bạ,2025,18.0,Thương mại điện tử
95763,HSU,thuong-mai-dien-tu,D09,Điểm học bạ,2025,18.0,Thương mại điện tử
95764,HSU,thuong-mai-dien-tu,A00,Điểm thi THPT,2025,15.0,Thương mại điện tử
95765,HSU,thuong-mai-dien-tu,A01,Điểm thi THPT,2025,15.0,Thương mại điện tử
95766,HSU,thuong-mai-dien-tu,D01,Điểm thi THPT,2025,15.0,Thương mại điện tử
95767,HSU,thuong-mai-dien-tu,D03,Điểm thi THPT,2025,15.0,Thương mại điện tử
95768,HSU,thuong-mai-dien-tu,D09,Điểm thi THPT,2025,15.0,Thương mại điện tử
95769,HSU,tri-tue-nhan-tao,A00,Điểm thi THPT,2021,16.0,Trí tuệ nhân tạo
95770,HSU,tri-tue-nhan-tao,A01,Điểm thi THPT,2021,16.0,Trí tuệ nhân tạo
95771,HSU,tri-tue-nhan-tao,D01,Điểm thi THPT,2021,16.0,Trí tuệ nhân tạo
95772,HSU,tri-tue-nhan-tao,D03,Điểm thi THPT,2021,16.0,Trí tuệ nhân tạo
95773,HSU,tri-tue-nhan-tao,D09,Điểm thi THPT,2021,16.0,Trí tuệ nhân tạo
95774,HSU,tri-tue-nhan-tao,A00,Điểm thi THPT,2022,15.0,Trí tuệ nhân tạo
95775,HSU,tri-tue-nhan-tao,A01,Điểm thi THPT,2022,15.0,Trí tuệ nhân tạo
95776,HSU,tri-tue-nhan-tao,D01,Điểm thi THPT,2022,15.0,Trí tuệ nhân tạo
95777,HSU,tri-tue-nhan-tao,D03,Điểm thi THPT,2022,15.0,Trí tuệ nhân tạo
95778,HSU,tri-tue-nhan-tao,D07,Điểm thi THPT,2022,15.0,Trí tuệ nhân tạo
95779,HSU,tri-tue-nhan-tao,A00,Điểm học bạ,2023,6.0,Trí tuệ nhân tạo
95780,HSU,tri-tue-nhan-tao,A01,Điểm học bạ,2023,6.0,Trí tuệ nhân tạo
95781,HSU,tri-tue-nhan-tao,D01,Điểm học bạ,2023,6.0,Trí tuệ nhân tạo
95782,HSU,tri-tue-nhan-tao,D03,Điểm học bạ,2023,6.0,Trí tuệ nhân tạo
95783,HSU,tri-tue-nhan-tao,D07,Điểm học bạ,2023,6.0,Trí tuệ nhân tạo
95784,HSU,tri-tue-nhan-tao,A00,Điểm thi THPT,2023,16.0,Trí tuệ nhân tạo
95785,HSU,tri-tue-nhan-tao,A01,Điểm thi THPT,2023,16.0,Trí tuệ nhân tạo
95786,HSU,tri-tue-nhan-tao,D01,Điểm thi THPT,2023,16.0,Trí tuệ nhân tạo
95787,HSU,tri-tue-nhan-tao,D03,Điểm thi THPT,2023,16.0,Trí tuệ nhân tạo
95788,HSU,tri-tue-nhan-tao,D07,Điểm thi THPT,2023,16.0,Trí tuệ nhân tạo
95789,HSU,tri-tue-nhan-tao,A00,Điểm học bạ,2024,6.0,Trí tuệ nhân tạo
95790,HSU,tri-tue-nhan-tao,A01,Điểm học bạ,2024,6.0,Trí tuệ nhân tạo
95791,HSU,tri-tue-nhan-tao,D01,Điểm học bạ,2024,6.0,Trí tuệ nhân tạo
95792,HSU,tri-tue-nhan-tao,D03,Điểm học bạ,2024,6.0,Trí tuệ nhân tạo
95793,HSU,tri-tue-nhan-tao,D07,Điểm học bạ,2024,6.0,Trí tuệ nhân tạo
95794,HSU,tri-tue-nhan-tao,D28,Điểm học bạ,2024,6.0,Trí tuệ nhân tạo
95795,HSU,tri-tue-nhan-tao,A00,Điểm thi THPT,2024,18.0,Trí tuệ nhân tạo
95796,HSU,tri-tue-nhan-tao,A01,Điểm thi THPT,2024,18.0,Trí tuệ nhân tạo
95797,HSU,tri-tue-nhan-tao,D01,Điểm thi THPT,2024,18.0,Trí tuệ nhân tạo
95798,HSU,tri-tue-nhan-tao,D03,Điểm thi THPT,2024,18.0,Trí tuệ nhân tạo
95799,HSU,tri-tue-nhan-tao,D07,Điểm thi THPT,2024,18.0,Trí tuệ nhân tạo
95800,HSU,tri-tue-nhan-tao,D28,Điểm thi THPT,2024,18.0,Trí tuệ nhân tạo
95801,HSU,tri-tue-nhan-tao,A00,Điểm học bạ,2025,18.73,Trí tuệ nhân tạo
95802,HSU,tri-tue-nhan-tao,A01,Điểm học bạ,2025,18.73,Trí tuệ nhân tạo
95803,HSU,tri-tue-nhan-tao,D01,Điểm học bạ,2025,18.73,Trí tuệ nhân tạo
95804,HSU,tri-tue-nhan-tao,D03,Điểm học bạ,2025,18.73,Trí tuệ nhân tạo
95805,HSU,tri-tue-nhan-tao,D07,Điểm học bạ,2025,18.73,Trí tuệ nhân tạo
95806,HSU,tri-tue-nhan-tao,A00,Điểm thi THPT,2025,16.0,Trí tuệ nhân tạo
95807,HSU,tri-tue-nhan-tao,A01,Điểm thi THPT,2025,16.0,Trí tuệ nhân tạo
95808,HSU,tri-tue-nhan-tao,D01,Điểm thi THPT,2025,16.0,Trí tuệ nhân tạo
95809,HSU,tri-tue-nhan-tao,D03,Điểm thi THPT,2025,16.0,Trí tuệ nhân tạo
95810,HSU,tri-tue-nhan-tao,D07,Điểm thi THPT,2025,16.0,Trí tuệ nhân tạo
95811,HSU,truyen-thong-da-phuong-tien,A00,Điểm học bạ,2024,6.0,Truyền thông đa phương tiện
95812,HSU,truyen-thong-da-phuong-tien,A01,Điểm học bạ,2024,6.0,Truyền thông đa phương tiện
95813,HSU,truyen-thong-da-phuong-tien,D01,Điểm học bạ,2024,6.0,Truyền thông đa phương tiện
95814,HSU,truyen-thong-da-phuong-tien,D03,Điểm học bạ,2024,6.0,Truyền thông đa phương tiện
95815,HSU,truyen-thong-da-phuong-tien,D09,Điểm học bạ,2024,6.0,Truyền thông đa phương tiện
95816,HSU,truyen-thong-da-phuong-tien,A00,Điểm thi THPT,2024,17.0,Truyền thông đa phương tiện
95817,HSU,truyen-thong-da-phuong-tien,A01,Điểm thi THPT,2024,17.0,Truyền thông đa phương tiện
95818,HSU,truyen-thong-da-phuong-tien,D01,Điểm thi THPT,2024,17.0,Truyền thông đa phương tiện
95819,HSU,truyen-thong-da-phuong-tien,D03,Điểm thi THPT,2024,17.0,Truyền thông đa phương tiện
95820,HSU,truyen-thong-da-phuong-tien,D09,Điểm thi THPT,2024,17.0,Truyền thông đa phương tiện
95821,HSU,truyen-thong-da-phuong-tien,A00,Điểm học bạ,2025,18.0,Truyền thông đa phương tiện
95822,HSU,truyen-thong-da-phuong-tien,A01,Điểm học bạ,2025,18.0,Truyền thông đa phương tiện
95823,HSU,truyen-thong-da-phuong-tien,C00,Điểm học bạ,2025,18.0,Truyền thông đa phương tiện
95824,HSU,truyen-thong-da-phuong-tien,D01,Điểm học bạ,2025,18.0,Truyền thông đa phương tiện
95825,HSU,truyen-thong-da-phuong-tien,A00,Điểm thi THPT,2025,15.0,Truyền thông đa phương tiện
95826,HSU,truyen-thong-da-phuong-tien,A01,Điểm thi THPT,2025,15.0,Truyền thông đa phương tiện
95827,HSU,truyen-thong-da-phuong-tien,C00,Điểm thi THPT,2025,15.0,Truyền thông đa phương tiện
95828,HSU,truyen-thong-da-phuong-tien,D01,Điểm thi THPT,2025,15.0,Truyền thông đa phương tiện
95829,HTA,luat,A00,Điểm học bạ,2021,25.59,Luật
95830,HTA,luat,A01,Điểm học bạ,2021,25.07,Luật
95831,HTA,luat,C00,Điểm học bạ,2021,26.35,Luật
95832,HTA,luat,D01,Điểm học bạ,2021,28.4,Luật
95833,HTA,luat,A00,Điểm thi THPT,2021,24.45,Luật
95834,HTA,luat,A01,Điểm thi THPT,2021,23.5,Luật
95835,HTA,luat,C00,Điểm thi THPT,2021,26.5,Luật
95836,HTA,luat,D01,Điểm thi THPT,2021,24.0,Luật
95837,HTA,luat,A00,Điểm học bạ,2022,26.2,Luật
95838,HTA,luat,A01,Điểm học bạ,2022,25.64,Luật
95839,HTA,luat,C00,Điểm học bạ,2022,27.02,Luật
95840,HTA,luat,D01,Điểm học bạ,2022,26.05,Luật
95841,HTA,luat,A00,Điểm thi THPT,2022,24.6,Luật
95842,HTA,luat,A01,Điểm thi THPT,2022,23.8,Luật
95843,HTA,luat,C00,Điểm thi THPT,2022,29.0,Luật
95844,HTA,luat,D01,Điểm thi THPT,2022,22.1,Luật
95845,HTA,luat,A00,Điểm học bạ,2023,27.04,Luật
95846,HTA,luat,A01,Điểm học bạ,2023,26.27,Luật
95847,HTA,luat,C00,Điểm học bạ,2023,27.29,Luật
95848,HTA,luat,D01,Điểm học bạ,2023,24.6,Luật
95849,HTA,luat,A00,Điểm thi THPT,2023,23.79,Luật
95850,HTA,luat,A01,Điểm thi THPT,2023,21.75,Luật
95851,HTA,luat,C00,Điểm thi THPT,2023,25.0,Luật
95852,HTA,luat,D01,Điểm thi THPT,2023,23.45,Luật
95853,HTA,luat,A00,Điểm học bạ,2024,28.01,Luật
95854,HTA,luat,A01,Điểm học bạ,2024,26.4,Luật
95855,HTA,luat,C00,Điểm học bạ,2024,27.39,Luật
95856,HTA,luat,D01,Điểm học bạ,2024,26.7,Luật
95857,HTA,luat,A00,Điểm thi THPT,2024,24.3,Luật
95858,HTA,luat,A01,Điểm thi THPT,2024,21.05,Luật
95859,HTA,luat,C00,Điểm thi THPT,2024,27.67,Luật
95860,HTA,luat,D01,Điểm thi THPT,2024,23.75,Luật
95861,HTA,luat,A00,Điểm học bạ,2025,25.72,Luật (Thí sinh nam miền Bắc)
95862,HTA,luat,A01,Điểm học bạ,2025,25.72,Luật (Thí sinh nam miền Bắc)
95863,HTA,luat,C00,Điểm học bạ,2025,25.72,Luật (Thí sinh nam miền Bắc)
95864,HTA,luat,D01,Điểm học bạ,2025,25.72,Luật (Thí sinh nam miền Bắc)
95865,HTA,luat,A00,Điểm thi THPT,2025,21.93,Luật (Thí sinh nam miền Bắc)
95866,HTA,luat,A01,Điểm thi THPT,2025,21.93,Luật (Thí sinh nam miền Bắc)
95867,HTA,luat,C00,Điểm thi THPT,2025,21.93,Luật (Thí sinh nam miền Bắc)
95868,HTA,luat,D01,Điểm thi THPT,2025,21.93,Luật (Thí sinh nam miền Bắc)
95869,HTC,dau-tu-tai-chinh,A01,Điểm thi THPT,2025,21.0,Đầu tư tài chính (Theo định hướng ICAEW CFAB)
95870,HTC,dau-tu-tai-chinh,D01,Điểm thi THPT,2025,21.0,Đầu tư tài chính (Theo định hướng ICAEW CFAB)
95871,HTC,dau-tu-tai-chinh,D07,Điểm thi THPT,2025,21.0,Đầu tư tài chính (Theo định hướng ICAEW CFAB)
95872,HTC,digital-marketing,A01,Điểm học bạ,2024,26.8,Digital Marketing (theo định hướng ICDL)
95873,HTC,digital-marketing,D01,Điểm học bạ,2024,26.8,Digital Marketing (theo định hướng ICDL)
95874,HTC,digital-marketing,D07,Điểm học bạ,2024,26.8,Digital Marketing (theo định hướng ICDL)
95875,HTC,digital-marketing,A01,Điểm thi THPT,2024,35.31,Digital Marketing (theo định hướng ICDL)
95876,HTC,digital-marketing,D01,Điểm thi THPT,2024,35.31,Digital Marketing (theo định hướng ICDL)
95877,HTC,digital-marketing,D07,Điểm thi THPT,2024,35.31,Digital Marketing (theo định hướng ICDL)
95878,HTC,digital-marketing,A01,Điểm thi THPT,2025,23.44,Digital Marketing (Theo định hướng ICDL)
95879,HTC,digital-marketing,D01,Điểm thi THPT,2025,23.44,Digital Marketing (Theo định hướng ICDL)
95880,HTC,digital-marketing,D07,Điểm thi THPT,2025,23.44,Digital Marketing (Theo định hướng ICDL)
95881,HTC,hai-quan-logistics,A01,Điểm thi THPT,2021,36.2,Hải quan & Logistics
95882,HTC,hai-quan-logistics,D01,Điểm thi THPT,2021,36.2,Hải quan & Logistics
95883,HTC,hai-quan-logistics,D07,Điểm thi THPT,2021,36.2,Hải quan & Logistics
95884,HTC,hai-quan-va-logistics,A01,Điểm học bạ,2022,26.0,Hải quan và Logistics
95885,HTC,hai-quan-va-logistics,D01,Điểm học bạ,2022,26.0,Hải quan và Logistics
95886,HTC,hai-quan-va-logistics,D07,Điểm học bạ,2022,26.0,Hải quan và Logistics
95887,HTC,hai-quan-va-logistics,A01,Điểm thi THPT,2022,34.28,Hải quan và Logistics
95888,HTC,hai-quan-va-logistics,D01,Điểm thi THPT,2022,34.28,Hải quan và Logistics
95889,HTC,hai-quan-va-logistics,D07,Điểm thi THPT,2022,34.28,Hải quan và Logistics
95890,HTC,hai-quan-va-logistics,A01,Điểm học bạ,2023,27.0,Hải quan và Logistics (Chất lượng cao)
95891,HTC,hai-quan-va-logistics,D01,Điểm học bạ,2023,27.0,Hải quan và Logistics (Chất lượng cao)
95892,HTC,hai-quan-va-logistics,D07,Điểm học bạ,2023,27.0,Hải quan và Logistics (Chất lượng cao)
95893,HTC,hai-quan-va-logistics,A01,Điểm thi THPT,2023,35.51,Hải quan và Logistics (Chất lượng cao)
95894,HTC,hai-quan-va-logistics,D01,Điểm thi THPT,2023,35.51,Hải quan và Logistics (Chất lượng cao)
95895,HTC,hai-quan-va-logistics,D07,Điểm thi THPT,2023,35.51,Hải quan và Logistics (Chất lượng cao)
95896,HTC,hai-quan-va-logistics,A01,Điểm học bạ,2024,27.0,Hải quan và Logistics (theo định hướng FIATA)
95897,HTC,hai-quan-va-logistics,D01,Điểm học bạ,2024,27.0,Hải quan và Logistics (theo định hướng FIATA)
95898,HTC,hai-quan-va-logistics,D07,Điểm học bạ,2024,27.0,Hải quan và Logistics (theo định hướng FIATA)
95899,HTC,hai-quan-va-logistics,A01,Điểm thi THPT,2024,36.15,Hải quan và Logistics (theo định hướng FIATA)
95900,HTC,hai-quan-va-logistics,D01,Điểm thi THPT,2024,36.15,Hải quan và Logistics (theo định hướng FIATA)
95901,HTC,hai-quan-va-logistics,D07,Điểm thi THPT,2024,36.15,Hải quan và Logistics (theo định hướng FIATA)
95902,HTC,hai-quan-va-logistics,A01,Điểm thi THPT,2025,21.3,Hải quan và Logistics (Theo định hướng FIATA)
95903,HTC,hai-quan-va-logistics,D01,Điểm thi THPT,2025,21.3,Hải quan và Logistics (Theo định hướng FIATA)
95904,HTC,hai-quan-va-logistics,D07,Điểm thi THPT,2025,21.3,Hải quan và Logistics (Theo định hướng FIATA)
95905,HTC,he-thong-thong-tin-quan-ly,A00,Điểm thi THPT,2021,26.1,Hệ thống thông tin quản lý
95906,HTC,he-thong-thong-tin-quan-ly,A01,Điểm thi THPT,2021,26.1,Hệ thống thông tin quản lý
95907,HTC,he-thong-thong-tin-quan-ly,D01,Điểm thi THPT,2021,26.1,Hệ thống thông tin quản lý
95908,HTC,he-thong-thong-tin-quan-ly,D07,Điểm thi THPT,2021,26.1,Hệ thống thông tin quản lý
95909,HTC,he-thong-thong-tin-quan-ly,A00,Điểm học bạ,2022,27.9,Hệ thống thông tin quản lý
95910,HTC,he-thong-thong-tin-quan-ly,A01,Điểm học bạ,2022,27.9,Hệ thống thông tin quản lý
95911,HTC,he-thong-thong-tin-quan-ly,D01,Điểm học bạ,2022,27.9,Hệ thống thông tin quản lý
95912,HTC,he-thong-thong-tin-quan-ly,D07,Điểm học bạ,2022,27.9,Hệ thống thông tin quản lý
95913,HTC,he-thong-thong-tin-quan-ly,A00,Điểm thi THPT,2022,25.9,Hệ thống thông tin quản lý
95914,HTC,he-thong-thong-tin-quan-ly,A01,Điểm thi THPT,2022,25.9,Hệ thống thông tin quản lý
95915,HTC,he-thong-thong-tin-quan-ly,D01,Điểm thi THPT,2022,25.9,Hệ thống thông tin quản lý
95916,HTC,he-thong-thong-tin-quan-ly,D07,Điểm thi THPT,2022,25.9,Hệ thống thông tin quản lý
95917,HTC,he-thong-thong-tin-quan-ly,A00,Điểm học bạ,2023,29.5,Hệ thống thông tin quản lý
95918,HTC,he-thong-thong-tin-quan-ly,A01,Điểm học bạ,2023,29.5,Hệ thống thông tin quản lý
95919,HTC,he-thong-thong-tin-quan-ly,D01,Điểm học bạ,2023,29.5,Hệ thống thông tin quản lý
95920,HTC,he-thong-thong-tin-quan-ly,D07,Điểm học bạ,2023,29.5,Hệ thống thông tin quản lý
95921,HTC,he-thong-thong-tin-quan-ly,A00,Điểm thi THPT,2023,25.94,Hệ thống thông tin quản lý
95922,HTC,he-thong-thong-tin-quan-ly,A01,Điểm thi THPT,2023,25.94,Hệ thống thông tin quản lý
95923,HTC,he-thong-thong-tin-quan-ly,D01,Điểm thi THPT,2023,25.94,Hệ thống thông tin quản lý
95924,HTC,he-thong-thong-tin-quan-ly,D07,Điểm thi THPT,2023,25.94,Hệ thống thông tin quản lý
95925,HTC,he-thong-thong-tin-quan-ly,A00,Điểm học bạ,2024,28.5,Hệ thống thông tin quản lý
95926,HTC,he-thong-thong-tin-quan-ly,A01,Điểm học bạ,2024,28.5,Hệ thống thông tin quản lý
95927,HTC,he-thong-thong-tin-quan-ly,D01,Điểm học bạ,2024,28.5,Hệ thống thông tin quản lý
95928,HTC,he-thong-thong-tin-quan-ly,D07,Điểm học bạ,2024,28.5,Hệ thống thông tin quản lý
95929,HTC,he-thong-thong-tin-quan-ly,A00,Điểm thi THPT,2024,26.03,Hệ thống thông tin quản lý
95930,HTC,he-thong-thong-tin-quan-ly,A01,Điểm thi THPT,2024,26.03,Hệ thống thông tin quản lý
95931,HTC,he-thong-thong-tin-quan-ly,D01,Điểm thi THPT,2024,26.03,Hệ thống thông tin quản lý
95932,HTC,he-thong-thong-tin-quan-ly,D07,Điểm thi THPT,2024,26.03,Hệ thống thông tin quản lý
95933,HTC,ke-toan,A00,Điểm thi THPT,2021,26.55,Kế toán
95934,HTC,ke-toan,A01,Điểm thi THPT,2021,26.55,Kế toán
95935,HTC,ke-toan,D01,Điểm thi THPT,2021,26.95,Kế toán
95936,HTC,ke-toan,A00,Điểm học bạ,2022,28.2,Kế toán
95937,HTC,ke-toan,A01,Điểm học bạ,2022,28.2,Kế toán
95938,HTC,ke-toan,D01,Điểm học bạ,2022,28.2,Kế toán
95939,HTC,ke-toan,D07,Điểm học bạ,2022,28.2,Kế toán
95940,HTC,ke-toan,A00,Điểm thi THPT,2022,26.2,Kế toán
95941,HTC,ke-toan,A01,Điểm thi THPT,2022,26.2,Kế toán
95942,HTC,ke-toan,D01,Điểm thi THPT,2022,26.2,Kế toán
95943,HTC,ke-toan,D07,Điểm thi THPT,2022,26.2,Kế toán
95944,HTC,ke-toan,A00,Điểm học bạ,2023,27.0,Kế toán
95945,HTC,ke-toan,A01,Điểm học bạ,2023,27.0,Kế toán
95946,HTC,ke-toan,D01,Điểm học bạ,2023,27.0,Kế toán
95947,HTC,ke-toan,D07,Điểm học bạ,2023,27.0,Kế toán
95948,HTC,ke-toan,A00,Điểm thi THPT,2023,26.15,Kế toán
95949,HTC,ke-toan,A01,Điểm thi THPT,2023,26.15,Kế toán
95950,HTC,ke-toan,D01,Điểm thi THPT,2023,26.15,Kế toán
95951,HTC,ke-toan,D07,Điểm thi THPT,2023,26.15,Kế toán
95952,HTC,ke-toan,A00,Điểm học bạ,2024,29.5,Kế toán
95953,HTC,ke-toan,A01,Điểm học bạ,2024,29.5,Kế toán
95954,HTC,ke-toan,D01,Điểm học bạ,2024,29.5,Kế toán
95955,HTC,ke-toan,D07,Điểm học bạ,2024,29.5,Kế toán
95956,HTC,ke-toan,A00,Điểm thi THPT,2024,26.45,Kế toán
95957,HTC,ke-toan,A01,Điểm thi THPT,2024,26.45,Kế toán
95958,HTC,ke-toan,D01,Điểm thi THPT,2024,26.45,Kế toán
95959,HTC,ke-toan,D07,Điểm thi THPT,2024,26.45,Kế toán
95960,HTC,ke-toan-cong,A01,Điểm thi THPT,2025,21.5,Kế toán công (Theo định hướng ACCA)
95961,HTC,ke-toan-cong,D01,Điểm thi THPT,2025,21.5,Kế toán công (Theo định hướng ACCA)
95962,HTC,ke-toan-cong,D07,Điểm thi THPT,2025,21.5,Kế toán công (Theo định hướng ACCA)
95963,HTC,ke-toan-doanh-nghiep,A01,Điểm thi THPT,2021,35.13,Kế toán doanh nghiệp
95964,HTC,ke-toan-doanh-nghiep,D01,Điểm thi THPT,2021,35.13,Kế toán doanh nghiệp
95965,HTC,ke-toan-doanh-nghiep,D07,Điểm thi THPT,2021,35.13,Kế toán doanh nghiệp
95966,HTC,ke-toan-doanh-nghiep,A01,Điểm học bạ,2022,27.0,Kế toán doanh nghiệp
95967,HTC,ke-toan-doanh-nghiep,D01,Điểm học bạ,2022,27.0,Kế toán doanh nghiệp
95968,HTC,ke-toan-doanh-nghiep,D07,Điểm học bạ,2022,27.0,Kế toán doanh nghiệp
95969,HTC,ke-toan-doanh-nghiep,A01,Điểm thi THPT,2022,32.95,Kế toán doanh nghiệp
95970,HTC,ke-toan-doanh-nghiep,D01,Điểm thi THPT,2022,32.95,Kế toán doanh nghiệp
95971,HTC,ke-toan-doanh-nghiep,D07,Điểm thi THPT,2022,32.95,Kế toán doanh nghiệp
95972,HTC,ke-toan-doanh-nghiep,A01,Điểm học bạ,2023,29.5,Kế toán doanh nghiệp (Chất lượng cao)
95973,HTC,ke-toan-doanh-nghiep,D01,Điểm học bạ,2023,29.5,Kế toán doanh nghiệp (Chất lượng cao)
95974,HTC,ke-toan-doanh-nghiep,D07,Điểm học bạ,2023,29.5,Kế toán doanh nghiệp (Chất lượng cao)
95975,HTC,ke-toan-doanh-nghiep,A01,Điểm thi THPT,2023,34.01,Kế toán doanh nghiệp (Chất lượng cao)
95976,HTC,ke-toan-doanh-nghiep,D01,Điểm thi THPT,2023,34.01,Kế toán doanh nghiệp (Chất lượng cao)
95977,HTC,ke-toan-doanh-nghiep,D07,Điểm thi THPT,2023,34.01,Kế toán doanh nghiệp (Chất lượng cao)
95978,HTC,ke-toan-doanh-nghiep,A01,Điểm học bạ,2024,27.5,Kế toán doanh nghiệp (theo định hướng ACCA)
95979,HTC,ke-toan-doanh-nghiep,D01,Điểm học bạ,2024,27.5,Kế toán doanh nghiệp (theo định hướng ACCA)
95980,HTC,ke-toan-doanh-nghiep,D07,Điểm học bạ,2024,27.5,Kế toán doanh nghiệp (theo định hướng ACCA)
95981,HTC,ke-toan-doanh-nghiep,A01,Điểm thi THPT,2024,34.35,Kế toán doanh nghiệp (theo định hướng ACCA)
95982,HTC,ke-toan-doanh-nghiep,D01,Điểm thi THPT,2024,34.35,Kế toán doanh nghiệp (theo định hướng ACCA)
95983,HTC,ke-toan-doanh-nghiep,D07,Điểm thi THPT,2024,34.35,Kế toán doanh nghiệp (theo định hướng ACCA)
95984,HTC,ke-toan-doanh-nghiep,A01,Điểm thi THPT,2025,21.5,Kế toán doanh nghiệp (Theo định hướng ACCA)
95985,HTC,ke-toan-doanh-nghiep,D01,Điểm thi THPT,2025,21.5,Kế toán doanh nghiệp (Theo định hướng ACCA)
95986,HTC,ke-toan-doanh-nghiep,D07,Điểm thi THPT,2025,21.5,Kế toán doanh nghiệp (Theo định hướng ACCA)
95987,HTC,ke-toan-doanh-nghiep-ke-toan-cong,A00,Điểm thi THPT,2025,25.01,Kế toán doanh nghiệp; Kế toán công
95988,HTC,ke-toan-doanh-nghiep-ke-toan-cong,A01,Điểm thi THPT,2025,25.01,Kế toán doanh nghiệp; Kế toán công
95989,HTC,ke-toan-doanh-nghiep-ke-toan-cong,D01,Điểm thi THPT,2025,25.01,Kế toán doanh nghiệp; Kế toán công
95990,HTC,ke-toan-doanh-nghiep-ke-toan-cong,D07,Điểm thi THPT,2025,25.01,Kế toán doanh nghiệp; Kế toán công
95991,HTC,ke-toan-quan-tri-va-kiem-soat-quan-ly,A01,Điểm thi THPT,2025,21.0,Kế toán quản trị và Kiểm soát quản lý (Theo định hướng CMA)
95992,HTC,ke-toan-quan-tri-va-kiem-soat-quan-ly,D01,Điểm thi THPT,2025,21.0,Kế toán quản trị và Kiểm soát quản lý (Theo định hướng CMA)
95993,HTC,ke-toan-quan-tri-va-kiem-soat-quan-ly,D07,Điểm thi THPT,2025,21.0,Kế toán quản trị và Kiểm soát quản lý (Theo định hướng CMA)
95994,HTC,khoa-hoc-du-lieu-trong-tai-chinh,A00,Điểm thi THPT,2025,25.52,Khoa học dữ liệu trong tài chính
95995,HTC,khoa-hoc-du-lieu-trong-tai-chinh,A01,Điểm thi THPT,2025,25.52,Khoa học dữ liệu trong tài chính
95996,HTC,khoa-hoc-du-lieu-trong-tai-chinh,D01,Điểm thi THPT,2025,25.52,Khoa học dữ liệu trong tài chính
95997,HTC,khoa-hoc-du-lieu-trong-tai-chinh,D07,Điểm thi THPT,2025,25.52,Khoa học dữ liệu trong tài chính
95998,HTC,kiem-toan,A01,Điểm thi THPT,2021,35.73,Kiểm toán
95999,HTC,kiem-toan,D01,Điểm thi THPT,2021,35.73,Kiểm toán
96000,HTC,kiem-toan,D07,Điểm thi THPT,2021,35.73,Kiểm toán
96001,HTC,kiem-toan,A01,Điểm học bạ,2022,27.2,Kiểm toán
96002,HTC,kiem-toan,D01,Điểm học bạ,2022,27.2,Kiểm toán
96003,HTC,kiem-toan,D07,Điểm học bạ,2022,27.2,Kiểm toán
96004,HTC,kiem-toan,A01,Điểm thi THPT,2022,33.85,Kiểm toán
96005,HTC,kiem-toan,D01,Điểm thi THPT,2022,33.85,Kiểm toán
96006,HTC,kiem-toan,D07,Điểm thi THPT,2022,33.85,Kiểm toán
96007,HTC,kiem-toan,A01,Điểm học bạ,2023,29.4,Kiểm toán (Chất lượng cao)
96008,HTC,kiem-toan,D01,Điểm học bạ,2023,29.4,Kiểm toán (Chất lượng cao)
96009,HTC,kiem-toan,D07,Điểm học bạ,2023,29.4,Kiểm toán (Chất lượng cao)
96010,HTC,kiem-toan,A01,Điểm thi THPT,2023,34.75,Kiểm toán (Chất lượng cao)
96011,HTC,kiem-toan,D01,Điểm thi THPT,2023,34.75,Kiểm toán (Chất lượng cao)
96012,HTC,kiem-toan,D07,Điểm thi THPT,2023,34.75,Kiểm toán (Chất lượng cao)
96013,HTC,kiem-toan,A01,Điểm học bạ,2024,26.7,Kiểm toán (theo định hướng ICAEW)
96014,HTC,kiem-toan,D01,Điểm học bạ,2024,26.7,Kiểm toán (theo định hướng ICAEW)
96015,HTC,kiem-toan,D07,Điểm học bạ,2024,26.7,Kiểm toán (theo định hướng ICAEW)
96016,HTC,kiem-toan,A01,Điểm thi THPT,2024,35.7,Kiểm toán (theo định hướng ICAEW)
96017,HTC,kiem-toan,D01,Điểm thi THPT,2024,35.7,Kiểm toán (theo định hướng ICAEW)
96018,HTC,kiem-toan,D07,Điểm thi THPT,2024,35.7,Kiểm toán (theo định hướng ICAEW)
96019,HTC,kiem-toan,A00,Điểm thi THPT,2025,26.6,Kiểm toán
96020,HTC,kiem-toan,A01,Điểm thi THPT,2025,26.6,Kiểm toán
96021,HTC,kiem-toan,D01,Điểm thi THPT,2025,26.6,Kiểm toán
96022,HTC,kiem-toan,D07,Điểm thi THPT,2025,26.6,Kiểm toán
96023,HTC,kinh-doanh-quoc-te,A01,Điểm thi THPT,2025,24.89,Kinh doanh quốc tế (Theo định hướng ICAEW CFAB)
96024,HTC,kinh-doanh-quoc-te,D01,Điểm thi THPT,2025,24.89,Kinh doanh quốc tế (Theo định hướng ICAEW CFAB)
96025,HTC,kinh-doanh-quoc-te,D07,Điểm thi THPT,2025,24.89,Kinh doanh quốc tế (Theo định hướng ICAEW CFAB)
96026,HTC,kinh-te,A01,Điểm thi THPT,2021,26.35,Kinh tế
96027,HTC,kinh-te,D01,Điểm thi THPT,2021,26.35,Kinh tế
96028,HTC,kinh-te,D07,Điểm thi THPT,2021,26.35,Kinh tế
96029,HTC,kinh-te,A01,Điểm học bạ,2022,26.6,Kinh tế
96030,HTC,kinh-te,D01,Điểm học bạ,2022,26.6,Kinh tế
96031,HTC,kinh-te,D07,Điểm học bạ,2022,26.6,Kinh tế
96032,HTC,kinh-te,A01,Điểm thi THPT,2022,25.75,Kinh tế
96033,HTC,kinh-te,D01,Điểm thi THPT,2022,25.75,Kinh tế
96034,HTC,kinh-te,D07,Điểm thi THPT,2022,25.75,Kinh tế
96035,HTC,kinh-te,A01,Điểm học bạ,2023,25.2,Kinh tế
96036,HTC,kinh-te,D01,Điểm học bạ,2023,25.2,Kinh tế
96037,HTC,kinh-te,D07,Điểm học bạ,2023,25.2,Kinh tế
96038,HTC,kinh-te,A01,Điểm thi THPT,2023,25.85,Kinh tế
96039,HTC,kinh-te,D01,Điểm thi THPT,2023,25.85,Kinh tế
96040,HTC,kinh-te,D07,Điểm thi THPT,2023,25.85,Kinh tế
96041,HTC,kinh-te,A01,Điểm học bạ,2024,26.0,Kinh tế
96042,HTC,kinh-te,D01,Điểm học bạ,2024,26.0,Kinh tế
96043,HTC,kinh-te,D07,Điểm học bạ,2024,26.0,Kinh tế
96044,HTC,kinh-te,A01,Điểm thi THPT,2024,26.13,Kinh tế
96045,HTC,kinh-te,D01,Điểm thi THPT,2024,26.13,Kinh tế
96046,HTC,kinh-te,D07,Điểm thi THPT,2024,26.13,Kinh tế
96047,HTC,kinh-te-chinh-tri-tai-chinh,A00,Điểm thi THPT,2025,24.92,Kinh tế chính trị - tài chính
96048,HTC,kinh-te-chinh-tri-tai-chinh,A01,Điểm thi THPT,2025,24.92,Kinh tế chính trị - tài chính
96049,HTC,kinh-te-chinh-tri-tai-chinh,D01,Điểm thi THPT,2025,24.92,Kinh tế chính trị - tài chính
96050,HTC,kinh-te-chinh-tri-tai-chinh,D07,Điểm thi THPT,2025,24.92,Kinh tế chính trị - tài chính
96051,HTC,kinh-te-dau-tu,A00,Điểm thi THPT,2025,25.56,Kinh tế đầu tư
96052,HTC,kinh-te-dau-tu,A01,Điểm thi THPT,2025,25.56,Kinh tế đầu tư
96053,HTC,kinh-te-dau-tu,D01,Điểm thi THPT,2025,25.56,Kinh tế đầu tư
96054,HTC,kinh-te-dau-tu,D07,Điểm thi THPT,2025,25.56,Kinh tế đầu tư
96055,HTC,kinh-te-va-quan-ly-nguon-luc-tai-chinh,A00,Điểm thi THPT,2025,25.43,Kinh tế và quản lý nguồn lực tài chính
96056,HTC,kinh-te-va-quan-ly-nguon-luc-tai-chinh,A01,Điểm thi THPT,2025,25.43,Kinh tế và quản lý nguồn lực tài chính
96057,HTC,kinh-te-va-quan-ly-nguon-luc-tai-chinh,D01,Điểm thi THPT,2025,25.43,Kinh tế và quản lý nguồn lực tài chính
96058,HTC,kinh-te-va-quan-ly-nguon-luc-tai-chinh,D07,Điểm thi THPT,2025,25.43,Kinh tế và quản lý nguồn lực tài chính
96059,HTC,luat-kinh-doanh,A00,Điểm thi THPT,2025,25.12,Luật kinh doanh
96060,HTC,luat-kinh-doanh,A01,Điểm thi THPT,2025,25.12,Luật kinh doanh
96061,HTC,luat-kinh-doanh,D01,Điểm thi THPT,2025,25.12,Luật kinh doanh
96062,HTC,luat-kinh-doanh,D07,Điểm thi THPT,2025,25.12,Luật kinh doanh
96063,HTC,marketing,A00,Điểm thi THPT,2025,26.23,Marketing
96064,HTC,marketing,A01,Điểm thi THPT,2025,26.23,Marketing
96065,HTC,marketing,D01,Điểm thi THPT,2025,26.23,Marketing
96066,HTC,marketing,D07,Điểm thi THPT,2025,26.23,Marketing
96067,HTC,ngan-hang,A01,Điểm thi THPT,2025,21.0,Ngân hàng (Theo định hướng ICAEW CFAB)
96068,HTC,ngan-hang,D01,Điểm thi THPT,2025,21.0,Ngân hàng (Theo định hướng ICAEW CFAB)
96069,HTC,ngan-hang,D07,Điểm thi THPT,2025,21.0,Ngân hàng (Theo định hướng ICAEW CFAB)
96070,HTC,ngon-ngu-anh,A01,Điểm thi THPT,2021,35.77,Ngôn ngữ Anh
96071,HTC,ngon-ngu-anh,D01,Điểm thi THPT,2021,35.77,Ngôn ngữ Anh
96072,HTC,ngon-ngu-anh,D07,Điểm thi THPT,2021,35.77,Ngôn ngữ Anh
96073,HTC,ngon-ngu-anh,A01,Điểm học bạ,2022,27.3,Ngôn ngữ Anh
96074,HTC,ngon-ngu-anh,D01,Điểm học bạ,2022,27.3,Ngôn ngữ Anh
96075,HTC,ngon-ngu-anh,D07,Điểm học bạ,2022,27.3,Ngôn ngữ Anh
96076,HTC,ngon-ngu-anh,A01,Điểm thi THPT,2022,34.32,Ngôn ngữ Anh
96077,HTC,ngon-ngu-anh,D01,Điểm thi THPT,2022,34.32,Ngôn ngữ Anh
96078,HTC,ngon-ngu-anh,D07,Điểm thi THPT,2022,34.32,Ngôn ngữ Anh
96079,HTC,ngon-ngu-anh,A01,Điểm học bạ,2023,28.5,Ngôn ngữ Anh
96080,HTC,ngon-ngu-anh,D01,Điểm học bạ,2023,28.5,Ngôn ngữ Anh
96081,HTC,ngon-ngu-anh,D07,Điểm học bạ,2023,28.5,Ngôn ngữ Anh
96082,HTC,ngon-ngu-anh,A01,Điểm thi THPT,2023,34.4,Ngôn ngữ Anh
96083,HTC,ngon-ngu-anh,D01,Điểm thi THPT,2023,34.4,Ngôn ngữ Anh
96084,HTC,ngon-ngu-anh,D07,Điểm thi THPT,2023,34.4,Ngôn ngữ Anh
96085,HTC,ngon-ngu-anh,A01,Điểm học bạ,2024,29.0,Ngôn ngữ Anh
96086,HTC,ngon-ngu-anh,D01,Điểm học bạ,2024,29.0,Ngôn ngữ Anh
96087,HTC,ngon-ngu-anh,D07,Điểm học bạ,2024,29.0,Ngôn ngữ Anh
96088,HTC,ngon-ngu-anh,A01,Điểm thi THPT,2024,34.73,Ngôn ngữ Anh
96089,HTC,ngon-ngu-anh,D01,Điểm thi THPT,2024,34.73,Ngôn ngữ Anh
96090,HTC,ngon-ngu-anh,D07,Điểm thi THPT,2024,34.73,Ngôn ngữ Anh
96091,HTC,phan-tich-tai-chinh,A01,Điểm thi THPT,2021,35.63,Phân tích tài chính
96092,HTC,phan-tich-tai-chinh,D01,Điểm thi THPT,2021,35.63,Phân tích tài chính
96093,HTC,phan-tich-tai-chinh,D07,Điểm thi THPT,2021,35.63,Phân tích tài chính
96094,HTC,phan-tich-tai-chinh,A01,Điểm học bạ,2022,29.2,Phân tích tài chính
96095,HTC,phan-tich-tai-chinh,D01,Điểm học bạ,2022,29.2,Phân tích tài chính
96096,HTC,phan-tich-tai-chinh,D07,Điểm học bạ,2022,29.2,Phân tích tài chính
96097,HTC,phan-tich-tai-chinh,A01,Điểm thi THPT,2022,33.63,Phân tích tài chính
96098,HTC,phan-tich-tai-chinh,D01,Điểm thi THPT,2022,33.63,Phân tích tài chính
96099,HTC,phan-tich-tai-chinh,D07,Điểm thi THPT,2022,33.63,Phân tích tài chính
96100,HTC,phan-tich-tai-chinh,A01,Điểm học bạ,2023,26.9,Phân tích tài chính (Chất lượng cao)
96101,HTC,phan-tich-tai-chinh,D01,Điểm học bạ,2023,26.9,Phân tích tài chính (Chất lượng cao)
96102,HTC,phan-tich-tai-chinh,D07,Điểm học bạ,2023,26.9,Phân tích tài chính (Chất lượng cao)
96103,HTC,phan-tich-tai-chinh,A01,Điểm thi THPT,2023,34.6,Phân tích tài chính (Chất lượng cao)
96104,HTC,phan-tich-tai-chinh,D01,Điểm thi THPT,2023,34.6,Phân tích tài chính (Chất lượng cao)
96105,HTC,phan-tich-tai-chinh,D07,Điểm thi THPT,2023,34.6,Phân tích tài chính (Chất lượng cao)
96106,HTC,phan-tich-tai-chinh,A01,Điểm học bạ,2024,26.0,Phân tích tài chính (theo định hướng ICAEW)
96107,HTC,phan-tich-tai-chinh,D01,Điểm học bạ,2024,26.0,Phân tích tài chính (theo định hướng ICAEW)
96108,HTC,phan-tich-tai-chinh,D07,Điểm học bạ,2024,26.0,Phân tích tài chính (theo định hướng ICAEW)
96109,HTC,phan-tich-tai-chinh,A01,Điểm thi THPT,2024,35.36,Phân tích tài chính (theo định hướng ICAEW)
96110,HTC,phan-tich-tai-chinh,D01,Điểm thi THPT,2024,35.36,Phân tích tài chính (theo định hướng ICAEW)
96111,HTC,phan-tich-tai-chinh,D07,Điểm thi THPT,2024,35.36,Phân tích tài chính (theo định hướng ICAEW)
96112,HTC,phan-tich-tai-chinh,A01,Điểm thi THPT,2025,21.0,Phân tích tài chính (Theo định hướng ICAEW CFAB)
96113,HTC,phan-tich-tai-chinh,D01,Điểm thi THPT,2025,21.0,Phân tích tài chính (Theo định hướng ICAEW CFAB)
96114,HTC,phan-tich-tai-chinh,D07,Điểm thi THPT,2025,21.0,Phân tích tài chính (Theo định hướng ICAEW CFAB)
96115,HTC,quan-ly-tai-chinh-cong,A00,Điểm thi THPT,2025,22.55,Quản lý tài chính công
96116,HTC,quan-ly-tai-chinh-cong,A01,Điểm thi THPT,2025,22.55,Quản lý tài chính công
96117,HTC,quan-ly-tai-chinh-cong,D01,Điểm thi THPT,2025,22.55,Quản lý tài chính công
96118,HTC,quan-ly-tai-chinh-cong,D07,Điểm thi THPT,2025,22.55,Quản lý tài chính công
96119,HTC,quan-tri-doanh-nghiep,A01,Điểm thi THPT,2025,22.58,Quản trị doanh nghiệp (Theo định hướng ICAEW CFAB)
96120,HTC,quan-tri-doanh-nghiep,D01,Điểm thi THPT,2025,22.58,Quản trị doanh nghiệp (Theo định hướng ICAEW CFAB)
96121,HTC,quan-tri-doanh-nghiep,D07,Điểm thi THPT,2025,22.58,Quản trị doanh nghiệp (Theo định hướng ICAEW CFAB)
96122,HTC,quan-tri-doanh-nghiep-quan-tri-kinh-doanh-du-lich,A00,Điểm thi THPT,2025,24.98,Quản trị doanh nghiệp; Quản trị kinh doanh du lịch
96123,HTC,quan-tri-doanh-nghiep-quan-tri-kinh-doanh-du-lich,A01,Điểm thi THPT,2025,24.98,Quản trị doanh nghiệp; Quản trị kinh doanh du lịch
96124,HTC,quan-tri-doanh-nghiep-quan-tri-kinh-doanh-du-lich,D01,Điểm thi THPT,2025,24.98,Quản trị doanh nghiệp; Quản trị kinh doanh du lịch
96125,HTC,quan-tri-doanh-nghiep-quan-tri-kinh-doanh-du-lich,D07,Điểm thi THPT,2025,24.98,Quản trị doanh nghiệp; Quản trị kinh doanh du lịch
96126,HTC,quan-tri-kinh-doanh,A00,Điểm thi THPT,2021,26.7,Quản trị kinh doanh
96127,HTC,quan-tri-kinh-doanh,A01,Điểm thi THPT,2021,26.7,Quản trị kinh doanh
96128,HTC,quan-tri-kinh-doanh,D01,Điểm thi THPT,2021,26.7,Quản trị kinh doanh
96129,HTC,quan-tri-kinh-doanh,D07,Điểm thi THPT,2021,26.7,Quản trị kinh doanh
96130,HTC,quan-tri-kinh-doanh,A00,Điểm học bạ,2022,26.3,Quản trị kinh doanh
96131,HTC,quan-tri-kinh-doanh,A01,Điểm học bạ,2022,26.3,Quản trị kinh doanh
96132,HTC,quan-tri-kinh-doanh,D01,Điểm học bạ,2022,26.3,Quản trị kinh doanh
96133,HTC,quan-tri-kinh-doanh,D07,Điểm học bạ,2022,26.3,Quản trị kinh doanh
96134,HTC,quan-tri-kinh-doanh,A00,Điểm thi THPT,2022,26.15,Quản trị kinh doanh
96135,HTC,quan-tri-kinh-doanh,A01,Điểm thi THPT,2022,26.15,Quản trị kinh doanh
96136,HTC,quan-tri-kinh-doanh,D01,Điểm thi THPT,2022,26.15,Quản trị kinh doanh
96137,HTC,quan-tri-kinh-doanh,D07,Điểm thi THPT,2022,26.15,Quản trị kinh doanh
96138,HTC,quan-tri-kinh-doanh,A00,Điểm học bạ,2023,26.7,Quản trị kinh doanh
96139,HTC,quan-tri-kinh-doanh,A01,Điểm học bạ,2023,26.7,Quản trị kinh doanh
96140,HTC,quan-tri-kinh-doanh,D01,Điểm học bạ,2023,26.7,Quản trị kinh doanh
96141,HTC,quan-tri-kinh-doanh,D07,Điểm học bạ,2023,26.7,Quản trị kinh doanh
96142,HTC,quan-tri-kinh-doanh,A00,Điểm thi THPT,2023,26.17,Quản trị kinh doanh
96143,HTC,quan-tri-kinh-doanh,A01,Điểm thi THPT,2023,26.17,Quản trị kinh doanh
96144,HTC,quan-tri-kinh-doanh,D01,Điểm thi THPT,2023,26.17,Quản trị kinh doanh
96145,HTC,quan-tri-kinh-doanh,D07,Điểm thi THPT,2023,26.17,Quản trị kinh doanh
96146,HTC,quan-tri-kinh-doanh,A00,Điểm học bạ,2024,29.2,Quản trị kinh doanh
96147,HTC,quan-tri-kinh-doanh,A01,Điểm học bạ,2024,29.2,Quản trị kinh doanh
96148,HTC,quan-tri-kinh-doanh,D01,Điểm học bạ,2024,29.2,Quản trị kinh doanh
96149,HTC,quan-tri-kinh-doanh,D07,Điểm học bạ,2024,29.2,Quản trị kinh doanh
96150,HTC,quan-tri-kinh-doanh,A00,Điểm thi THPT,2024,26.22,Quản trị kinh doanh
96151,HTC,quan-tri-kinh-doanh,A01,Điểm thi THPT,2024,26.22,Quản trị kinh doanh
96152,HTC,quan-tri-kinh-doanh,D01,Điểm thi THPT,2024,26.22,Quản trị kinh doanh
96153,HTC,quan-tri-kinh-doanh,D07,Điểm thi THPT,2024,26.22,Quản trị kinh doanh
96154,HTC,tai-chinh-bao-hiem,A00,Điểm thi THPT,2025,22.56,Tài chính bảo hiểm
96155,HTC,tai-chinh-bao-hiem,A01,Điểm thi THPT,2025,22.56,Tài chính bảo hiểm
96156,HTC,tai-chinh-bao-hiem,D01,Điểm thi THPT,2025,22.56,Tài chính bảo hiểm
96157,HTC,tai-chinh-bao-hiem,D07,Điểm thi THPT,2025,22.56,Tài chính bảo hiểm
96158,HTC,tai-chinh-doanh-nghiep,A01,Điểm thi THPT,2021,35.7,Tài chính doanh nghiệp
96159,HTC,tai-chinh-doanh-nghiep,D01,Điểm thi THPT,2021,35.7,Tài chính doanh nghiệp
96160,HTC,tai-chinh-doanh-nghiep,D07,Điểm thi THPT,2021,35.7,Tài chính doanh nghiệp
96161,HTC,tai-chinh-doanh-nghiep,A01,Điểm học bạ,2022,29.0,Tài chính doanh nghiệp
96162,HTC,tai-chinh-doanh-nghiep,D01,Điểm học bạ,2022,29.0,Tài chính doanh nghiệp
96163,HTC,tai-chinh-doanh-nghiep,D07,Điểm học bạ,2022,29.0,Tài chính doanh nghiệp
96164,HTC,tai-chinh-doanh-nghiep,A01,Điểm thi THPT,2022,33.33,Tài chính doanh nghiệp
96165,HTC,tai-chinh-doanh-nghiep,D01,Điểm thi THPT,2022,33.33,Tài chính doanh nghiệp
96166,HTC,tai-chinh-doanh-nghiep,D07,Điểm thi THPT,2022,33.33,Tài chính doanh nghiệp
96167,HTC,tai-chinh-doanh-nghiep,A01,Điểm học bạ,2023,29.5,Tài chính doanh nghiệp (Chất lượng cao)
96168,HTC,tai-chinh-doanh-nghiep,D01,Điểm học bạ,2023,29.5,Tài chính doanh nghiệp (Chất lượng cao)
96169,HTC,tai-chinh-doanh-nghiep,D07,Điểm học bạ,2023,29.5,Tài chính doanh nghiệp (Chất lượng cao)
96170,HTC,tai-chinh-doanh-nghiep,A01,Điểm thi THPT,2023,34.25,Tài chính doanh nghiệp (Chất lượng cao)
96171,HTC,tai-chinh-doanh-nghiep,D01,Điểm thi THPT,2023,34.25,Tài chính doanh nghiệp (Chất lượng cao)
96172,HTC,tai-chinh-doanh-nghiep,D07,Điểm thi THPT,2023,34.25,Tài chính doanh nghiệp (Chất lượng cao)
96173,HTC,tai-chinh-doanh-nghiep,A01,Điểm học bạ,2024,26.5,Tài chính doanh nghiệp (theo định hướng ACCA)
96174,HTC,tai-chinh-doanh-nghiep,D01,Điểm học bạ,2024,26.5,Tài chính doanh nghiệp (theo định hướng ACCA)
96175,HTC,tai-chinh-doanh-nghiep,D07,Điểm học bạ,2024,26.5,Tài chính doanh nghiệp (theo định hướng ACCA)
96176,HTC,tai-chinh-doanh-nghiep,A01,Điểm thi THPT,2024,35.4,Tài chính doanh nghiệp (theo định hướng ACCA)
96177,HTC,tai-chinh-doanh-nghiep,D01,Điểm thi THPT,2024,35.4,Tài chính doanh nghiệp (theo định hướng ACCA)
96178,HTC,tai-chinh-doanh-nghiep,D07,Điểm thi THPT,2024,35.4,Tài chính doanh nghiệp (theo định hướng ACCA)
96179,HTC,tai-chinh-doanh-nghiep,A01,Điểm thi THPT,2025,21.0,Tài chính doanh nghiệp (Theo định hướng ACCA)
96180,HTC,tai-chinh-doanh-nghiep,D01,Điểm thi THPT,2025,21.0,Tài chính doanh nghiệp (Theo định hướng ACCA)
96181,HTC,tai-chinh-doanh-nghiep,D07,Điểm thi THPT,2025,21.0,Tài chính doanh nghiệp (Theo định hướng ACCA)
96182,HTC,tai-chinh-ngan-hang,A00,Điểm thi THPT,2021,26.1,Tài chính - Ngân hàng
96183,HTC,tai-chinh-ngan-hang,A01,Điểm thi THPT,2021,26.1,Tài chính - Ngân hàng
96184,HTC,tai-chinh-ngan-hang,D01,Điểm thi THPT,2021,26.45,Tài chính - Ngân hàng
96185,HTC,tai-chinh-ngan-hang,D07,Điểm thi THPT,2021,26.1,Tài chính - Ngân hàng
96186,HTC,tai-chinh-ngan-hang-1,A00,Điểm học bạ,2022,28.7,Tài chính - Ngân hàng 1
96187,HTC,tai-chinh-ngan-hang-1,A01,Điểm học bạ,2022,28.7,Tài chính - Ngân hàng 1
96188,HTC,tai-chinh-ngan-hang-1,D01,Điểm học bạ,2022,28.7,Tài chính - Ngân hàng 1
96189,HTC,tai-chinh-ngan-hang-1,D07,Điểm học bạ,2022,28.7,Tài chính - Ngân hàng 1
96190,HTC,tai-chinh-ngan-hang-1,A00,Điểm thi THPT,2022,25.8,Tài chính - Ngân hàng 1
96191,HTC,tai-chinh-ngan-hang-1,A01,Điểm thi THPT,2022,25.8,Tài chính - Ngân hàng 1
96192,HTC,tai-chinh-ngan-hang-1,D01,Điểm thi THPT,2022,25.8,Tài chính - Ngân hàng 1
96193,HTC,tai-chinh-ngan-hang-1,D07,Điểm thi THPT,2022,25.8,Tài chính - Ngân hàng 1
96194,HTC,tai-chinh-ngan-hang-1,A00,Điểm học bạ,2023,28.5,Tài chính - Ngân hàng 1
96195,HTC,tai-chinh-ngan-hang-1,A01,Điểm học bạ,2023,28.5,Tài chính - Ngân hàng 1
96196,HTC,tai-chinh-ngan-hang-1,D01,Điểm học bạ,2023,28.5,Tài chính - Ngân hàng 1
96197,HTC,tai-chinh-ngan-hang-1,D07,Điểm học bạ,2023,28.5,Tài chính - Ngân hàng 1
96198,HTC,tai-chinh-ngan-hang-1,A00,Điểm thi THPT,2023,25.94,Tài chính - Ngân hàng 1
96199,HTC,tai-chinh-ngan-hang-1,A01,Điểm thi THPT,2023,25.94,Tài chính - Ngân hàng 1
96200,HTC,tai-chinh-ngan-hang-1,D01,Điểm thi THPT,2023,25.94,Tài chính - Ngân hàng 1
96201,HTC,tai-chinh-ngan-hang-1,D07,Điểm thi THPT,2023,25.94,Tài chính - Ngân hàng 1
96202,HTC,tai-chinh-ngan-hang-1,A00,Điểm học bạ,2024,26.0,Tài chính - Ngân hàng 1
96203,HTC,tai-chinh-ngan-hang-1,A01,Điểm học bạ,2024,26.0,Tài chính - Ngân hàng 1
96204,HTC,tai-chinh-ngan-hang-1,D01,Điểm học bạ,2024,26.0,Tài chính - Ngân hàng 1
96205,HTC,tai-chinh-ngan-hang-1,D07,Điểm học bạ,2024,26.0,Tài chính - Ngân hàng 1
96206,HTC,tai-chinh-ngan-hang-1,A00,Điểm thi THPT,2024,26.38,Tài chính - Ngân hàng 1
96207,HTC,tai-chinh-ngan-hang-1,A01,Điểm thi THPT,2024,26.38,Tài chính - Ngân hàng 1
96208,HTC,tai-chinh-ngan-hang-1,D01,Điểm thi THPT,2024,26.38,Tài chính - Ngân hàng 1
96209,HTC,tai-chinh-ngan-hang-1,D07,Điểm thi THPT,2024,26.38,Tài chính - Ngân hàng 1
96210,HTC,tai-chinh-ngan-hang-1-cn-thue-hai-quan-va-nghiep-vu-ngoai-thuong-tai-chinh-quoc-te,A00,Điểm thi THPT,2025,25.47,Tài chính - Ngân hàng 1 (CN Thuế; Hải quan và Nghiệp vụ ngoại thương; Tài chính quốc tế
96211,HTC,tai-chinh-ngan-hang-1-cn-thue-hai-quan-va-nghiep-vu-ngoai-thuong-tai-chinh-quoc-te,A01,Điểm thi THPT,2025,25.47,Tài chính - Ngân hàng 1 (CN Thuế; Hải quan và Nghiệp vụ ngoại thương; Tài chính quốc tế
96212,HTC,tai-chinh-ngan-hang-1-cn-thue-hai-quan-va-nghiep-vu-ngoai-thuong-tai-chinh-quoc-te,D01,Điểm thi THPT,2025,25.47,Tài chính - Ngân hàng 1 (CN Thuế; Hải quan và Nghiệp vụ ngoại thương; Tài chính quốc tế
96213,HTC,tai-chinh-ngan-hang-1-cn-thue-hai-quan-va-nghiep-vu-ngoai-thuong-tai-chinh-quoc-te,D07,Điểm thi THPT,2025,25.47,Tài chính - Ngân hàng 1 (CN Thuế; Hải quan và Nghiệp vụ ngoại thương; Tài chính quốc tế
96214,HTC,tai-chinh-ngan-hang-2,A00,Điểm học bạ,2022,28.2,Tài chính - Ngân hàng 2
96215,HTC,tai-chinh-ngan-hang-2,A01,Điểm học bạ,2022,28.2,Tài chính - Ngân hàng 2
96216,HTC,tai-chinh-ngan-hang-2,D01,Điểm học bạ,2022,28.2,Tài chính - Ngân hàng 2
96217,HTC,tai-chinh-ngan-hang-2,D07,Điểm học bạ,2022,28.2,Tài chính - Ngân hàng 2
96218,HTC,tai-chinh-ngan-hang-2,A00,Điểm thi THPT,2022,25.8,Tài chính - Ngân hàng 2
96219,HTC,tai-chinh-ngan-hang-2,A01,Điểm thi THPT,2022,25.8,Tài chính - Ngân hàng 2
96220,HTC,tai-chinh-ngan-hang-2,D01,Điểm thi THPT,2022,25.8,Tài chính - Ngân hàng 2
96221,HTC,tai-chinh-ngan-hang-2,D07,Điểm thi THPT,2022,25.8,Tài chính - Ngân hàng 2
96222,HTC,tai-chinh-ngan-hang-2,A00,Điểm học bạ,2023,29.0,Tài chính - Ngân hàng 2
96223,HTC,tai-chinh-ngan-hang-2,A01,Điểm học bạ,2023,29.0,Tài chính - Ngân hàng 2
96224,HTC,tai-chinh-ngan-hang-2,D01,Điểm học bạ,2023,29.0,Tài chính - Ngân hàng 2
96225,HTC,tai-chinh-ngan-hang-2,D07,Điểm học bạ,2023,29.0,Tài chính - Ngân hàng 2
96226,HTC,tai-chinh-ngan-hang-2,A00,Điểm thi THPT,2023,26.04,Tài chính - Ngân hàng 2
96227,HTC,tai-chinh-ngan-hang-2,A01,Điểm thi THPT,2023,26.04,Tài chính - Ngân hàng 2
96228,HTC,tai-chinh-ngan-hang-2,D01,Điểm thi THPT,2023,26.04,Tài chính - Ngân hàng 2
96229,HTC,tai-chinh-ngan-hang-2,D07,Điểm thi THPT,2023,26.04,Tài chính - Ngân hàng 2
96230,HTC,tai-chinh-ngan-hang-2,A00,Điểm học bạ,2024,27.6,Tài chính - Ngân hàng 2
96231,HTC,tai-chinh-ngan-hang-2,A01,Điểm học bạ,2024,27.6,Tài chính - Ngân hàng 2
96232,HTC,tai-chinh-ngan-hang-2,D01,Điểm học bạ,2024,27.6,Tài chính - Ngân hàng 2
96233,HTC,tai-chinh-ngan-hang-2,D07,Điểm học bạ,2024,27.6,Tài chính - Ngân hàng 2
96234,HTC,tai-chinh-ngan-hang-2,A00,Điểm thi THPT,2024,26.85,Tài chính - Ngân hàng 2
96235,HTC,tai-chinh-ngan-hang-2,A01,Điểm thi THPT,2024,26.85,Tài chính - Ngân hàng 2
96236,HTC,tai-chinh-ngan-hang-2,D01,Điểm thi THPT,2024,26.85,Tài chính - Ngân hàng 2
96237,HTC,tai-chinh-ngan-hang-2,D07,Điểm thi THPT,2024,26.85,Tài chính - Ngân hàng 2
96238,HTC,tai-chinh-ngan-hang-2,A00,Điểm thi THPT,2025,26.31,Tài chính - Ngân hàng 2 (CN Tài chính doanh nghiệp; Phân tích tài chính)
96239,HTC,tai-chinh-ngan-hang-2,A01,Điểm thi THPT,2025,26.31,Tài chính - Ngân hàng 2 (CN Tài chính doanh nghiệp; Phân tích tài chính)
96240,HTC,tai-chinh-ngan-hang-2,D01,Điểm thi THPT,2025,26.31,Tài chính - Ngân hàng 2 (CN Tài chính doanh nghiệp; Phân tích tài chính)
96241,HTC,tai-chinh-ngan-hang-2,D07,Điểm thi THPT,2025,26.31,Tài chính - Ngân hàng 2 (CN Tài chính doanh nghiệp; Phân tích tài chính)
96242,HTC,tai-chinh-ngan-hang-3,A00,Điểm học bạ,2022,27.2,Tài chính - Ngân hàng 3
96243,HTC,tai-chinh-ngan-hang-3,A01,Điểm học bạ,2022,27.2,Tài chính - Ngân hàng 3
96244,HTC,tai-chinh-ngan-hang-3,D01,Điểm học bạ,2022,27.2,Tài chính - Ngân hàng 3
96245,HTC,tai-chinh-ngan-hang-3,D07,Điểm học bạ,2022,27.2,Tài chính - Ngân hàng 3
96246,HTC,tai-chinh-ngan-hang-3,A00,Điểm thi THPT,2022,25.45,Tài chính - Ngân hàng 3
96247,HTC,tai-chinh-ngan-hang-3,A01,Điểm thi THPT,2022,25.45,Tài chính - Ngân hàng 3
96248,HTC,tai-chinh-ngan-hang-3,D01,Điểm thi THPT,2022,25.45,Tài chính - Ngân hàng 3
96249,HTC,tai-chinh-ngan-hang-3,D07,Điểm thi THPT,2022,25.45,Tài chính - Ngân hàng 3
96250,HTC,tai-chinh-ngan-hang-3,A00,Điểm học bạ,2023,29.5,Tài chính - Ngân hàng 3
96251,HTC,tai-chinh-ngan-hang-3,A01,Điểm học bạ,2023,29.5,Tài chính - Ngân hàng 3
96252,HTC,tai-chinh-ngan-hang-3,D01,Điểm học bạ,2023,29.5,Tài chính - Ngân hàng 3
96253,HTC,tai-chinh-ngan-hang-3,D07,Điểm học bạ,2023,29.5,Tài chính - Ngân hàng 3
96254,HTC,tai-chinh-ngan-hang-3,A00,Điểm thi THPT,2023,25.8,Tài chính - Ngân hàng 3
96255,HTC,tai-chinh-ngan-hang-3,A01,Điểm thi THPT,2023,25.8,Tài chính - Ngân hàng 3
96256,HTC,tai-chinh-ngan-hang-3,D01,Điểm thi THPT,2023,25.8,Tài chính - Ngân hàng 3
96257,HTC,tai-chinh-ngan-hang-3,D07,Điểm thi THPT,2023,25.8,Tài chính - Ngân hàng 3
96258,HTC,tai-chinh-ngan-hang-3,A00,Điểm học bạ,2024,29.4,Tài chính - Ngân hàng 3
96259,HTC,tai-chinh-ngan-hang-3,A01,Điểm học bạ,2024,29.4,Tài chính - Ngân hàng 3
96260,HTC,tai-chinh-ngan-hang-3,D01,Điểm học bạ,2024,29.4,Tài chính - Ngân hàng 3
96261,HTC,tai-chinh-ngan-hang-3,D07,Điểm học bạ,2024,29.4,Tài chính - Ngân hàng 3
96262,HTC,tai-chinh-ngan-hang-3,A00,Điểm thi THPT,2024,26.22,Tài chính - Ngân hàng 3
96263,HTC,tai-chinh-ngan-hang-3,A01,Điểm thi THPT,2024,26.22,Tài chính - Ngân hàng 3
96264,HTC,tai-chinh-ngan-hang-3,D01,Điểm thi THPT,2024,26.22,Tài chính - Ngân hàng 3
96265,HTC,tai-chinh-ngan-hang-3,D07,Điểm thi THPT,2024,26.22,Tài chính - Ngân hàng 3
96266,HTC,tai-chinh-ngan-hang-3,A00,Điểm thi THPT,2025,25.4,Tài chính - Ngân hàng 3 (CN Ngân hàng; Đầu tư tài chính)
96267,HTC,tai-chinh-ngan-hang-3,A01,Điểm thi THPT,2025,25.4,Tài chính - Ngân hàng 3 (CN Ngân hàng; Đầu tư tài chính)
96268,HTC,tai-chinh-ngan-hang-3,D01,Điểm thi THPT,2025,25.4,Tài chính - Ngân hàng 3 (CN Ngân hàng; Đầu tư tài chính)
96269,HTC,tai-chinh-ngan-hang-3,D07,Điểm thi THPT,2025,25.4,Tài chính - Ngân hàng 3 (CN Ngân hàng; Đầu tư tài chính)
96270,HTC,tham-dinh-gia-va-kinh-doanh-bat-dong-san,A00,Điểm thi THPT,2025,21.51,Thẩm định giá và kinh doanh bất động sản
96271,HTC,tham-dinh-gia-va-kinh-doanh-bat-dong-san,A01,Điểm thi THPT,2025,21.51,Thẩm định giá và kinh doanh bất động sản
96272,HTC,tham-dinh-gia-va-kinh-doanh-bat-dong-san,D01,Điểm thi THPT,2025,21.51,Thẩm định giá và kinh doanh bất động sản
96273,HTC,tham-dinh-gia-va-kinh-doanh-bat-dong-san,D07,Điểm thi THPT,2025,21.51,Thẩm định giá và kinh doanh bất động sản
96274,HTC,thue-va-quan-tri-thue,A01,Điểm thi THPT,2025,21.0,Thuế và Quản trị thuế (Theo định hướng ACCA)
96275,HTC,thue-va-quan-tri-thue,D01,Điểm thi THPT,2025,21.0,Thuế và Quản trị thuế (Theo định hướng ACCA)
96276,HTC,thue-va-quan-tri-thue,D07,Điểm thi THPT,2025,21.0,Thuế và Quản trị thuế (Theo định hướng ACCA)
96277,HTC,tieng-anh-tai-chinh-ke-toan,A01,Điểm thi THPT,2025,24.1,Tiếng Anh tài chính kế toán
96278,HTC,tieng-anh-tai-chinh-ke-toan,D01,Điểm thi THPT,2025,24.1,Tiếng Anh tài chính kế toán
96279,HTC,tieng-anh-tai-chinh-ke-toan,D07,Điểm thi THPT,2025,24.1,Tiếng Anh tài chính kế toán
96280,HTC,tin-hoc-tai-chinh-ke-toan,A00,Điểm thi THPT,2025,25.07,Tin học tài chính kế toán
96281,HTC,tin-hoc-tai-chinh-ke-toan,A01,Điểm thi THPT,2025,25.07,Tin học tài chính kế toán
96282,HTC,tin-hoc-tai-chinh-ke-toan,D01,Điểm thi THPT,2025,25.07,Tin học tài chính kế toán
96283,HTC,tin-hoc-tai-chinh-ke-toan,D07,Điểm thi THPT,2025,25.07,Tin học tài chính kế toán
96284,HTC,toan-tai-chinh,A00,Điểm thi THPT,2025,24.57,Toán tài chính
96285,HTC,toan-tai-chinh,A01,Điểm thi THPT,2025,24.57,Toán tài chính
96286,HTC,toan-tai-chinh,D01,Điểm thi THPT,2025,24.57,Toán tài chính
96287,HTC,toan-tai-chinh,D07,Điểm thi THPT,2025,24.57,Toán tài chính
96288,HTC,tri-tue-nhan-tao-trong-tai-chinh-ke-toan,A00,Điểm thi THPT,2025,24.97,Trí tuệ nhân tạo trong tài chính kế toán
96289,HTC,tri-tue-nhan-tao-trong-tai-chinh-ke-toan,A01,Điểm thi THPT,2025,24.97,Trí tuệ nhân tạo trong tài chính kế toán
96290,HTC,tri-tue-nhan-tao-trong-tai-chinh-ke-toan,D01,Điểm thi THPT,2025,24.97,Trí tuệ nhân tạo trong tài chính kế toán
96291,HTC,tri-tue-nhan-tao-trong-tai-chinh-ke-toan,D07,Điểm thi THPT,2025,24.97,Trí tuệ nhân tạo trong tài chính kế toán
96292,HTN,cong-nghe-thong-tin,A00,Điểm học bạ,2025,24.0,Công nghệ thông tin
96293,HTN,cong-nghe-thong-tin,D01,Điểm học bạ,2025,24.0,Công nghệ thông tin
96294,HTN,cong-nghe-thong-tin,D10,Điểm học bạ,2025,24.0,Công nghệ thông tin
96295,HTN,cong-nghe-thong-tin,X21,Điểm học bạ,2025,24.0,Công nghệ thông tin
96296,HTN,cong-nghe-thong-tin,A00,Điểm thi THPT,2025,20.0,Công nghệ thông tin
96297,HTN,cong-nghe-thong-tin,D01,Điểm thi THPT,2025,20.0,Công nghệ thông tin
96298,HTN,cong-nghe-thong-tin,D10,Điểm thi THPT,2025,20.0,Công nghệ thông tin
96299,HTN,cong-nghe-thong-tin,X21,Điểm thi THPT,2025,20.0,Công nghệ thông tin
96300,HTN,cong-tac-thanh-thieu-nien,A09,Điểm thi THPT,2021,16.0,Công tác Thanh thiếu niên
96301,HTN,cong-tac-thanh-thieu-nien,C00,Điểm thi THPT,2021,16.0,Công tác Thanh thiếu niên
96302,HTN,cong-tac-thanh-thieu-nien,C20,Điểm thi THPT,2021,16.0,Công tác Thanh thiếu niên
96303,HTN,cong-tac-thanh-thieu-nien,D01,Điểm thi THPT,2021,16.0,Công tác Thanh thiếu niên
96304,HTN,cong-tac-thanh-thieu-nien,A09,Điểm thi THPT,2022,15.0,Công tác Thanh thiếu niên
96305,HTN,cong-tac-thanh-thieu-nien,C00,Điểm thi THPT,2022,15.0,Công tác Thanh thiếu niên
96306,HTN,cong-tac-thanh-thieu-nien,C20,Điểm thi THPT,2022,15.0,Công tác Thanh thiếu niên
96307,HTN,cong-tac-thanh-thieu-nien,D01,Điểm thi THPT,2022,15.0,Công tác Thanh thiếu niên
96308,HTN,cong-tac-thanh-thieu-nien,A09,Điểm học bạ,2023,20.0,Công tác thanh thiếu niên
96309,HTN,cong-tac-thanh-thieu-nien,C00,Điểm học bạ,2023,20.0,Công tác thanh thiếu niên
96310,HTN,cong-tac-thanh-thieu-nien,C20,Điểm học bạ,2023,20.0,Công tác thanh thiếu niên
96311,HTN,cong-tac-thanh-thieu-nien,D01,Điểm học bạ,2023,20.0,Công tác thanh thiếu niên
96312,HTN,cong-tac-thanh-thieu-nien,A09,Điểm thi THPT,2023,17.0,Công tác Thanh thiếu niên
96313,HTN,cong-tac-thanh-thieu-nien,C00,Điểm thi THPT,2023,17.0,Công tác Thanh thiếu niên
96314,HTN,cong-tac-thanh-thieu-nien,C20,Điểm thi THPT,2023,17.0,Công tác Thanh thiếu niên
96315,HTN,cong-tac-thanh-thieu-nien,D01,Điểm thi THPT,2023,17.0,Công tác Thanh thiếu niên
96316,HTN,cong-tac-thanh-thieu-nien,A09,Điểm học bạ,2024,20.0,Công tác Thanh thiếu niên
96317,HTN,cong-tac-thanh-thieu-nien,C00,Điểm học bạ,2024,20.0,Công tác Thanh thiếu niên
96318,HTN,cong-tac-thanh-thieu-nien,C20,Điểm học bạ,2024,20.0,Công tác Thanh thiếu niên
96319,HTN,cong-tac-thanh-thieu-nien,D01,Điểm học bạ,2024,20.0,Công tác Thanh thiếu niên
96320,HTN,cong-tac-thanh-thieu-nien,A09,Điểm thi THPT,2024,15.0,Công tác Thanh thiếu niên
96321,HTN,cong-tac-thanh-thieu-nien,C00,Điểm thi THPT,2024,15.0,Công tác Thanh thiếu niên
96322,HTN,cong-tac-thanh-thieu-nien,C20,Điểm thi THPT,2024,15.0,Công tác Thanh thiếu niên
96323,HTN,cong-tac-thanh-thieu-nien,D01,Điểm thi THPT,2024,15.0,Công tác Thanh thiếu niên
96324,HTN,cong-tac-thanh-thieu-nien,C00,Điểm học bạ,2025,26.4,Công tác Thanh thiếu niên
96325,HTN,cong-tac-thanh-thieu-nien,C20,Điểm học bạ,2025,26.4,Công tác Thanh thiếu niên
96326,HTN,cong-tac-thanh-thieu-nien,D01,Điểm học bạ,2025,26.4,Công tác Thanh thiếu niên
96327,HTN,cong-tac-thanh-thieu-nien,X21,Điểm học bạ,2025,26.4,Công tác Thanh thiếu niên
96328,HTN,cong-tac-thanh-thieu-nien,X70,Điểm học bạ,2025,26.4,Công tác Thanh thiếu niên
96329,HTN,cong-tac-thanh-thieu-nien,X74,Điểm học bạ,2025,26.4,Công tác Thanh thiếu niên
96330,HTN,cong-tac-thanh-thieu-nien,C00,Điểm thi THPT,2025,23.8,Công tác Thanh thiếu niên
96331,HTN,cong-tac-thanh-thieu-nien,C20,Điểm thi THPT,2025,23.8,Công tác Thanh thiếu niên
96332,HTN,cong-tac-thanh-thieu-nien,D01,Điểm thi THPT,2025,23.8,Công tác Thanh thiếu niên
96333,HTN,cong-tac-thanh-thieu-nien,X21,Điểm thi THPT,2025,23.8,Công tác Thanh thiếu niên
96334,HTN,cong-tac-thanh-thieu-nien,X70,Điểm thi THPT,2025,23.8,Công tác Thanh thiếu niên
96335,HTN,cong-tac-thanh-thieu-nien,X74,Điểm thi THPT,2025,23.8,Công tác Thanh thiếu niên
96336,HTN,cong-tac-thanh-thieu-nien-dao-tao-tai-tphcm,C00,Điểm học bạ,2025,22.8,Công tác Thanh thiếu niên - Đào tạo tại TPHCM
96337,HTN,cong-tac-thanh-thieu-nien-dao-tao-tai-tphcm,C20,Điểm học bạ,2025,22.8,Công tác Thanh thiếu niên - Đào tạo tại TPHCM
96338,HTN,cong-tac-thanh-thieu-nien-dao-tao-tai-tphcm,D01,Điểm học bạ,2025,22.8,Công tác Thanh thiếu niên - Đào tạo tại TPHCM
96339,HTN,cong-tac-thanh-thieu-nien-dao-tao-tai-tphcm,X21,Điểm học bạ,2025,22.8,Công tác Thanh thiếu niên - Đào tạo tại TPHCM
96340,HTN,cong-tac-thanh-thieu-nien-dao-tao-tai-tphcm,X70,Điểm học bạ,2025,22.8,Công tác Thanh thiếu niên - Đào tạo tại TPHCM
96341,HTN,cong-tac-thanh-thieu-nien-dao-tao-tai-tphcm,X74,Điểm học bạ,2025,22.8,Công tác Thanh thiếu niên - Đào tạo tại TPHCM
96342,HTN,cong-tac-thanh-thieu-nien-dao-tao-tai-tphcm,C00,Điểm thi THPT,2025,18.5,Công tác Thanh thiếu niên - Đào tạo tại TPHCM
96343,HTN,cong-tac-thanh-thieu-nien-dao-tao-tai-tphcm,C20,Điểm thi THPT,2025,18.5,Công tác Thanh thiếu niên - Đào tạo tại TPHCM
96344,HTN,cong-tac-thanh-thieu-nien-dao-tao-tai-tphcm,D01,Điểm thi THPT,2025,18.5,Công tác Thanh thiếu niên - Đào tạo tại TPHCM
96345,HTN,cong-tac-thanh-thieu-nien-dao-tao-tai-tphcm,X21,Điểm thi THPT,2025,18.5,Công tác Thanh thiếu niên - Đào tạo tại TPHCM
96346,HTN,cong-tac-thanh-thieu-nien-dao-tao-tai-tphcm,X70,Điểm thi THPT,2025,18.5,Công tác Thanh thiếu niên - Đào tạo tại TPHCM
96347,HTN,cong-tac-thanh-thieu-nien-dao-tao-tai-tphcm,X74,Điểm thi THPT,2025,18.5,Công tác Thanh thiếu niên - Đào tạo tại TPHCM
96348,HTN,cong-tac-xa-hoi,A00,Điểm thi THPT,2021,16.0,Công tác xã hội
96349,HTN,cong-tac-xa-hoi,A09,Điểm thi THPT,2021,16.0,Công tác xã hội
96350,HTN,cong-tac-xa-hoi,C00,Điểm thi THPT,2021,16.0,Công tác xã hội
96351,HTN,cong-tac-xa-hoi,C20,Điểm thi THPT,2021,16.0,Công tác xã hội
96352,HTN,cong-tac-xa-hoi,A09,Điểm thi THPT,2022,15.0,Công tác xã hội
96353,HTN,cong-tac-xa-hoi,C00,Điểm thi THPT,2022,15.0,Công tác xã hội
96354,HTN,cong-tac-xa-hoi,C20,Điểm thi THPT,2022,15.0,Công tác xã hội
96355,HTN,cong-tac-xa-hoi,D01,Điểm thi THPT,2022,15.0,Công tác xã hội
96356,HTN,cong-tac-xa-hoi,A09,Điểm học bạ,2023,20.0,Công tác xã hội
96357,HTN,cong-tac-xa-hoi,C00,Điểm học bạ,2023,20.0,Công tác xã hội
96358,HTN,cong-tac-xa-hoi,C20,Điểm học bạ,2023,20.0,Công tác xã hội
96359,HTN,cong-tac-xa-hoi,D01,Điểm học bạ,2023,20.0,Công tác xã hội
96360,HTN,cong-tac-xa-hoi,A09,Điểm thi THPT,2023,17.0,Công tác xã hội
96361,HTN,cong-tac-xa-hoi,C00,Điểm thi THPT,2023,17.0,Công tác xã hội
96362,HTN,cong-tac-xa-hoi,C20,Điểm thi THPT,2023,17.0,Công tác xã hội
96363,HTN,cong-tac-xa-hoi,D01,Điểm thi THPT,2023,17.0,Công tác xã hội
96364,HTN,cong-tac-xa-hoi,A09,Điểm học bạ,2024,22.0,Công tác Xã hội
96365,HTN,cong-tac-xa-hoi,C00,Điểm học bạ,2024,22.0,Công tác Xã hội
96366,HTN,cong-tac-xa-hoi,C20,Điểm học bạ,2024,22.0,Công tác Xã hội
96367,HTN,cong-tac-xa-hoi,D01,Điểm học bạ,2024,22.0,Công tác Xã hội
96368,HTN,cong-tac-xa-hoi,A09,Điểm thi THPT,2024,25.5,Công tác Xã hội
96369,HTN,cong-tac-xa-hoi,C00,Điểm thi THPT,2024,25.5,Công tác Xã hội
96370,HTN,cong-tac-xa-hoi,C20,Điểm thi THPT,2024,25.5,Công tác Xã hội
96371,HTN,cong-tac-xa-hoi,D01,Điểm thi THPT,2024,25.5,Công tác Xã hội
96372,HTN,cong-tac-xa-hoi,A09,Điểm học bạ,2025,26.8,Công tác Xã hội
96373,HTN,cong-tac-xa-hoi,C00,Điểm học bạ,2025,26.8,Công tác Xã hội
96374,HTN,cong-tac-xa-hoi,C20,Điểm học bạ,2025,26.8,Công tác Xã hội
96375,HTN,cong-tac-xa-hoi,D01,Điểm học bạ,2025,26.8,Công tác Xã hội
96376,HTN,cong-tac-xa-hoi,X21,Điểm học bạ,2025,26.8,Công tác Xã hội
96377,HTN,cong-tac-xa-hoi,X74,Điểm học bạ,2025,26.8,Công tác Xã hội
96378,HTN,cong-tac-xa-hoi,A09,Điểm thi THPT,2025,24.5,Công tác Xã hội
96379,HTN,cong-tac-xa-hoi,C00,Điểm thi THPT,2025,24.5,Công tác Xã hội
96380,HTN,cong-tac-xa-hoi,C20,Điểm thi THPT,2025,24.5,Công tác Xã hội
96381,HTN,cong-tac-xa-hoi,D01,Điểm thi THPT,2025,24.5,Công tác Xã hội
96382,HTN,cong-tac-xa-hoi,X21,Điểm thi THPT,2025,24.5,Công tác Xã hội
96383,HTN,cong-tac-xa-hoi,X74,Điểm thi THPT,2025,24.5,Công tác Xã hội
96384,HTN,kinh-te,A00,Điểm học bạ,2025,24.8,Kinh tế
96385,HTN,kinh-te,D01,Điểm học bạ,2025,24.8,Kinh tế
96386,HTN,kinh-te,D10,Điểm học bạ,2025,24.8,Kinh tế
96387,HTN,kinh-te,X21,Điểm học bạ,2025,24.8,Kinh tế
96388,HTN,kinh-te,A00,Điểm thi THPT,2025,21.0,Kinh tế
96389,HTN,kinh-te,D01,Điểm thi THPT,2025,21.0,Kinh tế
96390,HTN,kinh-te,D10,Điểm thi THPT,2025,21.0,Kinh tế
96391,HTN,kinh-te,X21,Điểm thi THPT,2025,21.0,Kinh tế
96392,HTN,luat,A00,Điểm thi THPT,2021,19.0,Luật
96393,HTN,luat,A09,Điểm thi THPT,2021,19.0,Luật
96394,HTN,luat,C00,Điểm thi THPT,2021,19.0,Luật
96395,HTN,luat,C20,Điểm thi THPT,2021,19.0,Luật
96396,HTN,luat,D01,Điểm thi THPT,2021,19.0,Luật
96397,HTN,luat,A00,Điểm thi THPT,2022,24.0,Luật
96398,HTN,luat,A09,Điểm thi THPT,2022,24.0,Luật
96399,HTN,luat,C00,Điểm thi THPT,2022,24.0,Luật
96400,HTN,luat,C20,Điểm thi THPT,2022,24.0,Luật
96401,HTN,luat,A09,Điểm học bạ,2023,24.5,Luật
96402,HTN,luat,C00,Điểm học bạ,2023,24.5,Luật
96403,HTN,luat,C20,Điểm học bạ,2023,24.5,Luật
96404,HTN,luat,D01,Điểm học bạ,2023,24.5,Luật
96405,HTN,luat,A00,Điểm thi THPT,2023,22.0,Luật
96406,HTN,luat,A09,Điểm thi THPT,2023,22.0,Luật
96407,HTN,luat,C00,Điểm thi THPT,2023,22.0,Luật
96408,HTN,luat,C20,Điểm thi THPT,2023,22.0,Luật
96409,HTN,luat,A00,Điểm học bạ,2024,21.0,Luật
96410,HTN,luat,A09,Điểm học bạ,2024,21.0,Luật
96411,HTN,luat,C00,Điểm học bạ,2024,21.0,Luật
96412,HTN,luat,C20,Điểm học bạ,2024,21.0,Luật
96413,HTN,luat,A00,Điểm thi THPT,2024,25.5,Luật
96414,HTN,luat,A09,Điểm thi THPT,2024,25.5,Luật
96415,HTN,luat,C00,Điểm thi THPT,2024,25.5,Luật
96416,HTN,luat,C20,Điểm thi THPT,2024,25.5,Luật
96417,HTN,luat,A00,Điểm học bạ,2025,26.9,Luật
96418,HTN,luat,C00,Điểm học bạ,2025,26.9,Luật
96419,HTN,luat,C20,Điểm học bạ,2025,26.9,Luật
96420,HTN,luat,D01,Điểm học bạ,2025,26.9,Luật
96421,HTN,luat,X21,Điểm học bạ,2025,26.9,Luật
96422,HTN,luat,X74,Điểm học bạ,2025,26.9,Luật
96423,HTN,luat,A00,Điểm thi THPT,2025,24.8,Luật
96424,HTN,luat,C00,Điểm thi THPT,2025,24.8,Luật
96425,HTN,luat,C20,Điểm thi THPT,2025,24.8,Luật
96426,HTN,luat,D01,Điểm thi THPT,2025,24.8,Luật
96427,HTN,luat,X21,Điểm thi THPT,2025,24.8,Luật
96428,HTN,luat,X74,Điểm thi THPT,2025,24.8,Luật
96429,HTN,luat-dao-tao-tai-tphcm,A00,Điểm học bạ,2025,22.0,Luật - Đào tạo tại TPHCM
96430,HTN,luat-dao-tao-tai-tphcm,C00,Điểm học bạ,2025,22.0,Luật - Đào tạo tại TPHCM
96431,HTN,luat-dao-tao-tai-tphcm,C20,Điểm học bạ,2025,22.0,Luật - Đào tạo tại TPHCM
96432,HTN,luat-dao-tao-tai-tphcm,D01,Điểm học bạ,2025,22.0,Luật - Đào tạo tại TPHCM
96433,HTN,luat-dao-tao-tai-tphcm,X21,Điểm học bạ,2025,22.0,Luật - Đào tạo tại TPHCM
96434,HTN,luat-dao-tao-tai-tphcm,X74,Điểm học bạ,2025,22.0,Luật - Đào tạo tại TPHCM
96435,HTN,luat-dao-tao-tai-tphcm,A00,Điểm thi THPT,2025,17.5,Luật - Đào tạo tại TPHCM
96436,HTN,luat-dao-tao-tai-tphcm,C00,Điểm thi THPT,2025,17.5,Luật - Đào tạo tại TPHCM
96437,HTN,luat-dao-tao-tai-tphcm,C20,Điểm thi THPT,2025,17.5,Luật - Đào tạo tại TPHCM
96438,HTN,luat-dao-tao-tai-tphcm,D01,Điểm thi THPT,2025,17.5,Luật - Đào tạo tại TPHCM
96439,HTN,luat-dao-tao-tai-tphcm,X21,Điểm thi THPT,2025,17.5,Luật - Đào tạo tại TPHCM
96440,HTN,luat-dao-tao-tai-tphcm,X74,Điểm thi THPT,2025,17.5,Luật - Đào tạo tại TPHCM
96441,HTN,quan-he-cong-chung,C00,Điểm thi THPT,2021,19.0,Quan hệ Công chúng
96442,HTN,quan-he-cong-chung,C20,Điểm thi THPT,2021,19.0,Quan hệ Công chúng
96443,HTN,quan-he-cong-chung,D01,Điểm thi THPT,2021,19.0,Quan hệ Công chúng
96444,HTN,quan-he-cong-chung,D66,Điểm thi THPT,2021,19.0,Quan hệ Công chúng
96445,HTN,quan-he-cong-chung,C00,Điểm thi THPT,2022,26.0,Quan hệ công chúng
96446,HTN,quan-he-cong-chung,C20,Điểm thi THPT,2022,26.0,Quan hệ công chúng
96447,HTN,quan-he-cong-chung,D01,Điểm thi THPT,2022,26.0,Quan hệ công chúng
96448,HTN,quan-he-cong-chung,D66,Điểm thi THPT,2022,26.0,Quan hệ công chúng
96449,HTN,quan-he-cong-chung,C00,Điểm học bạ,2023,25.5,Quan hệ công chúng
96450,HTN,quan-he-cong-chung,C20,Điểm học bạ,2023,25.5,Quan hệ công chúng
96451,HTN,quan-he-cong-chung,D01,Điểm học bạ,2023,25.5,Quan hệ công chúng
96452,HTN,quan-he-cong-chung,D66,Điểm học bạ,2023,25.5,Quan hệ công chúng
96453,HTN,quan-he-cong-chung,C00,Điểm thi THPT,2023,24.0,Quan hệ công chúng
96454,HTN,quan-he-cong-chung,C20,Điểm thi THPT,2023,24.0,Quan hệ công chúng
96455,HTN,quan-he-cong-chung,D01,Điểm thi THPT,2023,24.0,Quan hệ công chúng
96456,HTN,quan-he-cong-chung,D66,Điểm thi THPT,2023,24.0,Quan hệ công chúng
96457,HTN,quan-he-cong-chung,C00,Điểm học bạ,2024,27.5,Quan hệ Công chúng
96458,HTN,quan-he-cong-chung,C20,Điểm học bạ,2024,27.5,Quan hệ Công chúng
96459,HTN,quan-he-cong-chung,D01,Điểm học bạ,2024,27.5,Quan hệ Công chúng
96460,HTN,quan-he-cong-chung,D15,Điểm học bạ,2024,27.5,Quan hệ Công chúng
96461,HTN,quan-he-cong-chung,C00,Điểm thi THPT,2024,27.5,Quan hệ Công chúng
96462,HTN,quan-he-cong-chung,C20,Điểm thi THPT,2024,27.5,Quan hệ Công chúng
96463,HTN,quan-he-cong-chung,D01,Điểm thi THPT,2024,27.5,Quan hệ Công chúng
96464,HTN,quan-he-cong-chung,D15,Điểm thi THPT,2024,27.5,Quan hệ Công chúng
96465,HTN,quan-he-cong-chung,C00,Điểm học bạ,2025,27.4,Quan hệ Công chúng
96466,HTN,quan-he-cong-chung,C20,Điểm học bạ,2025,27.4,Quan hệ Công chúng
96467,HTN,quan-he-cong-chung,D01,Điểm học bạ,2025,27.4,Quan hệ Công chúng
96468,HTN,quan-he-cong-chung,D15,Điểm học bạ,2025,27.4,Quan hệ Công chúng
96469,HTN,quan-he-cong-chung,X74,Điểm học bạ,2025,27.4,Quan hệ Công chúng
96470,HTN,quan-he-cong-chung,C00,Điểm thi THPT,2025,25.8,Quan hệ Công chúng
96471,HTN,quan-he-cong-chung,C20,Điểm thi THPT,2025,25.8,Quan hệ Công chúng
96472,HTN,quan-he-cong-chung,D01,Điểm thi THPT,2025,25.8,Quan hệ Công chúng
96473,HTN,quan-he-cong-chung,D15,Điểm thi THPT,2025,25.8,Quan hệ Công chúng
96474,HTN,quan-he-cong-chung,X74,Điểm thi THPT,2025,25.8,Quan hệ Công chúng
96475,HTN,quan-ly-nha-nuoc,A09,Điểm thi THPT,2021,16.0,Quản lý Nhà nước
96476,HTN,quan-ly-nha-nuoc,C00,Điểm thi THPT,2021,16.0,Quản lý Nhà nước
96477,HTN,quan-ly-nha-nuoc,C20,Điểm thi THPT,2021,16.0,Quản lý Nhà nước
96478,HTN,quan-ly-nha-nuoc,D01,Điểm thi THPT,2021,16.0,Quản lý Nhà nước
96479,HTN,quan-ly-nha-nuoc,A09,Điểm thi THPT,2022,15.0,Quản lý nhà nước
96480,HTN,quan-ly-nha-nuoc,C00,Điểm thi THPT,2022,15.0,Quản lý nhà nước
96481,HTN,quan-ly-nha-nuoc,C20,Điểm thi THPT,2022,15.0,Quản lý nhà nước
96482,HTN,quan-ly-nha-nuoc,D01,Điểm thi THPT,2022,15.0,Quản lý nhà nước
96483,HTN,quan-ly-nha-nuoc,A09,Điểm học bạ,2023,20.0,Quản lý nhà nước
96484,HTN,quan-ly-nha-nuoc,C00,Điểm học bạ,2023,20.0,Quản lý nhà nước
96485,HTN,quan-ly-nha-nuoc,C20,Điểm học bạ,2023,20.0,Quản lý nhà nước
96486,HTN,quan-ly-nha-nuoc,D01,Điểm học bạ,2023,20.0,Quản lý nhà nước
96487,HTN,quan-ly-nha-nuoc,A09,Điểm thi THPT,2023,18.0,Quản lý nhà nước
96488,HTN,quan-ly-nha-nuoc,C00,Điểm thi THPT,2023,18.0,Quản lý nhà nước
96489,HTN,quan-ly-nha-nuoc,C20,Điểm thi THPT,2023,18.0,Quản lý nhà nước
96490,HTN,quan-ly-nha-nuoc,D01,Điểm thi THPT,2023,18.0,Quản lý nhà nước
96491,HTN,quan-ly-nha-nuoc,A09,Điểm học bạ,2024,23.0,Quản lý Nhà nước
96492,HTN,quan-ly-nha-nuoc,C00,Điểm học bạ,2024,23.0,Quản lý Nhà nước
96493,HTN,quan-ly-nha-nuoc,C20,Điểm học bạ,2024,23.0,Quản lý Nhà nước
96494,HTN,quan-ly-nha-nuoc,D01,Điểm học bạ,2024,23.0,Quản lý Nhà nước
96495,HTN,quan-ly-nha-nuoc,A09,Điểm thi THPT,2024,25.5,Quản lý Nhà nước
96496,HTN,quan-ly-nha-nuoc,C00,Điểm thi THPT,2024,25.5,Quản lý Nhà nước
96497,HTN,quan-ly-nha-nuoc,C20,Điểm thi THPT,2024,25.5,Quản lý Nhà nước
96498,HTN,quan-ly-nha-nuoc,D01,Điểm thi THPT,2024,25.5,Quản lý Nhà nước
96499,HTN,quan-ly-nha-nuoc,A09,Điểm học bạ,2025,26.6,Quản lý Nhà nước
96500,HTN,quan-ly-nha-nuoc,C00,Điểm học bạ,2025,26.6,Quản lý Nhà nước
96501,HTN,quan-ly-nha-nuoc,C20,Điểm học bạ,2025,26.6,Quản lý Nhà nước
96502,HTN,quan-ly-nha-nuoc,D01,Điểm học bạ,2025,26.6,Quản lý Nhà nước
96503,HTN,quan-ly-nha-nuoc,X21,Điểm học bạ,2025,26.6,Quản lý Nhà nước
96504,HTN,quan-ly-nha-nuoc,X74,Điểm học bạ,2025,26.6,Quản lý Nhà nước
96505,HTN,quan-ly-nha-nuoc,A09,Điểm thi THPT,2025,24.1,Quản lý Nhà nước
96506,HTN,quan-ly-nha-nuoc,C00,Điểm thi THPT,2025,24.1,Quản lý Nhà nước
96507,HTN,quan-ly-nha-nuoc,D01,Điểm thi THPT,2025,24.1,Quản lý Nhà nước
96508,HTN,tam-ly-hoc,A00,Điểm thi THPT,2021,15.0,Tâm lý học
96509,HTN,tam-ly-hoc,A09,Điểm thi THPT,2021,15.0,Tâm lý học
96510,HTN,tam-ly-hoc,C00,Điểm thi THPT,2021,15.0,Tâm lý học
96511,HTN,tam-ly-hoc,C20,Điểm thi THPT,2021,15.0,Tâm lý học
96512,HTN,tam-ly-hoc,A09,Điểm thi THPT,2022,15.0,Tâm lý học
96513,HTN,tam-ly-hoc,C00,Điểm thi THPT,2022,15.0,Tâm lý học
96514,HTN,tam-ly-hoc,C20,Điểm thi THPT,2022,15.0,Tâm lý học
96515,HTN,tam-ly-hoc,D01,Điểm thi THPT,2022,15.0,Tâm lý học
96516,HTN,tam-ly-hoc,A09,Điểm học bạ,2023,20.0,Tâm lý học
96517,HTN,tam-ly-hoc,C00,Điểm học bạ,2023,20.0,Tâm lý học
96518,HTN,tam-ly-hoc,C20,Điểm học bạ,2023,20.0,Tâm lý học
96519,HTN,tam-ly-hoc,D01,Điểm học bạ,2023,20.0,Tâm lý học
96520,HTN,tam-ly-hoc,A09,Điểm thi THPT,2023,21.0,Tâm lý học
96521,HTN,tam-ly-hoc,C00,Điểm thi THPT,2023,21.0,Tâm lý học
96522,HTN,tam-ly-hoc,C20,Điểm thi THPT,2023,21.0,Tâm lý học
96523,HTN,tam-ly-hoc,D01,Điểm thi THPT,2023,21.0,Tâm lý học
96524,HTN,tam-ly-hoc,A09,Điểm học bạ,2024,26.5,Tâm lý học
96525,HTN,tam-ly-hoc,C00,Điểm học bạ,2024,26.5,Tâm lý học
96526,HTN,tam-ly-hoc,C20,Điểm học bạ,2024,26.5,Tâm lý học
96527,HTN,tam-ly-hoc,D01,Điểm học bạ,2024,26.5,Tâm lý học
96528,HTN,tam-ly-hoc,A09,Điểm thi THPT,2024,26.5,Tâm lý học
96529,HTN,tam-ly-hoc,C00,Điểm thi THPT,2024,26.5,Tâm lý học
96530,HTN,tam-ly-hoc,C20,Điểm thi THPT,2024,26.5,Tâm lý học
96531,HTN,tam-ly-hoc,D01,Điểm thi THPT,2024,26.5,Tâm lý học
96532,HTN,tam-ly-hoc,A09,Điểm học bạ,2025,27.2,Tâm lý học
96533,HTN,tam-ly-hoc,C00,Điểm học bạ,2025,27.2,Tâm lý học
96534,HTN,tam-ly-hoc,C20,Điểm học bạ,2025,27.2,Tâm lý học
96535,HTN,tam-ly-hoc,D01,Điểm học bạ,2025,27.2,Tâm lý học
96536,HTN,tam-ly-hoc,X21,Điểm học bạ,2025,27.2,Tâm lý học
96537,HTN,tam-ly-hoc,X74,Điểm học bạ,2025,27.2,Tâm lý học
96538,HTN,tam-ly-hoc,A09,Điểm thi THPT,2025,25.3,Tâm lý học
96539,HTN,tam-ly-hoc,C00,Điểm thi THPT,2025,25.3,Tâm lý học
96540,HTN,tam-ly-hoc,C20,Điểm thi THPT,2025,25.3,Tâm lý học
96541,HTN,tam-ly-hoc,D01,Điểm thi THPT,2025,25.3,Tâm lý học
96542,HTN,tam-ly-hoc,X21,Điểm thi THPT,2025,25.3,Tâm lý học
96543,HTN,tam-ly-hoc,X74,Điểm thi THPT,2025,25.3,Tâm lý học
96544,HTN,xay-dung-dang-va-chinh-quyen-nha-nuoc,A09,Điểm thi THPT,2021,16.0,Xây dựng Đảng và Chính quyền nhà nước
96545,HTN,xay-dung-dang-va-chinh-quyen-nha-nuoc,C00,Điểm thi THPT,2021,16.0,Xây dựng Đảng và Chính quyền nhà nước
96546,HTN,xay-dung-dang-va-chinh-quyen-nha-nuoc,C20,Điểm thi THPT,2021,16.0,Xây dựng Đảng và Chính quyền nhà nước
96547,HTN,xay-dung-dang-va-chinh-quyen-nha-nuoc,D01,Điểm thi THPT,2021,16.0,Xây dựng Đảng và Chính quyền nhà nước
96548,HTN,xay-dung-dang-va-chinh-quyen-nha-nuoc,A09,Điểm thi THPT,2022,15.0,Xây dựng Đảng và Chính quyền Nhà nước
96549,HTN,xay-dung-dang-va-chinh-quyen-nha-nuoc,C00,Điểm thi THPT,2022,15.0,Xây dựng Đảng và Chính quyền Nhà nước
96550,HTN,xay-dung-dang-va-chinh-quyen-nha-nuoc,C20,Điểm thi THPT,2022,15.0,Xây dựng Đảng và Chính quyền Nhà nước
96551,HTN,xay-dung-dang-va-chinh-quyen-nha-nuoc,D01,Điểm thi THPT,2022,15.0,Xây dựng Đảng và Chính quyền Nhà nước
96552,HTN,xay-dung-dang-va-chinh-quyen-nha-nuoc,A09,Điểm học bạ,2023,20.0,Xây dựng đảng và chính quyền nhà nước
96553,HTN,xay-dung-dang-va-chinh-quyen-nha-nuoc,C00,Điểm học bạ,2023,20.0,Xây dựng đảng và chính quyền nhà nước
96554,HTN,xay-dung-dang-va-chinh-quyen-nha-nuoc,C20,Điểm học bạ,2023,20.0,Xây dựng đảng và chính quyền nhà nước
96555,HTN,xay-dung-dang-va-chinh-quyen-nha-nuoc,D01,Điểm học bạ,2023,20.0,Xây dựng đảng và chính quyền nhà nước
96556,HTN,xay-dung-dang-va-chinh-quyen-nha-nuoc,A09,Điểm thi THPT,2023,17.0,Xây dựng Đảng và Chính quyền Nhà nước
96557,HTN,xay-dung-dang-va-chinh-quyen-nha-nuoc,C00,Điểm thi THPT,2023,17.0,Xây dựng Đảng và Chính quyền Nhà nước
96558,HTN,xay-dung-dang-va-chinh-quyen-nha-nuoc,C20,Điểm thi THPT,2023,17.0,Xây dựng Đảng và Chính quyền Nhà nước
96559,HTN,xay-dung-dang-va-chinh-quyen-nha-nuoc,D01,Điểm thi THPT,2023,17.0,Xây dựng Đảng và Chính quyền Nhà nước
96560,HTN,xay-dung-dang-va-chinh-quyen-nha-nuoc,A09,Điểm học bạ,2024,21.0,Xây dựng Đảng và Chính quyền Nhà nước
96561,HTN,xay-dung-dang-va-chinh-quyen-nha-nuoc,C00,Điểm học bạ,2024,21.0,Xây dựng Đảng và Chính quyền Nhà nước
96562,HTN,xay-dung-dang-va-chinh-quyen-nha-nuoc,C20,Điểm học bạ,2024,21.0,Xây dựng Đảng và Chính quyền Nhà nước
96563,HTN,xay-dung-dang-va-chinh-quyen-nha-nuoc,D01,Điểm học bạ,2024,21.0,Xây dựng Đảng và Chính quyền Nhà nước
96564,HTN,xay-dung-dang-va-chinh-quyen-nha-nuoc,A09,Điểm thi THPT,2024,21.5,Xây dựng Đảng và Chính quyền Nhà nước
96565,HTN,xay-dung-dang-va-chinh-quyen-nha-nuoc,C00,Điểm thi THPT,2024,21.5,Xây dựng Đảng và Chính quyền Nhà nước
96566,HTN,xay-dung-dang-va-chinh-quyen-nha-nuoc,C20,Điểm thi THPT,2024,21.5,Xây dựng Đảng và Chính quyền Nhà nước
96567,HTN,xay-dung-dang-va-chinh-quyen-nha-nuoc,D01,Điểm thi THPT,2024,21.5,Xây dựng Đảng và Chính quyền Nhà nước
96568,HTN,xay-dung-dang-va-chinh-quyen-nha-nuoc,A09,Điểm học bạ,2025,26.5,Xây dựng Đảng và Chính quyền Nhà nước
96569,HTN,xay-dung-dang-va-chinh-quyen-nha-nuoc,C00,Điểm học bạ,2025,26.5,Xây dựng Đảng và Chính quyền Nhà nước
96570,HTN,xay-dung-dang-va-chinh-quyen-nha-nuoc,C20,Điểm học bạ,2025,26.5,Xây dựng Đảng và Chính quyền Nhà nước
96571,HTN,xay-dung-dang-va-chinh-quyen-nha-nuoc,D01,Điểm học bạ,2025,26.5,Xây dựng Đảng và Chính quyền Nhà nước
96572,HTN,xay-dung-dang-va-chinh-quyen-nha-nuoc,X21,Điểm học bạ,2025,26.5,Xây dựng Đảng và Chính quyền Nhà nước
96573,HTN,xay-dung-dang-va-chinh-quyen-nha-nuoc,X74,Điểm học bạ,2025,26.5,Xây dựng Đảng và Chính quyền Nhà nước
96574,HTN,xay-dung-dang-va-chinh-quyen-nha-nuoc,A09,Điểm thi THPT,2025,24.0,Xây dựng Đảng và Chính quyền Nhà nước
96575,HTN,xay-dung-dang-va-chinh-quyen-nha-nuoc,C00,Điểm thi THPT,2025,24.0,Xây dựng Đảng và Chính quyền Nhà nước
96576,HTN,xay-dung-dang-va-chinh-quyen-nha-nuoc,D01,Điểm thi THPT,2025,24.0,Xây dựng Đảng và Chính quyền Nhà nước
96577,HTN,xay-dung-dang-va-chinh-quyen-nha-nuoc,X74,Điểm thi THPT,2025,24.0,Xây dựng Đảng và Chính quyền Nhà nước
96578,HTN,xay-dung-dang-va-chinh-quyen-nha-nuoc-dao-tao-tai-tphcm,A09,Điểm học bạ,2025,23.6,Xây dựng Đảng và Chính quyền Nhà nước - Đào tạo tại TPHCM
96579,HTN,xay-dung-dang-va-chinh-quyen-nha-nuoc-dao-tao-tai-tphcm,C00,Điểm học bạ,2025,23.6,Xây dựng Đảng và Chính quyền Nhà nước - Đào tạo tại TPHCM
96580,HTN,xay-dung-dang-va-chinh-quyen-nha-nuoc-dao-tao-tai-tphcm,C20,Điểm học bạ,2025,23.6,Xây dựng Đảng và Chính quyền Nhà nước - Đào tạo tại TPHCM
96581,HTN,xay-dung-dang-va-chinh-quyen-nha-nuoc-dao-tao-tai-tphcm,D01,Điểm học bạ,2025,23.6,Xây dựng Đảng và Chính quyền Nhà nước - Đào tạo tại TPHCM
96582,HTN,xay-dung-dang-va-chinh-quyen-nha-nuoc-dao-tao-tai-tphcm,X21,Điểm học bạ,2025,23.6,Xây dựng Đảng và Chính quyền Nhà nước - Đào tạo tại TPHCM
96583,HTN,xay-dung-dang-va-chinh-quyen-nha-nuoc-dao-tao-tai-tphcm,X74,Điểm học bạ,2025,23.6,Xây dựng Đảng và Chính quyền Nhà nước - Đào tạo tại TPHCM
96584,HTN,xay-dung-dang-va-chinh-quyen-nha-nuoc-dao-tao-tai-tphcm,A09,Điểm thi THPT,2025,19.5,Xây dựng Đảng và Chính quyền Nhà nước - Đào tạo tại TPHCM
96585,HTN,xay-dung-dang-va-chinh-quyen-nha-nuoc-dao-tao-tai-tphcm,C00,Điểm thi THPT,2025,19.5,Xây dựng Đảng và Chính quyền Nhà nước - Đào tạo tại TPHCM
96586,HTN,xay-dung-dang-va-chinh-quyen-nha-nuoc-dao-tao-tai-tphcm,D01,Điểm thi THPT,2025,19.5,Xây dựng Đảng và Chính quyền Nhà nước - Đào tạo tại TPHCM
96587,HTN,xay-dung-dang-va-chinh-quyen-nha-nuoc-dao-tao-tai-tphcm,X74,Điểm thi THPT,2025,19.5,Xây dựng Đảng và Chính quyền Nhà nước - Đào tạo tại TPHCM
96588,HVC,chinh-tri-hoc,C00,Điểm học bạ,2021,24.5,Chính trị học
96589,HVC,chinh-tri-hoc,C03,Điểm học bạ,2021,24.5,Chính trị học
96590,HVC,chinh-tri-hoc,C14,Điểm học bạ,2021,24.5,Chính trị học
96591,HVC,chinh-tri-hoc,D01,Điểm học bạ,2021,24.5,Chính trị học
96592,HVC,chinh-tri-hoc,C00,Điểm thi THPT,2021,23.9,Chính trị học
96593,HVC,chinh-tri-hoc,C03,Điểm thi THPT,2021,23.9,Chính trị học
96594,HVC,chinh-tri-hoc,C14,Điểm thi THPT,2021,23.9,Chính trị học
96595,HVC,chinh-tri-hoc,D01,Điểm thi THPT,2021,23.9,Chính trị học
96596,HVC,chinh-tri-hoc,C00,Điểm thi THPT,2022,17.0,Chính trị học
96597,HVC,chinh-tri-hoc,C03,Điểm thi THPT,2022,17.0,Chính trị học
96598,HVC,chinh-tri-hoc,C04,Điểm thi THPT,2022,17.0,Chính trị học
96599,HVC,chinh-tri-hoc,C14,Điểm thi THPT,2022,17.0,Chính trị học
96600,HVC,chinh-tri-hoc,C00,Điểm thi THPT,2023,21.5,Chính trị học
96601,HVC,chinh-tri-hoc,C03,Điểm thi THPT,2023,21.5,Chính trị học
96602,HVC,chinh-tri-hoc,C04,Điểm thi THPT,2023,21.5,Chính trị học
96603,HVC,chinh-tri-hoc,C14,Điểm thi THPT,2023,21.5,Chính trị học
96604,HVC,chinh-tri-hoc,C00,Điểm học bạ,2024,23.9,Chính trị học
96605,HVC,chinh-tri-hoc,C03,Điểm học bạ,2024,23.9,Chính trị học
96606,HVC,chinh-tri-hoc,C04,Điểm học bạ,2024,23.9,Chính trị học
96607,HVC,chinh-tri-hoc,C14,Điểm học bạ,2024,23.9,Chính trị học
96608,HVC,chinh-tri-hoc,C00,Điểm thi THPT,2024,22.0,Chính trị học
96609,HVC,chinh-tri-hoc,C03,Điểm thi THPT,2024,22.0,Chính trị học
96610,HVC,chinh-tri-hoc,C04,Điểm thi THPT,2024,22.0,Chính trị học
96611,HVC,chinh-tri-hoc,C14,Điểm thi THPT,2024,22.0,Chính trị học
96612,HVC,chinh-tri-hoc,A01,Điểm học bạ,2025,26.02,Chính trị học
96613,HVC,chinh-tri-hoc,C00,Điểm học bạ,2025,26.02,Chính trị học
96614,HVC,chinh-tri-hoc,C03,Điểm học bạ,2025,26.02,Chính trị học
96615,HVC,chinh-tri-hoc,C04,Điểm học bạ,2025,26.02,Chính trị học
96616,HVC,chinh-tri-hoc,C14,Điểm học bạ,2025,26.02,Chính trị học
96617,HVC,chinh-tri-hoc,D01,Điểm học bạ,2025,26.02,Chính trị học
96618,HVC,chinh-tri-hoc,A01,Điểm thi THPT,2025,22.5,Chính trị học
96619,HVC,chinh-tri-hoc,C00,Điểm thi THPT,2025,22.5,Chính trị học
96620,HVC,chinh-tri-hoc,C03,Điểm thi THPT,2025,22.5,Chính trị học
96621,HVC,chinh-tri-hoc,C04,Điểm thi THPT,2025,22.5,Chính trị học
96622,HVC,chinh-tri-hoc,C14,Điểm thi THPT,2025,22.5,Chính trị học
96623,HVC,chinh-tri-hoc,D01,Điểm thi THPT,2025,22.5,Chính trị học
96624,HVC,cong-tac-xa-hoi,C00,Điểm học bạ,2021,23.65,Công tác xã hội
96625,HVC,cong-tac-xa-hoi,C14,Điểm học bạ,2021,23.65,Công tác xã hội
96626,HVC,cong-tac-xa-hoi,D01,Điểm học bạ,2021,23.65,Công tác xã hội
96627,HVC,cong-tac-xa-hoi,D14,Điểm học bạ,2021,23.65,Công tác xã hội
96628,HVC,cong-tac-xa-hoi,C00,Điểm thi THPT,2021,23.3,Công tác xã hội
96629,HVC,cong-tac-xa-hoi,C14,Điểm thi THPT,2021,23.3,Công tác xã hội
96630,HVC,cong-tac-xa-hoi,D01,Điểm thi THPT,2021,23.3,Công tác xã hội
96631,HVC,cong-tac-xa-hoi,D14,Điểm thi THPT,2021,23.3,Công tác xã hội
96632,HVC,cong-tac-xa-hoi,C00,Điểm thi THPT,2022,17.25,Công tác xã hội
96633,HVC,cong-tac-xa-hoi,C14,Điểm thi THPT,2022,17.25,Công tác xã hội
96634,HVC,cong-tac-xa-hoi,D01,Điểm thi THPT,2022,17.25,Công tác xã hội
96635,HVC,cong-tac-xa-hoi,D14,Điểm thi THPT,2022,17.25,Công tác xã hội
96636,HVC,cong-tac-xa-hoi,C00,Điểm thi THPT,2023,21.5,Công tác xã hội
96637,HVC,cong-tac-xa-hoi,C14,Điểm thi THPT,2023,21.5,Công tác xã hội
96638,HVC,cong-tac-xa-hoi,D01,Điểm thi THPT,2023,21.5,Công tác xã hội
96639,HVC,cong-tac-xa-hoi,D14,Điểm thi THPT,2023,21.5,Công tác xã hội
96640,HVC,cong-tac-xa-hoi,C00,Điểm học bạ,2024,23.55,Công tác xã hội
96641,HVC,cong-tac-xa-hoi,C03,Điểm học bạ,2024,23.55,Công tác xã hội
96642,HVC,cong-tac-xa-hoi,D01,Điểm học bạ,2024,23.55,Công tác xã hội
96643,HVC,cong-tac-xa-hoi,D14,Điểm học bạ,2024,23.55,Công tác xã hội
96644,HVC,cong-tac-xa-hoi,C00,Điểm thi THPT,2024,22.0,Công tác xã hội
96645,HVC,cong-tac-xa-hoi,C14,Điểm thi THPT,2024,22.0,Công tác xã hội
96646,HVC,cong-tac-xa-hoi,D01,Điểm thi THPT,2024,22.0,Công tác xã hội
96647,HVC,cong-tac-xa-hoi,D14,Điểm thi THPT,2024,22.0,Công tác xã hội
96648,HVC,cong-tac-xa-hoi,A01,Điểm học bạ,2025,26.02,Công tác xã hội
96649,HVC,cong-tac-xa-hoi,C00,Điểm học bạ,2025,26.02,Công tác xã hội
96650,HVC,cong-tac-xa-hoi,C03,Điểm học bạ,2025,26.02,Công tác xã hội
96651,HVC,cong-tac-xa-hoi,C04,Điểm học bạ,2025,26.02,Công tác xã hội
96652,HVC,cong-tac-xa-hoi,C14,Điểm học bạ,2025,26.02,Công tác xã hội
96653,HVC,cong-tac-xa-hoi,D01,Điểm học bạ,2025,26.02,Công tác xã hội
96654,HVC,cong-tac-xa-hoi,D14,Điểm học bạ,2025,26.02,Công tác xã hội
96655,HVC,cong-tac-xa-hoi,A01,Điểm thi THPT,2025,22.5,Công tác xã hội
96656,HVC,cong-tac-xa-hoi,C00,Điểm thi THPT,2025,22.5,Công tác xã hội
96657,HVC,cong-tac-xa-hoi,C03,Điểm thi THPT,2025,22.5,Công tác xã hội
96658,HVC,cong-tac-xa-hoi,C04,Điểm thi THPT,2025,22.5,Công tác xã hội
96659,HVC,cong-tac-xa-hoi,C14,Điểm thi THPT,2025,22.5,Công tác xã hội
96660,HVC,cong-tac-xa-hoi,D01,Điểm thi THPT,2025,22.5,Công tác xã hội
96661,HVC,cong-tac-xa-hoi,D14,Điểm thi THPT,2025,22.5,Công tác xã hội
96662,HVC,luat,A00,Điểm học bạ,2021,26.35,Luật
96663,HVC,luat,A01,Điểm học bạ,2021,26.35,Luật
96664,HVC,luat,C00,Điểm học bạ,2021,26.35,Luật
96665,HVC,luat,D01,Điểm học bạ,2021,26.35,Luật
96666,HVC,luat,A00,Điểm thi THPT,2021,25.0,Luật
96667,HVC,luat,A01,Điểm thi THPT,2021,25.0,Luật
96668,HVC,luat,C00,Điểm thi THPT,2021,25.0,Luật
96669,HVC,luat,D01,Điểm thi THPT,2021,25.0,Luật
96670,HVC,luat,A00,Điểm thi THPT,2022,24.5,Luật
96671,HVC,luat,A01,Điểm thi THPT,2022,24.5,Luật
96672,HVC,luat,C00,Điểm thi THPT,2022,24.5,Luật
96673,HVC,luat,D01,Điểm thi THPT,2022,24.5,Luật
96674,HVC,luat,A00,Điểm thi THPT,2023,23.5,Luật
96675,HVC,luat,A01,Điểm thi THPT,2023,23.5,Luật
96676,HVC,luat,C00,Điểm thi THPT,2023,23.5,Luật
96677,HVC,luat,D01,Điểm thi THPT,2023,23.5,Luật
96678,HVC,luat,A00,Điểm học bạ,2024,26.45,Luật
96679,HVC,luat,A01,Điểm học bạ,2024,26.45,Luật
96680,HVC,luat,C00,Điểm học bạ,2024,26.45,Luật
96681,HVC,luat,D01,Điểm học bạ,2024,26.45,Luật
96682,HVC,luat,A00,Điểm thi THPT,2024,25.0,Luật
96683,HVC,luat,A01,Điểm thi THPT,2024,25.0,Luật
96684,HVC,luat,C00,Điểm thi THPT,2024,25.0,Luật
96685,HVC,luat,D01,Điểm thi THPT,2024,25.0,Luật
96686,HVC,luat,A00,Điểm học bạ,2025,26.46,Luật
96687,HVC,luat,A01,Điểm học bạ,2025,26.46,Luật
96688,HVC,luat,C00,Điểm học bạ,2025,26.46,Luật
96689,HVC,luat,C03,Điểm học bạ,2025,26.46,Luật
96690,HVC,luat,C04,Điểm học bạ,2025,26.46,Luật
96691,HVC,luat,D01,Điểm học bạ,2025,26.46,Luật
96692,HVC,luat,A00,Điểm thi THPT,2025,24.0,Luật
96693,HVC,luat,A01,Điểm thi THPT,2025,24.0,Luật
96694,HVC,luat,C00,Điểm thi THPT,2025,24.0,Luật
96695,HVC,luat,C03,Điểm thi THPT,2025,24.0,Luật
96696,HVC,luat,C04,Điểm thi THPT,2025,24.0,Luật
96697,HVC,luat,D01,Điểm thi THPT,2025,24.0,Luật
96698,HVC,quan-ly-nha-nuoc,A00,Điểm học bạ,2021,26.25,Quản lý nhà nước
96699,HVC,quan-ly-nha-nuoc,A01,Điểm học bạ,2021,26.25,Quản lý nhà nước
96700,HVC,quan-ly-nha-nuoc,C00,Điểm học bạ,2021,26.25,Quản lý nhà nước
96701,HVC,quan-ly-nha-nuoc,D01,Điểm học bạ,2021,26.25,Quản lý nhà nước
96702,HVC,quan-ly-nha-nuoc,A00,Điểm thi THPT,2021,24.8,Quản lý nhà nước
96703,HVC,quan-ly-nha-nuoc,A01,Điểm thi THPT,2021,24.8,Quản lý nhà nước
96704,HVC,quan-ly-nha-nuoc,C00,Điểm thi THPT,2021,24.8,Quản lý nhà nước
96705,HVC,quan-ly-nha-nuoc,D01,Điểm thi THPT,2021,24.8,Quản lý nhà nước
96706,HVC,quan-ly-nha-nuoc,A00,Điểm thi THPT,2022,22.0,Quản lý nhà nước
96707,HVC,quan-ly-nha-nuoc,A01,Điểm thi THPT,2022,22.0,Quản lý nhà nước
96708,HVC,quan-ly-nha-nuoc,C00,Điểm thi THPT,2022,22.0,Quản lý nhà nước
96709,HVC,quan-ly-nha-nuoc,D01,Điểm thi THPT,2022,22.0,Quản lý nhà nước
96710,HVC,quan-ly-nha-nuoc,A00,Điểm thi THPT,2023,22.5,Quản lý nhà nước
96711,HVC,quan-ly-nha-nuoc,A01,Điểm thi THPT,2023,22.5,Quản lý nhà nước
96712,HVC,quan-ly-nha-nuoc,C00,Điểm thi THPT,2023,22.5,Quản lý nhà nước
96713,HVC,quan-ly-nha-nuoc,D01,Điểm thi THPT,2023,22.5,Quản lý nhà nước
96714,HVC,quan-ly-nha-nuoc,A00,Điểm học bạ,2024,26.0,Quản lý nhà nước
96715,HVC,quan-ly-nha-nuoc,A01,Điểm học bạ,2024,26.0,Quản lý nhà nước
96716,HVC,quan-ly-nha-nuoc,C00,Điểm học bạ,2024,26.0,Quản lý nhà nước
96717,HVC,quan-ly-nha-nuoc,D01,Điểm học bạ,2024,26.0,Quản lý nhà nước
96718,HVC,quan-ly-nha-nuoc,A00,Điểm thi THPT,2024,23.5,Quản lý nhà nước
96719,HVC,quan-ly-nha-nuoc,A01,Điểm thi THPT,2024,23.5,Quản lý nhà nước
96720,HVC,quan-ly-nha-nuoc,C00,Điểm thi THPT,2024,23.5,Quản lý nhà nước
96721,HVC,quan-ly-nha-nuoc,D01,Điểm thi THPT,2024,23.5,Quản lý nhà nước
96722,HVC,quan-ly-nha-nuoc,A00,Điểm học bạ,2025,26.31,Quản lý nhà nước
96723,HVC,quan-ly-nha-nuoc,A01,Điểm học bạ,2025,26.31,Quản lý nhà nước
96724,HVC,quan-ly-nha-nuoc,C00,Điểm học bạ,2025,26.31,Quản lý nhà nước
96725,HVC,quan-ly-nha-nuoc,C03,Điểm học bạ,2025,26.31,Quản lý nhà nước
96726,HVC,quan-ly-nha-nuoc,C04,Điểm học bạ,2025,26.31,Quản lý nhà nước
96727,HVC,quan-ly-nha-nuoc,D01,Điểm học bạ,2025,26.31,Quản lý nhà nước
96728,HVC,quan-ly-nha-nuoc,A00,Điểm thi THPT,2025,23.5,Quản lý nhà nước
96729,HVC,quan-ly-nha-nuoc,A01,Điểm thi THPT,2025,23.5,Quản lý nhà nước
96730,HVC,quan-ly-nha-nuoc,C00,Điểm thi THPT,2025,23.5,Quản lý nhà nước
96731,HVC,quan-ly-nha-nuoc,C03,Điểm thi THPT,2025,23.5,Quản lý nhà nước
96732,HVC,quan-ly-nha-nuoc,C04,Điểm thi THPT,2025,23.5,Quản lý nhà nước
96733,HVC,quan-ly-nha-nuoc,D01,Điểm thi THPT,2025,23.5,Quản lý nhà nước
96734,HVC,xay-dung-dang-cqnn,C00,Điểm thi THPT,2022,18.75,Xây dựng Đảng & CQNN
96735,HVC,xay-dung-dang-cqnn,C03,Điểm thi THPT,2022,18.75,Xây dựng Đảng & CQNN
96736,HVC,xay-dung-dang-cqnn,C04,Điểm thi THPT,2022,18.75,Xây dựng Đảng & CQNN
96737,HVC,xay-dung-dang-cqnn,C14,Điểm thi THPT,2022,18.75,Xây dựng Đảng & CQNN
96738,HVC,xay-dung-dang-cqnn,C00,Điểm thi THPT,2023,22.5,Xây dựng Đảng & CQNN
96739,HVC,xay-dung-dang-cqnn,C03,Điểm thi THPT,2023,22.5,Xây dựng Đảng & CQNN
96740,HVC,xay-dung-dang-cqnn,C04,Điểm thi THPT,2023,22.5,Xây dựng Đảng & CQNN
96741,HVC,xay-dung-dang-cqnn,C14,Điểm thi THPT,2023,22.5,Xây dựng Đảng & CQNN
96742,HVC,xay-dung-dang-cqnn,C00,Điểm thi THPT,2024,23.0,Xây dựng Đảng & CQNN
96743,HVC,xay-dung-dang-cqnn,C03,Điểm thi THPT,2024,23.0,Xây dựng Đảng & CQNN
96744,HVC,xay-dung-dang-cqnn,C04,Điểm thi THPT,2024,23.0,Xây dựng Đảng & CQNN
96745,HVC,xay-dung-dang-cqnn,C14,Điểm thi THPT,2024,23.0,Xây dựng Đảng & CQNN
96746,HVC,xay-dung-dang-va-chinh-quyen-nha-nuoc,C00,Điểm học bạ,2021,25.0,Xây dựng Đảng và Chính quyền Nhà nước
96747,HVC,xay-dung-dang-va-chinh-quyen-nha-nuoc,C03,Điểm học bạ,2021,25.0,Xây dựng Đảng và Chính quyền Nhà nước
96748,HVC,xay-dung-dang-va-chinh-quyen-nha-nuoc,C14,Điểm học bạ,2021,25.0,Xây dựng Đảng và Chính quyền Nhà nước
96749,HVC,xay-dung-dang-va-chinh-quyen-nha-nuoc,D01,Điểm học bạ,2021,25.0,Xây dựng Đảng và Chính quyền Nhà nước
96750,HVC,xay-dung-dang-va-chinh-quyen-nha-nuoc,C00,Điểm thi THPT,2021,24.5,Xây dựng Đảng và Chính quyền Nhà nước
96751,HVC,xay-dung-dang-va-chinh-quyen-nha-nuoc,C03,Điểm thi THPT,2021,24.5,Xây dựng Đảng và Chính quyền Nhà nước
96752,HVC,xay-dung-dang-va-chinh-quyen-nha-nuoc,C14,Điểm thi THPT,2021,24.5,Xây dựng Đảng và Chính quyền Nhà nước
96753,HVC,xay-dung-dang-va-chinh-quyen-nha-nuoc,D01,Điểm thi THPT,2021,24.5,Xây dựng Đảng và Chính quyền Nhà nước
96754,HVC,xay-dung-dang-va-chinh-quyen-nha-nuoc,C00,Điểm học bạ,2024,24.95,Xây dựng Đảng và Chính quyền Nhà nước
96755,HVC,xay-dung-dang-va-chinh-quyen-nha-nuoc,C03,Điểm học bạ,2024,24.95,Xây dựng Đảng và Chính quyền Nhà nước
96756,HVC,xay-dung-dang-va-chinh-quyen-nha-nuoc,C04,Điểm học bạ,2024,24.95,Xây dựng Đảng và Chính quyền Nhà nước
96757,HVC,xay-dung-dang-va-chinh-quyen-nha-nuoc,C14,Điểm học bạ,2024,24.95,Xây dựng Đảng và Chính quyền Nhà nước
96758,HVC,xay-dung-dang-va-chinh-quyen-nha-nuoc,A01,Điểm học bạ,2025,26.24,Xây dựng Đảng và Chính quyền nhà nước
96759,HVC,xay-dung-dang-va-chinh-quyen-nha-nuoc,C00,Điểm học bạ,2025,26.24,Xây dựng Đảng và Chính quyền nhà nước
96760,HVC,xay-dung-dang-va-chinh-quyen-nha-nuoc,C03,Điểm học bạ,2025,26.24,Xây dựng Đảng và Chính quyền nhà nước
96761,HVC,xay-dung-dang-va-chinh-quyen-nha-nuoc,C04,Điểm học bạ,2025,26.24,Xây dựng Đảng và Chính quyền nhà nước
96762,HVC,xay-dung-dang-va-chinh-quyen-nha-nuoc,C14,Điểm học bạ,2025,26.24,Xây dựng Đảng và Chính quyền nhà nước
96763,HVC,xay-dung-dang-va-chinh-quyen-nha-nuoc,D01,Điểm học bạ,2025,26.24,Xây dựng Đảng và Chính quyền nhà nước
96764,HVC,xay-dung-dang-va-chinh-quyen-nha-nuoc,A01,Điểm thi THPT,2025,23.25,Xây dựng Đảng và Chính quyền nhà nước
96765,HVC,xay-dung-dang-va-chinh-quyen-nha-nuoc,C00,Điểm thi THPT,2025,23.25,Xây dựng Đảng và Chính quyền nhà nước
96766,HVC,xay-dung-dang-va-chinh-quyen-nha-nuoc,C03,Điểm thi THPT,2025,23.25,Xây dựng Đảng và Chính quyền nhà nước
96767,HVC,xay-dung-dang-va-chinh-quyen-nha-nuoc,C04,Điểm thi THPT,2025,23.25,Xây dựng Đảng và Chính quyền nhà nước
96768,HVC,xay-dung-dang-va-chinh-quyen-nha-nuoc,C14,Điểm thi THPT,2025,23.25,Xây dựng Đảng và Chính quyền nhà nước
96769,HVC,xay-dung-dang-va-chinh-quyen-nha-nuoc,D01,Điểm thi THPT,2025,23.25,Xây dựng Đảng và Chính quyền nhà nước
96770,HVD,kinh-te-giao-duc-vung-dan-toc-thieu-so,C00,Điểm thi THPT,2021,15.0,Kinh tế giáo dục vùng dân tộc thiểu số
96771,HVD,kinh-te-giao-duc-vung-dan-toc-thieu-so,C03,Điểm thi THPT,2021,15.0,Kinh tế giáo dục vùng dân tộc thiểu số
96772,HVD,kinh-te-giao-duc-vung-dan-toc-thieu-so,C04,Điểm thi THPT,2021,15.0,Kinh tế giáo dục vùng dân tộc thiểu số
96773,HVD,kinh-te-giao-duc-vung-dan-toc-thieu-so,D01,Điểm thi THPT,2021,15.0,Kinh tế giáo dục vùng dân tộc thiểu số
96774,HVD,kinh-te-giao-duc-vung-dan-toc-thieu-so,C00,Điểm học bạ,2022,15.5,Kinh tế giáo dục vùng dân tộc thiểu số
96775,HVD,kinh-te-giao-duc-vung-dan-toc-thieu-so,C03,Điểm học bạ,2022,15.5,Kinh tế giáo dục vùng dân tộc thiểu số
96776,HVD,kinh-te-giao-duc-vung-dan-toc-thieu-so,C04,Điểm học bạ,2022,15.5,Kinh tế giáo dục vùng dân tộc thiểu số
96777,HVD,kinh-te-giao-duc-vung-dan-toc-thieu-so,D01,Điểm học bạ,2022,15.5,Kinh tế giáo dục vùng dân tộc thiểu số
96778,HVD,kinh-te-giao-duc-vung-dan-toc-thieu-so,C00,Điểm thi THPT,2022,15.5,Kinh tế giáo dục vùng dân tộc thiểu số
96779,HVD,kinh-te-giao-duc-vung-dan-toc-thieu-so,C03,Điểm thi THPT,2022,15.5,Kinh tế giáo dục vùng dân tộc thiểu số
96780,HVD,kinh-te-giao-duc-vung-dan-toc-thieu-so,C04,Điểm thi THPT,2022,15.5,Kinh tế giáo dục vùng dân tộc thiểu số
96781,HVD,kinh-te-giao-duc-vung-dan-toc-thieu-so,D01,Điểm thi THPT,2022,15.5,Kinh tế giáo dục vùng dân tộc thiểu số
96782,HVD,kinh-te-giao-duc-vung-dan-toc-thieu-so,C00,Điểm học bạ,2023,15.0,Kinh tế giáo dục vùng dân tộc thiểu số
96783,HVD,kinh-te-giao-duc-vung-dan-toc-thieu-so,C03,Điểm học bạ,2023,15.0,Kinh tế giáo dục vùng dân tộc thiểu số
96784,HVD,kinh-te-giao-duc-vung-dan-toc-thieu-so,C04,Điểm học bạ,2023,15.0,Kinh tế giáo dục vùng dân tộc thiểu số
96785,HVD,kinh-te-giao-duc-vung-dan-toc-thieu-so,D01,Điểm học bạ,2023,15.0,Kinh tế giáo dục vùng dân tộc thiểu số
96786,HVD,kinh-te-giao-duc-vung-dan-toc-thieu-so,C00,Điểm thi THPT,2023,15.0,Kinh tế giáo dục vùng dân tộc thiểu số
96787,HVD,kinh-te-giao-duc-vung-dan-toc-thieu-so,C03,Điểm thi THPT,2023,15.0,Kinh tế giáo dục vùng dân tộc thiểu số
96788,HVD,kinh-te-giao-duc-vung-dan-toc-thieu-so,C04,Điểm thi THPT,2023,15.0,Kinh tế giáo dục vùng dân tộc thiểu số
96789,HVD,kinh-te-giao-duc-vung-dan-toc-thieu-so,D01,Điểm thi THPT,2023,15.0,Kinh tế giáo dục vùng dân tộc thiểu số
96790,HVD,kinh-te-giao-duc-vung-dan-toc-thieu-so,C00,Điểm học bạ,2024,18.0,Kinh tế giáo dục vùng dân tộc thiểu số
96791,HVD,kinh-te-giao-duc-vung-dan-toc-thieu-so,C03,Điểm học bạ,2024,18.0,Kinh tế giáo dục vùng dân tộc thiểu số
96792,HVD,kinh-te-giao-duc-vung-dan-toc-thieu-so,C04,Điểm học bạ,2024,18.0,Kinh tế giáo dục vùng dân tộc thiểu số
96793,HVD,kinh-te-giao-duc-vung-dan-toc-thieu-so,D01,Điểm học bạ,2024,18.0,Kinh tế giáo dục vùng dân tộc thiểu số
96794,HVD,kinh-te-giao-duc-vung-dan-toc-thieu-so,C00,Điểm thi THPT,2024,18.0,Kinh tế giáo dục vùng dân tộc thiểu số
96795,HVD,kinh-te-giao-duc-vung-dan-toc-thieu-so,C03,Điểm thi THPT,2024,18.0,Kinh tế giáo dục vùng dân tộc thiểu số
96796,HVD,kinh-te-giao-duc-vung-dan-toc-thieu-so,C04,Điểm thi THPT,2024,18.0,Kinh tế giáo dục vùng dân tộc thiểu số
96797,HVD,kinh-te-giao-duc-vung-dan-toc-thieu-so,D01,Điểm thi THPT,2024,18.0,Kinh tế giáo dục vùng dân tộc thiểu số
96798,HVD,kinh-te-giao-duc-vung-dan-toc-thieu-so,C00,Điểm học bạ,2025,15.0,Kinh tế giáo dục vùng dân tộc thiểu số
96799,HVD,kinh-te-giao-duc-vung-dan-toc-thieu-so,C03,Điểm học bạ,2025,15.0,Kinh tế giáo dục vùng dân tộc thiểu số
96800,HVD,kinh-te-giao-duc-vung-dan-toc-thieu-so,C04,Điểm học bạ,2025,15.0,Kinh tế giáo dục vùng dân tộc thiểu số
96801,HVD,kinh-te-giao-duc-vung-dan-toc-thieu-so,D01,Điểm học bạ,2025,15.0,Kinh tế giáo dục vùng dân tộc thiểu số
96802,HVD,kinh-te-giao-duc-vung-dan-toc-thieu-so,C00,Điểm thi THPT,2025,15.0,Kinh tế giáo dục vùng dân tộc thiểu số
96803,HVD,kinh-te-giao-duc-vung-dan-toc-thieu-so,C03,Điểm thi THPT,2025,15.0,Kinh tế giáo dục vùng dân tộc thiểu số
96804,HVD,kinh-te-giao-duc-vung-dan-toc-thieu-so,C04,Điểm thi THPT,2025,15.0,Kinh tế giáo dục vùng dân tộc thiểu số
96805,HVD,kinh-te-giao-duc-vung-dan-toc-thieu-so,D01,Điểm thi THPT,2025,15.0,Kinh tế giáo dục vùng dân tộc thiểu số
96806,HVN,agri-business-management,A00,Điểm thi THPT,2021,17.0,Agri-business Management (Quản trị kinh doanh nông nghiệp)
96807,HVN,agri-business-management,D01,Điểm thi THPT,2021,17.0,Agri-business Management (Quản trị kinh doanh nông nghiệp)
96808,HVN,agricultural-economics,A00,Điểm thi THPT,2021,17.0,Agricultural Economics (Kinh tế nông nghiệp)
96809,HVN,agricultural-economics,D01,Điểm thi THPT,2021,17.0,Agricultural Economics (Kinh tế nông nghiệp)
96810,HVN,bao-ve-thuc-vat,A00,Điểm thi THPT,2022,15.0,Bảo vệ thực vật
96811,HVN,bao-ve-thuc-vat,B00,Điểm thi THPT,2022,15.0,Bảo vệ thực vật
96812,HVN,bao-ve-thuc-vat,B08,Điểm thi THPT,2022,15.0,Bảo vệ thực vật
96813,HVN,bao-ve-thuc-vat,D01,Điểm thi THPT,2022,15.0,Bảo vệ thực vật
96814,HVN,benh-hoc-thuy-san,A00,Điểm thi THPT,2022,15.0,Bệnh học thủy sản
96815,HVN,benh-hoc-thuy-san,B00,Điểm thi THPT,2022,15.0,Bệnh học thủy sản
96816,HVN,benh-hoc-thuy-san,D01,Điểm thi THPT,2022,15.0,Bệnh học thủy sản
96817,HVN,benh-hoc-thuy-san,D07,Điểm thi THPT,2022,15.0,Bệnh học thủy sản
96818,HVN,bio-technology,A00,Điểm thi THPT,2021,17.0,Bio-technology (Công nghệ sinh học)
96819,HVN,bio-technology,D01,Điểm thi THPT,2021,17.0,Bio-technology (Công nghệ sinh học)
96820,HVN,chan-nuoi,A00,Điểm thi THPT,2022,16.0,Chăn nuôi
96821,HVN,chan-nuoi,A01,Điểm thi THPT,2022,16.0,Chăn nuôi
96822,HVN,chan-nuoi,B00,Điểm thi THPT,2022,16.0,Chăn nuôi
96823,HVN,chan-nuoi,D01,Điểm thi THPT,2022,16.0,Chăn nuôi
96824,HVN,chan-nuoi-thu-y,A00,Điểm thi THPT,2021,18.0,Chăn nuôi thú y
96825,HVN,chan-nuoi-thu-y,A01,Điểm thi THPT,2021,18.0,Chăn nuôi thú y
96826,HVN,chan-nuoi-thu-y,B00,Điểm thi THPT,2021,18.0,Chăn nuôi thú y
96827,HVN,chan-nuoi-thu-y,D01,Điểm thi THPT,2021,18.0,Chăn nuôi thú y
96828,HVN,chan-nuoi-thu-y,A00,Điểm thi THPT,2022,16.0,Chăn nuôi thú y
96829,HVN,chan-nuoi-thu-y,A01,Điểm thi THPT,2022,16.0,Chăn nuôi thú y
96830,HVN,chan-nuoi-thu-y,B00,Điểm thi THPT,2022,16.0,Chăn nuôi thú y
96831,HVN,chan-nuoi-thu-y,D01,Điểm thi THPT,2022,16.0,Chăn nuôi thú y
96832,HVN,chan-nuoi-thu-y-thuy-san,A00,Điểm thi THPT,2023,17.0,Chăn nuôi thú y - thuỷ sản
96833,HVN,chan-nuoi-thu-y-thuy-san,B00,Điểm thi THPT,2023,17.0,Chăn nuôi thú y - thuỷ sản
96834,HVN,chan-nuoi-thu-y-thuy-san,B08,Điểm thi THPT,2023,17.0,Chăn nuôi thú y - thuỷ sản
96835,HVN,chan-nuoi-thu-y-thuy-san,D01,Điểm thi THPT,2023,17.0,Chăn nuôi thú y - thuỷ sản
96836,HVN,chan-nuoi-thu-y-thuy-san,A00,Điểm học bạ,2024,22.0,Chăn nuôi thú y - Thuỷ sản
96837,HVN,chan-nuoi-thu-y-thuy-san,B00,Điểm học bạ,2024,22.0,Chăn nuôi thú y - Thuỷ sản
96838,HVN,chan-nuoi-thu-y-thuy-san,B08,Điểm học bạ,2024,22.0,Chăn nuôi thú y - Thuỷ sản
96839,HVN,chan-nuoi-thu-y-thuy-san,D01,Điểm học bạ,2024,22.0,Chăn nuôi thú y - Thuỷ sản
96840,HVN,chan-nuoi-thu-y-thuy-san,A00,Điểm thi THPT,2024,17.0,Chăn nuôi thú y - thuỷ sản
96841,HVN,chan-nuoi-thu-y-thuy-san,B00,Điểm thi THPT,2024,17.0,Chăn nuôi thú y - thuỷ sản
96842,HVN,chan-nuoi-thu-y-thuy-san,B08,Điểm thi THPT,2024,17.0,Chăn nuôi thú y - thuỷ sản
96843,HVN,chan-nuoi-thu-y-thuy-san,D01,Điểm thi THPT,2024,17.0,Chăn nuôi thú y - thuỷ sản
96844,HVN,chan-nuoi-thu-y-thuy-san,A00,Điểm học bạ,2025,20.0,Chăn nuôi thú y - Thủy sản
96845,HVN,chan-nuoi-thu-y-thuy-san,A01,Điểm học bạ,2025,20.0,Chăn nuôi thú y - Thủy sản
96846,HVN,chan-nuoi-thu-y-thuy-san,B00,Điểm học bạ,2025,20.0,Chăn nuôi thú y - Thủy sản
96847,HVN,chan-nuoi-thu-y-thuy-san,C03,Điểm học bạ,2025,20.0,Chăn nuôi thú y - Thủy sản
96848,HVN,chan-nuoi-thu-y-thuy-san,C04,Điểm học bạ,2025,20.0,Chăn nuôi thú y - Thủy sản
96849,HVN,chan-nuoi-thu-y-thuy-san,D01,Điểm học bạ,2025,20.0,Chăn nuôi thú y - Thủy sản
96850,HVN,chan-nuoi-thu-y-thuy-san,D07,Điểm học bạ,2025,20.0,Chăn nuôi thú y - Thủy sản
96851,HVN,chan-nuoi-thu-y-thuy-san,X01,Điểm học bạ,2025,20.0,Chăn nuôi thú y - Thủy sản
96852,HVN,chan-nuoi-thu-y-thuy-san,X03,Điểm học bạ,2025,20.0,Chăn nuôi thú y - Thủy sản
96853,HVN,chan-nuoi-thu-y-thuy-san,X04,Điểm học bạ,2025,20.0,Chăn nuôi thú y - Thủy sản
96854,HVN,chan-nuoi-thu-y-thuy-san,A00,Điểm thi THPT,2025,17.0,Chăn nuôi thú y - Thủy sản
96855,HVN,chan-nuoi-thu-y-thuy-san,A01,Điểm thi THPT,2025,17.0,Chăn nuôi thú y - Thủy sản
96856,HVN,chan-nuoi-thu-y-thuy-san,B00,Điểm thi THPT,2025,17.0,Chăn nuôi thú y - Thủy sản
96857,HVN,chan-nuoi-thu-y-thuy-san,C03,Điểm thi THPT,2025,17.0,Chăn nuôi thú y - Thủy sản
96858,HVN,chan-nuoi-thu-y-thuy-san,C04,Điểm thi THPT,2025,17.0,Chăn nuôi thú y - Thủy sản
96859,HVN,chan-nuoi-thu-y-thuy-san,D01,Điểm thi THPT,2025,17.0,Chăn nuôi thú y - Thủy sản
96860,HVN,chan-nuoi-thu-y-thuy-san,D07,Điểm thi THPT,2025,17.0,Chăn nuôi thú y - Thủy sản
96861,HVN,chan-nuoi-thu-y-thuy-san,X01,Điểm thi THPT,2025,17.0,Chăn nuôi thú y - Thủy sản
96862,HVN,chan-nuoi-thu-y-thuy-san,X03,Điểm thi THPT,2025,17.0,Chăn nuôi thú y - Thủy sản
96863,HVN,chan-nuoi-thu-y-thuy-san,X04,Điểm thi THPT,2025,17.0,Chăn nuôi thú y - Thủy sản
96864,HVN,cong-nghe-bao-quan-che-bien-va-quan-ly-chat-luong-an-toan-thuc-pham,A00,Điểm thi THPT,2021,17.5,"Công nghệ bảo quản, chế biến và quản lý chất lượng an toàn thực phẩm"
96865,HVN,cong-nghe-bao-quan-che-bien-va-quan-ly-chat-luong-an-toan-thuc-pham,A01,Điểm thi THPT,2021,17.5,"Công nghệ bảo quản, chế biến và quản lý chất lượng an toàn thực phẩm"
96866,HVN,cong-nghe-bao-quan-che-bien-va-quan-ly-chat-luong-an-toan-thuc-pham,B00,Điểm thi THPT,2021,17.5,"Công nghệ bảo quản, chế biến và quản lý chất lượng an toàn thực phẩm"
96867,HVN,cong-nghe-bao-quan-che-bien-va-quan-ly-chat-luong-an-toan-thuc-pham,D01,Điểm thi THPT,2021,17.5,"Công nghệ bảo quản, chế biến và quản lý chất lượng an toàn thực phẩm"
96868,HVN,cong-nghe-hoa-hoc-va-moi-truong,A00,Điểm thi THPT,2021,17.0,Công nghệ hóa học và môi trường
96869,HVN,cong-nghe-hoa-hoc-va-moi-truong,B00,Điểm thi THPT,2021,17.0,Công nghệ hóa học và môi trường
96870,HVN,cong-nghe-hoa-hoc-va-moi-truong,D01,Điểm thi THPT,2021,17.0,Công nghệ hóa học và môi trường
96871,HVN,cong-nghe-hoa-hoc-va-moi-truong,D07,Điểm thi THPT,2021,17.0,Công nghệ hóa học và môi trường
96872,HVN,cong-nghe-ky-thuat-co-dien-tu,A00,Điểm thi THPT,2021,16.0,Công nghệ kỹ thuật cơ điện tử
96873,HVN,cong-nghe-ky-thuat-co-dien-tu,A01,Điểm thi THPT,2021,16.0,Công nghệ kỹ thuật cơ điện tử
96874,HVN,cong-nghe-ky-thuat-co-dien-tu,C01,Điểm thi THPT,2021,16.0,Công nghệ kỹ thuật cơ điện tử
96875,HVN,cong-nghe-ky-thuat-co-dien-tu,D01,Điểm thi THPT,2021,16.0,Công nghệ kỹ thuật cơ điện tử
96876,HVN,cong-nghe-ky-thuat-co-dien-tu,A00,Điểm thi THPT,2022,16.0,Công nghệ kỹ thuật cơ điện tử
96877,HVN,cong-nghe-ky-thuat-co-dien-tu,A01,Điểm thi THPT,2022,16.0,Công nghệ kỹ thuật cơ điện tử
96878,HVN,cong-nghe-ky-thuat-co-dien-tu,C01,Điểm thi THPT,2022,16.0,Công nghệ kỹ thuật cơ điện tử
96879,HVN,cong-nghe-ky-thuat-co-dien-tu,D01,Điểm thi THPT,2022,16.0,Công nghệ kỹ thuật cơ điện tử
96880,HVN,cong-nghe-ky-thuat-moi-truong,A00,Điểm thi THPT,2022,20.0,Công nghệ kỹ thuật môi trường
96881,HVN,cong-nghe-ky-thuat-moi-truong,B00,Điểm thi THPT,2022,20.0,Công nghệ kỹ thuật môi trường
96882,HVN,cong-nghe-ky-thuat-moi-truong,D01,Điểm thi THPT,2022,20.0,Công nghệ kỹ thuật môi trường
96883,HVN,cong-nghe-ky-thuat-moi-truong,D07,Điểm thi THPT,2022,20.0,Công nghệ kỹ thuật môi trường
96884,HVN,cong-nghe-ky-thuat-o-to,A00,Điểm thi THPT,2021,16.0,Công nghệ kỹ thuật ô tô
96885,HVN,cong-nghe-ky-thuat-o-to,A01,Điểm thi THPT,2021,16.0,Công nghệ kỹ thuật ô tô
96886,HVN,cong-nghe-ky-thuat-o-to,C01,Điểm thi THPT,2021,16.0,Công nghệ kỹ thuật ô tô
96887,HVN,cong-nghe-ky-thuat-o-to,D01,Điểm thi THPT,2021,16.0,Công nghệ kỹ thuật ô tô
96888,HVN,cong-nghe-ky-thuat-o-to,A00,Điểm thi THPT,2022,17.0,Công nghệ kỹ thuật ô tô
96889,HVN,cong-nghe-ky-thuat-o-to,A01,Điểm thi THPT,2022,17.0,Công nghệ kỹ thuật ô tô
96890,HVN,cong-nghe-ky-thuat-o-to,C01,Điểm thi THPT,2022,17.0,Công nghệ kỹ thuật ô tô
96891,HVN,cong-nghe-ky-thuat-o-to,D01,Điểm thi THPT,2022,17.0,Công nghệ kỹ thuật ô tô
96892,HVN,cong-nghe-ky-thuat-o-to-va-co-dien-tu,A00,Điểm thi THPT,2023,24.0,Công nghệ kỹ thuật ô tô và Cơ điện tử
96893,HVN,cong-nghe-ky-thuat-o-to-va-co-dien-tu,A01,Điểm thi THPT,2023,24.0,Công nghệ kỹ thuật ô tô và Cơ điện tử
96894,HVN,cong-nghe-ky-thuat-o-to-va-co-dien-tu,A09,Điểm thi THPT,2023,24.0,Công nghệ kỹ thuật ô tô và Cơ điện tử
96895,HVN,cong-nghe-ky-thuat-o-to-va-co-dien-tu,D01,Điểm thi THPT,2023,24.0,Công nghệ kỹ thuật ô tô và Cơ điện tử
96896,HVN,cong-nghe-ky-thuat-o-to-va-co-dien-tu,A00,Điểm học bạ,2024,24.0,Công nghệ kỹ thuật ô tô và Cơ điện tử
96897,HVN,cong-nghe-ky-thuat-o-to-va-co-dien-tu,A01,Điểm học bạ,2024,24.0,Công nghệ kỹ thuật ô tô và Cơ điện tử
96898,HVN,cong-nghe-ky-thuat-o-to-va-co-dien-tu,A09,Điểm học bạ,2024,24.0,Công nghệ kỹ thuật ô tô và Cơ điện tử
96899,HVN,cong-nghe-ky-thuat-o-to-va-co-dien-tu,D01,Điểm học bạ,2024,24.0,Công nghệ kỹ thuật ô tô và Cơ điện tử
96900,HVN,cong-nghe-ky-thuat-o-to-va-co-dien-tu,A00,Điểm thi THPT,2024,18.0,Công nghệ kỹ thuật ô tô và Cơ điện tử
96901,HVN,cong-nghe-ky-thuat-o-to-va-co-dien-tu,A01,Điểm thi THPT,2024,18.0,Công nghệ kỹ thuật ô tô và Cơ điện tử
96902,HVN,cong-nghe-ky-thuat-o-to-va-co-dien-tu,A09,Điểm thi THPT,2024,18.0,Công nghệ kỹ thuật ô tô và Cơ điện tử
96903,HVN,cong-nghe-ky-thuat-o-to-va-co-dien-tu,D01,Điểm thi THPT,2024,18.0,Công nghệ kỹ thuật ô tô và Cơ điện tử
96904,HVN,cong-nghe-ky-thuat-o-to-va-co-dien-tu,A00,Điểm học bạ,2025,24.0,Công nghệ kỹ thuật ô tô và Cơ điện tử
96905,HVN,cong-nghe-ky-thuat-o-to-va-co-dien-tu,A01,Điểm học bạ,2025,24.0,Công nghệ kỹ thuật ô tô và Cơ điện tử
96906,HVN,cong-nghe-ky-thuat-o-to-va-co-dien-tu,C01,Điểm học bạ,2025,24.0,Công nghệ kỹ thuật ô tô và Cơ điện tử
96907,HVN,cong-nghe-ky-thuat-o-to-va-co-dien-tu,C02,Điểm học bạ,2025,24.0,Công nghệ kỹ thuật ô tô và Cơ điện tử
96908,HVN,cong-nghe-ky-thuat-o-to-va-co-dien-tu,C03,Điểm học bạ,2025,24.0,Công nghệ kỹ thuật ô tô và Cơ điện tử
96909,HVN,cong-nghe-ky-thuat-o-to-va-co-dien-tu,C04,Điểm học bạ,2025,24.0,Công nghệ kỹ thuật ô tô và Cơ điện tử
96910,HVN,cong-nghe-ky-thuat-o-to-va-co-dien-tu,D01,Điểm học bạ,2025,24.0,Công nghệ kỹ thuật ô tô và Cơ điện tử
96911,HVN,cong-nghe-ky-thuat-o-to-va-co-dien-tu,X01,Điểm học bạ,2025,24.0,Công nghệ kỹ thuật ô tô và Cơ điện tử
96912,HVN,cong-nghe-ky-thuat-o-to-va-co-dien-tu,X07,Điểm học bạ,2025,24.0,Công nghệ kỹ thuật ô tô và Cơ điện tử
96913,HVN,cong-nghe-ky-thuat-o-to-va-co-dien-tu,X08,Điểm học bạ,2025,24.0,Công nghệ kỹ thuật ô tô và Cơ điện tử
96914,HVN,cong-nghe-ky-thuat-o-to-va-co-dien-tu,A00,Điểm thi THPT,2025,21.0,Công nghệ kỹ thuật ô tô và Cơ điện tử
96915,HVN,cong-nghe-ky-thuat-o-to-va-co-dien-tu,A01,Điểm thi THPT,2025,21.0,Công nghệ kỹ thuật ô tô và Cơ điện tử
96916,HVN,cong-nghe-ky-thuat-o-to-va-co-dien-tu,C01,Điểm thi THPT,2025,21.0,Công nghệ kỹ thuật ô tô và Cơ điện tử
96917,HVN,cong-nghe-ky-thuat-o-to-va-co-dien-tu,C02,Điểm thi THPT,2025,21.0,Công nghệ kỹ thuật ô tô và Cơ điện tử
96918,HVN,cong-nghe-ky-thuat-o-to-va-co-dien-tu,C03,Điểm thi THPT,2025,21.0,Công nghệ kỹ thuật ô tô và Cơ điện tử
96919,HVN,cong-nghe-ky-thuat-o-to-va-co-dien-tu,C04,Điểm thi THPT,2025,21.0,Công nghệ kỹ thuật ô tô và Cơ điện tử
96920,HVN,cong-nghe-ky-thuat-o-to-va-co-dien-tu,D01,Điểm thi THPT,2025,21.0,Công nghệ kỹ thuật ô tô và Cơ điện tử
96921,HVN,cong-nghe-ky-thuat-o-to-va-co-dien-tu,X01,Điểm thi THPT,2025,21.0,Công nghệ kỹ thuật ô tô và Cơ điện tử
96922,HVN,cong-nghe-ky-thuat-o-to-va-co-dien-tu,X07,Điểm thi THPT,2025,21.0,Công nghệ kỹ thuật ô tô và Cơ điện tử
96923,HVN,cong-nghe-ky-thuat-o-to-va-co-dien-tu,X08,Điểm thi THPT,2025,21.0,Công nghệ kỹ thuật ô tô và Cơ điện tử
96924,HVN,cong-nghe-rau-hoa-qua-va-canh-quan,A00,Điểm thi THPT,2021,15.0,Công nghệ rau hoa quả và cảnh quan
96925,HVN,cong-nghe-rau-hoa-qua-va-canh-quan,A09,Điểm thi THPT,2021,15.0,Công nghệ rau hoa quả và cảnh quan
96926,HVN,cong-nghe-rau-hoa-qua-va-canh-quan,B00,Điểm thi THPT,2021,15.0,Công nghệ rau hoa quả và cảnh quan
96927,HVN,cong-nghe-rau-hoa-qua-va-canh-quan,C20,Điểm thi THPT,2021,15.0,Công nghệ rau hoa quả và cảnh quan
96928,HVN,cong-nghe-rau-hoa-qua-va-canh-quan,A00,Điểm thi THPT,2022,16.0,Công nghệ rau hoa quả và cảnh quan
96929,HVN,cong-nghe-rau-hoa-qua-va-canh-quan,A09,Điểm thi THPT,2022,16.0,Công nghệ rau hoa quả và cảnh quan
96930,HVN,cong-nghe-rau-hoa-qua-va-canh-quan,B00,Điểm thi THPT,2022,16.0,Công nghệ rau hoa quả và cảnh quan
96931,HVN,cong-nghe-rau-hoa-qua-va-canh-quan,C20,Điểm thi THPT,2022,16.0,Công nghệ rau hoa quả và cảnh quan
96932,HVN,cong-nghe-sau-thu-hoach,A00,Điểm thi THPT,2022,16.0,Công nghệ sau thu hoạch
96933,HVN,cong-nghe-sau-thu-hoach,A01,Điểm thi THPT,2022,16.0,Công nghệ sau thu hoạch
96934,HVN,cong-nghe-sau-thu-hoach,B00,Điểm thi THPT,2022,16.0,Công nghệ sau thu hoạch
96935,HVN,cong-nghe-sau-thu-hoach,D07,Điểm thi THPT,2022,16.0,Công nghệ sau thu hoạch
96936,HVN,cong-nghe-sinh-duoc,A00,Điểm thi THPT,2022,16.0,Công nghệ sinh dược
96937,HVN,cong-nghe-sinh-duoc,B00,Điểm thi THPT,2022,16.0,Công nghệ sinh dược
96938,HVN,cong-nghe-sinh-duoc,B08,Điểm thi THPT,2022,16.0,Công nghệ sinh dược
96939,HVN,cong-nghe-sinh-duoc,D01,Điểm thi THPT,2022,16.0,Công nghệ sinh dược
96940,HVN,cong-nghe-sinh-hoc,A00,Điểm thi THPT,2021,18.0,Công nghệ sinh học
96941,HVN,cong-nghe-sinh-hoc,B00,Điểm thi THPT,2021,18.0,Công nghệ sinh học
96942,HVN,cong-nghe-sinh-hoc,B08,Điểm thi THPT,2021,18.0,Công nghệ sinh học
96943,HVN,cong-nghe-sinh-hoc,D01,Điểm thi THPT,2021,18.0,Công nghệ sinh học
96944,HVN,cong-nghe-sinh-hoc,A00,Điểm thi THPT,2022,16.0,Công nghệ sinh học
96945,HVN,cong-nghe-sinh-hoc,B00,Điểm thi THPT,2022,16.0,Công nghệ sinh học
96946,HVN,cong-nghe-sinh-hoc,B08,Điểm thi THPT,2022,16.0,Công nghệ sinh học
96947,HVN,cong-nghe-sinh-hoc,D01,Điểm thi THPT,2022,16.0,Công nghệ sinh học
96948,HVN,cong-nghe-sinh-hoc-va-cong-nghe-duoc-lieu,A00,Điểm thi THPT,2023,18.0,Công nghệ sinh học và Công nghệ dược liệu
96949,HVN,cong-nghe-sinh-hoc-va-cong-nghe-duoc-lieu,B00,Điểm thi THPT,2023,18.0,Công nghệ sinh học và Công nghệ dược liệu
96950,HVN,cong-nghe-sinh-hoc-va-cong-nghe-duoc-lieu,B08,Điểm thi THPT,2023,18.0,Công nghệ sinh học và Công nghệ dược liệu
96951,HVN,cong-nghe-sinh-hoc-va-cong-nghe-duoc-lieu,D01,Điểm thi THPT,2023,18.0,Công nghệ sinh học và Công nghệ dược liệu
96952,HVN,cong-nghe-sinh-hoc-va-cong-nghe-duoc-lieu,A00,Điểm học bạ,2024,22.0,Công nghệ sinh học và Công nghệ dược liệu
96953,HVN,cong-nghe-sinh-hoc-va-cong-nghe-duoc-lieu,B00,Điểm học bạ,2024,22.0,Công nghệ sinh học và Công nghệ dược liệu
96954,HVN,cong-nghe-sinh-hoc-va-cong-nghe-duoc-lieu,B08,Điểm học bạ,2024,22.0,Công nghệ sinh học và Công nghệ dược liệu
96955,HVN,cong-nghe-sinh-hoc-va-cong-nghe-duoc-lieu,D01,Điểm học bạ,2024,22.0,Công nghệ sinh học và Công nghệ dược liệu
96956,HVN,cong-nghe-sinh-hoc-va-cong-nghe-duoc-lieu,A00,Điểm thi THPT,2024,18.0,Công nghệ sinh học và Công nghệ dược liệu
96957,HVN,cong-nghe-sinh-hoc-va-cong-nghe-duoc-lieu,B00,Điểm thi THPT,2024,18.0,Công nghệ sinh học và Công nghệ dược liệu
96958,HVN,cong-nghe-sinh-hoc-va-cong-nghe-duoc-lieu,B08,Điểm thi THPT,2024,18.0,Công nghệ sinh học và Công nghệ dược liệu
96959,HVN,cong-nghe-sinh-hoc-va-cong-nghe-duoc-lieu,D01,Điểm thi THPT,2024,18.0,Công nghệ sinh học và Công nghệ dược liệu
96960,HVN,cong-nghe-sinh-hoc-va-cong-nghe-duoc-lieu,A00,Điểm học bạ,2025,23.5,Công nghệ sinh học và Công nghệ dược liệu
96961,HVN,cong-nghe-sinh-hoc-va-cong-nghe-duoc-lieu,A01,Điểm học bạ,2025,23.5,Công nghệ sinh học và Công nghệ dược liệu
96962,HVN,cong-nghe-sinh-hoc-va-cong-nghe-duoc-lieu,B00,Điểm học bạ,2025,23.5,Công nghệ sinh học và Công nghệ dược liệu
96963,HVN,cong-nghe-sinh-hoc-va-cong-nghe-duoc-lieu,B02,Điểm học bạ,2025,23.5,Công nghệ sinh học và Công nghệ dược liệu
96964,HVN,cong-nghe-sinh-hoc-va-cong-nghe-duoc-lieu,B08,Điểm học bạ,2025,23.5,Công nghệ sinh học và Công nghệ dược liệu
96965,HVN,cong-nghe-sinh-hoc-va-cong-nghe-duoc-lieu,C03,Điểm học bạ,2025,23.5,Công nghệ sinh học và Công nghệ dược liệu
96966,HVN,cong-nghe-sinh-hoc-va-cong-nghe-duoc-lieu,D01,Điểm học bạ,2025,23.5,Công nghệ sinh học và Công nghệ dược liệu
96967,HVN,cong-nghe-sinh-hoc-va-cong-nghe-duoc-lieu,X07,Điểm học bạ,2025,23.5,Công nghệ sinh học và Công nghệ dược liệu
96968,HVN,cong-nghe-sinh-hoc-va-cong-nghe-duoc-lieu,X08,Điểm học bạ,2025,23.5,Công nghệ sinh học và Công nghệ dược liệu
96969,HVN,cong-nghe-sinh-hoc-va-cong-nghe-duoc-lieu,X13,Điểm học bạ,2025,23.5,Công nghệ sinh học và Công nghệ dược liệu
96970,HVN,cong-nghe-sinh-hoc-va-cong-nghe-duoc-lieu,A00,Điểm thi THPT,2025,20.5,Công nghệ sinh học và Công nghệ dược liệu
96971,HVN,cong-nghe-sinh-hoc-va-cong-nghe-duoc-lieu,A01,Điểm thi THPT,2025,20.5,Công nghệ sinh học và Công nghệ dược liệu
96972,HVN,cong-nghe-sinh-hoc-va-cong-nghe-duoc-lieu,B00,Điểm thi THPT,2025,20.5,Công nghệ sinh học và Công nghệ dược liệu
96973,HVN,cong-nghe-sinh-hoc-va-cong-nghe-duoc-lieu,B02,Điểm thi THPT,2025,20.5,Công nghệ sinh học và Công nghệ dược liệu
96974,HVN,cong-nghe-sinh-hoc-va-cong-nghe-duoc-lieu,B08,Điểm thi THPT,2025,20.5,Công nghệ sinh học và Công nghệ dược liệu
96975,HVN,cong-nghe-sinh-hoc-va-cong-nghe-duoc-lieu,C03,Điểm thi THPT,2025,20.5,Công nghệ sinh học và Công nghệ dược liệu
96976,HVN,cong-nghe-sinh-hoc-va-cong-nghe-duoc-lieu,D01,Điểm thi THPT,2025,20.5,Công nghệ sinh học và Công nghệ dược liệu
96977,HVN,cong-nghe-sinh-hoc-va-cong-nghe-duoc-lieu,X07,Điểm thi THPT,2025,20.5,Công nghệ sinh học và Công nghệ dược liệu
96978,HVN,cong-nghe-sinh-hoc-va-cong-nghe-duoc-lieu,X08,Điểm thi THPT,2025,20.5,Công nghệ sinh học và Công nghệ dược liệu
96979,HVN,cong-nghe-sinh-hoc-va-cong-nghe-duoc-lieu,X13,Điểm thi THPT,2025,20.5,Công nghệ sinh học và Công nghệ dược liệu
96980,HVN,cong-nghe-thong-tin,A00,Điểm thi THPT,2022,17.0,Công nghệ thông tin
96981,HVN,cong-nghe-thong-tin,A01,Điểm thi THPT,2022,17.0,Công nghệ thông tin
96982,HVN,cong-nghe-thong-tin,A09,Điểm thi THPT,2022,17.0,Công nghệ thông tin
96983,HVN,cong-nghe-thong-tin,D01,Điểm thi THPT,2022,17.0,Công nghệ thông tin
96984,HVN,cong-nghe-thong-tin-va-ky-thuat-so,A00,Điểm thi THPT,2023,22.0,Công nghệ thông tin và Kỹ thuật số
96985,HVN,cong-nghe-thong-tin-va-ky-thuat-so,A01,Điểm thi THPT,2023,22.0,Công nghệ thông tin và Kỹ thuật số
96986,HVN,cong-nghe-thong-tin-va-ky-thuat-so,A09,Điểm thi THPT,2023,22.0,Công nghệ thông tin và Kỹ thuật số
96987,HVN,cong-nghe-thong-tin-va-ky-thuat-so,D01,Điểm thi THPT,2023,22.0,Công nghệ thông tin và Kỹ thuật số
96988,HVN,cong-nghe-thong-tin-va-ky-thuat-so,A00,Điểm học bạ,2024,23.0,Công nghệ thông tin và Kỹ thuật số
96989,HVN,cong-nghe-thong-tin-va-ky-thuat-so,A01,Điểm học bạ,2024,23.0,Công nghệ thông tin và Kỹ thuật số
96990,HVN,cong-nghe-thong-tin-va-ky-thuat-so,D01,Điểm học bạ,2024,23.0,Công nghệ thông tin và Kỹ thuật số
96991,HVN,cong-nghe-thong-tin-va-ky-thuat-so,D07,Điểm học bạ,2024,23.0,Công nghệ thông tin và Kỹ thuật số
96992,HVN,cong-nghe-thong-tin-va-ky-thuat-so,A00,Điểm thi THPT,2024,19.0,Công nghệ thông tin và Kỹ thuật số
96993,HVN,cong-nghe-thong-tin-va-ky-thuat-so,A01,Điểm thi THPT,2024,19.0,Công nghệ thông tin và Kỹ thuật số
96994,HVN,cong-nghe-thong-tin-va-ky-thuat-so,D01,Điểm thi THPT,2024,19.0,Công nghệ thông tin và Kỹ thuật số
96995,HVN,cong-nghe-thong-tin-va-ky-thuat-so,D07,Điểm thi THPT,2024,19.0,Công nghệ thông tin và Kỹ thuật số
96996,HVN,cong-nghe-thong-tin-va-ky-thuat-so,A00,Điểm học bạ,2025,22.6,Công nghệ thông tin và Kỹ thuật số
96997,HVN,cong-nghe-thong-tin-va-ky-thuat-so,A01,Điểm học bạ,2025,22.6,Công nghệ thông tin và Kỹ thuật số
96998,HVN,cong-nghe-thong-tin-va-ky-thuat-so,C01,Điểm học bạ,2025,22.6,Công nghệ thông tin và Kỹ thuật số
96999,HVN,cong-nghe-thong-tin-va-ky-thuat-so,C02,Điểm học bạ,2025,22.6,Công nghệ thông tin và Kỹ thuật số
97000,HVN,cong-nghe-thong-tin-va-ky-thuat-so,C03,Điểm học bạ,2025,22.6,Công nghệ thông tin và Kỹ thuật số
97001,HVN,cong-nghe-thong-tin-va-ky-thuat-so,D01,Điểm học bạ,2025,22.6,Công nghệ thông tin và Kỹ thuật số
97002,HVN,cong-nghe-thong-tin-va-ky-thuat-so,X02,Điểm học bạ,2025,22.6,Công nghệ thông tin và Kỹ thuật số
97003,HVN,cong-nghe-thong-tin-va-ky-thuat-so,X03,Điểm học bạ,2025,22.6,Công nghệ thông tin và Kỹ thuật số
97004,HVN,cong-nghe-thong-tin-va-ky-thuat-so,X04,Điểm học bạ,2025,22.6,Công nghệ thông tin và Kỹ thuật số
97005,HVN,cong-nghe-thong-tin-va-ky-thuat-so,X07,Điểm học bạ,2025,22.6,Công nghệ thông tin và Kỹ thuật số
97006,HVN,cong-nghe-thong-tin-va-ky-thuat-so,X08,Điểm học bạ,2025,22.6,Công nghệ thông tin và Kỹ thuật số
97007,HVN,cong-nghe-thong-tin-va-ky-thuat-so,A00,Điểm thi THPT,2025,19.6,Công nghệ thông tin và Kỹ thuật số
97008,HVN,cong-nghe-thong-tin-va-ky-thuat-so,A01,Điểm thi THPT,2025,19.6,Công nghệ thông tin và Kỹ thuật số
97009,HVN,cong-nghe-thong-tin-va-ky-thuat-so,C01,Điểm thi THPT,2025,19.6,Công nghệ thông tin và Kỹ thuật số
97010,HVN,cong-nghe-thong-tin-va-ky-thuat-so,C02,Điểm thi THPT,2025,19.6,Công nghệ thông tin và Kỹ thuật số
97011,HVN,cong-nghe-thong-tin-va-ky-thuat-so,C03,Điểm thi THPT,2025,19.6,Công nghệ thông tin và Kỹ thuật số
97012,HVN,cong-nghe-thong-tin-va-ky-thuat-so,D01,Điểm thi THPT,2025,19.6,Công nghệ thông tin và Kỹ thuật số
97013,HVN,cong-nghe-thong-tin-va-ky-thuat-so,X02,Điểm thi THPT,2025,19.6,Công nghệ thông tin và Kỹ thuật số
97014,HVN,cong-nghe-thong-tin-va-ky-thuat-so,X03,Điểm thi THPT,2025,19.6,Công nghệ thông tin và Kỹ thuật số
97015,HVN,cong-nghe-thong-tin-va-ky-thuat-so,X04,Điểm thi THPT,2025,19.6,Công nghệ thông tin và Kỹ thuật số
97016,HVN,cong-nghe-thong-tin-va-ky-thuat-so,X07,Điểm thi THPT,2025,19.6,Công nghệ thông tin và Kỹ thuật số
97017,HVN,cong-nghe-thong-tin-va-ky-thuat-so,X08,Điểm thi THPT,2025,19.6,Công nghệ thông tin và Kỹ thuật số
97018,HVN,cong-nghe-thong-tin-va-truyen-thong-so,A00,Điểm thi THPT,2021,16.5,Công nghệ thông tin và truyền thông số
97019,HVN,cong-nghe-thong-tin-va-truyen-thong-so,A01,Điểm thi THPT,2021,16.5,Công nghệ thông tin và truyền thông số
97020,HVN,cong-nghe-thong-tin-va-truyen-thong-so,A09,Điểm thi THPT,2021,16.5,Công nghệ thông tin và truyền thông số
97021,HVN,cong-nghe-thong-tin-va-truyen-thong-so,D01,Điểm thi THPT,2021,16.5,Công nghệ thông tin và truyền thông số
97022,HVN,cong-nghe-thuc-pham,A00,Điểm thi THPT,2022,16.0,Công nghệ thực phẩm
97023,HVN,cong-nghe-thuc-pham,A01,Điểm thi THPT,2022,16.0,Công nghệ thực phẩm
97024,HVN,cong-nghe-thuc-pham,B00,Điểm thi THPT,2022,16.0,Công nghệ thực phẩm
97025,HVN,cong-nghe-thuc-pham,D07,Điểm thi THPT,2022,16.0,Công nghệ thực phẩm
97026,HVN,cong-nghe-thuc-pham-va-che-bien,A00,Điểm thi THPT,2023,19.0,Công nghệ thực phẩm và Chế biến
97027,HVN,cong-nghe-thuc-pham-va-che-bien,B00,Điểm thi THPT,2023,19.0,Công nghệ thực phẩm và Chế biến
97028,HVN,cong-nghe-thuc-pham-va-che-bien,D01,Điểm thi THPT,2023,19.0,Công nghệ thực phẩm và Chế biến
97029,HVN,cong-nghe-thuc-pham-va-che-bien,D07,Điểm thi THPT,2023,19.0,Công nghệ thực phẩm và Chế biến
97030,HVN,cong-nghe-thuc-pham-va-che-bien,A00,Điểm học bạ,2024,23.0,Công nghệ thực phẩm và Chế biến
97031,HVN,cong-nghe-thuc-pham-va-che-bien,B00,Điểm học bạ,2024,23.0,Công nghệ thực phẩm và Chế biến
97032,HVN,cong-nghe-thuc-pham-va-che-bien,D01,Điểm học bạ,2024,23.0,Công nghệ thực phẩm và Chế biến
97033,HVN,cong-nghe-thuc-pham-va-che-bien,D07,Điểm học bạ,2024,23.0,Công nghệ thực phẩm và Chế biến
97034,HVN,cong-nghe-thuc-pham-va-che-bien,A00,Điểm thi THPT,2024,19.0,Công nghệ thực phẩm và Chế biến
97035,HVN,cong-nghe-thuc-pham-va-che-bien,B00,Điểm thi THPT,2024,19.0,Công nghệ thực phẩm và Chế biến
97036,HVN,cong-nghe-thuc-pham-va-che-bien,D01,Điểm thi THPT,2024,19.0,Công nghệ thực phẩm và Chế biến
97037,HVN,cong-nghe-thuc-pham-va-che-bien,D07,Điểm thi THPT,2024,19.0,Công nghệ thực phẩm và Chế biến
97038,HVN,cong-nghe-thuc-pham-va-che-bien,A00,Điểm học bạ,2025,24.0,Công nghệ thực phẩm và Chế biến
97039,HVN,cong-nghe-thuc-pham-va-che-bien,A01,Điểm học bạ,2025,24.0,Công nghệ thực phẩm và Chế biến
97040,HVN,cong-nghe-thuc-pham-va-che-bien,B00,Điểm học bạ,2025,24.0,Công nghệ thực phẩm và Chế biến
97041,HVN,cong-nghe-thuc-pham-va-che-bien,C03,Điểm học bạ,2025,24.0,Công nghệ thực phẩm và Chế biến
97042,HVN,cong-nghe-thuc-pham-va-che-bien,C04,Điểm học bạ,2025,24.0,Công nghệ thực phẩm và Chế biến
97043,HVN,cong-nghe-thuc-pham-va-che-bien,D01,Điểm học bạ,2025,24.0,Công nghệ thực phẩm và Chế biến
97044,HVN,cong-nghe-thuc-pham-va-che-bien,D07,Điểm học bạ,2025,24.0,Công nghệ thực phẩm và Chế biến
97045,HVN,cong-nghe-thuc-pham-va-che-bien,X01,Điểm học bạ,2025,24.0,Công nghệ thực phẩm và Chế biến
97046,HVN,cong-nghe-thuc-pham-va-che-bien,X07,Điểm học bạ,2025,24.0,Công nghệ thực phẩm và Chế biến
97047,HVN,cong-nghe-thuc-pham-va-che-bien,X08,Điểm học bạ,2025,24.0,Công nghệ thực phẩm và Chế biến
97048,HVN,cong-nghe-thuc-pham-va-che-bien,A00,Điểm thi THPT,2025,21.0,Công nghệ thực phẩm và Chế biến
97049,HVN,cong-nghe-thuc-pham-va-che-bien,A01,Điểm thi THPT,2025,21.0,Công nghệ thực phẩm và Chế biến
97050,HVN,cong-nghe-thuc-pham-va-che-bien,B00,Điểm thi THPT,2025,21.0,Công nghệ thực phẩm và Chế biến
97051,HVN,cong-nghe-thuc-pham-va-che-bien,C03,Điểm thi THPT,2025,21.0,Công nghệ thực phẩm và Chế biến
97052,HVN,cong-nghe-thuc-pham-va-che-bien,C04,Điểm thi THPT,2025,21.0,Công nghệ thực phẩm và Chế biến
97053,HVN,cong-nghe-thuc-pham-va-che-bien,D01,Điểm thi THPT,2025,21.0,Công nghệ thực phẩm và Chế biến
97054,HVN,cong-nghe-thuc-pham-va-che-bien,D07,Điểm thi THPT,2025,21.0,Công nghệ thực phẩm và Chế biến
97055,HVN,cong-nghe-thuc-pham-va-che-bien,X01,Điểm thi THPT,2025,21.0,Công nghệ thực phẩm và Chế biến
97056,HVN,cong-nghe-thuc-pham-va-che-bien,X07,Điểm thi THPT,2025,21.0,Công nghệ thực phẩm và Chế biến
97057,HVN,cong-nghe-thuc-pham-va-che-bien,X08,Điểm thi THPT,2025,21.0,Công nghệ thực phẩm và Chế biến
97058,HVN,cong-nghe-va-kinh-doanh-thuc-pham,A00,Điểm thi THPT,2022,16.0,Công nghệ và kinh doanh thực phẩm
97059,HVN,cong-nghe-va-kinh-doanh-thuc-pham,A01,Điểm thi THPT,2022,16.0,Công nghệ và kinh doanh thực phẩm
97060,HVN,cong-nghe-va-kinh-doanh-thuc-pham,B00,Điểm thi THPT,2022,16.0,Công nghệ và kinh doanh thực phẩm
97061,HVN,cong-nghe-va-kinh-doanh-thuc-pham,D07,Điểm thi THPT,2022,16.0,Công nghệ và kinh doanh thực phẩm
97062,HVN,crop-science,A00,Điểm thi THPT,2021,17.0,Crop Science (Khoa học cây trồng)
97063,HVN,crop-science,D01,Điểm thi THPT,2021,17.0,Crop Science (Khoa học cây trồng)
97064,HVN,du-lich,A00,Điểm học bạ,2025,26.3,Du lịch
97065,HVN,du-lich,A01,Điểm học bạ,2025,26.3,Du lịch
97066,HVN,du-lich,A07,Điểm học bạ,2025,26.3,Du lịch
97067,HVN,du-lich,C01,Điểm học bạ,2025,26.3,Du lịch
97068,HVN,du-lich,C02,Điểm học bạ,2025,26.3,Du lịch
97069,HVN,du-lich,C03,Điểm học bạ,2025,26.3,Du lịch
97070,HVN,du-lich,C04,Điểm học bạ,2025,26.3,Du lịch
97071,HVN,du-lich,D01,Điểm học bạ,2025,26.3,Du lịch
97072,HVN,du-lich,X01,Điểm học bạ,2025,26.3,Du lịch
97073,HVN,du-lich,A00,Điểm thi THPT,2025,23.3,Du lịch
97074,HVN,du-lich,A01,Điểm thi THPT,2025,23.3,Du lịch
97075,HVN,du-lich,A07,Điểm thi THPT,2025,23.3,Du lịch
97076,HVN,du-lich,C01,Điểm thi THPT,2025,23.3,Du lịch
97077,HVN,du-lich,C02,Điểm thi THPT,2025,23.3,Du lịch
97078,HVN,du-lich,C03,Điểm thi THPT,2025,23.3,Du lịch
97079,HVN,du-lich,C04,Điểm thi THPT,2025,23.3,Du lịch
97080,HVN,du-lich,D01,Điểm thi THPT,2025,23.3,Du lịch
97081,HVN,du-lich,X01,Điểm thi THPT,2025,23.3,Du lịch
97082,HVN,economics-finance,A00,Điểm thi THPT,2021,17.0,"Economics – Finance (Chương trình 1,5+1,5 Đại học Massey - New Zealand)"
97083,HVN,economics-finance,D01,Điểm thi THPT,2021,17.0,"Economics – Finance (Chương trình 1,5+1,5 Đại học Massey - New Zealand)"
97084,HVN,financial-economics,A00,Điểm thi THPT,2021,17.0,Financial Economics (Kinh tế tài chính)
97085,HVN,financial-economics,D01,Điểm thi THPT,2021,17.0,Financial Economics (Kinh tế tài chính)
97086,HVN,ke-toan,A00,Điểm thi THPT,2021,16.0,Kế toán
97087,HVN,ke-toan,A09,Điểm thi THPT,2021,16.0,Kế toán
97088,HVN,ke-toan,C20,Điểm thi THPT,2021,16.0,Kế toán
97089,HVN,ke-toan,D01,Điểm thi THPT,2021,16.0,Kế toán
97090,HVN,ke-toan,A00,Điểm thi THPT,2022,17.0,Kế toán
97091,HVN,ke-toan,A09,Điểm thi THPT,2022,17.0,Kế toán
97092,HVN,ke-toan,C20,Điểm thi THPT,2022,17.0,Kế toán
97093,HVN,ke-toan,D01,Điểm thi THPT,2022,17.0,Kế toán
97094,HVN,ke-toan-quan-tri-kinh-doanh-va-thuong-mai,A00,Điểm học bạ,2025,20.0,"Kế toán, Quản trị kinh doanh và Thương mại"
97095,HVN,ke-toan-quan-tri-kinh-doanh-va-thuong-mai,A01,Điểm học bạ,2025,20.0,"Kế toán, Quản trị kinh doanh và Thương mại"
97096,HVN,ke-toan-quan-tri-kinh-doanh-va-thuong-mai,A07,Điểm học bạ,2025,20.0,"Kế toán, Quản trị kinh doanh và Thương mại"
97097,HVN,ke-toan-quan-tri-kinh-doanh-va-thuong-mai,C01,Điểm học bạ,2025,20.0,"Kế toán, Quản trị kinh doanh và Thương mại"
97098,HVN,ke-toan-quan-tri-kinh-doanh-va-thuong-mai,C02,Điểm học bạ,2025,20.0,"Kế toán, Quản trị kinh doanh và Thương mại"
97099,HVN,ke-toan-quan-tri-kinh-doanh-va-thuong-mai,C03,Điểm học bạ,2025,20.0,"Kế toán, Quản trị kinh doanh và Thương mại"
97100,HVN,ke-toan-quan-tri-kinh-doanh-va-thuong-mai,C04,Điểm học bạ,2025,20.0,"Kế toán, Quản trị kinh doanh và Thương mại"
97101,HVN,ke-toan-quan-tri-kinh-doanh-va-thuong-mai,D01,Điểm học bạ,2025,20.0,"Kế toán, Quản trị kinh doanh và Thương mại"
97102,HVN,ke-toan-quan-tri-kinh-doanh-va-thuong-mai,X01,Điểm học bạ,2025,20.0,"Kế toán, Quản trị kinh doanh và Thương mại"
97103,HVN,ke-toan-quan-tri-kinh-doanh-va-thuong-mai,A00,Điểm thi THPT,2025,17.0,"Kế toán, Quản trị kinh doanh và Thương mại"
97104,HVN,ke-toan-quan-tri-kinh-doanh-va-thuong-mai,A01,Điểm thi THPT,2025,17.0,"Kế toán, Quản trị kinh doanh và Thương mại"
97105,HVN,ke-toan-quan-tri-kinh-doanh-va-thuong-mai,A07,Điểm thi THPT,2025,17.0,"Kế toán, Quản trị kinh doanh và Thương mại"
97106,HVN,ke-toan-quan-tri-kinh-doanh-va-thuong-mai,C01,Điểm thi THPT,2025,17.0,"Kế toán, Quản trị kinh doanh và Thương mại"
97107,HVN,ke-toan-quan-tri-kinh-doanh-va-thuong-mai,C02,Điểm thi THPT,2025,17.0,"Kế toán, Quản trị kinh doanh và Thương mại"
97108,HVN,ke-toan-quan-tri-kinh-doanh-va-thuong-mai,C03,Điểm thi THPT,2025,17.0,"Kế toán, Quản trị kinh doanh và Thương mại"
97109,HVN,ke-toan-quan-tri-kinh-doanh-va-thuong-mai,C04,Điểm thi THPT,2025,17.0,"Kế toán, Quản trị kinh doanh và Thương mại"
97110,HVN,ke-toan-quan-tri-kinh-doanh-va-thuong-mai,D01,Điểm thi THPT,2025,17.0,"Kế toán, Quản trị kinh doanh và Thương mại"
97111,HVN,ke-toan-quan-tri-kinh-doanh-va-thuong-mai,X01,Điểm thi THPT,2025,17.0,"Kế toán, Quản trị kinh doanh và Thương mại"
97112,HVN,khoa-hoc-cay-trong,A00,Điểm thi THPT,2022,15.0,Khoa học cây trồng
97113,HVN,khoa-hoc-cay-trong,B00,Điểm thi THPT,2022,15.0,Khoa học cây trồng
97114,HVN,khoa-hoc-cay-trong,B08,Điểm thi THPT,2022,15.0,Khoa học cây trồng
97115,HVN,khoa-hoc-cay-trong,D01,Điểm thi THPT,2022,15.0,Khoa học cây trồng
97116,HVN,khoa-hoc-dat,A00,Điểm thi THPT,2022,23.0,Khoa học đất
97117,HVN,khoa-hoc-dat,B00,Điểm thi THPT,2022,23.0,Khoa học đất
97118,HVN,khoa-hoc-dat,B08,Điểm thi THPT,2022,23.0,Khoa học đất
97119,HVN,khoa-hoc-dat,D01,Điểm thi THPT,2022,23.0,Khoa học đất
97120,HVN,khoa-hoc-dat-dinh-duong-cay-trong,A00,Điểm thi THPT,2021,20.0,Khoa học đất - dinh dưỡng cây trồng
97121,HVN,khoa-hoc-dat-dinh-duong-cay-trong,B00,Điểm thi THPT,2021,20.0,Khoa học đất - dinh dưỡng cây trồng
97122,HVN,khoa-hoc-dat-dinh-duong-cay-trong,B08,Điểm thi THPT,2021,20.0,Khoa học đất - dinh dưỡng cây trồng
97123,HVN,khoa-hoc-dat-dinh-duong-cay-trong,D07,Điểm thi THPT,2021,20.0,Khoa học đất - dinh dưỡng cây trồng
97124,HVN,khoa-hoc-du-lieu-va-tri-tue-nhan-tao,A00,Điểm thi THPT,2022,17.0,Khoa học dữ liệu và trí tuệ nhân tạo
97125,HVN,khoa-hoc-du-lieu-va-tri-tue-nhan-tao,A01,Điểm thi THPT,2022,17.0,Khoa học dữ liệu và trí tuệ nhân tạo
97126,HVN,khoa-hoc-du-lieu-va-tri-tue-nhan-tao,A09,Điểm thi THPT,2022,17.0,Khoa học dữ liệu và trí tuệ nhân tạo
97127,HVN,khoa-hoc-du-lieu-va-tri-tue-nhan-tao,D01,Điểm thi THPT,2022,17.0,Khoa học dữ liệu và trí tuệ nhân tạo
97128,HVN,khoa-hoc-moi-truong,A00,Điểm thi THPT,2021,17.0,Khoa học môi trường
97129,HVN,khoa-hoc-moi-truong,B00,Điểm thi THPT,2021,17.0,Khoa học môi trường
97130,HVN,khoa-hoc-moi-truong,D01,Điểm thi THPT,2021,17.0,Khoa học môi trường
97131,HVN,khoa-hoc-moi-truong,D07,Điểm thi THPT,2021,17.0,Khoa học môi trường
97132,HVN,khoa-hoc-moi-truong,A00,Điểm thi THPT,2022,18.0,Khoa học môi trường
97133,HVN,khoa-hoc-moi-truong,B00,Điểm thi THPT,2022,18.0,Khoa học môi trường
97134,HVN,khoa-hoc-moi-truong,D01,Điểm thi THPT,2022,18.0,Khoa học môi trường
97135,HVN,khoa-hoc-moi-truong,D07,Điểm thi THPT,2022,18.0,Khoa học môi trường
97136,HVN,khoa-hoc-moi-truong,A00,Điểm thi THPT,2023,16.5,Khoa học môi trường
97137,HVN,khoa-hoc-moi-truong,A01,Điểm thi THPT,2023,16.5,Khoa học môi trường
97138,HVN,khoa-hoc-moi-truong,B00,Điểm thi THPT,2023,16.5,Khoa học môi trường
97139,HVN,khoa-hoc-moi-truong,D01,Điểm thi THPT,2023,16.5,Khoa học môi trường
97140,HVN,khoa-hoc-moi-truong,A00,Điểm học bạ,2024,22.0,Khoa học môi trường
97141,HVN,khoa-hoc-moi-truong,A01,Điểm học bạ,2024,22.0,Khoa học môi trường
97142,HVN,khoa-hoc-moi-truong,B00,Điểm học bạ,2024,22.0,Khoa học môi trường
97143,HVN,khoa-hoc-moi-truong,D01,Điểm học bạ,2024,22.0,Khoa học môi trường
97144,HVN,khoa-hoc-moi-truong,A00,Điểm thi THPT,2024,17.0,Khoa học môi trường
97145,HVN,khoa-hoc-moi-truong,A01,Điểm thi THPT,2024,17.0,Khoa học môi trường
97146,HVN,khoa-hoc-moi-truong,B00,Điểm thi THPT,2024,17.0,Khoa học môi trường
97147,HVN,khoa-hoc-moi-truong,D01,Điểm thi THPT,2024,17.0,Khoa học môi trường
97148,HVN,khoa-hoc-moi-truong,A00,Điểm học bạ,2025,24.0,Khoa học Môi trường
97149,HVN,khoa-hoc-moi-truong,A01,Điểm học bạ,2025,24.0,Khoa học Môi trường
97150,HVN,khoa-hoc-moi-truong,B00,Điểm học bạ,2025,24.0,Khoa học Môi trường
97151,HVN,khoa-hoc-moi-truong,C03,Điểm học bạ,2025,24.0,Khoa học Môi trường
97152,HVN,khoa-hoc-moi-truong,C04,Điểm học bạ,2025,24.0,Khoa học Môi trường
97153,HVN,khoa-hoc-moi-truong,D01,Điểm học bạ,2025,24.0,Khoa học Môi trường
97154,HVN,khoa-hoc-moi-truong,D07,Điểm học bạ,2025,24.0,Khoa học Môi trường
97155,HVN,khoa-hoc-moi-truong,X01,Điểm học bạ,2025,24.0,Khoa học Môi trường
97156,HVN,khoa-hoc-moi-truong,X07,Điểm học bạ,2025,24.0,Khoa học Môi trường
97157,HVN,khoa-hoc-moi-truong,X08,Điểm học bạ,2025,24.0,Khoa học Môi trường
97158,HVN,khoa-hoc-moi-truong,A00,Điểm thi THPT,2025,21.0,Khoa học Môi trường
97159,HVN,khoa-hoc-moi-truong,A01,Điểm thi THPT,2025,21.0,Khoa học Môi trường
97160,HVN,khoa-hoc-moi-truong,B00,Điểm thi THPT,2025,21.0,Khoa học Môi trường
97161,HVN,khoa-hoc-moi-truong,C03,Điểm thi THPT,2025,21.0,Khoa học Môi trường
97162,HVN,khoa-hoc-moi-truong,C04,Điểm thi THPT,2025,21.0,Khoa học Môi trường
97163,HVN,khoa-hoc-moi-truong,D01,Điểm thi THPT,2025,21.0,Khoa học Môi trường
97164,HVN,khoa-hoc-moi-truong,D07,Điểm thi THPT,2025,21.0,Khoa học Môi trường
97165,HVN,khoa-hoc-moi-truong,X01,Điểm thi THPT,2025,21.0,Khoa học Môi trường
97166,HVN,khoa-hoc-moi-truong,X07,Điểm thi THPT,2025,21.0,Khoa học Môi trường
97167,HVN,khoa-hoc-moi-truong,X08,Điểm thi THPT,2025,21.0,Khoa học Môi trường
97168,HVN,kinh-te,A00,Điểm thi THPT,2022,16.0,Kinh tế
97169,HVN,kinh-te,C04,Điểm thi THPT,2022,16.0,Kinh tế
97170,HVN,kinh-te,D01,Điểm thi THPT,2022,16.0,Kinh tế
97171,HVN,kinh-te,D10,Điểm thi THPT,2022,16.0,Kinh tế
97172,HVN,kinh-te-dau-tu,A00,Điểm thi THPT,2022,16.0,Kinh tế đầu tư
97173,HVN,kinh-te-dau-tu,C04,Điểm thi THPT,2022,16.0,Kinh tế đầu tư
97174,HVN,kinh-te-dau-tu,D01,Điểm thi THPT,2022,16.0,Kinh tế đầu tư
97175,HVN,kinh-te-dau-tu,D10,Điểm thi THPT,2022,16.0,Kinh tế đầu tư
97176,HVN,kinh-te-nong-nghiep,A00,Điểm thi THPT,2022,17.0,Kinh tế nông nghiệp
97177,HVN,kinh-te-nong-nghiep,B00,Điểm thi THPT,2022,17.0,Kinh tế nông nghiệp
97178,HVN,kinh-te-nong-nghiep,D01,Điểm thi THPT,2022,17.0,Kinh tế nông nghiệp
97179,HVN,kinh-te-nong-nghiep,D10,Điểm thi THPT,2022,17.0,Kinh tế nông nghiệp
97180,HVN,kinh-te-nong-nghiep-va-phat-trien-nong-thon,A00,Điểm thi THPT,2021,17.0,Kinh tế nông nghiệp và Phát triển nông thôn
97181,HVN,kinh-te-nong-nghiep-va-phat-trien-nong-thon,B00,Điểm thi THPT,2021,17.0,Kinh tế nông nghiệp và Phát triển nông thôn
97182,HVN,kinh-te-nong-nghiep-va-phat-trien-nong-thon,D01,Điểm thi THPT,2021,17.0,Kinh tế nông nghiệp và Phát triển nông thôn
97183,HVN,kinh-te-nong-nghiep-va-phat-trien-nong-thon,D10,Điểm thi THPT,2021,17.0,Kinh tế nông nghiệp và Phát triển nông thôn
97184,HVN,kinh-te-so,A00,Điểm thi THPT,2022,16.0,Kinh tế số
97185,HVN,kinh-te-so,C04,Điểm thi THPT,2022,16.0,Kinh tế số
97186,HVN,kinh-te-so,D01,Điểm thi THPT,2022,16.0,Kinh tế số
97187,HVN,kinh-te-so,D10,Điểm thi THPT,2022,16.0,Kinh tế số
97188,HVN,kinh-te-tai-chinh,A00,Điểm thi THPT,2022,16.0,Kinh tế tài chính
97189,HVN,kinh-te-tai-chinh,C04,Điểm thi THPT,2022,16.0,Kinh tế tài chính
97190,HVN,kinh-te-tai-chinh,D01,Điểm thi THPT,2022,16.0,Kinh tế tài chính
97191,HVN,kinh-te-tai-chinh,D10,Điểm thi THPT,2022,16.0,Kinh tế tài chính
97192,HVN,kinh-te-va-quan-ly,A00,Điểm thi THPT,2021,16.0,Kinh tế và quản lý
97193,HVN,kinh-te-va-quan-ly,C04,Điểm thi THPT,2021,16.0,Kinh tế và quản lý
97194,HVN,kinh-te-va-quan-ly,D01,Điểm thi THPT,2021,16.0,Kinh tế và quản lý
97195,HVN,kinh-te-va-quan-ly,D10,Điểm thi THPT,2021,16.0,Kinh tế và quản lý
97196,HVN,kinh-te-va-quan-ly,A00,Điểm thi THPT,2023,18.0,Kinh tế và Quản lý
97197,HVN,kinh-te-va-quan-ly,C04,Điểm thi THPT,2023,18.0,Kinh tế và Quản lý
97198,HVN,kinh-te-va-quan-ly,D01,Điểm thi THPT,2023,18.0,Kinh tế và Quản lý
97199,HVN,kinh-te-va-quan-ly,D07,Điểm thi THPT,2023,18.0,Kinh tế và Quản lý
97200,HVN,kinh-te-va-quan-ly,A00,Điểm học bạ,2024,23.0,Kinh tế và Quản lý
97201,HVN,kinh-te-va-quan-ly,C04,Điểm học bạ,2024,23.0,Kinh tế và Quản lý
97202,HVN,kinh-te-va-quan-ly,D01,Điểm học bạ,2024,23.0,Kinh tế và Quản lý
97203,HVN,kinh-te-va-quan-ly,D07,Điểm học bạ,2024,23.0,Kinh tế và Quản lý
97204,HVN,kinh-te-va-quan-ly,A00,Điểm thi THPT,2024,18.0,Kinh tế và Quản lý
97205,HVN,kinh-te-va-quan-ly,C04,Điểm thi THPT,2024,18.0,Kinh tế và Quản lý
97206,HVN,kinh-te-va-quan-ly,D01,Điểm thi THPT,2024,18.0,Kinh tế và Quản lý
97207,HVN,kinh-te-va-quan-ly,D07,Điểm thi THPT,2024,18.0,Kinh tế và Quản lý
97208,HVN,kinh-te-va-quan-ly,A00,Điểm học bạ,2025,20.0,Kinh tế và Quản lý
97209,HVN,kinh-te-va-quan-ly,A01,Điểm học bạ,2025,20.0,Kinh tế và Quản lý
97210,HVN,kinh-te-va-quan-ly,A07,Điểm học bạ,2025,20.0,Kinh tế và Quản lý
97211,HVN,kinh-te-va-quan-ly,C01,Điểm học bạ,2025,20.0,Kinh tế và Quản lý
97212,HVN,kinh-te-va-quan-ly,C02,Điểm học bạ,2025,20.0,Kinh tế và Quản lý
97213,HVN,kinh-te-va-quan-ly,C03,Điểm học bạ,2025,20.0,Kinh tế và Quản lý
97214,HVN,kinh-te-va-quan-ly,C04,Điểm học bạ,2025,20.0,Kinh tế và Quản lý
97215,HVN,kinh-te-va-quan-ly,D01,Điểm học bạ,2025,20.0,Kinh tế và Quản lý
97216,HVN,kinh-te-va-quan-ly,X01,Điểm học bạ,2025,20.0,Kinh tế và Quản lý
97217,HVN,kinh-te-va-quan-ly,A00,Điểm thi THPT,2025,17.0,Kinh tế và Quản lý
97218,HVN,kinh-te-va-quan-ly,A01,Điểm thi THPT,2025,17.0,Kinh tế và Quản lý
97219,HVN,kinh-te-va-quan-ly,A07,Điểm thi THPT,2025,17.0,Kinh tế và Quản lý
97220,HVN,kinh-te-va-quan-ly,C01,Điểm thi THPT,2025,17.0,Kinh tế và Quản lý
97221,HVN,kinh-te-va-quan-ly,C02,Điểm thi THPT,2025,17.0,Kinh tế và Quản lý
97222,HVN,kinh-te-va-quan-ly,C03,Điểm thi THPT,2025,17.0,Kinh tế và Quản lý
97223,HVN,kinh-te-va-quan-ly,C04,Điểm thi THPT,2025,17.0,Kinh tế và Quản lý
97224,HVN,kinh-te-va-quan-ly,D01,Điểm thi THPT,2025,17.0,Kinh tế và Quản lý
97225,HVN,kinh-te-va-quan-ly,X01,Điểm thi THPT,2025,17.0,Kinh tế và Quản lý
97226,HVN,ky-thuat-co-khi,A00,Điểm thi THPT,2022,17.0,Kỹ thuật cơ khí
97227,HVN,ky-thuat-co-khi,A01,Điểm thi THPT,2022,17.0,Kỹ thuật cơ khí
97228,HVN,ky-thuat-co-khi,C01,Điểm thi THPT,2022,17.0,Kỹ thuật cơ khí
97229,HVN,ky-thuat-co-khi,D01,Điểm thi THPT,2022,17.0,Kỹ thuật cơ khí
97230,HVN,ky-thuat-co-khi,A00,Điểm thi THPT,2023,22.0,Kỹ thuật cơ khí
97231,HVN,ky-thuat-co-khi,A01,Điểm thi THPT,2023,22.0,Kỹ thuật cơ khí
97232,HVN,ky-thuat-co-khi,A09,Điểm thi THPT,2023,22.0,Kỹ thuật cơ khí
97233,HVN,ky-thuat-co-khi,D01,Điểm thi THPT,2023,22.0,Kỹ thuật cơ khí
97234,HVN,ky-thuat-co-khi,A00,Điểm học bạ,2024,24.0,Kỹ thuật cơ khí
97235,HVN,ky-thuat-co-khi,A01,Điểm học bạ,2024,24.0,Kỹ thuật cơ khí
97236,HVN,ky-thuat-co-khi,A09,Điểm học bạ,2024,24.0,Kỹ thuật cơ khí
97237,HVN,ky-thuat-co-khi,D01,Điểm học bạ,2024,24.0,Kỹ thuật cơ khí
97238,HVN,ky-thuat-co-khi,A00,Điểm thi THPT,2024,18.0,Kỹ thuật cơ khí
97239,HVN,ky-thuat-co-khi,A01,Điểm thi THPT,2024,18.0,Kỹ thuật cơ khí
97240,HVN,ky-thuat-co-khi,A09,Điểm thi THPT,2024,18.0,Kỹ thuật cơ khí
97241,HVN,ky-thuat-co-khi,D01,Điểm thi THPT,2024,18.0,Kỹ thuật cơ khí
97242,HVN,ky-thuat-co-khi,A00,Điểm học bạ,2025,24.5,Kỹ thuật cơ khí
97243,HVN,ky-thuat-co-khi,A01,Điểm học bạ,2025,24.5,Kỹ thuật cơ khí
97244,HVN,ky-thuat-co-khi,C01,Điểm học bạ,2025,24.5,Kỹ thuật cơ khí
97245,HVN,ky-thuat-co-khi,C02,Điểm học bạ,2025,24.5,Kỹ thuật cơ khí
97246,HVN,ky-thuat-co-khi,C03,Điểm học bạ,2025,24.5,Kỹ thuật cơ khí
97247,HVN,ky-thuat-co-khi,C04,Điểm học bạ,2025,24.5,Kỹ thuật cơ khí
97248,HVN,ky-thuat-co-khi,D01,Điểm học bạ,2025,24.5,Kỹ thuật cơ khí
97249,HVN,ky-thuat-co-khi,X01,Điểm học bạ,2025,24.5,Kỹ thuật cơ khí
97250,HVN,ky-thuat-co-khi,X07,Điểm học bạ,2025,24.5,Kỹ thuật cơ khí
97251,HVN,ky-thuat-co-khi,X08,Điểm học bạ,2025,24.5,Kỹ thuật cơ khí
97252,HVN,ky-thuat-co-khi,A00,Điểm thi THPT,2025,21.5,Kỹ thuật cơ khí
97253,HVN,ky-thuat-co-khi,A01,Điểm thi THPT,2025,21.5,Kỹ thuật cơ khí
97254,HVN,ky-thuat-co-khi,C01,Điểm thi THPT,2025,21.5,Kỹ thuật cơ khí
97255,HVN,ky-thuat-co-khi,C02,Điểm thi THPT,2025,21.5,Kỹ thuật cơ khí
97256,HVN,ky-thuat-co-khi,C03,Điểm thi THPT,2025,21.5,Kỹ thuật cơ khí
97257,HVN,ky-thuat-co-khi,C04,Điểm thi THPT,2025,21.5,Kỹ thuật cơ khí
97258,HVN,ky-thuat-co-khi,D01,Điểm thi THPT,2025,21.5,Kỹ thuật cơ khí
97259,HVN,ky-thuat-co-khi,X01,Điểm thi THPT,2025,21.5,Kỹ thuật cơ khí
97260,HVN,ky-thuat-co-khi,X07,Điểm thi THPT,2025,21.5,Kỹ thuật cơ khí
97261,HVN,ky-thuat-co-khi,X08,Điểm thi THPT,2025,21.5,Kỹ thuật cơ khí
97262,HVN,ky-thuat-dien,A00,Điểm thi THPT,2022,16.0,Kỹ thuật điện
97263,HVN,ky-thuat-dien,A01,Điểm thi THPT,2022,16.0,Kỹ thuật điện
97264,HVN,ky-thuat-dien,C01,Điểm thi THPT,2022,16.0,Kỹ thuật điện
97265,HVN,ky-thuat-dien,D01,Điểm thi THPT,2022,16.0,Kỹ thuật điện
97266,HVN,ky-thuat-dien-dien-tu-va-tu-dong-hoa,A00,Điểm thi THPT,2023,23.0,"Kỹ thuật điện, Điện tử và Tự động hoá"
97267,HVN,ky-thuat-dien-dien-tu-va-tu-dong-hoa,A01,Điểm thi THPT,2023,23.0,"Kỹ thuật điện, Điện tử và Tự động hoá"
97268,HVN,ky-thuat-dien-dien-tu-va-tu-dong-hoa,A09,Điểm thi THPT,2023,23.0,"Kỹ thuật điện, Điện tử và Tự động hoá"
97269,HVN,ky-thuat-dien-dien-tu-va-tu-dong-hoa,D01,Điểm thi THPT,2023,23.0,"Kỹ thuật điện, Điện tử và Tự động hoá"
97270,HVN,ky-thuat-dien-dien-tu-va-tu-dong-hoa,A00,Điểm học bạ,2024,25.0,"Kỹ thuật điện, Điện tử và Tự động hoá"
97271,HVN,ky-thuat-dien-dien-tu-va-tu-dong-hoa,A01,Điểm học bạ,2024,25.0,"Kỹ thuật điện, Điện tử và Tự động hoá"
97272,HVN,ky-thuat-dien-dien-tu-va-tu-dong-hoa,A09,Điểm học bạ,2024,25.0,"Kỹ thuật điện, Điện tử và Tự động hoá"
97273,HVN,ky-thuat-dien-dien-tu-va-tu-dong-hoa,D01,Điểm học bạ,2024,25.0,"Kỹ thuật điện, Điện tử và Tự động hoá"
97274,HVN,ky-thuat-dien-dien-tu-va-tu-dong-hoa,A00,Điểm thi THPT,2024,22.5,"Kỹ thuật điện, Điện tử và Tự động hoá"
97275,HVN,ky-thuat-dien-dien-tu-va-tu-dong-hoa,A01,Điểm thi THPT,2024,22.5,"Kỹ thuật điện, Điện tử và Tự động hoá"
97276,HVN,ky-thuat-dien-dien-tu-va-tu-dong-hoa,A09,Điểm thi THPT,2024,22.5,"Kỹ thuật điện, Điện tử và Tự động hoá"
97277,HVN,ky-thuat-dien-dien-tu-va-tu-dong-hoa,D01,Điểm thi THPT,2024,22.5,"Kỹ thuật điện, Điện tử và Tự động hoá"
97278,HVN,ky-thuat-dien-dien-tu-va-tu-dong-hoa,A00,Điểm học bạ,2025,25.0,"Kỹ thuật điện, Điện tử và Tự động hóa"
97279,HVN,ky-thuat-dien-dien-tu-va-tu-dong-hoa,A01,Điểm học bạ,2025,25.0,"Kỹ thuật điện, Điện tử và Tự động hóa"
97280,HVN,ky-thuat-dien-dien-tu-va-tu-dong-hoa,C01,Điểm học bạ,2025,25.0,"Kỹ thuật điện, Điện tử và Tự động hóa"
97281,HVN,ky-thuat-dien-dien-tu-va-tu-dong-hoa,C02,Điểm học bạ,2025,25.0,"Kỹ thuật điện, Điện tử và Tự động hóa"
97282,HVN,ky-thuat-dien-dien-tu-va-tu-dong-hoa,C03,Điểm học bạ,2025,25.0,"Kỹ thuật điện, Điện tử và Tự động hóa"
97283,HVN,ky-thuat-dien-dien-tu-va-tu-dong-hoa,C04,Điểm học bạ,2025,25.0,"Kỹ thuật điện, Điện tử và Tự động hóa"
97284,HVN,ky-thuat-dien-dien-tu-va-tu-dong-hoa,D01,Điểm học bạ,2025,25.0,"Kỹ thuật điện, Điện tử và Tự động hóa"
97285,HVN,ky-thuat-dien-dien-tu-va-tu-dong-hoa,X01,Điểm học bạ,2025,25.0,"Kỹ thuật điện, Điện tử và Tự động hóa"
97286,HVN,ky-thuat-dien-dien-tu-va-tu-dong-hoa,X07,Điểm học bạ,2025,25.0,"Kỹ thuật điện, Điện tử và Tự động hóa"
97287,HVN,ky-thuat-dien-dien-tu-va-tu-dong-hoa,X08,Điểm học bạ,2025,25.0,"Kỹ thuật điện, Điện tử và Tự động hóa"
97288,HVN,ky-thuat-dien-dien-tu-va-tu-dong-hoa,A00,Điểm thi THPT,2025,22.0,"Kỹ thuật điện, Điện tử và Tự động hóa"
97289,HVN,ky-thuat-dien-dien-tu-va-tu-dong-hoa,A01,Điểm thi THPT,2025,22.0,"Kỹ thuật điện, Điện tử và Tự động hóa"
97290,HVN,ky-thuat-dien-dien-tu-va-tu-dong-hoa,C01,Điểm thi THPT,2025,22.0,"Kỹ thuật điện, Điện tử và Tự động hóa"
97291,HVN,ky-thuat-dien-dien-tu-va-tu-dong-hoa,C02,Điểm thi THPT,2025,22.0,"Kỹ thuật điện, Điện tử và Tự động hóa"
97292,HVN,ky-thuat-dien-dien-tu-va-tu-dong-hoa,C03,Điểm thi THPT,2025,22.0,"Kỹ thuật điện, Điện tử và Tự động hóa"
97293,HVN,ky-thuat-dien-dien-tu-va-tu-dong-hoa,C04,Điểm thi THPT,2025,22.0,"Kỹ thuật điện, Điện tử và Tự động hóa"
97294,HVN,ky-thuat-dien-dien-tu-va-tu-dong-hoa,D01,Điểm thi THPT,2025,22.0,"Kỹ thuật điện, Điện tử và Tự động hóa"
97295,HVN,ky-thuat-dien-dien-tu-va-tu-dong-hoa,X01,Điểm thi THPT,2025,22.0,"Kỹ thuật điện, Điện tử và Tự động hóa"
97296,HVN,ky-thuat-dien-dien-tu-va-tu-dong-hoa,X07,Điểm thi THPT,2025,22.0,"Kỹ thuật điện, Điện tử và Tự động hóa"
97297,HVN,ky-thuat-dien-dien-tu-va-tu-dong-hoa,X08,Điểm thi THPT,2025,22.0,"Kỹ thuật điện, Điện tử và Tự động hóa"
97298,HVN,ky-thuat-dieu-khien-va-tu-dong-hoa,A00,Điểm thi THPT,2022,16.0,Kỹ thuật điều khiển và tự động hóa
97299,HVN,ky-thuat-dieu-khien-va-tu-dong-hoa,A01,Điểm thi THPT,2022,16.0,Kỹ thuật điều khiển và tự động hóa
97300,HVN,ky-thuat-dieu-khien-va-tu-dong-hoa,C01,Điểm thi THPT,2022,16.0,Kỹ thuật điều khiển và tự động hóa
97301,HVN,ky-thuat-dieu-khien-va-tu-dong-hoa,D01,Điểm thi THPT,2022,16.0,Kỹ thuật điều khiển và tự động hóa
97302,HVN,logistics-quan-ly-chuoi-cung-ung,A00,Điểm thi THPT,2021,23.0,Logistics & quản lý chuỗi cung ứng
97303,HVN,logistics-quan-ly-chuoi-cung-ung,A09,Điểm thi THPT,2021,23.0,Logistics & quản lý chuỗi cung ứng
97304,HVN,logistics-quan-ly-chuoi-cung-ung,C20,Điểm thi THPT,2021,23.0,Logistics & quản lý chuỗi cung ứng
97305,HVN,logistics-quan-ly-chuoi-cung-ung,D01,Điểm thi THPT,2021,23.0,Logistics & quản lý chuỗi cung ứng
97306,HVN,logistics-quan-ly-chuoi-cung-ung,A00,Điểm thi THPT,2022,21.0,Logistics & quản lý chuỗi cung ứng
97307,HVN,logistics-quan-ly-chuoi-cung-ung,A09,Điểm thi THPT,2022,21.0,Logistics & quản lý chuỗi cung ứng
97308,HVN,logistics-quan-ly-chuoi-cung-ung,C20,Điểm thi THPT,2022,21.0,Logistics & quản lý chuỗi cung ứng
97309,HVN,logistics-quan-ly-chuoi-cung-ung,D01,Điểm thi THPT,2022,21.0,Logistics & quản lý chuỗi cung ứng
97310,HVN,logistics-va-quan-ly-chuoi-cung-ung,A00,Điểm thi THPT,2023,24.5,Logistics và Quản lý chuỗi cung ứng
97311,HVN,logistics-va-quan-ly-chuoi-cung-ung,A09,Điểm thi THPT,2023,24.5,Logistics và Quản lý chuỗi cung ứng
97312,HVN,logistics-va-quan-ly-chuoi-cung-ung,C20,Điểm thi THPT,2023,24.5,Logistics và Quản lý chuỗi cung ứng
97313,HVN,logistics-va-quan-ly-chuoi-cung-ung,D01,Điểm thi THPT,2023,24.5,Logistics và Quản lý chuỗi cung ứng
97314,HVN,logistics-va-quan-ly-chuoi-cung-ung,A00,Điểm học bạ,2024,24.0,Logistics và Quản lý chuỗi cung ứng
97315,HVN,logistics-va-quan-ly-chuoi-cung-ung,A09,Điểm học bạ,2024,24.0,Logistics và Quản lý chuỗi cung ứng
97316,HVN,logistics-va-quan-ly-chuoi-cung-ung,C20,Điểm học bạ,2024,24.0,Logistics và Quản lý chuỗi cung ứng
97317,HVN,logistics-va-quan-ly-chuoi-cung-ung,D01,Điểm học bạ,2024,24.0,Logistics và Quản lý chuỗi cung ứng
97318,HVN,logistics-va-quan-ly-chuoi-cung-ung,A00,Điểm thi THPT,2024,25.25,Logistics và Quản lý chuỗi cung ứng
97319,HVN,logistics-va-quan-ly-chuoi-cung-ung,A09,Điểm thi THPT,2024,25.25,Logistics và Quản lý chuỗi cung ứng
97320,HVN,logistics-va-quan-ly-chuoi-cung-ung,C20,Điểm thi THPT,2024,25.25,Logistics và Quản lý chuỗi cung ứng
97321,HVN,logistics-va-quan-ly-chuoi-cung-ung,D01,Điểm thi THPT,2024,25.25,Logistics và Quản lý chuỗi cung ứng
97322,HVN,logistics-va-quan-ly-chuoi-cung-ung,A00,Điểm học bạ,2025,24.0,Logistics và Quản lý chuỗi cung ứng
97323,HVN,logistics-va-quan-ly-chuoi-cung-ung,A01,Điểm học bạ,2025,24.0,Logistics và Quản lý chuỗi cung ứng
97324,HVN,logistics-va-quan-ly-chuoi-cung-ung,A07,Điểm học bạ,2025,24.0,Logistics và Quản lý chuỗi cung ứng
97325,HVN,logistics-va-quan-ly-chuoi-cung-ung,C01,Điểm học bạ,2025,24.0,Logistics và Quản lý chuỗi cung ứng
97326,HVN,logistics-va-quan-ly-chuoi-cung-ung,C02,Điểm học bạ,2025,24.0,Logistics và Quản lý chuỗi cung ứng
97327,HVN,logistics-va-quan-ly-chuoi-cung-ung,C03,Điểm học bạ,2025,24.0,Logistics và Quản lý chuỗi cung ứng
97328,HVN,logistics-va-quan-ly-chuoi-cung-ung,C04,Điểm học bạ,2025,24.0,Logistics và Quản lý chuỗi cung ứng
97329,HVN,logistics-va-quan-ly-chuoi-cung-ung,D01,Điểm học bạ,2025,24.0,Logistics và Quản lý chuỗi cung ứng
97330,HVN,logistics-va-quan-ly-chuoi-cung-ung,X01,Điểm học bạ,2025,24.0,Logistics và Quản lý chuỗi cung ứng
97331,HVN,logistics-va-quan-ly-chuoi-cung-ung,A00,Điểm thi THPT,2025,21.0,Logistics và Quản lý chuỗi cung ứng
97332,HVN,logistics-va-quan-ly-chuoi-cung-ung,A01,Điểm thi THPT,2025,21.0,Logistics và Quản lý chuỗi cung ứng
97333,HVN,logistics-va-quan-ly-chuoi-cung-ung,A07,Điểm thi THPT,2025,21.0,Logistics và Quản lý chuỗi cung ứng
97334,HVN,logistics-va-quan-ly-chuoi-cung-ung,C01,Điểm thi THPT,2025,21.0,Logistics và Quản lý chuỗi cung ứng
97335,HVN,logistics-va-quan-ly-chuoi-cung-ung,C02,Điểm thi THPT,2025,21.0,Logistics và Quản lý chuỗi cung ứng
97336,HVN,logistics-va-quan-ly-chuoi-cung-ung,C03,Điểm thi THPT,2025,21.0,Logistics và Quản lý chuỗi cung ứng
97337,HVN,logistics-va-quan-ly-chuoi-cung-ung,C04,Điểm thi THPT,2025,21.0,Logistics và Quản lý chuỗi cung ứng
97338,HVN,logistics-va-quan-ly-chuoi-cung-ung,D01,Điểm thi THPT,2025,21.0,Logistics và Quản lý chuỗi cung ứng
97339,HVN,logistics-va-quan-ly-chuoi-cung-ung,X01,Điểm thi THPT,2025,21.0,Logistics và Quản lý chuỗi cung ứng
97340,HVN,luat,A00,Điểm thi THPT,2021,20.0,Luật
97341,HVN,luat,C00,Điểm thi THPT,2021,20.0,Luật
97342,HVN,luat,C20,Điểm thi THPT,2021,20.0,Luật
97343,HVN,luat,D01,Điểm thi THPT,2021,20.0,Luật
97344,HVN,luat,A00,Điểm thi THPT,2022,18.0,Luật
97345,HVN,luat,C00,Điểm thi THPT,2022,18.0,Luật
97346,HVN,luat,C20,Điểm thi THPT,2022,18.0,Luật
97347,HVN,luat,D01,Điểm thi THPT,2022,18.0,Luật
97348,HVN,luat,A09,Điểm thi THPT,2023,21.5,Luật
97349,HVN,luat,C00,Điểm thi THPT,2023,21.5,Luật
97350,HVN,luat,C20,Điểm thi THPT,2023,21.5,Luật
97351,HVN,luat,D01,Điểm thi THPT,2023,21.5,Luật
97352,HVN,luat,A09,Điểm học bạ,2024,22.0,Luật
97353,HVN,luat,C00,Điểm học bạ,2024,22.0,Luật
97354,HVN,luat,A09,Điểm thi THPT,2024,24.75,Luật
97355,HVN,luat,C00,Điểm thi THPT,2024,24.75,Luật
97356,HVN,luat,C20,Điểm thi THPT,2024,24.75,Luật
97357,HVN,luat,D01,Điểm thi THPT,2024,24.75,Luật
97358,HVN,luat,C00,Điểm học bạ,2025,26.3,Luật
97359,HVN,luat,C01,Điểm học bạ,2025,26.3,Luật
97360,HVN,luat,C03,Điểm học bạ,2025,26.3,Luật
97361,HVN,luat,D01,Điểm học bạ,2025,26.3,Luật
97362,HVN,luat,D14,Điểm học bạ,2025,26.3,Luật
97363,HVN,luat,D15,Điểm học bạ,2025,26.3,Luật
97364,HVN,luat,X03,Điểm học bạ,2025,26.3,Luật
97365,HVN,luat,X04,Điểm học bạ,2025,26.3,Luật
97366,HVN,luat,X70,Điểm học bạ,2025,26.3,Luật
97367,HVN,luat,X74,Điểm học bạ,2025,26.3,Luật
97368,HVN,luat,C00,Điểm thi THPT,2025,23.3,Luật
97369,HVN,luat,C01,Điểm thi THPT,2025,23.3,Luật
97370,HVN,luat,C03,Điểm thi THPT,2025,23.3,Luật
97371,HVN,luat,D01,Điểm thi THPT,2025,23.3,Luật
97372,HVN,luat,D14,Điểm thi THPT,2025,23.3,Luật
97373,HVN,luat,D15,Điểm thi THPT,2025,23.3,Luật
97374,HVN,luat,X03,Điểm thi THPT,2025,23.3,Luật
97375,HVN,luat,X04,Điểm thi THPT,2025,23.3,Luật
97376,HVN,luat,X70,Điểm thi THPT,2025,23.3,Luật
97377,HVN,luat,X74,Điểm thi THPT,2025,23.3,Luật
97378,HVN,mang-may-tinh-va-truyen-thong-du-lieu,A00,Điểm thi THPT,2022,17.0,Mạng máy tính và truyền thông dữ liệu
97379,HVN,mang-may-tinh-va-truyen-thong-du-lieu,A01,Điểm thi THPT,2022,17.0,Mạng máy tính và truyền thông dữ liệu
97380,HVN,mang-may-tinh-va-truyen-thong-du-lieu,A09,Điểm thi THPT,2022,17.0,Mạng máy tính và truyền thông dữ liệu
97381,HVN,mang-may-tinh-va-truyen-thong-du-lieu,D01,Điểm thi THPT,2022,17.0,Mạng máy tính và truyền thông dữ liệu
97382,HVN,ngon-ngu-anh,D01,Điểm thi THPT,2021,15.0,Ngôn ngữ Anh
97383,HVN,ngon-ngu-anh,D07,Điểm thi THPT,2021,15.0,Ngôn ngữ Anh
97384,HVN,ngon-ngu-anh,D14,Điểm thi THPT,2021,15.0,Ngôn ngữ Anh
97385,HVN,ngon-ngu-anh,D15,Điểm thi THPT,2021,15.0,Ngôn ngữ Anh
97386,HVN,ngon-ngu-anh,D01,Điểm thi THPT,2022,18.0,Ngôn ngữ Anh
97387,HVN,ngon-ngu-anh,D07,Điểm thi THPT,2022,18.0,Ngôn ngữ Anh
97388,HVN,ngon-ngu-anh,D14,Điểm thi THPT,2022,18.0,Ngôn ngữ Anh
97389,HVN,ngon-ngu-anh,D15,Điểm thi THPT,2022,18.0,Ngôn ngữ Anh
97390,HVN,ngon-ngu-anh,D01,Điểm thi THPT,2023,20.0,Ngôn ngữ Anh
97391,HVN,ngon-ngu-anh,D07,Điểm thi THPT,2023,20.0,Ngôn ngữ Anh
97392,HVN,ngon-ngu-anh,D14,Điểm thi THPT,2023,20.0,Ngôn ngữ Anh
97393,HVN,ngon-ngu-anh,D15,Điểm thi THPT,2023,20.0,Ngôn ngữ Anh
97394,HVN,ngon-ngu-anh,D01,Điểm học bạ,2024,22.0,Ngôn ngữ Anh
97395,HVN,ngon-ngu-anh,D07,Điểm học bạ,2024,22.0,Ngôn ngữ Anh
97396,HVN,ngon-ngu-anh,D14,Điểm học bạ,2024,22.0,Ngôn ngữ Anh
97397,HVN,ngon-ngu-anh,D15,Điểm học bạ,2024,22.0,Ngôn ngữ Anh
97398,HVN,ngon-ngu-anh,D01,Điểm thi THPT,2024,18.0,Ngôn ngữ Anh
97399,HVN,ngon-ngu-anh,D07,Điểm thi THPT,2024,18.0,Ngôn ngữ Anh
97400,HVN,ngon-ngu-anh,D14,Điểm thi THPT,2024,18.0,Ngôn ngữ Anh
97401,HVN,ngon-ngu-anh,D15,Điểm thi THPT,2024,18.0,Ngôn ngữ Anh
97402,HVN,ngon-ngu-anh,A01,Điểm học bạ,2025,24.2,Ngôn ngữ Anh
97403,HVN,ngon-ngu-anh,D01,Điểm học bạ,2025,24.2,Ngôn ngữ Anh
97404,HVN,ngon-ngu-anh,D09,Điểm học bạ,2025,24.2,Ngôn ngữ Anh
97405,HVN,ngon-ngu-anh,D10,Điểm học bạ,2025,24.2,Ngôn ngữ Anh
97406,HVN,ngon-ngu-anh,D11,Điểm học bạ,2025,24.2,Ngôn ngữ Anh
97407,HVN,ngon-ngu-anh,D14,Điểm học bạ,2025,24.2,Ngôn ngữ Anh
97408,HVN,ngon-ngu-anh,D15,Điểm học bạ,2025,24.2,Ngôn ngữ Anh
97409,HVN,ngon-ngu-anh,X25,Điểm học bạ,2025,24.2,Ngôn ngữ Anh
97410,HVN,ngon-ngu-anh,X78,Điểm học bạ,2025,24.2,Ngôn ngữ Anh
97411,HVN,ngon-ngu-anh,A01,Điểm thi THPT,2025,21.2,Ngôn ngữ Anh
97412,HVN,ngon-ngu-anh,D01,Điểm thi THPT,2025,21.2,Ngôn ngữ Anh
97413,HVN,ngon-ngu-anh,D09,Điểm thi THPT,2025,21.2,Ngôn ngữ Anh
97414,HVN,ngon-ngu-anh,D10,Điểm thi THPT,2025,21.2,Ngôn ngữ Anh
97415,HVN,ngon-ngu-anh,D11,Điểm thi THPT,2025,21.2,Ngôn ngữ Anh
97416,HVN,ngon-ngu-anh,D14,Điểm thi THPT,2025,21.2,Ngôn ngữ Anh
97417,HVN,ngon-ngu-anh,D15,Điểm thi THPT,2025,21.2,Ngôn ngữ Anh
97418,HVN,ngon-ngu-anh,X25,Điểm thi THPT,2025,21.2,Ngôn ngữ Anh
97419,HVN,ngon-ngu-anh,X78,Điểm thi THPT,2025,21.2,Ngôn ngữ Anh
97420,HVN,nong-nghiep,A00,Điểm thi THPT,2022,15.0,Nông nghiệp
97421,HVN,nong-nghiep,B00,Điểm thi THPT,2022,15.0,Nông nghiệp
97422,HVN,nong-nghiep,B08,Điểm thi THPT,2022,15.0,Nông nghiệp
97423,HVN,nong-nghiep,D01,Điểm thi THPT,2022,15.0,Nông nghiệp
97424,HVN,nong-nghiep-cong-nghe-cao,A00,Điểm thi THPT,2021,18.0,Nông nghiệp công nghệ cao
97425,HVN,nong-nghiep-cong-nghe-cao,B00,Điểm thi THPT,2021,18.0,Nông nghiệp công nghệ cao
97426,HVN,nong-nghiep-cong-nghe-cao,B08,Điểm thi THPT,2021,18.0,Nông nghiệp công nghệ cao
97427,HVN,nong-nghiep-cong-nghe-cao,D01,Điểm thi THPT,2021,18.0,Nông nghiệp công nghệ cao
97428,HVN,nong-nghiep-cong-nghe-cao,A00,Điểm thi THPT,2022,16.0,Nông nghiệp công nghệ cao
97429,HVN,nong-nghiep-cong-nghe-cao,B00,Điểm thi THPT,2022,16.0,Nông nghiệp công nghệ cao
97430,HVN,nong-nghiep-cong-nghe-cao,B08,Điểm thi THPT,2022,16.0,Nông nghiệp công nghệ cao
97431,HVN,nong-nghiep-cong-nghe-cao,D01,Điểm thi THPT,2022,16.0,Nông nghiệp công nghệ cao
97432,HVN,nong-nghiep-sinh-thai-va-nong-nghiep-do-thi,A00,Điểm thi THPT,2023,17.0,Nông nghiệp sinh thái và Nông nghiệp đô thị
97433,HVN,nong-nghiep-sinh-thai-va-nong-nghiep-do-thi,A09,Điểm thi THPT,2023,17.0,Nông nghiệp sinh thái và Nông nghiệp đô thị
97434,HVN,nong-nghiep-sinh-thai-va-nong-nghiep-do-thi,B00,Điểm thi THPT,2023,17.0,Nông nghiệp sinh thái và Nông nghiệp đô thị
97435,HVN,nong-nghiep-sinh-thai-va-nong-nghiep-do-thi,D01,Điểm thi THPT,2023,17.0,Nông nghiệp sinh thái và Nông nghiệp đô thị
97436,HVN,nong-nghiep-sinh-thai-va-nong-nghiep-do-thi,A00,Điểm học bạ,2024,22.0,Nông nghiệp sinh thái và Nông nghiệp đô thị
97437,HVN,nong-nghiep-sinh-thai-va-nong-nghiep-do-thi,A09,Điểm học bạ,2024,22.0,Nông nghiệp sinh thái và Nông nghiệp đô thị
97438,HVN,nong-nghiep-sinh-thai-va-nong-nghiep-do-thi,B00,Điểm học bạ,2024,22.0,Nông nghiệp sinh thái và Nông nghiệp đô thị
97439,HVN,nong-nghiep-sinh-thai-va-nong-nghiep-do-thi,D01,Điểm học bạ,2024,22.0,Nông nghiệp sinh thái và Nông nghiệp đô thị
97440,HVN,nong-nghiep-sinh-thai-va-nong-nghiep-do-thi,A00,Điểm thi THPT,2024,17.0,Nông nghiệp sinh thái và Nông nghiệp đô thị
97441,HVN,nong-nghiep-sinh-thai-va-nong-nghiep-do-thi,A09,Điểm thi THPT,2024,17.0,Nông nghiệp sinh thái và Nông nghiệp đô thị
97442,HVN,nong-nghiep-sinh-thai-va-nong-nghiep-do-thi,B00,Điểm thi THPT,2024,17.0,Nông nghiệp sinh thái và Nông nghiệp đô thị
97443,HVN,nong-nghiep-sinh-thai-va-nong-nghiep-do-thi,D01,Điểm thi THPT,2024,17.0,Nông nghiệp sinh thái và Nông nghiệp đô thị
97444,HVN,nong-nghiep-va-canh-quan,A00,Điểm học bạ,2025,20.0,Nông nghiệp và Cảnh quan
97445,HVN,nong-nghiep-va-canh-quan,A01,Điểm học bạ,2025,20.0,Nông nghiệp và Cảnh quan
97446,HVN,nong-nghiep-va-canh-quan,B00,Điểm học bạ,2025,20.0,Nông nghiệp và Cảnh quan
97447,HVN,nong-nghiep-va-canh-quan,C03,Điểm học bạ,2025,20.0,Nông nghiệp và Cảnh quan
97448,HVN,nong-nghiep-va-canh-quan,C04,Điểm học bạ,2025,20.0,Nông nghiệp và Cảnh quan
97449,HVN,nong-nghiep-va-canh-quan,D01,Điểm học bạ,2025,20.0,Nông nghiệp và Cảnh quan
97450,HVN,nong-nghiep-va-canh-quan,D07,Điểm học bạ,2025,20.0,Nông nghiệp và Cảnh quan
97451,HVN,nong-nghiep-va-canh-quan,X01,Điểm học bạ,2025,20.0,Nông nghiệp và Cảnh quan
97452,HVN,nong-nghiep-va-canh-quan,X07,Điểm học bạ,2025,20.0,Nông nghiệp và Cảnh quan
97453,HVN,nong-nghiep-va-canh-quan,X08,Điểm học bạ,2025,20.0,Nông nghiệp và Cảnh quan
97454,HVN,nong-nghiep-va-canh-quan,A00,Điểm thi THPT,2025,17.0,Nông nghiệp và Cảnh quan
97455,HVN,nong-nghiep-va-canh-quan,A01,Điểm thi THPT,2025,17.0,Nông nghiệp và Cảnh quan
97456,HVN,nong-nghiep-va-canh-quan,B00,Điểm thi THPT,2025,17.0,Nông nghiệp và Cảnh quan
97457,HVN,nong-nghiep-va-canh-quan,C03,Điểm thi THPT,2025,17.0,Nông nghiệp và Cảnh quan
97458,HVN,nong-nghiep-va-canh-quan,C04,Điểm thi THPT,2025,17.0,Nông nghiệp và Cảnh quan
97459,HVN,nong-nghiep-va-canh-quan,D01,Điểm thi THPT,2025,17.0,Nông nghiệp và Cảnh quan
97460,HVN,nong-nghiep-va-canh-quan,D07,Điểm thi THPT,2025,17.0,Nông nghiệp và Cảnh quan
97461,HVN,nong-nghiep-va-canh-quan,X01,Điểm thi THPT,2025,17.0,Nông nghiệp và Cảnh quan
97462,HVN,nong-nghiep-va-canh-quan,X07,Điểm thi THPT,2025,17.0,Nông nghiệp và Cảnh quan
97463,HVN,nong-nghiep-va-canh-quan,X08,Điểm thi THPT,2025,17.0,Nông nghiệp và Cảnh quan
97464,HVN,nuoi-trong-thuy-san,A00,Điểm thi THPT,2022,15.0,Nuôi trồng thủy sản
97465,HVN,nuoi-trong-thuy-san,B00,Điểm thi THPT,2022,15.0,Nuôi trồng thủy sản
97466,HVN,nuoi-trong-thuy-san,D01,Điểm thi THPT,2022,15.0,Nuôi trồng thủy sản
97467,HVN,nuoi-trong-thuy-san,D07,Điểm thi THPT,2022,15.0,Nuôi trồng thủy sản
97468,HVN,quan-ly-bat-dong-san,A00,Điểm thi THPT,2022,15.0,Quản lý bất động sản
97469,HVN,quan-ly-bat-dong-san,A01,Điểm thi THPT,2022,15.0,Quản lý bất động sản
97470,HVN,quan-ly-bat-dong-san,B00,Điểm thi THPT,2022,15.0,Quản lý bất động sản
97471,HVN,quan-ly-bat-dong-san,D01,Điểm thi THPT,2022,15.0,Quản lý bất động sản
97472,HVN,quan-ly-dat-dai,A00,Điểm thi THPT,2022,15.0,Quản lý đất đai
97473,HVN,quan-ly-dat-dai,A01,Điểm thi THPT,2022,15.0,Quản lý đất đai
97474,HVN,quan-ly-dat-dai,B00,Điểm thi THPT,2022,15.0,Quản lý đất đai
97475,HVN,quan-ly-dat-dai,D01,Điểm thi THPT,2022,15.0,Quản lý đất đai
97476,HVN,quan-ly-dat-dai-bat-dong-san-va-moi-truong,A00,Điểm thi THPT,2023,17.0,"Quản lý đất đai, Bất động sản và Môi trường"
97477,HVN,quan-ly-dat-dai-bat-dong-san-va-moi-truong,A01,Điểm thi THPT,2023,17.0,"Quản lý đất đai, Bất động sản và Môi trường"
97478,HVN,quan-ly-dat-dai-bat-dong-san-va-moi-truong,B00,Điểm thi THPT,2023,17.0,"Quản lý đất đai, Bất động sản và Môi trường"
97479,HVN,quan-ly-dat-dai-bat-dong-san-va-moi-truong,D01,Điểm thi THPT,2023,17.0,"Quản lý đất đai, Bất động sản và Môi trường"
97480,HVN,quan-ly-dat-dai-bat-dong-san-va-moi-truong,A00,Điểm học bạ,2024,22.0,"Quản lý đất đai, Bất động sản và Môi trường"
97481,HVN,quan-ly-dat-dai-bat-dong-san-va-moi-truong,A01,Điểm học bạ,2024,22.0,"Quản lý đất đai, Bất động sản và Môi trường"
97482,HVN,quan-ly-dat-dai-bat-dong-san-va-moi-truong,B00,Điểm học bạ,2024,22.0,"Quản lý đất đai, Bất động sản và Môi trường"
97483,HVN,quan-ly-dat-dai-bat-dong-san-va-moi-truong,D01,Điểm học bạ,2024,22.0,"Quản lý đất đai, Bất động sản và Môi trường"
97484,HVN,quan-ly-dat-dai-bat-dong-san-va-moi-truong,A00,Điểm thi THPT,2024,16.5,"Quản lý đất đai, Bất động sản và Môi trường"
97485,HVN,quan-ly-dat-dai-bat-dong-san-va-moi-truong,A01,Điểm thi THPT,2024,16.5,"Quản lý đất đai, Bất động sản và Môi trường"
97486,HVN,quan-ly-dat-dai-bat-dong-san-va-moi-truong,B00,Điểm thi THPT,2024,16.5,"Quản lý đất đai, Bất động sản và Môi trường"
97487,HVN,quan-ly-dat-dai-bat-dong-san-va-moi-truong,D01,Điểm thi THPT,2024,16.5,"Quản lý đất đai, Bất động sản và Môi trường"
97488,HVN,quan-ly-dat-dai-bat-dong-san-va-moi-truong,A00,Điểm học bạ,2025,21.3,"Quản lý đất đai, Bất động sản và Môi trường"
97489,HVN,quan-ly-dat-dai-bat-dong-san-va-moi-truong,A01,Điểm học bạ,2025,21.3,"Quản lý đất đai, Bất động sản và Môi trường"
97490,HVN,quan-ly-dat-dai-bat-dong-san-va-moi-truong,A07,Điểm học bạ,2025,21.3,"Quản lý đất đai, Bất động sản và Môi trường"
97491,HVN,quan-ly-dat-dai-bat-dong-san-va-moi-truong,C01,Điểm học bạ,2025,21.3,"Quản lý đất đai, Bất động sản và Môi trường"
97492,HVN,quan-ly-dat-dai-bat-dong-san-va-moi-truong,C02,Điểm học bạ,2025,21.3,"Quản lý đất đai, Bất động sản và Môi trường"
97493,HVN,quan-ly-dat-dai-bat-dong-san-va-moi-truong,C03,Điểm học bạ,2025,21.3,"Quản lý đất đai, Bất động sản và Môi trường"
97494,HVN,quan-ly-dat-dai-bat-dong-san-va-moi-truong,C04,Điểm học bạ,2025,21.3,"Quản lý đất đai, Bất động sản và Môi trường"
97495,HVN,quan-ly-dat-dai-bat-dong-san-va-moi-truong,D01,Điểm học bạ,2025,21.3,"Quản lý đất đai, Bất động sản và Môi trường"
97496,HVN,quan-ly-dat-dai-bat-dong-san-va-moi-truong,X01,Điểm học bạ,2025,21.3,"Quản lý đất đai, Bất động sản và Môi trường"
97497,HVN,quan-ly-dat-dai-bat-dong-san-va-moi-truong,A00,Điểm thi THPT,2025,18.3,"Quản lý đất đai, Bất động sản và Môi trường"
97498,HVN,quan-ly-dat-dai-bat-dong-san-va-moi-truong,A01,Điểm thi THPT,2025,18.3,"Quản lý đất đai, Bất động sản và Môi trường"
97499,HVN,quan-ly-dat-dai-bat-dong-san-va-moi-truong,A07,Điểm thi THPT,2025,18.3,"Quản lý đất đai, Bất động sản và Môi trường"
97500,HVN,quan-ly-dat-dai-bat-dong-san-va-moi-truong,C01,Điểm thi THPT,2025,18.3,"Quản lý đất đai, Bất động sản và Môi trường"
97501,HVN,quan-ly-dat-dai-bat-dong-san-va-moi-truong,C02,Điểm thi THPT,2025,18.3,"Quản lý đất đai, Bất động sản và Môi trường"
97502,HVN,quan-ly-dat-dai-bat-dong-san-va-moi-truong,C03,Điểm thi THPT,2025,18.3,"Quản lý đất đai, Bất động sản và Môi trường"
97503,HVN,quan-ly-dat-dai-bat-dong-san-va-moi-truong,C04,Điểm thi THPT,2025,18.3,"Quản lý đất đai, Bất động sản và Môi trường"
97504,HVN,quan-ly-dat-dai-bat-dong-san-va-moi-truong,D01,Điểm thi THPT,2025,18.3,"Quản lý đất đai, Bất động sản và Môi trường"
97505,HVN,quan-ly-dat-dai-bat-dong-san-va-moi-truong,X01,Điểm thi THPT,2025,18.3,"Quản lý đất đai, Bất động sản và Môi trường"
97506,HVN,quan-ly-dat-dai-va-bat-dong-san,A00,Điểm thi THPT,2021,15.0,Quản lý đất đai và bất động sản
97507,HVN,quan-ly-dat-dai-va-bat-dong-san,A01,Điểm thi THPT,2021,15.0,Quản lý đất đai và bất động sản
97508,HVN,quan-ly-dat-dai-va-bat-dong-san,B00,Điểm thi THPT,2021,15.0,Quản lý đất đai và bất động sản
97509,HVN,quan-ly-dat-dai-va-bat-dong-san,D01,Điểm thi THPT,2021,15.0,Quản lý đất đai và bất động sản
97510,HVN,quan-ly-kinh-te,A00,Điểm thi THPT,2022,16.0,Quản lý kinh tế
97511,HVN,quan-ly-kinh-te,C04,Điểm thi THPT,2022,16.0,Quản lý kinh tế
97512,HVN,quan-ly-kinh-te,D01,Điểm thi THPT,2022,16.0,Quản lý kinh tế
97513,HVN,quan-ly-kinh-te,D10,Điểm thi THPT,2022,16.0,Quản lý kinh tế
97514,HVN,quan-ly-tai-nguyen-va-moi-truong,A00,Điểm thi THPT,2022,15.0,Quản lý tài nguyên và môi trường
97515,HVN,quan-ly-tai-nguyen-va-moi-truong,A01,Điểm thi THPT,2022,15.0,Quản lý tài nguyên và môi trường
97516,HVN,quan-ly-tai-nguyen-va-moi-truong,B00,Điểm thi THPT,2022,15.0,Quản lý tài nguyên và môi trường
97517,HVN,quan-ly-tai-nguyen-va-moi-truong,D01,Điểm thi THPT,2022,15.0,Quản lý tài nguyên và môi trường
97518,HVN,quan-ly-va-phat-trien-du-lich,A00,Điểm thi THPT,2022,16.5,Quản lý và phát triển du lịch
97519,HVN,quan-ly-va-phat-trien-du-lich,A09,Điểm thi THPT,2022,16.5,Quản lý và phát triển du lịch
97520,HVN,quan-ly-va-phat-trien-du-lich,C20,Điểm thi THPT,2022,16.5,Quản lý và phát triển du lịch
97521,HVN,quan-ly-va-phat-trien-du-lich,D01,Điểm thi THPT,2022,16.5,Quản lý và phát triển du lịch
97522,HVN,quan-ly-va-phat-trien-nguon-nhan-luc,A00,Điểm thi THPT,2022,16.5,Quản lý và phát triển nguồn nhân lực
97523,HVN,quan-ly-va-phat-trien-nguon-nhan-luc,A09,Điểm thi THPT,2022,16.5,Quản lý và phát triển nguồn nhân lực
97524,HVN,quan-ly-va-phat-trien-nguon-nhan-luc,C20,Điểm thi THPT,2022,16.5,Quản lý và phát triển nguồn nhân lực
97525,HVN,quan-ly-va-phat-trien-nguon-nhan-luc,D01,Điểm thi THPT,2022,16.5,Quản lý và phát triển nguồn nhân lực
97526,HVN,quan-tri-kinh-doanh,A00,Điểm thi THPT,2022,16.5,Quản trị kinh doanh
97527,HVN,quan-tri-kinh-doanh,A09,Điểm thi THPT,2022,16.5,Quản trị kinh doanh
97528,HVN,quan-tri-kinh-doanh,C20,Điểm thi THPT,2022,16.5,Quản trị kinh doanh
97529,HVN,quan-tri-kinh-doanh,D01,Điểm thi THPT,2022,16.5,Quản trị kinh doanh
97530,HVN,quan-tri-kinh-doanh-thuong-mai-va-du-lich,A00,Điểm thi THPT,2023,22.5,"Quản trị kinh doanh, Thương mại và Du lịch"
97531,HVN,quan-tri-kinh-doanh-thuong-mai-va-du-lich,A09,Điểm thi THPT,2023,22.5,"Quản trị kinh doanh, Thương mại và Du lịch"
97532,HVN,quan-tri-kinh-doanh-thuong-mai-va-du-lich,C20,Điểm thi THPT,2023,22.5,"Quản trị kinh doanh, Thương mại và Du lịch"
97533,HVN,quan-tri-kinh-doanh-thuong-mai-va-du-lich,D01,Điểm thi THPT,2023,22.5,"Quản trị kinh doanh, Thương mại và Du lịch"
97534,HVN,quan-tri-kinh-doanh-thuong-mai-va-du-lich,A00,Điểm học bạ,2024,22.0,"Quản trị kinh doanh, Thương mại và Du lịch"
97535,HVN,quan-tri-kinh-doanh-thuong-mai-va-du-lich,A09,Điểm học bạ,2024,22.0,"Quản trị kinh doanh, Thương mại và Du lịch"
97536,HVN,quan-tri-kinh-doanh-thuong-mai-va-du-lich,C20,Điểm học bạ,2024,22.0,"Quản trị kinh doanh, Thương mại và Du lịch"
97537,HVN,quan-tri-kinh-doanh-thuong-mai-va-du-lich,D01,Điểm học bạ,2024,22.0,"Quản trị kinh doanh, Thương mại và Du lịch"
97538,HVN,quan-tri-kinh-doanh-thuong-mai-va-du-lich,A00,Điểm thi THPT,2024,18.0,"Quản trị kinh doanh, Thương mại và Du lịch"
97539,HVN,quan-tri-kinh-doanh-thuong-mai-va-du-lich,A09,Điểm thi THPT,2024,18.0,"Quản trị kinh doanh, Thương mại và Du lịch"
97540,HVN,quan-tri-kinh-doanh-thuong-mai-va-du-lich,C20,Điểm thi THPT,2024,18.0,"Quản trị kinh doanh, Thương mại và Du lịch"
97541,HVN,quan-tri-kinh-doanh-thuong-mai-va-du-lich,D01,Điểm thi THPT,2024,18.0,"Quản trị kinh doanh, Thương mại và Du lịch"
97542,HVN,quan-tri-kinh-doanh-va-du-lich,A00,Điểm thi THPT,2021,16.0,Quản trị kinh doanh và du lịch
97543,HVN,quan-tri-kinh-doanh-va-du-lich,A09,Điểm thi THPT,2021,16.0,Quản trị kinh doanh và du lịch
97544,HVN,quan-tri-kinh-doanh-va-du-lich,C20,Điểm thi THPT,2021,16.0,Quản trị kinh doanh và du lịch
97545,HVN,quan-tri-kinh-doanh-va-du-lich,D01,Điểm thi THPT,2021,16.0,Quản trị kinh doanh và du lịch
97546,HVN,su-pham-cong-nghe,A00,Điểm thi THPT,2021,19.0,Sư phạm Công nghệ
97547,HVN,su-pham-cong-nghe,A01,Điểm thi THPT,2021,19.0,Sư phạm Công nghệ
97548,HVN,su-pham-cong-nghe,B00,Điểm thi THPT,2021,19.0,Sư phạm Công nghệ
97549,HVN,su-pham-cong-nghe,D01,Điểm thi THPT,2021,19.0,Sư phạm Công nghệ
97550,HVN,su-pham-cong-nghe,A00,Điểm thi THPT,2022,19.0,Sư phạm Công nghệ
97551,HVN,su-pham-cong-nghe,A01,Điểm thi THPT,2022,19.0,Sư phạm Công nghệ
97552,HVN,su-pham-cong-nghe,B00,Điểm thi THPT,2022,19.0,Sư phạm Công nghệ
97553,HVN,su-pham-cong-nghe,D01,Điểm thi THPT,2022,19.0,Sư phạm Công nghệ
97554,HVN,su-pham-cong-nghe,A00,Điểm thi THPT,2023,19.0,Sư phạm công nghệ
97555,HVN,su-pham-cong-nghe,A01,Điểm thi THPT,2023,19.0,Sư phạm công nghệ
97556,HVN,su-pham-cong-nghe,B00,Điểm thi THPT,2023,19.0,Sư phạm công nghệ
97557,HVN,su-pham-cong-nghe,D01,Điểm thi THPT,2023,19.0,Sư phạm công nghệ
97558,HVN,su-pham-cong-nghe,A00,Điểm học bạ,2024,25.0,Sư phạm công nghệ
97559,HVN,su-pham-cong-nghe,A01,Điểm học bạ,2024,25.0,Sư phạm công nghệ
97560,HVN,su-pham-cong-nghe,B00,Điểm học bạ,2024,25.0,Sư phạm công nghệ
97561,HVN,su-pham-cong-nghe,D01,Điểm học bạ,2024,25.0,Sư phạm công nghệ
97562,HVN,su-pham-cong-nghe,A00,Điểm thi THPT,2024,22.25,Sư phạm công nghệ
97563,HVN,su-pham-cong-nghe,A01,Điểm thi THPT,2024,22.25,Sư phạm công nghệ
97564,HVN,su-pham-cong-nghe,B00,Điểm thi THPT,2024,22.25,Sư phạm công nghệ
97565,HVN,su-pham-cong-nghe,D01,Điểm thi THPT,2024,22.25,Sư phạm công nghệ
97566,HVN,su-pham-cong-nghe,A00,Điểm học bạ,2025,27.1,Sư phạm Công nghệ
97567,HVN,su-pham-cong-nghe,A01,Điểm học bạ,2025,27.1,Sư phạm Công nghệ
97568,HVN,su-pham-cong-nghe,B00,Điểm học bạ,2025,27.1,Sư phạm Công nghệ
97569,HVN,su-pham-cong-nghe,C01,Điểm học bạ,2025,27.1,Sư phạm Công nghệ
97570,HVN,su-pham-cong-nghe,C02,Điểm học bạ,2025,27.1,Sư phạm Công nghệ
97571,HVN,su-pham-cong-nghe,C03,Điểm học bạ,2025,27.1,Sư phạm Công nghệ
97572,HVN,su-pham-cong-nghe,D01,Điểm học bạ,2025,27.1,Sư phạm Công nghệ
97573,HVN,su-pham-cong-nghe,X03,Điểm học bạ,2025,27.1,Sư phạm Công nghệ
97574,HVN,su-pham-cong-nghe,X04,Điểm học bạ,2025,27.1,Sư phạm Công nghệ
97575,HVN,su-pham-cong-nghe,X07,Điểm học bạ,2025,27.1,Sư phạm Công nghệ
97576,HVN,su-pham-cong-nghe,X08,Điểm học bạ,2025,27.1,Sư phạm Công nghệ
97577,HVN,su-pham-cong-nghe,A00,Điểm thi THPT,2025,24.1,Sư phạm Công nghệ
97578,HVN,su-pham-cong-nghe,A01,Điểm thi THPT,2025,24.1,Sư phạm Công nghệ
97579,HVN,su-pham-cong-nghe,B00,Điểm thi THPT,2025,24.1,Sư phạm Công nghệ
97580,HVN,su-pham-cong-nghe,C01,Điểm thi THPT,2025,24.1,Sư phạm Công nghệ
97581,HVN,su-pham-cong-nghe,C02,Điểm thi THPT,2025,24.1,Sư phạm Công nghệ
97582,HVN,su-pham-cong-nghe,C03,Điểm thi THPT,2025,24.1,Sư phạm Công nghệ
97583,HVN,su-pham-cong-nghe,D01,Điểm thi THPT,2025,24.1,Sư phạm Công nghệ
97584,HVN,su-pham-cong-nghe,X03,Điểm thi THPT,2025,24.1,Sư phạm Công nghệ
97585,HVN,su-pham-cong-nghe,X04,Điểm thi THPT,2025,24.1,Sư phạm Công nghệ
97586,HVN,su-pham-cong-nghe,X07,Điểm thi THPT,2025,24.1,Sư phạm Công nghệ
97587,HVN,su-pham-cong-nghe,X08,Điểm thi THPT,2025,24.1,Sư phạm Công nghệ
97588,HVN,su-pham-ky-thuat-nong-nghiep,A00,Điểm thi THPT,2022,19.0,Sư phạm Kỹ thuật nông nghiệp
97589,HVN,su-pham-ky-thuat-nong-nghiep,A01,Điểm thi THPT,2022,19.0,Sư phạm Kỹ thuật nông nghiệp
97590,HVN,su-pham-ky-thuat-nong-nghiep,B00,Điểm thi THPT,2022,19.0,Sư phạm Kỹ thuật nông nghiệp
97591,HVN,su-pham-ky-thuat-nong-nghiep,D01,Điểm thi THPT,2022,19.0,Sư phạm Kỹ thuật nông nghiệp
97592,HVN,tai-chinh-ngan-hang,A00,Điểm thi THPT,2022,17.0,Tài chính - Ngân hàng
97593,HVN,tai-chinh-ngan-hang,A09,Điểm thi THPT,2022,17.0,Tài chính - Ngân hàng
97594,HVN,tai-chinh-ngan-hang,C20,Điểm thi THPT,2022,17.0,Tài chính - Ngân hàng
97595,HVN,tai-chinh-ngan-hang,D01,Điểm thi THPT,2022,17.0,Tài chính - Ngân hàng
97596,HVN,thu-y,A00,Điểm thi THPT,2021,15.5,Thú y
97597,HVN,thu-y,A01,Điểm thi THPT,2021,15.5,Thú y
97598,HVN,thu-y,B00,Điểm thi THPT,2021,15.5,Thú y
97599,HVN,thu-y,D01,Điểm thi THPT,2021,15.5,Thú y
97600,HVN,thu-y,A00,Điểm thi THPT,2022,17.0,Thú y
97601,HVN,thu-y,A01,Điểm thi THPT,2022,17.0,Thú y
97602,HVN,thu-y,B00,Điểm thi THPT,2022,17.0,Thú y
97603,HVN,thu-y,D01,Điểm thi THPT,2022,17.0,Thú y
97604,HVN,thu-y,A00,Điểm thi THPT,2023,19.0,Thú y
97605,HVN,thu-y,A01,Điểm thi THPT,2023,19.0,Thú y
97606,HVN,thu-y,B00,Điểm thi THPT,2023,19.0,Thú y
97607,HVN,thu-y,D01,Điểm thi THPT,2023,19.0,Thú y
97608,HVN,thu-y,A00,Điểm học bạ,2024,24.0,Thú y
97609,HVN,thu-y,A01,Điểm học bạ,2024,24.0,Thú y
97610,HVN,thu-y,B00,Điểm học bạ,2024,24.0,Thú y
97611,HVN,thu-y,D01,Điểm học bạ,2024,24.0,Thú y
97612,HVN,thu-y,A00,Điểm thi THPT,2024,19.0,Thú y
97613,HVN,thu-y,A01,Điểm thi THPT,2024,19.0,Thú y
97614,HVN,thu-y,B00,Điểm thi THPT,2024,19.0,Thú y
97615,HVN,thu-y,D01,Điểm thi THPT,2024,19.0,Thú y
97616,HVN,thu-y,A00,Điểm học bạ,2025,23.5,Thú y
97617,HVN,thu-y,A01,Điểm học bạ,2025,23.5,Thú y
97618,HVN,thu-y,B00,Điểm học bạ,2025,23.5,Thú y
97619,HVN,thu-y,C03,Điểm học bạ,2025,23.5,Thú y
97620,HVN,thu-y,C04,Điểm học bạ,2025,23.5,Thú y
97621,HVN,thu-y,D01,Điểm học bạ,2025,23.5,Thú y
97622,HVN,thu-y,D07,Điểm học bạ,2025,23.5,Thú y
97623,HVN,thu-y,X01,Điểm học bạ,2025,23.5,Thú y
97624,HVN,thu-y,X07,Điểm học bạ,2025,23.5,Thú y
97625,HVN,thu-y,X08,Điểm học bạ,2025,23.5,Thú y
97626,HVN,thu-y,A00,Điểm thi THPT,2025,20.5,Thú y
97627,HVN,thu-y,A01,Điểm thi THPT,2025,20.5,Thú y
97628,HVN,thu-y,B00,Điểm thi THPT,2025,20.5,Thú y
97629,HVN,thu-y,C03,Điểm thi THPT,2025,20.5,Thú y
97630,HVN,thu-y,C04,Điểm thi THPT,2025,20.5,Thú y
97631,HVN,thu-y,D01,Điểm thi THPT,2025,20.5,Thú y
97632,HVN,thu-y,D07,Điểm thi THPT,2025,20.5,Thú y
97633,HVN,thu-y,X01,Điểm thi THPT,2025,20.5,Thú y
97634,HVN,thu-y,X07,Điểm thi THPT,2025,20.5,Thú y
97635,HVN,thu-y,X08,Điểm thi THPT,2025,20.5,Thú y
97636,HVN,thuong-mai-dien-tu,A00,Điểm thi THPT,2022,16.5,Thương mại điện tử
97637,HVN,thuong-mai-dien-tu,A09,Điểm thi THPT,2022,16.5,Thương mại điện tử
97638,HVN,thuong-mai-dien-tu,C20,Điểm thi THPT,2022,16.5,Thương mại điện tử
97639,HVN,thuong-mai-dien-tu,D01,Điểm thi THPT,2022,16.5,Thương mại điện tử
97640,HVN,thuy-san,A00,Điểm thi THPT,2021,15.0,Thủy sản
97641,HVN,thuy-san,B00,Điểm thi THPT,2021,15.0,Thủy sản
97642,HVN,thuy-san,D01,Điểm thi THPT,2021,15.0,Thủy sản
97643,HVN,thuy-san,D07,Điểm thi THPT,2021,15.0,Thủy sản
97644,HVN,trong-trot-va-bao-ve-thuc-vat,A00,Điểm thi THPT,2021,15.0,Trồng trọt và Bảo vệ thực vật
97645,HVN,trong-trot-va-bao-ve-thuc-vat,B00,Điểm thi THPT,2021,15.0,Trồng trọt và Bảo vệ thực vật
97646,HVN,trong-trot-va-bao-ve-thuc-vat,B08,Điểm thi THPT,2021,15.0,Trồng trọt và Bảo vệ thực vật
97647,HVN,trong-trot-va-bao-ve-thuc-vat,D01,Điểm thi THPT,2021,15.0,Trồng trọt và Bảo vệ thực vật
97648,HVN,xa-hoi-hoc,A00,Điểm thi THPT,2021,15.0,Xã hội học
97649,HVN,xa-hoi-hoc,C00,Điểm thi THPT,2021,15.0,Xã hội học
97650,HVN,xa-hoi-hoc,C20,Điểm thi THPT,2021,15.0,Xã hội học
97651,HVN,xa-hoi-hoc,D01,Điểm thi THPT,2021,15.0,Xã hội học
97652,HVN,xa-hoi-hoc,A00,Điểm thi THPT,2022,15.0,Xã hội học
97653,HVN,xa-hoi-hoc,C00,Điểm thi THPT,2022,15.0,Xã hội học
97654,HVN,xa-hoi-hoc,C20,Điểm thi THPT,2022,15.0,Xã hội học
97655,HVN,xa-hoi-hoc,D01,Điểm thi THPT,2022,15.0,Xã hội học
97656,HVN,xa-hoi-hoc,A09,Điểm thi THPT,2023,17.0,Xã hội học
97657,HVN,xa-hoi-hoc,C00,Điểm thi THPT,2023,17.0,Xã hội học
97658,HVN,xa-hoi-hoc,C20,Điểm thi THPT,2023,17.0,Xã hội học
97659,HVN,xa-hoi-hoc,D01,Điểm thi THPT,2023,17.0,Xã hội học
97660,HVN,xa-hoi-hoc,A00,Điểm học bạ,2024,22.0,Xã hội học
97661,HVN,xa-hoi-hoc,C00,Điểm học bạ,2024,22.0,Xã hội học
97662,HVN,xa-hoi-hoc,C20,Điểm học bạ,2024,22.0,Xã hội học
97663,HVN,xa-hoi-hoc,D01,Điểm học bạ,2024,22.0,Xã hội học
97664,HVN,xa-hoi-hoc,A09,Điểm thi THPT,2024,18.0,Xã hội học
97665,HVN,xa-hoi-hoc,C00,Điểm thi THPT,2024,18.0,Xã hội học
97666,HVN,xa-hoi-hoc,C20,Điểm thi THPT,2024,18.0,Xã hội học
97667,HVN,xa-hoi-hoc,D01,Điểm thi THPT,2024,18.0,Xã hội học
97668,HVN,xa-hoi-hoc,C00,Điểm học bạ,2025,25.0,Xã hội học
97669,HVN,xa-hoi-hoc,C01,Điểm học bạ,2025,25.0,Xã hội học
97670,HVN,xa-hoi-hoc,C03,Điểm học bạ,2025,25.0,Xã hội học
97671,HVN,xa-hoi-hoc,D01,Điểm học bạ,2025,25.0,Xã hội học
97672,HVN,xa-hoi-hoc,D14,Điểm học bạ,2025,25.0,Xã hội học
97673,HVN,xa-hoi-hoc,D15,Điểm học bạ,2025,25.0,Xã hội học
97674,HVN,xa-hoi-hoc,X03,Điểm học bạ,2025,25.0,Xã hội học
97675,HVN,xa-hoi-hoc,X04,Điểm học bạ,2025,25.0,Xã hội học
97676,HVN,xa-hoi-hoc,X70,Điểm học bạ,2025,25.0,Xã hội học
97677,HVN,xa-hoi-hoc,X74,Điểm học bạ,2025,25.0,Xã hội học
97678,HVN,xa-hoi-hoc,C00,Điểm thi THPT,2025,22.0,Xã hội học
97679,HVN,xa-hoi-hoc,C01,Điểm thi THPT,2025,22.0,Xã hội học
97680,HVN,xa-hoi-hoc,C03,Điểm thi THPT,2025,22.0,Xã hội học
97681,HVN,xa-hoi-hoc,D01,Điểm thi THPT,2025,22.0,Xã hội học
97682,HVN,xa-hoi-hoc,D14,Điểm thi THPT,2025,22.0,Xã hội học
97683,HVN,xa-hoi-hoc,D15,Điểm thi THPT,2025,22.0,Xã hội học
97684,HVN,xa-hoi-hoc,X03,Điểm thi THPT,2025,22.0,Xã hội học
97685,HVN,xa-hoi-hoc,X04,Điểm thi THPT,2025,22.0,Xã hội học
97686,HVN,xa-hoi-hoc,X70,Điểm thi THPT,2025,22.0,Xã hội học
97687,HVN,xa-hoi-hoc,X74,Điểm thi THPT,2025,22.0,Xã hội học
97688,HVQ,cong-nghe-thong-tin,A00,Điểm học bạ,2025,18.0,Công nghệ thông tin
97689,HVQ,cong-nghe-thong-tin,A01,Điểm học bạ,2025,18.0,Công nghệ thông tin
97690,HVQ,cong-nghe-thong-tin,D01,Điểm học bạ,2025,18.0,Công nghệ thông tin
97691,HVQ,cong-nghe-thong-tin,D10,Điểm học bạ,2025,18.0,Công nghệ thông tin
97692,HVQ,cong-nghe-thong-tin,X06,Điểm học bạ,2025,18.0,Công nghệ thông tin
97693,HVQ,cong-nghe-thong-tin,X26,Điểm học bạ,2025,18.0,Công nghệ thông tin
97694,HVQ,cong-nghe-thong-tin,A00,Điểm thi THPT,2025,15.0,Công nghệ thông tin
97695,HVQ,cong-nghe-thong-tin,A01,Điểm thi THPT,2025,15.0,Công nghệ thông tin
97696,HVQ,cong-nghe-thong-tin,D01,Điểm thi THPT,2025,15.0,Công nghệ thông tin
97697,HVQ,cong-nghe-thong-tin,D10,Điểm thi THPT,2025,15.0,Công nghệ thông tin
97698,HVQ,cong-nghe-thong-tin,X06,Điểm thi THPT,2025,15.0,Công nghệ thông tin
97699,HVQ,cong-nghe-thong-tin,X26,Điểm thi THPT,2025,15.0,Công nghệ thông tin
97700,HVQ,giao-duc-hoc,A00,Điểm học bạ,2024,18.0,Giáo dục học
97701,HVQ,giao-duc-hoc,B00,Điểm học bạ,2024,18.0,Giáo dục học
97702,HVQ,giao-duc-hoc,C00,Điểm học bạ,2024,18.0,Giáo dục học
97703,HVQ,giao-duc-hoc,D01,Điểm học bạ,2024,18.0,Giáo dục học
97704,HVQ,giao-duc-hoc,A00,Điểm thi THPT,2024,15.0,Giáo dục học
97705,HVQ,giao-duc-hoc,B00,Điểm thi THPT,2024,15.0,Giáo dục học
97706,HVQ,giao-duc-hoc,C00,Điểm thi THPT,2024,15.0,Giáo dục học
97707,HVQ,giao-duc-hoc,D01,Điểm thi THPT,2024,15.0,Giáo dục học
97708,HVQ,giao-duc-hoc,A00,Điểm học bạ,2025,25.86,Giáo dục học (GD trẻ rối loạn phát triển)
97709,HVQ,giao-duc-hoc,B00,Điểm học bạ,2025,25.86,Giáo dục học (GD trẻ rối loạn phát triển)
97710,HVQ,giao-duc-hoc,C00,Điểm học bạ,2025,25.86,Giáo dục học (GD trẻ rối loạn phát triển)
97711,HVQ,giao-duc-hoc,D01,Điểm học bạ,2025,25.86,Giáo dục học (GD trẻ rối loạn phát triển)
97712,HVQ,giao-duc-hoc,X70,Điểm học bạ,2025,25.86,Giáo dục học (GD trẻ rối loạn phát triển)
97713,HVQ,giao-duc-hoc,X74,Điểm học bạ,2025,25.86,Giáo dục học (GD trẻ rối loạn phát triển)
97714,HVQ,giao-duc-hoc,A00,Điểm thi THPT,2025,24.83,Giáo dục học (GD trẻ rối loạn phát triển)
97715,HVQ,giao-duc-hoc,B00,Điểm thi THPT,2025,24.83,Giáo dục học (GD trẻ rối loạn phát triển)
97716,HVQ,giao-duc-hoc,C00,Điểm thi THPT,2025,24.83,Giáo dục học (GD trẻ rối loạn phát triển)
97717,HVQ,giao-duc-hoc,D01,Điểm thi THPT,2025,24.83,Giáo dục học (GD trẻ rối loạn phát triển)
97718,HVQ,giao-duc-hoc,X70,Điểm thi THPT,2025,24.83,Giáo dục học (GD trẻ rối loạn phát triển)
97719,HVQ,giao-duc-hoc,X74,Điểm thi THPT,2025,24.83,Giáo dục học (GD trẻ rối loạn phát triển)
97720,HVQ,kinh-te,A00,Điểm học bạ,2022,18.0,Kinh tế
97721,HVQ,kinh-te,A01,Điểm học bạ,2022,18.0,Kinh tế
97722,HVQ,kinh-te,D01,Điểm học bạ,2022,18.0,Kinh tế
97723,HVQ,kinh-te,D10,Điểm học bạ,2022,18.0,Kinh tế
97724,HVQ,kinh-te,A00,Điểm thi THPT,2022,15.0,Kinh tế
97725,HVQ,kinh-te,A01,Điểm thi THPT,2022,15.0,Kinh tế
97726,HVQ,kinh-te,D01,Điểm thi THPT,2022,15.0,Kinh tế
97727,HVQ,kinh-te,D10,Điểm thi THPT,2022,15.0,Kinh tế
97728,HVQ,kinh-te,A00,Điểm học bạ,2023,18.0,Kinh tế
97729,HVQ,kinh-te,A01,Điểm học bạ,2023,18.0,Kinh tế
97730,HVQ,kinh-te,D01,Điểm học bạ,2023,18.0,Kinh tế
97731,HVQ,kinh-te,D10,Điểm học bạ,2023,18.0,Kinh tế
97732,HVQ,kinh-te,A00,Điểm thi THPT,2023,15.0,Kinh tế
97733,HVQ,kinh-te,A01,Điểm thi THPT,2023,15.0,Kinh tế
97734,HVQ,kinh-te,D01,Điểm thi THPT,2023,15.0,Kinh tế
97735,HVQ,kinh-te,D10,Điểm thi THPT,2023,15.0,Kinh tế
97736,HVQ,kinh-te,A00,Điểm học bạ,2024,18.0,Kinh tế
97737,HVQ,kinh-te,A01,Điểm học bạ,2024,18.0,Kinh tế
97738,HVQ,kinh-te,D01,Điểm học bạ,2024,18.0,Kinh tế
97739,HVQ,kinh-te,D10,Điểm học bạ,2024,18.0,Kinh tế
97740,HVQ,kinh-te,A00,Điểm thi THPT,2024,15.0,Kinh tế
97741,HVQ,kinh-te,A01,Điểm thi THPT,2024,15.0,Kinh tế
97742,HVQ,kinh-te,D01,Điểm thi THPT,2024,15.0,Kinh tế
97743,HVQ,kinh-te,D10,Điểm thi THPT,2024,15.0,Kinh tế
97744,HVQ,kinh-te,A00,Điểm học bạ,2025,23.17,Kinh tế
97745,HVQ,kinh-te,A01,Điểm học bạ,2025,23.17,Kinh tế
97746,HVQ,kinh-te,D01,Điểm học bạ,2025,23.17,Kinh tế
97747,HVQ,kinh-te,D10,Điểm học bạ,2025,23.17,Kinh tế
97748,HVQ,kinh-te,X25,Điểm học bạ,2025,23.17,Kinh tế
97749,HVQ,kinh-te,X26,Điểm học bạ,2025,23.17,Kinh tế
97750,HVQ,kinh-te,A00,Điểm thi THPT,2025,21.46,Kinh tế
97751,HVQ,kinh-te,A01,Điểm thi THPT,2025,21.46,Kinh tế
97752,HVQ,kinh-te,D01,Điểm thi THPT,2025,21.46,Kinh tế
97753,HVQ,kinh-te,D10,Điểm thi THPT,2025,21.46,Kinh tế
97754,HVQ,kinh-te,X25,Điểm thi THPT,2025,21.46,Kinh tế
97755,HVQ,kinh-te,X26,Điểm thi THPT,2025,21.46,Kinh tế
97756,HVQ,ngon-ngu-anh,A01,Điểm học bạ,2023,18.0,Ngôn ngữ Anh
97757,HVQ,ngon-ngu-anh,D01,Điểm học bạ,2023,18.0,Ngôn ngữ Anh
97758,HVQ,ngon-ngu-anh,D10,Điểm học bạ,2023,18.0,Ngôn ngữ Anh
97759,HVQ,ngon-ngu-anh,D14,Điểm học bạ,2023,18.0,Ngôn ngữ Anh
97760,HVQ,ngon-ngu-anh,A01,Điểm thi THPT,2023,15.0,Ngôn ngữ Anh
97761,HVQ,ngon-ngu-anh,D01,Điểm thi THPT,2023,15.0,Ngôn ngữ Anh
97762,HVQ,ngon-ngu-anh,D10,Điểm thi THPT,2023,15.0,Ngôn ngữ Anh
97763,HVQ,ngon-ngu-anh,D14,Điểm thi THPT,2023,15.0,Ngôn ngữ Anh
97764,HVQ,ngon-ngu-anh,A01,Điểm học bạ,2024,25.0,Ngôn ngữ Anh
97765,HVQ,ngon-ngu-anh,D01,Điểm học bạ,2024,25.0,Ngôn ngữ Anh
97766,HVQ,ngon-ngu-anh,D10,Điểm học bạ,2024,25.0,Ngôn ngữ Anh
97767,HVQ,ngon-ngu-anh,D14,Điểm học bạ,2024,25.0,Ngôn ngữ Anh
97768,HVQ,ngon-ngu-anh,A01,Điểm thi THPT,2024,22.5,Ngôn ngữ Anh
97769,HVQ,ngon-ngu-anh,D01,Điểm thi THPT,2024,22.5,Ngôn ngữ Anh
97770,HVQ,ngon-ngu-anh,D10,Điểm thi THPT,2024,22.5,Ngôn ngữ Anh
97771,HVQ,ngon-ngu-anh,D14,Điểm thi THPT,2024,22.5,Ngôn ngữ Anh
97772,HVQ,ngon-ngu-anh,A01,Điểm học bạ,2025,26.4,Ngôn ngữ Anh
97773,HVQ,ngon-ngu-anh,D01,Điểm học bạ,2025,26.4,Ngôn ngữ Anh
97774,HVQ,ngon-ngu-anh,D10,Điểm học bạ,2025,26.4,Ngôn ngữ Anh
97775,HVQ,ngon-ngu-anh,D14,Điểm học bạ,2025,26.4,Ngôn ngữ Anh
97776,HVQ,ngon-ngu-anh,X25,Điểm học bạ,2025,26.4,Ngôn ngữ Anh
97777,HVQ,ngon-ngu-anh,X78,Điểm học bạ,2025,26.4,Ngôn ngữ Anh
97778,HVQ,ngon-ngu-anh,A01,Điểm thi THPT,2025,25.5,Ngôn ngữ Anh
97779,HVQ,ngon-ngu-anh,D01,Điểm thi THPT,2025,25.5,Ngôn ngữ Anh
97780,HVQ,ngon-ngu-anh,D10,Điểm thi THPT,2025,25.5,Ngôn ngữ Anh
97781,HVQ,ngon-ngu-anh,D14,Điểm thi THPT,2025,25.5,Ngôn ngữ Anh
97782,HVQ,ngon-ngu-anh,X25,Điểm thi THPT,2025,25.5,Ngôn ngữ Anh
97783,HVQ,ngon-ngu-anh,X78,Điểm thi THPT,2025,25.5,Ngôn ngữ Anh
97784,HVQ,quan-ly-giao-duc,A00,Điểm học bạ,2022,18.0,Quản lý giáo dục
97785,HVQ,quan-ly-giao-duc,A01,Điểm học bạ,2022,18.0,Quản lý giáo dục
97786,HVQ,quan-ly-giao-duc,C00,Điểm học bạ,2022,18.0,Quản lý giáo dục
97787,HVQ,quan-ly-giao-duc,D01,Điểm học bạ,2022,18.0,Quản lý giáo dục
97788,HVQ,quan-ly-giao-duc,A00,Điểm thi THPT,2022,15.0,Quản lý giáo dục
97789,HVQ,quan-ly-giao-duc,A01,Điểm thi THPT,2022,15.0,Quản lý giáo dục
97790,HVQ,quan-ly-giao-duc,C00,Điểm thi THPT,2022,15.0,Quản lý giáo dục
97791,HVQ,quan-ly-giao-duc,D01,Điểm thi THPT,2022,15.0,Quản lý giáo dục
97792,HVQ,quan-ly-giao-duc,A00,Điểm học bạ,2023,18.0,Quản lý giáo dục
97793,HVQ,quan-ly-giao-duc,A01,Điểm học bạ,2023,18.0,Quản lý giáo dục
97794,HVQ,quan-ly-giao-duc,C00,Điểm học bạ,2023,18.0,Quản lý giáo dục
97795,HVQ,quan-ly-giao-duc,D01,Điểm học bạ,2023,18.0,Quản lý giáo dục
97796,HVQ,quan-ly-giao-duc,A00,Điểm thi THPT,2023,15.0,Quản lý giáo dục
97797,HVQ,quan-ly-giao-duc,A01,Điểm thi THPT,2023,15.0,Quản lý giáo dục
97798,HVQ,quan-ly-giao-duc,C00,Điểm thi THPT,2023,15.0,Quản lý giáo dục
97799,HVQ,quan-ly-giao-duc,D01,Điểm thi THPT,2023,15.0,Quản lý giáo dục
97800,HVQ,quan-ly-giao-duc,A00,Điểm học bạ,2024,18.0,Quản lý giáo dục
97801,HVQ,quan-ly-giao-duc,A01,Điểm học bạ,2024,18.0,Quản lý giáo dục
97802,HVQ,quan-ly-giao-duc,C00,Điểm học bạ,2024,18.0,Quản lý giáo dục
97803,HVQ,quan-ly-giao-duc,D01,Điểm học bạ,2024,18.0,Quản lý giáo dục
97804,HVQ,quan-ly-giao-duc,A00,Điểm thi THPT,2024,15.0,Quản lý giáo dục
97805,HVQ,quan-ly-giao-duc,A01,Điểm thi THPT,2024,15.0,Quản lý giáo dục
97806,HVQ,quan-ly-giao-duc,C00,Điểm thi THPT,2024,15.0,Quản lý giáo dục
97807,HVQ,quan-ly-giao-duc,D01,Điểm thi THPT,2024,15.0,Quản lý giáo dục
97808,HVQ,quan-ly-giao-duc,A00,Điểm học bạ,2025,25.74,Quản lý giáo dục
97809,HVQ,quan-ly-giao-duc,A01,Điểm học bạ,2025,25.74,Quản lý giáo dục
97810,HVQ,quan-ly-giao-duc,C00,Điểm học bạ,2025,25.74,Quản lý giáo dục
97811,HVQ,quan-ly-giao-duc,D01,Điểm học bạ,2025,25.74,Quản lý giáo dục
97812,HVQ,quan-ly-giao-duc,X70,Điểm học bạ,2025,25.74,Quản lý giáo dục
97813,HVQ,quan-ly-giao-duc,X74,Điểm học bạ,2025,25.74,Quản lý giáo dục
97814,HVQ,quan-ly-giao-duc,A00,Điểm thi THPT,2025,24.68,Quản lý giáo dục
97815,HVQ,quan-ly-giao-duc,A01,Điểm thi THPT,2025,24.68,Quản lý giáo dục
97816,HVQ,quan-ly-giao-duc,C00,Điểm thi THPT,2025,24.68,Quản lý giáo dục
97817,HVQ,quan-ly-giao-duc,D01,Điểm thi THPT,2025,24.68,Quản lý giáo dục
97818,HVQ,quan-ly-giao-duc,X70,Điểm thi THPT,2025,24.68,Quản lý giáo dục
97819,HVQ,quan-ly-giao-duc,X74,Điểm thi THPT,2025,24.68,Quản lý giáo dục
97820,HVQ,quan-tri-van-phong,A00,Điểm học bạ,2022,18.0,Quản trị văn phòng
97821,HVQ,quan-tri-van-phong,A01,Điểm học bạ,2022,18.0,Quản trị văn phòng
97822,HVQ,quan-tri-van-phong,C00,Điểm học bạ,2022,18.0,Quản trị văn phòng
97823,HVQ,quan-tri-van-phong,D01,Điểm học bạ,2022,18.0,Quản trị văn phòng
97824,HVQ,quan-tri-van-phong,A00,Điểm thi THPT,2022,15.0,Quản trị văn phòng
97825,HVQ,quan-tri-van-phong,A01,Điểm thi THPT,2022,15.0,Quản trị văn phòng
97826,HVQ,quan-tri-van-phong,C00,Điểm thi THPT,2022,15.0,Quản trị văn phòng
97827,HVQ,quan-tri-van-phong,D01,Điểm thi THPT,2022,15.0,Quản trị văn phòng
97828,HVQ,quan-tri-van-phong,A00,Điểm học bạ,2023,18.0,Quản trị văn phòng
97829,HVQ,quan-tri-van-phong,A01,Điểm học bạ,2023,18.0,Quản trị văn phòng
97830,HVQ,quan-tri-van-phong,C00,Điểm học bạ,2023,18.0,Quản trị văn phòng
97831,HVQ,quan-tri-van-phong,D01,Điểm học bạ,2023,18.0,Quản trị văn phòng
97832,HVQ,quan-tri-van-phong,A00,Điểm thi THPT,2023,15.0,Quản trị văn phòng
97833,HVQ,quan-tri-van-phong,A01,Điểm thi THPT,2023,15.0,Quản trị văn phòng
97834,HVQ,quan-tri-van-phong,C00,Điểm thi THPT,2023,15.0,Quản trị văn phòng
97835,HVQ,quan-tri-van-phong,D01,Điểm thi THPT,2023,15.0,Quản trị văn phòng
97836,HVQ,quan-tri-van-phong,A00,Điểm học bạ,2024,18.0,Quản trị văn phòng
97837,HVQ,quan-tri-van-phong,A01,Điểm học bạ,2024,18.0,Quản trị văn phòng
97838,HVQ,quan-tri-van-phong,C00,Điểm học bạ,2024,18.0,Quản trị văn phòng
97839,HVQ,quan-tri-van-phong,D01,Điểm học bạ,2024,18.0,Quản trị văn phòng
97840,HVQ,quan-tri-van-phong,A00,Điểm thi THPT,2024,15.0,Quản trị văn phòng
97841,HVQ,quan-tri-van-phong,A01,Điểm thi THPT,2024,15.0,Quản trị văn phòng
97842,HVQ,quan-tri-van-phong,C00,Điểm thi THPT,2024,15.0,Quản trị văn phòng
97843,HVQ,quan-tri-van-phong,D01,Điểm thi THPT,2024,15.0,Quản trị văn phòng
97844,HVQ,quan-tri-van-phong,A00,Điểm học bạ,2025,25.5,Quản trị văn phòng
97845,HVQ,quan-tri-van-phong,A01,Điểm học bạ,2025,25.5,Quản trị văn phòng
97846,HVQ,quan-tri-van-phong,C00,Điểm học bạ,2025,25.5,Quản trị văn phòng
97847,HVQ,quan-tri-van-phong,D01,Điểm học bạ,2025,25.5,Quản trị văn phòng
97848,HVQ,quan-tri-van-phong,X70,Điểm học bạ,2025,25.5,Quản trị văn phòng
97849,HVQ,quan-tri-van-phong,X74,Điểm học bạ,2025,25.5,Quản trị văn phòng
97850,HVQ,quan-tri-van-phong,A00,Điểm thi THPT,2025,24.38,Quản trị văn phòng
97851,HVQ,quan-tri-van-phong,A01,Điểm thi THPT,2025,24.38,Quản trị văn phòng
97852,HVQ,quan-tri-van-phong,C00,Điểm thi THPT,2025,24.38,Quản trị văn phòng
97853,HVQ,quan-tri-van-phong,D01,Điểm thi THPT,2025,24.38,Quản trị văn phòng
97854,HVQ,quan-tri-van-phong,X70,Điểm thi THPT,2025,24.38,Quản trị văn phòng
97855,HVQ,quan-tri-van-phong,X74,Điểm thi THPT,2025,24.38,Quản trị văn phòng
97856,HVQ,tam-ly-hoc-giao-duc,A00,Điểm học bạ,2022,22.0,Tâm lý học giáo dục
97857,HVQ,tam-ly-hoc-giao-duc,B00,Điểm học bạ,2022,22.0,Tâm lý học giáo dục
97858,HVQ,tam-ly-hoc-giao-duc,C00,Điểm học bạ,2022,22.0,Tâm lý học giáo dục
97859,HVQ,tam-ly-hoc-giao-duc,D01,Điểm học bạ,2022,22.0,Tâm lý học giáo dục
97860,HVQ,tam-ly-hoc-giao-duc,A00,Điểm thi THPT,2022,19.5,Tâm lý học giáo dục
97861,HVQ,tam-ly-hoc-giao-duc,B00,Điểm thi THPT,2022,19.5,Tâm lý học giáo dục
97862,HVQ,tam-ly-hoc-giao-duc,C00,Điểm thi THPT,2022,19.5,Tâm lý học giáo dục
97863,HVQ,tam-ly-hoc-giao-duc,D01,Điểm thi THPT,2022,19.5,Tâm lý học giáo dục
97864,HVQ,tam-ly-hoc-giao-duc,A00,Điểm học bạ,2023,18.0,Tâm lý học giáo dục
97865,HVQ,tam-ly-hoc-giao-duc,B00,Điểm học bạ,2023,18.0,Tâm lý học giáo dục
97866,HVQ,tam-ly-hoc-giao-duc,C00,Điểm học bạ,2023,18.0,Tâm lý học giáo dục
97867,HVQ,tam-ly-hoc-giao-duc,D01,Điểm học bạ,2023,18.0,Tâm lý học giáo dục
97868,HVQ,tam-ly-hoc-giao-duc,A00,Điểm thi THPT,2023,15.0,Tâm lý học giáo dục
97869,HVQ,tam-ly-hoc-giao-duc,B00,Điểm thi THPT,2023,15.0,Tâm lý học giáo dục
97870,HVQ,tam-ly-hoc-giao-duc,C00,Điểm thi THPT,2023,15.0,Tâm lý học giáo dục
97871,HVQ,tam-ly-hoc-giao-duc,D01,Điểm thi THPT,2023,15.0,Tâm lý học giáo dục
97872,HVQ,tam-ly-hoc-giao-duc,A00,Điểm học bạ,2024,24.0,Tâm lý học giáo dục
97873,HVQ,tam-ly-hoc-giao-duc,B00,Điểm học bạ,2024,24.0,Tâm lý học giáo dục
97874,HVQ,tam-ly-hoc-giao-duc,C00,Điểm học bạ,2024,24.0,Tâm lý học giáo dục
97875,HVQ,tam-ly-hoc-giao-duc,D01,Điểm học bạ,2024,24.0,Tâm lý học giáo dục
97876,HVQ,tam-ly-hoc-giao-duc,A00,Điểm thi THPT,2024,20.0,Tâm lý học giáo dục
97877,HVQ,tam-ly-hoc-giao-duc,B00,Điểm thi THPT,2024,20.0,Tâm lý học giáo dục
97878,HVQ,tam-ly-hoc-giao-duc,C00,Điểm thi THPT,2024,20.0,Tâm lý học giáo dục
97879,HVQ,tam-ly-hoc-giao-duc,D01,Điểm thi THPT,2024,20.0,Tâm lý học giáo dục
97880,HVQ,tam-ly-hoc-giao-duc,A00,Điểm học bạ,2025,25.9,Tâm lý học giáo dục
97881,HVQ,tam-ly-hoc-giao-duc,B00,Điểm học bạ,2025,25.9,Tâm lý học giáo dục
97882,HVQ,tam-ly-hoc-giao-duc,C00,Điểm học bạ,2025,25.9,Tâm lý học giáo dục
97883,HVQ,tam-ly-hoc-giao-duc,D01,Điểm học bạ,2025,25.9,Tâm lý học giáo dục
97884,HVQ,tam-ly-hoc-giao-duc,X70,Điểm học bạ,2025,25.9,Tâm lý học giáo dục
97885,HVQ,tam-ly-hoc-giao-duc,X74,Điểm học bạ,2025,25.9,Tâm lý học giáo dục
97886,HVQ,tam-ly-hoc-giao-duc,A00,Điểm thi THPT,2025,24.87,Tâm lý học giáo dục
97887,HVQ,tam-ly-hoc-giao-duc,B00,Điểm thi THPT,2025,24.87,Tâm lý học giáo dục
97888,HVQ,tam-ly-hoc-giao-duc,C00,Điểm thi THPT,2025,24.87,Tâm lý học giáo dục
97889,HVQ,tam-ly-hoc-giao-duc,D01,Điểm thi THPT,2025,24.87,Tâm lý học giáo dục
97890,HVQ,tam-ly-hoc-giao-duc,X70,Điểm thi THPT,2025,24.87,Tâm lý học giáo dục
97891,HVQ,tam-ly-hoc-giao-duc,X74,Điểm thi THPT,2025,24.87,Tâm lý học giáo dục
97892,HYD,duoc-hoc,A00,Điểm thi THPT,2021,24.95,Dược học
97893,HYD,duoc-hoc,A00,Điểm thi THPT,2022,24.4,Dược học
97894,HYD,duoc-hoc,A00,Điểm thi THPT,2023,22.7,Dược học
97895,HYD,duoc-hoc,A00,Điểm thi THPT,2024,23.52,Dược học
97896,HYD,duoc-hoc,A00,Điểm thi THPT,2025,21.35,Dược học
97897,HYD,duoc-hoc,B00,Điểm thi THPT,2025,21.35,Dược học
97898,HYD,duoc-hoc,C02,Điểm thi THPT,2025,21.35,Dược học
97899,HYD,duoc-hoc,D07,Điểm thi THPT,2025,21.35,Dược học
97900,HYD,duoc-hoc,X10,Điểm thi THPT,2025,21.35,Dược học
97901,HYD,y-hoc-co-truyen,B00,Điểm thi THPT,2021,24.5,Y học cổ truyền
97902,HYD,y-hoc-co-truyen,B00,Điểm thi THPT,2022,21.0,Y học cổ truyền
97903,HYD,y-hoc-co-truyen,B00,Điểm thi THPT,2023,21.5,Y học cổ truyền
97904,HYD,y-hoc-co-truyen,B00,Điểm thi THPT,2024,22.75,Y học cổ truyền
97905,HYD,y-hoc-co-truyen,A02,Điểm thi THPT,2025,21.0,Y học cổ truyền
97906,HYD,y-hoc-co-truyen,B00,Điểm thi THPT,2025,21.0,Y học cổ truyền
97907,HYD,y-hoc-co-truyen,B03,Điểm thi THPT,2025,21.0,Y học cổ truyền
97908,HYD,y-hoc-co-truyen,D08,Điểm thi THPT,2025,21.0,Y học cổ truyền
97909,HYD,y-hoc-co-truyen,X14,Điểm thi THPT,2025,21.0,Y học cổ truyền
97910,HYD,y-khoa,B00,Điểm thi THPT,2021,26.3,Y Khoa
97911,HYD,y-khoa,B00,Điểm thi THPT,2022,25.55,Y khoa
97912,HYD,y-khoa,B00,Điểm thi THPT,2023,23.57,Y khoa
97913,HYD,y-khoa,B00,Điểm thi THPT,2024,25.57,Y khoa
97914,HYD,y-khoa,A02,Điểm thi THPT,2025,24.25,Y khoa
97915,HYD,y-khoa,B00,Điểm thi THPT,2025,24.25,Y khoa
97916,HYD,y-khoa,B03,Điểm thi THPT,2025,24.25,Y khoa
97917,HYD,y-khoa,D08,Điểm thi THPT,2025,24.25,Y khoa
97918,HYD,y-khoa,X14,Điểm thi THPT,2025,24.25,Y khoa
97919,IUH,cong-nghe-che-tao-may,A00,Điểm học bạ,2021,22.0,Công nghệ chế tạo máy
97920,IUH,cong-nghe-che-tao-may,A01,Điểm học bạ,2021,22.0,Công nghệ chế tạo máy
97921,IUH,cong-nghe-che-tao-may,C01,Điểm học bạ,2021,22.0,Công nghệ chế tạo máy
97922,IUH,cong-nghe-che-tao-may,D90,Điểm học bạ,2021,22.0,Công nghệ chế tạo máy
97923,IUH,cong-nghe-che-tao-may,A00,Điểm thi THPT,2021,18.0,Công nghệ chế tạo máy
97924,IUH,cong-nghe-che-tao-may,A01,Điểm thi THPT,2021,18.0,Công nghệ chế tạo máy
97925,IUH,cong-nghe-che-tao-may,C01,Điểm thi THPT,2021,18.0,Công nghệ chế tạo máy
97926,IUH,cong-nghe-che-tao-may,D90,Điểm thi THPT,2021,18.0,Công nghệ chế tạo máy
97927,IUH,cong-nghe-che-tao-may,A00,Điểm học bạ,2022,24.0,Công nghệ chế tạo máy
97928,IUH,cong-nghe-che-tao-may,A01,Điểm học bạ,2022,24.0,Công nghệ chế tạo máy
97929,IUH,cong-nghe-che-tao-may,C01,Điểm học bạ,2022,24.0,Công nghệ chế tạo máy
97930,IUH,cong-nghe-che-tao-may,D90,Điểm học bạ,2022,24.0,Công nghệ chế tạo máy
97931,IUH,cong-nghe-che-tao-may,A00,Điểm thi THPT,2022,20.0,Công nghệ chế tạo máy
97932,IUH,cong-nghe-che-tao-may,A01,Điểm thi THPT,2022,20.0,Công nghệ chế tạo máy
97933,IUH,cong-nghe-che-tao-may,C01,Điểm thi THPT,2022,20.0,Công nghệ chế tạo máy
97934,IUH,cong-nghe-che-tao-may,D90,Điểm thi THPT,2022,20.0,Công nghệ chế tạo máy
97935,IUH,cong-nghe-che-tao-may,A00,Điểm học bạ,2023,22.5,Công nghệ chế tạo máy
97936,IUH,cong-nghe-che-tao-may,A01,Điểm học bạ,2023,22.5,Công nghệ chế tạo máy
97937,IUH,cong-nghe-che-tao-may,C01,Điểm học bạ,2023,22.5,Công nghệ chế tạo máy
97938,IUH,cong-nghe-che-tao-may,D90,Điểm học bạ,2023,22.5,Công nghệ chế tạo máy
97939,IUH,cong-nghe-che-tao-may,A00,Điểm thi THPT,2023,19.0,Công nghệ chế tạo máy
97940,IUH,cong-nghe-che-tao-may,A01,Điểm thi THPT,2023,19.0,Công nghệ chế tạo máy
97941,IUH,cong-nghe-che-tao-may,C01,Điểm thi THPT,2023,19.0,Công nghệ chế tạo máy
97942,IUH,cong-nghe-che-tao-may,D90,Điểm thi THPT,2023,19.0,Công nghệ chế tạo máy
97943,IUH,cong-nghe-che-tao-may,A00,Điểm học bạ,2024,23.0,Công nghệ chế tạo máy
97944,IUH,cong-nghe-che-tao-may,A01,Điểm học bạ,2024,23.0,Công nghệ chế tạo máy
97945,IUH,cong-nghe-che-tao-may,C01,Điểm học bạ,2024,23.0,Công nghệ chế tạo máy
97946,IUH,cong-nghe-che-tao-may,D90,Điểm học bạ,2024,23.0,Công nghệ chế tạo máy
97947,IUH,cong-nghe-che-tao-may,A00,Điểm thi THPT,2024,20.75,Công nghệ chế tạo máy
97948,IUH,cong-nghe-che-tao-may,A01,Điểm thi THPT,2024,20.75,Công nghệ chế tạo máy
97949,IUH,cong-nghe-che-tao-may,C01,Điểm thi THPT,2024,20.75,Công nghệ chế tạo máy
97950,IUH,cong-nghe-che-tao-may,D90,Điểm thi THPT,2024,20.75,Công nghệ chế tạo máy
97951,IUH,cong-nghe-che-tao-may,A00,Điểm học bạ,2025,27.62,Công nghệ chế tạo máy
97952,IUH,cong-nghe-che-tao-may,A01,Điểm học bạ,2025,27.62,Công nghệ chế tạo máy
97953,IUH,cong-nghe-che-tao-may,C01,Điểm học bạ,2025,27.62,Công nghệ chế tạo máy
97954,IUH,cong-nghe-che-tao-may,X05,Điểm học bạ,2025,27.62,Công nghệ chế tạo máy
97955,IUH,cong-nghe-che-tao-may,X06,Điểm học bạ,2025,27.62,Công nghệ chế tạo máy
97956,IUH,cong-nghe-che-tao-may,X07,Điểm học bạ,2025,27.62,Công nghệ chế tạo máy
97957,IUH,cong-nghe-che-tao-may,A00,Điểm thi THPT,2025,24.5,Công nghệ chế tạo máy
97958,IUH,cong-nghe-che-tao-may,A01,Điểm thi THPT,2025,24.5,Công nghệ chế tạo máy
97959,IUH,cong-nghe-che-tao-may,C01,Điểm thi THPT,2025,24.5,Công nghệ chế tạo máy
97960,IUH,cong-nghe-che-tao-may,X05,Điểm thi THPT,2025,24.5,Công nghệ chế tạo máy
97961,IUH,cong-nghe-che-tao-may,X06,Điểm thi THPT,2025,24.5,Công nghệ chế tạo máy
97962,IUH,cong-nghe-che-tao-may,X07,Điểm thi THPT,2025,24.5,Công nghệ chế tạo máy
97963,IUH,cong-nghe-det-may,A00,Điểm học bạ,2021,20.5,"Công nghệ dệt, may"
97964,IUH,cong-nghe-det-may,A01,Điểm học bạ,2021,20.5,"Công nghệ dệt, may"
97965,IUH,cong-nghe-det-may,D01,Điểm học bạ,2021,20.5,"Công nghệ dệt, may"
97966,IUH,cong-nghe-det-may,D90,Điểm học bạ,2021,20.5,"Công nghệ dệt, may"
97967,IUH,cong-nghe-det-may,A00,Điểm thi THPT,2021,20.25,"Công nghệ dệt, may"
97968,IUH,cong-nghe-det-may,C01,Điểm thi THPT,2021,20.25,"Công nghệ dệt, may"
97969,IUH,cong-nghe-det-may,D01,Điểm thi THPT,2021,20.25,"Công nghệ dệt, may"
97970,IUH,cong-nghe-det-may,D90,Điểm thi THPT,2021,20.25,"Công nghệ dệt, may"
97971,IUH,cong-nghe-det-may,A00,Điểm học bạ,2022,24.0,"Công nghệ dệt, may"
97972,IUH,cong-nghe-det-may,C01,Điểm học bạ,2022,24.0,"Công nghệ dệt, may"
97973,IUH,cong-nghe-det-may,D01,Điểm học bạ,2022,24.0,"Công nghệ dệt, may"
97974,IUH,cong-nghe-det-may,D90,Điểm học bạ,2022,24.0,"Công nghệ dệt, may"
97975,IUH,cong-nghe-det-may,A00,Điểm thi THPT,2022,19.0,"Công nghệ dệt, may"
97976,IUH,cong-nghe-det-may,A01,Điểm thi THPT,2022,19.0,"Công nghệ dệt, may"
97977,IUH,cong-nghe-det-may,C01,Điểm thi THPT,2022,19.0,"Công nghệ dệt, may"
97978,IUH,cong-nghe-det-may,D90,Điểm thi THPT,2022,19.0,"Công nghệ dệt, may"
97979,IUH,cong-nghe-det-may,A00,Điểm học bạ,2023,22.0,"Công nghệ dệt, may"
97980,IUH,cong-nghe-det-may,C01,Điểm học bạ,2023,22.0,"Công nghệ dệt, may"
97981,IUH,cong-nghe-det-may,D01,Điểm học bạ,2023,22.0,"Công nghệ dệt, may"
97982,IUH,cong-nghe-det-may,D90,Điểm học bạ,2023,22.0,"Công nghệ dệt, may"
97983,IUH,cong-nghe-det-may,A00,Điểm thi THPT,2023,19.0,"Công nghệ dệt, may"
97984,IUH,cong-nghe-det-may,C01,Điểm thi THPT,2023,19.0,"Công nghệ dệt, may"
97985,IUH,cong-nghe-det-may,D01,Điểm thi THPT,2023,19.0,"Công nghệ dệt, may"
97986,IUH,cong-nghe-det-may,D90,Điểm thi THPT,2023,19.0,"Công nghệ dệt, may"
97987,IUH,cong-nghe-det-may,A00,Điểm học bạ,2024,22.0,"Công nghệ dệt, may"
97988,IUH,cong-nghe-det-may,C01,Điểm học bạ,2024,22.0,"Công nghệ dệt, may"
97989,IUH,cong-nghe-det-may,D01,Điểm học bạ,2024,22.0,"Công nghệ dệt, may"
97990,IUH,cong-nghe-det-may,D90,Điểm học bạ,2024,22.0,"Công nghệ dệt, may"
97991,IUH,cong-nghe-det-may,A00,Điểm thi THPT,2024,19.0,"Công nghệ dệt, may"
97992,IUH,cong-nghe-det-may,A01,Điểm thi THPT,2024,19.0,"Công nghệ dệt, may"
97993,IUH,cong-nghe-det-may,C01,Điểm thi THPT,2024,19.0,"Công nghệ dệt, may"
97994,IUH,cong-nghe-det-may,D90,Điểm thi THPT,2024,19.0,"Công nghệ dệt, may"
97995,IUH,cong-nghe-det-may,C01,Điểm học bạ,2025,22.0,"Công nghệ dệt, may"
97996,IUH,cong-nghe-det-may,C02,Điểm học bạ,2025,22.0,"Công nghệ dệt, may"
97997,IUH,cong-nghe-det-may,D01,Điểm học bạ,2025,22.0,"Công nghệ dệt, may"
97998,IUH,cong-nghe-det-may,X02,Điểm học bạ,2025,22.0,"Công nghệ dệt, may"
97999,IUH,cong-nghe-det-may,X03,Điểm học bạ,2025,22.0,"Công nghệ dệt, may"
98000,IUH,cong-nghe-det-may,C01,Điểm thi THPT,2025,18.0,"Công nghệ dệt, may"
98001,IUH,cong-nghe-det-may,C02,Điểm thi THPT,2025,18.0,"Công nghệ dệt, may"
98002,IUH,cong-nghe-det-may,D01,Điểm thi THPT,2025,18.0,"Công nghệ dệt, may"
98003,IUH,cong-nghe-det-may,X02,Điểm thi THPT,2025,18.0,"Công nghệ dệt, may"
98004,IUH,cong-nghe-det-may,X03,Điểm thi THPT,2025,18.0,"Công nghệ dệt, may"
98005,IUH,cong-nghe-hoa-hoc,A00,Điểm học bạ,2022,24.0,Nhóm ngành Công nghệ hóa học
98006,IUH,cong-nghe-hoa-hoc,B00,Điểm học bạ,2022,24.0,Nhóm ngành Công nghệ hóa học
98007,IUH,cong-nghe-hoa-hoc,C02,Điểm học bạ,2022,24.0,Nhóm ngành Công nghệ hóa học
98008,IUH,cong-nghe-hoa-hoc,D07,Điểm học bạ,2022,24.0,Nhóm ngành Công nghệ hóa học
98009,IUH,cong-nghe-hoa-hoc-gom-03-chuyen-nganh-cong-nghe-ky-thuat-hoa-hoc-hoa-duoc-ky-thuat-hoa-phan-tich,A00,Điểm thi THPT,2023,19.0,"Công nghệ hóa học gồm 03 chuyên ngành: Công nghệ kỹ thuật hóa học; Hóa dược; kỹ thuật hóa phân tích,"
98010,IUH,cong-nghe-hoa-hoc-gom-03-chuyen-nganh-cong-nghe-ky-thuat-hoa-hoc-hoa-duoc-ky-thuat-hoa-phan-tich,B00,Điểm thi THPT,2023,19.0,"Công nghệ hóa học gồm 03 chuyên ngành: Công nghệ kỹ thuật hóa học; Hóa dược; kỹ thuật hóa phân tích,"
98011,IUH,cong-nghe-hoa-hoc-gom-03-chuyen-nganh-cong-nghe-ky-thuat-hoa-hoc-hoa-duoc-ky-thuat-hoa-phan-tich,C02,Điểm thi THPT,2023,19.0,"Công nghệ hóa học gồm 03 chuyên ngành: Công nghệ kỹ thuật hóa học; Hóa dược; kỹ thuật hóa phân tích,"
98012,IUH,cong-nghe-hoa-hoc-gom-03-chuyen-nganh-cong-nghe-ky-thuat-hoa-hoc-hoa-duoc-ky-thuat-hoa-phan-tich,D07,Điểm thi THPT,2023,19.0,"Công nghệ hóa học gồm 03 chuyên ngành: Công nghệ kỹ thuật hóa học; Hóa dược; kỹ thuật hóa phân tích,"
98013,IUH,cong-nghe-hoa-hoc-gom-03-chuyen-nganh-cong-nghe-ky-thuat-hoa-hoc-ky-thuat-hoa-phan-tich-hoa-duoc,A00,Điểm học bạ,2024,22.0,Công nghệ hóa học gồm 03 chuyên ngành: Công nghệ kỹ thuật hóa học; Kỹ thuật hóa phân tích; Hóa dược.
98014,IUH,cong-nghe-hoa-hoc-gom-03-chuyen-nganh-cong-nghe-ky-thuat-hoa-hoc-ky-thuat-hoa-phan-tich-hoa-duoc,B00,Điểm học bạ,2024,22.0,Công nghệ hóa học gồm 03 chuyên ngành: Công nghệ kỹ thuật hóa học; Kỹ thuật hóa phân tích; Hóa dược.
98015,IUH,cong-nghe-hoa-hoc-gom-03-chuyen-nganh-cong-nghe-ky-thuat-hoa-hoc-ky-thuat-hoa-phan-tich-hoa-duoc,C02,Điểm học bạ,2024,22.0,Công nghệ hóa học gồm 03 chuyên ngành: Công nghệ kỹ thuật hóa học; Kỹ thuật hóa phân tích; Hóa dược.
98016,IUH,cong-nghe-hoa-hoc-gom-03-chuyen-nganh-cong-nghe-ky-thuat-hoa-hoc-ky-thuat-hoa-phan-tich-hoa-duoc,D07,Điểm học bạ,2024,22.0,Công nghệ hóa học gồm 03 chuyên ngành: Công nghệ kỹ thuật hóa học; Kỹ thuật hóa phân tích; Hóa dược.
98017,IUH,cong-nghe-hoa-hoc-gom-03-chuyen-nganh-cong-nghe-ky-thuat-hoa-hoc-ky-thuat-hoa-phan-tich-hoa-duoc,A00,Điểm thi THPT,2024,18.0,Công nghệ hóa học gồm 03 chuyên ngành: Công nghệ kỹ thuật hóa học; Kỹ thuật hóa phân tích; Hóa dược.
98018,IUH,cong-nghe-hoa-hoc-gom-03-chuyen-nganh-cong-nghe-ky-thuat-hoa-hoc-ky-thuat-hoa-phan-tich-hoa-duoc,B00,Điểm thi THPT,2024,18.0,Công nghệ hóa học gồm 03 chuyên ngành: Công nghệ kỹ thuật hóa học; Kỹ thuật hóa phân tích; Hóa dược.
98019,IUH,cong-nghe-hoa-hoc-gom-03-chuyen-nganh-cong-nghe-ky-thuat-hoa-hoc-ky-thuat-hoa-phan-tich-hoa-duoc,C02,Điểm thi THPT,2024,18.0,Công nghệ hóa học gồm 03 chuyên ngành: Công nghệ kỹ thuật hóa học; Kỹ thuật hóa phân tích; Hóa dược.
98020,IUH,cong-nghe-hoa-hoc-gom-03-chuyen-nganh-cong-nghe-ky-thuat-hoa-hoc-ky-thuat-hoa-phan-tich-hoa-duoc,D07,Điểm thi THPT,2024,18.0,Công nghệ hóa học gồm 03 chuyên ngành: Công nghệ kỹ thuật hóa học; Kỹ thuật hóa phân tích; Hóa dược.
98021,IUH,cong-nghe-hoa-hoc-gom-03-chuyen-nganh-cong-nghe-ky-thuat-hoa-hoc-ky-thuat-hoa-phan-tich-hoa-duoc,A00,Điểm học bạ,2025,27.25,Công nghệ hóa học gồm 03 chuyên ngành: Công nghệ kỹ thuật hóa học; Kỹ thuật hóa phân tích; Hóa dược.
98022,IUH,cong-nghe-hoa-hoc-gom-03-chuyen-nganh-cong-nghe-ky-thuat-hoa-hoc-ky-thuat-hoa-phan-tich-hoa-duoc,B00,Điểm học bạ,2025,27.25,Công nghệ hóa học gồm 03 chuyên ngành: Công nghệ kỹ thuật hóa học; Kỹ thuật hóa phân tích; Hóa dược.
98023,IUH,cong-nghe-hoa-hoc-gom-03-chuyen-nganh-cong-nghe-ky-thuat-hoa-hoc-ky-thuat-hoa-phan-tich-hoa-duoc,C02,Điểm học bạ,2025,27.25,Công nghệ hóa học gồm 03 chuyên ngành: Công nghệ kỹ thuật hóa học; Kỹ thuật hóa phân tích; Hóa dược.
98024,IUH,cong-nghe-hoa-hoc-gom-03-chuyen-nganh-cong-nghe-ky-thuat-hoa-hoc-ky-thuat-hoa-phan-tich-hoa-duoc,D07,Điểm học bạ,2025,27.25,Công nghệ hóa học gồm 03 chuyên ngành: Công nghệ kỹ thuật hóa học; Kỹ thuật hóa phân tích; Hóa dược.
98025,IUH,cong-nghe-hoa-hoc-gom-03-chuyen-nganh-cong-nghe-ky-thuat-hoa-hoc-ky-thuat-hoa-phan-tich-hoa-duoc,X11,Điểm học bạ,2025,27.25,Công nghệ hóa học gồm 03 chuyên ngành: Công nghệ kỹ thuật hóa học; Kỹ thuật hóa phân tích; Hóa dược.
98026,IUH,cong-nghe-hoa-hoc-gom-03-chuyen-nganh-cong-nghe-ky-thuat-hoa-hoc-ky-thuat-hoa-phan-tich-hoa-duoc,A00,Điểm thi THPT,2025,24.0,Công nghệ hóa học gồm 03 chuyên ngành: Công nghệ kỹ thuật hóa học; Kỹ thuật hóa phân tích; Hóa dược.
98027,IUH,cong-nghe-hoa-hoc-gom-03-chuyen-nganh-cong-nghe-ky-thuat-hoa-hoc-ky-thuat-hoa-phan-tich-hoa-duoc,B00,Điểm thi THPT,2025,24.0,Công nghệ hóa học gồm 03 chuyên ngành: Công nghệ kỹ thuật hóa học; Kỹ thuật hóa phân tích; Hóa dược.
98028,IUH,cong-nghe-hoa-hoc-gom-03-chuyen-nganh-cong-nghe-ky-thuat-hoa-hoc-ky-thuat-hoa-phan-tich-hoa-duoc,C02,Điểm thi THPT,2025,24.0,Công nghệ hóa học gồm 03 chuyên ngành: Công nghệ kỹ thuật hóa học; Kỹ thuật hóa phân tích; Hóa dược.
98029,IUH,cong-nghe-hoa-hoc-gom-03-chuyen-nganh-cong-nghe-ky-thuat-hoa-hoc-ky-thuat-hoa-phan-tich-hoa-duoc,D07,Điểm thi THPT,2025,24.0,Công nghệ hóa học gồm 03 chuyên ngành: Công nghệ kỹ thuật hóa học; Kỹ thuật hóa phân tích; Hóa dược.
98030,IUH,cong-nghe-hoa-hoc-gom-03-chuyen-nganh-cong-nghe-ky-thuat-hoa-hoc-ky-thuat-hoa-phan-tich-hoa-duoc,X11,Điểm thi THPT,2025,24.0,Công nghệ hóa học gồm 03 chuyên ngành: Công nghệ kỹ thuật hóa học; Kỹ thuật hóa phân tích; Hóa dược.
98031,IUH,cong-nghe-hoa-hoc-gom-2-nganh-cong-nghe-ky-thuat-hoa-hoc-ky-thuat-hoa-phan-tich,A00,Điểm thi THPT,2022,18.0,Nhóm ngành Công nghệ hóa học gồm 2 ngành: Công nghệ kỹ thuật hóa học; Kỹ thuật hóa phân tích
98032,IUH,cong-nghe-hoa-hoc-gom-2-nganh-cong-nghe-ky-thuat-hoa-hoc-ky-thuat-hoa-phan-tich,B00,Điểm thi THPT,2022,18.0,Nhóm ngành Công nghệ hóa học gồm 2 ngành: Công nghệ kỹ thuật hóa học; Kỹ thuật hóa phân tích
98033,IUH,cong-nghe-hoa-hoc-gom-2-nganh-cong-nghe-ky-thuat-hoa-hoc-ky-thuat-hoa-phan-tich,C02,Điểm thi THPT,2022,18.0,Nhóm ngành Công nghệ hóa học gồm 2 ngành: Công nghệ kỹ thuật hóa học; Kỹ thuật hóa phân tích
98034,IUH,cong-nghe-hoa-hoc-gom-2-nganh-cong-nghe-ky-thuat-hoa-hoc-ky-thuat-hoa-phan-tich,D07,Điểm thi THPT,2022,18.0,Nhóm ngành Công nghệ hóa học gồm 2 ngành: Công nghệ kỹ thuật hóa học; Kỹ thuật hóa phân tích
98035,IUH,cong-nghe-ky-thuat,A00,Điểm học bạ,2024,27.5,Công nghệ kỹ thuật
98036,IUH,cong-nghe-ky-thuat,A01,Điểm học bạ,2024,27.5,Công nghệ kỹ thuật
98037,IUH,cong-nghe-ky-thuat,C01,Điểm học bạ,2024,27.5,Công nghệ kỹ thuật
98038,IUH,cong-nghe-ky-thuat,D90,Điểm học bạ,2024,27.5,Công nghệ kỹ thuật
98039,IUH,cong-nghe-ky-thuat-co-dien-tu,A00,Điểm học bạ,2021,22.0,Công nghệ kỹ thuật cơ điện tử
98040,IUH,cong-nghe-ky-thuat-co-dien-tu,A01,Điểm học bạ,2021,22.0,Công nghệ kỹ thuật cơ điện tử
98041,IUH,cong-nghe-ky-thuat-co-dien-tu,C01,Điểm học bạ,2021,22.0,Công nghệ kỹ thuật cơ điện tử
98042,IUH,cong-nghe-ky-thuat-co-dien-tu,D90,Điểm học bạ,2021,22.0,Công nghệ kỹ thuật cơ điện tử
98043,IUH,cong-nghe-ky-thuat-co-dien-tu,A00,Điểm thi THPT,2021,19.5,Công nghệ kỹ thuật cơ điện tử
98044,IUH,cong-nghe-ky-thuat-co-dien-tu,A01,Điểm thi THPT,2021,19.5,Công nghệ kỹ thuật cơ điện tử
98045,IUH,cong-nghe-ky-thuat-co-dien-tu,C01,Điểm thi THPT,2021,19.5,Công nghệ kỹ thuật cơ điện tử
98046,IUH,cong-nghe-ky-thuat-co-dien-tu,D90,Điểm thi THPT,2021,19.5,Công nghệ kỹ thuật cơ điện tử
98047,IUH,cong-nghe-ky-thuat-co-dien-tu,A00,Điểm học bạ,2022,27.0,Công nghệ kỹ thuật cơ diện tử
98048,IUH,cong-nghe-ky-thuat-co-dien-tu,A01,Điểm học bạ,2022,27.0,Công nghệ kỹ thuật cơ diện tử
98049,IUH,cong-nghe-ky-thuat-co-dien-tu,C01,Điểm học bạ,2022,27.0,Công nghệ kỹ thuật cơ diện tử
98050,IUH,cong-nghe-ky-thuat-co-dien-tu,D90,Điểm học bạ,2022,27.0,Công nghệ kỹ thuật cơ diện tử
98051,IUH,cong-nghe-ky-thuat-co-dien-tu,A00,Điểm thi THPT,2022,21.0,Công nghệ kỹ thuật cơ điện tử
98052,IUH,cong-nghe-ky-thuat-co-dien-tu,A01,Điểm thi THPT,2022,21.0,Công nghệ kỹ thuật cơ điện tử
98053,IUH,cong-nghe-ky-thuat-co-dien-tu,C01,Điểm thi THPT,2022,21.0,Công nghệ kỹ thuật cơ điện tử
98054,IUH,cong-nghe-ky-thuat-co-dien-tu,D90,Điểm thi THPT,2022,21.0,Công nghệ kỹ thuật cơ điện tử
98055,IUH,cong-nghe-ky-thuat-co-dien-tu,A00,Điểm học bạ,2023,23.5,Công nghệ kỹ thuật cơ điện tử
98056,IUH,cong-nghe-ky-thuat-co-dien-tu,A01,Điểm học bạ,2023,23.5,Công nghệ kỹ thuật cơ điện tử
98057,IUH,cong-nghe-ky-thuat-co-dien-tu,C01,Điểm học bạ,2023,23.5,Công nghệ kỹ thuật cơ điện tử
98058,IUH,cong-nghe-ky-thuat-co-dien-tu,D90,Điểm học bạ,2023,23.5,Công nghệ kỹ thuật cơ điện tử
98059,IUH,cong-nghe-ky-thuat-co-dien-tu,A00,Điểm thi THPT,2023,20.0,Công nghệ kỹ thuật cơ điện tử
98060,IUH,cong-nghe-ky-thuat-co-dien-tu,A01,Điểm thi THPT,2023,20.0,Công nghệ kỹ thuật cơ điện tử
98061,IUH,cong-nghe-ky-thuat-co-dien-tu,C01,Điểm thi THPT,2023,20.0,Công nghệ kỹ thuật cơ điện tử
98062,IUH,cong-nghe-ky-thuat-co-dien-tu,D90,Điểm thi THPT,2023,20.0,Công nghệ kỹ thuật cơ điện tử
98063,IUH,cong-nghe-ky-thuat-co-dien-tu,A00,Điểm học bạ,2024,25.0,Công nghệ kỹ thuật cơ điện tử
98064,IUH,cong-nghe-ky-thuat-co-dien-tu,A01,Điểm học bạ,2024,25.0,Công nghệ kỹ thuật cơ điện tử
98065,IUH,cong-nghe-ky-thuat-co-dien-tu,C01,Điểm học bạ,2024,25.0,Công nghệ kỹ thuật cơ điện tử
98066,IUH,cong-nghe-ky-thuat-co-dien-tu,D90,Điểm học bạ,2024,25.0,Công nghệ kỹ thuật cơ điện tử
98067,IUH,cong-nghe-ky-thuat-co-dien-tu,A00,Điểm thi THPT,2024,22.0,Công nghệ kỹ thuật cơ điện tử
98068,IUH,cong-nghe-ky-thuat-co-dien-tu,A01,Điểm thi THPT,2024,22.0,Công nghệ kỹ thuật cơ điện tử
98069,IUH,cong-nghe-ky-thuat-co-dien-tu,C01,Điểm thi THPT,2024,22.0,Công nghệ kỹ thuật cơ điện tử
98070,IUH,cong-nghe-ky-thuat-co-dien-tu,D90,Điểm thi THPT,2024,22.0,Công nghệ kỹ thuật cơ điện tử
98071,IUH,cong-nghe-ky-thuat-co-dien-tu,A00,Điểm học bạ,2025,28.61,Công nghệ kỹ thuật cơ điện tử
98072,IUH,cong-nghe-ky-thuat-co-dien-tu,A01,Điểm học bạ,2025,28.61,Công nghệ kỹ thuật cơ điện tử
98073,IUH,cong-nghe-ky-thuat-co-dien-tu,C01,Điểm học bạ,2025,28.61,Công nghệ kỹ thuật cơ điện tử
98074,IUH,cong-nghe-ky-thuat-co-dien-tu,X05,Điểm học bạ,2025,28.61,Công nghệ kỹ thuật cơ điện tử
98075,IUH,cong-nghe-ky-thuat-co-dien-tu,X06,Điểm học bạ,2025,28.61,Công nghệ kỹ thuật cơ điện tử
98076,IUH,cong-nghe-ky-thuat-co-dien-tu,X07,Điểm học bạ,2025,28.61,Công nghệ kỹ thuật cơ điện tử
98077,IUH,cong-nghe-ky-thuat-co-dien-tu,A00,Điểm thi THPT,2025,26.5,Công nghệ kỹ thuật cơ điện tử
98078,IUH,cong-nghe-ky-thuat-co-dien-tu,A01,Điểm thi THPT,2025,26.5,Công nghệ kỹ thuật cơ điện tử
98079,IUH,cong-nghe-ky-thuat-co-dien-tu,C01,Điểm thi THPT,2025,26.5,Công nghệ kỹ thuật cơ điện tử
98080,IUH,cong-nghe-ky-thuat-co-dien-tu,X05,Điểm thi THPT,2025,26.5,Công nghệ kỹ thuật cơ điện tử
98081,IUH,cong-nghe-ky-thuat-co-dien-tu,X06,Điểm thi THPT,2025,26.5,Công nghệ kỹ thuật cơ điện tử
98082,IUH,cong-nghe-ky-thuat-co-dien-tu,X07,Điểm thi THPT,2025,26.5,Công nghệ kỹ thuật cơ điện tử
98083,IUH,cong-nghe-ky-thuat-co-khi,A00,Điểm học bạ,2021,22.5,Công nghệ kỹ thuật cơ khí
98084,IUH,cong-nghe-ky-thuat-co-khi,A01,Điểm học bạ,2021,22.5,Công nghệ kỹ thuật cơ khí
98085,IUH,cong-nghe-ky-thuat-co-khi,C01,Điểm học bạ,2021,22.5,Công nghệ kỹ thuật cơ khí
98086,IUH,cong-nghe-ky-thuat-co-khi,D90,Điểm học bạ,2021,22.5,Công nghệ kỹ thuật cơ khí
98087,IUH,cong-nghe-ky-thuat-co-khi,A00,Điểm thi THPT,2021,20.0,Công nghệ kỹ thuật cơ khí
98088,IUH,cong-nghe-ky-thuat-co-khi,A01,Điểm thi THPT,2021,20.0,Công nghệ kỹ thuật cơ khí
98089,IUH,cong-nghe-ky-thuat-co-khi,C01,Điểm thi THPT,2021,20.0,Công nghệ kỹ thuật cơ khí
98090,IUH,cong-nghe-ky-thuat-co-khi,D90,Điểm thi THPT,2021,20.0,Công nghệ kỹ thuật cơ khí
98091,IUH,cong-nghe-ky-thuat-co-khi,A00,Điểm học bạ,2022,25.0,Công nghệ kỹ thuật cơ khí
98092,IUH,cong-nghe-ky-thuat-co-khi,A01,Điểm học bạ,2022,25.0,Công nghệ kỹ thuật cơ khí
98093,IUH,cong-nghe-ky-thuat-co-khi,C01,Điểm học bạ,2022,25.0,Công nghệ kỹ thuật cơ khí
98094,IUH,cong-nghe-ky-thuat-co-khi,D90,Điểm học bạ,2022,25.0,Công nghệ kỹ thuật cơ khí
98095,IUH,cong-nghe-ky-thuat-co-khi,A00,Điểm thi THPT,2022,20.5,Công nghệ kỹ thuật cơ khí
98096,IUH,cong-nghe-ky-thuat-co-khi,A01,Điểm thi THPT,2022,20.5,Công nghệ kỹ thuật cơ khí
98097,IUH,cong-nghe-ky-thuat-co-khi,C01,Điểm thi THPT,2022,20.5,Công nghệ kỹ thuật cơ khí
98098,IUH,cong-nghe-ky-thuat-co-khi,D90,Điểm thi THPT,2022,20.5,Công nghệ kỹ thuật cơ khí
98099,IUH,cong-nghe-ky-thuat-co-khi,A00,Điểm học bạ,2023,23.0,Công nghệ kỹ thuật cơ khí
98100,IUH,cong-nghe-ky-thuat-co-khi,A01,Điểm học bạ,2023,23.0,Công nghệ kỹ thuật cơ khí
98101,IUH,cong-nghe-ky-thuat-co-khi,C01,Điểm học bạ,2023,23.0,Công nghệ kỹ thuật cơ khí
98102,IUH,cong-nghe-ky-thuat-co-khi,D90,Điểm học bạ,2023,23.0,Công nghệ kỹ thuật cơ khí
98103,IUH,cong-nghe-ky-thuat-co-khi,A00,Điểm thi THPT,2023,20.0,Công nghệ kỹ thuật cơ khí
98104,IUH,cong-nghe-ky-thuat-co-khi,A01,Điểm thi THPT,2023,20.0,Công nghệ kỹ thuật cơ khí
98105,IUH,cong-nghe-ky-thuat-co-khi,C01,Điểm thi THPT,2023,20.0,Công nghệ kỹ thuật cơ khí
98106,IUH,cong-nghe-ky-thuat-co-khi,D90,Điểm thi THPT,2023,20.0,Công nghệ kỹ thuật cơ khí
98107,IUH,cong-nghe-ky-thuat-co-khi,A00,Điểm học bạ,2024,24.0,Công nghệ kỹ thuật cơ khí
98108,IUH,cong-nghe-ky-thuat-co-khi,A01,Điểm học bạ,2024,24.0,Công nghệ kỹ thuật cơ khí
98109,IUH,cong-nghe-ky-thuat-co-khi,C01,Điểm học bạ,2024,24.0,Công nghệ kỹ thuật cơ khí
98110,IUH,cong-nghe-ky-thuat-co-khi,D90,Điểm học bạ,2024,24.0,Công nghệ kỹ thuật cơ khí
98111,IUH,cong-nghe-ky-thuat-co-khi,A00,Điểm thi THPT,2024,22.0,Công nghệ kỹ thuật cơ khí
98112,IUH,cong-nghe-ky-thuat-co-khi,A01,Điểm thi THPT,2024,22.0,Công nghệ kỹ thuật cơ khí
98113,IUH,cong-nghe-ky-thuat-co-khi,C01,Điểm thi THPT,2024,22.0,Công nghệ kỹ thuật cơ khí
98114,IUH,cong-nghe-ky-thuat-co-khi,D90,Điểm thi THPT,2024,22.0,Công nghệ kỹ thuật cơ khí
98115,IUH,cong-nghe-ky-thuat-co-khi,A00,Điểm học bạ,2025,28.21,Công nghệ kỹ thuật cơ khí
98116,IUH,cong-nghe-ky-thuat-co-khi,A01,Điểm học bạ,2025,28.21,Công nghệ kỹ thuật cơ khí
98117,IUH,cong-nghe-ky-thuat-co-khi,C01,Điểm học bạ,2025,28.21,Công nghệ kỹ thuật cơ khí
98118,IUH,cong-nghe-ky-thuat-co-khi,X05,Điểm học bạ,2025,28.21,Công nghệ kỹ thuật cơ khí
98119,IUH,cong-nghe-ky-thuat-co-khi,X06,Điểm học bạ,2025,28.21,Công nghệ kỹ thuật cơ khí
98120,IUH,cong-nghe-ky-thuat-co-khi,X07,Điểm học bạ,2025,28.21,Công nghệ kỹ thuật cơ khí
98121,IUH,cong-nghe-ky-thuat-co-khi,A00,Điểm thi THPT,2025,25.5,Công nghệ kỹ thuật cơ khí
98122,IUH,cong-nghe-ky-thuat-co-khi,A01,Điểm thi THPT,2025,25.5,Công nghệ kỹ thuật cơ khí
98123,IUH,cong-nghe-ky-thuat-co-khi,C01,Điểm thi THPT,2025,25.5,Công nghệ kỹ thuật cơ khí
98124,IUH,cong-nghe-ky-thuat-co-khi,X05,Điểm thi THPT,2025,25.5,Công nghệ kỹ thuật cơ khí
98125,IUH,cong-nghe-ky-thuat-co-khi,X06,Điểm thi THPT,2025,25.5,Công nghệ kỹ thuật cơ khí
98126,IUH,cong-nghe-ky-thuat-co-khi,X07,Điểm thi THPT,2025,25.5,Công nghệ kỹ thuật cơ khí
98127,IUH,cong-nghe-ky-thuat-dien-dien-tu,A00,Điểm học bạ,2021,18.0,Công nghệ kỹ thuật điện; điện tử
98128,IUH,cong-nghe-ky-thuat-dien-dien-tu,A01,Điểm học bạ,2021,18.0,Công nghệ kỹ thuật điện; điện tử
98129,IUH,cong-nghe-ky-thuat-dien-dien-tu,C01,Điểm học bạ,2021,18.0,Công nghệ kỹ thuật điện; điện tử
98130,IUH,cong-nghe-ky-thuat-dien-dien-tu,D90,Điểm học bạ,2021,18.0,Công nghệ kỹ thuật điện; điện tử
98131,IUH,cong-nghe-ky-thuat-dien-dien-tu,A00,Điểm học bạ,2022,26.5,"Công nghệ kỹ thuật diện, điện tử"
98132,IUH,cong-nghe-ky-thuat-dien-dien-tu,A01,Điểm học bạ,2022,26.5,"Công nghệ kỹ thuật diện, điện tử"
98133,IUH,cong-nghe-ky-thuat-dien-dien-tu,C01,Điểm học bạ,2022,26.5,"Công nghệ kỹ thuật diện, điện tử"
98134,IUH,cong-nghe-ky-thuat-dien-dien-tu,D90,Điểm học bạ,2022,26.5,"Công nghệ kỹ thuật diện, điện tử"
98135,IUH,cong-nghe-ky-thuat-dien-dien-tu,A00,Điểm học bạ,2023,23.0,"Công nghệ kỹ thuật điện, điện tử"
98136,IUH,cong-nghe-ky-thuat-dien-dien-tu,A01,Điểm học bạ,2023,23.0,"Công nghệ kỹ thuật điện, điện tử"
98137,IUH,cong-nghe-ky-thuat-dien-dien-tu,C01,Điểm học bạ,2023,23.0,"Công nghệ kỹ thuật điện, điện tử"
98138,IUH,cong-nghe-ky-thuat-dien-dien-tu,D90,Điểm học bạ,2023,23.0,"Công nghệ kỹ thuật điện, điện tử"
98139,IUH,cong-nghe-ky-thuat-dien-dien-tu,A00,Điểm học bạ,2024,19.0,"Công nghệ kỹ thuật điện, điện tử"
98140,IUH,cong-nghe-ky-thuat-dien-dien-tu,A01,Điểm học bạ,2024,19.0,"Công nghệ kỹ thuật điện, điện tử"
98141,IUH,cong-nghe-ky-thuat-dien-dien-tu,C01,Điểm học bạ,2024,19.0,"Công nghệ kỹ thuật điện, điện tử"
98142,IUH,cong-nghe-ky-thuat-dien-dien-tu,D90,Điểm học bạ,2024,19.0,"Công nghệ kỹ thuật điện, điện tử"
98143,IUH,cong-nghe-ky-thuat-dien-dien-tu,A00,Điểm học bạ,2025,19.0,"Công nghệ kỹ thuật điện, điện tử (Đào tạo tại Quảng Ngãi)"
98144,IUH,cong-nghe-ky-thuat-dien-dien-tu,A01,Điểm học bạ,2025,19.0,"Công nghệ kỹ thuật điện, điện tử (Đào tạo tại Quảng Ngãi)"
98145,IUH,cong-nghe-ky-thuat-dien-dien-tu,C01,Điểm học bạ,2025,19.0,"Công nghệ kỹ thuật điện, điện tử (Đào tạo tại Quảng Ngãi)"
98146,IUH,cong-nghe-ky-thuat-dien-dien-tu,X05,Điểm học bạ,2025,19.0,"Công nghệ kỹ thuật điện, điện tử (Đào tạo tại Quảng Ngãi)"
98147,IUH,cong-nghe-ky-thuat-dien-dien-tu,X06,Điểm học bạ,2025,19.0,"Công nghệ kỹ thuật điện, điện tử (Đào tạo tại Quảng Ngãi)"
98148,IUH,cong-nghe-ky-thuat-dien-dien-tu,X07,Điểm học bạ,2025,19.0,"Công nghệ kỹ thuật điện, điện tử (Đào tạo tại Quảng Ngãi)"
98149,IUH,cong-nghe-ky-thuat-dien-dien-tu,A00,Điểm thi THPT,2025,16.0,"Công nghệ kỹ thuật điện, điện tử (Đào tạo tại Quảng Ngãi)"
98150,IUH,cong-nghe-ky-thuat-dien-dien-tu,A01,Điểm thi THPT,2025,16.0,"Công nghệ kỹ thuật điện, điện tử (Đào tạo tại Quảng Ngãi)"
98151,IUH,cong-nghe-ky-thuat-dien-dien-tu,C01,Điểm thi THPT,2025,16.0,"Công nghệ kỹ thuật điện, điện tử (Đào tạo tại Quảng Ngãi)"
98152,IUH,cong-nghe-ky-thuat-dien-dien-tu,X05,Điểm thi THPT,2025,16.0,"Công nghệ kỹ thuật điện, điện tử (Đào tạo tại Quảng Ngãi)"
98153,IUH,cong-nghe-ky-thuat-dien-dien-tu,X06,Điểm thi THPT,2025,16.0,"Công nghệ kỹ thuật điện, điện tử (Đào tạo tại Quảng Ngãi)"
98154,IUH,cong-nghe-ky-thuat-dien-dien-tu,X07,Điểm thi THPT,2025,16.0,"Công nghệ kỹ thuật điện, điện tử (Đào tạo tại Quảng Ngãi)"
98155,IUH,cong-nghe-ky-thuat-dien-dien-tu-gom-02-chuyen-nganh-cong-nghe-ky-thuat-dien-dien-tu-nang-luong-tai-tao,A00,Điểm học bạ,2021,21.5,"Công nghệ kỹ thuật Điện, Điện tử gồm 02 chuyên ngành: Công nghệ kỹ thuật điện, điện tử; Năng lượng tái tạo"
98156,IUH,cong-nghe-ky-thuat-dien-dien-tu-gom-02-chuyen-nganh-cong-nghe-ky-thuat-dien-dien-tu-nang-luong-tai-tao,A01,Điểm học bạ,2021,21.5,"Công nghệ kỹ thuật Điện, Điện tử gồm 02 chuyên ngành: Công nghệ kỹ thuật điện, điện tử; Năng lượng tái tạo"
98157,IUH,cong-nghe-ky-thuat-dien-dien-tu-gom-02-chuyen-nganh-cong-nghe-ky-thuat-dien-dien-tu-nang-luong-tai-tao,C01,Điểm học bạ,2021,21.5,"Công nghệ kỹ thuật Điện, Điện tử gồm 02 chuyên ngành: Công nghệ kỹ thuật điện, điện tử; Năng lượng tái tạo"
98158,IUH,cong-nghe-ky-thuat-dien-dien-tu-gom-02-chuyen-nganh-cong-nghe-ky-thuat-dien-dien-tu-nang-luong-tai-tao,D90,Điểm học bạ,2021,21.5,"Công nghệ kỹ thuật Điện, Điện tử gồm 02 chuyên ngành: Công nghệ kỹ thuật điện, điện tử; Năng lượng tái tạo"
98159,IUH,cong-nghe-ky-thuat-dien-dien-tu-gom-02-chuyen-nganh-cong-nghe-ky-thuat-dien-dien-tu-nang-luong-tai-tao,A00,Điểm thi THPT,2021,19.5,"Công nghệ kỹ thuật Điện, Điện tử gồm 02 chuyên ngành: Công nghệ kỹ thuật điện, điện tử; Năng lượng tái tạo"
98160,IUH,cong-nghe-ky-thuat-dien-dien-tu-gom-02-chuyen-nganh-cong-nghe-ky-thuat-dien-dien-tu-nang-luong-tai-tao,A01,Điểm thi THPT,2021,19.5,"Công nghệ kỹ thuật Điện, Điện tử gồm 02 chuyên ngành: Công nghệ kỹ thuật điện, điện tử; Năng lượng tái tạo"
98161,IUH,cong-nghe-ky-thuat-dien-dien-tu-gom-02-chuyen-nganh-cong-nghe-ky-thuat-dien-dien-tu-nang-luong-tai-tao,C01,Điểm thi THPT,2021,19.5,"Công nghệ kỹ thuật Điện, Điện tử gồm 02 chuyên ngành: Công nghệ kỹ thuật điện, điện tử; Năng lượng tái tạo"
98162,IUH,cong-nghe-ky-thuat-dien-dien-tu-gom-02-chuyen-nganh-cong-nghe-ky-thuat-dien-dien-tu-nang-luong-tai-tao,D90,Điểm thi THPT,2021,19.5,"Công nghệ kỹ thuật Điện, Điện tử gồm 02 chuyên ngành: Công nghệ kỹ thuật điện, điện tử; Năng lượng tái tạo"
98163,IUH,cong-nghe-ky-thuat-dien-dien-tu-gom-02-chuyen-nganh-cong-nghe-ky-thuat-dien-dien-tu-nang-luong-tai-tao,A00,Điểm thi THPT,2023,19.0,"Công nghệ kỹ thuật điện, điện tử gồm 02 chuyên ngành: Công nghệ kỹ thuật điện, điện tử; Năng lượng tái tạo,"
98164,IUH,cong-nghe-ky-thuat-dien-dien-tu-gom-02-chuyen-nganh-cong-nghe-ky-thuat-dien-dien-tu-nang-luong-tai-tao,A01,Điểm thi THPT,2023,19.0,"Công nghệ kỹ thuật điện, điện tử gồm 02 chuyên ngành: Công nghệ kỹ thuật điện, điện tử; Năng lượng tái tạo,"
98165,IUH,cong-nghe-ky-thuat-dien-dien-tu-gom-02-chuyen-nganh-cong-nghe-ky-thuat-dien-dien-tu-nang-luong-tai-tao,C01,Điểm thi THPT,2023,19.0,"Công nghệ kỹ thuật điện, điện tử gồm 02 chuyên ngành: Công nghệ kỹ thuật điện, điện tử; Năng lượng tái tạo,"
98166,IUH,cong-nghe-ky-thuat-dien-dien-tu-gom-02-chuyen-nganh-cong-nghe-ky-thuat-dien-dien-tu-nang-luong-tai-tao,D90,Điểm thi THPT,2023,19.0,"Công nghệ kỹ thuật điện, điện tử gồm 02 chuyên ngành: Công nghệ kỹ thuật điện, điện tử; Năng lượng tái tạo,"
98167,IUH,cong-nghe-ky-thuat-dien-dien-tu-gom-02-chuyen-nganh-cong-nghe-ky-thuat-dien-dien-tu-nang-luong-tai-tao,A00,Điểm học bạ,2024,24.0,"Công nghệ kỹ thuật điện, điện tử gồm 02 chuyên ngành: Công nghệ kỹ thuật điện, điện tử; Năng lượng tái tạo"
98168,IUH,cong-nghe-ky-thuat-dien-dien-tu-gom-02-chuyen-nganh-cong-nghe-ky-thuat-dien-dien-tu-nang-luong-tai-tao,A01,Điểm học bạ,2024,24.0,"Công nghệ kỹ thuật điện, điện tử gồm 02 chuyên ngành: Công nghệ kỹ thuật điện, điện tử; Năng lượng tái tạo"
98169,IUH,cong-nghe-ky-thuat-dien-dien-tu-gom-02-chuyen-nganh-cong-nghe-ky-thuat-dien-dien-tu-nang-luong-tai-tao,C01,Điểm học bạ,2024,24.0,"Công nghệ kỹ thuật điện, điện tử gồm 02 chuyên ngành: Công nghệ kỹ thuật điện, điện tử; Năng lượng tái tạo"
98170,IUH,cong-nghe-ky-thuat-dien-dien-tu-gom-02-chuyen-nganh-cong-nghe-ky-thuat-dien-dien-tu-nang-luong-tai-tao,D90,Điểm học bạ,2024,24.0,"Công nghệ kỹ thuật điện, điện tử gồm 02 chuyên ngành: Công nghệ kỹ thuật điện, điện tử; Năng lượng tái tạo"
98171,IUH,cong-nghe-ky-thuat-dien-dien-tu-gom-02-chuyen-nganh-cong-nghe-ky-thuat-dien-dien-tu-nang-luong-tai-tao,A00,Điểm thi THPT,2024,23.5,Công nghệ kỹ thuật điện; điện tử gồm 02 chuyên ngành: Công nghệ kỹ thuật điện; điện tử; Năng lượng tái tạo
98172,IUH,cong-nghe-ky-thuat-dien-dien-tu-gom-02-chuyen-nganh-cong-nghe-ky-thuat-dien-dien-tu-nang-luong-tai-tao,A01,Điểm thi THPT,2024,23.5,Công nghệ kỹ thuật điện; điện tử gồm 02 chuyên ngành: Công nghệ kỹ thuật điện; điện tử; Năng lượng tái tạo
98173,IUH,cong-nghe-ky-thuat-dien-dien-tu-gom-02-chuyen-nganh-cong-nghe-ky-thuat-dien-dien-tu-nang-luong-tai-tao,C01,Điểm thi THPT,2024,23.5,Công nghệ kỹ thuật điện; điện tử gồm 02 chuyên ngành: Công nghệ kỹ thuật điện; điện tử; Năng lượng tái tạo
98174,IUH,cong-nghe-ky-thuat-dien-dien-tu-gom-02-chuyen-nganh-cong-nghe-ky-thuat-dien-dien-tu-nang-luong-tai-tao,D90,Điểm thi THPT,2024,23.5,Công nghệ kỹ thuật điện; điện tử gồm 02 chuyên ngành: Công nghệ kỹ thuật điện; điện tử; Năng lượng tái tạo
98175,IUH,cong-nghe-ky-thuat-dien-dien-tu-gom-02-chuyen-nganh-cong-nghe-ky-thuat-dien-dien-tu-nang-luong-tai-tao,A00,Điểm học bạ,2025,26.5,"Công nghệ kỹ thuật điện, điện tử gồm 02 chuyên ngành: Công nghệ kỹ thuật điện, điện tử; Năng lượng tái tạo (CT tăng cường TA)"
98176,IUH,cong-nghe-ky-thuat-dien-dien-tu-gom-02-chuyen-nganh-cong-nghe-ky-thuat-dien-dien-tu-nang-luong-tai-tao,A01,Điểm học bạ,2025,26.5,"Công nghệ kỹ thuật điện, điện tử gồm 02 chuyên ngành: Công nghệ kỹ thuật điện, điện tử; Năng lượng tái tạo (CT tăng cường TA)"
98177,IUH,cong-nghe-ky-thuat-dien-dien-tu-gom-02-chuyen-nganh-cong-nghe-ky-thuat-dien-dien-tu-nang-luong-tai-tao,C01,Điểm học bạ,2025,26.5,"Công nghệ kỹ thuật điện, điện tử gồm 02 chuyên ngành: Công nghệ kỹ thuật điện, điện tử; Năng lượng tái tạo (CT tăng cường TA)"
98178,IUH,cong-nghe-ky-thuat-dien-dien-tu-gom-02-chuyen-nganh-cong-nghe-ky-thuat-dien-dien-tu-nang-luong-tai-tao,X05,Điểm học bạ,2025,26.5,"Công nghệ kỹ thuật điện, điện tử gồm 02 chuyên ngành: Công nghệ kỹ thuật điện, điện tử; Năng lượng tái tạo (CT tăng cường TA)"
98179,IUH,cong-nghe-ky-thuat-dien-dien-tu-gom-02-chuyen-nganh-cong-nghe-ky-thuat-dien-dien-tu-nang-luong-tai-tao,X06,Điểm học bạ,2025,26.5,"Công nghệ kỹ thuật điện, điện tử gồm 02 chuyên ngành: Công nghệ kỹ thuật điện, điện tử; Năng lượng tái tạo (CT tăng cường TA)"
98180,IUH,cong-nghe-ky-thuat-dien-dien-tu-gom-02-chuyen-nganh-cong-nghe-ky-thuat-dien-dien-tu-nang-luong-tai-tao,X07,Điểm học bạ,2025,26.5,"Công nghệ kỹ thuật điện, điện tử gồm 02 chuyên ngành: Công nghệ kỹ thuật điện, điện tử; Năng lượng tái tạo (CT tăng cường TA)"
98181,IUH,cong-nghe-ky-thuat-dien-dien-tu-gom-02-chuyen-nganh-cong-nghe-ky-thuat-dien-dien-tu-nang-luong-tai-tao,A00,Điểm thi THPT,2025,23.0,"Công nghệ kỹ thuật điện, điện tử gồm 02 chuyên ngành: Công nghệ kỹ thuật điện, điện tử; Năng lượng tái tạo (CT tăng cường TA)"
98182,IUH,cong-nghe-ky-thuat-dien-dien-tu-gom-02-chuyen-nganh-cong-nghe-ky-thuat-dien-dien-tu-nang-luong-tai-tao,A01,Điểm thi THPT,2025,23.0,"Công nghệ kỹ thuật điện, điện tử gồm 02 chuyên ngành: Công nghệ kỹ thuật điện, điện tử; Năng lượng tái tạo (CT tăng cường TA)"
98183,IUH,cong-nghe-ky-thuat-dien-dien-tu-gom-02-chuyen-nganh-cong-nghe-ky-thuat-dien-dien-tu-nang-luong-tai-tao,C01,Điểm thi THPT,2025,23.0,"Công nghệ kỹ thuật điện, điện tử gồm 02 chuyên ngành: Công nghệ kỹ thuật điện, điện tử; Năng lượng tái tạo (CT tăng cường TA)"
98184,IUH,cong-nghe-ky-thuat-dien-dien-tu-gom-02-chuyen-nganh-cong-nghe-ky-thuat-dien-dien-tu-nang-luong-tai-tao,X05,Điểm thi THPT,2025,23.0,"Công nghệ kỹ thuật điện, điện tử gồm 02 chuyên ngành: Công nghệ kỹ thuật điện, điện tử; Năng lượng tái tạo (CT tăng cường TA)"
98185,IUH,cong-nghe-ky-thuat-dien-dien-tu-gom-02-chuyen-nganh-cong-nghe-ky-thuat-dien-dien-tu-nang-luong-tai-tao,X06,Điểm thi THPT,2025,23.0,"Công nghệ kỹ thuật điện, điện tử gồm 02 chuyên ngành: Công nghệ kỹ thuật điện, điện tử; Năng lượng tái tạo (CT tăng cường TA)"
98186,IUH,cong-nghe-ky-thuat-dien-dien-tu-gom-02-chuyen-nganh-cong-nghe-ky-thuat-dien-dien-tu-nang-luong-tai-tao,X07,Điểm thi THPT,2025,23.0,"Công nghệ kỹ thuật điện, điện tử gồm 02 chuyên ngành: Công nghệ kỹ thuật điện, điện tử; Năng lượng tái tạo (CT tăng cường TA)"
98187,IUH,cong-nghe-ky-thuat-dien-dien-tu-gom-03-chuyen-nganh-cong-nghe-ky-thuat-dien-dien-tu-nang-luong-tai-tao-dien-hat-nhan,A00,Điểm học bạ,2025,28.11,"Công nghệ kỹ thuật điện, điện tử gồm 03 chuyên ngành: Công nghệ kỹ thuật điện, điện tử; Năng lượng tái tạo; Điện hạt nhân"
98188,IUH,cong-nghe-ky-thuat-dien-dien-tu-gom-03-chuyen-nganh-cong-nghe-ky-thuat-dien-dien-tu-nang-luong-tai-tao-dien-hat-nhan,A01,Điểm học bạ,2025,28.11,"Công nghệ kỹ thuật điện, điện tử gồm 03 chuyên ngành: Công nghệ kỹ thuật điện, điện tử; Năng lượng tái tạo; Điện hạt nhân"
98189,IUH,cong-nghe-ky-thuat-dien-dien-tu-gom-03-chuyen-nganh-cong-nghe-ky-thuat-dien-dien-tu-nang-luong-tai-tao-dien-hat-nhan,C01,Điểm học bạ,2025,28.11,"Công nghệ kỹ thuật điện, điện tử gồm 03 chuyên ngành: Công nghệ kỹ thuật điện, điện tử; Năng lượng tái tạo; Điện hạt nhân"
98190,IUH,cong-nghe-ky-thuat-dien-dien-tu-gom-03-chuyen-nganh-cong-nghe-ky-thuat-dien-dien-tu-nang-luong-tai-tao-dien-hat-nhan,X05,Điểm học bạ,2025,28.11,"Công nghệ kỹ thuật điện, điện tử gồm 03 chuyên ngành: Công nghệ kỹ thuật điện, điện tử; Năng lượng tái tạo; Điện hạt nhân"
98191,IUH,cong-nghe-ky-thuat-dien-dien-tu-gom-03-chuyen-nganh-cong-nghe-ky-thuat-dien-dien-tu-nang-luong-tai-tao-dien-hat-nhan,X06,Điểm học bạ,2025,28.11,"Công nghệ kỹ thuật điện, điện tử gồm 03 chuyên ngành: Công nghệ kỹ thuật điện, điện tử; Năng lượng tái tạo; Điện hạt nhân"
98192,IUH,cong-nghe-ky-thuat-dien-dien-tu-gom-03-chuyen-nganh-cong-nghe-ky-thuat-dien-dien-tu-nang-luong-tai-tao-dien-hat-nhan,X07,Điểm học bạ,2025,28.11,"Công nghệ kỹ thuật điện, điện tử gồm 03 chuyên ngành: Công nghệ kỹ thuật điện, điện tử; Năng lượng tái tạo; Điện hạt nhân"
98193,IUH,cong-nghe-ky-thuat-dien-dien-tu-gom-03-chuyen-nganh-cong-nghe-ky-thuat-dien-dien-tu-nang-luong-tai-tao-dien-hat-nhan,A00,Điểm thi THPT,2025,25.25,"Công nghệ kỹ thuật điện, điện tử gồm 03 chuyên ngành: Công nghệ kỹ thuật điện, điện tử; Năng lượng tái tạo; Điện hạt nhân"
98194,IUH,cong-nghe-ky-thuat-dien-dien-tu-gom-03-chuyen-nganh-cong-nghe-ky-thuat-dien-dien-tu-nang-luong-tai-tao-dien-hat-nhan,A01,Điểm thi THPT,2025,25.25,"Công nghệ kỹ thuật điện, điện tử gồm 03 chuyên ngành: Công nghệ kỹ thuật điện, điện tử; Năng lượng tái tạo; Điện hạt nhân"
98195,IUH,cong-nghe-ky-thuat-dien-dien-tu-gom-03-chuyen-nganh-cong-nghe-ky-thuat-dien-dien-tu-nang-luong-tai-tao-dien-hat-nhan,C01,Điểm thi THPT,2025,25.25,"Công nghệ kỹ thuật điện, điện tử gồm 03 chuyên ngành: Công nghệ kỹ thuật điện, điện tử; Năng lượng tái tạo; Điện hạt nhân"
98196,IUH,cong-nghe-ky-thuat-dien-dien-tu-gom-03-chuyen-nganh-cong-nghe-ky-thuat-dien-dien-tu-nang-luong-tai-tao-dien-hat-nhan,X05,Điểm thi THPT,2025,25.25,"Công nghệ kỹ thuật điện, điện tử gồm 03 chuyên ngành: Công nghệ kỹ thuật điện, điện tử; Năng lượng tái tạo; Điện hạt nhân"
98197,IUH,cong-nghe-ky-thuat-dien-dien-tu-gom-03-chuyen-nganh-cong-nghe-ky-thuat-dien-dien-tu-nang-luong-tai-tao-dien-hat-nhan,X06,Điểm thi THPT,2025,25.25,"Công nghệ kỹ thuật điện, điện tử gồm 03 chuyên ngành: Công nghệ kỹ thuật điện, điện tử; Năng lượng tái tạo; Điện hạt nhân"
98198,IUH,cong-nghe-ky-thuat-dien-dien-tu-gom-03-chuyen-nganh-cong-nghe-ky-thuat-dien-dien-tu-nang-luong-tai-tao-dien-hat-nhan,X07,Điểm thi THPT,2025,25.25,"Công nghệ kỹ thuật điện, điện tử gồm 03 chuyên ngành: Công nghệ kỹ thuật điện, điện tử; Năng lượng tái tạo; Điện hạt nhân"
98199,IUH,cong-nghe-ky-thuat-dien-dien-tu-gom-2-chuyen-nganh-cong-nghe-ky-thuat-dien-dien-tu-nang-luong-tai-tao,A00,Điểm thi THPT,2022,21.0,"Công nghệ kỹ thuật điện, điện tử gồm 2 chuyên ngành: Công nghệ kỹ thuật điện, điện tử; Năng lượng tái tạo."
98200,IUH,cong-nghe-ky-thuat-dien-dien-tu-gom-2-chuyen-nganh-cong-nghe-ky-thuat-dien-dien-tu-nang-luong-tai-tao,A01,Điểm thi THPT,2022,21.0,"Công nghệ kỹ thuật điện, điện tử gồm 2 chuyên ngành: Công nghệ kỹ thuật điện, điện tử; Năng lượng tái tạo."
98201,IUH,cong-nghe-ky-thuat-dien-dien-tu-gom-2-chuyen-nganh-cong-nghe-ky-thuat-dien-dien-tu-nang-luong-tai-tao,C01,Điểm thi THPT,2022,21.0,"Công nghệ kỹ thuật điện, điện tử gồm 2 chuyên ngành: Công nghệ kỹ thuật điện, điện tử; Năng lượng tái tạo."
98202,IUH,cong-nghe-ky-thuat-dien-dien-tu-gom-2-chuyen-nganh-cong-nghe-ky-thuat-dien-dien-tu-nang-luong-tai-tao,D90,Điểm thi THPT,2022,21.0,"Công nghệ kỹ thuật điện, điện tử gồm 2 chuyên ngành: Công nghệ kỹ thuật điện, điện tử; Năng lượng tái tạo."
98203,IUH,cong-nghe-ky-thuat-dien-tu-vien-thong,A00,Điểm học bạ,2021,22.0,Công nghệ kỹ thuật điện tử viễn thông
98204,IUH,cong-nghe-ky-thuat-dien-tu-vien-thong,A01,Điểm học bạ,2021,22.0,Công nghệ kỹ thuật điện tử viễn thông
98205,IUH,cong-nghe-ky-thuat-dien-tu-vien-thong,C01,Điểm học bạ,2021,22.0,Công nghệ kỹ thuật điện tử viễn thông
98206,IUH,cong-nghe-ky-thuat-dien-tu-vien-thong,D90,Điểm học bạ,2021,22.0,Công nghệ kỹ thuật điện tử viễn thông
98207,IUH,cong-nghe-ky-thuat-dien-tu-vien-thong,A00,Điểm thi THPT,2021,21.0,Công nghệ kỹ thuật điện tử - viễn thông
98208,IUH,cong-nghe-ky-thuat-dien-tu-vien-thong,A01,Điểm thi THPT,2021,21.0,Công nghệ kỹ thuật điện tử - viễn thông
98209,IUH,cong-nghe-ky-thuat-dien-tu-vien-thong,C01,Điểm thi THPT,2021,21.0,Công nghệ kỹ thuật điện tử - viễn thông
98210,IUH,cong-nghe-ky-thuat-dien-tu-vien-thong,D90,Điểm thi THPT,2021,21.0,Công nghệ kỹ thuật điện tử - viễn thông
98211,IUH,cong-nghe-ky-thuat-dien-tu-vien-thong,A00,Điểm học bạ,2022,24.0,Công nghệ kỹ thuật điện tử - viễn thông
98212,IUH,cong-nghe-ky-thuat-dien-tu-vien-thong,A01,Điểm học bạ,2022,24.0,Công nghệ kỹ thuật điện tử - viễn thông
98213,IUH,cong-nghe-ky-thuat-dien-tu-vien-thong,C01,Điểm học bạ,2022,24.0,Công nghệ kỹ thuật điện tử - viễn thông
98214,IUH,cong-nghe-ky-thuat-dien-tu-vien-thong,D90,Điểm học bạ,2022,24.0,Công nghệ kỹ thuật điện tử - viễn thông
98215,IUH,cong-nghe-ky-thuat-dien-tu-vien-thong,A00,Điểm học bạ,2023,21.0,Công nghệ kỹ thuật điện tử - viễn thông
98216,IUH,cong-nghe-ky-thuat-dien-tu-vien-thong,A01,Điểm học bạ,2023,21.0,Công nghệ kỹ thuật điện tử - viễn thông
98217,IUH,cong-nghe-ky-thuat-dien-tu-vien-thong,C01,Điểm học bạ,2023,21.0,Công nghệ kỹ thuật điện tử - viễn thông
98218,IUH,cong-nghe-ky-thuat-dien-tu-vien-thong,D90,Điểm học bạ,2023,21.0,Công nghệ kỹ thuật điện tử - viễn thông
98219,IUH,cong-nghe-ky-thuat-dien-tu-vien-thong,A00,Điểm thi THPT,2023,18.0,"Công nghệ kỹ thuật điện tứ - viễn thông Chương trình chất lượng cao gồm 02 chuyên ngành: Điện tử công nghiệp; Điện tử viễn thông,"
98220,IUH,cong-nghe-ky-thuat-dien-tu-vien-thong,A01,Điểm thi THPT,2023,18.0,"Công nghệ kỹ thuật điện tứ - viễn thông Chương trình chất lượng cao gồm 02 chuyên ngành: Điện tử công nghiệp; Điện tử viễn thông,"
98221,IUH,cong-nghe-ky-thuat-dien-tu-vien-thong,C01,Điểm thi THPT,2023,18.0,"Công nghệ kỹ thuật điện tứ - viễn thông Chương trình chất lượng cao gồm 02 chuyên ngành: Điện tử công nghiệp; Điện tử viễn thông,"
98222,IUH,cong-nghe-ky-thuat-dien-tu-vien-thong,D90,Điểm thi THPT,2023,18.0,"Công nghệ kỹ thuật điện tứ - viễn thông Chương trình chất lượng cao gồm 02 chuyên ngành: Điện tử công nghiệp; Điện tử viễn thông,"
98223,IUH,cong-nghe-ky-thuat-dien-tu-vien-thong-chuong-trinh,A00,Điểm học bạ,2024,23.5,Công nghệ kỹ thuật điện tử - viễn thông Chương trình tăng cường tiếng Anh gồm 02 chuyên ngành: Điện tử công nghiệp; Điện tử viễn thông
98224,IUH,cong-nghe-ky-thuat-dien-tu-vien-thong-chuong-trinh,A01,Điểm học bạ,2024,23.5,Công nghệ kỹ thuật điện tử - viễn thông Chương trình tăng cường tiếng Anh gồm 02 chuyên ngành: Điện tử công nghiệp; Điện tử viễn thông
98225,IUH,cong-nghe-ky-thuat-dien-tu-vien-thong-chuong-trinh,C01,Điểm học bạ,2024,23.5,Công nghệ kỹ thuật điện tử - viễn thông Chương trình tăng cường tiếng Anh gồm 02 chuyên ngành: Điện tử công nghiệp; Điện tử viễn thông
98226,IUH,cong-nghe-ky-thuat-dien-tu-vien-thong-chuong-trinh,D90,Điểm học bạ,2024,23.5,Công nghệ kỹ thuật điện tử - viễn thông Chương trình tăng cường tiếng Anh gồm 02 chuyên ngành: Điện tử công nghiệp; Điện tử viễn thông
98227,IUH,cong-nghe-ky-thuat-dien-tu-vien-thong-chuong-trinh,A00,Điểm thi THPT,2024,20.0,Công nghệ kỹ thuật điện tử - viễn thông Chương trình tăng cường tiếng Anh gồm 02 chuyên ngành: Điện tử công nghiệp; Điện tử viễn thông
98228,IUH,cong-nghe-ky-thuat-dien-tu-vien-thong-chuong-trinh,A01,Điểm thi THPT,2024,20.0,Công nghệ kỹ thuật điện tử - viễn thông Chương trình tăng cường tiếng Anh gồm 02 chuyên ngành: Điện tử công nghiệp; Điện tử viễn thông
98229,IUH,cong-nghe-ky-thuat-dien-tu-vien-thong-chuong-trinh,C01,Điểm thi THPT,2024,20.0,Công nghệ kỹ thuật điện tử - viễn thông Chương trình tăng cường tiếng Anh gồm 02 chuyên ngành: Điện tử công nghiệp; Điện tử viễn thông
98230,IUH,cong-nghe-ky-thuat-dien-tu-vien-thong-chuong-trinh,D90,Điểm thi THPT,2024,20.0,Công nghệ kỹ thuật điện tử - viễn thông Chương trình tăng cường tiếng Anh gồm 02 chuyên ngành: Điện tử công nghiệp; Điện tử viễn thông
98231,IUH,cong-nghe-ky-thuat-dien-tu-vien-thong-gom-02-chuyen-nganh-dien-tu-cong-nghiep-dien-tu-vien-thong,A00,Điểm học bạ,2025,25.75,Công nghệ kỹ thuật điện tử - viễn thông gồm 02 chuyên ngành: Điện tử công nghiệp; Điện tử viễn thông (CT tăng cường TA)
98232,IUH,cong-nghe-ky-thuat-dien-tu-vien-thong-gom-02-chuyen-nganh-dien-tu-cong-nghiep-dien-tu-vien-thong,A01,Điểm học bạ,2025,25.75,Công nghệ kỹ thuật điện tử - viễn thông gồm 02 chuyên ngành: Điện tử công nghiệp; Điện tử viễn thông (CT tăng cường TA)
98233,IUH,cong-nghe-ky-thuat-dien-tu-vien-thong-gom-02-chuyen-nganh-dien-tu-cong-nghiep-dien-tu-vien-thong,C01,Điểm học bạ,2025,25.75,Công nghệ kỹ thuật điện tử - viễn thông gồm 02 chuyên ngành: Điện tử công nghiệp; Điện tử viễn thông (CT tăng cường TA)
98234,IUH,cong-nghe-ky-thuat-dien-tu-vien-thong-gom-02-chuyen-nganh-dien-tu-cong-nghiep-dien-tu-vien-thong,X05,Điểm học bạ,2025,25.75,Công nghệ kỹ thuật điện tử - viễn thông gồm 02 chuyên ngành: Điện tử công nghiệp; Điện tử viễn thông (CT tăng cường TA)
98235,IUH,cong-nghe-ky-thuat-dien-tu-vien-thong-gom-02-chuyen-nganh-dien-tu-cong-nghiep-dien-tu-vien-thong,X06,Điểm học bạ,2025,25.75,Công nghệ kỹ thuật điện tử - viễn thông gồm 02 chuyên ngành: Điện tử công nghiệp; Điện tử viễn thông (CT tăng cường TA)
98236,IUH,cong-nghe-ky-thuat-dien-tu-vien-thong-gom-02-chuyen-nganh-dien-tu-cong-nghiep-dien-tu-vien-thong,X07,Điểm học bạ,2025,25.75,Công nghệ kỹ thuật điện tử - viễn thông gồm 02 chuyên ngành: Điện tử công nghiệp; Điện tử viễn thông (CT tăng cường TA)
98237,IUH,cong-nghe-ky-thuat-dien-tu-vien-thong-gom-02-chuyen-nganh-dien-tu-cong-nghiep-dien-tu-vien-thong,A00,Điểm thi THPT,2025,22.0,Công nghệ kỹ thuật điện tử - viễn thông gồm 02 chuyên ngành: Điện tử công nghiệp; Điện tử viễn thông (CT tăng cường TA)
98238,IUH,cong-nghe-ky-thuat-dien-tu-vien-thong-gom-02-chuyen-nganh-dien-tu-cong-nghiep-dien-tu-vien-thong,A01,Điểm thi THPT,2025,22.0,Công nghệ kỹ thuật điện tử - viễn thông gồm 02 chuyên ngành: Điện tử công nghiệp; Điện tử viễn thông (CT tăng cường TA)
98239,IUH,cong-nghe-ky-thuat-dien-tu-vien-thong-gom-02-chuyen-nganh-dien-tu-cong-nghiep-dien-tu-vien-thong,C01,Điểm thi THPT,2025,22.0,Công nghệ kỹ thuật điện tử - viễn thông gồm 02 chuyên ngành: Điện tử công nghiệp; Điện tử viễn thông (CT tăng cường TA)
98240,IUH,cong-nghe-ky-thuat-dien-tu-vien-thong-gom-02-chuyen-nganh-dien-tu-cong-nghiep-dien-tu-vien-thong,X05,Điểm thi THPT,2025,22.0,Công nghệ kỹ thuật điện tử - viễn thông gồm 02 chuyên ngành: Điện tử công nghiệp; Điện tử viễn thông (CT tăng cường TA)
98241,IUH,cong-nghe-ky-thuat-dien-tu-vien-thong-gom-02-chuyen-nganh-dien-tu-cong-nghiep-dien-tu-vien-thong,X06,Điểm thi THPT,2025,22.0,Công nghệ kỹ thuật điện tử - viễn thông gồm 02 chuyên ngành: Điện tử công nghiệp; Điện tử viễn thông (CT tăng cường TA)
98242,IUH,cong-nghe-ky-thuat-dien-tu-vien-thong-gom-02-chuyen-nganh-dien-tu-cong-nghiep-dien-tu-vien-thong,X07,Điểm thi THPT,2025,22.0,Công nghệ kỹ thuật điện tử - viễn thông gồm 02 chuyên ngành: Điện tử công nghiệp; Điện tử viễn thông (CT tăng cường TA)
98243,IUH,cong-nghe-ky-thuat-dien-tu-vien-thong-gom-03-chuyen-nganh-dien-tu-cong-nghiep-dien-tu-vien-thong-iot-va-tri-tue-nhan-ta0ung-dung,A00,Điểm thi THPT,2023,20.75,"Công nghệ kỹ thuật điện tử - viễn thông gồm 03 chuyên ngành: Điện tử công nghiệp; Điện tử viễn thông; IOT và Trí tuệ nhân tạ0ứng dụng,"
98244,IUH,cong-nghe-ky-thuat-dien-tu-vien-thong-gom-03-chuyen-nganh-dien-tu-cong-nghiep-dien-tu-vien-thong-iot-va-tri-tue-nhan-ta0ung-dung,A01,Điểm thi THPT,2023,20.75,"Công nghệ kỹ thuật điện tử - viễn thông gồm 03 chuyên ngành: Điện tử công nghiệp; Điện tử viễn thông; IOT và Trí tuệ nhân tạ0ứng dụng,"
98245,IUH,cong-nghe-ky-thuat-dien-tu-vien-thong-gom-03-chuyen-nganh-dien-tu-cong-nghiep-dien-tu-vien-thong-iot-va-tri-tue-nhan-ta0ung-dung,C01,Điểm thi THPT,2023,20.75,"Công nghệ kỹ thuật điện tử - viễn thông gồm 03 chuyên ngành: Điện tử công nghiệp; Điện tử viễn thông; IOT và Trí tuệ nhân tạ0ứng dụng,"
98246,IUH,cong-nghe-ky-thuat-dien-tu-vien-thong-gom-03-chuyen-nganh-dien-tu-cong-nghiep-dien-tu-vien-thong-iot-va-tri-tue-nhan-ta0ung-dung,D90,Điểm thi THPT,2023,20.75,"Công nghệ kỹ thuật điện tử - viễn thông gồm 03 chuyên ngành: Điện tử công nghiệp; Điện tử viễn thông; IOT và Trí tuệ nhân tạ0ứng dụng,"
98247,IUH,cong-nghe-ky-thuat-dien-tu-vien-thong-gom-03-chuyen-nganh-dien-tu-cong-nghiep-dien-tu-vien-thong-iot-va-tri-tue-nhan-tao-ung-dung,A00,Điểm học bạ,2024,25.0,Công nghệ kỹ thuật điện tử - viễn thông gồm 03 chuyên ngành: Điện tử công nghiệp; Điện tử viễn thông; IOT và Trí tuệ nhân tạo ứng dụng
98248,IUH,cong-nghe-ky-thuat-dien-tu-vien-thong-gom-03-chuyen-nganh-dien-tu-cong-nghiep-dien-tu-vien-thong-iot-va-tri-tue-nhan-tao-ung-dung,A01,Điểm học bạ,2024,25.0,Công nghệ kỹ thuật điện tử - viễn thông gồm 03 chuyên ngành: Điện tử công nghiệp; Điện tử viễn thông; IOT và Trí tuệ nhân tạo ứng dụng
98249,IUH,cong-nghe-ky-thuat-dien-tu-vien-thong-gom-03-chuyen-nganh-dien-tu-cong-nghiep-dien-tu-vien-thong-iot-va-tri-tue-nhan-tao-ung-dung,C01,Điểm học bạ,2024,25.0,Công nghệ kỹ thuật điện tử - viễn thông gồm 03 chuyên ngành: Điện tử công nghiệp; Điện tử viễn thông; IOT và Trí tuệ nhân tạo ứng dụng
98250,IUH,cong-nghe-ky-thuat-dien-tu-vien-thong-gom-03-chuyen-nganh-dien-tu-cong-nghiep-dien-tu-vien-thong-iot-va-tri-tue-nhan-tao-ung-dung,D90,Điểm học bạ,2024,25.0,Công nghệ kỹ thuật điện tử - viễn thông gồm 03 chuyên ngành: Điện tử công nghiệp; Điện tử viễn thông; IOT và Trí tuệ nhân tạo ứng dụng
98251,IUH,cong-nghe-ky-thuat-dien-tu-vien-thong-gom-03-chuyen-nganh-dien-tu-cong-nghiep-dien-tu-vien-thong-iot-va-tri-tue-nhan-tao-ung-dung,A00,Điểm thi THPT,2024,23.0,Công nghệ kỹ thuật điện tử - viễn thông gồm 03 chuyên ngành: Điện tử công nghiệp; Điện tử viễn thông; IOT và Trí tuệ nhân tạo ứng dụng
98252,IUH,cong-nghe-ky-thuat-dien-tu-vien-thong-gom-03-chuyen-nganh-dien-tu-cong-nghiep-dien-tu-vien-thong-iot-va-tri-tue-nhan-tao-ung-dung,A01,Điểm thi THPT,2024,23.0,Công nghệ kỹ thuật điện tử - viễn thông gồm 03 chuyên ngành: Điện tử công nghiệp; Điện tử viễn thông; IOT và Trí tuệ nhân tạo ứng dụng
98253,IUH,cong-nghe-ky-thuat-dien-tu-vien-thong-gom-03-chuyen-nganh-dien-tu-cong-nghiep-dien-tu-vien-thong-iot-va-tri-tue-nhan-tao-ung-dung,C01,Điểm thi THPT,2024,23.0,Công nghệ kỹ thuật điện tử - viễn thông gồm 03 chuyên ngành: Điện tử công nghiệp; Điện tử viễn thông; IOT và Trí tuệ nhân tạo ứng dụng
98254,IUH,cong-nghe-ky-thuat-dien-tu-vien-thong-gom-03-chuyen-nganh-dien-tu-cong-nghiep-dien-tu-vien-thong-iot-va-tri-tue-nhan-tao-ung-dung,D90,Điểm thi THPT,2024,23.0,Công nghệ kỹ thuật điện tử - viễn thông gồm 03 chuyên ngành: Điện tử công nghiệp; Điện tử viễn thông; IOT và Trí tuệ nhân tạo ứng dụng
98255,IUH,cong-nghe-ky-thuat-dien-tu-vien-thong-gom-03-chuyen-nganh-dien-tu-cong-nghiep-dien-tu-vien-thong-iot-va-tri-tue-nhan-tao-ung-dung,A00,Điểm học bạ,2025,27.43,Công nghệ kỹ thuật điện tử - viễn thông gồm 03 chuyên ngành: Điện tử công nghiệp; Điện tử viễn thông; IOT và Trí tuệ nhân tạo ứng dụng
98256,IUH,cong-nghe-ky-thuat-dien-tu-vien-thong-gom-03-chuyen-nganh-dien-tu-cong-nghiep-dien-tu-vien-thong-iot-va-tri-tue-nhan-tao-ung-dung,A01,Điểm học bạ,2025,27.43,Công nghệ kỹ thuật điện tử - viễn thông gồm 03 chuyên ngành: Điện tử công nghiệp; Điện tử viễn thông; IOT và Trí tuệ nhân tạo ứng dụng
98257,IUH,cong-nghe-ky-thuat-dien-tu-vien-thong-gom-03-chuyen-nganh-dien-tu-cong-nghiep-dien-tu-vien-thong-iot-va-tri-tue-nhan-tao-ung-dung,C01,Điểm học bạ,2025,27.43,Công nghệ kỹ thuật điện tử - viễn thông gồm 03 chuyên ngành: Điện tử công nghiệp; Điện tử viễn thông; IOT và Trí tuệ nhân tạo ứng dụng
98258,IUH,cong-nghe-ky-thuat-dien-tu-vien-thong-gom-03-chuyen-nganh-dien-tu-cong-nghiep-dien-tu-vien-thong-iot-va-tri-tue-nhan-tao-ung-dung,X05,Điểm học bạ,2025,27.43,Công nghệ kỹ thuật điện tử - viễn thông gồm 03 chuyên ngành: Điện tử công nghiệp; Điện tử viễn thông; IOT và Trí tuệ nhân tạo ứng dụng
98259,IUH,cong-nghe-ky-thuat-dien-tu-vien-thong-gom-03-chuyen-nganh-dien-tu-cong-nghiep-dien-tu-vien-thong-iot-va-tri-tue-nhan-tao-ung-dung,X06,Điểm học bạ,2025,27.43,Công nghệ kỹ thuật điện tử - viễn thông gồm 03 chuyên ngành: Điện tử công nghiệp; Điện tử viễn thông; IOT và Trí tuệ nhân tạo ứng dụng
98260,IUH,cong-nghe-ky-thuat-dien-tu-vien-thong-gom-03-chuyen-nganh-dien-tu-cong-nghiep-dien-tu-vien-thong-iot-va-tri-tue-nhan-tao-ung-dung,X07,Điểm học bạ,2025,27.43,Công nghệ kỹ thuật điện tử - viễn thông gồm 03 chuyên ngành: Điện tử công nghiệp; Điện tử viễn thông; IOT và Trí tuệ nhân tạo ứng dụng
98261,IUH,cong-nghe-ky-thuat-dien-tu-vien-thong-gom-03-chuyen-nganh-dien-tu-cong-nghiep-dien-tu-vien-thong-iot-va-tri-tue-nhan-tao-ung-dung,A00,Điểm thi THPT,2025,24.25,Công nghệ kỹ thuật điện tử - viễn thông gồm 03 chuyên ngành: Điện tử công nghiệp; Điện tử viễn thông; IOT và Trí tuệ nhân tạo ứng dụng
98262,IUH,cong-nghe-ky-thuat-dien-tu-vien-thong-gom-03-chuyen-nganh-dien-tu-cong-nghiep-dien-tu-vien-thong-iot-va-tri-tue-nhan-tao-ung-dung,A01,Điểm thi THPT,2025,24.25,Công nghệ kỹ thuật điện tử - viễn thông gồm 03 chuyên ngành: Điện tử công nghiệp; Điện tử viễn thông; IOT và Trí tuệ nhân tạo ứng dụng
98263,IUH,cong-nghe-ky-thuat-dien-tu-vien-thong-gom-03-chuyen-nganh-dien-tu-cong-nghiep-dien-tu-vien-thong-iot-va-tri-tue-nhan-tao-ung-dung,C01,Điểm thi THPT,2025,24.25,Công nghệ kỹ thuật điện tử - viễn thông gồm 03 chuyên ngành: Điện tử công nghiệp; Điện tử viễn thông; IOT và Trí tuệ nhân tạo ứng dụng
98264,IUH,cong-nghe-ky-thuat-dien-tu-vien-thong-gom-03-chuyen-nganh-dien-tu-cong-nghiep-dien-tu-vien-thong-iot-va-tri-tue-nhan-tao-ung-dung,X05,Điểm thi THPT,2025,24.25,Công nghệ kỹ thuật điện tử - viễn thông gồm 03 chuyên ngành: Điện tử công nghiệp; Điện tử viễn thông; IOT và Trí tuệ nhân tạo ứng dụng
98265,IUH,cong-nghe-ky-thuat-dien-tu-vien-thong-gom-03-chuyen-nganh-dien-tu-cong-nghiep-dien-tu-vien-thong-iot-va-tri-tue-nhan-tao-ung-dung,X06,Điểm thi THPT,2025,24.25,Công nghệ kỹ thuật điện tử - viễn thông gồm 03 chuyên ngành: Điện tử công nghiệp; Điện tử viễn thông; IOT và Trí tuệ nhân tạo ứng dụng
98266,IUH,cong-nghe-ky-thuat-dien-tu-vien-thong-gom-03-chuyen-nganh-dien-tu-cong-nghiep-dien-tu-vien-thong-iot-va-tri-tue-nhan-tao-ung-dung,X07,Điểm thi THPT,2025,24.25,Công nghệ kỹ thuật điện tử - viễn thông gồm 03 chuyên ngành: Điện tử công nghiệp; Điện tử viễn thông; IOT và Trí tuệ nhân tạo ứng dụng
98267,IUH,cong-nghe-ky-thuat-dien-tu-vien-thong-gom-2-chuyen-nganh-dien-tu-cong-nghiep-ky-thuat-dien-tu-vien-thong,A00,Điểm thi THPT,2022,19.0,"Công nghệ kỹ thuật điện tử - viễn thông gồm 2 chuyên ngành: Điện tử công nghiệp; Kỹ thuật điện tử, viễn thông"
98268,IUH,cong-nghe-ky-thuat-dien-tu-vien-thong-gom-2-chuyen-nganh-dien-tu-cong-nghiep-ky-thuat-dien-tu-vien-thong,A01,Điểm thi THPT,2022,19.0,"Công nghệ kỹ thuật điện tử - viễn thông gồm 2 chuyên ngành: Điện tử công nghiệp; Kỹ thuật điện tử, viễn thông"
98269,IUH,cong-nghe-ky-thuat-dien-tu-vien-thong-gom-2-chuyen-nganh-dien-tu-cong-nghiep-ky-thuat-dien-tu-vien-thong,C01,Điểm thi THPT,2022,19.0,"Công nghệ kỹ thuật điện tử - viễn thông gồm 2 chuyên ngành: Điện tử công nghiệp; Kỹ thuật điện tử, viễn thông"
98270,IUH,cong-nghe-ky-thuat-dien-tu-vien-thong-gom-2-chuyen-nganh-dien-tu-cong-nghiep-ky-thuat-dien-tu-vien-thong,D90,Điểm thi THPT,2022,19.0,"Công nghệ kỹ thuật điện tử - viễn thông gồm 2 chuyên ngành: Điện tử công nghiệp; Kỹ thuật điện tử, viễn thông"
98271,IUH,cong-nghe-ky-thuat-dieu-khien-va-tu-dong-hoa,A00,Điểm học bạ,2022,27.0,Công nghệ kỹ thuật diều khiển và tự động hóa
98272,IUH,cong-nghe-ky-thuat-dieu-khien-va-tu-dong-hoa,A01,Điểm học bạ,2022,27.0,Công nghệ kỹ thuật diều khiển và tự động hóa
98273,IUH,cong-nghe-ky-thuat-dieu-khien-va-tu-dong-hoa,C01,Điểm học bạ,2022,27.0,Công nghệ kỹ thuật diều khiển và tự động hóa
98274,IUH,cong-nghe-ky-thuat-dieu-khien-va-tu-dong-hoa,D90,Điểm học bạ,2022,27.0,Công nghệ kỹ thuật diều khiển và tự động hóa
98275,IUH,cong-nghe-ky-thuat-dieu-khien-va-tu-dong-hoa,A00,Điểm học bạ,2023,24.5,Công nghệ kỹ thuật điều khiển và tự động hóa
98276,IUH,cong-nghe-ky-thuat-dieu-khien-va-tu-dong-hoa,A01,Điểm học bạ,2023,24.5,Công nghệ kỹ thuật điều khiển và tự động hóa
98277,IUH,cong-nghe-ky-thuat-dieu-khien-va-tu-dong-hoa,C01,Điểm học bạ,2023,24.5,Công nghệ kỹ thuật điều khiển và tự động hóa
98278,IUH,cong-nghe-ky-thuat-dieu-khien-va-tu-dong-hoa,D90,Điểm học bạ,2023,24.5,Công nghệ kỹ thuật điều khiển và tự động hóa
98279,IUH,cong-nghe-ky-thuat-dieu-khien-va-tu-dong-hoa-gom-02-chuyen-nganh-cong-nghe-ky-thuat-dieu-khien-va-tu-dong-hoa-robot-va-he-thong-dieu-khien-thong-minh,A00,Điểm thi THPT,2023,20.5,"Công nghệ kỹ thuật điều khiển và tự động hoá gồm 02 chuyên ngành: Công nghệ kỹ thuật điều khiển và tự động hóa; Robot và hệ thống điều khiển thông minh,"
98280,IUH,cong-nghe-ky-thuat-dieu-khien-va-tu-dong-hoa-gom-02-chuyen-nganh-cong-nghe-ky-thuat-dieu-khien-va-tu-dong-hoa-robot-va-he-thong-dieu-khien-thong-minh,A01,Điểm thi THPT,2023,20.5,"Công nghệ kỹ thuật điều khiển và tự động hoá gồm 02 chuyên ngành: Công nghệ kỹ thuật điều khiển và tự động hóa; Robot và hệ thống điều khiển thông minh,"
98281,IUH,cong-nghe-ky-thuat-dieu-khien-va-tu-dong-hoa-gom-02-chuyen-nganh-cong-nghe-ky-thuat-dieu-khien-va-tu-dong-hoa-robot-va-he-thong-dieu-khien-thong-minh,C01,Điểm thi THPT,2023,20.5,"Công nghệ kỹ thuật điều khiển và tự động hoá gồm 02 chuyên ngành: Công nghệ kỹ thuật điều khiển và tự động hóa; Robot và hệ thống điều khiển thông minh,"
98282,IUH,cong-nghe-ky-thuat-dieu-khien-va-tu-dong-hoa-gom-02-chuyen-nganh-cong-nghe-ky-thuat-dieu-khien-va-tu-dong-hoa-robot-va-he-thong-dieu-khien-thong-minh,D90,Điểm thi THPT,2023,20.5,"Công nghệ kỹ thuật điều khiển và tự động hoá gồm 02 chuyên ngành: Công nghệ kỹ thuật điều khiển và tự động hóa; Robot và hệ thống điều khiển thông minh,"
98283,IUH,cong-nghe-ky-thuat-hoa-hoc,A00,Điểm học bạ,2021,21.0,Công nghệ kỹ thuật hóa học
98284,IUH,cong-nghe-ky-thuat-hoa-hoc,B00,Điểm học bạ,2021,21.0,Công nghệ kỹ thuật hóa học
98285,IUH,cong-nghe-ky-thuat-hoa-hoc,D07,Điểm học bạ,2021,21.0,Công nghệ kỹ thuật hóa học
98286,IUH,cong-nghe-ky-thuat-hoa-hoc,D90,Điểm học bạ,2021,21.0,Công nghệ kỹ thuật hóa học
98287,IUH,cong-nghe-ky-thuat-hoa-hoc,A00,Điểm thi THPT,2021,17.5,Công nghệ kỹ thuật hóa học
98288,IUH,cong-nghe-ky-thuat-hoa-hoc,B00,Điểm thi THPT,2021,17.5,Công nghệ kỹ thuật hóa học
98289,IUH,cong-nghe-ky-thuat-hoa-hoc,D07,Điểm thi THPT,2021,17.5,Công nghệ kỹ thuật hóa học
98290,IUH,cong-nghe-ky-thuat-hoa-hoc,D90,Điểm thi THPT,2021,17.5,Công nghệ kỹ thuật hóa học
98291,IUH,cong-nghe-ky-thuat-hoa-hoc,A00,Điểm học bạ,2022,22.0,Công nghệ kỹ thuật hóa học
98292,IUH,cong-nghe-ky-thuat-hoa-hoc,B00,Điểm học bạ,2022,22.0,Công nghệ kỹ thuật hóa học
98293,IUH,cong-nghe-ky-thuat-hoa-hoc,C02,Điểm học bạ,2022,22.0,Công nghệ kỹ thuật hóa học
98294,IUH,cong-nghe-ky-thuat-hoa-hoc,D07,Điểm học bạ,2022,22.0,Công nghệ kỹ thuật hóa học
98295,IUH,cong-nghe-ky-thuat-hoa-hoc,A00,Điểm học bạ,2023,21.0,Công nghệ kỹ thuật hoá học
98296,IUH,cong-nghe-ky-thuat-hoa-hoc,B00,Điểm học bạ,2023,21.0,Công nghệ kỹ thuật hoá học
98297,IUH,cong-nghe-ky-thuat-hoa-hoc,C02,Điểm học bạ,2023,21.0,Công nghệ kỹ thuật hoá học
98298,IUH,cong-nghe-ky-thuat-hoa-hoc,D07,Điểm học bạ,2023,21.0,Công nghệ kỹ thuật hoá học
98299,IUH,cong-nghe-ky-thuat-hoa-hoc,A00,Điểm thi THPT,2023,18.0,Công nghệ kỹ thuật hóa học
98300,IUH,cong-nghe-ky-thuat-hoa-hoc,B00,Điểm thi THPT,2023,18.0,Công nghệ kỹ thuật hóa học
98301,IUH,cong-nghe-ky-thuat-hoa-hoc,C02,Điểm thi THPT,2023,18.0,Công nghệ kỹ thuật hóa học
98302,IUH,cong-nghe-ky-thuat-hoa-hoc,D07,Điểm thi THPT,2023,18.0,Công nghệ kỹ thuật hóa học
98303,IUH,cong-nghe-ky-thuat-may-tinh,A00,Điểm học bạ,2021,21.0,Công nghệ kỹ thuật máy tính
98304,IUH,cong-nghe-ky-thuat-may-tinh,A01,Điểm học bạ,2021,21.0,Công nghệ kỹ thuật máy tính
98305,IUH,cong-nghe-ky-thuat-may-tinh,C01,Điểm học bạ,2021,21.0,Công nghệ kỹ thuật máy tính
98306,IUH,cong-nghe-ky-thuat-may-tinh,D90,Điểm học bạ,2021,21.0,Công nghệ kỹ thuật máy tính
98307,IUH,cong-nghe-ky-thuat-may-tinh,A00,Điểm thi THPT,2021,19.5,Công nghệ kỹ thuật máy tính
98308,IUH,cong-nghe-ky-thuat-may-tinh,A01,Điểm thi THPT,2021,19.5,Công nghệ kỹ thuật máy tính
98309,IUH,cong-nghe-ky-thuat-may-tinh,C01,Điểm thi THPT,2021,19.5,Công nghệ kỹ thuật máy tính
98310,IUH,cong-nghe-ky-thuat-may-tinh,D90,Điểm thi THPT,2021,19.5,Công nghệ kỹ thuật máy tính
98311,IUH,cong-nghe-ky-thuat-may-tinh,A00,Điểm học bạ,2022,25.0,Công nghệ kỹ thuật máy tính
98312,IUH,cong-nghe-ky-thuat-may-tinh,A01,Điểm học bạ,2022,25.0,Công nghệ kỹ thuật máy tính
98313,IUH,cong-nghe-ky-thuat-may-tinh,C01,Điểm học bạ,2022,25.0,Công nghệ kỹ thuật máy tính
98314,IUH,cong-nghe-ky-thuat-may-tinh,D90,Điểm học bạ,2022,25.0,Công nghệ kỹ thuật máy tính
98315,IUH,cong-nghe-ky-thuat-may-tinh,A00,Điểm thi THPT,2022,22.0,Công nghệ kỹ thuật máy tính
98316,IUH,cong-nghe-ky-thuat-may-tinh,A01,Điểm thi THPT,2022,22.0,Công nghệ kỹ thuật máy tính
98317,IUH,cong-nghe-ky-thuat-may-tinh,C01,Điểm thi THPT,2022,22.0,Công nghệ kỹ thuật máy tính
98318,IUH,cong-nghe-ky-thuat-may-tinh,D90,Điểm thi THPT,2022,22.0,Công nghệ kỹ thuật máy tính
98319,IUH,cong-nghe-ky-thuat-may-tinh,A00,Điểm học bạ,2023,23.0,Công nghệ kỹ thuật máy tính
98320,IUH,cong-nghe-ky-thuat-may-tinh,A01,Điểm học bạ,2023,23.0,Công nghệ kỹ thuật máy tính
98321,IUH,cong-nghe-ky-thuat-may-tinh,C01,Điểm học bạ,2023,23.0,Công nghệ kỹ thuật máy tính
98322,IUH,cong-nghe-ky-thuat-may-tinh,D90,Điểm học bạ,2023,23.0,Công nghệ kỹ thuật máy tính
98323,IUH,cong-nghe-ky-thuat-may-tinh,A00,Điểm thi THPT,2023,21.75,Công nghệ kỹ thuật máy tính
98324,IUH,cong-nghe-ky-thuat-may-tinh,A01,Điểm thi THPT,2023,21.75,Công nghệ kỹ thuật máy tính
98325,IUH,cong-nghe-ky-thuat-may-tinh,C01,Điểm thi THPT,2023,21.75,Công nghệ kỹ thuật máy tính
98326,IUH,cong-nghe-ky-thuat-may-tinh,D90,Điểm thi THPT,2023,21.75,Công nghệ kỹ thuật máy tính
98327,IUH,cong-nghe-ky-thuat-moi-truong,B00,Điểm thi THPT,2023,19.0,"Công nghệ kỹ thuật môi trường,"
98328,IUH,cong-nghe-ky-thuat-moi-truong,C02,Điểm thi THPT,2023,19.0,"Công nghệ kỹ thuật môi trường,"
98329,IUH,cong-nghe-ky-thuat-moi-truong,D90,Điểm thi THPT,2023,19.0,"Công nghệ kỹ thuật môi trường,"
98330,IUH,cong-nghe-ky-thuat-moi-truong,D96,Điểm thi THPT,2023,19.0,"Công nghệ kỹ thuật môi trường,"
98331,IUH,cong-nghe-ky-thuat-moi-truong,A00,Điểm học bạ,2024,21.0,Công nghệ kỹ thuật môi trường
98332,IUH,cong-nghe-ky-thuat-moi-truong,B00,Điểm học bạ,2024,21.0,Công nghệ kỹ thuật môi trường
98333,IUH,cong-nghe-ky-thuat-moi-truong,D07,Điểm học bạ,2024,21.0,Công nghệ kỹ thuật môi trường
98334,IUH,cong-nghe-ky-thuat-moi-truong,D90,Điểm học bạ,2024,21.0,Công nghệ kỹ thuật môi trường
98335,IUH,cong-nghe-ky-thuat-moi-truong,A00,Điểm thi THPT,2024,19.0,Công nghệ kỹ thuật môi trường
98336,IUH,cong-nghe-ky-thuat-moi-truong,B00,Điểm thi THPT,2024,19.0,Công nghệ kỹ thuật môi trường
98337,IUH,cong-nghe-ky-thuat-moi-truong,D07,Điểm thi THPT,2024,19.0,Công nghệ kỹ thuật môi trường
98338,IUH,cong-nghe-ky-thuat-moi-truong,D90,Điểm thi THPT,2024,19.0,Công nghệ kỹ thuật môi trường
98339,IUH,cong-nghe-ky-thuat-moi-truong,A00,Điểm học bạ,2025,22.0,Công nghệ kỹ thuật môi trường
98340,IUH,cong-nghe-ky-thuat-moi-truong,B00,Điểm học bạ,2025,22.0,Công nghệ kỹ thuật môi trường
98341,IUH,cong-nghe-ky-thuat-moi-truong,C02,Điểm học bạ,2025,22.0,Công nghệ kỹ thuật môi trường
98342,IUH,cong-nghe-ky-thuat-moi-truong,D07,Điểm học bạ,2025,22.0,Công nghệ kỹ thuật môi trường
98343,IUH,cong-nghe-ky-thuat-moi-truong,X11,Điểm học bạ,2025,22.0,Công nghệ kỹ thuật môi trường
98344,IUH,cong-nghe-ky-thuat-moi-truong,A00,Điểm thi THPT,2025,18.0,Công nghệ kỹ thuật môi trường
98345,IUH,cong-nghe-ky-thuat-moi-truong,B00,Điểm thi THPT,2025,18.0,Công nghệ kỹ thuật môi trường
98346,IUH,cong-nghe-ky-thuat-moi-truong,C02,Điểm thi THPT,2025,18.0,Công nghệ kỹ thuật môi trường
98347,IUH,cong-nghe-ky-thuat-moi-truong,D07,Điểm thi THPT,2025,18.0,Công nghệ kỹ thuật môi trường
98348,IUH,cong-nghe-ky-thuat-moi-truong,X11,Điểm thi THPT,2025,18.0,Công nghệ kỹ thuật môi trường
98349,IUH,cong-nghe-ky-thuat-nhiet,A00,Điểm học bạ,2021,20.5,Công nghệ kỹ thuật nhiệt
98350,IUH,cong-nghe-ky-thuat-nhiet,A01,Điểm học bạ,2021,20.5,Công nghệ kỹ thuật nhiệt
98351,IUH,cong-nghe-ky-thuat-nhiet,C01,Điểm học bạ,2021,20.5,Công nghệ kỹ thuật nhiệt
98352,IUH,cong-nghe-ky-thuat-nhiet,D90,Điểm học bạ,2021,20.5,Công nghệ kỹ thuật nhiệt
98353,IUH,cong-nghe-ky-thuat-nhiet,A00,Điểm thi THPT,2021,19.0,Công nghệ kỹ thuật nhiệt
98354,IUH,cong-nghe-ky-thuat-nhiet,A01,Điểm thi THPT,2021,19.0,Công nghệ kỹ thuật nhiệt
98355,IUH,cong-nghe-ky-thuat-nhiet,C01,Điểm thi THPT,2021,19.0,Công nghệ kỹ thuật nhiệt
98356,IUH,cong-nghe-ky-thuat-nhiet,D90,Điểm thi THPT,2021,19.0,Công nghệ kỹ thuật nhiệt
98357,IUH,cong-nghe-ky-thuat-nhiet,A00,Điểm học bạ,2022,22.0,Công nghệ kỹ thuật nhiệt
98358,IUH,cong-nghe-ky-thuat-nhiet,A01,Điểm học bạ,2022,22.0,Công nghệ kỹ thuật nhiệt
98359,IUH,cong-nghe-ky-thuat-nhiet,C01,Điểm học bạ,2022,22.0,Công nghệ kỹ thuật nhiệt
98360,IUH,cong-nghe-ky-thuat-nhiet,D90,Điểm học bạ,2022,22.0,Công nghệ kỹ thuật nhiệt
98361,IUH,cong-nghe-ky-thuat-nhiet,A00,Điểm thi THPT,2022,18.5,Công nghệ kỹ thuật nhiệt
98362,IUH,cong-nghe-ky-thuat-nhiet,A01,Điểm thi THPT,2022,18.5,Công nghệ kỹ thuật nhiệt
98363,IUH,cong-nghe-ky-thuat-nhiet,C01,Điểm thi THPT,2022,18.5,Công nghệ kỹ thuật nhiệt
98364,IUH,cong-nghe-ky-thuat-nhiet,D90,Điểm thi THPT,2022,18.5,Công nghệ kỹ thuật nhiệt
98365,IUH,cong-nghe-ky-thuat-nhiet,A00,Điểm học bạ,2023,21.0,Công nghệ Kỹ thuật Nhiệt (Cơ điện lạnh)
98366,IUH,cong-nghe-ky-thuat-nhiet,A01,Điểm học bạ,2023,21.0,Công nghệ Kỹ thuật Nhiệt (Cơ điện lạnh)
98367,IUH,cong-nghe-ky-thuat-nhiet,C01,Điểm học bạ,2023,21.0,Công nghệ Kỹ thuật Nhiệt (Cơ điện lạnh)
98368,IUH,cong-nghe-ky-thuat-nhiet,D90,Điểm học bạ,2023,21.0,Công nghệ Kỹ thuật Nhiệt (Cơ điện lạnh)
98369,IUH,cong-nghe-ky-thuat-nhiet,A00,Điểm thi THPT,2023,18.0,Công nghệ kỹ thuật nhiệt
98370,IUH,cong-nghe-ky-thuat-nhiet,A01,Điểm thi THPT,2023,18.0,Công nghệ kỹ thuật nhiệt
98371,IUH,cong-nghe-ky-thuat-nhiet,C01,Điểm thi THPT,2023,18.0,Công nghệ kỹ thuật nhiệt
98372,IUH,cong-nghe-ky-thuat-nhiet,D90,Điểm thi THPT,2023,18.0,Công nghệ kỹ thuật nhiệt
98373,IUH,cong-nghe-ky-thuat-nhiet,A00,Điểm học bạ,2025,23.0,Công nghệ kỹ thuật nhiệt (CT tăng cường TA)
98374,IUH,cong-nghe-ky-thuat-nhiet,A01,Điểm học bạ,2025,23.0,Công nghệ kỹ thuật nhiệt (CT tăng cường TA)
98375,IUH,cong-nghe-ky-thuat-nhiet,C01,Điểm học bạ,2025,23.0,Công nghệ kỹ thuật nhiệt (CT tăng cường TA)
98376,IUH,cong-nghe-ky-thuat-nhiet,X05,Điểm học bạ,2025,23.0,Công nghệ kỹ thuật nhiệt (CT tăng cường TA)
98377,IUH,cong-nghe-ky-thuat-nhiet,X06,Điểm học bạ,2025,23.0,Công nghệ kỹ thuật nhiệt (CT tăng cường TA)
98378,IUH,cong-nghe-ky-thuat-nhiet,X07,Điểm học bạ,2025,23.0,Công nghệ kỹ thuật nhiệt (CT tăng cường TA)
98379,IUH,cong-nghe-ky-thuat-nhiet,A00,Điểm thi THPT,2025,19.0,Công nghệ kỹ thuật nhiệt (CT tăng cường TA)
98380,IUH,cong-nghe-ky-thuat-nhiet,A01,Điểm thi THPT,2025,19.0,Công nghệ kỹ thuật nhiệt (CT tăng cường TA)
98381,IUH,cong-nghe-ky-thuat-nhiet,C01,Điểm thi THPT,2025,19.0,Công nghệ kỹ thuật nhiệt (CT tăng cường TA)
98382,IUH,cong-nghe-ky-thuat-nhiet,X05,Điểm thi THPT,2025,19.0,Công nghệ kỹ thuật nhiệt (CT tăng cường TA)
98383,IUH,cong-nghe-ky-thuat-nhiet,X06,Điểm thi THPT,2025,19.0,Công nghệ kỹ thuật nhiệt (CT tăng cường TA)
98384,IUH,cong-nghe-ky-thuat-nhiet,X07,Điểm thi THPT,2025,19.0,Công nghệ kỹ thuật nhiệt (CT tăng cường TA)
98385,IUH,cong-nghe-ky-thuat-nhiet-gom-02-chuyen-nganh-cong-nghe-ky-thuat-nhiet-cong-nghe-ky-thuat-nang-luong,A00,Điểm học bạ,2024,21.5,Nhóm ngành Công nghệ kỹ thuật nhiệt gồm 02 chuyên ngành: Công nghệ kỹ thuật nhiệt; Công nghệ kỹ thuật năng lượng
98386,IUH,cong-nghe-ky-thuat-nhiet-gom-02-chuyen-nganh-cong-nghe-ky-thuat-nhiet-cong-nghe-ky-thuat-nang-luong,A01,Điểm học bạ,2024,21.5,Nhóm ngành Công nghệ kỹ thuật nhiệt gồm 02 chuyên ngành: Công nghệ kỹ thuật nhiệt; Công nghệ kỹ thuật năng lượng
98387,IUH,cong-nghe-ky-thuat-nhiet-gom-02-chuyen-nganh-cong-nghe-ky-thuat-nhiet-cong-nghe-ky-thuat-nang-luong,C01,Điểm học bạ,2024,21.5,Nhóm ngành Công nghệ kỹ thuật nhiệt gồm 02 chuyên ngành: Công nghệ kỹ thuật nhiệt; Công nghệ kỹ thuật năng lượng
98388,IUH,cong-nghe-ky-thuat-nhiet-gom-02-chuyen-nganh-cong-nghe-ky-thuat-nhiet-cong-nghe-ky-thuat-nang-luong,D90,Điểm học bạ,2024,21.5,Nhóm ngành Công nghệ kỹ thuật nhiệt gồm 02 chuyên ngành: Công nghệ kỹ thuật nhiệt; Công nghệ kỹ thuật năng lượng
98389,IUH,cong-nghe-ky-thuat-nhiet-gom-02-chuyen-nganh-cong-nghe-ky-thuat-nhiet-cong-nghe-ky-thuat-nang-luong,A00,Điểm thi THPT,2024,18.0,Công nghệ kỹ thuật nhiệt gồm 02 chuyên ngành: Công nghệ kỹ thuật nhiệt; Công nghệ kỹ thuật năng lượng
98390,IUH,cong-nghe-ky-thuat-nhiet-gom-02-chuyen-nganh-cong-nghe-ky-thuat-nhiet-cong-nghe-ky-thuat-nang-luong,A01,Điểm thi THPT,2024,18.0,Công nghệ kỹ thuật nhiệt gồm 02 chuyên ngành: Công nghệ kỹ thuật nhiệt; Công nghệ kỹ thuật năng lượng
98391,IUH,cong-nghe-ky-thuat-nhiet-gom-02-chuyen-nganh-cong-nghe-ky-thuat-nhiet-cong-nghe-ky-thuat-nang-luong,C01,Điểm thi THPT,2024,18.0,Công nghệ kỹ thuật nhiệt gồm 02 chuyên ngành: Công nghệ kỹ thuật nhiệt; Công nghệ kỹ thuật năng lượng
98392,IUH,cong-nghe-ky-thuat-nhiet-gom-02-chuyen-nganh-cong-nghe-ky-thuat-nhiet-cong-nghe-ky-thuat-nang-luong,D90,Điểm thi THPT,2024,18.0,Công nghệ kỹ thuật nhiệt gồm 02 chuyên ngành: Công nghệ kỹ thuật nhiệt; Công nghệ kỹ thuật năng lượng
98393,IUH,cong-nghe-ky-thuat-nhiet-gom-03-chuyen-nganh-cong-nghe-ky-thuat-nhiet-cong-nghe-ky-thuat-nang-luong-quan-ly-nang-luong,A00,Điểm học bạ,2025,25.94,Công nghệ kỹ thuật nhiệt gồm 03 chuyên ngành: Công nghệ kỹ thuật nhiệt; Công nghệ kỹ thuật năng lượng; Quản lý năng lượng
98394,IUH,cong-nghe-ky-thuat-nhiet-gom-03-chuyen-nganh-cong-nghe-ky-thuat-nhiet-cong-nghe-ky-thuat-nang-luong-quan-ly-nang-luong,A01,Điểm học bạ,2025,25.94,Công nghệ kỹ thuật nhiệt gồm 03 chuyên ngành: Công nghệ kỹ thuật nhiệt; Công nghệ kỹ thuật năng lượng; Quản lý năng lượng
98395,IUH,cong-nghe-ky-thuat-nhiet-gom-03-chuyen-nganh-cong-nghe-ky-thuat-nhiet-cong-nghe-ky-thuat-nang-luong-quan-ly-nang-luong,C01,Điểm học bạ,2025,25.94,Công nghệ kỹ thuật nhiệt gồm 03 chuyên ngành: Công nghệ kỹ thuật nhiệt; Công nghệ kỹ thuật năng lượng; Quản lý năng lượng
98396,IUH,cong-nghe-ky-thuat-nhiet-gom-03-chuyen-nganh-cong-nghe-ky-thuat-nhiet-cong-nghe-ky-thuat-nang-luong-quan-ly-nang-luong,X05,Điểm học bạ,2025,25.94,Công nghệ kỹ thuật nhiệt gồm 03 chuyên ngành: Công nghệ kỹ thuật nhiệt; Công nghệ kỹ thuật năng lượng; Quản lý năng lượng
98397,IUH,cong-nghe-ky-thuat-nhiet-gom-03-chuyen-nganh-cong-nghe-ky-thuat-nhiet-cong-nghe-ky-thuat-nang-luong-quan-ly-nang-luong,X06,Điểm học bạ,2025,25.94,Công nghệ kỹ thuật nhiệt gồm 03 chuyên ngành: Công nghệ kỹ thuật nhiệt; Công nghệ kỹ thuật năng lượng; Quản lý năng lượng
98398,IUH,cong-nghe-ky-thuat-nhiet-gom-03-chuyen-nganh-cong-nghe-ky-thuat-nhiet-cong-nghe-ky-thuat-nang-luong-quan-ly-nang-luong,X07,Điểm học bạ,2025,25.94,Công nghệ kỹ thuật nhiệt gồm 03 chuyên ngành: Công nghệ kỹ thuật nhiệt; Công nghệ kỹ thuật năng lượng; Quản lý năng lượng
98399,IUH,cong-nghe-ky-thuat-nhiet-gom-03-chuyen-nganh-cong-nghe-ky-thuat-nhiet-cong-nghe-ky-thuat-nang-luong-quan-ly-nang-luong,A00,Điểm thi THPT,2025,22.25,Công nghệ kỹ thuật nhiệt gồm 03 chuyên ngành: Công nghệ kỹ thuật nhiệt; Công nghệ kỹ thuật năng lượng; Quản lý năng lượng
98400,IUH,cong-nghe-ky-thuat-nhiet-gom-03-chuyen-nganh-cong-nghe-ky-thuat-nhiet-cong-nghe-ky-thuat-nang-luong-quan-ly-nang-luong,A01,Điểm thi THPT,2025,22.25,Công nghệ kỹ thuật nhiệt gồm 03 chuyên ngành: Công nghệ kỹ thuật nhiệt; Công nghệ kỹ thuật năng lượng; Quản lý năng lượng
98401,IUH,cong-nghe-ky-thuat-nhiet-gom-03-chuyen-nganh-cong-nghe-ky-thuat-nhiet-cong-nghe-ky-thuat-nang-luong-quan-ly-nang-luong,C01,Điểm thi THPT,2025,22.25,Công nghệ kỹ thuật nhiệt gồm 03 chuyên ngành: Công nghệ kỹ thuật nhiệt; Công nghệ kỹ thuật năng lượng; Quản lý năng lượng
98402,IUH,cong-nghe-ky-thuat-nhiet-gom-03-chuyen-nganh-cong-nghe-ky-thuat-nhiet-cong-nghe-ky-thuat-nang-luong-quan-ly-nang-luong,X05,Điểm thi THPT,2025,22.25,Công nghệ kỹ thuật nhiệt gồm 03 chuyên ngành: Công nghệ kỹ thuật nhiệt; Công nghệ kỹ thuật năng lượng; Quản lý năng lượng
98403,IUH,cong-nghe-ky-thuat-nhiet-gom-03-chuyen-nganh-cong-nghe-ky-thuat-nhiet-cong-nghe-ky-thuat-nang-luong-quan-ly-nang-luong,X06,Điểm thi THPT,2025,22.25,Công nghệ kỹ thuật nhiệt gồm 03 chuyên ngành: Công nghệ kỹ thuật nhiệt; Công nghệ kỹ thuật năng lượng; Quản lý năng lượng
98404,IUH,cong-nghe-ky-thuat-nhiet-gom-03-chuyen-nganh-cong-nghe-ky-thuat-nhiet-cong-nghe-ky-thuat-nang-luong-quan-ly-nang-luong,X07,Điểm thi THPT,2025,22.25,Công nghệ kỹ thuật nhiệt gồm 03 chuyên ngành: Công nghệ kỹ thuật nhiệt; Công nghệ kỹ thuật năng lượng; Quản lý năng lượng
98405,IUH,cong-nghe-ky-thuat-o-to,A00,Điểm học bạ,2021,18.0,Công nghệ kỹ thuật ô tô
98406,IUH,cong-nghe-ky-thuat-o-to,A01,Điểm học bạ,2021,18.0,Công nghệ kỹ thuật ô tô
98407,IUH,cong-nghe-ky-thuat-o-to,C01,Điểm học bạ,2021,18.0,Công nghệ kỹ thuật ô tô
98408,IUH,cong-nghe-ky-thuat-o-to,D90,Điểm học bạ,2021,18.0,Công nghệ kỹ thuật ô tô
98409,IUH,cong-nghe-ky-thuat-o-to,A00,Điểm thi THPT,2021,25.5,Công nghệ kỹ thuật ô tô
98410,IUH,cong-nghe-ky-thuat-o-to,A01,Điểm thi THPT,2021,25.5,Công nghệ kỹ thuật ô tô
98411,IUH,cong-nghe-ky-thuat-o-to,C01,Điểm thi THPT,2021,25.5,Công nghệ kỹ thuật ô tô
98412,IUH,cong-nghe-ky-thuat-o-to,D90,Điểm thi THPT,2021,25.5,Công nghệ kỹ thuật ô tô
98413,IUH,cong-nghe-ky-thuat-o-to,A00,Điểm học bạ,2022,26.0,Công nghệ kỹ thuật ô tô
98414,IUH,cong-nghe-ky-thuat-o-to,A01,Điểm học bạ,2022,26.0,Công nghệ kỹ thuật ô tô
98415,IUH,cong-nghe-ky-thuat-o-to,C01,Điểm học bạ,2022,26.0,Công nghệ kỹ thuật ô tô
98416,IUH,cong-nghe-ky-thuat-o-to,D90,Điểm học bạ,2022,26.0,Công nghệ kỹ thuật ô tô
98417,IUH,cong-nghe-ky-thuat-o-to,A00,Điểm thi THPT,2022,22.0,Công nghệ kỹ thuật ô tô
98418,IUH,cong-nghe-ky-thuat-o-to,A01,Điểm thi THPT,2022,22.0,Công nghệ kỹ thuật ô tô
98419,IUH,cong-nghe-ky-thuat-o-to,C01,Điểm thi THPT,2022,22.0,Công nghệ kỹ thuật ô tô
98420,IUH,cong-nghe-ky-thuat-o-to,D90,Điểm thi THPT,2022,22.0,Công nghệ kỹ thuật ô tô
98421,IUH,cong-nghe-ky-thuat-o-to,A00,Điểm học bạ,2023,24.5,Công nghệ kỹ thuật ô tô
98422,IUH,cong-nghe-ky-thuat-o-to,A01,Điểm học bạ,2023,24.5,Công nghệ kỹ thuật ô tô
98423,IUH,cong-nghe-ky-thuat-o-to,C01,Điểm học bạ,2023,24.5,Công nghệ kỹ thuật ô tô
98424,IUH,cong-nghe-ky-thuat-o-to,D90,Điểm học bạ,2023,24.5,Công nghệ kỹ thuật ô tô
98425,IUH,cong-nghe-ky-thuat-o-to,A00,Điểm thi THPT,2023,22.0,Công nghệ kỹ thuật ô tô
98426,IUH,cong-nghe-ky-thuat-o-to,A01,Điểm thi THPT,2023,22.0,Công nghệ kỹ thuật ô tô
98427,IUH,cong-nghe-ky-thuat-o-to,C01,Điểm thi THPT,2023,22.0,Công nghệ kỹ thuật ô tô
98428,IUH,cong-nghe-ky-thuat-o-to,D90,Điểm thi THPT,2023,22.0,Công nghệ kỹ thuật ô tô
98429,IUH,cong-nghe-ky-thuat-o-to,A00,Điểm học bạ,2024,19.0,Công nghệ kỹ thuật ô tô
98430,IUH,cong-nghe-ky-thuat-o-to,A01,Điểm học bạ,2024,19.0,Công nghệ kỹ thuật ô tô
98431,IUH,cong-nghe-ky-thuat-o-to,C01,Điểm học bạ,2024,19.0,Công nghệ kỹ thuật ô tô
98432,IUH,cong-nghe-ky-thuat-o-to,D90,Điểm học bạ,2024,19.0,Công nghệ kỹ thuật ô tô
98433,IUH,cong-nghe-ky-thuat-o-to,A00,Điểm học bạ,2025,19.0,Công nghệ kỹ thuật ô tô (Đào tạo tại Quảng Ngãi)
98434,IUH,cong-nghe-ky-thuat-o-to,A01,Điểm học bạ,2025,19.0,Công nghệ kỹ thuật ô tô (Đào tạo tại Quảng Ngãi)
98435,IUH,cong-nghe-ky-thuat-o-to,C01,Điểm học bạ,2025,19.0,Công nghệ kỹ thuật ô tô (Đào tạo tại Quảng Ngãi)
98436,IUH,cong-nghe-ky-thuat-o-to,X05,Điểm học bạ,2025,19.0,Công nghệ kỹ thuật ô tô (Đào tạo tại Quảng Ngãi)
98437,IUH,cong-nghe-ky-thuat-o-to,X06,Điểm học bạ,2025,19.0,Công nghệ kỹ thuật ô tô (Đào tạo tại Quảng Ngãi)
98438,IUH,cong-nghe-ky-thuat-o-to,X07,Điểm học bạ,2025,19.0,Công nghệ kỹ thuật ô tô (Đào tạo tại Quảng Ngãi)
98439,IUH,cong-nghe-ky-thuat-o-to,A00,Điểm thi THPT,2025,16.0,Công nghệ kỹ thuật ô tô (Đào tạo tại Quảng Ngãi)
98440,IUH,cong-nghe-ky-thuat-o-to,A01,Điểm thi THPT,2025,16.0,Công nghệ kỹ thuật ô tô (Đào tạo tại Quảng Ngãi)
98441,IUH,cong-nghe-ky-thuat-o-to,C01,Điểm thi THPT,2025,16.0,Công nghệ kỹ thuật ô tô (Đào tạo tại Quảng Ngãi)
98442,IUH,cong-nghe-ky-thuat-o-to,X05,Điểm thi THPT,2025,16.0,Công nghệ kỹ thuật ô tô (Đào tạo tại Quảng Ngãi)
98443,IUH,cong-nghe-ky-thuat-o-to,X06,Điểm thi THPT,2025,16.0,Công nghệ kỹ thuật ô tô (Đào tạo tại Quảng Ngãi)
98444,IUH,cong-nghe-ky-thuat-o-to,X07,Điểm thi THPT,2025,16.0,Công nghệ kỹ thuật ô tô (Đào tạo tại Quảng Ngãi)
98445,IUH,cong-nghe-ky-thuat-o-to-gom-02-chuyen-nganh-cong-nghe-ky-thuat-o-to-cong-nghe-ky-thuat-o-to-dien,A00,Điểm học bạ,2024,25.75,Công nghệ kỹ thuật ô tô gồm 02 chuyên ngành: Công nghệ kỹ thuật ô tô; Công nghệ kỹ thuật ô tô điện
98446,IUH,cong-nghe-ky-thuat-o-to-gom-02-chuyen-nganh-cong-nghe-ky-thuat-o-to-cong-nghe-ky-thuat-o-to-dien,A01,Điểm học bạ,2024,25.75,Công nghệ kỹ thuật ô tô gồm 02 chuyên ngành: Công nghệ kỹ thuật ô tô; Công nghệ kỹ thuật ô tô điện
98447,IUH,cong-nghe-ky-thuat-o-to-gom-02-chuyen-nganh-cong-nghe-ky-thuat-o-to-cong-nghe-ky-thuat-o-to-dien,C01,Điểm học bạ,2024,25.75,Công nghệ kỹ thuật ô tô gồm 02 chuyên ngành: Công nghệ kỹ thuật ô tô; Công nghệ kỹ thuật ô tô điện
98448,IUH,cong-nghe-ky-thuat-o-to-gom-02-chuyen-nganh-cong-nghe-ky-thuat-o-to-cong-nghe-ky-thuat-o-to-dien,D90,Điểm học bạ,2024,25.75,Công nghệ kỹ thuật ô tô gồm 02 chuyên ngành: Công nghệ kỹ thuật ô tô; Công nghệ kỹ thuật ô tô điện
98449,IUH,cong-nghe-ky-thuat-o-to-gom-02-chuyen-nganh-cong-nghe-ky-thuat-o-to-cong-nghe-ky-thuat-o-to-dien,A00,Điểm thi THPT,2024,23.0,Công nghệ kỹ thuật ô tô gồm 02 chuyên ngành: Công nghệ kỹ thuật ô tô; Công nghệ kỹ thuật ô tô điện
98450,IUH,cong-nghe-ky-thuat-o-to-gom-02-chuyen-nganh-cong-nghe-ky-thuat-o-to-cong-nghe-ky-thuat-o-to-dien,A01,Điểm thi THPT,2024,23.0,Công nghệ kỹ thuật ô tô gồm 02 chuyên ngành: Công nghệ kỹ thuật ô tô; Công nghệ kỹ thuật ô tô điện
98451,IUH,cong-nghe-ky-thuat-o-to-gom-02-chuyen-nganh-cong-nghe-ky-thuat-o-to-cong-nghe-ky-thuat-o-to-dien,C01,Điểm thi THPT,2024,23.0,Công nghệ kỹ thuật ô tô gồm 02 chuyên ngành: Công nghệ kỹ thuật ô tô; Công nghệ kỹ thuật ô tô điện
98452,IUH,cong-nghe-ky-thuat-o-to-gom-02-chuyen-nganh-cong-nghe-ky-thuat-o-to-cong-nghe-ky-thuat-o-to-dien,D90,Điểm thi THPT,2024,23.0,Công nghệ kỹ thuật ô tô gồm 02 chuyên ngành: Công nghệ kỹ thuật ô tô; Công nghệ kỹ thuật ô tô điện
98453,IUH,cong-nghe-ky-thuat-o-to-gom-02-chuyen-nganh-cong-nghe-ky-thuat-o-to-cong-nghe-ky-thuat-o-to-dien,A00,Điểm học bạ,2025,28.0,Công nghệ kỹ thuật ô tô gồm 02 chuyên ngành: Công nghệ kỹ thuật ô tô; Công nghệ kỹ thuật ô tô điện
98454,IUH,cong-nghe-ky-thuat-o-to-gom-02-chuyen-nganh-cong-nghe-ky-thuat-o-to-cong-nghe-ky-thuat-o-to-dien,A01,Điểm học bạ,2025,28.0,Công nghệ kỹ thuật ô tô gồm 02 chuyên ngành: Công nghệ kỹ thuật ô tô; Công nghệ kỹ thuật ô tô điện
98455,IUH,cong-nghe-ky-thuat-o-to-gom-02-chuyen-nganh-cong-nghe-ky-thuat-o-to-cong-nghe-ky-thuat-o-to-dien,C01,Điểm học bạ,2025,28.0,Công nghệ kỹ thuật ô tô gồm 02 chuyên ngành: Công nghệ kỹ thuật ô tô; Công nghệ kỹ thuật ô tô điện
98456,IUH,cong-nghe-ky-thuat-o-to-gom-02-chuyen-nganh-cong-nghe-ky-thuat-o-to-cong-nghe-ky-thuat-o-to-dien,X05,Điểm học bạ,2025,28.0,Công nghệ kỹ thuật ô tô gồm 02 chuyên ngành: Công nghệ kỹ thuật ô tô; Công nghệ kỹ thuật ô tô điện
98457,IUH,cong-nghe-ky-thuat-o-to-gom-02-chuyen-nganh-cong-nghe-ky-thuat-o-to-cong-nghe-ky-thuat-o-to-dien,X06,Điểm học bạ,2025,28.0,Công nghệ kỹ thuật ô tô gồm 02 chuyên ngành: Công nghệ kỹ thuật ô tô; Công nghệ kỹ thuật ô tô điện
98458,IUH,cong-nghe-ky-thuat-o-to-gom-02-chuyen-nganh-cong-nghe-ky-thuat-o-to-cong-nghe-ky-thuat-o-to-dien,X07,Điểm học bạ,2025,28.0,Công nghệ kỹ thuật ô tô gồm 02 chuyên ngành: Công nghệ kỹ thuật ô tô; Công nghệ kỹ thuật ô tô điện
98459,IUH,cong-nghe-ky-thuat-o-to-gom-02-chuyen-nganh-cong-nghe-ky-thuat-o-to-cong-nghe-ky-thuat-o-to-dien,A00,Điểm thi THPT,2025,25.0,Công nghệ kỹ thuật ô tô gồm 02 chuyên ngành: Công nghệ kỹ thuật ô tô; Công nghệ kỹ thuật ô tô điện
98460,IUH,cong-nghe-ky-thuat-o-to-gom-02-chuyen-nganh-cong-nghe-ky-thuat-o-to-cong-nghe-ky-thuat-o-to-dien,A01,Điểm thi THPT,2025,25.0,Công nghệ kỹ thuật ô tô gồm 02 chuyên ngành: Công nghệ kỹ thuật ô tô; Công nghệ kỹ thuật ô tô điện
98461,IUH,cong-nghe-ky-thuat-o-to-gom-02-chuyen-nganh-cong-nghe-ky-thuat-o-to-cong-nghe-ky-thuat-o-to-dien,C01,Điểm thi THPT,2025,25.0,Công nghệ kỹ thuật ô tô gồm 02 chuyên ngành: Công nghệ kỹ thuật ô tô; Công nghệ kỹ thuật ô tô điện
98462,IUH,cong-nghe-ky-thuat-o-to-gom-02-chuyen-nganh-cong-nghe-ky-thuat-o-to-cong-nghe-ky-thuat-o-to-dien,X05,Điểm thi THPT,2025,25.0,Công nghệ kỹ thuật ô tô gồm 02 chuyên ngành: Công nghệ kỹ thuật ô tô; Công nghệ kỹ thuật ô tô điện
98463,IUH,cong-nghe-ky-thuat-o-to-gom-02-chuyen-nganh-cong-nghe-ky-thuat-o-to-cong-nghe-ky-thuat-o-to-dien,X06,Điểm thi THPT,2025,25.0,Công nghệ kỹ thuật ô tô gồm 02 chuyên ngành: Công nghệ kỹ thuật ô tô; Công nghệ kỹ thuật ô tô điện
98464,IUH,cong-nghe-ky-thuat-o-to-gom-02-chuyen-nganh-cong-nghe-ky-thuat-o-to-cong-nghe-ky-thuat-o-to-dien,X07,Điểm thi THPT,2025,25.0,Công nghệ kỹ thuật ô tô gồm 02 chuyên ngành: Công nghệ kỹ thuật ô tô; Công nghệ kỹ thuật ô tô điện
98465,IUH,cong-nghe-sinh-hoc,A00,Điểm học bạ,2021,21.0,Công nghệ sinh học
98466,IUH,cong-nghe-sinh-hoc,B00,Điểm học bạ,2021,21.0,Công nghệ sinh học
98467,IUH,cong-nghe-sinh-hoc,D07,Điểm học bạ,2021,21.0,Công nghệ sinh học
98468,IUH,cong-nghe-sinh-hoc,D90,Điểm học bạ,2021,21.0,Công nghệ sinh học
98469,IUH,cong-nghe-sinh-hoc,A00,Điểm thi THPT,2021,17.5,Công nghệ sinh học
98470,IUH,cong-nghe-sinh-hoc,B00,Điểm thi THPT,2021,17.5,Công nghệ sinh học
98471,IUH,cong-nghe-sinh-hoc,D07,Điểm thi THPT,2021,17.5,Công nghệ sinh học
98472,IUH,cong-nghe-sinh-hoc,D90,Điểm thi THPT,2021,17.5,Công nghệ sinh học
98473,IUH,cong-nghe-sinh-hoc,A00,Điểm học bạ,2022,22.0,Công nghệ sinh học
98474,IUH,cong-nghe-sinh-hoc,B00,Điểm học bạ,2022,22.0,Công nghệ sinh học
98475,IUH,cong-nghe-sinh-hoc,D07,Điểm học bạ,2022,22.0,Công nghệ sinh học
98476,IUH,cong-nghe-sinh-hoc,D90,Điểm học bạ,2022,22.0,Công nghệ sinh học
98477,IUH,cong-nghe-sinh-hoc,A00,Điểm học bạ,2023,23.0,Công nghệ sinh học
98478,IUH,cong-nghe-sinh-hoc,B00,Điểm học bạ,2023,23.0,Công nghệ sinh học
98479,IUH,cong-nghe-sinh-hoc,D07,Điểm học bạ,2023,23.0,Công nghệ sinh học
98480,IUH,cong-nghe-sinh-hoc,D90,Điểm học bạ,2023,23.0,Công nghệ sinh học
98481,IUH,cong-nghe-sinh-hoc,A02,Điểm học bạ,2025,26.12,Công nghệ sinh học
98482,IUH,cong-nghe-sinh-hoc,B00,Điểm học bạ,2025,26.12,Công nghệ sinh học
98483,IUH,cong-nghe-sinh-hoc,B03,Điểm học bạ,2025,26.12,Công nghệ sinh học
98484,IUH,cong-nghe-sinh-hoc,B08,Điểm học bạ,2025,26.12,Công nghệ sinh học
98485,IUH,cong-nghe-sinh-hoc,X13,Điểm học bạ,2025,26.12,Công nghệ sinh học
98486,IUH,cong-nghe-sinh-hoc,X16,Điểm học bạ,2025,26.12,Công nghệ sinh học
98487,IUH,cong-nghe-sinh-hoc,A02,Điểm thi THPT,2025,22.5,Công nghệ sinh học
98488,IUH,cong-nghe-sinh-hoc,B00,Điểm thi THPT,2025,22.5,Công nghệ sinh học
98489,IUH,cong-nghe-sinh-hoc,B03,Điểm thi THPT,2025,22.5,Công nghệ sinh học
98490,IUH,cong-nghe-sinh-hoc,B08,Điểm thi THPT,2025,22.5,Công nghệ sinh học
98491,IUH,cong-nghe-sinh-hoc,X13,Điểm thi THPT,2025,22.5,Công nghệ sinh học
98492,IUH,cong-nghe-sinh-hoc,X16,Điểm thi THPT,2025,22.5,Công nghệ sinh học
98493,IUH,cong-nghe-sinh-hoc-gom-03-chuyen-nganh-cong-nghe-sinh-hoc-y-duoc-cong-nghe-sinh-hoc-nong-nghiep-cong-nghe-sinh-hoc-tham-mi,A00,Điểm thi THPT,2023,18.0,"Công nghệ sinh học gồm 03 chuyên ngành: Công nghệ sinh học y dược; Công nghệ sinh học nông nghiệp; Công nghệ sinh học thẩm mĩ,"
98494,IUH,cong-nghe-sinh-hoc-gom-03-chuyen-nganh-cong-nghe-sinh-hoc-y-duoc-cong-nghe-sinh-hoc-nong-nghiep-cong-nghe-sinh-hoc-tham-mi,B00,Điểm thi THPT,2023,18.0,"Công nghệ sinh học gồm 03 chuyên ngành: Công nghệ sinh học y dược; Công nghệ sinh học nông nghiệp; Công nghệ sinh học thẩm mĩ,"
98495,IUH,cong-nghe-sinh-hoc-gom-03-chuyen-nganh-cong-nghe-sinh-hoc-y-duoc-cong-nghe-sinh-hoc-nong-nghiep-cong-nghe-sinh-hoc-tham-mi,D07,Điểm thi THPT,2023,18.0,"Công nghệ sinh học gồm 03 chuyên ngành: Công nghệ sinh học y dược; Công nghệ sinh học nông nghiệp; Công nghệ sinh học thẩm mĩ,"
98496,IUH,cong-nghe-sinh-hoc-gom-03-chuyen-nganh-cong-nghe-sinh-hoc-y-duoc-cong-nghe-sinh-hoc-nong-nghiep-cong-nghe-sinh-hoc-tham-mi,D90,Điểm thi THPT,2023,18.0,"Công nghệ sinh học gồm 03 chuyên ngành: Công nghệ sinh học y dược; Công nghệ sinh học nông nghiệp; Công nghệ sinh học thẩm mĩ,"
98497,IUH,cong-nghe-sinh-hoc-gom-03-chuyen-nganh-cong-nghe-sinh-hoc-y-duoc-cong-nghe-sinh-hoc-nong-nghiep-cong-nghe-sinh-hoc-tham-mi,A00,Điểm học bạ,2024,24.0,Công nghệ sinh học gồm 03 chuyên ngành: Công nghệ sinh học y dược; Công nghệ sinh học nông nghiệp; Công nghệ sinh học thẩm mĩ
98498,IUH,cong-nghe-sinh-hoc-gom-03-chuyen-nganh-cong-nghe-sinh-hoc-y-duoc-cong-nghe-sinh-hoc-nong-nghiep-cong-nghe-sinh-hoc-tham-mi,B00,Điểm học bạ,2024,24.0,Công nghệ sinh học gồm 03 chuyên ngành: Công nghệ sinh học y dược; Công nghệ sinh học nông nghiệp; Công nghệ sinh học thẩm mĩ
98499,IUH,cong-nghe-sinh-hoc-gom-03-chuyen-nganh-cong-nghe-sinh-hoc-y-duoc-cong-nghe-sinh-hoc-nong-nghiep-cong-nghe-sinh-hoc-tham-mi,D07,Điểm học bạ,2024,24.0,Công nghệ sinh học gồm 03 chuyên ngành: Công nghệ sinh học y dược; Công nghệ sinh học nông nghiệp; Công nghệ sinh học thẩm mĩ
98500,IUH,cong-nghe-sinh-hoc-gom-03-chuyen-nganh-cong-nghe-sinh-hoc-y-duoc-cong-nghe-sinh-hoc-nong-nghiep-cong-nghe-sinh-hoc-tham-mi,D90,Điểm học bạ,2024,24.0,Công nghệ sinh học gồm 03 chuyên ngành: Công nghệ sinh học y dược; Công nghệ sinh học nông nghiệp; Công nghệ sinh học thẩm mĩ
98501,IUH,cong-nghe-sinh-hoc-gom-03-chuyen-nganh-cong-nghe-sinh-hoc-y-duoc-cong-nghe-sinh-hoc-nong-nghiep-cong-nghe-sinh-hoc-tham-mi,A00,Điểm thi THPT,2024,18.0,Công nghệ sinh học gồm 03 chuyên ngành: Công nghệ sinh học y dược; Công nghệ sinh học nông nghiệp; Công nghệ sinh học thẩm mĩ
98502,IUH,cong-nghe-sinh-hoc-gom-03-chuyen-nganh-cong-nghe-sinh-hoc-y-duoc-cong-nghe-sinh-hoc-nong-nghiep-cong-nghe-sinh-hoc-tham-mi,B00,Điểm thi THPT,2024,18.0,Công nghệ sinh học gồm 03 chuyên ngành: Công nghệ sinh học y dược; Công nghệ sinh học nông nghiệp; Công nghệ sinh học thẩm mĩ
98503,IUH,cong-nghe-sinh-hoc-gom-03-chuyen-nganh-cong-nghe-sinh-hoc-y-duoc-cong-nghe-sinh-hoc-nong-nghiep-cong-nghe-sinh-hoc-tham-mi,D07,Điểm thi THPT,2024,18.0,Công nghệ sinh học gồm 03 chuyên ngành: Công nghệ sinh học y dược; Công nghệ sinh học nông nghiệp; Công nghệ sinh học thẩm mĩ
98504,IUH,cong-nghe-sinh-hoc-gom-03-chuyen-nganh-cong-nghe-sinh-hoc-y-duoc-cong-nghe-sinh-hoc-nong-nghiep-cong-nghe-sinh-hoc-tham-mi,D90,Điểm thi THPT,2024,18.0,Công nghệ sinh học gồm 03 chuyên ngành: Công nghệ sinh học y dược; Công nghệ sinh học nông nghiệp; Công nghệ sinh học thẩm mĩ
98505,IUH,cong-nghe-thong-tin,A00,Điểm học bạ,2021,18.0,Công nghệ thông tin
98506,IUH,cong-nghe-thong-tin,C01,Điểm học bạ,2021,18.0,Công nghệ thông tin
98507,IUH,cong-nghe-thong-tin,D01,Điểm học bạ,2021,18.0,Công nghệ thông tin
98508,IUH,cong-nghe-thong-tin,D90,Điểm học bạ,2021,18.0,Công nghệ thông tin
98509,IUH,cong-nghe-thong-tin,A00,Điểm học bạ,2022,26.5,Nhóm ngành Công nghệ thông tin
98510,IUH,cong-nghe-thong-tin,A01,Điểm học bạ,2022,26.5,Nhóm ngành Công nghệ thông tin
98511,IUH,cong-nghe-thong-tin,D01,Điểm học bạ,2022,26.5,Nhóm ngành Công nghệ thông tin
98512,IUH,cong-nghe-thong-tin,D90,Điểm học bạ,2022,26.5,Nhóm ngành Công nghệ thông tin
98513,IUH,cong-nghe-thong-tin,A00,Điểm học bạ,2023,26.0,Công nghệ thông tin
98514,IUH,cong-nghe-thong-tin,A01,Điểm học bạ,2023,26.0,Công nghệ thông tin
98515,IUH,cong-nghe-thong-tin,D01,Điểm học bạ,2023,26.0,Công nghệ thông tin
98516,IUH,cong-nghe-thong-tin,D90,Điểm học bạ,2023,26.0,Công nghệ thông tin
98517,IUH,cong-nghe-thong-tin,A00,Điểm thi THPT,2023,23.5,"Nhóm ngành Công nghệ thông tin Chương trình chất lượng cao gồm 04 ngành: Công nghệ thông tin; kỹ thuật phần mềm; Khoa học máy tính; Hệ thống thông tin,"
98518,IUH,cong-nghe-thong-tin,A01,Điểm thi THPT,2023,23.5,"Nhóm ngành Công nghệ thông tin Chương trình chất lượng cao gồm 04 ngành: Công nghệ thông tin; kỹ thuật phần mềm; Khoa học máy tính; Hệ thống thông tin,"
98519,IUH,cong-nghe-thong-tin,D01,Điểm thi THPT,2023,23.5,"Nhóm ngành Công nghệ thông tin Chương trình chất lượng cao gồm 04 ngành: Công nghệ thông tin; kỹ thuật phần mềm; Khoa học máy tính; Hệ thống thông tin,"
98520,IUH,cong-nghe-thong-tin,D90,Điểm thi THPT,2023,23.5,"Nhóm ngành Công nghệ thông tin Chương trình chất lượng cao gồm 04 ngành: Công nghệ thông tin; kỹ thuật phần mềm; Khoa học máy tính; Hệ thống thông tin,"
98521,IUH,cong-nghe-thong-tin,A00,Điểm học bạ,2024,19.0,Công nghệ thông tin
98522,IUH,cong-nghe-thong-tin,A01,Điểm học bạ,2024,19.0,Công nghệ thông tin
98523,IUH,cong-nghe-thong-tin,D01,Điểm học bạ,2024,19.0,Công nghệ thông tin
98524,IUH,cong-nghe-thong-tin,D90,Điểm học bạ,2024,19.0,Công nghệ thông tin
98525,IUH,cong-nghe-thong-tin,C01,Điểm học bạ,2025,19.0,Công nghệ thông tin (Đào tạo tại Quảng Ngãi)
98526,IUH,cong-nghe-thong-tin,C02,Điểm học bạ,2025,19.0,Công nghệ thông tin (Đào tạo tại Quảng Ngãi)
98527,IUH,cong-nghe-thong-tin,D01,Điểm học bạ,2025,19.0,Công nghệ thông tin (Đào tạo tại Quảng Ngãi)
98528,IUH,cong-nghe-thong-tin,X02,Điểm học bạ,2025,19.0,Công nghệ thông tin (Đào tạo tại Quảng Ngãi)
98529,IUH,cong-nghe-thong-tin,X03,Điểm học bạ,2025,19.0,Công nghệ thông tin (Đào tạo tại Quảng Ngãi)
98530,IUH,cong-nghe-thong-tin,C01,Điểm thi THPT,2025,16.0,Công nghệ thông tin (Đào tạo tại Quảng Ngãi)
98531,IUH,cong-nghe-thong-tin,C02,Điểm thi THPT,2025,16.0,Công nghệ thông tin (Đào tạo tại Quảng Ngãi)
98532,IUH,cong-nghe-thong-tin,D01,Điểm thi THPT,2025,16.0,Công nghệ thông tin (Đào tạo tại Quảng Ngãi)
98533,IUH,cong-nghe-thong-tin,X02,Điểm thi THPT,2025,16.0,Công nghệ thông tin (Đào tạo tại Quảng Ngãi)
98534,IUH,cong-nghe-thong-tin,X03,Điểm thi THPT,2025,16.0,Công nghệ thông tin (Đào tạo tại Quảng Ngãi)
98535,IUH,cong-nghe-thong-tin-chat-luong-cao-gom-4-chuyen-nganh-cong-nghe-thong-tin-ky-thuat-phan-mem-khoa-hoc-may-tinh-he-thong-thong-tin,A00,Điểm thi THPT,2022,24.25,Nhóm ngành Công nghệ thông tin chất lượng cao gồm 4 chuyên ngành: Công nghệ thông tin; Kỹ thuật phần mềm; Khoa học máy tính; Hệ thống thông tin
98536,IUH,cong-nghe-thong-tin-chat-luong-cao-gom-4-chuyen-nganh-cong-nghe-thong-tin-ky-thuat-phan-mem-khoa-hoc-may-tinh-he-thong-thong-tin,A01,Điểm thi THPT,2022,24.25,Nhóm ngành Công nghệ thông tin chất lượng cao gồm 4 chuyên ngành: Công nghệ thông tin; Kỹ thuật phần mềm; Khoa học máy tính; Hệ thống thông tin
98537,IUH,cong-nghe-thong-tin-chat-luong-cao-gom-4-chuyen-nganh-cong-nghe-thong-tin-ky-thuat-phan-mem-khoa-hoc-may-tinh-he-thong-thong-tin,D01,Điểm thi THPT,2022,24.25,Nhóm ngành Công nghệ thông tin chất lượng cao gồm 4 chuyên ngành: Công nghệ thông tin; Kỹ thuật phần mềm; Khoa học máy tính; Hệ thống thông tin
98538,IUH,cong-nghe-thong-tin-chat-luong-cao-gom-4-chuyen-nganh-cong-nghe-thong-tin-ky-thuat-phan-mem-khoa-hoc-may-tinh-he-thong-thong-tin,D90,Điểm thi THPT,2022,24.25,Nhóm ngành Công nghệ thông tin chất lượng cao gồm 4 chuyên ngành: Công nghệ thông tin; Kỹ thuật phần mềm; Khoa học máy tính; Hệ thống thông tin
98539,IUH,cong-nghe-thong-tin-chuong-trinh,A00,Điểm học bạ,2024,26.0,Nhóm ngành Công nghệ thông tin Chương trình tăng cường tiếng Anh gồm 04 ngành: Công nghệ thông tin; Kỹ thuật phần mềm; Khoa học máy tính; Hệ thống thông tin.
98540,IUH,cong-nghe-thong-tin-chuong-trinh,A01,Điểm học bạ,2024,26.0,Nhóm ngành Công nghệ thông tin Chương trình tăng cường tiếng Anh gồm 04 ngành: Công nghệ thông tin; Kỹ thuật phần mềm; Khoa học máy tính; Hệ thống thông tin.
98541,IUH,cong-nghe-thong-tin-chuong-trinh,D01,Điểm học bạ,2024,26.0,Nhóm ngành Công nghệ thông tin Chương trình tăng cường tiếng Anh gồm 04 ngành: Công nghệ thông tin; Kỹ thuật phần mềm; Khoa học máy tính; Hệ thống thông tin.
98542,IUH,cong-nghe-thong-tin-chuong-trinh,D90,Điểm học bạ,2024,26.0,Nhóm ngành Công nghệ thông tin Chương trình tăng cường tiếng Anh gồm 04 ngành: Công nghệ thông tin; Kỹ thuật phần mềm; Khoa học máy tính; Hệ thống thông tin.
98543,IUH,cong-nghe-thong-tin-chuong-trinh,A00,Điểm thi THPT,2024,22.0,Nhóm ngành Công nghệ thông tin Chương trình tăng cường tiếng Anh gồm 04 ngành: Công nghệ thông tin; Kỹ thuật phần mềm; Khoa học máy tính; Hệ thống thông tin.
98544,IUH,cong-nghe-thong-tin-chuong-trinh,A01,Điểm thi THPT,2024,22.0,Nhóm ngành Công nghệ thông tin Chương trình tăng cường tiếng Anh gồm 04 ngành: Công nghệ thông tin; Kỹ thuật phần mềm; Khoa học máy tính; Hệ thống thông tin.
98545,IUH,cong-nghe-thong-tin-chuong-trinh,D01,Điểm thi THPT,2024,22.0,Nhóm ngành Công nghệ thông tin Chương trình tăng cường tiếng Anh gồm 04 ngành: Công nghệ thông tin; Kỹ thuật phần mềm; Khoa học máy tính; Hệ thống thông tin.
98546,IUH,cong-nghe-thong-tin-chuong-trinh,D90,Điểm thi THPT,2024,22.0,Nhóm ngành Công nghệ thông tin Chương trình tăng cường tiếng Anh gồm 04 ngành: Công nghệ thông tin; Kỹ thuật phần mềm; Khoa học máy tính; Hệ thống thông tin.
98547,IUH,cong-nghe-thong-tin-gom-04-nganh-cong-nghe-thong-tin-ky-thuat-phan-mem-khoa-hoc-may-tinh-he-thong-thong-tin,A00,Điểm học bạ,2021,23.0,Nhóm ngành Công nghệ thông tin gồm 04 ngành: Công nghệ thông tin; Kỹ thuật phần mềm; Khoa học máy tính; Hệ thống thông tin
98548,IUH,cong-nghe-thong-tin-gom-04-nganh-cong-nghe-thong-tin-ky-thuat-phan-mem-khoa-hoc-may-tinh-he-thong-thong-tin,C01,Điểm học bạ,2021,23.0,Nhóm ngành Công nghệ thông tin gồm 04 ngành: Công nghệ thông tin; Kỹ thuật phần mềm; Khoa học máy tính; Hệ thống thông tin
98549,IUH,cong-nghe-thong-tin-gom-04-nganh-cong-nghe-thong-tin-ky-thuat-phan-mem-khoa-hoc-may-tinh-he-thong-thong-tin,D01,Điểm học bạ,2021,23.0,Nhóm ngành Công nghệ thông tin gồm 04 ngành: Công nghệ thông tin; Kỹ thuật phần mềm; Khoa học máy tính; Hệ thống thông tin
98550,IUH,cong-nghe-thong-tin-gom-04-nganh-cong-nghe-thong-tin-ky-thuat-phan-mem-khoa-hoc-may-tinh-he-thong-thong-tin,D90,Điểm học bạ,2021,23.0,Nhóm ngành Công nghệ thông tin gồm 04 ngành: Công nghệ thông tin; Kỹ thuật phần mềm; Khoa học máy tính; Hệ thống thông tin
98551,IUH,cong-nghe-thong-tin-gom-04-nganh-cong-nghe-thong-tin-ky-thuat-phan-mem-khoa-hoc-may-tinh-he-thong-thong-tin,A00,Điểm thi THPT,2021,23.25,Nhóm ngành Công nghệ thông tin gồm 04 ngành: Công nghệ thông tin; Kỹ thuật phần mềm; Khoa học máy tính; Hệ thống thông tin
98552,IUH,cong-nghe-thong-tin-gom-04-nganh-cong-nghe-thong-tin-ky-thuat-phan-mem-khoa-hoc-may-tinh-he-thong-thong-tin,C01,Điểm thi THPT,2021,23.25,Nhóm ngành Công nghệ thông tin gồm 04 ngành: Công nghệ thông tin; Kỹ thuật phần mềm; Khoa học máy tính; Hệ thống thông tin
98553,IUH,cong-nghe-thong-tin-gom-04-nganh-cong-nghe-thong-tin-ky-thuat-phan-mem-khoa-hoc-may-tinh-he-thong-thong-tin,D01,Điểm thi THPT,2021,23.25,Nhóm ngành Công nghệ thông tin gồm 04 ngành: Công nghệ thông tin; Kỹ thuật phần mềm; Khoa học máy tính; Hệ thống thông tin
98554,IUH,cong-nghe-thong-tin-gom-04-nganh-cong-nghe-thong-tin-ky-thuat-phan-mem-khoa-hoc-may-tinh-he-thong-thong-tin,D90,Điểm thi THPT,2021,23.25,Nhóm ngành Công nghệ thông tin gồm 04 ngành: Công nghệ thông tin; Kỹ thuật phần mềm; Khoa học máy tính; Hệ thống thông tin
98555,IUH,cong-nghe-thong-tin-gom-04-nganh-cong-nghe-thong-tin-ky-thuat-phan-mem-khoa-hoc-may-tinh-he-thong-thong-tin,C01,Điểm học bạ,2025,22.53,Nhóm ngành Công nghệ thông tin gồm 04 ngành: Công nghệ thông tin; Kỹ thuật phần mềm; Khoa học máy tính; Hệ thống thông tin. (CT tăng cường TA)
98556,IUH,cong-nghe-thong-tin-gom-04-nganh-cong-nghe-thong-tin-ky-thuat-phan-mem-khoa-hoc-may-tinh-he-thong-thong-tin,C02,Điểm học bạ,2025,22.53,Nhóm ngành Công nghệ thông tin gồm 04 ngành: Công nghệ thông tin; Kỹ thuật phần mềm; Khoa học máy tính; Hệ thống thông tin. (CT tăng cường TA)
98557,IUH,cong-nghe-thong-tin-gom-04-nganh-cong-nghe-thong-tin-ky-thuat-phan-mem-khoa-hoc-may-tinh-he-thong-thong-tin,D01,Điểm học bạ,2025,22.53,Nhóm ngành Công nghệ thông tin gồm 04 ngành: Công nghệ thông tin; Kỹ thuật phần mềm; Khoa học máy tính; Hệ thống thông tin. (CT tăng cường TA)
98558,IUH,cong-nghe-thong-tin-gom-04-nganh-cong-nghe-thong-tin-ky-thuat-phan-mem-khoa-hoc-may-tinh-he-thong-thong-tin,X02,Điểm học bạ,2025,22.53,Nhóm ngành Công nghệ thông tin gồm 04 ngành: Công nghệ thông tin; Kỹ thuật phần mềm; Khoa học máy tính; Hệ thống thông tin. (CT tăng cường TA)
98559,IUH,cong-nghe-thong-tin-gom-04-nganh-cong-nghe-thong-tin-ky-thuat-phan-mem-khoa-hoc-may-tinh-he-thong-thong-tin,X03,Điểm học bạ,2025,22.53,Nhóm ngành Công nghệ thông tin gồm 04 ngành: Công nghệ thông tin; Kỹ thuật phần mềm; Khoa học máy tính; Hệ thống thông tin. (CT tăng cường TA)
98560,IUH,cong-nghe-thong-tin-gom-04-nganh-cong-nghe-thong-tin-ky-thuat-phan-mem-khoa-hoc-may-tinh-he-thong-thong-tin,C01,Điểm thi THPT,2025,22.0,Nhóm ngành Công nghệ thông tin gồm 04 ngành: Công nghệ thông tin; Kỹ thuật phần mềm; Khoa học máy tính; Hệ thống thông tin. (CT tăng cường TA)
98561,IUH,cong-nghe-thong-tin-gom-04-nganh-cong-nghe-thong-tin-ky-thuat-phan-mem-khoa-hoc-may-tinh-he-thong-thong-tin,C02,Điểm thi THPT,2025,22.0,Nhóm ngành Công nghệ thông tin gồm 04 ngành: Công nghệ thông tin; Kỹ thuật phần mềm; Khoa học máy tính; Hệ thống thông tin. (CT tăng cường TA)
98562,IUH,cong-nghe-thong-tin-gom-04-nganh-cong-nghe-thong-tin-ky-thuat-phan-mem-khoa-hoc-may-tinh-he-thong-thong-tin,D01,Điểm thi THPT,2025,22.0,Nhóm ngành Công nghệ thông tin gồm 04 ngành: Công nghệ thông tin; Kỹ thuật phần mềm; Khoa học máy tính; Hệ thống thông tin. (CT tăng cường TA)
98563,IUH,cong-nghe-thong-tin-gom-04-nganh-cong-nghe-thong-tin-ky-thuat-phan-mem-khoa-hoc-may-tinh-he-thong-thong-tin,X02,Điểm thi THPT,2025,22.0,Nhóm ngành Công nghệ thông tin gồm 04 ngành: Công nghệ thông tin; Kỹ thuật phần mềm; Khoa học máy tính; Hệ thống thông tin. (CT tăng cường TA)
98564,IUH,cong-nghe-thong-tin-gom-04-nganh-cong-nghe-thong-tin-ky-thuat-phan-mem-khoa-hoc-may-tinh-he-thong-thong-tin,X03,Điểm thi THPT,2025,22.0,Nhóm ngành Công nghệ thông tin gồm 04 ngành: Công nghệ thông tin; Kỹ thuật phần mềm; Khoa học máy tính; Hệ thống thông tin. (CT tăng cường TA)
98565,IUH,cong-nghe-thong-tin-gom-04-nganh-cong-nghe-thong-tin-ky-thuat-phan-mem-khoa-hoc-may-tinh-he-thong-thong-tin-va-02-chuyen-nganh-tri-tue-nhan-tao-khoa-hoc-du-lieu,C01,Điểm học bạ,2025,25.0,Nhóm ngành Công nghệ thông tin gồm 04 ngành Công nghệ thông tin; Kỹ thuật phần mềm; Khoa học máy tính; Hệ thống thông tin; và 02 chuyên ngành: Trí tuệ nhân tạo; Khoa học dữ liệu
98566,IUH,cong-nghe-thong-tin-gom-04-nganh-cong-nghe-thong-tin-ky-thuat-phan-mem-khoa-hoc-may-tinh-he-thong-thong-tin-va-02-chuyen-nganh-tri-tue-nhan-tao-khoa-hoc-du-lieu,C02,Điểm học bạ,2025,25.0,Nhóm ngành Công nghệ thông tin gồm 04 ngành Công nghệ thông tin; Kỹ thuật phần mềm; Khoa học máy tính; Hệ thống thông tin; và 02 chuyên ngành: Trí tuệ nhân tạo; Khoa học dữ liệu
98567,IUH,cong-nghe-thong-tin-gom-04-nganh-cong-nghe-thong-tin-ky-thuat-phan-mem-khoa-hoc-may-tinh-he-thong-thong-tin-va-02-chuyen-nganh-tri-tue-nhan-tao-khoa-hoc-du-lieu,D01,Điểm học bạ,2025,25.0,Nhóm ngành Công nghệ thông tin gồm 04 ngành Công nghệ thông tin; Kỹ thuật phần mềm; Khoa học máy tính; Hệ thống thông tin; và 02 chuyên ngành: Trí tuệ nhân tạo; Khoa học dữ liệu
98568,IUH,cong-nghe-thong-tin-gom-04-nganh-cong-nghe-thong-tin-ky-thuat-phan-mem-khoa-hoc-may-tinh-he-thong-thong-tin-va-02-chuyen-nganh-tri-tue-nhan-tao-khoa-hoc-du-lieu,X02,Điểm học bạ,2025,25.0,Nhóm ngành Công nghệ thông tin gồm 04 ngành Công nghệ thông tin; Kỹ thuật phần mềm; Khoa học máy tính; Hệ thống thông tin; và 02 chuyên ngành: Trí tuệ nhân tạo; Khoa học dữ liệu
98569,IUH,cong-nghe-thong-tin-gom-04-nganh-cong-nghe-thong-tin-ky-thuat-phan-mem-khoa-hoc-may-tinh-he-thong-thong-tin-va-02-chuyen-nganh-tri-tue-nhan-tao-khoa-hoc-du-lieu,X03,Điểm học bạ,2025,25.0,Nhóm ngành Công nghệ thông tin gồm 04 ngành Công nghệ thông tin; Kỹ thuật phần mềm; Khoa học máy tính; Hệ thống thông tin; và 02 chuyên ngành: Trí tuệ nhân tạo; Khoa học dữ liệu
98570,IUH,cong-nghe-thong-tin-gom-04-nganh-cong-nghe-thong-tin-ky-thuat-phan-mem-khoa-hoc-may-tinh-he-thong-thong-tin-va-02-chuyen-nganh-tri-tue-nhan-tao-khoa-hoc-du-lieu,C01,Điểm thi THPT,2025,24.5,Nhóm ngành Công nghệ thông tin gồm 04 ngành Công nghệ thông tin; Kỹ thuật phần mềm; Khoa học máy tính; Hệ thống thông tin; và 02 chuyên ngành: Trí tuệ nhân tạo; Khoa học dữ liệu
98571,IUH,cong-nghe-thong-tin-gom-04-nganh-cong-nghe-thong-tin-ky-thuat-phan-mem-khoa-hoc-may-tinh-he-thong-thong-tin-va-02-chuyen-nganh-tri-tue-nhan-tao-khoa-hoc-du-lieu,C02,Điểm thi THPT,2025,24.5,Nhóm ngành Công nghệ thông tin gồm 04 ngành Công nghệ thông tin; Kỹ thuật phần mềm; Khoa học máy tính; Hệ thống thông tin; và 02 chuyên ngành: Trí tuệ nhân tạo; Khoa học dữ liệu
98572,IUH,cong-nghe-thong-tin-gom-04-nganh-cong-nghe-thong-tin-ky-thuat-phan-mem-khoa-hoc-may-tinh-he-thong-thong-tin-va-02-chuyen-nganh-tri-tue-nhan-tao-khoa-hoc-du-lieu,D01,Điểm thi THPT,2025,24.5,Nhóm ngành Công nghệ thông tin gồm 04 ngành Công nghệ thông tin; Kỹ thuật phần mềm; Khoa học máy tính; Hệ thống thông tin; và 02 chuyên ngành: Trí tuệ nhân tạo; Khoa học dữ liệu
98573,IUH,cong-nghe-thong-tin-gom-04-nganh-cong-nghe-thong-tin-ky-thuat-phan-mem-khoa-hoc-may-tinh-he-thong-thong-tin-va-02-chuyen-nganh-tri-tue-nhan-tao-khoa-hoc-du-lieu,X02,Điểm thi THPT,2025,24.5,Nhóm ngành Công nghệ thông tin gồm 04 ngành Công nghệ thông tin; Kỹ thuật phần mềm; Khoa học máy tính; Hệ thống thông tin; và 02 chuyên ngành: Trí tuệ nhân tạo; Khoa học dữ liệu
98574,IUH,cong-nghe-thong-tin-gom-04-nganh-cong-nghe-thong-tin-ky-thuat-phan-mem-khoa-hoc-may-tinh-he-thong-thong-tin-va-02-chuyen-nganh-tri-tue-nhan-tao-khoa-hoc-du-lieu,X03,Điểm thi THPT,2025,24.5,Nhóm ngành Công nghệ thông tin gồm 04 ngành Công nghệ thông tin; Kỹ thuật phần mềm; Khoa học máy tính; Hệ thống thông tin; và 02 chuyên ngành: Trí tuệ nhân tạo; Khoa học dữ liệu
98575,IUH,cong-nghe-thong-tin-gom-04-nganh-va-01-chuyen-nganh-cong-nghe-thong-tin-ky-thuat-phan-mem-khoa-hoc-may-tinh-he-thong-thong-tin-chuyen-nganh-quan-ly-do-thi-thong-minh-va-ben-vung,A00,Điểm học bạ,2024,27.5,Nhóm ngành Công nghệ thông tin gồm 04 ngành và 01 chuyên ngành: Công nghệ thông tin; Kỹ thuật phần mềm; Khoa học máy tính; Hệ thống thông tin; Chuyên ngành: Quản lý đô thị thông minh và bền vững
98576,IUH,cong-nghe-thong-tin-gom-04-nganh-va-01-chuyen-nganh-cong-nghe-thong-tin-ky-thuat-phan-mem-khoa-hoc-may-tinh-he-thong-thong-tin-chuyen-nganh-quan-ly-do-thi-thong-minh-va-ben-vung,A01,Điểm học bạ,2024,27.5,Nhóm ngành Công nghệ thông tin gồm 04 ngành và 01 chuyên ngành: Công nghệ thông tin; Kỹ thuật phần mềm; Khoa học máy tính; Hệ thống thông tin; Chuyên ngành: Quản lý đô thị thông minh và bền vững
98577,IUH,cong-nghe-thong-tin-gom-04-nganh-va-01-chuyen-nganh-cong-nghe-thong-tin-ky-thuat-phan-mem-khoa-hoc-may-tinh-he-thong-thong-tin-chuyen-nganh-quan-ly-do-thi-thong-minh-va-ben-vung,D01,Điểm học bạ,2024,27.5,Nhóm ngành Công nghệ thông tin gồm 04 ngành và 01 chuyên ngành: Công nghệ thông tin; Kỹ thuật phần mềm; Khoa học máy tính; Hệ thống thông tin; Chuyên ngành: Quản lý đô thị thông minh và bền vững
98578,IUH,cong-nghe-thong-tin-gom-04-nganh-va-01-chuyen-nganh-cong-nghe-thong-tin-ky-thuat-phan-mem-khoa-hoc-may-tinh-he-thong-thong-tin-chuyen-nganh-quan-ly-do-thi-thong-minh-va-ben-vung,D90,Điểm học bạ,2024,27.5,Nhóm ngành Công nghệ thông tin gồm 04 ngành và 01 chuyên ngành: Công nghệ thông tin; Kỹ thuật phần mềm; Khoa học máy tính; Hệ thống thông tin; Chuyên ngành: Quản lý đô thị thông minh và bền vững
98579,IUH,cong-nghe-thong-tin-gom-04-nganh-va-01-chuyen-nganh-cong-nghe-thong-tin-ky-thuat-phan-mem-khoa-hoc-may-tinh-he-thong-thong-tin-chuyen-nganh-quan-ly-do-thi-thong-minh-va-ben-vung,A00,Điểm thi THPT,2024,23.5,Nhóm ngành Công nghệ thông tin gồm 04 ngành và 01 chuyên ngành: Công nghệ thông tin; Kỹ thuật phần mềm; Khoa học máy tính; Hệ thống thông tin; Chuyên ngành: Quản lý đô thị thông minh và bền vững
98580,IUH,cong-nghe-thong-tin-gom-04-nganh-va-01-chuyen-nganh-cong-nghe-thong-tin-ky-thuat-phan-mem-khoa-hoc-may-tinh-he-thong-thong-tin-chuyen-nganh-quan-ly-do-thi-thong-minh-va-ben-vung,A01,Điểm thi THPT,2024,23.5,Nhóm ngành Công nghệ thông tin gồm 04 ngành và 01 chuyên ngành: Công nghệ thông tin; Kỹ thuật phần mềm; Khoa học máy tính; Hệ thống thông tin; Chuyên ngành: Quản lý đô thị thông minh và bền vững
98581,IUH,cong-nghe-thong-tin-gom-04-nganh-va-01-chuyen-nganh-cong-nghe-thong-tin-ky-thuat-phan-mem-khoa-hoc-may-tinh-he-thong-thong-tin-chuyen-nganh-quan-ly-do-thi-thong-minh-va-ben-vung,C01,Điểm thi THPT,2024,23.5,Nhóm ngành Công nghệ thông tin gồm 04 ngành và 01 chuyên ngành: Công nghệ thông tin; Kỹ thuật phần mềm; Khoa học máy tính; Hệ thống thông tin; Chuyên ngành: Quản lý đô thị thông minh và bền vững
98582,IUH,cong-nghe-thong-tin-gom-04-nganh-va-01-chuyen-nganh-cong-nghe-thong-tin-ky-thuat-phan-mem-khoa-hoc-may-tinh-he-thong-thong-tin-chuyen-nganh-quan-ly-do-thi-thong-minh-va-ben-vung,D90,Điểm thi THPT,2024,23.5,Nhóm ngành Công nghệ thông tin gồm 04 ngành và 01 chuyên ngành: Công nghệ thông tin; Kỹ thuật phần mềm; Khoa học máy tính; Hệ thống thông tin; Chuyên ngành: Quản lý đô thị thông minh và bền vững
98583,IUH,cong-nghe-thong-tin-gom-04-nganh-va-02-chuyen-nganh-cong-nghe-thong-tin-ky-thuat-phan-mem-khoa-hoc-may-tinh-he-thong-thong-tin-va-chuyen-nganh-khoa-hoc-du-lieu-quan-ly-do-thi-thong-minh-va-ben-vung,A00,Điểm thi THPT,2023,25.25,"Nhóm ngành Công nghệ thông tin gồm 04 ngành và 02 chuyên ngành: Công nghệ thông tin; kỹ thuật phần mềm; Khoa học máy tính; Hệ thống thông tin và chuyên ngành Khoa học dữ liệu; Quản lý đô thị thông minh và bền vừng,"
98584,IUH,cong-nghe-thong-tin-gom-04-nganh-va-02-chuyen-nganh-cong-nghe-thong-tin-ky-thuat-phan-mem-khoa-hoc-may-tinh-he-thong-thong-tin-va-chuyen-nganh-khoa-hoc-du-lieu-quan-ly-do-thi-thong-minh-va-ben-vung,A01,Điểm thi THPT,2023,25.25,"Nhóm ngành Công nghệ thông tin gồm 04 ngành và 02 chuyên ngành: Công nghệ thông tin; kỹ thuật phần mềm; Khoa học máy tính; Hệ thống thông tin và chuyên ngành Khoa học dữ liệu; Quản lý đô thị thông minh và bền vừng,"
98585,IUH,cong-nghe-thong-tin-gom-04-nganh-va-02-chuyen-nganh-cong-nghe-thong-tin-ky-thuat-phan-mem-khoa-hoc-may-tinh-he-thong-thong-tin-va-chuyen-nganh-khoa-hoc-du-lieu-quan-ly-do-thi-thong-minh-va-ben-vung,D01,Điểm thi THPT,2023,25.25,"Nhóm ngành Công nghệ thông tin gồm 04 ngành và 02 chuyên ngành: Công nghệ thông tin; kỹ thuật phần mềm; Khoa học máy tính; Hệ thống thông tin và chuyên ngành Khoa học dữ liệu; Quản lý đô thị thông minh và bền vừng,"
98586,IUH,cong-nghe-thong-tin-gom-04-nganh-va-02-chuyen-nganh-cong-nghe-thong-tin-ky-thuat-phan-mem-khoa-hoc-may-tinh-he-thong-thong-tin-va-chuyen-nganh-khoa-hoc-du-lieu-quan-ly-do-thi-thong-minh-va-ben-vung,D90,Điểm thi THPT,2023,25.25,"Nhóm ngành Công nghệ thông tin gồm 04 ngành và 02 chuyên ngành: Công nghệ thông tin; kỹ thuật phần mềm; Khoa học máy tính; Hệ thống thông tin và chuyên ngành Khoa học dữ liệu; Quản lý đô thị thông minh và bền vừng,"
98587,IUH,cong-nghe-thong-tin-gom-05-nganh-va-01-chuyen-nganh-cong-nghe-thong-tin-ky-thuat-phan-mem-khoa-hoc-may-tinh-he-thong-thong-tin-khoa-hoc-du-lieu-va-chuyen-nganh-quan-ly-do-thi-thong-minh-va-ben-vung,A00,Điểm học bạ,2021,26.0,Nhóm ngành Công nghệ thông tin gồm 05 ngành và 01 chuyên ngành: Công nghệ thông tin; Kỹ thuật phần mềm; Khoa học máy tính; Hệ thống thông tin; Khoa học dữ liệu và chuyên ngành Quản lý đô thị thông minh và bền vững
98588,IUH,cong-nghe-thong-tin-gom-05-nganh-va-01-chuyen-nganh-cong-nghe-thong-tin-ky-thuat-phan-mem-khoa-hoc-may-tinh-he-thong-thong-tin-khoa-hoc-du-lieu-va-chuyen-nganh-quan-ly-do-thi-thong-minh-va-ben-vung,A01,Điểm học bạ,2021,26.0,Nhóm ngành Công nghệ thông tin gồm 05 ngành và 01 chuyên ngành: Công nghệ thông tin; Kỹ thuật phần mềm; Khoa học máy tính; Hệ thống thông tin; Khoa học dữ liệu và chuyên ngành Quản lý đô thị thông minh và bền vững
98589,IUH,cong-nghe-thong-tin-gom-05-nganh-va-01-chuyen-nganh-cong-nghe-thong-tin-ky-thuat-phan-mem-khoa-hoc-may-tinh-he-thong-thong-tin-khoa-hoc-du-lieu-va-chuyen-nganh-quan-ly-do-thi-thong-minh-va-ben-vung,D01,Điểm học bạ,2021,26.0,Nhóm ngành Công nghệ thông tin gồm 05 ngành và 01 chuyên ngành: Công nghệ thông tin; Kỹ thuật phần mềm; Khoa học máy tính; Hệ thống thông tin; Khoa học dữ liệu và chuyên ngành Quản lý đô thị thông minh và bền vững
98590,IUH,cong-nghe-thong-tin-gom-05-nganh-va-01-chuyen-nganh-cong-nghe-thong-tin-ky-thuat-phan-mem-khoa-hoc-may-tinh-he-thong-thong-tin-khoa-hoc-du-lieu-va-chuyen-nganh-quan-ly-do-thi-thong-minh-va-ben-vung,D90,Điểm học bạ,2021,26.0,Nhóm ngành Công nghệ thông tin gồm 05 ngành và 01 chuyên ngành: Công nghệ thông tin; Kỹ thuật phần mềm; Khoa học máy tính; Hệ thống thông tin; Khoa học dữ liệu và chuyên ngành Quản lý đô thị thông minh và bền vững
98591,IUH,cong-nghe-thong-tin-gom-05-nganh-va-01-chuyen-nganh-cong-nghe-thong-tin-ky-thuat-phan-mem-khoa-hoc-may-tinh-he-thong-thong-tin-khoa-hoc-du-lieu-va-chuyen-nganh-quan-ly-do-thi-thong-minh-va-ben-vung,A00,Điểm thi THPT,2021,25.25,Nhóm ngành Công nghệ thông tin gồm 05 ngành và 01 chuyên ngành: Công nghệ thông tin; Kỹ thuật phần mềm: Khoa học máy tính; Hệ thống thông tin; Khoa học dữ liệu và chuyên ngành Quản lý đô thị thông minh và bền vững
98592,IUH,cong-nghe-thong-tin-gom-05-nganh-va-01-chuyen-nganh-cong-nghe-thong-tin-ky-thuat-phan-mem-khoa-hoc-may-tinh-he-thong-thong-tin-khoa-hoc-du-lieu-va-chuyen-nganh-quan-ly-do-thi-thong-minh-va-ben-vung,C01,Điểm thi THPT,2021,25.25,Nhóm ngành Công nghệ thông tin gồm 05 ngành và 01 chuyên ngành: Công nghệ thông tin; Kỹ thuật phần mềm: Khoa học máy tính; Hệ thống thông tin; Khoa học dữ liệu và chuyên ngành Quản lý đô thị thông minh và bền vững
98593,IUH,cong-nghe-thong-tin-gom-05-nganh-va-01-chuyen-nganh-cong-nghe-thong-tin-ky-thuat-phan-mem-khoa-hoc-may-tinh-he-thong-thong-tin-khoa-hoc-du-lieu-va-chuyen-nganh-quan-ly-do-thi-thong-minh-va-ben-vung,D01,Điểm thi THPT,2021,25.25,Nhóm ngành Công nghệ thông tin gồm 05 ngành và 01 chuyên ngành: Công nghệ thông tin; Kỹ thuật phần mềm: Khoa học máy tính; Hệ thống thông tin; Khoa học dữ liệu và chuyên ngành Quản lý đô thị thông minh và bền vững
98594,IUH,cong-nghe-thong-tin-gom-05-nganh-va-01-chuyen-nganh-cong-nghe-thong-tin-ky-thuat-phan-mem-khoa-hoc-may-tinh-he-thong-thong-tin-khoa-hoc-du-lieu-va-chuyen-nganh-quan-ly-do-thi-thong-minh-va-ben-vung,D90,Điểm thi THPT,2021,25.25,Nhóm ngành Công nghệ thông tin gồm 05 ngành và 01 chuyên ngành: Công nghệ thông tin; Kỹ thuật phần mềm: Khoa học máy tính; Hệ thống thông tin; Khoa học dữ liệu và chuyên ngành Quản lý đô thị thông minh và bền vững
98595,IUH,cong-nghe-thong-tin-gom-5-nganh-va-1-chuyen-nganh-cong-nghe-thong-tin-ky-thuat-phan-mem-khoa-hoc-may-tinh-he-thong-thong-tin-khoa-hoc-du-lieu-va-chuyen-nganh-quan-ly-do-thi-thong-minh-va-ben-vung,A00,Điểm thi THPT,2022,26.0,Nhóm ngành Công nghệ thông tin gồm 5 ngành và 1 chuyên ngành: Công nghệ thông tin; Kỹ thuật phần mềm; Khoa học máy tính; Hệ thống thông tin; Khoa học dữ liệu và chuyên ngành Quản lý đô thị thông minh và bền vững
98596,IUH,cong-nghe-thong-tin-gom-5-nganh-va-1-chuyen-nganh-cong-nghe-thong-tin-ky-thuat-phan-mem-khoa-hoc-may-tinh-he-thong-thong-tin-khoa-hoc-du-lieu-va-chuyen-nganh-quan-ly-do-thi-thong-minh-va-ben-vung,A01,Điểm thi THPT,2022,26.0,Nhóm ngành Công nghệ thông tin gồm 5 ngành và 1 chuyên ngành: Công nghệ thông tin; Kỹ thuật phần mềm; Khoa học máy tính; Hệ thống thông tin; Khoa học dữ liệu và chuyên ngành Quản lý đô thị thông minh và bền vững
98597,IUH,cong-nghe-thong-tin-gom-5-nganh-va-1-chuyen-nganh-cong-nghe-thong-tin-ky-thuat-phan-mem-khoa-hoc-may-tinh-he-thong-thong-tin-khoa-hoc-du-lieu-va-chuyen-nganh-quan-ly-do-thi-thong-minh-va-ben-vung,C01,Điểm thi THPT,2022,26.0,Nhóm ngành Công nghệ thông tin gồm 5 ngành và 1 chuyên ngành: Công nghệ thông tin; Kỹ thuật phần mềm; Khoa học máy tính; Hệ thống thông tin; Khoa học dữ liệu và chuyên ngành Quản lý đô thị thông minh và bền vững
98598,IUH,cong-nghe-thong-tin-gom-5-nganh-va-1-chuyen-nganh-cong-nghe-thong-tin-ky-thuat-phan-mem-khoa-hoc-may-tinh-he-thong-thong-tin-khoa-hoc-du-lieu-va-chuyen-nganh-quan-ly-do-thi-thong-minh-va-ben-vung,D90,Điểm thi THPT,2022,26.0,Nhóm ngành Công nghệ thông tin gồm 5 ngành và 1 chuyên ngành: Công nghệ thông tin; Kỹ thuật phần mềm; Khoa học máy tính; Hệ thống thông tin; Khoa học dữ liệu và chuyên ngành Quản lý đô thị thông minh và bền vững
98599,IUH,cong-nghe-thuc-pham,A00,Điểm học bạ,2021,22.0,Công nghệ thực phẩm
98600,IUH,cong-nghe-thuc-pham,B00,Điểm học bạ,2021,22.0,Công nghệ thực phẩm
98601,IUH,cong-nghe-thuc-pham,D07,Điểm học bạ,2021,22.0,Công nghệ thực phẩm
98602,IUH,cong-nghe-thuc-pham,D90,Điểm học bạ,2021,22.0,Công nghệ thực phẩm
98603,IUH,cong-nghe-thuc-pham,A00,Điểm thi THPT,2021,17.5,Công nghệ thực phẩm
98604,IUH,cong-nghe-thuc-pham,B00,Điểm thi THPT,2021,17.5,Công nghệ thực phẩm
98605,IUH,cong-nghe-thuc-pham,D07,Điểm thi THPT,2021,17.5,Công nghệ thực phẩm
98606,IUH,cong-nghe-thuc-pham,D90,Điểm thi THPT,2021,17.5,Công nghệ thực phẩm
98607,IUH,cong-nghe-thuc-pham,A00,Điểm học bạ,2022,23.5,Công nghệ thực phẩm
98608,IUH,cong-nghe-thuc-pham,B00,Điểm học bạ,2022,23.5,Công nghệ thực phẩm
98609,IUH,cong-nghe-thuc-pham,D07,Điểm học bạ,2022,23.5,Công nghệ thực phẩm
98610,IUH,cong-nghe-thuc-pham,D90,Điểm học bạ,2022,23.5,Công nghệ thực phẩm
98611,IUH,cong-nghe-thuc-pham,A00,Điểm thi THPT,2022,19.0,Công nghệ thực phẩm
98612,IUH,cong-nghe-thuc-pham,B00,Điểm thi THPT,2022,19.0,Công nghệ thực phẩm
98613,IUH,cong-nghe-thuc-pham,D07,Điểm thi THPT,2022,19.0,Công nghệ thực phẩm
98614,IUH,cong-nghe-thuc-pham,D90,Điểm thi THPT,2022,19.0,Công nghệ thực phẩm
98615,IUH,cong-nghe-thuc-pham,A00,Điểm học bạ,2023,23.0,Công nghệ thực phẩm
98616,IUH,cong-nghe-thuc-pham,B00,Điểm học bạ,2023,23.0,Công nghệ thực phẩm
98617,IUH,cong-nghe-thuc-pham,D07,Điểm học bạ,2023,23.0,Công nghệ thực phẩm
98618,IUH,cong-nghe-thuc-pham,D90,Điểm học bạ,2023,23.0,Công nghệ thực phẩm
98619,IUH,cong-nghe-thuc-pham,A00,Điểm thi THPT,2023,18.0,Công nghệ thực phẩm
98620,IUH,cong-nghe-thuc-pham,B00,Điểm thi THPT,2023,18.0,Công nghệ thực phẩm
98621,IUH,cong-nghe-thuc-pham,D07,Điểm thi THPT,2023,18.0,Công nghệ thực phẩm
98622,IUH,cong-nghe-thuc-pham,D90,Điểm thi THPT,2023,18.0,Công nghệ thực phẩm
98623,IUH,cong-nghe-thuc-pham,A00,Điểm học bạ,2024,24.0,Công nghệ thực phẩm
98624,IUH,cong-nghe-thuc-pham,B00,Điểm học bạ,2024,24.0,Công nghệ thực phẩm
98625,IUH,cong-nghe-thuc-pham,D07,Điểm học bạ,2024,24.0,Công nghệ thực phẩm
98626,IUH,cong-nghe-thuc-pham,D90,Điểm học bạ,2024,24.0,Công nghệ thực phẩm
98627,IUH,cong-nghe-thuc-pham,A00,Điểm thi THPT,2024,18.0,Công nghệ thực phẩm
98628,IUH,cong-nghe-thuc-pham,B00,Điểm thi THPT,2024,18.0,Công nghệ thực phẩm
98629,IUH,cong-nghe-thuc-pham,D07,Điểm thi THPT,2024,18.0,Công nghệ thực phẩm
98630,IUH,cong-nghe-thuc-pham,D90,Điểm thi THPT,2024,18.0,Công nghệ thực phẩm
98631,IUH,cong-nghe-thuc-pham,A00,Điểm học bạ,2025,25.37,Công nghệ thực phẩm
98632,IUH,cong-nghe-thuc-pham,B00,Điểm học bạ,2025,25.37,Công nghệ thực phẩm
98633,IUH,cong-nghe-thuc-pham,C02,Điểm học bạ,2025,25.37,Công nghệ thực phẩm
98634,IUH,cong-nghe-thuc-pham,D07,Điểm học bạ,2025,25.37,Công nghệ thực phẩm
98635,IUH,cong-nghe-thuc-pham,X11,Điểm học bạ,2025,25.37,Công nghệ thực phẩm
98636,IUH,cong-nghe-thuc-pham,A00,Điểm thi THPT,2025,21.5,Công nghệ thực phẩm
98637,IUH,cong-nghe-thuc-pham,B00,Điểm thi THPT,2025,21.5,Công nghệ thực phẩm
98638,IUH,cong-nghe-thuc-pham,C02,Điểm thi THPT,2025,21.5,Công nghệ thực phẩm
98639,IUH,cong-nghe-thuc-pham,D07,Điểm thi THPT,2025,21.5,Công nghệ thực phẩm
98640,IUH,cong-nghe-thuc-pham,X11,Điểm thi THPT,2025,21.5,Công nghệ thực phẩm
98641,IUH,dam-bao-chat-luong-va-an-toan-thuc-pham,A00,Điểm học bạ,2021,20.0,Đảm bảo chất lượng và An toàn thực phẩm
98642,IUH,dam-bao-chat-luong-va-an-toan-thuc-pham,B00,Điểm học bạ,2021,20.0,Đảm bảo chất lượng và An toàn thực phẩm
98643,IUH,dam-bao-chat-luong-va-an-toan-thuc-pham,D07,Điểm học bạ,2021,20.0,Đảm bảo chất lượng và An toàn thực phẩm
98644,IUH,dam-bao-chat-luong-va-an-toan-thuc-pham,D90,Điểm học bạ,2021,20.0,Đảm bảo chất lượng và An toàn thực phẩm
98645,IUH,dam-bao-chat-luong-va-an-toan-thuc-pham,A00,Điểm thi THPT,2021,18.5,Đảm bảo chất lượng và an toàn thực phẩm
98646,IUH,dam-bao-chat-luong-va-an-toan-thuc-pham,B00,Điểm thi THPT,2021,18.5,Đảm bảo chất lượng và an toàn thực phẩm
98647,IUH,dam-bao-chat-luong-va-an-toan-thuc-pham,D07,Điểm thi THPT,2021,18.5,Đảm bảo chất lượng và an toàn thực phẩm
98648,IUH,dam-bao-chat-luong-va-an-toan-thuc-pham,D90,Điểm thi THPT,2021,18.5,Đảm bảo chất lượng và an toàn thực phẩm
98649,IUH,dam-bao-chat-luong-va-an-toan-thuc-pham,A00,Điểm học bạ,2022,24.0,Đảm bảo chất lượng và an toàn thực phẩm
98650,IUH,dam-bao-chat-luong-va-an-toan-thuc-pham,B00,Điểm học bạ,2022,24.0,Đảm bảo chất lượng và an toàn thực phẩm
98651,IUH,dam-bao-chat-luong-va-an-toan-thuc-pham,D07,Điểm học bạ,2022,24.0,Đảm bảo chất lượng và an toàn thực phẩm
98652,IUH,dam-bao-chat-luong-va-an-toan-thuc-pham,D90,Điểm học bạ,2022,24.0,Đảm bảo chất lượng và an toàn thực phẩm
98653,IUH,dam-bao-chat-luong-va-an-toan-thuc-pham,A00,Điểm thi THPT,2022,19.0,Đảm bảo chất lượng và An toàn thực phẩm
98654,IUH,dam-bao-chat-luong-va-an-toan-thuc-pham,B00,Điểm thi THPT,2022,19.0,Đảm bảo chất lượng và An toàn thực phẩm
98655,IUH,dam-bao-chat-luong-va-an-toan-thuc-pham,D07,Điểm thi THPT,2022,19.0,Đảm bảo chất lượng và An toàn thực phẩm
98656,IUH,dam-bao-chat-luong-va-an-toan-thuc-pham,D90,Điểm thi THPT,2022,19.0,Đảm bảo chất lượng và An toàn thực phẩm
98657,IUH,dam-bao-chat-luong-va-an-toan-thuc-pham,A00,Điểm học bạ,2023,23.75,Đảm bảo chất lượng và an toàn thực phẩm
98658,IUH,dam-bao-chat-luong-va-an-toan-thuc-pham,B00,Điểm học bạ,2023,23.75,Đảm bảo chất lượng và an toàn thực phẩm
98659,IUH,dam-bao-chat-luong-va-an-toan-thuc-pham,D07,Điểm học bạ,2023,23.75,Đảm bảo chất lượng và an toàn thực phẩm
98660,IUH,dam-bao-chat-luong-va-an-toan-thuc-pham,D90,Điểm học bạ,2023,23.75,Đảm bảo chất lượng và an toàn thực phẩm
98661,IUH,dam-bao-chat-luong-va-an-toan-thuc-pham,A00,Điểm thi THPT,2023,19.0,Đảm bảo chất lượng và an toàn thực phẩm
98662,IUH,dam-bao-chat-luong-va-an-toan-thuc-pham,B00,Điểm thi THPT,2023,19.0,Đảm bảo chất lượng và an toàn thực phẩm
98663,IUH,dam-bao-chat-luong-va-an-toan-thuc-pham,D07,Điểm thi THPT,2023,19.0,Đảm bảo chất lượng và an toàn thực phẩm
98664,IUH,dam-bao-chat-luong-va-an-toan-thuc-pham,D90,Điểm thi THPT,2023,19.0,Đảm bảo chất lượng và an toàn thực phẩm
98665,IUH,dam-bao-chat-luong-va-an-toan-thuc-pham,A00,Điểm học bạ,2024,24.0,Đảm bảo chất lượng và An toàn thực phẩm
98666,IUH,dam-bao-chat-luong-va-an-toan-thuc-pham,B00,Điểm học bạ,2024,24.0,Đảm bảo chất lượng và An toàn thực phẩm
98667,IUH,dam-bao-chat-luong-va-an-toan-thuc-pham,D07,Điểm học bạ,2024,24.0,Đảm bảo chất lượng và An toàn thực phẩm
98668,IUH,dam-bao-chat-luong-va-an-toan-thuc-pham,D90,Điểm học bạ,2024,24.0,Đảm bảo chất lượng và An toàn thực phẩm
98669,IUH,dam-bao-chat-luong-va-an-toan-thuc-pham,A00,Điểm thi THPT,2024,19.0,Đảm bảo chất lượng và An toàn thực phẩm
98670,IUH,dam-bao-chat-luong-va-an-toan-thuc-pham,B00,Điểm thi THPT,2024,19.0,Đảm bảo chất lượng và An toàn thực phẩm
98671,IUH,dam-bao-chat-luong-va-an-toan-thuc-pham,D07,Điểm thi THPT,2024,19.0,Đảm bảo chất lượng và An toàn thực phẩm
98672,IUH,dam-bao-chat-luong-va-an-toan-thuc-pham,D90,Điểm thi THPT,2024,19.0,Đảm bảo chất lượng và An toàn thực phẩm
98673,IUH,dam-bao-chat-luong-va-an-toan-thuc-pham,A00,Điểm học bạ,2025,22.0,Đảm bảo chất lượng và An toàn thực phẩm
98674,IUH,dam-bao-chat-luong-va-an-toan-thuc-pham,B00,Điểm học bạ,2025,22.0,Đảm bảo chất lượng và An toàn thực phẩm
98675,IUH,dam-bao-chat-luong-va-an-toan-thuc-pham,C02,Điểm học bạ,2025,22.0,Đảm bảo chất lượng và An toàn thực phẩm
98676,IUH,dam-bao-chat-luong-va-an-toan-thuc-pham,D07,Điểm học bạ,2025,22.0,Đảm bảo chất lượng và An toàn thực phẩm
98677,IUH,dam-bao-chat-luong-va-an-toan-thuc-pham,X11,Điểm học bạ,2025,22.0,Đảm bảo chất lượng và An toàn thực phẩm
98678,IUH,dam-bao-chat-luong-va-an-toan-thuc-pham,A00,Điểm thi THPT,2025,18.0,Đảm bảo chất lượng và An toàn thực phẩm
98679,IUH,dam-bao-chat-luong-va-an-toan-thuc-pham,B00,Điểm thi THPT,2025,18.0,Đảm bảo chất lượng và An toàn thực phẩm
98680,IUH,dam-bao-chat-luong-va-an-toan-thuc-pham,C02,Điểm thi THPT,2025,18.0,Đảm bảo chất lượng và An toàn thực phẩm
98681,IUH,dam-bao-chat-luong-va-an-toan-thuc-pham,D07,Điểm thi THPT,2025,18.0,Đảm bảo chất lượng và An toàn thực phẩm
98682,IUH,dam-bao-chat-luong-va-an-toan-thuc-pham,X11,Điểm thi THPT,2025,18.0,Đảm bảo chất lượng và An toàn thực phẩm
98683,IUH,dinh-duong-va-khoa-hoc-thuc-pham,A00,Điểm học bạ,2021,20.0,Dinh dưỡng và Khoa học thực phẩm
98684,IUH,dinh-duong-va-khoa-hoc-thuc-pham,B00,Điểm học bạ,2021,20.0,Dinh dưỡng và Khoa học thực phẩm
98685,IUH,dinh-duong-va-khoa-hoc-thuc-pham,D07,Điểm học bạ,2021,20.0,Dinh dưỡng và Khoa học thực phẩm
98686,IUH,dinh-duong-va-khoa-hoc-thuc-pham,D90,Điểm học bạ,2021,20.0,Dinh dưỡng và Khoa học thực phẩm
98687,IUH,dinh-duong-va-khoa-hoc-thuc-pham,A00,Điểm thi THPT,2021,18.5,Dinh dưỡng và Khoa học thực phẩm
98688,IUH,dinh-duong-va-khoa-hoc-thuc-pham,B00,Điểm thi THPT,2021,18.5,Dinh dưỡng và Khoa học thực phẩm
98689,IUH,dinh-duong-va-khoa-hoc-thuc-pham,D07,Điểm thi THPT,2021,18.5,Dinh dưỡng và Khoa học thực phẩm
98690,IUH,dinh-duong-va-khoa-hoc-thuc-pham,D90,Điểm thi THPT,2021,18.5,Dinh dưỡng và Khoa học thực phẩm
98691,IUH,dinh-duong-va-khoa-hoc-thuc-pham,A00,Điểm học bạ,2022,24.0,Dinh dưỡng và khoa học thực phẩm
98692,IUH,dinh-duong-va-khoa-hoc-thuc-pham,B00,Điểm học bạ,2022,24.0,Dinh dưỡng và khoa học thực phẩm
98693,IUH,dinh-duong-va-khoa-hoc-thuc-pham,D07,Điểm học bạ,2022,24.0,Dinh dưỡng và khoa học thực phẩm
98694,IUH,dinh-duong-va-khoa-hoc-thuc-pham,D90,Điểm học bạ,2022,24.0,Dinh dưỡng và khoa học thực phẩm
98695,IUH,dinh-duong-va-khoa-hoc-thuc-pham,A00,Điểm thi THPT,2022,19.0,Dinh dưỡng và Khoa học thực phẩm
98696,IUH,dinh-duong-va-khoa-hoc-thuc-pham,B00,Điểm thi THPT,2022,19.0,Dinh dưỡng và Khoa học thực phẩm
98697,IUH,dinh-duong-va-khoa-hoc-thuc-pham,D07,Điểm thi THPT,2022,19.0,Dinh dưỡng và Khoa học thực phẩm
98698,IUH,dinh-duong-va-khoa-hoc-thuc-pham,D90,Điểm thi THPT,2022,19.0,Dinh dưỡng và Khoa học thực phẩm
98699,IUH,dinh-duong-va-khoa-hoc-thuc-pham,A00,Điểm học bạ,2023,23.0,Dinh dưỡng và khoa học thực phẩm
98700,IUH,dinh-duong-va-khoa-hoc-thuc-pham,B00,Điểm học bạ,2023,23.0,Dinh dưỡng và khoa học thực phẩm
98701,IUH,dinh-duong-va-khoa-hoc-thuc-pham,D07,Điểm học bạ,2023,23.0,Dinh dưỡng và khoa học thực phẩm
98702,IUH,dinh-duong-va-khoa-hoc-thuc-pham,D90,Điểm học bạ,2023,23.0,Dinh dưỡng và khoa học thực phẩm
98703,IUH,dinh-duong-va-khoa-hoc-thuc-pham,A00,Điểm thi THPT,2023,19.0,Dinh dưỡng và khoa học thực phẩm
98704,IUH,dinh-duong-va-khoa-hoc-thuc-pham,B00,Điểm thi THPT,2023,19.0,Dinh dưỡng và khoa học thực phẩm
98705,IUH,dinh-duong-va-khoa-hoc-thuc-pham,D07,Điểm thi THPT,2023,19.0,Dinh dưỡng và khoa học thực phẩm
98706,IUH,dinh-duong-va-khoa-hoc-thuc-pham,D90,Điểm thi THPT,2023,19.0,Dinh dưỡng và khoa học thực phẩm
98707,IUH,dinh-duong-va-khoa-hoc-thuc-pham,A00,Điểm học bạ,2024,23.0,Dinh dưỡng và Khoa học thực phẩm
98708,IUH,dinh-duong-va-khoa-hoc-thuc-pham,B00,Điểm học bạ,2024,23.0,Dinh dưỡng và Khoa học thực phẩm
98709,IUH,dinh-duong-va-khoa-hoc-thuc-pham,D07,Điểm học bạ,2024,23.0,Dinh dưỡng và Khoa học thực phẩm
98710,IUH,dinh-duong-va-khoa-hoc-thuc-pham,D90,Điểm học bạ,2024,23.0,Dinh dưỡng và Khoa học thực phẩm
98711,IUH,dinh-duong-va-khoa-hoc-thuc-pham,A00,Điểm thi THPT,2024,19.0,Dinh dưỡng và Khoa học thực phẩm
98712,IUH,dinh-duong-va-khoa-hoc-thuc-pham,B00,Điểm thi THPT,2024,19.0,Dinh dưỡng và Khoa học thực phẩm
98713,IUH,dinh-duong-va-khoa-hoc-thuc-pham,D07,Điểm thi THPT,2024,19.0,Dinh dưỡng và Khoa học thực phẩm
98714,IUH,dinh-duong-va-khoa-hoc-thuc-pham,D90,Điểm thi THPT,2024,19.0,Dinh dưỡng và Khoa học thực phẩm
98715,IUH,dinh-duong-va-khoa-hoc-thuc-pham,A00,Điểm học bạ,2025,22.0,Dinh dưỡng và Khoa học thực phẩm
98716,IUH,dinh-duong-va-khoa-hoc-thuc-pham,B00,Điểm học bạ,2025,22.0,Dinh dưỡng và Khoa học thực phẩm
98717,IUH,dinh-duong-va-khoa-hoc-thuc-pham,C02,Điểm học bạ,2025,22.0,Dinh dưỡng và Khoa học thực phẩm
98718,IUH,dinh-duong-va-khoa-hoc-thuc-pham,D07,Điểm học bạ,2025,22.0,Dinh dưỡng và Khoa học thực phẩm
98719,IUH,dinh-duong-va-khoa-hoc-thuc-pham,X11,Điểm học bạ,2025,22.0,Dinh dưỡng và Khoa học thực phẩm
98720,IUH,dinh-duong-va-khoa-hoc-thuc-pham,A00,Điểm thi THPT,2025,18.0,Dinh dưỡng và Khoa học thực phẩm
98721,IUH,dinh-duong-va-khoa-hoc-thuc-pham,B00,Điểm thi THPT,2025,18.0,Dinh dưỡng và Khoa học thực phẩm
98722,IUH,dinh-duong-va-khoa-hoc-thuc-pham,C02,Điểm thi THPT,2025,18.0,Dinh dưỡng và Khoa học thực phẩm
98723,IUH,dinh-duong-va-khoa-hoc-thuc-pham,D07,Điểm thi THPT,2025,18.0,Dinh dưỡng và Khoa học thực phẩm
98724,IUH,dinh-duong-va-khoa-hoc-thuc-pham,X11,Điểm thi THPT,2025,18.0,Dinh dưỡng và Khoa học thực phẩm
98725,IUH,duoc-hoc,A00,Điểm học bạ,2022,27.5,Dược học
98726,IUH,duoc-hoc,B00,Điểm học bạ,2022,27.5,Dược học
98727,IUH,duoc-hoc,C08,Điểm học bạ,2022,27.5,Dược học
98728,IUH,duoc-hoc,D07,Điểm học bạ,2022,27.5,Dược học
98729,IUH,duoc-hoc,A00,Điểm thi THPT,2022,23.0,Dược học
98730,IUH,duoc-hoc,B00,Điểm thi THPT,2022,23.0,Dược học
98731,IUH,duoc-hoc,C08,Điểm thi THPT,2022,23.0,Dược học
98732,IUH,duoc-hoc,D07,Điểm thi THPT,2022,23.0,Dược học
98733,IUH,duoc-hoc,A00,Điểm học bạ,2023,27.5,Dược học
98734,IUH,duoc-hoc,B00,Điểm học bạ,2023,27.5,Dược học
98735,IUH,duoc-hoc,C08,Điểm học bạ,2023,27.5,Dược học
98736,IUH,duoc-hoc,D07,Điểm học bạ,2023,27.5,Dược học
98737,IUH,duoc-hoc,A00,Điểm thi THPT,2023,23.0,Dược học
98738,IUH,duoc-hoc,B00,Điểm thi THPT,2023,23.0,Dược học
98739,IUH,duoc-hoc,C08,Điểm thi THPT,2023,23.0,Dược học
98740,IUH,duoc-hoc,D07,Điểm thi THPT,2023,23.0,Dược học
98741,IUH,duoc-hoc,A00,Điểm học bạ,2024,28.0,Dược học
98742,IUH,duoc-hoc,B00,Điểm học bạ,2024,28.0,Dược học
98743,IUH,duoc-hoc,C08,Điểm học bạ,2024,28.0,Dược học
98744,IUH,duoc-hoc,D07,Điểm học bạ,2024,28.0,Dược học
98745,IUH,duoc-hoc,A00,Điểm thi THPT,2024,23.0,Dược học
98746,IUH,duoc-hoc,B00,Điểm thi THPT,2024,23.0,Dược học
98747,IUH,duoc-hoc,C08,Điểm thi THPT,2024,23.0,Dược học
98748,IUH,duoc-hoc,D07,Điểm thi THPT,2024,23.0,Dược học
98749,IUH,duoc-hoc,A00,Điểm học bạ,2025,27.06,Dược học
98750,IUH,duoc-hoc,B00,Điểm học bạ,2025,27.06,Dược học
98751,IUH,duoc-hoc,C02,Điểm học bạ,2025,27.06,Dược học
98752,IUH,duoc-hoc,D07,Điểm học bạ,2025,27.06,Dược học
98753,IUH,duoc-hoc,X11,Điểm học bạ,2025,27.06,Dược học
98754,IUH,duoc-hoc,A00,Điểm thi THPT,2025,23.75,Dược học
98755,IUH,duoc-hoc,B00,Điểm thi THPT,2025,23.75,Dược học
98756,IUH,duoc-hoc,C02,Điểm thi THPT,2025,23.75,Dược học
98757,IUH,duoc-hoc,D07,Điểm thi THPT,2025,23.75,Dược học
98758,IUH,duoc-hoc,X11,Điểm thi THPT,2025,23.75,Dược học
98759,IUH,iot-va-tri-tue-nhan-tao-ung-dung,A00,Điểm học bạ,2021,22.0,IOT và Trí tuệ nhân tạo ứng dụng
98760,IUH,iot-va-tri-tue-nhan-tao-ung-dung,A01,Điểm học bạ,2021,22.0,IOT và Trí tuệ nhân tạo ứng dụng
98761,IUH,iot-va-tri-tue-nhan-tao-ung-dung,C01,Điểm học bạ,2021,22.0,IOT và Trí tuệ nhân tạo ứng dụng
98762,IUH,iot-va-tri-tue-nhan-tao-ung-dung,D90,Điểm học bạ,2021,22.0,IOT và Trí tuệ nhân tạo ứng dụng
98763,IUH,iot-va-tri-tue-nhan-tao-ung-dung,A00,Điểm thi THPT,2021,20.5,IOT và Trí tuệ nhân tạo ứng dụng
98764,IUH,iot-va-tri-tue-nhan-tao-ung-dung,A01,Điểm thi THPT,2021,20.5,IOT và Trí tuệ nhân tạo ứng dụng
98765,IUH,iot-va-tri-tue-nhan-tao-ung-dung,C01,Điểm thi THPT,2021,20.5,IOT và Trí tuệ nhân tạo ứng dụng
98766,IUH,iot-va-tri-tue-nhan-tao-ung-dung,D90,Điểm thi THPT,2021,20.5,IOT và Trí tuệ nhân tạo ứng dụng
98767,IUH,iot-va-tri-tue-nhan-tao-ung-dung,A00,Điểm học bạ,2022,26.5,IOT và Trí tuệ nhân tạo ứng dụng
98768,IUH,iot-va-tri-tue-nhan-tao-ung-dung,A01,Điểm học bạ,2022,26.5,IOT và Trí tuệ nhân tạo ứng dụng
98769,IUH,iot-va-tri-tue-nhan-tao-ung-dung,C01,Điểm học bạ,2022,26.5,IOT và Trí tuệ nhân tạo ứng dụng
98770,IUH,iot-va-tri-tue-nhan-tao-ung-dung,D90,Điểm học bạ,2022,26.5,IOT và Trí tuệ nhân tạo ứng dụng
98771,IUH,iot-va-tri-tue-nhan-tao-ung-dung,A00,Điểm thi THPT,2022,22.5,IOT và Trí tuệ nhân tạo ứng dụng
98772,IUH,iot-va-tri-tue-nhan-tao-ung-dung,A01,Điểm thi THPT,2022,22.5,IOT và Trí tuệ nhân tạo ứng dụng
98773,IUH,iot-va-tri-tue-nhan-tao-ung-dung,C01,Điểm thi THPT,2022,22.5,IOT và Trí tuệ nhân tạo ứng dụng
98774,IUH,iot-va-tri-tue-nhan-tao-ung-dung,D90,Điểm thi THPT,2022,22.5,IOT và Trí tuệ nhân tạo ứng dụng
98775,IUH,ke-toan,A00,Điểm học bạ,2021,18.0,Kế toán
98776,IUH,ke-toan,A01,Điểm học bạ,2021,18.0,Kế toán
98777,IUH,ke-toan,C01,Điểm học bạ,2021,18.0,Kế toán
98778,IUH,ke-toan,D01,Điểm học bạ,2021,21.0,Kế toán
98779,IUH,ke-toan,D90,Điểm học bạ,2021,18.0,Kế toán
98780,IUH,ke-toan,A00,Điểm thi THPT,2021,23.0,Kế toán
98781,IUH,ke-toan,A01,Điểm thi THPT,2021,23.0,Kế toán
98782,IUH,ke-toan,D01,Điểm thi THPT,2021,23.0,Kế toán
98783,IUH,ke-toan,D90,Điểm thi THPT,2021,23.0,Kế toán
98784,IUH,ke-toan,A00,Điểm học bạ,2022,24.0,Kế toán
98785,IUH,ke-toan,A01,Điểm học bạ,2022,24.0,Kế toán
98786,IUH,ke-toan,D01,Điểm học bạ,2022,24.0,Kế toán
98787,IUH,ke-toan,D90,Điểm học bạ,2022,24.0,Kế toán
98788,IUH,ke-toan,A00,Điểm thi THPT,2022,21.0,Kế toán
98789,IUH,ke-toan,A01,Điểm thi THPT,2022,21.0,Kế toán
98790,IUH,ke-toan,D01,Điểm thi THPT,2022,21.0,Kế toán
98791,IUH,ke-toan,D90,Điểm thi THPT,2022,21.0,Kế toán
98792,IUH,ke-toan,A00,Điểm học bạ,2023,23.0,Kế toán
98793,IUH,ke-toan,A01,Điểm học bạ,2023,23.0,Kế toán
98794,IUH,ke-toan,D01,Điểm học bạ,2023,23.0,Kế toán
98795,IUH,ke-toan,D96,Điểm học bạ,2023,23.0,Kế toán
98796,IUH,ke-toan,A00,Điểm thi THPT,2023,20.0,Kế toán
98797,IUH,ke-toan,A01,Điểm thi THPT,2023,20.0,Kế toán
98798,IUH,ke-toan,D01,Điểm thi THPT,2023,20.0,Kế toán
98799,IUH,ke-toan,D96,Điểm thi THPT,2023,20.0,Kế toán
98800,IUH,ke-toan,A00,Điểm học bạ,2024,19.0,Kế toán
98801,IUH,ke-toan,A01,Điểm học bạ,2024,19.0,Kế toán
98802,IUH,ke-toan,D01,Điểm học bạ,2024,19.0,Kế toán
98803,IUH,ke-toan,D96,Điểm học bạ,2024,19.0,Kế toán
98804,IUH,ke-toan,C01,Điểm học bạ,2025,26.31,Kế toán
98805,IUH,ke-toan,C03,Điểm học bạ,2025,26.31,Kế toán
98806,IUH,ke-toan,C04,Điểm học bạ,2025,26.31,Kế toán
98807,IUH,ke-toan,D01,Điểm học bạ,2025,26.31,Kế toán
98808,IUH,ke-toan,X01,Điểm học bạ,2025,26.31,Kế toán
98809,IUH,ke-toan,X02,Điểm học bạ,2025,26.31,Kế toán
98810,IUH,ke-toan,C01,Điểm thi THPT,2025,22.75,Kế toán
98811,IUH,ke-toan,C03,Điểm thi THPT,2025,22.75,Kế toán
98812,IUH,ke-toan,C04,Điểm thi THPT,2025,22.75,Kế toán
98813,IUH,ke-toan,D01,Điểm thi THPT,2025,22.75,Kế toán
98814,IUH,ke-toan,X01,Điểm thi THPT,2025,22.75,Kế toán
98815,IUH,ke-toan,X02,Điểm thi THPT,2025,22.75,Kế toán
98816,IUH,ke-toan-chat-luong-cao-tich-hop-chung-chi-acca,A00,Điểm thi THPT,2023,20.0,Kế toán chất lượng cao tích hợp chứng chỉ ACCA
98817,IUH,ke-toan-chat-luong-cao-tich-hop-chung-chi-acca,A01,Điểm thi THPT,2023,20.0,Kế toán chất lượng cao tích hợp chứng chỉ ACCA
98818,IUH,ke-toan-chat-luong-cao-tich-hop-chung-chi-acca,D01,Điểm thi THPT,2023,20.0,Kế toán chất lượng cao tích hợp chứng chỉ ACCA
98819,IUH,ke-toan-chat-luong-cao-tich-hop-chung-chi-acca,D96,Điểm thi THPT,2023,20.0,Kế toán chất lượng cao tích hợp chứng chỉ ACCA
98820,IUH,ke-toan-chat-luong-cao-tich-hop-chung-chi-quoc-te-advanced-diploma-in-accounting-business-cua-hiep-hoi-ke-toan-cong-chung-anh,A00,Điểm thi THPT,2022,19.0,Kế toán chất lượng cao tích hợp chứng chỉ quốc tế Advanced Diploma in Accounting & Business của Hiệp hội kế toán công chứng Anh (ACCA)
98821,IUH,ke-toan-chat-luong-cao-tich-hop-chung-chi-quoc-te-advanced-diploma-in-accounting-business-cua-hiep-hoi-ke-toan-cong-chung-anh,A01,Điểm thi THPT,2022,19.0,Kế toán chất lượng cao tích hợp chứng chỉ quốc tế Advanced Diploma in Accounting & Business của Hiệp hội kế toán công chứng Anh (ACCA)
98822,IUH,ke-toan-chat-luong-cao-tich-hop-chung-chi-quoc-te-advanced-diploma-in-accounting-business-cua-hiep-hoi-ke-toan-cong-chung-anh,D01,Điểm thi THPT,2022,19.0,Kế toán chất lượng cao tích hợp chứng chỉ quốc tế Advanced Diploma in Accounting & Business của Hiệp hội kế toán công chứng Anh (ACCA)
98823,IUH,ke-toan-chat-luong-cao-tich-hop-chung-chi-quoc-te-advanced-diploma-in-accounting-business-cua-hiep-hoi-ke-toan-cong-chung-anh,D90,Điểm thi THPT,2022,19.0,Kế toán chất lượng cao tích hợp chứng chỉ quốc tế Advanced Diploma in Accounting & Business của Hiệp hội kế toán công chứng Anh (ACCA)
98824,IUH,ke-toan-gom-02-chuyen-nganh-ke-toan-thue,A00,Điểm học bạ,2024,24.0,Kế toán gồm 02 chuyên ngành: Kế toán; Thuế
98825,IUH,ke-toan-gom-02-chuyen-nganh-ke-toan-thue,A01,Điểm học bạ,2024,24.0,Kế toán gồm 02 chuyên ngành: Kế toán; Thuế
98826,IUH,ke-toan-gom-02-chuyen-nganh-ke-toan-thue,D01,Điểm học bạ,2024,24.0,Kế toán gồm 02 chuyên ngành: Kế toán; Thuế
98827,IUH,ke-toan-gom-02-chuyen-nganh-ke-toan-thue,D96,Điểm học bạ,2024,24.0,Kế toán gồm 02 chuyên ngành: Kế toán; Thuế
98828,IUH,ke-toan-gom-02-chuyen-nganh-ke-toan-thue,A00,Điểm thi THPT,2024,21.0,Kế toán gồm 02 chuyên ngành: Kế toán; Thuế
98829,IUH,ke-toan-gom-02-chuyen-nganh-ke-toan-thue,A01,Điểm thi THPT,2024,21.0,Kế toán gồm 02 chuyên ngành: Kế toán; Thuế
98830,IUH,ke-toan-gom-02-chuyen-nganh-ke-toan-thue,D01,Điểm thi THPT,2024,21.0,Kế toán gồm 02 chuyên ngành: Kế toán; Thuế
98831,IUH,ke-toan-gom-02-chuyen-nganh-ke-toan-thue,D96,Điểm thi THPT,2024,21.0,Kế toán gồm 02 chuyên ngành: Kế toán; Thuế
98832,IUH,ke-toan-gom-02-chuyen-nganh-ke-toan-thue-va-ke-toan,A00,Điểm thi THPT,2023,22.75,"Kế toán gồm 02 chuyên ngành: Kế toán; Thuế và kế toán,"
98833,IUH,ke-toan-gom-02-chuyen-nganh-ke-toan-thue-va-ke-toan,A01,Điểm thi THPT,2023,22.75,"Kế toán gồm 02 chuyên ngành: Kế toán; Thuế và kế toán,"
98834,IUH,ke-toan-gom-02-chuyen-nganh-ke-toan-thue-va-ke-toan,D01,Điểm thi THPT,2023,22.75,"Kế toán gồm 02 chuyên ngành: Kế toán; Thuế và kế toán,"
98835,IUH,ke-toan-gom-02-chuyen-nganh-ke-toan-thue-va-ke-toan,D96,Điểm thi THPT,2023,22.75,"Kế toán gồm 02 chuyên ngành: Kế toán; Thuế và kế toán,"
98836,IUH,ke-toan-gom-2-chuyen-nganh-ke-toan-thue-va-ke-toan,A00,Điểm thi THPT,2022,22.5,Kế toán gồm 2 chuyên ngành: Kế toán; Thuế và kế toán
98837,IUH,ke-toan-gom-2-chuyen-nganh-ke-toan-thue-va-ke-toan,A01,Điểm thi THPT,2022,22.5,Kế toán gồm 2 chuyên ngành: Kế toán; Thuế và kế toán
98838,IUH,ke-toan-gom-2-chuyen-nganh-ke-toan-thue-va-ke-toan,D01,Điểm thi THPT,2022,22.5,Kế toán gồm 2 chuyên ngành: Kế toán; Thuế và kế toán
98839,IUH,ke-toan-gom-2-chuyen-nganh-ke-toan-thue-va-ke-toan,D90,Điểm thi THPT,2022,22.5,Kế toán gồm 2 chuyên ngành: Kế toán; Thuế và kế toán
98840,IUH,ke-toan-tich-hop-chung-chi-quoc-te-advanced-diploma-in-accounting-business-cua-hiep-hoi-ke-toan-cong-chung-anh,A00,Điểm học bạ,2024,24.0,Kế toán tích hợp chứng chỉ quốc tế Advanced Diploma in Accounting & Business của Hiệp hội Kế toán công chứng Anh (ACCA)
98841,IUH,ke-toan-tich-hop-chung-chi-quoc-te-advanced-diploma-in-accounting-business-cua-hiep-hoi-ke-toan-cong-chung-anh,A01,Điểm học bạ,2024,24.0,Kế toán tích hợp chứng chỉ quốc tế Advanced Diploma in Accounting & Business của Hiệp hội Kế toán công chứng Anh (ACCA)
98842,IUH,ke-toan-tich-hop-chung-chi-quoc-te-advanced-diploma-in-accounting-business-cua-hiep-hoi-ke-toan-cong-chung-anh,D01,Điểm học bạ,2024,24.0,Kế toán tích hợp chứng chỉ quốc tế Advanced Diploma in Accounting & Business của Hiệp hội Kế toán công chứng Anh (ACCA)
98843,IUH,ke-toan-tich-hop-chung-chi-quoc-te-advanced-diploma-in-accounting-business-cua-hiep-hoi-ke-toan-cong-chung-anh,D96,Điểm học bạ,2024,24.0,Kế toán tích hợp chứng chỉ quốc tế Advanced Diploma in Accounting & Business của Hiệp hội Kế toán công chứng Anh (ACCA)
98844,IUH,ke-toan-tich-hop-chung-chi-quoc-te-advanced-diploma-in-accounting-business-cua-hiep-hoi-ke-toan-cong-chung-anh,A00,Điểm thi THPT,2024,21.0,Kế toán tích hợp chứng chỉ quốc tế Advanced Diploma in Accounting & Business của Hiệp hội Kế toán công chứng Anh (ACCA)
98845,IUH,ke-toan-tich-hop-chung-chi-quoc-te-advanced-diploma-in-accounting-business-cua-hiep-hoi-ke-toan-cong-chung-anh,A01,Điểm thi THPT,2024,21.0,Kế toán tích hợp chứng chỉ quốc tế Advanced Diploma in Accounting & Business của Hiệp hội Kế toán công chứng Anh (ACCA)
98846,IUH,ke-toan-tich-hop-chung-chi-quoc-te-advanced-diploma-in-accounting-business-cua-hiep-hoi-ke-toan-cong-chung-anh,D01,Điểm thi THPT,2024,21.0,Kế toán tích hợp chứng chỉ quốc tế Advanced Diploma in Accounting & Business của Hiệp hội Kế toán công chứng Anh (ACCA)
98847,IUH,ke-toan-tich-hop-chung-chi-quoc-te-advanced-diploma-in-accounting-business-cua-hiep-hoi-ke-toan-cong-chung-anh,D96,Điểm thi THPT,2024,21.0,Kế toán tích hợp chứng chỉ quốc tế Advanced Diploma in Accounting & Business của Hiệp hội Kế toán công chứng Anh (ACCA)
98848,IUH,ke-toan-tich-hop-chung-chi-quoc-te-advanced-diploma-in-accounting-business-cua-hiep-hoi-ke-toan-cong-chung-anh,C01,Điểm học bạ,2025,21.0,Kế toán tích hợp chứng chỉ quốc tế Advanced Diploma in Accounting & Business của Hiệp hội Kế toán công chứng Anh (ACCA)
98849,IUH,ke-toan-tich-hop-chung-chi-quoc-te-advanced-diploma-in-accounting-business-cua-hiep-hoi-ke-toan-cong-chung-anh,C03,Điểm học bạ,2025,21.0,Kế toán tích hợp chứng chỉ quốc tế Advanced Diploma in Accounting & Business của Hiệp hội Kế toán công chứng Anh (ACCA)
98850,IUH,ke-toan-tich-hop-chung-chi-quoc-te-advanced-diploma-in-accounting-business-cua-hiep-hoi-ke-toan-cong-chung-anh,C04,Điểm học bạ,2025,21.0,Kế toán tích hợp chứng chỉ quốc tế Advanced Diploma in Accounting & Business của Hiệp hội Kế toán công chứng Anh (ACCA)
98851,IUH,ke-toan-tich-hop-chung-chi-quoc-te-advanced-diploma-in-accounting-business-cua-hiep-hoi-ke-toan-cong-chung-anh,D01,Điểm học bạ,2025,21.0,Kế toán tích hợp chứng chỉ quốc tế Advanced Diploma in Accounting & Business của Hiệp hội Kế toán công chứng Anh (ACCA)
98852,IUH,ke-toan-tich-hop-chung-chi-quoc-te-advanced-diploma-in-accounting-business-cua-hiep-hoi-ke-toan-cong-chung-anh,X01,Điểm học bạ,2025,21.0,Kế toán tích hợp chứng chỉ quốc tế Advanced Diploma in Accounting & Business của Hiệp hội Kế toán công chứng Anh (ACCA)
98853,IUH,ke-toan-tich-hop-chung-chi-quoc-te-advanced-diploma-in-accounting-business-cua-hiep-hoi-ke-toan-cong-chung-anh,X02,Điểm học bạ,2025,21.0,Kế toán tích hợp chứng chỉ quốc tế Advanced Diploma in Accounting & Business của Hiệp hội Kế toán công chứng Anh (ACCA)
98854,IUH,ke-toan-tich-hop-chung-chi-quoc-te-advanced-diploma-in-accounting-business-cua-hiep-hoi-ke-toan-cong-chung-anh,C01,Điểm thi THPT,2025,17.0,Kế toán tích hợp chứng chỉ quốc tế Advanced Diploma in Accounting & Business của Hiệp hội Kế toán công chứng Anh (ACCA)
98855,IUH,ke-toan-tich-hop-chung-chi-quoc-te-advanced-diploma-in-accounting-business-cua-hiep-hoi-ke-toan-cong-chung-anh,C03,Điểm thi THPT,2025,17.0,Kế toán tích hợp chứng chỉ quốc tế Advanced Diploma in Accounting & Business của Hiệp hội Kế toán công chứng Anh (ACCA)
98856,IUH,ke-toan-tich-hop-chung-chi-quoc-te-advanced-diploma-in-accounting-business-cua-hiep-hoi-ke-toan-cong-chung-anh,C04,Điểm thi THPT,2025,17.0,Kế toán tích hợp chứng chỉ quốc tế Advanced Diploma in Accounting & Business của Hiệp hội Kế toán công chứng Anh (ACCA)
98857,IUH,ke-toan-tich-hop-chung-chi-quoc-te-advanced-diploma-in-accounting-business-cua-hiep-hoi-ke-toan-cong-chung-anh,D01,Điểm thi THPT,2025,17.0,Kế toán tích hợp chứng chỉ quốc tế Advanced Diploma in Accounting & Business của Hiệp hội Kế toán công chứng Anh (ACCA)
98858,IUH,ke-toan-tich-hop-chung-chi-quoc-te-advanced-diploma-in-accounting-business-cua-hiep-hoi-ke-toan-cong-chung-anh,X01,Điểm thi THPT,2025,17.0,Kế toán tích hợp chứng chỉ quốc tế Advanced Diploma in Accounting & Business của Hiệp hội Kế toán công chứng Anh (ACCA)
98859,IUH,ke-toan-tich-hop-chung-chi-quoc-te-advanced-diploma-in-accounting-business-cua-hiep-hoi-ke-toan-cong-chung-anh,X02,Điểm thi THPT,2025,17.0,Kế toán tích hợp chứng chỉ quốc tế Advanced Diploma in Accounting & Business của Hiệp hội Kế toán công chứng Anh (ACCA)
98860,IUH,khoa-hoc-du-lieu,A00,Điểm học bạ,2024,27.25,Khoa học dữ liệu
98861,IUH,khoa-hoc-du-lieu,A01,Điểm học bạ,2024,27.25,Khoa học dữ liệu
98862,IUH,khoa-hoc-du-lieu,D01,Điểm học bạ,2024,27.25,Khoa học dữ liệu
98863,IUH,khoa-hoc-du-lieu,D90,Điểm học bạ,2024,27.25,Khoa học dữ liệu
98864,IUH,khoa-hoc-du-lieu-thuoc-nganh-khoa-hoc-may-tinh,A00,Điểm thi THPT,2024,23.5,Chuyên ngành Khoa học dữ liệu thuộc ngành Khoa học máy tính
98865,IUH,khoa-hoc-du-lieu-thuoc-nganh-khoa-hoc-may-tinh,A01,Điểm thi THPT,2024,23.5,Chuyên ngành Khoa học dữ liệu thuộc ngành Khoa học máy tính
98866,IUH,khoa-hoc-du-lieu-thuoc-nganh-khoa-hoc-may-tinh,C01,Điểm thi THPT,2024,23.5,Chuyên ngành Khoa học dữ liệu thuộc ngành Khoa học máy tính
98867,IUH,khoa-hoc-du-lieu-thuoc-nganh-khoa-hoc-may-tinh,D90,Điểm thi THPT,2024,23.5,Chuyên ngành Khoa học dữ liệu thuộc ngành Khoa học máy tính
98868,IUH,khoa-hoc-may-tinh,A00,Điểm học bạ,2021,20.5,Khoa học máy tính
98869,IUH,khoa-hoc-may-tinh,A01,Điểm học bạ,2021,20.5,Khoa học máy tính
98870,IUH,khoa-hoc-may-tinh,D01,Điểm học bạ,2021,20.5,Khoa học máy tính
98871,IUH,khoa-hoc-may-tinh,D90,Điểm học bạ,2021,20.5,Khoa học máy tính
98872,IUH,khoa-hoc-may-tinh,A00,Điểm thi THPT,2021,23.25,Khoa học máy tính
98873,IUH,khoa-hoc-may-tinh,A01,Điểm thi THPT,2021,23.25,Khoa học máy tính
98874,IUH,khoa-hoc-may-tinh,D01,Điểm thi THPT,2021,23.25,Khoa học máy tính
98875,IUH,khoa-hoc-may-tinh,D90,Điểm thi THPT,2021,23.25,Khoa học máy tính
98876,IUH,khoa-hoc-may-tinh,A00,Điểm học bạ,2022,21.0,Khoa học máy tính
98877,IUH,khoa-hoc-may-tinh,A01,Điểm học bạ,2022,21.0,Khoa học máy tính
98878,IUH,khoa-hoc-may-tinh,D01,Điểm học bạ,2022,21.0,Khoa học máy tính
98879,IUH,khoa-hoc-may-tinh,D90,Điểm học bạ,2022,21.0,Khoa học máy tính
98880,IUH,khoa-hoc-may-tinh,A00,Điểm thi THPT,2022,23.0,Khoa học máy tính
98881,IUH,khoa-hoc-may-tinh,A01,Điểm thi THPT,2022,23.0,Khoa học máy tính
98882,IUH,khoa-hoc-may-tinh,D01,Điểm thi THPT,2022,23.0,Khoa học máy tính
98883,IUH,khoa-hoc-may-tinh,D90,Điểm thi THPT,2022,23.0,Khoa học máy tính
98884,IUH,khoa-hoc-may-tinh,A00,Điểm học bạ,2023,26.0,Khoa học máy tính
98885,IUH,khoa-hoc-may-tinh,A01,Điểm học bạ,2023,26.0,Khoa học máy tính
98886,IUH,khoa-hoc-may-tinh,D01,Điểm học bạ,2023,26.0,Khoa học máy tính
98887,IUH,khoa-hoc-may-tinh,D90,Điểm học bạ,2023,26.0,Khoa học máy tính
98888,IUH,khoa-hoc-may-tinh,A00,Điểm thi THPT,2023,23.5,Khoa học máy tính
98889,IUH,khoa-hoc-may-tinh,A01,Điểm thi THPT,2023,23.5,Khoa học máy tính
98890,IUH,khoa-hoc-may-tinh,D01,Điểm thi THPT,2023,23.5,Khoa học máy tính
98891,IUH,khoa-hoc-may-tinh,D90,Điểm thi THPT,2023,23.5,Khoa học máy tính
98892,IUH,kiem-toan,A00,Điểm học bạ,2021,21.0,Kiểm toán
98893,IUH,kiem-toan,A01,Điểm học bạ,2021,21.0,Kiểm toán
98894,IUH,kiem-toan,D01,Điểm học bạ,2021,21.0,Kiểm toán
98895,IUH,kiem-toan,D90,Điểm học bạ,2021,21.0,Kiểm toán
98896,IUH,kiem-toan,A00,Điểm thi THPT,2021,21.75,Kiểm toán
98897,IUH,kiem-toan,A01,Điểm thi THPT,2021,21.75,Kiểm toán
98898,IUH,kiem-toan,D01,Điểm thi THPT,2021,21.75,Kiểm toán
98899,IUH,kiem-toan,D90,Điểm thi THPT,2021,21.75,Kiểm toán
98900,IUH,kiem-toan,A00,Điểm học bạ,2022,27.25,Kiềm toán
98901,IUH,kiem-toan,A01,Điểm học bạ,2022,27.25,Kiềm toán
98902,IUH,kiem-toan,D01,Điểm học bạ,2022,27.25,Kiềm toán
98903,IUH,kiem-toan,D90,Điểm học bạ,2022,27.25,Kiềm toán
98904,IUH,kiem-toan,A00,Điểm thi THPT,2022,22.5,Kiểm toán
98905,IUH,kiem-toan,A01,Điểm thi THPT,2022,22.5,Kiểm toán
98906,IUH,kiem-toan,D01,Điểm thi THPT,2022,22.5,Kiểm toán
98907,IUH,kiem-toan,D90,Điểm thi THPT,2022,22.5,Kiểm toán
98908,IUH,kiem-toan,A00,Điểm học bạ,2023,23.0,Kiểm toán
98909,IUH,kiem-toan,A01,Điểm học bạ,2023,23.0,Kiểm toán
98910,IUH,kiem-toan,D01,Điểm học bạ,2023,23.0,Kiểm toán
98911,IUH,kiem-toan,D96,Điểm học bạ,2023,23.0,Kiểm toán
98912,IUH,kiem-toan,A00,Điểm thi THPT,2023,20.0,Kiểm toán
98913,IUH,kiem-toan,A01,Điểm thi THPT,2023,20.0,Kiểm toán
98914,IUH,kiem-toan,D01,Điểm thi THPT,2023,20.0,Kiểm toán
98915,IUH,kiem-toan,D96,Điểm thi THPT,2023,20.0,Kiểm toán
98916,IUH,kiem-toan,C01,Điểm học bạ,2025,26.12,Kiểm toán
98917,IUH,kiem-toan,C03,Điểm học bạ,2025,26.12,Kiểm toán
98918,IUH,kiem-toan,C04,Điểm học bạ,2025,26.12,Kiểm toán
98919,IUH,kiem-toan,D01,Điểm học bạ,2025,26.12,Kiểm toán
98920,IUH,kiem-toan,X01,Điểm học bạ,2025,26.12,Kiểm toán
98921,IUH,kiem-toan,X02,Điểm học bạ,2025,26.12,Kiểm toán
98922,IUH,kiem-toan,C01,Điểm thi THPT,2025,22.5,Kiểm toán
98923,IUH,kiem-toan,C03,Điểm thi THPT,2025,22.5,Kiểm toán
98924,IUH,kiem-toan,C04,Điểm thi THPT,2025,22.5,Kiểm toán
98925,IUH,kiem-toan,D01,Điểm thi THPT,2025,22.5,Kiểm toán
98926,IUH,kiem-toan,X01,Điểm thi THPT,2025,22.5,Kiểm toán
98927,IUH,kiem-toan,X02,Điểm thi THPT,2025,22.5,Kiểm toán
98928,IUH,kiem-toan-chat-luong-cao-tich-hop-chung-chi-icaew,A00,Điểm thi THPT,2023,20.0,Kiểm toán chất lượng cao tích hợp chứng chỉ ICAEW
98929,IUH,kiem-toan-chat-luong-cao-tich-hop-chung-chi-icaew,A01,Điểm thi THPT,2023,20.0,Kiểm toán chất lượng cao tích hợp chứng chỉ ICAEW
98930,IUH,kiem-toan-chat-luong-cao-tich-hop-chung-chi-icaew,D01,Điểm thi THPT,2023,20.0,Kiểm toán chất lượng cao tích hợp chứng chỉ ICAEW
98931,IUH,kiem-toan-chat-luong-cao-tich-hop-chung-chi-icaew,D96,Điểm thi THPT,2023,20.0,Kiểm toán chất lượng cao tích hợp chứng chỉ ICAEW
98932,IUH,kiem-toan-chat-luong-cao-tich-hop-chung-chi-quoc-te-cfab-cua-vien-ke-toan-cong-chung-anh-va-xu-wales,A00,Điểm thi THPT,2022,21.0,Kiểm toán chất lượng cao tích hợp chứng chỉ quốc tế CFAB của Viện Kế toán Công chứng Anh và xứ Wales (ICAEW)
98933,IUH,kiem-toan-chat-luong-cao-tich-hop-chung-chi-quoc-te-cfab-cua-vien-ke-toan-cong-chung-anh-va-xu-wales,A01,Điểm thi THPT,2022,21.0,Kiểm toán chất lượng cao tích hợp chứng chỉ quốc tế CFAB của Viện Kế toán Công chứng Anh và xứ Wales (ICAEW)
98934,IUH,kiem-toan-chat-luong-cao-tich-hop-chung-chi-quoc-te-cfab-cua-vien-ke-toan-cong-chung-anh-va-xu-wales,D01,Điểm thi THPT,2022,21.0,Kiểm toán chất lượng cao tích hợp chứng chỉ quốc tế CFAB của Viện Kế toán Công chứng Anh và xứ Wales (ICAEW)
98935,IUH,kiem-toan-chat-luong-cao-tich-hop-chung-chi-quoc-te-cfab-cua-vien-ke-toan-cong-chung-anh-va-xu-wales,D90,Điểm thi THPT,2022,21.0,Kiểm toán chất lượng cao tích hợp chứng chỉ quốc tế CFAB của Viện Kế toán Công chứng Anh và xứ Wales (ICAEW)
98936,IUH,kiem-toan-gom-02-chuyen-nganh-kiem-toan-phan-tich-kinh-doanh,A00,Điểm học bạ,2024,24.0,Kiểm toán gồm 02 chuyên ngành: Kiểm toán; Phân tích kinh doanh.
98937,IUH,kiem-toan-gom-02-chuyen-nganh-kiem-toan-phan-tich-kinh-doanh,A01,Điểm học bạ,2024,24.0,Kiểm toán gồm 02 chuyên ngành: Kiểm toán; Phân tích kinh doanh.
98938,IUH,kiem-toan-gom-02-chuyen-nganh-kiem-toan-phan-tich-kinh-doanh,D01,Điểm học bạ,2024,24.0,Kiểm toán gồm 02 chuyên ngành: Kiểm toán; Phân tích kinh doanh.
98939,IUH,kiem-toan-gom-02-chuyen-nganh-kiem-toan-phan-tich-kinh-doanh,D96,Điểm học bạ,2024,24.0,Kiểm toán gồm 02 chuyên ngành: Kiểm toán; Phân tích kinh doanh.
98940,IUH,kiem-toan-gom-02-chuyen-nganh-kiem-toan-phan-tich-kinh-doanh,A00,Điểm thi THPT,2024,23.0,Kiểm toán gồm 02 chuyên ngành: Kiểm toán; Phân tích kinh doanh.
98941,IUH,kiem-toan-gom-02-chuyen-nganh-kiem-toan-phan-tich-kinh-doanh,A01,Điểm thi THPT,2024,23.0,Kiểm toán gồm 02 chuyên ngành: Kiểm toán; Phân tích kinh doanh.
98942,IUH,kiem-toan-gom-02-chuyen-nganh-kiem-toan-phan-tich-kinh-doanh,D01,Điểm thi THPT,2024,23.0,Kiểm toán gồm 02 chuyên ngành: Kiểm toán; Phân tích kinh doanh.
98943,IUH,kiem-toan-gom-02-chuyen-nganh-kiem-toan-phan-tich-kinh-doanh,D96,Điểm thi THPT,2024,23.0,Kiểm toán gồm 02 chuyên ngành: Kiểm toán; Phân tích kinh doanh.
98944,IUH,kiem-toan-tich-hop-chung-chi-quoc-te-cfab-cua-vien-ke-toan-cong-chung-anh-va-xu-wales,A00,Điểm học bạ,2024,24.0,Kiểm toán tích hợp chứng chỉ quốc tế CFAB của Viện Kế toán Công chứng Anh và xứ Wales (ICAEW)
98945,IUH,kiem-toan-tich-hop-chung-chi-quoc-te-cfab-cua-vien-ke-toan-cong-chung-anh-va-xu-wales,A01,Điểm học bạ,2024,24.0,Kiểm toán tích hợp chứng chỉ quốc tế CFAB của Viện Kế toán Công chứng Anh và xứ Wales (ICAEW)
98946,IUH,kiem-toan-tich-hop-chung-chi-quoc-te-cfab-cua-vien-ke-toan-cong-chung-anh-va-xu-wales,D01,Điểm học bạ,2024,24.0,Kiểm toán tích hợp chứng chỉ quốc tế CFAB của Viện Kế toán Công chứng Anh và xứ Wales (ICAEW)
98947,IUH,kiem-toan-tich-hop-chung-chi-quoc-te-cfab-cua-vien-ke-toan-cong-chung-anh-va-xu-wales,D96,Điểm học bạ,2024,24.0,Kiểm toán tích hợp chứng chỉ quốc tế CFAB của Viện Kế toán Công chứng Anh và xứ Wales (ICAEW)
98948,IUH,kiem-toan-tich-hop-chung-chi-quoc-te-cfab-cua-vien-ke-toan-cong-chung-anh-va-xu-wales,A00,Điểm thi THPT,2024,21.0,Kiểm toán tích hợp chứng chỉ quốc tế CFAB cùa Viện Kế toán Công chứng Anh và xứ Wales (ICAEW)
98949,IUH,kiem-toan-tich-hop-chung-chi-quoc-te-cfab-cua-vien-ke-toan-cong-chung-anh-va-xu-wales,A01,Điểm thi THPT,2024,21.0,Kiểm toán tích hợp chứng chỉ quốc tế CFAB cùa Viện Kế toán Công chứng Anh và xứ Wales (ICAEW)
98950,IUH,kiem-toan-tich-hop-chung-chi-quoc-te-cfab-cua-vien-ke-toan-cong-chung-anh-va-xu-wales,D01,Điểm thi THPT,2024,21.0,Kiểm toán tích hợp chứng chỉ quốc tế CFAB cùa Viện Kế toán Công chứng Anh và xứ Wales (ICAEW)
98951,IUH,kiem-toan-tich-hop-chung-chi-quoc-te-cfab-cua-vien-ke-toan-cong-chung-anh-va-xu-wales,D96,Điểm thi THPT,2024,21.0,Kiểm toán tích hợp chứng chỉ quốc tế CFAB cùa Viện Kế toán Công chứng Anh và xứ Wales (ICAEW)
98952,IUH,kiem-toan-tich-hop-chung-chi-quoc-te-cfab-cua-vien-ke-toan-cong-chung-anh-va-xu-wales,C01,Điểm học bạ,2025,21.0,Kiểm toán tích hợp chứng chỉ quốc tế CFAB của Viện Kế toán Công chứng Anh và xứ Wales (ICAEW)
98953,IUH,kiem-toan-tich-hop-chung-chi-quoc-te-cfab-cua-vien-ke-toan-cong-chung-anh-va-xu-wales,C03,Điểm học bạ,2025,21.0,Kiểm toán tích hợp chứng chỉ quốc tế CFAB của Viện Kế toán Công chứng Anh và xứ Wales (ICAEW)
98954,IUH,kiem-toan-tich-hop-chung-chi-quoc-te-cfab-cua-vien-ke-toan-cong-chung-anh-va-xu-wales,C04,Điểm học bạ,2025,21.0,Kiểm toán tích hợp chứng chỉ quốc tế CFAB của Viện Kế toán Công chứng Anh và xứ Wales (ICAEW)
98955,IUH,kiem-toan-tich-hop-chung-chi-quoc-te-cfab-cua-vien-ke-toan-cong-chung-anh-va-xu-wales,D01,Điểm học bạ,2025,21.0,Kiểm toán tích hợp chứng chỉ quốc tế CFAB của Viện Kế toán Công chứng Anh và xứ Wales (ICAEW)
98956,IUH,kiem-toan-tich-hop-chung-chi-quoc-te-cfab-cua-vien-ke-toan-cong-chung-anh-va-xu-wales,X01,Điểm học bạ,2025,21.0,Kiểm toán tích hợp chứng chỉ quốc tế CFAB của Viện Kế toán Công chứng Anh và xứ Wales (ICAEW)
98957,IUH,kiem-toan-tich-hop-chung-chi-quoc-te-cfab-cua-vien-ke-toan-cong-chung-anh-va-xu-wales,X02,Điểm học bạ,2025,21.0,Kiểm toán tích hợp chứng chỉ quốc tế CFAB của Viện Kế toán Công chứng Anh và xứ Wales (ICAEW)
98958,IUH,kiem-toan-tich-hop-chung-chi-quoc-te-cfab-cua-vien-ke-toan-cong-chung-anh-va-xu-wales,C01,Điểm thi THPT,2025,17.0,Kiểm toán tích hợp chứng chỉ quốc tế CFAB của Viện Kế toán Công chứng Anh và xứ Wales (ICAEW)
98959,IUH,kiem-toan-tich-hop-chung-chi-quoc-te-cfab-cua-vien-ke-toan-cong-chung-anh-va-xu-wales,C03,Điểm thi THPT,2025,17.0,Kiểm toán tích hợp chứng chỉ quốc tế CFAB của Viện Kế toán Công chứng Anh và xứ Wales (ICAEW)
98960,IUH,kiem-toan-tich-hop-chung-chi-quoc-te-cfab-cua-vien-ke-toan-cong-chung-anh-va-xu-wales,C04,Điểm thi THPT,2025,17.0,Kiểm toán tích hợp chứng chỉ quốc tế CFAB của Viện Kế toán Công chứng Anh và xứ Wales (ICAEW)
98961,IUH,kiem-toan-tich-hop-chung-chi-quoc-te-cfab-cua-vien-ke-toan-cong-chung-anh-va-xu-wales,D01,Điểm thi THPT,2025,17.0,Kiểm toán tích hợp chứng chỉ quốc tế CFAB của Viện Kế toán Công chứng Anh và xứ Wales (ICAEW)
98962,IUH,kiem-toan-tich-hop-chung-chi-quoc-te-cfab-cua-vien-ke-toan-cong-chung-anh-va-xu-wales,X01,Điểm thi THPT,2025,17.0,Kiểm toán tích hợp chứng chỉ quốc tế CFAB của Viện Kế toán Công chứng Anh và xứ Wales (ICAEW)
98963,IUH,kiem-toan-tich-hop-chung-chi-quoc-te-cfab-cua-vien-ke-toan-cong-chung-anh-va-xu-wales,X02,Điểm thi THPT,2025,17.0,Kiểm toán tích hợp chứng chỉ quốc tế CFAB của Viện Kế toán Công chứng Anh và xứ Wales (ICAEW)
98964,IUH,kinh-doanh-quoc-te,A01,Điểm học bạ,2021,20.0,Kinh doanh quốc tế
98965,IUH,kinh-doanh-quoc-te,C01,Điểm học bạ,2021,20.0,Kinh doanh quốc tế
98966,IUH,kinh-doanh-quoc-te,D01,Điểm học bạ,2021,20.0,Kinh doanh quốc tế
98967,IUH,kinh-doanh-quoc-te,D96,Điểm học bạ,2021,20.0,Kinh doanh quốc tế
98968,IUH,kinh-doanh-quoc-te,A01,Điểm thi THPT,2021,24.0,Kinh doanh quốc tế
98969,IUH,kinh-doanh-quoc-te,C01,Điểm thi THPT,2021,24.0,Kinh doanh quốc tế
98970,IUH,kinh-doanh-quoc-te,D01,Điểm thi THPT,2021,24.0,Kinh doanh quốc tế
98971,IUH,kinh-doanh-quoc-te,D96,Điểm thi THPT,2021,24.0,Kinh doanh quốc tế
98972,IUH,kinh-doanh-quoc-te,A01,Điểm học bạ,2022,21.0,Kinh doanh quốc tế
98973,IUH,kinh-doanh-quoc-te,C01,Điểm học bạ,2022,21.0,Kinh doanh quốc tế
98974,IUH,kinh-doanh-quoc-te,D01,Điểm học bạ,2022,21.0,Kinh doanh quốc tế
98975,IUH,kinh-doanh-quoc-te,D96,Điểm học bạ,2022,21.0,Kinh doanh quốc tế
98976,IUH,kinh-doanh-quoc-te,A01,Điểm thi THPT,2022,23.0,Kinh doanh quốc tế
98977,IUH,kinh-doanh-quoc-te,C01,Điểm thi THPT,2022,23.0,Kinh doanh quốc tế
98978,IUH,kinh-doanh-quoc-te,D01,Điểm thi THPT,2022,23.0,Kinh doanh quốc tế
98979,IUH,kinh-doanh-quoc-te,D96,Điểm thi THPT,2022,23.0,Kinh doanh quốc tế
98980,IUH,kinh-doanh-quoc-te,A01,Điểm học bạ,2023,26.0,Kinh doanh quốc tế
98981,IUH,kinh-doanh-quoc-te,C01,Điểm học bạ,2023,26.0,Kinh doanh quốc tế
98982,IUH,kinh-doanh-quoc-te,D01,Điểm học bạ,2023,26.0,Kinh doanh quốc tế
98983,IUH,kinh-doanh-quoc-te,D96,Điểm học bạ,2023,26.0,Kinh doanh quốc tế
98984,IUH,kinh-doanh-quoc-te,A01,Điểm thi THPT,2023,23.0,Kinh doanh quốc tế
98985,IUH,kinh-doanh-quoc-te,C01,Điểm thi THPT,2023,23.0,Kinh doanh quốc tế
98986,IUH,kinh-doanh-quoc-te,D01,Điểm thi THPT,2023,23.0,Kinh doanh quốc tế
98987,IUH,kinh-doanh-quoc-te,D96,Điểm thi THPT,2023,23.0,Kinh doanh quốc tế
98988,IUH,kinh-doanh-quoc-te,A01,Điểm học bạ,2024,26.0,Kinh doanh quốc tế
98989,IUH,kinh-doanh-quoc-te,C01,Điểm học bạ,2024,26.0,Kinh doanh quốc tế
98990,IUH,kinh-doanh-quoc-te,D01,Điểm học bạ,2024,26.0,Kinh doanh quốc tế
98991,IUH,kinh-doanh-quoc-te,D96,Điểm học bạ,2024,26.0,Kinh doanh quốc tế
98992,IUH,kinh-doanh-quoc-te,A01,Điểm thi THPT,2024,23.0,Kinh doanh quốc tế
98993,IUH,kinh-doanh-quoc-te,C01,Điểm thi THPT,2024,23.0,Kinh doanh quốc tế
98994,IUH,kinh-doanh-quoc-te,D01,Điểm thi THPT,2024,23.0,Kinh doanh quốc tế
98995,IUH,kinh-doanh-quoc-te,D96,Điểm thi THPT,2024,23.0,Kinh doanh quốc tế
98996,IUH,kinh-doanh-quoc-te,A01,Điểm học bạ,2025,28.0,Kinh doanh quốc tế
98997,IUH,kinh-doanh-quoc-te,D01,Điểm học bạ,2025,28.0,Kinh doanh quốc tế
98998,IUH,kinh-doanh-quoc-te,D09,Điểm học bạ,2025,28.0,Kinh doanh quốc tế
98999,IUH,kinh-doanh-quoc-te,D10,Điểm học bạ,2025,28.0,Kinh doanh quốc tế
99000,IUH,kinh-doanh-quoc-te,X25,Điểm học bạ,2025,28.0,Kinh doanh quốc tế
99001,IUH,kinh-doanh-quoc-te,X26,Điểm học bạ,2025,28.0,Kinh doanh quốc tế
99002,IUH,kinh-doanh-quoc-te,A01,Điểm thi THPT,2025,25.0,Kinh doanh quốc tế
99003,IUH,kinh-doanh-quoc-te,D01,Điểm thi THPT,2025,25.0,Kinh doanh quốc tế
99004,IUH,kinh-doanh-quoc-te,D09,Điểm thi THPT,2025,25.0,Kinh doanh quốc tế
99005,IUH,kinh-doanh-quoc-te,D10,Điểm thi THPT,2025,25.0,Kinh doanh quốc tế
99006,IUH,kinh-doanh-quoc-te,X25,Điểm thi THPT,2025,25.0,Kinh doanh quốc tế
99007,IUH,kinh-doanh-quoc-te,X26,Điểm thi THPT,2025,25.0,Kinh doanh quốc tế
99008,IUH,ky-thuat-hoa-phan-tich,A00,Điểm học bạ,2021,21.0,Kỹ thuật hóa phân tích
99009,IUH,ky-thuat-hoa-phan-tich,B00,Điểm học bạ,2021,21.0,Kỹ thuật hóa phân tích
99010,IUH,ky-thuat-hoa-phan-tich,D07,Điểm học bạ,2021,21.0,Kỹ thuật hóa phân tích
99011,IUH,ky-thuat-hoa-phan-tich,D90,Điểm học bạ,2021,21.0,Kỹ thuật hóa phân tích
99012,IUH,ky-thuat-hoa-phan-tich,A00,Điểm thi THPT,2021,18.5,Kỹ thuật hóa phân tích
99013,IUH,ky-thuat-hoa-phan-tich,B00,Điểm thi THPT,2021,18.5,Kỹ thuật hóa phân tích
99014,IUH,ky-thuat-hoa-phan-tich,D07,Điểm thi THPT,2021,18.5,Kỹ thuật hóa phân tích
99015,IUH,ky-thuat-hoa-phan-tich,D90,Điểm thi THPT,2021,18.5,Kỹ thuật hóa phân tích
99016,IUH,ky-thuat-may-tinh-gom-02-chuyen-nganh-cong-nghe-ky-thuat-may-tinh-cong-nghe-ky-thuat-vi-mach,A00,Điểm học bạ,2024,24.5,Kỹ thuật máy tính gồm 02 chuyên ngành: Công nghệ kỹ thuật máy tính; Công nghệ kỹ thuật vi mạch
99017,IUH,ky-thuat-may-tinh-gom-02-chuyen-nganh-cong-nghe-ky-thuat-may-tinh-cong-nghe-ky-thuat-vi-mach,A01,Điểm học bạ,2024,24.5,Kỹ thuật máy tính gồm 02 chuyên ngành: Công nghệ kỹ thuật máy tính; Công nghệ kỹ thuật vi mạch
99018,IUH,ky-thuat-may-tinh-gom-02-chuyen-nganh-cong-nghe-ky-thuat-may-tinh-cong-nghe-ky-thuat-vi-mach,C01,Điểm học bạ,2024,24.5,Kỹ thuật máy tính gồm 02 chuyên ngành: Công nghệ kỹ thuật máy tính; Công nghệ kỹ thuật vi mạch
99019,IUH,ky-thuat-may-tinh-gom-02-chuyen-nganh-cong-nghe-ky-thuat-may-tinh-cong-nghe-ky-thuat-vi-mach,D90,Điểm học bạ,2024,24.5,Kỹ thuật máy tính gồm 02 chuyên ngành: Công nghệ kỹ thuật máy tính; Công nghệ kỹ thuật vi mạch
99020,IUH,ky-thuat-may-tinh-gom-02-chuyen-nganh-cong-nghe-ky-thuat-may-tinh-cong-nghe-ky-thuat-vi-mach,A00,Điểm thi THPT,2024,22.0,Kỹ thuật máy tính gồm 02 chuyên ngành: Công nghệ kỹ thuật máy tính; Công nghệ kỹ thuật vi mạch
99021,IUH,ky-thuat-may-tinh-gom-02-chuyen-nganh-cong-nghe-ky-thuat-may-tinh-cong-nghe-ky-thuat-vi-mach,A01,Điểm thi THPT,2024,22.0,Kỹ thuật máy tính gồm 02 chuyên ngành: Công nghệ kỹ thuật máy tính; Công nghệ kỹ thuật vi mạch
99022,IUH,ky-thuat-may-tinh-gom-02-chuyen-nganh-cong-nghe-ky-thuat-may-tinh-cong-nghe-ky-thuat-vi-mach,C01,Điểm thi THPT,2024,22.0,Kỹ thuật máy tính gồm 02 chuyên ngành: Công nghệ kỹ thuật máy tính; Công nghệ kỹ thuật vi mạch
99023,IUH,ky-thuat-may-tinh-gom-02-chuyen-nganh-cong-nghe-ky-thuat-may-tinh-cong-nghe-ky-thuat-vi-mach,D90,Điểm thi THPT,2024,22.0,Kỹ thuật máy tính gồm 02 chuyên ngành: Công nghệ kỹ thuật máy tính; Công nghệ kỹ thuật vi mạch
99024,IUH,ky-thuat-may-tinh-gom-02-chuyen-nganh-cong-nghe-ky-thuat-may-tinh-ky-thuat-thiet-ke-vi-mach,A00,Điểm học bạ,2025,27.25,Kỹ thuật máy tính gồm 02 chuyên ngành: Công nghệ kỹ thuật máy tính; Kỹ thuật thiết kế vi mạch
99025,IUH,ky-thuat-may-tinh-gom-02-chuyen-nganh-cong-nghe-ky-thuat-may-tinh-ky-thuat-thiet-ke-vi-mach,A01,Điểm học bạ,2025,27.25,Kỹ thuật máy tính gồm 02 chuyên ngành: Công nghệ kỹ thuật máy tính; Kỹ thuật thiết kế vi mạch
99026,IUH,ky-thuat-may-tinh-gom-02-chuyen-nganh-cong-nghe-ky-thuat-may-tinh-ky-thuat-thiet-ke-vi-mach,C01,Điểm học bạ,2025,27.25,Kỹ thuật máy tính gồm 02 chuyên ngành: Công nghệ kỹ thuật máy tính; Kỹ thuật thiết kế vi mạch
99027,IUH,ky-thuat-may-tinh-gom-02-chuyen-nganh-cong-nghe-ky-thuat-may-tinh-ky-thuat-thiet-ke-vi-mach,X05,Điểm học bạ,2025,27.25,Kỹ thuật máy tính gồm 02 chuyên ngành: Công nghệ kỹ thuật máy tính; Kỹ thuật thiết kế vi mạch
99028,IUH,ky-thuat-may-tinh-gom-02-chuyen-nganh-cong-nghe-ky-thuat-may-tinh-ky-thuat-thiet-ke-vi-mach,X06,Điểm học bạ,2025,27.25,Kỹ thuật máy tính gồm 02 chuyên ngành: Công nghệ kỹ thuật máy tính; Kỹ thuật thiết kế vi mạch
99029,IUH,ky-thuat-may-tinh-gom-02-chuyen-nganh-cong-nghe-ky-thuat-may-tinh-ky-thuat-thiet-ke-vi-mach,X07,Điểm học bạ,2025,27.25,Kỹ thuật máy tính gồm 02 chuyên ngành: Công nghệ kỹ thuật máy tính; Kỹ thuật thiết kế vi mạch
99030,IUH,ky-thuat-may-tinh-gom-02-chuyen-nganh-cong-nghe-ky-thuat-may-tinh-ky-thuat-thiet-ke-vi-mach,A00,Điểm thi THPT,2025,24.0,Kỹ thuật máy tính gồm 02 chuyên ngành: Công nghệ kỹ thuật máy tính; Kỹ thuật thiết kế vi mạch
99031,IUH,ky-thuat-may-tinh-gom-02-chuyen-nganh-cong-nghe-ky-thuat-may-tinh-ky-thuat-thiet-ke-vi-mach,A01,Điểm thi THPT,2025,24.0,Kỹ thuật máy tính gồm 02 chuyên ngành: Công nghệ kỹ thuật máy tính; Kỹ thuật thiết kế vi mạch
99032,IUH,ky-thuat-may-tinh-gom-02-chuyen-nganh-cong-nghe-ky-thuat-may-tinh-ky-thuat-thiet-ke-vi-mach,C01,Điểm thi THPT,2025,24.0,Kỹ thuật máy tính gồm 02 chuyên ngành: Công nghệ kỹ thuật máy tính; Kỹ thuật thiết kế vi mạch
99033,IUH,ky-thuat-may-tinh-gom-02-chuyen-nganh-cong-nghe-ky-thuat-may-tinh-ky-thuat-thiet-ke-vi-mach,X05,Điểm thi THPT,2025,24.0,Kỹ thuật máy tính gồm 02 chuyên ngành: Công nghệ kỹ thuật máy tính; Kỹ thuật thiết kế vi mạch
99034,IUH,ky-thuat-may-tinh-gom-02-chuyen-nganh-cong-nghe-ky-thuat-may-tinh-ky-thuat-thiet-ke-vi-mach,X06,Điểm thi THPT,2025,24.0,Kỹ thuật máy tính gồm 02 chuyên ngành: Công nghệ kỹ thuật máy tính; Kỹ thuật thiết kế vi mạch
99035,IUH,ky-thuat-may-tinh-gom-02-chuyen-nganh-cong-nghe-ky-thuat-may-tinh-ky-thuat-thiet-ke-vi-mach,X07,Điểm thi THPT,2025,24.0,Kỹ thuật máy tính gồm 02 chuyên ngành: Công nghệ kỹ thuật máy tính; Kỹ thuật thiết kế vi mạch
99036,IUH,ky-thuat-xay-dung,A00,Điểm học bạ,2021,23.0,Kỹ thuật xây dựng
99037,IUH,ky-thuat-xay-dung,A01,Điểm học bạ,2021,23.0,Kỹ thuật xây dựng
99038,IUH,ky-thuat-xay-dung,C01,Điểm học bạ,2021,23.0,Kỹ thuật xây dựng
99039,IUH,ky-thuat-xay-dung,D90,Điểm học bạ,2021,23.0,Kỹ thuật xây dựng
99040,IUH,ky-thuat-xay-dung,A00,Điểm thi THPT,2021,21.0,Kỹ thuật xây dựng
99041,IUH,ky-thuat-xay-dung,A01,Điểm thi THPT,2021,21.0,Kỹ thuật xây dựng
99042,IUH,ky-thuat-xay-dung,C01,Điểm thi THPT,2021,21.0,Kỹ thuật xây dựng
99043,IUH,ky-thuat-xay-dung,D90,Điểm thi THPT,2021,21.0,Kỹ thuật xây dựng
99044,IUH,ky-thuat-xay-dung,A00,Điểm học bạ,2022,26.0,Kỹ thuật xây dựng
99045,IUH,ky-thuat-xay-dung,A01,Điểm học bạ,2022,26.0,Kỹ thuật xây dựng
99046,IUH,ky-thuat-xay-dung,C01,Điểm học bạ,2022,26.0,Kỹ thuật xây dựng
99047,IUH,ky-thuat-xay-dung,D90,Điểm học bạ,2022,26.0,Kỹ thuật xây dựng
99048,IUH,ky-thuat-xay-dung,A00,Điểm thi THPT,2022,19.0,Kỹ thuật xây dựng
99049,IUH,ky-thuat-xay-dung,A01,Điểm thi THPT,2022,19.0,Kỹ thuật xây dựng
99050,IUH,ky-thuat-xay-dung,C01,Điểm thi THPT,2022,19.0,Kỹ thuật xây dựng
99051,IUH,ky-thuat-xay-dung,D90,Điểm thi THPT,2022,19.0,Kỹ thuật xây dựng
99052,IUH,ky-thuat-xay-dung,A00,Điểm học bạ,2023,22.5,Kỹ thuật xây dựng
99053,IUH,ky-thuat-xay-dung,A01,Điểm học bạ,2023,22.5,Kỹ thuật xây dựng
99054,IUH,ky-thuat-xay-dung,C01,Điểm học bạ,2023,22.5,Kỹ thuật xây dựng
99055,IUH,ky-thuat-xay-dung,D90,Điểm học bạ,2023,22.5,Kỹ thuật xây dựng
99056,IUH,ky-thuat-xay-dung,A00,Điểm thi THPT,2023,19.0,kỹ thuật xây dựng
99057,IUH,ky-thuat-xay-dung,A01,Điểm thi THPT,2023,19.0,kỹ thuật xây dựng
99058,IUH,ky-thuat-xay-dung,C01,Điểm thi THPT,2023,19.0,kỹ thuật xây dựng
99059,IUH,ky-thuat-xay-dung,D90,Điểm thi THPT,2023,19.0,kỹ thuật xây dựng
99060,IUH,ky-thuat-xay-dung,A00,Điểm học bạ,2024,23.5,Kỹ thuật xây dựng
99061,IUH,ky-thuat-xay-dung,A01,Điểm học bạ,2024,23.5,Kỹ thuật xây dựng
99062,IUH,ky-thuat-xay-dung,C01,Điểm học bạ,2024,23.5,Kỹ thuật xây dựng
99063,IUH,ky-thuat-xay-dung,D90,Điểm học bạ,2024,23.5,Kỹ thuật xây dựng
99064,IUH,ky-thuat-xay-dung,A00,Điểm thi THPT,2024,19.0,Kỹ thuật xây dựng
99065,IUH,ky-thuat-xay-dung,A01,Điểm thi THPT,2024,19.0,Kỹ thuật xây dựng
99066,IUH,ky-thuat-xay-dung,C01,Điểm thi THPT,2024,19.0,Kỹ thuật xây dựng
99067,IUH,ky-thuat-xay-dung,D90,Điểm thi THPT,2024,19.0,Kỹ thuật xây dựng
99068,IUH,ky-thuat-xay-dung,A00,Điểm học bạ,2025,26.12,Kỹ thuật xây dựng
99069,IUH,ky-thuat-xay-dung,A01,Điểm học bạ,2025,26.12,Kỹ thuật xây dựng
99070,IUH,ky-thuat-xay-dung,C01,Điểm học bạ,2025,26.12,Kỹ thuật xây dựng
99071,IUH,ky-thuat-xay-dung,X05,Điểm học bạ,2025,26.12,Kỹ thuật xây dựng
99072,IUH,ky-thuat-xay-dung,X06,Điểm học bạ,2025,26.12,Kỹ thuật xây dựng
99073,IUH,ky-thuat-xay-dung,X07,Điểm học bạ,2025,26.12,Kỹ thuật xây dựng
99074,IUH,ky-thuat-xay-dung,A00,Điểm thi THPT,2025,22.5,Kỹ thuật xây dựng
99075,IUH,ky-thuat-xay-dung,A01,Điểm thi THPT,2025,22.5,Kỹ thuật xây dựng
99076,IUH,ky-thuat-xay-dung,C01,Điểm thi THPT,2025,22.5,Kỹ thuật xây dựng
99077,IUH,ky-thuat-xay-dung,X05,Điểm thi THPT,2025,22.5,Kỹ thuật xây dựng
99078,IUH,ky-thuat-xay-dung,X06,Điểm thi THPT,2025,22.5,Kỹ thuật xây dựng
99079,IUH,ky-thuat-xay-dung,X07,Điểm thi THPT,2025,22.5,Kỹ thuật xây dựng
99080,IUH,ky-thuat-xay-dung-cong-trinh-giao-thong,A00,Điểm học bạ,2021,20.0,Kỹ thuật xây dựng công trình giao thông
99081,IUH,ky-thuat-xay-dung-cong-trinh-giao-thong,A01,Điểm học bạ,2021,20.0,Kỹ thuật xây dựng công trình giao thông
99082,IUH,ky-thuat-xay-dung-cong-trinh-giao-thong,C01,Điểm học bạ,2021,20.0,Kỹ thuật xây dựng công trình giao thông
99083,IUH,ky-thuat-xay-dung-cong-trinh-giao-thong,D90,Điểm học bạ,2021,20.0,Kỹ thuật xây dựng công trình giao thông
99084,IUH,ky-thuat-xay-dung-cong-trinh-giao-thong,A00,Điểm thi THPT,2021,18.5,Kỹ thuật xây dựng công trình giao thông
99085,IUH,ky-thuat-xay-dung-cong-trinh-giao-thong,A01,Điểm thi THPT,2021,18.5,Kỹ thuật xây dựng công trình giao thông
99086,IUH,ky-thuat-xay-dung-cong-trinh-giao-thong,C01,Điểm thi THPT,2021,18.5,Kỹ thuật xây dựng công trình giao thông
99087,IUH,ky-thuat-xay-dung-cong-trinh-giao-thong,D90,Điểm thi THPT,2021,18.5,Kỹ thuật xây dựng công trình giao thông
99088,IUH,ky-thuat-xay-dung-cong-trinh-giao-thong,A00,Điểm học bạ,2022,24.0,Kỹ thuật xây dụng công trình giao thông
99089,IUH,ky-thuat-xay-dung-cong-trinh-giao-thong,A01,Điểm học bạ,2022,24.0,Kỹ thuật xây dụng công trình giao thông
99090,IUH,ky-thuat-xay-dung-cong-trinh-giao-thong,C01,Điểm học bạ,2022,24.0,Kỹ thuật xây dụng công trình giao thông
99091,IUH,ky-thuat-xay-dung-cong-trinh-giao-thong,D90,Điểm học bạ,2022,24.0,Kỹ thuật xây dụng công trình giao thông
99092,IUH,ky-thuat-xay-dung-cong-trinh-giao-thong,A00,Điểm thi THPT,2022,19.0,Kỹ thuật xây dựng công trình giao thông
99093,IUH,ky-thuat-xay-dung-cong-trinh-giao-thong,A01,Điểm thi THPT,2022,19.0,Kỹ thuật xây dựng công trình giao thông
99094,IUH,ky-thuat-xay-dung-cong-trinh-giao-thong,C01,Điểm thi THPT,2022,19.0,Kỹ thuật xây dựng công trình giao thông
99095,IUH,ky-thuat-xay-dung-cong-trinh-giao-thong,D90,Điểm thi THPT,2022,19.0,Kỹ thuật xây dựng công trình giao thông
99096,IUH,ky-thuat-xay-dung-cong-trinh-giao-thong,A00,Điểm học bạ,2023,21.0,kỹ thuật xây dựng công trình giao thông
99097,IUH,ky-thuat-xay-dung-cong-trinh-giao-thong,A01,Điểm học bạ,2023,21.0,kỹ thuật xây dựng công trình giao thông
99098,IUH,ky-thuat-xay-dung-cong-trinh-giao-thong,C01,Điểm học bạ,2023,21.0,kỹ thuật xây dựng công trình giao thông
99099,IUH,ky-thuat-xay-dung-cong-trinh-giao-thong,D90,Điểm học bạ,2023,21.0,kỹ thuật xây dựng công trình giao thông
99100,IUH,ky-thuat-xay-dung-cong-trinh-giao-thong,A00,Điểm thi THPT,2023,19.0,kỹ thuật xây dựng công trình giao thông
99101,IUH,ky-thuat-xay-dung-cong-trinh-giao-thong,A01,Điểm thi THPT,2023,19.0,kỹ thuật xây dựng công trình giao thông
99102,IUH,ky-thuat-xay-dung-cong-trinh-giao-thong,C01,Điểm thi THPT,2023,19.0,kỹ thuật xây dựng công trình giao thông
99103,IUH,ky-thuat-xay-dung-cong-trinh-giao-thong,D90,Điểm thi THPT,2023,19.0,kỹ thuật xây dựng công trình giao thông
99104,IUH,ky-thuat-xay-dung-cong-trinh-giao-thong,A00,Điểm học bạ,2024,21.0,Kỹ thuật xây dựng công trình giao thông
99105,IUH,ky-thuat-xay-dung-cong-trinh-giao-thong,A01,Điểm học bạ,2024,21.0,Kỹ thuật xây dựng công trình giao thông
99106,IUH,ky-thuat-xay-dung-cong-trinh-giao-thong,C01,Điểm học bạ,2024,21.0,Kỹ thuật xây dựng công trình giao thông
99107,IUH,ky-thuat-xay-dung-cong-trinh-giao-thong,D90,Điểm học bạ,2024,21.0,Kỹ thuật xây dựng công trình giao thông
99108,IUH,ky-thuat-xay-dung-cong-trinh-giao-thong,A00,Điểm thi THPT,2024,19.0,Kỹ thuật xây dựng công trình giao thông
99109,IUH,ky-thuat-xay-dung-cong-trinh-giao-thong,A01,Điểm thi THPT,2024,19.0,Kỹ thuật xây dựng công trình giao thông
99110,IUH,ky-thuat-xay-dung-cong-trinh-giao-thong,C01,Điểm thi THPT,2024,19.0,Kỹ thuật xây dựng công trình giao thông
99111,IUH,ky-thuat-xay-dung-cong-trinh-giao-thong,D90,Điểm thi THPT,2024,19.0,Kỹ thuật xây dựng công trình giao thông
99112,IUH,ky-thuat-xay-dung-cong-trinh-giao-thong,A00,Điểm học bạ,2025,23.0,Kỹ thuật xây dựng công trình giao thông
99113,IUH,ky-thuat-xay-dung-cong-trinh-giao-thong,A01,Điểm học bạ,2025,23.0,Kỹ thuật xây dựng công trình giao thông
99114,IUH,ky-thuat-xay-dung-cong-trinh-giao-thong,C01,Điểm học bạ,2025,23.0,Kỹ thuật xây dựng công trình giao thông
99115,IUH,ky-thuat-xay-dung-cong-trinh-giao-thong,X05,Điểm học bạ,2025,23.0,Kỹ thuật xây dựng công trình giao thông
99116,IUH,ky-thuat-xay-dung-cong-trinh-giao-thong,X06,Điểm học bạ,2025,23.0,Kỹ thuật xây dựng công trình giao thông
99117,IUH,ky-thuat-xay-dung-cong-trinh-giao-thong,X07,Điểm học bạ,2025,23.0,Kỹ thuật xây dựng công trình giao thông
99118,IUH,ky-thuat-xay-dung-cong-trinh-giao-thong,A00,Điểm thi THPT,2025,19.0,Kỹ thuật xây dựng công trình giao thông
99119,IUH,ky-thuat-xay-dung-cong-trinh-giao-thong,A01,Điểm thi THPT,2025,19.0,Kỹ thuật xây dựng công trình giao thông
99120,IUH,ky-thuat-xay-dung-cong-trinh-giao-thong,C01,Điểm thi THPT,2025,19.0,Kỹ thuật xây dựng công trình giao thông
99121,IUH,ky-thuat-xay-dung-cong-trinh-giao-thong,X05,Điểm thi THPT,2025,19.0,Kỹ thuật xây dựng công trình giao thông
99122,IUH,ky-thuat-xay-dung-cong-trinh-giao-thong,X06,Điểm thi THPT,2025,19.0,Kỹ thuật xây dựng công trình giao thông
99123,IUH,ky-thuat-xay-dung-cong-trinh-giao-thong,X07,Điểm thi THPT,2025,19.0,Kỹ thuật xây dựng công trình giao thông
99124,IUH,luat-kinh-te,A00,Điểm học bạ,2021,22.0,Luật kinh tế
99125,IUH,luat-kinh-te,C00,Điểm học bạ,2021,22.0,Luật kinh tế
99126,IUH,luat-kinh-te,D01,Điểm học bạ,2021,22.0,Luật kinh tế
99127,IUH,luat-kinh-te,D96,Điểm học bạ,2021,22.0,Luật kinh tế
99128,IUH,luat-kinh-te,A00,Điểm thi THPT,2021,23.25,Luật kinh tế
99129,IUH,luat-kinh-te,C00,Điểm thi THPT,2021,23.25,Luật kinh tế
99130,IUH,luat-kinh-te,D01,Điểm thi THPT,2021,23.25,Luật kinh tế
99131,IUH,luat-kinh-te,D96,Điểm thi THPT,2021,23.25,Luật kinh tế
99132,IUH,luat-kinh-te,A00,Điểm học bạ,2022,28.0,Luật kinh tế
99133,IUH,luat-kinh-te,C00,Điểm học bạ,2022,28.0,Luật kinh tế
99134,IUH,luat-kinh-te,D01,Điểm học bạ,2022,28.0,Luật kinh tế
99135,IUH,luat-kinh-te,D96,Điểm học bạ,2022,28.0,Luật kinh tế
99136,IUH,luat-kinh-te,A00,Điểm thi THPT,2022,24.0,Luật kinh tế
99137,IUH,luat-kinh-te,C00,Điểm thi THPT,2022,24.0,Luật kinh tế
99138,IUH,luat-kinh-te,D01,Điểm thi THPT,2022,24.0,Luật kinh tế
99139,IUH,luat-kinh-te,D96,Điểm thi THPT,2022,24.0,Luật kinh tế
99140,IUH,luat-kinh-te,A00,Điểm học bạ,2023,28.25,Luật kinh tế
99141,IUH,luat-kinh-te,C00,Điểm học bạ,2023,28.25,Luật kinh tế
99142,IUH,luat-kinh-te,D01,Điểm học bạ,2023,28.25,Luật kinh tế
99143,IUH,luat-kinh-te,D96,Điểm học bạ,2023,28.25,Luật kinh tế
99144,IUH,luat-kinh-te,A00,Điểm thi THPT,2023,23.0,Luật kinh tế
99145,IUH,luat-kinh-te,C00,Điểm thi THPT,2023,23.0,Luật kinh tế
99146,IUH,luat-kinh-te,D01,Điểm thi THPT,2023,23.0,Luật kinh tế
99147,IUH,luat-kinh-te,D96,Điểm thi THPT,2023,23.0,Luật kinh tế
99148,IUH,luat-kinh-te,A00,Điểm học bạ,2024,26.5,Luật kinh tế
99149,IUH,luat-kinh-te,C00,Điểm học bạ,2024,26.5,Luật kinh tế
99150,IUH,luat-kinh-te,D01,Điểm học bạ,2024,26.5,Luật kinh tế
99151,IUH,luat-kinh-te,D96,Điểm học bạ,2024,26.5,Luật kinh tế
99152,IUH,luat-kinh-te,A00,Điểm thi THPT,2024,23.5,Luật kinh tế
99153,IUH,luat-kinh-te,C00,Điểm thi THPT,2024,23.5,Luật kinh tế
99154,IUH,luat-kinh-te,D01,Điểm thi THPT,2024,23.5,Luật kinh tế
99155,IUH,luat-kinh-te,D96,Điểm thi THPT,2024,23.5,Luật kinh tế
99156,IUH,luat-kinh-te,C00,Điểm học bạ,2025,28.11,Luật kinh tế
99157,IUH,luat-kinh-te,C03,Điểm học bạ,2025,28.11,Luật kinh tế
99158,IUH,luat-kinh-te,D01,Điểm học bạ,2025,28.11,Luật kinh tế
99159,IUH,luat-kinh-te,D09,Điểm học bạ,2025,28.11,Luật kinh tế
99160,IUH,luat-kinh-te,D10,Điểm học bạ,2025,28.11,Luật kinh tế
99161,IUH,luat-kinh-te,D14,Điểm học bạ,2025,28.11,Luật kinh tế
99162,IUH,luat-kinh-te,X25,Điểm học bạ,2025,28.11,Luật kinh tế
99163,IUH,luat-kinh-te,X70,Điểm học bạ,2025,28.11,Luật kinh tế
99164,IUH,luat-kinh-te,C00,Điểm thi THPT,2025,25.25,Luật kinh tế
99165,IUH,luat-kinh-te,C03,Điểm thi THPT,2025,25.25,Luật kinh tế
99166,IUH,luat-kinh-te,D01,Điểm thi THPT,2025,25.25,Luật kinh tế
99167,IUH,luat-kinh-te,D09,Điểm thi THPT,2025,25.25,Luật kinh tế
99168,IUH,luat-kinh-te,D10,Điểm thi THPT,2025,25.25,Luật kinh tế
99169,IUH,luat-kinh-te,D14,Điểm thi THPT,2025,25.25,Luật kinh tế
99170,IUH,luat-kinh-te,X25,Điểm thi THPT,2025,25.25,Luật kinh tế
99171,IUH,luat-kinh-te,X70,Điểm thi THPT,2025,25.25,Luật kinh tế
99172,IUH,luat-quoc-te,A00,Điểm học bạ,2021,21.0,Luật quốc tế
99173,IUH,luat-quoc-te,C00,Điểm học bạ,2021,21.0,Luật quốc tế
99174,IUH,luat-quoc-te,D01,Điểm học bạ,2021,21.0,Luật quốc tế
99175,IUH,luat-quoc-te,D96,Điểm học bạ,2021,21.0,Luật quốc tế
99176,IUH,luat-quoc-te,A00,Điểm thi THPT,2021,20.0,Luật quốc tế
99177,IUH,luat-quoc-te,C00,Điểm thi THPT,2021,20.0,Luật quốc tế
99178,IUH,luat-quoc-te,D01,Điểm thi THPT,2021,20.0,Luật quốc tế
99179,IUH,luat-quoc-te,D96,Điểm thi THPT,2021,20.0,Luật quốc tế
99180,IUH,luat-quoc-te,A00,Điểm học bạ,2022,25.0,Luật quốc tế
99181,IUH,luat-quoc-te,C00,Điểm học bạ,2022,25.0,Luật quốc tế
99182,IUH,luat-quoc-te,D01,Điểm học bạ,2022,25.0,Luật quốc tế
99183,IUH,luat-quoc-te,D96,Điểm học bạ,2022,25.0,Luật quốc tế
99184,IUH,luat-quoc-te,A00,Điểm thi THPT,2022,24.0,Luật quốc tế
99185,IUH,luat-quoc-te,C00,Điểm thi THPT,2022,24.0,Luật quốc tế
99186,IUH,luat-quoc-te,D01,Điểm thi THPT,2022,24.0,Luật quốc tế
99187,IUH,luat-quoc-te,D96,Điểm thi THPT,2022,24.0,Luật quốc tế
99188,IUH,luat-quoc-te,A00,Điểm học bạ,2023,23.0,Luật quốc tế
99189,IUH,luat-quoc-te,C00,Điểm học bạ,2023,23.0,Luật quốc tế
99190,IUH,luat-quoc-te,D01,Điểm học bạ,2023,23.0,Luật quốc tế
99191,IUH,luat-quoc-te,D96,Điểm học bạ,2023,23.0,Luật quốc tế
99192,IUH,luat-quoc-te,A00,Điểm thi THPT,2023,20.5,Luật quốc tế
99193,IUH,luat-quoc-te,C00,Điểm thi THPT,2023,20.5,Luật quốc tế
99194,IUH,luat-quoc-te,D01,Điểm thi THPT,2023,20.5,Luật quốc tế
99195,IUH,luat-quoc-te,D96,Điểm thi THPT,2023,20.5,Luật quốc tế
99196,IUH,luat-quoc-te,A00,Điểm học bạ,2024,25.0,Luật quốc tế
99197,IUH,luat-quoc-te,C00,Điểm học bạ,2024,25.0,Luật quốc tế
99198,IUH,luat-quoc-te,D01,Điểm học bạ,2024,25.0,Luật quốc tế
99199,IUH,luat-quoc-te,D96,Điểm học bạ,2024,25.0,Luật quốc tế
99200,IUH,luat-quoc-te,A00,Điểm thi THPT,2024,22.5,Luật quốc tế
99201,IUH,luat-quoc-te,C00,Điểm thi THPT,2024,22.5,Luật quốc tế
99202,IUH,luat-quoc-te,D01,Điểm thi THPT,2024,22.5,Luật quốc tế
99203,IUH,luat-quoc-te,D96,Điểm thi THPT,2024,22.5,Luật quốc tế
99204,IUH,luat-quoc-te,C00,Điểm học bạ,2025,27.62,Luật quốc tế
99205,IUH,luat-quoc-te,C03,Điểm học bạ,2025,27.62,Luật quốc tế
99206,IUH,luat-quoc-te,D01,Điểm học bạ,2025,27.62,Luật quốc tế
99207,IUH,luat-quoc-te,D09,Điểm học bạ,2025,27.62,Luật quốc tế
99208,IUH,luat-quoc-te,D10,Điểm học bạ,2025,27.62,Luật quốc tế
99209,IUH,luat-quoc-te,D14,Điểm học bạ,2025,27.62,Luật quốc tế
99210,IUH,luat-quoc-te,X25,Điểm học bạ,2025,27.62,Luật quốc tế
99211,IUH,luat-quoc-te,X70,Điểm học bạ,2025,27.62,Luật quốc tế
99212,IUH,luat-quoc-te,C00,Điểm thi THPT,2025,24.5,Luật quốc tế
99213,IUH,luat-quoc-te,C03,Điểm thi THPT,2025,24.5,Luật quốc tế
99214,IUH,luat-quoc-te,D01,Điểm thi THPT,2025,24.5,Luật quốc tế
99215,IUH,luat-quoc-te,D09,Điểm thi THPT,2025,24.5,Luật quốc tế
99216,IUH,luat-quoc-te,D10,Điểm thi THPT,2025,24.5,Luật quốc tế
99217,IUH,luat-quoc-te,D14,Điểm thi THPT,2025,24.5,Luật quốc tế
99218,IUH,luat-quoc-te,X25,Điểm thi THPT,2025,24.5,Luật quốc tế
99219,IUH,luat-quoc-te,X70,Điểm thi THPT,2025,24.5,Luật quốc tế
99220,IUH,marketing,A01,Điểm học bạ,2021,20.0,Marketing
99221,IUH,marketing,C01,Điểm học bạ,2021,20.0,Marketing
99222,IUH,marketing,D01,Điểm học bạ,2021,20.0,Marketing
99223,IUH,marketing,D96,Điểm học bạ,2021,20.0,Marketing
99224,IUH,marketing,A01,Điểm thi THPT,2021,24.5,Marketing
99225,IUH,marketing,C01,Điểm thi THPT,2021,24.5,Marketing
99226,IUH,marketing,D01,Điểm thi THPT,2021,24.5,Marketing
99227,IUH,marketing,D96,Điểm thi THPT,2021,24.5,Marketing
99228,IUH,marketing,A01,Điểm học bạ,2022,21.0,Marketing
99229,IUH,marketing,C01,Điểm học bạ,2022,21.0,Marketing
99230,IUH,marketing,D01,Điểm học bạ,2022,21.0,Marketing
99231,IUH,marketing,D96,Điểm học bạ,2022,21.0,Marketing
99232,IUH,marketing,A01,Điểm thi THPT,2022,23.0,Marketing
99233,IUH,marketing,C01,Điểm thi THPT,2022,23.0,Marketing
99234,IUH,marketing,D01,Điểm thi THPT,2022,23.0,Marketing
99235,IUH,marketing,D96,Điểm thi THPT,2022,23.0,Marketing
99236,IUH,marketing,A01,Điểm học bạ,2023,26.0,Marketing
99237,IUH,marketing,C01,Điểm học bạ,2023,26.0,Marketing
99238,IUH,marketing,D01,Điểm học bạ,2023,26.0,Marketing
99239,IUH,marketing,D96,Điểm học bạ,2023,26.0,Marketing
99240,IUH,marketing,A01,Điểm thi THPT,2023,22.25,Marketing
99241,IUH,marketing,C01,Điểm thi THPT,2023,22.25,Marketing
99242,IUH,marketing,D01,Điểm thi THPT,2023,22.25,Marketing
99243,IUH,marketing,D96,Điểm thi THPT,2023,22.25,Marketing
99244,IUH,marketing,A01,Điểm thi THPT,2024,22.5,Marketing
99245,IUH,marketing,C01,Điểm thi THPT,2024,22.5,Marketing
99246,IUH,marketing,D01,Điểm thi THPT,2024,22.5,Marketing
99247,IUH,marketing,D96,Điểm thi THPT,2024,22.5,Marketing
99248,IUH,marketing-gom-02-chuyen-nganh-marketing-digital-marketing,A01,Điểm học bạ,2024,26.0,Marketing gồm 02 chuyên ngành: Marketing; Digital Marketing
99249,IUH,marketing-gom-02-chuyen-nganh-marketing-digital-marketing,C01,Điểm học bạ,2024,26.0,Marketing gồm 02 chuyên ngành: Marketing; Digital Marketing
99250,IUH,marketing-gom-02-chuyen-nganh-marketing-digital-marketing,D01,Điểm học bạ,2024,26.0,Marketing gồm 02 chuyên ngành: Marketing; Digital Marketing
99251,IUH,marketing-gom-02-chuyen-nganh-marketing-digital-marketing,D96,Điểm học bạ,2024,26.0,Marketing gồm 02 chuyên ngành: Marketing; Digital Marketing
99252,IUH,marketing-gom-02-chuyen-nganh-marketing-digital-marketing,C01,Điểm học bạ,2025,28.41,Marketing gồm 02 chuyên ngành: Marketing; Digital Marketing
99253,IUH,marketing-gom-02-chuyen-nganh-marketing-digital-marketing,C03,Điểm học bạ,2025,28.41,Marketing gồm 02 chuyên ngành: Marketing; Digital Marketing
99254,IUH,marketing-gom-02-chuyen-nganh-marketing-digital-marketing,C04,Điểm học bạ,2025,28.41,Marketing gồm 02 chuyên ngành: Marketing; Digital Marketing
99255,IUH,marketing-gom-02-chuyen-nganh-marketing-digital-marketing,D01,Điểm học bạ,2025,28.41,Marketing gồm 02 chuyên ngành: Marketing; Digital Marketing
99256,IUH,marketing-gom-02-chuyen-nganh-marketing-digital-marketing,X01,Điểm học bạ,2025,28.41,Marketing gồm 02 chuyên ngành: Marketing; Digital Marketing
99257,IUH,marketing-gom-02-chuyen-nganh-marketing-digital-marketing,X02,Điểm học bạ,2025,28.41,Marketing gồm 02 chuyên ngành: Marketing; Digital Marketing
99258,IUH,marketing-gom-02-chuyen-nganh-marketing-digital-marketing,C01,Điểm thi THPT,2025,26.0,Marketing gồm 02 chuyên ngành: Marketing; Digital Marketing
99259,IUH,marketing-gom-02-chuyen-nganh-marketing-digital-marketing,C03,Điểm thi THPT,2025,26.0,Marketing gồm 02 chuyên ngành: Marketing; Digital Marketing
99260,IUH,marketing-gom-02-chuyen-nganh-marketing-digital-marketing,C04,Điểm thi THPT,2025,26.0,Marketing gồm 02 chuyên ngành: Marketing; Digital Marketing
99261,IUH,marketing-gom-02-chuyen-nganh-marketing-digital-marketing,D01,Điểm thi THPT,2025,26.0,Marketing gồm 02 chuyên ngành: Marketing; Digital Marketing
99262,IUH,marketing-gom-02-chuyen-nganh-marketing-digital-marketing,X01,Điểm thi THPT,2025,26.0,Marketing gồm 02 chuyên ngành: Marketing; Digital Marketing
99263,IUH,marketing-gom-02-chuyen-nganh-marketing-digital-marketing,X02,Điểm thi THPT,2025,26.0,Marketing gồm 02 chuyên ngành: Marketing; Digital Marketing
99264,IUH,ngan-cong-nghe-sinh-hoc-gom-3-chuyen-nganh-cong-nghe-sinh-hoc-y-duoc-cong-nghe-sinh-hoc-nong-nghiep-cong-nghe-sinh-hoc-tham-my,A00,Điểm thi THPT,2022,20.0,Ngàn Công nghệ sinh học gồm 3 chuyên ngành: Công nghệ sinh học y dược; Công nghệ sinh học nông nghiệp; Công nghệ sinh học thẩm mỹ
99265,IUH,ngan-cong-nghe-sinh-hoc-gom-3-chuyen-nganh-cong-nghe-sinh-hoc-y-duoc-cong-nghe-sinh-hoc-nong-nghiep-cong-nghe-sinh-hoc-tham-my,B00,Điểm thi THPT,2022,20.0,Ngàn Công nghệ sinh học gồm 3 chuyên ngành: Công nghệ sinh học y dược; Công nghệ sinh học nông nghiệp; Công nghệ sinh học thẩm mỹ
99266,IUH,ngan-cong-nghe-sinh-hoc-gom-3-chuyen-nganh-cong-nghe-sinh-hoc-y-duoc-cong-nghe-sinh-hoc-nong-nghiep-cong-nghe-sinh-hoc-tham-my,D07,Điểm thi THPT,2022,20.0,Ngàn Công nghệ sinh học gồm 3 chuyên ngành: Công nghệ sinh học y dược; Công nghệ sinh học nông nghiệp; Công nghệ sinh học thẩm mỹ
99267,IUH,ngan-cong-nghe-sinh-hoc-gom-3-chuyen-nganh-cong-nghe-sinh-hoc-y-duoc-cong-nghe-sinh-hoc-nong-nghiep-cong-nghe-sinh-hoc-tham-my,D90,Điểm thi THPT,2022,20.0,Ngàn Công nghệ sinh học gồm 3 chuyên ngành: Công nghệ sinh học y dược; Công nghệ sinh học nông nghiệp; Công nghệ sinh học thẩm mỹ
99268,IUH,ngon-ngu-anh,D01,Điểm học bạ,2021,20.0,Ngôn ngữ Anh
99269,IUH,ngon-ngu-anh,D14,Điểm học bạ,2021,20.0,Ngôn ngữ Anh
99270,IUH,ngon-ngu-anh,D15,Điểm học bạ,2021,20.0,Ngôn ngữ Anh
99271,IUH,ngon-ngu-anh,D96,Điểm học bạ,2021,20.0,Ngôn ngữ Anh
99272,IUH,ngon-ngu-anh,D01,Điểm thi THPT,2021,24.5,Ngôn ngữ Anh
99273,IUH,ngon-ngu-anh,D14,Điểm thi THPT,2021,24.5,Ngôn ngữ Anh
99274,IUH,ngon-ngu-anh,D15,Điểm thi THPT,2021,24.5,Ngôn ngữ Anh
99275,IUH,ngon-ngu-anh,D96,Điểm thi THPT,2021,24.5,Ngôn ngữ Anh
99276,IUH,ngon-ngu-anh,D01,Điểm học bạ,2022,21.0,Ngôn ngữ Anh
99277,IUH,ngon-ngu-anh,D14,Điểm học bạ,2022,21.0,Ngôn ngữ Anh
99278,IUH,ngon-ngu-anh,D15,Điểm học bạ,2022,21.0,Ngôn ngữ Anh
99279,IUH,ngon-ngu-anh,D96,Điểm học bạ,2022,21.0,Ngôn ngữ Anh
99280,IUH,ngon-ngu-anh,D01,Điểm thi THPT,2022,21.0,Ngôn ngữ Anh
99281,IUH,ngon-ngu-anh,D14,Điểm thi THPT,2022,21.0,Ngôn ngữ Anh
99282,IUH,ngon-ngu-anh,D15,Điểm thi THPT,2022,21.0,Ngôn ngữ Anh
99283,IUH,ngon-ngu-anh,D96,Điểm thi THPT,2022,21.0,Ngôn ngữ Anh
99284,IUH,ngon-ngu-anh,D01,Điểm học bạ,2023,25.5,Ngôn ngữ Anh
99285,IUH,ngon-ngu-anh,D14,Điểm học bạ,2023,25.5,Ngôn ngữ Anh
99286,IUH,ngon-ngu-anh,D15,Điểm học bạ,2023,25.5,Ngôn ngữ Anh
99287,IUH,ngon-ngu-anh,D90,Điểm học bạ,2023,25.5,Ngôn ngữ Anh
99288,IUH,ngon-ngu-anh,D96,Điểm học bạ,2023,25.5,Ngôn ngữ Anh
99289,IUH,ngon-ngu-anh,D01,Điểm thi THPT,2023,22.5,Ngôn ngữ Anh
99290,IUH,ngon-ngu-anh,D14,Điểm thi THPT,2023,22.5,Ngôn ngữ Anh
99291,IUH,ngon-ngu-anh,D15,Điểm thi THPT,2023,22.5,Ngôn ngữ Anh
99292,IUH,ngon-ngu-anh,D96,Điểm thi THPT,2023,22.5,Ngôn ngữ Anh
99293,IUH,ngon-ngu-anh,D01,Điểm học bạ,2024,25.5,Ngôn ngữ anh
99294,IUH,ngon-ngu-anh,D14,Điểm học bạ,2024,25.5,Ngôn ngữ anh
99295,IUH,ngon-ngu-anh,D15,Điểm học bạ,2024,25.5,Ngôn ngữ anh
99296,IUH,ngon-ngu-anh,D96,Điểm học bạ,2024,25.5,Ngôn ngữ anh
99297,IUH,ngon-ngu-anh,D01,Điểm thi THPT,2024,23.0,Ngôn ngữ anh
99298,IUH,ngon-ngu-anh,D14,Điểm thi THPT,2024,23.0,Ngôn ngữ anh
99299,IUH,ngon-ngu-anh,D15,Điểm thi THPT,2024,23.0,Ngôn ngữ anh
99300,IUH,ngon-ngu-anh,D96,Điểm thi THPT,2024,23.0,Ngôn ngữ anh
99301,IUH,ngon-ngu-gom-02-nganh-ngon-ngu-anh-ngon-ngu-trung,D01,Điểm học bạ,2025,26.68,Nhóm ngành Ngôn ngữ gồm 02 ngành: Ngôn ngữ Anh; Ngôn ngữ Trung
99302,IUH,ngon-ngu-gom-02-nganh-ngon-ngu-anh-ngon-ngu-trung,D14,Điểm học bạ,2025,26.68,Nhóm ngành Ngôn ngữ gồm 02 ngành: Ngôn ngữ Anh; Ngôn ngữ Trung
99303,IUH,ngon-ngu-gom-02-nganh-ngon-ngu-anh-ngon-ngu-trung,D15,Điểm học bạ,2025,26.68,Nhóm ngành Ngôn ngữ gồm 02 ngành: Ngôn ngữ Anh; Ngôn ngữ Trung
99304,IUH,ngon-ngu-gom-02-nganh-ngon-ngu-anh-ngon-ngu-trung,X78,Điểm học bạ,2025,26.68,Nhóm ngành Ngôn ngữ gồm 02 ngành: Ngôn ngữ Anh; Ngôn ngữ Trung
99305,IUH,ngon-ngu-gom-02-nganh-ngon-ngu-anh-ngon-ngu-trung,D01,Điểm thi THPT,2025,23.25,Nhóm ngành Ngôn ngữ gồm 02 ngành: Ngôn ngữ Anh; Ngôn ngữ Trung
99306,IUH,ngon-ngu-gom-02-nganh-ngon-ngu-anh-ngon-ngu-trung,D14,Điểm thi THPT,2025,23.25,Nhóm ngành Ngôn ngữ gồm 02 ngành: Ngôn ngữ Anh; Ngôn ngữ Trung
99307,IUH,ngon-ngu-gom-02-nganh-ngon-ngu-anh-ngon-ngu-trung,D15,Điểm thi THPT,2025,23.25,Nhóm ngành Ngôn ngữ gồm 02 ngành: Ngôn ngữ Anh; Ngôn ngữ Trung
99308,IUH,ngon-ngu-gom-02-nganh-ngon-ngu-anh-ngon-ngu-trung,X78,Điểm thi THPT,2025,23.25,Nhóm ngành Ngôn ngữ gồm 02 ngành: Ngôn ngữ Anh; Ngôn ngữ Trung
99309,IUH,nhom-tai-chinh-ngan-hang-gom-02-nganh-ngan-hang-cong-nghe-tai-chinh,C01,Điểm học bạ,2025,27.25,Nhóm Tài chính ngân hàng gồm 02 ngành: Ngân hàng; Công nghệ tài chính
99310,IUH,nhom-tai-chinh-ngan-hang-gom-02-nganh-ngan-hang-cong-nghe-tai-chinh,C03,Điểm học bạ,2025,27.25,Nhóm Tài chính ngân hàng gồm 02 ngành: Ngân hàng; Công nghệ tài chính
99311,IUH,nhom-tai-chinh-ngan-hang-gom-02-nganh-ngan-hang-cong-nghe-tai-chinh,C04,Điểm học bạ,2025,27.25,Nhóm Tài chính ngân hàng gồm 02 ngành: Ngân hàng; Công nghệ tài chính
99312,IUH,nhom-tai-chinh-ngan-hang-gom-02-nganh-ngan-hang-cong-nghe-tai-chinh,D01,Điểm học bạ,2025,27.25,Nhóm Tài chính ngân hàng gồm 02 ngành: Ngân hàng; Công nghệ tài chính
99313,IUH,nhom-tai-chinh-ngan-hang-gom-02-nganh-ngan-hang-cong-nghe-tai-chinh,X01,Điểm học bạ,2025,27.25,Nhóm Tài chính ngân hàng gồm 02 ngành: Ngân hàng; Công nghệ tài chính
99314,IUH,nhom-tai-chinh-ngan-hang-gom-02-nganh-ngan-hang-cong-nghe-tai-chinh,X02,Điểm học bạ,2025,27.25,Nhóm Tài chính ngân hàng gồm 02 ngành: Ngân hàng; Công nghệ tài chính
99315,IUH,nhom-tai-chinh-ngan-hang-gom-02-nganh-ngan-hang-cong-nghe-tai-chinh,C01,Điểm thi THPT,2025,24.0,Nhóm Tài chính ngân hàng gồm 02 ngành: Ngân hàng; Công nghệ tài chính
99316,IUH,nhom-tai-chinh-ngan-hang-gom-02-nganh-ngan-hang-cong-nghe-tai-chinh,C03,Điểm thi THPT,2025,24.0,Nhóm Tài chính ngân hàng gồm 02 ngành: Ngân hàng; Công nghệ tài chính
99317,IUH,nhom-tai-chinh-ngan-hang-gom-02-nganh-ngan-hang-cong-nghe-tai-chinh,C04,Điểm thi THPT,2025,24.0,Nhóm Tài chính ngân hàng gồm 02 ngành: Ngân hàng; Công nghệ tài chính
99318,IUH,nhom-tai-chinh-ngan-hang-gom-02-nganh-ngan-hang-cong-nghe-tai-chinh,D01,Điểm thi THPT,2025,24.0,Nhóm Tài chính ngân hàng gồm 02 ngành: Ngân hàng; Công nghệ tài chính
99319,IUH,nhom-tai-chinh-ngan-hang-gom-02-nganh-ngan-hang-cong-nghe-tai-chinh,X01,Điểm thi THPT,2025,24.0,Nhóm Tài chính ngân hàng gồm 02 ngành: Ngân hàng; Công nghệ tài chính
99320,IUH,nhom-tai-chinh-ngan-hang-gom-02-nganh-ngan-hang-cong-nghe-tai-chinh,X02,Điểm thi THPT,2025,24.0,Nhóm Tài chính ngân hàng gồm 02 ngành: Ngân hàng; Công nghệ tài chính
99321,IUH,quan-ly-dat-dai,A01,Điểm học bạ,2023,21.0,Quản lý đất đai
99322,IUH,quan-ly-dat-dai,C01,Điểm học bạ,2023,21.0,Quản lý đất đai
99323,IUH,quan-ly-dat-dai,D01,Điểm học bạ,2023,21.0,Quản lý đất đai
99324,IUH,quan-ly-dat-dai,D96,Điểm học bạ,2023,21.0,Quản lý đất đai
99325,IUH,quan-ly-dat-dai-gom-02-chuyen-nganh-quan-ly-dat-dai-kinh-te-tai-nguyen-thien-nhien,A01,Điểm thi THPT,2023,19.0,"Quản lý đất đai gồm 02 chuyên ngành: Quản lý đất đai; Kinh tế tài nguyên thiên nhiên,"
99326,IUH,quan-ly-dat-dai-gom-02-chuyen-nganh-quan-ly-dat-dai-kinh-te-tai-nguyen-thien-nhien,C01,Điểm thi THPT,2023,19.0,"Quản lý đất đai gồm 02 chuyên ngành: Quản lý đất đai; Kinh tế tài nguyên thiên nhiên,"
99327,IUH,quan-ly-dat-dai-gom-02-chuyen-nganh-quan-ly-dat-dai-kinh-te-tai-nguyen-thien-nhien,D01,Điểm thi THPT,2023,19.0,"Quản lý đất đai gồm 02 chuyên ngành: Quản lý đất đai; Kinh tế tài nguyên thiên nhiên,"
99328,IUH,quan-ly-dat-dai-gom-02-chuyen-nganh-quan-ly-dat-dai-kinh-te-tai-nguyen-thien-nhien,D96,Điểm thi THPT,2023,19.0,"Quản lý đất đai gồm 02 chuyên ngành: Quản lý đất đai; Kinh tế tài nguyên thiên nhiên,"
99329,IUH,quan-ly-dat-dai-gom-02-chuyen-nganh-quan-ly-dat-dai-kinh-te-tai-nguyen-thien-nhien,A01,Điểm học bạ,2024,21.0,Ngành Quản lý đất đai gồm 02 chuyên ngành: Quản lý đất đai; Kinh tế tài nguyên thiên nhiên.
99330,IUH,quan-ly-dat-dai-gom-02-chuyen-nganh-quan-ly-dat-dai-kinh-te-tai-nguyen-thien-nhien,C01,Điểm học bạ,2024,21.0,Ngành Quản lý đất đai gồm 02 chuyên ngành: Quản lý đất đai; Kinh tế tài nguyên thiên nhiên.
99331,IUH,quan-ly-dat-dai-gom-02-chuyen-nganh-quan-ly-dat-dai-kinh-te-tai-nguyen-thien-nhien,D01,Điểm học bạ,2024,21.0,Ngành Quản lý đất đai gồm 02 chuyên ngành: Quản lý đất đai; Kinh tế tài nguyên thiên nhiên.
99332,IUH,quan-ly-dat-dai-gom-02-chuyen-nganh-quan-ly-dat-dai-kinh-te-tai-nguyen-thien-nhien,D96,Điểm học bạ,2024,21.0,Ngành Quản lý đất đai gồm 02 chuyên ngành: Quản lý đất đai; Kinh tế tài nguyên thiên nhiên.
99333,IUH,quan-ly-dat-dai-gom-02-chuyen-nganh-quan-ly-dat-dai-kinh-te-tai-nguyen-thien-nhien,A01,Điểm thi THPT,2024,19.0,Ngành Quản lý đất đai gồm 02 chuyên ngành: Quán lý đất đai; Kinh tế tài nguyên thiên nhiên.
99334,IUH,quan-ly-dat-dai-gom-02-chuyen-nganh-quan-ly-dat-dai-kinh-te-tai-nguyen-thien-nhien,C01,Điểm thi THPT,2024,19.0,Ngành Quản lý đất đai gồm 02 chuyên ngành: Quán lý đất đai; Kinh tế tài nguyên thiên nhiên.
99335,IUH,quan-ly-dat-dai-gom-02-chuyen-nganh-quan-ly-dat-dai-kinh-te-tai-nguyen-thien-nhien,D01,Điểm thi THPT,2024,19.0,Ngành Quản lý đất đai gồm 02 chuyên ngành: Quán lý đất đai; Kinh tế tài nguyên thiên nhiên.
99336,IUH,quan-ly-dat-dai-gom-02-chuyen-nganh-quan-ly-dat-dai-kinh-te-tai-nguyen-thien-nhien,D96,Điểm thi THPT,2024,19.0,Ngành Quản lý đất đai gồm 02 chuyên ngành: Quán lý đất đai; Kinh tế tài nguyên thiên nhiên.
99337,IUH,quan-ly-dat-dai-gom-02-chuyen-nganh-quan-ly-dat-dai-kinh-te-tai-nguyen-thien-nhien,B03,Điểm học bạ,2025,22.0,Quản lý đất đai gồm 02 chuyên ngành: Quản lý đất đai; Kinh tế tài nguyên thiên nhiên.
99338,IUH,quan-ly-dat-dai-gom-02-chuyen-nganh-quan-ly-dat-dai-kinh-te-tai-nguyen-thien-nhien,C02,Điểm học bạ,2025,22.0,Quản lý đất đai gồm 02 chuyên ngành: Quản lý đất đai; Kinh tế tài nguyên thiên nhiên.
99339,IUH,quan-ly-dat-dai-gom-02-chuyen-nganh-quan-ly-dat-dai-kinh-te-tai-nguyen-thien-nhien,D01,Điểm học bạ,2025,22.0,Quản lý đất đai gồm 02 chuyên ngành: Quản lý đất đai; Kinh tế tài nguyên thiên nhiên.
99340,IUH,quan-ly-dat-dai-gom-02-chuyen-nganh-quan-ly-dat-dai-kinh-te-tai-nguyen-thien-nhien,X01,Điểm học bạ,2025,22.0,Quản lý đất đai gồm 02 chuyên ngành: Quản lý đất đai; Kinh tế tài nguyên thiên nhiên.
99341,IUH,quan-ly-dat-dai-gom-02-chuyen-nganh-quan-ly-dat-dai-kinh-te-tai-nguyen-thien-nhien,X04,Điểm học bạ,2025,22.0,Quản lý đất đai gồm 02 chuyên ngành: Quản lý đất đai; Kinh tế tài nguyên thiên nhiên.
99342,IUH,quan-ly-dat-dai-gom-02-chuyen-nganh-quan-ly-dat-dai-kinh-te-tai-nguyen-thien-nhien,B03,Điểm thi THPT,2025,18.0,Quản lý đất đai gồm 02 chuyên ngành: Quản lý đất đai; Kinh tế tài nguyên thiên nhiên.
99343,IUH,quan-ly-dat-dai-gom-02-chuyen-nganh-quan-ly-dat-dai-kinh-te-tai-nguyen-thien-nhien,C02,Điểm thi THPT,2025,18.0,Quản lý đất đai gồm 02 chuyên ngành: Quản lý đất đai; Kinh tế tài nguyên thiên nhiên.
99344,IUH,quan-ly-dat-dai-gom-02-chuyen-nganh-quan-ly-dat-dai-kinh-te-tai-nguyen-thien-nhien,D01,Điểm thi THPT,2025,18.0,Quản lý đất đai gồm 02 chuyên ngành: Quản lý đất đai; Kinh tế tài nguyên thiên nhiên.
99345,IUH,quan-ly-dat-dai-gom-02-chuyen-nganh-quan-ly-dat-dai-kinh-te-tai-nguyen-thien-nhien,X01,Điểm thi THPT,2025,18.0,Quản lý đất đai gồm 02 chuyên ngành: Quản lý đất đai; Kinh tế tài nguyên thiên nhiên.
99346,IUH,quan-ly-dat-dai-gom-02-chuyen-nganh-quan-ly-dat-dai-kinh-te-tai-nguyen-thien-nhien,X04,Điểm thi THPT,2025,18.0,Quản lý đất đai gồm 02 chuyên ngành: Quản lý đất đai; Kinh tế tài nguyên thiên nhiên.
99347,IUH,quan-ly-dat-dai-va-kinh-te-tai-nguyen,A01,Điểm học bạ,2022,23.0,Nhóm ngành Quản lý đất đai và Kinh tế tài nguyên
99348,IUH,quan-ly-dat-dai-va-kinh-te-tai-nguyen,C01,Điểm học bạ,2022,23.0,Nhóm ngành Quản lý đất đai và Kinh tế tài nguyên
99349,IUH,quan-ly-dat-dai-va-kinh-te-tai-nguyen,D01,Điểm học bạ,2022,23.0,Nhóm ngành Quản lý đất đai và Kinh tế tài nguyên
99350,IUH,quan-ly-dat-dai-va-kinh-te-tai-nguyen,D96,Điểm học bạ,2022,23.0,Nhóm ngành Quản lý đất đai và Kinh tế tài nguyên
99351,IUH,quan-ly-dat-dai-va-kinh-te-tai-nguyen-gom-02-nganh-quan-ly-dat-dai-kinh-te-tai-nguyen-thien-nhien,A01,Điểm học bạ,2021,20.0,Nhóm ngành Quản lý đất đai và Kinh tế tài nguyên gồm 02 ngành: Quản lý đất đai; Kinh tế tài nguyên thiên nhiên
99352,IUH,quan-ly-dat-dai-va-kinh-te-tai-nguyen-gom-02-nganh-quan-ly-dat-dai-kinh-te-tai-nguyen-thien-nhien,C01,Điểm học bạ,2021,20.0,Nhóm ngành Quản lý đất đai và Kinh tế tài nguyên gồm 02 ngành: Quản lý đất đai; Kinh tế tài nguyên thiên nhiên
99353,IUH,quan-ly-dat-dai-va-kinh-te-tai-nguyen-gom-02-nganh-quan-ly-dat-dai-kinh-te-tai-nguyen-thien-nhien,D01,Điểm học bạ,2021,20.0,Nhóm ngành Quản lý đất đai và Kinh tế tài nguyên gồm 02 ngành: Quản lý đất đai; Kinh tế tài nguyên thiên nhiên
99354,IUH,quan-ly-dat-dai-va-kinh-te-tai-nguyen-gom-02-nganh-quan-ly-dat-dai-kinh-te-tai-nguyen-thien-nhien,D96,Điểm học bạ,2021,20.0,Nhóm ngành Quản lý đất đai và Kinh tế tài nguyên gồm 02 ngành: Quản lý đất đai; Kinh tế tài nguyên thiên nhiên
99355,IUH,quan-ly-dat-dai-va-kinh-te-tai-nguyen-gom-02-nganh-quan-ly-dat-dai-kinh-te-tai-nguyen-thien-nhien,A00,Điểm thi THPT,2021,18.5,Nhóm ngành Quản lý đất đai và Kinh tế tài nguyên gồm 02 ngành: Quản lý đất đai; Kinh tế tài nguyên thiên nhiên
99356,IUH,quan-ly-dat-dai-va-kinh-te-tai-nguyen-gom-02-nganh-quan-ly-dat-dai-kinh-te-tai-nguyen-thien-nhien,C01,Điểm thi THPT,2021,18.5,Nhóm ngành Quản lý đất đai và Kinh tế tài nguyên gồm 02 ngành: Quản lý đất đai; Kinh tế tài nguyên thiên nhiên
99357,IUH,quan-ly-dat-dai-va-kinh-te-tai-nguyen-gom-02-nganh-quan-ly-dat-dai-kinh-te-tai-nguyen-thien-nhien,D01,Điểm thi THPT,2021,18.5,Nhóm ngành Quản lý đất đai và Kinh tế tài nguyên gồm 02 ngành: Quản lý đất đai; Kinh tế tài nguyên thiên nhiên
99358,IUH,quan-ly-dat-dai-va-kinh-te-tai-nguyen-gom-02-nganh-quan-ly-dat-dai-kinh-te-tai-nguyen-thien-nhien,D90,Điểm thi THPT,2021,18.5,Nhóm ngành Quản lý đất đai và Kinh tế tài nguyên gồm 02 ngành: Quản lý đất đai; Kinh tế tài nguyên thiên nhiên
99359,IUH,quan-ly-dat-dai-va-kinh-te-tai-nguyen-gom-2-nganh-quan-ly-dat-dai-kinh-te-tai-nguyen-thien-nhien,A01,Điểm thi THPT,2022,19.0,Nhóm ngành Quản lý đất đai và Kinh tế tài nguyên gồm 2 ngành: Quản lý đất đai; Kinh tế tài nguyên thiên nhiên
99360,IUH,quan-ly-dat-dai-va-kinh-te-tai-nguyen-gom-2-nganh-quan-ly-dat-dai-kinh-te-tai-nguyen-thien-nhien,C01,Điểm thi THPT,2022,19.0,Nhóm ngành Quản lý đất đai và Kinh tế tài nguyên gồm 2 ngành: Quản lý đất đai; Kinh tế tài nguyên thiên nhiên
99361,IUH,quan-ly-dat-dai-va-kinh-te-tai-nguyen-gom-2-nganh-quan-ly-dat-dai-kinh-te-tai-nguyen-thien-nhien,D01,Điểm thi THPT,2022,19.0,Nhóm ngành Quản lý đất đai và Kinh tế tài nguyên gồm 2 ngành: Quản lý đất đai; Kinh tế tài nguyên thiên nhiên
99362,IUH,quan-ly-dat-dai-va-kinh-te-tai-nguyen-gom-2-nganh-quan-ly-dat-dai-kinh-te-tai-nguyen-thien-nhien,D96,Điểm thi THPT,2022,19.0,Nhóm ngành Quản lý đất đai và Kinh tế tài nguyên gồm 2 ngành: Quản lý đất đai; Kinh tế tài nguyên thiên nhiên
99363,IUH,quan-ly-tai-nguyen-moi-truong-gom-02-nganh-quan-ly-tai-nguyen-va-moi-truong-cong-nghe-ky-thuat-moi-truong,B00,Điểm học bạ,2021,20.0,Nhóm ngành Quản lý tài nguyên môi trường gồm 02 ngành: Quản lý tài nguyên và môi trường; Công nghệ kỹ thuật môi trường.
99364,IUH,quan-ly-tai-nguyen-moi-truong-gom-02-nganh-quan-ly-tai-nguyen-va-moi-truong-cong-nghe-ky-thuat-moi-truong,C02,Điểm học bạ,2021,20.0,Nhóm ngành Quản lý tài nguyên môi trường gồm 02 ngành: Quản lý tài nguyên và môi trường; Công nghệ kỹ thuật môi trường.
99365,IUH,quan-ly-tai-nguyen-moi-truong-gom-02-nganh-quan-ly-tai-nguyen-va-moi-truong-cong-nghe-ky-thuat-moi-truong,D90,Điểm học bạ,2021,20.0,Nhóm ngành Quản lý tài nguyên môi trường gồm 02 ngành: Quản lý tài nguyên và môi trường; Công nghệ kỹ thuật môi trường.
99366,IUH,quan-ly-tai-nguyen-moi-truong-gom-02-nganh-quan-ly-tai-nguyen-va-moi-truong-cong-nghe-ky-thuat-moi-truong,D96,Điểm học bạ,2021,20.0,Nhóm ngành Quản lý tài nguyên môi trường gồm 02 ngành: Quản lý tài nguyên và môi trường; Công nghệ kỹ thuật môi trường.
99367,IUH,quan-ly-tai-nguyen-moi-truong-gom-02-nganh-quan-ly-tai-nguyen-va-moi-truong-cong-nghe-ky-thuat-moi-truong,B00,Điểm thi THPT,2021,18.5,Nhóm ngành Quản lý tài nguyên môi trường gồm 02 ngành: Quản lý tài nguyên và môi trường; Công nghệ kỹ thuật môi trường
99368,IUH,quan-ly-tai-nguyen-moi-truong-gom-02-nganh-quan-ly-tai-nguyen-va-moi-truong-cong-nghe-ky-thuat-moi-truong,C02,Điểm thi THPT,2021,18.5,Nhóm ngành Quản lý tài nguyên môi trường gồm 02 ngành: Quản lý tài nguyên và môi trường; Công nghệ kỹ thuật môi trường
99369,IUH,quan-ly-tai-nguyen-moi-truong-gom-02-nganh-quan-ly-tai-nguyen-va-moi-truong-cong-nghe-ky-thuat-moi-truong,D90,Điểm thi THPT,2021,18.5,Nhóm ngành Quản lý tài nguyên môi trường gồm 02 ngành: Quản lý tài nguyên và môi trường; Công nghệ kỹ thuật môi trường
99370,IUH,quan-ly-tai-nguyen-moi-truong-gom-02-nganh-quan-ly-tai-nguyen-va-moi-truong-cong-nghe-ky-thuat-moi-truong,D96,Điểm thi THPT,2021,18.5,Nhóm ngành Quản lý tài nguyên môi trường gồm 02 ngành: Quản lý tài nguyên và môi trường; Công nghệ kỹ thuật môi trường
99371,IUH,quan-ly-tai-nguyen-moi-truong-gom-2-nganh-quan-ly-tai-nguyen-va-moi-truong-cong-nghe-ky-thuat-moi-truong,B00,Điểm thi THPT,2022,19.0,Nhóm ngành Quản lý tài nguyên môi trường gồm 2 ngành: Quản lý tài nguyên và môi trường; Công nghệ kỹ thuật môi trường
99372,IUH,quan-ly-tai-nguyen-moi-truong-gom-2-nganh-quan-ly-tai-nguyen-va-moi-truong-cong-nghe-ky-thuat-moi-truong,C02,Điểm thi THPT,2022,19.0,Nhóm ngành Quản lý tài nguyên môi trường gồm 2 ngành: Quản lý tài nguyên và môi trường; Công nghệ kỹ thuật môi trường
99373,IUH,quan-ly-tai-nguyen-moi-truong-gom-2-nganh-quan-ly-tai-nguyen-va-moi-truong-cong-nghe-ky-thuat-moi-truong,D90,Điểm thi THPT,2022,19.0,Nhóm ngành Quản lý tài nguyên môi trường gồm 2 ngành: Quản lý tài nguyên và môi trường; Công nghệ kỹ thuật môi trường
99374,IUH,quan-ly-tai-nguyen-moi-truong-gom-2-nganh-quan-ly-tai-nguyen-va-moi-truong-cong-nghe-ky-thuat-moi-truong,D96,Điểm thi THPT,2022,19.0,Nhóm ngành Quản lý tài nguyên môi trường gồm 2 ngành: Quản lý tài nguyên và môi trường; Công nghệ kỹ thuật môi trường
99375,IUH,quan-ly-tai-nguyen-va-moi-truong,B00,Điểm học bạ,2021,21.5,Quản lý tài nguyên và môi trường
99376,IUH,quan-ly-tai-nguyen-va-moi-truong,C02,Điểm học bạ,2021,21.5,Quản lý tài nguyên và môi trường
99377,IUH,quan-ly-tai-nguyen-va-moi-truong,D90,Điểm học bạ,2021,21.5,Quản lý tài nguyên và môi trường
99378,IUH,quan-ly-tai-nguyen-va-moi-truong,D96,Điểm học bạ,2021,21.5,Quản lý tài nguyên và môi trường
99379,IUH,quan-ly-tai-nguyen-va-moi-truong,B00,Điểm thi THPT,2021,18.5,Quản lý tài nguyên và môi trường
99380,IUH,quan-ly-tai-nguyen-va-moi-truong,C02,Điểm thi THPT,2021,18.5,Quản lý tài nguyên và môi trường
99381,IUH,quan-ly-tai-nguyen-va-moi-truong,D90,Điểm thi THPT,2021,18.5,Quản lý tài nguyên và môi trường
99382,IUH,quan-ly-tai-nguyen-va-moi-truong,D96,Điểm thi THPT,2021,18.5,Quản lý tài nguyên và môi trường
99383,IUH,quan-ly-tai-nguyen-va-moi-truong,B00,Điểm học bạ,2022,23.0,Nhóm ngành Quản lý tài nguyên và môi trường
99384,IUH,quan-ly-tai-nguyen-va-moi-truong,C02,Điểm học bạ,2022,23.0,Nhóm ngành Quản lý tài nguyên và môi trường
99385,IUH,quan-ly-tai-nguyen-va-moi-truong,D90,Điểm học bạ,2022,23.0,Nhóm ngành Quản lý tài nguyên và môi trường
99386,IUH,quan-ly-tai-nguyen-va-moi-truong,D96,Điểm học bạ,2022,23.0,Nhóm ngành Quản lý tài nguyên và môi trường
99387,IUH,quan-ly-tai-nguyen-va-moi-truong,B00,Điểm thi THPT,2022,19.0,Quản lý tài nguyên và môi trường
99388,IUH,quan-ly-tai-nguyen-va-moi-truong,C02,Điểm thi THPT,2022,19.0,Quản lý tài nguyên và môi trường
99389,IUH,quan-ly-tai-nguyen-va-moi-truong,D90,Điểm thi THPT,2022,19.0,Quản lý tài nguyên và môi trường
99390,IUH,quan-ly-tai-nguyen-va-moi-truong,D96,Điểm thi THPT,2022,19.0,Quản lý tài nguyên và môi trường
99391,IUH,quan-ly-tai-nguyen-va-moi-truong,B00,Điểm học bạ,2023,21.0,Quản lý tài nguyên và môi trường
99392,IUH,quan-ly-tai-nguyen-va-moi-truong,C02,Điểm học bạ,2023,21.0,Quản lý tài nguyên và môi trường
99393,IUH,quan-ly-tai-nguyen-va-moi-truong,D90,Điểm học bạ,2023,21.0,Quản lý tài nguyên và môi trường
99394,IUH,quan-ly-tai-nguyen-va-moi-truong,D96,Điểm học bạ,2023,21.0,Quản lý tài nguyên và môi trường
99395,IUH,quan-ly-tai-nguyen-va-moi-truong,B00,Điểm thi THPT,2023,19.0,Quản lý tài nguyên và môi trường
99396,IUH,quan-ly-tai-nguyen-va-moi-truong,C02,Điểm thi THPT,2023,19.0,Quản lý tài nguyên và môi trường
99397,IUH,quan-ly-tai-nguyen-va-moi-truong,D90,Điểm thi THPT,2023,19.0,Quản lý tài nguyên và môi trường
99398,IUH,quan-ly-tai-nguyen-va-moi-truong,D96,Điểm thi THPT,2023,19.0,Quản lý tài nguyên và môi trường
99399,IUH,quan-ly-tai-nguyen-va-moi-truong,B00,Điểm học bạ,2024,21.0,Quản lý tài nguyên và môi trường
99400,IUH,quan-ly-tai-nguyen-va-moi-truong,C02,Điểm học bạ,2024,21.0,Quản lý tài nguyên và môi trường
99401,IUH,quan-ly-tai-nguyen-va-moi-truong,D90,Điểm học bạ,2024,21.0,Quản lý tài nguyên và môi trường
99402,IUH,quan-ly-tai-nguyen-va-moi-truong,D96,Điểm học bạ,2024,21.0,Quản lý tài nguyên và môi trường
99403,IUH,quan-ly-tai-nguyen-va-moi-truong,B00,Điểm thi THPT,2024,19.0,Quản lý tài nguyên và môi trường
99404,IUH,quan-ly-tai-nguyen-va-moi-truong,C02,Điểm thi THPT,2024,19.0,Quản lý tài nguyên và môi trường
99405,IUH,quan-ly-tai-nguyen-va-moi-truong,D90,Điểm thi THPT,2024,19.0,Quản lý tài nguyên và môi trường
99406,IUH,quan-ly-tai-nguyen-va-moi-truong,D96,Điểm thi THPT,2024,19.0,Quản lý tài nguyên và môi trường
99407,IUH,quan-ly-tai-nguyen-va-moi-truong,A04,Điểm học bạ,2025,22.0,Quản lý tài nguyên và môi trường
99408,IUH,quan-ly-tai-nguyen-va-moi-truong,A07,Điểm học bạ,2025,22.0,Quản lý tài nguyên và môi trường
99409,IUH,quan-ly-tai-nguyen-va-moi-truong,B02,Điểm học bạ,2025,22.0,Quản lý tài nguyên và môi trường
99410,IUH,quan-ly-tai-nguyen-va-moi-truong,C04,Điểm học bạ,2025,22.0,Quản lý tài nguyên và môi trường
99411,IUH,quan-ly-tai-nguyen-va-moi-truong,D10,Điểm học bạ,2025,22.0,Quản lý tài nguyên và môi trường
99412,IUH,quan-ly-tai-nguyen-va-moi-truong,A04,Điểm thi THPT,2025,18.0,Quản lý tài nguyên và môi trường
99413,IUH,quan-ly-tai-nguyen-va-moi-truong,A07,Điểm thi THPT,2025,18.0,Quản lý tài nguyên và môi trường
99414,IUH,quan-ly-tai-nguyen-va-moi-truong,B02,Điểm thi THPT,2025,18.0,Quản lý tài nguyên và môi trường
99415,IUH,quan-ly-tai-nguyen-va-moi-truong,C04,Điểm thi THPT,2025,18.0,Quản lý tài nguyên và môi trường
99416,IUH,quan-ly-tai-nguyen-va-moi-truong,D10,Điểm thi THPT,2025,18.0,Quản lý tài nguyên và môi trường
99417,IUH,quan-ly-xay-dung,A00,Điểm học bạ,2024,23.5,Quản lý xây dựng
99418,IUH,quan-ly-xay-dung,A01,Điểm học bạ,2024,23.5,Quản lý xây dựng
99419,IUH,quan-ly-xay-dung,C01,Điểm học bạ,2024,23.5,Quản lý xây dựng
99420,IUH,quan-ly-xay-dung,D90,Điểm học bạ,2024,23.5,Quản lý xây dựng
99421,IUH,quan-ly-xay-dung,A00,Điểm thi THPT,2024,19.0,Quản lý xây dựng
99422,IUH,quan-ly-xay-dung,A01,Điểm thi THPT,2024,19.0,Quản lý xây dựng
99423,IUH,quan-ly-xay-dung,C01,Điểm thi THPT,2024,19.0,Quản lý xây dựng
99424,IUH,quan-ly-xay-dung,D90,Điểm thi THPT,2024,19.0,Quản lý xây dựng
99425,IUH,quan-ly-xay-dung,A00,Điểm học bạ,2025,25.94,Quản lý xây dựng
99426,IUH,quan-ly-xay-dung,A01,Điểm học bạ,2025,25.94,Quản lý xây dựng
99427,IUH,quan-ly-xay-dung,C01,Điểm học bạ,2025,25.94,Quản lý xây dựng
99428,IUH,quan-ly-xay-dung,X05,Điểm học bạ,2025,25.94,Quản lý xây dựng
99429,IUH,quan-ly-xay-dung,X06,Điểm học bạ,2025,25.94,Quản lý xây dựng
99430,IUH,quan-ly-xay-dung,X07,Điểm học bạ,2025,25.94,Quản lý xây dựng
99431,IUH,quan-ly-xay-dung,A00,Điểm thi THPT,2025,22.25,Quản lý xây dựng
99432,IUH,quan-ly-xay-dung,A01,Điểm thi THPT,2025,22.25,Quản lý xây dựng
99433,IUH,quan-ly-xay-dung,C01,Điểm thi THPT,2025,22.25,Quản lý xây dựng
99434,IUH,quan-ly-xay-dung,X05,Điểm thi THPT,2025,22.25,Quản lý xây dựng
99435,IUH,quan-ly-xay-dung,X06,Điểm thi THPT,2025,22.25,Quản lý xây dựng
99436,IUH,quan-ly-xay-dung,X07,Điểm thi THPT,2025,22.25,Quản lý xây dựng
99437,IUH,quan-tri-dich-vu-du-lich-va-lu-hanh,A01,Điểm học bạ,2022,26.25,Nhóm ngành Quán trị dịch vụ du lịch và lử hành
99438,IUH,quan-tri-dich-vu-du-lich-va-lu-hanh,C01,Điểm học bạ,2022,26.25,Nhóm ngành Quán trị dịch vụ du lịch và lử hành
99439,IUH,quan-tri-dich-vu-du-lich-va-lu-hanh,D01,Điểm học bạ,2022,26.25,Nhóm ngành Quán trị dịch vụ du lịch và lử hành
99440,IUH,quan-tri-dich-vu-du-lich-va-lu-hanh,D96,Điểm học bạ,2022,26.25,Nhóm ngành Quán trị dịch vụ du lịch và lử hành
99441,IUH,quan-tri-dich-vu-du-lich-va-lu-hanh,A01,Điểm học bạ,2023,25.0,Quản trị dịch vụ du lịch và lữ hành
99442,IUH,quan-tri-dich-vu-du-lich-va-lu-hanh,C01,Điểm học bạ,2023,25.0,Quản trị dịch vụ du lịch và lữ hành
99443,IUH,quan-tri-dich-vu-du-lich-va-lu-hanh,D01,Điểm học bạ,2023,25.0,Quản trị dịch vụ du lịch và lữ hành
99444,IUH,quan-tri-dich-vu-du-lich-va-lu-hanh,D96,Điểm học bạ,2023,25.0,Quản trị dịch vụ du lịch và lữ hành
99445,IUH,quan-tri-dich-vu-du-lich-va-lu-hanh,A01,Điểm thi THPT,2024,19.0,Quản trị dịch vụ du lịch và lữ hành
99446,IUH,quan-tri-dich-vu-du-lich-va-lu-hanh,C01,Điểm thi THPT,2024,19.0,Quản trị dịch vụ du lịch và lữ hành
99447,IUH,quan-tri-dich-vu-du-lich-va-lu-hanh,D01,Điểm thi THPT,2024,19.0,Quản trị dịch vụ du lịch và lữ hành
99448,IUH,quan-tri-dich-vu-du-lich-va-lu-hanh,D96,Điểm thi THPT,2024,19.0,Quản trị dịch vụ du lịch và lữ hành
99449,IUH,quan-tri-dich-vu-du-lich-va-lu-hanh-gom-03-chuyen-nganh-quan-tri-dich-vu-du-lich-va-lu-hanh-quan-tri-khach-san-quan-tri-nha-hang-va-dich-vu-an-uong,A01,Điểm thi THPT,2023,22.0,"Quản trị dịch vụ du lịch và lữ hành gồm 03 chuyên ngành: - Quản trị dịch vụ du lịch và lữ hành; - Quản trị khách sạn; - Quản trị nhà hàng và dịch vụ ăn uống,"
99450,IUH,quan-tri-dich-vu-du-lich-va-lu-hanh-gom-03-chuyen-nganh-quan-tri-dich-vu-du-lich-va-lu-hanh-quan-tri-khach-san-quan-tri-nha-hang-va-dich-vu-an-uong,C01,Điểm thi THPT,2023,22.0,"Quản trị dịch vụ du lịch và lữ hành gồm 03 chuyên ngành: - Quản trị dịch vụ du lịch và lữ hành; - Quản trị khách sạn; - Quản trị nhà hàng và dịch vụ ăn uống,"
99451,IUH,quan-tri-dich-vu-du-lich-va-lu-hanh-gom-03-chuyen-nganh-quan-tri-dich-vu-du-lich-va-lu-hanh-quan-tri-khach-san-quan-tri-nha-hang-va-dich-vu-an-uong,D01,Điểm thi THPT,2023,22.0,"Quản trị dịch vụ du lịch và lữ hành gồm 03 chuyên ngành: - Quản trị dịch vụ du lịch và lữ hành; - Quản trị khách sạn; - Quản trị nhà hàng và dịch vụ ăn uống,"
99452,IUH,quan-tri-dich-vu-du-lich-va-lu-hanh-gom-03-chuyen-nganh-quan-tri-dich-vu-du-lich-va-lu-hanh-quan-tri-khach-san-quan-tri-nha-hang-va-dich-vu-an-uong,D96,Điểm thi THPT,2023,22.0,"Quản trị dịch vụ du lịch và lữ hành gồm 03 chuyên ngành: - Quản trị dịch vụ du lịch và lữ hành; - Quản trị khách sạn; - Quản trị nhà hàng và dịch vụ ăn uống,"
99453,IUH,quan-tri-dich-vu-du-lich-va-lu-hanh-gom-03-chuyen-nganh-quan-tri-dich-vu-du-lich-va-lu-hanh-quan-tri-khach-san-quan-tri-nha-hang-va-dich-vu-an-uong,A01,Điểm học bạ,2024,24.0,Quản trị dịch vụ du lịch và lữ hành gồm 03 chuyên ngành: - Quản trị dịch vụ du lịch và lữ hành; - Quản trị khách sạn; - Quản trị nhà hàng và dịch vụ ăn uống
99454,IUH,quan-tri-dich-vu-du-lich-va-lu-hanh-gom-03-chuyen-nganh-quan-tri-dich-vu-du-lich-va-lu-hanh-quan-tri-khach-san-quan-tri-nha-hang-va-dich-vu-an-uong,C01,Điểm học bạ,2024,24.0,Quản trị dịch vụ du lịch và lữ hành gồm 03 chuyên ngành: - Quản trị dịch vụ du lịch và lữ hành; - Quản trị khách sạn; - Quản trị nhà hàng và dịch vụ ăn uống
99455,IUH,quan-tri-dich-vu-du-lich-va-lu-hanh-gom-03-chuyen-nganh-quan-tri-dich-vu-du-lich-va-lu-hanh-quan-tri-khach-san-quan-tri-nha-hang-va-dich-vu-an-uong,D01,Điểm học bạ,2024,24.0,Quản trị dịch vụ du lịch và lữ hành gồm 03 chuyên ngành: - Quản trị dịch vụ du lịch và lữ hành; - Quản trị khách sạn; - Quản trị nhà hàng và dịch vụ ăn uống
99456,IUH,quan-tri-dich-vu-du-lich-va-lu-hanh-gom-03-chuyen-nganh-quan-tri-dich-vu-du-lich-va-lu-hanh-quan-tri-khach-san-quan-tri-nha-hang-va-dich-vu-an-uong,D96,Điểm học bạ,2024,24.0,Quản trị dịch vụ du lịch và lữ hành gồm 03 chuyên ngành: - Quản trị dịch vụ du lịch và lữ hành; - Quản trị khách sạn; - Quản trị nhà hàng và dịch vụ ăn uống
99457,IUH,quan-tri-dich-vu-du-lich-va-lu-hanh-gom-03-chuyen-nganh-quan-tri-dich-vu-du-lich-va-lu-hanh-quan-tri-khach-san-quan-tri-nha-hang-va-dich-vu-an-uong,A01,Điểm học bạ,2025,26.31,Quản trị dịch vụ du lịch và lữ hành gồm 03 chuyên ngành: Quản trị dịch vụ du lịch và lữ hành; Quản trị khách sạn; Quản trị nhà hàng và dịch vụ ăn uống
99458,IUH,quan-tri-dich-vu-du-lich-va-lu-hanh-gom-03-chuyen-nganh-quan-tri-dich-vu-du-lich-va-lu-hanh-quan-tri-khach-san-quan-tri-nha-hang-va-dich-vu-an-uong,D01,Điểm học bạ,2025,26.31,Quản trị dịch vụ du lịch và lữ hành gồm 03 chuyên ngành: Quản trị dịch vụ du lịch và lữ hành; Quản trị khách sạn; Quản trị nhà hàng và dịch vụ ăn uống
99459,IUH,quan-tri-dich-vu-du-lich-va-lu-hanh-gom-03-chuyen-nganh-quan-tri-dich-vu-du-lich-va-lu-hanh-quan-tri-khach-san-quan-tri-nha-hang-va-dich-vu-an-uong,D09,Điểm học bạ,2025,26.31,Quản trị dịch vụ du lịch và lữ hành gồm 03 chuyên ngành: Quản trị dịch vụ du lịch và lữ hành; Quản trị khách sạn; Quản trị nhà hàng và dịch vụ ăn uống
99460,IUH,quan-tri-dich-vu-du-lich-va-lu-hanh-gom-03-chuyen-nganh-quan-tri-dich-vu-du-lich-va-lu-hanh-quan-tri-khach-san-quan-tri-nha-hang-va-dich-vu-an-uong,D10,Điểm học bạ,2025,26.31,Quản trị dịch vụ du lịch và lữ hành gồm 03 chuyên ngành: Quản trị dịch vụ du lịch và lữ hành; Quản trị khách sạn; Quản trị nhà hàng và dịch vụ ăn uống
99461,IUH,quan-tri-dich-vu-du-lich-va-lu-hanh-gom-03-chuyen-nganh-quan-tri-dich-vu-du-lich-va-lu-hanh-quan-tri-khach-san-quan-tri-nha-hang-va-dich-vu-an-uong,X25,Điểm học bạ,2025,26.31,Quản trị dịch vụ du lịch và lữ hành gồm 03 chuyên ngành: Quản trị dịch vụ du lịch và lữ hành; Quản trị khách sạn; Quản trị nhà hàng và dịch vụ ăn uống
99462,IUH,quan-tri-dich-vu-du-lich-va-lu-hanh-gom-03-chuyen-nganh-quan-tri-dich-vu-du-lich-va-lu-hanh-quan-tri-khach-san-quan-tri-nha-hang-va-dich-vu-an-uong,X26,Điểm học bạ,2025,26.31,Quản trị dịch vụ du lịch và lữ hành gồm 03 chuyên ngành: Quản trị dịch vụ du lịch và lữ hành; Quản trị khách sạn; Quản trị nhà hàng và dịch vụ ăn uống
99463,IUH,quan-tri-dich-vu-du-lich-va-lu-hanh-gom-03-chuyen-nganh-quan-tri-dich-vu-du-lich-va-lu-hanh-quan-tri-khach-san-quan-tri-nha-hang-va-dich-vu-an-uong,A01,Điểm thi THPT,2025,22.75,Quản trị dịch vụ du lịch và lữ hành gồm 03 chuyên ngành: Quản trị dịch vụ du lịch và lữ hành; Quản trị khách sạn; Quản trị nhà hàng và dịch vụ ăn uống
99464,IUH,quan-tri-dich-vu-du-lich-va-lu-hanh-gom-03-chuyen-nganh-quan-tri-dich-vu-du-lich-va-lu-hanh-quan-tri-khach-san-quan-tri-nha-hang-va-dich-vu-an-uong,D01,Điểm thi THPT,2025,22.75,Quản trị dịch vụ du lịch và lữ hành gồm 03 chuyên ngành: Quản trị dịch vụ du lịch và lữ hành; Quản trị khách sạn; Quản trị nhà hàng và dịch vụ ăn uống
99465,IUH,quan-tri-dich-vu-du-lich-va-lu-hanh-gom-03-chuyen-nganh-quan-tri-dich-vu-du-lich-va-lu-hanh-quan-tri-khach-san-quan-tri-nha-hang-va-dich-vu-an-uong,D09,Điểm thi THPT,2025,22.75,Quản trị dịch vụ du lịch và lữ hành gồm 03 chuyên ngành: Quản trị dịch vụ du lịch và lữ hành; Quản trị khách sạn; Quản trị nhà hàng và dịch vụ ăn uống
99466,IUH,quan-tri-dich-vu-du-lich-va-lu-hanh-gom-03-chuyen-nganh-quan-tri-dich-vu-du-lich-va-lu-hanh-quan-tri-khach-san-quan-tri-nha-hang-va-dich-vu-an-uong,D10,Điểm thi THPT,2025,22.75,Quản trị dịch vụ du lịch và lữ hành gồm 03 chuyên ngành: Quản trị dịch vụ du lịch và lữ hành; Quản trị khách sạn; Quản trị nhà hàng và dịch vụ ăn uống
99467,IUH,quan-tri-dich-vu-du-lich-va-lu-hanh-gom-03-chuyen-nganh-quan-tri-dich-vu-du-lich-va-lu-hanh-quan-tri-khach-san-quan-tri-nha-hang-va-dich-vu-an-uong,X25,Điểm thi THPT,2025,22.75,Quản trị dịch vụ du lịch và lữ hành gồm 03 chuyên ngành: Quản trị dịch vụ du lịch và lữ hành; Quản trị khách sạn; Quản trị nhà hàng và dịch vụ ăn uống
99468,IUH,quan-tri-dich-vu-du-lich-va-lu-hanh-gom-03-chuyen-nganh-quan-tri-dich-vu-du-lich-va-lu-hanh-quan-tri-khach-san-quan-tri-nha-hang-va-dich-vu-an-uong,X26,Điểm thi THPT,2025,22.75,Quản trị dịch vụ du lịch và lữ hành gồm 03 chuyên ngành: Quản trị dịch vụ du lịch và lữ hành; Quản trị khách sạn; Quản trị nhà hàng và dịch vụ ăn uống
99469,IUH,quan-tri-dich-vu-du-lich-va-lu-hanh-gom-3-chuyen-nganh-quan-tri-dich-vu-du-lich-va-lu-hanh-quan-tri-khach-san-quan-tri-nha-hang-va-dich-vu-an-uong,A01,Điểm học bạ,2021,24.0,Quản trị dịch vụ du lịch và lữ hành gồm 3 chuyên ngành: Quản trị dịch vụ du lịch và lữ hành; Quản trị khách sạn; Quản trị nhà hàng và dịch vụ ăn uống
99470,IUH,quan-tri-dich-vu-du-lich-va-lu-hanh-gom-3-chuyen-nganh-quan-tri-dich-vu-du-lich-va-lu-hanh-quan-tri-khach-san-quan-tri-nha-hang-va-dich-vu-an-uong,C01,Điểm học bạ,2021,24.0,Quản trị dịch vụ du lịch và lữ hành gồm 3 chuyên ngành: Quản trị dịch vụ du lịch và lữ hành; Quản trị khách sạn; Quản trị nhà hàng và dịch vụ ăn uống
99471,IUH,quan-tri-dich-vu-du-lich-va-lu-hanh-gom-3-chuyen-nganh-quan-tri-dich-vu-du-lich-va-lu-hanh-quan-tri-khach-san-quan-tri-nha-hang-va-dich-vu-an-uong,D01,Điểm học bạ,2021,24.0,Quản trị dịch vụ du lịch và lữ hành gồm 3 chuyên ngành: Quản trị dịch vụ du lịch và lữ hành; Quản trị khách sạn; Quản trị nhà hàng và dịch vụ ăn uống
99472,IUH,quan-tri-dich-vu-du-lich-va-lu-hanh-gom-3-chuyen-nganh-quan-tri-dich-vu-du-lich-va-lu-hanh-quan-tri-khach-san-quan-tri-nha-hang-va-dich-vu-an-uong,D96,Điểm học bạ,2021,24.0,Quản trị dịch vụ du lịch và lữ hành gồm 3 chuyên ngành: Quản trị dịch vụ du lịch và lữ hành; Quản trị khách sạn; Quản trị nhà hàng và dịch vụ ăn uống
99473,IUH,quan-tri-dich-vu-du-lich-va-lu-hanh-gom-3-chuyen-nganh-quan-tri-dich-vu-du-lich-va-lu-hanh-quan-tri-khach-san-quan-tri-nha-hang-va-dich-vu-an-uong,A01,Điểm thi THPT,2021,24.0,Quản trị dịch vụ du lịch và lữ hành gồm 3 chuyên ngành: Quản trị dịch vụ du lịch và lữ hành; Quản trị khách sạn; Quản trị nhà hàng và dịch vụ ăn uống
99474,IUH,quan-tri-dich-vu-du-lich-va-lu-hanh-gom-3-chuyen-nganh-quan-tri-dich-vu-du-lich-va-lu-hanh-quan-tri-khach-san-quan-tri-nha-hang-va-dich-vu-an-uong,C01,Điểm thi THPT,2021,24.0,Quản trị dịch vụ du lịch và lữ hành gồm 3 chuyên ngành: Quản trị dịch vụ du lịch và lữ hành; Quản trị khách sạn; Quản trị nhà hàng và dịch vụ ăn uống
99475,IUH,quan-tri-dich-vu-du-lich-va-lu-hanh-gom-3-chuyen-nganh-quan-tri-dich-vu-du-lich-va-lu-hanh-quan-tri-khach-san-quan-tri-nha-hang-va-dich-vu-an-uong,D01,Điểm thi THPT,2021,24.0,Quản trị dịch vụ du lịch và lữ hành gồm 3 chuyên ngành: Quản trị dịch vụ du lịch và lữ hành; Quản trị khách sạn; Quản trị nhà hàng và dịch vụ ăn uống
99476,IUH,quan-tri-dich-vu-du-lich-va-lu-hanh-gom-3-chuyen-nganh-quan-tri-dich-vu-du-lich-va-lu-hanh-quan-tri-khach-san-quan-tri-nha-hang-va-dich-vu-an-uong,D96,Điểm thi THPT,2021,24.0,Quản trị dịch vụ du lịch và lữ hành gồm 3 chuyên ngành: Quản trị dịch vụ du lịch và lữ hành; Quản trị khách sạn; Quản trị nhà hàng và dịch vụ ăn uống
99477,IUH,quan-tri-dich-vu-du-lich-va-lu-hanh-gom-3-nganh-quan-tri-dich-vu-du-lich-va-lu-hanh-quan-tri-khach-san-quan-tri-nha-hang-va-dich-vu-an-uong,A01,Điểm thi THPT,2022,19.0,Nhóm ngành Quản trị dịch vụ du lịch và lữ hành gồm 3 ngành: Quản trị dịch vụ du lịch và lữ hành; Quản trị khách sạn; Quản trị nhà hàng và dịch vụ ăn uống
99478,IUH,quan-tri-dich-vu-du-lich-va-lu-hanh-gom-3-nganh-quan-tri-dich-vu-du-lich-va-lu-hanh-quan-tri-khach-san-quan-tri-nha-hang-va-dich-vu-an-uong,C01,Điểm thi THPT,2022,19.0,Nhóm ngành Quản trị dịch vụ du lịch và lữ hành gồm 3 ngành: Quản trị dịch vụ du lịch và lữ hành; Quản trị khách sạn; Quản trị nhà hàng và dịch vụ ăn uống
99479,IUH,quan-tri-dich-vu-du-lich-va-lu-hanh-gom-3-nganh-quan-tri-dich-vu-du-lich-va-lu-hanh-quan-tri-khach-san-quan-tri-nha-hang-va-dich-vu-an-uong,D01,Điểm thi THPT,2022,19.0,Nhóm ngành Quản trị dịch vụ du lịch và lữ hành gồm 3 ngành: Quản trị dịch vụ du lịch và lữ hành; Quản trị khách sạn; Quản trị nhà hàng và dịch vụ ăn uống
99480,IUH,quan-tri-dich-vu-du-lich-va-lu-hanh-gom-3-nganh-quan-tri-dich-vu-du-lich-va-lu-hanh-quan-tri-khach-san-quan-tri-nha-hang-va-dich-vu-an-uong,D96,Điểm thi THPT,2022,19.0,Nhóm ngành Quản trị dịch vụ du lịch và lữ hành gồm 3 ngành: Quản trị dịch vụ du lịch và lữ hành; Quản trị khách sạn; Quản trị nhà hàng và dịch vụ ăn uống
99481,IUH,quan-tri-kinh-doanh,A01,Điểm học bạ,2021,20.0,Quản trị kinh doanh
99482,IUH,quan-tri-kinh-doanh,C01,Điểm học bạ,2021,20.0,Quản trị kinh doanh
99483,IUH,quan-tri-kinh-doanh,D01,Điểm học bạ,2021,20.0,Quản trị kinh doanh
99484,IUH,quan-tri-kinh-doanh,D96,Điểm học bạ,2021,20.0,Quản trị kinh doanh
99485,IUH,quan-tri-kinh-doanh,A01,Điểm thi THPT,2021,23.75,Quản trị kinh doanh
99486,IUH,quan-tri-kinh-doanh,C01,Điểm thi THPT,2021,23.75,Quản trị kinh doanh
99487,IUH,quan-tri-kinh-doanh,D01,Điểm thi THPT,2021,23.75,Quản trị kinh doanh
99488,IUH,quan-tri-kinh-doanh,D96,Điểm thi THPT,2021,23.75,Quản trị kinh doanh
99489,IUH,quan-tri-kinh-doanh,A01,Điểm học bạ,2022,21.0,Quản trị kinh doanh
99490,IUH,quan-tri-kinh-doanh,C01,Điểm học bạ,2022,21.0,Quản trị kinh doanh
99491,IUH,quan-tri-kinh-doanh,D01,Điểm học bạ,2022,21.0,Quản trị kinh doanh
99492,IUH,quan-tri-kinh-doanh,D96,Điểm học bạ,2022,21.0,Quản trị kinh doanh
99493,IUH,quan-tri-kinh-doanh,A01,Điểm thi THPT,2022,20.0,Quản trị kinh doanh
99494,IUH,quan-tri-kinh-doanh,C01,Điểm thi THPT,2022,20.0,Quản trị kinh doanh
99495,IUH,quan-tri-kinh-doanh,D01,Điểm thi THPT,2022,20.0,Quản trị kinh doanh
99496,IUH,quan-tri-kinh-doanh,D96,Điểm thi THPT,2022,20.0,Quản trị kinh doanh
99497,IUH,quan-tri-kinh-doanh,A01,Điểm học bạ,2023,25.0,Quản trị kinh doanh
99498,IUH,quan-tri-kinh-doanh,C01,Điểm học bạ,2023,25.0,Quản trị kinh doanh
99499,IUH,quan-tri-kinh-doanh,D01,Điểm học bạ,2023,25.0,Quản trị kinh doanh
99500,IUH,quan-tri-kinh-doanh,D96,Điểm học bạ,2023,25.0,Quản trị kinh doanh
99501,IUH,quan-tri-kinh-doanh,A01,Điểm thi THPT,2023,21.25,Quản trị kinh doanh
99502,IUH,quan-tri-kinh-doanh,C01,Điểm thi THPT,2023,21.25,Quản trị kinh doanh
99503,IUH,quan-tri-kinh-doanh,D01,Điểm thi THPT,2023,21.25,Quản trị kinh doanh
99504,IUH,quan-tri-kinh-doanh,D96,Điểm thi THPT,2023,21.25,Quản trị kinh doanh
99505,IUH,quan-tri-kinh-doanh,A01,Điểm học bạ,2024,19.0,Quản trị kinh doanh
99506,IUH,quan-tri-kinh-doanh,C01,Điểm học bạ,2024,19.0,Quản trị kinh doanh
99507,IUH,quan-tri-kinh-doanh,D01,Điểm học bạ,2024,19.0,Quản trị kinh doanh
99508,IUH,quan-tri-kinh-doanh,D96,Điểm học bạ,2024,19.0,Quản trị kinh doanh
99509,IUH,quan-tri-kinh-doanh,C01,Điểm học bạ,2025,19.0,Quản trị kinh doanh (Đào tạo tại Quảng Ngãi)
99510,IUH,quan-tri-kinh-doanh,C03,Điểm học bạ,2025,19.0,Quản trị kinh doanh (Đào tạo tại Quảng Ngãi)
99511,IUH,quan-tri-kinh-doanh,C04,Điểm học bạ,2025,19.0,Quản trị kinh doanh (Đào tạo tại Quảng Ngãi)
99512,IUH,quan-tri-kinh-doanh,D01,Điểm học bạ,2025,19.0,Quản trị kinh doanh (Đào tạo tại Quảng Ngãi)
99513,IUH,quan-tri-kinh-doanh,X01,Điểm học bạ,2025,19.0,Quản trị kinh doanh (Đào tạo tại Quảng Ngãi)
99514,IUH,quan-tri-kinh-doanh,X02,Điểm học bạ,2025,19.0,Quản trị kinh doanh (Đào tạo tại Quảng Ngãi)
99515,IUH,quan-tri-kinh-doanh,C01,Điểm thi THPT,2025,16.0,Quản trị kinh doanh (Đào tạo tại Quảng Ngãi)
99516,IUH,quan-tri-kinh-doanh,C03,Điểm thi THPT,2025,16.0,Quản trị kinh doanh (Đào tạo tại Quảng Ngãi)
99517,IUH,quan-tri-kinh-doanh,C04,Điểm thi THPT,2025,16.0,Quản trị kinh doanh (Đào tạo tại Quảng Ngãi)
99518,IUH,quan-tri-kinh-doanh,D01,Điểm thi THPT,2025,16.0,Quản trị kinh doanh (Đào tạo tại Quảng Ngãi)
99519,IUH,quan-tri-kinh-doanh,X01,Điểm thi THPT,2025,16.0,Quản trị kinh doanh (Đào tạo tại Quảng Ngãi)
99520,IUH,quan-tri-kinh-doanh,X02,Điểm thi THPT,2025,16.0,Quản trị kinh doanh (Đào tạo tại Quảng Ngãi)
99521,IUH,quan-tri-kinh-doanh-gom-03-chuyen-nganh-quan-tri-kinh-doanh-quan-tri-nguon-luc-logistics-va-quan-ly-chuoi-cung-ung,A01,Điểm thi THPT,2021,25.5,Quản trị kinh doanh gồm 03 chuyên ngành: Quản trị kinh doanh; Quản trị nguồn lực; Logistics và Quản lý chuỗi cung ứng
99522,IUH,quan-tri-kinh-doanh-gom-03-chuyen-nganh-quan-tri-kinh-doanh-quan-tri-nguon-luc-logistics-va-quan-ly-chuoi-cung-ung,C01,Điểm thi THPT,2021,25.5,Quản trị kinh doanh gồm 03 chuyên ngành: Quản trị kinh doanh; Quản trị nguồn lực; Logistics và Quản lý chuỗi cung ứng
99523,IUH,quan-tri-kinh-doanh-gom-03-chuyen-nganh-quan-tri-kinh-doanh-quan-tri-nguon-luc-logistics-va-quan-ly-chuoi-cung-ung,D01,Điểm thi THPT,2021,25.5,Quản trị kinh doanh gồm 03 chuyên ngành: Quản trị kinh doanh; Quản trị nguồn lực; Logistics và Quản lý chuỗi cung ứng
99524,IUH,quan-tri-kinh-doanh-gom-03-chuyen-nganh-quan-tri-kinh-doanh-quan-tri-nguon-luc-logistics-va-quan-ly-chuoi-cung-ung,D96,Điểm thi THPT,2021,25.5,Quản trị kinh doanh gồm 03 chuyên ngành: Quản trị kinh doanh; Quản trị nguồn lực; Logistics và Quản lý chuỗi cung ứng
99525,IUH,quan-tri-kinh-doanh-gom-03-chuyen-nganh-quan-tri-kinh-doanh-quan-tri-nguon-nhan-luc-logistics-va-quan-ly-chuoi-cung-ung,A01,Điểm học bạ,2021,22.0,Quản trị kinh doanh gồm 03 chuyên ngành: Quản trị kinh doanh; Quản trị nguồn nhân lực; Logistics và Quản lý chuỗi cung ứng.
99526,IUH,quan-tri-kinh-doanh-gom-03-chuyen-nganh-quan-tri-kinh-doanh-quan-tri-nguon-nhan-luc-logistics-va-quan-ly-chuoi-cung-ung,C01,Điểm học bạ,2021,22.0,Quản trị kinh doanh gồm 03 chuyên ngành: Quản trị kinh doanh; Quản trị nguồn nhân lực; Logistics và Quản lý chuỗi cung ứng.
99527,IUH,quan-tri-kinh-doanh-gom-03-chuyen-nganh-quan-tri-kinh-doanh-quan-tri-nguon-nhan-luc-logistics-va-quan-ly-chuoi-cung-ung,D01,Điểm học bạ,2021,22.0,Quản trị kinh doanh gồm 03 chuyên ngành: Quản trị kinh doanh; Quản trị nguồn nhân lực; Logistics và Quản lý chuỗi cung ứng.
99528,IUH,quan-tri-kinh-doanh-gom-03-chuyen-nganh-quan-tri-kinh-doanh-quan-tri-nguon-nhan-luc-logistics-va-quan-ly-chuoi-cung-ung,D96,Điểm học bạ,2021,22.0,Quản trị kinh doanh gồm 03 chuyên ngành: Quản trị kinh doanh; Quản trị nguồn nhân lực; Logistics và Quản lý chuỗi cung ứng.
99529,IUH,quan-tri-kinh-doanh-gom-03-chuyen-nganh-quan-tri-kinh-doanh-quan-tri-nguon-nhan-luc-logistics-va-quan-ly-chuoi-cung-ung,A01,Điểm thi THPT,2021,23.75,Quản trị kinh doanh gồm 03 chuyên ngành: Quản trị kinh doanh; Quản trị nguồn nhân lực; Logistics và Quản lý chuỗi cung ứng.
99530,IUH,quan-tri-kinh-doanh-gom-03-chuyen-nganh-quan-tri-kinh-doanh-quan-tri-nguon-nhan-luc-logistics-va-quan-ly-chuoi-cung-ung,C01,Điểm thi THPT,2021,23.75,Quản trị kinh doanh gồm 03 chuyên ngành: Quản trị kinh doanh; Quản trị nguồn nhân lực; Logistics và Quản lý chuỗi cung ứng.
99531,IUH,quan-tri-kinh-doanh-gom-03-chuyen-nganh-quan-tri-kinh-doanh-quan-tri-nguon-nhan-luc-logistics-va-quan-ly-chuoi-cung-ung,D01,Điểm thi THPT,2021,23.75,Quản trị kinh doanh gồm 03 chuyên ngành: Quản trị kinh doanh; Quản trị nguồn nhân lực; Logistics và Quản lý chuỗi cung ứng.
99532,IUH,quan-tri-kinh-doanh-gom-03-chuyen-nganh-quan-tri-kinh-doanh-quan-tri-nguon-nhan-luc-logistics-va-quan-ly-chuoi-cung-ung,D96,Điểm thi THPT,2021,23.75,Quản trị kinh doanh gồm 03 chuyên ngành: Quản trị kinh doanh; Quản trị nguồn nhân lực; Logistics và Quản lý chuỗi cung ứng.
99533,IUH,quan-tri-kinh-doanh-gom-03-chuyen-nganh-quan-tri-kinh-doanh-quan-tri-nguon-nhan-luc-logistics-va-quan-ly-chuoi-cung-ung,A01,Điểm thi THPT,2023,21.25,"Quản trị kinh doanh gồm 03 chuyên ngành: Quản trị kinh doanh; Quản trị nguồn nhân lực; Logistics và Quản lý chuỗi cung ứng,"
99534,IUH,quan-tri-kinh-doanh-gom-03-chuyen-nganh-quan-tri-kinh-doanh-quan-tri-nguon-nhan-luc-logistics-va-quan-ly-chuoi-cung-ung,C01,Điểm thi THPT,2023,21.25,"Quản trị kinh doanh gồm 03 chuyên ngành: Quản trị kinh doanh; Quản trị nguồn nhân lực; Logistics và Quản lý chuỗi cung ứng,"
99535,IUH,quan-tri-kinh-doanh-gom-03-chuyen-nganh-quan-tri-kinh-doanh-quan-tri-nguon-nhan-luc-logistics-va-quan-ly-chuoi-cung-ung,D01,Điểm thi THPT,2023,21.25,"Quản trị kinh doanh gồm 03 chuyên ngành: Quản trị kinh doanh; Quản trị nguồn nhân lực; Logistics và Quản lý chuỗi cung ứng,"
99536,IUH,quan-tri-kinh-doanh-gom-03-chuyen-nganh-quan-tri-kinh-doanh-quan-tri-nguon-nhan-luc-logistics-va-quan-ly-chuoi-cung-ung,D96,Điểm thi THPT,2023,21.25,"Quản trị kinh doanh gồm 03 chuyên ngành: Quản trị kinh doanh; Quản trị nguồn nhân lực; Logistics và Quản lý chuỗi cung ứng,"
99537,IUH,quan-tri-kinh-doanh-gom-03-chuyen-nganh-quan-tri-kinh-doanh-quan-tri-nguon-nhan-luc-logistics-va-quan-ly-chuoi-cung-ung,A01,Điểm học bạ,2024,25.0,Quản trị kinh doanh gồm 03 chuyên ngành: Quản trị kinh doanh; Quản trị nguồn nhân lực; Logistics và Quản lý chuỗi cung ứng
99538,IUH,quan-tri-kinh-doanh-gom-03-chuyen-nganh-quan-tri-kinh-doanh-quan-tri-nguon-nhan-luc-logistics-va-quan-ly-chuoi-cung-ung,C01,Điểm học bạ,2024,25.0,Quản trị kinh doanh gồm 03 chuyên ngành: Quản trị kinh doanh; Quản trị nguồn nhân lực; Logistics và Quản lý chuỗi cung ứng
99539,IUH,quan-tri-kinh-doanh-gom-03-chuyen-nganh-quan-tri-kinh-doanh-quan-tri-nguon-nhan-luc-logistics-va-quan-ly-chuoi-cung-ung,D01,Điểm học bạ,2024,25.0,Quản trị kinh doanh gồm 03 chuyên ngành: Quản trị kinh doanh; Quản trị nguồn nhân lực; Logistics và Quản lý chuỗi cung ứng
99540,IUH,quan-tri-kinh-doanh-gom-03-chuyen-nganh-quan-tri-kinh-doanh-quan-tri-nguon-nhan-luc-logistics-va-quan-ly-chuoi-cung-ung,D96,Điểm học bạ,2024,25.0,Quản trị kinh doanh gồm 03 chuyên ngành: Quản trị kinh doanh; Quản trị nguồn nhân lực; Logistics và Quản lý chuỗi cung ứng
99541,IUH,quan-tri-kinh-doanh-gom-03-chuyen-nganh-quan-tri-kinh-doanh-quan-tri-nguon-nhan-luc-logistics-va-quan-ly-chuoi-cung-ung,A01,Điểm thi THPT,2024,22.0,Quản trị kinh doanh gồm 03 chuyên ngành: Quản trị kinh doanh; Quản trị nguồn nhân lực; Logistics và Quản lý chuỗi cung ứng
99542,IUH,quan-tri-kinh-doanh-gom-03-chuyen-nganh-quan-tri-kinh-doanh-quan-tri-nguon-nhan-luc-logistics-va-quan-ly-chuoi-cung-ung,C01,Điểm thi THPT,2024,22.0,Quản trị kinh doanh gồm 03 chuyên ngành: Quản trị kinh doanh; Quản trị nguồn nhân lực; Logistics và Quản lý chuỗi cung ứng
99543,IUH,quan-tri-kinh-doanh-gom-03-chuyen-nganh-quan-tri-kinh-doanh-quan-tri-nguon-nhan-luc-logistics-va-quan-ly-chuoi-cung-ung,D01,Điểm thi THPT,2024,22.0,Quản trị kinh doanh gồm 03 chuyên ngành: Quản trị kinh doanh; Quản trị nguồn nhân lực; Logistics và Quản lý chuỗi cung ứng
99544,IUH,quan-tri-kinh-doanh-gom-03-chuyen-nganh-quan-tri-kinh-doanh-quan-tri-nguon-nhan-luc-logistics-va-quan-ly-chuoi-cung-ung,D96,Điểm thi THPT,2024,22.0,Quản trị kinh doanh gồm 03 chuyên ngành: Quản trị kinh doanh; Quản trị nguồn nhân lực; Logistics và Quản lý chuỗi cung ứng
99545,IUH,quan-tri-kinh-doanh-gom-03-chuyen-nganh-quan-tri-kinh-doanh-quan-tri-nguon-nhan-luc-logistics-va-quan-ly-chuoi-cung-ung,C01,Điểm học bạ,2025,27.25,Quản trị kinh doanh gồm 03 chuyên ngành: Quản trị kinh doanh; Quản trị nguồn nhân lực; Logistics và Quản lý chuỗi cung ứng
99546,IUH,quan-tri-kinh-doanh-gom-03-chuyen-nganh-quan-tri-kinh-doanh-quan-tri-nguon-nhan-luc-logistics-va-quan-ly-chuoi-cung-ung,C03,Điểm học bạ,2025,27.25,Quản trị kinh doanh gồm 03 chuyên ngành: Quản trị kinh doanh; Quản trị nguồn nhân lực; Logistics và Quản lý chuỗi cung ứng
99547,IUH,quan-tri-kinh-doanh-gom-03-chuyen-nganh-quan-tri-kinh-doanh-quan-tri-nguon-nhan-luc-logistics-va-quan-ly-chuoi-cung-ung,C04,Điểm học bạ,2025,27.25,Quản trị kinh doanh gồm 03 chuyên ngành: Quản trị kinh doanh; Quản trị nguồn nhân lực; Logistics và Quản lý chuỗi cung ứng
99548,IUH,quan-tri-kinh-doanh-gom-03-chuyen-nganh-quan-tri-kinh-doanh-quan-tri-nguon-nhan-luc-logistics-va-quan-ly-chuoi-cung-ung,D01,Điểm học bạ,2025,27.25,Quản trị kinh doanh gồm 03 chuyên ngành: Quản trị kinh doanh; Quản trị nguồn nhân lực; Logistics và Quản lý chuỗi cung ứng
99549,IUH,quan-tri-kinh-doanh-gom-03-chuyen-nganh-quan-tri-kinh-doanh-quan-tri-nguon-nhan-luc-logistics-va-quan-ly-chuoi-cung-ung,X01,Điểm học bạ,2025,27.25,Quản trị kinh doanh gồm 03 chuyên ngành: Quản trị kinh doanh; Quản trị nguồn nhân lực; Logistics và Quản lý chuỗi cung ứng
99550,IUH,quan-tri-kinh-doanh-gom-03-chuyen-nganh-quan-tri-kinh-doanh-quan-tri-nguon-nhan-luc-logistics-va-quan-ly-chuoi-cung-ung,X02,Điểm học bạ,2025,27.25,Quản trị kinh doanh gồm 03 chuyên ngành: Quản trị kinh doanh; Quản trị nguồn nhân lực; Logistics và Quản lý chuỗi cung ứng
99551,IUH,quan-tri-kinh-doanh-gom-03-chuyen-nganh-quan-tri-kinh-doanh-quan-tri-nguon-nhan-luc-logistics-va-quan-ly-chuoi-cung-ung,C01,Điểm thi THPT,2025,24.0,Quản trị kinh doanh gồm 03 chuyên ngành: Quản trị kinh doanh; Quản trị nguồn nhân lực; Logistics và Quản lý chuỗi cung ứng
99552,IUH,quan-tri-kinh-doanh-gom-03-chuyen-nganh-quan-tri-kinh-doanh-quan-tri-nguon-nhan-luc-logistics-va-quan-ly-chuoi-cung-ung,C03,Điểm thi THPT,2025,24.0,Quản trị kinh doanh gồm 03 chuyên ngành: Quản trị kinh doanh; Quản trị nguồn nhân lực; Logistics và Quản lý chuỗi cung ứng
99553,IUH,quan-tri-kinh-doanh-gom-03-chuyen-nganh-quan-tri-kinh-doanh-quan-tri-nguon-nhan-luc-logistics-va-quan-ly-chuoi-cung-ung,C04,Điểm thi THPT,2025,24.0,Quản trị kinh doanh gồm 03 chuyên ngành: Quản trị kinh doanh; Quản trị nguồn nhân lực; Logistics và Quản lý chuỗi cung ứng
99554,IUH,quan-tri-kinh-doanh-gom-03-chuyen-nganh-quan-tri-kinh-doanh-quan-tri-nguon-nhan-luc-logistics-va-quan-ly-chuoi-cung-ung,D01,Điểm thi THPT,2025,24.0,Quản trị kinh doanh gồm 03 chuyên ngành: Quản trị kinh doanh; Quản trị nguồn nhân lực; Logistics và Quản lý chuỗi cung ứng
99555,IUH,quan-tri-kinh-doanh-gom-03-chuyen-nganh-quan-tri-kinh-doanh-quan-tri-nguon-nhan-luc-logistics-va-quan-ly-chuoi-cung-ung,X01,Điểm thi THPT,2025,24.0,Quản trị kinh doanh gồm 03 chuyên ngành: Quản trị kinh doanh; Quản trị nguồn nhân lực; Logistics và Quản lý chuỗi cung ứng
99556,IUH,quan-tri-kinh-doanh-gom-03-chuyen-nganh-quan-tri-kinh-doanh-quan-tri-nguon-nhan-luc-logistics-va-quan-ly-chuoi-cung-ung,X02,Điểm thi THPT,2025,24.0,Quản trị kinh doanh gồm 03 chuyên ngành: Quản trị kinh doanh; Quản trị nguồn nhân lực; Logistics và Quản lý chuỗi cung ứng
99557,IUH,quan-tri-kinh-doanh-gom-3-chuyen-nganh-quan-tri-kinh-doanh-quan-tri-nguon-nhan-luc-logistics-va-quan-ly-chuoi-cung-ung,A01,Điểm thi THPT,2022,23.0,Quản trị kinh doanh gồm 3 chuyên ngành: Quản trị kinh doanh; Quản trị nguồn nhân lực; Logistics và Quản lý chuỗi cung ứng
99558,IUH,quan-tri-kinh-doanh-gom-3-chuyen-nganh-quan-tri-kinh-doanh-quan-tri-nguon-nhan-luc-logistics-va-quan-ly-chuoi-cung-ung,C01,Điểm thi THPT,2022,23.0,Quản trị kinh doanh gồm 3 chuyên ngành: Quản trị kinh doanh; Quản trị nguồn nhân lực; Logistics và Quản lý chuỗi cung ứng
99559,IUH,quan-tri-kinh-doanh-gom-3-chuyen-nganh-quan-tri-kinh-doanh-quan-tri-nguon-nhan-luc-logistics-va-quan-ly-chuoi-cung-ung,D01,Điểm thi THPT,2022,23.0,Quản trị kinh doanh gồm 3 chuyên ngành: Quản trị kinh doanh; Quản trị nguồn nhân lực; Logistics và Quản lý chuỗi cung ứng
99560,IUH,quan-tri-kinh-doanh-gom-3-chuyen-nganh-quan-tri-kinh-doanh-quan-tri-nguon-nhan-luc-logistics-va-quan-ly-chuoi-cung-ung,D96,Điểm thi THPT,2022,23.0,Quản trị kinh doanh gồm 3 chuyên ngành: Quản trị kinh doanh; Quản trị nguồn nhân lực; Logistics và Quản lý chuỗi cung ứng
99561,IUH,tai-chinh-ngan-hang,A00,Điểm học bạ,2021,20.0,Tài chính ngân hàng
99562,IUH,tai-chinh-ngan-hang,A01,Điểm học bạ,2021,20.0,Tài chính ngân hàng
99563,IUH,tai-chinh-ngan-hang,D01,Điểm học bạ,2021,20.0,Tài chính ngân hàng
99564,IUH,tai-chinh-ngan-hang,D90,Điểm học bạ,2021,20.0,Tài chính ngân hàng
99565,IUH,tai-chinh-ngan-hang,A00,Điểm thi THPT,2021,23.5,Tài chính ngân hàng
99566,IUH,tai-chinh-ngan-hang,A01,Điểm thi THPT,2021,23.5,Tài chính ngân hàng
99567,IUH,tai-chinh-ngan-hang,D01,Điểm thi THPT,2021,23.5,Tài chính ngân hàng
99568,IUH,tai-chinh-ngan-hang,D90,Điểm thi THPT,2021,23.5,Tài chính ngân hàng
99569,IUH,tai-chinh-ngan-hang,A00,Điểm học bạ,2022,21.0,Tài chính ngân hàng
99570,IUH,tai-chinh-ngan-hang,A01,Điểm học bạ,2022,21.0,Tài chính ngân hàng
99571,IUH,tai-chinh-ngan-hang,D01,Điểm học bạ,2022,21.0,Tài chính ngân hàng
99572,IUH,tai-chinh-ngan-hang,D90,Điểm học bạ,2022,21.0,Tài chính ngân hàng
99573,IUH,tai-chinh-ngan-hang,A00,Điểm thi THPT,2022,21.0,Tài chính ngân hàng
99574,IUH,tai-chinh-ngan-hang,A01,Điểm thi THPT,2022,21.0,Tài chính ngân hàng
99575,IUH,tai-chinh-ngan-hang,D01,Điểm thi THPT,2022,21.0,Tài chính ngân hàng
99576,IUH,tai-chinh-ngan-hang,D90,Điểm thi THPT,2022,21.0,Tài chính ngân hàng
99577,IUH,tai-chinh-ngan-hang,A00,Điểm học bạ,2023,25.0,Tài chính ngân hàng
99578,IUH,tai-chinh-ngan-hang,A01,Điểm học bạ,2023,25.0,Tài chính ngân hàng
99579,IUH,tai-chinh-ngan-hang,D01,Điểm học bạ,2023,25.0,Tài chính ngân hàng
99580,IUH,tai-chinh-ngan-hang,D96,Điểm học bạ,2023,25.0,Tài chính ngân hàng
99581,IUH,tai-chinh-ngan-hang,A00,Điểm thi THPT,2023,21.5,Tài chính ngân hàng
99582,IUH,tai-chinh-ngan-hang,A01,Điểm thi THPT,2023,21.5,Tài chính ngân hàng
99583,IUH,tai-chinh-ngan-hang,D01,Điểm thi THPT,2023,21.5,Tài chính ngân hàng
99584,IUH,tai-chinh-ngan-hang,D96,Điểm thi THPT,2023,21.5,Tài chính ngân hàng
99585,IUH,tai-chinh-ngan-hang,C01,Điểm học bạ,2025,24.0,Tài chính ngân hàng (CT tăng cường TA)
99586,IUH,tai-chinh-ngan-hang,C03,Điểm học bạ,2025,24.0,Tài chính ngân hàng (CT tăng cường TA)
99587,IUH,tai-chinh-ngan-hang,C04,Điểm học bạ,2025,24.0,Tài chính ngân hàng (CT tăng cường TA)
99588,IUH,tai-chinh-ngan-hang,D01,Điểm học bạ,2025,24.0,Tài chính ngân hàng (CT tăng cường TA)
99589,IUH,tai-chinh-ngan-hang,X01,Điểm học bạ,2025,24.0,Tài chính ngân hàng (CT tăng cường TA)
99590,IUH,tai-chinh-ngan-hang,X02,Điểm học bạ,2025,24.0,Tài chính ngân hàng (CT tăng cường TA)
99591,IUH,tai-chinh-ngan-hang,C01,Điểm thi THPT,2025,20.0,Tài chính ngân hàng (CT tăng cường TA)
99592,IUH,tai-chinh-ngan-hang,C03,Điểm thi THPT,2025,20.0,Tài chính ngân hàng (CT tăng cường TA)
99593,IUH,tai-chinh-ngan-hang,C04,Điểm thi THPT,2025,20.0,Tài chính ngân hàng (CT tăng cường TA)
99594,IUH,tai-chinh-ngan-hang,D01,Điểm thi THPT,2025,20.0,Tài chính ngân hàng (CT tăng cường TA)
99595,IUH,tai-chinh-ngan-hang,X01,Điểm thi THPT,2025,20.0,Tài chính ngân hàng (CT tăng cường TA)
99596,IUH,tai-chinh-ngan-hang,X02,Điểm thi THPT,2025,20.0,Tài chính ngân hàng (CT tăng cường TA)
99597,IUH,tai-chinh-ngan-hang-gom-02-chuyen-nganh-ngan-hang-tai-chinh,A00,Điểm học bạ,2024,25.0,Tài chính ngân hàng gồm 02 chuyên ngành: Ngân hàng; Tài chính
99598,IUH,tai-chinh-ngan-hang-gom-02-chuyen-nganh-ngan-hang-tai-chinh,A01,Điểm học bạ,2024,25.0,Tài chính ngân hàng gồm 02 chuyên ngành: Ngân hàng; Tài chính
99599,IUH,tai-chinh-ngan-hang-gom-02-chuyen-nganh-ngan-hang-tai-chinh,D01,Điểm học bạ,2024,25.0,Tài chính ngân hàng gồm 02 chuyên ngành: Ngân hàng; Tài chính
99600,IUH,tai-chinh-ngan-hang-gom-02-chuyen-nganh-ngan-hang-tai-chinh,D96,Điểm học bạ,2024,25.0,Tài chính ngân hàng gồm 02 chuyên ngành: Ngân hàng; Tài chính
99601,IUH,tai-chinh-ngan-hang-gom-02-chuyen-nganh-ngan-hang-tai-chinh,A00,Điểm thi THPT,2024,21.5,Tài chính ngân hàng gồm 02 chuyên ngành: Ngân hàng; Tài chính
99602,IUH,tai-chinh-ngan-hang-gom-02-chuyen-nganh-ngan-hang-tai-chinh,A01,Điểm thi THPT,2024,21.5,Tài chính ngân hàng gồm 02 chuyên ngành: Ngân hàng; Tài chính
99603,IUH,tai-chinh-ngan-hang-gom-02-chuyen-nganh-ngan-hang-tai-chinh,D01,Điểm thi THPT,2024,21.5,Tài chính ngân hàng gồm 02 chuyên ngành: Ngân hàng; Tài chính
99604,IUH,tai-chinh-ngan-hang-gom-02-chuyen-nganh-ngan-hang-tai-chinh,D96,Điểm thi THPT,2024,21.5,Tài chính ngân hàng gồm 02 chuyên ngành: Ngân hàng; Tài chính
99605,IUH,tai-chinh-ngan-hang-gom-02-chuyen-nganh-tai-chinh-ngan-hang-tai-chinh-doanh-nghiep,A00,Điểm học bạ,2021,22.0,Tài chính ngân hàng gồm 02 chuyên ngành: Tài chính ngân hàng; Tài chính doanh nghiệp
99606,IUH,tai-chinh-ngan-hang-gom-02-chuyen-nganh-tai-chinh-ngan-hang-tai-chinh-doanh-nghiep,A01,Điểm học bạ,2021,22.0,Tài chính ngân hàng gồm 02 chuyên ngành: Tài chính ngân hàng; Tài chính doanh nghiệp
99607,IUH,tai-chinh-ngan-hang-gom-02-chuyen-nganh-tai-chinh-ngan-hang-tai-chinh-doanh-nghiep,D01,Điểm học bạ,2021,22.0,Tài chính ngân hàng gồm 02 chuyên ngành: Tài chính ngân hàng; Tài chính doanh nghiệp
99608,IUH,tai-chinh-ngan-hang-gom-02-chuyen-nganh-tai-chinh-ngan-hang-tai-chinh-doanh-nghiep,D90,Điểm học bạ,2021,22.0,Tài chính ngân hàng gồm 02 chuyên ngành: Tài chính ngân hàng; Tài chính doanh nghiệp
99609,IUH,tai-chinh-ngan-hang-gom-02-chuyen-nganh-tai-chinh-ngan-hang-tai-chinh-doanh-nghiep,A00,Điểm thi THPT,2021,25.5,"Tài chính ngân hàng gồm 02 chuyên ngành: Tài chính ngân hàng, Tài chính doanh nghiệp"
99610,IUH,tai-chinh-ngan-hang-gom-02-chuyen-nganh-tai-chinh-ngan-hang-tai-chinh-doanh-nghiep,A01,Điểm thi THPT,2021,25.5,"Tài chính ngân hàng gồm 02 chuyên ngành: Tài chính ngân hàng, Tài chính doanh nghiệp"
99611,IUH,tai-chinh-ngan-hang-gom-02-chuyen-nganh-tai-chinh-ngan-hang-tai-chinh-doanh-nghiep,D01,Điểm thi THPT,2021,25.5,"Tài chính ngân hàng gồm 02 chuyên ngành: Tài chính ngân hàng, Tài chính doanh nghiệp"
99612,IUH,tai-chinh-ngan-hang-gom-02-chuyen-nganh-tai-chinh-ngan-hang-tai-chinh-doanh-nghiep,D90,Điểm thi THPT,2021,25.5,"Tài chính ngân hàng gồm 02 chuyên ngành: Tài chính ngân hàng, Tài chính doanh nghiệp"
99613,IUH,tai-chinh-ngan-hang-gom-02-chuyen-nganh-tai-chinh-ngan-hang-tai-chinh-doanh-nghiep,A00,Điểm thi THPT,2023,23.75,"Tài chính ngân hàng gồm 02 chuyên ngành: Tài chính ngân hàng; Tài chính doanh nghiệp,"
99614,IUH,tai-chinh-ngan-hang-gom-02-chuyen-nganh-tai-chinh-ngan-hang-tai-chinh-doanh-nghiep,A01,Điểm thi THPT,2023,23.75,"Tài chính ngân hàng gồm 02 chuyên ngành: Tài chính ngân hàng; Tài chính doanh nghiệp,"
99615,IUH,tai-chinh-ngan-hang-gom-02-chuyen-nganh-tai-chinh-ngan-hang-tai-chinh-doanh-nghiep,D01,Điểm thi THPT,2023,23.75,"Tài chính ngân hàng gồm 02 chuyên ngành: Tài chính ngân hàng; Tài chính doanh nghiệp,"
99616,IUH,tai-chinh-ngan-hang-gom-02-chuyen-nganh-tai-chinh-ngan-hang-tai-chinh-doanh-nghiep,D96,Điểm thi THPT,2023,23.75,"Tài chính ngân hàng gồm 02 chuyên ngành: Tài chính ngân hàng; Tài chính doanh nghiệp,"
99617,IUH,tai-chinh-ngan-hang-gom-2-chuyen-nganh-tai-chinh-ngan-hang-tai-chinh-doanh-nghiep,A00,Điểm thi THPT,2022,23.0,Tài chính ngân hàng gồm 2 chuyên ngành: Tài chính ngân hàng; Tài chính doanh nghiệp
99618,IUH,tai-chinh-ngan-hang-gom-2-chuyen-nganh-tai-chinh-ngan-hang-tai-chinh-doanh-nghiep,A01,Điểm thi THPT,2022,23.0,Tài chính ngân hàng gồm 2 chuyên ngành: Tài chính ngân hàng; Tài chính doanh nghiệp
99619,IUH,tai-chinh-ngan-hang-gom-2-chuyen-nganh-tai-chinh-ngan-hang-tai-chinh-doanh-nghiep,D01,Điểm thi THPT,2022,23.0,Tài chính ngân hàng gồm 2 chuyên ngành: Tài chính ngân hàng; Tài chính doanh nghiệp
99620,IUH,tai-chinh-ngan-hang-gom-2-chuyen-nganh-tai-chinh-ngan-hang-tai-chinh-doanh-nghiep,D90,Điểm thi THPT,2022,23.0,Tài chính ngân hàng gồm 2 chuyên ngành: Tài chính ngân hàng; Tài chính doanh nghiệp
99621,IUH,thiet-ke-thoi-trang,A00,Điểm học bạ,2021,23.0,Thiết kế thời trang
99622,IUH,thiet-ke-thoi-trang,A01,Điểm học bạ,2021,23.0,Thiết kế thời trang
99623,IUH,thiet-ke-thoi-trang,D01,Điểm học bạ,2021,23.0,Thiết kế thời trang
99624,IUH,thiet-ke-thoi-trang,D90,Điểm học bạ,2021,23.0,Thiết kế thời trang
99625,IUH,thiet-ke-thoi-trang,A00,Điểm thi THPT,2021,22.5,Thiết kế thời trang
99626,IUH,thiet-ke-thoi-trang,C01,Điểm thi THPT,2021,22.5,Thiết kế thời trang
99627,IUH,thiet-ke-thoi-trang,D01,Điểm thi THPT,2021,22.5,Thiết kế thời trang
99628,IUH,thiet-ke-thoi-trang,D90,Điểm thi THPT,2021,22.5,Thiết kế thời trang
99629,IUH,thiet-ke-thoi-trang,A00,Điểm học bạ,2022,25.5,Thiết kế thời trang
99630,IUH,thiet-ke-thoi-trang,C01,Điểm học bạ,2022,25.5,Thiết kế thời trang
99631,IUH,thiet-ke-thoi-trang,D01,Điểm học bạ,2022,25.5,Thiết kế thời trang
99632,IUH,thiet-ke-thoi-trang,D90,Điểm học bạ,2022,25.5,Thiết kế thời trang
99633,IUH,thiet-ke-thoi-trang,A00,Điểm thi THPT,2022,21.25,Thiết kế thời trang
99634,IUH,thiet-ke-thoi-trang,A01,Điểm thi THPT,2022,21.25,Thiết kế thời trang
99635,IUH,thiet-ke-thoi-trang,C01,Điểm thi THPT,2022,21.25,Thiết kế thời trang
99636,IUH,thiet-ke-thoi-trang,D90,Điểm thi THPT,2022,21.25,Thiết kế thời trang
99637,IUH,thiet-ke-thoi-trang,A00,Điểm học bạ,2023,24.5,Thiết kế thời trang
99638,IUH,thiet-ke-thoi-trang,A01,Điểm học bạ,2023,24.5,Thiết kế thời trang
99639,IUH,thiet-ke-thoi-trang,C01,Điểm học bạ,2023,24.5,Thiết kế thời trang
99640,IUH,thiet-ke-thoi-trang,D90,Điểm học bạ,2023,24.5,Thiết kế thời trang
99641,IUH,thiet-ke-thoi-trang,A00,Điểm thi THPT,2023,22.75,Thiết kế thời trang
99642,IUH,thiet-ke-thoi-trang,C01,Điểm thi THPT,2023,22.75,Thiết kế thời trang
99643,IUH,thiet-ke-thoi-trang,D01,Điểm thi THPT,2023,22.75,Thiết kế thời trang
99644,IUH,thiet-ke-thoi-trang,D90,Điểm thi THPT,2023,22.75,Thiết kế thời trang
99645,IUH,thiet-ke-thoi-trang,A00,Điểm học bạ,2024,25.5,Thiết kế thời trang
99646,IUH,thiet-ke-thoi-trang,C01,Điểm học bạ,2024,25.5,Thiết kế thời trang
99647,IUH,thiet-ke-thoi-trang,D01,Điểm học bạ,2024,25.5,Thiết kế thời trang
99648,IUH,thiet-ke-thoi-trang,D90,Điểm học bạ,2024,25.5,Thiết kế thời trang
99649,IUH,thiet-ke-thoi-trang,A00,Điểm thi THPT,2024,21.25,Thiết kế thời trang
99650,IUH,thiet-ke-thoi-trang,A01,Điểm thi THPT,2024,21.25,Thiết kế thời trang
99651,IUH,thiet-ke-thoi-trang,C01,Điểm thi THPT,2024,21.25,Thiết kế thời trang
99652,IUH,thiet-ke-thoi-trang,D90,Điểm thi THPT,2024,21.25,Thiết kế thời trang
99653,IUH,thiet-ke-thoi-trang,C01,Điểm học bạ,2025,25.75,Thiết kế thời trang
99654,IUH,thiet-ke-thoi-trang,C02,Điểm học bạ,2025,25.75,Thiết kế thời trang
99655,IUH,thiet-ke-thoi-trang,D01,Điểm học bạ,2025,25.75,Thiết kế thời trang
99656,IUH,thiet-ke-thoi-trang,X02,Điểm học bạ,2025,25.75,Thiết kế thời trang
99657,IUH,thiet-ke-thoi-trang,X03,Điểm học bạ,2025,25.75,Thiết kế thời trang
99658,IUH,thiet-ke-thoi-trang,C01,Điểm thi THPT,2025,22.0,Thiết kế thời trang
99659,IUH,thiet-ke-thoi-trang,C02,Điểm thi THPT,2025,22.0,Thiết kế thời trang
99660,IUH,thiet-ke-thoi-trang,D01,Điểm thi THPT,2025,22.0,Thiết kế thời trang
99661,IUH,thiet-ke-thoi-trang,X02,Điểm thi THPT,2025,22.0,Thiết kế thời trang
99662,IUH,thiet-ke-thoi-trang,X03,Điểm thi THPT,2025,22.0,Thiết kế thời trang
99663,IUH,thuong-mai-dien-tu,A01,Điểm học bạ,2021,24.0,Thương mại điện tử
99664,IUH,thuong-mai-dien-tu,C01,Điểm học bạ,2021,24.0,Thương mại điện tử
99665,IUH,thuong-mai-dien-tu,D01,Điểm học bạ,2021,24.0,Thương mại điện tử
99666,IUH,thuong-mai-dien-tu,D90,Điểm học bạ,2021,24.0,Thương mại điện tử
99667,IUH,thuong-mai-dien-tu,A01,Điểm thi THPT,2021,25.0,Thương mại điện tử
99668,IUH,thuong-mai-dien-tu,C01,Điểm thi THPT,2021,25.0,Thương mại điện tử
99669,IUH,thuong-mai-dien-tu,D01,Điểm thi THPT,2021,25.0,Thương mại điện tử
99670,IUH,thuong-mai-dien-tu,D90,Điểm thi THPT,2021,25.0,Thương mại điện tử
99671,IUH,thuong-mai-dien-tu,A01,Điểm học bạ,2022,27.25,Thương mại điện tử
99672,IUH,thuong-mai-dien-tu,C01,Điểm học bạ,2022,27.25,Thương mại điện tử
99673,IUH,thuong-mai-dien-tu,D01,Điểm học bạ,2022,27.25,Thương mại điện tử
99674,IUH,thuong-mai-dien-tu,D90,Điểm học bạ,2022,27.25,Thương mại điện tử
99675,IUH,thuong-mai-dien-tu,A00,Điểm thi THPT,2022,25.5,Thương mại điện tử
99676,IUH,thuong-mai-dien-tu,A01,Điểm thi THPT,2022,25.5,Thương mại điện tử
99677,IUH,thuong-mai-dien-tu,C01,Điểm thi THPT,2022,25.5,Thương mại điện tử
99678,IUH,thuong-mai-dien-tu,D90,Điểm thi THPT,2022,25.5,Thương mại điện tử
99679,IUH,thuong-mai-dien-tu,A01,Điểm học bạ,2023,27.0,Thương mại điện tử
99680,IUH,thuong-mai-dien-tu,C01,Điểm học bạ,2023,27.0,Thương mại điện tử
99681,IUH,thuong-mai-dien-tu,D01,Điểm học bạ,2023,27.0,Thương mại điện tử
99682,IUH,thuong-mai-dien-tu,D90,Điểm học bạ,2023,27.0,Thương mại điện tử
99683,IUH,thuong-mai-dien-tu,A01,Điểm thi THPT,2023,24.75,Thương mại điện tử
99684,IUH,thuong-mai-dien-tu,C01,Điểm thi THPT,2023,24.75,Thương mại điện tử
99685,IUH,thuong-mai-dien-tu,D01,Điểm thi THPT,2023,24.75,Thương mại điện tử
99686,IUH,thuong-mai-dien-tu,D90,Điểm thi THPT,2023,24.75,Thương mại điện tử
99687,IUH,thuong-mai-dien-tu,A01,Điểm học bạ,2024,25.5,Thương mại điện tử
99688,IUH,thuong-mai-dien-tu,C01,Điểm học bạ,2024,25.5,Thương mại điện tử
99689,IUH,thuong-mai-dien-tu,D01,Điểm học bạ,2024,25.5,Thương mại điện tử
99690,IUH,thuong-mai-dien-tu,D90,Điểm học bạ,2024,25.5,Thương mại điện tử
99691,IUH,thuong-mai-dien-tu,A01,Điểm thi THPT,2024,24.5,Thương mại điện tử
99692,IUH,thuong-mai-dien-tu,C01,Điểm thi THPT,2024,24.5,Thương mại điện tử
99693,IUH,thuong-mai-dien-tu,D01,Điểm thi THPT,2024,24.5,Thương mại điện tử
99694,IUH,thuong-mai-dien-tu,D90,Điểm thi THPT,2024,24.5,Thương mại điện tử
99695,IUH,thuong-mai-dien-tu,D96,Điểm thi THPT,2024,21.5,Thương mại điện tử
99696,IUH,thuong-mai-dien-tu,A01,Điểm học bạ,2025,28.41,Thương mại điện tử
99697,IUH,thuong-mai-dien-tu,D01,Điểm học bạ,2025,28.41,Thương mại điện tử
99698,IUH,thuong-mai-dien-tu,D09,Điểm học bạ,2025,28.41,Thương mại điện tử
99699,IUH,thuong-mai-dien-tu,D10,Điểm học bạ,2025,28.41,Thương mại điện tử
99700,IUH,thuong-mai-dien-tu,X25,Điểm học bạ,2025,28.41,Thương mại điện tử
99701,IUH,thuong-mai-dien-tu,X26,Điểm học bạ,2025,28.41,Thương mại điện tử
99702,IUH,thuong-mai-dien-tu,A01,Điểm thi THPT,2025,26.0,Thương mại điện tử
99703,IUH,thuong-mai-dien-tu,D01,Điểm thi THPT,2025,26.0,Thương mại điện tử
99704,IUH,thuong-mai-dien-tu,D09,Điểm thi THPT,2025,26.0,Thương mại điện tử
99705,IUH,thuong-mai-dien-tu,D10,Điểm thi THPT,2025,26.0,Thương mại điện tử
99706,IUH,thuong-mai-dien-tu,X25,Điểm thi THPT,2025,26.0,Thương mại điện tử
99707,IUH,thuong-mai-dien-tu,X26,Điểm thi THPT,2025,26.0,Thương mại điện tử
99708,IUH,tu-dong-hoa-gom-02-chuyen-nganh-cong-nghe-ky-thuat-dieu-khien-va-tu-dong-hoa-robot-va-he-thong-dieu-khien-thong-minh,A00,Điểm học bạ,2024,25.0,Tự động hóa gồm 02 chuyên ngành: Công nghệ kỹ thuật điều khiển và tự động hóa; Robot và hệ thống điều khiển thông minh
99709,IUH,tu-dong-hoa-gom-02-chuyen-nganh-cong-nghe-ky-thuat-dieu-khien-va-tu-dong-hoa-robot-va-he-thong-dieu-khien-thong-minh,A01,Điểm học bạ,2024,25.0,Tự động hóa gồm 02 chuyên ngành: Công nghệ kỹ thuật điều khiển và tự động hóa; Robot và hệ thống điều khiển thông minh
99710,IUH,tu-dong-hoa-gom-02-chuyen-nganh-cong-nghe-ky-thuat-dieu-khien-va-tu-dong-hoa-robot-va-he-thong-dieu-khien-thong-minh,C01,Điểm học bạ,2024,25.0,Tự động hóa gồm 02 chuyên ngành: Công nghệ kỹ thuật điều khiển và tự động hóa; Robot và hệ thống điều khiển thông minh
99711,IUH,tu-dong-hoa-gom-02-chuyen-nganh-cong-nghe-ky-thuat-dieu-khien-va-tu-dong-hoa-robot-va-he-thong-dieu-khien-thong-minh,D90,Điểm học bạ,2024,25.0,Tự động hóa gồm 02 chuyên ngành: Công nghệ kỹ thuật điều khiển và tự động hóa; Robot và hệ thống điều khiển thông minh
99712,IUH,tu-dong-hoa-gom-02-chuyen-nganh-cong-nghe-ky-thuat-dieu-khien-va-tu-dong-hoa-robot-va-he-thong-dieu-khien-thong-minh,A00,Điểm thi THPT,2024,22.0,Tự động hóa gồm 02 chuyên ngành: Công nghệ kỹ thuật điều khiển và tự động hóa; Robot và hệ thống điều khiển thông minh
99713,IUH,tu-dong-hoa-gom-02-chuyen-nganh-cong-nghe-ky-thuat-dieu-khien-va-tu-dong-hoa-robot-va-he-thong-dieu-khien-thong-minh,A01,Điểm thi THPT,2024,22.0,Tự động hóa gồm 02 chuyên ngành: Công nghệ kỹ thuật điều khiển và tự động hóa; Robot và hệ thống điều khiển thông minh
99714,IUH,tu-dong-hoa-gom-02-chuyen-nganh-cong-nghe-ky-thuat-dieu-khien-va-tu-dong-hoa-robot-va-he-thong-dieu-khien-thong-minh,C01,Điểm thi THPT,2024,22.0,Tự động hóa gồm 02 chuyên ngành: Công nghệ kỹ thuật điều khiển và tự động hóa; Robot và hệ thống điều khiển thông minh
99715,IUH,tu-dong-hoa-gom-02-chuyen-nganh-cong-nghe-ky-thuat-dieu-khien-va-tu-dong-hoa-robot-va-he-thong-dieu-khien-thong-minh,D90,Điểm thi THPT,2024,22.0,Tự động hóa gồm 02 chuyên ngành: Công nghệ kỹ thuật điều khiển và tự động hóa; Robot và hệ thống điều khiển thông minh
99716,IUH,tu-dong-hoa-gom-02-chuyen-nganh-cong-nghe-ky-thuat-dieu-khien-va-tu-dong-hoa-robot-va-he-thong-dieu-khien-thong-minh,A00,Điểm học bạ,2025,28.61,Tự động hóa gồm 02 chuyên ngành: Công nghệ kỹ thuật điều khiển và tự động hóa; Robot và hệ thống điều khiển thông minh
99717,IUH,tu-dong-hoa-gom-02-chuyen-nganh-cong-nghe-ky-thuat-dieu-khien-va-tu-dong-hoa-robot-va-he-thong-dieu-khien-thong-minh,A01,Điểm học bạ,2025,28.61,Tự động hóa gồm 02 chuyên ngành: Công nghệ kỹ thuật điều khiển và tự động hóa; Robot và hệ thống điều khiển thông minh
99718,IUH,tu-dong-hoa-gom-02-chuyen-nganh-cong-nghe-ky-thuat-dieu-khien-va-tu-dong-hoa-robot-va-he-thong-dieu-khien-thong-minh,C01,Điểm học bạ,2025,28.61,Tự động hóa gồm 02 chuyên ngành: Công nghệ kỹ thuật điều khiển và tự động hóa; Robot và hệ thống điều khiển thông minh
99719,IUH,tu-dong-hoa-gom-02-chuyen-nganh-cong-nghe-ky-thuat-dieu-khien-va-tu-dong-hoa-robot-va-he-thong-dieu-khien-thong-minh,X05,Điểm học bạ,2025,28.61,Tự động hóa gồm 02 chuyên ngành: Công nghệ kỹ thuật điều khiển và tự động hóa; Robot và hệ thống điều khiển thông minh
99720,IUH,tu-dong-hoa-gom-02-chuyen-nganh-cong-nghe-ky-thuat-dieu-khien-va-tu-dong-hoa-robot-va-he-thong-dieu-khien-thong-minh,X06,Điểm học bạ,2025,28.61,Tự động hóa gồm 02 chuyên ngành: Công nghệ kỹ thuật điều khiển và tự động hóa; Robot và hệ thống điều khiển thông minh
99721,IUH,tu-dong-hoa-gom-02-chuyen-nganh-cong-nghe-ky-thuat-dieu-khien-va-tu-dong-hoa-robot-va-he-thong-dieu-khien-thong-minh,X07,Điểm học bạ,2025,28.61,Tự động hóa gồm 02 chuyên ngành: Công nghệ kỹ thuật điều khiển và tự động hóa; Robot và hệ thống điều khiển thông minh
99722,IUH,tu-dong-hoa-gom-02-chuyen-nganh-cong-nghe-ky-thuat-dieu-khien-va-tu-dong-hoa-robot-va-he-thong-dieu-khien-thong-minh,A00,Điểm thi THPT,2025,26.5,Tự động hóa gồm 02 chuyên ngành: Công nghệ kỹ thuật điều khiển và tự động hóa; Robot và hệ thống điều khiển thông minh
99723,IUH,tu-dong-hoa-gom-02-chuyen-nganh-cong-nghe-ky-thuat-dieu-khien-va-tu-dong-hoa-robot-va-he-thong-dieu-khien-thong-minh,A01,Điểm thi THPT,2025,26.5,Tự động hóa gồm 02 chuyên ngành: Công nghệ kỹ thuật điều khiển và tự động hóa; Robot và hệ thống điều khiển thông minh
99724,IUH,tu-dong-hoa-gom-02-chuyen-nganh-cong-nghe-ky-thuat-dieu-khien-va-tu-dong-hoa-robot-va-he-thong-dieu-khien-thong-minh,C01,Điểm thi THPT,2025,26.5,Tự động hóa gồm 02 chuyên ngành: Công nghệ kỹ thuật điều khiển và tự động hóa; Robot và hệ thống điều khiển thông minh
99725,IUH,tu-dong-hoa-gom-02-chuyen-nganh-cong-nghe-ky-thuat-dieu-khien-va-tu-dong-hoa-robot-va-he-thong-dieu-khien-thong-minh,X05,Điểm thi THPT,2025,26.5,Tự động hóa gồm 02 chuyên ngành: Công nghệ kỹ thuật điều khiển và tự động hóa; Robot và hệ thống điều khiển thông minh
99726,IUH,tu-dong-hoa-gom-02-chuyen-nganh-cong-nghe-ky-thuat-dieu-khien-va-tu-dong-hoa-robot-va-he-thong-dieu-khien-thong-minh,X06,Điểm thi THPT,2025,26.5,Tự động hóa gồm 02 chuyên ngành: Công nghệ kỹ thuật điều khiển và tự động hóa; Robot và hệ thống điều khiển thông minh
99727,IUH,tu-dong-hoa-gom-02-chuyen-nganh-cong-nghe-ky-thuat-dieu-khien-va-tu-dong-hoa-robot-va-he-thong-dieu-khien-thong-minh,X07,Điểm thi THPT,2025,26.5,Tự động hóa gồm 02 chuyên ngành: Công nghệ kỹ thuật điều khiển và tự động hóa; Robot và hệ thống điều khiển thông minh
99728,IUH,tu-dong-hoa-gom-02-nganh-cong-nghe-ky-thuat-dieu-khien-va-tu-dong-hoa-robot-va-he-thong-dieu-khien-thong-minh,A00,Điểm học bạ,2021,22.0,Nhóm ngành Tự động hóa gồm 02 ngành: Công nghệ kỹ thuật điều khiển và tự động hóa; Robot và hệ thống điều khiển thông minh
99729,IUH,tu-dong-hoa-gom-02-nganh-cong-nghe-ky-thuat-dieu-khien-va-tu-dong-hoa-robot-va-he-thong-dieu-khien-thong-minh,A01,Điểm học bạ,2021,22.0,Nhóm ngành Tự động hóa gồm 02 ngành: Công nghệ kỹ thuật điều khiển và tự động hóa; Robot và hệ thống điều khiển thông minh
99730,IUH,tu-dong-hoa-gom-02-nganh-cong-nghe-ky-thuat-dieu-khien-va-tu-dong-hoa-robot-va-he-thong-dieu-khien-thong-minh,C01,Điểm học bạ,2021,22.0,Nhóm ngành Tự động hóa gồm 02 ngành: Công nghệ kỹ thuật điều khiển và tự động hóa; Robot và hệ thống điều khiển thông minh
99731,IUH,tu-dong-hoa-gom-02-nganh-cong-nghe-ky-thuat-dieu-khien-va-tu-dong-hoa-robot-va-he-thong-dieu-khien-thong-minh,D90,Điểm học bạ,2021,22.0,Nhóm ngành Tự động hóa gồm 02 ngành: Công nghệ kỹ thuật điều khiển và tự động hóa; Robot và hệ thống điều khiển thông minh
99732,IUH,tu-dong-hoa-gom-02-nganh-cong-nghe-ky-thuat-dieu-khien-va-tu-dong-hoa-robot-va-he-thong-dieu-khien-thong-minh,A00,Điểm thi THPT,2021,24.5,Nhóm ngành Tự động hóa gồm 02 ngành: Công nghệ kỹ thuật điều khiển và tự động hóa; Robot và hệ thống điều khiển thông minh.
99733,IUH,tu-dong-hoa-gom-02-nganh-cong-nghe-ky-thuat-dieu-khien-va-tu-dong-hoa-robot-va-he-thong-dieu-khien-thong-minh,A01,Điểm thi THPT,2021,24.5,Nhóm ngành Tự động hóa gồm 02 ngành: Công nghệ kỹ thuật điều khiển và tự động hóa; Robot và hệ thống điều khiển thông minh.
99734,IUH,tu-dong-hoa-gom-02-nganh-cong-nghe-ky-thuat-dieu-khien-va-tu-dong-hoa-robot-va-he-thong-dieu-khien-thong-minh,C01,Điểm thi THPT,2021,24.5,Nhóm ngành Tự động hóa gồm 02 ngành: Công nghệ kỹ thuật điều khiển và tự động hóa; Robot và hệ thống điều khiển thông minh.
99735,IUH,tu-dong-hoa-gom-02-nganh-cong-nghe-ky-thuat-dieu-khien-va-tu-dong-hoa-robot-va-he-thong-dieu-khien-thong-minh,D90,Điểm thi THPT,2021,24.5,Nhóm ngành Tự động hóa gồm 02 ngành: Công nghệ kỹ thuật điều khiển và tự động hóa; Robot và hệ thống điều khiển thông minh.
99736,IUH,tu-dong-hoa-gom-2-chuyen-nganh-cong-nghe-ky-thuat-dieu-khien-va-tu-dong-hoa-robot-va-he-thong-dieu-khien-thong-minh,A00,Điểm thi THPT,2022,23.5,Ngành tự động hóa gồm 2 chuyên ngành: Công nghệ kỹ thuật điều khiển và tự động hóa; Robot và hệ thống điều khiển thông minh
99737,IUH,tu-dong-hoa-gom-2-chuyen-nganh-cong-nghe-ky-thuat-dieu-khien-va-tu-dong-hoa-robot-va-he-thong-dieu-khien-thong-minh,A01,Điểm thi THPT,2022,23.5,Ngành tự động hóa gồm 2 chuyên ngành: Công nghệ kỹ thuật điều khiển và tự động hóa; Robot và hệ thống điều khiển thông minh
99738,IUH,tu-dong-hoa-gom-2-chuyen-nganh-cong-nghe-ky-thuat-dieu-khien-va-tu-dong-hoa-robot-va-he-thong-dieu-khien-thong-minh,C01,Điểm thi THPT,2022,23.5,Ngành tự động hóa gồm 2 chuyên ngành: Công nghệ kỹ thuật điều khiển và tự động hóa; Robot và hệ thống điều khiển thông minh
99739,IUH,tu-dong-hoa-gom-2-chuyen-nganh-cong-nghe-ky-thuat-dieu-khien-va-tu-dong-hoa-robot-va-he-thong-dieu-khien-thong-minh,D90,Điểm thi THPT,2022,23.5,Ngành tự động hóa gồm 2 chuyên ngành: Công nghệ kỹ thuật điều khiển và tự động hóa; Robot và hệ thống điều khiển thông minh
99740,KCC,cong-nghe-ky-thuat-co-dien-tu,A00,Điểm thi THPT,2021,22.5,Công nghệ kỹ thuật cơ điện tử
99741,KCC,cong-nghe-ky-thuat-co-dien-tu,A02,Điểm thi THPT,2021,22.5,Công nghệ kỹ thuật cơ điện tử
99742,KCC,cong-nghe-ky-thuat-co-dien-tu,C01,Điểm thi THPT,2021,22.5,Công nghệ kỹ thuật cơ điện tử
99743,KCC,cong-nghe-ky-thuat-co-dien-tu,D01,Điểm thi THPT,2021,22.5,Công nghệ kỹ thuật cơ điện tử
99744,KCC,cong-nghe-ky-thuat-co-dien-tu,A00,Điểm học bạ,2022,27.0,Công nghệ kỹ thuật cơ điện tử
99745,KCC,cong-nghe-ky-thuat-co-dien-tu,A02,Điểm học bạ,2022,27.0,Công nghệ kỹ thuật cơ điện tử
99746,KCC,cong-nghe-ky-thuat-co-dien-tu,C01,Điểm học bạ,2022,27.0,Công nghệ kỹ thuật cơ điện tử
99747,KCC,cong-nghe-ky-thuat-co-dien-tu,D01,Điểm học bạ,2022,27.0,Công nghệ kỹ thuật cơ điện tử
99748,KCC,cong-nghe-ky-thuat-co-dien-tu,A00,Điểm thi THPT,2022,23.5,Công nghệ kỹ thuật cơ điện tử
99749,KCC,cong-nghe-ky-thuat-co-dien-tu,A02,Điểm thi THPT,2022,23.5,Công nghệ kỹ thuật cơ điện tử
99750,KCC,cong-nghe-ky-thuat-co-dien-tu,C01,Điểm thi THPT,2022,23.5,Công nghệ kỹ thuật cơ điện tử
99751,KCC,cong-nghe-ky-thuat-co-dien-tu,D01,Điểm thi THPT,2022,23.5,Công nghệ kỹ thuật cơ điện tử
99752,KCC,cong-nghe-ky-thuat-co-dien-tu,A00,Điểm học bạ,2023,22.75,Công nghệ kỹ thuật cơ điện tử
99753,KCC,cong-nghe-ky-thuat-co-dien-tu,A01,Điểm học bạ,2023,22.75,Công nghệ kỹ thuật cơ điện tử
99754,KCC,cong-nghe-ky-thuat-co-dien-tu,A02,Điểm học bạ,2023,22.75,Công nghệ kỹ thuật cơ điện tử
99755,KCC,cong-nghe-ky-thuat-co-dien-tu,C01,Điểm học bạ,2023,22.75,Công nghệ kỹ thuật cơ điện tử
99756,KCC,cong-nghe-ky-thuat-co-dien-tu,A00,Điểm thi THPT,2023,21.1,Công nghệ kỹ thuật cơ điện tử
99757,KCC,cong-nghe-ky-thuat-co-dien-tu,A01,Điểm thi THPT,2023,21.1,Công nghệ kỹ thuật cơ điện tử
99758,KCC,cong-nghe-ky-thuat-co-dien-tu,A02,Điểm thi THPT,2023,21.1,Công nghệ kỹ thuật cơ điện tử
99759,KCC,cong-nghe-ky-thuat-co-dien-tu,C01,Điểm thi THPT,2023,21.1,Công nghệ kỹ thuật cơ điện tử
99760,KCC,cong-nghe-ky-thuat-co-dien-tu,A00,Điểm học bạ,2024,23.85,Công nghệ kỹ thuật cơ điện tử
99761,KCC,cong-nghe-ky-thuat-co-dien-tu,A01,Điểm học bạ,2024,23.85,Công nghệ kỹ thuật cơ điện tử
99762,KCC,cong-nghe-ky-thuat-co-dien-tu,A02,Điểm học bạ,2024,23.85,Công nghệ kỹ thuật cơ điện tử
99763,KCC,cong-nghe-ky-thuat-co-dien-tu,C01,Điểm học bạ,2024,23.85,Công nghệ kỹ thuật cơ điện tử
99764,KCC,cong-nghe-ky-thuat-co-dien-tu,A00,Điểm thi THPT,2024,22.1,Công nghệ kỳ thuật cơ điện tử
99765,KCC,cong-nghe-ky-thuat-co-dien-tu,A01,Điểm thi THPT,2024,22.1,Công nghệ kỳ thuật cơ điện tử
99766,KCC,cong-nghe-ky-thuat-co-dien-tu,A02,Điểm thi THPT,2024,22.1,Công nghệ kỳ thuật cơ điện tử
99767,KCC,cong-nghe-ky-thuat-co-dien-tu,C01,Điểm thi THPT,2024,22.1,Công nghệ kỳ thuật cơ điện tử
99768,KCC,cong-nghe-ky-thuat-co-dien-tu,A00,Điểm học bạ,2025,25.9,Công nghệ kỹ thuật cơ điện tử
99769,KCC,cong-nghe-ky-thuat-co-dien-tu,A01,Điểm học bạ,2025,25.9,Công nghệ kỹ thuật cơ điện tử
99770,KCC,cong-nghe-ky-thuat-co-dien-tu,A02,Điểm học bạ,2025,25.9,Công nghệ kỹ thuật cơ điện tử
99771,KCC,cong-nghe-ky-thuat-co-dien-tu,A03,Điểm học bạ,2025,25.9,Công nghệ kỹ thuật cơ điện tử
99772,KCC,cong-nghe-ky-thuat-co-dien-tu,A04,Điểm học bạ,2025,25.9,Công nghệ kỹ thuật cơ điện tử
99773,KCC,cong-nghe-ky-thuat-co-dien-tu,C01,Điểm học bạ,2025,25.9,Công nghệ kỹ thuật cơ điện tử
99774,KCC,cong-nghe-ky-thuat-co-dien-tu,X05,Điểm học bạ,2025,25.9,Công nghệ kỹ thuật cơ điện tử
99775,KCC,cong-nghe-ky-thuat-co-dien-tu,X06,Điểm học bạ,2025,25.9,Công nghệ kỹ thuật cơ điện tử
99776,KCC,cong-nghe-ky-thuat-co-dien-tu,A00,Điểm thi THPT,2025,23.37,Công nghệ kỹ thuật cơ điện tử
99777,KCC,cong-nghe-ky-thuat-co-dien-tu,A01,Điểm thi THPT,2025,23.37,Công nghệ kỹ thuật cơ điện tử
99778,KCC,cong-nghe-ky-thuat-co-dien-tu,A02,Điểm thi THPT,2025,23.37,Công nghệ kỹ thuật cơ điện tử
99779,KCC,cong-nghe-ky-thuat-co-dien-tu,A03,Điểm thi THPT,2025,23.37,Công nghệ kỹ thuật cơ điện tử
99780,KCC,cong-nghe-ky-thuat-co-dien-tu,A04,Điểm thi THPT,2025,23.37,Công nghệ kỹ thuật cơ điện tử
99781,KCC,cong-nghe-ky-thuat-co-dien-tu,C01,Điểm thi THPT,2025,23.37,Công nghệ kỹ thuật cơ điện tử
99782,KCC,cong-nghe-ky-thuat-co-dien-tu,X05,Điểm thi THPT,2025,23.37,Công nghệ kỹ thuật cơ điện tử
99783,KCC,cong-nghe-ky-thuat-co-dien-tu,X06,Điểm thi THPT,2025,23.37,Công nghệ kỹ thuật cơ điện tử
99784,KCC,cong-nghe-ky-thuat-cong-trinh-xay-dung,A00,Điểm thi THPT,2021,19.85,Công nghệ kỹ thuật công trình xây dựng
99785,KCC,cong-nghe-ky-thuat-cong-trinh-xay-dung,A02,Điểm thi THPT,2021,19.85,Công nghệ kỹ thuật công trình xây dựng
99786,KCC,cong-nghe-ky-thuat-cong-trinh-xay-dung,C01,Điểm thi THPT,2021,19.85,Công nghệ kỹ thuật công trình xây dựng
99787,KCC,cong-nghe-ky-thuat-cong-trinh-xay-dung,D01,Điểm thi THPT,2021,19.85,Công nghệ kỹ thuật công trình xây dựng
99788,KCC,cong-nghe-ky-thuat-cong-trinh-xay-dung,A00,Điểm học bạ,2022,26.49,Công nghệ kỹ thuật công trình xây dựng
99789,KCC,cong-nghe-ky-thuat-cong-trinh-xay-dung,A02,Điểm học bạ,2022,26.49,Công nghệ kỹ thuật công trình xây dựng
99790,KCC,cong-nghe-ky-thuat-cong-trinh-xay-dung,C01,Điểm học bạ,2022,26.49,Công nghệ kỹ thuật công trình xây dựng
99791,KCC,cong-nghe-ky-thuat-cong-trinh-xay-dung,D01,Điểm học bạ,2022,26.49,Công nghệ kỹ thuật công trình xây dựng
99792,KCC,cong-nghe-ky-thuat-cong-trinh-xay-dung,A00,Điểm thi THPT,2022,21.91,Công nghệ kỹ thuật công trình xây dựng
99793,KCC,cong-nghe-ky-thuat-cong-trinh-xay-dung,A02,Điểm thi THPT,2022,21.91,Công nghệ kỹ thuật công trình xây dựng
99794,KCC,cong-nghe-ky-thuat-cong-trinh-xay-dung,C01,Điểm thi THPT,2022,21.91,Công nghệ kỹ thuật công trình xây dựng
99795,KCC,cong-nghe-ky-thuat-cong-trinh-xay-dung,D01,Điểm thi THPT,2022,21.91,Công nghệ kỹ thuật công trình xây dựng
99796,KCC,cong-nghe-ky-thuat-cong-trinh-xay-dung,A00,Điểm học bạ,2023,20.55,Công nghệ kỹ thuật công trình xây dựng
99797,KCC,cong-nghe-ky-thuat-cong-trinh-xay-dung,A02,Điểm học bạ,2023,20.55,Công nghệ kỹ thuật công trình xây dựng
99798,KCC,cong-nghe-ky-thuat-cong-trinh-xay-dung,C01,Điểm học bạ,2023,20.55,Công nghệ kỹ thuật công trình xây dựng
99799,KCC,cong-nghe-ky-thuat-cong-trinh-xay-dung,D01,Điểm học bạ,2023,20.55,Công nghệ kỹ thuật công trình xây dựng
99800,KCC,cong-nghe-ky-thuat-cong-trinh-xay-dung,A00,Điểm thi THPT,2023,18.5,Công nghệ kỹ thuật công trình xây dựng
99801,KCC,cong-nghe-ky-thuat-cong-trinh-xay-dung,A02,Điểm thi THPT,2023,18.5,Công nghệ kỹ thuật công trình xây dựng
99802,KCC,cong-nghe-ky-thuat-cong-trinh-xay-dung,C01,Điểm thi THPT,2023,18.5,Công nghệ kỹ thuật công trình xây dựng
99803,KCC,cong-nghe-ky-thuat-cong-trinh-xay-dung,D01,Điểm thi THPT,2023,18.5,Công nghệ kỹ thuật công trình xây dựng
99804,KCC,cong-nghe-ky-thuat-cong-trinh-xay-dung,A00,Điểm học bạ,2024,22.4,Công nghệ kỹ thuật công trình xây dựng
99805,KCC,cong-nghe-ky-thuat-cong-trinh-xay-dung,A02,Điểm học bạ,2024,22.4,Công nghệ kỹ thuật công trình xây dựng
99806,KCC,cong-nghe-ky-thuat-cong-trinh-xay-dung,C01,Điểm học bạ,2024,22.4,Công nghệ kỹ thuật công trình xây dựng
99807,KCC,cong-nghe-ky-thuat-cong-trinh-xay-dung,D01,Điểm học bạ,2024,22.4,Công nghệ kỹ thuật công trình xây dựng
99808,KCC,cong-nghe-ky-thuat-cong-trinh-xay-dung,A00,Điểm thi THPT,2024,22.3,Công nghệ kỹ thuật công trình xây dựng
99809,KCC,cong-nghe-ky-thuat-cong-trinh-xay-dung,A02,Điểm thi THPT,2024,22.3,Công nghệ kỹ thuật công trình xây dựng
99810,KCC,cong-nghe-ky-thuat-cong-trinh-xay-dung,C01,Điểm thi THPT,2024,22.3,Công nghệ kỹ thuật công trình xây dựng
99811,KCC,cong-nghe-ky-thuat-cong-trinh-xay-dung,D01,Điểm thi THPT,2024,22.3,Công nghệ kỹ thuật công trình xây dựng
99812,KCC,cong-nghe-ky-thuat-cong-trinh-xay-dung,A00,Điểm học bạ,2025,22.96,Công nghệ kỹ thuật công trình xây dựng
99813,KCC,cong-nghe-ky-thuat-cong-trinh-xay-dung,A01,Điểm học bạ,2025,22.96,Công nghệ kỹ thuật công trình xây dựng
99814,KCC,cong-nghe-ky-thuat-cong-trinh-xay-dung,C01,Điểm học bạ,2025,22.96,Công nghệ kỹ thuật công trình xây dựng
99815,KCC,cong-nghe-ky-thuat-cong-trinh-xay-dung,C02,Điểm học bạ,2025,22.96,Công nghệ kỹ thuật công trình xây dựng
99816,KCC,cong-nghe-ky-thuat-cong-trinh-xay-dung,D01,Điểm học bạ,2025,22.96,Công nghệ kỹ thuật công trình xây dựng
99817,KCC,cong-nghe-ky-thuat-cong-trinh-xay-dung,D07,Điểm học bạ,2025,22.96,Công nghệ kỹ thuật công trình xây dựng
99818,KCC,cong-nghe-ky-thuat-cong-trinh-xay-dung,X05,Điểm học bạ,2025,22.96,Công nghệ kỹ thuật công trình xây dựng
99819,KCC,cong-nghe-ky-thuat-cong-trinh-xay-dung,X06,Điểm học bạ,2025,22.96,Công nghệ kỹ thuật công trình xây dựng
99820,KCC,cong-nghe-ky-thuat-cong-trinh-xay-dung,A00,Điểm thi THPT,2025,20.15,Công nghệ kỹ thuật công trình xây dựng
99821,KCC,cong-nghe-ky-thuat-cong-trinh-xay-dung,A01,Điểm thi THPT,2025,20.15,Công nghệ kỹ thuật công trình xây dựng
99822,KCC,cong-nghe-ky-thuat-cong-trinh-xay-dung,C01,Điểm thi THPT,2025,20.15,Công nghệ kỹ thuật công trình xây dựng
99823,KCC,cong-nghe-ky-thuat-cong-trinh-xay-dung,C02,Điểm thi THPT,2025,20.15,Công nghệ kỹ thuật công trình xây dựng
99824,KCC,cong-nghe-ky-thuat-cong-trinh-xay-dung,D01,Điểm thi THPT,2025,20.15,Công nghệ kỹ thuật công trình xây dựng
99825,KCC,cong-nghe-ky-thuat-cong-trinh-xay-dung,D07,Điểm thi THPT,2025,20.15,Công nghệ kỹ thuật công trình xây dựng
99826,KCC,cong-nghe-ky-thuat-cong-trinh-xay-dung,X05,Điểm thi THPT,2025,20.15,Công nghệ kỹ thuật công trình xây dựng
99827,KCC,cong-nghe-ky-thuat-cong-trinh-xay-dung,X06,Điểm thi THPT,2025,20.15,Công nghệ kỹ thuật công trình xây dựng
99828,KCC,cong-nghe-ky-thuat-dien-dien-tu,A00,Điểm thi THPT,2021,21.0,"Công nghệ kỹ thuật điện, điện tử"
99829,KCC,cong-nghe-ky-thuat-dien-dien-tu,A01,Điểm thi THPT,2021,21.0,"Công nghệ kỹ thuật điện, điện tử"
99830,KCC,cong-nghe-ky-thuat-dien-dien-tu,A02,Điểm thi THPT,2021,21.0,"Công nghệ kỹ thuật điện, điện tử"
99831,KCC,cong-nghe-ky-thuat-dien-dien-tu,C01,Điểm thi THPT,2021,21.0,"Công nghệ kỹ thuật điện, điện tử"
99832,KCC,cong-nghe-ky-thuat-dien-dien-tu,A00,Điểm học bạ,2022,25.9,"Công nghệ kỹ thuật điện, điện tử"
99833,KCC,cong-nghe-ky-thuat-dien-dien-tu,A01,Điểm học bạ,2022,25.9,"Công nghệ kỹ thuật điện, điện tử"
99834,KCC,cong-nghe-ky-thuat-dien-dien-tu,A02,Điểm học bạ,2022,25.9,"Công nghệ kỹ thuật điện, điện tử"
99835,KCC,cong-nghe-ky-thuat-dien-dien-tu,C01,Điểm học bạ,2022,25.9,"Công nghệ kỹ thuật điện, điện tử"
99836,KCC,cong-nghe-ky-thuat-dien-dien-tu,A00,Điểm thi THPT,2022,22.69,"Công nghệ kỹ thuật điện, điện tử"
99837,KCC,cong-nghe-ky-thuat-dien-dien-tu,A01,Điểm thi THPT,2022,22.69,"Công nghệ kỹ thuật điện, điện tử"
99838,KCC,cong-nghe-ky-thuat-dien-dien-tu,A02,Điểm thi THPT,2022,22.69,"Công nghệ kỹ thuật điện, điện tử"
99839,KCC,cong-nghe-ky-thuat-dien-dien-tu,C01,Điểm thi THPT,2022,22.69,"Công nghệ kỹ thuật điện, điện tử"
99840,KCC,cong-nghe-ky-thuat-dien-dien-tu,A00,Điểm học bạ,2023,23.8,"Công nghệ kỹ thuật điện, điện tử"
99841,KCC,cong-nghe-ky-thuat-dien-dien-tu,A01,Điểm học bạ,2023,23.8,"Công nghệ kỹ thuật điện, điện tử"
99842,KCC,cong-nghe-ky-thuat-dien-dien-tu,A02,Điểm học bạ,2023,23.8,"Công nghệ kỹ thuật điện, điện tử"
99843,KCC,cong-nghe-ky-thuat-dien-dien-tu,C01,Điểm học bạ,2023,23.8,"Công nghệ kỹ thuật điện, điện tử"
99844,KCC,cong-nghe-ky-thuat-dien-dien-tu,A00,Điểm thi THPT,2023,21.4,"Công nghệ kỹ thuật điện, điện tử"
99845,KCC,cong-nghe-ky-thuat-dien-dien-tu,A01,Điểm thi THPT,2023,21.4,"Công nghệ kỹ thuật điện, điện tử"
99846,KCC,cong-nghe-ky-thuat-dien-dien-tu,A02,Điểm thi THPT,2023,21.4,"Công nghệ kỹ thuật điện, điện tử"
99847,KCC,cong-nghe-ky-thuat-dien-dien-tu,C01,Điểm thi THPT,2023,21.4,"Công nghệ kỹ thuật điện, điện tử"
99848,KCC,cong-nghe-ky-thuat-dien-dien-tu,A00,Điểm học bạ,2024,24.96,"Công nghệ kỹ thuật điện, điện tử"
99849,KCC,cong-nghe-ky-thuat-dien-dien-tu,A01,Điểm học bạ,2024,24.96,"Công nghệ kỹ thuật điện, điện tử"
99850,KCC,cong-nghe-ky-thuat-dien-dien-tu,A02,Điểm học bạ,2024,24.96,"Công nghệ kỹ thuật điện, điện tử"
99851,KCC,cong-nghe-ky-thuat-dien-dien-tu,C01,Điểm học bạ,2024,24.96,"Công nghệ kỹ thuật điện, điện tử"
99852,KCC,cong-nghe-ky-thuat-dien-dien-tu,A00,Điểm thi THPT,2024,21.75,"Công nghệ kỹ thuật điện, điện tử"
99853,KCC,cong-nghe-ky-thuat-dien-dien-tu,A01,Điểm thi THPT,2024,21.75,"Công nghệ kỹ thuật điện, điện tử"
99854,KCC,cong-nghe-ky-thuat-dien-dien-tu,A02,Điểm thi THPT,2024,21.75,"Công nghệ kỹ thuật điện, điện tử"
99855,KCC,cong-nghe-ky-thuat-dien-dien-tu,C01,Điểm thi THPT,2024,21.75,"Công nghệ kỹ thuật điện, điện tử"
99856,KCC,cong-nghe-ky-thuat-dien-dien-tu,A00,Điểm học bạ,2025,25.9,"Công nghệ kỹ thuật điện, điện tử"
99857,KCC,cong-nghe-ky-thuat-dien-dien-tu,A01,Điểm học bạ,2025,25.9,"Công nghệ kỹ thuật điện, điện tử"
99858,KCC,cong-nghe-ky-thuat-dien-dien-tu,C01,Điểm học bạ,2025,25.9,"Công nghệ kỹ thuật điện, điện tử"
99859,KCC,cong-nghe-ky-thuat-dien-dien-tu,C05,Điểm học bạ,2025,25.9,"Công nghệ kỹ thuật điện, điện tử"
99860,KCC,cong-nghe-ky-thuat-dien-dien-tu,X05,Điểm học bạ,2025,25.9,"Công nghệ kỹ thuật điện, điện tử"
99861,KCC,cong-nghe-ky-thuat-dien-dien-tu,X06,Điểm học bạ,2025,25.9,"Công nghệ kỹ thuật điện, điện tử"
99862,KCC,cong-nghe-ky-thuat-dien-dien-tu,X07,Điểm học bạ,2025,25.9,"Công nghệ kỹ thuật điện, điện tử"
99863,KCC,cong-nghe-ky-thuat-dien-dien-tu,X59,Điểm học bạ,2025,25.9,"Công nghệ kỹ thuật điện, điện tử"
99864,KCC,cong-nghe-ky-thuat-dien-dien-tu,A00,Điểm thi THPT,2025,23.37,"Công nghệ kỹ thuật điện, điện tử"
99865,KCC,cong-nghe-ky-thuat-dien-dien-tu,A01,Điểm thi THPT,2025,23.37,"Công nghệ kỹ thuật điện, điện tử"
99866,KCC,cong-nghe-ky-thuat-dien-dien-tu,C01,Điểm thi THPT,2025,23.37,"Công nghệ kỹ thuật điện, điện tử"
99867,KCC,cong-nghe-ky-thuat-dien-dien-tu,C05,Điểm thi THPT,2025,23.37,"Công nghệ kỹ thuật điện, điện tử"
99868,KCC,cong-nghe-ky-thuat-dien-dien-tu,X05,Điểm thi THPT,2025,23.37,"Công nghệ kỹ thuật điện, điện tử"
99869,KCC,cong-nghe-ky-thuat-dien-dien-tu,X06,Điểm thi THPT,2025,23.37,"Công nghệ kỹ thuật điện, điện tử"
99870,KCC,cong-nghe-ky-thuat-dien-dien-tu,X07,Điểm thi THPT,2025,23.37,"Công nghệ kỹ thuật điện, điện tử"
99871,KCC,cong-nghe-ky-thuat-dien-dien-tu,X59,Điểm thi THPT,2025,23.37,"Công nghệ kỹ thuật điện, điện tử"
99872,KCC,cong-nghe-ky-thuat-dieu-khien-va-tu-dong-hoa,A00,Điểm thi THPT,2021,21.65,Công nghệ kỹ thuật điều khiển và tự động hóa
99873,KCC,cong-nghe-ky-thuat-dieu-khien-va-tu-dong-hoa,A02,Điểm thi THPT,2021,21.65,Công nghệ kỹ thuật điều khiển và tự động hóa
99874,KCC,cong-nghe-ky-thuat-dieu-khien-va-tu-dong-hoa,C01,Điểm thi THPT,2021,21.65,Công nghệ kỹ thuật điều khiển và tự động hóa
99875,KCC,cong-nghe-ky-thuat-dieu-khien-va-tu-dong-hoa,D01,Điểm thi THPT,2021,21.65,Công nghệ kỹ thuật điều khiển và tự động hóa
99876,KCC,cong-nghe-ky-thuat-dieu-khien-va-tu-dong-hoa,A00,Điểm học bạ,2022,26.3,Công nghệ kỹ thuật điều khiển và tự động hóa
99877,KCC,cong-nghe-ky-thuat-dieu-khien-va-tu-dong-hoa,A02,Điểm học bạ,2022,26.3,Công nghệ kỹ thuật điều khiển và tự động hóa
99878,KCC,cong-nghe-ky-thuat-dieu-khien-va-tu-dong-hoa,C01,Điểm học bạ,2022,26.3,Công nghệ kỹ thuật điều khiển và tự động hóa
99879,KCC,cong-nghe-ky-thuat-dieu-khien-va-tu-dong-hoa,D01,Điểm học bạ,2022,26.3,Công nghệ kỹ thuật điều khiển và tự động hóa
99880,KCC,cong-nghe-ky-thuat-dieu-khien-va-tu-dong-hoa,A00,Điểm thi THPT,2022,23.0,Công nghệ kỹ thuật điều khiển và tự động hóa
99881,KCC,cong-nghe-ky-thuat-dieu-khien-va-tu-dong-hoa,A02,Điểm thi THPT,2022,23.0,Công nghệ kỹ thuật điều khiển và tự động hóa
99882,KCC,cong-nghe-ky-thuat-dieu-khien-va-tu-dong-hoa,C01,Điểm thi THPT,2022,23.0,Công nghệ kỹ thuật điều khiển và tự động hóa
99883,KCC,cong-nghe-ky-thuat-dieu-khien-va-tu-dong-hoa,D01,Điểm thi THPT,2022,23.0,Công nghệ kỹ thuật điều khiển và tự động hóa
99884,KCC,cong-nghe-ky-thuat-dieu-khien-va-tu-dong-hoa,A00,Điểm học bạ,2023,22.6,Công nghệ kỹ thuật điều khiển và tự động hóa
99885,KCC,cong-nghe-ky-thuat-dieu-khien-va-tu-dong-hoa,A01,Điểm học bạ,2023,22.6,Công nghệ kỹ thuật điều khiển và tự động hóa
99886,KCC,cong-nghe-ky-thuat-dieu-khien-va-tu-dong-hoa,A02,Điểm học bạ,2023,22.6,Công nghệ kỹ thuật điều khiển và tự động hóa
99887,KCC,cong-nghe-ky-thuat-dieu-khien-va-tu-dong-hoa,C01,Điểm học bạ,2023,22.6,Công nghệ kỹ thuật điều khiển và tự động hóa
99888,KCC,cong-nghe-ky-thuat-dieu-khien-va-tu-dong-hoa,A00,Điểm thi THPT,2023,21.8,Công nghệ kỹ thuật điều khiển và tự động hóa
99889,KCC,cong-nghe-ky-thuat-dieu-khien-va-tu-dong-hoa,A01,Điểm thi THPT,2023,21.8,Công nghệ kỹ thuật điều khiển và tự động hóa
99890,KCC,cong-nghe-ky-thuat-dieu-khien-va-tu-dong-hoa,A02,Điểm thi THPT,2023,21.8,Công nghệ kỹ thuật điều khiển và tự động hóa
99891,KCC,cong-nghe-ky-thuat-dieu-khien-va-tu-dong-hoa,C01,Điểm thi THPT,2023,21.8,Công nghệ kỹ thuật điều khiển và tự động hóa
99892,KCC,cong-nghe-ky-thuat-dieu-khien-va-tu-dong-hoa,A00,Điểm học bạ,2024,23.5,Công nghệ kỹ thuật điều khiển và tự động hóa
99893,KCC,cong-nghe-ky-thuat-dieu-khien-va-tu-dong-hoa,A01,Điểm học bạ,2024,23.5,Công nghệ kỹ thuật điều khiển và tự động hóa
99894,KCC,cong-nghe-ky-thuat-dieu-khien-va-tu-dong-hoa,A02,Điểm học bạ,2024,23.5,Công nghệ kỹ thuật điều khiển và tự động hóa
99895,KCC,cong-nghe-ky-thuat-dieu-khien-va-tu-dong-hoa,C01,Điểm học bạ,2024,23.5,Công nghệ kỹ thuật điều khiển và tự động hóa
99896,KCC,cong-nghe-ky-thuat-dieu-khien-va-tu-dong-hoa,A00,Điểm thi THPT,2024,23.75,Công nghệ kỹ thuật điều khiển và tự động hóa
99897,KCC,cong-nghe-ky-thuat-dieu-khien-va-tu-dong-hoa,A01,Điểm thi THPT,2024,23.75,Công nghệ kỹ thuật điều khiển và tự động hóa
99898,KCC,cong-nghe-ky-thuat-dieu-khien-va-tu-dong-hoa,A02,Điểm thi THPT,2024,23.75,Công nghệ kỹ thuật điều khiển và tự động hóa
99899,KCC,cong-nghe-ky-thuat-dieu-khien-va-tu-dong-hoa,C01,Điểm thi THPT,2024,23.75,Công nghệ kỹ thuật điều khiển và tự động hóa
99900,KCC,cong-nghe-ky-thuat-dieu-khien-va-tu-dong-hoa,A00,Điểm học bạ,2025,25.69,Công nghệ kỹ thuật điều khiển và tự động hóa
99901,KCC,cong-nghe-ky-thuat-dieu-khien-va-tu-dong-hoa,A01,Điểm học bạ,2025,25.69,Công nghệ kỹ thuật điều khiển và tự động hóa
99902,KCC,cong-nghe-ky-thuat-dieu-khien-va-tu-dong-hoa,A02,Điểm học bạ,2025,25.69,Công nghệ kỹ thuật điều khiển và tự động hóa
99903,KCC,cong-nghe-ky-thuat-dieu-khien-va-tu-dong-hoa,A03,Điểm học bạ,2025,25.69,Công nghệ kỹ thuật điều khiển và tự động hóa
99904,KCC,cong-nghe-ky-thuat-dieu-khien-va-tu-dong-hoa,A04,Điểm học bạ,2025,25.69,Công nghệ kỹ thuật điều khiển và tự động hóa
99905,KCC,cong-nghe-ky-thuat-dieu-khien-va-tu-dong-hoa,C01,Điểm học bạ,2025,25.69,Công nghệ kỹ thuật điều khiển và tự động hóa
99906,KCC,cong-nghe-ky-thuat-dieu-khien-va-tu-dong-hoa,X05,Điểm học bạ,2025,25.69,Công nghệ kỹ thuật điều khiển và tự động hóa
99907,KCC,cong-nghe-ky-thuat-dieu-khien-va-tu-dong-hoa,X06,Điểm học bạ,2025,25.69,Công nghệ kỹ thuật điều khiển và tự động hóa
99908,KCC,cong-nghe-ky-thuat-dieu-khien-va-tu-dong-hoa,A00,Điểm thi THPT,2025,23.13,Công nghệ kỹ thuật điều khiển và tự động hóa
99909,KCC,cong-nghe-ky-thuat-dieu-khien-va-tu-dong-hoa,A01,Điểm thi THPT,2025,23.13,Công nghệ kỹ thuật điều khiển và tự động hóa
99910,KCC,cong-nghe-ky-thuat-dieu-khien-va-tu-dong-hoa,A02,Điểm thi THPT,2025,23.13,Công nghệ kỹ thuật điều khiển và tự động hóa
99911,KCC,cong-nghe-ky-thuat-dieu-khien-va-tu-dong-hoa,A03,Điểm thi THPT,2025,23.13,Công nghệ kỹ thuật điều khiển và tự động hóa
99912,KCC,cong-nghe-ky-thuat-dieu-khien-va-tu-dong-hoa,A04,Điểm thi THPT,2025,23.13,Công nghệ kỹ thuật điều khiển và tự động hóa
99913,KCC,cong-nghe-ky-thuat-dieu-khien-va-tu-dong-hoa,C01,Điểm thi THPT,2025,23.13,Công nghệ kỹ thuật điều khiển và tự động hóa
99914,KCC,cong-nghe-ky-thuat-dieu-khien-va-tu-dong-hoa,X05,Điểm thi THPT,2025,23.13,Công nghệ kỹ thuật điều khiển và tự động hóa
99915,KCC,cong-nghe-ky-thuat-dieu-khien-va-tu-dong-hoa,X06,Điểm thi THPT,2025,23.13,Công nghệ kỹ thuật điều khiển và tự động hóa
99916,KCC,cong-nghe-ky-thuat-hoa-hoc,A00,Điểm thi THPT,2021,19.55,Công nghệ kỹ thuật hóa học
99917,KCC,cong-nghe-ky-thuat-hoa-hoc,B00,Điểm thi THPT,2021,19.55,Công nghệ kỹ thuật hóa học
99918,KCC,cong-nghe-ky-thuat-hoa-hoc,C02,Điểm thi THPT,2021,19.55,Công nghệ kỹ thuật hóa học
99919,KCC,cong-nghe-ky-thuat-hoa-hoc,D07,Điểm thi THPT,2021,19.55,Công nghệ kỹ thuật hóa học
99920,KCC,cong-nghe-ky-thuat-hoa-hoc,A00,Điểm học bạ,2022,24.9,Công nghệ kỹ thuật hóa học
99921,KCC,cong-nghe-ky-thuat-hoa-hoc,B00,Điểm học bạ,2022,24.9,Công nghệ kỹ thuật hóa học
99922,KCC,cong-nghe-ky-thuat-hoa-hoc,C02,Điểm học bạ,2022,24.9,Công nghệ kỹ thuật hóa học
99923,KCC,cong-nghe-ky-thuat-hoa-hoc,D07,Điểm học bạ,2022,24.9,Công nghệ kỹ thuật hóa học
99924,KCC,cong-nghe-ky-thuat-hoa-hoc,A00,Điểm thi THPT,2022,22.65,Công nghệ kỹ thuật hóa học
99925,KCC,cong-nghe-ky-thuat-hoa-hoc,B00,Điểm thi THPT,2022,22.65,Công nghệ kỹ thuật hóa học
99926,KCC,cong-nghe-ky-thuat-hoa-hoc,C02,Điểm thi THPT,2022,22.65,Công nghệ kỹ thuật hóa học
99927,KCC,cong-nghe-ky-thuat-hoa-hoc,D07,Điểm thi THPT,2022,22.65,Công nghệ kỹ thuật hóa học
99928,KCC,cong-nghe-ky-thuat-hoa-hoc,A00,Điểm học bạ,2023,18.18,Công nghệ kỹ thuật hóa học
99929,KCC,cong-nghe-ky-thuat-hoa-hoc,A11,Điểm học bạ,2023,18.18,Công nghệ kỹ thuật hóa học
99930,KCC,cong-nghe-ky-thuat-hoa-hoc,B00,Điểm học bạ,2023,18.18,Công nghệ kỹ thuật hóa học
99931,KCC,cong-nghe-ky-thuat-hoa-hoc,C02,Điểm học bạ,2023,18.18,Công nghệ kỹ thuật hóa học
99932,KCC,cong-nghe-ky-thuat-hoa-hoc,A00,Điểm thi THPT,2023,15.0,Công nghệ kỹ thuật hóa học
99933,KCC,cong-nghe-ky-thuat-hoa-hoc,A11,Điểm thi THPT,2023,15.0,Công nghệ kỹ thuật hóa học
99934,KCC,cong-nghe-ky-thuat-hoa-hoc,B00,Điểm thi THPT,2023,15.0,Công nghệ kỹ thuật hóa học
99935,KCC,cong-nghe-ky-thuat-hoa-hoc,C02,Điểm thi THPT,2023,15.0,Công nghệ kỹ thuật hóa học
99936,KCC,cong-nghe-ky-thuat-hoa-hoc,A00,Điểm học bạ,2024,21.9,Công nghệ kỹ thuật hóa học
99937,KCC,cong-nghe-ky-thuat-hoa-hoc,A11,Điểm học bạ,2024,21.9,Công nghệ kỹ thuật hóa học
99938,KCC,cong-nghe-ky-thuat-hoa-hoc,B00,Điểm học bạ,2024,21.9,Công nghệ kỹ thuật hóa học
99939,KCC,cong-nghe-ky-thuat-hoa-hoc,C02,Điểm học bạ,2024,21.9,Công nghệ kỹ thuật hóa học
99940,KCC,cong-nghe-ky-thuat-hoa-hoc,A00,Điểm thi THPT,2024,19.8,Công nghệ kỹ thuật hóa học
99941,KCC,cong-nghe-ky-thuat-hoa-hoc,A11,Điểm thi THPT,2024,19.8,Công nghệ kỹ thuật hóa học
99942,KCC,cong-nghe-ky-thuat-hoa-hoc,B00,Điểm thi THPT,2024,19.8,Công nghệ kỹ thuật hóa học
99943,KCC,cong-nghe-ky-thuat-hoa-hoc,C02,Điểm thi THPT,2024,19.8,Công nghệ kỹ thuật hóa học
99944,KCC,cong-nghe-ky-thuat-hoa-hoc,A00,Điểm học bạ,2025,25.62,Công nghệ kỹ thuật hóa học
99945,KCC,cong-nghe-ky-thuat-hoa-hoc,B00,Điểm học bạ,2025,25.62,Công nghệ kỹ thuật hóa học
99946,KCC,cong-nghe-ky-thuat-hoa-hoc,C02,Điểm học bạ,2025,25.62,Công nghệ kỹ thuật hóa học
99947,KCC,cong-nghe-ky-thuat-hoa-hoc,C05,Điểm học bạ,2025,25.62,Công nghệ kỹ thuật hóa học
99948,KCC,cong-nghe-ky-thuat-hoa-hoc,C08,Điểm học bạ,2025,25.62,Công nghệ kỹ thuật hóa học
99949,KCC,cong-nghe-ky-thuat-hoa-hoc,D07,Điểm học bạ,2025,25.62,Công nghệ kỹ thuật hóa học
99950,KCC,cong-nghe-ky-thuat-hoa-hoc,D12,Điểm học bạ,2025,25.62,Công nghệ kỹ thuật hóa học
99951,KCC,cong-nghe-ky-thuat-hoa-hoc,X10,Điểm học bạ,2025,25.62,Công nghệ kỹ thuật hóa học
99952,KCC,cong-nghe-ky-thuat-hoa-hoc,A00,Điểm thi THPT,2025,23.04,Công nghệ kỹ thuật hóa học
99953,KCC,cong-nghe-ky-thuat-hoa-hoc,B00,Điểm thi THPT,2025,23.04,Công nghệ kỹ thuật hóa học
99954,KCC,cong-nghe-ky-thuat-hoa-hoc,C02,Điểm thi THPT,2025,23.04,Công nghệ kỹ thuật hóa học
99955,KCC,cong-nghe-ky-thuat-hoa-hoc,C05,Điểm thi THPT,2025,23.04,Công nghệ kỹ thuật hóa học
99956,KCC,cong-nghe-ky-thuat-hoa-hoc,C08,Điểm thi THPT,2025,23.04,Công nghệ kỹ thuật hóa học
99957,KCC,cong-nghe-ky-thuat-hoa-hoc,D07,Điểm thi THPT,2025,23.04,Công nghệ kỹ thuật hóa học
99958,KCC,cong-nghe-ky-thuat-hoa-hoc,D12,Điểm thi THPT,2025,23.04,Công nghệ kỹ thuật hóa học
99959,KCC,cong-nghe-ky-thuat-hoa-hoc,X10,Điểm thi THPT,2025,23.04,Công nghệ kỹ thuật hóa học
99960,KCC,cong-nghe-ky-thuat-nang-luong,A00,Điểm thi THPT,2021,20.25,Công nghệ kỹ thuật năng lượng
99961,KCC,cong-nghe-ky-thuat-nang-luong,A01,Điểm thi THPT,2021,20.25,Công nghệ kỹ thuật năng lượng
99962,KCC,cong-nghe-ky-thuat-nang-luong,A02,Điểm thi THPT,2021,20.25,Công nghệ kỹ thuật năng lượng
99963,KCC,cong-nghe-ky-thuat-nang-luong,C01,Điểm thi THPT,2021,20.25,Công nghệ kỹ thuật năng lượng
99964,KCC,cong-nghe-ky-thuat-nang-luong,A00,Điểm học bạ,2022,25.0,Công nghệ kỹ thuật năng lượng
99965,KCC,cong-nghe-ky-thuat-nang-luong,A01,Điểm học bạ,2022,25.0,Công nghệ kỹ thuật năng lượng
99966,KCC,cong-nghe-ky-thuat-nang-luong,A02,Điểm học bạ,2022,25.0,Công nghệ kỹ thuật năng lượng
99967,KCC,cong-nghe-ky-thuat-nang-luong,C01,Điểm học bạ,2022,25.0,Công nghệ kỹ thuật năng lượng
99968,KCC,cong-nghe-ky-thuat-nang-luong,A00,Điểm thi THPT,2022,21.3,Công nghệ kỹ thuật năng lượng
99969,KCC,cong-nghe-ky-thuat-nang-luong,A01,Điểm thi THPT,2022,21.3,Công nghệ kỹ thuật năng lượng
99970,KCC,cong-nghe-ky-thuat-nang-luong,A02,Điểm thi THPT,2022,21.3,Công nghệ kỹ thuật năng lượng
99971,KCC,cong-nghe-ky-thuat-nang-luong,C01,Điểm thi THPT,2022,21.3,Công nghệ kỹ thuật năng lượng
99972,KCC,cong-nghe-ky-thuat-nang-luong,A00,Điểm học bạ,2023,19.3,Công nghệ kỹ thuật năng lượng
99973,KCC,cong-nghe-ky-thuat-nang-luong,A01,Điểm học bạ,2023,19.3,Công nghệ kỹ thuật năng lượng
99974,KCC,cong-nghe-ky-thuat-nang-luong,A02,Điểm học bạ,2023,19.3,Công nghệ kỹ thuật năng lượng
99975,KCC,cong-nghe-ky-thuat-nang-luong,C01,Điểm học bạ,2023,19.3,Công nghệ kỹ thuật năng lượng
99976,KCC,cong-nghe-ky-thuat-nang-luong,A00,Điểm thi THPT,2023,15.0,Công nghệ kỹ thuật năng lượng
99977,KCC,cong-nghe-ky-thuat-nang-luong,A01,Điểm thi THPT,2023,15.0,Công nghệ kỹ thuật năng lượng
99978,KCC,cong-nghe-ky-thuat-nang-luong,A02,Điểm thi THPT,2023,15.0,Công nghệ kỹ thuật năng lượng
99979,KCC,cong-nghe-ky-thuat-nang-luong,C01,Điểm thi THPT,2023,15.0,Công nghệ kỹ thuật năng lượng
99980,KCC,cong-nghe-ky-thuat-nang-luong,A00,Điểm học bạ,2024,20.45,Công nghệ kỹ thuật năng lượng
99981,KCC,cong-nghe-ky-thuat-nang-luong,A01,Điểm học bạ,2024,20.45,Công nghệ kỹ thuật năng lượng
99982,KCC,cong-nghe-ky-thuat-nang-luong,A02,Điểm học bạ,2024,20.45,Công nghệ kỹ thuật năng lượng
99983,KCC,cong-nghe-ky-thuat-nang-luong,C01,Điểm học bạ,2024,20.45,Công nghệ kỹ thuật năng lượng
99984,KCC,cong-nghe-ky-thuat-nang-luong,A00,Điểm thi THPT,2024,18.9,Công nghệ kỹ thuật năng lượng
99985,KCC,cong-nghe-ky-thuat-nang-luong,A01,Điểm thi THPT,2024,18.9,Công nghệ kỹ thuật năng lượng
99986,KCC,cong-nghe-ky-thuat-nang-luong,A02,Điểm thi THPT,2024,18.9,Công nghệ kỹ thuật năng lượng
99987,KCC,cong-nghe-ky-thuat-nang-luong,C01,Điểm thi THPT,2024,18.9,Công nghệ kỹ thuật năng lượng
99988,KCC,cong-nghe-ky-thuat-nang-luong,A00,Điểm học bạ,2025,23.98,Công nghệ kỹ thuật năng lượng
99989,KCC,cong-nghe-ky-thuat-nang-luong,A01,Điểm học bạ,2025,23.98,Công nghệ kỹ thuật năng lượng
99990,KCC,cong-nghe-ky-thuat-nang-luong,C01,Điểm học bạ,2025,23.98,Công nghệ kỹ thuật năng lượng
99991,KCC,cong-nghe-ky-thuat-nang-luong,C05,Điểm học bạ,2025,23.98,Công nghệ kỹ thuật năng lượng
99992,KCC,cong-nghe-ky-thuat-nang-luong,X05,Điểm học bạ,2025,23.98,Công nghệ kỹ thuật năng lượng
99993,KCC,cong-nghe-ky-thuat-nang-luong,X06,Điểm học bạ,2025,23.98,Công nghệ kỹ thuật năng lượng
99994,KCC,cong-nghe-ky-thuat-nang-luong,X07,Điểm học bạ,2025,23.98,Công nghệ kỹ thuật năng lượng
99995,KCC,cong-nghe-ky-thuat-nang-luong,X59,Điểm học bạ,2025,23.98,Công nghệ kỹ thuật năng lượng
99996,KCC,cong-nghe-ky-thuat-nang-luong,A00,Điểm thi THPT,2025,21.24,Công nghệ kỹ thuật năng lượng
99997,KCC,cong-nghe-ky-thuat-nang-luong,A01,Điểm thi THPT,2025,21.24,Công nghệ kỹ thuật năng lượng
99998,KCC,cong-nghe-ky-thuat-nang-luong,C01,Điểm thi THPT,2025,21.24,Công nghệ kỹ thuật năng lượng
99999,KCC,cong-nghe-ky-thuat-nang-luong,C05,Điểm thi THPT,2025,21.24,Công nghệ kỹ thuật năng lượng
100000,KCC,cong-nghe-ky-thuat-nang-luong,X05,Điểm thi THPT,2025,21.24,Công nghệ kỹ thuật năng lượng
100001,KCC,cong-nghe-ky-thuat-nang-luong,X06,Điểm thi THPT,2025,21.24,Công nghệ kỹ thuật năng lượng
100002,KCC,cong-nghe-ky-thuat-nang-luong,X07,Điểm thi THPT,2025,21.24,Công nghệ kỹ thuật năng lượng
100003,KCC,cong-nghe-ky-thuat-nang-luong,X59,Điểm thi THPT,2025,21.24,Công nghệ kỹ thuật năng lượng
100004,KCC,cong-nghe-sinh-hoc,A02,Điểm thi THPT,2021,19.95,Công nghệ sinh học
100005,KCC,cong-nghe-sinh-hoc,B00,Điểm thi THPT,2021,19.95,Công nghệ sinh học
100006,KCC,cong-nghe-sinh-hoc,C02,Điểm thi THPT,2021,19.95,Công nghệ sinh học
100007,KCC,cong-nghe-sinh-hoc,D01,Điểm thi THPT,2021,19.95,Công nghệ sinh học
100008,KCC,cong-nghe-sinh-hoc,A02,Điểm học bạ,2022,26.05,Công nghệ sinh học
100009,KCC,cong-nghe-sinh-hoc,B00,Điểm học bạ,2022,26.05,Công nghệ sinh học
100010,KCC,cong-nghe-sinh-hoc,C02,Điểm học bạ,2022,26.05,Công nghệ sinh học
100011,KCC,cong-nghe-sinh-hoc,D01,Điểm học bạ,2022,26.05,Công nghệ sinh học
100012,KCC,cong-nghe-sinh-hoc,A02,Điểm thi THPT,2022,22.05,Công nghệ sinh học
100013,KCC,cong-nghe-sinh-hoc,B00,Điểm thi THPT,2022,22.05,Công nghệ sinh học
100014,KCC,cong-nghe-sinh-hoc,C02,Điểm thi THPT,2022,22.05,Công nghệ sinh học
100015,KCC,cong-nghe-sinh-hoc,D01,Điểm thi THPT,2022,22.05,Công nghệ sinh học
100016,KCC,cong-nghe-sinh-hoc,A00,Điểm học bạ,2023,20.2,Công nghệ sinh học
100017,KCC,cong-nghe-sinh-hoc,B00,Điểm học bạ,2023,20.2,Công nghệ sinh học
100018,KCC,cong-nghe-sinh-hoc,C02,Điểm học bạ,2023,20.2,Công nghệ sinh học
100019,KCC,cong-nghe-sinh-hoc,D01,Điểm học bạ,2023,20.2,Công nghệ sinh học
100020,KCC,cong-nghe-sinh-hoc,A00,Điểm thi THPT,2023,21.5,Công nghệ sinh học
100021,KCC,cong-nghe-sinh-hoc,B00,Điểm thi THPT,2023,21.5,Công nghệ sinh học
100022,KCC,cong-nghe-sinh-hoc,C02,Điểm thi THPT,2023,21.5,Công nghệ sinh học
100023,KCC,cong-nghe-sinh-hoc,D01,Điểm thi THPT,2023,21.5,Công nghệ sinh học
100024,KCC,cong-nghe-sinh-hoc,A02,Điểm học bạ,2024,24.3,Công nghệ sinh học
100025,KCC,cong-nghe-sinh-hoc,B00,Điểm học bạ,2024,24.3,Công nghệ sinh học
100026,KCC,cong-nghe-sinh-hoc,C02,Điểm học bạ,2024,24.3,Công nghệ sinh học
100027,KCC,cong-nghe-sinh-hoc,D01,Điểm học bạ,2024,24.3,Công nghệ sinh học
100028,KCC,cong-nghe-sinh-hoc,A02,Điểm thi THPT,2024,15.45,Công nghệ sinh học
100029,KCC,cong-nghe-sinh-hoc,B00,Điểm thi THPT,2024,15.45,Công nghệ sinh học
100030,KCC,cong-nghe-sinh-hoc,C02,Điểm thi THPT,2024,15.45,Công nghệ sinh học
100031,KCC,cong-nghe-sinh-hoc,D01,Điểm thi THPT,2024,15.45,Công nghệ sinh học
100032,KCC,cong-nghe-sinh-hoc,B00,Điểm học bạ,2025,25.17,Công nghệ sinh học
100033,KCC,cong-nghe-sinh-hoc,B03,Điểm học bạ,2025,25.17,Công nghệ sinh học
100034,KCC,cong-nghe-sinh-hoc,B08,Điểm học bạ,2025,25.17,Công nghệ sinh học
100035,KCC,cong-nghe-sinh-hoc,C08,Điểm học bạ,2025,25.17,Công nghệ sinh học
100036,KCC,cong-nghe-sinh-hoc,D13,Điểm học bạ,2025,25.17,Công nghệ sinh học
100037,KCC,cong-nghe-sinh-hoc,X13,Điểm học bạ,2025,25.17,Công nghệ sinh học
100038,KCC,cong-nghe-sinh-hoc,X14,Điểm học bạ,2025,25.17,Công nghệ sinh học
100039,KCC,cong-nghe-sinh-hoc,X16,Điểm học bạ,2025,25.17,Công nghệ sinh học
100040,KCC,cong-nghe-sinh-hoc,B00,Điểm thi THPT,2025,22.55,Công nghệ sinh học
100041,KCC,cong-nghe-sinh-hoc,B03,Điểm thi THPT,2025,22.55,Công nghệ sinh học
100042,KCC,cong-nghe-sinh-hoc,B08,Điểm thi THPT,2025,22.55,Công nghệ sinh học
100043,KCC,cong-nghe-sinh-hoc,C08,Điểm thi THPT,2025,22.55,Công nghệ sinh học
100044,KCC,cong-nghe-sinh-hoc,D13,Điểm thi THPT,2025,22.55,Công nghệ sinh học
100045,KCC,cong-nghe-sinh-hoc,X13,Điểm thi THPT,2025,22.55,Công nghệ sinh học
100046,KCC,cong-nghe-sinh-hoc,X14,Điểm thi THPT,2025,22.55,Công nghệ sinh học
100047,KCC,cong-nghe-sinh-hoc,X16,Điểm thi THPT,2025,22.55,Công nghệ sinh học
100048,KCC,cong-nghe-thong-tin,A00,Điểm thi THPT,2021,23.75,Công nghệ thông tin
100049,KCC,cong-nghe-thong-tin,A01,Điểm thi THPT,2021,23.75,Công nghệ thông tin
100050,KCC,cong-nghe-thong-tin,C01,Điểm thi THPT,2021,23.75,Công nghệ thông tin
100051,KCC,cong-nghe-thong-tin,D01,Điểm thi THPT,2021,23.75,Công nghệ thông tin
100052,KCC,cong-nghe-thong-tin,A00,Điểm học bạ,2022,27.99,Công nghệ thông tin
100053,KCC,cong-nghe-thong-tin,A01,Điểm học bạ,2022,27.99,Công nghệ thông tin
100054,KCC,cong-nghe-thong-tin,C01,Điểm học bạ,2022,27.99,Công nghệ thông tin
100055,KCC,cong-nghe-thong-tin,D01,Điểm học bạ,2022,27.99,Công nghệ thông tin
100056,KCC,cong-nghe-thong-tin,A00,Điểm thi THPT,2022,24.89,Công nghệ thông tin
100057,KCC,cong-nghe-thong-tin,A01,Điểm thi THPT,2022,24.89,Công nghệ thông tin
100058,KCC,cong-nghe-thong-tin,C01,Điểm thi THPT,2022,24.89,Công nghệ thông tin
100059,KCC,cong-nghe-thong-tin,D01,Điểm thi THPT,2022,24.89,Công nghệ thông tin
100060,KCC,cong-nghe-thong-tin,A00,Điểm học bạ,2023,26.26,Công nghệ thông tin
100061,KCC,cong-nghe-thong-tin,A01,Điểm học bạ,2023,26.26,Công nghệ thông tin
100062,KCC,cong-nghe-thong-tin,C01,Điểm học bạ,2023,26.26,Công nghệ thông tin
100063,KCC,cong-nghe-thong-tin,D01,Điểm học bạ,2023,26.26,Công nghệ thông tin
100064,KCC,cong-nghe-thong-tin,A00,Điểm thi THPT,2023,22.16,Công nghệ thông tin
100065,KCC,cong-nghe-thong-tin,A01,Điểm thi THPT,2023,22.16,Công nghệ thông tin
100066,KCC,cong-nghe-thong-tin,C01,Điểm thi THPT,2023,22.16,Công nghệ thông tin
100067,KCC,cong-nghe-thong-tin,D01,Điểm thi THPT,2023,22.16,Công nghệ thông tin
100068,KCC,cong-nghe-thong-tin,A00,Điểm học bạ,2024,26.45,Công nghệ thông tin
100069,KCC,cong-nghe-thong-tin,A01,Điểm học bạ,2024,26.45,Công nghệ thông tin
100070,KCC,cong-nghe-thong-tin,C01,Điểm học bạ,2024,26.45,Công nghệ thông tin
100071,KCC,cong-nghe-thong-tin,D01,Điểm học bạ,2024,26.45,Công nghệ thông tin
100072,KCC,cong-nghe-thong-tin,A00,Điểm thi THPT,2024,23.0,Công nghệ thông tin
100073,KCC,cong-nghe-thong-tin,A01,Điểm thi THPT,2024,23.0,Công nghệ thông tin
100074,KCC,cong-nghe-thong-tin,C01,Điểm thi THPT,2024,23.0,Công nghệ thông tin
100075,KCC,cong-nghe-thong-tin,D01,Điểm thi THPT,2024,23.0,Công nghệ thông tin
100076,KCC,cong-nghe-thong-tin,A00,Điểm học bạ,2025,26.65,Công nghệ thông tin
100077,KCC,cong-nghe-thong-tin,A01,Điểm học bạ,2025,26.65,Công nghệ thông tin
100078,KCC,cong-nghe-thong-tin,C01,Điểm học bạ,2025,26.65,Công nghệ thông tin
100079,KCC,cong-nghe-thong-tin,D01,Điểm học bạ,2025,26.65,Công nghệ thông tin
100080,KCC,cong-nghe-thong-tin,X01,Điểm học bạ,2025,26.65,Công nghệ thông tin
100081,KCC,cong-nghe-thong-tin,X05,Điểm học bạ,2025,26.65,Công nghệ thông tin
100082,KCC,cong-nghe-thong-tin,X06,Điểm học bạ,2025,26.65,Công nghệ thông tin
100083,KCC,cong-nghe-thong-tin,X25,Điểm học bạ,2025,26.65,Công nghệ thông tin
100084,KCC,cong-nghe-thong-tin,A00,Điểm thi THPT,2025,24.23,Công nghệ thông tin
100085,KCC,cong-nghe-thong-tin,A01,Điểm thi THPT,2025,24.23,Công nghệ thông tin
100086,KCC,cong-nghe-thong-tin,C01,Điểm thi THPT,2025,24.23,Công nghệ thông tin
100087,KCC,cong-nghe-thong-tin,D01,Điểm thi THPT,2025,24.23,Công nghệ thông tin
100088,KCC,cong-nghe-thong-tin,X01,Điểm thi THPT,2025,24.23,Công nghệ thông tin
100089,KCC,cong-nghe-thong-tin,X05,Điểm thi THPT,2025,24.23,Công nghệ thông tin
100090,KCC,cong-nghe-thong-tin,X06,Điểm thi THPT,2025,24.23,Công nghệ thông tin
100091,KCC,cong-nghe-thong-tin,X25,Điểm thi THPT,2025,24.23,Công nghệ thông tin
100092,KCC,cong-nghe-thuc-pham,A00,Điểm thi THPT,2021,23.25,Công nghệ thực phẩm
100093,KCC,cong-nghe-thuc-pham,B00,Điểm thi THPT,2021,23.25,Công nghệ thực phẩm
100094,KCC,cong-nghe-thuc-pham,C02,Điểm thi THPT,2021,23.25,Công nghệ thực phẩm
100095,KCC,cong-nghe-thuc-pham,D01,Điểm thi THPT,2021,23.25,Công nghệ thực phẩm
100096,KCC,cong-nghe-thuc-pham,A00,Điểm học bạ,2022,27.55,Công nghệ thực phẩm
100097,KCC,cong-nghe-thuc-pham,B00,Điểm học bạ,2022,27.55,Công nghệ thực phẩm
100098,KCC,cong-nghe-thuc-pham,C02,Điểm học bạ,2022,27.55,Công nghệ thực phẩm
100099,KCC,cong-nghe-thuc-pham,D01,Điểm học bạ,2022,27.55,Công nghệ thực phẩm
100100,KCC,cong-nghe-thuc-pham,A00,Điểm thi THPT,2022,23.24,Công nghệ thực phẩm
100101,KCC,cong-nghe-thuc-pham,B00,Điểm thi THPT,2022,23.24,Công nghệ thực phẩm
100102,KCC,cong-nghe-thuc-pham,C02,Điểm thi THPT,2022,23.24,Công nghệ thực phẩm
100103,KCC,cong-nghe-thuc-pham,D01,Điểm thi THPT,2022,23.24,Công nghệ thực phẩm
100104,KCC,cong-nghe-thuc-pham,A00,Điểm học bạ,2023,24.8,Công nghệ thực phẩm
100105,KCC,cong-nghe-thuc-pham,B00,Điểm học bạ,2023,24.8,Công nghệ thực phẩm
100106,KCC,cong-nghe-thuc-pham,C02,Điểm học bạ,2023,24.8,Công nghệ thực phẩm
100107,KCC,cong-nghe-thuc-pham,D01,Điểm học bạ,2023,24.8,Công nghệ thực phẩm
100108,KCC,cong-nghe-thuc-pham,A00,Điểm thi THPT,2023,21.75,Công nghệ thực phẩm
100109,KCC,cong-nghe-thuc-pham,B00,Điểm thi THPT,2023,21.75,Công nghệ thực phẩm
100110,KCC,cong-nghe-thuc-pham,C02,Điểm thi THPT,2023,21.75,Công nghệ thực phẩm
100111,KCC,cong-nghe-thuc-pham,D01,Điểm thi THPT,2023,21.75,Công nghệ thực phẩm
100112,KCC,cong-nghe-thuc-pham,A00,Điểm học bạ,2024,25.23,Công nghệ thực phẩm
100113,KCC,cong-nghe-thuc-pham,B00,Điểm học bạ,2024,25.23,Công nghệ thực phẩm
100114,KCC,cong-nghe-thuc-pham,C02,Điểm học bạ,2024,25.23,Công nghệ thực phẩm
100115,KCC,cong-nghe-thuc-pham,D01,Điểm học bạ,2024,25.23,Công nghệ thực phẩm
100116,KCC,cong-nghe-thuc-pham,A00,Điểm thi THPT,2024,20.0,Công nghệ thực phẩm
100117,KCC,cong-nghe-thuc-pham,B00,Điểm thi THPT,2024,20.0,Công nghệ thực phẩm
100118,KCC,cong-nghe-thuc-pham,C02,Điểm thi THPT,2024,20.0,Công nghệ thực phẩm
100119,KCC,cong-nghe-thuc-pham,D01,Điểm thi THPT,2024,20.0,Công nghệ thực phẩm
100120,KCC,cong-nghe-thuc-pham,A00,Điểm học bạ,2025,25.8,Công nghệ thực phẩm
100121,KCC,cong-nghe-thuc-pham,B00,Điểm học bạ,2025,25.8,Công nghệ thực phẩm
100122,KCC,cong-nghe-thuc-pham,B03,Điểm học bạ,2025,25.8,Công nghệ thực phẩm
100123,KCC,cong-nghe-thuc-pham,B08,Điểm học bạ,2025,25.8,Công nghệ thực phẩm
100124,KCC,cong-nghe-thuc-pham,C02,Điểm học bạ,2025,25.8,Công nghệ thực phẩm
100125,KCC,cong-nghe-thuc-pham,C08,Điểm học bạ,2025,25.8,Công nghệ thực phẩm
100126,KCC,cong-nghe-thuc-pham,D07,Điểm học bạ,2025,25.8,Công nghệ thực phẩm
100127,KCC,cong-nghe-thuc-pham,X10,Điểm học bạ,2025,25.8,Công nghệ thực phẩm
100128,KCC,cong-nghe-thuc-pham,A00,Điểm thi THPT,2025,23.26,Công nghệ thực phẩm
100129,KCC,cong-nghe-thuc-pham,B00,Điểm thi THPT,2025,23.26,Công nghệ thực phẩm
100130,KCC,cong-nghe-thuc-pham,B03,Điểm thi THPT,2025,23.26,Công nghệ thực phẩm
100131,KCC,cong-nghe-thuc-pham,B08,Điểm thi THPT,2025,23.26,Công nghệ thực phẩm
100132,KCC,cong-nghe-thuc-pham,C02,Điểm thi THPT,2025,23.26,Công nghệ thực phẩm
100133,KCC,cong-nghe-thuc-pham,C08,Điểm thi THPT,2025,23.26,Công nghệ thực phẩm
100134,KCC,cong-nghe-thuc-pham,D07,Điểm thi THPT,2025,23.26,Công nghệ thực phẩm
100135,KCC,cong-nghe-thuc-pham,X10,Điểm thi THPT,2025,23.26,Công nghệ thực phẩm
100136,KCC,he-thong-thong-tin,A00,Điểm thi THPT,2021,22.4,Hệ thống thông tin
100137,KCC,he-thong-thong-tin,A01,Điểm thi THPT,2021,22.4,Hệ thống thông tin
100138,KCC,he-thong-thong-tin,C01,Điểm thi THPT,2021,22.4,Hệ thống thông tin
100139,KCC,he-thong-thong-tin,D01,Điểm thi THPT,2021,22.4,Hệ thống thông tin
100140,KCC,he-thong-thong-tin,A00,Điểm học bạ,2022,27.35,Hệ thống thông tin
100141,KCC,he-thong-thong-tin,A01,Điểm học bạ,2022,27.35,Hệ thống thông tin
100142,KCC,he-thong-thong-tin,C01,Điểm học bạ,2022,27.35,Hệ thống thông tin
100143,KCC,he-thong-thong-tin,D01,Điểm học bạ,2022,27.35,Hệ thống thông tin
100144,KCC,he-thong-thong-tin,A00,Điểm thi THPT,2022,24.09,Hệ thống thông tin
100145,KCC,he-thong-thong-tin,A01,Điểm thi THPT,2022,24.09,Hệ thống thông tin
100146,KCC,he-thong-thong-tin,C01,Điểm thi THPT,2022,24.09,Hệ thống thông tin
100147,KCC,he-thong-thong-tin,D01,Điểm thi THPT,2022,24.09,Hệ thống thông tin
100148,KCC,he-thong-thong-tin,A00,Điểm học bạ,2023,21.1,Hệ thống thông tin
100149,KCC,he-thong-thong-tin,A01,Điểm học bạ,2023,21.1,Hệ thống thông tin
100150,KCC,he-thong-thong-tin,C01,Điểm học bạ,2023,21.1,Hệ thống thông tin
100151,KCC,he-thong-thong-tin,D01,Điểm học bạ,2023,21.1,Hệ thống thông tin
100152,KCC,he-thong-thong-tin,A00,Điểm thi THPT,2023,16.0,Hệ thống thông tin
100153,KCC,he-thong-thong-tin,A01,Điểm thi THPT,2023,16.0,Hệ thống thông tin
100154,KCC,he-thong-thong-tin,C01,Điểm thi THPT,2023,16.0,Hệ thống thông tin
100155,KCC,he-thong-thong-tin,D01,Điểm thi THPT,2023,16.0,Hệ thống thông tin
100156,KCC,he-thong-thong-tin,A00,Điểm học bạ,2024,25.24,Hệ thống thông tin
100157,KCC,he-thong-thong-tin,A01,Điểm học bạ,2024,25.24,Hệ thống thông tin
100158,KCC,he-thong-thong-tin,C01,Điểm học bạ,2024,25.24,Hệ thống thông tin
100159,KCC,he-thong-thong-tin,D01,Điểm học bạ,2024,25.24,Hệ thống thông tin
100160,KCC,he-thong-thong-tin,A00,Điểm thi THPT,2024,23.3,Hệ thống thông tin
100161,KCC,he-thong-thong-tin,A01,Điểm thi THPT,2024,23.3,Hệ thống thông tin
100162,KCC,he-thong-thong-tin,C01,Điểm thi THPT,2024,23.3,Hệ thống thông tin
100163,KCC,he-thong-thong-tin,D01,Điểm thi THPT,2024,23.3,Hệ thống thông tin
100164,KCC,he-thong-thong-tin,A00,Điểm học bạ,2025,24.6,Hệ thống thông tin
100165,KCC,he-thong-thong-tin,A01,Điểm học bạ,2025,24.6,Hệ thống thông tin
100166,KCC,he-thong-thong-tin,C01,Điểm học bạ,2025,24.6,Hệ thống thông tin
100167,KCC,he-thong-thong-tin,D01,Điểm học bạ,2025,24.6,Hệ thống thông tin
100168,KCC,he-thong-thong-tin,X01,Điểm học bạ,2025,24.6,Hệ thống thông tin
100169,KCC,he-thong-thong-tin,X05,Điểm học bạ,2025,24.6,Hệ thống thông tin
100170,KCC,he-thong-thong-tin,X06,Điểm học bạ,2025,24.6,Hệ thống thông tin
100171,KCC,he-thong-thong-tin,X25,Điểm học bạ,2025,24.6,Hệ thống thông tin
100172,KCC,he-thong-thong-tin,A00,Điểm thi THPT,2025,21.92,Hệ thống thông tin
100173,KCC,he-thong-thong-tin,A01,Điểm thi THPT,2025,21.92,Hệ thống thông tin
100174,KCC,he-thong-thong-tin,C01,Điểm thi THPT,2025,21.92,Hệ thống thông tin
100175,KCC,he-thong-thong-tin,D01,Điểm thi THPT,2025,21.92,Hệ thống thông tin
100176,KCC,he-thong-thong-tin,X01,Điểm thi THPT,2025,21.92,Hệ thống thông tin
100177,KCC,he-thong-thong-tin,X05,Điểm thi THPT,2025,21.92,Hệ thống thông tin
100178,KCC,he-thong-thong-tin,X06,Điểm thi THPT,2025,21.92,Hệ thống thông tin
100179,KCC,he-thong-thong-tin,X25,Điểm thi THPT,2025,21.92,Hệ thống thông tin
100180,KCC,ke-toan,A00,Điểm thi THPT,2021,23.8,Kế toán
100181,KCC,ke-toan,C01,Điểm thi THPT,2021,23.8,Kế toán
100182,KCC,ke-toan,C02,Điểm thi THPT,2021,23.8,Kế toán
100183,KCC,ke-toan,D01,Điểm thi THPT,2021,23.8,Kế toán
100184,KCC,ke-toan,A00,Điểm học bạ,2022,27.54,Kế toán
100185,KCC,ke-toan,C01,Điểm học bạ,2022,27.54,Kế toán
100186,KCC,ke-toan,C02,Điểm học bạ,2022,27.54,Kế toán
100187,KCC,ke-toan,D01,Điểm học bạ,2022,27.54,Kế toán
100188,KCC,ke-toan,A00,Điểm thi THPT,2022,24.09,Kế toán
100189,KCC,ke-toan,C01,Điểm thi THPT,2022,24.09,Kế toán
100190,KCC,ke-toan,C02,Điểm thi THPT,2022,24.09,Kế toán
100191,KCC,ke-toan,D01,Điểm thi THPT,2022,24.09,Kế toán
100192,KCC,ke-toan,A00,Điểm học bạ,2023,24.68,Kế toán
100193,KCC,ke-toan,C01,Điểm học bạ,2023,24.68,Kế toán
100194,KCC,ke-toan,C02,Điểm học bạ,2023,24.68,Kế toán
100195,KCC,ke-toan,D01,Điểm học bạ,2023,24.68,Kế toán
100196,KCC,ke-toan,A00,Điểm thi THPT,2023,20.7,Kế toán
100197,KCC,ke-toan,C01,Điểm thi THPT,2023,20.7,Kế toán
100198,KCC,ke-toan,C02,Điểm thi THPT,2023,20.7,Kế toán
100199,KCC,ke-toan,D01,Điểm thi THPT,2023,20.7,Kế toán
100200,KCC,ke-toan,A00,Điểm học bạ,2024,24.88,Kế toán
100201,KCC,ke-toan,C01,Điểm học bạ,2024,24.88,Kế toán
100202,KCC,ke-toan,C02,Điểm học bạ,2024,24.88,Kế toán
100203,KCC,ke-toan,D01,Điểm học bạ,2024,24.88,Kế toán
100204,KCC,ke-toan,A00,Điểm thi THPT,2024,23.19,Kế toán
100205,KCC,ke-toan,C01,Điểm thi THPT,2024,23.19,Kế toán
100206,KCC,ke-toan,C02,Điểm thi THPT,2024,23.19,Kế toán
100207,KCC,ke-toan,D01,Điểm thi THPT,2024,23.19,Kế toán
100208,KCC,ke-toan,A00,Điểm học bạ,2025,25.83,Kế toán
100209,KCC,ke-toan,A01,Điểm học bạ,2025,25.83,Kế toán
100210,KCC,ke-toan,C01,Điểm học bạ,2025,25.83,Kế toán
100211,KCC,ke-toan,D01,Điểm học bạ,2025,25.83,Kế toán
100212,KCC,ke-toan,X01,Điểm học bạ,2025,25.83,Kế toán
100213,KCC,ke-toan,X02,Điểm học bạ,2025,25.83,Kế toán
100214,KCC,ke-toan,X05,Điểm học bạ,2025,25.83,Kế toán
100215,KCC,ke-toan,X25,Điểm học bạ,2025,25.83,Kế toán
100216,KCC,ke-toan,A00,Điểm thi THPT,2025,23.29,Kế toán
100217,KCC,ke-toan,A01,Điểm thi THPT,2025,23.29,Kế toán
100218,KCC,ke-toan,C01,Điểm thi THPT,2025,23.29,Kế toán
100219,KCC,ke-toan,D01,Điểm thi THPT,2025,23.29,Kế toán
100220,KCC,ke-toan,X01,Điểm thi THPT,2025,23.29,Kế toán
100221,KCC,ke-toan,X02,Điểm thi THPT,2025,23.29,Kế toán
100222,KCC,ke-toan,X05,Điểm thi THPT,2025,23.29,Kế toán
100223,KCC,ke-toan,X25,Điểm thi THPT,2025,23.29,Kế toán
100224,KCC,khoa-hoc-du-lieu,A00,Điểm thi THPT,2021,20.5,Khoa học dữ liệu
100225,KCC,khoa-hoc-du-lieu,A01,Điểm thi THPT,2021,20.5,Khoa học dữ liệu
100226,KCC,khoa-hoc-du-lieu,C01,Điểm thi THPT,2021,20.5,Khoa học dữ liệu
100227,KCC,khoa-hoc-du-lieu,D01,Điểm thi THPT,2021,20.5,Khoa học dữ liệu
100228,KCC,khoa-hoc-du-lieu,A00,Điểm học bạ,2022,24.79,Khoa học dữ liệu
100229,KCC,khoa-hoc-du-lieu,A01,Điểm học bạ,2022,24.79,Khoa học dữ liệu
100230,KCC,khoa-hoc-du-lieu,C01,Điểm học bạ,2022,24.79,Khoa học dữ liệu
100231,KCC,khoa-hoc-du-lieu,D01,Điểm học bạ,2022,24.79,Khoa học dữ liệu
100232,KCC,khoa-hoc-du-lieu,A00,Điểm thi THPT,2022,23.44,Khoa học dữ liệu
100233,KCC,khoa-hoc-du-lieu,A01,Điểm thi THPT,2022,23.44,Khoa học dữ liệu
100234,KCC,khoa-hoc-du-lieu,C01,Điểm thi THPT,2022,23.44,Khoa học dữ liệu
100235,KCC,khoa-hoc-du-lieu,D01,Điểm thi THPT,2022,23.44,Khoa học dữ liệu
100236,KCC,khoa-hoc-du-lieu,A00,Điểm học bạ,2023,19.5,Khoa học dữ liệu
100237,KCC,khoa-hoc-du-lieu,A01,Điểm học bạ,2023,19.5,Khoa học dữ liệu
100238,KCC,khoa-hoc-du-lieu,C01,Điểm học bạ,2023,19.5,Khoa học dữ liệu
100239,KCC,khoa-hoc-du-lieu,D01,Điểm học bạ,2023,19.5,Khoa học dữ liệu
100240,KCC,khoa-hoc-du-lieu,A00,Điểm thi THPT,2023,15.0,Khoa học dữ liệu
100241,KCC,khoa-hoc-du-lieu,A01,Điểm thi THPT,2023,15.0,Khoa học dữ liệu
100242,KCC,khoa-hoc-du-lieu,C01,Điểm thi THPT,2023,15.0,Khoa học dữ liệu
100243,KCC,khoa-hoc-du-lieu,D01,Điểm thi THPT,2023,15.0,Khoa học dữ liệu
100244,KCC,khoa-hoc-du-lieu,A00,Điểm học bạ,2024,23.43,Khoa học dữ liệu
100245,KCC,khoa-hoc-du-lieu,A01,Điểm học bạ,2024,23.43,Khoa học dữ liệu
100246,KCC,khoa-hoc-du-lieu,C01,Điểm học bạ,2024,23.43,Khoa học dữ liệu
100247,KCC,khoa-hoc-du-lieu,D01,Điểm học bạ,2024,23.43,Khoa học dữ liệu
100248,KCC,khoa-hoc-du-lieu,A00,Điểm thi THPT,2024,21.95,Khoa học dữ liệu
100249,KCC,khoa-hoc-du-lieu,A01,Điểm thi THPT,2024,21.95,Khoa học dữ liệu
100250,KCC,khoa-hoc-du-lieu,C01,Điểm thi THPT,2024,21.95,Khoa học dữ liệu
100251,KCC,khoa-hoc-du-lieu,D01,Điểm thi THPT,2024,21.95,Khoa học dữ liệu
100252,KCC,khoa-hoc-du-lieu,A00,Điểm học bạ,2025,23.98,Khoa học dữ liệu
100253,KCC,khoa-hoc-du-lieu,A01,Điểm học bạ,2025,23.98,Khoa học dữ liệu
100254,KCC,khoa-hoc-du-lieu,C01,Điểm học bạ,2025,23.98,Khoa học dữ liệu
100255,KCC,khoa-hoc-du-lieu,D01,Điểm học bạ,2025,23.98,Khoa học dữ liệu
100256,KCC,khoa-hoc-du-lieu,X01,Điểm học bạ,2025,23.98,Khoa học dữ liệu
100257,KCC,khoa-hoc-du-lieu,X05,Điểm học bạ,2025,23.98,Khoa học dữ liệu
100258,KCC,khoa-hoc-du-lieu,X06,Điểm học bạ,2025,23.98,Khoa học dữ liệu
100259,KCC,khoa-hoc-du-lieu,X25,Điểm học bạ,2025,23.98,Khoa học dữ liệu
100260,KCC,khoa-hoc-du-lieu,A00,Điểm thi THPT,2025,21.24,Khoa học dữ liệu
100261,KCC,khoa-hoc-du-lieu,A01,Điểm thi THPT,2025,21.24,Khoa học dữ liệu
100262,KCC,khoa-hoc-du-lieu,C01,Điểm thi THPT,2025,21.24,Khoa học dữ liệu
100263,KCC,khoa-hoc-du-lieu,D01,Điểm thi THPT,2025,21.24,Khoa học dữ liệu
100264,KCC,khoa-hoc-du-lieu,X01,Điểm thi THPT,2025,21.24,Khoa học dữ liệu
100265,KCC,khoa-hoc-du-lieu,X05,Điểm thi THPT,2025,21.24,Khoa học dữ liệu
100266,KCC,khoa-hoc-du-lieu,X06,Điểm thi THPT,2025,21.24,Khoa học dữ liệu
100267,KCC,khoa-hoc-du-lieu,X25,Điểm thi THPT,2025,21.24,Khoa học dữ liệu
100268,KCC,khoa-hoc-may-tinh,A00,Điểm thi THPT,2021,23.25,Khoa học máy tính
100269,KCC,khoa-hoc-may-tinh,A01,Điểm thi THPT,2021,23.25,Khoa học máy tính
100270,KCC,khoa-hoc-may-tinh,C01,Điểm thi THPT,2021,23.25,Khoa học máy tính
100271,KCC,khoa-hoc-may-tinh,D01,Điểm thi THPT,2021,23.25,Khoa học máy tính
100272,KCC,khoa-hoc-may-tinh,A00,Điểm học bạ,2022,27.95,Khoa học máy tính
100273,KCC,khoa-hoc-may-tinh,A01,Điểm học bạ,2022,27.95,Khoa học máy tính
100274,KCC,khoa-hoc-may-tinh,C01,Điểm học bạ,2022,27.95,Khoa học máy tính
100275,KCC,khoa-hoc-may-tinh,D01,Điểm học bạ,2022,27.95,Khoa học máy tính
100276,KCC,khoa-hoc-may-tinh,A00,Điểm thi THPT,2022,24.1,Khoa học máy tính
100277,KCC,khoa-hoc-may-tinh,A01,Điểm thi THPT,2022,24.1,Khoa học máy tính
100278,KCC,khoa-hoc-may-tinh,C01,Điểm thi THPT,2022,24.1,Khoa học máy tính
100279,KCC,khoa-hoc-may-tinh,D01,Điểm thi THPT,2022,24.1,Khoa học máy tính
100280,KCC,khoa-hoc-may-tinh,A00,Điểm học bạ,2023,22.5,Khoa học máy tính
100281,KCC,khoa-hoc-may-tinh,A01,Điểm học bạ,2023,22.5,Khoa học máy tính
100282,KCC,khoa-hoc-may-tinh,C01,Điểm học bạ,2023,22.5,Khoa học máy tính
100283,KCC,khoa-hoc-may-tinh,D01,Điểm học bạ,2023,22.5,Khoa học máy tính
100284,KCC,khoa-hoc-may-tinh,A00,Điểm thi THPT,2023,20.4,Khoa học máy tính
100285,KCC,khoa-hoc-may-tinh,A01,Điểm thi THPT,2023,20.4,Khoa học máy tính
100286,KCC,khoa-hoc-may-tinh,C01,Điểm thi THPT,2023,20.4,Khoa học máy tính
100287,KCC,khoa-hoc-may-tinh,D01,Điểm thi THPT,2023,20.4,Khoa học máy tính
100288,KCC,khoa-hoc-may-tinh,A00,Điểm học bạ,2024,24.4,Khoa học máy tính
100289,KCC,khoa-hoc-may-tinh,A01,Điểm học bạ,2024,24.4,Khoa học máy tính
100290,KCC,khoa-hoc-may-tinh,C01,Điểm học bạ,2024,24.4,Khoa học máy tính
100291,KCC,khoa-hoc-may-tinh,D01,Điểm học bạ,2024,24.4,Khoa học máy tính
100292,KCC,khoa-hoc-may-tinh,A00,Điểm thi THPT,2024,23.05,Khoa học máy tính
100293,KCC,khoa-hoc-may-tinh,A01,Điểm thi THPT,2024,23.05,Khoa học máy tính
100294,KCC,khoa-hoc-may-tinh,C01,Điểm thi THPT,2024,23.05,Khoa học máy tính
100295,KCC,khoa-hoc-may-tinh,D01,Điểm thi THPT,2024,23.05,Khoa học máy tính
100296,KCC,khoa-hoc-may-tinh,A00,Điểm học bạ,2025,25.16,Khoa học máy tính
100297,KCC,khoa-hoc-may-tinh,A01,Điểm học bạ,2025,25.16,Khoa học máy tính
100298,KCC,khoa-hoc-may-tinh,C01,Điểm học bạ,2025,25.16,Khoa học máy tính
100299,KCC,khoa-hoc-may-tinh,D01,Điểm học bạ,2025,25.16,Khoa học máy tính
100300,KCC,khoa-hoc-may-tinh,X01,Điểm học bạ,2025,25.16,Khoa học máy tính
100301,KCC,khoa-hoc-may-tinh,X05,Điểm học bạ,2025,25.16,Khoa học máy tính
100302,KCC,khoa-hoc-may-tinh,X06,Điểm học bạ,2025,25.16,Khoa học máy tính
100303,KCC,khoa-hoc-may-tinh,X25,Điểm học bạ,2025,25.16,Khoa học máy tính
100304,KCC,khoa-hoc-may-tinh,A00,Điểm thi THPT,2025,22.54,Khoa học máy tính
100305,KCC,khoa-hoc-may-tinh,A01,Điểm thi THPT,2025,22.54,Khoa học máy tính
100306,KCC,khoa-hoc-may-tinh,C01,Điểm thi THPT,2025,22.54,Khoa học máy tính
100307,KCC,khoa-hoc-may-tinh,D01,Điểm thi THPT,2025,22.54,Khoa học máy tính
100308,KCC,khoa-hoc-may-tinh,X01,Điểm thi THPT,2025,22.54,Khoa học máy tính
100309,KCC,khoa-hoc-may-tinh,X05,Điểm thi THPT,2025,22.54,Khoa học máy tính
100310,KCC,khoa-hoc-may-tinh,X06,Điểm thi THPT,2025,22.54,Khoa học máy tính
100311,KCC,khoa-hoc-may-tinh,X25,Điểm thi THPT,2025,22.54,Khoa học máy tính
100312,KCC,ky-thuat-he-thong-cong-nghiep,A00,Điểm thi THPT,2021,19.3,Kỹ thuật hệ thống công nghiệp
100313,KCC,ky-thuat-he-thong-cong-nghiep,C01,Điểm thi THPT,2021,19.3,Kỹ thuật hệ thống công nghiệp
100314,KCC,ky-thuat-he-thong-cong-nghiep,C02,Điểm thi THPT,2021,19.3,Kỹ thuật hệ thống công nghiệp
100315,KCC,ky-thuat-he-thong-cong-nghiep,D01,Điểm thi THPT,2021,19.3,Kỹ thuật hệ thống công nghiệp
100316,KCC,ky-thuat-he-thong-cong-nghiep,A00,Điểm học bạ,2022,26.0,Kỹ thuật hệ thống công nghiệp
100317,KCC,ky-thuat-he-thong-cong-nghiep,C01,Điểm học bạ,2022,26.0,Kỹ thuật hệ thống công nghiệp
100318,KCC,ky-thuat-he-thong-cong-nghiep,C02,Điểm học bạ,2022,26.0,Kỹ thuật hệ thống công nghiệp
100319,KCC,ky-thuat-he-thong-cong-nghiep,D01,Điểm học bạ,2022,26.0,Kỹ thuật hệ thống công nghiệp
100320,KCC,ky-thuat-he-thong-cong-nghiep,A00,Điểm thi THPT,2022,21.2,Kỹ thuật hệ thống công nghiệp
100321,KCC,ky-thuat-he-thong-cong-nghiep,C01,Điểm thi THPT,2022,21.2,Kỹ thuật hệ thống công nghiệp
100322,KCC,ky-thuat-he-thong-cong-nghiep,C02,Điểm thi THPT,2022,21.2,Kỹ thuật hệ thống công nghiệp
100323,KCC,ky-thuat-he-thong-cong-nghiep,D01,Điểm thi THPT,2022,21.2,Kỹ thuật hệ thống công nghiệp
100324,KCC,ky-thuat-he-thong-cong-nghiep,A00,Điểm học bạ,2023,18.04,Kỹ thuật hệ thống công nghiệp
100325,KCC,ky-thuat-he-thong-cong-nghiep,C01,Điểm học bạ,2023,18.04,Kỹ thuật hệ thống công nghiệp
100326,KCC,ky-thuat-he-thong-cong-nghiep,C02,Điểm học bạ,2023,18.04,Kỹ thuật hệ thống công nghiệp
100327,KCC,ky-thuat-he-thong-cong-nghiep,D01,Điểm học bạ,2023,18.04,Kỹ thuật hệ thống công nghiệp
100328,KCC,ky-thuat-he-thong-cong-nghiep,A00,Điểm thi THPT,2023,18.7,Kỹ thuật hệ thống công nghiệp
100329,KCC,ky-thuat-he-thong-cong-nghiep,C01,Điểm thi THPT,2023,18.7,Kỹ thuật hệ thống công nghiệp
100330,KCC,ky-thuat-he-thong-cong-nghiep,C02,Điểm thi THPT,2023,18.7,Kỹ thuật hệ thống công nghiệp
100331,KCC,ky-thuat-he-thong-cong-nghiep,D01,Điểm thi THPT,2023,18.7,Kỹ thuật hệ thống công nghiệp
100332,KCC,ky-thuat-he-thong-cong-nghiep,A00,Điểm học bạ,2024,22.4,Kỹ thuật hệ thống công nghiệp
100333,KCC,ky-thuat-he-thong-cong-nghiep,C01,Điểm học bạ,2024,22.4,Kỹ thuật hệ thống công nghiệp
100334,KCC,ky-thuat-he-thong-cong-nghiep,C02,Điểm học bạ,2024,22.4,Kỹ thuật hệ thống công nghiệp
100335,KCC,ky-thuat-he-thong-cong-nghiep,D01,Điểm học bạ,2024,22.4,Kỹ thuật hệ thống công nghiệp
100336,KCC,ky-thuat-he-thong-cong-nghiep,A00,Điểm thi THPT,2024,20.35,Kỹ thuật hệ thống công nghiệp
100337,KCC,ky-thuat-he-thong-cong-nghiep,C01,Điểm thi THPT,2024,20.35,Kỹ thuật hệ thống công nghiệp
100338,KCC,ky-thuat-he-thong-cong-nghiep,C02,Điểm thi THPT,2024,20.35,Kỹ thuật hệ thống công nghiệp
100339,KCC,ky-thuat-he-thong-cong-nghiep,D01,Điểm thi THPT,2024,20.35,Kỹ thuật hệ thống công nghiệp
100340,KCC,ky-thuat-he-thong-cong-nghiep,A00,Điểm học bạ,2025,23.73,Kỹ thuật hệ thống công nghiệp
100341,KCC,ky-thuat-he-thong-cong-nghiep,A01,Điểm học bạ,2025,23.73,Kỹ thuật hệ thống công nghiệp
100342,KCC,ky-thuat-he-thong-cong-nghiep,C01,Điểm học bạ,2025,23.73,Kỹ thuật hệ thống công nghiệp
100343,KCC,ky-thuat-he-thong-cong-nghiep,C02,Điểm học bạ,2025,23.73,Kỹ thuật hệ thống công nghiệp
100344,KCC,ky-thuat-he-thong-cong-nghiep,D01,Điểm học bạ,2025,23.73,Kỹ thuật hệ thống công nghiệp
100345,KCC,ky-thuat-he-thong-cong-nghiep,X01,Điểm học bạ,2025,23.73,Kỹ thuật hệ thống công nghiệp
100346,KCC,ky-thuat-he-thong-cong-nghiep,X05,Điểm học bạ,2025,23.73,Kỹ thuật hệ thống công nghiệp
100347,KCC,ky-thuat-he-thong-cong-nghiep,X06,Điểm học bạ,2025,23.73,Kỹ thuật hệ thống công nghiệp
100348,KCC,ky-thuat-he-thong-cong-nghiep,A00,Điểm thi THPT,2025,20.98,Kỹ thuật hệ thống công nghiệp
100349,KCC,ky-thuat-he-thong-cong-nghiep,A01,Điểm thi THPT,2025,20.98,Kỹ thuật hệ thống công nghiệp
100350,KCC,ky-thuat-he-thong-cong-nghiep,C01,Điểm thi THPT,2025,20.98,Kỹ thuật hệ thống công nghiệp
100351,KCC,ky-thuat-he-thong-cong-nghiep,C02,Điểm thi THPT,2025,20.98,Kỹ thuật hệ thống công nghiệp
100352,KCC,ky-thuat-he-thong-cong-nghiep,D01,Điểm thi THPT,2025,20.98,Kỹ thuật hệ thống công nghiệp
100353,KCC,ky-thuat-he-thong-cong-nghiep,X01,Điểm thi THPT,2025,20.98,Kỹ thuật hệ thống công nghiệp
100354,KCC,ky-thuat-he-thong-cong-nghiep,X05,Điểm thi THPT,2025,20.98,Kỹ thuật hệ thống công nghiệp
100355,KCC,ky-thuat-he-thong-cong-nghiep,X06,Điểm thi THPT,2025,20.98,Kỹ thuật hệ thống công nghiệp
100356,KCC,ky-thuat-phan-mem,A00,Điểm thi THPT,2021,23.6,Kỹ thuật phần mềm
100357,KCC,ky-thuat-phan-mem,A01,Điểm thi THPT,2021,23.6,Kỹ thuật phần mềm
100358,KCC,ky-thuat-phan-mem,C01,Điểm thi THPT,2021,23.6,Kỹ thuật phần mềm
100359,KCC,ky-thuat-phan-mem,D01,Điểm thi THPT,2021,23.6,Kỹ thuật phần mềm
100360,KCC,ky-thuat-phan-mem,A00,Điểm học bạ,2022,27.69,Kỹ thuật phần mềm
100361,KCC,ky-thuat-phan-mem,A01,Điểm học bạ,2022,27.69,Kỹ thuật phần mềm
100362,KCC,ky-thuat-phan-mem,C01,Điểm học bạ,2022,27.69,Kỹ thuật phần mềm
100363,KCC,ky-thuat-phan-mem,D01,Điểm học bạ,2022,27.69,Kỹ thuật phần mềm
100364,KCC,ky-thuat-phan-mem,A00,Điểm thi THPT,2022,24.54,Kỹ thuật phần mềm
100365,KCC,ky-thuat-phan-mem,A01,Điểm thi THPT,2022,24.54,Kỹ thuật phần mềm
100366,KCC,ky-thuat-phan-mem,C01,Điểm thi THPT,2022,24.54,Kỹ thuật phần mềm
100367,KCC,ky-thuat-phan-mem,D01,Điểm thi THPT,2022,24.54,Kỹ thuật phần mềm
100368,KCC,ky-thuat-phan-mem,A00,Điểm học bạ,2023,23.75,Kỹ thuật phần mềm
100369,KCC,ky-thuat-phan-mem,A01,Điểm học bạ,2023,23.75,Kỹ thuật phần mềm
100370,KCC,ky-thuat-phan-mem,C01,Điểm học bạ,2023,23.75,Kỹ thuật phần mềm
100371,KCC,ky-thuat-phan-mem,D01,Điểm học bạ,2023,23.75,Kỹ thuật phần mềm
100372,KCC,ky-thuat-phan-mem,A00,Điểm thi THPT,2023,22.8,Kỹ thuật phần mềm
100373,KCC,ky-thuat-phan-mem,A01,Điểm thi THPT,2023,22.8,Kỹ thuật phần mềm
100374,KCC,ky-thuat-phan-mem,C01,Điểm thi THPT,2023,22.8,Kỹ thuật phần mềm
100375,KCC,ky-thuat-phan-mem,D01,Điểm thi THPT,2023,22.8,Kỹ thuật phần mềm
100376,KCC,ky-thuat-phan-mem,A00,Điểm học bạ,2024,24.87,Kỹ thuật phần mềm
100377,KCC,ky-thuat-phan-mem,A01,Điểm học bạ,2024,24.87,Kỹ thuật phần mềm
100378,KCC,ky-thuat-phan-mem,C01,Điểm học bạ,2024,24.87,Kỹ thuật phần mềm
100379,KCC,ky-thuat-phan-mem,D01,Điểm học bạ,2024,24.87,Kỹ thuật phần mềm
100380,KCC,ky-thuat-phan-mem,A00,Điểm thi THPT,2024,21.9,Kỹ thuật phần mềm
100381,KCC,ky-thuat-phan-mem,A01,Điểm thi THPT,2024,21.9,Kỹ thuật phần mềm
100382,KCC,ky-thuat-phan-mem,C01,Điểm thi THPT,2024,21.9,Kỹ thuật phần mềm
100383,KCC,ky-thuat-phan-mem,D01,Điểm thi THPT,2024,21.9,Kỹ thuật phần mềm
100384,KCC,ky-thuat-phan-mem,A00,Điểm học bạ,2025,25.52,Kỹ thuật phần mềm
100385,KCC,ky-thuat-phan-mem,A01,Điểm học bạ,2025,25.52,Kỹ thuật phần mềm
100386,KCC,ky-thuat-phan-mem,C01,Điểm học bạ,2025,25.52,Kỹ thuật phần mềm
100387,KCC,ky-thuat-phan-mem,D01,Điểm học bạ,2025,25.52,Kỹ thuật phần mềm
100388,KCC,ky-thuat-phan-mem,X01,Điểm học bạ,2025,25.52,Kỹ thuật phần mềm
100389,KCC,ky-thuat-phan-mem,X05,Điểm học bạ,2025,25.52,Kỹ thuật phần mềm
100390,KCC,ky-thuat-phan-mem,X06,Điểm học bạ,2025,25.52,Kỹ thuật phần mềm
100391,KCC,ky-thuat-phan-mem,X25,Điểm học bạ,2025,25.52,Kỹ thuật phần mềm
100392,KCC,ky-thuat-phan-mem,A00,Điểm thi THPT,2025,22.94,Kỹ thuật phần mềm
100393,KCC,ky-thuat-phan-mem,A01,Điểm thi THPT,2025,22.94,Kỹ thuật phần mềm
100394,KCC,ky-thuat-phan-mem,C01,Điểm thi THPT,2025,22.94,Kỹ thuật phần mềm
100395,KCC,ky-thuat-phan-mem,D01,Điểm thi THPT,2025,22.94,Kỹ thuật phần mềm
100396,KCC,ky-thuat-phan-mem,X01,Điểm thi THPT,2025,22.94,Kỹ thuật phần mềm
100397,KCC,ky-thuat-phan-mem,X05,Điểm thi THPT,2025,22.94,Kỹ thuật phần mềm
100398,KCC,ky-thuat-phan-mem,X06,Điểm thi THPT,2025,22.94,Kỹ thuật phần mềm
100399,KCC,ky-thuat-phan-mem,X25,Điểm thi THPT,2025,22.94,Kỹ thuật phần mềm
100400,KCC,logistics-va-quan-ly-chuoi-cung-ung,A00,Điểm thi THPT,2021,23.7,Logistics và Quản lý chuỗi cung ứng
100401,KCC,logistics-va-quan-ly-chuoi-cung-ung,C01,Điểm thi THPT,2021,23.7,Logistics và Quản lý chuỗi cung ứng
100402,KCC,logistics-va-quan-ly-chuoi-cung-ung,C02,Điểm thi THPT,2021,23.7,Logistics và Quản lý chuỗi cung ứng
100403,KCC,logistics-va-quan-ly-chuoi-cung-ung,D01,Điểm thi THPT,2021,23.7,Logistics và Quản lý chuỗi cung ứng
100404,KCC,logistics-va-quan-ly-chuoi-cung-ung,A00,Điểm học bạ,2022,27.29,Logistics và Quản lý chuỗi cung ứng
100405,KCC,logistics-va-quan-ly-chuoi-cung-ung,C01,Điểm học bạ,2022,27.29,Logistics và Quản lý chuỗi cung ứng
100406,KCC,logistics-va-quan-ly-chuoi-cung-ung,C02,Điểm học bạ,2022,27.29,Logistics và Quản lý chuỗi cung ứng
100407,KCC,logistics-va-quan-ly-chuoi-cung-ung,D01,Điểm học bạ,2022,27.29,Logistics và Quản lý chuỗi cung ứng
100408,KCC,logistics-va-quan-ly-chuoi-cung-ung,A00,Điểm thi THPT,2022,24.1,Logistics và Quản lý chuỗi cung ứng
100409,KCC,logistics-va-quan-ly-chuoi-cung-ung,C01,Điểm thi THPT,2022,24.1,Logistics và Quản lý chuỗi cung ứng
100410,KCC,logistics-va-quan-ly-chuoi-cung-ung,C02,Điểm thi THPT,2022,24.1,Logistics và Quản lý chuỗi cung ứng
100411,KCC,logistics-va-quan-ly-chuoi-cung-ung,D01,Điểm thi THPT,2022,24.1,Logistics và Quản lý chuỗi cung ứng
100412,KCC,logistics-va-quan-ly-chuoi-cung-ung,A00,Điểm học bạ,2023,26.36,Logistics và quản lý chuỗi cung ứng
100413,KCC,logistics-va-quan-ly-chuoi-cung-ung,C01,Điểm học bạ,2023,26.36,Logistics và quản lý chuỗi cung ứng
100414,KCC,logistics-va-quan-ly-chuoi-cung-ung,C02,Điểm học bạ,2023,26.36,Logistics và quản lý chuỗi cung ứng
100415,KCC,logistics-va-quan-ly-chuoi-cung-ung,D01,Điểm học bạ,2023,26.36,Logistics và quản lý chuỗi cung ứng
100416,KCC,logistics-va-quan-ly-chuoi-cung-ung,A00,Điểm thi THPT,2023,21.15,Logistics và quản lý chuỗi cung ứng
100417,KCC,logistics-va-quan-ly-chuoi-cung-ung,C01,Điểm thi THPT,2023,21.15,Logistics và quản lý chuỗi cung ứng
100418,KCC,logistics-va-quan-ly-chuoi-cung-ung,C02,Điểm thi THPT,2023,21.15,Logistics và quản lý chuỗi cung ứng
100419,KCC,logistics-va-quan-ly-chuoi-cung-ung,D01,Điểm thi THPT,2023,21.15,Logistics và quản lý chuỗi cung ứng
100420,KCC,logistics-va-quan-ly-chuoi-cung-ung,A00,Điểm học bạ,2024,26.31,Logistics và quản lý chuỗi cung ứng
100421,KCC,logistics-va-quan-ly-chuoi-cung-ung,C01,Điểm học bạ,2024,26.31,Logistics và quản lý chuỗi cung ứng
100422,KCC,logistics-va-quan-ly-chuoi-cung-ung,C02,Điểm học bạ,2024,26.31,Logistics và quản lý chuỗi cung ứng
100423,KCC,logistics-va-quan-ly-chuoi-cung-ung,D01,Điểm học bạ,2024,26.31,Logistics và quản lý chuỗi cung ứng
100424,KCC,logistics-va-quan-ly-chuoi-cung-ung,A00,Điểm thi THPT,2024,22.15,Logistics và quản lý chuỗi cung ứng
100425,KCC,logistics-va-quan-ly-chuoi-cung-ung,C01,Điểm thi THPT,2024,22.15,Logistics và quản lý chuỗi cung ứng
100426,KCC,logistics-va-quan-ly-chuoi-cung-ung,C02,Điểm thi THPT,2024,22.15,Logistics và quản lý chuỗi cung ứng
100427,KCC,logistics-va-quan-ly-chuoi-cung-ung,D01,Điểm thi THPT,2024,22.15,Logistics và quản lý chuỗi cung ứng
100428,KCC,logistics-va-quan-ly-chuoi-cung-ung,A00,Điểm học bạ,2025,26.34,Logistics và quản lý chuỗi cung ứng
100429,KCC,logistics-va-quan-ly-chuoi-cung-ung,A01,Điểm học bạ,2025,26.34,Logistics và quản lý chuỗi cung ứng
100430,KCC,logistics-va-quan-ly-chuoi-cung-ung,C01,Điểm học bạ,2025,26.34,Logistics và quản lý chuỗi cung ứng
100431,KCC,logistics-va-quan-ly-chuoi-cung-ung,C02,Điểm học bạ,2025,26.34,Logistics và quản lý chuỗi cung ứng
100432,KCC,logistics-va-quan-ly-chuoi-cung-ung,D01,Điểm học bạ,2025,26.34,Logistics và quản lý chuỗi cung ứng
100433,KCC,logistics-va-quan-ly-chuoi-cung-ung,X01,Điểm học bạ,2025,26.34,Logistics và quản lý chuỗi cung ứng
100434,KCC,logistics-va-quan-ly-chuoi-cung-ung,X05,Điểm học bạ,2025,26.34,Logistics và quản lý chuỗi cung ứng
100435,KCC,logistics-va-quan-ly-chuoi-cung-ung,X06,Điểm học bạ,2025,26.34,Logistics và quản lý chuỗi cung ứng
100436,KCC,logistics-va-quan-ly-chuoi-cung-ung,A00,Điểm thi THPT,2025,23.89,Logistics và quản lý chuỗi cung ứng
100437,KCC,logistics-va-quan-ly-chuoi-cung-ung,A01,Điểm thi THPT,2025,23.89,Logistics và quản lý chuỗi cung ứng
100438,KCC,logistics-va-quan-ly-chuoi-cung-ung,C01,Điểm thi THPT,2025,23.89,Logistics và quản lý chuỗi cung ứng
100439,KCC,logistics-va-quan-ly-chuoi-cung-ung,C02,Điểm thi THPT,2025,23.89,Logistics và quản lý chuỗi cung ứng
100440,KCC,logistics-va-quan-ly-chuoi-cung-ung,D01,Điểm thi THPT,2025,23.89,Logistics và quản lý chuỗi cung ứng
100441,KCC,logistics-va-quan-ly-chuoi-cung-ung,X01,Điểm thi THPT,2025,23.89,Logistics và quản lý chuỗi cung ứng
100442,KCC,logistics-va-quan-ly-chuoi-cung-ung,X05,Điểm thi THPT,2025,23.89,Logistics và quản lý chuỗi cung ứng
100443,KCC,logistics-va-quan-ly-chuoi-cung-ung,X06,Điểm thi THPT,2025,23.89,Logistics và quản lý chuỗi cung ứng
100444,KCC,luat,C00,Điểm học bạ,2022,26.0,Luật
100445,KCC,luat,D01,Điểm học bạ,2022,26.0,Luật
100446,KCC,luat,D14,Điểm học bạ,2022,26.0,Luật
100447,KCC,luat,D15,Điểm học bạ,2022,26.0,Luật
100448,KCC,luat,C00,Điểm thi THPT,2022,24.99,Luật
100449,KCC,luat,D01,Điểm thi THPT,2022,24.99,Luật
100450,KCC,luat,D14,Điểm thi THPT,2022,24.99,Luật
100451,KCC,luat,D15,Điểm thi THPT,2022,24.99,Luật
100452,KCC,luat,C00,Điểm học bạ,2023,24.35,Luật
100453,KCC,luat,D01,Điểm học bạ,2023,24.35,Luật
100454,KCC,luat,D14,Điểm học bạ,2023,24.35,Luật
100455,KCC,luat,D15,Điểm học bạ,2023,24.35,Luật
100456,KCC,luat,C00,Điểm thi THPT,2023,21.25,Luật
100457,KCC,luat,D01,Điểm thi THPT,2023,21.25,Luật
100458,KCC,luat,D14,Điểm thi THPT,2023,21.25,Luật
100459,KCC,luat,D15,Điểm thi THPT,2023,21.25,Luật
100460,KCC,luat,C00,Điểm học bạ,2024,25.5,Luật
100461,KCC,luat,D01,Điểm học bạ,2024,25.5,Luật
100462,KCC,luat,D14,Điểm học bạ,2024,25.5,Luật
100463,KCC,luat,D15,Điểm học bạ,2024,25.5,Luật
100464,KCC,luat,C00,Điểm thi THPT,2024,25.25,Luật
100465,KCC,luat,D01,Điểm thi THPT,2024,25.25,Luật
100466,KCC,luat,D14,Điểm thi THPT,2024,25.25,Luật
100467,KCC,luat,D15,Điểm thi THPT,2024,25.25,Luật
100468,KCC,luat,C00,Điểm học bạ,2025,27.0,Luật
100469,KCC,luat,C03,Điểm học bạ,2025,27.0,Luật
100470,KCC,luat,C04,Điểm học bạ,2025,27.0,Luật
100471,KCC,luat,D01,Điểm học bạ,2025,27.0,Luật
100472,KCC,luat,D14,Điểm học bạ,2025,27.0,Luật
100473,KCC,luat,D15,Điểm học bạ,2025,27.0,Luật
100474,KCC,luat,X70,Điểm học bạ,2025,27.0,Luật
100475,KCC,luat,X74,Điểm học bạ,2025,27.0,Luật
100476,KCC,luat,C00,Điểm thi THPT,2025,24.68,Luật
100477,KCC,luat,C03,Điểm thi THPT,2025,24.68,Luật
100478,KCC,luat,C04,Điểm thi THPT,2025,24.68,Luật
100479,KCC,luat,D01,Điểm thi THPT,2025,24.68,Luật
100480,KCC,luat,D14,Điểm thi THPT,2025,24.68,Luật
100481,KCC,luat,D15,Điểm thi THPT,2025,24.68,Luật
100482,KCC,luat,X70,Điểm thi THPT,2025,24.68,Luật
100483,KCC,luat,X74,Điểm thi THPT,2025,24.68,Luật
100484,KCC,ngon-ngu-anh,D01,Điểm thi THPT,2021,24.5,Ngôn ngữ Anh
100485,KCC,ngon-ngu-anh,D14,Điểm thi THPT,2021,24.5,Ngôn ngữ Anh
100486,KCC,ngon-ngu-anh,D15,Điểm thi THPT,2021,24.5,Ngôn ngữ Anh
100487,KCC,ngon-ngu-anh,D66,Điểm thi THPT,2021,24.5,Ngôn ngữ Anh
100488,KCC,ngon-ngu-anh,D01,Điểm học bạ,2022,28.2,Ngôn ngữ Anh
100489,KCC,ngon-ngu-anh,D14,Điểm học bạ,2022,28.2,Ngôn ngữ Anh
100490,KCC,ngon-ngu-anh,D15,Điểm học bạ,2022,28.2,Ngôn ngữ Anh
100491,KCC,ngon-ngu-anh,D66,Điểm học bạ,2022,28.2,Ngôn ngữ Anh
100492,KCC,ngon-ngu-anh,D01,Điểm thi THPT,2022,25.19,Ngôn ngữ Anh
100493,KCC,ngon-ngu-anh,D14,Điểm thi THPT,2022,25.19,Ngôn ngữ Anh
100494,KCC,ngon-ngu-anh,D15,Điểm thi THPT,2022,25.19,Ngôn ngữ Anh
100495,KCC,ngon-ngu-anh,D66,Điểm thi THPT,2022,25.19,Ngôn ngữ Anh
100496,KCC,ngon-ngu-anh,D01,Điểm học bạ,2023,24.7,Ngôn ngữ Anh
100497,KCC,ngon-ngu-anh,D14,Điểm học bạ,2023,24.7,Ngôn ngữ Anh
100498,KCC,ngon-ngu-anh,D15,Điểm học bạ,2023,24.7,Ngôn ngữ Anh
100499,KCC,ngon-ngu-anh,D66,Điểm học bạ,2023,24.7,Ngôn ngữ Anh
100500,KCC,ngon-ngu-anh,D01,Điểm thi THPT,2023,23.0,Ngôn ngữ Anh
100501,KCC,ngon-ngu-anh,D14,Điểm thi THPT,2023,23.0,Ngôn ngữ Anh
100502,KCC,ngon-ngu-anh,D15,Điểm thi THPT,2023,23.0,Ngôn ngữ Anh
100503,KCC,ngon-ngu-anh,D66,Điểm thi THPT,2023,23.0,Ngôn ngữ Anh
100504,KCC,ngon-ngu-anh,D01,Điểm học bạ,2024,24.78,Ngôn ngữ Anh
100505,KCC,ngon-ngu-anh,D14,Điểm học bạ,2024,24.78,Ngôn ngữ Anh
100506,KCC,ngon-ngu-anh,D15,Điểm học bạ,2024,24.78,Ngôn ngữ Anh
100507,KCC,ngon-ngu-anh,D66,Điểm học bạ,2024,24.78,Ngôn ngữ Anh
100508,KCC,ngon-ngu-anh,D01,Điểm thi THPT,2024,25.14,Ngôn ngữ Anh
100509,KCC,ngon-ngu-anh,D14,Điểm thi THPT,2024,25.14,Ngôn ngữ Anh
100510,KCC,ngon-ngu-anh,D15,Điểm thi THPT,2024,25.14,Ngôn ngữ Anh
100511,KCC,ngon-ngu-anh,D66,Điểm thi THPT,2024,25.14,Ngôn ngữ Anh
100512,KCC,ngon-ngu-anh,D01,Điểm học bạ,2025,26.21,Ngôn ngữ Anh
100513,KCC,ngon-ngu-anh,D09,Điểm học bạ,2025,26.21,Ngôn ngữ Anh
100514,KCC,ngon-ngu-anh,D10,Điểm học bạ,2025,26.21,Ngôn ngữ Anh
100515,KCC,ngon-ngu-anh,D11,Điểm học bạ,2025,26.21,Ngôn ngữ Anh
100516,KCC,ngon-ngu-anh,D14,Điểm học bạ,2025,26.21,Ngôn ngữ Anh
100517,KCC,ngon-ngu-anh,D15,Điểm học bạ,2025,26.21,Ngôn ngữ Anh
100518,KCC,ngon-ngu-anh,X25,Điểm học bạ,2025,26.21,Ngôn ngữ Anh
100519,KCC,ngon-ngu-anh,X78,Điểm học bạ,2025,26.21,Ngôn ngữ Anh
100520,KCC,ngon-ngu-anh,D01,Điểm thi THPT,2025,23.74,Ngôn ngữ Anh
100521,KCC,ngon-ngu-anh,D09,Điểm thi THPT,2025,23.74,Ngôn ngữ Anh
100522,KCC,ngon-ngu-anh,D10,Điểm thi THPT,2025,23.74,Ngôn ngữ Anh
100523,KCC,ngon-ngu-anh,D11,Điểm thi THPT,2025,23.74,Ngôn ngữ Anh
100524,KCC,ngon-ngu-anh,D14,Điểm thi THPT,2025,23.74,Ngôn ngữ Anh
100525,KCC,ngon-ngu-anh,D15,Điểm thi THPT,2025,23.74,Ngôn ngữ Anh
100526,KCC,ngon-ngu-anh,X25,Điểm thi THPT,2025,23.74,Ngôn ngữ Anh
100527,KCC,ngon-ngu-anh,X78,Điểm thi THPT,2025,23.74,Ngôn ngữ Anh
100528,KCC,quan-ly-cong-nghiep,A00,Điểm thi THPT,2021,23.15,Quản lý công nghiệp
100529,KCC,quan-ly-cong-nghiep,C01,Điểm thi THPT,2021,23.15,Quản lý công nghiệp
100530,KCC,quan-ly-cong-nghiep,C02,Điểm thi THPT,2021,23.15,Quản lý công nghiệp
100531,KCC,quan-ly-cong-nghiep,D01,Điểm thi THPT,2021,23.15,Quản lý công nghiệp
100532,KCC,quan-ly-cong-nghiep,A00,Điểm học bạ,2022,26.75,Quản lý công nghiệp
100533,KCC,quan-ly-cong-nghiep,C01,Điểm học bạ,2022,26.75,Quản lý công nghiệp
100534,KCC,quan-ly-cong-nghiep,C02,Điểm học bạ,2022,26.75,Quản lý công nghiệp
100535,KCC,quan-ly-cong-nghiep,D01,Điểm học bạ,2022,26.75,Quản lý công nghiệp
100536,KCC,quan-ly-cong-nghiep,A00,Điểm thi THPT,2022,23.99,Quản lý công nghiệp
100537,KCC,quan-ly-cong-nghiep,C01,Điểm thi THPT,2022,23.99,Quản lý công nghiệp
100538,KCC,quan-ly-cong-nghiep,C02,Điểm thi THPT,2022,23.99,Quản lý công nghiệp
100539,KCC,quan-ly-cong-nghiep,D01,Điểm thi THPT,2022,23.99,Quản lý công nghiệp
100540,KCC,quan-ly-cong-nghiep,A00,Điểm học bạ,2023,22.55,Quản lý công nghiệp
100541,KCC,quan-ly-cong-nghiep,C01,Điểm học bạ,2023,22.55,Quản lý công nghiệp
100542,KCC,quan-ly-cong-nghiep,C02,Điểm học bạ,2023,22.55,Quản lý công nghiệp
100543,KCC,quan-ly-cong-nghiep,D01,Điểm học bạ,2023,22.55,Quản lý công nghiệp
100544,KCC,quan-ly-cong-nghiep,A00,Điểm thi THPT,2023,19.8,Quản lý công nghiệp
100545,KCC,quan-ly-cong-nghiep,C01,Điểm thi THPT,2023,19.8,Quản lý công nghiệp
100546,KCC,quan-ly-cong-nghiep,C02,Điểm thi THPT,2023,19.8,Quản lý công nghiệp
100547,KCC,quan-ly-cong-nghiep,D01,Điểm thi THPT,2023,19.8,Quản lý công nghiệp
100548,KCC,quan-ly-cong-nghiep,A00,Điểm học bạ,2024,24.0,Quản lý công nghiệp
100549,KCC,quan-ly-cong-nghiep,C01,Điểm học bạ,2024,24.0,Quản lý công nghiệp
100550,KCC,quan-ly-cong-nghiep,C02,Điểm học bạ,2024,24.0,Quản lý công nghiệp
100551,KCC,quan-ly-cong-nghiep,D01,Điểm học bạ,2024,24.0,Quản lý công nghiệp
100552,KCC,quan-ly-cong-nghiep,A00,Điểm thi THPT,2024,22.3,Quản lý công nghiệp
100553,KCC,quan-ly-cong-nghiep,C01,Điểm thi THPT,2024,22.3,Quản lý công nghiệp
100554,KCC,quan-ly-cong-nghiep,C02,Điểm thi THPT,2024,22.3,Quản lý công nghiệp
100555,KCC,quan-ly-cong-nghiep,D01,Điểm thi THPT,2024,22.3,Quản lý công nghiệp
100556,KCC,quan-ly-cong-nghiep,A00,Điểm học bạ,2025,24.88,Quản lý công nghiệp
100557,KCC,quan-ly-cong-nghiep,A01,Điểm học bạ,2025,24.88,Quản lý công nghiệp
100558,KCC,quan-ly-cong-nghiep,C01,Điểm học bạ,2025,24.88,Quản lý công nghiệp
100559,KCC,quan-ly-cong-nghiep,D01,Điểm học bạ,2025,24.88,Quản lý công nghiệp
100560,KCC,quan-ly-cong-nghiep,X01,Điểm học bạ,2025,24.88,Quản lý công nghiệp
100561,KCC,quan-ly-cong-nghiep,X02,Điểm học bạ,2025,24.88,Quản lý công nghiệp
100562,KCC,quan-ly-cong-nghiep,X05,Điểm học bạ,2025,24.88,Quản lý công nghiệp
100563,KCC,quan-ly-cong-nghiep,X25,Điểm học bạ,2025,24.88,Quản lý công nghiệp
100564,KCC,quan-ly-cong-nghiep,A00,Điểm thi THPT,2025,22.22,Quản lý công nghiệp
100565,KCC,quan-ly-cong-nghiep,A01,Điểm thi THPT,2025,22.22,Quản lý công nghiệp
100566,KCC,quan-ly-cong-nghiep,C01,Điểm thi THPT,2025,22.22,Quản lý công nghiệp
100567,KCC,quan-ly-cong-nghiep,D01,Điểm thi THPT,2025,22.22,Quản lý công nghiệp
100568,KCC,quan-ly-cong-nghiep,X01,Điểm thi THPT,2025,22.22,Quản lý công nghiệp
100569,KCC,quan-ly-cong-nghiep,X02,Điểm thi THPT,2025,22.22,Quản lý công nghiệp
100570,KCC,quan-ly-cong-nghiep,X05,Điểm thi THPT,2025,22.22,Quản lý công nghiệp
100571,KCC,quan-ly-cong-nghiep,X25,Điểm thi THPT,2025,22.22,Quản lý công nghiệp
100572,KCC,quan-ly-xay-dung,A00,Điểm thi THPT,2021,19.75,Quản lý xây dựng
100573,KCC,quan-ly-xay-dung,C01,Điểm thi THPT,2021,19.75,Quản lý xây dựng
100574,KCC,quan-ly-xay-dung,C02,Điểm thi THPT,2021,19.75,Quản lý xây dựng
100575,KCC,quan-ly-xay-dung,D01,Điểm thi THPT,2021,19.75,Quản lý xây dựng
100576,KCC,quan-ly-xay-dung,A00,Điểm học bạ,2022,25.24,Quản lý xây dựng
100577,KCC,quan-ly-xay-dung,C01,Điểm học bạ,2022,25.24,Quản lý xây dựng
100578,KCC,quan-ly-xay-dung,C02,Điểm học bạ,2022,25.24,Quản lý xây dựng
100579,KCC,quan-ly-xay-dung,D01,Điểm học bạ,2022,25.24,Quản lý xây dựng
100580,KCC,quan-ly-xay-dung,A00,Điểm thi THPT,2022,22.15,Quản lý xây dựng
100581,KCC,quan-ly-xay-dung,C01,Điểm thi THPT,2022,22.15,Quản lý xây dựng
100582,KCC,quan-ly-xay-dung,C02,Điểm thi THPT,2022,22.15,Quản lý xây dựng
100583,KCC,quan-ly-xay-dung,D01,Điểm thi THPT,2022,22.15,Quản lý xây dựng
100584,KCC,quan-ly-xay-dung,A00,Điểm học bạ,2023,18.3,Quản lý xây dựng
100585,KCC,quan-ly-xay-dung,C01,Điểm học bạ,2023,18.3,Quản lý xây dựng
100586,KCC,quan-ly-xay-dung,C02,Điểm học bạ,2023,18.3,Quản lý xây dựng
100587,KCC,quan-ly-xay-dung,D01,Điểm học bạ,2023,18.3,Quản lý xây dựng
100588,KCC,quan-ly-xay-dung,A00,Điểm thi THPT,2023,15.0,Quản lý xây dựng
100589,KCC,quan-ly-xay-dung,C01,Điểm thi THPT,2023,15.0,Quản lý xây dựng
100590,KCC,quan-ly-xay-dung,C02,Điểm thi THPT,2023,15.0,Quản lý xây dựng
100591,KCC,quan-ly-xay-dung,D01,Điểm thi THPT,2023,15.0,Quản lý xây dựng
100592,KCC,quan-ly-xay-dung,A00,Điểm học bạ,2024,22.55,Quản lý xây dựng
100593,KCC,quan-ly-xay-dung,C01,Điểm học bạ,2024,22.55,Quản lý xây dựng
100594,KCC,quan-ly-xay-dung,C02,Điểm học bạ,2024,22.55,Quản lý xây dựng
100595,KCC,quan-ly-xay-dung,D01,Điểm học bạ,2024,22.55,Quản lý xây dựng
100596,KCC,quan-ly-xay-dung,A00,Điểm thi THPT,2024,21.25,Quản lý xây dựng
100597,KCC,quan-ly-xay-dung,C01,Điểm thi THPT,2024,21.25,Quản lý xây dựng
100598,KCC,quan-ly-xay-dung,C02,Điểm thi THPT,2024,21.25,Quản lý xây dựng
100599,KCC,quan-ly-xay-dung,D01,Điểm thi THPT,2024,21.25,Quản lý xây dựng
100600,KCC,quan-ly-xay-dung,A00,Điểm học bạ,2025,23.7,Quản lý xây dựng
100601,KCC,quan-ly-xay-dung,A01,Điểm học bạ,2025,23.7,Quản lý xây dựng
100602,KCC,quan-ly-xay-dung,C01,Điểm học bạ,2025,23.7,Quản lý xây dựng
100603,KCC,quan-ly-xay-dung,C02,Điểm học bạ,2025,23.7,Quản lý xây dựng
100604,KCC,quan-ly-xay-dung,D01,Điểm học bạ,2025,23.7,Quản lý xây dựng
100605,KCC,quan-ly-xay-dung,X01,Điểm học bạ,2025,23.7,Quản lý xây dựng
100606,KCC,quan-ly-xay-dung,X05,Điểm học bạ,2025,23.7,Quản lý xây dựng
100607,KCC,quan-ly-xay-dung,X06,Điểm học bạ,2025,23.7,Quản lý xây dựng
100608,KCC,quan-ly-xay-dung,A00,Điểm thi THPT,2025,20.95,Quản lý xây dựng
100609,KCC,quan-ly-xay-dung,A01,Điểm thi THPT,2025,20.95,Quản lý xây dựng
100610,KCC,quan-ly-xay-dung,C01,Điểm thi THPT,2025,20.95,Quản lý xây dựng
100611,KCC,quan-ly-xay-dung,C02,Điểm thi THPT,2025,20.95,Quản lý xây dựng
100612,KCC,quan-ly-xay-dung,D01,Điểm thi THPT,2025,20.95,Quản lý xây dựng
100613,KCC,quan-ly-xay-dung,X01,Điểm thi THPT,2025,20.95,Quản lý xây dựng
100614,KCC,quan-ly-xay-dung,X05,Điểm thi THPT,2025,20.95,Quản lý xây dựng
100615,KCC,quan-ly-xay-dung,X06,Điểm thi THPT,2025,20.95,Quản lý xây dựng
100616,KCC,quan-tri-kinh-doanh,A00,Điểm thi THPT,2021,23.4,Quản trị kinh doanh
100617,KCC,quan-tri-kinh-doanh,C01,Điểm thi THPT,2021,23.4,Quản trị kinh doanh
100618,KCC,quan-tri-kinh-doanh,C02,Điểm thi THPT,2021,23.4,Quản trị kinh doanh
100619,KCC,quan-tri-kinh-doanh,D01,Điểm thi THPT,2021,23.4,Quản trị kinh doanh
100620,KCC,quan-tri-kinh-doanh,A00,Điểm học bạ,2022,26.1,Quản trị kinh doanh
100621,KCC,quan-tri-kinh-doanh,C01,Điểm học bạ,2022,26.1,Quản trị kinh doanh
100622,KCC,quan-tri-kinh-doanh,C02,Điểm học bạ,2022,26.1,Quản trị kinh doanh
100623,KCC,quan-tri-kinh-doanh,D01,Điểm học bạ,2022,26.1,Quản trị kinh doanh
100624,KCC,quan-tri-kinh-doanh,A00,Điểm thi THPT,2022,23.64,Quản trị kinh doanh
100625,KCC,quan-tri-kinh-doanh,C01,Điểm thi THPT,2022,23.64,Quản trị kinh doanh
100626,KCC,quan-tri-kinh-doanh,C02,Điểm thi THPT,2022,23.64,Quản trị kinh doanh
100627,KCC,quan-tri-kinh-doanh,D01,Điểm thi THPT,2022,23.64,Quản trị kinh doanh
100628,KCC,quan-tri-kinh-doanh,A00,Điểm học bạ,2023,25.3,Quản trị kinh doanh
100629,KCC,quan-tri-kinh-doanh,C01,Điểm học bạ,2023,25.3,Quản trị kinh doanh
100630,KCC,quan-tri-kinh-doanh,C02,Điểm học bạ,2023,25.3,Quản trị kinh doanh
100631,KCC,quan-tri-kinh-doanh,D01,Điểm học bạ,2023,25.3,Quản trị kinh doanh
100632,KCC,quan-tri-kinh-doanh,A00,Điểm thi THPT,2023,21.5,Quản trị kinh doanh
100633,KCC,quan-tri-kinh-doanh,C01,Điểm thi THPT,2023,21.5,Quản trị kinh doanh
100634,KCC,quan-tri-kinh-doanh,C02,Điểm thi THPT,2023,21.5,Quản trị kinh doanh
100635,KCC,quan-tri-kinh-doanh,D01,Điểm thi THPT,2023,21.5,Quản trị kinh doanh
100636,KCC,quan-tri-kinh-doanh,A00,Điểm học bạ,2024,24.1,Quản trị kinh doanh
100637,KCC,quan-tri-kinh-doanh,C01,Điểm học bạ,2024,24.1,Quản trị kinh doanh
100638,KCC,quan-tri-kinh-doanh,C02,Điểm học bạ,2024,24.1,Quản trị kinh doanh
100639,KCC,quan-tri-kinh-doanh,D01,Điểm học bạ,2024,24.1,Quản trị kinh doanh
100640,KCC,quan-tri-kinh-doanh,A00,Điểm thi THPT,2024,23.43,Quản trị kinh doanh
100641,KCC,quan-tri-kinh-doanh,C01,Điểm thi THPT,2024,23.43,Quản trị kinh doanh
100642,KCC,quan-tri-kinh-doanh,C02,Điểm thi THPT,2024,23.43,Quản trị kinh doanh
100643,KCC,quan-tri-kinh-doanh,D01,Điểm thi THPT,2024,23.43,Quản trị kinh doanh
100644,KCC,quan-tri-kinh-doanh,A00,Điểm học bạ,2025,25.62,Quản trị kinh doanh
100645,KCC,quan-tri-kinh-doanh,A01,Điểm học bạ,2025,25.62,Quản trị kinh doanh
100646,KCC,quan-tri-kinh-doanh,C01,Điểm học bạ,2025,25.62,Quản trị kinh doanh
100647,KCC,quan-tri-kinh-doanh,D01,Điểm học bạ,2025,25.62,Quản trị kinh doanh
100648,KCC,quan-tri-kinh-doanh,X01,Điểm học bạ,2025,25.62,Quản trị kinh doanh
100649,KCC,quan-tri-kinh-doanh,X02,Điểm học bạ,2025,25.62,Quản trị kinh doanh
100650,KCC,quan-tri-kinh-doanh,X05,Điểm học bạ,2025,25.62,Quản trị kinh doanh
100651,KCC,quan-tri-kinh-doanh,X25,Điểm học bạ,2025,25.62,Quản trị kinh doanh
100652,KCC,quan-tri-kinh-doanh,A00,Điểm thi THPT,2025,23.04,Quản trị kinh doanh
100653,KCC,quan-tri-kinh-doanh,A01,Điểm thi THPT,2025,23.04,Quản trị kinh doanh
100654,KCC,quan-tri-kinh-doanh,C01,Điểm thi THPT,2025,23.04,Quản trị kinh doanh
100655,KCC,quan-tri-kinh-doanh,D01,Điểm thi THPT,2025,23.04,Quản trị kinh doanh
100656,KCC,quan-tri-kinh-doanh,X01,Điểm thi THPT,2025,23.04,Quản trị kinh doanh
100657,KCC,quan-tri-kinh-doanh,X02,Điểm thi THPT,2025,23.04,Quản trị kinh doanh
100658,KCC,quan-tri-kinh-doanh,X05,Điểm thi THPT,2025,23.04,Quản trị kinh doanh
100659,KCC,quan-tri-kinh-doanh,X25,Điểm thi THPT,2025,23.04,Quản trị kinh doanh
100660,KCC,tai-chinh-ngan-hang,A00,Điểm học bạ,2022,27.8,Tài chính - Ngân hàng
100661,KCC,tai-chinh-ngan-hang,C01,Điểm học bạ,2022,27.8,Tài chính - Ngân hàng
100662,KCC,tai-chinh-ngan-hang,C02,Điểm học bạ,2022,27.8,Tài chính - Ngân hàng
100663,KCC,tai-chinh-ngan-hang,D01,Điểm học bạ,2022,27.8,Tài chính - Ngân hàng
100664,KCC,tai-chinh-ngan-hang,A00,Điểm thi THPT,2022,22.69,Tài chính - Ngân hàng
100665,KCC,tai-chinh-ngan-hang,C01,Điểm thi THPT,2022,22.69,Tài chính - Ngân hàng
100666,KCC,tai-chinh-ngan-hang,C02,Điểm thi THPT,2022,22.69,Tài chính - Ngân hàng
100667,KCC,tai-chinh-ngan-hang,D01,Điểm thi THPT,2022,22.69,Tài chính - Ngân hàng
100668,KCC,tai-chinh-ngan-hang,A00,Điểm học bạ,2023,24.42,Tài chính - Ngân hàng
100669,KCC,tai-chinh-ngan-hang,C01,Điểm học bạ,2023,24.42,Tài chính - Ngân hàng
100670,KCC,tai-chinh-ngan-hang,C02,Điểm học bạ,2023,24.42,Tài chính - Ngân hàng
100671,KCC,tai-chinh-ngan-hang,D01,Điểm học bạ,2023,24.42,Tài chính - Ngân hàng
100672,KCC,tai-chinh-ngan-hang,A00,Điểm thi THPT,2023,23.3,Tài chính - Ngân hàng
100673,KCC,tai-chinh-ngan-hang,C01,Điểm thi THPT,2023,23.3,Tài chính - Ngân hàng
100674,KCC,tai-chinh-ngan-hang,C02,Điểm thi THPT,2023,23.3,Tài chính - Ngân hàng
100675,KCC,tai-chinh-ngan-hang,D01,Điểm thi THPT,2023,23.3,Tài chính - Ngân hàng
100676,KCC,tai-chinh-ngan-hang,A00,Điểm học bạ,2024,25.52,Tài chính - Ngân hàng
100677,KCC,tai-chinh-ngan-hang,C01,Điểm học bạ,2024,25.52,Tài chính - Ngân hàng
100678,KCC,tai-chinh-ngan-hang,C02,Điểm học bạ,2024,25.52,Tài chính - Ngân hàng
100679,KCC,tai-chinh-ngan-hang,D01,Điểm học bạ,2024,25.52,Tài chính - Ngân hàng
100680,KCC,tai-chinh-ngan-hang,A00,Điểm thi THPT,2024,21.35,Tài chính - Ngân hàng
100681,KCC,tai-chinh-ngan-hang,C01,Điểm thi THPT,2024,21.35,Tài chính - Ngân hàng
100682,KCC,tai-chinh-ngan-hang,C02,Điểm thi THPT,2024,21.35,Tài chính - Ngân hàng
100683,KCC,tai-chinh-ngan-hang,D01,Điểm thi THPT,2024,21.35,Tài chính - Ngân hàng
100684,KCC,tai-chinh-ngan-hang,A00,Điểm học bạ,2025,25.95,Tài chính - Ngân hàng
100685,KCC,tai-chinh-ngan-hang,A01,Điểm học bạ,2025,25.95,Tài chính - Ngân hàng
100686,KCC,tai-chinh-ngan-hang,C01,Điểm học bạ,2025,25.95,Tài chính - Ngân hàng
100687,KCC,tai-chinh-ngan-hang,D01,Điểm học bạ,2025,25.95,Tài chính - Ngân hàng
100688,KCC,tai-chinh-ngan-hang,X01,Điểm học bạ,2025,25.95,Tài chính - Ngân hàng
100689,KCC,tai-chinh-ngan-hang,X02,Điểm học bạ,2025,25.95,Tài chính - Ngân hàng
100690,KCC,tai-chinh-ngan-hang,X05,Điểm học bạ,2025,25.95,Tài chính - Ngân hàng
100691,KCC,tai-chinh-ngan-hang,X25,Điểm học bạ,2025,25.95,Tài chính - Ngân hàng
100692,KCC,tai-chinh-ngan-hang,A00,Điểm thi THPT,2025,23.43,Tài chính - Ngân hàng
100693,KCC,tai-chinh-ngan-hang,A01,Điểm thi THPT,2025,23.43,Tài chính - Ngân hàng
100694,KCC,tai-chinh-ngan-hang,C01,Điểm thi THPT,2025,23.43,Tài chính - Ngân hàng
100695,KCC,tai-chinh-ngan-hang,D01,Điểm thi THPT,2025,23.43,Tài chính - Ngân hàng
100696,KCC,tai-chinh-ngan-hang,X01,Điểm thi THPT,2025,23.43,Tài chính - Ngân hàng
100697,KCC,tai-chinh-ngan-hang,X02,Điểm thi THPT,2025,23.43,Tài chính - Ngân hàng
100698,KCC,tai-chinh-ngan-hang,X05,Điểm thi THPT,2025,23.43,Tài chính - Ngân hàng
100699,KCC,tai-chinh-ngan-hang,X25,Điểm thi THPT,2025,23.43,Tài chính - Ngân hàng
100700,KCN,an-toan-thong-tin,A00,Điểm thi THPT,2021,27.0,An toàn thông tin
100701,KCN,an-toan-thong-tin,A01,Điểm thi THPT,2021,27.0,An toàn thông tin
100702,KCN,an-toan-thong-tin,A02,Điểm thi THPT,2021,27.0,An toàn thông tin
100703,KCN,an-toan-thong-tin,B00,Điểm thi THPT,2021,27.0,An toàn thông tin
100704,KCN,an-toan-thong-tin,A00,Điểm thi THPT,2022,24.3,An toàn thông tin
100705,KCN,an-toan-thong-tin,A01,Điểm thi THPT,2022,24.3,An toàn thông tin
100706,KCN,an-toan-thong-tin,A02,Điểm thi THPT,2022,24.3,An toàn thông tin
100707,KCN,an-toan-thong-tin,B00,Điểm thi THPT,2022,24.3,An toàn thông tin
100708,KCN,an-toan-thong-tin,A00,Điểm thi THPT,2023,24.05,An toàn thông tin
100709,KCN,an-toan-thong-tin,A01,Điểm thi THPT,2023,24.05,An toàn thông tin
100710,KCN,an-toan-thong-tin,A02,Điểm thi THPT,2023,24.05,An toàn thông tin
100711,KCN,an-toan-thong-tin,D07,Điểm thi THPT,2023,24.05,An toàn thông tin
100712,KCN,an-toan-thong-tin,A00,Điểm thi THPT,2024,23.0,An toàn thông tin
100713,KCN,an-toan-thong-tin,A01,Điểm thi THPT,2024,23.0,An toàn thông tin
100714,KCN,an-toan-thong-tin,A02,Điểm thi THPT,2024,23.0,An toàn thông tin
100715,KCN,an-toan-thong-tin,D07,Điểm thi THPT,2024,23.0,An toàn thông tin
100716,KCN,an-toan-thong-tin,A00,Điểm thi THPT,2025,21.0,An toàn thông tin
100717,KCN,an-toan-thong-tin,A01,Điểm thi THPT,2025,21.0,An toàn thông tin
100718,KCN,an-toan-thong-tin,A02,Điểm thi THPT,2025,21.0,An toàn thông tin
100719,KCN,an-toan-thong-tin,A09,Điểm thi THPT,2025,21.0,An toàn thông tin
100720,KCN,an-toan-thong-tin,A19,Điểm thi THPT,2025,21.0,An toàn thông tin
100721,KCN,an-toan-thong-tin,D08,Điểm thi THPT,2025,21.0,An toàn thông tin
100722,KCN,an-toan-thong-tin,D32,Điểm thi THPT,2025,21.0,An toàn thông tin
100723,KCN,an-toan-thong-tin,D84,Điểm thi THPT,2025,21.0,An toàn thông tin
100724,KCN,an-toan-thong-tin,D90,Điểm thi THPT,2025,21.0,An toàn thông tin
100725,KCN,an-toan-thong-tin,D91,Điểm thi THPT,2025,21.0,An toàn thông tin
100726,KCN,an-toan-thong-tin,D96,Điểm thi THPT,2025,21.0,An toàn thông tin
100727,KCN,an-toan-thong-tin,D97,Điểm thi THPT,2025,21.0,An toàn thông tin
100728,KCN,cong-nghe-ky-thuat-co-dien-tu,A00,Điểm thi THPT,2021,24.5,Công nghệ kỹ thuật cơ điện tử
100729,KCN,cong-nghe-ky-thuat-co-dien-tu,A01,Điểm thi THPT,2021,24.5,Công nghệ kỹ thuật cơ điện tử
100730,KCN,cong-nghe-ky-thuat-co-dien-tu,A02,Điểm thi THPT,2021,24.5,Công nghệ kỹ thuật cơ điện tử
100731,KCN,cong-nghe-ky-thuat-co-dien-tu,D07,Điểm thi THPT,2021,24.5,Công nghệ kỹ thuật cơ điện tử
100732,KCN,cong-nghe-ky-thuat-co-dien-tu,A00,Điểm thi THPT,2022,24.5,Công nghệ Kỹ thuật Cơ điện tử
100733,KCN,cong-nghe-ky-thuat-co-dien-tu,A01,Điểm thi THPT,2022,24.5,Công nghệ Kỹ thuật Cơ điện tử
100734,KCN,cong-nghe-ky-thuat-co-dien-tu,A02,Điểm thi THPT,2022,24.5,Công nghệ Kỹ thuật Cơ điện tử
100735,KCN,cong-nghe-ky-thuat-co-dien-tu,D07,Điểm thi THPT,2022,24.5,Công nghệ Kỹ thuật Cơ điện tử
100736,KCN,cong-nghe-ky-thuat-co-dien-tu,A00,Điểm thi THPT,2023,24.63,Công nghệ Kỹ thuật Cơ điện tử
100737,KCN,cong-nghe-ky-thuat-co-dien-tu,A01,Điểm thi THPT,2023,24.63,Công nghệ Kỹ thuật Cơ điện tử
100738,KCN,cong-nghe-ky-thuat-co-dien-tu,A02,Điểm thi THPT,2023,24.63,Công nghệ Kỹ thuật Cơ điện tử
100739,KCN,cong-nghe-ky-thuat-co-dien-tu,D07,Điểm thi THPT,2023,24.63,Công nghệ Kỹ thuật Cơ điện tử
100740,KCN,cong-nghe-ky-thuat-co-dien-tu,A00,Điểm thi THPT,2024,23.51,Công nghệ Kỹ thuật Cơ điện tử
100741,KCN,cong-nghe-ky-thuat-co-dien-tu,A01,Điểm thi THPT,2024,23.51,Công nghệ Kỹ thuật Cơ điện tử
100742,KCN,cong-nghe-ky-thuat-co-dien-tu,A02,Điểm thi THPT,2024,23.51,Công nghệ Kỹ thuật Cơ điện tử
100743,KCN,cong-nghe-ky-thuat-co-dien-tu,D07,Điểm thi THPT,2024,23.51,Công nghệ Kỹ thuật Cơ điện tử
100744,KCN,cong-nghe-ky-thuat-co-dien-tu,A00,Điểm thi THPT,2025,20.5,Công nghệ Kỹ thuật Cơ điện tử
100745,KCN,cong-nghe-ky-thuat-co-dien-tu,A01,Điểm thi THPT,2025,20.5,Công nghệ Kỹ thuật Cơ điện tử
100746,KCN,cong-nghe-ky-thuat-co-dien-tu,A02,Điểm thi THPT,2025,20.5,Công nghệ Kỹ thuật Cơ điện tử
100747,KCN,cong-nghe-ky-thuat-co-dien-tu,A04,Điểm thi THPT,2025,20.5,Công nghệ Kỹ thuật Cơ điện tử
100748,KCN,cong-nghe-ky-thuat-co-dien-tu,A09,Điểm thi THPT,2025,20.5,Công nghệ Kỹ thuật Cơ điện tử
100749,KCN,cong-nghe-ky-thuat-co-dien-tu,A19,Điểm thi THPT,2025,20.5,Công nghệ Kỹ thuật Cơ điện tử
100750,KCN,cong-nghe-ky-thuat-co-dien-tu,B00,Điểm thi THPT,2025,20.5,Công nghệ Kỹ thuật Cơ điện tử
100751,KCN,cong-nghe-ky-thuat-co-dien-tu,D07,Điểm thi THPT,2025,20.5,Công nghệ Kỹ thuật Cơ điện tử
100752,KCN,cong-nghe-ky-thuat-co-dien-tu,D20,Điểm thi THPT,2025,20.5,Công nghệ Kỹ thuật Cơ điện tử
100753,KCN,cong-nghe-ky-thuat-co-dien-tu,D90,Điểm thi THPT,2025,20.5,Công nghệ Kỹ thuật Cơ điện tử
100754,KCN,cong-nghe-ky-thuat-co-dien-tu,D91,Điểm thi THPT,2025,20.5,Công nghệ Kỹ thuật Cơ điện tử
100755,KCN,cong-nghe-sinh-hoc-nong-y-duoc,A00,Điểm thi THPT,2021,22.05,"Công nghệ Sinh học nông, y, dược"
100756,KCN,cong-nghe-sinh-hoc-nong-y-duoc,A02,Điểm thi THPT,2021,22.05,"Công nghệ Sinh học nông, y, dược"
100757,KCN,cong-nghe-sinh-hoc-nong-y-duoc,B00,Điểm thi THPT,2021,22.05,"Công nghệ Sinh học nông, y, dược"
100758,KCN,cong-nghe-sinh-hoc-nong-y-duoc,D08,Điểm thi THPT,2021,22.05,"Công nghệ Sinh học nông, y, dược"
100759,KCN,cong-nghe-sinh-hoc-phat-trien-thuoc,A00,Điểm thi THPT,2022,22.8,Công nghệ sinh học – Phát triển thuốc
100760,KCN,cong-nghe-sinh-hoc-phat-trien-thuoc,A02,Điểm thi THPT,2022,22.8,Công nghệ sinh học – Phát triển thuốc
100761,KCN,cong-nghe-sinh-hoc-phat-trien-thuoc,B00,Điểm thi THPT,2022,22.8,Công nghệ sinh học – Phát triển thuốc
100762,KCN,cong-nghe-sinh-hoc-phat-trien-thuoc,D08,Điểm thi THPT,2022,22.8,Công nghệ sinh học – Phát triển thuốc
100763,KCN,cong-nghe-sinh-hoc-phat-trien-thuoc,A00,Điểm thi THPT,2023,23.14,Công nghệ sinh học – Phát triển thuốc
100764,KCN,cong-nghe-sinh-hoc-phat-trien-thuoc,A02,Điểm thi THPT,2023,23.14,Công nghệ sinh học – Phát triển thuốc
100765,KCN,cong-nghe-sinh-hoc-phat-trien-thuoc,B00,Điểm thi THPT,2023,23.14,Công nghệ sinh học – Phát triển thuốc
100766,KCN,cong-nghe-sinh-hoc-phat-trien-thuoc,D08,Điểm thi THPT,2023,23.14,Công nghệ sinh học – Phát triển thuốc
100767,KCN,cong-nghe-sinh-hoc-phat-trien-thuoc,A00,Điểm thi THPT,2024,21.6,Công nghệ Sinh học – Phát triển thuốc
100768,KCN,cong-nghe-sinh-hoc-phat-trien-thuoc,A02,Điểm thi THPT,2024,21.6,Công nghệ Sinh học – Phát triển thuốc
100769,KCN,cong-nghe-sinh-hoc-phat-trien-thuoc,B00,Điểm thi THPT,2024,21.6,Công nghệ Sinh học – Phát triển thuốc
100770,KCN,cong-nghe-sinh-hoc-phat-trien-thuoc,D08,Điểm thi THPT,2024,21.6,Công nghệ Sinh học – Phát triển thuốc
100771,KCN,cong-nghe-sinh-hoc-phat-trien-thuoc,A00,Điểm thi THPT,2025,19.25,Công nghệ sinh học - Phát triển thuốc
100772,KCN,cong-nghe-sinh-hoc-phat-trien-thuoc,A02,Điểm thi THPT,2025,19.25,Công nghệ sinh học - Phát triển thuốc
100773,KCN,cong-nghe-sinh-hoc-phat-trien-thuoc,B00,Điểm thi THPT,2025,19.25,Công nghệ sinh học - Phát triển thuốc
100774,KCN,cong-nghe-sinh-hoc-phat-trien-thuoc,D07,Điểm thi THPT,2025,19.25,Công nghệ sinh học - Phát triển thuốc
100775,KCN,cong-nghe-sinh-hoc-phat-trien-thuoc,D08,Điểm thi THPT,2025,19.25,Công nghệ sinh học - Phát triển thuốc
100776,KCN,cong-nghe-sinh-hoc-phat-trien-thuoc,D15,Điểm thi THPT,2025,19.25,Công nghệ sinh học - Phát triển thuốc
100777,KCN,cong-nghe-sinh-hoc-phat-trien-thuoc,D20,Điểm thi THPT,2025,19.25,Công nghệ sinh học - Phát triển thuốc
100778,KCN,cong-nghe-sinh-hoc-phat-trien-thuoc,D32,Điểm thi THPT,2025,19.25,Công nghệ sinh học - Phát triển thuốc
100779,KCN,cong-nghe-sinh-hoc-phat-trien-thuoc,D90,Điểm thi THPT,2025,19.25,Công nghệ sinh học - Phát triển thuốc
100780,KCN,cong-nghe-sinh-hoc-phat-trien-thuoc,D91,Điểm thi THPT,2025,19.25,Công nghệ sinh học - Phát triển thuốc
100781,KCN,cong-nghe-sinh-hoc-phat-trien-thuoc,D96,Điểm thi THPT,2025,19.25,Công nghệ sinh học - Phát triển thuốc
100782,KCN,cong-nghe-thong-tin-truyen-thong,A00,Điểm thi THPT,2022,25.75,Công nghệ thông tin – Truyền thông
100783,KCN,cong-nghe-thong-tin-truyen-thong,A01,Điểm thi THPT,2022,25.75,Công nghệ thông tin – Truyền thông
100784,KCN,cong-nghe-thong-tin-truyen-thong,A02,Điểm thi THPT,2022,25.75,Công nghệ thông tin – Truyền thông
100785,KCN,cong-nghe-thong-tin-truyen-thong,D07,Điểm thi THPT,2022,25.75,Công nghệ thông tin – Truyền thông
100786,KCN,cong-nghe-thong-tin-truyen-thong,A00,Điểm thi THPT,2023,24.05,Công nghệ thông tin – Truyền thông
100787,KCN,cong-nghe-thong-tin-truyen-thong,A01,Điểm thi THPT,2023,24.05,Công nghệ thông tin – Truyền thông
100788,KCN,cong-nghe-thong-tin-truyen-thong,A02,Điểm thi THPT,2023,24.05,Công nghệ thông tin – Truyền thông
100789,KCN,cong-nghe-thong-tin-truyen-thong,D07,Điểm thi THPT,2023,24.05,Công nghệ thông tin – Truyền thông
100790,KCN,cong-nghe-thong-tin-truyen-thong,A00,Điểm thi THPT,2024,22.5,Công nghệ thông tin – Truyền thông
100791,KCN,cong-nghe-thong-tin-truyen-thong,A01,Điểm thi THPT,2024,22.5,Công nghệ thông tin – Truyền thông
100792,KCN,cong-nghe-thong-tin-truyen-thong,A02,Điểm thi THPT,2024,22.5,Công nghệ thông tin – Truyền thông
100793,KCN,cong-nghe-thong-tin-truyen-thong,D07,Điểm thi THPT,2024,22.5,Công nghệ thông tin – Truyền thông
100794,KCN,cong-nghe-thong-tin-truyen-thong,A00,Điểm thi THPT,2025,18.5,Công nghệ thông tin - Truyền thông
100795,KCN,cong-nghe-thong-tin-truyen-thong,A01,Điểm thi THPT,2025,18.5,Công nghệ thông tin - Truyền thông
100796,KCN,cong-nghe-thong-tin-truyen-thong,A02,Điểm thi THPT,2025,18.5,Công nghệ thông tin - Truyền thông
100797,KCN,cong-nghe-thong-tin-truyen-thong,A09,Điểm thi THPT,2025,18.5,Công nghệ thông tin - Truyền thông
100798,KCN,cong-nghe-thong-tin-truyen-thong,A19,Điểm thi THPT,2025,18.5,Công nghệ thông tin - Truyền thông
100799,KCN,cong-nghe-thong-tin-truyen-thong,D08,Điểm thi THPT,2025,18.5,Công nghệ thông tin - Truyền thông
100800,KCN,cong-nghe-thong-tin-truyen-thong,D32,Điểm thi THPT,2025,18.5,Công nghệ thông tin - Truyền thông
100801,KCN,cong-nghe-thong-tin-truyen-thong,D84,Điểm thi THPT,2025,18.5,Công nghệ thông tin - Truyền thông
100802,KCN,cong-nghe-thong-tin-truyen-thong,D90,Điểm thi THPT,2025,18.5,Công nghệ thông tin - Truyền thông
100803,KCN,cong-nghe-thong-tin-truyen-thong,D91,Điểm thi THPT,2025,18.5,Công nghệ thông tin - Truyền thông
100804,KCN,cong-nghe-thong-tin-truyen-thong,D96,Điểm thi THPT,2025,18.5,Công nghệ thông tin - Truyền thông
100805,KCN,cong-nghe-thong-tin-truyen-thong,D97,Điểm thi THPT,2025,18.5,Công nghệ thông tin - Truyền thông
100806,KCN,cong-nghe-thong-tin-va-truyen-thong,A00,Điểm thi THPT,2021,25.75,Công nghệ thông tin và truyền thông
100807,KCN,cong-nghe-thong-tin-va-truyen-thong,A01,Điểm thi THPT,2021,25.75,Công nghệ thông tin và truyền thông
100808,KCN,cong-nghe-thong-tin-va-truyen-thong,A02,Điểm thi THPT,2021,25.75,Công nghệ thông tin và truyền thông
100809,KCN,cong-nghe-thong-tin-va-truyen-thong,D07,Điểm thi THPT,2021,25.75,Công nghệ thông tin và truyền thông
100810,KCN,cong-nghe-vi-mach-ban-dan,A00,Điểm thi THPT,2024,25.01,Công nghệ vi mạch bán dẫn
100811,KCN,cong-nghe-vi-mach-ban-dan,A01,Điểm thi THPT,2024,25.01,Công nghệ vi mạch bán dẫn
100812,KCN,cong-nghe-vi-mach-ban-dan,A02,Điểm thi THPT,2024,25.01,Công nghệ vi mạch bán dẫn
100813,KCN,cong-nghe-vi-mach-ban-dan,D07,Điểm thi THPT,2024,25.01,Công nghệ vi mạch bán dẫn
100814,KCN,cong-nghe-vi-mach-ban-dan,A00,Điểm thi THPT,2025,23.0,Công nghệ vi mạch bán dẫn
100815,KCN,cong-nghe-vi-mach-ban-dan,A01,Điểm thi THPT,2025,23.0,Công nghệ vi mạch bán dẫn
100816,KCN,cong-nghe-vi-mach-ban-dan,A02,Điểm thi THPT,2025,23.0,Công nghệ vi mạch bán dẫn
100817,KCN,cong-nghe-vi-mach-ban-dan,A04,Điểm thi THPT,2025,23.0,Công nghệ vi mạch bán dẫn
100818,KCN,cong-nghe-vi-mach-ban-dan,A09,Điểm thi THPT,2025,23.0,Công nghệ vi mạch bán dẫn
100819,KCN,cong-nghe-vi-mach-ban-dan,A19,Điểm thi THPT,2025,23.0,Công nghệ vi mạch bán dẫn
100820,KCN,duoc-hoc,A00,Điểm thi THPT,2024,23.57,Dược học
100821,KCN,duoc-hoc,A02,Điểm thi THPT,2024,23.57,Dược học
100822,KCN,duoc-hoc,B00,Điểm thi THPT,2024,23.57,Dược học
100823,KCN,duoc-hoc,D07,Điểm thi THPT,2024,23.57,Dược học
100824,KCN,duoc-hoc,A00,Điểm thi THPT,2025,20.0,Dược học
100825,KCN,duoc-hoc,A01,Điểm thi THPT,2025,20.0,Dược học
100826,KCN,duoc-hoc,A02,Điểm thi THPT,2025,20.0,Dược học
100827,KCN,duoc-hoc,A09,Điểm thi THPT,2025,20.0,Dược học
100828,KCN,duoc-hoc,A19,Điểm thi THPT,2025,20.0,Dược học
100829,KCN,duoc-hoc,B00,Điểm thi THPT,2025,20.0,Dược học
100830,KCN,duoc-hoc,D07,Điểm thi THPT,2025,20.0,Dược học
100831,KCN,duoc-hoc,D08,Điểm thi THPT,2025,20.0,Dược học
100832,KCN,duoc-hoc,D32,Điểm thi THPT,2025,20.0,Dược học
100833,KCN,duoc-hoc,D90,Điểm thi THPT,2025,20.0,Dược học
100834,KCN,duoc-hoc,D91,Điểm thi THPT,2025,20.0,Dược học
100835,KCN,duoc-hoc,D96,Điểm thi THPT,2025,20.0,Dược học
100836,KCN,hoa-hoc,A00,Điểm thi THPT,2021,23.1,Hóa học
100837,KCN,hoa-hoc,A06,Điểm thi THPT,2021,23.1,Hóa học
100838,KCN,hoa-hoc,B00,Điểm thi THPT,2021,23.1,Hóa học
100839,KCN,hoa-hoc,D07,Điểm thi THPT,2021,23.1,Hóa học
100840,KCN,hoa-hoc,A00,Điểm thi THPT,2022,23.05,Hóa học
100841,KCN,hoa-hoc,A06,Điểm thi THPT,2022,23.05,Hóa học
100842,KCN,hoa-hoc,B00,Điểm thi THPT,2022,23.05,Hóa học
100843,KCN,hoa-hoc,D07,Điểm thi THPT,2022,23.05,Hóa học
100844,KCN,hoa-hoc,A00,Điểm thi THPT,2023,20.15,Hóa học
100845,KCN,hoa-hoc,A06,Điểm thi THPT,2023,20.15,Hóa học
100846,KCN,hoa-hoc,B00,Điểm thi THPT,2023,20.15,Hóa học
100847,KCN,hoa-hoc,D07,Điểm thi THPT,2023,20.15,Hóa học
100848,KCN,hoa-hoc,A00,Điểm thi THPT,2024,21.75,Hóa học
100849,KCN,hoa-hoc,A06,Điểm thi THPT,2024,21.75,Hóa học
100850,KCN,hoa-hoc,B00,Điểm thi THPT,2024,21.75,Hóa học
100851,KCN,hoa-hoc,D07,Điểm thi THPT,2024,21.75,Hóa học
100852,KCN,hoa-hoc,A00,Điểm thi THPT,2025,18.75,Hóa học
100853,KCN,hoa-hoc,B00,Điểm thi THPT,2025,18.75,Hóa học
100854,KCN,hoa-hoc,D07,Điểm thi THPT,2025,18.75,Hóa học
100855,KCN,hoa-hoc,D20,Điểm thi THPT,2025,18.75,Hóa học
100856,KCN,hoa-hoc,D90,Điểm thi THPT,2025,18.75,Hóa học
100857,KCN,hoa-hoc,D91,Điểm thi THPT,2025,18.75,Hóa học
100858,KCN,khoa-hoc-du-lieu,A00,Điểm thi THPT,2021,27.3,Khoa học dữ liệu
100859,KCN,khoa-hoc-du-lieu,A01,Điểm thi THPT,2021,27.3,Khoa học dữ liệu
100860,KCN,khoa-hoc-du-lieu,A02,Điểm thi THPT,2021,27.3,Khoa học dữ liệu
100861,KCN,khoa-hoc-du-lieu,D08,Điểm thi THPT,2021,27.3,Khoa học dữ liệu
100862,KCN,khoa-hoc-du-lieu,A00,Điểm thi THPT,2022,24.65,Khoa học dữ liệu
100863,KCN,khoa-hoc-du-lieu,A01,Điểm thi THPT,2022,24.65,Khoa học dữ liệu
100864,KCN,khoa-hoc-du-lieu,A02,Điểm thi THPT,2022,24.65,Khoa học dữ liệu
100865,KCN,khoa-hoc-du-lieu,D08,Điểm thi THPT,2022,24.65,Khoa học dữ liệu
100866,KCN,khoa-hoc-du-lieu,A00,Điểm thi THPT,2023,24.51,Khoa học dữ liệu
100867,KCN,khoa-hoc-du-lieu,A01,Điểm thi THPT,2023,24.51,Khoa học dữ liệu
100868,KCN,khoa-hoc-du-lieu,A02,Điểm thi THPT,2023,24.51,Khoa học dữ liệu
100869,KCN,khoa-hoc-du-lieu,D08,Điểm thi THPT,2023,24.51,Khoa học dữ liệu
100870,KCN,khoa-hoc-du-lieu,A00,Điểm thi THPT,2024,22.05,Khoa học dữ liệu
100871,KCN,khoa-hoc-du-lieu,A01,Điểm thi THPT,2024,22.05,Khoa học dữ liệu
100872,KCN,khoa-hoc-du-lieu,A02,Điểm thi THPT,2024,22.05,Khoa học dữ liệu
100873,KCN,khoa-hoc-du-lieu,D08,Điểm thi THPT,2024,22.05,Khoa học dữ liệu
100874,KCN,khoa-hoc-du-lieu,A00,Điểm thi THPT,2025,20.0,Khoa học dữ liệu
100875,KCN,khoa-hoc-du-lieu,A01,Điểm thi THPT,2025,20.0,Khoa học dữ liệu
100876,KCN,khoa-hoc-du-lieu,A02,Điểm thi THPT,2025,20.0,Khoa học dữ liệu
100877,KCN,khoa-hoc-du-lieu,A09,Điểm thi THPT,2025,20.0,Khoa học dữ liệu
100878,KCN,khoa-hoc-du-lieu,A19,Điểm thi THPT,2025,20.0,Khoa học dữ liệu
100879,KCN,khoa-hoc-du-lieu,D08,Điểm thi THPT,2025,20.0,Khoa học dữ liệu
100880,KCN,khoa-hoc-du-lieu,D32,Điểm thi THPT,2025,20.0,Khoa học dữ liệu
100881,KCN,khoa-hoc-du-lieu,D84,Điểm thi THPT,2025,20.0,Khoa học dữ liệu
100882,KCN,khoa-hoc-du-lieu,D90,Điểm thi THPT,2025,20.0,Khoa học dữ liệu
100883,KCN,khoa-hoc-du-lieu,D91,Điểm thi THPT,2025,20.0,Khoa học dữ liệu
100884,KCN,khoa-hoc-du-lieu,D96,Điểm thi THPT,2025,20.0,Khoa học dữ liệu
100885,KCN,khoa-hoc-du-lieu,D97,Điểm thi THPT,2025,20.0,Khoa học dữ liệu
100886,KCN,khoa-hoc-moi-truong-ung-dung,A00,Điểm thi THPT,2021,22.75,Khoa học Môi trường ứng dụng
100887,KCN,khoa-hoc-moi-truong-ung-dung,A02,Điểm thi THPT,2021,22.75,Khoa học Môi trường ứng dụng
100888,KCN,khoa-hoc-moi-truong-ung-dung,B00,Điểm thi THPT,2021,22.75,Khoa học Môi trường ứng dụng
100889,KCN,khoa-hoc-moi-truong-ung-dung,D07,Điểm thi THPT,2021,22.75,Khoa học Môi trường ứng dụng
100890,KCN,khoa-hoc-moi-truong-ung-dung,A00,Điểm thi THPT,2022,22.0,Khoa học Môi trường Ứng dụng
100891,KCN,khoa-hoc-moi-truong-ung-dung,A02,Điểm thi THPT,2022,22.0,Khoa học Môi trường Ứng dụng
100892,KCN,khoa-hoc-moi-truong-ung-dung,B00,Điểm thi THPT,2022,22.0,Khoa học Môi trường Ứng dụng
100893,KCN,khoa-hoc-moi-truong-ung-dung,D07,Điểm thi THPT,2022,22.0,Khoa học Môi trường Ứng dụng
100894,KCN,khoa-hoc-moi-truong-ung-dung,A00,Điểm thi THPT,2023,18.55,Khoa học Môi trường Ứng dụng
100895,KCN,khoa-hoc-moi-truong-ung-dung,A02,Điểm thi THPT,2023,18.55,Khoa học Môi trường Ứng dụng
100896,KCN,khoa-hoc-moi-truong-ung-dung,B00,Điểm thi THPT,2023,18.55,Khoa học Môi trường Ứng dụng
100897,KCN,khoa-hoc-moi-truong-ung-dung,D07,Điểm thi THPT,2023,18.55,Khoa học Môi trường Ứng dụng
100898,KCN,khoa-hoc-moi-truong-ung-dung,A00,Điểm thi THPT,2024,18.65,Khoa học Môi trường ứng dụng
100899,KCN,khoa-hoc-moi-truong-ung-dung,A02,Điểm thi THPT,2024,18.65,Khoa học Môi trường ứng dụng
100900,KCN,khoa-hoc-moi-truong-ung-dung,B00,Điểm thi THPT,2024,18.65,Khoa học Môi trường ứng dụng
100901,KCN,khoa-hoc-moi-truong-ung-dung,D07,Điểm thi THPT,2024,18.65,Khoa học Môi trường ứng dụng
100902,KCN,khoa-hoc-moi-truong-ung-dung,A00,Điểm thi THPT,2025,19.75,Khoa học Môi trường Ứng dụng
100903,KCN,khoa-hoc-moi-truong-ung-dung,B00,Điểm thi THPT,2025,19.75,Khoa học Môi trường Ứng dụng
100904,KCN,khoa-hoc-moi-truong-ung-dung,D07,Điểm thi THPT,2025,19.75,Khoa học Môi trường Ứng dụng
100905,KCN,khoa-hoc-moi-truong-ung-dung,D08,Điểm thi THPT,2025,19.75,Khoa học Môi trường Ứng dụng
100906,KCN,khoa-hoc-moi-truong-ung-dung,D15,Điểm thi THPT,2025,19.75,Khoa học Môi trường Ứng dụng
100907,KCN,khoa-hoc-moi-truong-ung-dung,D20,Điểm thi THPT,2025,19.75,Khoa học Môi trường Ứng dụng
100908,KCN,khoa-hoc-moi-truong-ung-dung,D32,Điểm thi THPT,2025,19.75,Khoa học Môi trường Ứng dụng
100909,KCN,khoa-hoc-moi-truong-ung-dung,D90,Điểm thi THPT,2025,19.75,Khoa học Môi trường Ứng dụng
100910,KCN,khoa-hoc-moi-truong-ung-dung,D91,Điểm thi THPT,2025,19.75,Khoa học Môi trường Ứng dụng
100911,KCN,khoa-hoc-moi-truong-ung-dung,D96,Điểm thi THPT,2025,19.75,Khoa học Môi trường Ứng dụng
100912,KCN,khoa-hoc-va-cong-nghe-thuc-pham,A00,Điểm thi THPT,2021,27.0,Khoa học và Công nghệ thực phẩm
100913,KCN,khoa-hoc-va-cong-nghe-thuc-pham,A02,Điểm thi THPT,2021,27.0,Khoa học và Công nghệ thực phẩm
100914,KCN,khoa-hoc-va-cong-nghe-thuc-pham,B00,Điểm thi THPT,2021,27.0,Khoa học và Công nghệ thực phẩm
100915,KCN,khoa-hoc-va-cong-nghe-thuc-pham,D07,Điểm thi THPT,2021,27.0,Khoa học và Công nghệ thực phẩm
100916,KCN,khoa-hoc-va-cong-nghe-thuc-pham,A00,Điểm thi THPT,2022,22.0,Khoa học và Công nghệ thực phẩm
100917,KCN,khoa-hoc-va-cong-nghe-thuc-pham,A02,Điểm thi THPT,2022,22.0,Khoa học và Công nghệ thực phẩm
100918,KCN,khoa-hoc-va-cong-nghe-thuc-pham,B00,Điểm thi THPT,2022,22.0,Khoa học và Công nghệ thực phẩm
100919,KCN,khoa-hoc-va-cong-nghe-thuc-pham,D07,Điểm thi THPT,2022,22.0,Khoa học và Công nghệ thực phẩm
100920,KCN,khoa-hoc-va-cong-nghe-thuc-pham,A00,Điểm thi THPT,2023,22.05,Khoa học và Công nghệ thực phẩm
100921,KCN,khoa-hoc-va-cong-nghe-thuc-pham,A02,Điểm thi THPT,2023,22.05,Khoa học và Công nghệ thực phẩm
100922,KCN,khoa-hoc-va-cong-nghe-thuc-pham,B00,Điểm thi THPT,2023,22.05,Khoa học và Công nghệ thực phẩm
100923,KCN,khoa-hoc-va-cong-nghe-thuc-pham,D07,Điểm thi THPT,2023,22.05,Khoa học và Công nghệ thực phẩm
100924,KCN,khoa-hoc-va-cong-nghe-thuc-pham,A00,Điểm thi THPT,2024,20.35,Khoa học và Công nghệ thực phẩm
100925,KCN,khoa-hoc-va-cong-nghe-thuc-pham,A02,Điểm thi THPT,2024,20.35,Khoa học và Công nghệ thực phẩm
100926,KCN,khoa-hoc-va-cong-nghe-thuc-pham,B00,Điểm thi THPT,2024,20.35,Khoa học và Công nghệ thực phẩm
100927,KCN,khoa-hoc-va-cong-nghe-thuc-pham,D07,Điểm thi THPT,2024,20.35,Khoa học và Công nghệ thực phẩm
100928,KCN,khoa-hoc-va-cong-nghe-thuc-pham,A00,Điểm thi THPT,2025,18.25,Khoa học và Công nghệ thực phẩm
100929,KCN,khoa-hoc-va-cong-nghe-thuc-pham,A01,Điểm thi THPT,2025,18.25,Khoa học và Công nghệ thực phẩm
100930,KCN,khoa-hoc-va-cong-nghe-thuc-pham,A02,Điểm thi THPT,2025,18.25,Khoa học và Công nghệ thực phẩm
100931,KCN,khoa-hoc-va-cong-nghe-thuc-pham,A09,Điểm thi THPT,2025,18.25,Khoa học và Công nghệ thực phẩm
100932,KCN,khoa-hoc-va-cong-nghe-thuc-pham,B00,Điểm thi THPT,2025,18.25,Khoa học và Công nghệ thực phẩm
100933,KCN,khoa-hoc-va-cong-nghe-thuc-pham,D07,Điểm thi THPT,2025,18.25,Khoa học và Công nghệ thực phẩm
100934,KCN,khoa-hoc-va-cong-nghe-thuc-pham,D08,Điểm thi THPT,2025,18.25,Khoa học và Công nghệ thực phẩm
100935,KCN,khoa-hoc-va-cong-nghe-thuc-pham,D15,Điểm thi THPT,2025,18.25,Khoa học và Công nghệ thực phẩm
100936,KCN,khoa-hoc-va-cong-nghe-thuc-pham,D20,Điểm thi THPT,2025,18.25,Khoa học và Công nghệ thực phẩm
100937,KCN,khoa-hoc-va-cong-nghe-thuc-pham,D32,Điểm thi THPT,2025,18.25,Khoa học và Công nghệ thực phẩm
100938,KCN,khoa-hoc-va-cong-nghe-thuc-pham,D90,Điểm thi THPT,2025,18.25,Khoa học và Công nghệ thực phẩm
100939,KCN,khoa-hoc-va-cong-nghe-thuc-pham,D91,Điểm thi THPT,2025,18.25,Khoa học và Công nghệ thực phẩm
100940,KCN,khoa-hoc-va-cong-nghe-thuc-pham,D96,Điểm thi THPT,2025,18.25,Khoa học và Công nghệ thực phẩm
100941,KCN,khoa-hoc-va-cong-nghe-y-khoa,A00,Điểm thi THPT,2021,22.55,Khoa học và Công nghệ Y khoa
100942,KCN,khoa-hoc-va-cong-nghe-y-khoa,A02,Điểm thi THPT,2021,22.55,Khoa học và Công nghệ Y khoa
100943,KCN,khoa-hoc-va-cong-nghe-y-khoa,B00,Điểm thi THPT,2021,22.55,Khoa học và Công nghệ Y khoa
100944,KCN,khoa-hoc-va-cong-nghe-y-khoa,D07,Điểm thi THPT,2021,22.55,Khoa học và Công nghệ Y khoa
100945,KCN,khoa-hoc-va-cong-nghe-y-khoa,A00,Điểm thi THPT,2022,23.15,Khoa học và Công nghệ y khoa
100946,KCN,khoa-hoc-va-cong-nghe-y-khoa,A02,Điểm thi THPT,2022,23.15,Khoa học và Công nghệ y khoa
100947,KCN,khoa-hoc-va-cong-nghe-y-khoa,B00,Điểm thi THPT,2022,23.15,Khoa học và Công nghệ y khoa
100948,KCN,khoa-hoc-va-cong-nghe-y-khoa,D07,Điểm thi THPT,2022,23.15,Khoa học và Công nghệ y khoa
100949,KCN,khoa-hoc-va-cong-nghe-y-khoa,A00,Điểm thi THPT,2023,22.6,Khoa học và Công nghệ y khoa
100950,KCN,khoa-hoc-va-cong-nghe-y-khoa,A01,Điểm thi THPT,2023,22.6,Khoa học và Công nghệ y khoa
100951,KCN,khoa-hoc-va-cong-nghe-y-khoa,B00,Điểm thi THPT,2023,22.6,Khoa học và Công nghệ y khoa
100952,KCN,khoa-hoc-va-cong-nghe-y-khoa,D07,Điểm thi THPT,2023,22.6,Khoa học và Công nghệ y khoa
100953,KCN,khoa-hoc-va-cong-nghe-y-khoa,A00,Điểm thi THPT,2024,21.1,Khoa học và Công nghệ y khoa
100954,KCN,khoa-hoc-va-cong-nghe-y-khoa,A01,Điểm thi THPT,2024,21.1,Khoa học và Công nghệ y khoa
100955,KCN,khoa-hoc-va-cong-nghe-y-khoa,B00,Điểm thi THPT,2024,21.1,Khoa học và Công nghệ y khoa
100956,KCN,khoa-hoc-va-cong-nghe-y-khoa,D07,Điểm thi THPT,2024,21.1,Khoa học và Công nghệ y khoa
100957,KCN,khoa-hoc-va-cong-nghe-y-khoa,A00,Điểm thi THPT,2025,19.25,Khoa học và Công nghệ y khoa
100958,KCN,khoa-hoc-va-cong-nghe-y-khoa,A01,Điểm thi THPT,2025,19.25,Khoa học và Công nghệ y khoa
100959,KCN,khoa-hoc-va-cong-nghe-y-khoa,A02,Điểm thi THPT,2025,19.25,Khoa học và Công nghệ y khoa
100960,KCN,khoa-hoc-va-cong-nghe-y-khoa,A09,Điểm thi THPT,2025,19.25,Khoa học và Công nghệ y khoa
100961,KCN,khoa-hoc-va-cong-nghe-y-khoa,B00,Điểm thi THPT,2025,19.25,Khoa học và Công nghệ y khoa
100962,KCN,khoa-hoc-va-cong-nghe-y-khoa,D07,Điểm thi THPT,2025,19.25,Khoa học và Công nghệ y khoa
100963,KCN,khoa-hoc-va-cong-nghe-y-khoa,D08,Điểm thi THPT,2025,19.25,Khoa học và Công nghệ y khoa
100964,KCN,khoa-hoc-va-cong-nghe-y-khoa,D15,Điểm thi THPT,2025,19.25,Khoa học và Công nghệ y khoa
100965,KCN,khoa-hoc-va-cong-nghe-y-khoa,D20,Điểm thi THPT,2025,19.25,Khoa học và Công nghệ y khoa
100966,KCN,khoa-hoc-va-cong-nghe-y-khoa,D32,Điểm thi THPT,2025,19.25,Khoa học và Công nghệ y khoa
100967,KCN,khoa-hoc-va-cong-nghe-y-khoa,D90,Điểm thi THPT,2025,19.25,Khoa học và Công nghệ y khoa
100968,KCN,khoa-hoc-va-cong-nghe-y-khoa,D91,Điểm thi THPT,2025,19.25,Khoa học và Công nghệ y khoa
100969,KCN,khoa-hoc-va-cong-nghe-y-khoa,D96,Điểm thi THPT,2025,19.25,Khoa học và Công nghệ y khoa
100970,KCN,khoa-hoc-vat-lieu-tien-tien-va-cong-nghe-nano,A00,Điểm thi THPT,2021,23.0,Khoa học vật liệu tiên tiến và Công nghệ Nano
100971,KCN,khoa-hoc-vat-lieu-tien-tien-va-cong-nghe-nano,A02,Điểm thi THPT,2021,23.0,Khoa học vật liệu tiên tiến và Công nghệ Nano
100972,KCN,khoa-hoc-vat-lieu-tien-tien-va-cong-nghe-nano,B00,Điểm thi THPT,2021,23.0,Khoa học vật liệu tiên tiến và Công nghệ Nano
100973,KCN,khoa-hoc-vat-lieu-tien-tien-va-cong-nghe-nano,D07,Điểm thi THPT,2021,23.0,Khoa học vật liệu tiên tiến và Công nghệ Nano
100974,KCN,khoa-hoc-vat-lieu-tien-tien-va-cong-nghe-nano,A00,Điểm thi THPT,2022,22.35,Khoa học vật liệu tiên tiến và Công nghệ Nano
100975,KCN,khoa-hoc-vat-lieu-tien-tien-va-cong-nghe-nano,A02,Điểm thi THPT,2022,22.35,Khoa học vật liệu tiên tiến và Công nghệ Nano
100976,KCN,khoa-hoc-vat-lieu-tien-tien-va-cong-nghe-nano,B00,Điểm thi THPT,2022,22.35,Khoa học vật liệu tiên tiến và Công nghệ Nano
100977,KCN,khoa-hoc-vat-lieu-tien-tien-va-cong-nghe-nano,D07,Điểm thi THPT,2022,22.35,Khoa học vật liệu tiên tiến và Công nghệ Nano
100978,KCN,khoa-hoc-vat-lieu-tien-tien-va-cong-nghe-nano,A00,Điểm thi THPT,2023,21.8,Khoa học vật liệu tiên tiến và Công nghệ Nano
100979,KCN,khoa-hoc-vat-lieu-tien-tien-va-cong-nghe-nano,A02,Điểm thi THPT,2023,21.8,Khoa học vật liệu tiên tiến và Công nghệ Nano
100980,KCN,khoa-hoc-vat-lieu-tien-tien-va-cong-nghe-nano,B00,Điểm thi THPT,2023,21.8,Khoa học vật liệu tiên tiến và Công nghệ Nano
100981,KCN,khoa-hoc-vat-lieu-tien-tien-va-cong-nghe-nano,D07,Điểm thi THPT,2023,21.8,Khoa học vật liệu tiên tiến và Công nghệ Nano
100982,KCN,khoa-hoc-vat-lieu-tien-tien-va-cong-nghe-nano,A00,Điểm thi THPT,2024,22.0,Khoa học Vật liệu tiên tiến và Công nghệ Nano
100983,KCN,khoa-hoc-vat-lieu-tien-tien-va-cong-nghe-nano,A02,Điểm thi THPT,2024,22.0,Khoa học Vật liệu tiên tiến và Công nghệ Nano
100984,KCN,khoa-hoc-vat-lieu-tien-tien-va-cong-nghe-nano,B00,Điểm thi THPT,2024,22.0,Khoa học Vật liệu tiên tiến và Công nghệ Nano
100985,KCN,khoa-hoc-vat-lieu-tien-tien-va-cong-nghe-nano,D07,Điểm thi THPT,2024,22.0,Khoa học Vật liệu tiên tiến và Công nghệ Nano
100986,KCN,khoa-hoc-vat-lieu-tien-tien-va-cong-nghe-nano,A00,Điểm thi THPT,2025,21.75,Khoa học vật liệu tiên tiến và Công nghệ Nano
100987,KCN,khoa-hoc-vat-lieu-tien-tien-va-cong-nghe-nano,A01,Điểm thi THPT,2025,21.75,Khoa học vật liệu tiên tiến và Công nghệ Nano
100988,KCN,khoa-hoc-vat-lieu-tien-tien-va-cong-nghe-nano,A02,Điểm thi THPT,2025,21.75,Khoa học vật liệu tiên tiến và Công nghệ Nano
100989,KCN,khoa-hoc-vat-lieu-tien-tien-va-cong-nghe-nano,A04,Điểm thi THPT,2025,21.75,Khoa học vật liệu tiên tiến và Công nghệ Nano
100990,KCN,khoa-hoc-vat-lieu-tien-tien-va-cong-nghe-nano,A09,Điểm thi THPT,2025,21.75,Khoa học vật liệu tiên tiến và Công nghệ Nano
100991,KCN,khoa-hoc-vat-lieu-tien-tien-va-cong-nghe-nano,A19,Điểm thi THPT,2025,21.75,Khoa học vật liệu tiên tiến và Công nghệ Nano
100992,KCN,khoa-hoc-vat-lieu-tien-tien-va-cong-nghe-nano,B00,Điểm thi THPT,2025,21.75,Khoa học vật liệu tiên tiến và Công nghệ Nano
100993,KCN,khoa-hoc-vat-lieu-tien-tien-va-cong-nghe-nano,D07,Điểm thi THPT,2025,21.75,Khoa học vật liệu tiên tiến và Công nghệ Nano
100994,KCN,khoa-hoc-vat-lieu-tien-tien-va-cong-nghe-nano,D20,Điểm thi THPT,2025,21.75,Khoa học vật liệu tiên tiến và Công nghệ Nano
100995,KCN,khoa-hoc-vat-lieu-tien-tien-va-cong-nghe-nano,D90,Điểm thi THPT,2025,21.75,Khoa học vật liệu tiên tiến và Công nghệ Nano
100996,KCN,khoa-hoc-vat-lieu-tien-tien-va-cong-nghe-nano,D91,Điểm thi THPT,2025,21.75,Khoa học vật liệu tiên tiến và Công nghệ Nano
100997,KCN,khoa-hoc-vu-tru-va-cong-nghe-ve-tinh,A00,Điểm thi THPT,2021,21.6,Khoa học Vũ trụ và Công nghệ vệ tinh
100998,KCN,khoa-hoc-vu-tru-va-cong-nghe-ve-tinh,A01,Điểm thi THPT,2021,21.6,Khoa học Vũ trụ và Công nghệ vệ tinh
100999,KCN,khoa-hoc-vu-tru-va-cong-nghe-ve-tinh,A02,Điểm thi THPT,2021,21.6,Khoa học Vũ trụ và Công nghệ vệ tinh
101000,KCN,khoa-hoc-vu-tru-va-cong-nghe-ve-tinh,D07,Điểm thi THPT,2021,21.6,Khoa học Vũ trụ và Công nghệ vệ tinh
101001,KCN,khoa-hoc-vu-tru-va-cong-nghe-ve-tinh,A00,Điểm thi THPT,2022,23.65,Khoa học Vũ trụ và Công nghệ Vệ tinh
101002,KCN,khoa-hoc-vu-tru-va-cong-nghe-ve-tinh,A01,Điểm thi THPT,2022,23.65,Khoa học Vũ trụ và Công nghệ Vệ tinh
101003,KCN,khoa-hoc-vu-tru-va-cong-nghe-ve-tinh,A02,Điểm thi THPT,2022,23.65,Khoa học Vũ trụ và Công nghệ Vệ tinh
101004,KCN,khoa-hoc-vu-tru-va-cong-nghe-ve-tinh,D07,Điểm thi THPT,2022,23.65,Khoa học Vũ trụ và Công nghệ Vệ tinh
101005,KCN,khoa-hoc-vu-tru-va-cong-nghe-ve-tinh,A00,Điểm thi THPT,2023,20.3,Khoa học Vũ trụ và Công nghệ Vệ tinh
101006,KCN,khoa-hoc-vu-tru-va-cong-nghe-ve-tinh,A01,Điểm thi THPT,2023,20.3,Khoa học Vũ trụ và Công nghệ Vệ tinh
101007,KCN,khoa-hoc-vu-tru-va-cong-nghe-ve-tinh,B00,Điểm thi THPT,2023,20.3,Khoa học Vũ trụ và Công nghệ Vệ tinh
101008,KCN,khoa-hoc-vu-tru-va-cong-nghe-ve-tinh,D07,Điểm thi THPT,2023,20.3,Khoa học Vũ trụ và Công nghệ Vệ tinh
101009,KCN,khoa-hoc-vu-tru-va-cong-nghe-ve-tinh,A00,Điểm thi THPT,2024,21.65,Khoa học Vũ trụ và Công nghệ Vệ tinh
101010,KCN,khoa-hoc-vu-tru-va-cong-nghe-ve-tinh,A01,Điểm thi THPT,2024,21.65,Khoa học Vũ trụ và Công nghệ Vệ tinh
101011,KCN,khoa-hoc-vu-tru-va-cong-nghe-ve-tinh,B00,Điểm thi THPT,2024,21.65,Khoa học Vũ trụ và Công nghệ Vệ tinh
101012,KCN,khoa-hoc-vu-tru-va-cong-nghe-ve-tinh,D07,Điểm thi THPT,2024,21.65,Khoa học Vũ trụ và Công nghệ Vệ tinh
101013,KCN,khoa-hoc-vu-tru-va-cong-nghe-ve-tinh,A00,Điểm thi THPT,2025,18.35,Khoa học Vũ trụ và Công nghệ Vệ tinh
101014,KCN,khoa-hoc-vu-tru-va-cong-nghe-ve-tinh,A01,Điểm thi THPT,2025,18.35,Khoa học Vũ trụ và Công nghệ Vệ tinh
101015,KCN,khoa-hoc-vu-tru-va-cong-nghe-ve-tinh,A02,Điểm thi THPT,2025,18.35,Khoa học Vũ trụ và Công nghệ Vệ tinh
101016,KCN,khoa-hoc-vu-tru-va-cong-nghe-ve-tinh,A04,Điểm thi THPT,2025,18.35,Khoa học Vũ trụ và Công nghệ Vệ tinh
101017,KCN,khoa-hoc-vu-tru-va-cong-nghe-ve-tinh,A09,Điểm thi THPT,2025,18.35,Khoa học Vũ trụ và Công nghệ Vệ tinh
101018,KCN,khoa-hoc-vu-tru-va-cong-nghe-ve-tinh,A19,Điểm thi THPT,2025,18.35,Khoa học Vũ trụ và Công nghệ Vệ tinh
101019,KCN,khoa-hoc-vu-tru-va-cong-nghe-ve-tinh,D07,Điểm thi THPT,2025,18.35,Khoa học Vũ trụ và Công nghệ Vệ tinh
101020,KCN,khoa-hoc-vu-tru-va-cong-nghe-ve-tinh,D08,Điểm thi THPT,2025,18.35,Khoa học Vũ trụ và Công nghệ Vệ tinh
101021,KCN,khoa-hoc-vu-tru-va-cong-nghe-ve-tinh,D10,Điểm thi THPT,2025,18.35,Khoa học Vũ trụ và Công nghệ Vệ tinh
101022,KCN,khoa-hoc-vu-tru-va-cong-nghe-ve-tinh,D15,Điểm thi THPT,2025,18.35,Khoa học Vũ trụ và Công nghệ Vệ tinh
101023,KCN,khoa-hoc-vu-tru-va-cong-nghe-ve-tinh,D20,Điểm thi THPT,2025,18.35,Khoa học Vũ trụ và Công nghệ Vệ tinh
101024,KCN,khoa-hoc-vu-tru-va-cong-nghe-ve-tinh,D32,Điểm thi THPT,2025,18.35,Khoa học Vũ trụ và Công nghệ Vệ tinh
101025,KCN,khoa-hoc-vu-tru-va-cong-nghe-ve-tinh,D33,Điểm thi THPT,2025,18.35,Khoa học Vũ trụ và Công nghệ Vệ tinh
101026,KCN,khoa-hoc-vu-tru-va-cong-nghe-ve-tinh,D84,Điểm thi THPT,2025,18.35,Khoa học Vũ trụ và Công nghệ Vệ tinh
101027,KCN,khoa-hoc-vu-tru-va-cong-nghe-ve-tinh,D90,Điểm thi THPT,2025,18.35,Khoa học Vũ trụ và Công nghệ Vệ tinh
101028,KCN,khoa-hoc-vu-tru-va-cong-nghe-ve-tinh,D91,Điểm thi THPT,2025,18.35,Khoa học Vũ trụ và Công nghệ Vệ tinh
101029,KCN,khoa-hoc-vu-tru-va-cong-nghe-ve-tinh,D96,Điểm thi THPT,2025,18.35,Khoa học Vũ trụ và Công nghệ Vệ tinh
101030,KCN,khoa-hoc-vu-tru-va-cong-nghe-ve-tinh,D97,Điểm thi THPT,2025,18.35,Khoa học Vũ trụ và Công nghệ Vệ tinh
101031,KCN,khoa-hoc-vu-tru-va-cong-nghe-ve-tinh,D98,Điểm thi THPT,2025,18.35,Khoa học Vũ trụ và Công nghệ Vệ tinh
101032,KCN,ki-thuat-dien-va-nang-luong-tai-tao,A00,Điểm thi THPT,2022,22.6,Kĩ thuật điện và Năng lượng tái tạo
101033,KCN,ki-thuat-dien-va-nang-luong-tai-tao,A01,Điểm thi THPT,2022,22.6,Kĩ thuật điện và Năng lượng tái tạo
101034,KCN,ki-thuat-dien-va-nang-luong-tai-tao,A02,Điểm thi THPT,2022,22.6,Kĩ thuật điện và Năng lượng tái tạo
101035,KCN,ki-thuat-dien-va-nang-luong-tai-tao,D07,Điểm thi THPT,2022,22.6,Kĩ thuật điện và Năng lượng tái tạo
101036,KCN,ky-thuat-dien-va-nang-luong-tai-tao,A00,Điểm thi THPT,2021,21.05,Kỹ thuật điện và Năng lượng tái tạo
101037,KCN,ky-thuat-dien-va-nang-luong-tai-tao,A01,Điểm thi THPT,2021,21.05,Kỹ thuật điện và Năng lượng tái tạo
101038,KCN,ky-thuat-dien-va-nang-luong-tai-tao,A02,Điểm thi THPT,2021,21.05,Kỹ thuật điện và Năng lượng tái tạo
101039,KCN,ky-thuat-dien-va-nang-luong-tai-tao,B00,Điểm thi THPT,2021,21.05,Kỹ thuật điện và Năng lượng tái tạo
101040,KCN,ky-thuat-dien-va-nang-luong-tai-tao,A00,Điểm thi THPT,2023,22.65,Kỹ thuật điện và Năng lượng tái tạo
101041,KCN,ky-thuat-dien-va-nang-luong-tai-tao,A01,Điểm thi THPT,2023,22.65,Kỹ thuật điện và Năng lượng tái tạo
101042,KCN,ky-thuat-dien-va-nang-luong-tai-tao,A02,Điểm thi THPT,2023,22.65,Kỹ thuật điện và Năng lượng tái tạo
101043,KCN,ky-thuat-dien-va-nang-luong-tai-tao,D07,Điểm thi THPT,2023,22.65,Kỹ thuật điện và Năng lượng tái tạo
101044,KCN,ky-thuat-dien-va-nang-luong-tai-tao,A00,Điểm thi THPT,2024,20.8,Kỹ thuật điện và Năng lượng tái tạo
101045,KCN,ky-thuat-dien-va-nang-luong-tai-tao,A01,Điểm thi THPT,2024,20.8,Kỹ thuật điện và Năng lượng tái tạo
101046,KCN,ky-thuat-dien-va-nang-luong-tai-tao,A02,Điểm thi THPT,2024,20.8,Kỹ thuật điện và Năng lượng tái tạo
101047,KCN,ky-thuat-dien-va-nang-luong-tai-tao,D07,Điểm thi THPT,2024,20.8,Kỹ thuật điện và Năng lượng tái tạo
101048,KCN,ky-thuat-dien-va-nang-luong-tai-tao,A00,Điểm thi THPT,2025,19.0,Kỹ thuật điện và Năng lượng tái tạo
101049,KCN,ky-thuat-dien-va-nang-luong-tai-tao,A01,Điểm thi THPT,2025,19.0,Kỹ thuật điện và Năng lượng tái tạo
101050,KCN,ky-thuat-dien-va-nang-luong-tai-tao,A02,Điểm thi THPT,2025,19.0,Kỹ thuật điện và Năng lượng tái tạo
101051,KCN,ky-thuat-dien-va-nang-luong-tai-tao,A09,Điểm thi THPT,2025,19.0,Kỹ thuật điện và Năng lượng tái tạo
101052,KCN,ky-thuat-dien-va-nang-luong-tai-tao,A19,Điểm thi THPT,2025,19.0,Kỹ thuật điện và Năng lượng tái tạo
101053,KCN,ky-thuat-hang-khong,A00,Điểm thi THPT,2025,23.22,Kỹ thuật Hàng không
101054,KCN,ky-thuat-hang-khong,A01,Điểm thi THPT,2025,23.22,Kỹ thuật Hàng không
101055,KCN,ky-thuat-hang-khong,A09,Điểm thi THPT,2025,23.22,Kỹ thuật Hàng không
101056,KCN,ky-thuat-hang-khong,A19,Điểm thi THPT,2025,23.22,Kỹ thuật Hàng không
101057,KCN,ky-thuat-o-to,A00,Điểm thi THPT,2021,24.05,Kỹ thuật ô tô
101058,KCN,ky-thuat-o-to,A01,Điểm thi THPT,2021,24.05,Kỹ thuật ô tô
101059,KCN,ky-thuat-o-to,A02,Điểm thi THPT,2021,24.05,Kỹ thuật ô tô
101060,KCN,ky-thuat-o-to,D07,Điểm thi THPT,2021,24.05,Kỹ thuật ô tô
101061,KCN,ky-thuat-o-to,A00,Điểm thi THPT,2022,24.2,Kỹ thuật ô tô
101062,KCN,ky-thuat-o-to,A01,Điểm thi THPT,2022,24.2,Kỹ thuật ô tô
101063,KCN,ky-thuat-o-to,A02,Điểm thi THPT,2022,24.2,Kỹ thuật ô tô
101064,KCN,ky-thuat-o-to,D07,Điểm thi THPT,2022,24.2,Kỹ thuật ô tô
101065,KCN,ky-thuat-o-to,A00,Điểm thi THPT,2023,23.28,Kỹ thuật ô tô
101066,KCN,ky-thuat-o-to,A01,Điểm thi THPT,2023,23.28,Kỹ thuật ô tô
101067,KCN,ky-thuat-o-to,A02,Điểm thi THPT,2023,23.28,Kỹ thuật ô tô
101068,KCN,ky-thuat-o-to,D07,Điểm thi THPT,2023,23.28,Kỹ thuật ô tô
101069,KCN,ky-thuat-o-to,A00,Điểm thi THPT,2024,22.0,Kỹ thuật ô tô
101070,KCN,ky-thuat-o-to,A01,Điểm thi THPT,2024,22.0,Kỹ thuật ô tô
101071,KCN,ky-thuat-o-to,A02,Điểm thi THPT,2024,22.0,Kỹ thuật ô tô
101072,KCN,ky-thuat-o-to,D07,Điểm thi THPT,2024,22.0,Kỹ thuật ô tô
101073,KCN,ky-thuat-o-to,A00,Điểm thi THPT,2025,18.6,Kỹ thuật ô tô
101074,KCN,ky-thuat-o-to,A01,Điểm thi THPT,2025,18.6,Kỹ thuật ô tô
101075,KCN,ky-thuat-o-to,A02,Điểm thi THPT,2025,18.6,Kỹ thuật ô tô
101076,KCN,ky-thuat-o-to,A09,Điểm thi THPT,2025,18.6,Kỹ thuật ô tô
101077,KCN,ky-thuat-o-to,A19,Điểm thi THPT,2025,18.6,Kỹ thuật ô tô
101078,KCN,toan-ung-dung,A00,Điểm thi THPT,2021,22.45,Toán ứng dụng
101079,KCN,toan-ung-dung,A01,Điểm thi THPT,2021,22.45,Toán ứng dụng
101080,KCN,toan-ung-dung,A02,Điểm thi THPT,2021,22.45,Toán ứng dụng
101081,KCN,toan-ung-dung,B00,Điểm thi THPT,2021,22.45,Toán ứng dụng
101082,KCN,toan-ung-dung,A00,Điểm thi THPT,2022,22.6,Toán ứng dụng
101083,KCN,toan-ung-dung,A01,Điểm thi THPT,2022,22.6,Toán ứng dụng
101084,KCN,toan-ung-dung,A02,Điểm thi THPT,2022,22.6,Toán ứng dụng
101085,KCN,toan-ung-dung,B00,Điểm thi THPT,2022,22.6,Toán ứng dụng
101086,KCN,toan-ung-dung,A00,Điểm thi THPT,2023,22.55,Toán ứng dụng
101087,KCN,toan-ung-dung,A01,Điểm thi THPT,2023,22.55,Toán ứng dụng
101088,KCN,toan-ung-dung,B00,Điểm thi THPT,2023,22.55,Toán ứng dụng
101089,KCN,toan-ung-dung,D07,Điểm thi THPT,2023,22.55,Toán ứng dụng
101090,KCN,toan-ung-dung,A00,Điểm thi THPT,2024,21.15,Toán ứng dụng
101091,KCN,toan-ung-dung,A01,Điểm thi THPT,2024,21.15,Toán ứng dụng
101092,KCN,toan-ung-dung,B00,Điểm thi THPT,2024,21.15,Toán ứng dụng
101093,KCN,toan-ung-dung,D07,Điểm thi THPT,2024,21.15,Toán ứng dụng
101094,KCN,toan-ung-dung,A00,Điểm thi THPT,2025,19.25,Toán ứng dụng
101095,KCN,toan-ung-dung,A01,Điểm thi THPT,2025,19.25,Toán ứng dụng
101096,KCN,toan-ung-dung,A04,Điểm thi THPT,2025,19.25,Toán ứng dụng
101097,KCN,toan-ung-dung,A09,Điểm thi THPT,2025,19.25,Toán ứng dụng
101098,KCN,toan-ung-dung,A19,Điểm thi THPT,2025,19.25,Toán ứng dụng
101099,KCN,toan-ung-dung,B00,Điểm thi THPT,2025,19.25,Toán ứng dụng
101100,KCN,toan-ung-dung,D01,Điểm thi THPT,2025,19.25,Toán ứng dụng
101101,KCN,toan-ung-dung,D07,Điểm thi THPT,2025,19.25,Toán ứng dụng
101102,KCN,toan-ung-dung,D08,Điểm thi THPT,2025,19.25,Toán ứng dụng
101103,KCN,toan-ung-dung,D20,Điểm thi THPT,2025,19.25,Toán ứng dụng
101104,KCN,toan-ung-dung,D32,Điểm thi THPT,2025,19.25,Toán ứng dụng
101105,KCN,toan-ung-dung,D33,Điểm thi THPT,2025,19.25,Toán ứng dụng
101106,KCN,toan-ung-dung,D84,Điểm thi THPT,2025,19.25,Toán ứng dụng
101107,KCN,toan-ung-dung,D90,Điểm thi THPT,2025,19.25,Toán ứng dụng
101108,KCN,toan-ung-dung,D91,Điểm thi THPT,2025,19.25,Toán ứng dụng
101109,KCN,toan-ung-dung,D96,Điểm thi THPT,2025,19.25,Toán ứng dụng
101110,KCN,toan-ung-dung,D97,Điểm thi THPT,2025,19.25,Toán ứng dụng
101111,KCN,toan-ung-dung,D98,Điểm thi THPT,2025,19.25,Toán ứng dụng
101112,KCN,vat-ly-ky-thuat-dien-tu,A00,Điểm thi THPT,2022,22.75,Vật lý kỹ thuật – Điện tử
101113,KCN,vat-ly-ky-thuat-dien-tu,A01,Điểm thi THPT,2022,22.75,Vật lý kỹ thuật – Điện tử
101114,KCN,vat-ly-ky-thuat-dien-tu,A02,Điểm thi THPT,2022,22.75,Vật lý kỹ thuật – Điện tử
101115,KCN,vat-ly-ky-thuat-dien-tu,D07,Điểm thi THPT,2022,22.75,Vật lý kỹ thuật – Điện tử
101116,KCN,vat-ly-ky-thuat-dien-tu,A00,Điểm thi THPT,2023,23.14,Vật lý kỹ thuật – Điện tử
101117,KCN,vat-ly-ky-thuat-dien-tu,A01,Điểm thi THPT,2023,23.14,Vật lý kỹ thuật – Điện tử
101118,KCN,vat-ly-ky-thuat-dien-tu,A02,Điểm thi THPT,2023,23.14,Vật lý kỹ thuật – Điện tử
101119,KCN,vat-ly-ky-thuat-dien-tu,D07,Điểm thi THPT,2023,23.14,Vật lý kỹ thuật – Điện tử
101120,KCN,vat-ly-ky-thuat-va-dien-tu,A00,Điểm thi THPT,2021,23.05,Vật lý kỹ thuật và điện tử
101121,KCN,vat-ly-ky-thuat-va-dien-tu,A01,Điểm thi THPT,2021,23.05,Vật lý kỹ thuật và điện tử
101122,KCN,vat-ly-ky-thuat-va-dien-tu,A02,Điểm thi THPT,2021,23.05,Vật lý kỹ thuật và điện tử
101123,KCN,vat-ly-ky-thuat-va-dien-tu,D07,Điểm thi THPT,2021,23.05,Vật lý kỹ thuật và điện tử
101124,KGH,chi-huy-tham-muu-khong-quan,A00,Điểm thi THPT,2024,21.05,Chỉ huy tham mưu không quân (Sĩ quan Dù - Tìm kiếm cứu nạn ĐK)
101125,KGH,chi-huy-tham-muu-khong-quan,A01,Điểm thi THPT,2024,21.05,Chỉ huy tham mưu không quân (Sĩ quan Dù - Tìm kiếm cứu nạn ĐK)
101126,KGH,chi-huy-tham-muu-khong-quan,A00,Điểm thi THPT,2025,16.85,Chỉ huy tham mưu Không quân (Thiết bị bay không người lái)
101127,KGH,chi-huy-tham-muu-khong-quan,A01,Điểm thi THPT,2025,16.85,Chỉ huy tham mưu Không quân (Thiết bị bay không người lái)
101128,KGH,chi-huy-tham-muu-khong-quan-thi-sinh-mien-nam,A00,Điểm thi THPT,2025,16.85,Chỉ huy tham mưu Không quân (Thiết bị bay không người lái) - Thí sinh miền Nam
101129,KGH,chi-huy-tham-muu-khong-quan-thi-sinh-mien-nam,A01,Điểm thi THPT,2025,16.85,Chỉ huy tham mưu Không quân (Thiết bị bay không người lái) - Thí sinh miền Nam
101130,KGH,ky-thuat-hang-khong,A00,Điểm học bạ,2024,26.39,Ngành Kỹ thuật hàng không
101131,KGH,ky-thuat-hang-khong,A01,Điểm học bạ,2024,26.39,Ngành Kỹ thuật hàng không
101132,KGH,ky-thuat-hang-khong,A00,Điểm thi THPT,2024,22.85,Kỹ thuật hàng không
101133,KGH,ky-thuat-hang-khong,A01,Điểm thi THPT,2024,22.85,Kỹ thuật hàng không
101134,KGH,si-quan-chtm-khong-quan,A00,Điểm thi THPT,2021,19.6,Sĩ quan CHTM Không quân (Sĩ quan lái máy bay)
101135,KGH,si-quan-chtm-khong-quan,A01,Điểm thi THPT,2021,19.6,Sĩ quan CHTM Không quân (Sĩ quan lái máy bay)
101136,KGH,si-quan-chtm-khong-quan,A00,Điểm thi THPT,2022,18.8,Sĩ quan CHTM Không quân (phi công quân sự)
101137,KGH,si-quan-chtm-khong-quan,A01,Điểm thi THPT,2022,18.8,Sĩ quan CHTM Không quân (phi công quân sự)
101138,KGH,si-quan-chtm-khong-quan,A00,Điểm thi THPT,2023,21.1,Ngành Sĩ quan CHTM Không quân (Phi công quân sự)
101139,KGH,si-quan-chtm-khong-quan,A01,Điểm thi THPT,2023,21.1,Ngành Sĩ quan CHTM Không quân (Phi công quân sự)
101140,KGH,si-quan-chtm-khong-quan,A00,Điểm học bạ,2024,25.39,Ngành Sĩ quan CHTM Không quân (Phi công quân sự)
101141,KGH,si-quan-chtm-khong-quan,A01,Điểm học bạ,2024,25.39,Ngành Sĩ quan CHTM Không quân (Phi công quân sự)
101142,KHA,an-toan-thong-tin,A00,Điểm thi THPT,2024,35.0,An toàn thông tin
101143,KHA,an-toan-thong-tin,A01,Điểm thi THPT,2024,35.0,An toàn thông tin
101144,KHA,an-toan-thong-tin,D01,Điểm thi THPT,2024,35.0,An toàn thông tin
101145,KHA,an-toan-thong-tin,D07,Điểm thi THPT,2024,35.0,An toàn thông tin
101146,KHA,an-toan-thong-tin,A00,Điểm thi THPT,2025,25.59,An toàn thông tin
101147,KHA,an-toan-thong-tin,A01,Điểm thi THPT,2025,25.59,An toàn thông tin
101148,KHA,an-toan-thong-tin,D01,Điểm thi THPT,2025,25.59,An toàn thông tin
101149,KHA,an-toan-thong-tin,D07,Điểm thi THPT,2025,25.59,An toàn thông tin
101150,KHA,bao-hiem,A00,Điểm thi THPT,2021,27.0,Bảo hiểm
101151,KHA,bao-hiem,A01,Điểm thi THPT,2021,27.0,Bảo hiểm
101152,KHA,bao-hiem,D01,Điểm thi THPT,2021,27.0,Bảo hiểm
101153,KHA,bao-hiem,D07,Điểm thi THPT,2021,27.0,Bảo hiểm
101154,KHA,bao-hiem,A00,Điểm thi THPT,2022,26.4,Bảo hiểm
101155,KHA,bao-hiem,A01,Điểm thi THPT,2022,26.4,Bảo hiểm
101156,KHA,bao-hiem,D01,Điểm thi THPT,2022,26.4,Bảo hiểm
101157,KHA,bao-hiem,D07,Điểm thi THPT,2022,26.4,Bảo hiểm
101158,KHA,bao-hiem,A00,Điểm thi THPT,2023,26.4,Bảo hiểm
101159,KHA,bao-hiem,A01,Điểm thi THPT,2023,26.4,Bảo hiểm
101160,KHA,bao-hiem,D01,Điểm thi THPT,2023,26.4,Bảo hiểm
101161,KHA,bao-hiem,D07,Điểm thi THPT,2023,26.4,Bảo hiểm
101162,KHA,bao-hiem,A00,Điểm thi THPT,2024,26.71,Bảo hiểm
101163,KHA,bao-hiem,A01,Điểm thi THPT,2024,26.71,Bảo hiểm
101164,KHA,bao-hiem,D01,Điểm thi THPT,2024,26.71,Bảo hiểm
101165,KHA,bao-hiem,D07,Điểm thi THPT,2024,26.71,Bảo hiểm
101166,KHA,bao-hiem,A00,Điểm thi THPT,2025,24.75,Bảo hiểm
101167,KHA,bao-hiem,A01,Điểm thi THPT,2025,24.75,Bảo hiểm
101168,KHA,bao-hiem,D01,Điểm thi THPT,2025,24.75,Bảo hiểm
101169,KHA,bao-hiem,D07,Điểm thi THPT,2025,24.75,Bảo hiểm
101170,KHA,bao-hiem-tich-hop-chung-chi-anz1if-ct-clc1,A00,Điểm thi THPT,2025,25.25,Bảo hiểm tích hợp chứng chỉ ANZ1IF - CT CLC1
101171,KHA,bao-hiem-tich-hop-chung-chi-anz1if-ct-clc1,A01,Điểm thi THPT,2025,25.25,Bảo hiểm tích hợp chứng chỉ ANZ1IF - CT CLC1
101172,KHA,bao-hiem-tich-hop-chung-chi-anz1if-ct-clc1,D01,Điểm thi THPT,2025,25.25,Bảo hiểm tích hợp chứng chỉ ANZ1IF - CT CLC1
101173,KHA,bao-hiem-tich-hop-chung-chi-anz1if-ct-clc1,D07,Điểm thi THPT,2025,25.25,Bảo hiểm tích hợp chứng chỉ ANZ1IF - CT CLC1
101174,KHA,bat-dong-san,A00,Điểm thi THPT,2021,27.2,Bất động sản
101175,KHA,bat-dong-san,A01,Điểm thi THPT,2021,27.2,Bất động sản
101176,KHA,bat-dong-san,D01,Điểm thi THPT,2021,27.2,Bất động sản
101177,KHA,bat-dong-san,D07,Điểm thi THPT,2021,27.2,Bất động sản
101178,KHA,bat-dong-san,A00,Điểm thi THPT,2022,26.65,Bất động sản
101179,KHA,bat-dong-san,A01,Điểm thi THPT,2022,26.65,Bất động sản
101180,KHA,bat-dong-san,D01,Điểm thi THPT,2022,26.65,Bất động sản
101181,KHA,bat-dong-san,D07,Điểm thi THPT,2022,26.65,Bất động sản
101182,KHA,bat-dong-san,A00,Điểm thi THPT,2023,26.4,Bất động sản
101183,KHA,bat-dong-san,A01,Điểm thi THPT,2023,26.4,Bất động sản
101184,KHA,bat-dong-san,D01,Điểm thi THPT,2023,26.4,Bất động sản
101185,KHA,bat-dong-san,D07,Điểm thi THPT,2023,26.4,Bất động sản
101186,KHA,bat-dong-san,A00,Điểm thi THPT,2024,26.83,Bất động sản
101187,KHA,bat-dong-san,A01,Điểm thi THPT,2024,26.83,Bất động sản
101188,KHA,bat-dong-san,D01,Điểm thi THPT,2024,26.83,Bất động sản
101189,KHA,bat-dong-san,D07,Điểm thi THPT,2024,26.83,Bất động sản
101190,KHA,bat-dong-san,A00,Điểm thi THPT,2025,25.41,Bất động sản
101191,KHA,bat-dong-san,A01,Điểm thi THPT,2025,25.41,Bất động sản
101192,KHA,bat-dong-san,D01,Điểm thi THPT,2025,25.41,Bất động sản
101193,KHA,bat-dong-san,D07,Điểm thi THPT,2025,25.41,Bất động sản
101194,KHA,cac,A01,Điểm thi THPT,2021,36.75,Các chương trình định hướng ứng dụng (POHE - tiếng Anh hệ số 2)
101195,KHA,cac,D01,Điểm thi THPT,2021,36.75,Các chương trình định hướng ứng dụng (POHE - tiếng Anh hệ số 2)
101196,KHA,cac,D07,Điểm thi THPT,2021,36.75,Các chương trình định hướng ứng dụng (POHE - tiếng Anh hệ số 2)
101197,KHA,cac,D09,Điểm thi THPT,2021,36.75,Các chương trình định hướng ứng dụng (POHE - tiếng Anh hệ số 2)
101198,KHA,cong-nghe-tai-chinh,A00,Điểm thi THPT,2021,27.1,Công nghệ tài chính (BFT)
101199,KHA,cong-nghe-tai-chinh,A01,Điểm thi THPT,2021,27.1,Công nghệ tài chính (BFT)
101200,KHA,cong-nghe-tai-chinh,D01,Điểm thi THPT,2021,27.1,Công nghệ tài chính (BFT)
101201,KHA,cong-nghe-tai-chinh,D07,Điểm thi THPT,2021,27.1,Công nghệ tài chính (BFT)
101202,KHA,cong-nghe-tai-chinh,A00,Điểm thi THPT,2022,26.9,Công nghệ tài chính (BFT)
101203,KHA,cong-nghe-tai-chinh,A01,Điểm thi THPT,2022,26.9,Công nghệ tài chính (BFT)
101204,KHA,cong-nghe-tai-chinh,D01,Điểm thi THPT,2022,26.9,Công nghệ tài chính (BFT)
101205,KHA,cong-nghe-tai-chinh,D07,Điểm thi THPT,2022,26.9,Công nghệ tài chính (BFT)
101206,KHA,cong-nghe-tai-chinh,A00,Điểm thi THPT,2023,26.75,Công nghệ tài chính (BFT)
101207,KHA,cong-nghe-tai-chinh,A01,Điểm thi THPT,2023,26.75,Công nghệ tài chính (BFT)
101208,KHA,cong-nghe-tai-chinh,D01,Điểm thi THPT,2023,26.75,Công nghệ tài chính (BFT)
101209,KHA,cong-nghe-tai-chinh,D07,Điểm thi THPT,2023,26.75,Công nghệ tài chính (BFT)
101210,KHA,cong-nghe-thong-tin,A00,Điểm thi THPT,2021,27.3,Công nghệ thông tin
101211,KHA,cong-nghe-thong-tin,A01,Điểm thi THPT,2021,27.3,Công nghệ thông tin
101212,KHA,cong-nghe-thong-tin,D01,Điểm thi THPT,2021,27.3,Công nghệ thông tin
101213,KHA,cong-nghe-thong-tin,D07,Điểm thi THPT,2021,27.3,Công nghệ thông tin
101214,KHA,cong-nghe-thong-tin,A00,Điểm thi THPT,2022,27.0,Công nghệ thông tin
101215,KHA,cong-nghe-thong-tin,A01,Điểm thi THPT,2022,27.0,Công nghệ thông tin
101216,KHA,cong-nghe-thong-tin,D01,Điểm thi THPT,2022,27.0,Công nghệ thông tin
101217,KHA,cong-nghe-thong-tin,D07,Điểm thi THPT,2022,27.0,Công nghệ thông tin
101218,KHA,cong-nghe-thong-tin,A00,Điểm thi THPT,2023,35.3,Công nghệ thông tin (Toán hệ số 2)
101219,KHA,cong-nghe-thong-tin,A01,Điểm thi THPT,2023,35.3,Công nghệ thông tin (Toán hệ số 2)
101220,KHA,cong-nghe-thong-tin,D01,Điểm thi THPT,2023,35.3,Công nghệ thông tin (Toán hệ số 2)
101221,KHA,cong-nghe-thong-tin,D07,Điểm thi THPT,2023,35.3,Công nghệ thông tin (Toán hệ số 2)
101222,KHA,cong-nghe-thong-tin,A00,Điểm thi THPT,2024,35.17,Công nghệ thông tin
101223,KHA,cong-nghe-thong-tin,A01,Điểm thi THPT,2024,35.17,Công nghệ thông tin
101224,KHA,cong-nghe-thong-tin,D01,Điểm thi THPT,2024,35.17,Công nghệ thông tin
101225,KHA,cong-nghe-thong-tin,D07,Điểm thi THPT,2024,35.17,Công nghệ thông tin
101226,KHA,cong-nghe-thong-tin,A00,Điểm thi THPT,2025,25.89,Công nghệ thông tin
101227,KHA,cong-nghe-thong-tin,A01,Điểm thi THPT,2025,25.89,Công nghệ thông tin
101228,KHA,cong-nghe-thong-tin,D01,Điểm thi THPT,2025,25.89,Công nghệ thông tin
101229,KHA,cong-nghe-thong-tin,D07,Điểm thi THPT,2025,25.89,Công nghệ thông tin
101230,KHA,cong-nghe-thong-tin-va-chuyen-doi-so-ct-clc1,A00,Điểm thi THPT,2025,25.25,Công nghệ thông tin và chuyển đổi số - CT CLC1
101231,KHA,cong-nghe-thong-tin-va-chuyen-doi-so-ct-clc1,A01,Điểm thi THPT,2025,25.25,Công nghệ thông tin và chuyển đổi số - CT CLC1
101232,KHA,cong-nghe-thong-tin-va-chuyen-doi-so-ct-clc1,D01,Điểm thi THPT,2025,25.25,Công nghệ thông tin và chuyển đổi số - CT CLC1
101233,KHA,cong-nghe-thong-tin-va-chuyen-doi-so-ct-clc1,D07,Điểm thi THPT,2025,25.25,Công nghệ thông tin và chuyển đổi số - CT CLC1
101234,KHA,dau-tu-tai-chinh,A01,Điểm thi THPT,2021,37.1,Đầu tư tài chính (BFI)
101235,KHA,dau-tu-tai-chinh,D01,Điểm thi THPT,2021,37.1,Đầu tư tài chính (BFI)
101236,KHA,dau-tu-tai-chinh,D07,Điểm thi THPT,2021,37.1,Đầu tư tài chính (BFI)
101237,KHA,dau-tu-tai-chinh,D10,Điểm thi THPT,2021,37.1,Đầu tư tài chính (BFI)
101238,KHA,dau-tu-tai-chinh,A01,Điểm thi THPT,2022,36.25,Đầu tư tài chính (BFI)
101239,KHA,dau-tu-tai-chinh,D01,Điểm thi THPT,2022,36.25,Đầu tư tài chính (BFI)
101240,KHA,dau-tu-tai-chinh,D07,Điểm thi THPT,2022,36.25,Đầu tư tài chính (BFI)
101241,KHA,dau-tu-tai-chinh,D10,Điểm thi THPT,2022,36.25,Đầu tư tài chính (BFI)
101242,KHA,digital-marketing-ct-clc3,A00,Điểm thi THPT,2025,26.42,Digital Marketing - CT CLC3
101243,KHA,digital-marketing-ct-clc3,A01,Điểm thi THPT,2025,26.42,Digital Marketing - CT CLC3
101244,KHA,digital-marketing-ct-clc3,D01,Điểm thi THPT,2025,26.42,Digital Marketing - CT CLC3
101245,KHA,digital-marketing-ct-clc3,D07,Điểm thi THPT,2025,26.42,Digital Marketing - CT CLC3
101246,KHA,dinh-phi-bao-hiem-quan-tri-rui-ro,A00,Điểm thi THPT,2021,26.95,Định phí Bảo hiểm & Quản trị rủi ro (Actuary)
101247,KHA,dinh-phi-bao-hiem-quan-tri-rui-ro,A01,Điểm thi THPT,2021,26.95,Định phí Bảo hiểm & Quản trị rủi ro (Actuary)
101248,KHA,dinh-phi-bao-hiem-quan-tri-rui-ro,D01,Điểm thi THPT,2021,26.95,Định phí Bảo hiểm & Quản trị rủi ro (Actuary)
101249,KHA,dinh-phi-bao-hiem-quan-tri-rui-ro,D07,Điểm thi THPT,2021,26.95,Định phí Bảo hiểm & Quản trị rủi ro (Actuary)
101250,KHA,dinh-phi-bao-hiem-quan-tri-rui-ro,A00,Điểm thi THPT,2022,26.4,Định phí Bảo hiểm & Quản trị rủi ro (Actuary)
101251,KHA,dinh-phi-bao-hiem-quan-tri-rui-ro,A01,Điểm thi THPT,2022,26.4,Định phí Bảo hiểm & Quản trị rủi ro (Actuary)
101252,KHA,dinh-phi-bao-hiem-quan-tri-rui-ro,D01,Điểm thi THPT,2022,26.4,Định phí Bảo hiểm & Quản trị rủi ro (Actuary)
101253,KHA,dinh-phi-bao-hiem-quan-tri-rui-ro,D07,Điểm thi THPT,2022,26.4,Định phí Bảo hiểm & Quản trị rủi ro (Actuary)
101254,KHA,dinh-phi-bao-hiem-quan-tri-rui-ro,A00,Điểm thi THPT,2023,26.45,Định phí Bảo hiểm & Quản trị rủi ro (Actuary)
101255,KHA,dinh-phi-bao-hiem-quan-tri-rui-ro,A01,Điểm thi THPT,2023,26.45,Định phí Bảo hiểm & Quản trị rủi ro (Actuary)
101256,KHA,dinh-phi-bao-hiem-quan-tri-rui-ro,D01,Điểm thi THPT,2023,26.45,Định phí Bảo hiểm & Quản trị rủi ro (Actuary)
101257,KHA,dinh-phi-bao-hiem-quan-tri-rui-ro,D07,Điểm thi THPT,2023,26.45,Định phí Bảo hiểm & Quản trị rủi ro (Actuary)
101258,KHA,dinh-phi-bao-hiem-quan-tri-rui-ro,A00,Điểm thi THPT,2024,26.57,Định phí Bảo hiểm & Quản trị rủi ro (Actuary)
101259,KHA,dinh-phi-bao-hiem-quan-tri-rui-ro,A01,Điểm thi THPT,2024,26.57,Định phí Bảo hiểm & Quản trị rủi ro (Actuary)
101260,KHA,dinh-phi-bao-hiem-quan-tri-rui-ro,D01,Điểm thi THPT,2024,26.57,Định phí Bảo hiểm & Quản trị rủi ro (Actuary)
101261,KHA,dinh-phi-bao-hiem-quan-tri-rui-ro,D07,Điểm thi THPT,2024,26.57,Định phí Bảo hiểm & Quản trị rủi ro (Actuary)
101262,KHA,dinh-phi-bao-hiem-quan-tri-rui-ro,A00,Điểm thi THPT,2025,25.5,Định phí Bảo hiểm & Quản trị rủi ro (Actuary)
101263,KHA,dinh-phi-bao-hiem-quan-tri-rui-ro,A01,Điểm thi THPT,2025,25.5,Định phí Bảo hiểm & Quản trị rủi ro (Actuary)
101264,KHA,dinh-phi-bao-hiem-quan-tri-rui-ro,D01,Điểm thi THPT,2025,25.5,Định phí Bảo hiểm & Quản trị rủi ro (Actuary)
101265,KHA,dinh-phi-bao-hiem-quan-tri-rui-ro,D07,Điểm thi THPT,2025,25.5,Định phí Bảo hiểm & Quản trị rủi ro (Actuary)
101266,KHA,he-thong-thong-tin,A00,Điểm thi THPT,2024,35.94,Hệ thống thông tin
101267,KHA,he-thong-thong-tin,A01,Điểm thi THPT,2024,35.94,Hệ thống thông tin
101268,KHA,he-thong-thong-tin,D01,Điểm thi THPT,2024,35.94,Hệ thống thông tin
101269,KHA,he-thong-thong-tin,D07,Điểm thi THPT,2024,35.94,Hệ thống thông tin
101270,KHA,he-thong-thong-tin,A00,Điểm thi THPT,2025,26.38,Hệ thống thông tin
101271,KHA,he-thong-thong-tin,A01,Điểm thi THPT,2025,26.38,Hệ thống thông tin
101272,KHA,he-thong-thong-tin,D01,Điểm thi THPT,2025,26.38,Hệ thống thông tin
101273,KHA,he-thong-thong-tin,D07,Điểm thi THPT,2025,26.38,Hệ thống thông tin
101274,KHA,he-thong-thong-tin-quan-ly,A00,Điểm thi THPT,2021,27.5,Hệ thống thông tin quản lý
101275,KHA,he-thong-thong-tin-quan-ly,A01,Điểm thi THPT,2021,27.5,Hệ thống thông tin quản lý
101276,KHA,he-thong-thong-tin-quan-ly,D01,Điểm thi THPT,2021,27.5,Hệ thống thông tin quản lý
101277,KHA,he-thong-thong-tin-quan-ly,D07,Điểm thi THPT,2021,27.5,Hệ thống thông tin quản lý
101278,KHA,he-thong-thong-tin-quan-ly,A00,Điểm thi THPT,2022,27.5,Hệ thống thông tin quản lý
101279,KHA,he-thong-thong-tin-quan-ly,A01,Điểm thi THPT,2022,27.5,Hệ thống thông tin quản lý
101280,KHA,he-thong-thong-tin-quan-ly,D01,Điểm thi THPT,2022,27.5,Hệ thống thông tin quản lý
101281,KHA,he-thong-thong-tin-quan-ly,D07,Điểm thi THPT,2022,27.5,Hệ thống thông tin quản lý
101282,KHA,he-thong-thong-tin-quan-ly,A00,Điểm thi THPT,2023,36.15,Hệ thống thông tin quản lý (Toán hệ số 2)
101283,KHA,he-thong-thong-tin-quan-ly,A01,Điểm thi THPT,2023,36.15,Hệ thống thông tin quản lý (Toán hệ số 2)
101284,KHA,he-thong-thong-tin-quan-ly,D01,Điểm thi THPT,2023,36.15,Hệ thống thông tin quản lý (Toán hệ số 2)
101285,KHA,he-thong-thong-tin-quan-ly,D07,Điểm thi THPT,2023,36.15,Hệ thống thông tin quản lý (Toán hệ số 2)
101286,KHA,he-thong-thong-tin-quan-ly,A00,Điểm thi THPT,2024,36.36,Hệ thống thông tin quản lý
101287,KHA,he-thong-thong-tin-quan-ly,A01,Điểm thi THPT,2024,36.36,Hệ thống thông tin quản lý
101288,KHA,he-thong-thong-tin-quan-ly,D01,Điểm thi THPT,2024,36.36,Hệ thống thông tin quản lý
101289,KHA,he-thong-thong-tin-quan-ly,D07,Điểm thi THPT,2024,36.36,Hệ thống thông tin quản lý
101290,KHA,he-thong-thong-tin-quan-ly,A00,Điểm thi THPT,2025,27.5,Hệ thống thông tin quản lý
101291,KHA,he-thong-thong-tin-quan-ly,A01,Điểm thi THPT,2025,27.5,Hệ thống thông tin quản lý
101292,KHA,he-thong-thong-tin-quan-ly,D01,Điểm thi THPT,2025,27.5,Hệ thống thông tin quản lý
101293,KHA,he-thong-thong-tin-quan-ly,D07,Điểm thi THPT,2025,27.5,Hệ thống thông tin quản lý
101294,KHA,ke-hoach-tai-chinh,A00,Điểm thi THPT,2025,24.75,Kế hoạch tài chính - CT tiên tiến TT1
101295,KHA,ke-hoach-tai-chinh,A01,Điểm thi THPT,2025,24.75,Kế hoạch tài chính - CT tiên tiến TT1
101296,KHA,ke-hoach-tai-chinh,D01,Điểm thi THPT,2025,24.75,Kế hoạch tài chính - CT tiên tiến TT1
101297,KHA,ke-hoach-tai-chinh,D07,Điểm thi THPT,2025,24.75,Kế hoạch tài chính - CT tiên tiến TT1
101298,KHA,ke-toan,A00,Điểm thi THPT,2021,27.65,Kế toán
101299,KHA,ke-toan,A01,Điểm thi THPT,2021,27.65,Kế toán
101300,KHA,ke-toan,D01,Điểm thi THPT,2021,27.65,Kế toán
101301,KHA,ke-toan,D07,Điểm thi THPT,2021,27.65,Kế toán
101302,KHA,ke-toan,A00,Điểm thi THPT,2022,27.4,Kế toán
101303,KHA,ke-toan,A01,Điểm thi THPT,2022,27.4,Kế toán
101304,KHA,ke-toan,D01,Điểm thi THPT,2022,27.4,Kế toán
101305,KHA,ke-toan,D07,Điểm thi THPT,2022,27.4,Kế toán
101306,KHA,ke-toan,A00,Điểm thi THPT,2023,27.05,Kế toán
101307,KHA,ke-toan,A01,Điểm thi THPT,2023,27.05,Kế toán
101308,KHA,ke-toan,D01,Điểm thi THPT,2023,27.05,Kế toán
101309,KHA,ke-toan,D07,Điểm thi THPT,2023,27.05,Kế toán
101310,KHA,ke-toan,A00,Điểm thi THPT,2024,27.29,Kế toán
101311,KHA,ke-toan,A01,Điểm thi THPT,2024,27.29,Kế toán
101312,KHA,ke-toan,D01,Điểm thi THPT,2024,27.29,Kế toán
101313,KHA,ke-toan,D07,Điểm thi THPT,2024,27.29,Kế toán
101314,KHA,ke-toan,A00,Điểm thi THPT,2025,27.1,Kế toán
101315,KHA,ke-toan,A01,Điểm thi THPT,2025,27.1,Kế toán
101316,KHA,ke-toan,D01,Điểm thi THPT,2025,27.1,Kế toán
101317,KHA,ke-toan,D07,Điểm thi THPT,2025,27.1,Kế toán
101318,KHA,ke-toan-tich-hop-chung-chi-quoc-te,A00,Điểm thi THPT,2021,27.3,Kế toán tích hợp chứng chỉ quốc tế (ACT-ICAEW)
101319,KHA,ke-toan-tich-hop-chung-chi-quoc-te,A01,Điểm thi THPT,2021,27.3,Kế toán tích hợp chứng chỉ quốc tế (ACT-ICAEW)
101320,KHA,ke-toan-tich-hop-chung-chi-quoc-te,D01,Điểm thi THPT,2021,27.3,Kế toán tích hợp chứng chỉ quốc tế (ACT-ICAEW)
101321,KHA,ke-toan-tich-hop-chung-chi-quoc-te,D07,Điểm thi THPT,2021,27.3,Kế toán tích hợp chứng chỉ quốc tế (ACT-ICAEW)
101322,KHA,ke-toan-tich-hop-chung-chi-quoc-te,A00,Điểm thi THPT,2022,26.8,Kế toán tích hợp chứng chỉ quốc tế (ACT - ICAEW)
101323,KHA,ke-toan-tich-hop-chung-chi-quoc-te,A01,Điểm thi THPT,2022,26.8,Kế toán tích hợp chứng chỉ quốc tế (ACT - ICAEW)
101324,KHA,ke-toan-tich-hop-chung-chi-quoc-te,D01,Điểm thi THPT,2022,26.8,Kế toán tích hợp chứng chỉ quốc tế (ACT - ICAEW)
101325,KHA,ke-toan-tich-hop-chung-chi-quoc-te,D07,Điểm thi THPT,2022,26.8,Kế toán tích hợp chứng chỉ quốc tế (ACT - ICAEW)
101326,KHA,ke-toan-tich-hop-chung-chi-quoc-te,A00,Điểm thi THPT,2023,26.9,Kế toán tích hợp chứng chỉ quốc tế (ACT-ICAEW)
101327,KHA,ke-toan-tich-hop-chung-chi-quoc-te,A01,Điểm thi THPT,2023,26.9,Kế toán tích hợp chứng chỉ quốc tế (ACT-ICAEW)
101328,KHA,ke-toan-tich-hop-chung-chi-quoc-te,D01,Điểm thi THPT,2023,26.9,Kế toán tích hợp chứng chỉ quốc tế (ACT-ICAEW)
101329,KHA,ke-toan-tich-hop-chung-chi-quoc-te,D07,Điểm thi THPT,2023,26.9,Kế toán tích hợp chứng chỉ quốc tế (ACT-ICAEW)
101330,KHA,ke-toan-tich-hop-chung-chi-quoc-te,A00,Điểm thi THPT,2024,27.2,Kế toán tích hợp chứng chỉ quốc tế (ICAEW CFAB)
101331,KHA,ke-toan-tich-hop-chung-chi-quoc-te,A01,Điểm thi THPT,2024,27.2,Kế toán tích hợp chứng chỉ quốc tế (ICAEW CFAB)
101332,KHA,ke-toan-tich-hop-chung-chi-quoc-te,D01,Điểm thi THPT,2024,27.2,Kế toán tích hợp chứng chỉ quốc tế (ICAEW CFAB)
101333,KHA,ke-toan-tich-hop-chung-chi-quoc-te,D07,Điểm thi THPT,2024,27.2,Kế toán tích hợp chứng chỉ quốc tế (ICAEW CFAB)
101334,KHA,ke-toan-tich-hop-chung-chi-quoc-te,A00,Điểm thi THPT,2025,25.9,Kế toán tích hợp chứng chi quốc tế (JCAEW CFAB)
101335,KHA,ke-toan-tich-hop-chung-chi-quoc-te,A01,Điểm thi THPT,2025,25.9,Kế toán tích hợp chứng chi quốc tế (JCAEW CFAB)
101336,KHA,ke-toan-tich-hop-chung-chi-quoc-te,D01,Điểm thi THPT,2025,25.9,Kế toán tích hợp chứng chi quốc tế (JCAEW CFAB)
101337,KHA,ke-toan-tich-hop-chung-chi-quoc-te,D07,Điểm thi THPT,2025,25.9,Kế toán tích hợp chứng chi quốc tế (JCAEW CFAB)
101338,KHA,khoa-hoc-du-lieu,A00,Điểm thi THPT,2024,35.46,Khoa học dữ liệu
101339,KHA,khoa-hoc-du-lieu,A01,Điểm thi THPT,2024,35.46,Khoa học dữ liệu
101340,KHA,khoa-hoc-du-lieu,D01,Điểm thi THPT,2024,35.46,Khoa học dữ liệu
101341,KHA,khoa-hoc-du-lieu,D07,Điểm thi THPT,2024,35.46,Khoa học dữ liệu
101342,KHA,khoa-hoc-du-lieu,A00,Điểm thi THPT,2025,26.13,Khoa học dữ liệu
101343,KHA,khoa-hoc-du-lieu,A01,Điểm thi THPT,2025,26.13,Khoa học dữ liệu
101344,KHA,khoa-hoc-du-lieu,D01,Điểm thi THPT,2025,26.13,Khoa học dữ liệu
101345,KHA,khoa-hoc-du-lieu,D07,Điểm thi THPT,2025,26.13,Khoa học dữ liệu
101346,KHA,khoa-hoc-du-lieu-trong-kinh-te-kinh-doanh,A00,Điểm thi THPT,2021,26.95,Khoa học dữ liệu trong Kinh tế & Kinh doanh (DSEB)
101347,KHA,khoa-hoc-du-lieu-trong-kinh-te-kinh-doanh,A01,Điểm thi THPT,2021,26.95,Khoa học dữ liệu trong Kinh tế & Kinh doanh (DSEB)
101348,KHA,khoa-hoc-du-lieu-trong-kinh-te-kinh-doanh,D01,Điểm thi THPT,2021,26.95,Khoa học dữ liệu trong Kinh tế & Kinh doanh (DSEB)
101349,KHA,khoa-hoc-du-lieu-trong-kinh-te-kinh-doanh,D07,Điểm thi THPT,2021,26.95,Khoa học dữ liệu trong Kinh tế & Kinh doanh (DSEB)
101350,KHA,khoa-hoc-du-lieu-trong-kinh-te-kinh-doanh,A00,Điểm thi THPT,2022,26.5,Khoa học dữ liệu trong Kinh tế & Kinh doanh (DSEB)
101351,KHA,khoa-hoc-du-lieu-trong-kinh-te-kinh-doanh,A01,Điểm thi THPT,2022,26.5,Khoa học dữ liệu trong Kinh tế & Kinh doanh (DSEB)
101352,KHA,khoa-hoc-du-lieu-trong-kinh-te-kinh-doanh,D01,Điểm thi THPT,2022,26.5,Khoa học dữ liệu trong Kinh tế & Kinh doanh (DSEB)
101353,KHA,khoa-hoc-du-lieu-trong-kinh-te-kinh-doanh,D07,Điểm thi THPT,2022,26.5,Khoa học dữ liệu trong Kinh tế & Kinh doanh (DSEB)
101354,KHA,khoa-hoc-du-lieu-trong-kinh-te-kinh-doanh,A00,Điểm thi THPT,2024,26.97,Khoa học dữ liệu trong Kinh tế & Kinh doanh (DSEB)
101355,KHA,khoa-hoc-du-lieu-trong-kinh-te-kinh-doanh,A01,Điểm thi THPT,2024,26.97,Khoa học dữ liệu trong Kinh tế & Kinh doanh (DSEB)
101356,KHA,khoa-hoc-du-lieu-trong-kinh-te-kinh-doanh,D01,Điểm thi THPT,2024,26.97,Khoa học dữ liệu trong Kinh tế & Kinh doanh (DSEB)
101357,KHA,khoa-hoc-du-lieu-trong-kinh-te-kinh-doanh,D07,Điểm thi THPT,2024,26.97,Khoa học dữ liệu trong Kinh tế & Kinh doanh (DSEB)
101358,KHA,khoa-hoc-du-lieu-trong-kt-kd,A00,Điểm thi THPT,2023,26.85,Khoa học dữ liệu trong KT & KD (DSEB)
101359,KHA,khoa-hoc-du-lieu-trong-kt-kd,A01,Điểm thi THPT,2023,26.85,Khoa học dữ liệu trong KT & KD (DSEB)
101360,KHA,khoa-hoc-du-lieu-trong-kt-kd,D01,Điểm thi THPT,2023,26.85,Khoa học dữ liệu trong KT & KD (DSEB)
101361,KHA,khoa-hoc-du-lieu-trong-kt-kd,D07,Điểm thi THPT,2023,26.85,Khoa học dữ liệu trong KT & KD (DSEB)
101362,KHA,khoa-hoc-may-tinh,A00,Điểm thi THPT,2021,27.0,Khoa học máy tính
101363,KHA,khoa-hoc-may-tinh,A01,Điểm thi THPT,2021,27.0,Khoa học máy tính
101364,KHA,khoa-hoc-may-tinh,D01,Điểm thi THPT,2021,27.0,Khoa học máy tính
101365,KHA,khoa-hoc-may-tinh,D07,Điểm thi THPT,2021,27.0,Khoa học máy tính
101366,KHA,khoa-hoc-may-tinh,A00,Điểm thi THPT,2022,26.7,Khoa học máy tính
101367,KHA,khoa-hoc-may-tinh,A01,Điểm thi THPT,2022,26.7,Khoa học máy tính
101368,KHA,khoa-hoc-may-tinh,D01,Điểm thi THPT,2022,26.7,Khoa học máy tính
101369,KHA,khoa-hoc-may-tinh,D07,Điểm thi THPT,2022,26.7,Khoa học máy tính
101370,KHA,khoa-hoc-may-tinh,A00,Điểm thi THPT,2023,35.35,Khoa học máy tính (Toán hệ số 2)
101371,KHA,khoa-hoc-may-tinh,A01,Điểm thi THPT,2023,35.35,Khoa học máy tính (Toán hệ số 2)
101372,KHA,khoa-hoc-may-tinh,D01,Điểm thi THPT,2023,35.35,Khoa học máy tính (Toán hệ số 2)
101373,KHA,khoa-hoc-may-tinh,D07,Điểm thi THPT,2023,35.35,Khoa học máy tính (Toán hệ số 2)
101374,KHA,khoa-hoc-may-tinh,A00,Điểm thi THPT,2024,35.55,Khoa học máy tính
101375,KHA,khoa-hoc-may-tinh,A01,Điểm thi THPT,2024,35.55,Khoa học máy tính
101376,KHA,khoa-hoc-may-tinh,D01,Điểm thi THPT,2024,35.55,Khoa học máy tính
101377,KHA,khoa-hoc-may-tinh,D07,Điểm thi THPT,2024,35.55,Khoa học máy tính
101378,KHA,khoa-hoc-may-tinh,A00,Điểm thi THPT,2025,26.27,Khoa học máy tính
101379,KHA,khoa-hoc-may-tinh,A01,Điểm thi THPT,2025,26.27,Khoa học máy tính
101380,KHA,khoa-hoc-may-tinh,D01,Điểm thi THPT,2025,26.27,Khoa học máy tính
101381,KHA,khoa-hoc-may-tinh,D07,Điểm thi THPT,2025,26.27,Khoa học máy tính
101382,KHA,khoa-hoc-quan-ly,A00,Điểm thi THPT,2021,27.2,Khoa học quản lý
101383,KHA,khoa-hoc-quan-ly,A01,Điểm thi THPT,2021,27.2,Khoa học quản lý
101384,KHA,khoa-hoc-quan-ly,D01,Điểm thi THPT,2021,27.2,Khoa học quản lý
101385,KHA,khoa-hoc-quan-ly,D07,Điểm thi THPT,2021,27.2,Khoa học quản lý
101386,KHA,khoa-hoc-quan-ly,A00,Điểm thi THPT,2022,26.85,Khoa học quản lý
101387,KHA,khoa-hoc-quan-ly,A01,Điểm thi THPT,2022,26.85,Khoa học quản lý
101388,KHA,khoa-hoc-quan-ly,D01,Điểm thi THPT,2022,26.85,Khoa học quản lý
101389,KHA,khoa-hoc-quan-ly,D07,Điểm thi THPT,2022,26.85,Khoa học quản lý
101390,KHA,khoa-hoc-quan-ly,A00,Điểm thi THPT,2023,27.05,Khoa học quản lý
101391,KHA,khoa-hoc-quan-ly,A01,Điểm thi THPT,2023,27.05,Khoa học quản lý
101392,KHA,khoa-hoc-quan-ly,D01,Điểm thi THPT,2023,27.05,Khoa học quản lý
101393,KHA,khoa-hoc-quan-ly,D07,Điểm thi THPT,2023,27.05,Khoa học quản lý
101394,KHA,khoa-hoc-quan-ly,A00,Điểm thi THPT,2024,27.1,Khoa học quản lý
101395,KHA,khoa-hoc-quan-ly,A01,Điểm thi THPT,2024,27.1,Khoa học quản lý
101396,KHA,khoa-hoc-quan-ly,D01,Điểm thi THPT,2024,27.1,Khoa học quản lý
101397,KHA,khoa-hoc-quan-ly,D07,Điểm thi THPT,2024,27.1,Khoa học quản lý
101398,KHA,khoa-hoc-quan-ly,A00,Điểm thi THPT,2025,26.06,Khoa học quản lý
101399,KHA,khoa-hoc-quan-ly,A01,Điểm thi THPT,2025,26.06,Khoa học quản lý
101400,KHA,khoa-hoc-quan-ly,D01,Điểm thi THPT,2025,26.06,Khoa học quản lý
101401,KHA,khoa-hoc-quan-ly,D07,Điểm thi THPT,2025,26.06,Khoa học quản lý
101402,KHA,khoi-nghiep-va-phat-trien-kinh-doan,A01,Điểm thi THPT,2023,36.1,Khởi nghiệp và phát triển kinh doan (BBAE)(tiếng Anh hệ số 2)
101403,KHA,khoi-nghiep-va-phat-trien-kinh-doan,D01,Điểm thi THPT,2023,36.1,Khởi nghiệp và phát triển kinh doan (BBAE)(tiếng Anh hệ số 2)
101404,KHA,khoi-nghiep-va-phat-trien-kinh-doan,D07,Điểm thi THPT,2023,36.1,Khởi nghiệp và phát triển kinh doan (BBAE)(tiếng Anh hệ số 2)
101405,KHA,khoi-nghiep-va-phat-trien-kinh-doan,D09,Điểm thi THPT,2023,36.1,Khởi nghiệp và phát triển kinh doan (BBAE)(tiếng Anh hệ số 2)
101406,KHA,khoi-nghiep-va-phat-trien-kinh-doanh,A01,Điểm thi THPT,2021,36.45,Khởi nghiệp và phát triển kinh doanh (BBAE)
101407,KHA,khoi-nghiep-va-phat-trien-kinh-doanh,D01,Điểm thi THPT,2021,36.45,Khởi nghiệp và phát triển kinh doanh (BBAE)
101408,KHA,khoi-nghiep-va-phat-trien-kinh-doanh,D07,Điểm thi THPT,2021,36.45,Khởi nghiệp và phát triển kinh doanh (BBAE)
101409,KHA,khoi-nghiep-va-phat-trien-kinh-doanh,D09,Điểm thi THPT,2021,36.45,Khởi nghiệp và phát triển kinh doanh (BBAE)
101410,KHA,khoi-nghiep-va-phat-trien-kinh-doanh,A00,Điểm thi THPT,2022,34.9,Khởi nghiệp và phát triển kinh doanh (BBAE)
101411,KHA,khoi-nghiep-va-phat-trien-kinh-doanh,A01,Điểm thi THPT,2022,34.9,Khởi nghiệp và phát triển kinh doanh (BBAE)
101412,KHA,khoi-nghiep-va-phat-trien-kinh-doanh,D07,Điểm thi THPT,2022,34.9,Khởi nghiệp và phát triển kinh doanh (BBAE)
101413,KHA,khoi-nghiep-va-phat-trien-kinh-doanh,D09,Điểm thi THPT,2022,34.9,Khởi nghiệp và phát triển kinh doanh (BBAE)
101414,KHA,kiem-toan,A00,Điểm thi THPT,2021,28.1,Kiểm toán
101415,KHA,kiem-toan,A01,Điểm thi THPT,2021,28.1,Kiểm toán
101416,KHA,kiem-toan,D01,Điểm thi THPT,2021,28.1,Kiểm toán
101417,KHA,kiem-toan,D07,Điểm thi THPT,2021,28.1,Kiểm toán
101418,KHA,kiem-toan,A00,Điểm thi THPT,2022,28.15,Kiểm toán
101419,KHA,kiem-toan,A01,Điểm thi THPT,2022,28.15,Kiểm toán
101420,KHA,kiem-toan,D01,Điểm thi THPT,2022,28.15,Kiểm toán
101421,KHA,kiem-toan,D07,Điểm thi THPT,2022,28.15,Kiểm toán
101422,KHA,kiem-toan,A00,Điểm thi THPT,2023,27.2,Kiểm toán
101423,KHA,kiem-toan,A01,Điểm thi THPT,2023,27.2,Kiểm toán
101424,KHA,kiem-toan,D01,Điểm thi THPT,2023,27.2,Kiểm toán
101425,KHA,kiem-toan,D07,Điểm thi THPT,2023,27.2,Kiểm toán
101426,KHA,kiem-toan,A00,Điểm thi THPT,2024,27.79,Kiểm toán
101427,KHA,kiem-toan,A01,Điểm thi THPT,2024,27.79,Kiểm toán
101428,KHA,kiem-toan,D01,Điểm thi THPT,2024,27.79,Kiểm toán
101429,KHA,kiem-toan,D07,Điểm thi THPT,2024,27.79,Kiểm toán
101430,KHA,kiem-toan,A00,Điểm thi THPT,2025,28.38,Kiểm toán
101431,KHA,kiem-toan,A01,Điểm thi THPT,2025,28.38,Kiểm toán
101432,KHA,kiem-toan,D01,Điểm thi THPT,2025,28.38,Kiểm toán
101433,KHA,kiem-toan,D07,Điểm thi THPT,2025,28.38,Kiểm toán
101434,KHA,kiem-toan-tich-hop-ccqt,A00,Điểm thi THPT,2023,27.2,Kiểm toán tích hợp CCQT (AUD-ICAEW)
101435,KHA,kiem-toan-tich-hop-ccqt,A01,Điểm thi THPT,2023,27.2,Kiểm toán tích hợp CCQT (AUD-ICAEW)
101436,KHA,kiem-toan-tich-hop-ccqt,D01,Điểm thi THPT,2023,27.2,Kiểm toán tích hợp CCQT (AUD-ICAEW)
101437,KHA,kiem-toan-tich-hop-ccqt,D07,Điểm thi THPT,2023,27.2,Kiểm toán tích hợp CCQT (AUD-ICAEW)
101438,KHA,kiem-toan-tich-hop-chung-chi-acca-ct-clc3,A00,Điểm thi THPT,2025,26.42,Kiểm toán tích hợp chứng chỉ ACCA - CT CLC3
101439,KHA,kiem-toan-tich-hop-chung-chi-acca-ct-clc3,A01,Điểm thi THPT,2025,26.42,Kiểm toán tích hợp chứng chỉ ACCA - CT CLC3
101440,KHA,kiem-toan-tich-hop-chung-chi-acca-ct-clc3,D01,Điểm thi THPT,2025,26.42,Kiểm toán tích hợp chứng chỉ ACCA - CT CLC3
101441,KHA,kiem-toan-tich-hop-chung-chi-acca-ct-clc3,D07,Điểm thi THPT,2025,26.42,Kiểm toán tích hợp chứng chỉ ACCA - CT CLC3
101442,KHA,kiem-toan-tich-hop-chung-chi-quoc-te,A00,Điểm thi THPT,2021,27.55,Kiểm toán tích hợp chứng chỉ quốc tế (AUD-ICAEW)
101443,KHA,kiem-toan-tich-hop-chung-chi-quoc-te,A01,Điểm thi THPT,2021,27.55,Kiểm toán tích hợp chứng chỉ quốc tế (AUD-ICAEW)
101444,KHA,kiem-toan-tich-hop-chung-chi-quoc-te,D01,Điểm thi THPT,2021,27.55,Kiểm toán tích hợp chứng chỉ quốc tế (AUD-ICAEW)
101445,KHA,kiem-toan-tich-hop-chung-chi-quoc-te,D07,Điểm thi THPT,2021,27.55,Kiểm toán tích hợp chứng chỉ quốc tế (AUD-ICAEW)
101446,KHA,kiem-toan-tich-hop-chung-chi-quoc-te,A00,Điểm thi THPT,2022,27.2,Kiểm toán tích hợp chứng chỉ quốc tế (AUD - ICAEW)
101447,KHA,kiem-toan-tich-hop-chung-chi-quoc-te,A01,Điểm thi THPT,2022,27.2,Kiểm toán tích hợp chứng chỉ quốc tế (AUD - ICAEW)
101448,KHA,kiem-toan-tich-hop-chung-chi-quoc-te,D01,Điểm thi THPT,2022,27.2,Kiểm toán tích hợp chứng chỉ quốc tế (AUD - ICAEW)
101449,KHA,kiem-toan-tich-hop-chung-chi-quoc-te,D07,Điểm thi THPT,2022,27.2,Kiểm toán tích hợp chứng chỉ quốc tế (AUD - ICAEW)
101450,KHA,kiem-toan-tich-hop-chung-chi-quoc-te,A00,Điểm thi THPT,2024,27.45,Kiểm toán tích hợp chứng chỉ quốc tế (ICAEW CFAB)
101451,KHA,kiem-toan-tich-hop-chung-chi-quoc-te,A01,Điểm thi THPT,2024,27.45,Kiểm toán tích hợp chứng chỉ quốc tế (ICAEW CFAB)
101452,KHA,kiem-toan-tich-hop-chung-chi-quoc-te,D01,Điểm thi THPT,2024,27.45,Kiểm toán tích hợp chứng chỉ quốc tế (ICAEW CFAB)
101453,KHA,kiem-toan-tich-hop-chung-chi-quoc-te,D07,Điểm thi THPT,2024,27.45,Kiểm toán tích hợp chứng chỉ quốc tế (ICAEW CFAB)
101454,KHA,kiem-toan-tich-hop-chung-chi-quoc-te,A00,Điểm thi THPT,2025,27.25,Kiểm toán tích hợp chứng chỉ quốc tế (ICAEW CFAB)
101455,KHA,kiem-toan-tich-hop-chung-chi-quoc-te,A01,Điểm thi THPT,2025,27.25,Kiểm toán tích hợp chứng chỉ quốc tế (ICAEW CFAB)
101456,KHA,kiem-toan-tich-hop-chung-chi-quoc-te,D01,Điểm thi THPT,2025,27.25,Kiểm toán tích hợp chứng chỉ quốc tế (ICAEW CFAB)
101457,KHA,kiem-toan-tich-hop-chung-chi-quoc-te,D07,Điểm thi THPT,2025,27.25,Kiểm toán tích hợp chứng chỉ quốc tế (ICAEW CFAB)
101458,KHA,kinh-doanh-nong-nghiep,A00,Điểm thi THPT,2021,26.9,Kinh doanh nông nghiệp
101459,KHA,kinh-doanh-nong-nghiep,A01,Điểm thi THPT,2021,26.9,Kinh doanh nông nghiệp
101460,KHA,kinh-doanh-nong-nghiep,B00,Điểm thi THPT,2021,26.9,Kinh doanh nông nghiệp
101461,KHA,kinh-doanh-nong-nghiep,D01,Điểm thi THPT,2021,26.9,Kinh doanh nông nghiệp
101462,KHA,kinh-doanh-nong-nghiep,A00,Điểm thi THPT,2022,26.1,Kinh doanh nông nghiệp
101463,KHA,kinh-doanh-nong-nghiep,A01,Điểm thi THPT,2022,26.1,Kinh doanh nông nghiệp
101464,KHA,kinh-doanh-nong-nghiep,B00,Điểm thi THPT,2022,26.1,Kinh doanh nông nghiệp
101465,KHA,kinh-doanh-nong-nghiep,D01,Điểm thi THPT,2022,26.1,Kinh doanh nông nghiệp
101466,KHA,kinh-doanh-nong-nghiep,A00,Điểm thi THPT,2023,26.6,Kinh doanh nông nghiệp
101467,KHA,kinh-doanh-nong-nghiep,A01,Điểm thi THPT,2023,26.6,Kinh doanh nông nghiệp
101468,KHA,kinh-doanh-nong-nghiep,B00,Điểm thi THPT,2023,26.6,Kinh doanh nông nghiệp
101469,KHA,kinh-doanh-nong-nghiep,D01,Điểm thi THPT,2023,26.6,Kinh doanh nông nghiệp
101470,KHA,kinh-doanh-nong-nghiep,A00,Điểm thi THPT,2024,26.81,Kinh doanh nông nghiệp
101471,KHA,kinh-doanh-nong-nghiep,A01,Điểm thi THPT,2024,26.81,Kinh doanh nông nghiệp
101472,KHA,kinh-doanh-nong-nghiep,D01,Điểm thi THPT,2024,26.81,Kinh doanh nông nghiệp
101473,KHA,kinh-doanh-nong-nghiep,D07,Điểm thi THPT,2024,26.81,Kinh doanh nông nghiệp
101474,KHA,kinh-doanh-nong-nghiep,A00,Điểm thi THPT,2025,23.75,Kinh doanh nông nghiệp
101475,KHA,kinh-doanh-nong-nghiep,A01,Điểm thi THPT,2025,23.75,Kinh doanh nông nghiệp
101476,KHA,kinh-doanh-nong-nghiep,D01,Điểm thi THPT,2025,23.75,Kinh doanh nông nghiệp
101477,KHA,kinh-doanh-nong-nghiep,D07,Điểm thi THPT,2025,23.75,Kinh doanh nông nghiệp
101478,KHA,kinh-doanh-quoc-te,A00,Điểm thi THPT,2021,28.25,Kinh doanh quốc tế
101479,KHA,kinh-doanh-quoc-te,A01,Điểm thi THPT,2021,28.25,Kinh doanh quốc tế
101480,KHA,kinh-doanh-quoc-te,D01,Điểm thi THPT,2021,28.25,Kinh doanh quốc tế
101481,KHA,kinh-doanh-quoc-te,D07,Điểm thi THPT,2021,28.25,Kinh doanh quốc tế
101482,KHA,kinh-doanh-quoc-te,A00,Điểm thi THPT,2022,28.0,Kinh doanh quốc tế
101483,KHA,kinh-doanh-quoc-te,A01,Điểm thi THPT,2022,28.0,Kinh doanh quốc tế
101484,KHA,kinh-doanh-quoc-te,D01,Điểm thi THPT,2022,28.0,Kinh doanh quốc tế
101485,KHA,kinh-doanh-quoc-te,D07,Điểm thi THPT,2022,28.0,Kinh doanh quốc tế
101486,KHA,kinh-doanh-quoc-te,A00,Điểm thi THPT,2023,27.5,Kinh doanh quốc tế
101487,KHA,kinh-doanh-quoc-te,A01,Điểm thi THPT,2023,27.5,Kinh doanh quốc tế
101488,KHA,kinh-doanh-quoc-te,D01,Điểm thi THPT,2023,27.5,Kinh doanh quốc tế
101489,KHA,kinh-doanh-quoc-te,D07,Điểm thi THPT,2023,27.5,Kinh doanh quốc tế
101490,KHA,kinh-doanh-quoc-te,A00,Điểm thi THPT,2024,27.71,Kinh doanh quốc tế
101491,KHA,kinh-doanh-quoc-te,A01,Điểm thi THPT,2024,27.71,Kinh doanh quốc tế
101492,KHA,kinh-doanh-quoc-te,D01,Điểm thi THPT,2024,27.71,Kinh doanh quốc tế
101493,KHA,kinh-doanh-quoc-te,D07,Điểm thi THPT,2024,27.71,Kinh doanh quốc tế
101494,KHA,kinh-doanh-quoc-te,A00,Điểm thi THPT,2025,28.6,Kinh doanh quốc tế
101495,KHA,kinh-doanh-quoc-te,A01,Điểm thi THPT,2025,28.6,Kinh doanh quốc tế
101496,KHA,kinh-doanh-quoc-te,D01,Điểm thi THPT,2025,28.6,Kinh doanh quốc tế
101497,KHA,kinh-doanh-quoc-te,D07,Điểm thi THPT,2025,28.6,Kinh doanh quốc tế
101498,KHA,kinh-doanh-so,A00,Điểm thi THPT,2021,27.15,Kinh doanh số (E-BDB)
101499,KHA,kinh-doanh-so,A01,Điểm thi THPT,2021,27.15,Kinh doanh số (E-BDB)
101500,KHA,kinh-doanh-so,D01,Điểm thi THPT,2021,27.15,Kinh doanh số (E-BDB)
101501,KHA,kinh-doanh-so,D07,Điểm thi THPT,2021,27.15,Kinh doanh số (E-BDB)
101502,KHA,kinh-doanh-so,A00,Điểm thi THPT,2022,26.8,Kinh doanh số (E - BDB)
101503,KHA,kinh-doanh-so,A01,Điểm thi THPT,2022,26.8,Kinh doanh số (E - BDB)
101504,KHA,kinh-doanh-so,D01,Điểm thi THPT,2022,26.8,Kinh doanh số (E - BDB)
101505,KHA,kinh-doanh-so,D07,Điểm thi THPT,2022,26.8,Kinh doanh số (E - BDB)
101506,KHA,kinh-doanh-so,A00,Điểm thi THPT,2023,26.85,Kinh doanh số (E-BDB)
101507,KHA,kinh-doanh-so,A01,Điểm thi THPT,2023,26.85,Kinh doanh số (E-BDB)
101508,KHA,kinh-doanh-so,D01,Điểm thi THPT,2023,26.85,Kinh doanh số (E-BDB)
101509,KHA,kinh-doanh-so,D07,Điểm thi THPT,2023,26.85,Kinh doanh số (E-BDB)
101510,KHA,kinh-doanh-thuong-mai,A00,Điểm thi THPT,2021,27.9,Kinh doanh thương mại
101511,KHA,kinh-doanh-thuong-mai,A01,Điểm thi THPT,2021,27.9,Kinh doanh thương mại
101512,KHA,kinh-doanh-thuong-mai,D01,Điểm thi THPT,2021,27.9,Kinh doanh thương mại
101513,KHA,kinh-doanh-thuong-mai,D07,Điểm thi THPT,2021,27.9,Kinh doanh thương mại
101514,KHA,kinh-doanh-thuong-mai,A00,Điểm thi THPT,2022,27.7,Kinh doanh thương mại
101515,KHA,kinh-doanh-thuong-mai,A01,Điểm thi THPT,2022,27.7,Kinh doanh thương mại
101516,KHA,kinh-doanh-thuong-mai,D01,Điểm thi THPT,2022,27.7,Kinh doanh thương mại
101517,KHA,kinh-doanh-thuong-mai,D07,Điểm thi THPT,2022,27.7,Kinh doanh thương mại
101518,KHA,kinh-doanh-thuong-mai,A00,Điểm thi THPT,2023,27.35,Kinh doanh thương mại
101519,KHA,kinh-doanh-thuong-mai,A01,Điểm thi THPT,2023,27.35,Kinh doanh thương mại
101520,KHA,kinh-doanh-thuong-mai,D01,Điểm thi THPT,2023,27.35,Kinh doanh thương mại
101521,KHA,kinh-doanh-thuong-mai,D07,Điểm thi THPT,2023,27.35,Kinh doanh thương mại
101522,KHA,kinh-doanh-thuong-mai,A00,Điểm thi THPT,2024,27.57,Kinh doanh thương mại
101523,KHA,kinh-doanh-thuong-mai,A01,Điểm thi THPT,2024,27.57,Kinh doanh thương mại
101524,KHA,kinh-doanh-thuong-mai,D01,Điểm thi THPT,2024,27.57,Kinh doanh thương mại
101525,KHA,kinh-doanh-thuong-mai,D07,Điểm thi THPT,2024,27.57,Kinh doanh thương mại
101526,KHA,kinh-doanh-thuong-mai,A00,Điểm thi THPT,2025,28.0,Kinh doanh thương mại
101527,KHA,kinh-doanh-thuong-mai,A01,Điểm thi THPT,2025,28.0,Kinh doanh thương mại
101528,KHA,kinh-doanh-thuong-mai,D01,Điểm thi THPT,2025,28.0,Kinh doanh thương mại
101529,KHA,kinh-doanh-thuong-mai,D07,Điểm thi THPT,2025,28.0,Kinh doanh thương mại
101530,KHA,kinh-te,A00,Điểm thi THPT,2021,27.55,Kinh tế
101531,KHA,kinh-te,A01,Điểm thi THPT,2021,27.55,Kinh tế
101532,KHA,kinh-te,D01,Điểm thi THPT,2021,27.55,Kinh tế
101533,KHA,kinh-te,D07,Điểm thi THPT,2021,27.55,Kinh tế
101534,KHA,kinh-te,A00,Điểm thi THPT,2022,27.45,Kinh tế học (ngành Kinh tế)
101535,KHA,kinh-te,A01,Điểm thi THPT,2022,27.45,Kinh tế học (ngành Kinh tế)
101536,KHA,kinh-te,D01,Điểm thi THPT,2022,27.45,Kinh tế học (ngành Kinh tế)
101537,KHA,kinh-te,D07,Điểm thi THPT,2022,27.45,Kinh tế học (ngành Kinh tế)
101538,KHA,kinh-te,A00,Điểm thi THPT,2023,27.1,Kinh tế học (ngành Kinh tế)
101539,KHA,kinh-te,A01,Điểm thi THPT,2023,27.1,Kinh tế học (ngành Kinh tế)
101540,KHA,kinh-te,D01,Điểm thi THPT,2023,27.1,Kinh tế học (ngành Kinh tế)
101541,KHA,kinh-te,D07,Điểm thi THPT,2023,27.1,Kinh tế học (ngành Kinh tế)
101542,KHA,kinh-te,A00,Điểm thi THPT,2024,27.2,Kinh tế học (ngành Kinh tế)
101543,KHA,kinh-te,A01,Điểm thi THPT,2024,27.2,Kinh tế học (ngành Kinh tế)
101544,KHA,kinh-te,D01,Điểm thi THPT,2024,27.2,Kinh tế học (ngành Kinh tế)
101545,KHA,kinh-te,D07,Điểm thi THPT,2024,27.2,Kinh tế học (ngành Kinh tế)
101546,KHA,kinh-te,A00,Điểm thi THPT,2025,26.52,Kinh tế học (ngành Kinh tế)
101547,KHA,kinh-te,A01,Điểm thi THPT,2025,26.52,Kinh tế học (ngành Kinh tế)
101548,KHA,kinh-te,D01,Điểm thi THPT,2025,26.52,Kinh tế học (ngành Kinh tế)
101549,KHA,kinh-te,D07,Điểm thi THPT,2025,26.52,Kinh tế học (ngành Kinh tế)
101550,KHA,kinh-te-dau-tu,A00,Điểm thi THPT,2021,27.7,Kinh tế đầu tư
101551,KHA,kinh-te-dau-tu,A01,Điểm thi THPT,2021,27.7,Kinh tế đầu tư
101552,KHA,kinh-te-dau-tu,B00,Điểm thi THPT,2021,27.7,Kinh tế đầu tư
101553,KHA,kinh-te-dau-tu,D01,Điểm thi THPT,2021,27.7,Kinh tế đầu tư
101554,KHA,kinh-te-dau-tu,A00,Điểm thi THPT,2022,27.5,Kinh tế đầu tư
101555,KHA,kinh-te-dau-tu,A01,Điểm thi THPT,2022,27.5,Kinh tế đầu tư
101556,KHA,kinh-te-dau-tu,B00,Điểm thi THPT,2022,27.5,Kinh tế đầu tư
101557,KHA,kinh-te-dau-tu,D01,Điểm thi THPT,2022,27.5,Kinh tế đầu tư
101558,KHA,kinh-te-dau-tu,A00,Điểm thi THPT,2023,27.5,Kinh tế đầu tư
101559,KHA,kinh-te-dau-tu,A01,Điểm thi THPT,2023,27.5,Kinh tế đầu tư
101560,KHA,kinh-te-dau-tu,B00,Điểm thi THPT,2023,27.5,Kinh tế đầu tư
101561,KHA,kinh-te-dau-tu,D01,Điểm thi THPT,2023,27.5,Kinh tế đầu tư
101562,KHA,kinh-te-dau-tu,A00,Điểm thi THPT,2024,27.4,Kinh tế đầu tư
101563,KHA,kinh-te-dau-tu,A01,Điểm thi THPT,2024,27.4,Kinh tế đầu tư
101564,KHA,kinh-te-dau-tu,D01,Điểm thi THPT,2024,27.4,Kinh tế đầu tư
101565,KHA,kinh-te-dau-tu,D07,Điểm thi THPT,2024,27.4,Kinh tế đầu tư
101566,KHA,kinh-te-dau-tu,A00,Điểm thi THPT,2025,27.5,Kinh tế đầu tư
101567,KHA,kinh-te-dau-tu,A01,Điểm thi THPT,2025,27.5,Kinh tế đầu tư
101568,KHA,kinh-te-dau-tu,D01,Điểm thi THPT,2025,27.5,Kinh tế đầu tư
101569,KHA,kinh-te-dau-tu,D07,Điểm thi THPT,2025,27.5,Kinh tế đầu tư
101570,KHA,kinh-te-dau-tu-ct-clc2,A00,Điểm thi THPT,2025,26.5,Kinh tế Đầu tư - CT CLC2
101571,KHA,kinh-te-dau-tu-ct-clc2,A01,Điểm thi THPT,2025,26.5,Kinh tế Đầu tư - CT CLC2
101572,KHA,kinh-te-dau-tu-ct-clc2,D01,Điểm thi THPT,2025,26.5,Kinh tế Đầu tư - CT CLC2
101573,KHA,kinh-te-dau-tu-ct-clc2,D07,Điểm thi THPT,2025,26.5,Kinh tế Đầu tư - CT CLC2
101574,KHA,kinh-te-hoc-tai-chinh,A00,Điểm thi THPT,2021,26.95,Kinh tế học tài chính (FE)
101575,KHA,kinh-te-hoc-tai-chinh,A01,Điểm thi THPT,2021,26.95,Kinh tế học tài chính (FE)
101576,KHA,kinh-te-hoc-tai-chinh,D01,Điểm thi THPT,2021,26.95,Kinh tế học tài chính (FE)
101577,KHA,kinh-te-hoc-tai-chinh,D07,Điểm thi THPT,2021,26.95,Kinh tế học tài chính (FE)
101578,KHA,kinh-te-hoc-tai-chinh,A00,Điểm thi THPT,2022,26.5,Kinh tế học tài chính (FE)
101579,KHA,kinh-te-hoc-tai-chinh,A01,Điểm thi THPT,2022,26.5,Kinh tế học tài chính (FE)
101580,KHA,kinh-te-hoc-tai-chinh,D01,Điểm thi THPT,2022,26.5,Kinh tế học tài chính (FE)
101581,KHA,kinh-te-hoc-tai-chinh,D07,Điểm thi THPT,2022,26.5,Kinh tế học tài chính (FE)
101582,KHA,kinh-te-hoc-tai-chinh,A00,Điểm thi THPT,2023,26.75,Kinh tế học tài chính (FE)
101583,KHA,kinh-te-hoc-tai-chinh,A01,Điểm thi THPT,2023,26.75,Kinh tế học tài chính (FE)
101584,KHA,kinh-te-hoc-tai-chinh,D01,Điểm thi THPT,2023,26.75,Kinh tế học tài chính (FE)
101585,KHA,kinh-te-hoc-tai-chinh,D07,Điểm thi THPT,2023,26.75,Kinh tế học tài chính (FE)
101586,KHA,kinh-te-nong-nghiep,A00,Điểm thi THPT,2021,26.95,Kinh tế nông nghiệp
101587,KHA,kinh-te-nong-nghiep,A01,Điểm thi THPT,2021,26.95,Kinh tế nông nghiệp
101588,KHA,kinh-te-nong-nghiep,B00,Điểm thi THPT,2021,26.95,Kinh tế nông nghiệp
101589,KHA,kinh-te-nong-nghiep,D01,Điểm thi THPT,2021,26.95,Kinh tế nông nghiệp
101590,KHA,kinh-te-nong-nghiep,A00,Điểm thi THPT,2022,26.1,Kinh tế nông nghiệp
101591,KHA,kinh-te-nong-nghiep,A01,Điểm thi THPT,2022,26.1,Kinh tế nông nghiệp
101592,KHA,kinh-te-nong-nghiep,B00,Điểm thi THPT,2022,26.1,Kinh tế nông nghiệp
101593,KHA,kinh-te-nong-nghiep,D01,Điểm thi THPT,2022,26.1,Kinh tế nông nghiệp
101594,KHA,kinh-te-nong-nghiep,A00,Điểm thi THPT,2023,26.2,Kinh tế nông nghiệp
101595,KHA,kinh-te-nong-nghiep,A01,Điểm thi THPT,2023,26.2,Kinh tế nông nghiệp
101596,KHA,kinh-te-nong-nghiep,B00,Điểm thi THPT,2023,26.2,Kinh tế nông nghiệp
101597,KHA,kinh-te-nong-nghiep,D01,Điểm thi THPT,2023,26.2,Kinh tế nông nghiệp
101598,KHA,kinh-te-nong-nghiep,A00,Điểm thi THPT,2024,26.85,Kinh tế nông nghiệp
101599,KHA,kinh-te-nong-nghiep,A01,Điểm thi THPT,2024,26.85,Kinh tế nông nghiệp
101600,KHA,kinh-te-nong-nghiep,D01,Điểm thi THPT,2024,26.85,Kinh tế nông nghiệp
101601,KHA,kinh-te-nong-nghiep,D07,Điểm thi THPT,2024,26.85,Kinh tế nông nghiệp
101602,KHA,kinh-te-nong-nghiep,A00,Điểm thi THPT,2025,24.35,Kinh tế nông nghiệp
101603,KHA,kinh-te-nong-nghiep,A01,Điểm thi THPT,2025,24.35,Kinh tế nông nghiệp
101604,KHA,kinh-te-nong-nghiep,D01,Điểm thi THPT,2025,24.35,Kinh tế nông nghiệp
101605,KHA,kinh-te-nong-nghiep,D07,Điểm thi THPT,2025,24.35,Kinh tế nông nghiệp
101606,KHA,kinh-te-phat-trien,A00,Điểm thi THPT,2021,27.5,Kinh tế phát triển
101607,KHA,kinh-te-phat-trien,A01,Điểm thi THPT,2021,27.5,Kinh tế phát triển
101608,KHA,kinh-te-phat-trien,D01,Điểm thi THPT,2021,27.5,Kinh tế phát triển
101609,KHA,kinh-te-phat-trien,D07,Điểm thi THPT,2021,27.5,Kinh tế phát triển
101610,KHA,kinh-te-phat-trien,A00,Điểm thi THPT,2022,27.5,Kinh tế phát triển
101611,KHA,kinh-te-phat-trien,A01,Điểm thi THPT,2022,27.5,Kinh tế phát triển
101612,KHA,kinh-te-phat-trien,D01,Điểm thi THPT,2022,27.5,Kinh tế phát triển
101613,KHA,kinh-te-phat-trien,D07,Điểm thi THPT,2022,27.5,Kinh tế phát triển
101614,KHA,kinh-te-phat-trien,A00,Điểm thi THPT,2023,27.35,Kinh tế phát triển
101615,KHA,kinh-te-phat-trien,A01,Điểm thi THPT,2023,27.35,Kinh tế phát triển
101616,KHA,kinh-te-phat-trien,D01,Điểm thi THPT,2023,27.35,Kinh tế phát triển
101617,KHA,kinh-te-phat-trien,D07,Điểm thi THPT,2023,27.35,Kinh tế phát triển
101618,KHA,kinh-te-phat-trien,A00,Điểm thi THPT,2024,27.2,Kinh tế phát triển
101619,KHA,kinh-te-phat-trien,A01,Điểm thi THPT,2024,27.2,Kinh tế phát triển
101620,KHA,kinh-te-phat-trien,D01,Điểm thi THPT,2024,27.2,Kinh tế phát triển
101621,KHA,kinh-te-phat-trien,D07,Điểm thi THPT,2024,27.2,Kinh tế phát triển
101622,KHA,kinh-te-phat-trien,A00,Điểm thi THPT,2025,26.77,Kinh tế phát triển
101623,KHA,kinh-te-phat-trien,A01,Điểm thi THPT,2025,26.77,Kinh tế phát triển
101624,KHA,kinh-te-phat-trien,D01,Điểm thi THPT,2025,26.77,Kinh tế phát triển
101625,KHA,kinh-te-phat-trien,D07,Điểm thi THPT,2025,26.77,Kinh tế phát triển
101626,KHA,kinh-te-phat-trien-ct-clc1,A00,Điểm thi THPT,2025,25.25,Kinh tế phát triển - CT CLC1
101627,KHA,kinh-te-phat-trien-ct-clc1,A01,Điểm thi THPT,2025,25.25,Kinh tế phát triển - CT CLC1
101628,KHA,kinh-te-phat-trien-ct-clc1,D01,Điểm thi THPT,2025,25.25,Kinh tế phát triển - CT CLC1
101629,KHA,kinh-te-phat-trien-ct-clc1,D07,Điểm thi THPT,2025,25.25,Kinh tế phát triển - CT CLC1
101630,KHA,kinh-te-quoc-te,A00,Điểm thi THPT,2021,28.05,Kinh tế quốc tế
101631,KHA,kinh-te-quoc-te,A01,Điểm thi THPT,2021,28.05,Kinh tế quốc tế
101632,KHA,kinh-te-quoc-te,D01,Điểm thi THPT,2021,28.05,Kinh tế quốc tế
101633,KHA,kinh-te-quoc-te,D07,Điểm thi THPT,2021,28.05,Kinh tế quốc tế
101634,KHA,kinh-te-quoc-te,A00,Điểm thi THPT,2022,27.75,Kinh tế quốc tế
101635,KHA,kinh-te-quoc-te,A01,Điểm thi THPT,2022,27.75,Kinh tế quốc tế
101636,KHA,kinh-te-quoc-te,D01,Điểm thi THPT,2022,27.75,Kinh tế quốc tế
101637,KHA,kinh-te-quoc-te,D07,Điểm thi THPT,2022,27.75,Kinh tế quốc tế
101638,KHA,kinh-te-quoc-te,A00,Điểm thi THPT,2023,27.35,Kinh tế quốc tế
101639,KHA,kinh-te-quoc-te,A01,Điểm thi THPT,2023,27.35,Kinh tế quốc tế
101640,KHA,kinh-te-quoc-te,D01,Điểm thi THPT,2023,27.35,Kinh tế quốc tế
101641,KHA,kinh-te-quoc-te,D07,Điểm thi THPT,2023,27.35,Kinh tế quốc tế
101642,KHA,kinh-te-quoc-te,A00,Điểm thi THPT,2024,27.54,Kinh tế quốc tế
101643,KHA,kinh-te-quoc-te,A01,Điểm thi THPT,2024,27.54,Kinh tế quốc tế
101644,KHA,kinh-te-quoc-te,D01,Điểm thi THPT,2024,27.54,Kinh tế quốc tế
101645,KHA,kinh-te-quoc-te,D07,Điểm thi THPT,2024,27.54,Kinh tế quốc tế
101646,KHA,kinh-te-quoc-te,A00,Điểm thi THPT,2025,28.13,Kinh tế quốc tế
101647,KHA,kinh-te-quoc-te,A01,Điểm thi THPT,2025,28.13,Kinh tế quốc tế
101648,KHA,kinh-te-quoc-te,D01,Điểm thi THPT,2025,28.13,Kinh tế quốc tế
101649,KHA,kinh-te-quoc-te,D07,Điểm thi THPT,2025,28.13,Kinh tế quốc tế
101650,KHA,kinh-te-quoc-te-ct-clc3,A00,Điểm thi THPT,2025,26.42,Kinh tế quốc tế - CT CLC3
101651,KHA,kinh-te-quoc-te-ct-clc3,A01,Điểm thi THPT,2025,26.42,Kinh tế quốc tế - CT CLC3
101652,KHA,kinh-te-quoc-te-ct-clc3,D01,Điểm thi THPT,2025,26.42,Kinh tế quốc tế - CT CLC3
101653,KHA,kinh-te-quoc-te-ct-clc3,D07,Điểm thi THPT,2025,26.42,Kinh tế quốc tế - CT CLC3
101654,KHA,kinh-te-tai-nguyen-thien-nhien,A00,Điểm thi THPT,2021,26.95,Kinh tế tài nguyên thiên nhiên
101655,KHA,kinh-te-tai-nguyen-thien-nhien,A01,Điểm thi THPT,2021,26.95,Kinh tế tài nguyên thiên nhiên
101656,KHA,kinh-te-tai-nguyen-thien-nhien,B00,Điểm thi THPT,2021,26.95,Kinh tế tài nguyên thiên nhiên
101657,KHA,kinh-te-tai-nguyen-thien-nhien,D01,Điểm thi THPT,2021,26.95,Kinh tế tài nguyên thiên nhiên
101658,KHA,kinh-te-tai-nguyen-thien-nhien,A00,Điểm thi THPT,2022,26.1,Kinh tế tài nguyên thiên nhiên
101659,KHA,kinh-te-tai-nguyen-thien-nhien,A01,Điểm thi THPT,2022,26.1,Kinh tế tài nguyên thiên nhiên
101660,KHA,kinh-te-tai-nguyen-thien-nhien,B00,Điểm thi THPT,2022,26.1,Kinh tế tài nguyên thiên nhiên
101661,KHA,kinh-te-tai-nguyen-thien-nhien,D01,Điểm thi THPT,2022,26.1,Kinh tế tài nguyên thiên nhiên
101662,KHA,kinh-te-tai-nguyen-thien-nhien,A00,Điểm thi THPT,2023,26.35,Kinh tế tài nguyên thiên nhiên
101663,KHA,kinh-te-tai-nguyen-thien-nhien,A01,Điểm thi THPT,2023,26.35,Kinh tế tài nguyên thiên nhiên
101664,KHA,kinh-te-tai-nguyen-thien-nhien,B00,Điểm thi THPT,2023,26.35,Kinh tế tài nguyên thiên nhiên
101665,KHA,kinh-te-tai-nguyen-thien-nhien,D01,Điểm thi THPT,2023,26.35,Kinh tế tài nguyên thiên nhiên
101666,KHA,kinh-te-tai-nguyen-thien-nhien,A00,Điểm thi THPT,2024,26.87,Kinh tế tài nguyên thiên nhiên
101667,KHA,kinh-te-tai-nguyen-thien-nhien,A01,Điểm thi THPT,2024,26.87,Kinh tế tài nguyên thiên nhiên
101668,KHA,kinh-te-tai-nguyen-thien-nhien,D01,Điểm thi THPT,2024,26.87,Kinh tế tài nguyên thiên nhiên
101669,KHA,kinh-te-tai-nguyen-thien-nhien,D07,Điểm thi THPT,2024,26.87,Kinh tế tài nguyên thiên nhiên
101670,KHA,kinh-te-tai-nguyen-thien-nhien,A00,Điểm thi THPT,2025,23.5,Kinh tế tài nguyên thiên nhiên
101671,KHA,kinh-te-tai-nguyen-thien-nhien,A01,Điểm thi THPT,2025,23.5,Kinh tế tài nguyên thiên nhiên
101672,KHA,kinh-te-tai-nguyen-thien-nhien,D01,Điểm thi THPT,2025,23.5,Kinh tế tài nguyên thiên nhiên
101673,KHA,kinh-te-tai-nguyen-thien-nhien,D07,Điểm thi THPT,2025,23.5,Kinh tế tài nguyên thiên nhiên
101674,KHA,ky-thuat-phan-mem,A00,Điểm thi THPT,2024,34.06,Kỹ thuật phần mềm
101675,KHA,ky-thuat-phan-mem,A01,Điểm thi THPT,2024,34.06,Kỹ thuật phần mềm
101676,KHA,ky-thuat-phan-mem,D01,Điểm thi THPT,2024,34.06,Kỹ thuật phần mềm
101677,KHA,ky-thuat-phan-mem,D07,Điểm thi THPT,2024,34.06,Kỹ thuật phần mềm
101678,KHA,ky-thuat-phan-mem,A00,Điểm thi THPT,2025,24.7,Kỹ thuật phần mềm
101679,KHA,ky-thuat-phan-mem,A01,Điểm thi THPT,2025,24.7,Kỹ thuật phần mềm
101680,KHA,ky-thuat-phan-mem,D01,Điểm thi THPT,2025,24.7,Kỹ thuật phần mềm
101681,KHA,ky-thuat-phan-mem,D07,Điểm thi THPT,2025,24.7,Kỹ thuật phần mềm
101682,KHA,logistics-va-qlccu-tich-hop-ccqt,A01,Điểm thi THPT,2023,36.4,Logistics và QLCCU tích hợp CCQT (LSIC) (tiếng Anh hệ số 2)
101683,KHA,logistics-va-qlccu-tich-hop-ccqt,D01,Điểm thi THPT,2023,36.4,Logistics và QLCCU tích hợp CCQT (LSIC) (tiếng Anh hệ số 2)
101684,KHA,logistics-va-qlccu-tich-hop-ccqt,D07,Điểm thi THPT,2023,36.4,Logistics và QLCCU tích hợp CCQT (LSIC) (tiếng Anh hệ số 2)
101685,KHA,logistics-va-qlccu-tich-hop-ccqt,D10,Điểm thi THPT,2023,36.4,Logistics và QLCCU tích hợp CCQT (LSIC) (tiếng Anh hệ số 2)
101686,KHA,logistics-va-quan-ly-ccu-tich-hop-chung-chi-logistic-quoc-te,A01,Điểm thi THPT,2024,36.42,Logistics và Quản lý CCU tích hợp chứng chỉ Logistic quốc tế (LSIC)
101687,KHA,logistics-va-quan-ly-ccu-tich-hop-chung-chi-logistic-quoc-te,D01,Điểm thi THPT,2024,36.42,Logistics và Quản lý CCU tích hợp chứng chỉ Logistic quốc tế (LSIC)
101688,KHA,logistics-va-quan-ly-ccu-tich-hop-chung-chi-logistic-quoc-te,D07,Điểm thi THPT,2024,36.42,Logistics và Quản lý CCU tích hợp chứng chỉ Logistic quốc tế (LSIC)
101689,KHA,logistics-va-quan-ly-ccu-tich-hop-chung-chi-logistic-quoc-te,D10,Điểm thi THPT,2024,36.42,Logistics và Quản lý CCU tích hợp chứng chỉ Logistic quốc tế (LSIC)
101690,KHA,logistics-va-quan-ly-chuoi-cung-ung,A00,Điểm thi THPT,2021,28.3,Logistics và Quản lý chuỗi cung ứng
101691,KHA,logistics-va-quan-ly-chuoi-cung-ung,A01,Điểm thi THPT,2021,28.3,Logistics và Quản lý chuỗi cung ứng
101692,KHA,logistics-va-quan-ly-chuoi-cung-ung,D01,Điểm thi THPT,2021,28.3,Logistics và Quản lý chuỗi cung ứng
101693,KHA,logistics-va-quan-ly-chuoi-cung-ung,D07,Điểm thi THPT,2021,28.3,Logistics và Quản lý chuỗi cung ứng
101694,KHA,logistics-va-quan-ly-chuoi-cung-ung,A00,Điểm thi THPT,2022,28.2,Logistics và Quản lý chuỗi cung ứng
101695,KHA,logistics-va-quan-ly-chuoi-cung-ung,A01,Điểm thi THPT,2022,28.2,Logistics và Quản lý chuỗi cung ứng
101696,KHA,logistics-va-quan-ly-chuoi-cung-ung,D01,Điểm thi THPT,2022,28.2,Logistics và Quản lý chuỗi cung ứng
101697,KHA,logistics-va-quan-ly-chuoi-cung-ung,D07,Điểm thi THPT,2022,28.2,Logistics và Quản lý chuỗi cung ứng
101698,KHA,logistics-va-quan-ly-chuoi-cung-ung,A00,Điểm thi THPT,2023,27.4,Logistics và quản lý chuỗi cung ứng
101699,KHA,logistics-va-quan-ly-chuoi-cung-ung,A01,Điểm thi THPT,2023,27.4,Logistics và quản lý chuỗi cung ứng
101700,KHA,logistics-va-quan-ly-chuoi-cung-ung,D01,Điểm thi THPT,2023,27.4,Logistics và quản lý chuỗi cung ứng
101701,KHA,logistics-va-quan-ly-chuoi-cung-ung,D07,Điểm thi THPT,2023,27.4,Logistics và quản lý chuỗi cung ứng
101702,KHA,logistics-va-quan-ly-chuoi-cung-ung,A00,Điểm thi THPT,2024,27.89,Logistics và Quản lý chuỗi cung ứng
101703,KHA,logistics-va-quan-ly-chuoi-cung-ung,A01,Điểm thi THPT,2024,27.89,Logistics và Quản lý chuỗi cung ứng
101704,KHA,logistics-va-quan-ly-chuoi-cung-ung,D01,Điểm thi THPT,2024,27.89,Logistics và Quản lý chuỗi cung ứng
101705,KHA,logistics-va-quan-ly-chuoi-cung-ung,D07,Điểm thi THPT,2024,27.89,Logistics và Quản lý chuỗi cung ứng
101706,KHA,logistics-va-quan-ly-chuoi-cung-ung,A00,Điểm thi THPT,2025,28.61,Logistics và Quản lý chuỗi cung ứng
101707,KHA,logistics-va-quan-ly-chuoi-cung-ung,A01,Điểm thi THPT,2025,28.61,Logistics và Quản lý chuỗi cung ứng
101708,KHA,logistics-va-quan-ly-chuoi-cung-ung,D01,Điểm thi THPT,2025,28.61,Logistics và Quản lý chuỗi cung ứng
101709,KHA,logistics-va-quan-ly-chuoi-cung-ung,D07,Điểm thi THPT,2025,28.61,Logistics và Quản lý chuỗi cung ứng
101710,KHA,logistics-va-quan-ly-chuoi-cung-ung-ct-clc3,A00,Điểm thi THPT,2025,26.42,Logistics và Quản lý chuỗi cung ứng - CT CLC3
101711,KHA,logistics-va-quan-ly-chuoi-cung-ung-ct-clc3,A01,Điểm thi THPT,2025,26.42,Logistics và Quản lý chuỗi cung ứng - CT CLC3
101712,KHA,logistics-va-quan-ly-chuoi-cung-ung-ct-clc3,D01,Điểm thi THPT,2025,26.42,Logistics và Quản lý chuỗi cung ứng - CT CLC3
101713,KHA,logistics-va-quan-ly-chuoi-cung-ung-ct-clc3,D07,Điểm thi THPT,2025,26.42,Logistics và Quản lý chuỗi cung ứng - CT CLC3
101714,KHA,logistics-va-quan-ly-chuoi-cung-ung-tich-hop-chung-chi-quoc-te,A01,Điểm thi THPT,2021,37.55,Logistics và Quản lý chuỗi cung ứng tích hợp chứng chỉ quốc tế (LSIC)
101715,KHA,logistics-va-quan-ly-chuoi-cung-ung-tich-hop-chung-chi-quoc-te,D01,Điểm thi THPT,2021,37.55,Logistics và Quản lý chuỗi cung ứng tích hợp chứng chỉ quốc tế (LSIC)
101716,KHA,logistics-va-quan-ly-chuoi-cung-ung-tich-hop-chung-chi-quoc-te,D07,Điểm thi THPT,2021,37.55,Logistics và Quản lý chuỗi cung ứng tích hợp chứng chỉ quốc tế (LSIC)
101717,KHA,logistics-va-quan-ly-chuoi-cung-ung-tich-hop-chung-chi-quoc-te,D10,Điểm thi THPT,2021,37.55,Logistics và Quản lý chuỗi cung ứng tích hợp chứng chỉ quốc tế (LSIC)
101718,KHA,logistics-va-quan-ly-chuoi-cung-ung-tich-hop-chung-chi-quoc-te,A01,Điểm thi THPT,2022,36.25,Logistics và Quản lý chuỗi cung ứng tích hợp chứng chỉ quốc tế (LSIC)
101719,KHA,logistics-va-quan-ly-chuoi-cung-ung-tich-hop-chung-chi-quoc-te,D01,Điểm thi THPT,2022,36.25,Logistics và Quản lý chuỗi cung ứng tích hợp chứng chỉ quốc tế (LSIC)
101720,KHA,logistics-va-quan-ly-chuoi-cung-ung-tich-hop-chung-chi-quoc-te,D07,Điểm thi THPT,2022,36.25,Logistics và Quản lý chuỗi cung ứng tích hợp chứng chỉ quốc tế (LSIC)
101721,KHA,logistics-va-quan-ly-chuoi-cung-ung-tich-hop-chung-chi-quoc-te,D10,Điểm thi THPT,2022,36.25,Logistics và Quản lý chuỗi cung ứng tích hợp chứng chỉ quốc tế (LSIC)
101722,KHA,logistics-va-quan-ly-chuoi-cung-ung-tich-hop-chung-chi-quoc-te,A00,Điểm thi THPT,2025,27.69,Logistics và Quản lý chuỗi cung ứng tích hợp chứng chi quốc tế (LSIC)
101723,KHA,logistics-va-quan-ly-chuoi-cung-ung-tich-hop-chung-chi-quoc-te,A01,Điểm thi THPT,2025,27.69,Logistics và Quản lý chuỗi cung ứng tích hợp chứng chi quốc tế (LSIC)
101724,KHA,logistics-va-quan-ly-chuoi-cung-ung-tich-hop-chung-chi-quoc-te,D01,Điểm thi THPT,2025,27.69,Logistics và Quản lý chuỗi cung ứng tích hợp chứng chi quốc tế (LSIC)
101725,KHA,logistics-va-quan-ly-chuoi-cung-ung-tich-hop-chung-chi-quoc-te,D07,Điểm thi THPT,2025,27.69,Logistics và Quản lý chuỗi cung ứng tích hợp chứng chi quốc tế (LSIC)
101726,KHA,luat,A00,Điểm thi THPT,2021,27.1,Luật
101727,KHA,luat,A01,Điểm thi THPT,2021,27.1,Luật
101728,KHA,luat,D01,Điểm thi THPT,2021,27.1,Luật
101729,KHA,luat,D07,Điểm thi THPT,2021,27.1,Luật
101730,KHA,luat,A00,Điểm thi THPT,2022,26.3,Luật
101731,KHA,luat,A01,Điểm thi THPT,2022,26.3,Luật
101732,KHA,luat,D01,Điểm thi THPT,2022,26.3,Luật
101733,KHA,luat,D07,Điểm thi THPT,2022,26.3,Luật
101734,KHA,luat,A00,Điểm thi THPT,2023,26.6,Luật
101735,KHA,luat,A01,Điểm thi THPT,2023,26.6,Luật
101736,KHA,luat,D01,Điểm thi THPT,2023,26.6,Luật
101737,KHA,luat,D07,Điểm thi THPT,2023,26.6,Luật
101738,KHA,luat,A00,Điểm thi THPT,2024,26.91,Luật
101739,KHA,luat,A01,Điểm thi THPT,2024,26.91,Luật
101740,KHA,luat,D01,Điểm thi THPT,2024,26.91,Luật
101741,KHA,luat,D07,Điểm thi THPT,2024,26.91,Luật
101742,KHA,luat,A00,Điểm thi THPT,2025,25.96,Luật
101743,KHA,luat,A01,Điểm thi THPT,2025,25.96,Luật
101744,KHA,luat,D01,Điểm thi THPT,2025,25.96,Luật
101745,KHA,luat,D07,Điểm thi THPT,2025,25.96,Luật
101746,KHA,luat-kinh-doanh,A01,Điểm thi THPT,2024,35.26,Luật kinh doanh
101747,KHA,luat-kinh-doanh,D01,Điểm thi THPT,2024,35.26,Luật kinh doanh
101748,KHA,luat-kinh-doanh,D07,Điểm thi THPT,2024,35.26,Luật kinh doanh
101749,KHA,luat-kinh-doanh,D09,Điểm thi THPT,2024,35.26,Luật kinh doanh
101750,KHA,luat-kinh-doanh,A00,Điểm thi THPT,2025,25.5,Luật kinh doanh
101751,KHA,luat-kinh-doanh,A01,Điểm thi THPT,2025,25.5,Luật kinh doanh
101752,KHA,luat-kinh-doanh,D01,Điểm thi THPT,2025,25.5,Luật kinh doanh
101753,KHA,luat-kinh-doanh,D07,Điểm thi THPT,2025,25.5,Luật kinh doanh
101754,KHA,luat-kinh-te,A00,Điểm thi THPT,2021,27.35,Luật kinh tế
101755,KHA,luat-kinh-te,A01,Điểm thi THPT,2021,27.35,Luật kinh tế
101756,KHA,luat-kinh-te,D01,Điểm thi THPT,2021,27.35,Luật kinh tế
101757,KHA,luat-kinh-te,D07,Điểm thi THPT,2021,27.35,Luật kinh tế
101758,KHA,luat-kinh-te,A00,Điểm thi THPT,2022,27.0,Luật kinh tế
101759,KHA,luat-kinh-te,A01,Điểm thi THPT,2022,27.0,Luật kinh tế
101760,KHA,luat-kinh-te,D01,Điểm thi THPT,2022,27.0,Luật kinh tế
101761,KHA,luat-kinh-te,D07,Điểm thi THPT,2022,27.0,Luật kinh tế
101762,KHA,luat-kinh-te,A00,Điểm thi THPT,2023,26.85,Luật kinh tế
101763,KHA,luat-kinh-te,A01,Điểm thi THPT,2023,26.85,Luật kinh tế
101764,KHA,luat-kinh-te,D01,Điểm thi THPT,2023,26.85,Luật kinh tế
101765,KHA,luat-kinh-te,D07,Điểm thi THPT,2023,26.85,Luật kinh tế
101766,KHA,luat-kinh-te,A00,Điểm thi THPT,2024,27.05,Luật kinh tế
101767,KHA,luat-kinh-te,A01,Điểm thi THPT,2024,27.05,Luật kinh tế
101768,KHA,luat-kinh-te,D01,Điểm thi THPT,2024,27.05,Luật kinh tế
101769,KHA,luat-kinh-te,D07,Điểm thi THPT,2024,27.05,Luật kinh tế
101770,KHA,luat-kinh-te,A00,Điểm thi THPT,2025,26.75,Luật kinh tế
101771,KHA,luat-kinh-te,A01,Điểm thi THPT,2025,26.75,Luật kinh tế
101772,KHA,luat-kinh-te,D01,Điểm thi THPT,2025,26.75,Luật kinh tế
101773,KHA,luat-kinh-te,D07,Điểm thi THPT,2025,26.75,Luật kinh tế
101774,KHA,luat-thuong-mai-quoc-te,A00,Điểm thi THPT,2025,26.44,Luật thương mại quốc tế
101775,KHA,luat-thuong-mai-quoc-te,A01,Điểm thi THPT,2025,26.44,Luật thương mại quốc tế
101776,KHA,luat-thuong-mai-quoc-te,D01,Điểm thi THPT,2025,26.44,Luật thương mại quốc tế
101777,KHA,luat-thuong-mai-quoc-te,D07,Điểm thi THPT,2025,26.44,Luật thương mại quốc tế
101778,KHA,marketing,A00,Điểm thi THPT,2021,28.15,Marketing
101779,KHA,marketing,A01,Điểm thi THPT,2021,28.15,Marketing
101780,KHA,marketing,D01,Điểm thi THPT,2021,28.15,Marketing
101781,KHA,marketing,D07,Điểm thi THPT,2021,28.15,Marketing
101782,KHA,marketing,A00,Điểm thi THPT,2022,28.0,Marketing
101783,KHA,marketing,A01,Điểm thi THPT,2022,28.0,Marketing
101784,KHA,marketing,D01,Điểm thi THPT,2022,28.0,Marketing
101785,KHA,marketing,D07,Điểm thi THPT,2022,28.0,Marketing
101786,KHA,marketing,A00,Điểm thi THPT,2023,27.55,Marketing
101787,KHA,marketing,A01,Điểm thi THPT,2023,27.55,Marketing
101788,KHA,marketing,D01,Điểm thi THPT,2023,27.55,Marketing
101789,KHA,marketing,D07,Điểm thi THPT,2023,27.55,Marketing
101790,KHA,marketing,A00,Điểm thi THPT,2024,27.78,Marketing
101791,KHA,marketing,A01,Điểm thi THPT,2024,27.78,Marketing
101792,KHA,marketing,D01,Điểm thi THPT,2024,27.78,Marketing
101793,KHA,marketing,D07,Điểm thi THPT,2024,27.78,Marketing
101794,KHA,marketing,A00,Điểm thi THPT,2025,28.12,Marketing
101795,KHA,marketing,A01,Điểm thi THPT,2025,28.12,Marketing
101796,KHA,marketing,D01,Điểm thi THPT,2025,28.12,Marketing
101797,KHA,marketing,D07,Điểm thi THPT,2025,28.12,Marketing
101798,KHA,ngan-hang,A00,Điểm thi THPT,2021,27.6,Ngân hàng
101799,KHA,ngan-hang,A01,Điểm thi THPT,2021,27.6,Ngân hàng
101800,KHA,ngan-hang,D01,Điểm thi THPT,2021,27.6,Ngân hàng
101801,KHA,ngan-hang,D07,Điểm thi THPT,2021,27.6,Ngân hàng
101802,KHA,ngan-hang-ct-clc1,A00,Điểm thi THPT,2025,25.25,Ngân hàng - CT CLC1
101803,KHA,ngan-hang-ct-clc1,A01,Điểm thi THPT,2025,25.25,Ngân hàng - CT CLC1
101804,KHA,ngan-hang-ct-clc1,D01,Điểm thi THPT,2025,25.25,Ngân hàng - CT CLC1
101805,KHA,ngan-hang-ct-clc1,D07,Điểm thi THPT,2025,25.25,Ngân hàng - CT CLC1
101806,KHA,ngon-ngu-anh,A01,Điểm thi THPT,2021,37.3,Ngôn ngữ Anh (tiếng Anh hệ số 2)
101807,KHA,ngon-ngu-anh,D01,Điểm thi THPT,2021,37.3,Ngôn ngữ Anh (tiếng Anh hệ số 2)
101808,KHA,ngon-ngu-anh,D09,Điểm thi THPT,2021,37.3,Ngôn ngữ Anh (tiếng Anh hệ số 2)
101809,KHA,ngon-ngu-anh,D10,Điểm thi THPT,2021,37.3,Ngôn ngữ Anh (tiếng Anh hệ số 2)
101810,KHA,ngon-ngu-anh,A01,Điểm thi THPT,2022,35.85,Ngôn ngữ Anh
101811,KHA,ngon-ngu-anh,D01,Điểm thi THPT,2022,35.85,Ngôn ngữ Anh
101812,KHA,ngon-ngu-anh,D09,Điểm thi THPT,2022,35.85,Ngôn ngữ Anh
101813,KHA,ngon-ngu-anh,D10,Điểm thi THPT,2022,35.85,Ngôn ngữ Anh
101814,KHA,ngon-ngu-anh,A01,Điểm thi THPT,2023,36.5,Ngôn ngữ Anh (tiếng Anh hệ số 2)
101815,KHA,ngon-ngu-anh,D01,Điểm thi THPT,2023,36.5,Ngôn ngữ Anh (tiếng Anh hệ số 2)
101816,KHA,ngon-ngu-anh,D09,Điểm thi THPT,2023,36.5,Ngôn ngữ Anh (tiếng Anh hệ số 2)
101817,KHA,ngon-ngu-anh,D10,Điểm thi THPT,2023,36.5,Ngôn ngữ Anh (tiếng Anh hệ số 2)
101818,KHA,ngon-ngu-anh,A01,Điểm thi THPT,2024,35.6,Ngôn ngữ Anh
101819,KHA,ngon-ngu-anh,D01,Điểm thi THPT,2024,35.6,Ngôn ngữ Anh
101820,KHA,ngon-ngu-anh,D09,Điểm thi THPT,2024,35.6,Ngôn ngữ Anh
101821,KHA,ngon-ngu-anh,D10,Điểm thi THPT,2024,35.6,Ngôn ngữ Anh
101822,KHA,ngon-ngu-anh,A00,Điểm thi THPT,2025,26.51,Ngôn ngữ Anh
101823,KHA,ngon-ngu-anh,A01,Điểm thi THPT,2025,26.51,Ngôn ngữ Anh
101824,KHA,ngon-ngu-anh,D01,Điểm thi THPT,2025,26.51,Ngôn ngữ Anh
101825,KHA,ngon-ngu-anh,D07,Điểm thi THPT,2025,26.51,Ngôn ngữ Anh
101826,KHA,phan-tich-du-lieu-kinh-te,A00,Điểm thi THPT,2025,26.78,Phân tích dữ liệu kinh tế (EDA)
101827,KHA,phan-tich-du-lieu-kinh-te,A01,Điểm thi THPT,2025,26.78,Phân tích dữ liệu kinh tế (EDA)
101828,KHA,phan-tich-du-lieu-kinh-te,D01,Điểm thi THPT,2025,26.78,Phân tích dữ liệu kinh tế (EDA)
101829,KHA,phan-tich-du-lieu-kinh-te,D07,Điểm thi THPT,2025,26.78,Phân tích dữ liệu kinh tế (EDA)
101830,KHA,phan-tich-kinh-doanh,A00,Điểm thi THPT,2021,27.3,Phân tích kinh doanh (BA)
101831,KHA,phan-tich-kinh-doanh,A01,Điểm thi THPT,2021,27.3,Phân tích kinh doanh (BA)
101832,KHA,phan-tich-kinh-doanh,D01,Điểm thi THPT,2021,27.3,Phân tích kinh doanh (BA)
101833,KHA,phan-tich-kinh-doanh,D07,Điểm thi THPT,2021,27.3,Phân tích kinh doanh (BA)
101834,KHA,phan-tich-kinh-doanh,A00,Điểm thi THPT,2022,27.2,Phân tích kinh doanh (BA)
101835,KHA,phan-tich-kinh-doanh,A01,Điểm thi THPT,2022,27.2,Phân tích kinh doanh (BA)
101836,KHA,phan-tich-kinh-doanh,D01,Điểm thi THPT,2022,27.2,Phân tích kinh doanh (BA)
101837,KHA,phan-tich-kinh-doanh,D07,Điểm thi THPT,2022,27.2,Phân tích kinh doanh (BA)
101838,KHA,phan-tich-kinh-doanh,A00,Điểm thi THPT,2023,27.15,Phân tích kinh doanh (BA)
101839,KHA,phan-tich-kinh-doanh,A01,Điểm thi THPT,2023,27.15,Phân tích kinh doanh (BA)
101840,KHA,phan-tich-kinh-doanh,D01,Điểm thi THPT,2023,27.15,Phân tích kinh doanh (BA)
101841,KHA,phan-tich-kinh-doanh,D07,Điểm thi THPT,2023,27.15,Phân tích kinh doanh (BA)
101842,KHA,pohe-luat-kinh-doanh,A00,Điểm thi THPT,2022,35.5,POHE - Luật kinh doanh
101843,KHA,pohe-luat-kinh-doanh,A01,Điểm thi THPT,2022,35.5,POHE - Luật kinh doanh
101844,KHA,pohe-luat-kinh-doanh,D07,Điểm thi THPT,2022,35.5,POHE - Luật kinh doanh
101845,KHA,pohe-luat-kinh-doanh,D09,Điểm thi THPT,2022,35.5,POHE - Luật kinh doanh
101846,KHA,pohe-luat-kinh-doanh,A01,Điểm thi THPT,2023,36.2,POHE - Luật kinh doanh (tiếng Anh hệ số 2)
101847,KHA,pohe-luat-kinh-doanh,D01,Điểm thi THPT,2023,36.2,POHE - Luật kinh doanh (tiếng Anh hệ số 2)
101848,KHA,pohe-luat-kinh-doanh,D07,Điểm thi THPT,2023,36.2,POHE - Luật kinh doanh (tiếng Anh hệ số 2)
101849,KHA,pohe-luat-kinh-doanh,D09,Điểm thi THPT,2023,36.2,POHE - Luật kinh doanh (tiếng Anh hệ số 2)
101850,KHA,pohe-quan-ly-thi-truong,A01,Điểm thi THPT,2023,35.65,POHE - Quản lý thị trường (tiếng Anh hệ số 2)
101851,KHA,pohe-quan-ly-thi-truong,D01,Điểm thi THPT,2023,35.65,POHE - Quản lý thị trường (tiếng Anh hệ số 2)
101852,KHA,pohe-quan-ly-thi-truong,D07,Điểm thi THPT,2023,35.65,POHE - Quản lý thị trường (tiếng Anh hệ số 2)
101853,KHA,pohe-quan-ly-thi-truong,D09,Điểm thi THPT,2023,35.65,POHE - Quản lý thị trường (tiếng Anh hệ số 2)
101854,KHA,pohe-quan-tri-khach-san,A00,Điểm thi THPT,2022,35.35,POHE - Quản trị khách sạn
101855,KHA,pohe-quan-tri-khach-san,A01,Điểm thi THPT,2022,35.35,POHE - Quản trị khách sạn
101856,KHA,pohe-quan-tri-khach-san,D07,Điểm thi THPT,2022,35.35,POHE - Quản trị khách sạn
101857,KHA,pohe-quan-tri-khach-san,D09,Điểm thi THPT,2022,35.35,POHE - Quản trị khách sạn
101858,KHA,pohe-quan-tri-khach-san,A01,Điểm thi THPT,2023,35.65,POHE - Quản trị khách sạn (tiếng Anh hệ số 2)
101859,KHA,pohe-quan-tri-khach-san,D01,Điểm thi THPT,2023,35.65,POHE - Quản trị khách sạn (tiếng Anh hệ số 2)
101860,KHA,pohe-quan-tri-khach-san,D07,Điểm thi THPT,2023,35.65,POHE - Quản trị khách sạn (tiếng Anh hệ số 2)
101861,KHA,pohe-quan-tri-khach-san,D09,Điểm thi THPT,2023,35.65,POHE - Quản trị khách sạn (tiếng Anh hệ số 2)
101862,KHA,pohe-quan-tri-kinh-doanh-thuong-mai,A00,Điểm thi THPT,2022,36.95,POHE - Quản trị kinh doanh thương mại
101863,KHA,pohe-quan-tri-kinh-doanh-thuong-mai,A01,Điểm thi THPT,2022,36.95,POHE - Quản trị kinh doanh thương mại
101864,KHA,pohe-quan-tri-kinh-doanh-thuong-mai,D07,Điểm thi THPT,2022,36.95,POHE - Quản trị kinh doanh thương mại
101865,KHA,pohe-quan-tri-kinh-doanh-thuong-mai,D09,Điểm thi THPT,2022,36.95,POHE - Quản trị kinh doanh thương mại
101866,KHA,pohe-quan-tri-kinh-doanh-thuong-mai,A01,Điểm thi THPT,2023,36.85,POHE - Quản trị kinh doanh thương mại (tiếng Anh hệ số 2)
101867,KHA,pohe-quan-tri-kinh-doanh-thuong-mai,D01,Điểm thi THPT,2023,36.85,POHE - Quản trị kinh doanh thương mại (tiếng Anh hệ số 2)
101868,KHA,pohe-quan-tri-kinh-doanh-thuong-mai,D07,Điểm thi THPT,2023,36.85,POHE - Quản trị kinh doanh thương mại (tiếng Anh hệ số 2)
101869,KHA,pohe-quan-tri-kinh-doanh-thuong-mai,D09,Điểm thi THPT,2023,36.85,POHE - Quản trị kinh doanh thương mại (tiếng Anh hệ số 2)
101870,KHA,pohe-quan-tri-lu-hanh,A00,Điểm thi THPT,2022,34.8,POHE - Quản trị lữ hành
101871,KHA,pohe-quan-tri-lu-hanh,A01,Điểm thi THPT,2022,34.8,POHE - Quản trị lữ hành
101872,KHA,pohe-quan-tri-lu-hanh,D07,Điểm thi THPT,2022,34.8,POHE - Quản trị lữ hành
101873,KHA,pohe-quan-tri-lu-hanh,D09,Điểm thi THPT,2022,34.8,POHE - Quản trị lữ hành
101874,KHA,pohe-quan-tri-lu-hanh,A01,Điểm thi THPT,2023,35.65,POHE - Quản trị lữ hành (tiếng Anh hệ số 2)
101875,KHA,pohe-quan-tri-lu-hanh,D01,Điểm thi THPT,2023,35.65,POHE - Quản trị lữ hành (tiếng Anh hệ số 2)
101876,KHA,pohe-quan-tri-lu-hanh,D07,Điểm thi THPT,2023,35.65,POHE - Quản trị lữ hành (tiếng Anh hệ số 2)
101877,KHA,pohe-quan-tri-lu-hanh,D09,Điểm thi THPT,2023,35.65,POHE - Quản trị lữ hành (tiếng Anh hệ số 2)
101878,KHA,pohe-quan-tri-thi-truong,A00,Điểm thi THPT,2022,35.0,POHE - Quản trị thị trường
101879,KHA,pohe-quan-tri-thi-truong,A01,Điểm thi THPT,2022,35.0,POHE - Quản trị thị trường
101880,KHA,pohe-quan-tri-thi-truong,D07,Điểm thi THPT,2022,35.0,POHE - Quản trị thị trường
101881,KHA,pohe-quan-tri-thi-truong,D09,Điểm thi THPT,2022,35.0,POHE - Quản trị thị trường
101882,KHA,pohe-tham-dinh-gia,A00,Điểm thi THPT,2022,35.0,POHE - Thẩm định giá
101883,KHA,pohe-tham-dinh-gia,A01,Điểm thi THPT,2022,35.0,POHE - Thẩm định giá
101884,KHA,pohe-tham-dinh-gia,D07,Điểm thi THPT,2022,35.0,POHE - Thẩm định giá
101885,KHA,pohe-tham-dinh-gia,D09,Điểm thi THPT,2022,35.0,POHE - Thẩm định giá
101886,KHA,pohe-tham-dinh-gia,A01,Điểm thi THPT,2023,35.85,POHE - Thẩm định giá (tiếng Anh hệ số 2)
101887,KHA,pohe-tham-dinh-gia,D01,Điểm thi THPT,2023,35.85,POHE - Thẩm định giá (tiếng Anh hệ số 2)
101888,KHA,pohe-tham-dinh-gia,D07,Điểm thi THPT,2023,35.85,POHE - Thẩm định giá (tiếng Anh hệ số 2)
101889,KHA,pohe-tham-dinh-gia,D09,Điểm thi THPT,2023,35.85,POHE - Thẩm định giá (tiếng Anh hệ số 2)
101890,KHA,pohe-truyen-thong-marketing,A00,Điểm thi THPT,2022,38.15,POHE - Truyền thông Marketing
101891,KHA,pohe-truyen-thong-marketing,A01,Điểm thi THPT,2022,38.15,POHE - Truyền thông Marketing
101892,KHA,pohe-truyen-thong-marketing,D07,Điểm thi THPT,2022,38.15,POHE - Truyền thông Marketing
101893,KHA,pohe-truyen-thong-marketing,D09,Điểm thi THPT,2022,38.15,POHE - Truyền thông Marketing
101894,KHA,pohe-truyen-thong-marketing,A01,Điểm thi THPT,2023,37.1,POHE - Truyền thông Marketing (tiếng Anh hệ số 2)
101895,KHA,pohe-truyen-thong-marketing,D01,Điểm thi THPT,2023,37.1,POHE - Truyền thông Marketing (tiếng Anh hệ số 2)
101896,KHA,pohe-truyen-thong-marketing,D07,Điểm thi THPT,2023,37.1,POHE - Truyền thông Marketing (tiếng Anh hệ số 2)
101897,KHA,pohe-truyen-thong-marketing,D09,Điểm thi THPT,2023,37.1,POHE - Truyền thông Marketing (tiếng Anh hệ số 2)
101898,KHA,qtkd,A00,Điểm thi THPT,2024,27.0,Kinh doanh số (E-BDB)/ngành QTKD
101899,KHA,qtkd,A01,Điểm thi THPT,2024,36.25,Khởi nghiệp và phát triển kinh doanh (BBAE)/ngành QTKD
101900,KHA,qtkd,D01,Điểm thi THPT,2024,36.25,Khởi nghiệp và phát triển kinh doanh (BBAE)/ngành QTKD
101901,KHA,qtkd,D07,Điểm thi THPT,2024,36.25,Khởi nghiệp và phát triển kinh doanh (BBAE)/ngành QTKD
101902,KHA,qtkd,D09,Điểm thi THPT,2024,36.25,Khởi nghiệp và phát triển kinh doanh (BBAE)/ngành QTKD
101903,KHA,qtkd,D10,Điểm thi THPT,2024,26.96,Quản trị điều hành thông minh (E-SOM)/ngành QTKD
101904,KHA,qtkd,A00,Điểm thi THPT,2025,24.92,Khởi nghiệp và phát triển kinh doanh (BBAE)/ngành QTKD
101905,KHA,qtkd,A01,Điểm thi THPT,2025,24.92,Khởi nghiệp và phát triển kinh doanh (BBAE)/ngành QTKD
101906,KHA,qtkd,D01,Điểm thi THPT,2025,24.92,Khởi nghiệp và phát triển kinh doanh (BBAE)/ngành QTKD
101907,KHA,qtkd,D07,Điểm thi THPT,2025,24.92,Khởi nghiệp và phát triển kinh doanh (BBAE)/ngành QTKD
101908,KHA,quan-he-cong-chung,A01,Điểm thi THPT,2021,28.1,Quan hệ công chúng
101909,KHA,quan-he-cong-chung,C03,Điểm thi THPT,2021,28.1,Quan hệ công chúng
101910,KHA,quan-he-cong-chung,C04,Điểm thi THPT,2021,28.1,Quan hệ công chúng
101911,KHA,quan-he-cong-chung,D01,Điểm thi THPT,2021,28.1,Quan hệ công chúng
101912,KHA,quan-he-cong-chung,A01,Điểm thi THPT,2022,28.6,Quan hệ công chúng
101913,KHA,quan-he-cong-chung,C03,Điểm thi THPT,2022,28.6,Quan hệ công chúng
101914,KHA,quan-he-cong-chung,C04,Điểm thi THPT,2022,28.6,Quan hệ công chúng
101915,KHA,quan-he-cong-chung,D01,Điểm thi THPT,2022,28.6,Quan hệ công chúng
101916,KHA,quan-he-cong-chung,A01,Điểm thi THPT,2023,27.2,Quan hệ công chúng
101917,KHA,quan-he-cong-chung,C03,Điểm thi THPT,2023,27.2,Quan hệ công chúng
101918,KHA,quan-he-cong-chung,C04,Điểm thi THPT,2023,27.2,Quan hệ công chúng
101919,KHA,quan-he-cong-chung,D01,Điểm thi THPT,2023,27.2,Quan hệ công chúng
101920,KHA,quan-he-cong-chung,A01,Điểm thi THPT,2024,28.18,Quan hệ công chúng
101921,KHA,quan-he-cong-chung,C03,Điểm thi THPT,2024,28.18,Quan hệ công chúng
101922,KHA,quan-he-cong-chung,C04,Điểm thi THPT,2024,28.18,Quan hệ công chúng
101923,KHA,quan-he-cong-chung,D01,Điểm thi THPT,2024,28.18,Quan hệ công chúng
101924,KHA,quan-he-cong-chung,A00,Điểm thi THPT,2025,28.07,Quan hệ công chúng
101925,KHA,quan-he-cong-chung,A01,Điểm thi THPT,2025,28.07,Quan hệ công chúng
101926,KHA,quan-he-cong-chung,D01,Điểm thi THPT,2025,28.07,Quan hệ công chúng
101927,KHA,quan-he-cong-chung,D07,Điểm thi THPT,2025,28.07,Quan hệ công chúng
101928,KHA,quan-he-cong-chung-ct-clc2,A00,Điểm thi THPT,2025,26.5,Quan hệ công chúng - CT CLC2
101929,KHA,quan-he-cong-chung-ct-clc2,A01,Điểm thi THPT,2025,26.5,Quan hệ công chúng - CT CLC2
101930,KHA,quan-he-cong-chung-ct-clc2,D01,Điểm thi THPT,2025,26.5,Quan hệ công chúng - CT CLC2
101931,KHA,quan-he-cong-chung-ct-clc2,D07,Điểm thi THPT,2025,26.5,Quan hệ công chúng - CT CLC2
101932,KHA,quan-he-lao-dong,A00,Điểm thi THPT,2025,25.0,Quan hệ lao động
101933,KHA,quan-he-lao-dong,A01,Điểm thi THPT,2025,25.0,Quan hệ lao động
101934,KHA,quan-he-lao-dong,D01,Điểm thi THPT,2025,25.0,Quan hệ lao động
101935,KHA,quan-he-lao-dong,D07,Điểm thi THPT,2025,25.0,Quan hệ lao động
101936,KHA,quan-ly-cong,A00,Điểm thi THPT,2021,27.2,Quản lý công
101937,KHA,quan-ly-cong,A01,Điểm thi THPT,2021,27.2,Quản lý công
101938,KHA,quan-ly-cong,D01,Điểm thi THPT,2021,27.2,Quản lý công
101939,KHA,quan-ly-cong,D07,Điểm thi THPT,2021,27.2,Quản lý công
101940,KHA,quan-ly-cong,A00,Điểm thi THPT,2022,26.6,Quản lý công
101941,KHA,quan-ly-cong,A01,Điểm thi THPT,2022,26.6,Quản lý công
101942,KHA,quan-ly-cong,D01,Điểm thi THPT,2022,26.6,Quản lý công
101943,KHA,quan-ly-cong,D07,Điểm thi THPT,2022,26.6,Quản lý công
101944,KHA,quan-ly-cong,A00,Điểm thi THPT,2023,26.75,Quản lý công
101945,KHA,quan-ly-cong,A01,Điểm thi THPT,2023,26.75,Quản lý công
101946,KHA,quan-ly-cong,D01,Điểm thi THPT,2023,26.75,Quản lý công
101947,KHA,quan-ly-cong,D07,Điểm thi THPT,2023,26.75,Quản lý công
101948,KHA,quan-ly-cong,A00,Điểm thi THPT,2024,26.96,Quản lý công
101949,KHA,quan-ly-cong,A01,Điểm thi THPT,2024,26.96,Quản lý công
101950,KHA,quan-ly-cong,D01,Điểm thi THPT,2024,26.96,Quản lý công
101951,KHA,quan-ly-cong,D07,Điểm thi THPT,2024,26.96,Quản lý công
101952,KHA,quan-ly-cong,A00,Điểm thi THPT,2025,25.42,Quản lý công
101953,KHA,quan-ly-cong,A01,Điểm thi THPT,2025,25.42,Quản lý công
101954,KHA,quan-ly-cong,D01,Điểm thi THPT,2025,25.42,Quản lý công
101955,KHA,quan-ly-cong,D07,Điểm thi THPT,2025,25.42,Quản lý công
101956,KHA,quan-ly-cong-va-chinh-sach,A00,Điểm thi THPT,2021,26.85,Quản lý công và Chính sách (E- PMP)
101957,KHA,quan-ly-cong-va-chinh-sach,A01,Điểm thi THPT,2021,26.85,Quản lý công và Chính sách (E- PMP)
101958,KHA,quan-ly-cong-va-chinh-sach,D01,Điểm thi THPT,2021,26.85,Quản lý công và Chính sách (E- PMP)
101959,KHA,quan-ly-cong-va-chinh-sach,D07,Điểm thi THPT,2021,26.85,Quản lý công và Chính sách (E- PMP)
101960,KHA,quan-ly-cong-va-chinh-sach,A00,Điểm thi THPT,2022,26.1,Quản lý công và Chính sách (E - PMP)
101961,KHA,quan-ly-cong-va-chinh-sach,A01,Điểm thi THPT,2022,26.1,Quản lý công và Chính sách (E - PMP)
101962,KHA,quan-ly-cong-va-chinh-sach,D01,Điểm thi THPT,2022,26.1,Quản lý công và Chính sách (E - PMP)
101963,KHA,quan-ly-cong-va-chinh-sach,D07,Điểm thi THPT,2022,26.1,Quản lý công và Chính sách (E - PMP)
101964,KHA,quan-ly-cong-va-chinh-sach,A00,Điểm thi THPT,2023,26.1,Quản lý công và Chính sách (E-PMP)
101965,KHA,quan-ly-cong-va-chinh-sach,A01,Điểm thi THPT,2023,26.1,Quản lý công và Chính sách (E-PMP)
101966,KHA,quan-ly-cong-va-chinh-sach,D01,Điểm thi THPT,2023,26.1,Quản lý công và Chính sách (E-PMP)
101967,KHA,quan-ly-cong-va-chinh-sach,D07,Điểm thi THPT,2023,26.1,Quản lý công và Chính sách (E-PMP)
101968,KHA,quan-ly-dat-dai,A00,Điểm thi THPT,2021,27.05,Quản lý đất đai
101969,KHA,quan-ly-dat-dai,A01,Điểm thi THPT,2021,27.05,Quản lý đất đai
101970,KHA,quan-ly-dat-dai,D01,Điểm thi THPT,2021,27.05,Quản lý đất đai
101971,KHA,quan-ly-dat-dai,D07,Điểm thi THPT,2021,27.05,Quản lý đất đai
101972,KHA,quan-ly-dat-dai,A00,Điểm thi THPT,2022,26.2,Quản lý đất đai
101973,KHA,quan-ly-dat-dai,A01,Điểm thi THPT,2022,26.2,Quản lý đất đai
101974,KHA,quan-ly-dat-dai,D01,Điểm thi THPT,2022,26.2,Quản lý đất đai
101975,KHA,quan-ly-dat-dai,D07,Điểm thi THPT,2022,26.2,Quản lý đất đai
101976,KHA,quan-ly-dat-dai,A00,Điểm thi THPT,2023,26.55,Quản lý đất đai
101977,KHA,quan-ly-dat-dai,A01,Điểm thi THPT,2023,26.55,Quản lý đất đai
101978,KHA,quan-ly-dat-dai,D01,Điểm thi THPT,2023,26.55,Quản lý đất đai
101979,KHA,quan-ly-dat-dai,D07,Điểm thi THPT,2023,26.55,Quản lý đất đai
101980,KHA,quan-ly-dat-dai,A00,Điểm thi THPT,2024,26.85,Quản lý đất đai
101981,KHA,quan-ly-dat-dai,A01,Điểm thi THPT,2024,26.85,Quản lý đất đai
101982,KHA,quan-ly-dat-dai,D01,Điểm thi THPT,2024,26.85,Quản lý đất đai
101983,KHA,quan-ly-dat-dai,D07,Điểm thi THPT,2024,26.85,Quản lý đất đai
101984,KHA,quan-ly-dat-dai,A00,Điểm thi THPT,2025,24.38,Quản lý đất đai
101985,KHA,quan-ly-dat-dai,A01,Điểm thi THPT,2025,24.38,Quản lý đất đai
101986,KHA,quan-ly-dat-dai,D01,Điểm thi THPT,2025,24.38,Quản lý đất đai
101987,KHA,quan-ly-dat-dai,D07,Điểm thi THPT,2025,24.38,Quản lý đất đai
101988,KHA,quan-ly-du-an,A00,Điểm thi THPT,2021,27.5,Quản lý dự án
101989,KHA,quan-ly-du-an,A01,Điểm thi THPT,2021,27.5,Quản lý dự án
101990,KHA,quan-ly-du-an,B00,Điểm thi THPT,2021,27.5,Quản lý dự án
101991,KHA,quan-ly-du-an,D01,Điểm thi THPT,2021,27.5,Quản lý dự án
101992,KHA,quan-ly-du-an,A00,Điểm thi THPT,2022,27.3,Quản lý dự án
101993,KHA,quan-ly-du-an,A01,Điểm thi THPT,2022,27.3,Quản lý dự án
101994,KHA,quan-ly-du-an,B00,Điểm thi THPT,2022,27.3,Quản lý dự án
101995,KHA,quan-ly-du-an,D01,Điểm thi THPT,2022,27.3,Quản lý dự án
101996,KHA,quan-ly-du-an,A00,Điểm thi THPT,2023,27.15,Quản lý dự án
101997,KHA,quan-ly-du-an,A01,Điểm thi THPT,2023,27.15,Quản lý dự án
101998,KHA,quan-ly-du-an,B00,Điểm thi THPT,2023,27.15,Quản lý dự án
101999,KHA,quan-ly-du-an,D01,Điểm thi THPT,2023,27.15,Quản lý dự án
102000,KHA,quan-ly-du-an,A00,Điểm thi THPT,2024,27.15,Quản lý dự án
102001,KHA,quan-ly-du-an,A01,Điểm thi THPT,2024,27.15,Quản lý dự án
102002,KHA,quan-ly-du-an,D01,Điểm thi THPT,2024,27.15,Quản lý dự án
102003,KHA,quan-ly-du-an,D07,Điểm thi THPT,2024,27.15,Quản lý dự án
102004,KHA,quan-ly-du-an,A00,Điểm thi THPT,2025,26.63,Quản lý dự án
102005,KHA,quan-ly-du-an,A01,Điểm thi THPT,2025,26.63,Quản lý dự án
102006,KHA,quan-ly-du-an,D01,Điểm thi THPT,2025,26.63,Quản lý dự án
102007,KHA,quan-ly-du-an,D07,Điểm thi THPT,2025,26.63,Quản lý dự án
102008,KHA,quan-ly-tai-nguyen-va-moi-truong,A00,Điểm thi THPT,2021,26.9,Quản lý tài nguyên và môi trường
102009,KHA,quan-ly-tai-nguyen-va-moi-truong,A01,Điểm thi THPT,2021,26.9,Quản lý tài nguyên và môi trường
102010,KHA,quan-ly-tai-nguyen-va-moi-truong,D01,Điểm thi THPT,2021,26.9,Quản lý tài nguyên và môi trường
102011,KHA,quan-ly-tai-nguyen-va-moi-truong,D07,Điểm thi THPT,2021,26.9,Quản lý tài nguyên và môi trường
102012,KHA,quan-ly-tai-nguyen-va-moi-truong,A00,Điểm thi THPT,2022,26.1,Quản lý tài nguyên và môi trường
102013,KHA,quan-ly-tai-nguyen-va-moi-truong,A01,Điểm thi THPT,2022,26.1,Quản lý tài nguyên và môi trường
102014,KHA,quan-ly-tai-nguyen-va-moi-truong,D01,Điểm thi THPT,2022,26.1,Quản lý tài nguyên và môi trường
102015,KHA,quan-ly-tai-nguyen-va-moi-truong,D07,Điểm thi THPT,2022,26.1,Quản lý tài nguyên và môi trường
102016,KHA,quan-ly-tai-nguyen-va-moi-truong,A00,Điểm thi THPT,2023,26.4,Quản lý tài nguyên và môi trường
102017,KHA,quan-ly-tai-nguyen-va-moi-truong,A01,Điểm thi THPT,2023,26.4,Quản lý tài nguyên và môi trường
102018,KHA,quan-ly-tai-nguyen-va-moi-truong,D01,Điểm thi THPT,2023,26.4,Quản lý tài nguyên và môi trường
102019,KHA,quan-ly-tai-nguyen-va-moi-truong,D07,Điểm thi THPT,2023,26.4,Quản lý tài nguyên và môi trường
102020,KHA,quan-ly-tai-nguyen-va-moi-truong,A00,Điểm thi THPT,2024,26.76,Quản lý tài nguyên và môi trường
102021,KHA,quan-ly-tai-nguyen-va-moi-truong,A01,Điểm thi THPT,2024,26.76,Quản lý tài nguyên và môi trường
102022,KHA,quan-ly-tai-nguyen-va-moi-truong,D01,Điểm thi THPT,2024,26.76,Quản lý tài nguyên và môi trường
102023,KHA,quan-ly-tai-nguyen-va-moi-truong,D07,Điểm thi THPT,2024,26.76,Quản lý tài nguyên và môi trường
102024,KHA,quan-ly-tai-nguyen-va-moi-truong,A00,Điểm thi THPT,2025,24.17,Quản lý tài nguyên và môi trường
102025,KHA,quan-ly-tai-nguyen-va-moi-truong,A01,Điểm thi THPT,2025,24.17,Quản lý tài nguyên và môi trường
102026,KHA,quan-ly-tai-nguyen-va-moi-truong,D01,Điểm thi THPT,2025,24.17,Quản lý tài nguyên và môi trường
102027,KHA,quan-ly-tai-nguyen-va-moi-truong,D07,Điểm thi THPT,2025,24.17,Quản lý tài nguyên và môi trường
102028,KHA,quan-ly-thi-truong,A01,Điểm thi THPT,2024,35.88,Quản lý thị trường
102029,KHA,quan-ly-thi-truong,D01,Điểm thi THPT,2024,35.88,Quản lý thị trường
102030,KHA,quan-ly-thi-truong,D07,Điểm thi THPT,2024,35.88,Quản lý thị trường
102031,KHA,quan-ly-thi-truong,D09,Điểm thi THPT,2024,35.88,Quản lý thị trường
102032,KHA,quan-ly-thi-truong,A00,Điểm thi THPT,2025,24.66,Quản lý thị trường
102033,KHA,quan-ly-thi-truong,A01,Điểm thi THPT,2025,24.66,Quản lý thị trường
102034,KHA,quan-ly-thi-truong,D01,Điểm thi THPT,2025,24.66,Quản lý thị trường
102035,KHA,quan-ly-thi-truong,D07,Điểm thi THPT,2025,24.66,Quản lý thị trường
102036,KHA,quan-tri-chat-luong-va-doi-moi,A01,Điểm thi THPT,2021,27.1,Quản trị chất lượng và Đổi mới (E-MQI)
102037,KHA,quan-tri-chat-luong-va-doi-moi,D01,Điểm thi THPT,2021,27.1,Quản trị chất lượng và Đổi mới (E-MQI)
102038,KHA,quan-tri-chat-luong-va-doi-moi,D07,Điểm thi THPT,2021,27.1,Quản trị chất lượng và Đổi mới (E-MQI)
102039,KHA,quan-tri-chat-luong-va-doi-moi,D10,Điểm thi THPT,2021,27.1,Quản trị chất lượng và Đổi mới (E-MQI)
102040,KHA,quan-tri-chat-luong-va-doi-moi,A01,Điểm thi THPT,2022,26.45,Quản trị chât lượng và Đổi mới (E-MQI)
102041,KHA,quan-tri-chat-luong-va-doi-moi,D01,Điểm thi THPT,2022,26.45,Quản trị chât lượng và Đổi mới (E-MQI)
102042,KHA,quan-tri-chat-luong-va-doi-moi,D07,Điểm thi THPT,2022,26.45,Quản trị chât lượng và Đổi mới (E-MQI)
102043,KHA,quan-tri-chat-luong-va-doi-moi,D10,Điểm thi THPT,2022,26.45,Quản trị chât lượng và Đổi mới (E-MQI)
102044,KHA,quan-tri-chat-luong-va-doi-moi,A01,Điểm thi THPT,2023,26.6,Quản trị chất lượng và Đổi mới (E-MQI)
102045,KHA,quan-tri-chat-luong-va-doi-moi,D01,Điểm thi THPT,2023,26.6,Quản trị chất lượng và Đổi mới (E-MQI)
102046,KHA,quan-tri-chat-luong-va-doi-moi,D07,Điểm thi THPT,2023,26.6,Quản trị chất lượng và Đổi mới (E-MQI)
102047,KHA,quan-tri-chat-luong-va-doi-moi,D10,Điểm thi THPT,2023,26.6,Quản trị chất lượng và Đổi mới (E-MQI)
102048,KHA,quan-tri-dich-vu-du-lich-va-lu-hanh,A00,Điểm thi THPT,2021,27.2,Quản trị dịch vụ du lịch và lữ hành
102049,KHA,quan-tri-dich-vu-du-lich-va-lu-hanh,A01,Điểm thi THPT,2021,27.2,Quản trị dịch vụ du lịch và lữ hành
102050,KHA,quan-tri-dich-vu-du-lich-va-lu-hanh,D01,Điểm thi THPT,2021,27.2,Quản trị dịch vụ du lịch và lữ hành
102051,KHA,quan-tri-dich-vu-du-lich-va-lu-hanh,D07,Điểm thi THPT,2021,27.2,Quản trị dịch vụ du lịch và lữ hành
102052,KHA,quan-tri-dich-vu-du-lich-va-lu-hanh,A00,Điểm thi THPT,2022,26.85,Quản trị dịch vụ du lịch và lữ hành
102053,KHA,quan-tri-dich-vu-du-lich-va-lu-hanh,A01,Điểm thi THPT,2022,26.85,Quản trị dịch vụ du lịch và lữ hành
102054,KHA,quan-tri-dich-vu-du-lich-va-lu-hanh,D01,Điểm thi THPT,2022,26.85,Quản trị dịch vụ du lịch và lữ hành
102055,KHA,quan-tri-dich-vu-du-lich-va-lu-hanh,D07,Điểm thi THPT,2022,26.85,Quản trị dịch vụ du lịch và lữ hành
102056,KHA,quan-tri-dich-vu-du-lich-va-lu-hanh,A00,Điểm thi THPT,2023,26.75,Quản trị dịch vụ du lịch và lữ hành
102057,KHA,quan-tri-dich-vu-du-lich-va-lu-hanh,A01,Điểm thi THPT,2023,26.75,Quản trị dịch vụ du lịch và lữ hành
102058,KHA,quan-tri-dich-vu-du-lich-va-lu-hanh,D01,Điểm thi THPT,2023,26.75,Quản trị dịch vụ du lịch và lữ hành
102059,KHA,quan-tri-dich-vu-du-lich-va-lu-hanh,D07,Điểm thi THPT,2023,26.75,Quản trị dịch vụ du lịch và lữ hành
102060,KHA,quan-tri-dich-vu-du-lich-va-lu-hanh,A00,Điểm thi THPT,2024,26.71,Quản trị dịch vụ du lịch và lữ hành
102061,KHA,quan-tri-dich-vu-du-lich-va-lu-hanh,A01,Điểm thi THPT,2024,26.71,Quản trị dịch vụ du lịch và lữ hành
102062,KHA,quan-tri-dich-vu-du-lich-va-lu-hanh,D01,Điểm thi THPT,2024,26.71,Quản trị dịch vụ du lịch và lữ hành
102063,KHA,quan-tri-dich-vu-du-lich-va-lu-hanh,D07,Điểm thi THPT,2024,26.71,Quản trị dịch vụ du lịch và lữ hành
102064,KHA,quan-tri-dich-vu-du-lich-va-lu-hanh,A00,Điểm thi THPT,2025,26.06,Quản trị dịch vụ du lịch và lữ hành
102065,KHA,quan-tri-dich-vu-du-lich-va-lu-hanh,A01,Điểm thi THPT,2025,26.06,Quản trị dịch vụ du lịch và lữ hành
102066,KHA,quan-tri-dich-vu-du-lich-va-lu-hanh,D01,Điểm thi THPT,2025,26.06,Quản trị dịch vụ du lịch và lữ hành
102067,KHA,quan-tri-dich-vu-du-lich-va-lu-hanh,D07,Điểm thi THPT,2025,26.06,Quản trị dịch vụ du lịch và lữ hành
102068,KHA,quan-tri-dieu-hanh-thong-minh,A01,Điểm thi THPT,2021,27.1,Quản trị điều hành thông minh (E-SOM)
102069,KHA,quan-tri-dieu-hanh-thong-minh,D01,Điểm thi THPT,2021,27.1,Quản trị điều hành thông minh (E-SOM)
102070,KHA,quan-tri-dieu-hanh-thong-minh,D07,Điểm thi THPT,2021,27.1,Quản trị điều hành thông minh (E-SOM)
102071,KHA,quan-tri-dieu-hanh-thong-minh,D10,Điểm thi THPT,2021,27.1,Quản trị điều hành thông minh (E-SOM)
102072,KHA,quan-tri-dieu-hanh-thong-minh,A01,Điểm thi THPT,2022,26.9,Quản trị điều hành thông minh (E-SOM)
102073,KHA,quan-tri-dieu-hanh-thong-minh,D01,Điểm thi THPT,2022,26.9,Quản trị điều hành thông minh (E-SOM)
102074,KHA,quan-tri-dieu-hanh-thong-minh,D07,Điểm thi THPT,2022,26.9,Quản trị điều hành thông minh (E-SOM)
102075,KHA,quan-tri-dieu-hanh-thong-minh,D10,Điểm thi THPT,2022,26.9,Quản trị điều hành thông minh (E-SOM)
102076,KHA,quan-tri-dieu-hanh-thong-minh,A01,Điểm thi THPT,2023,26.65,Quản trị điều hành thông minh (E-SOM)
102077,KHA,quan-tri-dieu-hanh-thong-minh,D01,Điểm thi THPT,2023,26.65,Quản trị điều hành thông minh (E-SOM)
102078,KHA,quan-tri-dieu-hanh-thong-minh,D07,Điểm thi THPT,2023,26.65,Quản trị điều hành thông minh (E-SOM)
102079,KHA,quan-tri-dieu-hanh-thong-minh,D10,Điểm thi THPT,2023,26.65,Quản trị điều hành thông minh (E-SOM)
102080,KHA,quan-tri-giai-tri-va-su-kien,A01,Điểm thi THPT,2024,36.55,Quản trị giải trí và sự kiện
102081,KHA,quan-tri-giai-tri-va-su-kien,D01,Điểm thi THPT,2024,36.55,Quản trị giải trí và sự kiện
102082,KHA,quan-tri-giai-tri-va-su-kien,D09,Điểm thi THPT,2024,36.55,Quản trị giải trí và sự kiện
102083,KHA,quan-tri-giai-tri-va-su-kien,D10,Điểm thi THPT,2024,36.55,Quản trị giải trí và sự kiện
102084,KHA,quan-tri-giai-tri-va-su-kien,A00,Điểm thi THPT,2025,25.89,Quản trị giải trí và sự kiện
102085,KHA,quan-tri-giai-tri-va-su-kien,A01,Điểm thi THPT,2025,25.89,Quản trị giải trí và sự kiện
102086,KHA,quan-tri-giai-tri-va-su-kien,D01,Điểm thi THPT,2025,25.89,Quản trị giải trí và sự kiện
102087,KHA,quan-tri-giai-tri-va-su-kien,D07,Điểm thi THPT,2025,25.89,Quản trị giải trí và sự kiện
102088,KHA,quan-tri-khach-san,A00,Điểm thi THPT,2021,27.35,Quản trị khách sạn
102089,KHA,quan-tri-khach-san,A01,Điểm thi THPT,2021,27.35,Quản trị khách sạn
102090,KHA,quan-tri-khach-san,D01,Điểm thi THPT,2021,27.35,Quản trị khách sạn
102091,KHA,quan-tri-khach-san,D07,Điểm thi THPT,2021,27.35,Quản trị khách sạn
102092,KHA,quan-tri-khach-san,A00,Điểm thi THPT,2022,26.85,Quản trị khách sạn
102093,KHA,quan-tri-khach-san,A01,Điểm thi THPT,2022,26.85,Quản trị khách sạn
102094,KHA,quan-tri-khach-san,D01,Điểm thi THPT,2022,26.85,Quản trị khách sạn
102095,KHA,quan-tri-khach-san,D07,Điểm thi THPT,2022,26.85,Quản trị khách sạn
102096,KHA,quan-tri-khach-san,A00,Điểm thi THPT,2023,26.75,Quản trị khách sạn
102097,KHA,quan-tri-khach-san,A01,Điểm thi THPT,2023,26.75,Quản trị khách sạn
102098,KHA,quan-tri-khach-san,D01,Điểm thi THPT,2023,26.75,Quản trị khách sạn
102099,KHA,quan-tri-khach-san,D07,Điểm thi THPT,2023,26.75,Quản trị khách sạn
102100,KHA,quan-tri-khach-san,A00,Điểm thi THPT,2024,26.94,Quản trị khách sạn
102101,KHA,quan-tri-khach-san,A01,Điểm thi THPT,2024,26.94,Quản trị khách sạn
102102,KHA,quan-tri-khach-san,D01,Điểm thi THPT,2024,26.94,Quản trị khách sạn
102103,KHA,quan-tri-khach-san,D07,Điểm thi THPT,2024,26.94,Quản trị khách sạn
102104,KHA,quan-tri-khach-san,D09,Điểm thi THPT,2024,35.8,Quản trị khách sạn
102105,KHA,quan-tri-khach-san,A00,Điểm thi THPT,2025,25.61,Quản trị khách sạn
102106,KHA,quan-tri-khach-san,A01,Điểm thi THPT,2025,25.61,Quản trị khách sạn
102107,KHA,quan-tri-khach-san,D01,Điểm thi THPT,2025,25.61,Quản trị khách sạn
102108,KHA,quan-tri-khach-san,D07,Điểm thi THPT,2025,25.61,Quản trị khách sạn
102109,KHA,quan-tri-khach-san-quoc-te,A01,Điểm thi THPT,2021,36.6,Quản trị khách sạn quốc tế (IHME)
102110,KHA,quan-tri-khach-san-quoc-te,D01,Điểm thi THPT,2021,36.6,Quản trị khách sạn quốc tế (IHME)
102111,KHA,quan-tri-khach-san-quoc-te,D09,Điểm thi THPT,2021,36.6,Quản trị khách sạn quốc tế (IHME)
102112,KHA,quan-tri-khach-san-quoc-te,D10,Điểm thi THPT,2021,36.6,Quản trị khách sạn quốc tế (IHME)
102113,KHA,quan-tri-khach-san-quoc-te,A01,Điểm thi THPT,2022,34.6,Quản trị khách sạn quốc tế (HME)
102114,KHA,quan-tri-khach-san-quoc-te,D01,Điểm thi THPT,2022,34.6,Quản trị khách sạn quốc tế (HME)
102115,KHA,quan-tri-khach-san-quoc-te,D09,Điểm thi THPT,2022,34.6,Quản trị khách sạn quốc tế (HME)
102116,KHA,quan-tri-khach-san-quoc-te,D10,Điểm thi THPT,2022,34.6,Quản trị khách sạn quốc tế (HME)
102117,KHA,quan-tri-khach-san-quoc-te,A01,Điểm thi THPT,2023,35.75,Quản trị khách sạn quốc tế (IHME) (tiếng Anh hệ số 2)
102118,KHA,quan-tri-khach-san-quoc-te,D01,Điểm thi THPT,2023,35.75,Quản trị khách sạn quốc tế (IHME) (tiếng Anh hệ số 2)
102119,KHA,quan-tri-khach-san-quoc-te,D09,Điểm thi THPT,2023,35.75,Quản trị khách sạn quốc tế (IHME) (tiếng Anh hệ số 2)
102120,KHA,quan-tri-khach-san-quoc-te,D10,Điểm thi THPT,2023,35.75,Quản trị khách sạn quốc tế (IHME) (tiếng Anh hệ số 2)
102121,KHA,quan-tri-khach-san-quoc-te,A01,Điểm thi THPT,2024,35.65,Quản trị khách sạn quốc tế (IHME)
102122,KHA,quan-tri-khach-san-quoc-te,D01,Điểm thi THPT,2024,35.65,Quản trị khách sạn quốc tế (IHME)
102123,KHA,quan-tri-khach-san-quoc-te,D09,Điểm thi THPT,2024,35.65,Quản trị khách sạn quốc tế (IHME)
102124,KHA,quan-tri-khach-san-quoc-te,D10,Điểm thi THPT,2024,35.65,Quản trị khách sạn quốc tế (IHME)
102125,KHA,quan-tri-khach-san-quoc-te,A00,Điểm thi THPT,2025,24.25,Quản trị khách sạn quốc tế (IHME)
102126,KHA,quan-tri-khach-san-quoc-te,A01,Điểm thi THPT,2025,24.25,Quản trị khách sạn quốc tế (IHME)
102127,KHA,quan-tri-khach-san-quoc-te,D01,Điểm thi THPT,2025,24.25,Quản trị khách sạn quốc tế (IHME)
102128,KHA,quan-tri-khach-san-quoc-te,D07,Điểm thi THPT,2025,24.25,Quản trị khách sạn quốc tế (IHME)
102129,KHA,quan-tri-kinh-doanh,A00,Điểm thi THPT,2021,27.55,Quản trị kinh doanh
102130,KHA,quan-tri-kinh-doanh,A01,Điểm thi THPT,2021,27.55,Quản trị kinh doanh
102131,KHA,quan-tri-kinh-doanh,D01,Điểm thi THPT,2021,27.55,Quản trị kinh doanh
102132,KHA,quan-tri-kinh-doanh,D07,Điểm thi THPT,2021,27.55,Quản trị kinh doanh
102133,KHA,quan-tri-kinh-doanh,A00,Điểm thi THPT,2022,27.45,Quản trị kinh doanh
102134,KHA,quan-tri-kinh-doanh,A01,Điểm thi THPT,2022,27.45,Quản trị kinh doanh
102135,KHA,quan-tri-kinh-doanh,D01,Điểm thi THPT,2022,27.45,Quản trị kinh doanh
102136,KHA,quan-tri-kinh-doanh,D07,Điểm thi THPT,2022,27.45,Quản trị kinh doanh
102137,KHA,quan-tri-kinh-doanh,A00,Điểm thi THPT,2023,27.25,Quản trị kinh doanh
102138,KHA,quan-tri-kinh-doanh,A01,Điểm thi THPT,2023,27.25,Quản trị kinh doanh
102139,KHA,quan-tri-kinh-doanh,D01,Điểm thi THPT,2023,27.25,Quản trị kinh doanh
102140,KHA,quan-tri-kinh-doanh,D07,Điểm thi THPT,2023,27.25,Quản trị kinh doanh
102141,KHA,quan-tri-kinh-doanh,A00,Điểm thi THPT,2024,27.15,Quản trị kinh doanh
102142,KHA,quan-tri-kinh-doanh,A01,Điểm thi THPT,2024,27.15,Quản trị kinh doanh
102143,KHA,quan-tri-kinh-doanh,D01,Điểm thi THPT,2024,27.15,Quản trị kinh doanh
102144,KHA,quan-tri-kinh-doanh,D07,Điểm thi THPT,2024,27.15,Quản trị kinh doanh
102145,KHA,quan-tri-kinh-doanh,A00,Điểm thi THPT,2025,27.1,Quản trị kinh doanh
102146,KHA,quan-tri-kinh-doanh,A01,Điểm thi THPT,2025,27.1,Quản trị kinh doanh
102147,KHA,quan-tri-kinh-doanh,D01,Điểm thi THPT,2025,27.1,Quản trị kinh doanh
102148,KHA,quan-tri-kinh-doanh,D07,Điểm thi THPT,2025,27.1,Quản trị kinh doanh
102149,KHA,quan-tri-kinh-doanh-ct-clc2,A00,Điểm thi THPT,2025,26.5,Quản trị Kinh doanh - CT CLC2
102150,KHA,quan-tri-kinh-doanh-ct-clc2,A01,Điểm thi THPT,2025,26.5,Quản trị Kinh doanh - CT CLC2
102151,KHA,quan-tri-kinh-doanh-ct-clc2,D01,Điểm thi THPT,2025,26.5,Quản trị Kinh doanh - CT CLC2
102152,KHA,quan-tri-kinh-doanh-ct-clc2,D07,Điểm thi THPT,2025,26.5,Quản trị Kinh doanh - CT CLC2
102153,KHA,quan-tri-kinh-doanh-quoc-te,A00,Điểm thi THPT,2025,25.5,Quản trị Kinh doanh quốc tế - CT tiên tiến TT2
102154,KHA,quan-tri-kinh-doanh-quoc-te,A01,Điểm thi THPT,2025,25.5,Quản trị Kinh doanh quốc tế - CT tiên tiến TT2
102155,KHA,quan-tri-kinh-doanh-quoc-te,D01,Điểm thi THPT,2025,25.5,Quản trị Kinh doanh quốc tế - CT tiên tiến TT2
102156,KHA,quan-tri-kinh-doanh-quoc-te,D07,Điểm thi THPT,2025,25.5,Quản trị Kinh doanh quốc tế - CT tiên tiến TT2
102157,KHA,quan-tri-kinh-doanh-quoc-te-ct-clc3,A00,Điểm thi THPT,2025,26.42,Quản trị Kinh doanh quốc tế - CT CLC3
102158,KHA,quan-tri-kinh-doanh-quoc-te-ct-clc3,A01,Điểm thi THPT,2025,26.42,Quản trị Kinh doanh quốc tế - CT CLC3
102159,KHA,quan-tri-kinh-doanh-quoc-te-ct-clc3,D01,Điểm thi THPT,2025,26.42,Quản trị Kinh doanh quốc tế - CT CLC3
102160,KHA,quan-tri-kinh-doanh-quoc-te-ct-clc3,D07,Điểm thi THPT,2025,26.42,Quản trị Kinh doanh quốc tế - CT CLC3
102161,KHA,quan-tri-kinh-doanh-thuong-mai,A01,Điểm thi THPT,2024,36.59,Quản trị kinh doanh thương mại
102162,KHA,quan-tri-kinh-doanh-thuong-mai,D01,Điểm thi THPT,2024,36.59,Quản trị kinh doanh thương mại
102163,KHA,quan-tri-kinh-doanh-thuong-mai,D07,Điểm thi THPT,2024,36.59,Quản trị kinh doanh thương mại
102164,KHA,quan-tri-kinh-doanh-thuong-mai,D09,Điểm thi THPT,2024,36.59,Quản trị kinh doanh thương mại
102165,KHA,quan-tri-kinh-doanh-thuong-mai,A00,Điểm thi THPT,2025,26.29,Quản trị kinh doanh thương mại
102166,KHA,quan-tri-kinh-doanh-thuong-mai,A01,Điểm thi THPT,2025,26.29,Quản trị kinh doanh thương mại
102167,KHA,quan-tri-kinh-doanh-thuong-mai,D01,Điểm thi THPT,2025,26.29,Quản trị kinh doanh thương mại
102168,KHA,quan-tri-kinh-doanh-thuong-mai,D07,Điểm thi THPT,2025,26.29,Quản trị kinh doanh thương mại
102169,KHA,quan-tri-lu-hanh,A01,Điểm thi THPT,2024,35.75,Quản trị lữ hành
102170,KHA,quan-tri-lu-hanh,D01,Điểm thi THPT,2024,35.75,Quản trị lữ hành
102171,KHA,quan-tri-lu-hanh,D07,Điểm thi THPT,2024,35.75,Quản trị lữ hành
102172,KHA,quan-tri-lu-hanh,D09,Điểm thi THPT,2024,35.75,Quản trị lữ hành
102173,KHA,quan-tri-lu-hanh,A00,Điểm thi THPT,2025,24.64,Quản trị lữ hành
102174,KHA,quan-tri-lu-hanh,A01,Điểm thi THPT,2025,24.64,Quản trị lữ hành
102175,KHA,quan-tri-lu-hanh,D01,Điểm thi THPT,2025,24.64,Quản trị lữ hành
102176,KHA,quan-tri-lu-hanh,D07,Điểm thi THPT,2025,24.64,Quản trị lữ hành
102177,KHA,quan-tri-marketing-clc3,A00,Điểm thi THPT,2025,26.42,Quản trị Marketing - CLC3
102178,KHA,quan-tri-marketing-clc3,A01,Điểm thi THPT,2025,26.42,Quản trị Marketing - CLC3
102179,KHA,quan-tri-marketing-clc3,D01,Điểm thi THPT,2025,26.42,Quản trị Marketing - CLC3
102180,KHA,quan-tri-marketing-clc3,D07,Điểm thi THPT,2025,26.42,Quản trị Marketing - CLC3
102181,KHA,quan-tri-nhan-luc,A00,Điểm thi THPT,2021,27.7,Quản trị nhân lực
102182,KHA,quan-tri-nhan-luc,A01,Điểm thi THPT,2021,27.7,Quản trị nhân lực
102183,KHA,quan-tri-nhan-luc,D01,Điểm thi THPT,2021,27.7,Quản trị nhân lực
102184,KHA,quan-tri-nhan-luc,D07,Điểm thi THPT,2021,27.7,Quản trị nhân lực
102185,KHA,quan-tri-nhan-luc,A00,Điểm thi THPT,2022,27.45,Quản trị nhân lực
102186,KHA,quan-tri-nhan-luc,A01,Điểm thi THPT,2022,27.45,Quản trị nhân lực
102187,KHA,quan-tri-nhan-luc,D01,Điểm thi THPT,2022,27.45,Quản trị nhân lực
102188,KHA,quan-tri-nhan-luc,D07,Điểm thi THPT,2022,27.45,Quản trị nhân lực
102189,KHA,quan-tri-nhan-luc,A00,Điểm thi THPT,2023,27.1,Quản trị nhân lực
102190,KHA,quan-tri-nhan-luc,A01,Điểm thi THPT,2023,27.1,Quản trị nhân lực
102191,KHA,quan-tri-nhan-luc,D01,Điểm thi THPT,2023,27.1,Quản trị nhân lực
102192,KHA,quan-tri-nhan-luc,D07,Điểm thi THPT,2023,27.1,Quản trị nhân lực
102193,KHA,quan-tri-nhan-luc,A00,Điểm thi THPT,2024,27.25,Quản trị nhân lực
102194,KHA,quan-tri-nhan-luc,A01,Điểm thi THPT,2024,27.25,Quản trị nhân lực
102195,KHA,quan-tri-nhan-luc,D01,Điểm thi THPT,2024,27.25,Quản trị nhân lực
102196,KHA,quan-tri-nhan-luc,D07,Điểm thi THPT,2024,27.25,Quản trị nhân lực
102197,KHA,quan-tri-nhan-luc,A00,Điểm thi THPT,2025,27.1,Quản trị nhân lực
102198,KHA,quan-tri-nhan-luc,A01,Điểm thi THPT,2025,27.1,Quản trị nhân lực
102199,KHA,quan-tri-nhan-luc,D01,Điểm thi THPT,2025,27.1,Quản trị nhân lực
102200,KHA,quan-tri-nhan-luc,D07,Điểm thi THPT,2025,27.1,Quản trị nhân lực
102201,KHA,quan-tri-nhan-luc-ct-clc2,A00,Điểm thi THPT,2025,26.5,Quản trị nhân lực - CT CLC2
102202,KHA,quan-tri-nhan-luc-ct-clc2,A01,Điểm thi THPT,2025,26.5,Quản trị nhân lực - CT CLC2
102203,KHA,quan-tri-nhan-luc-ct-clc2,D01,Điểm thi THPT,2025,26.5,Quản trị nhân lực - CT CLC2
102204,KHA,quan-tri-nhan-luc-ct-clc2,D07,Điểm thi THPT,2025,26.5,Quản trị nhân lực - CT CLC2
102205,KHA,tai-chinh,A00,Điểm thi THPT,2025,25.5,Tài chính - CT tiên tiến TT2
102206,KHA,tai-chinh,A01,Điểm thi THPT,2025,25.5,Tài chính - CT tiên tiến TT2
102207,KHA,tai-chinh,D01,Điểm thi THPT,2025,25.5,Tài chính - CT tiên tiến TT2
102208,KHA,tai-chinh,D07,Điểm thi THPT,2025,25.5,Tài chính - CT tiên tiến TT2
102209,KHA,tai-chinh-cong,A00,Điểm thi THPT,2021,27.5,Tài chính công
102210,KHA,tai-chinh-cong,A01,Điểm thi THPT,2021,27.5,Tài chính công
102211,KHA,tai-chinh-cong,D01,Điểm thi THPT,2021,27.5,Tài chính công
102212,KHA,tai-chinh-cong,D07,Điểm thi THPT,2021,27.5,Tài chính công
102213,KHA,tai-chinh-doanh-nghiep,A00,Điểm thi THPT,2021,27.9,Tài chính doanh nghiệp
102214,KHA,tai-chinh-doanh-nghiep,A01,Điểm thi THPT,2021,27.9,Tài chính doanh nghiệp
102215,KHA,tai-chinh-doanh-nghiep,D01,Điểm thi THPT,2021,27.9,Tài chính doanh nghiệp
102216,KHA,tai-chinh-doanh-nghiep,D07,Điểm thi THPT,2021,27.9,Tài chính doanh nghiệp
102217,KHA,tai-chinh-doanh-nghiep-ct-clc3,A00,Điểm thi THPT,2025,26.42,Tài chính doanh nghiệp - CT CLC3
102218,KHA,tai-chinh-doanh-nghiep-ct-clc3,A01,Điểm thi THPT,2025,26.42,Tài chính doanh nghiệp - CT CLC3
102219,KHA,tai-chinh-doanh-nghiep-ct-clc3,D01,Điểm thi THPT,2025,26.42,Tài chính doanh nghiệp - CT CLC3
102220,KHA,tai-chinh-doanh-nghiep-ct-clc3,D07,Điểm thi THPT,2025,26.42,Tài chính doanh nghiệp - CT CLC3
102221,KHA,tai-chinh-ngan-hang,A00,Điểm thi THPT,2022,27.25,Tài chính - Ngân hàng
102222,KHA,tai-chinh-ngan-hang,A01,Điểm thi THPT,2022,27.25,Tài chính - Ngân hàng
102223,KHA,tai-chinh-ngan-hang,D01,Điểm thi THPT,2022,27.25,Tài chính - Ngân hàng
102224,KHA,tai-chinh-ngan-hang,D07,Điểm thi THPT,2022,27.25,Tài chính - Ngân hàng
102225,KHA,tai-chinh-ngan-hang,A00,Điểm thi THPT,2023,27.1,Tài chính - Ngân hàng
102226,KHA,tai-chinh-ngan-hang,A01,Điểm thi THPT,2023,27.1,Tài chính - Ngân hàng
102227,KHA,tai-chinh-ngan-hang,D01,Điểm thi THPT,2023,27.1,Tài chính - Ngân hàng
102228,KHA,tai-chinh-ngan-hang,D07,Điểm thi THPT,2023,27.1,Tài chính - Ngân hàng
102229,KHA,tai-chinh-ngan-hang,A00,Điểm thi THPT,2024,27.3,Tài chính - Ngân hàng
102230,KHA,tai-chinh-ngan-hang,A01,Điểm thi THPT,2024,27.3,Tài chính - Ngân hàng
102231,KHA,tai-chinh-ngan-hang,D01,Điểm thi THPT,2024,27.3,Tài chính - Ngân hàng
102232,KHA,tai-chinh-ngan-hang,D07,Điểm thi THPT,2024,27.3,Tài chính - Ngân hàng
102233,KHA,tai-chinh-ngan-hang,A00,Điểm thi THPT,2025,27.34,Tài chính - Ngân hàng
102234,KHA,tai-chinh-ngan-hang,A01,Điểm thi THPT,2025,27.34,Tài chính - Ngân hàng
102235,KHA,tai-chinh-ngan-hang,D01,Điểm thi THPT,2025,27.34,Tài chính - Ngân hàng
102236,KHA,tai-chinh-ngan-hang,D07,Điểm thi THPT,2025,27.34,Tài chính - Ngân hàng
102237,KHA,tai-chinh-va-dau-tu,A01,Điểm thi THPT,2023,36.5,Tài chính và Đầu tư (BFI) (tiếng Anh hệ số 2)
102238,KHA,tai-chinh-va-dau-tu,D01,Điểm thi THPT,2023,36.5,Tài chính và Đầu tư (BFI) (tiếng Anh hệ số 2)
102239,KHA,tai-chinh-va-dau-tu,D07,Điểm thi THPT,2023,36.5,Tài chính và Đầu tư (BFI) (tiếng Anh hệ số 2)
102240,KHA,tai-chinh-va-dau-tu,D10,Điểm thi THPT,2023,36.5,Tài chính và Đầu tư (BFI) (tiếng Anh hệ số 2)
102241,KHA,tc-nh,A00,Điểm thi THPT,2024,26.96,Công nghệ tài chính (BFT)/ngành TC-NH
102242,KHA,tc-nh,A01,Điểm thi THPT,2024,26.96,Công nghệ tài chính (BFT)/ngành TC-NH
102243,KHA,tc-nh,D01,Điểm thi THPT,2024,26.96,Công nghệ tài chính (BFT)/ngành TC-NH
102244,KHA,tc-nh,D07,Điểm thi THPT,2024,26.96,Công nghệ tài chính (BFT)/ngành TC-NH
102245,KHA,tc-nh,D10,Điểm thi THPT,2024,36.36,Tài chính và Đầu tư (BFI)/ngành TC-NH
102246,KHA,tc-nh,A00,Điểm thi THPT,2025,26.29,Công nghệ tài chính (BFT)/ngành TC-NH
102247,KHA,tc-nh,A01,Điểm thi THPT,2025,26.29,Công nghệ tài chính (BFT)/ngành TC-NH
102248,KHA,tc-nh,D01,Điểm thi THPT,2025,26.29,Công nghệ tài chính (BFT)/ngành TC-NH
102249,KHA,tc-nh,D07,Điểm thi THPT,2025,26.29,Công nghệ tài chính (BFT)/ngành TC-NH
102250,KHA,tham-dinh-gia,A01,Điểm thi THPT,2024,36.05,Thẩm định giá
102251,KHA,tham-dinh-gia,D01,Điểm thi THPT,2024,36.05,Thẩm định giá
102252,KHA,tham-dinh-gia,D07,Điểm thi THPT,2024,36.05,Thẩm định giá
102253,KHA,tham-dinh-gia,D09,Điểm thi THPT,2024,36.05,Thẩm định giá
102254,KHA,tham-dinh-gia,A00,Điểm thi THPT,2025,24.55,Thẩm định giá
102255,KHA,tham-dinh-gia,A01,Điểm thi THPT,2025,24.55,Thẩm định giá
102256,KHA,tham-dinh-gia,D01,Điểm thi THPT,2025,24.55,Thẩm định giá
102257,KHA,tham-dinh-gia,D07,Điểm thi THPT,2025,24.55,Thẩm định giá
102258,KHA,thong-ke-kinh-te,A00,Điểm thi THPT,2021,27.3,Thống kê kinh tế
102259,KHA,thong-ke-kinh-te,A01,Điểm thi THPT,2021,27.3,Thống kê kinh tế
102260,KHA,thong-ke-kinh-te,D01,Điểm thi THPT,2021,27.3,Thống kê kinh tế
102261,KHA,thong-ke-kinh-te,D07,Điểm thi THPT,2021,27.3,Thống kê kinh tế
102262,KHA,thong-ke-kinh-te,A00,Điểm thi THPT,2022,27.2,Thống kê kinh tế
102263,KHA,thong-ke-kinh-te,A01,Điểm thi THPT,2022,27.2,Thống kê kinh tế
102264,KHA,thong-ke-kinh-te,D01,Điểm thi THPT,2022,27.2,Thống kê kinh tế
102265,KHA,thong-ke-kinh-te,D07,Điểm thi THPT,2022,27.2,Thống kê kinh tế
102266,KHA,thong-ke-kinh-te,A00,Điểm thi THPT,2023,36.2,Thống kê kinh tế (Toán hệ số 2)
102267,KHA,thong-ke-kinh-te,A01,Điểm thi THPT,2023,36.2,Thống kê kinh tế (Toán hệ số 2)
102268,KHA,thong-ke-kinh-te,D01,Điểm thi THPT,2023,36.2,Thống kê kinh tế (Toán hệ số 2)
102269,KHA,thong-ke-kinh-te,D07,Điểm thi THPT,2023,36.2,Thống kê kinh tế (Toán hệ số 2)
102270,KHA,thong-ke-kinh-te,A00,Điểm thi THPT,2024,36.23,Thống kê kinh tế
102271,KHA,thong-ke-kinh-te,A01,Điểm thi THPT,2024,36.23,Thống kê kinh tế
102272,KHA,thong-ke-kinh-te,D01,Điểm thi THPT,2024,36.23,Thống kê kinh tế
102273,KHA,thong-ke-kinh-te,D07,Điểm thi THPT,2024,36.23,Thống kê kinh tế
102274,KHA,thong-ke-kinh-te,A00,Điểm thi THPT,2025,26.79,Thống kê kinh tế
102275,KHA,thong-ke-kinh-te,A01,Điểm thi THPT,2025,26.79,Thống kê kinh tế
102276,KHA,thong-ke-kinh-te,D01,Điểm thi THPT,2025,26.79,Thống kê kinh tế
102277,KHA,thong-ke-kinh-te,D07,Điểm thi THPT,2025,26.79,Thống kê kinh tế
102278,KHA,thuong-mai-dien-tu,A00,Điểm thi THPT,2021,28.1,Thương mại điện tử
102279,KHA,thuong-mai-dien-tu,A01,Điểm thi THPT,2021,28.1,Thương mại điện tử
102280,KHA,thuong-mai-dien-tu,D01,Điểm thi THPT,2021,28.1,Thương mại điện tử
102281,KHA,thuong-mai-dien-tu,D07,Điểm thi THPT,2021,28.1,Thương mại điện tử
102282,KHA,thuong-mai-dien-tu,A00,Điểm thi THPT,2022,28.1,Thương mại điện tử
102283,KHA,thuong-mai-dien-tu,A01,Điểm thi THPT,2022,28.1,Thương mại điện tử
102284,KHA,thuong-mai-dien-tu,D01,Điểm thi THPT,2022,28.1,Thương mại điện tử
102285,KHA,thuong-mai-dien-tu,D07,Điểm thi THPT,2022,28.1,Thương mại điện tử
102286,KHA,thuong-mai-dien-tu,A00,Điểm thi THPT,2023,27.65,Thương mại điện tử
102287,KHA,thuong-mai-dien-tu,A01,Điểm thi THPT,2023,27.65,Thương mại điện tử
102288,KHA,thuong-mai-dien-tu,D01,Điểm thi THPT,2023,27.65,Thương mại điện tử
102289,KHA,thuong-mai-dien-tu,D07,Điểm thi THPT,2023,27.65,Thương mại điện tử
102290,KHA,thuong-mai-dien-tu,A00,Điểm thi THPT,2024,28.02,Thương mại điện tử
102291,KHA,thuong-mai-dien-tu,A01,Điểm thi THPT,2024,28.02,Thương mại điện tử
102292,KHA,thuong-mai-dien-tu,D01,Điểm thi THPT,2024,28.02,Thương mại điện tử
102293,KHA,thuong-mai-dien-tu,D07,Điểm thi THPT,2024,28.02,Thương mại điện tử
102294,KHA,thuong-mai-dien-tu,A00,Điểm thi THPT,2025,28.83,Thương mại điện tử
102295,KHA,thuong-mai-dien-tu,A01,Điểm thi THPT,2025,28.83,Thương mại điện tử
102296,KHA,thuong-mai-dien-tu,D01,Điểm thi THPT,2025,28.83,Thương mại điện tử
102297,KHA,thuong-mai-dien-tu,D07,Điểm thi THPT,2025,28.83,Thương mại điện tử
102298,KHA,thuong-mai-dien-tu-ct-clc3,A00,Điểm thi THPT,2025,26.42,Thương mại điện tử - CT CLC3
102299,KHA,thuong-mai-dien-tu-ct-clc3,A01,Điểm thi THPT,2025,26.42,Thương mại điện tử - CT CLC3
102300,KHA,thuong-mai-dien-tu-ct-clc3,D01,Điểm thi THPT,2025,26.42,Thương mại điện tử - CT CLC3
102301,KHA,thuong-mai-dien-tu-ct-clc3,D07,Điểm thi THPT,2025,26.42,Thương mại điện tử - CT CLC3
102302,KHA,toan-kinh-te,A00,Điểm thi THPT,2021,27.4,Toán kinh tế
102303,KHA,toan-kinh-te,A01,Điểm thi THPT,2021,27.4,Toán kinh tế
102304,KHA,toan-kinh-te,D01,Điểm thi THPT,2021,27.4,Toán kinh tế
102305,KHA,toan-kinh-te,D07,Điểm thi THPT,2021,27.4,Toán kinh tế
102306,KHA,toan-kinh-te,A00,Điểm thi THPT,2022,27.15,Toán kinh tế
102307,KHA,toan-kinh-te,A01,Điểm thi THPT,2022,27.15,Toán kinh tế
102308,KHA,toan-kinh-te,D01,Điểm thi THPT,2022,27.15,Toán kinh tế
102309,KHA,toan-kinh-te,D07,Điểm thi THPT,2022,27.15,Toán kinh tế
102310,KHA,toan-kinh-te,A00,Điểm thi THPT,2023,35.95,Toán kinh tế (Toán hệ số 2)
102311,KHA,toan-kinh-te,A01,Điểm thi THPT,2023,35.95,Toán kinh tế (Toán hệ số 2)
102312,KHA,toan-kinh-te,D01,Điểm thi THPT,2023,35.95,Toán kinh tế (Toán hệ số 2)
102313,KHA,toan-kinh-te,D07,Điểm thi THPT,2023,35.95,Toán kinh tế (Toán hệ số 2)
102314,KHA,toan-kinh-te,A00,Điểm thi THPT,2024,36.2,Toán kinh tế
102315,KHA,toan-kinh-te,A01,Điểm thi THPT,2024,36.2,Toán kinh tế
102316,KHA,toan-kinh-te,D01,Điểm thi THPT,2024,36.2,Toán kinh tế
102317,KHA,toan-kinh-te,D07,Điểm thi THPT,2024,36.2,Toán kinh tế
102318,KHA,toan-kinh-te,A00,Điểm thi THPT,2025,26.73,Toán kinh tế
102319,KHA,toan-kinh-te,A01,Điểm thi THPT,2025,26.73,Toán kinh tế
102320,KHA,toan-kinh-te,D01,Điểm thi THPT,2025,26.73,Toán kinh tế
102321,KHA,toan-kinh-te,D07,Điểm thi THPT,2025,26.73,Toán kinh tế
102322,KHA,tri-tue-nhan-tao,A00,Điểm thi THPT,2024,34.5,Trí tuệ nhân tạo
102323,KHA,tri-tue-nhan-tao,A01,Điểm thi THPT,2024,34.5,Trí tuệ nhân tạo
102324,KHA,tri-tue-nhan-tao,D01,Điểm thi THPT,2024,34.5,Trí tuệ nhân tạo
102325,KHA,tri-tue-nhan-tao,D07,Điểm thi THPT,2024,34.5,Trí tuệ nhân tạo
102326,KHA,tri-tue-nhan-tao,A00,Điểm thi THPT,2025,25.44,Trí tuệ nhân tạo
102327,KHA,tri-tue-nhan-tao,A01,Điểm thi THPT,2025,25.44,Trí tuệ nhân tạo
102328,KHA,tri-tue-nhan-tao,D01,Điểm thi THPT,2025,25.44,Trí tuệ nhân tạo
102329,KHA,tri-tue-nhan-tao,D07,Điểm thi THPT,2025,25.44,Trí tuệ nhân tạo
102330,KHA,truyen-thong-marketing,A01,Điểm thi THPT,2024,37.49,Truyền thông Marketing
102331,KHA,truyen-thong-marketing,D01,Điểm thi THPT,2024,37.49,Truyền thông Marketing
102332,KHA,truyen-thong-marketing,D07,Điểm thi THPT,2024,37.49,Truyền thông Marketing
102333,KHA,truyen-thong-marketing,D09,Điểm thi THPT,2024,37.49,Truyền thông Marketing
102334,KHA,truyen-thong-marketing,A00,Điểm thi THPT,2025,27.61,Truyền thông Marketing
102335,KHA,truyen-thong-marketing,A01,Điểm thi THPT,2025,27.61,Truyền thông Marketing
102336,KHA,truyen-thong-marketing,D01,Điểm thi THPT,2025,27.61,Truyền thông Marketing
102337,KHA,truyen-thong-marketing,D07,Điểm thi THPT,2025,27.61,Truyền thông Marketing
102338,KMA,an-toan-thong-tin,A00,Điểm thi THPT,2021,25.1,An toàn thông tin
102339,KMA,an-toan-thong-tin,A01,Điểm thi THPT,2021,25.1,An toàn thông tin
102340,KMA,an-toan-thong-tin,D90,Điểm thi THPT,2021,25.1,An toàn thông tin
102341,KMA,an-toan-thong-tin,A00,Điểm thi THPT,2022,24.75,An toàn thông tin
102342,KMA,an-toan-thong-tin,A01,Điểm thi THPT,2022,24.75,An toàn thông tin
102343,KMA,an-toan-thong-tin,D90,Điểm thi THPT,2022,24.75,An toàn thông tin
102344,KMA,an-toan-thong-tin,A00,Điểm thi THPT,2023,25.0,An toàn thông tin
102345,KMA,an-toan-thong-tin,A01,Điểm thi THPT,2023,25.0,An toàn thông tin
102346,KMA,an-toan-thong-tin,D90,Điểm thi THPT,2023,25.0,An toàn thông tin
102347,KMA,an-toan-thong-tin,A00,Điểm thi THPT,2024,24.85,An toàn thông tin
102348,KMA,an-toan-thong-tin,A01,Điểm thi THPT,2024,24.85,An toàn thông tin
102349,KMA,an-toan-thong-tin,D90,Điểm thi THPT,2024,24.85,An toàn thông tin
102350,KMA,an-toan-thong-tin,A00,Điểm thi THPT,2025,23.2,An toàn thông tin
102351,KMA,an-toan-thong-tin,A01,Điểm thi THPT,2025,23.2,An toàn thông tin
102352,KMA,an-toan-thong-tin,X06,Điểm thi THPT,2025,23.2,An toàn thông tin
102353,KMA,an-toan-thong-tin,X26,Điểm thi THPT,2025,23.2,An toàn thông tin
102354,KMA,cong-nghe-thong-tin,A00,Điểm thi THPT,2021,25.15,Công nghệ thông tin
102355,KMA,cong-nghe-thong-tin,A01,Điểm thi THPT,2021,25.15,Công nghệ thông tin
102356,KMA,cong-nghe-thong-tin,D90,Điểm thi THPT,2021,25.15,Công nghệ thông tin
102357,KMA,cong-nghe-thong-tin,A00,Điểm thi THPT,2022,25.3,Công nghệ thông tin
102358,KMA,cong-nghe-thong-tin,A01,Điểm thi THPT,2022,25.3,Công nghệ thông tin
102359,KMA,cong-nghe-thong-tin,D90,Điểm thi THPT,2022,25.3,Công nghệ thông tin
102360,KMA,cong-nghe-thong-tin,A00,Điểm thi THPT,2023,26.2,Công nghệ thông tin
102361,KMA,cong-nghe-thong-tin,A01,Điểm thi THPT,2023,26.2,Công nghệ thông tin
102362,KMA,cong-nghe-thong-tin,D90,Điểm thi THPT,2023,26.2,Công nghệ thông tin
102363,KMA,cong-nghe-thong-tin,A00,Điểm thi THPT,2024,26.1,Công nghệ thông tin
102364,KMA,cong-nghe-thong-tin,A01,Điểm thi THPT,2024,26.1,Công nghệ thông tin
102365,KMA,cong-nghe-thong-tin,D90,Điểm thi THPT,2024,26.1,Công nghệ thông tin
102366,KMA,cong-nghe-thong-tin,A00,Điểm thi THPT,2025,24.17,Công nghệ thông tin
102367,KMA,cong-nghe-thong-tin,A01,Điểm thi THPT,2025,24.17,Công nghệ thông tin
102368,KMA,cong-nghe-thong-tin,X06,Điểm thi THPT,2025,24.17,Công nghệ thông tin
102369,KMA,cong-nghe-thong-tin,X26,Điểm thi THPT,2025,24.17,Công nghệ thông tin
102370,KMA,ky-thuat-dien-tu-vien-thong,A00,Điểm thi THPT,2021,25.5,Kỹ thuật điện tử - viễn thông
102371,KMA,ky-thuat-dien-tu-vien-thong,A01,Điểm thi THPT,2021,25.5,Kỹ thuật điện tử - viễn thông
102372,KMA,ky-thuat-dien-tu-vien-thong,D90,Điểm thi THPT,2021,25.5,Kỹ thuật điện tử - viễn thông
102373,KMA,ky-thuat-dien-tu-vien-thong,A00,Điểm thi THPT,2022,25.1,Kỹ thuật điện tử - viễn thông
102374,KMA,ky-thuat-dien-tu-vien-thong,A01,Điểm thi THPT,2022,25.1,Kỹ thuật điện tử - viễn thông
102375,KMA,ky-thuat-dien-tu-vien-thong,D90,Điểm thi THPT,2022,25.1,Kỹ thuật điện tử - viễn thông
102376,KMA,ky-thuat-dien-tu-vien-thong,A00,Điểm thi THPT,2023,25.0,Kỹ thuật điện tử -viễn thông
102377,KMA,ky-thuat-dien-tu-vien-thong,A01,Điểm thi THPT,2023,25.0,Kỹ thuật điện tử -viễn thông
102378,KMA,ky-thuat-dien-tu-vien-thong,D90,Điểm thi THPT,2023,25.0,Kỹ thuật điện tử -viễn thông
102379,KMA,ky-thuat-dien-tu-vien-thong,A00,Điểm thi THPT,2024,25.35,Kỹ thuật điện tử - viễn thông
102380,KMA,ky-thuat-dien-tu-vien-thong,A01,Điểm thi THPT,2024,25.35,Kỹ thuật điện tử - viễn thông
102381,KMA,ky-thuat-dien-tu-vien-thong,D90,Điểm thi THPT,2024,25.35,Kỹ thuật điện tử - viễn thông
102382,KMA,ky-thuat-dien-tu-vien-thong,A00,Điểm thi THPT,2025,23.48,Kỹ thuật điện tử - viễn thông
102383,KMA,ky-thuat-dien-tu-vien-thong,A01,Điểm thi THPT,2025,23.48,Kỹ thuật điện tử - viễn thông
102384,KMA,ky-thuat-dien-tu-vien-thong,X06,Điểm thi THPT,2025,23.48,Kỹ thuật điện tử - viễn thông
102385,KQH,dao-tao-ky-su-quan-su,A00,Điểm thi THPT,2021,27.25,Đào tạo kỹ sư quân sự
102386,KQH,dao-tao-ky-su-quan-su,A01,Điểm thi THPT,2021,27.25,Đào tạo kỹ sư quân sự
102387,KQH,dao-tao-ky-su-quan-su,A00,Điểm học bạ,2022,27.15,Đào tạo kỹ sư quân sự
102388,KQH,dao-tao-ky-su-quan-su,A01,Điểm học bạ,2022,27.15,Đào tạo kỹ sư quân sự
102389,KQH,dao-tao-ky-su-quan-su,A00,Điểm thi THPT,2022,27.8,Đào tạo kỹ sư quân sự
102390,KQH,dao-tao-ky-su-quan-su,A01,Điểm thi THPT,2022,27.8,Đào tạo kỹ sư quân sự
102391,KQH,dao-tao-ky-su-quan-su,A00,Điểm học bạ,2023,24.87,Đào tạo kỹ sư quân sự
102392,KQH,dao-tao-ky-su-quan-su,A01,Điểm học bạ,2023,24.87,Đào tạo kỹ sư quân sự
102393,KQH,dao-tao-ky-su-quan-su,A00,Điểm thi THPT,2023,26.28,Đào tạo kỹ sư quân sự
102394,KQH,dao-tao-ky-su-quan-su,A01,Điểm thi THPT,2023,26.28,Đào tạo kỹ sư quân sự
102395,KQH,dao-tao-ky-su-quan-su,A00,Điểm thi THPT,2024,26.52,Đào tạo kỹ sư quân sự
102396,KQH,dao-tao-ky-su-quan-su,A01,Điểm thi THPT,2024,26.52,Đào tạo kỹ sư quân sự
102397,KQH,ky-su-quan-su,A00,Điểm thi THPT,2025,27.75,"Kỹ sư quân sự (miền Bắc, thí sinh Nam)"
102398,KQH,ky-su-quan-su,A01,Điểm thi THPT,2025,27.75,"Kỹ sư quân sự (miền Bắc, thí sinh Nam)"
102399,KQH,ky-su-quan-su,X06,Điểm thi THPT,2025,27.75,"Kỹ sư quân sự (miền Bắc, thí sinh Nam)"
102400,KSA,an-toan-thong-tin,A00,Điểm thi THPT,2023,22.49,An toàn thông tin
102401,KSA,an-toan-thong-tin,A01,Điểm thi THPT,2023,22.49,An toàn thông tin
102402,KSA,an-toan-thong-tin,D01,Điểm thi THPT,2023,22.49,An toàn thông tin
102403,KSA,an-toan-thong-tin,D07,Điểm thi THPT,2023,22.49,An toàn thông tin
102404,KSA,an-toan-thong-tin,A00,Điểm thi THPT,2024,24.8,An toàn thông tin
102405,KSA,an-toan-thong-tin,A01,Điểm thi THPT,2024,24.8,An toàn thông tin
102406,KSA,an-toan-thong-tin,D01,Điểm thi THPT,2024,24.8,An toàn thông tin
102407,KSA,an-toan-thong-tin,D07,Điểm thi THPT,2024,24.8,An toàn thông tin
102408,KSA,an-toan-thong-tin,A00,Điểm học bạ,2025,23.8,An toàn thông tin
102409,KSA,an-toan-thong-tin,A01,Điểm học bạ,2025,23.8,An toàn thông tin
102410,KSA,an-toan-thong-tin,D01,Điểm học bạ,2025,23.8,An toàn thông tin
102411,KSA,an-toan-thong-tin,D02,Điểm học bạ,2025,23.8,An toàn thông tin
102412,KSA,an-toan-thong-tin,D03,Điểm học bạ,2025,23.8,An toàn thông tin
102413,KSA,an-toan-thong-tin,D04,Điểm học bạ,2025,23.8,An toàn thông tin
102414,KSA,an-toan-thong-tin,D05,Điểm học bạ,2025,23.8,An toàn thông tin
102415,KSA,an-toan-thong-tin,D06,Điểm học bạ,2025,23.8,An toàn thông tin
102416,KSA,an-toan-thong-tin,D07,Điểm học bạ,2025,23.8,An toàn thông tin
102417,KSA,an-toan-thong-tin,D21,Điểm học bạ,2025,23.8,An toàn thông tin
102418,KSA,an-toan-thong-tin,D22,Điểm học bạ,2025,23.8,An toàn thông tin
102419,KSA,an-toan-thong-tin,D23,Điểm học bạ,2025,23.8,An toàn thông tin
102420,KSA,an-toan-thong-tin,D24,Điểm học bạ,2025,23.8,An toàn thông tin
102421,KSA,an-toan-thong-tin,D25,Điểm học bạ,2025,23.8,An toàn thông tin
102422,KSA,an-toan-thong-tin,D26,Điểm học bạ,2025,23.8,An toàn thông tin
102423,KSA,an-toan-thong-tin,D27,Điểm học bạ,2025,23.8,An toàn thông tin
102424,KSA,an-toan-thong-tin,D28,Điểm học bạ,2025,23.8,An toàn thông tin
102425,KSA,an-toan-thong-tin,D29,Điểm học bạ,2025,23.8,An toàn thông tin
102426,KSA,an-toan-thong-tin,D30,Điểm học bạ,2025,23.8,An toàn thông tin
102427,KSA,an-toan-thong-tin,A00,Điểm thi THPT,2025,23.8,An toàn thông tin
102428,KSA,an-toan-thong-tin,A01,Điểm thi THPT,2025,23.8,An toàn thông tin
102429,KSA,an-toan-thong-tin,D01,Điểm thi THPT,2025,23.8,An toàn thông tin
102430,KSA,an-toan-thong-tin,D07,Điểm thi THPT,2025,23.8,An toàn thông tin
102431,KSA,bao-hiem,A00,Điểm thi THPT,2021,25.0,Ngành Bảo hiểm
102432,KSA,bao-hiem,A01,Điểm thi THPT,2021,25.0,Ngành Bảo hiểm
102433,KSA,bao-hiem,D01,Điểm thi THPT,2021,25.0,Ngành Bảo hiểm
102434,KSA,bao-hiem,D07,Điểm thi THPT,2021,25.0,Ngành Bảo hiểm
102435,KSA,bao-hiem,A00,Điểm thi THPT,2022,24.8,Bảo hiểm
102436,KSA,bao-hiem,A01,Điểm thi THPT,2022,24.8,Bảo hiểm
102437,KSA,bao-hiem,D01,Điểm thi THPT,2022,24.8,Bảo hiểm
102438,KSA,bao-hiem,D07,Điểm thi THPT,2022,24.8,Bảo hiểm
102439,KSA,bao-hiem,A00,Điểm thi THPT,2023,24.0,Bảo hiểm
102440,KSA,bao-hiem,A01,Điểm thi THPT,2023,24.0,Bảo hiểm
102441,KSA,bao-hiem,D01,Điểm thi THPT,2023,24.0,Bảo hiểm
102442,KSA,bao-hiem,D07,Điểm thi THPT,2023,24.0,Bảo hiểm
102443,KSA,bao-hiem,A00,Điểm thi THPT,2024,24.5,Bảo hiểm
102444,KSA,bao-hiem,A01,Điểm thi THPT,2024,24.5,Bảo hiểm
102445,KSA,bao-hiem,D01,Điểm thi THPT,2024,24.5,Bảo hiểm
102446,KSA,bao-hiem,D07,Điểm thi THPT,2024,24.5,Bảo hiểm
102447,KSA,bao-hiem,A00,Điểm học bạ,2025,22.8,Bảo hiểm
102448,KSA,bao-hiem,A01,Điểm học bạ,2025,22.8,Bảo hiểm
102449,KSA,bao-hiem,D01,Điểm học bạ,2025,22.8,Bảo hiểm
102450,KSA,bao-hiem,D02,Điểm học bạ,2025,22.8,Bảo hiểm
102451,KSA,bao-hiem,D03,Điểm học bạ,2025,22.8,Bảo hiểm
102452,KSA,bao-hiem,D04,Điểm học bạ,2025,22.8,Bảo hiểm
102453,KSA,bao-hiem,D05,Điểm học bạ,2025,22.8,Bảo hiểm
102454,KSA,bao-hiem,D06,Điểm học bạ,2025,22.8,Bảo hiểm
102455,KSA,bao-hiem,D07,Điểm học bạ,2025,22.8,Bảo hiểm
102456,KSA,bao-hiem,D09,Điểm học bạ,2025,22.8,Bảo hiểm
102457,KSA,bao-hiem,D21,Điểm học bạ,2025,22.8,Bảo hiểm
102458,KSA,bao-hiem,D22,Điểm học bạ,2025,22.8,Bảo hiểm
102459,KSA,bao-hiem,D23,Điểm học bạ,2025,22.8,Bảo hiểm
102460,KSA,bao-hiem,D24,Điểm học bạ,2025,22.8,Bảo hiểm
102461,KSA,bao-hiem,D25,Điểm học bạ,2025,22.8,Bảo hiểm
102462,KSA,bao-hiem,D26,Điểm học bạ,2025,22.8,Bảo hiểm
102463,KSA,bao-hiem,D27,Điểm học bạ,2025,22.8,Bảo hiểm
102464,KSA,bao-hiem,D28,Điểm học bạ,2025,22.8,Bảo hiểm
102465,KSA,bao-hiem,D29,Điểm học bạ,2025,22.8,Bảo hiểm
102466,KSA,bao-hiem,D30,Điểm học bạ,2025,22.8,Bảo hiểm
102467,KSA,bao-hiem,D36,Điểm học bạ,2025,22.8,Bảo hiểm
102468,KSA,bao-hiem,D37,Điểm học bạ,2025,22.8,Bảo hiểm
102469,KSA,bao-hiem,D38,Điểm học bạ,2025,22.8,Bảo hiểm
102470,KSA,bao-hiem,D39,Điểm học bạ,2025,22.8,Bảo hiểm
102471,KSA,bao-hiem,D40,Điểm học bạ,2025,22.8,Bảo hiểm
102472,KSA,bao-hiem,A00,Điểm thi THPT,2025,22.8,Bảo hiểm
102473,KSA,bao-hiem,A01,Điểm thi THPT,2025,22.8,Bảo hiểm
102474,KSA,bao-hiem,D01,Điểm thi THPT,2025,22.8,Bảo hiểm
102475,KSA,bao-hiem,D07,Điểm thi THPT,2025,22.8,Bảo hiểm
102476,KSA,bao-hiem,D09,Điểm thi THPT,2025,22.8,Bảo hiểm
102477,KSA,bat-dong-san,A00,Điểm thi THPT,2021,24.2,Ngành Bất động sản
102478,KSA,bat-dong-san,A01,Điểm thi THPT,2021,24.2,Ngành Bất động sản
102479,KSA,bat-dong-san,D01,Điểm thi THPT,2021,24.2,Ngành Bất động sản
102480,KSA,bat-dong-san,D07,Điểm thi THPT,2021,24.2,Ngành Bất động sản
102481,KSA,bat-dong-san,A00,Điểm thi THPT,2022,25.1,Bất động sản
102482,KSA,bat-dong-san,A01,Điểm thi THPT,2022,25.1,Bất động sản
102483,KSA,bat-dong-san,D01,Điểm thi THPT,2022,25.1,Bất động sản
102484,KSA,bat-dong-san,D07,Điểm thi THPT,2022,25.1,Bất động sản
102485,KSA,bat-dong-san,A00,Điểm thi THPT,2023,23.8,Bất động sản
102486,KSA,bat-dong-san,A01,Điểm thi THPT,2023,23.8,Bất động sản
102487,KSA,bat-dong-san,D01,Điểm thi THPT,2023,23.8,Bất động sản
102488,KSA,bat-dong-san,D07,Điểm thi THPT,2023,23.8,Bất động sản
102489,KSA,bat-dong-san,A00,Điểm thi THPT,2024,24.5,Bất động sản
102490,KSA,bat-dong-san,A01,Điểm thi THPT,2024,24.5,Bất động sản
102491,KSA,bat-dong-san,D01,Điểm thi THPT,2024,24.5,Bất động sản
102492,KSA,bat-dong-san,D07,Điểm thi THPT,2024,24.5,Bất động sản
102493,KSA,bat-dong-san,A00,Điểm học bạ,2025,25.62,Bất động sản
102494,KSA,bat-dong-san,A01,Điểm học bạ,2025,25.62,Bất động sản
102495,KSA,bat-dong-san,D01,Điểm học bạ,2025,25.62,Bất động sản
102496,KSA,bat-dong-san,D02,Điểm học bạ,2025,25.62,Bất động sản
102497,KSA,bat-dong-san,D03,Điểm học bạ,2025,25.62,Bất động sản
102498,KSA,bat-dong-san,D04,Điểm học bạ,2025,25.62,Bất động sản
102499,KSA,bat-dong-san,D05,Điểm học bạ,2025,25.62,Bất động sản
102500,KSA,bat-dong-san,D06,Điểm học bạ,2025,25.62,Bất động sản
102501,KSA,bat-dong-san,D07,Điểm học bạ,2025,25.62,Bất động sản
102502,KSA,bat-dong-san,D09,Điểm học bạ,2025,25.62,Bất động sản
102503,KSA,bat-dong-san,D21,Điểm học bạ,2025,25.62,Bất động sản
102504,KSA,bat-dong-san,D22,Điểm học bạ,2025,25.62,Bất động sản
102505,KSA,bat-dong-san,D23,Điểm học bạ,2025,25.62,Bất động sản
102506,KSA,bat-dong-san,D24,Điểm học bạ,2025,25.62,Bất động sản
102507,KSA,bat-dong-san,D25,Điểm học bạ,2025,25.62,Bất động sản
102508,KSA,bat-dong-san,D26,Điểm học bạ,2025,25.62,Bất động sản
102509,KSA,bat-dong-san,D27,Điểm học bạ,2025,25.62,Bất động sản
102510,KSA,bat-dong-san,D28,Điểm học bạ,2025,25.62,Bất động sản
102511,KSA,bat-dong-san,D29,Điểm học bạ,2025,25.62,Bất động sản
102512,KSA,bat-dong-san,D30,Điểm học bạ,2025,25.62,Bất động sản
102513,KSA,bat-dong-san,D36,Điểm học bạ,2025,25.62,Bất động sản
102514,KSA,bat-dong-san,D37,Điểm học bạ,2025,25.62,Bất động sản
102515,KSA,bat-dong-san,D38,Điểm học bạ,2025,25.62,Bất động sản
102516,KSA,bat-dong-san,D39,Điểm học bạ,2025,25.62,Bất động sản
102517,KSA,bat-dong-san,D40,Điểm học bạ,2025,25.62,Bất động sản
102518,KSA,bat-dong-san,A00,Điểm thi THPT,2025,22.8,Bất động sản
102519,KSA,bat-dong-san,A01,Điểm thi THPT,2025,22.8,Bất động sản
102520,KSA,bat-dong-san,D01,Điểm thi THPT,2025,22.8,Bất động sản
102521,KSA,bat-dong-san,D07,Điểm thi THPT,2025,22.8,Bất động sản
102522,KSA,bat-dong-san,D09,Điểm thi THPT,2025,22.8,Bất động sản
102523,KSA,chuong-trinh-ke-toan-tich-hop-chung-chi-nghe-nghiep-quoc-te,A00,Điểm thi THPT,2023,24.9,Chương trình Kế toán tích hợp chứng chỉ nghề nghiệp quốc tế
102524,KSA,chuong-trinh-ke-toan-tich-hop-chung-chi-nghe-nghiep-quoc-te,A01,Điểm thi THPT,2023,24.9,Chương trình Kế toán tích hợp chứng chỉ nghề nghiệp quốc tế
102525,KSA,chuong-trinh-ke-toan-tich-hop-chung-chi-nghe-nghiep-quoc-te,D01,Điểm thi THPT,2023,24.9,Chương trình Kế toán tích hợp chứng chỉ nghề nghiệp quốc tế
102526,KSA,chuong-trinh-ke-toan-tich-hop-chung-chi-nghe-nghiep-quoc-te,D07,Điểm thi THPT,2023,24.9,Chương trình Kế toán tích hợp chứng chỉ nghề nghiệp quốc tế
102527,KSA,chuong-trinh-ke-toan-tich-hop-chung-chi-nghe-nghiep-quoc-te,A00,Điểm thi THPT,2024,25.2,Chương trình Kế toán tích hợp chứng chỉ nghề nghiệp quốc tế (của tổ chức nghề nghiệp ICAEW và ACCA)
102528,KSA,chuong-trinh-ke-toan-tich-hop-chung-chi-nghe-nghiep-quoc-te,A01,Điểm thi THPT,2024,25.2,Chương trình Kế toán tích hợp chứng chỉ nghề nghiệp quốc tế (của tổ chức nghề nghiệp ICAEW và ACCA)
102529,KSA,chuong-trinh-ke-toan-tich-hop-chung-chi-nghe-nghiep-quoc-te,D01,Điểm thi THPT,2024,25.2,Chương trình Kế toán tích hợp chứng chỉ nghề nghiệp quốc tế (của tổ chức nghề nghiệp ICAEW và ACCA)
102530,KSA,chuong-trinh-ke-toan-tich-hop-chung-chi-nghe-nghiep-quoc-te,D07,Điểm thi THPT,2024,25.2,Chương trình Kế toán tích hợp chứng chỉ nghề nghiệp quốc tế (của tổ chức nghề nghiệp ICAEW và ACCA)
102531,KSA,chuong-trinh-ke-toan-tich-hop-chung-chi-nghe-nghiep-quoc-te-acca,A00,Điểm học bạ,2025,23.2,Chương trình Kế toán tích hợp chứng chỉ nghề nghiệp quốc tế ACCA
102532,KSA,chuong-trinh-ke-toan-tich-hop-chung-chi-nghe-nghiep-quoc-te-acca,A01,Điểm học bạ,2025,23.2,Chương trình Kế toán tích hợp chứng chỉ nghề nghiệp quốc tế ACCA
102533,KSA,chuong-trinh-ke-toan-tich-hop-chung-chi-nghe-nghiep-quoc-te-acca,D01,Điểm học bạ,2025,23.2,Chương trình Kế toán tích hợp chứng chỉ nghề nghiệp quốc tế ACCA
102534,KSA,chuong-trinh-ke-toan-tich-hop-chung-chi-nghe-nghiep-quoc-te-acca,D02,Điểm học bạ,2025,23.2,Chương trình Kế toán tích hợp chứng chỉ nghề nghiệp quốc tế ACCA
102535,KSA,chuong-trinh-ke-toan-tich-hop-chung-chi-nghe-nghiep-quoc-te-acca,D03,Điểm học bạ,2025,23.2,Chương trình Kế toán tích hợp chứng chỉ nghề nghiệp quốc tế ACCA
102536,KSA,chuong-trinh-ke-toan-tich-hop-chung-chi-nghe-nghiep-quoc-te-acca,D04,Điểm học bạ,2025,23.2,Chương trình Kế toán tích hợp chứng chỉ nghề nghiệp quốc tế ACCA
102537,KSA,chuong-trinh-ke-toan-tich-hop-chung-chi-nghe-nghiep-quoc-te-acca,D05,Điểm học bạ,2025,23.2,Chương trình Kế toán tích hợp chứng chỉ nghề nghiệp quốc tế ACCA
102538,KSA,chuong-trinh-ke-toan-tich-hop-chung-chi-nghe-nghiep-quoc-te-acca,D06,Điểm học bạ,2025,23.2,Chương trình Kế toán tích hợp chứng chỉ nghề nghiệp quốc tế ACCA
102539,KSA,chuong-trinh-ke-toan-tich-hop-chung-chi-nghe-nghiep-quoc-te-acca,D07,Điểm học bạ,2025,23.2,Chương trình Kế toán tích hợp chứng chỉ nghề nghiệp quốc tế ACCA
102540,KSA,chuong-trinh-ke-toan-tich-hop-chung-chi-nghe-nghiep-quoc-te-acca,D09,Điểm học bạ,2025,23.2,Chương trình Kế toán tích hợp chứng chỉ nghề nghiệp quốc tế ACCA
102541,KSA,chuong-trinh-ke-toan-tich-hop-chung-chi-nghe-nghiep-quoc-te-acca,D21,Điểm học bạ,2025,23.2,Chương trình Kế toán tích hợp chứng chỉ nghề nghiệp quốc tế ACCA
102542,KSA,chuong-trinh-ke-toan-tich-hop-chung-chi-nghe-nghiep-quoc-te-acca,D22,Điểm học bạ,2025,23.2,Chương trình Kế toán tích hợp chứng chỉ nghề nghiệp quốc tế ACCA
102543,KSA,chuong-trinh-ke-toan-tich-hop-chung-chi-nghe-nghiep-quoc-te-acca,D23,Điểm học bạ,2025,23.2,Chương trình Kế toán tích hợp chứng chỉ nghề nghiệp quốc tế ACCA
102544,KSA,chuong-trinh-ke-toan-tich-hop-chung-chi-nghe-nghiep-quoc-te-acca,D24,Điểm học bạ,2025,23.2,Chương trình Kế toán tích hợp chứng chỉ nghề nghiệp quốc tế ACCA
102545,KSA,chuong-trinh-ke-toan-tich-hop-chung-chi-nghe-nghiep-quoc-te-acca,D25,Điểm học bạ,2025,23.2,Chương trình Kế toán tích hợp chứng chỉ nghề nghiệp quốc tế ACCA
102546,KSA,chuong-trinh-ke-toan-tich-hop-chung-chi-nghe-nghiep-quoc-te-acca,D26,Điểm học bạ,2025,23.2,Chương trình Kế toán tích hợp chứng chỉ nghề nghiệp quốc tế ACCA
102547,KSA,chuong-trinh-ke-toan-tich-hop-chung-chi-nghe-nghiep-quoc-te-acca,D27,Điểm học bạ,2025,23.2,Chương trình Kế toán tích hợp chứng chỉ nghề nghiệp quốc tế ACCA
102548,KSA,chuong-trinh-ke-toan-tich-hop-chung-chi-nghe-nghiep-quoc-te-acca,D28,Điểm học bạ,2025,23.2,Chương trình Kế toán tích hợp chứng chỉ nghề nghiệp quốc tế ACCA
102549,KSA,chuong-trinh-ke-toan-tich-hop-chung-chi-nghe-nghiep-quoc-te-acca,D29,Điểm học bạ,2025,23.2,Chương trình Kế toán tích hợp chứng chỉ nghề nghiệp quốc tế ACCA
102550,KSA,chuong-trinh-ke-toan-tich-hop-chung-chi-nghe-nghiep-quoc-te-acca,D30,Điểm học bạ,2025,23.2,Chương trình Kế toán tích hợp chứng chỉ nghề nghiệp quốc tế ACCA
102551,KSA,chuong-trinh-ke-toan-tich-hop-chung-chi-nghe-nghiep-quoc-te-acca,D36,Điểm học bạ,2025,23.2,Chương trình Kế toán tích hợp chứng chỉ nghề nghiệp quốc tế ACCA
102552,KSA,chuong-trinh-ke-toan-tich-hop-chung-chi-nghe-nghiep-quoc-te-acca,D37,Điểm học bạ,2025,23.2,Chương trình Kế toán tích hợp chứng chỉ nghề nghiệp quốc tế ACCA
102553,KSA,chuong-trinh-ke-toan-tich-hop-chung-chi-nghe-nghiep-quoc-te-acca,D38,Điểm học bạ,2025,23.2,Chương trình Kế toán tích hợp chứng chỉ nghề nghiệp quốc tế ACCA
102554,KSA,chuong-trinh-ke-toan-tich-hop-chung-chi-nghe-nghiep-quoc-te-acca,D39,Điểm học bạ,2025,23.2,Chương trình Kế toán tích hợp chứng chỉ nghề nghiệp quốc tế ACCA
102555,KSA,chuong-trinh-ke-toan-tich-hop-chung-chi-nghe-nghiep-quoc-te-acca,D40,Điểm học bạ,2025,23.2,Chương trình Kế toán tích hợp chứng chỉ nghề nghiệp quốc tế ACCA
102556,KSA,chuong-trinh-ke-toan-tich-hop-chung-chi-nghe-nghiep-quoc-te-acca,A00,Điểm thi THPT,2025,23.2,Chương trình Kế toán tích hợp chứng chỉ nghề nghiệp quốc tế ACCA
102557,KSA,chuong-trinh-ke-toan-tich-hop-chung-chi-nghe-nghiep-quoc-te-acca,A01,Điểm thi THPT,2025,23.2,Chương trình Kế toán tích hợp chứng chỉ nghề nghiệp quốc tế ACCA
102558,KSA,chuong-trinh-ke-toan-tich-hop-chung-chi-nghe-nghiep-quoc-te-acca,D01,Điểm thi THPT,2025,23.2,Chương trình Kế toán tích hợp chứng chỉ nghề nghiệp quốc tế ACCA
102559,KSA,chuong-trinh-ke-toan-tich-hop-chung-chi-nghe-nghiep-quoc-te-acca,D07,Điểm thi THPT,2025,23.2,Chương trình Kế toán tích hợp chứng chỉ nghề nghiệp quốc tế ACCA
102560,KSA,chuong-trinh-ke-toan-tich-hop-chung-chi-nghe-nghiep-quoc-te-acca,D09,Điểm thi THPT,2025,23.2,Chương trình Kế toán tích hợp chứng chỉ nghề nghiệp quốc tế ACCA
102561,KSA,chuong-trinh-ke-toan-tich-hop-chung-chi-nghe-nghiep-quoc-te-icaew,A00,Điểm học bạ,2025,23.0,Chương trình Kế toán tích hợp chứng chỉ nghề nghiệp quốc tế ICAEW
102562,KSA,chuong-trinh-ke-toan-tich-hop-chung-chi-nghe-nghiep-quoc-te-icaew,A01,Điểm học bạ,2025,23.0,Chương trình Kế toán tích hợp chứng chỉ nghề nghiệp quốc tế ICAEW
102563,KSA,chuong-trinh-ke-toan-tich-hop-chung-chi-nghe-nghiep-quoc-te-icaew,D01,Điểm học bạ,2025,23.0,Chương trình Kế toán tích hợp chứng chỉ nghề nghiệp quốc tế ICAEW
102564,KSA,chuong-trinh-ke-toan-tich-hop-chung-chi-nghe-nghiep-quoc-te-icaew,D02,Điểm học bạ,2025,23.0,Chương trình Kế toán tích hợp chứng chỉ nghề nghiệp quốc tế ICAEW
102565,KSA,chuong-trinh-ke-toan-tich-hop-chung-chi-nghe-nghiep-quoc-te-icaew,D03,Điểm học bạ,2025,23.0,Chương trình Kế toán tích hợp chứng chỉ nghề nghiệp quốc tế ICAEW
102566,KSA,chuong-trinh-ke-toan-tich-hop-chung-chi-nghe-nghiep-quoc-te-icaew,D04,Điểm học bạ,2025,23.0,Chương trình Kế toán tích hợp chứng chỉ nghề nghiệp quốc tế ICAEW
102567,KSA,chuong-trinh-ke-toan-tich-hop-chung-chi-nghe-nghiep-quoc-te-icaew,D05,Điểm học bạ,2025,23.0,Chương trình Kế toán tích hợp chứng chỉ nghề nghiệp quốc tế ICAEW
102568,KSA,chuong-trinh-ke-toan-tich-hop-chung-chi-nghe-nghiep-quoc-te-icaew,D06,Điểm học bạ,2025,23.0,Chương trình Kế toán tích hợp chứng chỉ nghề nghiệp quốc tế ICAEW
102569,KSA,chuong-trinh-ke-toan-tich-hop-chung-chi-nghe-nghiep-quoc-te-icaew,D07,Điểm học bạ,2025,23.0,Chương trình Kế toán tích hợp chứng chỉ nghề nghiệp quốc tế ICAEW
102570,KSA,chuong-trinh-ke-toan-tich-hop-chung-chi-nghe-nghiep-quoc-te-icaew,D09,Điểm học bạ,2025,23.0,Chương trình Kế toán tích hợp chứng chỉ nghề nghiệp quốc tế ICAEW
102571,KSA,chuong-trinh-ke-toan-tich-hop-chung-chi-nghe-nghiep-quoc-te-icaew,D21,Điểm học bạ,2025,23.0,Chương trình Kế toán tích hợp chứng chỉ nghề nghiệp quốc tế ICAEW
102572,KSA,chuong-trinh-ke-toan-tich-hop-chung-chi-nghe-nghiep-quoc-te-icaew,D22,Điểm học bạ,2025,23.0,Chương trình Kế toán tích hợp chứng chỉ nghề nghiệp quốc tế ICAEW
102573,KSA,chuong-trinh-ke-toan-tich-hop-chung-chi-nghe-nghiep-quoc-te-icaew,D23,Điểm học bạ,2025,23.0,Chương trình Kế toán tích hợp chứng chỉ nghề nghiệp quốc tế ICAEW
102574,KSA,chuong-trinh-ke-toan-tich-hop-chung-chi-nghe-nghiep-quoc-te-icaew,D24,Điểm học bạ,2025,23.0,Chương trình Kế toán tích hợp chứng chỉ nghề nghiệp quốc tế ICAEW
102575,KSA,chuong-trinh-ke-toan-tich-hop-chung-chi-nghe-nghiep-quoc-te-icaew,D25,Điểm học bạ,2025,23.0,Chương trình Kế toán tích hợp chứng chỉ nghề nghiệp quốc tế ICAEW
102576,KSA,chuong-trinh-ke-toan-tich-hop-chung-chi-nghe-nghiep-quoc-te-icaew,D26,Điểm học bạ,2025,23.0,Chương trình Kế toán tích hợp chứng chỉ nghề nghiệp quốc tế ICAEW
102577,KSA,chuong-trinh-ke-toan-tich-hop-chung-chi-nghe-nghiep-quoc-te-icaew,D27,Điểm học bạ,2025,23.0,Chương trình Kế toán tích hợp chứng chỉ nghề nghiệp quốc tế ICAEW
102578,KSA,chuong-trinh-ke-toan-tich-hop-chung-chi-nghe-nghiep-quoc-te-icaew,D28,Điểm học bạ,2025,23.0,Chương trình Kế toán tích hợp chứng chỉ nghề nghiệp quốc tế ICAEW
102579,KSA,chuong-trinh-ke-toan-tich-hop-chung-chi-nghe-nghiep-quoc-te-icaew,D29,Điểm học bạ,2025,23.0,Chương trình Kế toán tích hợp chứng chỉ nghề nghiệp quốc tế ICAEW
102580,KSA,chuong-trinh-ke-toan-tich-hop-chung-chi-nghe-nghiep-quoc-te-icaew,D30,Điểm học bạ,2025,23.0,Chương trình Kế toán tích hợp chứng chỉ nghề nghiệp quốc tế ICAEW
102581,KSA,chuong-trinh-ke-toan-tich-hop-chung-chi-nghe-nghiep-quoc-te-icaew,D36,Điểm học bạ,2025,23.0,Chương trình Kế toán tích hợp chứng chỉ nghề nghiệp quốc tế ICAEW
102582,KSA,chuong-trinh-ke-toan-tich-hop-chung-chi-nghe-nghiep-quoc-te-icaew,D37,Điểm học bạ,2025,23.0,Chương trình Kế toán tích hợp chứng chỉ nghề nghiệp quốc tế ICAEW
102583,KSA,chuong-trinh-ke-toan-tich-hop-chung-chi-nghe-nghiep-quoc-te-icaew,D38,Điểm học bạ,2025,23.0,Chương trình Kế toán tích hợp chứng chỉ nghề nghiệp quốc tế ICAEW
102584,KSA,chuong-trinh-ke-toan-tich-hop-chung-chi-nghe-nghiep-quoc-te-icaew,D39,Điểm học bạ,2025,23.0,Chương trình Kế toán tích hợp chứng chỉ nghề nghiệp quốc tế ICAEW
102585,KSA,chuong-trinh-ke-toan-tich-hop-chung-chi-nghe-nghiep-quoc-te-icaew,D40,Điểm học bạ,2025,23.0,Chương trình Kế toán tích hợp chứng chỉ nghề nghiệp quốc tế ICAEW
102586,KSA,chuong-trinh-ke-toan-tich-hop-chung-chi-nghe-nghiep-quoc-te-icaew,A00,Điểm thi THPT,2025,23.0,Chương trình Kế toán tích hợp chứng chỉ nghề nghiệp quốc tế ICAEW
102587,KSA,chuong-trinh-ke-toan-tich-hop-chung-chi-nghe-nghiep-quoc-te-icaew,A01,Điểm thi THPT,2025,23.0,Chương trình Kế toán tích hợp chứng chỉ nghề nghiệp quốc tế ICAEW
102588,KSA,chuong-trinh-ke-toan-tich-hop-chung-chi-nghe-nghiep-quoc-te-icaew,D01,Điểm thi THPT,2025,23.0,Chương trình Kế toán tích hợp chứng chỉ nghề nghiệp quốc tế ICAEW
102589,KSA,chuong-trinh-ke-toan-tich-hop-chung-chi-nghe-nghiep-quoc-te-icaew,D07,Điểm thi THPT,2025,23.0,Chương trình Kế toán tích hợp chứng chỉ nghề nghiệp quốc tế ICAEW
102590,KSA,chuong-trinh-ke-toan-tich-hop-chung-chi-nghe-nghiep-quoc-te-icaew,D09,Điểm thi THPT,2025,23.0,Chương trình Kế toán tích hợp chứng chỉ nghề nghiệp quốc tế ICAEW
102591,KSA,chuong-trinh-ke-toan-tich-hop-chung-chi-quoc-te-icaew-cfab-plus,A00,Điểm thi THPT,2022,23.1,Chương trình kế toán tích hợp chứng chỉ quốc tế ICAEW CFAB plus
102592,KSA,chuong-trinh-ke-toan-tich-hop-chung-chi-quoc-te-icaew-cfab-plus,A01,Điểm thi THPT,2022,23.1,Chương trình kế toán tích hợp chứng chỉ quốc tế ICAEW CFAB plus
102593,KSA,chuong-trinh-ke-toan-tich-hop-chung-chi-quoc-te-icaew-cfab-plus,D01,Điểm thi THPT,2022,23.1,Chương trình kế toán tích hợp chứng chỉ quốc tế ICAEW CFAB plus
102594,KSA,chuong-trinh-ke-toan-tich-hop-chung-chi-quoc-te-icaew-cfab-plus,D07,Điểm thi THPT,2022,23.1,Chương trình kế toán tích hợp chứng chỉ quốc tế ICAEW CFAB plus
102595,KSA,cong-nghe-logistics,A00,Điểm thi THPT,2023,26.09,Công nghệ Logistics
102596,KSA,cong-nghe-logistics,A01,Điểm thi THPT,2023,26.09,Công nghệ Logistics
102597,KSA,cong-nghe-logistics,D01,Điểm thi THPT,2023,26.09,Công nghệ Logistics
102598,KSA,cong-nghe-logistics,D07,Điểm thi THPT,2023,26.09,Công nghệ Logistics
102599,KSA,cong-nghe-logistics,A00,Điểm thi THPT,2024,26.3,Công nghệ Logistics (hệ kỹ sư)
102600,KSA,cong-nghe-logistics,A01,Điểm thi THPT,2024,26.3,Công nghệ Logistics (hệ kỹ sư)
102601,KSA,cong-nghe-logistics,D01,Điểm thi THPT,2024,26.3,Công nghệ Logistics (hệ kỹ sư)
102602,KSA,cong-nghe-logistics,D07,Điểm thi THPT,2024,26.3,Công nghệ Logistics (hệ kỹ sư)
102603,KSA,cong-nghe-logistics,A00,Điểm học bạ,2025,25.4,Công nghệ Logistics
102604,KSA,cong-nghe-logistics,A01,Điểm học bạ,2025,25.4,Công nghệ Logistics
102605,KSA,cong-nghe-logistics,D01,Điểm học bạ,2025,25.4,Công nghệ Logistics
102606,KSA,cong-nghe-logistics,D02,Điểm học bạ,2025,25.4,Công nghệ Logistics
102607,KSA,cong-nghe-logistics,D03,Điểm học bạ,2025,25.4,Công nghệ Logistics
102608,KSA,cong-nghe-logistics,D04,Điểm học bạ,2025,25.4,Công nghệ Logistics
102609,KSA,cong-nghe-logistics,D05,Điểm học bạ,2025,25.4,Công nghệ Logistics
102610,KSA,cong-nghe-logistics,D06,Điểm học bạ,2025,25.4,Công nghệ Logistics
102611,KSA,cong-nghe-logistics,D07,Điểm học bạ,2025,25.4,Công nghệ Logistics
102612,KSA,cong-nghe-logistics,D21,Điểm học bạ,2025,25.4,Công nghệ Logistics
102613,KSA,cong-nghe-logistics,D22,Điểm học bạ,2025,25.4,Công nghệ Logistics
102614,KSA,cong-nghe-logistics,D23,Điểm học bạ,2025,25.4,Công nghệ Logistics
102615,KSA,cong-nghe-logistics,D24,Điểm học bạ,2025,25.4,Công nghệ Logistics
102616,KSA,cong-nghe-logistics,D25,Điểm học bạ,2025,25.4,Công nghệ Logistics
102617,KSA,cong-nghe-logistics,D26,Điểm học bạ,2025,25.4,Công nghệ Logistics
102618,KSA,cong-nghe-logistics,D27,Điểm học bạ,2025,25.4,Công nghệ Logistics
102619,KSA,cong-nghe-logistics,D28,Điểm học bạ,2025,25.4,Công nghệ Logistics
102620,KSA,cong-nghe-logistics,D29,Điểm học bạ,2025,25.4,Công nghệ Logistics
102621,KSA,cong-nghe-logistics,D30,Điểm học bạ,2025,25.4,Công nghệ Logistics
102622,KSA,cong-nghe-logistics,A00,Điểm thi THPT,2025,25.4,Công nghệ Logistics
102623,KSA,cong-nghe-logistics,A01,Điểm thi THPT,2025,25.4,Công nghệ Logistics
102624,KSA,cong-nghe-logistics,D01,Điểm thi THPT,2025,25.4,Công nghệ Logistics
102625,KSA,cong-nghe-logistics,D07,Điểm thi THPT,2025,25.4,Công nghệ Logistics
102626,KSA,cong-nghe-marketing,A00,Điểm thi THPT,2023,27.2,Công nghệ marketing
102627,KSA,cong-nghe-marketing,A01,Điểm thi THPT,2023,27.2,Công nghệ marketing
102628,KSA,cong-nghe-marketing,D01,Điểm thi THPT,2023,27.2,Công nghệ marketing
102629,KSA,cong-nghe-marketing,D07,Điểm thi THPT,2023,27.2,Công nghệ marketing
102630,KSA,cong-nghe-marketing,A00,Điểm thi THPT,2024,27.2,Công nghệ marketing
102631,KSA,cong-nghe-marketing,A01,Điểm thi THPT,2024,27.2,Công nghệ marketing
102632,KSA,cong-nghe-marketing,D01,Điểm thi THPT,2024,27.2,Công nghệ marketing
102633,KSA,cong-nghe-marketing,D07,Điểm thi THPT,2024,27.2,Công nghệ marketing
102634,KSA,cong-nghe-marketing,A00,Điểm học bạ,2025,26.65,Công nghệ Marketing
102635,KSA,cong-nghe-marketing,A01,Điểm học bạ,2025,26.65,Công nghệ Marketing
102636,KSA,cong-nghe-marketing,D01,Điểm học bạ,2025,26.65,Công nghệ Marketing
102637,KSA,cong-nghe-marketing,D02,Điểm học bạ,2025,26.65,Công nghệ Marketing
102638,KSA,cong-nghe-marketing,D03,Điểm học bạ,2025,26.65,Công nghệ Marketing
102639,KSA,cong-nghe-marketing,D04,Điểm học bạ,2025,26.65,Công nghệ Marketing
102640,KSA,cong-nghe-marketing,D05,Điểm học bạ,2025,26.65,Công nghệ Marketing
102641,KSA,cong-nghe-marketing,D06,Điểm học bạ,2025,26.65,Công nghệ Marketing
102642,KSA,cong-nghe-marketing,D07,Điểm học bạ,2025,26.65,Công nghệ Marketing
102643,KSA,cong-nghe-marketing,D09,Điểm học bạ,2025,26.65,Công nghệ Marketing
102644,KSA,cong-nghe-marketing,D21,Điểm học bạ,2025,26.65,Công nghệ Marketing
102645,KSA,cong-nghe-marketing,D22,Điểm học bạ,2025,26.65,Công nghệ Marketing
102646,KSA,cong-nghe-marketing,D23,Điểm học bạ,2025,26.65,Công nghệ Marketing
102647,KSA,cong-nghe-marketing,D24,Điểm học bạ,2025,26.65,Công nghệ Marketing
102648,KSA,cong-nghe-marketing,D25,Điểm học bạ,2025,26.65,Công nghệ Marketing
102649,KSA,cong-nghe-marketing,D26,Điểm học bạ,2025,26.65,Công nghệ Marketing
102650,KSA,cong-nghe-marketing,D27,Điểm học bạ,2025,26.65,Công nghệ Marketing
102651,KSA,cong-nghe-marketing,D28,Điểm học bạ,2025,26.65,Công nghệ Marketing
102652,KSA,cong-nghe-marketing,D29,Điểm học bạ,2025,26.65,Công nghệ Marketing
102653,KSA,cong-nghe-marketing,D30,Điểm học bạ,2025,26.65,Công nghệ Marketing
102654,KSA,cong-nghe-marketing,D36,Điểm học bạ,2025,26.65,Công nghệ Marketing
102655,KSA,cong-nghe-marketing,D37,Điểm học bạ,2025,26.65,Công nghệ Marketing
102656,KSA,cong-nghe-marketing,D38,Điểm học bạ,2025,26.65,Công nghệ Marketing
102657,KSA,cong-nghe-marketing,D39,Điểm học bạ,2025,26.65,Công nghệ Marketing
102658,KSA,cong-nghe-marketing,D40,Điểm học bạ,2025,26.65,Công nghệ Marketing
102659,KSA,cong-nghe-marketing,A00,Điểm thi THPT,2025,26.65,Công nghệ Marketing
102660,KSA,cong-nghe-marketing,A01,Điểm thi THPT,2025,26.65,Công nghệ Marketing
102661,KSA,cong-nghe-marketing,D01,Điểm thi THPT,2025,26.65,Công nghệ Marketing
102662,KSA,cong-nghe-marketing,D07,Điểm thi THPT,2025,26.65,Công nghệ Marketing
102663,KSA,cong-nghe-marketing,D09,Điểm thi THPT,2025,26.65,Công nghệ Marketing
102664,KSA,cong-nghe-nghe-thuat,A00,Điểm thi THPT,2024,26.23,Công nghệ nghệ thuật (Arttech)
102665,KSA,cong-nghe-nghe-thuat,A01,Điểm thi THPT,2024,26.23,Công nghệ nghệ thuật (Arttech)
102666,KSA,cong-nghe-nghe-thuat,D01,Điểm thi THPT,2024,26.23,Công nghệ nghệ thuật (Arttech)
102667,KSA,cong-nghe-nghe-thuat,D07,Điểm thi THPT,2024,26.23,Công nghệ nghệ thuật (Arttech)
102668,KSA,cong-nghe-nghe-thuat,A00,Điểm học bạ,2025,27.98,Công nghệ nghệ thuật
102669,KSA,cong-nghe-nghe-thuat,A01,Điểm học bạ,2025,27.98,Công nghệ nghệ thuật
102670,KSA,cong-nghe-nghe-thuat,D01,Điểm học bạ,2025,27.98,Công nghệ nghệ thuật
102671,KSA,cong-nghe-nghe-thuat,D02,Điểm học bạ,2025,27.98,Công nghệ nghệ thuật
102672,KSA,cong-nghe-nghe-thuat,D03,Điểm học bạ,2025,27.98,Công nghệ nghệ thuật
102673,KSA,cong-nghe-nghe-thuat,D04,Điểm học bạ,2025,27.98,Công nghệ nghệ thuật
102674,KSA,cong-nghe-nghe-thuat,D05,Điểm học bạ,2025,27.98,Công nghệ nghệ thuật
102675,KSA,cong-nghe-nghe-thuat,D06,Điểm học bạ,2025,27.98,Công nghệ nghệ thuật
102676,KSA,cong-nghe-nghe-thuat,D07,Điểm học bạ,2025,27.98,Công nghệ nghệ thuật
102677,KSA,cong-nghe-nghe-thuat,D21,Điểm học bạ,2025,27.98,Công nghệ nghệ thuật
102678,KSA,cong-nghe-nghe-thuat,D22,Điểm học bạ,2025,27.98,Công nghệ nghệ thuật
102679,KSA,cong-nghe-nghe-thuat,D23,Điểm học bạ,2025,27.98,Công nghệ nghệ thuật
102680,KSA,cong-nghe-nghe-thuat,D24,Điểm học bạ,2025,27.98,Công nghệ nghệ thuật
102681,KSA,cong-nghe-nghe-thuat,D25,Điểm học bạ,2025,27.98,Công nghệ nghệ thuật
102682,KSA,cong-nghe-nghe-thuat,D26,Điểm học bạ,2025,27.98,Công nghệ nghệ thuật
102683,KSA,cong-nghe-nghe-thuat,D27,Điểm học bạ,2025,27.98,Công nghệ nghệ thuật
102684,KSA,cong-nghe-nghe-thuat,D28,Điểm học bạ,2025,27.98,Công nghệ nghệ thuật
102685,KSA,cong-nghe-nghe-thuat,D29,Điểm học bạ,2025,27.98,Công nghệ nghệ thuật
102686,KSA,cong-nghe-nghe-thuat,D30,Điểm học bạ,2025,27.98,Công nghệ nghệ thuật
102687,KSA,cong-nghe-nghe-thuat,A00,Điểm thi THPT,2025,24.9,Công nghệ nghệ thuật
102688,KSA,cong-nghe-nghe-thuat,A01,Điểm thi THPT,2025,24.9,Công nghệ nghệ thuật
102689,KSA,cong-nghe-nghe-thuat,D01,Điểm thi THPT,2025,24.9,Công nghệ nghệ thuật
102690,KSA,cong-nghe-nghe-thuat,D07,Điểm thi THPT,2025,24.9,Công nghệ nghệ thuật
102691,KSA,cong-nghe-tai-chinh,A00,Điểm thi THPT,2023,26.6,Công nghệ tài chính
102692,KSA,cong-nghe-tai-chinh,A01,Điểm thi THPT,2023,26.6,Công nghệ tài chính
102693,KSA,cong-nghe-tai-chinh,D01,Điểm thi THPT,2023,26.6,Công nghệ tài chính
102694,KSA,cong-nghe-tai-chinh,D07,Điểm thi THPT,2023,26.6,Công nghệ tài chính
102695,KSA,cong-nghe-tai-chinh,A00,Điểm thi THPT,2024,26.5,Công nghệ tài chính
102696,KSA,cong-nghe-tai-chinh,A01,Điểm thi THPT,2024,26.5,Công nghệ tài chính
102697,KSA,cong-nghe-tai-chinh,D01,Điểm thi THPT,2024,26.5,Công nghệ tài chính
102698,KSA,cong-nghe-tai-chinh,D07,Điểm thi THPT,2024,26.5,Công nghệ tài chính
102699,KSA,cong-nghe-tai-chinh,A00,Điểm học bạ,2025,25.9,Công nghệ tài chính
102700,KSA,cong-nghe-tai-chinh,A01,Điểm học bạ,2025,25.9,Công nghệ tài chính
102701,KSA,cong-nghe-tai-chinh,D01,Điểm học bạ,2025,25.9,Công nghệ tài chính
102702,KSA,cong-nghe-tai-chinh,D02,Điểm học bạ,2025,25.9,Công nghệ tài chính
102703,KSA,cong-nghe-tai-chinh,D03,Điểm học bạ,2025,25.9,Công nghệ tài chính
102704,KSA,cong-nghe-tai-chinh,D04,Điểm học bạ,2025,25.9,Công nghệ tài chính
102705,KSA,cong-nghe-tai-chinh,D05,Điểm học bạ,2025,25.9,Công nghệ tài chính
102706,KSA,cong-nghe-tai-chinh,D06,Điểm học bạ,2025,25.9,Công nghệ tài chính
102707,KSA,cong-nghe-tai-chinh,D07,Điểm học bạ,2025,25.9,Công nghệ tài chính
102708,KSA,cong-nghe-tai-chinh,D09,Điểm học bạ,2025,25.9,Công nghệ tài chính
102709,KSA,cong-nghe-tai-chinh,D21,Điểm học bạ,2025,25.9,Công nghệ tài chính
102710,KSA,cong-nghe-tai-chinh,D22,Điểm học bạ,2025,25.9,Công nghệ tài chính
102711,KSA,cong-nghe-tai-chinh,D23,Điểm học bạ,2025,25.9,Công nghệ tài chính
102712,KSA,cong-nghe-tai-chinh,D24,Điểm học bạ,2025,25.9,Công nghệ tài chính
102713,KSA,cong-nghe-tai-chinh,D25,Điểm học bạ,2025,25.9,Công nghệ tài chính
102714,KSA,cong-nghe-tai-chinh,D26,Điểm học bạ,2025,25.9,Công nghệ tài chính
102715,KSA,cong-nghe-tai-chinh,D27,Điểm học bạ,2025,25.9,Công nghệ tài chính
102716,KSA,cong-nghe-tai-chinh,D28,Điểm học bạ,2025,25.9,Công nghệ tài chính
102717,KSA,cong-nghe-tai-chinh,D29,Điểm học bạ,2025,25.9,Công nghệ tài chính
102718,KSA,cong-nghe-tai-chinh,D30,Điểm học bạ,2025,25.9,Công nghệ tài chính
102719,KSA,cong-nghe-tai-chinh,D36,Điểm học bạ,2025,25.9,Công nghệ tài chính
102720,KSA,cong-nghe-tai-chinh,D37,Điểm học bạ,2025,25.9,Công nghệ tài chính
102721,KSA,cong-nghe-tai-chinh,D38,Điểm học bạ,2025,25.9,Công nghệ tài chính
102722,KSA,cong-nghe-tai-chinh,D39,Điểm học bạ,2025,25.9,Công nghệ tài chính
102723,KSA,cong-nghe-tai-chinh,D40,Điểm học bạ,2025,25.9,Công nghệ tài chính
102724,KSA,cong-nghe-tai-chinh,A00,Điểm thi THPT,2025,25.9,Công nghệ tài chính
102725,KSA,cong-nghe-tai-chinh,A01,Điểm thi THPT,2025,25.9,Công nghệ tài chính
102726,KSA,cong-nghe-tai-chinh,D01,Điểm thi THPT,2025,25.9,Công nghệ tài chính
102727,KSA,cong-nghe-tai-chinh,D07,Điểm thi THPT,2025,25.9,Công nghệ tài chính
102728,KSA,cong-nghe-tai-chinh,D09,Điểm thi THPT,2025,25.9,Công nghệ tài chính
102729,KSA,cong-nghe-thong-tin,A00,Điểm thi THPT,2023,24.2,Công nghệ thông tin
102730,KSA,cong-nghe-thong-tin,A01,Điểm thi THPT,2023,24.2,Công nghệ thông tin
102731,KSA,cong-nghe-thong-tin,D01,Điểm thi THPT,2023,24.2,Công nghệ thông tin
102732,KSA,cong-nghe-thong-tin,D07,Điểm thi THPT,2023,24.2,Công nghệ thông tin
102733,KSA,cong-nghe-thong-tin,A00,Điểm thi THPT,2024,25.4,Công nghệ thông tin
102734,KSA,cong-nghe-thong-tin,A01,Điểm thi THPT,2024,25.4,Công nghệ thông tin
102735,KSA,cong-nghe-thong-tin,D01,Điểm thi THPT,2024,25.4,Công nghệ thông tin
102736,KSA,cong-nghe-thong-tin,D07,Điểm thi THPT,2024,25.4,Công nghệ thông tin
102737,KSA,cong-nghe-thong-tin,A00,Điểm học bạ,2025,24.3,Công nghệ thông tin
102738,KSA,cong-nghe-thong-tin,A01,Điểm học bạ,2025,24.3,Công nghệ thông tin
102739,KSA,cong-nghe-thong-tin,D01,Điểm học bạ,2025,24.3,Công nghệ thông tin
102740,KSA,cong-nghe-thong-tin,D02,Điểm học bạ,2025,24.3,Công nghệ thông tin
102741,KSA,cong-nghe-thong-tin,D03,Điểm học bạ,2025,24.3,Công nghệ thông tin
102742,KSA,cong-nghe-thong-tin,D04,Điểm học bạ,2025,24.3,Công nghệ thông tin
102743,KSA,cong-nghe-thong-tin,D05,Điểm học bạ,2025,24.3,Công nghệ thông tin
102744,KSA,cong-nghe-thong-tin,D06,Điểm học bạ,2025,24.3,Công nghệ thông tin
102745,KSA,cong-nghe-thong-tin,D07,Điểm học bạ,2025,24.3,Công nghệ thông tin
102746,KSA,cong-nghe-thong-tin,D21,Điểm học bạ,2025,24.3,Công nghệ thông tin
102747,KSA,cong-nghe-thong-tin,D22,Điểm học bạ,2025,24.3,Công nghệ thông tin
102748,KSA,cong-nghe-thong-tin,D23,Điểm học bạ,2025,24.3,Công nghệ thông tin
102749,KSA,cong-nghe-thong-tin,D24,Điểm học bạ,2025,24.3,Công nghệ thông tin
102750,KSA,cong-nghe-thong-tin,D25,Điểm học bạ,2025,24.3,Công nghệ thông tin
102751,KSA,cong-nghe-thong-tin,D26,Điểm học bạ,2025,24.3,Công nghệ thông tin
102752,KSA,cong-nghe-thong-tin,D27,Điểm học bạ,2025,24.3,Công nghệ thông tin
102753,KSA,cong-nghe-thong-tin,D28,Điểm học bạ,2025,24.3,Công nghệ thông tin
102754,KSA,cong-nghe-thong-tin,D29,Điểm học bạ,2025,24.3,Công nghệ thông tin
102755,KSA,cong-nghe-thong-tin,D30,Điểm học bạ,2025,24.3,Công nghệ thông tin
102756,KSA,cong-nghe-thong-tin,A00,Điểm thi THPT,2025,24.3,Công nghệ thông tin
102757,KSA,cong-nghe-thong-tin,A01,Điểm thi THPT,2025,24.3,Công nghệ thông tin
102758,KSA,cong-nghe-thong-tin,D01,Điểm thi THPT,2025,24.3,Công nghệ thông tin
102759,KSA,cong-nghe-thong-tin,D07,Điểm thi THPT,2025,24.3,Công nghệ thông tin
102760,KSA,cong-nghe-truyen-thong,A00,Điểm thi THPT,2022,27.6,Công nghệ truyền thông
102761,KSA,cong-nghe-truyen-thong,A01,Điểm thi THPT,2022,27.6,Công nghệ truyền thông
102762,KSA,cong-nghe-truyen-thong,D01,Điểm thi THPT,2022,27.6,Công nghệ truyền thông
102763,KSA,cong-nghe-truyen-thong,V00,Điểm thi THPT,2022,27.6,Công nghệ truyền thông
102764,KSA,cong-nghe-va-doi-moi-sang-tao,A00,Điểm thi THPT,2022,26.2,Công nghệ và đổi mới sáng tạo
102765,KSA,cong-nghe-va-doi-moi-sang-tao,A01,Điểm thi THPT,2022,26.2,Công nghệ và đổi mới sáng tạo
102766,KSA,cong-nghe-va-doi-moi-sang-tao,D01,Điểm thi THPT,2022,26.2,Công nghệ và đổi mới sáng tạo
102767,KSA,cong-nghe-va-doi-moi-sang-tao,D07,Điểm thi THPT,2022,26.2,Công nghệ và đổi mới sáng tạo
102768,KSA,cong-nghe-va-doi-moi-sang-tao,A00,Điểm thi THPT,2023,25.2,Công nghệ và đổi mới sáng tạo
102769,KSA,cong-nghe-va-doi-moi-sang-tao,A01,Điểm thi THPT,2023,25.2,Công nghệ và đổi mới sáng tạo
102770,KSA,cong-nghe-va-doi-moi-sang-tao,D01,Điểm thi THPT,2023,25.2,Công nghệ và đổi mới sáng tạo
102771,KSA,cong-nghe-va-doi-moi-sang-tao,D07,Điểm thi THPT,2023,25.2,Công nghệ và đổi mới sáng tạo
102772,KSA,cong-nghe-va-doi-moi-sang-tao,A00,Điểm thi THPT,2024,25.5,Công nghệ và đổi mới sáng tạo
102773,KSA,cong-nghe-va-doi-moi-sang-tao,A01,Điểm thi THPT,2024,25.5,Công nghệ và đổi mới sáng tạo
102774,KSA,cong-nghe-va-doi-moi-sang-tao,D01,Điểm thi THPT,2024,25.5,Công nghệ và đổi mới sáng tạo
102775,KSA,cong-nghe-va-doi-moi-sang-tao,D07,Điểm thi THPT,2024,25.5,Công nghệ và đổi mới sáng tạo
102776,KSA,cong-nghe-va-doi-moi-sang-tao,A00,Điểm học bạ,2025,25.84,Công nghệ và đổi mới sáng tạo
102777,KSA,cong-nghe-va-doi-moi-sang-tao,A01,Điểm học bạ,2025,25.84,Công nghệ và đổi mới sáng tạo
102778,KSA,cong-nghe-va-doi-moi-sang-tao,D01,Điểm học bạ,2025,25.84,Công nghệ và đổi mới sáng tạo
102779,KSA,cong-nghe-va-doi-moi-sang-tao,D02,Điểm học bạ,2025,25.84,Công nghệ và đổi mới sáng tạo
102780,KSA,cong-nghe-va-doi-moi-sang-tao,D03,Điểm học bạ,2025,25.84,Công nghệ và đổi mới sáng tạo
102781,KSA,cong-nghe-va-doi-moi-sang-tao,D04,Điểm học bạ,2025,25.84,Công nghệ và đổi mới sáng tạo
102782,KSA,cong-nghe-va-doi-moi-sang-tao,D05,Điểm học bạ,2025,25.84,Công nghệ và đổi mới sáng tạo
102783,KSA,cong-nghe-va-doi-moi-sang-tao,D06,Điểm học bạ,2025,25.84,Công nghệ và đổi mới sáng tạo
102784,KSA,cong-nghe-va-doi-moi-sang-tao,D07,Điểm học bạ,2025,25.84,Công nghệ và đổi mới sáng tạo
102785,KSA,cong-nghe-va-doi-moi-sang-tao,D21,Điểm học bạ,2025,25.84,Công nghệ và đổi mới sáng tạo
102786,KSA,cong-nghe-va-doi-moi-sang-tao,D22,Điểm học bạ,2025,25.84,Công nghệ và đổi mới sáng tạo
102787,KSA,cong-nghe-va-doi-moi-sang-tao,D23,Điểm học bạ,2025,25.84,Công nghệ và đổi mới sáng tạo
102788,KSA,cong-nghe-va-doi-moi-sang-tao,D24,Điểm học bạ,2025,25.84,Công nghệ và đổi mới sáng tạo
102789,KSA,cong-nghe-va-doi-moi-sang-tao,D25,Điểm học bạ,2025,25.84,Công nghệ và đổi mới sáng tạo
102790,KSA,cong-nghe-va-doi-moi-sang-tao,D26,Điểm học bạ,2025,25.84,Công nghệ và đổi mới sáng tạo
102791,KSA,cong-nghe-va-doi-moi-sang-tao,D27,Điểm học bạ,2025,25.84,Công nghệ và đổi mới sáng tạo
102792,KSA,cong-nghe-va-doi-moi-sang-tao,D28,Điểm học bạ,2025,25.84,Công nghệ và đổi mới sáng tạo
102793,KSA,cong-nghe-va-doi-moi-sang-tao,D29,Điểm học bạ,2025,25.84,Công nghệ và đổi mới sáng tạo
102794,KSA,cong-nghe-va-doi-moi-sang-tao,D30,Điểm học bạ,2025,25.84,Công nghệ và đổi mới sáng tạo
102795,KSA,cong-nghe-va-doi-moi-sang-tao,A00,Điểm thi THPT,2025,23.0,Công nghệ và đổi mới sáng tạo
102796,KSA,cong-nghe-va-doi-moi-sang-tao,A01,Điểm thi THPT,2025,23.0,Công nghệ và đổi mới sáng tạo
102797,KSA,cong-nghe-va-doi-moi-sang-tao,D01,Điểm thi THPT,2025,23.0,Công nghệ và đổi mới sáng tạo
102798,KSA,cong-nghe-va-doi-moi-sang-tao,D07,Điểm thi THPT,2025,23.0,Công nghệ và đổi mới sáng tạo
102799,KSA,cu-nhan-asean-co-op,A00,Điểm thi THPT,2023,24.05,Cử nhân ASEAN Co-op
102800,KSA,cu-nhan-asean-co-op,A01,Điểm thi THPT,2023,24.05,Cử nhân ASEAN Co-op
102801,KSA,cu-nhan-asean-co-op,D01,Điểm thi THPT,2023,24.05,Cử nhân ASEAN Co-op
102802,KSA,cu-nhan-asean-co-op,D07,Điểm thi THPT,2023,24.05,Cử nhân ASEAN Co-op
102803,KSA,cu-nhan-isb-asean-co-op,A00,Điểm thi THPT,2024,25.3,Cử nhân ISB ASEAN Co-op
102804,KSA,cu-nhan-isb-asean-co-op,A01,Điểm thi THPT,2024,25.3,Cử nhân ISB ASEAN Co-op
102805,KSA,cu-nhan-isb-asean-co-op,D01,Điểm thi THPT,2024,25.3,Cử nhân ISB ASEAN Co-op
102806,KSA,cu-nhan-isb-asean-co-op,D07,Điểm thi THPT,2024,25.3,Cử nhân ISB ASEAN Co-op
102807,KSA,cu-nhan-isb-asean-co-op,A00,Điểm học bạ,2025,27.76,Cử nhân ISB ASEAN Co-op
102808,KSA,cu-nhan-isb-asean-co-op,A01,Điểm học bạ,2025,27.76,Cử nhân ISB ASEAN Co-op
102809,KSA,cu-nhan-isb-asean-co-op,D01,Điểm học bạ,2025,27.76,Cử nhân ISB ASEAN Co-op
102810,KSA,cu-nhan-isb-asean-co-op,D02,Điểm học bạ,2025,27.76,Cử nhân ISB ASEAN Co-op
102811,KSA,cu-nhan-isb-asean-co-op,D03,Điểm học bạ,2025,27.76,Cử nhân ISB ASEAN Co-op
102812,KSA,cu-nhan-isb-asean-co-op,D04,Điểm học bạ,2025,27.76,Cử nhân ISB ASEAN Co-op
102813,KSA,cu-nhan-isb-asean-co-op,D05,Điểm học bạ,2025,27.76,Cử nhân ISB ASEAN Co-op
102814,KSA,cu-nhan-isb-asean-co-op,D06,Điểm học bạ,2025,27.76,Cử nhân ISB ASEAN Co-op
102815,KSA,cu-nhan-isb-asean-co-op,D07,Điểm học bạ,2025,27.76,Cử nhân ISB ASEAN Co-op
102816,KSA,cu-nhan-isb-asean-co-op,D09,Điểm học bạ,2025,27.76,Cử nhân ISB ASEAN Co-op
102817,KSA,cu-nhan-isb-asean-co-op,D21,Điểm học bạ,2025,27.76,Cử nhân ISB ASEAN Co-op
102818,KSA,cu-nhan-isb-asean-co-op,D22,Điểm học bạ,2025,27.76,Cử nhân ISB ASEAN Co-op
102819,KSA,cu-nhan-isb-asean-co-op,D23,Điểm học bạ,2025,27.76,Cử nhân ISB ASEAN Co-op
102820,KSA,cu-nhan-isb-asean-co-op,D24,Điểm học bạ,2025,27.76,Cử nhân ISB ASEAN Co-op
102821,KSA,cu-nhan-isb-asean-co-op,D25,Điểm học bạ,2025,27.76,Cử nhân ISB ASEAN Co-op
102822,KSA,cu-nhan-isb-asean-co-op,D26,Điểm học bạ,2025,27.76,Cử nhân ISB ASEAN Co-op
102823,KSA,cu-nhan-isb-asean-co-op,D27,Điểm học bạ,2025,27.76,Cử nhân ISB ASEAN Co-op
102824,KSA,cu-nhan-isb-asean-co-op,D28,Điểm học bạ,2025,27.76,Cử nhân ISB ASEAN Co-op
102825,KSA,cu-nhan-isb-asean-co-op,D29,Điểm học bạ,2025,27.76,Cử nhân ISB ASEAN Co-op
102826,KSA,cu-nhan-isb-asean-co-op,D30,Điểm học bạ,2025,27.76,Cử nhân ISB ASEAN Co-op
102827,KSA,cu-nhan-isb-asean-co-op,D36,Điểm học bạ,2025,27.76,Cử nhân ISB ASEAN Co-op
102828,KSA,cu-nhan-isb-asean-co-op,D37,Điểm học bạ,2025,27.76,Cử nhân ISB ASEAN Co-op
102829,KSA,cu-nhan-isb-asean-co-op,D38,Điểm học bạ,2025,27.76,Cử nhân ISB ASEAN Co-op
102830,KSA,cu-nhan-isb-asean-co-op,D39,Điểm học bạ,2025,27.76,Cử nhân ISB ASEAN Co-op
102831,KSA,cu-nhan-isb-asean-co-op,D40,Điểm học bạ,2025,27.76,Cử nhân ISB ASEAN Co-op
102832,KSA,cu-nhan-isb-asean-co-op,A00,Điểm thi THPT,2025,24.7,Cử nhân ISB ASEAN Co-op
102833,KSA,cu-nhan-isb-asean-co-op,A01,Điểm thi THPT,2025,24.7,Cử nhân ISB ASEAN Co-op
102834,KSA,cu-nhan-isb-asean-co-op,D01,Điểm thi THPT,2025,24.7,Cử nhân ISB ASEAN Co-op
102835,KSA,cu-nhan-isb-asean-co-op,D07,Điểm thi THPT,2025,24.7,Cử nhân ISB ASEAN Co-op
102836,KSA,cu-nhan-isb-asean-co-op,D09,Điểm thi THPT,2025,24.7,Cử nhân ISB ASEAN Co-op
102837,KSA,cu-nhan-tai-nang-isb-bbus,A00,Điểm thi THPT,2023,27.1,Cử nhân Tài năng ISB BBus
102838,KSA,cu-nhan-tai-nang-isb-bbus,A01,Điểm thi THPT,2023,27.1,Cử nhân Tài năng ISB BBus
102839,KSA,cu-nhan-tai-nang-isb-bbus,D01,Điểm thi THPT,2023,27.1,Cử nhân Tài năng ISB BBus
102840,KSA,cu-nhan-tai-nang-isb-bbus,D07,Điểm thi THPT,2023,27.1,Cử nhân Tài năng ISB BBus
102841,KSA,cu-nhan-tai-nang-isb-bbus,A00,Điểm thi THPT,2024,27.15,Cử nhân Tài năng ISB BBus
102842,KSA,cu-nhan-tai-nang-isb-bbus,A01,Điểm thi THPT,2024,27.15,Cử nhân Tài năng ISB BBus
102843,KSA,cu-nhan-tai-nang-isb-bbus,D01,Điểm thi THPT,2024,27.15,Cử nhân Tài năng ISB BBus
102844,KSA,cu-nhan-tai-nang-isb-bbus,D07,Điểm thi THPT,2024,27.15,Cử nhân Tài năng ISB BBus
102845,KSA,cu-nhan-tai-nang-isb-bbus,A00,Điểm học bạ,2025,28.09,Cử nhân Tài năng ISB BBus
102846,KSA,cu-nhan-tai-nang-isb-bbus,A01,Điểm học bạ,2025,28.09,Cử nhân Tài năng ISB BBus
102847,KSA,cu-nhan-tai-nang-isb-bbus,D01,Điểm học bạ,2025,28.09,Cử nhân Tài năng ISB BBus
102848,KSA,cu-nhan-tai-nang-isb-bbus,D02,Điểm học bạ,2025,28.09,Cử nhân Tài năng ISB BBus
102849,KSA,cu-nhan-tai-nang-isb-bbus,D03,Điểm học bạ,2025,28.09,Cử nhân Tài năng ISB BBus
102850,KSA,cu-nhan-tai-nang-isb-bbus,D04,Điểm học bạ,2025,28.09,Cử nhân Tài năng ISB BBus
102851,KSA,cu-nhan-tai-nang-isb-bbus,D05,Điểm học bạ,2025,28.09,Cử nhân Tài năng ISB BBus
102852,KSA,cu-nhan-tai-nang-isb-bbus,D06,Điểm học bạ,2025,28.09,Cử nhân Tài năng ISB BBus
102853,KSA,cu-nhan-tai-nang-isb-bbus,D07,Điểm học bạ,2025,28.09,Cử nhân Tài năng ISB BBus
102854,KSA,cu-nhan-tai-nang-isb-bbus,D09,Điểm học bạ,2025,28.09,Cử nhân Tài năng ISB BBus
102855,KSA,cu-nhan-tai-nang-isb-bbus,D21,Điểm học bạ,2025,28.09,Cử nhân Tài năng ISB BBus
102856,KSA,cu-nhan-tai-nang-isb-bbus,D22,Điểm học bạ,2025,28.09,Cử nhân Tài năng ISB BBus
102857,KSA,cu-nhan-tai-nang-isb-bbus,D23,Điểm học bạ,2025,28.09,Cử nhân Tài năng ISB BBus
102858,KSA,cu-nhan-tai-nang-isb-bbus,D24,Điểm học bạ,2025,28.09,Cử nhân Tài năng ISB BBus
102859,KSA,cu-nhan-tai-nang-isb-bbus,D25,Điểm học bạ,2025,28.09,Cử nhân Tài năng ISB BBus
102860,KSA,cu-nhan-tai-nang-isb-bbus,D26,Điểm học bạ,2025,28.09,Cử nhân Tài năng ISB BBus
102861,KSA,cu-nhan-tai-nang-isb-bbus,D27,Điểm học bạ,2025,28.09,Cử nhân Tài năng ISB BBus
102862,KSA,cu-nhan-tai-nang-isb-bbus,D28,Điểm học bạ,2025,28.09,Cử nhân Tài năng ISB BBus
102863,KSA,cu-nhan-tai-nang-isb-bbus,D29,Điểm học bạ,2025,28.09,Cử nhân Tài năng ISB BBus
102864,KSA,cu-nhan-tai-nang-isb-bbus,D30,Điểm học bạ,2025,28.09,Cử nhân Tài năng ISB BBus
102865,KSA,cu-nhan-tai-nang-isb-bbus,D36,Điểm học bạ,2025,28.09,Cử nhân Tài năng ISB BBus
102866,KSA,cu-nhan-tai-nang-isb-bbus,D37,Điểm học bạ,2025,28.09,Cử nhân Tài năng ISB BBus
102867,KSA,cu-nhan-tai-nang-isb-bbus,D38,Điểm học bạ,2025,28.09,Cử nhân Tài năng ISB BBus
102868,KSA,cu-nhan-tai-nang-isb-bbus,D39,Điểm học bạ,2025,28.09,Cử nhân Tài năng ISB BBus
102869,KSA,cu-nhan-tai-nang-isb-bbus,D40,Điểm học bạ,2025,28.09,Cử nhân Tài năng ISB BBus
102870,KSA,cu-nhan-tai-nang-isb-bbus,A00,Điểm thi THPT,2025,25.0,Cử nhân Tài năng ISB BBus
102871,KSA,cu-nhan-tai-nang-isb-bbus,A01,Điểm thi THPT,2025,25.0,Cử nhân Tài năng ISB BBus
102872,KSA,cu-nhan-tai-nang-isb-bbus,D01,Điểm thi THPT,2025,25.0,Cử nhân Tài năng ISB BBus
102873,KSA,cu-nhan-tai-nang-isb-bbus,D07,Điểm thi THPT,2025,25.0,Cử nhân Tài năng ISB BBus
102874,KSA,cu-nhan-tai-nang-isb-bbus,D09,Điểm thi THPT,2025,25.0,Cử nhân Tài năng ISB BBus
102875,KSA,dau-tu-tai-chinh,A00,Điểm thi THPT,2023,25.7,Đầu tư tài chính
102876,KSA,dau-tu-tai-chinh,A01,Điểm thi THPT,2023,25.7,Đầu tư tài chính
102877,KSA,dau-tu-tai-chinh,D01,Điểm thi THPT,2023,25.7,Đầu tư tài chính
102878,KSA,dau-tu-tai-chinh,D07,Điểm thi THPT,2023,25.7,Đầu tư tài chính
102879,KSA,dau-tu-tai-chinh,A00,Điểm thi THPT,2024,26.03,Đầu tư tài chính
102880,KSA,dau-tu-tai-chinh,A01,Điểm thi THPT,2024,26.03,Đầu tư tài chính
102881,KSA,dau-tu-tai-chinh,D01,Điểm thi THPT,2024,26.03,Đầu tư tài chính
102882,KSA,dau-tu-tai-chinh,D07,Điểm thi THPT,2024,26.03,Đầu tư tài chính
102883,KSA,dau-tu-tai-chinh,A00,Điểm học bạ,2025,27.42,Đầu tư tài chính
102884,KSA,dau-tu-tai-chinh,A01,Điểm học bạ,2025,27.42,Đầu tư tài chính
102885,KSA,dau-tu-tai-chinh,D01,Điểm học bạ,2025,27.42,Đầu tư tài chính
102886,KSA,dau-tu-tai-chinh,D02,Điểm học bạ,2025,27.42,Đầu tư tài chính
102887,KSA,dau-tu-tai-chinh,D03,Điểm học bạ,2025,27.42,Đầu tư tài chính
102888,KSA,dau-tu-tai-chinh,D04,Điểm học bạ,2025,27.42,Đầu tư tài chính
102889,KSA,dau-tu-tai-chinh,D05,Điểm học bạ,2025,27.42,Đầu tư tài chính
102890,KSA,dau-tu-tai-chinh,D06,Điểm học bạ,2025,27.42,Đầu tư tài chính
102891,KSA,dau-tu-tai-chinh,D07,Điểm học bạ,2025,27.42,Đầu tư tài chính
102892,KSA,dau-tu-tai-chinh,D09,Điểm học bạ,2025,27.42,Đầu tư tài chính
102893,KSA,dau-tu-tai-chinh,D21,Điểm học bạ,2025,27.42,Đầu tư tài chính
102894,KSA,dau-tu-tai-chinh,D22,Điểm học bạ,2025,27.42,Đầu tư tài chính
102895,KSA,dau-tu-tai-chinh,D23,Điểm học bạ,2025,27.42,Đầu tư tài chính
102896,KSA,dau-tu-tai-chinh,D24,Điểm học bạ,2025,27.42,Đầu tư tài chính
102897,KSA,dau-tu-tai-chinh,D25,Điểm học bạ,2025,27.42,Đầu tư tài chính
102898,KSA,dau-tu-tai-chinh,D26,Điểm học bạ,2025,27.42,Đầu tư tài chính
102899,KSA,dau-tu-tai-chinh,D27,Điểm học bạ,2025,27.42,Đầu tư tài chính
102900,KSA,dau-tu-tai-chinh,D28,Điểm học bạ,2025,27.42,Đầu tư tài chính
102901,KSA,dau-tu-tai-chinh,D29,Điểm học bạ,2025,27.42,Đầu tư tài chính
102902,KSA,dau-tu-tai-chinh,D30,Điểm học bạ,2025,27.42,Đầu tư tài chính
102903,KSA,dau-tu-tai-chinh,D36,Điểm học bạ,2025,27.42,Đầu tư tài chính
102904,KSA,dau-tu-tai-chinh,D37,Điểm học bạ,2025,27.42,Đầu tư tài chính
102905,KSA,dau-tu-tai-chinh,D38,Điểm học bạ,2025,27.42,Đầu tư tài chính
102906,KSA,dau-tu-tai-chinh,D39,Điểm học bạ,2025,27.42,Đầu tư tài chính
102907,KSA,dau-tu-tai-chinh,D40,Điểm học bạ,2025,27.42,Đầu tư tài chính
102908,KSA,dau-tu-tai-chinh,A00,Điểm thi THPT,2025,24.4,Đầu tư tài chính
102909,KSA,dau-tu-tai-chinh,A01,Điểm thi THPT,2025,24.4,Đầu tư tài chính
102910,KSA,dau-tu-tai-chinh,D01,Điểm thi THPT,2025,24.4,Đầu tư tài chính
102911,KSA,dau-tu-tai-chinh,D07,Điểm thi THPT,2025,24.4,Đầu tư tài chính
102912,KSA,dau-tu-tai-chinh,D09,Điểm thi THPT,2025,24.4,Đầu tư tài chính
102913,KSA,dieu-khien-thong-minh-va-tu-dong-hoa,A00,Điểm thi THPT,2024,23.8,Điều khiển thông minh và tự động hóa
102914,KSA,dieu-khien-thong-minh-va-tu-dong-hoa,A01,Điểm thi THPT,2024,23.8,Điều khiển thông minh và tự động hóa
102915,KSA,dieu-khien-thong-minh-va-tu-dong-hoa,D01,Điểm thi THPT,2024,23.8,Điều khiển thông minh và tự động hóa
102916,KSA,dieu-khien-thong-minh-va-tu-dong-hoa,D07,Điểm thi THPT,2024,23.8,Điều khiển thông minh và tự động hóa
102917,KSA,dieu-khien-thong-minh-va-tu-dong-hoa,A00,Điểm học bạ,2025,26.29,Điều khiển thông minh và tự động hóa
102918,KSA,dieu-khien-thong-minh-va-tu-dong-hoa,A01,Điểm học bạ,2025,26.29,Điều khiển thông minh và tự động hóa
102919,KSA,dieu-khien-thong-minh-va-tu-dong-hoa,D01,Điểm học bạ,2025,26.29,Điều khiển thông minh và tự động hóa
102920,KSA,dieu-khien-thong-minh-va-tu-dong-hoa,D02,Điểm học bạ,2025,26.29,Điều khiển thông minh và tự động hóa
102921,KSA,dieu-khien-thong-minh-va-tu-dong-hoa,D03,Điểm học bạ,2025,26.29,Điều khiển thông minh và tự động hóa
102922,KSA,dieu-khien-thong-minh-va-tu-dong-hoa,D04,Điểm học bạ,2025,26.29,Điều khiển thông minh và tự động hóa
102923,KSA,dieu-khien-thong-minh-va-tu-dong-hoa,D05,Điểm học bạ,2025,26.29,Điều khiển thông minh và tự động hóa
102924,KSA,dieu-khien-thong-minh-va-tu-dong-hoa,D06,Điểm học bạ,2025,26.29,Điều khiển thông minh và tự động hóa
102925,KSA,dieu-khien-thong-minh-va-tu-dong-hoa,D07,Điểm học bạ,2025,26.29,Điều khiển thông minh và tự động hóa
102926,KSA,dieu-khien-thong-minh-va-tu-dong-hoa,D21,Điểm học bạ,2025,26.29,Điều khiển thông minh và tự động hóa
102927,KSA,dieu-khien-thong-minh-va-tu-dong-hoa,D22,Điểm học bạ,2025,26.29,Điều khiển thông minh và tự động hóa
102928,KSA,dieu-khien-thong-minh-va-tu-dong-hoa,D23,Điểm học bạ,2025,26.29,Điều khiển thông minh và tự động hóa
102929,KSA,dieu-khien-thong-minh-va-tu-dong-hoa,D24,Điểm học bạ,2025,26.29,Điều khiển thông minh và tự động hóa
102930,KSA,dieu-khien-thong-minh-va-tu-dong-hoa,D25,Điểm học bạ,2025,26.29,Điều khiển thông minh và tự động hóa
102931,KSA,dieu-khien-thong-minh-va-tu-dong-hoa,D26,Điểm học bạ,2025,26.29,Điều khiển thông minh và tự động hóa
102932,KSA,dieu-khien-thong-minh-va-tu-dong-hoa,D27,Điểm học bạ,2025,26.29,Điều khiển thông minh và tự động hóa
102933,KSA,dieu-khien-thong-minh-va-tu-dong-hoa,D28,Điểm học bạ,2025,26.29,Điều khiển thông minh và tự động hóa
102934,KSA,dieu-khien-thong-minh-va-tu-dong-hoa,D29,Điểm học bạ,2025,26.29,Điều khiển thông minh và tự động hóa
102935,KSA,dieu-khien-thong-minh-va-tu-dong-hoa,D30,Điểm học bạ,2025,26.29,Điều khiển thông minh và tự động hóa
102936,KSA,dieu-khien-thong-minh-va-tu-dong-hoa,A00,Điểm thi THPT,2025,23.4,Điều khiển thông minh và tự động hóa
102937,KSA,dieu-khien-thong-minh-va-tu-dong-hoa,A01,Điểm thi THPT,2025,23.4,Điều khiển thông minh và tự động hóa
102938,KSA,dieu-khien-thong-minh-va-tu-dong-hoa,D01,Điểm thi THPT,2025,23.4,Điều khiển thông minh và tự động hóa
102939,KSA,dieu-khien-thong-minh-va-tu-dong-hoa,D07,Điểm thi THPT,2025,23.4,Điều khiển thông minh và tự động hóa
102940,KSA,he-thong-hoach-dinh-nguon-luc-doanh-nghiep,A00,Điểm thi THPT,2023,24.85,Hệ thống hoạch định nguồn lực doanh nghiệp
102941,KSA,he-thong-hoach-dinh-nguon-luc-doanh-nghiep,A01,Điểm thi THPT,2023,24.85,Hệ thống hoạch định nguồn lực doanh nghiệp
102942,KSA,he-thong-hoach-dinh-nguon-luc-doanh-nghiep,D01,Điểm thi THPT,2023,24.85,Hệ thống hoạch định nguồn lực doanh nghiệp
102943,KSA,he-thong-hoach-dinh-nguon-luc-doanh-nghiep,D07,Điểm thi THPT,2023,24.85,Hệ thống hoạch định nguồn lực doanh nghiệp
102944,KSA,he-thong-hoach-dinh-nguon-luc-doanh-nghiep,A00,Điểm thi THPT,2024,25.51,Hệ thống hoạch định nguồn lực doanh nghiệp
102945,KSA,he-thong-hoach-dinh-nguon-luc-doanh-nghiep,A01,Điểm thi THPT,2024,25.51,Hệ thống hoạch định nguồn lực doanh nghiệp
102946,KSA,he-thong-hoach-dinh-nguon-luc-doanh-nghiep,D01,Điểm thi THPT,2024,25.51,Hệ thống hoạch định nguồn lực doanh nghiệp
102947,KSA,he-thong-hoach-dinh-nguon-luc-doanh-nghiep,D07,Điểm thi THPT,2024,25.51,Hệ thống hoạch định nguồn lực doanh nghiệp
102948,KSA,he-thong-thong-tin-kinh-doanh,A00,Điểm thi THPT,2023,26.12,Hệ thống thông tin kinh doanh
102949,KSA,he-thong-thong-tin-kinh-doanh,A01,Điểm thi THPT,2023,26.12,Hệ thống thông tin kinh doanh
102950,KSA,he-thong-thong-tin-kinh-doanh,D01,Điểm thi THPT,2023,26.12,Hệ thống thông tin kinh doanh
102951,KSA,he-thong-thong-tin-kinh-doanh,D07,Điểm thi THPT,2023,26.12,Hệ thống thông tin kinh doanh
102952,KSA,he-thong-thong-tin-kinh-doanh,A00,Điểm thi THPT,2024,26.1,Hệ thống thông tin kinh doanh
102953,KSA,he-thong-thong-tin-kinh-doanh,A01,Điểm thi THPT,2024,26.1,Hệ thống thông tin kinh doanh
102954,KSA,he-thong-thong-tin-kinh-doanh,D01,Điểm thi THPT,2024,26.1,Hệ thống thông tin kinh doanh
102955,KSA,he-thong-thong-tin-kinh-doanh,D07,Điểm thi THPT,2024,26.1,Hệ thống thông tin kinh doanh
102956,KSA,he-thong-thong-tin-quan-ly,A00,Điểm thi THPT,2021,26.2,Ngành Hệ thống thông tin quản lý
102957,KSA,he-thong-thong-tin-quan-ly,A01,Điểm thi THPT,2021,26.2,Ngành Hệ thống thông tin quản lý
102958,KSA,he-thong-thong-tin-quan-ly,D01,Điểm thi THPT,2021,26.2,Ngành Hệ thống thông tin quản lý
102959,KSA,he-thong-thong-tin-quan-ly,D07,Điểm thi THPT,2021,26.2,Ngành Hệ thống thông tin quản lý
102960,KSA,he-thong-thong-tin-quan-ly,A00,Điểm thi THPT,2022,27.1,Hệ thống thông tin quản lý
102961,KSA,he-thong-thong-tin-quan-ly,A01,Điểm thi THPT,2022,27.1,Hệ thống thông tin quản lý
102962,KSA,he-thong-thong-tin-quan-ly,D01,Điểm thi THPT,2022,27.1,Hệ thống thông tin quản lý
102963,KSA,he-thong-thong-tin-quan-ly,D07,Điểm thi THPT,2022,27.1,Hệ thống thông tin quản lý
102964,KSA,he-thong-thong-tin-quan-ly,A00,Điểm học bạ,2025,28.09,Hệ thống thông tin quản lý
102965,KSA,he-thong-thong-tin-quan-ly,A01,Điểm học bạ,2025,28.09,Hệ thống thông tin quản lý
102966,KSA,he-thong-thong-tin-quan-ly,D01,Điểm học bạ,2025,28.09,Hệ thống thông tin quản lý
102967,KSA,he-thong-thong-tin-quan-ly,D02,Điểm học bạ,2025,28.09,Hệ thống thông tin quản lý
102968,KSA,he-thong-thong-tin-quan-ly,D03,Điểm học bạ,2025,28.09,Hệ thống thông tin quản lý
102969,KSA,he-thong-thong-tin-quan-ly,D04,Điểm học bạ,2025,28.09,Hệ thống thông tin quản lý
102970,KSA,he-thong-thong-tin-quan-ly,D05,Điểm học bạ,2025,28.09,Hệ thống thông tin quản lý
102971,KSA,he-thong-thong-tin-quan-ly,D06,Điểm học bạ,2025,28.09,Hệ thống thông tin quản lý
102972,KSA,he-thong-thong-tin-quan-ly,D07,Điểm học bạ,2025,28.09,Hệ thống thông tin quản lý
102973,KSA,he-thong-thong-tin-quan-ly,D09,Điểm học bạ,2025,28.09,Hệ thống thông tin quản lý
102974,KSA,he-thong-thong-tin-quan-ly,D21,Điểm học bạ,2025,28.09,Hệ thống thông tin quản lý
102975,KSA,he-thong-thong-tin-quan-ly,D22,Điểm học bạ,2025,28.09,Hệ thống thông tin quản lý
102976,KSA,he-thong-thong-tin-quan-ly,D23,Điểm học bạ,2025,28.09,Hệ thống thông tin quản lý
102977,KSA,he-thong-thong-tin-quan-ly,D24,Điểm học bạ,2025,28.09,Hệ thống thông tin quản lý
102978,KSA,he-thong-thong-tin-quan-ly,D25,Điểm học bạ,2025,28.09,Hệ thống thông tin quản lý
102979,KSA,he-thong-thong-tin-quan-ly,D26,Điểm học bạ,2025,28.09,Hệ thống thông tin quản lý
102980,KSA,he-thong-thong-tin-quan-ly,D27,Điểm học bạ,2025,28.09,Hệ thống thông tin quản lý
102981,KSA,he-thong-thong-tin-quan-ly,D28,Điểm học bạ,2025,28.09,Hệ thống thông tin quản lý
102982,KSA,he-thong-thong-tin-quan-ly,D29,Điểm học bạ,2025,28.09,Hệ thống thông tin quản lý
102983,KSA,he-thong-thong-tin-quan-ly,D30,Điểm học bạ,2025,28.09,Hệ thống thông tin quản lý
102984,KSA,he-thong-thong-tin-quan-ly,D36,Điểm học bạ,2025,28.09,Hệ thống thông tin quản lý
102985,KSA,he-thong-thong-tin-quan-ly,D37,Điểm học bạ,2025,28.09,Hệ thống thông tin quản lý
102986,KSA,he-thong-thong-tin-quan-ly,D38,Điểm học bạ,2025,28.09,Hệ thống thông tin quản lý
102987,KSA,he-thong-thong-tin-quan-ly,D39,Điểm học bạ,2025,28.09,Hệ thống thông tin quản lý
102988,KSA,he-thong-thong-tin-quan-ly,D40,Điểm học bạ,2025,28.09,Hệ thống thông tin quản lý
102989,KSA,he-thong-thong-tin-quan-ly,A00,Điểm thi THPT,2025,25.0,Hệ thống thông tin quản lý
102990,KSA,he-thong-thong-tin-quan-ly,A01,Điểm thi THPT,2025,25.0,Hệ thống thông tin quản lý
102991,KSA,he-thong-thong-tin-quan-ly,D01,Điểm thi THPT,2025,25.0,Hệ thống thông tin quản lý
102992,KSA,he-thong-thong-tin-quan-ly,D07,Điểm thi THPT,2025,25.0,Hệ thống thông tin quản lý
102993,KSA,he-thong-thong-tin-quan-ly,D09,Điểm thi THPT,2025,25.0,Hệ thống thông tin quản lý
102994,KSA,ke-toan,A00,Điểm thi THPT,2021,22.0,Ngành Kế toán
102995,KSA,ke-toan,A01,Điểm thi THPT,2021,22.0,Ngành Kế toán
102996,KSA,ke-toan,D01,Điểm thi THPT,2021,22.0,Ngành Kế toán
102997,KSA,ke-toan,D07,Điểm thi THPT,2021,22.0,Ngành Kế toán
102998,KSA,ke-toan,A00,Điểm thi THPT,2022,25.8,Kế toán
102999,KSA,ke-toan,A01,Điểm thi THPT,2022,25.8,Kế toán
103000,KSA,ke-toan,D01,Điểm thi THPT,2022,25.8,Kế toán
103001,KSA,ke-toan,D07,Điểm thi THPT,2022,25.8,Kế toán
103002,KSA,ke-toan-cong,A00,Điểm thi THPT,2023,25.31,Kế toán công
103003,KSA,ke-toan-cong,A01,Điểm thi THPT,2023,25.31,Kế toán công
103004,KSA,ke-toan-cong,D01,Điểm thi THPT,2023,25.31,Kế toán công
103005,KSA,ke-toan-cong,D07,Điểm thi THPT,2023,25.31,Kế toán công
103006,KSA,ke-toan-cong,A00,Điểm thi THPT,2024,25.5,Kế toán công
103007,KSA,ke-toan-cong,A01,Điểm thi THPT,2024,25.5,Kế toán công
103008,KSA,ke-toan-cong,D01,Điểm thi THPT,2024,25.5,Kế toán công
103009,KSA,ke-toan-cong,D07,Điểm thi THPT,2024,25.5,Kế toán công
103010,KSA,ke-toan-cong,A00,Điểm học bạ,2025,24.0,Kế toán công
103011,KSA,ke-toan-cong,A01,Điểm học bạ,2025,24.0,Kế toán công
103012,KSA,ke-toan-cong,D01,Điểm học bạ,2025,24.0,Kế toán công
103013,KSA,ke-toan-cong,D02,Điểm học bạ,2025,24.0,Kế toán công
103014,KSA,ke-toan-cong,D03,Điểm học bạ,2025,24.0,Kế toán công
103015,KSA,ke-toan-cong,D04,Điểm học bạ,2025,24.0,Kế toán công
103016,KSA,ke-toan-cong,D05,Điểm học bạ,2025,24.0,Kế toán công
103017,KSA,ke-toan-cong,D06,Điểm học bạ,2025,24.0,Kế toán công
103018,KSA,ke-toan-cong,D07,Điểm học bạ,2025,24.0,Kế toán công
103019,KSA,ke-toan-cong,D09,Điểm học bạ,2025,24.0,Kế toán công
103020,KSA,ke-toan-cong,D21,Điểm học bạ,2025,24.0,Kế toán công
103021,KSA,ke-toan-cong,D22,Điểm học bạ,2025,24.0,Kế toán công
103022,KSA,ke-toan-cong,D23,Điểm học bạ,2025,24.0,Kế toán công
103023,KSA,ke-toan-cong,D24,Điểm học bạ,2025,24.0,Kế toán công
103024,KSA,ke-toan-cong,D25,Điểm học bạ,2025,24.0,Kế toán công
103025,KSA,ke-toan-cong,D26,Điểm học bạ,2025,24.0,Kế toán công
103026,KSA,ke-toan-cong,D27,Điểm học bạ,2025,24.0,Kế toán công
103027,KSA,ke-toan-cong,D28,Điểm học bạ,2025,24.0,Kế toán công
103028,KSA,ke-toan-cong,D29,Điểm học bạ,2025,24.0,Kế toán công
103029,KSA,ke-toan-cong,D30,Điểm học bạ,2025,24.0,Kế toán công
103030,KSA,ke-toan-cong,D36,Điểm học bạ,2025,24.0,Kế toán công
103031,KSA,ke-toan-cong,D37,Điểm học bạ,2025,24.0,Kế toán công
103032,KSA,ke-toan-cong,D38,Điểm học bạ,2025,24.0,Kế toán công
103033,KSA,ke-toan-cong,D39,Điểm học bạ,2025,24.0,Kế toán công
103034,KSA,ke-toan-cong,D40,Điểm học bạ,2025,24.0,Kế toán công
103035,KSA,ke-toan-cong,A00,Điểm thi THPT,2025,24.0,Kế toán công
103036,KSA,ke-toan-cong,A01,Điểm thi THPT,2025,24.0,Kế toán công
103037,KSA,ke-toan-cong,D01,Điểm thi THPT,2025,24.0,Kế toán công
103038,KSA,ke-toan-cong,D07,Điểm thi THPT,2025,24.0,Kế toán công
103039,KSA,ke-toan-cong,D09,Điểm thi THPT,2025,24.0,Kế toán công
103040,KSA,ke-toan-doanh-nghiep,A00,Điểm thi THPT,2023,25.0,Kế toán doanh nghiệp
103041,KSA,ke-toan-doanh-nghiep,A01,Điểm thi THPT,2023,25.0,Kế toán doanh nghiệp
103042,KSA,ke-toan-doanh-nghiep,D01,Điểm thi THPT,2023,25.0,Kế toán doanh nghiệp
103043,KSA,ke-toan-doanh-nghiep,D07,Điểm thi THPT,2023,25.0,Kế toán doanh nghiệp
103044,KSA,ke-toan-doanh-nghiep,A00,Điểm thi THPT,2024,25.4,Kế toán doanh nghiệp
103045,KSA,ke-toan-doanh-nghiep,A01,Điểm thi THPT,2024,25.4,Kế toán doanh nghiệp
103046,KSA,ke-toan-doanh-nghiep,D01,Điểm thi THPT,2024,25.4,Kế toán doanh nghiệp
103047,KSA,ke-toan-doanh-nghiep,D07,Điểm thi THPT,2024,25.4,Kế toán doanh nghiệp
103048,KSA,ke-toan-doanh-nghiep,A00,Điểm học bạ,2025,23.4,Kế toán doanh nghiệp
103049,KSA,ke-toan-doanh-nghiep,A01,Điểm học bạ,2025,23.4,Kế toán doanh nghiệp
103050,KSA,ke-toan-doanh-nghiep,D01,Điểm học bạ,2025,23.4,Kế toán doanh nghiệp
103051,KSA,ke-toan-doanh-nghiep,D02,Điểm học bạ,2025,23.4,Kế toán doanh nghiệp
103052,KSA,ke-toan-doanh-nghiep,D03,Điểm học bạ,2025,23.4,Kế toán doanh nghiệp
103053,KSA,ke-toan-doanh-nghiep,D04,Điểm học bạ,2025,23.4,Kế toán doanh nghiệp
103054,KSA,ke-toan-doanh-nghiep,D05,Điểm học bạ,2025,23.4,Kế toán doanh nghiệp
103055,KSA,ke-toan-doanh-nghiep,D06,Điểm học bạ,2025,23.4,Kế toán doanh nghiệp
103056,KSA,ke-toan-doanh-nghiep,D07,Điểm học bạ,2025,23.4,Kế toán doanh nghiệp
103057,KSA,ke-toan-doanh-nghiep,D09,Điểm học bạ,2025,23.4,Kế toán doanh nghiệp
103058,KSA,ke-toan-doanh-nghiep,D21,Điểm học bạ,2025,23.4,Kế toán doanh nghiệp
103059,KSA,ke-toan-doanh-nghiep,D22,Điểm học bạ,2025,23.4,Kế toán doanh nghiệp
103060,KSA,ke-toan-doanh-nghiep,D23,Điểm học bạ,2025,23.4,Kế toán doanh nghiệp
103061,KSA,ke-toan-doanh-nghiep,D24,Điểm học bạ,2025,23.4,Kế toán doanh nghiệp
103062,KSA,ke-toan-doanh-nghiep,D25,Điểm học bạ,2025,23.4,Kế toán doanh nghiệp
103063,KSA,ke-toan-doanh-nghiep,D26,Điểm học bạ,2025,23.4,Kế toán doanh nghiệp
103064,KSA,ke-toan-doanh-nghiep,D27,Điểm học bạ,2025,23.4,Kế toán doanh nghiệp
103065,KSA,ke-toan-doanh-nghiep,D28,Điểm học bạ,2025,23.4,Kế toán doanh nghiệp
103066,KSA,ke-toan-doanh-nghiep,D29,Điểm học bạ,2025,23.4,Kế toán doanh nghiệp
103067,KSA,ke-toan-doanh-nghiep,D30,Điểm học bạ,2025,23.4,Kế toán doanh nghiệp
103068,KSA,ke-toan-doanh-nghiep,D36,Điểm học bạ,2025,23.4,Kế toán doanh nghiệp
103069,KSA,ke-toan-doanh-nghiep,D37,Điểm học bạ,2025,23.4,Kế toán doanh nghiệp
103070,KSA,ke-toan-doanh-nghiep,D38,Điểm học bạ,2025,23.4,Kế toán doanh nghiệp
103071,KSA,ke-toan-doanh-nghiep,D39,Điểm học bạ,2025,23.4,Kế toán doanh nghiệp
103072,KSA,ke-toan-doanh-nghiep,D40,Điểm học bạ,2025,23.4,Kế toán doanh nghiệp
103073,KSA,ke-toan-doanh-nghiep,A00,Điểm thi THPT,2025,23.4,Kế toán doanh nghiệp
103074,KSA,ke-toan-doanh-nghiep,A01,Điểm thi THPT,2025,23.4,Kế toán doanh nghiệp
103075,KSA,ke-toan-doanh-nghiep,D01,Điểm thi THPT,2025,23.4,Kế toán doanh nghiệp
103076,KSA,ke-toan-doanh-nghiep,D07,Điểm thi THPT,2025,23.4,Kế toán doanh nghiệp
103077,KSA,ke-toan-doanh-nghiep,D09,Điểm thi THPT,2025,23.4,Kế toán doanh nghiệp
103078,KSA,khoa-hoc-du-lieu,A00,Điểm thi THPT,2021,26.0,Ngành Khoa học dữ liệu
103079,KSA,khoa-hoc-du-lieu,A01,Điểm thi THPT,2021,26.0,Ngành Khoa học dữ liệu
103080,KSA,khoa-hoc-du-lieu,D01,Điểm thi THPT,2021,26.0,Ngành Khoa học dữ liệu
103081,KSA,khoa-hoc-du-lieu,D07,Điểm thi THPT,2021,26.0,Ngành Khoa học dữ liệu
103082,KSA,khoa-hoc-du-lieu,A00,Điểm thi THPT,2022,26.5,Khoa học dữ liệu
103083,KSA,khoa-hoc-du-lieu,A01,Điểm thi THPT,2022,26.5,Khoa học dữ liệu
103084,KSA,khoa-hoc-du-lieu,D01,Điểm thi THPT,2022,26.5,Khoa học dữ liệu
103085,KSA,khoa-hoc-du-lieu,D07,Điểm thi THPT,2022,26.5,Khoa học dữ liệu
103086,KSA,khoa-hoc-du-lieu,A00,Điểm thi THPT,2023,26.3,Khoa học dữ liệu
103087,KSA,khoa-hoc-du-lieu,A01,Điểm thi THPT,2023,26.3,Khoa học dữ liệu
103088,KSA,khoa-hoc-du-lieu,D01,Điểm thi THPT,2023,26.3,Khoa học dữ liệu
103089,KSA,khoa-hoc-du-lieu,D07,Điểm thi THPT,2023,26.3,Khoa học dữ liệu
103090,KSA,khoa-hoc-du-lieu,A00,Điểm thi THPT,2024,26.3,Khoa học dữ liệu
103091,KSA,khoa-hoc-du-lieu,A01,Điểm thi THPT,2024,26.3,Khoa học dữ liệu
103092,KSA,khoa-hoc-du-lieu,D01,Điểm thi THPT,2024,26.3,Khoa học dữ liệu
103093,KSA,khoa-hoc-du-lieu,D07,Điểm thi THPT,2024,26.3,Khoa học dữ liệu
103094,KSA,khoa-hoc-du-lieu,A00,Điểm học bạ,2025,26.0,Khoa học dữ liệu
103095,KSA,khoa-hoc-du-lieu,A01,Điểm học bạ,2025,26.0,Khoa học dữ liệu
103096,KSA,khoa-hoc-du-lieu,D01,Điểm học bạ,2025,26.0,Khoa học dữ liệu
103097,KSA,khoa-hoc-du-lieu,D02,Điểm học bạ,2025,26.0,Khoa học dữ liệu
103098,KSA,khoa-hoc-du-lieu,D03,Điểm học bạ,2025,26.0,Khoa học dữ liệu
103099,KSA,khoa-hoc-du-lieu,D04,Điểm học bạ,2025,26.0,Khoa học dữ liệu
103100,KSA,khoa-hoc-du-lieu,D05,Điểm học bạ,2025,26.0,Khoa học dữ liệu
103101,KSA,khoa-hoc-du-lieu,D06,Điểm học bạ,2025,26.0,Khoa học dữ liệu
103102,KSA,khoa-hoc-du-lieu,D07,Điểm học bạ,2025,26.0,Khoa học dữ liệu
103103,KSA,khoa-hoc-du-lieu,D21,Điểm học bạ,2025,26.0,Khoa học dữ liệu
103104,KSA,khoa-hoc-du-lieu,D22,Điểm học bạ,2025,26.0,Khoa học dữ liệu
103105,KSA,khoa-hoc-du-lieu,D23,Điểm học bạ,2025,26.0,Khoa học dữ liệu
103106,KSA,khoa-hoc-du-lieu,D24,Điểm học bạ,2025,26.0,Khoa học dữ liệu
103107,KSA,khoa-hoc-du-lieu,D25,Điểm học bạ,2025,26.0,Khoa học dữ liệu
103108,KSA,khoa-hoc-du-lieu,D26,Điểm học bạ,2025,26.0,Khoa học dữ liệu
103109,KSA,khoa-hoc-du-lieu,D27,Điểm học bạ,2025,26.0,Khoa học dữ liệu
103110,KSA,khoa-hoc-du-lieu,D28,Điểm học bạ,2025,26.0,Khoa học dữ liệu
103111,KSA,khoa-hoc-du-lieu,D29,Điểm học bạ,2025,26.0,Khoa học dữ liệu
103112,KSA,khoa-hoc-du-lieu,D30,Điểm học bạ,2025,26.0,Khoa học dữ liệu
103113,KSA,khoa-hoc-du-lieu,A00,Điểm thi THPT,2025,26.0,Khoa học dữ liệu
103114,KSA,khoa-hoc-du-lieu,A01,Điểm thi THPT,2025,26.0,Khoa học dữ liệu
103115,KSA,khoa-hoc-du-lieu,D01,Điểm thi THPT,2025,26.0,Khoa học dữ liệu
103116,KSA,khoa-hoc-du-lieu,D07,Điểm thi THPT,2025,26.0,Khoa học dữ liệu
103117,KSA,khoa-hoc-may-tinh,A00,Điểm thi THPT,2023,23.4,Khoa học máy tính
103118,KSA,khoa-hoc-may-tinh,A01,Điểm thi THPT,2023,23.4,Khoa học máy tính
103119,KSA,khoa-hoc-may-tinh,D01,Điểm thi THPT,2023,23.4,Khoa học máy tính
103120,KSA,khoa-hoc-may-tinh,D07,Điểm thi THPT,2023,23.4,Khoa học máy tính
103121,KSA,khoa-hoc-may-tinh,A00,Điểm thi THPT,2024,25.0,Khoa học máy tính
103122,KSA,khoa-hoc-may-tinh,A01,Điểm thi THPT,2024,25.0,Khoa học máy tính
103123,KSA,khoa-hoc-may-tinh,D01,Điểm thi THPT,2024,25.0,Khoa học máy tính
103124,KSA,khoa-hoc-may-tinh,D07,Điểm thi THPT,2024,25.0,Khoa học máy tính
103125,KSA,khoa-hoc-may-tinh,A00,Điểm học bạ,2025,24.0,Khoa học máy tính
103126,KSA,khoa-hoc-may-tinh,A01,Điểm học bạ,2025,24.0,Khoa học máy tính
103127,KSA,khoa-hoc-may-tinh,D01,Điểm học bạ,2025,24.0,Khoa học máy tính
103128,KSA,khoa-hoc-may-tinh,D02,Điểm học bạ,2025,24.0,Khoa học máy tính
103129,KSA,khoa-hoc-may-tinh,D03,Điểm học bạ,2025,24.0,Khoa học máy tính
103130,KSA,khoa-hoc-may-tinh,D04,Điểm học bạ,2025,24.0,Khoa học máy tính
103131,KSA,khoa-hoc-may-tinh,D05,Điểm học bạ,2025,24.0,Khoa học máy tính
103132,KSA,khoa-hoc-may-tinh,D06,Điểm học bạ,2025,24.0,Khoa học máy tính
103133,KSA,khoa-hoc-may-tinh,D07,Điểm học bạ,2025,24.0,Khoa học máy tính
103134,KSA,khoa-hoc-may-tinh,D21,Điểm học bạ,2025,24.0,Khoa học máy tính
103135,KSA,khoa-hoc-may-tinh,D22,Điểm học bạ,2025,24.0,Khoa học máy tính
103136,KSA,khoa-hoc-may-tinh,D23,Điểm học bạ,2025,24.0,Khoa học máy tính
103137,KSA,khoa-hoc-may-tinh,D24,Điểm học bạ,2025,24.0,Khoa học máy tính
103138,KSA,khoa-hoc-may-tinh,D25,Điểm học bạ,2025,24.0,Khoa học máy tính
103139,KSA,khoa-hoc-may-tinh,D26,Điểm học bạ,2025,24.0,Khoa học máy tính
103140,KSA,khoa-hoc-may-tinh,D27,Điểm học bạ,2025,24.0,Khoa học máy tính
103141,KSA,khoa-hoc-may-tinh,D28,Điểm học bạ,2025,24.0,Khoa học máy tính
103142,KSA,khoa-hoc-may-tinh,D29,Điểm học bạ,2025,24.0,Khoa học máy tính
103143,KSA,khoa-hoc-may-tinh,D30,Điểm học bạ,2025,24.0,Khoa học máy tính
103144,KSA,khoa-hoc-may-tinh,A00,Điểm thi THPT,2025,24.0,Khoa học máy tính
103145,KSA,khoa-hoc-may-tinh,A01,Điểm thi THPT,2025,24.0,Khoa học máy tính
103146,KSA,khoa-hoc-may-tinh,D01,Điểm thi THPT,2025,24.0,Khoa học máy tính
103147,KSA,khoa-hoc-may-tinh,D07,Điểm thi THPT,2025,24.0,Khoa học máy tính
103148,KSA,kiem-toan,A00,Điểm thi THPT,2021,26.1,Ngành Kiểm toán
103149,KSA,kiem-toan,A01,Điểm thi THPT,2021,26.1,Ngành Kiểm toán
103150,KSA,kiem-toan,D01,Điểm thi THPT,2021,26.1,Ngành Kiểm toán
103151,KSA,kiem-toan,D07,Điểm thi THPT,2021,26.1,Ngành Kiểm toán
103152,KSA,kiem-toan,A00,Điểm thi THPT,2022,27.8,Kiểm toán
103153,KSA,kiem-toan,A01,Điểm thi THPT,2022,27.8,Kiểm toán
103154,KSA,kiem-toan,D01,Điểm thi THPT,2022,27.8,Kiểm toán
103155,KSA,kiem-toan,D07,Điểm thi THPT,2022,27.8,Kiểm toán
103156,KSA,kiem-toan,A00,Điểm thi THPT,2023,26.3,Kiểm toán
103157,KSA,kiem-toan,A01,Điểm thi THPT,2023,26.3,Kiểm toán
103158,KSA,kiem-toan,D01,Điểm thi THPT,2023,26.3,Kiểm toán
103159,KSA,kiem-toan,D07,Điểm thi THPT,2023,26.3,Kiểm toán
103160,KSA,kiem-toan,A00,Điểm thi THPT,2024,26.5,Kiểm toán
103161,KSA,kiem-toan,A01,Điểm thi THPT,2024,26.5,Kiểm toán
103162,KSA,kiem-toan,D01,Điểm thi THPT,2024,26.5,Kiểm toán
103163,KSA,kiem-toan,D07,Điểm thi THPT,2024,26.5,Kiểm toán
103164,KSA,kiem-toan,A00,Điểm học bạ,2025,28.88,Kiểm toán
103165,KSA,kiem-toan,A01,Điểm học bạ,2025,28.88,Kiểm toán
103166,KSA,kiem-toan,D01,Điểm học bạ,2025,28.88,Kiểm toán
103167,KSA,kiem-toan,D02,Điểm học bạ,2025,28.88,Kiểm toán
103168,KSA,kiem-toan,D03,Điểm học bạ,2025,28.88,Kiểm toán
103169,KSA,kiem-toan,D04,Điểm học bạ,2025,28.88,Kiểm toán
103170,KSA,kiem-toan,D05,Điểm học bạ,2025,28.88,Kiểm toán
103171,KSA,kiem-toan,D06,Điểm học bạ,2025,28.88,Kiểm toán
103172,KSA,kiem-toan,D07,Điểm học bạ,2025,28.88,Kiểm toán
103173,KSA,kiem-toan,D09,Điểm học bạ,2025,28.88,Kiểm toán
103174,KSA,kiem-toan,D21,Điểm học bạ,2025,28.88,Kiểm toán
103175,KSA,kiem-toan,D22,Điểm học bạ,2025,28.88,Kiểm toán
103176,KSA,kiem-toan,D23,Điểm học bạ,2025,28.88,Kiểm toán
103177,KSA,kiem-toan,D24,Điểm học bạ,2025,28.88,Kiểm toán
103178,KSA,kiem-toan,D25,Điểm học bạ,2025,28.88,Kiểm toán
103179,KSA,kiem-toan,D26,Điểm học bạ,2025,28.88,Kiểm toán
103180,KSA,kiem-toan,D27,Điểm học bạ,2025,28.88,Kiểm toán
103181,KSA,kiem-toan,D28,Điểm học bạ,2025,28.88,Kiểm toán
103182,KSA,kiem-toan,D29,Điểm học bạ,2025,28.88,Kiểm toán
103183,KSA,kiem-toan,D30,Điểm học bạ,2025,28.88,Kiểm toán
103184,KSA,kiem-toan,D36,Điểm học bạ,2025,28.88,Kiểm toán
103185,KSA,kiem-toan,D37,Điểm học bạ,2025,28.88,Kiểm toán
103186,KSA,kiem-toan,D38,Điểm học bạ,2025,28.88,Kiểm toán
103187,KSA,kiem-toan,D39,Điểm học bạ,2025,28.88,Kiểm toán
103188,KSA,kiem-toan,D40,Điểm học bạ,2025,28.88,Kiểm toán
103189,KSA,kiem-toan,A00,Điểm thi THPT,2025,25.7,Kiểm toán
103190,KSA,kiem-toan,A01,Điểm thi THPT,2025,25.7,Kiểm toán
103191,KSA,kiem-toan,D01,Điểm thi THPT,2025,25.7,Kiểm toán
103192,KSA,kiem-toan,D07,Điểm thi THPT,2025,25.7,Kiểm toán
103193,KSA,kiem-toan,D09,Điểm thi THPT,2025,25.7,Kiểm toán
103194,KSA,kien-truc-do-thi,A00,Điểm thi THPT,2021,22.8,Ngành Kiến trúc đô thị
103195,KSA,kien-truc-do-thi,A01,Điểm thi THPT,2021,22.8,Ngành Kiến trúc đô thị
103196,KSA,kien-truc-do-thi,D01,Điểm thi THPT,2021,22.8,Ngành Kiến trúc đô thị
103197,KSA,kien-truc-do-thi,V00,Điểm thi THPT,2021,22.8,Ngành Kiến trúc đô thị
103198,KSA,kien-truc-do-thi,A00,Điểm thi THPT,2022,24.5,Kiến trúc đô thị
103199,KSA,kien-truc-do-thi,A01,Điểm thi THPT,2022,24.5,Kiến trúc đô thị
103200,KSA,kien-truc-do-thi,D01,Điểm thi THPT,2022,24.5,Kiến trúc đô thị
103201,KSA,kien-truc-do-thi,V00,Điểm thi THPT,2022,24.5,Kiến trúc đô thị
103202,KSA,kien-truc-va-thiet-ke-do-thi-thong-minh,A00,Điểm thi THPT,2023,24.63,Kiến trúc và thiết kế đô thị thông minh
103203,KSA,kien-truc-va-thiet-ke-do-thi-thong-minh,A01,Điểm thi THPT,2023,24.63,Kiến trúc và thiết kế đô thị thông minh
103204,KSA,kien-truc-va-thiet-ke-do-thi-thong-minh,D01,Điểm thi THPT,2023,24.63,Kiến trúc và thiết kế đô thị thông minh
103205,KSA,kien-truc-va-thiet-ke-do-thi-thong-minh,V00,Điểm thi THPT,2023,24.63,Kiến trúc và thiết kế đô thị thông minh
103206,KSA,kien-truc-va-thiet-ke-do-thi-thong-minh,A00,Điểm thi THPT,2024,24.7,Kiến trúc và thiết kế đô thị thông minh
103207,KSA,kien-truc-va-thiet-ke-do-thi-thong-minh,A01,Điểm thi THPT,2024,24.7,Kiến trúc và thiết kế đô thị thông minh
103208,KSA,kien-truc-va-thiet-ke-do-thi-thong-minh,D01,Điểm thi THPT,2024,24.7,Kiến trúc và thiết kế đô thị thông minh
103209,KSA,kien-truc-va-thiet-ke-do-thi-thong-minh,V00,Điểm thi THPT,2024,24.7,Kiến trúc và thiết kế đô thị thông minh
103210,KSA,kien-truc-va-thiet-ke-do-thi-thong-minh,A00,Điểm học bạ,2025,23.0,Kiến trúc và thiết kế đô thị thông minh
103211,KSA,kien-truc-va-thiet-ke-do-thi-thong-minh,A01,Điểm học bạ,2025,23.0,Kiến trúc và thiết kế đô thị thông minh
103212,KSA,kien-truc-va-thiet-ke-do-thi-thong-minh,D01,Điểm học bạ,2025,23.0,Kiến trúc và thiết kế đô thị thông minh
103213,KSA,kien-truc-va-thiet-ke-do-thi-thong-minh,D02,Điểm học bạ,2025,23.0,Kiến trúc và thiết kế đô thị thông minh
103214,KSA,kien-truc-va-thiet-ke-do-thi-thong-minh,D03,Điểm học bạ,2025,23.0,Kiến trúc và thiết kế đô thị thông minh
103215,KSA,kien-truc-va-thiet-ke-do-thi-thong-minh,D04,Điểm học bạ,2025,23.0,Kiến trúc và thiết kế đô thị thông minh
103216,KSA,kien-truc-va-thiet-ke-do-thi-thong-minh,D05,Điểm học bạ,2025,23.0,Kiến trúc và thiết kế đô thị thông minh
103217,KSA,kien-truc-va-thiet-ke-do-thi-thong-minh,D06,Điểm học bạ,2025,23.0,Kiến trúc và thiết kế đô thị thông minh
103218,KSA,kien-truc-va-thiet-ke-do-thi-thong-minh,D09,Điểm học bạ,2025,23.0,Kiến trúc và thiết kế đô thị thông minh
103219,KSA,kien-truc-va-thiet-ke-do-thi-thong-minh,D26,Điểm học bạ,2025,23.0,Kiến trúc và thiết kế đô thị thông minh
103220,KSA,kien-truc-va-thiet-ke-do-thi-thong-minh,D27,Điểm học bạ,2025,23.0,Kiến trúc và thiết kế đô thị thông minh
103221,KSA,kien-truc-va-thiet-ke-do-thi-thong-minh,D28,Điểm học bạ,2025,23.0,Kiến trúc và thiết kế đô thị thông minh
103222,KSA,kien-truc-va-thiet-ke-do-thi-thong-minh,D29,Điểm học bạ,2025,23.0,Kiến trúc và thiết kế đô thị thông minh
103223,KSA,kien-truc-va-thiet-ke-do-thi-thong-minh,D30,Điểm học bạ,2025,23.0,Kiến trúc và thiết kế đô thị thông minh
103224,KSA,kien-truc-va-thiet-ke-do-thi-thong-minh,D36,Điểm học bạ,2025,23.0,Kiến trúc và thiết kế đô thị thông minh
103225,KSA,kien-truc-va-thiet-ke-do-thi-thong-minh,D37,Điểm học bạ,2025,23.0,Kiến trúc và thiết kế đô thị thông minh
103226,KSA,kien-truc-va-thiet-ke-do-thi-thong-minh,D38,Điểm học bạ,2025,23.0,Kiến trúc và thiết kế đô thị thông minh
103227,KSA,kien-truc-va-thiet-ke-do-thi-thong-minh,D39,Điểm học bạ,2025,23.0,Kiến trúc và thiết kế đô thị thông minh
103228,KSA,kien-truc-va-thiet-ke-do-thi-thong-minh,D40,Điểm học bạ,2025,23.0,Kiến trúc và thiết kế đô thị thông minh
103229,KSA,kien-truc-va-thiet-ke-do-thi-thong-minh,A00,Điểm thi THPT,2025,23.0,Kiến trúc và thiết kế đô thị thông minh
103230,KSA,kien-truc-va-thiet-ke-do-thi-thong-minh,A01,Điểm thi THPT,2025,23.0,Kiến trúc và thiết kế đô thị thông minh
103231,KSA,kien-truc-va-thiet-ke-do-thi-thong-minh,D01,Điểm thi THPT,2025,23.0,Kiến trúc và thiết kế đô thị thông minh
103232,KSA,kien-truc-va-thiet-ke-do-thi-thong-minh,D09,Điểm thi THPT,2025,23.0,Kiến trúc và thiết kế đô thị thông minh
103233,KSA,kien-truc-va-thiet-ke-do-thi-thong-minh,V00,Điểm thi THPT,2025,23.0,Kiến trúc và thiết kế đô thị thông minh
103234,KSA,kinh-doanh-nong-nghiep,A00,Điểm thi THPT,2021,16.0,Ngành Kinh doanh nông nghiệp
103235,KSA,kinh-doanh-nong-nghiep,A01,Điểm thi THPT,2021,16.0,Ngành Kinh doanh nông nghiệp
103236,KSA,kinh-doanh-nong-nghiep,D01,Điểm thi THPT,2021,16.0,Ngành Kinh doanh nông nghiệp
103237,KSA,kinh-doanh-nong-nghiep,D07,Điểm thi THPT,2021,16.0,Ngành Kinh doanh nông nghiệp
103238,KSA,kinh-doanh-nong-nghiep,A00,Điểm thi THPT,2022,25.8,Kinh doanh nông nghiệp
103239,KSA,kinh-doanh-nong-nghiep,A01,Điểm thi THPT,2022,25.8,Kinh doanh nông nghiệp
103240,KSA,kinh-doanh-nong-nghiep,D01,Điểm thi THPT,2022,25.8,Kinh doanh nông nghiệp
103241,KSA,kinh-doanh-nong-nghiep,D07,Điểm thi THPT,2022,25.8,Kinh doanh nông nghiệp
103242,KSA,kinh-doanh-nong-nghiep,A00,Điểm thi THPT,2023,25.03,Kinh doanh nông nghiệp
103243,KSA,kinh-doanh-nong-nghiep,A01,Điểm thi THPT,2023,25.03,Kinh doanh nông nghiệp
103244,KSA,kinh-doanh-nong-nghiep,D01,Điểm thi THPT,2023,25.03,Kinh doanh nông nghiệp
103245,KSA,kinh-doanh-nong-nghiep,D07,Điểm thi THPT,2023,25.03,Kinh doanh nông nghiệp
103246,KSA,kinh-doanh-nong-nghiep,A00,Điểm thi THPT,2024,25.35,Kinh doanh nông nghiệp
103247,KSA,kinh-doanh-nong-nghiep,A01,Điểm thi THPT,2024,25.35,Kinh doanh nông nghiệp
103248,KSA,kinh-doanh-nong-nghiep,D01,Điểm thi THPT,2024,25.35,Kinh doanh nông nghiệp
103249,KSA,kinh-doanh-nong-nghiep,D07,Điểm thi THPT,2024,25.35,Kinh doanh nông nghiệp
103250,KSA,kinh-doanh-nong-nghiep,A00,Điểm học bạ,2025,25.84,Kinh doanh nông nghiệp
103251,KSA,kinh-doanh-nong-nghiep,A01,Điểm học bạ,2025,25.84,Kinh doanh nông nghiệp
103252,KSA,kinh-doanh-nong-nghiep,D01,Điểm học bạ,2025,25.84,Kinh doanh nông nghiệp
103253,KSA,kinh-doanh-nong-nghiep,D02,Điểm học bạ,2025,25.84,Kinh doanh nông nghiệp
103254,KSA,kinh-doanh-nong-nghiep,D03,Điểm học bạ,2025,25.84,Kinh doanh nông nghiệp
103255,KSA,kinh-doanh-nong-nghiep,D04,Điểm học bạ,2025,25.84,Kinh doanh nông nghiệp
103256,KSA,kinh-doanh-nong-nghiep,D05,Điểm học bạ,2025,25.84,Kinh doanh nông nghiệp
103257,KSA,kinh-doanh-nong-nghiep,D06,Điểm học bạ,2025,25.84,Kinh doanh nông nghiệp
103258,KSA,kinh-doanh-nong-nghiep,D07,Điểm học bạ,2025,25.84,Kinh doanh nông nghiệp
103259,KSA,kinh-doanh-nong-nghiep,D09,Điểm học bạ,2025,25.84,Kinh doanh nông nghiệp
103260,KSA,kinh-doanh-nong-nghiep,D21,Điểm học bạ,2025,25.84,Kinh doanh nông nghiệp
103261,KSA,kinh-doanh-nong-nghiep,D22,Điểm học bạ,2025,25.84,Kinh doanh nông nghiệp
103262,KSA,kinh-doanh-nong-nghiep,D23,Điểm học bạ,2025,25.84,Kinh doanh nông nghiệp
103263,KSA,kinh-doanh-nong-nghiep,D24,Điểm học bạ,2025,25.84,Kinh doanh nông nghiệp
103264,KSA,kinh-doanh-nong-nghiep,D25,Điểm học bạ,2025,25.84,Kinh doanh nông nghiệp
103265,KSA,kinh-doanh-nong-nghiep,D26,Điểm học bạ,2025,25.84,Kinh doanh nông nghiệp
103266,KSA,kinh-doanh-nong-nghiep,D27,Điểm học bạ,2025,25.84,Kinh doanh nông nghiệp
103267,KSA,kinh-doanh-nong-nghiep,D28,Điểm học bạ,2025,25.84,Kinh doanh nông nghiệp
103268,KSA,kinh-doanh-nong-nghiep,D29,Điểm học bạ,2025,25.84,Kinh doanh nông nghiệp
103269,KSA,kinh-doanh-nong-nghiep,D30,Điểm học bạ,2025,25.84,Kinh doanh nông nghiệp
103270,KSA,kinh-doanh-nong-nghiep,D36,Điểm học bạ,2025,25.84,Kinh doanh nông nghiệp
103271,KSA,kinh-doanh-nong-nghiep,D37,Điểm học bạ,2025,25.84,Kinh doanh nông nghiệp
103272,KSA,kinh-doanh-nong-nghiep,D38,Điểm học bạ,2025,25.84,Kinh doanh nông nghiệp
103273,KSA,kinh-doanh-nong-nghiep,D39,Điểm học bạ,2025,25.84,Kinh doanh nông nghiệp
103274,KSA,kinh-doanh-nong-nghiep,D40,Điểm học bạ,2025,25.84,Kinh doanh nông nghiệp
103275,KSA,kinh-doanh-nong-nghiep,A00,Điểm thi THPT,2025,23.0,Kinh doanh nông nghiệp
103276,KSA,kinh-doanh-nong-nghiep,A01,Điểm thi THPT,2025,23.0,Kinh doanh nông nghiệp
103277,KSA,kinh-doanh-nong-nghiep,D01,Điểm thi THPT,2025,23.0,Kinh doanh nông nghiệp
103278,KSA,kinh-doanh-nong-nghiep,D07,Điểm thi THPT,2025,23.0,Kinh doanh nông nghiệp
103279,KSA,kinh-doanh-nong-nghiep,D09,Điểm thi THPT,2025,23.0,Kinh doanh nông nghiệp
103280,KSA,kinh-doanh-quoc-te,A00,Điểm thi THPT,2021,27.0,Ngành Kinh doanh quốc tế
103281,KSA,kinh-doanh-quoc-te,A01,Điểm thi THPT,2021,27.0,Ngành Kinh doanh quốc tế
103282,KSA,kinh-doanh-quoc-te,D01,Điểm thi THPT,2021,27.0,Ngành Kinh doanh quốc tế
103283,KSA,kinh-doanh-quoc-te,D07,Điểm thi THPT,2021,27.0,Ngành Kinh doanh quốc tế
103284,KSA,kinh-doanh-quoc-te,A00,Điểm thi THPT,2022,27.0,Kinh doanh quốc tế
103285,KSA,kinh-doanh-quoc-te,A01,Điểm thi THPT,2022,27.0,Kinh doanh quốc tế
103286,KSA,kinh-doanh-quoc-te,D01,Điểm thi THPT,2022,27.0,Kinh doanh quốc tế
103287,KSA,kinh-doanh-quoc-te,D07,Điểm thi THPT,2022,27.0,Kinh doanh quốc tế
103288,KSA,kinh-doanh-quoc-te,A00,Điểm thi THPT,2023,26.6,Kinh doanh quốc tế
103289,KSA,kinh-doanh-quoc-te,A01,Điểm thi THPT,2023,26.6,Kinh doanh quốc tế
103290,KSA,kinh-doanh-quoc-te,D01,Điểm thi THPT,2023,26.6,Kinh doanh quốc tế
103291,KSA,kinh-doanh-quoc-te,D07,Điểm thi THPT,2023,26.6,Kinh doanh quốc tế
103292,KSA,kinh-doanh-quoc-te,A00,Điểm thi THPT,2024,26.72,Kinh doanh quốc tế
103293,KSA,kinh-doanh-quoc-te,A01,Điểm thi THPT,2024,26.72,Kinh doanh quốc tế
103294,KSA,kinh-doanh-quoc-te,D01,Điểm thi THPT,2024,26.72,Kinh doanh quốc tế
103295,KSA,kinh-doanh-quoc-te,D07,Điểm thi THPT,2024,26.72,Kinh doanh quốc tế
103296,KSA,kinh-doanh-quoc-te,A00,Điểm học bạ,2025,26.3,Kinh doanh quốc tế
103297,KSA,kinh-doanh-quoc-te,A01,Điểm học bạ,2025,26.3,Kinh doanh quốc tế
103298,KSA,kinh-doanh-quoc-te,D01,Điểm học bạ,2025,26.3,Kinh doanh quốc tế
103299,KSA,kinh-doanh-quoc-te,D02,Điểm học bạ,2025,26.3,Kinh doanh quốc tế
103300,KSA,kinh-doanh-quoc-te,D03,Điểm học bạ,2025,26.3,Kinh doanh quốc tế
103301,KSA,kinh-doanh-quoc-te,D04,Điểm học bạ,2025,26.3,Kinh doanh quốc tế
103302,KSA,kinh-doanh-quoc-te,D05,Điểm học bạ,2025,26.3,Kinh doanh quốc tế
103303,KSA,kinh-doanh-quoc-te,D06,Điểm học bạ,2025,26.3,Kinh doanh quốc tế
103304,KSA,kinh-doanh-quoc-te,D07,Điểm học bạ,2025,26.3,Kinh doanh quốc tế
103305,KSA,kinh-doanh-quoc-te,D09,Điểm học bạ,2025,26.3,Kinh doanh quốc tế
103306,KSA,kinh-doanh-quoc-te,D21,Điểm học bạ,2025,26.3,Kinh doanh quốc tế
103307,KSA,kinh-doanh-quoc-te,D22,Điểm học bạ,2025,26.3,Kinh doanh quốc tế
103308,KSA,kinh-doanh-quoc-te,D23,Điểm học bạ,2025,26.3,Kinh doanh quốc tế
103309,KSA,kinh-doanh-quoc-te,D24,Điểm học bạ,2025,26.3,Kinh doanh quốc tế
103310,KSA,kinh-doanh-quoc-te,D25,Điểm học bạ,2025,26.3,Kinh doanh quốc tế
103311,KSA,kinh-doanh-quoc-te,D26,Điểm học bạ,2025,26.3,Kinh doanh quốc tế
103312,KSA,kinh-doanh-quoc-te,D27,Điểm học bạ,2025,26.3,Kinh doanh quốc tế
103313,KSA,kinh-doanh-quoc-te,D28,Điểm học bạ,2025,26.3,Kinh doanh quốc tế
103314,KSA,kinh-doanh-quoc-te,D29,Điểm học bạ,2025,26.3,Kinh doanh quốc tế
103315,KSA,kinh-doanh-quoc-te,D30,Điểm học bạ,2025,26.3,Kinh doanh quốc tế
103316,KSA,kinh-doanh-quoc-te,D36,Điểm học bạ,2025,26.3,Kinh doanh quốc tế
103317,KSA,kinh-doanh-quoc-te,D37,Điểm học bạ,2025,26.3,Kinh doanh quốc tế
103318,KSA,kinh-doanh-quoc-te,D38,Điểm học bạ,2025,26.3,Kinh doanh quốc tế
103319,KSA,kinh-doanh-quoc-te,D39,Điểm học bạ,2025,26.3,Kinh doanh quốc tế
103320,KSA,kinh-doanh-quoc-te,D40,Điểm học bạ,2025,26.3,Kinh doanh quốc tế
103321,KSA,kinh-doanh-quoc-te,A00,Điểm thi THPT,2025,26.3,Kinh doanh quốc tế
103322,KSA,kinh-doanh-quoc-te,A01,Điểm thi THPT,2025,26.3,Kinh doanh quốc tế
103323,KSA,kinh-doanh-quoc-te,D01,Điểm thi THPT,2025,26.3,Kinh doanh quốc tế
103324,KSA,kinh-doanh-quoc-te,D07,Điểm thi THPT,2025,26.3,Kinh doanh quốc tế
103325,KSA,kinh-doanh-quoc-te,D09,Điểm thi THPT,2025,26.3,Kinh doanh quốc tế
103326,KSA,kinh-doanh-so,A00,Điểm thi THPT,2023,26.5,Kinh doanh số
103327,KSA,kinh-doanh-so,A01,Điểm thi THPT,2023,26.5,Kinh doanh số
103328,KSA,kinh-doanh-so,D01,Điểm thi THPT,2023,26.5,Kinh doanh số
103329,KSA,kinh-doanh-so,D07,Điểm thi THPT,2023,26.5,Kinh doanh số
103330,KSA,kinh-doanh-so,A00,Điểm thi THPT,2024,26.41,Kinh doanh số
103331,KSA,kinh-doanh-so,A01,Điểm thi THPT,2024,26.41,Kinh doanh số
103332,KSA,kinh-doanh-so,D01,Điểm thi THPT,2024,26.41,Kinh doanh số
103333,KSA,kinh-doanh-so,D07,Điểm thi THPT,2024,26.41,Kinh doanh số
103334,KSA,kinh-doanh-so,A00,Điểm học bạ,2025,25.6,Kinh doanh số
103335,KSA,kinh-doanh-so,A01,Điểm học bạ,2025,25.6,Kinh doanh số
103336,KSA,kinh-doanh-so,D01,Điểm học bạ,2025,25.6,Kinh doanh số
103337,KSA,kinh-doanh-so,D02,Điểm học bạ,2025,25.6,Kinh doanh số
103338,KSA,kinh-doanh-so,D03,Điểm học bạ,2025,25.6,Kinh doanh số
103339,KSA,kinh-doanh-so,D04,Điểm học bạ,2025,25.6,Kinh doanh số
103340,KSA,kinh-doanh-so,D05,Điểm học bạ,2025,25.6,Kinh doanh số
103341,KSA,kinh-doanh-so,D06,Điểm học bạ,2025,25.6,Kinh doanh số
103342,KSA,kinh-doanh-so,D07,Điểm học bạ,2025,25.6,Kinh doanh số
103343,KSA,kinh-doanh-so,D09,Điểm học bạ,2025,25.6,Kinh doanh số
103344,KSA,kinh-doanh-so,D21,Điểm học bạ,2025,25.6,Kinh doanh số
103345,KSA,kinh-doanh-so,D22,Điểm học bạ,2025,25.6,Kinh doanh số
103346,KSA,kinh-doanh-so,D23,Điểm học bạ,2025,25.6,Kinh doanh số
103347,KSA,kinh-doanh-so,D24,Điểm học bạ,2025,25.6,Kinh doanh số
103348,KSA,kinh-doanh-so,D25,Điểm học bạ,2025,25.6,Kinh doanh số
103349,KSA,kinh-doanh-so,D26,Điểm học bạ,2025,25.6,Kinh doanh số
103350,KSA,kinh-doanh-so,D27,Điểm học bạ,2025,25.6,Kinh doanh số
103351,KSA,kinh-doanh-so,D28,Điểm học bạ,2025,25.6,Kinh doanh số
103352,KSA,kinh-doanh-so,D29,Điểm học bạ,2025,25.6,Kinh doanh số
103353,KSA,kinh-doanh-so,D30,Điểm học bạ,2025,25.6,Kinh doanh số
103354,KSA,kinh-doanh-so,D36,Điểm học bạ,2025,25.6,Kinh doanh số
103355,KSA,kinh-doanh-so,D37,Điểm học bạ,2025,25.6,Kinh doanh số
103356,KSA,kinh-doanh-so,D38,Điểm học bạ,2025,25.6,Kinh doanh số
103357,KSA,kinh-doanh-so,D39,Điểm học bạ,2025,25.6,Kinh doanh số
103358,KSA,kinh-doanh-so,D40,Điểm học bạ,2025,25.6,Kinh doanh số
103359,KSA,kinh-doanh-so,A00,Điểm thi THPT,2025,25.6,Kinh doanh số
103360,KSA,kinh-doanh-so,A01,Điểm thi THPT,2025,25.6,Kinh doanh số
103361,KSA,kinh-doanh-so,D01,Điểm thi THPT,2025,25.6,Kinh doanh số
103362,KSA,kinh-doanh-so,D07,Điểm thi THPT,2025,25.6,Kinh doanh số
103363,KSA,kinh-doanh-so,D09,Điểm thi THPT,2025,25.6,Kinh doanh số
103364,KSA,kinh-doanh-thuong-mai,A00,Điểm thi THPT,2021,27.0,Ngành Kinh doanh thương mại
103365,KSA,kinh-doanh-thuong-mai,A01,Điểm thi THPT,2021,27.0,Ngành Kinh doanh thương mại
103366,KSA,kinh-doanh-thuong-mai,D01,Điểm thi THPT,2021,27.0,Ngành Kinh doanh thương mại
103367,KSA,kinh-doanh-thuong-mai,D07,Điểm thi THPT,2021,27.0,Ngành Kinh doanh thương mại
103368,KSA,kinh-doanh-thuong-mai,A00,Điểm thi THPT,2022,26.9,Kinh doanh thương mại
103369,KSA,kinh-doanh-thuong-mai,A01,Điểm thi THPT,2022,26.9,Kinh doanh thương mại
103370,KSA,kinh-doanh-thuong-mai,D01,Điểm thi THPT,2022,26.9,Kinh doanh thương mại
103371,KSA,kinh-doanh-thuong-mai,D07,Điểm thi THPT,2022,26.9,Kinh doanh thương mại
103372,KSA,kinh-doanh-thuong-mai,A00,Điểm thi THPT,2023,26.5,Kinh doanh thương mại
103373,KSA,kinh-doanh-thuong-mai,A01,Điểm thi THPT,2023,26.5,Kinh doanh thương mại
103374,KSA,kinh-doanh-thuong-mai,D01,Điểm thi THPT,2023,26.5,Kinh doanh thương mại
103375,KSA,kinh-doanh-thuong-mai,D07,Điểm thi THPT,2023,26.5,Kinh doanh thương mại
103376,KSA,kinh-doanh-thuong-mai,A00,Điểm thi THPT,2024,26.54,Kinh doanh thương mại
103377,KSA,kinh-doanh-thuong-mai,A01,Điểm thi THPT,2024,26.54,Kinh doanh thương mại
103378,KSA,kinh-doanh-thuong-mai,D01,Điểm thi THPT,2024,26.54,Kinh doanh thương mại
103379,KSA,kinh-doanh-thuong-mai,D07,Điểm thi THPT,2024,26.54,Kinh doanh thương mại
103380,KSA,kinh-doanh-thuong-mai,A00,Điểm học bạ,2025,28.99,Kinh doanh thương mại
103381,KSA,kinh-doanh-thuong-mai,A01,Điểm học bạ,2025,28.99,Kinh doanh thương mại
103382,KSA,kinh-doanh-thuong-mai,D01,Điểm học bạ,2025,28.99,Kinh doanh thương mại
103383,KSA,kinh-doanh-thuong-mai,D02,Điểm học bạ,2025,28.99,Kinh doanh thương mại
103384,KSA,kinh-doanh-thuong-mai,D03,Điểm học bạ,2025,28.99,Kinh doanh thương mại
103385,KSA,kinh-doanh-thuong-mai,D04,Điểm học bạ,2025,28.99,Kinh doanh thương mại
103386,KSA,kinh-doanh-thuong-mai,D05,Điểm học bạ,2025,28.99,Kinh doanh thương mại
103387,KSA,kinh-doanh-thuong-mai,D06,Điểm học bạ,2025,28.99,Kinh doanh thương mại
103388,KSA,kinh-doanh-thuong-mai,D07,Điểm học bạ,2025,28.99,Kinh doanh thương mại
103389,KSA,kinh-doanh-thuong-mai,D09,Điểm học bạ,2025,28.99,Kinh doanh thương mại
103390,KSA,kinh-doanh-thuong-mai,D21,Điểm học bạ,2025,28.99,Kinh doanh thương mại
103391,KSA,kinh-doanh-thuong-mai,D22,Điểm học bạ,2025,28.99,Kinh doanh thương mại
103392,KSA,kinh-doanh-thuong-mai,D23,Điểm học bạ,2025,28.99,Kinh doanh thương mại
103393,KSA,kinh-doanh-thuong-mai,D24,Điểm học bạ,2025,28.99,Kinh doanh thương mại
103394,KSA,kinh-doanh-thuong-mai,D25,Điểm học bạ,2025,28.99,Kinh doanh thương mại
103395,KSA,kinh-doanh-thuong-mai,D26,Điểm học bạ,2025,28.99,Kinh doanh thương mại
103396,KSA,kinh-doanh-thuong-mai,D27,Điểm học bạ,2025,28.99,Kinh doanh thương mại
103397,KSA,kinh-doanh-thuong-mai,D28,Điểm học bạ,2025,28.99,Kinh doanh thương mại
103398,KSA,kinh-doanh-thuong-mai,D29,Điểm học bạ,2025,28.99,Kinh doanh thương mại
103399,KSA,kinh-doanh-thuong-mai,D30,Điểm học bạ,2025,28.99,Kinh doanh thương mại
103400,KSA,kinh-doanh-thuong-mai,D36,Điểm học bạ,2025,28.99,Kinh doanh thương mại
103401,KSA,kinh-doanh-thuong-mai,D37,Điểm học bạ,2025,28.99,Kinh doanh thương mại
103402,KSA,kinh-doanh-thuong-mai,D38,Điểm học bạ,2025,28.99,Kinh doanh thương mại
103403,KSA,kinh-doanh-thuong-mai,D39,Điểm học bạ,2025,28.99,Kinh doanh thương mại
103404,KSA,kinh-doanh-thuong-mai,D40,Điểm học bạ,2025,28.99,Kinh doanh thương mại
103405,KSA,kinh-doanh-thuong-mai,A00,Điểm thi THPT,2025,25.8,Kinh doanh thương mại
103406,KSA,kinh-doanh-thuong-mai,A01,Điểm thi THPT,2025,25.8,Kinh doanh thương mại
103407,KSA,kinh-doanh-thuong-mai,D01,Điểm thi THPT,2025,25.8,Kinh doanh thương mại
103408,KSA,kinh-doanh-thuong-mai,D07,Điểm thi THPT,2025,25.8,Kinh doanh thương mại
103409,KSA,kinh-doanh-thuong-mai,D09,Điểm thi THPT,2025,25.8,Kinh doanh thương mại
103410,KSA,kinh-te,A00,Điểm thi THPT,2021,26.3,Ngành Kinh tế
103411,KSA,kinh-te,A01,Điểm thi THPT,2021,26.3,Ngành Kinh tế
103412,KSA,kinh-te,D01,Điểm thi THPT,2021,26.3,Ngành Kinh tế
103413,KSA,kinh-te,D07,Điểm thi THPT,2021,26.3,Ngành Kinh tế
103414,KSA,kinh-te,A00,Điểm thi THPT,2022,26.5,Kinh tế
103415,KSA,kinh-te,A01,Điểm thi THPT,2022,26.5,Kinh tế
103416,KSA,kinh-te,D01,Điểm thi THPT,2022,26.5,Kinh tế
103417,KSA,kinh-te,D07,Điểm thi THPT,2022,26.5,Kinh tế
103418,KSA,kinh-te,A00,Điểm thi THPT,2023,26.1,Kinh tế
103419,KSA,kinh-te,A01,Điểm thi THPT,2023,26.1,Kinh tế
103420,KSA,kinh-te,D01,Điểm thi THPT,2023,26.1,Kinh tế
103421,KSA,kinh-te,D07,Điểm thi THPT,2023,26.1,Kinh tế
103422,KSA,kinh-te,A00,Điểm thi THPT,2024,26.3,Kinh tế
103423,KSA,kinh-te,A01,Điểm thi THPT,2024,26.3,Kinh tế
103424,KSA,kinh-te,D01,Điểm thi THPT,2024,26.3,Kinh tế
103425,KSA,kinh-te,D07,Điểm thi THPT,2024,26.3,Kinh tế
103426,KSA,kinh-te,A00,Điểm học bạ,2025,25.4,Kinh tế
103427,KSA,kinh-te,A01,Điểm học bạ,2025,25.4,Kinh tế
103428,KSA,kinh-te,D01,Điểm học bạ,2025,25.4,Kinh tế
103429,KSA,kinh-te,D02,Điểm học bạ,2025,25.4,Kinh tế
103430,KSA,kinh-te,D03,Điểm học bạ,2025,25.4,Kinh tế
103431,KSA,kinh-te,D04,Điểm học bạ,2025,25.4,Kinh tế
103432,KSA,kinh-te,D05,Điểm học bạ,2025,25.4,Kinh tế
103433,KSA,kinh-te,D06,Điểm học bạ,2025,25.4,Kinh tế
103434,KSA,kinh-te,D07,Điểm học bạ,2025,25.4,Kinh tế
103435,KSA,kinh-te,D09,Điểm học bạ,2025,25.4,Kinh tế
103436,KSA,kinh-te,D21,Điểm học bạ,2025,25.4,Kinh tế
103437,KSA,kinh-te,D22,Điểm học bạ,2025,25.4,Kinh tế
103438,KSA,kinh-te,D23,Điểm học bạ,2025,25.4,Kinh tế
103439,KSA,kinh-te,D24,Điểm học bạ,2025,25.4,Kinh tế
103440,KSA,kinh-te,D25,Điểm học bạ,2025,25.4,Kinh tế
103441,KSA,kinh-te,D26,Điểm học bạ,2025,25.4,Kinh tế
103442,KSA,kinh-te,D27,Điểm học bạ,2025,25.4,Kinh tế
103443,KSA,kinh-te,D28,Điểm học bạ,2025,25.4,Kinh tế
103444,KSA,kinh-te,D29,Điểm học bạ,2025,25.4,Kinh tế
103445,KSA,kinh-te,D30,Điểm học bạ,2025,25.4,Kinh tế
103446,KSA,kinh-te,D36,Điểm học bạ,2025,25.4,Kinh tế
103447,KSA,kinh-te,D37,Điểm học bạ,2025,25.4,Kinh tế
103448,KSA,kinh-te,D38,Điểm học bạ,2025,25.4,Kinh tế
103449,KSA,kinh-te,D39,Điểm học bạ,2025,25.4,Kinh tế
103450,KSA,kinh-te,D40,Điểm học bạ,2025,25.4,Kinh tế
103451,KSA,kinh-te,A00,Điểm thi THPT,2025,25.4,Kinh tế
103452,KSA,kinh-te,A01,Điểm thi THPT,2025,25.4,Kinh tế
103453,KSA,kinh-te,D01,Điểm thi THPT,2025,25.4,Kinh tế
103454,KSA,kinh-te,D07,Điểm thi THPT,2025,25.4,Kinh tế
103455,KSA,kinh-te,D09,Điểm thi THPT,2025,25.4,Kinh tế
103456,KSA,kinh-te-chinh-tri,A00,Điểm thi THPT,2023,22.5,Kinh tế chính trị
103457,KSA,kinh-te-chinh-tri,A01,Điểm thi THPT,2023,22.5,Kinh tế chính trị
103458,KSA,kinh-te-chinh-tri,D01,Điểm thi THPT,2023,22.5,Kinh tế chính trị
103459,KSA,kinh-te-chinh-tri,D07,Điểm thi THPT,2023,22.5,Kinh tế chính trị
103460,KSA,kinh-te-chinh-tri,A00,Điểm thi THPT,2024,24.9,Kinh tế chính trị
103461,KSA,kinh-te-chinh-tri,A01,Điểm thi THPT,2024,24.9,Kinh tế chính trị
103462,KSA,kinh-te-chinh-tri,D01,Điểm thi THPT,2024,24.9,Kinh tế chính trị
103463,KSA,kinh-te-chinh-tri,D07,Điểm thi THPT,2024,24.9,Kinh tế chính trị
103464,KSA,kinh-te-chinh-tri,A00,Điểm học bạ,2025,24.0,Kinh tế chính trị
103465,KSA,kinh-te-chinh-tri,A01,Điểm học bạ,2025,24.0,Kinh tế chính trị
103466,KSA,kinh-te-chinh-tri,D01,Điểm học bạ,2025,24.0,Kinh tế chính trị
103467,KSA,kinh-te-chinh-tri,D02,Điểm học bạ,2025,24.0,Kinh tế chính trị
103468,KSA,kinh-te-chinh-tri,D03,Điểm học bạ,2025,24.0,Kinh tế chính trị
103469,KSA,kinh-te-chinh-tri,D04,Điểm học bạ,2025,24.0,Kinh tế chính trị
103470,KSA,kinh-te-chinh-tri,D05,Điểm học bạ,2025,24.0,Kinh tế chính trị
103471,KSA,kinh-te-chinh-tri,D06,Điểm học bạ,2025,24.0,Kinh tế chính trị
103472,KSA,kinh-te-chinh-tri,D07,Điểm học bạ,2025,24.0,Kinh tế chính trị
103473,KSA,kinh-te-chinh-tri,D09,Điểm học bạ,2025,24.0,Kinh tế chính trị
103474,KSA,kinh-te-chinh-tri,D21,Điểm học bạ,2025,24.0,Kinh tế chính trị
103475,KSA,kinh-te-chinh-tri,D22,Điểm học bạ,2025,24.0,Kinh tế chính trị
103476,KSA,kinh-te-chinh-tri,D23,Điểm học bạ,2025,24.0,Kinh tế chính trị
103477,KSA,kinh-te-chinh-tri,D24,Điểm học bạ,2025,24.0,Kinh tế chính trị
103478,KSA,kinh-te-chinh-tri,D25,Điểm học bạ,2025,24.0,Kinh tế chính trị
103479,KSA,kinh-te-chinh-tri,D26,Điểm học bạ,2025,24.0,Kinh tế chính trị
103480,KSA,kinh-te-chinh-tri,D27,Điểm học bạ,2025,24.0,Kinh tế chính trị
103481,KSA,kinh-te-chinh-tri,D28,Điểm học bạ,2025,24.0,Kinh tế chính trị
103482,KSA,kinh-te-chinh-tri,D29,Điểm học bạ,2025,24.0,Kinh tế chính trị
103483,KSA,kinh-te-chinh-tri,D30,Điểm học bạ,2025,24.0,Kinh tế chính trị
103484,KSA,kinh-te-chinh-tri,D36,Điểm học bạ,2025,24.0,Kinh tế chính trị
103485,KSA,kinh-te-chinh-tri,D37,Điểm học bạ,2025,24.0,Kinh tế chính trị
103486,KSA,kinh-te-chinh-tri,D38,Điểm học bạ,2025,24.0,Kinh tế chính trị
103487,KSA,kinh-te-chinh-tri,D39,Điểm học bạ,2025,24.0,Kinh tế chính trị
103488,KSA,kinh-te-chinh-tri,D40,Điểm học bạ,2025,24.0,Kinh tế chính trị
103489,KSA,kinh-te-chinh-tri,A00,Điểm thi THPT,2025,24.0,Kinh tế chính trị
103490,KSA,kinh-te-chinh-tri,A01,Điểm thi THPT,2025,24.0,Kinh tế chính trị
103491,KSA,kinh-te-chinh-tri,D01,Điểm thi THPT,2025,24.0,Kinh tế chính trị
103492,KSA,kinh-te-chinh-tri,D07,Điểm thi THPT,2025,24.0,Kinh tế chính trị
103493,KSA,kinh-te-chinh-tri,D09,Điểm thi THPT,2025,24.0,Kinh tế chính trị
103494,KSA,kinh-te-dau-tu,A00,Điểm thi THPT,2021,25.4,Ngành Kinh tế đầu tư
103495,KSA,kinh-te-dau-tu,A01,Điểm thi THPT,2021,25.4,Ngành Kinh tế đầu tư
103496,KSA,kinh-te-dau-tu,D01,Điểm thi THPT,2021,25.4,Ngành Kinh tế đầu tư
103497,KSA,kinh-te-dau-tu,D07,Điểm thi THPT,2021,25.4,Ngành Kinh tế đầu tư
103498,KSA,kinh-te-dau-tu,A00,Điểm thi THPT,2022,26.0,Kinh tế đầu tư
103499,KSA,kinh-te-dau-tu,A01,Điểm thi THPT,2022,26.0,Kinh tế đầu tư
103500,KSA,kinh-te-dau-tu,D01,Điểm thi THPT,2022,26.0,Kinh tế đầu tư
103501,KSA,kinh-te-dau-tu,D07,Điểm thi THPT,2022,26.0,Kinh tế đầu tư
103502,KSA,kinh-te-dau-tu,A00,Điểm thi THPT,2023,25.94,Kinh tế đầu tư
103503,KSA,kinh-te-dau-tu,A01,Điểm thi THPT,2023,25.94,Kinh tế đầu tư
103504,KSA,kinh-te-dau-tu,D01,Điểm thi THPT,2023,25.94,Kinh tế đầu tư
103505,KSA,kinh-te-dau-tu,D07,Điểm thi THPT,2023,25.94,Kinh tế đầu tư
103506,KSA,kinh-te-dau-tu,A00,Điểm thi THPT,2024,26.1,Kinh tế đầu tư
103507,KSA,kinh-te-dau-tu,A01,Điểm thi THPT,2024,26.1,Kinh tế đầu tư
103508,KSA,kinh-te-dau-tu,D01,Điểm thi THPT,2024,26.1,Kinh tế đầu tư
103509,KSA,kinh-te-dau-tu,D07,Điểm thi THPT,2024,26.1,Kinh tế đầu tư
103510,KSA,kinh-te-dau-tu,A00,Điểm học bạ,2025,24.05,Kinh tế đầu tư
103511,KSA,kinh-te-dau-tu,A01,Điểm học bạ,2025,24.05,Kinh tế đầu tư
103512,KSA,kinh-te-dau-tu,D01,Điểm học bạ,2025,24.05,Kinh tế đầu tư
103513,KSA,kinh-te-dau-tu,D02,Điểm học bạ,2025,24.05,Kinh tế đầu tư
103514,KSA,kinh-te-dau-tu,D03,Điểm học bạ,2025,24.05,Kinh tế đầu tư
103515,KSA,kinh-te-dau-tu,D04,Điểm học bạ,2025,24.05,Kinh tế đầu tư
103516,KSA,kinh-te-dau-tu,D05,Điểm học bạ,2025,24.05,Kinh tế đầu tư
103517,KSA,kinh-te-dau-tu,D06,Điểm học bạ,2025,24.05,Kinh tế đầu tư
103518,KSA,kinh-te-dau-tu,D07,Điểm học bạ,2025,24.05,Kinh tế đầu tư
103519,KSA,kinh-te-dau-tu,D09,Điểm học bạ,2025,24.05,Kinh tế đầu tư
103520,KSA,kinh-te-dau-tu,D21,Điểm học bạ,2025,24.05,Kinh tế đầu tư
103521,KSA,kinh-te-dau-tu,D22,Điểm học bạ,2025,24.05,Kinh tế đầu tư
103522,KSA,kinh-te-dau-tu,D23,Điểm học bạ,2025,24.05,Kinh tế đầu tư
103523,KSA,kinh-te-dau-tu,D24,Điểm học bạ,2025,24.05,Kinh tế đầu tư
103524,KSA,kinh-te-dau-tu,D25,Điểm học bạ,2025,24.05,Kinh tế đầu tư
103525,KSA,kinh-te-dau-tu,D26,Điểm học bạ,2025,24.05,Kinh tế đầu tư
103526,KSA,kinh-te-dau-tu,D27,Điểm học bạ,2025,24.05,Kinh tế đầu tư
103527,KSA,kinh-te-dau-tu,D28,Điểm học bạ,2025,24.05,Kinh tế đầu tư
103528,KSA,kinh-te-dau-tu,D29,Điểm học bạ,2025,24.05,Kinh tế đầu tư
103529,KSA,kinh-te-dau-tu,D30,Điểm học bạ,2025,24.05,Kinh tế đầu tư
103530,KSA,kinh-te-dau-tu,D36,Điểm học bạ,2025,24.05,Kinh tế đầu tư
103531,KSA,kinh-te-dau-tu,D37,Điểm học bạ,2025,24.05,Kinh tế đầu tư
103532,KSA,kinh-te-dau-tu,D38,Điểm học bạ,2025,24.05,Kinh tế đầu tư
103533,KSA,kinh-te-dau-tu,D39,Điểm học bạ,2025,24.05,Kinh tế đầu tư
103534,KSA,kinh-te-dau-tu,D40,Điểm học bạ,2025,24.05,Kinh tế đầu tư
103535,KSA,kinh-te-dau-tu,A00,Điểm thi THPT,2025,24.05,Kinh tế đầu tư
103536,KSA,kinh-te-dau-tu,A01,Điểm thi THPT,2025,24.05,Kinh tế đầu tư
103537,KSA,kinh-te-dau-tu,D01,Điểm thi THPT,2025,24.05,Kinh tế đầu tư
103538,KSA,kinh-te-dau-tu,D07,Điểm thi THPT,2025,24.05,Kinh tế đầu tư
103539,KSA,kinh-te-dau-tu,D09,Điểm thi THPT,2025,24.05,Kinh tế đầu tư
103540,KSA,ky-thuat-phan-mem,A00,Điểm thi THPT,2021,26.2,Ngành Kỹ thuật phần mềm
103541,KSA,ky-thuat-phan-mem,A01,Điểm thi THPT,2021,26.2,Ngành Kỹ thuật phần mềm
103542,KSA,ky-thuat-phan-mem,D01,Điểm thi THPT,2021,26.2,Ngành Kỹ thuật phần mềm
103543,KSA,ky-thuat-phan-mem,D07,Điểm thi THPT,2021,26.2,Ngành Kỹ thuật phần mềm
103544,KSA,ky-thuat-phan-mem,A00,Điểm thi THPT,2022,26.3,Kỹ thuật phần mềm
103545,KSA,ky-thuat-phan-mem,A01,Điểm thi THPT,2022,26.3,Kỹ thuật phần mềm
103546,KSA,ky-thuat-phan-mem,D01,Điểm thi THPT,2022,26.3,Kỹ thuật phần mềm
103547,KSA,ky-thuat-phan-mem,D07,Điểm thi THPT,2022,26.3,Kỹ thuật phần mềm
103548,KSA,ky-thuat-phan-mem,A00,Điểm thi THPT,2023,25.8,Kỹ thuật phần mềm
103549,KSA,ky-thuat-phan-mem,A01,Điểm thi THPT,2023,25.8,Kỹ thuật phần mềm
103550,KSA,ky-thuat-phan-mem,D01,Điểm thi THPT,2023,25.8,Kỹ thuật phần mềm
103551,KSA,ky-thuat-phan-mem,D07,Điểm thi THPT,2023,25.8,Kỹ thuật phần mềm
103552,KSA,ky-thuat-phan-mem,A00,Điểm thi THPT,2024,25.43,Kỹ thuật phần mềm
103553,KSA,ky-thuat-phan-mem,A01,Điểm thi THPT,2024,25.43,Kỹ thuật phần mềm
103554,KSA,ky-thuat-phan-mem,D01,Điểm thi THPT,2024,25.43,Kỹ thuật phần mềm
103555,KSA,ky-thuat-phan-mem,D07,Điểm thi THPT,2024,25.43,Kỹ thuật phần mềm
103556,KSA,ky-thuat-phan-mem,A00,Điểm học bạ,2025,26.52,Kỹ thuật phần mềm
103557,KSA,ky-thuat-phan-mem,A01,Điểm học bạ,2025,26.52,Kỹ thuật phần mềm
103558,KSA,ky-thuat-phan-mem,D01,Điểm học bạ,2025,26.52,Kỹ thuật phần mềm
103559,KSA,ky-thuat-phan-mem,D02,Điểm học bạ,2025,26.52,Kỹ thuật phần mềm
103560,KSA,ky-thuat-phan-mem,D03,Điểm học bạ,2025,26.52,Kỹ thuật phần mềm
103561,KSA,ky-thuat-phan-mem,D04,Điểm học bạ,2025,26.52,Kỹ thuật phần mềm
103562,KSA,ky-thuat-phan-mem,D05,Điểm học bạ,2025,26.52,Kỹ thuật phần mềm
103563,KSA,ky-thuat-phan-mem,D06,Điểm học bạ,2025,26.52,Kỹ thuật phần mềm
103564,KSA,ky-thuat-phan-mem,D07,Điểm học bạ,2025,26.52,Kỹ thuật phần mềm
103565,KSA,ky-thuat-phan-mem,D21,Điểm học bạ,2025,26.52,Kỹ thuật phần mềm
103566,KSA,ky-thuat-phan-mem,D22,Điểm học bạ,2025,26.52,Kỹ thuật phần mềm
103567,KSA,ky-thuat-phan-mem,D23,Điểm học bạ,2025,26.52,Kỹ thuật phần mềm
103568,KSA,ky-thuat-phan-mem,D24,Điểm học bạ,2025,26.52,Kỹ thuật phần mềm
103569,KSA,ky-thuat-phan-mem,D25,Điểm học bạ,2025,26.52,Kỹ thuật phần mềm
103570,KSA,ky-thuat-phan-mem,D26,Điểm học bạ,2025,26.52,Kỹ thuật phần mềm
103571,KSA,ky-thuat-phan-mem,D27,Điểm học bạ,2025,26.52,Kỹ thuật phần mềm
103572,KSA,ky-thuat-phan-mem,D28,Điểm học bạ,2025,26.52,Kỹ thuật phần mềm
103573,KSA,ky-thuat-phan-mem,D29,Điểm học bạ,2025,26.52,Kỹ thuật phần mềm
103574,KSA,ky-thuat-phan-mem,D30,Điểm học bạ,2025,26.52,Kỹ thuật phần mềm
103575,KSA,ky-thuat-phan-mem,A00,Điểm thi THPT,2025,23.6,Kỹ thuật phần mềm
103576,KSA,ky-thuat-phan-mem,A01,Điểm thi THPT,2025,23.6,Kỹ thuật phần mềm
103577,KSA,ky-thuat-phan-mem,D01,Điểm thi THPT,2025,23.6,Kỹ thuật phần mềm
103578,KSA,ky-thuat-phan-mem,D07,Điểm thi THPT,2025,23.6,Kỹ thuật phần mềm
103579,KSA,logistics-va-quan-ly-chuoi-cung-ung,A00,Điểm thi THPT,2021,27.4,Ngành Logistics và Quản lý chuỗi cung ứng
103580,KSA,logistics-va-quan-ly-chuoi-cung-ung,A01,Điểm thi THPT,2021,27.4,Ngành Logistics và Quản lý chuỗi cung ứng
103581,KSA,logistics-va-quan-ly-chuoi-cung-ung,D01,Điểm thi THPT,2021,27.4,Ngành Logistics và Quản lý chuỗi cung ứng
103582,KSA,logistics-va-quan-ly-chuoi-cung-ung,D07,Điểm thi THPT,2021,27.4,Ngành Logistics và Quản lý chuỗi cung ứng
103583,KSA,logistics-va-quan-ly-chuoi-cung-ung,A00,Điểm thi THPT,2022,27.7,Logistics và quản lý chuỗi cung ứng
103584,KSA,logistics-va-quan-ly-chuoi-cung-ung,A01,Điểm thi THPT,2022,27.7,Logistics và quản lý chuỗi cung ứng
103585,KSA,logistics-va-quan-ly-chuoi-cung-ung,D01,Điểm thi THPT,2022,27.7,Logistics và quản lý chuỗi cung ứng
103586,KSA,logistics-va-quan-ly-chuoi-cung-ung,D07,Điểm thi THPT,2022,27.7,Logistics và quản lý chuỗi cung ứng
103587,KSA,logistics-va-quan-ly-chuoi-cung-ung,A00,Điểm thi THPT,2023,27.0,Logistics và quản lý chuỗi cung ứng
103588,KSA,logistics-va-quan-ly-chuoi-cung-ung,A01,Điểm thi THPT,2023,27.0,Logistics và quản lý chuỗi cung ứng
103589,KSA,logistics-va-quan-ly-chuoi-cung-ung,D01,Điểm thi THPT,2023,27.0,Logistics và quản lý chuỗi cung ứng
103590,KSA,logistics-va-quan-ly-chuoi-cung-ung,D07,Điểm thi THPT,2023,27.0,Logistics và quản lý chuỗi cung ứng
103591,KSA,logistics-va-quan-ly-chuoi-cung-ung,A00,Điểm thi THPT,2024,27.1,Logistics và Quản lý chuỗi cung ứng
103592,KSA,logistics-va-quan-ly-chuoi-cung-ung,A01,Điểm thi THPT,2024,27.1,Logistics và Quản lý chuỗi cung ứng
103593,KSA,logistics-va-quan-ly-chuoi-cung-ung,D01,Điểm thi THPT,2024,27.1,Logistics và Quản lý chuỗi cung ứng
103594,KSA,logistics-va-quan-ly-chuoi-cung-ung,D07,Điểm thi THPT,2024,27.1,Logistics và Quản lý chuỗi cung ứng
103595,KSA,logistics-va-quan-ly-chuoi-cung-ung,A00,Điểm học bạ,2025,29.45,Logistics và Quản lý chuỗi cung ứng
103596,KSA,logistics-va-quan-ly-chuoi-cung-ung,A01,Điểm học bạ,2025,29.45,Logistics và Quản lý chuỗi cung ứng
103597,KSA,logistics-va-quan-ly-chuoi-cung-ung,D01,Điểm học bạ,2025,29.45,Logistics và Quản lý chuỗi cung ứng
103598,KSA,logistics-va-quan-ly-chuoi-cung-ung,D02,Điểm học bạ,2025,29.45,Logistics và Quản lý chuỗi cung ứng
103599,KSA,logistics-va-quan-ly-chuoi-cung-ung,D03,Điểm học bạ,2025,29.45,Logistics và Quản lý chuỗi cung ứng
103600,KSA,logistics-va-quan-ly-chuoi-cung-ung,D04,Điểm học bạ,2025,29.45,Logistics và Quản lý chuỗi cung ứng
103601,KSA,logistics-va-quan-ly-chuoi-cung-ung,D05,Điểm học bạ,2025,29.45,Logistics và Quản lý chuỗi cung ứng
103602,KSA,logistics-va-quan-ly-chuoi-cung-ung,D06,Điểm học bạ,2025,29.45,Logistics và Quản lý chuỗi cung ứng
103603,KSA,logistics-va-quan-ly-chuoi-cung-ung,D07,Điểm học bạ,2025,29.45,Logistics và Quản lý chuỗi cung ứng
103604,KSA,logistics-va-quan-ly-chuoi-cung-ung,D21,Điểm học bạ,2025,29.45,Logistics và Quản lý chuỗi cung ứng
103605,KSA,logistics-va-quan-ly-chuoi-cung-ung,D22,Điểm học bạ,2025,29.45,Logistics và Quản lý chuỗi cung ứng
103606,KSA,logistics-va-quan-ly-chuoi-cung-ung,D23,Điểm học bạ,2025,29.45,Logistics và Quản lý chuỗi cung ứng
103607,KSA,logistics-va-quan-ly-chuoi-cung-ung,D24,Điểm học bạ,2025,29.45,Logistics và Quản lý chuỗi cung ứng
103608,KSA,logistics-va-quan-ly-chuoi-cung-ung,D25,Điểm học bạ,2025,29.45,Logistics và Quản lý chuỗi cung ứng
103609,KSA,logistics-va-quan-ly-chuoi-cung-ung,D26,Điểm học bạ,2025,29.45,Logistics và Quản lý chuỗi cung ứng
103610,KSA,logistics-va-quan-ly-chuoi-cung-ung,D27,Điểm học bạ,2025,29.45,Logistics và Quản lý chuỗi cung ứng
103611,KSA,logistics-va-quan-ly-chuoi-cung-ung,D28,Điểm học bạ,2025,29.45,Logistics và Quản lý chuỗi cung ứng
103612,KSA,logistics-va-quan-ly-chuoi-cung-ung,D29,Điểm học bạ,2025,29.45,Logistics và Quản lý chuỗi cung ứng
103613,KSA,logistics-va-quan-ly-chuoi-cung-ung,D30,Điểm học bạ,2025,29.45,Logistics và Quản lý chuỗi cung ứng
103614,KSA,logistics-va-quan-ly-chuoi-cung-ung,A00,Điểm thi THPT,2025,27.7,Logistics và Quản lý chuỗi cung ứng
103615,KSA,logistics-va-quan-ly-chuoi-cung-ung,A01,Điểm thi THPT,2025,27.7,Logistics và Quản lý chuỗi cung ứng
103616,KSA,logistics-va-quan-ly-chuoi-cung-ung,D01,Điểm thi THPT,2025,27.7,Logistics và Quản lý chuỗi cung ứng
103617,KSA,logistics-va-quan-ly-chuoi-cung-ung,D07,Điểm thi THPT,2025,27.7,Logistics và Quản lý chuỗi cung ứng
103618,KSA,luat,A00,Điểm thi THPT,2021,25.8,Ngành Luật
103619,KSA,luat,A01,Điểm thi THPT,2021,25.8,Ngành Luật
103620,KSA,luat,D01,Điểm thi THPT,2021,25.8,Ngành Luật
103621,KSA,luat,D96,Điểm thi THPT,2021,25.8,Ngành Luật
103622,KSA,luat,A00,Điểm thi THPT,2022,25.8,Luật
103623,KSA,luat,A01,Điểm thi THPT,2022,25.8,Luật
103624,KSA,luat,D01,Điểm thi THPT,2022,25.8,Luật
103625,KSA,luat,D96,Điểm thi THPT,2022,25.8,Luật
103626,KSA,luat-kinh-doanh-quoc-te,A00,Điểm thi THPT,2023,25.41,Luật kinh doanh quốc tế
103627,KSA,luat-kinh-doanh-quoc-te,A01,Điểm thi THPT,2023,25.41,Luật kinh doanh quốc tế
103628,KSA,luat-kinh-doanh-quoc-te,D01,Điểm thi THPT,2023,25.41,Luật kinh doanh quốc tế
103629,KSA,luat-kinh-doanh-quoc-te,D96,Điểm thi THPT,2023,25.41,Luật kinh doanh quốc tế
103630,KSA,luat-kinh-doanh-quoc-te,A00,Điểm thi THPT,2024,25.8,Luật kinh doanh quốc tế
103631,KSA,luat-kinh-doanh-quoc-te,A01,Điểm thi THPT,2024,25.8,Luật kinh doanh quốc tế
103632,KSA,luat-kinh-doanh-quoc-te,D01,Điểm thi THPT,2024,25.8,Luật kinh doanh quốc tế
103633,KSA,luat-kinh-doanh-quoc-te,D96,Điểm thi THPT,2024,25.8,Luật kinh doanh quốc tế
103634,KSA,luat-kinh-doanh-quoc-te,A00,Điểm học bạ,2025,27.98,Luật kinh doanh quốc tế
103635,KSA,luat-kinh-doanh-quoc-te,A01,Điểm học bạ,2025,27.98,Luật kinh doanh quốc tế
103636,KSA,luat-kinh-doanh-quoc-te,D01,Điểm học bạ,2025,27.98,Luật kinh doanh quốc tế
103637,KSA,luat-kinh-doanh-quoc-te,D02,Điểm học bạ,2025,27.98,Luật kinh doanh quốc tế
103638,KSA,luat-kinh-doanh-quoc-te,D03,Điểm học bạ,2025,27.98,Luật kinh doanh quốc tế
103639,KSA,luat-kinh-doanh-quoc-te,D04,Điểm học bạ,2025,27.98,Luật kinh doanh quốc tế
103640,KSA,luat-kinh-doanh-quoc-te,D05,Điểm học bạ,2025,27.98,Luật kinh doanh quốc tế
103641,KSA,luat-kinh-doanh-quoc-te,D06,Điểm học bạ,2025,27.98,Luật kinh doanh quốc tế
103642,KSA,luat-kinh-doanh-quoc-te,D09,Điểm học bạ,2025,27.98,Luật kinh doanh quốc tế
103643,KSA,luat-kinh-doanh-quoc-te,D26,Điểm học bạ,2025,27.98,Luật kinh doanh quốc tế
103644,KSA,luat-kinh-doanh-quoc-te,D27,Điểm học bạ,2025,27.98,Luật kinh doanh quốc tế
103645,KSA,luat-kinh-doanh-quoc-te,D28,Điểm học bạ,2025,27.98,Luật kinh doanh quốc tế
103646,KSA,luat-kinh-doanh-quoc-te,D29,Điểm học bạ,2025,27.98,Luật kinh doanh quốc tế
103647,KSA,luat-kinh-doanh-quoc-te,D30,Điểm học bạ,2025,27.98,Luật kinh doanh quốc tế
103648,KSA,luat-kinh-doanh-quoc-te,D36,Điểm học bạ,2025,27.98,Luật kinh doanh quốc tế
103649,KSA,luat-kinh-doanh-quoc-te,D37,Điểm học bạ,2025,27.98,Luật kinh doanh quốc tế
103650,KSA,luat-kinh-doanh-quoc-te,D38,Điểm học bạ,2025,27.98,Luật kinh doanh quốc tế
103651,KSA,luat-kinh-doanh-quoc-te,D39,Điểm học bạ,2025,27.98,Luật kinh doanh quốc tế
103652,KSA,luat-kinh-doanh-quoc-te,D40,Điểm học bạ,2025,27.98,Luật kinh doanh quốc tế
103653,KSA,luat-kinh-doanh-quoc-te,A00,Điểm thi THPT,2025,24.9,Luật kinh doanh quốc tế
103654,KSA,luat-kinh-doanh-quoc-te,A01,Điểm thi THPT,2025,24.9,Luật kinh doanh quốc tế
103655,KSA,luat-kinh-doanh-quoc-te,D01,Điểm thi THPT,2025,24.9,Luật kinh doanh quốc tế
103656,KSA,luat-kinh-doanh-quoc-te,D09,Điểm thi THPT,2025,24.9,Luật kinh doanh quốc tế
103657,KSA,luat-kinh-te,A00,Điểm thi THPT,2021,16.0,Ngành Luật kinh tế
103658,KSA,luat-kinh-te,A01,Điểm thi THPT,2021,16.0,Ngành Luật kinh tế
103659,KSA,luat-kinh-te,D01,Điểm thi THPT,2021,16.0,Ngành Luật kinh tế
103660,KSA,luat-kinh-te,D96,Điểm thi THPT,2021,16.0,Ngành Luật kinh tế
103661,KSA,luat-kinh-te,A00,Điểm thi THPT,2022,26.0,Luật kinh tế
103662,KSA,luat-kinh-te,A01,Điểm thi THPT,2022,26.0,Luật kinh tế
103663,KSA,luat-kinh-te,D01,Điểm thi THPT,2022,26.0,Luật kinh tế
103664,KSA,luat-kinh-te,D96,Điểm thi THPT,2022,26.0,Luật kinh tế
103665,KSA,luat-kinh-te,A00,Điểm thi THPT,2023,25.6,Luật kinh tế
103666,KSA,luat-kinh-te,A01,Điểm thi THPT,2023,25.6,Luật kinh tế
103667,KSA,luat-kinh-te,D01,Điểm thi THPT,2023,25.6,Luật kinh tế
103668,KSA,luat-kinh-te,D96,Điểm thi THPT,2023,25.6,Luật kinh tế
103669,KSA,luat-kinh-te,A00,Điểm thi THPT,2024,25.6,Luật kinh tế
103670,KSA,luat-kinh-te,A01,Điểm thi THPT,2024,25.6,Luật kinh tế
103671,KSA,luat-kinh-te,D01,Điểm thi THPT,2024,25.6,Luật kinh tế
103672,KSA,luat-kinh-te,D96,Điểm thi THPT,2024,25.6,Luật kinh tế
103673,KSA,luat-kinh-te,A00,Điểm học bạ,2025,27.7,Luật kinh tế
103674,KSA,luat-kinh-te,A01,Điểm học bạ,2025,27.7,Luật kinh tế
103675,KSA,luat-kinh-te,D01,Điểm học bạ,2025,27.7,Luật kinh tế
103676,KSA,luat-kinh-te,D02,Điểm học bạ,2025,27.7,Luật kinh tế
103677,KSA,luat-kinh-te,D03,Điểm học bạ,2025,27.7,Luật kinh tế
103678,KSA,luat-kinh-te,D04,Điểm học bạ,2025,27.7,Luật kinh tế
103679,KSA,luat-kinh-te,D05,Điểm học bạ,2025,27.7,Luật kinh tế
103680,KSA,luat-kinh-te,D06,Điểm học bạ,2025,27.7,Luật kinh tế
103681,KSA,luat-kinh-te,D09,Điểm học bạ,2025,27.7,Luật kinh tế
103682,KSA,luat-kinh-te,D26,Điểm học bạ,2025,27.7,Luật kinh tế
103683,KSA,luat-kinh-te,D27,Điểm học bạ,2025,27.7,Luật kinh tế
103684,KSA,luat-kinh-te,D28,Điểm học bạ,2025,27.7,Luật kinh tế
103685,KSA,luat-kinh-te,D29,Điểm học bạ,2025,27.7,Luật kinh tế
103686,KSA,luat-kinh-te,D30,Điểm học bạ,2025,27.7,Luật kinh tế
103687,KSA,luat-kinh-te,D36,Điểm học bạ,2025,27.7,Luật kinh tế
103688,KSA,luat-kinh-te,D37,Điểm học bạ,2025,27.7,Luật kinh tế
103689,KSA,luat-kinh-te,D38,Điểm học bạ,2025,27.7,Luật kinh tế
103690,KSA,luat-kinh-te,D39,Điểm học bạ,2025,27.7,Luật kinh tế
103691,KSA,luat-kinh-te,D40,Điểm học bạ,2025,27.7,Luật kinh tế
103692,KSA,luat-kinh-te,A00,Điểm thi THPT,2025,24.65,Luật kinh tế
103693,KSA,luat-kinh-te,A01,Điểm thi THPT,2025,24.65,Luật kinh tế
103694,KSA,luat-kinh-te,D01,Điểm thi THPT,2025,24.65,Luật kinh tế
103695,KSA,luat-kinh-te,D09,Điểm thi THPT,2025,24.65,Luật kinh tế
103696,KSA,marketing,A00,Điểm thi THPT,2021,27.5,Ngành Marketing
103697,KSA,marketing,A01,Điểm thi THPT,2021,27.5,Ngành Marketing
103698,KSA,marketing,D01,Điểm thi THPT,2021,27.5,Ngành Marketing
103699,KSA,marketing,D07,Điểm thi THPT,2021,27.5,Ngành Marketing
103700,KSA,marketing,A00,Điểm thi THPT,2022,27.5,Marketing
103701,KSA,marketing,A01,Điểm thi THPT,2022,27.5,Marketing
103702,KSA,marketing,D01,Điểm thi THPT,2022,27.5,Marketing
103703,KSA,marketing,D07,Điểm thi THPT,2022,27.5,Marketing
103704,KSA,marketing,A00,Điểm thi THPT,2023,27.0,Marketing
103705,KSA,marketing,A01,Điểm thi THPT,2023,27.0,Marketing
103706,KSA,marketing,D01,Điểm thi THPT,2023,27.0,Marketing
103707,KSA,marketing,D07,Điểm thi THPT,2023,27.0,Marketing
103708,KSA,marketing,A00,Điểm thi THPT,2024,26.8,Marketing
103709,KSA,marketing,A01,Điểm thi THPT,2024,26.8,Marketing
103710,KSA,marketing,D01,Điểm thi THPT,2024,26.8,Marketing
103711,KSA,marketing,D07,Điểm thi THPT,2024,26.8,Marketing
103712,KSA,marketing,A00,Điểm học bạ,2025,26.5,Marketing
103713,KSA,marketing,A01,Điểm học bạ,2025,26.5,Marketing
103714,KSA,marketing,D01,Điểm học bạ,2025,26.5,Marketing
103715,KSA,marketing,D02,Điểm học bạ,2025,26.5,Marketing
103716,KSA,marketing,D03,Điểm học bạ,2025,26.5,Marketing
103717,KSA,marketing,D04,Điểm học bạ,2025,26.5,Marketing
103718,KSA,marketing,D05,Điểm học bạ,2025,26.5,Marketing
103719,KSA,marketing,D06,Điểm học bạ,2025,26.5,Marketing
103720,KSA,marketing,D07,Điểm học bạ,2025,26.5,Marketing
103721,KSA,marketing,D09,Điểm học bạ,2025,26.5,Marketing
103722,KSA,marketing,D21,Điểm học bạ,2025,26.5,Marketing
103723,KSA,marketing,D22,Điểm học bạ,2025,26.5,Marketing
103724,KSA,marketing,D23,Điểm học bạ,2025,26.5,Marketing
103725,KSA,marketing,D24,Điểm học bạ,2025,26.5,Marketing
103726,KSA,marketing,D25,Điểm học bạ,2025,26.5,Marketing
103727,KSA,marketing,D26,Điểm học bạ,2025,26.5,Marketing
103728,KSA,marketing,D27,Điểm học bạ,2025,26.5,Marketing
103729,KSA,marketing,D28,Điểm học bạ,2025,26.5,Marketing
103730,KSA,marketing,D29,Điểm học bạ,2025,26.5,Marketing
103731,KSA,marketing,D30,Điểm học bạ,2025,26.5,Marketing
103732,KSA,marketing,D36,Điểm học bạ,2025,26.5,Marketing
103733,KSA,marketing,D37,Điểm học bạ,2025,26.5,Marketing
103734,KSA,marketing,D38,Điểm học bạ,2025,26.5,Marketing
103735,KSA,marketing,D39,Điểm học bạ,2025,26.5,Marketing
103736,KSA,marketing,D40,Điểm học bạ,2025,26.5,Marketing
103737,KSA,marketing,A00,Điểm thi THPT,2025,26.5,Marketing
103738,KSA,marketing,A01,Điểm thi THPT,2025,26.5,Marketing
103739,KSA,marketing,D01,Điểm thi THPT,2025,26.5,Marketing
103740,KSA,marketing,D07,Điểm thi THPT,2025,26.5,Marketing
103741,KSA,marketing,D09,Điểm thi THPT,2025,26.5,Marketing
103742,KSA,ngan-hang,A00,Điểm thi THPT,2023,25.3,Ngân hàng
103743,KSA,ngan-hang,A01,Điểm thi THPT,2023,25.3,Ngân hàng
103744,KSA,ngan-hang,D01,Điểm thi THPT,2023,25.3,Ngân hàng
103745,KSA,ngan-hang,D07,Điểm thi THPT,2023,25.3,Ngân hàng
103746,KSA,ngan-hang,A00,Điểm thi THPT,2024,25.6,Ngân hàng
103747,KSA,ngan-hang,A01,Điểm thi THPT,2024,25.6,Ngân hàng
103748,KSA,ngan-hang,D01,Điểm thi THPT,2024,25.6,Ngân hàng
103749,KSA,ngan-hang,D07,Điểm thi THPT,2024,25.6,Ngân hàng
103750,KSA,ngan-hang,A00,Điểm học bạ,2025,27.42,Ngân hàng
103751,KSA,ngan-hang,A01,Điểm học bạ,2025,27.42,Ngân hàng
103752,KSA,ngan-hang,D01,Điểm học bạ,2025,27.42,Ngân hàng
103753,KSA,ngan-hang,D02,Điểm học bạ,2025,27.42,Ngân hàng
103754,KSA,ngan-hang,D03,Điểm học bạ,2025,27.42,Ngân hàng
103755,KSA,ngan-hang,D04,Điểm học bạ,2025,27.42,Ngân hàng
103756,KSA,ngan-hang,D05,Điểm học bạ,2025,27.42,Ngân hàng
103757,KSA,ngan-hang,D06,Điểm học bạ,2025,27.42,Ngân hàng
103758,KSA,ngan-hang,D07,Điểm học bạ,2025,27.42,Ngân hàng
103759,KSA,ngan-hang,D09,Điểm học bạ,2025,27.42,Ngân hàng
103760,KSA,ngan-hang,D21,Điểm học bạ,2025,27.42,Ngân hàng
103761,KSA,ngan-hang,D22,Điểm học bạ,2025,27.42,Ngân hàng
103762,KSA,ngan-hang,D23,Điểm học bạ,2025,27.42,Ngân hàng
103763,KSA,ngan-hang,D24,Điểm học bạ,2025,27.42,Ngân hàng
103764,KSA,ngan-hang,D25,Điểm học bạ,2025,27.42,Ngân hàng
103765,KSA,ngan-hang,D26,Điểm học bạ,2025,27.42,Ngân hàng
103766,KSA,ngan-hang,D27,Điểm học bạ,2025,27.42,Ngân hàng
103767,KSA,ngan-hang,D28,Điểm học bạ,2025,27.42,Ngân hàng
103768,KSA,ngan-hang,D29,Điểm học bạ,2025,27.42,Ngân hàng
103769,KSA,ngan-hang,D30,Điểm học bạ,2025,27.42,Ngân hàng
103770,KSA,ngan-hang,D36,Điểm học bạ,2025,27.42,Ngân hàng
103771,KSA,ngan-hang,D37,Điểm học bạ,2025,27.42,Ngân hàng
103772,KSA,ngan-hang,D38,Điểm học bạ,2025,27.42,Ngân hàng
103773,KSA,ngan-hang,D39,Điểm học bạ,2025,27.42,Ngân hàng
103774,KSA,ngan-hang,D40,Điểm học bạ,2025,27.42,Ngân hàng
103775,KSA,ngan-hang,A00,Điểm thi THPT,2025,24.4,Ngân hàng
103776,KSA,ngan-hang,A01,Điểm thi THPT,2025,24.4,Ngân hàng
103777,KSA,ngan-hang,D01,Điểm thi THPT,2025,24.4,Ngân hàng
103778,KSA,ngan-hang,D07,Điểm thi THPT,2025,24.4,Ngân hàng
103779,KSA,ngan-hang,D09,Điểm thi THPT,2025,24.4,Ngân hàng
103780,KSA,ngon-ngu-anh,D01,Điểm thi THPT,2021,17.0,Ngành Ngôn ngữ Anh
103781,KSA,ngon-ngu-anh,D96,Điểm thi THPT,2021,17.0,Ngành Ngôn ngữ Anh
103782,KSA,ngon-ngu-anh,D01,Điểm thi THPT,2022,26.1,Ngôn ngữ Anh
103783,KSA,ngon-ngu-anh,D96,Điểm thi THPT,2022,26.1,Ngôn ngữ Anh
103784,KSA,phan-tich-du-lieu,A00,Điểm học bạ,2025,26.4,Phân tích dữ liệu
103785,KSA,phan-tich-du-lieu,A01,Điểm học bạ,2025,26.4,Phân tích dữ liệu
103786,KSA,phan-tich-du-lieu,D01,Điểm học bạ,2025,26.4,Phân tích dữ liệu
103787,KSA,phan-tich-du-lieu,D02,Điểm học bạ,2025,26.4,Phân tích dữ liệu
103788,KSA,phan-tich-du-lieu,D03,Điểm học bạ,2025,26.4,Phân tích dữ liệu
103789,KSA,phan-tich-du-lieu,D04,Điểm học bạ,2025,26.4,Phân tích dữ liệu
103790,KSA,phan-tich-du-lieu,D05,Điểm học bạ,2025,26.4,Phân tích dữ liệu
103791,KSA,phan-tich-du-lieu,D06,Điểm học bạ,2025,26.4,Phân tích dữ liệu
103792,KSA,phan-tich-du-lieu,D07,Điểm học bạ,2025,26.4,Phân tích dữ liệu
103793,KSA,phan-tich-du-lieu,D21,Điểm học bạ,2025,26.4,Phân tích dữ liệu
103794,KSA,phan-tich-du-lieu,D22,Điểm học bạ,2025,26.4,Phân tích dữ liệu
103795,KSA,phan-tich-du-lieu,D23,Điểm học bạ,2025,26.4,Phân tích dữ liệu
103796,KSA,phan-tich-du-lieu,D24,Điểm học bạ,2025,26.4,Phân tích dữ liệu
103797,KSA,phan-tich-du-lieu,D25,Điểm học bạ,2025,26.4,Phân tích dữ liệu
103798,KSA,phan-tich-du-lieu,D26,Điểm học bạ,2025,26.4,Phân tích dữ liệu
103799,KSA,phan-tich-du-lieu,D27,Điểm học bạ,2025,26.4,Phân tích dữ liệu
103800,KSA,phan-tich-du-lieu,D28,Điểm học bạ,2025,26.4,Phân tích dữ liệu
103801,KSA,phan-tich-du-lieu,D29,Điểm học bạ,2025,26.4,Phân tích dữ liệu
103802,KSA,phan-tich-du-lieu,D30,Điểm học bạ,2025,26.4,Phân tích dữ liệu
103803,KSA,phan-tich-du-lieu,A00,Điểm thi THPT,2025,26.4,Phân tích dữ liệu
103804,KSA,phan-tich-du-lieu,A01,Điểm thi THPT,2025,26.4,Phân tích dữ liệu
103805,KSA,phan-tich-du-lieu,D01,Điểm thi THPT,2025,26.4,Phân tích dữ liệu
103806,KSA,phan-tich-du-lieu,D07,Điểm thi THPT,2025,26.4,Phân tích dữ liệu
103807,KSA,phan-tich-rui-ro-va-dinh-phi-bao-hiem,A00,Điểm thi THPT,2023,24.06,Phân tích rủi ro và định phí bảo hiểm
103808,KSA,phan-tich-rui-ro-va-dinh-phi-bao-hiem,A01,Điểm thi THPT,2023,24.06,Phân tích rủi ro và định phí bảo hiểm
103809,KSA,phan-tich-rui-ro-va-dinh-phi-bao-hiem,D01,Điểm thi THPT,2023,24.06,Phân tích rủi ro và định phí bảo hiểm
103810,KSA,phan-tich-rui-ro-va-dinh-phi-bao-hiem,D07,Điểm thi THPT,2023,24.06,Phân tích rủi ro và định phí bảo hiểm
103811,KSA,phan-tich-rui-ro-va-dinh-phi-bao-hiem,A00,Điểm thi THPT,2024,25.0,Phân tích rủi ro và định phí bảo hiểm
103812,KSA,phan-tich-rui-ro-va-dinh-phi-bao-hiem,A01,Điểm thi THPT,2024,25.0,Phân tích rủi ro và định phí bảo hiểm
103813,KSA,phan-tich-rui-ro-va-dinh-phi-bao-hiem,D01,Điểm thi THPT,2024,25.0,Phân tích rủi ro và định phí bảo hiểm
103814,KSA,phan-tich-rui-ro-va-dinh-phi-bao-hiem,D07,Điểm thi THPT,2024,25.0,Phân tích rủi ro và định phí bảo hiểm
103815,KSA,phan-tich-rui-ro-va-dinh-phi-bao-hiem,A00,Điểm học bạ,2025,23.0,Phân tích rủi ro và định phí bảo hiểm
103816,KSA,phan-tich-rui-ro-va-dinh-phi-bao-hiem,A01,Điểm học bạ,2025,23.0,Phân tích rủi ro và định phí bảo hiểm
103817,KSA,phan-tich-rui-ro-va-dinh-phi-bao-hiem,D01,Điểm học bạ,2025,23.0,Phân tích rủi ro và định phí bảo hiểm
103818,KSA,phan-tich-rui-ro-va-dinh-phi-bao-hiem,D02,Điểm học bạ,2025,23.0,Phân tích rủi ro và định phí bảo hiểm
103819,KSA,phan-tich-rui-ro-va-dinh-phi-bao-hiem,D03,Điểm học bạ,2025,23.0,Phân tích rủi ro và định phí bảo hiểm
103820,KSA,phan-tich-rui-ro-va-dinh-phi-bao-hiem,D04,Điểm học bạ,2025,23.0,Phân tích rủi ro và định phí bảo hiểm
103821,KSA,phan-tich-rui-ro-va-dinh-phi-bao-hiem,D05,Điểm học bạ,2025,23.0,Phân tích rủi ro và định phí bảo hiểm
103822,KSA,phan-tich-rui-ro-va-dinh-phi-bao-hiem,D06,Điểm học bạ,2025,23.0,Phân tích rủi ro và định phí bảo hiểm
103823,KSA,phan-tich-rui-ro-va-dinh-phi-bao-hiem,D07,Điểm học bạ,2025,23.0,Phân tích rủi ro và định phí bảo hiểm
103824,KSA,phan-tich-rui-ro-va-dinh-phi-bao-hiem,D09,Điểm học bạ,2025,23.0,Phân tích rủi ro và định phí bảo hiểm
103825,KSA,phan-tich-rui-ro-va-dinh-phi-bao-hiem,D21,Điểm học bạ,2025,23.0,Phân tích rủi ro và định phí bảo hiểm
103826,KSA,phan-tich-rui-ro-va-dinh-phi-bao-hiem,D22,Điểm học bạ,2025,23.0,Phân tích rủi ro và định phí bảo hiểm
103827,KSA,phan-tich-rui-ro-va-dinh-phi-bao-hiem,D23,Điểm học bạ,2025,23.0,Phân tích rủi ro và định phí bảo hiểm
103828,KSA,phan-tich-rui-ro-va-dinh-phi-bao-hiem,D24,Điểm học bạ,2025,23.0,Phân tích rủi ro và định phí bảo hiểm
103829,KSA,phan-tich-rui-ro-va-dinh-phi-bao-hiem,D25,Điểm học bạ,2025,23.0,Phân tích rủi ro và định phí bảo hiểm
103830,KSA,phan-tich-rui-ro-va-dinh-phi-bao-hiem,D26,Điểm học bạ,2025,23.0,Phân tích rủi ro và định phí bảo hiểm
103831,KSA,phan-tich-rui-ro-va-dinh-phi-bao-hiem,D27,Điểm học bạ,2025,23.0,Phân tích rủi ro và định phí bảo hiểm
103832,KSA,phan-tich-rui-ro-va-dinh-phi-bao-hiem,D28,Điểm học bạ,2025,23.0,Phân tích rủi ro và định phí bảo hiểm
103833,KSA,phan-tich-rui-ro-va-dinh-phi-bao-hiem,D29,Điểm học bạ,2025,23.0,Phân tích rủi ro và định phí bảo hiểm
103834,KSA,phan-tich-rui-ro-va-dinh-phi-bao-hiem,D30,Điểm học bạ,2025,23.0,Phân tích rủi ro và định phí bảo hiểm
103835,KSA,phan-tich-rui-ro-va-dinh-phi-bao-hiem,D36,Điểm học bạ,2025,23.0,Phân tích rủi ro và định phí bảo hiểm
103836,KSA,phan-tich-rui-ro-va-dinh-phi-bao-hiem,D37,Điểm học bạ,2025,23.0,Phân tích rủi ro và định phí bảo hiểm
103837,KSA,phan-tich-rui-ro-va-dinh-phi-bao-hiem,D38,Điểm học bạ,2025,23.0,Phân tích rủi ro và định phí bảo hiểm
103838,KSA,phan-tich-rui-ro-va-dinh-phi-bao-hiem,D39,Điểm học bạ,2025,23.0,Phân tích rủi ro và định phí bảo hiểm
103839,KSA,phan-tich-rui-ro-va-dinh-phi-bao-hiem,D40,Điểm học bạ,2025,23.0,Phân tích rủi ro và định phí bảo hiểm
103840,KSA,phan-tich-rui-ro-va-dinh-phi-bao-hiem,A00,Điểm thi THPT,2025,23.0,Phân tích rủi ro và định phí bảo hiểm
103841,KSA,phan-tich-rui-ro-va-dinh-phi-bao-hiem,A01,Điểm thi THPT,2025,23.0,Phân tích rủi ro và định phí bảo hiểm
103842,KSA,phan-tich-rui-ro-va-dinh-phi-bao-hiem,D01,Điểm thi THPT,2025,23.0,Phân tích rủi ro và định phí bảo hiểm
103843,KSA,phan-tich-rui-ro-va-dinh-phi-bao-hiem,D07,Điểm thi THPT,2025,23.0,Phân tích rủi ro và định phí bảo hiểm
103844,KSA,phan-tich-rui-ro-va-dinh-phi-bao-hiem,D09,Điểm thi THPT,2025,23.0,Phân tích rủi ro và định phí bảo hiểm
103845,KSA,quan-ly-benh-vien,A00,Điểm thi THPT,2021,24.2,Ngành Quản lý bệnh viện
103846,KSA,quan-ly-benh-vien,A01,Điểm thi THPT,2021,24.2,Ngành Quản lý bệnh viện
103847,KSA,quan-ly-benh-vien,D01,Điểm thi THPT,2021,24.2,Ngành Quản lý bệnh viện
103848,KSA,quan-ly-benh-vien,D07,Điểm thi THPT,2021,24.2,Ngành Quản lý bệnh viện
103849,KSA,quan-ly-cong,A00,Điểm thi THPT,2021,25.0,Ngành Quản lý công
103850,KSA,quan-ly-cong,A01,Điểm thi THPT,2021,25.0,Ngành Quản lý công
103851,KSA,quan-ly-cong,D01,Điểm thi THPT,2021,25.0,Ngành Quản lý công
103852,KSA,quan-ly-cong,D07,Điểm thi THPT,2021,25.0,Ngành Quản lý công
103853,KSA,quan-ly-cong,A00,Điểm thi THPT,2022,24.9,Quản lý công
103854,KSA,quan-ly-cong,A01,Điểm thi THPT,2022,24.9,Quản lý công
103855,KSA,quan-ly-cong,D01,Điểm thi THPT,2022,24.9,Quản lý công
103856,KSA,quan-ly-cong,D07,Điểm thi THPT,2022,24.9,Quản lý công
103857,KSA,quan-ly-cong,A00,Điểm thi THPT,2023,25.05,Quản lý công
103858,KSA,quan-ly-cong,A01,Điểm thi THPT,2023,25.05,Quản lý công
103859,KSA,quan-ly-cong,D01,Điểm thi THPT,2023,25.05,Quản lý công
103860,KSA,quan-ly-cong,D07,Điểm thi THPT,2023,25.05,Quản lý công
103861,KSA,quan-ly-cong,A00,Điểm thi THPT,2024,24.93,Quản lý công
103862,KSA,quan-ly-cong,A01,Điểm thi THPT,2024,24.93,Quản lý công
103863,KSA,quan-ly-cong,D01,Điểm thi THPT,2024,24.93,Quản lý công
103864,KSA,quan-ly-cong,D07,Điểm thi THPT,2024,24.93,Quản lý công
103865,KSA,quan-ly-cong,A00,Điểm học bạ,2025,25.84,Quản lý công
103866,KSA,quan-ly-cong,A01,Điểm học bạ,2025,25.84,Quản lý công
103867,KSA,quan-ly-cong,D01,Điểm học bạ,2025,25.84,Quản lý công
103868,KSA,quan-ly-cong,D02,Điểm học bạ,2025,25.84,Quản lý công
103869,KSA,quan-ly-cong,D03,Điểm học bạ,2025,25.84,Quản lý công
103870,KSA,quan-ly-cong,D04,Điểm học bạ,2025,25.84,Quản lý công
103871,KSA,quan-ly-cong,D05,Điểm học bạ,2025,25.84,Quản lý công
103872,KSA,quan-ly-cong,D06,Điểm học bạ,2025,25.84,Quản lý công
103873,KSA,quan-ly-cong,D07,Điểm học bạ,2025,25.84,Quản lý công
103874,KSA,quan-ly-cong,D09,Điểm học bạ,2025,25.84,Quản lý công
103875,KSA,quan-ly-cong,D21,Điểm học bạ,2025,25.84,Quản lý công
103876,KSA,quan-ly-cong,D22,Điểm học bạ,2025,25.84,Quản lý công
103877,KSA,quan-ly-cong,D23,Điểm học bạ,2025,25.84,Quản lý công
103878,KSA,quan-ly-cong,D24,Điểm học bạ,2025,25.84,Quản lý công
103879,KSA,quan-ly-cong,D25,Điểm học bạ,2025,25.84,Quản lý công
103880,KSA,quan-ly-cong,D26,Điểm học bạ,2025,25.84,Quản lý công
103881,KSA,quan-ly-cong,D27,Điểm học bạ,2025,25.84,Quản lý công
103882,KSA,quan-ly-cong,D28,Điểm học bạ,2025,25.84,Quản lý công
103883,KSA,quan-ly-cong,D29,Điểm học bạ,2025,25.84,Quản lý công
103884,KSA,quan-ly-cong,D30,Điểm học bạ,2025,25.84,Quản lý công
103885,KSA,quan-ly-cong,D36,Điểm học bạ,2025,25.84,Quản lý công
103886,KSA,quan-ly-cong,D37,Điểm học bạ,2025,25.84,Quản lý công
103887,KSA,quan-ly-cong,D38,Điểm học bạ,2025,25.84,Quản lý công
103888,KSA,quan-ly-cong,D39,Điểm học bạ,2025,25.84,Quản lý công
103889,KSA,quan-ly-cong,D40,Điểm học bạ,2025,25.84,Quản lý công
103890,KSA,quan-ly-cong,A00,Điểm thi THPT,2025,23.0,Quản lý công
103891,KSA,quan-ly-cong,A01,Điểm thi THPT,2025,23.0,Quản lý công
103892,KSA,quan-ly-cong,D01,Điểm thi THPT,2025,23.0,Quản lý công
103893,KSA,quan-ly-cong,D07,Điểm thi THPT,2025,23.0,Quản lý công
103894,KSA,quan-ly-cong,D09,Điểm thi THPT,2025,23.0,Quản lý công
103895,KSA,quan-tri,A00,Điểm thi THPT,2023,25.4,Quản trị
103896,KSA,quan-tri,A01,Điểm thi THPT,2023,25.4,Quản trị
103897,KSA,quan-tri,D01,Điểm thi THPT,2023,25.4,Quản trị
103898,KSA,quan-tri,D07,Điểm thi THPT,2023,25.4,Quản trị
103899,KSA,quan-tri-ben-vung-doanh-nghiep-va-moi-truong,A00,Điểm học bạ,2025,26.52,Quản trị bền vững doanh nghiệp và môi trường
103900,KSA,quan-tri-ben-vung-doanh-nghiep-va-moi-truong,A01,Điểm học bạ,2025,26.52,Quản trị bền vững doanh nghiệp và môi trường
103901,KSA,quan-tri-ben-vung-doanh-nghiep-va-moi-truong,D01,Điểm học bạ,2025,26.52,Quản trị bền vững doanh nghiệp và môi trường
103902,KSA,quan-tri-ben-vung-doanh-nghiep-va-moi-truong,D02,Điểm học bạ,2025,26.52,Quản trị bền vững doanh nghiệp và môi trường
103903,KSA,quan-tri-ben-vung-doanh-nghiep-va-moi-truong,D03,Điểm học bạ,2025,26.52,Quản trị bền vững doanh nghiệp và môi trường
103904,KSA,quan-tri-ben-vung-doanh-nghiep-va-moi-truong,D04,Điểm học bạ,2025,26.52,Quản trị bền vững doanh nghiệp và môi trường
103905,KSA,quan-tri-ben-vung-doanh-nghiep-va-moi-truong,D05,Điểm học bạ,2025,26.52,Quản trị bền vững doanh nghiệp và môi trường
103906,KSA,quan-tri-ben-vung-doanh-nghiep-va-moi-truong,D06,Điểm học bạ,2025,26.52,Quản trị bền vững doanh nghiệp và môi trường
103907,KSA,quan-tri-ben-vung-doanh-nghiep-va-moi-truong,D07,Điểm học bạ,2025,26.52,Quản trị bền vững doanh nghiệp và môi trường
103908,KSA,quan-tri-ben-vung-doanh-nghiep-va-moi-truong,D09,Điểm học bạ,2025,26.52,Quản trị bền vững doanh nghiệp và môi trường
103909,KSA,quan-tri-ben-vung-doanh-nghiep-va-moi-truong,D21,Điểm học bạ,2025,26.52,Quản trị bền vững doanh nghiệp và môi trường
103910,KSA,quan-tri-ben-vung-doanh-nghiep-va-moi-truong,D22,Điểm học bạ,2025,26.52,Quản trị bền vững doanh nghiệp và môi trường
103911,KSA,quan-tri-ben-vung-doanh-nghiep-va-moi-truong,D23,Điểm học bạ,2025,26.52,Quản trị bền vững doanh nghiệp và môi trường
103912,KSA,quan-tri-ben-vung-doanh-nghiep-va-moi-truong,D24,Điểm học bạ,2025,26.52,Quản trị bền vững doanh nghiệp và môi trường
103913,KSA,quan-tri-ben-vung-doanh-nghiep-va-moi-truong,D25,Điểm học bạ,2025,26.52,Quản trị bền vững doanh nghiệp và môi trường
103914,KSA,quan-tri-ben-vung-doanh-nghiep-va-moi-truong,D26,Điểm học bạ,2025,26.52,Quản trị bền vững doanh nghiệp và môi trường
103915,KSA,quan-tri-ben-vung-doanh-nghiep-va-moi-truong,D27,Điểm học bạ,2025,26.52,Quản trị bền vững doanh nghiệp và môi trường
103916,KSA,quan-tri-ben-vung-doanh-nghiep-va-moi-truong,D28,Điểm học bạ,2025,26.52,Quản trị bền vững doanh nghiệp và môi trường
103917,KSA,quan-tri-ben-vung-doanh-nghiep-va-moi-truong,D29,Điểm học bạ,2025,26.52,Quản trị bền vững doanh nghiệp và môi trường
103918,KSA,quan-tri-ben-vung-doanh-nghiep-va-moi-truong,D30,Điểm học bạ,2025,26.52,Quản trị bền vững doanh nghiệp và môi trường
103919,KSA,quan-tri-ben-vung-doanh-nghiep-va-moi-truong,D36,Điểm học bạ,2025,26.52,Quản trị bền vững doanh nghiệp và môi trường
103920,KSA,quan-tri-ben-vung-doanh-nghiep-va-moi-truong,D37,Điểm học bạ,2025,26.52,Quản trị bền vững doanh nghiệp và môi trường
103921,KSA,quan-tri-ben-vung-doanh-nghiep-va-moi-truong,D38,Điểm học bạ,2025,26.52,Quản trị bền vững doanh nghiệp và môi trường
103922,KSA,quan-tri-ben-vung-doanh-nghiep-va-moi-truong,D39,Điểm học bạ,2025,26.52,Quản trị bền vững doanh nghiệp và môi trường
103923,KSA,quan-tri-ben-vung-doanh-nghiep-va-moi-truong,D40,Điểm học bạ,2025,26.52,Quản trị bền vững doanh nghiệp và môi trường
103924,KSA,quan-tri-ben-vung-doanh-nghiep-va-moi-truong,A00,Điểm thi THPT,2025,23.6,Quản trị bền vững doanh nghiệp và môi trường
103925,KSA,quan-tri-ben-vung-doanh-nghiep-va-moi-truong,A01,Điểm thi THPT,2025,23.6,Quản trị bền vững doanh nghiệp và môi trường
103926,KSA,quan-tri-ben-vung-doanh-nghiep-va-moi-truong,D01,Điểm thi THPT,2025,23.6,Quản trị bền vững doanh nghiệp và môi trường
103927,KSA,quan-tri-ben-vung-doanh-nghiep-va-moi-truong,D07,Điểm thi THPT,2025,23.6,Quản trị bền vững doanh nghiệp và môi trường
103928,KSA,quan-tri-ben-vung-doanh-nghiep-va-moi-truong,D09,Điểm thi THPT,2025,23.6,Quản trị bền vững doanh nghiệp và môi trường
103929,KSA,quan-tri-benh-vien,A00,Điểm thi THPT,2022,23.6,Quản trị bệnh viện
103930,KSA,quan-tri-benh-vien,A01,Điểm thi THPT,2022,23.6,Quản trị bệnh viện
103931,KSA,quan-tri-benh-vien,D01,Điểm thi THPT,2022,23.6,Quản trị bệnh viện
103932,KSA,quan-tri-benh-vien,D07,Điểm thi THPT,2022,23.6,Quản trị bệnh viện
103933,KSA,quan-tri-benh-vien,A00,Điểm thi THPT,2023,23.7,Quản trị bệnh viện
103934,KSA,quan-tri-benh-vien,A01,Điểm thi THPT,2023,23.7,Quản trị bệnh viện
103935,KSA,quan-tri-benh-vien,D01,Điểm thi THPT,2023,23.7,Quản trị bệnh viện
103936,KSA,quan-tri-benh-vien,D07,Điểm thi THPT,2023,23.7,Quản trị bệnh viện
103937,KSA,quan-tri-benh-vien,A00,Điểm thi THPT,2024,24.1,Quản trị bệnh viện
103938,KSA,quan-tri-benh-vien,A01,Điểm thi THPT,2024,24.1,Quản trị bệnh viện
103939,KSA,quan-tri-benh-vien,D01,Điểm thi THPT,2024,24.1,Quản trị bệnh viện
103940,KSA,quan-tri-benh-vien,D07,Điểm thi THPT,2024,24.1,Quản trị bệnh viện
103941,KSA,quan-tri-benh-vien,A00,Điểm học bạ,2025,22.8,Quản trị bệnh viện
103942,KSA,quan-tri-benh-vien,A01,Điểm học bạ,2025,22.8,Quản trị bệnh viện
103943,KSA,quan-tri-benh-vien,D01,Điểm học bạ,2025,22.8,Quản trị bệnh viện
103944,KSA,quan-tri-benh-vien,D02,Điểm học bạ,2025,22.8,Quản trị bệnh viện
103945,KSA,quan-tri-benh-vien,D03,Điểm học bạ,2025,22.8,Quản trị bệnh viện
103946,KSA,quan-tri-benh-vien,D04,Điểm học bạ,2025,22.8,Quản trị bệnh viện
103947,KSA,quan-tri-benh-vien,D05,Điểm học bạ,2025,22.8,Quản trị bệnh viện
103948,KSA,quan-tri-benh-vien,D06,Điểm học bạ,2025,22.8,Quản trị bệnh viện
103949,KSA,quan-tri-benh-vien,D07,Điểm học bạ,2025,22.8,Quản trị bệnh viện
103950,KSA,quan-tri-benh-vien,D09,Điểm học bạ,2025,22.8,Quản trị bệnh viện
103951,KSA,quan-tri-benh-vien,D21,Điểm học bạ,2025,22.8,Quản trị bệnh viện
103952,KSA,quan-tri-benh-vien,D22,Điểm học bạ,2025,22.8,Quản trị bệnh viện
103953,KSA,quan-tri-benh-vien,D23,Điểm học bạ,2025,22.8,Quản trị bệnh viện
103954,KSA,quan-tri-benh-vien,D24,Điểm học bạ,2025,22.8,Quản trị bệnh viện
103955,KSA,quan-tri-benh-vien,D25,Điểm học bạ,2025,22.8,Quản trị bệnh viện
103956,KSA,quan-tri-benh-vien,D26,Điểm học bạ,2025,22.8,Quản trị bệnh viện
103957,KSA,quan-tri-benh-vien,D27,Điểm học bạ,2025,22.8,Quản trị bệnh viện
103958,KSA,quan-tri-benh-vien,D28,Điểm học bạ,2025,22.8,Quản trị bệnh viện
103959,KSA,quan-tri-benh-vien,D29,Điểm học bạ,2025,22.8,Quản trị bệnh viện
103960,KSA,quan-tri-benh-vien,D30,Điểm học bạ,2025,22.8,Quản trị bệnh viện
103961,KSA,quan-tri-benh-vien,D36,Điểm học bạ,2025,22.8,Quản trị bệnh viện
103962,KSA,quan-tri-benh-vien,D37,Điểm học bạ,2025,22.8,Quản trị bệnh viện
103963,KSA,quan-tri-benh-vien,D38,Điểm học bạ,2025,22.8,Quản trị bệnh viện
103964,KSA,quan-tri-benh-vien,D39,Điểm học bạ,2025,22.8,Quản trị bệnh viện
103965,KSA,quan-tri-benh-vien,D40,Điểm học bạ,2025,22.8,Quản trị bệnh viện
103966,KSA,quan-tri-benh-vien,A00,Điểm thi THPT,2025,22.8,Quản trị bệnh viện
103967,KSA,quan-tri-benh-vien,A01,Điểm thi THPT,2025,22.8,Quản trị bệnh viện
103968,KSA,quan-tri-benh-vien,D01,Điểm thi THPT,2025,22.8,Quản trị bệnh viện
103969,KSA,quan-tri-benh-vien,D07,Điểm thi THPT,2025,22.8,Quản trị bệnh viện
103970,KSA,quan-tri-benh-vien,D09,Điểm thi THPT,2025,22.8,Quản trị bệnh viện
103971,KSA,quan-tri-dich-vu-du-lich-va-lu-hanh,A00,Điểm thi THPT,2021,16.0,Ngành Quản trị dịch vụ du lịch và lữ hành
103972,KSA,quan-tri-dich-vu-du-lich-va-lu-hanh,A01,Điểm thi THPT,2021,16.0,Ngành Quản trị dịch vụ du lịch và lữ hành
103973,KSA,quan-tri-dich-vu-du-lich-va-lu-hanh,D01,Điểm thi THPT,2021,16.0,Ngành Quản trị dịch vụ du lịch và lữ hành
103974,KSA,quan-tri-dich-vu-du-lich-va-lu-hanh,D07,Điểm thi THPT,2021,16.0,Ngành Quản trị dịch vụ du lịch và lữ hành
103975,KSA,quan-tri-dich-vu-du-lich-va-lu-hanh,A00,Điểm thi THPT,2022,25.2,Quản trị dịch vụ du lịch và lữ hành
103976,KSA,quan-tri-dich-vu-du-lich-va-lu-hanh,A01,Điểm thi THPT,2022,25.2,Quản trị dịch vụ du lịch và lữ hành
103977,KSA,quan-tri-dich-vu-du-lich-va-lu-hanh,D01,Điểm thi THPT,2022,25.2,Quản trị dịch vụ du lịch và lữ hành
103978,KSA,quan-tri-dich-vu-du-lich-va-lu-hanh,D07,Điểm thi THPT,2022,25.2,Quản trị dịch vụ du lịch và lữ hành
103979,KSA,quan-tri-dich-vu-du-lich-va-lu-hanh,A00,Điểm thi THPT,2023,24.6,Quản trị dịch vụ du lịch và lữ hành
103980,KSA,quan-tri-dich-vu-du-lich-va-lu-hanh,A01,Điểm thi THPT,2023,24.6,Quản trị dịch vụ du lịch và lữ hành
103981,KSA,quan-tri-dich-vu-du-lich-va-lu-hanh,D01,Điểm thi THPT,2023,24.6,Quản trị dịch vụ du lịch và lữ hành
103982,KSA,quan-tri-dich-vu-du-lich-va-lu-hanh,D07,Điểm thi THPT,2023,24.6,Quản trị dịch vụ du lịch và lữ hành
103983,KSA,quan-tri-dich-vu-du-lich-va-lu-hanh,A00,Điểm thi THPT,2024,25.2,Quản trị dịch vụ du lịch và lữ hành
103984,KSA,quan-tri-dich-vu-du-lich-va-lu-hanh,A01,Điểm thi THPT,2024,25.2,Quản trị dịch vụ du lịch và lữ hành
103985,KSA,quan-tri-dich-vu-du-lich-va-lu-hanh,D01,Điểm thi THPT,2024,25.2,Quản trị dịch vụ du lịch và lữ hành
103986,KSA,quan-tri-dich-vu-du-lich-va-lu-hanh,D07,Điểm thi THPT,2024,25.2,Quản trị dịch vụ du lịch và lữ hành
103987,KSA,quan-tri-dich-vu-du-lich-va-lu-hanh,A00,Điểm học bạ,2025,23.4,Quản trị dịch vụ du lịch và lữ hành
103988,KSA,quan-tri-dich-vu-du-lich-va-lu-hanh,A01,Điểm học bạ,2025,23.4,Quản trị dịch vụ du lịch và lữ hành
103989,KSA,quan-tri-dich-vu-du-lich-va-lu-hanh,D01,Điểm học bạ,2025,23.4,Quản trị dịch vụ du lịch và lữ hành
103990,KSA,quan-tri-dich-vu-du-lich-va-lu-hanh,D02,Điểm học bạ,2025,23.4,Quản trị dịch vụ du lịch và lữ hành
103991,KSA,quan-tri-dich-vu-du-lich-va-lu-hanh,D03,Điểm học bạ,2025,23.4,Quản trị dịch vụ du lịch và lữ hành
103992,KSA,quan-tri-dich-vu-du-lich-va-lu-hanh,D04,Điểm học bạ,2025,23.4,Quản trị dịch vụ du lịch và lữ hành
103993,KSA,quan-tri-dich-vu-du-lich-va-lu-hanh,D05,Điểm học bạ,2025,23.4,Quản trị dịch vụ du lịch và lữ hành
103994,KSA,quan-tri-dich-vu-du-lich-va-lu-hanh,D06,Điểm học bạ,2025,23.4,Quản trị dịch vụ du lịch và lữ hành
103995,KSA,quan-tri-dich-vu-du-lich-va-lu-hanh,D07,Điểm học bạ,2025,23.4,Quản trị dịch vụ du lịch và lữ hành
103996,KSA,quan-tri-dich-vu-du-lich-va-lu-hanh,D09,Điểm học bạ,2025,23.4,Quản trị dịch vụ du lịch và lữ hành
103997,KSA,quan-tri-dich-vu-du-lich-va-lu-hanh,D21,Điểm học bạ,2025,23.4,Quản trị dịch vụ du lịch và lữ hành
103998,KSA,quan-tri-dich-vu-du-lich-va-lu-hanh,D22,Điểm học bạ,2025,23.4,Quản trị dịch vụ du lịch và lữ hành
103999,KSA,quan-tri-dich-vu-du-lich-va-lu-hanh,D23,Điểm học bạ,2025,23.4,Quản trị dịch vụ du lịch và lữ hành
104000,KSA,quan-tri-dich-vu-du-lich-va-lu-hanh,D24,Điểm học bạ,2025,23.4,Quản trị dịch vụ du lịch và lữ hành
104001,KSA,quan-tri-dich-vu-du-lich-va-lu-hanh,D25,Điểm học bạ,2025,23.4,Quản trị dịch vụ du lịch và lữ hành
104002,KSA,quan-tri-dich-vu-du-lich-va-lu-hanh,D26,Điểm học bạ,2025,23.4,Quản trị dịch vụ du lịch và lữ hành
104003,KSA,quan-tri-dich-vu-du-lich-va-lu-hanh,D27,Điểm học bạ,2025,23.4,Quản trị dịch vụ du lịch và lữ hành
104004,KSA,quan-tri-dich-vu-du-lich-va-lu-hanh,D28,Điểm học bạ,2025,23.4,Quản trị dịch vụ du lịch và lữ hành
104005,KSA,quan-tri-dich-vu-du-lich-va-lu-hanh,D29,Điểm học bạ,2025,23.4,Quản trị dịch vụ du lịch và lữ hành
104006,KSA,quan-tri-dich-vu-du-lich-va-lu-hanh,D30,Điểm học bạ,2025,23.4,Quản trị dịch vụ du lịch và lữ hành
104007,KSA,quan-tri-dich-vu-du-lich-va-lu-hanh,D36,Điểm học bạ,2025,23.4,Quản trị dịch vụ du lịch và lữ hành
104008,KSA,quan-tri-dich-vu-du-lich-va-lu-hanh,D37,Điểm học bạ,2025,23.4,Quản trị dịch vụ du lịch và lữ hành
104009,KSA,quan-tri-dich-vu-du-lich-va-lu-hanh,D38,Điểm học bạ,2025,23.4,Quản trị dịch vụ du lịch và lữ hành
104010,KSA,quan-tri-dich-vu-du-lich-va-lu-hanh,D39,Điểm học bạ,2025,23.4,Quản trị dịch vụ du lịch và lữ hành
104011,KSA,quan-tri-dich-vu-du-lich-va-lu-hanh,D40,Điểm học bạ,2025,23.4,Quản trị dịch vụ du lịch và lữ hành
104012,KSA,quan-tri-dich-vu-du-lich-va-lu-hanh,A00,Điểm thi THPT,2025,23.4,Quản trị dịch vụ du lịch và lữ hành
104013,KSA,quan-tri-dich-vu-du-lich-va-lu-hanh,A01,Điểm thi THPT,2025,23.4,Quản trị dịch vụ du lịch và lữ hành
104014,KSA,quan-tri-dich-vu-du-lich-va-lu-hanh,D01,Điểm thi THPT,2025,23.4,Quản trị dịch vụ du lịch và lữ hành
104015,KSA,quan-tri-dich-vu-du-lich-va-lu-hanh,D07,Điểm thi THPT,2025,23.4,Quản trị dịch vụ du lịch và lữ hành
104016,KSA,quan-tri-dich-vu-du-lich-va-lu-hanh,D09,Điểm thi THPT,2025,23.4,Quản trị dịch vụ du lịch và lữ hành
104017,KSA,quan-tri-hai-quan-ngoai-thuong,A00,Điểm thi THPT,2024,25.8,Quản trị Hải quan - Ngoại thương
104018,KSA,quan-tri-hai-quan-ngoai-thuong,A01,Điểm thi THPT,2024,25.8,Quản trị Hải quan - Ngoại thương
104019,KSA,quan-tri-hai-quan-ngoai-thuong,D01,Điểm thi THPT,2024,25.8,Quản trị Hải quan - Ngoại thương
104020,KSA,quan-tri-hai-quan-ngoai-thuong,D07,Điểm thi THPT,2024,25.8,Quản trị Hải quan - Ngoại thương
104021,KSA,quan-tri-hai-quan-ngoai-thuong,A00,Điểm học bạ,2025,28.42,Quản trị Hải quan - Ngoại thương
104022,KSA,quan-tri-hai-quan-ngoai-thuong,A01,Điểm học bạ,2025,28.42,Quản trị Hải quan - Ngoại thương
104023,KSA,quan-tri-hai-quan-ngoai-thuong,D01,Điểm học bạ,2025,28.42,Quản trị Hải quan - Ngoại thương
104024,KSA,quan-tri-hai-quan-ngoai-thuong,D02,Điểm học bạ,2025,28.42,Quản trị Hải quan - Ngoại thương
104025,KSA,quan-tri-hai-quan-ngoai-thuong,D03,Điểm học bạ,2025,28.42,Quản trị Hải quan - Ngoại thương
104026,KSA,quan-tri-hai-quan-ngoai-thuong,D04,Điểm học bạ,2025,28.42,Quản trị Hải quan - Ngoại thương
104027,KSA,quan-tri-hai-quan-ngoai-thuong,D05,Điểm học bạ,2025,28.42,Quản trị Hải quan - Ngoại thương
104028,KSA,quan-tri-hai-quan-ngoai-thuong,D06,Điểm học bạ,2025,28.42,Quản trị Hải quan - Ngoại thương
104029,KSA,quan-tri-hai-quan-ngoai-thuong,D07,Điểm học bạ,2025,28.42,Quản trị Hải quan - Ngoại thương
104030,KSA,quan-tri-hai-quan-ngoai-thuong,D09,Điểm học bạ,2025,28.42,Quản trị Hải quan - Ngoại thương
104031,KSA,quan-tri-hai-quan-ngoai-thuong,D21,Điểm học bạ,2025,28.42,Quản trị Hải quan - Ngoại thương
104032,KSA,quan-tri-hai-quan-ngoai-thuong,D22,Điểm học bạ,2025,28.42,Quản trị Hải quan - Ngoại thương
104033,KSA,quan-tri-hai-quan-ngoai-thuong,D23,Điểm học bạ,2025,28.42,Quản trị Hải quan - Ngoại thương
104034,KSA,quan-tri-hai-quan-ngoai-thuong,D24,Điểm học bạ,2025,28.42,Quản trị Hải quan - Ngoại thương
104035,KSA,quan-tri-hai-quan-ngoai-thuong,D25,Điểm học bạ,2025,28.42,Quản trị Hải quan - Ngoại thương
104036,KSA,quan-tri-hai-quan-ngoai-thuong,D26,Điểm học bạ,2025,28.42,Quản trị Hải quan - Ngoại thương
104037,KSA,quan-tri-hai-quan-ngoai-thuong,D27,Điểm học bạ,2025,28.42,Quản trị Hải quan - Ngoại thương
104038,KSA,quan-tri-hai-quan-ngoai-thuong,D28,Điểm học bạ,2025,28.42,Quản trị Hải quan - Ngoại thương
104039,KSA,quan-tri-hai-quan-ngoai-thuong,D29,Điểm học bạ,2025,28.42,Quản trị Hải quan - Ngoại thương
104040,KSA,quan-tri-hai-quan-ngoai-thuong,D30,Điểm học bạ,2025,28.42,Quản trị Hải quan - Ngoại thương
104041,KSA,quan-tri-hai-quan-ngoai-thuong,D36,Điểm học bạ,2025,28.42,Quản trị Hải quan - Ngoại thương
104042,KSA,quan-tri-hai-quan-ngoai-thuong,D37,Điểm học bạ,2025,28.42,Quản trị Hải quan - Ngoại thương
104043,KSA,quan-tri-hai-quan-ngoai-thuong,D38,Điểm học bạ,2025,28.42,Quản trị Hải quan - Ngoại thương
104044,KSA,quan-tri-hai-quan-ngoai-thuong,D39,Điểm học bạ,2025,28.42,Quản trị Hải quan - Ngoại thương
104045,KSA,quan-tri-hai-quan-ngoai-thuong,D40,Điểm học bạ,2025,28.42,Quản trị Hải quan - Ngoại thương
104046,KSA,quan-tri-hai-quan-ngoai-thuong,A00,Điểm thi THPT,2025,25.3,Quản trị Hải quan - Ngoại thương
104047,KSA,quan-tri-hai-quan-ngoai-thuong,A01,Điểm thi THPT,2025,25.3,Quản trị Hải quan - Ngoại thương
104048,KSA,quan-tri-hai-quan-ngoai-thuong,D01,Điểm thi THPT,2025,25.3,Quản trị Hải quan - Ngoại thương
104049,KSA,quan-tri-hai-quan-ngoai-thuong,D07,Điểm thi THPT,2025,25.3,Quản trị Hải quan - Ngoại thương
104050,KSA,quan-tri-hai-quan-ngoai-thuong,D09,Điểm thi THPT,2025,25.3,Quản trị Hải quan - Ngoại thương
104051,KSA,quan-tri-khach-san,A00,Điểm thi THPT,2021,25.3,Ngành Quản trị khách sạn
104052,KSA,quan-tri-khach-san,A01,Điểm thi THPT,2021,25.3,Ngành Quản trị khách sạn
104053,KSA,quan-tri-khach-san,D01,Điểm thi THPT,2021,25.3,Ngành Quản trị khách sạn
104054,KSA,quan-tri-khach-san,D07,Điểm thi THPT,2021,25.3,Ngành Quản trị khách sạn
104055,KSA,quan-tri-khach-san,A00,Điểm thi THPT,2022,25.4,Quản trị khách sạn
104056,KSA,quan-tri-khach-san,A01,Điểm thi THPT,2022,25.4,Quản trị khách sạn
104057,KSA,quan-tri-khach-san,D01,Điểm thi THPT,2022,25.4,Quản trị khách sạn
104058,KSA,quan-tri-khach-san,D07,Điểm thi THPT,2022,25.4,Quản trị khách sạn
104059,KSA,quan-tri-khach-san,A00,Điểm thi THPT,2023,25.2,Quản trị khách sạn
104060,KSA,quan-tri-khach-san,A01,Điểm thi THPT,2023,25.2,Quản trị khách sạn
104061,KSA,quan-tri-khach-san,D01,Điểm thi THPT,2023,25.2,Quản trị khách sạn
104062,KSA,quan-tri-khach-san,D07,Điểm thi THPT,2023,25.2,Quản trị khách sạn
104063,KSA,quan-tri-khach-san,A00,Điểm thi THPT,2024,25.5,Quản trị khách sạn
104064,KSA,quan-tri-khach-san,A01,Điểm thi THPT,2024,25.5,Quản trị khách sạn
104065,KSA,quan-tri-khach-san,D01,Điểm thi THPT,2024,25.5,Quản trị khách sạn
104066,KSA,quan-tri-khach-san,D07,Điểm thi THPT,2024,25.5,Quản trị khách sạn
104067,KSA,quan-tri-khach-san,A00,Điểm học bạ,2025,24.2,Quản trị khách sạn
104068,KSA,quan-tri-khach-san,A01,Điểm học bạ,2025,24.2,Quản trị khách sạn
104069,KSA,quan-tri-khach-san,D01,Điểm học bạ,2025,24.2,Quản trị khách sạn
104070,KSA,quan-tri-khach-san,D02,Điểm học bạ,2025,24.2,Quản trị khách sạn
104071,KSA,quan-tri-khach-san,D03,Điểm học bạ,2025,24.2,Quản trị khách sạn
104072,KSA,quan-tri-khach-san,D04,Điểm học bạ,2025,24.2,Quản trị khách sạn
104073,KSA,quan-tri-khach-san,D05,Điểm học bạ,2025,24.2,Quản trị khách sạn
104074,KSA,quan-tri-khach-san,D06,Điểm học bạ,2025,24.2,Quản trị khách sạn
104075,KSA,quan-tri-khach-san,D07,Điểm học bạ,2025,24.2,Quản trị khách sạn
104076,KSA,quan-tri-khach-san,D09,Điểm học bạ,2025,24.2,Quản trị khách sạn
104077,KSA,quan-tri-khach-san,D21,Điểm học bạ,2025,24.2,Quản trị khách sạn
104078,KSA,quan-tri-khach-san,D22,Điểm học bạ,2025,24.2,Quản trị khách sạn
104079,KSA,quan-tri-khach-san,D23,Điểm học bạ,2025,24.2,Quản trị khách sạn
104080,KSA,quan-tri-khach-san,D24,Điểm học bạ,2025,24.2,Quản trị khách sạn
104081,KSA,quan-tri-khach-san,D25,Điểm học bạ,2025,24.2,Quản trị khách sạn
104082,KSA,quan-tri-khach-san,D26,Điểm học bạ,2025,24.2,Quản trị khách sạn
104083,KSA,quan-tri-khach-san,D27,Điểm học bạ,2025,24.2,Quản trị khách sạn
104084,KSA,quan-tri-khach-san,D28,Điểm học bạ,2025,24.2,Quản trị khách sạn
104085,KSA,quan-tri-khach-san,D29,Điểm học bạ,2025,24.2,Quản trị khách sạn
104086,KSA,quan-tri-khach-san,D30,Điểm học bạ,2025,24.2,Quản trị khách sạn
104087,KSA,quan-tri-khach-san,D36,Điểm học bạ,2025,24.2,Quản trị khách sạn
104088,KSA,quan-tri-khach-san,D37,Điểm học bạ,2025,24.2,Quản trị khách sạn
104089,KSA,quan-tri-khach-san,D38,Điểm học bạ,2025,24.2,Quản trị khách sạn
104090,KSA,quan-tri-khach-san,D39,Điểm học bạ,2025,24.2,Quản trị khách sạn
104091,KSA,quan-tri-khach-san,D40,Điểm học bạ,2025,24.2,Quản trị khách sạn
104092,KSA,quan-tri-khach-san,A00,Điểm thi THPT,2025,24.2,Quản trị khách sạn
104093,KSA,quan-tri-khach-san,A01,Điểm thi THPT,2025,24.2,Quản trị khách sạn
104094,KSA,quan-tri-khach-san,D01,Điểm thi THPT,2025,24.2,Quản trị khách sạn
104095,KSA,quan-tri-khach-san,D07,Điểm thi THPT,2025,24.2,Quản trị khách sạn
104096,KSA,quan-tri-khach-san,D09,Điểm thi THPT,2025,24.2,Quản trị khách sạn
104097,KSA,quan-tri-khoi-nghiep,A00,Điểm thi THPT,2023,24.54,Quản trị khởi nghiệp
104098,KSA,quan-tri-khoi-nghiep,A01,Điểm thi THPT,2023,24.54,Quản trị khởi nghiệp
104099,KSA,quan-tri-khoi-nghiep,D01,Điểm thi THPT,2023,24.54,Quản trị khởi nghiệp
104100,KSA,quan-tri-khoi-nghiep,D07,Điểm thi THPT,2023,24.54,Quản trị khởi nghiệp
104101,KSA,quan-tri-kinh-doanh,A00,Điểm thi THPT,2021,17.0,Ngành Quản trị kinh doanh
104102,KSA,quan-tri-kinh-doanh,A01,Điểm thi THPT,2021,17.0,Ngành Quản trị kinh doanh
104103,KSA,quan-tri-kinh-doanh,D01,Điểm thi THPT,2021,17.0,Ngành Quản trị kinh doanh
104104,KSA,quan-tri-kinh-doanh,D07,Điểm thi THPT,2021,17.0,Ngành Quản trị kinh doanh
104105,KSA,quan-tri-kinh-doanh,A00,Điểm thi THPT,2022,26.2,Quản trị kinh doanh
104106,KSA,quan-tri-kinh-doanh,A01,Điểm thi THPT,2022,26.2,Quản trị kinh doanh
104107,KSA,quan-tri-kinh-doanh,D01,Điểm thi THPT,2022,26.2,Quản trị kinh doanh
104108,KSA,quan-tri-kinh-doanh,D07,Điểm thi THPT,2022,26.2,Quản trị kinh doanh
104109,KSA,quan-tri-kinh-doanh,A00,Điểm thi THPT,2024,25.8,Quản trị kinh doanh
104110,KSA,quan-tri-kinh-doanh,A01,Điểm thi THPT,2024,25.8,Quản trị kinh doanh
104111,KSA,quan-tri-kinh-doanh,D01,Điểm thi THPT,2024,25.8,Quản trị kinh doanh
104112,KSA,quan-tri-kinh-doanh,D07,Điểm thi THPT,2024,25.8,Quản trị kinh doanh
104113,KSA,quan-tri-kinh-doanh,A00,Điểm học bạ,2025,24.3,Quản trị kinh doanh
104114,KSA,quan-tri-kinh-doanh,A01,Điểm học bạ,2025,24.3,Quản trị kinh doanh
104115,KSA,quan-tri-kinh-doanh,D01,Điểm học bạ,2025,24.3,Quản trị kinh doanh
104116,KSA,quan-tri-kinh-doanh,D02,Điểm học bạ,2025,24.3,Quản trị kinh doanh
104117,KSA,quan-tri-kinh-doanh,D03,Điểm học bạ,2025,24.3,Quản trị kinh doanh
104118,KSA,quan-tri-kinh-doanh,D04,Điểm học bạ,2025,24.3,Quản trị kinh doanh
104119,KSA,quan-tri-kinh-doanh,D05,Điểm học bạ,2025,24.3,Quản trị kinh doanh
104120,KSA,quan-tri-kinh-doanh,D06,Điểm học bạ,2025,24.3,Quản trị kinh doanh
104121,KSA,quan-tri-kinh-doanh,D07,Điểm học bạ,2025,24.3,Quản trị kinh doanh
104122,KSA,quan-tri-kinh-doanh,D09,Điểm học bạ,2025,24.3,Quản trị kinh doanh
104123,KSA,quan-tri-kinh-doanh,D21,Điểm học bạ,2025,24.3,Quản trị kinh doanh
104124,KSA,quan-tri-kinh-doanh,D22,Điểm học bạ,2025,24.3,Quản trị kinh doanh
104125,KSA,quan-tri-kinh-doanh,D23,Điểm học bạ,2025,24.3,Quản trị kinh doanh
104126,KSA,quan-tri-kinh-doanh,D24,Điểm học bạ,2025,24.3,Quản trị kinh doanh
104127,KSA,quan-tri-kinh-doanh,D25,Điểm học bạ,2025,24.3,Quản trị kinh doanh
104128,KSA,quan-tri-kinh-doanh,D26,Điểm học bạ,2025,24.3,Quản trị kinh doanh
104129,KSA,quan-tri-kinh-doanh,D27,Điểm học bạ,2025,24.3,Quản trị kinh doanh
104130,KSA,quan-tri-kinh-doanh,D28,Điểm học bạ,2025,24.3,Quản trị kinh doanh
104131,KSA,quan-tri-kinh-doanh,D29,Điểm học bạ,2025,24.3,Quản trị kinh doanh
104132,KSA,quan-tri-kinh-doanh,D30,Điểm học bạ,2025,24.3,Quản trị kinh doanh
104133,KSA,quan-tri-kinh-doanh,D36,Điểm học bạ,2025,24.3,Quản trị kinh doanh
104134,KSA,quan-tri-kinh-doanh,D37,Điểm học bạ,2025,24.3,Quản trị kinh doanh
104135,KSA,quan-tri-kinh-doanh,D38,Điểm học bạ,2025,24.3,Quản trị kinh doanh
104136,KSA,quan-tri-kinh-doanh,D39,Điểm học bạ,2025,24.3,Quản trị kinh doanh
104137,KSA,quan-tri-kinh-doanh,D40,Điểm học bạ,2025,24.3,Quản trị kinh doanh
104138,KSA,quan-tri-kinh-doanh,A00,Điểm thi THPT,2025,24.3,Quản trị kinh doanh
104139,KSA,quan-tri-kinh-doanh,A01,Điểm thi THPT,2025,24.3,Quản trị kinh doanh
104140,KSA,quan-tri-kinh-doanh,D01,Điểm thi THPT,2025,24.3,Quản trị kinh doanh
104141,KSA,quan-tri-kinh-doanh,D07,Điểm thi THPT,2025,24.3,Quản trị kinh doanh
104142,KSA,quan-tri-kinh-doanh,D09,Điểm thi THPT,2025,24.3,Quản trị kinh doanh
104143,KSA,quan-tri-kinh-doanh-kinh-doanh-quoc-te-marketing-tai-chinh-ngan-hang-ke-toan,A00,Điểm thi THPT,2022,27.5,"Cử nhân tài năng (Gồm các ngành Quản trị kinh doanh, Kinh doanh quốc tế, Marketing, Tài chính - Ngân hàng, Kế toán)"
104144,KSA,quan-tri-kinh-doanh-kinh-doanh-quoc-te-marketing-tai-chinh-ngan-hang-ke-toan,A01,Điểm thi THPT,2022,27.5,"Cử nhân tài năng (Gồm các ngành Quản trị kinh doanh, Kinh doanh quốc tế, Marketing, Tài chính - Ngân hàng, Kế toán)"
104145,KSA,quan-tri-kinh-doanh-kinh-doanh-quoc-te-marketing-tai-chinh-ngan-hang-ke-toan,D01,Điểm thi THPT,2022,27.5,"Cử nhân tài năng (Gồm các ngành Quản trị kinh doanh, Kinh doanh quốc tế, Marketing, Tài chính - Ngân hàng, Kế toán)"
104146,KSA,quan-tri-kinh-doanh-kinh-doanh-quoc-te-marketing-tai-chinh-ngan-hang-ke-toan,D07,Điểm thi THPT,2022,27.5,"Cử nhân tài năng (Gồm các ngành Quản trị kinh doanh, Kinh doanh quốc tế, Marketing, Tài chính - Ngân hàng, Kế toán)"
104147,KSA,quan-tri-nhan-luc,A00,Điểm thi THPT,2021,26.6,Ngành Quản trị nhân lực
104148,KSA,quan-tri-nhan-luc,A01,Điểm thi THPT,2021,26.6,Ngành Quản trị nhân lực
104149,KSA,quan-tri-nhan-luc,D01,Điểm thi THPT,2021,26.6,Ngành Quản trị nhân lực
104150,KSA,quan-tri-nhan-luc,D07,Điểm thi THPT,2021,26.6,Ngành Quản trị nhân lực
104151,KSA,quan-tri-nhan-luc,A00,Điểm thi THPT,2022,26.8,Quản trị nhân lực
104152,KSA,quan-tri-nhan-luc,A01,Điểm thi THPT,2022,26.8,Quản trị nhân lực
104153,KSA,quan-tri-nhan-luc,D01,Điểm thi THPT,2022,26.8,Quản trị nhân lực
104154,KSA,quan-tri-nhan-luc,D07,Điểm thi THPT,2022,26.8,Quản trị nhân lực
104155,KSA,quan-tri-nhan-luc,A00,Điểm thi THPT,2023,26.2,Quản trị nhân lực
104156,KSA,quan-tri-nhan-luc,A01,Điểm thi THPT,2023,26.2,Quản trị nhân lực
104157,KSA,quan-tri-nhan-luc,D01,Điểm thi THPT,2023,26.2,Quản trị nhân lực
104158,KSA,quan-tri-nhan-luc,D07,Điểm thi THPT,2023,26.2,Quản trị nhân lực
104159,KSA,quan-tri-nhan-luc,A00,Điểm thi THPT,2024,26.0,Quản trị nhân lực
104160,KSA,quan-tri-nhan-luc,A01,Điểm thi THPT,2024,26.0,Quản trị nhân lực
104161,KSA,quan-tri-nhan-luc,D01,Điểm thi THPT,2024,26.0,Quản trị nhân lực
104162,KSA,quan-tri-nhan-luc,D07,Điểm thi THPT,2024,26.0,Quản trị nhân lực
104163,KSA,quan-tri-nhan-luc,A00,Điểm học bạ,2025,24.8,Quản trị nhân lực
104164,KSA,quan-tri-nhan-luc,A01,Điểm học bạ,2025,24.8,Quản trị nhân lực
104165,KSA,quan-tri-nhan-luc,D01,Điểm học bạ,2025,24.8,Quản trị nhân lực
104166,KSA,quan-tri-nhan-luc,D02,Điểm học bạ,2025,24.8,Quản trị nhân lực
104167,KSA,quan-tri-nhan-luc,D03,Điểm học bạ,2025,24.8,Quản trị nhân lực
104168,KSA,quan-tri-nhan-luc,D04,Điểm học bạ,2025,24.8,Quản trị nhân lực
104169,KSA,quan-tri-nhan-luc,D05,Điểm học bạ,2025,24.8,Quản trị nhân lực
104170,KSA,quan-tri-nhan-luc,D06,Điểm học bạ,2025,24.8,Quản trị nhân lực
104171,KSA,quan-tri-nhan-luc,D07,Điểm học bạ,2025,24.8,Quản trị nhân lực
104172,KSA,quan-tri-nhan-luc,D09,Điểm học bạ,2025,24.8,Quản trị nhân lực
104173,KSA,quan-tri-nhan-luc,D21,Điểm học bạ,2025,24.8,Quản trị nhân lực
104174,KSA,quan-tri-nhan-luc,D22,Điểm học bạ,2025,24.8,Quản trị nhân lực
104175,KSA,quan-tri-nhan-luc,D23,Điểm học bạ,2025,24.8,Quản trị nhân lực
104176,KSA,quan-tri-nhan-luc,D24,Điểm học bạ,2025,24.8,Quản trị nhân lực
104177,KSA,quan-tri-nhan-luc,D25,Điểm học bạ,2025,24.8,Quản trị nhân lực
104178,KSA,quan-tri-nhan-luc,D26,Điểm học bạ,2025,24.8,Quản trị nhân lực
104179,KSA,quan-tri-nhan-luc,D27,Điểm học bạ,2025,24.8,Quản trị nhân lực
104180,KSA,quan-tri-nhan-luc,D28,Điểm học bạ,2025,24.8,Quản trị nhân lực
104181,KSA,quan-tri-nhan-luc,D29,Điểm học bạ,2025,24.8,Quản trị nhân lực
104182,KSA,quan-tri-nhan-luc,D30,Điểm học bạ,2025,24.8,Quản trị nhân lực
104183,KSA,quan-tri-nhan-luc,D36,Điểm học bạ,2025,24.8,Quản trị nhân lực
104184,KSA,quan-tri-nhan-luc,D37,Điểm học bạ,2025,24.8,Quản trị nhân lực
104185,KSA,quan-tri-nhan-luc,D38,Điểm học bạ,2025,24.8,Quản trị nhân lực
104186,KSA,quan-tri-nhan-luc,D39,Điểm học bạ,2025,24.8,Quản trị nhân lực
104187,KSA,quan-tri-nhan-luc,D40,Điểm học bạ,2025,24.8,Quản trị nhân lực
104188,KSA,quan-tri-nhan-luc,A00,Điểm thi THPT,2025,24.8,Quản trị nhân lực
104189,KSA,quan-tri-nhan-luc,A01,Điểm thi THPT,2025,24.8,Quản trị nhân lực
104190,KSA,quan-tri-nhan-luc,D01,Điểm thi THPT,2025,24.8,Quản trị nhân lực
104191,KSA,quan-tri-nhan-luc,D07,Điểm thi THPT,2025,24.8,Quản trị nhân lực
104192,KSA,quan-tri-nhan-luc,D09,Điểm thi THPT,2025,24.8,Quản trị nhân lực
104193,KSA,quan-tri-su-kien-va-dich-vu-giai-tri,A00,Điểm thi THPT,2023,25.51,Quản trị sự kiện và dịch vụ giải trí
104194,KSA,quan-tri-su-kien-va-dich-vu-giai-tri,A01,Điểm thi THPT,2023,25.51,Quản trị sự kiện và dịch vụ giải trí
104195,KSA,quan-tri-su-kien-va-dich-vu-giai-tri,D01,Điểm thi THPT,2023,25.51,Quản trị sự kiện và dịch vụ giải trí
104196,KSA,quan-tri-su-kien-va-dich-vu-giai-tri,D07,Điểm thi THPT,2023,25.51,Quản trị sự kiện và dịch vụ giải trí
104197,KSA,quan-tri-su-kien-va-dich-vu-giai-tri,A00,Điểm thi THPT,2024,26.1,Quản trị sự kiện và dịch vụ giải trí
104198,KSA,quan-tri-su-kien-va-dich-vu-giai-tri,A01,Điểm thi THPT,2024,26.1,Quản trị sự kiện và dịch vụ giải trí
104199,KSA,quan-tri-su-kien-va-dich-vu-giai-tri,D01,Điểm thi THPT,2024,26.1,Quản trị sự kiện và dịch vụ giải trí
104200,KSA,quan-tri-su-kien-va-dich-vu-giai-tri,D07,Điểm thi THPT,2024,26.1,Quản trị sự kiện và dịch vụ giải trí
104201,KSA,quan-tri-su-kien-va-dich-vu-giai-tri,A00,Điểm học bạ,2025,25.5,Quản trị sự kiện và dịch vụ giải trí
104202,KSA,quan-tri-su-kien-va-dich-vu-giai-tri,A01,Điểm học bạ,2025,25.5,Quản trị sự kiện và dịch vụ giải trí
104203,KSA,quan-tri-su-kien-va-dich-vu-giai-tri,D01,Điểm học bạ,2025,25.5,Quản trị sự kiện và dịch vụ giải trí
104204,KSA,quan-tri-su-kien-va-dich-vu-giai-tri,D02,Điểm học bạ,2025,25.5,Quản trị sự kiện và dịch vụ giải trí
104205,KSA,quan-tri-su-kien-va-dich-vu-giai-tri,D03,Điểm học bạ,2025,25.5,Quản trị sự kiện và dịch vụ giải trí
104206,KSA,quan-tri-su-kien-va-dich-vu-giai-tri,D04,Điểm học bạ,2025,25.5,Quản trị sự kiện và dịch vụ giải trí
104207,KSA,quan-tri-su-kien-va-dich-vu-giai-tri,D05,Điểm học bạ,2025,25.5,Quản trị sự kiện và dịch vụ giải trí
104208,KSA,quan-tri-su-kien-va-dich-vu-giai-tri,D06,Điểm học bạ,2025,25.5,Quản trị sự kiện và dịch vụ giải trí
104209,KSA,quan-tri-su-kien-va-dich-vu-giai-tri,D07,Điểm học bạ,2025,25.5,Quản trị sự kiện và dịch vụ giải trí
104210,KSA,quan-tri-su-kien-va-dich-vu-giai-tri,D09,Điểm học bạ,2025,25.5,Quản trị sự kiện và dịch vụ giải trí
104211,KSA,quan-tri-su-kien-va-dich-vu-giai-tri,D21,Điểm học bạ,2025,25.5,Quản trị sự kiện và dịch vụ giải trí
104212,KSA,quan-tri-su-kien-va-dich-vu-giai-tri,D22,Điểm học bạ,2025,25.5,Quản trị sự kiện và dịch vụ giải trí
104213,KSA,quan-tri-su-kien-va-dich-vu-giai-tri,D23,Điểm học bạ,2025,25.5,Quản trị sự kiện và dịch vụ giải trí
104214,KSA,quan-tri-su-kien-va-dich-vu-giai-tri,D24,Điểm học bạ,2025,25.5,Quản trị sự kiện và dịch vụ giải trí
104215,KSA,quan-tri-su-kien-va-dich-vu-giai-tri,D25,Điểm học bạ,2025,25.5,Quản trị sự kiện và dịch vụ giải trí
104216,KSA,quan-tri-su-kien-va-dich-vu-giai-tri,D26,Điểm học bạ,2025,25.5,Quản trị sự kiện và dịch vụ giải trí
104217,KSA,quan-tri-su-kien-va-dich-vu-giai-tri,D27,Điểm học bạ,2025,25.5,Quản trị sự kiện và dịch vụ giải trí
104218,KSA,quan-tri-su-kien-va-dich-vu-giai-tri,D28,Điểm học bạ,2025,25.5,Quản trị sự kiện và dịch vụ giải trí
104219,KSA,quan-tri-su-kien-va-dich-vu-giai-tri,D29,Điểm học bạ,2025,25.5,Quản trị sự kiện và dịch vụ giải trí
104220,KSA,quan-tri-su-kien-va-dich-vu-giai-tri,D30,Điểm học bạ,2025,25.5,Quản trị sự kiện và dịch vụ giải trí
104221,KSA,quan-tri-su-kien-va-dich-vu-giai-tri,D36,Điểm học bạ,2025,25.5,Quản trị sự kiện và dịch vụ giải trí
104222,KSA,quan-tri-su-kien-va-dich-vu-giai-tri,D37,Điểm học bạ,2025,25.5,Quản trị sự kiện và dịch vụ giải trí
104223,KSA,quan-tri-su-kien-va-dich-vu-giai-tri,D38,Điểm học bạ,2025,25.5,Quản trị sự kiện và dịch vụ giải trí
104224,KSA,quan-tri-su-kien-va-dich-vu-giai-tri,D39,Điểm học bạ,2025,25.5,Quản trị sự kiện và dịch vụ giải trí
104225,KSA,quan-tri-su-kien-va-dich-vu-giai-tri,D40,Điểm học bạ,2025,25.5,Quản trị sự kiện và dịch vụ giải trí
104226,KSA,quan-tri-su-kien-va-dich-vu-giai-tri,A00,Điểm thi THPT,2025,25.5,Quản trị sự kiện và dịch vụ giải trí
104227,KSA,quan-tri-su-kien-va-dich-vu-giai-tri,A01,Điểm thi THPT,2025,25.5,Quản trị sự kiện và dịch vụ giải trí
104228,KSA,quan-tri-su-kien-va-dich-vu-giai-tri,D01,Điểm thi THPT,2025,25.5,Quản trị sự kiện và dịch vụ giải trí
104229,KSA,quan-tri-su-kien-va-dich-vu-giai-tri,D07,Điểm thi THPT,2025,25.5,Quản trị sự kiện và dịch vụ giải trí
104230,KSA,quan-tri-su-kien-va-dich-vu-giai-tri,D09,Điểm thi THPT,2025,25.5,Quản trị sự kiện và dịch vụ giải trí
104231,KSA,robot-va-tri-tue-nhan-tao,A00,Điểm thi THPT,2023,23.0,Robot và Trí tuệ nhân tạo
104232,KSA,robot-va-tri-tue-nhan-tao,A01,Điểm thi THPT,2023,23.0,Robot và Trí tuệ nhân tạo
104233,KSA,robot-va-tri-tue-nhan-tao,D01,Điểm thi THPT,2023,23.0,Robot và Trí tuệ nhân tạo
104234,KSA,robot-va-tri-tue-nhan-tao,D07,Điểm thi THPT,2023,23.0,Robot và Trí tuệ nhân tạo
104235,KSA,robot-va-tri-tue-nhan-tao,A00,Điểm thi THPT,2024,24.7,Robot và Trí tuệ nhân tạo (hệ kỹ sư)
104236,KSA,robot-va-tri-tue-nhan-tao,A01,Điểm thi THPT,2024,24.7,Robot và Trí tuệ nhân tạo (hệ kỹ sư)
104237,KSA,robot-va-tri-tue-nhan-tao,D01,Điểm thi THPT,2024,24.7,Robot và Trí tuệ nhân tạo (hệ kỹ sư)
104238,KSA,robot-va-tri-tue-nhan-tao,D07,Điểm thi THPT,2024,24.7,Robot và Trí tuệ nhân tạo (hệ kỹ sư)
104239,KSA,robot-va-tri-tue-nhan-tao,A00,Điểm học bạ,2025,23.8,Robot và Trí tuệ nhân tạo
104240,KSA,robot-va-tri-tue-nhan-tao,A01,Điểm học bạ,2025,23.8,Robot và Trí tuệ nhân tạo
104241,KSA,robot-va-tri-tue-nhan-tao,D01,Điểm học bạ,2025,23.8,Robot và Trí tuệ nhân tạo
104242,KSA,robot-va-tri-tue-nhan-tao,D02,Điểm học bạ,2025,23.8,Robot và Trí tuệ nhân tạo
104243,KSA,robot-va-tri-tue-nhan-tao,D03,Điểm học bạ,2025,23.8,Robot và Trí tuệ nhân tạo
104244,KSA,robot-va-tri-tue-nhan-tao,D04,Điểm học bạ,2025,23.8,Robot và Trí tuệ nhân tạo
104245,KSA,robot-va-tri-tue-nhan-tao,D05,Điểm học bạ,2025,23.8,Robot và Trí tuệ nhân tạo
104246,KSA,robot-va-tri-tue-nhan-tao,D06,Điểm học bạ,2025,23.8,Robot và Trí tuệ nhân tạo
104247,KSA,robot-va-tri-tue-nhan-tao,D07,Điểm học bạ,2025,23.8,Robot và Trí tuệ nhân tạo
104248,KSA,robot-va-tri-tue-nhan-tao,D21,Điểm học bạ,2025,23.8,Robot và Trí tuệ nhân tạo
104249,KSA,robot-va-tri-tue-nhan-tao,D22,Điểm học bạ,2025,23.8,Robot và Trí tuệ nhân tạo
104250,KSA,robot-va-tri-tue-nhan-tao,D23,Điểm học bạ,2025,23.8,Robot và Trí tuệ nhân tạo
104251,KSA,robot-va-tri-tue-nhan-tao,D24,Điểm học bạ,2025,23.8,Robot và Trí tuệ nhân tạo
104252,KSA,robot-va-tri-tue-nhan-tao,D25,Điểm học bạ,2025,23.8,Robot và Trí tuệ nhân tạo
104253,KSA,robot-va-tri-tue-nhan-tao,D26,Điểm học bạ,2025,23.8,Robot và Trí tuệ nhân tạo
104254,KSA,robot-va-tri-tue-nhan-tao,D27,Điểm học bạ,2025,23.8,Robot và Trí tuệ nhân tạo
104255,KSA,robot-va-tri-tue-nhan-tao,D28,Điểm học bạ,2025,23.8,Robot và Trí tuệ nhân tạo
104256,KSA,robot-va-tri-tue-nhan-tao,D29,Điểm học bạ,2025,23.8,Robot và Trí tuệ nhân tạo
104257,KSA,robot-va-tri-tue-nhan-tao,D30,Điểm học bạ,2025,23.8,Robot và Trí tuệ nhân tạo
104258,KSA,robot-va-tri-tue-nhan-tao,A00,Điểm thi THPT,2025,23.8,Robot và Trí tuệ nhân tạo
104259,KSA,robot-va-tri-tue-nhan-tao,A01,Điểm thi THPT,2025,23.8,Robot và Trí tuệ nhân tạo
104260,KSA,robot-va-tri-tue-nhan-tao,D01,Điểm thi THPT,2025,23.8,Robot và Trí tuệ nhân tạo
104261,KSA,robot-va-tri-tue-nhan-tao,D07,Điểm thi THPT,2025,23.8,Robot và Trí tuệ nhân tạo
104262,KSA,tai-chinh,A00,Điểm thi THPT,2023,25.7,Tài chính
104263,KSA,tai-chinh,A01,Điểm thi THPT,2023,25.7,Tài chính
104264,KSA,tai-chinh,D01,Điểm thi THPT,2023,25.7,Tài chính
104265,KSA,tai-chinh,D07,Điểm thi THPT,2023,25.7,Tài chính
104266,KSA,tai-chinh,A00,Điểm thi THPT,2024,26.03,Tài chính
104267,KSA,tai-chinh,A01,Điểm thi THPT,2024,26.03,Tài chính
104268,KSA,tai-chinh,D01,Điểm thi THPT,2024,26.03,Tài chính
104269,KSA,tai-chinh,D07,Điểm thi THPT,2024,26.03,Tài chính
104270,KSA,tai-chinh,A00,Điểm học bạ,2025,27.98,Tài chính
104271,KSA,tai-chinh,A01,Điểm học bạ,2025,27.98,Tài chính
104272,KSA,tai-chinh,D01,Điểm học bạ,2025,27.98,Tài chính
104273,KSA,tai-chinh,D02,Điểm học bạ,2025,27.98,Tài chính
104274,KSA,tai-chinh,D03,Điểm học bạ,2025,27.98,Tài chính
104275,KSA,tai-chinh,D04,Điểm học bạ,2025,27.98,Tài chính
104276,KSA,tai-chinh,D05,Điểm học bạ,2025,27.98,Tài chính
104277,KSA,tai-chinh,D06,Điểm học bạ,2025,27.98,Tài chính
104278,KSA,tai-chinh,D07,Điểm học bạ,2025,27.98,Tài chính
104279,KSA,tai-chinh,D09,Điểm học bạ,2025,27.98,Tài chính
104280,KSA,tai-chinh,D21,Điểm học bạ,2025,27.98,Tài chính
104281,KSA,tai-chinh,D22,Điểm học bạ,2025,27.98,Tài chính
104282,KSA,tai-chinh,D23,Điểm học bạ,2025,27.98,Tài chính
104283,KSA,tai-chinh,D24,Điểm học bạ,2025,27.98,Tài chính
104284,KSA,tai-chinh,D25,Điểm học bạ,2025,27.98,Tài chính
104285,KSA,tai-chinh,D26,Điểm học bạ,2025,27.98,Tài chính
104286,KSA,tai-chinh,D27,Điểm học bạ,2025,27.98,Tài chính
104287,KSA,tai-chinh,D28,Điểm học bạ,2025,27.98,Tài chính
104288,KSA,tai-chinh,D29,Điểm học bạ,2025,27.98,Tài chính
104289,KSA,tai-chinh,D30,Điểm học bạ,2025,27.98,Tài chính
104290,KSA,tai-chinh,D36,Điểm học bạ,2025,27.98,Tài chính
104291,KSA,tai-chinh,D37,Điểm học bạ,2025,27.98,Tài chính
104292,KSA,tai-chinh,D38,Điểm học bạ,2025,27.98,Tài chính
104293,KSA,tai-chinh,D39,Điểm học bạ,2025,27.98,Tài chính
104294,KSA,tai-chinh,D40,Điểm học bạ,2025,27.98,Tài chính
104295,KSA,tai-chinh,A00,Điểm thi THPT,2025,24.9,Tài chính
104296,KSA,tai-chinh,A01,Điểm thi THPT,2025,24.9,Tài chính
104297,KSA,tai-chinh,D01,Điểm thi THPT,2025,24.9,Tài chính
104298,KSA,tai-chinh,D07,Điểm thi THPT,2025,24.9,Tài chính
104299,KSA,tai-chinh,D09,Điểm thi THPT,2025,24.9,Tài chính
104300,KSA,tai-chinh-cong,A00,Điểm thi THPT,2023,24.0,Tài chính công
104301,KSA,tai-chinh-cong,A01,Điểm thi THPT,2023,24.0,Tài chính công
104302,KSA,tai-chinh-cong,D01,Điểm thi THPT,2023,24.0,Tài chính công
104303,KSA,tai-chinh-cong,D07,Điểm thi THPT,2023,24.0,Tài chính công
104304,KSA,tai-chinh-cong,A00,Điểm thi THPT,2024,25.5,Tài chính công
104305,KSA,tai-chinh-cong,A01,Điểm thi THPT,2024,25.5,Tài chính công
104306,KSA,tai-chinh-cong,D01,Điểm thi THPT,2024,25.5,Tài chính công
104307,KSA,tai-chinh-cong,D07,Điểm thi THPT,2024,25.5,Tài chính công
104308,KSA,tai-chinh-cong,A00,Điểm học bạ,2025,26.74,Tài chính công
104309,KSA,tai-chinh-cong,A01,Điểm học bạ,2025,26.74,Tài chính công
104310,KSA,tai-chinh-cong,D01,Điểm học bạ,2025,26.74,Tài chính công
104311,KSA,tai-chinh-cong,D02,Điểm học bạ,2025,26.74,Tài chính công
104312,KSA,tai-chinh-cong,D03,Điểm học bạ,2025,26.74,Tài chính công
104313,KSA,tai-chinh-cong,D04,Điểm học bạ,2025,26.74,Tài chính công
104314,KSA,tai-chinh-cong,D05,Điểm học bạ,2025,26.74,Tài chính công
104315,KSA,tai-chinh-cong,D06,Điểm học bạ,2025,26.74,Tài chính công
104316,KSA,tai-chinh-cong,D07,Điểm học bạ,2025,26.74,Tài chính công
104317,KSA,tai-chinh-cong,D09,Điểm học bạ,2025,26.74,Tài chính công
104318,KSA,tai-chinh-cong,D21,Điểm học bạ,2025,26.74,Tài chính công
104319,KSA,tai-chinh-cong,D22,Điểm học bạ,2025,26.74,Tài chính công
104320,KSA,tai-chinh-cong,D23,Điểm học bạ,2025,26.74,Tài chính công
104321,KSA,tai-chinh-cong,D24,Điểm học bạ,2025,26.74,Tài chính công
104322,KSA,tai-chinh-cong,D25,Điểm học bạ,2025,26.74,Tài chính công
104323,KSA,tai-chinh-cong,D26,Điểm học bạ,2025,26.74,Tài chính công
104324,KSA,tai-chinh-cong,D27,Điểm học bạ,2025,26.74,Tài chính công
104325,KSA,tai-chinh-cong,D28,Điểm học bạ,2025,26.74,Tài chính công
104326,KSA,tai-chinh-cong,D29,Điểm học bạ,2025,26.74,Tài chính công
104327,KSA,tai-chinh-cong,D30,Điểm học bạ,2025,26.74,Tài chính công
104328,KSA,tai-chinh-cong,D36,Điểm học bạ,2025,26.74,Tài chính công
104329,KSA,tai-chinh-cong,D37,Điểm học bạ,2025,26.74,Tài chính công
104330,KSA,tai-chinh-cong,D38,Điểm học bạ,2025,26.74,Tài chính công
104331,KSA,tai-chinh-cong,D39,Điểm học bạ,2025,26.74,Tài chính công
104332,KSA,tai-chinh-cong,D40,Điểm học bạ,2025,26.74,Tài chính công
104333,KSA,tai-chinh-cong,A00,Điểm thi THPT,2025,23.8,Tài chính công
104334,KSA,tai-chinh-cong,A01,Điểm thi THPT,2025,23.8,Tài chính công
104335,KSA,tai-chinh-cong,D01,Điểm thi THPT,2025,23.8,Tài chính công
104336,KSA,tai-chinh-cong,D07,Điểm thi THPT,2025,23.8,Tài chính công
104337,KSA,tai-chinh-cong,D09,Điểm thi THPT,2025,23.8,Tài chính công
104338,KSA,tai-chinh-ngan-hang,A00,Điểm thi THPT,2021,25.3,Ngành Tài chính - Ngân hàng
104339,KSA,tai-chinh-ngan-hang,A01,Điểm thi THPT,2021,25.3,Ngành Tài chính - Ngân hàng
104340,KSA,tai-chinh-ngan-hang,D01,Điểm thi THPT,2021,25.3,Ngành Tài chính - Ngân hàng
104341,KSA,tai-chinh-ngan-hang,D07,Điểm thi THPT,2021,25.3,Ngành Tài chính - Ngân hàng
104342,KSA,tai-chinh-ngan-hang,A00,Điểm thi THPT,2022,26.1,Tài chính - Ngân hàng
104343,KSA,tai-chinh-ngan-hang,A01,Điểm thi THPT,2022,26.1,Tài chính - Ngân hàng
104344,KSA,tai-chinh-ngan-hang,D01,Điểm thi THPT,2022,26.1,Tài chính - Ngân hàng
104345,KSA,tai-chinh-ngan-hang,D07,Điểm thi THPT,2022,26.1,Tài chính - Ngân hàng
104346,KSA,tai-chinh-ngan-hang,A00,Điểm học bạ,2025,27.53,Chương trình đào tạo nguồn nhân lực quốc tế ngành Tài chính ; Ngân hàng
104347,KSA,tai-chinh-ngan-hang,A01,Điểm học bạ,2025,27.53,Chương trình đào tạo nguồn nhân lực quốc tế ngành Tài chính ; Ngân hàng
104348,KSA,tai-chinh-ngan-hang,D01,Điểm học bạ,2025,27.53,Chương trình đào tạo nguồn nhân lực quốc tế ngành Tài chính ; Ngân hàng
104349,KSA,tai-chinh-ngan-hang,D02,Điểm học bạ,2025,27.53,Chương trình đào tạo nguồn nhân lực quốc tế ngành Tài chính ; Ngân hàng
104350,KSA,tai-chinh-ngan-hang,D03,Điểm học bạ,2025,27.53,Chương trình đào tạo nguồn nhân lực quốc tế ngành Tài chính ; Ngân hàng
104351,KSA,tai-chinh-ngan-hang,D04,Điểm học bạ,2025,27.53,Chương trình đào tạo nguồn nhân lực quốc tế ngành Tài chính ; Ngân hàng
104352,KSA,tai-chinh-ngan-hang,D05,Điểm học bạ,2025,27.53,Chương trình đào tạo nguồn nhân lực quốc tế ngành Tài chính ; Ngân hàng
104353,KSA,tai-chinh-ngan-hang,D06,Điểm học bạ,2025,27.53,Chương trình đào tạo nguồn nhân lực quốc tế ngành Tài chính ; Ngân hàng
104354,KSA,tai-chinh-ngan-hang,D07,Điểm học bạ,2025,27.53,Chương trình đào tạo nguồn nhân lực quốc tế ngành Tài chính ; Ngân hàng
104355,KSA,tai-chinh-ngan-hang,D09,Điểm học bạ,2025,27.53,Chương trình đào tạo nguồn nhân lực quốc tế ngành Tài chính ; Ngân hàng
104356,KSA,tai-chinh-ngan-hang,D21,Điểm học bạ,2025,27.53,Chương trình đào tạo nguồn nhân lực quốc tế ngành Tài chính ; Ngân hàng
104357,KSA,tai-chinh-ngan-hang,D22,Điểm học bạ,2025,27.53,Chương trình đào tạo nguồn nhân lực quốc tế ngành Tài chính ; Ngân hàng
104358,KSA,tai-chinh-ngan-hang,D23,Điểm học bạ,2025,27.53,Chương trình đào tạo nguồn nhân lực quốc tế ngành Tài chính ; Ngân hàng
104359,KSA,tai-chinh-ngan-hang,D24,Điểm học bạ,2025,27.53,Chương trình đào tạo nguồn nhân lực quốc tế ngành Tài chính ; Ngân hàng
104360,KSA,tai-chinh-ngan-hang,D25,Điểm học bạ,2025,27.53,Chương trình đào tạo nguồn nhân lực quốc tế ngành Tài chính ; Ngân hàng
104361,KSA,tai-chinh-ngan-hang,D26,Điểm học bạ,2025,27.53,Chương trình đào tạo nguồn nhân lực quốc tế ngành Tài chính ; Ngân hàng
104362,KSA,tai-chinh-ngan-hang,D27,Điểm học bạ,2025,27.53,Chương trình đào tạo nguồn nhân lực quốc tế ngành Tài chính ; Ngân hàng
104363,KSA,tai-chinh-ngan-hang,D28,Điểm học bạ,2025,27.53,Chương trình đào tạo nguồn nhân lực quốc tế ngành Tài chính ; Ngân hàng
104364,KSA,tai-chinh-ngan-hang,D29,Điểm học bạ,2025,27.53,Chương trình đào tạo nguồn nhân lực quốc tế ngành Tài chính ; Ngân hàng
104365,KSA,tai-chinh-ngan-hang,D30,Điểm học bạ,2025,27.53,Chương trình đào tạo nguồn nhân lực quốc tế ngành Tài chính ; Ngân hàng
104366,KSA,tai-chinh-ngan-hang,D36,Điểm học bạ,2025,27.53,Chương trình đào tạo nguồn nhân lực quốc tế ngành Tài chính ; Ngân hàng
104367,KSA,tai-chinh-ngan-hang,D37,Điểm học bạ,2025,27.53,Chương trình đào tạo nguồn nhân lực quốc tế ngành Tài chính ; Ngân hàng
104368,KSA,tai-chinh-ngan-hang,D38,Điểm học bạ,2025,27.53,Chương trình đào tạo nguồn nhân lực quốc tế ngành Tài chính ; Ngân hàng
104369,KSA,tai-chinh-ngan-hang,D39,Điểm học bạ,2025,27.53,Chương trình đào tạo nguồn nhân lực quốc tế ngành Tài chính ; Ngân hàng
104370,KSA,tai-chinh-ngan-hang,D40,Điểm học bạ,2025,27.53,Chương trình đào tạo nguồn nhân lực quốc tế ngành Tài chính ; Ngân hàng
104371,KSA,tai-chinh-ngan-hang,A00,Điểm thi THPT,2025,24.5,Chương trình đào tạo nguồn nhân lực quốc tế ngành Tài chính - Ngân hàng
104372,KSA,tai-chinh-ngan-hang,A01,Điểm thi THPT,2025,24.5,Chương trình đào tạo nguồn nhân lực quốc tế ngành Tài chính - Ngân hàng
104373,KSA,tai-chinh-ngan-hang,D01,Điểm thi THPT,2025,24.5,Chương trình đào tạo nguồn nhân lực quốc tế ngành Tài chính - Ngân hàng
104374,KSA,tai-chinh-ngan-hang,D07,Điểm thi THPT,2025,24.5,Chương trình đào tạo nguồn nhân lực quốc tế ngành Tài chính - Ngân hàng
104375,KSA,tai-chinh-ngan-hang,D09,Điểm thi THPT,2025,24.5,Chương trình đào tạo nguồn nhân lực quốc tế ngành Tài chính - Ngân hàng
104376,KSA,tai-chinh-quoc-te,A00,Điểm thi THPT,2021,26.8,Ngành Tài chính quốc tế
104377,KSA,tai-chinh-quoc-te,A01,Điểm thi THPT,2021,26.8,Ngành Tài chính quốc tế
104378,KSA,tai-chinh-quoc-te,D01,Điểm thi THPT,2021,26.8,Ngành Tài chính quốc tế
104379,KSA,tai-chinh-quoc-te,D07,Điểm thi THPT,2021,26.8,Ngành Tài chính quốc tế
104380,KSA,tai-chinh-quoc-te,A00,Điểm thi THPT,2022,26.9,Tài chính quốc tế
104381,KSA,tai-chinh-quoc-te,A01,Điểm thi THPT,2022,26.9,Tài chính quốc tế
104382,KSA,tai-chinh-quoc-te,D01,Điểm thi THPT,2022,26.9,Tài chính quốc tế
104383,KSA,tai-chinh-quoc-te,D07,Điểm thi THPT,2022,26.9,Tài chính quốc tế
104384,KSA,tai-chinh-quoc-te,A00,Điểm thi THPT,2023,26.6,Tài chính quốc tế
104385,KSA,tai-chinh-quoc-te,A01,Điểm thi THPT,2023,26.6,Tài chính quốc tế
104386,KSA,tai-chinh-quoc-te,D01,Điểm thi THPT,2023,26.6,Tài chính quốc tế
104387,KSA,tai-chinh-quoc-te,D07,Điểm thi THPT,2023,26.6,Tài chính quốc tế
104388,KSA,tai-chinh-quoc-te,A00,Điểm thi THPT,2024,26.5,Tài chính quốc tế
104389,KSA,tai-chinh-quoc-te,A01,Điểm thi THPT,2024,26.5,Tài chính quốc tế
104390,KSA,tai-chinh-quoc-te,D01,Điểm thi THPT,2024,26.5,Tài chính quốc tế
104391,KSA,tai-chinh-quoc-te,D07,Điểm thi THPT,2024,26.5,Tài chính quốc tế
104392,KSA,tai-chinh-quoc-te,A00,Điểm học bạ,2025,29.12,Tài chính quốc tế
104393,KSA,tai-chinh-quoc-te,A01,Điểm học bạ,2025,29.12,Tài chính quốc tế
104394,KSA,tai-chinh-quoc-te,D01,Điểm học bạ,2025,29.12,Tài chính quốc tế
104395,KSA,tai-chinh-quoc-te,D02,Điểm học bạ,2025,29.12,Tài chính quốc tế
104396,KSA,tai-chinh-quoc-te,D03,Điểm học bạ,2025,29.12,Tài chính quốc tế
104397,KSA,tai-chinh-quoc-te,D04,Điểm học bạ,2025,29.12,Tài chính quốc tế
104398,KSA,tai-chinh-quoc-te,D05,Điểm học bạ,2025,29.12,Tài chính quốc tế
104399,KSA,tai-chinh-quoc-te,D06,Điểm học bạ,2025,29.12,Tài chính quốc tế
104400,KSA,tai-chinh-quoc-te,D07,Điểm học bạ,2025,29.12,Tài chính quốc tế
104401,KSA,tai-chinh-quoc-te,D09,Điểm học bạ,2025,29.12,Tài chính quốc tế
104402,KSA,tai-chinh-quoc-te,D21,Điểm học bạ,2025,29.12,Tài chính quốc tế
104403,KSA,tai-chinh-quoc-te,D22,Điểm học bạ,2025,29.12,Tài chính quốc tế
104404,KSA,tai-chinh-quoc-te,D23,Điểm học bạ,2025,29.12,Tài chính quốc tế
104405,KSA,tai-chinh-quoc-te,D24,Điểm học bạ,2025,29.12,Tài chính quốc tế
104406,KSA,tai-chinh-quoc-te,D25,Điểm học bạ,2025,29.12,Tài chính quốc tế
104407,KSA,tai-chinh-quoc-te,D26,Điểm học bạ,2025,29.12,Tài chính quốc tế
104408,KSA,tai-chinh-quoc-te,D27,Điểm học bạ,2025,29.12,Tài chính quốc tế
104409,KSA,tai-chinh-quoc-te,D28,Điểm học bạ,2025,29.12,Tài chính quốc tế
104410,KSA,tai-chinh-quoc-te,D29,Điểm học bạ,2025,29.12,Tài chính quốc tế
104411,KSA,tai-chinh-quoc-te,D30,Điểm học bạ,2025,29.12,Tài chính quốc tế
104412,KSA,tai-chinh-quoc-te,D36,Điểm học bạ,2025,29.12,Tài chính quốc tế
104413,KSA,tai-chinh-quoc-te,D37,Điểm học bạ,2025,29.12,Tài chính quốc tế
104414,KSA,tai-chinh-quoc-te,D38,Điểm học bạ,2025,29.12,Tài chính quốc tế
104415,KSA,tai-chinh-quoc-te,D39,Điểm học bạ,2025,29.12,Tài chính quốc tế
104416,KSA,tai-chinh-quoc-te,D40,Điểm học bạ,2025,29.12,Tài chính quốc tế
104417,KSA,tai-chinh-quoc-te,A00,Điểm thi THPT,2025,26.3,Tài chính quốc tế
104418,KSA,tai-chinh-quoc-te,A01,Điểm thi THPT,2025,26.3,Tài chính quốc tế
104419,KSA,tai-chinh-quoc-te,D01,Điểm thi THPT,2025,26.3,Tài chính quốc tế
104420,KSA,tai-chinh-quoc-te,D07,Điểm thi THPT,2025,26.3,Tài chính quốc tế
104421,KSA,tai-chinh-quoc-te,D09,Điểm thi THPT,2025,26.3,Tài chính quốc tế
104422,KSA,tham-dinh-gia-va-quan-tri-tai-san,A00,Điểm thi THPT,2023,23.0,Thẩm định giá và quản trị tài sản
104423,KSA,tham-dinh-gia-va-quan-tri-tai-san,A01,Điểm thi THPT,2023,23.0,Thẩm định giá và quản trị tài sản
104424,KSA,tham-dinh-gia-va-quan-tri-tai-san,D01,Điểm thi THPT,2023,23.0,Thẩm định giá và quản trị tài sản
104425,KSA,tham-dinh-gia-va-quan-tri-tai-san,D07,Điểm thi THPT,2023,23.0,Thẩm định giá và quản trị tài sản
104426,KSA,tham-dinh-gia-va-quan-tri-tai-san,A00,Điểm thi THPT,2024,24.8,Thẩm định giá và quản trị tài sản
104427,KSA,tham-dinh-gia-va-quan-tri-tai-san,A01,Điểm thi THPT,2024,24.8,Thẩm định giá và quản trị tài sản
104428,KSA,tham-dinh-gia-va-quan-tri-tai-san,D01,Điểm thi THPT,2024,24.8,Thẩm định giá và quản trị tài sản
104429,KSA,tham-dinh-gia-va-quan-tri-tai-san,D07,Điểm thi THPT,2024,24.8,Thẩm định giá và quản trị tài sản
104430,KSA,tham-dinh-gia-va-quan-tri-tai-san,A00,Điểm học bạ,2025,25.62,Thẩm định giá và Quản trị tài sản
104431,KSA,tham-dinh-gia-va-quan-tri-tai-san,A01,Điểm học bạ,2025,25.62,Thẩm định giá và Quản trị tài sản
104432,KSA,tham-dinh-gia-va-quan-tri-tai-san,D01,Điểm học bạ,2025,25.62,Thẩm định giá và Quản trị tài sản
104433,KSA,tham-dinh-gia-va-quan-tri-tai-san,D02,Điểm học bạ,2025,25.62,Thẩm định giá và Quản trị tài sản
104434,KSA,tham-dinh-gia-va-quan-tri-tai-san,D03,Điểm học bạ,2025,25.62,Thẩm định giá và Quản trị tài sản
104435,KSA,tham-dinh-gia-va-quan-tri-tai-san,D04,Điểm học bạ,2025,25.62,Thẩm định giá và Quản trị tài sản
104436,KSA,tham-dinh-gia-va-quan-tri-tai-san,D05,Điểm học bạ,2025,25.62,Thẩm định giá và Quản trị tài sản
104437,KSA,tham-dinh-gia-va-quan-tri-tai-san,D06,Điểm học bạ,2025,25.62,Thẩm định giá và Quản trị tài sản
104438,KSA,tham-dinh-gia-va-quan-tri-tai-san,D07,Điểm học bạ,2025,25.62,Thẩm định giá và Quản trị tài sản
104439,KSA,tham-dinh-gia-va-quan-tri-tai-san,D09,Điểm học bạ,2025,25.62,Thẩm định giá và Quản trị tài sản
104440,KSA,tham-dinh-gia-va-quan-tri-tai-san,D21,Điểm học bạ,2025,25.62,Thẩm định giá và Quản trị tài sản
104441,KSA,tham-dinh-gia-va-quan-tri-tai-san,D22,Điểm học bạ,2025,25.62,Thẩm định giá và Quản trị tài sản
104442,KSA,tham-dinh-gia-va-quan-tri-tai-san,D23,Điểm học bạ,2025,25.62,Thẩm định giá và Quản trị tài sản
104443,KSA,tham-dinh-gia-va-quan-tri-tai-san,D24,Điểm học bạ,2025,25.62,Thẩm định giá và Quản trị tài sản
104444,KSA,tham-dinh-gia-va-quan-tri-tai-san,D25,Điểm học bạ,2025,25.62,Thẩm định giá và Quản trị tài sản
104445,KSA,tham-dinh-gia-va-quan-tri-tai-san,D26,Điểm học bạ,2025,25.62,Thẩm định giá và Quản trị tài sản
104446,KSA,tham-dinh-gia-va-quan-tri-tai-san,D27,Điểm học bạ,2025,25.62,Thẩm định giá và Quản trị tài sản
104447,KSA,tham-dinh-gia-va-quan-tri-tai-san,D28,Điểm học bạ,2025,25.62,Thẩm định giá và Quản trị tài sản
104448,KSA,tham-dinh-gia-va-quan-tri-tai-san,D29,Điểm học bạ,2025,25.62,Thẩm định giá và Quản trị tài sản
104449,KSA,tham-dinh-gia-va-quan-tri-tai-san,D30,Điểm học bạ,2025,25.62,Thẩm định giá và Quản trị tài sản
104450,KSA,tham-dinh-gia-va-quan-tri-tai-san,D36,Điểm học bạ,2025,25.62,Thẩm định giá và Quản trị tài sản
104451,KSA,tham-dinh-gia-va-quan-tri-tai-san,D37,Điểm học bạ,2025,25.62,Thẩm định giá và Quản trị tài sản
104452,KSA,tham-dinh-gia-va-quan-tri-tai-san,D38,Điểm học bạ,2025,25.62,Thẩm định giá và Quản trị tài sản
104453,KSA,tham-dinh-gia-va-quan-tri-tai-san,D39,Điểm học bạ,2025,25.62,Thẩm định giá và Quản trị tài sản
104454,KSA,tham-dinh-gia-va-quan-tri-tai-san,D40,Điểm học bạ,2025,25.62,Thẩm định giá và Quản trị tài sản
104455,KSA,tham-dinh-gia-va-quan-tri-tai-san,A00,Điểm thi THPT,2025,22.8,Thẩm định giá và Quản trị tài sản
104456,KSA,tham-dinh-gia-va-quan-tri-tai-san,A01,Điểm thi THPT,2025,22.8,Thẩm định giá và Quản trị tài sản
104457,KSA,tham-dinh-gia-va-quan-tri-tai-san,D01,Điểm thi THPT,2025,22.8,Thẩm định giá và Quản trị tài sản
104458,KSA,tham-dinh-gia-va-quan-tri-tai-san,D07,Điểm thi THPT,2025,22.8,Thẩm định giá và Quản trị tài sản
104459,KSA,tham-dinh-gia-va-quan-tri-tai-san,D09,Điểm thi THPT,2025,22.8,Thẩm định giá và Quản trị tài sản
104460,KSA,thi-truong-chung-khoan,A00,Điểm thi THPT,2023,23.55,Thị trường chứng khoán
104461,KSA,thi-truong-chung-khoan,A01,Điểm thi THPT,2023,23.55,Thị trường chứng khoán
104462,KSA,thi-truong-chung-khoan,D01,Điểm thi THPT,2023,23.55,Thị trường chứng khoán
104463,KSA,thi-truong-chung-khoan,D07,Điểm thi THPT,2023,23.55,Thị trường chứng khoán
104464,KSA,thi-truong-chung-khoan,A00,Điểm thi THPT,2024,25.0,Thị trường chứng khoán
104465,KSA,thi-truong-chung-khoan,A01,Điểm thi THPT,2024,25.0,Thị trường chứng khoán
104466,KSA,thi-truong-chung-khoan,D01,Điểm thi THPT,2024,25.0,Thị trường chứng khoán
104467,KSA,thi-truong-chung-khoan,D07,Điểm thi THPT,2024,25.0,Thị trường chứng khoán
104468,KSA,thi-truong-chung-khoan,A00,Điểm học bạ,2025,25.95,Thị trường chứng khoán
104469,KSA,thi-truong-chung-khoan,A01,Điểm học bạ,2025,25.95,Thị trường chứng khoán
104470,KSA,thi-truong-chung-khoan,D01,Điểm học bạ,2025,25.95,Thị trường chứng khoán
104471,KSA,thi-truong-chung-khoan,D02,Điểm học bạ,2025,25.95,Thị trường chứng khoán
104472,KSA,thi-truong-chung-khoan,D03,Điểm học bạ,2025,25.95,Thị trường chứng khoán
104473,KSA,thi-truong-chung-khoan,D04,Điểm học bạ,2025,25.95,Thị trường chứng khoán
104474,KSA,thi-truong-chung-khoan,D05,Điểm học bạ,2025,25.95,Thị trường chứng khoán
104475,KSA,thi-truong-chung-khoan,D06,Điểm học bạ,2025,25.95,Thị trường chứng khoán
104476,KSA,thi-truong-chung-khoan,D07,Điểm học bạ,2025,25.95,Thị trường chứng khoán
104477,KSA,thi-truong-chung-khoan,D09,Điểm học bạ,2025,25.95,Thị trường chứng khoán
104478,KSA,thi-truong-chung-khoan,D21,Điểm học bạ,2025,25.95,Thị trường chứng khoán
104479,KSA,thi-truong-chung-khoan,D22,Điểm học bạ,2025,25.95,Thị trường chứng khoán
104480,KSA,thi-truong-chung-khoan,D23,Điểm học bạ,2025,25.95,Thị trường chứng khoán
104481,KSA,thi-truong-chung-khoan,D24,Điểm học bạ,2025,25.95,Thị trường chứng khoán
104482,KSA,thi-truong-chung-khoan,D25,Điểm học bạ,2025,25.95,Thị trường chứng khoán
104483,KSA,thi-truong-chung-khoan,D26,Điểm học bạ,2025,25.95,Thị trường chứng khoán
104484,KSA,thi-truong-chung-khoan,D27,Điểm học bạ,2025,25.95,Thị trường chứng khoán
104485,KSA,thi-truong-chung-khoan,D28,Điểm học bạ,2025,25.95,Thị trường chứng khoán
104486,KSA,thi-truong-chung-khoan,D29,Điểm học bạ,2025,25.95,Thị trường chứng khoán
104487,KSA,thi-truong-chung-khoan,D30,Điểm học bạ,2025,25.95,Thị trường chứng khoán
104488,KSA,thi-truong-chung-khoan,D36,Điểm học bạ,2025,25.95,Thị trường chứng khoán
104489,KSA,thi-truong-chung-khoan,D37,Điểm học bạ,2025,25.95,Thị trường chứng khoán
104490,KSA,thi-truong-chung-khoan,D38,Điểm học bạ,2025,25.95,Thị trường chứng khoán
104491,KSA,thi-truong-chung-khoan,D39,Điểm học bạ,2025,25.95,Thị trường chứng khoán
104492,KSA,thi-truong-chung-khoan,D40,Điểm học bạ,2025,25.95,Thị trường chứng khoán
104493,KSA,thi-truong-chung-khoan,A00,Điểm thi THPT,2025,23.1,Thị trường chứng khoán
104494,KSA,thi-truong-chung-khoan,A01,Điểm thi THPT,2025,23.1,Thị trường chứng khoán
104495,KSA,thi-truong-chung-khoan,D01,Điểm thi THPT,2025,23.1,Thị trường chứng khoán
104496,KSA,thi-truong-chung-khoan,D07,Điểm thi THPT,2025,23.1,Thị trường chứng khoán
104497,KSA,thi-truong-chung-khoan,D09,Điểm thi THPT,2025,23.1,Thị trường chứng khoán
104498,KSA,thong-ke-kinh-doanh,A00,Điểm thi THPT,2023,25.56,Thống kê kinh doanh
104499,KSA,thong-ke-kinh-doanh,A01,Điểm thi THPT,2023,25.56,Thống kê kinh doanh
104500,KSA,thong-ke-kinh-doanh,D01,Điểm thi THPT,2023,25.56,Thống kê kinh doanh
104501,KSA,thong-ke-kinh-doanh,D07,Điểm thi THPT,2023,25.56,Thống kê kinh doanh
104502,KSA,thong-ke-kinh-doanh,A00,Điểm thi THPT,2024,26.01,Thống kê kinh doanh
104503,KSA,thong-ke-kinh-doanh,A01,Điểm thi THPT,2024,26.01,Thống kê kinh doanh
104504,KSA,thong-ke-kinh-doanh,D01,Điểm thi THPT,2024,26.01,Thống kê kinh doanh
104505,KSA,thong-ke-kinh-doanh,D07,Điểm thi THPT,2024,26.01,Thống kê kinh doanh
104506,KSA,thong-ke-kinh-doanh,A00,Điểm học bạ,2025,24.8,Thống kê kinh doanh
104507,KSA,thong-ke-kinh-doanh,A01,Điểm học bạ,2025,24.8,Thống kê kinh doanh
104508,KSA,thong-ke-kinh-doanh,D01,Điểm học bạ,2025,24.8,Thống kê kinh doanh
104509,KSA,thong-ke-kinh-doanh,D02,Điểm học bạ,2025,24.8,Thống kê kinh doanh
104510,KSA,thong-ke-kinh-doanh,D03,Điểm học bạ,2025,24.8,Thống kê kinh doanh
104511,KSA,thong-ke-kinh-doanh,D04,Điểm học bạ,2025,24.8,Thống kê kinh doanh
104512,KSA,thong-ke-kinh-doanh,D05,Điểm học bạ,2025,24.8,Thống kê kinh doanh
104513,KSA,thong-ke-kinh-doanh,D06,Điểm học bạ,2025,24.8,Thống kê kinh doanh
104514,KSA,thong-ke-kinh-doanh,D07,Điểm học bạ,2025,24.8,Thống kê kinh doanh
104515,KSA,thong-ke-kinh-doanh,D09,Điểm học bạ,2025,24.8,Thống kê kinh doanh
104516,KSA,thong-ke-kinh-doanh,D21,Điểm học bạ,2025,24.8,Thống kê kinh doanh
104517,KSA,thong-ke-kinh-doanh,D22,Điểm học bạ,2025,24.8,Thống kê kinh doanh
104518,KSA,thong-ke-kinh-doanh,D23,Điểm học bạ,2025,24.8,Thống kê kinh doanh
104519,KSA,thong-ke-kinh-doanh,D24,Điểm học bạ,2025,24.8,Thống kê kinh doanh
104520,KSA,thong-ke-kinh-doanh,D25,Điểm học bạ,2025,24.8,Thống kê kinh doanh
104521,KSA,thong-ke-kinh-doanh,D26,Điểm học bạ,2025,24.8,Thống kê kinh doanh
104522,KSA,thong-ke-kinh-doanh,D27,Điểm học bạ,2025,24.8,Thống kê kinh doanh
104523,KSA,thong-ke-kinh-doanh,D28,Điểm học bạ,2025,24.8,Thống kê kinh doanh
104524,KSA,thong-ke-kinh-doanh,D29,Điểm học bạ,2025,24.8,Thống kê kinh doanh
104525,KSA,thong-ke-kinh-doanh,D30,Điểm học bạ,2025,24.8,Thống kê kinh doanh
104526,KSA,thong-ke-kinh-doanh,D36,Điểm học bạ,2025,24.8,Thống kê kinh doanh
104527,KSA,thong-ke-kinh-doanh,D37,Điểm học bạ,2025,24.8,Thống kê kinh doanh
104528,KSA,thong-ke-kinh-doanh,D38,Điểm học bạ,2025,24.8,Thống kê kinh doanh
104529,KSA,thong-ke-kinh-doanh,D39,Điểm học bạ,2025,24.8,Thống kê kinh doanh
104530,KSA,thong-ke-kinh-doanh,D40,Điểm học bạ,2025,24.8,Thống kê kinh doanh
104531,KSA,thong-ke-kinh-doanh,A00,Điểm thi THPT,2025,24.8,Thống kê kinh doanh
104532,KSA,thong-ke-kinh-doanh,A01,Điểm thi THPT,2025,24.8,Thống kê kinh doanh
104533,KSA,thong-ke-kinh-doanh,D01,Điểm thi THPT,2025,24.8,Thống kê kinh doanh
104534,KSA,thong-ke-kinh-doanh,D07,Điểm thi THPT,2025,24.8,Thống kê kinh doanh
104535,KSA,thong-ke-kinh-doanh,D09,Điểm thi THPT,2025,24.8,Thống kê kinh doanh
104536,KSA,thong-ke-kinh-te,A00,Điểm thi THPT,2021,25.9,Ngành Thống kê kinh tế
104537,KSA,thong-ke-kinh-te,A01,Điểm thi THPT,2021,25.9,Ngành Thống kê kinh tế
104538,KSA,thong-ke-kinh-te,D01,Điểm thi THPT,2021,25.9,Ngành Thống kê kinh tế
104539,KSA,thong-ke-kinh-te,D07,Điểm thi THPT,2021,25.9,Ngành Thống kê kinh tế
104540,KSA,thong-ke-kinh-te,A00,Điểm thi THPT,2022,26.0,Thống kê kinh tế
104541,KSA,thong-ke-kinh-te,A01,Điểm thi THPT,2022,26.0,Thống kê kinh tế
104542,KSA,thong-ke-kinh-te,D01,Điểm thi THPT,2022,26.0,Thống kê kinh tế
104543,KSA,thong-ke-kinh-te,D07,Điểm thi THPT,2022,26.0,Thống kê kinh tế
104544,KSA,thue,A00,Điểm thi THPT,2023,23.0,Thuế
104545,KSA,thue,A01,Điểm thi THPT,2023,23.0,Thuế
104546,KSA,thue,D01,Điểm thi THPT,2023,23.0,Thuế
104547,KSA,thue,D07,Điểm thi THPT,2023,23.0,Thuế
104548,KSA,thue,A00,Điểm thi THPT,2024,25.2,Thuế
104549,KSA,thue,A01,Điểm thi THPT,2024,25.2,Thuế
104550,KSA,thue,D01,Điểm thi THPT,2024,25.2,Thuế
104551,KSA,thue,D07,Điểm thi THPT,2024,25.2,Thuế
104552,KSA,thue,A00,Điểm học bạ,2025,23.5,Thuế
104553,KSA,thue,A01,Điểm học bạ,2025,23.5,Thuế
104554,KSA,thue,D01,Điểm học bạ,2025,23.5,Thuế
104555,KSA,thue,D02,Điểm học bạ,2025,23.5,Thuế
104556,KSA,thue,D03,Điểm học bạ,2025,23.5,Thuế
104557,KSA,thue,D04,Điểm học bạ,2025,23.5,Thuế
104558,KSA,thue,D05,Điểm học bạ,2025,23.5,Thuế
104559,KSA,thue,D06,Điểm học bạ,2025,23.5,Thuế
104560,KSA,thue,D07,Điểm học bạ,2025,23.5,Thuế
104561,KSA,thue,D09,Điểm học bạ,2025,23.5,Thuế
104562,KSA,thue,D21,Điểm học bạ,2025,23.5,Thuế
104563,KSA,thue,D22,Điểm học bạ,2025,23.5,Thuế
104564,KSA,thue,D23,Điểm học bạ,2025,23.5,Thuế
104565,KSA,thue,D24,Điểm học bạ,2025,23.5,Thuế
104566,KSA,thue,D25,Điểm học bạ,2025,23.5,Thuế
104567,KSA,thue,D26,Điểm học bạ,2025,23.5,Thuế
104568,KSA,thue,D27,Điểm học bạ,2025,23.5,Thuế
104569,KSA,thue,D28,Điểm học bạ,2025,23.5,Thuế
104570,KSA,thue,D29,Điểm học bạ,2025,23.5,Thuế
104571,KSA,thue,D30,Điểm học bạ,2025,23.5,Thuế
104572,KSA,thue,D36,Điểm học bạ,2025,23.5,Thuế
104573,KSA,thue,D37,Điểm học bạ,2025,23.5,Thuế
104574,KSA,thue,D38,Điểm học bạ,2025,23.5,Thuế
104575,KSA,thue,D39,Điểm học bạ,2025,23.5,Thuế
104576,KSA,thue,D40,Điểm học bạ,2025,23.5,Thuế
104577,KSA,thue,A00,Điểm thi THPT,2025,23.5,Thuế
104578,KSA,thue,A01,Điểm thi THPT,2025,23.5,Thuế
104579,KSA,thue,D01,Điểm thi THPT,2025,23.5,Thuế
104580,KSA,thue,D07,Điểm thi THPT,2025,23.5,Thuế
104581,KSA,thue,D09,Điểm thi THPT,2025,23.5,Thuế
104582,KSA,thuong-mai-dien-tu,A00,Điểm thi THPT,2021,17.0,Ngành Thương mại điện tử
104583,KSA,thuong-mai-dien-tu,A01,Điểm thi THPT,2021,17.0,Ngành Thương mại điện tử
104584,KSA,thuong-mai-dien-tu,D01,Điểm thi THPT,2021,17.0,Ngành Thương mại điện tử
104585,KSA,thuong-mai-dien-tu,D07,Điểm thi THPT,2021,17.0,Ngành Thương mại điện tử
104586,KSA,thuong-mai-dien-tu,A00,Điểm thi THPT,2022,27.4,Thương mại điện tử
104587,KSA,thuong-mai-dien-tu,A01,Điểm thi THPT,2022,27.4,Thương mại điện tử
104588,KSA,thuong-mai-dien-tu,D01,Điểm thi THPT,2022,27.4,Thương mại điện tử
104589,KSA,thuong-mai-dien-tu,D07,Điểm thi THPT,2022,27.4,Thương mại điện tử
104590,KSA,thuong-mai-dien-tu,A00,Điểm thi THPT,2023,26.61,Thương mại điện tử
104591,KSA,thuong-mai-dien-tu,A01,Điểm thi THPT,2023,26.61,Thương mại điện tử
104592,KSA,thuong-mai-dien-tu,D01,Điểm thi THPT,2023,26.61,Thương mại điện tử
104593,KSA,thuong-mai-dien-tu,D07,Điểm thi THPT,2023,26.61,Thương mại điện tử
104594,KSA,thuong-mai-dien-tu,A00,Điểm thi THPT,2024,26.5,Thương mại điện tử
104595,KSA,thuong-mai-dien-tu,A01,Điểm thi THPT,2024,26.5,Thương mại điện tử
104596,KSA,thuong-mai-dien-tu,D01,Điểm thi THPT,2024,26.5,Thương mại điện tử
104597,KSA,thuong-mai-dien-tu,D07,Điểm thi THPT,2024,26.5,Thương mại điện tử
104598,KSA,thuong-mai-dien-tu,A00,Điểm học bạ,2025,26.1,Thương mại điện tử
104599,KSA,thuong-mai-dien-tu,A01,Điểm học bạ,2025,26.1,Thương mại điện tử
104600,KSA,thuong-mai-dien-tu,D01,Điểm học bạ,2025,26.1,Thương mại điện tử
104601,KSA,thuong-mai-dien-tu,D02,Điểm học bạ,2025,26.1,Thương mại điện tử
104602,KSA,thuong-mai-dien-tu,D03,Điểm học bạ,2025,26.1,Thương mại điện tử
104603,KSA,thuong-mai-dien-tu,D04,Điểm học bạ,2025,26.1,Thương mại điện tử
104604,KSA,thuong-mai-dien-tu,D05,Điểm học bạ,2025,26.1,Thương mại điện tử
104605,KSA,thuong-mai-dien-tu,D06,Điểm học bạ,2025,26.1,Thương mại điện tử
104606,KSA,thuong-mai-dien-tu,D07,Điểm học bạ,2025,26.1,Thương mại điện tử
104607,KSA,thuong-mai-dien-tu,D09,Điểm học bạ,2025,26.1,Thương mại điện tử
104608,KSA,thuong-mai-dien-tu,D21,Điểm học bạ,2025,26.1,Thương mại điện tử
104609,KSA,thuong-mai-dien-tu,D22,Điểm học bạ,2025,26.1,Thương mại điện tử
104610,KSA,thuong-mai-dien-tu,D23,Điểm học bạ,2025,26.1,Thương mại điện tử
104611,KSA,thuong-mai-dien-tu,D24,Điểm học bạ,2025,26.1,Thương mại điện tử
104612,KSA,thuong-mai-dien-tu,D25,Điểm học bạ,2025,26.1,Thương mại điện tử
104613,KSA,thuong-mai-dien-tu,D26,Điểm học bạ,2025,26.1,Thương mại điện tử
104614,KSA,thuong-mai-dien-tu,D27,Điểm học bạ,2025,26.1,Thương mại điện tử
104615,KSA,thuong-mai-dien-tu,D28,Điểm học bạ,2025,26.1,Thương mại điện tử
104616,KSA,thuong-mai-dien-tu,D29,Điểm học bạ,2025,26.1,Thương mại điện tử
104617,KSA,thuong-mai-dien-tu,D30,Điểm học bạ,2025,26.1,Thương mại điện tử
104618,KSA,thuong-mai-dien-tu,D36,Điểm học bạ,2025,26.1,Thương mại điện tử
104619,KSA,thuong-mai-dien-tu,D37,Điểm học bạ,2025,26.1,Thương mại điện tử
104620,KSA,thuong-mai-dien-tu,D38,Điểm học bạ,2025,26.1,Thương mại điện tử
104621,KSA,thuong-mai-dien-tu,D39,Điểm học bạ,2025,26.1,Thương mại điện tử
104622,KSA,thuong-mai-dien-tu,D40,Điểm học bạ,2025,26.1,Thương mại điện tử
104623,KSA,thuong-mai-dien-tu,A00,Điểm thi THPT,2025,26.1,Thương mại điện tử
104624,KSA,thuong-mai-dien-tu,A01,Điểm thi THPT,2025,26.1,Thương mại điện tử
104625,KSA,thuong-mai-dien-tu,D01,Điểm thi THPT,2025,26.1,Thương mại điện tử
104626,KSA,thuong-mai-dien-tu,D07,Điểm thi THPT,2025,26.1,Thương mại điện tử
104627,KSA,thuong-mai-dien-tu,D09,Điểm thi THPT,2025,26.1,Thương mại điện tử
104628,KSA,tieng-anh-thuong-mai,D01,Điểm thi THPT,2023,26.3,Tiếng Anh thương mại
104629,KSA,tieng-anh-thuong-mai,D96,Điểm thi THPT,2023,26.3,Tiếng Anh thương mại
104630,KSA,tieng-anh-thuong-mai,D01,Điểm thi THPT,2024,26.3,Tiếng Anh thương mại
104631,KSA,tieng-anh-thuong-mai,D96,Điểm thi THPT,2024,26.3,Tiếng Anh thương mại
104632,KSA,tieng-anh-thuong-mai,D01,Điểm học bạ,2025,24.5,Tiếng Anh thương mại
104633,KSA,tieng-anh-thuong-mai,D02,Điểm học bạ,2025,24.5,Tiếng Anh thương mại
104634,KSA,tieng-anh-thuong-mai,D03,Điểm học bạ,2025,24.5,Tiếng Anh thương mại
104635,KSA,tieng-anh-thuong-mai,D04,Điểm học bạ,2025,24.5,Tiếng Anh thương mại
104636,KSA,tieng-anh-thuong-mai,D05,Điểm học bạ,2025,24.5,Tiếng Anh thương mại
104637,KSA,tieng-anh-thuong-mai,D06,Điểm học bạ,2025,24.5,Tiếng Anh thương mại
104638,KSA,tieng-anh-thuong-mai,D09,Điểm học bạ,2025,24.5,Tiếng Anh thương mại
104639,KSA,tieng-anh-thuong-mai,D36,Điểm học bạ,2025,24.5,Tiếng Anh thương mại
104640,KSA,tieng-anh-thuong-mai,D37,Điểm học bạ,2025,24.5,Tiếng Anh thương mại
104641,KSA,tieng-anh-thuong-mai,D38,Điểm học bạ,2025,24.5,Tiếng Anh thương mại
104642,KSA,tieng-anh-thuong-mai,D39,Điểm học bạ,2025,24.5,Tiếng Anh thương mại
104643,KSA,tieng-anh-thuong-mai,D40,Điểm học bạ,2025,24.5,Tiếng Anh thương mại
104644,KSA,tieng-anh-thuong-mai,D01,Điểm thi THPT,2025,24.5,Tiếng Anh thương mại
104645,KSA,tieng-anh-thuong-mai,D09,Điểm thi THPT,2025,24.5,Tiếng Anh thương mại
104646,KSA,toan-kinh-te,A00,Điểm thi THPT,2021,25.2,Ngành Toán kinh tế
104647,KSA,toan-kinh-te,A01,Điểm thi THPT,2021,25.2,Ngành Toán kinh tế
104648,KSA,toan-kinh-te,D01,Điểm thi THPT,2021,25.2,Ngành Toán kinh tế
104649,KSA,toan-kinh-te,D07,Điểm thi THPT,2021,25.2,Ngành Toán kinh tế
104650,KSA,toan-kinh-te,A00,Điểm thi THPT,2022,25.8,Toán kinh tế
104651,KSA,toan-kinh-te,A01,Điểm thi THPT,2022,25.8,Toán kinh tế
104652,KSA,toan-kinh-te,D01,Điểm thi THPT,2022,25.8,Toán kinh tế
104653,KSA,toan-kinh-te,D07,Điểm thi THPT,2022,25.8,Toán kinh tế
104654,KSA,toan-tai-chinh,A00,Điểm thi THPT,2023,25.32,Toán tài chính
104655,KSA,toan-tai-chinh,A01,Điểm thi THPT,2023,25.32,Toán tài chính
104656,KSA,toan-tai-chinh,D01,Điểm thi THPT,2023,25.32,Toán tài chính
104657,KSA,toan-tai-chinh,D07,Điểm thi THPT,2023,25.32,Toán tài chính
104658,KSA,toan-tai-chinh,A00,Điểm thi THPT,2024,25.72,Toán tài chính
104659,KSA,toan-tai-chinh,A01,Điểm thi THPT,2024,25.72,Toán tài chính
104660,KSA,toan-tai-chinh,D01,Điểm thi THPT,2024,25.72,Toán tài chính
104661,KSA,toan-tai-chinh,D07,Điểm thi THPT,2024,25.72,Toán tài chính
104662,KSA,toan-tai-chinh,A00,Điểm học bạ,2025,26.97,Toán tài chính
104663,KSA,toan-tai-chinh,A01,Điểm học bạ,2025,26.97,Toán tài chính
104664,KSA,toan-tai-chinh,D01,Điểm học bạ,2025,26.97,Toán tài chính
104665,KSA,toan-tai-chinh,D02,Điểm học bạ,2025,26.97,Toán tài chính
104666,KSA,toan-tai-chinh,D03,Điểm học bạ,2025,26.97,Toán tài chính
104667,KSA,toan-tai-chinh,D04,Điểm học bạ,2025,26.97,Toán tài chính
104668,KSA,toan-tai-chinh,D05,Điểm học bạ,2025,26.97,Toán tài chính
104669,KSA,toan-tai-chinh,D06,Điểm học bạ,2025,26.97,Toán tài chính
104670,KSA,toan-tai-chinh,D07,Điểm học bạ,2025,26.97,Toán tài chính
104671,KSA,toan-tai-chinh,D09,Điểm học bạ,2025,26.97,Toán tài chính
104672,KSA,toan-tai-chinh,D21,Điểm học bạ,2025,26.97,Toán tài chính
104673,KSA,toan-tai-chinh,D22,Điểm học bạ,2025,26.97,Toán tài chính
104674,KSA,toan-tai-chinh,D23,Điểm học bạ,2025,26.97,Toán tài chính
104675,KSA,toan-tai-chinh,D24,Điểm học bạ,2025,26.97,Toán tài chính
104676,KSA,toan-tai-chinh,D25,Điểm học bạ,2025,26.97,Toán tài chính
104677,KSA,toan-tai-chinh,D26,Điểm học bạ,2025,26.97,Toán tài chính
104678,KSA,toan-tai-chinh,D27,Điểm học bạ,2025,26.97,Toán tài chính
104679,KSA,toan-tai-chinh,D28,Điểm học bạ,2025,26.97,Toán tài chính
104680,KSA,toan-tai-chinh,D29,Điểm học bạ,2025,26.97,Toán tài chính
104681,KSA,toan-tai-chinh,D30,Điểm học bạ,2025,26.97,Toán tài chính
104682,KSA,toan-tai-chinh,D36,Điểm học bạ,2025,26.97,Toán tài chính
104683,KSA,toan-tai-chinh,D37,Điểm học bạ,2025,26.97,Toán tài chính
104684,KSA,toan-tai-chinh,D38,Điểm học bạ,2025,26.97,Toán tài chính
104685,KSA,toan-tai-chinh,D39,Điểm học bạ,2025,26.97,Toán tài chính
104686,KSA,toan-tai-chinh,D40,Điểm học bạ,2025,26.97,Toán tài chính
104687,KSA,toan-tai-chinh,A00,Điểm thi THPT,2025,24.0,Toán tài chính
104688,KSA,toan-tai-chinh,A01,Điểm thi THPT,2025,24.0,Toán tài chính
104689,KSA,toan-tai-chinh,D01,Điểm thi THPT,2025,24.0,Toán tài chính
104690,KSA,toan-tai-chinh,D07,Điểm thi THPT,2025,24.0,Toán tài chính
104691,KSA,toan-tai-chinh,D09,Điểm thi THPT,2025,24.0,Toán tài chính
104692,KSA,truyen-thong-so-va-thiet-ke-da-phuong-tien,A00,Điểm thi THPT,2023,26.33,Truyền thông số và Thiết kế đa phương tiện
104693,KSA,truyen-thong-so-va-thiet-ke-da-phuong-tien,A01,Điểm thi THPT,2023,26.33,Truyền thông số và Thiết kế đa phương tiện
104694,KSA,truyen-thong-so-va-thiet-ke-da-phuong-tien,D01,Điểm thi THPT,2023,26.33,Truyền thông số và Thiết kế đa phương tiện
104695,KSA,truyen-thong-so-va-thiet-ke-da-phuong-tien,V00,Điểm thi THPT,2023,26.33,Truyền thông số và Thiết kế đa phương tiện
104696,KSA,truyen-thong-so-va-thiet-ke-da-phuong-tien,A00,Điểm thi THPT,2024,26.6,Truyền thông số và thiết kế đa phương tiện
104697,KSA,truyen-thong-so-va-thiet-ke-da-phuong-tien,A01,Điểm thi THPT,2024,26.6,Truyền thông số và thiết kế đa phương tiện
104698,KSA,truyen-thong-so-va-thiet-ke-da-phuong-tien,D01,Điểm thi THPT,2024,26.6,Truyền thông số và thiết kế đa phương tiện
104699,KSA,truyen-thong-so-va-thiet-ke-da-phuong-tien,V00,Điểm thi THPT,2024,26.6,Truyền thông số và thiết kế đa phương tiện
104700,KSA,truyen-thong-so-va-thiet-ke-da-phuong-tien,A00,Điểm học bạ,2025,29.12,Truyền thông số và thiết kế đa phương tiện
104701,KSA,truyen-thong-so-va-thiet-ke-da-phuong-tien,A01,Điểm học bạ,2025,29.12,Truyền thông số và thiết kế đa phương tiện
104702,KSA,truyen-thong-so-va-thiet-ke-da-phuong-tien,D01,Điểm học bạ,2025,29.12,Truyền thông số và thiết kế đa phương tiện
104703,KSA,truyen-thong-so-va-thiet-ke-da-phuong-tien,D02,Điểm học bạ,2025,29.12,Truyền thông số và thiết kế đa phương tiện
104704,KSA,truyen-thong-so-va-thiet-ke-da-phuong-tien,D03,Điểm học bạ,2025,29.12,Truyền thông số và thiết kế đa phương tiện
104705,KSA,truyen-thong-so-va-thiet-ke-da-phuong-tien,D04,Điểm học bạ,2025,29.12,Truyền thông số và thiết kế đa phương tiện
104706,KSA,truyen-thong-so-va-thiet-ke-da-phuong-tien,D05,Điểm học bạ,2025,29.12,Truyền thông số và thiết kế đa phương tiện
104707,KSA,truyen-thong-so-va-thiet-ke-da-phuong-tien,D06,Điểm học bạ,2025,29.12,Truyền thông số và thiết kế đa phương tiện
104708,KSA,truyen-thong-so-va-thiet-ke-da-phuong-tien,D07,Điểm học bạ,2025,29.12,Truyền thông số và thiết kế đa phương tiện
104709,KSA,truyen-thong-so-va-thiet-ke-da-phuong-tien,D09,Điểm học bạ,2025,29.12,Truyền thông số và thiết kế đa phương tiện
104710,KSA,truyen-thong-so-va-thiet-ke-da-phuong-tien,D21,Điểm học bạ,2025,29.12,Truyền thông số và thiết kế đa phương tiện
104711,KSA,truyen-thong-so-va-thiet-ke-da-phuong-tien,D22,Điểm học bạ,2025,29.12,Truyền thông số và thiết kế đa phương tiện
104712,KSA,truyen-thong-so-va-thiet-ke-da-phuong-tien,D23,Điểm học bạ,2025,29.12,Truyền thông số và thiết kế đa phương tiện
104713,KSA,truyen-thong-so-va-thiet-ke-da-phuong-tien,D24,Điểm học bạ,2025,29.12,Truyền thông số và thiết kế đa phương tiện
104714,KSA,truyen-thong-so-va-thiet-ke-da-phuong-tien,D25,Điểm học bạ,2025,29.12,Truyền thông số và thiết kế đa phương tiện
104715,KSA,truyen-thong-so-va-thiet-ke-da-phuong-tien,D26,Điểm học bạ,2025,29.12,Truyền thông số và thiết kế đa phương tiện
104716,KSA,truyen-thong-so-va-thiet-ke-da-phuong-tien,D27,Điểm học bạ,2025,29.12,Truyền thông số và thiết kế đa phương tiện
104717,KSA,truyen-thong-so-va-thiet-ke-da-phuong-tien,D28,Điểm học bạ,2025,29.12,Truyền thông số và thiết kế đa phương tiện
104718,KSA,truyen-thong-so-va-thiet-ke-da-phuong-tien,D29,Điểm học bạ,2025,29.12,Truyền thông số và thiết kế đa phương tiện
104719,KSA,truyen-thong-so-va-thiet-ke-da-phuong-tien,D30,Điểm học bạ,2025,29.12,Truyền thông số và thiết kế đa phương tiện
104720,KSA,truyen-thong-so-va-thiet-ke-da-phuong-tien,D36,Điểm học bạ,2025,29.12,Truyền thông số và thiết kế đa phương tiện
104721,KSA,truyen-thong-so-va-thiet-ke-da-phuong-tien,D37,Điểm học bạ,2025,29.12,Truyền thông số và thiết kế đa phương tiện
104722,KSA,truyen-thong-so-va-thiet-ke-da-phuong-tien,D38,Điểm học bạ,2025,29.12,Truyền thông số và thiết kế đa phương tiện
104723,KSA,truyen-thong-so-va-thiet-ke-da-phuong-tien,D39,Điểm học bạ,2025,29.12,Truyền thông số và thiết kế đa phương tiện
104724,KSA,truyen-thong-so-va-thiet-ke-da-phuong-tien,D40,Điểm học bạ,2025,29.12,Truyền thông số và thiết kế đa phương tiện
104725,KSA,truyen-thong-so-va-thiet-ke-da-phuong-tien,A00,Điểm thi THPT,2025,26.3,Truyền thông số và thiết kế đa phương tiện
104726,KSA,truyen-thong-so-va-thiet-ke-da-phuong-tien,A01,Điểm thi THPT,2025,26.3,Truyền thông số và thiết kế đa phương tiện
104727,KSA,truyen-thong-so-va-thiet-ke-da-phuong-tien,D01,Điểm thi THPT,2025,26.3,Truyền thông số và thiết kế đa phương tiện
104728,KSA,truyen-thong-so-va-thiet-ke-da-phuong-tien,D07,Điểm thi THPT,2025,26.3,Truyền thông số và thiết kế đa phương tiện
104729,KSA,truyen-thong-so-va-thiet-ke-da-phuong-tien,D09,Điểm thi THPT,2025,26.3,Truyền thông số và thiết kế đa phương tiện
104730,KSA,truyen-thong-so-va-thiet-ke-da-phuong-tien,V00,Điểm thi THPT,2025,26.3,Truyền thông số và thiết kế đa phương tiện
104731,KSV,chuong-trinh-cu-nhan-quoc-te-mekong,A00,Điểm học bạ,2023,40.0,Chương trình Cử nhân quốc tế Mekong
104732,KSV,chuong-trinh-cu-nhan-quoc-te-mekong,A01,Điểm học bạ,2023,40.0,Chương trình Cử nhân quốc tế Mekong
104733,KSV,chuong-trinh-cu-nhan-quoc-te-mekong,D01,Điểm học bạ,2023,40.0,Chương trình Cử nhân quốc tế Mekong
104734,KSV,chuong-trinh-cu-nhan-quoc-te-mekong,D07,Điểm học bạ,2023,40.0,Chương trình Cử nhân quốc tế Mekong
104735,KSV,cong-nghe-va-doi-moi-sang-tao,A00,Điểm học bạ,2023,40.0,Công nghệ và đổi mới sáng tạo
104736,KSV,cong-nghe-va-doi-moi-sang-tao,A01,Điểm học bạ,2023,40.0,Công nghệ và đổi mới sáng tạo
104737,KSV,cong-nghe-va-doi-moi-sang-tao,D01,Điểm học bạ,2023,40.0,Công nghệ và đổi mới sáng tạo
104738,KSV,cong-nghe-va-doi-moi-sang-tao,D07,Điểm học bạ,2023,40.0,Công nghệ và đổi mới sáng tạo
104739,KSV,cong-nghe-va-doi-moi-sang-tao,A00,Điểm thi THPT,2023,17.0,Công nghệ và đổi mới sáng tạo
104740,KSV,cong-nghe-va-doi-moi-sang-tao,A01,Điểm thi THPT,2023,17.0,Công nghệ và đổi mới sáng tạo
104741,KSV,cong-nghe-va-doi-moi-sang-tao,D01,Điểm thi THPT,2023,17.0,Công nghệ và đổi mới sáng tạo
104742,KSV,cong-nghe-va-doi-moi-sang-tao,D07,Điểm thi THPT,2023,17.0,Công nghệ và đổi mới sáng tạo
104743,KSV,cong-nghe-va-doi-moi-sang-tao,A00,Điểm học bạ,2024,40.0,Công nghệ và đối mới sáng tạo
104744,KSV,cong-nghe-va-doi-moi-sang-tao,A01,Điểm học bạ,2024,40.0,Công nghệ và đối mới sáng tạo
104745,KSV,cong-nghe-va-doi-moi-sang-tao,D01,Điểm học bạ,2024,40.0,Công nghệ và đối mới sáng tạo
104746,KSV,cong-nghe-va-doi-moi-sang-tao,D02,Điểm học bạ,2024,40.0,Công nghệ và đối mới sáng tạo
104747,KSV,cong-nghe-va-doi-moi-sang-tao,D03,Điểm học bạ,2024,40.0,Công nghệ và đối mới sáng tạo
104748,KSV,cong-nghe-va-doi-moi-sang-tao,D04,Điểm học bạ,2024,40.0,Công nghệ và đối mới sáng tạo
104749,KSV,cong-nghe-va-doi-moi-sang-tao,D05,Điểm học bạ,2024,40.0,Công nghệ và đối mới sáng tạo
104750,KSV,cong-nghe-va-doi-moi-sang-tao,D06,Điểm học bạ,2024,40.0,Công nghệ và đối mới sáng tạo
104751,KSV,cong-nghe-va-doi-moi-sang-tao,D07,Điểm học bạ,2024,40.0,Công nghệ và đối mới sáng tạo
104752,KSV,cong-nghe-va-doi-moi-sang-tao,D21,Điểm học bạ,2024,40.0,Công nghệ và đối mới sáng tạo
104753,KSV,cong-nghe-va-doi-moi-sang-tao,D22,Điểm học bạ,2024,40.0,Công nghệ và đối mới sáng tạo
104754,KSV,cong-nghe-va-doi-moi-sang-tao,D23,Điểm học bạ,2024,40.0,Công nghệ và đối mới sáng tạo
104755,KSV,cong-nghe-va-doi-moi-sang-tao,D24,Điểm học bạ,2024,40.0,Công nghệ và đối mới sáng tạo
104756,KSV,cong-nghe-va-doi-moi-sang-tao,D25,Điểm học bạ,2024,40.0,Công nghệ và đối mới sáng tạo
104757,KSV,cong-nghe-va-doi-moi-sang-tao,D26,Điểm học bạ,2024,40.0,Công nghệ và đối mới sáng tạo
104758,KSV,cong-nghe-va-doi-moi-sang-tao,D27,Điểm học bạ,2024,40.0,Công nghệ và đối mới sáng tạo
104759,KSV,cong-nghe-va-doi-moi-sang-tao,D28,Điểm học bạ,2024,40.0,Công nghệ và đối mới sáng tạo
104760,KSV,cong-nghe-va-doi-moi-sang-tao,D29,Điểm học bạ,2024,40.0,Công nghệ và đối mới sáng tạo
104761,KSV,cong-nghe-va-doi-moi-sang-tao,D30,Điểm học bạ,2024,40.0,Công nghệ và đối mới sáng tạo
104762,KSV,cong-nghe-va-doi-moi-sang-tao,A00,Điểm thi THPT,2024,17.0,Công nghệ và đổi mới sáng tạo
104763,KSV,cong-nghe-va-doi-moi-sang-tao,A01,Điểm thi THPT,2024,17.0,Công nghệ và đổi mới sáng tạo
104764,KSV,cong-nghe-va-doi-moi-sang-tao,D01,Điểm thi THPT,2024,17.0,Công nghệ và đổi mới sáng tạo
104765,KSV,cong-nghe-va-doi-moi-sang-tao,D07,Điểm thi THPT,2024,17.0,Công nghệ và đổi mới sáng tạo
104766,KSV,cong-nghe-va-doi-moi-sang-tao,A00,Điểm thi THPT,2025,18.0,Công nghệ và Đổi mới sáng tạo
104767,KSV,cong-nghe-va-doi-moi-sang-tao,A01,Điểm thi THPT,2025,18.0,Công nghệ và Đổi mới sáng tạo
104768,KSV,cong-nghe-va-doi-moi-sang-tao,D01,Điểm thi THPT,2025,18.0,Công nghệ và Đổi mới sáng tạo
104769,KSV,cong-nghe-va-doi-moi-sang-tao,D07,Điểm thi THPT,2025,18.0,Công nghệ và Đổi mới sáng tạo
104770,KSV,ke-toan,A00,Điểm thi THPT,2021,17.0,Ngành Kế toán
104771,KSV,ke-toan,A01,Điểm thi THPT,2021,17.0,Ngành Kế toán
104772,KSV,ke-toan,D01,Điểm thi THPT,2021,17.0,Ngành Kế toán
104773,KSV,ke-toan,D07,Điểm thi THPT,2021,17.0,Ngành Kế toán
104774,KSV,ke-toan,A00,Điểm thi THPT,2022,17.0,Kế toán
104775,KSV,ke-toan,A01,Điểm thi THPT,2022,17.0,Kế toán
104776,KSV,ke-toan,D01,Điểm thi THPT,2022,17.0,Kế toán
104777,KSV,ke-toan,D07,Điểm thi THPT,2022,17.0,Kế toán
104778,KSV,ke-toan-doanh-nghiep,A00,Điểm học bạ,2023,40.0,Kế toán doanh nghiệp
104779,KSV,ke-toan-doanh-nghiep,A01,Điểm học bạ,2023,40.0,Kế toán doanh nghiệp
104780,KSV,ke-toan-doanh-nghiep,D01,Điểm học bạ,2023,40.0,Kế toán doanh nghiệp
104781,KSV,ke-toan-doanh-nghiep,D07,Điểm học bạ,2023,40.0,Kế toán doanh nghiệp
104782,KSV,ke-toan-doanh-nghiep,A00,Điểm thi THPT,2023,17.0,Kế toán doanh nghiệp
104783,KSV,ke-toan-doanh-nghiep,A01,Điểm thi THPT,2023,17.0,Kế toán doanh nghiệp
104784,KSV,ke-toan-doanh-nghiep,D01,Điểm thi THPT,2023,17.0,Kế toán doanh nghiệp
104785,KSV,ke-toan-doanh-nghiep,D07,Điểm thi THPT,2023,17.0,Kế toán doanh nghiệp
104786,KSV,ke-toan-doanh-nghiep,A00,Điểm học bạ,2024,40.0,Kế toán doanh nghiệp
104787,KSV,ke-toan-doanh-nghiep,A01,Điểm học bạ,2024,40.0,Kế toán doanh nghiệp
104788,KSV,ke-toan-doanh-nghiep,D01,Điểm học bạ,2024,40.0,Kế toán doanh nghiệp
104789,KSV,ke-toan-doanh-nghiep,D02,Điểm học bạ,2024,40.0,Kế toán doanh nghiệp
104790,KSV,ke-toan-doanh-nghiep,D03,Điểm học bạ,2024,40.0,Kế toán doanh nghiệp
104791,KSV,ke-toan-doanh-nghiep,D04,Điểm học bạ,2024,40.0,Kế toán doanh nghiệp
104792,KSV,ke-toan-doanh-nghiep,D05,Điểm học bạ,2024,40.0,Kế toán doanh nghiệp
104793,KSV,ke-toan-doanh-nghiep,D06,Điểm học bạ,2024,40.0,Kế toán doanh nghiệp
104794,KSV,ke-toan-doanh-nghiep,D07,Điểm học bạ,2024,40.0,Kế toán doanh nghiệp
104795,KSV,ke-toan-doanh-nghiep,D21,Điểm học bạ,2024,40.0,Kế toán doanh nghiệp
104796,KSV,ke-toan-doanh-nghiep,D22,Điểm học bạ,2024,40.0,Kế toán doanh nghiệp
104797,KSV,ke-toan-doanh-nghiep,D23,Điểm học bạ,2024,40.0,Kế toán doanh nghiệp
104798,KSV,ke-toan-doanh-nghiep,D24,Điểm học bạ,2024,40.0,Kế toán doanh nghiệp
104799,KSV,ke-toan-doanh-nghiep,D25,Điểm học bạ,2024,40.0,Kế toán doanh nghiệp
104800,KSV,ke-toan-doanh-nghiep,D26,Điểm học bạ,2024,40.0,Kế toán doanh nghiệp
104801,KSV,ke-toan-doanh-nghiep,D27,Điểm học bạ,2024,40.0,Kế toán doanh nghiệp
104802,KSV,ke-toan-doanh-nghiep,D28,Điểm học bạ,2024,40.0,Kế toán doanh nghiệp
104803,KSV,ke-toan-doanh-nghiep,D29,Điểm học bạ,2024,40.0,Kế toán doanh nghiệp
104804,KSV,ke-toan-doanh-nghiep,D30,Điểm học bạ,2024,40.0,Kế toán doanh nghiệp
104805,KSV,ke-toan-doanh-nghiep,A00,Điểm thi THPT,2024,18.0,Kế toán doanh nghiệp
104806,KSV,ke-toan-doanh-nghiep,A01,Điểm thi THPT,2024,18.0,Kế toán doanh nghiệp
104807,KSV,ke-toan-doanh-nghiep,D01,Điểm thi THPT,2024,18.0,Kế toán doanh nghiệp
104808,KSV,ke-toan-doanh-nghiep,D07,Điểm thi THPT,2024,18.0,Kế toán doanh nghiệp
104809,KSV,ke-toan-doanh-nghiep,A00,Điểm thi THPT,2025,17.5,Kế toán doanh nghiệp
104810,KSV,ke-toan-doanh-nghiep,A01,Điểm thi THPT,2025,17.5,Kế toán doanh nghiệp
104811,KSV,ke-toan-doanh-nghiep,D01,Điểm thi THPT,2025,17.5,Kế toán doanh nghiệp
104812,KSV,ke-toan-doanh-nghiep,D07,Điểm thi THPT,2025,17.5,Kế toán doanh nghiệp
104813,KSV,ke-toan-doanh-nghiep,D09,Điểm thi THPT,2025,17.5,Kế toán doanh nghiệp
104814,KSV,kinh-doanh-nong-nghiep,A00,Điểm thi THPT,2021,16.0,Ngành Kinh doanh nông nghiệp
104815,KSV,kinh-doanh-nong-nghiep,A01,Điểm thi THPT,2021,16.0,Ngành Kinh doanh nông nghiệp
104816,KSV,kinh-doanh-nong-nghiep,D01,Điểm thi THPT,2021,16.0,Ngành Kinh doanh nông nghiệp
104817,KSV,kinh-doanh-nong-nghiep,D07,Điểm thi THPT,2021,16.0,Ngành Kinh doanh nông nghiệp
104818,KSV,kinh-doanh-nong-nghiep,A00,Điểm thi THPT,2022,16.0,Kinh doanh nông nghiệp
104819,KSV,kinh-doanh-nong-nghiep,A01,Điểm thi THPT,2022,16.0,Kinh doanh nông nghiệp
104820,KSV,kinh-doanh-nong-nghiep,D01,Điểm thi THPT,2022,16.0,Kinh doanh nông nghiệp
104821,KSV,kinh-doanh-nong-nghiep,D07,Điểm thi THPT,2022,16.0,Kinh doanh nông nghiệp
104822,KSV,kinh-doanh-nong-nghiep,A00,Điểm học bạ,2023,40.0,Kinh doanh nông nghiệp
104823,KSV,kinh-doanh-nong-nghiep,A01,Điểm học bạ,2023,40.0,Kinh doanh nông nghiệp
104824,KSV,kinh-doanh-nong-nghiep,D01,Điểm học bạ,2023,40.0,Kinh doanh nông nghiệp
104825,KSV,kinh-doanh-nong-nghiep,D07,Điểm học bạ,2023,40.0,Kinh doanh nông nghiệp
104826,KSV,kinh-doanh-nong-nghiep,A00,Điểm thi THPT,2023,17.0,Kinh doanh nông nghiệp
104827,KSV,kinh-doanh-nong-nghiep,A01,Điểm thi THPT,2023,17.0,Kinh doanh nông nghiệp
104828,KSV,kinh-doanh-nong-nghiep,D01,Điểm thi THPT,2023,17.0,Kinh doanh nông nghiệp
104829,KSV,kinh-doanh-nong-nghiep,D07,Điểm thi THPT,2023,17.0,Kinh doanh nông nghiệp
104830,KSV,kinh-doanh-nong-nghiep,A00,Điểm học bạ,2024,40.0,Kinh doanh nông nghiệp
104831,KSV,kinh-doanh-nong-nghiep,A01,Điểm học bạ,2024,40.0,Kinh doanh nông nghiệp
104832,KSV,kinh-doanh-nong-nghiep,D01,Điểm học bạ,2024,40.0,Kinh doanh nông nghiệp
104833,KSV,kinh-doanh-nong-nghiep,D02,Điểm học bạ,2024,40.0,Kinh doanh nông nghiệp
104834,KSV,kinh-doanh-nong-nghiep,D03,Điểm học bạ,2024,40.0,Kinh doanh nông nghiệp
104835,KSV,kinh-doanh-nong-nghiep,D04,Điểm học bạ,2024,40.0,Kinh doanh nông nghiệp
104836,KSV,kinh-doanh-nong-nghiep,D05,Điểm học bạ,2024,40.0,Kinh doanh nông nghiệp
104837,KSV,kinh-doanh-nong-nghiep,D06,Điểm học bạ,2024,40.0,Kinh doanh nông nghiệp
104838,KSV,kinh-doanh-nong-nghiep,D07,Điểm học bạ,2024,40.0,Kinh doanh nông nghiệp
104839,KSV,kinh-doanh-nong-nghiep,D21,Điểm học bạ,2024,40.0,Kinh doanh nông nghiệp
104840,KSV,kinh-doanh-nong-nghiep,D22,Điểm học bạ,2024,40.0,Kinh doanh nông nghiệp
104841,KSV,kinh-doanh-nong-nghiep,D23,Điểm học bạ,2024,40.0,Kinh doanh nông nghiệp
104842,KSV,kinh-doanh-nong-nghiep,D24,Điểm học bạ,2024,40.0,Kinh doanh nông nghiệp
104843,KSV,kinh-doanh-nong-nghiep,D25,Điểm học bạ,2024,40.0,Kinh doanh nông nghiệp
104844,KSV,kinh-doanh-nong-nghiep,D26,Điểm học bạ,2024,40.0,Kinh doanh nông nghiệp
104845,KSV,kinh-doanh-nong-nghiep,D27,Điểm học bạ,2024,40.0,Kinh doanh nông nghiệp
104846,KSV,kinh-doanh-nong-nghiep,D28,Điểm học bạ,2024,40.0,Kinh doanh nông nghiệp
104847,KSV,kinh-doanh-nong-nghiep,D29,Điểm học bạ,2024,40.0,Kinh doanh nông nghiệp
104848,KSV,kinh-doanh-nong-nghiep,D30,Điểm học bạ,2024,40.0,Kinh doanh nông nghiệp
104849,KSV,kinh-doanh-nong-nghiep,A00,Điểm thi THPT,2024,17.0,Kinh doanh nông nghiệp
104850,KSV,kinh-doanh-nong-nghiep,A01,Điểm thi THPT,2024,17.0,Kinh doanh nông nghiệp
104851,KSV,kinh-doanh-nong-nghiep,D01,Điểm thi THPT,2024,17.0,Kinh doanh nông nghiệp
104852,KSV,kinh-doanh-nong-nghiep,D07,Điểm thi THPT,2024,17.0,Kinh doanh nông nghiệp
104853,KSV,kinh-doanh-nong-nghiep,A00,Điểm thi THPT,2025,17.0,Kinh doanh nông nghiệp
104854,KSV,kinh-doanh-nong-nghiep,A01,Điểm thi THPT,2025,17.0,Kinh doanh nông nghiệp
104855,KSV,kinh-doanh-nong-nghiep,D01,Điểm thi THPT,2025,17.0,Kinh doanh nông nghiệp
104856,KSV,kinh-doanh-nong-nghiep,D07,Điểm thi THPT,2025,17.0,Kinh doanh nông nghiệp
104857,KSV,kinh-doanh-nong-nghiep,D09,Điểm thi THPT,2025,17.0,Kinh doanh nông nghiệp
104858,KSV,kinh-doanh-quoc-te,A00,Điểm thi THPT,2021,17.0,Ngành Kinh doanh quốc tế
104859,KSV,kinh-doanh-quoc-te,A01,Điểm thi THPT,2021,17.0,Ngành Kinh doanh quốc tế
104860,KSV,kinh-doanh-quoc-te,D01,Điểm thi THPT,2021,17.0,Ngành Kinh doanh quốc tế
104861,KSV,kinh-doanh-quoc-te,D07,Điểm thi THPT,2021,17.0,Ngành Kinh doanh quốc tế
104862,KSV,kinh-doanh-quoc-te,A00,Điểm thi THPT,2022,17.0,Kinh doanh quốc tế
104863,KSV,kinh-doanh-quoc-te,A01,Điểm thi THPT,2022,17.0,Kinh doanh quốc tế
104864,KSV,kinh-doanh-quoc-te,D01,Điểm thi THPT,2022,17.0,Kinh doanh quốc tế
104865,KSV,kinh-doanh-quoc-te,D07,Điểm thi THPT,2022,17.0,Kinh doanh quốc tế
104866,KSV,kinh-doanh-quoc-te,A00,Điểm học bạ,2023,40.0,Kinh doanh quốc tế
104867,KSV,kinh-doanh-quoc-te,A01,Điểm học bạ,2023,40.0,Kinh doanh quốc tế
104868,KSV,kinh-doanh-quoc-te,D01,Điểm học bạ,2023,40.0,Kinh doanh quốc tế
104869,KSV,kinh-doanh-quoc-te,D07,Điểm học bạ,2023,40.0,Kinh doanh quốc tế
104870,KSV,kinh-doanh-quoc-te,A00,Điểm thi THPT,2023,17.0,Kinh doanh quốc tế
104871,KSV,kinh-doanh-quoc-te,A01,Điểm thi THPT,2023,17.0,Kinh doanh quốc tế
104872,KSV,kinh-doanh-quoc-te,D01,Điểm thi THPT,2023,17.0,Kinh doanh quốc tế
104873,KSV,kinh-doanh-quoc-te,D07,Điểm thi THPT,2023,17.0,Kinh doanh quốc tế
104874,KSV,kinh-doanh-quoc-te,A00,Điểm thi THPT,2024,18.5,Kinh doanh quốc tế
104875,KSV,kinh-doanh-quoc-te,A01,Điểm thi THPT,2024,18.5,Kinh doanh quốc tế
104876,KSV,kinh-doanh-quoc-te,D01,Điểm thi THPT,2024,18.5,Kinh doanh quốc tế
104877,KSV,kinh-doanh-quoc-te,D07,Điểm thi THPT,2024,18.5,Kinh doanh quốc tế
104878,KSV,kinh-doanh-quoc-te,A00,Điểm thi THPT,2025,19.5,Kinh doanh quốc tế
104879,KSV,kinh-doanh-quoc-te,A01,Điểm thi THPT,2025,19.5,Kinh doanh quốc tế
104880,KSV,kinh-doanh-quoc-te,D01,Điểm thi THPT,2025,19.5,Kinh doanh quốc tế
104881,KSV,kinh-doanh-quoc-te,D07,Điểm thi THPT,2025,19.5,Kinh doanh quốc tế
104882,KSV,kinh-doanh-quoc-te,D09,Điểm thi THPT,2025,19.5,Kinh doanh quốc tế
104883,KSV,logistics-va-quan-ly-chuoi-cung-ung,A00,Điểm thi THPT,2022,17.0,Logistics và quản lý chuỗi cung ứng
104884,KSV,logistics-va-quan-ly-chuoi-cung-ung,A01,Điểm thi THPT,2022,17.0,Logistics và quản lý chuỗi cung ứng
104885,KSV,logistics-va-quan-ly-chuoi-cung-ung,D01,Điểm thi THPT,2022,17.0,Logistics và quản lý chuỗi cung ứng
104886,KSV,logistics-va-quan-ly-chuoi-cung-ung,D07,Điểm thi THPT,2022,17.0,Logistics và quản lý chuỗi cung ứng
104887,KSV,logistics-va-quan-ly-chuoi-cung-ung,A00,Điểm học bạ,2023,40.0,Logistics và Quản lý chuỗi cung ứng
104888,KSV,logistics-va-quan-ly-chuoi-cung-ung,A01,Điểm học bạ,2023,40.0,Logistics và Quản lý chuỗi cung ứng
104889,KSV,logistics-va-quan-ly-chuoi-cung-ung,D01,Điểm học bạ,2023,40.0,Logistics và Quản lý chuỗi cung ứng
104890,KSV,logistics-va-quan-ly-chuoi-cung-ung,D07,Điểm học bạ,2023,40.0,Logistics và Quản lý chuỗi cung ứng
104891,KSV,logistics-va-quan-ly-chuoi-cung-ung,A00,Điểm thi THPT,2023,17.0,Logistics và Quản lý chuỗi cung ứng
104892,KSV,logistics-va-quan-ly-chuoi-cung-ung,A01,Điểm thi THPT,2023,17.0,Logistics và Quản lý chuỗi cung ứng
104893,KSV,logistics-va-quan-ly-chuoi-cung-ung,D01,Điểm thi THPT,2023,17.0,Logistics và Quản lý chuỗi cung ứng
104894,KSV,logistics-va-quan-ly-chuoi-cung-ung,D07,Điểm thi THPT,2023,17.0,Logistics và Quản lý chuỗi cung ứng
104895,KSV,logistics-va-quan-ly-chuoi-cung-ung,A00,Điểm thi THPT,2024,21.5,Logistics và Quản lý chuỗi cung ứng
104896,KSV,logistics-va-quan-ly-chuoi-cung-ung,A01,Điểm thi THPT,2024,21.5,Logistics và Quản lý chuỗi cung ứng
104897,KSV,logistics-va-quan-ly-chuoi-cung-ung,D01,Điểm thi THPT,2024,21.5,Logistics và Quản lý chuỗi cung ứng
104898,KSV,logistics-va-quan-ly-chuoi-cung-ung,D07,Điểm thi THPT,2024,21.5,Logistics và Quản lý chuỗi cung ứng
104899,KSV,logistics-va-quan-ly-chuoi-cung-ung,A00,Điểm thi THPT,2025,22.0,Logistics và Quản lý chuỗi cung ứng
104900,KSV,logistics-va-quan-ly-chuoi-cung-ung,A01,Điểm thi THPT,2025,22.0,Logistics và Quản lý chuỗi cung ứng
104901,KSV,logistics-va-quan-ly-chuoi-cung-ung,D01,Điểm thi THPT,2025,22.0,Logistics và Quản lý chuỗi cung ứng
104902,KSV,logistics-va-quan-ly-chuoi-cung-ung,D07,Điểm thi THPT,2025,22.0,Logistics và Quản lý chuỗi cung ứng
104903,KSV,luat-kinh-te,A00,Điểm thi THPT,2021,16.0,Ngành Luật kinh tế
104904,KSV,luat-kinh-te,A01,Điểm thi THPT,2021,16.0,Ngành Luật kinh tế
104905,KSV,luat-kinh-te,D01,Điểm thi THPT,2021,16.0,Ngành Luật kinh tế
104906,KSV,luat-kinh-te,D96,Điểm thi THPT,2021,16.0,Ngành Luật kinh tế
104907,KSV,luat-kinh-te,A00,Điểm thi THPT,2022,16.0,Luật kinh tế
104908,KSV,luat-kinh-te,A01,Điểm thi THPT,2022,16.0,Luật kinh tế
104909,KSV,luat-kinh-te,D01,Điểm thi THPT,2022,16.0,Luật kinh tế
104910,KSV,luat-kinh-te,D96,Điểm thi THPT,2022,16.0,Luật kinh tế
104911,KSV,luat-kinh-te,A00,Điểm học bạ,2023,40.0,Luật kinh tế
104912,KSV,luat-kinh-te,A01,Điểm học bạ,2023,40.0,Luật kinh tế
104913,KSV,luat-kinh-te,D01,Điểm học bạ,2023,40.0,Luật kinh tế
104914,KSV,luat-kinh-te,D96,Điểm học bạ,2023,40.0,Luật kinh tế
104915,KSV,luat-kinh-te,A00,Điểm thi THPT,2023,17.0,Luật kinh tế
104916,KSV,luat-kinh-te,A01,Điểm thi THPT,2023,17.0,Luật kinh tế
104917,KSV,luat-kinh-te,D01,Điểm thi THPT,2023,17.0,Luật kinh tế
104918,KSV,luat-kinh-te,D96,Điểm thi THPT,2023,17.0,Luật kinh tế
104919,KSV,luat-kinh-te,A00,Điểm thi THPT,2024,20.5,Luật kinh tế
104920,KSV,luat-kinh-te,A01,Điểm thi THPT,2024,20.5,Luật kinh tế
104921,KSV,luat-kinh-te,D01,Điểm thi THPT,2024,20.5,Luật kinh tế
104922,KSV,luat-kinh-te,D96,Điểm thi THPT,2024,20.5,Luật kinh tế
104923,KSV,luat-kinh-te,A00,Điểm thi THPT,2025,18.5,Luật kinh tế
104924,KSV,luat-kinh-te,A01,Điểm thi THPT,2025,18.5,Luật kinh tế
104925,KSV,luat-kinh-te,D01,Điểm thi THPT,2025,18.5,Luật kinh tế
104926,KSV,luat-kinh-te,D09,Điểm thi THPT,2025,18.5,Luật kinh tế
104927,KSV,marketing,A00,Điểm thi THPT,2021,17.0,Ngành Marketing
104928,KSV,marketing,A01,Điểm thi THPT,2021,17.0,Ngành Marketing
104929,KSV,marketing,D01,Điểm thi THPT,2021,17.0,Ngành Marketing
104930,KSV,marketing,D07,Điểm thi THPT,2021,17.0,Ngành Marketing
104931,KSV,marketing,A00,Điểm thi THPT,2022,17.0,Marketing
104932,KSV,marketing,A01,Điểm thi THPT,2022,17.0,Marketing
104933,KSV,marketing,D01,Điểm thi THPT,2022,17.0,Marketing
104934,KSV,marketing,D07,Điểm thi THPT,2022,17.0,Marketing
104935,KSV,marketing,A00,Điểm học bạ,2023,40.0,Marketing
104936,KSV,marketing,A01,Điểm học bạ,2023,40.0,Marketing
104937,KSV,marketing,D01,Điểm học bạ,2023,40.0,Marketing
104938,KSV,marketing,D07,Điểm học bạ,2023,40.0,Marketing
104939,KSV,marketing,A00,Điểm thi THPT,2023,17.0,Marketing
104940,KSV,marketing,A01,Điểm thi THPT,2023,17.0,Marketing
104941,KSV,marketing,D01,Điểm thi THPT,2023,17.0,Marketing
104942,KSV,marketing,D07,Điểm thi THPT,2023,17.0,Marketing
104943,KSV,marketing,A00,Điểm thi THPT,2024,22.0,Marketing
104944,KSV,marketing,A01,Điểm thi THPT,2024,22.0,Marketing
104945,KSV,marketing,D01,Điểm thi THPT,2024,22.0,Marketing
104946,KSV,marketing,D07,Điểm thi THPT,2024,22.0,Marketing
104947,KSV,marketing,A00,Điểm thi THPT,2025,22.0,Marketing
104948,KSV,marketing,A01,Điểm thi THPT,2025,22.0,Marketing
104949,KSV,marketing,D01,Điểm thi THPT,2025,22.0,Marketing
104950,KSV,marketing,D07,Điểm thi THPT,2025,22.0,Marketing
104951,KSV,marketing,D09,Điểm thi THPT,2025,22.0,Marketing
104952,KSV,ngan-hang,A00,Điểm học bạ,2023,40.0,Ngân hàng
104953,KSV,ngan-hang,A01,Điểm học bạ,2023,40.0,Ngân hàng
104954,KSV,ngan-hang,D01,Điểm học bạ,2023,40.0,Ngân hàng
104955,KSV,ngan-hang,D07,Điểm học bạ,2023,40.0,Ngân hàng
104956,KSV,ngan-hang,A00,Điểm thi THPT,2023,17.0,Ngân hàng
104957,KSV,ngan-hang,A01,Điểm thi THPT,2023,17.0,Ngân hàng
104958,KSV,ngan-hang,D01,Điểm thi THPT,2023,17.0,Ngân hàng
104959,KSV,ngan-hang,D07,Điểm thi THPT,2023,17.0,Ngân hàng
104960,KSV,ngan-hang,A00,Điểm học bạ,2024,40.0,Ngân hàng
104961,KSV,ngan-hang,A01,Điểm học bạ,2024,40.0,Ngân hàng
104962,KSV,ngan-hang,D01,Điểm học bạ,2024,40.0,Ngân hàng
104963,KSV,ngan-hang,D02,Điểm học bạ,2024,40.0,Ngân hàng
104964,KSV,ngan-hang,D03,Điểm học bạ,2024,40.0,Ngân hàng
104965,KSV,ngan-hang,D04,Điểm học bạ,2024,40.0,Ngân hàng
104966,KSV,ngan-hang,D05,Điểm học bạ,2024,40.0,Ngân hàng
104967,KSV,ngan-hang,D06,Điểm học bạ,2024,40.0,Ngân hàng
104968,KSV,ngan-hang,D07,Điểm học bạ,2024,40.0,Ngân hàng
104969,KSV,ngan-hang,D21,Điểm học bạ,2024,40.0,Ngân hàng
104970,KSV,ngan-hang,D22,Điểm học bạ,2024,40.0,Ngân hàng
104971,KSV,ngan-hang,D23,Điểm học bạ,2024,40.0,Ngân hàng
104972,KSV,ngan-hang,D24,Điểm học bạ,2024,40.0,Ngân hàng
104973,KSV,ngan-hang,D25,Điểm học bạ,2024,40.0,Ngân hàng
104974,KSV,ngan-hang,D26,Điểm học bạ,2024,40.0,Ngân hàng
104975,KSV,ngan-hang,D27,Điểm học bạ,2024,40.0,Ngân hàng
104976,KSV,ngan-hang,D28,Điểm học bạ,2024,40.0,Ngân hàng
104977,KSV,ngan-hang,D29,Điểm học bạ,2024,40.0,Ngân hàng
104978,KSV,ngan-hang,D30,Điểm học bạ,2024,40.0,Ngân hàng
104979,KSV,ngan-hang,A00,Điểm thi THPT,2024,18.0,Ngân hàng
104980,KSV,ngan-hang,A01,Điểm thi THPT,2024,18.0,Ngân hàng
104981,KSV,ngan-hang,D01,Điểm thi THPT,2024,18.0,Ngân hàng
104982,KSV,ngan-hang,D07,Điểm thi THPT,2024,18.0,Ngân hàng
104983,KSV,ngan-hang,A00,Điểm thi THPT,2025,18.0,Ngân hàng
104984,KSV,ngan-hang,A01,Điểm thi THPT,2025,18.0,Ngân hàng
104985,KSV,ngan-hang,D01,Điểm thi THPT,2025,18.0,Ngân hàng
104986,KSV,ngan-hang,D07,Điểm thi THPT,2025,18.0,Ngân hàng
104987,KSV,ngan-hang,D09,Điểm thi THPT,2025,18.0,Ngân hàng
104988,KSV,ngon-ngu-anh,D01,Điểm thi THPT,2021,17.0,Ngành Ngôn ngữ Anh
104989,KSV,ngon-ngu-anh,D96,Điểm thi THPT,2021,17.0,Ngành Ngôn ngữ Anh
104990,KSV,ngon-ngu-anh,D01,Điểm thi THPT,2022,17.0,Ngôn ngữ Anh
104991,KSV,ngon-ngu-anh,D96,Điểm thi THPT,2022,17.0,Ngôn ngữ Anh
104992,KSV,quan-tri,A00,Điểm học bạ,2023,40.0,Quản trị
104993,KSV,quan-tri,A01,Điểm học bạ,2023,40.0,Quản trị
104994,KSV,quan-tri,D01,Điểm học bạ,2023,40.0,Quản trị
104995,KSV,quan-tri,D07,Điểm học bạ,2023,40.0,Quản trị
104996,KSV,quan-tri,A00,Điểm thi THPT,2023,17.0,Quản trị
104997,KSV,quan-tri,A01,Điểm thi THPT,2023,17.0,Quản trị
104998,KSV,quan-tri,D01,Điểm thi THPT,2023,17.0,Quản trị
104999,KSV,quan-tri,D07,Điểm thi THPT,2023,17.0,Quản trị
105000,KSV,quan-tri,A00,Điểm học bạ,2024,40.0,Quản trị
105001,KSV,quan-tri,A01,Điểm học bạ,2024,40.0,Quản trị
105002,KSV,quan-tri,D01,Điểm học bạ,2024,40.0,Quản trị
105003,KSV,quan-tri,D02,Điểm học bạ,2024,40.0,Quản trị
105004,KSV,quan-tri,D03,Điểm học bạ,2024,40.0,Quản trị
105005,KSV,quan-tri,D04,Điểm học bạ,2024,40.0,Quản trị
105006,KSV,quan-tri,D05,Điểm học bạ,2024,40.0,Quản trị
105007,KSV,quan-tri,D06,Điểm học bạ,2024,40.0,Quản trị
105008,KSV,quan-tri,D07,Điểm học bạ,2024,40.0,Quản trị
105009,KSV,quan-tri,D21,Điểm học bạ,2024,40.0,Quản trị
105010,KSV,quan-tri,D22,Điểm học bạ,2024,40.0,Quản trị
105011,KSV,quan-tri,D23,Điểm học bạ,2024,40.0,Quản trị
105012,KSV,quan-tri,D24,Điểm học bạ,2024,40.0,Quản trị
105013,KSV,quan-tri,D25,Điểm học bạ,2024,40.0,Quản trị
105014,KSV,quan-tri,D26,Điểm học bạ,2024,40.0,Quản trị
105015,KSV,quan-tri,D27,Điểm học bạ,2024,40.0,Quản trị
105016,KSV,quan-tri,D28,Điểm học bạ,2024,40.0,Quản trị
105017,KSV,quan-tri,D29,Điểm học bạ,2024,40.0,Quản trị
105018,KSV,quan-tri,D30,Điểm học bạ,2024,40.0,Quản trị
105019,KSV,quan-tri,A00,Điểm thi THPT,2024,18.0,Quản trị
105020,KSV,quan-tri,A01,Điểm thi THPT,2024,18.0,Quản trị
105021,KSV,quan-tri,D01,Điểm thi THPT,2024,18.0,Quản trị
105022,KSV,quan-tri,D07,Điểm thi THPT,2024,18.0,Quản trị
105023,KSV,quan-tri,A00,Điểm thi THPT,2025,18.5,Quản trị
105024,KSV,quan-tri,A01,Điểm thi THPT,2025,18.5,Quản trị
105025,KSV,quan-tri,D01,Điểm thi THPT,2025,18.5,Quản trị
105026,KSV,quan-tri,D07,Điểm thi THPT,2025,18.5,Quản trị
105027,KSV,quan-tri,D09,Điểm thi THPT,2025,18.5,Quản trị
105028,KSV,quan-tri-dich-vu-du-lich-va-lu-hanh,A00,Điểm thi THPT,2021,16.0,Ngành Quản trị dịch vụ du lịch và lữ hành
105029,KSV,quan-tri-dich-vu-du-lich-va-lu-hanh,A01,Điểm thi THPT,2021,16.0,Ngành Quản trị dịch vụ du lịch và lữ hành
105030,KSV,quan-tri-dich-vu-du-lich-va-lu-hanh,D01,Điểm thi THPT,2021,16.0,Ngành Quản trị dịch vụ du lịch và lữ hành
105031,KSV,quan-tri-dich-vu-du-lich-va-lu-hanh,D07,Điểm thi THPT,2021,16.0,Ngành Quản trị dịch vụ du lịch và lữ hành
105032,KSV,quan-tri-dich-vu-du-lich-va-lu-hanh,A00,Điểm thi THPT,2022,16.0,Quản trị dịch vụ du lịch và lữ hành
105033,KSV,quan-tri-dich-vu-du-lich-va-lu-hanh,A01,Điểm thi THPT,2022,16.0,Quản trị dịch vụ du lịch và lữ hành
105034,KSV,quan-tri-dich-vu-du-lich-va-lu-hanh,D01,Điểm thi THPT,2022,16.0,Quản trị dịch vụ du lịch và lữ hành
105035,KSV,quan-tri-dich-vu-du-lich-va-lu-hanh,D07,Điểm thi THPT,2022,16.0,Quản trị dịch vụ du lịch và lữ hành
105036,KSV,quan-tri-khach-san,A00,Điểm học bạ,2023,40.0,Quản trị khách sạn
105037,KSV,quan-tri-khach-san,A01,Điểm học bạ,2023,40.0,Quản trị khách sạn
105038,KSV,quan-tri-khach-san,D01,Điểm học bạ,2023,40.0,Quản trị khách sạn
105039,KSV,quan-tri-khach-san,D07,Điểm học bạ,2023,40.0,Quản trị khách sạn
105040,KSV,quan-tri-khach-san,A00,Điểm thi THPT,2023,17.0,Quản trị khách sạn
105041,KSV,quan-tri-khach-san,A01,Điểm thi THPT,2023,17.0,Quản trị khách sạn
105042,KSV,quan-tri-khach-san,D01,Điểm thi THPT,2023,17.0,Quản trị khách sạn
105043,KSV,quan-tri-khach-san,D07,Điểm thi THPT,2023,17.0,Quản trị khách sạn
105044,KSV,quan-tri-khach-san,A00,Điểm học bạ,2024,40.0,Quản trị khách sạn
105045,KSV,quan-tri-khach-san,A01,Điểm học bạ,2024,40.0,Quản trị khách sạn
105046,KSV,quan-tri-khach-san,D01,Điểm học bạ,2024,40.0,Quản trị khách sạn
105047,KSV,quan-tri-khach-san,D02,Điểm học bạ,2024,40.0,Quản trị khách sạn
105048,KSV,quan-tri-khach-san,D03,Điểm học bạ,2024,40.0,Quản trị khách sạn
105049,KSV,quan-tri-khach-san,D04,Điểm học bạ,2024,40.0,Quản trị khách sạn
105050,KSV,quan-tri-khach-san,D05,Điểm học bạ,2024,40.0,Quản trị khách sạn
105051,KSV,quan-tri-khach-san,D06,Điểm học bạ,2024,40.0,Quản trị khách sạn
105052,KSV,quan-tri-khach-san,D07,Điểm học bạ,2024,40.0,Quản trị khách sạn
105053,KSV,quan-tri-khach-san,D21,Điểm học bạ,2024,40.0,Quản trị khách sạn
105054,KSV,quan-tri-khach-san,D22,Điểm học bạ,2024,40.0,Quản trị khách sạn
105055,KSV,quan-tri-khach-san,D23,Điểm học bạ,2024,40.0,Quản trị khách sạn
105056,KSV,quan-tri-khach-san,D24,Điểm học bạ,2024,40.0,Quản trị khách sạn
105057,KSV,quan-tri-khach-san,D25,Điểm học bạ,2024,40.0,Quản trị khách sạn
105058,KSV,quan-tri-khach-san,D26,Điểm học bạ,2024,40.0,Quản trị khách sạn
105059,KSV,quan-tri-khach-san,D27,Điểm học bạ,2024,40.0,Quản trị khách sạn
105060,KSV,quan-tri-khach-san,D28,Điểm học bạ,2024,40.0,Quản trị khách sạn
105061,KSV,quan-tri-khach-san,D29,Điểm học bạ,2024,40.0,Quản trị khách sạn
105062,KSV,quan-tri-khach-san,D30,Điểm học bạ,2024,40.0,Quản trị khách sạn
105063,KSV,quan-tri-khach-san,A00,Điểm thi THPT,2024,18.0,Quản trị khách sạn
105064,KSV,quan-tri-khach-san,A01,Điểm thi THPT,2024,18.0,Quản trị khách sạn
105065,KSV,quan-tri-khach-san,D01,Điểm thi THPT,2024,18.0,Quản trị khách sạn
105066,KSV,quan-tri-khach-san,D07,Điểm thi THPT,2024,18.0,Quản trị khách sạn
105067,KSV,quan-tri-khach-san,A00,Điểm thi THPT,2025,18.0,Quản trị khách sạn
105068,KSV,quan-tri-khach-san,A01,Điểm thi THPT,2025,18.0,Quản trị khách sạn
105069,KSV,quan-tri-khach-san,D01,Điểm thi THPT,2025,18.0,Quản trị khách sạn
105070,KSV,quan-tri-khach-san,D07,Điểm thi THPT,2025,18.0,Quản trị khách sạn
105071,KSV,quan-tri-khach-san,D09,Điểm thi THPT,2025,18.0,Quản trị khách sạn
105072,KSV,quan-tri-kinh-doanh,A00,Điểm thi THPT,2021,17.0,Ngành Quản trị kinh doanh
105073,KSV,quan-tri-kinh-doanh,A01,Điểm thi THPT,2021,17.0,Ngành Quản trị kinh doanh
105074,KSV,quan-tri-kinh-doanh,D01,Điểm thi THPT,2021,17.0,Ngành Quản trị kinh doanh
105075,KSV,quan-tri-kinh-doanh,D07,Điểm thi THPT,2021,17.0,Ngành Quản trị kinh doanh
105076,KSV,quan-tri-kinh-doanh,A00,Điểm thi THPT,2022,17.0,Quản trị kinh doanh
105077,KSV,quan-tri-kinh-doanh,A01,Điểm thi THPT,2022,17.0,Quản trị kinh doanh
105078,KSV,quan-tri-kinh-doanh,D01,Điểm thi THPT,2022,17.0,Quản trị kinh doanh
105079,KSV,quan-tri-kinh-doanh,D07,Điểm thi THPT,2022,17.0,Quản trị kinh doanh
105080,KSV,robot-va-tri-tue-nhan-tao,A00,Điểm học bạ,2023,40.0,Robot và Trí tuệ nhân tạo (hệ kỹ sư)
105081,KSV,robot-va-tri-tue-nhan-tao,A01,Điểm học bạ,2023,40.0,Robot và Trí tuệ nhân tạo (hệ kỹ sư)
105082,KSV,robot-va-tri-tue-nhan-tao,D01,Điểm học bạ,2023,40.0,Robot và Trí tuệ nhân tạo (hệ kỹ sư)
105083,KSV,robot-va-tri-tue-nhan-tao,D07,Điểm học bạ,2023,40.0,Robot và Trí tuệ nhân tạo (hệ kỹ sư)
105084,KSV,robot-va-tri-tue-nhan-tao,A00,Điểm thi THPT,2023,17.0,Robot và Trí tuệ nhân tạo
105085,KSV,robot-va-tri-tue-nhan-tao,A01,Điểm thi THPT,2023,17.0,Robot và Trí tuệ nhân tạo
105086,KSV,robot-va-tri-tue-nhan-tao,D01,Điểm thi THPT,2023,17.0,Robot và Trí tuệ nhân tạo
105087,KSV,robot-va-tri-tue-nhan-tao,D07,Điểm thi THPT,2023,17.0,Robot và Trí tuệ nhân tạo
105088,KSV,robot-va-tri-tue-nhan-tao,A00,Điểm học bạ,2024,40.0,Robot và Trí tuệ nhân tạo (hệ kỹ sư)
105089,KSV,robot-va-tri-tue-nhan-tao,A01,Điểm học bạ,2024,40.0,Robot và Trí tuệ nhân tạo (hệ kỹ sư)
105090,KSV,robot-va-tri-tue-nhan-tao,D01,Điểm học bạ,2024,40.0,Robot và Trí tuệ nhân tạo (hệ kỹ sư)
105091,KSV,robot-va-tri-tue-nhan-tao,D02,Điểm học bạ,2024,40.0,Robot và Trí tuệ nhân tạo (hệ kỹ sư)
105092,KSV,robot-va-tri-tue-nhan-tao,D03,Điểm học bạ,2024,40.0,Robot và Trí tuệ nhân tạo (hệ kỹ sư)
105093,KSV,robot-va-tri-tue-nhan-tao,D04,Điểm học bạ,2024,40.0,Robot và Trí tuệ nhân tạo (hệ kỹ sư)
105094,KSV,robot-va-tri-tue-nhan-tao,D05,Điểm học bạ,2024,40.0,Robot và Trí tuệ nhân tạo (hệ kỹ sư)
105095,KSV,robot-va-tri-tue-nhan-tao,D06,Điểm học bạ,2024,40.0,Robot và Trí tuệ nhân tạo (hệ kỹ sư)
105096,KSV,robot-va-tri-tue-nhan-tao,D07,Điểm học bạ,2024,40.0,Robot và Trí tuệ nhân tạo (hệ kỹ sư)
105097,KSV,robot-va-tri-tue-nhan-tao,D21,Điểm học bạ,2024,40.0,Robot và Trí tuệ nhân tạo (hệ kỹ sư)
105098,KSV,robot-va-tri-tue-nhan-tao,D22,Điểm học bạ,2024,40.0,Robot và Trí tuệ nhân tạo (hệ kỹ sư)
105099,KSV,robot-va-tri-tue-nhan-tao,D23,Điểm học bạ,2024,40.0,Robot và Trí tuệ nhân tạo (hệ kỹ sư)
105100,KSV,robot-va-tri-tue-nhan-tao,D24,Điểm học bạ,2024,40.0,Robot và Trí tuệ nhân tạo (hệ kỹ sư)
105101,KSV,robot-va-tri-tue-nhan-tao,D25,Điểm học bạ,2024,40.0,Robot và Trí tuệ nhân tạo (hệ kỹ sư)
105102,KSV,robot-va-tri-tue-nhan-tao,D26,Điểm học bạ,2024,40.0,Robot và Trí tuệ nhân tạo (hệ kỹ sư)
105103,KSV,robot-va-tri-tue-nhan-tao,D27,Điểm học bạ,2024,40.0,Robot và Trí tuệ nhân tạo (hệ kỹ sư)
105104,KSV,robot-va-tri-tue-nhan-tao,D28,Điểm học bạ,2024,40.0,Robot và Trí tuệ nhân tạo (hệ kỹ sư)
105105,KSV,robot-va-tri-tue-nhan-tao,D29,Điểm học bạ,2024,40.0,Robot và Trí tuệ nhân tạo (hệ kỹ sư)
105106,KSV,robot-va-tri-tue-nhan-tao,D30,Điểm học bạ,2024,40.0,Robot và Trí tuệ nhân tạo (hệ kỹ sư)
105107,KSV,robot-va-tri-tue-nhan-tao,A00,Điểm thi THPT,2024,17.0,Robot và Trí tuệ nhân tạo (hệ kỹ sư)
105108,KSV,robot-va-tri-tue-nhan-tao,A01,Điểm thi THPT,2024,17.0,Robot và Trí tuệ nhân tạo (hệ kỹ sư)
105109,KSV,robot-va-tri-tue-nhan-tao,D01,Điểm thi THPT,2024,17.0,Robot và Trí tuệ nhân tạo (hệ kỹ sư)
105110,KSV,robot-va-tri-tue-nhan-tao,D07,Điểm thi THPT,2024,17.0,Robot và Trí tuệ nhân tạo (hệ kỹ sư)
105111,KSV,robot-va-tri-tue-nhan-tao,A00,Điểm thi THPT,2025,18.0,Robot và Trí tuệ nhân tạo (hệ kỹ sư)
105112,KSV,robot-va-tri-tue-nhan-tao,A01,Điểm thi THPT,2025,18.0,Robot và Trí tuệ nhân tạo (hệ kỹ sư)
105113,KSV,robot-va-tri-tue-nhan-tao,D01,Điểm thi THPT,2025,18.0,Robot và Trí tuệ nhân tạo (hệ kỹ sư)
105114,KSV,robot-va-tri-tue-nhan-tao,D07,Điểm thi THPT,2025,18.0,Robot và Trí tuệ nhân tạo (hệ kỹ sư)
105115,KSV,tai-chinh,A00,Điểm học bạ,2023,40.0,Tài chính
105116,KSV,tai-chinh,A01,Điểm học bạ,2023,40.0,Tài chính
105117,KSV,tai-chinh,D01,Điểm học bạ,2023,40.0,Tài chính
105118,KSV,tai-chinh,D07,Điểm học bạ,2023,40.0,Tài chính
105119,KSV,tai-chinh,A00,Điểm thi THPT,2023,17.0,Tài chính
105120,KSV,tai-chinh,A01,Điểm thi THPT,2023,17.0,Tài chính
105121,KSV,tai-chinh,D01,Điểm thi THPT,2023,17.0,Tài chính
105122,KSV,tai-chinh,D07,Điểm thi THPT,2023,17.0,Tài chính
105123,KSV,tai-chinh,A00,Điểm học bạ,2024,40.0,Tài chính
105124,KSV,tai-chinh,A01,Điểm học bạ,2024,40.0,Tài chính
105125,KSV,tai-chinh,D01,Điểm học bạ,2024,40.0,Tài chính
105126,KSV,tai-chinh,D02,Điểm học bạ,2024,40.0,Tài chính
105127,KSV,tai-chinh,D03,Điểm học bạ,2024,40.0,Tài chính
105128,KSV,tai-chinh,D04,Điểm học bạ,2024,40.0,Tài chính
105129,KSV,tai-chinh,D05,Điểm học bạ,2024,40.0,Tài chính
105130,KSV,tai-chinh,D06,Điểm học bạ,2024,40.0,Tài chính
105131,KSV,tai-chinh,D07,Điểm học bạ,2024,40.0,Tài chính
105132,KSV,tai-chinh,D21,Điểm học bạ,2024,40.0,Tài chính
105133,KSV,tai-chinh,D22,Điểm học bạ,2024,40.0,Tài chính
105134,KSV,tai-chinh,D23,Điểm học bạ,2024,40.0,Tài chính
105135,KSV,tai-chinh,D24,Điểm học bạ,2024,40.0,Tài chính
105136,KSV,tai-chinh,D25,Điểm học bạ,2024,40.0,Tài chính
105137,KSV,tai-chinh,D26,Điểm học bạ,2024,40.0,Tài chính
105138,KSV,tai-chinh,D27,Điểm học bạ,2024,40.0,Tài chính
105139,KSV,tai-chinh,D28,Điểm học bạ,2024,40.0,Tài chính
105140,KSV,tai-chinh,D29,Điểm học bạ,2024,40.0,Tài chính
105141,KSV,tai-chinh,D30,Điểm học bạ,2024,40.0,Tài chính
105142,KSV,tai-chinh,A00,Điểm thi THPT,2024,18.0,Tài chính
105143,KSV,tai-chinh,A01,Điểm thi THPT,2024,18.0,Tài chính
105144,KSV,tai-chinh,D01,Điểm thi THPT,2024,18.0,Tài chính
105145,KSV,tai-chinh,D07,Điểm thi THPT,2024,18.0,Tài chính
105146,KSV,tai-chinh,A00,Điểm thi THPT,2025,18.0,Tài chính
105147,KSV,tai-chinh,A01,Điểm thi THPT,2025,18.0,Tài chính
105148,KSV,tai-chinh,D01,Điểm thi THPT,2025,18.0,Tài chính
105149,KSV,tai-chinh,D07,Điểm thi THPT,2025,18.0,Tài chính
105150,KSV,tai-chinh,D09,Điểm thi THPT,2025,18.0,Tài chính
105151,KSV,tai-chinh-ngan-hang,A00,Điểm thi THPT,2021,17.0,Ngành Tài chính - Ngân hàng
105152,KSV,tai-chinh-ngan-hang,A01,Điểm thi THPT,2021,17.0,Ngành Tài chính - Ngân hàng
105153,KSV,tai-chinh-ngan-hang,D01,Điểm thi THPT,2021,17.0,Ngành Tài chính - Ngân hàng
105154,KSV,tai-chinh-ngan-hang,D07,Điểm thi THPT,2021,17.0,Ngành Tài chính - Ngân hàng
105155,KSV,tai-chinh-ngan-hang,A00,Điểm thi THPT,2022,17.0,Tài chính - Ngân hàng
105156,KSV,tai-chinh-ngan-hang,A01,Điểm thi THPT,2022,17.0,Tài chính - Ngân hàng
105157,KSV,tai-chinh-ngan-hang,D01,Điểm thi THPT,2022,17.0,Tài chính - Ngân hàng
105158,KSV,tai-chinh-ngan-hang,D07,Điểm thi THPT,2022,17.0,Tài chính - Ngân hàng
105159,KSV,thue,A00,Điểm học bạ,2024,40.0,Thuế
105160,KSV,thue,A01,Điểm học bạ,2024,40.0,Thuế
105161,KSV,thue,D01,Điểm học bạ,2024,40.0,Thuế
105162,KSV,thue,D02,Điểm học bạ,2024,40.0,Thuế
105163,KSV,thue,D03,Điểm học bạ,2024,40.0,Thuế
105164,KSV,thue,D04,Điểm học bạ,2024,40.0,Thuế
105165,KSV,thue,D05,Điểm học bạ,2024,40.0,Thuế
105166,KSV,thue,D06,Điểm học bạ,2024,40.0,Thuế
105167,KSV,thue,D07,Điểm học bạ,2024,40.0,Thuế
105168,KSV,thue,D21,Điểm học bạ,2024,40.0,Thuế
105169,KSV,thue,D22,Điểm học bạ,2024,40.0,Thuế
105170,KSV,thue,D23,Điểm học bạ,2024,40.0,Thuế
105171,KSV,thue,D24,Điểm học bạ,2024,40.0,Thuế
105172,KSV,thue,D25,Điểm học bạ,2024,40.0,Thuế
105173,KSV,thue,D26,Điểm học bạ,2024,40.0,Thuế
105174,KSV,thue,D27,Điểm học bạ,2024,40.0,Thuế
105175,KSV,thue,D28,Điểm học bạ,2024,40.0,Thuế
105176,KSV,thue,D29,Điểm học bạ,2024,40.0,Thuế
105177,KSV,thue,D30,Điểm học bạ,2024,40.0,Thuế
105178,KSV,thue,A00,Điểm thi THPT,2024,17.0,Thuế
105179,KSV,thue,A01,Điểm thi THPT,2024,17.0,Thuế
105180,KSV,thue,D01,Điểm thi THPT,2024,17.0,Thuế
105181,KSV,thue,D07,Điểm thi THPT,2024,17.0,Thuế
105182,KSV,thue,A00,Điểm thi THPT,2025,17.0,Thuế
105183,KSV,thue,A01,Điểm thi THPT,2025,17.0,Thuế
105184,KSV,thue,D01,Điểm thi THPT,2025,17.0,Thuế
105185,KSV,thue,D07,Điểm thi THPT,2025,17.0,Thuế
105186,KSV,thue,D09,Điểm thi THPT,2025,17.0,Thuế
105187,KSV,thuong-mai-dien-tu,A00,Điểm thi THPT,2021,17.0,Ngành Thương mại điện tử
105188,KSV,thuong-mai-dien-tu,A01,Điểm thi THPT,2021,17.0,Ngành Thương mại điện tử
105189,KSV,thuong-mai-dien-tu,D01,Điểm thi THPT,2021,17.0,Ngành Thương mại điện tử
105190,KSV,thuong-mai-dien-tu,D07,Điểm thi THPT,2021,17.0,Ngành Thương mại điện tử
105191,KSV,thuong-mai-dien-tu,A00,Điểm thi THPT,2022,17.0,Thương mại điện tử
105192,KSV,thuong-mai-dien-tu,A01,Điểm thi THPT,2022,17.0,Thương mại điện tử
105193,KSV,thuong-mai-dien-tu,D01,Điểm thi THPT,2022,17.0,Thương mại điện tử
105194,KSV,thuong-mai-dien-tu,D07,Điểm thi THPT,2022,17.0,Thương mại điện tử
105195,KSV,thuong-mai-dien-tu,A00,Điểm học bạ,2023,40.0,Thương mại điện tử
105196,KSV,thuong-mai-dien-tu,A01,Điểm học bạ,2023,40.0,Thương mại điện tử
105197,KSV,thuong-mai-dien-tu,D01,Điểm học bạ,2023,40.0,Thương mại điện tử
105198,KSV,thuong-mai-dien-tu,D07,Điểm học bạ,2023,40.0,Thương mại điện tử
105199,KSV,thuong-mai-dien-tu,A00,Điểm thi THPT,2023,17.0,Thương mại điện tử
105200,KSV,thuong-mai-dien-tu,A01,Điểm thi THPT,2023,17.0,Thương mại điện tử
105201,KSV,thuong-mai-dien-tu,D01,Điểm thi THPT,2023,17.0,Thương mại điện tử
105202,KSV,thuong-mai-dien-tu,D07,Điểm thi THPT,2023,17.0,Thương mại điện tử
105203,KSV,thuong-mai-dien-tu,A00,Điểm thi THPT,2024,20.0,Thương mại điện tử
105204,KSV,thuong-mai-dien-tu,A01,Điểm thi THPT,2024,20.0,Thương mại điện tử
105205,KSV,thuong-mai-dien-tu,D01,Điểm thi THPT,2024,20.0,Thương mại điện tử
105206,KSV,thuong-mai-dien-tu,D07,Điểm thi THPT,2024,20.0,Thương mại điện tử
105207,KSV,thuong-mai-dien-tu,A00,Điểm thi THPT,2025,20.5,Thương mại điện tử
105208,KSV,thuong-mai-dien-tu,A01,Điểm thi THPT,2025,20.5,Thương mại điện tử
105209,KSV,thuong-mai-dien-tu,D01,Điểm thi THPT,2025,20.5,Thương mại điện tử
105210,KSV,thuong-mai-dien-tu,D07,Điểm thi THPT,2025,20.5,Thương mại điện tử
105211,KSV,thuong-mai-dien-tu,D09,Điểm thi THPT,2025,20.5,Thương mại điện tử
105212,KSV,tieng-anh-thuong-mai,D01,Điểm học bạ,2023,40.0,Tiếng Anh thương mại
105213,KSV,tieng-anh-thuong-mai,D96,Điểm học bạ,2023,40.0,Tiếng Anh thương mại
105214,KSV,tieng-anh-thuong-mai,D01,Điểm thi THPT,2023,17.0,Tiếng Anh thương mại
105215,KSV,tieng-anh-thuong-mai,D96,Điểm thi THPT,2023,17.0,Tiếng Anh thương mại
105216,KSV,tieng-anh-thuong-mai,D01,Điểm học bạ,2024,40.0,Tiếng Anh thương mại
105217,KSV,tieng-anh-thuong-mai,D02,Điểm học bạ,2024,40.0,Tiếng Anh thương mại
105218,KSV,tieng-anh-thuong-mai,D03,Điểm học bạ,2024,40.0,Tiếng Anh thương mại
105219,KSV,tieng-anh-thuong-mai,D04,Điểm học bạ,2024,40.0,Tiếng Anh thương mại
105220,KSV,tieng-anh-thuong-mai,D05,Điểm học bạ,2024,40.0,Tiếng Anh thương mại
105221,KSV,tieng-anh-thuong-mai,D06,Điểm học bạ,2024,40.0,Tiếng Anh thương mại
105222,KSV,tieng-anh-thuong-mai,D01,Điểm thi THPT,2024,17.0,Tiếng Anh thương mại
105223,KSV,tieng-anh-thuong-mai,D96,Điểm thi THPT,2024,17.0,Tiếng Anh thương mại
105224,KSV,tieng-anh-thuong-mai,D01,Điểm thi THPT,2025,17.0,Tiếng Anh Thương mại
105225,KSV,tieng-anh-thuong-mai,D09,Điểm thi THPT,2025,17.0,Tiếng Anh Thương mại
105226,KTA,cong-nghe-co-dien-cong-trinh,A00,Điểm học bạ,2021,18.0,Công nghệ cơ điện công trình
105227,KTA,cong-nghe-co-dien-cong-trinh,A01,Điểm học bạ,2021,18.0,Công nghệ cơ điện công trình
105228,KTA,cong-nghe-co-dien-cong-trinh,D01,Điểm học bạ,2021,18.0,Công nghệ cơ điện công trình
105229,KTA,cong-nghe-co-dien-cong-trinh,D07,Điểm học bạ,2021,18.0,Công nghệ cơ điện công trình
105230,KTA,cong-nghe-co-dien-cong-trinh,A00,Điểm thi THPT,2021,20.0,Kỹ thuật cơ sở hạ tầng (Chuyên ngành Công nghệ cơ điện công trình)
105231,KTA,cong-nghe-co-dien-cong-trinh,A01,Điểm thi THPT,2021,20.0,Kỹ thuật cơ sở hạ tầng (Chuyên ngành Công nghệ cơ điện công trình)
105232,KTA,cong-nghe-co-dien-cong-trinh,D01,Điểm thi THPT,2021,20.0,Kỹ thuật cơ sở hạ tầng (Chuyên ngành Công nghệ cơ điện công trình)
105233,KTA,cong-nghe-co-dien-cong-trinh,D07,Điểm thi THPT,2021,20.0,Kỹ thuật cơ sở hạ tầng (Chuyên ngành Công nghệ cơ điện công trình)
105234,KTA,cong-nghe-co-dien-cong-trinh,A00,Điểm học bạ,2022,19.0,Công nghệ cơ điện công trình
105235,KTA,cong-nghe-co-dien-cong-trinh,A01,Điểm học bạ,2022,19.0,Công nghệ cơ điện công trình
105236,KTA,cong-nghe-co-dien-cong-trinh,D01,Điểm học bạ,2022,19.0,Công nghệ cơ điện công trình
105237,KTA,cong-nghe-co-dien-cong-trinh,D07,Điểm học bạ,2022,19.0,Công nghệ cơ điện công trình
105238,KTA,cong-nghe-co-dien-cong-trinh,A00,Điểm thi THPT,2022,22.5,Kỹ thuật cơ sở hạ tầng (Chuyên ngành Công nghệ cơ điện công trình)
105239,KTA,cong-nghe-co-dien-cong-trinh,A01,Điểm thi THPT,2022,22.5,Kỹ thuật cơ sở hạ tầng (Chuyên ngành Công nghệ cơ điện công trình)
105240,KTA,cong-nghe-co-dien-cong-trinh,D01,Điểm thi THPT,2022,22.5,Kỹ thuật cơ sở hạ tầng (Chuyên ngành Công nghệ cơ điện công trình)
105241,KTA,cong-nghe-co-dien-cong-trinh,D07,Điểm thi THPT,2022,22.5,Kỹ thuật cơ sở hạ tầng (Chuyên ngành Công nghệ cơ điện công trình)
105242,KTA,cong-nghe-co-dien-cong-trinh,A00,Điểm học bạ,2023,20.5,Công nghệ cơ điện công trình
105243,KTA,cong-nghe-co-dien-cong-trinh,A01,Điểm học bạ,2023,20.5,Công nghệ cơ điện công trình
105244,KTA,cong-nghe-co-dien-cong-trinh,D01,Điểm học bạ,2023,20.5,Công nghệ cơ điện công trình
105245,KTA,cong-nghe-co-dien-cong-trinh,D07,Điểm học bạ,2023,20.5,Công nghệ cơ điện công trình
105246,KTA,cong-nghe-co-dien-cong-trinh,A00,Điểm thi THPT,2023,21.45,Kỹ thuật cơ sở hạ tầng (Chuyên ngành Công nghệ cơ điện công trình)
105247,KTA,cong-nghe-co-dien-cong-trinh,A01,Điểm thi THPT,2023,21.45,Kỹ thuật cơ sở hạ tầng (Chuyên ngành Công nghệ cơ điện công trình)
105248,KTA,cong-nghe-co-dien-cong-trinh,D01,Điểm thi THPT,2023,21.45,Kỹ thuật cơ sở hạ tầng (Chuyên ngành Công nghệ cơ điện công trình)
105249,KTA,cong-nghe-co-dien-cong-trinh,D07,Điểm thi THPT,2023,21.45,Kỹ thuật cơ sở hạ tầng (Chuyên ngành Công nghệ cơ điện công trình)
105250,KTA,cong-nghe-co-dien-cong-trinh,A00,Điểm học bạ,2024,22.0,Công nghệ cơ điện công trình
105251,KTA,cong-nghe-co-dien-cong-trinh,A01,Điểm học bạ,2024,22.0,Công nghệ cơ điện công trình
105252,KTA,cong-nghe-co-dien-cong-trinh,D01,Điểm học bạ,2024,22.0,Công nghệ cơ điện công trình
105253,KTA,cong-nghe-co-dien-cong-trinh,D07,Điểm học bạ,2024,22.0,Công nghệ cơ điện công trình
105254,KTA,cong-nghe-co-dien-cong-trinh,A00,Điểm thi THPT,2024,21.15,Kỹ thuật cơ sở hạ tầng (Chuyên ngành Công nghệ cơ điện công trình)
105255,KTA,cong-nghe-co-dien-cong-trinh,A01,Điểm thi THPT,2024,21.15,Kỹ thuật cơ sở hạ tầng (Chuyên ngành Công nghệ cơ điện công trình)
105256,KTA,cong-nghe-co-dien-cong-trinh,D01,Điểm thi THPT,2024,21.15,Kỹ thuật cơ sở hạ tầng (Chuyên ngành Công nghệ cơ điện công trình)
105257,KTA,cong-nghe-co-dien-cong-trinh,D07,Điểm thi THPT,2024,21.15,Kỹ thuật cơ sở hạ tầng (Chuyên ngành Công nghệ cơ điện công trình)
105258,KTA,cong-nghe-da-phuong-tien,A00,Điểm thi THPT,2021,25.25,Công nghệ thông tin (Chuyên ngành Công nghệ đa phương tiện)
105259,KTA,cong-nghe-da-phuong-tien,A01,Điểm thi THPT,2021,25.25,Công nghệ thông tin (Chuyên ngành Công nghệ đa phương tiện)
105260,KTA,cong-nghe-da-phuong-tien,D01,Điểm thi THPT,2021,25.25,Công nghệ thông tin (Chuyên ngành Công nghệ đa phương tiện)
105261,KTA,cong-nghe-da-phuong-tien,D07,Điểm thi THPT,2021,25.25,Công nghệ thông tin (Chuyên ngành Công nghệ đa phương tiện)
105262,KTA,cong-nghe-da-phuong-tien,A00,Điểm thi THPT,2022,25.75,Công nghệ thông tin (Chuyên ngành Công nghệ đa phương tiện)
105263,KTA,cong-nghe-da-phuong-tien,A01,Điểm thi THPT,2022,25.75,Công nghệ thông tin (Chuyên ngành Công nghệ đa phương tiện)
105264,KTA,cong-nghe-da-phuong-tien,D01,Điểm thi THPT,2022,25.75,Công nghệ thông tin (Chuyên ngành Công nghệ đa phương tiện)
105265,KTA,cong-nghe-da-phuong-tien,D07,Điểm thi THPT,2022,25.75,Công nghệ thông tin (Chuyên ngành Công nghệ đa phương tiện)
105266,KTA,cong-nghe-da-phuong-tien,A00,Điểm thi THPT,2023,24.75,Công nghệ thông tin (Chuyên ngành Công nghệ đa phương tiện)
105267,KTA,cong-nghe-da-phuong-tien,A01,Điểm thi THPT,2023,24.75,Công nghệ thông tin (Chuyên ngành Công nghệ đa phương tiện)
105268,KTA,cong-nghe-da-phuong-tien,D01,Điểm thi THPT,2023,24.75,Công nghệ thông tin (Chuyên ngành Công nghệ đa phương tiện)
105269,KTA,cong-nghe-da-phuong-tien,D07,Điểm thi THPT,2023,24.75,Công nghệ thông tin (Chuyên ngành Công nghệ đa phương tiện)
105270,KTA,cong-nghe-da-phuong-tien,A00,Điểm thi THPT,2024,24.73,Công nghệ thông tin (Chuyên ngành Công nghệ đa phương tiện)
105271,KTA,cong-nghe-da-phuong-tien,A01,Điểm thi THPT,2024,24.73,Công nghệ thông tin (Chuyên ngành Công nghệ đa phương tiện)
105272,KTA,cong-nghe-da-phuong-tien,D01,Điểm thi THPT,2024,24.73,Công nghệ thông tin (Chuyên ngành Công nghệ đa phương tiện)
105273,KTA,cong-nghe-da-phuong-tien,D07,Điểm thi THPT,2024,24.73,Công nghệ thông tin (Chuyên ngành Công nghệ đa phương tiện)
105274,KTA,cong-nghe-ky-thuat-vat-lieu-xay-dung,A00,Điểm học bạ,2021,19.0,Công nghệ kỹ thuật vật liệu xây dựng
105275,KTA,cong-nghe-ky-thuat-vat-lieu-xay-dung,A01,Điểm học bạ,2021,19.0,Công nghệ kỹ thuật vật liệu xây dựng
105276,KTA,cong-nghe-ky-thuat-vat-lieu-xay-dung,D01,Điểm học bạ,2021,19.0,Công nghệ kỹ thuật vật liệu xây dựng
105277,KTA,cong-nghe-ky-thuat-vat-lieu-xay-dung,D07,Điểm học bạ,2021,19.0,Công nghệ kỹ thuật vật liệu xây dựng
105278,KTA,cong-nghe-ky-thuat-vat-lieu-xay-dung,A00,Điểm thi THPT,2021,19.0,Công nghệ kỹ thuật vật liệu xây dựng
105279,KTA,cong-nghe-ky-thuat-vat-lieu-xay-dung,A01,Điểm thi THPT,2021,19.0,Công nghệ kỹ thuật vật liệu xây dựng
105280,KTA,cong-nghe-ky-thuat-vat-lieu-xay-dung,D01,Điểm thi THPT,2021,19.0,Công nghệ kỹ thuật vật liệu xây dựng
105281,KTA,cong-nghe-ky-thuat-vat-lieu-xay-dung,D07,Điểm thi THPT,2021,19.0,Công nghệ kỹ thuật vật liệu xây dựng
105282,KTA,cong-nghe-ky-thuat-vat-lieu-xay-dung,A00,Điểm học bạ,2022,19.0,Công nghệ kỹ thuật vật liệu xây dựng
105283,KTA,cong-nghe-ky-thuat-vat-lieu-xay-dung,A01,Điểm học bạ,2022,19.0,Công nghệ kỹ thuật vật liệu xây dựng
105284,KTA,cong-nghe-ky-thuat-vat-lieu-xay-dung,D01,Điểm học bạ,2022,19.0,Công nghệ kỹ thuật vật liệu xây dựng
105285,KTA,cong-nghe-ky-thuat-vat-lieu-xay-dung,D07,Điểm học bạ,2022,19.0,Công nghệ kỹ thuật vật liệu xây dựng
105286,KTA,cong-nghe-ky-thuat-vat-lieu-xay-dung,A00,Điểm thi THPT,2022,21.0,Công nghệ kỹ thuật vật liệu xây dựng
105287,KTA,cong-nghe-ky-thuat-vat-lieu-xay-dung,A01,Điểm thi THPT,2022,21.0,Công nghệ kỹ thuật vật liệu xây dựng
105288,KTA,cong-nghe-ky-thuat-vat-lieu-xay-dung,D01,Điểm thi THPT,2022,21.0,Công nghệ kỹ thuật vật liệu xây dựng
105289,KTA,cong-nghe-ky-thuat-vat-lieu-xay-dung,D07,Điểm thi THPT,2022,21.0,Công nghệ kỹ thuật vật liệu xây dựng
105290,KTA,cong-nghe-ky-thuat-vat-lieu-xay-dung,A00,Điểm học bạ,2023,19.0,Công nghệ kỹ thuật vật liệu xây dựng
105291,KTA,cong-nghe-ky-thuat-vat-lieu-xay-dung,A01,Điểm học bạ,2023,19.0,Công nghệ kỹ thuật vật liệu xây dựng
105292,KTA,cong-nghe-ky-thuat-vat-lieu-xay-dung,D01,Điểm học bạ,2023,19.0,Công nghệ kỹ thuật vật liệu xây dựng
105293,KTA,cong-nghe-ky-thuat-vat-lieu-xay-dung,D07,Điểm học bạ,2023,19.0,Công nghệ kỹ thuật vật liệu xây dựng
105294,KTA,cong-nghe-ky-thuat-vat-lieu-xay-dung,A00,Điểm thi THPT,2023,21.75,Công nghệ kỹ thuật vật liệu xây dựng
105295,KTA,cong-nghe-ky-thuat-vat-lieu-xay-dung,A01,Điểm thi THPT,2023,21.75,Công nghệ kỹ thuật vật liệu xây dựng
105296,KTA,cong-nghe-ky-thuat-vat-lieu-xay-dung,D01,Điểm thi THPT,2023,21.75,Công nghệ kỹ thuật vật liệu xây dựng
105297,KTA,cong-nghe-ky-thuat-vat-lieu-xay-dung,D07,Điểm thi THPT,2023,21.75,Công nghệ kỹ thuật vật liệu xây dựng
105298,KTA,cong-nghe-ky-thuat-vat-lieu-xay-dung,A00,Điểm học bạ,2024,20.0,Công nghệ kỹ thuật vật liệu xây dựng
105299,KTA,cong-nghe-ky-thuat-vat-lieu-xay-dung,A01,Điểm học bạ,2024,20.0,Công nghệ kỹ thuật vật liệu xây dựng
105300,KTA,cong-nghe-ky-thuat-vat-lieu-xay-dung,D01,Điểm học bạ,2024,20.0,Công nghệ kỹ thuật vật liệu xây dựng
105301,KTA,cong-nghe-ky-thuat-vat-lieu-xay-dung,D07,Điểm học bạ,2024,20.0,Công nghệ kỹ thuật vật liệu xây dựng
105302,KTA,cong-nghe-ky-thuat-vat-lieu-xay-dung,A00,Điểm thi THPT,2024,22.1,Công nghệ kỹ thuật vật liệu xây dựng
105303,KTA,cong-nghe-ky-thuat-vat-lieu-xay-dung,A01,Điểm thi THPT,2024,22.1,Công nghệ kỹ thuật vật liệu xây dựng
105304,KTA,cong-nghe-ky-thuat-vat-lieu-xay-dung,D01,Điểm thi THPT,2024,22.1,Công nghệ kỹ thuật vật liệu xây dựng
105305,KTA,cong-nghe-ky-thuat-vat-lieu-xay-dung,D07,Điểm thi THPT,2024,22.1,Công nghệ kỹ thuật vật liệu xây dựng
105306,KTA,cong-nghe-ky-thuat-vat-lieu-xay-dung,A00,Điểm học bạ,2025,22.69,Công nghệ kỹ thuật vật liệu xây dựng
105307,KTA,cong-nghe-ky-thuat-vat-lieu-xay-dung,C01,Điểm học bạ,2025,22.69,Công nghệ kỹ thuật vật liệu xây dựng
105308,KTA,cong-nghe-ky-thuat-vat-lieu-xay-dung,C02,Điểm học bạ,2025,22.69,Công nghệ kỹ thuật vật liệu xây dựng
105309,KTA,cong-nghe-ky-thuat-vat-lieu-xay-dung,D01,Điểm học bạ,2025,22.69,Công nghệ kỹ thuật vật liệu xây dựng
105310,KTA,cong-nghe-ky-thuat-vat-lieu-xay-dung,X03,Điểm học bạ,2025,22.69,Công nghệ kỹ thuật vật liệu xây dựng
105311,KTA,cong-nghe-ky-thuat-vat-lieu-xay-dung,X04,Điểm học bạ,2025,22.69,Công nghệ kỹ thuật vật liệu xây dựng
105312,KTA,cong-nghe-ky-thuat-vat-lieu-xay-dung,A00,Điểm thi THPT,2025,20.5,Công nghệ kỹ thuật vật liệu xây dựng
105313,KTA,cong-nghe-ky-thuat-vat-lieu-xay-dung,C01,Điểm thi THPT,2025,20.5,Công nghệ kỹ thuật vật liệu xây dựng
105314,KTA,cong-nghe-ky-thuat-vat-lieu-xay-dung,C02,Điểm thi THPT,2025,20.5,Công nghệ kỹ thuật vật liệu xây dựng
105315,KTA,cong-nghe-ky-thuat-vat-lieu-xay-dung,D01,Điểm thi THPT,2025,20.5,Công nghệ kỹ thuật vật liệu xây dựng
105316,KTA,cong-nghe-ky-thuat-vat-lieu-xay-dung,X03,Điểm thi THPT,2025,20.5,Công nghệ kỹ thuật vật liệu xây dựng
105317,KTA,cong-nghe-ky-thuat-vat-lieu-xay-dung,X04,Điểm thi THPT,2025,20.5,Công nghệ kỹ thuật vật liệu xây dựng
105318,KTA,cong-nghe-thong-tin,A00,Điểm thi THPT,2021,24.5,Công nghệ thông tin
105319,KTA,cong-nghe-thong-tin,A01,Điểm thi THPT,2021,24.5,Công nghệ thông tin
105320,KTA,cong-nghe-thong-tin,D01,Điểm thi THPT,2021,24.5,Công nghệ thông tin
105321,KTA,cong-nghe-thong-tin,D07,Điểm thi THPT,2021,24.5,Công nghệ thông tin
105322,KTA,cong-nghe-thong-tin,A00,Điểm thi THPT,2022,24.75,Công nghệ thông tin
105323,KTA,cong-nghe-thong-tin,A01,Điểm thi THPT,2022,24.75,Công nghệ thông tin
105324,KTA,cong-nghe-thong-tin,D01,Điểm thi THPT,2022,24.75,Công nghệ thông tin
105325,KTA,cong-nghe-thong-tin,D07,Điểm thi THPT,2022,24.75,Công nghệ thông tin
105326,KTA,cong-nghe-thong-tin,A00,Điểm thi THPT,2023,23.56,Công nghệ thông tin
105327,KTA,cong-nghe-thong-tin,A01,Điểm thi THPT,2023,23.56,Công nghệ thông tin
105328,KTA,cong-nghe-thong-tin,D01,Điểm thi THPT,2023,23.56,Công nghệ thông tin
105329,KTA,cong-nghe-thong-tin,D07,Điểm thi THPT,2023,23.56,Công nghệ thông tin
105330,KTA,cong-nghe-thong-tin,A00,Điểm thi THPT,2024,23.8,Công nghệ thông tin
105331,KTA,cong-nghe-thong-tin,A01,Điểm thi THPT,2024,23.8,Công nghệ thông tin
105332,KTA,cong-nghe-thong-tin,D01,Điểm thi THPT,2024,23.8,Công nghệ thông tin
105333,KTA,cong-nghe-thong-tin,D07,Điểm thi THPT,2024,23.8,Công nghệ thông tin
105334,KTA,cong-nghe-thong-tin,A00,Điểm thi THPT,2025,21.0,Công nghệ thông tin
105335,KTA,cong-nghe-thong-tin,C01,Điểm thi THPT,2025,21.0,Công nghệ thông tin
105336,KTA,cong-nghe-thong-tin,D01,Điểm thi THPT,2025,21.0,Công nghệ thông tin
105337,KTA,cong-nghe-thong-tin,X02,Điểm thi THPT,2025,21.0,Công nghệ thông tin
105338,KTA,cong-nghe-thong-tin,X03,Điểm thi THPT,2025,21.0,Công nghệ thông tin
105339,KTA,cong-nghe-thong-tin,X04,Điểm thi THPT,2025,21.0,Công nghệ thông tin
105340,KTA,cua-nganh-cong-nghe-thong-tin,A00,Điểm thi THPT,2025,21.85,Công nghệ đa phương tiện (Chuyên ngành của ngành Công nghệ thông tin)
105341,KTA,cua-nganh-cong-nghe-thong-tin,C01,Điểm thi THPT,2025,21.85,Công nghệ đa phương tiện (Chuyên ngành của ngành Công nghệ thông tin)
105342,KTA,cua-nganh-cong-nghe-thong-tin,D01,Điểm thi THPT,2025,21.85,Công nghệ đa phương tiện (Chuyên ngành của ngành Công nghệ thông tin)
105343,KTA,cua-nganh-cong-nghe-thong-tin,X02,Điểm thi THPT,2025,21.85,Công nghệ đa phương tiện (Chuyên ngành của ngành Công nghệ thông tin)
105344,KTA,cua-nganh-cong-nghe-thong-tin,X03,Điểm thi THPT,2025,21.85,Công nghệ đa phương tiện (Chuyên ngành của ngành Công nghệ thông tin)
105345,KTA,cua-nganh-cong-nghe-thong-tin,X04,Điểm thi THPT,2025,21.85,Công nghệ đa phương tiện (Chuyên ngành của ngành Công nghệ thông tin)
105346,KTA,dieu-khac,H00,Điểm thi THPT,2021,21.25,Điêu khắc
105347,KTA,dieu-khac,H00,Điểm thi THPT,2022,22.5,Điêu khắc
105348,KTA,dieu-khac,H00,Điểm thi THPT,2023,23.0,Điêu khắc
105349,KTA,dieu-khac,H02,Điểm thi THPT,2023,23.0,Điêu khắc
105350,KTA,dieu-khac,H00,Điểm thi THPT,2024,23.23,Điêu khắc
105351,KTA,dieu-khac,H02,Điểm thi THPT,2024,23.23,Điêu khắc
105352,KTA,kien-truc,V00,Điểm thi THPT,2021,28.85,Kiến trúc
105353,KTA,kien-truc,V00,Điểm thi THPT,2022,29.0,Kiến trúc
105354,KTA,kien-truc,V00,Điểm thi THPT,2023,28.8,Kiến trúc
105355,KTA,kien-truc,V01,Điểm thi THPT,2023,28.8,Kiến trúc
105356,KTA,kien-truc,V02,Điểm thi THPT,2023,28.8,Kiến trúc
105357,KTA,kien-truc,V00,Điểm thi THPT,2024,30.2,Kiến trúc
105358,KTA,kien-truc,V01,Điểm thi THPT,2024,30.2,Kiến trúc
105359,KTA,kien-truc,V02,Điểm thi THPT,2024,30.2,Kiến trúc
105360,KTA,kien-truc-canh-quan,V00,Điểm thi THPT,2021,26.5,Kiến trúc cảnh quan
105361,KTA,kien-truc-canh-quan,V00,Điểm thi THPT,2022,25.0,Kiến trúc cảnh quan
105362,KTA,kien-truc-canh-quan,V00,Điểm thi THPT,2023,26.7,Kiến trúc cảnh quan
105363,KTA,kien-truc-canh-quan,V01,Điểm thi THPT,2023,26.7,Kiến trúc cảnh quan
105364,KTA,kien-truc-canh-quan,V02,Điểm thi THPT,2023,26.7,Kiến trúc cảnh quan
105365,KTA,kien-truc-canh-quan,V00,Điểm thi THPT,2024,28.78,Kiến trúc cảnh quan
105366,KTA,kien-truc-canh-quan,V01,Điểm thi THPT,2024,28.78,Kiến trúc cảnh quan
105367,KTA,kien-truc-canh-quan,V02,Điểm thi THPT,2024,28.78,Kiến trúc cảnh quan
105368,KTA,kinh-te-dau-tu,A00,Điểm thi THPT,2022,23.1,Kinh tế xây dựng (Chuyên ngành Kinh tế đầu tư)
105369,KTA,kinh-te-dau-tu,A01,Điểm thi THPT,2022,23.1,Kinh tế xây dựng (Chuyên ngành Kinh tế đầu tư)
105370,KTA,kinh-te-dau-tu,C01,Điểm thi THPT,2022,23.1,Kinh tế xây dựng (Chuyên ngành Kinh tế đầu tư)
105371,KTA,kinh-te-dau-tu,D01,Điểm thi THPT,2022,23.1,Kinh tế xây dựng (Chuyên ngành Kinh tế đầu tư)
105372,KTA,kinh-te-dau-tu,A00,Điểm thi THPT,2023,22.8,Kinh tế Xây dựng (Chuyên ngành Kinh tế đầu tư)
105373,KTA,kinh-te-dau-tu,A01,Điểm thi THPT,2023,22.8,Kinh tế Xây dựng (Chuyên ngành Kinh tế đầu tư)
105374,KTA,kinh-te-dau-tu,C01,Điểm thi THPT,2023,22.8,Kinh tế Xây dựng (Chuyên ngành Kinh tế đầu tư)
105375,KTA,kinh-te-dau-tu,D01,Điểm thi THPT,2023,22.8,Kinh tế Xây dựng (Chuyên ngành Kinh tế đầu tư)
105376,KTA,kinh-te-dau-tu,A00,Điểm thi THPT,2024,23.56,Kinh tế Xây dựng (Chuyên ngành Kinh tế đầu tư)
105377,KTA,kinh-te-dau-tu,A01,Điểm thi THPT,2024,23.56,Kinh tế Xây dựng (Chuyên ngành Kinh tế đầu tư)
105378,KTA,kinh-te-dau-tu,C01,Điểm thi THPT,2024,23.56,Kinh tế Xây dựng (Chuyên ngành Kinh tế đầu tư)
105379,KTA,kinh-te-dau-tu,D01,Điểm thi THPT,2024,23.56,Kinh tế Xây dựng (Chuyên ngành Kinh tế đầu tư)
105380,KTA,kinh-te-dau-tu,A00,Điểm thi THPT,2025,20.6,Kinh tế đầu tư
105381,KTA,kinh-te-dau-tu,C01,Điểm thi THPT,2025,20.6,Kinh tế đầu tư
105382,KTA,kinh-te-dau-tu,C02,Điểm thi THPT,2025,20.6,Kinh tế đầu tư
105383,KTA,kinh-te-dau-tu,D01,Điểm thi THPT,2025,20.6,Kinh tế đầu tư
105384,KTA,kinh-te-dau-tu,X03,Điểm thi THPT,2025,20.6,Kinh tế đầu tư
105385,KTA,kinh-te-dau-tu,X04,Điểm thi THPT,2025,20.6,Kinh tế đầu tư
105386,KTA,kinh-te-phat-trien,A00,Điểm thi THPT,2022,21.4,Quản lý xây dựng (Chuyên ngành Kinh tế phát triển)
105387,KTA,kinh-te-phat-trien,A01,Điểm thi THPT,2022,21.4,Quản lý xây dựng (Chuyên ngành Kinh tế phát triển)
105388,KTA,kinh-te-phat-trien,C01,Điểm thi THPT,2022,21.4,Quản lý xây dựng (Chuyên ngành Kinh tế phát triển)
105389,KTA,kinh-te-phat-trien,D01,Điểm thi THPT,2022,21.4,Quản lý xây dựng (Chuyên ngành Kinh tế phát triển)
105390,KTA,kinh-te-phat-trien,A00,Điểm thi THPT,2023,22.35,Quản lý xây dựng (Chuyên ngành Kinh tề phát triển)
105391,KTA,kinh-te-phat-trien,A01,Điểm thi THPT,2023,22.35,Quản lý xây dựng (Chuyên ngành Kinh tề phát triển)
105392,KTA,kinh-te-phat-trien,C01,Điểm thi THPT,2023,22.35,Quản lý xây dựng (Chuyên ngành Kinh tề phát triển)
105393,KTA,kinh-te-phat-trien,D01,Điểm thi THPT,2023,22.35,Quản lý xây dựng (Chuyên ngành Kinh tề phát triển)
105394,KTA,kinh-te-phat-trien,A00,Điểm thi THPT,2024,23.4,Quản lý xây dựng (Chuyên ngành Kinh tề phát triển)
105395,KTA,kinh-te-phat-trien,A01,Điểm thi THPT,2024,23.4,Quản lý xây dựng (Chuyên ngành Kinh tề phát triển)
105396,KTA,kinh-te-phat-trien,C01,Điểm thi THPT,2024,23.4,Quản lý xây dựng (Chuyên ngành Kinh tề phát triển)
105397,KTA,kinh-te-phat-trien,D01,Điểm thi THPT,2024,23.4,Quản lý xây dựng (Chuyên ngành Kinh tề phát triển)
105398,KTA,kinh-te-phat-trien,A00,Điểm thi THPT,2025,19.85,Kinh tế phát triển
105399,KTA,kinh-te-phat-trien,C01,Điểm thi THPT,2025,19.85,Kinh tế phát triển
105400,KTA,kinh-te-phat-trien,C02,Điểm thi THPT,2025,19.85,Kinh tế phát triển
105401,KTA,kinh-te-phat-trien,D01,Điểm thi THPT,2025,19.85,Kinh tế phát triển
105402,KTA,kinh-te-phat-trien,X03,Điểm thi THPT,2025,19.85,Kinh tế phát triển
105403,KTA,kinh-te-phat-trien,X04,Điểm thi THPT,2025,19.85,Kinh tế phát triển
105404,KTA,kinh-te-xay-dung,A00,Điểm thi THPT,2021,22.5,Kinh tế Xây dựng
105405,KTA,kinh-te-xay-dung,A01,Điểm thi THPT,2021,22.5,Kinh tế Xây dựng
105406,KTA,kinh-te-xay-dung,C01,Điểm thi THPT,2021,22.5,Kinh tế Xây dựng
105407,KTA,kinh-te-xay-dung,D01,Điểm thi THPT,2021,22.5,Kinh tế Xây dựng
105408,KTA,kinh-te-xay-dung,A00,Điểm thi THPT,2022,23.45,Kinh tế xây dựng
105409,KTA,kinh-te-xay-dung,A01,Điểm thi THPT,2022,23.45,Kinh tế xây dựng
105410,KTA,kinh-te-xay-dung,C01,Điểm thi THPT,2022,23.45,Kinh tế xây dựng
105411,KTA,kinh-te-xay-dung,D01,Điểm thi THPT,2022,23.45,Kinh tế xây dựng
105412,KTA,kinh-te-xay-dung,A00,Điểm thi THPT,2023,22.9,Kinh tế Xây dựng
105413,KTA,kinh-te-xay-dung,A01,Điểm thi THPT,2023,22.9,Kinh tế Xây dựng
105414,KTA,kinh-te-xay-dung,C01,Điểm thi THPT,2023,22.9,Kinh tế Xây dựng
105415,KTA,kinh-te-xay-dung,D01,Điểm thi THPT,2023,22.9,Kinh tế Xây dựng
105416,KTA,kinh-te-xay-dung,A00,Điểm thi THPT,2024,23.6,Kinh tế Xây dựng
105417,KTA,kinh-te-xay-dung,A01,Điểm thi THPT,2024,23.6,Kinh tế Xây dựng
105418,KTA,kinh-te-xay-dung,C01,Điểm thi THPT,2024,23.6,Kinh tế Xây dựng
105419,KTA,kinh-te-xay-dung,D01,Điểm thi THPT,2024,23.6,Kinh tế Xây dựng
105420,KTA,kinh-te-xay-dung,A00,Điểm thi THPT,2025,20.85,Kinh tế Xây dựng
105421,KTA,kinh-te-xay-dung,C01,Điểm thi THPT,2025,20.85,Kinh tế Xây dựng
105422,KTA,kinh-te-xay-dung,C02,Điểm thi THPT,2025,20.85,Kinh tế Xây dựng
105423,KTA,kinh-te-xay-dung,D01,Điểm thi THPT,2025,20.85,Kinh tế Xây dựng
105424,KTA,kinh-te-xay-dung,X03,Điểm thi THPT,2025,20.85,Kinh tế Xây dựng
105425,KTA,kinh-te-xay-dung,X04,Điểm thi THPT,2025,20.85,Kinh tế Xây dựng
105426,KTA,ky-thuat-cap-thoat-nuoc,A00,Điểm học bạ,2021,18.0,Kỹ thuật cấp thoát nước
105427,KTA,ky-thuat-cap-thoat-nuoc,A01,Điểm học bạ,2021,18.0,Kỹ thuật cấp thoát nước
105428,KTA,ky-thuat-cap-thoat-nuoc,D01,Điểm học bạ,2021,18.0,Kỹ thuật cấp thoát nước
105429,KTA,ky-thuat-cap-thoat-nuoc,D07,Điểm học bạ,2021,18.0,Kỹ thuật cấp thoát nước
105430,KTA,ky-thuat-cap-thoat-nuoc,A00,Điểm thi THPT,2021,20.0,Kỹ thuật cấp thoát nước
105431,KTA,ky-thuat-cap-thoat-nuoc,A01,Điểm thi THPT,2021,20.0,Kỹ thuật cấp thoát nước
105432,KTA,ky-thuat-cap-thoat-nuoc,D01,Điểm thi THPT,2021,20.0,Kỹ thuật cấp thoát nước
105433,KTA,ky-thuat-cap-thoat-nuoc,D07,Điểm thi THPT,2021,20.0,Kỹ thuật cấp thoát nước
105434,KTA,ky-thuat-cap-thoat-nuoc,A00,Điểm học bạ,2022,19.0,Kỹ thuật cấp thoát nước
105435,KTA,ky-thuat-cap-thoat-nuoc,A01,Điểm học bạ,2022,19.0,Kỹ thuật cấp thoát nước
105436,KTA,ky-thuat-cap-thoat-nuoc,D01,Điểm học bạ,2022,19.0,Kỹ thuật cấp thoát nước
105437,KTA,ky-thuat-cap-thoat-nuoc,D07,Điểm học bạ,2022,19.0,Kỹ thuật cấp thoát nước
105438,KTA,ky-thuat-cap-thoat-nuoc,A00,Điểm thi THPT,2022,22.5,Kỹ thuật cấp thoát nước
105439,KTA,ky-thuat-cap-thoat-nuoc,A01,Điểm thi THPT,2022,22.5,Kỹ thuật cấp thoát nước
105440,KTA,ky-thuat-cap-thoat-nuoc,D01,Điểm thi THPT,2022,22.5,Kỹ thuật cấp thoát nước
105441,KTA,ky-thuat-cap-thoat-nuoc,D07,Điểm thi THPT,2022,22.5,Kỹ thuật cấp thoát nước
105442,KTA,ky-thuat-cap-thoat-nuoc,A00,Điểm học bạ,2023,20.5,Kỹ thuật cấp thoát nước
105443,KTA,ky-thuat-cap-thoat-nuoc,A01,Điểm học bạ,2023,20.5,Kỹ thuật cấp thoát nước
105444,KTA,ky-thuat-cap-thoat-nuoc,D01,Điểm học bạ,2023,20.5,Kỹ thuật cấp thoát nước
105445,KTA,ky-thuat-cap-thoat-nuoc,D07,Điểm học bạ,2023,20.5,Kỹ thuật cấp thoát nước
105446,KTA,ky-thuat-cap-thoat-nuoc,A00,Điểm thi THPT,2023,21.45,Kỹ thuật cấp thoát nước
105447,KTA,ky-thuat-cap-thoat-nuoc,A01,Điểm thi THPT,2023,21.45,Kỹ thuật cấp thoát nước
105448,KTA,ky-thuat-cap-thoat-nuoc,D01,Điểm thi THPT,2023,21.45,Kỹ thuật cấp thoát nước
105449,KTA,ky-thuat-cap-thoat-nuoc,D07,Điểm thi THPT,2023,21.45,Kỹ thuật cấp thoát nước
105450,KTA,ky-thuat-cap-thoat-nuoc,A00,Điểm học bạ,2024,21.0,Kỹ thuật cấp thoát nước
105451,KTA,ky-thuat-cap-thoat-nuoc,A01,Điểm học bạ,2024,21.0,Kỹ thuật cấp thoát nước
105452,KTA,ky-thuat-cap-thoat-nuoc,D01,Điểm học bạ,2024,21.0,Kỹ thuật cấp thoát nước
105453,KTA,ky-thuat-cap-thoat-nuoc,D07,Điểm học bạ,2024,21.0,Kỹ thuật cấp thoát nước
105454,KTA,ky-thuat-cap-thoat-nuoc,A00,Điểm thi THPT,2024,21.15,Kỹ thuật cấp thoát nước
105455,KTA,ky-thuat-cap-thoat-nuoc,A01,Điểm thi THPT,2024,21.15,Kỹ thuật cấp thoát nước
105456,KTA,ky-thuat-cap-thoat-nuoc,D01,Điểm thi THPT,2024,21.15,Kỹ thuật cấp thoát nước
105457,KTA,ky-thuat-cap-thoat-nuoc,D07,Điểm thi THPT,2024,21.15,Kỹ thuật cấp thoát nước
105458,KTA,ky-thuat-cap-thoat-nuoc,A00,Điểm học bạ,2025,19.34,Kỹ thuật cấp thoát nước
105459,KTA,ky-thuat-cap-thoat-nuoc,C01,Điểm học bạ,2025,19.34,Kỹ thuật cấp thoát nước
105460,KTA,ky-thuat-cap-thoat-nuoc,C02,Điểm học bạ,2025,19.34,Kỹ thuật cấp thoát nước
105461,KTA,ky-thuat-cap-thoat-nuoc,D01,Điểm học bạ,2025,19.34,Kỹ thuật cấp thoát nước
105462,KTA,ky-thuat-cap-thoat-nuoc,X03,Điểm học bạ,2025,19.34,Kỹ thuật cấp thoát nước
105463,KTA,ky-thuat-cap-thoat-nuoc,X04,Điểm học bạ,2025,19.34,Kỹ thuật cấp thoát nước
105464,KTA,ky-thuat-cap-thoat-nuoc,A00,Điểm thi THPT,2025,16.1,Kỹ thuật cấp thoát nước
105465,KTA,ky-thuat-cap-thoat-nuoc,C01,Điểm thi THPT,2025,16.1,Kỹ thuật cấp thoát nước
105466,KTA,ky-thuat-cap-thoat-nuoc,C02,Điểm thi THPT,2025,16.1,Kỹ thuật cấp thoát nước
105467,KTA,ky-thuat-cap-thoat-nuoc,D01,Điểm thi THPT,2025,16.1,Kỹ thuật cấp thoát nước
105468,KTA,ky-thuat-cap-thoat-nuoc,X03,Điểm thi THPT,2025,16.1,Kỹ thuật cấp thoát nước
105469,KTA,ky-thuat-cap-thoat-nuoc,X04,Điểm thi THPT,2025,16.1,Kỹ thuật cấp thoát nước
105470,KTA,ky-thuat-ha-tang-do-thi,A00,Điểm học bạ,2021,18.0,Kỹ thuật hạ tầng đô thị
105471,KTA,ky-thuat-ha-tang-do-thi,A01,Điểm học bạ,2021,18.0,Kỹ thuật hạ tầng đô thị
105472,KTA,ky-thuat-ha-tang-do-thi,D01,Điểm học bạ,2021,18.0,Kỹ thuật hạ tầng đô thị
105473,KTA,ky-thuat-ha-tang-do-thi,D07,Điểm học bạ,2021,18.0,Kỹ thuật hạ tầng đô thị
105474,KTA,ky-thuat-ha-tang-do-thi,A00,Điểm thi THPT,2021,20.0,Kỹ thuật cơ sở hạ tầng (Chuyên ngành Kỹ thuật hạ tầng đô thị)
105475,KTA,ky-thuat-ha-tang-do-thi,A01,Điểm thi THPT,2021,20.0,Kỹ thuật cơ sở hạ tầng (Chuyên ngành Kỹ thuật hạ tầng đô thị)
105476,KTA,ky-thuat-ha-tang-do-thi,D01,Điểm thi THPT,2021,20.0,Kỹ thuật cơ sở hạ tầng (Chuyên ngành Kỹ thuật hạ tầng đô thị)
105477,KTA,ky-thuat-ha-tang-do-thi,D07,Điểm thi THPT,2021,20.0,Kỹ thuật cơ sở hạ tầng (Chuyên ngành Kỹ thuật hạ tầng đô thị)
105478,KTA,ky-thuat-ha-tang-do-thi,A00,Điểm học bạ,2022,19.0,Kỹ thuật hạ tầng đô thị
105479,KTA,ky-thuat-ha-tang-do-thi,A01,Điểm học bạ,2022,19.0,Kỹ thuật hạ tầng đô thị
105480,KTA,ky-thuat-ha-tang-do-thi,D01,Điểm học bạ,2022,19.0,Kỹ thuật hạ tầng đô thị
105481,KTA,ky-thuat-ha-tang-do-thi,D07,Điểm học bạ,2022,19.0,Kỹ thuật hạ tầng đô thị
105482,KTA,ky-thuat-ha-tang-do-thi,A00,Điểm thi THPT,2022,22.5,Kỹ thuật cơ sở hạ tầng (Chuyên ngành Kỹ thuật hạ tầng đô thị)
105483,KTA,ky-thuat-ha-tang-do-thi,A01,Điểm thi THPT,2022,22.5,Kỹ thuật cơ sở hạ tầng (Chuyên ngành Kỹ thuật hạ tầng đô thị)
105484,KTA,ky-thuat-ha-tang-do-thi,D01,Điểm thi THPT,2022,22.5,Kỹ thuật cơ sở hạ tầng (Chuyên ngành Kỹ thuật hạ tầng đô thị)
105485,KTA,ky-thuat-ha-tang-do-thi,D07,Điểm thi THPT,2022,22.5,Kỹ thuật cơ sở hạ tầng (Chuyên ngành Kỹ thuật hạ tầng đô thị)
105486,KTA,ky-thuat-ha-tang-do-thi,A00,Điểm học bạ,2023,20.5,Kỹ thuật hạ tầng đô thị
105487,KTA,ky-thuat-ha-tang-do-thi,A01,Điểm học bạ,2023,20.5,Kỹ thuật hạ tầng đô thị
105488,KTA,ky-thuat-ha-tang-do-thi,D01,Điểm học bạ,2023,20.5,Kỹ thuật hạ tầng đô thị
105489,KTA,ky-thuat-ha-tang-do-thi,D07,Điểm học bạ,2023,20.5,Kỹ thuật hạ tầng đô thị
105490,KTA,ky-thuat-ha-tang-do-thi,A00,Điểm thi THPT,2023,21.45,Kỹ thuật cơ sở hạ tầng (Chuyên ngành Kỹ thuật hạ tầng đô thị)
105491,KTA,ky-thuat-ha-tang-do-thi,A01,Điểm thi THPT,2023,21.45,Kỹ thuật cơ sở hạ tầng (Chuyên ngành Kỹ thuật hạ tầng đô thị)
105492,KTA,ky-thuat-ha-tang-do-thi,D01,Điểm thi THPT,2023,21.45,Kỹ thuật cơ sở hạ tầng (Chuyên ngành Kỹ thuật hạ tầng đô thị)
105493,KTA,ky-thuat-ha-tang-do-thi,D07,Điểm thi THPT,2023,21.45,Kỹ thuật cơ sở hạ tầng (Chuyên ngành Kỹ thuật hạ tầng đô thị)
105494,KTA,ky-thuat-ha-tang-do-thi,A00,Điểm học bạ,2024,23.0,Kỹ thuật hạ tầng đô thị
105495,KTA,ky-thuat-ha-tang-do-thi,A01,Điểm học bạ,2024,23.0,Kỹ thuật hạ tầng đô thị
105496,KTA,ky-thuat-ha-tang-do-thi,D01,Điểm học bạ,2024,23.0,Kỹ thuật hạ tầng đô thị
105497,KTA,ky-thuat-ha-tang-do-thi,D07,Điểm học bạ,2024,23.0,Kỹ thuật hạ tầng đô thị
105498,KTA,ky-thuat-ha-tang-do-thi,A00,Điểm thi THPT,2024,21.15,Kỹ thuật cơ sở hạ tầng (Chuyên ngành Kỹ thuật hạ tầng đô thị)
105499,KTA,ky-thuat-ha-tang-do-thi,A01,Điểm thi THPT,2024,21.15,Kỹ thuật cơ sở hạ tầng (Chuyên ngành Kỹ thuật hạ tầng đô thị)
105500,KTA,ky-thuat-ha-tang-do-thi,D01,Điểm thi THPT,2024,21.15,Kỹ thuật cơ sở hạ tầng (Chuyên ngành Kỹ thuật hạ tầng đô thị)
105501,KTA,ky-thuat-ha-tang-do-thi,D07,Điểm thi THPT,2024,21.15,Kỹ thuật cơ sở hạ tầng (Chuyên ngành Kỹ thuật hạ tầng đô thị)
105502,KTA,ky-thuat-moi-truong-do-thi,A00,Điểm học bạ,2021,18.0,Kỹ thuật môi trường đô thị
105503,KTA,ky-thuat-moi-truong-do-thi,A01,Điểm học bạ,2021,18.0,Kỹ thuật môi trường đô thị
105504,KTA,ky-thuat-moi-truong-do-thi,D01,Điểm học bạ,2021,18.0,Kỹ thuật môi trường đô thị
105505,KTA,ky-thuat-moi-truong-do-thi,D07,Điểm học bạ,2021,18.0,Kỹ thuật môi trường đô thị
105506,KTA,ky-thuat-moi-truong-do-thi,A00,Điểm thi THPT,2021,20.0,Kỹ thuật cơ sở hạ tầng (Chuyên ngành Kỹ thuật môi trường đô thị)
105507,KTA,ky-thuat-moi-truong-do-thi,A01,Điểm thi THPT,2021,20.0,Kỹ thuật cơ sở hạ tầng (Chuyên ngành Kỹ thuật môi trường đô thị)
105508,KTA,ky-thuat-moi-truong-do-thi,D01,Điểm thi THPT,2021,20.0,Kỹ thuật cơ sở hạ tầng (Chuyên ngành Kỹ thuật môi trường đô thị)
105509,KTA,ky-thuat-moi-truong-do-thi,D07,Điểm thi THPT,2021,20.0,Kỹ thuật cơ sở hạ tầng (Chuyên ngành Kỹ thuật môi trường đô thị)
105510,KTA,ky-thuat-moi-truong-do-thi,A00,Điểm học bạ,2022,19.0,Kỹ thuật môi trường đô thị
105511,KTA,ky-thuat-moi-truong-do-thi,A01,Điểm học bạ,2022,19.0,Kỹ thuật môi trường đô thị
105512,KTA,ky-thuat-moi-truong-do-thi,D01,Điểm học bạ,2022,19.0,Kỹ thuật môi trường đô thị
105513,KTA,ky-thuat-moi-truong-do-thi,D07,Điểm học bạ,2022,19.0,Kỹ thuật môi trường đô thị
105514,KTA,ky-thuat-moi-truong-do-thi,A00,Điểm thi THPT,2022,22.5,Kỹ thuật cơ sở hạ tầng (Chuyên ngành Kỹ thuật môi trường đô thị)
105515,KTA,ky-thuat-moi-truong-do-thi,A01,Điểm thi THPT,2022,22.5,Kỹ thuật cơ sở hạ tầng (Chuyên ngành Kỹ thuật môi trường đô thị)
105516,KTA,ky-thuat-moi-truong-do-thi,D01,Điểm thi THPT,2022,22.5,Kỹ thuật cơ sở hạ tầng (Chuyên ngành Kỹ thuật môi trường đô thị)
105517,KTA,ky-thuat-moi-truong-do-thi,D07,Điểm thi THPT,2022,22.5,Kỹ thuật cơ sở hạ tầng (Chuyên ngành Kỹ thuật môi trường đô thị)
105518,KTA,ky-thuat-moi-truong-do-thi,A00,Điểm học bạ,2023,20.5,Kỹ thuật môi trường đô thị
105519,KTA,ky-thuat-moi-truong-do-thi,A01,Điểm học bạ,2023,20.5,Kỹ thuật môi trường đô thị
105520,KTA,ky-thuat-moi-truong-do-thi,D01,Điểm học bạ,2023,20.5,Kỹ thuật môi trường đô thị
105521,KTA,ky-thuat-moi-truong-do-thi,D07,Điểm học bạ,2023,20.5,Kỹ thuật môi trường đô thị
105522,KTA,ky-thuat-moi-truong-do-thi,A00,Điểm thi THPT,2023,21.45,Kỳ thuật cơ sờ hạ tầng (Chuyên ngành Kỹ thuật môi trường đô thị)
105523,KTA,ky-thuat-moi-truong-do-thi,A01,Điểm thi THPT,2023,21.45,Kỳ thuật cơ sờ hạ tầng (Chuyên ngành Kỹ thuật môi trường đô thị)
105524,KTA,ky-thuat-moi-truong-do-thi,D01,Điểm thi THPT,2023,21.45,Kỳ thuật cơ sờ hạ tầng (Chuyên ngành Kỹ thuật môi trường đô thị)
105525,KTA,ky-thuat-moi-truong-do-thi,D07,Điểm thi THPT,2023,21.45,Kỳ thuật cơ sờ hạ tầng (Chuyên ngành Kỹ thuật môi trường đô thị)
105526,KTA,ky-thuat-moi-truong-do-thi,A00,Điểm học bạ,2024,21.0,Kỹ thuật môi trường đô thị
105527,KTA,ky-thuat-moi-truong-do-thi,A01,Điểm học bạ,2024,21.0,Kỹ thuật môi trường đô thị
105528,KTA,ky-thuat-moi-truong-do-thi,D01,Điểm học bạ,2024,21.0,Kỹ thuật môi trường đô thị
105529,KTA,ky-thuat-moi-truong-do-thi,D07,Điểm học bạ,2024,21.0,Kỹ thuật môi trường đô thị
105530,KTA,ky-thuat-moi-truong-do-thi,A00,Điểm thi THPT,2024,21.15,Kỹ thuật cơ sở hạ tầng (Chuyên ngành Kỹ thuật môi trường đô thị)
105531,KTA,ky-thuat-moi-truong-do-thi,A01,Điểm thi THPT,2024,21.15,Kỹ thuật cơ sở hạ tầng (Chuyên ngành Kỹ thuật môi trường đô thị)
105532,KTA,ky-thuat-moi-truong-do-thi,D01,Điểm thi THPT,2024,21.15,Kỹ thuật cơ sở hạ tầng (Chuyên ngành Kỹ thuật môi trường đô thị)
105533,KTA,ky-thuat-moi-truong-do-thi,D07,Điểm thi THPT,2024,21.15,Kỹ thuật cơ sở hạ tầng (Chuyên ngành Kỹ thuật môi trường đô thị)
105534,KTA,ky-thuat-xay-dung-cong-trinh-giao-thong,A00,Điểm học bạ,2021,18.0,Kỹ thuật xây dựng công trình giao thông
105535,KTA,ky-thuat-xay-dung-cong-trinh-giao-thong,A01,Điểm học bạ,2021,18.0,Kỹ thuật xây dựng công trình giao thông
105536,KTA,ky-thuat-xay-dung-cong-trinh-giao-thong,D01,Điểm học bạ,2021,18.0,Kỹ thuật xây dựng công trình giao thông
105537,KTA,ky-thuat-xay-dung-cong-trinh-giao-thong,D07,Điểm học bạ,2021,18.0,Kỹ thuật xây dựng công trình giao thông
105538,KTA,ky-thuat-xay-dung-cong-trinh-giao-thong,A00,Điểm thi THPT,2021,20.0,Kỹ thuật xây dựng công trình giao thông
105539,KTA,ky-thuat-xay-dung-cong-trinh-giao-thong,A01,Điểm thi THPT,2021,20.0,Kỹ thuật xây dựng công trình giao thông
105540,KTA,ky-thuat-xay-dung-cong-trinh-giao-thong,D01,Điểm thi THPT,2021,20.0,Kỹ thuật xây dựng công trình giao thông
105541,KTA,ky-thuat-xay-dung-cong-trinh-giao-thong,D07,Điểm thi THPT,2021,20.0,Kỹ thuật xây dựng công trình giao thông
105542,KTA,ky-thuat-xay-dung-cong-trinh-giao-thong,A00,Điểm học bạ,2022,19.0,Kỹ thuật xây dựng công trình giao thông
105543,KTA,ky-thuat-xay-dung-cong-trinh-giao-thong,A01,Điểm học bạ,2022,19.0,Kỹ thuật xây dựng công trình giao thông
105544,KTA,ky-thuat-xay-dung-cong-trinh-giao-thong,D01,Điểm học bạ,2022,19.0,Kỹ thuật xây dựng công trình giao thông
105545,KTA,ky-thuat-xay-dung-cong-trinh-giao-thong,D07,Điểm học bạ,2022,19.0,Kỹ thuật xây dựng công trình giao thông
105546,KTA,ky-thuat-xay-dung-cong-trinh-giao-thong,A00,Điểm thi THPT,2022,22.5,Kỹ thuật xây dựng công trình giao thông
105547,KTA,ky-thuat-xay-dung-cong-trinh-giao-thong,A01,Điểm thi THPT,2022,22.5,Kỹ thuật xây dựng công trình giao thông
105548,KTA,ky-thuat-xay-dung-cong-trinh-giao-thong,D01,Điểm thi THPT,2022,22.5,Kỹ thuật xây dựng công trình giao thông
105549,KTA,ky-thuat-xay-dung-cong-trinh-giao-thong,D07,Điểm thi THPT,2022,22.5,Kỹ thuật xây dựng công trình giao thông
105550,KTA,ky-thuat-xay-dung-cong-trinh-giao-thong,A00,Điểm học bạ,2023,20.5,Kỹ thuật xây dựng công trình giao thông
105551,KTA,ky-thuat-xay-dung-cong-trinh-giao-thong,A01,Điểm học bạ,2023,20.5,Kỹ thuật xây dựng công trình giao thông
105552,KTA,ky-thuat-xay-dung-cong-trinh-giao-thong,D01,Điểm học bạ,2023,20.5,Kỹ thuật xây dựng công trình giao thông
105553,KTA,ky-thuat-xay-dung-cong-trinh-giao-thong,D07,Điểm học bạ,2023,20.5,Kỹ thuật xây dựng công trình giao thông
105554,KTA,ky-thuat-xay-dung-cong-trinh-giao-thong,A00,Điểm thi THPT,2023,21.45,Kỳ thuật xây dựng công trinh giao thông
105555,KTA,ky-thuat-xay-dung-cong-trinh-giao-thong,A01,Điểm thi THPT,2023,21.45,Kỳ thuật xây dựng công trinh giao thông
105556,KTA,ky-thuat-xay-dung-cong-trinh-giao-thong,D01,Điểm thi THPT,2023,21.45,Kỳ thuật xây dựng công trinh giao thông
105557,KTA,ky-thuat-xay-dung-cong-trinh-giao-thong,D07,Điểm thi THPT,2023,21.45,Kỳ thuật xây dựng công trinh giao thông
105558,KTA,ky-thuat-xay-dung-cong-trinh-giao-thong,A00,Điểm học bạ,2024,22.0,Kỹ thuật xây dựng công trình giao thông
105559,KTA,ky-thuat-xay-dung-cong-trinh-giao-thong,A01,Điểm học bạ,2024,22.0,Kỹ thuật xây dựng công trình giao thông
105560,KTA,ky-thuat-xay-dung-cong-trinh-giao-thong,D01,Điểm học bạ,2024,22.0,Kỹ thuật xây dựng công trình giao thông
105561,KTA,ky-thuat-xay-dung-cong-trinh-giao-thong,D07,Điểm học bạ,2024,22.0,Kỹ thuật xây dựng công trình giao thông
105562,KTA,ky-thuat-xay-dung-cong-trinh-giao-thong,A00,Điểm thi THPT,2024,21.15,Kỳ thuật xây dựng công trình giao thông
105563,KTA,ky-thuat-xay-dung-cong-trinh-giao-thong,A01,Điểm thi THPT,2024,21.15,Kỳ thuật xây dựng công trình giao thông
105564,KTA,ky-thuat-xay-dung-cong-trinh-giao-thong,D01,Điểm thi THPT,2024,21.15,Kỳ thuật xây dựng công trình giao thông
105565,KTA,ky-thuat-xay-dung-cong-trinh-giao-thong,D07,Điểm thi THPT,2024,21.15,Kỳ thuật xây dựng công trình giao thông
105566,KTA,ky-thuat-xay-dung-cong-trinh-giao-thong,A00,Điểm học bạ,2025,16.1,Kỹ thuật xây dựng công trình giao thông
105567,KTA,ky-thuat-xay-dung-cong-trinh-giao-thong,C01,Điểm học bạ,2025,16.1,Kỹ thuật xây dựng công trình giao thông
105568,KTA,ky-thuat-xay-dung-cong-trinh-giao-thong,C02,Điểm học bạ,2025,16.1,Kỹ thuật xây dựng công trình giao thông
105569,KTA,ky-thuat-xay-dung-cong-trinh-giao-thong,D01,Điểm học bạ,2025,16.1,Kỹ thuật xây dựng công trình giao thông
105570,KTA,ky-thuat-xay-dung-cong-trinh-giao-thong,X03,Điểm học bạ,2025,16.1,Kỹ thuật xây dựng công trình giao thông
105571,KTA,ky-thuat-xay-dung-cong-trinh-giao-thong,X04,Điểm học bạ,2025,16.1,Kỹ thuật xây dựng công trình giao thông
105572,KTA,ky-thuat-xay-dung-cong-trinh-giao-thong,A00,Điểm thi THPT,2025,16.1,Kỹ thuật xây dựng công trình giao thông
105573,KTA,ky-thuat-xay-dung-cong-trinh-giao-thong,C01,Điểm thi THPT,2025,16.1,Kỹ thuật xây dựng công trình giao thông
105574,KTA,ky-thuat-xay-dung-cong-trinh-giao-thong,C02,Điểm thi THPT,2025,16.1,Kỹ thuật xây dựng công trình giao thông
105575,KTA,ky-thuat-xay-dung-cong-trinh-giao-thong,D01,Điểm thi THPT,2025,16.1,Kỹ thuật xây dựng công trình giao thông
105576,KTA,ky-thuat-xay-dung-cong-trinh-giao-thong,X03,Điểm thi THPT,2025,16.1,Kỹ thuật xây dựng công trình giao thông
105577,KTA,ky-thuat-xay-dung-cong-trinh-giao-thong,X04,Điểm thi THPT,2025,16.1,Kỹ thuật xây dựng công trình giao thông
105578,KTA,quan-ly-bat-dong-san,A00,Điểm thi THPT,2021,22.0,Quản lý xây dựng (Chuyên ngành Quản lý bất động sản)
105579,KTA,quan-ly-bat-dong-san,A01,Điểm thi THPT,2021,22.0,Quản lý xây dựng (Chuyên ngành Quản lý bất động sản)
105580,KTA,quan-ly-bat-dong-san,C01,Điểm thi THPT,2021,22.0,Quản lý xây dựng (Chuyên ngành Quản lý bất động sản)
105581,KTA,quan-ly-bat-dong-san,D01,Điểm thi THPT,2021,22.0,Quản lý xây dựng (Chuyên ngành Quản lý bất động sản)
105582,KTA,quan-ly-bat-dong-san,A00,Điểm thi THPT,2022,23.35,Quản lý xây dựng (Chuyên ngành Quản lý bất động sản)
105583,KTA,quan-ly-bat-dong-san,A01,Điểm thi THPT,2022,23.35,Quản lý xây dựng (Chuyên ngành Quản lý bất động sản)
105584,KTA,quan-ly-bat-dong-san,C01,Điểm thi THPT,2022,23.35,Quản lý xây dựng (Chuyên ngành Quản lý bất động sản)
105585,KTA,quan-ly-bat-dong-san,D01,Điểm thi THPT,2022,23.35,Quản lý xây dựng (Chuyên ngành Quản lý bất động sản)
105586,KTA,quan-ly-bat-dong-san,A00,Điểm thi THPT,2023,21.95,Quản lý xây dựng (Chuyên ngành Quản lý bất động sản)
105587,KTA,quan-ly-bat-dong-san,A01,Điểm thi THPT,2023,21.95,Quản lý xây dựng (Chuyên ngành Quản lý bất động sản)
105588,KTA,quan-ly-bat-dong-san,C01,Điểm thi THPT,2023,21.95,Quản lý xây dựng (Chuyên ngành Quản lý bất động sản)
105589,KTA,quan-ly-bat-dong-san,D01,Điểm thi THPT,2023,21.95,Quản lý xây dựng (Chuyên ngành Quản lý bất động sản)
105590,KTA,quan-ly-bat-dong-san,A00,Điểm thi THPT,2024,23.14,Quản lý xây dựng (Chuyên ngành Quản lý bất động sản)
105591,KTA,quan-ly-bat-dong-san,A01,Điểm thi THPT,2024,23.14,Quản lý xây dựng (Chuyên ngành Quản lý bất động sản)
105592,KTA,quan-ly-bat-dong-san,C01,Điểm thi THPT,2024,23.14,Quản lý xây dựng (Chuyên ngành Quản lý bất động sản)
105593,KTA,quan-ly-bat-dong-san,D01,Điểm thi THPT,2024,23.14,Quản lý xây dựng (Chuyên ngành Quản lý bất động sản)
105594,KTA,quan-ly-du-an-xay-dung,A00,Điểm học bạ,2021,21.0,Quản lý dự án xây dựng
105595,KTA,quan-ly-du-an-xay-dung,A01,Điểm học bạ,2021,21.0,Quản lý dự án xây dựng
105596,KTA,quan-ly-du-an-xay-dung,D01,Điểm học bạ,2021,21.0,Quản lý dự án xây dựng
105597,KTA,quan-ly-du-an-xay-dung,D07,Điểm học bạ,2021,21.0,Quản lý dự án xây dựng
105598,KTA,quan-ly-du-an-xay-dung,A00,Điểm học bạ,2022,23.5,Quản lý dự án xây dựng
105599,KTA,quan-ly-du-an-xay-dung,A01,Điểm học bạ,2022,23.5,Quản lý dự án xây dựng
105600,KTA,quan-ly-du-an-xay-dung,D01,Điểm học bạ,2022,23.5,Quản lý dự án xây dựng
105601,KTA,quan-ly-du-an-xay-dung,D07,Điểm học bạ,2022,23.5,Quản lý dự án xây dựng
105602,KTA,quan-ly-du-an-xay-dung,A00,Điểm thi THPT,2022,22.0,Kỹ thuật xây dựng (Chuyên ngành Quản lý dự án xây dựng)
105603,KTA,quan-ly-du-an-xay-dung,A01,Điểm thi THPT,2022,22.0,Kỹ thuật xây dựng (Chuyên ngành Quản lý dự án xây dựng)
105604,KTA,quan-ly-du-an-xay-dung,D01,Điểm thi THPT,2022,22.0,Kỹ thuật xây dựng (Chuyên ngành Quản lý dự án xây dựng)
105605,KTA,quan-ly-du-an-xay-dung,D07,Điểm thi THPT,2022,22.0,Kỹ thuật xây dựng (Chuyên ngành Quản lý dự án xây dựng)
105606,KTA,quan-ly-du-an-xay-dung,A00,Điểm học bạ,2023,24.0,Quản lý dự án xây dựng
105607,KTA,quan-ly-du-an-xay-dung,A01,Điểm học bạ,2023,24.0,Quản lý dự án xây dựng
105608,KTA,quan-ly-du-an-xay-dung,D01,Điểm học bạ,2023,24.0,Quản lý dự án xây dựng
105609,KTA,quan-ly-du-an-xay-dung,D07,Điểm học bạ,2023,24.0,Quản lý dự án xây dựng
105610,KTA,quan-ly-du-an-xay-dung,A00,Điểm thi THPT,2023,22.5,Kỹ thuật xây dựng (Chuyên ngành Quản lý dự án xây dựng)
105611,KTA,quan-ly-du-an-xay-dung,A01,Điểm thi THPT,2023,22.5,Kỹ thuật xây dựng (Chuyên ngành Quản lý dự án xây dựng)
105612,KTA,quan-ly-du-an-xay-dung,D01,Điểm thi THPT,2023,22.5,Kỹ thuật xây dựng (Chuyên ngành Quản lý dự án xây dựng)
105613,KTA,quan-ly-du-an-xay-dung,D07,Điểm thi THPT,2023,22.5,Kỹ thuật xây dựng (Chuyên ngành Quản lý dự án xây dựng)
105614,KTA,quan-ly-du-an-xay-dung,A00,Điểm học bạ,2024,24.0,Quản lý dự án xây dựng
105615,KTA,quan-ly-du-an-xay-dung,A01,Điểm học bạ,2024,24.0,Quản lý dự án xây dựng
105616,KTA,quan-ly-du-an-xay-dung,D01,Điểm học bạ,2024,24.0,Quản lý dự án xây dựng
105617,KTA,quan-ly-du-an-xay-dung,D07,Điểm học bạ,2024,24.0,Quản lý dự án xây dựng
105618,KTA,quan-ly-du-an-xay-dung,A00,Điểm thi THPT,2024,22.1,Kỹ thuật xây dựng (Chuyên ngành Quản lý dự án xây dựng)
105619,KTA,quan-ly-du-an-xay-dung,A01,Điểm thi THPT,2024,22.1,Kỹ thuật xây dựng (Chuyên ngành Quản lý dự án xây dựng)
105620,KTA,quan-ly-du-an-xay-dung,D01,Điểm thi THPT,2024,22.1,Kỹ thuật xây dựng (Chuyên ngành Quản lý dự án xây dựng)
105621,KTA,quan-ly-du-an-xay-dung,D07,Điểm thi THPT,2024,22.1,Kỹ thuật xây dựng (Chuyên ngành Quản lý dự án xây dựng)
105622,KTA,quan-ly-van-tai-va-logistics,A00,Điểm thi THPT,2022,23.4,Quản lý xây dựng (Chuyên ngành Quản lý vận tải và Logistics)
105623,KTA,quan-ly-van-tai-va-logistics,A01,Điểm thi THPT,2022,23.4,Quản lý xây dựng (Chuyên ngành Quản lý vận tải và Logistics)
105624,KTA,quan-ly-van-tai-va-logistics,C01,Điểm thi THPT,2022,23.4,Quản lý xây dựng (Chuyên ngành Quản lý vận tải và Logistics)
105625,KTA,quan-ly-van-tai-va-logistics,D01,Điểm thi THPT,2022,23.4,Quản lý xây dựng (Chuyên ngành Quản lý vận tải và Logistics)
105626,KTA,quan-ly-van-tai-va-logistics,A00,Điểm thi THPT,2023,23.93,Quản lý xây dựng (Chuyên ngành Quản lý vận tải và Logistics)
105627,KTA,quan-ly-van-tai-va-logistics,A01,Điểm thi THPT,2023,23.93,Quản lý xây dựng (Chuyên ngành Quản lý vận tải và Logistics)
105628,KTA,quan-ly-van-tai-va-logistics,C01,Điểm thi THPT,2023,23.93,Quản lý xây dựng (Chuyên ngành Quản lý vận tải và Logistics)
105629,KTA,quan-ly-van-tai-va-logistics,D01,Điểm thi THPT,2023,23.93,Quản lý xây dựng (Chuyên ngành Quản lý vận tải và Logistics)
105630,KTA,quan-ly-van-tai-va-logistics,A00,Điểm thi THPT,2024,24.63,Quản lý xây dựng (Chuyên ngành Quản lý vận tải và Logistics)
105631,KTA,quan-ly-van-tai-va-logistics,A01,Điểm thi THPT,2024,24.63,Quản lý xây dựng (Chuyên ngành Quản lý vận tải và Logistics)
105632,KTA,quan-ly-van-tai-va-logistics,C01,Điểm thi THPT,2024,24.63,Quản lý xây dựng (Chuyên ngành Quản lý vận tải và Logistics)
105633,KTA,quan-ly-van-tai-va-logistics,D01,Điểm thi THPT,2024,24.63,Quản lý xây dựng (Chuyên ngành Quản lý vận tải và Logistics)
105634,KTA,quan-ly-xay-dung,A00,Điểm thi THPT,2021,19.75,Quản lý xây dựng
105635,KTA,quan-ly-xay-dung,A01,Điểm thi THPT,2021,19.75,Quản lý xây dựng
105636,KTA,quan-ly-xay-dung,C01,Điểm thi THPT,2021,19.75,Quản lý xây dựng
105637,KTA,quan-ly-xay-dung,D01,Điểm thi THPT,2021,19.75,Quản lý xây dựng
105638,KTA,quan-ly-xay-dung,A00,Điểm thi THPT,2022,22.25,Quản lý xây dựng
105639,KTA,quan-ly-xay-dung,A01,Điểm thi THPT,2022,22.25,Quản lý xây dựng
105640,KTA,quan-ly-xay-dung,C01,Điểm thi THPT,2022,22.25,Quản lý xây dựng
105641,KTA,quan-ly-xay-dung,D01,Điểm thi THPT,2022,22.25,Quản lý xây dựng
105642,KTA,quan-ly-xay-dung,A00,Điểm thi THPT,2023,21.75,Quản lý xây dựng
105643,KTA,quan-ly-xay-dung,A01,Điểm thi THPT,2023,21.75,Quản lý xây dựng
105644,KTA,quan-ly-xay-dung,C01,Điểm thi THPT,2023,21.75,Quản lý xây dựng
105645,KTA,quan-ly-xay-dung,D01,Điểm thi THPT,2023,21.75,Quản lý xây dựng
105646,KTA,quan-ly-xay-dung,A00,Điểm thi THPT,2024,22.15,Quản lý xây dựng
105647,KTA,quan-ly-xay-dung,A01,Điểm thi THPT,2024,22.15,Quản lý xây dựng
105648,KTA,quan-ly-xay-dung,C01,Điểm thi THPT,2024,22.15,Quản lý xây dựng
105649,KTA,quan-ly-xay-dung,D01,Điểm thi THPT,2024,22.15,Quản lý xây dựng
105650,KTA,quan-ly-xay-dung,A00,Điểm thi THPT,2025,19.5,Quản lý xây dựng
105651,KTA,quan-ly-xay-dung,C01,Điểm thi THPT,2025,19.5,Quản lý xây dựng
105652,KTA,quan-ly-xay-dung,C02,Điểm thi THPT,2025,19.5,Quản lý xây dựng
105653,KTA,quan-ly-xay-dung,D01,Điểm thi THPT,2025,19.5,Quản lý xây dựng
105654,KTA,quan-ly-xay-dung,X03,Điểm thi THPT,2025,19.5,Quản lý xây dựng
105655,KTA,quan-ly-xay-dung,X04,Điểm thi THPT,2025,19.5,Quản lý xây dựng
105656,KTA,quy-hoach-vung-do-thi,V00,Điểm thi THPT,2022,27.6,Quy hoạch vùng đô thị
105657,KTA,quy-hoach-vung-va-do-thi,V00,Điểm thi THPT,2021,27.5,Quy hoạch vùng và đô thị
105658,KTA,quy-hoach-vung-va-do-thi,V00,Điểm thi THPT,2023,28.0,Quy hoạch vùng và đô thị
105659,KTA,quy-hoach-vung-va-do-thi,V01,Điểm thi THPT,2023,28.0,Quy hoạch vùng và đô thị
105660,KTA,quy-hoach-vung-va-do-thi,V02,Điểm thi THPT,2023,28.0,Quy hoạch vùng và đô thị
105661,KTA,quy-hoach-vung-va-do-thi,V00,Điểm thi THPT,2024,29.5,Quy hoạch vùng và đô thị
105662,KTA,quy-hoach-vung-va-do-thi,V01,Điểm thi THPT,2024,29.5,Quy hoạch vùng và đô thị
105663,KTA,quy-hoach-vung-va-do-thi,V02,Điểm thi THPT,2024,29.5,Quy hoạch vùng và đô thị
105664,KTA,thiet-ke-do-hoa,H00,Điểm thi THPT,2021,22.5,Thiết kế đồ họa
105665,KTA,thiet-ke-do-hoa,H00,Điểm thi THPT,2022,23.0,Thiết kế đồ họa
105666,KTA,thiet-ke-do-hoa,H00,Điểm thi THPT,2023,24.0,Thiết kế đồ họa
105667,KTA,thiet-ke-do-hoa,H02,Điểm thi THPT,2023,24.0,Thiết kế đồ họa
105668,KTA,thiet-ke-do-hoa,H00,Điểm thi THPT,2024,24.2,Thiết kế đồ họa
105669,KTA,thiet-ke-do-hoa,H02,Điểm thi THPT,2024,24.2,Thiết kế đồ họa
105670,KTA,thiet-ke-do-thi,V00,Điểm thi THPT,2021,27.0,Quy hoạch vùng và đô thị (Chuyên ngành Thiết kế đô thị)
105671,KTA,thiet-ke-do-thi,V00,Điểm thi THPT,2022,27.0,Quy hoạch vùng đô thị (Chuyên ngành Thiết kế đô thị)
105672,KTA,thiet-ke-do-thi,V00,Điểm thi THPT,2023,27.65,Quy hoạch vùng và đô thị (Chuyên ngành Thiết kế đô thị)
105673,KTA,thiet-ke-do-thi,V01,Điểm thi THPT,2023,27.65,Quy hoạch vùng và đô thị (Chuyên ngành Thiết kế đô thị)
105674,KTA,thiet-ke-do-thi,V02,Điểm thi THPT,2023,27.65,Quy hoạch vùng và đô thị (Chuyên ngành Thiết kế đô thị)
105675,KTA,thiet-ke-do-thi,V00,Điểm thi THPT,2024,29.23,Quy hoạch vùng và đô thị (Chuyên ngành Thiết kế đô thị)
105676,KTA,thiet-ke-do-thi,V01,Điểm thi THPT,2024,29.23,Quy hoạch vùng và đô thị (Chuyên ngành Thiết kế đô thị)
105677,KTA,thiet-ke-do-thi,V02,Điểm thi THPT,2024,29.23,Quy hoạch vùng và đô thị (Chuyên ngành Thiết kế đô thị)
105678,KTA,thiet-ke-noi-that,H00,Điểm thi THPT,2021,21.25,Thiết kế nội thất
105679,KTA,thiet-ke-noi-that,H00,Điểm thi THPT,2022,21.75,Thiết kế nội thất
105680,KTA,thiet-ke-noi-that,H00,Điểm thi THPT,2023,23.0,Thiết kế nội thất
105681,KTA,thiet-ke-noi-that,H02,Điểm thi THPT,2023,23.0,Thiết kế nội thất
105682,KTA,thiet-ke-noi-that,H00,Điểm thi THPT,2024,23.48,Thiết kế nội thất
105683,KTA,thiet-ke-noi-that,H02,Điểm thi THPT,2024,23.48,Thiết kế nội thất
105684,KTA,thiet-ke-thoi-trang,H00,Điểm thi THPT,2021,21.0,Thiết kế thời trang
105685,KTA,thiet-ke-thoi-trang,H00,Điểm thi THPT,2022,21.75,Thiết kế thời trang
105686,KTA,thiet-ke-thoi-trang,H00,Điểm thi THPT,2023,22.99,Thiết kế thời trang
105687,KTA,thiet-ke-thoi-trang,H02,Điểm thi THPT,2023,22.99,Thiết kế thời trang
105688,KTA,thiet-ke-thoi-trang,H00,Điểm thi THPT,2024,23.25,Thiết kế thời trang
105689,KTA,thiet-ke-thoi-trang,H02,Điểm thi THPT,2024,23.25,Thiết kế thời trang
105690,KTA,thuoc-nganh-cong-nghe-thong-tin,A00,Điểm thi THPT,2025,21.75,Công nghệ game (Chuyên ngành thuộc ngành Công nghệ thông tin)
105691,KTA,thuoc-nganh-cong-nghe-thong-tin,C01,Điểm thi THPT,2025,21.75,Công nghệ game (Chuyên ngành thuộc ngành Công nghệ thông tin)
105692,KTA,thuoc-nganh-cong-nghe-thong-tin,D01,Điểm thi THPT,2025,21.75,Công nghệ game (Chuyên ngành thuộc ngành Công nghệ thông tin)
105693,KTA,thuoc-nganh-cong-nghe-thong-tin,X02,Điểm thi THPT,2025,21.75,Công nghệ game (Chuyên ngành thuộc ngành Công nghệ thông tin)
105694,KTA,thuoc-nganh-cong-nghe-thong-tin,X03,Điểm thi THPT,2025,21.75,Công nghệ game (Chuyên ngành thuộc ngành Công nghệ thông tin)
105695,KTA,thuoc-nganh-cong-nghe-thong-tin,X04,Điểm thi THPT,2025,21.75,Công nghệ game (Chuyên ngành thuộc ngành Công nghệ thông tin)
105696,KTA,thuoc-nganh-ky-thuat-co-so-ha-tang,A00,Điểm học bạ,2025,16.1,Kỹ thuật hạ tầng đô thị (Chuyên ngành thuộc ngành Kỹ thuật cơ sớ hạ tầng)
105697,KTA,thuoc-nganh-ky-thuat-co-so-ha-tang,C01,Điểm học bạ,2025,16.1,Kỹ thuật hạ tầng đô thị (Chuyên ngành thuộc ngành Kỹ thuật cơ sớ hạ tầng)
105698,KTA,thuoc-nganh-ky-thuat-co-so-ha-tang,C02,Điểm học bạ,2025,16.1,Kỹ thuật hạ tầng đô thị (Chuyên ngành thuộc ngành Kỹ thuật cơ sớ hạ tầng)
105699,KTA,thuoc-nganh-ky-thuat-co-so-ha-tang,D01,Điểm học bạ,2025,16.1,Kỹ thuật hạ tầng đô thị (Chuyên ngành thuộc ngành Kỹ thuật cơ sớ hạ tầng)
105700,KTA,thuoc-nganh-ky-thuat-co-so-ha-tang,X03,Điểm học bạ,2025,16.1,Kỹ thuật hạ tầng đô thị (Chuyên ngành thuộc ngành Kỹ thuật cơ sớ hạ tầng)
105701,KTA,thuoc-nganh-ky-thuat-co-so-ha-tang,X04,Điểm học bạ,2025,16.1,Kỹ thuật hạ tầng đô thị (Chuyên ngành thuộc ngành Kỹ thuật cơ sớ hạ tầng)
105702,KTA,thuoc-nganh-ky-thuat-co-so-ha-tang,A00,Điểm thi THPT,2025,16.1,Kỹ thuật hạ tầng đô thị (Chuyên ngành thuộc ngành Kỹ thuật cơ sở hạ tầng)
105703,KTA,thuoc-nganh-ky-thuat-co-so-ha-tang,C01,Điểm thi THPT,2025,16.1,Kỹ thuật hạ tầng đô thị (Chuyên ngành thuộc ngành Kỹ thuật cơ sở hạ tầng)
105704,KTA,thuoc-nganh-ky-thuat-co-so-ha-tang,C02,Điểm thi THPT,2025,16.1,Kỹ thuật hạ tầng đô thị (Chuyên ngành thuộc ngành Kỹ thuật cơ sở hạ tầng)
105705,KTA,thuoc-nganh-ky-thuat-co-so-ha-tang,D01,Điểm thi THPT,2025,16.1,Kỹ thuật hạ tầng đô thị (Chuyên ngành thuộc ngành Kỹ thuật cơ sở hạ tầng)
105706,KTA,thuoc-nganh-ky-thuat-co-so-ha-tang,X03,Điểm thi THPT,2025,16.1,Kỹ thuật hạ tầng đô thị (Chuyên ngành thuộc ngành Kỹ thuật cơ sở hạ tầng)
105707,KTA,thuoc-nganh-ky-thuat-co-so-ha-tang,X04,Điểm thi THPT,2025,16.1,Kỹ thuật hạ tầng đô thị (Chuyên ngành thuộc ngành Kỹ thuật cơ sở hạ tầng)
105708,KTA,thuoc-nganh-ky-thuat-xav-dung,A00,Điểm học bạ,2025,22.83,Xây dựng dân dụng và công nghiệp (Chuyên ngành thuộc ngành Kỹ thuật xâv dựng)
105709,KTA,thuoc-nganh-ky-thuat-xav-dung,C01,Điểm học bạ,2025,22.83,Xây dựng dân dụng và công nghiệp (Chuyên ngành thuộc ngành Kỹ thuật xâv dựng)
105710,KTA,thuoc-nganh-ky-thuat-xav-dung,C02,Điểm học bạ,2025,22.83,Xây dựng dân dụng và công nghiệp (Chuyên ngành thuộc ngành Kỹ thuật xâv dựng)
105711,KTA,thuoc-nganh-ky-thuat-xav-dung,D01,Điểm học bạ,2025,22.83,Xây dựng dân dụng và công nghiệp (Chuyên ngành thuộc ngành Kỹ thuật xâv dựng)
105712,KTA,thuoc-nganh-ky-thuat-xav-dung,X03,Điểm học bạ,2025,22.83,Xây dựng dân dụng và công nghiệp (Chuyên ngành thuộc ngành Kỹ thuật xâv dựng)
105713,KTA,thuoc-nganh-ky-thuat-xav-dung,X04,Điểm học bạ,2025,22.83,Xây dựng dân dụng và công nghiệp (Chuyên ngành thuộc ngành Kỹ thuật xâv dựng)
105714,KTA,thuoc-nganh-ky-thuat-xav-dung,A00,Điểm thi THPT,2025,20.75,Xây dựng dân dụng và công nghiệp (Chuyên ngành thuộc ngành Kỹ thuật xâv dựng)
105715,KTA,thuoc-nganh-ky-thuat-xav-dung,C01,Điểm thi THPT,2025,20.75,Xây dựng dân dụng và công nghiệp (Chuyên ngành thuộc ngành Kỹ thuật xâv dựng)
105716,KTA,thuoc-nganh-ky-thuat-xav-dung,C02,Điểm thi THPT,2025,20.75,Xây dựng dân dụng và công nghiệp (Chuyên ngành thuộc ngành Kỹ thuật xâv dựng)
105717,KTA,thuoc-nganh-ky-thuat-xav-dung,D01,Điểm thi THPT,2025,20.75,Xây dựng dân dụng và công nghiệp (Chuyên ngành thuộc ngành Kỹ thuật xâv dựng)
105718,KTA,thuoc-nganh-ky-thuat-xav-dung,X03,Điểm thi THPT,2025,20.75,Xây dựng dân dụng và công nghiệp (Chuyên ngành thuộc ngành Kỹ thuật xâv dựng)
105719,KTA,thuoc-nganh-ky-thuat-xav-dung,X04,Điểm thi THPT,2025,20.75,Xây dựng dân dụng và công nghiệp (Chuyên ngành thuộc ngành Kỹ thuật xâv dựng)
105720,KTA,thuoc-nganh-ky-thuat-xay-dung,A00,Điểm học bạ,2025,18.35,Xây dựng công trình ngầm dô thị (Chuyên ngành thuộc ngành Kỹ thuật xây dựng)
105721,KTA,thuoc-nganh-ky-thuat-xay-dung,C01,Điểm học bạ,2025,18.35,Xây dựng công trình ngầm dô thị (Chuyên ngành thuộc ngành Kỹ thuật xây dựng)
105722,KTA,thuoc-nganh-ky-thuat-xay-dung,C02,Điểm học bạ,2025,18.35,Xây dựng công trình ngầm dô thị (Chuyên ngành thuộc ngành Kỹ thuật xây dựng)
105723,KTA,thuoc-nganh-ky-thuat-xay-dung,D01,Điểm học bạ,2025,18.35,Xây dựng công trình ngầm dô thị (Chuyên ngành thuộc ngành Kỹ thuật xây dựng)
105724,KTA,thuoc-nganh-ky-thuat-xay-dung,X03,Điểm học bạ,2025,18.35,Xây dựng công trình ngầm dô thị (Chuyên ngành thuộc ngành Kỹ thuật xây dựng)
105725,KTA,thuoc-nganh-ky-thuat-xay-dung,X04,Điểm học bạ,2025,18.35,Xây dựng công trình ngầm dô thị (Chuyên ngành thuộc ngành Kỹ thuật xây dựng)
105726,KTA,thuoc-nganh-ky-thuat-xay-dung,A00,Điểm thi THPT,2025,18.35,Xây dựng công trình ngầm dô thị (Chuyên ngành thuộc ngành Kỹ thuật xây dựng)
105727,KTA,thuoc-nganh-ky-thuat-xay-dung,C01,Điểm thi THPT,2025,18.35,Xây dựng công trình ngầm dô thị (Chuyên ngành thuộc ngành Kỹ thuật xây dựng)
105728,KTA,thuoc-nganh-ky-thuat-xay-dung,C02,Điểm thi THPT,2025,18.35,Xây dựng công trình ngầm dô thị (Chuyên ngành thuộc ngành Kỹ thuật xây dựng)
105729,KTA,thuoc-nganh-ky-thuat-xay-dung,D01,Điểm thi THPT,2025,18.35,Xây dựng công trình ngầm dô thị (Chuyên ngành thuộc ngành Kỹ thuật xây dựng)
105730,KTA,thuoc-nganh-ky-thuat-xay-dung,X03,Điểm thi THPT,2025,18.35,Xây dựng công trình ngầm dô thị (Chuyên ngành thuộc ngành Kỹ thuật xây dựng)
105731,KTA,thuoc-nganh-ky-thuat-xay-dung,X04,Điểm thi THPT,2025,18.35,Xây dựng công trình ngầm dô thị (Chuyên ngành thuộc ngành Kỹ thuật xây dựng)
105732,KTA,thuoc-nganh-quan-ly-xay-dung,A00,Điểm thi THPT,2025,18.6,Quản lý bất động sản (Chuyên ngành thuộc ngành Quản lý xây dựng)
105733,KTA,thuoc-nganh-quan-ly-xay-dung,C01,Điểm thi THPT,2025,18.6,Quản lý bất động sản (Chuyên ngành thuộc ngành Quản lý xây dựng)
105734,KTA,thuoc-nganh-quan-ly-xay-dung,C02,Điểm thi THPT,2025,18.6,Quản lý bất động sản (Chuyên ngành thuộc ngành Quản lý xây dựng)
105735,KTA,thuoc-nganh-quan-ly-xay-dung,D01,Điểm thi THPT,2025,18.6,Quản lý bất động sản (Chuyên ngành thuộc ngành Quản lý xây dựng)
105736,KTA,thuoc-nganh-quan-ly-xay-dung,X03,Điểm thi THPT,2025,18.6,Quản lý bất động sản (Chuyên ngành thuộc ngành Quản lý xây dựng)
105737,KTA,thuoc-nganh-quan-ly-xay-dung,X04,Điểm thi THPT,2025,18.6,Quản lý bất động sản (Chuyên ngành thuộc ngành Quản lý xây dựng)
105738,KTA,xay-dung-cong-trinh-ngam-do-thi,A00,Điểm học bạ,2021,19.0,Xây dựng công trình ngầm đô thị
105739,KTA,xay-dung-cong-trinh-ngam-do-thi,A01,Điểm học bạ,2021,19.0,Xây dựng công trình ngầm đô thị
105740,KTA,xay-dung-cong-trinh-ngam-do-thi,D01,Điểm học bạ,2021,19.0,Xây dựng công trình ngầm đô thị
105741,KTA,xay-dung-cong-trinh-ngam-do-thi,D07,Điểm học bạ,2021,19.0,Xây dựng công trình ngầm đô thị
105742,KTA,xay-dung-cong-trinh-ngam-do-thi,A00,Điểm thi THPT,2021,20.0,Kỹ thuật xây dựng (Chuyên ngành Xây dựng công trình ngầm đô thị)
105743,KTA,xay-dung-cong-trinh-ngam-do-thi,A01,Điểm thi THPT,2021,20.0,Kỹ thuật xây dựng (Chuyên ngành Xây dựng công trình ngầm đô thị)
105744,KTA,xay-dung-cong-trinh-ngam-do-thi,D01,Điểm thi THPT,2021,20.0,Kỹ thuật xây dựng (Chuyên ngành Xây dựng công trình ngầm đô thị)
105745,KTA,xay-dung-cong-trinh-ngam-do-thi,D07,Điểm thi THPT,2021,20.0,Kỹ thuật xây dựng (Chuyên ngành Xây dựng công trình ngầm đô thị)
105746,KTA,xay-dung-cong-trinh-ngam-do-thi,A00,Điểm học bạ,2022,19.0,Xây dựng công trình ngầm đô thị
105747,KTA,xay-dung-cong-trinh-ngam-do-thi,A01,Điểm học bạ,2022,19.0,Xây dựng công trình ngầm đô thị
105748,KTA,xay-dung-cong-trinh-ngam-do-thi,D01,Điểm học bạ,2022,19.0,Xây dựng công trình ngầm đô thị
105749,KTA,xay-dung-cong-trinh-ngam-do-thi,D07,Điểm học bạ,2022,19.0,Xây dựng công trình ngầm đô thị
105750,KTA,xay-dung-cong-trinh-ngam-do-thi,A00,Điểm thi THPT,2022,21.0,Kỹ thuật xây dựng (Chuyên ngành Xây dựng công trình ngầm đô thị)
105751,KTA,xay-dung-cong-trinh-ngam-do-thi,A01,Điểm thi THPT,2022,21.0,Kỹ thuật xây dựng (Chuyên ngành Xây dựng công trình ngầm đô thị)
105752,KTA,xay-dung-cong-trinh-ngam-do-thi,D01,Điểm thi THPT,2022,21.0,Kỹ thuật xây dựng (Chuyên ngành Xây dựng công trình ngầm đô thị)
105753,KTA,xay-dung-cong-trinh-ngam-do-thi,D07,Điểm thi THPT,2022,21.0,Kỹ thuật xây dựng (Chuyên ngành Xây dựng công trình ngầm đô thị)
105754,KTA,xay-dung-cong-trinh-ngam-do-thi,A00,Điểm học bạ,2023,19.0,Xây dựng công trình ngầm đô thị
105755,KTA,xay-dung-cong-trinh-ngam-do-thi,A01,Điểm học bạ,2023,19.0,Xây dựng công trình ngầm đô thị
105756,KTA,xay-dung-cong-trinh-ngam-do-thi,D01,Điểm học bạ,2023,19.0,Xây dựng công trình ngầm đô thị
105757,KTA,xay-dung-cong-trinh-ngam-do-thi,D07,Điểm học bạ,2023,19.0,Xây dựng công trình ngầm đô thị
105758,KTA,xay-dung-cong-trinh-ngam-do-thi,A00,Điểm thi THPT,2023,21.3,Kỹ thuật xây dựng (Chuyên ngành Xây dựng công trình ngầm đô thị)
105759,KTA,xay-dung-cong-trinh-ngam-do-thi,A01,Điểm thi THPT,2023,21.3,Kỹ thuật xây dựng (Chuyên ngành Xây dựng công trình ngầm đô thị)
105760,KTA,xay-dung-cong-trinh-ngam-do-thi,D01,Điểm thi THPT,2023,21.3,Kỹ thuật xây dựng (Chuyên ngành Xây dựng công trình ngầm đô thị)
105761,KTA,xay-dung-cong-trinh-ngam-do-thi,D07,Điểm thi THPT,2023,21.3,Kỹ thuật xây dựng (Chuyên ngành Xây dựng công trình ngầm đô thị)
105762,KTA,xay-dung-cong-trinh-ngam-do-thi,A00,Điểm học bạ,2024,19.0,Xây dựng công trình ngầm đô thị
105763,KTA,xay-dung-cong-trinh-ngam-do-thi,A01,Điểm học bạ,2024,19.0,Xây dựng công trình ngầm đô thị
105764,KTA,xay-dung-cong-trinh-ngam-do-thi,D01,Điểm học bạ,2024,19.0,Xây dựng công trình ngầm đô thị
105765,KTA,xay-dung-cong-trinh-ngam-do-thi,D07,Điểm học bạ,2024,19.0,Xây dựng công trình ngầm đô thị
105766,KTA,xay-dung-cong-trinh-ngam-do-thi,A00,Điểm thi THPT,2024,22.55,Kỹ thuật xây dựng (Chuyên ngành Xây dựng công trình ngầm đô thị)
105767,KTA,xay-dung-cong-trinh-ngam-do-thi,A01,Điểm thi THPT,2024,22.55,Kỹ thuật xây dựng (Chuyên ngành Xây dựng công trình ngầm đô thị)
105768,KTA,xay-dung-cong-trinh-ngam-do-thi,D01,Điểm thi THPT,2024,22.55,Kỹ thuật xây dựng (Chuyên ngành Xây dựng công trình ngầm đô thị)
105769,KTA,xay-dung-cong-trinh-ngam-do-thi,D07,Điểm thi THPT,2024,22.55,Kỹ thuật xây dựng (Chuyên ngành Xây dựng công trình ngầm đô thị)
105770,KTA,xay-dung-dan-dung-va-cong-nghiep,A00,Điểm thi THPT,2021,21.5,Kỹ thuật xây dựng (Chuyên ngành Xây dựng dân dụng và công nghiệp)
105771,KTA,xay-dung-dan-dung-va-cong-nghiep,A01,Điểm thi THPT,2021,21.5,Kỹ thuật xây dựng (Chuyên ngành Xây dựng dân dụng và công nghiệp)
105772,KTA,xay-dung-dan-dung-va-cong-nghiep,D01,Điểm thi THPT,2021,21.5,Kỹ thuật xây dựng (Chuyên ngành Xây dựng dân dụng và công nghiệp)
105773,KTA,xay-dung-dan-dung-va-cong-nghiep,D07,Điểm thi THPT,2021,21.5,Kỹ thuật xây dựng (Chuyên ngành Xây dựng dân dụng và công nghiệp)
105774,KTA,xay-dung-dan-dung-va-cong-nghiep,A00,Điểm thi THPT,2022,22.0,Kỹ thuật xây dựng (Chuyên ngành Xây dựng dân dụng và công nghiệp)
105775,KTA,xay-dung-dan-dung-va-cong-nghiep,A01,Điểm thi THPT,2022,22.0,Kỹ thuật xây dựng (Chuyên ngành Xây dựng dân dụng và công nghiệp)
105776,KTA,xay-dung-dan-dung-va-cong-nghiep,D01,Điểm thi THPT,2022,22.0,Kỹ thuật xây dựng (Chuyên ngành Xây dựng dân dụng và công nghiệp)
105777,KTA,xay-dung-dan-dung-va-cong-nghiep,D07,Điểm thi THPT,2022,22.0,Kỹ thuật xây dựng (Chuyên ngành Xây dựng dân dụng và công nghiệp)
105778,KTA,xay-dung-dan-dung-va-cong-nghiep,A00,Điểm thi THPT,2023,20.01,Kỹ thuật xây dựng (Chuyên ngành Xây dựng dán dụng và công nghiệp)
105779,KTA,xay-dung-dan-dung-va-cong-nghiep,A01,Điểm thi THPT,2023,20.01,Kỹ thuật xây dựng (Chuyên ngành Xây dựng dán dụng và công nghiệp)
105780,KTA,xay-dung-dan-dung-va-cong-nghiep,D01,Điểm thi THPT,2023,20.01,Kỹ thuật xây dựng (Chuyên ngành Xây dựng dán dụng và công nghiệp)
105781,KTA,xay-dung-dan-dung-va-cong-nghiep,D07,Điểm thi THPT,2023,20.01,Kỹ thuật xây dựng (Chuyên ngành Xây dựng dán dụng và công nghiệp)
105782,KTA,xay-dung-dan-dung-va-cong-nghiep,A00,Điểm học bạ,2024,23.5,Xây dựng dân dụng và công nghiệp
105783,KTA,xay-dung-dan-dung-va-cong-nghiep,A01,Điểm học bạ,2024,23.5,Xây dựng dân dụng và công nghiệp
105784,KTA,xay-dung-dan-dung-va-cong-nghiep,D01,Điểm học bạ,2024,23.5,Xây dựng dân dụng và công nghiệp
105785,KTA,xay-dung-dan-dung-va-cong-nghiep,D07,Điểm học bạ,2024,23.5,Xây dựng dân dụng và công nghiệp
105786,KTA,xay-dung-dan-dung-va-cong-nghiep,A00,Điểm thi THPT,2024,21.85,Kỹ thuật xây dựng (Chuyên ngành Xây dựng dán dụng và công nghiệp)
105787,KTA,xay-dung-dan-dung-va-cong-nghiep,A01,Điểm thi THPT,2024,21.85,Kỹ thuật xây dựng (Chuyên ngành Xây dựng dán dụng và công nghiệp)
105788,KTA,xay-dung-dan-dung-va-cong-nghiep,D01,Điểm thi THPT,2024,21.85,Kỹ thuật xây dựng (Chuyên ngành Xây dựng dán dụng và công nghiệp)
105789,KTA,xay-dung-dan-dung-va-cong-nghiep,D07,Điểm thi THPT,2024,21.85,Kỹ thuật xây dựng (Chuyên ngành Xây dựng dán dụng và công nghiệp)
105790,KTD,cong-nghe-ky-thuat-dien-dien-tu,A00,Điểm học bạ,2021,6.0,Công nghệ kỹ thuật điện - điện tử
105791,KTD,cong-nghe-ky-thuat-dien-dien-tu,A01,Điểm học bạ,2021,6.0,Công nghệ kỹ thuật điện - điện tử
105792,KTD,cong-nghe-ky-thuat-dien-dien-tu,B00,Điểm học bạ,2021,6.0,Công nghệ kỹ thuật điện - điện tử
105793,KTD,cong-nghe-ky-thuat-dien-dien-tu,D01,Điểm học bạ,2021,6.0,Công nghệ kỹ thuật điện - điện tử
105794,KTD,cong-nghe-ky-thuat-dien-dien-tu,A00,Điểm thi THPT,2021,14.0,Công nghệ kỹ thuật điện - điện tử
105795,KTD,cong-nghe-ky-thuat-dien-dien-tu,A01,Điểm thi THPT,2021,14.0,Công nghệ kỹ thuật điện - điện tử
105796,KTD,cong-nghe-ky-thuat-dien-dien-tu,B00,Điểm thi THPT,2021,14.0,Công nghệ kỹ thuật điện - điện tử
105797,KTD,cong-nghe-ky-thuat-dien-dien-tu,D01,Điểm thi THPT,2021,14.0,Công nghệ kỹ thuật điện - điện tử
105798,KTD,cong-nghe-ky-thuat-dien-dien-tu,A00,Điểm học bạ,2022,18.0,"Công nghệ kỹ thuật điện, điện tử"
105799,KTD,cong-nghe-ky-thuat-dien-dien-tu,A01,Điểm học bạ,2022,18.0,"Công nghệ kỹ thuật điện, điện tử"
105800,KTD,cong-nghe-ky-thuat-dien-dien-tu,B00,Điểm học bạ,2022,18.0,"Công nghệ kỹ thuật điện, điện tử"
105801,KTD,cong-nghe-ky-thuat-dien-dien-tu,D01,Điểm học bạ,2022,18.0,"Công nghệ kỹ thuật điện, điện tử"
105802,KTD,cong-nghe-ky-thuat-dien-dien-tu,A00,Điểm thi THPT,2022,14.0,"Công nghệ kỹ thuật điện, điện tử"
105803,KTD,cong-nghe-ky-thuat-dien-dien-tu,A01,Điểm thi THPT,2022,14.0,"Công nghệ kỹ thuật điện, điện tử"
105804,KTD,cong-nghe-ky-thuat-dien-dien-tu,B00,Điểm thi THPT,2022,14.0,"Công nghệ kỹ thuật điện, điện tử"
105805,KTD,cong-nghe-ky-thuat-dien-dien-tu,D01,Điểm thi THPT,2022,14.0,"Công nghệ kỹ thuật điện, điện tử"
105806,KTD,cong-nghe-ky-thuat-dien-dien-tu,A00,Điểm học bạ,2023,19.0,"Công nghệ kỹ thuật điện, điện tử"
105807,KTD,cong-nghe-ky-thuat-dien-dien-tu,A01,Điểm học bạ,2023,19.0,"Công nghệ kỹ thuật điện, điện tử"
105808,KTD,cong-nghe-ky-thuat-dien-dien-tu,B00,Điểm học bạ,2023,19.0,"Công nghệ kỹ thuật điện, điện tử"
105809,KTD,cong-nghe-ky-thuat-dien-dien-tu,D01,Điểm học bạ,2023,19.0,"Công nghệ kỹ thuật điện, điện tử"
105810,KTD,cong-nghe-ky-thuat-dien-dien-tu,A00,Điểm thi THPT,2023,17.0,"Công nghệ kỹ thuật điện, điện tử"
105811,KTD,cong-nghe-ky-thuat-dien-dien-tu,A01,Điểm thi THPT,2023,17.0,"Công nghệ kỹ thuật điện, điện tử"
105812,KTD,cong-nghe-ky-thuat-dien-dien-tu,B00,Điểm thi THPT,2023,17.0,"Công nghệ kỹ thuật điện, điện tử"
105813,KTD,cong-nghe-ky-thuat-dien-dien-tu,D01,Điểm thi THPT,2023,17.0,"Công nghệ kỹ thuật điện, điện tử"
105814,KTD,cong-nghe-ky-thuat-dien-dien-tu,A00,Điểm học bạ,2024,19.5,"Công nghệ kỹ thuật điện, điện tử"
105815,KTD,cong-nghe-ky-thuat-dien-dien-tu,A01,Điểm học bạ,2024,19.5,"Công nghệ kỹ thuật điện, điện tử"
105816,KTD,cong-nghe-ky-thuat-dien-dien-tu,B00,Điểm học bạ,2024,19.5,"Công nghệ kỹ thuật điện, điện tử"
105817,KTD,cong-nghe-ky-thuat-dien-dien-tu,D01,Điểm học bạ,2024,19.5,"Công nghệ kỹ thuật điện, điện tử"
105818,KTD,cong-nghe-ky-thuat-dien-dien-tu,A00,Điểm thi THPT,2024,19.5,"Công nghệ kỹ thuật điện, điện tử"
105819,KTD,cong-nghe-ky-thuat-dien-dien-tu,A01,Điểm thi THPT,2024,19.5,"Công nghệ kỹ thuật điện, điện tử"
105820,KTD,cong-nghe-ky-thuat-dien-dien-tu,B00,Điểm thi THPT,2024,19.5,"Công nghệ kỹ thuật điện, điện tử"
105821,KTD,cong-nghe-ky-thuat-dien-dien-tu,D01,Điểm thi THPT,2024,19.5,"Công nghệ kỹ thuật điện, điện tử"
105822,KTD,cong-nghe-ky-thuat-dien-dien-tu,A00,Điểm học bạ,2025,19.0,Công nghệ kỹ thuật Điện - Điện tử
105823,KTD,cong-nghe-ky-thuat-dien-dien-tu,A01,Điểm học bạ,2025,19.0,Công nghệ kỹ thuật Điện - Điện tử
105824,KTD,cong-nghe-ky-thuat-dien-dien-tu,B00,Điểm học bạ,2025,19.0,Công nghệ kỹ thuật Điện - Điện tử
105825,KTD,cong-nghe-ky-thuat-dien-dien-tu,D01,Điểm học bạ,2025,19.0,Công nghệ kỹ thuật Điện - Điện tử
105826,KTD,cong-nghe-ky-thuat-dien-dien-tu,X06,Điểm học bạ,2025,19.0,Công nghệ kỹ thuật Điện - Điện tử
105827,KTD,cong-nghe-ky-thuat-dien-dien-tu,X07,Điểm học bạ,2025,19.0,Công nghệ kỹ thuật Điện - Điện tử
105828,KTD,cong-nghe-ky-thuat-dien-dien-tu,X26,Điểm học bạ,2025,19.0,Công nghệ kỹ thuật Điện - Điện tử
105829,KTD,cong-nghe-ky-thuat-dien-dien-tu,X27,Điểm học bạ,2025,19.0,Công nghệ kỹ thuật Điện - Điện tử
105830,KTD,cong-nghe-ky-thuat-dien-dien-tu,A00,Điểm thi THPT,2025,16.0,Công nghệ kỹ thuật Điện - Điện tử
105831,KTD,cong-nghe-ky-thuat-dien-dien-tu,A01,Điểm thi THPT,2025,16.0,Công nghệ kỹ thuật Điện - Điện tử
105832,KTD,cong-nghe-ky-thuat-dien-dien-tu,B00,Điểm thi THPT,2025,16.0,Công nghệ kỹ thuật Điện - Điện tử
105833,KTD,cong-nghe-ky-thuat-dien-dien-tu,D01,Điểm thi THPT,2025,16.0,Công nghệ kỹ thuật Điện - Điện tử
105834,KTD,cong-nghe-ky-thuat-dien-dien-tu,X06,Điểm thi THPT,2025,16.0,Công nghệ kỹ thuật Điện - Điện tử
105835,KTD,cong-nghe-ky-thuat-dien-dien-tu,X07,Điểm thi THPT,2025,16.0,Công nghệ kỹ thuật Điện - Điện tử
105836,KTD,cong-nghe-ky-thuat-dien-dien-tu,X26,Điểm thi THPT,2025,16.0,Công nghệ kỹ thuật Điện - Điện tử
105837,KTD,cong-nghe-ky-thuat-dien-dien-tu,X27,Điểm thi THPT,2025,16.0,Công nghệ kỹ thuật Điện - Điện tử
105838,KTD,cong-nghe-thong-tin,A00,Điểm học bạ,2021,6.0,Công nghệ thông tin
105839,KTD,cong-nghe-thong-tin,A01,Điểm học bạ,2021,6.0,Công nghệ thông tin
105840,KTD,cong-nghe-thong-tin,B00,Điểm học bạ,2021,6.0,Công nghệ thông tin
105841,KTD,cong-nghe-thong-tin,D01,Điểm học bạ,2021,6.0,Công nghệ thông tin
105842,KTD,cong-nghe-thong-tin,A00,Điểm thi THPT,2021,14.5,Công nghệ thông tin
105843,KTD,cong-nghe-thong-tin,A01,Điểm thi THPT,2021,14.5,Công nghệ thông tin
105844,KTD,cong-nghe-thong-tin,B00,Điểm thi THPT,2021,14.5,Công nghệ thông tin
105845,KTD,cong-nghe-thong-tin,D01,Điểm thi THPT,2021,14.5,Công nghệ thông tin
105846,KTD,cong-nghe-thong-tin,A00,Điểm học bạ,2022,18.0,Công nghệ thông tin
105847,KTD,cong-nghe-thong-tin,A01,Điểm học bạ,2022,18.0,Công nghệ thông tin
105848,KTD,cong-nghe-thong-tin,B00,Điểm học bạ,2022,18.0,Công nghệ thông tin
105849,KTD,cong-nghe-thong-tin,D01,Điểm học bạ,2022,18.0,Công nghệ thông tin
105850,KTD,cong-nghe-thong-tin,A00,Điểm thi THPT,2022,14.0,Công nghệ thông tin
105851,KTD,cong-nghe-thong-tin,A01,Điểm thi THPT,2022,14.0,Công nghệ thông tin
105852,KTD,cong-nghe-thong-tin,B00,Điểm thi THPT,2022,14.0,Công nghệ thông tin
105853,KTD,cong-nghe-thong-tin,D01,Điểm thi THPT,2022,14.0,Công nghệ thông tin
105854,KTD,cong-nghe-thong-tin,A00,Điểm học bạ,2023,19.5,Công nghệ thông tin
105855,KTD,cong-nghe-thong-tin,A01,Điểm học bạ,2023,19.5,Công nghệ thông tin
105856,KTD,cong-nghe-thong-tin,B00,Điểm học bạ,2023,19.5,Công nghệ thông tin
105857,KTD,cong-nghe-thong-tin,D01,Điểm học bạ,2023,19.5,Công nghệ thông tin
105858,KTD,cong-nghe-thong-tin,A00,Điểm thi THPT,2023,23.0,Công nghệ thông tin
105859,KTD,cong-nghe-thong-tin,A01,Điểm thi THPT,2023,23.0,Công nghệ thông tin
105860,KTD,cong-nghe-thong-tin,B00,Điểm thi THPT,2023,23.0,Công nghệ thông tin
105861,KTD,cong-nghe-thong-tin,D01,Điểm thi THPT,2023,23.0,Công nghệ thông tin
105862,KTD,cong-nghe-thong-tin,A00,Điểm học bạ,2024,20.0,Công nghệ thông tin
105863,KTD,cong-nghe-thong-tin,A01,Điểm học bạ,2024,20.0,Công nghệ thông tin
105864,KTD,cong-nghe-thong-tin,B00,Điểm học bạ,2024,20.0,Công nghệ thông tin
105865,KTD,cong-nghe-thong-tin,D01,Điểm học bạ,2024,20.0,Công nghệ thông tin
105866,KTD,cong-nghe-thong-tin,A00,Điểm thi THPT,2024,23.0,Công nghệ thông tin
105867,KTD,cong-nghe-thong-tin,A01,Điểm thi THPT,2024,23.0,Công nghệ thông tin
105868,KTD,cong-nghe-thong-tin,B00,Điểm thi THPT,2024,23.0,Công nghệ thông tin
105869,KTD,cong-nghe-thong-tin,D01,Điểm thi THPT,2024,23.0,Công nghệ thông tin
105870,KTD,cong-nghe-thong-tin,A00,Điểm học bạ,2025,19.0,Công nghệ thông tin
105871,KTD,cong-nghe-thong-tin,A01,Điểm học bạ,2025,19.0,Công nghệ thông tin
105872,KTD,cong-nghe-thong-tin,B00,Điểm học bạ,2025,19.0,Công nghệ thông tin
105873,KTD,cong-nghe-thong-tin,D01,Điểm học bạ,2025,19.0,Công nghệ thông tin
105874,KTD,cong-nghe-thong-tin,X06,Điểm học bạ,2025,19.0,Công nghệ thông tin
105875,KTD,cong-nghe-thong-tin,X07,Điểm học bạ,2025,19.0,Công nghệ thông tin
105876,KTD,cong-nghe-thong-tin,X26,Điểm học bạ,2025,19.0,Công nghệ thông tin
105877,KTD,cong-nghe-thong-tin,X27,Điểm học bạ,2025,19.0,Công nghệ thông tin
105878,KTD,cong-nghe-thong-tin,A00,Điểm thi THPT,2025,16.0,Công nghệ thông tin
105879,KTD,cong-nghe-thong-tin,A01,Điểm thi THPT,2025,16.0,Công nghệ thông tin
105880,KTD,cong-nghe-thong-tin,B00,Điểm thi THPT,2025,16.0,Công nghệ thông tin
105881,KTD,cong-nghe-thong-tin,D01,Điểm thi THPT,2025,16.0,Công nghệ thông tin
105882,KTD,cong-nghe-thong-tin,X06,Điểm thi THPT,2025,16.0,Công nghệ thông tin
105883,KTD,cong-nghe-thong-tin,X07,Điểm thi THPT,2025,16.0,Công nghệ thông tin
105884,KTD,cong-nghe-thong-tin,X26,Điểm thi THPT,2025,16.0,Công nghệ thông tin
105885,KTD,cong-nghe-thong-tin,X27,Điểm thi THPT,2025,16.0,Công nghệ thông tin
105886,KTD,ke-toan,A00,Điểm học bạ,2021,18.0,Kế toán
105887,KTD,ke-toan,A01,Điểm học bạ,2021,18.0,Kế toán
105888,KTD,ke-toan,B00,Điểm học bạ,2021,18.0,Kế toán
105889,KTD,ke-toan,D01,Điểm học bạ,2021,18.0,Kế toán
105890,KTD,ke-toan,A00,Điểm thi THPT,2021,14.2,Kế toán
105891,KTD,ke-toan,A01,Điểm thi THPT,2021,14.2,Kế toán
105892,KTD,ke-toan,B00,Điểm thi THPT,2021,14.2,Kế toán
105893,KTD,ke-toan,D01,Điểm thi THPT,2021,14.2,Kế toán
105894,KTD,ke-toan,A00,Điểm học bạ,2022,18.0,Kế toán
105895,KTD,ke-toan,A01,Điểm học bạ,2022,18.0,Kế toán
105896,KTD,ke-toan,B00,Điểm học bạ,2022,18.0,Kế toán
105897,KTD,ke-toan,D01,Điểm học bạ,2022,18.0,Kế toán
105898,KTD,ke-toan,A00,Điểm thi THPT,2022,14.0,Kế toán
105899,KTD,ke-toan,A01,Điểm thi THPT,2022,14.0,Kế toán
105900,KTD,ke-toan,B00,Điểm thi THPT,2022,14.0,Kế toán
105901,KTD,ke-toan,D01,Điểm thi THPT,2022,14.0,Kế toán
105902,KTD,ke-toan,A00,Điểm học bạ,2023,19.0,Kế toán
105903,KTD,ke-toan,A01,Điểm học bạ,2023,19.0,Kế toán
105904,KTD,ke-toan,B00,Điểm học bạ,2023,19.0,Kế toán
105905,KTD,ke-toan,D01,Điểm học bạ,2023,19.0,Kế toán
105906,KTD,ke-toan,A00,Điểm thi THPT,2023,17.0,Kế toán
105907,KTD,ke-toan,A01,Điểm thi THPT,2023,17.0,Kế toán
105908,KTD,ke-toan,B00,Điểm thi THPT,2023,17.0,Kế toán
105909,KTD,ke-toan,D01,Điểm thi THPT,2023,17.0,Kế toán
105910,KTD,ke-toan,A00,Điểm học bạ,2024,19.5,Kế toán
105911,KTD,ke-toan,A01,Điểm học bạ,2024,19.5,Kế toán
105912,KTD,ke-toan,B00,Điểm học bạ,2024,19.5,Kế toán
105913,KTD,ke-toan,D01,Điểm học bạ,2024,19.5,Kế toán
105914,KTD,ke-toan,A00,Điểm thi THPT,2024,19.5,Kế toán
105915,KTD,ke-toan,A01,Điểm thi THPT,2024,19.5,Kế toán
105916,KTD,ke-toan,B00,Điểm thi THPT,2024,19.5,Kế toán
105917,KTD,ke-toan,D01,Điểm thi THPT,2024,19.5,Kế toán
105918,KTD,ke-toan,A00,Điểm học bạ,2025,19.0,Kế toán
105919,KTD,ke-toan,A01,Điểm học bạ,2025,19.0,Kế toán
105920,KTD,ke-toan,B00,Điểm học bạ,2025,19.0,Kế toán
105921,KTD,ke-toan,D01,Điểm học bạ,2025,19.0,Kế toán
105922,KTD,ke-toan,X06,Điểm học bạ,2025,19.0,Kế toán
105923,KTD,ke-toan,X07,Điểm học bạ,2025,19.0,Kế toán
105924,KTD,ke-toan,X26,Điểm học bạ,2025,19.0,Kế toán
105925,KTD,ke-toan,X27,Điểm học bạ,2025,19.0,Kế toán
105926,KTD,ke-toan,A00,Điểm thi THPT,2025,16.0,Kế toán
105927,KTD,ke-toan,A01,Điểm thi THPT,2025,16.0,Kế toán
105928,KTD,ke-toan,B00,Điểm thi THPT,2025,16.0,Kế toán
105929,KTD,ke-toan,D01,Điểm thi THPT,2025,16.0,Kế toán
105930,KTD,ke-toan,X06,Điểm thi THPT,2025,16.0,Kế toán
105931,KTD,ke-toan,X07,Điểm thi THPT,2025,16.0,Kế toán
105932,KTD,ke-toan,X26,Điểm thi THPT,2025,16.0,Kế toán
105933,KTD,ke-toan,X27,Điểm thi THPT,2025,16.0,Kế toán
105934,KTD,kien-truc,A01,Điểm học bạ,2021,7.0,Kiến trúc
105935,KTD,kien-truc,V00,Điểm học bạ,2021,7.0,Kiến trúc
105936,KTD,kien-truc,V01,Điểm học bạ,2021,7.0,Kiến trúc
105937,KTD,kien-truc,V02,Điểm học bạ,2021,7.0,Kiến trúc
105938,KTD,kien-truc,A01,Điểm thi THPT,2021,16.0,Kiến trúc
105939,KTD,kien-truc,V00,Điểm thi THPT,2021,16.0,Kiến trúc
105940,KTD,kien-truc,V01,Điểm thi THPT,2021,16.0,Kiến trúc
105941,KTD,kien-truc,V02,Điểm thi THPT,2021,16.0,Kiến trúc
105942,KTD,kien-truc,A01,Điểm học bạ,2022,19.0,Kiến trúc
105943,KTD,kien-truc,V00,Điểm học bạ,2022,19.0,Kiến trúc
105944,KTD,kien-truc,V01,Điểm học bạ,2022,19.0,Kiến trúc
105945,KTD,kien-truc,V02,Điểm học bạ,2022,19.0,Kiến trúc
105946,KTD,kien-truc,A01,Điểm thi THPT,2022,14.0,Kiến trúc
105947,KTD,kien-truc,V00,Điểm thi THPT,2022,14.0,Kiến trúc
105948,KTD,kien-truc,V01,Điểm thi THPT,2022,14.0,Kiến trúc
105949,KTD,kien-truc,V02,Điểm thi THPT,2022,14.0,Kiến trúc
105950,KTD,kien-truc,A01,Điểm học bạ,2023,21.0,Kiến trúc
105951,KTD,kien-truc,V00,Điểm học bạ,2023,19.0,Kiến trúc
105952,KTD,kien-truc,V01,Điểm học bạ,2023,19.0,Kiến trúc
105953,KTD,kien-truc,V02,Điểm học bạ,2023,19.0,Kiến trúc
105954,KTD,kien-truc,A01,Điểm thi THPT,2023,20.0,Kiến trúc
105955,KTD,kien-truc,V00,Điểm thi THPT,2023,20.0,Kiến trúc
105956,KTD,kien-truc,V01,Điểm thi THPT,2023,20.0,Kiến trúc
105957,KTD,kien-truc,V02,Điểm thi THPT,2023,20.0,Kiến trúc
105958,KTD,kien-truc,A01,Điểm học bạ,2024,21.0,Kiến trúc
105959,KTD,kien-truc,V00,Điểm học bạ,2024,20.0,Kiến trúc
105960,KTD,kien-truc,V01,Điểm học bạ,2024,20.0,Kiến trúc
105961,KTD,kien-truc,V02,Điểm học bạ,2024,20.0,Kiến trúc
105962,KTD,kien-truc,A01,Điểm thi THPT,2024,21.0,Kiến trúc
105963,KTD,kien-truc,V00,Điểm thi THPT,2024,21.0,Kiến trúc
105964,KTD,kien-truc,V01,Điểm thi THPT,2024,21.0,Kiến trúc
105965,KTD,kien-truc,V02,Điểm thi THPT,2024,21.0,Kiến trúc
105966,KTD,kien-truc,A00,Điểm học bạ,2025,19.0,Kiến trúc
105967,KTD,kien-truc,V00,Điểm học bạ,2025,19.0,Kiến trúc
105968,KTD,kien-truc,V01,Điểm học bạ,2025,19.0,Kiến trúc
105969,KTD,kien-truc,V02,Điểm học bạ,2025,19.0,Kiến trúc
105970,KTD,kien-truc,V03,Điểm học bạ,2025,19.0,Kiến trúc
105971,KTD,kien-truc,V04,Điểm học bạ,2025,19.0,Kiến trúc
105972,KTD,kien-truc,X06,Điểm học bạ,2025,19.0,Kiến trúc
105973,KTD,kien-truc,X07,Điểm học bạ,2025,19.0,Kiến trúc
105974,KTD,kien-truc,X26,Điểm học bạ,2025,19.0,Kiến trúc
105975,KTD,kien-truc,X27,Điểm học bạ,2025,19.0,Kiến trúc
105976,KTD,kien-truc,A00,Điểm thi THPT,2025,16.0,Kiến trúc
105977,KTD,kien-truc,V00,Điểm thi THPT,2025,16.0,Kiến trúc
105978,KTD,kien-truc,V01,Điểm thi THPT,2025,16.0,Kiến trúc
105979,KTD,kien-truc,V02,Điểm thi THPT,2025,16.0,Kiến trúc
105980,KTD,kien-truc,V03,Điểm thi THPT,2025,16.0,Kiến trúc
105981,KTD,kien-truc,V04,Điểm thi THPT,2025,16.0,Kiến trúc
105982,KTD,kien-truc,X06,Điểm thi THPT,2025,16.0,Kiến trúc
105983,KTD,kien-truc,X07,Điểm thi THPT,2025,16.0,Kiến trúc
105984,KTD,kien-truc,X26,Điểm thi THPT,2025,16.0,Kiến trúc
105985,KTD,kien-truc,X27,Điểm thi THPT,2025,16.0,Kiến trúc
105986,KTD,ky-thuat-co-so-ha-tang,A00,Điểm học bạ,2021,6.0,Kỹ thuật cơ sở hạ tầng
105987,KTD,ky-thuat-co-so-ha-tang,A01,Điểm học bạ,2021,6.0,Kỹ thuật cơ sở hạ tầng
105988,KTD,ky-thuat-co-so-ha-tang,B00,Điểm học bạ,2021,6.0,Kỹ thuật cơ sở hạ tầng
105989,KTD,ky-thuat-co-so-ha-tang,D01,Điểm học bạ,2021,6.0,Kỹ thuật cơ sở hạ tầng
105990,KTD,ky-thuat-co-so-ha-tang,A00,Điểm thi THPT,2021,14.25,Kỹ thuật cơ sở hạ tầng
105991,KTD,ky-thuat-co-so-ha-tang,A01,Điểm thi THPT,2021,14.25,Kỹ thuật cơ sở hạ tầng
105992,KTD,ky-thuat-co-so-ha-tang,B00,Điểm thi THPT,2021,14.25,Kỹ thuật cơ sở hạ tầng
105993,KTD,ky-thuat-co-so-ha-tang,D01,Điểm thi THPT,2021,14.25,Kỹ thuật cơ sở hạ tầng
105994,KTD,ky-thuat-co-so-ha-tang,A00,Điểm thi THPT,2023,17.0,Kỹ thuật cơ sở hạ tầng
105995,KTD,ky-thuat-co-so-ha-tang,A01,Điểm thi THPT,2023,17.0,Kỹ thuật cơ sở hạ tầng
105996,KTD,ky-thuat-co-so-ha-tang,B00,Điểm thi THPT,2023,17.0,Kỹ thuật cơ sở hạ tầng
105997,KTD,ky-thuat-co-so-ha-tang,D01,Điểm thi THPT,2023,17.0,Kỹ thuật cơ sở hạ tầng
105998,KTD,ky-thuat-co-so-ha-tang,A00,Điểm học bạ,2024,19.5,Kỹ thuật cơ sở hạ tầng
105999,KTD,ky-thuat-co-so-ha-tang,A01,Điểm học bạ,2024,19.5,Kỹ thuật cơ sở hạ tầng
106000,KTD,ky-thuat-co-so-ha-tang,B00,Điểm học bạ,2024,19.5,Kỹ thuật cơ sở hạ tầng
106001,KTD,ky-thuat-co-so-ha-tang,D01,Điểm học bạ,2024,19.5,Kỹ thuật cơ sở hạ tầng
106002,KTD,ky-thuat-co-so-ha-tang,A00,Điểm thi THPT,2024,19.5,Kỹ thuật cơ sở hạ tầng
106003,KTD,ky-thuat-co-so-ha-tang,A01,Điểm thi THPT,2024,19.5,Kỹ thuật cơ sở hạ tầng
106004,KTD,ky-thuat-co-so-ha-tang,B00,Điểm thi THPT,2024,19.5,Kỹ thuật cơ sở hạ tầng
106005,KTD,ky-thuat-co-so-ha-tang,D01,Điểm thi THPT,2024,19.5,Kỹ thuật cơ sở hạ tầng
106006,KTD,ky-thuat-xay-dung,A00,Điểm học bạ,2021,18.0,Kỹ thuật xây dựng
106007,KTD,ky-thuat-xay-dung,A01,Điểm học bạ,2021,18.0,Kỹ thuật xây dựng
106008,KTD,ky-thuat-xay-dung,B00,Điểm học bạ,2021,18.0,Kỹ thuật xây dựng
106009,KTD,ky-thuat-xay-dung,D01,Điểm học bạ,2021,18.0,Kỹ thuật xây dựng
106010,KTD,ky-thuat-xay-dung,A00,Điểm thi THPT,2021,14.25,Kỹ thuật xây dựng
106011,KTD,ky-thuat-xay-dung,A01,Điểm thi THPT,2021,14.25,Kỹ thuật xây dựng
106012,KTD,ky-thuat-xay-dung,B00,Điểm thi THPT,2021,14.25,Kỹ thuật xây dựng
106013,KTD,ky-thuat-xay-dung,D01,Điểm thi THPT,2021,14.25,Kỹ thuật xây dựng
106014,KTD,ky-thuat-xay-dung,A00,Điểm học bạ,2022,18.0,Kỹ thuật xây dựng
106015,KTD,ky-thuat-xay-dung,A01,Điểm học bạ,2022,18.0,Kỹ thuật xây dựng
106016,KTD,ky-thuat-xay-dung,B00,Điểm học bạ,2022,18.0,Kỹ thuật xây dựng
106017,KTD,ky-thuat-xay-dung,D01,Điểm học bạ,2022,18.0,Kỹ thuật xây dựng
106018,KTD,ky-thuat-xay-dung,A00,Điểm thi THPT,2022,14.0,Kỹ thuật xây dựng
106019,KTD,ky-thuat-xay-dung,A01,Điểm thi THPT,2022,14.0,Kỹ thuật xây dựng
106020,KTD,ky-thuat-xay-dung,B00,Điểm thi THPT,2022,14.0,Kỹ thuật xây dựng
106021,KTD,ky-thuat-xay-dung,D01,Điểm thi THPT,2022,14.0,Kỹ thuật xây dựng
106022,KTD,ky-thuat-xay-dung,A00,Điểm học bạ,2023,19.0,Kỹ thuật xây dựng
106023,KTD,ky-thuat-xay-dung,A01,Điểm học bạ,2023,19.0,Kỹ thuật xây dựng
106024,KTD,ky-thuat-xay-dung,B00,Điểm học bạ,2023,19.0,Kỹ thuật xây dựng
106025,KTD,ky-thuat-xay-dung,D01,Điểm học bạ,2023,19.0,Kỹ thuật xây dựng
106026,KTD,ky-thuat-xay-dung,A00,Điểm thi THPT,2023,17.0,Kỹ thuật xây dựng
106027,KTD,ky-thuat-xay-dung,A01,Điểm thi THPT,2023,17.0,Kỹ thuật xây dựng
106028,KTD,ky-thuat-xay-dung,B00,Điểm thi THPT,2023,17.0,Kỹ thuật xây dựng
106029,KTD,ky-thuat-xay-dung,D01,Điểm thi THPT,2023,17.0,Kỹ thuật xây dựng
106030,KTD,ky-thuat-xay-dung,A00,Điểm học bạ,2024,19.5,Kỹ thuật xây dựng
106031,KTD,ky-thuat-xay-dung,A01,Điểm học bạ,2024,19.5,Kỹ thuật xây dựng
106032,KTD,ky-thuat-xay-dung,B00,Điểm học bạ,2024,19.5,Kỹ thuật xây dựng
106033,KTD,ky-thuat-xay-dung,D01,Điểm học bạ,2024,19.5,Kỹ thuật xây dựng
106034,KTD,ky-thuat-xay-dung,A00,Điểm thi THPT,2024,19.5,Kỹ thuật xây dựng
106035,KTD,ky-thuat-xay-dung,A01,Điểm thi THPT,2024,19.5,Kỹ thuật xây dựng
106036,KTD,ky-thuat-xay-dung,B00,Điểm thi THPT,2024,19.5,Kỹ thuật xây dựng
106037,KTD,ky-thuat-xay-dung,D01,Điểm thi THPT,2024,19.5,Kỹ thuật xây dựng
106038,KTD,ky-thuat-xay-dung,A00,Điểm học bạ,2025,19.0,Kỹ thuật xây dựng
106039,KTD,ky-thuat-xay-dung,A01,Điểm học bạ,2025,19.0,Kỹ thuật xây dựng
106040,KTD,ky-thuat-xay-dung,B00,Điểm học bạ,2025,19.0,Kỹ thuật xây dựng
106041,KTD,ky-thuat-xay-dung,D01,Điểm học bạ,2025,19.0,Kỹ thuật xây dựng
106042,KTD,ky-thuat-xay-dung,X06,Điểm học bạ,2025,19.0,Kỹ thuật xây dựng
106043,KTD,ky-thuat-xay-dung,X07,Điểm học bạ,2025,19.0,Kỹ thuật xây dựng
106044,KTD,ky-thuat-xay-dung,X26,Điểm học bạ,2025,19.0,Kỹ thuật xây dựng
106045,KTD,ky-thuat-xay-dung,X27,Điểm học bạ,2025,19.0,Kỹ thuật xây dựng
106046,KTD,ky-thuat-xay-dung,A00,Điểm thi THPT,2025,16.0,Kỹ thuật xây dựng
106047,KTD,ky-thuat-xay-dung,A01,Điểm thi THPT,2025,16.0,Kỹ thuật xây dựng
106048,KTD,ky-thuat-xay-dung,B00,Điểm thi THPT,2025,16.0,Kỹ thuật xây dựng
106049,KTD,ky-thuat-xay-dung,D01,Điểm thi THPT,2025,16.0,Kỹ thuật xây dựng
106050,KTD,ky-thuat-xay-dung,X06,Điểm thi THPT,2025,16.0,Kỹ thuật xây dựng
106051,KTD,ky-thuat-xay-dung,X07,Điểm thi THPT,2025,16.0,Kỹ thuật xây dựng
106052,KTD,ky-thuat-xay-dung,X26,Điểm thi THPT,2025,16.0,Kỹ thuật xây dựng
106053,KTD,ky-thuat-xay-dung,X27,Điểm thi THPT,2025,16.0,Kỹ thuật xây dựng
106054,KTD,ky-thuat-xay-dung-cong-trinh-giao-thong,A00,Điểm học bạ,2021,6.0,Kỹ thuật xây dựng công trình giao thông
106055,KTD,ky-thuat-xay-dung-cong-trinh-giao-thong,A01,Điểm học bạ,2021,6.0,Kỹ thuật xây dựng công trình giao thông
106056,KTD,ky-thuat-xay-dung-cong-trinh-giao-thong,B00,Điểm học bạ,2021,6.0,Kỹ thuật xây dựng công trình giao thông
106057,KTD,ky-thuat-xay-dung-cong-trinh-giao-thong,D01,Điểm học bạ,2021,6.0,Kỹ thuật xây dựng công trình giao thông
106058,KTD,ky-thuat-xay-dung-cong-trinh-giao-thong,A00,Điểm thi THPT,2021,14.25,Kỹ thuật xây dựng công trình giao thông
106059,KTD,ky-thuat-xay-dung-cong-trinh-giao-thong,A01,Điểm thi THPT,2021,14.25,Kỹ thuật xây dựng công trình giao thông
106060,KTD,ky-thuat-xay-dung-cong-trinh-giao-thong,B00,Điểm thi THPT,2021,14.25,Kỹ thuật xây dựng công trình giao thông
106061,KTD,ky-thuat-xay-dung-cong-trinh-giao-thong,D01,Điểm thi THPT,2021,14.25,Kỹ thuật xây dựng công trình giao thông
106062,KTD,ky-thuat-xay-dung-cong-trinh-giao-thong,A00,Điểm học bạ,2022,18.0,Kỹ thuật xây dựng công trình giao thông
106063,KTD,ky-thuat-xay-dung-cong-trinh-giao-thong,A01,Điểm học bạ,2022,18.0,Kỹ thuật xây dựng công trình giao thông
106064,KTD,ky-thuat-xay-dung-cong-trinh-giao-thong,B00,Điểm học bạ,2022,18.0,Kỹ thuật xây dựng công trình giao thông
106065,KTD,ky-thuat-xay-dung-cong-trinh-giao-thong,D01,Điểm học bạ,2022,18.0,Kỹ thuật xây dựng công trình giao thông
106066,KTD,ky-thuat-xay-dung-cong-trinh-giao-thong,A00,Điểm thi THPT,2022,14.0,Kỹ thuật xây dựng công trình giao thông
106067,KTD,ky-thuat-xay-dung-cong-trinh-giao-thong,A01,Điểm thi THPT,2022,14.0,Kỹ thuật xây dựng công trình giao thông
106068,KTD,ky-thuat-xay-dung-cong-trinh-giao-thong,B00,Điểm thi THPT,2022,14.0,Kỹ thuật xây dựng công trình giao thông
106069,KTD,ky-thuat-xay-dung-cong-trinh-giao-thong,D01,Điểm thi THPT,2022,14.0,Kỹ thuật xây dựng công trình giao thông
106070,KTD,ky-thuat-xay-dung-cong-trinh-giao-thong,A00,Điểm học bạ,2023,19.0,Kỹ thuật xây dựng công trình giao thông
106071,KTD,ky-thuat-xay-dung-cong-trinh-giao-thong,A01,Điểm học bạ,2023,19.0,Kỹ thuật xây dựng công trình giao thông
106072,KTD,ky-thuat-xay-dung-cong-trinh-giao-thong,B00,Điểm học bạ,2023,19.0,Kỹ thuật xây dựng công trình giao thông
106073,KTD,ky-thuat-xay-dung-cong-trinh-giao-thong,D01,Điểm học bạ,2023,19.0,Kỹ thuật xây dựng công trình giao thông
106074,KTD,ky-thuat-xay-dung-cong-trinh-giao-thong,A00,Điểm thi THPT,2023,17.0,Kỹ thuật xây dựng công trình giao thông
106075,KTD,ky-thuat-xay-dung-cong-trinh-giao-thong,A01,Điểm thi THPT,2023,17.0,Kỹ thuật xây dựng công trình giao thông
106076,KTD,ky-thuat-xay-dung-cong-trinh-giao-thong,B00,Điểm thi THPT,2023,17.0,Kỹ thuật xây dựng công trình giao thông
106077,KTD,ky-thuat-xay-dung-cong-trinh-giao-thong,D01,Điểm thi THPT,2023,17.0,Kỹ thuật xây dựng công trình giao thông
106078,KTD,ky-thuat-xay-dung-cong-trinh-giao-thong,A00,Điểm học bạ,2024,19.5,Kỹ thuật xây dựng công trình giao thông
106079,KTD,ky-thuat-xay-dung-cong-trinh-giao-thong,A01,Điểm học bạ,2024,19.5,Kỹ thuật xây dựng công trình giao thông
106080,KTD,ky-thuat-xay-dung-cong-trinh-giao-thong,B00,Điểm học bạ,2024,19.5,Kỹ thuật xây dựng công trình giao thông
106081,KTD,ky-thuat-xay-dung-cong-trinh-giao-thong,D01,Điểm học bạ,2024,19.5,Kỹ thuật xây dựng công trình giao thông
106082,KTD,ky-thuat-xay-dung-cong-trinh-giao-thong,A00,Điểm thi THPT,2024,19.5,Kỹ thuật xây dựng công trình giao thông
106083,KTD,ky-thuat-xay-dung-cong-trinh-giao-thong,A01,Điểm thi THPT,2024,19.5,Kỹ thuật xây dựng công trình giao thông
106084,KTD,ky-thuat-xay-dung-cong-trinh-giao-thong,B00,Điểm thi THPT,2024,19.5,Kỹ thuật xây dựng công trình giao thông
106085,KTD,ky-thuat-xay-dung-cong-trinh-giao-thong,D01,Điểm thi THPT,2024,19.5,Kỹ thuật xây dựng công trình giao thông
106086,KTD,ky-thuat-xay-dung-cong-trinh-giao-thong,A00,Điểm học bạ,2025,19.0,Kỹ thuật xây dựng công trình giao thông
106087,KTD,ky-thuat-xay-dung-cong-trinh-giao-thong,A01,Điểm học bạ,2025,19.0,Kỹ thuật xây dựng công trình giao thông
106088,KTD,ky-thuat-xay-dung-cong-trinh-giao-thong,B00,Điểm học bạ,2025,19.0,Kỹ thuật xây dựng công trình giao thông
106089,KTD,ky-thuat-xay-dung-cong-trinh-giao-thong,D01,Điểm học bạ,2025,19.0,Kỹ thuật xây dựng công trình giao thông
106090,KTD,ky-thuat-xay-dung-cong-trinh-giao-thong,X06,Điểm học bạ,2025,19.0,Kỹ thuật xây dựng công trình giao thông
106091,KTD,ky-thuat-xay-dung-cong-trinh-giao-thong,X07,Điểm học bạ,2025,19.0,Kỹ thuật xây dựng công trình giao thông
106092,KTD,ky-thuat-xay-dung-cong-trinh-giao-thong,X26,Điểm học bạ,2025,19.0,Kỹ thuật xây dựng công trình giao thông
106093,KTD,ky-thuat-xay-dung-cong-trinh-giao-thong,X27,Điểm học bạ,2025,19.0,Kỹ thuật xây dựng công trình giao thông
106094,KTD,ky-thuat-xay-dung-cong-trinh-giao-thong,A00,Điểm thi THPT,2025,16.0,Kỹ thuật xây dựng công trình giao thông
106095,KTD,ky-thuat-xay-dung-cong-trinh-giao-thong,A01,Điểm thi THPT,2025,16.0,Kỹ thuật xây dựng công trình giao thông
106096,KTD,ky-thuat-xay-dung-cong-trinh-giao-thong,B00,Điểm thi THPT,2025,16.0,Kỹ thuật xây dựng công trình giao thông
106097,KTD,ky-thuat-xay-dung-cong-trinh-giao-thong,D01,Điểm thi THPT,2025,16.0,Kỹ thuật xây dựng công trình giao thông
106098,KTD,ky-thuat-xay-dung-cong-trinh-giao-thong,X06,Điểm thi THPT,2025,16.0,Kỹ thuật xây dựng công trình giao thông
106099,KTD,ky-thuat-xay-dung-cong-trinh-giao-thong,X07,Điểm thi THPT,2025,16.0,Kỹ thuật xây dựng công trình giao thông
106100,KTD,ky-thuat-xay-dung-cong-trinh-giao-thong,X26,Điểm thi THPT,2025,16.0,Kỹ thuật xây dựng công trình giao thông
106101,KTD,ky-thuat-xay-dung-cong-trinh-giao-thong,X27,Điểm thi THPT,2025,16.0,Kỹ thuật xây dựng công trình giao thông
106102,KTD,logistic-va-quan-ly-chuoi-cung-ung,A00,Điểm học bạ,2021,18.0,Logistic và quản lý chuỗi cung ứng
106103,KTD,logistic-va-quan-ly-chuoi-cung-ung,A01,Điểm học bạ,2021,18.0,Logistic và quản lý chuỗi cung ứng
106104,KTD,logistic-va-quan-ly-chuoi-cung-ung,B00,Điểm học bạ,2021,18.0,Logistic và quản lý chuỗi cung ứng
106105,KTD,logistic-va-quan-ly-chuoi-cung-ung,D01,Điểm học bạ,2021,18.0,Logistic và quản lý chuỗi cung ứng
106106,KTD,logistic-va-quan-ly-chuoi-cung-ung,A00,Điểm thi THPT,2021,14.2,Logistic và quản lý chuỗi cung ứng
106107,KTD,logistic-va-quan-ly-chuoi-cung-ung,A01,Điểm thi THPT,2021,14.2,Logistic và quản lý chuỗi cung ứng
106108,KTD,logistic-va-quan-ly-chuoi-cung-ung,B00,Điểm thi THPT,2021,14.2,Logistic và quản lý chuỗi cung ứng
106109,KTD,logistic-va-quan-ly-chuoi-cung-ung,D01,Điểm thi THPT,2021,14.2,Logistic và quản lý chuỗi cung ứng
106110,KTD,logistic-va-quan-ly-chuoi-cung-ung,A00,Điểm học bạ,2024,19.5,Logistic và quản lý chuỗi cung ứng
106111,KTD,logistic-va-quan-ly-chuoi-cung-ung,A01,Điểm học bạ,2024,19.5,Logistic và quản lý chuỗi cung ứng
106112,KTD,logistic-va-quan-ly-chuoi-cung-ung,B00,Điểm học bạ,2024,19.5,Logistic và quản lý chuỗi cung ứng
106113,KTD,logistic-va-quan-ly-chuoi-cung-ung,D01,Điểm học bạ,2024,19.5,Logistic và quản lý chuỗi cung ứng
106114,KTD,logistic-va-quan-ly-chuoi-cung-ung,A00,Điểm thi THPT,2024,19.5,Logistic và quản lý chuỗi cung ứng
106115,KTD,logistic-va-quan-ly-chuoi-cung-ung,A01,Điểm thi THPT,2024,19.5,Logistic và quản lý chuỗi cung ứng
106116,KTD,logistic-va-quan-ly-chuoi-cung-ung,B00,Điểm thi THPT,2024,19.5,Logistic và quản lý chuỗi cung ứng
106117,KTD,logistic-va-quan-ly-chuoi-cung-ung,D01,Điểm thi THPT,2024,19.5,Logistic và quản lý chuỗi cung ứng
106118,KTD,logistics-va-quan-ly-chuoi-cung-ung,A00,Điểm học bạ,2022,18.0,Logistics và quản lý chuỗi cung ứng
106119,KTD,logistics-va-quan-ly-chuoi-cung-ung,A01,Điểm học bạ,2022,18.0,Logistics và quản lý chuỗi cung ứng
106120,KTD,logistics-va-quan-ly-chuoi-cung-ung,B00,Điểm học bạ,2022,18.0,Logistics và quản lý chuỗi cung ứng
106121,KTD,logistics-va-quan-ly-chuoi-cung-ung,D01,Điểm học bạ,2022,18.0,Logistics và quản lý chuỗi cung ứng
106122,KTD,logistics-va-quan-ly-chuoi-cung-ung,A00,Điểm thi THPT,2022,14.0,Logistics và quản lý chuỗi cung ứng
106123,KTD,logistics-va-quan-ly-chuoi-cung-ung,A01,Điểm thi THPT,2022,14.0,Logistics và quản lý chuỗi cung ứng
106124,KTD,logistics-va-quan-ly-chuoi-cung-ung,B00,Điểm thi THPT,2022,14.0,Logistics và quản lý chuỗi cung ứng
106125,KTD,logistics-va-quan-ly-chuoi-cung-ung,D01,Điểm thi THPT,2022,14.0,Logistics và quản lý chuỗi cung ứng
106126,KTD,logistics-va-quan-ly-chuoi-cung-ung,A00,Điểm học bạ,2023,19.0,Logistics và quản lý chuỗi cung ứng
106127,KTD,logistics-va-quan-ly-chuoi-cung-ung,A01,Điểm học bạ,2023,19.0,Logistics và quản lý chuỗi cung ứng
106128,KTD,logistics-va-quan-ly-chuoi-cung-ung,B00,Điểm học bạ,2023,19.0,Logistics và quản lý chuỗi cung ứng
106129,KTD,logistics-va-quan-ly-chuoi-cung-ung,D01,Điểm học bạ,2023,19.0,Logistics và quản lý chuỗi cung ứng
106130,KTD,logistics-va-quan-ly-chuoi-cung-ung,A00,Điểm thi THPT,2023,17.0,Logistics và quản lý chuỗi cung ứng
106131,KTD,logistics-va-quan-ly-chuoi-cung-ung,A01,Điểm thi THPT,2023,17.0,Logistics và quản lý chuỗi cung ứng
106132,KTD,logistics-va-quan-ly-chuoi-cung-ung,B00,Điểm thi THPT,2023,17.0,Logistics và quản lý chuỗi cung ứng
106133,KTD,logistics-va-quan-ly-chuoi-cung-ung,D01,Điểm thi THPT,2023,17.0,Logistics và quản lý chuỗi cung ứng
106134,KTD,logistics-va-quan-ly-chuoi-cung-ung,A00,Điểm học bạ,2025,19.0,Logistics và quản lý chuỗi cung ứng
106135,KTD,logistics-va-quan-ly-chuoi-cung-ung,A01,Điểm học bạ,2025,19.0,Logistics và quản lý chuỗi cung ứng
106136,KTD,logistics-va-quan-ly-chuoi-cung-ung,B00,Điểm học bạ,2025,19.0,Logistics và quản lý chuỗi cung ứng
106137,KTD,logistics-va-quan-ly-chuoi-cung-ung,D01,Điểm học bạ,2025,19.0,Logistics và quản lý chuỗi cung ứng
106138,KTD,logistics-va-quan-ly-chuoi-cung-ung,X06,Điểm học bạ,2025,19.0,Logistics và quản lý chuỗi cung ứng
106139,KTD,logistics-va-quan-ly-chuoi-cung-ung,X07,Điểm học bạ,2025,19.0,Logistics và quản lý chuỗi cung ứng
106140,KTD,logistics-va-quan-ly-chuoi-cung-ung,X26,Điểm học bạ,2025,19.0,Logistics và quản lý chuỗi cung ứng
106141,KTD,logistics-va-quan-ly-chuoi-cung-ung,X27,Điểm học bạ,2025,19.0,Logistics và quản lý chuỗi cung ứng
106142,KTD,logistics-va-quan-ly-chuoi-cung-ung,A00,Điểm thi THPT,2025,16.0,Logistics và quản lý chuỗi cung ứng
106143,KTD,logistics-va-quan-ly-chuoi-cung-ung,A01,Điểm thi THPT,2025,16.0,Logistics và quản lý chuỗi cung ứng
106144,KTD,logistics-va-quan-ly-chuoi-cung-ung,B00,Điểm thi THPT,2025,16.0,Logistics và quản lý chuỗi cung ứng
106145,KTD,logistics-va-quan-ly-chuoi-cung-ung,D01,Điểm thi THPT,2025,16.0,Logistics và quản lý chuỗi cung ứng
106146,KTD,logistics-va-quan-ly-chuoi-cung-ung,X06,Điểm thi THPT,2025,16.0,Logistics và quản lý chuỗi cung ứng
106147,KTD,logistics-va-quan-ly-chuoi-cung-ung,X07,Điểm thi THPT,2025,16.0,Logistics và quản lý chuỗi cung ứng
106148,KTD,logistics-va-quan-ly-chuoi-cung-ung,X26,Điểm thi THPT,2025,16.0,Logistics và quản lý chuỗi cung ứng
106149,KTD,logistics-va-quan-ly-chuoi-cung-ung,X27,Điểm thi THPT,2025,16.0,Logistics và quản lý chuỗi cung ứng
106150,KTD,ngon-ngu-anh,A01,Điểm học bạ,2021,6.0,Ngôn ngữ Anh
106151,KTD,ngon-ngu-anh,D01,Điểm học bạ,2021,6.0,Ngôn ngữ Anh
106152,KTD,ngon-ngu-anh,D14,Điểm học bạ,2021,6.0,Ngôn ngữ Anh
106153,KTD,ngon-ngu-anh,D15,Điểm học bạ,2021,6.0,Ngôn ngữ Anh
106154,KTD,ngon-ngu-anh,A01,Điểm thi THPT,2021,14.5,Ngôn ngữ Anh
106155,KTD,ngon-ngu-anh,D01,Điểm thi THPT,2021,14.5,Ngôn ngữ Anh
106156,KTD,ngon-ngu-anh,D14,Điểm thi THPT,2021,14.5,Ngôn ngữ Anh
106157,KTD,ngon-ngu-anh,D15,Điểm thi THPT,2021,14.5,Ngôn ngữ Anh
106158,KTD,ngon-ngu-anh,A01,Điểm học bạ,2022,18.0,Ngôn ngữ Anh
106159,KTD,ngon-ngu-anh,D01,Điểm học bạ,2022,18.0,Ngôn ngữ Anh
106160,KTD,ngon-ngu-anh,D14,Điểm học bạ,2022,18.0,Ngôn ngữ Anh
106161,KTD,ngon-ngu-anh,D15,Điểm học bạ,2022,18.0,Ngôn ngữ Anh
106162,KTD,ngon-ngu-anh,A01,Điểm thi THPT,2022,14.0,Ngôn ngữ Anh
106163,KTD,ngon-ngu-anh,D01,Điểm thi THPT,2022,14.0,Ngôn ngữ Anh
106164,KTD,ngon-ngu-anh,D14,Điểm thi THPT,2022,14.0,Ngôn ngữ Anh
106165,KTD,ngon-ngu-anh,D15,Điểm thi THPT,2022,14.0,Ngôn ngữ Anh
106166,KTD,ngon-ngu-anh,A01,Điểm học bạ,2023,19.0,Ngôn ngữ Anh
106167,KTD,ngon-ngu-anh,D01,Điểm học bạ,2023,19.0,Ngôn ngữ Anh
106168,KTD,ngon-ngu-anh,D14,Điểm học bạ,2023,19.0,Ngôn ngữ Anh
106169,KTD,ngon-ngu-anh,D15,Điểm học bạ,2023,19.0,Ngôn ngữ Anh
106170,KTD,ngon-ngu-anh,A01,Điểm thi THPT,2023,17.0,Ngôn ngữ Anh
106171,KTD,ngon-ngu-anh,D01,Điểm thi THPT,2023,17.0,Ngôn ngữ Anh
106172,KTD,ngon-ngu-anh,D14,Điểm thi THPT,2023,17.0,Ngôn ngữ Anh
106173,KTD,ngon-ngu-anh,D15,Điểm thi THPT,2023,17.0,Ngôn ngữ Anh
106174,KTD,ngon-ngu-anh,A01,Điểm học bạ,2024,19.5,Ngôn ngữ Anh
106175,KTD,ngon-ngu-anh,D01,Điểm học bạ,2024,19.5,Ngôn ngữ Anh
106176,KTD,ngon-ngu-anh,D14,Điểm học bạ,2024,19.5,Ngôn ngữ Anh
106177,KTD,ngon-ngu-anh,D15,Điểm học bạ,2024,19.5,Ngôn ngữ Anh
106178,KTD,ngon-ngu-anh,A01,Điểm thi THPT,2024,19.5,Ngôn ngữ Anh
106179,KTD,ngon-ngu-anh,D01,Điểm thi THPT,2024,19.5,Ngôn ngữ Anh
106180,KTD,ngon-ngu-anh,D14,Điểm thi THPT,2024,19.5,Ngôn ngữ Anh
106181,KTD,ngon-ngu-anh,D15,Điểm thi THPT,2024,19.5,Ngôn ngữ Anh
106182,KTD,ngon-ngu-anh,A01,Điểm học bạ,2025,19.0,Ngôn ngữ Anh
106183,KTD,ngon-ngu-anh,D01,Điểm học bạ,2025,19.0,Ngôn ngữ Anh
106184,KTD,ngon-ngu-anh,D14,Điểm học bạ,2025,19.0,Ngôn ngữ Anh
106185,KTD,ngon-ngu-anh,D15,Điểm học bạ,2025,19.0,Ngôn ngữ Anh
106186,KTD,ngon-ngu-anh,X06,Điểm học bạ,2025,19.0,Ngôn ngữ Anh
106187,KTD,ngon-ngu-anh,X07,Điểm học bạ,2025,19.0,Ngôn ngữ Anh
106188,KTD,ngon-ngu-anh,X26,Điểm học bạ,2025,19.0,Ngôn ngữ Anh
106189,KTD,ngon-ngu-anh,X27,Điểm học bạ,2025,19.0,Ngôn ngữ Anh
106190,KTD,ngon-ngu-anh,A01,Điểm thi THPT,2025,16.0,Ngôn ngữ Anh
106191,KTD,ngon-ngu-anh,D01,Điểm thi THPT,2025,16.0,Ngôn ngữ Anh
106192,KTD,ngon-ngu-anh,D14,Điểm thi THPT,2025,16.0,Ngôn ngữ Anh
106193,KTD,ngon-ngu-anh,D15,Điểm thi THPT,2025,16.0,Ngôn ngữ Anh
106194,KTD,ngon-ngu-anh,X06,Điểm thi THPT,2025,16.0,Ngôn ngữ Anh
106195,KTD,ngon-ngu-anh,X07,Điểm thi THPT,2025,16.0,Ngôn ngữ Anh
106196,KTD,ngon-ngu-anh,X26,Điểm thi THPT,2025,16.0,Ngôn ngữ Anh
106197,KTD,ngon-ngu-anh,X27,Điểm thi THPT,2025,16.0,Ngôn ngữ Anh
106198,KTD,ngon-ngu-trung-quoc,A01,Điểm học bạ,2021,6.5,Ngôn ngữ Trung Quốc
106199,KTD,ngon-ngu-trung-quoc,D01,Điểm học bạ,2021,6.5,Ngôn ngữ Trung Quốc
106200,KTD,ngon-ngu-trung-quoc,D14,Điểm học bạ,2021,6.5,Ngôn ngữ Trung Quốc
106201,KTD,ngon-ngu-trung-quoc,D15,Điểm học bạ,2021,6.5,Ngôn ngữ Trung Quốc
106202,KTD,ngon-ngu-trung-quoc,A01,Điểm thi THPT,2021,15.0,Ngôn ngữ Trung Quốc
106203,KTD,ngon-ngu-trung-quoc,D01,Điểm thi THPT,2021,15.0,Ngôn ngữ Trung Quốc
106204,KTD,ngon-ngu-trung-quoc,D14,Điểm thi THPT,2021,15.0,Ngôn ngữ Trung Quốc
106205,KTD,ngon-ngu-trung-quoc,D15,Điểm thi THPT,2021,15.0,Ngôn ngữ Trung Quốc
106206,KTD,ngon-ngu-trung-quoc,A01,Điểm học bạ,2022,19.5,Ngôn ngữ Trung Quốc
106207,KTD,ngon-ngu-trung-quoc,D01,Điểm học bạ,2022,19.5,Ngôn ngữ Trung Quốc
106208,KTD,ngon-ngu-trung-quoc,D14,Điểm học bạ,2022,19.5,Ngôn ngữ Trung Quốc
106209,KTD,ngon-ngu-trung-quoc,D15,Điểm học bạ,2022,19.5,Ngôn ngữ Trung Quốc
106210,KTD,ngon-ngu-trung-quoc,A01,Điểm thi THPT,2022,14.0,Ngôn ngữ Trung Quốc
106211,KTD,ngon-ngu-trung-quoc,D01,Điểm thi THPT,2022,14.0,Ngôn ngữ Trung Quốc
106212,KTD,ngon-ngu-trung-quoc,D14,Điểm thi THPT,2022,14.0,Ngôn ngữ Trung Quốc
106213,KTD,ngon-ngu-trung-quoc,D15,Điểm thi THPT,2022,14.0,Ngôn ngữ Trung Quốc
106214,KTD,ngon-ngu-trung-quoc,A01,Điểm học bạ,2023,19.5,Ngôn ngữ Trung Quốc
106215,KTD,ngon-ngu-trung-quoc,D01,Điểm học bạ,2023,19.5,Ngôn ngữ Trung Quốc
106216,KTD,ngon-ngu-trung-quoc,D14,Điểm học bạ,2023,19.5,Ngôn ngữ Trung Quốc
106217,KTD,ngon-ngu-trung-quoc,D15,Điểm học bạ,2023,19.5,Ngôn ngữ Trung Quốc
106218,KTD,ngon-ngu-trung-quoc,A01,Điểm thi THPT,2023,21.0,Ngôn ngữ Trung Quốc
106219,KTD,ngon-ngu-trung-quoc,D01,Điểm thi THPT,2023,21.0,Ngôn ngữ Trung Quốc
106220,KTD,ngon-ngu-trung-quoc,D14,Điểm thi THPT,2023,21.0,Ngôn ngữ Trung Quốc
106221,KTD,ngon-ngu-trung-quoc,D15,Điểm thi THPT,2023,21.0,Ngôn ngữ Trung Quốc
106222,KTD,ngon-ngu-trung-quoc,A01,Điểm học bạ,2024,20.0,Ngôn ngữ Trung Quốc
106223,KTD,ngon-ngu-trung-quoc,D01,Điểm học bạ,2024,20.0,Ngôn ngữ Trung Quốc
106224,KTD,ngon-ngu-trung-quoc,D14,Điểm học bạ,2024,20.0,Ngôn ngữ Trung Quốc
106225,KTD,ngon-ngu-trung-quoc,D15,Điểm học bạ,2024,20.0,Ngôn ngữ Trung Quốc
106226,KTD,ngon-ngu-trung-quoc,A01,Điểm thi THPT,2024,24.0,Ngôn ngữ Trung Quốc
106227,KTD,ngon-ngu-trung-quoc,D01,Điểm thi THPT,2024,24.0,Ngôn ngữ Trung Quốc
106228,KTD,ngon-ngu-trung-quoc,D14,Điểm thi THPT,2024,24.0,Ngôn ngữ Trung Quốc
106229,KTD,ngon-ngu-trung-quoc,D15,Điểm thi THPT,2024,24.0,Ngôn ngữ Trung Quốc
106230,KTD,ngon-ngu-trung-quoc,A01,Điểm học bạ,2025,19.0,Ngôn ngữ Trung Quốc
106231,KTD,ngon-ngu-trung-quoc,D01,Điểm học bạ,2025,19.0,Ngôn ngữ Trung Quốc
106232,KTD,ngon-ngu-trung-quoc,D14,Điểm học bạ,2025,19.0,Ngôn ngữ Trung Quốc
106233,KTD,ngon-ngu-trung-quoc,D15,Điểm học bạ,2025,19.0,Ngôn ngữ Trung Quốc
106234,KTD,ngon-ngu-trung-quoc,X06,Điểm học bạ,2025,19.0,Ngôn ngữ Trung Quốc
106235,KTD,ngon-ngu-trung-quoc,X07,Điểm học bạ,2025,19.0,Ngôn ngữ Trung Quốc
106236,KTD,ngon-ngu-trung-quoc,X26,Điểm học bạ,2025,19.0,Ngôn ngữ Trung Quốc
106237,KTD,ngon-ngu-trung-quoc,X27,Điểm học bạ,2025,19.0,Ngôn ngữ Trung Quốc
106238,KTD,ngon-ngu-trung-quoc,A01,Điểm thi THPT,2025,16.0,Ngôn ngữ Trung Quốc
106239,KTD,ngon-ngu-trung-quoc,D01,Điểm thi THPT,2025,16.0,Ngôn ngữ Trung Quốc
106240,KTD,ngon-ngu-trung-quoc,D14,Điểm thi THPT,2025,16.0,Ngôn ngữ Trung Quốc
106241,KTD,ngon-ngu-trung-quoc,D15,Điểm thi THPT,2025,16.0,Ngôn ngữ Trung Quốc
106242,KTD,ngon-ngu-trung-quoc,X06,Điểm thi THPT,2025,16.0,Ngôn ngữ Trung Quốc
106243,KTD,ngon-ngu-trung-quoc,X07,Điểm thi THPT,2025,16.0,Ngôn ngữ Trung Quốc
106244,KTD,ngon-ngu-trung-quoc,X26,Điểm thi THPT,2025,16.0,Ngôn ngữ Trung Quốc
106245,KTD,ngon-ngu-trung-quoc,X27,Điểm thi THPT,2025,16.0,Ngôn ngữ Trung Quốc
106246,KTD,quan-ly-xay-dung,A00,Điểm học bạ,2021,6.0,Quản lý xây dựng
106247,KTD,quan-ly-xay-dung,A01,Điểm học bạ,2021,6.0,Quản lý xây dựng
106248,KTD,quan-ly-xay-dung,B00,Điểm học bạ,2021,6.0,Quản lý xây dựng
106249,KTD,quan-ly-xay-dung,D01,Điểm học bạ,2021,6.0,Quản lý xây dựng
106250,KTD,quan-ly-xay-dung,A00,Điểm thi THPT,2021,14.25,Quản lý xây dựng
106251,KTD,quan-ly-xay-dung,A01,Điểm thi THPT,2021,14.25,Quản lý xây dựng
106252,KTD,quan-ly-xay-dung,B00,Điểm thi THPT,2021,14.25,Quản lý xây dựng
106253,KTD,quan-ly-xay-dung,D01,Điểm thi THPT,2021,14.25,Quản lý xây dựng
106254,KTD,quan-ly-xay-dung,A00,Điểm học bạ,2022,18.0,Quản lý xây dựng
106255,KTD,quan-ly-xay-dung,A01,Điểm học bạ,2022,18.0,Quản lý xây dựng
106256,KTD,quan-ly-xay-dung,B00,Điểm học bạ,2022,18.0,Quản lý xây dựng
106257,KTD,quan-ly-xay-dung,D01,Điểm học bạ,2022,18.0,Quản lý xây dựng
106258,KTD,quan-ly-xay-dung,A00,Điểm thi THPT,2022,14.0,Quản lý xây dựng
106259,KTD,quan-ly-xay-dung,A01,Điểm thi THPT,2022,14.0,Quản lý xây dựng
106260,KTD,quan-ly-xay-dung,B00,Điểm thi THPT,2022,14.0,Quản lý xây dựng
106261,KTD,quan-ly-xay-dung,D01,Điểm thi THPT,2022,14.0,Quản lý xây dựng
106262,KTD,quan-ly-xay-dung,A00,Điểm học bạ,2023,19.0,Quản lý xây dựng
106263,KTD,quan-ly-xay-dung,A01,Điểm học bạ,2023,19.0,Quản lý xây dựng
106264,KTD,quan-ly-xay-dung,B00,Điểm học bạ,2023,19.0,Quản lý xây dựng
106265,KTD,quan-ly-xay-dung,D01,Điểm học bạ,2023,19.0,Quản lý xây dựng
106266,KTD,quan-ly-xay-dung,A00,Điểm thi THPT,2023,17.0,Quản lý xây dựng
106267,KTD,quan-ly-xay-dung,A01,Điểm thi THPT,2023,17.0,Quản lý xây dựng
106268,KTD,quan-ly-xay-dung,B00,Điểm thi THPT,2023,17.0,Quản lý xây dựng
106269,KTD,quan-ly-xay-dung,D01,Điểm thi THPT,2023,17.0,Quản lý xây dựng
106270,KTD,quan-ly-xay-dung,A00,Điểm học bạ,2024,19.5,Quản lý xây dựng
106271,KTD,quan-ly-xay-dung,A01,Điểm học bạ,2024,19.5,Quản lý xây dựng
106272,KTD,quan-ly-xay-dung,B00,Điểm học bạ,2024,19.5,Quản lý xây dựng
106273,KTD,quan-ly-xay-dung,D01,Điểm học bạ,2024,19.5,Quản lý xây dựng
106274,KTD,quan-ly-xay-dung,A00,Điểm thi THPT,2024,19.5,Quản lý xây dựng
106275,KTD,quan-ly-xay-dung,A01,Điểm thi THPT,2024,19.5,Quản lý xây dựng
106276,KTD,quan-ly-xay-dung,B00,Điểm thi THPT,2024,19.5,Quản lý xây dựng
106277,KTD,quan-ly-xay-dung,D01,Điểm thi THPT,2024,19.5,Quản lý xây dựng
106278,KTD,quan-ly-xay-dung,A00,Điểm học bạ,2025,19.0,Quản lý xây dựng
106279,KTD,quan-ly-xay-dung,A01,Điểm học bạ,2025,19.0,Quản lý xây dựng
106280,KTD,quan-ly-xay-dung,B00,Điểm học bạ,2025,19.0,Quản lý xây dựng
106281,KTD,quan-ly-xay-dung,D01,Điểm học bạ,2025,19.0,Quản lý xây dựng
106282,KTD,quan-ly-xay-dung,X06,Điểm học bạ,2025,19.0,Quản lý xây dựng
106283,KTD,quan-ly-xay-dung,X07,Điểm học bạ,2025,19.0,Quản lý xây dựng
106284,KTD,quan-ly-xay-dung,X26,Điểm học bạ,2025,19.0,Quản lý xây dựng
106285,KTD,quan-ly-xay-dung,X27,Điểm học bạ,2025,19.0,Quản lý xây dựng
106286,KTD,quan-ly-xay-dung,A00,Điểm thi THPT,2025,16.0,Quản lý xây dựng
106287,KTD,quan-ly-xay-dung,A01,Điểm thi THPT,2025,16.0,Quản lý xây dựng
106288,KTD,quan-ly-xay-dung,B00,Điểm thi THPT,2025,16.0,Quản lý xây dựng
106289,KTD,quan-ly-xay-dung,D01,Điểm thi THPT,2025,16.0,Quản lý xây dựng
106290,KTD,quan-ly-xay-dung,X06,Điểm thi THPT,2025,16.0,Quản lý xây dựng
106291,KTD,quan-ly-xay-dung,X07,Điểm thi THPT,2025,16.0,Quản lý xây dựng
106292,KTD,quan-ly-xay-dung,X26,Điểm thi THPT,2025,16.0,Quản lý xây dựng
106293,KTD,quan-ly-xay-dung,X27,Điểm thi THPT,2025,16.0,Quản lý xây dựng
106294,KTD,quan-tri-dich-vu-du-lich-va-lu-hanh,A00,Điểm học bạ,2021,6.0,Quản trị dịch vụ du lịch và lữ hành
106295,KTD,quan-tri-dich-vu-du-lich-va-lu-hanh,A01,Điểm học bạ,2021,6.0,Quản trị dịch vụ du lịch và lữ hành
106296,KTD,quan-tri-dich-vu-du-lich-va-lu-hanh,B00,Điểm học bạ,2021,6.0,Quản trị dịch vụ du lịch và lữ hành
106297,KTD,quan-tri-dich-vu-du-lich-va-lu-hanh,D01,Điểm học bạ,2021,6.0,Quản trị dịch vụ du lịch và lữ hành
106298,KTD,quan-tri-dich-vu-du-lich-va-lu-hanh,A00,Điểm thi THPT,2021,14.2,Quản trị dịch vụ du lịch và lữ hành
106299,KTD,quan-tri-dich-vu-du-lich-va-lu-hanh,A01,Điểm thi THPT,2021,14.2,Quản trị dịch vụ du lịch và lữ hành
106300,KTD,quan-tri-dich-vu-du-lich-va-lu-hanh,B00,Điểm thi THPT,2021,14.2,Quản trị dịch vụ du lịch và lữ hành
106301,KTD,quan-tri-dich-vu-du-lich-va-lu-hanh,D01,Điểm thi THPT,2021,14.2,Quản trị dịch vụ du lịch và lữ hành
106302,KTD,quan-tri-dich-vu-du-lich-va-lu-hanh,A00,Điểm học bạ,2022,18.0,Quản trị dịch vụ du lịch và lữ hành
106303,KTD,quan-tri-dich-vu-du-lich-va-lu-hanh,A01,Điểm học bạ,2022,18.0,Quản trị dịch vụ du lịch và lữ hành
106304,KTD,quan-tri-dich-vu-du-lich-va-lu-hanh,B00,Điểm học bạ,2022,18.0,Quản trị dịch vụ du lịch và lữ hành
106305,KTD,quan-tri-dich-vu-du-lich-va-lu-hanh,D01,Điểm học bạ,2022,18.0,Quản trị dịch vụ du lịch và lữ hành
106306,KTD,quan-tri-dich-vu-du-lich-va-lu-hanh,A00,Điểm thi THPT,2022,14.0,Quản trị dịch vụ du lịch và lữ hành
106307,KTD,quan-tri-dich-vu-du-lich-va-lu-hanh,A01,Điểm thi THPT,2022,14.0,Quản trị dịch vụ du lịch và lữ hành
106308,KTD,quan-tri-dich-vu-du-lich-va-lu-hanh,B00,Điểm thi THPT,2022,14.0,Quản trị dịch vụ du lịch và lữ hành
106309,KTD,quan-tri-dich-vu-du-lich-va-lu-hanh,D01,Điểm thi THPT,2022,14.0,Quản trị dịch vụ du lịch và lữ hành
106310,KTD,quan-tri-dich-vu-du-lich-va-lu-hanh,A00,Điểm học bạ,2023,19.0,Quản trị dịch vụ du lịch và lữ hành
106311,KTD,quan-tri-dich-vu-du-lich-va-lu-hanh,A01,Điểm học bạ,2023,19.0,Quản trị dịch vụ du lịch và lữ hành
106312,KTD,quan-tri-dich-vu-du-lich-va-lu-hanh,B00,Điểm học bạ,2023,19.0,Quản trị dịch vụ du lịch và lữ hành
106313,KTD,quan-tri-dich-vu-du-lich-va-lu-hanh,D01,Điểm học bạ,2023,19.0,Quản trị dịch vụ du lịch và lữ hành
106314,KTD,quan-tri-dich-vu-du-lich-va-lu-hanh,A00,Điểm thi THPT,2023,17.0,Quản trị dịch vụ du lịch và lữ hành
106315,KTD,quan-tri-dich-vu-du-lich-va-lu-hanh,A01,Điểm thi THPT,2023,17.0,Quản trị dịch vụ du lịch và lữ hành
106316,KTD,quan-tri-dich-vu-du-lich-va-lu-hanh,B00,Điểm thi THPT,2023,17.0,Quản trị dịch vụ du lịch và lữ hành
106317,KTD,quan-tri-dich-vu-du-lich-va-lu-hanh,D01,Điểm thi THPT,2023,17.0,Quản trị dịch vụ du lịch và lữ hành
106318,KTD,quan-tri-dich-vu-du-lich-va-lu-hanh,A00,Điểm học bạ,2024,19.5,Quản trị dịch vụ du lịch và lữ hành
106319,KTD,quan-tri-dich-vu-du-lich-va-lu-hanh,A01,Điểm học bạ,2024,19.5,Quản trị dịch vụ du lịch và lữ hành
106320,KTD,quan-tri-dich-vu-du-lich-va-lu-hanh,B00,Điểm học bạ,2024,19.5,Quản trị dịch vụ du lịch và lữ hành
106321,KTD,quan-tri-dich-vu-du-lich-va-lu-hanh,D01,Điểm học bạ,2024,19.5,Quản trị dịch vụ du lịch và lữ hành
106322,KTD,quan-tri-dich-vu-du-lich-va-lu-hanh,A00,Điểm thi THPT,2024,19.5,Quản trị dịch vụ du lịch và lữ hành
106323,KTD,quan-tri-dich-vu-du-lich-va-lu-hanh,A01,Điểm thi THPT,2024,19.5,Quản trị dịch vụ du lịch và lữ hành
106324,KTD,quan-tri-dich-vu-du-lich-va-lu-hanh,B00,Điểm thi THPT,2024,19.5,Quản trị dịch vụ du lịch và lữ hành
106325,KTD,quan-tri-dich-vu-du-lich-va-lu-hanh,D01,Điểm thi THPT,2024,19.5,Quản trị dịch vụ du lịch và lữ hành
106326,KTD,quan-tri-dich-vu-du-lich-va-lu-hanh,A00,Điểm học bạ,2025,19.0,Quản trị Dịch vụ du lịch và Lữ hành
106327,KTD,quan-tri-dich-vu-du-lich-va-lu-hanh,A01,Điểm học bạ,2025,19.0,Quản trị Dịch vụ du lịch và Lữ hành
106328,KTD,quan-tri-dich-vu-du-lich-va-lu-hanh,B00,Điểm học bạ,2025,19.0,Quản trị Dịch vụ du lịch và Lữ hành
106329,KTD,quan-tri-dich-vu-du-lich-va-lu-hanh,D01,Điểm học bạ,2025,19.0,Quản trị Dịch vụ du lịch và Lữ hành
106330,KTD,quan-tri-dich-vu-du-lich-va-lu-hanh,X06,Điểm học bạ,2025,19.0,Quản trị Dịch vụ du lịch và Lữ hành
106331,KTD,quan-tri-dich-vu-du-lich-va-lu-hanh,X07,Điểm học bạ,2025,19.0,Quản trị Dịch vụ du lịch và Lữ hành
106332,KTD,quan-tri-dich-vu-du-lich-va-lu-hanh,X26,Điểm học bạ,2025,19.0,Quản trị Dịch vụ du lịch và Lữ hành
106333,KTD,quan-tri-dich-vu-du-lich-va-lu-hanh,X27,Điểm học bạ,2025,19.0,Quản trị Dịch vụ du lịch và Lữ hành
106334,KTD,quan-tri-dich-vu-du-lich-va-lu-hanh,A00,Điểm thi THPT,2025,16.0,Quản trị Dịch vụ du lịch và Lữ hành
106335,KTD,quan-tri-dich-vu-du-lich-va-lu-hanh,A01,Điểm thi THPT,2025,16.0,Quản trị Dịch vụ du lịch và Lữ hành
106336,KTD,quan-tri-dich-vu-du-lich-va-lu-hanh,B00,Điểm thi THPT,2025,16.0,Quản trị Dịch vụ du lịch và Lữ hành
106337,KTD,quan-tri-dich-vu-du-lich-va-lu-hanh,D01,Điểm thi THPT,2025,16.0,Quản trị Dịch vụ du lịch và Lữ hành
106338,KTD,quan-tri-dich-vu-du-lich-va-lu-hanh,X06,Điểm thi THPT,2025,16.0,Quản trị Dịch vụ du lịch và Lữ hành
106339,KTD,quan-tri-dich-vu-du-lich-va-lu-hanh,X07,Điểm thi THPT,2025,16.0,Quản trị Dịch vụ du lịch và Lữ hành
106340,KTD,quan-tri-dich-vu-du-lich-va-lu-hanh,X26,Điểm thi THPT,2025,16.0,Quản trị Dịch vụ du lịch và Lữ hành
106341,KTD,quan-tri-dich-vu-du-lich-va-lu-hanh,X27,Điểm thi THPT,2025,16.0,Quản trị Dịch vụ du lịch và Lữ hành
106342,KTD,quan-tri-khach-san,A00,Điểm học bạ,2021,6.0,Quản trị khách sạn
106343,KTD,quan-tri-khach-san,A01,Điểm học bạ,2021,6.0,Quản trị khách sạn
106344,KTD,quan-tri-khach-san,B00,Điểm học bạ,2021,6.0,Quản trị khách sạn
106345,KTD,quan-tri-khach-san,D01,Điểm học bạ,2021,6.0,Quản trị khách sạn
106346,KTD,quan-tri-khach-san,A00,Điểm thi THPT,2021,14.2,Quản trị khách sạn
106347,KTD,quan-tri-khach-san,A01,Điểm thi THPT,2021,14.2,Quản trị khách sạn
106348,KTD,quan-tri-khach-san,B00,Điểm thi THPT,2021,14.2,Quản trị khách sạn
106349,KTD,quan-tri-khach-san,D01,Điểm thi THPT,2021,14.2,Quản trị khách sạn
106350,KTD,quan-tri-khach-san,A00,Điểm học bạ,2022,18.0,Quản trị khách sạn
106351,KTD,quan-tri-khach-san,A01,Điểm học bạ,2022,18.0,Quản trị khách sạn
106352,KTD,quan-tri-khach-san,B00,Điểm học bạ,2022,18.0,Quản trị khách sạn
106353,KTD,quan-tri-khach-san,D01,Điểm học bạ,2022,18.0,Quản trị khách sạn
106354,KTD,quan-tri-khach-san,A00,Điểm thi THPT,2022,14.0,Quản trị khách sạn
106355,KTD,quan-tri-khach-san,A01,Điểm thi THPT,2022,14.0,Quản trị khách sạn
106356,KTD,quan-tri-khach-san,B00,Điểm thi THPT,2022,14.0,Quản trị khách sạn
106357,KTD,quan-tri-khach-san,D01,Điểm thi THPT,2022,14.0,Quản trị khách sạn
106358,KTD,quan-tri-khach-san,A00,Điểm thi THPT,2023,17.0,Quản trị khách sạn
106359,KTD,quan-tri-khach-san,A01,Điểm thi THPT,2023,17.0,Quản trị khách sạn
106360,KTD,quan-tri-khach-san,B00,Điểm thi THPT,2023,17.0,Quản trị khách sạn
106361,KTD,quan-tri-khach-san,D01,Điểm thi THPT,2023,17.0,Quản trị khách sạn
106362,KTD,quan-tri-khach-san,A00,Điểm học bạ,2024,19.5,Quản trị khách sạn
106363,KTD,quan-tri-khach-san,A01,Điểm học bạ,2024,19.5,Quản trị khách sạn
106364,KTD,quan-tri-khach-san,B00,Điểm học bạ,2024,19.5,Quản trị khách sạn
106365,KTD,quan-tri-khach-san,D01,Điểm học bạ,2024,19.5,Quản trị khách sạn
106366,KTD,quan-tri-khach-san,A00,Điểm thi THPT,2024,19.5,Quản trị khách sạn
106367,KTD,quan-tri-khach-san,A01,Điểm thi THPT,2024,19.5,Quản trị khách sạn
106368,KTD,quan-tri-khach-san,B00,Điểm thi THPT,2024,19.5,Quản trị khách sạn
106369,KTD,quan-tri-khach-san,D01,Điểm thi THPT,2024,19.5,Quản trị khách sạn
106370,KTD,quan-tri-khach-san,A00,Điểm học bạ,2025,19.0,Quản trị khách sạn
106371,KTD,quan-tri-khach-san,A01,Điểm học bạ,2025,19.0,Quản trị khách sạn
106372,KTD,quan-tri-khach-san,B00,Điểm học bạ,2025,19.0,Quản trị khách sạn
106373,KTD,quan-tri-khach-san,D01,Điểm học bạ,2025,19.0,Quản trị khách sạn
106374,KTD,quan-tri-khach-san,X06,Điểm học bạ,2025,19.0,Quản trị khách sạn
106375,KTD,quan-tri-khach-san,X07,Điểm học bạ,2025,19.0,Quản trị khách sạn
106376,KTD,quan-tri-khach-san,X26,Điểm học bạ,2025,19.0,Quản trị khách sạn
106377,KTD,quan-tri-khach-san,X27,Điểm học bạ,2025,19.0,Quản trị khách sạn
106378,KTD,quan-tri-khach-san,A00,Điểm thi THPT,2025,16.0,Quản trị khách sạn
106379,KTD,quan-tri-khach-san,A01,Điểm thi THPT,2025,16.0,Quản trị khách sạn
106380,KTD,quan-tri-khach-san,B00,Điểm thi THPT,2025,16.0,Quản trị khách sạn
106381,KTD,quan-tri-khach-san,D01,Điểm thi THPT,2025,16.0,Quản trị khách sạn
106382,KTD,quan-tri-khach-san,X06,Điểm thi THPT,2025,16.0,Quản trị khách sạn
106383,KTD,quan-tri-khach-san,X07,Điểm thi THPT,2025,16.0,Quản trị khách sạn
106384,KTD,quan-tri-khach-san,X26,Điểm thi THPT,2025,16.0,Quản trị khách sạn
106385,KTD,quan-tri-khach-san,X27,Điểm thi THPT,2025,16.0,Quản trị khách sạn
106386,KTD,quan-tri-kinh-doanh,A00,Điểm học bạ,2021,6.0,Quản trị kinh doanh
106387,KTD,quan-tri-kinh-doanh,A01,Điểm học bạ,2021,6.0,Quản trị kinh doanh
106388,KTD,quan-tri-kinh-doanh,B00,Điểm học bạ,2021,6.0,Quản trị kinh doanh
106389,KTD,quan-tri-kinh-doanh,D01,Điểm học bạ,2021,6.0,Quản trị kinh doanh
106390,KTD,quan-tri-kinh-doanh,A00,Điểm thi THPT,2021,14.2,Quản trị kinh doanh
106391,KTD,quan-tri-kinh-doanh,A01,Điểm thi THPT,2021,14.2,Quản trị kinh doanh
106392,KTD,quan-tri-kinh-doanh,B00,Điểm thi THPT,2021,14.2,Quản trị kinh doanh
106393,KTD,quan-tri-kinh-doanh,D01,Điểm thi THPT,2021,14.2,Quản trị kinh doanh
106394,KTD,quan-tri-kinh-doanh,A00,Điểm học bạ,2022,18.0,Quản trị kinh doanh
106395,KTD,quan-tri-kinh-doanh,A01,Điểm học bạ,2022,18.0,Quản trị kinh doanh
106396,KTD,quan-tri-kinh-doanh,B00,Điểm học bạ,2022,18.0,Quản trị kinh doanh
106397,KTD,quan-tri-kinh-doanh,D01,Điểm học bạ,2022,18.0,Quản trị kinh doanh
106398,KTD,quan-tri-kinh-doanh,A00,Điểm thi THPT,2022,14.0,Quản trị kinh doanh
106399,KTD,quan-tri-kinh-doanh,A01,Điểm thi THPT,2022,14.0,Quản trị kinh doanh
106400,KTD,quan-tri-kinh-doanh,B00,Điểm thi THPT,2022,14.0,Quản trị kinh doanh
106401,KTD,quan-tri-kinh-doanh,D01,Điểm thi THPT,2022,14.0,Quản trị kinh doanh
106402,KTD,quan-tri-kinh-doanh,A00,Điểm học bạ,2023,19.0,Quản trị kinh doanh
106403,KTD,quan-tri-kinh-doanh,A01,Điểm học bạ,2023,19.0,Quản trị kinh doanh
106404,KTD,quan-tri-kinh-doanh,B00,Điểm học bạ,2023,19.0,Quản trị kinh doanh
106405,KTD,quan-tri-kinh-doanh,D01,Điểm học bạ,2023,19.0,Quản trị kinh doanh
106406,KTD,quan-tri-kinh-doanh,A00,Điểm thi THPT,2023,17.0,Quản trị kinh doanh
106407,KTD,quan-tri-kinh-doanh,A01,Điểm thi THPT,2023,17.0,Quản trị kinh doanh
106408,KTD,quan-tri-kinh-doanh,B00,Điểm thi THPT,2023,17.0,Quản trị kinh doanh
106409,KTD,quan-tri-kinh-doanh,D01,Điểm thi THPT,2023,17.0,Quản trị kinh doanh
106410,KTD,quan-tri-kinh-doanh,A00,Điểm học bạ,2024,19.5,Quản trị kinh doanh
106411,KTD,quan-tri-kinh-doanh,A01,Điểm học bạ,2024,19.5,Quản trị kinh doanh
106412,KTD,quan-tri-kinh-doanh,B00,Điểm học bạ,2024,19.5,Quản trị kinh doanh
106413,KTD,quan-tri-kinh-doanh,D01,Điểm học bạ,2024,19.5,Quản trị kinh doanh
106414,KTD,quan-tri-kinh-doanh,A00,Điểm thi THPT,2024,19.5,Quản trị kinh doanh
106415,KTD,quan-tri-kinh-doanh,A01,Điểm thi THPT,2024,19.5,Quản trị kinh doanh
106416,KTD,quan-tri-kinh-doanh,B00,Điểm thi THPT,2024,19.5,Quản trị kinh doanh
106417,KTD,quan-tri-kinh-doanh,D01,Điểm thi THPT,2024,19.5,Quản trị kinh doanh
106418,KTD,quan-tri-kinh-doanh,A00,Điểm học bạ,2025,19.0,Quản trị Kinh doanh
106419,KTD,quan-tri-kinh-doanh,A01,Điểm học bạ,2025,19.0,Quản trị Kinh doanh
106420,KTD,quan-tri-kinh-doanh,B00,Điểm học bạ,2025,19.0,Quản trị Kinh doanh
106421,KTD,quan-tri-kinh-doanh,D01,Điểm học bạ,2025,19.0,Quản trị Kinh doanh
106422,KTD,quan-tri-kinh-doanh,X06,Điểm học bạ,2025,19.0,Quản trị Kinh doanh
106423,KTD,quan-tri-kinh-doanh,X07,Điểm học bạ,2025,19.0,Quản trị Kinh doanh
106424,KTD,quan-tri-kinh-doanh,X26,Điểm học bạ,2025,19.0,Quản trị Kinh doanh
106425,KTD,quan-tri-kinh-doanh,X27,Điểm học bạ,2025,19.0,Quản trị Kinh doanh
106426,KTD,quan-tri-kinh-doanh,A00,Điểm thi THPT,2025,16.0,Quản trị Kinh doanh
106427,KTD,quan-tri-kinh-doanh,A01,Điểm thi THPT,2025,16.0,Quản trị Kinh doanh
106428,KTD,quan-tri-kinh-doanh,B00,Điểm thi THPT,2025,16.0,Quản trị Kinh doanh
106429,KTD,quan-tri-kinh-doanh,D01,Điểm thi THPT,2025,16.0,Quản trị Kinh doanh
106430,KTD,quan-tri-kinh-doanh,X06,Điểm thi THPT,2025,16.0,Quản trị Kinh doanh
106431,KTD,quan-tri-kinh-doanh,X07,Điểm thi THPT,2025,16.0,Quản trị Kinh doanh
106432,KTD,quan-tri-kinh-doanh,X26,Điểm thi THPT,2025,16.0,Quản trị Kinh doanh
106433,KTD,quan-tri-kinh-doanh,X27,Điểm thi THPT,2025,16.0,Quản trị Kinh doanh
106434,KTD,quy-hoach-vung-va-do-thi,A01,Điểm học bạ,2021,18.0,Quy hoạch vùng và đô thị
106435,KTD,quy-hoach-vung-va-do-thi,V00,Điểm học bạ,2021,16.0,Quy hoạch vùng và đô thị
106436,KTD,quy-hoach-vung-va-do-thi,V01,Điểm học bạ,2021,16.0,Quy hoạch vùng và đô thị
106437,KTD,quy-hoach-vung-va-do-thi,V02,Điểm học bạ,2021,16.0,Quy hoạch vùng và đô thị
106438,KTD,quy-hoach-vung-va-do-thi,A01,Điểm học bạ,2022,16.0,Quy hoạch vùng và đô thị
106439,KTD,quy-hoach-vung-va-do-thi,V00,Điểm học bạ,2022,16.0,Quy hoạch vùng và đô thị
106440,KTD,quy-hoach-vung-va-do-thi,V01,Điểm học bạ,2022,16.0,Quy hoạch vùng và đô thị
106441,KTD,quy-hoach-vung-va-do-thi,V02,Điểm học bạ,2022,16.0,Quy hoạch vùng và đô thị
106442,KTD,quy-hoach-vung-va-do-thi,A01,Điểm thi THPT,2022,14.0,Quy hoạch vùng và đô thị
106443,KTD,quy-hoach-vung-va-do-thi,V00,Điểm thi THPT,2022,14.0,Quy hoạch vùng và đô thị
106444,KTD,quy-hoach-vung-va-do-thi,V01,Điểm thi THPT,2022,14.0,Quy hoạch vùng và đô thị
106445,KTD,quy-hoach-vung-va-do-thi,V02,Điểm thi THPT,2022,14.0,Quy hoạch vùng và đô thị
106446,KTD,quy-hoach-vung-va-do-thi,A01,Điểm học bạ,2024,21.0,Quy hoạch vùng và đô thị
106447,KTD,quy-hoach-vung-va-do-thi,V00,Điểm học bạ,2024,20.0,Quy hoạch vùng và đô thị
106448,KTD,quy-hoach-vung-va-do-thi,V01,Điểm học bạ,2024,20.0,Quy hoạch vùng và đô thị
106449,KTD,quy-hoach-vung-va-do-thi,V02,Điểm học bạ,2024,20.0,Quy hoạch vùng và đô thị
106450,KTD,quy-hoach-vung-va-do-thi,A01,Điểm thi THPT,2024,21.0,Quy hoạch vùng và đô thị
106451,KTD,quy-hoach-vung-va-do-thi,V00,Điểm thi THPT,2024,21.0,Quy hoạch vùng và đô thị
106452,KTD,quy-hoach-vung-va-do-thi,V01,Điểm thi THPT,2024,21.0,Quy hoạch vùng và đô thị
106453,KTD,quy-hoach-vung-va-do-thi,V02,Điểm thi THPT,2024,21.0,Quy hoạch vùng và đô thị
106454,KTD,tai-chinh-ngan-hang,A00,Điểm học bạ,2021,6.0,Tài chính - Ngân hàng
106455,KTD,tai-chinh-ngan-hang,A01,Điểm học bạ,2021,6.0,Tài chính - Ngân hàng
106456,KTD,tai-chinh-ngan-hang,B00,Điểm học bạ,2021,6.0,Tài chính - Ngân hàng
106457,KTD,tai-chinh-ngan-hang,D01,Điểm học bạ,2021,6.0,Tài chính - Ngân hàng
106458,KTD,tai-chinh-ngan-hang,A00,Điểm thi THPT,2021,14.2,Tài chính - Ngân hàng
106459,KTD,tai-chinh-ngan-hang,A01,Điểm thi THPT,2021,14.2,Tài chính - Ngân hàng
106460,KTD,tai-chinh-ngan-hang,B00,Điểm thi THPT,2021,14.2,Tài chính - Ngân hàng
106461,KTD,tai-chinh-ngan-hang,D01,Điểm thi THPT,2021,14.2,Tài chính - Ngân hàng
106462,KTD,tai-chinh-ngan-hang,A00,Điểm học bạ,2022,18.0,Tài chính - Ngân hàng
106463,KTD,tai-chinh-ngan-hang,A01,Điểm học bạ,2022,18.0,Tài chính - Ngân hàng
106464,KTD,tai-chinh-ngan-hang,B00,Điểm học bạ,2022,18.0,Tài chính - Ngân hàng
106465,KTD,tai-chinh-ngan-hang,D01,Điểm học bạ,2022,18.0,Tài chính - Ngân hàng
106466,KTD,tai-chinh-ngan-hang,A00,Điểm thi THPT,2022,14.0,Tài chính - Ngân hàng
106467,KTD,tai-chinh-ngan-hang,A01,Điểm thi THPT,2022,14.0,Tài chính - Ngân hàng
106468,KTD,tai-chinh-ngan-hang,B00,Điểm thi THPT,2022,14.0,Tài chính - Ngân hàng
106469,KTD,tai-chinh-ngan-hang,D01,Điểm thi THPT,2022,14.0,Tài chính - Ngân hàng
106470,KTD,tai-chinh-ngan-hang,A00,Điểm học bạ,2023,19.0,Tài chính - Ngân hàng
106471,KTD,tai-chinh-ngan-hang,A01,Điểm học bạ,2023,19.0,Tài chính - Ngân hàng
106472,KTD,tai-chinh-ngan-hang,B00,Điểm học bạ,2023,19.0,Tài chính - Ngân hàng
106473,KTD,tai-chinh-ngan-hang,D01,Điểm học bạ,2023,19.0,Tài chính - Ngân hàng
106474,KTD,tai-chinh-ngan-hang,A00,Điểm thi THPT,2023,17.0,Tài chính - Ngân hàng
106475,KTD,tai-chinh-ngan-hang,A01,Điểm thi THPT,2023,17.0,Tài chính - Ngân hàng
106476,KTD,tai-chinh-ngan-hang,B00,Điểm thi THPT,2023,17.0,Tài chính - Ngân hàng
106477,KTD,tai-chinh-ngan-hang,D01,Điểm thi THPT,2023,17.0,Tài chính - Ngân hàng
106478,KTD,tai-chinh-ngan-hang,A00,Điểm học bạ,2024,19.5,Tài chính - ngân hàng
106479,KTD,tai-chinh-ngan-hang,A01,Điểm học bạ,2024,19.5,Tài chính - ngân hàng
106480,KTD,tai-chinh-ngan-hang,B00,Điểm học bạ,2024,19.5,Tài chính - ngân hàng
106481,KTD,tai-chinh-ngan-hang,D01,Điểm học bạ,2024,19.5,Tài chính - ngân hàng
106482,KTD,tai-chinh-ngan-hang,A00,Điểm thi THPT,2024,19.5,Tài chính - ngân hàng
106483,KTD,tai-chinh-ngan-hang,A01,Điểm thi THPT,2024,19.5,Tài chính - ngân hàng
106484,KTD,tai-chinh-ngan-hang,B00,Điểm thi THPT,2024,19.5,Tài chính - ngân hàng
106485,KTD,tai-chinh-ngan-hang,D01,Điểm thi THPT,2024,19.5,Tài chính - ngân hàng
106486,KTD,tai-chinh-ngan-hang,A00,Điểm học bạ,2025,19.0,Tài chính - Ngân hàng
106487,KTD,tai-chinh-ngan-hang,A01,Điểm học bạ,2025,19.0,Tài chính - Ngân hàng
106488,KTD,tai-chinh-ngan-hang,B00,Điểm học bạ,2025,19.0,Tài chính - Ngân hàng
106489,KTD,tai-chinh-ngan-hang,D01,Điểm học bạ,2025,19.0,Tài chính - Ngân hàng
106490,KTD,tai-chinh-ngan-hang,X06,Điểm học bạ,2025,19.0,Tài chính - Ngân hàng
106491,KTD,tai-chinh-ngan-hang,X07,Điểm học bạ,2025,19.0,Tài chính - Ngân hàng
106492,KTD,tai-chinh-ngan-hang,X26,Điểm học bạ,2025,19.0,Tài chính - Ngân hàng
106493,KTD,tai-chinh-ngan-hang,X27,Điểm học bạ,2025,19.0,Tài chính - Ngân hàng
106494,KTD,tai-chinh-ngan-hang,A00,Điểm thi THPT,2025,16.0,Tài chính - Ngân hàng
106495,KTD,tai-chinh-ngan-hang,A01,Điểm thi THPT,2025,16.0,Tài chính - Ngân hàng
106496,KTD,tai-chinh-ngan-hang,B00,Điểm thi THPT,2025,16.0,Tài chính - Ngân hàng
106497,KTD,tai-chinh-ngan-hang,D01,Điểm thi THPT,2025,16.0,Tài chính - Ngân hàng
106498,KTD,tai-chinh-ngan-hang,X06,Điểm thi THPT,2025,16.0,Tài chính - Ngân hàng
106499,KTD,tai-chinh-ngan-hang,X07,Điểm thi THPT,2025,16.0,Tài chính - Ngân hàng
106500,KTD,tai-chinh-ngan-hang,X26,Điểm thi THPT,2025,16.0,Tài chính - Ngân hàng
106501,KTD,tai-chinh-ngan-hang,X27,Điểm thi THPT,2025,16.0,Tài chính - Ngân hàng
106502,KTD,thiet-ke-do-hoa,H00,Điểm học bạ,2021,21.0,Thiết kế đồ hoạ
106503,KTD,thiet-ke-do-hoa,V00,Điểm học bạ,2021,21.0,Thiết kế đồ hoạ
106504,KTD,thiet-ke-do-hoa,V01,Điểm học bạ,2021,21.0,Thiết kế đồ hoạ
106505,KTD,thiet-ke-do-hoa,V02,Điểm học bạ,2021,21.0,Thiết kế đồ hoạ
106506,KTD,thiet-ke-do-hoa,H00,Điểm học bạ,2022,21.0,Thiết kế đồ họa
106507,KTD,thiet-ke-do-hoa,V00,Điểm học bạ,2022,21.0,Thiết kế đồ họa
106508,KTD,thiet-ke-do-hoa,V01,Điểm học bạ,2022,21.0,Thiết kế đồ họa
106509,KTD,thiet-ke-do-hoa,V02,Điểm học bạ,2022,21.0,Thiết kế đồ họa
106510,KTD,thiet-ke-do-hoa,H00,Điểm thi THPT,2022,14.0,Thiết kế đồ họa
106511,KTD,thiet-ke-do-hoa,V00,Điểm thi THPT,2022,14.0,Thiết kế đồ họa
106512,KTD,thiet-ke-do-hoa,V01,Điểm thi THPT,2022,14.0,Thiết kế đồ họa
106513,KTD,thiet-ke-do-hoa,V02,Điểm thi THPT,2022,14.0,Thiết kế đồ họa
106514,KTD,thiet-ke-do-hoa,H00,Điểm học bạ,2023,21.5,Thiết kế đồ họa
106515,KTD,thiet-ke-do-hoa,V00,Điểm học bạ,2023,21.5,Thiết kế đồ họa
106516,KTD,thiet-ke-do-hoa,V01,Điểm học bạ,2023,21.5,Thiết kế đồ họa
106517,KTD,thiet-ke-do-hoa,V02,Điểm học bạ,2023,21.5,Thiết kế đồ họa
106518,KTD,thiet-ke-do-hoa,H00,Điểm thi THPT,2023,23.0,Thiết kế đồ họa
106519,KTD,thiet-ke-do-hoa,V00,Điểm thi THPT,2023,23.0,Thiết kế đồ họa
106520,KTD,thiet-ke-do-hoa,V01,Điểm thi THPT,2023,23.0,Thiết kế đồ họa
106521,KTD,thiet-ke-do-hoa,V02,Điểm thi THPT,2023,23.0,Thiết kế đồ họa
106522,KTD,thiet-ke-do-hoa,H00,Điểm học bạ,2024,21.5,Thiết kế đồ họa
106523,KTD,thiet-ke-do-hoa,V00,Điểm học bạ,2024,21.5,Thiết kế đồ họa
106524,KTD,thiet-ke-do-hoa,V01,Điểm học bạ,2024,21.5,Thiết kế đồ họa
106525,KTD,thiet-ke-do-hoa,V02,Điểm học bạ,2024,21.5,Thiết kế đồ họa
106526,KTD,thiet-ke-do-hoa,H00,Điểm thi THPT,2024,23.0,Thiết kế đồ họa
106527,KTD,thiet-ke-do-hoa,V00,Điểm thi THPT,2024,23.0,Thiết kế đồ họa
106528,KTD,thiet-ke-do-hoa,V01,Điểm thi THPT,2024,23.0,Thiết kế đồ họa
106529,KTD,thiet-ke-do-hoa,V02,Điểm thi THPT,2024,23.0,Thiết kế đồ họa
106530,KTD,thiet-ke-do-hoa,H00,Điểm học bạ,2025,20.0,Thiết kế đồ họa
106531,KTD,thiet-ke-do-hoa,V00,Điểm học bạ,2025,20.0,Thiết kế đồ họa
106532,KTD,thiet-ke-do-hoa,V01,Điểm học bạ,2025,20.0,Thiết kế đồ họa
106533,KTD,thiet-ke-do-hoa,V02,Điểm học bạ,2025,20.0,Thiết kế đồ họa
106534,KTD,thiet-ke-do-hoa,V03,Điểm học bạ,2025,20.0,Thiết kế đồ họa
106535,KTD,thiet-ke-do-hoa,V04,Điểm học bạ,2025,20.0,Thiết kế đồ họa
106536,KTD,thiet-ke-do-hoa,H00,Điểm thi THPT,2025,18.0,Thiết kế đồ họa
106537,KTD,thiet-ke-do-hoa,V00,Điểm thi THPT,2025,18.0,Thiết kế đồ họa
106538,KTD,thiet-ke-do-hoa,V01,Điểm thi THPT,2025,18.0,Thiết kế đồ họa
106539,KTD,thiet-ke-do-hoa,V02,Điểm thi THPT,2025,18.0,Thiết kế đồ họa
106540,KTD,thiet-ke-do-hoa,V03,Điểm thi THPT,2025,18.0,Thiết kế đồ họa
106541,KTD,thiet-ke-do-hoa,V04,Điểm thi THPT,2025,18.0,Thiết kế đồ họa
106542,KTD,thiet-ke-noi-that,A01,Điểm học bạ,2021,21.0,Thiết kế nội thất
106543,KTD,thiet-ke-noi-that,V00,Điểm học bạ,2021,19.0,Thiết kế nội thất
106544,KTD,thiet-ke-noi-that,V01,Điểm học bạ,2021,19.0,Thiết kế nội thất
106545,KTD,thiet-ke-noi-that,V02,Điểm học bạ,2021,19.0,Thiết kế nội thất
106546,KTD,thiet-ke-noi-that,A01,Điểm thi THPT,2021,16.0,Thiết kế nội thất
106547,KTD,thiet-ke-noi-that,V00,Điểm thi THPT,2021,16.0,Thiết kế nội thất
106548,KTD,thiet-ke-noi-that,V01,Điểm thi THPT,2021,16.0,Thiết kế nội thất
106549,KTD,thiet-ke-noi-that,V02,Điểm thi THPT,2021,16.0,Thiết kế nội thất
106550,KTD,thiet-ke-noi-that,A01,Điểm học bạ,2022,19.0,Thiết kế nội thất
106551,KTD,thiet-ke-noi-that,V00,Điểm học bạ,2022,19.0,Thiết kế nội thất
106552,KTD,thiet-ke-noi-that,V01,Điểm học bạ,2022,19.0,Thiết kế nội thất
106553,KTD,thiet-ke-noi-that,V02,Điểm học bạ,2022,19.0,Thiết kế nội thất
106554,KTD,thiet-ke-noi-that,A01,Điểm thi THPT,2022,14.0,Thiết kế nội thất
106555,KTD,thiet-ke-noi-that,V00,Điểm thi THPT,2022,14.0,Thiết kế nội thất
106556,KTD,thiet-ke-noi-that,V01,Điểm thi THPT,2022,14.0,Thiết kế nội thất
106557,KTD,thiet-ke-noi-that,V02,Điểm thi THPT,2022,14.0,Thiết kế nội thất
106558,KTD,thiet-ke-noi-that,A01,Điểm học bạ,2023,21.0,Thiết kế nội thất
106559,KTD,thiet-ke-noi-that,V00,Điểm học bạ,2023,19.0,Thiết kế nội thất
106560,KTD,thiet-ke-noi-that,V01,Điểm học bạ,2023,19.0,Thiết kế nội thất
106561,KTD,thiet-ke-noi-that,V02,Điểm học bạ,2023,19.0,Thiết kế nội thất
106562,KTD,thiet-ke-noi-that,A01,Điểm thi THPT,2023,20.0,Thiết kế nội thất
106563,KTD,thiet-ke-noi-that,V00,Điểm thi THPT,2023,20.0,Thiết kế nội thất
106564,KTD,thiet-ke-noi-that,V01,Điểm thi THPT,2023,20.0,Thiết kế nội thất
106565,KTD,thiet-ke-noi-that,V02,Điểm thi THPT,2023,20.0,Thiết kế nội thất
106566,KTD,thiet-ke-noi-that,A01,Điểm học bạ,2024,21.0,Thiết kế nội thất
106567,KTD,thiet-ke-noi-that,V00,Điểm học bạ,2024,20.0,Thiết kế nội thất
106568,KTD,thiet-ke-noi-that,V01,Điểm học bạ,2024,20.0,Thiết kế nội thất
106569,KTD,thiet-ke-noi-that,V02,Điểm học bạ,2024,20.0,Thiết kế nội thất
106570,KTD,thiet-ke-noi-that,A01,Điểm thi THPT,2024,21.0,Thiết kế nội thất
106571,KTD,thiet-ke-noi-that,V00,Điểm thi THPT,2024,21.0,Thiết kế nội thất
106572,KTD,thiet-ke-noi-that,V01,Điểm thi THPT,2024,21.0,Thiết kế nội thất
106573,KTD,thiet-ke-noi-that,V02,Điểm thi THPT,2024,21.0,Thiết kế nội thất
106574,KTD,thiet-ke-noi-that,A00,Điểm học bạ,2025,19.0,Thiết kế nội thất
106575,KTD,thiet-ke-noi-that,V00,Điểm học bạ,2025,19.0,Thiết kế nội thất
106576,KTD,thiet-ke-noi-that,V01,Điểm học bạ,2025,19.0,Thiết kế nội thất
106577,KTD,thiet-ke-noi-that,V02,Điểm học bạ,2025,19.0,Thiết kế nội thất
106578,KTD,thiet-ke-noi-that,V03,Điểm học bạ,2025,19.0,Thiết kế nội thất
106579,KTD,thiet-ke-noi-that,V04,Điểm học bạ,2025,19.0,Thiết kế nội thất
106580,KTD,thiet-ke-noi-that,X06,Điểm học bạ,2025,19.0,Thiết kế nội thất
106581,KTD,thiet-ke-noi-that,X07,Điểm học bạ,2025,19.0,Thiết kế nội thất
106582,KTD,thiet-ke-noi-that,X26,Điểm học bạ,2025,19.0,Thiết kế nội thất
106583,KTD,thiet-ke-noi-that,X27,Điểm học bạ,2025,19.0,Thiết kế nội thất
106584,KTD,thiet-ke-noi-that,A00,Điểm thi THPT,2025,16.0,Thiết kế nội thất
106585,KTD,thiet-ke-noi-that,V00,Điểm thi THPT,2025,16.0,Thiết kế nội thất
106586,KTD,thiet-ke-noi-that,V01,Điểm thi THPT,2025,16.0,Thiết kế nội thất
106587,KTD,thiet-ke-noi-that,V02,Điểm thi THPT,2025,16.0,Thiết kế nội thất
106588,KTD,thiet-ke-noi-that,V03,Điểm thi THPT,2025,16.0,Thiết kế nội thất
106589,KTD,thiet-ke-noi-that,V04,Điểm thi THPT,2025,16.0,Thiết kế nội thất
106590,KTD,thiet-ke-noi-that,X06,Điểm thi THPT,2025,16.0,Thiết kế nội thất
106591,KTD,thiet-ke-noi-that,X07,Điểm thi THPT,2025,16.0,Thiết kế nội thất
106592,KTD,thiet-ke-noi-that,X26,Điểm thi THPT,2025,16.0,Thiết kế nội thất
106593,KTD,thiet-ke-noi-that,X27,Điểm thi THPT,2025,16.0,Thiết kế nội thất
106594,KTS,kien-truc,V00,Điểm học bạ,2021,24.88,Kiến trúc
106595,KTS,kien-truc,V01,Điểm học bạ,2021,24.88,Kiến trúc
106596,KTS,kien-truc,V02,Điểm học bạ,2021,24.88,Kiến trúc
106597,KTS,kien-truc,V00,Điểm thi THPT,2021,24.4,Kiến trúc
106598,KTS,kien-truc,V01,Điểm thi THPT,2021,24.4,Kiến trúc
106599,KTS,kien-truc,V02,Điểm thi THPT,2021,24.4,Kiến trúc
106600,KTS,kien-truc,V00,Điểm thi THPT,2022,24.17,Kiến trúc
106601,KTS,kien-truc,V01,Điểm thi THPT,2022,24.17,Kiến trúc
106602,KTS,kien-truc,V02,Điểm thi THPT,2022,24.17,Kiến trúc
106603,KTS,kien-truc,V00,Điểm học bạ,2023,25.4,Kiến trúc (CLC)
106604,KTS,kien-truc,V01,Điểm học bạ,2023,25.4,Kiến trúc (CLC)
106605,KTS,kien-truc,V02,Điểm học bạ,2023,25.4,Kiến trúc (CLC)
106606,KTS,kien-truc,V00,Điểm thi THPT,2023,24.64,Kiến trúc
106607,KTS,kien-truc,V01,Điểm thi THPT,2023,24.64,Kiến trúc
106608,KTS,kien-truc,V02,Điểm thi THPT,2023,24.64,Kiến trúc
106609,KTS,kien-truc,V00,Điểm học bạ,2024,24.78,Kiến trúc (Chất lượng cao)
106610,KTS,kien-truc,V01,Điểm học bạ,2024,24.78,Kiến trúc (Chất lượng cao)
106611,KTS,kien-truc,V02,Điểm học bạ,2024,24.78,Kiến trúc (Chất lượng cao)
106612,KTS,kien-truc,V00,Điểm thi THPT,2024,24.09,Kiến trúc
106613,KTS,kien-truc,V01,Điểm thi THPT,2024,24.09,Kiến trúc
106614,KTS,kien-truc,V02,Điểm thi THPT,2024,24.09,Kiến trúc
106615,KTS,kien-truc,V00,Điểm học bạ,2025,22.18,Kiến trúc
106616,KTS,kien-truc,V01,Điểm học bạ,2025,22.18,Kiến trúc
106617,KTS,kien-truc,V02,Điểm học bạ,2025,22.18,Kiến trúc
106618,KTS,kien-truc,V00,Điểm thi THPT,2025,22.18,Kiến trúc
106619,KTS,kien-truc,V01,Điểm thi THPT,2025,22.18,Kiến trúc
106620,KTS,kien-truc,V02,Điểm thi THPT,2025,22.18,Kiến trúc
106621,KTS,kien-truc-canh-quan,V00,Điểm học bạ,2021,23.71,Kiến trúc cảnh quan
106622,KTS,kien-truc-canh-quan,V01,Điểm học bạ,2021,23.71,Kiến trúc cảnh quan
106623,KTS,kien-truc-canh-quan,V02,Điểm học bạ,2021,23.71,Kiến trúc cảnh quan
106624,KTS,kien-truc-canh-quan,V00,Điểm thi THPT,2021,23.51,Kiến trúc cảnh quan
106625,KTS,kien-truc-canh-quan,V01,Điểm thi THPT,2021,23.51,Kiến trúc cảnh quan
106626,KTS,kien-truc-canh-quan,V02,Điểm thi THPT,2021,23.51,Kiến trúc cảnh quan
106627,KTS,kien-truc-canh-quan,V00,Điểm thi THPT,2022,23.05,Kiến trúc cảnh quan
106628,KTS,kien-truc-canh-quan,V01,Điểm thi THPT,2022,23.05,Kiến trúc cảnh quan
106629,KTS,kien-truc-canh-quan,V02,Điểm thi THPT,2022,23.05,Kiến trúc cảnh quan
106630,KTS,kien-truc-canh-quan,V00,Điểm học bạ,2023,24.33,Kiến trúc cảnh quan
106631,KTS,kien-truc-canh-quan,V01,Điểm học bạ,2023,24.33,Kiến trúc cảnh quan
106632,KTS,kien-truc-canh-quan,V02,Điểm học bạ,2023,24.33,Kiến trúc cảnh quan
106633,KTS,kien-truc-canh-quan,V00,Điểm thi THPT,2023,23.95,Kiến trúc cảnh quan
106634,KTS,kien-truc-canh-quan,V01,Điểm thi THPT,2023,23.95,Kiến trúc cảnh quan
106635,KTS,kien-truc-canh-quan,V02,Điểm thi THPT,2023,23.95,Kiến trúc cảnh quan
106636,KTS,kien-truc-canh-quan,V00,Điểm học bạ,2024,24.24,Kiến trúc cảnh quan
106637,KTS,kien-truc-canh-quan,V01,Điểm học bạ,2024,24.24,Kiến trúc cảnh quan
106638,KTS,kien-truc-canh-quan,V02,Điểm học bạ,2024,24.24,Kiến trúc cảnh quan
106639,KTS,kien-truc-canh-quan,V00,Điểm thi THPT,2024,23.4,Kiến trúc cảnh quan
106640,KTS,kien-truc-canh-quan,V01,Điểm thi THPT,2024,23.4,Kiến trúc cảnh quan
106641,KTS,kien-truc-canh-quan,V02,Điểm thi THPT,2024,23.4,Kiến trúc cảnh quan
106642,KTS,kien-truc-canh-quan,V00,Điểm học bạ,2025,21.04,Kiến trúc cảnh quan
106643,KTS,kien-truc-canh-quan,V01,Điểm học bạ,2025,21.04,Kiến trúc cảnh quan
106644,KTS,kien-truc-canh-quan,V02,Điểm học bạ,2025,21.04,Kiến trúc cảnh quan
106645,KTS,kien-truc-canh-quan,V00,Điểm thi THPT,2025,21.04,Kiến trúc cảnh quan
106646,KTS,kien-truc-canh-quan,V01,Điểm thi THPT,2025,21.04,Kiến trúc cảnh quan
106647,KTS,kien-truc-canh-quan,V02,Điểm thi THPT,2025,21.04,Kiến trúc cảnh quan
106648,KTS,ky-thuat-co-so-ha-tang,A00,Điểm học bạ,2021,21.55,Kỹ thuật cơ sở hạ tầng
106649,KTS,ky-thuat-co-so-ha-tang,A01,Điểm học bạ,2021,21.55,Kỹ thuật cơ sở hạ tầng
106650,KTS,ky-thuat-co-so-ha-tang,A00,Điểm thi THPT,2021,16.2,Kỹ thuật cơ sở hạ tầng
106651,KTS,ky-thuat-co-so-ha-tang,A01,Điểm thi THPT,2021,16.2,Kỹ thuật cơ sở hạ tầng
106652,KTS,ky-thuat-co-so-ha-tang,A00,Điểm thi THPT,2022,15.5,Kỹ thuật cơ sở hạ tầng
106653,KTS,ky-thuat-co-so-ha-tang,A01,Điểm thi THPT,2022,15.5,Kỹ thuật cơ sở hạ tầng
106654,KTS,ky-thuat-co-so-ha-tang,A00,Điểm học bạ,2023,25.28,Kỹ thuật cơ sở hạ tầng
106655,KTS,ky-thuat-co-so-ha-tang,A01,Điểm học bạ,2023,25.28,Kỹ thuật cơ sở hạ tầng
106656,KTS,ky-thuat-co-so-ha-tang,A00,Điểm thi THPT,2023,15.0,Kỹ thuật cơ sở hạ tầng
106657,KTS,ky-thuat-co-so-ha-tang,A01,Điểm thi THPT,2023,15.0,Kỹ thuật cơ sở hạ tầng
106658,KTS,ky-thuat-co-so-ha-tang,A00,Điểm học bạ,2024,24.96,Kỹ thuật cơ sở hạ tầng
106659,KTS,ky-thuat-co-so-ha-tang,A01,Điểm học bạ,2024,24.96,Kỹ thuật cơ sở hạ tầng
106660,KTS,ky-thuat-co-so-ha-tang,C01,Điểm học bạ,2024,24.96,Kỹ thuật cơ sở hạ tầng
106661,KTS,ky-thuat-co-so-ha-tang,D01,Điểm học bạ,2024,24.96,Kỹ thuật cơ sở hạ tầng
106662,KTS,ky-thuat-co-so-ha-tang,A00,Điểm thi THPT,2024,18.8,Kỹ thuật cơ sở hạ tầng
106663,KTS,ky-thuat-co-so-ha-tang,A01,Điểm thi THPT,2024,18.8,Kỹ thuật cơ sở hạ tầng
106664,KTS,ky-thuat-co-so-ha-tang,C01,Điểm thi THPT,2024,18.8,Kỹ thuật cơ sở hạ tầng
106665,KTS,ky-thuat-co-so-ha-tang,D01,Điểm thi THPT,2024,18.8,Kỹ thuật cơ sở hạ tầng
106666,KTS,ky-thuat-co-so-ha-tang,A00,Điểm học bạ,2025,18.8,Kỹ thuật cơ sở hạ tầng
106667,KTS,ky-thuat-co-so-ha-tang,A01,Điểm học bạ,2025,18.8,Kỹ thuật cơ sở hạ tầng
106668,KTS,ky-thuat-co-so-ha-tang,C01,Điểm học bạ,2025,18.8,Kỹ thuật cơ sở hạ tầng
106669,KTS,ky-thuat-co-so-ha-tang,D01,Điểm học bạ,2025,18.8,Kỹ thuật cơ sở hạ tầng
106670,KTS,ky-thuat-co-so-ha-tang,A00,Điểm thi THPT,2025,18.8,Kỹ thuật cơ sở hạ tầng
106671,KTS,ky-thuat-co-so-ha-tang,A01,Điểm thi THPT,2025,18.8,Kỹ thuật cơ sở hạ tầng
106672,KTS,ky-thuat-co-so-ha-tang,C01,Điểm thi THPT,2025,18.8,Kỹ thuật cơ sở hạ tầng
106673,KTS,ky-thuat-co-so-ha-tang,D01,Điểm thi THPT,2025,18.8,Kỹ thuật cơ sở hạ tầng
106674,KTS,ky-thuat-xay-dung,A00,Điểm học bạ,2021,24.72,Kỹ thuật xây dựng
106675,KTS,ky-thuat-xay-dung,A01,Điểm học bạ,2021,24.72,Kỹ thuật xây dựng
106676,KTS,ky-thuat-xay-dung,A00,Điểm thi THPT,2021,22.6,Kỹ thuật xây dựng
106677,KTS,ky-thuat-xay-dung,A01,Điểm thi THPT,2021,22.6,Kỹ thuật xây dựng
106678,KTS,ky-thuat-xay-dung,A00,Điểm thi THPT,2022,19.85,Kỹ thuật xây dựng
106679,KTS,ky-thuat-xay-dung,A01,Điểm thi THPT,2022,19.85,Kỹ thuật xây dựng
106680,KTS,ky-thuat-xay-dung,A00,Điểm học bạ,2023,24.97,Kỹ thuật xây dựng
106681,KTS,ky-thuat-xay-dung,A01,Điểm học bạ,2023,24.97,Kỹ thuật xây dựng
106682,KTS,ky-thuat-xay-dung,A00,Điểm thi THPT,2023,20.95,Kỹ thuật xây dựng
106683,KTS,ky-thuat-xay-dung,A01,Điểm thi THPT,2023,20.95,Kỹ thuật xây dựng
106684,KTS,ky-thuat-xay-dung,A00,Điểm học bạ,2024,24.53,Kỹ thuật xây dựng
106685,KTS,ky-thuat-xay-dung,A01,Điểm học bạ,2024,24.53,Kỹ thuật xây dựng
106686,KTS,ky-thuat-xay-dung,C01,Điểm học bạ,2024,24.53,Kỹ thuật xây dựng
106687,KTS,ky-thuat-xay-dung,C02,Điểm học bạ,2024,24.53,Kỹ thuật xây dựng
106688,KTS,ky-thuat-xay-dung,A00,Điểm thi THPT,2024,21.2,Kỹ thuật xây dựng
106689,KTS,ky-thuat-xay-dung,A01,Điểm thi THPT,2024,21.2,Kỹ thuật xây dựng
106690,KTS,ky-thuat-xay-dung,C01,Điểm thi THPT,2024,21.2,Kỹ thuật xây dựng
106691,KTS,ky-thuat-xay-dung,C02,Điểm thi THPT,2024,21.2,Kỹ thuật xây dựng
106692,KTS,ky-thuat-xay-dung,A00,Điểm học bạ,2025,19.6,Kỹ thuật xây dựng
106693,KTS,ky-thuat-xay-dung,A01,Điểm học bạ,2025,19.6,Kỹ thuật xây dựng
106694,KTS,ky-thuat-xay-dung,C01,Điểm học bạ,2025,19.6,Kỹ thuật xây dựng
106695,KTS,ky-thuat-xay-dung,A00,Điểm thi THPT,2025,19.6,Kỹ thuật xây dựng
106696,KTS,ky-thuat-xay-dung,A01,Điểm thi THPT,2025,19.6,Kỹ thuật xây dựng
106697,KTS,ky-thuat-xay-dung,C01,Điểm thi THPT,2025,19.6,Kỹ thuật xây dựng
106698,KTS,my-thuat-do-thi,V00,Điểm học bạ,2021,24.14,Mỹ thuật đô thị
106699,KTS,my-thuat-do-thi,V01,Điểm học bạ,2021,24.14,Mỹ thuật đô thị
106700,KTS,my-thuat-do-thi,V02,Điểm học bạ,2021,24.14,Mỹ thuật đô thị
106701,KTS,my-thuat-do-thi,V00,Điểm thi THPT,2021,22.87,Mỹ thuật đô thị
106702,KTS,my-thuat-do-thi,V01,Điểm thi THPT,2021,22.87,Mỹ thuật đô thị
106703,KTS,my-thuat-do-thi,V02,Điểm thi THPT,2021,22.87,Mỹ thuật đô thị
106704,KTS,my-thuat-do-thi,V00,Điểm thi THPT,2022,22.7,Mỹ thuật đô thị
106705,KTS,my-thuat-do-thi,V01,Điểm thi THPT,2022,22.7,Mỹ thuật đô thị
106706,KTS,my-thuat-do-thi,V02,Điểm thi THPT,2022,22.7,Mỹ thuật đô thị
106707,KTS,my-thuat-do-thi,V00,Điểm học bạ,2023,21.77,Mỹ thuật đô thị
106708,KTS,my-thuat-do-thi,V01,Điểm học bạ,2023,21.77,Mỹ thuật đô thị
106709,KTS,my-thuat-do-thi,V02,Điểm học bạ,2023,21.77,Mỹ thuật đô thị
106710,KTS,my-thuat-do-thi,V00,Điểm thi THPT,2023,23.45,Mỹ thuật đô thị
106711,KTS,my-thuat-do-thi,V01,Điểm thi THPT,2023,23.45,Mỹ thuật đô thị
106712,KTS,my-thuat-do-thi,V02,Điểm thi THPT,2023,23.45,Mỹ thuật đô thị
106713,KTS,my-thuat-do-thi,V00,Điểm học bạ,2024,23.05,Mỹ thuật đô thị
106714,KTS,my-thuat-do-thi,V01,Điểm học bạ,2024,23.05,Mỹ thuật đô thị
106715,KTS,my-thuat-do-thi,V02,Điểm học bạ,2024,23.05,Mỹ thuật đô thị
106716,KTS,my-thuat-do-thi,V00,Điểm thi THPT,2024,22.76,Mỹ thuật đô thị
106717,KTS,my-thuat-do-thi,V01,Điểm thi THPT,2024,22.76,Mỹ thuật đô thị
106718,KTS,my-thuat-do-thi,V02,Điểm thi THPT,2024,22.76,Mỹ thuật đô thị
106719,KTS,my-thuat-do-thi,V00,Điểm học bạ,2025,20.57,Mỹ thuật đô thị
106720,KTS,my-thuat-do-thi,V01,Điểm học bạ,2025,20.57,Mỹ thuật đô thị
106721,KTS,my-thuat-do-thi,V02,Điểm học bạ,2025,20.57,Mỹ thuật đô thị
106722,KTS,my-thuat-do-thi,V00,Điểm thi THPT,2025,20.57,Mỹ thuật đô thị
106723,KTS,my-thuat-do-thi,V01,Điểm thi THPT,2025,20.57,Mỹ thuật đô thị
106724,KTS,my-thuat-do-thi,V02,Điểm thi THPT,2025,20.57,Mỹ thuật đô thị
106725,KTS,quan-ly-xay-dung,A00,Điểm học bạ,2021,24.51,Quản lý xây dựng
106726,KTS,quan-ly-xay-dung,A01,Điểm học bạ,2021,24.51,Quản lý xây dựng
106727,KTS,quan-ly-xay-dung,A00,Điểm thi THPT,2021,22.0,Quản lý xây dựng
106728,KTS,quan-ly-xay-dung,A01,Điểm thi THPT,2021,22.0,Quản lý xây dựng
106729,KTS,quan-ly-xay-dung,A00,Điểm thi THPT,2022,20.5,Quản lý xây dựng
106730,KTS,quan-ly-xay-dung,A01,Điểm thi THPT,2022,20.5,Quản lý xây dựng
106731,KTS,quan-ly-xay-dung,A00,Điểm học bạ,2023,25.63,Quản lý xây dựng
106732,KTS,quan-ly-xay-dung,A01,Điểm học bạ,2023,25.63,Quản lý xây dựng
106733,KTS,quan-ly-xay-dung,A00,Điểm thi THPT,2023,21.2,Quản lý xây dựng
106734,KTS,quan-ly-xay-dung,A01,Điểm thi THPT,2023,21.2,Quản lý xây dựng
106735,KTS,quan-ly-xay-dung,A00,Điểm học bạ,2024,24.72,Quản lý xây dựng
106736,KTS,quan-ly-xay-dung,A01,Điểm học bạ,2024,24.72,Quản lý xây dựng
106737,KTS,quan-ly-xay-dung,C01,Điểm học bạ,2024,24.72,Quản lý xây dựng
106738,KTS,quan-ly-xay-dung,C02,Điểm học bạ,2024,24.72,Quản lý xây dựng
106739,KTS,quan-ly-xay-dung,A00,Điểm thi THPT,2024,22.5,Quản lý xây dựng
106740,KTS,quan-ly-xay-dung,A01,Điểm thi THPT,2024,22.5,Quản lý xây dựng
106741,KTS,quan-ly-xay-dung,C01,Điểm thi THPT,2024,22.5,Quản lý xây dựng
106742,KTS,quan-ly-xay-dung,C02,Điểm thi THPT,2024,22.5,Quản lý xây dựng
106743,KTS,quan-ly-xay-dung,A00,Điểm học bạ,2025,20.5,Quản lý xây dựng
106744,KTS,quan-ly-xay-dung,A01,Điểm học bạ,2025,20.5,Quản lý xây dựng
106745,KTS,quan-ly-xay-dung,C01,Điểm học bạ,2025,20.5,Quản lý xây dựng
106746,KTS,quan-ly-xay-dung,A00,Điểm thi THPT,2025,20.5,Quản lý xây dựng
106747,KTS,quan-ly-xay-dung,A01,Điểm thi THPT,2025,20.5,Quản lý xây dựng
106748,KTS,quan-ly-xay-dung,C01,Điểm thi THPT,2025,20.5,Quản lý xây dựng
106749,KTS,quy-hoach-vung-va-do-thi,V00,Điểm học bạ,2021,22.8,Quy hoạch vùng và đô thị
106750,KTS,quy-hoach-vung-va-do-thi,V01,Điểm học bạ,2021,22.8,Quy hoạch vùng và đô thị
106751,KTS,quy-hoach-vung-va-do-thi,V02,Điểm học bạ,2021,22.8,Quy hoạch vùng và đô thị
106752,KTS,quy-hoach-vung-va-do-thi,V00,Điểm thi THPT,2021,22.65,Quy hoạch vùng và đô thị
106753,KTS,quy-hoach-vung-va-do-thi,V01,Điểm thi THPT,2021,22.65,Quy hoạch vùng và đô thị
106754,KTS,quy-hoach-vung-va-do-thi,V02,Điểm thi THPT,2021,22.65,Quy hoạch vùng và đô thị
106755,KTS,quy-hoach-vung-va-do-thi,V00,Điểm thi THPT,2022,22.28,Quy hoạch vùng và đô thị
106756,KTS,quy-hoach-vung-va-do-thi,V01,Điểm thi THPT,2022,22.28,Quy hoạch vùng và đô thị
106757,KTS,quy-hoach-vung-va-do-thi,V02,Điểm thi THPT,2022,22.28,Quy hoạch vùng và đô thị
106758,KTS,quy-hoach-vung-va-do-thi,V00,Điểm học bạ,2023,22.28,Quy hoạch vùng và đô thị
106759,KTS,quy-hoach-vung-va-do-thi,V01,Điểm học bạ,2023,22.28,Quy hoạch vùng và đô thị
106760,KTS,quy-hoach-vung-va-do-thi,V02,Điểm học bạ,2023,22.28,Quy hoạch vùng và đô thị
106761,KTS,quy-hoach-vung-va-do-thi,V00,Điểm thi THPT,2023,23.54,Quy hoạch vùng và đô thị
106762,KTS,quy-hoach-vung-va-do-thi,V01,Điểm thi THPT,2023,23.54,Quy hoạch vùng và đô thị
106763,KTS,quy-hoach-vung-va-do-thi,V02,Điểm thi THPT,2023,23.54,Quy hoạch vùng và đô thị
106764,KTS,quy-hoach-vung-va-do-thi,V00,Điểm học bạ,2024,23.49,Quy hoạch vùng và đô thị
106765,KTS,quy-hoach-vung-va-do-thi,V01,Điểm học bạ,2024,23.49,Quy hoạch vùng và đô thị
106766,KTS,quy-hoach-vung-va-do-thi,V02,Điểm học bạ,2024,23.49,Quy hoạch vùng và đô thị
106767,KTS,quy-hoach-vung-va-do-thi,V00,Điểm thi THPT,2024,23.12,Quy hoạch vùng và đô thị
106768,KTS,quy-hoach-vung-va-do-thi,V01,Điểm thi THPT,2024,23.12,Quy hoạch vùng và đô thị
106769,KTS,quy-hoach-vung-va-do-thi,V02,Điểm thi THPT,2024,23.12,Quy hoạch vùng và đô thị
106770,KTS,quy-hoach-vung-va-do-thi,V00,Điểm học bạ,2025,20.64,Quy hoạch vùng và đô thị
106771,KTS,quy-hoach-vung-va-do-thi,V01,Điểm học bạ,2025,20.64,Quy hoạch vùng và đô thị
106772,KTS,quy-hoach-vung-va-do-thi,V02,Điểm học bạ,2025,20.64,Quy hoạch vùng và đô thị
106773,KTS,quy-hoach-vung-va-do-thi,V00,Điểm thi THPT,2025,20.64,Quy hoạch vùng và đô thị
106774,KTS,quy-hoach-vung-va-do-thi,V01,Điểm thi THPT,2025,20.64,Quy hoạch vùng và đô thị
106775,KTS,quy-hoach-vung-va-do-thi,V02,Điểm thi THPT,2025,20.64,Quy hoạch vùng và đô thị
106776,KTS,thiet-ke-cong-nghiep,H01,Điểm học bạ,2021,24.42,Thiết kế công nghiệp
106777,KTS,thiet-ke-cong-nghiep,H02,Điểm học bạ,2021,24.42,Thiết kế công nghiệp
106778,KTS,thiet-ke-cong-nghiep,H01,Điểm thi THPT,2021,24.08,Thiết kế công nghiệp
106779,KTS,thiet-ke-cong-nghiep,H02,Điểm thi THPT,2021,24.08,Thiết kế công nghiệp
106780,KTS,thiet-ke-cong-nghiep,V01,Điểm thi THPT,2022,24.51,Thiết kế công nghiệp
106781,KTS,thiet-ke-cong-nghiep,V02,Điểm thi THPT,2022,24.51,Thiết kế công nghiệp
106782,KTS,thiet-ke-cong-nghiep,H01,Điểm học bạ,2023,24.85,Thiết kế công nghiệp
106783,KTS,thiet-ke-cong-nghiep,H02,Điểm học bạ,2023,24.85,Thiết kế công nghiệp
106784,KTS,thiet-ke-cong-nghiep,H01,Điểm thi THPT,2023,24.57,Thiết kế công nghiệp
106785,KTS,thiet-ke-cong-nghiep,H02,Điểm thi THPT,2023,24.57,Thiết kế công nghiệp
106786,KTS,thiet-ke-cong-nghiep,H01,Điểm học bạ,2024,25.05,Thiết kế công nghiệp
106787,KTS,thiet-ke-cong-nghiep,H02,Điểm học bạ,2024,25.05,Thiết kế công nghiệp
106788,KTS,thiet-ke-cong-nghiep,H01,Điểm thi THPT,2024,24.72,Thiết kế công nghiệp
106789,KTS,thiet-ke-cong-nghiep,H02,Điểm thi THPT,2024,24.72,Thiết kế công nghiệp
106790,KTS,thiet-ke-cong-nghiep,H01,Điểm học bạ,2025,23.2,Thiết kế công nghiệp
106791,KTS,thiet-ke-cong-nghiep,H02,Điểm học bạ,2025,23.2,Thiết kế công nghiệp
106792,KTS,thiet-ke-cong-nghiep,H01,Điểm thi THPT,2025,23.2,Thiết kế công nghiệp
106793,KTS,thiet-ke-cong-nghiep,H02,Điểm thi THPT,2025,23.2,Thiết kế công nghiệp
106794,KTS,thiet-ke-do-hoa,H01,Điểm học bạ,2021,24.87,Thiết kế đồ họa
106795,KTS,thiet-ke-do-hoa,H06,Điểm học bạ,2021,24.87,Thiết kế đồ họa
106796,KTS,thiet-ke-do-hoa,H01,Điểm thi THPT,2021,25.35,Thiết kế đồ họa
106797,KTS,thiet-ke-do-hoa,H06,Điểm thi THPT,2021,25.35,Thiết kế đồ họa
106798,KTS,thiet-ke-do-hoa,V01,Điểm thi THPT,2022,25.17,Thiết kế đồ họa
106799,KTS,thiet-ke-do-hoa,V02,Điểm thi THPT,2022,25.17,Thiết kế đồ họa
106800,KTS,thiet-ke-do-hoa,H01,Điểm học bạ,2023,26.01,Thiết kế đồ họa
106801,KTS,thiet-ke-do-hoa,H06,Điểm học bạ,2023,26.01,Thiết kế đồ họa
106802,KTS,thiet-ke-do-hoa,H01,Điểm thi THPT,2023,25.69,Thiết kế đồ họa
106803,KTS,thiet-ke-do-hoa,H06,Điểm thi THPT,2023,25.69,Thiết kế đồ họa
106804,KTS,thiet-ke-do-hoa,H01,Điểm học bạ,2024,25.44,Thiết kế đồ họa
106805,KTS,thiet-ke-do-hoa,H06,Điểm học bạ,2024,25.44,Thiết kế đồ họa
106806,KTS,thiet-ke-do-hoa,H01,Điểm thi THPT,2024,25.54,Thiết kế đồ họa
106807,KTS,thiet-ke-do-hoa,H06,Điểm thi THPT,2024,25.54,Thiết kế đồ họa
106808,KTS,thiet-ke-do-hoa,H01,Điểm học bạ,2025,24.43,Thiết kế đồ họa
106809,KTS,thiet-ke-do-hoa,H06,Điểm học bạ,2025,24.43,Thiết kế đồ họa
106810,KTS,thiet-ke-do-hoa,H01,Điểm thi THPT,2025,24.43,Thiết kế đồ họa
106811,KTS,thiet-ke-do-hoa,H06,Điểm thi THPT,2025,24.43,Thiết kế đồ họa
106812,KTS,thiet-ke-do-thi,V00,Điểm học bạ,2021,21.11,Thiết kế đô thị (CT tiên tiến)
106813,KTS,thiet-ke-do-thi,V01,Điểm học bạ,2021,21.11,Thiết kế đô thị (CT tiên tiến)
106814,KTS,thiet-ke-do-thi,V02,Điểm học bạ,2021,21.11,Thiết kế đô thị (CT tiên tiến)
106815,KTS,thiet-ke-do-thi,V00,Điểm thi THPT,2021,16.93,Thiết kế đô thị (CT tiên tiến)
106816,KTS,thiet-ke-do-thi,V01,Điểm thi THPT,2021,16.93,Thiết kế đô thị (CT tiên tiến)
106817,KTS,thiet-ke-do-thi,V02,Điểm thi THPT,2021,16.93,Thiết kế đô thị (CT tiên tiến)
106818,KTS,thiet-ke-do-thi,V00,Điểm thi THPT,2022,15.0,Thiết kế đô thị (CT tiên tiến)
106819,KTS,thiet-ke-do-thi,V01,Điểm thi THPT,2022,15.0,Thiết kế đô thị (CT tiên tiến)
106820,KTS,thiet-ke-do-thi,V02,Điểm thi THPT,2022,15.0,Thiết kế đô thị (CT tiên tiến)
106821,KTS,thiet-ke-do-thi,V00,Điểm học bạ,2023,22.08,Thiết kế đô thị (CT tiên tiến)
106822,KTS,thiet-ke-do-thi,V01,Điểm học bạ,2023,22.08,Thiết kế đô thị (CT tiên tiến)
106823,KTS,thiet-ke-do-thi,V02,Điểm học bạ,2023,22.08,Thiết kế đô thị (CT tiên tiến)
106824,KTS,thiet-ke-do-thi,V00,Điểm thi THPT,2023,20.96,Thiết kế đô thị (CT tiên tiến)
106825,KTS,thiet-ke-do-thi,V01,Điểm thi THPT,2023,20.96,Thiết kế đô thị (CT tiên tiến)
106826,KTS,thiet-ke-do-thi,V02,Điểm thi THPT,2023,20.96,Thiết kế đô thị (CT tiên tiến)
106827,KTS,thiet-ke-do-thi,V00,Điểm học bạ,2024,22.66,Thiết kế đô thị (Chương trình tiên tiến)
106828,KTS,thiet-ke-do-thi,V01,Điểm học bạ,2024,22.66,Thiết kế đô thị (Chương trình tiên tiến)
106829,KTS,thiet-ke-do-thi,V02,Điểm học bạ,2024,22.66,Thiết kế đô thị (Chương trình tiên tiến)
106830,KTS,thiet-ke-do-thi,V00,Điểm thi THPT,2024,21.39,Thiết kế đô thị (CT tiên tiến)
106831,KTS,thiet-ke-do-thi,V01,Điểm thi THPT,2024,21.39,Thiết kế đô thị (CT tiên tiến)
106832,KTS,thiet-ke-do-thi,V02,Điểm thi THPT,2024,21.39,Thiết kế đô thị (CT tiên tiến)
106833,KTS,thiet-ke-do-thi,V00,Điểm học bạ,2025,17.01,Thiết kế đô thị (Chương trình tiên tiến)
106834,KTS,thiet-ke-do-thi,V01,Điểm học bạ,2025,17.01,Thiết kế đô thị (Chương trình tiên tiến)
106835,KTS,thiet-ke-do-thi,V02,Điểm học bạ,2025,17.01,Thiết kế đô thị (Chương trình tiên tiến)
106836,KTS,thiet-ke-do-thi,V00,Điểm thi THPT,2025,17.01,Thiết kế đô thị (Chương trình tiên tiến)
106837,KTS,thiet-ke-do-thi,V01,Điểm thi THPT,2025,17.01,Thiết kế đô thị (Chương trình tiên tiến)
106838,KTS,thiet-ke-do-thi,V02,Điểm thi THPT,2025,17.01,Thiết kế đô thị (Chương trình tiên tiến)
106839,KTS,thiet-ke-noi-that,V00,Điểm học bạ,2021,24.72,Thiết kế nội thất
106840,KTS,thiet-ke-noi-that,V01,Điểm học bạ,2021,24.72,Thiết kế nội thất
106841,KTS,thiet-ke-noi-that,V02,Điểm học bạ,2021,24.72,Thiết kế nội thất
106842,KTS,thiet-ke-noi-that,V00,Điểm thi THPT,2021,24.46,Thiết kế nội thất
106843,KTS,thiet-ke-noi-that,V01,Điểm thi THPT,2021,24.46,Thiết kế nội thất
106844,KTS,thiet-ke-noi-that,V02,Điểm thi THPT,2021,24.46,Thiết kế nội thất
106845,KTS,thiet-ke-noi-that,V00,Điểm thi THPT,2022,24.59,Thiết kế nội thất
106846,KTS,thiet-ke-noi-that,V01,Điểm thi THPT,2022,24.59,Thiết kế nội thất
106847,KTS,thiet-ke-noi-that,V02,Điểm thi THPT,2022,24.59,Thiết kế nội thất
106848,KTS,thiet-ke-noi-that,V00,Điểm học bạ,2023,25.11,Thiết kế nội thất
106849,KTS,thiet-ke-noi-that,V01,Điểm học bạ,2023,25.11,Thiết kế nội thất
106850,KTS,thiet-ke-noi-that,V02,Điểm học bạ,2023,25.11,Thiết kế nội thất
106851,KTS,thiet-ke-noi-that,V00,Điểm thi THPT,2023,24.61,Thiết kế nội thất
106852,KTS,thiet-ke-noi-that,V01,Điểm thi THPT,2023,24.61,Thiết kế nội thất
106853,KTS,thiet-ke-noi-that,V02,Điểm thi THPT,2023,24.61,Thiết kế nội thất
106854,KTS,thiet-ke-noi-that,V00,Điểm học bạ,2024,22.87,Thiết kế nội thất
106855,KTS,thiet-ke-noi-that,V01,Điểm học bạ,2024,22.87,Thiết kế nội thất
106856,KTS,thiet-ke-noi-that,V02,Điểm học bạ,2024,22.87,Thiết kế nội thất
106857,KTS,thiet-ke-noi-that,V00,Điểm thi THPT,2024,23.91,Thiết kế nội thất
106858,KTS,thiet-ke-noi-that,V01,Điểm thi THPT,2024,23.91,Thiết kế nội thất
106859,KTS,thiet-ke-noi-that,V02,Điểm thi THPT,2024,23.91,Thiết kế nội thất
106860,KTS,thiet-ke-noi-that,V00,Điểm học bạ,2025,21.77,Thiết kế nội thất
106861,KTS,thiet-ke-noi-that,V01,Điểm học bạ,2025,21.77,Thiết kế nội thất
106862,KTS,thiet-ke-noi-that,V02,Điểm học bạ,2025,21.77,Thiết kế nội thất
106863,KTS,thiet-ke-noi-that,V00,Điểm thi THPT,2025,21.77,Thiết kế nội thất
106864,KTS,thiet-ke-noi-that,V01,Điểm thi THPT,2025,21.77,Thiết kế nội thất
106865,KTS,thiet-ke-noi-that,V02,Điểm thi THPT,2025,21.77,Thiết kế nội thất
106866,KTS,thiet-ke-thoi-trang,H01,Điểm học bạ,2021,24.38,Thiết kế thời trang
106867,KTS,thiet-ke-thoi-trang,H06,Điểm học bạ,2021,24.38,Thiết kế thời trang
106868,KTS,thiet-ke-thoi-trang,H01,Điểm thi THPT,2021,24.26,Thiết kế thời trang
106869,KTS,thiet-ke-thoi-trang,H06,Điểm thi THPT,2021,24.26,Thiết kế thời trang
106870,KTS,thiet-ke-thoi-trang,V01,Điểm thi THPT,2022,24.22,Thiết kế thời trang
106871,KTS,thiet-ke-thoi-trang,V02,Điểm thi THPT,2022,24.22,Thiết kế thời trang
106872,KTS,thiet-ke-thoi-trang,H01,Điểm học bạ,2023,22.95,Thiết kế thời trang
106873,KTS,thiet-ke-thoi-trang,H06,Điểm học bạ,2023,22.95,Thiết kế thời trang
106874,KTS,thiet-ke-thoi-trang,H01,Điểm thi THPT,2023,24.7,Thiết kế thời trang
106875,KTS,thiet-ke-thoi-trang,H06,Điểm thi THPT,2023,24.7,Thiết kế thời trang
106876,KTS,thiet-ke-thoi-trang,H01,Điểm học bạ,2024,25.04,Thiết kế thời trang
106877,KTS,thiet-ke-thoi-trang,H06,Điểm học bạ,2024,25.04,Thiết kế thời trang
106878,KTS,thiet-ke-thoi-trang,H01,Điểm thi THPT,2024,24.81,Thiết kế thời trang
106879,KTS,thiet-ke-thoi-trang,H06,Điểm thi THPT,2024,24.81,Thiết kế thời trang
106880,LAH,chi-huy-tham-muu-luc-quan,A00,Điểm thi THPT,2021,24.3,Chỉ huy tham mưu Lục quân
106881,LAH,chi-huy-tham-muu-luc-quan,A01,Điểm thi THPT,2021,24.3,Chỉ huy tham mưu Lục quân
106882,LAH,chi-huy-tham-muu-luc-quan,A00,Điểm thi THPT,2022,24.55,Chỉ huy tham mưu Lục quân
106883,LAH,chi-huy-tham-muu-luc-quan,A01,Điểm thi THPT,2022,24.55,Chỉ huy tham mưu Lục quân
106884,LAH,chi-huy-tham-muu-luc-quan,A00,Điểm thi THPT,2023,21.1,Ngành Chỉ huy tham mưu Lục quân
106885,LAH,chi-huy-tham-muu-luc-quan,A01,Điểm thi THPT,2023,21.1,Ngành Chỉ huy tham mưu Lục quân
106886,LAH,chi-huy-tham-muu-luc-quan,A00,Điểm học bạ,2024,26.91,Chỉ huy tham mưu Lục quân
106887,LAH,chi-huy-tham-muu-luc-quan,A01,Điểm học bạ,2024,26.91,Chỉ huy tham mưu Lục quân
106888,LAH,chi-huy-tham-muu-luc-quan,A00,Điểm thi THPT,2024,24.45,Chỉ huy tham mưu Lục quân
106889,LAH,chi-huy-tham-muu-luc-quan,A01,Điểm thi THPT,2024,24.45,Chỉ huy tham mưu Lục quân
106890,LAH,chi-huy-tham-muu-luc-quan,A00,Điểm thi THPT,2025,24.2,Chỉ huy Tham mưu Lục quân
106891,LAH,chi-huy-tham-muu-luc-quan,A01,Điểm thi THPT,2025,24.2,Chỉ huy Tham mưu Lục quân
106892,LAH,chi-huy-tham-muu-luc-quan,C01,Điểm thi THPT,2025,24.2,Chỉ huy Tham mưu Lục quân
106893,LAH,quan-su-co-so-quan-khu-1,C00,Điểm thi THPT,2025,17.5,Quân sự cơ sở - Quân khu 1
106894,LAH,quan-su-co-so-quan-khu-2,C00,Điểm thi THPT,2025,16.5,Quân sự cơ sở - Quân khu 2
106895,LAH,quan-su-co-so-quan-khu-3,C00,Điểm thi THPT,2025,15.85,Quân sự cơ sở - Quân khu 3
106896,LAH,quan-su-co-so-quan-khu-4,C00,Điểm thi THPT,2025,20.25,Quân sự cơ sở - Quân khu 4
106897,LBH,chi-huy-tham-muu-luc-quan,A00,Điểm thi THPT,2021,27.07,Chỉ huy tham mưu Lục quân
106898,LBH,chi-huy-tham-muu-luc-quan,A01,Điểm thi THPT,2021,27.07,Chỉ huy tham mưu Lục quân
106899,LBH,chi-huy-tham-muu-luc-quan,A00,Điểm thi THPT,2022,24.5,Chỉ huy tham mưu Lục quân
106900,LBH,chi-huy-tham-muu-luc-quan,A01,Điểm thi THPT,2022,24.5,Chỉ huy tham mưu Lục quân
106901,LBH,chi-huy-tham-muu-luc-quan,A00,Điểm thi THPT,2023,22.0,Ngành Chỉ huy tham mưu Lục quân
106902,LBH,chi-huy-tham-muu-luc-quan,A01,Điểm thi THPT,2023,22.0,Ngành Chỉ huy tham mưu Lục quân
106903,LBH,chi-huy-tham-muu-luc-quan,A00,Điểm học bạ,2024,28.2,Chỉ huy tham mưu Lục quân
106904,LBH,chi-huy-tham-muu-luc-quan,A01,Điểm học bạ,2024,28.2,Chỉ huy tham mưu Lục quân
106905,LBH,chi-huy-tham-muu-luc-quan,A00,Điểm thi THPT,2024,25.24,Chỉ huy tham mưu Lục quân
106906,LBH,chi-huy-tham-muu-luc-quan,A01,Điểm thi THPT,2024,25.24,Chỉ huy tham mưu Lục quân
106907,LBH,chi-huy-tham-muu-luc-quan,A00,Điểm thi THPT,2025,21.85,Chỉ huy Tham mưu Lục quân (QK4)
106908,LBH,chi-huy-tham-muu-luc-quan,A01,Điểm thi THPT,2025,21.85,Chỉ huy Tham mưu Lục quân (QK4)
106909,LBH,chi-huy-tham-muu-luc-quan,C01,Điểm thi THPT,2025,21.85,Chỉ huy Tham mưu Lục quân (QK4)
106910,LCH,xay-dung-dang-va-chinh-quyen-nha-nuoc,A00,Điểm thi THPT,2021,23.0,Xây dựng Đảng và chính quyền Nhà nước
106911,LCH,xay-dung-dang-va-chinh-quyen-nha-nuoc,C00,Điểm thi THPT,2021,26.77,Xây dựng Đảng và chính quyền Nhà nước
106912,LCH,xay-dung-dang-va-chinh-quyen-nha-nuoc,D01,Điểm thi THPT,2021,23.1,Xây dựng Đảng và chính quyền Nhà nước
106913,LCH,xay-dung-dang-va-chinh-quyen-nha-nuoc,C00,Điểm học bạ,2022,26.5,Xây dựng Đảng và chính quyền Nhà nước
106914,LCH,xay-dung-dang-va-chinh-quyen-nha-nuoc,A00,Điểm thi THPT,2022,25.25,Xây dựng Đảng và chính quyền Nhà nước
106915,LCH,xay-dung-dang-va-chinh-quyen-nha-nuoc,C00,Điểm thi THPT,2022,28.5,Xây dựng Đảng và chính quyền Nhà nước
106916,LCH,xay-dung-dang-va-chinh-quyen-nha-nuoc,D01,Điểm thi THPT,2022,22.1,Xây dựng Đảng và chính quyền Nhà nước
106917,LCH,xay-dung-dang-va-chinh-quyen-nha-nuoc,C00,Điểm học bạ,2023,23.93,Ngành Xây dựng Đảng và chính quyền Nhà nước
106918,LCH,xay-dung-dang-va-chinh-quyen-nha-nuoc,D01,Điểm học bạ,2023,22.6,Ngành Xây dựng Đảng và chính quyền Nhà nước
106919,LCH,xay-dung-dang-va-chinh-quyen-nha-nuoc,A00,Điểm thi THPT,2023,19.8,Ngành Xây dựng Đảng và chính quyền Nhà nước
106920,LCH,xay-dung-dang-va-chinh-quyen-nha-nuoc,C00,Điểm thi THPT,2023,26.27,Ngành Xây dựng Đảng và chính quyền Nhà nước
106921,LCH,xay-dung-dang-va-chinh-quyen-nha-nuoc,D01,Điểm thi THPT,2023,23.75,Ngành Xây dựng Đảng và chính quyền Nhà nước
106922,LCH,xay-dung-dang-va-chinh-quyen-nha-nuoc,A00,Điểm học bạ,2024,27.14,Xây dựng Đảng và chính quyền Nhà nước
106923,LCH,xay-dung-dang-va-chinh-quyen-nha-nuoc,C00,Điểm học bạ,2024,25.03,Xây dựng Đảng và chính quyền Nhà nước
106924,LCH,xay-dung-dang-va-chinh-quyen-nha-nuoc,D01,Điểm học bạ,2024,24.99,Xây dựng Đảng và chính quyền Nhà nước
106925,LCH,xay-dung-dang-va-chinh-quyen-nha-nuoc,A00,Điểm thi THPT,2024,24.92,Xây dựng Đảng và chính quyền Nhà nước
106926,LCH,xay-dung-dang-va-chinh-quyen-nha-nuoc,C00,Điểm thi THPT,2024,27.2,Xây dựng Đảng và chính quyền Nhà nước
106927,LCH,xay-dung-dang-va-chinh-quyen-nha-nuoc,D01,Điểm thi THPT,2024,23.2,Xây dựng Đảng và chính quyền Nhà nước
106928,LCH,xay-dung-dang-va-chinh-quyen-nha-nuoc,A00,Điểm thi THPT,2025,31.33,Xây dựng Đảng và Chính quyền Nhà nước (miền Bắc)
106929,LCH,xay-dung-dang-va-chinh-quyen-nha-nuoc,C00,Điểm thi THPT,2025,27.83,Xây dựng Đảng và Chính quyền Nhà nước (miền Bắc)
106930,LCH,xay-dung-dang-va-chinh-quyen-nha-nuoc,C03,Điểm thi THPT,2025,29.0,Xây dựng Đảng và Chính quyền Nhà nước (miền Bắc)
106931,LCH,xay-dung-dang-va-chinh-quyen-nha-nuoc,C04,Điểm thi THPT,2025,29.0,Xây dựng Đảng và Chính quyền Nhà nước (miền Bắc)
106932,LCH,xay-dung-dang-va-chinh-quyen-nha-nuoc,D01,Điểm thi THPT,2025,30.17,Xây dựng Đảng và Chính quyền Nhà nước (miền Bắc)
106933,LDA,bao-ho-lao-dong,A00,Điểm thi THPT,2021,18.2,Bảo hộ Lao động
106934,LDA,bao-ho-lao-dong,A01,Điểm thi THPT,2021,18.2,Bảo hộ Lao động
106935,LDA,bao-ho-lao-dong,D01,Điểm thi THPT,2021,18.2,Bảo hộ Lao động
106936,LDA,bao-ho-lao-dong,A00,Điểm thi THPT,2022,15.3,Bảo hộ lao động
106937,LDA,bao-ho-lao-dong,A01,Điểm thi THPT,2022,15.3,Bảo hộ lao động
106938,LDA,bao-ho-lao-dong,D01,Điểm thi THPT,2022,15.3,Bảo hộ lao động
106939,LDA,bao-ho-lao-dong,A00,Điểm thi THPT,2023,15.15,Bảo hộ lao động
106940,LDA,bao-ho-lao-dong,A01,Điểm thi THPT,2023,15.15,Bảo hộ lao động
106941,LDA,bao-ho-lao-dong,D01,Điểm thi THPT,2023,15.15,Bảo hộ lao động
106942,LDA,bao-ho-lao-dong,A00,Điểm thi THPT,2024,15.2,Bảo hộ lao động
106943,LDA,bao-ho-lao-dong,A01,Điểm thi THPT,2024,15.2,Bảo hộ lao động
106944,LDA,bao-ho-lao-dong,D01,Điểm thi THPT,2024,15.2,Bảo hộ lao động
106945,LDA,bao-ho-lao-dong,A00,Điểm học bạ,2025,23.14,Bảo hộ lao động
106946,LDA,bao-ho-lao-dong,A01,Điểm học bạ,2025,23.14,Bảo hộ lao động
106947,LDA,bao-ho-lao-dong,A03,Điểm học bạ,2025,23.14,Bảo hộ lao động
106948,LDA,bao-ho-lao-dong,C01,Điểm học bạ,2025,23.14,Bảo hộ lao động
106949,LDA,bao-ho-lao-dong,D01,Điểm học bạ,2025,23.14,Bảo hộ lao động
106950,LDA,bao-ho-lao-dong,X06,Điểm học bạ,2025,23.14,Bảo hộ lao động
106951,LDA,bao-ho-lao-dong,A00,Điểm thi THPT,2025,19.69,Bảo hộ lao động
106952,LDA,bao-ho-lao-dong,A01,Điểm thi THPT,2025,19.69,Bảo hộ lao động
106953,LDA,bao-ho-lao-dong,A03,Điểm thi THPT,2025,19.69,Bảo hộ lao động
106954,LDA,bao-ho-lao-dong,C01,Điểm thi THPT,2025,19.69,Bảo hộ lao động
106955,LDA,bao-ho-lao-dong,D01,Điểm thi THPT,2025,19.69,Bảo hộ lao động
106956,LDA,bao-ho-lao-dong,X06,Điểm thi THPT,2025,19.69,Bảo hộ lao động
106957,LDA,cong-nghe-thong-tin,A00,Điểm học bạ,2025,26.1,Công nghệ thông tin
106958,LDA,cong-nghe-thong-tin,A01,Điểm học bạ,2025,26.1,Công nghệ thông tin
106959,LDA,cong-nghe-thong-tin,A03,Điểm học bạ,2025,26.1,Công nghệ thông tin
106960,LDA,cong-nghe-thong-tin,C01,Điểm học bạ,2025,26.1,Công nghệ thông tin
106961,LDA,cong-nghe-thong-tin,D01,Điểm học bạ,2025,26.1,Công nghệ thông tin
106962,LDA,cong-nghe-thong-tin,X06,Điểm học bạ,2025,26.1,Công nghệ thông tin
106963,LDA,cong-nghe-thong-tin,A00,Điểm thi THPT,2025,23.6,Công nghệ thông tin
106964,LDA,cong-nghe-thong-tin,A01,Điểm thi THPT,2025,23.6,Công nghệ thông tin
106965,LDA,cong-nghe-thong-tin,A03,Điểm thi THPT,2025,23.6,Công nghệ thông tin
106966,LDA,cong-nghe-thong-tin,C01,Điểm thi THPT,2025,23.6,Công nghệ thông tin
106967,LDA,cong-nghe-thong-tin,D01,Điểm thi THPT,2025,23.6,Công nghệ thông tin
106968,LDA,cong-nghe-thong-tin,X06,Điểm thi THPT,2025,23.6,Công nghệ thông tin
106969,LDA,cong-tac-xa-hoi,A01,Điểm thi THPT,2021,19.7,Công tác xã hội
106970,LDA,cong-tac-xa-hoi,C00,Điểm thi THPT,2021,19.7,Công tác xã hội
106971,LDA,cong-tac-xa-hoi,D01,Điểm thi THPT,2021,19.7,Công tác xã hội
106972,LDA,cong-tac-xa-hoi,A01,Điểm thi THPT,2022,19.0,Công tác xã hội
106973,LDA,cong-tac-xa-hoi,C00,Điểm thi THPT,2022,19.0,Công tác xã hội
106974,LDA,cong-tac-xa-hoi,D01,Điểm thi THPT,2022,19.0,Công tác xã hội
106975,LDA,cong-tac-xa-hoi,A01,Điểm thi THPT,2023,21.25,Công tác xã hội
106976,LDA,cong-tac-xa-hoi,C00,Điểm thi THPT,2023,21.25,Công tác xã hội
106977,LDA,cong-tac-xa-hoi,D01,Điểm thi THPT,2023,21.25,Công tác xã hội
106978,LDA,cong-tac-xa-hoi,A01,Điểm thi THPT,2024,23.75,Công tác xã hội
106979,LDA,cong-tac-xa-hoi,C00,Điểm thi THPT,2024,23.75,Công tác xã hội
106980,LDA,cong-tac-xa-hoi,D01,Điểm thi THPT,2024,23.75,Công tác xã hội
106981,LDA,cong-tac-xa-hoi,C00,Điểm thi THPT,2025,23.72,Công tác xã hội
106982,LDA,cong-tac-xa-hoi,C03,Điểm thi THPT,2025,23.72,Công tác xã hội
106983,LDA,cong-tac-xa-hoi,C07,Điểm thi THPT,2025,23.72,Công tác xã hội
106984,LDA,cong-tac-xa-hoi,D01,Điểm thi THPT,2025,23.72,Công tác xã hội
106985,LDA,cong-tac-xa-hoi,D14,Điểm thi THPT,2025,23.72,Công tác xã hội
106986,LDA,cong-tac-xa-hoi,X70,Điểm thi THPT,2025,23.72,Công tác xã hội
106987,LDA,du-lich,C00,Điểm học bạ,2024,24.13,Du lịch
106988,LDA,du-lich,D01,Điểm học bạ,2024,24.13,Du lịch
106989,LDA,du-lich,D14,Điểm học bạ,2024,24.13,Du lịch
106990,LDA,du-lich,D15,Điểm học bạ,2024,24.13,Du lịch
106991,LDA,du-lich,C00,Điểm thi THPT,2024,24.63,Du lịch
106992,LDA,du-lich,D01,Điểm thi THPT,2024,24.63,Du lịch
106993,LDA,du-lich,D14,Điểm thi THPT,2024,24.63,Du lịch
106994,LDA,du-lich,D15,Điểm thi THPT,2024,24.63,Du lịch
106995,LDA,du-lich,D01,Điểm học bạ,2025,26.5,Du lịch
106996,LDA,du-lich,D11,Điểm học bạ,2025,26.5,Du lịch
106997,LDA,du-lich,D12,Điểm học bạ,2025,26.5,Du lịch
106998,LDA,du-lich,D14,Điểm học bạ,2025,26.5,Du lịch
106999,LDA,du-lich,D15,Điểm học bạ,2025,26.5,Du lịch
107000,LDA,du-lich,X79,Điểm học bạ,2025,26.5,Du lịch
107001,LDA,du-lich,D01,Điểm thi THPT,2025,24.0,Du lịch
107002,LDA,du-lich,D11,Điểm thi THPT,2025,24.0,Du lịch
107003,LDA,du-lich,D12,Điểm thi THPT,2025,24.0,Du lịch
107004,LDA,du-lich,D14,Điểm thi THPT,2025,24.0,Du lịch
107005,LDA,du-lich,D15,Điểm thi THPT,2025,24.0,Du lịch
107006,LDA,du-lich,X79,Điểm thi THPT,2025,24.0,Du lịch
107007,LDA,ke-toan,A00,Điểm thi THPT,2021,24.85,Kế toán
107008,LDA,ke-toan,A01,Điểm thi THPT,2021,24.85,Kế toán
107009,LDA,ke-toan,D01,Điểm thi THPT,2021,24.85,Kế toán
107010,LDA,ke-toan,A00,Điểm thi THPT,2022,23.6,Kế toán
107011,LDA,ke-toan,A01,Điểm thi THPT,2022,23.6,Kế toán
107012,LDA,ke-toan,D01,Điểm thi THPT,2022,23.6,Kế toán
107013,LDA,ke-toan,A00,Điểm thi THPT,2023,23.15,Kế toán
107014,LDA,ke-toan,A01,Điểm thi THPT,2023,23.15,Kế toán
107015,LDA,ke-toan,D01,Điểm thi THPT,2023,23.15,Kế toán
107016,LDA,ke-toan,A00,Điểm thi THPT,2024,23.6,Kế toán
107017,LDA,ke-toan,A01,Điểm thi THPT,2024,23.6,Kế toán
107018,LDA,ke-toan,D01,Điểm thi THPT,2024,23.6,Kế toán
107019,LDA,ke-toan,A01,Điểm thi THPT,2025,18.2,Kế toán
107020,LDA,ke-toan,D01,Điểm thi THPT,2025,18.2,Kế toán
107021,LDA,ke-toan,D07,Điểm thi THPT,2025,18.2,Kế toán
107022,LDA,ke-toan,D09,Điểm thi THPT,2025,18.2,Kế toán
107023,LDA,ke-toan,D10,Điểm thi THPT,2025,18.2,Kế toán
107024,LDA,ke-toan,X25,Điểm thi THPT,2025,18.2,Kế toán
107025,LDA,khoa-hoc-du-lieu,A00,Điểm học bạ,2025,24.5,Khoa học dữ liệu
107026,LDA,khoa-hoc-du-lieu,A01,Điểm học bạ,2025,24.5,Khoa học dữ liệu
107027,LDA,khoa-hoc-du-lieu,A03,Điểm học bạ,2025,24.5,Khoa học dữ liệu
107028,LDA,khoa-hoc-du-lieu,C01,Điểm học bạ,2025,24.5,Khoa học dữ liệu
107029,LDA,khoa-hoc-du-lieu,D01,Điểm học bạ,2025,24.5,Khoa học dữ liệu
107030,LDA,khoa-hoc-du-lieu,X06,Điểm học bạ,2025,24.5,Khoa học dữ liệu
107031,LDA,khoa-hoc-du-lieu,A00,Điểm thi THPT,2025,21.5,Khoa học dữ liệu
107032,LDA,khoa-hoc-du-lieu,A01,Điểm thi THPT,2025,21.5,Khoa học dữ liệu
107033,LDA,khoa-hoc-du-lieu,A03,Điểm thi THPT,2025,21.5,Khoa học dữ liệu
107034,LDA,khoa-hoc-du-lieu,C01,Điểm thi THPT,2025,21.5,Khoa học dữ liệu
107035,LDA,khoa-hoc-du-lieu,D01,Điểm thi THPT,2025,21.5,Khoa học dữ liệu
107036,LDA,khoa-hoc-du-lieu,X06,Điểm thi THPT,2025,21.5,Khoa học dữ liệu
107037,LDA,kinh-te,A00,Điểm học bạ,2023,25.7,Kinh tế
107038,LDA,kinh-te,A01,Điểm học bạ,2023,25.7,Kinh tế
107039,LDA,kinh-te,D01,Điểm học bạ,2023,25.7,Kinh tế
107040,LDA,kinh-te,A00,Điểm thi THPT,2023,22.3,Kinh tế
107041,LDA,kinh-te,A01,Điểm thi THPT,2023,22.3,Kinh tế
107042,LDA,kinh-te,D01,Điểm thi THPT,2023,22.3,Kinh tế
107043,LDA,kinh-te,A00,Điểm học bạ,2024,25.07,Kinh tế
107044,LDA,kinh-te,A01,Điểm học bạ,2024,25.07,Kinh tế
107045,LDA,kinh-te,D01,Điểm học bạ,2024,25.07,Kinh tế
107046,LDA,kinh-te,A00,Điểm thi THPT,2024,23.4,Kinh tế
107047,LDA,kinh-te,A01,Điểm thi THPT,2024,23.4,Kinh tế
107048,LDA,kinh-te,D01,Điểm thi THPT,2024,23.4,Kinh tế
107049,LDA,kinh-te,A01,Điểm học bạ,2025,26.9,Kinh tế
107050,LDA,kinh-te,D01,Điểm học bạ,2025,26.9,Kinh tế
107051,LDA,kinh-te,D07,Điểm học bạ,2025,26.9,Kinh tế
107052,LDA,kinh-te,D09,Điểm học bạ,2025,26.9,Kinh tế
107053,LDA,kinh-te,D10,Điểm học bạ,2025,26.9,Kinh tế
107054,LDA,kinh-te,X25,Điểm học bạ,2025,26.9,Kinh tế
107055,LDA,kinh-te,A01,Điểm thi THPT,2025,24.4,Kinh tế
107056,LDA,kinh-te,D01,Điểm thi THPT,2025,24.4,Kinh tế
107057,LDA,kinh-te,D07,Điểm thi THPT,2025,24.4,Kinh tế
107058,LDA,kinh-te,D09,Điểm thi THPT,2025,24.4,Kinh tế
107059,LDA,kinh-te,D10,Điểm thi THPT,2025,24.4,Kinh tế
107060,LDA,kinh-te,X25,Điểm thi THPT,2025,24.4,Kinh tế
107061,LDA,luat,A01,Điểm thi THPT,2021,25.5,Luật
107062,LDA,luat,C00,Điểm thi THPT,2021,25.5,Luật
107063,LDA,luat,D01,Điểm thi THPT,2021,25.5,Luật
107064,LDA,luat,A01,Điểm thi THPT,2022,26.1,Luật
107065,LDA,luat,C00,Điểm thi THPT,2022,26.1,Luật
107066,LDA,luat,D01,Điểm thi THPT,2022,26.1,Luật
107067,LDA,luat,A01,Điểm thi THPT,2023,23.23,Luật
107068,LDA,luat,C00,Điểm thi THPT,2023,23.23,Luật
107069,LDA,luat,D01,Điểm thi THPT,2023,23.23,Luật
107070,LDA,luat,A01,Điểm thi THPT,2024,26.38,Luật
107071,LDA,luat,C00,Điểm thi THPT,2024,26.38,Luật
107072,LDA,luat,D01,Điểm thi THPT,2024,26.38,Luật
107073,LDA,luat,C00,Điểm thi THPT,2025,25.25,Luật
107074,LDA,luat,C03,Điểm thi THPT,2025,25.25,Luật
107075,LDA,luat,C07,Điểm thi THPT,2025,25.25,Luật
107076,LDA,luat,D01,Điểm thi THPT,2025,25.25,Luật
107077,LDA,luat,D14,Điểm thi THPT,2025,25.25,Luật
107078,LDA,luat,X70,Điểm thi THPT,2025,25.25,Luật
107079,LDA,ngon-ngu-anh,D01,Điểm học bạ,2022,24.0,Ngôn ngữ Anh
107080,LDA,ngon-ngu-anh,D14,Điểm học bạ,2022,24.0,Ngôn ngữ Anh
107081,LDA,ngon-ngu-anh,D15,Điểm học bạ,2022,24.0,Ngôn ngữ Anh
107082,LDA,ngon-ngu-anh,D01,Điểm thi THPT,2022,30.5,Ngôn ngữ Anh
107083,LDA,ngon-ngu-anh,D14,Điểm thi THPT,2022,30.5,Ngôn ngữ Anh
107084,LDA,ngon-ngu-anh,D15,Điểm thi THPT,2022,30.5,Ngôn ngữ Anh
107085,LDA,ngon-ngu-anh,D01,Điểm học bạ,2023,26.0,Ngôn ngữ Anh
107086,LDA,ngon-ngu-anh,D14,Điểm học bạ,2023,26.0,Ngôn ngữ Anh
107087,LDA,ngon-ngu-anh,D15,Điểm học bạ,2023,26.0,Ngôn ngữ Anh
107088,LDA,ngon-ngu-anh,D01,Điểm thi THPT,2023,32.0,Ngôn ngữ Anh
107089,LDA,ngon-ngu-anh,D14,Điểm thi THPT,2023,32.0,Ngôn ngữ Anh
107090,LDA,ngon-ngu-anh,D15,Điểm thi THPT,2023,32.0,Ngôn ngữ Anh
107091,LDA,ngon-ngu-anh,D01,Điểm học bạ,2024,25.75,Ngôn ngữ Anh
107092,LDA,ngon-ngu-anh,D14,Điểm học bạ,2024,25.75,Ngôn ngữ Anh
107093,LDA,ngon-ngu-anh,D15,Điểm học bạ,2024,25.75,Ngôn ngữ Anh
107094,LDA,ngon-ngu-anh,D01,Điểm thi THPT,2024,33.0,Ngôn ngữ Anh
107095,LDA,ngon-ngu-anh,D14,Điểm thi THPT,2024,33.0,Ngôn ngữ Anh
107096,LDA,ngon-ngu-anh,D15,Điểm thi THPT,2024,33.0,Ngôn ngữ Anh
107097,LDA,ngon-ngu-anh,D01,Điểm học bạ,2025,27.47,Ngôn ngữ Anh
107098,LDA,ngon-ngu-anh,D11,Điểm học bạ,2025,27.47,Ngôn ngữ Anh
107099,LDA,ngon-ngu-anh,D12,Điểm học bạ,2025,27.47,Ngôn ngữ Anh
107100,LDA,ngon-ngu-anh,D14,Điểm học bạ,2025,27.47,Ngôn ngữ Anh
107101,LDA,ngon-ngu-anh,D15,Điểm học bạ,2025,27.47,Ngôn ngữ Anh
107102,LDA,ngon-ngu-anh,X79,Điểm học bạ,2025,27.47,Ngôn ngữ Anh
107103,LDA,ngon-ngu-anh,D01,Điểm thi THPT,2025,24.97,Ngôn ngữ Anh
107104,LDA,ngon-ngu-anh,D11,Điểm thi THPT,2025,24.97,Ngôn ngữ Anh
107105,LDA,ngon-ngu-anh,D12,Điểm thi THPT,2025,24.97,Ngôn ngữ Anh
107106,LDA,ngon-ngu-anh,D14,Điểm thi THPT,2025,24.97,Ngôn ngữ Anh
107107,LDA,ngon-ngu-anh,D15,Điểm thi THPT,2025,24.97,Ngôn ngữ Anh
107108,LDA,ngon-ngu-anh,X79,Điểm thi THPT,2025,24.97,Ngôn ngữ Anh
107109,LDA,quan-he-lao-dong,A00,Điểm thi THPT,2021,15.1,Quan hệ lao động
107110,LDA,quan-he-lao-dong,A01,Điểm thi THPT,2021,15.1,Quan hệ lao động
107111,LDA,quan-he-lao-dong,D01,Điểm thi THPT,2021,15.1,Quan hệ lao động
107112,LDA,quan-he-lao-dong,A00,Điểm thi THPT,2022,15.3,Quan hệ lao động
107113,LDA,quan-he-lao-dong,A01,Điểm thi THPT,2022,15.3,Quan hệ lao động
107114,LDA,quan-he-lao-dong,D01,Điểm thi THPT,2022,15.3,Quan hệ lao động
107115,LDA,quan-he-lao-dong,A00,Điểm thi THPT,2023,17.1,Quan hệ lao dộng
107116,LDA,quan-he-lao-dong,A01,Điểm thi THPT,2023,17.1,Quan hệ lao dộng
107117,LDA,quan-he-lao-dong,D01,Điểm thi THPT,2023,17.1,Quan hệ lao dộng
107118,LDA,quan-he-lao-dong,A00,Điểm thi THPT,2024,19.95,Quan hệ lao động
107119,LDA,quan-he-lao-dong,A01,Điểm thi THPT,2024,19.95,Quan hệ lao động
107120,LDA,quan-he-lao-dong,D01,Điểm thi THPT,2024,19.95,Quan hệ lao động
107121,LDA,quan-he-lao-dong,A01,Điểm học bạ,2025,23.7,Quan hệ lao động
107122,LDA,quan-he-lao-dong,D01,Điểm học bạ,2025,23.7,Quan hệ lao động
107123,LDA,quan-he-lao-dong,D07,Điểm học bạ,2025,23.7,Quan hệ lao động
107124,LDA,quan-he-lao-dong,D09,Điểm học bạ,2025,23.7,Quan hệ lao động
107125,LDA,quan-he-lao-dong,D10,Điểm học bạ,2025,23.7,Quan hệ lao động
107126,LDA,quan-he-lao-dong,X25,Điểm học bạ,2025,23.7,Quan hệ lao động
107127,LDA,quan-he-lao-dong,A01,Điểm thi THPT,2025,20.43,Quan hệ lao động
107128,LDA,quan-he-lao-dong,D01,Điểm thi THPT,2025,20.43,Quan hệ lao động
107129,LDA,quan-he-lao-dong,D07,Điểm thi THPT,2025,20.43,Quan hệ lao động
107130,LDA,quan-he-lao-dong,D09,Điểm thi THPT,2025,20.43,Quan hệ lao động
107131,LDA,quan-he-lao-dong,D10,Điểm thi THPT,2025,20.43,Quan hệ lao động
107132,LDA,quan-he-lao-dong,X25,Điểm thi THPT,2025,20.43,Quan hệ lao động
107133,LDA,quan-tri-kinh-doanh,A00,Điểm thi THPT,2021,24.65,Quản trị Kinh doanh
107134,LDA,quan-tri-kinh-doanh,A01,Điểm thi THPT,2021,24.65,Quản trị Kinh doanh
107135,LDA,quan-tri-kinh-doanh,D01,Điểm thi THPT,2021,24.65,Quản trị Kinh doanh
107136,LDA,quan-tri-kinh-doanh,A00,Điểm thi THPT,2022,23.25,Quản trị kinh doanh
107137,LDA,quan-tri-kinh-doanh,A01,Điểm thi THPT,2022,23.25,Quản trị kinh doanh
107138,LDA,quan-tri-kinh-doanh,D01,Điểm thi THPT,2022,23.25,Quản trị kinh doanh
107139,LDA,quan-tri-kinh-doanh,A00,Điểm thi THPT,2023,22.8,Quản trị kinh doanh
107140,LDA,quan-tri-kinh-doanh,A01,Điểm thi THPT,2023,22.8,Quản trị kinh doanh
107141,LDA,quan-tri-kinh-doanh,D01,Điểm thi THPT,2023,22.8,Quản trị kinh doanh
107142,LDA,quan-tri-kinh-doanh,A00,Điểm thi THPT,2024,22.8,Quản trị kinh doanh
107143,LDA,quan-tri-kinh-doanh,A01,Điểm thi THPT,2024,22.8,Quản trị kinh doanh
107144,LDA,quan-tri-kinh-doanh,D01,Điểm thi THPT,2024,22.8,Quản trị kinh doanh
107145,LDA,quan-tri-kinh-doanh,A01,Điểm học bạ,2025,25.29,Quản trị kinh doanh (chương trình định hướng chuyên sâu nghề nghiệp quốc tế - IPOP)
107146,LDA,quan-tri-kinh-doanh,D01,Điểm học bạ,2025,25.29,Quản trị kinh doanh (chương trình định hướng chuyên sâu nghề nghiệp quốc tế - IPOP)
107147,LDA,quan-tri-kinh-doanh,D07,Điểm học bạ,2025,25.29,Quản trị kinh doanh (chương trình định hướng chuyên sâu nghề nghiệp quốc tế - IPOP)
107148,LDA,quan-tri-kinh-doanh,D09,Điểm học bạ,2025,25.29,Quản trị kinh doanh (chương trình định hướng chuyên sâu nghề nghiệp quốc tế - IPOP)
107149,LDA,quan-tri-kinh-doanh,D10,Điểm học bạ,2025,25.29,Quản trị kinh doanh (chương trình định hướng chuyên sâu nghề nghiệp quốc tế - IPOP)
107150,LDA,quan-tri-kinh-doanh,X25,Điểm học bạ,2025,25.29,Quản trị kinh doanh (chương trình định hướng chuyên sâu nghề nghiệp quốc tế - IPOP)
107151,LDA,quan-tri-kinh-doanh,A01,Điểm thi THPT,2025,18.75,Quản trị kinh doanh
107152,LDA,quan-tri-kinh-doanh,D01,Điểm thi THPT,2025,18.75,Quản trị kinh doanh
107153,LDA,quan-tri-kinh-doanh,D07,Điểm thi THPT,2025,18.75,Quản trị kinh doanh
107154,LDA,quan-tri-kinh-doanh,D09,Điểm thi THPT,2025,18.75,Quản trị kinh doanh
107155,LDA,quan-tri-kinh-doanh,D10,Điểm thi THPT,2025,18.75,Quản trị kinh doanh
107156,LDA,quan-tri-kinh-doanh,X25,Điểm thi THPT,2025,18.75,Quản trị kinh doanh
107157,LDA,quan-tri-nhan-luc,A00,Điểm thi THPT,2021,24.8,Quản trị nhân lực
107158,LDA,quan-tri-nhan-luc,A01,Điểm thi THPT,2021,24.8,Quản trị nhân lực
107159,LDA,quan-tri-nhan-luc,D01,Điểm thi THPT,2021,24.8,Quản trị nhân lực
107160,LDA,quan-tri-nhan-luc,A00,Điểm thi THPT,2022,23.3,Quản trị nhân lực
107161,LDA,quan-tri-nhan-luc,A01,Điểm thi THPT,2022,23.3,Quản trị nhân lực
107162,LDA,quan-tri-nhan-luc,D01,Điểm thi THPT,2022,23.3,Quản trị nhân lực
107163,LDA,quan-tri-nhan-luc,A00,Điểm thi THPT,2023,22.7,Quản trị nhân lực
107164,LDA,quan-tri-nhan-luc,A01,Điểm thi THPT,2023,22.7,Quản trị nhân lực
107165,LDA,quan-tri-nhan-luc,D01,Điểm thi THPT,2023,22.7,Quản trị nhân lực
107166,LDA,quan-tri-nhan-luc,A00,Điểm thi THPT,2024,23.19,Quản trị nhân lực
107167,LDA,quan-tri-nhan-luc,A01,Điểm thi THPT,2024,23.19,Quản trị nhân lực
107168,LDA,quan-tri-nhan-luc,D01,Điểm thi THPT,2024,23.19,Quản trị nhân lực
107169,LDA,quan-tri-nhan-luc,A01,Điểm thi THPT,2025,18.6,Quản trị nhân lực
107170,LDA,quan-tri-nhan-luc,D01,Điểm thi THPT,2025,18.6,Quản trị nhân lực
107171,LDA,quan-tri-nhan-luc,D07,Điểm thi THPT,2025,18.6,Quản trị nhân lực
107172,LDA,quan-tri-nhan-luc,D09,Điểm thi THPT,2025,18.6,Quản trị nhân lực
107173,LDA,quan-tri-nhan-luc,D10,Điểm thi THPT,2025,18.6,Quản trị nhân lực
107174,LDA,quan-tri-nhan-luc,X25,Điểm thi THPT,2025,18.6,Quản trị nhân lực
107175,LDA,tai-chinh-ngan-hang,A00,Điểm thi THPT,2021,24.7,Tài chính Ngân hàng
107176,LDA,tai-chinh-ngan-hang,A01,Điểm thi THPT,2021,24.7,Tài chính Ngân hàng
107177,LDA,tai-chinh-ngan-hang,D01,Điểm thi THPT,2021,24.7,Tài chính Ngân hàng
107178,LDA,tai-chinh-ngan-hang,A00,Điểm thi THPT,2022,23.5,Tài chính - Ngân hàng
107179,LDA,tai-chinh-ngan-hang,A01,Điểm thi THPT,2022,23.5,Tài chính - Ngân hàng
107180,LDA,tai-chinh-ngan-hang,D01,Điểm thi THPT,2022,23.5,Tài chính - Ngân hàng
107181,LDA,tai-chinh-ngan-hang,A00,Điểm thi THPT,2023,23.2,Tài chính - Ngân hàng
107182,LDA,tai-chinh-ngan-hang,A01,Điểm thi THPT,2023,23.2,Tài chính - Ngân hàng
107183,LDA,tai-chinh-ngan-hang,D01,Điểm thi THPT,2023,23.2,Tài chính - Ngân hàng
107184,LDA,tai-chinh-ngan-hang,A00,Điểm thi THPT,2024,23.61,Tài chính - Ngân hàng
107185,LDA,tai-chinh-ngan-hang,A01,Điểm thi THPT,2024,23.61,Tài chính - Ngân hàng
107186,LDA,tai-chinh-ngan-hang,D01,Điểm thi THPT,2024,23.61,Tài chính - Ngân hàng
107187,LDA,tai-chinh-ngan-hang,A01,Điểm thi THPT,2025,18.75,Tài chính - Ngân hàng
107188,LDA,tai-chinh-ngan-hang,D01,Điểm thi THPT,2025,18.75,Tài chính - Ngân hàng
107189,LDA,tai-chinh-ngan-hang,D07,Điểm thi THPT,2025,18.75,Tài chính - Ngân hàng
107190,LDA,tai-chinh-ngan-hang,D09,Điểm thi THPT,2025,18.75,Tài chính - Ngân hàng
107191,LDA,tai-chinh-ngan-hang,D10,Điểm thi THPT,2025,18.75,Tài chính - Ngân hàng
107192,LDA,tai-chinh-ngan-hang,X25,Điểm thi THPT,2025,18.75,Tài chính - Ngân hàng
107193,LDA,truyen-thong-dai-chung,D01,Điểm học bạ,2025,27.2,Truyền thông đại chúng
107194,LDA,truyen-thong-dai-chung,D11,Điểm học bạ,2025,27.2,Truyền thông đại chúng
107195,LDA,truyen-thong-dai-chung,D12,Điểm học bạ,2025,27.2,Truyền thông đại chúng
107196,LDA,truyen-thong-dai-chung,D14,Điểm học bạ,2025,27.2,Truyền thông đại chúng
107197,LDA,truyen-thong-dai-chung,D15,Điểm học bạ,2025,27.2,Truyền thông đại chúng
107198,LDA,truyen-thong-dai-chung,X79,Điểm học bạ,2025,27.2,Truyền thông đại chúng
107199,LDA,truyen-thong-dai-chung,D01,Điểm thi THPT,2025,24.7,Truyền thông đại chúng
107200,LDA,truyen-thong-dai-chung,D11,Điểm thi THPT,2025,24.7,Truyền thông đại chúng
107201,LDA,truyen-thong-dai-chung,D12,Điểm thi THPT,2025,24.7,Truyền thông đại chúng
107202,LDA,truyen-thong-dai-chung,D14,Điểm thi THPT,2025,24.7,Truyền thông đại chúng
107203,LDA,truyen-thong-dai-chung,D15,Điểm thi THPT,2025,24.7,Truyền thông đại chúng
107204,LDA,truyen-thong-dai-chung,X79,Điểm thi THPT,2025,24.7,Truyền thông đại chúng
107205,LDA,viet-nam-hoc,C00,Điểm học bạ,2023,21.0,Việt Nam học
107206,LDA,viet-nam-hoc,D01,Điểm học bạ,2023,21.0,Việt Nam học
107207,LDA,viet-nam-hoc,D14,Điểm học bạ,2023,21.0,Việt Nam học
107208,LDA,viet-nam-hoc,D15,Điểm học bạ,2023,21.0,Việt Nam học
107209,LDA,viet-nam-hoc,C00,Điểm thi THPT,2023,16.0,Việt Nam học
107210,LDA,viet-nam-hoc,D01,Điểm thi THPT,2023,16.0,Việt Nam học
107211,LDA,viet-nam-hoc,D14,Điểm thi THPT,2023,16.0,Việt Nam học
107212,LDA,viet-nam-hoc,D15,Điểm thi THPT,2023,16.0,Việt Nam học
107213,LDA,viet-nam-hoc,C00,Điểm học bạ,2024,22.27,Việt Nam học
107214,LDA,viet-nam-hoc,D01,Điểm học bạ,2024,22.27,Việt Nam học
107215,LDA,viet-nam-hoc,D14,Điểm học bạ,2024,22.27,Việt Nam học
107216,LDA,viet-nam-hoc,D15,Điểm học bạ,2024,22.27,Việt Nam học
107217,LDA,viet-nam-hoc,C00,Điểm thi THPT,2024,22.5,Việt Nam học
107218,LDA,viet-nam-hoc,D01,Điểm thi THPT,2024,22.5,Việt Nam học
107219,LDA,viet-nam-hoc,D14,Điểm thi THPT,2024,22.5,Việt Nam học
107220,LDA,viet-nam-hoc,D15,Điểm thi THPT,2024,22.5,Việt Nam học
107221,LDA,viet-nam-hoc,D01,Điểm học bạ,2025,25.65,Việt Nam học
107222,LDA,viet-nam-hoc,D11,Điểm học bạ,2025,25.65,Việt Nam học
107223,LDA,viet-nam-hoc,D12,Điểm học bạ,2025,25.65,Việt Nam học
107224,LDA,viet-nam-hoc,D14,Điểm học bạ,2025,25.65,Việt Nam học
107225,LDA,viet-nam-hoc,D15,Điểm học bạ,2025,25.65,Việt Nam học
107226,LDA,viet-nam-hoc,X79,Điểm học bạ,2025,25.65,Việt Nam học
107227,LDA,viet-nam-hoc,D01,Điểm thi THPT,2025,23.03,Việt Nam học
107228,LDA,viet-nam-hoc,D11,Điểm thi THPT,2025,23.03,Việt Nam học
107229,LDA,viet-nam-hoc,D12,Điểm thi THPT,2025,23.03,Việt Nam học
107230,LDA,viet-nam-hoc,D14,Điểm thi THPT,2025,23.03,Việt Nam học
107231,LDA,viet-nam-hoc,D15,Điểm thi THPT,2025,23.03,Việt Nam học
107232,LDA,viet-nam-hoc,X79,Điểm thi THPT,2025,23.03,Việt Nam học
107233,LDA,xa-hoi-hoc,A01,Điểm thi THPT,2021,17.75,Xã hội học
107234,LDA,xa-hoi-hoc,C00,Điểm thi THPT,2021,17.75,Xã hội học
107235,LDA,xa-hoi-hoc,D01,Điểm thi THPT,2021,17.75,Xã hội học
107236,LDA,xa-hoi-hoc,A01,Điểm thi THPT,2022,15.3,Xã hội học
107237,LDA,xa-hoi-hoc,C00,Điểm thi THPT,2022,15.3,Xã hội học
107238,LDA,xa-hoi-hoc,D01,Điểm thi THPT,2022,15.3,Xã hội học
107239,LDA,xa-hoi-hoc,A01,Điểm thi THPT,2023,20.0,Xã hội học
107240,LDA,xa-hoi-hoc,C00,Điểm thi THPT,2023,20.0,Xã hội học
107241,LDA,xa-hoi-hoc,D01,Điểm thi THPT,2023,20.0,Xã hội học
107242,LDA,xa-hoi-hoc,A01,Điểm thi THPT,2024,22.75,Xã hội học
107243,LDA,xa-hoi-hoc,C00,Điểm thi THPT,2024,22.75,Xã hội học
107244,LDA,xa-hoi-hoc,D01,Điểm thi THPT,2024,22.75,Xã hội học
107245,LDA,xa-hoi-hoc,C00,Điểm thi THPT,2025,23.7,Xã hội học
107246,LDA,xa-hoi-hoc,C03,Điểm thi THPT,2025,23.7,Xã hội học
107247,LDA,xa-hoi-hoc,C07,Điểm thi THPT,2025,23.7,Xã hội học
107248,LDA,xa-hoi-hoc,D01,Điểm thi THPT,2025,23.7,Xã hội học
107249,LDA,xa-hoi-hoc,D14,Điểm thi THPT,2025,23.7,Xã hội học
107250,LDA,xa-hoi-hoc,X70,Điểm thi THPT,2025,23.7,Xã hội học
107251,LNA,bao-ve-thuc-vat,A00,Điểm học bạ,2023,18.0,Bảo vệ thực vật
107252,LNA,bao-ve-thuc-vat,A01,Điểm học bạ,2023,18.0,Bảo vệ thực vật
107253,LNA,bao-ve-thuc-vat,B00,Điểm học bạ,2023,18.0,Bảo vệ thực vật
107254,LNA,bao-ve-thuc-vat,D01,Điểm học bạ,2023,18.0,Bảo vệ thực vật
107255,LNA,bao-ve-thuc-vat,A00,Điểm thi THPT,2023,15.0,Bảo vệ thực vật
107256,LNA,bao-ve-thuc-vat,A01,Điểm thi THPT,2023,15.0,Bảo vệ thực vật
107257,LNA,bao-ve-thuc-vat,B00,Điểm thi THPT,2023,15.0,Bảo vệ thực vật
107258,LNA,bao-ve-thuc-vat,D01,Điểm thi THPT,2023,15.0,Bảo vệ thực vật
107259,LNA,bao-ve-thuc-vat,A00,Điểm học bạ,2024,18.0,Bảo vệ thực vật
107260,LNA,bao-ve-thuc-vat,A01,Điểm học bạ,2024,18.0,Bảo vệ thực vật
107261,LNA,bao-ve-thuc-vat,B00,Điểm học bạ,2024,18.0,Bảo vệ thực vật
107262,LNA,bao-ve-thuc-vat,D01,Điểm học bạ,2024,18.0,Bảo vệ thực vật
107263,LNA,bao-ve-thuc-vat,A00,Điểm thi THPT,2024,15.0,Bảo vệ thực vật
107264,LNA,bao-ve-thuc-vat,A01,Điểm thi THPT,2024,15.0,Bảo vệ thực vật
107265,LNA,bao-ve-thuc-vat,B00,Điểm thi THPT,2024,15.0,Bảo vệ thực vật
107266,LNA,bao-ve-thuc-vat,D01,Điểm thi THPT,2024,15.0,Bảo vệ thực vật
107267,LNA,ke-toan,A00,Điểm học bạ,2023,18.0,Kế toán
107268,LNA,ke-toan,B00,Điểm học bạ,2023,18.0,Kế toán
107269,LNA,ke-toan,C15,Điểm học bạ,2023,18.0,Kế toán
107270,LNA,ke-toan,D01,Điểm học bạ,2023,18.0,Kế toán
107271,LNA,ke-toan,A00,Điểm thi THPT,2023,15.0,Kế toán
107272,LNA,ke-toan,B00,Điểm thi THPT,2023,15.0,Kế toán
107273,LNA,ke-toan,C15,Điểm thi THPT,2023,15.0,Kế toán
107274,LNA,ke-toan,D01,Điểm thi THPT,2023,15.0,Kế toán
107275,LNA,ke-toan,A00,Điểm học bạ,2024,18.0,Kế toán
107276,LNA,ke-toan,B00,Điểm học bạ,2024,18.0,Kế toán
107277,LNA,ke-toan,C15,Điểm học bạ,2024,18.0,Kế toán
107278,LNA,ke-toan,D01,Điểm học bạ,2024,18.0,Kế toán
107279,LNA,ke-toan,A00,Điểm thi THPT,2024,15.0,Kế toán
107280,LNA,ke-toan,B00,Điểm thi THPT,2024,15.0,Kế toán
107281,LNA,ke-toan,C15,Điểm thi THPT,2024,15.0,Kế toán
107282,LNA,ke-toan,D01,Điểm thi THPT,2024,15.0,Kế toán
107283,LNA,khoa-hoc-cay-trong,A00,Điểm học bạ,2023,18.0,Khoa học cây trồng
107284,LNA,khoa-hoc-cay-trong,A01,Điểm học bạ,2023,18.0,Khoa học cây trồng
107285,LNA,khoa-hoc-cay-trong,B00,Điểm học bạ,2023,18.0,Khoa học cây trồng
107286,LNA,khoa-hoc-cay-trong,D01,Điểm học bạ,2023,18.0,Khoa học cây trồng
107287,LNA,khoa-hoc-cay-trong,A00,Điểm thi THPT,2023,15.0,Khoa học cây trồng
107288,LNA,khoa-hoc-cay-trong,A01,Điểm thi THPT,2023,15.0,Khoa học cây trồng
107289,LNA,khoa-hoc-cay-trong,B00,Điểm thi THPT,2023,15.0,Khoa học cây trồng
107290,LNA,khoa-hoc-cay-trong,D01,Điểm thi THPT,2023,15.0,Khoa học cây trồng
107291,LNA,khoa-hoc-cay-trong,A00,Điểm học bạ,2024,18.0,Khoa học cây trồng
107292,LNA,khoa-hoc-cay-trong,A01,Điểm học bạ,2024,18.0,Khoa học cây trồng
107293,LNA,khoa-hoc-cay-trong,B00,Điểm học bạ,2024,18.0,Khoa học cây trồng
107294,LNA,khoa-hoc-cay-trong,D01,Điểm học bạ,2024,18.0,Khoa học cây trồng
107295,LNA,khoa-hoc-cay-trong,A00,Điểm thi THPT,2024,15.0,Khoa học cây trồng
107296,LNA,khoa-hoc-cay-trong,A01,Điểm thi THPT,2024,15.0,Khoa học cây trồng
107297,LNA,khoa-hoc-cay-trong,B00,Điểm thi THPT,2024,15.0,Khoa học cây trồng
107298,LNA,khoa-hoc-cay-trong,D01,Điểm thi THPT,2024,15.0,Khoa học cây trồng
107299,LNA,lam-sinh,A00,Điểm học bạ,2023,18.0,Lâm sinh
107300,LNA,lam-sinh,A01,Điểm học bạ,2023,18.0,Lâm sinh
107301,LNA,lam-sinh,B00,Điểm học bạ,2023,18.0,Lâm sinh
107302,LNA,lam-sinh,D01,Điểm học bạ,2023,18.0,Lâm sinh
107303,LNA,lam-sinh,A00,Điểm thi THPT,2023,15.0,Lâm sinh
107304,LNA,lam-sinh,A01,Điểm thi THPT,2023,15.0,Lâm sinh
107305,LNA,lam-sinh,B00,Điểm thi THPT,2023,15.0,Lâm sinh
107306,LNA,lam-sinh,D01,Điểm thi THPT,2023,15.0,Lâm sinh
107307,LNA,lam-sinh,A00,Điểm học bạ,2024,18.0,Lâm sinh
107308,LNA,lam-sinh,A01,Điểm học bạ,2024,18.0,Lâm sinh
107309,LNA,lam-sinh,B00,Điểm học bạ,2024,18.0,Lâm sinh
107310,LNA,lam-sinh,D01,Điểm học bạ,2024,18.0,Lâm sinh
107311,LNA,lam-sinh,A00,Điểm thi THPT,2024,15.0,Lâm sinh
107312,LNA,lam-sinh,A01,Điểm thi THPT,2024,15.0,Lâm sinh
107313,LNA,lam-sinh,B00,Điểm thi THPT,2024,15.0,Lâm sinh
107314,LNA,lam-sinh,D01,Điểm thi THPT,2024,15.0,Lâm sinh
107315,LNA,quan-ly-dat-dai,A00,Điểm học bạ,2023,18.0,Quản lý đất đai
107316,LNA,quan-ly-dat-dai,A01,Điểm học bạ,2023,18.0,Quản lý đất đai
107317,LNA,quan-ly-dat-dai,B00,Điểm học bạ,2023,18.0,Quản lý đất đai
107318,LNA,quan-ly-dat-dai,D01,Điểm học bạ,2023,18.0,Quản lý đất đai
107319,LNA,quan-ly-dat-dai,A00,Điểm thi THPT,2023,15.0,Quản lý đất đai
107320,LNA,quan-ly-dat-dai,A01,Điểm thi THPT,2023,15.0,Quản lý đất đai
107321,LNA,quan-ly-dat-dai,B00,Điểm thi THPT,2023,15.0,Quản lý đất đai
107322,LNA,quan-ly-dat-dai,D01,Điểm thi THPT,2023,15.0,Quản lý đất đai
107323,LNA,quan-ly-dat-dai,A00,Điểm học bạ,2024,18.0,Quản lý đất đai
107324,LNA,quan-ly-dat-dai,A01,Điểm học bạ,2024,18.0,Quản lý đất đai
107325,LNA,quan-ly-dat-dai,B00,Điểm học bạ,2024,18.0,Quản lý đất đai
107326,LNA,quan-ly-dat-dai,D01,Điểm học bạ,2024,18.0,Quản lý đất đai
107327,LNA,quan-ly-dat-dai,A00,Điểm thi THPT,2024,15.0,Quản lý đất đai
107328,LNA,quan-ly-dat-dai,A01,Điểm thi THPT,2024,15.0,Quản lý đất đai
107329,LNA,quan-ly-dat-dai,B00,Điểm thi THPT,2024,15.0,Quản lý đất đai
107330,LNA,quan-ly-dat-dai,D01,Điểm thi THPT,2024,15.0,Quản lý đất đai
107331,LNA,quan-tri-kinh-doanh,A00,Điểm học bạ,2023,18.0,Quản trị kinh doanh
107332,LNA,quan-tri-kinh-doanh,B00,Điểm học bạ,2023,18.0,Quản trị kinh doanh
107333,LNA,quan-tri-kinh-doanh,C15,Điểm học bạ,2023,18.0,Quản trị kinh doanh
107334,LNA,quan-tri-kinh-doanh,D01,Điểm học bạ,2023,18.0,Quản trị kinh doanh
107335,LNA,quan-tri-kinh-doanh,A00,Điểm thi THPT,2023,15.0,Quản trị kinh doanh
107336,LNA,quan-tri-kinh-doanh,B00,Điểm thi THPT,2023,15.0,Quản trị kinh doanh
107337,LNA,quan-tri-kinh-doanh,C15,Điểm thi THPT,2023,15.0,Quản trị kinh doanh
107338,LNA,quan-tri-kinh-doanh,D01,Điểm thi THPT,2023,15.0,Quản trị kinh doanh
107339,LNA,quan-tri-kinh-doanh,A00,Điểm học bạ,2024,18.0,Quản trị kinh doanh
107340,LNA,quan-tri-kinh-doanh,B00,Điểm học bạ,2024,18.0,Quản trị kinh doanh
107341,LNA,quan-tri-kinh-doanh,C15,Điểm học bạ,2024,18.0,Quản trị kinh doanh
107342,LNA,quan-tri-kinh-doanh,D01,Điểm học bạ,2024,18.0,Quản trị kinh doanh
107343,LNA,quan-tri-kinh-doanh,A00,Điểm thi THPT,2024,15.0,Quản trị kinh doanh
107344,LNA,quan-tri-kinh-doanh,B00,Điểm thi THPT,2024,15.0,Quản trị kinh doanh
107345,LNA,quan-tri-kinh-doanh,C15,Điểm thi THPT,2024,15.0,Quản trị kinh doanh
107346,LNA,quan-tri-kinh-doanh,D01,Điểm thi THPT,2024,15.0,Quản trị kinh doanh
107347,LNH,bat-dong-san,A00,Điểm học bạ,2021,18.0,Bất động sản
107348,LNH,bat-dong-san,A16,Điểm học bạ,2021,18.0,Bất động sản
107349,LNH,bat-dong-san,C15,Điểm học bạ,2021,18.0,Bất động sản
107350,LNH,bat-dong-san,D01,Điểm học bạ,2021,18.0,Bất động sản
107351,LNH,bat-dong-san,A00,Điểm thi THPT,2021,15.0,Bất động sản
107352,LNH,bat-dong-san,A16,Điểm thi THPT,2021,15.0,Bất động sản
107353,LNH,bat-dong-san,C15,Điểm thi THPT,2021,15.0,Bất động sản
107354,LNH,bat-dong-san,D01,Điểm thi THPT,2021,15.0,Bất động sản
107355,LNH,bat-dong-san,A00,Điểm học bạ,2023,18.0,Bất động sản
107356,LNH,bat-dong-san,A16,Điểm học bạ,2023,18.0,Bất động sản
107357,LNH,bat-dong-san,C15,Điểm học bạ,2023,18.0,Bất động sản
107358,LNH,bat-dong-san,D01,Điểm học bạ,2023,18.0,Bất động sản
107359,LNH,bat-dong-san,A00,Điểm thi THPT,2023,15.0,Bất động sản
107360,LNH,bat-dong-san,A16,Điểm thi THPT,2023,15.0,Bất động sản
107361,LNH,bat-dong-san,C15,Điểm thi THPT,2023,15.0,Bất động sản
107362,LNH,bat-dong-san,D01,Điểm thi THPT,2023,15.0,Bất động sản
107363,LNH,bat-dong-san,A00,Điểm học bạ,2024,18.0,Bất động sản
107364,LNH,bat-dong-san,A16,Điểm học bạ,2024,18.0,Bất động sản
107365,LNH,bat-dong-san,C15,Điểm học bạ,2024,18.0,Bất động sản
107366,LNH,bat-dong-san,D01,Điểm học bạ,2024,18.0,Bất động sản
107367,LNH,bat-dong-san,A00,Điểm thi THPT,2024,19.6,Bất động sản
107368,LNH,bat-dong-san,A16,Điểm thi THPT,2024,19.6,Bất động sản
107369,LNH,bat-dong-san,C15,Điểm thi THPT,2024,19.6,Bất động sản
107370,LNH,bat-dong-san,D01,Điểm thi THPT,2024,19.6,Bất động sản
107371,LNH,bat-dong-san,C00,Điểm học bạ,2025,18.6,Bất động sản
107372,LNH,bat-dong-san,C03,Điểm học bạ,2025,18.6,Bất động sản
107373,LNH,bat-dong-san,C04,Điểm học bạ,2025,18.6,Bất động sản
107374,LNH,bat-dong-san,D01,Điểm học bạ,2025,18.6,Bất động sản
107375,LNH,bat-dong-san,X01,Điểm học bạ,2025,18.6,Bất động sản
107376,LNH,bat-dong-san,X02,Điểm học bạ,2025,18.6,Bất động sản
107377,LNH,bat-dong-san,C00,Điểm thi THPT,2025,15.5,Bất động sản
107378,LNH,bat-dong-san,C03,Điểm thi THPT,2025,15.5,Bất động sản
107379,LNH,bat-dong-san,C04,Điểm thi THPT,2025,15.5,Bất động sản
107380,LNH,bat-dong-san,D01,Điểm thi THPT,2025,15.5,Bất động sản
107381,LNH,bat-dong-san,X01,Điểm thi THPT,2025,15.5,Bất động sản
107382,LNH,bat-dong-san,X02,Điểm thi THPT,2025,15.5,Bất động sản
107383,LNH,chan-nuoi,A00,Điểm học bạ,2024,18.0,Chăn nuôi
107384,LNH,chan-nuoi,B00,Điểm học bạ,2024,18.0,Chăn nuôi
107385,LNH,chan-nuoi,C15,Điểm học bạ,2024,18.0,Chăn nuôi
107386,LNH,chan-nuoi,D01,Điểm học bạ,2024,18.0,Chăn nuôi
107387,LNH,chan-nuoi,A00,Điểm thi THPT,2024,15.0,Chăn nuôi
107388,LNH,chan-nuoi,B00,Điểm thi THPT,2024,15.0,Chăn nuôi
107389,LNH,chan-nuoi,C15,Điểm thi THPT,2024,15.0,Chăn nuôi
107390,LNH,chan-nuoi,D01,Điểm thi THPT,2024,15.0,Chăn nuôi
107391,LNH,chan-nuoi,A00,Điểm học bạ,2025,19.8,Chăn nuôi
107392,LNH,chan-nuoi,B00,Điểm học bạ,2025,19.8,Chăn nuôi
107393,LNH,chan-nuoi,B03,Điểm học bạ,2025,19.8,Chăn nuôi
107394,LNH,chan-nuoi,C02,Điểm học bạ,2025,19.8,Chăn nuôi
107395,LNH,chan-nuoi,D01,Điểm học bạ,2025,19.8,Chăn nuôi
107396,LNH,chan-nuoi,D10,Điểm học bạ,2025,19.8,Chăn nuôi
107397,LNH,chan-nuoi,X02,Điểm học bạ,2025,19.8,Chăn nuôi
107398,LNH,chan-nuoi,X04,Điểm học bạ,2025,19.8,Chăn nuôi
107399,LNH,chan-nuoi,A00,Điểm thi THPT,2025,16.5,Chăn nuôi
107400,LNH,chan-nuoi,B00,Điểm thi THPT,2025,16.5,Chăn nuôi
107401,LNH,chan-nuoi,B03,Điểm thi THPT,2025,16.5,Chăn nuôi
107402,LNH,chan-nuoi,C02,Điểm thi THPT,2025,16.5,Chăn nuôi
107403,LNH,chan-nuoi,D01,Điểm thi THPT,2025,16.5,Chăn nuôi
107404,LNH,chan-nuoi,D10,Điểm thi THPT,2025,16.5,Chăn nuôi
107405,LNH,chan-nuoi,X02,Điểm thi THPT,2025,16.5,Chăn nuôi
107406,LNH,chan-nuoi,X04,Điểm thi THPT,2025,16.5,Chăn nuôi
107407,LNH,cong-nghe-che-bien-lam-san,A00,Điểm học bạ,2021,18.0,Công nghệ chế biến lâm sản (Công nghệ gỗ và quản lý sản xuất)
107408,LNH,cong-nghe-che-bien-lam-san,A16,Điểm học bạ,2021,18.0,Công nghệ chế biến lâm sản (Công nghệ gỗ và quản lý sản xuất)
107409,LNH,cong-nghe-che-bien-lam-san,D01,Điểm học bạ,2021,18.0,Công nghệ chế biến lâm sản (Công nghệ gỗ và quản lý sản xuất)
107410,LNH,cong-nghe-che-bien-lam-san,D07,Điểm học bạ,2021,18.0,Công nghệ chế biến lâm sản (Công nghệ gỗ và quản lý sản xuất)
107411,LNH,cong-nghe-che-bien-lam-san,A00,Điểm thi THPT,2021,15.0,Công nghệ chế biến lâm sản (Công nghệ gỗ và quản lý sản xuất)
107412,LNH,cong-nghe-che-bien-lam-san,A16,Điểm thi THPT,2021,15.0,Công nghệ chế biến lâm sản (Công nghệ gỗ và quản lý sản xuất)
107413,LNH,cong-nghe-che-bien-lam-san,D01,Điểm thi THPT,2021,15.0,Công nghệ chế biến lâm sản (Công nghệ gỗ và quản lý sản xuất)
107414,LNH,cong-nghe-che-bien-lam-san,D07,Điểm thi THPT,2021,15.0,Công nghệ chế biến lâm sản (Công nghệ gỗ và quản lý sản xuất)
107415,LNH,cong-nghe-che-bien-lam-san,A00,Điểm học bạ,2023,18.0,Công nghệ chế biến lâm sản (Công nghệ gỗ và quản lý sản xuất)
107416,LNH,cong-nghe-che-bien-lam-san,A16,Điểm học bạ,2023,18.0,Công nghệ chế biến lâm sản (Công nghệ gỗ và quản lý sản xuất)
107417,LNH,cong-nghe-che-bien-lam-san,D01,Điểm học bạ,2023,18.0,Công nghệ chế biến lâm sản (Công nghệ gỗ và quản lý sản xuất)
107418,LNH,cong-nghe-che-bien-lam-san,D07,Điểm học bạ,2023,18.0,Công nghệ chế biến lâm sản (Công nghệ gỗ và quản lý sản xuất)
107419,LNH,cong-nghe-che-bien-lam-san,A00,Điểm thi THPT,2023,15.0,Công nghệ chế biến lâm sản
107420,LNH,cong-nghe-che-bien-lam-san,A16,Điểm thi THPT,2023,15.0,Công nghệ chế biến lâm sản
107421,LNH,cong-nghe-che-bien-lam-san,D01,Điểm thi THPT,2023,15.0,Công nghệ chế biến lâm sản
107422,LNH,cong-nghe-che-bien-lam-san,D07,Điểm thi THPT,2023,15.0,Công nghệ chế biến lâm sản
107423,LNH,cong-nghe-che-bien-lam-san,A00,Điểm học bạ,2024,18.0,Công nghệ chế biến lâm sản
107424,LNH,cong-nghe-che-bien-lam-san,A16,Điểm học bạ,2024,18.0,Công nghệ chế biến lâm sản
107425,LNH,cong-nghe-che-bien-lam-san,D01,Điểm học bạ,2024,18.0,Công nghệ chế biến lâm sản
107426,LNH,cong-nghe-che-bien-lam-san,D07,Điểm học bạ,2024,18.0,Công nghệ chế biến lâm sản
107427,LNH,cong-nghe-che-bien-lam-san,A00,Điểm thi THPT,2024,17.3,Công nghệ chế biến lâm sản
107428,LNH,cong-nghe-che-bien-lam-san,A16,Điểm thi THPT,2024,17.3,Công nghệ chế biến lâm sản
107429,LNH,cong-nghe-che-bien-lam-san,D01,Điểm thi THPT,2024,17.3,Công nghệ chế biến lâm sản
107430,LNH,cong-nghe-che-bien-lam-san,D07,Điểm thi THPT,2024,17.3,Công nghệ chế biến lâm sản
107431,LNH,cong-nghe-che-bien-lam-san,A00,Điểm học bạ,2025,18.0,Công nghệ chế biến lâm sản
107432,LNH,cong-nghe-che-bien-lam-san,B00,Điểm học bạ,2025,18.0,Công nghệ chế biến lâm sản
107433,LNH,cong-nghe-che-bien-lam-san,C01,Điểm học bạ,2025,18.0,Công nghệ chế biến lâm sản
107434,LNH,cong-nghe-che-bien-lam-san,C02,Điểm học bạ,2025,18.0,Công nghệ chế biến lâm sản
107435,LNH,cong-nghe-che-bien-lam-san,C03,Điểm học bạ,2025,18.0,Công nghệ chế biến lâm sản
107436,LNH,cong-nghe-che-bien-lam-san,D01,Điểm học bạ,2025,18.0,Công nghệ chế biến lâm sản
107437,LNH,cong-nghe-che-bien-lam-san,X01,Điểm học bạ,2025,18.0,Công nghệ chế biến lâm sản
107438,LNH,cong-nghe-che-bien-lam-san,X03,Điểm học bạ,2025,18.0,Công nghệ chế biến lâm sản
107439,LNH,cong-nghe-che-bien-lam-san,X07,Điểm học bạ,2025,18.0,Công nghệ chế biến lâm sản
107440,LNH,cong-nghe-che-bien-lam-san,X27,Điểm học bạ,2025,18.0,Công nghệ chế biến lâm sản
107441,LNH,cong-nghe-che-bien-lam-san,A00,Điểm thi THPT,2025,15.0,Công nghệ chế biến lâm sản
107442,LNH,cong-nghe-che-bien-lam-san,B00,Điểm thi THPT,2025,15.0,Công nghệ chế biến lâm sản
107443,LNH,cong-nghe-che-bien-lam-san,C01,Điểm thi THPT,2025,15.0,Công nghệ chế biến lâm sản
107444,LNH,cong-nghe-che-bien-lam-san,C02,Điểm thi THPT,2025,15.0,Công nghệ chế biến lâm sản
107445,LNH,cong-nghe-che-bien-lam-san,C03,Điểm thi THPT,2025,15.0,Công nghệ chế biến lâm sản
107446,LNH,cong-nghe-che-bien-lam-san,D01,Điểm thi THPT,2025,15.0,Công nghệ chế biến lâm sản
107447,LNH,cong-nghe-che-bien-lam-san,X01,Điểm thi THPT,2025,15.0,Công nghệ chế biến lâm sản
107448,LNH,cong-nghe-che-bien-lam-san,X03,Điểm thi THPT,2025,15.0,Công nghệ chế biến lâm sản
107449,LNH,cong-nghe-che-bien-lam-san,X07,Điểm thi THPT,2025,15.0,Công nghệ chế biến lâm sản
107450,LNH,cong-nghe-che-bien-lam-san,X27,Điểm thi THPT,2025,15.0,Công nghệ chế biến lâm sản
107451,LNH,cong-nghe-ky-thuat-co-dien-tu,A00,Điểm học bạ,2021,18.0,Công nghệ kỹ thuật cơ điện tử
107452,LNH,cong-nghe-ky-thuat-co-dien-tu,A01,Điểm học bạ,2021,18.0,Công nghệ kỹ thuật cơ điện tử
107453,LNH,cong-nghe-ky-thuat-co-dien-tu,A16,Điểm học bạ,2021,18.0,Công nghệ kỹ thuật cơ điện tử
107454,LNH,cong-nghe-ky-thuat-co-dien-tu,D01,Điểm học bạ,2021,18.0,Công nghệ kỹ thuật cơ điện tử
107455,LNH,cong-nghe-ky-thuat-co-dien-tu,A00,Điểm thi THPT,2021,15.0,Công nghệ kỹ thuật cơ điện tử
107456,LNH,cong-nghe-ky-thuat-co-dien-tu,A01,Điểm thi THPT,2021,15.0,Công nghệ kỹ thuật cơ điện tử
107457,LNH,cong-nghe-ky-thuat-co-dien-tu,A16,Điểm thi THPT,2021,15.0,Công nghệ kỹ thuật cơ điện tử
107458,LNH,cong-nghe-ky-thuat-co-dien-tu,D01,Điểm thi THPT,2021,15.0,Công nghệ kỹ thuật cơ điện tử
107459,LNH,cong-nghe-ky-thuat-co-dien-tu,A00,Điểm học bạ,2023,18.0,Công nghệ kỹ thuật cơ điện tử
107460,LNH,cong-nghe-ky-thuat-co-dien-tu,A01,Điểm học bạ,2023,18.0,Công nghệ kỹ thuật cơ điện tử
107461,LNH,cong-nghe-ky-thuat-co-dien-tu,A16,Điểm học bạ,2023,18.0,Công nghệ kỹ thuật cơ điện tử
107462,LNH,cong-nghe-ky-thuat-co-dien-tu,D01,Điểm học bạ,2023,18.0,Công nghệ kỹ thuật cơ điện tử
107463,LNH,cong-nghe-ky-thuat-co-dien-tu,A00,Điểm thi THPT,2023,15.0,Công nghệ kỹ thuật cơ điện tử
107464,LNH,cong-nghe-ky-thuat-co-dien-tu,A01,Điểm thi THPT,2023,15.0,Công nghệ kỹ thuật cơ điện tử
107465,LNH,cong-nghe-ky-thuat-co-dien-tu,A16,Điểm thi THPT,2023,15.0,Công nghệ kỹ thuật cơ điện tử
107466,LNH,cong-nghe-ky-thuat-co-dien-tu,D01,Điểm thi THPT,2023,15.0,Công nghệ kỹ thuật cơ điện tử
107467,LNH,cong-nghe-ky-thuat-co-dien-tu,A00,Điểm học bạ,2024,18.0,Công nghệ kỹ thuật cơ điện tử
107468,LNH,cong-nghe-ky-thuat-co-dien-tu,A01,Điểm học bạ,2024,18.0,Công nghệ kỹ thuật cơ điện tử
107469,LNH,cong-nghe-ky-thuat-co-dien-tu,A16,Điểm học bạ,2024,18.0,Công nghệ kỹ thuật cơ điện tử
107470,LNH,cong-nghe-ky-thuat-co-dien-tu,D01,Điểm học bạ,2024,18.0,Công nghệ kỹ thuật cơ điện tử
107471,LNH,cong-nghe-ky-thuat-co-dien-tu,A00,Điểm thi THPT,2024,15.4,Công nghệ kỹ thuật cơ điện tử
107472,LNH,cong-nghe-ky-thuat-co-dien-tu,A01,Điểm thi THPT,2024,15.4,Công nghệ kỹ thuật cơ điện tử
107473,LNH,cong-nghe-ky-thuat-co-dien-tu,A16,Điểm thi THPT,2024,15.4,Công nghệ kỹ thuật cơ điện tử
107474,LNH,cong-nghe-ky-thuat-co-dien-tu,D01,Điểm thi THPT,2024,15.4,Công nghệ kỹ thuật cơ điện tử
107475,LNH,cong-nghe-ky-thuat-co-dien-tu,A00,Điểm học bạ,2025,18.36,Công nghệ kỹ thuật cơ điện tử
107476,LNH,cong-nghe-ky-thuat-co-dien-tu,A01,Điểm học bạ,2025,18.36,Công nghệ kỹ thuật cơ điện tử
107477,LNH,cong-nghe-ky-thuat-co-dien-tu,C01,Điểm học bạ,2025,18.36,Công nghệ kỹ thuật cơ điện tử
107478,LNH,cong-nghe-ky-thuat-co-dien-tu,C02,Điểm học bạ,2025,18.36,Công nghệ kỹ thuật cơ điện tử
107479,LNH,cong-nghe-ky-thuat-co-dien-tu,D01,Điểm học bạ,2025,18.36,Công nghệ kỹ thuật cơ điện tử
107480,LNH,cong-nghe-ky-thuat-co-dien-tu,X02,Điểm học bạ,2025,18.36,Công nghệ kỹ thuật cơ điện tử
107481,LNH,cong-nghe-ky-thuat-co-dien-tu,X03,Điểm học bạ,2025,18.36,Công nghệ kỹ thuật cơ điện tử
107482,LNH,cong-nghe-ky-thuat-co-dien-tu,X06,Điểm học bạ,2025,18.36,Công nghệ kỹ thuật cơ điện tử
107483,LNH,cong-nghe-ky-thuat-co-dien-tu,X26,Điểm học bạ,2025,18.36,Công nghệ kỹ thuật cơ điện tử
107484,LNH,cong-nghe-ky-thuat-co-dien-tu,X56,Điểm học bạ,2025,18.36,Công nghệ kỹ thuật cơ điện tử
107485,LNH,cong-nghe-ky-thuat-co-dien-tu,A00,Điểm thi THPT,2025,15.3,Công nghệ kỹ thuật cơ điện tử
107486,LNH,cong-nghe-ky-thuat-co-dien-tu,A01,Điểm thi THPT,2025,15.3,Công nghệ kỹ thuật cơ điện tử
107487,LNH,cong-nghe-ky-thuat-co-dien-tu,C01,Điểm thi THPT,2025,15.3,Công nghệ kỹ thuật cơ điện tử
107488,LNH,cong-nghe-ky-thuat-co-dien-tu,C02,Điểm thi THPT,2025,15.3,Công nghệ kỹ thuật cơ điện tử
107489,LNH,cong-nghe-ky-thuat-co-dien-tu,D01,Điểm thi THPT,2025,15.3,Công nghệ kỹ thuật cơ điện tử
107490,LNH,cong-nghe-ky-thuat-co-dien-tu,X02,Điểm thi THPT,2025,15.3,Công nghệ kỹ thuật cơ điện tử
107491,LNH,cong-nghe-ky-thuat-co-dien-tu,X03,Điểm thi THPT,2025,15.3,Công nghệ kỹ thuật cơ điện tử
107492,LNH,cong-nghe-ky-thuat-co-dien-tu,X06,Điểm thi THPT,2025,15.3,Công nghệ kỹ thuật cơ điện tử
107493,LNH,cong-nghe-ky-thuat-co-dien-tu,X26,Điểm thi THPT,2025,15.3,Công nghệ kỹ thuật cơ điện tử
107494,LNH,cong-nghe-ky-thuat-co-dien-tu,X56,Điểm thi THPT,2025,15.3,Công nghệ kỹ thuật cơ điện tử
107495,LNH,cong-nghe-ky-thuat-o-to,A00,Điểm học bạ,2021,18.0,Công nghệ kỹ thuật ô tô
107496,LNH,cong-nghe-ky-thuat-o-to,A01,Điểm học bạ,2021,18.0,Công nghệ kỹ thuật ô tô
107497,LNH,cong-nghe-ky-thuat-o-to,A16,Điểm học bạ,2021,18.0,Công nghệ kỹ thuật ô tô
107498,LNH,cong-nghe-ky-thuat-o-to,D01,Điểm học bạ,2021,18.0,Công nghệ kỹ thuật ô tô
107499,LNH,cong-nghe-ky-thuat-o-to,A00,Điểm thi THPT,2021,15.0,Công nghệ kỹ thuật ô tô
107500,LNH,cong-nghe-ky-thuat-o-to,A01,Điểm thi THPT,2021,15.0,Công nghệ kỹ thuật ô tô
107501,LNH,cong-nghe-ky-thuat-o-to,A16,Điểm thi THPT,2021,15.0,Công nghệ kỹ thuật ô tô
107502,LNH,cong-nghe-ky-thuat-o-to,D01,Điểm thi THPT,2021,15.0,Công nghệ kỹ thuật ô tô
107503,LNH,cong-nghe-ky-thuat-o-to,A00,Điểm học bạ,2023,18.0,Công nghệ kỹ thuật ô tô
107504,LNH,cong-nghe-ky-thuat-o-to,A01,Điểm học bạ,2023,18.0,Công nghệ kỹ thuật ô tô
107505,LNH,cong-nghe-ky-thuat-o-to,A16,Điểm học bạ,2023,18.0,Công nghệ kỹ thuật ô tô
107506,LNH,cong-nghe-ky-thuat-o-to,D01,Điểm học bạ,2023,18.0,Công nghệ kỹ thuật ô tô
107507,LNH,cong-nghe-ky-thuat-o-to,A00,Điểm thi THPT,2023,15.0,Công nghệ kỹ thuật ô tô
107508,LNH,cong-nghe-ky-thuat-o-to,A01,Điểm thi THPT,2023,15.0,Công nghệ kỹ thuật ô tô
107509,LNH,cong-nghe-ky-thuat-o-to,A16,Điểm thi THPT,2023,15.0,Công nghệ kỹ thuật ô tô
107510,LNH,cong-nghe-ky-thuat-o-to,D01,Điểm thi THPT,2023,15.0,Công nghệ kỹ thuật ô tô
107511,LNH,cong-nghe-ky-thuat-o-to,A00,Điểm học bạ,2024,18.0,Công nghệ kỹ thuật ô tô
107512,LNH,cong-nghe-ky-thuat-o-to,A01,Điểm học bạ,2024,18.0,Công nghệ kỹ thuật ô tô
107513,LNH,cong-nghe-ky-thuat-o-to,A16,Điểm học bạ,2024,18.0,Công nghệ kỹ thuật ô tô
107514,LNH,cong-nghe-ky-thuat-o-to,D01,Điểm học bạ,2024,18.0,Công nghệ kỹ thuật ô tô
107515,LNH,cong-nghe-ky-thuat-o-to,A00,Điểm thi THPT,2024,15.2,Công nghệ kỹ thuật ô tô
107516,LNH,cong-nghe-ky-thuat-o-to,A01,Điểm thi THPT,2024,15.2,Công nghệ kỹ thuật ô tô
107517,LNH,cong-nghe-ky-thuat-o-to,A16,Điểm thi THPT,2024,15.2,Công nghệ kỹ thuật ô tô
107518,LNH,cong-nghe-ky-thuat-o-to,D01,Điểm thi THPT,2024,15.2,Công nghệ kỹ thuật ô tô
107519,LNH,cong-nghe-ky-thuat-o-to,A00,Điểm học bạ,2025,18.24,Công nghệ kỹ thuật ô tô
107520,LNH,cong-nghe-ky-thuat-o-to,A01,Điểm học bạ,2025,18.24,Công nghệ kỹ thuật ô tô
107521,LNH,cong-nghe-ky-thuat-o-to,C01,Điểm học bạ,2025,18.24,Công nghệ kỹ thuật ô tô
107522,LNH,cong-nghe-ky-thuat-o-to,C02,Điểm học bạ,2025,18.24,Công nghệ kỹ thuật ô tô
107523,LNH,cong-nghe-ky-thuat-o-to,D01,Điểm học bạ,2025,18.24,Công nghệ kỹ thuật ô tô
107524,LNH,cong-nghe-ky-thuat-o-to,X02,Điểm học bạ,2025,18.24,Công nghệ kỹ thuật ô tô
107525,LNH,cong-nghe-ky-thuat-o-to,X03,Điểm học bạ,2025,18.24,Công nghệ kỹ thuật ô tô
107526,LNH,cong-nghe-ky-thuat-o-to,X06,Điểm học bạ,2025,18.24,Công nghệ kỹ thuật ô tô
107527,LNH,cong-nghe-ky-thuat-o-to,X26,Điểm học bạ,2025,18.24,Công nghệ kỹ thuật ô tô
107528,LNH,cong-nghe-ky-thuat-o-to,X56,Điểm học bạ,2025,18.24,Công nghệ kỹ thuật ô tô
107529,LNH,cong-nghe-ky-thuat-o-to,A00,Điểm thi THPT,2025,15.2,Công nghệ kỹ thuật ô tô
107530,LNH,cong-nghe-ky-thuat-o-to,A01,Điểm thi THPT,2025,15.2,Công nghệ kỹ thuật ô tô
107531,LNH,cong-nghe-ky-thuat-o-to,C01,Điểm thi THPT,2025,15.2,Công nghệ kỹ thuật ô tô
107532,LNH,cong-nghe-ky-thuat-o-to,C02,Điểm thi THPT,2025,15.2,Công nghệ kỹ thuật ô tô
107533,LNH,cong-nghe-ky-thuat-o-to,D01,Điểm thi THPT,2025,15.2,Công nghệ kỹ thuật ô tô
107534,LNH,cong-nghe-ky-thuat-o-to,X02,Điểm thi THPT,2025,15.2,Công nghệ kỹ thuật ô tô
107535,LNH,cong-nghe-ky-thuat-o-to,X03,Điểm thi THPT,2025,15.2,Công nghệ kỹ thuật ô tô
107536,LNH,cong-nghe-ky-thuat-o-to,X06,Điểm thi THPT,2025,15.2,Công nghệ kỹ thuật ô tô
107537,LNH,cong-nghe-ky-thuat-o-to,X26,Điểm thi THPT,2025,15.2,Công nghệ kỹ thuật ô tô
107538,LNH,cong-nghe-ky-thuat-o-to,X57,Điểm thi THPT,2025,15.2,Công nghệ kỹ thuật ô tô
107539,LNH,cong-nghe-sinh-hoc,A00,Điểm học bạ,2021,18.0,Công nghệ sinh học
107540,LNH,cong-nghe-sinh-hoc,A16,Điểm học bạ,2021,18.0,Công nghệ sinh học
107541,LNH,cong-nghe-sinh-hoc,B00,Điểm học bạ,2021,18.0,Công nghệ sinh học
107542,LNH,cong-nghe-sinh-hoc,B08,Điểm học bạ,2021,18.0,Công nghệ sinh học
107543,LNH,cong-nghe-sinh-hoc,A00,Điểm thi THPT,2021,15.0,Công nghệ sinh học
107544,LNH,cong-nghe-sinh-hoc,A16,Điểm thi THPT,2021,15.0,Công nghệ sinh học
107545,LNH,cong-nghe-sinh-hoc,B00,Điểm thi THPT,2021,15.0,Công nghệ sinh học
107546,LNH,cong-nghe-sinh-hoc,B08,Điểm thi THPT,2021,15.0,Công nghệ sinh học
107547,LNH,cong-nghe-sinh-hoc,A00,Điểm học bạ,2023,18.0,Công nghệ sinh học
107548,LNH,cong-nghe-sinh-hoc,A16,Điểm học bạ,2023,18.0,Công nghệ sinh học
107549,LNH,cong-nghe-sinh-hoc,B00,Điểm học bạ,2023,18.0,Công nghệ sinh học
107550,LNH,cong-nghe-sinh-hoc,B08,Điểm học bạ,2023,18.0,Công nghệ sinh học
107551,LNH,cong-nghe-sinh-hoc,A00,Điểm thi THPT,2023,15.0,Công nghệ sinh học
107552,LNH,cong-nghe-sinh-hoc,A16,Điểm thi THPT,2023,15.0,Công nghệ sinh học
107553,LNH,cong-nghe-sinh-hoc,B00,Điểm thi THPT,2023,15.0,Công nghệ sinh học
107554,LNH,cong-nghe-sinh-hoc,B08,Điểm thi THPT,2023,15.0,Công nghệ sinh học
107555,LNH,cong-nghe-sinh-hoc,A00,Điểm học bạ,2024,18.0,Công nghệ sinh học
107556,LNH,cong-nghe-sinh-hoc,A16,Điểm học bạ,2024,18.0,Công nghệ sinh học
107557,LNH,cong-nghe-sinh-hoc,B00,Điểm học bạ,2024,18.0,Công nghệ sinh học
107558,LNH,cong-nghe-sinh-hoc,B08,Điểm học bạ,2024,18.0,Công nghệ sinh học
107559,LNH,cong-nghe-sinh-hoc,A00,Điểm thi THPT,2024,15.8,Công nghệ sinh học
107560,LNH,cong-nghe-sinh-hoc,A16,Điểm thi THPT,2024,15.8,Công nghệ sinh học
107561,LNH,cong-nghe-sinh-hoc,B00,Điểm thi THPT,2024,15.8,Công nghệ sinh học
107562,LNH,cong-nghe-sinh-hoc,B08,Điểm thi THPT,2024,15.8,Công nghệ sinh học
107563,LNH,cong-nghe-sinh-hoc,A00,Điểm học bạ,2025,18.0,Công nghệ sinh học
107564,LNH,cong-nghe-sinh-hoc,B00,Điểm học bạ,2025,18.0,Công nghệ sinh học
107565,LNH,cong-nghe-sinh-hoc,B03,Điểm học bạ,2025,18.0,Công nghệ sinh học
107566,LNH,cong-nghe-sinh-hoc,C02,Điểm học bạ,2025,18.0,Công nghệ sinh học
107567,LNH,cong-nghe-sinh-hoc,D01,Điểm học bạ,2025,18.0,Công nghệ sinh học
107568,LNH,cong-nghe-sinh-hoc,D10,Điểm học bạ,2025,18.0,Công nghệ sinh học
107569,LNH,cong-nghe-sinh-hoc,X02,Điểm học bạ,2025,18.0,Công nghệ sinh học
107570,LNH,cong-nghe-sinh-hoc,X04,Điểm học bạ,2025,18.0,Công nghệ sinh học
107571,LNH,cong-nghe-sinh-hoc,A00,Điểm thi THPT,2025,15.0,Công nghệ sinh học
107572,LNH,cong-nghe-sinh-hoc,B00,Điểm thi THPT,2025,15.0,Công nghệ sinh học
107573,LNH,cong-nghe-sinh-hoc,B03,Điểm thi THPT,2025,15.0,Công nghệ sinh học
107574,LNH,cong-nghe-sinh-hoc,C02,Điểm thi THPT,2025,15.0,Công nghệ sinh học
107575,LNH,cong-nghe-sinh-hoc,D01,Điểm thi THPT,2025,15.0,Công nghệ sinh học
107576,LNH,cong-nghe-sinh-hoc,D10,Điểm thi THPT,2025,15.0,Công nghệ sinh học
107577,LNH,cong-nghe-sinh-hoc,X02,Điểm thi THPT,2025,15.0,Công nghệ sinh học
107578,LNH,cong-nghe-sinh-hoc,X04,Điểm thi THPT,2025,15.0,Công nghệ sinh học
107579,LNH,cong-tac-xa-hoi,A00,Điểm học bạ,2021,18.0,Công tác xã hội
107580,LNH,cong-tac-xa-hoi,C00,Điểm học bạ,2021,18.0,Công tác xã hội
107581,LNH,cong-tac-xa-hoi,C15,Điểm học bạ,2021,18.0,Công tác xã hội
107582,LNH,cong-tac-xa-hoi,D01,Điểm học bạ,2021,18.0,Công tác xã hội
107583,LNH,cong-tac-xa-hoi,A00,Điểm thi THPT,2021,15.0,Công tác xã hội
107584,LNH,cong-tac-xa-hoi,C00,Điểm thi THPT,2021,15.0,Công tác xã hội
107585,LNH,cong-tac-xa-hoi,C15,Điểm thi THPT,2021,15.0,Công tác xã hội
107586,LNH,cong-tac-xa-hoi,D01,Điểm thi THPT,2021,15.0,Công tác xã hội
107587,LNH,cong-tac-xa-hoi,A00,Điểm học bạ,2023,18.0,Công tác xã hội
107588,LNH,cong-tac-xa-hoi,C00,Điểm học bạ,2023,18.0,Công tác xã hội
107589,LNH,cong-tac-xa-hoi,C15,Điểm học bạ,2023,18.0,Công tác xã hội
107590,LNH,cong-tac-xa-hoi,D01,Điểm học bạ,2023,18.0,Công tác xã hội
107591,LNH,cong-tac-xa-hoi,A00,Điểm thi THPT,2023,15.0,Công tác xã hội
107592,LNH,cong-tac-xa-hoi,C00,Điểm thi THPT,2023,15.0,Công tác xã hội
107593,LNH,cong-tac-xa-hoi,C15,Điểm thi THPT,2023,15.0,Công tác xã hội
107594,LNH,cong-tac-xa-hoi,D01,Điểm thi THPT,2023,15.0,Công tác xã hội
107595,LNH,cong-tac-xa-hoi,A00,Điểm học bạ,2024,18.0,Công tác xã hội
107596,LNH,cong-tac-xa-hoi,C00,Điểm học bạ,2024,18.0,Công tác xã hội
107597,LNH,cong-tac-xa-hoi,C15,Điểm học bạ,2024,18.0,Công tác xã hội
107598,LNH,cong-tac-xa-hoi,D01,Điểm học bạ,2024,18.0,Công tác xã hội
107599,LNH,cong-tac-xa-hoi,A00,Điểm thi THPT,2024,15.7,Công tác xã hội
107600,LNH,cong-tac-xa-hoi,C00,Điểm thi THPT,2024,15.7,Công tác xã hội
107601,LNH,cong-tac-xa-hoi,C15,Điểm thi THPT,2024,15.7,Công tác xã hội
107602,LNH,cong-tac-xa-hoi,D01,Điểm thi THPT,2024,15.7,Công tác xã hội
107603,LNH,cong-tac-xa-hoi,A01,Điểm học bạ,2025,19.2,Công tác xã hội
107604,LNH,cong-tac-xa-hoi,C00,Điểm học bạ,2025,19.2,Công tác xã hội
107605,LNH,cong-tac-xa-hoi,D01,Điểm học bạ,2025,19.2,Công tác xã hội
107606,LNH,cong-tac-xa-hoi,D14,Điểm học bạ,2025,19.2,Công tác xã hội
107607,LNH,cong-tac-xa-hoi,D15,Điểm học bạ,2025,19.2,Công tác xã hội
107608,LNH,cong-tac-xa-hoi,X01,Điểm học bạ,2025,19.2,Công tác xã hội
107609,LNH,cong-tac-xa-hoi,X26,Điểm học bạ,2025,19.2,Công tác xã hội
107610,LNH,cong-tac-xa-hoi,X70,Điểm học bạ,2025,19.2,Công tác xã hội
107611,LNH,cong-tac-xa-hoi,X74,Điểm học bạ,2025,19.2,Công tác xã hội
107612,LNH,cong-tac-xa-hoi,X78,Điểm học bạ,2025,19.2,Công tác xã hội
107613,LNH,cong-tac-xa-hoi,A01,Điểm thi THPT,2025,16.0,Công tác xã hội
107614,LNH,cong-tac-xa-hoi,C00,Điểm thi THPT,2025,16.0,Công tác xã hội
107615,LNH,cong-tac-xa-hoi,D01,Điểm thi THPT,2025,16.0,Công tác xã hội
107616,LNH,cong-tac-xa-hoi,D14,Điểm thi THPT,2025,16.0,Công tác xã hội
107617,LNH,cong-tac-xa-hoi,D15,Điểm thi THPT,2025,16.0,Công tác xã hội
107618,LNH,cong-tac-xa-hoi,X01,Điểm thi THPT,2025,16.0,Công tác xã hội
107619,LNH,cong-tac-xa-hoi,X26,Điểm thi THPT,2025,16.0,Công tác xã hội
107620,LNH,cong-tac-xa-hoi,X70,Điểm thi THPT,2025,16.0,Công tác xã hội
107621,LNH,cong-tac-xa-hoi,X74,Điểm thi THPT,2025,16.0,Công tác xã hội
107622,LNH,cong-tac-xa-hoi,X78,Điểm thi THPT,2025,16.0,Công tác xã hội
107623,LNH,du-lich-sinh-thai,B00,Điểm thi THPT,2021,15.0,Du lịch sinh thái
107624,LNH,du-lich-sinh-thai,C00,Điểm thi THPT,2021,15.0,Du lịch sinh thái
107625,LNH,du-lich-sinh-thai,C15,Điểm thi THPT,2021,15.0,Du lịch sinh thái
107626,LNH,du-lich-sinh-thai,D01,Điểm thi THPT,2021,15.0,Du lịch sinh thái
107627,LNH,du-lich-sinh-thai,B00,Điểm học bạ,2023,18.0,Du lịch sinh thái
107628,LNH,du-lich-sinh-thai,C00,Điểm học bạ,2023,18.0,Du lịch sinh thái
107629,LNH,du-lich-sinh-thai,C15,Điểm học bạ,2023,18.0,Du lịch sinh thái
107630,LNH,du-lich-sinh-thai,D01,Điểm học bạ,2023,18.0,Du lịch sinh thái
107631,LNH,du-lich-sinh-thai,B00,Điểm thi THPT,2023,15.0,Du lịch sinh thái
107632,LNH,du-lich-sinh-thai,C00,Điểm thi THPT,2023,15.0,Du lịch sinh thái
107633,LNH,du-lich-sinh-thai,C15,Điểm thi THPT,2023,15.0,Du lịch sinh thái
107634,LNH,du-lich-sinh-thai,D01,Điểm thi THPT,2023,15.0,Du lịch sinh thái
107635,LNH,du-lich-sinh-thai,B00,Điểm học bạ,2024,18.0,Du lịch sinh thái
107636,LNH,du-lich-sinh-thai,C00,Điểm học bạ,2024,18.0,Du lịch sinh thái
107637,LNH,du-lich-sinh-thai,C15,Điểm học bạ,2024,18.0,Du lịch sinh thái
107638,LNH,du-lich-sinh-thai,D01,Điểm học bạ,2024,18.0,Du lịch sinh thái
107639,LNH,du-lich-sinh-thai,B00,Điểm thi THPT,2024,19.5,Du lịch sinh thái
107640,LNH,du-lich-sinh-thai,C00,Điểm thi THPT,2024,19.5,Du lịch sinh thái
107641,LNH,du-lich-sinh-thai,C15,Điểm thi THPT,2024,19.5,Du lịch sinh thái
107642,LNH,du-lich-sinh-thai,D01,Điểm thi THPT,2024,19.5,Du lịch sinh thái
107643,LNH,du-lich-sinh-thai,A07,Điểm học bạ,2025,19.2,Du lịch sinh thái
107644,LNH,du-lich-sinh-thai,B03,Điểm học bạ,2025,19.2,Du lịch sinh thái
107645,LNH,du-lich-sinh-thai,C01,Điểm học bạ,2025,19.2,Du lịch sinh thái
107646,LNH,du-lich-sinh-thai,C02,Điểm học bạ,2025,19.2,Du lịch sinh thái
107647,LNH,du-lich-sinh-thai,C03,Điểm học bạ,2025,19.2,Du lịch sinh thái
107648,LNH,du-lich-sinh-thai,C04,Điểm học bạ,2025,19.2,Du lịch sinh thái
107649,LNH,du-lich-sinh-thai,D01,Điểm học bạ,2025,19.2,Du lịch sinh thái
107650,LNH,du-lich-sinh-thai,X01,Điểm học bạ,2025,19.2,Du lịch sinh thái
107651,LNH,du-lich-sinh-thai,X02,Điểm học bạ,2025,19.2,Du lịch sinh thái
107652,LNH,du-lich-sinh-thai,X04,Điểm học bạ,2025,19.2,Du lịch sinh thái
107653,LNH,du-lich-sinh-thai,A07,Điểm thi THPT,2025,16.0,Du lịch sinh thái
107654,LNH,du-lich-sinh-thai,B03,Điểm thi THPT,2025,16.0,Du lịch sinh thái
107655,LNH,du-lich-sinh-thai,C01,Điểm thi THPT,2025,16.0,Du lịch sinh thái
107656,LNH,du-lich-sinh-thai,C02,Điểm thi THPT,2025,16.0,Du lịch sinh thái
107657,LNH,du-lich-sinh-thai,C03,Điểm thi THPT,2025,16.0,Du lịch sinh thái
107658,LNH,du-lich-sinh-thai,C04,Điểm thi THPT,2025,16.0,Du lịch sinh thái
107659,LNH,du-lich-sinh-thai,D01,Điểm thi THPT,2025,16.0,Du lịch sinh thái
107660,LNH,du-lich-sinh-thai,X01,Điểm thi THPT,2025,16.0,Du lịch sinh thái
107661,LNH,du-lich-sinh-thai,X02,Điểm thi THPT,2025,16.0,Du lịch sinh thái
107662,LNH,du-lich-sinh-thai,X04,Điểm thi THPT,2025,16.0,Du lịch sinh thái
107663,LNH,he-thong-thong-tin,A00,Điểm học bạ,2021,18.0,Hệ thống thông tin (Công nghệ thông tin)
107664,LNH,he-thong-thong-tin,A01,Điểm học bạ,2021,18.0,Hệ thống thông tin (Công nghệ thông tin)
107665,LNH,he-thong-thong-tin,A16,Điểm học bạ,2021,18.0,Hệ thống thông tin (Công nghệ thông tin)
107666,LNH,he-thong-thong-tin,D01,Điểm học bạ,2021,18.0,Hệ thống thông tin (Công nghệ thông tin)
107667,LNH,he-thong-thong-tin,A00,Điểm thi THPT,2021,15.0,Hệ thống thông tin (Công nghệ thông tin)
107668,LNH,he-thong-thong-tin,A01,Điểm thi THPT,2021,15.0,Hệ thống thông tin (Công nghệ thông tin)
107669,LNH,he-thong-thong-tin,A16,Điểm thi THPT,2021,15.0,Hệ thống thông tin (Công nghệ thông tin)
107670,LNH,he-thong-thong-tin,D01,Điểm thi THPT,2021,15.0,Hệ thống thông tin (Công nghệ thông tin)
107671,LNH,he-thong-thong-tin,A00,Điểm học bạ,2023,18.0,Hệ thống thông tin (Công nghệ thông tin)
107672,LNH,he-thong-thong-tin,A01,Điểm học bạ,2023,18.0,Hệ thống thông tin (Công nghệ thông tin)
107673,LNH,he-thong-thong-tin,A16,Điểm học bạ,2023,18.0,Hệ thống thông tin (Công nghệ thông tin)
107674,LNH,he-thong-thong-tin,D01,Điểm học bạ,2023,18.0,Hệ thống thông tin (Công nghệ thông tin)
107675,LNH,he-thong-thong-tin,A00,Điểm thi THPT,2023,15.0,Hệ thống thông tin
107676,LNH,he-thong-thong-tin,A01,Điểm thi THPT,2023,15.0,Hệ thống thông tin
107677,LNH,he-thong-thong-tin,A16,Điểm thi THPT,2023,15.0,Hệ thống thông tin
107678,LNH,he-thong-thong-tin,D01,Điểm thi THPT,2023,15.0,Hệ thống thông tin
107679,LNH,he-thong-thong-tin,A00,Điểm học bạ,2024,18.0,Hệ thống thông tin
107680,LNH,he-thong-thong-tin,A01,Điểm học bạ,2024,18.0,Hệ thống thông tin
107681,LNH,he-thong-thong-tin,A16,Điểm học bạ,2024,18.0,Hệ thống thông tin
107682,LNH,he-thong-thong-tin,D01,Điểm học bạ,2024,18.0,Hệ thống thông tin
107683,LNH,he-thong-thong-tin,A00,Điểm thi THPT,2024,15.3,Hệ thống thông tin
107684,LNH,he-thong-thong-tin,A01,Điểm thi THPT,2024,15.3,Hệ thống thông tin
107685,LNH,he-thong-thong-tin,A16,Điểm thi THPT,2024,15.3,Hệ thống thông tin
107686,LNH,he-thong-thong-tin,D01,Điểm thi THPT,2024,15.3,Hệ thống thông tin
107687,LNH,he-thong-thong-tin,A00,Điểm học bạ,2025,18.24,Hệ thống thông tin
107688,LNH,he-thong-thong-tin,A01,Điểm học bạ,2025,18.24,Hệ thống thông tin
107689,LNH,he-thong-thong-tin,C01,Điểm học bạ,2025,18.24,Hệ thống thông tin
107690,LNH,he-thong-thong-tin,C02,Điểm học bạ,2025,18.24,Hệ thống thông tin
107691,LNH,he-thong-thong-tin,D01,Điểm học bạ,2025,18.24,Hệ thống thông tin
107692,LNH,he-thong-thong-tin,X02,Điểm học bạ,2025,18.24,Hệ thống thông tin
107693,LNH,he-thong-thong-tin,X03,Điểm học bạ,2025,18.24,Hệ thống thông tin
107694,LNH,he-thong-thong-tin,X06,Điểm học bạ,2025,18.24,Hệ thống thông tin
107695,LNH,he-thong-thong-tin,X26,Điểm học bạ,2025,18.24,Hệ thống thông tin
107696,LNH,he-thong-thong-tin,X56,Điểm học bạ,2025,18.24,Hệ thống thông tin
107697,LNH,he-thong-thong-tin,A00,Điểm thi THPT,2025,15.2,Hệ thống thông tin
107698,LNH,he-thong-thong-tin,A01,Điểm thi THPT,2025,15.2,Hệ thống thông tin
107699,LNH,he-thong-thong-tin,C01,Điểm thi THPT,2025,15.2,Hệ thống thông tin
107700,LNH,he-thong-thong-tin,C02,Điểm thi THPT,2025,15.2,Hệ thống thông tin
107701,LNH,he-thong-thong-tin,D01,Điểm thi THPT,2025,15.2,Hệ thống thông tin
107702,LNH,he-thong-thong-tin,X02,Điểm thi THPT,2025,15.2,Hệ thống thông tin
107703,LNH,he-thong-thong-tin,X03,Điểm thi THPT,2025,15.2,Hệ thống thông tin
107704,LNH,he-thong-thong-tin,X06,Điểm thi THPT,2025,15.2,Hệ thống thông tin
107705,LNH,he-thong-thong-tin,X26,Điểm thi THPT,2025,15.2,Hệ thống thông tin
107706,LNH,he-thong-thong-tin,X56,Điểm thi THPT,2025,15.2,Hệ thống thông tin
107707,LNH,ke-toan,A00,Điểm học bạ,2021,18.0,Kế toán
107708,LNH,ke-toan,A16,Điểm học bạ,2021,18.0,Kế toán
107709,LNH,ke-toan,C15,Điểm học bạ,2021,18.0,Kế toán
107710,LNH,ke-toan,D01,Điểm học bạ,2021,18.0,Kế toán
107711,LNH,ke-toan,A00,Điểm thi THPT,2021,15.0,Kế toán
107712,LNH,ke-toan,A16,Điểm thi THPT,2021,15.0,Kế toán
107713,LNH,ke-toan,C15,Điểm thi THPT,2021,15.0,Kế toán
107714,LNH,ke-toan,D01,Điểm thi THPT,2021,15.0,Kế toán
107715,LNH,ke-toan,A00,Điểm học bạ,2023,18.0,Kế toán
107716,LNH,ke-toan,A16,Điểm học bạ,2023,18.0,Kế toán
107717,LNH,ke-toan,C15,Điểm học bạ,2023,18.0,Kế toán
107718,LNH,ke-toan,D01,Điểm học bạ,2023,18.0,Kế toán
107719,LNH,ke-toan,A00,Điểm thi THPT,2023,15.0,Kế toán
107720,LNH,ke-toan,A16,Điểm thi THPT,2023,15.0,Kế toán
107721,LNH,ke-toan,C15,Điểm thi THPT,2023,15.0,Kế toán
107722,LNH,ke-toan,D01,Điểm thi THPT,2023,15.0,Kế toán
107723,LNH,ke-toan,A00,Điểm học bạ,2024,18.0,Kế toán
107724,LNH,ke-toan,A16,Điểm học bạ,2024,18.0,Kế toán
107725,LNH,ke-toan,C15,Điểm học bạ,2024,18.0,Kế toán
107726,LNH,ke-toan,D01,Điểm học bạ,2024,18.0,Kế toán
107727,LNH,ke-toan,A00,Điểm thi THPT,2024,16.1,Kế toán
107728,LNH,ke-toan,A16,Điểm thi THPT,2024,16.1,Kế toán
107729,LNH,ke-toan,C15,Điểm thi THPT,2024,16.1,Kế toán
107730,LNH,ke-toan,D01,Điểm thi THPT,2024,16.1,Kế toán
107731,LNH,ke-toan,A01,Điểm học bạ,2025,19.2,Kế toán
107732,LNH,ke-toan,C00,Điểm học bạ,2025,19.2,Kế toán
107733,LNH,ke-toan,D01,Điểm học bạ,2025,19.2,Kế toán
107734,LNH,ke-toan,D14,Điểm học bạ,2025,19.2,Kế toán
107735,LNH,ke-toan,D15,Điểm học bạ,2025,19.2,Kế toán
107736,LNH,ke-toan,X01,Điểm học bạ,2025,19.2,Kế toán
107737,LNH,ke-toan,X26,Điểm học bạ,2025,19.2,Kế toán
107738,LNH,ke-toan,X70,Điểm học bạ,2025,19.2,Kế toán
107739,LNH,ke-toan,X74,Điểm học bạ,2025,19.2,Kế toán
107740,LNH,ke-toan,X78,Điểm học bạ,2025,19.2,Kế toán
107741,LNH,ke-toan,A01,Điểm thi THPT,2025,16.0,Kế toán
107742,LNH,ke-toan,C00,Điểm thi THPT,2025,16.0,Kế toán
107743,LNH,ke-toan,D01,Điểm thi THPT,2025,16.0,Kế toán
107744,LNH,ke-toan,D14,Điểm thi THPT,2025,16.0,Kế toán
107745,LNH,ke-toan,D15,Điểm thi THPT,2025,16.0,Kế toán
107746,LNH,ke-toan,X01,Điểm thi THPT,2025,16.0,Kế toán
107747,LNH,ke-toan,X26,Điểm thi THPT,2025,16.0,Kế toán
107748,LNH,ke-toan,X70,Điểm thi THPT,2025,16.0,Kế toán
107749,LNH,ke-toan,X74,Điểm thi THPT,2025,16.0,Kế toán
107750,LNH,ke-toan,X78,Điểm thi THPT,2025,16.0,Kế toán
107751,LNH,khoa-hoc-cay-trong,A00,Điểm học bạ,2021,18.0,"Khoa học cây trồng (Nông học, Trồng trọt)"
107752,LNH,khoa-hoc-cay-trong,A16,Điểm học bạ,2021,18.0,"Khoa học cây trồng (Nông học, Trồng trọt)"
107753,LNH,khoa-hoc-cay-trong,B00,Điểm học bạ,2021,18.0,"Khoa học cây trồng (Nông học, Trồng trọt)"
107754,LNH,khoa-hoc-cay-trong,D01,Điểm học bạ,2021,18.0,"Khoa học cây trồng (Nông học, Trồng trọt)"
107755,LNH,khoa-hoc-cay-trong,A00,Điểm thi THPT,2021,15.0,"Khoa học cây trồng (Nông học, Trồng trọt)"
107756,LNH,khoa-hoc-cay-trong,A16,Điểm thi THPT,2021,15.0,"Khoa học cây trồng (Nông học, Trồng trọt)"
107757,LNH,khoa-hoc-cay-trong,B00,Điểm thi THPT,2021,15.0,"Khoa học cây trồng (Nông học, Trồng trọt)"
107758,LNH,khoa-hoc-cay-trong,D01,Điểm thi THPT,2021,15.0,"Khoa học cây trồng (Nông học, Trồng trọt)"
107759,LNH,khoa-hoc-cay-trong,A00,Điểm học bạ,2023,18.0,Khoa học cây trồng
107760,LNH,khoa-hoc-cay-trong,A16,Điểm học bạ,2023,18.0,Khoa học cây trồng
107761,LNH,khoa-hoc-cay-trong,B00,Điểm học bạ,2023,18.0,Khoa học cây trồng
107762,LNH,khoa-hoc-cay-trong,D01,Điểm học bạ,2023,18.0,Khoa học cây trồng
107763,LNH,khoa-hoc-cay-trong,A00,Điểm thi THPT,2023,15.0,Khoa học cây trồng
107764,LNH,khoa-hoc-cay-trong,A16,Điểm thi THPT,2023,15.0,Khoa học cây trồng
107765,LNH,khoa-hoc-cay-trong,D01,Điểm thi THPT,2023,15.0,Khoa học cây trồng
107766,LNH,khoa-hoc-cay-trong,A00,Điểm học bạ,2024,18.0,Khoa học cây trồng
107767,LNH,khoa-hoc-cay-trong,A16,Điểm học bạ,2024,18.0,Khoa học cây trồng
107768,LNH,khoa-hoc-cay-trong,B00,Điểm học bạ,2024,18.0,Khoa học cây trồng
107769,LNH,khoa-hoc-cay-trong,D01,Điểm học bạ,2024,18.0,Khoa học cây trồng
107770,LNH,khoa-hoc-cay-trong,A00,Điểm thi THPT,2024,15.4,Khoa học cây trồng
107771,LNH,khoa-hoc-cay-trong,A16,Điểm thi THPT,2024,15.4,Khoa học cây trồng
107772,LNH,khoa-hoc-cay-trong,B00,Điểm thi THPT,2024,15.4,Khoa học cây trồng
107773,LNH,khoa-hoc-cay-trong,D01,Điểm thi THPT,2024,15.4,Khoa học cây trồng
107774,LNH,khoa-hoc-cay-trong,A00,Điểm học bạ,2025,22.8,Khoa học cây trồng
107775,LNH,khoa-hoc-cay-trong,B00,Điểm học bạ,2025,22.8,Khoa học cây trồng
107776,LNH,khoa-hoc-cay-trong,B02,Điểm học bạ,2025,22.8,Khoa học cây trồng
107777,LNH,khoa-hoc-cay-trong,C03,Điểm học bạ,2025,22.8,Khoa học cây trồng
107778,LNH,khoa-hoc-cay-trong,C04,Điểm học bạ,2025,22.8,Khoa học cây trồng
107779,LNH,khoa-hoc-cay-trong,D01,Điểm học bạ,2025,22.8,Khoa học cây trồng
107780,LNH,khoa-hoc-cay-trong,D07,Điểm học bạ,2025,22.8,Khoa học cây trồng
107781,LNH,khoa-hoc-cay-trong,X12,Điểm học bạ,2025,22.8,Khoa học cây trồng
107782,LNH,khoa-hoc-cay-trong,X16,Điểm học bạ,2025,22.8,Khoa học cây trồng
107783,LNH,khoa-hoc-cay-trong,A00,Điểm thi THPT,2025,19.0,Khoa học cây trồng
107784,LNH,khoa-hoc-cay-trong,B00,Điểm thi THPT,2025,19.0,Khoa học cây trồng
107785,LNH,khoa-hoc-cay-trong,B02,Điểm thi THPT,2025,19.0,Khoa học cây trồng
107786,LNH,khoa-hoc-cay-trong,C03,Điểm thi THPT,2025,19.0,Khoa học cây trồng
107787,LNH,khoa-hoc-cay-trong,C04,Điểm thi THPT,2025,19.0,Khoa học cây trồng
107788,LNH,khoa-hoc-cay-trong,D01,Điểm thi THPT,2025,19.0,Khoa học cây trồng
107789,LNH,khoa-hoc-cay-trong,D07,Điểm thi THPT,2025,19.0,Khoa học cây trồng
107790,LNH,khoa-hoc-cay-trong,X12,Điểm thi THPT,2025,19.0,Khoa học cây trồng
107791,LNH,khoa-hoc-cay-trong,X16,Điểm thi THPT,2025,19.0,Khoa học cây trồng
107792,LNH,khoa-hoc-moi-truong,A00,Điểm học bạ,2021,18.0,Khoa học môi trường
107793,LNH,khoa-hoc-moi-truong,A16,Điểm học bạ,2021,18.0,Khoa học môi trường
107794,LNH,khoa-hoc-moi-truong,B00,Điểm học bạ,2021,18.0,Khoa học môi trường
107795,LNH,khoa-hoc-moi-truong,D01,Điểm học bạ,2021,18.0,Khoa học môi trường
107796,LNH,khoa-hoc-moi-truong,A00,Điểm thi THPT,2021,15.0,Khoa học môi trường
107797,LNH,khoa-hoc-moi-truong,A16,Điểm thi THPT,2021,15.0,Khoa học môi trường
107798,LNH,khoa-hoc-moi-truong,B00,Điểm thi THPT,2021,15.0,Khoa học môi trường
107799,LNH,khoa-hoc-moi-truong,D01,Điểm thi THPT,2021,15.0,Khoa học môi trường
107800,LNH,kien-truc-canh-quan,A00,Điểm học bạ,2021,18.0,Kiến trúc cảnh quan
107801,LNH,kien-truc-canh-quan,C15,Điểm học bạ,2021,18.0,Kiến trúc cảnh quan
107802,LNH,kien-truc-canh-quan,D01,Điểm học bạ,2021,18.0,Kiến trúc cảnh quan
107803,LNH,kien-truc-canh-quan,V01,Điểm học bạ,2021,18.0,Kiến trúc cảnh quan
107804,LNH,kien-truc-canh-quan,A00,Điểm thi THPT,2021,15.0,Kiến trúc cảnh quan
107805,LNH,kien-truc-canh-quan,C15,Điểm thi THPT,2021,15.0,Kiến trúc cảnh quan
107806,LNH,kien-truc-canh-quan,D01,Điểm thi THPT,2021,15.0,Kiến trúc cảnh quan
107807,LNH,kien-truc-canh-quan,V01,Điểm thi THPT,2021,15.0,Kiến trúc cảnh quan
107808,LNH,kien-truc-canh-quan,A00,Điểm học bạ,2023,18.0,Kiến trúc cảnh quan
107809,LNH,kien-truc-canh-quan,C15,Điểm học bạ,2023,18.0,Kiến trúc cảnh quan
107810,LNH,kien-truc-canh-quan,D01,Điểm học bạ,2023,18.0,Kiến trúc cảnh quan
107811,LNH,kien-truc-canh-quan,V01,Điểm học bạ,2023,18.0,Kiến trúc cảnh quan
107812,LNH,kien-truc-canh-quan,A00,Điểm thi THPT,2023,15.0,Kiến trúc cảnh quan
107813,LNH,kien-truc-canh-quan,C15,Điểm thi THPT,2023,15.0,Kiến trúc cảnh quan
107814,LNH,kien-truc-canh-quan,D01,Điểm thi THPT,2023,15.0,Kiến trúc cảnh quan
107815,LNH,kien-truc-canh-quan,V01,Điểm thi THPT,2023,15.0,Kiến trúc cảnh quan
107816,LNH,kien-truc-canh-quan,A00,Điểm học bạ,2024,18.0,Kiến trúc cảnh quan
107817,LNH,kien-truc-canh-quan,C15,Điểm học bạ,2024,18.0,Kiến trúc cảnh quan
107818,LNH,kien-truc-canh-quan,D01,Điểm học bạ,2024,18.0,Kiến trúc cảnh quan
107819,LNH,kien-truc-canh-quan,V01,Điểm học bạ,2024,18.0,Kiến trúc cảnh quan
107820,LNH,kien-truc-canh-quan,A00,Điểm thi THPT,2024,18.5,Kiến trúc cảnh quan
107821,LNH,kien-truc-canh-quan,C15,Điểm thi THPT,2024,18.5,Kiến trúc cảnh quan
107822,LNH,kien-truc-canh-quan,D01,Điểm thi THPT,2024,18.5,Kiến trúc cảnh quan
107823,LNH,kien-truc-canh-quan,V01,Điểm thi THPT,2024,18.5,Kiến trúc cảnh quan
107824,LNH,kien-truc-canh-quan,C04,Điểm học bạ,2025,19.2,Kiến trúc cảnh quan
107825,LNH,kien-truc-canh-quan,H00,Điểm học bạ,2025,19.2,Kiến trúc cảnh quan
107826,LNH,kien-truc-canh-quan,V01,Điểm học bạ,2025,19.2,Kiến trúc cảnh quan
107827,LNH,kien-truc-canh-quan,X01,Điểm học bạ,2025,19.2,Kiến trúc cảnh quan
107828,LNH,kien-truc-canh-quan,X02,Điểm học bạ,2025,19.2,Kiến trúc cảnh quan
107829,LNH,kien-truc-canh-quan,X03,Điểm học bạ,2025,19.2,Kiến trúc cảnh quan
107830,LNH,kien-truc-canh-quan,X07,Điểm học bạ,2025,19.2,Kiến trúc cảnh quan
107831,LNH,kien-truc-canh-quan,X57,Điểm học bạ,2025,19.2,Kiến trúc cảnh quan
107832,LNH,kien-truc-canh-quan,X71,Điểm học bạ,2025,19.2,Kiến trúc cảnh quan
107833,LNH,kien-truc-canh-quan,Y09,Điểm học bạ,2025,19.2,Kiến trúc cảnh quan
107834,LNH,kien-truc-canh-quan,C04,Điểm thi THPT,2025,16.0,Kiến trúc cảnh quan
107835,LNH,kien-truc-canh-quan,H00,Điểm thi THPT,2025,16.0,Kiến trúc cảnh quan
107836,LNH,kien-truc-canh-quan,V01,Điểm thi THPT,2025,16.0,Kiến trúc cảnh quan
107837,LNH,kien-truc-canh-quan,X01,Điểm thi THPT,2025,16.0,Kiến trúc cảnh quan
107838,LNH,kien-truc-canh-quan,X02,Điểm thi THPT,2025,16.0,Kiến trúc cảnh quan
107839,LNH,kien-truc-canh-quan,X03,Điểm thi THPT,2025,16.0,Kiến trúc cảnh quan
107840,LNH,kien-truc-canh-quan,X07,Điểm thi THPT,2025,16.0,Kiến trúc cảnh quan
107841,LNH,kien-truc-canh-quan,X57,Điểm thi THPT,2025,16.0,Kiến trúc cảnh quan
107842,LNH,kien-truc-canh-quan,X71,Điểm thi THPT,2025,16.0,Kiến trúc cảnh quan
107843,LNH,kien-truc-canh-quan,Y09,Điểm thi THPT,2025,16.0,Kiến trúc cảnh quan
107844,LNH,kinh-te,A00,Điểm học bạ,2021,18.0,Kinh tế
107845,LNH,kinh-te,A16,Điểm học bạ,2021,18.0,Kinh tế
107846,LNH,kinh-te,C15,Điểm học bạ,2021,18.0,Kinh tế
107847,LNH,kinh-te,D01,Điểm học bạ,2021,18.0,Kinh tế
107848,LNH,kinh-te,A00,Điểm thi THPT,2021,15.0,Kinh tế
107849,LNH,kinh-te,A16,Điểm thi THPT,2021,15.0,Kinh tế
107850,LNH,kinh-te,C15,Điểm thi THPT,2021,15.0,Kinh tế
107851,LNH,kinh-te,D01,Điểm thi THPT,2021,15.0,Kinh tế
107852,LNH,kinh-te,A00,Điểm học bạ,2023,18.0,Kinh tế
107853,LNH,kinh-te,A16,Điểm học bạ,2023,18.0,Kinh tế
107854,LNH,kinh-te,C15,Điểm học bạ,2023,18.0,Kinh tế
107855,LNH,kinh-te,D01,Điểm học bạ,2023,18.0,Kinh tế
107856,LNH,kinh-te,A00,Điểm thi THPT,2023,15.0,Kinh tế
107857,LNH,kinh-te,A16,Điểm thi THPT,2023,15.0,Kinh tế
107858,LNH,kinh-te,C15,Điểm thi THPT,2023,15.0,Kinh tế
107859,LNH,kinh-te,D01,Điểm thi THPT,2023,15.0,Kinh tế
107860,LNH,kinh-te,A00,Điểm học bạ,2024,18.0,Kinh tế
107861,LNH,kinh-te,A16,Điểm học bạ,2024,18.0,Kinh tế
107862,LNH,kinh-te,C15,Điểm học bạ,2024,18.0,Kinh tế
107863,LNH,kinh-te,D01,Điểm học bạ,2024,18.0,Kinh tế
107864,LNH,kinh-te,A00,Điểm thi THPT,2024,16.4,Kinh tế
107865,LNH,kinh-te,A16,Điểm thi THPT,2024,16.4,Kinh tế
107866,LNH,kinh-te,C15,Điểm thi THPT,2024,16.4,Kinh tế
107867,LNH,kinh-te,D01,Điểm thi THPT,2024,16.4,Kinh tế
107868,LNH,kinh-te,A01,Điểm học bạ,2025,19.44,Kinh tế
107869,LNH,kinh-te,C00,Điểm học bạ,2025,19.44,Kinh tế
107870,LNH,kinh-te,D01,Điểm học bạ,2025,19.44,Kinh tế
107871,LNH,kinh-te,D14,Điểm học bạ,2025,19.44,Kinh tế
107872,LNH,kinh-te,D15,Điểm học bạ,2025,19.44,Kinh tế
107873,LNH,kinh-te,X01,Điểm học bạ,2025,19.44,Kinh tế
107874,LNH,kinh-te,X26,Điểm học bạ,2025,19.44,Kinh tế
107875,LNH,kinh-te,X70,Điểm học bạ,2025,19.44,Kinh tế
107876,LNH,kinh-te,X74,Điểm học bạ,2025,19.44,Kinh tế
107877,LNH,kinh-te,X78,Điểm học bạ,2025,19.44,Kinh tế
107878,LNH,kinh-te,A01,Điểm thi THPT,2025,16.2,Kinh tế
107879,LNH,kinh-te,C00,Điểm thi THPT,2025,16.2,Kinh tế
107880,LNH,kinh-te,D01,Điểm thi THPT,2025,16.2,Kinh tế
107881,LNH,kinh-te,D14,Điểm thi THPT,2025,16.2,Kinh tế
107882,LNH,kinh-te,D15,Điểm thi THPT,2025,16.2,Kinh tế
107883,LNH,kinh-te,X01,Điểm thi THPT,2025,16.2,Kinh tế
107884,LNH,kinh-te,X26,Điểm thi THPT,2025,16.2,Kinh tế
107885,LNH,kinh-te,X70,Điểm thi THPT,2025,16.2,Kinh tế
107886,LNH,kinh-te,X74,Điểm thi THPT,2025,16.2,Kinh tế
107887,LNH,kinh-te,X78,Điểm thi THPT,2025,16.2,Kinh tế
107888,LNH,ky-thuat-co-khi,A00,Điểm học bạ,2021,18.0,Kỹ thuật cơ khí (Công nghệ chế tạo máy)
107889,LNH,ky-thuat-co-khi,A01,Điểm học bạ,2021,18.0,Kỹ thuật cơ khí (Công nghệ chế tạo máy)
107890,LNH,ky-thuat-co-khi,A16,Điểm học bạ,2021,18.0,Kỹ thuật cơ khí (Công nghệ chế tạo máy)
107891,LNH,ky-thuat-co-khi,D01,Điểm học bạ,2021,18.0,Kỹ thuật cơ khí (Công nghệ chế tạo máy)
107892,LNH,ky-thuat-co-khi,A00,Điểm thi THPT,2021,15.0,Kỹ thuật cơ khí (Công nghệ chế tạo máy)
107893,LNH,ky-thuat-co-khi,A01,Điểm thi THPT,2021,15.0,Kỹ thuật cơ khí (Công nghệ chế tạo máy)
107894,LNH,ky-thuat-co-khi,A16,Điểm thi THPT,2021,15.0,Kỹ thuật cơ khí (Công nghệ chế tạo máy)
107895,LNH,ky-thuat-co-khi,D01,Điểm thi THPT,2021,15.0,Kỹ thuật cơ khí (Công nghệ chế tạo máy)
107896,LNH,ky-thuat-co-khi,A00,Điểm học bạ,2023,18.0,Kỹ thuật cơ khí (Công nghệ chế tạo máy)
107897,LNH,ky-thuat-co-khi,A01,Điểm học bạ,2023,18.0,Kỹ thuật cơ khí (Công nghệ chế tạo máy)
107898,LNH,ky-thuat-co-khi,A16,Điểm học bạ,2023,18.0,Kỹ thuật cơ khí (Công nghệ chế tạo máy)
107899,LNH,ky-thuat-co-khi,D01,Điểm học bạ,2023,18.0,Kỹ thuật cơ khí (Công nghệ chế tạo máy)
107900,LNH,ky-thuat-co-khi,A00,Điểm thi THPT,2023,15.0,Kỹ thuật cơ khí
107901,LNH,ky-thuat-co-khi,A01,Điểm thi THPT,2023,15.0,Kỹ thuật cơ khí
107902,LNH,ky-thuat-co-khi,A16,Điểm thi THPT,2023,15.0,Kỹ thuật cơ khí
107903,LNH,ky-thuat-co-khi,D01,Điểm thi THPT,2023,15.0,Kỹ thuật cơ khí
107904,LNH,ky-thuat-co-khi,A00,Điểm học bạ,2024,18.0,Kỹ thuật cơ khí
107905,LNH,ky-thuat-co-khi,A01,Điểm học bạ,2024,18.0,Kỹ thuật cơ khí
107906,LNH,ky-thuat-co-khi,A16,Điểm học bạ,2024,18.0,Kỹ thuật cơ khí
107907,LNH,ky-thuat-co-khi,D01,Điểm học bạ,2024,18.0,Kỹ thuật cơ khí
107908,LNH,ky-thuat-co-khi,A00,Điểm thi THPT,2024,16.8,Kỹ thuật cơ khí
107909,LNH,ky-thuat-co-khi,A01,Điểm thi THPT,2024,16.8,Kỹ thuật cơ khí
107910,LNH,ky-thuat-co-khi,A16,Điểm thi THPT,2024,16.8,Kỹ thuật cơ khí
107911,LNH,ky-thuat-co-khi,D01,Điểm thi THPT,2024,16.8,Kỹ thuật cơ khí
107912,LNH,ky-thuat-co-khi,A00,Điểm học bạ,2025,18.24,Kỹ thuật cơ khí
107913,LNH,ky-thuat-co-khi,A01,Điểm học bạ,2025,18.24,Kỹ thuật cơ khí
107914,LNH,ky-thuat-co-khi,C01,Điểm học bạ,2025,18.24,Kỹ thuật cơ khí
107915,LNH,ky-thuat-co-khi,C02,Điểm học bạ,2025,18.24,Kỹ thuật cơ khí
107916,LNH,ky-thuat-co-khi,D01,Điểm học bạ,2025,18.24,Kỹ thuật cơ khí
107917,LNH,ky-thuat-co-khi,X02,Điểm học bạ,2025,18.24,Kỹ thuật cơ khí
107918,LNH,ky-thuat-co-khi,X03,Điểm học bạ,2025,18.24,Kỹ thuật cơ khí
107919,LNH,ky-thuat-co-khi,X06,Điểm học bạ,2025,18.24,Kỹ thuật cơ khí
107920,LNH,ky-thuat-co-khi,X26,Điểm học bạ,2025,18.24,Kỹ thuật cơ khí
107921,LNH,ky-thuat-co-khi,X56,Điểm học bạ,2025,18.24,Kỹ thuật cơ khí
107922,LNH,ky-thuat-co-khi,A00,Điểm thi THPT,2025,15.2,Kỹ thuật cơ khí
107923,LNH,ky-thuat-co-khi,A01,Điểm thi THPT,2025,15.2,Kỹ thuật cơ khí
107924,LNH,ky-thuat-co-khi,C01,Điểm thi THPT,2025,15.2,Kỹ thuật cơ khí
107925,LNH,ky-thuat-co-khi,C02,Điểm thi THPT,2025,15.2,Kỹ thuật cơ khí
107926,LNH,ky-thuat-co-khi,D01,Điểm thi THPT,2025,15.2,Kỹ thuật cơ khí
107927,LNH,ky-thuat-co-khi,X02,Điểm thi THPT,2025,15.2,Kỹ thuật cơ khí
107928,LNH,ky-thuat-co-khi,X03,Điểm thi THPT,2025,15.2,Kỹ thuật cơ khí
107929,LNH,ky-thuat-co-khi,X06,Điểm thi THPT,2025,15.2,Kỹ thuật cơ khí
107930,LNH,ky-thuat-co-khi,X26,Điểm thi THPT,2025,15.2,Kỹ thuật cơ khí
107931,LNH,ky-thuat-co-khi,X56,Điểm thi THPT,2025,15.2,Kỹ thuật cơ khí
107932,LNH,ky-thuat-he-thong-cong-nghiep,A00,Điểm học bạ,2024,18.0,Kỹ thuật hệ thống công nghiệp
107933,LNH,ky-thuat-he-thong-cong-nghiep,A01,Điểm học bạ,2024,18.0,Kỹ thuật hệ thống công nghiệp
107934,LNH,ky-thuat-he-thong-cong-nghiep,A16,Điểm học bạ,2024,18.0,Kỹ thuật hệ thống công nghiệp
107935,LNH,ky-thuat-he-thong-cong-nghiep,D01,Điểm học bạ,2024,18.0,Kỹ thuật hệ thống công nghiệp
107936,LNH,ky-thuat-he-thong-cong-nghiep,A00,Điểm học bạ,2025,24.12,Kỹ thuật hệ thống công nghiệp
107937,LNH,ky-thuat-he-thong-cong-nghiep,A01,Điểm học bạ,2025,24.12,Kỹ thuật hệ thống công nghiệp
107938,LNH,ky-thuat-he-thong-cong-nghiep,C01,Điểm học bạ,2025,24.12,Kỹ thuật hệ thống công nghiệp
107939,LNH,ky-thuat-he-thong-cong-nghiep,C02,Điểm học bạ,2025,24.12,Kỹ thuật hệ thống công nghiệp
107940,LNH,ky-thuat-he-thong-cong-nghiep,D01,Điểm học bạ,2025,24.12,Kỹ thuật hệ thống công nghiệp
107941,LNH,ky-thuat-he-thong-cong-nghiep,X02,Điểm học bạ,2025,24.12,Kỹ thuật hệ thống công nghiệp
107942,LNH,ky-thuat-he-thong-cong-nghiep,X03,Điểm học bạ,2025,24.12,Kỹ thuật hệ thống công nghiệp
107943,LNH,ky-thuat-he-thong-cong-nghiep,X06,Điểm học bạ,2025,24.12,Kỹ thuật hệ thống công nghiệp
107944,LNH,ky-thuat-he-thong-cong-nghiep,X26,Điểm học bạ,2025,24.12,Kỹ thuật hệ thống công nghiệp
107945,LNH,ky-thuat-he-thong-cong-nghiep,X56,Điểm học bạ,2025,24.12,Kỹ thuật hệ thống công nghiệp
107946,LNH,ky-thuat-he-thong-cong-nghiep,A00,Điểm thi THPT,2025,20.1,Kỹ thuật hệ thống công nghiệp
107947,LNH,ky-thuat-he-thong-cong-nghiep,A01,Điểm thi THPT,2025,20.1,Kỹ thuật hệ thống công nghiệp
107948,LNH,ky-thuat-he-thong-cong-nghiep,C01,Điểm thi THPT,2025,20.1,Kỹ thuật hệ thống công nghiệp
107949,LNH,ky-thuat-he-thong-cong-nghiep,C02,Điểm thi THPT,2025,20.1,Kỹ thuật hệ thống công nghiệp
107950,LNH,ky-thuat-he-thong-cong-nghiep,D01,Điểm thi THPT,2025,20.1,Kỹ thuật hệ thống công nghiệp
107951,LNH,ky-thuat-he-thong-cong-nghiep,X02,Điểm thi THPT,2025,20.1,Kỹ thuật hệ thống công nghiệp
107952,LNH,ky-thuat-he-thong-cong-nghiep,X03,Điểm thi THPT,2025,20.1,Kỹ thuật hệ thống công nghiệp
107953,LNH,ky-thuat-he-thong-cong-nghiep,X06,Điểm thi THPT,2025,20.1,Kỹ thuật hệ thống công nghiệp
107954,LNH,ky-thuat-he-thong-cong-nghiep,X26,Điểm thi THPT,2025,20.1,Kỹ thuật hệ thống công nghiệp
107955,LNH,ky-thuat-he-thong-cong-nghiep,X56,Điểm thi THPT,2025,20.1,Kỹ thuật hệ thống công nghiệp
107956,LNH,ky-thuat-xay-dung,A00,Điểm học bạ,2021,18.0,Kỹ thuật xây dựng (Kỹ thuật công trình xây dựng)
107957,LNH,ky-thuat-xay-dung,A01,Điểm học bạ,2021,18.0,Kỹ thuật xây dựng (Kỹ thuật công trình xây dựng)
107958,LNH,ky-thuat-xay-dung,A16,Điểm học bạ,2021,18.0,Kỹ thuật xây dựng (Kỹ thuật công trình xây dựng)
107959,LNH,ky-thuat-xay-dung,D01,Điểm học bạ,2021,18.0,Kỹ thuật xây dựng (Kỹ thuật công trình xây dựng)
107960,LNH,ky-thuat-xay-dung,A00,Điểm thi THPT,2021,15.0,Kỹ thuật xây dựng (Kỹ thuật công trình xây dựng)
107961,LNH,ky-thuat-xay-dung,A01,Điểm thi THPT,2021,15.0,Kỹ thuật xây dựng (Kỹ thuật công trình xây dựng)
107962,LNH,ky-thuat-xay-dung,A16,Điểm thi THPT,2021,15.0,Kỹ thuật xây dựng (Kỹ thuật công trình xây dựng)
107963,LNH,ky-thuat-xay-dung,D01,Điểm thi THPT,2021,15.0,Kỹ thuật xây dựng (Kỹ thuật công trình xây dựng)
107964,LNH,ky-thuat-xay-dung,A00,Điểm học bạ,2023,18.0,Kỹ thuật xây dựng (Kỹ thuật công trình xây dựng)
107965,LNH,ky-thuat-xay-dung,A01,Điểm học bạ,2023,18.0,Kỹ thuật xây dựng (Kỹ thuật công trình xây dựng)
107966,LNH,ky-thuat-xay-dung,A16,Điểm học bạ,2023,18.0,Kỹ thuật xây dựng (Kỹ thuật công trình xây dựng)
107967,LNH,ky-thuat-xay-dung,D01,Điểm học bạ,2023,18.0,Kỹ thuật xây dựng (Kỹ thuật công trình xây dựng)
107968,LNH,ky-thuat-xay-dung,A00,Điểm thi THPT,2023,15.0,Kỹ thuật xây dựng
107969,LNH,ky-thuat-xay-dung,A01,Điểm thi THPT,2023,15.0,Kỹ thuật xây dựng
107970,LNH,ky-thuat-xay-dung,A16,Điểm thi THPT,2023,15.0,Kỹ thuật xây dựng
107971,LNH,ky-thuat-xay-dung,D01,Điểm thi THPT,2023,15.0,Kỹ thuật xây dựng
107972,LNH,ky-thuat-xay-dung,A00,Điểm học bạ,2024,18.0,Kỹ thuật xây dựng
107973,LNH,ky-thuat-xay-dung,A01,Điểm học bạ,2024,18.0,Kỹ thuật xây dựng
107974,LNH,ky-thuat-xay-dung,A16,Điểm học bạ,2024,18.0,Kỹ thuật xây dựng
107975,LNH,ky-thuat-xay-dung,D01,Điểm học bạ,2024,18.0,Kỹ thuật xây dựng
107976,LNH,ky-thuat-xay-dung,A00,Điểm thi THPT,2024,17.0,Kỹ thuật xây dựng
107977,LNH,ky-thuat-xay-dung,A01,Điểm thi THPT,2024,17.0,Kỹ thuật xây dựng
107978,LNH,ky-thuat-xay-dung,A16,Điểm thi THPT,2024,17.0,Kỹ thuật xây dựng
107979,LNH,ky-thuat-xay-dung,D01,Điểm thi THPT,2024,17.0,Kỹ thuật xây dựng
107980,LNH,ky-thuat-xay-dung,A00,Điểm học bạ,2025,18.96,Kỹ thuật xây dựng
107981,LNH,ky-thuat-xay-dung,A01,Điểm học bạ,2025,18.96,Kỹ thuật xây dựng
107982,LNH,ky-thuat-xay-dung,C01,Điểm học bạ,2025,18.96,Kỹ thuật xây dựng
107983,LNH,ky-thuat-xay-dung,C02,Điểm học bạ,2025,18.96,Kỹ thuật xây dựng
107984,LNH,ky-thuat-xay-dung,D01,Điểm học bạ,2025,18.96,Kỹ thuật xây dựng
107985,LNH,ky-thuat-xay-dung,X02,Điểm học bạ,2025,18.96,Kỹ thuật xây dựng
107986,LNH,ky-thuat-xay-dung,X03,Điểm học bạ,2025,18.96,Kỹ thuật xây dựng
107987,LNH,ky-thuat-xay-dung,X06,Điểm học bạ,2025,18.96,Kỹ thuật xây dựng
107988,LNH,ky-thuat-xay-dung,X26,Điểm học bạ,2025,18.96,Kỹ thuật xây dựng
107989,LNH,ky-thuat-xay-dung,X56,Điểm học bạ,2025,18.96,Kỹ thuật xây dựng
107990,LNH,ky-thuat-xay-dung,A00,Điểm thi THPT,2025,15.8,Kỹ thuật xây dựng
107991,LNH,ky-thuat-xay-dung,A01,Điểm thi THPT,2025,15.8,Kỹ thuật xây dựng
107992,LNH,ky-thuat-xay-dung,C01,Điểm thi THPT,2025,15.8,Kỹ thuật xây dựng
107993,LNH,ky-thuat-xay-dung,C02,Điểm thi THPT,2025,15.8,Kỹ thuật xây dựng
107994,LNH,ky-thuat-xay-dung,D01,Điểm thi THPT,2025,15.8,Kỹ thuật xây dựng
107995,LNH,ky-thuat-xay-dung,X02,Điểm thi THPT,2025,15.8,Kỹ thuật xây dựng
107996,LNH,ky-thuat-xay-dung,X03,Điểm thi THPT,2025,15.8,Kỹ thuật xây dựng
107997,LNH,ky-thuat-xay-dung,X06,Điểm thi THPT,2025,15.8,Kỹ thuật xây dựng
107998,LNH,ky-thuat-xay-dung,X26,Điểm thi THPT,2025,15.8,Kỹ thuật xây dựng
107999,LNH,ky-thuat-xay-dung,X56,Điểm thi THPT,2025,15.8,Kỹ thuật xây dựng
108000,LNH,lam-hoc,A00,Điểm học bạ,2021,18.0,Lâm học
108001,LNH,lam-hoc,A16,Điểm học bạ,2021,18.0,Lâm học
108002,LNH,lam-hoc,B00,Điểm học bạ,2021,18.0,Lâm học
108003,LNH,lam-hoc,D01,Điểm học bạ,2021,18.0,Lâm học
108004,LNH,lam-hoc,A00,Điểm thi THPT,2021,15.0,Lâm học
108005,LNH,lam-hoc,A16,Điểm thi THPT,2021,15.0,Lâm học
108006,LNH,lam-hoc,B00,Điểm thi THPT,2021,15.0,Lâm học
108007,LNH,lam-hoc,D01,Điểm thi THPT,2021,15.0,Lâm học
108008,LNH,lam-nghiep,A01,Điểm học bạ,2025,18.0,Lâm nghiệp
108009,LNH,lam-nghiep,B00,Điểm học bạ,2025,18.0,Lâm nghiệp
108010,LNH,lam-nghiep,C00,Điểm học bạ,2025,18.0,Lâm nghiệp
108011,LNH,lam-nghiep,C02,Điểm học bạ,2025,18.0,Lâm nghiệp
108012,LNH,lam-nghiep,X02,Điểm học bạ,2025,18.0,Lâm nghiệp
108013,LNH,lam-nghiep,X04,Điểm học bạ,2025,18.0,Lâm nghiệp
108014,LNH,lam-nghiep,X06,Điểm học bạ,2025,18.0,Lâm nghiệp
108015,LNH,lam-nghiep,X12,Điểm học bạ,2025,18.0,Lâm nghiệp
108016,LNH,lam-nghiep,X26,Điểm học bạ,2025,18.0,Lâm nghiệp
108017,LNH,lam-nghiep,X74,Điểm học bạ,2025,18.0,Lâm nghiệp
108018,LNH,lam-nghiep,A01,Điểm thi THPT,2025,15.0,Lâm nghiệp
108019,LNH,lam-nghiep,B00,Điểm thi THPT,2025,15.0,Lâm nghiệp
108020,LNH,lam-nghiep,C00,Điểm thi THPT,2025,15.0,Lâm nghiệp
108021,LNH,lam-nghiep,C02,Điểm thi THPT,2025,15.0,Lâm nghiệp
108022,LNH,lam-nghiep,X02,Điểm thi THPT,2025,15.0,Lâm nghiệp
108023,LNH,lam-nghiep,X04,Điểm thi THPT,2025,15.0,Lâm nghiệp
108024,LNH,lam-nghiep,X06,Điểm thi THPT,2025,15.0,Lâm nghiệp
108025,LNH,lam-nghiep,X12,Điểm thi THPT,2025,15.0,Lâm nghiệp
108026,LNH,lam-nghiep,X26,Điểm thi THPT,2025,15.0,Lâm nghiệp
108027,LNH,lam-nghiep,X74,Điểm thi THPT,2025,15.0,Lâm nghiệp
108028,LNH,lam-nghiep-do-thi,A00,Điểm học bạ,2021,18.0,Lâm nghiệp đô thị (Cây xanh đô thị)
108029,LNH,lam-nghiep-do-thi,A16,Điểm học bạ,2021,18.0,Lâm nghiệp đô thị (Cây xanh đô thị)
108030,LNH,lam-nghiep-do-thi,B00,Điểm học bạ,2021,18.0,Lâm nghiệp đô thị (Cây xanh đô thị)
108031,LNH,lam-nghiep-do-thi,D01,Điểm học bạ,2021,18.0,Lâm nghiệp đô thị (Cây xanh đô thị)
108032,LNH,lam-nghiep-do-thi,A00,Điểm thi THPT,2021,15.0,Lâm nghiệp đô thị (Cây xanh đô thị)
108033,LNH,lam-nghiep-do-thi,A16,Điểm thi THPT,2021,15.0,Lâm nghiệp đô thị (Cây xanh đô thị)
108034,LNH,lam-nghiep-do-thi,B00,Điểm thi THPT,2021,15.0,Lâm nghiệp đô thị (Cây xanh đô thị)
108035,LNH,lam-nghiep-do-thi,D01,Điểm thi THPT,2021,15.0,Lâm nghiệp đô thị (Cây xanh đô thị)
108036,LNH,lam-sinh,A00,Điểm học bạ,2021,18.0,Lâm sinh
108037,LNH,lam-sinh,A16,Điểm học bạ,2021,18.0,Lâm sinh
108038,LNH,lam-sinh,B00,Điểm học bạ,2021,18.0,Lâm sinh
108039,LNH,lam-sinh,D01,Điểm học bạ,2021,18.0,Lâm sinh
108040,LNH,lam-sinh,A00,Điểm thi THPT,2021,15.0,Lâm sinh
108041,LNH,lam-sinh,A16,Điểm thi THPT,2021,15.0,Lâm sinh
108042,LNH,lam-sinh,B00,Điểm thi THPT,2021,15.0,Lâm sinh
108043,LNH,lam-sinh,D01,Điểm thi THPT,2021,15.0,Lâm sinh
108044,LNH,lam-sinh,A00,Điểm học bạ,2023,18.0,Lâm sinh
108045,LNH,lam-sinh,A16,Điểm học bạ,2023,18.0,Lâm sinh
108046,LNH,lam-sinh,B00,Điểm học bạ,2023,18.0,Lâm sinh
108047,LNH,lam-sinh,D01,Điểm học bạ,2023,18.0,Lâm sinh
108048,LNH,lam-sinh,A00,Điểm thi THPT,2023,15.0,Lâm sinh
108049,LNH,lam-sinh,A16,Điểm thi THPT,2023,15.0,Lâm sinh
108050,LNH,lam-sinh,B00,Điểm thi THPT,2023,15.0,Lâm sinh
108051,LNH,lam-sinh,D01,Điểm thi THPT,2023,15.0,Lâm sinh
108052,LNH,lam-sinh,A00,Điểm học bạ,2024,18.0,Lâm sinh
108053,LNH,lam-sinh,A16,Điểm học bạ,2024,18.0,Lâm sinh
108054,LNH,lam-sinh,B00,Điểm học bạ,2024,18.0,Lâm sinh
108055,LNH,lam-sinh,D01,Điểm học bạ,2024,18.0,Lâm sinh
108056,LNH,lam-sinh,A00,Điểm thi THPT,2024,16.9,Lâm sinh
108057,LNH,lam-sinh,A16,Điểm thi THPT,2024,16.9,Lâm sinh
108058,LNH,lam-sinh,B00,Điểm thi THPT,2024,16.9,Lâm sinh
108059,LNH,lam-sinh,D01,Điểm thi THPT,2024,16.9,Lâm sinh
108060,LNH,lam-sinh,A01,Điểm học bạ,2025,18.0,Lâm sinh
108061,LNH,lam-sinh,B00,Điểm học bạ,2025,18.0,Lâm sinh
108062,LNH,lam-sinh,B03,Điểm học bạ,2025,18.0,Lâm sinh
108063,LNH,lam-sinh,C02,Điểm học bạ,2025,18.0,Lâm sinh
108064,LNH,lam-sinh,C04,Điểm học bạ,2025,18.0,Lâm sinh
108065,LNH,lam-sinh,D01,Điểm học bạ,2025,18.0,Lâm sinh
108066,LNH,lam-sinh,X02,Điểm học bạ,2025,18.0,Lâm sinh
108067,LNH,lam-sinh,X04,Điểm học bạ,2025,18.0,Lâm sinh
108068,LNH,lam-sinh,X12,Điểm học bạ,2025,18.0,Lâm sinh
108069,LNH,lam-sinh,X26,Điểm học bạ,2025,18.0,Lâm sinh
108070,LNH,lam-sinh,A01,Điểm thi THPT,2025,15.0,Lâm sinh
108071,LNH,lam-sinh,B00,Điểm thi THPT,2025,15.0,Lâm sinh
108072,LNH,lam-sinh,B03,Điểm thi THPT,2025,15.0,Lâm sinh
108073,LNH,lam-sinh,C02,Điểm thi THPT,2025,15.0,Lâm sinh
108074,LNH,lam-sinh,C04,Điểm thi THPT,2025,15.0,Lâm sinh
108075,LNH,lam-sinh,D01,Điểm thi THPT,2025,15.0,Lâm sinh
108076,LNH,lam-sinh,X02,Điểm thi THPT,2025,15.0,Lâm sinh
108077,LNH,lam-sinh,X04,Điểm thi THPT,2025,15.0,Lâm sinh
108078,LNH,lam-sinh,X12,Điểm thi THPT,2025,15.0,Lâm sinh
108079,LNH,lam-sinh,X26,Điểm thi THPT,2025,15.0,Lâm sinh
108080,LNH,logistics-va-quan-ly-chuoi-cung-ung,A00,Điểm học bạ,2023,18.0,Logistics và Quản lý chuỗi cung ứng
108081,LNH,logistics-va-quan-ly-chuoi-cung-ung,A16,Điểm học bạ,2023,18.0,Logistics và Quản lý chuỗi cung ứng
108082,LNH,logistics-va-quan-ly-chuoi-cung-ung,C15,Điểm học bạ,2023,18.0,Logistics và Quản lý chuỗi cung ứng
108083,LNH,logistics-va-quan-ly-chuoi-cung-ung,D01,Điểm học bạ,2023,18.0,Logistics và Quản lý chuỗi cung ứng
108084,LNH,logistics-va-quan-ly-chuoi-cung-ung,A00,Điểm thi THPT,2023,15.0,Logistics và Quản lý chuỗi cung ứng
108085,LNH,logistics-va-quan-ly-chuoi-cung-ung,A16,Điểm thi THPT,2023,15.0,Logistics và Quản lý chuỗi cung ứng
108086,LNH,logistics-va-quan-ly-chuoi-cung-ung,C15,Điểm thi THPT,2023,15.0,Logistics và Quản lý chuỗi cung ứng
108087,LNH,logistics-va-quan-ly-chuoi-cung-ung,D01,Điểm thi THPT,2023,15.0,Logistics và Quản lý chuỗi cung ứng
108088,LNH,logistics-va-quan-ly-chuoi-cung-ung,A00,Điểm học bạ,2024,18.0,Logistics và Quản lý chuỗi cung ứng
108089,LNH,logistics-va-quan-ly-chuoi-cung-ung,A16,Điểm học bạ,2024,18.0,Logistics và Quản lý chuỗi cung ứng
108090,LNH,logistics-va-quan-ly-chuoi-cung-ung,C15,Điểm học bạ,2024,18.0,Logistics và Quản lý chuỗi cung ứng
108091,LNH,logistics-va-quan-ly-chuoi-cung-ung,D01,Điểm học bạ,2024,18.0,Logistics và Quản lý chuỗi cung ứng
108092,LNH,logistics-va-quan-ly-chuoi-cung-ung,A00,Điểm thi THPT,2024,15.9,Logistics và Quản lý chuỗi cung ứng
108093,LNH,logistics-va-quan-ly-chuoi-cung-ung,A16,Điểm thi THPT,2024,15.9,Logistics và Quản lý chuỗi cung ứng
108094,LNH,logistics-va-quan-ly-chuoi-cung-ung,C15,Điểm thi THPT,2024,15.9,Logistics và Quản lý chuỗi cung ứng
108095,LNH,logistics-va-quan-ly-chuoi-cung-ung,D01,Điểm thi THPT,2024,15.9,Logistics và Quản lý chuỗi cung ứng
108096,LNH,logistics-va-quan-ly-chuoi-cung-ung,A01,Điểm học bạ,2025,19.8,Logistics và Quản lý chuỗi cung ứng
108097,LNH,logistics-va-quan-ly-chuoi-cung-ung,C00,Điểm học bạ,2025,19.8,Logistics và Quản lý chuỗi cung ứng
108098,LNH,logistics-va-quan-ly-chuoi-cung-ung,D01,Điểm học bạ,2025,19.8,Logistics và Quản lý chuỗi cung ứng
108099,LNH,logistics-va-quan-ly-chuoi-cung-ung,D14,Điểm học bạ,2025,19.8,Logistics và Quản lý chuỗi cung ứng
108100,LNH,logistics-va-quan-ly-chuoi-cung-ung,D15,Điểm học bạ,2025,19.8,Logistics và Quản lý chuỗi cung ứng
108101,LNH,logistics-va-quan-ly-chuoi-cung-ung,X01,Điểm học bạ,2025,19.8,Logistics và Quản lý chuỗi cung ứng
108102,LNH,logistics-va-quan-ly-chuoi-cung-ung,X26,Điểm học bạ,2025,19.8,Logistics và Quản lý chuỗi cung ứng
108103,LNH,logistics-va-quan-ly-chuoi-cung-ung,X70,Điểm học bạ,2025,19.8,Logistics và Quản lý chuỗi cung ứng
108104,LNH,logistics-va-quan-ly-chuoi-cung-ung,X74,Điểm học bạ,2025,19.8,Logistics và Quản lý chuỗi cung ứng
108105,LNH,logistics-va-quan-ly-chuoi-cung-ung,X78,Điểm học bạ,2025,19.8,Logistics và Quản lý chuỗi cung ứng
108106,LNH,logistics-va-quan-ly-chuoi-cung-ung,A01,Điểm thi THPT,2025,16.5,Logistics và Quản lý chuỗi cung ứng
108107,LNH,logistics-va-quan-ly-chuoi-cung-ung,C00,Điểm thi THPT,2025,16.5,Logistics và Quản lý chuỗi cung ứng
108108,LNH,logistics-va-quan-ly-chuoi-cung-ung,D01,Điểm thi THPT,2025,16.5,Logistics và Quản lý chuỗi cung ứng
108109,LNH,logistics-va-quan-ly-chuoi-cung-ung,D14,Điểm thi THPT,2025,16.5,Logistics và Quản lý chuỗi cung ứng
108110,LNH,logistics-va-quan-ly-chuoi-cung-ung,D15,Điểm thi THPT,2025,16.5,Logistics và Quản lý chuỗi cung ứng
108111,LNH,logistics-va-quan-ly-chuoi-cung-ung,X01,Điểm thi THPT,2025,16.5,Logistics và Quản lý chuỗi cung ứng
108112,LNH,logistics-va-quan-ly-chuoi-cung-ung,X26,Điểm thi THPT,2025,16.5,Logistics và Quản lý chuỗi cung ứng
108113,LNH,logistics-va-quan-ly-chuoi-cung-ung,X70,Điểm thi THPT,2025,16.5,Logistics và Quản lý chuỗi cung ứng
108114,LNH,logistics-va-quan-ly-chuoi-cung-ung,X74,Điểm thi THPT,2025,16.5,Logistics và Quản lý chuỗi cung ứng
108115,LNH,logistics-va-quan-ly-chuoi-cung-ung,X78,Điểm thi THPT,2025,16.5,Logistics và Quản lý chuỗi cung ứng
108116,LNH,quan-ly-dat-dai,A00,Điểm học bạ,2021,18.0,Quản lý đất đai
108117,LNH,quan-ly-dat-dai,A16,Điểm học bạ,2021,18.0,Quản lý đất đai
108118,LNH,quan-ly-dat-dai,B00,Điểm học bạ,2021,18.0,Quản lý đất đai
108119,LNH,quan-ly-dat-dai,D01,Điểm học bạ,2021,18.0,Quản lý đất đai
108120,LNH,quan-ly-dat-dai,A00,Điểm thi THPT,2021,15.0,Quản lý đất đai
108121,LNH,quan-ly-dat-dai,A16,Điểm thi THPT,2021,15.0,Quản lý đất đai
108122,LNH,quan-ly-dat-dai,B00,Điểm thi THPT,2021,15.0,Quản lý đất đai
108123,LNH,quan-ly-dat-dai,D01,Điểm thi THPT,2021,15.0,Quản lý đất đai
108124,LNH,quan-ly-dat-dai,A00,Điểm học bạ,2023,18.0,Quản lý đất đai
108125,LNH,quan-ly-dat-dai,A16,Điểm học bạ,2023,18.0,Quản lý đất đai
108126,LNH,quan-ly-dat-dai,B00,Điểm học bạ,2023,18.0,Quản lý đất đai
108127,LNH,quan-ly-dat-dai,D01,Điểm học bạ,2023,18.0,Quản lý đất đai
108128,LNH,quan-ly-dat-dai,A00,Điểm thi THPT,2023,15.0,Quản lý đất đai
108129,LNH,quan-ly-dat-dai,A16,Điểm thi THPT,2023,15.0,Quản lý đất đai
108130,LNH,quan-ly-dat-dai,B00,Điểm thi THPT,2023,15.0,Quản lý đất đai
108131,LNH,quan-ly-dat-dai,D01,Điểm thi THPT,2023,15.0,Quản lý đất đai
108132,LNH,quan-ly-dat-dai,A00,Điểm học bạ,2024,18.0,Quản lý đất đai
108133,LNH,quan-ly-dat-dai,A16,Điểm học bạ,2024,18.0,Quản lý đất đai
108134,LNH,quan-ly-dat-dai,B00,Điểm học bạ,2024,18.0,Quản lý đất đai
108135,LNH,quan-ly-dat-dai,D01,Điểm học bạ,2024,18.0,Quản lý đất đai
108136,LNH,quan-ly-dat-dai,A00,Điểm thi THPT,2024,15.7,Quản lý đất đai
108137,LNH,quan-ly-dat-dai,A16,Điểm thi THPT,2024,15.7,Quản lý đất đai
108138,LNH,quan-ly-dat-dai,B00,Điểm thi THPT,2024,15.7,Quản lý đất đai
108139,LNH,quan-ly-dat-dai,D01,Điểm thi THPT,2024,15.7,Quản lý đất đai
108140,LNH,quan-ly-dat-dai,C04,Điểm học bạ,2025,19.92,Quản lý đất đai
108141,LNH,quan-ly-dat-dai,D01,Điểm học bạ,2025,19.92,Quản lý đất đai
108142,LNH,quan-ly-dat-dai,D14,Điểm học bạ,2025,19.92,Quản lý đất đai
108143,LNH,quan-ly-dat-dai,D15,Điểm học bạ,2025,19.92,Quản lý đất đai
108144,LNH,quan-ly-dat-dai,X01,Điểm học bạ,2025,19.92,Quản lý đất đai
108145,LNH,quan-ly-dat-dai,X02,Điểm học bạ,2025,19.92,Quản lý đất đai
108146,LNH,quan-ly-dat-dai,X04,Điểm học bạ,2025,19.92,Quản lý đất đai
108147,LNH,quan-ly-dat-dai,X26,Điểm học bạ,2025,19.92,Quản lý đất đai
108148,LNH,quan-ly-dat-dai,X74,Điểm học bạ,2025,19.92,Quản lý đất đai
108149,LNH,quan-ly-dat-dai,X78,Điểm học bạ,2025,19.92,Quản lý đất đai
108150,LNH,quan-ly-dat-dai,C04,Điểm thi THPT,2025,16.6,Quản lý đất đai
108151,LNH,quan-ly-dat-dai,D01,Điểm thi THPT,2025,16.6,Quản lý đất đai
108152,LNH,quan-ly-dat-dai,D14,Điểm thi THPT,2025,16.6,Quản lý đất đai
108153,LNH,quan-ly-dat-dai,D15,Điểm thi THPT,2025,16.6,Quản lý đất đai
108154,LNH,quan-ly-dat-dai,X01,Điểm thi THPT,2025,16.6,Quản lý đất đai
108155,LNH,quan-ly-dat-dai,X02,Điểm thi THPT,2025,16.6,Quản lý đất đai
108156,LNH,quan-ly-dat-dai,X04,Điểm thi THPT,2025,16.6,Quản lý đất đai
108157,LNH,quan-ly-dat-dai,X26,Điểm thi THPT,2025,16.6,Quản lý đất đai
108158,LNH,quan-ly-dat-dai,X74,Điểm thi THPT,2025,16.6,Quản lý đất đai
108159,LNH,quan-ly-dat-dai,X78,Điểm thi THPT,2025,16.6,Quản lý đất đai
108160,LNH,quan-ly-tai-nguyen-rung,A00,Điểm học bạ,2021,18.0,Quản lý tài nguyên rừng (Kiểm lâm)
108161,LNH,quan-ly-tai-nguyen-rung,B00,Điểm học bạ,2021,18.0,Quản lý tài nguyên rừng (Kiểm lâm)
108162,LNH,quan-ly-tai-nguyen-rung,C15,Điểm học bạ,2021,18.0,Quản lý tài nguyên rừng (Kiểm lâm)
108163,LNH,quan-ly-tai-nguyen-rung,D01,Điểm học bạ,2021,18.0,Quản lý tài nguyên rừng (Kiểm lâm)
108164,LNH,quan-ly-tai-nguyen-rung,A00,Điểm thi THPT,2021,15.0,Quản lý tài nguyên rừng (Kiểm lâm)
108165,LNH,quan-ly-tai-nguyen-rung,B00,Điểm thi THPT,2021,15.0,Quản lý tài nguyên rừng (Kiểm lâm)
108166,LNH,quan-ly-tai-nguyen-rung,C15,Điểm thi THPT,2021,15.0,Quản lý tài nguyên rừng (Kiểm lâm)
108167,LNH,quan-ly-tai-nguyen-rung,D01,Điểm thi THPT,2021,15.0,Quản lý tài nguyên rừng (Kiểm lâm)
108168,LNH,quan-ly-tai-nguyen-rung,A00,Điểm học bạ,2023,18.0,Quản lý tài nguyên rừng (Kiểm lâm)
108169,LNH,quan-ly-tai-nguyen-rung,B00,Điểm học bạ,2023,18.0,Quản lý tài nguyên rừng (Kiểm lâm)
108170,LNH,quan-ly-tai-nguyen-rung,C15,Điểm học bạ,2023,18.0,Quản lý tài nguyên rừng (Kiểm lâm)
108171,LNH,quan-ly-tai-nguyen-rung,D01,Điểm học bạ,2023,18.0,Quản lý tài nguyên rừng (Kiểm lâm)
108172,LNH,quan-ly-tai-nguyen-rung,A00,Điểm thi THPT,2023,15.0,Quản lý tài nguyên rừng
108173,LNH,quan-ly-tai-nguyen-rung,B00,Điểm thi THPT,2023,15.0,Quản lý tài nguyên rừng
108174,LNH,quan-ly-tai-nguyen-rung,C15,Điểm thi THPT,2023,15.0,Quản lý tài nguyên rừng
108175,LNH,quan-ly-tai-nguyen-rung,D01,Điểm thi THPT,2023,15.0,Quản lý tài nguyên rừng
108176,LNH,quan-ly-tai-nguyen-rung,A00,Điểm học bạ,2024,18.0,Quản lý tài nguyên rừng (Kiểm lâm)
108177,LNH,quan-ly-tai-nguyen-rung,B00,Điểm học bạ,2024,18.0,Quản lý tài nguyên rừng (Kiểm lâm)
108178,LNH,quan-ly-tai-nguyen-rung,C15,Điểm học bạ,2024,18.0,Quản lý tài nguyên rừng (Kiểm lâm)
108179,LNH,quan-ly-tai-nguyen-rung,D01,Điểm học bạ,2024,18.0,Quản lý tài nguyên rừng (Kiểm lâm)
108180,LNH,quan-ly-tai-nguyen-rung,A00,Điểm thi THPT,2024,15.3,Quản lý tài nguyên rừng
108181,LNH,quan-ly-tai-nguyen-rung,B00,Điểm thi THPT,2024,15.3,Quản lý tài nguyên rừng
108182,LNH,quan-ly-tai-nguyen-rung,C15,Điểm thi THPT,2024,15.3,Quản lý tài nguyên rừng
108183,LNH,quan-ly-tai-nguyen-rung,D01,Điểm thi THPT,2024,15.3,Quản lý tài nguyên rừng
108184,LNH,quan-ly-tai-nguyen-rung,A07,Điểm học bạ,2025,18.12,Quản lý tài nguyên rừng
108185,LNH,quan-ly-tai-nguyen-rung,B03,Điểm học bạ,2025,18.12,Quản lý tài nguyên rừng
108186,LNH,quan-ly-tai-nguyen-rung,C01,Điểm học bạ,2025,18.12,Quản lý tài nguyên rừng
108187,LNH,quan-ly-tai-nguyen-rung,C02,Điểm học bạ,2025,18.12,Quản lý tài nguyên rừng
108188,LNH,quan-ly-tai-nguyen-rung,C03,Điểm học bạ,2025,18.12,Quản lý tài nguyên rừng
108189,LNH,quan-ly-tai-nguyen-rung,C04,Điểm học bạ,2025,18.12,Quản lý tài nguyên rừng
108190,LNH,quan-ly-tai-nguyen-rung,D01,Điểm học bạ,2025,18.12,Quản lý tài nguyên rừng
108191,LNH,quan-ly-tai-nguyen-rung,X01,Điểm học bạ,2025,18.12,Quản lý tài nguyên rừng
108192,LNH,quan-ly-tai-nguyen-rung,X02,Điểm học bạ,2025,18.12,Quản lý tài nguyên rừng
108193,LNH,quan-ly-tai-nguyen-rung,X04,Điểm học bạ,2025,18.12,Quản lý tài nguyên rừng
108194,LNH,quan-ly-tai-nguyen-rung,A07,Điểm thi THPT,2025,15.1,Quản lý tài nguyên rừng
108195,LNH,quan-ly-tai-nguyen-rung,B03,Điểm thi THPT,2025,15.1,Quản lý tài nguyên rừng
108196,LNH,quan-ly-tai-nguyen-rung,C01,Điểm thi THPT,2025,15.1,Quản lý tài nguyên rừng
108197,LNH,quan-ly-tai-nguyen-rung,C02,Điểm thi THPT,2025,15.1,Quản lý tài nguyên rừng
108198,LNH,quan-ly-tai-nguyen-rung,C03,Điểm thi THPT,2025,15.1,Quản lý tài nguyên rừng
108199,LNH,quan-ly-tai-nguyen-rung,C04,Điểm thi THPT,2025,15.1,Quản lý tài nguyên rừng
108200,LNH,quan-ly-tai-nguyen-rung,D01,Điểm thi THPT,2025,15.1,Quản lý tài nguyên rừng
108201,LNH,quan-ly-tai-nguyen-rung,X01,Điểm thi THPT,2025,15.1,Quản lý tài nguyên rừng
108202,LNH,quan-ly-tai-nguyen-rung,X02,Điểm thi THPT,2025,15.1,Quản lý tài nguyên rừng
108203,LNH,quan-ly-tai-nguyen-rung,X04,Điểm thi THPT,2025,15.1,Quản lý tài nguyên rừng
108204,LNH,quan-ly-tai-nguyen-thien-nhien,B08,Điểm thi THPT,2021,15.0,Quản lý tài nguyên thiên nhiên
108205,LNH,quan-ly-tai-nguyen-thien-nhien,D01,Điểm thi THPT,2021,15.0,Quản lý tài nguyên thiên nhiên
108206,LNH,quan-ly-tai-nguyen-thien-nhien,D07,Điểm thi THPT,2021,15.0,Quản lý tài nguyên thiên nhiên
108207,LNH,quan-ly-tai-nguyen-thien-nhien,D10,Điểm thi THPT,2021,15.0,Quản lý tài nguyên thiên nhiên
108208,LNH,quan-ly-tai-nguyen-thien-nhien,B08,Điểm học bạ,2023,18.0,Quản lý tài nguyên thiên nhiên
108209,LNH,quan-ly-tai-nguyen-thien-nhien,D01,Điểm học bạ,2023,18.0,Quản lý tài nguyên thiên nhiên
108210,LNH,quan-ly-tai-nguyen-thien-nhien,D07,Điểm học bạ,2023,18.0,Quản lý tài nguyên thiên nhiên
108211,LNH,quan-ly-tai-nguyen-thien-nhien,D10,Điểm học bạ,2023,18.0,Quản lý tài nguyên thiên nhiên
108212,LNH,quan-ly-tai-nguyen-thien-nhien,B08,Điểm thi THPT,2023,15.0,Quản lý tài nguyên thiên nhiên
108213,LNH,quan-ly-tai-nguyen-thien-nhien,D01,Điểm thi THPT,2023,15.0,Quản lý tài nguyên thiên nhiên
108214,LNH,quan-ly-tai-nguyen-thien-nhien,D07,Điểm thi THPT,2023,15.0,Quản lý tài nguyên thiên nhiên
108215,LNH,quan-ly-tai-nguyen-thien-nhien,D10,Điểm thi THPT,2023,15.0,Quản lý tài nguyên thiên nhiên
108216,LNH,quan-ly-tai-nguyen-thien-nhien,B08,Điểm học bạ,2024,18.0,Quản lý tài nguyên thiên nhiên
108217,LNH,quan-ly-tai-nguyen-thien-nhien,D01,Điểm học bạ,2024,18.0,Quản lý tài nguyên thiên nhiên
108218,LNH,quan-ly-tai-nguyen-thien-nhien,D07,Điểm học bạ,2024,18.0,Quản lý tài nguyên thiên nhiên
108219,LNH,quan-ly-tai-nguyen-thien-nhien,D10,Điểm học bạ,2024,18.0,Quản lý tài nguyên thiên nhiên
108220,LNH,quan-ly-tai-nguyen-thien-nhien,B08,Điểm thi THPT,2024,16.4,Quản lý tài nguyên thiên nhiên
108221,LNH,quan-ly-tai-nguyen-thien-nhien,D01,Điểm thi THPT,2024,16.4,Quản lý tài nguyên thiên nhiên
108222,LNH,quan-ly-tai-nguyen-thien-nhien,D07,Điểm thi THPT,2024,16.4,Quản lý tài nguyên thiên nhiên
108223,LNH,quan-ly-tai-nguyen-thien-nhien,D10,Điểm thi THPT,2024,16.4,Quản lý tài nguyên thiên nhiên
108224,LNH,quan-ly-tai-nguyen-thien-nhien,A07,Điểm học bạ,2025,19.32,Quản lý tài nguyên thiên nhiên
108225,LNH,quan-ly-tai-nguyen-thien-nhien,B03,Điểm học bạ,2025,19.32,Quản lý tài nguyên thiên nhiên
108226,LNH,quan-ly-tai-nguyen-thien-nhien,C01,Điểm học bạ,2025,19.32,Quản lý tài nguyên thiên nhiên
108227,LNH,quan-ly-tai-nguyen-thien-nhien,C02,Điểm học bạ,2025,19.32,Quản lý tài nguyên thiên nhiên
108228,LNH,quan-ly-tai-nguyen-thien-nhien,C03,Điểm học bạ,2025,19.32,Quản lý tài nguyên thiên nhiên
108229,LNH,quan-ly-tai-nguyen-thien-nhien,C04,Điểm học bạ,2025,19.32,Quản lý tài nguyên thiên nhiên
108230,LNH,quan-ly-tai-nguyen-thien-nhien,D01,Điểm học bạ,2025,19.32,Quản lý tài nguyên thiên nhiên
108231,LNH,quan-ly-tai-nguyen-thien-nhien,X01,Điểm học bạ,2025,19.32,Quản lý tài nguyên thiên nhiên
108232,LNH,quan-ly-tai-nguyen-thien-nhien,X02,Điểm học bạ,2025,19.32,Quản lý tài nguyên thiên nhiên
108233,LNH,quan-ly-tai-nguyen-thien-nhien,X04,Điểm học bạ,2025,19.32,Quản lý tài nguyên thiên nhiên
108234,LNH,quan-ly-tai-nguyen-thien-nhien,A07,Điểm thi THPT,2025,16.1,Quản lý tài nguyên thiên nhiên
108235,LNH,quan-ly-tai-nguyen-thien-nhien,B03,Điểm thi THPT,2025,16.1,Quản lý tài nguyên thiên nhiên
108236,LNH,quan-ly-tai-nguyen-thien-nhien,C01,Điểm thi THPT,2025,16.1,Quản lý tài nguyên thiên nhiên
108237,LNH,quan-ly-tai-nguyen-thien-nhien,C02,Điểm thi THPT,2025,16.1,Quản lý tài nguyên thiên nhiên
108238,LNH,quan-ly-tai-nguyen-thien-nhien,C03,Điểm thi THPT,2025,16.1,Quản lý tài nguyên thiên nhiên
108239,LNH,quan-ly-tai-nguyen-thien-nhien,C04,Điểm thi THPT,2025,16.1,Quản lý tài nguyên thiên nhiên
108240,LNH,quan-ly-tai-nguyen-thien-nhien,D01,Điểm thi THPT,2025,16.1,Quản lý tài nguyên thiên nhiên
108241,LNH,quan-ly-tai-nguyen-thien-nhien,X01,Điểm thi THPT,2025,16.1,Quản lý tài nguyên thiên nhiên
108242,LNH,quan-ly-tai-nguyen-thien-nhien,X02,Điểm thi THPT,2025,16.1,Quản lý tài nguyên thiên nhiên
108243,LNH,quan-ly-tai-nguyen-thien-nhien,X04,Điểm thi THPT,2025,16.1,Quản lý tài nguyên thiên nhiên
108244,LNH,quan-ly-tai-nguyen-va-moi-truong,A00,Điểm học bạ,2021,18.0,Quản lý tài nguyên và Môi trường
108245,LNH,quan-ly-tai-nguyen-va-moi-truong,A16,Điểm học bạ,2021,18.0,Quản lý tài nguyên và Môi trường
108246,LNH,quan-ly-tai-nguyen-va-moi-truong,B00,Điểm học bạ,2021,18.0,Quản lý tài nguyên và Môi trường
108247,LNH,quan-ly-tai-nguyen-va-moi-truong,D01,Điểm học bạ,2021,18.0,Quản lý tài nguyên và Môi trường
108248,LNH,quan-ly-tai-nguyen-va-moi-truong,A00,Điểm thi THPT,2021,15.0,Quản lý tài nguyên và Môi trường
108249,LNH,quan-ly-tai-nguyen-va-moi-truong,A16,Điểm thi THPT,2021,15.0,Quản lý tài nguyên và Môi trường
108250,LNH,quan-ly-tai-nguyen-va-moi-truong,B00,Điểm thi THPT,2021,15.0,Quản lý tài nguyên và Môi trường
108251,LNH,quan-ly-tai-nguyen-va-moi-truong,D01,Điểm thi THPT,2021,15.0,Quản lý tài nguyên và Môi trường
108252,LNH,quan-ly-tai-nguyen-va-moi-truong,A00,Điểm học bạ,2023,18.0,Quản lý tài nguyên và Môi trường
108253,LNH,quan-ly-tai-nguyen-va-moi-truong,A16,Điểm học bạ,2023,18.0,Quản lý tài nguyên và Môi trường
108254,LNH,quan-ly-tai-nguyen-va-moi-truong,B00,Điểm học bạ,2023,18.0,Quản lý tài nguyên và Môi trường
108255,LNH,quan-ly-tai-nguyen-va-moi-truong,D01,Điểm học bạ,2023,18.0,Quản lý tài nguyên và Môi trường
108256,LNH,quan-ly-tai-nguyen-va-moi-truong,A00,Điểm thi THPT,2023,15.0,Quản lý tài nguyên và Môi trường
108257,LNH,quan-ly-tai-nguyen-va-moi-truong,A16,Điểm thi THPT,2023,15.0,Quản lý tài nguyên và Môi trường
108258,LNH,quan-ly-tai-nguyen-va-moi-truong,B00,Điểm thi THPT,2023,15.0,Quản lý tài nguyên và Môi trường
108259,LNH,quan-ly-tai-nguyen-va-moi-truong,D01,Điểm thi THPT,2023,15.0,Quản lý tài nguyên và Môi trường
108260,LNH,quan-ly-tai-nguyen-va-moi-truong,A00,Điểm học bạ,2024,18.0,Quản lý tài nguyên và Môi trường
108261,LNH,quan-ly-tai-nguyen-va-moi-truong,A16,Điểm học bạ,2024,18.0,Quản lý tài nguyên và Môi trường
108262,LNH,quan-ly-tai-nguyen-va-moi-truong,B00,Điểm học bạ,2024,18.0,Quản lý tài nguyên và Môi trường
108263,LNH,quan-ly-tai-nguyen-va-moi-truong,D01,Điểm học bạ,2024,18.0,Quản lý tài nguyên và Môi trường
108264,LNH,quan-ly-tai-nguyen-va-moi-truong,A00,Điểm thi THPT,2024,16.3,Quản lý tài nguyên và Môi trường
108265,LNH,quan-ly-tai-nguyen-va-moi-truong,A16,Điểm thi THPT,2024,16.3,Quản lý tài nguyên và Môi trường
108266,LNH,quan-ly-tai-nguyen-va-moi-truong,B00,Điểm thi THPT,2024,16.3,Quản lý tài nguyên và Môi trường
108267,LNH,quan-ly-tai-nguyen-va-moi-truong,D01,Điểm thi THPT,2024,16.3,Quản lý tài nguyên và Môi trường
108268,LNH,quan-ly-tai-nguyen-va-moi-truong,A07,Điểm học bạ,2025,19.2,Quản lý tài nguyên và Môi trường
108269,LNH,quan-ly-tai-nguyen-va-moi-truong,B03,Điểm học bạ,2025,19.2,Quản lý tài nguyên và Môi trường
108270,LNH,quan-ly-tai-nguyen-va-moi-truong,C01,Điểm học bạ,2025,19.2,Quản lý tài nguyên và Môi trường
108271,LNH,quan-ly-tai-nguyen-va-moi-truong,C02,Điểm học bạ,2025,19.2,Quản lý tài nguyên và Môi trường
108272,LNH,quan-ly-tai-nguyen-va-moi-truong,C03,Điểm học bạ,2025,19.2,Quản lý tài nguyên và Môi trường
108273,LNH,quan-ly-tai-nguyen-va-moi-truong,C04,Điểm học bạ,2025,19.2,Quản lý tài nguyên và Môi trường
108274,LNH,quan-ly-tai-nguyen-va-moi-truong,D01,Điểm học bạ,2025,19.2,Quản lý tài nguyên và Môi trường
108275,LNH,quan-ly-tai-nguyen-va-moi-truong,X01,Điểm học bạ,2025,19.2,Quản lý tài nguyên và Môi trường
108276,LNH,quan-ly-tai-nguyen-va-moi-truong,X02,Điểm học bạ,2025,19.2,Quản lý tài nguyên và Môi trường
108277,LNH,quan-ly-tai-nguyen-va-moi-truong,X04,Điểm học bạ,2025,19.2,Quản lý tài nguyên và Môi trường
108278,LNH,quan-ly-tai-nguyen-va-moi-truong,A07,Điểm thi THPT,2025,16.0,Quản lý tài nguyên và Môi trường
108279,LNH,quan-ly-tai-nguyen-va-moi-truong,B03,Điểm thi THPT,2025,16.0,Quản lý tài nguyên và Môi trường
108280,LNH,quan-ly-tai-nguyen-va-moi-truong,C01,Điểm thi THPT,2025,16.0,Quản lý tài nguyên và Môi trường
108281,LNH,quan-ly-tai-nguyen-va-moi-truong,C02,Điểm thi THPT,2025,16.0,Quản lý tài nguyên và Môi trường
108282,LNH,quan-ly-tai-nguyen-va-moi-truong,C03,Điểm thi THPT,2025,16.0,Quản lý tài nguyên và Môi trường
108283,LNH,quan-ly-tai-nguyen-va-moi-truong,C04,Điểm thi THPT,2025,16.0,Quản lý tài nguyên và Môi trường
108284,LNH,quan-ly-tai-nguyen-va-moi-truong,D01,Điểm thi THPT,2025,16.0,Quản lý tài nguyên và Môi trường
108285,LNH,quan-ly-tai-nguyen-va-moi-truong,X01,Điểm thi THPT,2025,16.0,Quản lý tài nguyên và Môi trường
108286,LNH,quan-ly-tai-nguyen-va-moi-truong,X02,Điểm thi THPT,2025,16.0,Quản lý tài nguyên và Môi trường
108287,LNH,quan-ly-tai-nguyen-va-moi-truong,X04,Điểm thi THPT,2025,16.0,Quản lý tài nguyên và Môi trường
108288,LNH,quan-ly-xay-dung,A00,Điểm học bạ,2024,18.0,Quản lý xây dựng
108289,LNH,quan-ly-xay-dung,A01,Điểm học bạ,2024,18.0,Quản lý xây dựng
108290,LNH,quan-ly-xay-dung,A16,Điểm học bạ,2024,18.0,Quản lý xây dựng
108291,LNH,quan-ly-xay-dung,D01,Điểm học bạ,2024,18.0,Quản lý xây dựng
108292,LNH,quan-tri-dich-vu-du-lich-va-lu-hanh,A00,Điểm học bạ,2021,18.0,Quản trị dịch vụ du lịch và lữ hành
108293,LNH,quan-tri-dich-vu-du-lich-va-lu-hanh,C00,Điểm học bạ,2021,18.0,Quản trị dịch vụ du lịch và lữ hành
108294,LNH,quan-tri-dich-vu-du-lich-va-lu-hanh,C15,Điểm học bạ,2021,18.0,Quản trị dịch vụ du lịch và lữ hành
108295,LNH,quan-tri-dich-vu-du-lich-va-lu-hanh,D01,Điểm học bạ,2021,18.0,Quản trị dịch vụ du lịch và lữ hành
108296,LNH,quan-tri-dich-vu-du-lich-va-lu-hanh,A00,Điểm thi THPT,2021,15.0,Quản trị dịch vụ du lịch và lữ hành
108297,LNH,quan-tri-dich-vu-du-lich-va-lu-hanh,C00,Điểm thi THPT,2021,15.0,Quản trị dịch vụ du lịch và lữ hành
108298,LNH,quan-tri-dich-vu-du-lich-va-lu-hanh,C15,Điểm thi THPT,2021,15.0,Quản trị dịch vụ du lịch và lữ hành
108299,LNH,quan-tri-dich-vu-du-lich-va-lu-hanh,D01,Điểm thi THPT,2021,15.0,Quản trị dịch vụ du lịch và lữ hành
108300,LNH,quan-tri-dich-vu-du-lich-va-lu-hanh,A00,Điểm học bạ,2023,18.0,Quản trị dịch vụ du lịch và lữ hành
108301,LNH,quan-tri-dich-vu-du-lich-va-lu-hanh,C00,Điểm học bạ,2023,18.0,Quản trị dịch vụ du lịch và lữ hành
108302,LNH,quan-tri-dich-vu-du-lich-va-lu-hanh,C15,Điểm học bạ,2023,18.0,Quản trị dịch vụ du lịch và lữ hành
108303,LNH,quan-tri-dich-vu-du-lich-va-lu-hanh,D01,Điểm học bạ,2023,18.0,Quản trị dịch vụ du lịch và lữ hành
108304,LNH,quan-tri-dich-vu-du-lich-va-lu-hanh,A00,Điểm thi THPT,2023,15.0,Quản trị dịch vụ du lịch và lữ hành
108305,LNH,quan-tri-dich-vu-du-lich-va-lu-hanh,C00,Điểm thi THPT,2023,15.0,Quản trị dịch vụ du lịch và lữ hành
108306,LNH,quan-tri-dich-vu-du-lich-va-lu-hanh,C15,Điểm thi THPT,2023,15.0,Quản trị dịch vụ du lịch và lữ hành
108307,LNH,quan-tri-dich-vu-du-lich-va-lu-hanh,D01,Điểm thi THPT,2023,15.0,Quản trị dịch vụ du lịch và lữ hành
108308,LNH,quan-tri-dich-vu-du-lich-va-lu-hanh,A00,Điểm học bạ,2024,18.0,Quản trị dịch vụ du lịch và lữ hành
108309,LNH,quan-tri-dich-vu-du-lich-va-lu-hanh,C00,Điểm học bạ,2024,18.0,Quản trị dịch vụ du lịch và lữ hành
108310,LNH,quan-tri-dich-vu-du-lich-va-lu-hanh,C15,Điểm học bạ,2024,18.0,Quản trị dịch vụ du lịch và lữ hành
108311,LNH,quan-tri-dich-vu-du-lich-va-lu-hanh,D01,Điểm học bạ,2024,18.0,Quản trị dịch vụ du lịch và lữ hành
108312,LNH,quan-tri-dich-vu-du-lich-va-lu-hanh,A00,Điểm thi THPT,2024,15.7,Quản trị dịch vụ du lịch và lữ hành
108313,LNH,quan-tri-dich-vu-du-lich-va-lu-hanh,C00,Điểm thi THPT,2024,15.7,Quản trị dịch vụ du lịch và lữ hành
108314,LNH,quan-tri-dich-vu-du-lich-va-lu-hanh,C15,Điểm thi THPT,2024,15.7,Quản trị dịch vụ du lịch và lữ hành
108315,LNH,quan-tri-dich-vu-du-lich-va-lu-hanh,D01,Điểm thi THPT,2024,15.7,Quản trị dịch vụ du lịch và lữ hành
108316,LNH,quan-tri-dich-vu-du-lich-va-lu-hanh,A01,Điểm học bạ,2025,20.04,Quản trị dịch vụ Du lịch và Lữ hành
108317,LNH,quan-tri-dich-vu-du-lich-va-lu-hanh,C00,Điểm học bạ,2025,20.04,Quản trị dịch vụ Du lịch và Lữ hành
108318,LNH,quan-tri-dich-vu-du-lich-va-lu-hanh,D01,Điểm học bạ,2025,20.04,Quản trị dịch vụ Du lịch và Lữ hành
108319,LNH,quan-tri-dich-vu-du-lich-va-lu-hanh,D14,Điểm học bạ,2025,20.04,Quản trị dịch vụ Du lịch và Lữ hành
108320,LNH,quan-tri-dich-vu-du-lich-va-lu-hanh,D15,Điểm học bạ,2025,20.04,Quản trị dịch vụ Du lịch và Lữ hành
108321,LNH,quan-tri-dich-vu-du-lich-va-lu-hanh,X01,Điểm học bạ,2025,20.04,Quản trị dịch vụ Du lịch và Lữ hành
108322,LNH,quan-tri-dich-vu-du-lich-va-lu-hanh,X26,Điểm học bạ,2025,20.04,Quản trị dịch vụ Du lịch và Lữ hành
108323,LNH,quan-tri-dich-vu-du-lich-va-lu-hanh,X70,Điểm học bạ,2025,20.04,Quản trị dịch vụ Du lịch và Lữ hành
108324,LNH,quan-tri-dich-vu-du-lich-va-lu-hanh,X74,Điểm học bạ,2025,20.04,Quản trị dịch vụ Du lịch và Lữ hành
108325,LNH,quan-tri-dich-vu-du-lich-va-lu-hanh,X78,Điểm học bạ,2025,20.04,Quản trị dịch vụ Du lịch và Lữ hành
108326,LNH,quan-tri-dich-vu-du-lich-va-lu-hanh,A01,Điểm thi THPT,2025,16.7,Quản trị dịch vụ Du lịch và Lữ hành
108327,LNH,quan-tri-dich-vu-du-lich-va-lu-hanh,C00,Điểm thi THPT,2025,16.7,Quản trị dịch vụ Du lịch và Lữ hành
108328,LNH,quan-tri-dich-vu-du-lich-va-lu-hanh,D01,Điểm thi THPT,2025,16.7,Quản trị dịch vụ Du lịch và Lữ hành
108329,LNH,quan-tri-dich-vu-du-lich-va-lu-hanh,D14,Điểm thi THPT,2025,16.7,Quản trị dịch vụ Du lịch và Lữ hành
108330,LNH,quan-tri-dich-vu-du-lich-va-lu-hanh,D15,Điểm thi THPT,2025,16.7,Quản trị dịch vụ Du lịch và Lữ hành
108331,LNH,quan-tri-dich-vu-du-lich-va-lu-hanh,X01,Điểm thi THPT,2025,16.7,Quản trị dịch vụ Du lịch và Lữ hành
108332,LNH,quan-tri-dich-vu-du-lich-va-lu-hanh,X26,Điểm thi THPT,2025,16.7,Quản trị dịch vụ Du lịch và Lữ hành
108333,LNH,quan-tri-dich-vu-du-lich-va-lu-hanh,X70,Điểm thi THPT,2025,16.7,Quản trị dịch vụ Du lịch và Lữ hành
108334,LNH,quan-tri-dich-vu-du-lich-va-lu-hanh,X74,Điểm thi THPT,2025,16.7,Quản trị dịch vụ Du lịch và Lữ hành
108335,LNH,quan-tri-dich-vu-du-lich-va-lu-hanh,X78,Điểm thi THPT,2025,16.7,Quản trị dịch vụ Du lịch và Lữ hành
108336,LNH,quan-tri-kinh-doanh,A00,Điểm học bạ,2021,18.0,Quản trị kinh doanh
108337,LNH,quan-tri-kinh-doanh,A16,Điểm học bạ,2021,18.0,Quản trị kinh doanh
108338,LNH,quan-tri-kinh-doanh,C15,Điểm học bạ,2021,18.0,Quản trị kinh doanh
108339,LNH,quan-tri-kinh-doanh,D01,Điểm học bạ,2021,18.0,Quản trị kinh doanh
108340,LNH,quan-tri-kinh-doanh,A00,Điểm thi THPT,2021,15.0,Quản trị kinh doanh
108341,LNH,quan-tri-kinh-doanh,A16,Điểm thi THPT,2021,15.0,Quản trị kinh doanh
108342,LNH,quan-tri-kinh-doanh,C15,Điểm thi THPT,2021,15.0,Quản trị kinh doanh
108343,LNH,quan-tri-kinh-doanh,D01,Điểm thi THPT,2021,15.0,Quản trị kinh doanh
108344,LNH,quan-tri-kinh-doanh,A00,Điểm học bạ,2023,18.0,Quản trị kinh doanh
108345,LNH,quan-tri-kinh-doanh,A16,Điểm học bạ,2023,18.0,Quản trị kinh doanh
108346,LNH,quan-tri-kinh-doanh,C15,Điểm học bạ,2023,18.0,Quản trị kinh doanh
108347,LNH,quan-tri-kinh-doanh,D01,Điểm học bạ,2023,18.0,Quản trị kinh doanh
108348,LNH,quan-tri-kinh-doanh,A00,Điểm thi THPT,2023,15.0,Quản trị kinh doanh
108349,LNH,quan-tri-kinh-doanh,A16,Điểm thi THPT,2023,15.0,Quản trị kinh doanh
108350,LNH,quan-tri-kinh-doanh,C15,Điểm thi THPT,2023,15.0,Quản trị kinh doanh
108351,LNH,quan-tri-kinh-doanh,D01,Điểm thi THPT,2023,15.0,Quản trị kinh doanh
108352,LNH,quan-tri-kinh-doanh,A00,Điểm học bạ,2024,18.0,Quản trị kinh doanh
108353,LNH,quan-tri-kinh-doanh,A16,Điểm học bạ,2024,18.0,Quản trị kinh doanh
108354,LNH,quan-tri-kinh-doanh,C15,Điểm học bạ,2024,18.0,Quản trị kinh doanh
108355,LNH,quan-tri-kinh-doanh,D01,Điểm học bạ,2024,18.0,Quản trị kinh doanh
108356,LNH,quan-tri-kinh-doanh,A00,Điểm thi THPT,2024,16.6,Quản trị kinh doanh
108357,LNH,quan-tri-kinh-doanh,A16,Điểm thi THPT,2024,16.6,Quản trị kinh doanh
108358,LNH,quan-tri-kinh-doanh,C15,Điểm thi THPT,2024,16.6,Quản trị kinh doanh
108359,LNH,quan-tri-kinh-doanh,D01,Điểm thi THPT,2024,16.6,Quản trị kinh doanh
108360,LNH,quan-tri-kinh-doanh,A01,Điểm học bạ,2025,18.24,Quản trị kinh doanh
108361,LNH,quan-tri-kinh-doanh,C00,Điểm học bạ,2025,18.24,Quản trị kinh doanh
108362,LNH,quan-tri-kinh-doanh,D01,Điểm học bạ,2025,18.24,Quản trị kinh doanh
108363,LNH,quan-tri-kinh-doanh,D14,Điểm học bạ,2025,18.24,Quản trị kinh doanh
108364,LNH,quan-tri-kinh-doanh,D15,Điểm học bạ,2025,18.24,Quản trị kinh doanh
108365,LNH,quan-tri-kinh-doanh,X01,Điểm học bạ,2025,18.24,Quản trị kinh doanh
108366,LNH,quan-tri-kinh-doanh,X26,Điểm học bạ,2025,18.24,Quản trị kinh doanh
108367,LNH,quan-tri-kinh-doanh,X70,Điểm học bạ,2025,18.24,Quản trị kinh doanh
108368,LNH,quan-tri-kinh-doanh,X74,Điểm học bạ,2025,18.24,Quản trị kinh doanh
108369,LNH,quan-tri-kinh-doanh,X78,Điểm học bạ,2025,18.24,Quản trị kinh doanh
108370,LNH,quan-tri-kinh-doanh,A01,Điểm thi THPT,2025,15.2,Quản trị kinh doanh
108371,LNH,quan-tri-kinh-doanh,C00,Điểm thi THPT,2025,15.2,Quản trị kinh doanh
108372,LNH,quan-tri-kinh-doanh,D01,Điểm thi THPT,2025,15.2,Quản trị kinh doanh
108373,LNH,quan-tri-kinh-doanh,D14,Điểm thi THPT,2025,15.2,Quản trị kinh doanh
108374,LNH,quan-tri-kinh-doanh,D15,Điểm thi THPT,2025,15.2,Quản trị kinh doanh
108375,LNH,quan-tri-kinh-doanh,X01,Điểm thi THPT,2025,15.2,Quản trị kinh doanh
108376,LNH,quan-tri-kinh-doanh,X26,Điểm thi THPT,2025,15.2,Quản trị kinh doanh
108377,LNH,quan-tri-kinh-doanh,X70,Điểm thi THPT,2025,15.2,Quản trị kinh doanh
108378,LNH,quan-tri-kinh-doanh,X74,Điểm thi THPT,2025,15.2,Quản trị kinh doanh
108379,LNH,quan-tri-kinh-doanh,X78,Điểm thi THPT,2025,15.2,Quản trị kinh doanh
108380,LNH,tai-chinh-ngan-hang,A00,Điểm học bạ,2023,18.0,Tài chính - ngân hàng
108381,LNH,tai-chinh-ngan-hang,A16,Điểm học bạ,2023,18.0,Tài chính - ngân hàng
108382,LNH,tai-chinh-ngan-hang,C15,Điểm học bạ,2023,18.0,Tài chính - ngân hàng
108383,LNH,tai-chinh-ngan-hang,D01,Điểm học bạ,2023,18.0,Tài chính - ngân hàng
108384,LNH,tai-chinh-ngan-hang,A00,Điểm thi THPT,2023,15.0,Tài chính – Ngân hàng
108385,LNH,tai-chinh-ngan-hang,A16,Điểm thi THPT,2023,15.0,Tài chính – Ngân hàng
108386,LNH,tai-chinh-ngan-hang,C15,Điểm thi THPT,2023,15.0,Tài chính – Ngân hàng
108387,LNH,tai-chinh-ngan-hang,D01,Điểm thi THPT,2023,15.0,Tài chính – Ngân hàng
108388,LNH,tai-chinh-ngan-hang,A00,Điểm học bạ,2024,18.0,Tài chính - Ngân hàng
108389,LNH,tai-chinh-ngan-hang,A16,Điểm học bạ,2024,18.0,Tài chính - Ngân hàng
108390,LNH,tai-chinh-ngan-hang,C15,Điểm học bạ,2024,18.0,Tài chính - Ngân hàng
108391,LNH,tai-chinh-ngan-hang,D01,Điểm học bạ,2024,18.0,Tài chính - Ngân hàng
108392,LNH,tai-chinh-ngan-hang,A00,Điểm thi THPT,2024,17.1,Tài chính – Ngân hàng
108393,LNH,tai-chinh-ngan-hang,A16,Điểm thi THPT,2024,17.1,Tài chính – Ngân hàng
108394,LNH,tai-chinh-ngan-hang,C15,Điểm thi THPT,2024,17.1,Tài chính – Ngân hàng
108395,LNH,tai-chinh-ngan-hang,D01,Điểm thi THPT,2024,17.1,Tài chính – Ngân hàng
108396,LNH,tai-chinh-ngan-hang,A01,Điểm học bạ,2025,20.4,Tài chính - Ngân hàng
108397,LNH,tai-chinh-ngan-hang,C00,Điểm học bạ,2025,20.4,Tài chính - Ngân hàng
108398,LNH,tai-chinh-ngan-hang,D01,Điểm học bạ,2025,20.4,Tài chính - Ngân hàng
108399,LNH,tai-chinh-ngan-hang,D14,Điểm học bạ,2025,20.4,Tài chính - Ngân hàng
108400,LNH,tai-chinh-ngan-hang,D15,Điểm học bạ,2025,20.4,Tài chính - Ngân hàng
108401,LNH,tai-chinh-ngan-hang,X01,Điểm học bạ,2025,20.4,Tài chính - Ngân hàng
108402,LNH,tai-chinh-ngan-hang,X26,Điểm học bạ,2025,20.4,Tài chính - Ngân hàng
108403,LNH,tai-chinh-ngan-hang,X70,Điểm học bạ,2025,20.4,Tài chính - Ngân hàng
108404,LNH,tai-chinh-ngan-hang,X74,Điểm học bạ,2025,20.4,Tài chính - Ngân hàng
108405,LNH,tai-chinh-ngan-hang,X78,Điểm học bạ,2025,20.4,Tài chính - Ngân hàng
108406,LNH,tai-chinh-ngan-hang,A01,Điểm thi THPT,2025,17.0,Tài chính - Ngân hàng
108407,LNH,tai-chinh-ngan-hang,C00,Điểm thi THPT,2025,17.0,Tài chính - Ngân hàng
108408,LNH,tai-chinh-ngan-hang,D01,Điểm thi THPT,2025,17.0,Tài chính - Ngân hàng
108409,LNH,tai-chinh-ngan-hang,D14,Điểm thi THPT,2025,17.0,Tài chính - Ngân hàng
108410,LNH,tai-chinh-ngan-hang,D15,Điểm thi THPT,2025,17.0,Tài chính - Ngân hàng
108411,LNH,tai-chinh-ngan-hang,X01,Điểm thi THPT,2025,17.0,Tài chính - Ngân hàng
108412,LNH,tai-chinh-ngan-hang,X26,Điểm thi THPT,2025,17.0,Tài chính - Ngân hàng
108413,LNH,tai-chinh-ngan-hang,X70,Điểm thi THPT,2025,17.0,Tài chính - Ngân hàng
108414,LNH,tai-chinh-ngan-hang,X74,Điểm thi THPT,2025,17.0,Tài chính - Ngân hàng
108415,LNH,tai-chinh-ngan-hang,X78,Điểm thi THPT,2025,17.0,Tài chính - Ngân hàng
108416,LNH,thiet-ke-noi-that,A00,Điểm học bạ,2021,18.0,Thiết kế nội thất
108417,LNH,thiet-ke-noi-that,C15,Điểm học bạ,2021,18.0,Thiết kế nội thất
108418,LNH,thiet-ke-noi-that,D01,Điểm học bạ,2021,18.0,Thiết kế nội thất
108419,LNH,thiet-ke-noi-that,H00,Điểm học bạ,2021,18.0,Thiết kế nội thất
108420,LNH,thiet-ke-noi-that,A00,Điểm thi THPT,2021,15.0,Thiết kế nội thất
108421,LNH,thiet-ke-noi-that,C15,Điểm thi THPT,2021,15.0,Thiết kế nội thất
108422,LNH,thiet-ke-noi-that,D01,Điểm thi THPT,2021,15.0,Thiết kế nội thất
108423,LNH,thiet-ke-noi-that,H00,Điểm thi THPT,2021,15.0,Thiết kế nội thất
108424,LNH,thiet-ke-noi-that,A00,Điểm học bạ,2023,18.0,Thiết kế nội thất
108425,LNH,thiet-ke-noi-that,C15,Điểm học bạ,2023,18.0,Thiết kế nội thất
108426,LNH,thiet-ke-noi-that,D01,Điểm học bạ,2023,18.0,Thiết kế nội thất
108427,LNH,thiet-ke-noi-that,H00,Điểm học bạ,2023,18.0,Thiết kế nội thất
108428,LNH,thiet-ke-noi-that,A00,Điểm thi THPT,2023,15.0,Thiết kế nội thất
108429,LNH,thiet-ke-noi-that,C15,Điểm thi THPT,2023,15.0,Thiết kế nội thất
108430,LNH,thiet-ke-noi-that,D01,Điểm thi THPT,2023,15.0,Thiết kế nội thất
108431,LNH,thiet-ke-noi-that,H00,Điểm thi THPT,2023,15.0,Thiết kế nội thất
108432,LNH,thiet-ke-noi-that,A00,Điểm học bạ,2024,18.0,Thiết kế nội thất
108433,LNH,thiet-ke-noi-that,C15,Điểm học bạ,2024,18.0,Thiết kế nội thất
108434,LNH,thiet-ke-noi-that,D01,Điểm học bạ,2024,18.0,Thiết kế nội thất
108435,LNH,thiet-ke-noi-that,H00,Điểm học bạ,2024,18.0,Thiết kế nội thất
108436,LNH,thiet-ke-noi-that,A00,Điểm thi THPT,2024,16.1,Thiết kế nội thất
108437,LNH,thiet-ke-noi-that,C15,Điểm thi THPT,2024,16.1,Thiết kế nội thất
108438,LNH,thiet-ke-noi-that,D01,Điểm thi THPT,2024,16.1,Thiết kế nội thất
108439,LNH,thiet-ke-noi-that,H00,Điểm thi THPT,2024,16.1,Thiết kế nội thất
108440,LNH,thiet-ke-noi-that,A01,Điểm học bạ,2025,19.8,Thiết kế nội thất
108441,LNH,thiet-ke-noi-that,C00,Điểm học bạ,2025,19.8,Thiết kế nội thất
108442,LNH,thiet-ke-noi-that,C03,Điểm học bạ,2025,19.8,Thiết kế nội thất
108443,LNH,thiet-ke-noi-that,D01,Điểm học bạ,2025,19.8,Thiết kế nội thất
108444,LNH,thiet-ke-noi-that,D14,Điểm học bạ,2025,19.8,Thiết kế nội thất
108445,LNH,thiet-ke-noi-that,H00,Điểm học bạ,2025,19.8,Thiết kế nội thất
108446,LNH,thiet-ke-noi-that,V01,Điểm học bạ,2025,19.8,Thiết kế nội thất
108447,LNH,thiet-ke-noi-that,X01,Điểm học bạ,2025,19.8,Thiết kế nội thất
108448,LNH,thiet-ke-noi-that,X03,Điểm học bạ,2025,19.8,Thiết kế nội thất
108449,LNH,thiet-ke-noi-that,X07,Điểm học bạ,2025,19.8,Thiết kế nội thất
108450,LNH,thiet-ke-noi-that,A01,Điểm thi THPT,2025,16.5,Thiết kế nội thất
108451,LNH,thiet-ke-noi-that,C00,Điểm thi THPT,2025,16.5,Thiết kế nội thất
108452,LNH,thiet-ke-noi-that,C03,Điểm thi THPT,2025,16.5,Thiết kế nội thất
108453,LNH,thiet-ke-noi-that,D01,Điểm thi THPT,2025,16.5,Thiết kế nội thất
108454,LNH,thiet-ke-noi-that,D14,Điểm thi THPT,2025,16.5,Thiết kế nội thất
108455,LNH,thiet-ke-noi-that,H00,Điểm thi THPT,2025,16.5,Thiết kế nội thất
108456,LNH,thiet-ke-noi-that,V01,Điểm thi THPT,2025,16.5,Thiết kế nội thất
108457,LNH,thiet-ke-noi-that,X01,Điểm thi THPT,2025,16.5,Thiết kế nội thất
108458,LNH,thiet-ke-noi-that,X03,Điểm thi THPT,2025,16.5,Thiết kế nội thất
108459,LNH,thiet-ke-noi-that,X07,Điểm thi THPT,2025,16.5,Thiết kế nội thất
108460,LNH,thu-y,A00,Điểm học bạ,2021,18.0,Thú y
108461,LNH,thu-y,A16,Điểm học bạ,2021,18.0,Thú y
108462,LNH,thu-y,B00,Điểm học bạ,2021,18.0,Thú y
108463,LNH,thu-y,B08,Điểm học bạ,2021,18.0,Thú y
108464,LNH,thu-y,A00,Điểm thi THPT,2021,15.0,Thú y
108465,LNH,thu-y,A16,Điểm thi THPT,2021,15.0,Thú y
108466,LNH,thu-y,B00,Điểm thi THPT,2021,15.0,Thú y
108467,LNH,thu-y,B08,Điểm thi THPT,2021,15.0,Thú y
108468,LNH,thu-y,A00,Điểm học bạ,2023,18.0,Thú y
108469,LNH,thu-y,A16,Điểm học bạ,2023,18.0,Thú y
108470,LNH,thu-y,B00,Điểm học bạ,2023,18.0,Thú y
108471,LNH,thu-y,B08,Điểm học bạ,2023,18.0,Thú y
108472,LNH,thu-y,A00,Điểm thi THPT,2023,15.0,Thú y
108473,LNH,thu-y,A16,Điểm thi THPT,2023,15.0,Thú y
108474,LNH,thu-y,B00,Điểm thi THPT,2023,15.0,Thú y
108475,LNH,thu-y,B08,Điểm thi THPT,2023,15.0,Thú y
108476,LNH,thu-y,A00,Điểm học bạ,2024,18.0,Thú y
108477,LNH,thu-y,A16,Điểm học bạ,2024,18.0,Thú y
108478,LNH,thu-y,B00,Điểm học bạ,2024,18.0,Thú y
108479,LNH,thu-y,B08,Điểm học bạ,2024,18.0,Thú y
108480,LNH,thu-y,A00,Điểm thi THPT,2024,15.8,Thú y
108481,LNH,thu-y,A16,Điểm thi THPT,2024,15.8,Thú y
108482,LNH,thu-y,B00,Điểm thi THPT,2024,15.8,Thú y
108483,LNH,thu-y,B08,Điểm thi THPT,2024,15.8,Thú y
108484,LNH,thu-y,A00,Điểm học bạ,2025,18.36,Thú y
108485,LNH,thu-y,B00,Điểm học bạ,2025,18.36,Thú y
108486,LNH,thu-y,B03,Điểm học bạ,2025,18.36,Thú y
108487,LNH,thu-y,C02,Điểm học bạ,2025,18.36,Thú y
108488,LNH,thu-y,D01,Điểm học bạ,2025,18.36,Thú y
108489,LNH,thu-y,D10,Điểm học bạ,2025,18.36,Thú y
108490,LNH,thu-y,X02,Điểm học bạ,2025,18.36,Thú y
108491,LNH,thu-y,X04,Điểm học bạ,2025,18.36,Thú y
108492,LNH,thu-y,A00,Điểm thi THPT,2025,15.3,Thú y
108493,LNH,thu-y,B00,Điểm thi THPT,2025,15.3,Thú y
108494,LNH,thu-y,B03,Điểm thi THPT,2025,15.3,Thú y
108495,LNH,thu-y,C02,Điểm thi THPT,2025,15.3,Thú y
108496,LNH,thu-y,D01,Điểm thi THPT,2025,15.3,Thú y
108497,LNH,thu-y,D10,Điểm thi THPT,2025,15.3,Thú y
108498,LNH,thu-y,X02,Điểm thi THPT,2025,15.3,Thú y
108499,LNH,thu-y,X04,Điểm thi THPT,2025,15.3,Thú y
108500,LNS,bao-ve-thuc-vat,A00,Điểm thi THPT,2021,15.0,Bảo vệ thực vật
108501,LNS,bao-ve-thuc-vat,A01,Điểm thi THPT,2021,15.0,Bảo vệ thực vật
108502,LNS,bao-ve-thuc-vat,B00,Điểm thi THPT,2021,15.0,Bảo vệ thực vật
108503,LNS,bao-ve-thuc-vat,D01,Điểm thi THPT,2021,15.0,Bảo vệ thực vật
108504,LNS,bao-ve-thuc-vat,A00,Điểm học bạ,2022,18.0,Bảo vệ thực vật
108505,LNS,bao-ve-thuc-vat,A01,Điểm học bạ,2022,18.0,Bảo vệ thực vật
108506,LNS,bao-ve-thuc-vat,B00,Điểm học bạ,2022,18.0,Bảo vệ thực vật
108507,LNS,bao-ve-thuc-vat,D01,Điểm học bạ,2022,18.0,Bảo vệ thực vật
108508,LNS,bao-ve-thuc-vat,A00,Điểm thi THPT,2022,15.0,Bảo vệ thực vật
108509,LNS,bao-ve-thuc-vat,A01,Điểm thi THPT,2022,15.0,Bảo vệ thực vật
108510,LNS,bao-ve-thuc-vat,B00,Điểm thi THPT,2022,15.0,Bảo vệ thực vật
108511,LNS,bao-ve-thuc-vat,D01,Điểm thi THPT,2022,15.0,Bảo vệ thực vật
108512,LNS,bao-ve-thuc-vat,A00,Điểm học bạ,2023,18.0,Bảo vệ thực vật
108513,LNS,bao-ve-thuc-vat,B00,Điểm học bạ,2023,18.0,Bảo vệ thực vật
108514,LNS,bao-ve-thuc-vat,C15,Điểm học bạ,2023,18.0,Bảo vệ thực vật
108515,LNS,bao-ve-thuc-vat,D01,Điểm học bạ,2023,18.0,Bảo vệ thực vật
108516,LNS,bao-ve-thuc-vat,A00,Điểm thi THPT,2023,15.0,Bảo vệ thực vật
108517,LNS,bao-ve-thuc-vat,B00,Điểm thi THPT,2023,15.0,Bảo vệ thực vật
108518,LNS,bao-ve-thuc-vat,C15,Điểm thi THPT,2023,15.0,Bảo vệ thực vật
108519,LNS,bao-ve-thuc-vat,D01,Điểm thi THPT,2023,15.0,Bảo vệ thực vật
108520,LNS,bao-ve-thuc-vat,A00,Điểm học bạ,2024,18.0,Bảo vệ thực vật
108521,LNS,bao-ve-thuc-vat,B00,Điểm học bạ,2024,18.0,Bảo vệ thực vật
108522,LNS,bao-ve-thuc-vat,C15,Điểm học bạ,2024,18.0,Bảo vệ thực vật
108523,LNS,bao-ve-thuc-vat,D01,Điểm học bạ,2024,18.0,Bảo vệ thực vật
108524,LNS,bao-ve-thuc-vat,A00,Điểm thi THPT,2024,15.0,Bảo vệ thực vật
108525,LNS,bao-ve-thuc-vat,B00,Điểm thi THPT,2024,15.0,Bảo vệ thực vật
108526,LNS,bao-ve-thuc-vat,C15,Điểm thi THPT,2024,15.0,Bảo vệ thực vật
108527,LNS,bao-ve-thuc-vat,D01,Điểm thi THPT,2024,15.0,Bảo vệ thực vật
108528,LNS,bao-ve-thuc-vat,B00,Điểm học bạ,2025,18.0,Bảo vệ thực vật
108529,LNS,bao-ve-thuc-vat,B03,Điểm học bạ,2025,18.0,Bảo vệ thực vật
108530,LNS,bao-ve-thuc-vat,C02,Điểm học bạ,2025,18.0,Bảo vệ thực vật
108531,LNS,bao-ve-thuc-vat,D01,Điểm học bạ,2025,18.0,Bảo vệ thực vật
108532,LNS,bao-ve-thuc-vat,X02,Điểm học bạ,2025,18.0,Bảo vệ thực vật
108533,LNS,bao-ve-thuc-vat,X03,Điểm học bạ,2025,18.0,Bảo vệ thực vật
108534,LNS,bao-ve-thuc-vat,X04,Điểm học bạ,2025,18.0,Bảo vệ thực vật
108535,LNS,bao-ve-thuc-vat,B00,Điểm thi THPT,2025,15.0,Bảo vệ thực vật
108536,LNS,bao-ve-thuc-vat,B03,Điểm thi THPT,2025,15.0,Bảo vệ thực vật
108537,LNS,bao-ve-thuc-vat,C02,Điểm thi THPT,2025,15.0,Bảo vệ thực vật
108538,LNS,bao-ve-thuc-vat,D01,Điểm thi THPT,2025,15.0,Bảo vệ thực vật
108539,LNS,bao-ve-thuc-vat,X02,Điểm thi THPT,2025,15.0,Bảo vệ thực vật
108540,LNS,bao-ve-thuc-vat,X03,Điểm thi THPT,2025,15.0,Bảo vệ thực vật
108541,LNS,bao-ve-thuc-vat,X04,Điểm thi THPT,2025,15.0,Bảo vệ thực vật
108542,LNS,chan-nuoi,A00,Điểm học bạ,2024,18.0,Chăn nuôi
108543,LNS,chan-nuoi,B00,Điểm học bạ,2024,18.0,Chăn nuôi
108544,LNS,chan-nuoi,C15,Điểm học bạ,2024,18.0,Chăn nuôi
108545,LNS,chan-nuoi,D01,Điểm học bạ,2024,18.0,Chăn nuôi
108546,LNS,chan-nuoi,A00,Điểm thi THPT,2024,15.0,Chăn nuôi
108547,LNS,chan-nuoi,B00,Điểm thi THPT,2024,15.0,Chăn nuôi
108548,LNS,chan-nuoi,C15,Điểm thi THPT,2024,15.0,Chăn nuôi
108549,LNS,chan-nuoi,D01,Điểm thi THPT,2024,15.0,Chăn nuôi
108550,LNS,chan-nuoi,B00,Điểm học bạ,2025,18.0,Chăn nuôi
108551,LNS,chan-nuoi,B03,Điểm học bạ,2025,18.0,Chăn nuôi
108552,LNS,chan-nuoi,C02,Điểm học bạ,2025,18.0,Chăn nuôi
108553,LNS,chan-nuoi,D01,Điểm học bạ,2025,18.0,Chăn nuôi
108554,LNS,chan-nuoi,X02,Điểm học bạ,2025,18.0,Chăn nuôi
108555,LNS,chan-nuoi,X03,Điểm học bạ,2025,18.0,Chăn nuôi
108556,LNS,chan-nuoi,X04,Điểm học bạ,2025,18.0,Chăn nuôi
108557,LNS,chan-nuoi,B00,Điểm thi THPT,2025,15.0,Chăn nuôi
108558,LNS,chan-nuoi,B03,Điểm thi THPT,2025,15.0,Chăn nuôi
108559,LNS,chan-nuoi,C02,Điểm thi THPT,2025,15.0,Chăn nuôi
108560,LNS,chan-nuoi,D01,Điểm thi THPT,2025,15.0,Chăn nuôi
108561,LNS,chan-nuoi,X02,Điểm thi THPT,2025,15.0,Chăn nuôi
108562,LNS,chan-nuoi,X03,Điểm thi THPT,2025,15.0,Chăn nuôi
108563,LNS,chan-nuoi,X04,Điểm thi THPT,2025,15.0,Chăn nuôi
108564,LNS,cong-nghe-che-bien-lam-san,A00,Điểm thi THPT,2021,15.0,Công nghệ chế biến lâm sản
108565,LNS,cong-nghe-che-bien-lam-san,A01,Điểm thi THPT,2021,15.0,Công nghệ chế biến lâm sản
108566,LNS,cong-nghe-che-bien-lam-san,B00,Điểm thi THPT,2021,15.0,Công nghệ chế biến lâm sản
108567,LNS,cong-nghe-che-bien-lam-san,D01,Điểm thi THPT,2021,15.0,Công nghệ chế biến lâm sản
108568,LNS,cong-nghe-che-bien-lam-san,A00,Điểm học bạ,2022,18.0,Công nghệ chế biến lâm sản
108569,LNS,cong-nghe-che-bien-lam-san,A01,Điểm học bạ,2022,18.0,Công nghệ chế biến lâm sản
108570,LNS,cong-nghe-che-bien-lam-san,B00,Điểm học bạ,2022,18.0,Công nghệ chế biến lâm sản
108571,LNS,cong-nghe-che-bien-lam-san,D01,Điểm học bạ,2022,18.0,Công nghệ chế biến lâm sản
108572,LNS,cong-nghe-che-bien-lam-san,A00,Điểm thi THPT,2022,15.0,Công nghệ chế biến lâm sản
108573,LNS,cong-nghe-che-bien-lam-san,A01,Điểm thi THPT,2022,15.0,Công nghệ chế biến lâm sản
108574,LNS,cong-nghe-che-bien-lam-san,B00,Điểm thi THPT,2022,15.0,Công nghệ chế biến lâm sản
108575,LNS,cong-nghe-che-bien-lam-san,D01,Điểm thi THPT,2022,15.0,Công nghệ chế biến lâm sản
108576,LNS,cong-nghe-che-bien-lam-san,A00,Điểm học bạ,2023,18.0,Công nghệ Chế biến lâm sản
108577,LNS,cong-nghe-che-bien-lam-san,B00,Điểm học bạ,2023,18.0,Công nghệ Chế biến lâm sản
108578,LNS,cong-nghe-che-bien-lam-san,C15,Điểm học bạ,2023,18.0,Công nghệ Chế biến lâm sản
108579,LNS,cong-nghe-che-bien-lam-san,D01,Điểm học bạ,2023,18.0,Công nghệ Chế biến lâm sản
108580,LNS,cong-nghe-che-bien-lam-san,A00,Điểm thi THPT,2023,15.0,Công nghệ Chế biến lâm sản
108581,LNS,cong-nghe-che-bien-lam-san,B00,Điểm thi THPT,2023,15.0,Công nghệ Chế biến lâm sản
108582,LNS,cong-nghe-che-bien-lam-san,C15,Điểm thi THPT,2023,15.0,Công nghệ Chế biến lâm sản
108583,LNS,cong-nghe-che-bien-lam-san,D01,Điểm thi THPT,2023,15.0,Công nghệ Chế biến lâm sản
108584,LNS,cong-nghe-che-bien-lam-san,A00,Điểm học bạ,2024,18.0,Công nghệ Chế biến lâm sản
108585,LNS,cong-nghe-che-bien-lam-san,B00,Điểm học bạ,2024,18.0,Công nghệ Chế biến lâm sản
108586,LNS,cong-nghe-che-bien-lam-san,C15,Điểm học bạ,2024,18.0,Công nghệ Chế biến lâm sản
108587,LNS,cong-nghe-che-bien-lam-san,D01,Điểm học bạ,2024,18.0,Công nghệ Chế biến lâm sản
108588,LNS,cong-nghe-che-bien-lam-san,A00,Điểm thi THPT,2024,15.0,Công nghệ Chế biến lâm sản
108589,LNS,cong-nghe-che-bien-lam-san,B00,Điểm thi THPT,2024,15.0,Công nghệ Chế biến lâm sản
108590,LNS,cong-nghe-che-bien-lam-san,C15,Điểm thi THPT,2024,15.0,Công nghệ Chế biến lâm sản
108591,LNS,cong-nghe-che-bien-lam-san,D01,Điểm thi THPT,2024,15.0,Công nghệ Chế biến lâm sản
108592,LNS,cong-nghe-sinh-hoc,A00,Điểm thi THPT,2021,15.0,Công nghệ sinh học
108593,LNS,cong-nghe-sinh-hoc,A01,Điểm thi THPT,2021,15.0,Công nghệ sinh học
108594,LNS,cong-nghe-sinh-hoc,B00,Điểm thi THPT,2021,15.0,Công nghệ sinh học
108595,LNS,cong-nghe-sinh-hoc,D01,Điểm thi THPT,2021,15.0,Công nghệ sinh học
108596,LNS,cong-nghe-sinh-hoc,A00,Điểm học bạ,2022,18.0,Công nghệ sinh học
108597,LNS,cong-nghe-sinh-hoc,A01,Điểm học bạ,2022,18.0,Công nghệ sinh học
108598,LNS,cong-nghe-sinh-hoc,B00,Điểm học bạ,2022,18.0,Công nghệ sinh học
108599,LNS,cong-nghe-sinh-hoc,D01,Điểm học bạ,2022,18.0,Công nghệ sinh học
108600,LNS,cong-nghe-sinh-hoc,A00,Điểm thi THPT,2022,15.0,Công nghệ sinh học
108601,LNS,cong-nghe-sinh-hoc,A01,Điểm thi THPT,2022,15.0,Công nghệ sinh học
108602,LNS,cong-nghe-sinh-hoc,B00,Điểm thi THPT,2022,15.0,Công nghệ sinh học
108603,LNS,cong-nghe-sinh-hoc,D01,Điểm thi THPT,2022,15.0,Công nghệ sinh học
108604,LNS,du-lich-sinh-thai,A00,Điểm thi THPT,2021,15.0,Du lịch sinh thái
108605,LNS,du-lich-sinh-thai,A01,Điểm thi THPT,2021,15.0,Du lịch sinh thái
108606,LNS,du-lich-sinh-thai,C15,Điểm thi THPT,2021,15.0,Du lịch sinh thái
108607,LNS,du-lich-sinh-thai,D01,Điểm thi THPT,2021,15.0,Du lịch sinh thái
108608,LNS,du-lich-sinh-thai,A00,Điểm học bạ,2022,18.0,Du lịch sinh thái
108609,LNS,du-lich-sinh-thai,A01,Điểm học bạ,2022,18.0,Du lịch sinh thái
108610,LNS,du-lich-sinh-thai,C15,Điểm học bạ,2022,18.0,Du lịch sinh thái
108611,LNS,du-lich-sinh-thai,D03,Điểm học bạ,2022,18.0,Du lịch sinh thái
108612,LNS,du-lich-sinh-thai,A00,Điểm thi THPT,2022,15.0,Du lịch sinh thái
108613,LNS,du-lich-sinh-thai,A01,Điểm thi THPT,2022,15.0,Du lịch sinh thái
108614,LNS,du-lich-sinh-thai,C15,Điểm thi THPT,2022,15.0,Du lịch sinh thái
108615,LNS,du-lich-sinh-thai,D03,Điểm thi THPT,2022,15.0,Du lịch sinh thái
108616,LNS,he-thong-thong-tin,A00,Điểm học bạ,2023,18.0,Hệ thống thông tin
108617,LNS,he-thong-thong-tin,A01,Điểm học bạ,2023,18.0,Hệ thống thông tin
108618,LNS,he-thong-thong-tin,C15,Điểm học bạ,2023,18.0,Hệ thống thông tin
108619,LNS,he-thong-thong-tin,D01,Điểm học bạ,2023,18.0,Hệ thống thông tin
108620,LNS,he-thong-thong-tin,A00,Điểm thi THPT,2023,15.0,Hệ thống thông tin
108621,LNS,he-thong-thong-tin,A01,Điểm thi THPT,2023,15.0,Hệ thống thông tin
108622,LNS,he-thong-thong-tin,C15,Điểm thi THPT,2023,15.0,Hệ thống thông tin
108623,LNS,he-thong-thong-tin,D01,Điểm thi THPT,2023,15.0,Hệ thống thông tin
108624,LNS,he-thong-thong-tin,A00,Điểm học bạ,2024,18.0,Hệ thống thông tin
108625,LNS,he-thong-thong-tin,A01,Điểm học bạ,2024,18.0,Hệ thống thông tin
108626,LNS,he-thong-thong-tin,C15,Điểm học bạ,2024,18.0,Hệ thống thông tin
108627,LNS,he-thong-thong-tin,D01,Điểm học bạ,2024,18.0,Hệ thống thông tin
108628,LNS,he-thong-thong-tin,A00,Điểm thi THPT,2024,16.0,Hệ thống thông tin
108629,LNS,he-thong-thong-tin,A01,Điểm thi THPT,2024,16.0,Hệ thống thông tin
108630,LNS,he-thong-thong-tin,C15,Điểm thi THPT,2024,16.0,Hệ thống thông tin
108631,LNS,he-thong-thong-tin,D01,Điểm thi THPT,2024,16.0,Hệ thống thông tin
108632,LNS,he-thong-thong-tin,A00,Điểm học bạ,2025,18.0,Hệ thống thông tin
108633,LNS,he-thong-thong-tin,A01,Điểm học bạ,2025,18.0,Hệ thống thông tin
108634,LNS,he-thong-thong-tin,C01,Điểm học bạ,2025,18.0,Hệ thống thông tin
108635,LNS,he-thong-thong-tin,D01,Điểm học bạ,2025,18.0,Hệ thống thông tin
108636,LNS,he-thong-thong-tin,X02,Điểm học bạ,2025,18.0,Hệ thống thông tin
108637,LNS,he-thong-thong-tin,X03,Điểm học bạ,2025,18.0,Hệ thống thông tin
108638,LNS,he-thong-thong-tin,X04,Điểm học bạ,2025,18.0,Hệ thống thông tin
108639,LNS,he-thong-thong-tin,A00,Điểm thi THPT,2025,15.0,Hệ thống thông tin
108640,LNS,he-thong-thong-tin,A01,Điểm thi THPT,2025,15.0,Hệ thống thông tin
108641,LNS,he-thong-thong-tin,C01,Điểm thi THPT,2025,15.0,Hệ thống thông tin
108642,LNS,he-thong-thong-tin,D01,Điểm thi THPT,2025,15.0,Hệ thống thông tin
108643,LNS,he-thong-thong-tin,X02,Điểm thi THPT,2025,15.0,Hệ thống thông tin
108644,LNS,he-thong-thong-tin,X03,Điểm thi THPT,2025,15.0,Hệ thống thông tin
108645,LNS,he-thong-thong-tin,X04,Điểm thi THPT,2025,15.0,Hệ thống thông tin
108646,LNS,ke-toan,A00,Điểm thi THPT,2021,15.0,Kế toán
108647,LNS,ke-toan,A01,Điểm thi THPT,2021,15.0,Kế toán
108648,LNS,ke-toan,C15,Điểm thi THPT,2021,15.0,Kế toán
108649,LNS,ke-toan,D01,Điểm thi THPT,2021,15.0,Kế toán
108650,LNS,ke-toan,A00,Điểm học bạ,2022,18.0,Kế toán
108651,LNS,ke-toan,A01,Điểm học bạ,2022,18.0,Kế toán
108652,LNS,ke-toan,C15,Điểm học bạ,2022,18.0,Kế toán
108653,LNS,ke-toan,D01,Điểm học bạ,2022,18.0,Kế toán
108654,LNS,ke-toan,A00,Điểm thi THPT,2022,16.0,Kế toán
108655,LNS,ke-toan,A01,Điểm thi THPT,2022,16.0,Kế toán
108656,LNS,ke-toan,C15,Điểm thi THPT,2022,16.0,Kế toán
108657,LNS,ke-toan,D01,Điểm thi THPT,2022,16.0,Kế toán
108658,LNS,ke-toan,A00,Điểm học bạ,2023,18.0,Kế toán
108659,LNS,ke-toan,A01,Điểm học bạ,2023,18.0,Kế toán
108660,LNS,ke-toan,C15,Điểm học bạ,2023,18.0,Kế toán
108661,LNS,ke-toan,D01,Điểm học bạ,2023,18.0,Kế toán
108662,LNS,ke-toan,A00,Điểm thi THPT,2023,15.0,Kế toán
108663,LNS,ke-toan,A01,Điểm thi THPT,2023,15.0,Kế toán
108664,LNS,ke-toan,C15,Điểm thi THPT,2023,15.0,Kế toán
108665,LNS,ke-toan,D01,Điểm thi THPT,2023,15.0,Kế toán
108666,LNS,ke-toan,A00,Điểm học bạ,2024,18.0,Kế toán
108667,LNS,ke-toan,A01,Điểm học bạ,2024,18.0,Kế toán
108668,LNS,ke-toan,C15,Điểm học bạ,2024,18.0,Kế toán
108669,LNS,ke-toan,D01,Điểm học bạ,2024,18.0,Kế toán
108670,LNS,ke-toan,A00,Điểm thi THPT,2024,16.0,Kế toán
108671,LNS,ke-toan,A01,Điểm thi THPT,2024,16.0,Kế toán
108672,LNS,ke-toan,C15,Điểm thi THPT,2024,16.0,Kế toán
108673,LNS,ke-toan,D01,Điểm thi THPT,2024,16.0,Kế toán
108674,LNS,ke-toan,C00,Điểm học bạ,2025,18.8,Kế toán
108675,LNS,ke-toan,C03,Điểm học bạ,2025,18.8,Kế toán
108676,LNS,ke-toan,C04,Điểm học bạ,2025,18.8,Kế toán
108677,LNS,ke-toan,D01,Điểm học bạ,2025,18.8,Kế toán
108678,LNS,ke-toan,X01,Điểm học bạ,2025,18.8,Kế toán
108679,LNS,ke-toan,X02,Điểm học bạ,2025,18.8,Kế toán
108680,LNS,ke-toan,C00,Điểm thi THPT,2025,16.0,Kế toán
108681,LNS,ke-toan,C03,Điểm thi THPT,2025,16.0,Kế toán
108682,LNS,ke-toan,C04,Điểm thi THPT,2025,16.0,Kế toán
108683,LNS,ke-toan,D01,Điểm thi THPT,2025,16.0,Kế toán
108684,LNS,ke-toan,X01,Điểm thi THPT,2025,16.0,Kế toán
108685,LNS,ke-toan,X02,Điểm thi THPT,2025,16.0,Kế toán
108686,LNS,khoa-hoc-cay-trong,A00,Điểm thi THPT,2021,15.0,Khoa học cây trồng
108687,LNS,khoa-hoc-cay-trong,A01,Điểm thi THPT,2021,15.0,Khoa học cây trồng
108688,LNS,khoa-hoc-cay-trong,B00,Điểm thi THPT,2021,15.0,Khoa học cây trồng
108689,LNS,khoa-hoc-cay-trong,D01,Điểm thi THPT,2021,15.0,Khoa học cây trồng
108690,LNS,khoa-hoc-cay-trong,A00,Điểm học bạ,2022,18.0,Khoa học cây trồng
108691,LNS,khoa-hoc-cay-trong,A01,Điểm học bạ,2022,18.0,Khoa học cây trồng
108692,LNS,khoa-hoc-cay-trong,B00,Điểm học bạ,2022,18.0,Khoa học cây trồng
108693,LNS,khoa-hoc-cay-trong,D01,Điểm học bạ,2022,18.0,Khoa học cây trồng
108694,LNS,khoa-hoc-cay-trong,A00,Điểm thi THPT,2022,15.0,Khoa học cây trồng
108695,LNS,khoa-hoc-cay-trong,A01,Điểm thi THPT,2022,15.0,Khoa học cây trồng
108696,LNS,khoa-hoc-cay-trong,B00,Điểm thi THPT,2022,15.0,Khoa học cây trồng
108697,LNS,khoa-hoc-cay-trong,D01,Điểm thi THPT,2022,15.0,Khoa học cây trồng
108698,LNS,khoa-hoc-cay-trong,A00,Điểm học bạ,2023,18.0,Khoa học cây trồng
108699,LNS,khoa-hoc-cay-trong,B00,Điểm học bạ,2023,18.0,Khoa học cây trồng
108700,LNS,khoa-hoc-cay-trong,C15,Điểm học bạ,2023,18.0,Khoa học cây trồng
108701,LNS,khoa-hoc-cay-trong,D01,Điểm học bạ,2023,18.0,Khoa học cây trồng
108702,LNS,khoa-hoc-cay-trong,A00,Điểm thi THPT,2023,15.0,Khoa học cây trồng
108703,LNS,khoa-hoc-cay-trong,B00,Điểm thi THPT,2023,15.0,Khoa học cây trồng
108704,LNS,khoa-hoc-cay-trong,C15,Điểm thi THPT,2023,15.0,Khoa học cây trồng
108705,LNS,khoa-hoc-cay-trong,D01,Điểm thi THPT,2023,15.0,Khoa học cây trồng
108706,LNS,khoa-hoc-cay-trong,A00,Điểm học bạ,2024,18.0,Khoa học cây trồng
108707,LNS,khoa-hoc-cay-trong,B00,Điểm học bạ,2024,18.0,Khoa học cây trồng
108708,LNS,khoa-hoc-cay-trong,C15,Điểm học bạ,2024,18.0,Khoa học cây trồng
108709,LNS,khoa-hoc-cay-trong,D01,Điểm học bạ,2024,18.0,Khoa học cây trồng
108710,LNS,khoa-hoc-cay-trong,A00,Điểm thi THPT,2024,15.0,Khoa học cây trồng
108711,LNS,khoa-hoc-cay-trong,B00,Điểm thi THPT,2024,15.0,Khoa học cây trồng
108712,LNS,khoa-hoc-cay-trong,C15,Điểm thi THPT,2024,15.0,Khoa học cây trồng
108713,LNS,khoa-hoc-cay-trong,D01,Điểm thi THPT,2024,15.0,Khoa học cây trồng
108714,LNS,khoa-hoc-cay-trong,B00,Điểm học bạ,2025,18.0,Khoa học cây trồng
108715,LNS,khoa-hoc-cay-trong,B03,Điểm học bạ,2025,18.0,Khoa học cây trồng
108716,LNS,khoa-hoc-cay-trong,C02,Điểm học bạ,2025,18.0,Khoa học cây trồng
108717,LNS,khoa-hoc-cay-trong,D01,Điểm học bạ,2025,18.0,Khoa học cây trồng
108718,LNS,khoa-hoc-cay-trong,X02,Điểm học bạ,2025,18.0,Khoa học cây trồng
108719,LNS,khoa-hoc-cay-trong,X03,Điểm học bạ,2025,18.0,Khoa học cây trồng
108720,LNS,khoa-hoc-cay-trong,X04,Điểm học bạ,2025,18.0,Khoa học cây trồng
108721,LNS,khoa-hoc-cay-trong,B00,Điểm thi THPT,2025,15.0,Khoa học cây trồng
108722,LNS,khoa-hoc-cay-trong,B03,Điểm thi THPT,2025,15.0,Khoa học cây trồng
108723,LNS,khoa-hoc-cay-trong,C02,Điểm thi THPT,2025,15.0,Khoa học cây trồng
108724,LNS,khoa-hoc-cay-trong,D01,Điểm thi THPT,2025,15.0,Khoa học cây trồng
108725,LNS,khoa-hoc-cay-trong,X02,Điểm thi THPT,2025,15.0,Khoa học cây trồng
108726,LNS,khoa-hoc-cay-trong,X03,Điểm thi THPT,2025,15.0,Khoa học cây trồng
108727,LNS,khoa-hoc-cay-trong,X04,Điểm thi THPT,2025,15.0,Khoa học cây trồng
108728,LNS,lam-sinh,A00,Điểm thi THPT,2021,15.0,Lâm sinh
108729,LNS,lam-sinh,A01,Điểm thi THPT,2021,15.0,Lâm sinh
108730,LNS,lam-sinh,B00,Điểm thi THPT,2021,15.0,Lâm sinh
108731,LNS,lam-sinh,D01,Điểm thi THPT,2021,15.0,Lâm sinh
108732,LNS,lam-sinh,A00,Điểm học bạ,2022,18.0,Lâm sinh
108733,LNS,lam-sinh,A01,Điểm học bạ,2022,18.0,Lâm sinh
108734,LNS,lam-sinh,B00,Điểm học bạ,2022,18.0,Lâm sinh
108735,LNS,lam-sinh,C15,Điểm học bạ,2022,18.0,Lâm sinh
108736,LNS,lam-sinh,D01,Điểm học bạ,2022,18.0,Lâm sinh
108737,LNS,lam-sinh,A00,Điểm thi THPT,2022,15.0,Lâm sinh
108738,LNS,lam-sinh,A01,Điểm thi THPT,2022,15.0,Lâm sinh
108739,LNS,lam-sinh,B00,Điểm thi THPT,2022,15.0,Lâm sinh
108740,LNS,lam-sinh,C15,Điểm thi THPT,2022,15.0,Lâm sinh
108741,LNS,lam-sinh,D01,Điểm thi THPT,2022,15.0,Lâm sinh
108742,LNS,lam-sinh,A00,Điểm học bạ,2023,18.0,Lâm sinh
108743,LNS,lam-sinh,B00,Điểm học bạ,2023,18.0,Lâm sinh
108744,LNS,lam-sinh,C15,Điểm học bạ,2023,18.0,Lâm sinh
108745,LNS,lam-sinh,D01,Điểm học bạ,2023,18.0,Lâm sinh
108746,LNS,lam-sinh,A00,Điểm thi THPT,2023,15.0,Lâm sinh
108747,LNS,lam-sinh,B00,Điểm thi THPT,2023,15.0,Lâm sinh
108748,LNS,lam-sinh,C15,Điểm thi THPT,2023,15.0,Lâm sinh
108749,LNS,lam-sinh,D01,Điểm thi THPT,2023,15.0,Lâm sinh
108750,LNS,lam-sinh,A00,Điểm học bạ,2024,18.0,Lâm sinh
108751,LNS,lam-sinh,B00,Điểm học bạ,2024,18.0,Lâm sinh
108752,LNS,lam-sinh,C15,Điểm học bạ,2024,18.0,Lâm sinh
108753,LNS,lam-sinh,D01,Điểm học bạ,2024,18.0,Lâm sinh
108754,LNS,lam-sinh,A00,Điểm thi THPT,2024,15.0,Lâm sinh
108755,LNS,lam-sinh,B00,Điểm thi THPT,2024,15.0,Lâm sinh
108756,LNS,lam-sinh,C15,Điểm thi THPT,2024,15.0,Lâm sinh
108757,LNS,lam-sinh,D01,Điểm thi THPT,2024,15.0,Lâm sinh
108758,LNS,lam-sinh,B00,Điểm học bạ,2025,18.0,Lâm sinh
108759,LNS,lam-sinh,B03,Điểm học bạ,2025,18.0,Lâm sinh
108760,LNS,lam-sinh,C02,Điểm học bạ,2025,18.0,Lâm sinh
108761,LNS,lam-sinh,D01,Điểm học bạ,2025,18.0,Lâm sinh
108762,LNS,lam-sinh,X02,Điểm học bạ,2025,18.0,Lâm sinh
108763,LNS,lam-sinh,X03,Điểm học bạ,2025,18.0,Lâm sinh
108764,LNS,lam-sinh,X04,Điểm học bạ,2025,18.0,Lâm sinh
108765,LNS,lam-sinh,B00,Điểm thi THPT,2025,15.0,Lâm sinh
108766,LNS,lam-sinh,B03,Điểm thi THPT,2025,15.0,Lâm sinh
108767,LNS,lam-sinh,C02,Điểm thi THPT,2025,15.0,Lâm sinh
108768,LNS,lam-sinh,D01,Điểm thi THPT,2025,15.0,Lâm sinh
108769,LNS,lam-sinh,X02,Điểm thi THPT,2025,15.0,Lâm sinh
108770,LNS,lam-sinh,X03,Điểm thi THPT,2025,15.0,Lâm sinh
108771,LNS,lam-sinh,X04,Điểm thi THPT,2025,15.0,Lâm sinh
108772,LNS,logistics-quan-ly-chuoi-cung-ung,A00,Điểm học bạ,2023,18.0,Logistics & Quản lý chuỗi cung ứng
108773,LNS,logistics-quan-ly-chuoi-cung-ung,A01,Điểm học bạ,2023,18.0,Logistics & Quản lý chuỗi cung ứng
108774,LNS,logistics-quan-ly-chuoi-cung-ung,C15,Điểm học bạ,2023,18.0,Logistics & Quản lý chuỗi cung ứng
108775,LNS,logistics-quan-ly-chuoi-cung-ung,D01,Điểm học bạ,2023,18.0,Logistics & Quản lý chuỗi cung ứng
108776,LNS,logistics-quan-ly-chuoi-cung-ung,A00,Điểm thi THPT,2023,15.0,Logistics & Quản lý chuỗi cung ứng
108777,LNS,logistics-quan-ly-chuoi-cung-ung,A01,Điểm thi THPT,2023,15.0,Logistics & Quản lý chuỗi cung ứng
108778,LNS,logistics-quan-ly-chuoi-cung-ung,C15,Điểm thi THPT,2023,15.0,Logistics & Quản lý chuỗi cung ứng
108779,LNS,logistics-quan-ly-chuoi-cung-ung,D01,Điểm thi THPT,2023,15.0,Logistics & Quản lý chuỗi cung ứng
108780,LNS,logistics-quan-ly-chuoi-cung-ung,A00,Điểm thi THPT,2024,16.0,Logistics & Quản lý chuỗi cung ứng
108781,LNS,logistics-quan-ly-chuoi-cung-ung,A01,Điểm thi THPT,2024,16.0,Logistics & Quản lý chuỗi cung ứng
108782,LNS,logistics-quan-ly-chuoi-cung-ung,C15,Điểm thi THPT,2024,16.0,Logistics & Quản lý chuỗi cung ứng
108783,LNS,logistics-quan-ly-chuoi-cung-ung,D01,Điểm thi THPT,2024,16.0,Logistics & Quản lý chuỗi cung ứng
108784,LNS,logistics-quan-ly-chuoi-cung-ung,C00,Điểm học bạ,2025,18.8,Logistics & quản lý chuỗi cung ứng
108785,LNS,logistics-quan-ly-chuoi-cung-ung,C03,Điểm học bạ,2025,18.8,Logistics & quản lý chuỗi cung ứng
108786,LNS,logistics-quan-ly-chuoi-cung-ung,C04,Điểm học bạ,2025,18.8,Logistics & quản lý chuỗi cung ứng
108787,LNS,logistics-quan-ly-chuoi-cung-ung,D01,Điểm học bạ,2025,18.8,Logistics & quản lý chuỗi cung ứng
108788,LNS,logistics-quan-ly-chuoi-cung-ung,X01,Điểm học bạ,2025,18.8,Logistics & quản lý chuỗi cung ứng
108789,LNS,logistics-quan-ly-chuoi-cung-ung,X02,Điểm học bạ,2025,18.8,Logistics & quản lý chuỗi cung ứng
108790,LNS,logistics-quan-ly-chuoi-cung-ung,C00,Điểm thi THPT,2025,16.0,Logistics & quản lý chuỗi cung ứng
108791,LNS,logistics-quan-ly-chuoi-cung-ung,C03,Điểm thi THPT,2025,16.0,Logistics & quản lý chuỗi cung ứng
108792,LNS,logistics-quan-ly-chuoi-cung-ung,C04,Điểm thi THPT,2025,16.0,Logistics & quản lý chuỗi cung ứng
108793,LNS,logistics-quan-ly-chuoi-cung-ung,D01,Điểm thi THPT,2025,16.0,Logistics & quản lý chuỗi cung ứng
108794,LNS,logistics-quan-ly-chuoi-cung-ung,X01,Điểm thi THPT,2025,16.0,Logistics & quản lý chuỗi cung ứng
108795,LNS,logistics-quan-ly-chuoi-cung-ung,X02,Điểm thi THPT,2025,16.0,Logistics & quản lý chuỗi cung ứng
108796,LNS,logistics-va-quan-ly-chuoi-cung-ung,A00,Điểm học bạ,2024,18.0,Logistics và Quản lý chuỗi cung ứng
108797,LNS,logistics-va-quan-ly-chuoi-cung-ung,A01,Điểm học bạ,2024,18.0,Logistics và Quản lý chuỗi cung ứng
108798,LNS,logistics-va-quan-ly-chuoi-cung-ung,C15,Điểm học bạ,2024,18.0,Logistics và Quản lý chuỗi cung ứng
108799,LNS,logistics-va-quan-ly-chuoi-cung-ung,D01,Điểm học bạ,2024,18.0,Logistics và Quản lý chuỗi cung ứng
108800,LNS,quan-li-dat-dai,A00,Điểm học bạ,2025,18.0,Quản lí đất đai
108801,LNS,quan-li-dat-dai,A01,Điểm học bạ,2025,18.0,Quản lí đất đai
108802,LNS,quan-li-dat-dai,C01,Điểm học bạ,2025,18.0,Quản lí đất đai
108803,LNS,quan-li-dat-dai,D01,Điểm học bạ,2025,18.0,Quản lí đất đai
108804,LNS,quan-li-dat-dai,X02,Điểm học bạ,2025,18.0,Quản lí đất đai
108805,LNS,quan-li-dat-dai,X03,Điểm học bạ,2025,18.0,Quản lí đất đai
108806,LNS,quan-li-dat-dai,X04,Điểm học bạ,2025,18.0,Quản lí đất đai
108807,LNS,quan-li-dat-dai,A00,Điểm thi THPT,2025,15.0,Quản lí đất đai
108808,LNS,quan-li-dat-dai,A01,Điểm thi THPT,2025,15.0,Quản lí đất đai
108809,LNS,quan-li-dat-dai,C01,Điểm thi THPT,2025,15.0,Quản lí đất đai
108810,LNS,quan-li-dat-dai,D01,Điểm thi THPT,2025,15.0,Quản lí đất đai
108811,LNS,quan-li-dat-dai,X02,Điểm thi THPT,2025,15.0,Quản lí đất đai
108812,LNS,quan-li-dat-dai,X03,Điểm thi THPT,2025,15.0,Quản lí đất đai
108813,LNS,quan-li-dat-dai,X04,Điểm thi THPT,2025,15.0,Quản lí đất đai
108814,LNS,quan-li-tai-nguyen-moi-truong,A00,Điểm học bạ,2023,18.0,Quản lí tài nguyên & môi trường
108815,LNS,quan-li-tai-nguyen-moi-truong,B00,Điểm học bạ,2023,18.0,Quản lí tài nguyên & môi trường
108816,LNS,quan-li-tai-nguyen-moi-truong,C15,Điểm học bạ,2023,18.0,Quản lí tài nguyên & môi trường
108817,LNS,quan-li-tai-nguyen-moi-truong,D01,Điểm học bạ,2023,18.0,Quản lí tài nguyên & môi trường
108818,LNS,quan-li-tai-nguyen-moi-truong,A00,Điểm thi THPT,2023,15.0,Quản lí tài nguyên & môi trường
108819,LNS,quan-li-tai-nguyen-moi-truong,B00,Điểm thi THPT,2023,15.0,Quản lí tài nguyên & môi trường
108820,LNS,quan-li-tai-nguyen-moi-truong,C15,Điểm thi THPT,2023,15.0,Quản lí tài nguyên & môi trường
108821,LNS,quan-li-tai-nguyen-moi-truong,D01,Điểm thi THPT,2023,15.0,Quản lí tài nguyên & môi trường
108822,LNS,quan-li-tai-nguyen-moi-truong,A00,Điểm thi THPT,2024,16.0,Quản lí tài nguyên & môi trường
108823,LNS,quan-li-tai-nguyen-moi-truong,B00,Điểm thi THPT,2024,16.0,Quản lí tài nguyên & môi trường
108824,LNS,quan-li-tai-nguyen-moi-truong,C15,Điểm thi THPT,2024,16.0,Quản lí tài nguyên & môi trường
108825,LNS,quan-li-tai-nguyen-moi-truong,D01,Điểm thi THPT,2024,16.0,Quản lí tài nguyên & môi trường
108826,LNS,quan-li-tai-nguyen-moi-truong,B00,Điểm học bạ,2025,18.0,Quản lí tài nguyên & Môi trường
108827,LNS,quan-li-tai-nguyen-moi-truong,B03,Điểm học bạ,2025,18.0,Quản lí tài nguyên & Môi trường
108828,LNS,quan-li-tai-nguyen-moi-truong,C02,Điểm học bạ,2025,18.0,Quản lí tài nguyên & Môi trường
108829,LNS,quan-li-tai-nguyen-moi-truong,D01,Điểm học bạ,2025,18.0,Quản lí tài nguyên & Môi trường
108830,LNS,quan-li-tai-nguyen-moi-truong,X02,Điểm học bạ,2025,18.0,Quản lí tài nguyên & Môi trường
108831,LNS,quan-li-tai-nguyen-moi-truong,X03,Điểm học bạ,2025,18.0,Quản lí tài nguyên & Môi trường
108832,LNS,quan-li-tai-nguyen-moi-truong,X04,Điểm học bạ,2025,18.0,Quản lí tài nguyên & Môi trường
108833,LNS,quan-li-tai-nguyen-moi-truong,B00,Điểm thi THPT,2025,15.0,Quản lí tài nguyên & Môi trường
108834,LNS,quan-li-tai-nguyen-moi-truong,B03,Điểm thi THPT,2025,15.0,Quản lí tài nguyên & Môi trường
108835,LNS,quan-li-tai-nguyen-moi-truong,C02,Điểm thi THPT,2025,15.0,Quản lí tài nguyên & Môi trường
108836,LNS,quan-li-tai-nguyen-moi-truong,D01,Điểm thi THPT,2025,15.0,Quản lí tài nguyên & Môi trường
108837,LNS,quan-li-tai-nguyen-moi-truong,X02,Điểm thi THPT,2025,15.0,Quản lí tài nguyên & Môi trường
108838,LNS,quan-li-tai-nguyen-moi-truong,X03,Điểm thi THPT,2025,15.0,Quản lí tài nguyên & Môi trường
108839,LNS,quan-li-tai-nguyen-moi-truong,X04,Điểm thi THPT,2025,15.0,Quản lí tài nguyên & Môi trường
108840,LNS,quan-li-tai-nguyen-mt,A00,Điểm thi THPT,2021,15.0,Quản lí tài nguyên & MT
108841,LNS,quan-li-tai-nguyen-mt,A01,Điểm thi THPT,2021,15.0,Quản lí tài nguyên & MT
108842,LNS,quan-li-tai-nguyen-mt,B00,Điểm thi THPT,2021,15.0,Quản lí tài nguyên & MT
108843,LNS,quan-li-tai-nguyen-mt,D01,Điểm thi THPT,2021,15.0,Quản lí tài nguyên & MT
108844,LNS,quan-li-tai-nguyen-rung,A00,Điểm thi THPT,2021,15.0,Quản lí tài nguyên rừng
108845,LNS,quan-li-tai-nguyen-rung,A01,Điểm thi THPT,2021,15.0,Quản lí tài nguyên rừng
108846,LNS,quan-li-tai-nguyen-rung,B00,Điểm thi THPT,2021,15.0,Quản lí tài nguyên rừng
108847,LNS,quan-li-tai-nguyen-rung,D01,Điểm thi THPT,2021,15.0,Quản lí tài nguyên rừng
108848,LNS,quan-li-tai-nguyen-rung,A00,Điểm học bạ,2023,18.0,Quản lí tài nguyên rừng
108849,LNS,quan-li-tai-nguyen-rung,B00,Điểm học bạ,2023,18.0,Quản lí tài nguyên rừng
108850,LNS,quan-li-tai-nguyen-rung,C15,Điểm học bạ,2023,18.0,Quản lí tài nguyên rừng
108851,LNS,quan-li-tai-nguyen-rung,D01,Điểm học bạ,2023,18.0,Quản lí tài nguyên rừng
108852,LNS,quan-li-tai-nguyen-rung,A00,Điểm thi THPT,2023,15.0,Quản lí tài nguyên rừng
108853,LNS,quan-li-tai-nguyen-rung,B00,Điểm thi THPT,2023,15.0,Quản lí tài nguyên rừng
108854,LNS,quan-li-tai-nguyen-rung,C15,Điểm thi THPT,2023,15.0,Quản lí tài nguyên rừng
108855,LNS,quan-li-tai-nguyen-rung,D01,Điểm thi THPT,2023,15.0,Quản lí tài nguyên rừng
108856,LNS,quan-li-tai-nguyen-rung,A00,Điểm thi THPT,2024,16.0,Quản lí tài nguyên rừng
108857,LNS,quan-li-tai-nguyen-rung,B00,Điểm thi THPT,2024,16.0,Quản lí tài nguyên rừng
108858,LNS,quan-li-tai-nguyen-rung,C15,Điểm thi THPT,2024,16.0,Quản lí tài nguyên rừng
108859,LNS,quan-li-tai-nguyen-rung,D01,Điểm thi THPT,2024,16.0,Quản lí tài nguyên rừng
108860,LNS,quan-li-tai-nguyen-rung,B00,Điểm học bạ,2025,18.0,Quản lí tài nguyên rừng
108861,LNS,quan-li-tai-nguyen-rung,B03,Điểm học bạ,2025,18.0,Quản lí tài nguyên rừng
108862,LNS,quan-li-tai-nguyen-rung,C02,Điểm học bạ,2025,18.0,Quản lí tài nguyên rừng
108863,LNS,quan-li-tai-nguyen-rung,D01,Điểm học bạ,2025,18.0,Quản lí tài nguyên rừng
108864,LNS,quan-li-tai-nguyen-rung,X02,Điểm học bạ,2025,18.0,Quản lí tài nguyên rừng
108865,LNS,quan-li-tai-nguyen-rung,X03,Điểm học bạ,2025,18.0,Quản lí tài nguyên rừng
108866,LNS,quan-li-tai-nguyen-rung,X04,Điểm học bạ,2025,18.0,Quản lí tài nguyên rừng
108867,LNS,quan-li-tai-nguyen-rung,B00,Điểm thi THPT,2025,15.0,Quản lí tài nguyên rừng
108868,LNS,quan-li-tai-nguyen-rung,B03,Điểm thi THPT,2025,15.0,Quản lí tài nguyên rừng
108869,LNS,quan-li-tai-nguyen-rung,C02,Điểm thi THPT,2025,15.0,Quản lí tài nguyên rừng
108870,LNS,quan-li-tai-nguyen-rung,D01,Điểm thi THPT,2025,15.0,Quản lí tài nguyên rừng
108871,LNS,quan-li-tai-nguyen-rung,X02,Điểm thi THPT,2025,15.0,Quản lí tài nguyên rừng
108872,LNS,quan-li-tai-nguyen-rung,X03,Điểm thi THPT,2025,15.0,Quản lí tài nguyên rừng
108873,LNS,quan-li-tai-nguyen-rung,X04,Điểm thi THPT,2025,15.0,Quản lí tài nguyên rừng
108874,LNS,quan-ly-dat-dai,A00,Điểm thi THPT,2021,15.0,Quản lý đất đai
108875,LNS,quan-ly-dat-dai,A01,Điểm thi THPT,2021,15.0,Quản lý đất đai
108876,LNS,quan-ly-dat-dai,B00,Điểm thi THPT,2021,15.0,Quản lý đất đai
108877,LNS,quan-ly-dat-dai,D01,Điểm thi THPT,2021,15.0,Quản lý đất đai
108878,LNS,quan-ly-dat-dai,A00,Điểm học bạ,2022,18.0,Quản lý đất đai
108879,LNS,quan-ly-dat-dai,A01,Điểm học bạ,2022,18.0,Quản lý đất đai
108880,LNS,quan-ly-dat-dai,B00,Điểm học bạ,2022,18.0,Quản lý đất đai
108881,LNS,quan-ly-dat-dai,C15,Điểm học bạ,2022,18.0,Quản lý đất đai
108882,LNS,quan-ly-dat-dai,D01,Điểm học bạ,2022,18.0,Quản lý đất đai
108883,LNS,quan-ly-dat-dai,A00,Điểm thi THPT,2022,16.0,Quản lý đất đai
108884,LNS,quan-ly-dat-dai,A01,Điểm thi THPT,2022,16.0,Quản lý đất đai
108885,LNS,quan-ly-dat-dai,B00,Điểm thi THPT,2022,16.0,Quản lý đất đai
108886,LNS,quan-ly-dat-dai,C15,Điểm thi THPT,2022,16.0,Quản lý đất đai
108887,LNS,quan-ly-dat-dai,D01,Điểm thi THPT,2022,16.0,Quản lý đất đai
108888,LNS,quan-ly-dat-dai,A00,Điểm học bạ,2023,18.0,Quản lý đất đai
108889,LNS,quan-ly-dat-dai,B00,Điểm học bạ,2023,18.0,Quản lý đất đai
108890,LNS,quan-ly-dat-dai,C15,Điểm học bạ,2023,18.0,Quản lý đất đai
108891,LNS,quan-ly-dat-dai,D01,Điểm học bạ,2023,18.0,Quản lý đất đai
108892,LNS,quan-ly-dat-dai,A00,Điểm thi THPT,2023,15.0,Quản lý đất đai
108893,LNS,quan-ly-dat-dai,B00,Điểm thi THPT,2023,15.0,Quản lý đất đai
108894,LNS,quan-ly-dat-dai,C15,Điểm thi THPT,2023,15.0,Quản lý đất đai
108895,LNS,quan-ly-dat-dai,D01,Điểm thi THPT,2023,15.0,Quản lý đất đai
108896,LNS,quan-ly-dat-dai,A00,Điểm học bạ,2024,18.0,Quản lý đất đai
108897,LNS,quan-ly-dat-dai,B00,Điểm học bạ,2024,18.0,Quản lý đất đai
108898,LNS,quan-ly-dat-dai,C15,Điểm học bạ,2024,18.0,Quản lý đất đai
108899,LNS,quan-ly-dat-dai,D01,Điểm học bạ,2024,18.0,Quản lý đất đai
108900,LNS,quan-ly-dat-dai,A00,Điểm thi THPT,2024,16.0,Quản lý đất đai
108901,LNS,quan-ly-dat-dai,B00,Điểm thi THPT,2024,16.0,Quản lý đất đai
108902,LNS,quan-ly-dat-dai,C15,Điểm thi THPT,2024,16.0,Quản lý đất đai
108903,LNS,quan-ly-dat-dai,D01,Điểm thi THPT,2024,16.0,Quản lý đất đai
108904,LNS,quan-ly-tai-nguyen-moi-truong,A00,Điểm học bạ,2022,18.0,Quản lý tài nguyên & môi trường
108905,LNS,quan-ly-tai-nguyen-moi-truong,A01,Điểm học bạ,2022,18.0,Quản lý tài nguyên & môi trường
108906,LNS,quan-ly-tai-nguyen-moi-truong,B00,Điểm học bạ,2022,18.0,Quản lý tài nguyên & môi trường
108907,LNS,quan-ly-tai-nguyen-moi-truong,C15,Điểm học bạ,2022,18.0,Quản lý tài nguyên & môi trường
108908,LNS,quan-ly-tai-nguyen-moi-truong,D01,Điểm học bạ,2022,18.0,Quản lý tài nguyên & môi trường
108909,LNS,quan-ly-tai-nguyen-moi-truong,A00,Điểm thi THPT,2022,15.0,Quản lý tài nguyên & môi trường
108910,LNS,quan-ly-tai-nguyen-moi-truong,A01,Điểm thi THPT,2022,15.0,Quản lý tài nguyên & môi trường
108911,LNS,quan-ly-tai-nguyen-moi-truong,B00,Điểm thi THPT,2022,15.0,Quản lý tài nguyên & môi trường
108912,LNS,quan-ly-tai-nguyen-moi-truong,C15,Điểm thi THPT,2022,15.0,Quản lý tài nguyên & môi trường
108913,LNS,quan-ly-tai-nguyen-moi-truong,D01,Điểm thi THPT,2022,15.0,Quản lý tài nguyên & môi trường
108914,LNS,quan-ly-tai-nguyen-moi-truong,A00,Điểm học bạ,2024,18.0,Quản lý tài nguyên & môi trường
108915,LNS,quan-ly-tai-nguyen-moi-truong,B00,Điểm học bạ,2024,18.0,Quản lý tài nguyên & môi trường
108916,LNS,quan-ly-tai-nguyen-moi-truong,C15,Điểm học bạ,2024,18.0,Quản lý tài nguyên & môi trường
108917,LNS,quan-ly-tai-nguyen-moi-truong,D01,Điểm học bạ,2024,18.0,Quản lý tài nguyên & môi trường
108918,LNS,quan-ly-tai-nguyen-rung,A00,Điểm học bạ,2022,18.0,Quản lý tài nguyên rừng
108919,LNS,quan-ly-tai-nguyen-rung,A01,Điểm học bạ,2022,18.0,Quản lý tài nguyên rừng
108920,LNS,quan-ly-tai-nguyen-rung,B00,Điểm học bạ,2022,18.0,Quản lý tài nguyên rừng
108921,LNS,quan-ly-tai-nguyen-rung,C15,Điểm học bạ,2022,18.0,Quản lý tài nguyên rừng
108922,LNS,quan-ly-tai-nguyen-rung,D01,Điểm học bạ,2022,18.0,Quản lý tài nguyên rừng
108923,LNS,quan-ly-tai-nguyen-rung,A00,Điểm thi THPT,2022,15.0,Quản lý tài nguyên rừng
108924,LNS,quan-ly-tai-nguyen-rung,A01,Điểm thi THPT,2022,15.0,Quản lý tài nguyên rừng
108925,LNS,quan-ly-tai-nguyen-rung,B00,Điểm thi THPT,2022,15.0,Quản lý tài nguyên rừng
108926,LNS,quan-ly-tai-nguyen-rung,C15,Điểm thi THPT,2022,15.0,Quản lý tài nguyên rừng
108927,LNS,quan-ly-tai-nguyen-rung,D01,Điểm thi THPT,2022,15.0,Quản lý tài nguyên rừng
108928,LNS,quan-ly-tai-nguyen-rung,A00,Điểm học bạ,2024,18.0,Quản lý tài nguyên rừng
108929,LNS,quan-ly-tai-nguyen-rung,B00,Điểm học bạ,2024,18.0,Quản lý tài nguyên rừng
108930,LNS,quan-ly-tai-nguyen-rung,C15,Điểm học bạ,2024,18.0,Quản lý tài nguyên rừng
108931,LNS,quan-ly-tai-nguyen-rung,D01,Điểm học bạ,2024,18.0,Quản lý tài nguyên rừng
108932,LNS,quan-tri-dich-vu-du-lich-lu-hanh,A00,Điểm học bạ,2023,18.0,Quản trị dịch vụ du lịch & lữ hành
108933,LNS,quan-tri-dich-vu-du-lich-lu-hanh,A01,Điểm học bạ,2023,18.0,Quản trị dịch vụ du lịch & lữ hành
108934,LNS,quan-tri-dich-vu-du-lich-lu-hanh,C15,Điểm học bạ,2023,18.0,Quản trị dịch vụ du lịch & lữ hành
108935,LNS,quan-tri-dich-vu-du-lich-lu-hanh,D01,Điểm học bạ,2023,18.0,Quản trị dịch vụ du lịch & lữ hành
108936,LNS,quan-tri-dich-vu-du-lich-lu-hanh,A00,Điểm thi THPT,2023,15.0,Quản trị dịch vụ du lịch & lữ hành
108937,LNS,quan-tri-dich-vu-du-lich-lu-hanh,A01,Điểm thi THPT,2023,15.0,Quản trị dịch vụ du lịch & lữ hành
108938,LNS,quan-tri-dich-vu-du-lich-lu-hanh,C15,Điểm thi THPT,2023,15.0,Quản trị dịch vụ du lịch & lữ hành
108939,LNS,quan-tri-dich-vu-du-lich-lu-hanh,D01,Điểm thi THPT,2023,15.0,Quản trị dịch vụ du lịch & lữ hành
108940,LNS,quan-tri-dich-vu-du-lich-lu-hanh,A00,Điểm học bạ,2024,18.0,Quản trị dịch vụ du lịch & lữ hành
108941,LNS,quan-tri-dich-vu-du-lich-lu-hanh,A01,Điểm học bạ,2024,18.0,Quản trị dịch vụ du lịch & lữ hành
108942,LNS,quan-tri-dich-vu-du-lich-lu-hanh,C15,Điểm học bạ,2024,18.0,Quản trị dịch vụ du lịch & lữ hành
108943,LNS,quan-tri-dich-vu-du-lich-lu-hanh,D01,Điểm học bạ,2024,18.0,Quản trị dịch vụ du lịch & lữ hành
108944,LNS,quan-tri-dich-vu-du-lich-lu-hanh,A00,Điểm thi THPT,2024,16.0,Quản trị dịch vụ du lịch & lữ hành
108945,LNS,quan-tri-dich-vu-du-lich-lu-hanh,A01,Điểm thi THPT,2024,16.0,Quản trị dịch vụ du lịch & lữ hành
108946,LNS,quan-tri-dich-vu-du-lich-lu-hanh,C15,Điểm thi THPT,2024,16.0,Quản trị dịch vụ du lịch & lữ hành
108947,LNS,quan-tri-dich-vu-du-lich-lu-hanh,D01,Điểm thi THPT,2024,16.0,Quản trị dịch vụ du lịch & lữ hành
108948,LNS,quan-tri-dich-vu-du-lich-lu-hanh,C00,Điểm học bạ,2025,18.0,Quản trị dịch vụ du lịch & lữ hành
108949,LNS,quan-tri-dich-vu-du-lich-lu-hanh,C03,Điểm học bạ,2025,18.0,Quản trị dịch vụ du lịch & lữ hành
108950,LNS,quan-tri-dich-vu-du-lich-lu-hanh,C04,Điểm học bạ,2025,18.0,Quản trị dịch vụ du lịch & lữ hành
108951,LNS,quan-tri-dich-vu-du-lich-lu-hanh,D01,Điểm học bạ,2025,18.0,Quản trị dịch vụ du lịch & lữ hành
108952,LNS,quan-tri-dich-vu-du-lich-lu-hanh,X01,Điểm học bạ,2025,18.0,Quản trị dịch vụ du lịch & lữ hành
108953,LNS,quan-tri-dich-vu-du-lich-lu-hanh,X02,Điểm học bạ,2025,18.0,Quản trị dịch vụ du lịch & lữ hành
108954,LNS,quan-tri-dich-vu-du-lich-lu-hanh,C00,Điểm thi THPT,2025,15.0,Quản trị dịch vụ du lịch & lữ hành
108955,LNS,quan-tri-dich-vu-du-lich-lu-hanh,C03,Điểm thi THPT,2025,15.0,Quản trị dịch vụ du lịch & lữ hành
108956,LNS,quan-tri-dich-vu-du-lich-lu-hanh,C04,Điểm thi THPT,2025,15.0,Quản trị dịch vụ du lịch & lữ hành
108957,LNS,quan-tri-dich-vu-du-lich-lu-hanh,D01,Điểm thi THPT,2025,15.0,Quản trị dịch vụ du lịch & lữ hành
108958,LNS,quan-tri-dich-vu-du-lich-lu-hanh,X01,Điểm thi THPT,2025,15.0,Quản trị dịch vụ du lịch & lữ hành
108959,LNS,quan-tri-dich-vu-du-lich-lu-hanh,X02,Điểm thi THPT,2025,15.0,Quản trị dịch vụ du lịch & lữ hành
108960,LNS,quan-tri-kinh-doanh,A00,Điểm thi THPT,2021,15.0,Quản trị kinh doanh
108961,LNS,quan-tri-kinh-doanh,A01,Điểm thi THPT,2021,15.0,Quản trị kinh doanh
108962,LNS,quan-tri-kinh-doanh,C15,Điểm thi THPT,2021,15.0,Quản trị kinh doanh
108963,LNS,quan-tri-kinh-doanh,D01,Điểm thi THPT,2021,15.0,Quản trị kinh doanh
108964,LNS,quan-tri-kinh-doanh,A00,Điểm học bạ,2022,18.0,Quản trị kinh doanh
108965,LNS,quan-tri-kinh-doanh,A01,Điểm học bạ,2022,18.0,Quản trị kinh doanh
108966,LNS,quan-tri-kinh-doanh,C15,Điểm học bạ,2022,18.0,Quản trị kinh doanh
108967,LNS,quan-tri-kinh-doanh,D02,Điểm học bạ,2022,18.0,Quản trị kinh doanh
108968,LNS,quan-tri-kinh-doanh,A00,Điểm thi THPT,2022,16.0,Quản trị kinh doanh
108969,LNS,quan-tri-kinh-doanh,A01,Điểm thi THPT,2022,16.0,Quản trị kinh doanh
108970,LNS,quan-tri-kinh-doanh,C15,Điểm thi THPT,2022,16.0,Quản trị kinh doanh
108971,LNS,quan-tri-kinh-doanh,D02,Điểm thi THPT,2022,16.0,Quản trị kinh doanh
108972,LNS,quan-tri-kinh-doanh,A00,Điểm học bạ,2023,18.0,Quản trị kinh doanh
108973,LNS,quan-tri-kinh-doanh,A01,Điểm học bạ,2023,18.0,Quản trị kinh doanh
108974,LNS,quan-tri-kinh-doanh,C15,Điểm học bạ,2023,18.0,Quản trị kinh doanh
108975,LNS,quan-tri-kinh-doanh,D01,Điểm học bạ,2023,18.0,Quản trị kinh doanh
108976,LNS,quan-tri-kinh-doanh,A00,Điểm thi THPT,2023,15.0,Quản trị kinh doanh
108977,LNS,quan-tri-kinh-doanh,A01,Điểm thi THPT,2023,15.0,Quản trị kinh doanh
108978,LNS,quan-tri-kinh-doanh,C15,Điểm thi THPT,2023,15.0,Quản trị kinh doanh
108979,LNS,quan-tri-kinh-doanh,D01,Điểm thi THPT,2023,15.0,Quản trị kinh doanh
108980,LNS,quan-tri-kinh-doanh,A00,Điểm học bạ,2024,18.0,Quản trị kinh doanh
108981,LNS,quan-tri-kinh-doanh,A01,Điểm học bạ,2024,18.0,Quản trị kinh doanh
108982,LNS,quan-tri-kinh-doanh,C15,Điểm học bạ,2024,18.0,Quản trị kinh doanh
108983,LNS,quan-tri-kinh-doanh,D01,Điểm học bạ,2024,18.0,Quản trị kinh doanh
108984,LNS,quan-tri-kinh-doanh,A00,Điểm thi THPT,2024,16.0,Quản trị kinh doanh
108985,LNS,quan-tri-kinh-doanh,A01,Điểm thi THPT,2024,16.0,Quản trị kinh doanh
108986,LNS,quan-tri-kinh-doanh,C15,Điểm thi THPT,2024,16.0,Quản trị kinh doanh
108987,LNS,quan-tri-kinh-doanh,D01,Điểm thi THPT,2024,16.0,Quản trị kinh doanh
108988,LNS,quan-tri-kinh-doanh,C00,Điểm học bạ,2025,18.8,Quản trị kinh doanh
108989,LNS,quan-tri-kinh-doanh,C03,Điểm học bạ,2025,18.8,Quản trị kinh doanh
108990,LNS,quan-tri-kinh-doanh,C04,Điểm học bạ,2025,18.8,Quản trị kinh doanh
108991,LNS,quan-tri-kinh-doanh,D01,Điểm học bạ,2025,18.8,Quản trị kinh doanh
108992,LNS,quan-tri-kinh-doanh,X01,Điểm học bạ,2025,18.8,Quản trị kinh doanh
108993,LNS,quan-tri-kinh-doanh,X02,Điểm học bạ,2025,18.8,Quản trị kinh doanh
108994,LNS,quan-tri-kinh-doanh,C00,Điểm thi THPT,2025,16.0,Quản trị kinh doanh
108995,LNS,quan-tri-kinh-doanh,C03,Điểm thi THPT,2025,16.0,Quản trị kinh doanh
108996,LNS,quan-tri-kinh-doanh,C04,Điểm thi THPT,2025,16.0,Quản trị kinh doanh
108997,LNS,quan-tri-kinh-doanh,D01,Điểm thi THPT,2025,16.0,Quản trị kinh doanh
108998,LNS,quan-tri-kinh-doanh,X01,Điểm thi THPT,2025,16.0,Quản trị kinh doanh
108999,LNS,quan-tri-kinh-doanh,X02,Điểm thi THPT,2025,16.0,Quản trị kinh doanh
109000,LNS,tai-chinh-ngan-hang,A00,Điểm học bạ,2023,18.0,Tài chính ngân hàng
109001,LNS,tai-chinh-ngan-hang,A01,Điểm học bạ,2023,18.0,Tài chính ngân hàng
109002,LNS,tai-chinh-ngan-hang,C15,Điểm học bạ,2023,18.0,Tài chính ngân hàng
109003,LNS,tai-chinh-ngan-hang,D01,Điểm học bạ,2023,18.0,Tài chính ngân hàng
109004,LNS,tai-chinh-ngan-hang,A00,Điểm thi THPT,2023,15.0,Tài chính ngân hàng
109005,LNS,tai-chinh-ngan-hang,A01,Điểm thi THPT,2023,15.0,Tài chính ngân hàng
109006,LNS,tai-chinh-ngan-hang,C15,Điểm thi THPT,2023,15.0,Tài chính ngân hàng
109007,LNS,tai-chinh-ngan-hang,D01,Điểm thi THPT,2023,15.0,Tài chính ngân hàng
109008,LNS,tai-chinh-ngan-hang,A00,Điểm học bạ,2024,18.0,Tài chính ngân hàng
109009,LNS,tai-chinh-ngan-hang,A01,Điểm học bạ,2024,18.0,Tài chính ngân hàng
109010,LNS,tai-chinh-ngan-hang,C15,Điểm học bạ,2024,18.0,Tài chính ngân hàng
109011,LNS,tai-chinh-ngan-hang,D01,Điểm học bạ,2024,18.0,Tài chính ngân hàng
109012,LNS,tai-chinh-ngan-hang,A00,Điểm thi THPT,2024,16.0,Tài chính ngân hàng
109013,LNS,tai-chinh-ngan-hang,A01,Điểm thi THPT,2024,16.0,Tài chính ngân hàng
109014,LNS,tai-chinh-ngan-hang,C15,Điểm thi THPT,2024,16.0,Tài chính ngân hàng
109015,LNS,tai-chinh-ngan-hang,D01,Điểm thi THPT,2024,16.0,Tài chính ngân hàng
109016,LNS,tai-chinh-ngan-hang,C00,Điểm học bạ,2025,18.8,Tài chính ngân hàng
109017,LNS,tai-chinh-ngan-hang,C03,Điểm học bạ,2025,18.8,Tài chính ngân hàng
109018,LNS,tai-chinh-ngan-hang,C04,Điểm học bạ,2025,18.8,Tài chính ngân hàng
109019,LNS,tai-chinh-ngan-hang,D01,Điểm học bạ,2025,18.8,Tài chính ngân hàng
109020,LNS,tai-chinh-ngan-hang,X01,Điểm học bạ,2025,18.8,Tài chính ngân hàng
109021,LNS,tai-chinh-ngan-hang,X02,Điểm học bạ,2025,18.8,Tài chính ngân hàng
109022,LNS,tai-chinh-ngan-hang,C00,Điểm thi THPT,2025,16.0,Tài chính ngân hàng
109023,LNS,tai-chinh-ngan-hang,C03,Điểm thi THPT,2025,16.0,Tài chính ngân hàng
109024,LNS,tai-chinh-ngan-hang,C04,Điểm thi THPT,2025,16.0,Tài chính ngân hàng
109025,LNS,tai-chinh-ngan-hang,D01,Điểm thi THPT,2025,16.0,Tài chính ngân hàng
109026,LNS,tai-chinh-ngan-hang,X01,Điểm thi THPT,2025,16.0,Tài chính ngân hàng
109027,LNS,tai-chinh-ngan-hang,X02,Điểm thi THPT,2025,16.0,Tài chính ngân hàng
109028,LNS,thiet-ke-noi-that,A00,Điểm thi THPT,2021,15.0,Thiết kế nội thất
109029,LNS,thiet-ke-noi-that,A01,Điểm thi THPT,2021,15.0,Thiết kế nội thất
109030,LNS,thiet-ke-noi-that,B00,Điểm thi THPT,2021,15.0,Thiết kế nội thất
109031,LNS,thiet-ke-noi-that,D01,Điểm thi THPT,2021,15.0,Thiết kế nội thất
109032,LNS,thiet-ke-noi-that,A00,Điểm học bạ,2022,18.0,Thiết kế nội thất
109033,LNS,thiet-ke-noi-that,A01,Điểm học bạ,2022,18.0,Thiết kế nội thất
109034,LNS,thiet-ke-noi-that,B00,Điểm học bạ,2022,18.0,Thiết kế nội thất
109035,LNS,thiet-ke-noi-that,D01,Điểm học bạ,2022,18.0,Thiết kế nội thất
109036,LNS,thiet-ke-noi-that,A00,Điểm thi THPT,2022,15.0,Thiết kế nội thất
109037,LNS,thiet-ke-noi-that,A01,Điểm thi THPT,2022,15.0,Thiết kế nội thất
109038,LNS,thiet-ke-noi-that,B00,Điểm thi THPT,2022,15.0,Thiết kế nội thất
109039,LNS,thiet-ke-noi-that,D01,Điểm thi THPT,2022,15.0,Thiết kế nội thất
109040,LNS,thiet-ke-noi-that,A00,Điểm học bạ,2023,18.0,Thiết kế nội thất
109041,LNS,thiet-ke-noi-that,B00,Điểm học bạ,2023,18.0,Thiết kế nội thất
109042,LNS,thiet-ke-noi-that,C15,Điểm học bạ,2023,18.0,Thiết kế nội thất
109043,LNS,thiet-ke-noi-that,D01,Điểm học bạ,2023,18.0,Thiết kế nội thất
109044,LNS,thiet-ke-noi-that,A00,Điểm thi THPT,2023,15.0,Thiết kế nội thất
109045,LNS,thiet-ke-noi-that,B00,Điểm thi THPT,2023,15.0,Thiết kế nội thất
109046,LNS,thiet-ke-noi-that,C15,Điểm thi THPT,2023,15.0,Thiết kế nội thất
109047,LNS,thiet-ke-noi-that,D01,Điểm thi THPT,2023,15.0,Thiết kế nội thất
109048,LNS,thiet-ke-noi-that,A00,Điểm học bạ,2024,18.0,Thiết kế nội thất
109049,LNS,thiet-ke-noi-that,B00,Điểm học bạ,2024,18.0,Thiết kế nội thất
109050,LNS,thiet-ke-noi-that,C15,Điểm học bạ,2024,18.0,Thiết kế nội thất
109051,LNS,thiet-ke-noi-that,D01,Điểm học bạ,2024,18.0,Thiết kế nội thất
109052,LNS,thiet-ke-noi-that,A00,Điểm thi THPT,2024,16.0,Thiết kế nội thất
109053,LNS,thiet-ke-noi-that,B00,Điểm thi THPT,2024,16.0,Thiết kế nội thất
109054,LNS,thiet-ke-noi-that,C15,Điểm thi THPT,2024,16.0,Thiết kế nội thất
109055,LNS,thiet-ke-noi-that,D01,Điểm thi THPT,2024,16.0,Thiết kế nội thất
109056,LNS,thiet-ke-noi-that,A00,Điểm học bạ,2025,18.0,Thiết kế nội thất
109057,LNS,thiet-ke-noi-that,A01,Điểm học bạ,2025,18.0,Thiết kế nội thất
109058,LNS,thiet-ke-noi-that,C01,Điểm học bạ,2025,18.0,Thiết kế nội thất
109059,LNS,thiet-ke-noi-that,D01,Điểm học bạ,2025,18.0,Thiết kế nội thất
109060,LNS,thiet-ke-noi-that,X02,Điểm học bạ,2025,18.0,Thiết kế nội thất
109061,LNS,thiet-ke-noi-that,X03,Điểm học bạ,2025,18.0,Thiết kế nội thất
109062,LNS,thiet-ke-noi-that,X04,Điểm học bạ,2025,18.0,Thiết kế nội thất
109063,LNS,thiet-ke-noi-that,A00,Điểm thi THPT,2025,15.0,Thiết kế nội thất
109064,LNS,thiet-ke-noi-that,A01,Điểm thi THPT,2025,15.0,Thiết kế nội thất
109065,LNS,thiet-ke-noi-that,C01,Điểm thi THPT,2025,15.0,Thiết kế nội thất
109066,LNS,thiet-ke-noi-that,D01,Điểm thi THPT,2025,15.0,Thiết kế nội thất
109067,LNS,thiet-ke-noi-that,X02,Điểm thi THPT,2025,15.0,Thiết kế nội thất
109068,LNS,thiet-ke-noi-that,X03,Điểm thi THPT,2025,15.0,Thiết kế nội thất
109069,LNS,thiet-ke-noi-that,X04,Điểm thi THPT,2025,15.0,Thiết kế nội thất
109070,LNS,thu-y,A00,Điểm thi THPT,2021,15.0,Thú y
109071,LNS,thu-y,A01,Điểm thi THPT,2021,15.0,Thú y
109072,LNS,thu-y,B00,Điểm thi THPT,2021,15.0,Thú y
109073,LNS,thu-y,D01,Điểm thi THPT,2021,15.0,Thú y
109074,LNS,thu-y,A00,Điểm học bạ,2022,18.0,Thú y
109075,LNS,thu-y,A01,Điểm học bạ,2022,18.0,Thú y
109076,LNS,thu-y,B00,Điểm học bạ,2022,18.0,Thú y
109077,LNS,thu-y,D01,Điểm học bạ,2022,18.0,Thú y
109078,LNS,thu-y,A00,Điểm thi THPT,2022,18.0,Thú y
109079,LNS,thu-y,A01,Điểm thi THPT,2022,18.0,Thú y
109080,LNS,thu-y,B00,Điểm thi THPT,2022,18.0,Thú y
109081,LNS,thu-y,D01,Điểm thi THPT,2022,18.0,Thú y
109082,LNS,thu-y,A00,Điểm học bạ,2023,18.0,Thú y
109083,LNS,thu-y,B00,Điểm học bạ,2023,18.0,Thú y
109084,LNS,thu-y,C15,Điểm học bạ,2023,18.0,Thú y
109085,LNS,thu-y,D01,Điểm học bạ,2023,18.0,Thú y
109086,LNS,thu-y,A00,Điểm thi THPT,2023,16.0,Thú y
109087,LNS,thu-y,B00,Điểm thi THPT,2023,16.0,Thú y
109088,LNS,thu-y,C15,Điểm thi THPT,2023,16.0,Thú y
109089,LNS,thu-y,D01,Điểm thi THPT,2023,16.0,Thú y
109090,LNS,thu-y,A00,Điểm học bạ,2024,20.0,Thú y
109091,LNS,thu-y,B00,Điểm học bạ,2024,20.0,Thú y
109092,LNS,thu-y,C15,Điểm học bạ,2024,20.0,Thú y
109093,LNS,thu-y,D01,Điểm học bạ,2024,20.0,Thú y
109094,LNS,thu-y,A00,Điểm thi THPT,2024,18.0,Thú y
109095,LNS,thu-y,B00,Điểm thi THPT,2024,18.0,Thú y
109096,LNS,thu-y,C15,Điểm thi THPT,2024,18.0,Thú y
109097,LNS,thu-y,D01,Điểm thi THPT,2024,18.0,Thú y
109098,LNS,thu-y,B00,Điểm học bạ,2025,18.8,Thú y
109099,LNS,thu-y,B03,Điểm học bạ,2025,18.8,Thú y
109100,LNS,thu-y,C02,Điểm học bạ,2025,18.8,Thú y
109101,LNS,thu-y,D01,Điểm học bạ,2025,18.8,Thú y
109102,LNS,thu-y,X02,Điểm học bạ,2025,18.8,Thú y
109103,LNS,thu-y,X03,Điểm học bạ,2025,18.8,Thú y
109104,LNS,thu-y,X04,Điểm học bạ,2025,18.8,Thú y
109105,LNS,thu-y,B00,Điểm thi THPT,2025,16.0,Thú y
109106,LNS,thu-y,B03,Điểm thi THPT,2025,16.0,Thú y
109107,LNS,thu-y,C02,Điểm thi THPT,2025,16.0,Thú y
109108,LNS,thu-y,D01,Điểm thi THPT,2025,16.0,Thú y
109109,LNS,thu-y,X02,Điểm thi THPT,2025,16.0,Thú y
109110,LNS,thu-y,X03,Điểm thi THPT,2025,16.0,Thú y
109111,LNS,thu-y,X04,Điểm thi THPT,2025,16.0,Thú y
109112,LPH,luat,A00,Điểm học bạ,2021,26.45,Luật
109113,LPH,luat,A01,Điểm học bạ,2021,27.82,Luật
109114,LPH,luat,C00,Điểm học bạ,2021,27.1,Luật
109115,LPH,luat,D01,Điểm học bạ,2021,27.33,Luật
109116,LPH,luat,D02,Điểm học bạ,2021,27.33,Luật
109117,LPH,luat,D03,Điểm học bạ,2021,27.33,Luật
109118,LPH,luat,D05,Điểm học bạ,2021,27.33,Luật
109119,LPH,luat,D06,Điểm học bạ,2021,27.33,Luật
109120,LPH,luat,A00,Điểm thi THPT,2021,25.35,Luật
109121,LPH,luat,A01,Điểm thi THPT,2021,25.75,Luật
109122,LPH,luat,C00,Điểm thi THPT,2021,28.0,Luật
109123,LPH,luat,D01,Điểm thi THPT,2021,26.55,Luật
109124,LPH,luat,D02,Điểm thi THPT,2021,26.55,Luật
109125,LPH,luat,D03,Điểm thi THPT,2021,26.55,Luật
109126,LPH,luat,D05,Điểm thi THPT,2021,26.55,Luật
109127,LPH,luat,D06,Điểm thi THPT,2021,26.55,Luật
109128,LPH,luat,A00,Điểm thi THPT,2022,25.35,Luật
109129,LPH,luat,A01,Điểm thi THPT,2022,24.95,Luật
109130,LPH,luat,C00,Điểm thi THPT,2022,28.75,Luật
109131,LPH,luat,D01,Điểm thi THPT,2022,25.8,Luật
109132,LPH,luat,D02,Điểm thi THPT,2022,25.8,Luật
109133,LPH,luat,D03,Điểm thi THPT,2022,25.8,Luật
109134,LPH,luat,D05,Điểm thi THPT,2022,25.8,Luật
109135,LPH,luat,D06,Điểm thi THPT,2022,25.8,Luật
109136,LPH,luat,A00,Điểm học bạ,2023,28.63,Luật
109137,LPH,luat,A01,Điểm học bạ,2023,28.8,Luật
109138,LPH,luat,C00,Điểm học bạ,2023,28.67,Luật
109139,LPH,luat,D01,Điểm học bạ,2023,28.55,Luật
109140,LPH,luat,D02,Điểm học bạ,2023,28.55,Luật
109141,LPH,luat,D05,Điểm học bạ,2023,28.55,Luật
109142,LPH,luat,D06,Điểm học bạ,2023,28.55,Luật
109143,LPH,luat,D13,Điểm học bạ,2023,28.55,Luật
109144,LPH,luat,A00,Điểm thi THPT,2023,24.0,Luật
109145,LPH,luat,A01,Điểm thi THPT,2023,24.0,Luật
109146,LPH,luat,C00,Điểm thi THPT,2023,26.5,Luật
109147,LPH,luat,D01,Điểm thi THPT,2023,25.75,Luật
109148,LPH,luat,D02,Điểm thi THPT,2023,25.75,Luật
109149,LPH,luat,D03,Điểm thi THPT,2023,25.75,Luật
109150,LPH,luat,D05,Điểm thi THPT,2023,25.75,Luật
109151,LPH,luat,D06,Điểm thi THPT,2023,25.75,Luật
109152,LPH,luat,A00,Điểm học bạ,2024,23.14,Luật
109153,LPH,luat,A01,Điểm học bạ,2024,28.1,Luật
109154,LPH,luat,C00,Điểm học bạ,2024,28.6,Luật
109155,LPH,luat,D01,Điểm học bạ,2024,27.64,Luật
109156,LPH,luat,D02,Điểm học bạ,2024,26.76,Luật
109157,LPH,luat,D03,Điểm học bạ,2024,27.64,Luật
109158,LPH,luat,D04,Điểm học bạ,2024,27.05,Luật
109159,LPH,luat,D05,Điểm học bạ,2024,26.76,Luật
109160,LPH,luat,D06,Điểm học bạ,2024,26.86,Luật
109161,LPH,luat,A00,Điểm thi THPT,2024,26.15,Luật
109162,LPH,luat,A01,Điểm thi THPT,2024,26.15,Luật
109163,LPH,luat,C00,Điểm thi THPT,2024,28.15,Luật
109164,LPH,luat,D01,Điểm thi THPT,2024,22.85,Luật
109165,LPH,luat,D02,Điểm thi THPT,2024,22.85,Luật
109166,LPH,luat,D03,Điểm thi THPT,2024,22.85,Luật
109167,LPH,luat,D04,Điểm thi THPT,2024,26.25,Luật
109168,LPH,luat,D05,Điểm thi THPT,2024,26.25,Luật
109169,LPH,luat,D06,Điểm thi THPT,2024,26.25,Luật
109170,LPH,luat,A00,Điểm học bạ,2025,28.95,Luật
109171,LPH,luat,A01,Điểm học bạ,2025,27.85,Luật
109172,LPH,luat,C00,Điểm học bạ,2025,30.0,Luật
109173,LPH,luat,D01,Điểm học bạ,2025,27.56,Luật
109174,LPH,luat,D02,Điểm học bạ,2025,27.56,Luật
109175,LPH,luat,D03,Điểm học bạ,2025,27.56,Luật
109176,LPH,luat,D04,Điểm học bạ,2025,27.56,Luật
109177,LPH,luat,D05,Điểm học bạ,2025,27.56,Luật
109178,LPH,luat,D06,Điểm học bạ,2025,27.56,Luật
109179,LPH,luat,A00,Điểm thi THPT,2025,25.54,Luật
109180,LPH,luat,A01,Điểm thi THPT,2025,24.44,Luật
109181,LPH,luat,C00,Điểm thi THPT,2025,27.39,Luật
109182,LPH,luat,D01,Điểm thi THPT,2025,24.15,Luật
109183,LPH,luat,D02,Điểm thi THPT,2025,24.15,Luật
109184,LPH,luat,D03,Điểm thi THPT,2025,24.15,Luật
109185,LPH,luat,D04,Điểm thi THPT,2025,24.15,Luật
109186,LPH,luat,D05,Điểm thi THPT,2025,24.15,Luật
109187,LPH,luat,D06,Điểm thi THPT,2025,24.15,Luật
109188,LPH,luat-kinh-te,A00,Điểm học bạ,2021,29.27,Luật kinh tế
109189,LPH,luat-kinh-te,A01,Điểm học bạ,2021,28.96,Luật kinh tế
109190,LPH,luat-kinh-te,C00,Điểm học bạ,2021,27.2,Luật kinh tế
109191,LPH,luat-kinh-te,D01,Điểm học bạ,2021,27.52,Luật kinh tế
109192,LPH,luat-kinh-te,D02,Điểm học bạ,2021,27.52,Luật kinh tế
109193,LPH,luat-kinh-te,D03,Điểm học bạ,2021,27.52,Luật kinh tế
109194,LPH,luat-kinh-te,D05,Điểm học bạ,2021,27.52,Luật kinh tế
109195,LPH,luat-kinh-te,D06,Điểm học bạ,2021,27.52,Luật kinh tế
109196,LPH,luat-kinh-te,A00,Điểm thi THPT,2021,26.25,Luật kinh tế
109197,LPH,luat-kinh-te,A01,Điểm thi THPT,2021,26.9,Luật kinh tế
109198,LPH,luat-kinh-te,C00,Điểm thi THPT,2021,29.25,Luật kinh tế
109199,LPH,luat-kinh-te,D01,Điểm thi THPT,2021,27.25,Luật kinh tế
109200,LPH,luat-kinh-te,D02,Điểm thi THPT,2021,27.25,Luật kinh tế
109201,LPH,luat-kinh-te,D03,Điểm thi THPT,2021,27.25,Luật kinh tế
109202,LPH,luat-kinh-te,D05,Điểm thi THPT,2021,27.25,Luật kinh tế
109203,LPH,luat-kinh-te,D06,Điểm thi THPT,2021,27.25,Luật kinh tế
109204,LPH,luat-kinh-te,A00,Điểm thi THPT,2022,26.35,Luật kinh tế
109205,LPH,luat-kinh-te,A01,Điểm thi THPT,2022,26.55,Luật kinh tế
109206,LPH,luat-kinh-te,C00,Điểm thi THPT,2022,29.5,Luật kinh tế
109207,LPH,luat-kinh-te,D01,Điểm thi THPT,2022,26.8,Luật kinh tế
109208,LPH,luat-kinh-te,D02,Điểm thi THPT,2022,26.8,Luật kinh tế
109209,LPH,luat-kinh-te,D03,Điểm thi THPT,2022,26.8,Luật kinh tế
109210,LPH,luat-kinh-te,D05,Điểm thi THPT,2022,26.8,Luật kinh tế
109211,LPH,luat-kinh-te,D06,Điểm thi THPT,2022,26.8,Luật kinh tế
109212,LPH,luat-kinh-te,A00,Điểm học bạ,2023,29.73,Luật kinh tế
109213,LPH,luat-kinh-te,A01,Điểm học bạ,2023,30.3,Luật kinh tế
109214,LPH,luat-kinh-te,C00,Điểm học bạ,2023,29.67,Luật kinh tế
109215,LPH,luat-kinh-te,D01,Điểm học bạ,2023,29.73,Luật kinh tế
109216,LPH,luat-kinh-te,D02,Điểm học bạ,2023,29.73,Luật kinh tế
109217,LPH,luat-kinh-te,D05,Điểm học bạ,2023,29.73,Luật kinh tế
109218,LPH,luat-kinh-te,D06,Điểm học bạ,2023,29.73,Luật kinh tế
109219,LPH,luat-kinh-te,D13,Điểm học bạ,2023,29.73,Luật kinh tế
109220,LPH,luat-kinh-te,A00,Điểm thi THPT,2023,25.5,Luật kinh tế
109221,LPH,luat-kinh-te,A01,Điểm thi THPT,2023,25.5,Luật kinh tế
109222,LPH,luat-kinh-te,C00,Điểm thi THPT,2023,27.36,Luật kinh tế
109223,LPH,luat-kinh-te,D01,Điểm thi THPT,2023,26.5,Luật kinh tế
109224,LPH,luat-kinh-te,D02,Điểm thi THPT,2023,26.5,Luật kinh tế
109225,LPH,luat-kinh-te,D03,Điểm thi THPT,2023,26.5,Luật kinh tế
109226,LPH,luat-kinh-te,D05,Điểm thi THPT,2023,26.5,Luật kinh tế
109227,LPH,luat-kinh-te,D06,Điểm thi THPT,2023,26.5,Luật kinh tế
109228,LPH,luat-kinh-te,A00,Điểm học bạ,2024,30.0,Luật kinh tế
109229,LPH,luat-kinh-te,A01,Điểm học bạ,2024,30.0,Luật kinh tế
109230,LPH,luat-kinh-te,C00,Điểm học bạ,2024,29.8,Luật kinh tế
109231,LPH,luat-kinh-te,D01,Điểm học bạ,2024,29.54,Luật kinh tế
109232,LPH,luat-kinh-te,D02,Điểm học bạ,2024,28.88,Luật kinh tế
109233,LPH,luat-kinh-te,D03,Điểm học bạ,2024,29.54,Luật kinh tế
109234,LPH,luat-kinh-te,D04,Điểm học bạ,2024,28.27,Luật kinh tế
109235,LPH,luat-kinh-te,D05,Điểm học bạ,2024,29.17,Luật kinh tế
109236,LPH,luat-kinh-te,D06,Điểm học bạ,2024,28.36,Luật kinh tế
109237,LPH,luat-kinh-te,A00,Điểm thi THPT,2024,26.9,Luật Kinh tế
109238,LPH,luat-kinh-te,A01,Điểm thi THPT,2024,26.9,Luật Kinh tế
109239,LPH,luat-kinh-te,C00,Điểm thi THPT,2024,28.85,Luật Kinh tế
109240,LPH,luat-kinh-te,D01,Điểm thi THPT,2024,26.9,Luật Kinh tế
109241,LPH,luat-kinh-te,D02,Điểm thi THPT,2024,26.9,Luật Kinh tế
109242,LPH,luat-kinh-te,D03,Điểm thi THPT,2024,26.9,Luật Kinh tế
109243,LPH,luat-kinh-te,D04,Điểm thi THPT,2024,26.9,Luật Kinh tế
109244,LPH,luat-kinh-te,D05,Điểm thi THPT,2024,26.9,Luật Kinh tế
109245,LPH,luat-kinh-te,D06,Điểm thi THPT,2024,26.9,Luật Kinh tế
109246,LPH,luat-kinh-te,A00,Điểm học bạ,2025,29.54,Luật Kinh tế
109247,LPH,luat-kinh-te,A01,Điểm học bạ,2025,28.44,Luật Kinh tế
109248,LPH,luat-kinh-te,C00,Điểm học bạ,2025,30.0,Luật Kinh tế
109249,LPH,luat-kinh-te,D01,Điểm học bạ,2025,28.15,Luật Kinh tế
109250,LPH,luat-kinh-te,D02,Điểm học bạ,2025,28.15,Luật Kinh tế
109251,LPH,luat-kinh-te,D03,Điểm học bạ,2025,28.15,Luật Kinh tế
109252,LPH,luat-kinh-te,D04,Điểm học bạ,2025,28.15,Luật Kinh tế
109253,LPH,luat-kinh-te,D05,Điểm học bạ,2025,28.15,Luật Kinh tế
109254,LPH,luat-kinh-te,D06,Điểm học bạ,2025,28.15,Luật Kinh tế
109255,LPH,luat-kinh-te,A00,Điểm thi THPT,2025,26.94,Luật Kinh tế
109256,LPH,luat-kinh-te,A01,Điểm thi THPT,2025,25.84,Luật Kinh tế
109257,LPH,luat-kinh-te,C00,Điểm thi THPT,2025,28.79,Luật Kinh tế
109258,LPH,luat-kinh-te,D01,Điểm thi THPT,2025,25.55,Luật Kinh tế
109259,LPH,luat-kinh-te,D02,Điểm thi THPT,2025,25.55,Luật Kinh tế
109260,LPH,luat-kinh-te,D03,Điểm thi THPT,2025,25.55,Luật Kinh tế
109261,LPH,luat-kinh-te,D04,Điểm thi THPT,2025,25.55,Luật Kinh tế
109262,LPH,luat-kinh-te,D05,Điểm thi THPT,2025,25.55,Luật Kinh tế
109263,LPH,luat-kinh-te,D06,Điểm thi THPT,2025,25.55,Luật Kinh tế
109264,LPH,luat-thuong-mai-quoc-te,A01,Điểm học bạ,2021,27.42,Luật thương mại quốc tế
109265,LPH,luat-thuong-mai-quoc-te,D01,Điểm học bạ,2021,27.89,Luật thương mại quốc tế
109266,LPH,luat-thuong-mai-quoc-te,A01,Điểm thi THPT,2021,26.2,Luật thương mại quốc tế
109267,LPH,luat-thuong-mai-quoc-te,D01,Điểm thi THPT,2021,26.9,Luật thương mại quốc tế
109268,LPH,luat-thuong-mai-quoc-te,A01,Điểm thi THPT,2022,24.95,Luật thương mại quốc tế
109269,LPH,luat-thuong-mai-quoc-te,D01,Điểm thi THPT,2022,26.05,Luật thương mại quốc tế
109270,LPH,luat-thuong-mai-quoc-te,A01,Điểm học bạ,2023,29.44,Luật thương mại quốc tế
109271,LPH,luat-thuong-mai-quoc-te,D01,Điểm học bạ,2023,29.0,Luật thương mại quốc tế
109272,LPH,luat-thuong-mai-quoc-te,A01,Điểm thi THPT,2023,24.8,Luật thương mại quốc tế
109273,LPH,luat-thuong-mai-quoc-te,D01,Điểm thi THPT,2023,25.75,Luật thương mại quốc tế
109274,LPH,luat-thuong-mai-quoc-te,A01,Điểm học bạ,2024,29.08,Luật thương mại quốc tế
109275,LPH,luat-thuong-mai-quoc-te,D01,Điểm học bạ,2024,28.78,Luật thương mại quốc tế
109276,LPH,luat-thuong-mai-quoc-te,A01,Điểm thi THPT,2024,26.0,Luật Thương mại quốc tế
109277,LPH,luat-thuong-mai-quoc-te,D01,Điểm thi THPT,2024,26.0,Luật Thương mại quốc tế
109278,LPH,luat-thuong-mai-quoc-te,A01,Điểm học bạ,2025,27.85,Luật Thương mại quốc tế
109279,LPH,luat-thuong-mai-quoc-te,D01,Điểm học bạ,2025,27.56,Luật Thương mại quốc tế
109280,LPH,luat-thuong-mai-quoc-te,A01,Điểm thi THPT,2025,24.44,Luật Thương mại quốc tế
109281,LPH,luat-thuong-mai-quoc-te,D01,Điểm thi THPT,2025,24.15,Luật Thương mại quốc tế
109282,LPH,ngon-ngu-anh,A01,Điểm học bạ,2021,27.37,Ngôn ngữ Anh
109283,LPH,ngon-ngu-anh,D01,Điểm học bạ,2021,27.02,Ngôn ngữ Anh
109284,LPH,ngon-ngu-anh,A01,Điểm thi THPT,2021,25.35,Ngôn ngữ Anh
109285,LPH,ngon-ngu-anh,D01,Điểm thi THPT,2021,26.25,Ngôn ngữ Anh
109286,LPH,ngon-ngu-anh,A01,Điểm thi THPT,2022,24.35,Ngôn ngữ Anh
109287,LPH,ngon-ngu-anh,D01,Điểm thi THPT,2022,25.45,Ngôn ngữ Anh
109288,LPH,ngon-ngu-anh,A01,Điểm học bạ,2023,27.68,Ngôn ngữ Anh
109289,LPH,ngon-ngu-anh,D01,Điểm học bạ,2023,27.61,Ngôn ngữ Anh
109290,LPH,ngon-ngu-anh,A01,Điểm thi THPT,2023,24.0,Ngôn ngữ Anh
109291,LPH,ngon-ngu-anh,D01,Điểm thi THPT,2023,24.5,Ngôn ngữ Anh
109292,LPH,ngon-ngu-anh,A01,Điểm học bạ,2024,27.7,Ngôn ngữ Anh
109293,LPH,ngon-ngu-anh,D01,Điểm học bạ,2024,27.43,Ngôn ngữ Anh
109294,LPH,ngon-ngu-anh,A01,Điểm thi THPT,2024,24.65,Ngôn ngữ Anh
109295,LPH,ngon-ngu-anh,D01,Điểm thi THPT,2024,25.25,Ngôn ngữ Anh
109296,LPH,ngon-ngu-anh,A01,Điểm học bạ,2025,26.99,Ngôn ngữ Anh
109297,LPH,ngon-ngu-anh,D01,Điểm học bạ,2025,26.7,Ngôn ngữ Anh
109298,LPH,ngon-ngu-anh,A01,Điểm thi THPT,2025,23.49,Ngôn ngữ Anh
109299,LPH,ngon-ngu-anh,D01,Điểm thi THPT,2025,23.2,Ngôn ngữ Anh
109300,LPS,7220201,D01,Điểm học bạ,2025,24.05,7220201
109301,LPS,7220201,D14,Điểm học bạ,2025,24.75,7220201
109302,LPS,7220201,X25,Điểm học bạ,2025,24.65,7220201
109303,LPS,7220201,X78,Điểm học bạ,2025,25.55,7220201
109304,LPS,7220201,D01,Điểm thi THPT,2025,20.05,7220201
109305,LPS,7220201,D14,Điểm thi THPT,2025,22.25,7220201
109306,LPS,7220201,X25,Điểm thi THPT,2025,20.65,7220201
109307,LPS,7220201,X78,Điểm thi THPT,2025,23.55,7220201
109308,LPS,7340101,A00,Điểm học bạ,2025,22.92,7340101
109309,LPS,7340101,A01,Điểm học bạ,2025,22.22,7340101
109310,LPS,7340101,D01,Điểm học bạ,2025,22.52,7340101
109311,LPS,7340101,D07,Điểm học bạ,2025,23.22,7340101
109312,LPS,7340101,X01,Điểm học bạ,2025,24.02,7340101
109313,LPS,7340101,X25,Điểm học bạ,2025,23.12,7340101
109314,LPS,7340101,A00,Điểm thi THPT,2025,18.92,7340101
109315,LPS,7340101,A01,Điểm thi THPT,2025,18.12,7340101
109316,LPS,7340101,D01,Điểm thi THPT,2025,18.52,7340101
109317,LPS,7340101,D07,Điểm thi THPT,2025,18.72,7340101
109318,LPS,7340101,X01,Điểm thi THPT,2025,21.72,7340101
109319,LPS,7340101,X25,Điểm thi THPT,2025,19.12,7340101
109320,LPS,7340102,A00,Điểm học bạ,2025,24.4,7340102
109321,LPS,7340102,A01,Điểm học bạ,2025,23.7,7340102
109322,LPS,7340102,D01,Điểm học bạ,2025,24.0,7340102
109323,LPS,7340102,D07,Điểm học bạ,2025,24.7,7340102
109324,LPS,7340102,X01,Điểm học bạ,2025,25.2,7340102
109325,LPS,7340102,X25,Điểm học bạ,2025,24.6,7340102
109326,LPS,7340102,A00,Điểm thi THPT,2025,20.4,7340102
109327,LPS,7340102,A01,Điểm thi THPT,2025,19.6,7340102
109328,LPS,7340102,D01,Điểm thi THPT,2025,20.0,7340102
109329,LPS,7340102,D07,Điểm thi THPT,2025,20.2,7340102
109330,LPS,7340102,X01,Điểm thi THPT,2025,23.2,7340102
109331,LPS,7340102,X25,Điểm thi THPT,2025,20.6,7340102
109332,LPS,7340120,A00,Điểm học bạ,2025,25.2,7340120
109333,LPS,7340120,A01,Điểm học bạ,2025,24.5,7340120
109334,LPS,7340120,D01,Điểm học bạ,2025,24.8,7340120
109335,LPS,7340120,D07,Điểm học bạ,2025,25.5,7340120
109336,LPS,7340120,X01,Điểm học bạ,2025,26.3,7340120
109337,LPS,7340120,X25,Điểm học bạ,2025,25.4,7340120
109338,LPS,7340120,A00,Điểm thi THPT,2025,21.2,7340120
109339,LPS,7340120,A01,Điểm thi THPT,2025,20.4,7340120
109340,LPS,7340120,D01,Điểm thi THPT,2025,20.8,7340120
109341,LPS,7340120,D07,Điểm thi THPT,2025,21.0,7340120
109342,LPS,7340120,X01,Điểm thi THPT,2025,24.0,7340120
109343,LPS,7340120,X25,Điểm thi THPT,2025,21.4,7340120
109344,LPS,7340201,A00,Điểm học bạ,2025,23.65,7340201
109345,LPS,7340201,A01,Điểm học bạ,2025,22.95,7340201
109346,LPS,7340201,D01,Điểm học bạ,2025,23.25,7340201
109347,LPS,7340201,D07,Điểm học bạ,2025,23.95,7340201
109348,LPS,7340201,X01,Điểm học bạ,2025,24.75,7340201
109349,LPS,7340201,X25,Điểm học bạ,2025,23.85,7340201
109350,LPS,7340201,A00,Điểm thi THPT,2025,19.65,7340201
109351,LPS,7340201,A01,Điểm thi THPT,2025,18.85,7340201
109352,LPS,7340201,D01,Điểm thi THPT,2025,19.25,7340201
109353,LPS,7340201,D07,Điểm thi THPT,2025,19.45,7340201
109354,LPS,7340201,X01,Điểm thi THPT,2025,22.45,7340201
109355,LPS,7340201,X25,Điểm thi THPT,2025,19.85,7340201
109356,LPS,7380101,A00,Điểm học bạ,2025,25.64,7380101
109357,LPS,7380101,A01,Điểm học bạ,2025,24.64,7380101
109358,LPS,7380101,C00,Điểm học bạ,2025,27.14,7380101
109359,LPS,7380101,D01,Điểm học bạ,2025,24.94,7380101
109360,LPS,7380101,D03,Điểm học bạ,2025,24.94,7380101
109361,LPS,7380101,D06,Điểm học bạ,2025,24.94,7380101
109362,LPS,7380101,X01,Điểm học bạ,2025,26.44,7380101
109363,LPS,7380101,X25,Điểm học bạ,2025,25.54,7380101
109364,LPS,7380101,X33,Điểm học bạ,2025,25.54,7380101
109365,LPS,7380101,X45,Điểm học bạ,2025,25.54,7380101
109366,LPS,7380101,X78,Điểm học bạ,2025,26.44,7380101
109367,LPS,7380101,X86,Điểm học bạ,2025,26.44,7380101
109368,LPS,7380101,X98,Điểm học bạ,2025,26.44,7380101
109369,LPS,7380101,A00,Điểm thi THPT,2025,21.64,7380101
109370,LPS,7380101,A01,Điểm thi THPT,2025,20.54,7380101
109371,LPS,7380101,C00,Điểm thi THPT,2025,24.94,7380101
109372,LPS,7380101,D01,Điểm thi THPT,2025,20.94,7380101
109373,LPS,7380101,D03,Điểm thi THPT,2025,20.94,7380101
109374,LPS,7380101,D06,Điểm thi THPT,2025,20.94,7380101
109375,LPS,7380101,X01,Điểm thi THPT,2025,24.14,7380101
109376,LPS,7380101,X25,Điểm thi THPT,2025,21.54,7380101
109377,LPS,7380101,X33,Điểm thi THPT,2025,21.54,7380101
109378,LPS,7380101,X45,Điểm thi THPT,2025,21.54,7380101
109379,LPS,7380101,X78,Điểm thi THPT,2025,24.44,7380101
109380,LPS,7380101,X86,Điểm thi THPT,2025,24.44,7380101
109381,LPS,7380101,X98,Điểm thi THPT,2025,24.44,7380101
109382,LPS,7380109,A01,Điểm học bạ,2025,25.85,7380109
109383,LPS,7380109,D01,Điểm học bạ,2025,26.15,7380109
109384,LPS,7380109,X01,Điểm học bạ,2025,27.65,7380109
109385,LPS,7380109,X25,Điểm học bạ,2025,26.75,7380109
109386,LPS,7380109,X78,Điểm học bạ,2025,27.65,7380109
109387,LPS,7380109,A01,Điểm thi THPT,2025,21.75,7380109
109388,LPS,7380109,D01,Điểm thi THPT,2025,22.15,7380109
109389,LPS,7380109,X01,Điểm thi THPT,2025,25.35,7380109
109390,LPS,7380109,X25,Điểm thi THPT,2025,22.75,7380109
109391,LPS,7380109,X78,Điểm thi THPT,2025,25.65,7380109
109392,LPS,luat,A00,Điểm thi THPT,2021,24.5,Luật
109393,LPS,luat,A01,Điểm thi THPT,2021,24.5,Luật
109394,LPS,luat,C00,Điểm thi THPT,2021,27.5,Luật
109395,LPS,luat,D01,Điểm thi THPT,2021,24.75,Luật
109396,LPS,luat,D03,Điểm thi THPT,2021,24.5,Luật
109397,LPS,luat,D06,Điểm thi THPT,2021,24.5,Luật
109398,LPS,luat,A00,Điểm thi THPT,2022,24.25,Luật
109399,LPS,luat,A01,Điểm thi THPT,2022,22.5,Luật
109400,LPS,luat,C00,Điểm thi THPT,2022,27.5,Luật
109401,LPS,luat,D01,Điểm thi THPT,2022,23.25,Luật
109402,LPS,luat,D03,Điểm thi THPT,2022,23.25,Luật
109403,LPS,luat,D06,Điểm thi THPT,2022,23.25,Luật
109404,LPS,luat,A00,Điểm học bạ,2023,22.5,Luật
109405,LPS,luat,A01,Điểm học bạ,2023,22.5,Luật
109406,LPS,luat,C00,Điểm học bạ,2023,22.5,Luật
109407,LPS,luat,D01,Điểm học bạ,2023,22.5,Luật
109408,LPS,luat,D03,Điểm học bạ,2023,22.5,Luật
109409,LPS,luat,D06,Điểm học bạ,2023,22.5,Luật
109410,LPS,luat,A00,Điểm thi THPT,2023,24.11,Luật
109411,LPS,luat,A01,Điểm thi THPT,2023,22.91,Luật
109412,LPS,luat,C00,Điểm thi THPT,2023,27.11,Luật
109413,LPS,luat,D01,Điểm thi THPT,2023,23.61,Luật
109414,LPS,luat,D03,Điểm thi THPT,2023,23.61,Luật
109415,LPS,luat,D06,Điểm thi THPT,2023,23.61,Luật
109416,LPS,luat,A00,Điểm học bạ,2024,24.5,Luật
109417,LPS,luat,A01,Điểm học bạ,2024,24.5,Luật
109418,LPS,luat,C00,Điểm học bạ,2024,24.5,Luật
109419,LPS,luat,D01,Điểm học bạ,2024,24.5,Luật
109420,LPS,luat,D03,Điểm học bạ,2024,24.5,Luật
109421,LPS,luat,D06,Điểm học bạ,2024,24.5,Luật
109422,LPS,luat,A00,Điểm thi THPT,2024,24.57,Luật
109423,LPS,luat,A01,Điểm thi THPT,2024,23.77,Luật
109424,LPS,luat,C00,Điểm thi THPT,2024,27.27,Luật
109425,LPS,luat,D01,Điểm thi THPT,2024,24.27,Luật
109426,LPS,luat,D03,Điểm thi THPT,2024,24.27,Luật
109427,LPS,luat,D06,Điểm thi THPT,2024,24.27,Luật
109428,LPS,luat-thuong-mai-quoc-te,A01,Điểm thi THPT,2021,26.5,Luật Thương mại quốc tế
109429,LPS,luat-thuong-mai-quoc-te,D01,Điểm thi THPT,2021,26.5,Luật Thương mại quốc tế
109430,LPS,luat-thuong-mai-quoc-te,D03,Điểm thi THPT,2021,26.5,Luật Thương mại quốc tế
109431,LPS,luat-thuong-mai-quoc-te,D06,Điểm thi THPT,2021,26.5,Luật Thương mại quốc tế
109432,LPS,luat-thuong-mai-quoc-te,D66,Điểm thi THPT,2021,28.5,Luật Thương mại quốc tế
109433,LPS,luat-thuong-mai-quoc-te,D69,Điểm thi THPT,2021,26.5,Luật Thương mại quốc tế
109434,LPS,luat-thuong-mai-quoc-te,D70,Điểm thi THPT,2021,26.5,Luật Thương mại quốc tế
109435,LPS,luat-thuong-mai-quoc-te,D84,Điểm thi THPT,2021,28.5,Luật Thương mại quốc tế
109436,LPS,luat-thuong-mai-quoc-te,D87,Điểm thi THPT,2021,26.5,Luật Thương mại quốc tế
109437,LPS,luat-thuong-mai-quoc-te,D88,Điểm thi THPT,2021,26.5,Luật Thương mại quốc tế
109438,LPS,luat-thuong-mai-quoc-te,A01,Điểm thi THPT,2022,26.5,Luật thương mại quốc tế
109439,LPS,luat-thuong-mai-quoc-te,D01,Điểm thi THPT,2022,26.0,Luật thương mại quốc tế
109440,LPS,luat-thuong-mai-quoc-te,D03,Điểm thi THPT,2022,26.0,Luật thương mại quốc tế
109441,LPS,luat-thuong-mai-quoc-te,D06,Điểm thi THPT,2022,26.0,Luật thương mại quốc tế
109442,LPS,luat-thuong-mai-quoc-te,D66,Điểm thi THPT,2022,26.0,Luật thương mại quốc tế
109443,LPS,luat-thuong-mai-quoc-te,D69,Điểm thi THPT,2022,26.0,Luật thương mại quốc tế
109444,LPS,luat-thuong-mai-quoc-te,D70,Điểm thi THPT,2022,26.0,Luật thương mại quốc tế
109445,LPS,luat-thuong-mai-quoc-te,D84,Điểm thi THPT,2022,26.0,Luật thương mại quốc tế
109446,LPS,luat-thuong-mai-quoc-te,D87,Điểm thi THPT,2022,26.0,Luật thương mại quốc tế
109447,LPS,luat-thuong-mai-quoc-te,D88,Điểm thi THPT,2022,25.75,Luật thương mại quốc tế
109448,LPS,luat-thuong-mai-quoc-te,A01,Điểm học bạ,2023,22.5,Luật thương mại quốc tế
109449,LPS,luat-thuong-mai-quoc-te,D01,Điểm học bạ,2023,22.5,Luật thương mại quốc tế
109450,LPS,luat-thuong-mai-quoc-te,D66,Điểm học bạ,2023,22.5,Luật thương mại quốc tế
109451,LPS,luat-thuong-mai-quoc-te,D84,Điểm học bạ,2023,22.5,Luật thương mại quốc tế
109452,LPS,luat-thuong-mai-quoc-te,A01,Điểm thi THPT,2023,26.86,Luật thương mại quốc tế
109453,LPS,luat-thuong-mai-quoc-te,D01,Điểm thi THPT,2023,26.86,Luật thương mại quốc tế
109454,LPS,luat-thuong-mai-quoc-te,D66,Điểm thi THPT,2023,26.86,Luật thương mại quốc tế
109455,LPS,luat-thuong-mai-quoc-te,D84,Điểm thi THPT,2023,26.86,Luật thương mại quốc tế
109456,LPS,luat-thuong-mai-quoc-te,A01,Điểm học bạ,2024,27.0,Luật thương mại quốc tế
109457,LPS,luat-thuong-mai-quoc-te,D01,Điểm học bạ,2024,27.0,Luật thương mại quốc tế
109458,LPS,luat-thuong-mai-quoc-te,D66,Điểm học bạ,2024,27.0,Luật thương mại quốc tế
109459,LPS,luat-thuong-mai-quoc-te,D84,Điểm học bạ,2024,27.0,Luật thương mại quốc tế
109460,LPS,luat-thuong-mai-quoc-te,A01,Điểm thi THPT,2024,26.1,Luật thương mại quốc tế
109461,LPS,luat-thuong-mai-quoc-te,D01,Điểm thi THPT,2024,26.1,Luật thương mại quốc tế
109462,LPS,luat-thuong-mai-quoc-te,D66,Điểm thi THPT,2024,26.1,Luật thương mại quốc tế
109463,LPS,luat-thuong-mai-quoc-te,D84,Điểm thi THPT,2024,26.1,Luật thương mại quốc tế
109464,LPS,ngon-ngu-anh,D01,Điểm thi THPT,2021,25.0,Ngôn ngữ Anh
109465,LPS,ngon-ngu-anh,D14,Điểm thi THPT,2021,26.0,Ngôn ngữ Anh
109466,LPS,ngon-ngu-anh,D66,Điểm thi THPT,2021,27.5,Ngôn ngữ Anh
109467,LPS,ngon-ngu-anh,D84,Điểm thi THPT,2021,27.5,Ngôn ngữ Anh
109468,LPS,ngon-ngu-anh,D01,Điểm thi THPT,2022,22.5,Ngôn ngữ Anh
109469,LPS,ngon-ngu-anh,D03,Điểm thi THPT,2022,22.5,Ngôn ngữ Anh
109470,LPS,ngon-ngu-anh,D06,Điểm thi THPT,2022,22.5,Ngôn ngữ Anh
109471,LPS,ngon-ngu-anh,D14,Điểm thi THPT,2022,24.5,Ngôn ngữ Anh
109472,LPS,ngon-ngu-anh,D66,Điểm thi THPT,2022,24.5,Ngôn ngữ Anh
109473,LPS,ngon-ngu-anh,D84,Điểm thi THPT,2022,22.5,Ngôn ngữ Anh
109474,LPS,ngon-ngu-anh,D01,Điểm học bạ,2023,24.5,Ngôn ngữ Anh
109475,LPS,ngon-ngu-anh,D14,Điểm học bạ,2023,24.5,Ngôn ngữ Anh
109476,LPS,ngon-ngu-anh,D66,Điểm học bạ,2023,24.5,Ngôn ngữ Anh
109477,LPS,ngon-ngu-anh,D84,Điểm học bạ,2023,24.5,Ngôn ngữ Anh
109478,LPS,ngon-ngu-anh,A14,Điểm thi THPT,2023,25.78,Ngôn ngữ Anh
109479,LPS,ngon-ngu-anh,D01,Điểm thi THPT,2023,24.78,Ngôn ngữ Anh
109480,LPS,ngon-ngu-anh,D66,Điểm thi THPT,2023,25.78,Ngôn ngữ Anh
109481,LPS,ngon-ngu-anh,D84,Điểm thi THPT,2023,24.78,Ngôn ngữ Anh
109482,LPS,ngon-ngu-anh,D01,Điểm học bạ,2024,24.5,Ngôn ngữ Anh
109483,LPS,ngon-ngu-anh,D14,Điểm học bạ,2024,24.5,Ngôn ngữ Anh
109484,LPS,ngon-ngu-anh,D66,Điểm học bạ,2024,24.5,Ngôn ngữ Anh
109485,LPS,ngon-ngu-anh,D84,Điểm học bạ,2024,24.5,Ngôn ngữ Anh
109486,LPS,ngon-ngu-anh,D01,Điểm thi THPT,2024,24.16,Ngôn ngữ Anh
109487,LPS,ngon-ngu-anh,D14,Điểm thi THPT,2024,24.16,Ngôn ngữ Anh
109488,LPS,ngon-ngu-anh,D66,Điểm thi THPT,2024,25.46,Ngôn ngữ Anh
109489,LPS,ngon-ngu-anh,D84,Điểm thi THPT,2024,25.66,Ngôn ngữ Anh
109490,LPS,quan-tri-kinh-doanh,A00,Điểm thi THPT,2021,25.25,Quản trị kinh doanh
109491,LPS,quan-tri-kinh-doanh,A01,Điểm thi THPT,2021,25.25,Quản trị kinh doanh
109492,LPS,quan-tri-kinh-doanh,D01,Điểm thi THPT,2021,25.0,Quản trị kinh doanh
109493,LPS,quan-tri-kinh-doanh,D03,Điểm thi THPT,2021,24.5,Quản trị kinh doanh
109494,LPS,quan-tri-kinh-doanh,D06,Điểm thi THPT,2021,24.5,Quản trị kinh doanh
109495,LPS,quan-tri-kinh-doanh,D84,Điểm thi THPT,2021,26.75,Quản trị kinh doanh
109496,LPS,quan-tri-kinh-doanh,D87,Điểm thi THPT,2021,24.5,Quản trị kinh doanh
109497,LPS,quan-tri-kinh-doanh,D88,Điểm thi THPT,2021,24.5,Quản trị kinh doanh
109498,LPS,quan-tri-kinh-doanh,A00,Điểm thi THPT,2022,23.0,Quản trị kinh doanh
109499,LPS,quan-tri-kinh-doanh,A01,Điểm thi THPT,2022,22.5,Quản trị kinh doanh
109500,LPS,quan-tri-kinh-doanh,D01,Điểm thi THPT,2022,23.0,Quản trị kinh doanh
109501,LPS,quan-tri-kinh-doanh,D03,Điểm thi THPT,2022,23.0,Quản trị kinh doanh
109502,LPS,quan-tri-kinh-doanh,D06,Điểm thi THPT,2022,23.0,Quản trị kinh doanh
109503,LPS,quan-tri-kinh-doanh,D84,Điểm thi THPT,2022,22.5,Quản trị kinh doanh
109504,LPS,quan-tri-kinh-doanh,D87,Điểm thi THPT,2022,22.5,Quản trị kinh doanh
109505,LPS,quan-tri-kinh-doanh,D88,Điểm thi THPT,2022,22.5,Quản trị kinh doanh
109506,LPS,quan-tri-kinh-doanh,A00,Điểm học bạ,2023,22.5,Quản trị kinh doanh
109507,LPS,quan-tri-kinh-doanh,A01,Điểm học bạ,2023,22.5,Quản trị kinh doanh
109508,LPS,quan-tri-kinh-doanh,D01,Điểm học bạ,2023,22.5,Quản trị kinh doanh
109509,LPS,quan-tri-kinh-doanh,D84,Điểm học bạ,2023,22.5,Quản trị kinh doanh
109510,LPS,quan-tri-kinh-doanh,A00,Điểm thi THPT,2023,24.16,Quản trị kinh doanh
109511,LPS,quan-tri-kinh-doanh,A01,Điểm thi THPT,2023,24.16,Quản trị kinh doanh
109512,LPS,quan-tri-kinh-doanh,D01,Điểm thi THPT,2023,24.16,Quản trị kinh doanh
109513,LPS,quan-tri-kinh-doanh,D84,Điểm thi THPT,2023,24.16,Quản trị kinh doanh
109514,LPS,quan-tri-kinh-doanh,A00,Điểm học bạ,2024,24.5,Quản trị kinh doanh
109515,LPS,quan-tri-kinh-doanh,A01,Điểm học bạ,2024,24.5,Quản trị kinh doanh
109516,LPS,quan-tri-kinh-doanh,D01,Điểm học bạ,2024,24.5,Quản trị kinh doanh
109517,LPS,quan-tri-kinh-doanh,D84,Điểm học bạ,2024,24.5,Quản trị kinh doanh
109518,LPS,quan-tri-kinh-doanh,A00,Điểm thi THPT,2024,22.56,Quản trị kinh doanh
109519,LPS,quan-tri-kinh-doanh,A01,Điểm thi THPT,2024,22.56,Quản trị kinh doanh
109520,LPS,quan-tri-kinh-doanh,D01,Điểm thi THPT,2024,22.56,Quản trị kinh doanh
109521,LPS,quan-tri-kinh-doanh,D84,Điểm thi THPT,2024,22.56,Quản trị kinh doanh
109522,LPS,quan-tri-luat,A00,Điểm thi THPT,2021,25.5,Quản trị - Luật
109523,LPS,quan-tri-luat,A01,Điểm thi THPT,2021,25.5,Quản trị - Luật
109524,LPS,quan-tri-luat,D01,Điểm thi THPT,2021,25.25,Quản trị - Luật
109525,LPS,quan-tri-luat,D03,Điểm thi THPT,2021,24.5,Quản trị - Luật
109526,LPS,quan-tri-luat,D06,Điểm thi THPT,2021,24.5,Quản trị - Luật
109527,LPS,quan-tri-luat,D84,Điểm thi THPT,2021,27.75,Quản trị - Luật
109528,LPS,quan-tri-luat,D87,Điểm thi THPT,2021,25.0,Quản trị - Luật
109529,LPS,quan-tri-luat,D88,Điểm thi THPT,2021,25.0,Quản trị - Luật
109530,LPS,quan-tri-luat,A00,Điểm thi THPT,2022,25.0,Quản trị - Luật
109531,LPS,quan-tri-luat,A01,Điểm thi THPT,2022,23.5,Quản trị - Luật
109532,LPS,quan-tri-luat,D01,Điểm thi THPT,2022,24.25,Quản trị - Luật
109533,LPS,quan-tri-luat,D03,Điểm thi THPT,2022,24.25,Quản trị - Luật
109534,LPS,quan-tri-luat,D06,Điểm thi THPT,2022,24.25,Quản trị - Luật
109535,LPS,quan-tri-luat,D84,Điểm thi THPT,2022,23.0,Quản trị - Luật
109536,LPS,quan-tri-luat,D87,Điểm thi THPT,2022,23.0,Quản trị - Luật
109537,LPS,quan-tri-luat,D88,Điểm thi THPT,2022,23.0,Quản trị - Luật
109538,LPS,quan-tri-luat,A00,Điểm học bạ,2023,24.5,Quản trị - Luật
109539,LPS,quan-tri-luat,A01,Điểm học bạ,2023,24.5,Quản trị - Luật
109540,LPS,quan-tri-luat,D01,Điểm học bạ,2023,24.5,Quản trị - Luật
109541,LPS,quan-tri-luat,D84,Điểm học bạ,2023,24.5,Quản trị - Luật
109542,LPS,quan-tri-luat,A00,Điểm thi THPT,2023,25.85,Quản trị - Luật
109543,LPS,quan-tri-luat,A01,Điểm thi THPT,2023,24.45,Quản trị - Luật
109544,LPS,quan-tri-luat,D01,Điểm thi THPT,2023,25.15,Quản trị - Luật
109545,LPS,quan-tri-luat,D84,Điểm thi THPT,2023,25.15,Quản trị - Luật
109546,LPS,quan-tri-luat,A00,Điểm học bạ,2024,24.5,Quản trị - Luật
109547,LPS,quan-tri-luat,A01,Điểm học bạ,2024,24.5,Quản trị - Luật
109548,LPS,quan-tri-luat,D01,Điểm học bạ,2024,24.5,Quản trị - Luật
109549,LPS,quan-tri-luat,D84,Điểm học bạ,2024,24.5,Quản trị - Luật
109550,LPS,quan-tri-luat,A00,Điểm thi THPT,2024,24.17,Quản trị - Luật
109551,LPS,quan-tri-luat,A01,Điểm thi THPT,2024,23.37,Quản trị - Luật
109552,LPS,quan-tri-luat,D01,Điểm thi THPT,2024,23.87,Quản trị - Luật
109553,LPS,quan-tri-luat,D84,Điểm thi THPT,2024,24.87,Quản trị - Luật
109554,MBS,bao-hiem,A00,Điểm học bạ,2024,20.0,Bảo hiểm
109555,MBS,bao-hiem,A01,Điểm học bạ,2024,20.0,Bảo hiểm
109556,MBS,bao-hiem,D01,Điểm học bạ,2024,20.0,Bảo hiểm
109557,MBS,bao-hiem,D07,Điểm học bạ,2024,20.0,Bảo hiểm
109558,MBS,bao-hiem,A00,Điểm thi THPT,2024,16.0,Bảo hiểm
109559,MBS,bao-hiem,A01,Điểm thi THPT,2024,16.0,Bảo hiểm
109560,MBS,bao-hiem,D01,Điểm thi THPT,2024,16.0,Bảo hiểm
109561,MBS,bao-hiem,D07,Điểm thi THPT,2024,16.0,Bảo hiểm
109562,MBS,bao-hiem,A00,Điểm thi THPT,2025,15.0,Bảo hiểm
109563,MBS,bao-hiem,A01,Điểm thi THPT,2025,15.0,Bảo hiểm
109564,MBS,bao-hiem,D07,Điểm thi THPT,2025,15.0,Bảo hiểm
109565,MBS,bao-hiem,D21,Điểm thi THPT,2025,15.0,Bảo hiểm
109566,MBS,bao-hiem,D22,Điểm thi THPT,2025,15.0,Bảo hiểm
109567,MBS,bao-hiem,D23,Điểm thi THPT,2025,15.0,Bảo hiểm
109568,MBS,bao-hiem,D24,Điểm thi THPT,2025,15.0,Bảo hiểm
109569,MBS,bao-hiem,D25,Điểm thi THPT,2025,15.0,Bảo hiểm
109570,MBS,bao-hiem,D26,Điểm thi THPT,2025,15.0,Bảo hiểm
109571,MBS,bao-hiem,D27,Điểm thi THPT,2025,15.0,Bảo hiểm
109572,MBS,bao-hiem,D28,Điểm thi THPT,2025,15.0,Bảo hiểm
109573,MBS,bao-hiem,D29,Điểm thi THPT,2025,15.0,Bảo hiểm
109574,MBS,bao-hiem,D30,Điểm thi THPT,2025,15.0,Bảo hiểm
109575,MBS,bao-hiem,X02,Điểm thi THPT,2025,15.0,Bảo hiểm
109576,MBS,bao-hiem,X03,Điểm thi THPT,2025,15.0,Bảo hiểm
109577,MBS,bao-hiem,X04,Điểm thi THPT,2025,15.0,Bảo hiểm
109578,MBS,bao-hiem,X06,Điểm thi THPT,2025,15.0,Bảo hiểm
109579,MBS,bao-hiem,X07,Điểm thi THPT,2025,15.0,Bảo hiểm
109580,MBS,bao-hiem,X08,Điểm thi THPT,2025,15.0,Bảo hiểm
109581,MBS,bao-hiem,X10,Điểm thi THPT,2025,15.0,Bảo hiểm
109582,MBS,bao-hiem,X11,Điểm thi THPT,2025,15.0,Bảo hiểm
109583,MBS,bao-hiem,X12,Điểm thi THPT,2025,15.0,Bảo hiểm
109584,MBS,cnkt-cong-trinh-xay-dung-clc,A00,Điểm học bạ,2023,20.0,CNKT công trình xây dựng CLC
109585,MBS,cnkt-cong-trinh-xay-dung-clc,A01,Điểm học bạ,2023,20.0,CNKT công trình xây dựng CLC
109586,MBS,cnkt-cong-trinh-xay-dung-clc,D01,Điểm học bạ,2023,20.0,CNKT công trình xây dựng CLC
109587,MBS,cnkt-cong-trinh-xay-dung-clc,D07,Điểm học bạ,2023,20.0,CNKT công trình xây dựng CLC
109588,MBS,cnkt-cong-trinh-xay-dung-clc,A00,Điểm học bạ,2024,20.0,CNKT công trình xây dựng CLC
109589,MBS,cnkt-cong-trinh-xay-dung-clc,A01,Điểm học bạ,2024,20.0,CNKT công trình xây dựng CLC
109590,MBS,cnkt-cong-trinh-xay-dung-clc,D01,Điểm học bạ,2024,20.0,CNKT công trình xây dựng CLC
109591,MBS,cnkt-cong-trinh-xay-dung-clc,D07,Điểm học bạ,2024,20.0,CNKT công trình xây dựng CLC
109592,MBS,cnkt-ct-xay-dung,A00,Điểm thi THPT,2025,15.0,CNKT CT xây dựng Chương trình Tiên tiến
109593,MBS,cnkt-ct-xay-dung,A01,Điểm thi THPT,2025,15.0,CNKT CT xây dựng Chương trình Tiên tiến
109594,MBS,cnkt-ct-xay-dung,D07,Điểm thi THPT,2025,15.0,CNKT CT xây dựng Chương trình Tiên tiến
109595,MBS,cnkt-ct-xay-dung,X06,Điểm thi THPT,2025,15.0,CNKT CT xây dựng Chương trình Tiên tiến
109596,MBS,cnkt-ct-xay-dung,X07,Điểm thi THPT,2025,15.0,CNKT CT xây dựng Chương trình Tiên tiến
109597,MBS,cnkt-ct-xay-dung,X10,Điểm thi THPT,2025,15.0,CNKT CT xây dựng Chương trình Tiên tiến
109598,MBS,cnkt-ct-xay-dung,X11,Điểm thi THPT,2025,15.0,CNKT CT xây dựng Chương trình Tiên tiến
109599,MBS,cnkt-ct-xay-dung,X26,Điểm thi THPT,2025,15.0,CNKT CT xây dựng Chương trình Tiên tiến
109600,MBS,cnkt-ct-xay-dung,X27,Điểm thi THPT,2025,15.0,CNKT CT xây dựng Chương trình Tiên tiến
109601,MBS,cnkt-ct-xay-dung,X56,Điểm thi THPT,2025,15.0,CNKT CT xây dựng Chương trình Tiên tiến
109602,MBS,cong-nghe-ky-thuat-cong-trinh-xay-dung,A00,Điểm học bạ,2021,20.0,Công nghệ kỹ thuật công trình xây dựng
109603,MBS,cong-nghe-ky-thuat-cong-trinh-xay-dung,A01,Điểm học bạ,2021,20.0,Công nghệ kỹ thuật công trình xây dựng
109604,MBS,cong-nghe-ky-thuat-cong-trinh-xay-dung,D01,Điểm học bạ,2021,20.0,Công nghệ kỹ thuật công trình xây dựng
109605,MBS,cong-nghe-ky-thuat-cong-trinh-xay-dung,D07,Điểm học bạ,2021,20.0,Công nghệ kỹ thuật công trình xây dựng
109606,MBS,cong-nghe-ky-thuat-cong-trinh-xay-dung,A00,Điểm thi THPT,2021,17.0,Công nghệ kỹ thuật công trình xây dựng
109607,MBS,cong-nghe-ky-thuat-cong-trinh-xay-dung,A01,Điểm thi THPT,2021,17.0,Công nghệ kỹ thuật công trình xây dựng
109608,MBS,cong-nghe-ky-thuat-cong-trinh-xay-dung,D01,Điểm thi THPT,2021,17.0,Công nghệ kỹ thuật công trình xây dựng
109609,MBS,cong-nghe-ky-thuat-cong-trinh-xay-dung,D07,Điểm thi THPT,2021,17.0,Công nghệ kỹ thuật công trình xây dựng
109610,MBS,cong-nghe-ky-thuat-cong-trinh-xay-dung,A00,Điểm thi THPT,2022,16.0,Công nghệ kỹ thuật công trình xây dựng
109611,MBS,cong-nghe-ky-thuat-cong-trinh-xay-dung,A01,Điểm thi THPT,2022,16.0,Công nghệ kỹ thuật công trình xây dựng
109612,MBS,cong-nghe-ky-thuat-cong-trinh-xay-dung,D01,Điểm thi THPT,2022,16.0,Công nghệ kỹ thuật công trình xây dựng
109613,MBS,cong-nghe-ky-thuat-cong-trinh-xay-dung,D07,Điểm thi THPT,2022,16.0,Công nghệ kỹ thuật công trình xây dựng
109614,MBS,cong-nghe-ky-thuat-cong-trinh-xay-dung,A00,Điểm học bạ,2023,20.0,Công nghệ kỹ thuật công trình xây dựng
109615,MBS,cong-nghe-ky-thuat-cong-trinh-xay-dung,A01,Điểm học bạ,2023,20.0,Công nghệ kỹ thuật công trình xây dựng
109616,MBS,cong-nghe-ky-thuat-cong-trinh-xay-dung,D01,Điểm học bạ,2023,20.0,Công nghệ kỹ thuật công trình xây dựng
109617,MBS,cong-nghe-ky-thuat-cong-trinh-xay-dung,D07,Điểm học bạ,2023,20.0,Công nghệ kỹ thuật công trình xây dựng
109618,MBS,cong-nghe-ky-thuat-cong-trinh-xay-dung,A00,Điểm thi THPT,2023,16.5,Công nghệ kỹ thuật công trình xây dựng
109619,MBS,cong-nghe-ky-thuat-cong-trinh-xay-dung,A01,Điểm thi THPT,2023,16.5,Công nghệ kỹ thuật công trình xây dựng
109620,MBS,cong-nghe-ky-thuat-cong-trinh-xay-dung,D01,Điểm thi THPT,2023,16.5,Công nghệ kỹ thuật công trình xây dựng
109621,MBS,cong-nghe-ky-thuat-cong-trinh-xay-dung,D07,Điểm thi THPT,2023,16.5,Công nghệ kỹ thuật công trình xây dựng
109622,MBS,cong-nghe-ky-thuat-cong-trinh-xay-dung,A00,Điểm học bạ,2024,20.0,Công nghệ kỹ thuật công trình xây dựng
109623,MBS,cong-nghe-ky-thuat-cong-trinh-xay-dung,A01,Điểm học bạ,2024,20.0,Công nghệ kỹ thuật công trình xây dựng
109624,MBS,cong-nghe-ky-thuat-cong-trinh-xay-dung,D01,Điểm học bạ,2024,20.0,Công nghệ kỹ thuật công trình xây dựng
109625,MBS,cong-nghe-ky-thuat-cong-trinh-xay-dung,D07,Điểm học bạ,2024,20.0,Công nghệ kỹ thuật công trình xây dựng
109626,MBS,cong-nghe-ky-thuat-cong-trinh-xay-dung,A00,Điểm thi THPT,2024,16.0,Công nghệ kỹ thuật công trình xây dựng
109627,MBS,cong-nghe-ky-thuat-cong-trinh-xay-dung,A01,Điểm thi THPT,2024,16.0,Công nghệ kỹ thuật công trình xây dựng
109628,MBS,cong-nghe-ky-thuat-cong-trinh-xay-dung,D01,Điểm thi THPT,2024,16.0,Công nghệ kỹ thuật công trình xây dựng
109629,MBS,cong-nghe-ky-thuat-cong-trinh-xay-dung,D07,Điểm thi THPT,2024,16.0,Công nghệ kỹ thuật công trình xây dựng
109630,MBS,cong-nghe-ky-thuat-cong-trinh-xay-dung,A00,Điểm thi THPT,2025,15.0,Công nghệ kỹ thuật công trình xây dựng
109631,MBS,cong-nghe-ky-thuat-cong-trinh-xay-dung,A01,Điểm thi THPT,2025,15.0,Công nghệ kỹ thuật công trình xây dựng
109632,MBS,cong-nghe-ky-thuat-cong-trinh-xay-dung,D07,Điểm thi THPT,2025,15.0,Công nghệ kỹ thuật công trình xây dựng
109633,MBS,cong-nghe-ky-thuat-cong-trinh-xay-dung,X06,Điểm thi THPT,2025,15.0,Công nghệ kỹ thuật công trình xây dựng
109634,MBS,cong-nghe-ky-thuat-cong-trinh-xay-dung,X07,Điểm thi THPT,2025,15.0,Công nghệ kỹ thuật công trình xây dựng
109635,MBS,cong-nghe-ky-thuat-cong-trinh-xay-dung,X10,Điểm thi THPT,2025,15.0,Công nghệ kỹ thuật công trình xây dựng
109636,MBS,cong-nghe-ky-thuat-cong-trinh-xay-dung,X11,Điểm thi THPT,2025,15.0,Công nghệ kỹ thuật công trình xây dựng
109637,MBS,cong-nghe-ky-thuat-cong-trinh-xay-dung,X26,Điểm thi THPT,2025,15.0,Công nghệ kỹ thuật công trình xây dựng
109638,MBS,cong-nghe-ky-thuat-cong-trinh-xay-dung,X27,Điểm thi THPT,2025,15.0,Công nghệ kỹ thuật công trình xây dựng
109639,MBS,cong-nghe-ky-thuat-cong-trinh-xay-dung,X56,Điểm thi THPT,2025,15.0,Công nghệ kỹ thuật công trình xây dựng
109640,MBS,cong-nghe-ky-thuat-cong-trinh-xay-dung-chat-luong-cao,A00,Điểm học bạ,2021,20.0,Công nghệ kỹ thuật công trình xây dựng - Chất lượng cao
109641,MBS,cong-nghe-ky-thuat-cong-trinh-xay-dung-chat-luong-cao,A01,Điểm học bạ,2021,20.0,Công nghệ kỹ thuật công trình xây dựng - Chất lượng cao
109642,MBS,cong-nghe-ky-thuat-cong-trinh-xay-dung-chat-luong-cao,D01,Điểm học bạ,2021,20.0,Công nghệ kỹ thuật công trình xây dựng - Chất lượng cao
109643,MBS,cong-nghe-ky-thuat-cong-trinh-xay-dung-chat-luong-cao,D07,Điểm học bạ,2021,20.0,Công nghệ kỹ thuật công trình xây dựng - Chất lượng cao
109644,MBS,cong-nghe-ky-thuat-cong-trinh-xay-dung-chat-luong-cao,A00,Điểm thi THPT,2021,16.0,Công nghệ kỹ thuật công trình xây dựng - Chất lượng cao
109645,MBS,cong-nghe-ky-thuat-cong-trinh-xay-dung-chat-luong-cao,A01,Điểm thi THPT,2021,16.0,Công nghệ kỹ thuật công trình xây dựng - Chất lượng cao
109646,MBS,cong-nghe-ky-thuat-cong-trinh-xay-dung-chat-luong-cao,D01,Điểm thi THPT,2021,16.0,Công nghệ kỹ thuật công trình xây dựng - Chất lượng cao
109647,MBS,cong-nghe-ky-thuat-cong-trinh-xay-dung-chat-luong-cao,D07,Điểm thi THPT,2021,16.0,Công nghệ kỹ thuật công trình xây dựng - Chất lượng cao
109648,MBS,cong-nghe-ky-thuat-cong-trinh-xay-dung-chat-luong-cao,A00,Điểm thi THPT,2022,16.0,Công nghệ kỹ thuật công trình xây dựng - Chất lượng cao
109649,MBS,cong-nghe-ky-thuat-cong-trinh-xay-dung-chat-luong-cao,A01,Điểm thi THPT,2022,16.0,Công nghệ kỹ thuật công trình xây dựng - Chất lượng cao
109650,MBS,cong-nghe-ky-thuat-cong-trinh-xay-dung-chat-luong-cao,D01,Điểm thi THPT,2022,16.0,Công nghệ kỹ thuật công trình xây dựng - Chất lượng cao
109651,MBS,cong-nghe-ky-thuat-cong-trinh-xay-dung-chat-luong-cao,D07,Điểm thi THPT,2022,16.0,Công nghệ kỹ thuật công trình xây dựng - Chất lượng cao
109652,MBS,cong-nghe-ky-thuat-cong-trinh-xay-dung-chat-luong-cao,A00,Điểm thi THPT,2023,16.5,Công nghệ kỹ thuật công trình xây dựng Chất lượng cao
109653,MBS,cong-nghe-ky-thuat-cong-trinh-xay-dung-chat-luong-cao,A01,Điểm thi THPT,2023,16.5,Công nghệ kỹ thuật công trình xây dựng Chất lượng cao
109654,MBS,cong-nghe-ky-thuat-cong-trinh-xay-dung-chat-luong-cao,D01,Điểm thi THPT,2023,16.5,Công nghệ kỹ thuật công trình xây dựng Chất lượng cao
109655,MBS,cong-nghe-ky-thuat-cong-trinh-xay-dung-chat-luong-cao,D07,Điểm thi THPT,2023,16.5,Công nghệ kỹ thuật công trình xây dựng Chất lượng cao
109656,MBS,cong-nghe-ky-thuat-cong-trinh-xay-dung-chat-luong-cao,A00,Điểm thi THPT,2024,16.0,Công nghệ kỹ thuật công trình xây dựng Chất lượng cao
109657,MBS,cong-nghe-ky-thuat-cong-trinh-xay-dung-chat-luong-cao,A01,Điểm thi THPT,2024,16.0,Công nghệ kỹ thuật công trình xây dựng Chất lượng cao
109658,MBS,cong-nghe-ky-thuat-cong-trinh-xay-dung-chat-luong-cao,D01,Điểm thi THPT,2024,16.0,Công nghệ kỹ thuật công trình xây dựng Chất lượng cao
109659,MBS,cong-nghe-ky-thuat-cong-trinh-xay-dung-chat-luong-cao,D07,Điểm thi THPT,2024,16.0,Công nghệ kỹ thuật công trình xây dựng Chất lượng cao
109660,MBS,cong-nghe-sinh-hoc,A00,Điểm học bạ,2021,18.0,Công nghệ sinh học
109661,MBS,cong-nghe-sinh-hoc,A02,Điểm học bạ,2021,18.0,Công nghệ sinh học
109662,MBS,cong-nghe-sinh-hoc,B00,Điểm học bạ,2021,18.0,Công nghệ sinh học
109663,MBS,cong-nghe-sinh-hoc,D07,Điểm học bạ,2021,18.0,Công nghệ sinh học
109664,MBS,cong-nghe-sinh-hoc,A00,Điểm thi THPT,2021,16.0,Công nghệ sinh học
109665,MBS,cong-nghe-sinh-hoc,A02,Điểm thi THPT,2021,16.0,Công nghệ sinh học
109666,MBS,cong-nghe-sinh-hoc,B00,Điểm thi THPT,2021,16.0,Công nghệ sinh học
109667,MBS,cong-nghe-sinh-hoc,D07,Điểm thi THPT,2021,16.0,Công nghệ sinh học
109668,MBS,cong-nghe-sinh-hoc,A00,Điểm thi THPT,2022,16.0,Công nghệ sinh học
109669,MBS,cong-nghe-sinh-hoc,A02,Điểm thi THPT,2022,16.0,Công nghệ sinh học
109670,MBS,cong-nghe-sinh-hoc,B00,Điểm thi THPT,2022,16.0,Công nghệ sinh học
109671,MBS,cong-nghe-sinh-hoc,D07,Điểm thi THPT,2022,16.0,Công nghệ sinh học
109672,MBS,cong-nghe-sinh-hoc,A01,Điểm học bạ,2023,23.4,Công nghệ sinh học
109673,MBS,cong-nghe-sinh-hoc,A02,Điểm học bạ,2023,23.4,Công nghệ sinh học
109674,MBS,cong-nghe-sinh-hoc,B00,Điểm học bạ,2023,23.4,Công nghệ sinh học
109675,MBS,cong-nghe-sinh-hoc,D07,Điểm học bạ,2023,23.4,Công nghệ sinh học
109676,MBS,cong-nghe-sinh-hoc,A00,Điểm thi THPT,2023,19.3,Công nghệ sinh học
109677,MBS,cong-nghe-sinh-hoc,A02,Điểm thi THPT,2023,19.3,Công nghệ sinh học
109678,MBS,cong-nghe-sinh-hoc,B00,Điểm thi THPT,2023,19.3,Công nghệ sinh học
109679,MBS,cong-nghe-sinh-hoc,D07,Điểm thi THPT,2023,19.3,Công nghệ sinh học
109680,MBS,cong-nghe-sinh-hoc,A00,Điểm học bạ,2024,23.9,Công nghệ sinh học
109681,MBS,cong-nghe-sinh-hoc,A02,Điểm học bạ,2024,23.9,Công nghệ sinh học
109682,MBS,cong-nghe-sinh-hoc,B00,Điểm học bạ,2024,23.9,Công nghệ sinh học
109683,MBS,cong-nghe-sinh-hoc,D07,Điểm học bạ,2024,23.9,Công nghệ sinh học
109684,MBS,cong-nghe-sinh-hoc,A00,Điểm thi THPT,2024,16.0,Công nghệ sinh học
109685,MBS,cong-nghe-sinh-hoc,A02,Điểm thi THPT,2024,16.0,Công nghệ sinh học
109686,MBS,cong-nghe-sinh-hoc,B00,Điểm thi THPT,2024,16.0,Công nghệ sinh học
109687,MBS,cong-nghe-sinh-hoc,D07,Điểm thi THPT,2024,16.0,Công nghệ sinh học
109688,MBS,cong-nghe-sinh-hoc,A00,Điểm thi THPT,2025,15.0,Công nghệ sinh học
109689,MBS,cong-nghe-sinh-hoc,B00,Điểm thi THPT,2025,15.0,Công nghệ sinh học
109690,MBS,cong-nghe-sinh-hoc,B08,Điểm thi THPT,2025,15.0,Công nghệ sinh học
109691,MBS,cong-nghe-sinh-hoc,D07,Điểm thi THPT,2025,15.0,Công nghệ sinh học
109692,MBS,cong-nghe-sinh-hoc,X10,Điểm thi THPT,2025,15.0,Công nghệ sinh học
109693,MBS,cong-nghe-sinh-hoc,X11,Điểm thi THPT,2025,15.0,Công nghệ sinh học
109694,MBS,cong-nghe-sinh-hoc,X12,Điểm thi THPT,2025,15.0,Công nghệ sinh học
109695,MBS,cong-nghe-sinh-hoc,X27,Điểm thi THPT,2025,15.0,Công nghệ sinh học Chương trình Tiên tiến
109696,MBS,cong-nghe-sinh-hoc,X28,Điểm thi THPT,2025,15.0,Công nghệ sinh học Chương trình Tiên tiến
109697,MBS,cong-nghe-sinh-hoc,X56,Điểm thi THPT,2025,15.0,Công nghệ sinh học
109698,MBS,cong-nghe-sinh-hoc,X57,Điểm thi THPT,2025,15.0,Công nghệ sinh học
109699,MBS,cong-nghe-sinh-hoc-chat-luong-cao,A00,Điểm học bạ,2021,18.0,Công nghệ sinh học - Chất lượng cao
109700,MBS,cong-nghe-sinh-hoc-chat-luong-cao,A02,Điểm học bạ,2021,18.0,Công nghệ sinh học - Chất lượng cao
109701,MBS,cong-nghe-sinh-hoc-chat-luong-cao,B00,Điểm học bạ,2021,18.0,Công nghệ sinh học - Chất lượng cao
109702,MBS,cong-nghe-sinh-hoc-chat-luong-cao,D07,Điểm học bạ,2021,18.0,Công nghệ sinh học - Chất lượng cao
109703,MBS,cong-nghe-sinh-hoc-chat-luong-cao,A00,Điểm thi THPT,2021,16.0,Công nghệ sinh học - Chất lượng cao
109704,MBS,cong-nghe-sinh-hoc-chat-luong-cao,A02,Điểm thi THPT,2021,16.0,Công nghệ sinh học - Chất lượng cao
109705,MBS,cong-nghe-sinh-hoc-chat-luong-cao,B00,Điểm thi THPT,2021,16.0,Công nghệ sinh học - Chất lượng cao
109706,MBS,cong-nghe-sinh-hoc-chat-luong-cao,D07,Điểm thi THPT,2021,16.0,Công nghệ sinh học - Chất lượng cao
109707,MBS,cong-nghe-sinh-hoc-chat-luong-cao,A01,Điểm thi THPT,2022,16.0,Công nghệ sinh học - Chất lượng cao
109708,MBS,cong-nghe-sinh-hoc-chat-luong-cao,B00,Điểm thi THPT,2022,16.0,Công nghệ sinh học - Chất lượng cao
109709,MBS,cong-nghe-sinh-hoc-chat-luong-cao,D07,Điểm thi THPT,2022,16.0,Công nghệ sinh học - Chất lượng cao
109710,MBS,cong-nghe-sinh-hoc-chat-luong-cao,D08,Điểm thi THPT,2022,16.0,Công nghệ sinh học - Chất lượng cao
109711,MBS,cong-nghe-sinh-hoc-chat-luong-cao,A01,Điểm thi THPT,2023,16.5,Công nghệ sinh học Chất lượng cao
109712,MBS,cong-nghe-sinh-hoc-chat-luong-cao,B00,Điểm thi THPT,2023,16.5,Công nghệ sinh học Chất lượng cao
109713,MBS,cong-nghe-sinh-hoc-chat-luong-cao,D07,Điểm thi THPT,2023,16.5,Công nghệ sinh học Chất lượng cao
109714,MBS,cong-nghe-sinh-hoc-chat-luong-cao,D08,Điểm thi THPT,2023,16.5,Công nghệ sinh học Chất lượng cao
109715,MBS,cong-nghe-sinh-hoc-chat-luong-cao,A01,Điểm thi THPT,2024,16.0,Công nghệ sinh học Chất lượng cao
109716,MBS,cong-nghe-sinh-hoc-chat-luong-cao,B00,Điểm thi THPT,2024,16.0,Công nghệ sinh học Chất lượng cao
109717,MBS,cong-nghe-sinh-hoc-chat-luong-cao,D07,Điểm thi THPT,2024,16.0,Công nghệ sinh học Chất lượng cao
109718,MBS,cong-nghe-sinh-hoc-chat-luong-cao,D08,Điểm thi THPT,2024,16.0,Công nghệ sinh học Chất lượng cao
109719,MBS,cong-nghe-sinh-hoc-clc,A01,Điểm học bạ,2023,18.0,Công nghệ sinh học CLC
109720,MBS,cong-nghe-sinh-hoc-clc,A02,Điểm học bạ,2023,18.0,Công nghệ sinh học CLC
109721,MBS,cong-nghe-sinh-hoc-clc,B00,Điểm học bạ,2023,18.0,Công nghệ sinh học CLC
109722,MBS,cong-nghe-sinh-hoc-clc,D07,Điểm học bạ,2023,18.0,Công nghệ sinh học CLC
109723,MBS,cong-nghe-sinh-hoc-clc,A01,Điểm học bạ,2024,22.6,Công nghệ sinh học CLC
109724,MBS,cong-nghe-sinh-hoc-clc,B00,Điểm học bạ,2024,22.6,Công nghệ sinh học CLC
109725,MBS,cong-nghe-sinh-hoc-clc,D07,Điểm học bạ,2024,22.6,Công nghệ sinh học CLC
109726,MBS,cong-nghe-sinh-hoc-clc,D08,Điểm học bạ,2024,22.6,Công nghệ sinh học CLC
109727,MBS,cong-nghe-tai-chinh,A00,Điểm học bạ,2024,25.25,Công nghệ Tài chính
109728,MBS,cong-nghe-tai-chinh,A01,Điểm học bạ,2024,25.25,Công nghệ Tài chính
109729,MBS,cong-nghe-tai-chinh,D01,Điểm học bạ,2024,25.25,Công nghệ Tài chính
109730,MBS,cong-nghe-tai-chinh,D07,Điểm học bạ,2024,25.25,Công nghệ Tài chính
109731,MBS,cong-nghe-tai-chinh,A00,Điểm thi THPT,2024,20.0,Công nghệ tài chính
109732,MBS,cong-nghe-tai-chinh,A01,Điểm thi THPT,2024,20.0,Công nghệ tài chính
109733,MBS,cong-nghe-tai-chinh,D01,Điểm thi THPT,2024,20.0,Công nghệ tài chính
109734,MBS,cong-nghe-tai-chinh,D07,Điểm thi THPT,2024,20.0,Công nghệ tài chính
109735,MBS,cong-nghe-tai-chinh,A00,Điểm thi THPT,2025,20.0,Công nghệ tài chính
109736,MBS,cong-nghe-tai-chinh,A01,Điểm thi THPT,2025,20.0,Công nghệ tài chính
109737,MBS,cong-nghe-tai-chinh,D07,Điểm thi THPT,2025,20.0,Công nghệ tài chính
109738,MBS,cong-nghe-tai-chinh,D21,Điểm thi THPT,2025,20.0,Công nghệ tài chính
109739,MBS,cong-nghe-tai-chinh,D22,Điểm thi THPT,2025,20.0,Công nghệ tài chính
109740,MBS,cong-nghe-tai-chinh,D23,Điểm thi THPT,2025,20.0,Công nghệ tài chính
109741,MBS,cong-nghe-tai-chinh,D24,Điểm thi THPT,2025,20.0,Công nghệ tài chính
109742,MBS,cong-nghe-tai-chinh,D25,Điểm thi THPT,2025,20.0,Công nghệ tài chính
109743,MBS,cong-nghe-tai-chinh,D26,Điểm thi THPT,2025,20.0,Công nghệ tài chính
109744,MBS,cong-nghe-tai-chinh,D27,Điểm thi THPT,2025,20.0,Công nghệ tài chính
109745,MBS,cong-nghe-tai-chinh,D28,Điểm thi THPT,2025,20.0,Công nghệ tài chính
109746,MBS,cong-nghe-tai-chinh,D29,Điểm thi THPT,2025,20.0,Công nghệ tài chính
109747,MBS,cong-nghe-tai-chinh,D30,Điểm thi THPT,2025,20.0,Công nghệ tài chính
109748,MBS,cong-nghe-tai-chinh,X02,Điểm thi THPT,2025,20.0,Công nghệ tài chính
109749,MBS,cong-nghe-tai-chinh,X03,Điểm thi THPT,2025,20.0,Công nghệ tài chính
109750,MBS,cong-nghe-tai-chinh,X04,Điểm thi THPT,2025,20.0,Công nghệ tài chính
109751,MBS,cong-nghe-tai-chinh,X06,Điểm thi THPT,2025,20.0,Công nghệ tài chính
109752,MBS,cong-nghe-tai-chinh,X07,Điểm thi THPT,2025,20.0,Công nghệ tài chính
109753,MBS,cong-nghe-tai-chinh,X08,Điểm thi THPT,2025,20.0,Công nghệ tài chính
109754,MBS,cong-nghe-tai-chinh,X10,Điểm thi THPT,2025,20.0,Công nghệ tài chính
109755,MBS,cong-nghe-tai-chinh,X11,Điểm thi THPT,2025,20.0,Công nghệ tài chính
109756,MBS,cong-nghe-tai-chinh,X12,Điểm thi THPT,2025,20.0,Công nghệ tài chính
109757,MBS,cong-nghe-thong-tin,A00,Điểm học bạ,2021,25.25,Công nghệ thông tin
109758,MBS,cong-nghe-thong-tin,A01,Điểm học bạ,2021,25.25,Công nghệ thông tin
109759,MBS,cong-nghe-thong-tin,D01,Điểm học bạ,2021,25.25,Công nghệ thông tin
109760,MBS,cong-nghe-thong-tin,D07,Điểm học bạ,2021,25.25,Công nghệ thông tin
109761,MBS,cong-nghe-thong-tin,A00,Điểm thi THPT,2021,26.1,Công nghệ thông tin
109762,MBS,cong-nghe-thong-tin,A01,Điểm thi THPT,2021,26.1,Công nghệ thông tin
109763,MBS,cong-nghe-thong-tin,D01,Điểm thi THPT,2021,26.1,Công nghệ thông tin
109764,MBS,cong-nghe-thong-tin,D07,Điểm thi THPT,2021,26.1,Công nghệ thông tin
109765,MBS,cong-nghe-thong-tin,A00,Điểm thi THPT,2022,25.4,Công nghệ thông tin
109766,MBS,cong-nghe-thong-tin,A01,Điểm thi THPT,2022,25.4,Công nghệ thông tin
109767,MBS,cong-nghe-thong-tin,D01,Điểm thi THPT,2022,25.4,Công nghệ thông tin
109768,MBS,cong-nghe-thong-tin,D07,Điểm thi THPT,2022,25.4,Công nghệ thông tin
109769,MBS,cong-nghe-thong-tin,A00,Điểm thi THPT,2023,24.5,Công nghệ thông tin
109770,MBS,cong-nghe-thong-tin,A01,Điểm thi THPT,2023,24.5,Công nghệ thông tin
109771,MBS,cong-nghe-thong-tin,D01,Điểm thi THPT,2023,24.5,Công nghệ thông tin
109772,MBS,cong-nghe-thong-tin,D07,Điểm thi THPT,2023,24.5,Công nghệ thông tin
109773,MBS,cong-nghe-thong-tin,A00,Điểm học bạ,2024,25.75,Công nghệ thông tin
109774,MBS,cong-nghe-thong-tin,A01,Điểm học bạ,2024,25.75,Công nghệ thông tin
109775,MBS,cong-nghe-thong-tin,D01,Điểm học bạ,2024,25.75,Công nghệ thông tin
109776,MBS,cong-nghe-thong-tin,D07,Điểm học bạ,2024,25.75,Công nghệ thông tin
109777,MBS,cong-nghe-thong-tin,A00,Điểm thi THPT,2024,21.0,Công nghệ thông tin
109778,MBS,cong-nghe-thong-tin,A01,Điểm thi THPT,2024,21.0,Công nghệ thông tin
109779,MBS,cong-nghe-thong-tin,D01,Điểm thi THPT,2024,21.0,Công nghệ thông tin
109780,MBS,cong-nghe-thong-tin,D07,Điểm thi THPT,2024,21.0,Công nghệ thông tin
109781,MBS,cong-nghe-thong-tin,A00,Điểm thi THPT,2025,20.8,Công nghệ thông tin
109782,MBS,cong-nghe-thong-tin,A01,Điểm thi THPT,2025,20.8,Công nghệ thông tin
109783,MBS,cong-nghe-thong-tin,B08,Điểm thi THPT,2025,16.0,Công nghệ thông tin Chương trình Tiên tiến
109784,MBS,cong-nghe-thong-tin,C01,Điểm thi THPT,2025,20.8,Công nghệ thông tin
109785,MBS,cong-nghe-thong-tin,C02,Điểm thi THPT,2025,20.8,Công nghệ thông tin
109786,MBS,cong-nghe-thong-tin,D01,Điểm thi THPT,2025,20.8,Công nghệ thông tin
109787,MBS,cong-nghe-thong-tin,D07,Điểm thi THPT,2025,20.8,Công nghệ thông tin
109788,MBS,cong-nghe-thong-tin,X02,Điểm thi THPT,2025,20.8,Công nghệ thông tin
109789,MBS,cong-nghe-thong-tin,X06,Điểm thi THPT,2025,20.8,Công nghệ thông tin
109790,MBS,cong-nghe-thong-tin,X10,Điểm thi THPT,2025,20.8,Công nghệ thông tin
109791,MBS,cong-nghe-thong-tin,X26,Điểm thi THPT,2025,20.8,Công nghệ thông tin
109792,MBS,cong-nghe-thong-tin,X27,Điểm thi THPT,2025,16.0,Công nghệ thông tin Chương trình Tiên tiến
109793,MBS,cong-nghe-thong-tin,X28,Điểm thi THPT,2025,16.0,Công nghệ thông tin Chương trình Tiên tiến
109794,MBS,cong-nghe-thuc-pham,A00,Điểm học bạ,2021,23.0,Công nghệ thực phẩm
109795,MBS,cong-nghe-thuc-pham,A01,Điểm học bạ,2021,23.0,Công nghệ thực phẩm
109796,MBS,cong-nghe-thuc-pham,B00,Điểm học bạ,2021,23.0,Công nghệ thực phẩm
109797,MBS,cong-nghe-thuc-pham,D07,Điểm học bạ,2021,23.0,Công nghệ thực phẩm
109798,MBS,cong-nghe-thuc-pham,A00,Điểm thi THPT,2021,19.0,Công nghệ thực phẩm
109799,MBS,cong-nghe-thuc-pham,A01,Điểm thi THPT,2021,19.0,Công nghệ thực phẩm
109800,MBS,cong-nghe-thuc-pham,B00,Điểm thi THPT,2021,19.0,Công nghệ thực phẩm
109801,MBS,cong-nghe-thuc-pham,D07,Điểm thi THPT,2021,19.0,Công nghệ thực phẩm
109802,MBS,cong-nghe-thuc-pham,A00,Điểm thi THPT,2022,20.25,Công nghệ thực phẩm
109803,MBS,cong-nghe-thuc-pham,A01,Điểm thi THPT,2022,20.25,Công nghệ thực phẩm
109804,MBS,cong-nghe-thuc-pham,B00,Điểm thi THPT,2022,20.25,Công nghệ thực phẩm
109805,MBS,cong-nghe-thuc-pham,D07,Điểm thi THPT,2022,20.25,Công nghệ thực phẩm
109806,MBS,cong-nghe-thuc-pham,A00,Điểm học bạ,2023,25.7,Công nghệ thực phẩm
109807,MBS,cong-nghe-thuc-pham,A01,Điểm học bạ,2023,25.7,Công nghệ thực phẩm
109808,MBS,cong-nghe-thuc-pham,B00,Điểm học bạ,2023,25.7,Công nghệ thực phẩm
109809,MBS,cong-nghe-thuc-pham,D07,Điểm học bạ,2023,25.7,Công nghệ thực phẩm
109810,MBS,cong-nghe-thuc-pham,A00,Điểm thi THPT,2023,20.9,Công nghệ thực phẩm
109811,MBS,cong-nghe-thuc-pham,A01,Điểm thi THPT,2023,20.9,Công nghệ thực phẩm
109812,MBS,cong-nghe-thuc-pham,B00,Điểm thi THPT,2023,20.9,Công nghệ thực phẩm
109813,MBS,cong-nghe-thuc-pham,D07,Điểm thi THPT,2023,20.9,Công nghệ thực phẩm
109814,MBS,cong-nghe-thuc-pham,A00,Điểm học bạ,2024,25.5,Công nghệ thực phẩm
109815,MBS,cong-nghe-thuc-pham,A01,Điểm học bạ,2024,25.5,Công nghệ thực phẩm
109816,MBS,cong-nghe-thuc-pham,B00,Điểm học bạ,2024,25.5,Công nghệ thực phẩm
109817,MBS,cong-nghe-thuc-pham,D07,Điểm học bạ,2024,25.5,Công nghệ thực phẩm
109818,MBS,cong-nghe-thuc-pham,A00,Điểm thi THPT,2024,18.0,Công nghệ thực phẩm
109819,MBS,cong-nghe-thuc-pham,A01,Điểm thi THPT,2024,18.0,Công nghệ thực phẩm
109820,MBS,cong-nghe-thuc-pham,B00,Điểm thi THPT,2024,18.0,Công nghệ thực phẩm
109821,MBS,cong-nghe-thuc-pham,D07,Điểm thi THPT,2024,18.0,Công nghệ thực phẩm
109822,MBS,cong-nghe-thuc-pham,A00,Điểm thi THPT,2025,16.5,Công nghệ thực phẩm
109823,MBS,cong-nghe-thuc-pham,A01,Điểm thi THPT,2025,16.5,Công nghệ thực phẩm
109824,MBS,cong-nghe-thuc-pham,B00,Điểm thi THPT,2025,16.5,Công nghệ thực phẩm
109825,MBS,cong-nghe-thuc-pham,B08,Điểm thi THPT,2025,16.5,Công nghệ thực phẩm
109826,MBS,cong-nghe-thuc-pham,D07,Điểm thi THPT,2025,16.5,Công nghệ thực phẩm
109827,MBS,cong-tac-xa-hoi,A01,Điểm học bạ,2021,18.0,Công tác xã hội
109828,MBS,cong-tac-xa-hoi,C00,Điểm học bạ,2021,18.0,Công tác xã hội
109829,MBS,cong-tac-xa-hoi,D01,Điểm học bạ,2021,18.0,Công tác xã hội
109830,MBS,cong-tac-xa-hoi,D02,Điểm học bạ,2021,18.0,Công tác xã hội
109831,MBS,cong-tac-xa-hoi,D03,Điểm học bạ,2021,18.0,Công tác xã hội
109832,MBS,cong-tac-xa-hoi,D04,Điểm học bạ,2021,18.0,Công tác xã hội
109833,MBS,cong-tac-xa-hoi,D05,Điểm học bạ,2021,18.0,Công tác xã hội
109834,MBS,cong-tac-xa-hoi,D06,Điểm học bạ,2021,18.0,Công tác xã hội
109835,MBS,cong-tac-xa-hoi,D78,Điểm học bạ,2021,18.0,Công tác xã hội
109836,MBS,cong-tac-xa-hoi,D79,Điểm học bạ,2021,18.0,Công tác xã hội
109837,MBS,cong-tac-xa-hoi,D80,Điểm học bạ,2021,18.0,Công tác xã hội
109838,MBS,cong-tac-xa-hoi,D81,Điểm học bạ,2021,18.0,Công tác xã hội
109839,MBS,cong-tac-xa-hoi,D82,Điểm học bạ,2021,18.0,Công tác xã hội
109840,MBS,cong-tac-xa-hoi,D83,Điểm học bạ,2021,18.0,Công tác xã hội
109841,MBS,cong-tac-xa-hoi,A01,Điểm thi THPT,2021,18.8,Công tác xã hội
109842,MBS,cong-tac-xa-hoi,C00,Điểm thi THPT,2021,18.8,Công tác xã hội
109843,MBS,cong-tac-xa-hoi,D01,Điểm thi THPT,2021,18.8,Công tác xã hội
109844,MBS,cong-tac-xa-hoi,D02,Điểm thi THPT,2021,18.8,Công tác xã hội
109845,MBS,cong-tac-xa-hoi,D03,Điểm thi THPT,2021,18.8,Công tác xã hội
109846,MBS,cong-tac-xa-hoi,D04,Điểm thi THPT,2021,18.8,Công tác xã hội
109847,MBS,cong-tac-xa-hoi,D05,Điểm thi THPT,2021,18.8,Công tác xã hội
109848,MBS,cong-tac-xa-hoi,D06,Điểm thi THPT,2021,18.8,Công tác xã hội
109849,MBS,cong-tac-xa-hoi,D78,Điểm thi THPT,2021,18.8,Công tác xã hội
109850,MBS,cong-tac-xa-hoi,D79,Điểm thi THPT,2021,18.8,Công tác xã hội
109851,MBS,cong-tac-xa-hoi,D80,Điểm thi THPT,2021,18.8,Công tác xã hội
109852,MBS,cong-tac-xa-hoi,D81,Điểm thi THPT,2021,18.8,Công tác xã hội
109853,MBS,cong-tac-xa-hoi,D82,Điểm thi THPT,2021,18.8,Công tác xã hội
109854,MBS,cong-tac-xa-hoi,D83,Điểm thi THPT,2021,18.8,Công tác xã hội
109855,MBS,cong-tac-xa-hoi,A01,Điểm thi THPT,2022,20.0,Công tác xã hội
109856,MBS,cong-tac-xa-hoi,C00,Điểm thi THPT,2022,20.0,Công tác xã hội
109857,MBS,cong-tac-xa-hoi,D01,Điểm thi THPT,2022,20.0,Công tác xã hội
109858,MBS,cong-tac-xa-hoi,D02,Điểm thi THPT,2022,20.0,Công tác xã hội
109859,MBS,cong-tac-xa-hoi,D03,Điểm thi THPT,2022,20.0,Công tác xã hội
109860,MBS,cong-tac-xa-hoi,D04,Điểm thi THPT,2022,20.0,Công tác xã hội
109861,MBS,cong-tac-xa-hoi,D05,Điểm thi THPT,2022,20.0,Công tác xã hội
109862,MBS,cong-tac-xa-hoi,D06,Điểm thi THPT,2022,20.0,Công tác xã hội
109863,MBS,cong-tac-xa-hoi,D78,Điểm thi THPT,2022,20.0,Công tác xã hội
109864,MBS,cong-tac-xa-hoi,D79,Điểm thi THPT,2022,20.0,Công tác xã hội
109865,MBS,cong-tac-xa-hoi,D80,Điểm thi THPT,2022,20.0,Công tác xã hội
109866,MBS,cong-tac-xa-hoi,D81,Điểm thi THPT,2022,20.0,Công tác xã hội
109867,MBS,cong-tac-xa-hoi,D82,Điểm thi THPT,2022,20.0,Công tác xã hội
109868,MBS,cong-tac-xa-hoi,D83,Điểm thi THPT,2022,20.0,Công tác xã hội
109869,MBS,cong-tac-xa-hoi,A01,Điểm học bạ,2023,23.25,Công tác xã hội
109870,MBS,cong-tac-xa-hoi,C00,Điểm học bạ,2023,23.25,Công tác xã hội
109871,MBS,cong-tac-xa-hoi,D01,Điểm học bạ,2023,23.25,Công tác xã hội
109872,MBS,cong-tac-xa-hoi,D78,Điểm học bạ,2023,23.25,Công tác xã hội
109873,MBS,cong-tac-xa-hoi,A01,Điểm thi THPT,2023,21.5,Công tác xã hội
109874,MBS,cong-tac-xa-hoi,C00,Điểm thi THPT,2023,21.5,Công tác xã hội
109875,MBS,cong-tac-xa-hoi,D01,Điểm thi THPT,2023,21.5,Công tác xã hội
109876,MBS,cong-tac-xa-hoi,D06,Điểm thi THPT,2023,21.5,Công tác xã hội
109877,MBS,cong-tac-xa-hoi,D78,Điểm thi THPT,2023,21.5,Công tác xã hội
109878,MBS,cong-tac-xa-hoi,D83,Điểm thi THPT,2023,21.5,Công tác xã hội
109879,MBS,cong-tac-xa-hoi,A01,Điểm học bạ,2024,24.6,Công tác xã hội
109880,MBS,cong-tac-xa-hoi,C00,Điểm học bạ,2024,24.6,Công tác xã hội
109881,MBS,cong-tac-xa-hoi,D01,Điểm học bạ,2024,24.6,Công tác xã hội
109882,MBS,cong-tac-xa-hoi,D06,Điểm học bạ,2024,24.6,Công tác xã hội
109883,MBS,cong-tac-xa-hoi,D83,Điểm học bạ,2024,24.6,Công tác xã hội
109884,MBS,cong-tac-xa-hoi,A01,Điểm thi THPT,2024,21.6,Công tác xã hội
109885,MBS,cong-tac-xa-hoi,C00,Điểm thi THPT,2024,21.6,Công tác xã hội
109886,MBS,cong-tac-xa-hoi,D01,Điểm thi THPT,2024,21.6,Công tác xã hội
109887,MBS,cong-tac-xa-hoi,D06,Điểm thi THPT,2024,21.6,Công tác xã hội
109888,MBS,cong-tac-xa-hoi,D78,Điểm thi THPT,2024,21.6,Công tác xã hội
109889,MBS,cong-tac-xa-hoi,D83,Điểm thi THPT,2024,21.6,Công tác xã hội
109890,MBS,cong-tac-xa-hoi,C00,Điểm thi THPT,2025,23.75,Công tác xã hội
109891,MBS,cong-tac-xa-hoi,C14,Điểm thi THPT,2025,23.75,Công tác xã hội
109892,MBS,cong-tac-xa-hoi,C19,Điểm thi THPT,2025,23.75,Công tác xã hội
109893,MBS,cong-tac-xa-hoi,C20,Điểm thi THPT,2025,23.75,Công tác xã hội
109894,MBS,cong-tac-xa-hoi,D01,Điểm thi THPT,2025,22.75,Công tác xã hội
109895,MBS,cong-tac-xa-hoi,D02,Điểm thi THPT,2025,22.75,Công tác xã hội
109896,MBS,cong-tac-xa-hoi,D03,Điểm thi THPT,2025,22.75,Công tác xã hội
109897,MBS,cong-tac-xa-hoi,D04,Điểm thi THPT,2025,22.75,Công tác xã hội
109898,MBS,cong-tac-xa-hoi,D05,Điểm thi THPT,2025,22.75,Công tác xã hội
109899,MBS,cong-tac-xa-hoi,D06,Điểm thi THPT,2025,22.75,Công tác xã hội
109900,MBS,cong-tac-xa-hoi,D14,Điểm thi THPT,2025,23.75,Công tác xã hội
109901,MBS,cong-tac-xa-hoi,D15,Điểm thi THPT,2025,23.75,Công tác xã hội
109902,MBS,cong-tac-xa-hoi,D41,Điểm thi THPT,2025,23.75,Công tác xã hội
109903,MBS,cong-tac-xa-hoi,D42,Điểm thi THPT,2025,23.75,Công tác xã hội
109904,MBS,cong-tac-xa-hoi,D43,Điểm thi THPT,2025,23.75,Công tác xã hội
109905,MBS,cong-tac-xa-hoi,D44,Điểm thi THPT,2025,23.75,Công tác xã hội
109906,MBS,cong-tac-xa-hoi,D45,Điểm thi THPT,2025,23.75,Công tác xã hội
109907,MBS,cong-tac-xa-hoi,D61,Điểm thi THPT,2025,23.75,Công tác xã hội
109908,MBS,cong-tac-xa-hoi,D62,Điểm thi THPT,2025,23.75,Công tác xã hội
109909,MBS,cong-tac-xa-hoi,D63,Điểm thi THPT,2025,23.75,Công tác xã hội
109910,MBS,cong-tac-xa-hoi,D64,Điểm thi THPT,2025,23.75,Công tác xã hội
109911,MBS,cong-tac-xa-hoi,D65,Điểm thi THPT,2025,23.75,Công tác xã hội
109912,MBS,cong-tac-xa-hoi,D66,Điểm thi THPT,2025,23.75,Công tác xã hội
109913,MBS,cong-tac-xa-hoi,D67,Điểm thi THPT,2025,23.75,Công tác xã hội
109914,MBS,cong-tac-xa-hoi,D68,Điểm thi THPT,2025,23.75,Công tác xã hội
109915,MBS,cong-tac-xa-hoi,D69,Điểm thi THPT,2025,23.75,Công tác xã hội
109916,MBS,cong-tac-xa-hoi,D70,Điểm thi THPT,2025,23.75,Công tác xã hội
109917,MBS,cong-tac-xa-hoi,D71,Điểm thi THPT,2025,23.75,Công tác xã hội
109918,MBS,cong-tac-xa-hoi,X01,Điểm thi THPT,2025,22.75,Công tác xã hội
109919,MBS,cong-tac-xa-hoi,X70,Điểm thi THPT,2025,23.75,Công tác xã hội
109920,MBS,cong-tac-xa-hoi,X74,Điểm thi THPT,2025,23.75,Công tác xã hội
109921,MBS,cong-tac-xa-hoi,X78,Điểm thi THPT,2025,23.75,Công tác xã hội
109922,MBS,cong-tac-xa-hoi,X82,Điểm thi THPT,2025,23.75,Công tác xã hội
109923,MBS,cong-tac-xa-hoi,X86,Điểm thi THPT,2025,23.75,Công tác xã hội
109924,MBS,cong-tac-xa-hoi,X90,Điểm thi THPT,2025,23.75,Công tác xã hội
109925,MBS,cong-tac-xa-hoi,X94,Điểm thi THPT,2025,23.75,Công tác xã hội
109926,MBS,cong-tac-xa-hoi,X98,Điểm thi THPT,2025,23.75,Công tác xã hội
109927,MBS,cong-tac-xa-hoi,Y03,Điểm thi THPT,2025,23.75,Công tác xã hội
109928,MBS,dong-nam-a-hoc,A01,Điểm học bạ,2021,18.0,Đông Nam Á học
109929,MBS,dong-nam-a-hoc,C00,Điểm học bạ,2021,18.0,Đông Nam Á học
109930,MBS,dong-nam-a-hoc,D01,Điểm học bạ,2021,18.0,Đông Nam Á học
109931,MBS,dong-nam-a-hoc,D02,Điểm học bạ,2021,18.0,Đông Nam Á học
109932,MBS,dong-nam-a-hoc,D03,Điểm học bạ,2021,18.0,Đông Nam Á học
109933,MBS,dong-nam-a-hoc,D04,Điểm học bạ,2021,18.0,Đông Nam Á học
109934,MBS,dong-nam-a-hoc,D05,Điểm học bạ,2021,18.0,Đông Nam Á học
109935,MBS,dong-nam-a-hoc,D06,Điểm học bạ,2021,18.0,Đông Nam Á học
109936,MBS,dong-nam-a-hoc,D78,Điểm học bạ,2021,18.0,Đông Nam Á học
109937,MBS,dong-nam-a-hoc,D79,Điểm học bạ,2021,18.0,Đông Nam Á học
109938,MBS,dong-nam-a-hoc,D80,Điểm học bạ,2021,18.0,Đông Nam Á học
109939,MBS,dong-nam-a-hoc,D81,Điểm học bạ,2021,18.0,Đông Nam Á học
109940,MBS,dong-nam-a-hoc,D82,Điểm học bạ,2021,18.0,Đông Nam Á học
109941,MBS,dong-nam-a-hoc,D83,Điểm học bạ,2021,18.0,Đông Nam Á học
109942,MBS,dong-nam-a-hoc,A01,Điểm thi THPT,2021,23.1,Đông Nam Á học
109943,MBS,dong-nam-a-hoc,C00,Điểm thi THPT,2021,23.1,Đông Nam Á học
109944,MBS,dong-nam-a-hoc,D01,Điểm thi THPT,2021,23.1,Đông Nam Á học
109945,MBS,dong-nam-a-hoc,D02,Điểm thi THPT,2021,23.1,Đông Nam Á học
109946,MBS,dong-nam-a-hoc,D03,Điểm thi THPT,2021,23.1,Đông Nam Á học
109947,MBS,dong-nam-a-hoc,D04,Điểm thi THPT,2021,23.1,Đông Nam Á học
109948,MBS,dong-nam-a-hoc,D05,Điểm thi THPT,2021,23.1,Đông Nam Á học
109949,MBS,dong-nam-a-hoc,D06,Điểm thi THPT,2021,23.1,Đông Nam Á học
109950,MBS,dong-nam-a-hoc,D78,Điểm thi THPT,2021,23.1,Đông Nam Á học
109951,MBS,dong-nam-a-hoc,D79,Điểm thi THPT,2021,23.1,Đông Nam Á học
109952,MBS,dong-nam-a-hoc,D80,Điểm thi THPT,2021,23.1,Đông Nam Á học
109953,MBS,dong-nam-a-hoc,D81,Điểm thi THPT,2021,23.1,Đông Nam Á học
109954,MBS,dong-nam-a-hoc,D82,Điểm thi THPT,2021,23.1,Đông Nam Á học
109955,MBS,dong-nam-a-hoc,D83,Điểm thi THPT,2021,23.1,Đông Nam Á học
109956,MBS,dong-nam-a-hoc,A01,Điểm thi THPT,2022,20.0,Đông Nam Á học
109957,MBS,dong-nam-a-hoc,C00,Điểm thi THPT,2022,20.0,Đông Nam Á học
109958,MBS,dong-nam-a-hoc,D01,Điểm thi THPT,2022,20.0,Đông Nam Á học
109959,MBS,dong-nam-a-hoc,D02,Điểm thi THPT,2022,20.0,Đông Nam Á học
109960,MBS,dong-nam-a-hoc,D03,Điểm thi THPT,2022,20.0,Đông Nam Á học
109961,MBS,dong-nam-a-hoc,D04,Điểm thi THPT,2022,20.0,Đông Nam Á học
109962,MBS,dong-nam-a-hoc,D05,Điểm thi THPT,2022,20.0,Đông Nam Á học
109963,MBS,dong-nam-a-hoc,D06,Điểm thi THPT,2022,20.0,Đông Nam Á học
109964,MBS,dong-nam-a-hoc,D78,Điểm thi THPT,2022,20.0,Đông Nam Á học
109965,MBS,dong-nam-a-hoc,D79,Điểm thi THPT,2022,20.0,Đông Nam Á học
109966,MBS,dong-nam-a-hoc,D80,Điểm thi THPT,2022,20.0,Đông Nam Á học
109967,MBS,dong-nam-a-hoc,D81,Điểm thi THPT,2022,20.0,Đông Nam Á học
109968,MBS,dong-nam-a-hoc,D82,Điểm thi THPT,2022,20.0,Đông Nam Á học
109969,MBS,dong-nam-a-hoc,D83,Điểm thi THPT,2022,20.0,Đông Nam Á học
109970,MBS,dong-nam-a-hoc,A01,Điểm học bạ,2023,23.5,Đông Nam á học
109971,MBS,dong-nam-a-hoc,C00,Điểm học bạ,2023,23.5,Đông Nam á học
109972,MBS,dong-nam-a-hoc,D01,Điểm học bạ,2023,23.5,Đông Nam á học
109973,MBS,dong-nam-a-hoc,D78,Điểm học bạ,2023,23.5,Đông Nam á học
109974,MBS,dong-nam-a-hoc,A01,Điểm thi THPT,2023,22.6,Đông Nam Á học
109975,MBS,dong-nam-a-hoc,C00,Điểm thi THPT,2023,22.6,Đông Nam Á học
109976,MBS,dong-nam-a-hoc,D01,Điểm thi THPT,2023,22.6,Đông Nam Á học
109977,MBS,dong-nam-a-hoc,D06,Điểm thi THPT,2023,22.6,Đông Nam Á học
109978,MBS,dong-nam-a-hoc,D78,Điểm thi THPT,2023,22.6,Đông Nam Á học
109979,MBS,dong-nam-a-hoc,D83,Điểm thi THPT,2023,22.6,Đông Nam Á học
109980,MBS,dong-nam-a-hoc,A01,Điểm học bạ,2024,21.0,Đông Nam á học
109981,MBS,dong-nam-a-hoc,C00,Điểm học bạ,2024,21.0,Đông Nam á học
109982,MBS,dong-nam-a-hoc,D01,Điểm học bạ,2024,21.0,Đông Nam á học
109983,MBS,dong-nam-a-hoc,D06,Điểm học bạ,2024,21.0,Đông Nam á học
109984,MBS,dong-nam-a-hoc,D78,Điểm học bạ,2024,21.0,Đông Nam á học
109985,MBS,dong-nam-a-hoc,D83,Điểm học bạ,2024,21.0,Đông Nam á học
109986,MBS,dong-nam-a-hoc,A01,Điểm thi THPT,2024,18.0,Đông Nam Á học
109987,MBS,dong-nam-a-hoc,C00,Điểm thi THPT,2024,18.0,Đông Nam Á học
109988,MBS,dong-nam-a-hoc,D01,Điểm thi THPT,2024,18.0,Đông Nam Á học
109989,MBS,dong-nam-a-hoc,D06,Điểm thi THPT,2024,18.0,Đông Nam Á học
109990,MBS,dong-nam-a-hoc,D78,Điểm thi THPT,2024,18.0,Đông Nam Á học
109991,MBS,dong-nam-a-hoc,D83,Điểm thi THPT,2024,18.0,Đông Nam Á học
109992,MBS,dong-nam-a-hoc,C00,Điểm thi THPT,2025,21.8,Đông Nam á học
109993,MBS,dong-nam-a-hoc,C14,Điểm thi THPT,2025,21.8,Đông Nam á học
109994,MBS,dong-nam-a-hoc,C19,Điểm thi THPT,2025,21.8,Đông Nam á học
109995,MBS,dong-nam-a-hoc,C20,Điểm thi THPT,2025,21.8,Đông Nam á học
109996,MBS,dong-nam-a-hoc,D01,Điểm thi THPT,2025,20.8,Đông Nam á học
109997,MBS,dong-nam-a-hoc,D02,Điểm thi THPT,2025,20.8,Đông Nam á học
109998,MBS,dong-nam-a-hoc,D03,Điểm thi THPT,2025,20.8,Đông Nam á học
109999,MBS,dong-nam-a-hoc,D04,Điểm thi THPT,2025,20.8,Đông Nam á học
110000,MBS,dong-nam-a-hoc,D05,Điểm thi THPT,2025,20.8,Đông Nam á học
110001,MBS,dong-nam-a-hoc,D06,Điểm thi THPT,2025,20.8,Đông Nam á học
110002,MBS,dong-nam-a-hoc,D14,Điểm thi THPT,2025,21.8,Đông Nam á học
110003,MBS,dong-nam-a-hoc,D15,Điểm thi THPT,2025,21.8,Đông Nam á học
110004,MBS,dong-nam-a-hoc,D41,Điểm thi THPT,2025,21.8,Đông Nam á học
110005,MBS,dong-nam-a-hoc,D42,Điểm thi THPT,2025,21.8,Đông Nam á học
110006,MBS,dong-nam-a-hoc,D43,Điểm thi THPT,2025,21.8,Đông Nam á học
110007,MBS,dong-nam-a-hoc,D44,Điểm thi THPT,2025,21.8,Đông Nam á học
110008,MBS,dong-nam-a-hoc,D45,Điểm thi THPT,2025,21.8,Đông Nam á học
110009,MBS,dong-nam-a-hoc,D61,Điểm thi THPT,2025,21.8,Đông Nam á học
110010,MBS,dong-nam-a-hoc,D62,Điểm thi THPT,2025,21.8,Đông Nam á học
110011,MBS,dong-nam-a-hoc,D63,Điểm thi THPT,2025,21.8,Đông Nam á học
110012,MBS,dong-nam-a-hoc,D64,Điểm thi THPT,2025,21.8,Đông Nam á học
110013,MBS,dong-nam-a-hoc,D65,Điểm thi THPT,2025,21.8,Đông Nam á học
110014,MBS,dong-nam-a-hoc,D66,Điểm thi THPT,2025,21.8,Đông Nam á học
110015,MBS,dong-nam-a-hoc,D67,Điểm thi THPT,2025,21.8,Đông Nam á học
110016,MBS,dong-nam-a-hoc,D68,Điểm thi THPT,2025,21.8,Đông Nam á học
110017,MBS,dong-nam-a-hoc,D69,Điểm thi THPT,2025,21.8,Đông Nam á học
110018,MBS,dong-nam-a-hoc,D70,Điểm thi THPT,2025,21.8,Đông Nam á học
110019,MBS,dong-nam-a-hoc,D71,Điểm thi THPT,2025,21.8,Đông Nam á học
110020,MBS,dong-nam-a-hoc,X01,Điểm thi THPT,2025,20.8,Đông Nam á học
110021,MBS,dong-nam-a-hoc,X70,Điểm thi THPT,2025,21.8,Đông Nam á học
110022,MBS,dong-nam-a-hoc,X74,Điểm thi THPT,2025,21.8,Đông Nam á học
110023,MBS,dong-nam-a-hoc,X78,Điểm thi THPT,2025,21.8,Đông Nam á học
110024,MBS,dong-nam-a-hoc,X82,Điểm thi THPT,2025,21.8,Đông Nam á học
110025,MBS,dong-nam-a-hoc,X86,Điểm thi THPT,2025,21.8,Đông Nam á học
110026,MBS,dong-nam-a-hoc,X90,Điểm thi THPT,2025,21.8,Đông Nam á học
110027,MBS,dong-nam-a-hoc,X94,Điểm thi THPT,2025,21.8,Đông Nam á học
110028,MBS,dong-nam-a-hoc,X98,Điểm thi THPT,2025,21.8,Đông Nam á học
110029,MBS,dong-nam-a-hoc,Y03,Điểm thi THPT,2025,21.8,Đông Nam á học
110030,MBS,du-lich,A00,Điểm học bạ,2021,25.75,Du lịch
110031,MBS,du-lich,A01,Điểm học bạ,2021,25.75,Du lịch
110032,MBS,du-lich,C03,Điểm học bạ,2021,25.75,Du lịch
110033,MBS,du-lich,D01,Điểm học bạ,2021,25.75,Du lịch
110034,MBS,du-lich,A00,Điểm thi THPT,2021,24.5,Du lịch
110035,MBS,du-lich,A01,Điểm thi THPT,2021,24.5,Du lịch
110036,MBS,du-lich,C03,Điểm thi THPT,2021,24.5,Du lịch
110037,MBS,du-lich,D01,Điểm thi THPT,2021,24.5,Du lịch
110038,MBS,du-lich,A00,Điểm thi THPT,2022,23.8,Du lịch
110039,MBS,du-lich,A01,Điểm thi THPT,2022,23.8,Du lịch
110040,MBS,du-lich,C03,Điểm thi THPT,2022,23.8,Du lịch
110041,MBS,du-lich,D01,Điểm thi THPT,2022,23.8,Du lịch
110042,MBS,du-lich,A00,Điểm thi THPT,2023,23.4,Du lịch
110043,MBS,du-lich,A01,Điểm thi THPT,2023,23.4,Du lịch
110044,MBS,du-lich,C03,Điểm thi THPT,2023,23.4,Du lịch
110045,MBS,du-lich,D01,Điểm thi THPT,2023,23.4,Du lịch
110046,MBS,du-lich,A00,Điểm học bạ,2024,26.6,Du lịch
110047,MBS,du-lich,A01,Điểm học bạ,2024,26.6,Du lịch
110048,MBS,du-lich,C03,Điểm học bạ,2024,26.6,Du lịch
110049,MBS,du-lich,D01,Điểm học bạ,2024,26.6,Du lịch
110050,MBS,du-lich,A00,Điểm thi THPT,2024,23.4,Du lịch
110051,MBS,du-lich,A01,Điểm thi THPT,2024,23.4,Du lịch
110052,MBS,du-lich,C03,Điểm thi THPT,2024,23.4,Du lịch
110053,MBS,du-lich,D01,Điểm thi THPT,2024,23.4,Du lịch
110054,MBS,du-lich,A00,Điểm thi THPT,2025,21.75,Du lịch
110055,MBS,du-lich,A01,Điểm thi THPT,2025,21.75,Du lịch
110056,MBS,du-lich,C03,Điểm thi THPT,2025,21.75,Du lịch
110057,MBS,du-lich,D01,Điểm thi THPT,2025,21.75,Du lịch
110058,MBS,du-lich,D09,Điểm thi THPT,2025,21.75,Du lịch
110059,MBS,du-lich,D10,Điểm thi THPT,2025,21.75,Du lịch
110060,MBS,du-lich,D14,Điểm thi THPT,2025,23.25,Du lịch
110061,MBS,du-lich,D15,Điểm thi THPT,2025,23.25,Du lịch
110062,MBS,du-lich,X06,Điểm thi THPT,2025,21.75,Du lịch
110063,MBS,du-lich,X26,Điểm thi THPT,2025,21.75,Du lịch
110064,MBS,du-lich,X27,Điểm thi THPT,2025,21.75,Du lịch
110065,MBS,du-lich,X56,Điểm thi THPT,2025,21.75,Du lịch
110066,MBS,he-thong-thong-tin-quan-ly,A00,Điểm học bạ,2021,22.75,Hệ thống thông tin quản lý
110067,MBS,he-thong-thong-tin-quan-ly,A01,Điểm học bạ,2021,22.75,Hệ thống thông tin quản lý
110068,MBS,he-thong-thong-tin-quan-ly,D01,Điểm học bạ,2021,22.75,Hệ thống thông tin quản lý
110069,MBS,he-thong-thong-tin-quan-ly,D07,Điểm học bạ,2021,22.75,Hệ thống thông tin quản lý
110070,MBS,he-thong-thong-tin-quan-ly,A00,Điểm thi THPT,2021,25.9,Hệ thống thông tin quản lý
110071,MBS,he-thong-thong-tin-quan-ly,A01,Điểm thi THPT,2021,25.9,Hệ thống thông tin quản lý
110072,MBS,he-thong-thong-tin-quan-ly,D01,Điểm thi THPT,2021,25.9,Hệ thống thông tin quản lý
110073,MBS,he-thong-thong-tin-quan-ly,D07,Điểm thi THPT,2021,25.9,Hệ thống thông tin quản lý
110074,MBS,he-thong-thong-tin-quan-ly,A00,Điểm thi THPT,2022,23.5,Hệ thống thông tin quản lý
110075,MBS,he-thong-thong-tin-quan-ly,A01,Điểm thi THPT,2022,23.5,Hệ thống thông tin quản lý
110076,MBS,he-thong-thong-tin-quan-ly,D01,Điểm thi THPT,2022,23.5,Hệ thống thông tin quản lý
110077,MBS,he-thong-thong-tin-quan-ly,D07,Điểm thi THPT,2022,23.5,Hệ thống thông tin quản lý
110078,MBS,he-thong-thong-tin-quan-ly,A00,Điểm học bạ,2023,27.7,Hệ thống thông tin quản lý
110079,MBS,he-thong-thong-tin-quan-ly,A01,Điểm học bạ,2023,27.7,Hệ thống thông tin quản lý
110080,MBS,he-thong-thong-tin-quan-ly,D01,Điểm học bạ,2023,27.7,Hệ thống thông tin quản lý
110081,MBS,he-thong-thong-tin-quan-ly,D07,Điểm học bạ,2023,27.7,Hệ thống thông tin quản lý
110082,MBS,he-thong-thong-tin-quan-ly,A00,Điểm thi THPT,2023,23.7,Hệ thống thông tin quản lý
110083,MBS,he-thong-thong-tin-quan-ly,A01,Điểm thi THPT,2023,23.7,Hệ thống thông tin quản lý
110084,MBS,he-thong-thong-tin-quan-ly,D01,Điểm thi THPT,2023,23.7,Hệ thống thông tin quản lý
110085,MBS,he-thong-thong-tin-quan-ly,D07,Điểm thi THPT,2023,23.7,Hệ thống thông tin quản lý
110086,MBS,he-thong-thong-tin-quan-ly,A00,Điểm học bạ,2024,20.0,Hệ thống thông tin quản lý
110087,MBS,he-thong-thong-tin-quan-ly,A01,Điểm học bạ,2024,20.0,Hệ thống thông tin quản lý
110088,MBS,he-thong-thong-tin-quan-ly,D01,Điểm học bạ,2024,20.0,Hệ thống thông tin quản lý
110089,MBS,he-thong-thong-tin-quan-ly,D07,Điểm học bạ,2024,20.0,Hệ thống thông tin quản lý
110090,MBS,he-thong-thong-tin-quan-ly,A00,Điểm thi THPT,2024,20.0,Hệ thống thông tin quản lý
110091,MBS,he-thong-thong-tin-quan-ly,A01,Điểm thi THPT,2024,20.0,Hệ thống thông tin quản lý
110092,MBS,he-thong-thong-tin-quan-ly,D01,Điểm thi THPT,2024,20.0,Hệ thống thông tin quản lý
110093,MBS,he-thong-thong-tin-quan-ly,D07,Điểm thi THPT,2024,20.0,Hệ thống thông tin quản lý
110094,MBS,he-thong-thong-tin-quan-ly,A00,Điểm thi THPT,2025,19.5,Hệ thống thông tin quản lý
110095,MBS,he-thong-thong-tin-quan-ly,A01,Điểm thi THPT,2025,19.5,Hệ thống thông tin quản lý
110096,MBS,he-thong-thong-tin-quan-ly,C01,Điểm thi THPT,2025,19.5,Hệ thống thông tin quản lý
110097,MBS,he-thong-thong-tin-quan-ly,C02,Điểm thi THPT,2025,19.5,Hệ thống thông tin quản lý
110098,MBS,he-thong-thong-tin-quan-ly,D01,Điểm thi THPT,2025,19.5,Hệ thống thông tin quản lý
110099,MBS,he-thong-thong-tin-quan-ly,D07,Điểm thi THPT,2025,19.5,Hệ thống thông tin quản lý
110100,MBS,he-thong-thong-tin-quan-ly,X02,Điểm thi THPT,2025,19.5,Hệ thống thông tin quản lý
110101,MBS,he-thong-thong-tin-quan-ly,X06,Điểm thi THPT,2025,19.5,Hệ thống thông tin quản lý
110102,MBS,he-thong-thong-tin-quan-ly,X10,Điểm thi THPT,2025,19.5,Hệ thống thông tin quản lý
110103,MBS,he-thong-thong-tin-quan-ly,X26,Điểm thi THPT,2025,19.5,Hệ thống thông tin quản lý
110104,MBS,ke-toan,A00,Điểm học bạ,2021,25.75,Kế toán
110105,MBS,ke-toan,A01,Điểm học bạ,2021,25.75,Kế toán
110106,MBS,ke-toan,D01,Điểm học bạ,2021,25.75,Kế toán
110107,MBS,ke-toan,D07,Điểm học bạ,2021,25.75,Kế toán
110108,MBS,ke-toan,A00,Điểm thi THPT,2021,25.7,Kế toán
110109,MBS,ke-toan,A01,Điểm thi THPT,2021,25.7,Kế toán
110110,MBS,ke-toan,D01,Điểm thi THPT,2021,25.7,Kế toán
110111,MBS,ke-toan,D07,Điểm thi THPT,2021,25.7,Kế toán
110112,MBS,ke-toan,A00,Điểm thi THPT,2022,23.3,Kế toán
110113,MBS,ke-toan,A01,Điểm thi THPT,2022,23.3,Kế toán
110114,MBS,ke-toan,D01,Điểm thi THPT,2022,23.3,Kế toán
110115,MBS,ke-toan,D07,Điểm thi THPT,2022,23.3,Kế toán
110116,MBS,ke-toan,A01,Điểm học bạ,2023,24.25,Kế toán (Chất lượng cao)
110117,MBS,ke-toan,D01,Điểm học bạ,2023,24.25,Kế toán (Chất lượng cao)
110118,MBS,ke-toan,D07,Điểm học bạ,2023,24.25,Kế toán (Chất lượng cao)
110119,MBS,ke-toan,D96,Điểm học bạ,2023,24.25,Kế toán (Chất lượng cao)
110120,MBS,ke-toan,A00,Điểm thi THPT,2023,23.8,Kế toán
110121,MBS,ke-toan,A01,Điểm thi THPT,2023,23.8,Kế toán
110122,MBS,ke-toan,D01,Điểm thi THPT,2023,23.8,Kế toán
110123,MBS,ke-toan,D07,Điểm thi THPT,2023,23.8,Kế toán
110124,MBS,ke-toan,A00,Điểm học bạ,2024,26.25,Kế toán
110125,MBS,ke-toan,A01,Điểm học bạ,2024,26.25,Kế toán
110126,MBS,ke-toan,D01,Điểm học bạ,2024,26.25,Kế toán
110127,MBS,ke-toan,D07,Điểm học bạ,2024,26.25,Kế toán
110128,MBS,ke-toan,D96,Điểm học bạ,2024,20.0,Kế toán (CT chất lượng cao)
110129,MBS,ke-toan,A00,Điểm thi THPT,2024,21.0,Kế toán
110130,MBS,ke-toan,A01,Điểm thi THPT,2024,21.0,Kế toán
110131,MBS,ke-toan,D01,Điểm thi THPT,2024,21.0,Kế toán
110132,MBS,ke-toan,D07,Điểm thi THPT,2024,21.0,Kế toán
110133,MBS,ke-toan,A00,Điểm thi THPT,2025,20.2,Kế toán
110134,MBS,ke-toan,A01,Điểm thi THPT,2025,20.2,Kế toán
110135,MBS,ke-toan,C01,Điểm thi THPT,2025,20.2,Kế toán
110136,MBS,ke-toan,C02,Điểm thi THPT,2025,20.2,Kế toán
110137,MBS,ke-toan,D01,Điểm thi THPT,2025,20.2,Kế toán
110138,MBS,ke-toan,D07,Điểm thi THPT,2025,20.2,Kế toán
110139,MBS,ke-toan,D66,Điểm thi THPT,2025,16.5,Kế toán Chương trình Tiên tiến
110140,MBS,ke-toan,D84,Điểm thi THPT,2025,21.7,Kế toán
110141,MBS,ke-toan,X02,Điểm thi THPT,2025,20.2,Kế toán
110142,MBS,ke-toan,X06,Điểm thi THPT,2025,20.2,Kế toán
110143,MBS,ke-toan,X10,Điểm thi THPT,2025,20.2,Kế toán
110144,MBS,ke-toan,X25,Điểm thi THPT,2025,20.2,Kế toán
110145,MBS,ke-toan,X26,Điểm thi THPT,2025,20.2,Kế toán
110146,MBS,ke-toan,X27,Điểm thi THPT,2025,15.0,Kế toán Chương trình Tiên tiến
110147,MBS,ke-toan,X28,Điểm thi THPT,2025,15.0,Kế toán Chương trình Tiên tiến
110148,MBS,ke-toan,X78,Điểm thi THPT,2025,16.5,Kế toán Chương trình Tiên tiến
110149,MBS,ke-toan,X79,Điểm thi THPT,2025,21.7,Kế toán
110150,MBS,ke-toan-chat-luong-cao,A00,Điểm học bạ,2021,20.0,Kế toán - Chất lượng cao
110151,MBS,ke-toan-chat-luong-cao,A01,Điểm học bạ,2021,20.0,Kế toán - Chất lượng cao
110152,MBS,ke-toan-chat-luong-cao,D01,Điểm học bạ,2021,20.0,Kế toán - Chất lượng cao
110153,MBS,ke-toan-chat-luong-cao,D07,Điểm học bạ,2021,20.0,Kế toán - Chất lượng cao
110154,MBS,ke-toan-chat-luong-cao,A00,Điểm thi THPT,2021,24.15,Kế toán - Chất lượng cao
110155,MBS,ke-toan-chat-luong-cao,A01,Điểm thi THPT,2021,24.15,Kế toán - Chất lượng cao
110156,MBS,ke-toan-chat-luong-cao,D01,Điểm thi THPT,2021,24.15,Kế toán - Chất lượng cao
110157,MBS,ke-toan-chat-luong-cao,D07,Điểm thi THPT,2021,24.15,Kế toán - Chất lượng cao
110158,MBS,ke-toan-chat-luong-cao,A01,Điểm thi THPT,2022,21.5,Kế toán - Chất lượng cao
110159,MBS,ke-toan-chat-luong-cao,D01,Điểm thi THPT,2022,21.5,Kế toán - Chất lượng cao
110160,MBS,ke-toan-chat-luong-cao,D07,Điểm thi THPT,2022,21.5,Kế toán - Chất lượng cao
110161,MBS,ke-toan-chat-luong-cao,D96,Điểm thi THPT,2022,21.5,Kế toán - Chất lượng cao
110162,MBS,ke-toan-chat-luong-cao,A01,Điểm thi THPT,2023,21.25,Kế toán Chất lượng cao
110163,MBS,ke-toan-chat-luong-cao,D01,Điểm thi THPT,2023,21.25,Kế toán Chất lượng cao
110164,MBS,ke-toan-chat-luong-cao,D07,Điểm thi THPT,2023,21.25,Kế toán Chất lượng cao
110165,MBS,ke-toan-chat-luong-cao,D96,Điểm thi THPT,2023,21.25,Kế toán Chất lượng cao
110166,MBS,ke-toan-chat-luong-cao,A01,Điểm thi THPT,2024,18.0,Kế toán Chất lượng cao
110167,MBS,ke-toan-chat-luong-cao,D01,Điểm thi THPT,2024,18.0,Kế toán Chất lượng cao
110168,MBS,ke-toan-chat-luong-cao,D07,Điểm thi THPT,2024,18.0,Kế toán Chất lượng cao
110169,MBS,ke-toan-chat-luong-cao,D96,Điểm thi THPT,2024,18.0,Kế toán Chất lượng cao
110170,MBS,khoa-hoc-du-lieu,A00,Điểm thi THPT,2023,23.9,Khoa học dữ liệu
110171,MBS,khoa-hoc-du-lieu,A01,Điểm thi THPT,2023,23.9,Khoa học dữ liệu
110172,MBS,khoa-hoc-du-lieu,D01,Điểm thi THPT,2023,23.9,Khoa học dữ liệu
110173,MBS,khoa-hoc-du-lieu,D07,Điểm thi THPT,2023,23.9,Khoa học dữ liệu
110174,MBS,khoa-hoc-du-lieu,A00,Điểm học bạ,2024,24.5,Khoa học dữ liệu
110175,MBS,khoa-hoc-du-lieu,A01,Điểm học bạ,2024,24.5,Khoa học dữ liệu
110176,MBS,khoa-hoc-du-lieu,D01,Điểm học bạ,2024,24.5,Khoa học dữ liệu
110177,MBS,khoa-hoc-du-lieu,D07,Điểm học bạ,2024,24.5,Khoa học dữ liệu
110178,MBS,khoa-hoc-du-lieu,A00,Điểm thi THPT,2024,20.0,Khoa học dữ liệu
110179,MBS,khoa-hoc-du-lieu,A01,Điểm thi THPT,2024,20.0,Khoa học dữ liệu
110180,MBS,khoa-hoc-du-lieu,D01,Điểm thi THPT,2024,20.0,Khoa học dữ liệu
110181,MBS,khoa-hoc-du-lieu,D07,Điểm thi THPT,2024,20.0,Khoa học dữ liệu
110182,MBS,khoa-hoc-du-lieu,A00,Điểm thi THPT,2025,20.3,Khoa học dữ liệu
110183,MBS,khoa-hoc-du-lieu,A01,Điểm thi THPT,2025,20.3,Khoa học dữ liệu
110184,MBS,khoa-hoc-du-lieu,C01,Điểm thi THPT,2025,20.3,Khoa học dữ liệu
110185,MBS,khoa-hoc-du-lieu,C02,Điểm thi THPT,2025,20.3,Khoa học dữ liệu
110186,MBS,khoa-hoc-du-lieu,D01,Điểm thi THPT,2025,20.3,Khoa học dữ liệu
110187,MBS,khoa-hoc-du-lieu,D07,Điểm thi THPT,2025,20.3,Khoa học dữ liệu
110188,MBS,khoa-hoc-du-lieu,X02,Điểm thi THPT,2025,20.3,Khoa học dữ liệu
110189,MBS,khoa-hoc-du-lieu,X06,Điểm thi THPT,2025,20.3,Khoa học dữ liệu
110190,MBS,khoa-hoc-du-lieu,X10,Điểm thi THPT,2025,20.3,Khoa học dữ liệu
110191,MBS,khoa-hoc-du-lieu,X26,Điểm thi THPT,2025,20.3,Khoa học dữ liệu
110192,MBS,khoa-hoc-may-tinh,A00,Điểm học bạ,2021,22.75,Khoa học máy tính
110193,MBS,khoa-hoc-may-tinh,A01,Điểm học bạ,2021,22.75,Khoa học máy tính
110194,MBS,khoa-hoc-may-tinh,D01,Điểm học bạ,2021,22.75,Khoa học máy tính
110195,MBS,khoa-hoc-may-tinh,D07,Điểm học bạ,2021,22.75,Khoa học máy tính
110196,MBS,khoa-hoc-may-tinh,A00,Điểm thi THPT,2021,25.55,Khoa học máy tính
110197,MBS,khoa-hoc-may-tinh,A01,Điểm thi THPT,2021,25.55,Khoa học máy tính
110198,MBS,khoa-hoc-may-tinh,D01,Điểm thi THPT,2021,25.55,Khoa học máy tính
110199,MBS,khoa-hoc-may-tinh,D07,Điểm thi THPT,2021,25.55,Khoa học máy tính
110200,MBS,khoa-hoc-may-tinh,A00,Điểm thi THPT,2022,24.5,Khoa học máy tính
110201,MBS,khoa-hoc-may-tinh,A01,Điểm thi THPT,2022,24.5,Khoa học máy tính
110202,MBS,khoa-hoc-may-tinh,D01,Điểm thi THPT,2022,24.5,Khoa học máy tính
110203,MBS,khoa-hoc-may-tinh,D07,Điểm thi THPT,2022,24.5,Khoa học máy tính
110204,MBS,khoa-hoc-may-tinh,A00,Điểm học bạ,2023,28.0,Khoa học máy tính
110205,MBS,khoa-hoc-may-tinh,A01,Điểm học bạ,2023,28.0,Khoa học máy tính
110206,MBS,khoa-hoc-may-tinh,D01,Điểm học bạ,2023,28.0,Khoa học máy tính
110207,MBS,khoa-hoc-may-tinh,D07,Điểm học bạ,2023,28.0,Khoa học máy tính
110208,MBS,khoa-hoc-may-tinh,A00,Điểm thi THPT,2023,24.0,Khoa học máy tính
110209,MBS,khoa-hoc-may-tinh,A01,Điểm thi THPT,2023,24.0,Khoa học máy tính
110210,MBS,khoa-hoc-may-tinh,D01,Điểm thi THPT,2023,24.0,Khoa học máy tính
110211,MBS,khoa-hoc-may-tinh,D07,Điểm thi THPT,2023,24.0,Khoa học máy tính
110212,MBS,khoa-hoc-may-tinh,A00,Điểm học bạ,2024,24.3,Khoa học máy tính
110213,MBS,khoa-hoc-may-tinh,A01,Điểm học bạ,2024,24.3,Khoa học máy tính
110214,MBS,khoa-hoc-may-tinh,D01,Điểm học bạ,2024,24.3,Khoa học máy tính
110215,MBS,khoa-hoc-may-tinh,D07,Điểm học bạ,2024,24.3,Khoa học máy tính
110216,MBS,khoa-hoc-may-tinh,A00,Điểm thi THPT,2024,20.0,Khoa học máy tính
110217,MBS,khoa-hoc-may-tinh,A01,Điểm thi THPT,2024,20.0,Khoa học máy tính
110218,MBS,khoa-hoc-may-tinh,D01,Điểm thi THPT,2024,20.0,Khoa học máy tính
110219,MBS,khoa-hoc-may-tinh,D07,Điểm thi THPT,2024,20.0,Khoa học máy tính
110220,MBS,khoa-hoc-may-tinh,A00,Điểm thi THPT,2025,19.0,Khoa học máy tính
110221,MBS,khoa-hoc-may-tinh,A01,Điểm thi THPT,2025,19.0,Khoa học máy tính
110222,MBS,khoa-hoc-may-tinh,B08,Điểm thi THPT,2025,16.0,Khoa học máy tính Chương trình Tiên tiến
110223,MBS,khoa-hoc-may-tinh,C01,Điểm thi THPT,2025,19.0,Khoa học máy tính
110224,MBS,khoa-hoc-may-tinh,C02,Điểm thi THPT,2025,19.0,Khoa học máy tính
110225,MBS,khoa-hoc-may-tinh,D01,Điểm thi THPT,2025,19.0,Khoa học máy tính
110226,MBS,khoa-hoc-may-tinh,D07,Điểm thi THPT,2025,19.0,Khoa học máy tính
110227,MBS,khoa-hoc-may-tinh,X02,Điểm thi THPT,2025,19.0,Khoa học máy tính
110228,MBS,khoa-hoc-may-tinh,X06,Điểm thi THPT,2025,19.0,Khoa học máy tính
110229,MBS,khoa-hoc-may-tinh,X10,Điểm thi THPT,2025,19.0,Khoa học máy tính
110230,MBS,khoa-hoc-may-tinh,X26,Điểm thi THPT,2025,19.0,Khoa học máy tính
110231,MBS,khoa-hoc-may-tinh,X27,Điểm thi THPT,2025,16.0,Khoa học máy tính Chương trình Tiên tiến
110232,MBS,khoa-hoc-may-tinh,X28,Điểm thi THPT,2025,16.0,Khoa học máy tính Chương trình Tiên tiến
110233,MBS,khoa-hoc-may-tinh-chat-luong-cao,A00,Điểm học bạ,2021,20.0,Khoa học máy tính - Chất lượng cao
110234,MBS,khoa-hoc-may-tinh-chat-luong-cao,A01,Điểm học bạ,2021,20.0,Khoa học máy tính - Chất lượng cao
110235,MBS,khoa-hoc-may-tinh-chat-luong-cao,D01,Điểm học bạ,2021,20.0,Khoa học máy tính - Chất lượng cao
110236,MBS,khoa-hoc-may-tinh-chat-luong-cao,D07,Điểm học bạ,2021,20.0,Khoa học máy tính - Chất lượng cao
110237,MBS,khoa-hoc-may-tinh-chat-luong-cao,A00,Điểm thi THPT,2021,24.0,Khoa học máy tính - Chất lượng cao
110238,MBS,khoa-hoc-may-tinh-chat-luong-cao,A01,Điểm thi THPT,2021,24.0,Khoa học máy tính - Chất lượng cao
110239,MBS,khoa-hoc-may-tinh-chat-luong-cao,D01,Điểm thi THPT,2021,24.0,Khoa học máy tính - Chất lượng cao
110240,MBS,khoa-hoc-may-tinh-chat-luong-cao,D07,Điểm thi THPT,2021,24.0,Khoa học máy tính - Chất lượng cao
110241,MBS,khoa-hoc-may-tinh-chat-luong-cao,A00,Điểm thi THPT,2022,24.3,Khoa học máy tính - Chất lượng cao
110242,MBS,khoa-hoc-may-tinh-chat-luong-cao,A01,Điểm thi THPT,2022,24.3,Khoa học máy tính - Chất lượng cao
110243,MBS,khoa-hoc-may-tinh-chat-luong-cao,D01,Điểm thi THPT,2022,24.3,Khoa học máy tính - Chất lượng cao
110244,MBS,khoa-hoc-may-tinh-chat-luong-cao,D07,Điểm thi THPT,2022,24.3,Khoa học máy tính - Chất lượng cao
110245,MBS,khoa-hoc-may-tinh-chat-luong-cao,A00,Điểm thi THPT,2023,22.7,Khoa học máy tính Chất lượng cao
110246,MBS,khoa-hoc-may-tinh-chat-luong-cao,A01,Điểm thi THPT,2023,22.7,Khoa học máy tính Chất lượng cao
110247,MBS,khoa-hoc-may-tinh-chat-luong-cao,D01,Điểm thi THPT,2023,22.7,Khoa học máy tính Chất lượng cao
110248,MBS,khoa-hoc-may-tinh-chat-luong-cao,D07,Điểm thi THPT,2023,22.7,Khoa học máy tính Chất lượng cao
110249,MBS,khoa-hoc-may-tinh-chat-luong-cao,A00,Điểm thi THPT,2024,20.0,Khoa học máy tính Chất lượng cao
110250,MBS,khoa-hoc-may-tinh-chat-luong-cao,A01,Điểm thi THPT,2024,20.0,Khoa học máy tính Chất lượng cao
110251,MBS,khoa-hoc-may-tinh-chat-luong-cao,D01,Điểm thi THPT,2024,20.0,Khoa học máy tính Chất lượng cao
110252,MBS,khoa-hoc-may-tinh-chat-luong-cao,D07,Điểm thi THPT,2024,20.0,Khoa học máy tính Chất lượng cao
110253,MBS,khoa-hoc-may-tinh-clc,A00,Điểm học bạ,2023,25.3,Khoa học máy tính CLC
110254,MBS,khoa-hoc-may-tinh-clc,A01,Điểm học bạ,2023,25.3,Khoa học máy tính CLC
110255,MBS,khoa-hoc-may-tinh-clc,D01,Điểm học bạ,2023,25.3,Khoa học máy tính CLC
110256,MBS,khoa-hoc-may-tinh-clc,D07,Điểm học bạ,2023,25.3,Khoa học máy tính CLC
110257,MBS,khoa-hoc-may-tinh-clc,A00,Điểm học bạ,2024,21.5,Khoa học máy tính CLC
110258,MBS,khoa-hoc-may-tinh-clc,A01,Điểm học bạ,2024,21.5,Khoa học máy tính CLC
110259,MBS,khoa-hoc-may-tinh-clc,D01,Điểm học bạ,2024,21.5,Khoa học máy tính CLC
110260,MBS,khoa-hoc-may-tinh-clc,D07,Điểm học bạ,2024,21.5,Khoa học máy tính CLC
110261,MBS,kiem-toan,A00,Điểm học bạ,2021,25.35,Kiểm toán
110262,MBS,kiem-toan,A01,Điểm học bạ,2021,25.35,Kiểm toán
110263,MBS,kiem-toan,D01,Điểm học bạ,2021,25.35,Kiểm toán
110264,MBS,kiem-toan,D07,Điểm học bạ,2021,25.35,Kiểm toán
110265,MBS,kiem-toan,A00,Điểm thi THPT,2021,25.2,Kiểm toán
110266,MBS,kiem-toan,A01,Điểm thi THPT,2021,25.2,Kiểm toán
110267,MBS,kiem-toan,D01,Điểm thi THPT,2021,25.2,Kiểm toán
110268,MBS,kiem-toan,D07,Điểm thi THPT,2021,25.2,Kiểm toán
110269,MBS,kiem-toan,A00,Điểm thi THPT,2022,24.25,Kiểm toán
110270,MBS,kiem-toan,A01,Điểm thi THPT,2022,24.25,Kiểm toán
110271,MBS,kiem-toan,D01,Điểm thi THPT,2022,24.25,Kiểm toán
110272,MBS,kiem-toan,D07,Điểm thi THPT,2022,24.25,Kiểm toán
110273,MBS,kiem-toan,A00,Điểm thi THPT,2023,24.1,Kiểm toán
110274,MBS,kiem-toan,A01,Điểm thi THPT,2023,24.1,Kiểm toán
110275,MBS,kiem-toan,D01,Điểm thi THPT,2023,24.1,Kiểm toán
110276,MBS,kiem-toan,D07,Điểm thi THPT,2023,24.1,Kiểm toán
110277,MBS,kiem-toan,A00,Điểm học bạ,2024,27.0,Kiểm toán
110278,MBS,kiem-toan,A01,Điểm học bạ,2024,27.0,Kiểm toán
110279,MBS,kiem-toan,D01,Điểm học bạ,2024,27.0,Kiểm toán
110280,MBS,kiem-toan,D07,Điểm học bạ,2024,27.0,Kiểm toán
110281,MBS,kiem-toan,D96,Điểm học bạ,2024,20.0,Kiểm toán (CT chất lượng cao)
110282,MBS,kiem-toan,A00,Điểm thi THPT,2024,20.0,Kiểm toán
110283,MBS,kiem-toan,A01,Điểm thi THPT,2024,20.0,Kiểm toán
110284,MBS,kiem-toan,D01,Điểm thi THPT,2024,20.0,Kiểm toán
110285,MBS,kiem-toan,D07,Điểm thi THPT,2024,20.0,Kiểm toán
110286,MBS,kiem-toan,A00,Điểm thi THPT,2025,20.4,Kiểm toán
110287,MBS,kiem-toan,A01,Điểm thi THPT,2025,20.4,Kiểm toán
110288,MBS,kiem-toan,C01,Điểm thi THPT,2025,20.4,Kiểm toán
110289,MBS,kiem-toan,C02,Điểm thi THPT,2025,20.4,Kiểm toán
110290,MBS,kiem-toan,D01,Điểm thi THPT,2025,20.4,Kiểm toán
110291,MBS,kiem-toan,D07,Điểm thi THPT,2025,20.4,Kiểm toán
110292,MBS,kiem-toan,D66,Điểm thi THPT,2025,16.5,Kiểm toán Chương trình Tiên tiến
110293,MBS,kiem-toan,D84,Điểm thi THPT,2025,21.9,Kiểm toán
110294,MBS,kiem-toan,X02,Điểm thi THPT,2025,20.4,Kiểm toán
110295,MBS,kiem-toan,X06,Điểm thi THPT,2025,20.4,Kiểm toán
110296,MBS,kiem-toan,X10,Điểm thi THPT,2025,20.4,Kiểm toán
110297,MBS,kiem-toan,X25,Điểm thi THPT,2025,20.4,Kiểm toán
110298,MBS,kiem-toan,X26,Điểm thi THPT,2025,20.4,Kiểm toán
110299,MBS,kiem-toan,X27,Điểm thi THPT,2025,15.0,Kiểm toán Chương trình Tiên tiến
110300,MBS,kiem-toan,X28,Điểm thi THPT,2025,15.0,Kiểm toán Chương trình Tiên tiến
110301,MBS,kiem-toan,X78,Điểm thi THPT,2025,16.5,Kiểm toán Chương trình Tiên tiến
110302,MBS,kiem-toan,X79,Điểm thi THPT,2025,21.9,Kiểm toán
110303,MBS,kiem-toan-chat-luong-cao,A01,Điểm thi THPT,2024,18.0,Kiểm toán Chất lượng cao
110304,MBS,kiem-toan-chat-luong-cao,D01,Điểm thi THPT,2024,18.0,Kiểm toán Chất lượng cao
110305,MBS,kiem-toan-chat-luong-cao,D07,Điểm thi THPT,2024,18.0,Kiểm toán Chất lượng cao
110306,MBS,kiem-toan-chat-luong-cao,D96,Điểm thi THPT,2024,18.0,Kiểm toán Chất lượng cao
110307,MBS,kinh-doanh-quoc-te,A00,Điểm thi THPT,2021,26.45,Kinh doanh quốc tế
110308,MBS,kinh-doanh-quoc-te,A01,Điểm thi THPT,2021,26.45,Kinh doanh quốc tế
110309,MBS,kinh-doanh-quoc-te,D01,Điểm thi THPT,2021,26.45,Kinh doanh quốc tế
110310,MBS,kinh-doanh-quoc-te,D07,Điểm thi THPT,2021,26.45,Kinh doanh quốc tế
110311,MBS,kinh-doanh-quoc-te,A00,Điểm thi THPT,2022,24.7,Kinh doanh quốc tế
110312,MBS,kinh-doanh-quoc-te,A01,Điểm thi THPT,2022,24.7,Kinh doanh quốc tế
110313,MBS,kinh-doanh-quoc-te,D01,Điểm thi THPT,2022,24.7,Kinh doanh quốc tế
110314,MBS,kinh-doanh-quoc-te,D07,Điểm thi THPT,2022,24.7,Kinh doanh quốc tế
110315,MBS,kinh-doanh-quoc-te,A00,Điểm thi THPT,2023,24.9,Kinh doanh quốc tế
110316,MBS,kinh-doanh-quoc-te,A01,Điểm thi THPT,2023,24.9,Kinh doanh quốc tế
110317,MBS,kinh-doanh-quoc-te,D01,Điểm thi THPT,2023,24.9,Kinh doanh quốc tế
110318,MBS,kinh-doanh-quoc-te,D07,Điểm thi THPT,2023,24.9,Kinh doanh quốc tế
110319,MBS,kinh-doanh-quoc-te,A00,Điểm học bạ,2024,26.6,Kinh doanh quốc tế
110320,MBS,kinh-doanh-quoc-te,A01,Điểm học bạ,2024,26.6,Kinh doanh quốc tế
110321,MBS,kinh-doanh-quoc-te,D01,Điểm học bạ,2024,26.6,Kinh doanh quốc tế
110322,MBS,kinh-doanh-quoc-te,D07,Điểm học bạ,2024,26.6,Kinh doanh quốc tế
110323,MBS,kinh-doanh-quoc-te,A00,Điểm thi THPT,2024,23.75,Kinh doanh quốc tế
110324,MBS,kinh-doanh-quoc-te,A01,Điểm thi THPT,2024,23.75,Kinh doanh quốc tế
110325,MBS,kinh-doanh-quoc-te,D01,Điểm thi THPT,2024,23.75,Kinh doanh quốc tế
110326,MBS,kinh-doanh-quoc-te,D07,Điểm thi THPT,2024,23.75,Kinh doanh quốc tế
110327,MBS,kinh-doanh-quoc-te,A00,Điểm thi THPT,2025,22.3,Kinh doanh quốc tế
110328,MBS,kinh-doanh-quoc-te,A01,Điểm thi THPT,2025,22.3,Kinh doanh quốc tế
110329,MBS,kinh-doanh-quoc-te,B08,Điểm thi THPT,2025,22.3,Kinh doanh quốc tế
110330,MBS,kinh-doanh-quoc-te,C01,Điểm thi THPT,2025,22.3,Kinh doanh quốc tế
110331,MBS,kinh-doanh-quoc-te,C02,Điểm thi THPT,2025,22.3,Kinh doanh quốc tế
110332,MBS,kinh-doanh-quoc-te,D01,Điểm thi THPT,2025,22.3,Kinh doanh quốc tế
110333,MBS,kinh-doanh-quoc-te,D07,Điểm thi THPT,2025,22.3,Kinh doanh quốc tế
110334,MBS,kinh-doanh-quoc-te,X02,Điểm thi THPT,2025,22.3,Kinh doanh quốc tế
110335,MBS,kinh-doanh-quoc-te,X06,Điểm thi THPT,2025,22.3,Kinh doanh quốc tế
110336,MBS,kinh-doanh-quoc-te,X10,Điểm thi THPT,2025,22.3,Kinh doanh quốc tế
110337,MBS,kinh-doanh-quoc-te,X26,Điểm thi THPT,2025,22.3,Kinh doanh quốc tế
110338,MBS,kinh-doanh-quoc-te,X79,Điểm thi THPT,2025,23.8,Kinh doanh quốc tế
110339,MBS,kinh-te,A00,Điểm học bạ,2021,25.4,Kinh tế
110340,MBS,kinh-te,A01,Điểm học bạ,2021,25.4,Kinh tế
110341,MBS,kinh-te,D01,Điểm học bạ,2021,25.4,Kinh tế
110342,MBS,kinh-te,D07,Điểm học bạ,2021,25.4,Kinh tế
110343,MBS,kinh-te,A00,Điểm thi THPT,2021,25.8,Kinh tế
110344,MBS,kinh-te,A01,Điểm thi THPT,2021,25.8,Kinh tế
110345,MBS,kinh-te,D01,Điểm thi THPT,2021,25.8,Kinh tế
110346,MBS,kinh-te,D07,Điểm thi THPT,2021,25.8,Kinh tế
110347,MBS,kinh-te,A00,Điểm thi THPT,2022,23.4,Kinh tế
110348,MBS,kinh-te,A01,Điểm thi THPT,2022,23.4,Kinh tế
110349,MBS,kinh-te,D01,Điểm thi THPT,2022,23.4,Kinh tế
110350,MBS,kinh-te,D07,Điểm thi THPT,2022,23.4,Kinh tế
110351,MBS,kinh-te,A01,Điểm học bạ,2023,24.5,Kinh tế (Chất lượng cao)
110352,MBS,kinh-te,D01,Điểm học bạ,2023,24.5,Kinh tế (Chất lượng cao)
110353,MBS,kinh-te,D07,Điểm học bạ,2023,24.5,Kinh tế (Chất lượng cao)
110354,MBS,kinh-te,D96,Điểm học bạ,2023,24.5,Kinh tế (Chất lượng cao)
110355,MBS,kinh-te,A00,Điểm thi THPT,2023,24.0,Kinh tế
110356,MBS,kinh-te,A01,Điểm thi THPT,2023,24.0,Kinh tế
110357,MBS,kinh-te,D01,Điểm thi THPT,2023,24.0,Kinh tế
110358,MBS,kinh-te,D07,Điểm thi THPT,2023,24.0,Kinh tế
110359,MBS,kinh-te,A00,Điểm học bạ,2024,26.5,Kinh tế
110360,MBS,kinh-te,A01,Điểm học bạ,2024,26.5,Kinh tế
110361,MBS,kinh-te,D01,Điểm học bạ,2024,26.5,Kinh tế
110362,MBS,kinh-te,D07,Điểm học bạ,2024,26.5,Kinh tế
110363,MBS,kinh-te,D96,Điểm học bạ,2024,24.5,Kinh tế (CT chất lượng cao)
110364,MBS,kinh-te,A00,Điểm thi THPT,2024,20.0,Kinh tế
110365,MBS,kinh-te,A01,Điểm thi THPT,2024,20.0,Kinh tế
110366,MBS,kinh-te,D01,Điểm thi THPT,2024,20.0,Kinh tế
110367,MBS,kinh-te,D07,Điểm thi THPT,2024,20.0,Kinh tế
110368,MBS,kinh-te,A00,Điểm thi THPT,2025,19.5,Kinh tế
110369,MBS,kinh-te,A01,Điểm thi THPT,2025,19.5,Kinh tế
110370,MBS,kinh-te,D01,Điểm thi THPT,2025,19.5,Kinh tế
110371,MBS,kinh-te,D07,Điểm thi THPT,2025,19.5,Kinh tế
110372,MBS,kinh-te,D09,Điểm thi THPT,2025,19.5,Kinh tế
110373,MBS,kinh-te,X06,Điểm thi THPT,2025,19.5,Kinh tế
110374,MBS,kinh-te,X07,Điểm thi THPT,2025,19.5,Kinh tế
110375,MBS,kinh-te,X10,Điểm thi THPT,2025,19.5,Kinh tế
110376,MBS,kinh-te,X11,Điểm thi THPT,2025,19.5,Kinh tế
110377,MBS,kinh-te,X26,Điểm thi THPT,2025,19.5,Kinh tế
110378,MBS,kinh-te,X27,Điểm thi THPT,2025,15.0,Kinh tế Chương trình Tiên tiến
110379,MBS,kinh-te-chat-luong-cao,A01,Điểm thi THPT,2022,19.0,Kinh tế - Chất lượng cao
110380,MBS,kinh-te-chat-luong-cao,D01,Điểm thi THPT,2022,19.0,Kinh tế - Chất lượng cao
110381,MBS,kinh-te-chat-luong-cao,D07,Điểm thi THPT,2022,19.0,Kinh tế - Chất lượng cao
110382,MBS,kinh-te-chat-luong-cao,D96,Điểm thi THPT,2022,19.0,Kinh tế - Chất lượng cao
110383,MBS,kinh-te-chat-luong-cao,A01,Điểm thi THPT,2023,23.0,Kinh tế Chất lượng cao
110384,MBS,kinh-te-chat-luong-cao,D01,Điểm thi THPT,2023,23.0,Kinh tế Chất lượng cao
110385,MBS,kinh-te-chat-luong-cao,D07,Điểm thi THPT,2023,23.0,Kinh tế Chất lượng cao
110386,MBS,kinh-te-chat-luong-cao,D96,Điểm thi THPT,2023,23.0,Kinh tế Chất lượng cao
110387,MBS,kinh-te-chat-luong-cao,A01,Điểm thi THPT,2024,18.0,Kinh tế Chất lượng cao
110388,MBS,kinh-te-chat-luong-cao,D01,Điểm thi THPT,2024,18.0,Kinh tế Chất lượng cao
110389,MBS,kinh-te-chat-luong-cao,D07,Điểm thi THPT,2024,18.0,Kinh tế Chất lượng cao
110390,MBS,kinh-te-chat-luong-cao,D96,Điểm thi THPT,2024,18.0,Kinh tế Chất lượng cao
110391,MBS,ky-thuat-phan-mem,A00,Điểm thi THPT,2025,20.1,Kỹ thuật phần mềm
110392,MBS,ky-thuat-phan-mem,A01,Điểm thi THPT,2025,20.1,Kỹ thuật phần mềm
110393,MBS,ky-thuat-phan-mem,C01,Điểm thi THPT,2025,20.1,Kỹ thuật phần mềm
110394,MBS,ky-thuat-phan-mem,C02,Điểm thi THPT,2025,20.1,Kỹ thuật phần mềm
110395,MBS,ky-thuat-phan-mem,D01,Điểm thi THPT,2025,20.1,Kỹ thuật phần mềm
110396,MBS,ky-thuat-phan-mem,D07,Điểm thi THPT,2025,20.1,Kỹ thuật phần mềm
110397,MBS,ky-thuat-phan-mem,X02,Điểm thi THPT,2025,20.1,Kỹ thuật phần mềm
110398,MBS,ky-thuat-phan-mem,X06,Điểm thi THPT,2025,20.1,Kỹ thuật phần mềm
110399,MBS,ky-thuat-phan-mem,X10,Điểm thi THPT,2025,20.1,Kỹ thuật phần mềm
110400,MBS,ky-thuat-phan-mem,X26,Điểm thi THPT,2025,20.1,Kỹ thuật phần mềm
110401,MBS,logistics-va-quan-ly-chuoi-cung-ung,A00,Điểm thi THPT,2021,26.8,Logistics và Quản lý chuỗi cung ứng
110402,MBS,logistics-va-quan-ly-chuoi-cung-ung,A01,Điểm thi THPT,2021,26.8,Logistics và Quản lý chuỗi cung ứng
110403,MBS,logistics-va-quan-ly-chuoi-cung-ung,D01,Điểm thi THPT,2021,26.8,Logistics và Quản lý chuỗi cung ứng
110404,MBS,logistics-va-quan-ly-chuoi-cung-ung,D07,Điểm thi THPT,2021,26.8,Logistics và Quản lý chuỗi cung ứng
110405,MBS,logistics-va-quan-ly-chuoi-cung-ung,A00,Điểm thi THPT,2022,25.2,Logistics và Quản lý chuỗi cung ứng
110406,MBS,logistics-va-quan-ly-chuoi-cung-ung,A01,Điểm thi THPT,2022,25.2,Logistics và Quản lý chuỗi cung ứng
110407,MBS,logistics-va-quan-ly-chuoi-cung-ung,D01,Điểm thi THPT,2022,25.2,Logistics và Quản lý chuỗi cung ứng
110408,MBS,logistics-va-quan-ly-chuoi-cung-ung,D07,Điểm thi THPT,2022,25.2,Logistics và Quản lý chuỗi cung ứng
110409,MBS,logistics-va-quan-ly-chuoi-cung-ung,A00,Điểm thi THPT,2023,24.6,Logistics và Quản lý chuỗi cung ứng
110410,MBS,logistics-va-quan-ly-chuoi-cung-ung,A01,Điểm thi THPT,2023,24.6,Logistics và Quản lý chuỗi cung ứng
110411,MBS,logistics-va-quan-ly-chuoi-cung-ung,D01,Điểm thi THPT,2023,24.6,Logistics và Quản lý chuỗi cung ứng
110412,MBS,logistics-va-quan-ly-chuoi-cung-ung,D07,Điểm thi THPT,2023,24.6,Logistics và Quản lý chuỗi cung ứng
110413,MBS,logistics-va-quan-ly-chuoi-cung-ung,A00,Điểm học bạ,2024,26.5,Logistics và Quản lý chuỗi cung ứng
110414,MBS,logistics-va-quan-ly-chuoi-cung-ung,A01,Điểm học bạ,2024,26.5,Logistics và Quản lý chuỗi cung ứng
110415,MBS,logistics-va-quan-ly-chuoi-cung-ung,C03,Điểm học bạ,2024,26.5,Logistics và Quản lý chuỗi cung ứng
110416,MBS,logistics-va-quan-ly-chuoi-cung-ung,D01,Điểm học bạ,2024,26.5,Logistics và Quản lý chuỗi cung ứng
110417,MBS,logistics-va-quan-ly-chuoi-cung-ung,A00,Điểm thi THPT,2024,23.5,Logistics và quản lý chuỗi cung ứng
110418,MBS,logistics-va-quan-ly-chuoi-cung-ung,A01,Điểm thi THPT,2024,23.5,Logistics và quản lý chuỗi cung ứng
110419,MBS,logistics-va-quan-ly-chuoi-cung-ung,D01,Điểm thi THPT,2024,23.5,Logistics và quản lý chuỗi cung ứng
110420,MBS,logistics-va-quan-ly-chuoi-cung-ung,D07,Điểm thi THPT,2024,23.5,Logistics và quản lý chuỗi cung ứng
110421,MBS,logistics-va-quan-ly-chuoi-cung-ung,A00,Điểm thi THPT,2025,22.5,Logistics và quản lý chuỗi cung ứng
110422,MBS,logistics-va-quan-ly-chuoi-cung-ung,A01,Điểm thi THPT,2025,22.5,Logistics và quản lý chuỗi cung ứng
110423,MBS,logistics-va-quan-ly-chuoi-cung-ung,D01,Điểm thi THPT,2025,22.5,Logistics và quản lý chuỗi cung ứng
110424,MBS,logistics-va-quan-ly-chuoi-cung-ung,D07,Điểm thi THPT,2025,22.5,Logistics và quản lý chuỗi cung ứng
110425,MBS,logistics-va-quan-ly-chuoi-cung-ung,D10,Điểm thi THPT,2025,22.5,Logistics và quản lý chuỗi cung ứng
110426,MBS,logistics-va-quan-ly-chuoi-cung-ung,X06,Điểm thi THPT,2025,22.5,Logistics và quản lý chuỗi cung ứng
110427,MBS,logistics-va-quan-ly-chuoi-cung-ung,X10,Điểm thi THPT,2025,22.5,Logistics và quản lý chuỗi cung ứng
110428,MBS,logistics-va-quan-ly-chuoi-cung-ung,X22,Điểm thi THPT,2025,22.5,Logistics và quản lý chuỗi cung ứng
110429,MBS,logistics-va-quan-ly-chuoi-cung-ung,X26,Điểm thi THPT,2025,22.5,Logistics và quản lý chuỗi cung ứng
110430,MBS,logistics-va-quan-ly-chuoi-cung-ung,X27,Điểm thi THPT,2025,22.5,Logistics và quản lý chuỗi cung ứng
110431,MBS,logistics-va-quan-ly-chuoi-cung-ung,X56,Điểm thi THPT,2025,22.5,Logistics và quản lý chuỗi cung ứng
110432,MBS,logistics-va-quan-ly-chuoi-cung-ung,X79,Điểm thi THPT,2025,24.0,Logistics và quản lý chuỗi cung ứng
110433,MBS,luat,A00,Điểm học bạ,2021,23.9,Luật
110434,MBS,luat,A01,Điểm học bạ,2021,23.9,Luật
110435,MBS,luat,C00,Điểm học bạ,2021,23.9,Luật
110436,MBS,luat,D01,Điểm học bạ,2021,23.9,Luật
110437,MBS,luat,D03,Điểm học bạ,2021,23.9,Luật
110438,MBS,luat,D05,Điểm học bạ,2021,23.9,Luật
110439,MBS,luat,D06,Điểm học bạ,2021,23.9,Luật
110440,MBS,luat,A00,Điểm thi THPT,2021,25.2,Luật (C00 cao hơn 1.5đ)
110441,MBS,luat,A01,Điểm thi THPT,2021,25.2,Luật (C00 cao hơn 1.5đ)
110442,MBS,luat,C00,Điểm thi THPT,2021,25.2,Luật (C00 cao hơn 1.5đ)
110443,MBS,luat,D01,Điểm thi THPT,2021,25.2,Luật (C00 cao hơn 1.5đ)
110444,MBS,luat,D03,Điểm thi THPT,2021,25.2,Luật (C00 cao hơn 1.5đ)
110445,MBS,luat,D05,Điểm thi THPT,2021,25.2,Luật (C00 cao hơn 1.5đ)
110446,MBS,luat,D06,Điểm thi THPT,2021,25.2,Luật (C00 cao hơn 1.5đ)
110447,MBS,luat,A00,Điểm thi THPT,2022,23.2,Luật
110448,MBS,luat,A01,Điểm thi THPT,2022,23.2,Luật
110449,MBS,luat,C00,Điểm thi THPT,2022,23.2,Luật
110450,MBS,luat,D01,Điểm thi THPT,2022,23.2,Luật
110451,MBS,luat,D03,Điểm thi THPT,2022,23.2,Luật
110452,MBS,luat,D05,Điểm thi THPT,2022,23.2,Luật
110453,MBS,luat,D06,Điểm thi THPT,2022,23.2,Luật
110454,MBS,luat,A00,Điểm thi THPT,2023,23.4,Luật (*)
110455,MBS,luat,A01,Điểm thi THPT,2023,23.4,Luật (*)
110456,MBS,luat,C00,Điểm thi THPT,2023,23.4,Luật (*)
110457,MBS,luat,D01,Điểm thi THPT,2023,23.4,Luật (*)
110458,MBS,luat,D03,Điểm thi THPT,2023,23.4,Luật (*)
110459,MBS,luat,D05,Điểm thi THPT,2023,23.4,Luật (*)
110460,MBS,luat,D06,Điểm thi THPT,2023,23.4,Luật (*)
110461,MBS,luat,A00,Điểm học bạ,2024,26.75,Luật
110462,MBS,luat,A01,Điểm học bạ,2024,26.75,Luật
110463,MBS,luat,C00,Điểm học bạ,2024,26.75,Luật
110464,MBS,luat,D01,Điểm học bạ,2024,26.75,Luật
110465,MBS,luat,D03,Điểm học bạ,2024,26.75,Luật
110466,MBS,luat,D05,Điểm học bạ,2024,26.75,Luật
110467,MBS,luat,D06,Điểm học bạ,2024,26.75,Luật
110468,MBS,luat,A00,Điểm thi THPT,2024,24.75,Luật
110469,MBS,luat,A01,Điểm thi THPT,2024,24.75,Luật
110470,MBS,luat,C00,Điểm thi THPT,2024,24.75,Luật
110471,MBS,luat,D01,Điểm thi THPT,2024,24.75,Luật
110472,MBS,luat,D03,Điểm thi THPT,2024,24.75,Luật
110473,MBS,luat,D05,Điểm thi THPT,2024,24.75,Luật
110474,MBS,luat,D06,Điểm thi THPT,2024,24.75,Luật
110475,MBS,luat,A00,Điểm thi THPT,2025,23.2,Luật
110476,MBS,luat,A01,Điểm thi THPT,2025,23.2,Luật
110477,MBS,luat,C00,Điểm thi THPT,2025,24.7,Luật
110478,MBS,luat,C03,Điểm thi THPT,2025,23.2,Luật
110479,MBS,luat,C14,Điểm thi THPT,2025,24.7,Luật
110480,MBS,luat,C19,Điểm thi THPT,2025,24.7,Luật
110481,MBS,luat,D01,Điểm thi THPT,2025,23.2,Luật
110482,MBS,luat,D03,Điểm thi THPT,2025,23.2,Luật
110483,MBS,luat,D05,Điểm thi THPT,2025,23.2,Luật
110484,MBS,luat,D06,Điểm thi THPT,2025,23.2,Luật
110485,MBS,luat,D14,Điểm thi THPT,2025,24.7,Luật
110486,MBS,luat,D61,Điểm thi THPT,2025,24.7,Luật
110487,MBS,luat,D63,Điểm thi THPT,2025,24.7,Luật
110488,MBS,luat,D64,Điểm thi THPT,2025,24.7,Luật
110489,MBS,luat,X01,Điểm thi THPT,2025,23.2,Luật
110490,MBS,luat,X70,Điểm thi THPT,2025,24.7,Luật
110491,MBS,luat-kinh-te,A00,Điểm học bạ,2021,24.8,Luật kinh tế
110492,MBS,luat-kinh-te,A01,Điểm học bạ,2021,24.8,Luật kinh tế
110493,MBS,luat-kinh-te,C00,Điểm học bạ,2021,24.8,Luật kinh tế
110494,MBS,luat-kinh-te,D01,Điểm học bạ,2021,24.8,Luật kinh tế
110495,MBS,luat-kinh-te,D03,Điểm học bạ,2021,24.8,Luật kinh tế
110496,MBS,luat-kinh-te,D05,Điểm học bạ,2021,24.8,Luật kinh tế
110497,MBS,luat-kinh-te,D06,Điểm học bạ,2021,24.8,Luật kinh tế
110498,MBS,luat-kinh-te,A00,Điểm thi THPT,2021,25.7,Luật kinh tế (C00 cao hơn 1.5đ)
110499,MBS,luat-kinh-te,A01,Điểm thi THPT,2021,25.7,Luật kinh tế (C00 cao hơn 1.5đ)
110500,MBS,luat-kinh-te,C00,Điểm thi THPT,2021,25.7,Luật kinh tế (C00 cao hơn 1.5đ)
110501,MBS,luat-kinh-te,D01,Điểm thi THPT,2021,25.7,Luật kinh tế (C00 cao hơn 1.5đ)
110502,MBS,luat-kinh-te,D03,Điểm thi THPT,2021,25.7,Luật kinh tế (C00 cao hơn 1.5đ)
110503,MBS,luat-kinh-te,D05,Điểm thi THPT,2021,25.7,Luật kinh tế (C00 cao hơn 1.5đ)
110504,MBS,luat-kinh-te,D06,Điểm thi THPT,2021,25.7,Luật kinh tế (C00 cao hơn 1.5đ)
110505,MBS,luat-kinh-te,A00,Điểm thi THPT,2022,23.6,Luật kinh tế
110506,MBS,luat-kinh-te,A01,Điểm thi THPT,2022,23.6,Luật kinh tế
110507,MBS,luat-kinh-te,C00,Điểm thi THPT,2022,23.6,Luật kinh tế
110508,MBS,luat-kinh-te,D01,Điểm thi THPT,2022,23.6,Luật kinh tế
110509,MBS,luat-kinh-te,D03,Điểm thi THPT,2022,23.6,Luật kinh tế
110510,MBS,luat-kinh-te,D05,Điểm thi THPT,2022,23.6,Luật kinh tế
110511,MBS,luat-kinh-te,D06,Điểm thi THPT,2022,23.6,Luật kinh tế
110512,MBS,luat-kinh-te,A01,Điểm học bạ,2023,25.75,Luật kinh tế (CT chất lượng cao)
110513,MBS,luat-kinh-te,D01,Điểm học bạ,2023,25.75,Luật kinh tế (CT chất lượng cao)
110514,MBS,luat-kinh-te,D07,Điểm học bạ,2023,25.75,Luật kinh tế (CT chất lượng cao)
110515,MBS,luat-kinh-te,D14,Điểm học bạ,2023,25.75,Luật kinh tế (CT chất lượng cao)
110516,MBS,luat-kinh-te,A00,Điểm thi THPT,2023,23.9,Luật kinh tế (*)
110517,MBS,luat-kinh-te,A01,Điểm thi THPT,2023,23.9,Luật kinh tế (*)
110518,MBS,luat-kinh-te,C00,Điểm thi THPT,2023,23.9,Luật kinh tế (*)
110519,MBS,luat-kinh-te,D01,Điểm thi THPT,2023,23.9,Luật kinh tế (*)
110520,MBS,luat-kinh-te,D03,Điểm thi THPT,2023,23.9,Luật kinh tế (*)
110521,MBS,luat-kinh-te,D05,Điểm thi THPT,2023,23.9,Luật kinh tế (*)
110522,MBS,luat-kinh-te,D06,Điểm thi THPT,2023,23.9,Luật kinh tế (*)
110523,MBS,luat-kinh-te,A00,Điểm học bạ,2024,27.25,Luật kinh tế
110524,MBS,luat-kinh-te,A01,Điểm học bạ,2024,27.25,Luật kinh tế
110525,MBS,luat-kinh-te,C00,Điểm học bạ,2024,27.25,Luật kinh tế
110526,MBS,luat-kinh-te,D01,Điểm học bạ,2024,27.25,Luật kinh tế
110527,MBS,luat-kinh-te,D03,Điểm học bạ,2024,27.25,Luật kinh tế
110528,MBS,luat-kinh-te,D05,Điểm học bạ,2024,27.25,Luật kinh tế
110529,MBS,luat-kinh-te,D06,Điểm học bạ,2024,27.25,Luật kinh tế
110530,MBS,luat-kinh-te,D07,Điểm học bạ,2024,23.5,Luật kinh tế (CT chất lượng cao)
110531,MBS,luat-kinh-te,D14,Điểm học bạ,2024,23.5,Luật kinh tế (CT chất lượng cao)
110532,MBS,luat-kinh-te,A00,Điểm thi THPT,2024,24.75,Luật kinh tế
110533,MBS,luat-kinh-te,A01,Điểm thi THPT,2024,24.75,Luật kinh tế
110534,MBS,luat-kinh-te,C00,Điểm thi THPT,2024,24.75,Luật kinh tế
110535,MBS,luat-kinh-te,D01,Điểm thi THPT,2024,24.75,Luật kinh tế
110536,MBS,luat-kinh-te,D03,Điểm thi THPT,2024,24.75,Luật kinh tế
110537,MBS,luat-kinh-te,D05,Điểm thi THPT,2024,24.75,Luật kinh tế
110538,MBS,luat-kinh-te,D06,Điểm thi THPT,2024,24.75,Luật kinh tế
110539,MBS,luat-kinh-te,A00,Điểm thi THPT,2025,23.25,Luật kinh tế
110540,MBS,luat-kinh-te,A01,Điểm thi THPT,2025,23.25,Luật kinh tế
110541,MBS,luat-kinh-te,C00,Điểm thi THPT,2025,24.75,Luật kinh tế
110542,MBS,luat-kinh-te,C03,Điểm thi THPT,2025,23.25,Luật kinh tế
110543,MBS,luat-kinh-te,C14,Điểm thi THPT,2025,24.75,Luật kinh tế
110544,MBS,luat-kinh-te,C19,Điểm thi THPT,2025,24.75,Luật kinh tế
110545,MBS,luat-kinh-te,D01,Điểm thi THPT,2025,23.25,Luật kinh tế
110546,MBS,luat-kinh-te,D03,Điểm thi THPT,2025,23.25,Luật kinh tế
110547,MBS,luat-kinh-te,D05,Điểm thi THPT,2025,23.25,Luật kinh tế
110548,MBS,luat-kinh-te,D06,Điểm thi THPT,2025,23.25,Luật kinh tế
110549,MBS,luat-kinh-te,D09,Điểm thi THPT,2025,19.0,Luật kinh tế Chương trình Tiên tiến
110550,MBS,luat-kinh-te,D14,Điểm thi THPT,2025,24.75,Luật kinh tế
110551,MBS,luat-kinh-te,D61,Điểm thi THPT,2025,24.75,Luật kinh tế
110552,MBS,luat-kinh-te,D63,Điểm thi THPT,2025,24.75,Luật kinh tế
110553,MBS,luat-kinh-te,D64,Điểm thi THPT,2025,24.75,Luật kinh tế
110554,MBS,luat-kinh-te,D66,Điểm thi THPT,2025,20.5,Luật kinh tế Chương trình Tiên tiến
110555,MBS,luat-kinh-te,D84,Điểm thi THPT,2025,20.5,Luật kinh tế Chương trình Tiên tiến
110556,MBS,luat-kinh-te,X01,Điểm thi THPT,2025,23.25,Luật kinh tế
110557,MBS,luat-kinh-te,X25,Điểm thi THPT,2025,19.0,Luật kinh tế Chương trình Tiên tiến
110558,MBS,luat-kinh-te,X70,Điểm thi THPT,2025,24.75,Luật kinh tế
110559,MBS,luat-kinh-te,X78,Điểm thi THPT,2025,20.5,Luật kinh tế Chương trình Tiên tiến
110560,MBS,luat-kinh-te-chat-luong-cao,A00,Điểm học bạ,2021,21.25,Luật kinh tế - Chất lượng cao
110561,MBS,luat-kinh-te-chat-luong-cao,A01,Điểm học bạ,2021,21.25,Luật kinh tế - Chất lượng cao
110562,MBS,luat-kinh-te-chat-luong-cao,C00,Điểm học bạ,2021,21.25,Luật kinh tế - Chất lượng cao
110563,MBS,luat-kinh-te-chat-luong-cao,D01,Điểm học bạ,2021,21.25,Luật kinh tế - Chất lượng cao
110564,MBS,luat-kinh-te-chat-luong-cao,D03,Điểm học bạ,2021,21.25,Luật kinh tế - Chất lượng cao
110565,MBS,luat-kinh-te-chat-luong-cao,D05,Điểm học bạ,2021,21.25,Luật kinh tế - Chất lượng cao
110566,MBS,luat-kinh-te-chat-luong-cao,D06,Điểm học bạ,2021,21.25,Luật kinh tế - Chất lượng cao
110567,MBS,luat-kinh-te-chat-luong-cao,A00,Điểm thi THPT,2021,25.1,Luật kinh tế - Chất lượng cao
110568,MBS,luat-kinh-te-chat-luong-cao,A01,Điểm thi THPT,2021,25.1,Luật kinh tế - Chất lượng cao
110569,MBS,luat-kinh-te-chat-luong-cao,C00,Điểm thi THPT,2021,25.1,Luật kinh tế - Chất lượng cao
110570,MBS,luat-kinh-te-chat-luong-cao,D01,Điểm thi THPT,2021,25.1,Luật kinh tế - Chất lượng cao
110571,MBS,luat-kinh-te-chat-luong-cao,D03,Điểm thi THPT,2021,25.1,Luật kinh tế - Chất lượng cao
110572,MBS,luat-kinh-te-chat-luong-cao,D05,Điểm thi THPT,2021,25.1,Luật kinh tế - Chất lượng cao
110573,MBS,luat-kinh-te-chat-luong-cao,D06,Điểm thi THPT,2021,25.1,Luật kinh tế - Chất lượng cao
110574,MBS,luat-kinh-te-chat-luong-cao,A00,Điểm thi THPT,2022,21.5,Luật kinh tế - Chất lượng cao
110575,MBS,luat-kinh-te-chat-luong-cao,D01,Điểm thi THPT,2022,21.5,Luật kinh tế - Chất lượng cao
110576,MBS,luat-kinh-te-chat-luong-cao,D07,Điểm thi THPT,2022,21.5,Luật kinh tế - Chất lượng cao
110577,MBS,luat-kinh-te-chat-luong-cao,D14,Điểm thi THPT,2022,21.5,Luật kinh tế - Chất lượng cao
110578,MBS,luat-kinh-te-chat-luong-cao,A01,Điểm thi THPT,2023,23.1,Luật kinh tế Chất lượng cao
110579,MBS,luat-kinh-te-chat-luong-cao,D01,Điểm thi THPT,2023,23.1,Luật kinh tế Chất lượng cao
110580,MBS,luat-kinh-te-chat-luong-cao,D07,Điểm thi THPT,2023,23.1,Luật kinh tế Chất lượng cao
110581,MBS,luat-kinh-te-chat-luong-cao,D14,Điểm thi THPT,2023,23.1,Luật kinh tế Chất lượng cao
110582,MBS,luat-kinh-te-chat-luong-cao,A01,Điểm thi THPT,2024,20.5,Luật kinh tế Chất lượng cao
110583,MBS,luat-kinh-te-chat-luong-cao,D01,Điểm thi THPT,2024,20.5,Luật kinh tế Chất lượng cao
110584,MBS,luat-kinh-te-chat-luong-cao,D07,Điểm thi THPT,2024,20.5,Luật kinh tế Chất lượng cao
110585,MBS,luat-kinh-te-chat-luong-cao,D14,Điểm thi THPT,2024,20.5,Luật kinh tế Chất lượng cao
110586,MBS,marketing,A00,Điểm thi THPT,2021,26.95,Marketing
110587,MBS,marketing,A01,Điểm thi THPT,2021,26.95,Marketing
110588,MBS,marketing,D01,Điểm thi THPT,2021,26.95,Marketing
110589,MBS,marketing,D07,Điểm thi THPT,2021,26.95,Marketing
110590,MBS,marketing,A00,Điểm thi THPT,2022,25.25,Marketing
110591,MBS,marketing,A01,Điểm thi THPT,2022,25.25,Marketing
110592,MBS,marketing,D01,Điểm thi THPT,2022,25.25,Marketing
110593,MBS,marketing,D07,Điểm thi THPT,2022,25.25,Marketing
110594,MBS,marketing,A00,Điểm thi THPT,2023,25.25,Marketing
110595,MBS,marketing,A01,Điểm thi THPT,2023,25.25,Marketing
110596,MBS,marketing,D01,Điểm thi THPT,2023,25.25,Marketing
110597,MBS,marketing,D07,Điểm thi THPT,2023,25.25,Marketing
110598,MBS,marketing,A00,Điểm học bạ,2024,27.0,Marketing
110599,MBS,marketing,A01,Điểm học bạ,2024,27.0,Marketing
110600,MBS,marketing,D01,Điểm học bạ,2024,27.0,Marketing
110601,MBS,marketing,D07,Điểm học bạ,2024,27.0,Marketing
110602,MBS,marketing,A00,Điểm thi THPT,2024,24.5,Marketing
110603,MBS,marketing,A01,Điểm thi THPT,2024,24.5,Marketing
110604,MBS,marketing,D01,Điểm thi THPT,2024,24.5,Marketing
110605,MBS,marketing,D07,Điểm thi THPT,2024,24.5,Marketing
110606,MBS,marketing,A00,Điểm thi THPT,2025,23.25,Marketing
110607,MBS,marketing,A01,Điểm thi THPT,2025,23.25,Marketing
110608,MBS,marketing,C01,Điểm thi THPT,2025,23.25,Marketing
110609,MBS,marketing,C02,Điểm thi THPT,2025,23.25,Marketing
110610,MBS,marketing,D01,Điểm thi THPT,2025,23.25,Marketing
110611,MBS,marketing,D07,Điểm thi THPT,2025,23.25,Marketing
110612,MBS,marketing,D08,Điểm thi THPT,2025,23.25,Marketing
110613,MBS,marketing,X02,Điểm thi THPT,2025,23.25,Marketing
110614,MBS,marketing,X06,Điểm thi THPT,2025,23.25,Marketing
110615,MBS,marketing,X10,Điểm thi THPT,2025,23.25,Marketing
110616,MBS,marketing,X26,Điểm thi THPT,2025,23.25,Marketing
110617,MBS,marketing,X79,Điểm thi THPT,2025,24.75,Marketing
110618,MBS,ngon-ngu-anh,A01,Điểm thi THPT,2021,26.8,Ngôn ngữ Anh
110619,MBS,ngon-ngu-anh,D01,Điểm thi THPT,2021,26.8,Ngôn ngữ Anh
110620,MBS,ngon-ngu-anh,D14,Điểm thi THPT,2021,26.8,Ngôn ngữ Anh
110621,MBS,ngon-ngu-anh,D78,Điểm thi THPT,2021,26.8,Ngôn ngữ Anh
110622,MBS,ngon-ngu-anh,A01,Điểm thi THPT,2022,24.9,Ngôn ngữ Anh
110623,MBS,ngon-ngu-anh,D01,Điểm thi THPT,2022,24.9,Ngôn ngữ Anh
110624,MBS,ngon-ngu-anh,D14,Điểm thi THPT,2022,24.9,Ngôn ngữ Anh
110625,MBS,ngon-ngu-anh,D78,Điểm thi THPT,2022,24.9,Ngôn ngữ Anh
110626,MBS,ngon-ngu-anh,A01,Điểm học bạ,2023,26.25,Ngôn ngữ Anh (Chất lượng cao)
110627,MBS,ngon-ngu-anh,C00,Điểm học bạ,2023,26.25,Ngôn ngữ Anh (Chất lượng cao)
110628,MBS,ngon-ngu-anh,D01,Điểm học bạ,2023,26.25,Ngôn ngữ Anh (Chất lượng cao)
110629,MBS,ngon-ngu-anh,D78,Điểm học bạ,2023,26.25,Ngôn ngữ Anh (Chất lượng cao)
110630,MBS,ngon-ngu-anh,A01,Điểm thi THPT,2023,25.0,Ngôn ngữ Anh
110631,MBS,ngon-ngu-anh,D01,Điểm thi THPT,2023,25.0,Ngôn ngữ Anh
110632,MBS,ngon-ngu-anh,D14,Điểm thi THPT,2023,25.0,Ngôn ngữ Anh
110633,MBS,ngon-ngu-anh,D78,Điểm thi THPT,2023,25.0,Ngôn ngữ Anh
110634,MBS,ngon-ngu-anh,A01,Điểm học bạ,2024,28.0,Ngôn ngữ Anh
110635,MBS,ngon-ngu-anh,D01,Điểm học bạ,2024,28.0,Ngôn ngữ Anh
110636,MBS,ngon-ngu-anh,D14,Điểm học bạ,2024,28.0,Ngôn ngữ Anh
110637,MBS,ngon-ngu-anh,D78,Điểm học bạ,2024,28.0,Ngôn ngữ Anh
110638,MBS,ngon-ngu-anh,A01,Điểm thi THPT,2024,24.2,Ngôn ngữ Anh
110639,MBS,ngon-ngu-anh,D01,Điểm thi THPT,2024,24.2,Ngôn ngữ Anh
110640,MBS,ngon-ngu-anh,D14,Điểm thi THPT,2024,24.2,Ngôn ngữ Anh
110641,MBS,ngon-ngu-anh,D78,Điểm thi THPT,2024,24.2,Ngôn ngữ Anh
110642,MBS,ngon-ngu-anh,A01,Điểm thi THPT,2025,22.25,Ngôn ngữ Anh
110643,MBS,ngon-ngu-anh,D01,Điểm thi THPT,2025,22.25,Ngôn ngữ Anh
110644,MBS,ngon-ngu-anh,D07,Điểm thi THPT,2025,22.25,Ngôn ngữ Anh
110645,MBS,ngon-ngu-anh,D14,Điểm thi THPT,2025,23.75,Ngôn ngữ Anh
110646,MBS,ngon-ngu-anh,D15,Điểm thi THPT,2025,23.75,Ngôn ngữ Anh
110647,MBS,ngon-ngu-anh,D66,Điểm thi THPT,2025,23.75,Ngôn ngữ Anh
110648,MBS,ngon-ngu-anh,X78,Điểm thi THPT,2025,23.75,Ngôn ngữ Anh
110649,MBS,ngon-ngu-anh-chat-luong-cao,A01,Điểm học bạ,2021,24.0,Ngôn ngữ Anh – Chất lượng cao
110650,MBS,ngon-ngu-anh-chat-luong-cao,D01,Điểm học bạ,2021,24.0,Ngôn ngữ Anh – Chất lượng cao
110651,MBS,ngon-ngu-anh-chat-luong-cao,D14,Điểm học bạ,2021,24.0,Ngôn ngữ Anh – Chất lượng cao
110652,MBS,ngon-ngu-anh-chat-luong-cao,D78,Điểm học bạ,2021,24.0,Ngôn ngữ Anh – Chất lượng cao
110653,MBS,ngon-ngu-anh-chat-luong-cao,A01,Điểm thi THPT,2021,25.9,Ngôn ngữ Anh – Chất lượng cao
110654,MBS,ngon-ngu-anh-chat-luong-cao,D01,Điểm thi THPT,2021,25.9,Ngôn ngữ Anh – Chất lượng cao
110655,MBS,ngon-ngu-anh-chat-luong-cao,D14,Điểm thi THPT,2021,25.9,Ngôn ngữ Anh – Chất lượng cao
110656,MBS,ngon-ngu-anh-chat-luong-cao,D78,Điểm thi THPT,2021,25.9,Ngôn ngữ Anh – Chất lượng cao
110657,MBS,ngon-ngu-anh-chat-luong-cao,A01,Điểm thi THPT,2022,22.4,Ngôn ngữ Anh – Chất lượng cao
110658,MBS,ngon-ngu-anh-chat-luong-cao,D01,Điểm thi THPT,2022,22.4,Ngôn ngữ Anh – Chất lượng cao
110659,MBS,ngon-ngu-anh-chat-luong-cao,D14,Điểm thi THPT,2022,22.4,Ngôn ngữ Anh – Chất lượng cao
110660,MBS,ngon-ngu-anh-chat-luong-cao,D78,Điểm thi THPT,2022,22.4,Ngôn ngữ Anh – Chất lượng cao
110661,MBS,ngon-ngu-anh-chat-luong-cao,A01,Điểm thi THPT,2023,23.6,Ngôn ngữ Anh Chất lượng cao
110662,MBS,ngon-ngu-anh-chat-luong-cao,D01,Điểm thi THPT,2023,23.6,Ngôn ngữ Anh Chất lượng cao
110663,MBS,ngon-ngu-anh-chat-luong-cao,D14,Điểm thi THPT,2023,23.6,Ngôn ngữ Anh Chất lượng cao
110664,MBS,ngon-ngu-anh-chat-luong-cao,D78,Điểm thi THPT,2023,23.6,Ngôn ngữ Anh Chất lượng cao
110665,MBS,ngon-ngu-anh-chat-luong-cao,A01,Điểm thi THPT,2024,20.0,Ngôn ngữ Anh Chất lượng cao
110666,MBS,ngon-ngu-anh-chat-luong-cao,D01,Điểm thi THPT,2024,20.0,Ngôn ngữ Anh Chất lượng cao
110667,MBS,ngon-ngu-anh-chat-luong-cao,D14,Điểm thi THPT,2024,20.0,Ngôn ngữ Anh Chất lượng cao
110668,MBS,ngon-ngu-anh-chat-luong-cao,D78,Điểm thi THPT,2024,20.0,Ngôn ngữ Anh Chất lượng cao
110669,MBS,ngon-ngu-anh-ctlkdh-flinders-uc,A01,Điểm thi THPT,2025,15.0,"Ngôn ngữ Anh - CTLKĐH Flinders, úc"
110670,MBS,ngon-ngu-anh-ctlkdh-flinders-uc,D01,Điểm thi THPT,2025,15.0,"Ngôn ngữ Anh - CTLKĐH Flinders, úc"
110671,MBS,ngon-ngu-anh-ctlkdh-flinders-uc,D07,Điểm thi THPT,2025,15.0,"Ngôn ngữ Anh - CTLKĐH Flinders, úc"
110672,MBS,ngon-ngu-anh-ctlkdh-flinders-uc,D14,Điểm thi THPT,2025,16.5,"Ngôn ngữ Anh - CTLKĐH Flinders, úc"
110673,MBS,ngon-ngu-anh-ctlkdh-flinders-uc,D15,Điểm thi THPT,2025,16.5,"Ngôn ngữ Anh - CTLKĐH Flinders, úc"
110674,MBS,ngon-ngu-anh-ctlkdh-flinders-uc,D66,Điểm thi THPT,2025,16.5,"Ngôn ngữ Anh - CTLKĐH Flinders, úc"
110675,MBS,ngon-ngu-anh-ctlkdh-flinders-uc,X78,Điểm thi THPT,2025,16.5,"Ngôn ngữ Anh - CTLKĐH Flinders, úc"
110676,MBS,ngon-ngu-han-quoc,D01,Điểm học bạ,2021,24.75,Ngôn ngữ Hàn Quốc
110677,MBS,ngon-ngu-han-quoc,D02,Điểm học bạ,2021,24.75,Ngôn ngữ Hàn Quốc
110678,MBS,ngon-ngu-han-quoc,D03,Điểm học bạ,2021,24.75,Ngôn ngữ Hàn Quốc
110679,MBS,ngon-ngu-han-quoc,D04,Điểm học bạ,2021,24.75,Ngôn ngữ Hàn Quốc
110680,MBS,ngon-ngu-han-quoc,D05,Điểm học bạ,2021,24.75,Ngôn ngữ Hàn Quốc
110681,MBS,ngon-ngu-han-quoc,D06,Điểm học bạ,2021,24.75,Ngôn ngữ Hàn Quốc
110682,MBS,ngon-ngu-han-quoc,D78,Điểm học bạ,2021,24.75,Ngôn ngữ Hàn Quốc
110683,MBS,ngon-ngu-han-quoc,D79,Điểm học bạ,2021,24.75,Ngôn ngữ Hàn Quốc
110684,MBS,ngon-ngu-han-quoc,D80,Điểm học bạ,2021,24.75,Ngôn ngữ Hàn Quốc
110685,MBS,ngon-ngu-han-quoc,D81,Điểm học bạ,2021,24.75,Ngôn ngữ Hàn Quốc
110686,MBS,ngon-ngu-han-quoc,D82,Điểm học bạ,2021,24.75,Ngôn ngữ Hàn Quốc
110687,MBS,ngon-ngu-han-quoc,D83,Điểm học bạ,2021,24.75,Ngôn ngữ Hàn Quốc
110688,MBS,ngon-ngu-han-quoc,D01,Điểm thi THPT,2021,26.7,Ngôn ngữ Hàn Quốc
110689,MBS,ngon-ngu-han-quoc,D02,Điểm thi THPT,2021,26.7,Ngôn ngữ Hàn Quốc
110690,MBS,ngon-ngu-han-quoc,D03,Điểm thi THPT,2021,26.7,Ngôn ngữ Hàn Quốc
110691,MBS,ngon-ngu-han-quoc,D04,Điểm thi THPT,2021,26.7,Ngôn ngữ Hàn Quốc
110692,MBS,ngon-ngu-han-quoc,D05,Điểm thi THPT,2021,26.7,Ngôn ngữ Hàn Quốc
110693,MBS,ngon-ngu-han-quoc,D06,Điểm thi THPT,2021,26.7,Ngôn ngữ Hàn Quốc
110694,MBS,ngon-ngu-han-quoc,D78,Điểm thi THPT,2021,26.7,Ngôn ngữ Hàn Quốc
110695,MBS,ngon-ngu-han-quoc,D79,Điểm thi THPT,2021,26.7,Ngôn ngữ Hàn Quốc
110696,MBS,ngon-ngu-han-quoc,D80,Điểm thi THPT,2021,26.7,Ngôn ngữ Hàn Quốc
110697,MBS,ngon-ngu-han-quoc,D81,Điểm thi THPT,2021,26.7,Ngôn ngữ Hàn Quốc
110698,MBS,ngon-ngu-han-quoc,D82,Điểm thi THPT,2021,26.7,Ngôn ngữ Hàn Quốc
110699,MBS,ngon-ngu-han-quoc,D83,Điểm thi THPT,2021,26.7,Ngôn ngữ Hàn Quốc
110700,MBS,ngon-ngu-han-quoc,D01,Điểm thi THPT,2022,24.3,Ngôn ngữ Hàn Quốc
110701,MBS,ngon-ngu-han-quoc,D02,Điểm thi THPT,2022,24.3,Ngôn ngữ Hàn Quốc
110702,MBS,ngon-ngu-han-quoc,D03,Điểm thi THPT,2022,24.3,Ngôn ngữ Hàn Quốc
110703,MBS,ngon-ngu-han-quoc,D04,Điểm thi THPT,2022,24.3,Ngôn ngữ Hàn Quốc
110704,MBS,ngon-ngu-han-quoc,D05,Điểm thi THPT,2022,24.3,Ngôn ngữ Hàn Quốc
110705,MBS,ngon-ngu-han-quoc,D06,Điểm thi THPT,2022,24.3,Ngôn ngữ Hàn Quốc
110706,MBS,ngon-ngu-han-quoc,D78,Điểm thi THPT,2022,24.3,Ngôn ngữ Hàn Quốc
110707,MBS,ngon-ngu-han-quoc,D79,Điểm thi THPT,2022,24.3,Ngôn ngữ Hàn Quốc
110708,MBS,ngon-ngu-han-quoc,D80,Điểm thi THPT,2022,24.3,Ngôn ngữ Hàn Quốc
110709,MBS,ngon-ngu-han-quoc,D81,Điểm thi THPT,2022,24.3,Ngôn ngữ Hàn Quốc
110710,MBS,ngon-ngu-han-quoc,D82,Điểm thi THPT,2022,24.3,Ngôn ngữ Hàn Quốc
110711,MBS,ngon-ngu-han-quoc,D83,Điểm thi THPT,2022,24.3,Ngôn ngữ Hàn Quốc
110712,MBS,ngon-ngu-han-quoc,D01,Điểm thi THPT,2023,24.2,Ngôn ngữ Hàn Quốc
110713,MBS,ngon-ngu-han-quoc,D06,Điểm thi THPT,2023,24.2,Ngôn ngữ Hàn Quốc
110714,MBS,ngon-ngu-han-quoc,D78,Điểm thi THPT,2023,24.2,Ngôn ngữ Hàn Quốc
110715,MBS,ngon-ngu-han-quoc,D83,Điểm thi THPT,2023,24.2,Ngôn ngữ Hàn Quốc
110716,MBS,ngon-ngu-han-quoc,D78,Điểm học bạ,2024,25.6,Ngôn ngữ Hàn Quốc
110717,MBS,ngon-ngu-han-quoc,D83,Điểm học bạ,2024,25.6,Ngôn ngữ Hàn Quốc
110718,MBS,ngon-ngu-han-quoc,D01,Điểm thi THPT,2024,22.25,Ngôn ngữ Hàn Quốc
110719,MBS,ngon-ngu-han-quoc,D06,Điểm thi THPT,2024,22.25,Ngôn ngữ Hàn Quốc
110720,MBS,ngon-ngu-han-quoc,D78,Điểm thi THPT,2024,22.25,Ngôn ngữ Hàn Quốc
110721,MBS,ngon-ngu-han-quoc,D83,Điểm thi THPT,2024,22.25,Ngôn ngữ Hàn Quốc
110722,MBS,ngon-ngu-han-quoc,A01,Điểm thi THPT,2025,18.4,Ngôn ngữ Hàn Quốc
110723,MBS,ngon-ngu-han-quoc,D01,Điểm thi THPT,2025,18.4,Ngôn ngữ Hàn Quốc
110724,MBS,ngon-ngu-han-quoc,D02,Điểm thi THPT,2025,18.4,Ngôn ngữ Hàn Quốc
110725,MBS,ngon-ngu-han-quoc,D03,Điểm thi THPT,2025,18.4,Ngôn ngữ Hàn Quốc
110726,MBS,ngon-ngu-han-quoc,D04,Điểm thi THPT,2025,18.4,Ngôn ngữ Hàn Quốc
110727,MBS,ngon-ngu-han-quoc,D05,Điểm thi THPT,2025,18.4,Ngôn ngữ Hàn Quốc
110728,MBS,ngon-ngu-han-quoc,D06,Điểm thi THPT,2025,18.4,Ngôn ngữ Hàn Quốc
110729,MBS,ngon-ngu-han-quoc,D07,Điểm thi THPT,2025,18.4,Ngôn ngữ Hàn Quốc
110730,MBS,ngon-ngu-han-quoc,D14,Điểm thi THPT,2025,19.9,Ngôn ngữ Hàn Quốc
110731,MBS,ngon-ngu-han-quoc,D15,Điểm thi THPT,2025,19.9,Ngôn ngữ Hàn Quốc
110732,MBS,ngon-ngu-han-quoc,D21,Điểm thi THPT,2025,18.4,Ngôn ngữ Hàn Quốc
110733,MBS,ngon-ngu-han-quoc,D22,Điểm thi THPT,2025,18.4,Ngôn ngữ Hàn Quốc
110734,MBS,ngon-ngu-han-quoc,D23,Điểm thi THPT,2025,18.4,Ngôn ngữ Hàn Quốc
110735,MBS,ngon-ngu-han-quoc,D24,Điểm thi THPT,2025,18.4,Ngôn ngữ Hàn Quốc
110736,MBS,ngon-ngu-han-quoc,D25,Điểm thi THPT,2025,18.4,Ngôn ngữ Hàn Quốc
110737,MBS,ngon-ngu-han-quoc,D26,Điểm thi THPT,2025,18.4,Ngôn ngữ Hàn Quốc
110738,MBS,ngon-ngu-han-quoc,D27,Điểm thi THPT,2025,18.4,Ngôn ngữ Hàn Quốc
110739,MBS,ngon-ngu-han-quoc,D28,Điểm thi THPT,2025,18.4,Ngôn ngữ Hàn Quốc
110740,MBS,ngon-ngu-han-quoc,D29,Điểm thi THPT,2025,18.4,Ngôn ngữ Hàn Quốc
110741,MBS,ngon-ngu-han-quoc,D30,Điểm thi THPT,2025,18.4,Ngôn ngữ Hàn Quốc
110742,MBS,ngon-ngu-han-quoc,D41,Điểm thi THPT,2025,19.9,Ngôn ngữ Hàn Quốc
110743,MBS,ngon-ngu-han-quoc,D42,Điểm thi THPT,2025,19.9,Ngôn ngữ Hàn Quốc
110744,MBS,ngon-ngu-han-quoc,D43,Điểm thi THPT,2025,19.9,Ngôn ngữ Hàn Quốc
110745,MBS,ngon-ngu-han-quoc,D44,Điểm thi THPT,2025,19.9,Ngôn ngữ Hàn Quốc
110746,MBS,ngon-ngu-han-quoc,D45,Điểm thi THPT,2025,19.9,Ngôn ngữ Hàn Quốc
110747,MBS,ngon-ngu-han-quoc,D61,Điểm thi THPT,2025,19.9,Ngôn ngữ Hàn Quốc
110748,MBS,ngon-ngu-han-quoc,D62,Điểm thi THPT,2025,19.9,Ngôn ngữ Hàn Quốc
110749,MBS,ngon-ngu-han-quoc,D63,Điểm thi THPT,2025,19.9,Ngôn ngữ Hàn Quốc
110750,MBS,ngon-ngu-han-quoc,D64,Điểm thi THPT,2025,19.9,Ngôn ngữ Hàn Quốc
110751,MBS,ngon-ngu-han-quoc,D65,Điểm thi THPT,2025,19.9,Ngôn ngữ Hàn Quốc
110752,MBS,ngon-ngu-han-quoc,D66,Điểm thi THPT,2025,19.9,Ngôn ngữ Hàn Quốc
110753,MBS,ngon-ngu-han-quoc,D67,Điểm thi THPT,2025,19.9,Ngôn ngữ Hàn Quốc
110754,MBS,ngon-ngu-han-quoc,D68,Điểm thi THPT,2025,19.9,Ngôn ngữ Hàn Quốc
110755,MBS,ngon-ngu-han-quoc,D69,Điểm thi THPT,2025,19.9,Ngôn ngữ Hàn Quốc
110756,MBS,ngon-ngu-han-quoc,D70,Điểm thi THPT,2025,19.9,Ngôn ngữ Hàn Quốc
110757,MBS,ngon-ngu-han-quoc,D71,Điểm thi THPT,2025,19.9,Ngôn ngữ Hàn Quốc
110758,MBS,ngon-ngu-han-quoc,X78,Điểm thi THPT,2025,19.9,Ngôn ngữ Hàn Quốc
110759,MBS,ngon-ngu-han-quoc,X82,Điểm thi THPT,2025,19.9,Ngôn ngữ Hàn Quốc
110760,MBS,ngon-ngu-han-quoc,X86,Điểm thi THPT,2025,19.9,Ngôn ngữ Hàn Quốc
110761,MBS,ngon-ngu-han-quoc,X90,Điểm thi THPT,2025,19.9,Ngôn ngữ Hàn Quốc
110762,MBS,ngon-ngu-han-quoc,X94,Điểm thi THPT,2025,19.9,Ngôn ngữ Hàn Quốc
110763,MBS,ngon-ngu-han-quoc,X98,Điểm thi THPT,2025,19.9,Ngôn ngữ Hàn Quốc
110764,MBS,ngon-ngu-han-quoc,Y03,Điểm thi THPT,2025,19.9,Ngôn ngữ Hàn Quốc
110765,MBS,ngon-ngu-nhat,D01,Điểm học bạ,2021,23.75,Ngôn ngữ Nhật
110766,MBS,ngon-ngu-nhat,D02,Điểm học bạ,2021,23.75,Ngôn ngữ Nhật
110767,MBS,ngon-ngu-nhat,D03,Điểm học bạ,2021,23.75,Ngôn ngữ Nhật
110768,MBS,ngon-ngu-nhat,D04,Điểm học bạ,2021,23.75,Ngôn ngữ Nhật
110769,MBS,ngon-ngu-nhat,D05,Điểm học bạ,2021,23.75,Ngôn ngữ Nhật
110770,MBS,ngon-ngu-nhat,D06,Điểm học bạ,2021,23.75,Ngôn ngữ Nhật
110771,MBS,ngon-ngu-nhat,D78,Điểm học bạ,2021,23.75,Ngôn ngữ Nhật
110772,MBS,ngon-ngu-nhat,D79,Điểm học bạ,2021,23.75,Ngôn ngữ Nhật
110773,MBS,ngon-ngu-nhat,D80,Điểm học bạ,2021,23.75,Ngôn ngữ Nhật
110774,MBS,ngon-ngu-nhat,D81,Điểm học bạ,2021,23.75,Ngôn ngữ Nhật
110775,MBS,ngon-ngu-nhat,D82,Điểm học bạ,2021,23.75,Ngôn ngữ Nhật
110776,MBS,ngon-ngu-nhat,D83,Điểm học bạ,2021,23.75,Ngôn ngữ Nhật
110777,MBS,ngon-ngu-nhat,D01,Điểm thi THPT,2021,25.9,Ngôn ngữ Nhật
110778,MBS,ngon-ngu-nhat,D02,Điểm thi THPT,2021,25.9,Ngôn ngữ Nhật
110779,MBS,ngon-ngu-nhat,D03,Điểm thi THPT,2021,25.9,Ngôn ngữ Nhật
110780,MBS,ngon-ngu-nhat,D04,Điểm thi THPT,2021,25.9,Ngôn ngữ Nhật
110781,MBS,ngon-ngu-nhat,D05,Điểm thi THPT,2021,25.9,Ngôn ngữ Nhật
110782,MBS,ngon-ngu-nhat,D06,Điểm thi THPT,2021,25.9,Ngôn ngữ Nhật
110783,MBS,ngon-ngu-nhat,D78,Điểm thi THPT,2021,25.9,Ngôn ngữ Nhật
110784,MBS,ngon-ngu-nhat,D79,Điểm thi THPT,2021,25.9,Ngôn ngữ Nhật
110785,MBS,ngon-ngu-nhat,D80,Điểm thi THPT,2021,25.9,Ngôn ngữ Nhật
110786,MBS,ngon-ngu-nhat,D81,Điểm thi THPT,2021,25.9,Ngôn ngữ Nhật
110787,MBS,ngon-ngu-nhat,D82,Điểm thi THPT,2021,25.9,Ngôn ngữ Nhật
110788,MBS,ngon-ngu-nhat,D83,Điểm thi THPT,2021,25.9,Ngôn ngữ Nhật
110789,MBS,ngon-ngu-nhat,D01,Điểm thi THPT,2022,23.2,Ngôn ngữ Nhật
110790,MBS,ngon-ngu-nhat,D02,Điểm thi THPT,2022,23.2,Ngôn ngữ Nhật
110791,MBS,ngon-ngu-nhat,D03,Điểm thi THPT,2022,23.2,Ngôn ngữ Nhật
110792,MBS,ngon-ngu-nhat,D04,Điểm thi THPT,2022,23.2,Ngôn ngữ Nhật
110793,MBS,ngon-ngu-nhat,D05,Điểm thi THPT,2022,23.2,Ngôn ngữ Nhật
110794,MBS,ngon-ngu-nhat,D06,Điểm thi THPT,2022,23.2,Ngôn ngữ Nhật
110795,MBS,ngon-ngu-nhat,D78,Điểm thi THPT,2022,23.2,Ngôn ngữ Nhật
110796,MBS,ngon-ngu-nhat,D79,Điểm thi THPT,2022,23.2,Ngôn ngữ Nhật
110797,MBS,ngon-ngu-nhat,D80,Điểm thi THPT,2022,23.2,Ngôn ngữ Nhật
110798,MBS,ngon-ngu-nhat,D81,Điểm thi THPT,2022,23.2,Ngôn ngữ Nhật
110799,MBS,ngon-ngu-nhat,D82,Điểm thi THPT,2022,23.2,Ngôn ngữ Nhật
110800,MBS,ngon-ngu-nhat,D83,Điểm thi THPT,2022,23.2,Ngôn ngữ Nhật
110801,MBS,ngon-ngu-nhat,D01,Điểm học bạ,2023,26.4,Ngôn ngữ Nhật
110802,MBS,ngon-ngu-nhat,D81,Điểm học bạ,2023,26.4,Ngôn ngữ Nhật
110803,MBS,ngon-ngu-nhat,D01,Điểm thi THPT,2023,23.3,Ngôn ngữ Nhật
110804,MBS,ngon-ngu-nhat,D06,Điểm thi THPT,2023,23.3,Ngôn ngữ Nhật
110805,MBS,ngon-ngu-nhat,D78,Điểm thi THPT,2023,23.3,Ngôn ngữ Nhật
110806,MBS,ngon-ngu-nhat,D83,Điểm thi THPT,2023,23.3,Ngôn ngữ Nhật
110807,MBS,ngon-ngu-nhat,D01,Điểm học bạ,2024,20.0,Ngôn ngữ Nhật (Chất lượng cao)
110808,MBS,ngon-ngu-nhat,D06,Điểm học bạ,2024,20.0,Ngôn ngữ Nhật (Chất lượng cao)
110809,MBS,ngon-ngu-nhat,D78,Điểm học bạ,2024,22.75,Ngôn ngữ Nhật
110810,MBS,ngon-ngu-nhat,D83,Điểm học bạ,2024,22.75,Ngôn ngữ Nhật
110811,MBS,ngon-ngu-nhat,D01,Điểm thi THPT,2024,20.0,Ngôn ngữ Nhật
110812,MBS,ngon-ngu-nhat,D06,Điểm thi THPT,2024,20.0,Ngôn ngữ Nhật
110813,MBS,ngon-ngu-nhat,D78,Điểm thi THPT,2024,20.0,Ngôn ngữ Nhật
110814,MBS,ngon-ngu-nhat,D83,Điểm thi THPT,2024,20.0,Ngôn ngữ Nhật
110815,MBS,ngon-ngu-nhat,A01,Điểm thi THPT,2025,17.8,Ngôn ngữ Nhật
110816,MBS,ngon-ngu-nhat,D01,Điểm thi THPT,2025,17.8,Ngôn ngữ Nhật
110817,MBS,ngon-ngu-nhat,D02,Điểm thi THPT,2025,17.8,Ngôn ngữ Nhật
110818,MBS,ngon-ngu-nhat,D03,Điểm thi THPT,2025,17.8,Ngôn ngữ Nhật
110819,MBS,ngon-ngu-nhat,D04,Điểm thi THPT,2025,17.8,Ngôn ngữ Nhật
110820,MBS,ngon-ngu-nhat,D05,Điểm thi THPT,2025,17.8,Ngôn ngữ Nhật
110821,MBS,ngon-ngu-nhat,D06,Điểm thi THPT,2025,17.8,Ngôn ngữ Nhật
110822,MBS,ngon-ngu-nhat,D07,Điểm thi THPT,2025,17.8,Ngôn ngữ Nhật
110823,MBS,ngon-ngu-nhat,D14,Điểm thi THPT,2025,19.3,Ngôn ngữ Nhật
110824,MBS,ngon-ngu-nhat,D15,Điểm thi THPT,2025,19.3,Ngôn ngữ Nhật
110825,MBS,ngon-ngu-nhat,D21,Điểm thi THPT,2025,17.8,Ngôn ngữ Nhật
110826,MBS,ngon-ngu-nhat,D22,Điểm thi THPT,2025,17.8,Ngôn ngữ Nhật
110827,MBS,ngon-ngu-nhat,D23,Điểm thi THPT,2025,17.8,Ngôn ngữ Nhật
110828,MBS,ngon-ngu-nhat,D24,Điểm thi THPT,2025,17.8,Ngôn ngữ Nhật
110829,MBS,ngon-ngu-nhat,D25,Điểm thi THPT,2025,17.8,Ngôn ngữ Nhật
110830,MBS,ngon-ngu-nhat,D26,Điểm thi THPT,2025,17.8,Ngôn ngữ Nhật
110831,MBS,ngon-ngu-nhat,D27,Điểm thi THPT,2025,17.8,Ngôn ngữ Nhật
110832,MBS,ngon-ngu-nhat,D28,Điểm thi THPT,2025,17.8,Ngôn ngữ Nhật
110833,MBS,ngon-ngu-nhat,D29,Điểm thi THPT,2025,17.8,Ngôn ngữ Nhật
110834,MBS,ngon-ngu-nhat,D30,Điểm thi THPT,2025,17.8,Ngôn ngữ Nhật
110835,MBS,ngon-ngu-nhat,D41,Điểm thi THPT,2025,19.3,Ngôn ngữ Nhật
110836,MBS,ngon-ngu-nhat,D42,Điểm thi THPT,2025,19.3,Ngôn ngữ Nhật
110837,MBS,ngon-ngu-nhat,D43,Điểm thi THPT,2025,19.3,Ngôn ngữ Nhật
110838,MBS,ngon-ngu-nhat,D44,Điểm thi THPT,2025,19.3,Ngôn ngữ Nhật
110839,MBS,ngon-ngu-nhat,D45,Điểm thi THPT,2025,19.3,Ngôn ngữ Nhật
110840,MBS,ngon-ngu-nhat,D61,Điểm thi THPT,2025,19.3,Ngôn ngữ Nhật
110841,MBS,ngon-ngu-nhat,D62,Điểm thi THPT,2025,19.3,Ngôn ngữ Nhật
110842,MBS,ngon-ngu-nhat,D63,Điểm thi THPT,2025,19.3,Ngôn ngữ Nhật
110843,MBS,ngon-ngu-nhat,D64,Điểm thi THPT,2025,19.3,Ngôn ngữ Nhật
110844,MBS,ngon-ngu-nhat,D65,Điểm thi THPT,2025,19.3,Ngôn ngữ Nhật
110845,MBS,ngon-ngu-nhat,D66,Điểm thi THPT,2025,19.3,Ngôn ngữ Nhật
110846,MBS,ngon-ngu-nhat,D67,Điểm thi THPT,2025,19.3,Ngôn ngữ Nhật
110847,MBS,ngon-ngu-nhat,D68,Điểm thi THPT,2025,19.3,Ngôn ngữ Nhật
110848,MBS,ngon-ngu-nhat,D69,Điểm thi THPT,2025,19.3,Ngôn ngữ Nhật
110849,MBS,ngon-ngu-nhat,D70,Điểm thi THPT,2025,19.3,Ngôn ngữ Nhật
110850,MBS,ngon-ngu-nhat,D71,Điểm thi THPT,2025,19.3,Ngôn ngữ Nhật
110851,MBS,ngon-ngu-nhat,X78,Điểm thi THPT,2025,19.3,Ngôn ngữ Nhật
110852,MBS,ngon-ngu-nhat,X82,Điểm thi THPT,2025,19.3,Ngôn ngữ Nhật
110853,MBS,ngon-ngu-nhat,X86,Điểm thi THPT,2025,19.3,Ngôn ngữ Nhật
110854,MBS,ngon-ngu-nhat,X90,Điểm thi THPT,2025,19.3,Ngôn ngữ Nhật
110855,MBS,ngon-ngu-nhat,X94,Điểm thi THPT,2025,19.3,Ngôn ngữ Nhật
110856,MBS,ngon-ngu-nhat,X98,Điểm thi THPT,2025,19.3,Ngôn ngữ Nhật
110857,MBS,ngon-ngu-nhat,Y03,Điểm thi THPT,2025,19.3,Ngôn ngữ Nhật
110858,MBS,ngon-ngu-nhat-chat-luong-cao,D01,Điểm học bạ,2021,20.0,Ngôn ngữ Nhật - Chất lượng cao
110859,MBS,ngon-ngu-nhat-chat-luong-cao,D02,Điểm học bạ,2021,20.0,Ngôn ngữ Nhật - Chất lượng cao
110860,MBS,ngon-ngu-nhat-chat-luong-cao,D03,Điểm học bạ,2021,20.0,Ngôn ngữ Nhật - Chất lượng cao
110861,MBS,ngon-ngu-nhat-chat-luong-cao,D04,Điểm học bạ,2021,20.0,Ngôn ngữ Nhật - Chất lượng cao
110862,MBS,ngon-ngu-nhat-chat-luong-cao,D05,Điểm học bạ,2021,20.0,Ngôn ngữ Nhật - Chất lượng cao
110863,MBS,ngon-ngu-nhat-chat-luong-cao,D06,Điểm học bạ,2021,20.0,Ngôn ngữ Nhật - Chất lượng cao
110864,MBS,ngon-ngu-nhat-chat-luong-cao,D78,Điểm học bạ,2021,20.0,Ngôn ngữ Nhật - Chất lượng cao
110865,MBS,ngon-ngu-nhat-chat-luong-cao,D79,Điểm học bạ,2021,20.0,Ngôn ngữ Nhật - Chất lượng cao
110866,MBS,ngon-ngu-nhat-chat-luong-cao,D80,Điểm học bạ,2021,20.0,Ngôn ngữ Nhật - Chất lượng cao
110867,MBS,ngon-ngu-nhat-chat-luong-cao,D81,Điểm học bạ,2021,20.0,Ngôn ngữ Nhật - Chất lượng cao
110868,MBS,ngon-ngu-nhat-chat-luong-cao,D82,Điểm học bạ,2021,20.0,Ngôn ngữ Nhật - Chất lượng cao
110869,MBS,ngon-ngu-nhat-chat-luong-cao,D83,Điểm học bạ,2021,20.0,Ngôn ngữ Nhật - Chất lượng cao
110870,MBS,ngon-ngu-nhat-chat-luong-cao,D01,Điểm thi THPT,2021,24.9,Ngôn ngữ Nhật - Chất lượng cao
110871,MBS,ngon-ngu-nhat-chat-luong-cao,D02,Điểm thi THPT,2021,24.9,Ngôn ngữ Nhật - Chất lượng cao
110872,MBS,ngon-ngu-nhat-chat-luong-cao,D03,Điểm thi THPT,2021,24.9,Ngôn ngữ Nhật - Chất lượng cao
110873,MBS,ngon-ngu-nhat-chat-luong-cao,D04,Điểm thi THPT,2021,24.9,Ngôn ngữ Nhật - Chất lượng cao
110874,MBS,ngon-ngu-nhat-chat-luong-cao,D05,Điểm thi THPT,2021,24.9,Ngôn ngữ Nhật - Chất lượng cao
110875,MBS,ngon-ngu-nhat-chat-luong-cao,D06,Điểm thi THPT,2021,24.9,Ngôn ngữ Nhật - Chất lượng cao
110876,MBS,ngon-ngu-nhat-chat-luong-cao,D78,Điểm thi THPT,2021,24.9,Ngôn ngữ Nhật - Chất lượng cao
110877,MBS,ngon-ngu-nhat-chat-luong-cao,D79,Điểm thi THPT,2021,24.9,Ngôn ngữ Nhật - Chất lượng cao
110878,MBS,ngon-ngu-nhat-chat-luong-cao,D80,Điểm thi THPT,2021,24.9,Ngôn ngữ Nhật - Chất lượng cao
110879,MBS,ngon-ngu-nhat-chat-luong-cao,D81,Điểm thi THPT,2021,24.9,Ngôn ngữ Nhật - Chất lượng cao
110880,MBS,ngon-ngu-nhat-chat-luong-cao,D82,Điểm thi THPT,2021,24.9,Ngôn ngữ Nhật - Chất lượng cao
110881,MBS,ngon-ngu-nhat-chat-luong-cao,D83,Điểm thi THPT,2021,24.9,Ngôn ngữ Nhật - Chất lượng cao
110882,MBS,ngon-ngu-nhat-chat-luong-cao,D01,Điểm thi THPT,2022,23.0,Ngôn ngữ Nhật - Chất lượng cao
110883,MBS,ngon-ngu-nhat-chat-luong-cao,D02,Điểm thi THPT,2022,23.0,Ngôn ngữ Nhật - Chất lượng cao
110884,MBS,ngon-ngu-nhat-chat-luong-cao,D03,Điểm thi THPT,2022,23.0,Ngôn ngữ Nhật - Chất lượng cao
110885,MBS,ngon-ngu-nhat-chat-luong-cao,D04,Điểm thi THPT,2022,23.0,Ngôn ngữ Nhật - Chất lượng cao
110886,MBS,ngon-ngu-nhat-chat-luong-cao,D05,Điểm thi THPT,2022,23.0,Ngôn ngữ Nhật - Chất lượng cao
110887,MBS,ngon-ngu-nhat-chat-luong-cao,D06,Điểm thi THPT,2022,23.0,Ngôn ngữ Nhật - Chất lượng cao
110888,MBS,ngon-ngu-nhat-chat-luong-cao,D78,Điểm thi THPT,2022,23.0,Ngôn ngữ Nhật - Chất lượng cao
110889,MBS,ngon-ngu-nhat-chat-luong-cao,D79,Điểm thi THPT,2022,23.0,Ngôn ngữ Nhật - Chất lượng cao
110890,MBS,ngon-ngu-nhat-chat-luong-cao,D80,Điểm thi THPT,2022,23.0,Ngôn ngữ Nhật - Chất lượng cao
110891,MBS,ngon-ngu-nhat-chat-luong-cao,D81,Điểm thi THPT,2022,23.0,Ngôn ngữ Nhật - Chất lượng cao
110892,MBS,ngon-ngu-nhat-chat-luong-cao,D82,Điểm thi THPT,2022,23.0,Ngôn ngữ Nhật - Chất lượng cao
110893,MBS,ngon-ngu-nhat-chat-luong-cao,D83,Điểm thi THPT,2022,23.0,Ngôn ngữ Nhật - Chất lượng cao
110894,MBS,ngon-ngu-nhat-chat-luong-cao,D01,Điểm thi THPT,2023,21.9,Ngôn ngữ Nhật Chất lượng cao
110895,MBS,ngon-ngu-nhat-chat-luong-cao,D06,Điểm thi THPT,2023,21.9,Ngôn ngữ Nhật Chất lượng cao
110896,MBS,ngon-ngu-nhat-chat-luong-cao,D78,Điểm thi THPT,2023,21.9,Ngôn ngữ Nhật Chất lượng cao
110897,MBS,ngon-ngu-nhat-chat-luong-cao,D83,Điểm thi THPT,2023,21.9,Ngôn ngữ Nhật Chất lượng cao
110898,MBS,ngon-ngu-nhat-chat-luong-cao,D01,Điểm thi THPT,2024,20.0,Ngôn ngữ Nhật Chất lượng cao
110899,MBS,ngon-ngu-nhat-chat-luong-cao,D06,Điểm thi THPT,2024,20.0,Ngôn ngữ Nhật Chất lượng cao
110900,MBS,ngon-ngu-nhat-chat-luong-cao,D78,Điểm thi THPT,2024,20.0,Ngôn ngữ Nhật Chất lượng cao
110901,MBS,ngon-ngu-nhat-chat-luong-cao,D83,Điểm thi THPT,2024,20.0,Ngôn ngữ Nhật Chất lượng cao
110902,MBS,ngon-ngu-trung-quoc,D01,Điểm học bạ,2021,26.25,Ngôn ngữ Trung Quốc
110903,MBS,ngon-ngu-trung-quoc,D02,Điểm học bạ,2021,26.25,Ngôn ngữ Trung Quốc
110904,MBS,ngon-ngu-trung-quoc,D03,Điểm học bạ,2021,26.25,Ngôn ngữ Trung Quốc
110905,MBS,ngon-ngu-trung-quoc,D04,Điểm học bạ,2021,26.25,Ngôn ngữ Trung Quốc
110906,MBS,ngon-ngu-trung-quoc,D05,Điểm học bạ,2021,26.25,Ngôn ngữ Trung Quốc
110907,MBS,ngon-ngu-trung-quoc,D06,Điểm học bạ,2021,26.25,Ngôn ngữ Trung Quốc
110908,MBS,ngon-ngu-trung-quoc,D78,Điểm học bạ,2021,26.25,Ngôn ngữ Trung Quốc
110909,MBS,ngon-ngu-trung-quoc,D79,Điểm học bạ,2021,26.25,Ngôn ngữ Trung Quốc
110910,MBS,ngon-ngu-trung-quoc,D80,Điểm học bạ,2021,26.25,Ngôn ngữ Trung Quốc
110911,MBS,ngon-ngu-trung-quoc,D81,Điểm học bạ,2021,26.25,Ngôn ngữ Trung Quốc
110912,MBS,ngon-ngu-trung-quoc,D82,Điểm học bạ,2021,26.25,Ngôn ngữ Trung Quốc
110913,MBS,ngon-ngu-trung-quoc,D83,Điểm học bạ,2021,26.25,Ngôn ngữ Trung Quốc
110914,MBS,ngon-ngu-trung-quoc,D01,Điểm thi THPT,2021,26.1,Ngôn ngữ Trung Quốc
110915,MBS,ngon-ngu-trung-quoc,D02,Điểm thi THPT,2021,26.1,Ngôn ngữ Trung Quốc
110916,MBS,ngon-ngu-trung-quoc,D03,Điểm thi THPT,2021,26.1,Ngôn ngữ Trung Quốc
110917,MBS,ngon-ngu-trung-quoc,D04,Điểm thi THPT,2021,26.1,Ngôn ngữ Trung Quốc
110918,MBS,ngon-ngu-trung-quoc,D05,Điểm thi THPT,2021,26.1,Ngôn ngữ Trung Quốc
110919,MBS,ngon-ngu-trung-quoc,D06,Điểm thi THPT,2021,26.1,Ngôn ngữ Trung Quốc
110920,MBS,ngon-ngu-trung-quoc,D78,Điểm thi THPT,2021,26.1,Ngôn ngữ Trung Quốc
110921,MBS,ngon-ngu-trung-quoc,D79,Điểm thi THPT,2021,26.1,Ngôn ngữ Trung Quốc
110922,MBS,ngon-ngu-trung-quoc,D80,Điểm thi THPT,2021,26.1,Ngôn ngữ Trung Quốc
110923,MBS,ngon-ngu-trung-quoc,D81,Điểm thi THPT,2021,26.1,Ngôn ngữ Trung Quốc
110924,MBS,ngon-ngu-trung-quoc,D82,Điểm thi THPT,2021,26.1,Ngôn ngữ Trung Quốc
110925,MBS,ngon-ngu-trung-quoc,D83,Điểm thi THPT,2021,26.1,Ngôn ngữ Trung Quốc
110926,MBS,ngon-ngu-trung-quoc,D01,Điểm thi THPT,2022,24.1,Ngôn ngữ Trung Quốc
110927,MBS,ngon-ngu-trung-quoc,D02,Điểm thi THPT,2022,24.1,Ngôn ngữ Trung Quốc
110928,MBS,ngon-ngu-trung-quoc,D03,Điểm thi THPT,2022,24.1,Ngôn ngữ Trung Quốc
110929,MBS,ngon-ngu-trung-quoc,D04,Điểm thi THPT,2022,24.1,Ngôn ngữ Trung Quốc
110930,MBS,ngon-ngu-trung-quoc,D05,Điểm thi THPT,2022,24.1,Ngôn ngữ Trung Quốc
110931,MBS,ngon-ngu-trung-quoc,D06,Điểm thi THPT,2022,24.1,Ngôn ngữ Trung Quốc
110932,MBS,ngon-ngu-trung-quoc,D78,Điểm thi THPT,2022,24.1,Ngôn ngữ Trung Quốc
110933,MBS,ngon-ngu-trung-quoc,D79,Điểm thi THPT,2022,24.1,Ngôn ngữ Trung Quốc
110934,MBS,ngon-ngu-trung-quoc,D80,Điểm thi THPT,2022,24.1,Ngôn ngữ Trung Quốc
110935,MBS,ngon-ngu-trung-quoc,D81,Điểm thi THPT,2022,24.1,Ngôn ngữ Trung Quốc
110936,MBS,ngon-ngu-trung-quoc,D82,Điểm thi THPT,2022,24.1,Ngôn ngữ Trung Quốc
110937,MBS,ngon-ngu-trung-quoc,D83,Điểm thi THPT,2022,24.1,Ngôn ngữ Trung Quốc
110938,MBS,ngon-ngu-trung-quoc,D01,Điểm thi THPT,2023,25.0,Ngôn ngữ Trung Quốc
110939,MBS,ngon-ngu-trung-quoc,D06,Điểm thi THPT,2023,25.0,Ngôn ngữ Trung Quốc
110940,MBS,ngon-ngu-trung-quoc,D78,Điểm thi THPT,2023,25.0,Ngôn ngữ Trung Quốc
110941,MBS,ngon-ngu-trung-quoc,D83,Điểm thi THPT,2023,25.0,Ngôn ngữ Trung Quốc
110942,MBS,ngon-ngu-trung-quoc,D01,Điểm học bạ,2024,27.5,Ngôn ngữ Trung Quốc
110943,MBS,ngon-ngu-trung-quoc,D06,Điểm học bạ,2024,27.5,Ngôn ngữ Trung Quốc
110944,MBS,ngon-ngu-trung-quoc,D78,Điểm học bạ,2024,25.6,Ngôn ngữ Trung Quốc (Chất lượng cao)
110945,MBS,ngon-ngu-trung-quoc,D83,Điểm học bạ,2024,25.6,Ngôn ngữ Trung Quốc (Chất lượng cao)
110946,MBS,ngon-ngu-trung-quoc,D01,Điểm thi THPT,2024,24.0,Ngôn ngữ Trung Quốc
110947,MBS,ngon-ngu-trung-quoc,D06,Điểm thi THPT,2024,24.0,Ngôn ngữ Trung Quốc
110948,MBS,ngon-ngu-trung-quoc,D78,Điểm thi THPT,2024,24.0,Ngôn ngữ Trung Quốc
110949,MBS,ngon-ngu-trung-quoc,D83,Điểm thi THPT,2024,24.0,Ngôn ngữ Trung Quốc
110950,MBS,ngon-ngu-trung-quoc,A01,Điểm thi THPT,2025,21.5,Ngôn ngữ Trung Quốc
110951,MBS,ngon-ngu-trung-quoc,D01,Điểm thi THPT,2025,21.5,Ngôn ngữ Trung Quốc
110952,MBS,ngon-ngu-trung-quoc,D02,Điểm thi THPT,2025,21.5,Ngôn ngữ Trung Quốc
110953,MBS,ngon-ngu-trung-quoc,D03,Điểm thi THPT,2025,21.5,Ngôn ngữ Trung Quốc
110954,MBS,ngon-ngu-trung-quoc,D04,Điểm thi THPT,2025,21.5,Ngôn ngữ Trung Quốc
110955,MBS,ngon-ngu-trung-quoc,D05,Điểm thi THPT,2025,21.5,Ngôn ngữ Trung Quốc
110956,MBS,ngon-ngu-trung-quoc,D06,Điểm thi THPT,2025,21.5,Ngôn ngữ Trung Quốc
110957,MBS,ngon-ngu-trung-quoc,D07,Điểm thi THPT,2025,21.5,Ngôn ngữ Trung Quốc
110958,MBS,ngon-ngu-trung-quoc,D14,Điểm thi THPT,2025,23.0,Ngôn ngữ Trung Quốc
110959,MBS,ngon-ngu-trung-quoc,D15,Điểm thi THPT,2025,23.0,Ngôn ngữ Trung Quốc
110960,MBS,ngon-ngu-trung-quoc,D21,Điểm thi THPT,2025,21.5,Ngôn ngữ Trung Quốc
110961,MBS,ngon-ngu-trung-quoc,D22,Điểm thi THPT,2025,21.5,Ngôn ngữ Trung Quốc
110962,MBS,ngon-ngu-trung-quoc,D23,Điểm thi THPT,2025,21.5,Ngôn ngữ Trung Quốc
110963,MBS,ngon-ngu-trung-quoc,D24,Điểm thi THPT,2025,21.5,Ngôn ngữ Trung Quốc
110964,MBS,ngon-ngu-trung-quoc,D25,Điểm thi THPT,2025,21.5,Ngôn ngữ Trung Quốc
110965,MBS,ngon-ngu-trung-quoc,D26,Điểm thi THPT,2025,21.5,Ngôn ngữ Trung Quốc
110966,MBS,ngon-ngu-trung-quoc,D27,Điểm thi THPT,2025,21.5,Ngôn ngữ Trung Quốc
110967,MBS,ngon-ngu-trung-quoc,D28,Điểm thi THPT,2025,21.5,Ngôn ngữ Trung Quốc
110968,MBS,ngon-ngu-trung-quoc,D29,Điểm thi THPT,2025,21.5,Ngôn ngữ Trung Quốc
110969,MBS,ngon-ngu-trung-quoc,D30,Điểm thi THPT,2025,21.5,Ngôn ngữ Trung Quốc
110970,MBS,ngon-ngu-trung-quoc,D41,Điểm thi THPT,2025,23.0,Ngôn ngữ Trung Quốc
110971,MBS,ngon-ngu-trung-quoc,D42,Điểm thi THPT,2025,23.0,Ngôn ngữ Trung Quốc
110972,MBS,ngon-ngu-trung-quoc,D43,Điểm thi THPT,2025,23.0,Ngôn ngữ Trung Quốc
110973,MBS,ngon-ngu-trung-quoc,D44,Điểm thi THPT,2025,23.0,Ngôn ngữ Trung Quốc
110974,MBS,ngon-ngu-trung-quoc,D45,Điểm thi THPT,2025,23.0,Ngôn ngữ Trung Quốc
110975,MBS,ngon-ngu-trung-quoc,D61,Điểm thi THPT,2025,23.0,Ngôn ngữ Trung Quốc
110976,MBS,ngon-ngu-trung-quoc,D62,Điểm thi THPT,2025,23.0,Ngôn ngữ Trung Quốc
110977,MBS,ngon-ngu-trung-quoc,D63,Điểm thi THPT,2025,23.0,Ngôn ngữ Trung Quốc
110978,MBS,ngon-ngu-trung-quoc,D64,Điểm thi THPT,2025,23.0,Ngôn ngữ Trung Quốc
110979,MBS,ngon-ngu-trung-quoc,D65,Điểm thi THPT,2025,23.0,Ngôn ngữ Trung Quốc
110980,MBS,ngon-ngu-trung-quoc,D66,Điểm thi THPT,2025,23.0,Ngôn ngữ Trung Quốc
110981,MBS,ngon-ngu-trung-quoc,D67,Điểm thi THPT,2025,23.0,Ngôn ngữ Trung Quốc
110982,MBS,ngon-ngu-trung-quoc,D68,Điểm thi THPT,2025,23.0,Ngôn ngữ Trung Quốc
110983,MBS,ngon-ngu-trung-quoc,D69,Điểm thi THPT,2025,23.0,Ngôn ngữ Trung Quốc
110984,MBS,ngon-ngu-trung-quoc,D70,Điểm thi THPT,2025,23.0,Ngôn ngữ Trung Quốc
110985,MBS,ngon-ngu-trung-quoc,D71,Điểm thi THPT,2025,23.0,Ngôn ngữ Trung Quốc
110986,MBS,ngon-ngu-trung-quoc,X78,Điểm thi THPT,2025,23.0,Ngôn ngữ Trung Quốc
110987,MBS,ngon-ngu-trung-quoc,X82,Điểm thi THPT,2025,23.0,Ngôn ngữ Trung Quốc
110988,MBS,ngon-ngu-trung-quoc,X86,Điểm thi THPT,2025,23.0,Ngôn ngữ Trung Quốc
110989,MBS,ngon-ngu-trung-quoc,X90,Điểm thi THPT,2025,23.0,Ngôn ngữ Trung Quốc
110990,MBS,ngon-ngu-trung-quoc,X94,Điểm thi THPT,2025,23.0,Ngôn ngữ Trung Quốc
110991,MBS,ngon-ngu-trung-quoc,X98,Điểm thi THPT,2025,23.0,Ngôn ngữ Trung Quốc
110992,MBS,ngon-ngu-trung-quoc,Y03,Điểm thi THPT,2025,23.0,Ngôn ngữ Trung Quốc
110993,MBS,ngon-ngu-trung-quoc-chat-luong-cao,D01,Điểm học bạ,2021,20.0,Ngôn ngữ Trung Quốc - Chất lượng cao
110994,MBS,ngon-ngu-trung-quoc-chat-luong-cao,D02,Điểm học bạ,2021,20.0,Ngôn ngữ Trung Quốc - Chất lượng cao
110995,MBS,ngon-ngu-trung-quoc-chat-luong-cao,D03,Điểm học bạ,2021,20.0,Ngôn ngữ Trung Quốc - Chất lượng cao
110996,MBS,ngon-ngu-trung-quoc-chat-luong-cao,D04,Điểm học bạ,2021,20.0,Ngôn ngữ Trung Quốc - Chất lượng cao
110997,MBS,ngon-ngu-trung-quoc-chat-luong-cao,D05,Điểm học bạ,2021,20.0,Ngôn ngữ Trung Quốc - Chất lượng cao
110998,MBS,ngon-ngu-trung-quoc-chat-luong-cao,D06,Điểm học bạ,2021,20.0,Ngôn ngữ Trung Quốc - Chất lượng cao
110999,MBS,ngon-ngu-trung-quoc-chat-luong-cao,D78,Điểm học bạ,2021,20.0,Ngôn ngữ Trung Quốc - Chất lượng cao
111000,MBS,ngon-ngu-trung-quoc-chat-luong-cao,D79,Điểm học bạ,2021,20.0,Ngôn ngữ Trung Quốc - Chất lượng cao
111001,MBS,ngon-ngu-trung-quoc-chat-luong-cao,D80,Điểm học bạ,2021,20.0,Ngôn ngữ Trung Quốc - Chất lượng cao
111002,MBS,ngon-ngu-trung-quoc-chat-luong-cao,D81,Điểm học bạ,2021,20.0,Ngôn ngữ Trung Quốc - Chất lượng cao
111003,MBS,ngon-ngu-trung-quoc-chat-luong-cao,D82,Điểm học bạ,2021,20.0,Ngôn ngữ Trung Quốc - Chất lượng cao
111004,MBS,ngon-ngu-trung-quoc-chat-luong-cao,D83,Điểm học bạ,2021,20.0,Ngôn ngữ Trung Quốc - Chất lượng cao
111005,MBS,ngon-ngu-trung-quoc-chat-luong-cao,D01,Điểm thi THPT,2021,25.75,Ngôn ngữ Trung Quốc - Chất lượng cao
111006,MBS,ngon-ngu-trung-quoc-chat-luong-cao,D02,Điểm thi THPT,2021,25.75,Ngôn ngữ Trung Quốc - Chất lượng cao
111007,MBS,ngon-ngu-trung-quoc-chat-luong-cao,D03,Điểm thi THPT,2021,25.75,Ngôn ngữ Trung Quốc - Chất lượng cao
111008,MBS,ngon-ngu-trung-quoc-chat-luong-cao,D04,Điểm thi THPT,2021,25.75,Ngôn ngữ Trung Quốc - Chất lượng cao
111009,MBS,ngon-ngu-trung-quoc-chat-luong-cao,D05,Điểm thi THPT,2021,25.75,Ngôn ngữ Trung Quốc - Chất lượng cao
111010,MBS,ngon-ngu-trung-quoc-chat-luong-cao,D06,Điểm thi THPT,2021,25.75,Ngôn ngữ Trung Quốc - Chất lượng cao
111011,MBS,ngon-ngu-trung-quoc-chat-luong-cao,D78,Điểm thi THPT,2021,25.75,Ngôn ngữ Trung Quốc - Chất lượng cao
111012,MBS,ngon-ngu-trung-quoc-chat-luong-cao,D79,Điểm thi THPT,2021,25.75,Ngôn ngữ Trung Quốc - Chất lượng cao
111013,MBS,ngon-ngu-trung-quoc-chat-luong-cao,D80,Điểm thi THPT,2021,25.75,Ngôn ngữ Trung Quốc - Chất lượng cao
111014,MBS,ngon-ngu-trung-quoc-chat-luong-cao,D81,Điểm thi THPT,2021,25.75,Ngôn ngữ Trung Quốc - Chất lượng cao
111015,MBS,ngon-ngu-trung-quoc-chat-luong-cao,D82,Điểm thi THPT,2021,25.75,Ngôn ngữ Trung Quốc - Chất lượng cao
111016,MBS,ngon-ngu-trung-quoc-chat-luong-cao,D83,Điểm thi THPT,2021,25.75,Ngôn ngữ Trung Quốc - Chất lượng cao
111017,MBS,ngon-ngu-trung-quoc-chat-luong-cao,D01,Điểm thi THPT,2022,22.5,Ngôn ngữ Trung Quốc - Chất lượng cao
111018,MBS,ngon-ngu-trung-quoc-chat-luong-cao,D02,Điểm thi THPT,2022,22.5,Ngôn ngữ Trung Quốc - Chất lượng cao
111019,MBS,ngon-ngu-trung-quoc-chat-luong-cao,D03,Điểm thi THPT,2022,22.5,Ngôn ngữ Trung Quốc - Chất lượng cao
111020,MBS,ngon-ngu-trung-quoc-chat-luong-cao,D04,Điểm thi THPT,2022,22.5,Ngôn ngữ Trung Quốc - Chất lượng cao
111021,MBS,ngon-ngu-trung-quoc-chat-luong-cao,D05,Điểm thi THPT,2022,22.5,Ngôn ngữ Trung Quốc - Chất lượng cao
111022,MBS,ngon-ngu-trung-quoc-chat-luong-cao,D06,Điểm thi THPT,2022,22.5,Ngôn ngữ Trung Quốc - Chất lượng cao
111023,MBS,ngon-ngu-trung-quoc-chat-luong-cao,D78,Điểm thi THPT,2022,22.5,Ngôn ngữ Trung Quốc - Chất lượng cao
111024,MBS,ngon-ngu-trung-quoc-chat-luong-cao,D79,Điểm thi THPT,2022,22.5,Ngôn ngữ Trung Quốc - Chất lượng cao
111025,MBS,ngon-ngu-trung-quoc-chat-luong-cao,D80,Điểm thi THPT,2022,22.5,Ngôn ngữ Trung Quốc - Chất lượng cao
111026,MBS,ngon-ngu-trung-quoc-chat-luong-cao,D81,Điểm thi THPT,2022,22.5,Ngôn ngữ Trung Quốc - Chất lượng cao
111027,MBS,ngon-ngu-trung-quoc-chat-luong-cao,D82,Điểm thi THPT,2022,22.5,Ngôn ngữ Trung Quốc - Chất lượng cao
111028,MBS,ngon-ngu-trung-quoc-chat-luong-cao,D83,Điểm thi THPT,2022,22.5,Ngôn ngữ Trung Quốc - Chất lượng cao
111029,MBS,ngon-ngu-trung-quoc-chat-luong-cao,D01,Điểm thi THPT,2023,24.1,Ngôn ngữ Trung Quốc Chất lượng cao
111030,MBS,ngon-ngu-trung-quoc-chat-luong-cao,D06,Điểm thi THPT,2023,24.1,Ngôn ngữ Trung Quốc Chất lượng cao
111031,MBS,ngon-ngu-trung-quoc-chat-luong-cao,D78,Điểm thi THPT,2023,24.1,Ngôn ngữ Trung Quốc Chất lượng cao
111032,MBS,ngon-ngu-trung-quoc-chat-luong-cao,D83,Điểm thi THPT,2023,24.1,Ngôn ngữ Trung Quốc Chất lượng cao
111033,MBS,ngon-ngu-trung-quoc-chat-luong-cao,D01,Điểm thi THPT,2024,24.0,Ngôn ngữ Trung Quốc Chất lượng cao
111034,MBS,ngon-ngu-trung-quoc-chat-luong-cao,D06,Điểm thi THPT,2024,24.0,Ngôn ngữ Trung Quốc Chất lượng cao
111035,MBS,ngon-ngu-trung-quoc-chat-luong-cao,D78,Điểm thi THPT,2024,24.0,Ngôn ngữ Trung Quốc Chất lượng cao
111036,MBS,ngon-ngu-trung-quoc-chat-luong-cao,D83,Điểm thi THPT,2024,24.0,Ngôn ngữ Trung Quốc Chất lượng cao
111037,MBS,quan-ly-cong,A00,Điểm thi THPT,2022,16.0,Quản lý công
111038,MBS,quan-ly-cong,A01,Điểm thi THPT,2022,16.0,Quản lý công
111039,MBS,quan-ly-cong,D01,Điểm thi THPT,2022,16.0,Quản lý công
111040,MBS,quan-ly-cong,D07,Điểm thi THPT,2022,16.0,Quản lý công
111041,MBS,quan-ly-cong,A00,Điểm học bạ,2023,23.75,Quản lý công
111042,MBS,quan-ly-cong,A01,Điểm học bạ,2023,23.75,Quản lý công
111043,MBS,quan-ly-cong,D01,Điểm học bạ,2023,23.75,Quản lý công
111044,MBS,quan-ly-cong,D07,Điểm học bạ,2023,23.75,Quản lý công
111045,MBS,quan-ly-cong,A00,Điểm thi THPT,2023,19.5,Quản lý công
111046,MBS,quan-ly-cong,A01,Điểm thi THPT,2023,19.5,Quản lý công
111047,MBS,quan-ly-cong,D01,Điểm thi THPT,2023,19.5,Quản lý công
111048,MBS,quan-ly-cong,D07,Điểm thi THPT,2023,19.5,Quản lý công
111049,MBS,quan-ly-cong,A00,Điểm học bạ,2024,23.5,Quản lý công
111050,MBS,quan-ly-cong,A01,Điểm học bạ,2024,23.5,Quản lý công
111051,MBS,quan-ly-cong,D01,Điểm học bạ,2024,23.5,Quản lý công
111052,MBS,quan-ly-cong,D07,Điểm học bạ,2024,23.5,Quản lý công
111053,MBS,quan-ly-cong,A00,Điểm thi THPT,2024,18.0,Quản lý công
111054,MBS,quan-ly-cong,A01,Điểm thi THPT,2024,18.0,Quản lý công
111055,MBS,quan-ly-cong,D01,Điểm thi THPT,2024,18.0,Quản lý công
111056,MBS,quan-ly-cong,D07,Điểm thi THPT,2024,18.0,Quản lý công
111057,MBS,quan-ly-cong,A00,Điểm thi THPT,2025,16.5,Quản lý công
111058,MBS,quan-ly-cong,A01,Điểm thi THPT,2025,16.5,Quản lý công
111059,MBS,quan-ly-cong,D01,Điểm thi THPT,2025,16.5,Quản lý công
111060,MBS,quan-ly-cong,D07,Điểm thi THPT,2025,16.5,Quản lý công
111061,MBS,quan-ly-cong,D09,Điểm thi THPT,2025,16.5,Quản lý công
111062,MBS,quan-ly-cong,X06,Điểm thi THPT,2025,16.5,Quản lý công
111063,MBS,quan-ly-cong,X07,Điểm thi THPT,2025,16.5,Quản lý công
111064,MBS,quan-ly-cong,X10,Điểm thi THPT,2025,16.5,Quản lý công
111065,MBS,quan-ly-cong,X11,Điểm thi THPT,2025,16.5,Quản lý công
111066,MBS,quan-ly-cong,X26,Điểm thi THPT,2025,16.5,Quản lý công
111067,MBS,quan-ly-xay-dung,A00,Điểm học bạ,2021,20.0,Quản lý xây dựng
111068,MBS,quan-ly-xay-dung,A01,Điểm học bạ,2021,20.0,Quản lý xây dựng
111069,MBS,quan-ly-xay-dung,D01,Điểm học bạ,2021,20.0,Quản lý xây dựng
111070,MBS,quan-ly-xay-dung,D07,Điểm học bạ,2021,20.0,Quản lý xây dựng
111071,MBS,quan-ly-xay-dung,A00,Điểm thi THPT,2021,19.0,Quản lý xây dựng
111072,MBS,quan-ly-xay-dung,A01,Điểm thi THPT,2021,19.0,Quản lý xây dựng
111073,MBS,quan-ly-xay-dung,D01,Điểm thi THPT,2021,19.0,Quản lý xây dựng
111074,MBS,quan-ly-xay-dung,D07,Điểm thi THPT,2021,19.0,Quản lý xây dựng
111075,MBS,quan-ly-xay-dung,A00,Điểm thi THPT,2022,16.0,Quản lý xây dựng
111076,MBS,quan-ly-xay-dung,A01,Điểm thi THPT,2022,16.0,Quản lý xây dựng
111077,MBS,quan-ly-xay-dung,D01,Điểm thi THPT,2022,16.0,Quản lý xây dựng
111078,MBS,quan-ly-xay-dung,D07,Điểm thi THPT,2022,16.0,Quản lý xây dựng
111079,MBS,quan-ly-xay-dung,A00,Điểm học bạ,2023,20.0,Quản lý xây dựng
111080,MBS,quan-ly-xay-dung,A01,Điểm học bạ,2023,20.0,Quản lý xây dựng
111081,MBS,quan-ly-xay-dung,D01,Điểm học bạ,2023,20.0,Quản lý xây dựng
111082,MBS,quan-ly-xay-dung,D07,Điểm học bạ,2023,20.0,Quản lý xây dựng
111083,MBS,quan-ly-xay-dung,A00,Điểm thi THPT,2023,17.5,Quản lý xây dựng
111084,MBS,quan-ly-xay-dung,A01,Điểm thi THPT,2023,17.5,Quản lý xây dựng
111085,MBS,quan-ly-xay-dung,D01,Điểm thi THPT,2023,17.5,Quản lý xây dựng
111086,MBS,quan-ly-xay-dung,D07,Điểm thi THPT,2023,17.5,Quản lý xây dựng
111087,MBS,quan-ly-xay-dung,A00,Điểm học bạ,2024,20.75,Quản lý xây dựng
111088,MBS,quan-ly-xay-dung,A01,Điểm học bạ,2024,20.75,Quản lý xây dựng
111089,MBS,quan-ly-xay-dung,D01,Điểm học bạ,2024,20.75,Quản lý xây dựng
111090,MBS,quan-ly-xay-dung,D07,Điểm học bạ,2024,20.75,Quản lý xây dựng
111091,MBS,quan-ly-xay-dung,A00,Điểm thi THPT,2024,16.0,Quản lý xây dựng
111092,MBS,quan-ly-xay-dung,A01,Điểm thi THPT,2024,16.0,Quản lý xây dựng
111093,MBS,quan-ly-xay-dung,D01,Điểm thi THPT,2024,16.0,Quản lý xây dựng
111094,MBS,quan-ly-xay-dung,D07,Điểm thi THPT,2024,16.0,Quản lý xây dựng
111095,MBS,quan-ly-xay-dung,A00,Điểm thi THPT,2025,15.0,Quản lý xây dựng
111096,MBS,quan-ly-xay-dung,A01,Điểm thi THPT,2025,15.0,Quản lý xây dựng
111097,MBS,quan-ly-xay-dung,D07,Điểm thi THPT,2025,15.0,Quản lý xây dựng
111098,MBS,quan-ly-xay-dung,X06,Điểm thi THPT,2025,15.0,Quản lý xây dựng
111099,MBS,quan-ly-xay-dung,X07,Điểm thi THPT,2025,15.0,Quản lý xây dựng
111100,MBS,quan-ly-xay-dung,X10,Điểm thi THPT,2025,15.0,Quản lý xây dựng
111101,MBS,quan-ly-xay-dung,X11,Điểm thi THPT,2025,15.0,Quản lý xây dựng
111102,MBS,quan-ly-xay-dung,X26,Điểm thi THPT,2025,15.0,Quản lý xây dựng
111103,MBS,quan-ly-xay-dung,X27,Điểm thi THPT,2025,15.0,Quản lý xây dựng
111104,MBS,quan-ly-xay-dung,X56,Điểm thi THPT,2025,15.0,Quản lý xây dựng
111105,MBS,quan-tri-kinh-doanh,A00,Điểm thi THPT,2021,26.4,Quản trị kinh doanh
111106,MBS,quan-tri-kinh-doanh,A01,Điểm thi THPT,2021,26.4,Quản trị kinh doanh
111107,MBS,quan-tri-kinh-doanh,D01,Điểm thi THPT,2021,26.4,Quản trị kinh doanh
111108,MBS,quan-tri-kinh-doanh,D07,Điểm thi THPT,2021,26.4,Quản trị kinh doanh
111109,MBS,quan-tri-kinh-doanh,A00,Điểm thi THPT,2022,23.3,Quản trị kinh doanh
111110,MBS,quan-tri-kinh-doanh,A01,Điểm thi THPT,2022,23.3,Quản trị kinh doanh
111111,MBS,quan-tri-kinh-doanh,D01,Điểm thi THPT,2022,23.3,Quản trị kinh doanh
111112,MBS,quan-tri-kinh-doanh,D07,Điểm thi THPT,2022,23.3,Quản trị kinh doanh
111113,MBS,quan-tri-kinh-doanh,A01,Điểm học bạ,2023,24.25,Quản trị kinh doanh (Chất lượng cao)
111114,MBS,quan-tri-kinh-doanh,D01,Điểm học bạ,2023,24.25,Quản trị kinh doanh (Chất lượng cao)
111115,MBS,quan-tri-kinh-doanh,D07,Điểm học bạ,2023,24.25,Quản trị kinh doanh (Chất lượng cao)
111116,MBS,quan-tri-kinh-doanh,D96,Điểm học bạ,2023,24.25,Quản trị kinh doanh (Chất lượng cao)
111117,MBS,quan-tri-kinh-doanh,A00,Điểm thi THPT,2023,24.0,Quản trị kinh doanh
111118,MBS,quan-tri-kinh-doanh,A01,Điểm thi THPT,2023,24.0,Quản trị kinh doanh
111119,MBS,quan-tri-kinh-doanh,D01,Điểm thi THPT,2023,24.0,Quản trị kinh doanh
111120,MBS,quan-tri-kinh-doanh,D07,Điểm thi THPT,2023,24.0,Quản trị kinh doanh
111121,MBS,quan-tri-kinh-doanh,A00,Điểm học bạ,2024,26.25,Quản trị kinh doanh
111122,MBS,quan-tri-kinh-doanh,A01,Điểm học bạ,2024,26.25,Quản trị kinh doanh
111123,MBS,quan-tri-kinh-doanh,D01,Điểm học bạ,2024,26.25,Quản trị kinh doanh
111124,MBS,quan-tri-kinh-doanh,D07,Điểm học bạ,2024,26.25,Quản trị kinh doanh
111125,MBS,quan-tri-kinh-doanh,D96,Điểm học bạ,2024,21.1,Quản trị kinh doanh (CT chất lượng cao)
111126,MBS,quan-tri-kinh-doanh,A00,Điểm thi THPT,2024,20.75,Quản trị kinh doanh
111127,MBS,quan-tri-kinh-doanh,A01,Điểm thi THPT,2024,20.75,Quản trị kinh doanh
111128,MBS,quan-tri-kinh-doanh,D01,Điểm thi THPT,2024,20.75,Quản trị kinh doanh
111129,MBS,quan-tri-kinh-doanh,D07,Điểm thi THPT,2024,20.75,Quản trị kinh doanh
111130,MBS,quan-tri-kinh-doanh,A00,Điểm thi THPT,2025,20.6,Quản trị kinh doanh
111131,MBS,quan-tri-kinh-doanh,A01,Điểm thi THPT,2025,20.6,Quản trị kinh doanh
111132,MBS,quan-tri-kinh-doanh,B08,Điểm thi THPT,2025,20.6,Quản trị kinh doanh
111133,MBS,quan-tri-kinh-doanh,C01,Điểm thi THPT,2025,20.6,Quản trị kinh doanh
111134,MBS,quan-tri-kinh-doanh,C02,Điểm thi THPT,2025,20.6,Quản trị kinh doanh
111135,MBS,quan-tri-kinh-doanh,D01,Điểm thi THPT,2025,20.6,Quản trị kinh doanh
111136,MBS,quan-tri-kinh-doanh,D07,Điểm thi THPT,2025,20.6,Quản trị kinh doanh
111137,MBS,quan-tri-kinh-doanh,D09,Điểm thi THPT,2025,16.0,Quản trị kinh doanh Chương trình Tiên tiến
111138,MBS,quan-tri-kinh-doanh,X02,Điểm thi THPT,2025,20.6,Quản trị kinh doanh
111139,MBS,quan-tri-kinh-doanh,X06,Điểm thi THPT,2025,20.6,Quản trị kinh doanh
111140,MBS,quan-tri-kinh-doanh,X10,Điểm thi THPT,2025,20.6,Quản trị kinh doanh
111141,MBS,quan-tri-kinh-doanh,X26,Điểm thi THPT,2025,20.6,Quản trị kinh doanh
111142,MBS,quan-tri-kinh-doanh,X27,Điểm thi THPT,2025,16.0,Quản trị kinh doanh Chương trình Tiên tiến
111143,MBS,quan-tri-kinh-doanh,X79,Điểm thi THPT,2025,22.1,Quản trị kinh doanh
111144,MBS,quan-tri-kinh-doanh-chat-luong-cao,A00,Điểm học bạ,2021,22.0,Quản trị kinh doanh - Chất lượng cao
111145,MBS,quan-tri-kinh-doanh-chat-luong-cao,A01,Điểm học bạ,2021,22.0,Quản trị kinh doanh - Chất lượng cao
111146,MBS,quan-tri-kinh-doanh-chat-luong-cao,D01,Điểm học bạ,2021,22.0,Quản trị kinh doanh - Chất lượng cao
111147,MBS,quan-tri-kinh-doanh-chat-luong-cao,D07,Điểm học bạ,2021,22.0,Quản trị kinh doanh - Chất lượng cao
111148,MBS,quan-tri-kinh-doanh-chat-luong-cao,A00,Điểm thi THPT,2021,26.4,Quản trị kinh doanh - Chất lượng cao
111149,MBS,quan-tri-kinh-doanh-chat-luong-cao,A01,Điểm thi THPT,2021,26.4,Quản trị kinh doanh - Chất lượng cao
111150,MBS,quan-tri-kinh-doanh-chat-luong-cao,D01,Điểm thi THPT,2021,26.4,Quản trị kinh doanh - Chất lượng cao
111151,MBS,quan-tri-kinh-doanh-chat-luong-cao,D07,Điểm thi THPT,2021,26.4,Quản trị kinh doanh - Chất lượng cao
111152,MBS,quan-tri-kinh-doanh-chat-luong-cao,A01,Điểm thi THPT,2022,20.0,Quản trị kinh doanh - Chất lượng cao
111153,MBS,quan-tri-kinh-doanh-chat-luong-cao,D01,Điểm thi THPT,2022,20.0,Quản trị kinh doanh - Chất lượng cao
111154,MBS,quan-tri-kinh-doanh-chat-luong-cao,D07,Điểm thi THPT,2022,20.0,Quản trị kinh doanh - Chất lượng cao
111155,MBS,quan-tri-kinh-doanh-chat-luong-cao,D96,Điểm thi THPT,2022,20.0,Quản trị kinh doanh - Chất lượng cao
111156,MBS,quan-tri-kinh-doanh-chat-luong-cao,A01,Điểm thi THPT,2023,22.6,Quản trị kinh doanh Chất lượng cao
111157,MBS,quan-tri-kinh-doanh-chat-luong-cao,D01,Điểm thi THPT,2023,22.6,Quản trị kinh doanh Chất lượng cao
111158,MBS,quan-tri-kinh-doanh-chat-luong-cao,D07,Điểm thi THPT,2023,22.6,Quản trị kinh doanh Chất lượng cao
111159,MBS,quan-tri-kinh-doanh-chat-luong-cao,D96,Điểm thi THPT,2023,22.6,Quản trị kinh doanh Chất lượng cao
111160,MBS,quan-tri-kinh-doanh-chat-luong-cao,A01,Điểm thi THPT,2024,20.0,Quản trị kinh doanh Chất lượng cao
111161,MBS,quan-tri-kinh-doanh-chat-luong-cao,D01,Điểm thi THPT,2024,20.0,Quản trị kinh doanh Chất lượng cao
111162,MBS,quan-tri-kinh-doanh-chat-luong-cao,D07,Điểm thi THPT,2024,20.0,Quản trị kinh doanh Chất lượng cao
111163,MBS,quan-tri-kinh-doanh-chat-luong-cao,D96,Điểm thi THPT,2024,20.0,Quản trị kinh doanh Chất lượng cao
111164,MBS,quan-tri-kinh-doanh-ctlkdh-flinders-uc,A00,Điểm thi THPT,2025,15.0,"Quản trị kinh doanh - CTLKĐH Flinders, úc"
111165,MBS,quan-tri-kinh-doanh-ctlkdh-flinders-uc,A01,Điểm thi THPT,2025,15.0,"Quản trị kinh doanh - CTLKĐH Flinders, úc"
111166,MBS,quan-tri-kinh-doanh-ctlkdh-flinders-uc,B08,Điểm thi THPT,2025,15.0,"Quản trị kinh doanh - CTLKĐH Flinders, úc"
111167,MBS,quan-tri-kinh-doanh-ctlkdh-flinders-uc,C01,Điểm thi THPT,2025,15.0,"Quản trị kinh doanh - CTLKĐH Flinders, úc"
111168,MBS,quan-tri-kinh-doanh-ctlkdh-flinders-uc,C02,Điểm thi THPT,2025,15.0,"Quản trị kinh doanh - CTLKĐH Flinders, úc"
111169,MBS,quan-tri-kinh-doanh-ctlkdh-flinders-uc,D01,Điểm thi THPT,2025,15.0,"Quản trị kinh doanh - CTLKĐH Flinders, úc"
111170,MBS,quan-tri-kinh-doanh-ctlkdh-flinders-uc,D07,Điểm thi THPT,2025,15.0,"Quản trị kinh doanh - CTLKĐH Flinders, úc"
111171,MBS,quan-tri-kinh-doanh-ctlkdh-flinders-uc,X02,Điểm thi THPT,2025,15.0,"Quản trị kinh doanh - CTLKĐH Flinders, úc"
111172,MBS,quan-tri-kinh-doanh-ctlkdh-flinders-uc,X06,Điểm thi THPT,2025,15.0,"Quản trị kinh doanh - CTLKĐH Flinders, úc"
111173,MBS,quan-tri-kinh-doanh-ctlkdh-flinders-uc,X10,Điểm thi THPT,2025,15.0,"Quản trị kinh doanh - CTLKĐH Flinders, úc"
111174,MBS,quan-tri-kinh-doanh-ctlkdh-flinders-uc,X26,Điểm thi THPT,2025,15.0,"Quản trị kinh doanh - CTLKĐH Flinders, úc"
111175,MBS,quan-tri-kinh-doanh-ctlkdh-flinders-uc,X79,Điểm thi THPT,2025,16.5,"Quản trị kinh doanh - CTLKĐH Flinders, úc"
111176,MBS,quan-tri-kinh-doanh-ctlkdh-south-wales,A00,Điểm thi THPT,2025,15.0,Quản trị kinh doanh - CTLKĐH South Wales
111177,MBS,quan-tri-kinh-doanh-ctlkdh-south-wales,A01,Điểm thi THPT,2025,15.0,Quản trị kinh doanh - CTLKĐH South Wales
111178,MBS,quan-tri-kinh-doanh-ctlkdh-south-wales,B08,Điểm thi THPT,2025,15.0,Quản trị kinh doanh - CTLKĐH South Wales
111179,MBS,quan-tri-kinh-doanh-ctlkdh-south-wales,C01,Điểm thi THPT,2025,15.0,Quản trị kinh doanh - CTLKĐH South Wales
111180,MBS,quan-tri-kinh-doanh-ctlkdh-south-wales,C02,Điểm thi THPT,2025,15.0,Quản trị kinh doanh - CTLKĐH South Wales
111181,MBS,quan-tri-kinh-doanh-ctlkdh-south-wales,D01,Điểm thi THPT,2025,15.0,Quản trị kinh doanh - CTLKĐH South Wales
111182,MBS,quan-tri-kinh-doanh-ctlkdh-south-wales,D07,Điểm thi THPT,2025,15.0,Quản trị kinh doanh - CTLKĐH South Wales
111183,MBS,quan-tri-kinh-doanh-ctlkdh-south-wales,X02,Điểm thi THPT,2025,15.0,Quản trị kinh doanh - CTLKĐH South Wales
111184,MBS,quan-tri-kinh-doanh-ctlkdh-south-wales,X06,Điểm thi THPT,2025,15.0,Quản trị kinh doanh - CTLKĐH South Wales
111185,MBS,quan-tri-kinh-doanh-ctlkdh-south-wales,X10,Điểm thi THPT,2025,15.0,Quản trị kinh doanh - CTLKĐH South Wales
111186,MBS,quan-tri-kinh-doanh-ctlkdh-south-wales,X26,Điểm thi THPT,2025,15.0,Quản trị kinh doanh - CTLKĐH South Wales
111187,MBS,quan-tri-kinh-doanh-ctlkdh-south-wales,X79,Điểm thi THPT,2025,16.5,Quản trị kinh doanh - CTLKĐH South Wales
111188,MBS,quan-tri-kinh-doanh-ctlkdh-southern-queensland,A00,Điểm thi THPT,2025,15.0,Quản trị kinh doanh -CTLKĐH Southern Queensland
111189,MBS,quan-tri-kinh-doanh-ctlkdh-southern-queensland,A01,Điểm thi THPT,2025,15.0,Quản trị kinh doanh -CTLKĐH Southern Queensland
111190,MBS,quan-tri-kinh-doanh-ctlkdh-southern-queensland,B08,Điểm thi THPT,2025,15.0,Quản trị kinh doanh -CTLKĐH Southern Queensland
111191,MBS,quan-tri-kinh-doanh-ctlkdh-southern-queensland,C01,Điểm thi THPT,2025,15.0,Quản trị kinh doanh -CTLKĐH Southern Queensland
111192,MBS,quan-tri-kinh-doanh-ctlkdh-southern-queensland,C02,Điểm thi THPT,2025,15.0,Quản trị kinh doanh -CTLKĐH Southern Queensland
111193,MBS,quan-tri-kinh-doanh-ctlkdh-southern-queensland,D01,Điểm thi THPT,2025,15.0,Quản trị kinh doanh -CTLKĐH Southern Queensland
111194,MBS,quan-tri-kinh-doanh-ctlkdh-southern-queensland,D07,Điểm thi THPT,2025,15.0,Quản trị kinh doanh -CTLKĐH Southern Queensland
111195,MBS,quan-tri-kinh-doanh-ctlkdh-southern-queensland,X02,Điểm thi THPT,2025,15.0,Quản trị kinh doanh -CTLKĐH Southern Queensland
111196,MBS,quan-tri-kinh-doanh-ctlkdh-southern-queensland,X06,Điểm thi THPT,2025,15.0,Quản trị kinh doanh -CTLKĐH Southern Queensland
111197,MBS,quan-tri-kinh-doanh-ctlkdh-southern-queensland,X10,Điểm thi THPT,2025,15.0,Quản trị kinh doanh -CTLKĐH Southern Queensland
111198,MBS,quan-tri-kinh-doanh-ctlkdh-southern-queensland,X26,Điểm thi THPT,2025,15.0,Quản trị kinh doanh -CTLKĐH Southern Queensland
111199,MBS,quan-tri-kinh-doanh-ctlkdh-southern-queensland,X79,Điểm thi THPT,2025,16.5,Quản trị kinh doanh -CTLKĐH Southern Queensland
111200,MBS,quan-tri-nhan-luc,A00,Điểm thi THPT,2021,26.25,Quản trị nhân lực
111201,MBS,quan-tri-nhan-luc,A01,Điểm thi THPT,2021,26.25,Quản trị nhân lực
111202,MBS,quan-tri-nhan-luc,C03,Điểm thi THPT,2021,26.25,Quản trị nhân lực
111203,MBS,quan-tri-nhan-luc,D01,Điểm thi THPT,2021,26.25,Quản trị nhân lực
111204,MBS,quan-tri-nhan-luc,A00,Điểm thi THPT,2022,25.0,Quản trị nhân lực
111205,MBS,quan-tri-nhan-luc,A01,Điểm thi THPT,2022,25.0,Quản trị nhân lực
111206,MBS,quan-tri-nhan-luc,C03,Điểm thi THPT,2022,25.0,Quản trị nhân lực
111207,MBS,quan-tri-nhan-luc,D01,Điểm thi THPT,2022,25.0,Quản trị nhân lực
111208,MBS,quan-tri-nhan-luc,A00,Điểm thi THPT,2023,24.3,Quản trị nhân lực
111209,MBS,quan-tri-nhan-luc,A01,Điểm thi THPT,2023,24.3,Quản trị nhân lực
111210,MBS,quan-tri-nhan-luc,C03,Điểm thi THPT,2023,24.3,Quản trị nhân lực
111211,MBS,quan-tri-nhan-luc,D01,Điểm thi THPT,2023,24.3,Quản trị nhân lực
111212,MBS,quan-tri-nhan-luc,A00,Điểm học bạ,2024,28.0,Quản trị nhân lực
111213,MBS,quan-tri-nhan-luc,A01,Điểm học bạ,2024,28.0,Quản trị nhân lực
111214,MBS,quan-tri-nhan-luc,C03,Điểm học bạ,2024,28.0,Quản trị nhân lực
111215,MBS,quan-tri-nhan-luc,D01,Điểm học bạ,2024,28.0,Quản trị nhân lực
111216,MBS,quan-tri-nhan-luc,A00,Điểm thi THPT,2024,24.0,Quản trị nhân lực
111217,MBS,quan-tri-nhan-luc,A01,Điểm thi THPT,2024,24.0,Quản trị nhân lực
111218,MBS,quan-tri-nhan-luc,C03,Điểm thi THPT,2024,24.0,Quản trị nhân lực
111219,MBS,quan-tri-nhan-luc,D01,Điểm thi THPT,2024,24.0,Quản trị nhân lực
111220,MBS,quan-tri-nhan-luc,A00,Điểm thi THPT,2025,22.1,Quản trị nhân lực
111221,MBS,quan-tri-nhan-luc,A01,Điểm thi THPT,2025,22.1,Quản trị nhân lực
111222,MBS,quan-tri-nhan-luc,C01,Điểm thi THPT,2025,22.1,Quản trị nhân lực
111223,MBS,quan-tri-nhan-luc,C03,Điểm thi THPT,2025,22.1,Quản trị nhân lực
111224,MBS,quan-tri-nhan-luc,D01,Điểm thi THPT,2025,22.1,Quản trị nhân lực
111225,MBS,quan-tri-nhan-luc,D09,Điểm thi THPT,2025,22.1,Quản trị nhân lực
111226,MBS,quan-tri-nhan-luc,X02,Điểm thi THPT,2025,22.1,Quản trị nhân lực
111227,MBS,quan-tri-nhan-luc,X06,Điểm thi THPT,2025,22.1,Quản trị nhân lực
111228,MBS,quan-tri-nhan-luc,X26,Điểm thi THPT,2025,22.1,Quản trị nhân lực
111229,MBS,quan-tri-nhan-luc,X27,Điểm thi THPT,2025,22.1,Quản trị nhân lực
111230,MBS,quan-tri-nhan-luc,X56,Điểm thi THPT,2025,22.1,Quản trị nhân lực
111231,MBS,quan-tri-nhan-luc,X79,Điểm thi THPT,2025,23.6,Quản trị nhân lực
111232,MBS,tai-chinh-ngan-hang,A00,Điểm học bạ,2021,26.5,Tài chính Ngân hàng
111233,MBS,tai-chinh-ngan-hang,A01,Điểm học bạ,2021,26.5,Tài chính Ngân hàng
111234,MBS,tai-chinh-ngan-hang,D01,Điểm học bạ,2021,26.5,Tài chính Ngân hàng
111235,MBS,tai-chinh-ngan-hang,D07,Điểm học bạ,2021,26.5,Tài chính Ngân hàng
111236,MBS,tai-chinh-ngan-hang,A00,Điểm thi THPT,2021,25.85,Tài chính Ngân hàng
111237,MBS,tai-chinh-ngan-hang,A01,Điểm thi THPT,2021,25.85,Tài chính Ngân hàng
111238,MBS,tai-chinh-ngan-hang,D01,Điểm thi THPT,2021,25.85,Tài chính Ngân hàng
111239,MBS,tai-chinh-ngan-hang,D07,Điểm thi THPT,2021,25.85,Tài chính Ngân hàng
111240,MBS,tai-chinh-ngan-hang,A00,Điểm thi THPT,2022,23.6,Tài chính Ngân hàng
111241,MBS,tai-chinh-ngan-hang,A01,Điểm thi THPT,2022,23.6,Tài chính Ngân hàng
111242,MBS,tai-chinh-ngan-hang,D01,Điểm thi THPT,2022,23.6,Tài chính Ngân hàng
111243,MBS,tai-chinh-ngan-hang,D07,Điểm thi THPT,2022,23.6,Tài chính Ngân hàng
111244,MBS,tai-chinh-ngan-hang,A01,Điểm học bạ,2023,25.1,Tài chính-Ngân hàng (Chất lượng cao)
111245,MBS,tai-chinh-ngan-hang,D01,Điểm học bạ,2023,25.1,Tài chính-Ngân hàng (Chất lượng cao)
111246,MBS,tai-chinh-ngan-hang,D07,Điểm học bạ,2023,25.1,Tài chính-Ngân hàng (Chất lượng cao)
111247,MBS,tai-chinh-ngan-hang,D96,Điểm học bạ,2023,25.1,Tài chính-Ngân hàng (Chất lượng cao)
111248,MBS,tai-chinh-ngan-hang,A00,Điểm thi THPT,2023,23.9,Tài chính ngân hàng
111249,MBS,tai-chinh-ngan-hang,A01,Điểm thi THPT,2023,23.9,Tài chính ngân hàng
111250,MBS,tai-chinh-ngan-hang,D01,Điểm thi THPT,2023,23.9,Tài chính ngân hàng
111251,MBS,tai-chinh-ngan-hang,D07,Điểm thi THPT,2023,23.9,Tài chính ngân hàng
111252,MBS,tai-chinh-ngan-hang,A00,Điểm học bạ,2024,27.4,Tài chính - Ngân hàng
111253,MBS,tai-chinh-ngan-hang,A01,Điểm học bạ,2024,27.4,Tài chính - Ngân hàng
111254,MBS,tai-chinh-ngan-hang,D01,Điểm học bạ,2024,27.4,Tài chính - Ngân hàng
111255,MBS,tai-chinh-ngan-hang,D07,Điểm học bạ,2024,27.4,Tài chính - Ngân hàng
111256,MBS,tai-chinh-ngan-hang,D96,Điểm học bạ,2024,23.6,Tài chính-Ngân hàng (CT chất lượng cao)
111257,MBS,tai-chinh-ngan-hang,A00,Điểm thi THPT,2024,23.2,Tài chính - Ngân hàng
111258,MBS,tai-chinh-ngan-hang,A01,Điểm thi THPT,2024,23.2,Tài chính - Ngân hàng
111259,MBS,tai-chinh-ngan-hang,D01,Điểm thi THPT,2024,23.2,Tài chính - Ngân hàng
111260,MBS,tai-chinh-ngan-hang,D07,Điểm thi THPT,2024,23.2,Tài chính - Ngân hàng
111261,MBS,tai-chinh-ngan-hang,A00,Điểm thi THPT,2025,19.2,Tài chính - Ngân hàng
111262,MBS,tai-chinh-ngan-hang,A01,Điểm thi THPT,2025,19.2,Tài chính - Ngân hàng
111263,MBS,tai-chinh-ngan-hang,B08,Điểm thi THPT,2025,15.0,Tài chính - Ngân hàng Chương trình Tiên tiến
111264,MBS,tai-chinh-ngan-hang,D01,Điểm thi THPT,2025,15.0,Tài chính - Ngân hàng Chương trình Tiên tiến
111265,MBS,tai-chinh-ngan-hang,D07,Điểm thi THPT,2025,19.2,Tài chính - Ngân hàng
111266,MBS,tai-chinh-ngan-hang,D09,Điểm thi THPT,2025,15.0,Tài chính - Ngân hàng Chương trình Tiên tiến
111267,MBS,tai-chinh-ngan-hang,D10,Điểm thi THPT,2025,15.0,Tài chính - Ngân hàng Chương trình Tiên tiến
111268,MBS,tai-chinh-ngan-hang,D21,Điểm thi THPT,2025,19.2,Tài chính - Ngân hàng
111269,MBS,tai-chinh-ngan-hang,D22,Điểm thi THPT,2025,19.2,Tài chính - Ngân hàng
111270,MBS,tai-chinh-ngan-hang,D23,Điểm thi THPT,2025,19.2,Tài chính - Ngân hàng
111271,MBS,tai-chinh-ngan-hang,D24,Điểm thi THPT,2025,19.2,Tài chính - Ngân hàng
111272,MBS,tai-chinh-ngan-hang,D25,Điểm thi THPT,2025,19.2,Tài chính - Ngân hàng
111273,MBS,tai-chinh-ngan-hang,D26,Điểm thi THPT,2025,19.2,Tài chính - Ngân hàng
111274,MBS,tai-chinh-ngan-hang,D27,Điểm thi THPT,2025,19.2,Tài chính - Ngân hàng
111275,MBS,tai-chinh-ngan-hang,D28,Điểm thi THPT,2025,19.2,Tài chính - Ngân hàng
111276,MBS,tai-chinh-ngan-hang,D29,Điểm thi THPT,2025,19.2,Tài chính - Ngân hàng
111277,MBS,tai-chinh-ngan-hang,D30,Điểm thi THPT,2025,19.2,Tài chính - Ngân hàng
111278,MBS,tai-chinh-ngan-hang,D84,Điểm thi THPT,2025,16.5,Tài chính - Ngân hàng Chương trình Tiên tiến
111279,MBS,tai-chinh-ngan-hang,X02,Điểm thi THPT,2025,19.2,Tài chính - Ngân hàng
111280,MBS,tai-chinh-ngan-hang,X03,Điểm thi THPT,2025,19.2,Tài chính - Ngân hàng
111281,MBS,tai-chinh-ngan-hang,X04,Điểm thi THPT,2025,19.2,Tài chính - Ngân hàng
111282,MBS,tai-chinh-ngan-hang,X06,Điểm thi THPT,2025,19.2,Tài chính - Ngân hàng
111283,MBS,tai-chinh-ngan-hang,X07,Điểm thi THPT,2025,19.2,Tài chính - Ngân hàng
111284,MBS,tai-chinh-ngan-hang,X08,Điểm thi THPT,2025,19.2,Tài chính - Ngân hàng
111285,MBS,tai-chinh-ngan-hang,X10,Điểm thi THPT,2025,19.2,Tài chính - Ngân hàng
111286,MBS,tai-chinh-ngan-hang,X11,Điểm thi THPT,2025,19.2,Tài chính - Ngân hàng
111287,MBS,tai-chinh-ngan-hang,X12,Điểm thi THPT,2025,19.2,Tài chính - Ngân hàng
111288,MBS,tai-chinh-ngan-hang,X25,Điểm thi THPT,2025,15.0,Tài chính - Ngân hàng Chương trình Tiên tiến
111289,MBS,tai-chinh-ngan-hang,X26,Điểm thi THPT,2025,15.0,Tài chính - Ngân hàng Chương trình Tiên tiến
111290,MBS,tai-chinh-ngan-hang,X27,Điểm thi THPT,2025,15.0,Tài chính - Ngân hàng Chương trình Tiên tiến
111291,MBS,tai-chinh-ngan-hang,X28,Điểm thi THPT,2025,15.0,Tài chính - Ngân hàng Chương trình Tiên tiến
111292,MBS,tai-chinh-ngan-hang-chat-luong-cao,A00,Điểm học bạ,2021,20.0,Tài chính ngân hàng - Chất lượng cao
111293,MBS,tai-chinh-ngan-hang-chat-luong-cao,A01,Điểm học bạ,2021,20.0,Tài chính ngân hàng - Chất lượng cao
111294,MBS,tai-chinh-ngan-hang-chat-luong-cao,D01,Điểm học bạ,2021,20.0,Tài chính ngân hàng - Chất lượng cao
111295,MBS,tai-chinh-ngan-hang-chat-luong-cao,D07,Điểm học bạ,2021,20.0,Tài chính ngân hàng - Chất lượng cao
111296,MBS,tai-chinh-ngan-hang-chat-luong-cao,A00,Điểm thi THPT,2021,25.25,Tài chính ngân hàng - Chất lượng cao
111297,MBS,tai-chinh-ngan-hang-chat-luong-cao,A01,Điểm thi THPT,2021,25.25,Tài chính ngân hàng - Chất lượng cao
111298,MBS,tai-chinh-ngan-hang-chat-luong-cao,D01,Điểm thi THPT,2021,25.25,Tài chính ngân hàng - Chất lượng cao
111299,MBS,tai-chinh-ngan-hang-chat-luong-cao,D07,Điểm thi THPT,2021,25.25,Tài chính ngân hàng - Chất lượng cao
111300,MBS,tai-chinh-ngan-hang-chat-luong-cao,A00,Điểm thi THPT,2022,20.6,Tài chính ngân hàng - Chất lượng cao
111301,MBS,tai-chinh-ngan-hang-chat-luong-cao,A01,Điểm thi THPT,2022,20.6,Tài chính ngân hàng - Chất lượng cao
111302,MBS,tai-chinh-ngan-hang-chat-luong-cao,D01,Điểm thi THPT,2022,20.6,Tài chính ngân hàng - Chất lượng cao
111303,MBS,tai-chinh-ngan-hang-chat-luong-cao,D07,Điểm thi THPT,2022,20.6,Tài chính ngân hàng - Chất lượng cao
111304,MBS,tai-chinh-ngan-hang-chat-luong-cao,A01,Điểm thi THPT,2023,22.0,Tài chính ngân hàng Chất lượng cao
111305,MBS,tai-chinh-ngan-hang-chat-luong-cao,D01,Điểm thi THPT,2023,22.0,Tài chính ngân hàng Chất lượng cao
111306,MBS,tai-chinh-ngan-hang-chat-luong-cao,D07,Điểm thi THPT,2023,22.0,Tài chính ngân hàng Chất lượng cao
111307,MBS,tai-chinh-ngan-hang-chat-luong-cao,D96,Điểm thi THPT,2023,22.0,Tài chính ngân hàng Chất lượng cao
111308,MBS,tai-chinh-ngan-hang-chat-luong-cao,A01,Điểm thi THPT,2024,18.0,Tài chính – Ngân hàng Chất lượng cao
111309,MBS,tai-chinh-ngan-hang-chat-luong-cao,D01,Điểm thi THPT,2024,18.0,Tài chính – Ngân hàng Chất lượng cao
111310,MBS,tai-chinh-ngan-hang-chat-luong-cao,D07,Điểm thi THPT,2024,18.0,Tài chính – Ngân hàng Chất lượng cao
111311,MBS,tai-chinh-ngan-hang-chat-luong-cao,D96,Điểm thi THPT,2024,18.0,Tài chính – Ngân hàng Chất lượng cao
111312,MBS,tai-chinh-ngan-hang-ctlkdh-flinders-uc,A01,Điểm thi THPT,2025,15.0,"Tài chính ngân hàng -CTLKĐH Flinders, úc"
111313,MBS,tai-chinh-ngan-hang-ctlkdh-flinders-uc,B08,Điểm thi THPT,2025,15.0,"Tài chính ngân hàng -CTLKĐH Flinders, úc"
111314,MBS,tai-chinh-ngan-hang-ctlkdh-flinders-uc,D01,Điểm thi THPT,2025,15.0,"Tài chính ngân hàng -CTLKĐH Flinders, úc"
111315,MBS,tai-chinh-ngan-hang-ctlkdh-flinders-uc,D07,Điểm thi THPT,2025,15.0,"Tài chính ngân hàng -CTLKĐH Flinders, úc"
111316,MBS,tai-chinh-ngan-hang-ctlkdh-flinders-uc,D09,Điểm thi THPT,2025,15.0,"Tài chính ngân hàng -CTLKĐH Flinders, úc"
111317,MBS,tai-chinh-ngan-hang-ctlkdh-flinders-uc,D10,Điểm thi THPT,2025,15.0,"Tài chính ngân hàng -CTLKĐH Flinders, úc"
111318,MBS,tai-chinh-ngan-hang-ctlkdh-flinders-uc,D84,Điểm thi THPT,2025,16.5,"Tài chính ngân hàng -CTLKĐH Flinders, úc"
111319,MBS,tai-chinh-ngan-hang-ctlkdh-flinders-uc,X25,Điểm thi THPT,2025,15.0,"Tài chính ngân hàng -CTLKĐH Flinders, úc"
111320,MBS,tai-chinh-ngan-hang-ctlkdh-flinders-uc,X26,Điểm thi THPT,2025,15.0,"Tài chính ngân hàng -CTLKĐH Flinders, úc"
111321,MBS,tai-chinh-ngan-hang-ctlkdh-flinders-uc,X27,Điểm thi THPT,2025,15.0,"Tài chính ngân hàng -CTLKĐH Flinders, úc"
111322,MBS,tai-chinh-ngan-hang-ctlkdh-flinders-uc,X28,Điểm thi THPT,2025,15.0,"Tài chính ngân hàng -CTLKĐH Flinders, úc"
111323,MBS,tam-ly-hoc,A01,Điểm thi THPT,2023,24.5,Tâm lý học
111324,MBS,tam-ly-hoc,C00,Điểm thi THPT,2023,24.5,Tâm lý học
111325,MBS,tam-ly-hoc,D01,Điểm thi THPT,2023,24.5,Tâm lý học
111326,MBS,tam-ly-hoc,D06,Điểm thi THPT,2023,24.5,Tâm lý học
111327,MBS,tam-ly-hoc,D78,Điểm thi THPT,2023,24.5,Tâm lý học
111328,MBS,tam-ly-hoc,D83,Điểm thi THPT,2023,24.5,Tâm lý học
111329,MBS,tam-ly-hoc,A01,Điểm học bạ,2024,26.9,Tâm lý học
111330,MBS,tam-ly-hoc,C00,Điểm học bạ,2024,26.9,Tâm lý học
111331,MBS,tam-ly-hoc,D01,Điểm học bạ,2024,26.9,Tâm lý học
111332,MBS,tam-ly-hoc,D06,Điểm học bạ,2024,26.9,Tâm lý học
111333,MBS,tam-ly-hoc,D78,Điểm học bạ,2024,26.9,Tâm lý học
111334,MBS,tam-ly-hoc,D83,Điểm học bạ,2024,26.9,Tâm lý học
111335,MBS,tam-ly-hoc,A01,Điểm thi THPT,2024,23.8,Tâm lý học
111336,MBS,tam-ly-hoc,C00,Điểm thi THPT,2024,23.8,Tâm lý học
111337,MBS,tam-ly-hoc,D01,Điểm thi THPT,2024,23.8,Tâm lý học
111338,MBS,tam-ly-hoc,D06,Điểm thi THPT,2024,23.8,Tâm lý học
111339,MBS,tam-ly-hoc,D78,Điểm thi THPT,2024,23.8,Tâm lý học
111340,MBS,tam-ly-hoc,D83,Điểm thi THPT,2024,23.8,Tâm lý học
111341,MBS,tam-ly-hoc,C00,Điểm thi THPT,2025,25.0,Tâm lý học
111342,MBS,tam-ly-hoc,C14,Điểm thi THPT,2025,25.0,Tâm lý học
111343,MBS,tam-ly-hoc,C19,Điểm thi THPT,2025,25.0,Tâm lý học
111344,MBS,tam-ly-hoc,C20,Điểm thi THPT,2025,25.0,Tâm lý học
111345,MBS,tam-ly-hoc,D01,Điểm thi THPT,2025,24.0,Tâm lý học
111346,MBS,tam-ly-hoc,D02,Điểm thi THPT,2025,24.0,Tâm lý học
111347,MBS,tam-ly-hoc,D03,Điểm thi THPT,2025,24.0,Tâm lý học
111348,MBS,tam-ly-hoc,D04,Điểm thi THPT,2025,24.0,Tâm lý học
111349,MBS,tam-ly-hoc,D05,Điểm thi THPT,2025,24.0,Tâm lý học
111350,MBS,tam-ly-hoc,D06,Điểm thi THPT,2025,24.0,Tâm lý học
111351,MBS,tam-ly-hoc,D14,Điểm thi THPT,2025,25.0,Tâm lý học
111352,MBS,tam-ly-hoc,D15,Điểm thi THPT,2025,25.0,Tâm lý học
111353,MBS,tam-ly-hoc,D41,Điểm thi THPT,2025,25.0,Tâm lý học
111354,MBS,tam-ly-hoc,D42,Điểm thi THPT,2025,25.0,Tâm lý học
111355,MBS,tam-ly-hoc,D43,Điểm thi THPT,2025,25.0,Tâm lý học
111356,MBS,tam-ly-hoc,D44,Điểm thi THPT,2025,25.0,Tâm lý học
111357,MBS,tam-ly-hoc,D45,Điểm thi THPT,2025,25.0,Tâm lý học
111358,MBS,tam-ly-hoc,D61,Điểm thi THPT,2025,25.0,Tâm lý học
111359,MBS,tam-ly-hoc,D62,Điểm thi THPT,2025,25.0,Tâm lý học
111360,MBS,tam-ly-hoc,D63,Điểm thi THPT,2025,25.0,Tâm lý học
111361,MBS,tam-ly-hoc,D64,Điểm thi THPT,2025,25.0,Tâm lý học
111362,MBS,tam-ly-hoc,D65,Điểm thi THPT,2025,25.0,Tâm lý học
111363,MBS,tam-ly-hoc,D66,Điểm thi THPT,2025,25.0,Tâm lý học
111364,MBS,tam-ly-hoc,D67,Điểm thi THPT,2025,25.0,Tâm lý học
111365,MBS,tam-ly-hoc,D68,Điểm thi THPT,2025,25.0,Tâm lý học
111366,MBS,tam-ly-hoc,D69,Điểm thi THPT,2025,25.0,Tâm lý học
111367,MBS,tam-ly-hoc,D70,Điểm thi THPT,2025,25.0,Tâm lý học
111368,MBS,tam-ly-hoc,D71,Điểm thi THPT,2025,25.0,Tâm lý học
111369,MBS,tam-ly-hoc,X01,Điểm thi THPT,2025,24.0,Tâm lý học
111370,MBS,tam-ly-hoc,X70,Điểm thi THPT,2025,25.0,Tâm lý học
111371,MBS,tam-ly-hoc,X74,Điểm thi THPT,2025,25.0,Tâm lý học
111372,MBS,tam-ly-hoc,X78,Điểm thi THPT,2025,25.0,Tâm lý học
111373,MBS,tam-ly-hoc,X82,Điểm thi THPT,2025,25.0,Tâm lý học
111374,MBS,tam-ly-hoc,X86,Điểm thi THPT,2025,25.0,Tâm lý học
111375,MBS,tam-ly-hoc,X90,Điểm thi THPT,2025,25.0,Tâm lý học
111376,MBS,tam-ly-hoc,X94,Điểm thi THPT,2025,25.0,Tâm lý học
111377,MBS,tam-ly-hoc,X98,Điểm thi THPT,2025,25.0,Tâm lý học
111378,MBS,tam-ly-hoc,Y03,Điểm thi THPT,2025,25.0,Tâm lý học
111379,MBS,tri-tue-nhan-tao,A00,Điểm học bạ,2024,24.5,Trí tuệ nhân tạo
111380,MBS,tri-tue-nhan-tao,A01,Điểm học bạ,2024,24.5,Trí tuệ nhân tạo
111381,MBS,tri-tue-nhan-tao,D01,Điểm học bạ,2024,24.5,Trí tuệ nhân tạo
111382,MBS,tri-tue-nhan-tao,D07,Điểm học bạ,2024,24.5,Trí tuệ nhân tạo
111383,MBS,tri-tue-nhan-tao,A00,Điểm thi THPT,2024,20.0,Trí tuệ nhân tạo
111384,MBS,tri-tue-nhan-tao,A01,Điểm thi THPT,2024,20.0,Trí tuệ nhân tạo
111385,MBS,tri-tue-nhan-tao,D01,Điểm thi THPT,2024,20.0,Trí tuệ nhân tạo
111386,MBS,tri-tue-nhan-tao,D07,Điểm thi THPT,2024,20.0,Trí tuệ nhân tạo
111387,MBS,tri-tue-nhan-tao,A00,Điểm thi THPT,2025,20.6,Trí tuệ nhân tạo
111388,MBS,tri-tue-nhan-tao,A01,Điểm thi THPT,2025,20.6,Trí tuệ nhân tạo
111389,MBS,tri-tue-nhan-tao,C01,Điểm thi THPT,2025,20.6,Trí tuệ nhân tạo
111390,MBS,tri-tue-nhan-tao,C02,Điểm thi THPT,2025,20.6,Trí tuệ nhân tạo
111391,MBS,tri-tue-nhan-tao,D01,Điểm thi THPT,2025,20.6,Trí tuệ nhân tạo
111392,MBS,tri-tue-nhan-tao,D07,Điểm thi THPT,2025,20.6,Trí tuệ nhân tạo
111393,MBS,tri-tue-nhan-tao,X02,Điểm thi THPT,2025,20.6,Trí tuệ nhân tạo
111394,MBS,tri-tue-nhan-tao,X06,Điểm thi THPT,2025,20.6,Trí tuệ nhân tạo
111395,MBS,tri-tue-nhan-tao,X10,Điểm thi THPT,2025,20.6,Trí tuệ nhân tạo
111396,MBS,tri-tue-nhan-tao,X26,Điểm thi THPT,2025,20.6,Trí tuệ nhân tạo
111397,MBS,xa-hoi-hoc,A01,Điểm học bạ,2021,18.0,Xã hội học
111398,MBS,xa-hoi-hoc,C00,Điểm học bạ,2021,18.0,Xã hội học
111399,MBS,xa-hoi-hoc,D01,Điểm học bạ,2021,18.0,Xã hội học
111400,MBS,xa-hoi-hoc,D02,Điểm học bạ,2021,18.0,Xã hội học
111401,MBS,xa-hoi-hoc,D03,Điểm học bạ,2021,18.0,Xã hội học
111402,MBS,xa-hoi-hoc,D04,Điểm học bạ,2021,18.0,Xã hội học
111403,MBS,xa-hoi-hoc,D05,Điểm học bạ,2021,18.0,Xã hội học
111404,MBS,xa-hoi-hoc,D06,Điểm học bạ,2021,18.0,Xã hội học
111405,MBS,xa-hoi-hoc,D78,Điểm học bạ,2021,18.0,Xã hội học
111406,MBS,xa-hoi-hoc,D79,Điểm học bạ,2021,18.0,Xã hội học
111407,MBS,xa-hoi-hoc,D80,Điểm học bạ,2021,18.0,Xã hội học
111408,MBS,xa-hoi-hoc,D81,Điểm học bạ,2021,18.0,Xã hội học
111409,MBS,xa-hoi-hoc,D82,Điểm học bạ,2021,18.0,Xã hội học
111410,MBS,xa-hoi-hoc,D83,Điểm học bạ,2021,18.0,Xã hội học
111411,MBS,xa-hoi-hoc,A01,Điểm thi THPT,2021,23.1,Xã hội học
111412,MBS,xa-hoi-hoc,C00,Điểm thi THPT,2021,23.1,Xã hội học
111413,MBS,xa-hoi-hoc,D01,Điểm thi THPT,2021,23.1,Xã hội học
111414,MBS,xa-hoi-hoc,D02,Điểm thi THPT,2021,23.1,Xã hội học
111415,MBS,xa-hoi-hoc,D03,Điểm thi THPT,2021,23.1,Xã hội học
111416,MBS,xa-hoi-hoc,D04,Điểm thi THPT,2021,23.1,Xã hội học
111417,MBS,xa-hoi-hoc,D05,Điểm thi THPT,2021,23.1,Xã hội học
111418,MBS,xa-hoi-hoc,D06,Điểm thi THPT,2021,23.1,Xã hội học
111419,MBS,xa-hoi-hoc,D78,Điểm thi THPT,2021,23.1,Xã hội học
111420,MBS,xa-hoi-hoc,D79,Điểm thi THPT,2021,23.1,Xã hội học
111421,MBS,xa-hoi-hoc,D80,Điểm thi THPT,2021,23.1,Xã hội học
111422,MBS,xa-hoi-hoc,D81,Điểm thi THPT,2021,23.1,Xã hội học
111423,MBS,xa-hoi-hoc,D82,Điểm thi THPT,2021,23.1,Xã hội học
111424,MBS,xa-hoi-hoc,D83,Điểm thi THPT,2021,23.1,Xã hội học
111425,MBS,xa-hoi-hoc,A01,Điểm thi THPT,2022,22.0,Xã hội học
111426,MBS,xa-hoi-hoc,C00,Điểm thi THPT,2022,22.0,Xã hội học
111427,MBS,xa-hoi-hoc,D01,Điểm thi THPT,2022,22.0,Xã hội học
111428,MBS,xa-hoi-hoc,D02,Điểm thi THPT,2022,22.0,Xã hội học
111429,MBS,xa-hoi-hoc,D03,Điểm thi THPT,2022,22.0,Xã hội học
111430,MBS,xa-hoi-hoc,D04,Điểm thi THPT,2022,22.0,Xã hội học
111431,MBS,xa-hoi-hoc,D05,Điểm thi THPT,2022,22.0,Xã hội học
111432,MBS,xa-hoi-hoc,D06,Điểm thi THPT,2022,22.0,Xã hội học
111433,MBS,xa-hoi-hoc,D78,Điểm thi THPT,2022,22.0,Xã hội học
111434,MBS,xa-hoi-hoc,D79,Điểm thi THPT,2022,22.0,Xã hội học
111435,MBS,xa-hoi-hoc,D80,Điểm thi THPT,2022,22.0,Xã hội học
111436,MBS,xa-hoi-hoc,D81,Điểm thi THPT,2022,22.0,Xã hội học
111437,MBS,xa-hoi-hoc,D82,Điểm thi THPT,2022,22.0,Xã hội học
111438,MBS,xa-hoi-hoc,D83,Điểm thi THPT,2022,22.0,Xã hội học
111439,MBS,xa-hoi-hoc,A01,Điểm học bạ,2023,25.3,Xã hội học
111440,MBS,xa-hoi-hoc,C00,Điểm học bạ,2023,25.3,Xã hội học
111441,MBS,xa-hoi-hoc,D01,Điểm học bạ,2023,25.3,Xã hội học
111442,MBS,xa-hoi-hoc,D78,Điểm học bạ,2023,25.3,Xã hội học
111443,MBS,xa-hoi-hoc,A01,Điểm thi THPT,2023,24.1,Xã hội học
111444,MBS,xa-hoi-hoc,C00,Điểm thi THPT,2023,24.1,Xã hội học
111445,MBS,xa-hoi-hoc,D01,Điểm thi THPT,2023,24.1,Xã hội học
111446,MBS,xa-hoi-hoc,D06,Điểm thi THPT,2023,24.1,Xã hội học
111447,MBS,xa-hoi-hoc,D78,Điểm thi THPT,2023,24.1,Xã hội học
111448,MBS,xa-hoi-hoc,D83,Điểm thi THPT,2023,24.1,Xã hội học
111449,MBS,xa-hoi-hoc,A01,Điểm học bạ,2024,25.0,Xã hội học
111450,MBS,xa-hoi-hoc,C00,Điểm học bạ,2024,25.0,Xã hội học
111451,MBS,xa-hoi-hoc,D01,Điểm học bạ,2024,25.0,Xã hội học
111452,MBS,xa-hoi-hoc,D06,Điểm học bạ,2024,25.0,Xã hội học
111453,MBS,xa-hoi-hoc,D78,Điểm học bạ,2024,25.0,Xã hội học
111454,MBS,xa-hoi-hoc,D83,Điểm học bạ,2024,25.0,Xã hội học
111455,MBS,xa-hoi-hoc,A01,Điểm thi THPT,2024,18.0,Xã hội học
111456,MBS,xa-hoi-hoc,C00,Điểm thi THPT,2024,18.0,Xã hội học
111457,MBS,xa-hoi-hoc,D01,Điểm thi THPT,2024,18.0,Xã hội học
111458,MBS,xa-hoi-hoc,D06,Điểm thi THPT,2024,18.0,Xã hội học
111459,MBS,xa-hoi-hoc,D78,Điểm thi THPT,2024,18.0,Xã hội học
111460,MBS,xa-hoi-hoc,D83,Điểm thi THPT,2024,18.0,Xã hội học
111461,MBS,xa-hoi-hoc,C00,Điểm thi THPT,2025,24.0,Xã hội học
111462,MBS,xa-hoi-hoc,C14,Điểm thi THPT,2025,24.0,Xã hội học
111463,MBS,xa-hoi-hoc,C19,Điểm thi THPT,2025,24.0,Xã hội học
111464,MBS,xa-hoi-hoc,C20,Điểm thi THPT,2025,24.0,Xã hội học
111465,MBS,xa-hoi-hoc,D01,Điểm thi THPT,2025,23.0,Xã hội học
111466,MBS,xa-hoi-hoc,D02,Điểm thi THPT,2025,23.0,Xã hội học
111467,MBS,xa-hoi-hoc,D03,Điểm thi THPT,2025,23.0,Xã hội học
111468,MBS,xa-hoi-hoc,D04,Điểm thi THPT,2025,23.0,Xã hội học
111469,MBS,xa-hoi-hoc,D05,Điểm thi THPT,2025,23.0,Xã hội học
111470,MBS,xa-hoi-hoc,D06,Điểm thi THPT,2025,23.0,Xã hội học
111471,MBS,xa-hoi-hoc,D14,Điểm thi THPT,2025,24.0,Xã hội học
111472,MBS,xa-hoi-hoc,D15,Điểm thi THPT,2025,24.0,Xã hội học
111473,MBS,xa-hoi-hoc,D41,Điểm thi THPT,2025,24.0,Xã hội học
111474,MBS,xa-hoi-hoc,D42,Điểm thi THPT,2025,24.0,Xã hội học
111475,MBS,xa-hoi-hoc,D43,Điểm thi THPT,2025,24.0,Xã hội học
111476,MBS,xa-hoi-hoc,D44,Điểm thi THPT,2025,24.0,Xã hội học
111477,MBS,xa-hoi-hoc,D45,Điểm thi THPT,2025,24.0,Xã hội học
111478,MBS,xa-hoi-hoc,D61,Điểm thi THPT,2025,24.0,Xã hội học
111479,MBS,xa-hoi-hoc,D62,Điểm thi THPT,2025,24.0,Xã hội học
111480,MBS,xa-hoi-hoc,D63,Điểm thi THPT,2025,24.0,Xã hội học
111481,MBS,xa-hoi-hoc,D64,Điểm thi THPT,2025,24.0,Xã hội học
111482,MBS,xa-hoi-hoc,D65,Điểm thi THPT,2025,24.0,Xã hội học
111483,MBS,xa-hoi-hoc,D66,Điểm thi THPT,2025,24.0,Xã hội học
111484,MBS,xa-hoi-hoc,D67,Điểm thi THPT,2025,24.0,Xã hội học
111485,MBS,xa-hoi-hoc,D68,Điểm thi THPT,2025,24.0,Xã hội học
111486,MBS,xa-hoi-hoc,D69,Điểm thi THPT,2025,24.0,Xã hội học
111487,MBS,xa-hoi-hoc,D70,Điểm thi THPT,2025,24.0,Xã hội học
111488,MBS,xa-hoi-hoc,D71,Điểm thi THPT,2025,24.0,Xã hội học
111489,MBS,xa-hoi-hoc,X01,Điểm thi THPT,2025,23.0,Xã hội học
111490,MBS,xa-hoi-hoc,X70,Điểm thi THPT,2025,24.0,Xã hội học
111491,MBS,xa-hoi-hoc,X74,Điểm thi THPT,2025,24.0,Xã hội học
111492,MBS,xa-hoi-hoc,X78,Điểm thi THPT,2025,24.0,Xã hội học
111493,MBS,xa-hoi-hoc,X82,Điểm thi THPT,2025,24.0,Xã hội học
111494,MBS,xa-hoi-hoc,X86,Điểm thi THPT,2025,24.0,Xã hội học
111495,MBS,xa-hoi-hoc,X90,Điểm thi THPT,2025,24.0,Xã hội học
111496,MBS,xa-hoi-hoc,X94,Điểm thi THPT,2025,24.0,Xã hội học
111497,MBS,xa-hoi-hoc,X98,Điểm thi THPT,2025,24.0,Xã hội học
111498,MBS,xa-hoi-hoc,Y03,Điểm thi THPT,2025,24.0,Xã hội học
111499,MDA,an-toan-ve-sinh-lao-dong,A00,Điểm học bạ,2022,18.0,"An toàn, Vệ sinh lao động"
111500,MDA,an-toan-ve-sinh-lao-dong,A01,Điểm học bạ,2022,18.0,"An toàn, Vệ sinh lao động"
111501,MDA,an-toan-ve-sinh-lao-dong,B00,Điểm học bạ,2022,18.0,"An toàn, Vệ sinh lao động"
111502,MDA,an-toan-ve-sinh-lao-dong,D01,Điểm học bạ,2022,18.0,"An toàn, Vệ sinh lao động"
111503,MDA,an-toan-ve-sinh-lao-dong,A00,Điểm thi THPT,2022,15.0,"An toàn, Vệ sinh lao động"
111504,MDA,an-toan-ve-sinh-lao-dong,A01,Điểm thi THPT,2022,15.0,"An toàn, Vệ sinh lao động"
111505,MDA,an-toan-ve-sinh-lao-dong,B00,Điểm thi THPT,2022,15.0,"An toàn, Vệ sinh lao động"
111506,MDA,an-toan-ve-sinh-lao-dong,D01,Điểm thi THPT,2022,15.0,"An toàn, Vệ sinh lao động"
111507,MDA,an-toan-ve-sinh-lao-dong,A00,Điểm học bạ,2023,18.0,"An toàn, Vệ sinh lao động"
111508,MDA,an-toan-ve-sinh-lao-dong,A01,Điểm học bạ,2023,18.0,"An toàn, Vệ sinh lao động"
111509,MDA,an-toan-ve-sinh-lao-dong,B00,Điểm học bạ,2023,18.0,"An toàn, Vệ sinh lao động"
111510,MDA,an-toan-ve-sinh-lao-dong,D01,Điểm học bạ,2023,18.0,"An toàn, Vệ sinh lao động"
111511,MDA,an-toan-ve-sinh-lao-dong,A00,Điểm thi THPT,2023,17.0,"An toàn, vệ sinh lao động"
111512,MDA,an-toan-ve-sinh-lao-dong,A01,Điểm thi THPT,2023,17.0,"An toàn, vệ sinh lao động"
111513,MDA,an-toan-ve-sinh-lao-dong,B00,Điểm thi THPT,2023,17.0,"An toàn, vệ sinh lao động"
111514,MDA,an-toan-ve-sinh-lao-dong,D01,Điểm thi THPT,2023,17.0,"An toàn, vệ sinh lao động"
111515,MDA,an-toan-ve-sinh-lao-dong,A00,Điểm học bạ,2024,20.0,"An toàn, vệ sinh lao động"
111516,MDA,an-toan-ve-sinh-lao-dong,A01,Điểm học bạ,2024,20.0,"An toàn, vệ sinh lao động"
111517,MDA,an-toan-ve-sinh-lao-dong,B00,Điểm học bạ,2024,20.0,"An toàn, vệ sinh lao động"
111518,MDA,an-toan-ve-sinh-lao-dong,D01,Điểm học bạ,2024,20.0,"An toàn, vệ sinh lao động"
111519,MDA,an-toan-ve-sinh-lao-dong,A00,Điểm thi THPT,2024,18.0,"An toàn, Vệ sinh lao động"
111520,MDA,an-toan-ve-sinh-lao-dong,A01,Điểm thi THPT,2024,18.0,"An toàn, Vệ sinh lao động"
111521,MDA,an-toan-ve-sinh-lao-dong,B00,Điểm thi THPT,2024,18.0,"An toàn, Vệ sinh lao động"
111522,MDA,an-toan-ve-sinh-lao-dong,D01,Điểm thi THPT,2024,18.0,"An toàn, Vệ sinh lao động"
111523,MDA,an-toan-ve-sinh-lao-dong,A00,Điểm học bạ,2025,19.6,"An toàn, Vệ sinh lao động"
111524,MDA,an-toan-ve-sinh-lao-dong,A01,Điểm học bạ,2025,19.6,"An toàn, Vệ sinh lao động"
111525,MDA,an-toan-ve-sinh-lao-dong,B03,Điểm học bạ,2025,19.6,"An toàn, Vệ sinh lao động"
111526,MDA,an-toan-ve-sinh-lao-dong,C02,Điểm học bạ,2025,19.6,"An toàn, Vệ sinh lao động"
111527,MDA,an-toan-ve-sinh-lao-dong,C03,Điểm học bạ,2025,19.6,"An toàn, Vệ sinh lao động"
111528,MDA,an-toan-ve-sinh-lao-dong,C04,Điểm học bạ,2025,19.6,"An toàn, Vệ sinh lao động"
111529,MDA,an-toan-ve-sinh-lao-dong,D01,Điểm học bạ,2025,19.6,"An toàn, Vệ sinh lao động"
111530,MDA,an-toan-ve-sinh-lao-dong,D10,Điểm học bạ,2025,19.6,"An toàn, Vệ sinh lao động"
111531,MDA,an-toan-ve-sinh-lao-dong,A00,Điểm thi THPT,2025,17.0,"An toàn, Vệ sinh lao động"
111532,MDA,an-toan-ve-sinh-lao-dong,A01,Điểm thi THPT,2025,17.0,"An toàn, Vệ sinh lao động"
111533,MDA,an-toan-ve-sinh-lao-dong,B03,Điểm thi THPT,2025,17.0,"An toàn, Vệ sinh lao động"
111534,MDA,an-toan-ve-sinh-lao-dong,C02,Điểm thi THPT,2025,17.0,"An toàn, Vệ sinh lao động"
111535,MDA,an-toan-ve-sinh-lao-dong,C03,Điểm thi THPT,2025,17.0,"An toàn, Vệ sinh lao động"
111536,MDA,an-toan-ve-sinh-lao-dong,C04,Điểm thi THPT,2025,17.0,"An toàn, Vệ sinh lao động"
111537,MDA,an-toan-ve-sinh-lao-dong,D01,Điểm thi THPT,2025,17.0,"An toàn, Vệ sinh lao động"
111538,MDA,an-toan-ve-sinh-lao-dong,D10,Điểm thi THPT,2025,17.0,"An toàn, Vệ sinh lao động"
111539,MDA,cong-nghe-ky-thuat-dien-dien-tu,A00,Điểm thi THPT,2022,18.0,"Công nghệ Kỹ thuật điện, điện tử"
111540,MDA,cong-nghe-ky-thuat-dien-dien-tu,A01,Điểm thi THPT,2022,18.0,"Công nghệ Kỹ thuật điện, điện tử"
111541,MDA,cong-nghe-ky-thuat-dien-dien-tu,C01,Điểm thi THPT,2022,18.0,"Công nghệ Kỹ thuật điện, điện tử"
111542,MDA,cong-nghe-ky-thuat-dien-dien-tu,A00,Điểm thi THPT,2023,22.5,"Công nghệ Kỹ thuật điện, điện tử"
111543,MDA,cong-nghe-ky-thuat-dien-dien-tu,A01,Điểm thi THPT,2023,22.5,"Công nghệ Kỹ thuật điện, điện tử"
111544,MDA,cong-nghe-ky-thuat-dien-dien-tu,C01,Điểm thi THPT,2023,22.5,"Công nghệ Kỹ thuật điện, điện tử"
111545,MDA,cong-nghe-ky-thuat-dien-dien-tu,D01,Điểm thi THPT,2023,22.5,"Công nghệ Kỹ thuật điện, điện tử"
111546,MDA,cong-nghe-ky-thuat-dien-dien-tu,A00,Điểm thi THPT,2024,23.75,"Công nghệ Kỹ thuật điện, điện tử"
111547,MDA,cong-nghe-ky-thuat-dien-dien-tu,A01,Điểm thi THPT,2024,23.75,"Công nghệ Kỹ thuật điện, điện tử"
111548,MDA,cong-nghe-ky-thuat-dien-dien-tu,C01,Điểm thi THPT,2024,23.75,"Công nghệ Kỹ thuật điện, điện tử"
111549,MDA,cong-nghe-ky-thuat-dien-dien-tu,D01,Điểm thi THPT,2024,23.75,"Công nghệ Kỹ thuật điện, điện tử"
111550,MDA,cong-nghe-ky-thuat-dien-dien-tu,A00,Điểm học bạ,2025,25.2,"Công nghệ kỹ thuật điện, điện tử"
111551,MDA,cong-nghe-ky-thuat-dien-dien-tu,A01,Điểm học bạ,2025,25.2,"Công nghệ kỹ thuật điện, điện tử"
111552,MDA,cong-nghe-ky-thuat-dien-dien-tu,C01,Điểm học bạ,2025,25.2,"Công nghệ kỹ thuật điện, điện tử"
111553,MDA,cong-nghe-ky-thuat-dien-dien-tu,D01,Điểm học bạ,2025,25.2,"Công nghệ kỹ thuật điện, điện tử"
111554,MDA,cong-nghe-ky-thuat-dien-dien-tu,X06,Điểm học bạ,2025,25.2,"Công nghệ kỹ thuật điện, điện tử"
111555,MDA,cong-nghe-ky-thuat-dien-dien-tu,A00,Điểm thi THPT,2025,24.0,"Công nghệ kỹ thuật điện, điện tử"
111556,MDA,cong-nghe-ky-thuat-dien-dien-tu,A01,Điểm thi THPT,2025,24.0,"Công nghệ kỹ thuật điện, điện tử"
111557,MDA,cong-nghe-ky-thuat-dien-dien-tu,C01,Điểm thi THPT,2025,24.0,"Công nghệ kỹ thuật điện, điện tử"
111558,MDA,cong-nghe-ky-thuat-dien-dien-tu,D01,Điểm thi THPT,2025,24.0,"Công nghệ kỹ thuật điện, điện tử"
111559,MDA,cong-nghe-ky-thuat-dien-dien-tu,X06,Điểm thi THPT,2025,24.0,"Công nghệ kỹ thuật điện, điện tử"
111560,MDA,cong-nghe-ky-thuat-hoa-hoc,A00,Điểm học bạ,2021,18.0,Công nghệ kỹ thuật hoá học
111561,MDA,cong-nghe-ky-thuat-hoa-hoc,A01,Điểm học bạ,2021,18.0,Công nghệ kỹ thuật hoá học
111562,MDA,cong-nghe-ky-thuat-hoa-hoc,B00,Điểm học bạ,2021,18.0,Công nghệ kỹ thuật hoá học
111563,MDA,cong-nghe-ky-thuat-hoa-hoc,D07,Điểm học bạ,2021,18.0,Công nghệ kỹ thuật hoá học
111564,MDA,cong-nghe-ky-thuat-hoa-hoc,A00,Điểm thi THPT,2021,18.0,Công nghệ kỹ thuật hoá học
111565,MDA,cong-nghe-ky-thuat-hoa-hoc,A01,Điểm thi THPT,2021,18.0,Công nghệ kỹ thuật hoá học
111566,MDA,cong-nghe-ky-thuat-hoa-hoc,B00,Điểm thi THPT,2021,18.0,Công nghệ kỹ thuật hoá học
111567,MDA,cong-nghe-ky-thuat-hoa-hoc,D07,Điểm thi THPT,2021,18.0,Công nghệ kỹ thuật hoá học
111568,MDA,cong-nghe-ky-thuat-hoa-hoc,A00,Điểm học bạ,2022,22.0,Công nghệ kỹ thuật hóa học
111569,MDA,cong-nghe-ky-thuat-hoa-hoc,A06,Điểm học bạ,2022,22.0,Công nghệ kỹ thuật hóa học
111570,MDA,cong-nghe-ky-thuat-hoa-hoc,B00,Điểm học bạ,2022,22.0,Công nghệ kỹ thuật hóa học
111571,MDA,cong-nghe-ky-thuat-hoa-hoc,D07,Điểm học bạ,2022,22.0,Công nghệ kỹ thuật hóa học
111572,MDA,cong-nghe-ky-thuat-hoa-hoc,A00,Điểm thi THPT,2022,19.0,Công nghệ kỹ thuật hóa học
111573,MDA,cong-nghe-ky-thuat-hoa-hoc,A06,Điểm thi THPT,2022,19.0,Công nghệ kỹ thuật hóa học
111574,MDA,cong-nghe-ky-thuat-hoa-hoc,B00,Điểm thi THPT,2022,19.0,Công nghệ kỹ thuật hóa học
111575,MDA,cong-nghe-ky-thuat-hoa-hoc,D07,Điểm thi THPT,2022,19.0,Công nghệ kỹ thuật hóa học
111576,MDA,cong-nghe-ky-thuat-hoa-hoc,A00,Điểm học bạ,2023,20.0,Công nghệ kỹ thuật hóa học
111577,MDA,cong-nghe-ky-thuat-hoa-hoc,A06,Điểm học bạ,2023,20.0,Công nghệ kỹ thuật hóa học
111578,MDA,cong-nghe-ky-thuat-hoa-hoc,B00,Điểm học bạ,2023,20.0,Công nghệ kỹ thuật hóa học
111579,MDA,cong-nghe-ky-thuat-hoa-hoc,D07,Điểm học bạ,2023,20.0,Công nghệ kỹ thuật hóa học
111580,MDA,cong-nghe-ky-thuat-hoa-hoc,A00,Điểm thi THPT,2023,18.5,Công nghệ kỹ thuật hoá học
111581,MDA,cong-nghe-ky-thuat-hoa-hoc,A06,Điểm thi THPT,2023,18.5,Công nghệ kỹ thuật hoá học
111582,MDA,cong-nghe-ky-thuat-hoa-hoc,B00,Điểm thi THPT,2023,18.5,Công nghệ kỹ thuật hoá học
111583,MDA,cong-nghe-ky-thuat-hoa-hoc,D07,Điểm thi THPT,2023,18.5,Công nghệ kỹ thuật hoá học
111584,MDA,cong-nghe-ky-thuat-hoa-hoc,A00,Điểm học bạ,2024,22.0,Công nghệ kỹ thuật hoá học
111585,MDA,cong-nghe-ky-thuat-hoa-hoc,A06,Điểm học bạ,2024,22.0,Công nghệ kỹ thuật hoá học
111586,MDA,cong-nghe-ky-thuat-hoa-hoc,B00,Điểm học bạ,2024,22.0,Công nghệ kỹ thuật hoá học
111587,MDA,cong-nghe-ky-thuat-hoa-hoc,D07,Điểm học bạ,2024,22.0,Công nghệ kỹ thuật hoá học
111588,MDA,cong-nghe-ky-thuat-hoa-hoc,A00,Điểm thi THPT,2024,19.0,Công nghệ kỹ thuật hoá học
111589,MDA,cong-nghe-ky-thuat-hoa-hoc,A06,Điểm thi THPT,2024,19.0,Công nghệ kỹ thuật hoá học
111590,MDA,cong-nghe-ky-thuat-hoa-hoc,B00,Điểm thi THPT,2024,19.0,Công nghệ kỹ thuật hoá học
111591,MDA,cong-nghe-ky-thuat-hoa-hoc,D07,Điểm thi THPT,2024,19.0,Công nghệ kỹ thuật hoá học
111592,MDA,cong-nghe-ky-thuat-hoa-hoc,A00,Điểm học bạ,2025,21.2,Công nghệ kỹ thuật hóa học
111593,MDA,cong-nghe-ky-thuat-hoa-hoc,A01,Điểm học bạ,2025,21.2,Công nghệ kỹ thuật hóa học
111594,MDA,cong-nghe-ky-thuat-hoa-hoc,A02,Điểm học bạ,2025,21.2,Công nghệ kỹ thuật hóa học
111595,MDA,cong-nghe-ky-thuat-hoa-hoc,A05,Điểm học bạ,2025,21.2,Công nghệ kỹ thuật hóa học
111596,MDA,cong-nghe-ky-thuat-hoa-hoc,A06,Điểm học bạ,2025,21.2,Công nghệ kỹ thuật hóa học
111597,MDA,cong-nghe-ky-thuat-hoa-hoc,B00,Điểm học bạ,2025,21.2,Công nghệ kỹ thuật hóa học
111598,MDA,cong-nghe-ky-thuat-hoa-hoc,C02,Điểm học bạ,2025,21.2,Công nghệ kỹ thuật hóa học
111599,MDA,cong-nghe-ky-thuat-hoa-hoc,D07,Điểm học bạ,2025,21.2,Công nghệ kỹ thuật hóa học
111600,MDA,cong-nghe-ky-thuat-hoa-hoc,A00,Điểm thi THPT,2025,19.0,Công nghệ kỹ thuật hóa học
111601,MDA,cong-nghe-ky-thuat-hoa-hoc,A01,Điểm thi THPT,2025,19.0,Công nghệ kỹ thuật hóa học
111602,MDA,cong-nghe-ky-thuat-hoa-hoc,A02,Điểm thi THPT,2025,19.0,Công nghệ kỹ thuật hóa học
111603,MDA,cong-nghe-ky-thuat-hoa-hoc,A05,Điểm thi THPT,2025,19.0,Công nghệ kỹ thuật hóa học
111604,MDA,cong-nghe-ky-thuat-hoa-hoc,A06,Điểm thi THPT,2025,19.0,Công nghệ kỹ thuật hóa học
111605,MDA,cong-nghe-ky-thuat-hoa-hoc,B00,Điểm thi THPT,2025,19.0,Công nghệ kỹ thuật hóa học
111606,MDA,cong-nghe-ky-thuat-hoa-hoc,C02,Điểm thi THPT,2025,19.0,Công nghệ kỹ thuật hóa học
111607,MDA,cong-nghe-ky-thuat-hoa-hoc,D07,Điểm thi THPT,2025,19.0,Công nghệ kỹ thuật hóa học
111608,MDA,cong-nghe-so-trong-tham-do-va-khai-thac-tai-nguyen-thien,A00,Điểm thi THPT,2024,16.0,Công nghệ số trong thăm dò và khai thác tài nguyên thiên
111609,MDA,cong-nghe-so-trong-tham-do-va-khai-thac-tai-nguyen-thien,A01,Điểm thi THPT,2024,16.0,Công nghệ số trong thăm dò và khai thác tài nguyên thiên
111610,MDA,cong-nghe-so-trong-tham-do-va-khai-thac-tai-nguyen-thien,D01,Điểm thi THPT,2024,16.0,Công nghệ số trong thăm dò và khai thác tài nguyên thiên
111611,MDA,cong-nghe-so-trong-tham-do-va-khai-thac-tai-nguyen-thien,D07,Điểm thi THPT,2024,16.0,Công nghệ số trong thăm dò và khai thác tài nguyên thiên
111612,MDA,cong-nghe-so-trong-tham-do-va-khai-thac-tai-nguyen-thien-nhien,A00,Điểm học bạ,2022,18.5,Công nghệ số trong thăm dò và khai thác tài nguyên thiên nhiên
111613,MDA,cong-nghe-so-trong-tham-do-va-khai-thac-tai-nguyen-thien-nhien,A01,Điểm học bạ,2022,18.5,Công nghệ số trong thăm dò và khai thác tài nguyên thiên nhiên
111614,MDA,cong-nghe-so-trong-tham-do-va-khai-thac-tai-nguyen-thien-nhien,D01,Điểm học bạ,2022,18.5,Công nghệ số trong thăm dò và khai thác tài nguyên thiên nhiên
111615,MDA,cong-nghe-so-trong-tham-do-va-khai-thac-tai-nguyen-thien-nhien,D07,Điểm học bạ,2022,18.5,Công nghệ số trong thăm dò và khai thác tài nguyên thiên nhiên
111616,MDA,cong-nghe-so-trong-tham-do-va-khai-thac-tai-nguyen-thien-nhien,A00,Điểm thi THPT,2022,18.0,Công nghệ số trong thăm dò và khai thác tài nguyên thiên nhiên
111617,MDA,cong-nghe-so-trong-tham-do-va-khai-thac-tai-nguyen-thien-nhien,A01,Điểm thi THPT,2022,18.0,Công nghệ số trong thăm dò và khai thác tài nguyên thiên nhiên
111618,MDA,cong-nghe-so-trong-tham-do-va-khai-thac-tai-nguyen-thien-nhien,D01,Điểm thi THPT,2022,18.0,Công nghệ số trong thăm dò và khai thác tài nguyên thiên nhiên
111619,MDA,cong-nghe-so-trong-tham-do-va-khai-thac-tai-nguyen-thien-nhien,D07,Điểm thi THPT,2022,18.0,Công nghệ số trong thăm dò và khai thác tài nguyên thiên nhiên
111620,MDA,cong-nghe-so-trong-tham-do-va-khai-thac-tai-nguyen-thien-nhien,A00,Điểm học bạ,2023,19.5,Công nghệ số trong thăm dò và khai thác tài nguyên thiên nhiên
111621,MDA,cong-nghe-so-trong-tham-do-va-khai-thac-tai-nguyen-thien-nhien,A01,Điểm học bạ,2023,19.5,Công nghệ số trong thăm dò và khai thác tài nguyên thiên nhiên
111622,MDA,cong-nghe-so-trong-tham-do-va-khai-thac-tai-nguyen-thien-nhien,D01,Điểm học bạ,2023,19.5,Công nghệ số trong thăm dò và khai thác tài nguyên thiên nhiên
111623,MDA,cong-nghe-so-trong-tham-do-va-khai-thac-tai-nguyen-thien-nhien,D07,Điểm học bạ,2023,19.5,Công nghệ số trong thăm dò và khai thác tài nguyên thiên nhiên
111624,MDA,cong-nghe-so-trong-tham-do-va-khai-thac-tai-nguyen-thien-nhien,A00,Điểm thi THPT,2023,18.0,Công nghệ số trong thăm dò và khai thác tài nguyên thiên nhiên
111625,MDA,cong-nghe-so-trong-tham-do-va-khai-thac-tai-nguyen-thien-nhien,A01,Điểm thi THPT,2023,18.0,Công nghệ số trong thăm dò và khai thác tài nguyên thiên nhiên
111626,MDA,cong-nghe-so-trong-tham-do-va-khai-thac-tai-nguyen-thien-nhien,D01,Điểm thi THPT,2023,18.0,Công nghệ số trong thăm dò và khai thác tài nguyên thiên nhiên
111627,MDA,cong-nghe-so-trong-tham-do-va-khai-thac-tai-nguyen-thien-nhien,D07,Điểm thi THPT,2023,18.0,Công nghệ số trong thăm dò và khai thác tài nguyên thiên nhiên
111628,MDA,cong-nghe-so-trong-tham-do-va-khai-thac-tai-nguyen-thien-nhien,A00,Điểm học bạ,2024,19.5,Công nghệ số trong thăm dò và khai thác tài nguyên thiên nhiên
111629,MDA,cong-nghe-so-trong-tham-do-va-khai-thac-tai-nguyen-thien-nhien,A01,Điểm học bạ,2024,19.5,Công nghệ số trong thăm dò và khai thác tài nguyên thiên nhiên
111630,MDA,cong-nghe-so-trong-tham-do-va-khai-thac-tai-nguyen-thien-nhien,D01,Điểm học bạ,2024,19.5,Công nghệ số trong thăm dò và khai thác tài nguyên thiên nhiên
111631,MDA,cong-nghe-so-trong-tham-do-va-khai-thac-tai-nguyen-thien-nhien,D07,Điểm học bạ,2024,19.5,Công nghệ số trong thăm dò và khai thác tài nguyên thiên nhiên
111632,MDA,cong-nghe-so-trong-tham-do-va-khai-thac-tai-nguyen-thien-nhien,A00,Điểm học bạ,2025,18.8,Công nghệ số trong thăm dò và khai thác tài nguyên thiên nhiên
111633,MDA,cong-nghe-so-trong-tham-do-va-khai-thac-tai-nguyen-thien-nhien,A01,Điểm học bạ,2025,18.8,Công nghệ số trong thăm dò và khai thác tài nguyên thiên nhiên
111634,MDA,cong-nghe-so-trong-tham-do-va-khai-thac-tai-nguyen-thien-nhien,A04,Điểm học bạ,2025,18.8,Công nghệ số trong thăm dò và khai thác tài nguyên thiên nhiên
111635,MDA,cong-nghe-so-trong-tham-do-va-khai-thac-tai-nguyen-thien-nhien,A06,Điểm học bạ,2025,18.8,Công nghệ số trong thăm dò và khai thác tài nguyên thiên nhiên
111636,MDA,cong-nghe-so-trong-tham-do-va-khai-thac-tai-nguyen-thien-nhien,B00,Điểm học bạ,2025,18.8,Công nghệ số trong thăm dò và khai thác tài nguyên thiên nhiên
111637,MDA,cong-nghe-so-trong-tham-do-va-khai-thac-tai-nguyen-thien-nhien,B02,Điểm học bạ,2025,18.8,Công nghệ số trong thăm dò và khai thác tài nguyên thiên nhiên
111638,MDA,cong-nghe-so-trong-tham-do-va-khai-thac-tai-nguyen-thien-nhien,B08,Điểm học bạ,2025,18.8,Công nghệ số trong thăm dò và khai thác tài nguyên thiên nhiên
111639,MDA,cong-nghe-so-trong-tham-do-va-khai-thac-tai-nguyen-thien-nhien,D07,Điểm học bạ,2025,18.8,Công nghệ số trong thăm dò và khai thác tài nguyên thiên nhiên
111640,MDA,cong-nghe-so-trong-tham-do-va-khai-thac-tai-nguyen-thien-nhien,A00,Điểm thi THPT,2025,16.0,Công nghệ số trong thăm dò và khai thác tài nguyên thiên nhiên
111641,MDA,cong-nghe-so-trong-tham-do-va-khai-thac-tai-nguyen-thien-nhien,A01,Điểm thi THPT,2025,16.0,Công nghệ số trong thăm dò và khai thác tài nguyên thiên nhiên
111642,MDA,cong-nghe-so-trong-tham-do-va-khai-thac-tai-nguyen-thien-nhien,A04,Điểm thi THPT,2025,16.0,Công nghệ số trong thăm dò và khai thác tài nguyên thiên nhiên
111643,MDA,cong-nghe-so-trong-tham-do-va-khai-thac-tai-nguyen-thien-nhien,A06,Điểm thi THPT,2025,16.0,Công nghệ số trong thăm dò và khai thác tài nguyên thiên nhiên
111644,MDA,cong-nghe-so-trong-tham-do-va-khai-thac-tai-nguyen-thien-nhien,B00,Điểm thi THPT,2025,16.0,Công nghệ số trong thăm dò và khai thác tài nguyên thiên nhiên
111645,MDA,cong-nghe-so-trong-tham-do-va-khai-thac-tai-nguyen-thien-nhien,B02,Điểm thi THPT,2025,16.0,Công nghệ số trong thăm dò và khai thác tài nguyên thiên nhiên
111646,MDA,cong-nghe-so-trong-tham-do-va-khai-thac-tai-nguyen-thien-nhien,B08,Điểm thi THPT,2025,16.0,Công nghệ số trong thăm dò và khai thác tài nguyên thiên nhiên
111647,MDA,cong-nghe-so-trong-tham-do-va-khai-thac-tai-nguyen-thien-nhien,D07,Điểm thi THPT,2025,16.0,Công nghệ số trong thăm dò và khai thác tài nguyên thiên nhiên
111648,MDA,cong-nghe-thong-tin,A00,Điểm học bạ,2021,25.3,Công nghệ thông tin
111649,MDA,cong-nghe-thong-tin,A01,Điểm học bạ,2021,25.3,Công nghệ thông tin
111650,MDA,cong-nghe-thong-tin,D01,Điểm học bạ,2021,25.3,Công nghệ thông tin
111651,MDA,cong-nghe-thong-tin,D07,Điểm học bạ,2021,25.3,Công nghệ thông tin
111652,MDA,cong-nghe-thong-tin,A00,Điểm thi THPT,2021,20.0,Công nghệ thông tin
111653,MDA,cong-nghe-thong-tin,A01,Điểm thi THPT,2021,20.0,Công nghệ thông tin
111654,MDA,cong-nghe-thong-tin,D01,Điểm thi THPT,2021,20.0,Công nghệ thông tin
111655,MDA,cong-nghe-thong-tin,D07,Điểm thi THPT,2021,20.0,Công nghệ thông tin
111656,MDA,cong-nghe-thong-tin,A00,Điểm học bạ,2022,26.0,Công nghệ thông tin
111657,MDA,cong-nghe-thong-tin,A01,Điểm học bạ,2022,26.0,Công nghệ thông tin
111658,MDA,cong-nghe-thong-tin,D01,Điểm học bạ,2022,26.0,Công nghệ thông tin
111659,MDA,cong-nghe-thong-tin,D07,Điểm học bạ,2022,26.0,Công nghệ thông tin
111660,MDA,cong-nghe-thong-tin,A00,Điểm thi THPT,2022,23.0,Công nghệ thông tin
111661,MDA,cong-nghe-thong-tin,A01,Điểm thi THPT,2022,23.0,Công nghệ thông tin
111662,MDA,cong-nghe-thong-tin,D01,Điểm thi THPT,2022,23.0,Công nghệ thông tin
111663,MDA,cong-nghe-thong-tin,D07,Điểm thi THPT,2022,23.0,Công nghệ thông tin
111664,MDA,cong-nghe-thong-tin,A00,Điểm học bạ,2023,27.0,Công nghệ thông tin
111665,MDA,cong-nghe-thong-tin,A01,Điểm học bạ,2023,27.0,Công nghệ thông tin
111666,MDA,cong-nghe-thong-tin,D01,Điểm học bạ,2023,27.0,Công nghệ thông tin
111667,MDA,cong-nghe-thong-tin,D07,Điểm học bạ,2023,27.0,Công nghệ thông tin
111668,MDA,cong-nghe-thong-tin,A00,Điểm thi THPT,2023,24.0,Công nghệ thông tin
111669,MDA,cong-nghe-thong-tin,A01,Điểm thi THPT,2023,24.0,Công nghệ thông tin
111670,MDA,cong-nghe-thong-tin,D01,Điểm thi THPT,2023,24.0,Công nghệ thông tin
111671,MDA,cong-nghe-thong-tin,D07,Điểm thi THPT,2023,24.0,Công nghệ thông tin
111672,MDA,cong-nghe-thong-tin,A00,Điểm học bạ,2024,26.5,Công nghệ thông tin
111673,MDA,cong-nghe-thong-tin,A01,Điểm học bạ,2024,26.5,Công nghệ thông tin
111674,MDA,cong-nghe-thong-tin,D01,Điểm học bạ,2024,26.5,Công nghệ thông tin
111675,MDA,cong-nghe-thong-tin,D07,Điểm học bạ,2024,26.5,Công nghệ thông tin
111676,MDA,cong-nghe-thong-tin,A00,Điểm thi THPT,2024,23.75,Công nghệ thông tin
111677,MDA,cong-nghe-thong-tin,A01,Điểm thi THPT,2024,23.75,Công nghệ thông tin
111678,MDA,cong-nghe-thong-tin,D01,Điểm thi THPT,2024,23.75,Công nghệ thông tin
111679,MDA,cong-nghe-thong-tin,D07,Điểm thi THPT,2024,23.75,Công nghệ thông tin
111680,MDA,cong-nghe-thong-tin,A00,Điểm học bạ,2025,23.2,Công nghệ thông tin
111681,MDA,cong-nghe-thong-tin,A01,Điểm học bạ,2025,23.2,Công nghệ thông tin
111682,MDA,cong-nghe-thong-tin,D01,Điểm học bạ,2025,23.2,Công nghệ thông tin
111683,MDA,cong-nghe-thong-tin,D07,Điểm học bạ,2025,23.2,Công nghệ thông tin
111684,MDA,cong-nghe-thong-tin,X06,Điểm học bạ,2025,23.2,Công nghệ thông tin
111685,MDA,cong-nghe-thong-tin,X10,Điểm học bạ,2025,23.2,Công nghệ thông tin
111686,MDA,cong-nghe-thong-tin,X26,Điểm học bạ,2025,23.2,Công nghệ thông tin
111687,MDA,cong-nghe-thong-tin,X27,Điểm học bạ,2025,23.2,Công nghệ thông tin
111688,MDA,cong-nghe-thong-tin,A00,Điểm thi THPT,2025,21.5,Công nghệ thông tin
111689,MDA,cong-nghe-thong-tin,A01,Điểm thi THPT,2025,21.5,Công nghệ thông tin
111690,MDA,cong-nghe-thong-tin,D01,Điểm thi THPT,2025,21.5,Công nghệ thông tin
111691,MDA,cong-nghe-thong-tin,D07,Điểm thi THPT,2025,21.5,Công nghệ thông tin
111692,MDA,cong-nghe-thong-tin,X06,Điểm thi THPT,2025,21.5,Công nghệ thông tin
111693,MDA,cong-nghe-thong-tin,X10,Điểm thi THPT,2025,21.5,Công nghệ thông tin
111694,MDA,cong-nghe-thong-tin,X26,Điểm thi THPT,2025,21.5,Công nghệ thông tin
111695,MDA,cong-nghe-thong-tin,X27,Điểm thi THPT,2025,21.5,Công nghệ thông tin
111696,MDA,cong-nghe-thong-tin-clc,A00,Điểm thi THPT,2021,22.5,Công nghệ thông tin CLC
111697,MDA,cong-nghe-thong-tin-clc,A01,Điểm thi THPT,2021,22.5,Công nghệ thông tin CLC
111698,MDA,cong-nghe-thong-tin-clc,D01,Điểm thi THPT,2021,22.5,Công nghệ thông tin CLC
111699,MDA,cong-nghe-thong-tin-clc,D07,Điểm thi THPT,2021,22.5,Công nghệ thông tin CLC
111700,MDA,da-quy-da-my-nghe,A00,Điểm học bạ,2022,18.0,Đá quý Đá mỹ nghệ
111701,MDA,da-quy-da-my-nghe,C04,Điểm học bạ,2022,18.0,Đá quý Đá mỹ nghệ
111702,MDA,da-quy-da-my-nghe,D01,Điểm học bạ,2022,18.0,Đá quý Đá mỹ nghệ
111703,MDA,da-quy-da-my-nghe,D10,Điểm học bạ,2022,18.0,Đá quý Đá mỹ nghệ
111704,MDA,da-quy-da-my-nghe,A00,Điểm thi THPT,2022,15.0,Đá quý Đá mỹ nghệ
111705,MDA,da-quy-da-my-nghe,C04,Điểm thi THPT,2022,15.0,Đá quý Đá mỹ nghệ
111706,MDA,da-quy-da-my-nghe,D01,Điểm thi THPT,2022,15.0,Đá quý Đá mỹ nghệ
111707,MDA,da-quy-da-my-nghe,D10,Điểm thi THPT,2022,15.0,Đá quý Đá mỹ nghệ
111708,MDA,da-quy-da-my-nghe,A00,Điểm học bạ,2023,18.0,Đá quý Đá mỹ nghệ
111709,MDA,da-quy-da-my-nghe,C04,Điểm học bạ,2023,18.0,Đá quý Đá mỹ nghệ
111710,MDA,da-quy-da-my-nghe,D01,Điểm học bạ,2023,18.0,Đá quý Đá mỹ nghệ
111711,MDA,da-quy-da-my-nghe,D10,Điểm học bạ,2023,18.0,Đá quý Đá mỹ nghệ
111712,MDA,da-quy-da-my-nghe,A00,Điểm thi THPT,2023,15.0,"Đá quý, đá mỹ nghệ"
111713,MDA,da-quy-da-my-nghe,C04,Điểm thi THPT,2023,15.0,"Đá quý, đá mỹ nghệ"
111714,MDA,da-quy-da-my-nghe,D01,Điểm thi THPT,2023,15.0,"Đá quý, đá mỹ nghệ"
111715,MDA,da-quy-da-my-nghe,D10,Điểm thi THPT,2023,15.0,"Đá quý, đá mỹ nghệ"
111716,MDA,da-quy-da-my-nghe,A00,Điểm học bạ,2024,18.0,Đá quý Đá mỹ nghệ
111717,MDA,da-quy-da-my-nghe,C04,Điểm học bạ,2024,18.0,Đá quý Đá mỹ nghệ
111718,MDA,da-quy-da-my-nghe,D01,Điểm học bạ,2024,18.0,Đá quý Đá mỹ nghệ
111719,MDA,da-quy-da-my-nghe,D10,Điểm học bạ,2024,18.0,Đá quý Đá mỹ nghệ
111720,MDA,da-quy-da-my-nghe,A00,Điểm thi THPT,2024,15.0,Đá quý Đá mỹ nghệ
111721,MDA,da-quy-da-my-nghe,C04,Điểm thi THPT,2024,15.0,Đá quý Đá mỹ nghệ
111722,MDA,da-quy-da-my-nghe,D01,Điểm thi THPT,2024,15.0,Đá quý Đá mỹ nghệ
111723,MDA,da-quy-da-my-nghe,D10,Điểm thi THPT,2024,15.0,Đá quý Đá mỹ nghệ
111724,MDA,da-quy-da-my-nghe,A00,Điểm học bạ,2025,18.4,Đá quý Đá mỹ nghệ
111725,MDA,da-quy-da-my-nghe,A04,Điểm học bạ,2025,18.4,Đá quý Đá mỹ nghệ
111726,MDA,da-quy-da-my-nghe,C01,Điểm học bạ,2025,18.4,Đá quý Đá mỹ nghệ
111727,MDA,da-quy-da-my-nghe,C02,Điểm học bạ,2025,18.4,Đá quý Đá mỹ nghệ
111728,MDA,da-quy-da-my-nghe,C04,Điểm học bạ,2025,18.4,Đá quý Đá mỹ nghệ
111729,MDA,da-quy-da-my-nghe,D01,Điểm học bạ,2025,18.4,Đá quý Đá mỹ nghệ
111730,MDA,da-quy-da-my-nghe,D10,Điểm học bạ,2025,18.4,Đá quý Đá mỹ nghệ
111731,MDA,da-quy-da-my-nghe,D15,Điểm học bạ,2025,18.4,Đá quý Đá mỹ nghệ
111732,MDA,da-quy-da-my-nghe,A00,Điểm thi THPT,2025,15.5,Đá quý Đá mỹ nghệ
111733,MDA,da-quy-da-my-nghe,A04,Điểm thi THPT,2025,15.5,Đá quý Đá mỹ nghệ
111734,MDA,da-quy-da-my-nghe,C01,Điểm thi THPT,2025,15.5,Đá quý Đá mỹ nghệ
111735,MDA,da-quy-da-my-nghe,C02,Điểm thi THPT,2025,15.5,Đá quý Đá mỹ nghệ
111736,MDA,da-quy-da-my-nghe,C04,Điểm thi THPT,2025,15.5,Đá quý Đá mỹ nghệ
111737,MDA,da-quy-da-my-nghe,D01,Điểm thi THPT,2025,15.5,Đá quý Đá mỹ nghệ
111738,MDA,da-quy-da-my-nghe,D10,Điểm thi THPT,2025,15.5,Đá quý Đá mỹ nghệ
111739,MDA,da-quy-da-my-nghe,D15,Điểm thi THPT,2025,15.5,Đá quý Đá mỹ nghệ
111740,MDA,dia-chat-hoc,A00,Điểm học bạ,2021,18.0,Địa chất học
111741,MDA,dia-chat-hoc,A06,Điểm học bạ,2021,18.0,Địa chất học
111742,MDA,dia-chat-hoc,C04,Điểm học bạ,2021,18.0,Địa chất học
111743,MDA,dia-chat-hoc,D01,Điểm học bạ,2021,18.0,Địa chất học
111744,MDA,dia-chat-hoc,A00,Điểm thi THPT,2021,15.0,Địa chất học
111745,MDA,dia-chat-hoc,A06,Điểm thi THPT,2021,15.0,Địa chất học
111746,MDA,dia-chat-hoc,C04,Điểm thi THPT,2021,15.0,Địa chất học
111747,MDA,dia-chat-hoc,D01,Điểm thi THPT,2021,15.0,Địa chất học
111748,MDA,dia-chat-hoc,A00,Điểm học bạ,2022,18.0,Địa chất học
111749,MDA,dia-chat-hoc,C04,Điểm học bạ,2022,18.0,Địa chất học
111750,MDA,dia-chat-hoc,D01,Điểm học bạ,2022,18.0,Địa chất học
111751,MDA,dia-chat-hoc,D07,Điểm học bạ,2022,18.0,Địa chất học
111752,MDA,dia-chat-hoc,A00,Điểm thi THPT,2022,15.5,Địa chất học
111753,MDA,dia-chat-hoc,C04,Điểm thi THPT,2022,15.5,Địa chất học
111754,MDA,dia-chat-hoc,D01,Điểm thi THPT,2022,15.5,Địa chất học
111755,MDA,dia-chat-hoc,D07,Điểm thi THPT,2022,15.5,Địa chất học
111756,MDA,dia-chat-hoc,A00,Điểm học bạ,2023,18.0,Địa chất học
111757,MDA,dia-chat-hoc,C04,Điểm học bạ,2023,18.0,Địa chất học
111758,MDA,dia-chat-hoc,D01,Điểm học bạ,2023,18.0,Địa chất học
111759,MDA,dia-chat-hoc,D07,Điểm học bạ,2023,18.0,Địa chất học
111760,MDA,dia-chat-hoc,A00,Điểm thi THPT,2023,16.0,Địa chất học
111761,MDA,dia-chat-hoc,C04,Điểm thi THPT,2023,16.0,Địa chất học
111762,MDA,dia-chat-hoc,D01,Điểm thi THPT,2023,16.0,Địa chất học
111763,MDA,dia-chat-hoc,D07,Điểm thi THPT,2023,16.0,Địa chất học
111764,MDA,dia-chat-hoc,A00,Điểm học bạ,2024,18.0,Địa chất học
111765,MDA,dia-chat-hoc,C04,Điểm học bạ,2024,18.0,Địa chất học
111766,MDA,dia-chat-hoc,D01,Điểm học bạ,2024,18.0,Địa chất học
111767,MDA,dia-chat-hoc,D07,Điểm học bạ,2024,18.0,Địa chất học
111768,MDA,dia-chat-hoc,A00,Điểm thi THPT,2024,16.0,Địa chất học
111769,MDA,dia-chat-hoc,C04,Điểm thi THPT,2024,16.0,Địa chất học
111770,MDA,dia-chat-hoc,D01,Điểm thi THPT,2024,16.0,Địa chất học
111771,MDA,dia-chat-hoc,D07,Điểm thi THPT,2024,16.0,Địa chất học
111772,MDA,dia-chat-hoc,A00,Điểm học bạ,2025,18.4,Địa chất học
111773,MDA,dia-chat-hoc,A04,Điểm học bạ,2025,18.4,Địa chất học
111774,MDA,dia-chat-hoc,A06,Điểm học bạ,2025,18.4,Địa chất học
111775,MDA,dia-chat-hoc,C01,Điểm học bạ,2025,18.4,Địa chất học
111776,MDA,dia-chat-hoc,C04,Điểm học bạ,2025,18.4,Địa chất học
111777,MDA,dia-chat-hoc,D01,Điểm học bạ,2025,18.4,Địa chất học
111778,MDA,dia-chat-hoc,D07,Điểm học bạ,2025,18.4,Địa chất học
111779,MDA,dia-chat-hoc,D10,Điểm học bạ,2025,18.4,Địa chất học
111780,MDA,dia-chat-hoc,A00,Điểm thi THPT,2025,15.5,Địa chất học
111781,MDA,dia-chat-hoc,A04,Điểm thi THPT,2025,15.5,Địa chất học
111782,MDA,dia-chat-hoc,A06,Điểm thi THPT,2025,15.5,Địa chất học
111783,MDA,dia-chat-hoc,C01,Điểm thi THPT,2025,15.5,Địa chất học
111784,MDA,dia-chat-hoc,C04,Điểm thi THPT,2025,15.5,Địa chất học
111785,MDA,dia-chat-hoc,D01,Điểm thi THPT,2025,15.5,Địa chất học
111786,MDA,dia-chat-hoc,D07,Điểm thi THPT,2025,15.5,Địa chất học
111787,MDA,dia-chat-hoc,D10,Điểm thi THPT,2025,15.5,Địa chất học
111788,MDA,dia-ky-thuat-xay-dung,A00,Điểm học bạ,2021,18.0,Địa kỹ thuật xây dựng
111789,MDA,dia-ky-thuat-xay-dung,A04,Điểm học bạ,2021,18.0,Địa kỹ thuật xây dựng
111790,MDA,dia-ky-thuat-xay-dung,C04,Điểm học bạ,2021,18.0,Địa kỹ thuật xây dựng
111791,MDA,dia-ky-thuat-xay-dung,D01,Điểm học bạ,2021,18.0,Địa kỹ thuật xây dựng
111792,MDA,dia-ky-thuat-xay-dung,A00,Điểm thi THPT,2021,15.0,Địa kỹ thuật xây dựng
111793,MDA,dia-ky-thuat-xay-dung,A04,Điểm thi THPT,2021,15.0,Địa kỹ thuật xây dựng
111794,MDA,dia-ky-thuat-xay-dung,C04,Điểm thi THPT,2021,15.0,Địa kỹ thuật xây dựng
111795,MDA,dia-ky-thuat-xay-dung,D01,Điểm thi THPT,2021,15.0,Địa kỹ thuật xây dựng
111796,MDA,dia-ky-thuat-xay-dung,A00,Điểm học bạ,2022,18.0,Địa kỹ thuật xây dựng
111797,MDA,dia-ky-thuat-xay-dung,A01,Điểm học bạ,2022,18.0,Địa kỹ thuật xây dựng
111798,MDA,dia-ky-thuat-xay-dung,C04,Điểm học bạ,2022,18.0,Địa kỹ thuật xây dựng
111799,MDA,dia-ky-thuat-xay-dung,D01,Điểm học bạ,2022,18.0,Địa kỹ thuật xây dựng
111800,MDA,dia-ky-thuat-xay-dung,A00,Điểm thi THPT,2022,15.0,Địa kỹ thuật xây dựng
111801,MDA,dia-ky-thuat-xay-dung,A01,Điểm thi THPT,2022,15.0,Địa kỹ thuật xây dựng
111802,MDA,dia-ky-thuat-xay-dung,C04,Điểm thi THPT,2022,15.0,Địa kỹ thuật xây dựng
111803,MDA,dia-ky-thuat-xay-dung,D01,Điểm thi THPT,2022,15.0,Địa kỹ thuật xây dựng
111804,MDA,dia-ky-thuat-xay-dung,A00,Điểm học bạ,2023,18.0,Địa kỹ thuật xây dựng
111805,MDA,dia-ky-thuat-xay-dung,A01,Điểm học bạ,2023,18.0,Địa kỹ thuật xây dựng
111806,MDA,dia-ky-thuat-xay-dung,C04,Điểm học bạ,2023,18.0,Địa kỹ thuật xây dựng
111807,MDA,dia-ky-thuat-xay-dung,D01,Điểm học bạ,2023,18.0,Địa kỹ thuật xây dựng
111808,MDA,dia-ky-thuat-xay-dung,A00,Điểm thi THPT,2023,16.0,Địa kỹ thuật xây dựng
111809,MDA,dia-ky-thuat-xay-dung,A01,Điểm thi THPT,2023,16.0,Địa kỹ thuật xây dựng
111810,MDA,dia-ky-thuat-xay-dung,C04,Điểm thi THPT,2023,16.0,Địa kỹ thuật xây dựng
111811,MDA,dia-ky-thuat-xay-dung,D01,Điểm thi THPT,2023,16.0,Địa kỹ thuật xây dựng
111812,MDA,dia-ky-thuat-xay-dung,A00,Điểm học bạ,2024,18.0,Địa kỹ thuật xây dựng
111813,MDA,dia-ky-thuat-xay-dung,A01,Điểm học bạ,2024,18.0,Địa kỹ thuật xây dựng
111814,MDA,dia-ky-thuat-xay-dung,C04,Điểm học bạ,2024,18.0,Địa kỹ thuật xây dựng
111815,MDA,dia-ky-thuat-xay-dung,D01,Điểm học bạ,2024,18.0,Địa kỹ thuật xây dựng
111816,MDA,dia-ky-thuat-xay-dung,A00,Điểm thi THPT,2024,16.0,Địa kỹ thuật xây dựng
111817,MDA,dia-ky-thuat-xay-dung,A01,Điểm thi THPT,2024,16.0,Địa kỹ thuật xây dựng
111818,MDA,dia-ky-thuat-xay-dung,C04,Điểm thi THPT,2024,16.0,Địa kỹ thuật xây dựng
111819,MDA,dia-ky-thuat-xay-dung,D01,Điểm thi THPT,2024,16.0,Địa kỹ thuật xây dựng
111820,MDA,dia-ky-thuat-xay-dung,A00,Điểm học bạ,2025,18.0,Địa kỹ thuật xây dựng
111821,MDA,dia-ky-thuat-xay-dung,A01,Điểm học bạ,2025,18.0,Địa kỹ thuật xây dựng
111822,MDA,dia-ky-thuat-xay-dung,A02,Điểm học bạ,2025,18.0,Địa kỹ thuật xây dựng
111823,MDA,dia-ky-thuat-xay-dung,C02,Điểm học bạ,2025,18.0,Địa kỹ thuật xây dựng
111824,MDA,dia-ky-thuat-xay-dung,C04,Điểm học bạ,2025,18.0,Địa kỹ thuật xây dựng
111825,MDA,dia-ky-thuat-xay-dung,D01,Điểm học bạ,2025,18.0,Địa kỹ thuật xây dựng
111826,MDA,dia-ky-thuat-xay-dung,D07,Điểm học bạ,2025,18.0,Địa kỹ thuật xây dựng
111827,MDA,dia-ky-thuat-xay-dung,D10,Điểm học bạ,2025,18.0,Địa kỹ thuật xây dựng
111828,MDA,dia-ky-thuat-xay-dung,A00,Điểm thi THPT,2025,15.0,Địa kỹ thuật xây dựng
111829,MDA,dia-ky-thuat-xay-dung,A01,Điểm thi THPT,2025,15.0,Địa kỹ thuật xây dựng
111830,MDA,dia-ky-thuat-xay-dung,A02,Điểm thi THPT,2025,15.0,Địa kỹ thuật xây dựng
111831,MDA,dia-ky-thuat-xay-dung,C02,Điểm thi THPT,2025,15.0,Địa kỹ thuật xây dựng
111832,MDA,dia-ky-thuat-xay-dung,C04,Điểm thi THPT,2025,15.0,Địa kỹ thuật xây dựng
111833,MDA,dia-ky-thuat-xay-dung,D01,Điểm thi THPT,2025,15.0,Địa kỹ thuật xây dựng
111834,MDA,dia-ky-thuat-xay-dung,D07,Điểm thi THPT,2025,15.0,Địa kỹ thuật xây dựng
111835,MDA,dia-ky-thuat-xay-dung,D10,Điểm thi THPT,2025,15.0,Địa kỹ thuật xây dựng
111836,MDA,dia-tin-hoc,A00,Điểm học bạ,2021,18.0,Địa tin học
111837,MDA,dia-tin-hoc,C04,Điểm học bạ,2021,18.0,Địa tin học
111838,MDA,dia-tin-hoc,D01,Điểm học bạ,2021,18.0,Địa tin học
111839,MDA,dia-tin-hoc,D10,Điểm học bạ,2021,18.0,Địa tin học
111840,MDA,dia-tin-hoc,A00,Điểm thi THPT,2021,15.0,Địa tin học
111841,MDA,dia-tin-hoc,C04,Điểm thi THPT,2021,15.0,Địa tin học
111842,MDA,dia-tin-hoc,D01,Điểm thi THPT,2021,15.0,Địa tin học
111843,MDA,dia-tin-hoc,D10,Điểm thi THPT,2021,15.0,Địa tin học
111844,MDA,dia-tin-hoc,A00,Điểm học bạ,2022,18.0,Địa tin học
111845,MDA,dia-tin-hoc,C04,Điểm học bạ,2022,18.0,Địa tin học
111846,MDA,dia-tin-hoc,D01,Điểm học bạ,2022,18.0,Địa tin học
111847,MDA,dia-tin-hoc,D10,Điểm học bạ,2022,18.0,Địa tin học
111848,MDA,dia-tin-hoc,A00,Điểm thi THPT,2022,16.0,Địa tin học
111849,MDA,dia-tin-hoc,C04,Điểm thi THPT,2022,16.0,Địa tin học
111850,MDA,dia-tin-hoc,D01,Điểm thi THPT,2022,16.0,Địa tin học
111851,MDA,dia-tin-hoc,D10,Điểm thi THPT,2022,16.0,Địa tin học
111852,MDA,dia-tin-hoc,A00,Điểm học bạ,2023,19.0,Địa tin học
111853,MDA,dia-tin-hoc,C04,Điểm học bạ,2023,19.0,Địa tin học
111854,MDA,dia-tin-hoc,D01,Điểm học bạ,2023,19.0,Địa tin học
111855,MDA,dia-tin-hoc,D10,Điểm học bạ,2023,19.0,Địa tin học
111856,MDA,dia-tin-hoc,A00,Điểm thi THPT,2023,16.0,Địa tin học
111857,MDA,dia-tin-hoc,C04,Điểm thi THPT,2023,16.0,Địa tin học
111858,MDA,dia-tin-hoc,D01,Điểm thi THPT,2023,16.0,Địa tin học
111859,MDA,dia-tin-hoc,D10,Điểm thi THPT,2023,16.0,Địa tin học
111860,MDA,dia-tin-hoc,A00,Điểm học bạ,2024,19.0,Địa tin học
111861,MDA,dia-tin-hoc,C04,Điểm học bạ,2024,19.0,Địa tin học
111862,MDA,dia-tin-hoc,D01,Điểm học bạ,2024,19.0,Địa tin học
111863,MDA,dia-tin-hoc,D10,Điểm học bạ,2024,19.0,Địa tin học
111864,MDA,dia-tin-hoc,A00,Điểm thi THPT,2024,17.5,Địa tin học
111865,MDA,dia-tin-hoc,C04,Điểm thi THPT,2024,17.5,Địa tin học
111866,MDA,dia-tin-hoc,D01,Điểm thi THPT,2024,17.5,Địa tin học
111867,MDA,dia-tin-hoc,D10,Điểm thi THPT,2024,17.5,Địa tin học
111868,MDA,dia-tin-hoc,A00,Điểm học bạ,2025,18.8,Địa tin học
111869,MDA,dia-tin-hoc,A01,Điểm học bạ,2025,18.8,Địa tin học
111870,MDA,dia-tin-hoc,C02,Điểm học bạ,2025,18.8,Địa tin học
111871,MDA,dia-tin-hoc,C03,Điểm học bạ,2025,18.8,Địa tin học
111872,MDA,dia-tin-hoc,C04,Điểm học bạ,2025,18.8,Địa tin học
111873,MDA,dia-tin-hoc,D01,Điểm học bạ,2025,18.8,Địa tin học
111874,MDA,dia-tin-hoc,D10,Điểm học bạ,2025,18.8,Địa tin học
111875,MDA,dia-tin-hoc,A00,Điểm thi THPT,2025,16.0,Địa tin học
111876,MDA,dia-tin-hoc,A01,Điểm thi THPT,2025,16.0,Địa tin học
111877,MDA,dia-tin-hoc,C02,Điểm thi THPT,2025,16.0,Địa tin học
111878,MDA,dia-tin-hoc,C03,Điểm thi THPT,2025,16.0,Địa tin học
111879,MDA,dia-tin-hoc,C04,Điểm thi THPT,2025,16.0,Địa tin học
111880,MDA,dia-tin-hoc,D01,Điểm thi THPT,2025,16.0,Địa tin học
111881,MDA,dia-tin-hoc,D10,Điểm thi THPT,2025,16.0,Địa tin học
111882,MDA,du-lich-dia-chat,A05,Điểm học bạ,2021,18.0,Du lịch địa chất
111883,MDA,du-lich-dia-chat,C04,Điểm học bạ,2021,18.0,Du lịch địa chất
111884,MDA,du-lich-dia-chat,D01,Điểm học bạ,2021,18.0,Du lịch địa chất
111885,MDA,du-lich-dia-chat,D10,Điểm học bạ,2021,18.0,Du lịch địa chất
111886,MDA,du-lich-dia-chat,A05,Điểm thi THPT,2021,15.0,Du lịch địa chất
111887,MDA,du-lich-dia-chat,C04,Điểm thi THPT,2021,15.0,Du lịch địa chất
111888,MDA,du-lich-dia-chat,D01,Điểm thi THPT,2021,15.0,Du lịch địa chất
111889,MDA,du-lich-dia-chat,D10,Điểm thi THPT,2021,15.0,Du lịch địa chất
111890,MDA,du-lich-dia-chat,C04,Điểm học bạ,2022,18.0,Du lịch địa chất
111891,MDA,du-lich-dia-chat,D01,Điểm học bạ,2022,18.0,Du lịch địa chất
111892,MDA,du-lich-dia-chat,D07,Điểm học bạ,2022,18.0,Du lịch địa chất
111893,MDA,du-lich-dia-chat,D10,Điểm học bạ,2022,18.0,Du lịch địa chất
111894,MDA,du-lich-dia-chat,C04,Điểm thi THPT,2022,16.0,Du lịch địa chất
111895,MDA,du-lich-dia-chat,D01,Điểm thi THPT,2022,16.0,Du lịch địa chất
111896,MDA,du-lich-dia-chat,D07,Điểm thi THPT,2022,16.0,Du lịch địa chất
111897,MDA,du-lich-dia-chat,D10,Điểm thi THPT,2022,16.0,Du lịch địa chất
111898,MDA,du-lich-dia-chat,C04,Điểm học bạ,2023,20.0,Du lịch địa chất
111899,MDA,du-lich-dia-chat,D01,Điểm học bạ,2023,20.0,Du lịch địa chất
111900,MDA,du-lich-dia-chat,D07,Điểm học bạ,2023,20.0,Du lịch địa chất
111901,MDA,du-lich-dia-chat,D10,Điểm học bạ,2023,20.0,Du lịch địa chất
111902,MDA,du-lich-dia-chat,C04,Điểm thi THPT,2023,23.0,Du lịch địa chất
111903,MDA,du-lich-dia-chat,D01,Điểm thi THPT,2023,23.0,Du lịch địa chất
111904,MDA,du-lich-dia-chat,D07,Điểm thi THPT,2023,23.0,Du lịch địa chất
111905,MDA,du-lich-dia-chat,D10,Điểm thi THPT,2023,23.0,Du lịch địa chất
111906,MDA,du-lich-dia-chat,C04,Điểm học bạ,2024,18.0,Du lịch địa chất
111907,MDA,du-lich-dia-chat,D01,Điểm học bạ,2024,18.0,Du lịch địa chất
111908,MDA,du-lich-dia-chat,D07,Điểm học bạ,2024,18.0,Du lịch địa chất
111909,MDA,du-lich-dia-chat,D10,Điểm học bạ,2024,18.0,Du lịch địa chất
111910,MDA,du-lich-dia-chat,C04,Điểm thi THPT,2024,20.0,Du lịch địa chất
111911,MDA,du-lich-dia-chat,D01,Điểm thi THPT,2024,20.0,Du lịch địa chất
111912,MDA,du-lich-dia-chat,D07,Điểm thi THPT,2024,20.0,Du lịch địa chất
111913,MDA,du-lich-dia-chat,D10,Điểm thi THPT,2024,20.0,Du lịch địa chất
111914,MDA,du-lich-dia-chat,A04,Điểm học bạ,2025,22.0,Du lịch địa chất
111915,MDA,du-lich-dia-chat,A06,Điểm học bạ,2025,22.0,Du lịch địa chất
111916,MDA,du-lich-dia-chat,A07,Điểm học bạ,2025,22.0,Du lịch địa chất
111917,MDA,du-lich-dia-chat,C03,Điểm học bạ,2025,22.0,Du lịch địa chất
111918,MDA,du-lich-dia-chat,C04,Điểm học bạ,2025,22.0,Du lịch địa chất
111919,MDA,du-lich-dia-chat,D01,Điểm học bạ,2025,22.0,Du lịch địa chất
111920,MDA,du-lich-dia-chat,D07,Điểm học bạ,2025,22.0,Du lịch địa chất
111921,MDA,du-lich-dia-chat,D10,Điểm học bạ,2025,22.0,Du lịch địa chất
111922,MDA,du-lich-dia-chat,A04,Điểm thi THPT,2025,20.0,Du lịch địa chất
111923,MDA,du-lich-dia-chat,A06,Điểm thi THPT,2025,20.0,Du lịch địa chất
111924,MDA,du-lich-dia-chat,A07,Điểm thi THPT,2025,20.0,Du lịch địa chất
111925,MDA,du-lich-dia-chat,C03,Điểm thi THPT,2025,20.0,Du lịch địa chất
111926,MDA,du-lich-dia-chat,C04,Điểm thi THPT,2025,20.0,Du lịch địa chất
111927,MDA,du-lich-dia-chat,D01,Điểm thi THPT,2025,20.0,Du lịch địa chất
111928,MDA,du-lich-dia-chat,D07,Điểm thi THPT,2025,20.0,Du lịch địa chất
111929,MDA,du-lich-dia-chat,D10,Điểm thi THPT,2025,20.0,Du lịch địa chất
111930,MDA,hoa-duoc,A00,Điểm học bạ,2022,22.0,Hóa dược
111931,MDA,hoa-duoc,A01,Điểm học bạ,2022,22.0,Hóa dược
111932,MDA,hoa-duoc,B00,Điểm học bạ,2022,22.0,Hóa dược
111933,MDA,hoa-duoc,D07,Điểm học bạ,2022,22.0,Hóa dược
111934,MDA,hoa-duoc,A00,Điểm thi THPT,2022,17.0,Hóa dược
111935,MDA,hoa-duoc,A01,Điểm thi THPT,2022,17.0,Hóa dược
111936,MDA,hoa-duoc,B00,Điểm thi THPT,2022,17.0,Hóa dược
111937,MDA,hoa-duoc,D07,Điểm thi THPT,2022,17.0,Hóa dược
111938,MDA,hoa-duoc,A00,Điểm học bạ,2023,22.0,Hóa dược
111939,MDA,hoa-duoc,A01,Điểm học bạ,2023,22.0,Hóa dược
111940,MDA,hoa-duoc,B00,Điểm học bạ,2023,22.0,Hóa dược
111941,MDA,hoa-duoc,D07,Điểm học bạ,2023,22.0,Hóa dược
111942,MDA,hoa-duoc,A00,Điểm thi THPT,2023,18.0,Hóa dược
111943,MDA,hoa-duoc,A01,Điểm thi THPT,2023,18.0,Hóa dược
111944,MDA,hoa-duoc,B00,Điểm thi THPT,2023,18.0,Hóa dược
111945,MDA,hoa-duoc,D07,Điểm thi THPT,2023,18.0,Hóa dược
111946,MDA,hoa-duoc,A00,Điểm học bạ,2024,22.0,Hóa dược
111947,MDA,hoa-duoc,A06,Điểm học bạ,2024,22.0,Hóa dược
111948,MDA,hoa-duoc,B00,Điểm học bạ,2024,22.0,Hóa dược
111949,MDA,hoa-duoc,D07,Điểm học bạ,2024,22.0,Hóa dược
111950,MDA,hoa-duoc,A00,Điểm thi THPT,2024,19.0,Hóa dược
111951,MDA,hoa-duoc,A06,Điểm thi THPT,2024,19.0,Hóa dược
111952,MDA,hoa-duoc,B00,Điểm thi THPT,2024,19.0,Hóa dược
111953,MDA,hoa-duoc,D07,Điểm thi THPT,2024,19.0,Hóa dược
111954,MDA,hoa-duoc,A00,Điểm học bạ,2025,21.2,Hoá dược
111955,MDA,hoa-duoc,A01,Điểm học bạ,2025,21.2,Hoá dược
111956,MDA,hoa-duoc,A06,Điểm học bạ,2025,21.2,Hoá dược
111957,MDA,hoa-duoc,A11,Điểm học bạ,2025,21.2,Hoá dược
111958,MDA,hoa-duoc,B00,Điểm học bạ,2025,21.2,Hoá dược
111959,MDA,hoa-duoc,C02,Điểm học bạ,2025,21.2,Hoá dược
111960,MDA,hoa-duoc,D01,Điểm học bạ,2025,21.2,Hoá dược
111961,MDA,hoa-duoc,D07,Điểm học bạ,2025,21.2,Hoá dược
111962,MDA,hoa-duoc,A00,Điểm thi THPT,2025,19.0,Hoá dược
111963,MDA,hoa-duoc,A01,Điểm thi THPT,2025,19.0,Hoá dược
111964,MDA,hoa-duoc,A06,Điểm thi THPT,2025,19.0,Hoá dược
111965,MDA,hoa-duoc,A11,Điểm thi THPT,2025,19.0,Hoá dược
111966,MDA,hoa-duoc,B00,Điểm thi THPT,2025,19.0,Hoá dược
111967,MDA,hoa-duoc,C02,Điểm thi THPT,2025,19.0,Hoá dược
111968,MDA,hoa-duoc,D01,Điểm thi THPT,2025,19.0,Hoá dược
111969,MDA,hoa-duoc,D07,Điểm thi THPT,2025,19.0,Hoá dược
111970,MDA,ke-toan,A00,Điểm học bạ,2021,21.5,Kế toán
111971,MDA,ke-toan,A01,Điểm học bạ,2021,21.5,Kế toán
111972,MDA,ke-toan,D01,Điểm học bạ,2021,21.5,Kế toán
111973,MDA,ke-toan,D07,Điểm học bạ,2021,21.5,Kế toán
111974,MDA,ke-toan,A00,Điểm thi THPT,2021,18.0,Kế toán
111975,MDA,ke-toan,A01,Điểm thi THPT,2021,18.0,Kế toán
111976,MDA,ke-toan,D01,Điểm thi THPT,2021,18.0,Kế toán
111977,MDA,ke-toan,D07,Điểm thi THPT,2021,18.0,Kế toán
111978,MDA,ke-toan,A00,Điểm học bạ,2022,26.0,Kế toán
111979,MDA,ke-toan,A01,Điểm học bạ,2022,26.0,Kế toán
111980,MDA,ke-toan,D01,Điểm học bạ,2022,26.0,Kế toán
111981,MDA,ke-toan,D07,Điểm học bạ,2022,26.0,Kế toán
111982,MDA,ke-toan,A00,Điểm thi THPT,2022,22.0,Kế toán
111983,MDA,ke-toan,A01,Điểm thi THPT,2022,22.0,Kế toán
111984,MDA,ke-toan,D01,Điểm thi THPT,2022,22.0,Kế toán
111985,MDA,ke-toan,D07,Điểm thi THPT,2022,22.0,Kế toán
111986,MDA,ke-toan,A00,Điểm học bạ,2023,26.5,Kế toán
111987,MDA,ke-toan,A01,Điểm học bạ,2023,26.5,Kế toán
111988,MDA,ke-toan,D01,Điểm học bạ,2023,26.5,Kế toán
111989,MDA,ke-toan,D07,Điểm học bạ,2023,26.5,Kế toán
111990,MDA,ke-toan,A00,Điểm thi THPT,2023,23.25,Kế toán
111991,MDA,ke-toan,A01,Điểm thi THPT,2023,23.25,Kế toán
111992,MDA,ke-toan,D01,Điểm thi THPT,2023,23.25,Kế toán
111993,MDA,ke-toan,D07,Điểm thi THPT,2023,23.25,Kế toán
111994,MDA,ke-toan,A00,Điểm học bạ,2024,26.0,Kế toán
111995,MDA,ke-toan,A01,Điểm học bạ,2024,26.0,Kế toán
111996,MDA,ke-toan,D01,Điểm học bạ,2024,26.0,Kế toán
111997,MDA,ke-toan,D07,Điểm học bạ,2024,26.0,Kế toán
111998,MDA,ke-toan,A00,Điểm thi THPT,2024,23.75,Kế toán
111999,MDA,ke-toan,A01,Điểm thi THPT,2024,23.75,Kế toán
112000,MDA,ke-toan,D01,Điểm thi THPT,2024,23.75,Kế toán
112001,MDA,ke-toan,D07,Điểm thi THPT,2024,23.75,Kế toán
112002,MDA,ke-toan,A00,Điểm học bạ,2025,24.2,Kế toán
112003,MDA,ke-toan,A01,Điểm học bạ,2025,24.2,Kế toán
112004,MDA,ke-toan,C01,Điểm học bạ,2025,24.2,Kế toán
112005,MDA,ke-toan,D01,Điểm học bạ,2025,24.2,Kế toán
112006,MDA,ke-toan,D07,Điểm học bạ,2025,24.2,Kế toán
112007,MDA,ke-toan,D09,Điểm học bạ,2025,24.2,Kế toán
112008,MDA,ke-toan,D10,Điểm học bạ,2025,24.2,Kế toán
112009,MDA,ke-toan,D84,Điểm học bạ,2025,24.2,Kế toán
112010,MDA,ke-toan,A00,Điểm thi THPT,2025,22.75,Kế toán
112011,MDA,ke-toan,A01,Điểm thi THPT,2025,22.75,Kế toán
112012,MDA,ke-toan,C01,Điểm thi THPT,2025,22.75,Kế toán
112013,MDA,ke-toan,D01,Điểm thi THPT,2025,22.75,Kế toán
112014,MDA,ke-toan,D07,Điểm thi THPT,2025,22.75,Kế toán
112015,MDA,ke-toan,D09,Điểm thi THPT,2025,22.75,Kế toán
112016,MDA,ke-toan,D10,Điểm thi THPT,2025,22.75,Kế toán
112017,MDA,ke-toan,D84,Điểm thi THPT,2025,22.75,Kế toán
112018,MDA,khoa-hoc-du-lieu,A00,Điểm thi THPT,2021,18.0,Khoa học dữ liệu
112019,MDA,khoa-hoc-du-lieu,A01,Điểm thi THPT,2021,18.0,Khoa học dữ liệu
112020,MDA,khoa-hoc-du-lieu,D01,Điểm thi THPT,2021,18.0,Khoa học dữ liệu
112021,MDA,khoa-hoc-du-lieu,D07,Điểm thi THPT,2021,18.0,Khoa học dữ liệu
112022,MDA,khoa-hoc-du-lieu,A00,Điểm học bạ,2022,23.0,Khoa học dữ liệu
112023,MDA,khoa-hoc-du-lieu,A01,Điểm học bạ,2022,23.0,Khoa học dữ liệu
112024,MDA,khoa-hoc-du-lieu,D01,Điểm học bạ,2022,23.0,Khoa học dữ liệu
112025,MDA,khoa-hoc-du-lieu,D07,Điểm học bạ,2022,23.0,Khoa học dữ liệu
112026,MDA,khoa-hoc-du-lieu,A00,Điểm thi THPT,2022,20.5,Khoa học dữ liệu
112027,MDA,khoa-hoc-du-lieu,A01,Điểm thi THPT,2022,20.5,Khoa học dữ liệu
112028,MDA,khoa-hoc-du-lieu,D01,Điểm thi THPT,2022,20.5,Khoa học dữ liệu
112029,MDA,khoa-hoc-du-lieu,D07,Điểm thi THPT,2022,20.5,Khoa học dữ liệu
112030,MDA,khoa-hoc-du-lieu,A00,Điểm học bạ,2023,24.5,Khoa học dữ liệu
112031,MDA,khoa-hoc-du-lieu,A01,Điểm học bạ,2023,24.5,Khoa học dữ liệu
112032,MDA,khoa-hoc-du-lieu,D01,Điểm học bạ,2023,24.5,Khoa học dữ liệu
112033,MDA,khoa-hoc-du-lieu,D07,Điểm học bạ,2023,24.5,Khoa học dữ liệu
112034,MDA,khoa-hoc-du-lieu,A00,Điểm thi THPT,2023,23.0,Khoa học dữ liệu
112035,MDA,khoa-hoc-du-lieu,A01,Điểm thi THPT,2023,23.0,Khoa học dữ liệu
112036,MDA,khoa-hoc-du-lieu,D01,Điểm thi THPT,2023,23.0,Khoa học dữ liệu
112037,MDA,khoa-hoc-du-lieu,D07,Điểm thi THPT,2023,23.0,Khoa học dữ liệu
112038,MDA,khoa-hoc-du-lieu,A00,Điểm học bạ,2024,25.5,Khoa học dữ liệu
112039,MDA,khoa-hoc-du-lieu,A01,Điểm học bạ,2024,25.5,Khoa học dữ liệu
112040,MDA,khoa-hoc-du-lieu,D01,Điểm học bạ,2024,25.5,Khoa học dữ liệu
112041,MDA,khoa-hoc-du-lieu,D07,Điểm học bạ,2024,25.5,Khoa học dữ liệu
112042,MDA,khoa-hoc-du-lieu,A00,Điểm thi THPT,2024,21.75,Khoa học dữ liệu
112043,MDA,khoa-hoc-du-lieu,A01,Điểm thi THPT,2024,21.75,Khoa học dữ liệu
112044,MDA,khoa-hoc-du-lieu,D01,Điểm thi THPT,2024,21.75,Khoa học dữ liệu
112045,MDA,khoa-hoc-du-lieu,D07,Điểm thi THPT,2024,21.75,Khoa học dữ liệu
112046,MDA,khoa-hoc-du-lieu,A00,Điểm học bạ,2025,22.0,Khoa học dữ liệu
112047,MDA,khoa-hoc-du-lieu,A01,Điểm học bạ,2025,22.0,Khoa học dữ liệu
112048,MDA,khoa-hoc-du-lieu,D01,Điểm học bạ,2025,22.0,Khoa học dữ liệu
112049,MDA,khoa-hoc-du-lieu,D07,Điểm học bạ,2025,22.0,Khoa học dữ liệu
112050,MDA,khoa-hoc-du-lieu,X06,Điểm học bạ,2025,22.0,Khoa học dữ liệu
112051,MDA,khoa-hoc-du-lieu,X10,Điểm học bạ,2025,22.0,Khoa học dữ liệu
112052,MDA,khoa-hoc-du-lieu,X26,Điểm học bạ,2025,22.0,Khoa học dữ liệu
112053,MDA,khoa-hoc-du-lieu,X27,Điểm học bạ,2025,22.0,Khoa học dữ liệu
112054,MDA,khoa-hoc-du-lieu,A00,Điểm thi THPT,2025,20.0,Khoa học dữ liệu
112055,MDA,khoa-hoc-du-lieu,A01,Điểm thi THPT,2025,20.0,Khoa học dữ liệu
112056,MDA,khoa-hoc-du-lieu,D01,Điểm thi THPT,2025,20.0,Khoa học dữ liệu
112057,MDA,khoa-hoc-du-lieu,D07,Điểm thi THPT,2025,20.0,Khoa học dữ liệu
112058,MDA,khoa-hoc-du-lieu,X06,Điểm thi THPT,2025,20.0,Khoa học dữ liệu
112059,MDA,khoa-hoc-du-lieu,X10,Điểm thi THPT,2025,20.0,Khoa học dữ liệu
112060,MDA,khoa-hoc-du-lieu,X26,Điểm thi THPT,2025,20.0,Khoa học dữ liệu
112061,MDA,khoa-hoc-du-lieu,X27,Điểm thi THPT,2025,20.0,Khoa học dữ liệu
112062,MDA,ky-thuat-co-dien-tu,A00,Điểm học bạ,2021,22.76,Kỹ thuật cơ điện tử
112063,MDA,ky-thuat-co-dien-tu,A01,Điểm học bạ,2021,22.76,Kỹ thuật cơ điện tử
112064,MDA,ky-thuat-co-dien-tu,C01,Điểm học bạ,2021,22.76,Kỹ thuật cơ điện tử
112065,MDA,ky-thuat-co-dien-tu,D07,Điểm học bạ,2021,22.76,Kỹ thuật cơ điện tử
112066,MDA,ky-thuat-co-dien-tu,A00,Điểm thi THPT,2021,18.0,Kỹ thuật cơ điện tử
112067,MDA,ky-thuat-co-dien-tu,A01,Điểm thi THPT,2021,18.0,Kỹ thuật cơ điện tử
112068,MDA,ky-thuat-co-dien-tu,C01,Điểm thi THPT,2021,18.0,Kỹ thuật cơ điện tử
112069,MDA,ky-thuat-co-dien-tu,D07,Điểm thi THPT,2021,18.0,Kỹ thuật cơ điện tử
112070,MDA,ky-thuat-co-dien-tu,A00,Điểm học bạ,2022,26.88,Kỹ thuật cơ điện tử
112071,MDA,ky-thuat-co-dien-tu,A01,Điểm học bạ,2022,26.88,Kỹ thuật cơ điện tử
112072,MDA,ky-thuat-co-dien-tu,C01,Điểm học bạ,2022,26.88,Kỹ thuật cơ điện tử
112073,MDA,ky-thuat-co-dien-tu,A00,Điểm thi THPT,2022,19.0,Kỹ thuật cơ điện tử
112074,MDA,ky-thuat-co-dien-tu,A01,Điểm thi THPT,2022,19.0,Kỹ thuật cơ điện tử
112075,MDA,ky-thuat-co-dien-tu,C01,Điểm thi THPT,2022,19.0,Kỹ thuật cơ điện tử
112076,MDA,ky-thuat-co-dien-tu,A00,Điểm học bạ,2023,25.0,Kỹ thuật cơ điện tử
112077,MDA,ky-thuat-co-dien-tu,A01,Điểm học bạ,2023,25.0,Kỹ thuật cơ điện tử
112078,MDA,ky-thuat-co-dien-tu,C01,Điểm học bạ,2023,25.0,Kỹ thuật cơ điện tử
112079,MDA,ky-thuat-co-dien-tu,D01,Điểm học bạ,2023,25.0,Kỹ thuật cơ điện tử
112080,MDA,ky-thuat-co-dien-tu,A00,Điểm thi THPT,2023,22.95,Kỹ thuật cơ điện tử
112081,MDA,ky-thuat-co-dien-tu,A01,Điểm thi THPT,2023,22.95,Kỹ thuật cơ điện tử
112082,MDA,ky-thuat-co-dien-tu,C01,Điểm thi THPT,2023,22.95,Kỹ thuật cơ điện tử
112083,MDA,ky-thuat-co-dien-tu,D01,Điểm thi THPT,2023,22.95,Kỹ thuật cơ điện tử
112084,MDA,ky-thuat-co-dien-tu,A00,Điểm học bạ,2024,26.0,Kỹ thuật cơ điện tử
112085,MDA,ky-thuat-co-dien-tu,A01,Điểm học bạ,2024,26.0,Kỹ thuật cơ điện tử
112086,MDA,ky-thuat-co-dien-tu,C01,Điểm học bạ,2024,26.0,Kỹ thuật cơ điện tử
112087,MDA,ky-thuat-co-dien-tu,D01,Điểm học bạ,2024,26.0,Kỹ thuật cơ điện tử
112088,MDA,ky-thuat-co-dien-tu,A00,Điểm thi THPT,2024,24.0,Kỹ thuật cơ điện tử
112089,MDA,ky-thuat-co-dien-tu,A01,Điểm thi THPT,2024,24.0,Kỹ thuật cơ điện tử
112090,MDA,ky-thuat-co-dien-tu,C01,Điểm thi THPT,2024,24.0,Kỹ thuật cơ điện tử
112091,MDA,ky-thuat-co-dien-tu,D01,Điểm thi THPT,2024,24.0,Kỹ thuật cơ điện tử
112092,MDA,ky-thuat-co-dien-tu,A00,Điểm học bạ,2025,24.8,Kỹ thuật cơ điện tử
112093,MDA,ky-thuat-co-dien-tu,A01,Điểm học bạ,2025,24.8,Kỹ thuật cơ điện tử
112094,MDA,ky-thuat-co-dien-tu,C01,Điểm học bạ,2025,24.8,Kỹ thuật cơ điện tử
112095,MDA,ky-thuat-co-dien-tu,D01,Điểm học bạ,2025,24.8,Kỹ thuật cơ điện tử
112096,MDA,ky-thuat-co-dien-tu,X06,Điểm học bạ,2025,24.8,Kỹ thuật cơ điện tử
112097,MDA,ky-thuat-co-dien-tu,A00,Điểm thi THPT,2025,23.5,Kỹ thuật cơ điện tử
112098,MDA,ky-thuat-co-dien-tu,A01,Điểm thi THPT,2025,23.5,Kỹ thuật cơ điện tử
112099,MDA,ky-thuat-co-dien-tu,C01,Điểm thi THPT,2025,23.5,Kỹ thuật cơ điện tử
112100,MDA,ky-thuat-co-dien-tu,D01,Điểm thi THPT,2025,23.5,Kỹ thuật cơ điện tử
112101,MDA,ky-thuat-co-dien-tu,X06,Điểm thi THPT,2025,23.5,Kỹ thuật cơ điện tử
112102,MDA,ky-thuat-co-khi,A00,Điểm học bạ,2021,21.7,Kỹ thuật cơ khí
112103,MDA,ky-thuat-co-khi,A01,Điểm học bạ,2021,21.7,Kỹ thuật cơ khí
112104,MDA,ky-thuat-co-khi,C01,Điểm học bạ,2021,21.7,Kỹ thuật cơ khí
112105,MDA,ky-thuat-co-khi,D07,Điểm học bạ,2021,21.7,Kỹ thuật cơ khí
112106,MDA,ky-thuat-co-khi,A00,Điểm thi THPT,2021,17.0,Kỹ thuật cơ khí
112107,MDA,ky-thuat-co-khi,A01,Điểm thi THPT,2021,17.0,Kỹ thuật cơ khí
112108,MDA,ky-thuat-co-khi,C01,Điểm thi THPT,2021,17.0,Kỹ thuật cơ khí
112109,MDA,ky-thuat-co-khi,D07,Điểm thi THPT,2021,17.0,Kỹ thuật cơ khí
112110,MDA,ky-thuat-co-khi,A00,Điểm học bạ,2022,24.6,Kỹ thuật cơ khí
112111,MDA,ky-thuat-co-khi,A01,Điểm học bạ,2022,24.6,Kỹ thuật cơ khí
112112,MDA,ky-thuat-co-khi,C01,Điểm học bạ,2022,24.6,Kỹ thuật cơ khí
112113,MDA,ky-thuat-co-khi,A00,Điểm thi THPT,2022,16.0,Kỹ thuật cơ khí
112114,MDA,ky-thuat-co-khi,A01,Điểm thi THPT,2022,16.0,Kỹ thuật cơ khí
112115,MDA,ky-thuat-co-khi,C01,Điểm thi THPT,2022,16.0,Kỹ thuật cơ khí
112116,MDA,ky-thuat-co-khi,A00,Điểm học bạ,2023,22.5,Kỹ thuật cơ khí
112117,MDA,ky-thuat-co-khi,A01,Điểm học bạ,2023,22.5,Kỹ thuật cơ khí
112118,MDA,ky-thuat-co-khi,C01,Điểm học bạ,2023,22.5,Kỹ thuật cơ khí
112119,MDA,ky-thuat-co-khi,D01,Điểm học bạ,2023,22.5,Kỹ thuật cơ khí
112120,MDA,ky-thuat-co-khi,A00,Điểm thi THPT,2023,23.75,Kỹ thuật cơ khí
112121,MDA,ky-thuat-co-khi,A01,Điểm thi THPT,2023,23.75,Kỹ thuật cơ khí
112122,MDA,ky-thuat-co-khi,C01,Điểm thi THPT,2023,23.75,Kỹ thuật cơ khí
112123,MDA,ky-thuat-co-khi,D01,Điểm thi THPT,2023,23.75,Kỹ thuật cơ khí
112124,MDA,ky-thuat-co-khi,A00,Điểm học bạ,2024,25.0,Kỹ thuật cơ khí
112125,MDA,ky-thuat-co-khi,A01,Điểm học bạ,2024,25.0,Kỹ thuật cơ khí
112126,MDA,ky-thuat-co-khi,C01,Điểm học bạ,2024,25.0,Kỹ thuật cơ khí
112127,MDA,ky-thuat-co-khi,D01,Điểm học bạ,2024,25.0,Kỹ thuật cơ khí
112128,MDA,ky-thuat-co-khi,A00,Điểm thi THPT,2024,24.0,Kỹ thuật cơ khí
112129,MDA,ky-thuat-co-khi,A01,Điểm thi THPT,2024,24.0,Kỹ thuật cơ khí
112130,MDA,ky-thuat-co-khi,C01,Điểm thi THPT,2024,24.0,Kỹ thuật cơ khí
112131,MDA,ky-thuat-co-khi,D01,Điểm thi THPT,2024,24.0,Kỹ thuật cơ khí
112132,MDA,ky-thuat-co-khi,A00,Điểm học bạ,2025,24.0,Kỹ thuật cơ khí
112133,MDA,ky-thuat-co-khi,A01,Điểm học bạ,2025,24.0,Kỹ thuật cơ khí
112134,MDA,ky-thuat-co-khi,C01,Điểm học bạ,2025,24.0,Kỹ thuật cơ khí
112135,MDA,ky-thuat-co-khi,D01,Điểm học bạ,2025,24.0,Kỹ thuật cơ khí
112136,MDA,ky-thuat-co-khi,X06,Điểm học bạ,2025,24.0,Kỹ thuật cơ khí
112137,MDA,ky-thuat-co-khi,A00,Điểm thi THPT,2025,22.5,Kỹ thuật cơ khí
112138,MDA,ky-thuat-co-khi,A01,Điểm thi THPT,2025,22.5,Kỹ thuật cơ khí
112139,MDA,ky-thuat-co-khi,C01,Điểm thi THPT,2025,22.5,Kỹ thuật cơ khí
112140,MDA,ky-thuat-co-khi,D01,Điểm thi THPT,2025,22.5,Kỹ thuật cơ khí
112141,MDA,ky-thuat-co-khi,X06,Điểm thi THPT,2025,22.5,Kỹ thuật cơ khí
112142,MDA,ky-thuat-co-khi-dong-luc,A00,Điểm học bạ,2021,18.0,Kỹ thuật cơ khí động lực
112143,MDA,ky-thuat-co-khi-dong-luc,A01,Điểm học bạ,2021,18.0,Kỹ thuật cơ khí động lực
112144,MDA,ky-thuat-co-khi-dong-luc,C01,Điểm học bạ,2021,18.0,Kỹ thuật cơ khí động lực
112145,MDA,ky-thuat-co-khi-dong-luc,D07,Điểm học bạ,2021,18.0,Kỹ thuật cơ khí động lực
112146,MDA,ky-thuat-co-khi-dong-luc,A00,Điểm thi THPT,2021,17.0,Kỹ thuật cơ khí động lực
112147,MDA,ky-thuat-co-khi-dong-luc,A01,Điểm thi THPT,2021,17.0,Kỹ thuật cơ khí động lực
112148,MDA,ky-thuat-co-khi-dong-luc,C01,Điểm thi THPT,2021,17.0,Kỹ thuật cơ khí động lực
112149,MDA,ky-thuat-co-khi-dong-luc,D07,Điểm thi THPT,2021,17.0,Kỹ thuật cơ khí động lực
112150,MDA,ky-thuat-co-khi-dong-luc,A00,Điểm học bạ,2022,22.77,Kỹ thuật cơ khí động lực
112151,MDA,ky-thuat-co-khi-dong-luc,A01,Điểm học bạ,2022,22.77,Kỹ thuật cơ khí động lực
112152,MDA,ky-thuat-co-khi-dong-luc,C01,Điểm học bạ,2022,22.77,Kỹ thuật cơ khí động lực
112153,MDA,ky-thuat-co-khi-dong-luc,A00,Điểm thi THPT,2022,15.0,Kỹ thuật cơ khí động lực
112154,MDA,ky-thuat-co-khi-dong-luc,A01,Điểm thi THPT,2022,15.0,Kỹ thuật cơ khí động lực
112155,MDA,ky-thuat-co-khi-dong-luc,C01,Điểm thi THPT,2022,15.0,Kỹ thuật cơ khí động lực
112156,MDA,ky-thuat-co-khi-dong-luc,A00,Điểm học bạ,2023,20.0,Kỹ thuật cơ khí động lực
112157,MDA,ky-thuat-co-khi-dong-luc,A01,Điểm học bạ,2023,20.0,Kỹ thuật cơ khí động lực
112158,MDA,ky-thuat-co-khi-dong-luc,C01,Điểm học bạ,2023,20.0,Kỹ thuật cơ khí động lực
112159,MDA,ky-thuat-co-khi-dong-luc,D01,Điểm học bạ,2023,20.0,Kỹ thuật cơ khí động lực
112160,MDA,ky-thuat-co-khi-dong-luc,A00,Điểm thi THPT,2023,20.15,Kỹ thuật cơ khí động lực
112161,MDA,ky-thuat-co-khi-dong-luc,A01,Điểm thi THPT,2023,20.15,Kỹ thuật cơ khí động lực
112162,MDA,ky-thuat-co-khi-dong-luc,C01,Điểm thi THPT,2023,20.15,Kỹ thuật cơ khí động lực
112163,MDA,ky-thuat-co-khi-dong-luc,D01,Điểm thi THPT,2023,20.15,Kỹ thuật cơ khí động lực
112164,MDA,ky-thuat-co-khi-dong-luc,A00,Điểm học bạ,2024,22.0,Kỹ thuật cơ khí động lực
112165,MDA,ky-thuat-co-khi-dong-luc,A01,Điểm học bạ,2024,22.0,Kỹ thuật cơ khí động lực
112166,MDA,ky-thuat-co-khi-dong-luc,C01,Điểm học bạ,2024,22.0,Kỹ thuật cơ khí động lực
112167,MDA,ky-thuat-co-khi-dong-luc,D01,Điểm học bạ,2024,22.0,Kỹ thuật cơ khí động lực
112168,MDA,ky-thuat-co-khi-dong-luc,A00,Điểm thi THPT,2024,24.0,Kỹ thuật cơ khí động lực
112169,MDA,ky-thuat-co-khi-dong-luc,A01,Điểm thi THPT,2024,24.0,Kỹ thuật cơ khí động lực
112170,MDA,ky-thuat-co-khi-dong-luc,C01,Điểm thi THPT,2024,24.0,Kỹ thuật cơ khí động lực
112171,MDA,ky-thuat-co-khi-dong-luc,D01,Điểm thi THPT,2024,24.0,Kỹ thuật cơ khí động lực
112172,MDA,ky-thuat-co-khi-dong-luc,A00,Điểm học bạ,2025,21.2,Kỹ thuật cơ khí động lực
112173,MDA,ky-thuat-co-khi-dong-luc,A01,Điểm học bạ,2025,21.2,Kỹ thuật cơ khí động lực
112174,MDA,ky-thuat-co-khi-dong-luc,C01,Điểm học bạ,2025,21.2,Kỹ thuật cơ khí động lực
112175,MDA,ky-thuat-co-khi-dong-luc,D01,Điểm học bạ,2025,21.2,Kỹ thuật cơ khí động lực
112176,MDA,ky-thuat-co-khi-dong-luc,X06,Điểm học bạ,2025,21.2,Kỹ thuật cơ khí động lực
112177,MDA,ky-thuat-co-khi-dong-luc,A00,Điểm thi THPT,2025,19.0,Kỹ thuật cơ khí động lực
112178,MDA,ky-thuat-co-khi-dong-luc,A01,Điểm thi THPT,2025,19.0,Kỹ thuật cơ khí động lực
112179,MDA,ky-thuat-co-khi-dong-luc,C01,Điểm thi THPT,2025,19.0,Kỹ thuật cơ khí động lực
112180,MDA,ky-thuat-co-khi-dong-luc,D01,Điểm thi THPT,2025,19.0,Kỹ thuật cơ khí động lực
112181,MDA,ky-thuat-co-khi-dong-luc,X06,Điểm thi THPT,2025,19.0,Kỹ thuật cơ khí động lực
112182,MDA,ky-thuat-dau-khi,A00,Điểm học bạ,2021,18.0,Kỹ thuật dầu khí
112183,MDA,ky-thuat-dau-khi,A01,Điểm học bạ,2021,18.0,Kỹ thuật dầu khí
112184,MDA,ky-thuat-dau-khi,A00,Điểm thi THPT,2021,16.0,Kỹ thuật dầu khí
112185,MDA,ky-thuat-dau-khi,A01,Điểm thi THPT,2021,16.0,Kỹ thuật dầu khí
112186,MDA,ky-thuat-dau-khi,A00,Điểm học bạ,2022,22.0,Kỹ thuật dầu khí
112187,MDA,ky-thuat-dau-khi,A01,Điểm học bạ,2022,22.0,Kỹ thuật dầu khí
112188,MDA,ky-thuat-dau-khi,D01,Điểm học bạ,2022,22.0,Kỹ thuật dầu khí
112189,MDA,ky-thuat-dau-khi,D07,Điểm học bạ,2022,22.0,Kỹ thuật dầu khí
112190,MDA,ky-thuat-dau-khi,A00,Điểm thi THPT,2022,18.0,Kỹ thuật dầu khí
112191,MDA,ky-thuat-dau-khi,A01,Điểm thi THPT,2022,18.0,Kỹ thuật dầu khí
112192,MDA,ky-thuat-dau-khi,D01,Điểm thi THPT,2022,18.0,Kỹ thuật dầu khí
112193,MDA,ky-thuat-dau-khi,D07,Điểm thi THPT,2022,18.0,Kỹ thuật dầu khí
112194,MDA,ky-thuat-dau-khi,A00,Điểm học bạ,2023,19.5,Kỹ thuật dầu khí
112195,MDA,ky-thuat-dau-khi,A01,Điểm học bạ,2023,19.5,Kỹ thuật dầu khí
112196,MDA,ky-thuat-dau-khi,D01,Điểm học bạ,2023,19.5,Kỹ thuật dầu khí
112197,MDA,ky-thuat-dau-khi,D07,Điểm học bạ,2023,19.5,Kỹ thuật dầu khí
112198,MDA,ky-thuat-dau-khi,A00,Điểm thi THPT,2023,18.5,Kỹ thuật dầu khí
112199,MDA,ky-thuat-dau-khi,A01,Điểm thi THPT,2023,18.5,Kỹ thuật dầu khí
112200,MDA,ky-thuat-dau-khi,D01,Điểm thi THPT,2023,18.5,Kỹ thuật dầu khí
112201,MDA,ky-thuat-dau-khi,D07,Điểm thi THPT,2023,18.5,Kỹ thuật dầu khí
112202,MDA,ky-thuat-dau-khi,A00,Điểm học bạ,2024,19.5,Kỹ thuật dầu khí
112203,MDA,ky-thuat-dau-khi,A01,Điểm học bạ,2024,19.5,Kỹ thuật dầu khí
112204,MDA,ky-thuat-dau-khi,D01,Điểm học bạ,2024,19.5,Kỹ thuật dầu khí
112205,MDA,ky-thuat-dau-khi,D07,Điểm học bạ,2024,19.5,Kỹ thuật dầu khí
112206,MDA,ky-thuat-dau-khi,A00,Điểm thi THPT,2024,19.0,Kỹ thuật dầu khí
112207,MDA,ky-thuat-dau-khi,A01,Điểm thi THPT,2024,19.0,Kỹ thuật dầu khí
112208,MDA,ky-thuat-dau-khi,D01,Điểm thi THPT,2024,19.0,Kỹ thuật dầu khí
112209,MDA,ky-thuat-dau-khi,D07,Điểm thi THPT,2024,19.0,Kỹ thuật dầu khí
112210,MDA,ky-thuat-dau-khi,A00,Điểm học bạ,2025,19.6,Kỹ thuật dầu khí
112211,MDA,ky-thuat-dau-khi,A01,Điểm học bạ,2025,19.6,Kỹ thuật dầu khí
112212,MDA,ky-thuat-dau-khi,B00,Điểm học bạ,2025,19.6,Kỹ thuật dầu khí
112213,MDA,ky-thuat-dau-khi,B02,Điểm học bạ,2025,19.6,Kỹ thuật dầu khí
112214,MDA,ky-thuat-dau-khi,B08,Điểm học bạ,2025,19.6,Kỹ thuật dầu khí
112215,MDA,ky-thuat-dau-khi,C02,Điểm học bạ,2025,19.6,Kỹ thuật dầu khí
112216,MDA,ky-thuat-dau-khi,D01,Điểm học bạ,2025,19.6,Kỹ thuật dầu khí
112217,MDA,ky-thuat-dau-khi,D07,Điểm học bạ,2025,19.6,Kỹ thuật dầu khí
112218,MDA,ky-thuat-dau-khi,A00,Điểm thi THPT,2025,17.0,Kỹ thuật dầu khí
112219,MDA,ky-thuat-dau-khi,A01,Điểm thi THPT,2025,17.0,Kỹ thuật dầu khí
112220,MDA,ky-thuat-dau-khi,B00,Điểm thi THPT,2025,17.0,Kỹ thuật dầu khí
112221,MDA,ky-thuat-dau-khi,B02,Điểm thi THPT,2025,17.0,Kỹ thuật dầu khí
112222,MDA,ky-thuat-dau-khi,B08,Điểm thi THPT,2025,17.0,Kỹ thuật dầu khí
112223,MDA,ky-thuat-dau-khi,C02,Điểm thi THPT,2025,17.0,Kỹ thuật dầu khí
112224,MDA,ky-thuat-dau-khi,D01,Điểm thi THPT,2025,17.0,Kỹ thuật dầu khí
112225,MDA,ky-thuat-dau-khi,D07,Điểm thi THPT,2025,17.0,Kỹ thuật dầu khí
112226,MDA,ky-thuat-dia-chat,A00,Điểm học bạ,2021,18.0,Kỹ thuật địa chất
112227,MDA,ky-thuat-dia-chat,A04,Điểm học bạ,2021,18.0,Kỹ thuật địa chất
112228,MDA,ky-thuat-dia-chat,C04,Điểm học bạ,2021,18.0,Kỹ thuật địa chất
112229,MDA,ky-thuat-dia-chat,D01,Điểm học bạ,2021,18.0,Kỹ thuật địa chất
112230,MDA,ky-thuat-dia-chat,A00,Điểm thi THPT,2021,15.0,Kỹ thuật địa chất
112231,MDA,ky-thuat-dia-chat,A04,Điểm thi THPT,2021,15.0,Kỹ thuật địa chất
112232,MDA,ky-thuat-dia-chat,C04,Điểm thi THPT,2021,15.0,Kỹ thuật địa chất
112233,MDA,ky-thuat-dia-chat,D01,Điểm thi THPT,2021,15.0,Kỹ thuật địa chất
112234,MDA,ky-thuat-dia-chat,A00,Điểm học bạ,2022,18.0,Kỹ thuật địa chất
112235,MDA,ky-thuat-dia-chat,A01,Điểm học bạ,2022,18.0,Kỹ thuật địa chất
112236,MDA,ky-thuat-dia-chat,C04,Điểm học bạ,2022,18.0,Kỹ thuật địa chất
112237,MDA,ky-thuat-dia-chat,D01,Điểm học bạ,2022,18.0,Kỹ thuật địa chất
112238,MDA,ky-thuat-dia-chat,A00,Điểm thi THPT,2022,15.0,Kỹ thuật địa chất
112239,MDA,ky-thuat-dia-chat,A01,Điểm thi THPT,2022,15.0,Kỹ thuật địa chất
112240,MDA,ky-thuat-dia-chat,C04,Điểm thi THPT,2022,15.0,Kỹ thuật địa chất
112241,MDA,ky-thuat-dia-chat,D01,Điểm thi THPT,2022,15.0,Kỹ thuật địa chất
112242,MDA,ky-thuat-dia-chat,A00,Điểm học bạ,2023,18.0,Kỹ thuật địa chất
112243,MDA,ky-thuat-dia-chat,A01,Điểm học bạ,2023,18.0,Kỹ thuật địa chất
112244,MDA,ky-thuat-dia-chat,C04,Điểm học bạ,2023,18.0,Kỹ thuật địa chất
112245,MDA,ky-thuat-dia-chat,D01,Điểm học bạ,2023,18.0,Kỹ thuật địa chất
112246,MDA,ky-thuat-dia-chat,A00,Điểm thi THPT,2023,16.0,Kỹ thuật địa chất
112247,MDA,ky-thuat-dia-chat,A01,Điểm thi THPT,2023,16.0,Kỹ thuật địa chất
112248,MDA,ky-thuat-dia-chat,C04,Điểm thi THPT,2023,16.0,Kỹ thuật địa chất
112249,MDA,ky-thuat-dia-chat,D01,Điểm thi THPT,2023,16.0,Kỹ thuật địa chất
112250,MDA,ky-thuat-dia-chat,A00,Điểm học bạ,2024,18.0,Kỹ thuật địa chất
112251,MDA,ky-thuat-dia-chat,A01,Điểm học bạ,2024,18.0,Kỹ thuật địa chất
112252,MDA,ky-thuat-dia-chat,C04,Điểm học bạ,2024,18.0,Kỹ thuật địa chất
112253,MDA,ky-thuat-dia-chat,D01,Điểm học bạ,2024,18.0,Kỹ thuật địa chất
112254,MDA,ky-thuat-dia-chat,A00,Điểm thi THPT,2024,15.0,Kỹ thuật địa chất
112255,MDA,ky-thuat-dia-chat,A01,Điểm thi THPT,2024,15.0,Kỹ thuật địa chất
112256,MDA,ky-thuat-dia-chat,C04,Điểm thi THPT,2024,15.0,Kỹ thuật địa chất
112257,MDA,ky-thuat-dia-chat,D01,Điểm thi THPT,2024,15.0,Kỹ thuật địa chất
112258,MDA,ky-thuat-dia-chat,A00,Điểm học bạ,2025,18.0,Kỹ thuật địa chất
112259,MDA,ky-thuat-dia-chat,A01,Điểm học bạ,2025,18.0,Kỹ thuật địa chất
112260,MDA,ky-thuat-dia-chat,C01,Điểm học bạ,2025,18.0,Kỹ thuật địa chất
112261,MDA,ky-thuat-dia-chat,C02,Điểm học bạ,2025,18.0,Kỹ thuật địa chất
112262,MDA,ky-thuat-dia-chat,C04,Điểm học bạ,2025,18.0,Kỹ thuật địa chất
112263,MDA,ky-thuat-dia-chat,D01,Điểm học bạ,2025,18.0,Kỹ thuật địa chất
112264,MDA,ky-thuat-dia-chat,D07,Điểm học bạ,2025,18.0,Kỹ thuật địa chất
112265,MDA,ky-thuat-dia-chat,D10,Điểm học bạ,2025,18.0,Kỹ thuật địa chất
112266,MDA,ky-thuat-dia-chat,A00,Điểm thi THPT,2025,15.0,Kỹ thuật địa chất
112267,MDA,ky-thuat-dia-chat,A01,Điểm thi THPT,2025,15.0,Kỹ thuật địa chất
112268,MDA,ky-thuat-dia-chat,C01,Điểm thi THPT,2025,15.0,Kỹ thuật địa chất
112269,MDA,ky-thuat-dia-chat,C02,Điểm thi THPT,2025,15.0,Kỹ thuật địa chất
112270,MDA,ky-thuat-dia-chat,C04,Điểm thi THPT,2025,15.0,Kỹ thuật địa chất
112271,MDA,ky-thuat-dia-chat,D01,Điểm thi THPT,2025,15.0,Kỹ thuật địa chất
112272,MDA,ky-thuat-dia-chat,D07,Điểm thi THPT,2025,15.0,Kỹ thuật địa chất
112273,MDA,ky-thuat-dia-chat,D10,Điểm thi THPT,2025,15.0,Kỹ thuật địa chất
112274,MDA,ky-thuat-dia-vat-ly,A00,Điểm học bạ,2021,18.0,Kỹ thuật địa vật lý
112275,MDA,ky-thuat-dia-vat-ly,A01,Điểm học bạ,2021,18.0,Kỹ thuật địa vật lý
112276,MDA,ky-thuat-dia-vat-ly,A00,Điểm thi THPT,2021,16.0,Kỹ thuật địa vật lý
112277,MDA,ky-thuat-dia-vat-ly,A01,Điểm thi THPT,2021,16.0,Kỹ thuật địa vật lý
112278,MDA,ky-thuat-dia-vat-ly,A00,Điểm học bạ,2022,19.0,Kỹ thuật địa vật lý
112279,MDA,ky-thuat-dia-vat-ly,A01,Điểm học bạ,2022,19.0,Kỹ thuật địa vật lý
112280,MDA,ky-thuat-dia-vat-ly,A04,Điểm học bạ,2022,19.0,Kỹ thuật địa vật lý
112281,MDA,ky-thuat-dia-vat-ly,D07,Điểm học bạ,2022,19.0,Kỹ thuật địa vật lý
112282,MDA,ky-thuat-dia-vat-ly,A00,Điểm thi THPT,2022,18.0,Kỹ thuật địa vật lý
112283,MDA,ky-thuat-dia-vat-ly,A01,Điểm thi THPT,2022,18.0,Kỹ thuật địa vật lý
112284,MDA,ky-thuat-dia-vat-ly,A04,Điểm thi THPT,2022,18.0,Kỹ thuật địa vật lý
112285,MDA,ky-thuat-dia-vat-ly,D07,Điểm thi THPT,2022,18.0,Kỹ thuật địa vật lý
112286,MDA,ky-thuat-dia-vat-ly,A00,Điểm học bạ,2023,19.5,Kỹ thuật địa vật lý
112287,MDA,ky-thuat-dia-vat-ly,A01,Điểm học bạ,2023,19.5,Kỹ thuật địa vật lý
112288,MDA,ky-thuat-dia-vat-ly,A04,Điểm học bạ,2023,19.5,Kỹ thuật địa vật lý
112289,MDA,ky-thuat-dia-vat-ly,D07,Điểm học bạ,2023,19.5,Kỹ thuật địa vật lý
112290,MDA,ky-thuat-dia-vat-ly,A00,Điểm thi THPT,2023,18.0,Kỹ thuật Địa vật lý
112291,MDA,ky-thuat-dia-vat-ly,A01,Điểm thi THPT,2023,18.0,Kỹ thuật Địa vật lý
112292,MDA,ky-thuat-dia-vat-ly,A04,Điểm thi THPT,2023,18.0,Kỹ thuật Địa vật lý
112293,MDA,ky-thuat-dia-vat-ly,D07,Điểm thi THPT,2023,18.0,Kỹ thuật Địa vật lý
112294,MDA,ky-thuat-dia-vat-ly,A00,Điểm học bạ,2024,18.0,Kỹ thuật địa vật lý
112295,MDA,ky-thuat-dia-vat-ly,A01,Điểm học bạ,2024,18.0,Kỹ thuật địa vật lý
112296,MDA,ky-thuat-dia-vat-ly,A04,Điểm học bạ,2024,18.0,Kỹ thuật địa vật lý
112297,MDA,ky-thuat-dia-vat-ly,D07,Điểm học bạ,2024,18.0,Kỹ thuật địa vật lý
112298,MDA,ky-thuat-dia-vat-ly,A00,Điểm thi THPT,2024,16.0,Kỹ thuật địa vật lý
112299,MDA,ky-thuat-dia-vat-ly,A01,Điểm thi THPT,2024,16.0,Kỹ thuật địa vật lý
112300,MDA,ky-thuat-dia-vat-ly,A04,Điểm thi THPT,2024,16.0,Kỹ thuật địa vật lý
112301,MDA,ky-thuat-dia-vat-ly,D07,Điểm thi THPT,2024,16.0,Kỹ thuật địa vật lý
112302,MDA,ky-thuat-dia-vat-ly,A00,Điểm học bạ,2025,18.0,Kỹ thuật địa vật lý
112303,MDA,ky-thuat-dia-vat-ly,A01,Điểm học bạ,2025,18.0,Kỹ thuật địa vật lý
112304,MDA,ky-thuat-dia-vat-ly,A04,Điểm học bạ,2025,18.0,Kỹ thuật địa vật lý
112305,MDA,ky-thuat-dia-vat-ly,A06,Điểm học bạ,2025,18.0,Kỹ thuật địa vật lý
112306,MDA,ky-thuat-dia-vat-ly,B00,Điểm học bạ,2025,18.0,Kỹ thuật địa vật lý
112307,MDA,ky-thuat-dia-vat-ly,B02,Điểm học bạ,2025,18.0,Kỹ thuật địa vật lý
112308,MDA,ky-thuat-dia-vat-ly,B08,Điểm học bạ,2025,18.0,Kỹ thuật địa vật lý
112309,MDA,ky-thuat-dia-vat-ly,D07,Điểm học bạ,2025,18.0,Kỹ thuật địa vật lý
112310,MDA,ky-thuat-dia-vat-ly,A00,Điểm thi THPT,2025,15.0,Kỹ thuật địa vật lý
112311,MDA,ky-thuat-dia-vat-ly,A01,Điểm thi THPT,2025,15.0,Kỹ thuật địa vật lý
112312,MDA,ky-thuat-dia-vat-ly,A04,Điểm thi THPT,2025,15.0,Kỹ thuật địa vật lý
112313,MDA,ky-thuat-dia-vat-ly,A06,Điểm thi THPT,2025,15.0,Kỹ thuật địa vật lý
112314,MDA,ky-thuat-dia-vat-ly,B00,Điểm thi THPT,2025,15.0,Kỹ thuật địa vật lý
112315,MDA,ky-thuat-dia-vat-ly,B02,Điểm thi THPT,2025,15.0,Kỹ thuật địa vật lý
112316,MDA,ky-thuat-dia-vat-ly,B08,Điểm thi THPT,2025,15.0,Kỹ thuật địa vật lý
112317,MDA,ky-thuat-dia-vat-ly,D07,Điểm thi THPT,2025,15.0,Kỹ thuật địa vật lý
112318,MDA,ky-thuat-dien,A00,Điểm học bạ,2021,20.6,Kỹ thuật điện
112319,MDA,ky-thuat-dien,A01,Điểm học bạ,2021,20.6,Kỹ thuật điện
112320,MDA,ky-thuat-dien,C01,Điểm học bạ,2021,20.6,Kỹ thuật điện
112321,MDA,ky-thuat-dien,D07,Điểm học bạ,2021,20.6,Kỹ thuật điện
112322,MDA,ky-thuat-dien,A00,Điểm thi THPT,2021,17.5,Kỹ thuật điện
112323,MDA,ky-thuat-dien,A01,Điểm thi THPT,2021,17.5,Kỹ thuật điện
112324,MDA,ky-thuat-dien,C01,Điểm thi THPT,2021,17.5,Kỹ thuật điện
112325,MDA,ky-thuat-dien,D07,Điểm thi THPT,2021,17.5,Kỹ thuật điện
112326,MDA,ky-thuat-dien,A00,Điểm học bạ,2022,23.99,Kỹ thuật điện
112327,MDA,ky-thuat-dien,A01,Điểm học bạ,2022,23.99,Kỹ thuật điện
112328,MDA,ky-thuat-dien,C01,Điểm học bạ,2022,23.99,Kỹ thuật điện
112329,MDA,ky-thuat-dien,A00,Điểm thi THPT,2022,18.0,Kỹ thuật điện
112330,MDA,ky-thuat-dien,A01,Điểm thi THPT,2022,18.0,Kỹ thuật điện
112331,MDA,ky-thuat-dien,C01,Điểm thi THPT,2022,18.0,Kỹ thuật điện
112332,MDA,ky-thuat-dien,A00,Điểm học bạ,2023,24.0,Kỹ thuật điện
112333,MDA,ky-thuat-dien,A01,Điểm học bạ,2023,24.0,Kỹ thuật điện
112334,MDA,ky-thuat-dien,C01,Điểm học bạ,2023,24.0,Kỹ thuật điện
112335,MDA,ky-thuat-dien,D01,Điểm học bạ,2023,24.0,Kỹ thuật điện
112336,MDA,ky-thuat-dien,A00,Điểm thi THPT,2023,20.25,Kỹ thuật điện
112337,MDA,ky-thuat-dien,A01,Điểm thi THPT,2023,20.25,Kỹ thuật điện
112338,MDA,ky-thuat-dien,C01,Điểm thi THPT,2023,20.25,Kỹ thuật điện
112339,MDA,ky-thuat-dien,D01,Điểm thi THPT,2023,20.25,Kỹ thuật điện
112340,MDA,ky-thuat-dien,A00,Điểm học bạ,2024,25.5,Kỹ thuật điện
112341,MDA,ky-thuat-dien,A01,Điểm học bạ,2024,25.5,Kỹ thuật điện
112342,MDA,ky-thuat-dien,C01,Điểm học bạ,2024,25.5,Kỹ thuật điện
112343,MDA,ky-thuat-dien,D01,Điểm học bạ,2024,25.5,Kỹ thuật điện
112344,MDA,ky-thuat-dien,A00,Điểm thi THPT,2024,22.25,Kỹ thuật điện
112345,MDA,ky-thuat-dien,A01,Điểm thi THPT,2024,22.25,Kỹ thuật điện
112346,MDA,ky-thuat-dien,C01,Điểm thi THPT,2024,22.25,Kỹ thuật điện
112347,MDA,ky-thuat-dien,D01,Điểm thi THPT,2024,22.25,Kỹ thuật điện
112348,MDA,ky-thuat-dien,A00,Điểm học bạ,2025,23.2,Kỹ thuật điện
112349,MDA,ky-thuat-dien,A01,Điểm học bạ,2025,23.2,Kỹ thuật điện
112350,MDA,ky-thuat-dien,C01,Điểm học bạ,2025,23.2,Kỹ thuật điện
112351,MDA,ky-thuat-dien,D01,Điểm học bạ,2025,23.2,Kỹ thuật điện
112352,MDA,ky-thuat-dien,X06,Điểm học bạ,2025,23.2,Kỹ thuật điện
112353,MDA,ky-thuat-dien,A00,Điểm thi THPT,2025,21.5,Kỹ thuật điện
112354,MDA,ky-thuat-dien,A01,Điểm thi THPT,2025,21.5,Kỹ thuật điện
112355,MDA,ky-thuat-dien,C01,Điểm thi THPT,2025,21.5,Kỹ thuật điện
112356,MDA,ky-thuat-dien,D01,Điểm thi THPT,2025,21.5,Kỹ thuật điện
112357,MDA,ky-thuat-dien,X06,Điểm thi THPT,2025,21.5,Kỹ thuật điện
112358,MDA,ky-thuat-dieu-khien-va-tu-dong-hoa,A00,Điểm học bạ,2021,24.26,Kỹ thuật điều khiển và tự động hoá
112359,MDA,ky-thuat-dieu-khien-va-tu-dong-hoa,A01,Điểm học bạ,2021,24.26,Kỹ thuật điều khiển và tự động hoá
112360,MDA,ky-thuat-dieu-khien-va-tu-dong-hoa,C01,Điểm học bạ,2021,24.26,Kỹ thuật điều khiển và tự động hoá
112361,MDA,ky-thuat-dieu-khien-va-tu-dong-hoa,D07,Điểm học bạ,2021,24.26,Kỹ thuật điều khiển và tự động hoá
112362,MDA,ky-thuat-dieu-khien-va-tu-dong-hoa,A00,Điểm thi THPT,2021,20.0,Kỹ thuật điều khiển và tự động hoá
112363,MDA,ky-thuat-dieu-khien-va-tu-dong-hoa,A01,Điểm thi THPT,2021,20.0,Kỹ thuật điều khiển và tự động hoá
112364,MDA,ky-thuat-dieu-khien-va-tu-dong-hoa,C01,Điểm thi THPT,2021,20.0,Kỹ thuật điều khiển và tự động hoá
112365,MDA,ky-thuat-dieu-khien-va-tu-dong-hoa,D07,Điểm thi THPT,2021,20.0,Kỹ thuật điều khiển và tự động hoá
112366,MDA,ky-thuat-dieu-khien-va-tu-dong-hoa,A00,Điểm học bạ,2022,27.89,Kỹ thuật điều khiển và tự động hóa
112367,MDA,ky-thuat-dieu-khien-va-tu-dong-hoa,A01,Điểm học bạ,2022,27.89,Kỹ thuật điều khiển và tự động hóa
112368,MDA,ky-thuat-dieu-khien-va-tu-dong-hoa,C01,Điểm học bạ,2022,27.89,Kỹ thuật điều khiển và tự động hóa
112369,MDA,ky-thuat-dieu-khien-va-tu-dong-hoa,A00,Điểm thi THPT,2022,22.0,Kỹ thuật điều khiển và tự động hóa
112370,MDA,ky-thuat-dieu-khien-va-tu-dong-hoa,A01,Điểm thi THPT,2022,22.0,Kỹ thuật điều khiển và tự động hóa
112371,MDA,ky-thuat-dieu-khien-va-tu-dong-hoa,C01,Điểm thi THPT,2022,22.0,Kỹ thuật điều khiển và tự động hóa
112372,MDA,ky-thuat-dieu-khien-va-tu-dong-hoa,A00,Điểm học bạ,2023,26.85,Kỹ thuật điều khiển và tự động hóa
112373,MDA,ky-thuat-dieu-khien-va-tu-dong-hoa,A01,Điểm học bạ,2023,26.85,Kỹ thuật điều khiển và tự động hóa
112374,MDA,ky-thuat-dieu-khien-va-tu-dong-hoa,C01,Điểm học bạ,2023,26.85,Kỹ thuật điều khiển và tự động hóa
112375,MDA,ky-thuat-dieu-khien-va-tu-dong-hoa,D01,Điểm học bạ,2023,26.85,Kỹ thuật điều khiển và tự động hóa
112376,MDA,ky-thuat-dieu-khien-va-tu-dong-hoa,A00,Điểm thi THPT,2023,23.5,Kỹ thuật điều khiển và tự động hoá
112377,MDA,ky-thuat-dieu-khien-va-tu-dong-hoa,A01,Điểm thi THPT,2023,23.5,Kỹ thuật điều khiển và tự động hoá
112378,MDA,ky-thuat-dieu-khien-va-tu-dong-hoa,C01,Điểm thi THPT,2023,23.5,Kỹ thuật điều khiển và tự động hoá
112379,MDA,ky-thuat-dieu-khien-va-tu-dong-hoa,D01,Điểm thi THPT,2023,23.5,Kỹ thuật điều khiển và tự động hoá
112380,MDA,ky-thuat-dieu-khien-va-tu-dong-hoa,A00,Điểm học bạ,2024,27.2,Kỹ thuật điều khiển và tự động hoá
112381,MDA,ky-thuat-dieu-khien-va-tu-dong-hoa,A01,Điểm học bạ,2024,27.2,Kỹ thuật điều khiển và tự động hoá
112382,MDA,ky-thuat-dieu-khien-va-tu-dong-hoa,C01,Điểm học bạ,2024,27.2,Kỹ thuật điều khiển và tự động hoá
112383,MDA,ky-thuat-dieu-khien-va-tu-dong-hoa,D01,Điểm học bạ,2024,27.2,Kỹ thuật điều khiển và tự động hoá
112384,MDA,ky-thuat-dieu-khien-va-tu-dong-hoa,A00,Điểm thi THPT,2024,24.5,Kỹ thuật điều khiển và tự động hoá
112385,MDA,ky-thuat-dieu-khien-va-tu-dong-hoa,A01,Điểm thi THPT,2024,24.5,Kỹ thuật điều khiển và tự động hoá
112386,MDA,ky-thuat-dieu-khien-va-tu-dong-hoa,C01,Điểm thi THPT,2024,24.5,Kỹ thuật điều khiển và tự động hoá
112387,MDA,ky-thuat-dieu-khien-va-tu-dong-hoa,D01,Điểm thi THPT,2024,24.5,Kỹ thuật điều khiển và tự động hoá
112388,MDA,ky-thuat-dieu-khien-va-tu-dong-hoa,A00,Điểm học bạ,2025,26.2,Kỹ thuật điều khiển và tự động hoá
112389,MDA,ky-thuat-dieu-khien-va-tu-dong-hoa,A01,Điểm học bạ,2025,26.2,Kỹ thuật điều khiển và tự động hoá
112390,MDA,ky-thuat-dieu-khien-va-tu-dong-hoa,C01,Điểm học bạ,2025,26.2,Kỹ thuật điều khiển và tự động hoá
112391,MDA,ky-thuat-dieu-khien-va-tu-dong-hoa,D01,Điểm học bạ,2025,26.2,Kỹ thuật điều khiển và tự động hoá
112392,MDA,ky-thuat-dieu-khien-va-tu-dong-hoa,X06,Điểm học bạ,2025,26.2,Kỹ thuật điều khiển và tự động hoá
112393,MDA,ky-thuat-dieu-khien-va-tu-dong-hoa,A00,Điểm thi THPT,2025,25.25,Kỹ thuật điều khiển và tự động hoá
112394,MDA,ky-thuat-dieu-khien-va-tu-dong-hoa,A01,Điểm thi THPT,2025,25.25,Kỹ thuật điều khiển và tự động hoá
112395,MDA,ky-thuat-dieu-khien-va-tu-dong-hoa,C01,Điểm thi THPT,2025,25.25,Kỹ thuật điều khiển và tự động hoá
112396,MDA,ky-thuat-dieu-khien-va-tu-dong-hoa,D01,Điểm thi THPT,2025,25.25,Kỹ thuật điều khiển và tự động hoá
112397,MDA,ky-thuat-dieu-khien-va-tu-dong-hoa,X06,Điểm thi THPT,2025,25.25,Kỹ thuật điều khiển và tự động hoá
112398,MDA,ky-thuat-hoa-hoc,A00,Điểm học bạ,2021,18.0,Kỹ thuật hoá học (Chương trình tiên tiến)
112399,MDA,ky-thuat-hoa-hoc,A01,Điểm học bạ,2021,18.0,Kỹ thuật hoá học (Chương trình tiên tiến)
112400,MDA,ky-thuat-hoa-hoc,B00,Điểm học bạ,2021,18.0,Kỹ thuật hoá học (Chương trình tiên tiến)
112401,MDA,ky-thuat-hoa-hoc,D07,Điểm học bạ,2021,18.0,Kỹ thuật hoá học (Chương trình tiên tiến)
112402,MDA,ky-thuat-hoa-hoc,A00,Điểm thi THPT,2021,19.0,Kỹ thuật hoá học (Chương trình tiên tiến)
112403,MDA,ky-thuat-hoa-hoc,A01,Điểm thi THPT,2021,19.0,Kỹ thuật hoá học (Chương trình tiên tiến)
112404,MDA,ky-thuat-hoa-hoc,B00,Điểm thi THPT,2021,19.0,Kỹ thuật hoá học (Chương trình tiên tiến)
112405,MDA,ky-thuat-hoa-hoc,D07,Điểm thi THPT,2021,19.0,Kỹ thuật hoá học (Chương trình tiên tiến)
112406,MDA,ky-thuat-hoa-hoc,A00,Điểm học bạ,2022,22.0,Kỹ thuật hóa học (Chương trình tiên tiến)
112407,MDA,ky-thuat-hoa-hoc,A01,Điểm học bạ,2022,22.0,Kỹ thuật hóa học (Chương trình tiên tiến)
112408,MDA,ky-thuat-hoa-hoc,B00,Điểm học bạ,2022,22.0,Kỹ thuật hóa học (Chương trình tiên tiến)
112409,MDA,ky-thuat-hoa-hoc,D07,Điểm học bạ,2022,22.0,Kỹ thuật hóa học (Chương trình tiên tiến)
112410,MDA,ky-thuat-hoa-hoc,A00,Điểm thi THPT,2022,19.5,Kỹ thuật hóa học (Chương trình tiên tiến)
112411,MDA,ky-thuat-hoa-hoc,A01,Điểm thi THPT,2022,19.5,Kỹ thuật hóa học (Chương trình tiên tiến)
112412,MDA,ky-thuat-hoa-hoc,B00,Điểm thi THPT,2022,19.5,Kỹ thuật hóa học (Chương trình tiên tiến)
112413,MDA,ky-thuat-hoa-hoc,D07,Điểm thi THPT,2022,19.5,Kỹ thuật hóa học (Chương trình tiên tiến)
112414,MDA,ky-thuat-hoa-hoc,A00,Điểm học bạ,2023,20.5,Kỹ thuật hóa học (Chương trình tiên tiến)
112415,MDA,ky-thuat-hoa-hoc,A01,Điểm học bạ,2023,20.5,Kỹ thuật hóa học (Chương trình tiên tiến)
112416,MDA,ky-thuat-hoa-hoc,B00,Điểm học bạ,2023,20.5,Kỹ thuật hóa học (Chương trình tiên tiến)
112417,MDA,ky-thuat-hoa-hoc,D07,Điểm học bạ,2023,20.5,Kỹ thuật hóa học (Chương trình tiên tiến)
112418,MDA,ky-thuat-hoa-hoc,A00,Điểm thi THPT,2023,19.0,Kỹ thuật hoá học (Chương trình tiên tiến)
112419,MDA,ky-thuat-hoa-hoc,A01,Điểm thi THPT,2023,19.0,Kỹ thuật hoá học (Chương trình tiên tiến)
112420,MDA,ky-thuat-hoa-hoc,B00,Điểm thi THPT,2023,19.0,Kỹ thuật hoá học (Chương trình tiên tiến)
112421,MDA,ky-thuat-hoa-hoc,D07,Điểm thi THPT,2023,19.0,Kỹ thuật hoá học (Chương trình tiên tiến)
112422,MDA,ky-thuat-hoa-hoc,A00,Điểm học bạ,2024,22.5,Kỹ thuật hoá học Chương trình tiên tiến
112423,MDA,ky-thuat-hoa-hoc,A01,Điểm học bạ,2024,22.5,Kỹ thuật hoá học Chương trình tiên tiến
112424,MDA,ky-thuat-hoa-hoc,B00,Điểm học bạ,2024,22.5,Kỹ thuật hoá học Chương trình tiên tiến
112425,MDA,ky-thuat-hoa-hoc,D07,Điểm học bạ,2024,22.5,Kỹ thuật hoá học Chương trình tiên tiến
112426,MDA,ky-thuat-hoa-hoc,A00,Điểm thi THPT,2024,19.0,Kỹ thuật hoá học Chương trình tiên tiến
112427,MDA,ky-thuat-hoa-hoc,A01,Điểm thi THPT,2024,19.0,Kỹ thuật hoá học Chương trình tiên tiến
112428,MDA,ky-thuat-hoa-hoc,B00,Điểm thi THPT,2024,19.0,Kỹ thuật hoá học Chương trình tiên tiến
112429,MDA,ky-thuat-hoa-hoc,D07,Điểm thi THPT,2024,19.0,Kỹ thuật hoá học Chương trình tiên tiến
112430,MDA,ky-thuat-hoa-hoc,A00,Điểm học bạ,2025,21.2,Kỹ thuật hoá học
112431,MDA,ky-thuat-hoa-hoc,A01,Điểm học bạ,2025,21.2,Kỹ thuật hoá học
112432,MDA,ky-thuat-hoa-hoc,A02,Điểm học bạ,2025,21.2,Kỹ thuật hoá học
112433,MDA,ky-thuat-hoa-hoc,A05,Điểm học bạ,2025,21.2,Kỹ thuật hoá học
112434,MDA,ky-thuat-hoa-hoc,A06,Điểm học bạ,2025,21.2,Kỹ thuật hoá học
112435,MDA,ky-thuat-hoa-hoc,B00,Điểm học bạ,2025,21.2,Kỹ thuật hoá học
112436,MDA,ky-thuat-hoa-hoc,C02,Điểm học bạ,2025,21.2,Kỹ thuật hoá học
112437,MDA,ky-thuat-hoa-hoc,D07,Điểm học bạ,2025,21.2,Kỹ thuật hoá học
112438,MDA,ky-thuat-hoa-hoc,A00,Điểm thi THPT,2025,19.0,Kỹ thuật hoá học
112439,MDA,ky-thuat-hoa-hoc,A01,Điểm thi THPT,2025,19.0,Kỹ thuật hoá học
112440,MDA,ky-thuat-hoa-hoc,A02,Điểm thi THPT,2025,19.0,Kỹ thuật hoá học
112441,MDA,ky-thuat-hoa-hoc,A05,Điểm thi THPT,2025,19.0,Kỹ thuật hoá học
112442,MDA,ky-thuat-hoa-hoc,A06,Điểm thi THPT,2025,19.0,Kỹ thuật hoá học
112443,MDA,ky-thuat-hoa-hoc,B00,Điểm thi THPT,2025,19.0,Kỹ thuật hoá học
112444,MDA,ky-thuat-hoa-hoc,C02,Điểm thi THPT,2025,19.0,Kỹ thuật hoá học
112445,MDA,ky-thuat-hoa-hoc,D07,Điểm thi THPT,2025,19.0,Kỹ thuật hoá học
112446,MDA,ky-thuat-khi-thien-nhien,A00,Điểm học bạ,2022,20.5,Kỹ thuật khí thiên nhiên
112447,MDA,ky-thuat-khi-thien-nhien,A01,Điểm học bạ,2022,20.5,Kỹ thuật khí thiên nhiên
112448,MDA,ky-thuat-khi-thien-nhien,D01,Điểm học bạ,2022,20.5,Kỹ thuật khí thiên nhiên
112449,MDA,ky-thuat-khi-thien-nhien,D07,Điểm học bạ,2022,20.5,Kỹ thuật khí thiên nhiên
112450,MDA,ky-thuat-khi-thien-nhien,A00,Điểm thi THPT,2022,18.0,Kỹ thuật khí thiên nhiên
112451,MDA,ky-thuat-khi-thien-nhien,A01,Điểm thi THPT,2022,18.0,Kỹ thuật khí thiên nhiên
112452,MDA,ky-thuat-khi-thien-nhien,D01,Điểm thi THPT,2022,18.0,Kỹ thuật khí thiên nhiên
112453,MDA,ky-thuat-khi-thien-nhien,D07,Điểm thi THPT,2022,18.0,Kỹ thuật khí thiên nhiên
112454,MDA,ky-thuat-khi-thien-nhien,A00,Điểm học bạ,2023,19.5,Kỹ thuật khí thiên nhiên
112455,MDA,ky-thuat-khi-thien-nhien,A01,Điểm học bạ,2023,19.5,Kỹ thuật khí thiên nhiên
112456,MDA,ky-thuat-khi-thien-nhien,D01,Điểm học bạ,2023,19.5,Kỹ thuật khí thiên nhiên
112457,MDA,ky-thuat-khi-thien-nhien,D07,Điểm học bạ,2023,19.5,Kỹ thuật khí thiên nhiên
112458,MDA,ky-thuat-khi-thien-nhien,A00,Điểm thi THPT,2023,18.0,Kỹ thuật khí thiên nhiên
112459,MDA,ky-thuat-khi-thien-nhien,A01,Điểm thi THPT,2023,18.0,Kỹ thuật khí thiên nhiên
112460,MDA,ky-thuat-khi-thien-nhien,D01,Điểm thi THPT,2023,18.0,Kỹ thuật khí thiên nhiên
112461,MDA,ky-thuat-khi-thien-nhien,D07,Điểm thi THPT,2023,18.0,Kỹ thuật khí thiên nhiên
112462,MDA,ky-thuat-khi-thien-nhien,A00,Điểm học bạ,2024,19.5,Kỹ thuật khí thiên nhiên
112463,MDA,ky-thuat-khi-thien-nhien,A01,Điểm học bạ,2024,19.5,Kỹ thuật khí thiên nhiên
112464,MDA,ky-thuat-khi-thien-nhien,D01,Điểm học bạ,2024,19.5,Kỹ thuật khí thiên nhiên
112465,MDA,ky-thuat-khi-thien-nhien,D07,Điểm học bạ,2024,19.5,Kỹ thuật khí thiên nhiên
112466,MDA,ky-thuat-khi-thien-nhien,A00,Điểm thi THPT,2024,16.0,Kỹ thuật khí thiên nhiên
112467,MDA,ky-thuat-khi-thien-nhien,A01,Điểm thi THPT,2024,16.0,Kỹ thuật khí thiên nhiên
112468,MDA,ky-thuat-khi-thien-nhien,D01,Điểm thi THPT,2024,16.0,Kỹ thuật khí thiên nhiên
112469,MDA,ky-thuat-khi-thien-nhien,D07,Điểm thi THPT,2024,16.0,Kỹ thuật khí thiên nhiên
112470,MDA,ky-thuat-khi-thien-nhien,A00,Điểm học bạ,2025,18.8,Kỹ thuật khí thiên nhiên
112471,MDA,ky-thuat-khi-thien-nhien,A01,Điểm học bạ,2025,18.8,Kỹ thuật khí thiên nhiên
112472,MDA,ky-thuat-khi-thien-nhien,B00,Điểm học bạ,2025,18.8,Kỹ thuật khí thiên nhiên
112473,MDA,ky-thuat-khi-thien-nhien,B02,Điểm học bạ,2025,18.8,Kỹ thuật khí thiên nhiên
112474,MDA,ky-thuat-khi-thien-nhien,B08,Điểm học bạ,2025,18.8,Kỹ thuật khí thiên nhiên
112475,MDA,ky-thuat-khi-thien-nhien,C02,Điểm học bạ,2025,18.8,Kỹ thuật khí thiên nhiên
112476,MDA,ky-thuat-khi-thien-nhien,D01,Điểm học bạ,2025,18.8,Kỹ thuật khí thiên nhiên
112477,MDA,ky-thuat-khi-thien-nhien,D07,Điểm học bạ,2025,18.8,Kỹ thuật khí thiên nhiên
112478,MDA,ky-thuat-khi-thien-nhien,A00,Điểm thi THPT,2025,16.0,Kỹ thuật khí thiên nhiên
112479,MDA,ky-thuat-khi-thien-nhien,A01,Điểm thi THPT,2025,16.0,Kỹ thuật khí thiên nhiên
112480,MDA,ky-thuat-khi-thien-nhien,B00,Điểm thi THPT,2025,16.0,Kỹ thuật khí thiên nhiên
112481,MDA,ky-thuat-khi-thien-nhien,B02,Điểm thi THPT,2025,16.0,Kỹ thuật khí thiên nhiên
112482,MDA,ky-thuat-khi-thien-nhien,B08,Điểm thi THPT,2025,16.0,Kỹ thuật khí thiên nhiên
112483,MDA,ky-thuat-khi-thien-nhien,C02,Điểm thi THPT,2025,16.0,Kỹ thuật khí thiên nhiên
112484,MDA,ky-thuat-khi-thien-nhien,D01,Điểm thi THPT,2025,16.0,Kỹ thuật khí thiên nhiên
112485,MDA,ky-thuat-khi-thien-nhien,D07,Điểm thi THPT,2025,16.0,Kỹ thuật khí thiên nhiên
112486,MDA,ky-thuat-khong-gian,A01,Điểm học bạ,2025,18.0,Kỹ thuật không gian
112487,MDA,ky-thuat-khong-gian,A04,Điểm học bạ,2025,18.0,Kỹ thuật không gian
112488,MDA,ky-thuat-khong-gian,A09,Điểm học bạ,2025,18.0,Kỹ thuật không gian
112489,MDA,ky-thuat-khong-gian,B02,Điểm học bạ,2025,18.0,Kỹ thuật không gian
112490,MDA,ky-thuat-khong-gian,C04,Điểm học bạ,2025,18.0,Kỹ thuật không gian
112491,MDA,ky-thuat-khong-gian,D01,Điểm học bạ,2025,18.0,Kỹ thuật không gian
112492,MDA,ky-thuat-khong-gian,D10,Điểm học bạ,2025,18.0,Kỹ thuật không gian
112493,MDA,ky-thuat-khong-gian,D84,Điểm học bạ,2025,18.0,Kỹ thuật không gian
112494,MDA,ky-thuat-khong-gian,A01,Điểm thi THPT,2025,15.0,Kỹ thuật không gian
112495,MDA,ky-thuat-khong-gian,A04,Điểm thi THPT,2025,15.0,Kỹ thuật không gian
112496,MDA,ky-thuat-khong-gian,A09,Điểm thi THPT,2025,15.0,Kỹ thuật không gian
112497,MDA,ky-thuat-khong-gian,B02,Điểm thi THPT,2025,15.0,Kỹ thuật không gian
112498,MDA,ky-thuat-khong-gian,C04,Điểm thi THPT,2025,15.0,Kỹ thuật không gian
112499,MDA,ky-thuat-khong-gian,D01,Điểm thi THPT,2025,15.0,Kỹ thuật không gian
112500,MDA,ky-thuat-khong-gian,D10,Điểm thi THPT,2025,15.0,Kỹ thuật không gian
112501,MDA,ky-thuat-khong-gian,D84,Điểm thi THPT,2025,15.0,Kỹ thuật không gian
112502,MDA,ky-thuat-mo,A00,Điểm học bạ,2021,18.0,Kỹ thuật mỏ
112503,MDA,ky-thuat-mo,A01,Điểm học bạ,2021,18.0,Kỹ thuật mỏ
112504,MDA,ky-thuat-mo,C01,Điểm học bạ,2021,18.0,Kỹ thuật mỏ
112505,MDA,ky-thuat-mo,D01,Điểm học bạ,2021,18.0,Kỹ thuật mỏ
112506,MDA,ky-thuat-mo,A00,Điểm thi THPT,2021,15.0,Kỹ thuật mỏ
112507,MDA,ky-thuat-mo,A01,Điểm thi THPT,2021,15.0,Kỹ thuật mỏ
112508,MDA,ky-thuat-mo,C01,Điểm thi THPT,2021,15.0,Kỹ thuật mỏ
112509,MDA,ky-thuat-mo,D01,Điểm thi THPT,2021,15.0,Kỹ thuật mỏ
112510,MDA,ky-thuat-mo,A00,Điểm học bạ,2022,18.0,Kỹ thuật mỏ
112511,MDA,ky-thuat-mo,A01,Điểm học bạ,2022,18.0,Kỹ thuật mỏ
112512,MDA,ky-thuat-mo,C01,Điểm học bạ,2022,18.0,Kỹ thuật mỏ
112513,MDA,ky-thuat-mo,D01,Điểm học bạ,2022,18.0,Kỹ thuật mỏ
112514,MDA,ky-thuat-mo,A00,Điểm thi THPT,2022,16.0,Kỹ thuật mỏ
112515,MDA,ky-thuat-mo,A01,Điểm thi THPT,2022,16.0,Kỹ thuật mỏ
112516,MDA,ky-thuat-mo,C01,Điểm thi THPT,2022,16.0,Kỹ thuật mỏ
112517,MDA,ky-thuat-mo,D01,Điểm thi THPT,2022,16.0,Kỹ thuật mỏ
112518,MDA,ky-thuat-mo,A00,Điểm học bạ,2023,18.0,Kỹ thuật mỏ
112519,MDA,ky-thuat-mo,A01,Điểm học bạ,2023,18.0,Kỹ thuật mỏ
112520,MDA,ky-thuat-mo,C01,Điểm học bạ,2023,18.0,Kỹ thuật mỏ
112521,MDA,ky-thuat-mo,D01,Điểm học bạ,2023,18.0,Kỹ thuật mỏ
112522,MDA,ky-thuat-mo,A00,Điểm thi THPT,2023,17.0,Kỹ Thuật Mỏ
112523,MDA,ky-thuat-mo,A01,Điểm thi THPT,2023,17.0,Kỹ Thuật Mỏ
112524,MDA,ky-thuat-mo,C01,Điểm thi THPT,2023,17.0,Kỹ Thuật Mỏ
112525,MDA,ky-thuat-mo,D01,Điểm thi THPT,2023,17.0,Kỹ Thuật Mỏ
112526,MDA,ky-thuat-mo,A00,Điểm học bạ,2024,20.0,Kỹ thuật mỏ
112527,MDA,ky-thuat-mo,A01,Điểm học bạ,2024,20.0,Kỹ thuật mỏ
112528,MDA,ky-thuat-mo,C01,Điểm học bạ,2024,20.0,Kỹ thuật mỏ
112529,MDA,ky-thuat-mo,D01,Điểm học bạ,2024,20.0,Kỹ thuật mỏ
112530,MDA,ky-thuat-mo,A00,Điểm thi THPT,2024,17.0,Kỹ thuật mỏ
112531,MDA,ky-thuat-mo,A01,Điểm thi THPT,2024,17.0,Kỹ thuật mỏ
112532,MDA,ky-thuat-mo,C01,Điểm thi THPT,2024,17.0,Kỹ thuật mỏ
112533,MDA,ky-thuat-mo,D01,Điểm thi THPT,2024,17.0,Kỹ thuật mỏ
112534,MDA,ky-thuat-mo,A00,Điểm học bạ,2025,19.6,Kỹ thuật mỏ
112535,MDA,ky-thuat-mo,A01,Điểm học bạ,2025,19.6,Kỹ thuật mỏ
112536,MDA,ky-thuat-mo,B03,Điểm học bạ,2025,19.6,Kỹ thuật mỏ
112537,MDA,ky-thuat-mo,C02,Điểm học bạ,2025,19.6,Kỹ thuật mỏ
112538,MDA,ky-thuat-mo,C03,Điểm học bạ,2025,19.6,Kỹ thuật mỏ
112539,MDA,ky-thuat-mo,C04,Điểm học bạ,2025,19.6,Kỹ thuật mỏ
112540,MDA,ky-thuat-mo,D01,Điểm học bạ,2025,19.6,Kỹ thuật mỏ
112541,MDA,ky-thuat-mo,D10,Điểm học bạ,2025,19.6,Kỹ thuật mỏ
112542,MDA,ky-thuat-mo,A00,Điểm thi THPT,2025,17.0,Kỹ thuật mỏ
112543,MDA,ky-thuat-mo,A01,Điểm thi THPT,2025,17.0,Kỹ thuật mỏ
112544,MDA,ky-thuat-mo,B03,Điểm thi THPT,2025,17.0,Kỹ thuật mỏ
112545,MDA,ky-thuat-mo,C02,Điểm thi THPT,2025,17.0,Kỹ thuật mỏ
112546,MDA,ky-thuat-mo,C03,Điểm thi THPT,2025,17.0,Kỹ thuật mỏ
112547,MDA,ky-thuat-mo,C04,Điểm thi THPT,2025,17.0,Kỹ thuật mỏ
112548,MDA,ky-thuat-mo,D01,Điểm thi THPT,2025,17.0,Kỹ thuật mỏ
112549,MDA,ky-thuat-mo,D10,Điểm thi THPT,2025,17.0,Kỹ thuật mỏ
112550,MDA,ky-thuat-moi-truong,A00,Điểm học bạ,2021,18.0,Kỹ thuật môi trường
112551,MDA,ky-thuat-moi-truong,A01,Điểm học bạ,2021,18.0,Kỹ thuật môi trường
112552,MDA,ky-thuat-moi-truong,B00,Điểm học bạ,2021,18.0,Kỹ thuật môi trường
112553,MDA,ky-thuat-moi-truong,D01,Điểm học bạ,2021,18.0,Kỹ thuật môi trường
112554,MDA,ky-thuat-moi-truong,A00,Điểm thi THPT,2021,15.0,Kỹ thuật môi trường
112555,MDA,ky-thuat-moi-truong,A01,Điểm thi THPT,2021,15.0,Kỹ thuật môi trường
112556,MDA,ky-thuat-moi-truong,B00,Điểm thi THPT,2021,15.0,Kỹ thuật môi trường
112557,MDA,ky-thuat-moi-truong,D01,Điểm thi THPT,2021,15.0,Kỹ thuật môi trường
112558,MDA,ky-thuat-moi-truong,A00,Điểm học bạ,2022,18.0,Kỹ thuật môi trường
112559,MDA,ky-thuat-moi-truong,A01,Điểm học bạ,2022,18.0,Kỹ thuật môi trường
112560,MDA,ky-thuat-moi-truong,B00,Điểm học bạ,2022,18.0,Kỹ thuật môi trường
112561,MDA,ky-thuat-moi-truong,D01,Điểm học bạ,2022,18.0,Kỹ thuật môi trường
112562,MDA,ky-thuat-moi-truong,A00,Điểm thi THPT,2022,15.0,Kỹ thuật môi trường
112563,MDA,ky-thuat-moi-truong,A01,Điểm thi THPT,2022,15.0,Kỹ thuật môi trường
112564,MDA,ky-thuat-moi-truong,B00,Điểm thi THPT,2022,15.0,Kỹ thuật môi trường
112565,MDA,ky-thuat-moi-truong,D01,Điểm thi THPT,2022,15.0,Kỹ thuật môi trường
112566,MDA,ky-thuat-moi-truong,A00,Điểm học bạ,2023,20.0,Kỹ thuật môi trường
112567,MDA,ky-thuat-moi-truong,B00,Điểm học bạ,2023,20.0,Kỹ thuật môi trường
112568,MDA,ky-thuat-moi-truong,C04,Điểm học bạ,2023,20.0,Kỹ thuật môi trường
112569,MDA,ky-thuat-moi-truong,D01,Điểm học bạ,2023,20.0,Kỹ thuật môi trường
112570,MDA,ky-thuat-moi-truong,A00,Điểm thi THPT,2023,15.5,Kỹ thuật môi trường
112571,MDA,ky-thuat-moi-truong,B00,Điểm thi THPT,2023,15.5,Kỹ thuật môi trường
112572,MDA,ky-thuat-moi-truong,C04,Điểm thi THPT,2023,15.5,Kỹ thuật môi trường
112573,MDA,ky-thuat-moi-truong,D01,Điểm thi THPT,2023,15.5,Kỹ thuật môi trường
112574,MDA,ky-thuat-moi-truong,A00,Điểm học bạ,2024,18.0,Kỹ thuật môi trường
112575,MDA,ky-thuat-moi-truong,A01,Điểm học bạ,2024,18.0,Kỹ thuật môi trường
112576,MDA,ky-thuat-moi-truong,C01,Điểm học bạ,2024,18.0,Kỹ thuật môi trường
112577,MDA,ky-thuat-moi-truong,D01,Điểm học bạ,2024,18.0,Kỹ thuật môi trường
112578,MDA,ky-thuat-moi-truong,A00,Điểm thi THPT,2024,16.0,Kỹ thuật môi trường
112579,MDA,ky-thuat-moi-truong,B00,Điểm thi THPT,2024,16.0,Kỹ thuật môi trường
112580,MDA,ky-thuat-moi-truong,C04,Điểm thi THPT,2024,16.0,Kỹ thuật môi trường
112581,MDA,ky-thuat-moi-truong,D01,Điểm thi THPT,2024,16.0,Kỹ thuật môi trường
112582,MDA,ky-thuat-moi-truong,A00,Điểm học bạ,2025,18.4,Kỹ thuật môi trường
112583,MDA,ky-thuat-moi-truong,A01,Điểm học bạ,2025,18.4,Kỹ thuật môi trường
112584,MDA,ky-thuat-moi-truong,A04,Điểm học bạ,2025,18.4,Kỹ thuật môi trường
112585,MDA,ky-thuat-moi-truong,A09,Điểm học bạ,2025,18.4,Kỹ thuật môi trường
112586,MDA,ky-thuat-moi-truong,B00,Điểm học bạ,2025,18.4,Kỹ thuật môi trường
112587,MDA,ky-thuat-moi-truong,C01,Điểm học bạ,2025,18.4,Kỹ thuật môi trường
112588,MDA,ky-thuat-moi-truong,C04,Điểm học bạ,2025,18.4,Kỹ thuật môi trường
112589,MDA,ky-thuat-moi-truong,D01,Điểm học bạ,2025,18.4,Kỹ thuật môi trường
112590,MDA,ky-thuat-moi-truong,A00,Điểm thi THPT,2025,15.5,Kỹ thuật môi trường
112591,MDA,ky-thuat-moi-truong,A01,Điểm thi THPT,2025,15.5,Kỹ thuật môi trường
112592,MDA,ky-thuat-moi-truong,A04,Điểm thi THPT,2025,15.5,Kỹ thuật môi trường
112593,MDA,ky-thuat-moi-truong,A09,Điểm thi THPT,2025,15.5,Kỹ thuật môi trường
112594,MDA,ky-thuat-moi-truong,B00,Điểm thi THPT,2025,15.5,Kỹ thuật môi trường
112595,MDA,ky-thuat-moi-truong,C01,Điểm thi THPT,2025,15.5,Kỹ thuật môi trường
112596,MDA,ky-thuat-moi-truong,C04,Điểm thi THPT,2025,15.5,Kỹ thuật môi trường
112597,MDA,ky-thuat-moi-truong,D01,Điểm thi THPT,2025,15.5,Kỹ thuật môi trường
112598,MDA,ky-thuat-o-to,A00,Điểm học bạ,2022,27.2,Kỹ thuật ô tô
112599,MDA,ky-thuat-o-to,A01,Điểm học bạ,2022,27.2,Kỹ thuật ô tô
112600,MDA,ky-thuat-o-to,C01,Điểm học bạ,2022,27.2,Kỹ thuật ô tô
112601,MDA,ky-thuat-o-to,A00,Điểm thi THPT,2022,18.5,Kỹ thuật ô tô
112602,MDA,ky-thuat-o-to,A01,Điểm thi THPT,2022,18.5,Kỹ thuật ô tô
112603,MDA,ky-thuat-o-to,C01,Điểm thi THPT,2022,18.5,Kỹ thuật ô tô
112604,MDA,ky-thuat-o-to,A00,Điểm học bạ,2023,25.0,Kỹ thuật ô tô
112605,MDA,ky-thuat-o-to,A01,Điểm học bạ,2023,25.0,Kỹ thuật ô tô
112606,MDA,ky-thuat-o-to,C01,Điểm học bạ,2023,25.0,Kỹ thuật ô tô
112607,MDA,ky-thuat-o-to,D01,Điểm học bạ,2023,25.0,Kỹ thuật ô tô
112608,MDA,ky-thuat-o-to,A00,Điểm thi THPT,2023,23.25,Kỹ thuật Ô tô
112609,MDA,ky-thuat-o-to,A01,Điểm thi THPT,2023,23.25,Kỹ thuật Ô tô
112610,MDA,ky-thuat-o-to,C01,Điểm thi THPT,2023,23.25,Kỹ thuật Ô tô
112611,MDA,ky-thuat-o-to,D01,Điểm thi THPT,2023,23.25,Kỹ thuật Ô tô
112612,MDA,ky-thuat-o-to,A00,Điểm học bạ,2024,26.0,Kỹ thuật ô tô
112613,MDA,ky-thuat-o-to,A01,Điểm học bạ,2024,26.0,Kỹ thuật ô tô
112614,MDA,ky-thuat-o-to,C01,Điểm học bạ,2024,26.0,Kỹ thuật ô tô
112615,MDA,ky-thuat-o-to,D01,Điểm học bạ,2024,26.0,Kỹ thuật ô tô
112616,MDA,ky-thuat-o-to,A00,Điểm thi THPT,2024,24.0,Kỹ thuật Ô tô
112617,MDA,ky-thuat-o-to,A01,Điểm thi THPT,2024,24.0,Kỹ thuật Ô tô
112618,MDA,ky-thuat-o-to,C01,Điểm thi THPT,2024,24.0,Kỹ thuật Ô tô
112619,MDA,ky-thuat-o-to,D01,Điểm thi THPT,2024,24.0,Kỹ thuật Ô tô
112620,MDA,ky-thuat-o-to,A00,Điểm học bạ,2025,24.4,Kỹ thuật ô tô
112621,MDA,ky-thuat-o-to,A01,Điểm học bạ,2025,24.4,Kỹ thuật ô tô
112622,MDA,ky-thuat-o-to,C01,Điểm học bạ,2025,24.4,Kỹ thuật ô tô
112623,MDA,ky-thuat-o-to,D01,Điểm học bạ,2025,24.4,Kỹ thuật ô tô
112624,MDA,ky-thuat-o-to,X06,Điểm học bạ,2025,24.4,Kỹ thuật ô tô
112625,MDA,ky-thuat-o-to,A00,Điểm thi THPT,2025,23.0,Kỹ thuật ô tô
112626,MDA,ky-thuat-o-to,A01,Điểm thi THPT,2025,23.0,Kỹ thuật ô tô
112627,MDA,ky-thuat-o-to,C01,Điểm thi THPT,2025,23.0,Kỹ thuật ô tô
112628,MDA,ky-thuat-o-to,D01,Điểm thi THPT,2025,23.0,Kỹ thuật ô tô
112629,MDA,ky-thuat-o-to,X06,Điểm thi THPT,2025,23.0,Kỹ thuật ô tô
112630,MDA,ky-thuat-robot,A00,Điểm học bạ,2025,22.8,Kỹ thuật Robot
112631,MDA,ky-thuat-robot,A01,Điểm học bạ,2025,22.8,Kỹ thuật Robot
112632,MDA,ky-thuat-robot,C01,Điểm học bạ,2025,22.8,Kỹ thuật Robot
112633,MDA,ky-thuat-robot,D01,Điểm học bạ,2025,22.8,Kỹ thuật Robot
112634,MDA,ky-thuat-robot,X06,Điểm học bạ,2025,22.8,Kỹ thuật Robot
112635,MDA,ky-thuat-robot,A00,Điểm thi THPT,2025,21.0,Kỹ thuật Robot
112636,MDA,ky-thuat-robot,A01,Điểm thi THPT,2025,21.0,Kỹ thuật Robot
112637,MDA,ky-thuat-robot,C01,Điểm thi THPT,2025,21.0,Kỹ thuật Robot
112638,MDA,ky-thuat-robot,D01,Điểm thi THPT,2025,21.0,Kỹ thuật Robot
112639,MDA,ky-thuat-robot,X06,Điểm thi THPT,2025,21.0,Kỹ thuật Robot
112640,MDA,ky-thuat-robot-va-tri-tue-nhan-tao,A00,Điểm thi THPT,2022,20.0,Kỹ thuật Robot và Trí tuệ nhân tạo
112641,MDA,ky-thuat-robot-va-tri-tue-nhan-tao,A01,Điểm thi THPT,2022,20.0,Kỹ thuật Robot và Trí tuệ nhân tạo
112642,MDA,ky-thuat-robot-va-tri-tue-nhan-tao,C01,Điểm thi THPT,2022,20.0,Kỹ thuật Robot và Trí tuệ nhân tạo
112643,MDA,ky-thuat-robot-va-tri-tue-nhan-tao,A00,Điểm học bạ,2023,26.85,Kỹ thuật Robot và Trí tuệ nhân tạo
112644,MDA,ky-thuat-robot-va-tri-tue-nhan-tao,A01,Điểm học bạ,2023,26.85,Kỹ thuật Robot và Trí tuệ nhân tạo
112645,MDA,ky-thuat-robot-va-tri-tue-nhan-tao,C01,Điểm học bạ,2023,26.85,Kỹ thuật Robot và Trí tuệ nhân tạo
112646,MDA,ky-thuat-robot-va-tri-tue-nhan-tao,D01,Điểm học bạ,2023,26.85,Kỹ thuật Robot và Trí tuệ nhân tạo
112647,MDA,ky-thuat-robot-va-tri-tue-nhan-tao,A00,Điểm thi THPT,2023,22.5,Kỹ thuật Robot và Trí tuệ nhân tạo
112648,MDA,ky-thuat-robot-va-tri-tue-nhan-tao,A01,Điểm thi THPT,2023,22.5,Kỹ thuật Robot và Trí tuệ nhân tạo
112649,MDA,ky-thuat-robot-va-tri-tue-nhan-tao,C01,Điểm thi THPT,2023,22.5,Kỹ thuật Robot và Trí tuệ nhân tạo
112650,MDA,ky-thuat-robot-va-tri-tue-nhan-tao,D01,Điểm thi THPT,2023,22.5,Kỹ thuật Robot và Trí tuệ nhân tạo
112651,MDA,ky-thuat-robot-va-tri-tue-nhan-tao,A00,Điểm học bạ,2024,27.0,Kỹ thuật Robot và Trí tuệ nhân tạo
112652,MDA,ky-thuat-robot-va-tri-tue-nhan-tao,A01,Điểm học bạ,2024,27.0,Kỹ thuật Robot và Trí tuệ nhân tạo
112653,MDA,ky-thuat-robot-va-tri-tue-nhan-tao,C01,Điểm học bạ,2024,27.0,Kỹ thuật Robot và Trí tuệ nhân tạo
112654,MDA,ky-thuat-robot-va-tri-tue-nhan-tao,D01,Điểm học bạ,2024,27.0,Kỹ thuật Robot và Trí tuệ nhân tạo
112655,MDA,ky-thuat-robot-va-tri-tue-nhan-tao,A00,Điểm thi THPT,2024,23.25,Kỹ thuật Robot và Trí tuệ nhân tạo
112656,MDA,ky-thuat-robot-va-tri-tue-nhan-tao,A01,Điểm thi THPT,2024,23.25,Kỹ thuật Robot và Trí tuệ nhân tạo
112657,MDA,ky-thuat-robot-va-tri-tue-nhan-tao,C01,Điểm thi THPT,2024,23.25,Kỹ thuật Robot và Trí tuệ nhân tạo
112658,MDA,ky-thuat-robot-va-tri-tue-nhan-tao,D01,Điểm thi THPT,2024,23.25,Kỹ thuật Robot và Trí tuệ nhân tạo
112659,MDA,ky-thuat-tai-nguyen-nuoc,A00,Điểm học bạ,2022,18.0,Kỹ thuật Tài nguyên nước
112660,MDA,ky-thuat-tai-nguyen-nuoc,A01,Điểm học bạ,2022,18.0,Kỹ thuật Tài nguyên nước
112661,MDA,ky-thuat-tai-nguyen-nuoc,C04,Điểm học bạ,2022,18.0,Kỹ thuật Tài nguyên nước
112662,MDA,ky-thuat-tai-nguyen-nuoc,D01,Điểm học bạ,2022,18.0,Kỹ thuật Tài nguyên nước
112663,MDA,ky-thuat-tai-nguyen-nuoc,A00,Điểm thi THPT,2022,15.0,Kỹ thuật Tài nguyên nước
112664,MDA,ky-thuat-tai-nguyen-nuoc,A01,Điểm thi THPT,2022,15.0,Kỹ thuật Tài nguyên nước
112665,MDA,ky-thuat-tai-nguyen-nuoc,C04,Điểm thi THPT,2022,15.0,Kỹ thuật Tài nguyên nước
112666,MDA,ky-thuat-tai-nguyen-nuoc,D01,Điểm thi THPT,2022,15.0,Kỹ thuật Tài nguyên nước
112667,MDA,ky-thuat-tai-nguyen-nuoc,A00,Điểm học bạ,2023,18.0,Kỹ thuật Tài nguyên nước
112668,MDA,ky-thuat-tai-nguyen-nuoc,A01,Điểm học bạ,2023,18.0,Kỹ thuật Tài nguyên nước
112669,MDA,ky-thuat-tai-nguyen-nuoc,C04,Điểm học bạ,2023,18.0,Kỹ thuật Tài nguyên nước
112670,MDA,ky-thuat-tai-nguyen-nuoc,D01,Điểm học bạ,2023,18.0,Kỹ thuật Tài nguyên nước
112671,MDA,ky-thuat-tai-nguyen-nuoc,A00,Điểm thi THPT,2023,16.0,Kỹ thuật tài nguyên nước
112672,MDA,ky-thuat-tai-nguyen-nuoc,A01,Điểm thi THPT,2023,16.0,Kỹ thuật tài nguyên nước
112673,MDA,ky-thuat-tai-nguyen-nuoc,C04,Điểm thi THPT,2023,16.0,Kỹ thuật tài nguyên nước
112674,MDA,ky-thuat-tai-nguyen-nuoc,D01,Điểm thi THPT,2023,16.0,Kỹ thuật tài nguyên nước
112675,MDA,ky-thuat-tai-nguyen-nuoc,A00,Điểm học bạ,2024,18.0,Kỹ thuật Tài nguyên nước
112676,MDA,ky-thuat-tai-nguyen-nuoc,A01,Điểm học bạ,2024,18.0,Kỹ thuật Tài nguyên nước
112677,MDA,ky-thuat-tai-nguyen-nuoc,C04,Điểm học bạ,2024,18.0,Kỹ thuật Tài nguyên nước
112678,MDA,ky-thuat-tai-nguyen-nuoc,D01,Điểm học bạ,2024,18.0,Kỹ thuật Tài nguyên nước
112679,MDA,ky-thuat-tai-nguyen-nuoc,A00,Điểm thi THPT,2024,15.0,Kỹ thuật tài nguyên nước
112680,MDA,ky-thuat-tai-nguyen-nuoc,A01,Điểm thi THPT,2024,15.0,Kỹ thuật tài nguyên nước
112681,MDA,ky-thuat-tai-nguyen-nuoc,C04,Điểm thi THPT,2024,15.0,Kỹ thuật tài nguyên nước
112682,MDA,ky-thuat-tai-nguyen-nuoc,D01,Điểm thi THPT,2024,15.0,Kỹ thuật tài nguyên nước
112683,MDA,ky-thuat-tai-nguyen-nuoc,A00,Điểm học bạ,2025,18.0,Kỹ thuật tài nguyên nước
112684,MDA,ky-thuat-tai-nguyen-nuoc,A01,Điểm học bạ,2025,18.0,Kỹ thuật tài nguyên nước
112685,MDA,ky-thuat-tai-nguyen-nuoc,A04,Điểm học bạ,2025,18.0,Kỹ thuật tài nguyên nước
112686,MDA,ky-thuat-tai-nguyen-nuoc,C01,Điểm học bạ,2025,18.0,Kỹ thuật tài nguyên nước
112687,MDA,ky-thuat-tai-nguyen-nuoc,C02,Điểm học bạ,2025,18.0,Kỹ thuật tài nguyên nước
112688,MDA,ky-thuat-tai-nguyen-nuoc,C04,Điểm học bạ,2025,18.0,Kỹ thuật tài nguyên nước
112689,MDA,ky-thuat-tai-nguyen-nuoc,D01,Điểm học bạ,2025,18.0,Kỹ thuật tài nguyên nước
112690,MDA,ky-thuat-tai-nguyen-nuoc,D07,Điểm học bạ,2025,18.0,Kỹ thuật tài nguyên nước
112691,MDA,ky-thuat-tai-nguyen-nuoc,A00,Điểm thi THPT,2025,15.0,Kỹ thuật tài nguyên nước
112692,MDA,ky-thuat-tai-nguyen-nuoc,A01,Điểm thi THPT,2025,15.0,Kỹ thuật tài nguyên nước
112693,MDA,ky-thuat-tai-nguyen-nuoc,A04,Điểm thi THPT,2025,15.0,Kỹ thuật tài nguyên nước
112694,MDA,ky-thuat-tai-nguyen-nuoc,C01,Điểm thi THPT,2025,15.0,Kỹ thuật tài nguyên nước
112695,MDA,ky-thuat-tai-nguyen-nuoc,C02,Điểm thi THPT,2025,15.0,Kỹ thuật tài nguyên nước
112696,MDA,ky-thuat-tai-nguyen-nuoc,C04,Điểm thi THPT,2025,15.0,Kỹ thuật tài nguyên nước
112697,MDA,ky-thuat-tai-nguyen-nuoc,D01,Điểm thi THPT,2025,15.0,Kỹ thuật tài nguyên nước
112698,MDA,ky-thuat-tai-nguyen-nuoc,D07,Điểm thi THPT,2025,15.0,Kỹ thuật tài nguyên nước
112699,MDA,ky-thuat-trac-dia-ban-do,A00,Điểm học bạ,2021,18.0,Kỹ thuật trắc địa - bản đồ
112700,MDA,ky-thuat-trac-dia-ban-do,C04,Điểm học bạ,2021,18.0,Kỹ thuật trắc địa - bản đồ
112701,MDA,ky-thuat-trac-dia-ban-do,D01,Điểm học bạ,2021,18.0,Kỹ thuật trắc địa - bản đồ
112702,MDA,ky-thuat-trac-dia-ban-do,D10,Điểm học bạ,2021,18.0,Kỹ thuật trắc địa - bản đồ
112703,MDA,ky-thuat-trac-dia-ban-do,A00,Điểm thi THPT,2021,15.0,Kỹ thuật trắc địa - bản đồ
112704,MDA,ky-thuat-trac-dia-ban-do,C04,Điểm thi THPT,2021,15.0,Kỹ thuật trắc địa - bản đồ
112705,MDA,ky-thuat-trac-dia-ban-do,D01,Điểm thi THPT,2021,15.0,Kỹ thuật trắc địa - bản đồ
112706,MDA,ky-thuat-trac-dia-ban-do,D10,Điểm thi THPT,2021,15.0,Kỹ thuật trắc địa - bản đồ
112707,MDA,ky-thuat-trac-dia-ban-do,A00,Điểm học bạ,2022,18.5,Kỹ thuật trắc địa - bản đồ
112708,MDA,ky-thuat-trac-dia-ban-do,C04,Điểm học bạ,2022,18.5,Kỹ thuật trắc địa - bản đồ
112709,MDA,ky-thuat-trac-dia-ban-do,D01,Điểm học bạ,2022,18.5,Kỹ thuật trắc địa - bản đồ
112710,MDA,ky-thuat-trac-dia-ban-do,D10,Điểm học bạ,2022,18.5,Kỹ thuật trắc địa - bản đồ
112711,MDA,ky-thuat-trac-dia-ban-do,A00,Điểm thi THPT,2022,15.0,Kỹ thuật trắc địa - bản đồ
112712,MDA,ky-thuat-trac-dia-ban-do,C04,Điểm thi THPT,2022,15.0,Kỹ thuật trắc địa - bản đồ
112713,MDA,ky-thuat-trac-dia-ban-do,D01,Điểm thi THPT,2022,15.0,Kỹ thuật trắc địa - bản đồ
112714,MDA,ky-thuat-trac-dia-ban-do,D10,Điểm thi THPT,2022,15.0,Kỹ thuật trắc địa - bản đồ
112715,MDA,ky-thuat-trac-dia-ban-do,A00,Điểm học bạ,2023,18.0,Kỹ thuật trắc địa - bản đồ
112716,MDA,ky-thuat-trac-dia-ban-do,C04,Điểm học bạ,2023,18.0,Kỹ thuật trắc địa - bản đồ
112717,MDA,ky-thuat-trac-dia-ban-do,D01,Điểm học bạ,2023,18.0,Kỹ thuật trắc địa - bản đồ
112718,MDA,ky-thuat-trac-dia-ban-do,D10,Điểm học bạ,2023,18.0,Kỹ thuật trắc địa - bản đồ
112719,MDA,ky-thuat-trac-dia-ban-do,A00,Điểm thi THPT,2023,15.0,Kỹ thuật trắc địa - bản đồ
112720,MDA,ky-thuat-trac-dia-ban-do,C04,Điểm thi THPT,2023,15.0,Kỹ thuật trắc địa - bản đồ
112721,MDA,ky-thuat-trac-dia-ban-do,D01,Điểm thi THPT,2023,15.0,Kỹ thuật trắc địa - bản đồ
112722,MDA,ky-thuat-trac-dia-ban-do,D10,Điểm thi THPT,2023,15.0,Kỹ thuật trắc địa - bản đồ
112723,MDA,ky-thuat-trac-dia-ban-do,A00,Điểm học bạ,2024,19.0,Kỹ thuật trắc địa - bản đồ
112724,MDA,ky-thuat-trac-dia-ban-do,C04,Điểm học bạ,2024,19.0,Kỹ thuật trắc địa - bản đồ
112725,MDA,ky-thuat-trac-dia-ban-do,D01,Điểm học bạ,2024,19.0,Kỹ thuật trắc địa - bản đồ
112726,MDA,ky-thuat-trac-dia-ban-do,D10,Điểm học bạ,2024,19.0,Kỹ thuật trắc địa - bản đồ
112727,MDA,ky-thuat-trac-dia-ban-do,A00,Điểm thi THPT,2024,15.5,Kỹ thuật trắc địa - bản đồ
112728,MDA,ky-thuat-trac-dia-ban-do,C04,Điểm thi THPT,2024,15.5,Kỹ thuật trắc địa - bản đồ
112729,MDA,ky-thuat-trac-dia-ban-do,D01,Điểm thi THPT,2024,15.5,Kỹ thuật trắc địa - bản đồ
112730,MDA,ky-thuat-trac-dia-ban-do,D10,Điểm thi THPT,2024,15.5,Kỹ thuật trắc địa - bản đồ
112731,MDA,ky-thuat-trac-dia-ban-do,A00,Điểm học bạ,2025,18.2,Kỹ thuật trắc địa - bản đồ
112732,MDA,ky-thuat-trac-dia-ban-do,A01,Điểm học bạ,2025,18.2,Kỹ thuật trắc địa - bản đồ
112733,MDA,ky-thuat-trac-dia-ban-do,C04,Điểm học bạ,2025,18.2,Kỹ thuật trắc địa - bản đồ
112734,MDA,ky-thuat-trac-dia-ban-do,D01,Điểm học bạ,2025,18.2,Kỹ thuật trắc địa - bản đồ
112735,MDA,ky-thuat-trac-dia-ban-do,D10,Điểm học bạ,2025,18.2,Kỹ thuật trắc địa - bản đồ
112736,MDA,ky-thuat-trac-dia-ban-do,A00,Điểm thi THPT,2025,15.25,Kỹ thuật trắc địa - bản đồ
112737,MDA,ky-thuat-trac-dia-ban-do,A01,Điểm thi THPT,2025,15.25,Kỹ thuật trắc địa - bản đồ
112738,MDA,ky-thuat-trac-dia-ban-do,C04,Điểm thi THPT,2025,15.25,Kỹ thuật trắc địa - bản đồ
112739,MDA,ky-thuat-trac-dia-ban-do,D01,Điểm thi THPT,2025,15.25,Kỹ thuật trắc địa - bản đồ
112740,MDA,ky-thuat-trac-dia-ban-do,D10,Điểm thi THPT,2025,15.25,Kỹ thuật trắc địa - bản đồ
112741,MDA,ky-thuat-tuyen-khoang,A00,Điểm học bạ,2021,18.0,Kỹ thuật tuyển khoáng
112742,MDA,ky-thuat-tuyen-khoang,A01,Điểm học bạ,2021,18.0,Kỹ thuật tuyển khoáng
112743,MDA,ky-thuat-tuyen-khoang,D01,Điểm học bạ,2021,18.0,Kỹ thuật tuyển khoáng
112744,MDA,ky-thuat-tuyen-khoang,D07,Điểm học bạ,2021,18.0,Kỹ thuật tuyển khoáng
112745,MDA,ky-thuat-tuyen-khoang,A00,Điểm thi THPT,2021,15.0,Kỹ thuật tuyển khoáng
112746,MDA,ky-thuat-tuyen-khoang,A01,Điểm thi THPT,2021,15.0,Kỹ thuật tuyển khoáng
112747,MDA,ky-thuat-tuyen-khoang,D01,Điểm thi THPT,2021,15.0,Kỹ thuật tuyển khoáng
112748,MDA,ky-thuat-tuyen-khoang,D07,Điểm thi THPT,2021,15.0,Kỹ thuật tuyển khoáng
112749,MDA,ky-thuat-tuyen-khoang,A00,Điểm học bạ,2022,18.0,Kỹ thuật tuyển khoáng
112750,MDA,ky-thuat-tuyen-khoang,A01,Điểm học bạ,2022,18.0,Kỹ thuật tuyển khoáng
112751,MDA,ky-thuat-tuyen-khoang,B00,Điểm học bạ,2022,18.0,Kỹ thuật tuyển khoáng
112752,MDA,ky-thuat-tuyen-khoang,D01,Điểm học bạ,2022,18.0,Kỹ thuật tuyển khoáng
112753,MDA,ky-thuat-tuyen-khoang,A00,Điểm thi THPT,2022,16.0,Kỹ thuật tuyển khoáng
112754,MDA,ky-thuat-tuyen-khoang,A01,Điểm thi THPT,2022,16.0,Kỹ thuật tuyển khoáng
112755,MDA,ky-thuat-tuyen-khoang,B00,Điểm thi THPT,2022,16.0,Kỹ thuật tuyển khoáng
112756,MDA,ky-thuat-tuyen-khoang,D01,Điểm thi THPT,2022,16.0,Kỹ thuật tuyển khoáng
112757,MDA,ky-thuat-tuyen-khoang,A00,Điểm học bạ,2023,18.0,Kỹ thuật tuyển khoáng
112758,MDA,ky-thuat-tuyen-khoang,A06,Điểm học bạ,2023,18.0,Kỹ thuật tuyển khoáng
112759,MDA,ky-thuat-tuyen-khoang,B00,Điểm học bạ,2023,18.0,Kỹ thuật tuyển khoáng
112760,MDA,ky-thuat-tuyen-khoang,D07,Điểm học bạ,2023,18.0,Kỹ thuật tuyển khoáng
112761,MDA,ky-thuat-tuyen-khoang,A00,Điểm thi THPT,2023,15.0,Kỹ thuật tuyển khoáng
112762,MDA,ky-thuat-tuyen-khoang,A06,Điểm thi THPT,2023,15.0,Kỹ thuật tuyển khoáng
112763,MDA,ky-thuat-tuyen-khoang,B00,Điểm thi THPT,2023,15.0,Kỹ thuật tuyển khoáng
112764,MDA,ky-thuat-tuyen-khoang,D07,Điểm thi THPT,2023,15.0,Kỹ thuật tuyển khoáng
112765,MDA,ky-thuat-tuyen-khoang,A00,Điểm học bạ,2024,19.0,Kỹ thuật tuyển khoáng
112766,MDA,ky-thuat-tuyen-khoang,A06,Điểm học bạ,2024,19.0,Kỹ thuật tuyển khoáng
112767,MDA,ky-thuat-tuyen-khoang,B00,Điểm học bạ,2024,19.0,Kỹ thuật tuyển khoáng
112768,MDA,ky-thuat-tuyen-khoang,D07,Điểm học bạ,2024,19.0,Kỹ thuật tuyển khoáng
112769,MDA,ky-thuat-tuyen-khoang,A00,Điểm thi THPT,2024,18.0,Kỹ thuật tuyển khoáng
112770,MDA,ky-thuat-tuyen-khoang,A06,Điểm thi THPT,2024,18.0,Kỹ thuật tuyển khoáng
112771,MDA,ky-thuat-tuyen-khoang,B00,Điểm thi THPT,2024,18.0,Kỹ thuật tuyển khoáng
112772,MDA,ky-thuat-tuyen-khoang,D07,Điểm thi THPT,2024,18.0,Kỹ thuật tuyển khoáng
112773,MDA,ky-thuat-tuyen-khoang,A00,Điểm học bạ,2025,19.6,Kỹ thuật tuyển khoáng
112774,MDA,ky-thuat-tuyen-khoang,A01,Điểm học bạ,2025,19.6,Kỹ thuật tuyển khoáng
112775,MDA,ky-thuat-tuyen-khoang,B03,Điểm học bạ,2025,19.6,Kỹ thuật tuyển khoáng
112776,MDA,ky-thuat-tuyen-khoang,C02,Điểm học bạ,2025,19.6,Kỹ thuật tuyển khoáng
112777,MDA,ky-thuat-tuyen-khoang,C03,Điểm học bạ,2025,19.6,Kỹ thuật tuyển khoáng
112778,MDA,ky-thuat-tuyen-khoang,C04,Điểm học bạ,2025,19.6,Kỹ thuật tuyển khoáng
112779,MDA,ky-thuat-tuyen-khoang,D01,Điểm học bạ,2025,19.6,Kỹ thuật tuyển khoáng
112780,MDA,ky-thuat-tuyen-khoang,D10,Điểm học bạ,2025,19.6,Kỹ thuật tuyển khoáng
112781,MDA,ky-thuat-tuyen-khoang,A00,Điểm thi THPT,2025,17.0,Kỹ thuật tuyển khoáng
112782,MDA,ky-thuat-tuyen-khoang,A01,Điểm thi THPT,2025,17.0,Kỹ thuật tuyển khoáng
112783,MDA,ky-thuat-tuyen-khoang,B03,Điểm thi THPT,2025,17.0,Kỹ thuật tuyển khoáng
112784,MDA,ky-thuat-tuyen-khoang,C02,Điểm thi THPT,2025,17.0,Kỹ thuật tuyển khoáng
112785,MDA,ky-thuat-tuyen-khoang,C03,Điểm thi THPT,2025,17.0,Kỹ thuật tuyển khoáng
112786,MDA,ky-thuat-tuyen-khoang,C04,Điểm thi THPT,2025,17.0,Kỹ thuật tuyển khoáng
112787,MDA,ky-thuat-tuyen-khoang,D01,Điểm thi THPT,2025,17.0,Kỹ thuật tuyển khoáng
112788,MDA,ky-thuat-tuyen-khoang,D10,Điểm thi THPT,2025,17.0,Kỹ thuật tuyển khoáng
112789,MDA,ky-thuat-vat-lieu,A00,Điểm học bạ,2025,18.8,Kỹ thuật vật liệu
112790,MDA,ky-thuat-vat-lieu,A01,Điểm học bạ,2025,18.8,Kỹ thuật vật liệu
112791,MDA,ky-thuat-vat-lieu,A02,Điểm học bạ,2025,18.8,Kỹ thuật vật liệu
112792,MDA,ky-thuat-vat-lieu,A03,Điểm học bạ,2025,18.8,Kỹ thuật vật liệu
112793,MDA,ky-thuat-vat-lieu,A04,Điểm học bạ,2025,18.8,Kỹ thuật vật liệu
112794,MDA,ky-thuat-vat-lieu,A10,Điểm học bạ,2025,18.8,Kỹ thuật vật liệu
112795,MDA,ky-thuat-vat-lieu,C01,Điểm học bạ,2025,18.8,Kỹ thuật vật liệu
112796,MDA,ky-thuat-vat-lieu,D01,Điểm học bạ,2025,18.8,Kỹ thuật vật liệu
112797,MDA,ky-thuat-vat-lieu,A00,Điểm thi THPT,2025,16.0,Kỹ thuật vật liệu
112798,MDA,ky-thuat-vat-lieu,A01,Điểm thi THPT,2025,16.0,Kỹ thuật vật liệu
112799,MDA,ky-thuat-vat-lieu,A02,Điểm thi THPT,2025,16.0,Kỹ thuật vật liệu
112800,MDA,ky-thuat-vat-lieu,A03,Điểm thi THPT,2025,16.0,Kỹ thuật vật liệu
112801,MDA,ky-thuat-vat-lieu,A04,Điểm thi THPT,2025,16.0,Kỹ thuật vật liệu
112802,MDA,ky-thuat-vat-lieu,A10,Điểm thi THPT,2025,16.0,Kỹ thuật vật liệu
112803,MDA,ky-thuat-vat-lieu,C01,Điểm thi THPT,2025,16.0,Kỹ thuật vật liệu
112804,MDA,ky-thuat-vat-lieu,D01,Điểm thi THPT,2025,16.0,Kỹ thuật vật liệu
112805,MDA,ky-thuat-xay-dung,A00,Điểm học bạ,2021,18.0,Kỹ thuật xây dựng
112806,MDA,ky-thuat-xay-dung,A01,Điểm học bạ,2021,18.0,Kỹ thuật xây dựng
112807,MDA,ky-thuat-xay-dung,C01,Điểm học bạ,2021,18.0,Kỹ thuật xây dựng
112808,MDA,ky-thuat-xay-dung,D07,Điểm học bạ,2021,18.0,Kỹ thuật xây dựng
112809,MDA,ky-thuat-xay-dung,A00,Điểm thi THPT,2021,15.0,Kỹ thuật xây dựng
112810,MDA,ky-thuat-xay-dung,A01,Điểm thi THPT,2021,15.0,Kỹ thuật xây dựng
112811,MDA,ky-thuat-xay-dung,C01,Điểm thi THPT,2021,15.0,Kỹ thuật xây dựng
112812,MDA,ky-thuat-xay-dung,D07,Điểm thi THPT,2021,15.0,Kỹ thuật xây dựng
112813,MDA,ky-thuat-xay-dung,A00,Điểm học bạ,2022,18.0,Kỹ thuật xây dựng
112814,MDA,ky-thuat-xay-dung,A01,Điểm học bạ,2022,18.0,Kỹ thuật xây dựng
112815,MDA,ky-thuat-xay-dung,C04,Điểm học bạ,2022,18.0,Kỹ thuật xây dựng
112816,MDA,ky-thuat-xay-dung,D01,Điểm học bạ,2022,18.0,Kỹ thuật xây dựng
112817,MDA,ky-thuat-xay-dung,A00,Điểm thi THPT,2022,15.5,Kỹ thuật xây dựng
112818,MDA,ky-thuat-xay-dung,A01,Điểm thi THPT,2022,15.5,Kỹ thuật xây dựng
112819,MDA,ky-thuat-xay-dung,C04,Điểm thi THPT,2022,15.5,Kỹ thuật xây dựng
112820,MDA,ky-thuat-xay-dung,D01,Điểm thi THPT,2022,15.5,Kỹ thuật xây dựng
112821,MDA,ky-thuat-xay-dung,A00,Điểm học bạ,2023,19.0,Kỹ thuật xây dựng
112822,MDA,ky-thuat-xay-dung,A01,Điểm học bạ,2023,19.0,Kỹ thuật xây dựng
112823,MDA,ky-thuat-xay-dung,C04,Điểm học bạ,2023,19.0,Kỹ thuật xây dựng
112824,MDA,ky-thuat-xay-dung,D01,Điểm học bạ,2023,19.0,Kỹ thuật xây dựng
112825,MDA,ky-thuat-xay-dung,A00,Điểm thi THPT,2023,21.0,Kỹ thuật xây dựng
112826,MDA,ky-thuat-xay-dung,A01,Điểm thi THPT,2023,21.0,Kỹ thuật xây dựng
112827,MDA,ky-thuat-xay-dung,C04,Điểm thi THPT,2023,21.0,Kỹ thuật xây dựng
112828,MDA,ky-thuat-xay-dung,D01,Điểm thi THPT,2023,21.0,Kỹ thuật xây dựng
112829,MDA,ky-thuat-xay-dung,A00,Điểm học bạ,2024,20.0,Kỹ thuật xây dựng
112830,MDA,ky-thuat-xay-dung,A01,Điểm học bạ,2024,20.0,Kỹ thuật xây dựng
112831,MDA,ky-thuat-xay-dung,C04,Điểm học bạ,2024,20.0,Kỹ thuật xây dựng
112832,MDA,ky-thuat-xay-dung,D01,Điểm học bạ,2024,20.0,Kỹ thuật xây dựng
112833,MDA,ky-thuat-xay-dung,A00,Điểm thi THPT,2024,20.5,Kỹ thuật xây dựng
112834,MDA,ky-thuat-xay-dung,A01,Điểm thi THPT,2024,20.5,Kỹ thuật xây dựng
112835,MDA,ky-thuat-xay-dung,C04,Điểm thi THPT,2024,20.5,Kỹ thuật xây dựng
112836,MDA,ky-thuat-xay-dung,D01,Điểm thi THPT,2024,20.5,Kỹ thuật xây dựng
112837,MDA,ky-thuat-xay-dung,A00,Điểm học bạ,2025,21.6,Kỹ thuật xây dựng
112838,MDA,ky-thuat-xay-dung,A01,Điểm học bạ,2025,21.6,Kỹ thuật xây dựng
112839,MDA,ky-thuat-xay-dung,A10,Điểm học bạ,2025,21.6,Kỹ thuật xây dựng
112840,MDA,ky-thuat-xay-dung,B04,Điểm học bạ,2025,21.6,Kỹ thuật xây dựng
112841,MDA,ky-thuat-xay-dung,C01,Điểm học bạ,2025,21.6,Kỹ thuật xây dựng
112842,MDA,ky-thuat-xay-dung,C02,Điểm học bạ,2025,21.6,Kỹ thuật xây dựng
112843,MDA,ky-thuat-xay-dung,C04,Điểm học bạ,2025,21.6,Kỹ thuật xây dựng
112844,MDA,ky-thuat-xay-dung,D01,Điểm học bạ,2025,21.6,Kỹ thuật xây dựng
112845,MDA,ky-thuat-xay-dung,A00,Điểm thi THPT,2025,19.5,Kỹ thuật xây dựng
112846,MDA,ky-thuat-xay-dung,A01,Điểm thi THPT,2025,19.5,Kỹ thuật xây dựng
112847,MDA,ky-thuat-xay-dung,A10,Điểm thi THPT,2025,19.5,Kỹ thuật xây dựng
112848,MDA,ky-thuat-xay-dung,B04,Điểm thi THPT,2025,19.5,Kỹ thuật xây dựng
112849,MDA,ky-thuat-xay-dung,C01,Điểm thi THPT,2025,19.5,Kỹ thuật xây dựng
112850,MDA,ky-thuat-xay-dung,C02,Điểm thi THPT,2025,19.5,Kỹ thuật xây dựng
112851,MDA,ky-thuat-xay-dung,C04,Điểm thi THPT,2025,19.5,Kỹ thuật xây dựng
112852,MDA,ky-thuat-xay-dung,D01,Điểm thi THPT,2025,19.5,Kỹ thuật xây dựng
112853,MDA,ky-thuat-xay-dung-cong-trinh-giao-thong,A00,Điểm học bạ,2021,18.0,Kỹ thuật xây dựng công trình giao thông
112854,MDA,ky-thuat-xay-dung-cong-trinh-giao-thong,A01,Điểm học bạ,2021,18.0,Kỹ thuật xây dựng công trình giao thông
112855,MDA,ky-thuat-xay-dung-cong-trinh-giao-thong,C01,Điểm học bạ,2021,18.0,Kỹ thuật xây dựng công trình giao thông
112856,MDA,ky-thuat-xay-dung-cong-trinh-giao-thong,D07,Điểm học bạ,2021,18.0,Kỹ thuật xây dựng công trình giao thông
112857,MDA,ky-thuat-xay-dung-cong-trinh-giao-thong,A00,Điểm thi THPT,2021,15.0,Kỹ thuật xây dựng công trình giao thông
112858,MDA,ky-thuat-xay-dung-cong-trinh-giao-thong,A01,Điểm thi THPT,2021,15.0,Kỹ thuật xây dựng công trình giao thông
112859,MDA,ky-thuat-xay-dung-cong-trinh-giao-thong,C01,Điểm thi THPT,2021,15.0,Kỹ thuật xây dựng công trình giao thông
112860,MDA,ky-thuat-xay-dung-cong-trinh-giao-thong,D07,Điểm thi THPT,2021,15.0,Kỹ thuật xây dựng công trình giao thông
112861,MDA,ky-thuat-xay-dung-cong-trinh-giao-thong,A00,Điểm học bạ,2022,18.0,Kỹ thuật xây dựng công trình giao thông
112862,MDA,ky-thuat-xay-dung-cong-trinh-giao-thong,A01,Điểm học bạ,2022,18.0,Kỹ thuật xây dựng công trình giao thông
112863,MDA,ky-thuat-xay-dung-cong-trinh-giao-thong,C04,Điểm học bạ,2022,18.0,Kỹ thuật xây dựng công trình giao thông
112864,MDA,ky-thuat-xay-dung-cong-trinh-giao-thong,D01,Điểm học bạ,2022,18.0,Kỹ thuật xây dựng công trình giao thông
112865,MDA,ky-thuat-xay-dung-cong-trinh-giao-thong,A00,Điểm thi THPT,2022,15.0,Kỹ thuật xây dựng công trình giao thông
112866,MDA,ky-thuat-xay-dung-cong-trinh-giao-thong,A01,Điểm thi THPT,2022,15.0,Kỹ thuật xây dựng công trình giao thông
112867,MDA,ky-thuat-xay-dung-cong-trinh-giao-thong,C04,Điểm thi THPT,2022,15.0,Kỹ thuật xây dựng công trình giao thông
112868,MDA,ky-thuat-xay-dung-cong-trinh-giao-thong,D01,Điểm thi THPT,2022,15.0,Kỹ thuật xây dựng công trình giao thông
112869,MDA,ky-thuat-xay-dung-cong-trinh-giao-thong,A00,Điểm học bạ,2023,18.0,Kỹ thuật xây dựng công trình giao thông
112870,MDA,ky-thuat-xay-dung-cong-trinh-giao-thong,A01,Điểm học bạ,2023,18.0,Kỹ thuật xây dựng công trình giao thông
112871,MDA,ky-thuat-xay-dung-cong-trinh-giao-thong,C04,Điểm học bạ,2023,18.0,Kỹ thuật xây dựng công trình giao thông
112872,MDA,ky-thuat-xay-dung-cong-trinh-giao-thong,D01,Điểm học bạ,2023,18.0,Kỹ thuật xây dựng công trình giao thông
112873,MDA,ky-thuat-xay-dung-cong-trinh-giao-thong,A00,Điểm thi THPT,2023,15.0,Kỹ thuật xây dựng công trình giao thông
112874,MDA,ky-thuat-xay-dung-cong-trinh-giao-thong,A01,Điểm thi THPT,2023,15.0,Kỹ thuật xây dựng công trình giao thông
112875,MDA,ky-thuat-xay-dung-cong-trinh-giao-thong,C04,Điểm thi THPT,2023,15.0,Kỹ thuật xây dựng công trình giao thông
112876,MDA,ky-thuat-xay-dung-cong-trinh-giao-thong,D01,Điểm thi THPT,2023,15.0,Kỹ thuật xây dựng công trình giao thông
112877,MDA,ky-thuat-xay-dung-cong-trinh-giao-thong,A00,Điểm học bạ,2024,18.0,Kỹ thuật xây dựng công trình giao thông
112878,MDA,ky-thuat-xay-dung-cong-trinh-giao-thong,A01,Điểm học bạ,2024,18.0,Kỹ thuật xây dựng công trình giao thông
112879,MDA,ky-thuat-xay-dung-cong-trinh-giao-thong,C04,Điểm học bạ,2024,18.0,Kỹ thuật xây dựng công trình giao thông
112880,MDA,ky-thuat-xay-dung-cong-trinh-giao-thong,D01,Điểm học bạ,2024,18.0,Kỹ thuật xây dựng công trình giao thông
112881,MDA,ky-thuat-xay-dung-cong-trinh-giao-thong,A00,Điểm thi THPT,2024,17.0,Kỹ thuật xây dựng công trình giao thông
112882,MDA,ky-thuat-xay-dung-cong-trinh-giao-thong,A01,Điểm thi THPT,2024,17.0,Kỹ thuật xây dựng công trình giao thông
112883,MDA,ky-thuat-xay-dung-cong-trinh-giao-thong,C04,Điểm thi THPT,2024,17.0,Kỹ thuật xây dựng công trình giao thông
112884,MDA,ky-thuat-xay-dung-cong-trinh-giao-thong,D01,Điểm thi THPT,2024,17.0,Kỹ thuật xây dựng công trình giao thông
112885,MDA,ky-thuat-xay-dung-cong-trinh-giao-thong,A00,Điểm học bạ,2025,20.8,Kỹ thuật xây dựng công trình giao thông
112886,MDA,ky-thuat-xay-dung-cong-trinh-giao-thong,A01,Điểm học bạ,2025,20.8,Kỹ thuật xây dựng công trình giao thông
112887,MDA,ky-thuat-xay-dung-cong-trinh-giao-thong,C01,Điểm học bạ,2025,20.8,Kỹ thuật xây dựng công trình giao thông
112888,MDA,ky-thuat-xay-dung-cong-trinh-giao-thong,C04,Điểm học bạ,2025,20.8,Kỹ thuật xây dựng công trình giao thông
112889,MDA,ky-thuat-xay-dung-cong-trinh-giao-thong,D01,Điểm học bạ,2025,20.8,Kỹ thuật xây dựng công trình giao thông
112890,MDA,ky-thuat-xay-dung-cong-trinh-giao-thong,A00,Điểm thi THPT,2025,18.5,Kỹ thuật xây dựng công trình giao thông
112891,MDA,ky-thuat-xay-dung-cong-trinh-giao-thong,A01,Điểm thi THPT,2025,18.5,Kỹ thuật xây dựng công trình giao thông
112892,MDA,ky-thuat-xay-dung-cong-trinh-giao-thong,C01,Điểm thi THPT,2025,18.5,Kỹ thuật xây dựng công trình giao thông
112893,MDA,ky-thuat-xay-dung-cong-trinh-giao-thong,C04,Điểm thi THPT,2025,18.5,Kỹ thuật xây dựng công trình giao thông
112894,MDA,ky-thuat-xay-dung-cong-trinh-giao-thong,D01,Điểm thi THPT,2025,18.5,Kỹ thuật xây dựng công trình giao thông
112895,MDA,ngon-ngu-anh,D01,Điểm học bạ,2025,23.6,Ngôn ngữ Anh
112896,MDA,ngon-ngu-anh,D09,Điểm học bạ,2025,23.6,Ngôn ngữ Anh
112897,MDA,ngon-ngu-anh,D10,Điểm học bạ,2025,23.6,Ngôn ngữ Anh
112898,MDA,ngon-ngu-anh,D14,Điểm học bạ,2025,23.6,Ngôn ngữ Anh
112899,MDA,ngon-ngu-anh,D15,Điểm học bạ,2025,23.6,Ngôn ngữ Anh
112900,MDA,ngon-ngu-anh,D66,Điểm học bạ,2025,23.6,Ngôn ngữ Anh
112901,MDA,ngon-ngu-anh,D78,Điểm học bạ,2025,23.6,Ngôn ngữ Anh
112902,MDA,ngon-ngu-anh,D96,Điểm học bạ,2025,23.6,Ngôn ngữ Anh
112903,MDA,ngon-ngu-anh,D01,Điểm thi THPT,2025,22.0,Ngôn ngữ Anh
112904,MDA,ngon-ngu-anh,D09,Điểm thi THPT,2025,22.0,Ngôn ngữ Anh
112905,MDA,ngon-ngu-anh,D10,Điểm thi THPT,2025,22.0,Ngôn ngữ Anh
112906,MDA,ngon-ngu-anh,D14,Điểm thi THPT,2025,22.0,Ngôn ngữ Anh
112907,MDA,ngon-ngu-anh,D15,Điểm thi THPT,2025,22.0,Ngôn ngữ Anh
112908,MDA,ngon-ngu-anh,D66,Điểm thi THPT,2025,22.0,Ngôn ngữ Anh
112909,MDA,ngon-ngu-anh,D78,Điểm thi THPT,2025,22.0,Ngôn ngữ Anh
112910,MDA,ngon-ngu-anh,D96,Điểm thi THPT,2025,22.0,Ngôn ngữ Anh
112911,MDA,ngon-ngu-trung-quoc,C00,Điểm học bạ,2025,26.4,Ngôn ngữ Trung Quốc
112912,MDA,ngon-ngu-trung-quoc,C03,Điểm học bạ,2025,26.4,Ngôn ngữ Trung Quốc
112913,MDA,ngon-ngu-trung-quoc,D01,Điểm học bạ,2025,26.4,Ngôn ngữ Trung Quốc
112914,MDA,ngon-ngu-trung-quoc,D04,Điểm học bạ,2025,26.4,Ngôn ngữ Trung Quốc
112915,MDA,ngon-ngu-trung-quoc,D09,Điểm học bạ,2025,26.4,Ngôn ngữ Trung Quốc
112916,MDA,ngon-ngu-trung-quoc,D14,Điểm học bạ,2025,26.4,Ngôn ngữ Trung Quốc
112917,MDA,ngon-ngu-trung-quoc,D66,Điểm học bạ,2025,26.4,Ngôn ngữ Trung Quốc
112918,MDA,ngon-ngu-trung-quoc,D78,Điểm học bạ,2025,26.4,Ngôn ngữ Trung Quốc
112919,MDA,ngon-ngu-trung-quoc,C00,Điểm thi THPT,2025,25.5,Ngôn ngữ Trung Quốc
112920,MDA,ngon-ngu-trung-quoc,C03,Điểm thi THPT,2025,25.5,Ngôn ngữ Trung Quốc
112921,MDA,ngon-ngu-trung-quoc,D01,Điểm thi THPT,2025,25.5,Ngôn ngữ Trung Quốc
112922,MDA,ngon-ngu-trung-quoc,D04,Điểm thi THPT,2025,25.5,Ngôn ngữ Trung Quốc
112923,MDA,ngon-ngu-trung-quoc,D09,Điểm thi THPT,2025,25.5,Ngôn ngữ Trung Quốc
112924,MDA,ngon-ngu-trung-quoc,D14,Điểm thi THPT,2025,25.5,Ngôn ngữ Trung Quốc
112925,MDA,ngon-ngu-trung-quoc,D66,Điểm thi THPT,2025,25.5,Ngôn ngữ Trung Quốc
112926,MDA,ngon-ngu-trung-quoc,D78,Điểm thi THPT,2025,25.5,Ngôn ngữ Trung Quốc
112927,MDA,quan-ly-cong-nghiep,A00,Điểm học bạ,2021,18.0,Quản lý công nghiệp
112928,MDA,quan-ly-cong-nghiep,A01,Điểm học bạ,2021,18.0,Quản lý công nghiệp
112929,MDA,quan-ly-cong-nghiep,D01,Điểm học bạ,2021,18.0,Quản lý công nghiệp
112930,MDA,quan-ly-cong-nghiep,D07,Điểm học bạ,2021,18.0,Quản lý công nghiệp
112931,MDA,quan-ly-cong-nghiep,A00,Điểm thi THPT,2021,15.0,Quản lý công nghiệp
112932,MDA,quan-ly-cong-nghiep,A01,Điểm thi THPT,2021,15.0,Quản lý công nghiệp
112933,MDA,quan-ly-cong-nghiep,D01,Điểm thi THPT,2021,15.0,Quản lý công nghiệp
112934,MDA,quan-ly-cong-nghiep,D07,Điểm thi THPT,2021,15.0,Quản lý công nghiệp
112935,MDA,quan-ly-cong-nghiep,A00,Điểm học bạ,2022,23.0,Quản lý công nghiệp
112936,MDA,quan-ly-cong-nghiep,A01,Điểm học bạ,2022,23.0,Quản lý công nghiệp
112937,MDA,quan-ly-cong-nghiep,B00,Điểm học bạ,2022,23.0,Quản lý công nghiệp
112938,MDA,quan-ly-cong-nghiep,D01,Điểm học bạ,2022,23.0,Quản lý công nghiệp
112939,MDA,quan-ly-cong-nghiep,A00,Điểm thi THPT,2022,17.0,Quản lý công nghiệp
112940,MDA,quan-ly-cong-nghiep,A01,Điểm thi THPT,2022,17.0,Quản lý công nghiệp
112941,MDA,quan-ly-cong-nghiep,B00,Điểm thi THPT,2022,17.0,Quản lý công nghiệp
112942,MDA,quan-ly-cong-nghiep,D01,Điểm thi THPT,2022,17.0,Quản lý công nghiệp
112943,MDA,quan-ly-cong-nghiep,A00,Điểm học bạ,2023,24.5,Quản lý công nghiệp
112944,MDA,quan-ly-cong-nghiep,A01,Điểm học bạ,2023,24.5,Quản lý công nghiệp
112945,MDA,quan-ly-cong-nghiep,D01,Điểm học bạ,2023,24.5,Quản lý công nghiệp
112946,MDA,quan-ly-cong-nghiep,D07,Điểm học bạ,2023,24.5,Quản lý công nghiệp
112947,MDA,quan-ly-cong-nghiep,A00,Điểm thi THPT,2023,20.75,Quản lý công nghiệp
112948,MDA,quan-ly-cong-nghiep,A01,Điểm thi THPT,2023,20.75,Quản lý công nghiệp
112949,MDA,quan-ly-cong-nghiep,D01,Điểm thi THPT,2023,20.75,Quản lý công nghiệp
112950,MDA,quan-ly-cong-nghiep,D07,Điểm thi THPT,2023,20.75,Quản lý công nghiệp
112951,MDA,quan-ly-cong-nghiep,A00,Điểm học bạ,2024,23.0,Quản lý công nghiệp
112952,MDA,quan-ly-cong-nghiep,A01,Điểm học bạ,2024,23.0,Quản lý công nghiệp
112953,MDA,quan-ly-cong-nghiep,D01,Điểm học bạ,2024,23.0,Quản lý công nghiệp
112954,MDA,quan-ly-cong-nghiep,D07,Điểm học bạ,2024,23.0,Quản lý công nghiệp
112955,MDA,quan-ly-cong-nghiep,A00,Điểm thi THPT,2024,21.25,Quản lý công nghiệp
112956,MDA,quan-ly-cong-nghiep,A01,Điểm thi THPT,2024,21.25,Quản lý công nghiệp
112957,MDA,quan-ly-cong-nghiep,D01,Điểm thi THPT,2024,21.25,Quản lý công nghiệp
112958,MDA,quan-ly-cong-nghiep,D07,Điểm thi THPT,2024,21.25,Quản lý công nghiệp
112959,MDA,quan-ly-cong-nghiep,A00,Điểm học bạ,2025,22.4,Quản lý công nghiệp
112960,MDA,quan-ly-cong-nghiep,A01,Điểm học bạ,2025,22.4,Quản lý công nghiệp
112961,MDA,quan-ly-cong-nghiep,C04,Điểm học bạ,2025,22.4,Quản lý công nghiệp
112962,MDA,quan-ly-cong-nghiep,D01,Điểm học bạ,2025,22.4,Quản lý công nghiệp
112963,MDA,quan-ly-cong-nghiep,D07,Điểm học bạ,2025,22.4,Quản lý công nghiệp
112964,MDA,quan-ly-cong-nghiep,D09,Điểm học bạ,2025,22.4,Quản lý công nghiệp
112965,MDA,quan-ly-cong-nghiep,D10,Điểm học bạ,2025,22.4,Quản lý công nghiệp
112966,MDA,quan-ly-cong-nghiep,D84,Điểm học bạ,2025,22.4,Quản lý công nghiệp
112967,MDA,quan-ly-cong-nghiep,A00,Điểm thi THPT,2025,20.5,Quản lý công nghiệp
112968,MDA,quan-ly-cong-nghiep,A01,Điểm thi THPT,2025,20.5,Quản lý công nghiệp
112969,MDA,quan-ly-cong-nghiep,C04,Điểm thi THPT,2025,20.5,Quản lý công nghiệp
112970,MDA,quan-ly-cong-nghiep,D01,Điểm thi THPT,2025,20.5,Quản lý công nghiệp
112971,MDA,quan-ly-cong-nghiep,D07,Điểm thi THPT,2025,20.5,Quản lý công nghiệp
112972,MDA,quan-ly-cong-nghiep,D09,Điểm thi THPT,2025,20.5,Quản lý công nghiệp
112973,MDA,quan-ly-cong-nghiep,D10,Điểm thi THPT,2025,20.5,Quản lý công nghiệp
112974,MDA,quan-ly-cong-nghiep,D84,Điểm thi THPT,2025,20.5,Quản lý công nghiệp
112975,MDA,quan-ly-dat-dai,A00,Điểm học bạ,2021,18.0,Quản lý đất đai
112976,MDA,quan-ly-dat-dai,A01,Điểm học bạ,2021,18.0,Quản lý đất đai
112977,MDA,quan-ly-dat-dai,C04,Điểm học bạ,2021,18.0,Quản lý đất đai
112978,MDA,quan-ly-dat-dai,D01,Điểm học bạ,2021,18.0,Quản lý đất đai
112979,MDA,quan-ly-dat-dai,A00,Điểm thi THPT,2021,15.0,Quản lý đất đai
112980,MDA,quan-ly-dat-dai,A01,Điểm thi THPT,2021,15.0,Quản lý đất đai
112981,MDA,quan-ly-dat-dai,C04,Điểm thi THPT,2021,15.0,Quản lý đất đai
112982,MDA,quan-ly-dat-dai,D01,Điểm thi THPT,2021,15.0,Quản lý đất đai
112983,MDA,quan-ly-dat-dai,A00,Điểm học bạ,2022,23.0,Quản lý đất đai
112984,MDA,quan-ly-dat-dai,A01,Điểm học bạ,2022,23.0,Quản lý đất đai
112985,MDA,quan-ly-dat-dai,C04,Điểm học bạ,2022,23.0,Quản lý đất đai
112986,MDA,quan-ly-dat-dai,D01,Điểm học bạ,2022,23.0,Quản lý đất đai
112987,MDA,quan-ly-dat-dai,A00,Điểm thi THPT,2022,15.0,Quản lý đất đai
112988,MDA,quan-ly-dat-dai,A01,Điểm thi THPT,2022,15.0,Quản lý đất đai
112989,MDA,quan-ly-dat-dai,C04,Điểm thi THPT,2022,15.0,Quản lý đất đai
112990,MDA,quan-ly-dat-dai,D01,Điểm thi THPT,2022,15.0,Quản lý đất đai
112991,MDA,quan-ly-dat-dai,A00,Điểm học bạ,2023,18.0,Quản lý đất đai
112992,MDA,quan-ly-dat-dai,A01,Điểm học bạ,2023,18.0,Quản lý đất đai
112993,MDA,quan-ly-dat-dai,C04,Điểm học bạ,2023,18.0,Quản lý đất đai
112994,MDA,quan-ly-dat-dai,D01,Điểm học bạ,2023,18.0,Quản lý đất đai
112995,MDA,quan-ly-dat-dai,A00,Điểm thi THPT,2023,19.5,Quản lý đất đai
112996,MDA,quan-ly-dat-dai,A01,Điểm thi THPT,2023,19.5,Quản lý đất đai
112997,MDA,quan-ly-dat-dai,C04,Điểm thi THPT,2023,19.5,Quản lý đất đai
112998,MDA,quan-ly-dat-dai,D01,Điểm thi THPT,2023,19.5,Quản lý đất đai
112999,MDA,quan-ly-dat-dai,A00,Điểm học bạ,2024,20.0,Quản lý đất đai
113000,MDA,quan-ly-dat-dai,A01,Điểm học bạ,2024,20.0,Quản lý đất đai
113001,MDA,quan-ly-dat-dai,C04,Điểm học bạ,2024,20.0,Quản lý đất đai
113002,MDA,quan-ly-dat-dai,D01,Điểm học bạ,2024,20.0,Quản lý đất đai
113003,MDA,quan-ly-dat-dai,A00,Điểm thi THPT,2024,23.1,Quản lý đất đai
113004,MDA,quan-ly-dat-dai,A01,Điểm thi THPT,2024,23.1,Quản lý đất đai
113005,MDA,quan-ly-dat-dai,C04,Điểm thi THPT,2024,23.1,Quản lý đất đai
113006,MDA,quan-ly-dat-dai,D01,Điểm thi THPT,2024,23.1,Quản lý đất đai
113007,MDA,quan-ly-dat-dai,A00,Điểm học bạ,2025,20.8,Quản lý đất đai
113008,MDA,quan-ly-dat-dai,A01,Điểm học bạ,2025,20.8,Quản lý đất đai
113009,MDA,quan-ly-dat-dai,A09,Điểm học bạ,2025,20.8,Quản lý đất đai
113010,MDA,quan-ly-dat-dai,C04,Điểm học bạ,2025,20.8,Quản lý đất đai
113011,MDA,quan-ly-dat-dai,D01,Điểm học bạ,2025,20.8,Quản lý đất đai
113012,MDA,quan-ly-dat-dai,D10,Điểm học bạ,2025,20.8,Quản lý đất đai
113013,MDA,quan-ly-dat-dai,A00,Điểm thi THPT,2025,18.5,Quản lý đất đai
113014,MDA,quan-ly-dat-dai,A01,Điểm thi THPT,2025,18.5,Quản lý đất đai
113015,MDA,quan-ly-dat-dai,A09,Điểm thi THPT,2025,18.5,Quản lý đất đai
113016,MDA,quan-ly-dat-dai,C04,Điểm thi THPT,2025,18.5,Quản lý đất đai
113017,MDA,quan-ly-dat-dai,D01,Điểm thi THPT,2025,18.5,Quản lý đất đai
113018,MDA,quan-ly-dat-dai,D10,Điểm thi THPT,2025,18.5,Quản lý đất đai
113019,MDA,quan-ly-do-thi-va-cong-trinh,A00,Điểm học bạ,2025,18.0,Quản lý đô thị và công trình
113020,MDA,quan-ly-do-thi-va-cong-trinh,A07,Điểm học bạ,2025,18.0,Quản lý đô thị và công trình
113021,MDA,quan-ly-do-thi-va-cong-trinh,C01,Điểm học bạ,2025,18.0,Quản lý đô thị và công trình
113022,MDA,quan-ly-do-thi-va-cong-trinh,C02,Điểm học bạ,2025,18.0,Quản lý đô thị và công trình
113023,MDA,quan-ly-do-thi-va-cong-trinh,C04,Điểm học bạ,2025,18.0,Quản lý đô thị và công trình
113024,MDA,quan-ly-do-thi-va-cong-trinh,D01,Điểm học bạ,2025,18.0,Quản lý đô thị và công trình
113025,MDA,quan-ly-do-thi-va-cong-trinh,D07,Điểm học bạ,2025,18.0,Quản lý đô thị và công trình
113026,MDA,quan-ly-do-thi-va-cong-trinh,D10,Điểm học bạ,2025,18.0,Quản lý đô thị và công trình
113027,MDA,quan-ly-do-thi-va-cong-trinh,A00,Điểm thi THPT,2025,15.0,Quản lý đô thị và công trình
113028,MDA,quan-ly-do-thi-va-cong-trinh,A07,Điểm thi THPT,2025,15.0,Quản lý đô thị và công trình
113029,MDA,quan-ly-do-thi-va-cong-trinh,C01,Điểm thi THPT,2025,15.0,Quản lý đô thị và công trình
113030,MDA,quan-ly-do-thi-va-cong-trinh,C02,Điểm thi THPT,2025,15.0,Quản lý đô thị và công trình
113031,MDA,quan-ly-do-thi-va-cong-trinh,C04,Điểm thi THPT,2025,15.0,Quản lý đô thị và công trình
113032,MDA,quan-ly-do-thi-va-cong-trinh,D01,Điểm thi THPT,2025,15.0,Quản lý đô thị và công trình
113033,MDA,quan-ly-do-thi-va-cong-trinh,D07,Điểm thi THPT,2025,15.0,Quản lý đô thị và công trình
113034,MDA,quan-ly-do-thi-va-cong-trinh,D10,Điểm thi THPT,2025,15.0,Quản lý đô thị và công trình
113035,MDA,quan-ly-du-lieu-khoa-hoc-trai-dat,A00,Điểm học bạ,2023,19.5,Quản lý dữ liệu khoa học trái đất
113036,MDA,quan-ly-du-lieu-khoa-hoc-trai-dat,A01,Điểm học bạ,2023,19.5,Quản lý dữ liệu khoa học trái đất
113037,MDA,quan-ly-du-lieu-khoa-hoc-trai-dat,A04,Điểm học bạ,2023,19.5,Quản lý dữ liệu khoa học trái đất
113038,MDA,quan-ly-du-lieu-khoa-hoc-trai-dat,D07,Điểm học bạ,2023,19.5,Quản lý dữ liệu khoa học trái đất
113039,MDA,quan-ly-phan-tich-du-lieu-khoa-hoc-trai-dat,A00,Điểm thi THPT,2023,18.0,Quản lý phân tích dữ liệu khoa học trái đất
113040,MDA,quan-ly-phan-tich-du-lieu-khoa-hoc-trai-dat,A01,Điểm thi THPT,2023,18.0,Quản lý phân tích dữ liệu khoa học trái đất
113041,MDA,quan-ly-phan-tich-du-lieu-khoa-hoc-trai-dat,A04,Điểm thi THPT,2023,18.0,Quản lý phân tích dữ liệu khoa học trái đất
113042,MDA,quan-ly-phan-tich-du-lieu-khoa-hoc-trai-dat,D07,Điểm thi THPT,2023,18.0,Quản lý phân tích dữ liệu khoa học trái đất
113043,MDA,quan-ly-phan-tich-du-lieu-khoa-hoc-trai-dat,A00,Điểm học bạ,2024,18.0,Quản lý phân tích dữ liệu khoa học trái đất
113044,MDA,quan-ly-phan-tich-du-lieu-khoa-hoc-trai-dat,A01,Điểm học bạ,2024,18.0,Quản lý phân tích dữ liệu khoa học trái đất
113045,MDA,quan-ly-phan-tich-du-lieu-khoa-hoc-trai-dat,A04,Điểm học bạ,2024,18.0,Quản lý phân tích dữ liệu khoa học trái đất
113046,MDA,quan-ly-phan-tich-du-lieu-khoa-hoc-trai-dat,D07,Điểm học bạ,2024,18.0,Quản lý phân tích dữ liệu khoa học trái đất
113047,MDA,quan-ly-phan-tich-du-lieu-khoa-hoc-trai-dat,A00,Điểm thi THPT,2024,18.0,Quản lý phân tích dữ liệu khoa học trái đất
113048,MDA,quan-ly-phan-tich-du-lieu-khoa-hoc-trai-dat,A01,Điểm thi THPT,2024,18.0,Quản lý phân tích dữ liệu khoa học trái đất
113049,MDA,quan-ly-phan-tich-du-lieu-khoa-hoc-trai-dat,A04,Điểm thi THPT,2024,18.0,Quản lý phân tích dữ liệu khoa học trái đất
113050,MDA,quan-ly-phan-tich-du-lieu-khoa-hoc-trai-dat,D07,Điểm thi THPT,2024,18.0,Quản lý phân tích dữ liệu khoa học trái đất
113051,MDA,quan-ly-phat-trien-do-thi-va-bat-dong-san,A00,Điểm học bạ,2022,23.0,Quản lý phát triển đô thị và bất động sản
113052,MDA,quan-ly-phat-trien-do-thi-va-bat-dong-san,C04,Điểm học bạ,2022,23.0,Quản lý phát triển đô thị và bất động sản
113053,MDA,quan-ly-phat-trien-do-thi-va-bat-dong-san,D01,Điểm học bạ,2022,23.0,Quản lý phát triển đô thị và bất động sản
113054,MDA,quan-ly-phat-trien-do-thi-va-bat-dong-san,D10,Điểm học bạ,2022,23.0,Quản lý phát triển đô thị và bất động sản
113055,MDA,quan-ly-phat-trien-do-thi-va-bat-dong-san,A00,Điểm thi THPT,2022,16.5,Quản lý phát triển đô thị và bất động sản
113056,MDA,quan-ly-phat-trien-do-thi-va-bat-dong-san,C04,Điểm thi THPT,2022,16.5,Quản lý phát triển đô thị và bất động sản
113057,MDA,quan-ly-phat-trien-do-thi-va-bat-dong-san,D01,Điểm thi THPT,2022,16.5,Quản lý phát triển đô thị và bất động sản
113058,MDA,quan-ly-phat-trien-do-thi-va-bat-dong-san,D10,Điểm thi THPT,2022,16.5,Quản lý phát triển đô thị và bất động sản
113059,MDA,quan-ly-phat-trien-do-thi-va-bat-dong-san,A00,Điểm học bạ,2023,22.0,Quản lý phát triển đô thị và bất động sản
113060,MDA,quan-ly-phat-trien-do-thi-va-bat-dong-san,C04,Điểm học bạ,2023,22.0,Quản lý phát triển đô thị và bất động sản
113061,MDA,quan-ly-phat-trien-do-thi-va-bat-dong-san,D01,Điểm học bạ,2023,22.0,Quản lý phát triển đô thị và bất động sản
113062,MDA,quan-ly-phat-trien-do-thi-va-bat-dong-san,D10,Điểm học bạ,2023,22.0,Quản lý phát triển đô thị và bất động sản
113063,MDA,quan-ly-phat-trien-do-thi-va-bat-dong-san,A00,Điểm thi THPT,2023,22.5,Quản lý phát triển đô thị và Bất động sản
113064,MDA,quan-ly-phat-trien-do-thi-va-bat-dong-san,C04,Điểm thi THPT,2023,22.5,Quản lý phát triển đô thị và Bất động sản
113065,MDA,quan-ly-phat-trien-do-thi-va-bat-dong-san,D01,Điểm thi THPT,2023,22.5,Quản lý phát triển đô thị và Bất động sản
113066,MDA,quan-ly-phat-trien-do-thi-va-bat-dong-san,D10,Điểm thi THPT,2023,22.5,Quản lý phát triển đô thị và Bất động sản
113067,MDA,quan-ly-phat-trien-do-thi-va-bat-dong-san,A00,Điểm học bạ,2024,22.0,Quản lý phát triển đô thị và bất động sản
113068,MDA,quan-ly-phat-trien-do-thi-va-bat-dong-san,C04,Điểm học bạ,2024,22.0,Quản lý phát triển đô thị và bất động sản
113069,MDA,quan-ly-phat-trien-do-thi-va-bat-dong-san,D01,Điểm học bạ,2024,22.0,Quản lý phát triển đô thị và bất động sản
113070,MDA,quan-ly-phat-trien-do-thi-va-bat-dong-san,D10,Điểm học bạ,2024,22.0,Quản lý phát triển đô thị và bất động sản
113071,MDA,quan-ly-phat-trien-do-thi-va-bat-dong-san,A00,Điểm thi THPT,2024,24.1,Quản lý phát triển đô thị và Bất động sản
113072,MDA,quan-ly-phat-trien-do-thi-va-bat-dong-san,C04,Điểm thi THPT,2024,24.1,Quản lý phát triển đô thị và Bất động sản
113073,MDA,quan-ly-phat-trien-do-thi-va-bat-dong-san,D01,Điểm thi THPT,2024,24.1,Quản lý phát triển đô thị và Bất động sản
113074,MDA,quan-ly-phat-trien-do-thi-va-bat-dong-san,D10,Điểm thi THPT,2024,24.1,Quản lý phát triển đô thị và Bất động sản
113075,MDA,quan-ly-phat-trien-do-thi-va-bat-dong-san,A00,Điểm học bạ,2025,22.0,Quản lý phát triển đô thị và bất động sản
113076,MDA,quan-ly-phat-trien-do-thi-va-bat-dong-san,A01,Điểm học bạ,2025,22.0,Quản lý phát triển đô thị và bất động sản
113077,MDA,quan-ly-phat-trien-do-thi-va-bat-dong-san,C02,Điểm học bạ,2025,22.0,Quản lý phát triển đô thị và bất động sản
113078,MDA,quan-ly-phat-trien-do-thi-va-bat-dong-san,C03,Điểm học bạ,2025,22.0,Quản lý phát triển đô thị và bất động sản
113079,MDA,quan-ly-phat-trien-do-thi-va-bat-dong-san,C04,Điểm học bạ,2025,22.0,Quản lý phát triển đô thị và bất động sản
113080,MDA,quan-ly-phat-trien-do-thi-va-bat-dong-san,D01,Điểm học bạ,2025,22.0,Quản lý phát triển đô thị và bất động sản
113081,MDA,quan-ly-phat-trien-do-thi-va-bat-dong-san,D10,Điểm học bạ,2025,22.0,Quản lý phát triển đô thị và bất động sản
113082,MDA,quan-ly-phat-trien-do-thi-va-bat-dong-san,A00,Điểm thi THPT,2025,20.0,Quản lý phát triển đô thị và bất động sản
113083,MDA,quan-ly-phat-trien-do-thi-va-bat-dong-san,A01,Điểm thi THPT,2025,20.0,Quản lý phát triển đô thị và bất động sản
113084,MDA,quan-ly-phat-trien-do-thi-va-bat-dong-san,C02,Điểm thi THPT,2025,20.0,Quản lý phát triển đô thị và bất động sản
113085,MDA,quan-ly-phat-trien-do-thi-va-bat-dong-san,C03,Điểm thi THPT,2025,20.0,Quản lý phát triển đô thị và bất động sản
113086,MDA,quan-ly-phat-trien-do-thi-va-bat-dong-san,C04,Điểm thi THPT,2025,20.0,Quản lý phát triển đô thị và bất động sản
113087,MDA,quan-ly-phat-trien-do-thi-va-bat-dong-san,D01,Điểm thi THPT,2025,20.0,Quản lý phát triển đô thị và bất động sản
113088,MDA,quan-ly-phat-trien-do-thi-va-bat-dong-san,D10,Điểm thi THPT,2025,20.0,Quản lý phát triển đô thị và bất động sản
113089,MDA,quan-ly-tai-nguyen-khoang-san,A00,Điểm học bạ,2025,18.4,Quản lý tài nguyên khoáng sản
113090,MDA,quan-ly-tai-nguyen-khoang-san,A01,Điểm học bạ,2025,18.4,Quản lý tài nguyên khoáng sản
113091,MDA,quan-ly-tai-nguyen-khoang-san,A04,Điểm học bạ,2025,18.4,Quản lý tài nguyên khoáng sản
113092,MDA,quan-ly-tai-nguyen-khoang-san,A06,Điểm học bạ,2025,18.4,Quản lý tài nguyên khoáng sản
113093,MDA,quan-ly-tai-nguyen-khoang-san,B00,Điểm học bạ,2025,18.4,Quản lý tài nguyên khoáng sản
113094,MDA,quan-ly-tai-nguyen-khoang-san,C04,Điểm học bạ,2025,18.4,Quản lý tài nguyên khoáng sản
113095,MDA,quan-ly-tai-nguyen-khoang-san,D01,Điểm học bạ,2025,18.4,Quản lý tài nguyên khoáng sản
113096,MDA,quan-ly-tai-nguyen-khoang-san,D10,Điểm học bạ,2025,18.4,Quản lý tài nguyên khoáng sản
113097,MDA,quan-ly-tai-nguyen-khoang-san,A00,Điểm thi THPT,2025,15.5,Quản lý tài nguyên khoáng sản
113098,MDA,quan-ly-tai-nguyen-khoang-san,A01,Điểm thi THPT,2025,15.5,Quản lý tài nguyên khoáng sản
113099,MDA,quan-ly-tai-nguyen-khoang-san,A04,Điểm thi THPT,2025,15.5,Quản lý tài nguyên khoáng sản
113100,MDA,quan-ly-tai-nguyen-khoang-san,A06,Điểm thi THPT,2025,15.5,Quản lý tài nguyên khoáng sản
113101,MDA,quan-ly-tai-nguyen-khoang-san,B00,Điểm thi THPT,2025,15.5,Quản lý tài nguyên khoáng sản
113102,MDA,quan-ly-tai-nguyen-khoang-san,C04,Điểm thi THPT,2025,15.5,Quản lý tài nguyên khoáng sản
113103,MDA,quan-ly-tai-nguyen-khoang-san,D01,Điểm thi THPT,2025,15.5,Quản lý tài nguyên khoáng sản
113104,MDA,quan-ly-tai-nguyen-khoang-san,D10,Điểm thi THPT,2025,15.5,Quản lý tài nguyên khoáng sản
113105,MDA,quan-ly-tai-nguyen-moi-truong,A00,Điểm học bạ,2021,18.0,Quản lý tài nguyên môi trường
113106,MDA,quan-ly-tai-nguyen-moi-truong,B00,Điểm học bạ,2021,18.0,Quản lý tài nguyên môi trường
113107,MDA,quan-ly-tai-nguyen-moi-truong,C04,Điểm học bạ,2021,18.0,Quản lý tài nguyên môi trường
113108,MDA,quan-ly-tai-nguyen-moi-truong,D01,Điểm học bạ,2021,18.0,Quản lý tài nguyên môi trường
113109,MDA,quan-ly-tai-nguyen-moi-truong,A00,Điểm thi THPT,2021,15.0,Quản lý tài nguyên môi trường
113110,MDA,quan-ly-tai-nguyen-moi-truong,B00,Điểm thi THPT,2021,15.0,Quản lý tài nguyên môi trường
113111,MDA,quan-ly-tai-nguyen-moi-truong,C04,Điểm thi THPT,2021,15.0,Quản lý tài nguyên môi trường
113112,MDA,quan-ly-tai-nguyen-moi-truong,D01,Điểm thi THPT,2021,15.0,Quản lý tài nguyên môi trường
113113,MDA,quan-ly-tai-nguyen-va-moi-truong,A00,Điểm học bạ,2022,18.0,Quản lý tài nguyên và môi trường
113114,MDA,quan-ly-tai-nguyen-va-moi-truong,B08,Điểm học bạ,2022,18.0,Quản lý tài nguyên và môi trường
113115,MDA,quan-ly-tai-nguyen-va-moi-truong,C04,Điểm học bạ,2022,18.0,Quản lý tài nguyên và môi trường
113116,MDA,quan-ly-tai-nguyen-va-moi-truong,D01,Điểm học bạ,2022,18.0,Quản lý tài nguyên và môi trường
113117,MDA,quan-ly-tai-nguyen-va-moi-truong,A00,Điểm thi THPT,2022,15.0,Quản lý tài nguyên và môi trường
113118,MDA,quan-ly-tai-nguyen-va-moi-truong,B08,Điểm thi THPT,2022,15.0,Quản lý tài nguyên và môi trường
113119,MDA,quan-ly-tai-nguyen-va-moi-truong,C04,Điểm thi THPT,2022,15.0,Quản lý tài nguyên và môi trường
113120,MDA,quan-ly-tai-nguyen-va-moi-truong,D01,Điểm thi THPT,2022,15.0,Quản lý tài nguyên và môi trường
113121,MDA,quan-ly-tai-nguyen-va-moi-truong,A00,Điểm học bạ,2023,20.0,Quản lý tài nguyên và môi trường
113122,MDA,quan-ly-tai-nguyen-va-moi-truong,B00,Điểm học bạ,2023,20.0,Quản lý tài nguyên và môi trường
113123,MDA,quan-ly-tai-nguyen-va-moi-truong,C04,Điểm học bạ,2023,20.0,Quản lý tài nguyên và môi trường
113124,MDA,quan-ly-tai-nguyen-va-moi-truong,D01,Điểm học bạ,2023,20.0,Quản lý tài nguyên và môi trường
113125,MDA,quan-ly-tai-nguyen-va-moi-truong,A00,Điểm thi THPT,2023,18.0,Quản lý Tài nguyên và môi trường
113126,MDA,quan-ly-tai-nguyen-va-moi-truong,B00,Điểm thi THPT,2023,18.0,Quản lý Tài nguyên và môi trường
113127,MDA,quan-ly-tai-nguyen-va-moi-truong,C04,Điểm thi THPT,2023,18.0,Quản lý Tài nguyên và môi trường
113128,MDA,quan-ly-tai-nguyen-va-moi-truong,D01,Điểm thi THPT,2023,18.0,Quản lý Tài nguyên và môi trường
113129,MDA,quan-ly-tai-nguyen-va-moi-truong,A00,Điểm học bạ,2024,20.0,Quản lý tài nguyên và môi trường
113130,MDA,quan-ly-tai-nguyen-va-moi-truong,B00,Điểm học bạ,2024,20.0,Quản lý tài nguyên và môi trường
113131,MDA,quan-ly-tai-nguyen-va-moi-truong,C04,Điểm học bạ,2024,20.0,Quản lý tài nguyên và môi trường
113132,MDA,quan-ly-tai-nguyen-va-moi-truong,D01,Điểm học bạ,2024,20.0,Quản lý tài nguyên và môi trường
113133,MDA,quan-ly-tai-nguyen-va-moi-truong,A00,Điểm thi THPT,2024,21.5,Quản lý tài nguyên và môi trường
113134,MDA,quan-ly-tai-nguyen-va-moi-truong,B00,Điểm thi THPT,2024,21.5,Quản lý tài nguyên và môi trường
113135,MDA,quan-ly-tai-nguyen-va-moi-truong,C04,Điểm thi THPT,2024,21.5,Quản lý tài nguyên và môi trường
113136,MDA,quan-ly-tai-nguyen-va-moi-truong,D01,Điểm thi THPT,2024,21.5,Quản lý tài nguyên và môi trường
113137,MDA,quan-ly-tai-nguyen-va-moi-truong,A00,Điểm học bạ,2025,20.8,Quản lý tài nguyên và môi trường
113138,MDA,quan-ly-tai-nguyen-va-moi-truong,A07,Điểm học bạ,2025,20.8,Quản lý tài nguyên và môi trường
113139,MDA,quan-ly-tai-nguyen-va-moi-truong,A09,Điểm học bạ,2025,20.8,Quản lý tài nguyên và môi trường
113140,MDA,quan-ly-tai-nguyen-va-moi-truong,B00,Điểm học bạ,2025,20.8,Quản lý tài nguyên và môi trường
113141,MDA,quan-ly-tai-nguyen-va-moi-truong,C04,Điểm học bạ,2025,20.8,Quản lý tài nguyên và môi trường
113142,MDA,quan-ly-tai-nguyen-va-moi-truong,C14,Điểm học bạ,2025,20.8,Quản lý tài nguyên và môi trường
113143,MDA,quan-ly-tai-nguyen-va-moi-truong,D01,Điểm học bạ,2025,20.8,Quản lý tài nguyên và môi trường
113144,MDA,quan-ly-tai-nguyen-va-moi-truong,D10,Điểm học bạ,2025,20.8,Quản lý tài nguyên và môi trường
113145,MDA,quan-ly-tai-nguyen-va-moi-truong,A00,Điểm thi THPT,2025,18.5,Quản lý tài nguyên và môi trường
113146,MDA,quan-ly-tai-nguyen-va-moi-truong,A07,Điểm thi THPT,2025,18.5,Quản lý tài nguyên và môi trường
113147,MDA,quan-ly-tai-nguyen-va-moi-truong,A09,Điểm thi THPT,2025,18.5,Quản lý tài nguyên và môi trường
113148,MDA,quan-ly-tai-nguyen-va-moi-truong,B00,Điểm thi THPT,2025,18.5,Quản lý tài nguyên và môi trường
113149,MDA,quan-ly-tai-nguyen-va-moi-truong,C04,Điểm thi THPT,2025,18.5,Quản lý tài nguyên và môi trường
113150,MDA,quan-ly-tai-nguyen-va-moi-truong,C14,Điểm thi THPT,2025,18.5,Quản lý tài nguyên và môi trường
113151,MDA,quan-ly-tai-nguyen-va-moi-truong,D01,Điểm thi THPT,2025,18.5,Quản lý tài nguyên và môi trường
113152,MDA,quan-ly-tai-nguyen-va-moi-truong,D10,Điểm thi THPT,2025,18.5,Quản lý tài nguyên và môi trường
113153,MDA,quan-ly-va-phan-tich-du-lieu-khoa-hoc,A00,Điểm học bạ,2022,20.5,Quản lý và phân tích dữ liệu khoa học
113154,MDA,quan-ly-va-phan-tich-du-lieu-khoa-hoc,A01,Điểm học bạ,2022,20.5,Quản lý và phân tích dữ liệu khoa học
113155,MDA,quan-ly-va-phan-tich-du-lieu-khoa-hoc,A04,Điểm học bạ,2022,20.5,Quản lý và phân tích dữ liệu khoa học
113156,MDA,quan-ly-va-phan-tich-du-lieu-khoa-hoc,D07,Điểm học bạ,2022,20.5,Quản lý và phân tích dữ liệu khoa học
113157,MDA,quan-ly-va-phan-tich-du-lieu-khoa-hoc,A00,Điểm thi THPT,2022,18.0,Quản lý và phân tích dữ liệu khoa học
113158,MDA,quan-ly-va-phan-tich-du-lieu-khoa-hoc,A01,Điểm thi THPT,2022,18.0,Quản lý và phân tích dữ liệu khoa học
113159,MDA,quan-ly-va-phan-tich-du-lieu-khoa-hoc,A04,Điểm thi THPT,2022,18.0,Quản lý và phân tích dữ liệu khoa học
113160,MDA,quan-ly-va-phan-tich-du-lieu-khoa-hoc,D07,Điểm thi THPT,2022,18.0,Quản lý và phân tích dữ liệu khoa học
113161,MDA,quan-ly-va-phan-tich-du-lieu-khoa-hoc,A00,Điểm học bạ,2025,18.8,Quản lý và phân tích dữ liệu khoa học
113162,MDA,quan-ly-va-phan-tich-du-lieu-khoa-hoc,A01,Điểm học bạ,2025,18.8,Quản lý và phân tích dữ liệu khoa học
113163,MDA,quan-ly-va-phan-tich-du-lieu-khoa-hoc,A04,Điểm học bạ,2025,18.8,Quản lý và phân tích dữ liệu khoa học
113164,MDA,quan-ly-va-phan-tich-du-lieu-khoa-hoc,A06,Điểm học bạ,2025,18.8,Quản lý và phân tích dữ liệu khoa học
113165,MDA,quan-ly-va-phan-tich-du-lieu-khoa-hoc,B00,Điểm học bạ,2025,18.8,Quản lý và phân tích dữ liệu khoa học
113166,MDA,quan-ly-va-phan-tich-du-lieu-khoa-hoc,B02,Điểm học bạ,2025,18.8,Quản lý và phân tích dữ liệu khoa học
113167,MDA,quan-ly-va-phan-tich-du-lieu-khoa-hoc,B08,Điểm học bạ,2025,18.8,Quản lý và phân tích dữ liệu khoa học
113168,MDA,quan-ly-va-phan-tich-du-lieu-khoa-hoc,D07,Điểm học bạ,2025,18.8,Quản lý và phân tích dữ liệu khoa học
113169,MDA,quan-ly-va-phan-tich-du-lieu-khoa-hoc,A00,Điểm thi THPT,2025,16.0,Quản lý và phân tích dữ liệu khoa học
113170,MDA,quan-ly-va-phan-tich-du-lieu-khoa-hoc,A01,Điểm thi THPT,2025,16.0,Quản lý và phân tích dữ liệu khoa học
113171,MDA,quan-ly-va-phan-tich-du-lieu-khoa-hoc,A04,Điểm thi THPT,2025,16.0,Quản lý và phân tích dữ liệu khoa học
113172,MDA,quan-ly-va-phan-tich-du-lieu-khoa-hoc,A06,Điểm thi THPT,2025,16.0,Quản lý và phân tích dữ liệu khoa học
113173,MDA,quan-ly-va-phan-tich-du-lieu-khoa-hoc,B00,Điểm thi THPT,2025,16.0,Quản lý và phân tích dữ liệu khoa học
113174,MDA,quan-ly-va-phan-tich-du-lieu-khoa-hoc,B02,Điểm thi THPT,2025,16.0,Quản lý và phân tích dữ liệu khoa học
113175,MDA,quan-ly-va-phan-tich-du-lieu-khoa-hoc,B08,Điểm thi THPT,2025,16.0,Quản lý và phân tích dữ liệu khoa học
113176,MDA,quan-ly-va-phan-tich-du-lieu-khoa-hoc,D07,Điểm thi THPT,2025,16.0,Quản lý và phân tích dữ liệu khoa học
113177,MDA,quan-ly-xay-dung,A00,Điểm học bạ,2022,18.0,Quản lý xây dựng
113178,MDA,quan-ly-xay-dung,A01,Điểm học bạ,2022,18.0,Quản lý xây dựng
113179,MDA,quan-ly-xay-dung,C04,Điểm học bạ,2022,18.0,Quản lý xây dựng
113180,MDA,quan-ly-xay-dung,D01,Điểm học bạ,2022,18.0,Quản lý xây dựng
113181,MDA,quan-ly-xay-dung,A00,Điểm thi THPT,2022,16.0,Quản lý xây dựng
113182,MDA,quan-ly-xay-dung,A01,Điểm thi THPT,2022,16.0,Quản lý xây dựng
113183,MDA,quan-ly-xay-dung,C04,Điểm thi THPT,2022,16.0,Quản lý xây dựng
113184,MDA,quan-ly-xay-dung,D01,Điểm thi THPT,2022,16.0,Quản lý xây dựng
113185,MDA,quan-ly-xay-dung,A00,Điểm học bạ,2023,19.5,Quản lý xây dựng
113186,MDA,quan-ly-xay-dung,A01,Điểm học bạ,2023,19.5,Quản lý xây dựng
113187,MDA,quan-ly-xay-dung,C04,Điểm học bạ,2023,19.5,Quản lý xây dựng
113188,MDA,quan-ly-xay-dung,D01,Điểm học bạ,2023,19.5,Quản lý xây dựng
113189,MDA,quan-ly-xay-dung,A00,Điểm thi THPT,2023,19.5,Quản lý xây dựng
113190,MDA,quan-ly-xay-dung,A01,Điểm thi THPT,2023,19.5,Quản lý xây dựng
113191,MDA,quan-ly-xay-dung,C04,Điểm thi THPT,2023,19.5,Quản lý xây dựng
113192,MDA,quan-ly-xay-dung,D01,Điểm thi THPT,2023,19.5,Quản lý xây dựng
113193,MDA,quan-ly-xay-dung,A00,Điểm học bạ,2024,20.0,Quản lý xây dựng
113194,MDA,quan-ly-xay-dung,A01,Điểm học bạ,2024,20.0,Quản lý xây dựng
113195,MDA,quan-ly-xay-dung,C04,Điểm học bạ,2024,20.0,Quản lý xây dựng
113196,MDA,quan-ly-xay-dung,D01,Điểm học bạ,2024,20.0,Quản lý xây dựng
113197,MDA,quan-ly-xay-dung,A00,Điểm thi THPT,2024,19.5,Quản lý xây dựng
113198,MDA,quan-ly-xay-dung,A01,Điểm thi THPT,2024,19.5,Quản lý xây dựng
113199,MDA,quan-ly-xay-dung,C04,Điểm thi THPT,2024,19.5,Quản lý xây dựng
113200,MDA,quan-ly-xay-dung,D01,Điểm thi THPT,2024,19.5,Quản lý xây dựng
113201,MDA,quan-ly-xay-dung,A00,Điểm học bạ,2025,22.8,Quản lý xây dựng
113202,MDA,quan-ly-xay-dung,A01,Điểm học bạ,2025,22.8,Quản lý xây dựng
113203,MDA,quan-ly-xay-dung,A10,Điểm học bạ,2025,22.8,Quản lý xây dựng
113204,MDA,quan-ly-xay-dung,B04,Điểm học bạ,2025,22.8,Quản lý xây dựng
113205,MDA,quan-ly-xay-dung,C01,Điểm học bạ,2025,22.8,Quản lý xây dựng
113206,MDA,quan-ly-xay-dung,C02,Điểm học bạ,2025,22.8,Quản lý xây dựng
113207,MDA,quan-ly-xay-dung,C04,Điểm học bạ,2025,22.8,Quản lý xây dựng
113208,MDA,quan-ly-xay-dung,D01,Điểm học bạ,2025,22.8,Quản lý xây dựng
113209,MDA,quan-ly-xay-dung,A00,Điểm thi THPT,2025,21.0,Quản lý xây dựng
113210,MDA,quan-ly-xay-dung,A01,Điểm thi THPT,2025,21.0,Quản lý xây dựng
113211,MDA,quan-ly-xay-dung,A10,Điểm thi THPT,2025,21.0,Quản lý xây dựng
113212,MDA,quan-ly-xay-dung,B04,Điểm thi THPT,2025,21.0,Quản lý xây dựng
113213,MDA,quan-ly-xay-dung,C01,Điểm thi THPT,2025,21.0,Quản lý xây dựng
113214,MDA,quan-ly-xay-dung,C02,Điểm thi THPT,2025,21.0,Quản lý xây dựng
113215,MDA,quan-ly-xay-dung,C04,Điểm thi THPT,2025,21.0,Quản lý xây dựng
113216,MDA,quan-ly-xay-dung,D01,Điểm thi THPT,2025,21.0,Quản lý xây dựng
113217,MDA,quan-tri-kinh-doanh,A00,Điểm học bạ,2021,22.6,Quản trị kinh doanh
113218,MDA,quan-tri-kinh-doanh,A01,Điểm học bạ,2021,22.6,Quản trị kinh doanh
113219,MDA,quan-tri-kinh-doanh,D01,Điểm học bạ,2021,22.6,Quản trị kinh doanh
113220,MDA,quan-tri-kinh-doanh,D07,Điểm học bạ,2021,22.6,Quản trị kinh doanh
113221,MDA,quan-tri-kinh-doanh,A00,Điểm thi THPT,2021,18.5,Quản trị kinh doanh
113222,MDA,quan-tri-kinh-doanh,A01,Điểm thi THPT,2021,18.5,Quản trị kinh doanh
113223,MDA,quan-tri-kinh-doanh,D01,Điểm thi THPT,2021,18.5,Quản trị kinh doanh
113224,MDA,quan-tri-kinh-doanh,D07,Điểm thi THPT,2021,18.5,Quản trị kinh doanh
113225,MDA,quan-tri-kinh-doanh,A00,Điểm học bạ,2022,26.0,Quản trị kinh doanh
113226,MDA,quan-tri-kinh-doanh,A01,Điểm học bạ,2022,26.0,Quản trị kinh doanh
113227,MDA,quan-tri-kinh-doanh,D01,Điểm học bạ,2022,26.0,Quản trị kinh doanh
113228,MDA,quan-tri-kinh-doanh,D07,Điểm học bạ,2022,26.0,Quản trị kinh doanh
113229,MDA,quan-tri-kinh-doanh,A00,Điểm thi THPT,2022,22.0,Quản trị kinh doanh
113230,MDA,quan-tri-kinh-doanh,A01,Điểm thi THPT,2022,22.0,Quản trị kinh doanh
113231,MDA,quan-tri-kinh-doanh,D01,Điểm thi THPT,2022,22.0,Quản trị kinh doanh
113232,MDA,quan-tri-kinh-doanh,D07,Điểm thi THPT,2022,22.0,Quản trị kinh doanh
113233,MDA,quan-tri-kinh-doanh,A00,Điểm học bạ,2023,26.5,Quản trị kinh doanh
113234,MDA,quan-tri-kinh-doanh,A01,Điểm học bạ,2023,26.5,Quản trị kinh doanh
113235,MDA,quan-tri-kinh-doanh,D01,Điểm học bạ,2023,26.5,Quản trị kinh doanh
113236,MDA,quan-tri-kinh-doanh,D07,Điểm học bạ,2023,26.5,Quản trị kinh doanh
113237,MDA,quan-tri-kinh-doanh,A00,Điểm thi THPT,2023,23.25,Quản trị kinh doanh
113238,MDA,quan-tri-kinh-doanh,A01,Điểm thi THPT,2023,23.25,Quản trị kinh doanh
113239,MDA,quan-tri-kinh-doanh,D01,Điểm thi THPT,2023,23.25,Quản trị kinh doanh
113240,MDA,quan-tri-kinh-doanh,D07,Điểm thi THPT,2023,23.25,Quản trị kinh doanh
113241,MDA,quan-tri-kinh-doanh,A00,Điểm học bạ,2024,26.0,Quản trị kinh doanh
113242,MDA,quan-tri-kinh-doanh,A01,Điểm học bạ,2024,26.0,Quản trị kinh doanh
113243,MDA,quan-tri-kinh-doanh,D01,Điểm học bạ,2024,26.0,Quản trị kinh doanh
113244,MDA,quan-tri-kinh-doanh,D07,Điểm học bạ,2024,26.0,Quản trị kinh doanh
113245,MDA,quan-tri-kinh-doanh,A00,Điểm thi THPT,2024,23.75,Quản trị kinh doanh
113246,MDA,quan-tri-kinh-doanh,A01,Điểm thi THPT,2024,23.75,Quản trị kinh doanh
113247,MDA,quan-tri-kinh-doanh,D01,Điểm thi THPT,2024,23.75,Quản trị kinh doanh
113248,MDA,quan-tri-kinh-doanh,D07,Điểm thi THPT,2024,23.75,Quản trị kinh doanh
113249,MDA,quan-tri-kinh-doanh,A00,Điểm học bạ,2025,24.4,Quản trị kinh doanh
113250,MDA,quan-tri-kinh-doanh,A01,Điểm học bạ,2025,24.4,Quản trị kinh doanh
113251,MDA,quan-tri-kinh-doanh,C04,Điểm học bạ,2025,24.4,Quản trị kinh doanh
113252,MDA,quan-tri-kinh-doanh,D01,Điểm học bạ,2025,24.4,Quản trị kinh doanh
113253,MDA,quan-tri-kinh-doanh,D07,Điểm học bạ,2025,24.4,Quản trị kinh doanh
113254,MDA,quan-tri-kinh-doanh,D09,Điểm học bạ,2025,24.4,Quản trị kinh doanh
113255,MDA,quan-tri-kinh-doanh,D10,Điểm học bạ,2025,24.4,Quản trị kinh doanh
113256,MDA,quan-tri-kinh-doanh,D84,Điểm học bạ,2025,24.4,Quản trị kinh doanh
113257,MDA,quan-tri-kinh-doanh,A00,Điểm thi THPT,2025,23.0,Quản trị kinh doanh
113258,MDA,quan-tri-kinh-doanh,A01,Điểm thi THPT,2025,23.0,Quản trị kinh doanh
113259,MDA,quan-tri-kinh-doanh,C04,Điểm thi THPT,2025,23.0,Quản trị kinh doanh
113260,MDA,quan-tri-kinh-doanh,D01,Điểm thi THPT,2025,23.0,Quản trị kinh doanh
113261,MDA,quan-tri-kinh-doanh,D07,Điểm thi THPT,2025,23.0,Quản trị kinh doanh
113262,MDA,quan-tri-kinh-doanh,D09,Điểm thi THPT,2025,23.0,Quản trị kinh doanh
113263,MDA,quan-tri-kinh-doanh,D10,Điểm thi THPT,2025,23.0,Quản trị kinh doanh
113264,MDA,quan-tri-kinh-doanh,D84,Điểm thi THPT,2025,23.0,Quản trị kinh doanh
113265,MDA,tai-chinh-ngan-hang,A00,Điểm học bạ,2021,21.1,Tài chính - ngân hàng
113266,MDA,tai-chinh-ngan-hang,A01,Điểm học bạ,2021,21.1,Tài chính - ngân hàng
113267,MDA,tai-chinh-ngan-hang,D01,Điểm học bạ,2021,21.1,Tài chính - ngân hàng
113268,MDA,tai-chinh-ngan-hang,D07,Điểm học bạ,2021,21.1,Tài chính - ngân hàng
113269,MDA,tai-chinh-ngan-hang,A00,Điểm thi THPT,2021,18.0,Tài chính - ngân hàng
113270,MDA,tai-chinh-ngan-hang,A01,Điểm thi THPT,2021,18.0,Tài chính - ngân hàng
113271,MDA,tai-chinh-ngan-hang,D01,Điểm thi THPT,2021,18.0,Tài chính - ngân hàng
113272,MDA,tai-chinh-ngan-hang,D07,Điểm thi THPT,2021,18.0,Tài chính - ngân hàng
113273,MDA,tai-chinh-ngan-hang,A00,Điểm học bạ,2022,26.0,Tài chính - Ngân hàng
113274,MDA,tai-chinh-ngan-hang,A01,Điểm học bạ,2022,26.0,Tài chính - Ngân hàng
113275,MDA,tai-chinh-ngan-hang,D01,Điểm học bạ,2022,26.0,Tài chính - Ngân hàng
113276,MDA,tai-chinh-ngan-hang,D07,Điểm học bạ,2022,26.0,Tài chính - Ngân hàng
113277,MDA,tai-chinh-ngan-hang,A00,Điểm thi THPT,2022,22.0,Tài chính - Ngân hàng
113278,MDA,tai-chinh-ngan-hang,A01,Điểm thi THPT,2022,22.0,Tài chính - Ngân hàng
113279,MDA,tai-chinh-ngan-hang,D01,Điểm thi THPT,2022,22.0,Tài chính - Ngân hàng
113280,MDA,tai-chinh-ngan-hang,D07,Điểm thi THPT,2022,22.0,Tài chính - Ngân hàng
113281,MDA,tai-chinh-ngan-hang,A00,Điểm học bạ,2023,26.5,Tài chính - Ngân hàng
113282,MDA,tai-chinh-ngan-hang,A01,Điểm học bạ,2023,26.5,Tài chính - Ngân hàng
113283,MDA,tai-chinh-ngan-hang,D01,Điểm học bạ,2023,26.5,Tài chính - Ngân hàng
113284,MDA,tai-chinh-ngan-hang,D07,Điểm học bạ,2023,26.5,Tài chính - Ngân hàng
113285,MDA,tai-chinh-ngan-hang,A00,Điểm thi THPT,2023,23.25,Tài chính - Ngân hàng
113286,MDA,tai-chinh-ngan-hang,A01,Điểm thi THPT,2023,23.25,Tài chính - Ngân hàng
113287,MDA,tai-chinh-ngan-hang,D01,Điểm thi THPT,2023,23.25,Tài chính - Ngân hàng
113288,MDA,tai-chinh-ngan-hang,D07,Điểm thi THPT,2023,23.25,Tài chính - Ngân hàng
113289,MDA,tai-chinh-ngan-hang,A00,Điểm học bạ,2024,26.0,Tài chính - Ngân hàng
113290,MDA,tai-chinh-ngan-hang,A01,Điểm học bạ,2024,26.0,Tài chính - Ngân hàng
113291,MDA,tai-chinh-ngan-hang,D01,Điểm học bạ,2024,26.0,Tài chính - Ngân hàng
113292,MDA,tai-chinh-ngan-hang,D07,Điểm học bạ,2024,26.0,Tài chính - Ngân hàng
113293,MDA,tai-chinh-ngan-hang,A00,Điểm thi THPT,2024,23.75,Tài chính - Ngân hàng
113294,MDA,tai-chinh-ngan-hang,A01,Điểm thi THPT,2024,23.75,Tài chính - Ngân hàng
113295,MDA,tai-chinh-ngan-hang,D01,Điểm thi THPT,2024,23.75,Tài chính - Ngân hàng
113296,MDA,tai-chinh-ngan-hang,D07,Điểm thi THPT,2024,23.75,Tài chính - Ngân hàng
113297,MDA,tai-chinh-ngan-hang,A00,Điểm học bạ,2025,24.4,Tài chính - Ngân hàng
113298,MDA,tai-chinh-ngan-hang,A01,Điểm học bạ,2025,24.4,Tài chính - Ngân hàng
113299,MDA,tai-chinh-ngan-hang,C01,Điểm học bạ,2025,24.4,Tài chính - Ngân hàng
113300,MDA,tai-chinh-ngan-hang,D01,Điểm học bạ,2025,24.4,Tài chính - Ngân hàng
113301,MDA,tai-chinh-ngan-hang,D07,Điểm học bạ,2025,24.4,Tài chính - Ngân hàng
113302,MDA,tai-chinh-ngan-hang,D09,Điểm học bạ,2025,24.4,Tài chính - Ngân hàng
113303,MDA,tai-chinh-ngan-hang,D10,Điểm học bạ,2025,24.4,Tài chính - Ngân hàng
113304,MDA,tai-chinh-ngan-hang,D84,Điểm học bạ,2025,24.4,Tài chính - Ngân hàng
113305,MDA,tai-chinh-ngan-hang,A00,Điểm thi THPT,2025,23.0,Tài chính - Ngân hàng
113306,MDA,tai-chinh-ngan-hang,A01,Điểm thi THPT,2025,23.0,Tài chính - Ngân hàng
113307,MDA,tai-chinh-ngan-hang,C01,Điểm thi THPT,2025,23.0,Tài chính - Ngân hàng
113308,MDA,tai-chinh-ngan-hang,D01,Điểm thi THPT,2025,23.0,Tài chính - Ngân hàng
113309,MDA,tai-chinh-ngan-hang,D07,Điểm thi THPT,2025,23.0,Tài chính - Ngân hàng
113310,MDA,tai-chinh-ngan-hang,D09,Điểm thi THPT,2025,23.0,Tài chính - Ngân hàng
113311,MDA,tai-chinh-ngan-hang,D10,Điểm thi THPT,2025,23.0,Tài chính - Ngân hàng
113312,MDA,tai-chinh-ngan-hang,D84,Điểm thi THPT,2025,23.0,Tài chính - Ngân hàng
113313,MDA,xay-dung-cong-trinh-ngam-thanh-pho-va-he-thong-tau-dien,A00,Điểm thi THPT,2024,16.0,Xây dựng công trình ngắm thành phố và Hệ thống tàu điện
113314,MDA,xay-dung-cong-trinh-ngam-thanh-pho-va-he-thong-tau-dien,A01,Điểm thi THPT,2024,16.0,Xây dựng công trình ngắm thành phố và Hệ thống tàu điện
113315,MDA,xay-dung-cong-trinh-ngam-thanh-pho-va-he-thong-tau-dien,C04,Điểm thi THPT,2024,16.0,Xây dựng công trình ngắm thành phố và Hệ thống tàu điện
113316,MDA,xay-dung-cong-trinh-ngam-thanh-pho-va-he-thong-tau-dien,D01,Điểm thi THPT,2024,16.0,Xây dựng công trình ngắm thành phố và Hệ thống tàu điện
113317,MDA,xay-dung-cong-trinh-ngam-thanh-pho-va-he-thong-tau-dien-ngam,A00,Điểm học bạ,2021,18.0,Xây dựng công trình ngầm thành phố và Hệ thống tàu điện ngầm
113318,MDA,xay-dung-cong-trinh-ngam-thanh-pho-va-he-thong-tau-dien-ngam,A01,Điểm học bạ,2021,18.0,Xây dựng công trình ngầm thành phố và Hệ thống tàu điện ngầm
113319,MDA,xay-dung-cong-trinh-ngam-thanh-pho-va-he-thong-tau-dien-ngam,C01,Điểm học bạ,2021,18.0,Xây dựng công trình ngầm thành phố và Hệ thống tàu điện ngầm
113320,MDA,xay-dung-cong-trinh-ngam-thanh-pho-va-he-thong-tau-dien-ngam,D07,Điểm học bạ,2021,18.0,Xây dựng công trình ngầm thành phố và Hệ thống tàu điện ngầm
113321,MDA,xay-dung-cong-trinh-ngam-thanh-pho-va-he-thong-tau-dien-ngam,A00,Điểm thi THPT,2021,15.0,Xây dựng công trình ngầm thành phố và Hệ thống tàu điện ngầm
113322,MDA,xay-dung-cong-trinh-ngam-thanh-pho-va-he-thong-tau-dien-ngam,A01,Điểm thi THPT,2021,15.0,Xây dựng công trình ngầm thành phố và Hệ thống tàu điện ngầm
113323,MDA,xay-dung-cong-trinh-ngam-thanh-pho-va-he-thong-tau-dien-ngam,C01,Điểm thi THPT,2021,15.0,Xây dựng công trình ngầm thành phố và Hệ thống tàu điện ngầm
113324,MDA,xay-dung-cong-trinh-ngam-thanh-pho-va-he-thong-tau-dien-ngam,D07,Điểm thi THPT,2021,15.0,Xây dựng công trình ngầm thành phố và Hệ thống tàu điện ngầm
113325,MDA,xay-dung-cong-trinh-ngam-thanh-pho-va-he-thong-tau-dien-ngam,A00,Điểm học bạ,2022,18.0,Xây dựng công trình ngắm thành phố và Hệ thống tàu điện ngầm
113326,MDA,xay-dung-cong-trinh-ngam-thanh-pho-va-he-thong-tau-dien-ngam,A01,Điểm học bạ,2022,18.0,Xây dựng công trình ngắm thành phố và Hệ thống tàu điện ngầm
113327,MDA,xay-dung-cong-trinh-ngam-thanh-pho-va-he-thong-tau-dien-ngam,C04,Điểm học bạ,2022,18.0,Xây dựng công trình ngắm thành phố và Hệ thống tàu điện ngầm
113328,MDA,xay-dung-cong-trinh-ngam-thanh-pho-va-he-thong-tau-dien-ngam,D01,Điểm học bạ,2022,18.0,Xây dựng công trình ngắm thành phố và Hệ thống tàu điện ngầm
113329,MDA,xay-dung-cong-trinh-ngam-thanh-pho-va-he-thong-tau-dien-ngam,A00,Điểm thi THPT,2022,15.0,Xây dựng công trình ngắm thành phố và Hệ thống tàu điện ngầm
113330,MDA,xay-dung-cong-trinh-ngam-thanh-pho-va-he-thong-tau-dien-ngam,A01,Điểm thi THPT,2022,15.0,Xây dựng công trình ngắm thành phố và Hệ thống tàu điện ngầm
113331,MDA,xay-dung-cong-trinh-ngam-thanh-pho-va-he-thong-tau-dien-ngam,C04,Điểm thi THPT,2022,15.0,Xây dựng công trình ngắm thành phố và Hệ thống tàu điện ngầm
113332,MDA,xay-dung-cong-trinh-ngam-thanh-pho-va-he-thong-tau-dien-ngam,D01,Điểm thi THPT,2022,15.0,Xây dựng công trình ngắm thành phố và Hệ thống tàu điện ngầm
113333,MDA,xay-dung-cong-trinh-ngam-thanh-pho-va-he-thong-tau-dien-ngam,A00,Điểm thi THPT,2023,15.0,Xây dựng công trình ngầm thành phố và hệ thống tàu điện ngầm
113334,MDA,xay-dung-cong-trinh-ngam-thanh-pho-va-he-thong-tau-dien-ngam,A01,Điểm thi THPT,2023,15.0,Xây dựng công trình ngầm thành phố và hệ thống tàu điện ngầm
113335,MDA,xay-dung-cong-trinh-ngam-thanh-pho-va-he-thong-tau-dien-ngam,C04,Điểm thi THPT,2023,15.0,Xây dựng công trình ngầm thành phố và hệ thống tàu điện ngầm
113336,MDA,xay-dung-cong-trinh-ngam-thanh-pho-va-he-thong-tau-dien-ngam,D01,Điểm thi THPT,2023,15.0,Xây dựng công trình ngầm thành phố và hệ thống tàu điện ngầm
113337,MDA,xay-dung-cong-trinh-ngam-thanh-pho-va-he-thong-tau-dien-ngam,A00,Điểm học bạ,2024,18.0,Xây dựng công trình ngầm thành phố và Hệ thống tàu điện ngầm
113338,MDA,xay-dung-cong-trinh-ngam-thanh-pho-va-he-thong-tau-dien-ngam,A01,Điểm học bạ,2024,18.0,Xây dựng công trình ngầm thành phố và Hệ thống tàu điện ngầm
113339,MDA,xay-dung-cong-trinh-ngam-thanh-pho-va-he-thong-tau-dien-ngam,C04,Điểm học bạ,2024,18.0,Xây dựng công trình ngầm thành phố và Hệ thống tàu điện ngầm
113340,MDA,xay-dung-cong-trinh-ngam-thanh-pho-va-he-thong-tau-dien-ngam,D01,Điểm học bạ,2024,18.0,Xây dựng công trình ngầm thành phố và Hệ thống tàu điện ngầm
113341,MDA,xay-dung-cong-trinh-ngam-thanh-pho-va-he-thong-tau-dien-ngam,A00,Điểm học bạ,2025,18.8,Xây dựng công trình ngầm thành phố và Hệ thống tàu điện ngầm
113342,MDA,xay-dung-cong-trinh-ngam-thanh-pho-va-he-thong-tau-dien-ngam,A01,Điểm học bạ,2025,18.8,Xây dựng công trình ngầm thành phố và Hệ thống tàu điện ngầm
113343,MDA,xay-dung-cong-trinh-ngam-thanh-pho-va-he-thong-tau-dien-ngam,A10,Điểm học bạ,2025,18.8,Xây dựng công trình ngầm thành phố và Hệ thống tàu điện ngầm
113344,MDA,xay-dung-cong-trinh-ngam-thanh-pho-va-he-thong-tau-dien-ngam,B04,Điểm học bạ,2025,18.8,Xây dựng công trình ngầm thành phố và Hệ thống tàu điện ngầm
113345,MDA,xay-dung-cong-trinh-ngam-thanh-pho-va-he-thong-tau-dien-ngam,C01,Điểm học bạ,2025,18.8,Xây dựng công trình ngầm thành phố và Hệ thống tàu điện ngầm
113346,MDA,xay-dung-cong-trinh-ngam-thanh-pho-va-he-thong-tau-dien-ngam,C02,Điểm học bạ,2025,18.8,Xây dựng công trình ngầm thành phố và Hệ thống tàu điện ngầm
113347,MDA,xay-dung-cong-trinh-ngam-thanh-pho-va-he-thong-tau-dien-ngam,C04,Điểm học bạ,2025,18.8,Xây dựng công trình ngầm thành phố và Hệ thống tàu điện ngầm
113348,MDA,xay-dung-cong-trinh-ngam-thanh-pho-va-he-thong-tau-dien-ngam,D01,Điểm học bạ,2025,18.8,Xây dựng công trình ngầm thành phố và Hệ thống tàu điện ngầm
113349,MDA,xay-dung-cong-trinh-ngam-thanh-pho-va-he-thong-tau-dien-ngam,A00,Điểm thi THPT,2025,16.0,Xây dựng công trình ngầm thành phố và Hệ thống tàu điện ngầm
113350,MDA,xay-dung-cong-trinh-ngam-thanh-pho-va-he-thong-tau-dien-ngam,A01,Điểm thi THPT,2025,16.0,Xây dựng công trình ngầm thành phố và Hệ thống tàu điện ngầm
113351,MDA,xay-dung-cong-trinh-ngam-thanh-pho-va-he-thong-tau-dien-ngam,A10,Điểm thi THPT,2025,16.0,Xây dựng công trình ngầm thành phố và Hệ thống tàu điện ngầm
113352,MDA,xay-dung-cong-trinh-ngam-thanh-pho-va-he-thong-tau-dien-ngam,B04,Điểm thi THPT,2025,16.0,Xây dựng công trình ngầm thành phố và Hệ thống tàu điện ngầm
113353,MDA,xay-dung-cong-trinh-ngam-thanh-pho-va-he-thong-tau-dien-ngam,C01,Điểm thi THPT,2025,16.0,Xây dựng công trình ngầm thành phố và Hệ thống tàu điện ngầm
113354,MDA,xay-dung-cong-trinh-ngam-thanh-pho-va-he-thong-tau-dien-ngam,C02,Điểm thi THPT,2025,16.0,Xây dựng công trình ngầm thành phố và Hệ thống tàu điện ngầm
113355,MDA,xay-dung-cong-trinh-ngam-thanh-pho-va-he-thong-tau-dien-ngam,C04,Điểm thi THPT,2025,16.0,Xây dựng công trình ngầm thành phố và Hệ thống tàu điện ngầm
113356,MDA,xay-dung-cong-trinh-ngam-thanh-pho-va-he-thong-tau-dien-ngam,D01,Điểm thi THPT,2025,16.0,Xây dựng công trình ngầm thành phố và Hệ thống tàu điện ngầm
113357,MDA,xay-dung-cong-trinh-ngam-tp-va-he-thong-tau-dien-ngam,A00,Điểm học bạ,2023,18.0,Xây dựng công trình ngầm TP và Hệ thống tàu điện ngầm
113358,MDA,xay-dung-cong-trinh-ngam-tp-va-he-thong-tau-dien-ngam,A01,Điểm học bạ,2023,18.0,Xây dựng công trình ngầm TP và Hệ thống tàu điện ngầm
113359,MDA,xay-dung-cong-trinh-ngam-tp-va-he-thong-tau-dien-ngam,C04,Điểm học bạ,2023,18.0,Xây dựng công trình ngầm TP và Hệ thống tàu điện ngầm
113360,MDA,xay-dung-cong-trinh-ngam-tp-va-he-thong-tau-dien-ngam,D01,Điểm học bạ,2023,18.0,Xây dựng công trình ngầm TP và Hệ thống tàu điện ngầm
113361,MHN,bao-hiem,A00,Điểm thi THPT,2024,20.5,Bảo hiểm
113362,MHN,bao-hiem,A01,Điểm thi THPT,2024,20.5,Bảo hiểm
113363,MHN,bao-hiem,D01,Điểm thi THPT,2024,20.5,Bảo hiểm
113364,MHN,bao-hiem,A00,Điểm thi THPT,2025,18.56,Bảo hiểm
113365,MHN,bao-hiem,A01,Điểm thi THPT,2025,18.56,Bảo hiểm
113366,MHN,bao-hiem,D01,Điểm thi THPT,2025,18.56,Bảo hiểm
113367,MHN,cong-nghe-ky-thuat-dien-tu-vien-thong,A00,Điểm thi THPT,2021,21.65,Công nghệ kỹ thuật điện tử - viễn thông
113368,MHN,cong-nghe-ky-thuat-dien-tu-vien-thong,A01,Điểm thi THPT,2021,21.65,Công nghệ kỹ thuật điện tử - viễn thông
113369,MHN,cong-nghe-ky-thuat-dien-tu-vien-thong,C01,Điểm thi THPT,2021,21.65,Công nghệ kỹ thuật điện tử - viễn thông
113370,MHN,cong-nghe-ky-thuat-dien-tu-vien-thong,D01,Điểm thi THPT,2021,21.65,Công nghệ kỹ thuật điện tử - viễn thông
113371,MHN,cong-nghe-ky-thuat-dien-tu-vien-thong,A00,Điểm thi THPT,2022,22.5,Công nghệ kỹ thuật điện tử - viễn thông
113372,MHN,cong-nghe-ky-thuat-dien-tu-vien-thong,A01,Điểm thi THPT,2022,22.5,Công nghệ kỹ thuật điện tử - viễn thông
113373,MHN,cong-nghe-ky-thuat-dien-tu-vien-thong,C00,Điểm thi THPT,2022,22.5,Công nghệ kỹ thuật điện tử - viễn thông
113374,MHN,cong-nghe-ky-thuat-dien-tu-vien-thong,D01,Điểm thi THPT,2022,22.5,Công nghệ kỹ thuật điện tử - viễn thông
113375,MHN,cong-nghe-ky-thuat-dien-tu-vien-thong,A00,Điểm thi THPT,2023,22.1,Công nghệ kỹ thuật điện tử - viễn thông
113376,MHN,cong-nghe-ky-thuat-dien-tu-vien-thong,A01,Điểm thi THPT,2023,22.1,Công nghệ kỹ thuật điện tử - viễn thông
113377,MHN,cong-nghe-ky-thuat-dien-tu-vien-thong,D01,Điểm thi THPT,2023,22.1,Công nghệ kỹ thuật điện tử - viễn thông
113378,MHN,cong-nghe-ky-thuat-dien-tu-vien-thong,A00,Điểm thi THPT,2024,22.05,Công nghệ kỹ thuật điện tử - viễn thông
113379,MHN,cong-nghe-ky-thuat-dien-tu-vien-thong,A01,Điểm thi THPT,2024,22.05,Công nghệ kỹ thuật điện tử - viễn thông
113380,MHN,cong-nghe-ky-thuat-dien-tu-vien-thong,D01,Điểm thi THPT,2024,22.05,Công nghệ kỹ thuật điện tử - viễn thông
113381,MHN,cong-nghe-ky-thuat-dien-tu-vien-thong,A00,Điểm thi THPT,2025,18.06,Công nghệ kỹ thuật điện tử – viễn thông
113382,MHN,cong-nghe-ky-thuat-dien-tu-vien-thong,A01,Điểm thi THPT,2025,18.06,Công nghệ kỹ thuật điện tử – viễn thông
113383,MHN,cong-nghe-ky-thuat-dien-tu-vien-thong,D01,Điểm thi THPT,2025,18.06,Công nghệ kỹ thuật điện tử – viễn thông
113384,MHN,cong-nghe-ky-thuat-dien-tu-vien-thong,X26,Điểm thi THPT,2025,18.06,Công nghệ kỹ thuật điện tử – viễn thông
113385,MHN,cong-nghe-ky-thuat-dieu-khien-va-tu-dong-hoa,A00,Điểm thi THPT,2021,21.45,Công nghệ kỹ thuật điều khiển và tự động hóa
113386,MHN,cong-nghe-ky-thuat-dieu-khien-va-tu-dong-hoa,A01,Điểm thi THPT,2021,21.45,Công nghệ kỹ thuật điều khiển và tự động hóa
113387,MHN,cong-nghe-ky-thuat-dieu-khien-va-tu-dong-hoa,C01,Điểm thi THPT,2021,21.45,Công nghệ kỹ thuật điều khiển và tự động hóa
113388,MHN,cong-nghe-ky-thuat-dieu-khien-va-tu-dong-hoa,D01,Điểm thi THPT,2021,21.45,Công nghệ kỹ thuật điều khiển và tự động hóa
113389,MHN,cong-nghe-ky-thuat-dieu-khien-va-tu-dong-hoa,A00,Điểm thi THPT,2022,22.65,Công nghệ kỹ thuật điều khiển và tự động hóa
113390,MHN,cong-nghe-ky-thuat-dieu-khien-va-tu-dong-hoa,A01,Điểm thi THPT,2022,22.65,Công nghệ kỹ thuật điều khiển và tự động hóa
113391,MHN,cong-nghe-ky-thuat-dieu-khien-va-tu-dong-hoa,C00,Điểm thi THPT,2022,22.65,Công nghệ kỹ thuật điều khiển và tự động hóa
113392,MHN,cong-nghe-ky-thuat-dieu-khien-va-tu-dong-hoa,D01,Điểm thi THPT,2022,22.65,Công nghệ kỹ thuật điều khiển và tự động hóa
113393,MHN,cong-nghe-ky-thuat-dieu-khien-va-tu-dong-hoa,A00,Điểm thi THPT,2023,22.45,Công nghệ kỹ thuật điều khiển và tự động hóa
113394,MHN,cong-nghe-ky-thuat-dieu-khien-va-tu-dong-hoa,A01,Điểm thi THPT,2023,22.45,Công nghệ kỹ thuật điều khiển và tự động hóa
113395,MHN,cong-nghe-ky-thuat-dieu-khien-va-tu-dong-hoa,D01,Điểm thi THPT,2023,22.45,Công nghệ kỹ thuật điều khiển và tự động hóa
113396,MHN,cong-nghe-ky-thuat-dieu-khien-va-tu-dong-hoa,A00,Điểm thi THPT,2024,22.55,Công nghệ kỹ thuật điều khiển và tự động hóa
113397,MHN,cong-nghe-ky-thuat-dieu-khien-va-tu-dong-hoa,A01,Điểm thi THPT,2024,22.55,Công nghệ kỹ thuật điều khiển và tự động hóa
113398,MHN,cong-nghe-ky-thuat-dieu-khien-va-tu-dong-hoa,D01,Điểm thi THPT,2024,22.55,Công nghệ kỹ thuật điều khiển và tự động hóa
113399,MHN,cong-nghe-ky-thuat-dieu-khien-va-tu-dong-hoa,A00,Điểm thi THPT,2025,18.81,Công nghệ kỹ thuật điều khiển và tự động hoá
113400,MHN,cong-nghe-ky-thuat-dieu-khien-va-tu-dong-hoa,A01,Điểm thi THPT,2025,18.81,Công nghệ kỹ thuật điều khiển và tự động hoá
113401,MHN,cong-nghe-ky-thuat-dieu-khien-va-tu-dong-hoa,D01,Điểm thi THPT,2025,18.81,Công nghệ kỹ thuật điều khiển và tự động hoá
113402,MHN,cong-nghe-ky-thuat-dieu-khien-va-tu-dong-hoa,X26,Điểm thi THPT,2025,18.81,Công nghệ kỹ thuật điều khiển và tự động hoá
113403,MHN,cong-nghe-sinh-hoc,A00,Điểm học bạ,2021,18.0,Công nghệ sinh học
113404,MHN,cong-nghe-sinh-hoc,B00,Điểm học bạ,2021,18.0,Công nghệ sinh học
113405,MHN,cong-nghe-sinh-hoc,D07,Điểm học bạ,2021,18.0,Công nghệ sinh học
113406,MHN,cong-nghe-sinh-hoc,A00,Điểm thi THPT,2021,16.0,Công nghệ sinh học
113407,MHN,cong-nghe-sinh-hoc,B00,Điểm thi THPT,2021,16.0,Công nghệ sinh học
113408,MHN,cong-nghe-sinh-hoc,D07,Điểm thi THPT,2021,16.0,Công nghệ sinh học
113409,MHN,cong-nghe-sinh-hoc,A00,Điểm học bạ,2022,23.5,Công nghệ sinh học
113410,MHN,cong-nghe-sinh-hoc,B00,Điểm học bạ,2022,23.5,Công nghệ sinh học
113411,MHN,cong-nghe-sinh-hoc,D07,Điểm học bạ,2022,23.5,Công nghệ sinh học
113412,MHN,cong-nghe-sinh-hoc,A00,Điểm thi THPT,2022,16.5,Công nghệ sinh học
113413,MHN,cong-nghe-sinh-hoc,B00,Điểm thi THPT,2022,16.5,Công nghệ sinh học
113414,MHN,cong-nghe-sinh-hoc,D07,Điểm thi THPT,2022,16.5,Công nghệ sinh học
113415,MHN,cong-nghe-sinh-hoc,A00,Điểm học bạ,2023,21.0,Công nghệ sinh học
113416,MHN,cong-nghe-sinh-hoc,B00,Điểm học bạ,2023,21.0,Công nghệ sinh học
113417,MHN,cong-nghe-sinh-hoc,D07,Điểm học bạ,2023,21.0,Công nghệ sinh học
113418,MHN,cong-nghe-sinh-hoc,A00,Điểm thi THPT,2023,17.25,Công nghệ sinh học
113419,MHN,cong-nghe-sinh-hoc,B00,Điểm thi THPT,2023,17.25,Công nghệ sinh học
113420,MHN,cong-nghe-sinh-hoc,D07,Điểm thi THPT,2023,17.25,Công nghệ sinh học
113421,MHN,cong-nghe-sinh-hoc,A00,Điểm học bạ,2024,22.0,Công nghệ sinh học
113422,MHN,cong-nghe-sinh-hoc,B00,Điểm học bạ,2024,22.0,Công nghệ sinh học
113423,MHN,cong-nghe-sinh-hoc,D07,Điểm học bạ,2024,22.0,Công nghệ sinh học
113424,MHN,cong-nghe-sinh-hoc,A00,Điểm thi THPT,2024,17.0,Công nghệ sinh học
113425,MHN,cong-nghe-sinh-hoc,B00,Điểm thi THPT,2024,17.0,Công nghệ sinh học
113426,MHN,cong-nghe-sinh-hoc,D07,Điểm thi THPT,2024,17.0,Công nghệ sinh học
113427,MHN,cong-nghe-sinh-hoc,A00,Điểm học bạ,2025,20.03,Công nghệ sinh học
113428,MHN,cong-nghe-sinh-hoc,A01,Điểm học bạ,2025,20.03,Công nghệ sinh học
113429,MHN,cong-nghe-sinh-hoc,B00,Điểm học bạ,2025,20.03,Công nghệ sinh học
113430,MHN,cong-nghe-sinh-hoc,D07,Điểm học bạ,2025,20.03,Công nghệ sinh học
113431,MHN,cong-nghe-sinh-hoc,A00,Điểm thi THPT,2025,17.03,Công nghệ sinh học
113432,MHN,cong-nghe-sinh-hoc,A01,Điểm thi THPT,2025,17.03,Công nghệ sinh học
113433,MHN,cong-nghe-sinh-hoc,B00,Điểm thi THPT,2025,17.03,Công nghệ sinh học
113434,MHN,cong-nghe-sinh-hoc,D07,Điểm thi THPT,2025,17.03,Công nghệ sinh học
113435,MHN,cong-nghe-thong-tin,A00,Điểm thi THPT,2021,24.85,Công nghệ thông tin
113436,MHN,cong-nghe-thong-tin,A01,Điểm thi THPT,2021,24.85,Công nghệ thông tin
113437,MHN,cong-nghe-thong-tin,D01,Điểm thi THPT,2021,24.85,Công nghệ thông tin
113438,MHN,cong-nghe-thong-tin,A00,Điểm thi THPT,2022,24.55,Công nghệ thông tin
113439,MHN,cong-nghe-thong-tin,A01,Điểm thi THPT,2022,24.55,Công nghệ thông tin
113440,MHN,cong-nghe-thong-tin,D01,Điểm thi THPT,2022,24.55,Công nghệ thông tin
113441,MHN,cong-nghe-thong-tin,A00,Điểm thi THPT,2023,23.38,Công nghệ thông tin
113442,MHN,cong-nghe-thong-tin,A01,Điểm thi THPT,2023,23.38,Công nghệ thông tin
113443,MHN,cong-nghe-thong-tin,D01,Điểm thi THPT,2023,23.38,Công nghệ thông tin
113444,MHN,cong-nghe-thong-tin,A00,Điểm thi THPT,2024,22.95,Công nghệ thông tin
113445,MHN,cong-nghe-thong-tin,A01,Điểm thi THPT,2024,22.95,Công nghệ thông tin
113446,MHN,cong-nghe-thong-tin,D01,Điểm thi THPT,2024,22.95,Công nghệ thông tin
113447,MHN,cong-nghe-thong-tin,A00,Điểm thi THPT,2025,19.5,Công nghệ thông tin
113448,MHN,cong-nghe-thong-tin,A01,Điểm thi THPT,2025,19.5,Công nghệ thông tin
113449,MHN,cong-nghe-thong-tin,D01,Điểm thi THPT,2025,19.5,Công nghệ thông tin
113450,MHN,cong-nghe-thong-tin,X26,Điểm thi THPT,2025,19.5,Công nghệ thông tin
113451,MHN,cong-nghe-thuc-pham,A00,Điểm học bạ,2021,18.0,Công nghệ thực phẩm
113452,MHN,cong-nghe-thuc-pham,B00,Điểm học bạ,2021,18.0,Công nghệ thực phẩm
113453,MHN,cong-nghe-thuc-pham,D07,Điểm học bạ,2021,18.0,Công nghệ thực phẩm
113454,MHN,cong-nghe-thuc-pham,A00,Điểm thi THPT,2021,16.0,Công nghệ thực phẩm
113455,MHN,cong-nghe-thuc-pham,B00,Điểm thi THPT,2021,16.0,Công nghệ thực phẩm
113456,MHN,cong-nghe-thuc-pham,D07,Điểm thi THPT,2021,16.0,Công nghệ thực phẩm
113457,MHN,cong-nghe-thuc-pham,A00,Điểm học bạ,2022,23.5,Công nghệ thực phẩm
113458,MHN,cong-nghe-thuc-pham,B00,Điểm học bạ,2022,23.5,Công nghệ thực phẩm
113459,MHN,cong-nghe-thuc-pham,D07,Điểm học bạ,2022,23.5,Công nghệ thực phẩm
113460,MHN,cong-nghe-thuc-pham,A00,Điểm thi THPT,2022,16.5,Công nghệ thực phẩm
113461,MHN,cong-nghe-thuc-pham,B00,Điểm thi THPT,2022,16.5,Công nghệ thực phẩm
113462,MHN,cong-nghe-thuc-pham,D07,Điểm thi THPT,2022,16.5,Công nghệ thực phẩm
113463,MHN,cong-nghe-thuc-pham,A00,Điểm học bạ,2023,21.0,Công nghệ thực phẩm
113464,MHN,cong-nghe-thuc-pham,B00,Điểm học bạ,2023,21.0,Công nghệ thực phẩm
113465,MHN,cong-nghe-thuc-pham,D07,Điểm học bạ,2023,21.0,Công nghệ thực phẩm
113466,MHN,cong-nghe-thuc-pham,A00,Điểm thi THPT,2023,17.25,Công nghệ thực phẩm
113467,MHN,cong-nghe-thuc-pham,B00,Điểm thi THPT,2023,17.25,Công nghệ thực phẩm
113468,MHN,cong-nghe-thuc-pham,D07,Điểm thi THPT,2023,17.25,Công nghệ thực phẩm
113469,MHN,cong-nghe-thuc-pham,A00,Điểm học bạ,2024,22.0,Công nghệ thực phẩm
113470,MHN,cong-nghe-thuc-pham,B00,Điểm học bạ,2024,22.0,Công nghệ thực phẩm
113471,MHN,cong-nghe-thuc-pham,D07,Điểm học bạ,2024,22.0,Công nghệ thực phẩm
113472,MHN,cong-nghe-thuc-pham,A00,Điểm thi THPT,2024,17.0,Công nghệ thực phẩm
113473,MHN,cong-nghe-thuc-pham,B00,Điểm thi THPT,2024,17.0,Công nghệ thực phẩm
113474,MHN,cong-nghe-thuc-pham,D07,Điểm thi THPT,2024,17.0,Công nghệ thực phẩm
113475,MHN,cong-nghe-thuc-pham,A00,Điểm học bạ,2025,21.8,Công nghệ thực phẩm
113476,MHN,cong-nghe-thuc-pham,A01,Điểm học bạ,2025,21.8,Công nghệ thực phẩm
113477,MHN,cong-nghe-thuc-pham,B00,Điểm học bạ,2025,21.8,Công nghệ thực phẩm
113478,MHN,cong-nghe-thuc-pham,D07,Điểm học bạ,2025,21.8,Công nghệ thực phẩm
113479,MHN,cong-nghe-thuc-pham,A00,Điểm thi THPT,2025,18.8,Công nghệ thực phẩm
113480,MHN,cong-nghe-thuc-pham,A01,Điểm thi THPT,2025,18.8,Công nghệ thực phẩm
113481,MHN,cong-nghe-thuc-pham,B00,Điểm thi THPT,2025,18.8,Công nghệ thực phẩm
113482,MHN,cong-nghe-thuc-pham,D07,Điểm thi THPT,2025,18.8,Công nghệ thực phẩm
113483,MHN,ke-toan,A00,Điểm thi THPT,2021,24.9,Kế toán
113484,MHN,ke-toan,A01,Điểm thi THPT,2021,24.9,Kế toán
113485,MHN,ke-toan,D01,Điểm thi THPT,2021,24.9,Kế toán
113486,MHN,ke-toan,A00,Điểm thi THPT,2022,23.8,Kế toán
113487,MHN,ke-toan,A01,Điểm thi THPT,2022,23.8,Kế toán
113488,MHN,ke-toan,D01,Điểm thi THPT,2022,23.8,Kế toán
113489,MHN,ke-toan,A00,Điểm thi THPT,2023,23.43,Kế toán
113490,MHN,ke-toan,A01,Điểm thi THPT,2023,23.43,Kế toán
113491,MHN,ke-toan,D01,Điểm thi THPT,2023,23.43,Kế toán
113492,MHN,ke-toan,A00,Điểm thi THPT,2024,23.75,Kế toán
113493,MHN,ke-toan,A01,Điểm thi THPT,2024,23.75,Kế toán
113494,MHN,ke-toan,D01,Điểm thi THPT,2024,23.75,Kế toán
113495,MHN,ke-toan,A00,Điểm thi THPT,2025,19.69,Kế toán
113496,MHN,ke-toan,A01,Điểm thi THPT,2025,19.69,Kế toán
113497,MHN,ke-toan,D01,Điểm thi THPT,2025,19.69,Kế toán
113498,MHN,ke-toan,X26,Điểm thi THPT,2025,19.69,Kế toán
113499,MHN,kien-truc,V00,Điểm học bạ,2022,26.0,Kiến trúc
113500,MHN,kien-truc,V01,Điểm học bạ,2022,26.0,Kiến trúc
113501,MHN,kien-truc,V02,Điểm học bạ,2022,26.0,Kiến trúc
113502,MHN,kien-truc,V00,Điểm thi THPT,2022,24.0,Kiến trúc
113503,MHN,kien-truc,V01,Điểm thi THPT,2022,24.0,Kiến trúc
113504,MHN,kien-truc,V02,Điểm thi THPT,2022,24.0,Kiến trúc
113505,MHN,kien-truc,V00,Điểm học bạ,2023,21.0,Kiến trúc
113506,MHN,kien-truc,V01,Điểm học bạ,2023,21.0,Kiến trúc
113507,MHN,kien-truc,V02,Điểm học bạ,2023,21.0,Kiến trúc
113508,MHN,kien-truc,V00,Điểm thi THPT,2023,23.0,Kiến trúc
113509,MHN,kien-truc,V01,Điểm thi THPT,2023,23.0,Kiến trúc
113510,MHN,kien-truc,V02,Điểm thi THPT,2023,23.0,Kiến trúc
113511,MHN,kien-truc,V00,Điểm học bạ,2024,28.0,Kiến trúc
113512,MHN,kien-truc,V01,Điểm học bạ,2024,28.0,Kiến trúc
113513,MHN,kien-truc,V02,Điểm học bạ,2024,28.0,Kiến trúc
113514,MHN,kien-truc,V00,Điểm thi THPT,2024,22.5,Kiến trúc
113515,MHN,kien-truc,V01,Điểm thi THPT,2024,22.5,Kiến trúc
113516,MHN,kien-truc,V02,Điểm thi THPT,2024,22.5,Kiến trúc
113517,MHN,luat,A00,Điểm thi THPT,2021,23.9,Luật
113518,MHN,luat,A01,Điểm thi THPT,2021,23.9,Luật
113519,MHN,luat,C00,Điểm thi THPT,2021,25.25,Luật (THXT C00)
113520,MHN,luat,D01,Điểm thi THPT,2021,23.9,Luật
113521,MHN,luat,A00,Điểm thi THPT,2022,23.0,Luật
113522,MHN,luat,A01,Điểm thi THPT,2022,23.0,Luật
113523,MHN,luat,C00,Điểm thi THPT,2022,23.0,Luật
113524,MHN,luat,D01,Điểm thi THPT,2022,23.0,Luật
113525,MHN,luat,A00,Điểm thi THPT,2023,22.55,Luật
113526,MHN,luat,C00,Điểm thi THPT,2023,23.96,Luật (THXT C00)
113527,MHN,luat,D01,Điểm thi THPT,2023,22.55,Luật
113528,MHN,luat,A00,Điểm thi THPT,2024,23.77,Luật
113529,MHN,luat,C00,Điểm thi THPT,2024,25.52,Luật
113530,MHN,luat,D01,Điểm thi THPT,2024,23.77,Luật
113531,MHN,luat,C00,Điểm thi THPT,2025,25.0,Luật
113532,MHN,luat,C01,Điểm thi THPT,2025,23.0,Luật
113533,MHN,luat,C03,Điểm thi THPT,2025,23.0,Luật
113534,MHN,luat,D01,Điểm thi THPT,2025,23.0,Luật
113535,MHN,luat,X01,Điểm thi THPT,2025,23.0,Luật
113536,MHN,luat-kinh-te,A00,Điểm thi THPT,2021,24.45,Luật kinh tế
113537,MHN,luat-kinh-te,A01,Điểm thi THPT,2021,24.45,Luật kinh tế
113538,MHN,luat-kinh-te,C00,Điểm thi THPT,2021,26.0,Luật kinh tế (THXT C00)
113539,MHN,luat-kinh-te,D01,Điểm thi THPT,2021,24.45,Luật kinh tế
113540,MHN,luat-kinh-te,A00,Điểm thi THPT,2022,23.55,Luật kinh tế
113541,MHN,luat-kinh-te,A01,Điểm thi THPT,2022,23.55,Luật kinh tế
113542,MHN,luat-kinh-te,C00,Điểm thi THPT,2022,23.55,Luật kinh tế
113543,MHN,luat-kinh-te,D01,Điểm thi THPT,2022,23.55,Luật kinh tế
113544,MHN,luat-kinh-te,A00,Điểm thi THPT,2023,22.8,Luật kinh tế
113545,MHN,luat-kinh-te,C00,Điểm thi THPT,2023,24.82,Luật kinh tế (THXT C00)
113546,MHN,luat-kinh-te,D01,Điểm thi THPT,2023,22.8,Luật kinh tế
113547,MHN,luat-kinh-te,A00,Điểm thi THPT,2024,24.12,Luật kinh tế
113548,MHN,luat-kinh-te,C00,Điểm thi THPT,2024,26.12,Luật kinh tế
113549,MHN,luat-kinh-te,D01,Điểm thi THPT,2024,24.12,Luật kinh tế
113550,MHN,luat-kinh-te,C00,Điểm thi THPT,2025,25.17,Luật kinh tế
113551,MHN,luat-kinh-te,C01,Điểm thi THPT,2025,23.17,Luật kinh tế
113552,MHN,luat-kinh-te,C03,Điểm thi THPT,2025,23.17,Luật kinh tế
113553,MHN,luat-kinh-te,D01,Điểm thi THPT,2025,23.17,Luật kinh tế
113554,MHN,luat-kinh-te,X01,Điểm thi THPT,2025,23.17,Luật kinh tế
113555,MHN,luat-quoc-te,A00,Điểm thi THPT,2021,23.9,Luật quốc tế
113556,MHN,luat-quoc-te,A01,Điểm thi THPT,2021,23.9,Luật quốc tế
113557,MHN,luat-quoc-te,C00,Điểm thi THPT,2021,24.75,Luật quốc tế (THXT C00)
113558,MHN,luat-quoc-te,D01,Điểm thi THPT,2021,23.9,Luật quốc tế
113559,MHN,luat-quoc-te,A00,Điểm thi THPT,2022,23.15,Luật quốc tế
113560,MHN,luat-quoc-te,A01,Điểm thi THPT,2022,23.15,Luật quốc tế
113561,MHN,luat-quoc-te,C00,Điểm thi THPT,2022,23.15,Luật quốc tế
113562,MHN,luat-quoc-te,D01,Điểm thi THPT,2022,23.15,Luật quốc tế
113563,MHN,luat-quoc-te,A00,Điểm thi THPT,2023,20.63,Luật quốc tế
113564,MHN,luat-quoc-te,C00,Điểm thi THPT,2023,23.7,Luật quốc tế (THXT C00)
113565,MHN,luat-quoc-te,D01,Điểm thi THPT,2023,20.63,Luật quốc tế
113566,MHN,luat-quoc-te,A00,Điểm thi THPT,2024,22.99,Luật quốc tế
113567,MHN,luat-quoc-te,C00,Điểm thi THPT,2024,25.24,Luật quốc tế
113568,MHN,luat-quoc-te,D01,Điểm thi THPT,2024,22.99,Luật quốc tế
113569,MHN,luat-quoc-te,C00,Điểm thi THPT,2025,24.5,Luật quốc tế
113570,MHN,luat-quoc-te,C01,Điểm thi THPT,2025,22.5,Luật quốc tế
113571,MHN,luat-quoc-te,C03,Điểm thi THPT,2025,22.5,Luật quốc tế
113572,MHN,luat-quoc-te,D01,Điểm thi THPT,2025,22.5,Luật quốc tế
113573,MHN,luat-quoc-te,X01,Điểm thi THPT,2025,22.5,Luật quốc tế
113574,MHN,ngon-ngu-anh,D01,Điểm thi THPT,2021,34.27,Ngôn ngữ Anh
113575,MHN,ngon-ngu-anh,D01,Điểm thi THPT,2022,31.0,Ngôn ngữ Anh
113576,MHN,ngon-ngu-anh,D01,Điểm thi THPT,2023,31.51,Ngôn ngữ Anh
113577,MHN,ngon-ngu-anh,D01,Điểm thi THPT,2024,32.03,Ngôn ngữ Anh
113578,MHN,ngon-ngu-anh,D01,Điểm thi THPT,2025,21.0,Ngôn ngữ Anh
113579,MHN,ngon-ngu-trung-quoc,D01,Điểm thi THPT,2021,34.87,Ngôn ngữ Trung Quốc
113580,MHN,ngon-ngu-trung-quoc,D04,Điểm thi THPT,2021,34.87,Ngôn ngữ Trung Quốc
113581,MHN,ngon-ngu-trung-quoc,D01,Điểm thi THPT,2022,31.77,Ngôn ngữ Trung Quốc
113582,MHN,ngon-ngu-trung-quoc,D04,Điểm thi THPT,2022,31.77,Ngôn ngữ Trung Quốc
113583,MHN,ngon-ngu-trung-quoc,D01,Điểm thi THPT,2023,32.82,Ngôn ngữ Trung Quốc
113584,MHN,ngon-ngu-trung-quoc,D04,Điểm thi THPT,2023,32.82,Ngôn ngữ Trung Quốc
113585,MHN,ngon-ngu-trung-quoc,D01,Điểm thi THPT,2024,33.19,Ngôn ngữ Trung Quốc
113586,MHN,ngon-ngu-trung-quoc,D04,Điểm thi THPT,2024,33.19,Ngôn ngữ Trung Quốc
113587,MHN,ngon-ngu-trung-quoc,D01,Điểm thi THPT,2025,24.09,Ngôn ngữ Trung Quốc
113588,MHN,ngon-ngu-trung-quoc,D04,Điểm thi THPT,2025,24.09,Ngôn ngữ Trung Quốc
113589,MHN,quan-tri-dich-vu-du-lich-va-lu-hanh,D01,Điểm thi THPT,2021,32.61,Quản trị dịch vụ du lịch và lữ hành
113590,MHN,quan-tri-dich-vu-du-lich-va-lu-hanh,D01,Điểm thi THPT,2022,30.35,Quản trị dịch vụ du lịch và lữ hành
113591,MHN,quan-tri-dich-vu-du-lich-va-lu-hanh,D01,Điểm thi THPT,2023,30.53,Quản trị dịch vụ du lịch và lữ hành
113592,MHN,quan-tri-dich-vu-du-lich-va-lu-hanh,D01,Điểm thi THPT,2024,28.53,Quản trị dịch vụ du lịch và lữ hành
113593,MHN,quan-tri-dich-vu-du-lich-va-lu-hanh,D01,Điểm thi THPT,2025,18.4,Quản trị dịch vụ du lịch và lữ hành
113594,MHN,quan-tri-dich-vu-du-lich-va-lu-hanh,D09,Điểm thi THPT,2025,18.4,Quản trị dịch vụ du lịch và lữ hành
113595,MHN,quan-tri-dich-vu-du-lich-va-lu-hanh,D10,Điểm thi THPT,2025,18.4,Quản trị dịch vụ du lịch và lữ hành
113596,MHN,quan-tri-khach-san,D01,Điểm thi THPT,2021,33.18,Quản trị khách sạn
113597,MHN,quan-tri-khach-san,D01,Điểm thi THPT,2022,27.05,Quản trị khách sạn
113598,MHN,quan-tri-khach-san,D01,Điểm thi THPT,2023,29.28,Quản trị khách sạn
113599,MHN,quan-tri-khach-san,D01,Điểm thi THPT,2024,28.13,Quản trị khách sạn
113600,MHN,quan-tri-khach-san,D01,Điểm thi THPT,2025,18.05,Quản trị khách sạn
113601,MHN,quan-tri-khach-san,D09,Điểm thi THPT,2025,18.05,Quản trị khách sạn
113602,MHN,quan-tri-khach-san,D10,Điểm thi THPT,2025,18.05,Quản trị khách sạn
113603,MHN,quan-tri-kinh-doanh,A00,Điểm thi THPT,2021,25.15,Quản trị kinh doanh
113604,MHN,quan-tri-kinh-doanh,A01,Điểm thi THPT,2021,25.15,Quản trị kinh doanh
113605,MHN,quan-tri-kinh-doanh,D01,Điểm thi THPT,2021,25.15,Quản trị kinh doanh
113606,MHN,quan-tri-kinh-doanh,A00,Điểm thi THPT,2022,23.9,Quản trị kinh doanh
113607,MHN,quan-tri-kinh-doanh,A01,Điểm thi THPT,2022,23.9,Quản trị kinh doanh
113608,MHN,quan-tri-kinh-doanh,D01,Điểm thi THPT,2022,23.9,Quản trị kinh doanh
113609,MHN,quan-tri-kinh-doanh,A00,Điểm thi THPT,2023,23.62,Quản trị kinh doanh
113610,MHN,quan-tri-kinh-doanh,A01,Điểm thi THPT,2023,23.62,Quản trị kinh doanh
113611,MHN,quan-tri-kinh-doanh,D01,Điểm thi THPT,2023,23.62,Quản trị kinh doanh
113612,MHN,quan-tri-kinh-doanh,A00,Điểm thi THPT,2024,23.52,Quản trị kinh doanh
113613,MHN,quan-tri-kinh-doanh,A01,Điểm thi THPT,2024,23.52,Quản trị kinh doanh
113614,MHN,quan-tri-kinh-doanh,D01,Điểm thi THPT,2024,23.52,Quản trị kinh doanh
113615,MHN,quan-tri-kinh-doanh,A00,Điểm thi THPT,2025,20.14,Quản trị kinh doanh
113616,MHN,quan-tri-kinh-doanh,A01,Điểm thi THPT,2025,20.14,Quản trị kinh doanh
113617,MHN,quan-tri-kinh-doanh,D01,Điểm thi THPT,2025,20.14,Quản trị kinh doanh
113618,MHN,quan-tri-kinh-doanh,X26,Điểm thi THPT,2025,20.14,Quản trị kinh doanh
113619,MHN,tai-chinh-ngan-hang,A00,Điểm thi THPT,2021,24.7,Tài chính - ngân hàng
113620,MHN,tai-chinh-ngan-hang,A01,Điểm thi THPT,2021,24.7,Tài chính - ngân hàng
113621,MHN,tai-chinh-ngan-hang,D01,Điểm thi THPT,2021,24.7,Tài chính - ngân hàng
113622,MHN,tai-chinh-ngan-hang,A00,Điểm thi THPT,2022,23.6,Tài chính - Ngân hàng
113623,MHN,tai-chinh-ngan-hang,A01,Điểm thi THPT,2022,23.6,Tài chính - Ngân hàng
113624,MHN,tai-chinh-ngan-hang,D01,Điểm thi THPT,2022,23.6,Tài chính - Ngân hàng
113625,MHN,tai-chinh-ngan-hang,A00,Điểm thi THPT,2023,23.33,Tài chính - Ngân hàng
113626,MHN,tai-chinh-ngan-hang,A01,Điểm thi THPT,2023,23.33,Tài chính - Ngân hàng
113627,MHN,tai-chinh-ngan-hang,D01,Điểm thi THPT,2023,23.33,Tài chính - Ngân hàng
113628,MHN,tai-chinh-ngan-hang,A00,Điểm thi THPT,2024,23.48,Tài chính - Ngân hàng
113629,MHN,tai-chinh-ngan-hang,A01,Điểm thi THPT,2024,23.48,Tài chính - Ngân hàng
113630,MHN,tai-chinh-ngan-hang,D01,Điểm thi THPT,2024,23.48,Tài chính - Ngân hàng
113631,MHN,tai-chinh-ngan-hang,A00,Điểm thi THPT,2025,19.56,Tài chính - Ngân hàng
113632,MHN,tai-chinh-ngan-hang,A01,Điểm thi THPT,2025,19.56,Tài chính - Ngân hàng
113633,MHN,tai-chinh-ngan-hang,D01,Điểm thi THPT,2025,19.56,Tài chính - Ngân hàng
113634,MHN,thiet-ke-cong-nghiep,H00,Điểm học bạ,2021,20.0,Thiết kế công nghiệp (gồm 3 chuyên ngành: Thiết kế nội thất; Thiết kế thời trang; Thiết kế đồ họa)
113635,MHN,thiet-ke-cong-nghiep,H01,Điểm học bạ,2021,20.0,Thiết kế công nghiệp (gồm 3 chuyên ngành: Thiết kế nội thất; Thiết kế thời trang; Thiết kế đồ họa)
113636,MHN,thiet-ke-cong-nghiep,H06,Điểm học bạ,2021,20.0,Thiết kế công nghiệp (gồm 3 chuyên ngành: Thiết kế nội thất; Thiết kế thời trang; Thiết kế đồ họa)
113637,MHN,thiet-ke-cong-nghiep,H00,Điểm thi THPT,2021,20.46,Thiết kế công nghiệp (gồm 3 chuyên ngành: Thiết kế nội thất; Thiết kế thời trang; Thiết kế đồ họa)
113638,MHN,thiet-ke-cong-nghiep,H01,Điểm thi THPT,2021,20.46,Thiết kế công nghiệp (gồm 3 chuyên ngành: Thiết kế nội thất; Thiết kế thời trang; Thiết kế đồ họa)
113639,MHN,thiet-ke-cong-nghiep,H06,Điểm thi THPT,2021,20.46,Thiết kế công nghiệp (gồm 3 chuyên ngành: Thiết kế nội thất; Thiết kế thời trang; Thiết kế đồ họa)
113640,MHN,thiet-ke-cong-nghiep,H00,Điểm học bạ,2022,37.0,Thiết kế công nghiệp
113641,MHN,thiet-ke-cong-nghiep,H01,Điểm học bạ,2022,31.0,Thiết kế công nghiệp
113642,MHN,thiet-ke-cong-nghiep,H06,Điểm học bạ,2022,31.0,Thiết kế công nghiệp
113643,MHN,thiet-ke-cong-nghiep,H00,Điểm thi THPT,2022,17.5,Thiết kế công nghiệp
113644,MHN,thiet-ke-cong-nghiep,H01,Điểm thi THPT,2022,17.5,Thiết kế công nghiệp
113645,MHN,thiet-ke-cong-nghiep,H06,Điểm thi THPT,2022,17.5,Thiết kế công nghiệp
113646,MHN,thiet-ke-cong-nghiep,H00,Điểm học bạ,2023,21.0,Thiết kế công nghiệp
113647,MHN,thiet-ke-cong-nghiep,H01,Điểm học bạ,2023,21.0,Thiết kế công nghiệp
113648,MHN,thiet-ke-cong-nghiep,H06,Điểm học bạ,2023,21.0,Thiết kế công nghiệp
113649,MHN,thiet-ke-cong-nghiep,H00,Điểm thi THPT,2023,19.45,Thiết kế công nghiệp
113650,MHN,thiet-ke-cong-nghiep,H01,Điểm thi THPT,2023,19.45,Thiết kế công nghiệp
113651,MHN,thiet-ke-cong-nghiep,H06,Điểm thi THPT,2023,19.45,Thiết kế công nghiệp
113652,MHN,thiet-ke-do-hoa,H00,Điểm học bạ,2024,21.5,Thiết kế đồ họa
113653,MHN,thiet-ke-do-hoa,H01,Điểm học bạ,2024,21.5,Thiết kế đồ họa
113654,MHN,thiet-ke-do-hoa,H06,Điểm học bạ,2024,21.5,Thiết kế đồ họa
113655,MHN,thiet-ke-do-hoa,H00,Điểm thi THPT,2024,22.38,Thiết kế đồ họa
113656,MHN,thiet-ke-do-hoa,H01,Điểm thi THPT,2024,22.38,Thiết kế đồ họa
113657,MHN,thiet-ke-do-hoa,H06,Điểm thi THPT,2024,22.38,Thiết kế đồ họa
113658,MHN,thiet-ke-noi-that,H00,Điểm học bạ,2024,21.5,Thiết kế nội thất
113659,MHN,thiet-ke-noi-that,H01,Điểm học bạ,2024,21.5,Thiết kế nội thất
113660,MHN,thiet-ke-noi-that,H06,Điểm học bạ,2024,21.5,Thiết kế nội thất
113661,MHN,thiet-ke-noi-that,H00,Điểm thi THPT,2024,20.45,Thiết kế nội thất
113662,MHN,thiet-ke-noi-that,H01,Điểm thi THPT,2024,20.45,Thiết kế nội thất
113663,MHN,thiet-ke-noi-that,H06,Điểm thi THPT,2024,20.45,Thiết kế nội thất
113664,MHN,thiet-ke-thoi-trang,H00,Điểm học bạ,2024,21.0,Thiết kế thời trang
113665,MHN,thiet-ke-thoi-trang,H01,Điểm học bạ,2024,21.0,Thiết kế thời trang
113666,MHN,thiet-ke-thoi-trang,H06,Điểm học bạ,2024,21.0,Thiết kế thời trang
113667,MHN,thiet-ke-thoi-trang,H00,Điểm thi THPT,2024,19.75,Thiết kế thời trang
113668,MHN,thiet-ke-thoi-trang,H01,Điểm thi THPT,2024,19.75,Thiết kế thời trang
113669,MHN,thiet-ke-thoi-trang,H06,Điểm thi THPT,2024,19.75,Thiết kế thời trang
113670,MHN,thuong-mai-dien-tu,A00,Điểm thi THPT,2021,25.85,Thương mại điện tử
113671,MHN,thuong-mai-dien-tu,A01,Điểm thi THPT,2021,25.85,Thương mại điện tử
113672,MHN,thuong-mai-dien-tu,D01,Điểm thi THPT,2021,25.85,Thương mại điện tử
113673,MHN,thuong-mai-dien-tu,A00,Điểm thi THPT,2022,25.25,Thương mại điện tử
113674,MHN,thuong-mai-dien-tu,A01,Điểm thi THPT,2022,25.25,Thương mại điện tử
113675,MHN,thuong-mai-dien-tu,D01,Điểm thi THPT,2022,25.25,Thương mại điện tử
113676,MHN,thuong-mai-dien-tu,A00,Điểm thi THPT,2023,25.07,Thương mại điện tử
113677,MHN,thuong-mai-dien-tu,A01,Điểm thi THPT,2023,25.07,Thương mại điện tử
113678,MHN,thuong-mai-dien-tu,D01,Điểm thi THPT,2023,25.07,Thương mại điện tử
113679,MHN,thuong-mai-dien-tu,A00,Điểm thi THPT,2024,24.91,Thương mại điện tử
113680,MHN,thuong-mai-dien-tu,A01,Điểm thi THPT,2024,24.91,Thương mại điện tử
113681,MHN,thuong-mai-dien-tu,D01,Điểm thi THPT,2024,24.91,Thương mại điện tử
113682,MHN,thuong-mai-dien-tu,A00,Điểm thi THPT,2025,22.19,Thương mại điện tử
113683,MHN,thuong-mai-dien-tu,A01,Điểm thi THPT,2025,22.19,Thương mại điện tử
113684,MHN,thuong-mai-dien-tu,D01,Điểm thi THPT,2025,22.19,Thương mại điện tử
113685,MHN,thuong-mai-dien-tu,X26,Điểm thi THPT,2025,22.19,Thương mại điện tử
113686,MIT,bac-si-thu-y,A00,Điểm học bạ,2023,6.0,Bác sĩ thú y
113687,MIT,bac-si-thu-y,B00,Điểm học bạ,2023,6.0,Bác sĩ thú y
113688,MIT,bac-si-thu-y,C08,Điểm học bạ,2023,6.0,Bác sĩ thú y
113689,MIT,bac-si-thu-y,D07,Điểm học bạ,2023,6.0,Bác sĩ thú y
113690,MIT,bac-si-thu-y,A00,Điểm thi THPT,2023,15.0,Bác sĩ thú y
113691,MIT,bac-si-thu-y,B00,Điểm thi THPT,2023,15.0,Bác sĩ thú y
113692,MIT,bac-si-thu-y,C08,Điểm thi THPT,2023,15.0,Bác sĩ thú y
113693,MIT,bac-si-thu-y,D07,Điểm thi THPT,2023,15.0,Bác sĩ thú y
113694,MIT,cong-nghe-ky-thuat-o-to,A00,Điểm học bạ,2021,18.0,Công nghệ kỹ thuật ô tô
113695,MIT,cong-nghe-ky-thuat-o-to,A01,Điểm học bạ,2021,18.0,Công nghệ kỹ thuật ô tô
113696,MIT,cong-nghe-ky-thuat-o-to,A02,Điểm học bạ,2021,18.0,Công nghệ kỹ thuật ô tô
113697,MIT,cong-nghe-ky-thuat-o-to,C01,Điểm học bạ,2021,18.0,Công nghệ kỹ thuật ô tô
113698,MIT,cong-nghe-ky-thuat-o-to,A00,Điểm thi THPT,2021,15.0,Công nghệ kỹ thuật ô tô
113699,MIT,cong-nghe-ky-thuat-o-to,A01,Điểm thi THPT,2021,15.0,Công nghệ kỹ thuật ô tô
113700,MIT,cong-nghe-ky-thuat-o-to,A02,Điểm thi THPT,2021,15.0,Công nghệ kỹ thuật ô tô
113701,MIT,cong-nghe-ky-thuat-o-to,C01,Điểm thi THPT,2021,15.0,Công nghệ kỹ thuật ô tô
113702,MIT,cong-nghe-ky-thuat-o-to,A00,Điểm học bạ,2022,18.0,Công nghệ kỹ thuật ô tô
113703,MIT,cong-nghe-ky-thuat-o-to,A01,Điểm học bạ,2022,18.0,Công nghệ kỹ thuật ô tô
113704,MIT,cong-nghe-ky-thuat-o-to,C01,Điểm học bạ,2022,18.0,Công nghệ kỹ thuật ô tô
113705,MIT,cong-nghe-ky-thuat-o-to,D01,Điểm học bạ,2022,18.0,Công nghệ kỹ thuật ô tô
113706,MIT,cong-nghe-ky-thuat-o-to,A00,Điểm thi THPT,2022,15.0,Công nghệ kỹ thuật ô tô
113707,MIT,cong-nghe-ky-thuat-o-to,A01,Điểm thi THPT,2022,15.0,Công nghệ kỹ thuật ô tô
113708,MIT,cong-nghe-ky-thuat-o-to,C01,Điểm thi THPT,2022,15.0,Công nghệ kỹ thuật ô tô
113709,MIT,cong-nghe-ky-thuat-o-to,D01,Điểm thi THPT,2022,15.0,Công nghệ kỹ thuật ô tô
113710,MIT,cong-nghe-ky-thuat-o-to,A00,Điểm học bạ,2023,6.0,Công nghệ kỹ thuật ô tô
113711,MIT,cong-nghe-ky-thuat-o-to,A01,Điểm học bạ,2023,6.0,Công nghệ kỹ thuật ô tô
113712,MIT,cong-nghe-ky-thuat-o-to,C01,Điểm học bạ,2023,6.0,Công nghệ kỹ thuật ô tô
113713,MIT,cong-nghe-ky-thuat-o-to,D01,Điểm học bạ,2023,6.0,Công nghệ kỹ thuật ô tô
113714,MIT,cong-nghe-ky-thuat-o-to,A00,Điểm thi THPT,2023,15.0,Công nghệ kỹ thuật ô tô
113715,MIT,cong-nghe-ky-thuat-o-to,A01,Điểm thi THPT,2023,15.0,Công nghệ kỹ thuật ô tô
113716,MIT,cong-nghe-ky-thuat-o-to,C01,Điểm thi THPT,2023,15.0,Công nghệ kỹ thuật ô tô
113717,MIT,cong-nghe-ky-thuat-o-to,D01,Điểm thi THPT,2023,15.0,Công nghệ kỹ thuật ô tô
113718,MIT,cong-nghe-ky-thuat-o-to,A00,Điểm học bạ,2024,16.5,Công nghệ kỹ thuật ô tô
113719,MIT,cong-nghe-ky-thuat-o-to,A01,Điểm học bạ,2024,16.5,Công nghệ kỹ thuật ô tô
113720,MIT,cong-nghe-ky-thuat-o-to,C01,Điểm học bạ,2024,16.5,Công nghệ kỹ thuật ô tô
113721,MIT,cong-nghe-ky-thuat-o-to,D01,Điểm học bạ,2024,16.5,Công nghệ kỹ thuật ô tô
113722,MIT,cong-nghe-ky-thuat-o-to,A00,Điểm thi THPT,2024,15.0,Công nghệ kỹ thuật ô tô
113723,MIT,cong-nghe-ky-thuat-o-to,A01,Điểm thi THPT,2024,15.0,Công nghệ kỹ thuật ô tô
113724,MIT,cong-nghe-ky-thuat-o-to,C01,Điểm thi THPT,2024,15.0,Công nghệ kỹ thuật ô tô
113725,MIT,cong-nghe-ky-thuat-o-to,D01,Điểm thi THPT,2024,15.0,Công nghệ kỹ thuật ô tô
113726,MIT,cong-nghe-ky-thuat-o-to,A00,Điểm học bạ,2025,15.0,Công nghệ kỹ thuật ô tô
113727,MIT,cong-nghe-ky-thuat-o-to,A01,Điểm học bạ,2025,15.0,Công nghệ kỹ thuật ô tô
113728,MIT,cong-nghe-ky-thuat-o-to,C01,Điểm học bạ,2025,15.0,Công nghệ kỹ thuật ô tô
113729,MIT,cong-nghe-ky-thuat-o-to,D01,Điểm học bạ,2025,15.0,Công nghệ kỹ thuật ô tô
113730,MIT,cong-nghe-ky-thuat-o-to,K01,Điểm học bạ,2025,15.0,Công nghệ kỹ thuật ô tô
113731,MIT,cong-nghe-ky-thuat-o-to,A00,Điểm thi THPT,2025,15.0,Công nghệ kỹ thuật ô tô
113732,MIT,cong-nghe-ky-thuat-o-to,A01,Điểm thi THPT,2025,15.0,Công nghệ kỹ thuật ô tô
113733,MIT,cong-nghe-ky-thuat-o-to,C01,Điểm thi THPT,2025,15.0,Công nghệ kỹ thuật ô tô
113734,MIT,cong-nghe-ky-thuat-o-to,D01,Điểm thi THPT,2025,15.0,Công nghệ kỹ thuật ô tô
113735,MIT,cong-nghe-phan-mem-an-toan-thong-tin-tri-tue-nhan-tao,A00,Điểm học bạ,2024,16.5,Công nghệ thông tin (chuyên ngành Công nghệ phần mềm; An toàn thông tin; Trí tuệ nhân tạo)
113736,MIT,cong-nghe-phan-mem-an-toan-thong-tin-tri-tue-nhan-tao,A01,Điểm học bạ,2024,16.5,Công nghệ thông tin (chuyên ngành Công nghệ phần mềm; An toàn thông tin; Trí tuệ nhân tạo)
113737,MIT,cong-nghe-phan-mem-an-toan-thong-tin-tri-tue-nhan-tao,C01,Điểm học bạ,2024,16.5,Công nghệ thông tin (chuyên ngành Công nghệ phần mềm; An toàn thông tin; Trí tuệ nhân tạo)
113738,MIT,cong-nghe-phan-mem-an-toan-thong-tin-tri-tue-nhan-tao,D01,Điểm học bạ,2024,16.5,Công nghệ thông tin (chuyên ngành Công nghệ phần mềm; An toàn thông tin; Trí tuệ nhân tạo)
113739,MIT,cong-nghe-tai-chinh,A00,Điểm học bạ,2023,18.0,Công nghệ tài chính
113740,MIT,cong-nghe-tai-chinh,A01,Điểm học bạ,2023,18.0,Công nghệ tài chính
113741,MIT,cong-nghe-tai-chinh,C01,Điểm học bạ,2023,18.0,Công nghệ tài chính
113742,MIT,cong-nghe-tai-chinh,D01,Điểm học bạ,2023,18.0,Công nghệ tài chính
113743,MIT,cong-nghe-tai-chinh,A00,Điểm thi THPT,2023,15.0,Công nghệ tài chính
113744,MIT,cong-nghe-tai-chinh,A01,Điểm thi THPT,2023,15.0,Công nghệ tài chính
113745,MIT,cong-nghe-tai-chinh,C01,Điểm thi THPT,2023,15.0,Công nghệ tài chính
113746,MIT,cong-nghe-tai-chinh,D01,Điểm thi THPT,2023,15.0,Công nghệ tài chính
113747,MIT,cong-nghe-tai-chinh,A00,Điểm thi THPT,2024,15.0,Công nghệ tài chính
113748,MIT,cong-nghe-tai-chinh,A01,Điểm thi THPT,2024,15.0,Công nghệ tài chính
113749,MIT,cong-nghe-tai-chinh,C01,Điểm thi THPT,2024,15.0,Công nghệ tài chính
113750,MIT,cong-nghe-tai-chinh,D01,Điểm thi THPT,2024,15.0,Công nghệ tài chính
113751,MIT,cong-nghe-tai-chinh,A00,Điểm học bạ,2025,15.0,Công nghệ tài chính
113752,MIT,cong-nghe-tai-chinh,A01,Điểm học bạ,2025,15.0,Công nghệ tài chính
113753,MIT,cong-nghe-tai-chinh,C00,Điểm học bạ,2025,15.0,Công nghệ tài chính
113754,MIT,cong-nghe-tai-chinh,C01,Điểm học bạ,2025,15.0,Công nghệ tài chính
113755,MIT,cong-nghe-tai-chinh,C03,Điểm học bạ,2025,15.0,Công nghệ tài chính
113756,MIT,cong-nghe-tai-chinh,C14,Điểm học bạ,2025,15.0,Công nghệ tài chính
113757,MIT,cong-nghe-tai-chinh,D01,Điểm học bạ,2025,15.0,Công nghệ tài chính
113758,MIT,cong-nghe-tai-chinh,K01,Điểm học bạ,2025,15.0,Công nghệ tài chính
113759,MIT,cong-nghe-tai-chinh,A00,Điểm thi THPT,2025,15.0,Công nghệ tài chính
113760,MIT,cong-nghe-tai-chinh,A01,Điểm thi THPT,2025,15.0,Công nghệ tài chính
113761,MIT,cong-nghe-tai-chinh,C00,Điểm thi THPT,2025,15.0,Công nghệ tài chính
113762,MIT,cong-nghe-tai-chinh,C01,Điểm thi THPT,2025,15.0,Công nghệ tài chính
113763,MIT,cong-nghe-tai-chinh,C03,Điểm thi THPT,2025,15.0,Công nghệ tài chính
113764,MIT,cong-nghe-tai-chinh,C14,Điểm thi THPT,2025,15.0,Công nghệ tài chính
113765,MIT,cong-nghe-tai-chinh,D01,Điểm thi THPT,2025,15.0,Công nghệ tài chính
113766,MIT,cong-nghe-thong-tin,A00,Điểm học bạ,2022,18.0,Công nghệ thông tin
113767,MIT,cong-nghe-thong-tin,A01,Điểm học bạ,2022,18.0,Công nghệ thông tin
113768,MIT,cong-nghe-thong-tin,C01,Điểm học bạ,2022,18.0,Công nghệ thông tin
113769,MIT,cong-nghe-thong-tin,D01,Điểm học bạ,2022,18.0,Công nghệ thông tin
113770,MIT,cong-nghe-thong-tin,A00,Điểm thi THPT,2022,15.0,Công nghệ thông tin
113771,MIT,cong-nghe-thong-tin,A01,Điểm thi THPT,2022,15.0,Công nghệ thông tin
113772,MIT,cong-nghe-thong-tin,C01,Điểm thi THPT,2022,15.0,Công nghệ thông tin
113773,MIT,cong-nghe-thong-tin,D01,Điểm thi THPT,2022,15.0,Công nghệ thông tin
113774,MIT,cong-nghe-thong-tin,A00,Điểm học bạ,2023,6.0,Công nghệ thông tin
113775,MIT,cong-nghe-thong-tin,A01,Điểm học bạ,2023,6.0,Công nghệ thông tin
113776,MIT,cong-nghe-thong-tin,C01,Điểm học bạ,2023,6.0,Công nghệ thông tin
113777,MIT,cong-nghe-thong-tin,D01,Điểm học bạ,2023,6.0,Công nghệ thông tin
113778,MIT,cong-nghe-thong-tin,A00,Điểm thi THPT,2023,15.0,Công nghệ thông tin
113779,MIT,cong-nghe-thong-tin,A01,Điểm thi THPT,2023,15.0,Công nghệ thông tin
113780,MIT,cong-nghe-thong-tin,C01,Điểm thi THPT,2023,15.0,Công nghệ thông tin
113781,MIT,cong-nghe-thong-tin,D01,Điểm thi THPT,2023,15.0,Công nghệ thông tin
113782,MIT,cong-nghe-thong-tin,A00,Điểm thi THPT,2024,15.0,Công nghệ thông tin
113783,MIT,cong-nghe-thong-tin,A01,Điểm thi THPT,2024,15.0,Công nghệ thông tin
113784,MIT,cong-nghe-thong-tin,C01,Điểm thi THPT,2024,15.0,Công nghệ thông tin
113785,MIT,cong-nghe-thong-tin,D01,Điểm thi THPT,2024,15.0,Công nghệ thông tin
113786,MIT,cong-nghe-thong-tin,A00,Điểm học bạ,2025,15.0,Công nghệ thông tin
113787,MIT,cong-nghe-thong-tin,A01,Điểm học bạ,2025,15.0,Công nghệ thông tin
113788,MIT,cong-nghe-thong-tin,C01,Điểm học bạ,2025,15.0,Công nghệ thông tin
113789,MIT,cong-nghe-thong-tin,D01,Điểm học bạ,2025,15.0,Công nghệ thông tin
113790,MIT,cong-nghe-thong-tin,K01,Điểm học bạ,2025,15.0,Công nghệ thông tin
113791,MIT,cong-nghe-thong-tin,A00,Điểm thi THPT,2025,15.0,Công nghệ thông tin
113792,MIT,cong-nghe-thong-tin,A01,Điểm thi THPT,2025,15.0,Công nghệ thông tin
113793,MIT,cong-nghe-thong-tin,C01,Điểm thi THPT,2025,15.0,Công nghệ thông tin
113794,MIT,cong-nghe-thong-tin,D01,Điểm thi THPT,2025,15.0,Công nghệ thông tin
113795,MIT,dieu-duong,A00,Điểm học bạ,2023,6.0,Điều dưỡng
113796,MIT,dieu-duong,B00,Điểm học bạ,2023,6.0,Điều dưỡng
113797,MIT,dieu-duong,C08,Điểm học bạ,2023,6.0,Điều dưỡng
113798,MIT,dieu-duong,D07,Điểm học bạ,2023,6.0,Điều dưỡng
113799,MIT,digital-marketing,A00,Điểm học bạ,2023,6.0,Digital marketing
113800,MIT,digital-marketing,A01,Điểm học bạ,2023,6.0,Digital marketing
113801,MIT,digital-marketing,C00,Điểm học bạ,2023,6.0,Digital marketing
113802,MIT,digital-marketing,D01,Điểm học bạ,2023,6.0,Digital marketing
113803,MIT,digital-marketing,A00,Điểm thi THPT,2023,15.0,Digital marketing
113804,MIT,digital-marketing,A01,Điểm thi THPT,2023,15.0,Digital marketing
113805,MIT,digital-marketing,C00,Điểm thi THPT,2023,15.0,Digital marketing
113806,MIT,digital-marketing,D01,Điểm thi THPT,2023,15.0,Digital marketing
113807,MIT,digital-marketing,A00,Điểm học bạ,2024,16.5,Digital marketing
113808,MIT,digital-marketing,A01,Điểm học bạ,2024,16.5,Digital marketing
113809,MIT,digital-marketing,C00,Điểm học bạ,2024,16.5,Digital marketing
113810,MIT,digital-marketing,D01,Điểm học bạ,2024,16.5,Digital marketing
113811,MIT,digital-marketing,A00,Điểm thi THPT,2024,15.0,Digital marketing
113812,MIT,digital-marketing,A01,Điểm thi THPT,2024,15.0,Digital marketing
113813,MIT,digital-marketing,C00,Điểm thi THPT,2024,15.0,Digital marketing
113814,MIT,digital-marketing,D01,Điểm thi THPT,2024,15.0,Digital marketing
113815,MIT,digital-marketing,A00,Điểm học bạ,2025,15.0,Digital Marketing
113816,MIT,digital-marketing,A01,Điểm học bạ,2025,15.0,Digital Marketing
113817,MIT,digital-marketing,C00,Điểm học bạ,2025,15.0,Digital Marketing
113818,MIT,digital-marketing,C01,Điểm học bạ,2025,15.0,Digital Marketing
113819,MIT,digital-marketing,C03,Điểm học bạ,2025,15.0,Digital Marketing
113820,MIT,digital-marketing,C14,Điểm học bạ,2025,15.0,Digital Marketing
113821,MIT,digital-marketing,D01,Điểm học bạ,2025,15.0,Digital Marketing
113822,MIT,digital-marketing,K01,Điểm học bạ,2025,15.0,Digital Marketing
113823,MIT,digital-marketing,A00,Điểm thi THPT,2025,15.0,Digital Marketing
113824,MIT,digital-marketing,A01,Điểm thi THPT,2025,15.0,Digital Marketing
113825,MIT,digital-marketing,C00,Điểm thi THPT,2025,15.0,Digital Marketing
113826,MIT,digital-marketing,C01,Điểm thi THPT,2025,15.0,Digital Marketing
113827,MIT,digital-marketing,C03,Điểm thi THPT,2025,15.0,Digital Marketing
113828,MIT,digital-marketing,C14,Điểm thi THPT,2025,15.0,Digital Marketing
113829,MIT,digital-marketing,D01,Điểm thi THPT,2025,15.0,Digital Marketing
113830,MIT,dong-phuong-hoc,A01,Điểm học bạ,2022,18.0,Đông phương học
113831,MIT,dong-phuong-hoc,C00,Điểm học bạ,2022,18.0,Đông phương học
113832,MIT,dong-phuong-hoc,D01,Điểm học bạ,2022,18.0,Đông phương học
113833,MIT,dong-phuong-hoc,D15,Điểm học bạ,2022,18.0,Đông phương học
113834,MIT,dong-phuong-hoc,A01,Điểm thi THPT,2022,15.0,Đông phương học
113835,MIT,dong-phuong-hoc,C00,Điểm thi THPT,2022,15.0,Đông phương học
113836,MIT,dong-phuong-hoc,D01,Điểm thi THPT,2022,15.0,Đông phương học
113837,MIT,dong-phuong-hoc,D15,Điểm thi THPT,2022,15.0,Đông phương học
113838,MIT,dong-phuong-hoc,A01,Điểm học bạ,2023,6.0,Đông phương học
113839,MIT,dong-phuong-hoc,C00,Điểm học bạ,2023,6.0,Đông phương học
113840,MIT,dong-phuong-hoc,D01,Điểm học bạ,2023,6.0,Đông phương học
113841,MIT,dong-phuong-hoc,D15,Điểm học bạ,2023,6.0,Đông phương học
113842,MIT,dong-phuong-hoc,A01,Điểm thi THPT,2023,15.0,Đông phương học
113843,MIT,dong-phuong-hoc,C00,Điểm thi THPT,2023,15.0,Đông phương học
113844,MIT,dong-phuong-hoc,D01,Điểm thi THPT,2023,15.0,Đông phương học
113845,MIT,dong-phuong-hoc,D15,Điểm thi THPT,2023,15.0,Đông phương học
113846,MIT,duoc-hoc,A00,Điểm học bạ,2021,24.0,Dược học
113847,MIT,duoc-hoc,B00,Điểm học bạ,2021,24.0,Dược học
113848,MIT,duoc-hoc,C02,Điểm học bạ,2021,24.0,Dược học
113849,MIT,duoc-hoc,D07,Điểm học bạ,2021,24.0,Dược học
113850,MIT,duoc-hoc,A00,Điểm thi THPT,2021,21.0,Dược học
113851,MIT,duoc-hoc,B00,Điểm thi THPT,2021,21.0,Dược học
113852,MIT,duoc-hoc,C02,Điểm thi THPT,2021,21.0,Dược học
113853,MIT,duoc-hoc,D07,Điểm thi THPT,2021,21.0,Dược học
113854,MIT,duoc-hoc,A00,Điểm học bạ,2022,24.0,Dược học
113855,MIT,duoc-hoc,B00,Điểm học bạ,2022,24.0,Dược học
113856,MIT,duoc-hoc,C08,Điểm học bạ,2022,24.0,Dược học
113857,MIT,duoc-hoc,D07,Điểm học bạ,2022,24.0,Dược học
113858,MIT,duoc-hoc,A00,Điểm thi THPT,2022,21.0,Dược học
113859,MIT,duoc-hoc,B00,Điểm thi THPT,2022,21.0,Dược học
113860,MIT,duoc-hoc,C08,Điểm thi THPT,2022,21.0,Dược học
113861,MIT,duoc-hoc,D07,Điểm thi THPT,2022,21.0,Dược học
113862,MIT,duoc-hoc,A00,Điểm học bạ,2023,6.0,Dược học
113863,MIT,duoc-hoc,B00,Điểm học bạ,2023,6.0,Dược học
113864,MIT,duoc-hoc,C08,Điểm học bạ,2023,6.0,Dược học
113865,MIT,duoc-hoc,D07,Điểm học bạ,2023,6.0,Dược học
113866,MIT,duoc-hoc,A00,Điểm thi THPT,2023,21.0,Dược học
113867,MIT,duoc-hoc,B00,Điểm thi THPT,2023,21.0,Dược học
113868,MIT,duoc-hoc,C08,Điểm thi THPT,2023,21.0,Dược học
113869,MIT,duoc-hoc,D07,Điểm thi THPT,2023,21.0,Dược học
113870,MIT,duoc-hoc,A00,Điểm học bạ,2024,21.0,Dược học
113871,MIT,duoc-hoc,A01,Điểm học bạ,2024,21.0,Dược học
113872,MIT,duoc-hoc,C00,Điểm học bạ,2024,21.0,Dược học
113873,MIT,duoc-hoc,D01,Điểm học bạ,2024,21.0,Dược học
113874,MIT,duoc-hoc,A00,Điểm thi THPT,2024,21.0,Dược học
113875,MIT,duoc-hoc,B00,Điểm thi THPT,2024,21.0,Dược học
113876,MIT,duoc-hoc,C08,Điểm thi THPT,2024,21.0,Dược học
113877,MIT,duoc-hoc,D07,Điểm thi THPT,2024,21.0,Dược học
113878,MIT,duoc-hoc,A00,Điểm học bạ,2025,24.0,Dược học
113879,MIT,duoc-hoc,A01,Điểm học bạ,2025,24.0,Dược học
113880,MIT,duoc-hoc,B00,Điểm học bạ,2025,24.0,Dược học
113881,MIT,duoc-hoc,C08,Điểm học bạ,2025,24.0,Dược học
113882,MIT,duoc-hoc,D01,Điểm học bạ,2025,24.0,Dược học
113883,MIT,duoc-hoc,D07,Điểm học bạ,2025,24.0,Dược học
113884,MIT,duoc-hoc,D08,Điểm học bạ,2025,24.0,Dược học
113885,MIT,duoc-hoc,A00,Điểm thi THPT,2025,19.0,Dược học
113886,MIT,duoc-hoc,A01,Điểm thi THPT,2025,19.0,Dược học
113887,MIT,duoc-hoc,B00,Điểm thi THPT,2025,19.0,Dược học
113888,MIT,duoc-hoc,C08,Điểm thi THPT,2025,19.0,Dược học
113889,MIT,duoc-hoc,D01,Điểm thi THPT,2025,19.0,Dược học
113890,MIT,duoc-hoc,D07,Điểm thi THPT,2025,19.0,Dược học
113891,MIT,duoc-hoc,D08,Điểm thi THPT,2025,19.0,Dược học
113892,MIT,fintech,A00,Điểm học bạ,2024,16.5,Fintech (Công nghệ tài chính)
113893,MIT,fintech,A01,Điểm học bạ,2024,16.5,Fintech (Công nghệ tài chính)
113894,MIT,fintech,C01,Điểm học bạ,2024,16.5,Fintech (Công nghệ tài chính)
113895,MIT,fintech,D01,Điểm học bạ,2024,16.5,Fintech (Công nghệ tài chính)
113896,MIT,han-quoc-hoc,A00,Điểm học bạ,2024,16.5,Đông phương học (chuyên ngành Hàn Quốc học)
113897,MIT,han-quoc-hoc,A01,Điểm học bạ,2024,16.5,Đông phương học (chuyên ngành Hàn Quốc học)
113898,MIT,han-quoc-hoc,C00,Điểm học bạ,2024,16.5,Đông phương học (chuyên ngành Hàn Quốc học)
113899,MIT,han-quoc-hoc,D01,Điểm học bạ,2024,16.5,Đông phương học (chuyên ngành Hàn Quốc học)
113900,MIT,han-quoc-hoc,A01,Điểm thi THPT,2024,15.0,Đông phương học (chuyên ngành Hàn Quốc học)
113901,MIT,han-quoc-hoc,C00,Điểm thi THPT,2024,15.0,Đông phương học (chuyên ngành Hàn Quốc học)
113902,MIT,han-quoc-hoc,D01,Điểm thi THPT,2024,15.0,Đông phương học (chuyên ngành Hàn Quốc học)
113903,MIT,han-quoc-hoc,D15,Điểm thi THPT,2024,15.0,Đông phương học (chuyên ngành Hàn Quốc học)
113904,MIT,ke-toan,A00,Điểm học bạ,2022,18.0,Kế toán
113905,MIT,ke-toan,A01,Điểm học bạ,2022,18.0,Kế toán
113906,MIT,ke-toan,C01,Điểm học bạ,2022,18.0,Kế toán
113907,MIT,ke-toan,D01,Điểm học bạ,2022,18.0,Kế toán
113908,MIT,ke-toan,A00,Điểm thi THPT,2022,15.0,Kế toán
113909,MIT,ke-toan,A01,Điểm thi THPT,2022,15.0,Kế toán
113910,MIT,ke-toan,C01,Điểm thi THPT,2022,15.0,Kế toán
113911,MIT,ke-toan,D01,Điểm thi THPT,2022,15.0,Kế toán
113912,MIT,ke-toan,A00,Điểm học bạ,2023,6.0,Kế toán
113913,MIT,ke-toan,A01,Điểm học bạ,2023,6.0,Kế toán
113914,MIT,ke-toan,C01,Điểm học bạ,2023,6.0,Kế toán
113915,MIT,ke-toan,D01,Điểm học bạ,2023,6.0,Kế toán
113916,MIT,ke-toan,A00,Điểm thi THPT,2023,15.0,Kế toán
113917,MIT,ke-toan,A01,Điểm thi THPT,2023,15.0,Kế toán
113918,MIT,ke-toan,C01,Điểm thi THPT,2023,15.0,Kế toán
113919,MIT,ke-toan,D01,Điểm thi THPT,2023,15.0,Kế toán
113920,MIT,ke-toan,A00,Điểm học bạ,2024,16.5,Kế toán
113921,MIT,ke-toan,A01,Điểm học bạ,2024,16.5,Kế toán
113922,MIT,ke-toan,C01,Điểm học bạ,2024,16.5,Kế toán
113923,MIT,ke-toan,D01,Điểm học bạ,2024,16.5,Kế toán
113924,MIT,ke-toan,A00,Điểm thi THPT,2024,15.0,Kế toán
113925,MIT,ke-toan,A01,Điểm thi THPT,2024,15.0,Kế toán
113926,MIT,ke-toan,C01,Điểm thi THPT,2024,15.0,Kế toán
113927,MIT,ke-toan,D01,Điểm thi THPT,2024,15.0,Kế toán
113928,MIT,ke-toan,A00,Điểm học bạ,2025,15.0,Kế toán
113929,MIT,ke-toan,A01,Điểm học bạ,2025,15.0,Kế toán
113930,MIT,ke-toan,C00,Điểm học bạ,2025,15.0,Kế toán
113931,MIT,ke-toan,C01,Điểm học bạ,2025,15.0,Kế toán
113932,MIT,ke-toan,C03,Điểm học bạ,2025,15.0,Kế toán
113933,MIT,ke-toan,C14,Điểm học bạ,2025,15.0,Kế toán
113934,MIT,ke-toan,C19,Điểm học bạ,2025,15.0,Kế toán
113935,MIT,ke-toan,D01,Điểm học bạ,2025,15.0,Kế toán
113936,MIT,ke-toan,K01,Điểm học bạ,2025,15.0,Kế toán
113937,MIT,ke-toan,A00,Điểm thi THPT,2025,15.0,Kế toán
113938,MIT,ke-toan,A01,Điểm thi THPT,2025,15.0,Kế toán
113939,MIT,ke-toan,C00,Điểm thi THPT,2025,15.0,Kế toán
113940,MIT,ke-toan,C01,Điểm thi THPT,2025,15.0,Kế toán
113941,MIT,ke-toan,C03,Điểm thi THPT,2025,15.0,Kế toán
113942,MIT,ke-toan,C14,Điểm thi THPT,2025,15.0,Kế toán
113943,MIT,ke-toan,C19,Điểm thi THPT,2025,15.0,Kế toán
113944,MIT,ke-toan,D01,Điểm thi THPT,2025,15.0,Kế toán
113945,MIT,kinh-doanh-quoc-te,A00,Điểm học bạ,2021,18.0,Kinh doanh quốc tế
113946,MIT,kinh-doanh-quoc-te,A01,Điểm học bạ,2021,18.0,Kinh doanh quốc tế
113947,MIT,kinh-doanh-quoc-te,C00,Điểm học bạ,2021,18.0,Kinh doanh quốc tế
113948,MIT,kinh-doanh-quoc-te,D01,Điểm học bạ,2021,18.0,Kinh doanh quốc tế
113949,MIT,kinh-doanh-quoc-te,A00,Điểm thi THPT,2021,15.0,Kinh doanh quốc tế
113950,MIT,kinh-doanh-quoc-te,A01,Điểm thi THPT,2021,15.0,Kinh doanh quốc tế
113951,MIT,kinh-doanh-quoc-te,C00,Điểm thi THPT,2021,15.0,Kinh doanh quốc tế
113952,MIT,kinh-doanh-quoc-te,D01,Điểm thi THPT,2021,15.0,Kinh doanh quốc tế
113953,MIT,kinh-doanh-quoc-te,A00,Điểm học bạ,2022,18.0,Kinh doanh quốc tế
113954,MIT,kinh-doanh-quoc-te,A01,Điểm học bạ,2022,18.0,Kinh doanh quốc tế
113955,MIT,kinh-doanh-quoc-te,C00,Điểm học bạ,2022,18.0,Kinh doanh quốc tế
113956,MIT,kinh-doanh-quoc-te,D01,Điểm học bạ,2022,18.0,Kinh doanh quốc tế
113957,MIT,kinh-doanh-quoc-te,A00,Điểm thi THPT,2022,15.0,Kinh doanh quốc tế
113958,MIT,kinh-doanh-quoc-te,A01,Điểm thi THPT,2022,15.0,Kinh doanh quốc tế
113959,MIT,kinh-doanh-quoc-te,C00,Điểm thi THPT,2022,15.0,Kinh doanh quốc tế
113960,MIT,kinh-doanh-quoc-te,D01,Điểm thi THPT,2022,15.0,Kinh doanh quốc tế
113961,MIT,kinh-doanh-quoc-te,A00,Điểm học bạ,2023,6.0,Kinh doanh quốc tế
113962,MIT,kinh-doanh-quoc-te,A01,Điểm học bạ,2023,6.0,Kinh doanh quốc tế
113963,MIT,kinh-doanh-quoc-te,C00,Điểm học bạ,2023,6.0,Kinh doanh quốc tế
113964,MIT,kinh-doanh-quoc-te,D01,Điểm học bạ,2023,6.0,Kinh doanh quốc tế
113965,MIT,kinh-doanh-quoc-te,A00,Điểm thi THPT,2023,15.0,Kinh doanh quốc tế
113966,MIT,kinh-doanh-quoc-te,A01,Điểm thi THPT,2023,15.0,Kinh doanh quốc tế
113967,MIT,kinh-doanh-quoc-te,C00,Điểm thi THPT,2023,15.0,Kinh doanh quốc tế
113968,MIT,kinh-doanh-quoc-te,D01,Điểm thi THPT,2023,15.0,Kinh doanh quốc tế
113969,MIT,kinh-doanh-quoc-te,A00,Điểm học bạ,2024,16.5,Kinh doanh quốc tế
113970,MIT,kinh-doanh-quoc-te,A01,Điểm học bạ,2024,16.5,Kinh doanh quốc tế
113971,MIT,kinh-doanh-quoc-te,C00,Điểm học bạ,2024,16.5,Kinh doanh quốc tế
113972,MIT,kinh-doanh-quoc-te,D01,Điểm học bạ,2024,16.5,Kinh doanh quốc tế
113973,MIT,kinh-doanh-quoc-te,A00,Điểm thi THPT,2024,15.0,Kinh doanh quốc tế
113974,MIT,kinh-doanh-quoc-te,A01,Điểm thi THPT,2024,15.0,Kinh doanh quốc tế
113975,MIT,kinh-doanh-quoc-te,C00,Điểm thi THPT,2024,15.0,Kinh doanh quốc tế
113976,MIT,kinh-doanh-quoc-te,D01,Điểm thi THPT,2024,15.0,Kinh doanh quốc tế
113977,MIT,kinh-doanh-quoc-te,A00,Điểm học bạ,2025,15.0,Kinh doanh quốc tế
113978,MIT,kinh-doanh-quoc-te,A01,Điểm học bạ,2025,15.0,Kinh doanh quốc tế
113979,MIT,kinh-doanh-quoc-te,C00,Điểm học bạ,2025,15.0,Kinh doanh quốc tế
113980,MIT,kinh-doanh-quoc-te,C01,Điểm học bạ,2025,15.0,Kinh doanh quốc tế
113981,MIT,kinh-doanh-quoc-te,C03,Điểm học bạ,2025,15.0,Kinh doanh quốc tế
113982,MIT,kinh-doanh-quoc-te,C14,Điểm học bạ,2025,15.0,Kinh doanh quốc tế
113983,MIT,kinh-doanh-quoc-te,C19,Điểm học bạ,2025,15.0,Kinh doanh quốc tế
113984,MIT,kinh-doanh-quoc-te,D01,Điểm học bạ,2025,15.0,Kinh doanh quốc tế
113985,MIT,kinh-doanh-quoc-te,K01,Điểm học bạ,2025,15.0,Kinh doanh quốc tế
113986,MIT,kinh-doanh-quoc-te,A00,Điểm thi THPT,2025,15.0,Kinh doanh quốc tế
113987,MIT,kinh-doanh-quoc-te,A01,Điểm thi THPT,2025,15.0,Kinh doanh quốc tế
113988,MIT,kinh-doanh-quoc-te,C00,Điểm thi THPT,2025,15.0,Kinh doanh quốc tế
113989,MIT,kinh-doanh-quoc-te,C01,Điểm thi THPT,2025,15.0,Kinh doanh quốc tế
113990,MIT,kinh-doanh-quoc-te,C03,Điểm thi THPT,2025,15.0,Kinh doanh quốc tế
113991,MIT,kinh-doanh-quoc-te,C14,Điểm thi THPT,2025,15.0,Kinh doanh quốc tế
113992,MIT,kinh-doanh-quoc-te,C19,Điểm thi THPT,2025,15.0,Kinh doanh quốc tế
113993,MIT,kinh-doanh-quoc-te,D01,Điểm thi THPT,2025,15.0,Kinh doanh quốc tế
113994,MIT,ky-thuat-xay-dung,A00,Điểm học bạ,2021,18.0,Kỹ thuật xây dựng
113995,MIT,ky-thuat-xay-dung,A01,Điểm học bạ,2021,18.0,Kỹ thuật xây dựng
113996,MIT,ky-thuat-xay-dung,A02,Điểm học bạ,2021,18.0,Kỹ thuật xây dựng
113997,MIT,ky-thuat-xay-dung,C01,Điểm học bạ,2021,18.0,Kỹ thuật xây dựng
113998,MIT,ky-thuat-xay-dung,A00,Điểm thi THPT,2021,15.0,Kỹ thuật xây dựng
113999,MIT,ky-thuat-xay-dung,A01,Điểm thi THPT,2021,15.0,Kỹ thuật xây dựng
114000,MIT,ky-thuat-xay-dung,A02,Điểm thi THPT,2021,15.0,Kỹ thuật xây dựng
114001,MIT,ky-thuat-xay-dung,C01,Điểm thi THPT,2021,15.0,Kỹ thuật xây dựng
114002,MIT,ky-thuat-xay-dung,A00,Điểm học bạ,2022,18.0,Kỹ thuật xây dựng
114003,MIT,ky-thuat-xay-dung,A01,Điểm học bạ,2022,18.0,Kỹ thuật xây dựng
114004,MIT,ky-thuat-xay-dung,C01,Điểm học bạ,2022,18.0,Kỹ thuật xây dựng
114005,MIT,ky-thuat-xay-dung,D01,Điểm học bạ,2022,18.0,Kỹ thuật xây dựng
114006,MIT,ky-thuat-xay-dung,A00,Điểm thi THPT,2022,15.0,Kỹ thuật xây dựng
114007,MIT,ky-thuat-xay-dung,A01,Điểm thi THPT,2022,15.0,Kỹ thuật xây dựng
114008,MIT,ky-thuat-xay-dung,C01,Điểm thi THPT,2022,15.0,Kỹ thuật xây dựng
114009,MIT,ky-thuat-xay-dung,D01,Điểm thi THPT,2022,15.0,Kỹ thuật xây dựng
114010,MIT,ky-thuat-xay-dung,A00,Điểm học bạ,2023,6.0,Kỹ thuật xây dựng
114011,MIT,ky-thuat-xay-dung,A01,Điểm học bạ,2023,6.0,Kỹ thuật xây dựng
114012,MIT,ky-thuat-xay-dung,C01,Điểm học bạ,2023,6.0,Kỹ thuật xây dựng
114013,MIT,ky-thuat-xay-dung,D01,Điểm học bạ,2023,6.0,Kỹ thuật xây dựng
114014,MIT,ky-thuat-xay-dung,A00,Điểm thi THPT,2023,15.0,Kỹ thuật xây dựng
114015,MIT,ky-thuat-xay-dung,A01,Điểm thi THPT,2023,15.0,Kỹ thuật xây dựng
114016,MIT,ky-thuat-xay-dung,C01,Điểm thi THPT,2023,15.0,Kỹ thuật xây dựng
114017,MIT,ky-thuat-xay-dung,D01,Điểm thi THPT,2023,15.0,Kỹ thuật xây dựng
114018,MIT,logistic-va-quan-ly-chuoi-cung-ung,A00,Điểm học bạ,2024,16.5,Logistic và quản lý chuỗi cung ứng
114019,MIT,logistic-va-quan-ly-chuoi-cung-ung,A01,Điểm học bạ,2024,16.5,Logistic và quản lý chuỗi cung ứng
114020,MIT,logistic-va-quan-ly-chuoi-cung-ung,C00,Điểm học bạ,2024,16.5,Logistic và quản lý chuỗi cung ứng
114021,MIT,logistic-va-quan-ly-chuoi-cung-ung,D01,Điểm học bạ,2024,16.5,Logistic và quản lý chuỗi cung ứng
114022,MIT,logistic-va-quan-ly-chuoi-cung-ung,A00,Điểm thi THPT,2024,15.0,Logistic và quản lý chuỗi cung ứng
114023,MIT,logistic-va-quan-ly-chuoi-cung-ung,A01,Điểm thi THPT,2024,15.0,Logistic và quản lý chuỗi cung ứng
114024,MIT,logistic-va-quan-ly-chuoi-cung-ung,C00,Điểm thi THPT,2024,15.0,Logistic và quản lý chuỗi cung ứng
114025,MIT,logistic-va-quan-ly-chuoi-cung-ung,D01,Điểm thi THPT,2024,15.0,Logistic và quản lý chuỗi cung ứng
114026,MIT,logistics-va-quan-ly-chuoi-cung-ung,A00,Điểm học bạ,2022,18.0,Logistics và quản lý chuỗi cung ứng
114027,MIT,logistics-va-quan-ly-chuoi-cung-ung,A01,Điểm học bạ,2022,18.0,Logistics và quản lý chuỗi cung ứng
114028,MIT,logistics-va-quan-ly-chuoi-cung-ung,C00,Điểm học bạ,2022,18.0,Logistics và quản lý chuỗi cung ứng
114029,MIT,logistics-va-quan-ly-chuoi-cung-ung,D01,Điểm học bạ,2022,18.0,Logistics và quản lý chuỗi cung ứng
114030,MIT,logistics-va-quan-ly-chuoi-cung-ung,A00,Điểm thi THPT,2022,15.0,Logistics và quản lý chuỗi cung ứng
114031,MIT,logistics-va-quan-ly-chuoi-cung-ung,A01,Điểm thi THPT,2022,15.0,Logistics và quản lý chuỗi cung ứng
114032,MIT,logistics-va-quan-ly-chuoi-cung-ung,C00,Điểm thi THPT,2022,15.0,Logistics và quản lý chuỗi cung ứng
114033,MIT,logistics-va-quan-ly-chuoi-cung-ung,D01,Điểm thi THPT,2022,15.0,Logistics và quản lý chuỗi cung ứng
114034,MIT,logistics-va-quan-ly-chuoi-cung-ung,A00,Điểm học bạ,2023,6.0,Logistics và quản lý chuỗi cung ứng
114035,MIT,logistics-va-quan-ly-chuoi-cung-ung,A01,Điểm học bạ,2023,6.0,Logistics và quản lý chuỗi cung ứng
114036,MIT,logistics-va-quan-ly-chuoi-cung-ung,C00,Điểm học bạ,2023,6.0,Logistics và quản lý chuỗi cung ứng
114037,MIT,logistics-va-quan-ly-chuoi-cung-ung,D01,Điểm học bạ,2023,6.0,Logistics và quản lý chuỗi cung ứng
114038,MIT,logistics-va-quan-ly-chuoi-cung-ung,A00,Điểm thi THPT,2023,15.0,Logistics và quản lý chuỗi cung ứng
114039,MIT,logistics-va-quan-ly-chuoi-cung-ung,A01,Điểm thi THPT,2023,15.0,Logistics và quản lý chuỗi cung ứng
114040,MIT,logistics-va-quan-ly-chuoi-cung-ung,C00,Điểm thi THPT,2023,15.0,Logistics và quản lý chuỗi cung ứng
114041,MIT,logistics-va-quan-ly-chuoi-cung-ung,D01,Điểm thi THPT,2023,15.0,Logistics và quản lý chuỗi cung ứng
114042,MIT,logistics-va-quan-ly-chuoi-cung-ung,A00,Điểm học bạ,2025,15.0,Logistics và quản lý chuỗi cung ứng
114043,MIT,logistics-va-quan-ly-chuoi-cung-ung,A01,Điểm học bạ,2025,15.0,Logistics và quản lý chuỗi cung ứng
114044,MIT,logistics-va-quan-ly-chuoi-cung-ung,C00,Điểm học bạ,2025,15.0,Logistics và quản lý chuỗi cung ứng
114045,MIT,logistics-va-quan-ly-chuoi-cung-ung,C01,Điểm học bạ,2025,15.0,Logistics và quản lý chuỗi cung ứng
114046,MIT,logistics-va-quan-ly-chuoi-cung-ung,C03,Điểm học bạ,2025,15.0,Logistics và quản lý chuỗi cung ứng
114047,MIT,logistics-va-quan-ly-chuoi-cung-ung,C14,Điểm học bạ,2025,15.0,Logistics và quản lý chuỗi cung ứng
114048,MIT,logistics-va-quan-ly-chuoi-cung-ung,D01,Điểm học bạ,2025,15.0,Logistics và quản lý chuỗi cung ứng
114049,MIT,logistics-va-quan-ly-chuoi-cung-ung,K01,Điểm học bạ,2025,15.0,Logistics và quản lý chuỗi cung ứng
114050,MIT,logistics-va-quan-ly-chuoi-cung-ung,A00,Điểm thi THPT,2025,15.0,Logistics và quản lý chuỗi cung ứng
114051,MIT,logistics-va-quan-ly-chuoi-cung-ung,A01,Điểm thi THPT,2025,15.0,Logistics và quản lý chuỗi cung ứng
114052,MIT,logistics-va-quan-ly-chuoi-cung-ung,C00,Điểm thi THPT,2025,15.0,Logistics và quản lý chuỗi cung ứng
114053,MIT,logistics-va-quan-ly-chuoi-cung-ung,C01,Điểm thi THPT,2025,15.0,Logistics và quản lý chuỗi cung ứng
114054,MIT,logistics-va-quan-ly-chuoi-cung-ung,C03,Điểm thi THPT,2025,15.0,Logistics và quản lý chuỗi cung ứng
114055,MIT,logistics-va-quan-ly-chuoi-cung-ung,C14,Điểm thi THPT,2025,15.0,Logistics và quản lý chuỗi cung ứng
114056,MIT,logistics-va-quan-ly-chuoi-cung-ung,D01,Điểm thi THPT,2025,15.0,Logistics và quản lý chuỗi cung ứng
114057,MIT,luat-kinh-te,A10,Điểm học bạ,2021,18.0,Luật kinh tế
114058,MIT,luat-kinh-te,C00,Điểm học bạ,2021,18.0,Luật kinh tế
114059,MIT,luat-kinh-te,C19,Điểm học bạ,2021,18.0,Luật kinh tế
114060,MIT,luat-kinh-te,D01,Điểm học bạ,2021,18.0,Luật kinh tế
114061,MIT,luat-kinh-te,A10,Điểm thi THPT,2021,15.0,Luật kinh tế
114062,MIT,luat-kinh-te,C00,Điểm thi THPT,2021,15.0,Luật kinh tế
114063,MIT,luat-kinh-te,C19,Điểm thi THPT,2021,15.0,Luật kinh tế
114064,MIT,luat-kinh-te,D01,Điểm thi THPT,2021,15.0,Luật kinh tế
114065,MIT,luat-kinh-te,A00,Điểm học bạ,2022,18.0,Luật kinh tế
114066,MIT,luat-kinh-te,A01,Điểm học bạ,2022,18.0,Luật kinh tế
114067,MIT,luat-kinh-te,C00,Điểm học bạ,2022,18.0,Luật kinh tế
114068,MIT,luat-kinh-te,D01,Điểm học bạ,2022,18.0,Luật kinh tế
114069,MIT,luat-kinh-te,A00,Điểm thi THPT,2022,15.0,Luật kinh tế
114070,MIT,luat-kinh-te,A01,Điểm thi THPT,2022,15.0,Luật kinh tế
114071,MIT,luat-kinh-te,C00,Điểm thi THPT,2022,15.0,Luật kinh tế
114072,MIT,luat-kinh-te,D01,Điểm thi THPT,2022,15.0,Luật kinh tế
114073,MIT,luat-kinh-te,A00,Điểm học bạ,2023,18.0,Luật kinh tế
114074,MIT,luat-kinh-te,A01,Điểm học bạ,2023,18.0,Luật kinh tế
114075,MIT,luat-kinh-te,C00,Điểm học bạ,2023,18.0,Luật kinh tế
114076,MIT,luat-kinh-te,D01,Điểm học bạ,2023,18.0,Luật kinh tế
114077,MIT,luat-kinh-te,A00,Điểm thi THPT,2023,15.0,Luật kinh tế
114078,MIT,luat-kinh-te,A01,Điểm thi THPT,2023,15.0,Luật kinh tế
114079,MIT,luat-kinh-te,C00,Điểm thi THPT,2023,15.0,Luật kinh tế
114080,MIT,luat-kinh-te,D01,Điểm thi THPT,2023,15.0,Luật kinh tế
114081,MIT,luat-kinh-te,A00,Điểm học bạ,2024,16.5,Luật kinh tế
114082,MIT,luat-kinh-te,A01,Điểm học bạ,2024,16.5,Luật kinh tế
114083,MIT,luat-kinh-te,C01,Điểm học bạ,2024,16.5,Luật kinh tế
114084,MIT,luat-kinh-te,D01,Điểm học bạ,2024,16.5,Luật kinh tế
114085,MIT,luat-kinh-te,A00,Điểm thi THPT,2024,15.0,Luật kinh tế
114086,MIT,luat-kinh-te,A01,Điểm thi THPT,2024,15.0,Luật kinh tế
114087,MIT,luat-kinh-te,C00,Điểm thi THPT,2024,15.0,Luật kinh tế
114088,MIT,luat-kinh-te,D01,Điểm thi THPT,2024,15.0,Luật kinh tế
114089,MIT,luat-kinh-te,A00,Điểm học bạ,2025,18.0,Luật kinh tế
114090,MIT,luat-kinh-te,A01,Điểm học bạ,2025,18.0,Luật kinh tế
114091,MIT,luat-kinh-te,C00,Điểm học bạ,2025,18.0,Luật kinh tế
114092,MIT,luat-kinh-te,C01,Điểm học bạ,2025,18.0,Luật kinh tế
114093,MIT,luat-kinh-te,C03,Điểm học bạ,2025,18.0,Luật kinh tế
114094,MIT,luat-kinh-te,C14,Điểm học bạ,2025,18.0,Luật kinh tế
114095,MIT,luat-kinh-te,C19,Điểm học bạ,2025,18.0,Luật kinh tế
114096,MIT,luat-kinh-te,D01,Điểm học bạ,2025,18.0,Luật kinh tế
114097,MIT,luat-kinh-te,K01,Điểm học bạ,2025,18.0,Luật kinh tế
114098,MIT,luat-kinh-te,A00,Điểm thi THPT,2025,18.0,Luật kinh tế
114099,MIT,luat-kinh-te,A01,Điểm thi THPT,2025,18.0,Luật kinh tế
114100,MIT,luat-kinh-te,C00,Điểm thi THPT,2025,18.0,Luật kinh tế
114101,MIT,luat-kinh-te,C01,Điểm thi THPT,2025,18.0,Luật kinh tế
114102,MIT,luat-kinh-te,C03,Điểm thi THPT,2025,18.0,Luật kinh tế
114103,MIT,luat-kinh-te,C14,Điểm thi THPT,2025,18.0,Luật kinh tế
114104,MIT,luat-kinh-te,C19,Điểm thi THPT,2025,18.0,Luật kinh tế
114105,MIT,luat-kinh-te,D01,Điểm thi THPT,2025,18.0,Luật kinh tế
114106,MIT,ngon-ngu-anh,D01,Điểm học bạ,2021,18.0,Ngôn ngữ Anh
114107,MIT,ngon-ngu-anh,D10,Điểm học bạ,2021,18.0,Ngôn ngữ Anh
114108,MIT,ngon-ngu-anh,D14,Điểm học bạ,2021,18.0,Ngôn ngữ Anh
114109,MIT,ngon-ngu-anh,D15,Điểm học bạ,2021,18.0,Ngôn ngữ Anh
114110,MIT,ngon-ngu-anh,D01,Điểm thi THPT,2021,15.0,Ngôn ngữ Anh
114111,MIT,ngon-ngu-anh,D10,Điểm thi THPT,2021,15.0,Ngôn ngữ Anh
114112,MIT,ngon-ngu-anh,D14,Điểm thi THPT,2021,15.0,Ngôn ngữ Anh
114113,MIT,ngon-ngu-anh,D15,Điểm thi THPT,2021,15.0,Ngôn ngữ Anh
114114,MIT,ngon-ngu-anh,A01,Điểm học bạ,2022,18.0,Ngôn ngữ Anh
114115,MIT,ngon-ngu-anh,D01,Điểm học bạ,2022,18.0,Ngôn ngữ Anh
114116,MIT,ngon-ngu-anh,D14,Điểm học bạ,2022,18.0,Ngôn ngữ Anh
114117,MIT,ngon-ngu-anh,D15,Điểm học bạ,2022,18.0,Ngôn ngữ Anh
114118,MIT,ngon-ngu-anh,A01,Điểm thi THPT,2022,15.0,Ngôn ngữ Anh
114119,MIT,ngon-ngu-anh,D01,Điểm thi THPT,2022,15.0,Ngôn ngữ Anh
114120,MIT,ngon-ngu-anh,D14,Điểm thi THPT,2022,15.0,Ngôn ngữ Anh
114121,MIT,ngon-ngu-anh,D15,Điểm thi THPT,2022,15.0,Ngôn ngữ Anh
114122,MIT,ngon-ngu-anh,A01,Điểm học bạ,2023,18.0,Ngôn ngữ Anh
114123,MIT,ngon-ngu-anh,D01,Điểm học bạ,2023,18.0,Ngôn ngữ Anh
114124,MIT,ngon-ngu-anh,D14,Điểm học bạ,2023,18.0,Ngôn ngữ Anh
114125,MIT,ngon-ngu-anh,D15,Điểm học bạ,2023,18.0,Ngôn ngữ Anh
114126,MIT,ngon-ngu-anh,A01,Điểm thi THPT,2023,15.0,Ngôn ngữ Anh
114127,MIT,ngon-ngu-anh,D01,Điểm thi THPT,2023,15.0,Ngôn ngữ Anh
114128,MIT,ngon-ngu-anh,D14,Điểm thi THPT,2023,15.0,Ngôn ngữ Anh
114129,MIT,ngon-ngu-anh,D15,Điểm thi THPT,2023,15.0,Ngôn ngữ Anh
114130,MIT,ngon-ngu-anh,A00,Điểm học bạ,2024,16.5,Ngôn ngữ Anh
114131,MIT,ngon-ngu-anh,A01,Điểm học bạ,2024,16.5,Ngôn ngữ Anh
114132,MIT,ngon-ngu-anh,C01,Điểm học bạ,2024,16.5,Ngôn ngữ Anh
114133,MIT,ngon-ngu-anh,D01,Điểm học bạ,2024,16.5,Ngôn ngữ Anh
114134,MIT,ngon-ngu-anh,A01,Điểm thi THPT,2024,15.0,Ngôn ngữ Anh
114135,MIT,ngon-ngu-anh,D01,Điểm thi THPT,2024,15.0,Ngôn ngữ Anh
114136,MIT,ngon-ngu-anh,D14,Điểm thi THPT,2024,15.0,Ngôn ngữ Anh
114137,MIT,ngon-ngu-anh,D15,Điểm thi THPT,2024,15.0,Ngôn ngữ Anh
114138,MIT,ngon-ngu-anh,A00,Điểm học bạ,2025,15.0,Ngôn ngữ Anh
114139,MIT,ngon-ngu-anh,A01,Điểm học bạ,2025,15.0,Ngôn ngữ Anh
114140,MIT,ngon-ngu-anh,C00,Điểm học bạ,2025,15.0,Ngôn ngữ Anh
114141,MIT,ngon-ngu-anh,C01,Điểm học bạ,2025,15.0,Ngôn ngữ Anh
114142,MIT,ngon-ngu-anh,C03,Điểm học bạ,2025,15.0,Ngôn ngữ Anh
114143,MIT,ngon-ngu-anh,C14,Điểm học bạ,2025,15.0,Ngôn ngữ Anh
114144,MIT,ngon-ngu-anh,C19,Điểm học bạ,2025,15.0,Ngôn ngữ Anh
114145,MIT,ngon-ngu-anh,D01,Điểm học bạ,2025,15.0,Ngôn ngữ Anh
114146,MIT,ngon-ngu-anh,K01,Điểm học bạ,2025,15.0,Ngôn ngữ Anh
114147,MIT,ngon-ngu-anh,A00,Điểm thi THPT,2025,15.0,Ngôn ngữ Anh
114148,MIT,ngon-ngu-anh,A01,Điểm thi THPT,2025,15.0,Ngôn ngữ Anh
114149,MIT,ngon-ngu-anh,C00,Điểm thi THPT,2025,15.0,Ngôn ngữ Anh
114150,MIT,ngon-ngu-anh,C01,Điểm thi THPT,2025,15.0,Ngôn ngữ Anh
114151,MIT,ngon-ngu-anh,C03,Điểm thi THPT,2025,15.0,Ngôn ngữ Anh
114152,MIT,ngon-ngu-anh,C14,Điểm thi THPT,2025,15.0,Ngôn ngữ Anh
114153,MIT,ngon-ngu-anh,C19,Điểm thi THPT,2025,15.0,Ngôn ngữ Anh
114154,MIT,ngon-ngu-anh,D01,Điểm thi THPT,2025,15.0,Ngôn ngữ Anh
114155,MIT,ngon-ngu-trung,A01,Điểm học bạ,2023,6.0,Ngôn ngữ Trung
114156,MIT,ngon-ngu-trung,C00,Điểm học bạ,2023,6.0,Ngôn ngữ Trung
114157,MIT,ngon-ngu-trung,D01,Điểm học bạ,2023,6.0,Ngôn ngữ Trung
114158,MIT,ngon-ngu-trung,D15,Điểm học bạ,2023,6.0,Ngôn ngữ Trung
114159,MIT,ngon-ngu-trung,A01,Điểm thi THPT,2023,15.0,Ngôn ngữ Trung
114160,MIT,ngon-ngu-trung,C00,Điểm thi THPT,2023,15.0,Ngôn ngữ Trung
114161,MIT,ngon-ngu-trung,D01,Điểm thi THPT,2023,15.0,Ngôn ngữ Trung
114162,MIT,ngon-ngu-trung,D15,Điểm thi THPT,2023,15.0,Ngôn ngữ Trung
114163,MIT,ngon-ngu-trung,A00,Điểm học bạ,2025,15.0,Ngôn ngữ Trung
114164,MIT,ngon-ngu-trung,A01,Điểm học bạ,2025,15.0,Ngôn ngữ Trung
114165,MIT,ngon-ngu-trung,C00,Điểm học bạ,2025,15.0,Ngôn ngữ Trung
114166,MIT,ngon-ngu-trung,C01,Điểm học bạ,2025,15.0,Ngôn ngữ Trung
114167,MIT,ngon-ngu-trung,C03,Điểm học bạ,2025,15.0,Ngôn ngữ Trung
114168,MIT,ngon-ngu-trung,C14,Điểm học bạ,2025,15.0,Ngôn ngữ Trung
114169,MIT,ngon-ngu-trung,C19,Điểm học bạ,2025,15.0,Ngôn ngữ Trung
114170,MIT,ngon-ngu-trung,D01,Điểm học bạ,2025,15.0,Ngôn ngữ Trung
114171,MIT,ngon-ngu-trung,K01,Điểm học bạ,2025,15.0,Ngôn ngữ Trung
114172,MIT,ngon-ngu-trung,A00,Điểm thi THPT,2025,15.0,Ngôn ngữ Trung
114173,MIT,ngon-ngu-trung,A01,Điểm thi THPT,2025,15.0,Ngôn ngữ Trung
114174,MIT,ngon-ngu-trung,C00,Điểm thi THPT,2025,15.0,Ngôn ngữ Trung
114175,MIT,ngon-ngu-trung,C01,Điểm thi THPT,2025,15.0,Ngôn ngữ Trung
114176,MIT,ngon-ngu-trung,C03,Điểm thi THPT,2025,15.0,Ngôn ngữ Trung
114177,MIT,ngon-ngu-trung,C14,Điểm thi THPT,2025,15.0,Ngôn ngữ Trung
114178,MIT,ngon-ngu-trung,C19,Điểm thi THPT,2025,15.0,Ngôn ngữ Trung
114179,MIT,ngon-ngu-trung,D01,Điểm thi THPT,2025,15.0,Ngôn ngữ Trung
114180,MIT,ngon-ngu-trung-quoc,A00,Điểm học bạ,2024,16.5,Ngôn ngữ Trung Quốc
114181,MIT,ngon-ngu-trung-quoc,A01,Điểm học bạ,2024,16.5,Ngôn ngữ Trung Quốc
114182,MIT,ngon-ngu-trung-quoc,C00,Điểm học bạ,2024,16.5,Ngôn ngữ Trung Quốc
114183,MIT,ngon-ngu-trung-quoc,D01,Điểm học bạ,2024,16.5,Ngôn ngữ Trung Quốc
114184,MIT,ngon-ngu-trung-quoc,A01,Điểm thi THPT,2024,15.0,Ngôn ngữ Trung Quốc
114185,MIT,ngon-ngu-trung-quoc,C00,Điểm thi THPT,2024,15.0,Ngôn ngữ Trung Quốc
114186,MIT,ngon-ngu-trung-quoc,D01,Điểm thi THPT,2024,15.0,Ngôn ngữ Trung Quốc
114187,MIT,ngon-ngu-trung-quoc,D15,Điểm thi THPT,2024,15.0,Ngôn ngữ Trung Quốc
114188,MIT,quan-he-cong-chung,C00,Điểm học bạ,2021,18.0,Quan hệ công chúng
114189,MIT,quan-he-cong-chung,C19,Điểm học bạ,2021,18.0,Quan hệ công chúng
114190,MIT,quan-he-cong-chung,D01,Điểm học bạ,2021,18.0,Quan hệ công chúng
114191,MIT,quan-he-cong-chung,D10,Điểm học bạ,2021,18.0,Quan hệ công chúng
114192,MIT,quan-he-cong-chung,C00,Điểm thi THPT,2021,15.0,Quan hệ công chúng
114193,MIT,quan-he-cong-chung,C19,Điểm thi THPT,2021,15.0,Quan hệ công chúng
114194,MIT,quan-he-cong-chung,D01,Điểm thi THPT,2021,15.0,Quan hệ công chúng
114195,MIT,quan-he-cong-chung,D10,Điểm thi THPT,2021,15.0,Quan hệ công chúng
114196,MIT,quan-he-cong-chung,A00,Điểm học bạ,2022,18.0,Quan hệ công chúng
114197,MIT,quan-he-cong-chung,A01,Điểm học bạ,2022,18.0,Quan hệ công chúng
114198,MIT,quan-he-cong-chung,C00,Điểm học bạ,2022,18.0,Quan hệ công chúng
114199,MIT,quan-he-cong-chung,D01,Điểm học bạ,2022,18.0,Quan hệ công chúng
114200,MIT,quan-he-cong-chung,A00,Điểm thi THPT,2022,15.0,Quan hệ công chúng
114201,MIT,quan-he-cong-chung,A01,Điểm thi THPT,2022,15.0,Quan hệ công chúng
114202,MIT,quan-he-cong-chung,C00,Điểm thi THPT,2022,15.0,Quan hệ công chúng
114203,MIT,quan-he-cong-chung,D01,Điểm thi THPT,2022,15.0,Quan hệ công chúng
114204,MIT,quan-he-cong-chung,A00,Điểm học bạ,2023,6.0,Quan hệ công chúng
114205,MIT,quan-he-cong-chung,A01,Điểm học bạ,2023,6.0,Quan hệ công chúng
114206,MIT,quan-he-cong-chung,C00,Điểm học bạ,2023,6.0,Quan hệ công chúng
114207,MIT,quan-he-cong-chung,D01,Điểm học bạ,2023,6.0,Quan hệ công chúng
114208,MIT,quan-ly-cong-nghiep,A00,Điểm học bạ,2021,18.0,Quản lý công nghiệp
114209,MIT,quan-ly-cong-nghiep,B00,Điểm học bạ,2021,18.0,Quản lý công nghiệp
114210,MIT,quan-ly-cong-nghiep,D01,Điểm học bạ,2021,18.0,Quản lý công nghiệp
114211,MIT,quan-ly-cong-nghiep,D03,Điểm học bạ,2021,18.0,Quản lý công nghiệp
114212,MIT,quan-ly-cong-nghiep,A00,Điểm thi THPT,2021,15.0,Quản lý công nghiệp
114213,MIT,quan-ly-cong-nghiep,B00,Điểm thi THPT,2021,15.0,Quản lý công nghiệp
114214,MIT,quan-ly-cong-nghiep,D01,Điểm thi THPT,2021,15.0,Quản lý công nghiệp
114215,MIT,quan-ly-cong-nghiep,D03,Điểm thi THPT,2021,15.0,Quản lý công nghiệp
114216,MIT,quan-ly-cong-nghiep,A00,Điểm học bạ,2022,18.0,Quản lý công nghiệp
114217,MIT,quan-ly-cong-nghiep,B00,Điểm học bạ,2022,18.0,Quản lý công nghiệp
114218,MIT,quan-ly-cong-nghiep,C00,Điểm học bạ,2022,18.0,Quản lý công nghiệp
114219,MIT,quan-ly-cong-nghiep,D01,Điểm học bạ,2022,18.0,Quản lý công nghiệp
114220,MIT,quan-ly-cong-nghiep,A00,Điểm thi THPT,2022,15.0,Quản lý công nghiệp
114221,MIT,quan-ly-cong-nghiep,B00,Điểm thi THPT,2022,15.0,Quản lý công nghiệp
114222,MIT,quan-ly-cong-nghiep,C00,Điểm thi THPT,2022,15.0,Quản lý công nghiệp
114223,MIT,quan-ly-cong-nghiep,D01,Điểm thi THPT,2022,15.0,Quản lý công nghiệp
114224,MIT,quan-ly-cong-nghiep,A00,Điểm học bạ,2024,16.5,Quản lý công nghiệp
114225,MIT,quan-ly-cong-nghiep,A01,Điểm học bạ,2024,16.5,Quản lý công nghiệp
114226,MIT,quan-ly-cong-nghiep,C01,Điểm học bạ,2024,16.5,Quản lý công nghiệp
114227,MIT,quan-ly-cong-nghiep,D01,Điểm học bạ,2024,16.5,Quản lý công nghiệp
114228,MIT,quan-ly-cong-nghiep,A00,Điểm thi THPT,2024,15.0,Quản lý công nghiệp
114229,MIT,quan-ly-cong-nghiep,A01,Điểm thi THPT,2024,15.0,Quản lý công nghiệp
114230,MIT,quan-ly-cong-nghiep,C00,Điểm thi THPT,2024,15.0,Quản lý công nghiệp
114231,MIT,quan-ly-cong-nghiep,D01,Điểm thi THPT,2024,15.0,Quản lý công nghiệp
114232,MIT,quan-ly-cong-nghiep,A00,Điểm học bạ,2025,15.0,Quản lý công nghiệp
114233,MIT,quan-ly-cong-nghiep,A01,Điểm học bạ,2025,15.0,Quản lý công nghiệp
114234,MIT,quan-ly-cong-nghiep,C00,Điểm học bạ,2025,15.0,Quản lý công nghiệp
114235,MIT,quan-ly-cong-nghiep,C01,Điểm học bạ,2025,15.0,Quản lý công nghiệp
114236,MIT,quan-ly-cong-nghiep,C03,Điểm học bạ,2025,15.0,Quản lý công nghiệp
114237,MIT,quan-ly-cong-nghiep,C14,Điểm học bạ,2025,15.0,Quản lý công nghiệp
114238,MIT,quan-ly-cong-nghiep,D01,Điểm học bạ,2025,15.0,Quản lý công nghiệp
114239,MIT,quan-ly-cong-nghiep,K01,Điểm học bạ,2025,15.0,Quản lý công nghiệp
114240,MIT,quan-ly-cong-nghiep,A00,Điểm thi THPT,2025,15.0,Quản lý công nghiệp
114241,MIT,quan-ly-cong-nghiep,A01,Điểm thi THPT,2025,15.0,Quản lý công nghiệp
114242,MIT,quan-ly-cong-nghiep,C00,Điểm thi THPT,2025,15.0,Quản lý công nghiệp
114243,MIT,quan-ly-cong-nghiep,C01,Điểm thi THPT,2025,15.0,Quản lý công nghiệp
114244,MIT,quan-ly-cong-nghiep,C03,Điểm thi THPT,2025,15.0,Quản lý công nghiệp
114245,MIT,quan-ly-cong-nghiep,C14,Điểm thi THPT,2025,15.0,Quản lý công nghiệp
114246,MIT,quan-ly-cong-nghiep,D01,Điểm thi THPT,2025,15.0,Quản lý công nghiệp
114247,MIT,quan-ly-dat-dai,A00,Điểm học bạ,2021,18.0,Quản lý đất đai
114248,MIT,quan-ly-dat-dai,A04,Điểm học bạ,2021,18.0,Quản lý đất đai
114249,MIT,quan-ly-dat-dai,B00,Điểm học bạ,2021,18.0,Quản lý đất đai
114250,MIT,quan-ly-dat-dai,D01,Điểm học bạ,2021,18.0,Quản lý đất đai
114251,MIT,quan-ly-dat-dai,A00,Điểm thi THPT,2021,15.0,Quản lý đất đai
114252,MIT,quan-ly-dat-dai,A04,Điểm thi THPT,2021,15.0,Quản lý đất đai
114253,MIT,quan-ly-dat-dai,B00,Điểm thi THPT,2021,15.0,Quản lý đất đai
114254,MIT,quan-ly-dat-dai,D01,Điểm thi THPT,2021,15.0,Quản lý đất đai
114255,MIT,quan-ly-dat-dai,A00,Điểm học bạ,2022,18.0,Quản lý đất đai
114256,MIT,quan-ly-dat-dai,B00,Điểm học bạ,2022,18.0,Quản lý đất đai
114257,MIT,quan-ly-dat-dai,C00,Điểm học bạ,2022,18.0,Quản lý đất đai
114258,MIT,quan-ly-dat-dai,D01,Điểm học bạ,2022,18.0,Quản lý đất đai
114259,MIT,quan-ly-dat-dai,A00,Điểm thi THPT,2022,15.0,Quản lý đất đai
114260,MIT,quan-ly-dat-dai,B00,Điểm thi THPT,2022,15.0,Quản lý đất đai
114261,MIT,quan-ly-dat-dai,C00,Điểm thi THPT,2022,15.0,Quản lý đất đai
114262,MIT,quan-ly-dat-dai,D01,Điểm thi THPT,2022,15.0,Quản lý đất đai
114263,MIT,quan-ly-tai-nguyen-va-moi-truong,A00,Điểm học bạ,2021,18.0,Quản lý tài nguyên và môi trường
114264,MIT,quan-ly-tai-nguyen-va-moi-truong,A04,Điểm học bạ,2021,18.0,Quản lý tài nguyên và môi trường
114265,MIT,quan-ly-tai-nguyen-va-moi-truong,B00,Điểm học bạ,2021,18.0,Quản lý tài nguyên và môi trường
114266,MIT,quan-ly-tai-nguyen-va-moi-truong,D01,Điểm học bạ,2021,18.0,Quản lý tài nguyên và môi trường
114267,MIT,quan-ly-tai-nguyen-va-moi-truong,A00,Điểm thi THPT,2021,15.0,Quản lý tài nguyên và môi trường
114268,MIT,quan-ly-tai-nguyen-va-moi-truong,A04,Điểm thi THPT,2021,15.0,Quản lý tài nguyên và môi trường
114269,MIT,quan-ly-tai-nguyen-va-moi-truong,B00,Điểm thi THPT,2021,15.0,Quản lý tài nguyên và môi trường
114270,MIT,quan-ly-tai-nguyen-va-moi-truong,D01,Điểm thi THPT,2021,15.0,Quản lý tài nguyên và môi trường
114271,MIT,quan-ly-tai-nguyen-va-moi-truong,A00,Điểm học bạ,2022,18.0,Quản lý tài nguyên và môi trường
114272,MIT,quan-ly-tai-nguyen-va-moi-truong,B00,Điểm học bạ,2022,18.0,Quản lý tài nguyên và môi trường
114273,MIT,quan-ly-tai-nguyen-va-moi-truong,C00,Điểm học bạ,2022,18.0,Quản lý tài nguyên và môi trường
114274,MIT,quan-ly-tai-nguyen-va-moi-truong,D01,Điểm học bạ,2022,18.0,Quản lý tài nguyên và môi trường
114275,MIT,quan-ly-tai-nguyen-va-moi-truong,A00,Điểm thi THPT,2022,15.0,Quản lý tài nguyên và môi trường
114276,MIT,quan-ly-tai-nguyen-va-moi-truong,B00,Điểm thi THPT,2022,15.0,Quản lý tài nguyên và môi trường
114277,MIT,quan-ly-tai-nguyen-va-moi-truong,C00,Điểm thi THPT,2022,15.0,Quản lý tài nguyên và môi trường
114278,MIT,quan-ly-tai-nguyen-va-moi-truong,D01,Điểm thi THPT,2022,15.0,Quản lý tài nguyên và môi trường
114279,MIT,quan-tri-kinh-doanh,A00,Điểm học bạ,2022,18.0,Quản trị kinh doanh
114280,MIT,quan-tri-kinh-doanh,A01,Điểm học bạ,2022,18.0,Quản trị kinh doanh
114281,MIT,quan-tri-kinh-doanh,C00,Điểm học bạ,2022,18.0,Quản trị kinh doanh
114282,MIT,quan-tri-kinh-doanh,D01,Điểm học bạ,2022,18.0,Quản trị kinh doanh
114283,MIT,quan-tri-kinh-doanh,A00,Điểm thi THPT,2022,15.0,Quản trị kinh doanh
114284,MIT,quan-tri-kinh-doanh,A01,Điểm thi THPT,2022,15.0,Quản trị kinh doanh
114285,MIT,quan-tri-kinh-doanh,C00,Điểm thi THPT,2022,15.0,Quản trị kinh doanh
114286,MIT,quan-tri-kinh-doanh,D01,Điểm thi THPT,2022,15.0,Quản trị kinh doanh
114287,MIT,quan-tri-kinh-doanh,A00,Điểm học bạ,2023,18.0,Quản trị kinh doanh
114288,MIT,quan-tri-kinh-doanh,A01,Điểm học bạ,2023,18.0,Quản trị kinh doanh
114289,MIT,quan-tri-kinh-doanh,C00,Điểm học bạ,2023,18.0,Quản trị kinh doanh
114290,MIT,quan-tri-kinh-doanh,D01,Điểm học bạ,2023,18.0,Quản trị kinh doanh
114291,MIT,quan-tri-kinh-doanh,A00,Điểm thi THPT,2023,15.0,Quản trị kinh doanh
114292,MIT,quan-tri-kinh-doanh,A01,Điểm thi THPT,2023,15.0,Quản trị kinh doanh
114293,MIT,quan-tri-kinh-doanh,C00,Điểm thi THPT,2023,15.0,Quản trị kinh doanh
114294,MIT,quan-tri-kinh-doanh,D01,Điểm thi THPT,2023,15.0,Quản trị kinh doanh
114295,MIT,quan-tri-kinh-doanh,A00,Điểm thi THPT,2024,15.0,Quản trị kinh doanh
114296,MIT,quan-tri-kinh-doanh,A01,Điểm thi THPT,2024,15.0,Quản trị kinh doanh
114297,MIT,quan-tri-kinh-doanh,C00,Điểm thi THPT,2024,15.0,Quản trị kinh doanh
114298,MIT,quan-tri-kinh-doanh,D01,Điểm thi THPT,2024,15.0,Quản trị kinh doanh
114299,MIT,quan-tri-kinh-doanh,A00,Điểm học bạ,2025,15.0,Quản trị kinh doanh
114300,MIT,quan-tri-kinh-doanh,A01,Điểm học bạ,2025,15.0,Quản trị kinh doanh
114301,MIT,quan-tri-kinh-doanh,C00,Điểm học bạ,2025,15.0,Quản trị kinh doanh
114302,MIT,quan-tri-kinh-doanh,C01,Điểm học bạ,2025,15.0,Quản trị kinh doanh
114303,MIT,quan-tri-kinh-doanh,C03,Điểm học bạ,2025,15.0,Quản trị kinh doanh
114304,MIT,quan-tri-kinh-doanh,C14,Điểm học bạ,2025,15.0,Quản trị kinh doanh
114305,MIT,quan-tri-kinh-doanh,C19,Điểm học bạ,2025,15.0,Quản trị kinh doanh
114306,MIT,quan-tri-kinh-doanh,D01,Điểm học bạ,2025,15.0,Quản trị kinh doanh
114307,MIT,quan-tri-kinh-doanh,K01,Điểm học bạ,2025,15.0,Quản trị kinh doanh
114308,MIT,quan-tri-kinh-doanh,A00,Điểm thi THPT,2025,15.0,Quản trị kinh doanh
114309,MIT,quan-tri-kinh-doanh,A01,Điểm thi THPT,2025,15.0,Quản trị kinh doanh
114310,MIT,quan-tri-kinh-doanh,C00,Điểm thi THPT,2025,15.0,Quản trị kinh doanh
114311,MIT,quan-tri-kinh-doanh,C01,Điểm thi THPT,2025,15.0,Quản trị kinh doanh
114312,MIT,quan-tri-kinh-doanh,C03,Điểm thi THPT,2025,15.0,Quản trị kinh doanh
114313,MIT,quan-tri-kinh-doanh,C14,Điểm thi THPT,2025,15.0,Quản trị kinh doanh
114314,MIT,quan-tri-kinh-doanh,C19,Điểm thi THPT,2025,15.0,Quản trị kinh doanh
114315,MIT,quan-tri-kinh-doanh,D01,Điểm thi THPT,2025,15.0,Quản trị kinh doanh
114316,MIT,quan-tri-kinh-doanh-quan-tri-hang-khong-quan-tri-truyen-thong,A00,Điểm học bạ,2024,16.5,Quản trị kinh doanh (chuyên ngành Quản trị kinh doanh; Quản trị hàng không; Quản trị truyền thông)
114317,MIT,quan-tri-kinh-doanh-quan-tri-hang-khong-quan-tri-truyen-thong,A01,Điểm học bạ,2024,16.5,Quản trị kinh doanh (chuyên ngành Quản trị kinh doanh; Quản trị hàng không; Quản trị truyền thông)
114318,MIT,quan-tri-kinh-doanh-quan-tri-hang-khong-quan-tri-truyen-thong,C00,Điểm học bạ,2024,16.5,Quản trị kinh doanh (chuyên ngành Quản trị kinh doanh; Quản trị hàng không; Quản trị truyền thông)
114319,MIT,quan-tri-kinh-doanh-quan-tri-hang-khong-quan-tri-truyen-thong,D01,Điểm học bạ,2024,16.5,Quản trị kinh doanh (chuyên ngành Quản trị kinh doanh; Quản trị hàng không; Quản trị truyền thông)
114320,MIT,tai-chinh-ngan-hang,A00,Điểm học bạ,2025,15.0,Tài chính Ngân hàng
114321,MIT,tai-chinh-ngan-hang,A01,Điểm học bạ,2025,15.0,Tài chính Ngân hàng
114322,MIT,tai-chinh-ngan-hang,C01,Điểm học bạ,2025,15.0,Tài chính Ngân hàng
114323,MIT,tai-chinh-ngan-hang,C03,Điểm học bạ,2025,15.0,Tài chính Ngân hàng
114324,MIT,tai-chinh-ngan-hang,C14,Điểm học bạ,2025,15.0,Tài chính Ngân hàng
114325,MIT,tai-chinh-ngan-hang,C19,Điểm học bạ,2025,15.0,Tài chính Ngân hàng
114326,MIT,tai-chinh-ngan-hang,D01,Điểm học bạ,2025,15.0,Tài chính Ngân hàng
114327,MIT,tai-chinh-ngan-hang,D07,Điểm học bạ,2025,15.0,Tài chính Ngân hàng
114328,MIT,tai-chinh-ngan-hang,D08,Điểm học bạ,2025,15.0,Tài chính Ngân hàng
114329,MIT,tai-chinh-ngan-hang,A00,Điểm thi THPT,2025,15.0,Tài chính Ngân hàng
114330,MIT,tai-chinh-ngan-hang,A01,Điểm thi THPT,2025,15.0,Tài chính Ngân hàng
114331,MIT,tai-chinh-ngan-hang,C01,Điểm thi THPT,2025,15.0,Tài chính Ngân hàng
114332,MIT,tai-chinh-ngan-hang,C03,Điểm thi THPT,2025,15.0,Tài chính Ngân hàng
114333,MIT,tai-chinh-ngan-hang,C14,Điểm thi THPT,2025,15.0,Tài chính Ngân hàng
114334,MIT,tai-chinh-ngan-hang,C19,Điểm thi THPT,2025,15.0,Tài chính Ngân hàng
114335,MIT,tai-chinh-ngan-hang,D01,Điểm thi THPT,2025,15.0,Tài chính Ngân hàng
114336,MIT,tai-chinh-ngan-hang,D07,Điểm thi THPT,2025,15.0,Tài chính Ngân hàng
114337,MIT,tai-chinh-ngan-hang,D08,Điểm thi THPT,2025,15.0,Tài chính Ngân hàng
114338,MIT,thiet-ke-do-hoa,A00,Điểm học bạ,2025,15.0,Thiết kế đồ họa
114339,MIT,thiet-ke-do-hoa,A01,Điểm học bạ,2025,15.0,Thiết kế đồ họa
114340,MIT,thiet-ke-do-hoa,C01,Điểm học bạ,2025,15.0,Thiết kế đồ họa
114341,MIT,thiet-ke-do-hoa,D01,Điểm học bạ,2025,15.0,Thiết kế đồ họa
114342,MIT,thiet-ke-do-hoa,V02,Điểm học bạ,2025,15.0,Thiết kế đồ họa
114343,MIT,thiet-ke-do-hoa,V03,Điểm học bạ,2025,15.0,Thiết kế đồ họa
114344,MIT,thiet-ke-do-hoa,V05,Điểm học bạ,2025,15.0,Thiết kế đồ họa
114345,MIT,thiet-ke-do-hoa,V06,Điểm học bạ,2025,15.0,Thiết kế đồ họa
114346,MIT,thiet-ke-do-hoa,A00,Điểm thi THPT,2025,15.0,Thiết kế đồ họa
114347,MIT,thiet-ke-do-hoa,A01,Điểm thi THPT,2025,15.0,Thiết kế đồ họa
114348,MIT,thiet-ke-do-hoa,C01,Điểm thi THPT,2025,15.0,Thiết kế đồ họa
114349,MIT,thiet-ke-do-hoa,D01,Điểm thi THPT,2025,15.0,Thiết kế đồ họa
114350,MIT,thu-y,A06,Điểm học bạ,2021,18.0,Thú y
114351,MIT,thu-y,B00,Điểm học bạ,2021,18.0,Thú y
114352,MIT,thu-y,B02,Điểm học bạ,2021,18.0,Thú y
114353,MIT,thu-y,C02,Điểm học bạ,2021,18.0,Thú y
114354,MIT,thu-y,A06,Điểm thi THPT,2021,15.0,Thú y
114355,MIT,thu-y,B00,Điểm thi THPT,2021,15.0,Thú y
114356,MIT,thu-y,B02,Điểm thi THPT,2021,15.0,Thú y
114357,MIT,thu-y,C02,Điểm thi THPT,2021,15.0,Thú y
114358,MIT,thu-y,A00,Điểm học bạ,2022,18.0,Thú y
114359,MIT,thu-y,B00,Điểm học bạ,2022,18.0,Thú y
114360,MIT,thu-y,C08,Điểm học bạ,2022,18.0,Thú y
114361,MIT,thu-y,D07,Điểm học bạ,2022,18.0,Thú y
114362,MIT,thu-y,A00,Điểm thi THPT,2022,15.0,Thú y
114363,MIT,thu-y,B00,Điểm thi THPT,2022,15.0,Thú y
114364,MIT,thu-y,C08,Điểm thi THPT,2022,15.0,Thú y
114365,MIT,thu-y,D07,Điểm thi THPT,2022,15.0,Thú y
114366,MIT,thu-y,A00,Điểm học bạ,2024,16.5,Thú y
114367,MIT,thu-y,A01,Điểm học bạ,2024,16.5,Thú y
114368,MIT,thu-y,C00,Điểm học bạ,2024,16.5,Thú y
114369,MIT,thu-y,D01,Điểm học bạ,2024,16.5,Thú y
114370,MIT,thu-y,A00,Điểm thi THPT,2024,15.0,Thú y
114371,MIT,thu-y,B00,Điểm thi THPT,2024,15.0,Thú y
114372,MIT,thu-y,C08,Điểm thi THPT,2024,15.0,Thú y
114373,MIT,thu-y,D07,Điểm thi THPT,2024,15.0,Thú y
114374,MIT,thu-y,A00,Điểm học bạ,2025,15.0,Thú Y
114375,MIT,thu-y,B00,Điểm học bạ,2025,15.0,Thú Y
114376,MIT,thu-y,C08,Điểm học bạ,2025,15.0,Thú Y
114377,MIT,thu-y,D07,Điểm học bạ,2025,15.0,Thú Y
114378,MIT,thu-y,A00,Điểm thi THPT,2025,15.0,Thú Y
114379,MIT,thu-y,B00,Điểm thi THPT,2025,15.0,Thú Y
114380,MIT,thu-y,C08,Điểm thi THPT,2025,15.0,Thú Y
114381,MIT,thu-y,D07,Điểm thi THPT,2025,15.0,Thú Y
114382,MIT,thuong-mai-dien-tu,A00,Điểm học bạ,2025,15.0,Thương mại điện tử
114383,MIT,thuong-mai-dien-tu,A01,Điểm học bạ,2025,15.0,Thương mại điện tử
114384,MIT,thuong-mai-dien-tu,C00,Điểm học bạ,2025,15.0,Thương mại điện tử
114385,MIT,thuong-mai-dien-tu,C01,Điểm học bạ,2025,15.0,Thương mại điện tử
114386,MIT,thuong-mai-dien-tu,C03,Điểm học bạ,2025,15.0,Thương mại điện tử
114387,MIT,thuong-mai-dien-tu,C14,Điểm học bạ,2025,15.0,Thương mại điện tử
114388,MIT,thuong-mai-dien-tu,C19,Điểm học bạ,2025,15.0,Thương mại điện tử
114389,MIT,thuong-mai-dien-tu,D01,Điểm học bạ,2025,15.0,Thương mại điện tử
114390,MIT,thuong-mai-dien-tu,K01,Điểm học bạ,2025,15.0,Thương mại điện tử
114391,MIT,thuong-mai-dien-tu,A00,Điểm thi THPT,2025,15.0,Thương mại điện tử
114392,MIT,thuong-mai-dien-tu,A01,Điểm thi THPT,2025,15.0,Thương mại điện tử
114393,MIT,thuong-mai-dien-tu,C00,Điểm thi THPT,2025,15.0,Thương mại điện tử
114394,MIT,thuong-mai-dien-tu,C01,Điểm thi THPT,2025,15.0,Thương mại điện tử
114395,MIT,thuong-mai-dien-tu,C03,Điểm thi THPT,2025,15.0,Thương mại điện tử
114396,MIT,thuong-mai-dien-tu,C14,Điểm thi THPT,2025,15.0,Thương mại điện tử
114397,MIT,thuong-mai-dien-tu,C19,Điểm thi THPT,2025,15.0,Thương mại điện tử
114398,MIT,thuong-mai-dien-tu,D01,Điểm thi THPT,2025,15.0,Thương mại điện tử
114399,MIT,tieng-han,A00,Điểm học bạ,2025,15.0,Đông phương học (chuyên ngành Tiếng Hàn)
114400,MIT,tieng-han,A01,Điểm học bạ,2025,15.0,Đông phương học (chuyên ngành Tiếng Hàn)
114401,MIT,tieng-han,C00,Điểm học bạ,2025,15.0,Đông phương học (chuyên ngành Tiếng Hàn)
114402,MIT,tieng-han,C01,Điểm học bạ,2025,15.0,Đông phương học (chuyên ngành Tiếng Hàn)
114403,MIT,tieng-han,C03,Điểm học bạ,2025,15.0,Đông phương học (chuyên ngành Tiếng Hàn)
114404,MIT,tieng-han,C14,Điểm học bạ,2025,15.0,Đông phương học (chuyên ngành Tiếng Hàn)
114405,MIT,tieng-han,C19,Điểm học bạ,2025,15.0,Đông phương học (chuyên ngành Tiếng Hàn)
114406,MIT,tieng-han,D01,Điểm học bạ,2025,15.0,Đông phương học (chuyên ngành Tiếng Hàn)
114407,MIT,tieng-han,K01,Điểm học bạ,2025,15.0,Đông phương học (chuyên ngành Tiếng Hàn)
114408,MIT,tieng-han,A00,Điểm thi THPT,2025,15.0,Đông phương học (chuyên ngành Tiếng Hàn)
114409,MIT,tieng-han,A01,Điểm thi THPT,2025,15.0,Đông phương học (chuyên ngành Tiếng Hàn)
114410,MIT,tieng-han,C00,Điểm thi THPT,2025,15.0,Đông phương học (chuyên ngành Tiếng Hàn)
114411,MIT,tieng-han,C01,Điểm thi THPT,2025,15.0,Đông phương học (chuyên ngành Tiếng Hàn)
114412,MIT,tieng-han,C03,Điểm thi THPT,2025,15.0,Đông phương học (chuyên ngành Tiếng Hàn)
114413,MIT,tieng-han,C14,Điểm thi THPT,2025,15.0,Đông phương học (chuyên ngành Tiếng Hàn)
114414,MIT,tieng-han,C19,Điểm thi THPT,2025,15.0,Đông phương học (chuyên ngành Tiếng Hàn)
114415,MIT,tieng-han,D01,Điểm thi THPT,2025,15.0,Đông phương học (chuyên ngành Tiếng Hàn)
114416,MIT,truyen-thong-da-phuong-tien,A00,Điểm học bạ,2025,15.0,Truyền thông đa phương tiện
114417,MIT,truyen-thong-da-phuong-tien,A01,Điểm học bạ,2025,15.0,Truyền thông đa phương tiện
114418,MIT,truyen-thong-da-phuong-tien,C00,Điểm học bạ,2025,15.0,Truyền thông đa phương tiện
114419,MIT,truyen-thong-da-phuong-tien,C01,Điểm học bạ,2025,15.0,Truyền thông đa phương tiện
114420,MIT,truyen-thong-da-phuong-tien,C03,Điểm học bạ,2025,15.0,Truyền thông đa phương tiện
114421,MIT,truyen-thong-da-phuong-tien,C14,Điểm học bạ,2025,15.0,Truyền thông đa phương tiện
114422,MIT,truyen-thong-da-phuong-tien,D01,Điểm học bạ,2025,15.0,Truyền thông đa phương tiện
114423,MIT,truyen-thong-da-phuong-tien,K01,Điểm học bạ,2025,15.0,Truyền thông đa phương tiện
114424,MIT,truyen-thong-da-phuong-tien,A00,Điểm thi THPT,2025,15.0,Truyền thông đa phương tiện
114425,MIT,truyen-thong-da-phuong-tien,A01,Điểm thi THPT,2025,15.0,Truyền thông đa phương tiện
114426,MIT,truyen-thong-da-phuong-tien,C00,Điểm thi THPT,2025,15.0,Truyền thông đa phương tiện
114427,MIT,truyen-thong-da-phuong-tien,C01,Điểm thi THPT,2025,15.0,Truyền thông đa phương tiện
114428,MIT,truyen-thong-da-phuong-tien,C03,Điểm thi THPT,2025,15.0,Truyền thông đa phương tiện
114429,MIT,truyen-thong-da-phuong-tien,C14,Điểm thi THPT,2025,15.0,Truyền thông đa phương tiện
114430,MIT,truyen-thong-da-phuong-tien,D01,Điểm thi THPT,2025,15.0,Truyền thông đa phương tiện
114431,MTC,dieu-khac,H00,Điểm thi THPT,2021,17.1,Điêu khắc
114432,MTC,dieu-khac,H07,Điểm thi THPT,2021,17.1,Điêu khắc
114433,MTC,dieu-khac,H00,Điểm thi THPT,2022,19.6,Điêu khắc
114434,MTC,dieu-khac,H07,Điểm thi THPT,2022,19.6,Điêu khắc
114435,MTC,dieu-khac,H00,Điểm học bạ,2023,21.15,Điêu khắc
114436,MTC,dieu-khac,H07,Điểm học bạ,2023,21.15,Điêu khắc
114437,MTC,dieu-khac,H00,Điểm học bạ,2025,22.58,Điêu khắc
114438,MTC,dieu-khac,H07,Điểm học bạ,2025,22.58,Điêu khắc
114439,MTC,gom,H00,Điểm thi THPT,2021,17.0,Gốm
114440,MTC,gom,H07,Điểm thi THPT,2021,17.0,Gốm
114441,MTC,gom,H00,Điểm thi THPT,2022,19.3,Gốm
114442,MTC,gom,H07,Điểm thi THPT,2022,19.3,Gốm
114443,MTC,gom,H00,Điểm học bạ,2023,21.4,Gốm
114444,MTC,gom,H07,Điểm học bạ,2023,21.4,Gốm
114445,MTC,gom,H00,Điểm học bạ,2025,22.54,Gốm
114446,MTC,gom,H07,Điểm học bạ,2025,22.54,Gốm
114447,MTC,hoanh-trang,H00,Điểm thi THPT,2021,17.53,Hội hoạ chuyên ngành Hoành tráng
114448,MTC,hoanh-trang,H07,Điểm thi THPT,2021,17.53,Hội hoạ chuyên ngành Hoành tráng
114449,MTC,hoi-hoa,H00,Điểm thi THPT,2022,20.25,Hội họa
114450,MTC,hoi-hoa,H07,Điểm thi THPT,2022,20.25,Hội họa
114451,MTC,hoi-hoa,H00,Điểm học bạ,2023,22.3,Hội họa
114452,MTC,hoi-hoa,H07,Điểm học bạ,2023,22.3,Hội họa
114453,MTC,hoi-hoa,H00,Điểm học bạ,2025,23.49,Hội họa
114454,MTC,hoi-hoa,H07,Điểm học bạ,2025,23.49,Hội họa
114455,MTC,son-mai,H00,Điểm thi THPT,2021,17.05,Hội hoạ chuyên ngành Sơn mài
114456,MTC,son-mai,H07,Điểm thi THPT,2021,17.05,Hội hoạ chuyên ngành Sơn mài
114457,MTC,thiet-ke-cong-nghiep,H00,Điểm thi THPT,2021,17.0,Thiết kế công nghiệp chuyên ngành Thiết kế công nghiệp
114458,MTC,thiet-ke-cong-nghiep,H07,Điểm thi THPT,2021,17.0,Thiết kế công nghiệp chuyên ngành Thiết kế công nghiệp
114459,MTC,thiet-ke-cong-nghiep,H00,Điểm thi THPT,2022,19.84,Thiết kế Công nghiệp
114460,MTC,thiet-ke-cong-nghiep,H07,Điểm thi THPT,2022,19.84,Thiết kế Công nghiệp
114461,MTC,thiet-ke-cong-nghiep,H00,Điểm học bạ,2023,21.65,Thiết kế công nghiệp
114462,MTC,thiet-ke-cong-nghiep,H07,Điểm học bạ,2023,21.65,Thiết kế công nghiệp
114463,MTC,thiet-ke-cong-nghiep,H00,Điểm học bạ,2025,22.98,Thiết kế Công nghiệp
114464,MTC,thiet-ke-cong-nghiep,H07,Điểm học bạ,2025,22.98,Thiết kế Công nghiệp
114465,MTC,thiet-ke-do-hoa,H00,Điểm thi THPT,2021,21.38,Thiết kế đồ hoạ
114466,MTC,thiet-ke-do-hoa,H07,Điểm thi THPT,2021,21.38,Thiết kế đồ hoạ
114467,MTC,thiet-ke-do-hoa,H00,Điểm thi THPT,2022,21.75,Thiết kế Đồ họa
114468,MTC,thiet-ke-do-hoa,H07,Điểm thi THPT,2022,21.75,Thiết kế Đồ họa
114469,MTC,thiet-ke-do-hoa,H00,Điểm học bạ,2023,23.75,Thiết kế Đồ họa
114470,MTC,thiet-ke-do-hoa,H07,Điểm học bạ,2023,23.75,Thiết kế Đồ họa
114471,MTC,thiet-ke-do-hoa,H00,Điểm học bạ,2025,24.26,Thiết kế Đồ họa
114472,MTC,thiet-ke-do-hoa,H07,Điểm học bạ,2025,24.26,Thiết kế Đồ họa
114473,MTC,thiet-ke-noi-that,H00,Điểm thi THPT,2021,19.32,Thiết kế nội thất
114474,MTC,thiet-ke-noi-that,H07,Điểm thi THPT,2021,19.32,Thiết kế nội thất
114475,MTC,thiet-ke-noi-that,H00,Điểm thi THPT,2022,20.25,Thiết kế Nội thất
114476,MTC,thiet-ke-noi-that,H07,Điểm thi THPT,2022,20.25,Thiết kế Nội thất
114477,MTC,thiet-ke-noi-that,H00,Điểm học bạ,2023,22.25,Thiết kế Nội thất
114478,MTC,thiet-ke-noi-that,H07,Điểm học bạ,2023,22.25,Thiết kế Nội thất
114479,MTC,thiet-ke-noi-that,H00,Điểm học bạ,2025,23.36,Thiết kế Nội thất
114480,MTC,thiet-ke-noi-that,H07,Điểm học bạ,2025,23.36,Thiết kế Nội thất
114481,MTC,thiet-ke-thoi-trang,H00,Điểm thi THPT,2021,20.0,Thiết kế thời trang
114482,MTC,thiet-ke-thoi-trang,H07,Điểm thi THPT,2021,20.0,Thiết kế thời trang
114483,MTC,thiet-ke-thoi-trang,H00,Điểm thi THPT,2022,19.5,Thiết kế Thời trang
114484,MTC,thiet-ke-thoi-trang,H07,Điểm thi THPT,2022,19.5,Thiết kế Thời trang
114485,MTC,thiet-ke-thoi-trang,H00,Điểm học bạ,2023,21.65,Thiết kế thời trang
114486,MTC,thiet-ke-thoi-trang,H07,Điểm học bạ,2023,21.65,Thiết kế thời trang
114487,MTC,thiet-ke-thoi-trang,H00,Điểm học bạ,2025,22.7,Thiết kế Thời trang
114488,MTC,thiet-ke-thoi-trang,H07,Điểm học bạ,2025,22.7,Thiết kế Thời trang
114489,MTC,thiet-ke-trang-suc,H00,Điểm thi THPT,2021,17.51,Thiết kế công nghiệp chuyên ngành Thiết kế trang sức
114490,MTC,thiet-ke-trang-suc,H07,Điểm thi THPT,2021,17.51,Thiết kế công nghiệp chuyên ngành Thiết kế trang sức
114491,MTH,dieu-khac,H00,Điểm thi THPT,2022,26.1,Điêu khắc
114492,MTH,do-hoa,H00,Điểm thi THPT,2022,26.66,Đồ họa
114493,MTH,hoi-hoa,H00,Điểm thi THPT,2022,30.63,Hội họa
114494,MTH,ly-luan-lich-su-va-phe-binh-my-thuat,H00,Điểm thi THPT,2022,25.56,"Lý luận, lịch sử và phê bình mỹ thuật"
114495,MTH,su-pham-my-thuat,H00,Điểm thi THPT,2022,31.63,Sư phạm mỹ thuật
114496,MTH,thiet-ke-do-hoa,H00,Điểm thi THPT,2022,29.73,Thiết kế đồ họa
114497,MTU,cong-nghe-thong-tin,A00,Điểm học bạ,2022,18.0,Công nghệ thông tin
114498,MTU,cong-nghe-thong-tin,A01,Điểm học bạ,2022,18.0,Công nghệ thông tin
114499,MTU,cong-nghe-thong-tin,D01,Điểm học bạ,2022,18.0,Công nghệ thông tin
114500,MTU,cong-nghe-thong-tin,D07,Điểm học bạ,2022,18.0,Công nghệ thông tin
114501,MTU,cong-nghe-thong-tin,A00,Điểm thi THPT,2022,14.0,Công nghệ thông tin
114502,MTU,cong-nghe-thong-tin,A01,Điểm thi THPT,2022,14.0,Công nghệ thông tin
114503,MTU,cong-nghe-thong-tin,D01,Điểm thi THPT,2022,14.0,Công nghệ thông tin
114504,MTU,cong-nghe-thong-tin,D07,Điểm thi THPT,2022,14.0,Công nghệ thông tin
114505,MTU,cong-nghe-thong-tin,A00,Điểm học bạ,2023,18.0,Công nghệ thông tin
114506,MTU,cong-nghe-thong-tin,A01,Điểm học bạ,2023,18.0,Công nghệ thông tin
114507,MTU,cong-nghe-thong-tin,D01,Điểm học bạ,2023,18.0,Công nghệ thông tin
114508,MTU,cong-nghe-thong-tin,D07,Điểm học bạ,2023,18.0,Công nghệ thông tin
114509,MTU,cong-nghe-thong-tin,A00,Điểm thi THPT,2023,15.0,Công nghệ thông tin
114510,MTU,cong-nghe-thong-tin,A01,Điểm thi THPT,2023,15.0,Công nghệ thông tin
114511,MTU,cong-nghe-thong-tin,D01,Điểm thi THPT,2023,15.0,Công nghệ thông tin
114512,MTU,cong-nghe-thong-tin,D07,Điểm thi THPT,2023,15.0,Công nghệ thông tin
114513,MTU,cong-nghe-thong-tin,A00,Điểm học bạ,2024,18.0,Công nghệ thông tin
114514,MTU,cong-nghe-thong-tin,A01,Điểm học bạ,2024,18.0,Công nghệ thông tin
114515,MTU,cong-nghe-thong-tin,D01,Điểm học bạ,2024,18.0,Công nghệ thông tin
114516,MTU,cong-nghe-thong-tin,D07,Điểm học bạ,2024,18.0,Công nghệ thông tin
114517,MTU,cong-nghe-thong-tin,A00,Điểm thi THPT,2024,15.0,Công nghệ thông tin
114518,MTU,cong-nghe-thong-tin,A01,Điểm thi THPT,2024,15.0,Công nghệ thông tin
114519,MTU,cong-nghe-thong-tin,D01,Điểm thi THPT,2024,15.0,Công nghệ thông tin
114520,MTU,cong-nghe-thong-tin,D07,Điểm thi THPT,2024,15.0,Công nghệ thông tin
114521,MTU,ke-toan,A00,Điểm học bạ,2021,18.0,Kế toán
114522,MTU,ke-toan,A01,Điểm học bạ,2021,18.0,Kế toán
114523,MTU,ke-toan,D14,Điểm học bạ,2021,18.0,Kế toán
114524,MTU,ke-toan,D15,Điểm học bạ,2021,18.0,Kế toán
114525,MTU,ke-toan,A00,Điểm thi THPT,2021,14.0,Kế toán
114526,MTU,ke-toan,A01,Điểm thi THPT,2021,14.0,Kế toán
114527,MTU,ke-toan,D14,Điểm thi THPT,2021,14.0,Kế toán
114528,MTU,ke-toan,D15,Điểm thi THPT,2021,14.0,Kế toán
114529,MTU,ke-toan,A00,Điểm học bạ,2022,18.0,Kế toán
114530,MTU,ke-toan,A01,Điểm học bạ,2022,18.0,Kế toán
114531,MTU,ke-toan,D14,Điểm học bạ,2022,18.0,Kế toán
114532,MTU,ke-toan,D15,Điểm học bạ,2022,18.0,Kế toán
114533,MTU,ke-toan,A00,Điểm thi THPT,2022,14.0,Kế toán
114534,MTU,ke-toan,A01,Điểm thi THPT,2022,14.0,Kế toán
114535,MTU,ke-toan,D14,Điểm thi THPT,2022,14.0,Kế toán
114536,MTU,ke-toan,D15,Điểm thi THPT,2022,14.0,Kế toán
114537,MTU,ke-toan,A00,Điểm học bạ,2023,18.0,Kế toán
114538,MTU,ke-toan,A01,Điểm học bạ,2023,18.0,Kế toán
114539,MTU,ke-toan,D14,Điểm học bạ,2023,18.0,Kế toán
114540,MTU,ke-toan,D15,Điểm học bạ,2023,18.0,Kế toán
114541,MTU,ke-toan,A00,Điểm thi THPT,2023,15.0,Kế toán
114542,MTU,ke-toan,A01,Điểm thi THPT,2023,15.0,Kế toán
114543,MTU,ke-toan,D14,Điểm thi THPT,2023,15.0,Kế toán
114544,MTU,ke-toan,D15,Điểm thi THPT,2023,15.0,Kế toán
114545,MTU,ke-toan,A00,Điểm học bạ,2024,18.0,Kế toán
114546,MTU,ke-toan,A01,Điểm học bạ,2024,18.0,Kế toán
114547,MTU,ke-toan,D14,Điểm học bạ,2024,18.0,Kế toán
114548,MTU,ke-toan,D15,Điểm học bạ,2024,18.0,Kế toán
114549,MTU,ke-toan,A00,Điểm thi THPT,2024,15.0,Kế toán
114550,MTU,ke-toan,A01,Điểm thi THPT,2024,15.0,Kế toán
114551,MTU,ke-toan,D14,Điểm thi THPT,2024,15.0,Kế toán
114552,MTU,ke-toan,D15,Điểm thi THPT,2024,15.0,Kế toán
114553,MTU,ke-toan,A00,Điểm học bạ,2025,18.0,Kế toán
114554,MTU,ke-toan,A01,Điểm học bạ,2025,18.0,Kế toán
114555,MTU,ke-toan,A03,Điểm học bạ,2025,18.0,Kế toán
114556,MTU,ke-toan,A04,Điểm học bạ,2025,18.0,Kế toán
114557,MTU,ke-toan,A05,Điểm học bạ,2025,18.0,Kế toán
114558,MTU,ke-toan,A06,Điểm học bạ,2025,18.0,Kế toán
114559,MTU,ke-toan,A10,Điểm học bạ,2025,18.0,Kế toán
114560,MTU,ke-toan,A11,Điểm học bạ,2025,18.0,Kế toán
114561,MTU,ke-toan,C03,Điểm học bạ,2025,18.0,Kế toán
114562,MTU,ke-toan,D01,Điểm học bạ,2025,18.0,Kế toán
114563,MTU,ke-toan,A00,Điểm thi THPT,2025,15.0,Kế toán
114564,MTU,ke-toan,A01,Điểm thi THPT,2025,15.0,Kế toán
114565,MTU,ke-toan,A03,Điểm thi THPT,2025,15.0,Kế toán
114566,MTU,ke-toan,A04,Điểm thi THPT,2025,15.0,Kế toán
114567,MTU,ke-toan,A05,Điểm thi THPT,2025,15.0,Kế toán
114568,MTU,ke-toan,A06,Điểm thi THPT,2025,15.0,Kế toán
114569,MTU,ke-toan,A10,Điểm thi THPT,2025,15.0,Kế toán
114570,MTU,ke-toan,A11,Điểm thi THPT,2025,15.0,Kế toán
114571,MTU,ke-toan,C03,Điểm thi THPT,2025,15.0,Kế toán
114572,MTU,ke-toan,D01,Điểm thi THPT,2025,15.0,Kế toán
114573,MTU,kien-truc,V00,Điểm học bạ,2021,18.0,Kiến trúc
114574,MTU,kien-truc,V01,Điểm học bạ,2021,18.0,Kiến trúc
114575,MTU,kien-truc,V02,Điểm học bạ,2021,18.0,Kiến trúc
114576,MTU,kien-truc,V03,Điểm học bạ,2021,18.0,Kiến trúc
114577,MTU,kien-truc,V00,Điểm thi THPT,2021,15.5,Kiến trúc
114578,MTU,kien-truc,V01,Điểm thi THPT,2021,15.5,Kiến trúc
114579,MTU,kien-truc,V02,Điểm thi THPT,2021,15.5,Kiến trúc
114580,MTU,kien-truc,V03,Điểm thi THPT,2021,15.5,Kiến trúc
114581,MTU,kien-truc,V00,Điểm học bạ,2022,18.0,Kiến trúc
114582,MTU,kien-truc,V01,Điểm học bạ,2022,18.0,Kiến trúc
114583,MTU,kien-truc,V02,Điểm học bạ,2022,18.0,Kiến trúc
114584,MTU,kien-truc,V03,Điểm học bạ,2022,18.0,Kiến trúc
114585,MTU,kien-truc,V00,Điểm thi THPT,2022,14.0,Kiến trúc
114586,MTU,kien-truc,V01,Điểm thi THPT,2022,14.0,Kiến trúc
114587,MTU,kien-truc,V02,Điểm thi THPT,2022,14.0,Kiến trúc
114588,MTU,kien-truc,V03,Điểm thi THPT,2022,14.0,Kiến trúc
114589,MTU,kien-truc,V00,Điểm học bạ,2023,18.0,Kiến trúc
114590,MTU,kien-truc,V01,Điểm học bạ,2023,18.0,Kiến trúc
114591,MTU,kien-truc,V02,Điểm học bạ,2023,18.0,Kiến trúc
114592,MTU,kien-truc,V03,Điểm học bạ,2023,18.0,Kiến trúc
114593,MTU,kien-truc,V00,Điểm thi THPT,2023,15.0,Kiến trúc
114594,MTU,kien-truc,V01,Điểm thi THPT,2023,15.0,Kiến trúc
114595,MTU,kien-truc,V02,Điểm thi THPT,2023,15.0,Kiến trúc
114596,MTU,kien-truc,V03,Điểm thi THPT,2023,15.0,Kiến trúc
114597,MTU,kien-truc,V00,Điểm học bạ,2024,18.0,Kiến trúc
114598,MTU,kien-truc,V01,Điểm học bạ,2024,18.0,Kiến trúc
114599,MTU,kien-truc,V02,Điểm học bạ,2024,18.0,Kiến trúc
114600,MTU,kien-truc,V03,Điểm học bạ,2024,18.0,Kiến trúc
114601,MTU,kien-truc,V00,Điểm thi THPT,2024,15.0,Kiến trúc
114602,MTU,kien-truc,V01,Điểm thi THPT,2024,15.0,Kiến trúc
114603,MTU,kien-truc,V02,Điểm thi THPT,2024,15.0,Kiến trúc
114604,MTU,kien-truc,V03,Điểm thi THPT,2024,15.0,Kiến trúc
114605,MTU,kien-truc,A00,Điểm học bạ,2025,18.0,Kiến trúc
114606,MTU,kien-truc,A01,Điểm học bạ,2025,18.0,Kiến trúc
114607,MTU,kien-truc,A03,Điểm học bạ,2025,18.0,Kiến trúc
114608,MTU,kien-truc,A04,Điểm học bạ,2025,18.0,Kiến trúc
114609,MTU,kien-truc,A06,Điểm học bạ,2025,18.0,Kiến trúc
114610,MTU,kien-truc,A07,Điểm học bạ,2025,18.0,Kiến trúc
114611,MTU,kien-truc,A10,Điểm học bạ,2025,18.0,Kiến trúc
114612,MTU,kien-truc,C01,Điểm học bạ,2025,18.0,Kiến trúc
114613,MTU,kien-truc,C03,Điểm học bạ,2025,18.0,Kiến trúc
114614,MTU,kien-truc,D01,Điểm học bạ,2025,18.0,Kiến trúc
114615,MTU,kien-truc,A00,Điểm thi THPT,2025,15.0,Kiến trúc
114616,MTU,kien-truc,A01,Điểm thi THPT,2025,15.0,Kiến trúc
114617,MTU,kien-truc,A03,Điểm thi THPT,2025,15.0,Kiến trúc
114618,MTU,kien-truc,A04,Điểm thi THPT,2025,15.0,Kiến trúc
114619,MTU,kien-truc,A06,Điểm thi THPT,2025,15.0,Kiến trúc
114620,MTU,kien-truc,A07,Điểm thi THPT,2025,15.0,Kiến trúc
114621,MTU,kien-truc,A10,Điểm thi THPT,2025,15.0,Kiến trúc
114622,MTU,kien-truc,C01,Điểm thi THPT,2025,15.0,Kiến trúc
114623,MTU,kien-truc,C03,Điểm thi THPT,2025,15.0,Kiến trúc
114624,MTU,kien-truc,D01,Điểm thi THPT,2025,15.0,Kiến trúc
114625,MTU,ky-thuat-cap-thoat-nuoc,A00,Điểm học bạ,2021,18.0,Kỹ thuật cấp thoát nước
114626,MTU,ky-thuat-cap-thoat-nuoc,A01,Điểm học bạ,2021,18.0,Kỹ thuật cấp thoát nước
114627,MTU,ky-thuat-cap-thoat-nuoc,B00,Điểm học bạ,2021,18.0,Kỹ thuật cấp thoát nước
114628,MTU,ky-thuat-cap-thoat-nuoc,D01,Điểm học bạ,2021,18.0,Kỹ thuật cấp thoát nước
114629,MTU,ky-thuat-cap-thoat-nuoc,A00,Điểm thi THPT,2021,14.0,Kỹ thuật cấp thoát nước
114630,MTU,ky-thuat-cap-thoat-nuoc,A01,Điểm thi THPT,2021,14.0,Kỹ thuật cấp thoát nước
114631,MTU,ky-thuat-cap-thoat-nuoc,B00,Điểm thi THPT,2021,14.0,Kỹ thuật cấp thoát nước
114632,MTU,ky-thuat-cap-thoat-nuoc,D01,Điểm thi THPT,2021,14.0,Kỹ thuật cấp thoát nước
114633,MTU,ky-thuat-cap-thoat-nuoc,A00,Điểm học bạ,2022,18.0,Kỹ thuật cấp thoát nước
114634,MTU,ky-thuat-cap-thoat-nuoc,A01,Điểm học bạ,2022,18.0,Kỹ thuật cấp thoát nước
114635,MTU,ky-thuat-cap-thoat-nuoc,B00,Điểm học bạ,2022,18.0,Kỹ thuật cấp thoát nước
114636,MTU,ky-thuat-cap-thoat-nuoc,D01,Điểm học bạ,2022,18.0,Kỹ thuật cấp thoát nước
114637,MTU,ky-thuat-cap-thoat-nuoc,A00,Điểm thi THPT,2022,14.0,Kỹ thuật cấp thoát nước
114638,MTU,ky-thuat-cap-thoat-nuoc,A01,Điểm thi THPT,2022,14.0,Kỹ thuật cấp thoát nước
114639,MTU,ky-thuat-cap-thoat-nuoc,B00,Điểm thi THPT,2022,14.0,Kỹ thuật cấp thoát nước
114640,MTU,ky-thuat-cap-thoat-nuoc,D01,Điểm thi THPT,2022,14.0,Kỹ thuật cấp thoát nước
114641,MTU,ky-thuat-cap-thoat-nuoc,A00,Điểm học bạ,2023,18.0,Kỹ thuật câp thoát nước (Kỹ sư)
114642,MTU,ky-thuat-cap-thoat-nuoc,A01,Điểm học bạ,2023,18.0,Kỹ thuật câp thoát nước (Kỹ sư)
114643,MTU,ky-thuat-cap-thoat-nuoc,B00,Điểm học bạ,2023,18.0,Kỹ thuật câp thoát nước (Kỹ sư)
114644,MTU,ky-thuat-cap-thoat-nuoc,D01,Điểm học bạ,2023,18.0,Kỹ thuật câp thoát nước (Kỹ sư)
114645,MTU,ky-thuat-cap-thoat-nuoc,A00,Điểm thi THPT,2023,15.0,Kỹ thuật câp thoát nước (Kỹ sư)
114646,MTU,ky-thuat-cap-thoat-nuoc,A01,Điểm thi THPT,2023,15.0,Kỹ thuật câp thoát nước (Kỹ sư)
114647,MTU,ky-thuat-cap-thoat-nuoc,B00,Điểm thi THPT,2023,15.0,Kỹ thuật câp thoát nước (Kỹ sư)
114648,MTU,ky-thuat-cap-thoat-nuoc,D01,Điểm thi THPT,2023,15.0,Kỹ thuật câp thoát nước (Kỹ sư)
114649,MTU,ky-thuat-cap-thoat-nuoc,A00,Điểm học bạ,2024,18.0,Kỹ thuật cấp thoát nước (Kỹ sư)
114650,MTU,ky-thuat-cap-thoat-nuoc,A01,Điểm học bạ,2024,18.0,Kỹ thuật cấp thoát nước (Kỹ sư)
114651,MTU,ky-thuat-cap-thoat-nuoc,B00,Điểm học bạ,2024,18.0,Kỹ thuật cấp thoát nước (Kỹ sư)
114652,MTU,ky-thuat-cap-thoat-nuoc,D01,Điểm học bạ,2024,18.0,Kỹ thuật cấp thoát nước (Kỹ sư)
114653,MTU,ky-thuat-cap-thoat-nuoc,A00,Điểm thi THPT,2024,15.0,Kỹ thuật cấp thoát nước (Kỹ sư)
114654,MTU,ky-thuat-cap-thoat-nuoc,A01,Điểm thi THPT,2024,15.0,Kỹ thuật cấp thoát nước (Kỹ sư)
114655,MTU,ky-thuat-cap-thoat-nuoc,B00,Điểm thi THPT,2024,15.0,Kỹ thuật cấp thoát nước (Kỹ sư)
114656,MTU,ky-thuat-cap-thoat-nuoc,D01,Điểm thi THPT,2024,15.0,Kỹ thuật cấp thoát nước (Kỹ sư)
114657,MTU,ky-thuat-cap-thoat-nuoc,A00,Điểm học bạ,2025,18.0,Kỹ thuật cấp thoát nước (Kỹ sư)
114658,MTU,ky-thuat-cap-thoat-nuoc,A01,Điểm học bạ,2025,18.0,Kỹ thuật cấp thoát nước (Kỹ sư)
114659,MTU,ky-thuat-cap-thoat-nuoc,A02,Điểm học bạ,2025,18.0,Kỹ thuật cấp thoát nước (Kỹ sư)
114660,MTU,ky-thuat-cap-thoat-nuoc,A04,Điểm học bạ,2025,18.0,Kỹ thuật cấp thoát nước (Kỹ sư)
114661,MTU,ky-thuat-cap-thoat-nuoc,A06,Điểm học bạ,2025,18.0,Kỹ thuật cấp thoát nước (Kỹ sư)
114662,MTU,ky-thuat-cap-thoat-nuoc,A10,Điểm học bạ,2025,18.0,Kỹ thuật cấp thoát nước (Kỹ sư)
114663,MTU,ky-thuat-cap-thoat-nuoc,A11,Điểm học bạ,2025,18.0,Kỹ thuật cấp thoát nước (Kỹ sư)
114664,MTU,ky-thuat-cap-thoat-nuoc,B00,Điểm học bạ,2025,18.0,Kỹ thuật cấp thoát nước (Kỹ sư)
114665,MTU,ky-thuat-cap-thoat-nuoc,C01,Điểm học bạ,2025,18.0,Kỹ thuật cấp thoát nước (Kỹ sư)
114666,MTU,ky-thuat-cap-thoat-nuoc,D01,Điểm học bạ,2025,18.0,Kỹ thuật cấp thoát nước (Kỹ sư)
114667,MTU,ky-thuat-cap-thoat-nuoc,A00,Điểm thi THPT,2025,15.0,Kỹ thuật cấp thoát nước (Kỹ sư)
114668,MTU,ky-thuat-cap-thoat-nuoc,A01,Điểm thi THPT,2025,15.0,Kỹ thuật cấp thoát nước (Kỹ sư)
114669,MTU,ky-thuat-cap-thoat-nuoc,A02,Điểm thi THPT,2025,15.0,Kỹ thuật cấp thoát nước (Kỹ sư)
114670,MTU,ky-thuat-cap-thoat-nuoc,A04,Điểm thi THPT,2025,15.0,Kỹ thuật cấp thoát nước (Kỹ sư)
114671,MTU,ky-thuat-cap-thoat-nuoc,A06,Điểm thi THPT,2025,15.0,Kỹ thuật cấp thoát nước (Kỹ sư)
114672,MTU,ky-thuat-cap-thoat-nuoc,A10,Điểm thi THPT,2025,15.0,Kỹ thuật cấp thoát nước (Kỹ sư)
114673,MTU,ky-thuat-cap-thoat-nuoc,A11,Điểm thi THPT,2025,15.0,Kỹ thuật cấp thoát nước (Kỹ sư)
114674,MTU,ky-thuat-cap-thoat-nuoc,B00,Điểm thi THPT,2025,15.0,Kỹ thuật cấp thoát nước (Kỹ sư)
114675,MTU,ky-thuat-cap-thoat-nuoc,C01,Điểm thi THPT,2025,15.0,Kỹ thuật cấp thoát nước (Kỹ sư)
114676,MTU,ky-thuat-cap-thoat-nuoc,D01,Điểm thi THPT,2025,15.0,Kỹ thuật cấp thoát nước (Kỹ sư)
114677,MTU,ky-thuat-moi-truong,A00,Điểm học bạ,2021,18.0,Kỹ thuật môi trường
114678,MTU,ky-thuat-moi-truong,A01,Điểm học bạ,2021,18.0,Kỹ thuật môi trường
114679,MTU,ky-thuat-moi-truong,B00,Điểm học bạ,2021,18.0,Kỹ thuật môi trường
114680,MTU,ky-thuat-moi-truong,D01,Điểm học bạ,2021,18.0,Kỹ thuật môi trường
114681,MTU,ky-thuat-moi-truong,A00,Điểm thi THPT,2021,17.5,Kỹ thuật môi trường
114682,MTU,ky-thuat-moi-truong,A01,Điểm thi THPT,2021,17.5,Kỹ thuật môi trường
114683,MTU,ky-thuat-moi-truong,B00,Điểm thi THPT,2021,17.5,Kỹ thuật môi trường
114684,MTU,ky-thuat-moi-truong,D01,Điểm thi THPT,2021,17.5,Kỹ thuật môi trường
114685,MTU,ky-thuat-moi-truong,A00,Điểm học bạ,2022,18.0,Kỹ thuật môi trường
114686,MTU,ky-thuat-moi-truong,A01,Điểm học bạ,2022,18.0,Kỹ thuật môi trường
114687,MTU,ky-thuat-moi-truong,B00,Điểm học bạ,2022,18.0,Kỹ thuật môi trường
114688,MTU,ky-thuat-moi-truong,D01,Điểm học bạ,2022,18.0,Kỹ thuật môi trường
114689,MTU,ky-thuat-moi-truong,A00,Điểm thi THPT,2022,14.0,Kỹ thuật môi trường
114690,MTU,ky-thuat-moi-truong,A01,Điểm thi THPT,2022,14.0,Kỹ thuật môi trường
114691,MTU,ky-thuat-moi-truong,B00,Điểm thi THPT,2022,14.0,Kỹ thuật môi trường
114692,MTU,ky-thuat-moi-truong,D01,Điểm thi THPT,2022,14.0,Kỹ thuật môi trường
114693,MTU,ky-thuat-moi-truong,A00,Điểm học bạ,2023,18.0,Kỹ thuật môi trường (Kỹ sư)
114694,MTU,ky-thuat-moi-truong,A01,Điểm học bạ,2023,18.0,Kỹ thuật môi trường (Kỹ sư)
114695,MTU,ky-thuat-moi-truong,B00,Điểm học bạ,2023,18.0,Kỹ thuật môi trường (Kỹ sư)
114696,MTU,ky-thuat-moi-truong,D01,Điểm học bạ,2023,18.0,Kỹ thuật môi trường (Kỹ sư)
114697,MTU,ky-thuat-moi-truong,A00,Điểm thi THPT,2023,15.0,Kỹ thuật môi trường (Kỹ sư)
114698,MTU,ky-thuat-moi-truong,A01,Điểm thi THPT,2023,15.0,Kỹ thuật môi trường (Kỹ sư)
114699,MTU,ky-thuat-moi-truong,B00,Điểm thi THPT,2023,15.0,Kỹ thuật môi trường (Kỹ sư)
114700,MTU,ky-thuat-moi-truong,D01,Điểm thi THPT,2023,15.0,Kỹ thuật môi trường (Kỹ sư)
114701,MTU,ky-thuat-moi-truong,A00,Điểm học bạ,2024,18.0,Kỹ thuật môi trường (Kỹ sư)
114702,MTU,ky-thuat-moi-truong,A01,Điểm học bạ,2024,18.0,Kỹ thuật môi trường (Kỹ sư)
114703,MTU,ky-thuat-moi-truong,B00,Điểm học bạ,2024,18.0,Kỹ thuật môi trường (Kỹ sư)
114704,MTU,ky-thuat-moi-truong,D01,Điểm học bạ,2024,18.0,Kỹ thuật môi trường (Kỹ sư)
114705,MTU,ky-thuat-moi-truong,A00,Điểm thi THPT,2024,15.0,Kỹ thuật môi trường (Kỹ sư)
114706,MTU,ky-thuat-moi-truong,A01,Điểm thi THPT,2024,15.0,Kỹ thuật môi trường (Kỹ sư)
114707,MTU,ky-thuat-moi-truong,B00,Điểm thi THPT,2024,15.0,Kỹ thuật môi trường (Kỹ sư)
114708,MTU,ky-thuat-moi-truong,D01,Điểm thi THPT,2024,15.0,Kỹ thuật môi trường (Kỹ sư)
114709,MTU,ky-thuat-moi-truong,A00,Điểm học bạ,2025,18.0,Kỹ thuật môi trường
114710,MTU,ky-thuat-moi-truong,A01,Điểm học bạ,2025,18.0,Kỹ thuật môi trường
114711,MTU,ky-thuat-moi-truong,A02,Điểm học bạ,2025,18.0,Kỹ thuật môi trường
114712,MTU,ky-thuat-moi-truong,A04,Điểm học bạ,2025,18.0,Kỹ thuật môi trường
114713,MTU,ky-thuat-moi-truong,A06,Điểm học bạ,2025,18.0,Kỹ thuật môi trường
114714,MTU,ky-thuat-moi-truong,A10,Điểm học bạ,2025,18.0,Kỹ thuật môi trường
114715,MTU,ky-thuat-moi-truong,A11,Điểm học bạ,2025,18.0,Kỹ thuật môi trường
114716,MTU,ky-thuat-moi-truong,B00,Điểm học bạ,2025,18.0,Kỹ thuật môi trường
114717,MTU,ky-thuat-moi-truong,C01,Điểm học bạ,2025,18.0,Kỹ thuật môi trường
114718,MTU,ky-thuat-moi-truong,D01,Điểm học bạ,2025,18.0,Kỹ thuật môi trường
114719,MTU,ky-thuat-moi-truong,A00,Điểm thi THPT,2025,15.0,Kỹ thuật môi trường
114720,MTU,ky-thuat-moi-truong,A01,Điểm thi THPT,2025,15.0,Kỹ thuật môi trường
114721,MTU,ky-thuat-moi-truong,A02,Điểm thi THPT,2025,15.0,Kỹ thuật môi trường
114722,MTU,ky-thuat-moi-truong,A04,Điểm thi THPT,2025,15.0,Kỹ thuật môi trường
114723,MTU,ky-thuat-moi-truong,A06,Điểm thi THPT,2025,15.0,Kỹ thuật môi trường
114724,MTU,ky-thuat-moi-truong,A10,Điểm thi THPT,2025,15.0,Kỹ thuật môi trường
114725,MTU,ky-thuat-moi-truong,A11,Điểm thi THPT,2025,15.0,Kỹ thuật môi trường
114726,MTU,ky-thuat-moi-truong,B00,Điểm thi THPT,2025,15.0,Kỹ thuật môi trường
114727,MTU,ky-thuat-moi-truong,C01,Điểm thi THPT,2025,15.0,Kỹ thuật môi trường
114728,MTU,ky-thuat-moi-truong,D01,Điểm thi THPT,2025,15.0,Kỹ thuật môi trường
114729,MTU,ky-thuat-phan-mem,A00,Điểm học bạ,2021,18.0,Kỹ thuật phần mềm
114730,MTU,ky-thuat-phan-mem,A01,Điểm học bạ,2021,18.0,Kỹ thuật phần mềm
114731,MTU,ky-thuat-phan-mem,D01,Điểm học bạ,2021,18.0,Kỹ thuật phần mềm
114732,MTU,ky-thuat-phan-mem,D07,Điểm học bạ,2021,18.0,Kỹ thuật phần mềm
114733,MTU,ky-thuat-phan-mem,A00,Điểm thi THPT,2021,17.0,Kỹ thuật phần mềm
114734,MTU,ky-thuat-phan-mem,A01,Điểm thi THPT,2021,17.0,Kỹ thuật phần mềm
114735,MTU,ky-thuat-phan-mem,D01,Điểm thi THPT,2021,17.0,Kỹ thuật phần mềm
114736,MTU,ky-thuat-phan-mem,D07,Điểm thi THPT,2021,17.0,Kỹ thuật phần mềm
114737,MTU,ky-thuat-phan-mem,A00,Điểm học bạ,2025,18.0,Kỹ thuật phần mềm
114738,MTU,ky-thuat-phan-mem,A01,Điểm học bạ,2025,18.0,Kỹ thuật phần mềm
114739,MTU,ky-thuat-phan-mem,A10,Điểm học bạ,2025,18.0,Kỹ thuật phần mềm
114740,MTU,ky-thuat-phan-mem,A11,Điểm học bạ,2025,18.0,Kỹ thuật phần mềm
114741,MTU,ky-thuat-phan-mem,C01,Điểm học bạ,2025,18.0,Kỹ thuật phần mềm
114742,MTU,ky-thuat-phan-mem,D01,Điểm học bạ,2025,18.0,Kỹ thuật phần mềm
114743,MTU,ky-thuat-phan-mem,D07,Điểm học bạ,2025,18.0,Kỹ thuật phần mềm
114744,MTU,ky-thuat-phan-mem,X06,Điểm học bạ,2025,18.0,Kỹ thuật phần mềm
114745,MTU,ky-thuat-phan-mem,X26,Điểm học bạ,2025,18.0,Kỹ thuật phần mềm
114746,MTU,ky-thuat-phan-mem,A00,Điểm thi THPT,2025,15.0,Kỹ thuật phần mềm
114747,MTU,ky-thuat-phan-mem,A01,Điểm thi THPT,2025,15.0,Kỹ thuật phần mềm
114748,MTU,ky-thuat-phan-mem,A10,Điểm thi THPT,2025,15.0,Kỹ thuật phần mềm
114749,MTU,ky-thuat-phan-mem,A11,Điểm thi THPT,2025,15.0,Kỹ thuật phần mềm
114750,MTU,ky-thuat-phan-mem,C01,Điểm thi THPT,2025,15.0,Kỹ thuật phần mềm
114751,MTU,ky-thuat-phan-mem,D01,Điểm thi THPT,2025,15.0,Kỹ thuật phần mềm
114752,MTU,ky-thuat-phan-mem,D07,Điểm thi THPT,2025,15.0,Kỹ thuật phần mềm
114753,MTU,ky-thuat-phan-mem,X06,Điểm thi THPT,2025,15.0,Kỹ thuật phần mềm
114754,MTU,ky-thuat-phan-mem,X26,Điểm thi THPT,2025,15.0,Kỹ thuật phần mềm
114755,MTU,ky-thuat-xay-dung,A00,Điểm học bạ,2021,18.0,Kỹ thuật xây dựng
114756,MTU,ky-thuat-xay-dung,A01,Điểm học bạ,2021,18.0,Kỹ thuật xây dựng
114757,MTU,ky-thuat-xay-dung,B00,Điểm học bạ,2021,18.0,Kỹ thuật xây dựng
114758,MTU,ky-thuat-xay-dung,D01,Điểm học bạ,2021,18.0,Kỹ thuật xây dựng
114759,MTU,ky-thuat-xay-dung,A00,Điểm thi THPT,2021,14.0,Kỹ thuật xây dựng
114760,MTU,ky-thuat-xay-dung,A01,Điểm thi THPT,2021,14.0,Kỹ thuật xây dựng
114761,MTU,ky-thuat-xay-dung,B00,Điểm thi THPT,2021,14.0,Kỹ thuật xây dựng
114762,MTU,ky-thuat-xay-dung,D01,Điểm thi THPT,2021,14.0,Kỹ thuật xây dựng
114763,MTU,ky-thuat-xay-dung,A00,Điểm học bạ,2022,18.0,Kỹ thuật xây dựng
114764,MTU,ky-thuat-xay-dung,A01,Điểm học bạ,2022,18.0,Kỹ thuật xây dựng
114765,MTU,ky-thuat-xay-dung,B00,Điểm học bạ,2022,18.0,Kỹ thuật xây dựng
114766,MTU,ky-thuat-xay-dung,D01,Điểm học bạ,2022,18.0,Kỹ thuật xây dựng
114767,MTU,ky-thuat-xay-dung,A00,Điểm thi THPT,2022,14.0,Kỹ thuật xây dựng
114768,MTU,ky-thuat-xay-dung,A01,Điểm thi THPT,2022,14.0,Kỹ thuật xây dựng
114769,MTU,ky-thuat-xay-dung,B00,Điểm thi THPT,2022,14.0,Kỹ thuật xây dựng
114770,MTU,ky-thuat-xay-dung,D01,Điểm thi THPT,2022,14.0,Kỹ thuật xây dựng
114771,MTU,ky-thuat-xay-dung,A00,Điểm học bạ,2023,18.0,Kỹ thuật xây dựng
114772,MTU,ky-thuat-xay-dung,A01,Điểm học bạ,2023,18.0,Kỹ thuật xây dựng
114773,MTU,ky-thuat-xay-dung,B00,Điểm học bạ,2023,18.0,Kỹ thuật xây dựng
114774,MTU,ky-thuat-xay-dung,D01,Điểm học bạ,2023,18.0,Kỹ thuật xây dựng
114775,MTU,ky-thuat-xay-dung,A00,Điểm thi THPT,2023,15.0,Kỹ thuật xây dựng
114776,MTU,ky-thuat-xay-dung,A01,Điểm thi THPT,2023,15.0,Kỹ thuật xây dựng
114777,MTU,ky-thuat-xay-dung,B00,Điểm thi THPT,2023,15.0,Kỹ thuật xây dựng
114778,MTU,ky-thuat-xay-dung,D01,Điểm thi THPT,2023,15.0,Kỹ thuật xây dựng
114779,MTU,ky-thuat-xay-dung,A00,Điểm học bạ,2024,18.0,Kỹ thuật xây dựng
114780,MTU,ky-thuat-xay-dung,A01,Điểm học bạ,2024,18.0,Kỹ thuật xây dựng
114781,MTU,ky-thuat-xay-dung,B00,Điểm học bạ,2024,18.0,Kỹ thuật xây dựng
114782,MTU,ky-thuat-xay-dung,D01,Điểm học bạ,2024,18.0,Kỹ thuật xây dựng
114783,MTU,ky-thuat-xay-dung,A00,Điểm thi THPT,2024,14.5,Kỹ thuật xây dựng
114784,MTU,ky-thuat-xay-dung,A01,Điểm thi THPT,2024,14.5,Kỹ thuật xây dựng
114785,MTU,ky-thuat-xay-dung,B00,Điểm thi THPT,2024,14.5,Kỹ thuật xây dựng
114786,MTU,ky-thuat-xay-dung,D01,Điểm thi THPT,2024,14.5,Kỹ thuật xây dựng
114787,MTU,ky-thuat-xay-dung,A00,Điểm học bạ,2025,18.0,Kỹ thuật xây dựng
114788,MTU,ky-thuat-xay-dung,A01,Điểm học bạ,2025,18.0,Kỹ thuật xây dựng
114789,MTU,ky-thuat-xay-dung,A04,Điểm học bạ,2025,18.0,Kỹ thuật xây dựng
114790,MTU,ky-thuat-xay-dung,A06,Điểm học bạ,2025,18.0,Kỹ thuật xây dựng
114791,MTU,ky-thuat-xay-dung,A10,Điểm học bạ,2025,18.0,Kỹ thuật xây dựng
114792,MTU,ky-thuat-xay-dung,A11,Điểm học bạ,2025,18.0,Kỹ thuật xây dựng
114793,MTU,ky-thuat-xay-dung,C01,Điểm học bạ,2025,18.0,Kỹ thuật xây dựng
114794,MTU,ky-thuat-xay-dung,D01,Điểm học bạ,2025,18.0,Kỹ thuật xây dựng
114795,MTU,ky-thuat-xay-dung,D07,Điểm học bạ,2025,18.0,Kỹ thuật xây dựng
114796,MTU,ky-thuat-xay-dung,X06,Điểm học bạ,2025,18.0,Kỹ thuật xây dựng
114797,MTU,ky-thuat-xay-dung,A00,Điểm thi THPT,2025,15.0,Kỹ thuật xây dựng
114798,MTU,ky-thuat-xay-dung,A01,Điểm thi THPT,2025,15.0,Kỹ thuật xây dựng
114799,MTU,ky-thuat-xay-dung,A04,Điểm thi THPT,2025,15.0,Kỹ thuật xây dựng
114800,MTU,ky-thuat-xay-dung,A06,Điểm thi THPT,2025,15.0,Kỹ thuật xây dựng
114801,MTU,ky-thuat-xay-dung,A10,Điểm thi THPT,2025,15.0,Kỹ thuật xây dựng
114802,MTU,ky-thuat-xay-dung,A11,Điểm thi THPT,2025,15.0,Kỹ thuật xây dựng
114803,MTU,ky-thuat-xay-dung,C01,Điểm thi THPT,2025,15.0,Kỹ thuật xây dựng
114804,MTU,ky-thuat-xay-dung,D01,Điểm thi THPT,2025,15.0,Kỹ thuật xây dựng
114805,MTU,ky-thuat-xay-dung,D07,Điểm thi THPT,2025,15.0,Kỹ thuật xây dựng
114806,MTU,ky-thuat-xay-dung,X06,Điểm thi THPT,2025,15.0,Kỹ thuật xây dựng
114807,MTU,ky-thuat-xay-dung-cong-trinh-giao-thong,A00,Điểm học bạ,2021,18.0,Kỹ thuật xây dựng công trình giao thông
114808,MTU,ky-thuat-xay-dung-cong-trinh-giao-thong,A01,Điểm học bạ,2021,18.0,Kỹ thuật xây dựng công trình giao thông
114809,MTU,ky-thuat-xay-dung-cong-trinh-giao-thong,B00,Điểm học bạ,2021,18.0,Kỹ thuật xây dựng công trình giao thông
114810,MTU,ky-thuat-xay-dung-cong-trinh-giao-thong,D01,Điểm học bạ,2021,18.0,Kỹ thuật xây dựng công trình giao thông
114811,MTU,ky-thuat-xay-dung-cong-trinh-giao-thong,A00,Điểm thi THPT,2021,14.5,Kỹ thuật xây dựng công trình giao thông
114812,MTU,ky-thuat-xay-dung-cong-trinh-giao-thong,A01,Điểm thi THPT,2021,14.5,Kỹ thuật xây dựng công trình giao thông
114813,MTU,ky-thuat-xay-dung-cong-trinh-giao-thong,B00,Điểm thi THPT,2021,14.5,Kỹ thuật xây dựng công trình giao thông
114814,MTU,ky-thuat-xay-dung-cong-trinh-giao-thong,D01,Điểm thi THPT,2021,14.5,Kỹ thuật xây dựng công trình giao thông
114815,MTU,ky-thuat-xay-dung-cong-trinh-giao-thong,A00,Điểm học bạ,2022,18.0,Kỹ thuật xây dựng công trình giao thông
114816,MTU,ky-thuat-xay-dung-cong-trinh-giao-thong,A01,Điểm học bạ,2022,18.0,Kỹ thuật xây dựng công trình giao thông
114817,MTU,ky-thuat-xay-dung-cong-trinh-giao-thong,B00,Điểm học bạ,2022,18.0,Kỹ thuật xây dựng công trình giao thông
114818,MTU,ky-thuat-xay-dung-cong-trinh-giao-thong,D01,Điểm học bạ,2022,18.0,Kỹ thuật xây dựng công trình giao thông
114819,MTU,ky-thuat-xay-dung-cong-trinh-giao-thong,A00,Điểm thi THPT,2022,14.0,Kỹ thuật xây dựng công trình giao thông
114820,MTU,ky-thuat-xay-dung-cong-trinh-giao-thong,A01,Điểm thi THPT,2022,14.0,Kỹ thuật xây dựng công trình giao thông
114821,MTU,ky-thuat-xay-dung-cong-trinh-giao-thong,B00,Điểm thi THPT,2022,14.0,Kỹ thuật xây dựng công trình giao thông
114822,MTU,ky-thuat-xay-dung-cong-trinh-giao-thong,D01,Điểm thi THPT,2022,14.0,Kỹ thuật xây dựng công trình giao thông
114823,MTU,ky-thuat-xay-dung-cong-trinh-giao-thong,A00,Điểm học bạ,2023,18.0,Kỹ thuật xây dựng công trình giao thông
114824,MTU,ky-thuat-xay-dung-cong-trinh-giao-thong,A01,Điểm học bạ,2023,18.0,Kỹ thuật xây dựng công trình giao thông
114825,MTU,ky-thuat-xay-dung-cong-trinh-giao-thong,B00,Điểm học bạ,2023,18.0,Kỹ thuật xây dựng công trình giao thông
114826,MTU,ky-thuat-xay-dung-cong-trinh-giao-thong,D01,Điểm học bạ,2023,18.0,Kỹ thuật xây dựng công trình giao thông
114827,MTU,ky-thuat-xay-dung-cong-trinh-giao-thong,A00,Điểm thi THPT,2023,15.0,Kỹ thuật xây dựng công trình giao thông
114828,MTU,ky-thuat-xay-dung-cong-trinh-giao-thong,A01,Điểm thi THPT,2023,15.0,Kỹ thuật xây dựng công trình giao thông
114829,MTU,ky-thuat-xay-dung-cong-trinh-giao-thong,B00,Điểm thi THPT,2023,15.0,Kỹ thuật xây dựng công trình giao thông
114830,MTU,ky-thuat-xay-dung-cong-trinh-giao-thong,D01,Điểm thi THPT,2023,15.0,Kỹ thuật xây dựng công trình giao thông
114831,MTU,ky-thuat-xay-dung-cong-trinh-giao-thong,A00,Điểm học bạ,2024,18.0,Kỹ thuật xây dựng công trình giao thông
114832,MTU,ky-thuat-xay-dung-cong-trinh-giao-thong,A01,Điểm học bạ,2024,18.0,Kỹ thuật xây dựng công trình giao thông
114833,MTU,ky-thuat-xay-dung-cong-trinh-giao-thong,B00,Điểm học bạ,2024,18.0,Kỹ thuật xây dựng công trình giao thông
114834,MTU,ky-thuat-xay-dung-cong-trinh-giao-thong,D01,Điểm học bạ,2024,18.0,Kỹ thuật xây dựng công trình giao thông
114835,MTU,ky-thuat-xay-dung-cong-trinh-giao-thong,A00,Điểm thi THPT,2024,15.0,Kỹ thuật xây dựng công trình giao thông
114836,MTU,ky-thuat-xay-dung-cong-trinh-giao-thong,A01,Điểm thi THPT,2024,15.0,Kỹ thuật xây dựng công trình giao thông
114837,MTU,ky-thuat-xay-dung-cong-trinh-giao-thong,B00,Điểm thi THPT,2024,15.0,Kỹ thuật xây dựng công trình giao thông
114838,MTU,ky-thuat-xay-dung-cong-trinh-giao-thong,D01,Điểm thi THPT,2024,15.0,Kỹ thuật xây dựng công trình giao thông
114839,MTU,ky-thuat-xay-dung-cong-trinh-giao-thong,A00,Điểm học bạ,2025,18.0,Kỹ thuật xây dựng công trình Giao thông
114840,MTU,ky-thuat-xay-dung-cong-trinh-giao-thong,A01,Điểm học bạ,2025,18.0,Kỹ thuật xây dựng công trình Giao thông
114841,MTU,ky-thuat-xay-dung-cong-trinh-giao-thong,A04,Điểm học bạ,2025,18.0,Kỹ thuật xây dựng công trình Giao thông
114842,MTU,ky-thuat-xay-dung-cong-trinh-giao-thong,A06,Điểm học bạ,2025,18.0,Kỹ thuật xây dựng công trình Giao thông
114843,MTU,ky-thuat-xay-dung-cong-trinh-giao-thong,A10,Điểm học bạ,2025,18.0,Kỹ thuật xây dựng công trình Giao thông
114844,MTU,ky-thuat-xay-dung-cong-trinh-giao-thong,A11,Điểm học bạ,2025,18.0,Kỹ thuật xây dựng công trình Giao thông
114845,MTU,ky-thuat-xay-dung-cong-trinh-giao-thong,C01,Điểm học bạ,2025,18.0,Kỹ thuật xây dựng công trình Giao thông
114846,MTU,ky-thuat-xay-dung-cong-trinh-giao-thong,D01,Điểm học bạ,2025,18.0,Kỹ thuật xây dựng công trình Giao thông
114847,MTU,ky-thuat-xay-dung-cong-trinh-giao-thong,D07,Điểm học bạ,2025,18.0,Kỹ thuật xây dựng công trình Giao thông
114848,MTU,ky-thuat-xay-dung-cong-trinh-giao-thong,X06,Điểm học bạ,2025,18.0,Kỹ thuật xây dựng công trình Giao thông
114849,MTU,ky-thuat-xay-dung-cong-trinh-giao-thong,A00,Điểm thi THPT,2025,15.0,Kỹ thuật xây dựng công trình Giao thông
114850,MTU,ky-thuat-xay-dung-cong-trinh-giao-thong,A01,Điểm thi THPT,2025,15.0,Kỹ thuật xây dựng công trình Giao thông
114851,MTU,ky-thuat-xay-dung-cong-trinh-giao-thong,A04,Điểm thi THPT,2025,15.0,Kỹ thuật xây dựng công trình Giao thông
114852,MTU,ky-thuat-xay-dung-cong-trinh-giao-thong,A06,Điểm thi THPT,2025,15.0,Kỹ thuật xây dựng công trình Giao thông
114853,MTU,ky-thuat-xay-dung-cong-trinh-giao-thong,A10,Điểm thi THPT,2025,15.0,Kỹ thuật xây dựng công trình Giao thông
114854,MTU,ky-thuat-xay-dung-cong-trinh-giao-thong,A11,Điểm thi THPT,2025,15.0,Kỹ thuật xây dựng công trình Giao thông
114855,MTU,ky-thuat-xay-dung-cong-trinh-giao-thong,C01,Điểm thi THPT,2025,15.0,Kỹ thuật xây dựng công trình Giao thông
114856,MTU,ky-thuat-xay-dung-cong-trinh-giao-thong,D01,Điểm thi THPT,2025,15.0,Kỹ thuật xây dựng công trình Giao thông
114857,MTU,ky-thuat-xay-dung-cong-trinh-giao-thong,D07,Điểm thi THPT,2025,15.0,Kỹ thuật xây dựng công trình Giao thông
114858,MTU,ky-thuat-xay-dung-cong-trinh-giao-thong,X06,Điểm thi THPT,2025,15.0,Kỹ thuật xây dựng công trình Giao thông
114859,MTU,ky-thuat-xay-dung-cong-trinh-thuy,A00,Điểm học bạ,2025,18.0,Kỹ thuật Xây dựng Công trình thủy (Kỹ sư)
114860,MTU,ky-thuat-xay-dung-cong-trinh-thuy,A01,Điểm học bạ,2025,18.0,Kỹ thuật Xây dựng Công trình thủy (Kỹ sư)
114861,MTU,ky-thuat-xay-dung-cong-trinh-thuy,A04,Điểm học bạ,2025,18.0,Kỹ thuật Xây dựng Công trình thủy (Kỹ sư)
114862,MTU,ky-thuat-xay-dung-cong-trinh-thuy,A06,Điểm học bạ,2025,18.0,Kỹ thuật Xây dựng Công trình thủy (Kỹ sư)
114863,MTU,ky-thuat-xay-dung-cong-trinh-thuy,A10,Điểm học bạ,2025,18.0,Kỹ thuật Xây dựng Công trình thủy (Kỹ sư)
114864,MTU,ky-thuat-xay-dung-cong-trinh-thuy,A11,Điểm học bạ,2025,18.0,Kỹ thuật Xây dựng Công trình thủy (Kỹ sư)
114865,MTU,ky-thuat-xay-dung-cong-trinh-thuy,C01,Điểm học bạ,2025,18.0,Kỹ thuật Xây dựng Công trình thủy (Kỹ sư)
114866,MTU,ky-thuat-xay-dung-cong-trinh-thuy,D01,Điểm học bạ,2025,18.0,Kỹ thuật Xây dựng Công trình thủy (Kỹ sư)
114867,MTU,ky-thuat-xay-dung-cong-trinh-thuy,D07,Điểm học bạ,2025,18.0,Kỹ thuật Xây dựng Công trình thủy (Kỹ sư)
114868,MTU,ky-thuat-xay-dung-cong-trinh-thuy,X06,Điểm học bạ,2025,18.0,Kỹ thuật Xây dựng Công trình thủy (Kỹ sư)
114869,MTU,ky-thuat-xay-dung-cong-trinh-thuy,A00,Điểm thi THPT,2025,15.0,Kỹ thuật Xây dựng Công trình thủy (Kỹ sư)
114870,MTU,ky-thuat-xay-dung-cong-trinh-thuy,A01,Điểm thi THPT,2025,15.0,Kỹ thuật Xây dựng Công trình thủy (Kỹ sư)
114871,MTU,ky-thuat-xay-dung-cong-trinh-thuy,A04,Điểm thi THPT,2025,15.0,Kỹ thuật Xây dựng Công trình thủy (Kỹ sư)
114872,MTU,ky-thuat-xay-dung-cong-trinh-thuy,A06,Điểm thi THPT,2025,15.0,Kỹ thuật Xây dựng Công trình thủy (Kỹ sư)
114873,MTU,ky-thuat-xay-dung-cong-trinh-thuy,A10,Điểm thi THPT,2025,15.0,Kỹ thuật Xây dựng Công trình thủy (Kỹ sư)
114874,MTU,ky-thuat-xay-dung-cong-trinh-thuy,A11,Điểm thi THPT,2025,15.0,Kỹ thuật Xây dựng Công trình thủy (Kỹ sư)
114875,MTU,ky-thuat-xay-dung-cong-trinh-thuy,C01,Điểm thi THPT,2025,15.0,Kỹ thuật Xây dựng Công trình thủy (Kỹ sư)
114876,MTU,ky-thuat-xay-dung-cong-trinh-thuy,D01,Điểm thi THPT,2025,15.0,Kỹ thuật Xây dựng Công trình thủy (Kỹ sư)
114877,MTU,ky-thuat-xay-dung-cong-trinh-thuy,D07,Điểm thi THPT,2025,15.0,Kỹ thuật Xây dựng Công trình thủy (Kỹ sư)
114878,MTU,ky-thuat-xay-dung-cong-trinh-thuy,X06,Điểm thi THPT,2025,15.0,Kỹ thuật Xây dựng Công trình thủy (Kỹ sư)
114879,MTU,quan-ly-do-thi-va-cong-trinh,A00,Điểm học bạ,2021,18.0,Quản lý đô thị và công trình
114880,MTU,quan-ly-do-thi-va-cong-trinh,A01,Điểm học bạ,2021,18.0,Quản lý đô thị và công trình
114881,MTU,quan-ly-do-thi-va-cong-trinh,V00,Điểm học bạ,2021,18.0,Quản lý đô thị và công trình
114882,MTU,quan-ly-do-thi-va-cong-trinh,V01,Điểm học bạ,2021,18.0,Quản lý đô thị và công trình
114883,MTU,quan-ly-do-thi-va-cong-trinh,A00,Điểm thi THPT,2021,14.0,Quản lý đô thị và công trình
114884,MTU,quan-ly-do-thi-va-cong-trinh,A01,Điểm thi THPT,2021,14.0,Quản lý đô thị và công trình
114885,MTU,quan-ly-do-thi-va-cong-trinh,V00,Điểm thi THPT,2021,14.0,Quản lý đô thị và công trình
114886,MTU,quan-ly-do-thi-va-cong-trinh,V01,Điểm thi THPT,2021,14.0,Quản lý đô thị và công trình
114887,MTU,quan-ly-do-thi-va-cong-trinh,A00,Điểm học bạ,2022,18.0,Quản lý đô thị và công trình
114888,MTU,quan-ly-do-thi-va-cong-trinh,A01,Điểm học bạ,2022,18.0,Quản lý đô thị và công trình
114889,MTU,quan-ly-do-thi-va-cong-trinh,V00,Điểm học bạ,2022,18.0,Quản lý đô thị và công trình
114890,MTU,quan-ly-do-thi-va-cong-trinh,V01,Điểm học bạ,2022,18.0,Quản lý đô thị và công trình
114891,MTU,quan-ly-do-thi-va-cong-trinh,A00,Điểm thi THPT,2022,14.0,Quản lý đô thị và công trình
114892,MTU,quan-ly-do-thi-va-cong-trinh,A01,Điểm thi THPT,2022,14.0,Quản lý đô thị và công trình
114893,MTU,quan-ly-do-thi-va-cong-trinh,V00,Điểm thi THPT,2022,14.0,Quản lý đô thị và công trình
114894,MTU,quan-ly-do-thi-va-cong-trinh,V01,Điểm thi THPT,2022,14.0,Quản lý đô thị và công trình
114895,MTU,quan-ly-do-thi-va-cong-trinh,A00,Điểm học bạ,2023,18.0,Quản lý đô thị và công trình
114896,MTU,quan-ly-do-thi-va-cong-trinh,A01,Điểm học bạ,2023,18.0,Quản lý đô thị và công trình
114897,MTU,quan-ly-do-thi-va-cong-trinh,B00,Điểm học bạ,2023,18.0,Quản lý đô thị và công trình
114898,MTU,quan-ly-do-thi-va-cong-trinh,D01,Điểm học bạ,2023,18.0,Quản lý đô thị và công trình
114899,MTU,quan-ly-do-thi-va-cong-trinh,A00,Điểm thi THPT,2023,15.0,Quản lý đô thị và công trình
114900,MTU,quan-ly-do-thi-va-cong-trinh,A01,Điểm thi THPT,2023,15.0,Quản lý đô thị và công trình
114901,MTU,quan-ly-do-thi-va-cong-trinh,B00,Điểm thi THPT,2023,15.0,Quản lý đô thị và công trình
114902,MTU,quan-ly-do-thi-va-cong-trinh,D01,Điểm thi THPT,2023,15.0,Quản lý đô thị và công trình
114903,MTU,quan-ly-do-thi-va-cong-trinh,A00,Điểm học bạ,2024,18.0,Quản lý đô thị và công trình
114904,MTU,quan-ly-do-thi-va-cong-trinh,A01,Điểm học bạ,2024,18.0,Quản lý đô thị và công trình
114905,MTU,quan-ly-do-thi-va-cong-trinh,B00,Điểm học bạ,2024,18.0,Quản lý đô thị và công trình
114906,MTU,quan-ly-do-thi-va-cong-trinh,D01,Điểm học bạ,2024,18.0,Quản lý đô thị và công trình
114907,MTU,quan-ly-do-thi-va-cong-trinh,A00,Điểm thi THPT,2024,15.0,Quản lý đô thị và công trình
114908,MTU,quan-ly-do-thi-va-cong-trinh,A01,Điểm thi THPT,2024,15.0,Quản lý đô thị và công trình
114909,MTU,quan-ly-do-thi-va-cong-trinh,B00,Điểm thi THPT,2024,15.0,Quản lý đô thị và công trình
114910,MTU,quan-ly-do-thi-va-cong-trinh,D01,Điểm thi THPT,2024,15.0,Quản lý đô thị và công trình
114911,MTU,quan-ly-do-thi-va-cong-trinh,A00,Điểm học bạ,2025,18.0,Quản lý đô thị và công trình
114912,MTU,quan-ly-do-thi-va-cong-trinh,A01,Điểm học bạ,2025,18.0,Quản lý đô thị và công trình
114913,MTU,quan-ly-do-thi-va-cong-trinh,A03,Điểm học bạ,2025,18.0,Quản lý đô thị và công trình
114914,MTU,quan-ly-do-thi-va-cong-trinh,A04,Điểm học bạ,2025,18.0,Quản lý đô thị và công trình
114915,MTU,quan-ly-do-thi-va-cong-trinh,A10,Điểm học bạ,2025,18.0,Quản lý đô thị và công trình
114916,MTU,quan-ly-do-thi-va-cong-trinh,A11,Điểm học bạ,2025,18.0,Quản lý đô thị và công trình
114917,MTU,quan-ly-do-thi-va-cong-trinh,C01,Điểm học bạ,2025,18.0,Quản lý đô thị và công trình
114918,MTU,quan-ly-do-thi-va-cong-trinh,C03,Điểm học bạ,2025,18.0,Quản lý đô thị và công trình
114919,MTU,quan-ly-do-thi-va-cong-trinh,D01,Điểm học bạ,2025,18.0,Quản lý đô thị và công trình
114920,MTU,quan-ly-do-thi-va-cong-trinh,X06,Điểm học bạ,2025,18.0,Quản lý đô thị và công trình
114921,MTU,quan-ly-do-thi-va-cong-trinh,A00,Điểm thi THPT,2025,15.0,Quản lý đô thị và công trình
114922,MTU,quan-ly-do-thi-va-cong-trinh,A01,Điểm thi THPT,2025,15.0,Quản lý đô thị và công trình
114923,MTU,quan-ly-do-thi-va-cong-trinh,A03,Điểm thi THPT,2025,15.0,Quản lý đô thị và công trình
114924,MTU,quan-ly-do-thi-va-cong-trinh,A04,Điểm thi THPT,2025,15.0,Quản lý đô thị và công trình
114925,MTU,quan-ly-do-thi-va-cong-trinh,A10,Điểm thi THPT,2025,15.0,Quản lý đô thị và công trình
114926,MTU,quan-ly-do-thi-va-cong-trinh,A11,Điểm thi THPT,2025,15.0,Quản lý đô thị và công trình
114927,MTU,quan-ly-do-thi-va-cong-trinh,C01,Điểm thi THPT,2025,15.0,Quản lý đô thị và công trình
114928,MTU,quan-ly-do-thi-va-cong-trinh,C03,Điểm thi THPT,2025,15.0,Quản lý đô thị và công trình
114929,MTU,quan-ly-do-thi-va-cong-trinh,D01,Điểm thi THPT,2025,15.0,Quản lý đô thị và công trình
114930,MTU,quan-ly-do-thi-va-cong-trinh,X06,Điểm thi THPT,2025,15.0,Quản lý đô thị và công trình
114931,NHB,ke-toan,A00,Điểm thi THPT,2022,22.0,Kế toán
114932,NHB,ke-toan,A01,Điểm thi THPT,2022,22.0,Kế toán
114933,NHB,ke-toan,D01,Điểm thi THPT,2022,22.0,Kế toán
114934,NHB,ke-toan,D07,Điểm thi THPT,2022,22.0,Kế toán
114935,NHB,ke-toan,A00,Điểm học bạ,2023,25.0,Kế toán
114936,NHB,ke-toan,A01,Điểm học bạ,2023,25.0,Kế toán
114937,NHB,ke-toan,D01,Điểm học bạ,2023,25.0,Kế toán
114938,NHB,ke-toan,D07,Điểm học bạ,2023,25.0,Kế toán
114939,NHB,ke-toan,A00,Điểm thi THPT,2023,22.2,Kế toán
114940,NHB,ke-toan,A01,Điểm thi THPT,2023,22.2,Kế toán
114941,NHB,ke-toan,D01,Điểm thi THPT,2023,22.2,Kế toán
114942,NHB,ke-toan,D07,Điểm thi THPT,2023,22.2,Kế toán
114943,NHB,ke-toan,A00,Điểm học bạ,2024,25.35,Kế toán
114944,NHB,ke-toan,A01,Điểm học bạ,2024,25.35,Kế toán
114945,NHB,ke-toan,D01,Điểm học bạ,2024,25.35,Kế toán
114946,NHB,ke-toan,D07,Điểm học bạ,2024,25.35,Kế toán
114947,NHB,ke-toan,A00,Điểm thi THPT,2024,23.3,Kế toán
114948,NHB,ke-toan,A01,Điểm thi THPT,2024,23.3,Kế toán
114949,NHB,ke-toan,D01,Điểm thi THPT,2024,23.3,Kế toán
114950,NHB,ke-toan,D07,Điểm thi THPT,2024,23.3,Kế toán
114951,NHB,ke-toan,A00,Điểm học bạ,2025,24.5,Kế toán
114952,NHB,ke-toan,A01,Điểm học bạ,2025,24.5,Kế toán
114953,NHB,ke-toan,D01,Điểm học bạ,2025,24.5,Kế toán
114954,NHB,ke-toan,D07,Điểm học bạ,2025,24.5,Kế toán
114955,NHB,ke-toan,A00,Điểm thi THPT,2025,21.25,Kế toán
114956,NHB,ke-toan,A01,Điểm thi THPT,2025,21.25,Kế toán
114957,NHB,ke-toan,D01,Điểm thi THPT,2025,21.25,Kế toán
114958,NHB,ke-toan,D07,Điểm thi THPT,2025,21.25,Kế toán
114959,NHB,ngan-hang,A00,Điểm thi THPT,2022,21.5,Ngân hàng
114960,NHB,ngan-hang,A01,Điểm thi THPT,2022,21.5,Ngân hàng
114961,NHB,ngan-hang,D01,Điểm thi THPT,2022,21.5,Ngân hàng
114962,NHB,ngan-hang,D07,Điểm thi THPT,2022,21.5,Ngân hàng
114963,NHB,ngan-hang,A00,Điểm học bạ,2023,25.3,Ngân hàng
114964,NHB,ngan-hang,A01,Điểm học bạ,2023,25.3,Ngân hàng
114965,NHB,ngan-hang,D01,Điểm học bạ,2023,25.3,Ngân hàng
114966,NHB,ngan-hang,D07,Điểm học bạ,2023,25.3,Ngân hàng
114967,NHB,ngan-hang,A00,Điểm thi THPT,2023,21.65,Ngân hàng
114968,NHB,ngan-hang,A01,Điểm thi THPT,2023,21.65,Ngân hàng
114969,NHB,ngan-hang,D01,Điểm thi THPT,2023,21.65,Ngân hàng
114970,NHB,ngan-hang,D07,Điểm thi THPT,2023,21.65,Ngân hàng
114971,NHB,ngan-hang,A00,Điểm học bạ,2024,25.35,Ngân hàng
114972,NHB,ngan-hang,A01,Điểm học bạ,2024,25.35,Ngân hàng
114973,NHB,ngan-hang,D01,Điểm học bạ,2024,25.35,Ngân hàng
114974,NHB,ngan-hang,D07,Điểm học bạ,2024,25.35,Ngân hàng
114975,NHB,ngan-hang,A00,Điểm thi THPT,2024,22.85,Ngân hàng
114976,NHB,ngan-hang,A01,Điểm thi THPT,2024,22.85,Ngân hàng
114977,NHB,ngan-hang,D01,Điểm thi THPT,2024,22.85,Ngân hàng
114978,NHB,ngan-hang,D07,Điểm thi THPT,2024,22.85,Ngân hàng
114979,NHB,ngan-hang,A00,Điểm học bạ,2025,24.0,Ngân hàng
114980,NHB,ngan-hang,A01,Điểm học bạ,2025,24.0,Ngân hàng
114981,NHB,ngan-hang,D01,Điểm học bạ,2025,24.0,Ngân hàng
114982,NHB,ngan-hang,D07,Điểm học bạ,2025,24.0,Ngân hàng
114983,NHB,ngan-hang,A00,Điểm thi THPT,2025,21.0,Ngân hàng
114984,NHB,ngan-hang,A01,Điểm thi THPT,2025,21.0,Ngân hàng
114985,NHB,ngan-hang,D01,Điểm thi THPT,2025,21.0,Ngân hàng
114986,NHB,ngan-hang,D07,Điểm thi THPT,2025,21.0,Ngân hàng
114987,NHB,quan-tri-kinh-doanh,A00,Điểm học bạ,2025,23.35,Quản trị kinh doanh
114988,NHB,quan-tri-kinh-doanh,A01,Điểm học bạ,2025,23.35,Quản trị kinh doanh
114989,NHB,quan-tri-kinh-doanh,D01,Điểm học bạ,2025,23.35,Quản trị kinh doanh
114990,NHB,quan-tri-kinh-doanh,D07,Điểm học bạ,2025,23.35,Quản trị kinh doanh
114991,NHB,quan-tri-kinh-doanh,A00,Điểm thi THPT,2025,20.35,Quản trị kinh doanh
114992,NHB,quan-tri-kinh-doanh,A01,Điểm thi THPT,2025,20.35,Quản trị kinh doanh
114993,NHB,quan-tri-kinh-doanh,D01,Điểm thi THPT,2025,20.35,Quản trị kinh doanh
114994,NHB,quan-tri-kinh-doanh,D07,Điểm thi THPT,2025,20.35,Quản trị kinh doanh
114995,NHB,tai-chinh,A00,Điểm thi THPT,2022,22.0,Tài chính
114996,NHB,tai-chinh,A01,Điểm thi THPT,2022,22.0,Tài chính
114997,NHB,tai-chinh,D01,Điểm thi THPT,2022,22.0,Tài chính
114998,NHB,tai-chinh,D07,Điểm thi THPT,2022,22.0,Tài chính
114999,NHB,tai-chinh,A00,Điểm học bạ,2023,25.3,Tài chính
115000,NHB,tai-chinh,A01,Điểm học bạ,2023,25.3,Tài chính
115001,NHB,tai-chinh,D01,Điểm học bạ,2023,25.3,Tài chính
115002,NHB,tai-chinh,D07,Điểm học bạ,2023,25.3,Tài chính
115003,NHB,tai-chinh,A00,Điểm thi THPT,2023,22.05,Tài chính
115004,NHB,tai-chinh,A01,Điểm thi THPT,2023,22.05,Tài chính
115005,NHB,tai-chinh,D01,Điểm thi THPT,2023,22.05,Tài chính
115006,NHB,tai-chinh,D07,Điểm thi THPT,2023,22.05,Tài chính
115007,NHB,tai-chinh,A00,Điểm học bạ,2024,25.35,Tài chính
115008,NHB,tai-chinh,A01,Điểm học bạ,2024,25.35,Tài chính
115009,NHB,tai-chinh,D01,Điểm học bạ,2024,25.35,Tài chính
115010,NHB,tai-chinh,D07,Điểm học bạ,2024,25.35,Tài chính
115011,NHB,tai-chinh,A00,Điểm thi THPT,2024,23.2,Tài chính
115012,NHB,tai-chinh,A01,Điểm thi THPT,2024,23.2,Tài chính
115013,NHB,tai-chinh,D01,Điểm thi THPT,2024,23.2,Tài chính
115014,NHB,tai-chinh,D07,Điểm thi THPT,2024,23.2,Tài chính
115015,NHB,tai-chinh,A00,Điểm học bạ,2025,23.45,Tài chính
115016,NHB,tai-chinh,A01,Điểm học bạ,2025,23.45,Tài chính
115017,NHB,tai-chinh,D01,Điểm học bạ,2025,23.45,Tài chính
115018,NHB,tai-chinh,D07,Điểm học bạ,2025,23.45,Tài chính
115019,NHB,tai-chinh,A00,Điểm thi THPT,2025,20.45,Tài chính
115020,NHB,tai-chinh,A01,Điểm thi THPT,2025,20.45,Tài chính
115021,NHB,tai-chinh,D01,Điểm thi THPT,2025,20.45,Tài chính
115022,NHB,tai-chinh,D07,Điểm thi THPT,2025,20.45,Tài chính
115023,NHF,cong-nghe-tai-chinh,A01,Điểm học bạ,2024,16.31,Công nghệ tài chính
115024,NHF,cong-nghe-tai-chinh,D01,Điểm học bạ,2024,16.31,Công nghệ tài chính
115025,NHF,cong-nghe-tai-chinh,A01,Điểm thi THPT,2024,18.85,Công nghệ tài chính (dạy bằng tiếng Anh)
115026,NHF,cong-nghe-tai-chinh,D01,Điểm thi THPT,2024,18.85,Công nghệ tài chính (dạy bằng tiếng Anh)
115027,NHF,cong-nghe-tai-chinh,A01,Điểm thi THPT,2025,27.25,Công nghệ tài chính (dạy bằng tiếng Anh)
115028,NHF,cong-nghe-tai-chinh,D01,Điểm thi THPT,2025,27.25,Công nghệ tài chính (dạy bằng tiếng Anh)
115029,NHF,cong-nghe-thong-tin,A01,Điểm thi THPT,2021,26.05,Công nghệ thông tin (dạy bằng tiếng Anh)
115030,NHF,cong-nghe-thong-tin,D01,Điểm thi THPT,2021,26.05,Công nghệ thông tin (dạy bằng tiếng Anh)
115031,NHF,cong-nghe-thong-tin,A01,Điểm thi THPT,2022,25.45,Công nghệ thông tin (dạy bằng tiếng Anh)
115032,NHF,cong-nghe-thong-tin,D01,Điểm thi THPT,2022,25.45,Công nghệ thông tin (dạy bằng tiếng Anh)
115033,NHF,cong-nghe-thong-tin,A01,Điểm thi THPT,2023,24.7,Công nghệ thông tin (dạy bằng tiếng Anh)
115034,NHF,cong-nghe-thong-tin,D01,Điểm thi THPT,2023,24.7,Công nghệ thông tin (dạy bằng tiếng Anh)
115035,NHF,cong-nghe-thong-tin,A01,Điểm học bạ,2024,31.86,Công nghệ thông tin
115036,NHF,cong-nghe-thong-tin,D01,Điểm học bạ,2024,31.86,Công nghệ thông tin
115037,NHF,cong-nghe-thong-tin,A01,Điểm thi THPT,2024,24.17,Công nghệ thông tin (dạy bằng tiếng Anh)
115038,NHF,cong-nghe-thong-tin,D01,Điểm thi THPT,2024,24.17,Công nghệ thông tin (dạy bằng tiếng Anh)
115039,NHF,cong-nghe-thong-tin,A01,Điểm thi THPT,2025,26.02,Công nghệ Thông tin (dạy bằng tiếng Anh)
115040,NHF,cong-nghe-thong-tin,D01,Điểm thi THPT,2025,26.02,Công nghệ Thông tin (dạy bằng tiếng Anh)
115041,NHF,cong-nghe-thong-tin,X26,Điểm thi THPT,2025,26.02,Công nghệ Thông tin (dạy bằng tiếng Anh)
115042,NHF,cong-nghe-thong-tin-clc,A01,Điểm thi THPT,2021,25.7,Công nghệ thông tin (dạy bằng tiếng Anh) - CLC
115043,NHF,cong-nghe-thong-tin-clc,D01,Điểm thi THPT,2021,25.7,Công nghệ thông tin (dạy bằng tiếng Anh) - CLC
115044,NHF,cong-nghe-thong-tin-clc,A01,Điểm thi THPT,2022,24.5,Công nghệ thông tin (dạy bằng tiếng Anh) - CLC
115045,NHF,cong-nghe-thong-tin-clc,D01,Điểm thi THPT,2022,24.5,Công nghệ thông tin (dạy bằng tiếng Anh) - CLC
115046,NHF,cong-nghe-thong-tin-clc,A01,Điểm thi THPT,2023,24.2,Công nghệ thông tin (dạy bằng tiếng Anh) - CLC
115047,NHF,cong-nghe-thong-tin-clc,D01,Điểm thi THPT,2023,24.2,Công nghệ thông tin (dạy bằng tiếng Anh) - CLC
115048,NHF,cong-nghe-thong-tin-cttt,A01,Điểm thi THPT,2025,24.8,Công nghệ thông tin (dạy bằng tiếng Anh) - CTTT
115049,NHF,cong-nghe-thong-tin-cttt,D01,Điểm thi THPT,2025,24.8,Công nghệ thông tin (dạy bằng tiếng Anh) - CTTT
115050,NHF,cong-nghe-thong-tin-cttt,X26,Điểm thi THPT,2025,24.8,Công nghệ thông tin (dạy bằng tiếng Anh) - CTTT
115051,NHF,cong-nghe-thong-tin-tt,A01,Điểm học bạ,2024,17.27,Công nghệ thông tin TT
115052,NHF,cong-nghe-thong-tin-tt,D01,Điểm học bạ,2024,17.27,Công nghệ thông tin TT
115053,NHF,cong-nghe-thong-tin-tt,A01,Điểm thi THPT,2024,16.7,Công nghệ thông tin (dạy bằng tiếng Anh) - TT
115054,NHF,cong-nghe-thong-tin-tt,D01,Điểm thi THPT,2024,16.7,Công nghệ thông tin (dạy bằng tiếng Anh) - TT
115055,NHF,ke-toan,D01,Điểm thi THPT,2021,35.12,Kế toán (dạy bằng tiếng Anh)
115056,NHF,ke-toan,D01,Điểm thi THPT,2022,32.27,Kế toán (dạy bằng tiếng Anh)
115057,NHF,ke-toan,D01,Điểm thi THPT,2023,33.52,Kế toán (dạy bằng tiếng Anh)
115058,NHF,ke-toan,D01,Điểm học bạ,2024,30.53,Kế toán
115059,NHF,ke-toan,D01,Điểm thi THPT,2024,25.08,Kế toán (dạy bằng tiếng Anh)
115060,NHF,ke-toan,D01,Điểm thi THPT,2025,26.67,Kế toán (dạy bằng tiếng Anh)
115061,NHF,marketing,D01,Điểm thi THPT,2021,36.63,Marketing (dạy bằng tiếng Anh)
115062,NHF,marketing,D01,Điểm thi THPT,2022,34.63,Marketing (dạy bằng tiếng Anh)
115063,NHF,marketing,D01,Điểm thi THPT,2023,35.05,Marketing (dạy bằng tiếng Anh)
115064,NHF,marketing,D01,Điểm học bạ,2024,29.16,Marketing
115065,NHF,marketing,D01,Điểm thi THPT,2024,33.93,Marketing (dạy bằng tiếng Anh)
115066,NHF,marketing,D01,Điểm thi THPT,2025,30.17,Marketing (dạy bằng tiếng Anh)
115067,NHF,nghien-cuu-phat-trien,D01,Điểm thi THPT,2021,33.85,Nghiên cứu phát triển
115068,NHF,nghien-cuu-phat-trien,D01,Điểm thi THPT,2022,32.22,Nghiên cứu phát triển (dạy bằng tiếng Anh)
115069,NHF,nghien-cuu-phat-trien,D01,Điểm thi THPT,2023,32.55,Nghiên cứu phát triển (dạy bằng tiếng Anh)
115070,NHF,nghien-cuu-phat-trien,D01,Điểm thi THPT,2024,25.78,Nghiên cứu phát triển (dạy bằng tiếng Anh)
115071,NHF,nghien-cuu-phat-trien,D01,Điểm thi THPT,2025,25.75,Nghiên cứu phát triển (dạy bằng tiếng Anh)
115072,NHF,ngon-ngu-anh,D01,Điểm thi THPT,2021,36.75,Ngôn ngữ Anh
115073,NHF,ngon-ngu-anh,D01,Điểm thi THPT,2022,35.55,Ngôn ngữ Anh
115074,NHF,ngon-ngu-anh,D01,Điểm thi THPT,2023,35.38,Ngôn ngữ Anh
115075,NHF,ngon-ngu-anh,D01,Điểm học bạ,2024,31.3,Ngôn ngữ Anh
115076,NHF,ngon-ngu-anh,D01,Điểm thi THPT,2024,35.43,Ngôn ngữ Anh
115077,NHF,ngon-ngu-anh,D01,Điểm thi THPT,2025,33.89,Ngôn ngữ Anh
115078,NHF,ngon-ngu-anh-cttt,D01,Điểm thi THPT,2025,32.48,Ngôn ngữ Anh - CTTT
115079,NHF,ngon-ngu-anh-tt,D01,Điểm học bạ,2024,30.88,Ngôn ngữ Anh TT
115080,NHF,ngon-ngu-bo-dao-nha,D01,Điểm thi THPT,2021,33.4,Ngôn ngữ Bồ Đào Nha
115081,NHF,ngon-ngu-bo-dao-nha,D01,Điểm thi THPT,2022,30.32,Ngôn ngữ Bồ Đào Nha
115082,NHF,ngon-ngu-bo-dao-nha,D01,Điểm thi THPT,2023,31.35,Ngôn ngữ Bồ Đào Nha
115083,NHF,ngon-ngu-bo-dao-nha,D01,Điểm học bạ,2024,16.95,Ngôn ngữ Bồ Đào Nha
115084,NHF,ngon-ngu-bo-dao-nha,D01,Điểm thi THPT,2024,31.4,Ngôn ngữ Bồ Đào Nha
115085,NHF,ngon-ngu-bo-dao-nha,D01,Điểm thi THPT,2025,23.35,Ngôn ngữ Bồ Đào Nha
115086,NHF,ngon-ngu-bo-dao-nha,D04,Điểm thi THPT,2025,23.35,Ngôn ngữ Bồ Đào Nha
115087,NHF,ngon-ngu-duc,D01,Điểm thi THPT,2021,35.53,Ngôn ngữ Đức
115088,NHF,ngon-ngu-duc,D05,Điểm thi THPT,2021,35.53,Ngôn ngữ Đức
115089,NHF,ngon-ngu-duc,D01,Điểm thi THPT,2022,33.48,Ngôn ngữ Đức
115090,NHF,ngon-ngu-duc,D05,Điểm thi THPT,2022,33.48,Ngôn ngữ Đức
115091,NHF,ngon-ngu-duc,D01,Điểm thi THPT,2023,33.96,Ngôn ngữ Đức
115092,NHF,ngon-ngu-duc,D05,Điểm thi THPT,2023,33.96,Ngôn ngữ Đức
115093,NHF,ngon-ngu-duc,D01,Điểm học bạ,2024,16.97,Ngôn ngữ Đức
115094,NHF,ngon-ngu-duc,D05,Điểm học bạ,2024,16.97,Ngôn ngữ Đức
115095,NHF,ngon-ngu-duc,D01,Điểm thi THPT,2024,34.2,Ngôn ngữ Đức
115096,NHF,ngon-ngu-duc,D05,Điểm thi THPT,2024,34.2,Ngôn ngữ Đức
115097,NHF,ngon-ngu-duc,D01,Điểm thi THPT,2025,28.35,Ngôn ngữ Đức
115098,NHF,ngon-ngu-duc,D05,Điểm thi THPT,2025,28.35,Ngôn ngữ Đức
115099,NHF,ngon-ngu-han-quoc,D01,Điểm thi THPT,2021,37.55,Ngôn ngữ Hàn Quốc
115100,NHF,ngon-ngu-han-quoc,D01,Điểm thi THPT,2022,36.42,Ngôn ngữ Hàn Quốc
115101,NHF,ngon-ngu-han-quoc,D01,Điểm thi THPT,2023,36.15,Ngôn ngữ Hàn Quốc
115102,NHF,ngon-ngu-han-quoc,D01,Điểm học bạ,2024,30.03,Ngôn ngữ Hàn Quốc
115103,NHF,ngon-ngu-han-quoc,D01,Điểm thi THPT,2024,34.59,Ngôn ngữ Hàn Quốc
115104,NHF,ngon-ngu-han-quoc,D01,Điểm thi THPT,2025,32.07,Ngôn ngữ Hàn Quốc
115105,NHF,ngon-ngu-han-quoc,D04,Điểm thi THPT,2025,32.07,Ngôn ngữ Hàn Quốc
115106,NHF,ngon-ngu-han-quoc-chat-luong-cao,D01,Điểm thi THPT,2021,36.47,Ngôn ngữ Hàn Quốc - Chất lượng cao
115107,NHF,ngon-ngu-han-quoc-chat-luong-cao,D01,Điểm thi THPT,2022,34.73,Ngôn ngữ Hàn Quốc - Chất lượng cao
115108,NHF,ngon-ngu-han-quoc-cttt,D01,Điểm thi THPT,2025,28.17,Ngôn ngữ Hàn Quốc - CTTT
115109,NHF,ngon-ngu-han-quoc-cttt,D04,Điểm thi THPT,2025,28.17,Ngôn ngữ Hàn Quốc - CTTT
115110,NHF,ngon-ngu-italia,D01,Điểm thi THPT,2021,34.78,Ngôn ngữ Italia
115111,NHF,ngon-ngu-italia,D01,Điểm thi THPT,2022,32.15,Ngôn ngữ Italia
115112,NHF,ngon-ngu-italia,D01,Điểm thi THPT,2023,32.63,Ngôn ngữ Italia
115113,NHF,ngon-ngu-italia,D01,Điểm học bạ,2024,16.46,Ngôn ngữ Italia
115114,NHF,ngon-ngu-italia,D01,Điểm thi THPT,2024,32.41,Ngôn ngữ Italia
115115,NHF,ngon-ngu-italia,D01,Điểm thi THPT,2025,25.08,Ngôn ngữ Italia
115116,NHF,ngon-ngu-italia-chat-luong-cao,D01,Điểm thi THPT,2021,33.05,Ngôn ngữ Italia - Chất lượng cao
115117,NHF,ngon-ngu-italia-chat-luong-cao,D01,Điểm thi THPT,2022,31.17,Ngôn ngữ Italia - Chất lượng cao
115118,NHF,ngon-ngu-italia-clc,D01,Điểm thi THPT,2023,30.95,Ngôn ngữ Italia - CLC
115119,NHF,ngon-ngu-italia-cttt,D01,Điểm thi THPT,2025,22.1,Ngôn ngữ Italia - CTTT
115120,NHF,ngon-ngu-italia-tt,D01,Điểm thi THPT,2024,30.48,Ngôn ngữ Italia - TT
115121,NHF,ngon-ngu-nga,D01,Điểm thi THPT,2021,33.95,Ngôn ngữ Nga
115122,NHF,ngon-ngu-nga,D02,Điểm thi THPT,2021,33.95,Ngôn ngữ Nga
115123,NHF,ngon-ngu-nga,D01,Điểm thi THPT,2022,31.18,Ngôn ngữ Nga
115124,NHF,ngon-ngu-nga,D02,Điểm thi THPT,2022,31.18,Ngôn ngữ Nga
115125,NHF,ngon-ngu-nga,D01,Điểm thi THPT,2023,31.93,Ngôn ngữ Nga
115126,NHF,ngon-ngu-nga,D02,Điểm thi THPT,2023,31.93,Ngôn ngữ Nga
115127,NHF,ngon-ngu-nga,D01,Điểm học bạ,2024,32.62,Ngôn ngữ Nga
115128,NHF,ngon-ngu-nga,D02,Điểm học bạ,2024,32.62,Ngôn ngữ Nga
115129,NHF,ngon-ngu-nga,D01,Điểm thi THPT,2024,32.0,Ngôn ngữ Nga
115130,NHF,ngon-ngu-nga,D02,Điểm thi THPT,2024,32.0,Ngôn ngữ Nga
115131,NHF,ngon-ngu-nga,D01,Điểm thi THPT,2025,23.67,Ngôn ngữ Nga
115132,NHF,ngon-ngu-nga,D02,Điểm thi THPT,2025,23.67,Ngôn ngữ Nga
115133,NHF,ngon-ngu-nga,D03,Điểm thi THPT,2025,23.67,Ngôn ngữ Nga
115134,NHF,ngon-ngu-nhat,D01,Điểm thi THPT,2021,36.43,Ngôn ngữ Nhật
115135,NHF,ngon-ngu-nhat,D06,Điểm thi THPT,2021,36.43,Ngôn ngữ Nhật
115136,NHF,ngon-ngu-nhat,D01,Điểm thi THPT,2022,35.08,Ngôn ngữ Nhật
115137,NHF,ngon-ngu-nhat,D06,Điểm thi THPT,2022,35.08,Ngôn ngữ Nhật
115138,NHF,ngon-ngu-nhat,D01,Điểm thi THPT,2023,34.59,Ngôn ngữ Nhật
115139,NHF,ngon-ngu-nhat,D06,Điểm thi THPT,2023,34.59,Ngôn ngữ Nhật
115140,NHF,ngon-ngu-nhat,D01,Điểm học bạ,2024,16.95,Ngôn ngữ Nhật
115141,NHF,ngon-ngu-nhat,D06,Điểm học bạ,2024,16.95,Ngôn ngữ Nhật
115142,NHF,ngon-ngu-nhat,D01,Điểm thi THPT,2024,34.45,Ngôn ngữ Nhật
115143,NHF,ngon-ngu-nhat,D06,Điểm thi THPT,2024,34.45,Ngôn ngữ Nhật
115144,NHF,ngon-ngu-nhat,D01,Điểm thi THPT,2025,29.0,Ngôn ngữ Nhật
115145,NHF,ngon-ngu-nhat,D06,Điểm thi THPT,2025,29.0,Ngôn ngữ Nhật
115146,NHF,ngon-ngu-phap,D01,Điểm thi THPT,2021,35.6,Ngôn ngữ Pháp
115147,NHF,ngon-ngu-phap,D03,Điểm thi THPT,2021,35.6,Ngôn ngữ Pháp
115148,NHF,ngon-ngu-phap,D01,Điểm thi THPT,2022,33.73,Ngôn ngữ Pháp
115149,NHF,ngon-ngu-phap,D03,Điểm thi THPT,2022,33.73,Ngôn ngữ Pháp
115150,NHF,ngon-ngu-phap,D01,Điểm thi THPT,2023,33.7,Ngôn ngữ Pháp
115151,NHF,ngon-ngu-phap,D03,Điểm thi THPT,2023,33.7,Ngôn ngữ Pháp
115152,NHF,ngon-ngu-phap,D01,Điểm học bạ,2024,33.47,Ngôn ngữ Pháp
115153,NHF,ngon-ngu-phap,D03,Điểm học bạ,2024,33.47,Ngôn ngữ Pháp
115154,NHF,ngon-ngu-phap,D01,Điểm thi THPT,2024,32.99,Ngôn ngữ Pháp
115155,NHF,ngon-ngu-phap,D03,Điểm thi THPT,2024,32.99,Ngôn ngữ Pháp
115156,NHF,ngon-ngu-phap,D01,Điểm thi THPT,2025,27.25,Ngôn ngữ Pháp
115157,NHF,ngon-ngu-phap,D03,Điểm thi THPT,2025,27.25,Ngôn ngữ Pháp
115158,NHF,ngon-ngu-tay-ban-nha,D01,Điểm thi THPT,2021,35.3,Ngôn ngữ Tây Ban Nha
115159,NHF,ngon-ngu-tay-ban-nha,D01,Điểm thi THPT,2022,32.77,Ngôn ngữ Tây Ban Nha
115160,NHF,ngon-ngu-tay-ban-nha,D01,Điểm thi THPT,2023,33.38,Ngôn ngữ Tây Ban Nha
115161,NHF,ngon-ngu-tay-ban-nha,D01,Điểm học bạ,2024,17.31,Ngôn ngữ Tây Ban Nha
115162,NHF,ngon-ngu-tay-ban-nha,D01,Điểm thi THPT,2024,33.14,Ngôn ngữ Tây Ban Nha
115163,NHF,ngon-ngu-tay-ban-nha,D01,Điểm thi THPT,2025,27.08,Ngôn ngữ Tây Ban Nha
115164,NHF,ngon-ngu-trung-quoc,D01,Điểm thi THPT,2021,37.07,Ngôn ngữ Trung Quốc
115165,NHF,ngon-ngu-trung-quoc,D04,Điểm thi THPT,2021,37.07,Ngôn ngữ Trung Quốc
115166,NHF,ngon-ngu-trung-quoc,D01,Điểm thi THPT,2022,35.92,Ngôn ngữ Trung Quốc
115167,NHF,ngon-ngu-trung-quoc,D04,Điểm thi THPT,2022,35.92,Ngôn ngữ Trung Quốc
115168,NHF,ngon-ngu-trung-quoc,D01,Điểm thi THPT,2023,35.75,Ngôn ngữ Trung Quốc
115169,NHF,ngon-ngu-trung-quoc,D04,Điểm thi THPT,2023,35.75,Ngôn ngữ Trung Quốc
115170,NHF,ngon-ngu-trung-quoc,D01,Điểm học bạ,2024,32.22,Ngôn ngữ Trung Quốc
115171,NHF,ngon-ngu-trung-quoc,D04,Điểm học bạ,2024,32.22,Ngôn ngữ Trung Quốc
115172,NHF,ngon-ngu-trung-quoc,D01,Điểm thi THPT,2024,35.8,Ngôn ngữ Trung Quốc
115173,NHF,ngon-ngu-trung-quoc,D04,Điểm thi THPT,2024,35.8,Ngôn ngữ Trung Quốc
115174,NHF,ngon-ngu-trung-quoc,D01,Điểm thi THPT,2025,34.35,Ngôn ngữ Trung Quốc
115175,NHF,ngon-ngu-trung-quoc,D04,Điểm thi THPT,2025,34.35,Ngôn ngữ Trung Quốc
115176,NHF,ngon-ngu-trung-quoc-chat-luong-cao,D01,Điểm thi THPT,2021,36.42,Ngôn ngữ Trung Quốc - Chất lượng cao
115177,NHF,ngon-ngu-trung-quoc-chat-luong-cao,D04,Điểm thi THPT,2021,36.42,Ngôn ngữ Trung Quốc - Chất lượng cao
115178,NHF,ngon-ngu-trung-quoc-chat-luong-cao,D01,Điểm thi THPT,2022,35.1,Ngôn ngữ Trung Quốc - Chất lượng cao
115179,NHF,ngon-ngu-trung-quoc-chat-luong-cao,D04,Điểm thi THPT,2022,35.1,Ngôn ngữ Trung Quốc - Chất lượng cao
115180,NHF,ngon-ngu-trung-quoc-chat-luong-cao,D01,Điểm thi THPT,2023,34.82,Ngôn ngữ Trung Quốc - Chất lượng cao (CLC)
115181,NHF,ngon-ngu-trung-quoc-chat-luong-cao,D04,Điểm thi THPT,2023,34.82,Ngôn ngữ Trung Quốc - Chất lượng cao (CLC)
115182,NHF,ngon-ngu-trung-quoc-cttt,D01,Điểm thi THPT,2025,33.0,Ngôn ngữ Trung Quốc - CTTT
115183,NHF,ngon-ngu-trung-quoc-cttt,D04,Điểm thi THPT,2025,33.0,Ngôn ngữ Trung Quốc - CTTT
115184,NHF,ngon-ngu-trung-quoc-tt,D01,Điểm học bạ,2024,32.87,Ngôn ngữ Trung Quốc TT
115185,NHF,ngon-ngu-trung-quoc-tt,D04,Điểm học bạ,2024,32.87,Ngôn ngữ Trung Quốc TT
115186,NHF,ngon-ngu-trung-quoc-tt,D01,Điểm thi THPT,2024,34.95,Ngôn ngữ Trung Quốc - TT
115187,NHF,ngon-ngu-trung-quoc-tt,D04,Điểm thi THPT,2024,34.95,Ngôn ngữ Trung Quốc - TT
115188,NHF,quan-tri-dich-vu-du-lich-va-lu-hanh,D01,Điểm thi THPT,2021,35.6,Quản trị dịch vụ du lịch và lữ hành (dạy bằng tiếng Anh)
115189,NHF,quan-tri-dich-vu-du-lich-va-lu-hanh,D01,Điểm thi THPT,2022,32.7,Quản trị dịch vụ du lịch và lữ hành (dạy bằng tiếng Anh)
115190,NHF,quan-tri-dich-vu-du-lich-va-lu-hanh,D01,Điểm thi THPT,2023,33.9,Quản trị dịch vụ du lịch và lữ hành (dạy bằng tiếng Anh)
115191,NHF,quan-tri-dich-vu-du-lich-va-lu-hanh,D01,Điểm học bạ,2024,30.86,Quản trị dịch vụ du lịch và lữ hành
115192,NHF,quan-tri-dich-vu-du-lich-va-lu-hanh,D01,Điểm thi THPT,2024,33.04,Quản trị dịch vụ du lịch và lữ hành (dạy bằng tiếng Anh)
115193,NHF,quan-tri-dich-vu-du-lich-va-lu-hanh,D01,Điểm thi THPT,2025,27.58,Quản trị Dịch vụ Du lịch và Lữ hành (dạy bằng tiếng Anh)
115194,NHF,quan-tri-dich-vu-du-lich-va-lu-hanh-clc,D01,Điểm thi THPT,2021,34.55,Quản trị dịch vụ du lịch và lữ hành (dạy bằng tiếng Anh) - CLC
115195,NHF,quan-tri-dich-vu-du-lich-va-lu-hanh-clc,D01,Điểm thi THPT,2022,32.1,Quản trị dịch vụ du lịch và lữ hành (dạy bằng tiếng Anh) - CLC
115196,NHF,quan-tri-dich-vu-du-lich-va-lu-hanh-clc,D01,Điểm thi THPT,2023,32.25,Quản trị dịch vụ du lịch và lữ hành (dạy bằng tiếng Anh)-CLC
115197,NHF,quan-tri-dich-vu-du-lich-va-lu-hanh-cttt,D01,Điểm thi THPT,2025,23.08,Quản trị dịch vụ du lịch và lữ hành (dạy bằng tiếng Anh) - CTTT
115198,NHF,quan-tri-dich-vu-du-lich-va-lu-hanh-tt,D01,Điểm học bạ,2024,30.65,Quản trị dịch vụ du lịch và lữ hành TT
115199,NHF,quan-tri-dich-vu-du-lich-va-lu-hanh-tt,D01,Điểm thi THPT,2024,32.11,Quản tri dịch vụ du lịch và lữ hành (dạy bằng tiếng Anh) - TT
115200,NHF,quan-tri-kinh-doanh,D01,Điểm thi THPT,2021,35.92,Quản trị kinh doanh (dạy bằng tiếng Anh)
115201,NHF,quan-tri-kinh-doanh,D01,Điểm thi THPT,2022,33.55,Quản trị kinh doanh (dạy bằng tiếng Anh)
115202,NHF,quan-tri-kinh-doanh,D01,Điểm thi THPT,2023,33.93,Quản trị kinh doanh (dạy bằng tiếng Anh)
115203,NHF,quan-tri-kinh-doanh,D01,Điểm học bạ,2024,31.72,Quản trị kinh doanh
115204,NHF,quan-tri-kinh-doanh,D01,Điểm thi THPT,2024,30.72,Quản trị kinh doanh (dạy bằng tiếng Anh)
115205,NHF,quan-tri-kinh-doanh,D01,Điểm thi THPT,2025,28.25,Quản trị Kinh doanh (dạy bằng tiếng Anh)
115206,NHF,quoc-te-hoc,D01,Điểm thi THPT,2021,35.2,Quốc tế học (dạy bằng tiếng Anh)
115207,NHF,quoc-te-hoc,D01,Điểm thi THPT,2022,32.88,Quốc tế học (dạy bằng tiếng Anh)
115208,NHF,quoc-te-hoc,D01,Điểm thi THPT,2023,33.48,Quốc tế học (dạy bằng tiếng Anh)
115209,NHF,quoc-te-hoc,D01,Điểm học bạ,2024,30.38,Quốc tế học
115210,NHF,quoc-te-hoc,D01,Điểm thi THPT,2024,25.27,Quốc tế học (dạy bằng tiếng Anh)
115211,NHF,quoc-te-hoc,D01,Điểm thi THPT,2025,26.83,Quốc tế học (dạy bằng tiếng Anh)
115212,NHF,tai-chinh-ngan-hang,D01,Điểm thi THPT,2021,35.27,Tài chính - Ngân hàng (dạy bằng tiếng Anh)
115213,NHF,tai-chinh-ngan-hang,D01,Điểm thi THPT,2022,32.13,Tài chính - Ngân hàng (dạy bằng tiếng Anh)
115214,NHF,tai-chinh-ngan-hang,D01,Điểm thi THPT,2023,33.7,Tài chính - Ngân hàng (dạy bằng tiếng Anh)
115215,NHF,tai-chinh-ngan-hang,D01,Điểm học bạ,2024,16.56,Tài chính - Ngân hàng
115216,NHF,tai-chinh-ngan-hang,D01,Điểm thi THPT,2024,32.53,Tài chính - Ngân hàng (dạy bằng tiêng Anh)
115217,NHF,tai-chinh-ngan-hang,D01,Điểm thi THPT,2025,26.1,Tài chính - Ngân hàng (dạy bằng tiếng Anh)
115218,NHF,truyen-thong-da-phuong-tien,D01,Điểm thi THPT,2021,26.75,Truyền thông đa phương tiện (dạy bằng tiếng Anh)
115219,NHF,truyen-thong-da-phuong-tien,D01,Điểm thi THPT,2022,26.0,Truyền thông đa phương tiện (dạy bằng tiếng Anh)
115220,NHF,truyen-thong-da-phuong-tien,D01,Điểm thi THPT,2023,25.94,Truyền thông đa phương tiện (dạy bằng tiếng Anh)
115221,NHF,truyen-thong-da-phuong-tien,D01,Điểm học bạ,2024,31.08,Truyền thông đa phương tiện
115222,NHF,truyen-thong-da-phuong-tien,D01,Điểm thi THPT,2024,25.65,Truyền thông đa phương tiện (dạy bằng tiếng Anh)
115223,NHF,truyen-thong-da-phuong-tien,D01,Điểm thi THPT,2025,30.82,Truyền thông đa phương tiện (dạy bằng tiếng Anh)
115224,NHF,truyen-thong-doanh-nghiep,D01,Điểm thi THPT,2021,35.68,Truyền thông doanh nghiệp (dạy bằng tiếng Pháp)
115225,NHF,truyen-thong-doanh-nghiep,D03,Điểm thi THPT,2021,35.68,Truyền thông doanh nghiệp (dạy bằng tiếng Pháp)
115226,NHF,truyen-thong-doanh-nghiep,D01,Điểm thi THPT,2022,32.85,Truyền thông doanh nghiệp (dạy bằng tiếng Pháp)
115227,NHF,truyen-thong-doanh-nghiep,D03,Điểm thi THPT,2022,32.85,Truyền thông doanh nghiệp (dạy bằng tiếng Pháp)
115228,NHF,truyen-thong-doanh-nghiep,D01,Điểm thi THPT,2023,34.1,Truyền thông doanh nghiệp (dạy bằng tiếng Pháp)
115229,NHF,truyen-thong-doanh-nghiep,D03,Điểm thi THPT,2023,34.1,Truyền thông doanh nghiệp (dạy bằng tiếng Pháp)
115230,NHF,truyen-thong-doanh-nghiep,D01,Điểm học bạ,2024,31.17,Truyền thông doanh nghiệp
115231,NHF,truyen-thong-doanh-nghiep,D03,Điểm học bạ,2024,31.17,Truyền thông doanh nghiệp
115232,NHF,truyen-thong-doanh-nghiep,D01,Điểm thi THPT,2024,31.05,Truyền thông doanh nghiệp (dạy bằng Tiếng Pháp)
115233,NHF,truyen-thong-doanh-nghiep,D03,Điểm thi THPT,2024,31.05,Truyền thông doanh nghiệp (dạy bằng Tiếng Pháp)
115234,NHF,truyen-thong-doanh-nghiep,D01,Điểm thi THPT,2025,26.35,Truyền thông doanh nghiệp (dạy bằng tiếng Pháp)
115235,NHF,truyen-thong-doanh-nghiep,D03,Điểm thi THPT,2025,26.35,Truyền thông doanh nghiệp (dạy bằng tiếng Pháp)
115236,NHH,chat-luong-cao-he-thong-thong-tin-quan-ly,A01,Điểm học bạ,2025,25.9,Chất lượng cao Hệ thống thông tin quản lý
115237,NHH,chat-luong-cao-he-thong-thong-tin-quan-ly,D01,Điểm học bạ,2025,25.9,Chất lượng cao Hệ thống thông tin quản lý
115238,NHH,chat-luong-cao-he-thong-thong-tin-quan-ly,D07,Điểm học bạ,2025,25.9,Chất lượng cao Hệ thống thông tin quản lý
115239,NHH,chat-luong-cao-he-thong-thong-tin-quan-ly,D09,Điểm học bạ,2025,25.9,Chất lượng cao Hệ thống thông tin quản lý
115240,NHH,chat-luong-cao-he-thong-thong-tin-quan-ly,A01,Điểm thi THPT,2025,21.95,Chất lượng cao Hệ thống thông tin quản lý
115241,NHH,chat-luong-cao-he-thong-thong-tin-quan-ly,D01,Điểm thi THPT,2025,21.95,Chất lượng cao Hệ thống thông tin quản lý
115242,NHH,chat-luong-cao-he-thong-thong-tin-quan-ly,D07,Điểm thi THPT,2025,21.95,Chất lượng cao Hệ thống thông tin quản lý
115243,NHH,chat-luong-cao-he-thong-thong-tin-quan-ly,D09,Điểm thi THPT,2025,21.95,Chất lượng cao Hệ thống thông tin quản lý
115244,NHH,chat-luong-cao-hoach-dinh-va-tu-van-tai-chinh,A01,Điểm học bạ,2025,24.1,Chất lượng cao Hoạch định và tư vấn tài chính
115245,NHH,chat-luong-cao-hoach-dinh-va-tu-van-tai-chinh,D01,Điểm học bạ,2025,24.1,Chất lượng cao Hoạch định và tư vấn tài chính
115246,NHH,chat-luong-cao-hoach-dinh-va-tu-van-tai-chinh,D07,Điểm học bạ,2025,24.1,Chất lượng cao Hoạch định và tư vấn tài chính
115247,NHH,chat-luong-cao-hoach-dinh-va-tu-van-tai-chinh,D09,Điểm học bạ,2025,24.1,Chất lượng cao Hoạch định và tư vấn tài chính
115248,NHH,chat-luong-cao-hoach-dinh-va-tu-van-tai-chinh,A01,Điểm thi THPT,2025,21.05,Chất lượng cao Hoạch định và tư vấn tài chính
115249,NHH,chat-luong-cao-hoach-dinh-va-tu-van-tai-chinh,D01,Điểm thi THPT,2025,21.05,Chất lượng cao Hoạch định và tư vấn tài chính
115250,NHH,chat-luong-cao-hoach-dinh-va-tu-van-tai-chinh,D07,Điểm thi THPT,2025,21.05,Chất lượng cao Hoạch định và tư vấn tài chính
115251,NHH,chat-luong-cao-hoach-dinh-va-tu-van-tai-chinh,D09,Điểm thi THPT,2025,21.05,Chất lượng cao Hoạch định và tư vấn tài chính
115252,NHH,chat-luong-cao-ke-toan,A01,Điểm học bạ,2025,25.14,Chất lượng cao Kế toán
115253,NHH,chat-luong-cao-ke-toan,D01,Điểm học bạ,2025,25.14,Chất lượng cao Kế toán
115254,NHH,chat-luong-cao-ke-toan,D07,Điểm học bạ,2025,25.14,Chất lượng cao Kế toán
115255,NHH,chat-luong-cao-ke-toan,D09,Điểm học bạ,2025,25.14,Chất lượng cao Kế toán
115256,NHH,chat-luong-cao-ke-toan,A01,Điểm thi THPT,2025,21.57,Chất lượng cao Kế toán
115257,NHH,chat-luong-cao-ke-toan,D01,Điểm thi THPT,2025,21.57,Chất lượng cao Kế toán
115258,NHH,chat-luong-cao-ke-toan,D07,Điểm thi THPT,2025,21.57,Chất lượng cao Kế toán
115259,NHH,chat-luong-cao-ke-toan,D09,Điểm thi THPT,2025,21.57,Chất lượng cao Kế toán
115260,NHH,chat-luong-cao-kinh-doanh-quoc-te,A01,Điểm học bạ,2025,27.4,Chất lượng cao Kinh doanh quốc tế
115261,NHH,chat-luong-cao-kinh-doanh-quoc-te,D01,Điểm học bạ,2025,27.4,Chất lượng cao Kinh doanh quốc tế
115262,NHH,chat-luong-cao-kinh-doanh-quoc-te,D07,Điểm học bạ,2025,27.4,Chất lượng cao Kinh doanh quốc tế
115263,NHH,chat-luong-cao-kinh-doanh-quoc-te,D09,Điểm học bạ,2025,27.4,Chất lượng cao Kinh doanh quốc tế
115264,NHH,chat-luong-cao-kinh-doanh-quoc-te,A01,Điểm thi THPT,2025,23.4,Chất lượng cao Kinh doanh quốc tế
115265,NHH,chat-luong-cao-kinh-doanh-quoc-te,D01,Điểm thi THPT,2025,23.4,Chất lượng cao Kinh doanh quốc tế
115266,NHH,chat-luong-cao-kinh-doanh-quoc-te,D07,Điểm thi THPT,2025,23.4,Chất lượng cao Kinh doanh quốc tế
115267,NHH,chat-luong-cao-kinh-doanh-quoc-te,D09,Điểm thi THPT,2025,23.4,Chất lượng cao Kinh doanh quốc tế
115268,NHH,chat-luong-cao-kinh-te-dau-tu,A01,Điểm học bạ,2025,26.13,Chất lượng cao Kinh tế đầu tư
115269,NHH,chat-luong-cao-kinh-te-dau-tu,D01,Điểm học bạ,2025,26.13,Chất lượng cao Kinh tế đầu tư
115270,NHH,chat-luong-cao-kinh-te-dau-tu,D07,Điểm học bạ,2025,26.13,Chất lượng cao Kinh tế đầu tư
115271,NHH,chat-luong-cao-kinh-te-dau-tu,D09,Điểm học bạ,2025,26.13,Chất lượng cao Kinh tế đầu tư
115272,NHH,chat-luong-cao-kinh-te-dau-tu,A01,Điểm thi THPT,2025,22.13,Chất lượng cao Kinh tế đầu tư
115273,NHH,chat-luong-cao-kinh-te-dau-tu,D01,Điểm thi THPT,2025,22.13,Chất lượng cao Kinh tế đầu tư
115274,NHH,chat-luong-cao-kinh-te-dau-tu,D07,Điểm thi THPT,2025,22.13,Chất lượng cao Kinh tế đầu tư
115275,NHH,chat-luong-cao-kinh-te-dau-tu,D09,Điểm thi THPT,2025,22.13,Chất lượng cao Kinh tế đầu tư
115276,NHH,chat-luong-cao-marketing-so,A01,Điểm học bạ,2025,27.1,Chất lượng cao Marketing số
115277,NHH,chat-luong-cao-marketing-so,D01,Điểm học bạ,2025,27.1,Chất lượng cao Marketing số
115278,NHH,chat-luong-cao-marketing-so,D07,Điểm học bạ,2025,27.1,Chất lượng cao Marketing số
115279,NHH,chat-luong-cao-marketing-so,D09,Điểm học bạ,2025,27.1,Chất lượng cao Marketing số
115280,NHH,chat-luong-cao-marketing-so,A01,Điểm thi THPT,2025,23.1,Chất lượng cao Marketing số
115281,NHH,chat-luong-cao-marketing-so,D01,Điểm thi THPT,2025,23.1,Chất lượng cao Marketing số
115282,NHH,chat-luong-cao-marketing-so,D07,Điểm thi THPT,2025,23.1,Chất lượng cao Marketing số
115283,NHH,chat-luong-cao-marketing-so,D09,Điểm thi THPT,2025,23.1,Chất lượng cao Marketing số
115284,NHH,chat-luong-cao-ngan-hang,A01,Điểm học bạ,2025,25.96,Chất lượng cao Ngân hàng
115285,NHH,chat-luong-cao-ngan-hang,D01,Điểm học bạ,2025,25.96,Chất lượng cao Ngân hàng
115286,NHH,chat-luong-cao-ngan-hang,D07,Điểm học bạ,2025,25.96,Chất lượng cao Ngân hàng
115287,NHH,chat-luong-cao-ngan-hang,D09,Điểm học bạ,2025,25.96,Chất lượng cao Ngân hàng
115288,NHH,chat-luong-cao-ngan-hang,A01,Điểm thi THPT,2025,21.98,Chất lượng cao Ngân hàng
115289,NHH,chat-luong-cao-ngan-hang,D01,Điểm thi THPT,2025,21.98,Chất lượng cao Ngân hàng
115290,NHH,chat-luong-cao-ngan-hang,D07,Điểm thi THPT,2025,21.98,Chất lượng cao Ngân hàng
115291,NHH,chat-luong-cao-ngan-hang,D09,Điểm thi THPT,2025,21.98,Chất lượng cao Ngân hàng
115292,NHH,chat-luong-cao-ngan-hang-trung-uong-va-chinh-sach-cong,A01,Điểm học bạ,2025,24.4,Chất lượng cao Ngân hàng trung ương và Chính sách công
115293,NHH,chat-luong-cao-ngan-hang-trung-uong-va-chinh-sach-cong,D01,Điểm học bạ,2025,24.4,Chất lượng cao Ngân hàng trung ương và Chính sách công
115294,NHH,chat-luong-cao-ngan-hang-trung-uong-va-chinh-sach-cong,D07,Điểm học bạ,2025,24.4,Chất lượng cao Ngân hàng trung ương và Chính sách công
115295,NHH,chat-luong-cao-ngan-hang-trung-uong-va-chinh-sach-cong,D09,Điểm học bạ,2025,24.4,Chất lượng cao Ngân hàng trung ương và Chính sách công
115296,NHH,chat-luong-cao-ngan-hang-trung-uong-va-chinh-sach-cong,A01,Điểm thi THPT,2025,21.2,Chất lượng cao Ngân hàng trung ương và Chính sách công
115297,NHH,chat-luong-cao-ngan-hang-trung-uong-va-chinh-sach-cong,D01,Điểm thi THPT,2025,21.2,Chất lượng cao Ngân hàng trung ương và Chính sách công
115298,NHH,chat-luong-cao-ngan-hang-trung-uong-va-chinh-sach-cong,D07,Điểm thi THPT,2025,21.2,Chất lượng cao Ngân hàng trung ương và Chính sách công
115299,NHH,chat-luong-cao-ngan-hang-trung-uong-va-chinh-sach-cong,D09,Điểm thi THPT,2025,21.2,Chất lượng cao Ngân hàng trung ương và Chính sách công
115300,NHH,chat-luong-cao-ngan-hang-va-tai-chinh-quoc-te,A01,Điểm học bạ,2025,26.94,Chất lượng cao Ngân hàng và Tài chính quốc tế
115301,NHH,chat-luong-cao-ngan-hang-va-tai-chinh-quoc-te,D01,Điểm học bạ,2025,26.94,Chất lượng cao Ngân hàng và Tài chính quốc tế
115302,NHH,chat-luong-cao-ngan-hang-va-tai-chinh-quoc-te,D07,Điểm học bạ,2025,26.94,Chất lượng cao Ngân hàng và Tài chính quốc tế
115303,NHH,chat-luong-cao-ngan-hang-va-tai-chinh-quoc-te,D09,Điểm học bạ,2025,26.94,Chất lượng cao Ngân hàng và Tài chính quốc tế
115304,NHH,chat-luong-cao-ngan-hang-va-tai-chinh-quoc-te,A01,Điểm thi THPT,2025,22.94,Chất lượng cao Ngân hàng và Tài chính quốc tế
115305,NHH,chat-luong-cao-ngan-hang-va-tai-chinh-quoc-te,D01,Điểm thi THPT,2025,22.94,Chất lượng cao Ngân hàng và Tài chính quốc tế
115306,NHH,chat-luong-cao-ngan-hang-va-tai-chinh-quoc-te,D07,Điểm thi THPT,2025,22.94,Chất lượng cao Ngân hàng và Tài chính quốc tế
115307,NHH,chat-luong-cao-ngan-hang-va-tai-chinh-quoc-te,D09,Điểm thi THPT,2025,22.94,Chất lượng cao Ngân hàng và Tài chính quốc tế
115308,NHH,chat-luong-cao-ngon-ngu-anh-tai-chinh-ngan-hang,A01,Điểm học bạ,2025,25.64,Chất lượng cao Ngôn ngữ Anh Tài chính - Ngân hàng
115309,NHH,chat-luong-cao-ngon-ngu-anh-tai-chinh-ngan-hang,D01,Điểm học bạ,2025,25.64,Chất lượng cao Ngôn ngữ Anh Tài chính - Ngân hàng
115310,NHH,chat-luong-cao-ngon-ngu-anh-tai-chinh-ngan-hang,D07,Điểm học bạ,2025,25.64,Chất lượng cao Ngôn ngữ Anh Tài chính - Ngân hàng
115311,NHH,chat-luong-cao-ngon-ngu-anh-tai-chinh-ngan-hang,D09,Điểm học bạ,2025,25.64,Chất lượng cao Ngôn ngữ Anh Tài chính - Ngân hàng
115312,NHH,chat-luong-cao-ngon-ngu-anh-tai-chinh-ngan-hang,A01,Điểm thi THPT,2025,21.82,Chất lượng cao Ngôn ngữ Anh Tài chính - Ngân hàng
115313,NHH,chat-luong-cao-ngon-ngu-anh-tai-chinh-ngan-hang,D01,Điểm thi THPT,2025,21.82,Chất lượng cao Ngôn ngữ Anh Tài chính - Ngân hàng
115314,NHH,chat-luong-cao-ngon-ngu-anh-tai-chinh-ngan-hang,D07,Điểm thi THPT,2025,21.82,Chất lượng cao Ngôn ngữ Anh Tài chính - Ngân hàng
115315,NHH,chat-luong-cao-ngon-ngu-anh-tai-chinh-ngan-hang,D09,Điểm thi THPT,2025,21.82,Chất lượng cao Ngôn ngữ Anh Tài chính - Ngân hàng
115316,NHH,chat-luong-cao-quan-tri-kinh-doanh,A01,Điểm học bạ,2025,26.1,Chất lượng cao Quản trị kinh doanh
115317,NHH,chat-luong-cao-quan-tri-kinh-doanh,D01,Điểm học bạ,2025,26.1,Chất lượng cao Quản trị kinh doanh
115318,NHH,chat-luong-cao-quan-tri-kinh-doanh,D07,Điểm học bạ,2025,26.1,Chất lượng cao Quản trị kinh doanh
115319,NHH,chat-luong-cao-quan-tri-kinh-doanh,D09,Điểm học bạ,2025,26.1,Chất lượng cao Quản trị kinh doanh
115320,NHH,chat-luong-cao-quan-tri-kinh-doanh,A01,Điểm thi THPT,2025,22.1,Chất lượng cao Quản trị kinh doanh
115321,NHH,chat-luong-cao-quan-tri-kinh-doanh,D01,Điểm thi THPT,2025,22.1,Chất lượng cao Quản trị kinh doanh
115322,NHH,chat-luong-cao-quan-tri-kinh-doanh,D07,Điểm thi THPT,2025,22.1,Chất lượng cao Quản trị kinh doanh
115323,NHH,chat-luong-cao-quan-tri-kinh-doanh,D09,Điểm thi THPT,2025,22.1,Chất lượng cao Quản trị kinh doanh
115324,NHH,chat-luong-cao-tai-chinh,A01,Điểm học bạ,2025,25.2,Chất lượng cao Tài chính
115325,NHH,chat-luong-cao-tai-chinh,D01,Điểm học bạ,2025,25.2,Chất lượng cao Tài chính
115326,NHH,chat-luong-cao-tai-chinh,D07,Điểm học bạ,2025,25.2,Chất lượng cao Tài chính
115327,NHH,chat-luong-cao-tai-chinh,D09,Điểm học bạ,2025,25.2,Chất lượng cao Tài chính
115328,NHH,chat-luong-cao-tai-chinh,A01,Điểm thi THPT,2025,21.6,Chất lượng cao Tài chính
115329,NHH,chat-luong-cao-tai-chinh,D01,Điểm thi THPT,2025,21.6,Chất lượng cao Tài chính
115330,NHH,chat-luong-cao-tai-chinh,D07,Điểm thi THPT,2025,21.6,Chất lượng cao Tài chính
115331,NHH,chat-luong-cao-tai-chinh,D09,Điểm thi THPT,2025,21.6,Chất lượng cao Tài chính
115332,NHH,chat-luong-cao-thuong-mai-dien-tu,A01,Điểm học bạ,2025,27.48,Chất lượng cao Thương mại điện tử
115333,NHH,chat-luong-cao-thuong-mai-dien-tu,D01,Điểm học bạ,2025,27.48,Chất lượng cao Thương mại điện tử
115334,NHH,chat-luong-cao-thuong-mai-dien-tu,D07,Điểm học bạ,2025,27.48,Chất lượng cao Thương mại điện tử
115335,NHH,chat-luong-cao-thuong-mai-dien-tu,D09,Điểm học bạ,2025,27.48,Chất lượng cao Thương mại điện tử
115336,NHH,chat-luong-cao-thuong-mai-dien-tu,A01,Điểm thi THPT,2025,23.48,Chất lượng cao Thương mại điện tử
115337,NHH,chat-luong-cao-thuong-mai-dien-tu,D01,Điểm thi THPT,2025,23.48,Chất lượng cao Thương mại điện tử
115338,NHH,chat-luong-cao-thuong-mai-dien-tu,D07,Điểm thi THPT,2025,23.48,Chất lượng cao Thương mại điện tử
115339,NHH,chat-luong-cao-thuong-mai-dien-tu,D09,Điểm thi THPT,2025,23.48,Chất lượng cao Thương mại điện tử
115340,NHH,cong-nghe-tai-chinh,A00,Điểm học bạ,2023,29.8,Công nghệ tài chính*
115341,NHH,cong-nghe-tai-chinh,A01,Điểm học bạ,2023,29.8,Công nghệ tài chính*
115342,NHH,cong-nghe-tai-chinh,D01,Điểm học bạ,2023,29.8,Công nghệ tài chính*
115343,NHH,cong-nghe-tai-chinh,D07,Điểm học bạ,2023,29.8,Công nghệ tài chính*
115344,NHH,cong-nghe-tai-chinh,A00,Điểm thi THPT,2023,25.5,Công nghệ tài chính
115345,NHH,cong-nghe-tai-chinh,A01,Điểm thi THPT,2023,25.5,Công nghệ tài chính
115346,NHH,cong-nghe-tai-chinh,D01,Điểm thi THPT,2023,25.5,Công nghệ tài chính
115347,NHH,cong-nghe-tai-chinh,D07,Điểm thi THPT,2023,25.5,Công nghệ tài chính
115348,NHH,cong-nghe-tai-chinh,A00,Điểm học bạ,2024,29.9,Công nghệ tài chính
115349,NHH,cong-nghe-tai-chinh,A01,Điểm học bạ,2024,29.9,Công nghệ tài chính
115350,NHH,cong-nghe-tai-chinh,D01,Điểm học bạ,2024,29.9,Công nghệ tài chính
115351,NHH,cong-nghe-tai-chinh,D07,Điểm học bạ,2024,29.9,Công nghệ tài chính
115352,NHH,cong-nghe-tai-chinh,A00,Điểm thi THPT,2024,26.0,Công nghệ tài chính
115353,NHH,cong-nghe-tai-chinh,A01,Điểm thi THPT,2024,26.0,Công nghệ tài chính
115354,NHH,cong-nghe-tai-chinh,D01,Điểm thi THPT,2024,26.0,Công nghệ tài chính
115355,NHH,cong-nghe-tai-chinh,D07,Điểm thi THPT,2024,26.0,Công nghệ tài chính
115356,NHH,cong-nghe-tai-chinh,A00,Điểm học bạ,2025,28.2,Công nghệ tài chính
115357,NHH,cong-nghe-tai-chinh,A01,Điểm học bạ,2025,28.2,Công nghệ tài chính
115358,NHH,cong-nghe-tai-chinh,D01,Điểm học bạ,2025,28.2,Công nghệ tài chính
115359,NHH,cong-nghe-tai-chinh,D07,Điểm học bạ,2025,28.2,Công nghệ tài chính
115360,NHH,cong-nghe-tai-chinh,A00,Điểm thi THPT,2025,24.4,Công nghệ tài chính
115361,NHH,cong-nghe-tai-chinh,A01,Điểm thi THPT,2025,24.4,Công nghệ tài chính
115362,NHH,cong-nghe-tai-chinh,D01,Điểm thi THPT,2025,24.4,Công nghệ tài chính
115363,NHH,cong-nghe-tai-chinh,D07,Điểm thi THPT,2025,24.4,Công nghệ tài chính
115364,NHH,cong-nghe-thong-tin,A00,Điểm thi THPT,2021,26.0,Công nghệ thông tin
115365,NHH,cong-nghe-thong-tin,A01,Điểm thi THPT,2021,26.0,Công nghệ thông tin
115366,NHH,cong-nghe-thong-tin,D01,Điểm thi THPT,2021,26.0,Công nghệ thông tin
115367,NHH,cong-nghe-thong-tin,D07,Điểm thi THPT,2021,26.0,Công nghệ thông tin
115368,NHH,cong-nghe-thong-tin,A00,Điểm học bạ,2022,27.75,Công nghệ thông tin
115369,NHH,cong-nghe-thong-tin,A01,Điểm học bạ,2022,27.75,Công nghệ thông tin
115370,NHH,cong-nghe-thong-tin,D01,Điểm học bạ,2022,27.75,Công nghệ thông tin
115371,NHH,cong-nghe-thong-tin,D07,Điểm học bạ,2022,27.75,Công nghệ thông tin
115372,NHH,cong-nghe-thong-tin,A00,Điểm thi THPT,2022,26.2,Công nghệ thông tin (Định hướng Nhật Bản. HVNH cấp bằng)
115373,NHH,cong-nghe-thong-tin,A01,Điểm thi THPT,2022,26.2,Công nghệ thông tin (Định hướng Nhật Bản. HVNH cấp bằng)
115374,NHH,cong-nghe-thong-tin,D01,Điểm thi THPT,2022,26.2,Công nghệ thông tin (Định hướng Nhật Bản. HVNH cấp bằng)
115375,NHH,cong-nghe-thong-tin,D07,Điểm thi THPT,2022,26.2,Công nghệ thông tin (Định hướng Nhật Bản. HVNH cấp bằng)
115376,NHH,cong-nghe-thong-tin,A00,Điểm học bạ,2023,29.79,Công nghệ thông tin
115377,NHH,cong-nghe-thong-tin,A01,Điểm học bạ,2023,29.79,Công nghệ thông tin
115378,NHH,cong-nghe-thong-tin,D01,Điểm học bạ,2023,29.79,Công nghệ thông tin
115379,NHH,cong-nghe-thong-tin,D07,Điểm học bạ,2023,29.79,Công nghệ thông tin
115380,NHH,cong-nghe-thong-tin,A00,Điểm thi THPT,2023,25.1,Công nghệ thông tin
115381,NHH,cong-nghe-thong-tin,A01,Điểm thi THPT,2023,25.1,Công nghệ thông tin
115382,NHH,cong-nghe-thong-tin,D01,Điểm thi THPT,2023,25.1,Công nghệ thông tin
115383,NHH,cong-nghe-thong-tin,D07,Điểm thi THPT,2023,25.1,Công nghệ thông tin
115384,NHH,cong-nghe-thong-tin,A00,Điểm học bạ,2024,27.0,Công nghệ thông tin
115385,NHH,cong-nghe-thong-tin,A01,Điểm học bạ,2024,27.0,Công nghệ thông tin
115386,NHH,cong-nghe-thong-tin,D01,Điểm học bạ,2024,27.0,Công nghệ thông tin
115387,NHH,cong-nghe-thong-tin,D07,Điểm học bạ,2024,27.0,Công nghệ thông tin
115388,NHH,cong-nghe-thong-tin,A00,Điểm thi THPT,2024,25.8,Công nghệ thông tin
115389,NHH,cong-nghe-thong-tin,A01,Điểm thi THPT,2024,25.8,Công nghệ thông tin
115390,NHH,cong-nghe-thong-tin,D01,Điểm thi THPT,2024,25.8,Công nghệ thông tin
115391,NHH,cong-nghe-thong-tin,D07,Điểm thi THPT,2024,25.8,Công nghệ thông tin
115392,NHH,cong-nghe-thong-tin,A00,Điểm học bạ,2025,27.53,Công nghệ thông tin
115393,NHH,cong-nghe-thong-tin,A01,Điểm học bạ,2025,27.53,Công nghệ thông tin
115394,NHH,cong-nghe-thong-tin,D01,Điểm học bạ,2025,27.53,Công nghệ thông tin
115395,NHH,cong-nghe-thong-tin,D07,Điểm học bạ,2025,27.53,Công nghệ thông tin
115396,NHH,cong-nghe-thong-tin,A00,Điểm thi THPT,2025,23.53,Công nghệ thông tin
115397,NHH,cong-nghe-thong-tin,A01,Điểm thi THPT,2025,23.53,Công nghệ thông tin
115398,NHH,cong-nghe-thong-tin,D01,Điểm thi THPT,2025,23.53,Công nghệ thông tin
115399,NHH,cong-nghe-thong-tin,D07,Điểm thi THPT,2025,23.53,Công nghệ thông tin
115400,NHH,he-thong-thong-tin-quan-ly,A00,Điểm thi THPT,2021,26.3,Hệ thống thông tin quản lý
115401,NHH,he-thong-thong-tin-quan-ly,A01,Điểm thi THPT,2021,26.3,Hệ thống thông tin quản lý
115402,NHH,he-thong-thong-tin-quan-ly,D01,Điểm thi THPT,2021,26.3,Hệ thống thông tin quản lý
115403,NHH,he-thong-thong-tin-quan-ly,D07,Điểm thi THPT,2021,26.3,Hệ thống thông tin quản lý
115404,NHH,he-thong-thong-tin-quan-ly,A00,Điểm học bạ,2022,27.75,Hệ thống thông tin quản lý
115405,NHH,he-thong-thong-tin-quan-ly,A01,Điểm học bạ,2022,27.75,Hệ thống thông tin quản lý
115406,NHH,he-thong-thong-tin-quan-ly,D01,Điểm học bạ,2022,27.75,Hệ thống thông tin quản lý
115407,NHH,he-thong-thong-tin-quan-ly,D07,Điểm học bạ,2022,27.75,Hệ thống thông tin quản lý
115408,NHH,he-thong-thong-tin-quan-ly,A00,Điểm thi THPT,2022,26.35,Hệ thống thông tin quản lý
115409,NHH,he-thong-thong-tin-quan-ly,A01,Điểm thi THPT,2022,26.35,Hệ thống thông tin quản lý
115410,NHH,he-thong-thong-tin-quan-ly,D01,Điểm thi THPT,2022,26.35,Hệ thống thông tin quản lý
115411,NHH,he-thong-thong-tin-quan-ly,D07,Điểm thi THPT,2022,26.35,Hệ thống thông tin quản lý
115412,NHH,he-thong-thong-tin-quan-ly,A00,Điểm học bạ,2023,29.76,Hệ thống thông tin quản lý
115413,NHH,he-thong-thong-tin-quan-ly,A01,Điểm học bạ,2023,29.76,Hệ thống thông tin quản lý
115414,NHH,he-thong-thong-tin-quan-ly,D01,Điểm học bạ,2023,29.76,Hệ thống thông tin quản lý
115415,NHH,he-thong-thong-tin-quan-ly,D07,Điểm học bạ,2023,29.76,Hệ thống thông tin quản lý
115416,NHH,he-thong-thong-tin-quan-ly,A00,Điểm thi THPT,2023,25.55,Hệ thống thông tin quản lý
115417,NHH,he-thong-thong-tin-quan-ly,A01,Điểm thi THPT,2023,25.55,Hệ thống thông tin quản lý
115418,NHH,he-thong-thong-tin-quan-ly,D01,Điểm thi THPT,2023,25.55,Hệ thống thông tin quản lý
115419,NHH,he-thong-thong-tin-quan-ly,D07,Điểm thi THPT,2023,25.55,Hệ thống thông tin quản lý
115420,NHH,he-thong-thong-tin-quan-ly,A00,Điểm học bạ,2024,27.5,Hệ thống thông tin quản lý
115421,NHH,he-thong-thong-tin-quan-ly,A01,Điểm học bạ,2024,27.5,Hệ thống thông tin quản lý
115422,NHH,he-thong-thong-tin-quan-ly,D01,Điểm học bạ,2024,27.5,Hệ thống thông tin quản lý
115423,NHH,he-thong-thong-tin-quan-ly,D07,Điểm học bạ,2024,27.5,Hệ thống thông tin quản lý
115424,NHH,he-thong-thong-tin-quan-ly,A00,Điểm thi THPT,2024,26.0,Hệ thống thông tin quản lý
115425,NHH,he-thong-thong-tin-quan-ly,A01,Điểm thi THPT,2024,26.0,Hệ thống thông tin quản lý
115426,NHH,he-thong-thong-tin-quan-ly,D01,Điểm thi THPT,2024,26.0,Hệ thống thông tin quản lý
115427,NHH,he-thong-thong-tin-quan-ly,D07,Điểm thi THPT,2024,26.0,Hệ thống thông tin quản lý
115428,NHH,he-thong-thong-tin-quan-ly,A00,Điểm học bạ,2025,28.38,Hệ thống thông tin quản lý
115429,NHH,he-thong-thong-tin-quan-ly,A01,Điểm học bạ,2025,28.38,Hệ thống thông tin quản lý
115430,NHH,he-thong-thong-tin-quan-ly,D01,Điểm học bạ,2025,28.38,Hệ thống thông tin quản lý
115431,NHH,he-thong-thong-tin-quan-ly,D07,Điểm học bạ,2025,28.38,Hệ thống thông tin quản lý
115432,NHH,he-thong-thong-tin-quan-ly,A00,Điểm thi THPT,2025,24.75,Hệ thống thông tin quản lý
115433,NHH,he-thong-thong-tin-quan-ly,A01,Điểm thi THPT,2025,24.75,Hệ thống thông tin quản lý
115434,NHH,he-thong-thong-tin-quan-ly,D01,Điểm thi THPT,2025,24.75,Hệ thống thông tin quản lý
115435,NHH,he-thong-thong-tin-quan-ly,D07,Điểm thi THPT,2025,24.75,Hệ thống thông tin quản lý
115436,NHH,ke-toan,A00,Điểm thi THPT,2021,26.4,Kế toán
115437,NHH,ke-toan,A01,Điểm thi THPT,2021,26.4,Kế toán
115438,NHH,ke-toan,D01,Điểm thi THPT,2021,26.4,Kế toán
115439,NHH,ke-toan,D07,Điểm thi THPT,2021,26.4,Kế toán
115440,NHH,ke-toan,A00,Điểm học bạ,2022,28.25,Kế toán
115441,NHH,ke-toan,A01,Điểm học bạ,2022,28.25,Kế toán
115442,NHH,ke-toan,D01,Điểm học bạ,2022,28.25,Kế toán
115443,NHH,ke-toan,D07,Điểm học bạ,2022,28.25,Kế toán
115444,NHH,ke-toan,A00,Điểm thi THPT,2022,25.8,Kế toán
115445,NHH,ke-toan,A01,Điểm thi THPT,2022,25.8,Kế toán
115446,NHH,ke-toan,D01,Điểm thi THPT,2022,25.8,Kế toán
115447,NHH,ke-toan,D07,Điểm thi THPT,2022,25.8,Kế toán
115448,NHH,ke-toan,A00,Điểm học bạ,2023,29.8,Kế toán
115449,NHH,ke-toan,A01,Điểm học bạ,2023,29.8,Kế toán
115450,NHH,ke-toan,D01,Điểm học bạ,2023,29.8,Kế toán
115451,NHH,ke-toan,D07,Điểm học bạ,2023,29.8,Kế toán
115452,NHH,ke-toan,A00,Điểm thi THPT,2023,32.75,Kế toán (Chương trình Chất lượng cao)
115453,NHH,ke-toan,A01,Điểm thi THPT,2023,32.75,Kế toán (Chương trình Chất lượng cao)
115454,NHH,ke-toan,D01,Điểm thi THPT,2023,32.75,Kế toán (Chương trình Chất lượng cao)
115455,NHH,ke-toan,D07,Điểm thi THPT,2023,32.75,Kế toán (Chương trình Chất lượng cao)
115456,NHH,ke-toan,A00,Điểm học bạ,2024,36.5,Kế toán (Chương trình Chất lượng cao)
115457,NHH,ke-toan,A01,Điểm học bạ,2024,36.5,Kế toán (Chương trình Chất lượng cao)
115458,NHH,ke-toan,D01,Điểm học bạ,2024,36.5,Kế toán (Chương trình Chất lượng cao)
115459,NHH,ke-toan,D07,Điểm học bạ,2024,36.5,Kế toán (Chương trình Chất lượng cao)
115460,NHH,ke-toan,A00,Điểm thi THPT,2024,34.0,Kế toán (Chương trình Chất lượng cao)
115461,NHH,ke-toan,A01,Điểm thi THPT,2024,34.0,Kế toán (Chương trình Chất lượng cao)
115462,NHH,ke-toan,D01,Điểm thi THPT,2024,34.0,Kế toán (Chương trình Chất lượng cao)
115463,NHH,ke-toan,D07,Điểm thi THPT,2024,34.0,Kế toán (Chương trình Chất lượng cao)
115464,NHH,ke-toan,A00,Điểm học bạ,2025,28.35,Kế toán
115465,NHH,ke-toan,A01,Điểm học bạ,2025,28.35,Kế toán
115466,NHH,ke-toan,D01,Điểm học bạ,2025,28.35,Kế toán
115467,NHH,ke-toan,D07,Điểm học bạ,2025,28.35,Kế toán
115468,NHH,ke-toan,A00,Điểm thi THPT,2025,24.69,Kế toán
115469,NHH,ke-toan,A01,Điểm thi THPT,2025,24.69,Kế toán
115470,NHH,ke-toan,D01,Điểm thi THPT,2025,24.69,Kế toán
115471,NHH,ke-toan,D07,Điểm thi THPT,2025,24.69,Kế toán
115472,NHH,ke-toan-clc,A00,Điểm học bạ,2023,36.0,Kế toán CLC
115473,NHH,ke-toan-clc,A01,Điểm học bạ,2023,36.0,Kế toán CLC
115474,NHH,ke-toan-clc,D01,Điểm học bạ,2023,36.0,Kế toán CLC
115475,NHH,ke-toan-clc,D07,Điểm học bạ,2023,36.0,Kế toán CLC
115476,NHH,ke-toan-sunderland,A00,Điểm học bạ,2023,26.0,Kế toán Sunderland
115477,NHH,ke-toan-sunderland,A01,Điểm học bạ,2023,26.0,Kế toán Sunderland
115478,NHH,ke-toan-sunderland,D01,Điểm học bạ,2023,26.0,Kế toán Sunderland
115479,NHH,ke-toan-sunderland,D07,Điểm học bạ,2023,26.0,Kế toán Sunderland
115480,NHH,ke-toan-sunderland-anh,A00,Điểm học bạ,2025,24.0,"Kế toán Sunderland, Anh (Cấp song bằng)"
115481,NHH,ke-toan-sunderland-anh,A01,Điểm học bạ,2025,24.0,"Kế toán Sunderland, Anh (Cấp song bằng)"
115482,NHH,ke-toan-sunderland-anh,D01,Điểm học bạ,2025,24.0,"Kế toán Sunderland, Anh (Cấp song bằng)"
115483,NHH,ke-toan-sunderland-anh,D07,Điểm học bạ,2025,24.0,"Kế toán Sunderland, Anh (Cấp song bằng)"
115484,NHH,ke-toan-sunderland-anh,A00,Điểm thi THPT,2025,21.0,"Kế toán Sunderland, Anh (Cấp song bằng)"
115485,NHH,ke-toan-sunderland-anh,A01,Điểm thi THPT,2025,21.0,"Kế toán Sunderland, Anh (Cấp song bằng)"
115486,NHH,ke-toan-sunderland-anh,D01,Điểm thi THPT,2025,21.0,"Kế toán Sunderland, Anh (Cấp song bằng)"
115487,NHH,ke-toan-sunderland-anh,D07,Điểm thi THPT,2025,21.0,"Kế toán Sunderland, Anh (Cấp song bằng)"
115488,NHH,khoa-hoc-du-lieu-trong-kinh-te-va-kinh-doanh,A00,Điểm học bạ,2025,27.84,Khoa học dữ liệu trong kinh tế và kinh doanh
115489,NHH,khoa-hoc-du-lieu-trong-kinh-te-va-kinh-doanh,A01,Điểm học bạ,2025,27.84,Khoa học dữ liệu trong kinh tế và kinh doanh
115490,NHH,khoa-hoc-du-lieu-trong-kinh-te-va-kinh-doanh,D01,Điểm học bạ,2025,27.84,Khoa học dữ liệu trong kinh tế và kinh doanh
115491,NHH,khoa-hoc-du-lieu-trong-kinh-te-va-kinh-doanh,D07,Điểm học bạ,2025,27.84,Khoa học dữ liệu trong kinh tế và kinh doanh
115492,NHH,khoa-hoc-du-lieu-trong-kinh-te-va-kinh-doanh,A00,Điểm thi THPT,2025,23.84,Khoa học dữ liệu trong kinh tế và kinh doanh
115493,NHH,khoa-hoc-du-lieu-trong-kinh-te-va-kinh-doanh,A01,Điểm thi THPT,2025,23.84,Khoa học dữ liệu trong kinh tế và kinh doanh
115494,NHH,khoa-hoc-du-lieu-trong-kinh-te-va-kinh-doanh,D01,Điểm thi THPT,2025,23.84,Khoa học dữ liệu trong kinh tế và kinh doanh
115495,NHH,khoa-hoc-du-lieu-trong-kinh-te-va-kinh-doanh,D07,Điểm thi THPT,2025,23.84,Khoa học dữ liệu trong kinh tế và kinh doanh
115496,NHH,kiem-toan,A00,Điểm học bạ,2024,29.9,Kiểm toán
115497,NHH,kiem-toan,A01,Điểm học bạ,2024,29.9,Kiểm toán
115498,NHH,kiem-toan,D01,Điểm học bạ,2024,29.9,Kiểm toán
115499,NHH,kiem-toan,D07,Điểm học bạ,2024,29.9,Kiểm toán
115500,NHH,kiem-toan,A00,Điểm thi THPT,2024,26.5,Kiểm toán
115501,NHH,kiem-toan,A01,Điểm thi THPT,2024,26.5,Kiểm toán
115502,NHH,kiem-toan,D01,Điểm thi THPT,2024,26.5,Kiểm toán
115503,NHH,kiem-toan,D07,Điểm thi THPT,2024,26.5,Kiểm toán
115504,NHH,kiem-toan,A00,Điểm học bạ,2025,28.44,Kiểm toán
115505,NHH,kiem-toan,A01,Điểm học bạ,2025,28.44,Kiểm toán
115506,NHH,kiem-toan,D01,Điểm học bạ,2025,28.44,Kiểm toán
115507,NHH,kiem-toan,D07,Điểm học bạ,2025,28.44,Kiểm toán
115508,NHH,kiem-toan,A00,Điểm thi THPT,2025,24.88,Kiểm toán
115509,NHH,kiem-toan,A01,Điểm thi THPT,2025,24.88,Kiểm toán
115510,NHH,kiem-toan,D01,Điểm thi THPT,2025,24.88,Kiểm toán
115511,NHH,kiem-toan,D07,Điểm thi THPT,2025,24.88,Kiểm toán
115512,NHH,kinh-doanh-quoc-te,A01,Điểm thi THPT,2021,26.75,Kinh doanh quốc tế
115513,NHH,kinh-doanh-quoc-te,D01,Điểm thi THPT,2021,26.75,Kinh doanh quốc tế
115514,NHH,kinh-doanh-quoc-te,D07,Điểm thi THPT,2021,26.75,Kinh doanh quốc tế
115515,NHH,kinh-doanh-quoc-te,D09,Điểm thi THPT,2021,26.75,Kinh doanh quốc tế
115516,NHH,kinh-doanh-quoc-te,A01,Điểm học bạ,2022,28.25,Kinh doanh quốc tế
115517,NHH,kinh-doanh-quoc-te,D01,Điểm học bạ,2022,28.25,Kinh doanh quốc tế
115518,NHH,kinh-doanh-quoc-te,D07,Điểm học bạ,2022,28.25,Kinh doanh quốc tế
115519,NHH,kinh-doanh-quoc-te,D09,Điểm học bạ,2022,28.25,Kinh doanh quốc tế
115520,NHH,kinh-doanh-quoc-te,A01,Điểm thi THPT,2022,26.5,Kinh doanh quốc tế
115521,NHH,kinh-doanh-quoc-te,D01,Điểm thi THPT,2022,26.5,Kinh doanh quốc tế
115522,NHH,kinh-doanh-quoc-te,D07,Điểm thi THPT,2022,26.5,Kinh doanh quốc tế
115523,NHH,kinh-doanh-quoc-te,D09,Điểm thi THPT,2022,26.5,Kinh doanh quốc tế
115524,NHH,kinh-doanh-quoc-te,A01,Điểm học bạ,2023,29.8,Kinh doanh quốc tế
115525,NHH,kinh-doanh-quoc-te,D01,Điểm học bạ,2023,29.8,Kinh doanh quốc tế
115526,NHH,kinh-doanh-quoc-te,D07,Điểm học bạ,2023,29.8,Kinh doanh quốc tế
115527,NHH,kinh-doanh-quoc-te,D09,Điểm học bạ,2023,29.8,Kinh doanh quốc tế
115528,NHH,kinh-doanh-quoc-te,A00,Điểm thi THPT,2023,22.0,"Kính doanh quốc tế ( liên kết ĐH Coventry, Anh Quốc. Cấp song bằng)"
115529,NHH,kinh-doanh-quoc-te,A01,Điểm thi THPT,2023,26.4,Kính doanh quốc tế
115530,NHH,kinh-doanh-quoc-te,D01,Điểm thi THPT,2023,26.4,Kính doanh quốc tế
115531,NHH,kinh-doanh-quoc-te,D07,Điểm thi THPT,2023,26.4,Kính doanh quốc tế
115532,NHH,kinh-doanh-quoc-te,D09,Điểm thi THPT,2023,26.4,Kính doanh quốc tế
115533,NHH,kinh-doanh-quoc-te,A00,Điểm học bạ,2024,29.9,Kinh doanh quốc tế
115534,NHH,kinh-doanh-quoc-te,A01,Điểm học bạ,2024,29.9,Kinh doanh quốc tế
115535,NHH,kinh-doanh-quoc-te,D01,Điểm học bạ,2024,29.9,Kinh doanh quốc tế
115536,NHH,kinh-doanh-quoc-te,D07,Điểm học bạ,2024,26.5,"Kinh doanh quốc tế (Liên kết với ĐH Coventry, Anh quốc. Cấp song bằng)"
115537,NHH,kinh-doanh-quoc-te,D09,Điểm học bạ,2024,29.9,Kinh doanh quốc tế
115538,NHH,kinh-doanh-quoc-te,A00,Điểm thi THPT,2024,24.2,"Kinh doanh quốc tế (Liên kết với ĐH Coventry, Anh quốc. Cấp song bằng)"
115539,NHH,kinh-doanh-quoc-te,A01,Điểm thi THPT,2024,27.0,Kinh doanh quốc tế
115540,NHH,kinh-doanh-quoc-te,D01,Điểm thi THPT,2024,27.0,Kinh doanh quốc tế
115541,NHH,kinh-doanh-quoc-te,D07,Điểm thi THPT,2024,27.0,Kinh doanh quốc tế
115542,NHH,kinh-doanh-quoc-te,D09,Điểm thi THPT,2024,27.0,Kinh doanh quốc tế
115543,NHH,kinh-doanh-quoc-te,A01,Điểm học bạ,2025,28.63,Kinh doanh quốc tế
115544,NHH,kinh-doanh-quoc-te,D01,Điểm học bạ,2025,28.63,Kinh doanh quốc tế
115545,NHH,kinh-doanh-quoc-te,D07,Điểm học bạ,2025,28.63,Kinh doanh quốc tế
115546,NHH,kinh-doanh-quoc-te,D09,Điểm học bạ,2025,28.63,Kinh doanh quốc tế
115547,NHH,kinh-doanh-quoc-te,A01,Điểm thi THPT,2025,25.25,Kinh doanh quốc tế
115548,NHH,kinh-doanh-quoc-te,D01,Điểm thi THPT,2025,25.25,Kinh doanh quốc tế
115549,NHH,kinh-doanh-quoc-te,D07,Điểm thi THPT,2025,25.25,Kinh doanh quốc tế
115550,NHH,kinh-doanh-quoc-te,D09,Điểm thi THPT,2025,25.25,Kinh doanh quốc tế
115551,NHH,kinh-doanh-quoc-te-coventry,A00,Điểm học bạ,2023,27.2,Kinh doanh quốc tế Coventry
115552,NHH,kinh-doanh-quoc-te-coventry,A01,Điểm học bạ,2023,27.2,Kinh doanh quốc tế Coventry
115553,NHH,kinh-doanh-quoc-te-coventry,D01,Điểm học bạ,2023,27.2,Kinh doanh quốc tế Coventry
115554,NHH,kinh-doanh-quoc-te-coventry,D07,Điểm học bạ,2023,27.2,Kinh doanh quốc tế Coventry
115555,NHH,kinh-doanh-quoc-te-coventry,A00,Điểm học bạ,2025,24.0,Kinh doanh quốc tế Coventry (Cấp song bằng)
115556,NHH,kinh-doanh-quoc-te-coventry,A01,Điểm học bạ,2025,24.0,Kinh doanh quốc tế Coventry (Cấp song bằng)
115557,NHH,kinh-doanh-quoc-te-coventry,D01,Điểm học bạ,2025,24.0,Kinh doanh quốc tế Coventry (Cấp song bằng)
115558,NHH,kinh-doanh-quoc-te-coventry,D07,Điểm học bạ,2025,24.0,Kinh doanh quốc tế Coventry (Cấp song bằng)
115559,NHH,kinh-doanh-quoc-te-coventry,A00,Điểm thi THPT,2025,21.0,Kinh doanh quốc tế Coventry (Cấp song bằng)
115560,NHH,kinh-doanh-quoc-te-coventry,A01,Điểm thi THPT,2025,21.0,Kinh doanh quốc tế Coventry (Cấp song bằng)
115561,NHH,kinh-doanh-quoc-te-coventry,D01,Điểm thi THPT,2025,21.0,Kinh doanh quốc tế Coventry (Cấp song bằng)
115562,NHH,kinh-doanh-quoc-te-coventry,D07,Điểm thi THPT,2025,21.0,Kinh doanh quốc tế Coventry (Cấp song bằng)
115563,NHH,kinh-te,A00,Điểm thi THPT,2021,26.4,Kinh tế
115564,NHH,kinh-te,A01,Điểm thi THPT,2021,26.4,Kinh tế
115565,NHH,kinh-te,D01,Điểm thi THPT,2021,26.4,Kinh tế
115566,NHH,kinh-te,D07,Điểm thi THPT,2021,26.4,Kinh tế
115567,NHH,kinh-te,A01,Điểm học bạ,2022,27.75,Kinh tế
115568,NHH,kinh-te,D01,Điểm học bạ,2022,27.75,Kinh tế
115569,NHH,kinh-te,D07,Điểm học bạ,2022,27.75,Kinh tế
115570,NHH,kinh-te,D09,Điểm học bạ,2022,27.75,Kinh tế
115571,NHH,kinh-te,A01,Điểm thi THPT,2022,26.0,Kinh tế
115572,NHH,kinh-te,D01,Điểm thi THPT,2022,26.0,Kinh tế
115573,NHH,kinh-te,D07,Điểm thi THPT,2022,26.0,Kinh tế
115574,NHH,kinh-te,D09,Điểm thi THPT,2022,26.0,Kinh tế
115575,NHH,kinh-te,A01,Điểm học bạ,2023,29.72,Kinh tế
115576,NHH,kinh-te,D01,Điểm học bạ,2023,29.72,Kinh tế
115577,NHH,kinh-te,D07,Điểm học bạ,2023,29.72,Kinh tế
115578,NHH,kinh-te,D09,Điểm học bạ,2023,29.72,Kinh tế
115579,NHH,kinh-te,A01,Điểm thi THPT,2023,25.65,Kinh tế
115580,NHH,kinh-te,D01,Điểm thi THPT,2023,25.65,Kinh tế
115581,NHH,kinh-te,D07,Điểm thi THPT,2023,25.65,Kinh tế
115582,NHH,kinh-te,D09,Điểm thi THPT,2023,25.65,Kinh tế
115583,NHH,kinh-te-dau-tu,A00,Điểm học bạ,2024,29.3,Kinh tế đầu tư
115584,NHH,kinh-te-dau-tu,A01,Điểm học bạ,2024,29.3,Kinh tế đầu tư
115585,NHH,kinh-te-dau-tu,D01,Điểm học bạ,2024,29.3,Kinh tế đầu tư
115586,NHH,kinh-te-dau-tu,D07,Điểm học bạ,2024,36.0,Kinh tế đầu tư (Chương trình Chất lượng cao)
115587,NHH,kinh-te-dau-tu,D09,Điểm học bạ,2024,29.3,Kinh tế đầu tư
115588,NHH,kinh-te-dau-tu,A01,Điểm thi THPT,2024,26.05,Kinh tế đầu tư
115589,NHH,kinh-te-dau-tu,D01,Điểm thi THPT,2024,26.05,Kinh tế đầu tư
115590,NHH,kinh-te-dau-tu,D07,Điểm thi THPT,2024,26.05,Kinh tế đầu tư
115591,NHH,kinh-te-dau-tu,D09,Điểm thi THPT,2024,26.05,Kinh tế đầu tư
115592,NHH,kinh-te-dau-tu,A01,Điểm học bạ,2025,28.19,Kinh tế đầu tư
115593,NHH,kinh-te-dau-tu,D01,Điểm học bạ,2025,28.19,Kinh tế đầu tư
115594,NHH,kinh-te-dau-tu,D07,Điểm học bạ,2025,28.19,Kinh tế đầu tư
115595,NHH,kinh-te-dau-tu,D09,Điểm học bạ,2025,28.19,Kinh tế đầu tư
115596,NHH,kinh-te-dau-tu,A01,Điểm thi THPT,2025,24.38,Kinh tế đầu tư
115597,NHH,kinh-te-dau-tu,D01,Điểm thi THPT,2025,24.38,Kinh tế đầu tư
115598,NHH,kinh-te-dau-tu,D07,Điểm thi THPT,2025,24.38,Kinh tế đầu tư
115599,NHH,kinh-te-dau-tu,D09,Điểm thi THPT,2025,24.38,Kinh tế đầu tư
115600,NHH,logistics-va-quan-ly-chuoi-cung-ung,A01,Điểm học bạ,2023,29.8,Logistics và quản lý chuỗi cung ứng*
115601,NHH,logistics-va-quan-ly-chuoi-cung-ung,D01,Điểm học bạ,2023,29.8,Logistics và quản lý chuỗi cung ứng*
115602,NHH,logistics-va-quan-ly-chuoi-cung-ung,D07,Điểm học bạ,2023,29.8,Logistics và quản lý chuỗi cung ứng*
115603,NHH,logistics-va-quan-ly-chuoi-cung-ung,D09,Điểm học bạ,2023,29.8,Logistics và quản lý chuỗi cung ứng*
115604,NHH,logistics-va-quan-ly-chuoi-cung-ung,A01,Điểm thi THPT,2023,26.45,Logistics và quản lý chuỗi cung ứng
115605,NHH,logistics-va-quan-ly-chuoi-cung-ung,D01,Điểm thi THPT,2023,26.45,Logistics và quản lý chuỗi cung ứng
115606,NHH,logistics-va-quan-ly-chuoi-cung-ung,D07,Điểm thi THPT,2023,26.45,Logistics và quản lý chuỗi cung ứng
115607,NHH,logistics-va-quan-ly-chuoi-cung-ung,D09,Điểm thi THPT,2023,26.45,Logistics và quản lý chuỗi cung ứng
115608,NHH,logistics-va-quan-ly-chuoi-cung-ung,A00,Điểm học bạ,2024,29.9,Logistics và quản lý chuỗi cung ứng
115609,NHH,logistics-va-quan-ly-chuoi-cung-ung,A01,Điểm học bạ,2024,29.9,Logistics và quản lý chuỗi cung ứng
115610,NHH,logistics-va-quan-ly-chuoi-cung-ung,D01,Điểm học bạ,2024,29.9,Logistics và quản lý chuỗi cung ứng
115611,NHH,logistics-va-quan-ly-chuoi-cung-ung,D09,Điểm học bạ,2024,29.9,Logistics và quản lý chuỗi cung ứng
115612,NHH,logistics-va-quan-ly-chuoi-cung-ung,A01,Điểm thi THPT,2024,26.5,Logistics và quản lý chuỗi cung ứng
115613,NHH,logistics-va-quan-ly-chuoi-cung-ung,D01,Điểm thi THPT,2024,26.5,Logistics và quản lý chuỗi cung ứng
115614,NHH,logistics-va-quan-ly-chuoi-cung-ung,D07,Điểm thi THPT,2024,26.5,Logistics và quản lý chuỗi cung ứng
115615,NHH,logistics-va-quan-ly-chuoi-cung-ung,D09,Điểm thi THPT,2024,26.5,Logistics và quản lý chuỗi cung ứng
115616,NHH,logistics-va-quan-ly-chuoi-cung-ung,A01,Điểm học bạ,2025,28.56,Logistics và quản lý chuỗi cung ứng
115617,NHH,logistics-va-quan-ly-chuoi-cung-ung,D01,Điểm học bạ,2025,28.56,Logistics và quản lý chuỗi cung ứng
115618,NHH,logistics-va-quan-ly-chuoi-cung-ung,D07,Điểm học bạ,2025,28.56,Logistics và quản lý chuỗi cung ứng
115619,NHH,logistics-va-quan-ly-chuoi-cung-ung,D09,Điểm học bạ,2025,28.56,Logistics và quản lý chuỗi cung ứng
115620,NHH,logistics-va-quan-ly-chuoi-cung-ung,A01,Điểm thi THPT,2025,25.11,Logistics và quản lý chuỗi cung ứng
115621,NHH,logistics-va-quan-ly-chuoi-cung-ung,D01,Điểm thi THPT,2025,25.11,Logistics và quản lý chuỗi cung ứng
115622,NHH,logistics-va-quan-ly-chuoi-cung-ung,D07,Điểm thi THPT,2025,25.11,Logistics và quản lý chuỗi cung ứng
115623,NHH,logistics-va-quan-ly-chuoi-cung-ung,D09,Điểm thi THPT,2025,25.11,Logistics và quản lý chuỗi cung ứng
115624,NHH,luat-kinh-te,A00,Điểm thi THPT,2021,26.35,Luật kinh tế
115625,NHH,luat-kinh-te,A01,Điểm thi THPT,2021,26.35,Luật kinh tế
115626,NHH,luat-kinh-te,C00,Điểm thi THPT,2021,27.55,Luật kinh tế
115627,NHH,luat-kinh-te,D01,Điểm thi THPT,2021,26.35,Luật kinh tế
115628,NHH,luat-kinh-te,D07,Điểm thi THPT,2021,26.35,Luật kinh tế
115629,NHH,luat-kinh-te,D14,Điểm thi THPT,2021,27.55,Luật kinh tế
115630,NHH,luat-kinh-te,D15,Điểm thi THPT,2021,27.55,Luật kinh tế
115631,NHH,luat-kinh-te,A00,Điểm học bạ,2022,28.25,Luật kinh tế
115632,NHH,luat-kinh-te,A01,Điểm học bạ,2022,28.25,Luật kinh tế
115633,NHH,luat-kinh-te,C00,Điểm học bạ,2022,28.25,Luật kinh tế
115634,NHH,luat-kinh-te,C03,Điểm học bạ,2022,28.25,Luật kinh tế
115635,NHH,luat-kinh-te,D01,Điểm học bạ,2022,28.25,Luật kinh tế
115636,NHH,luat-kinh-te,D07,Điểm học bạ,2022,28.25,Luật kinh tế
115637,NHH,luat-kinh-te,D14,Điểm học bạ,2022,28.25,Luật kinh tế
115638,NHH,luat-kinh-te,D15,Điểm học bạ,2022,28.25,Luật kinh tế
115639,NHH,luat-kinh-te,A00,Điểm thi THPT,2022,25.8,Luật kinh tế
115640,NHH,luat-kinh-te,A01,Điểm thi THPT,2022,25.8,Luật kinh tế
115641,NHH,luat-kinh-te,C00,Điểm thi THPT,2022,28.05,Luật kinh tế
115642,NHH,luat-kinh-te,D01,Điểm thi THPT,2022,25.8,Luật kinh tế
115643,NHH,luat-kinh-te,D07,Điểm thi THPT,2022,25.8,Luật kinh tế
115644,NHH,luat-kinh-te,D14,Điểm thi THPT,2022,28.05,Luật kinh tế
115645,NHH,luat-kinh-te,D15,Điểm thi THPT,2022,28.05,Luật kinh tế
115646,NHH,luat-kinh-te,A00,Điểm học bạ,2023,29.8,Luật kinh tế
115647,NHH,luat-kinh-te,A01,Điểm học bạ,2023,29.8,Luật kinh tế
115648,NHH,luat-kinh-te,C00,Điểm học bạ,2023,29.8,Luật kinh tế
115649,NHH,luat-kinh-te,C03,Điểm học bạ,2023,29.8,Luật kinh tế
115650,NHH,luat-kinh-te,D01,Điểm học bạ,2023,29.8,Luật kinh tế
115651,NHH,luat-kinh-te,D07,Điểm học bạ,2023,29.8,Luật kinh tế
115652,NHH,luat-kinh-te,D14,Điểm học bạ,2023,29.8,Luật kinh tế
115653,NHH,luat-kinh-te,D15,Điểm học bạ,2023,29.8,Luật kinh tế
115654,NHH,luat-kinh-te,A00,Điểm thi THPT,2023,25.52,Luật kinh tế
115655,NHH,luat-kinh-te,A01,Điểm thi THPT,2023,25.52,Luật kinh tế
115656,NHH,luat-kinh-te,C00,Điểm thi THPT,2023,26.5,Luật kinh tế
115657,NHH,luat-kinh-te,C03,Điểm thi THPT,2023,26.5,Luật kinh tế
115658,NHH,luat-kinh-te,D01,Điểm thi THPT,2023,25.52,Luật kinh tế
115659,NHH,luat-kinh-te,D07,Điểm thi THPT,2023,25.52,Luật kinh tế
115660,NHH,luat-kinh-te,D14,Điểm thi THPT,2023,26.5,Luật kinh tế
115661,NHH,luat-kinh-te,D15,Điểm thi THPT,2023,26.5,Luật kinh tế
115662,NHH,luat-kinh-te,A00,Điểm học bạ,2024,29.9,Luật kinh tế
115663,NHH,luat-kinh-te,A01,Điểm học bạ,2024,29.9,Luật kinh tế
115664,NHH,luat-kinh-te,D01,Điểm học bạ,2024,29.9,Luật kinh tế
115665,NHH,luat-kinh-te,D07,Điểm học bạ,2024,29.9,Luật kinh tế
115666,NHH,luat-kinh-te,D15,Điểm học bạ,2024,28.0,Luật kinh tế
115667,NHH,luat-kinh-te,A00,Điểm thi THPT,2024,25.9,Luật kinh tế
115668,NHH,luat-kinh-te,A01,Điểm thi THPT,2024,25.9,Luật kinh tế
115669,NHH,luat-kinh-te,C00,Điểm thi THPT,2024,28.13,Luật kinh tế
115670,NHH,luat-kinh-te,C03,Điểm thi THPT,2024,28.13,Luật kinh tế
115671,NHH,luat-kinh-te,D01,Điểm thi THPT,2024,25.9,Luật kinh tế
115672,NHH,luat-kinh-te,D07,Điểm thi THPT,2024,25.9,Luật kinh tế
115673,NHH,luat-kinh-te,D14,Điểm thi THPT,2024,28.13,Luật kinh tế
115674,NHH,luat-kinh-te,D15,Điểm thi THPT,2024,28.13,Luật kinh tế
115675,NHH,luat-kinh-te,C00,Điểm học bạ,2025,28.24,Luật kinh tế
115676,NHH,luat-kinh-te,C03,Điểm học bạ,2025,28.24,Luật kinh tế
115677,NHH,luat-kinh-te,D01,Điểm học bạ,2025,28.24,Luật kinh tế
115678,NHH,luat-kinh-te,D14,Điểm học bạ,2025,28.24,Luật kinh tế
115679,NHH,luat-kinh-te,C00,Điểm thi THPT,2025,26.97,Luật kinh tế
115680,NHH,luat-kinh-te,C03,Điểm thi THPT,2025,26.97,Luật kinh tế
115681,NHH,luat-kinh-te,D01,Điểm thi THPT,2025,24.47,Luật kinh tế
115682,NHH,luat-kinh-te,D14,Điểm thi THPT,2025,24.47,Luật kinh tế
115683,NHH,marketing,A00,Điểm học bạ,2025,28.36,Marketing
115684,NHH,marketing,A01,Điểm học bạ,2025,28.36,Marketing
115685,NHH,marketing,D01,Điểm học bạ,2025,28.36,Marketing
115686,NHH,marketing,D07,Điểm học bạ,2025,28.36,Marketing
115687,NHH,marketing,A00,Điểm thi THPT,2025,24.72,Marketing
115688,NHH,marketing,A01,Điểm thi THPT,2025,24.72,Marketing
115689,NHH,marketing,D01,Điểm thi THPT,2025,24.72,Marketing
115690,NHH,marketing,D07,Điểm thi THPT,2025,24.72,Marketing
115691,NHH,marketing-so,A00,Điểm thi THPT,2023,23.5,"Marketing số ( liên kết ĐH Coventry, Anh Quốc. Cấp song bằng)"
115692,NHH,marketing-so,A01,Điểm thi THPT,2023,23.5,"Marketing số ( liên kết ĐH Coventry, Anh Quốc. Cấp song bằng)"
115693,NHH,marketing-so,D01,Điểm thi THPT,2023,23.5,"Marketing số ( liên kết ĐH Coventry, Anh Quốc. Cấp song bằng)"
115694,NHH,marketing-so,D07,Điểm thi THPT,2023,23.5,"Marketing số ( liên kết ĐH Coventry, Anh Quốc. Cấp song bằng)"
115695,NHH,marketing-so,A00,Điểm học bạ,2024,28.0,"Marketing số (Liên kết với ĐH Coventry, Anh quốc. Cấp một bằng của đối tác)"
115696,NHH,marketing-so,A01,Điểm học bạ,2024,28.0,"Marketing số (Liên kết với ĐH Coventry, Anh quốc. Cấp một bằng của đối tác)"
115697,NHH,marketing-so,D01,Điểm học bạ,2024,28.0,"Marketing số (Liên kết với ĐH Coventry, Anh quốc. Cấp một bằng của đối tác)"
115698,NHH,marketing-so,D07,Điểm học bạ,2024,28.0,"Marketing số (Liên kết với ĐH Coventry, Anh quốc. Cấp một bằng của đối tác)"
115699,NHH,marketing-so,A00,Điểm thi THPT,2024,24.8,"Marketing số (Liên kết với ĐH Coventry, Anh quốc. Cấp một bằng của đối tác)"
115700,NHH,marketing-so,A01,Điểm thi THPT,2024,24.8,"Marketing số (Liên kết với ĐH Coventry, Anh quốc. Cấp một bằng của đối tác)"
115701,NHH,marketing-so,D01,Điểm thi THPT,2024,24.8,"Marketing số (Liên kết với ĐH Coventry, Anh quốc. Cấp một bằng của đối tác)"
115702,NHH,marketing-so,D07,Điểm thi THPT,2024,24.8,"Marketing số (Liên kết với ĐH Coventry, Anh quốc. Cấp một bằng của đối tác)"
115703,NHH,marketing-so,A00,Điểm học bạ,2025,24.88,"Marketing số (ĐH Coventry, Anh cấp bằng)"
115704,NHH,marketing-so,A01,Điểm học bạ,2025,24.88,"Marketing số (ĐH Coventry, Anh cấp bằng)"
115705,NHH,marketing-so,D01,Điểm học bạ,2025,24.88,"Marketing số (ĐH Coventry, Anh cấp bằng)"
115706,NHH,marketing-so,D07,Điểm học bạ,2025,24.88,"Marketing số (ĐH Coventry, Anh cấp bằng)"
115707,NHH,marketing-so,A00,Điểm thi THPT,2025,21.44,"Marketing số (ĐH Coventry, Anh cấp bằng)"
115708,NHH,marketing-so,A01,Điểm thi THPT,2025,21.44,"Marketing số (ĐH Coventry, Anh cấp bằng)"
115709,NHH,marketing-so,D01,Điểm thi THPT,2025,21.44,"Marketing số (ĐH Coventry, Anh cấp bằng)"
115710,NHH,marketing-so,D07,Điểm thi THPT,2025,21.44,"Marketing số (ĐH Coventry, Anh cấp bằng)"
115711,NHH,marketing-so-coventry,A00,Điểm học bạ,2023,27.2,Marketing số Coventry
115712,NHH,marketing-so-coventry,A01,Điểm học bạ,2023,27.2,Marketing số Coventry
115713,NHH,marketing-so-coventry,D01,Điểm học bạ,2023,27.2,Marketing số Coventry
115714,NHH,marketing-so-coventry,D07,Điểm học bạ,2023,27.2,Marketing số Coventry
115715,NHH,ngan-hang,A00,Điểm học bạ,2022,28.25,Ngân hàng (Chương trình Chất lượng cao)
115716,NHH,ngan-hang,A01,Điểm học bạ,2022,28.25,Ngân hàng (Chương trình Chất lượng cao)
115717,NHH,ngan-hang,D01,Điểm học bạ,2022,28.25,Ngân hàng (Chương trình Chất lượng cao)
115718,NHH,ngan-hang,D07,Điểm học bạ,2022,28.25,Ngân hàng (Chương trình Chất lượng cao)
115719,NHH,ngan-hang,A00,Điểm thi THPT,2022,25.8,Ngân hàng (Chương trình Chất lượng cao)
115720,NHH,ngan-hang,A01,Điểm thi THPT,2022,25.8,Ngân hàng (Chương trình Chất lượng cao)
115721,NHH,ngan-hang,D01,Điểm thi THPT,2022,25.8,Ngân hàng (Chương trình Chất lượng cao)
115722,NHH,ngan-hang,D07,Điểm thi THPT,2022,25.8,Ngân hàng (Chương trình Chất lượng cao)
115723,NHH,ngan-hang,A00,Điểm học bạ,2023,29.8,Ngân hàng
115724,NHH,ngan-hang,A01,Điểm học bạ,2023,29.8,Ngân hàng
115725,NHH,ngan-hang,D01,Điểm học bạ,2023,29.8,Ngân hàng
115726,NHH,ngan-hang,D07,Điểm học bạ,2023,29.8,Ngân hàng
115727,NHH,ngan-hang,A00,Điểm thi THPT,2023,32.7,Ngân hàng (Chương trình Chất lượng cao)
115728,NHH,ngan-hang,A01,Điểm thi THPT,2023,32.7,Ngân hàng (Chương trình Chất lượng cao)
115729,NHH,ngan-hang,D01,Điểm thi THPT,2023,32.7,Ngân hàng (Chương trình Chất lượng cao)
115730,NHH,ngan-hang,D07,Điểm thi THPT,2023,32.7,Ngân hàng (Chương trình Chất lượng cao)
115731,NHH,ngan-hang,A00,Điểm học bạ,2024,37.5,Ngân hàng (Chương trình Chất lượng cao)
115732,NHH,ngan-hang,A01,Điểm học bạ,2024,37.5,Ngân hàng (Chương trình Chất lượng cao)
115733,NHH,ngan-hang,D01,Điểm học bạ,2024,37.5,Ngân hàng (Chương trình Chất lượng cao)
115734,NHH,ngan-hang,D07,Điểm học bạ,2024,37.5,Ngân hàng (Chương trình Chất lượng cao)
115735,NHH,ngan-hang,A00,Điểm thi THPT,2024,34.0,Ngân hàng (Chương trình Chất lượng cao)
115736,NHH,ngan-hang,A01,Điểm thi THPT,2024,34.0,Ngân hàng (Chương trình Chất lượng cao)
115737,NHH,ngan-hang,D01,Điểm thi THPT,2024,34.0,Ngân hàng (Chương trình Chất lượng cao)
115738,NHH,ngan-hang,D07,Điểm thi THPT,2024,34.0,Ngân hàng (Chương trình Chất lượng cao)
115739,NHH,ngan-hang,A00,Điểm học bạ,2025,28.47,Ngân hàng
115740,NHH,ngan-hang,A01,Điểm học bạ,2025,28.47,Ngân hàng
115741,NHH,ngan-hang,D01,Điểm học bạ,2025,28.47,Ngân hàng
115742,NHH,ngan-hang,D07,Điểm học bạ,2025,28.47,Ngân hàng
115743,NHH,ngan-hang,A00,Điểm thi THPT,2025,24.93,Ngân hàng
115744,NHH,ngan-hang,A01,Điểm thi THPT,2025,24.93,Ngân hàng
115745,NHH,ngan-hang,D01,Điểm thi THPT,2025,24.93,Ngân hàng
115746,NHH,ngan-hang,D07,Điểm thi THPT,2025,24.93,Ngân hàng
115747,NHH,ngan-hang-clc,A00,Điểm học bạ,2023,37.0,Ngân hàng CLC
115748,NHH,ngan-hang-clc,A01,Điểm học bạ,2023,37.0,Ngân hàng CLC
115749,NHH,ngan-hang-clc,D01,Điểm học bạ,2023,37.0,Ngân hàng CLC
115750,NHH,ngan-hang-clc,D07,Điểm học bạ,2023,37.0,Ngân hàng CLC
115751,NHH,ngan-hang-so,A00,Điểm học bạ,2023,29.8,Ngân hàng số*
115752,NHH,ngan-hang-so,A01,Điểm học bạ,2023,29.8,Ngân hàng số*
115753,NHH,ngan-hang-so,D01,Điểm học bạ,2023,29.8,Ngân hàng số*
115754,NHH,ngan-hang-so,D07,Điểm học bạ,2023,29.8,Ngân hàng số*
115755,NHH,ngan-hang-so,A00,Điểm thi THPT,2023,25.65,Ngân hàng số
115756,NHH,ngan-hang-so,A01,Điểm thi THPT,2023,25.65,Ngân hàng số
115757,NHH,ngan-hang-so,D01,Điểm thi THPT,2023,25.65,Ngân hàng số
115758,NHH,ngan-hang-so,D07,Điểm thi THPT,2023,25.65,Ngân hàng số
115759,NHH,ngan-hang-so,A00,Điểm học bạ,2024,29.9,Ngân hàng số
115760,NHH,ngan-hang-so,A01,Điểm học bạ,2024,29.9,Ngân hàng số
115761,NHH,ngan-hang-so,D01,Điểm học bạ,2024,29.9,Ngân hàng số
115762,NHH,ngan-hang-so,D07,Điểm học bạ,2024,29.9,Ngân hàng số
115763,NHH,ngan-hang-so,A00,Điểm thi THPT,2024,26.13,Ngân hàng số
115764,NHH,ngan-hang-so,A01,Điểm thi THPT,2024,26.13,Ngân hàng số
115765,NHH,ngan-hang-so,D01,Điểm thi THPT,2024,26.13,Ngân hàng số
115766,NHH,ngan-hang-so,D07,Điểm thi THPT,2024,26.13,Ngân hàng số
115767,NHH,ngan-hang-so,A00,Điểm học bạ,2025,28.41,Ngân hàng số
115768,NHH,ngan-hang-so,A01,Điểm học bạ,2025,28.41,Ngân hàng số
115769,NHH,ngan-hang-so,D01,Điểm học bạ,2025,28.41,Ngân hàng số
115770,NHH,ngan-hang-so,D07,Điểm học bạ,2025,28.41,Ngân hàng số
115771,NHH,ngan-hang-so,A00,Điểm thi THPT,2025,24.82,Ngân hàng số
115772,NHH,ngan-hang-so,A01,Điểm thi THPT,2025,24.82,Ngân hàng số
115773,NHH,ngan-hang-so,D01,Điểm thi THPT,2025,24.82,Ngân hàng số
115774,NHH,ngan-hang-so,D07,Điểm thi THPT,2025,24.82,Ngân hàng số
115775,NHH,ngan-hang-va-tai-chinh-qt-coventry,A00,Điểm học bạ,2023,26.0,Ngân hàng và Tài chính QT Coventry
115776,NHH,ngan-hang-va-tai-chinh-qt-coventry,A01,Điểm học bạ,2023,26.0,Ngân hàng và Tài chính QT Coventry
115777,NHH,ngan-hang-va-tai-chinh-qt-coventry,D01,Điểm học bạ,2023,26.0,Ngân hàng và Tài chính QT Coventry
115778,NHH,ngan-hang-va-tai-chinh-qt-coventry,D07,Điểm học bạ,2023,26.0,Ngân hàng và Tài chính QT Coventry
115779,NHH,ngan-hang-va-tai-chinh-quoc-te,A00,Điểm thi THPT,2023,21.6,"Ngân hàng và Tài chính quốc tế (liên kết ĐH Coventry, Anh Quốc. Cấp song bằng)"
115780,NHH,ngan-hang-va-tai-chinh-quoc-te,A01,Điểm thi THPT,2023,21.6,"Ngân hàng và Tài chính quốc tế (liên kết ĐH Coventry, Anh Quốc. Cấp song bằng)"
115781,NHH,ngan-hang-va-tai-chinh-quoc-te,D01,Điểm thi THPT,2023,21.6,"Ngân hàng và Tài chính quốc tế (liên kết ĐH Coventry, Anh Quốc. Cấp song bằng)"
115782,NHH,ngan-hang-va-tai-chinh-quoc-te,D07,Điểm thi THPT,2023,21.6,"Ngân hàng và Tài chính quốc tế (liên kết ĐH Coventry, Anh Quốc. Cấp song bằng)"
115783,NHH,ngan-hang-va-tai-chinh-quoc-te,A00,Điểm học bạ,2024,26.4,"Ngân hàng và Tài chính quốc tế (Liên kết với ĐH Coventry, Anh quốc. Cấp song bằng)"
115784,NHH,ngan-hang-va-tai-chinh-quoc-te,A01,Điểm học bạ,2024,26.4,"Ngân hàng và Tài chính quốc tế (Liên kết với ĐH Coventry, Anh quốc. Cấp song bằng)"
115785,NHH,ngan-hang-va-tai-chinh-quoc-te,D01,Điểm học bạ,2024,26.4,"Ngân hàng và Tài chính quốc tế (Liên kết với ĐH Coventry, Anh quốc. Cấp song bằng)"
115786,NHH,ngan-hang-va-tai-chinh-quoc-te,D07,Điểm học bạ,2024,26.4,"Ngân hàng và Tài chính quốc tế (Liên kết với ĐH Coventry, Anh quốc. Cấp song bằng)"
115787,NHH,ngan-hang-va-tai-chinh-quoc-te,A00,Điểm thi THPT,2024,24.0,"Ngân hàng và Tài chính quốc té (Liên kết với ĐH Coventry, Anh quốc. Cấp song bằng)"
115788,NHH,ngan-hang-va-tai-chinh-quoc-te,A01,Điểm thi THPT,2024,24.0,"Ngân hàng và Tài chính quốc té (Liên kết với ĐH Coventry, Anh quốc. Cấp song bằng)"
115789,NHH,ngan-hang-va-tai-chinh-quoc-te,D01,Điểm thi THPT,2024,24.0,"Ngân hàng và Tài chính quốc té (Liên kết với ĐH Coventry, Anh quốc. Cấp song bằng)"
115790,NHH,ngan-hang-va-tai-chinh-quoc-te,D07,Điểm thi THPT,2024,24.0,"Ngân hàng và Tài chính quốc té (Liên kết với ĐH Coventry, Anh quốc. Cấp song bằng)"
115791,NHH,ngan-hang-va-tai-chinh-quoc-te-coventry,A00,Điểm học bạ,2025,24.0,Ngân hàng và Tài chính quốc tế Coventry (Cấp song bằng)
115792,NHH,ngan-hang-va-tai-chinh-quoc-te-coventry,A01,Điểm học bạ,2025,24.0,Ngân hàng và Tài chính quốc tế Coventry (Cấp song bằng)
115793,NHH,ngan-hang-va-tai-chinh-quoc-te-coventry,D01,Điểm học bạ,2025,24.0,Ngân hàng và Tài chính quốc tế Coventry (Cấp song bằng)
115794,NHH,ngan-hang-va-tai-chinh-quoc-te-coventry,D07,Điểm học bạ,2025,24.0,Ngân hàng và Tài chính quốc tế Coventry (Cấp song bằng)
115795,NHH,ngan-hang-va-tai-chinh-quoc-te-coventry,A00,Điểm thi THPT,2025,21.0,Ngân hàng và Tài chính quốc tế Coventry (Cấp song bằng)
115796,NHH,ngan-hang-va-tai-chinh-quoc-te-coventry,A01,Điểm thi THPT,2025,21.0,Ngân hàng và Tài chính quốc tế Coventry (Cấp song bằng)
115797,NHH,ngan-hang-va-tai-chinh-quoc-te-coventry,D01,Điểm thi THPT,2025,21.0,Ngân hàng và Tài chính quốc tế Coventry (Cấp song bằng)
115798,NHH,ngan-hang-va-tai-chinh-quoc-te-coventry,D07,Điểm thi THPT,2025,21.0,Ngân hàng và Tài chính quốc tế Coventry (Cấp song bằng)
115799,NHH,ngon-ngu-anh,A01,Điểm thi THPT,2021,26.5,Ngôn ngữ Anh
115800,NHH,ngon-ngu-anh,D01,Điểm thi THPT,2021,26.5,Ngôn ngữ Anh
115801,NHH,ngon-ngu-anh,D07,Điểm thi THPT,2021,26.5,Ngôn ngữ Anh
115802,NHH,ngon-ngu-anh,D09,Điểm thi THPT,2021,26.5,Ngôn ngữ Anh
115803,NHH,ngon-ngu-anh,A01,Điểm học bạ,2022,27.75,Ngôn ngữ Anh
115804,NHH,ngon-ngu-anh,D01,Điểm học bạ,2022,27.75,Ngôn ngữ Anh
115805,NHH,ngon-ngu-anh,D07,Điểm học bạ,2022,27.75,Ngôn ngữ Anh
115806,NHH,ngon-ngu-anh,D09,Điểm học bạ,2022,27.75,Ngôn ngữ Anh
115807,NHH,ngon-ngu-anh,A01,Điểm thi THPT,2022,26.0,Ngôn ngữ Anh
115808,NHH,ngon-ngu-anh,D01,Điểm thi THPT,2022,26.0,Ngôn ngữ Anh
115809,NHH,ngon-ngu-anh,D07,Điểm thi THPT,2022,26.0,Ngôn ngữ Anh
115810,NHH,ngon-ngu-anh,D09,Điểm thi THPT,2022,26.0,Ngôn ngữ Anh
115811,NHH,ngon-ngu-anh,A01,Điểm học bạ,2023,29.34,Ngôn ngữ Anh
115812,NHH,ngon-ngu-anh,D01,Điểm học bạ,2023,29.34,Ngôn ngữ Anh
115813,NHH,ngon-ngu-anh,D07,Điểm học bạ,2023,29.34,Ngôn ngữ Anh
115814,NHH,ngon-ngu-anh,D09,Điểm học bạ,2023,29.34,Ngôn ngữ Anh
115815,NHH,ngon-ngu-anh,A01,Điểm thi THPT,2023,24.9,Ngôn ngữ Anh
115816,NHH,ngon-ngu-anh,D01,Điểm thi THPT,2023,24.9,Ngôn ngữ Anh
115817,NHH,ngon-ngu-anh,D07,Điểm thi THPT,2023,24.9,Ngôn ngữ Anh
115818,NHH,ngon-ngu-anh,D09,Điểm thi THPT,2023,24.9,Ngôn ngữ Anh
115819,NHH,ngon-ngu-anh,A00,Điểm học bạ,2024,28.54,Ngôn ngữ Anh
115820,NHH,ngon-ngu-anh,A01,Điểm học bạ,2024,28.54,Ngôn ngữ Anh
115821,NHH,ngon-ngu-anh,D01,Điểm học bạ,2024,28.54,Ngôn ngữ Anh
115822,NHH,ngon-ngu-anh,D09,Điểm học bạ,2024,28.54,Ngôn ngữ Anh
115823,NHH,ngon-ngu-anh,A01,Điểm thi THPT,2024,25.8,Ngôn ngữ Anh
115824,NHH,ngon-ngu-anh,D01,Điểm thi THPT,2024,25.8,Ngôn ngữ Anh
115825,NHH,ngon-ngu-anh,D07,Điểm thi THPT,2024,25.8,Ngôn ngữ Anh
115826,NHH,ngon-ngu-anh,D09,Điểm thi THPT,2024,25.8,Ngôn ngữ Anh
115827,NHH,ngon-ngu-anh-tai-chinh-ngan-hang,A01,Điểm học bạ,2025,27.41,Ngôn ngữ Anh Tài chính - Ngân hàng
115828,NHH,ngon-ngu-anh-tai-chinh-ngan-hang,D01,Điểm học bạ,2025,27.41,Ngôn ngữ Anh Tài chính - Ngân hàng
115829,NHH,ngon-ngu-anh-tai-chinh-ngan-hang,D07,Điểm học bạ,2025,27.41,Ngôn ngữ Anh Tài chính - Ngân hàng
115830,NHH,ngon-ngu-anh-tai-chinh-ngan-hang,D09,Điểm học bạ,2025,27.41,Ngôn ngữ Anh Tài chính - Ngân hàng
115831,NHH,ngon-ngu-anh-tai-chinh-ngan-hang,A01,Điểm thi THPT,2025,23.41,Ngôn ngữ Anh Tài chính - Ngân hàng
115832,NHH,ngon-ngu-anh-tai-chinh-ngan-hang,D01,Điểm thi THPT,2025,23.41,Ngôn ngữ Anh Tài chính - Ngân hàng
115833,NHH,ngon-ngu-anh-tai-chinh-ngan-hang,D07,Điểm thi THPT,2025,23.41,Ngôn ngữ Anh Tài chính - Ngân hàng
115834,NHH,ngon-ngu-anh-tai-chinh-ngan-hang,D09,Điểm thi THPT,2025,23.41,Ngôn ngữ Anh Tài chính - Ngân hàng
115835,NHH,quan-tri-du-lich,A00,Điểm học bạ,2023,29.0,Quản trị du lịch*
115836,NHH,quan-tri-du-lich,D01,Điểm học bạ,2023,29.0,Quản trị du lịch*
115837,NHH,quan-tri-du-lich,D07,Điểm học bạ,2023,29.0,Quản trị du lịch*
115838,NHH,quan-tri-du-lich,D09,Điểm học bạ,2023,29.0,Quản trị du lịch*
115839,NHH,quan-tri-du-lich,A01,Điểm thi THPT,2023,24.5,Quản trị du lịch
115840,NHH,quan-tri-du-lich,D01,Điểm thi THPT,2023,24.5,Quản trị du lịch
115841,NHH,quan-tri-du-lich,D07,Điểm thi THPT,2023,24.5,Quản trị du lịch
115842,NHH,quan-tri-du-lich,D09,Điểm thi THPT,2023,24.5,Quản trị du lịch
115843,NHH,quan-tri-du-lich,A00,Điểm học bạ,2024,28.0,Quản trị du lịch
115844,NHH,quan-tri-du-lich,A01,Điểm học bạ,2024,28.0,Quản trị du lịch
115845,NHH,quan-tri-du-lich,D01,Điểm học bạ,2024,28.0,Quản trị du lịch
115846,NHH,quan-tri-du-lich,D09,Điểm học bạ,2024,28.0,Quản trị du lịch
115847,NHH,quan-tri-du-lich,A01,Điểm thi THPT,2024,25.6,Quản trị du lịch
115848,NHH,quan-tri-du-lich,D01,Điểm thi THPT,2024,25.6,Quản trị du lịch
115849,NHH,quan-tri-du-lich,D07,Điểm thi THPT,2024,25.6,Quản trị du lịch
115850,NHH,quan-tri-du-lich,D09,Điểm thi THPT,2024,25.6,Quản trị du lịch
115851,NHH,quan-tri-du-lich,A01,Điểm học bạ,2025,27.53,Quản trị du lịch
115852,NHH,quan-tri-du-lich,D01,Điểm học bạ,2025,27.53,Quản trị du lịch
115853,NHH,quan-tri-du-lich,D07,Điểm học bạ,2025,27.53,Quản trị du lịch
115854,NHH,quan-tri-du-lich,D09,Điểm học bạ,2025,27.53,Quản trị du lịch
115855,NHH,quan-tri-du-lich,A01,Điểm thi THPT,2025,23.53,Quản trị du lịch
115856,NHH,quan-tri-du-lich,D01,Điểm thi THPT,2025,23.53,Quản trị du lịch
115857,NHH,quan-tri-du-lich,D07,Điểm thi THPT,2025,23.53,Quản trị du lịch
115858,NHH,quan-tri-du-lich,D09,Điểm thi THPT,2025,23.53,Quản trị du lịch
115859,NHH,quan-tri-kinh-doanh,A00,Điểm thi THPT,2021,26.55,Quản trị kinh doanh
115860,NHH,quan-tri-kinh-doanh,A01,Điểm thi THPT,2021,26.55,Quản trị kinh doanh
115861,NHH,quan-tri-kinh-doanh,D01,Điểm thi THPT,2021,26.55,Quản trị kinh doanh
115862,NHH,quan-tri-kinh-doanh,D07,Điểm thi THPT,2021,26.55,Quản trị kinh doanh
115863,NHH,quan-tri-kinh-doanh,A00,Điểm học bạ,2022,28.25,Quản trị kinh doanh
115864,NHH,quan-tri-kinh-doanh,A01,Điểm học bạ,2022,28.25,Quản trị kinh doanh
115865,NHH,quan-tri-kinh-doanh,D01,Điểm học bạ,2022,28.25,Quản trị kinh doanh
115866,NHH,quan-tri-kinh-doanh,D07,Điểm học bạ,2022,28.25,Quản trị kinh doanh
115867,NHH,quan-tri-kinh-doanh,A00,Điểm thi THPT,2022,26.0,Quản trị kinh doanh
115868,NHH,quan-tri-kinh-doanh,A01,Điểm thi THPT,2022,26.0,Quản trị kinh doanh
115869,NHH,quan-tri-kinh-doanh,D01,Điểm thi THPT,2022,26.0,Quản trị kinh doanh
115870,NHH,quan-tri-kinh-doanh,D07,Điểm thi THPT,2022,26.0,Quản trị kinh doanh
115871,NHH,quan-tri-kinh-doanh,A00,Điểm học bạ,2023,29.8,Quản trị kinh doanh
115872,NHH,quan-tri-kinh-doanh,A01,Điểm học bạ,2023,29.8,Quản trị kinh doanh
115873,NHH,quan-tri-kinh-doanh,D01,Điểm học bạ,2023,29.8,Quản trị kinh doanh
115874,NHH,quan-tri-kinh-doanh,D07,Điểm học bạ,2023,29.8,Quản trị kinh doanh
115875,NHH,quan-tri-kinh-doanh,A00,Điểm thi THPT,2023,32.65,Quản trị kinh doanh (Chương trình Chất lượng cao)
115876,NHH,quan-tri-kinh-doanh,A01,Điểm thi THPT,2023,32.65,Quản trị kinh doanh (Chương trình Chất lượng cao)
115877,NHH,quan-tri-kinh-doanh,D01,Điểm thi THPT,2023,32.65,Quản trị kinh doanh (Chương trình Chất lượng cao)
115878,NHH,quan-tri-kinh-doanh,D07,Điểm thi THPT,2023,32.65,Quản trị kinh doanh (Chương trình Chất lượng cao)
115879,NHH,quan-tri-kinh-doanh,D09,Điểm thi THPT,2023,26.04,Quản trị kinh doanh
115880,NHH,quan-tri-kinh-doanh,A00,Điểm học bạ,2024,36.5,Quản trị kinh doanh (Chương trình Chất lượng cao)
115881,NHH,quan-tri-kinh-doanh,A01,Điểm học bạ,2024,36.5,Quản trị kinh doanh (Chương trình Chất lượng cao)
115882,NHH,quan-tri-kinh-doanh,D01,Điểm học bạ,2024,36.5,Quản trị kinh doanh (Chương trình Chất lượng cao)
115883,NHH,quan-tri-kinh-doanh,D07,Điểm học bạ,2024,36.5,Quản trị kinh doanh (Chương trình Chất lượng cao)
115884,NHH,quan-tri-kinh-doanh,A00,Điểm thi THPT,2024,33.9,Quản trị kinh doanh (Chương trình Chất lượng cao)
115885,NHH,quan-tri-kinh-doanh,A01,Điểm thi THPT,2024,33.9,Quản trị kinh doanh (Chương trình Chất lượng cao)
115886,NHH,quan-tri-kinh-doanh,D01,Điểm thi THPT,2024,33.9,Quản trị kinh doanh (Chương trình Chất lượng cao)
115887,NHH,quan-tri-kinh-doanh,D07,Điểm thi THPT,2024,33.9,Quản trị kinh doanh (Chương trình Chất lượng cao)
115888,NHH,quan-tri-kinh-doanh,A00,Điểm học bạ,2025,28.19,Quản trị kinh doanh
115889,NHH,quan-tri-kinh-doanh,A01,Điểm học bạ,2025,28.19,Quản trị kinh doanh
115890,NHH,quan-tri-kinh-doanh,D01,Điểm học bạ,2025,28.19,Quản trị kinh doanh
115891,NHH,quan-tri-kinh-doanh,D07,Điểm học bạ,2025,28.19,Quản trị kinh doanh
115892,NHH,quan-tri-kinh-doanh,A00,Điểm thi THPT,2025,24.38,Quản trị kinh doanh
115893,NHH,quan-tri-kinh-doanh,A01,Điểm thi THPT,2025,24.38,Quản trị kinh doanh
115894,NHH,quan-tri-kinh-doanh,D01,Điểm thi THPT,2025,24.38,Quản trị kinh doanh
115895,NHH,quan-tri-kinh-doanh,D07,Điểm thi THPT,2025,24.38,Quản trị kinh doanh
115896,NHH,quan-tri-kinh-doanh-cityu,A00,Điểm học bạ,2023,26.0,Quản trị kinh doanh CityU
115897,NHH,quan-tri-kinh-doanh-cityu,A01,Điểm học bạ,2023,26.0,Quản trị kinh doanh CityU
115898,NHH,quan-tri-kinh-doanh-cityu,D01,Điểm học bạ,2023,26.0,Quản trị kinh doanh CityU
115899,NHH,quan-tri-kinh-doanh-cityu,D07,Điểm học bạ,2023,26.0,Quản trị kinh doanh CityU
115900,NHH,quan-tri-kinh-doanh-cityu-hoa-ky,A00,Điểm học bạ,2025,24.26,"Quản trị kinh doanh CityU, Hoa Kỳ (Cấp song bằng)"
115901,NHH,quan-tri-kinh-doanh-cityu-hoa-ky,A01,Điểm học bạ,2025,24.26,"Quản trị kinh doanh CityU, Hoa Kỳ (Cấp song bằng)"
115902,NHH,quan-tri-kinh-doanh-cityu-hoa-ky,D01,Điểm học bạ,2025,24.26,"Quản trị kinh doanh CityU, Hoa Kỳ (Cấp song bằng)"
115903,NHH,quan-tri-kinh-doanh-cityu-hoa-ky,D07,Điểm học bạ,2025,24.26,"Quản trị kinh doanh CityU, Hoa Kỳ (Cấp song bằng)"
115904,NHH,quan-tri-kinh-doanh-cityu-hoa-ky,A00,Điểm thi THPT,2025,21.13,"Quản trị kinh doanh CityU, Hoa Kỳ (Cấp song bằng)"
115905,NHH,quan-tri-kinh-doanh-cityu-hoa-ky,A01,Điểm thi THPT,2025,21.13,"Quản trị kinh doanh CityU, Hoa Kỳ (Cấp song bằng)"
115906,NHH,quan-tri-kinh-doanh-cityu-hoa-ky,D01,Điểm thi THPT,2025,21.13,"Quản trị kinh doanh CityU, Hoa Kỳ (Cấp song bằng)"
115907,NHH,quan-tri-kinh-doanh-cityu-hoa-ky,D07,Điểm thi THPT,2025,21.13,"Quản trị kinh doanh CityU, Hoa Kỳ (Cấp song bằng)"
115908,NHH,quan-tri-kinh-doanh-clc,A00,Điểm học bạ,2023,36.0,Quản trị kinh doanh CLC
115909,NHH,quan-tri-kinh-doanh-clc,A01,Điểm học bạ,2023,36.0,Quản trị kinh doanh CLC
115910,NHH,quan-tri-kinh-doanh-clc,D01,Điểm học bạ,2023,36.0,Quản trị kinh doanh CLC
115911,NHH,quan-tri-kinh-doanh-clc,D07,Điểm học bạ,2023,36.0,Quản trị kinh doanh CLC
115912,NHH,tai-chinh,A00,Điểm học bạ,2022,28.25,Tài chính (Chương trình Chất lượng cao)
115913,NHH,tai-chinh,A01,Điểm học bạ,2022,28.25,Tài chính (Chương trình Chất lượng cao)
115914,NHH,tai-chinh,D01,Điểm học bạ,2022,28.25,Tài chính (Chương trình Chất lượng cao)
115915,NHH,tai-chinh,D07,Điểm học bạ,2022,28.25,Tài chính (Chương trình Chất lượng cao)
115916,NHH,tai-chinh,A00,Điểm thi THPT,2022,26.1,Tài chính (Chương trình Chất lượng cao)
115917,NHH,tai-chinh,A01,Điểm thi THPT,2022,26.1,Tài chính (Chương trình Chất lượng cao)
115918,NHH,tai-chinh,D01,Điểm thi THPT,2022,26.1,Tài chính (Chương trình Chất lượng cao)
115919,NHH,tai-chinh,D07,Điểm thi THPT,2022,26.1,Tài chính (Chương trình Chất lượng cao)
115920,NHH,tai-chinh,A00,Điểm học bạ,2023,29.8,Tài chính
115921,NHH,tai-chinh,A01,Điểm học bạ,2023,29.8,Tài chính
115922,NHH,tai-chinh,D01,Điểm học bạ,2023,29.8,Tài chính
115923,NHH,tai-chinh,D07,Điểm học bạ,2023,29.8,Tài chính
115924,NHH,tai-chinh,A00,Điểm thi THPT,2023,32.6,Tài chính (Chương trình Chất lượng cao)
115925,NHH,tai-chinh,A01,Điểm thi THPT,2023,32.6,Tài chính (Chương trình Chất lượng cao)
115926,NHH,tai-chinh,D01,Điểm thi THPT,2023,32.6,Tài chính (Chương trình Chất lượng cao)
115927,NHH,tai-chinh,D07,Điểm thi THPT,2023,32.6,Tài chính (Chương trình Chất lượng cao)
115928,NHH,tai-chinh,A00,Điểm học bạ,2024,37.0,Tài chính (Chương trình Chất lượng cao)
115929,NHH,tai-chinh,A01,Điểm học bạ,2024,37.0,Tài chính (Chương trình Chất lượng cao)
115930,NHH,tai-chinh,D01,Điểm học bạ,2024,37.0,Tài chính (Chương trình Chất lượng cao)
115931,NHH,tai-chinh,D07,Điểm học bạ,2024,37.0,Tài chính (Chương trình Chất lượng cao)
115932,NHH,tai-chinh,A00,Điểm thi THPT,2024,34.2,Tài chính (Chương trình Chất lượng cao)
115933,NHH,tai-chinh,A01,Điểm thi THPT,2024,34.2,Tài chính (Chương trình Chất lượng cao)
115934,NHH,tai-chinh,D01,Điểm thi THPT,2024,34.2,Tài chính (Chương trình Chất lượng cao)
115935,NHH,tai-chinh,D07,Điểm thi THPT,2024,34.2,Tài chính (Chương trình Chất lượng cao)
115936,NHH,tai-chinh,A00,Điểm học bạ,2025,28.58,Tài chính
115937,NHH,tai-chinh,A01,Điểm học bạ,2025,28.58,Tài chính
115938,NHH,tai-chinh,D01,Điểm học bạ,2025,28.58,Tài chính
115939,NHH,tai-chinh,D07,Điểm học bạ,2025,28.58,Tài chính
115940,NHH,tai-chinh,A00,Điểm thi THPT,2025,25.16,Tài chính
115941,NHH,tai-chinh,A01,Điểm thi THPT,2025,25.16,Tài chính
115942,NHH,tai-chinh,D01,Điểm thi THPT,2025,25.16,Tài chính
115943,NHH,tai-chinh,D07,Điểm thi THPT,2025,25.16,Tài chính
115944,NHH,tai-chinh-clc,A00,Điểm học bạ,2023,37.0,Tài chính CLC
115945,NHH,tai-chinh-clc,A01,Điểm học bạ,2023,37.0,Tài chính CLC
115946,NHH,tai-chinh-clc,D01,Điểm học bạ,2023,37.0,Tài chính CLC
115947,NHH,tai-chinh-clc,D07,Điểm học bạ,2023,37.0,Tài chính CLC
115948,NHH,tai-chinh-ngan-hang,A00,Điểm thi THPT,2021,26.5,Tài chính ngân hàng
115949,NHH,tai-chinh-ngan-hang,A01,Điểm thi THPT,2021,26.5,Tài chính ngân hàng
115950,NHH,tai-chinh-ngan-hang,D01,Điểm thi THPT,2021,26.5,Tài chính ngân hàng
115951,NHH,tai-chinh-ngan-hang,D07,Điểm thi THPT,2021,26.5,Tài chính ngân hàng
115952,NHH,tai-chinh-ngan-hang,A00,Điểm thi THPT,2023,23.55,"Tài chính - Ngân hàng ( Liên kết ĐH Sunderland, Anh Quốc. Cấp song bằng)"
115953,NHH,tai-chinh-ngan-hang,A01,Điểm thi THPT,2023,23.55,"Tài chính - Ngân hàng ( Liên kết ĐH Sunderland, Anh Quốc. Cấp song bằng)"
115954,NHH,tai-chinh-ngan-hang,D01,Điểm thi THPT,2023,23.55,"Tài chính - Ngân hàng ( Liên kết ĐH Sunderland, Anh Quốc. Cấp song bằng)"
115955,NHH,tai-chinh-ngan-hang,D07,Điểm thi THPT,2023,23.55,"Tài chính - Ngân hàng ( Liên kết ĐH Sunderland, Anh Quốc. Cấp song bằng)"
115956,NHH,tai-chinh-ngan-hang,A00,Điểm học bạ,2024,26.5,"Tài chính-Ngân hàng (Liên kết với ĐH Sunderland, Anh quốc. Cấp song bằng)"
115957,NHH,tai-chinh-ngan-hang,A01,Điểm học bạ,2024,26.5,"Tài chính-Ngân hàng (Liên kết với ĐH Sunderland, Anh quốc. Cấp song bằng)"
115958,NHH,tai-chinh-ngan-hang,D01,Điểm học bạ,2024,26.5,"Tài chính-Ngân hàng (Liên kết với ĐH Sunderland, Anh quốc. Cấp song bằng)"
115959,NHH,tai-chinh-ngan-hang,D07,Điểm học bạ,2024,26.5,"Tài chính-Ngân hàng (Liên kết với ĐH Sunderland, Anh quốc. Cấp song bằng)"
115960,NHH,tai-chinh-ngan-hang,A00,Điểm thi THPT,2024,24.5,"Tài chính-Ngân hàng (Liên kết với ĐH Sunderland, Anh quốc. Cấp song bằng)"
115961,NHH,tai-chinh-ngan-hang,A01,Điểm thi THPT,2024,24.5,"Tài chính-Ngân hàng (Liên kết với ĐH Sunderland, Anh quốc. Cấp song bằng)"
115962,NHH,tai-chinh-ngan-hang,D01,Điểm thi THPT,2024,24.5,"Tài chính-Ngân hàng (Liên kết với ĐH Sunderland, Anh quốc. Cấp song bằng)"
115963,NHH,tai-chinh-ngan-hang,D07,Điểm thi THPT,2024,24.5,"Tài chính-Ngân hàng (Liên kết với ĐH Sunderland, Anh quốc. Cấp song bằng)"
115964,NHH,tai-chinh-ngan-hang-sunderland,A00,Điểm học bạ,2023,27.2,Tài chính- Ngân hàng Sunderland
115965,NHH,tai-chinh-ngan-hang-sunderland,A01,Điểm học bạ,2023,27.2,Tài chính- Ngân hàng Sunderland
115966,NHH,tai-chinh-ngan-hang-sunderland,D01,Điểm học bạ,2023,27.2,Tài chính- Ngân hàng Sunderland
115967,NHH,tai-chinh-ngan-hang-sunderland,D07,Điểm học bạ,2023,27.2,Tài chính- Ngân hàng Sunderland
115968,NHH,tai-chinh-ngan-hang-sunderland-anh,A00,Điểm học bạ,2025,24.0,"Tài chính – Ngân hàng Sunderland, Anh (Cấp song bằng)"
115969,NHH,tai-chinh-ngan-hang-sunderland-anh,A01,Điểm học bạ,2025,24.0,"Tài chính – Ngân hàng Sunderland, Anh (Cấp song bằng)"
115970,NHH,tai-chinh-ngan-hang-sunderland-anh,D01,Điểm học bạ,2025,24.0,"Tài chính – Ngân hàng Sunderland, Anh (Cấp song bằng)"
115971,NHH,tai-chinh-ngan-hang-sunderland-anh,D07,Điểm học bạ,2025,24.0,"Tài chính – Ngân hàng Sunderland, Anh (Cấp song bằng)"
115972,NHH,tai-chinh-ngan-hang-sunderland-anh,A00,Điểm thi THPT,2025,21.0,"Tài chính – Ngân hàng Sunderland, Anh (Cấp song bằng)"
115973,NHH,tai-chinh-ngan-hang-sunderland-anh,A01,Điểm thi THPT,2025,21.0,"Tài chính – Ngân hàng Sunderland, Anh (Cấp song bằng)"
115974,NHH,tai-chinh-ngan-hang-sunderland-anh,D01,Điểm thi THPT,2025,21.0,"Tài chính – Ngân hàng Sunderland, Anh (Cấp song bằng)"
115975,NHH,tai-chinh-ngan-hang-sunderland-anh,D07,Điểm thi THPT,2025,21.0,"Tài chính – Ngân hàng Sunderland, Anh (Cấp song bằng)"
115976,NHP,ke-toan,A00,Điểm học bạ,2022,19.5,Kế toán
115977,NHP,ke-toan,A01,Điểm học bạ,2022,19.5,Kế toán
115978,NHP,ke-toan,D01,Điểm học bạ,2022,19.5,Kế toán
115979,NHP,ke-toan,D07,Điểm học bạ,2022,19.5,Kế toán
115980,NHP,ke-toan,A00,Điểm thi THPT,2022,15.0,Kế toán
115981,NHP,ke-toan,A01,Điểm thi THPT,2022,15.0,Kế toán
115982,NHP,ke-toan,D01,Điểm thi THPT,2022,15.0,Kế toán
115983,NHP,ke-toan,D07,Điểm thi THPT,2022,15.0,Kế toán
115984,NHP,ke-toan,A00,Điểm học bạ,2023,19.5,Kế toán
115985,NHP,ke-toan,A01,Điểm học bạ,2023,19.5,Kế toán
115986,NHP,ke-toan,D01,Điểm học bạ,2023,19.5,Kế toán
115987,NHP,ke-toan,D07,Điểm học bạ,2023,19.5,Kế toán
115988,NHP,ke-toan,A00,Điểm thi THPT,2023,15.0,Kế toán
115989,NHP,ke-toan,A01,Điểm thi THPT,2023,15.0,Kế toán
115990,NHP,ke-toan,D01,Điểm thi THPT,2023,15.0,Kế toán
115991,NHP,ke-toan,D07,Điểm thi THPT,2023,15.0,Kế toán
115992,NHP,ke-toan,A00,Điểm học bạ,2024,19.5,Kế toán
115993,NHP,ke-toan,A01,Điểm học bạ,2024,19.5,Kế toán
115994,NHP,ke-toan,D01,Điểm học bạ,2024,19.5,Kế toán
115995,NHP,ke-toan,D07,Điểm học bạ,2024,19.5,Kế toán
115996,NHP,ke-toan,A00,Điểm thi THPT,2024,15.0,Kế toán
115997,NHP,ke-toan,A01,Điểm thi THPT,2024,15.0,Kế toán
115998,NHP,ke-toan,D01,Điểm thi THPT,2024,15.0,Kế toán
115999,NHP,ke-toan,D07,Điểm thi THPT,2024,15.0,Kế toán
116000,NHP,ke-toan,A00,Điểm học bạ,2025,19.5,Kế toán
116001,NHP,ke-toan,A01,Điểm học bạ,2025,19.5,Kế toán
116002,NHP,ke-toan,D01,Điểm học bạ,2025,19.5,Kế toán
116003,NHP,ke-toan,D07,Điểm học bạ,2025,19.5,Kế toán
116004,NHP,ke-toan,A00,Điểm thi THPT,2025,15.0,Kế toán
116005,NHP,ke-toan,A01,Điểm thi THPT,2025,15.0,Kế toán
116006,NHP,ke-toan,D01,Điểm thi THPT,2025,15.0,Kế toán
116007,NHP,ke-toan,D07,Điểm thi THPT,2025,15.0,Kế toán
116008,NHP,marketing,A00,Điểm học bạ,2025,19.5,Marketing
116009,NHP,marketing,A01,Điểm học bạ,2025,19.5,Marketing
116010,NHP,marketing,D01,Điểm học bạ,2025,19.5,Marketing
116011,NHP,marketing,D07,Điểm học bạ,2025,19.5,Marketing
116012,NHP,marketing,A00,Điểm thi THPT,2025,15.0,Marketing
116013,NHP,marketing,A01,Điểm thi THPT,2025,15.0,Marketing
116014,NHP,marketing,D01,Điểm thi THPT,2025,15.0,Marketing
116015,NHP,marketing,D07,Điểm thi THPT,2025,15.0,Marketing
116016,NHP,ngan-hang,A00,Điểm học bạ,2022,19.5,Ngân hàng
116017,NHP,ngan-hang,A01,Điểm học bạ,2022,19.5,Ngân hàng
116018,NHP,ngan-hang,D01,Điểm học bạ,2022,19.5,Ngân hàng
116019,NHP,ngan-hang,D07,Điểm học bạ,2022,19.5,Ngân hàng
116020,NHP,ngan-hang,A00,Điểm thi THPT,2022,15.0,Ngân hàng
116021,NHP,ngan-hang,A01,Điểm thi THPT,2022,15.0,Ngân hàng
116022,NHP,ngan-hang,D01,Điểm thi THPT,2022,15.0,Ngân hàng
116023,NHP,ngan-hang,D07,Điểm thi THPT,2022,15.0,Ngân hàng
116024,NHP,ngan-hang,A00,Điểm học bạ,2023,19.5,Ngân hàng
116025,NHP,ngan-hang,A01,Điểm học bạ,2023,19.5,Ngân hàng
116026,NHP,ngan-hang,D01,Điểm học bạ,2023,19.5,Ngân hàng
116027,NHP,ngan-hang,D07,Điểm học bạ,2023,19.5,Ngân hàng
116028,NHP,ngan-hang,A00,Điểm thi THPT,2023,15.0,Ngân hàng
116029,NHP,ngan-hang,A01,Điểm thi THPT,2023,15.0,Ngân hàng
116030,NHP,ngan-hang,D01,Điểm thi THPT,2023,15.0,Ngân hàng
116031,NHP,ngan-hang,D07,Điểm thi THPT,2023,15.0,Ngân hàng
116032,NHP,ngan-hang,A00,Điểm học bạ,2024,19.5,Ngân hàng
116033,NHP,ngan-hang,A01,Điểm học bạ,2024,19.5,Ngân hàng
116034,NHP,ngan-hang,D01,Điểm học bạ,2024,19.5,Ngân hàng
116035,NHP,ngan-hang,D07,Điểm học bạ,2024,19.5,Ngân hàng
116036,NHP,ngan-hang,A00,Điểm thi THPT,2024,15.0,Ngân hàng
116037,NHP,ngan-hang,A01,Điểm thi THPT,2024,15.0,Ngân hàng
116038,NHP,ngan-hang,D01,Điểm thi THPT,2024,15.0,Ngân hàng
116039,NHP,ngan-hang,D07,Điểm thi THPT,2024,15.0,Ngân hàng
116040,NHP,ngan-hang,A00,Điểm học bạ,2025,19.5,Ngân hàng
116041,NHP,ngan-hang,A01,Điểm học bạ,2025,19.5,Ngân hàng
116042,NHP,ngan-hang,D01,Điểm học bạ,2025,19.5,Ngân hàng
116043,NHP,ngan-hang,D07,Điểm học bạ,2025,19.5,Ngân hàng
116044,NHP,ngan-hang,A00,Điểm thi THPT,2025,15.0,Ngân hàng
116045,NHP,ngan-hang,A01,Điểm thi THPT,2025,15.0,Ngân hàng
116046,NHP,ngan-hang,D01,Điểm thi THPT,2025,15.0,Ngân hàng
116047,NHP,ngan-hang,D07,Điểm thi THPT,2025,15.0,Ngân hàng
116048,NHP,quan-tri-kinh-doanh,A00,Điểm học bạ,2025,19.5,Quản trị kinh doanh
116049,NHP,quan-tri-kinh-doanh,A01,Điểm học bạ,2025,19.5,Quản trị kinh doanh
116050,NHP,quan-tri-kinh-doanh,D01,Điểm học bạ,2025,19.5,Quản trị kinh doanh
116051,NHP,quan-tri-kinh-doanh,D07,Điểm học bạ,2025,19.5,Quản trị kinh doanh
116052,NHP,quan-tri-kinh-doanh,A00,Điểm thi THPT,2025,15.0,Quản trị kinh doanh
116053,NHP,quan-tri-kinh-doanh,A01,Điểm thi THPT,2025,15.0,Quản trị kinh doanh
116054,NHP,quan-tri-kinh-doanh,D01,Điểm thi THPT,2025,15.0,Quản trị kinh doanh
116055,NHP,quan-tri-kinh-doanh,D07,Điểm thi THPT,2025,15.0,Quản trị kinh doanh
116056,NHP,tai-chinh,A00,Điểm học bạ,2023,19.5,Tài chính
116057,NHP,tai-chinh,A01,Điểm học bạ,2023,19.5,Tài chính
116058,NHP,tai-chinh,D01,Điểm học bạ,2023,19.5,Tài chính
116059,NHP,tai-chinh,D07,Điểm học bạ,2023,19.5,Tài chính
116060,NHP,tai-chinh,A00,Điểm thi THPT,2023,15.0,Tài chính
116061,NHP,tai-chinh,A01,Điểm thi THPT,2023,15.0,Tài chính
116062,NHP,tai-chinh,D01,Điểm thi THPT,2023,15.0,Tài chính
116063,NHP,tai-chinh,D07,Điểm thi THPT,2023,15.0,Tài chính
116064,NHP,tai-chinh,A00,Điểm học bạ,2024,19.5,Tài chính
116065,NHP,tai-chinh,A01,Điểm học bạ,2024,19.5,Tài chính
116066,NHP,tai-chinh,D01,Điểm học bạ,2024,19.5,Tài chính
116067,NHP,tai-chinh,D07,Điểm học bạ,2024,19.5,Tài chính
116068,NHP,tai-chinh,A00,Điểm thi THPT,2024,15.0,Tài chính
116069,NHP,tai-chinh,A01,Điểm thi THPT,2024,15.0,Tài chính
116070,NHP,tai-chinh,D01,Điểm thi THPT,2024,15.0,Tài chính
116071,NHP,tai-chinh,D07,Điểm thi THPT,2024,15.0,Tài chính
116072,NHP,tai-chinh,A00,Điểm học bạ,2025,19.5,Tài chính
116073,NHP,tai-chinh,A01,Điểm học bạ,2025,19.5,Tài chính
116074,NHP,tai-chinh,D01,Điểm học bạ,2025,19.5,Tài chính
116075,NHP,tai-chinh,D07,Điểm học bạ,2025,19.5,Tài chính
116076,NHP,tai-chinh,A00,Điểm thi THPT,2025,15.0,Tài chính
116077,NHP,tai-chinh,A01,Điểm thi THPT,2025,15.0,Tài chính
116078,NHP,tai-chinh,D01,Điểm thi THPT,2025,15.0,Tài chính
116079,NHP,tai-chinh,D07,Điểm thi THPT,2025,15.0,Tài chính
116080,NHS,chuong-trinh-dai-hoc-chinh-quy-chat-luong-cao,A00,Điểm thi THPT,2021,25.25,Chương trình đại học chính quy chất lượng cao (Tài chính ngân hàng; Kế toán; Quản trị kinh doanh)
116081,NHS,chuong-trinh-dai-hoc-chinh-quy-chat-luong-cao,A01,Điểm thi THPT,2021,25.25,Chương trình đại học chính quy chất lượng cao (Tài chính ngân hàng; Kế toán; Quản trị kinh doanh)
116082,NHS,chuong-trinh-dai-hoc-chinh-quy-chat-luong-cao,D01,Điểm thi THPT,2021,25.25,Chương trình đại học chính quy chất lượng cao (Tài chính ngân hàng; Kế toán; Quản trị kinh doanh)
116083,NHS,chuong-trinh-dai-hoc-chinh-quy-chat-luong-cao,D07,Điểm thi THPT,2021,25.25,Chương trình đại học chính quy chất lượng cao (Tài chính ngân hàng; Kế toán; Quản trị kinh doanh)
116084,NHS,chuong-trinh-dhcq-chat-luong-cao,A00,Điểm thi THPT,2023,24.1,Chương trình ĐHCQ chất lượng cao (Tiếng Anh bán phần)
116085,NHS,chuong-trinh-dhcq-chat-luong-cao,A01,Điểm thi THPT,2023,24.1,Chương trình ĐHCQ chất lượng cao (Tiếng Anh bán phần)
116086,NHS,chuong-trinh-dhcq-chat-luong-cao,D01,Điểm thi THPT,2023,24.1,Chương trình ĐHCQ chất lượng cao (Tiếng Anh bán phần)
116087,NHS,chuong-trinh-dhcq-chat-luong-cao,D07,Điểm thi THPT,2023,24.1,Chương trình ĐHCQ chất lượng cao (Tiếng Anh bán phần)
116088,NHS,chuong-trinh-dhcq-clc,A00,Điểm thi THPT,2022,23.1,Chương trình ĐHCQ CLC
116089,NHS,chuong-trinh-dhcq-clc,A01,Điểm thi THPT,2022,23.1,Chương trình ĐHCQ CLC
116090,NHS,chuong-trinh-dhcq-clc,D01,Điểm thi THPT,2022,23.1,Chương trình ĐHCQ CLC
116091,NHS,chuong-trinh-dhcq-clc,D07,Điểm thi THPT,2022,23.1,Chương trình ĐHCQ CLC
116092,NHS,chuong-trinh-dhcq-quoc-te-song-bang,A00,Điểm thi THPT,2022,23.1,Chương trình ĐHCQ quốc tế song bằng
116093,NHS,chuong-trinh-dhcq-quoc-te-song-bang,A01,Điểm thi THPT,2022,23.1,Chương trình ĐHCQ quốc tế song bằng
116094,NHS,chuong-trinh-dhcq-quoc-te-song-bang,D01,Điểm thi THPT,2022,23.1,Chương trình ĐHCQ quốc tế song bằng
116095,NHS,chuong-trinh-dhcq-quoc-te-song-bang,D07,Điểm thi THPT,2022,23.1,Chương trình ĐHCQ quốc tế song bằng
116096,NHS,chuong-trinh-dhcq-quoc-te-song-bang,A00,Điểm thi THPT,2023,24.5,Chương trình ĐHCQ quốc tế song bằng
116097,NHS,chuong-trinh-dhcq-quoc-te-song-bang,A01,Điểm thi THPT,2023,24.5,Chương trình ĐHCQ quốc tế song bằng
116098,NHS,chuong-trinh-dhcq-quoc-te-song-bang,D01,Điểm thi THPT,2023,24.5,Chương trình ĐHCQ quốc tế song bằng
116099,NHS,chuong-trinh-dhcq-quoc-te-song-bang,D07,Điểm thi THPT,2023,24.5,Chương trình ĐHCQ quốc tế song bằng
116100,NHS,cong-nghe-tai-chinh,A00,Điểm thi THPT,2024,25.43,Công nghệ tài chính
116101,NHS,cong-nghe-tai-chinh,A01,Điểm thi THPT,2024,25.43,Công nghệ tài chính
116102,NHS,cong-nghe-tai-chinh,D01,Điểm thi THPT,2024,25.43,Công nghệ tài chính
116103,NHS,cong-nghe-tai-chinh,D07,Điểm thi THPT,2024,25.43,Công nghệ tài chính
116104,NHS,cong-nghe-tai-chinh,A00,Điểm thi THPT,2025,22.76,Công nghệ tài chính (Fintech)
116105,NHS,cong-nghe-tai-chinh,A01,Điểm thi THPT,2025,22.76,Công nghệ tài chính (Fintech)
116106,NHS,cong-nghe-tai-chinh,D01,Điểm thi THPT,2025,22.76,Công nghệ tài chính (Fintech)
116107,NHS,cong-nghe-tai-chinh,D07,Điểm thi THPT,2025,22.76,Công nghệ tài chính (Fintech)
116108,NHS,cong-nghe-tai-chinh,X26,Điểm thi THPT,2025,22.76,Công nghệ tài chính (Fintech)
116109,NHS,he-thong-thong-tin-quan-ly,A00,Điểm thi THPT,2021,25.85,Hệ thống thông tin quản lý
116110,NHS,he-thong-thong-tin-quan-ly,A01,Điểm thi THPT,2021,25.85,Hệ thống thông tin quản lý
116111,NHS,he-thong-thong-tin-quan-ly,D01,Điểm thi THPT,2021,25.85,Hệ thống thông tin quản lý
116112,NHS,he-thong-thong-tin-quan-ly,D07,Điểm thi THPT,2021,25.85,Hệ thống thông tin quản lý
116113,NHS,he-thong-thong-tin-quan-ly,A00,Điểm thi THPT,2022,24.55,Hệ thống thông tin quản lý
116114,NHS,he-thong-thong-tin-quan-ly,A01,Điểm thi THPT,2022,24.55,Hệ thống thông tin quản lý
116115,NHS,he-thong-thong-tin-quan-ly,D01,Điểm thi THPT,2022,24.55,Hệ thống thông tin quản lý
116116,NHS,he-thong-thong-tin-quan-ly,D07,Điểm thi THPT,2022,24.55,Hệ thống thông tin quản lý
116117,NHS,he-thong-thong-tin-quan-ly,A00,Điểm thi THPT,2023,24.6,Hệ thống thông tin quản lý
116118,NHS,he-thong-thong-tin-quan-ly,A01,Điểm thi THPT,2023,24.6,Hệ thống thông tin quản lý
116119,NHS,he-thong-thong-tin-quan-ly,D01,Điểm thi THPT,2023,24.6,Hệ thống thông tin quản lý
116120,NHS,he-thong-thong-tin-quan-ly,D07,Điểm thi THPT,2023,24.6,Hệ thống thông tin quản lý
116121,NHS,he-thong-thong-tin-quan-ly,A00,Điểm thi THPT,2024,25.24,Hệ thống thông tin quản lý
116122,NHS,he-thong-thong-tin-quan-ly,A01,Điểm thi THPT,2024,25.24,Hệ thống thông tin quản lý
116123,NHS,he-thong-thong-tin-quan-ly,D01,Điểm thi THPT,2024,25.24,Hệ thống thông tin quản lý
116124,NHS,he-thong-thong-tin-quan-ly,D07,Điểm thi THPT,2024,25.24,Hệ thống thông tin quản lý
116125,NHS,he-thong-thong-tin-quan-ly,A00,Điểm thi THPT,2025,21.5,Hệ thống thông tin quản lý
116126,NHS,he-thong-thong-tin-quan-ly,A01,Điểm thi THPT,2025,21.5,Hệ thống thông tin quản lý
116127,NHS,he-thong-thong-tin-quan-ly,D01,Điểm thi THPT,2025,21.5,Hệ thống thông tin quản lý
116128,NHS,he-thong-thong-tin-quan-ly,D07,Điểm thi THPT,2025,21.5,Hệ thống thông tin quản lý
116129,NHS,he-thong-thong-tin-quan-ly,X26,Điểm thi THPT,2025,21.5,Hệ thống thông tin quản lý
116130,NHS,ke-toan,A00,Điểm thi THPT,2021,25.55,Kế toán
116131,NHS,ke-toan,A01,Điểm thi THPT,2021,25.55,Kế toán
116132,NHS,ke-toan,D01,Điểm thi THPT,2021,25.55,Kế toán
116133,NHS,ke-toan,D07,Điểm thi THPT,2021,25.55,Kế toán
116134,NHS,ke-toan,A00,Điểm thi THPT,2022,25.15,Kế toán
116135,NHS,ke-toan,A01,Điểm thi THPT,2022,25.15,Kế toán
116136,NHS,ke-toan,D01,Điểm thi THPT,2022,25.15,Kế toán
116137,NHS,ke-toan,D07,Điểm thi THPT,2022,25.15,Kế toán
116138,NHS,ke-toan,A00,Điểm thi THPT,2023,24.87,Kế toán
116139,NHS,ke-toan,A01,Điểm thi THPT,2023,24.87,Kế toán
116140,NHS,ke-toan,D01,Điểm thi THPT,2023,24.87,Kế toán
116141,NHS,ke-toan,D07,Điểm thi THPT,2023,24.87,Kế toán
116142,NHS,ke-toan,A00,Điểm thi THPT,2024,25.29,Kế toán
116143,NHS,ke-toan,A01,Điểm thi THPT,2024,25.29,Kế toán
116144,NHS,ke-toan,D01,Điểm thi THPT,2024,25.29,Kế toán
116145,NHS,ke-toan,D07,Điểm thi THPT,2024,25.29,Kế toán
116146,NHS,ke-toan,A00,Điểm thi THPT,2025,22.47,Kế toán
116147,NHS,ke-toan,A01,Điểm thi THPT,2025,22.47,Kế toán
116148,NHS,ke-toan,D01,Điểm thi THPT,2025,22.47,Kế toán
116149,NHS,ke-toan,D07,Điểm thi THPT,2025,22.47,Kế toán
116150,NHS,ke-toan-tabp,A00,Điểm thi THPT,2025,18.35,Kế toán TABP (Chương trình định hướng Digital Accounting)
116151,NHS,ke-toan-tabp,A01,Điểm thi THPT,2025,18.35,Kế toán TABP (Chương trình định hướng Digital Accounting)
116152,NHS,ke-toan-tabp,D01,Điểm thi THPT,2025,18.35,Kế toán TABP (Chương trình định hướng Digital Accounting)
116153,NHS,ke-toan-tabp,D07,Điểm thi THPT,2025,18.35,Kế toán TABP (Chương trình định hướng Digital Accounting)
116154,NHS,khoa-hoc-du-lieu,A00,Điểm thi THPT,2024,24.75,Khoa học dữ liệu
116155,NHS,khoa-hoc-du-lieu,A01,Điểm thi THPT,2024,24.75,Khoa học dữ liệu
116156,NHS,khoa-hoc-du-lieu,D01,Điểm thi THPT,2024,24.75,Khoa học dữ liệu
116157,NHS,khoa-hoc-du-lieu,D07,Điểm thi THPT,2024,24.75,Khoa học dữ liệu
116158,NHS,khoa-hoc-du-lieu,A00,Điểm thi THPT,2025,20.5,Khoa học dữ liệu
116159,NHS,khoa-hoc-du-lieu,A01,Điểm thi THPT,2025,20.5,Khoa học dữ liệu
116160,NHS,khoa-hoc-du-lieu,D01,Điểm thi THPT,2025,20.5,Khoa học dữ liệu
116161,NHS,khoa-hoc-du-lieu,D07,Điểm thi THPT,2025,20.5,Khoa học dữ liệu
116162,NHS,khoa-hoc-du-lieu,X26,Điểm thi THPT,2025,20.5,Khoa học dữ liệu
116163,NHS,kiem-toan,A00,Điểm thi THPT,2025,23.58,Kiểm toán
116164,NHS,kiem-toan,A01,Điểm thi THPT,2025,23.58,Kiểm toán
116165,NHS,kiem-toan,D01,Điểm thi THPT,2025,23.58,Kiểm toán
116166,NHS,kiem-toan,D07,Điểm thi THPT,2025,23.58,Kiểm toán
116167,NHS,kinh-doanh-quoc-te,A00,Điểm thi THPT,2024,26.36,Kinh doanh quốc tế
116168,NHS,kinh-doanh-quoc-te,A01,Điểm thi THPT,2024,26.36,Kinh doanh quốc tế
116169,NHS,kinh-doanh-quoc-te,D01,Điểm thi THPT,2024,26.36,Kinh doanh quốc tế
116170,NHS,kinh-doanh-quoc-te,D07,Điểm thi THPT,2024,26.36,Kinh doanh quốc tế
116171,NHS,kinh-doanh-quoc-te,A00,Điểm thi THPT,2025,23.6,Kinh doanh quốc tế
116172,NHS,kinh-doanh-quoc-te,A01,Điểm thi THPT,2025,23.6,Kinh doanh quốc tế
116173,NHS,kinh-doanh-quoc-te,D01,Điểm thi THPT,2025,23.6,Kinh doanh quốc tế
116174,NHS,kinh-doanh-quoc-te,D07,Điểm thi THPT,2025,23.6,Kinh doanh quốc tế
116175,NHS,kinh-te-quoc-te,A00,Điểm thi THPT,2021,26.15,Kinh tế quốc tế
116176,NHS,kinh-te-quoc-te,A01,Điểm thi THPT,2021,26.15,Kinh tế quốc tế
116177,NHS,kinh-te-quoc-te,D01,Điểm thi THPT,2021,26.15,Kinh tế quốc tế
116178,NHS,kinh-te-quoc-te,D07,Điểm thi THPT,2021,26.15,Kinh tế quốc tế
116179,NHS,kinh-te-quoc-te,A00,Điểm thi THPT,2022,24.65,Kinh tế quốc tế
116180,NHS,kinh-te-quoc-te,A01,Điểm thi THPT,2022,24.65,Kinh tế quốc tế
116181,NHS,kinh-te-quoc-te,D01,Điểm thi THPT,2022,24.65,Kinh tế quốc tế
116182,NHS,kinh-te-quoc-te,D07,Điểm thi THPT,2022,24.65,Kinh tế quốc tế
116183,NHS,kinh-te-quoc-te,A00,Điểm thi THPT,2023,25.24,Kinh tế quốc tế
116184,NHS,kinh-te-quoc-te,A01,Điểm thi THPT,2023,25.24,Kinh tế quốc tế
116185,NHS,kinh-te-quoc-te,D01,Điểm thi THPT,2023,25.24,Kinh tế quốc tế
116186,NHS,kinh-te-quoc-te,D07,Điểm thi THPT,2023,25.24,Kinh tế quốc tế
116187,NHS,kinh-te-quoc-te,A00,Điểm thi THPT,2024,25.5,Kinh tế quốc tế
116188,NHS,kinh-te-quoc-te,A01,Điểm thi THPT,2024,25.5,Kinh tế quốc tế
116189,NHS,kinh-te-quoc-te,D01,Điểm thi THPT,2024,25.5,Kinh tế quốc tế
116190,NHS,kinh-te-quoc-te,D07,Điểm thi THPT,2024,25.5,Kinh tế quốc tế
116191,NHS,kinh-te-quoc-te,A00,Điểm thi THPT,2025,22.05,Kinh tế quốc tế
116192,NHS,kinh-te-quoc-te,A01,Điểm thi THPT,2025,22.05,Kinh tế quốc tế
116193,NHS,kinh-te-quoc-te,D01,Điểm thi THPT,2025,22.05,Kinh tế quốc tế
116194,NHS,kinh-te-quoc-te,D07,Điểm thi THPT,2025,22.05,Kinh tế quốc tế
116195,NHS,logistics-va-quan-ly-chuoi-cung-ung,A00,Điểm thi THPT,2024,25.8,Logistics và quản lý chuỗi cung ứng
116196,NHS,logistics-va-quan-ly-chuoi-cung-ung,A01,Điểm thi THPT,2024,25.8,Logistics và quản lý chuỗi cung ứng
116197,NHS,logistics-va-quan-ly-chuoi-cung-ung,D01,Điểm thi THPT,2024,25.8,Logistics và quản lý chuỗi cung ứng
116198,NHS,logistics-va-quan-ly-chuoi-cung-ung,D07,Điểm thi THPT,2024,25.8,Logistics và quản lý chuỗi cung ứng
116199,NHS,logistics-va-quan-ly-chuoi-cung-ung,A00,Điểm thi THPT,2025,23.49,Logistics và Quản lý chuỗi cung ứng
116200,NHS,logistics-va-quan-ly-chuoi-cung-ung,A01,Điểm thi THPT,2025,23.49,Logistics và Quản lý chuỗi cung ứng
116201,NHS,logistics-va-quan-ly-chuoi-cung-ung,D01,Điểm thi THPT,2025,23.49,Logistics và Quản lý chuỗi cung ứng
116202,NHS,logistics-va-quan-ly-chuoi-cung-ung,D07,Điểm thi THPT,2025,23.49,Logistics và Quản lý chuỗi cung ứng
116203,NHS,luat,A00,Điểm thi THPT,2025,19.55,Luật
116204,NHS,luat,A01,Điểm thi THPT,2025,19.55,Luật
116205,NHS,luat,C00,Điểm thi THPT,2025,19.55,Luật
116206,NHS,luat,D01,Điểm thi THPT,2025,19.55,Luật
116207,NHS,luat,D14,Điểm thi THPT,2025,19.55,Luật
116208,NHS,luat-kinh-te,A00,Điểm thi THPT,2021,26.0,Luật kinh tế
116209,NHS,luat-kinh-te,A01,Điểm thi THPT,2021,26.0,Luật kinh tế
116210,NHS,luat-kinh-te,C00,Điểm thi THPT,2021,26.0,Luật kinh tế
116211,NHS,luat-kinh-te,D01,Điểm thi THPT,2021,26.0,Luật kinh tế
116212,NHS,luat-kinh-te,A00,Điểm thi THPT,2022,25.0,Luật kinh tế
116213,NHS,luat-kinh-te,A01,Điểm thi THPT,2022,25.0,Luật kinh tế
116214,NHS,luat-kinh-te,C00,Điểm thi THPT,2022,25.0,Luật kinh tế
116215,NHS,luat-kinh-te,D01,Điểm thi THPT,2022,25.0,Luật kinh tế
116216,NHS,luat-kinh-te,A00,Điểm thi THPT,2023,25.07,Luật kinh tế
116217,NHS,luat-kinh-te,A01,Điểm thi THPT,2023,25.07,Luật kinh tế
116218,NHS,luat-kinh-te,C00,Điểm thi THPT,2023,25.07,Luật kinh tế
116219,NHS,luat-kinh-te,D01,Điểm thi THPT,2023,25.07,Luật kinh tế
116220,NHS,luat-kinh-te,A00,Điểm thi THPT,2024,24.35,Luật kinh tế
116221,NHS,luat-kinh-te,A01,Điểm thi THPT,2024,24.35,Luật kinh tế
116222,NHS,luat-kinh-te,C00,Điểm thi THPT,2024,24.35,Luật kinh tế
116223,NHS,luat-kinh-te,D01,Điểm thi THPT,2024,24.35,Luật kinh tế
116224,NHS,luat-kinh-te,A00,Điểm thi THPT,2025,22.0,Luật kinh tế
116225,NHS,luat-kinh-te,A01,Điểm thi THPT,2025,22.0,Luật kinh tế
116226,NHS,luat-kinh-te,C00,Điểm thi THPT,2025,22.0,Luật kinh tế
116227,NHS,luat-kinh-te,D01,Điểm thi THPT,2025,22.0,Luật kinh tế
116228,NHS,luat-kinh-te,D14,Điểm thi THPT,2025,22.0,Luật kinh tế
116229,NHS,marketing,A00,Điểm thi THPT,2024,26.1,Marketing
116230,NHS,marketing,A01,Điểm thi THPT,2024,26.1,Marketing
116231,NHS,marketing,D01,Điểm thi THPT,2024,26.1,Marketing
116232,NHS,marketing,D07,Điểm thi THPT,2024,26.1,Marketing
116233,NHS,marketing,A00,Điểm thi THPT,2025,23.58,Marketing
116234,NHS,marketing,A01,Điểm thi THPT,2025,23.58,Marketing
116235,NHS,marketing,D01,Điểm thi THPT,2025,23.58,Marketing
116236,NHS,marketing,D07,Điểm thi THPT,2025,23.58,Marketing
116237,NHS,ngon-ngu-anh,A01,Điểm thi THPT,2021,26.46,Ngôn ngữ Anh
116238,NHS,ngon-ngu-anh,D01,Điểm thi THPT,2021,26.46,Ngôn ngữ Anh
116239,NHS,ngon-ngu-anh,D14,Điểm thi THPT,2021,26.46,Ngôn ngữ Anh
116240,NHS,ngon-ngu-anh,D15,Điểm thi THPT,2021,26.46,Ngôn ngữ Anh
116241,NHS,ngon-ngu-anh,A01,Điểm thi THPT,2022,22.56,Ngôn ngữ Anh
116242,NHS,ngon-ngu-anh,D01,Điểm thi THPT,2022,22.56,Ngôn ngữ Anh
116243,NHS,ngon-ngu-anh,D14,Điểm thi THPT,2022,22.56,Ngôn ngữ Anh
116244,NHS,ngon-ngu-anh,D15,Điểm thi THPT,2022,22.56,Ngôn ngữ Anh
116245,NHS,ngon-ngu-anh,A01,Điểm thi THPT,2023,24.38,Ngôn ngữ Anh
116246,NHS,ngon-ngu-anh,D01,Điểm thi THPT,2023,24.38,Ngôn ngữ Anh
116247,NHS,ngon-ngu-anh,D14,Điểm thi THPT,2023,24.38,Ngôn ngữ Anh
116248,NHS,ngon-ngu-anh,D15,Điểm thi THPT,2023,24.38,Ngôn ngữ Anh
116249,NHS,ngon-ngu-anh,A01,Điểm thi THPT,2024,25.05,Ngôn ngữ Anh
116250,NHS,ngon-ngu-anh,D01,Điểm thi THPT,2024,25.05,Ngôn ngữ Anh
116251,NHS,ngon-ngu-anh,D14,Điểm thi THPT,2024,25.05,Ngôn ngữ Anh
116252,NHS,ngon-ngu-anh,D15,Điểm thi THPT,2024,25.05,Ngôn ngữ Anh
116253,NHS,ngon-ngu-anh,A01,Điểm thi THPT,2025,21.82,"Ngôn ngữ Anh (Chương trình Tiếng Anh thương mại, Chương trình Song ngữ Anh - Trung)"
116254,NHS,ngon-ngu-anh,D01,Điểm thi THPT,2025,21.82,"Ngôn ngữ Anh (Chương trình Tiếng Anh thương mại, Chương trình Song ngữ Anh - Trung)"
116255,NHS,ngon-ngu-anh,D14,Điểm thi THPT,2025,21.82,"Ngôn ngữ Anh (Chương trình Tiếng Anh thương mại, Chương trình Song ngữ Anh - Trung)"
116256,NHS,ngon-ngu-anh,D15,Điểm thi THPT,2025,21.82,"Ngôn ngữ Anh (Chương trình Tiếng Anh thương mại, Chương trình Song ngữ Anh - Trung)"
116257,NHS,ngon-ngu-anh-chuong-trinh-dao-tao-dac-biet,A01,Điểm thi THPT,2025,20.71,Ngôn ngữ Anh - Chương trình đào tạo đặc biệt
116258,NHS,ngon-ngu-anh-chuong-trinh-dao-tao-dac-biet,D01,Điểm thi THPT,2025,20.71,Ngôn ngữ Anh - Chương trình đào tạo đặc biệt
116259,NHS,ngon-ngu-anh-chuong-trinh-dao-tao-dac-biet,D14,Điểm thi THPT,2025,20.71,Ngôn ngữ Anh - Chương trình đào tạo đặc biệt
116260,NHS,ngon-ngu-anh-chuong-trinh-dao-tao-dac-biet,D15,Điểm thi THPT,2025,20.71,Ngôn ngữ Anh - Chương trình đào tạo đặc biệt
116261,NHS,quan-ly-chuoi-cung-ung-bao-hiem-tai-chinh-ngan-hang,A00,Điểm thi THPT,2021,25.25,Chương trình đại học chính quy quốc tế cấp song bằng (Quản trị kinh doanh; Quản trị kinh doanh chuyên ngành Quản lý chuỗi cung ứng; Bảo hiểm - Tài chính - Ngân hàng)
116262,NHS,quan-ly-chuoi-cung-ung-bao-hiem-tai-chinh-ngan-hang,A01,Điểm thi THPT,2021,25.25,Chương trình đại học chính quy quốc tế cấp song bằng (Quản trị kinh doanh; Quản trị kinh doanh chuyên ngành Quản lý chuỗi cung ứng; Bảo hiểm - Tài chính - Ngân hàng)
116263,NHS,quan-ly-chuoi-cung-ung-bao-hiem-tai-chinh-ngan-hang,D01,Điểm thi THPT,2021,25.25,Chương trình đại học chính quy quốc tế cấp song bằng (Quản trị kinh doanh; Quản trị kinh doanh chuyên ngành Quản lý chuỗi cung ứng; Bảo hiểm - Tài chính - Ngân hàng)
116264,NHS,quan-ly-chuoi-cung-ung-bao-hiem-tai-chinh-ngan-hang,D07,Điểm thi THPT,2021,25.25,Chương trình đại học chính quy quốc tế cấp song bằng (Quản trị kinh doanh; Quản trị kinh doanh chuyên ngành Quản lý chuỗi cung ứng; Bảo hiểm - Tài chính - Ngân hàng)
116265,NHS,quan-tri-kinh-doanh,A00,Điểm thi THPT,2021,26.25,Quản trị kinh doanh
116266,NHS,quan-tri-kinh-doanh,A01,Điểm thi THPT,2021,26.25,Quản trị kinh doanh
116267,NHS,quan-tri-kinh-doanh,D01,Điểm thi THPT,2021,26.25,Quản trị kinh doanh
116268,NHS,quan-tri-kinh-doanh,D07,Điểm thi THPT,2021,26.25,Quản trị kinh doanh
116269,NHS,quan-tri-kinh-doanh,A00,Điểm thi THPT,2022,25.35,Quản trị kinh doanh
116270,NHS,quan-tri-kinh-doanh,A01,Điểm thi THPT,2022,25.35,Quản trị kinh doanh
116271,NHS,quan-tri-kinh-doanh,D01,Điểm thi THPT,2022,25.35,Quản trị kinh doanh
116272,NHS,quan-tri-kinh-doanh,D07,Điểm thi THPT,2022,25.35,Quản trị kinh doanh
116273,NHS,quan-tri-kinh-doanh,A00,Điểm thi THPT,2023,25.05,Quản trị kinh doanh
116274,NHS,quan-tri-kinh-doanh,A01,Điểm thi THPT,2023,25.05,Quản trị kinh doanh
116275,NHS,quan-tri-kinh-doanh,D01,Điểm thi THPT,2023,25.05,Quản trị kinh doanh
116276,NHS,quan-tri-kinh-doanh,D07,Điểm thi THPT,2023,25.05,Quản trị kinh doanh
116277,NHS,quan-tri-kinh-doanh,A00,Điểm thi THPT,2024,24.5,Quốc tế cấp song bằng ngành Quản trị kinh doanh
116278,NHS,quan-tri-kinh-doanh,A01,Điểm thi THPT,2024,24.5,Quốc tế cấp song bằng ngành Quản trị kinh doanh
116279,NHS,quan-tri-kinh-doanh,D01,Điểm thi THPT,2024,24.5,Quốc tế cấp song bằng ngành Quản trị kinh doanh
116280,NHS,quan-tri-kinh-doanh,D07,Điểm thi THPT,2024,24.5,Quốc tế cấp song bằng ngành Quản trị kinh doanh
116281,NHS,quan-tri-kinh-doanh,A00,Điểm thi THPT,2025,22.86,Quản trị kinh doanh
116282,NHS,quan-tri-kinh-doanh,A01,Điểm thi THPT,2025,22.86,Quản trị kinh doanh
116283,NHS,quan-tri-kinh-doanh,D01,Điểm thi THPT,2025,22.86,Quản trị kinh doanh
116284,NHS,quan-tri-kinh-doanh,D07,Điểm thi THPT,2025,22.86,Quản trị kinh doanh
116285,NHS,quan-tri-kinh-doanh-tabp,A00,Điểm thi THPT,2025,19.1,Quản trị kinh doanh TABP (Chương trình định hướng E.Business)
116286,NHS,quan-tri-kinh-doanh-tabp,A01,Điểm thi THPT,2025,19.1,Quản trị kinh doanh TABP (Chương trình định hướng E.Business)
116287,NHS,quan-tri-kinh-doanh-tabp,D01,Điểm thi THPT,2025,19.1,Quản trị kinh doanh TABP (Chương trình định hướng E.Business)
116288,NHS,quan-tri-kinh-doanh-tabp,D07,Điểm thi THPT,2025,19.1,Quản trị kinh doanh TABP (Chương trình định hướng E.Business)
116289,NHS,quan-tri-kinh-doanh-va-hub-moi-ben-cap-mot-bang-cu-nhan,A00,Điểm thi THPT,2025,19.3,Quản trị kinh doanh (Chương trình Quản trị kinh doanh; Marketing; Quản lý chuỗi cung ứng; Tài chính do ĐH Bolton (Anh Quốc) và HUB mỗi bên cấp một bằng cử nhân)
116290,NHS,quan-tri-kinh-doanh-va-hub-moi-ben-cap-mot-bang-cu-nhan,A01,Điểm thi THPT,2025,19.3,Quản trị kinh doanh (Chương trình Quản trị kinh doanh; Marketing; Quản lý chuỗi cung ứng; Tài chính do ĐH Bolton (Anh Quốc) và HUB mỗi bên cấp một bằng cử nhân)
116291,NHS,quan-tri-kinh-doanh-va-hub-moi-ben-cap-mot-bang-cu-nhan,D01,Điểm thi THPT,2025,19.3,Quản trị kinh doanh (Chương trình Quản trị kinh doanh; Marketing; Quản lý chuỗi cung ứng; Tài chính do ĐH Bolton (Anh Quốc) và HUB mỗi bên cấp một bằng cử nhân)
116292,NHS,quan-tri-kinh-doanh-va-hub-moi-ben-cap-mot-bang-cu-nhan,D07,Điểm thi THPT,2025,19.3,Quản trị kinh doanh (Chương trình Quản trị kinh doanh; Marketing; Quản lý chuỗi cung ứng; Tài chính do ĐH Bolton (Anh Quốc) và HUB mỗi bên cấp một bằng cử nhân)
116293,NHS,tai-chinh-ngan-hang,A00,Điểm thi THPT,2021,25.65,Tài chính - Ngân hàng
116294,NHS,tai-chinh-ngan-hang,A01,Điểm thi THPT,2021,25.65,Tài chính - Ngân hàng
116295,NHS,tai-chinh-ngan-hang,D01,Điểm thi THPT,2021,25.65,Tài chính - Ngân hàng
116296,NHS,tai-chinh-ngan-hang,D07,Điểm thi THPT,2021,25.65,Tài chính - Ngân hàng
116297,NHS,tai-chinh-ngan-hang,A00,Điểm thi THPT,2022,25.05,Tài chính - Ngân hàng
116298,NHS,tai-chinh-ngan-hang,A01,Điểm thi THPT,2022,25.05,Tài chính - Ngân hàng
116299,NHS,tai-chinh-ngan-hang,D01,Điểm thi THPT,2022,25.05,Tài chính - Ngân hàng
116300,NHS,tai-chinh-ngan-hang,D07,Điểm thi THPT,2022,25.05,Tài chính - Ngân hàng
116301,NHS,tai-chinh-ngan-hang,A00,Điểm thi THPT,2023,24.9,Tài chính ngân hàng
116302,NHS,tai-chinh-ngan-hang,A01,Điểm thi THPT,2023,24.9,Tài chính ngân hàng
116303,NHS,tai-chinh-ngan-hang,D01,Điểm thi THPT,2023,24.9,Tài chính ngân hàng
116304,NHS,tai-chinh-ngan-hang,D07,Điểm thi THPT,2023,24.9,Tài chính ngân hàng
116305,NHS,tai-chinh-ngan-hang,A00,Điểm thi THPT,2024,25.47,Tài chính ngân hàng
116306,NHS,tai-chinh-ngan-hang,A01,Điểm thi THPT,2024,25.47,Tài chính ngân hàng
116307,NHS,tai-chinh-ngan-hang,D01,Điểm thi THPT,2024,25.47,Tài chính ngân hàng
116308,NHS,tai-chinh-ngan-hang,D07,Điểm thi THPT,2024,25.47,Tài chính ngân hàng
116309,NHS,tai-chinh-ngan-hang,A00,Điểm thi THPT,2025,22.76,Tài chính - Ngân hàng
116310,NHS,tai-chinh-ngan-hang,A01,Điểm thi THPT,2025,22.76,Tài chính - Ngân hàng
116311,NHS,tai-chinh-ngan-hang,D01,Điểm thi THPT,2025,22.76,Tài chính - Ngân hàng
116312,NHS,tai-chinh-ngan-hang,D07,Điểm thi THPT,2025,22.76,Tài chính - Ngân hàng
116313,NHS,tai-chinh-ngan-hang-tabp,A00,Điểm thi THPT,2025,18.73,Tài chính – Ngân hàng TABP (Chương trình định hướng công nghệ tài chính và chuyển đổi số)
116314,NHS,tai-chinh-ngan-hang-tabp,A01,Điểm thi THPT,2025,18.73,Tài chính – Ngân hàng TABP (Chương trình định hướng công nghệ tài chính và chuyển đổi số)
116315,NHS,tai-chinh-ngan-hang-tabp,D01,Điểm thi THPT,2025,18.73,Tài chính – Ngân hàng TABP (Chương trình định hướng công nghệ tài chính và chuyển đổi số)
116316,NHS,tai-chinh-ngan-hang-tabp,D07,Điểm thi THPT,2025,18.73,Tài chính – Ngân hàng TABP (Chương trình định hướng công nghệ tài chính và chuyển đổi số)
116317,NHS,tai-chinh-ngan-hang-va-hub-moi-ben-cap-mot-bang-cu-nhan,A00,Điểm thi THPT,2025,19.25,Tài chính – Ngân hàng (Chương trình Tài chính - Ngân hàng - Bảo hiểm do ĐH Toulon (Pháp) và HUB mỗi bên cấp một bằng cử nhân)
116318,NHS,tai-chinh-ngan-hang-va-hub-moi-ben-cap-mot-bang-cu-nhan,A01,Điểm thi THPT,2025,19.25,Tài chính – Ngân hàng (Chương trình Tài chính - Ngân hàng - Bảo hiểm do ĐH Toulon (Pháp) và HUB mỗi bên cấp một bằng cử nhân)
116319,NHS,tai-chinh-ngan-hang-va-hub-moi-ben-cap-mot-bang-cu-nhan,D01,Điểm thi THPT,2025,19.25,Tài chính – Ngân hàng (Chương trình Tài chính - Ngân hàng - Bảo hiểm do ĐH Toulon (Pháp) và HUB mỗi bên cấp một bằng cử nhân)
116320,NHS,tai-chinh-ngan-hang-va-hub-moi-ben-cap-mot-bang-cu-nhan,D07,Điểm thi THPT,2025,19.25,Tài chính – Ngân hàng (Chương trình Tài chính - Ngân hàng - Bảo hiểm do ĐH Toulon (Pháp) và HUB mỗi bên cấp một bằng cử nhân)
116321,NHS,thuong-mai-dien-tu,A00,Điểm thi THPT,2025,23.48,Thương mại điện tử
116322,NHS,thuong-mai-dien-tu,A01,Điểm thi THPT,2025,23.48,Thương mại điện tử
116323,NHS,thuong-mai-dien-tu,D01,Điểm thi THPT,2025,23.48,Thương mại điện tử
116324,NHS,thuong-mai-dien-tu,D07,Điểm thi THPT,2025,23.48,Thương mại điện tử
116325,NHS,thuong-mai-dien-tu,X26,Điểm thi THPT,2025,23.48,Thương mại điện tử
116326,NHS,tri-tue-nhan-tao,A00,Điểm thi THPT,2025,19.49,Trí tuệ nhân tạo
116327,NHS,tri-tue-nhan-tao,A01,Điểm thi THPT,2025,19.49,Trí tuệ nhân tạo
116328,NHS,tri-tue-nhan-tao,D01,Điểm thi THPT,2025,19.49,Trí tuệ nhân tạo
116329,NHS,tri-tue-nhan-tao,D07,Điểm thi THPT,2025,19.49,Trí tuệ nhân tạo
116330,NHS,tri-tue-nhan-tao,X26,Điểm thi THPT,2025,19.49,Trí tuệ nhân tạo
116331,NLG,bat-dong-san,A00,Điểm thi THPT,2022,15.0,Bất động sản
116332,NLG,bat-dong-san,A01,Điểm thi THPT,2022,15.0,Bất động sản
116333,NLG,bat-dong-san,D01,Điểm thi THPT,2022,15.0,Bất động sản
116334,NLG,bat-dong-san,A00,Điểm học bạ,2023,18.0,Bất động sản
116335,NLG,bat-dong-san,A01,Điểm học bạ,2023,18.0,Bất động sản
116336,NLG,bat-dong-san,A04,Điểm học bạ,2023,18.0,Bất động sản
116337,NLG,bat-dong-san,D01,Điểm học bạ,2023,18.0,Bất động sản
116338,NLG,bat-dong-san,A00,Điểm thi THPT,2023,15.0,Bất động sản
116339,NLG,bat-dong-san,A01,Điểm thi THPT,2023,15.0,Bất động sản
116340,NLG,bat-dong-san,A04,Điểm thi THPT,2023,15.0,Bất động sản
116341,NLG,bat-dong-san,D01,Điểm thi THPT,2023,15.0,Bất động sản
116342,NLG,bat-dong-san,A00,Điểm học bạ,2024,18.0,Bất động sản (PHGL)
116343,NLG,bat-dong-san,A01,Điểm học bạ,2024,18.0,Bất động sản (PHGL)
116344,NLG,bat-dong-san,A04,Điểm học bạ,2024,18.0,Bất động sản (PHGL)
116345,NLG,bat-dong-san,D01,Điểm học bạ,2024,18.0,Bất động sản (PHGL)
116346,NLG,bat-dong-san,A00,Điểm thi THPT,2024,15.0,Bất động sản
116347,NLG,bat-dong-san,A01,Điểm thi THPT,2024,15.0,Bất động sản
116348,NLG,bat-dong-san,A04,Điểm thi THPT,2024,15.0,Bất động sản
116349,NLG,bat-dong-san,D01,Điểm thi THPT,2024,15.0,Bất động sản
116350,NLG,cong-nghe-sinh-hoc,A00,Điểm học bạ,2023,18.0,Công nghệ sinh học
116351,NLG,cong-nghe-sinh-hoc,A02,Điểm học bạ,2023,18.0,Công nghệ sinh học
116352,NLG,cong-nghe-sinh-hoc,B00,Điểm học bạ,2023,18.0,Công nghệ sinh học
116353,NLG,cong-nghe-sinh-hoc,A00,Điểm thi THPT,2023,15.0,Công nghệ sinh học
116354,NLG,cong-nghe-sinh-hoc,A02,Điểm thi THPT,2023,15.0,Công nghệ sinh học
116355,NLG,cong-nghe-sinh-hoc,B00,Điểm thi THPT,2023,15.0,Công nghệ sinh học
116356,NLG,cong-nghe-sinh-hoc,A00,Điểm học bạ,2024,18.0,Công nghệ sinh học (PHGL)
116357,NLG,cong-nghe-sinh-hoc,A02,Điểm học bạ,2024,18.0,Công nghệ sinh học (PHGL)
116358,NLG,cong-nghe-sinh-hoc,B00,Điểm học bạ,2024,18.0,Công nghệ sinh học (PHGL)
116359,NLG,cong-nghe-sinh-hoc,A00,Điểm thi THPT,2024,15.0,Công nghệ sinh học
116360,NLG,cong-nghe-sinh-hoc,A02,Điểm thi THPT,2024,15.0,Công nghệ sinh học
116361,NLG,cong-nghe-sinh-hoc,B00,Điểm thi THPT,2024,15.0,Công nghệ sinh học
116362,NLG,cong-nghe-thong-tin,A00,Điểm thi THPT,2021,15.0,Công nghệ thông tin
116363,NLG,cong-nghe-thong-tin,A01,Điểm thi THPT,2021,15.0,Công nghệ thông tin
116364,NLG,cong-nghe-thong-tin,D07,Điểm thi THPT,2021,15.0,Công nghệ thông tin
116365,NLG,cong-nghe-thong-tin,A00,Điểm thi THPT,2022,15.0,Công nghệ thông tin
116366,NLG,cong-nghe-thong-tin,A01,Điểm thi THPT,2022,15.0,Công nghệ thông tin
116367,NLG,cong-nghe-thong-tin,D07,Điểm thi THPT,2022,15.0,Công nghệ thông tin
116368,NLG,cong-nghe-thuc-pham,A00,Điểm thi THPT,2021,15.0,Công nghệ thực phẩm
116369,NLG,cong-nghe-thuc-pham,A01,Điểm thi THPT,2021,15.0,Công nghệ thực phẩm
116370,NLG,cong-nghe-thuc-pham,B00,Điểm thi THPT,2021,15.0,Công nghệ thực phẩm
116371,NLG,cong-nghe-thuc-pham,D08,Điểm thi THPT,2021,15.0,Công nghệ thực phẩm
116372,NLG,ke-toan,A00,Điểm thi THPT,2021,15.0,Kế toán
116373,NLG,ke-toan,A01,Điểm thi THPT,2021,15.0,Kế toán
116374,NLG,ke-toan,D01,Điểm thi THPT,2021,15.0,Kế toán
116375,NLG,ke-toan,A00,Điểm thi THPT,2022,15.0,Kế toán
116376,NLG,ke-toan,A01,Điểm thi THPT,2022,15.0,Kế toán
116377,NLG,ke-toan,D01,Điểm thi THPT,2022,15.0,Kế toán
116378,NLG,ke-toan,A00,Điểm học bạ,2023,18.0,Kế toán
116379,NLG,ke-toan,A01,Điểm học bạ,2023,18.0,Kế toán
116380,NLG,ke-toan,D01,Điểm học bạ,2023,18.0,Kế toán
116381,NLG,ke-toan,A00,Điểm thi THPT,2023,15.0,Kế toán
116382,NLG,ke-toan,A01,Điểm thi THPT,2023,15.0,Kế toán
116383,NLG,ke-toan,D01,Điểm thi THPT,2023,15.0,Kế toán
116384,NLG,ke-toan,A00,Điểm học bạ,2024,18.0,Kế toán (PHGL)
116385,NLG,ke-toan,A01,Điểm học bạ,2024,18.0,Kế toán (PHGL)
116386,NLG,ke-toan,D01,Điểm học bạ,2024,18.0,Kế toán (PHGL)
116387,NLG,ke-toan,A00,Điểm thi THPT,2024,15.0,Kế toán
116388,NLG,ke-toan,A01,Điểm thi THPT,2024,15.0,Kế toán
116389,NLG,ke-toan,D01,Điểm thi THPT,2024,15.0,Kế toán
116390,NLG,ky-thuat-moi-truong,A00,Điểm học bạ,2025,23.63,Kỹ thuật môi trường (Phân hiệu Gia Lai)
116391,NLG,ky-thuat-moi-truong,A01,Điểm học bạ,2025,23.63,Kỹ thuật môi trường (Phân hiệu Gia Lai)
116392,NLG,ky-thuat-moi-truong,B00,Điểm học bạ,2025,23.63,Kỹ thuật môi trường (Phân hiệu Gia Lai)
116393,NLG,ky-thuat-moi-truong,D07,Điểm học bạ,2025,23.63,Kỹ thuật môi trường (Phân hiệu Gia Lai)
116394,NLG,ky-thuat-moi-truong,D08,Điểm học bạ,2025,23.63,Kỹ thuật môi trường (Phân hiệu Gia Lai)
116395,NLG,ky-thuat-moi-truong,X28,Điểm học bạ,2025,23.63,Kỹ thuật môi trường (Phân hiệu Gia Lai)
116396,NLG,ky-thuat-moi-truong,A00,Điểm thi THPT,2025,21.0,Kỹ thuật môi trường (Phân hiệu Gia Lai)
116397,NLG,ky-thuat-moi-truong,A01,Điểm thi THPT,2025,21.0,Kỹ thuật môi trường (Phân hiệu Gia Lai)
116398,NLG,ky-thuat-moi-truong,B00,Điểm thi THPT,2025,21.0,Kỹ thuật môi trường (Phân hiệu Gia Lai)
116399,NLG,ky-thuat-moi-truong,D07,Điểm thi THPT,2025,21.0,Kỹ thuật môi trường (Phân hiệu Gia Lai)
116400,NLG,ky-thuat-moi-truong,D08,Điểm thi THPT,2025,21.0,Kỹ thuật môi trường (Phân hiệu Gia Lai)
116401,NLG,ky-thuat-moi-truong,X28,Điểm thi THPT,2025,21.0,Kỹ thuật môi trường (Phân hiệu Gia Lai)
116402,NLG,lam-hoc,A00,Điểm thi THPT,2021,15.0,Lâm học
116403,NLG,lam-hoc,B00,Điểm thi THPT,2021,15.0,Lâm học
116404,NLG,lam-hoc,D01,Điểm thi THPT,2021,15.0,Lâm học
116405,NLG,lam-hoc,D08,Điểm thi THPT,2021,15.0,Lâm học
116406,NLG,lam-nghiep-do-thi,A00,Điểm thi THPT,2022,15.0,Lâm nghiệp đô thị
116407,NLG,lam-nghiep-do-thi,B00,Điểm thi THPT,2022,15.0,Lâm nghiệp đô thị
116408,NLG,lam-nghiep-do-thi,D01,Điểm thi THPT,2022,15.0,Lâm nghiệp đô thị
116409,NLG,lam-nghiep-do-thi,D08,Điểm thi THPT,2022,15.0,Lâm nghiệp đô thị
116410,NLG,lam-nghiep-do-thi,A00,Điểm học bạ,2023,18.0,Lâm nghiệp đồ thị
116411,NLG,lam-nghiep-do-thi,B00,Điểm học bạ,2023,18.0,Lâm nghiệp đồ thị
116412,NLG,lam-nghiep-do-thi,D01,Điểm học bạ,2023,18.0,Lâm nghiệp đồ thị
116413,NLG,lam-nghiep-do-thi,D08,Điểm học bạ,2023,18.0,Lâm nghiệp đồ thị
116414,NLG,lam-nghiep-do-thi,A00,Điểm thi THPT,2023,15.0,Lâm nghiệp đô thị
116415,NLG,lam-nghiep-do-thi,B00,Điểm thi THPT,2023,15.0,Lâm nghiệp đô thị
116416,NLG,lam-nghiep-do-thi,D01,Điểm thi THPT,2023,15.0,Lâm nghiệp đô thị
116417,NLG,lam-nghiep-do-thi,D08,Điểm thi THPT,2023,15.0,Lâm nghiệp đô thị
116418,NLG,lam-nghiep-do-thi,A00,Điểm học bạ,2024,18.0,Lâm nghiệp đô thị (PHGL)
116419,NLG,lam-nghiep-do-thi,B00,Điểm học bạ,2024,18.0,Lâm nghiệp đô thị (PHGL)
116420,NLG,lam-nghiep-do-thi,D01,Điểm học bạ,2024,18.0,Lâm nghiệp đô thị (PHGL)
116421,NLG,lam-nghiep-do-thi,D08,Điểm học bạ,2024,18.0,Lâm nghiệp đô thị (PHGL)
116422,NLG,lam-nghiep-do-thi,A00,Điểm thi THPT,2024,15.0,Lâm nghiệp đô thị
116423,NLG,lam-nghiep-do-thi,B00,Điểm thi THPT,2024,15.0,Lâm nghiệp đô thị
116424,NLG,lam-nghiep-do-thi,D01,Điểm thi THPT,2024,15.0,Lâm nghiệp đô thị
116425,NLG,lam-nghiep-do-thi,D08,Điểm thi THPT,2024,15.0,Lâm nghiệp đô thị
116426,NLG,nong-hoc,A00,Điểm thi THPT,2021,15.0,Nông học
116427,NLG,nong-hoc,B00,Điểm thi THPT,2021,15.0,Nông học
116428,NLG,nong-hoc,D08,Điểm thi THPT,2021,15.0,Nông học
116429,NLG,nong-hoc,A00,Điểm thi THPT,2022,15.0,Nông học
116430,NLG,nong-hoc,B00,Điểm thi THPT,2022,15.0,Nông học
116431,NLG,nong-hoc,D08,Điểm thi THPT,2022,15.0,Nông học
116432,NLG,nong-hoc,A00,Điểm học bạ,2023,18.0,Nông học
116433,NLG,nong-hoc,B00,Điểm học bạ,2023,18.0,Nông học
116434,NLG,nong-hoc,D07,Điểm học bạ,2023,18.0,Nông học
116435,NLG,nong-hoc,D08,Điểm học bạ,2023,18.0,Nông học
116436,NLG,nong-hoc,A00,Điểm thi THPT,2023,15.0,Nông học
116437,NLG,nong-hoc,B00,Điểm thi THPT,2023,15.0,Nông học
116438,NLG,nong-hoc,D07,Điểm thi THPT,2023,15.0,Nông học
116439,NLG,nong-hoc,D08,Điểm thi THPT,2023,15.0,Nông học
116440,NLG,nong-hoc,A00,Điểm học bạ,2024,18.0,Nông học (PHGL)
116441,NLG,nong-hoc,B00,Điểm học bạ,2024,18.0,Nông học (PHGL)
116442,NLG,nong-hoc,D07,Điểm học bạ,2024,18.0,Nông học (PHGL)
116443,NLG,nong-hoc,D08,Điểm học bạ,2024,18.0,Nông học (PHGL)
116444,NLG,nong-hoc,A00,Điểm thi THPT,2024,15.0,Nông học
116445,NLG,nong-hoc,B00,Điểm thi THPT,2024,15.0,Nông học
116446,NLG,nong-hoc,D07,Điểm thi THPT,2024,15.0,Nông học
116447,NLG,nong-hoc,D08,Điểm thi THPT,2024,15.0,Nông học
116448,NLG,nong-hoc,A00,Điểm học bạ,2025,18.0,Nông học (Phân hiệu Gia Lai)
116449,NLG,nong-hoc,A01,Điểm học bạ,2025,18.0,Nông học (Phân hiệu Gia Lai)
116450,NLG,nong-hoc,A02,Điểm học bạ,2025,18.0,Nông học (Phân hiệu Gia Lai)
116451,NLG,nong-hoc,B00,Điểm học bạ,2025,18.0,Nông học (Phân hiệu Gia Lai)
116452,NLG,nong-hoc,D07,Điểm học bạ,2025,18.0,Nông học (Phân hiệu Gia Lai)
116453,NLG,nong-hoc,D08,Điểm học bạ,2025,18.0,Nông học (Phân hiệu Gia Lai)
116454,NLG,nong-hoc,A00,Điểm thi THPT,2025,16.0,Nông học (Phân hiệu Gia Lai)
116455,NLG,nong-hoc,A01,Điểm thi THPT,2025,16.0,Nông học (Phân hiệu Gia Lai)
116456,NLG,nong-hoc,A02,Điểm thi THPT,2025,16.0,Nông học (Phân hiệu Gia Lai)
116457,NLG,nong-hoc,B00,Điểm thi THPT,2025,16.0,Nông học (Phân hiệu Gia Lai)
116458,NLG,nong-hoc,D07,Điểm thi THPT,2025,16.0,Nông học (Phân hiệu Gia Lai)
116459,NLG,nong-hoc,D08,Điểm thi THPT,2025,16.0,Nông học (Phân hiệu Gia Lai)
116460,NLG,quan-ly-dat-dai,A00,Điểm thi THPT,2021,15.0,Quản lý đất đai
116461,NLG,quan-ly-dat-dai,A01,Điểm thi THPT,2021,15.0,Quản lý đất đai
116462,NLG,quan-ly-dat-dai,D01,Điểm thi THPT,2021,15.0,Quản lý đất đai
116463,NLG,quan-tri-kinh-doanh,A00,Điểm thi THPT,2021,15.0,Quản trị kinh doanh
116464,NLG,quan-tri-kinh-doanh,A01,Điểm thi THPT,2021,15.0,Quản trị kinh doanh
116465,NLG,quan-tri-kinh-doanh,D01,Điểm thi THPT,2021,15.0,Quản trị kinh doanh
116466,NLG,quan-tri-kinh-doanh,A00,Điểm thi THPT,2022,15.0,Quản trị kinh doanh
116467,NLG,quan-tri-kinh-doanh,A01,Điểm thi THPT,2022,15.0,Quản trị kinh doanh
116468,NLG,quan-tri-kinh-doanh,D01,Điểm thi THPT,2022,15.0,Quản trị kinh doanh
116469,NLG,quan-tri-kinh-doanh,A00,Điểm học bạ,2023,18.0,Quản trị kinh doanh
116470,NLG,quan-tri-kinh-doanh,A01,Điểm học bạ,2023,18.0,Quản trị kinh doanh
116471,NLG,quan-tri-kinh-doanh,D01,Điểm học bạ,2023,18.0,Quản trị kinh doanh
116472,NLG,quan-tri-kinh-doanh,A00,Điểm thi THPT,2023,15.0,Quản trị kinh doanh
116473,NLG,quan-tri-kinh-doanh,A01,Điểm thi THPT,2023,15.0,Quản trị kinh doanh
116474,NLG,quan-tri-kinh-doanh,D01,Điểm thi THPT,2023,15.0,Quản trị kinh doanh
116475,NLG,quan-tri-kinh-doanh,A00,Điểm học bạ,2024,18.0,Quản trị kinh doanh (PHGL)
116476,NLG,quan-tri-kinh-doanh,A01,Điểm học bạ,2024,18.0,Quản trị kinh doanh (PHGL)
116477,NLG,quan-tri-kinh-doanh,D01,Điểm học bạ,2024,18.0,Quản trị kinh doanh (PHGL)
116478,NLG,quan-tri-kinh-doanh,A00,Điểm thi THPT,2024,15.0,Quản trị kinh doanh
116479,NLG,quan-tri-kinh-doanh,A01,Điểm thi THPT,2024,15.0,Quản trị kinh doanh
116480,NLG,quan-tri-kinh-doanh,D01,Điểm thi THPT,2024,15.0,Quản trị kinh doanh
116481,NLG,quan-tri-kinh-doanh,A00,Điểm học bạ,2025,19.13,Quản trị kinh doanh (Phân hiệu Gia Lai)
116482,NLG,quan-tri-kinh-doanh,A01,Điểm học bạ,2025,19.13,Quản trị kinh doanh (Phân hiệu Gia Lai)
116483,NLG,quan-tri-kinh-doanh,D01,Điểm học bạ,2025,19.13,Quản trị kinh doanh (Phân hiệu Gia Lai)
116484,NLG,quan-tri-kinh-doanh,X01,Điểm học bạ,2025,19.13,Quản trị kinh doanh (Phân hiệu Gia Lai)
116485,NLG,quan-tri-kinh-doanh,X02,Điểm học bạ,2025,19.13,Quản trị kinh doanh (Phân hiệu Gia Lai)
116486,NLG,quan-tri-kinh-doanh,X25,Điểm học bạ,2025,19.13,Quản trị kinh doanh (Phân hiệu Gia Lai)
116487,NLG,quan-tri-kinh-doanh,A00,Điểm thi THPT,2025,17.0,Quản trị kinh doanh (Phân hiệu Gia Lai)
116488,NLG,quan-tri-kinh-doanh,A01,Điểm thi THPT,2025,17.0,Quản trị kinh doanh (Phân hiệu Gia Lai)
116489,NLG,quan-tri-kinh-doanh,D01,Điểm thi THPT,2025,17.0,Quản trị kinh doanh (Phân hiệu Gia Lai)
116490,NLG,quan-tri-kinh-doanh,X01,Điểm thi THPT,2025,17.0,Quản trị kinh doanh (Phân hiệu Gia Lai)
116491,NLG,quan-tri-kinh-doanh,X02,Điểm thi THPT,2025,17.0,Quản trị kinh doanh (Phân hiệu Gia Lai)
116492,NLG,quan-tri-kinh-doanh,X25,Điểm thi THPT,2025,17.0,Quản trị kinh doanh (Phân hiệu Gia Lai)
116493,NLG,tai-nguyen-va-du-lich-sinh-thai,A00,Điểm thi THPT,2022,15.0,Tài nguyên và Du lịch sinh thái
116494,NLG,tai-nguyen-va-du-lich-sinh-thai,B00,Điểm thi THPT,2022,15.0,Tài nguyên và Du lịch sinh thái
116495,NLG,tai-nguyen-va-du-lich-sinh-thai,D01,Điểm thi THPT,2022,15.0,Tài nguyên và Du lịch sinh thái
116496,NLG,tai-nguyen-va-du-lich-sinh-thai,D08,Điểm thi THPT,2022,15.0,Tài nguyên và Du lịch sinh thái
116497,NLG,tai-nguyen-va-du-lich-sinh-thai,A00,Điểm học bạ,2023,18.0,Tài nguyên và Du lịch sinh thái
116498,NLG,tai-nguyen-va-du-lich-sinh-thai,B00,Điểm học bạ,2023,18.0,Tài nguyên và Du lịch sinh thái
116499,NLG,tai-nguyen-va-du-lich-sinh-thai,D01,Điểm học bạ,2023,18.0,Tài nguyên và Du lịch sinh thái
116500,NLG,tai-nguyen-va-du-lich-sinh-thai,D08,Điểm học bạ,2023,18.0,Tài nguyên và Du lịch sinh thái
116501,NLG,tai-nguyen-va-du-lich-sinh-thai,A00,Điểm thi THPT,2023,15.0,Tài nguyên và du lịch sinh thái
116502,NLG,tai-nguyen-va-du-lich-sinh-thai,B00,Điểm thi THPT,2023,15.0,Tài nguyên và du lịch sinh thái
116503,NLG,tai-nguyen-va-du-lich-sinh-thai,D01,Điểm thi THPT,2023,15.0,Tài nguyên và du lịch sinh thái
116504,NLG,tai-nguyen-va-du-lich-sinh-thai,D08,Điểm thi THPT,2023,15.0,Tài nguyên và du lịch sinh thái
116505,NLG,tai-nguyen-va-du-lich-sinh-thai,A00,Điểm học bạ,2024,18.0,Tài nguyên và Du lịch sinh thái (PHGL)
116506,NLG,tai-nguyen-va-du-lich-sinh-thai,B00,Điểm học bạ,2024,18.0,Tài nguyên và Du lịch sinh thái (PHGL)
116507,NLG,tai-nguyen-va-du-lich-sinh-thai,D01,Điểm học bạ,2024,18.0,Tài nguyên và Du lịch sinh thái (PHGL)
116508,NLG,tai-nguyen-va-du-lich-sinh-thai,D08,Điểm học bạ,2024,18.0,Tài nguyên và Du lịch sinh thái (PHGL)
116509,NLG,tai-nguyen-va-du-lich-sinh-thai,A00,Điểm thi THPT,2024,15.0,Tài nguyên và du lịch sinh thái
116510,NLG,tai-nguyen-va-du-lich-sinh-thai,B00,Điểm thi THPT,2024,15.0,Tài nguyên và du lịch sinh thái
116511,NLG,tai-nguyen-va-du-lich-sinh-thai,D01,Điểm thi THPT,2024,15.0,Tài nguyên và du lịch sinh thái
116512,NLG,tai-nguyen-va-du-lich-sinh-thai,D08,Điểm thi THPT,2024,15.0,Tài nguyên và du lịch sinh thái
116513,NLG,thu-y,A00,Điểm thi THPT,2021,16.0,Thú y
116514,NLG,thu-y,B00,Điểm thi THPT,2021,16.0,Thú y
116515,NLG,thu-y,D07,Điểm thi THPT,2021,16.0,Thú y
116516,NLG,thu-y,D08,Điểm thi THPT,2021,16.0,Thú y
116517,NLG,thu-y,A00,Điểm thi THPT,2022,16.0,Thú y
116518,NLG,thu-y,B00,Điểm thi THPT,2022,16.0,Thú y
116519,NLG,thu-y,D07,Điểm thi THPT,2022,16.0,Thú y
116520,NLG,thu-y,D08,Điểm thi THPT,2022,16.0,Thú y
116521,NLG,thu-y,A00,Điểm học bạ,2023,18.0,Thú y
116522,NLG,thu-y,B00,Điểm học bạ,2023,18.0,Thú y
116523,NLG,thu-y,D07,Điểm học bạ,2023,18.0,Thú y
116524,NLG,thu-y,D08,Điểm học bạ,2023,18.0,Thú y
116525,NLG,thu-y,A00,Điểm thi THPT,2023,16.0,Thú y
116526,NLG,thu-y,B00,Điểm thi THPT,2023,16.0,Thú y
116527,NLG,thu-y,D07,Điểm thi THPT,2023,16.0,Thú y
116528,NLG,thu-y,D08,Điểm thi THPT,2023,16.0,Thú y
116529,NLG,thu-y,A00,Điểm học bạ,2024,18.0,Thú y (PHGL)
116530,NLG,thu-y,B00,Điểm học bạ,2024,18.0,Thú y (PHGL)
116531,NLG,thu-y,D07,Điểm học bạ,2024,18.0,Thú y (PHGL)
116532,NLG,thu-y,D08,Điểm học bạ,2024,18.0,Thú y (PHGL)
116533,NLG,thu-y,A00,Điểm thi THPT,2024,16.0,Thú y
116534,NLG,thu-y,B00,Điểm thi THPT,2024,16.0,Thú y
116535,NLG,thu-y,D07,Điểm thi THPT,2024,16.0,Thú y
116536,NLG,thu-y,D08,Điểm thi THPT,2024,16.0,Thú y
116537,NLG,thu-y,A00,Điểm học bạ,2025,20.25,Thú y (Phân hiệu Gia Lai)
116538,NLG,thu-y,B00,Điểm học bạ,2025,20.25,Thú y (Phân hiệu Gia Lai)
116539,NLG,thu-y,B03,Điểm học bạ,2025,20.25,Thú y (Phân hiệu Gia Lai)
116540,NLG,thu-y,C02,Điểm học bạ,2025,20.25,Thú y (Phân hiệu Gia Lai)
116541,NLG,thu-y,D07,Điểm học bạ,2025,20.25,Thú y (Phân hiệu Gia Lai)
116542,NLG,thu-y,D08,Điểm học bạ,2025,20.25,Thú y (Phân hiệu Gia Lai)
116543,NLG,thu-y,A00,Điểm thi THPT,2025,18.0,Thú y (Phân hiệu Gia Lai)
116544,NLG,thu-y,B00,Điểm thi THPT,2025,18.0,Thú y (Phân hiệu Gia Lai)
116545,NLG,thu-y,B03,Điểm thi THPT,2025,18.0,Thú y (Phân hiệu Gia Lai)
116546,NLG,thu-y,C02,Điểm thi THPT,2025,18.0,Thú y (Phân hiệu Gia Lai)
116547,NLG,thu-y,D07,Điểm thi THPT,2025,18.0,Thú y (Phân hiệu Gia Lai)
116548,NLG,thu-y,D08,Điểm thi THPT,2025,18.0,Thú y (Phân hiệu Gia Lai)
116549,NLN,cong-nghe-ky-thuat-nang-luong-tai-tao,A00,Điểm thi THPT,2021,15.0,Công nghệ kỹ thuật năng lượng tái tạo
116550,NLN,cong-nghe-ky-thuat-nang-luong-tai-tao,A01,Điểm thi THPT,2021,15.0,Công nghệ kỹ thuật năng lượng tái tạo
116551,NLN,cong-nghe-ky-thuat-nang-luong-tai-tao,D07,Điểm thi THPT,2021,15.0,Công nghệ kỹ thuật năng lượng tái tạo
116552,NLN,cong-nghe-ky-thuat-nang-luong-tai-tao,A00,Điểm thi THPT,2022,15.0,Công nghệ kỹ thuật năng lượng tái tạo
116553,NLN,cong-nghe-ky-thuat-nang-luong-tai-tao,A01,Điểm thi THPT,2022,15.0,Công nghệ kỹ thuật năng lượng tái tạo
116554,NLN,cong-nghe-ky-thuat-nang-luong-tai-tao,D07,Điểm thi THPT,2022,15.0,Công nghệ kỹ thuật năng lượng tái tạo
116555,NLN,cong-nghe-ky-thuat-nang-luong-tai-tao,A00,Điểm học bạ,2023,18.0,Công nghệ kỹ thuật năng lượng tái tạo
116556,NLN,cong-nghe-ky-thuat-nang-luong-tai-tao,A01,Điểm học bạ,2023,18.0,Công nghệ kỹ thuật năng lượng tái tạo
116557,NLN,cong-nghe-ky-thuat-nang-luong-tai-tao,D07,Điểm học bạ,2023,18.0,Công nghệ kỹ thuật năng lượng tái tạo
116558,NLN,cong-nghe-ky-thuat-nang-luong-tai-tao,A00,Điểm thi THPT,2023,15.0,Công nghệ Kỹ thuật năng lượng tái tạo
116559,NLN,cong-nghe-ky-thuat-nang-luong-tai-tao,A01,Điểm thi THPT,2023,15.0,Công nghệ Kỹ thuật năng lượng tái tạo
116560,NLN,cong-nghe-ky-thuat-nang-luong-tai-tao,D07,Điểm thi THPT,2023,15.0,Công nghệ Kỹ thuật năng lượng tái tạo
116561,NLN,cong-nghe-ky-thuat-nang-luong-tai-tao,A00,Điểm học bạ,2024,18.0,Công nghệ kỹ thuật năng lượng tái tạo (PHNT)
116562,NLN,cong-nghe-ky-thuat-nang-luong-tai-tao,A01,Điểm học bạ,2024,18.0,Công nghệ kỹ thuật năng lượng tái tạo (PHNT)
116563,NLN,cong-nghe-ky-thuat-nang-luong-tai-tao,A02,Điểm học bạ,2024,18.0,Công nghệ kỹ thuật năng lượng tái tạo (PHNT)
116564,NLN,cong-nghe-ky-thuat-nang-luong-tai-tao,D90,Điểm học bạ,2024,18.0,Công nghệ kỹ thuật năng lượng tái tạo (PHNT)
116565,NLN,cong-nghe-ky-thuat-nang-luong-tai-tao,A00,Điểm thi THPT,2024,15.0,Công nghệ kỹ thuật năng lượng tái tạo
116566,NLN,cong-nghe-ky-thuat-nang-luong-tai-tao,A01,Điểm thi THPT,2024,15.0,Công nghệ kỹ thuật năng lượng tái tạo
116567,NLN,cong-nghe-ky-thuat-nang-luong-tai-tao,A02,Điểm thi THPT,2024,15.0,Công nghệ kỹ thuật năng lượng tái tạo
116568,NLN,cong-nghe-ky-thuat-nang-luong-tai-tao,D90,Điểm thi THPT,2024,15.0,Công nghệ kỹ thuật năng lượng tái tạo
116569,NLN,cong-nghe-ky-thuat-nang-luong-tai-tao,A00,Điểm học bạ,2025,18.0,Công nghệ kỹ thuật năng lượng tái tạo (Phân hiệu Ninh Thuận)
116570,NLN,cong-nghe-ky-thuat-nang-luong-tai-tao,A01,Điểm học bạ,2025,18.0,Công nghệ kỹ thuật năng lượng tái tạo (Phân hiệu Ninh Thuận)
116571,NLN,cong-nghe-ky-thuat-nang-luong-tai-tao,A02,Điểm học bạ,2025,18.0,Công nghệ kỹ thuật năng lượng tái tạo (Phân hiệu Ninh Thuận)
116572,NLN,cong-nghe-ky-thuat-nang-luong-tai-tao,C01,Điểm học bạ,2025,18.0,Công nghệ kỹ thuật năng lượng tái tạo (Phân hiệu Ninh Thuận)
116573,NLN,cong-nghe-ky-thuat-nang-luong-tai-tao,X06,Điểm học bạ,2025,18.0,Công nghệ kỹ thuật năng lượng tái tạo (Phân hiệu Ninh Thuận)
116574,NLN,cong-nghe-ky-thuat-nang-luong-tai-tao,X07,Điểm học bạ,2025,18.0,Công nghệ kỹ thuật năng lượng tái tạo (Phân hiệu Ninh Thuận)
116575,NLN,cong-nghe-ky-thuat-nang-luong-tai-tao,A00,Điểm thi THPT,2025,16.0,Công nghệ kỹ thuật năng lượng tái tạo (Phân hiệu Ninh Thuận)
116576,NLN,cong-nghe-ky-thuat-nang-luong-tai-tao,A01,Điểm thi THPT,2025,16.0,Công nghệ kỹ thuật năng lượng tái tạo (Phân hiệu Ninh Thuận)
116577,NLN,cong-nghe-ky-thuat-nang-luong-tai-tao,A02,Điểm thi THPT,2025,16.0,Công nghệ kỹ thuật năng lượng tái tạo (Phân hiệu Ninh Thuận)
116578,NLN,cong-nghe-ky-thuat-nang-luong-tai-tao,C01,Điểm thi THPT,2025,16.0,Công nghệ kỹ thuật năng lượng tái tạo (Phân hiệu Ninh Thuận)
116579,NLN,cong-nghe-ky-thuat-nang-luong-tai-tao,X06,Điểm thi THPT,2025,16.0,Công nghệ kỹ thuật năng lượng tái tạo (Phân hiệu Ninh Thuận)
116580,NLN,cong-nghe-ky-thuat-nang-luong-tai-tao,X07,Điểm thi THPT,2025,16.0,Công nghệ kỹ thuật năng lượng tái tạo (Phân hiệu Ninh Thuận)
116581,NLN,cong-nghe-sinh-hoc,A00,Điểm thi THPT,2022,15.0,Công nghệ sinh học
116582,NLN,cong-nghe-sinh-hoc,A02,Điểm thi THPT,2022,15.0,Công nghệ sinh học
116583,NLN,cong-nghe-sinh-hoc,B00,Điểm thi THPT,2022,15.0,Công nghệ sinh học
116584,NLN,cong-nghe-thong-tin,A00,Điểm thi THPT,2021,15.0,Công nghệ thông tin
116585,NLN,cong-nghe-thong-tin,A01,Điểm thi THPT,2021,15.0,Công nghệ thông tin
116586,NLN,cong-nghe-thong-tin,D07,Điểm thi THPT,2021,15.0,Công nghệ thông tin
116587,NLN,cong-nghe-thong-tin,A00,Điểm thi THPT,2022,15.0,Công nghệ thông tin
116588,NLN,cong-nghe-thong-tin,A01,Điểm thi THPT,2022,15.0,Công nghệ thông tin
116589,NLN,cong-nghe-thong-tin,D07,Điểm thi THPT,2022,15.0,Công nghệ thông tin
116590,NLN,cong-nghe-thong-tin,A00,Điểm học bạ,2023,18.0,Công nghệ thông tin
116591,NLN,cong-nghe-thong-tin,A01,Điểm học bạ,2023,18.0,Công nghệ thông tin
116592,NLN,cong-nghe-thong-tin,D07,Điểm học bạ,2023,18.0,Công nghệ thông tin
116593,NLN,cong-nghe-thong-tin,A00,Điểm thi THPT,2023,15.0,Công nghệ thông tin
116594,NLN,cong-nghe-thong-tin,A01,Điểm thi THPT,2023,15.0,Công nghệ thông tin
116595,NLN,cong-nghe-thong-tin,D07,Điểm thi THPT,2023,15.0,Công nghệ thông tin
116596,NLN,cong-nghe-thong-tin,A00,Điểm học bạ,2024,18.0,Công nghệ thông tin (PHNT)
116597,NLN,cong-nghe-thong-tin,A01,Điểm học bạ,2024,18.0,Công nghệ thông tin (PHNT)
116598,NLN,cong-nghe-thong-tin,D07,Điểm học bạ,2024,18.0,Công nghệ thông tin (PHNT)
116599,NLN,cong-nghe-thong-tin,A00,Điểm thi THPT,2024,15.0,Công nghệ thông tin
116600,NLN,cong-nghe-thong-tin,A01,Điểm thi THPT,2024,15.0,Công nghệ thông tin
116601,NLN,cong-nghe-thong-tin,D07,Điểm thi THPT,2024,15.0,Công nghệ thông tin
116602,NLN,cong-nghe-thong-tin,A00,Điểm học bạ,2025,19.13,Công nghệ thông tin (Phân hiệu Ninh Thuận)
116603,NLN,cong-nghe-thong-tin,A01,Điểm học bạ,2025,19.13,Công nghệ thông tin (Phân hiệu Ninh Thuận)
116604,NLN,cong-nghe-thong-tin,D07,Điểm học bạ,2025,19.13,Công nghệ thông tin (Phân hiệu Ninh Thuận)
116605,NLN,cong-nghe-thong-tin,X06,Điểm học bạ,2025,19.13,Công nghệ thông tin (Phân hiệu Ninh Thuận)
116606,NLN,cong-nghe-thong-tin,X07,Điểm học bạ,2025,19.13,Công nghệ thông tin (Phân hiệu Ninh Thuận)
116607,NLN,cong-nghe-thong-tin,X10,Điểm học bạ,2025,19.13,Công nghệ thông tin (Phân hiệu Ninh Thuận)
116608,NLN,cong-nghe-thong-tin,A00,Điểm thi THPT,2025,17.0,Công nghệ thông tin (Phân hiệu Ninh Thuận)
116609,NLN,cong-nghe-thong-tin,A01,Điểm thi THPT,2025,17.0,Công nghệ thông tin (Phân hiệu Ninh Thuận)
116610,NLN,cong-nghe-thong-tin,D07,Điểm thi THPT,2025,17.0,Công nghệ thông tin (Phân hiệu Ninh Thuận)
116611,NLN,cong-nghe-thong-tin,X06,Điểm thi THPT,2025,17.0,Công nghệ thông tin (Phân hiệu Ninh Thuận)
116612,NLN,cong-nghe-thong-tin,X07,Điểm thi THPT,2025,17.0,Công nghệ thông tin (Phân hiệu Ninh Thuận)
116613,NLN,cong-nghe-thong-tin,X10,Điểm thi THPT,2025,17.0,Công nghệ thông tin (Phân hiệu Ninh Thuận)
116614,NLN,cong-nghe-thuc-pham,A00,Điểm thi THPT,2022,15.0,Công nghệ thực phẩm
116615,NLN,cong-nghe-thuc-pham,A01,Điểm thi THPT,2022,15.0,Công nghệ thực phẩm
116616,NLN,cong-nghe-thuc-pham,B00,Điểm thi THPT,2022,15.0,Công nghệ thực phẩm
116617,NLN,cong-nghe-thuc-pham,D08,Điểm thi THPT,2022,15.0,Công nghệ thực phẩm
116618,NLN,giao-duc-mam-non,M00,Điểm thi THPT,2021,17.0,Giáo dục mầm non (Hệ Cao đẳng)
116619,NLN,giao-duc-mam-non,M00,Điểm thi THPT,2022,17.0,Giáo dục mầm non
116620,NLN,giao-duc-mam-non,M05,Điểm thi THPT,2022,17.0,Giáo dục mầm non
116621,NLN,giao-duc-mam-non,M07,Điểm thi THPT,2022,17.0,Giáo dục mầm non
116622,NLN,giao-duc-mam-non,M11,Điểm thi THPT,2022,17.0,Giáo dục mầm non
116623,NLN,giao-duc-mam-non,M00,Điểm thi THPT,2024,20.25,Giáo dục Mầm non (Trình độ Cao đẳng)
116624,NLN,ke-toan,A00,Điểm thi THPT,2021,15.0,Kế toán
116625,NLN,ke-toan,A01,Điểm thi THPT,2021,15.0,Kế toán
116626,NLN,ke-toan,D01,Điểm thi THPT,2021,15.0,Kế toán
116627,NLN,ke-toan,A00,Điểm thi THPT,2022,15.0,Kế toán
116628,NLN,ke-toan,A01,Điểm thi THPT,2022,15.0,Kế toán
116629,NLN,ke-toan,D01,Điểm thi THPT,2022,15.0,Kế toán
116630,NLN,ke-toan,A00,Điểm học bạ,2023,18.0,Kế toán
116631,NLN,ke-toan,A01,Điểm học bạ,2023,18.0,Kế toán
116632,NLN,ke-toan,D01,Điểm học bạ,2023,18.0,Kế toán
116633,NLN,ke-toan,A00,Điểm thi THPT,2023,15.0,Kế toán
116634,NLN,ke-toan,A01,Điểm thi THPT,2023,15.0,Kế toán
116635,NLN,ke-toan,D01,Điểm thi THPT,2023,15.0,Kế toán
116636,NLN,ke-toan,A00,Điểm học bạ,2024,18.0,Kế toán (PHNT)
116637,NLN,ke-toan,A01,Điểm học bạ,2024,18.0,Kế toán (PHNT)
116638,NLN,ke-toan,D01,Điểm học bạ,2024,18.0,Kế toán (PHNT)
116639,NLN,ke-toan,A00,Điểm thi THPT,2024,15.0,Kế toán
116640,NLN,ke-toan,A01,Điểm thi THPT,2024,15.0,Kế toán
116641,NLN,ke-toan,D01,Điểm thi THPT,2024,15.0,Kế toán
116642,NLN,ke-toan,A00,Điểm học bạ,2025,19.13,Kế toán (Phân hiệu Ninh Thuận)
116643,NLN,ke-toan,A01,Điểm học bạ,2025,19.13,Kế toán (Phân hiệu Ninh Thuận)
116644,NLN,ke-toan,D01,Điểm học bạ,2025,19.13,Kế toán (Phân hiệu Ninh Thuận)
116645,NLN,ke-toan,X01,Điểm học bạ,2025,19.13,Kế toán (Phân hiệu Ninh Thuận)
116646,NLN,ke-toan,X02,Điểm học bạ,2025,19.13,Kế toán (Phân hiệu Ninh Thuận)
116647,NLN,ke-toan,X25,Điểm học bạ,2025,19.13,Kế toán (Phân hiệu Ninh Thuận)
116648,NLN,ke-toan,A00,Điểm thi THPT,2025,17.0,Kế toán (Phân hiệu Ninh Thuận)
116649,NLN,ke-toan,A01,Điểm thi THPT,2025,17.0,Kế toán (Phân hiệu Ninh Thuận)
116650,NLN,ke-toan,D01,Điểm thi THPT,2025,17.0,Kế toán (Phân hiệu Ninh Thuận)
116651,NLN,ke-toan,X01,Điểm thi THPT,2025,17.0,Kế toán (Phân hiệu Ninh Thuận)
116652,NLN,ke-toan,X02,Điểm thi THPT,2025,17.0,Kế toán (Phân hiệu Ninh Thuận)
116653,NLN,ke-toan,X25,Điểm thi THPT,2025,17.0,Kế toán (Phân hiệu Ninh Thuận)
116654,NLN,ngon-ngu-anh,A01,Điểm thi THPT,2021,15.0,Ngôn ngữ Anh
116655,NLN,ngon-ngu-anh,D01,Điểm thi THPT,2021,15.0,Ngôn ngữ Anh
116656,NLN,ngon-ngu-anh,D14,Điểm thi THPT,2021,15.0,Ngôn ngữ Anh
116657,NLN,ngon-ngu-anh,D15,Điểm thi THPT,2021,15.0,Ngôn ngữ Anh
116658,NLN,ngon-ngu-anh,A01,Điểm thi THPT,2022,19.0,Ngôn ngữ Anh
116659,NLN,ngon-ngu-anh,D01,Điểm thi THPT,2022,19.0,Ngôn ngữ Anh
116660,NLN,ngon-ngu-anh,D14,Điểm thi THPT,2022,19.0,Ngôn ngữ Anh
116661,NLN,ngon-ngu-anh,D15,Điểm thi THPT,2022,19.0,Ngôn ngữ Anh
116662,NLN,ngon-ngu-anh,A01,Điểm học bạ,2023,18.0,Ngôn ngữ Anh
116663,NLN,ngon-ngu-anh,D01,Điểm học bạ,2023,18.0,Ngôn ngữ Anh
116664,NLN,ngon-ngu-anh,D14,Điểm học bạ,2023,18.0,Ngôn ngữ Anh
116665,NLN,ngon-ngu-anh,D15,Điểm học bạ,2023,18.0,Ngôn ngữ Anh
116666,NLN,ngon-ngu-anh,A01,Điểm thi THPT,2023,15.0,Ngôn ngữ Anh
116667,NLN,ngon-ngu-anh,D01,Điểm thi THPT,2023,15.0,Ngôn ngữ Anh
116668,NLN,ngon-ngu-anh,D14,Điểm thi THPT,2023,15.0,Ngôn ngữ Anh
116669,NLN,ngon-ngu-anh,D15,Điểm thi THPT,2023,15.0,Ngôn ngữ Anh
116670,NLN,ngon-ngu-anh,A01,Điểm học bạ,2024,18.0,Ngôn ngữ Anh (PHNT)
116671,NLN,ngon-ngu-anh,D01,Điểm học bạ,2024,18.0,Ngôn ngữ Anh (PHNT)
116672,NLN,ngon-ngu-anh,D14,Điểm học bạ,2024,18.0,Ngôn ngữ Anh (PHNT)
116673,NLN,ngon-ngu-anh,D15,Điểm học bạ,2024,18.0,Ngôn ngữ Anh (PHNT)
116674,NLN,ngon-ngu-anh,A01,Điểm thi THPT,2024,15.0,Ngôn ngữ Anh
116675,NLN,ngon-ngu-anh,D01,Điểm thi THPT,2024,15.0,Ngôn ngữ Anh
116676,NLN,ngon-ngu-anh,D14,Điểm thi THPT,2024,15.0,Ngôn ngữ Anh
116677,NLN,ngon-ngu-anh,D15,Điểm thi THPT,2024,15.0,Ngôn ngữ Anh
116678,NLN,ngon-ngu-anh,A01,Điểm học bạ,2025,18.0,Ngôn ngữ Anh (Phân hiệu Ninh Thuận)
116679,NLN,ngon-ngu-anh,D01,Điểm học bạ,2025,18.0,Ngôn ngữ Anh (Phân hiệu Ninh Thuận)
116680,NLN,ngon-ngu-anh,D09,Điểm học bạ,2025,18.0,Ngôn ngữ Anh (Phân hiệu Ninh Thuận)
116681,NLN,ngon-ngu-anh,D10,Điểm học bạ,2025,18.0,Ngôn ngữ Anh (Phân hiệu Ninh Thuận)
116682,NLN,ngon-ngu-anh,D14,Điểm học bạ,2025,18.0,Ngôn ngữ Anh (Phân hiệu Ninh Thuận)
116683,NLN,ngon-ngu-anh,D15,Điểm học bạ,2025,18.0,Ngôn ngữ Anh (Phân hiệu Ninh Thuận)
116684,NLN,ngon-ngu-anh,A01,Điểm thi THPT,2025,16.0,Ngôn ngữ Anh (Phân hiệu Ninh Thuận)
116685,NLN,ngon-ngu-anh,D01,Điểm thi THPT,2025,16.0,Ngôn ngữ Anh (Phân hiệu Ninh Thuận)
116686,NLN,ngon-ngu-anh,D09,Điểm thi THPT,2025,16.0,Ngôn ngữ Anh (Phân hiệu Ninh Thuận)
116687,NLN,ngon-ngu-anh,D10,Điểm thi THPT,2025,16.0,Ngôn ngữ Anh (Phân hiệu Ninh Thuận)
116688,NLN,ngon-ngu-anh,D14,Điểm thi THPT,2025,16.0,Ngôn ngữ Anh (Phân hiệu Ninh Thuận)
116689,NLN,ngon-ngu-anh,D15,Điểm thi THPT,2025,16.0,Ngôn ngữ Anh (Phân hiệu Ninh Thuận)
116690,NLN,nong-hoc,A00,Điểm thi THPT,2021,15.0,Nông học
116691,NLN,nong-hoc,B00,Điểm thi THPT,2021,15.0,Nông học
116692,NLN,nong-hoc,D08,Điểm thi THPT,2021,15.0,Nông học
116693,NLN,nong-hoc,A00,Điểm thi THPT,2022,15.0,Nông học
116694,NLN,nong-hoc,B00,Điểm thi THPT,2022,15.0,Nông học
116695,NLN,nong-hoc,D08,Điểm thi THPT,2022,15.0,Nông học
116696,NLN,nong-hoc,A00,Điểm học bạ,2025,18.0,Nông học (Phân hiệu Ninh Thuận)
116697,NLN,nong-hoc,A01,Điểm học bạ,2025,18.0,Nông học (Phân hiệu Ninh Thuận)
116698,NLN,nong-hoc,A02,Điểm học bạ,2025,18.0,Nông học (Phân hiệu Ninh Thuận)
116699,NLN,nong-hoc,B00,Điểm học bạ,2025,18.0,Nông học (Phân hiệu Ninh Thuận)
116700,NLN,nong-hoc,D07,Điểm học bạ,2025,18.0,Nông học (Phân hiệu Ninh Thuận)
116701,NLN,nong-hoc,D08,Điểm học bạ,2025,18.0,Nông học (Phân hiệu Ninh Thuận)
116702,NLN,nong-hoc,A00,Điểm thi THPT,2025,16.0,Nông học (Phân hiệu Ninh Thuận)
116703,NLN,nong-hoc,A01,Điểm thi THPT,2025,16.0,Nông học (Phân hiệu Ninh Thuận)
116704,NLN,nong-hoc,A02,Điểm thi THPT,2025,16.0,Nông học (Phân hiệu Ninh Thuận)
116705,NLN,nong-hoc,B00,Điểm thi THPT,2025,16.0,Nông học (Phân hiệu Ninh Thuận)
116706,NLN,nong-hoc,D07,Điểm thi THPT,2025,16.0,Nông học (Phân hiệu Ninh Thuận)
116707,NLN,nong-hoc,D08,Điểm thi THPT,2025,16.0,Nông học (Phân hiệu Ninh Thuận)
116708,NLN,nuoi-trong-thuy-san,A00,Điểm thi THPT,2021,15.0,Nuôi trồng thủy sản
116709,NLN,nuoi-trong-thuy-san,B00,Điểm thi THPT,2021,15.0,Nuôi trồng thủy sản
116710,NLN,nuoi-trong-thuy-san,D00,Điểm thi THPT,2021,15.0,Nuôi trồng thủy sản
116711,NLN,nuoi-trong-thuy-san,D08,Điểm thi THPT,2021,15.0,Nuôi trồng thủy sản
116712,NLN,nuoi-trong-thuy-san,A00,Điểm thi THPT,2022,15.0,Nuôi trồng thủy sản
116713,NLN,nuoi-trong-thuy-san,B00,Điểm thi THPT,2022,15.0,Nuôi trồng thủy sản
116714,NLN,nuoi-trong-thuy-san,D07,Điểm thi THPT,2022,15.0,Nuôi trồng thủy sản
116715,NLN,nuoi-trong-thuy-san,D08,Điểm thi THPT,2022,15.0,Nuôi trồng thủy sản
116716,NLN,quan-ly-dat-dai,A00,Điểm thi THPT,2021,15.0,Quản lý đất đai
116717,NLN,quan-ly-dat-dai,A01,Điểm thi THPT,2021,15.0,Quản lý đất đai
116718,NLN,quan-ly-dat-dai,D01,Điểm thi THPT,2021,15.0,Quản lý đất đai
116719,NLN,quan-tri-kinh-doanh,A00,Điểm thi THPT,2021,15.0,Quản trị kinh doanh
116720,NLN,quan-tri-kinh-doanh,A01,Điểm thi THPT,2021,15.0,Quản trị kinh doanh
116721,NLN,quan-tri-kinh-doanh,D01,Điểm thi THPT,2021,15.0,Quản trị kinh doanh
116722,NLN,quan-tri-kinh-doanh,A00,Điểm thi THPT,2022,15.0,Quản trị kinh doanh
116723,NLN,quan-tri-kinh-doanh,A01,Điểm thi THPT,2022,15.0,Quản trị kinh doanh
116724,NLN,quan-tri-kinh-doanh,D01,Điểm thi THPT,2022,15.0,Quản trị kinh doanh
116725,NLN,quan-tri-kinh-doanh,A00,Điểm học bạ,2023,18.0,Quản trị kinh doanh
116726,NLN,quan-tri-kinh-doanh,A01,Điểm học bạ,2023,18.0,Quản trị kinh doanh
116727,NLN,quan-tri-kinh-doanh,D01,Điểm học bạ,2023,18.0,Quản trị kinh doanh
116728,NLN,quan-tri-kinh-doanh,A00,Điểm thi THPT,2023,15.0,Quản trị kinh doanh
116729,NLN,quan-tri-kinh-doanh,A01,Điểm thi THPT,2023,15.0,Quản trị kinh doanh
116730,NLN,quan-tri-kinh-doanh,D01,Điểm thi THPT,2023,15.0,Quản trị kinh doanh
116731,NLN,quan-tri-kinh-doanh,A00,Điểm học bạ,2024,18.0,Quản trị kinh doanh (PHNT)
116732,NLN,quan-tri-kinh-doanh,A01,Điểm học bạ,2024,18.0,Quản trị kinh doanh (PHNT)
116733,NLN,quan-tri-kinh-doanh,D01,Điểm học bạ,2024,18.0,Quản trị kinh doanh (PHNT)
116734,NLN,quan-tri-kinh-doanh,A00,Điểm thi THPT,2024,15.0,Quản trị kinh doanh
116735,NLN,quan-tri-kinh-doanh,A01,Điểm thi THPT,2024,15.0,Quản trị kinh doanh
116736,NLN,quan-tri-kinh-doanh,D01,Điểm thi THPT,2024,15.0,Quản trị kinh doanh
116737,NLN,quan-tri-kinh-doanh,A00,Điểm học bạ,2025,19.13,Quản trị kinh doanh (Phân hiệu Ninh Thuận)
116738,NLN,quan-tri-kinh-doanh,A01,Điểm học bạ,2025,19.13,Quản trị kinh doanh (Phân hiệu Ninh Thuận)
116739,NLN,quan-tri-kinh-doanh,D01,Điểm học bạ,2025,19.13,Quản trị kinh doanh (Phân hiệu Ninh Thuận)
116740,NLN,quan-tri-kinh-doanh,X01,Điểm học bạ,2025,19.13,Quản trị kinh doanh (Phân hiệu Ninh Thuận)
116741,NLN,quan-tri-kinh-doanh,X02,Điểm học bạ,2025,19.13,Quản trị kinh doanh (Phân hiệu Ninh Thuận)
116742,NLN,quan-tri-kinh-doanh,X25,Điểm học bạ,2025,19.13,Quản trị kinh doanh (Phân hiệu Ninh Thuận)
116743,NLN,quan-tri-kinh-doanh,A00,Điểm thi THPT,2025,17.0,Quản trị kinh doanh (Phân hiệu Ninh Thuận)
116744,NLN,quan-tri-kinh-doanh,A01,Điểm thi THPT,2025,17.0,Quản trị kinh doanh (Phân hiệu Ninh Thuận)
116745,NLN,quan-tri-kinh-doanh,D01,Điểm thi THPT,2025,17.0,Quản trị kinh doanh (Phân hiệu Ninh Thuận)
116746,NLN,quan-tri-kinh-doanh,X01,Điểm thi THPT,2025,17.0,Quản trị kinh doanh (Phân hiệu Ninh Thuận)
116747,NLN,quan-tri-kinh-doanh,X02,Điểm thi THPT,2025,17.0,Quản trị kinh doanh (Phân hiệu Ninh Thuận)
116748,NLN,quan-tri-kinh-doanh,X25,Điểm thi THPT,2025,17.0,Quản trị kinh doanh (Phân hiệu Ninh Thuận)
116749,NLN,tai-nguyen-va-du-lich-sinh-thai,A00,Điểm thi THPT,2021,15.0,Tài nguyên và Du lịch sinh thái
116750,NLN,tai-nguyen-va-du-lich-sinh-thai,B00,Điểm thi THPT,2021,15.0,Tài nguyên và Du lịch sinh thái
116751,NLN,tai-nguyen-va-du-lich-sinh-thai,D01,Điểm thi THPT,2021,15.0,Tài nguyên và Du lịch sinh thái
116752,NLN,tai-nguyen-va-du-lich-sinh-thai,D08,Điểm thi THPT,2021,15.0,Tài nguyên và Du lịch sinh thái
116753,NLN,tai-nguyen-va-du-lich-sinh-thai,A00,Điểm học bạ,2023,18.0,Tài nguyên và Du lịch sinh thái
116754,NLN,tai-nguyen-va-du-lich-sinh-thai,B00,Điểm học bạ,2023,18.0,Tài nguyên và Du lịch sinh thái
116755,NLN,tai-nguyen-va-du-lich-sinh-thai,D01,Điểm học bạ,2023,18.0,Tài nguyên và Du lịch sinh thái
116756,NLN,tai-nguyen-va-du-lich-sinh-thai,D08,Điểm học bạ,2023,18.0,Tài nguyên và Du lịch sinh thái
116757,NLN,tai-nguyen-va-du-lich-sinh-thai,A00,Điểm thi THPT,2023,15.0,Tài nguyên và du lịch sinh thái
116758,NLN,tai-nguyen-va-du-lich-sinh-thai,B00,Điểm thi THPT,2023,15.0,Tài nguyên và du lịch sinh thái
116759,NLN,tai-nguyen-va-du-lich-sinh-thai,D01,Điểm thi THPT,2023,15.0,Tài nguyên và du lịch sinh thái
116760,NLN,tai-nguyen-va-du-lich-sinh-thai,D08,Điểm thi THPT,2023,15.0,Tài nguyên và du lịch sinh thái
116761,NLN,thu-y,A00,Điểm thi THPT,2021,16.0,Thú y
116762,NLN,thu-y,B00,Điểm thi THPT,2021,16.0,Thú y
116763,NLN,thu-y,D01,Điểm thi THPT,2021,16.0,Thú y
116764,NLN,thu-y,D08,Điểm thi THPT,2021,16.0,Thú y
116765,NLN,thu-y,A00,Điểm thi THPT,2022,15.0,Thú y
116766,NLN,thu-y,B00,Điểm thi THPT,2022,15.0,Thú y
116767,NLN,thu-y,D07,Điểm thi THPT,2022,15.0,Thú y
116768,NLN,thu-y,D08,Điểm thi THPT,2022,15.0,Thú y
116769,NLN,thu-y,A00,Điểm học bạ,2023,18.0,Thú y
116770,NLN,thu-y,B00,Điểm học bạ,2023,18.0,Thú y
116771,NLN,thu-y,D07,Điểm học bạ,2023,18.0,Thú y
116772,NLN,thu-y,D08,Điểm học bạ,2023,18.0,Thú y
116773,NLN,thu-y,A00,Điểm thi THPT,2023,16.0,Thú y
116774,NLN,thu-y,B00,Điểm thi THPT,2023,16.0,Thú y
116775,NLN,thu-y,D07,Điểm thi THPT,2023,16.0,Thú y
116776,NLN,thu-y,D08,Điểm thi THPT,2023,16.0,Thú y
116777,NLN,thu-y,A00,Điểm học bạ,2024,18.0,Thú y (PHNT)
116778,NLN,thu-y,B00,Điểm học bạ,2024,18.0,Thú y (PHNT)
116779,NLN,thu-y,D07,Điểm học bạ,2024,18.0,Thú y (PHNT)
116780,NLN,thu-y,D08,Điểm học bạ,2024,18.0,Thú y (PHNT)
116781,NLN,thu-y,A00,Điểm thi THPT,2024,16.0,Thú y
116782,NLN,thu-y,B00,Điểm thi THPT,2024,16.0,Thú y
116783,NLN,thu-y,D07,Điểm thi THPT,2024,16.0,Thú y
116784,NLN,thu-y,D08,Điểm thi THPT,2024,16.0,Thú y
116785,NLN,thu-y,A00,Điểm học bạ,2025,20.25,Thú y (Phân hiệu Ninh Thuận)
116786,NLN,thu-y,B00,Điểm học bạ,2025,20.25,Thú y (Phân hiệu Ninh Thuận)
116787,NLN,thu-y,B03,Điểm học bạ,2025,20.25,Thú y (Phân hiệu Ninh Thuận)
116788,NLN,thu-y,C02,Điểm học bạ,2025,20.25,Thú y (Phân hiệu Ninh Thuận)
116789,NLN,thu-y,D07,Điểm học bạ,2025,20.25,Thú y (Phân hiệu Ninh Thuận)
116790,NLN,thu-y,D08,Điểm học bạ,2025,20.25,Thú y (Phân hiệu Ninh Thuận)
116791,NLN,thu-y,A00,Điểm thi THPT,2025,18.0,Thú y (Phân hiệu Ninh Thuận)
116792,NLN,thu-y,B00,Điểm thi THPT,2025,18.0,Thú y (Phân hiệu Ninh Thuận)
116793,NLN,thu-y,B03,Điểm thi THPT,2025,18.0,Thú y (Phân hiệu Ninh Thuận)
116794,NLN,thu-y,C02,Điểm thi THPT,2025,18.0,Thú y (Phân hiệu Ninh Thuận)
116795,NLN,thu-y,D07,Điểm thi THPT,2025,18.0,Thú y (Phân hiệu Ninh Thuận)
116796,NLN,thu-y,D08,Điểm thi THPT,2025,18.0,Thú y (Phân hiệu Ninh Thuận)
116797,NLS,bao-ve-thuc-vat,A00,Điểm học bạ,2021,22.0,Bảo vệ thực vật
116798,NLS,bao-ve-thuc-vat,B00,Điểm học bạ,2021,22.0,Bảo vệ thực vật
116799,NLS,bao-ve-thuc-vat,D08,Điểm học bạ,2021,22.0,Bảo vệ thực vật
116800,NLS,bao-ve-thuc-vat,A00,Điểm thi THPT,2021,19.0,Bảo vệ thực vật
116801,NLS,bao-ve-thuc-vat,B00,Điểm thi THPT,2021,19.0,Bảo vệ thực vật
116802,NLS,bao-ve-thuc-vat,D08,Điểm thi THPT,2021,19.0,Bảo vệ thực vật
116803,NLS,bao-ve-thuc-vat,A00,Điểm thi THPT,2022,17.0,Bảo vệ thực vật
116804,NLS,bao-ve-thuc-vat,B00,Điểm thi THPT,2022,17.0,Bảo vệ thực vật
116805,NLS,bao-ve-thuc-vat,D08,Điểm thi THPT,2022,17.0,Bảo vệ thực vật
116806,NLS,bao-ve-thuc-vat,A00,Điểm học bạ,2023,22.75,Bảo vệ thực vật
116807,NLS,bao-ve-thuc-vat,B00,Điểm học bạ,2023,22.75,Bảo vệ thực vật
116808,NLS,bao-ve-thuc-vat,D07,Điểm học bạ,2023,22.75,Bảo vệ thực vật
116809,NLS,bao-ve-thuc-vat,D08,Điểm học bạ,2023,22.75,Bảo vệ thực vật
116810,NLS,bao-ve-thuc-vat,A00,Điểm thi THPT,2023,17.0,Bảo vệ thực vật
116811,NLS,bao-ve-thuc-vat,B00,Điểm thi THPT,2023,17.0,Bảo vệ thực vật
116812,NLS,bao-ve-thuc-vat,D07,Điểm thi THPT,2023,17.0,Bảo vệ thực vật
116813,NLS,bao-ve-thuc-vat,D08,Điểm thi THPT,2023,17.0,Bảo vệ thực vật
116814,NLS,bao-ve-thuc-vat,A00,Điểm học bạ,2024,21.0,Bảo vệ thực vật
116815,NLS,bao-ve-thuc-vat,B00,Điểm học bạ,2024,21.0,Bảo vệ thực vật
116816,NLS,bao-ve-thuc-vat,D07,Điểm học bạ,2024,21.0,Bảo vệ thực vật
116817,NLS,bao-ve-thuc-vat,D08,Điểm học bạ,2024,21.0,Bảo vệ thực vật
116818,NLS,bao-ve-thuc-vat,A00,Điểm thi THPT,2024,17.0,Bảo vệ thực vật
116819,NLS,bao-ve-thuc-vat,B00,Điểm thi THPT,2024,17.0,Bảo vệ thực vật
116820,NLS,bao-ve-thuc-vat,D07,Điểm thi THPT,2024,17.0,Bảo vệ thực vật
116821,NLS,bao-ve-thuc-vat,D08,Điểm thi THPT,2024,17.0,Bảo vệ thực vật
116822,NLS,bao-ve-thuc-vat,A00,Điểm học bạ,2025,24.19,Bảo vệ thực vật
116823,NLS,bao-ve-thuc-vat,A01,Điểm học bạ,2025,24.19,Bảo vệ thực vật
116824,NLS,bao-ve-thuc-vat,A02,Điểm học bạ,2025,24.19,Bảo vệ thực vật
116825,NLS,bao-ve-thuc-vat,B00,Điểm học bạ,2025,24.19,Bảo vệ thực vật
116826,NLS,bao-ve-thuc-vat,D07,Điểm học bạ,2025,24.19,Bảo vệ thực vật
116827,NLS,bao-ve-thuc-vat,D08,Điểm học bạ,2025,24.19,Bảo vệ thực vật
116828,NLS,bao-ve-thuc-vat,A00,Điểm thi THPT,2025,21.5,Bảo vệ thực vật
116829,NLS,bao-ve-thuc-vat,A01,Điểm thi THPT,2025,21.5,Bảo vệ thực vật
116830,NLS,bao-ve-thuc-vat,A02,Điểm thi THPT,2025,21.5,Bảo vệ thực vật
116831,NLS,bao-ve-thuc-vat,B00,Điểm thi THPT,2025,21.5,Bảo vệ thực vật
116832,NLS,bao-ve-thuc-vat,D07,Điểm thi THPT,2025,21.5,Bảo vệ thực vật
116833,NLS,bao-ve-thuc-vat,D08,Điểm thi THPT,2025,21.5,Bảo vệ thực vật
116834,NLS,bat-dong-san,A00,Điểm học bạ,2021,20.0,Bất động sản
116835,NLS,bat-dong-san,A01,Điểm học bạ,2021,20.0,Bất động sản
116836,NLS,bat-dong-san,A04,Điểm học bạ,2021,20.0,Bất động sản
116837,NLS,bat-dong-san,D01,Điểm học bạ,2021,20.0,Bất động sản
116838,NLS,bat-dong-san,A00,Điểm thi THPT,2021,22.75,Bất động sản
116839,NLS,bat-dong-san,A01,Điểm thi THPT,2021,22.75,Bất động sản
116840,NLS,bat-dong-san,D01,Điểm thi THPT,2021,22.75,Bất động sản
116841,NLS,bat-dong-san,A00,Điểm thi THPT,2022,15.0,Bất động sản
116842,NLS,bat-dong-san,A01,Điểm thi THPT,2022,15.0,Bất động sản
116843,NLS,bat-dong-san,D01,Điểm thi THPT,2022,15.0,Bất động sản
116844,NLS,bat-dong-san,A00,Điểm học bạ,2023,22.58,Bất động sản
116845,NLS,bat-dong-san,A01,Điểm học bạ,2023,22.58,Bất động sản
116846,NLS,bat-dong-san,A04,Điểm học bạ,2023,22.58,Bất động sản
116847,NLS,bat-dong-san,D01,Điểm học bạ,2023,22.58,Bất động sản
116848,NLS,bat-dong-san,A00,Điểm thi THPT,2023,20.0,Bất động sản
116849,NLS,bat-dong-san,A01,Điểm thi THPT,2023,20.0,Bất động sản
116850,NLS,bat-dong-san,A04,Điểm thi THPT,2023,20.0,Bất động sản
116851,NLS,bat-dong-san,D01,Điểm thi THPT,2023,20.0,Bất động sản
116852,NLS,bat-dong-san,A00,Điểm học bạ,2024,21.0,Bất động sản
116853,NLS,bat-dong-san,A01,Điểm học bạ,2024,21.0,Bất động sản
116854,NLS,bat-dong-san,A04,Điểm học bạ,2024,21.0,Bất động sản
116855,NLS,bat-dong-san,D01,Điểm học bạ,2024,21.0,Bất động sản
116856,NLS,bat-dong-san,A00,Điểm thi THPT,2024,19.75,Bất động sản
116857,NLS,bat-dong-san,A01,Điểm thi THPT,2024,19.75,Bất động sản
116858,NLS,bat-dong-san,A04,Điểm thi THPT,2024,19.75,Bất động sản
116859,NLS,bat-dong-san,D01,Điểm thi THPT,2024,19.75,Bất động sản
116860,NLS,bat-dong-san,A00,Điểm học bạ,2025,23.51,Bất động sản
116861,NLS,bat-dong-san,A01,Điểm học bạ,2025,23.51,Bất động sản
116862,NLS,bat-dong-san,C01,Điểm học bạ,2025,23.51,Bất động sản
116863,NLS,bat-dong-san,C04,Điểm học bạ,2025,23.51,Bất động sản
116864,NLS,bat-dong-san,D01,Điểm học bạ,2025,23.51,Bất động sản
116865,NLS,bat-dong-san,X01,Điểm học bạ,2025,23.51,Bất động sản
116866,NLS,bat-dong-san,A00,Điểm thi THPT,2025,20.9,Bất động sản
116867,NLS,bat-dong-san,A01,Điểm thi THPT,2025,20.9,Bất động sản
116868,NLS,bat-dong-san,C01,Điểm thi THPT,2025,20.9,Bất động sản
116869,NLS,bat-dong-san,C04,Điểm thi THPT,2025,20.9,Bất động sản
116870,NLS,bat-dong-san,D01,Điểm thi THPT,2025,20.9,Bất động sản
116871,NLS,bat-dong-san,X01,Điểm thi THPT,2025,20.9,Bất động sản
116872,NLS,canh-quan-va-ky-thuat-hoa-vien,A00,Điểm học bạ,2021,20.0,Cảnh quan và kỹ thuật hoa viên
116873,NLS,canh-quan-va-ky-thuat-hoa-vien,B00,Điểm học bạ,2021,20.0,Cảnh quan và kỹ thuật hoa viên
116874,NLS,canh-quan-va-ky-thuat-hoa-vien,D07,Điểm học bạ,2021,20.0,Cảnh quan và kỹ thuật hoa viên
116875,NLS,canh-quan-va-ky-thuat-hoa-vien,D08,Điểm học bạ,2021,20.0,Cảnh quan và kỹ thuật hoa viên
116876,NLS,canh-quan-va-ky-thuat-hoa-vien,A00,Điểm thi THPT,2021,16.0,Cảnh quan và kỹ thuật hoa viên
116877,NLS,canh-quan-va-ky-thuat-hoa-vien,B00,Điểm thi THPT,2021,16.0,Cảnh quan và kỹ thuật hoa viên
116878,NLS,canh-quan-va-ky-thuat-hoa-vien,D07,Điểm thi THPT,2021,16.0,Cảnh quan và kỹ thuật hoa viên
116879,NLS,canh-quan-va-ky-thuat-hoa-vien,D08,Điểm thi THPT,2021,16.0,Cảnh quan và kỹ thuật hoa viên
116880,NLS,canh-quan-va-ky-thuat-hoa-vien,A00,Điểm thi THPT,2022,16.0,Cảnh quan và kỹ thuật hoa viên
116881,NLS,canh-quan-va-ky-thuat-hoa-vien,B00,Điểm thi THPT,2022,16.0,Cảnh quan và kỹ thuật hoa viên
116882,NLS,canh-quan-va-ky-thuat-hoa-vien,D07,Điểm thi THPT,2022,16.0,Cảnh quan và kỹ thuật hoa viên
116883,NLS,canh-quan-va-ky-thuat-hoa-vien,D08,Điểm thi THPT,2022,16.0,Cảnh quan và kỹ thuật hoa viên
116884,NLS,canh-quan-va-ky-thuat-hoa-vien,A00,Điểm học bạ,2023,20.24,Cảnh quan và kỹ thuật hoa viên
116885,NLS,canh-quan-va-ky-thuat-hoa-vien,B00,Điểm học bạ,2023,20.24,Cảnh quan và kỹ thuật hoa viên
116886,NLS,canh-quan-va-ky-thuat-hoa-vien,D07,Điểm học bạ,2023,20.24,Cảnh quan và kỹ thuật hoa viên
116887,NLS,canh-quan-va-ky-thuat-hoa-vien,D08,Điểm học bạ,2023,20.24,Cảnh quan và kỹ thuật hoa viên
116888,NLS,canh-quan-va-ky-thuat-hoa-vien,A00,Điểm thi THPT,2023,16.0,Cảnh quan và Kỹ thuật hoa viên
116889,NLS,canh-quan-va-ky-thuat-hoa-vien,B00,Điểm thi THPT,2023,16.0,Cảnh quan và Kỹ thuật hoa viên
116890,NLS,canh-quan-va-ky-thuat-hoa-vien,D07,Điểm thi THPT,2023,16.0,Cảnh quan và Kỹ thuật hoa viên
116891,NLS,canh-quan-va-ky-thuat-hoa-vien,D08,Điểm thi THPT,2023,16.0,Cảnh quan và Kỹ thuật hoa viên
116892,NLS,canh-quan-va-ky-thuat-hoa-vien,A00,Điểm học bạ,2024,20.0,Cảnh quan và kỹ thuật hoa viên
116893,NLS,canh-quan-va-ky-thuat-hoa-vien,B00,Điểm học bạ,2024,20.0,Cảnh quan và kỹ thuật hoa viên
116894,NLS,canh-quan-va-ky-thuat-hoa-vien,D07,Điểm học bạ,2024,20.0,Cảnh quan và kỹ thuật hoa viên
116895,NLS,canh-quan-va-ky-thuat-hoa-vien,D08,Điểm học bạ,2024,20.0,Cảnh quan và kỹ thuật hoa viên
116896,NLS,canh-quan-va-ky-thuat-hoa-vien,A00,Điểm thi THPT,2024,16.0,Cảnh quan và kỹ thuật hoa viên
116897,NLS,canh-quan-va-ky-thuat-hoa-vien,B00,Điểm thi THPT,2024,16.0,Cảnh quan và kỹ thuật hoa viên
116898,NLS,canh-quan-va-ky-thuat-hoa-vien,D07,Điểm thi THPT,2024,16.0,Cảnh quan và kỹ thuật hoa viên
116899,NLS,canh-quan-va-ky-thuat-hoa-vien,D08,Điểm thi THPT,2024,16.0,Cảnh quan và kỹ thuật hoa viên
116900,NLS,canh-quan-va-ky-thuat-hoa-vien,A00,Điểm học bạ,2025,18.0,Cảnh quan và Kỹ thuật hoa viên
116901,NLS,canh-quan-va-ky-thuat-hoa-vien,A02,Điểm học bạ,2025,18.0,Cảnh quan và Kỹ thuật hoa viên
116902,NLS,canh-quan-va-ky-thuat-hoa-vien,B00,Điểm học bạ,2025,18.0,Cảnh quan và Kỹ thuật hoa viên
116903,NLS,canh-quan-va-ky-thuat-hoa-vien,D01,Điểm học bạ,2025,18.0,Cảnh quan và Kỹ thuật hoa viên
116904,NLS,canh-quan-va-ky-thuat-hoa-vien,D07,Điểm học bạ,2025,18.0,Cảnh quan và Kỹ thuật hoa viên
116905,NLS,canh-quan-va-ky-thuat-hoa-vien,D08,Điểm học bạ,2025,18.0,Cảnh quan và Kỹ thuật hoa viên
116906,NLS,canh-quan-va-ky-thuat-hoa-vien,A00,Điểm thi THPT,2025,16.0,Cảnh quan và Kỹ thuật hoa viên
116907,NLS,canh-quan-va-ky-thuat-hoa-vien,A02,Điểm thi THPT,2025,16.0,Cảnh quan và Kỹ thuật hoa viên
116908,NLS,canh-quan-va-ky-thuat-hoa-vien,B00,Điểm thi THPT,2025,16.0,Cảnh quan và Kỹ thuật hoa viên
116909,NLS,canh-quan-va-ky-thuat-hoa-vien,D01,Điểm thi THPT,2025,16.0,Cảnh quan và Kỹ thuật hoa viên
116910,NLS,canh-quan-va-ky-thuat-hoa-vien,D07,Điểm thi THPT,2025,16.0,Cảnh quan và Kỹ thuật hoa viên
116911,NLS,canh-quan-va-ky-thuat-hoa-vien,D08,Điểm thi THPT,2025,16.0,Cảnh quan và Kỹ thuật hoa viên
116912,NLS,chan-nuoi,A00,Điểm học bạ,2021,20.0,Chăn nuôi
116913,NLS,chan-nuoi,B00,Điểm học bạ,2021,20.0,Chăn nuôi
116914,NLS,chan-nuoi,D07,Điểm học bạ,2021,20.0,Chăn nuôi
116915,NLS,chan-nuoi,D08,Điểm học bạ,2021,20.0,Chăn nuôi
116916,NLS,chan-nuoi,A00,Điểm thi THPT,2021,18.25,Chăn nuôi
116917,NLS,chan-nuoi,B00,Điểm thi THPT,2021,18.25,Chăn nuôi
116918,NLS,chan-nuoi,D07,Điểm thi THPT,2021,18.25,Chăn nuôi
116919,NLS,chan-nuoi,D08,Điểm thi THPT,2021,18.25,Chăn nuôi
116920,NLS,chan-nuoi,A00,Điểm thi THPT,2022,16.0,Chăn nuôi
116921,NLS,chan-nuoi,B00,Điểm thi THPT,2022,16.0,Chăn nuôi
116922,NLS,chan-nuoi,D07,Điểm thi THPT,2022,16.0,Chăn nuôi
116923,NLS,chan-nuoi,D08,Điểm thi THPT,2022,16.0,Chăn nuôi
116924,NLS,chan-nuoi,A00,Điểm học bạ,2023,19.0,Chăn nuôi
116925,NLS,chan-nuoi,B00,Điểm học bạ,2023,19.0,Chăn nuôi
116926,NLS,chan-nuoi,D07,Điểm học bạ,2023,19.0,Chăn nuôi
116927,NLS,chan-nuoi,D08,Điểm học bạ,2023,19.0,Chăn nuôi
116928,NLS,chan-nuoi,A00,Điểm thi THPT,2023,16.0,Chăn nuôi
116929,NLS,chan-nuoi,B00,Điểm thi THPT,2023,16.0,Chăn nuôi
116930,NLS,chan-nuoi,D07,Điểm thi THPT,2023,16.0,Chăn nuôi
116931,NLS,chan-nuoi,D08,Điểm thi THPT,2023,16.0,Chăn nuôi
116932,NLS,chan-nuoi,A00,Điểm học bạ,2024,20.0,Chăn nuôi
116933,NLS,chan-nuoi,B00,Điểm học bạ,2024,20.0,Chăn nuôi
116934,NLS,chan-nuoi,D07,Điểm học bạ,2024,20.0,Chăn nuôi
116935,NLS,chan-nuoi,D08,Điểm học bạ,2024,20.0,Chăn nuôi
116936,NLS,chan-nuoi,A00,Điểm thi THPT,2024,16.0,Chăn nuôi
116937,NLS,chan-nuoi,B00,Điểm thi THPT,2024,16.0,Chăn nuôi
116938,NLS,chan-nuoi,D07,Điểm thi THPT,2024,16.0,Chăn nuôi
116939,NLS,chan-nuoi,D08,Điểm thi THPT,2024,16.0,Chăn nuôi
116940,NLS,chan-nuoi,A00,Điểm học bạ,2025,22.79,Chăn nuôi
116941,NLS,chan-nuoi,B00,Điểm học bạ,2025,22.79,Chăn nuôi
116942,NLS,chan-nuoi,B03,Điểm học bạ,2025,22.79,Chăn nuôi
116943,NLS,chan-nuoi,C02,Điểm học bạ,2025,22.79,Chăn nuôi
116944,NLS,chan-nuoi,D07,Điểm học bạ,2025,22.79,Chăn nuôi
116945,NLS,chan-nuoi,D08,Điểm học bạ,2025,22.79,Chăn nuôi
116946,NLS,chan-nuoi,A00,Điểm thi THPT,2025,20.26,Chăn nuôi
116947,NLS,chan-nuoi,B00,Điểm thi THPT,2025,20.26,Chăn nuôi
116948,NLS,chan-nuoi,B03,Điểm thi THPT,2025,20.26,Chăn nuôi
116949,NLS,chan-nuoi,C02,Điểm thi THPT,2025,20.26,Chăn nuôi
116950,NLS,chan-nuoi,D07,Điểm thi THPT,2025,20.26,Chăn nuôi
116951,NLS,chan-nuoi,D08,Điểm thi THPT,2025,20.26,Chăn nuôi
116952,NLS,cnkt-co-dien-tu,A00,Điểm học bạ,2023,22.0,CNKT cơ điện tử
116953,NLS,cnkt-co-dien-tu,A01,Điểm học bạ,2023,22.0,CNKT cơ điện tử
116954,NLS,cnkt-co-dien-tu,D07,Điểm học bạ,2023,22.0,CNKT cơ điện tử
116955,NLS,cnkt-co-khi,A00,Điểm học bạ,2023,20.0,CNKT cơ khí
116956,NLS,cnkt-co-khi,A01,Điểm học bạ,2023,20.0,CNKT cơ khí
116957,NLS,cnkt-co-khi,D07,Điểm học bạ,2023,20.0,CNKT cơ khí
116958,NLS,cnkt-hoa-hoc,A00,Điểm học bạ,2023,26.0,CNKT hóa học
116959,NLS,cnkt-hoa-hoc,A01,Điểm học bạ,2023,26.0,CNKT hóa học
116960,NLS,cnkt-hoa-hoc,B00,Điểm học bạ,2023,26.0,CNKT hóa học
116961,NLS,cnkt-hoa-hoc,D07,Điểm học bạ,2023,26.0,CNKT hóa học
116962,NLS,cnkt-nang-luong-tai-tao,A00,Điểm học bạ,2023,20.0,CNKT năng lượng tái tạo
116963,NLS,cnkt-nang-luong-tai-tao,A01,Điểm học bạ,2023,20.0,CNKT năng lượng tái tạo
116964,NLS,cnkt-nang-luong-tai-tao,D07,Điểm học bạ,2023,20.0,CNKT năng lượng tái tạo
116965,NLS,cnkt-nhiet,A00,Điểm học bạ,2023,20.0,CNKT nhiệt
116966,NLS,cnkt-nhiet,A01,Điểm học bạ,2023,20.0,CNKT nhiệt
116967,NLS,cnkt-nhiet,D07,Điểm học bạ,2023,20.0,CNKT nhiệt
116968,NLS,cnkt-o-to,A00,Điểm học bạ,2023,25.0,CNKT ô tô
116969,NLS,cnkt-o-to,A01,Điểm học bạ,2023,25.0,CNKT ô tô
116970,NLS,cnkt-o-to,D07,Điểm học bạ,2023,25.0,CNKT ô tô
116971,NLS,cong-nghe-che-bien-lam-san,A00,Điểm học bạ,2021,19.0,Công nghệ chế biến lâm sản
116972,NLS,cong-nghe-che-bien-lam-san,A01,Điểm học bạ,2021,19.0,Công nghệ chế biến lâm sản
116973,NLS,cong-nghe-che-bien-lam-san,B00,Điểm học bạ,2021,19.0,Công nghệ chế biến lâm sản
116974,NLS,cong-nghe-che-bien-lam-san,D01,Điểm học bạ,2021,19.0,Công nghệ chế biến lâm sản
116975,NLS,cong-nghe-che-bien-lam-san,A00,Điểm thi THPT,2021,16.0,Công nghệ chế biến lâm sản
116976,NLS,cong-nghe-che-bien-lam-san,A01,Điểm thi THPT,2021,16.0,Công nghệ chế biến lâm sản
116977,NLS,cong-nghe-che-bien-lam-san,B00,Điểm thi THPT,2021,16.0,Công nghệ chế biến lâm sản
116978,NLS,cong-nghe-che-bien-lam-san,D01,Điểm thi THPT,2021,16.0,Công nghệ chế biến lâm sản
116979,NLS,cong-nghe-che-bien-lam-san,A00,Điểm thi THPT,2022,16.0,Công nghệ chế biến lâm sản
116980,NLS,cong-nghe-che-bien-lam-san,A01,Điểm thi THPT,2022,16.0,Công nghệ chế biến lâm sản
116981,NLS,cong-nghe-che-bien-lam-san,B00,Điểm thi THPT,2022,16.0,Công nghệ chế biến lâm sản
116982,NLS,cong-nghe-che-bien-lam-san,D01,Điểm thi THPT,2022,16.0,Công nghệ chế biến lâm sản
116983,NLS,cong-nghe-che-bien-lam-san,A00,Điểm học bạ,2023,19.33,Công nghệ chế biến lâm sản
116984,NLS,cong-nghe-che-bien-lam-san,A01,Điểm học bạ,2023,19.33,Công nghệ chế biến lâm sản
116985,NLS,cong-nghe-che-bien-lam-san,B00,Điểm học bạ,2023,19.33,Công nghệ chế biến lâm sản
116986,NLS,cong-nghe-che-bien-lam-san,D01,Điểm học bạ,2023,19.33,Công nghệ chế biến lâm sản
116987,NLS,cong-nghe-che-bien-lam-san,A00,Điểm thi THPT,2023,16.0,Công nghệ chế biến lâm sản
116988,NLS,cong-nghe-che-bien-lam-san,A01,Điểm thi THPT,2023,16.0,Công nghệ chế biến lâm sản
116989,NLS,cong-nghe-che-bien-lam-san,B00,Điểm thi THPT,2023,16.0,Công nghệ chế biến lâm sản
116990,NLS,cong-nghe-che-bien-lam-san,D01,Điểm thi THPT,2023,16.0,Công nghệ chế biến lâm sản
116991,NLS,cong-nghe-che-bien-lam-san,A00,Điểm học bạ,2024,19.0,Công nghệ chế biến lâm sản
116992,NLS,cong-nghe-che-bien-lam-san,A01,Điểm học bạ,2024,19.0,Công nghệ chế biến lâm sản
116993,NLS,cong-nghe-che-bien-lam-san,B00,Điểm học bạ,2024,19.0,Công nghệ chế biến lâm sản
116994,NLS,cong-nghe-che-bien-lam-san,D01,Điểm học bạ,2024,19.0,Công nghệ chế biến lâm sản
116995,NLS,cong-nghe-che-bien-lam-san,A00,Điểm thi THPT,2024,16.0,Công nghệ chế biến lâm sản
116996,NLS,cong-nghe-che-bien-lam-san,A01,Điểm thi THPT,2024,16.0,Công nghệ chế biến lâm sản
116997,NLS,cong-nghe-che-bien-lam-san,B00,Điểm thi THPT,2024,16.0,Công nghệ chế biến lâm sản
116998,NLS,cong-nghe-che-bien-lam-san,D01,Điểm thi THPT,2024,16.0,Công nghệ chế biến lâm sản
116999,NLS,cong-nghe-che-bien-lam-san,A00,Điểm học bạ,2025,18.0,Công nghệ chế biến lâm sản
117000,NLS,cong-nghe-che-bien-lam-san,A01,Điểm học bạ,2025,18.0,Công nghệ chế biến lâm sản
117001,NLS,cong-nghe-che-bien-lam-san,B00,Điểm học bạ,2025,18.0,Công nghệ chế biến lâm sản
117002,NLS,cong-nghe-che-bien-lam-san,C04,Điểm học bạ,2025,18.0,Công nghệ chế biến lâm sản
117003,NLS,cong-nghe-che-bien-lam-san,D01,Điểm học bạ,2025,18.0,Công nghệ chế biến lâm sản
117004,NLS,cong-nghe-che-bien-lam-san,X04,Điểm học bạ,2025,18.0,Công nghệ chế biến lâm sản
117005,NLS,cong-nghe-che-bien-lam-san,A00,Điểm thi THPT,2025,16.0,Công nghệ chế biến lâm sản
117006,NLS,cong-nghe-che-bien-lam-san,A01,Điểm thi THPT,2025,16.0,Công nghệ chế biến lâm sản
117007,NLS,cong-nghe-che-bien-lam-san,B00,Điểm thi THPT,2025,16.0,Công nghệ chế biến lâm sản
117008,NLS,cong-nghe-che-bien-lam-san,C04,Điểm thi THPT,2025,16.0,Công nghệ chế biến lâm sản
117009,NLS,cong-nghe-che-bien-lam-san,D01,Điểm thi THPT,2025,16.0,Công nghệ chế biến lâm sản
117010,NLS,cong-nghe-che-bien-lam-san,X04,Điểm thi THPT,2025,16.0,Công nghệ chế biến lâm sản
117011,NLS,cong-nghe-che-bien-thuy-san,A00,Điểm học bạ,2021,20.0,Công nghệ chế biến thủy sản
117012,NLS,cong-nghe-che-bien-thuy-san,B00,Điểm học bạ,2021,20.0,Công nghệ chế biến thủy sản
117013,NLS,cong-nghe-che-bien-thuy-san,D07,Điểm học bạ,2021,20.0,Công nghệ chế biến thủy sản
117014,NLS,cong-nghe-che-bien-thuy-san,D08,Điểm học bạ,2021,20.0,Công nghệ chế biến thủy sản
117015,NLS,cong-nghe-che-bien-thuy-san,A00,Điểm thi THPT,2021,16.0,Công nghệ chế biến thủy sản
117016,NLS,cong-nghe-che-bien-thuy-san,B00,Điểm thi THPT,2021,16.0,Công nghệ chế biến thủy sản
117017,NLS,cong-nghe-che-bien-thuy-san,D07,Điểm thi THPT,2021,16.0,Công nghệ chế biến thủy sản
117018,NLS,cong-nghe-che-bien-thuy-san,D08,Điểm thi THPT,2021,16.0,Công nghệ chế biến thủy sản
117019,NLS,cong-nghe-che-bien-thuy-san,A00,Điểm thi THPT,2022,16.0,Công nghệ chế biến thủy sản
117020,NLS,cong-nghe-che-bien-thuy-san,B00,Điểm thi THPT,2022,16.0,Công nghệ chế biến thủy sản
117021,NLS,cong-nghe-che-bien-thuy-san,D07,Điểm thi THPT,2022,16.0,Công nghệ chế biến thủy sản
117022,NLS,cong-nghe-che-bien-thuy-san,D08,Điểm thi THPT,2022,16.0,Công nghệ chế biến thủy sản
117023,NLS,cong-nghe-che-bien-thuy-san,A00,Điểm học bạ,2023,21.0,Công nghệ chế biến thủy sản
117024,NLS,cong-nghe-che-bien-thuy-san,B00,Điểm học bạ,2023,21.0,Công nghệ chế biến thủy sản
117025,NLS,cong-nghe-che-bien-thuy-san,D07,Điểm học bạ,2023,21.0,Công nghệ chế biến thủy sản
117026,NLS,cong-nghe-che-bien-thuy-san,D08,Điểm học bạ,2023,21.0,Công nghệ chế biến thủy sản
117027,NLS,cong-nghe-che-bien-thuy-san,A00,Điểm thi THPT,2023,16.0,Công nghệ chế biến thủy sản
117028,NLS,cong-nghe-che-bien-thuy-san,B00,Điểm thi THPT,2023,16.0,Công nghệ chế biến thủy sản
117029,NLS,cong-nghe-che-bien-thuy-san,D07,Điểm thi THPT,2023,16.0,Công nghệ chế biến thủy sản
117030,NLS,cong-nghe-che-bien-thuy-san,D08,Điểm thi THPT,2023,16.0,Công nghệ chế biến thủy sản
117031,NLS,cong-nghe-che-bien-thuy-san,A00,Điểm học bạ,2024,20.0,Công nghệ chế biến thuỷ sản
117032,NLS,cong-nghe-che-bien-thuy-san,B00,Điểm học bạ,2024,20.0,Công nghệ chế biến thuỷ sản
117033,NLS,cong-nghe-che-bien-thuy-san,D07,Điểm học bạ,2024,20.0,Công nghệ chế biến thuỷ sản
117034,NLS,cong-nghe-che-bien-thuy-san,D08,Điểm học bạ,2024,20.0,Công nghệ chế biến thuỷ sản
117035,NLS,cong-nghe-che-bien-thuy-san,A00,Điểm thi THPT,2024,16.0,Công nghệ chế biến thuỷ sản
117036,NLS,cong-nghe-che-bien-thuy-san,B00,Điểm thi THPT,2024,16.0,Công nghệ chế biến thuỷ sản
117037,NLS,cong-nghe-che-bien-thuy-san,D07,Điểm thi THPT,2024,16.0,Công nghệ chế biến thuỷ sản
117038,NLS,cong-nghe-che-bien-thuy-san,D08,Điểm thi THPT,2024,16.0,Công nghệ chế biến thuỷ sản
117039,NLS,cong-nghe-che-bien-thuy-san,A00,Điểm học bạ,2025,23.63,Công nghệ chế biến thủy sản
117040,NLS,cong-nghe-che-bien-thuy-san,A01,Điểm học bạ,2025,23.63,Công nghệ chế biến thủy sản
117041,NLS,cong-nghe-che-bien-thuy-san,B00,Điểm học bạ,2025,23.63,Công nghệ chế biến thủy sản
117042,NLS,cong-nghe-che-bien-thuy-san,B03,Điểm học bạ,2025,23.63,Công nghệ chế biến thủy sản
117043,NLS,cong-nghe-che-bien-thuy-san,D01,Điểm học bạ,2025,23.63,Công nghệ chế biến thủy sản
117044,NLS,cong-nghe-che-bien-thuy-san,X04,Điểm học bạ,2025,23.63,Công nghệ chế biến thủy sản
117045,NLS,cong-nghe-che-bien-thuy-san,A00,Điểm thi THPT,2025,21.0,Công nghệ chế biến thủy sản
117046,NLS,cong-nghe-che-bien-thuy-san,A01,Điểm thi THPT,2025,21.0,Công nghệ chế biến thủy sản
117047,NLS,cong-nghe-che-bien-thuy-san,B00,Điểm thi THPT,2025,21.0,Công nghệ chế biến thủy sản
117048,NLS,cong-nghe-che-bien-thuy-san,B03,Điểm thi THPT,2025,21.0,Công nghệ chế biến thủy sản
117049,NLS,cong-nghe-che-bien-thuy-san,D01,Điểm thi THPT,2025,21.0,Công nghệ chế biến thủy sản
117050,NLS,cong-nghe-che-bien-thuy-san,X04,Điểm thi THPT,2025,21.0,Công nghệ chế biến thủy sản
117051,NLS,cong-nghe-ky-thuat-co-dien-tu,A00,Điểm học bạ,2021,21.0,Công nghệ kỹ thuật cơ điện tử
117052,NLS,cong-nghe-ky-thuat-co-dien-tu,A01,Điểm học bạ,2021,21.0,Công nghệ kỹ thuật cơ điện tử
117053,NLS,cong-nghe-ky-thuat-co-dien-tu,D07,Điểm học bạ,2021,21.0,Công nghệ kỹ thuật cơ điện tử
117054,NLS,cong-nghe-ky-thuat-co-dien-tu,A00,Điểm thi THPT,2021,22.5,Công nghệ kỹ thuật cơ điện tử
117055,NLS,cong-nghe-ky-thuat-co-dien-tu,A01,Điểm thi THPT,2021,22.5,Công nghệ kỹ thuật cơ điện tử
117056,NLS,cong-nghe-ky-thuat-co-dien-tu,D07,Điểm thi THPT,2021,22.5,Công nghệ kỹ thuật cơ điện tử
117057,NLS,cong-nghe-ky-thuat-co-dien-tu,A00,Điểm thi THPT,2022,20.5,Công nghệ kỹ thuật cơ điện tử
117058,NLS,cong-nghe-ky-thuat-co-dien-tu,A01,Điểm thi THPT,2022,20.5,Công nghệ kỹ thuật cơ điện tử
117059,NLS,cong-nghe-ky-thuat-co-dien-tu,D07,Điểm thi THPT,2022,20.5,Công nghệ kỹ thuật cơ điện tử
117060,NLS,cong-nghe-ky-thuat-co-dien-tu,A00,Điểm thi THPT,2023,22.5,Công nghệ kỹ thuật cơ - điện tử
117061,NLS,cong-nghe-ky-thuat-co-dien-tu,A01,Điểm thi THPT,2023,22.5,Công nghệ kỹ thuật cơ - điện tử
117062,NLS,cong-nghe-ky-thuat-co-dien-tu,D07,Điểm thi THPT,2023,22.5,Công nghệ kỹ thuật cơ - điện tử
117063,NLS,cong-nghe-ky-thuat-co-dien-tu,A00,Điểm học bạ,2024,22.0,Công nghệ kỹ thuật cơ điện tử
117064,NLS,cong-nghe-ky-thuat-co-dien-tu,A01,Điểm học bạ,2024,22.0,Công nghệ kỹ thuật cơ điện tử
117065,NLS,cong-nghe-ky-thuat-co-dien-tu,A02,Điểm học bạ,2024,22.0,Công nghệ kỹ thuật cơ điện tử
117066,NLS,cong-nghe-ky-thuat-co-dien-tu,D90,Điểm học bạ,2024,22.0,Công nghệ kỹ thuật cơ điện tử
117067,NLS,cong-nghe-ky-thuat-co-dien-tu,A00,Điểm thi THPT,2024,23.75,Công nghệ kỹ thuật cơ - điện tử
117068,NLS,cong-nghe-ky-thuat-co-dien-tu,A01,Điểm thi THPT,2024,23.75,Công nghệ kỹ thuật cơ - điện tử
117069,NLS,cong-nghe-ky-thuat-co-dien-tu,A02,Điểm thi THPT,2024,23.75,Công nghệ kỹ thuật cơ - điện tử
117070,NLS,cong-nghe-ky-thuat-co-dien-tu,D90,Điểm thi THPT,2024,23.75,Công nghệ kỹ thuật cơ - điện tử
117071,NLS,cong-nghe-ky-thuat-co-dien-tu,A00,Điểm học bạ,2025,26.72,Công nghệ kỹ thuật cơ - điện tử
117072,NLS,cong-nghe-ky-thuat-co-dien-tu,A01,Điểm học bạ,2025,26.72,Công nghệ kỹ thuật cơ - điện tử
117073,NLS,cong-nghe-ky-thuat-co-dien-tu,A02,Điểm học bạ,2025,26.72,Công nghệ kỹ thuật cơ - điện tử
117074,NLS,cong-nghe-ky-thuat-co-dien-tu,C01,Điểm học bạ,2025,26.72,Công nghệ kỹ thuật cơ - điện tử
117075,NLS,cong-nghe-ky-thuat-co-dien-tu,X06,Điểm học bạ,2025,26.72,Công nghệ kỹ thuật cơ - điện tử
117076,NLS,cong-nghe-ky-thuat-co-dien-tu,X07,Điểm học bạ,2025,26.72,Công nghệ kỹ thuật cơ - điện tử
117077,NLS,cong-nghe-ky-thuat-co-dien-tu,A00,Điểm thi THPT,2025,23.75,Công nghệ kỹ thuật cơ - điện tử
117078,NLS,cong-nghe-ky-thuat-co-dien-tu,A01,Điểm thi THPT,2025,23.75,Công nghệ kỹ thuật cơ - điện tử
117079,NLS,cong-nghe-ky-thuat-co-dien-tu,A02,Điểm thi THPT,2025,23.75,Công nghệ kỹ thuật cơ - điện tử
117080,NLS,cong-nghe-ky-thuat-co-dien-tu,C01,Điểm thi THPT,2025,23.75,Công nghệ kỹ thuật cơ - điện tử
117081,NLS,cong-nghe-ky-thuat-co-dien-tu,X06,Điểm thi THPT,2025,23.75,Công nghệ kỹ thuật cơ - điện tử
117082,NLS,cong-nghe-ky-thuat-co-dien-tu,X07,Điểm thi THPT,2025,23.75,Công nghệ kỹ thuật cơ - điện tử
117083,NLS,cong-nghe-ky-thuat-co-khi,A00,Điểm học bạ,2021,20.0,Công nghệ kỹ thuật cơ khí
117084,NLS,cong-nghe-ky-thuat-co-khi,A01,Điểm học bạ,2021,20.0,Công nghệ kỹ thuật cơ khí
117085,NLS,cong-nghe-ky-thuat-co-khi,D07,Điểm học bạ,2021,20.0,Công nghệ kỹ thuật cơ khí
117086,NLS,cong-nghe-ky-thuat-co-khi,A00,Điểm thi THPT,2021,17.0,Công nghệ kỹ thuật cơ khí
117087,NLS,cong-nghe-ky-thuat-co-khi,A01,Điểm thi THPT,2021,17.0,Công nghệ kỹ thuật cơ khí
117088,NLS,cong-nghe-ky-thuat-co-khi,D07,Điểm thi THPT,2021,17.0,Công nghệ kỹ thuật cơ khí
117089,NLS,cong-nghe-ky-thuat-co-khi,A00,Điểm thi THPT,2022,17.75,Công nghệ kỹ thuật cơ khí
117090,NLS,cong-nghe-ky-thuat-co-khi,A01,Điểm thi THPT,2022,17.75,Công nghệ kỹ thuật cơ khí
117091,NLS,cong-nghe-ky-thuat-co-khi,D07,Điểm thi THPT,2022,17.75,Công nghệ kỹ thuật cơ khí
117092,NLS,cong-nghe-ky-thuat-co-khi,A00,Điểm thi THPT,2023,21.5,Công nghệ kỹ thuật cơ khí
117093,NLS,cong-nghe-ky-thuat-co-khi,A01,Điểm thi THPT,2023,21.5,Công nghệ kỹ thuật cơ khí
117094,NLS,cong-nghe-ky-thuat-co-khi,D07,Điểm thi THPT,2023,21.5,Công nghệ kỹ thuật cơ khí
117095,NLS,cong-nghe-ky-thuat-co-khi,A00,Điểm học bạ,2024,21.0,Công nghệ kỹ thuật cơ khí
117096,NLS,cong-nghe-ky-thuat-co-khi,A01,Điểm học bạ,2024,21.0,Công nghệ kỹ thuật cơ khí
117097,NLS,cong-nghe-ky-thuat-co-khi,A02,Điểm học bạ,2024,21.0,Công nghệ kỹ thuật cơ khí
117098,NLS,cong-nghe-ky-thuat-co-khi,D90,Điểm học bạ,2024,21.0,Công nghệ kỹ thuật cơ khí
117099,NLS,cong-nghe-ky-thuat-co-khi,A00,Điểm thi THPT,2024,22.5,Công nghệ kỹ thuật cơ khí
117100,NLS,cong-nghe-ky-thuat-co-khi,A01,Điểm thi THPT,2024,22.5,Công nghệ kỹ thuật cơ khí
117101,NLS,cong-nghe-ky-thuat-co-khi,A02,Điểm thi THPT,2024,22.5,Công nghệ kỹ thuật cơ khí
117102,NLS,cong-nghe-ky-thuat-co-khi,D90,Điểm thi THPT,2024,22.5,Công nghệ kỹ thuật cơ khí
117103,NLS,cong-nghe-ky-thuat-co-khi,A00,Điểm học bạ,2025,25.99,Công nghệ kỹ thuật cơ khí
117104,NLS,cong-nghe-ky-thuat-co-khi,A01,Điểm học bạ,2025,25.99,Công nghệ kỹ thuật cơ khí
117105,NLS,cong-nghe-ky-thuat-co-khi,A02,Điểm học bạ,2025,25.99,Công nghệ kỹ thuật cơ khí
117106,NLS,cong-nghe-ky-thuat-co-khi,C01,Điểm học bạ,2025,25.99,Công nghệ kỹ thuật cơ khí
117107,NLS,cong-nghe-ky-thuat-co-khi,X06,Điểm học bạ,2025,25.99,Công nghệ kỹ thuật cơ khí
117108,NLS,cong-nghe-ky-thuat-co-khi,X07,Điểm học bạ,2025,25.99,Công nghệ kỹ thuật cơ khí
117109,NLS,cong-nghe-ky-thuat-co-khi,A00,Điểm thi THPT,2025,23.1,Công nghệ kỹ thuật cơ khí
117110,NLS,cong-nghe-ky-thuat-co-khi,A01,Điểm thi THPT,2025,23.1,Công nghệ kỹ thuật cơ khí
117111,NLS,cong-nghe-ky-thuat-co-khi,A02,Điểm thi THPT,2025,23.1,Công nghệ kỹ thuật cơ khí
117112,NLS,cong-nghe-ky-thuat-co-khi,C01,Điểm thi THPT,2025,23.1,Công nghệ kỹ thuật cơ khí
117113,NLS,cong-nghe-ky-thuat-co-khi,X06,Điểm thi THPT,2025,23.1,Công nghệ kỹ thuật cơ khí
117114,NLS,cong-nghe-ky-thuat-co-khi,X07,Điểm thi THPT,2025,23.1,Công nghệ kỹ thuật cơ khí
117115,NLS,cong-nghe-ky-thuat-hoa-hoc,A00,Điểm học bạ,2021,24.0,Công nghệ kỹ thuật hóa học
117116,NLS,cong-nghe-ky-thuat-hoa-hoc,A01,Điểm học bạ,2021,24.0,Công nghệ kỹ thuật hóa học
117117,NLS,cong-nghe-ky-thuat-hoa-hoc,B00,Điểm học bạ,2021,24.0,Công nghệ kỹ thuật hóa học
117118,NLS,cong-nghe-ky-thuat-hoa-hoc,D07,Điểm học bạ,2021,24.0,Công nghệ kỹ thuật hóa học
117119,NLS,cong-nghe-ky-thuat-hoa-hoc,A00,Điểm thi THPT,2021,22.25,Công nghệ kỹ thuật hóa học
117120,NLS,cong-nghe-ky-thuat-hoa-hoc,A01,Điểm thi THPT,2021,22.25,Công nghệ kỹ thuật hóa học
117121,NLS,cong-nghe-ky-thuat-hoa-hoc,B00,Điểm thi THPT,2021,22.25,Công nghệ kỹ thuật hóa học
117122,NLS,cong-nghe-ky-thuat-hoa-hoc,D07,Điểm thi THPT,2021,22.25,Công nghệ kỹ thuật hóa học
117123,NLS,cong-nghe-ky-thuat-hoa-hoc,A00,Điểm thi THPT,2022,20.0,Công nghệ kỹ thuật hóa học
117124,NLS,cong-nghe-ky-thuat-hoa-hoc,A01,Điểm thi THPT,2022,20.0,Công nghệ kỹ thuật hóa học
117125,NLS,cong-nghe-ky-thuat-hoa-hoc,B00,Điểm thi THPT,2022,20.0,Công nghệ kỹ thuật hóa học
117126,NLS,cong-nghe-ky-thuat-hoa-hoc,D07,Điểm thi THPT,2022,20.0,Công nghệ kỹ thuật hóa học
117127,NLS,cong-nghe-ky-thuat-hoa-hoc,A00,Điểm thi THPT,2023,23.0,Công nghệ kỹ thuật hóa học
117128,NLS,cong-nghe-ky-thuat-hoa-hoc,A01,Điểm thi THPT,2023,23.0,Công nghệ kỹ thuật hóa học
117129,NLS,cong-nghe-ky-thuat-hoa-hoc,B00,Điểm thi THPT,2023,23.0,Công nghệ kỹ thuật hóa học
117130,NLS,cong-nghe-ky-thuat-hoa-hoc,D07,Điểm thi THPT,2023,23.0,Công nghệ kỹ thuật hóa học
117131,NLS,cong-nghe-ky-thuat-hoa-hoc,A00,Điểm học bạ,2024,24.0,Công nghệ kỹ thuật hoá học
117132,NLS,cong-nghe-ky-thuat-hoa-hoc,A01,Điểm học bạ,2024,24.0,Công nghệ kỹ thuật hoá học
117133,NLS,cong-nghe-ky-thuat-hoa-hoc,B00,Điểm học bạ,2024,24.0,Công nghệ kỹ thuật hoá học
117134,NLS,cong-nghe-ky-thuat-hoa-hoc,D07,Điểm học bạ,2024,24.0,Công nghệ kỹ thuật hoá học
117135,NLS,cong-nghe-ky-thuat-hoa-hoc,A00,Điểm thi THPT,2024,23.25,Công nghệ kỹ thuật hóa học
117136,NLS,cong-nghe-ky-thuat-hoa-hoc,A01,Điểm thi THPT,2024,23.25,Công nghệ kỹ thuật hóa học
117137,NLS,cong-nghe-ky-thuat-hoa-hoc,B00,Điểm thi THPT,2024,23.25,Công nghệ kỹ thuật hóa học
117138,NLS,cong-nghe-ky-thuat-hoa-hoc,D07,Điểm thi THPT,2024,23.25,Công nghệ kỹ thuật hóa học
117139,NLS,cong-nghe-ky-thuat-hoa-hoc,A00,Điểm học bạ,2025,26.83,Công nghệ kỹ thuật hóa học
117140,NLS,cong-nghe-ky-thuat-hoa-hoc,A01,Điểm học bạ,2025,26.83,Công nghệ kỹ thuật hóa học
117141,NLS,cong-nghe-ky-thuat-hoa-hoc,A02,Điểm học bạ,2025,26.83,Công nghệ kỹ thuật hóa học
117142,NLS,cong-nghe-ky-thuat-hoa-hoc,B00,Điểm học bạ,2025,26.83,Công nghệ kỹ thuật hóa học
117143,NLS,cong-nghe-ky-thuat-hoa-hoc,D07,Điểm học bạ,2025,26.83,Công nghệ kỹ thuật hóa học
117144,NLS,cong-nghe-ky-thuat-hoa-hoc,D08,Điểm học bạ,2025,26.83,Công nghệ kỹ thuật hóa học
117145,NLS,cong-nghe-ky-thuat-hoa-hoc,A00,Điểm thi THPT,2025,23.85,Công nghệ kỹ thuật hóa học
117146,NLS,cong-nghe-ky-thuat-hoa-hoc,A01,Điểm thi THPT,2025,23.85,Công nghệ kỹ thuật hóa học
117147,NLS,cong-nghe-ky-thuat-hoa-hoc,A02,Điểm thi THPT,2025,23.85,Công nghệ kỹ thuật hóa học
117148,NLS,cong-nghe-ky-thuat-hoa-hoc,B00,Điểm thi THPT,2025,23.85,Công nghệ kỹ thuật hóa học
117149,NLS,cong-nghe-ky-thuat-hoa-hoc,D07,Điểm thi THPT,2025,23.85,Công nghệ kỹ thuật hóa học
117150,NLS,cong-nghe-ky-thuat-hoa-hoc,D08,Điểm thi THPT,2025,23.85,Công nghệ kỹ thuật hóa học
117151,NLS,cong-nghe-ky-thuat-nang-luong-tai-tao,A00,Điểm học bạ,2021,20.0,Công nghệ kỹ thuật năng lượng tái tạo
117152,NLS,cong-nghe-ky-thuat-nang-luong-tai-tao,A01,Điểm học bạ,2021,20.0,Công nghệ kỹ thuật năng lượng tái tạo
117153,NLS,cong-nghe-ky-thuat-nang-luong-tai-tao,D07,Điểm học bạ,2021,20.0,Công nghệ kỹ thuật năng lượng tái tạo
117154,NLS,cong-nghe-ky-thuat-nang-luong-tai-tao,A00,Điểm thi THPT,2021,16.0,Công nghệ kỹ thuật năng lượng tái tạo
117155,NLS,cong-nghe-ky-thuat-nang-luong-tai-tao,A01,Điểm thi THPT,2021,16.0,Công nghệ kỹ thuật năng lượng tái tạo
117156,NLS,cong-nghe-ky-thuat-nang-luong-tai-tao,D07,Điểm thi THPT,2021,16.0,Công nghệ kỹ thuật năng lượng tái tạo
117157,NLS,cong-nghe-ky-thuat-nang-luong-tai-tao,A00,Điểm thi THPT,2022,15.0,Công nghệ kỹ thuật năng lượng tái tạo
117158,NLS,cong-nghe-ky-thuat-nang-luong-tai-tao,A01,Điểm thi THPT,2022,15.0,Công nghệ kỹ thuật năng lượng tái tạo
117159,NLS,cong-nghe-ky-thuat-nang-luong-tai-tao,D07,Điểm thi THPT,2022,15.0,Công nghệ kỹ thuật năng lượng tái tạo
117160,NLS,cong-nghe-ky-thuat-nang-luong-tai-tao,A00,Điểm thi THPT,2023,16.0,Công nghệ Kỹ thuật năng lượng tái tạo
117161,NLS,cong-nghe-ky-thuat-nang-luong-tai-tao,A01,Điểm thi THPT,2023,16.0,Công nghệ Kỹ thuật năng lượng tái tạo
117162,NLS,cong-nghe-ky-thuat-nang-luong-tai-tao,D07,Điểm thi THPT,2023,16.0,Công nghệ Kỹ thuật năng lượng tái tạo
117163,NLS,cong-nghe-ky-thuat-nang-luong-tai-tao,A00,Điểm học bạ,2024,20.0,Công nghệ kỹ thuật năng lượng tái tạo
117164,NLS,cong-nghe-ky-thuat-nang-luong-tai-tao,A01,Điểm học bạ,2024,20.0,Công nghệ kỹ thuật năng lượng tái tạo
117165,NLS,cong-nghe-ky-thuat-nang-luong-tai-tao,A02,Điểm học bạ,2024,20.0,Công nghệ kỹ thuật năng lượng tái tạo
117166,NLS,cong-nghe-ky-thuat-nang-luong-tai-tao,D90,Điểm học bạ,2024,20.0,Công nghệ kỹ thuật năng lượng tái tạo
117167,NLS,cong-nghe-ky-thuat-nang-luong-tai-tao,A00,Điểm thi THPT,2024,19.5,Công nghệ Kỹ thuật năng lượng tái tạo
117168,NLS,cong-nghe-ky-thuat-nang-luong-tai-tao,A01,Điểm thi THPT,2024,19.5,Công nghệ Kỹ thuật năng lượng tái tạo
117169,NLS,cong-nghe-ky-thuat-nang-luong-tai-tao,A02,Điểm thi THPT,2024,19.5,Công nghệ Kỹ thuật năng lượng tái tạo
117170,NLS,cong-nghe-ky-thuat-nang-luong-tai-tao,D90,Điểm thi THPT,2024,19.5,Công nghệ Kỹ thuật năng lượng tái tạo
117171,NLS,cong-nghe-ky-thuat-nang-luong-tai-tao,A00,Điểm học bạ,2025,25.31,Công nghệ kỹ thuật năng lượng tái tạo
117172,NLS,cong-nghe-ky-thuat-nang-luong-tai-tao,A01,Điểm học bạ,2025,25.31,Công nghệ kỹ thuật năng lượng tái tạo
117173,NLS,cong-nghe-ky-thuat-nang-luong-tai-tao,A02,Điểm học bạ,2025,25.31,Công nghệ kỹ thuật năng lượng tái tạo
117174,NLS,cong-nghe-ky-thuat-nang-luong-tai-tao,C01,Điểm học bạ,2025,25.31,Công nghệ kỹ thuật năng lượng tái tạo
117175,NLS,cong-nghe-ky-thuat-nang-luong-tai-tao,X06,Điểm học bạ,2025,25.31,Công nghệ kỹ thuật năng lượng tái tạo
117176,NLS,cong-nghe-ky-thuat-nang-luong-tai-tao,X07,Điểm học bạ,2025,25.31,Công nghệ kỹ thuật năng lượng tái tạo
117177,NLS,cong-nghe-ky-thuat-nang-luong-tai-tao,A00,Điểm thi THPT,2025,22.5,Công nghệ kỹ thuật năng lượng tái tạo
117178,NLS,cong-nghe-ky-thuat-nang-luong-tai-tao,A01,Điểm thi THPT,2025,22.5,Công nghệ kỹ thuật năng lượng tái tạo
117179,NLS,cong-nghe-ky-thuat-nang-luong-tai-tao,A02,Điểm thi THPT,2025,22.5,Công nghệ kỹ thuật năng lượng tái tạo
117180,NLS,cong-nghe-ky-thuat-nang-luong-tai-tao,C01,Điểm thi THPT,2025,22.5,Công nghệ kỹ thuật năng lượng tái tạo
117181,NLS,cong-nghe-ky-thuat-nang-luong-tai-tao,X06,Điểm thi THPT,2025,22.5,Công nghệ kỹ thuật năng lượng tái tạo
117182,NLS,cong-nghe-ky-thuat-nang-luong-tai-tao,X07,Điểm thi THPT,2025,22.5,Công nghệ kỹ thuật năng lượng tái tạo
117183,NLS,cong-nghe-ky-thuat-nhiet,A00,Điểm học bạ,2021,20.0,Công nghệ kỹ thuật nhiệt
117184,NLS,cong-nghe-ky-thuat-nhiet,A01,Điểm học bạ,2021,20.0,Công nghệ kỹ thuật nhiệt
117185,NLS,cong-nghe-ky-thuat-nhiet,D07,Điểm học bạ,2021,20.0,Công nghệ kỹ thuật nhiệt
117186,NLS,cong-nghe-ky-thuat-nhiet,A00,Điểm thi THPT,2021,20.0,Công nghệ kỹ thuật nhiệt
117187,NLS,cong-nghe-ky-thuat-nhiet,A01,Điểm thi THPT,2021,20.0,Công nghệ kỹ thuật nhiệt
117188,NLS,cong-nghe-ky-thuat-nhiet,D07,Điểm thi THPT,2021,20.0,Công nghệ kỹ thuật nhiệt
117189,NLS,cong-nghe-ky-thuat-nhiet,A00,Điểm thi THPT,2022,17.0,Công nghệ kỹ thuật nhiệt
117190,NLS,cong-nghe-ky-thuat-nhiet,A01,Điểm thi THPT,2022,17.0,Công nghệ kỹ thuật nhiệt
117191,NLS,cong-nghe-ky-thuat-nhiet,D07,Điểm thi THPT,2022,17.0,Công nghệ kỹ thuật nhiệt
117192,NLS,cong-nghe-ky-thuat-nhiet,A00,Điểm thi THPT,2023,18.5,Công nghệ kỹ thuật nhiệt
117193,NLS,cong-nghe-ky-thuat-nhiet,A01,Điểm thi THPT,2023,18.5,Công nghệ kỹ thuật nhiệt
117194,NLS,cong-nghe-ky-thuat-nhiet,D07,Điểm thi THPT,2023,18.5,Công nghệ kỹ thuật nhiệt
117195,NLS,cong-nghe-ky-thuat-nhiet,A00,Điểm học bạ,2024,20.0,Công nghệ kỹ thuật nhiệt
117196,NLS,cong-nghe-ky-thuat-nhiet,A01,Điểm học bạ,2024,20.0,Công nghệ kỹ thuật nhiệt
117197,NLS,cong-nghe-ky-thuat-nhiet,A02,Điểm học bạ,2024,20.0,Công nghệ kỹ thuật nhiệt
117198,NLS,cong-nghe-ky-thuat-nhiet,D90,Điểm học bạ,2024,20.0,Công nghệ kỹ thuật nhiệt
117199,NLS,cong-nghe-ky-thuat-nhiet,A00,Điểm thi THPT,2024,21.75,Công nghệ kỹ thuật nhiệt
117200,NLS,cong-nghe-ky-thuat-nhiet,A01,Điểm thi THPT,2024,21.75,Công nghệ kỹ thuật nhiệt
117201,NLS,cong-nghe-ky-thuat-nhiet,A02,Điểm thi THPT,2024,21.75,Công nghệ kỹ thuật nhiệt
117202,NLS,cong-nghe-ky-thuat-nhiet,D90,Điểm thi THPT,2024,21.75,Công nghệ kỹ thuật nhiệt
117203,NLS,cong-nghe-ky-thuat-nhiet,A00,Điểm học bạ,2025,25.31,Công nghệ kỹ thuật nhiệt
117204,NLS,cong-nghe-ky-thuat-nhiet,A01,Điểm học bạ,2025,25.31,Công nghệ kỹ thuật nhiệt
117205,NLS,cong-nghe-ky-thuat-nhiet,A02,Điểm học bạ,2025,25.31,Công nghệ kỹ thuật nhiệt
117206,NLS,cong-nghe-ky-thuat-nhiet,C01,Điểm học bạ,2025,25.31,Công nghệ kỹ thuật nhiệt
117207,NLS,cong-nghe-ky-thuat-nhiet,X06,Điểm học bạ,2025,25.31,Công nghệ kỹ thuật nhiệt
117208,NLS,cong-nghe-ky-thuat-nhiet,X07,Điểm học bạ,2025,25.31,Công nghệ kỹ thuật nhiệt
117209,NLS,cong-nghe-ky-thuat-nhiet,A00,Điểm thi THPT,2025,22.5,Công nghệ kỹ thuật nhiệt
117210,NLS,cong-nghe-ky-thuat-nhiet,A01,Điểm thi THPT,2025,22.5,Công nghệ kỹ thuật nhiệt
117211,NLS,cong-nghe-ky-thuat-nhiet,A02,Điểm thi THPT,2025,22.5,Công nghệ kỹ thuật nhiệt
117212,NLS,cong-nghe-ky-thuat-nhiet,C01,Điểm thi THPT,2025,22.5,Công nghệ kỹ thuật nhiệt
117213,NLS,cong-nghe-ky-thuat-nhiet,X06,Điểm thi THPT,2025,22.5,Công nghệ kỹ thuật nhiệt
117214,NLS,cong-nghe-ky-thuat-nhiet,X07,Điểm thi THPT,2025,22.5,Công nghệ kỹ thuật nhiệt
117215,NLS,cong-nghe-ky-thuat-o-to,A00,Điểm học bạ,2021,25.0,Công nghệ kỹ thuật ô tô
117216,NLS,cong-nghe-ky-thuat-o-to,A01,Điểm học bạ,2021,25.0,Công nghệ kỹ thuật ô tô
117217,NLS,cong-nghe-ky-thuat-o-to,D07,Điểm học bạ,2021,25.0,Công nghệ kỹ thuật ô tô
117218,NLS,cong-nghe-ky-thuat-o-to,A00,Điểm thi THPT,2021,23.5,Công nghệ kỹ thuật ô tô
117219,NLS,cong-nghe-ky-thuat-o-to,A01,Điểm thi THPT,2021,23.5,Công nghệ kỹ thuật ô tô
117220,NLS,cong-nghe-ky-thuat-o-to,D07,Điểm thi THPT,2021,23.5,Công nghệ kỹ thuật ô tô
117221,NLS,cong-nghe-ky-thuat-o-to,A00,Điểm thi THPT,2022,22.5,Công nghệ kỹ thuật ô tô
117222,NLS,cong-nghe-ky-thuat-o-to,A01,Điểm thi THPT,2022,22.5,Công nghệ kỹ thuật ô tô
117223,NLS,cong-nghe-ky-thuat-o-to,D07,Điểm thi THPT,2022,22.5,Công nghệ kỹ thuật ô tô
117224,NLS,cong-nghe-ky-thuat-o-to,A00,Điểm thi THPT,2023,23.0,Công nghệ kỹ thuật ô tô
117225,NLS,cong-nghe-ky-thuat-o-to,A01,Điểm thi THPT,2023,23.0,Công nghệ kỹ thuật ô tô
117226,NLS,cong-nghe-ky-thuat-o-to,D07,Điểm thi THPT,2023,23.0,Công nghệ kỹ thuật ô tô
117227,NLS,cong-nghe-ky-thuat-o-to,A00,Điểm học bạ,2024,24.0,Công nghệ kỹ thuật ô tô
117228,NLS,cong-nghe-ky-thuat-o-to,A01,Điểm học bạ,2024,24.0,Công nghệ kỹ thuật ô tô
117229,NLS,cong-nghe-ky-thuat-o-to,A02,Điểm học bạ,2024,24.0,Công nghệ kỹ thuật ô tô
117230,NLS,cong-nghe-ky-thuat-o-to,D90,Điểm học bạ,2024,24.0,Công nghệ kỹ thuật ô tô
117231,NLS,cong-nghe-ky-thuat-o-to,A00,Điểm thi THPT,2024,23.75,Công nghệ kỹ thuật ô tô
117232,NLS,cong-nghe-ky-thuat-o-to,A01,Điểm thi THPT,2024,23.75,Công nghệ kỹ thuật ô tô
117233,NLS,cong-nghe-ky-thuat-o-to,A02,Điểm thi THPT,2024,23.75,Công nghệ kỹ thuật ô tô
117234,NLS,cong-nghe-ky-thuat-o-to,D90,Điểm thi THPT,2024,23.75,Công nghệ kỹ thuật ô tô
117235,NLS,cong-nghe-ky-thuat-o-to,A00,Điểm học bạ,2025,26.44,Công nghệ kỹ thuật ô tô
117236,NLS,cong-nghe-ky-thuat-o-to,A01,Điểm học bạ,2025,26.44,Công nghệ kỹ thuật ô tô
117237,NLS,cong-nghe-ky-thuat-o-to,A02,Điểm học bạ,2025,26.44,Công nghệ kỹ thuật ô tô
117238,NLS,cong-nghe-ky-thuat-o-to,C01,Điểm học bạ,2025,26.44,Công nghệ kỹ thuật ô tô
117239,NLS,cong-nghe-ky-thuat-o-to,X06,Điểm học bạ,2025,26.44,Công nghệ kỹ thuật ô tô
117240,NLS,cong-nghe-ky-thuat-o-to,X07,Điểm học bạ,2025,26.44,Công nghệ kỹ thuật ô tô
117241,NLS,cong-nghe-ky-thuat-o-to,A00,Điểm thi THPT,2025,23.5,Công nghệ kỹ thuật ô tô
117242,NLS,cong-nghe-ky-thuat-o-to,A01,Điểm thi THPT,2025,23.5,Công nghệ kỹ thuật ô tô
117243,NLS,cong-nghe-ky-thuat-o-to,A02,Điểm thi THPT,2025,23.5,Công nghệ kỹ thuật ô tô
117244,NLS,cong-nghe-ky-thuat-o-to,C01,Điểm thi THPT,2025,23.5,Công nghệ kỹ thuật ô tô
117245,NLS,cong-nghe-ky-thuat-o-to,X06,Điểm thi THPT,2025,23.5,Công nghệ kỹ thuật ô tô
117246,NLS,cong-nghe-ky-thuat-o-to,X07,Điểm thi THPT,2025,23.5,Công nghệ kỹ thuật ô tô
117247,NLS,cong-nghe-sinh-hoc,A00,Điểm học bạ,2021,26.0,Công nghệ sinh học
117248,NLS,cong-nghe-sinh-hoc,A01,Điểm học bạ,2021,23.0,Công nghệ sinh học
117249,NLS,cong-nghe-sinh-hoc,A02,Điểm học bạ,2021,26.0,Công nghệ sinh học
117250,NLS,cong-nghe-sinh-hoc,B00,Điểm học bạ,2021,26.0,Công nghệ sinh học
117251,NLS,cong-nghe-sinh-hoc,D07,Điểm học bạ,2021,23.0,Công nghệ sinh học
117252,NLS,cong-nghe-sinh-hoc,D08,Điểm học bạ,2021,23.0,Công nghệ sinh học
117253,NLS,cong-nghe-sinh-hoc,A00,Điểm thi THPT,2021,22.75,Công nghệ sinh học
117254,NLS,cong-nghe-sinh-hoc,A01,Điểm thi THPT,2021,18.0,Công nghệ sinh học
117255,NLS,cong-nghe-sinh-hoc,A02,Điểm thi THPT,2021,22.75,Công nghệ sinh học
117256,NLS,cong-nghe-sinh-hoc,B00,Điểm thi THPT,2021,22.75,Công nghệ sinh học
117257,NLS,cong-nghe-sinh-hoc,D07,Điểm thi THPT,2021,18.0,Công nghệ sinh học
117258,NLS,cong-nghe-sinh-hoc,D08,Điểm thi THPT,2021,18.0,Công nghệ sinh học
117259,NLS,cong-nghe-sinh-hoc,A00,Điểm thi THPT,2022,15.0,Công nghệ sinh học
117260,NLS,cong-nghe-sinh-hoc,A01,Điểm thi THPT,2022,17.0,Công nghệ sinh học
117261,NLS,cong-nghe-sinh-hoc,A02,Điểm thi THPT,2022,15.0,Công nghệ sinh học
117262,NLS,cong-nghe-sinh-hoc,B00,Điểm thi THPT,2022,15.0,Công nghệ sinh học
117263,NLS,cong-nghe-sinh-hoc,D07,Điểm thi THPT,2022,17.0,Công nghệ sinh học
117264,NLS,cong-nghe-sinh-hoc,D08,Điểm thi THPT,2022,17.0,Công nghệ sinh học
117265,NLS,cong-nghe-sinh-hoc,A00,Điểm học bạ,2023,26.0,Công nghệ sinh học
117266,NLS,cong-nghe-sinh-hoc,A02,Điểm học bạ,2023,26.0,Công nghệ sinh học
117267,NLS,cong-nghe-sinh-hoc,B00,Điểm học bạ,2023,26.0,Công nghệ sinh học
117268,NLS,cong-nghe-sinh-hoc,A00,Điểm thi THPT,2023,22.25,Công nghệ sinh học
117269,NLS,cong-nghe-sinh-hoc,A01,Điểm thi THPT,2023,22.25,Công nghệ sinh học (Chất lượng cao)
117270,NLS,cong-nghe-sinh-hoc,A02,Điểm thi THPT,2023,22.25,Công nghệ sinh học
117271,NLS,cong-nghe-sinh-hoc,B00,Điểm thi THPT,2023,22.25,Công nghệ sinh học
117272,NLS,cong-nghe-sinh-hoc,D07,Điểm thi THPT,2023,22.25,Công nghệ sinh học (Chất lượng cao)
117273,NLS,cong-nghe-sinh-hoc,D08,Điểm thi THPT,2023,22.25,Công nghệ sinh học (Chất lượng cao)
117274,NLS,cong-nghe-sinh-hoc,A00,Điểm học bạ,2024,24.0,Công nghệ sinh học
117275,NLS,cong-nghe-sinh-hoc,A01,Điểm học bạ,2024,24.0,Công nghệ sinh học (CTNC)
117276,NLS,cong-nghe-sinh-hoc,A02,Điểm học bạ,2024,24.0,Công nghệ sinh học
117277,NLS,cong-nghe-sinh-hoc,B00,Điểm học bạ,2024,24.0,Công nghệ sinh học
117278,NLS,cong-nghe-sinh-hoc,D07,Điểm học bạ,2024,24.0,Công nghệ sinh học (CTNC)
117279,NLS,cong-nghe-sinh-hoc,D08,Điểm học bạ,2024,24.0,Công nghệ sinh học (CTNC)
117280,NLS,cong-nghe-sinh-hoc,A00,Điểm thi THPT,2024,23.25,Công nghệ sinh học
117281,NLS,cong-nghe-sinh-hoc,A01,Điểm thi THPT,2024,23.25,Công nghệ sinh học (CTNC)
117282,NLS,cong-nghe-sinh-hoc,A02,Điểm thi THPT,2024,23.25,Công nghệ sinh học
117283,NLS,cong-nghe-sinh-hoc,B00,Điểm thi THPT,2024,23.25,Công nghệ sinh học
117284,NLS,cong-nghe-sinh-hoc,D07,Điểm thi THPT,2024,23.25,Công nghệ sinh học (CTNC)
117285,NLS,cong-nghe-sinh-hoc,D08,Điểm thi THPT,2024,23.25,Công nghệ sinh học (CTNC)
117286,NLS,cong-nghe-sinh-hoc,A00,Điểm học bạ,2025,26.49,Công nghệ sinh học
117287,NLS,cong-nghe-sinh-hoc,A02,Điểm học bạ,2025,26.49,Công nghệ sinh học
117288,NLS,cong-nghe-sinh-hoc,B00,Điểm học bạ,2025,26.49,Công nghệ sinh học
117289,NLS,cong-nghe-sinh-hoc,D07,Điểm học bạ,2025,26.49,Công nghệ sinh học
117290,NLS,cong-nghe-sinh-hoc,D08,Điểm học bạ,2025,26.49,Công nghệ sinh học
117291,NLS,cong-nghe-sinh-hoc,X14,Điểm học bạ,2025,26.49,Công nghệ sinh học
117292,NLS,cong-nghe-sinh-hoc,A00,Điểm thi THPT,2025,23.55,Công nghệ sinh học
117293,NLS,cong-nghe-sinh-hoc,A02,Điểm thi THPT,2025,23.55,Công nghệ sinh học
117294,NLS,cong-nghe-sinh-hoc,B00,Điểm thi THPT,2025,23.55,Công nghệ sinh học
117295,NLS,cong-nghe-sinh-hoc,D07,Điểm thi THPT,2025,23.55,Công nghệ sinh học
117296,NLS,cong-nghe-sinh-hoc,D08,Điểm thi THPT,2025,23.55,Công nghệ sinh học
117297,NLS,cong-nghe-sinh-hoc,X14,Điểm thi THPT,2025,23.55,Công nghệ sinh học
117298,NLS,cong-nghe-sinh-hoc-clc,A01,Điểm học bạ,2023,26.0,Công nghệ sinh học CLC
117299,NLS,cong-nghe-sinh-hoc-clc,D07,Điểm học bạ,2023,26.0,Công nghệ sinh học CLC
117300,NLS,cong-nghe-sinh-hoc-clc,D08,Điểm học bạ,2023,26.0,Công nghệ sinh học CLC
117301,NLS,cong-nghe-thong-tin,A00,Điểm học bạ,2021,24.0,Công nghệ thông tin
117302,NLS,cong-nghe-thong-tin,A01,Điểm học bạ,2021,24.0,Công nghệ thông tin
117303,NLS,cong-nghe-thong-tin,D07,Điểm học bạ,2021,24.0,Công nghệ thông tin
117304,NLS,cong-nghe-thong-tin,A00,Điểm thi THPT,2021,24.25,Công nghệ thông tin
117305,NLS,cong-nghe-thong-tin,A01,Điểm thi THPT,2021,24.25,Công nghệ thông tin
117306,NLS,cong-nghe-thong-tin,D07,Điểm thi THPT,2021,24.25,Công nghệ thông tin
117307,NLS,cong-nghe-thong-tin,A00,Điểm thi THPT,2022,15.0,Công nghệ thông tin
117308,NLS,cong-nghe-thong-tin,A01,Điểm thi THPT,2022,15.0,Công nghệ thông tin
117309,NLS,cong-nghe-thong-tin,D07,Điểm thi THPT,2022,15.0,Công nghệ thông tin
117310,NLS,cong-nghe-thong-tin,A00,Điểm học bạ,2023,26.0,Công nghệ thông tin
117311,NLS,cong-nghe-thong-tin,A01,Điểm học bạ,2023,26.0,Công nghệ thông tin
117312,NLS,cong-nghe-thong-tin,D07,Điểm học bạ,2023,26.0,Công nghệ thông tin
117313,NLS,cong-nghe-thong-tin,A00,Điểm thi THPT,2023,23.0,Công nghệ thông tin
117314,NLS,cong-nghe-thong-tin,A01,Điểm thi THPT,2023,23.0,Công nghệ thông tin
117315,NLS,cong-nghe-thong-tin,D07,Điểm thi THPT,2023,23.0,Công nghệ thông tin
117316,NLS,cong-nghe-thong-tin,A00,Điểm học bạ,2024,24.0,Công nghệ thông tin
117317,NLS,cong-nghe-thong-tin,A01,Điểm học bạ,2024,24.0,Công nghệ thông tin
117318,NLS,cong-nghe-thong-tin,D07,Điểm học bạ,2024,24.0,Công nghệ thông tin
117319,NLS,cong-nghe-thong-tin,A00,Điểm thi THPT,2024,22.25,Công nghệ thông tin
117320,NLS,cong-nghe-thong-tin,A01,Điểm thi THPT,2024,22.25,Công nghệ thông tin
117321,NLS,cong-nghe-thong-tin,D07,Điểm thi THPT,2024,22.25,Công nghệ thông tin
117322,NLS,cong-nghe-thong-tin,A00,Điểm học bạ,2025,26.12,Công nghệ thông tin
117323,NLS,cong-nghe-thong-tin,A01,Điểm học bạ,2025,26.12,Công nghệ thông tin
117324,NLS,cong-nghe-thong-tin,D07,Điểm học bạ,2025,26.12,Công nghệ thông tin
117325,NLS,cong-nghe-thong-tin,X06,Điểm học bạ,2025,26.12,Công nghệ thông tin
117326,NLS,cong-nghe-thong-tin,X07,Điểm học bạ,2025,26.12,Công nghệ thông tin
117327,NLS,cong-nghe-thong-tin,X10,Điểm học bạ,2025,26.12,Công nghệ thông tin
117328,NLS,cong-nghe-thong-tin,A00,Điểm thi THPT,2025,23.22,Công nghệ thông tin
117329,NLS,cong-nghe-thong-tin,A01,Điểm thi THPT,2025,23.22,Công nghệ thông tin
117330,NLS,cong-nghe-thong-tin,D07,Điểm thi THPT,2025,23.22,Công nghệ thông tin
117331,NLS,cong-nghe-thong-tin,X06,Điểm thi THPT,2025,23.22,Công nghệ thông tin
117332,NLS,cong-nghe-thong-tin,X07,Điểm thi THPT,2025,23.22,Công nghệ thông tin
117333,NLS,cong-nghe-thong-tin,X10,Điểm thi THPT,2025,23.22,Công nghệ thông tin
117334,NLS,cong-nghe-thuc-pham,A00,Điểm học bạ,2021,24.0,Công nghệ thực phẩm
117335,NLS,cong-nghe-thuc-pham,A01,Điểm học bạ,2021,24.0,Công nghệ thực phẩm
117336,NLS,cong-nghe-thuc-pham,B00,Điểm học bạ,2021,24.0,Công nghệ thực phẩm
117337,NLS,cong-nghe-thuc-pham,D08,Điểm học bạ,2021,24.0,Công nghệ thực phẩm
117338,NLS,cong-nghe-thuc-pham,A00,Điểm thi THPT,2021,23.0,Công nghệ thực phẩm
117339,NLS,cong-nghe-thuc-pham,A01,Điểm thi THPT,2021,23.0,Công nghệ thực phẩm
117340,NLS,cong-nghe-thuc-pham,B00,Điểm thi THPT,2021,23.0,Công nghệ thực phẩm
117341,NLS,cong-nghe-thuc-pham,D08,Điểm thi THPT,2021,23.0,Công nghệ thực phẩm
117342,NLS,cong-nghe-thuc-pham,A00,Điểm thi THPT,2022,21.0,Công nghệ thực phẩm
117343,NLS,cong-nghe-thuc-pham,A01,Điểm thi THPT,2022,21.0,Công nghệ thực phẩm
117344,NLS,cong-nghe-thuc-pham,B00,Điểm thi THPT,2022,21.0,Công nghệ thực phẩm
117345,NLS,cong-nghe-thuc-pham,D08,Điểm thi THPT,2022,21.0,Công nghệ thực phẩm
117346,NLS,cong-nghe-thuc-pham,A00,Điểm học bạ,2023,25.0,Công nghệ thực phẩm
117347,NLS,cong-nghe-thuc-pham,A01,Điểm học bạ,2023,25.0,Công nghệ thực phẩm
117348,NLS,cong-nghe-thuc-pham,B00,Điểm học bạ,2023,25.0,Công nghệ thực phẩm
117349,NLS,cong-nghe-thuc-pham,D08,Điểm học bạ,2023,25.0,Công nghệ thực phẩm
117350,NLS,cong-nghe-thuc-pham,A00,Điểm thi THPT,2023,21.25,Công nghệ thực phẩm
117351,NLS,cong-nghe-thuc-pham,A01,Điểm thi THPT,2023,21.25,Công nghệ thực phẩm
117352,NLS,cong-nghe-thuc-pham,B00,Điểm thi THPT,2023,21.25,Công nghệ thực phẩm
117353,NLS,cong-nghe-thuc-pham,D08,Điểm thi THPT,2023,21.25,Công nghệ thực phẩm
117354,NLS,cong-nghe-thuc-pham,A00,Điểm học bạ,2024,24.0,Công nghệ thực phẩm
117355,NLS,cong-nghe-thuc-pham,A01,Điểm học bạ,2024,24.0,Công nghệ thực phẩm
117356,NLS,cong-nghe-thuc-pham,B00,Điểm học bạ,2024,24.0,Công nghệ thực phẩm
117357,NLS,cong-nghe-thuc-pham,D08,Điểm học bạ,2024,24.0,Công nghệ thực phẩm
117358,NLS,cong-nghe-thuc-pham,A00,Điểm thi THPT,2024,22.5,Công nghệ thực phẩm
117359,NLS,cong-nghe-thuc-pham,A01,Điểm thi THPT,2024,22.5,Công nghệ thực phẩm
117360,NLS,cong-nghe-thuc-pham,B00,Điểm thi THPT,2024,22.5,Công nghệ thực phẩm
117361,NLS,cong-nghe-thuc-pham,D08,Điểm thi THPT,2024,22.5,Công nghệ thực phẩm
117362,NLS,cong-nghe-thuc-pham,A00,Điểm học bạ,2025,26.61,Công nghệ thực phẩm
117363,NLS,cong-nghe-thuc-pham,A01,Điểm học bạ,2025,26.61,Công nghệ thực phẩm
117364,NLS,cong-nghe-thuc-pham,A02,Điểm học bạ,2025,26.61,Công nghệ thực phẩm
117365,NLS,cong-nghe-thuc-pham,B00,Điểm học bạ,2025,26.61,Công nghệ thực phẩm
117366,NLS,cong-nghe-thuc-pham,D07,Điểm học bạ,2025,26.61,Công nghệ thực phẩm
117367,NLS,cong-nghe-thuc-pham,D08,Điểm học bạ,2025,26.61,Công nghệ thực phẩm
117368,NLS,cong-nghe-thuc-pham,A00,Điểm thi THPT,2025,23.65,Công nghệ thực phẩm
117369,NLS,cong-nghe-thuc-pham,A01,Điểm thi THPT,2025,23.65,Công nghệ thực phẩm
117370,NLS,cong-nghe-thuc-pham,A02,Điểm thi THPT,2025,23.65,Công nghệ thực phẩm
117371,NLS,cong-nghe-thuc-pham,B00,Điểm thi THPT,2025,23.65,Công nghệ thực phẩm
117372,NLS,cong-nghe-thuc-pham,D07,Điểm thi THPT,2025,23.65,Công nghệ thực phẩm
117373,NLS,cong-nghe-thuc-pham,D08,Điểm thi THPT,2025,23.65,Công nghệ thực phẩm
117374,NLS,dam-bao-chat-luong-va-an-toan-thuc-pham,A00,Điểm học bạ,2025,24.75,Đảm bảo chất lượng và An toàn thực phẩm
117375,NLS,dam-bao-chat-luong-va-an-toan-thuc-pham,A01,Điểm học bạ,2025,24.75,Đảm bảo chất lượng và An toàn thực phẩm
117376,NLS,dam-bao-chat-luong-va-an-toan-thuc-pham,A02,Điểm học bạ,2025,24.75,Đảm bảo chất lượng và An toàn thực phẩm
117377,NLS,dam-bao-chat-luong-va-an-toan-thuc-pham,B00,Điểm học bạ,2025,24.75,Đảm bảo chất lượng và An toàn thực phẩm
117378,NLS,dam-bao-chat-luong-va-an-toan-thuc-pham,D07,Điểm học bạ,2025,24.75,Đảm bảo chất lượng và An toàn thực phẩm
117379,NLS,dam-bao-chat-luong-va-an-toan-thuc-pham,D08,Điểm học bạ,2025,24.75,Đảm bảo chất lượng và An toàn thực phẩm
117380,NLS,dam-bao-chat-luong-va-an-toan-thuc-pham,A00,Điểm thi THPT,2025,22.0,Đảm bảo chất lượng và An toàn thực phẩm
117381,NLS,dam-bao-chat-luong-va-an-toan-thuc-pham,A01,Điểm thi THPT,2025,22.0,Đảm bảo chất lượng và An toàn thực phẩm
117382,NLS,dam-bao-chat-luong-va-an-toan-thuc-pham,A02,Điểm thi THPT,2025,22.0,Đảm bảo chất lượng và An toàn thực phẩm
117383,NLS,dam-bao-chat-luong-va-an-toan-thuc-pham,B00,Điểm thi THPT,2025,22.0,Đảm bảo chất lượng và An toàn thực phẩm
117384,NLS,dam-bao-chat-luong-va-an-toan-thuc-pham,D07,Điểm thi THPT,2025,22.0,Đảm bảo chất lượng và An toàn thực phẩm
117385,NLS,dam-bao-chat-luong-va-an-toan-thuc-pham,D08,Điểm thi THPT,2025,22.0,Đảm bảo chất lượng và An toàn thực phẩm
117386,NLS,giao-duc-mam-non,M00,Điểm thi THPT,2022,17.0,Giáo dục mầm non
117387,NLS,giao-duc-mam-non,M05,Điểm thi THPT,2022,17.0,Giáo dục mầm non
117388,NLS,giao-duc-mam-non,M07,Điểm thi THPT,2022,17.0,Giáo dục mầm non
117389,NLS,giao-duc-mam-non,M11,Điểm thi THPT,2022,17.0,Giáo dục mầm non
117390,NLS,giao-duc-mam-non,M00,Điểm thi THPT,2023,17.0,Giáo dục Mầm non (Cao đẳng)
117391,NLS,giao-duc-mam-non,M00,Điểm học bạ,2025,23.06,Giáo dục Mầm non (Trình độ Cao đẳng)
117392,NLS,giao-duc-mam-non,M00,Điểm thi THPT,2025,20.5,Giáo dục Mầm non (Trình độ Cao đẳng)
117393,NLS,he-thong-thong-tin,A00,Điểm học bạ,2021,20.0,Hệ thống thông tin
117394,NLS,he-thong-thong-tin,A01,Điểm học bạ,2021,20.0,Hệ thống thông tin
117395,NLS,he-thong-thong-tin,D07,Điểm học bạ,2021,20.0,Hệ thống thông tin
117396,NLS,he-thong-thong-tin,A00,Điểm thi THPT,2021,23.25,Hệ thống thông tin
117397,NLS,he-thong-thong-tin,A01,Điểm thi THPT,2021,23.25,Hệ thống thông tin
117398,NLS,he-thong-thong-tin,D07,Điểm thi THPT,2021,23.25,Hệ thống thông tin
117399,NLS,he-thong-thong-tin,A00,Điểm thi THPT,2022,21.5,Hệ thống thông tin
117400,NLS,he-thong-thong-tin,A01,Điểm thi THPT,2022,21.5,Hệ thống thông tin
117401,NLS,he-thong-thong-tin,D07,Điểm thi THPT,2022,21.5,Hệ thống thông tin
117402,NLS,he-thong-thong-tin,A00,Điểm học bạ,2023,24.0,Hệ thống thông tin
117403,NLS,he-thong-thong-tin,A01,Điểm học bạ,2023,24.0,Hệ thống thông tin
117404,NLS,he-thong-thong-tin,D07,Điểm học bạ,2023,24.0,Hệ thống thông tin
117405,NLS,he-thong-thong-tin,A00,Điểm thi THPT,2023,21.5,Hệ thống thông tin
117406,NLS,he-thong-thong-tin,A01,Điểm thi THPT,2023,21.5,Hệ thống thông tin
117407,NLS,he-thong-thong-tin,D07,Điểm thi THPT,2023,21.5,Hệ thống thông tin
117408,NLS,he-thong-thong-tin,A00,Điểm học bạ,2024,20.0,Hệ thống thông tin
117409,NLS,he-thong-thong-tin,A01,Điểm học bạ,2024,20.0,Hệ thống thông tin
117410,NLS,he-thong-thong-tin,D07,Điểm học bạ,2024,20.0,Hệ thống thông tin
117411,NLS,he-thong-thong-tin,A00,Điểm thi THPT,2024,21.25,Hệ thống thông tin
117412,NLS,he-thong-thong-tin,A01,Điểm thi THPT,2024,21.25,Hệ thống thông tin
117413,NLS,he-thong-thong-tin,D07,Điểm thi THPT,2024,21.25,Hệ thống thông tin
117414,NLS,he-thong-thong-tin,A00,Điểm học bạ,2025,24.98,Hệ thống thông tin
117415,NLS,he-thong-thong-tin,A01,Điểm học bạ,2025,24.98,Hệ thống thông tin
117416,NLS,he-thong-thong-tin,A04,Điểm học bạ,2025,24.98,Hệ thống thông tin
117417,NLS,he-thong-thong-tin,D01,Điểm học bạ,2025,24.98,Hệ thống thông tin
117418,NLS,he-thong-thong-tin,D07,Điểm học bạ,2025,24.98,Hệ thống thông tin
117419,NLS,he-thong-thong-tin,X26,Điểm học bạ,2025,24.98,Hệ thống thông tin
117420,NLS,he-thong-thong-tin,A00,Điểm thi THPT,2025,22.2,Hệ thống thông tin
117421,NLS,he-thong-thong-tin,A01,Điểm thi THPT,2025,22.2,Hệ thống thông tin
117422,NLS,he-thong-thong-tin,A04,Điểm thi THPT,2025,22.2,Hệ thống thông tin
117423,NLS,he-thong-thong-tin,D01,Điểm thi THPT,2025,22.2,Hệ thống thông tin
117424,NLS,he-thong-thong-tin,D07,Điểm thi THPT,2025,22.2,Hệ thống thông tin
117425,NLS,he-thong-thong-tin,X26,Điểm thi THPT,2025,22.2,Hệ thống thông tin
117426,NLS,ke-toan,A00,Điểm học bạ,2021,24.0,Kế toán
117427,NLS,ke-toan,A01,Điểm học bạ,2021,24.0,Kế toán
117428,NLS,ke-toan,D01,Điểm học bạ,2021,24.0,Kế toán
117429,NLS,ke-toan,A00,Điểm thi THPT,2021,24.25,Kế toán
117430,NLS,ke-toan,A01,Điểm thi THPT,2021,24.25,Kế toán
117431,NLS,ke-toan,D01,Điểm thi THPT,2021,24.25,Kế toán
117432,NLS,ke-toan,A00,Điểm thi THPT,2022,15.0,Kế toán
117433,NLS,ke-toan,A01,Điểm thi THPT,2022,15.0,Kế toán
117434,NLS,ke-toan,D01,Điểm thi THPT,2022,15.0,Kế toán
117435,NLS,ke-toan,A00,Điểm học bạ,2023,25.0,Kế toán
117436,NLS,ke-toan,A01,Điểm học bạ,2023,25.0,Kế toán
117437,NLS,ke-toan,D01,Điểm học bạ,2023,25.0,Kế toán
117438,NLS,ke-toan,A00,Điểm thi THPT,2023,23.0,Kế toán
117439,NLS,ke-toan,A01,Điểm thi THPT,2023,23.0,Kế toán
117440,NLS,ke-toan,D01,Điểm thi THPT,2023,23.0,Kế toán
117441,NLS,ke-toan,A00,Điểm học bạ,2024,24.0,Kế toán
117442,NLS,ke-toan,A01,Điểm học bạ,2024,24.0,Kế toán
117443,NLS,ke-toan,D01,Điểm học bạ,2024,24.0,Kế toán
117444,NLS,ke-toan,A00,Điểm thi THPT,2024,23.0,Kế toán
117445,NLS,ke-toan,A01,Điểm thi THPT,2024,23.0,Kế toán
117446,NLS,ke-toan,D01,Điểm thi THPT,2024,23.0,Kế toán
117447,NLS,ke-toan,A00,Điểm học bạ,2025,25.88,Kế toán
117448,NLS,ke-toan,A01,Điểm học bạ,2025,25.88,Kế toán
117449,NLS,ke-toan,D01,Điểm học bạ,2025,25.88,Kế toán
117450,NLS,ke-toan,X01,Điểm học bạ,2025,25.88,Kế toán
117451,NLS,ke-toan,X02,Điểm học bạ,2025,25.88,Kế toán
117452,NLS,ke-toan,X25,Điểm học bạ,2025,25.88,Kế toán
117453,NLS,ke-toan,A00,Điểm thi THPT,2025,23.0,Kế toán
117454,NLS,ke-toan,A01,Điểm thi THPT,2025,23.0,Kế toán
117455,NLS,ke-toan,D01,Điểm thi THPT,2025,23.0,Kế toán
117456,NLS,ke-toan,X01,Điểm thi THPT,2025,23.0,Kế toán
117457,NLS,ke-toan,X02,Điểm thi THPT,2025,23.0,Kế toán
117458,NLS,ke-toan,X25,Điểm thi THPT,2025,23.0,Kế toán
117459,NLS,khoa-hoc-moi-truong,A00,Điểm học bạ,2021,20.0,Khoa học môi trường
117460,NLS,khoa-hoc-moi-truong,A01,Điểm học bạ,2021,20.0,Khoa học môi trường
117461,NLS,khoa-hoc-moi-truong,B00,Điểm học bạ,2021,20.0,Khoa học môi trường
117462,NLS,khoa-hoc-moi-truong,D07,Điểm học bạ,2021,20.0,Khoa học môi trường
117463,NLS,khoa-hoc-moi-truong,A00,Điểm thi THPT,2021,16.0,Khoa học môi trường
117464,NLS,khoa-hoc-moi-truong,A01,Điểm thi THPT,2021,16.0,Khoa học môi trường
117465,NLS,khoa-hoc-moi-truong,B00,Điểm thi THPT,2021,16.0,Khoa học môi trường
117466,NLS,khoa-hoc-moi-truong,D07,Điểm thi THPT,2021,16.0,Khoa học môi trường
117467,NLS,khoa-hoc-moi-truong,A00,Điểm thi THPT,2022,16.0,Khoa học môi trường
117468,NLS,khoa-hoc-moi-truong,A01,Điểm thi THPT,2022,16.0,Khoa học môi trường
117469,NLS,khoa-hoc-moi-truong,B00,Điểm thi THPT,2022,16.0,Khoa học môi trường
117470,NLS,khoa-hoc-moi-truong,D07,Điểm thi THPT,2022,16.0,Khoa học môi trường
117471,NLS,khoa-hoc-moi-truong,A00,Điểm học bạ,2023,23.78,Khoa học môi trường
117472,NLS,khoa-hoc-moi-truong,A01,Điểm học bạ,2023,23.78,Khoa học môi trường
117473,NLS,khoa-hoc-moi-truong,B00,Điểm học bạ,2023,23.78,Khoa học môi trường
117474,NLS,khoa-hoc-moi-truong,D07,Điểm học bạ,2023,23.78,Khoa học môi trường
117475,NLS,khoa-hoc-moi-truong,A00,Điểm thi THPT,2023,16.0,Khoa học môi trường
117476,NLS,khoa-hoc-moi-truong,A01,Điểm thi THPT,2023,16.0,Khoa học môi trường
117477,NLS,khoa-hoc-moi-truong,B00,Điểm thi THPT,2023,16.0,Khoa học môi trường
117478,NLS,khoa-hoc-moi-truong,D07,Điểm thi THPT,2023,16.0,Khoa học môi trường
117479,NLS,khoa-hoc-moi-truong,A00,Điểm học bạ,2024,21.0,Khoa học môi trường
117480,NLS,khoa-hoc-moi-truong,A01,Điểm học bạ,2024,21.0,Khoa học môi trường
117481,NLS,khoa-hoc-moi-truong,B00,Điểm học bạ,2024,21.0,Khoa học môi trường
117482,NLS,khoa-hoc-moi-truong,D07,Điểm học bạ,2024,21.0,Khoa học môi trường
117483,NLS,khoa-hoc-moi-truong,A00,Điểm thi THPT,2024,17.25,Khoa học môi trường
117484,NLS,khoa-hoc-moi-truong,A01,Điểm thi THPT,2024,17.25,Khoa học môi trường
117485,NLS,khoa-hoc-moi-truong,B00,Điểm thi THPT,2024,17.25,Khoa học môi trường
117486,NLS,khoa-hoc-moi-truong,D07,Điểm thi THPT,2024,17.25,Khoa học môi trường
117487,NLS,khoa-hoc-moi-truong,A00,Điểm học bạ,2025,24.64,Khoa học môi trường
117488,NLS,khoa-hoc-moi-truong,A01,Điểm học bạ,2025,24.64,Khoa học môi trường
117489,NLS,khoa-hoc-moi-truong,A02,Điểm học bạ,2025,24.64,Khoa học môi trường
117490,NLS,khoa-hoc-moi-truong,B00,Điểm học bạ,2025,24.64,Khoa học môi trường
117491,NLS,khoa-hoc-moi-truong,D07,Điểm học bạ,2025,24.64,Khoa học môi trường
117492,NLS,khoa-hoc-moi-truong,D08,Điểm học bạ,2025,24.64,Khoa học môi trường
117493,NLS,khoa-hoc-moi-truong,A00,Điểm thi THPT,2025,21.9,Khoa học môi trường
117494,NLS,khoa-hoc-moi-truong,A01,Điểm thi THPT,2025,21.9,Khoa học môi trường
117495,NLS,khoa-hoc-moi-truong,A02,Điểm thi THPT,2025,21.9,Khoa học môi trường
117496,NLS,khoa-hoc-moi-truong,B00,Điểm thi THPT,2025,21.9,Khoa học môi trường
117497,NLS,khoa-hoc-moi-truong,D07,Điểm thi THPT,2025,21.9,Khoa học môi trường
117498,NLS,khoa-hoc-moi-truong,D08,Điểm thi THPT,2025,21.9,Khoa học môi trường
117499,NLS,kinh-doanh-nong-nghiep,A00,Điểm học bạ,2021,20.0,Kinh doanh nông nghiệp
117500,NLS,kinh-doanh-nong-nghiep,A01,Điểm học bạ,2021,20.0,Kinh doanh nông nghiệp
117501,NLS,kinh-doanh-nong-nghiep,D01,Điểm học bạ,2021,20.0,Kinh doanh nông nghiệp
117502,NLS,kinh-doanh-nong-nghiep,A00,Điểm thi THPT,2021,21.0,Kinh doanh nông nghiệp
117503,NLS,kinh-doanh-nong-nghiep,A01,Điểm thi THPT,2021,21.0,Kinh doanh nông nghiệp
117504,NLS,kinh-doanh-nong-nghiep,D01,Điểm thi THPT,2021,21.0,Kinh doanh nông nghiệp
117505,NLS,kinh-doanh-nong-nghiep,A00,Điểm thi THPT,2022,17.0,Kinh doanh nông nghiệp
117506,NLS,kinh-doanh-nong-nghiep,A01,Điểm thi THPT,2022,17.0,Kinh doanh nông nghiệp
117507,NLS,kinh-doanh-nong-nghiep,D01,Điểm thi THPT,2022,17.0,Kinh doanh nông nghiệp
117508,NLS,kinh-doanh-nong-nghiep,A00,Điểm học bạ,2023,19.0,Kinh doanh nông nghiệp
117509,NLS,kinh-doanh-nong-nghiep,A01,Điểm học bạ,2023,19.0,Kinh doanh nông nghiệp
117510,NLS,kinh-doanh-nong-nghiep,D01,Điểm học bạ,2023,19.0,Kinh doanh nông nghiệp
117511,NLS,kinh-doanh-nong-nghiep,A00,Điểm thi THPT,2023,17.0,Kinh doanh nông nghiệp
117512,NLS,kinh-doanh-nong-nghiep,A01,Điểm thi THPT,2023,17.0,Kinh doanh nông nghiệp
117513,NLS,kinh-doanh-nong-nghiep,D01,Điểm thi THPT,2023,17.0,Kinh doanh nông nghiệp
117514,NLS,kinh-doanh-nong-nghiep,A00,Điểm học bạ,2024,20.0,Kinh doanh nông nghiệp
117515,NLS,kinh-doanh-nong-nghiep,A01,Điểm học bạ,2024,20.0,Kinh doanh nông nghiệp
117516,NLS,kinh-doanh-nong-nghiep,D01,Điểm học bạ,2024,20.0,Kinh doanh nông nghiệp
117517,NLS,kinh-doanh-nong-nghiep,A00,Điểm thi THPT,2024,18.0,Kinh doanh nông nghiệp
117518,NLS,kinh-doanh-nong-nghiep,A01,Điểm thi THPT,2024,18.0,Kinh doanh nông nghiệp
117519,NLS,kinh-doanh-nong-nghiep,D01,Điểm thi THPT,2024,18.0,Kinh doanh nông nghiệp
117520,NLS,kinh-doanh-nong-nghiep,A00,Điểm học bạ,2025,25.31,Kinh doanh nông nghiệp
117521,NLS,kinh-doanh-nong-nghiep,A01,Điểm học bạ,2025,25.31,Kinh doanh nông nghiệp
117522,NLS,kinh-doanh-nong-nghiep,D01,Điểm học bạ,2025,25.31,Kinh doanh nông nghiệp
117523,NLS,kinh-doanh-nong-nghiep,X01,Điểm học bạ,2025,25.31,Kinh doanh nông nghiệp
117524,NLS,kinh-doanh-nong-nghiep,X02,Điểm học bạ,2025,25.31,Kinh doanh nông nghiệp
117525,NLS,kinh-doanh-nong-nghiep,X25,Điểm học bạ,2025,25.31,Kinh doanh nông nghiệp
117526,NLS,kinh-doanh-nong-nghiep,A00,Điểm thi THPT,2025,22.5,Kinh doanh nông nghiệp
117527,NLS,kinh-doanh-nong-nghiep,A01,Điểm thi THPT,2025,22.5,Kinh doanh nông nghiệp
117528,NLS,kinh-doanh-nong-nghiep,D01,Điểm thi THPT,2025,22.5,Kinh doanh nông nghiệp
117529,NLS,kinh-doanh-nong-nghiep,X01,Điểm thi THPT,2025,22.5,Kinh doanh nông nghiệp
117530,NLS,kinh-doanh-nong-nghiep,X02,Điểm thi THPT,2025,22.5,Kinh doanh nông nghiệp
117531,NLS,kinh-doanh-nong-nghiep,X25,Điểm thi THPT,2025,22.5,Kinh doanh nông nghiệp
117532,NLS,kinh-te,A00,Điểm học bạ,2021,22.0,Kinh tế
117533,NLS,kinh-te,A01,Điểm học bạ,2021,22.0,Kinh tế
117534,NLS,kinh-te,D01,Điểm học bạ,2021,22.0,Kinh tế
117535,NLS,kinh-te,A00,Điểm thi THPT,2021,23.5,Kinh tế
117536,NLS,kinh-te,A01,Điểm thi THPT,2021,23.5,Kinh tế
117537,NLS,kinh-te,D01,Điểm thi THPT,2021,23.5,Kinh tế
117538,NLS,kinh-te,A00,Điểm thi THPT,2022,21.5,Kinh tế
117539,NLS,kinh-te,A01,Điểm thi THPT,2022,21.5,Kinh tế
117540,NLS,kinh-te,D01,Điểm thi THPT,2022,21.5,Kinh tế
117541,NLS,kinh-te,A00,Điểm học bạ,2023,25.0,Kinh tế
117542,NLS,kinh-te,A01,Điểm học bạ,2023,25.0,Kinh tế
117543,NLS,kinh-te,D01,Điểm học bạ,2023,25.0,Kinh tế
117544,NLS,kinh-te,A00,Điểm thi THPT,2023,22.25,Kinh tế
117545,NLS,kinh-te,A01,Điểm thi THPT,2023,22.25,Kinh tế
117546,NLS,kinh-te,D01,Điểm thi THPT,2023,22.25,Kinh tế
117547,NLS,kinh-te,A00,Điểm học bạ,2024,23.0,Kinh tế
117548,NLS,kinh-te,A01,Điểm học bạ,2024,23.0,Kinh tế
117549,NLS,kinh-te,D01,Điểm học bạ,2024,23.0,Kinh tế
117550,NLS,kinh-te,A00,Điểm thi THPT,2024,22.5,Kinh tế
117551,NLS,kinh-te,A01,Điểm thi THPT,2024,22.5,Kinh tế
117552,NLS,kinh-te,D01,Điểm thi THPT,2024,22.5,Kinh tế
117553,NLS,kinh-te,A00,Điểm học bạ,2025,25.65,Kinh tế
117554,NLS,kinh-te,A01,Điểm học bạ,2025,25.65,Kinh tế
117555,NLS,kinh-te,D01,Điểm học bạ,2025,25.65,Kinh tế
117556,NLS,kinh-te,X01,Điểm học bạ,2025,25.65,Kinh tế
117557,NLS,kinh-te,X02,Điểm học bạ,2025,25.65,Kinh tế
117558,NLS,kinh-te,X25,Điểm học bạ,2025,25.65,Kinh tế
117559,NLS,kinh-te,A00,Điểm thi THPT,2025,22.8,Kinh tế
117560,NLS,kinh-te,A01,Điểm thi THPT,2025,22.8,Kinh tế
117561,NLS,kinh-te,D01,Điểm thi THPT,2025,22.8,Kinh tế
117562,NLS,kinh-te,X01,Điểm thi THPT,2025,22.8,Kinh tế
117563,NLS,kinh-te,X02,Điểm thi THPT,2025,22.8,Kinh tế
117564,NLS,kinh-te,X25,Điểm thi THPT,2025,22.8,Kinh tế
117565,NLS,ky-thuat-dieu-khien-va-tdh,A00,Điểm học bạ,2023,24.0,Kỹ thuật điều khiển và TĐH
117566,NLS,ky-thuat-dieu-khien-va-tdh,A01,Điểm học bạ,2023,24.0,Kỹ thuật điều khiển và TĐH
117567,NLS,ky-thuat-dieu-khien-va-tdh,D07,Điểm học bạ,2023,24.0,Kỹ thuật điều khiển và TĐH
117568,NLS,ky-thuat-dieu-khien-va-tu-dong-hoa,A00,Điểm học bạ,2021,22.0,Kỹ thuật điều khiển và tự động hóa
117569,NLS,ky-thuat-dieu-khien-va-tu-dong-hoa,A01,Điểm học bạ,2021,22.0,Kỹ thuật điều khiển và tự động hóa
117570,NLS,ky-thuat-dieu-khien-va-tu-dong-hoa,D07,Điểm học bạ,2021,22.0,Kỹ thuật điều khiển và tự động hóa
117571,NLS,ky-thuat-dieu-khien-va-tu-dong-hoa,A00,Điểm thi THPT,2021,23.0,Kỹ thuật điều khiển và tự động hóa
117572,NLS,ky-thuat-dieu-khien-va-tu-dong-hoa,A01,Điểm thi THPT,2021,23.0,Kỹ thuật điều khiển và tự động hóa
117573,NLS,ky-thuat-dieu-khien-va-tu-dong-hoa,D07,Điểm thi THPT,2021,23.0,Kỹ thuật điều khiển và tự động hóa
117574,NLS,ky-thuat-dieu-khien-va-tu-dong-hoa,A00,Điểm thi THPT,2022,21.0,Kỹ thuật điều khiển và tự động hóa
117575,NLS,ky-thuat-dieu-khien-va-tu-dong-hoa,A01,Điểm thi THPT,2022,21.0,Kỹ thuật điều khiển và tự động hóa
117576,NLS,ky-thuat-dieu-khien-va-tu-dong-hoa,D07,Điểm thi THPT,2022,21.0,Kỹ thuật điều khiển và tự động hóa
117577,NLS,ky-thuat-dieu-khien-va-tu-dong-hoa,A00,Điểm thi THPT,2023,22.0,Kỹ thuật điều khiển và tự động hoá
117578,NLS,ky-thuat-dieu-khien-va-tu-dong-hoa,A01,Điểm thi THPT,2023,22.0,Kỹ thuật điều khiển và tự động hoá
117579,NLS,ky-thuat-dieu-khien-va-tu-dong-hoa,D07,Điểm thi THPT,2023,22.0,Kỹ thuật điều khiển và tự động hoá
117580,NLS,ky-thuat-dieu-khien-va-tu-dong-hoa,A00,Điểm học bạ,2024,22.0,Kỹ thuật điều khiển và tự động hoá
117581,NLS,ky-thuat-dieu-khien-va-tu-dong-hoa,A01,Điểm học bạ,2024,22.0,Kỹ thuật điều khiển và tự động hoá
117582,NLS,ky-thuat-dieu-khien-va-tu-dong-hoa,A02,Điểm học bạ,2024,22.0,Kỹ thuật điều khiển và tự động hoá
117583,NLS,ky-thuat-dieu-khien-va-tu-dong-hoa,D90,Điểm học bạ,2024,22.0,Kỹ thuật điều khiển và tự động hoá
117584,NLS,ky-thuat-dieu-khien-va-tu-dong-hoa,A00,Điểm thi THPT,2024,23.5,Kỹ thuật điều khiển và tự động hoá
117585,NLS,ky-thuat-dieu-khien-va-tu-dong-hoa,A01,Điểm thi THPT,2024,23.5,Kỹ thuật điều khiển và tự động hoá
117586,NLS,ky-thuat-dieu-khien-va-tu-dong-hoa,A02,Điểm thi THPT,2024,23.5,Kỹ thuật điều khiển và tự động hoá
117587,NLS,ky-thuat-dieu-khien-va-tu-dong-hoa,D90,Điểm thi THPT,2024,23.5,Kỹ thuật điều khiển và tự động hoá
117588,NLS,ky-thuat-dieu-khien-va-tu-dong-hoa,A00,Điểm học bạ,2025,27.23,Kỹ thuật điều khiển và tự động hóa
117589,NLS,ky-thuat-dieu-khien-va-tu-dong-hoa,A01,Điểm học bạ,2025,27.23,Kỹ thuật điều khiển và tự động hóa
117590,NLS,ky-thuat-dieu-khien-va-tu-dong-hoa,A02,Điểm học bạ,2025,27.23,Kỹ thuật điều khiển và tự động hóa
117591,NLS,ky-thuat-dieu-khien-va-tu-dong-hoa,C01,Điểm học bạ,2025,27.23,Kỹ thuật điều khiển và tự động hóa
117592,NLS,ky-thuat-dieu-khien-va-tu-dong-hoa,X06,Điểm học bạ,2025,27.23,Kỹ thuật điều khiển và tự động hóa
117593,NLS,ky-thuat-dieu-khien-va-tu-dong-hoa,X07,Điểm học bạ,2025,27.23,Kỹ thuật điều khiển và tự động hóa
117594,NLS,ky-thuat-dieu-khien-va-tu-dong-hoa,A00,Điểm thi THPT,2025,24.2,Kỹ thuật điều khiển và tự động hóa
117595,NLS,ky-thuat-dieu-khien-va-tu-dong-hoa,A01,Điểm thi THPT,2025,24.2,Kỹ thuật điều khiển và tự động hóa
117596,NLS,ky-thuat-dieu-khien-va-tu-dong-hoa,A02,Điểm thi THPT,2025,24.2,Kỹ thuật điều khiển và tự động hóa
117597,NLS,ky-thuat-dieu-khien-va-tu-dong-hoa,C01,Điểm thi THPT,2025,24.2,Kỹ thuật điều khiển và tự động hóa
117598,NLS,ky-thuat-dieu-khien-va-tu-dong-hoa,X06,Điểm thi THPT,2025,24.2,Kỹ thuật điều khiển và tự động hóa
117599,NLS,ky-thuat-dieu-khien-va-tu-dong-hoa,X07,Điểm thi THPT,2025,24.2,Kỹ thuật điều khiển và tự động hóa
117600,NLS,ky-thuat-moi-truong,A00,Điểm học bạ,2021,20.0,Kỹ thuật môi trường
117601,NLS,ky-thuat-moi-truong,A01,Điểm học bạ,2021,20.0,Kỹ thuật môi trường
117602,NLS,ky-thuat-moi-truong,B00,Điểm học bạ,2021,20.0,Kỹ thuật môi trường
117603,NLS,ky-thuat-moi-truong,D07,Điểm học bạ,2021,20.0,Kỹ thuật môi trường
117604,NLS,ky-thuat-moi-truong,A00,Điểm thi THPT,2021,16.0,Kỹ thuật môi trường
117605,NLS,ky-thuat-moi-truong,A01,Điểm thi THPT,2021,16.0,Kỹ thuật môi trường
117606,NLS,ky-thuat-moi-truong,B00,Điểm thi THPT,2021,16.0,Kỹ thuật môi trường
117607,NLS,ky-thuat-moi-truong,D07,Điểm thi THPT,2021,16.0,Kỹ thuật môi trường
117608,NLS,ky-thuat-moi-truong,A00,Điểm thi THPT,2022,16.0,Kỹ thuật môi trường
117609,NLS,ky-thuat-moi-truong,A01,Điểm thi THPT,2022,16.0,Kỹ thuật môi trường
117610,NLS,ky-thuat-moi-truong,B00,Điểm thi THPT,2022,16.0,Kỹ thuật môi trường
117611,NLS,ky-thuat-moi-truong,D07,Điểm thi THPT,2022,16.0,Kỹ thuật môi trường
117612,NLS,ky-thuat-moi-truong,A00,Điểm học bạ,2023,22.81,Kỹ thuật môi trường
117613,NLS,ky-thuat-moi-truong,A01,Điểm học bạ,2023,22.81,Kỹ thuật môi trường
117614,NLS,ky-thuat-moi-truong,B00,Điểm học bạ,2023,22.81,Kỹ thuật môi trường
117615,NLS,ky-thuat-moi-truong,D07,Điểm học bạ,2023,22.81,Kỹ thuật môi trường
117616,NLS,ky-thuat-moi-truong,A00,Điểm thi THPT,2023,16.0,Kỹ thuật môi trường
117617,NLS,ky-thuat-moi-truong,A01,Điểm thi THPT,2023,16.0,Kỹ thuật môi trường
117618,NLS,ky-thuat-moi-truong,B00,Điểm thi THPT,2023,16.0,Kỹ thuật môi trường
117619,NLS,ky-thuat-moi-truong,D07,Điểm thi THPT,2023,16.0,Kỹ thuật môi trường
117620,NLS,ky-thuat-moi-truong,A00,Điểm học bạ,2024,21.0,Kỹ thuật môi trường
117621,NLS,ky-thuat-moi-truong,A01,Điểm học bạ,2024,21.0,Kỹ thuật môi trường
117622,NLS,ky-thuat-moi-truong,B00,Điểm học bạ,2024,21.0,Kỹ thuật môi trường
117623,NLS,ky-thuat-moi-truong,D07,Điểm học bạ,2024,21.0,Kỹ thuật môi trường
117624,NLS,ky-thuat-moi-truong,A00,Điểm thi THPT,2024,16.0,Kỹ thuật môi trường
117625,NLS,ky-thuat-moi-truong,A01,Điểm thi THPT,2024,16.0,Kỹ thuật môi trường
117626,NLS,ky-thuat-moi-truong,B00,Điểm thi THPT,2024,16.0,Kỹ thuật môi trường
117627,NLS,ky-thuat-moi-truong,D07,Điểm thi THPT,2024,16.0,Kỹ thuật môi trường
117628,NLS,ky-thuat-moi-truong,A00,Điểm học bạ,2025,23.74,Kỹ thuật môi trường
117629,NLS,ky-thuat-moi-truong,A01,Điểm học bạ,2025,23.74,Kỹ thuật môi trường
117630,NLS,ky-thuat-moi-truong,B00,Điểm học bạ,2025,23.74,Kỹ thuật môi trường
117631,NLS,ky-thuat-moi-truong,D07,Điểm học bạ,2025,23.74,Kỹ thuật môi trường
117632,NLS,ky-thuat-moi-truong,D08,Điểm học bạ,2025,23.74,Kỹ thuật môi trường
117633,NLS,ky-thuat-moi-truong,X28,Điểm học bạ,2025,23.74,Kỹ thuật môi trường
117634,NLS,ky-thuat-moi-truong,A00,Điểm thi THPT,2025,21.1,Kỹ thuật môi trường
117635,NLS,ky-thuat-moi-truong,A01,Điểm thi THPT,2025,21.1,Kỹ thuật môi trường
117636,NLS,ky-thuat-moi-truong,B00,Điểm thi THPT,2025,21.1,Kỹ thuật môi trường
117637,NLS,ky-thuat-moi-truong,D07,Điểm thi THPT,2025,21.1,Kỹ thuật môi trường
117638,NLS,ky-thuat-moi-truong,D08,Điểm thi THPT,2025,21.1,Kỹ thuật môi trường
117639,NLS,ky-thuat-moi-truong,X28,Điểm thi THPT,2025,21.1,Kỹ thuật môi trường
117640,NLS,lam-hoc,A00,Điểm học bạ,2021,19.0,Lâm học
117641,NLS,lam-hoc,B00,Điểm học bạ,2021,19.0,Lâm học
117642,NLS,lam-hoc,D01,Điểm học bạ,2021,19.0,Lâm học
117643,NLS,lam-hoc,D08,Điểm học bạ,2021,19.0,Lâm học
117644,NLS,lam-hoc,A00,Điểm thi THPT,2021,16.0,Lâm học
117645,NLS,lam-hoc,B00,Điểm thi THPT,2021,16.0,Lâm học
117646,NLS,lam-hoc,D01,Điểm thi THPT,2021,16.0,Lâm học
117647,NLS,lam-hoc,D08,Điểm thi THPT,2021,16.0,Lâm học
117648,NLS,lam-hoc,A00,Điểm thi THPT,2022,16.0,Lâm học
117649,NLS,lam-hoc,B00,Điểm thi THPT,2022,16.0,Lâm học
117650,NLS,lam-hoc,D01,Điểm thi THPT,2022,16.0,Lâm học
117651,NLS,lam-hoc,D08,Điểm thi THPT,2022,16.0,Lâm học
117652,NLS,lam-hoc,A00,Điểm học bạ,2023,19.69,Lâm học
117653,NLS,lam-hoc,B00,Điểm học bạ,2023,19.69,Lâm học
117654,NLS,lam-hoc,D01,Điểm học bạ,2023,19.69,Lâm học
117655,NLS,lam-hoc,D08,Điểm học bạ,2023,19.69,Lâm học
117656,NLS,lam-hoc,A00,Điểm thi THPT,2023,16.0,Lâm học
117657,NLS,lam-hoc,B00,Điểm thi THPT,2023,16.0,Lâm học
117658,NLS,lam-hoc,D01,Điểm thi THPT,2023,16.0,Lâm học
117659,NLS,lam-hoc,D08,Điểm thi THPT,2023,16.0,Lâm học
117660,NLS,lam-hoc,A00,Điểm học bạ,2024,19.0,Lâm học
117661,NLS,lam-hoc,B00,Điểm học bạ,2024,19.0,Lâm học
117662,NLS,lam-hoc,D01,Điểm học bạ,2024,19.0,Lâm học
117663,NLS,lam-hoc,D08,Điểm học bạ,2024,19.0,Lâm học
117664,NLS,lam-hoc,A00,Điểm thi THPT,2024,16.0,Lâm học
117665,NLS,lam-hoc,B00,Điểm thi THPT,2024,16.0,Lâm học
117666,NLS,lam-hoc,D01,Điểm thi THPT,2024,16.0,Lâm học
117667,NLS,lam-hoc,D08,Điểm thi THPT,2024,16.0,Lâm học
117668,NLS,lam-hoc,A00,Điểm học bạ,2025,19.13,Lâm học
117669,NLS,lam-hoc,B00,Điểm học bạ,2025,19.13,Lâm học
117670,NLS,lam-hoc,C04,Điểm học bạ,2025,19.13,Lâm học
117671,NLS,lam-hoc,D01,Điểm học bạ,2025,19.13,Lâm học
117672,NLS,lam-hoc,D08,Điểm học bạ,2025,19.13,Lâm học
117673,NLS,lam-hoc,X01,Điểm học bạ,2025,19.13,Lâm học
117674,NLS,lam-hoc,A00,Điểm thi THPT,2025,17.0,Lâm học
117675,NLS,lam-hoc,B00,Điểm thi THPT,2025,17.0,Lâm học
117676,NLS,lam-hoc,C04,Điểm thi THPT,2025,17.0,Lâm học
117677,NLS,lam-hoc,D01,Điểm thi THPT,2025,17.0,Lâm học
117678,NLS,lam-hoc,D08,Điểm thi THPT,2025,17.0,Lâm học
117679,NLS,lam-hoc,X01,Điểm thi THPT,2025,17.0,Lâm học
117680,NLS,lam-nghiep-do-thi,A00,Điểm học bạ,2021,19.0,Lâm nghiệp đô thị
117681,NLS,lam-nghiep-do-thi,B00,Điểm học bạ,2021,19.0,Lâm nghiệp đô thị
117682,NLS,lam-nghiep-do-thi,D01,Điểm học bạ,2021,19.0,Lâm nghiệp đô thị
117683,NLS,lam-nghiep-do-thi,D08,Điểm học bạ,2021,19.0,Lâm nghiệp đô thị
117684,NLS,lam-nghiep-do-thi,A00,Điểm thi THPT,2021,16.0,Lâm nghiệp đô thị
117685,NLS,lam-nghiep-do-thi,B00,Điểm thi THPT,2021,16.0,Lâm nghiệp đô thị
117686,NLS,lam-nghiep-do-thi,D01,Điểm thi THPT,2021,16.0,Lâm nghiệp đô thị
117687,NLS,lam-nghiep-do-thi,D08,Điểm thi THPT,2021,16.0,Lâm nghiệp đô thị
117688,NLS,lam-nghiep-do-thi,A00,Điểm thi THPT,2022,15.0,Lâm nghiệp đô thị
117689,NLS,lam-nghiep-do-thi,B00,Điểm thi THPT,2022,15.0,Lâm nghiệp đô thị
117690,NLS,lam-nghiep-do-thi,D01,Điểm thi THPT,2022,15.0,Lâm nghiệp đô thị
117691,NLS,lam-nghiep-do-thi,D08,Điểm thi THPT,2022,15.0,Lâm nghiệp đô thị
117692,NLS,lam-nghiep-do-thi,A00,Điểm học bạ,2023,19.39,Lâm nghiệp đô thị
117693,NLS,lam-nghiep-do-thi,B00,Điểm học bạ,2023,19.39,Lâm nghiệp đô thị
117694,NLS,lam-nghiep-do-thi,D01,Điểm học bạ,2023,19.39,Lâm nghiệp đô thị
117695,NLS,lam-nghiep-do-thi,D08,Điểm học bạ,2023,19.39,Lâm nghiệp đô thị
117696,NLS,lam-nghiep-do-thi,A00,Điểm thi THPT,2023,16.0,Lâm nghiệp đô thị
117697,NLS,lam-nghiep-do-thi,B00,Điểm thi THPT,2023,16.0,Lâm nghiệp đô thị
117698,NLS,lam-nghiep-do-thi,D01,Điểm thi THPT,2023,16.0,Lâm nghiệp đô thị
117699,NLS,lam-nghiep-do-thi,D08,Điểm thi THPT,2023,16.0,Lâm nghiệp đô thị
117700,NLS,lam-nghiep-do-thi,A00,Điểm học bạ,2024,19.0,Lâm nghiệp đô thị
117701,NLS,lam-nghiep-do-thi,B00,Điểm học bạ,2024,19.0,Lâm nghiệp đô thị
117702,NLS,lam-nghiep-do-thi,D01,Điểm học bạ,2024,19.0,Lâm nghiệp đô thị
117703,NLS,lam-nghiep-do-thi,D08,Điểm học bạ,2024,19.0,Lâm nghiệp đô thị
117704,NLS,lam-nghiep-do-thi,A00,Điểm thi THPT,2024,16.0,Lâm nghiệp đô thị
117705,NLS,lam-nghiep-do-thi,B00,Điểm thi THPT,2024,16.0,Lâm nghiệp đô thị
117706,NLS,lam-nghiep-do-thi,D01,Điểm thi THPT,2024,16.0,Lâm nghiệp đô thị
117707,NLS,lam-nghiep-do-thi,D08,Điểm thi THPT,2024,16.0,Lâm nghiệp đô thị
117708,NLS,lam-nghiep-do-thi,A00,Điểm học bạ,2025,19.13,Lâm nghiệp đô thị
117709,NLS,lam-nghiep-do-thi,B00,Điểm học bạ,2025,19.13,Lâm nghiệp đô thị
117710,NLS,lam-nghiep-do-thi,C04,Điểm học bạ,2025,19.13,Lâm nghiệp đô thị
117711,NLS,lam-nghiep-do-thi,D01,Điểm học bạ,2025,19.13,Lâm nghiệp đô thị
117712,NLS,lam-nghiep-do-thi,D08,Điểm học bạ,2025,19.13,Lâm nghiệp đô thị
117713,NLS,lam-nghiep-do-thi,X01,Điểm học bạ,2025,19.13,Lâm nghiệp đô thị
117714,NLS,lam-nghiep-do-thi,A00,Điểm thi THPT,2025,17.0,Lâm nghiệp đô thị
117715,NLS,lam-nghiep-do-thi,B00,Điểm thi THPT,2025,17.0,Lâm nghiệp đô thị
117716,NLS,lam-nghiep-do-thi,C04,Điểm thi THPT,2025,17.0,Lâm nghiệp đô thị
117717,NLS,lam-nghiep-do-thi,D01,Điểm thi THPT,2025,17.0,Lâm nghiệp đô thị
117718,NLS,lam-nghiep-do-thi,D08,Điểm thi THPT,2025,17.0,Lâm nghiệp đô thị
117719,NLS,lam-nghiep-do-thi,X01,Điểm thi THPT,2025,17.0,Lâm nghiệp đô thị
117720,NLS,ngon-ngu-anh,A01,Điểm học bạ,2021,25.0,Ngôn ngữ Anh
117721,NLS,ngon-ngu-anh,D01,Điểm học bạ,2021,25.0,Ngôn ngữ Anh
117722,NLS,ngon-ngu-anh,D14,Điểm học bạ,2021,25.0,Ngôn ngữ Anh
117723,NLS,ngon-ngu-anh,D15,Điểm học bạ,2021,25.0,Ngôn ngữ Anh
117724,NLS,ngon-ngu-anh,A01,Điểm thi THPT,2021,26.0,Ngôn ngữ Anh
117725,NLS,ngon-ngu-anh,D01,Điểm thi THPT,2021,26.0,Ngôn ngữ Anh
117726,NLS,ngon-ngu-anh,D14,Điểm thi THPT,2021,26.0,Ngôn ngữ Anh
117727,NLS,ngon-ngu-anh,D15,Điểm thi THPT,2021,26.0,Ngôn ngữ Anh
117728,NLS,ngon-ngu-anh,A01,Điểm thi THPT,2022,19.0,Ngôn ngữ Anh
117729,NLS,ngon-ngu-anh,D01,Điểm thi THPT,2022,19.0,Ngôn ngữ Anh
117730,NLS,ngon-ngu-anh,D14,Điểm thi THPT,2022,19.0,Ngôn ngữ Anh
117731,NLS,ngon-ngu-anh,D15,Điểm thi THPT,2022,19.0,Ngôn ngữ Anh
117732,NLS,ngon-ngu-anh,A01,Điểm học bạ,2023,27.0,Ngôn ngữ Anh
117733,NLS,ngon-ngu-anh,D01,Điểm học bạ,2023,27.0,Ngôn ngữ Anh
117734,NLS,ngon-ngu-anh,D14,Điểm học bạ,2023,27.0,Ngôn ngữ Anh
117735,NLS,ngon-ngu-anh,D15,Điểm học bạ,2023,27.0,Ngôn ngữ Anh
117736,NLS,ngon-ngu-anh,A01,Điểm thi THPT,2023,23.0,Ngôn ngữ Anh
117737,NLS,ngon-ngu-anh,D01,Điểm thi THPT,2023,23.0,Ngôn ngữ Anh
117738,NLS,ngon-ngu-anh,D14,Điểm thi THPT,2023,23.0,Ngôn ngữ Anh
117739,NLS,ngon-ngu-anh,D15,Điểm thi THPT,2023,23.0,Ngôn ngữ Anh
117740,NLS,ngon-ngu-anh,A01,Điểm học bạ,2024,22.0,Ngôn ngữ Anh
117741,NLS,ngon-ngu-anh,D01,Điểm học bạ,2024,22.0,Ngôn ngữ Anh
117742,NLS,ngon-ngu-anh,D14,Điểm học bạ,2024,22.0,Ngôn ngữ Anh
117743,NLS,ngon-ngu-anh,D15,Điểm học bạ,2024,22.0,Ngôn ngữ Anh
117744,NLS,ngon-ngu-anh,A01,Điểm thi THPT,2024,23.75,Ngôn ngữ Anh
117745,NLS,ngon-ngu-anh,D01,Điểm thi THPT,2024,23.75,Ngôn ngữ Anh
117746,NLS,ngon-ngu-anh,D14,Điểm thi THPT,2024,23.75,Ngôn ngữ Anh
117747,NLS,ngon-ngu-anh,D15,Điểm thi THPT,2024,23.75,Ngôn ngữ Anh
117748,NLS,ngon-ngu-anh,A01,Điểm học bạ,2025,28.01,Ngôn ngữ Anh
117749,NLS,ngon-ngu-anh,D01,Điểm học bạ,2025,28.01,Ngôn ngữ Anh
117750,NLS,ngon-ngu-anh,D09,Điểm học bạ,2025,28.01,Ngôn ngữ Anh
117751,NLS,ngon-ngu-anh,D10,Điểm học bạ,2025,28.01,Ngôn ngữ Anh
117752,NLS,ngon-ngu-anh,D14,Điểm học bạ,2025,28.01,Ngôn ngữ Anh
117753,NLS,ngon-ngu-anh,D15,Điểm học bạ,2025,28.01,Ngôn ngữ Anh
117754,NLS,ngon-ngu-anh,A01,Điểm thi THPT,2025,24.9,Ngôn ngữ Anh
117755,NLS,ngon-ngu-anh,D01,Điểm thi THPT,2025,24.9,Ngôn ngữ Anh
117756,NLS,ngon-ngu-anh,D09,Điểm thi THPT,2025,24.9,Ngôn ngữ Anh
117757,NLS,ngon-ngu-anh,D10,Điểm thi THPT,2025,24.9,Ngôn ngữ Anh
117758,NLS,ngon-ngu-anh,D14,Điểm thi THPT,2025,24.9,Ngôn ngữ Anh
117759,NLS,ngon-ngu-anh,D15,Điểm thi THPT,2025,24.9,Ngôn ngữ Anh
117760,NLS,nong-hoc,A00,Điểm học bạ,2021,22.0,Nông học
117761,NLS,nong-hoc,B00,Điểm học bạ,2021,22.0,Nông học
117762,NLS,nong-hoc,D08,Điểm học bạ,2021,22.0,Nông học
117763,NLS,nong-hoc,A00,Điểm thi THPT,2021,17.0,Nông học
117764,NLS,nong-hoc,B00,Điểm thi THPT,2021,17.0,Nông học
117765,NLS,nong-hoc,D08,Điểm thi THPT,2021,17.0,Nông học
117766,NLS,nong-hoc,A00,Điểm thi THPT,2022,15.0,Nông học
117767,NLS,nong-hoc,B00,Điểm thi THPT,2022,15.0,Nông học
117768,NLS,nong-hoc,D08,Điểm thi THPT,2022,15.0,Nông học
117769,NLS,nong-hoc,A00,Điểm học bạ,2023,22.0,Nông học
117770,NLS,nong-hoc,B00,Điểm học bạ,2023,22.0,Nông học
117771,NLS,nong-hoc,D07,Điểm học bạ,2023,22.0,Nông học
117772,NLS,nong-hoc,D08,Điểm học bạ,2023,22.0,Nông học
117773,NLS,nong-hoc,A00,Điểm thi THPT,2023,17.0,Nông học
117774,NLS,nong-hoc,B00,Điểm thi THPT,2023,17.0,Nông học
117775,NLS,nong-hoc,D07,Điểm thi THPT,2023,17.0,Nông học
117776,NLS,nong-hoc,D08,Điểm thi THPT,2023,17.0,Nông học
117777,NLS,nong-hoc,A00,Điểm học bạ,2024,20.0,Nông học
117778,NLS,nong-hoc,B00,Điểm học bạ,2024,20.0,Nông học
117779,NLS,nong-hoc,D07,Điểm học bạ,2024,20.0,Nông học
117780,NLS,nong-hoc,D08,Điểm học bạ,2024,20.0,Nông học
117781,NLS,nong-hoc,A00,Điểm thi THPT,2024,17.0,Nông học
117782,NLS,nong-hoc,B00,Điểm thi THPT,2024,17.0,Nông học
117783,NLS,nong-hoc,D07,Điểm thi THPT,2024,17.0,Nông học
117784,NLS,nong-hoc,D08,Điểm thi THPT,2024,17.0,Nông học
117785,NLS,nong-hoc,A00,Điểm học bạ,2025,24.19,Nông học
117786,NLS,nong-hoc,A01,Điểm học bạ,2025,24.19,Nông học
117787,NLS,nong-hoc,A02,Điểm học bạ,2025,24.19,Nông học
117788,NLS,nong-hoc,B00,Điểm học bạ,2025,24.19,Nông học
117789,NLS,nong-hoc,D07,Điểm học bạ,2025,24.19,Nông học
117790,NLS,nong-hoc,D08,Điểm học bạ,2025,24.19,Nông học
117791,NLS,nong-hoc,A00,Điểm thi THPT,2025,21.5,Nông học
117792,NLS,nong-hoc,A01,Điểm thi THPT,2025,21.5,Nông học
117793,NLS,nong-hoc,A02,Điểm thi THPT,2025,21.5,Nông học
117794,NLS,nong-hoc,B00,Điểm thi THPT,2025,21.5,Nông học
117795,NLS,nong-hoc,D07,Điểm thi THPT,2025,21.5,Nông học
117796,NLS,nong-hoc,D08,Điểm thi THPT,2025,21.5,Nông học
117797,NLS,nuoi-trong-thuy-san,A00,Điểm học bạ,2021,20.0,Nuôi trồng thủy sản
117798,NLS,nuoi-trong-thuy-san,B00,Điểm học bạ,2021,20.0,Nuôi trồng thủy sản
117799,NLS,nuoi-trong-thuy-san,D07,Điểm học bạ,2021,20.0,Nuôi trồng thủy sản
117800,NLS,nuoi-trong-thuy-san,D08,Điểm học bạ,2021,20.0,Nuôi trồng thủy sản
117801,NLS,nuoi-trong-thuy-san,A00,Điểm thi THPT,2021,16.0,Nuôi trồng thủy sản
117802,NLS,nuoi-trong-thuy-san,B00,Điểm thi THPT,2021,16.0,Nuôi trồng thủy sản
117803,NLS,nuoi-trong-thuy-san,D07,Điểm thi THPT,2021,16.0,Nuôi trồng thủy sản
117804,NLS,nuoi-trong-thuy-san,D08,Điểm thi THPT,2021,16.0,Nuôi trồng thủy sản
117805,NLS,nuoi-trong-thuy-san,A00,Điểm thi THPT,2022,15.0,Nuôi trồng thủy sản
117806,NLS,nuoi-trong-thuy-san,B00,Điểm thi THPT,2022,15.0,Nuôi trồng thủy sản
117807,NLS,nuoi-trong-thuy-san,D07,Điểm thi THPT,2022,15.0,Nuôi trồng thủy sản
117808,NLS,nuoi-trong-thuy-san,D08,Điểm thi THPT,2022,15.0,Nuôi trồng thủy sản
117809,NLS,nuoi-trong-thuy-san,A00,Điểm học bạ,2023,20.0,Nuôi trồng thủy sản
117810,NLS,nuoi-trong-thuy-san,B00,Điểm học bạ,2023,20.0,Nuôi trồng thủy sản
117811,NLS,nuoi-trong-thuy-san,D07,Điểm học bạ,2023,20.0,Nuôi trồng thủy sản
117812,NLS,nuoi-trong-thuy-san,D08,Điểm học bạ,2023,20.0,Nuôi trồng thủy sản
117813,NLS,nuoi-trong-thuy-san,A00,Điểm thi THPT,2023,16.0,Nuôi trồng thủy sản
117814,NLS,nuoi-trong-thuy-san,B00,Điểm thi THPT,2023,16.0,Nuôi trồng thủy sản
117815,NLS,nuoi-trong-thuy-san,D07,Điểm thi THPT,2023,16.0,Nuôi trồng thủy sản
117816,NLS,nuoi-trong-thuy-san,D08,Điểm thi THPT,2023,16.0,Nuôi trồng thủy sản
117817,NLS,nuoi-trong-thuy-san,A00,Điểm học bạ,2024,20.0,Nuôi trồng thuỷ sản
117818,NLS,nuoi-trong-thuy-san,B00,Điểm học bạ,2024,20.0,Nuôi trồng thuỷ sản
117819,NLS,nuoi-trong-thuy-san,D07,Điểm học bạ,2024,20.0,Nuôi trồng thuỷ sản
117820,NLS,nuoi-trong-thuy-san,D08,Điểm học bạ,2024,20.0,Nuôi trồng thuỷ sản
117821,NLS,nuoi-trong-thuy-san,A00,Điểm thi THPT,2024,16.0,Nuôi trồng thuỷ sản
117822,NLS,nuoi-trong-thuy-san,B00,Điểm thi THPT,2024,16.0,Nuôi trồng thuỷ sản
117823,NLS,nuoi-trong-thuy-san,D07,Điểm thi THPT,2024,16.0,Nuôi trồng thuỷ sản
117824,NLS,nuoi-trong-thuy-san,D08,Điểm thi THPT,2024,16.0,Nuôi trồng thuỷ sản
117825,NLS,nuoi-trong-thuy-san,B00,Điểm học bạ,2025,21.38,Nuôi trồng thủy sản
117826,NLS,nuoi-trong-thuy-san,B03,Điểm học bạ,2025,21.38,Nuôi trồng thủy sản
117827,NLS,nuoi-trong-thuy-san,D01,Điểm học bạ,2025,21.38,Nuôi trồng thủy sản
117828,NLS,nuoi-trong-thuy-san,D07,Điểm học bạ,2025,21.38,Nuôi trồng thủy sản
117829,NLS,nuoi-trong-thuy-san,D08,Điểm học bạ,2025,21.38,Nuôi trồng thủy sản
117830,NLS,nuoi-trong-thuy-san,X04,Điểm học bạ,2025,21.38,Nuôi trồng thủy sản
117831,NLS,nuoi-trong-thuy-san,B00,Điểm thi THPT,2025,19.0,Nuôi trồng thủy sản
117832,NLS,nuoi-trong-thuy-san,B03,Điểm thi THPT,2025,19.0,Nuôi trồng thủy sản
117833,NLS,nuoi-trong-thuy-san,D01,Điểm thi THPT,2025,19.0,Nuôi trồng thủy sản
117834,NLS,nuoi-trong-thuy-san,D07,Điểm thi THPT,2025,19.0,Nuôi trồng thủy sản
117835,NLS,nuoi-trong-thuy-san,D08,Điểm thi THPT,2025,19.0,Nuôi trồng thủy sản
117836,NLS,nuoi-trong-thuy-san,X04,Điểm thi THPT,2025,19.0,Nuôi trồng thủy sản
117837,NLS,phat-trien-nong-thon,A00,Điểm học bạ,2021,19.0,Phát triển nông thôn
117838,NLS,phat-trien-nong-thon,A01,Điểm học bạ,2021,19.0,Phát triển nông thôn
117839,NLS,phat-trien-nong-thon,D01,Điểm học bạ,2021,19.0,Phát triển nông thôn
117840,NLS,phat-trien-nong-thon,A00,Điểm thi THPT,2021,16.0,Phát triển nông thôn
117841,NLS,phat-trien-nong-thon,A01,Điểm thi THPT,2021,16.0,Phát triển nông thôn
117842,NLS,phat-trien-nong-thon,D01,Điểm thi THPT,2021,16.0,Phát triển nông thôn
117843,NLS,phat-trien-nong-thon,A00,Điểm thi THPT,2022,16.0,Phát triển nông thôn
117844,NLS,phat-trien-nong-thon,A01,Điểm thi THPT,2022,16.0,Phát triển nông thôn
117845,NLS,phat-trien-nong-thon,D01,Điểm thi THPT,2022,16.0,Phát triển nông thôn
117846,NLS,phat-trien-nong-thon,A00,Điểm học bạ,2023,20.34,Phát triển nông thôn
117847,NLS,phat-trien-nong-thon,A01,Điểm học bạ,2023,20.34,Phát triển nông thôn
117848,NLS,phat-trien-nong-thon,D01,Điểm học bạ,2023,20.34,Phát triển nông thôn
117849,NLS,phat-trien-nong-thon,A00,Điểm thi THPT,2023,16.0,Phát triển nông thôn
117850,NLS,phat-trien-nong-thon,A01,Điểm thi THPT,2023,16.0,Phát triển nông thôn
117851,NLS,phat-trien-nong-thon,D01,Điểm thi THPT,2023,16.0,Phát triển nông thôn
117852,NLS,phat-trien-nong-thon,A00,Điểm học bạ,2024,20.0,Phát triển nông thôn
117853,NLS,phat-trien-nong-thon,A01,Điểm học bạ,2024,20.0,Phát triển nông thôn
117854,NLS,phat-trien-nong-thon,D01,Điểm học bạ,2024,20.0,Phát triển nông thôn
117855,NLS,phat-trien-nong-thon,A00,Điểm thi THPT,2024,16.0,Phát triển nông thôn
117856,NLS,phat-trien-nong-thon,A01,Điểm thi THPT,2024,16.0,Phát triển nông thôn
117857,NLS,phat-trien-nong-thon,D01,Điểm thi THPT,2024,16.0,Phát triển nông thôn
117858,NLS,phat-trien-nong-thon,A00,Điểm học bạ,2025,19.13,Phát triển nông thôn
117859,NLS,phat-trien-nong-thon,A01,Điểm học bạ,2025,19.13,Phát triển nông thôn
117860,NLS,phat-trien-nong-thon,D01,Điểm học bạ,2025,19.13,Phát triển nông thôn
117861,NLS,phat-trien-nong-thon,X01,Điểm học bạ,2025,19.13,Phát triển nông thôn
117862,NLS,phat-trien-nong-thon,X02,Điểm học bạ,2025,19.13,Phát triển nông thôn
117863,NLS,phat-trien-nong-thon,X25,Điểm học bạ,2025,19.13,Phát triển nông thôn
117864,NLS,phat-trien-nong-thon,A00,Điểm thi THPT,2025,17.0,Phát triển nông thôn
117865,NLS,phat-trien-nong-thon,A01,Điểm thi THPT,2025,17.0,Phát triển nông thôn
117866,NLS,phat-trien-nong-thon,D01,Điểm thi THPT,2025,17.0,Phát triển nông thôn
117867,NLS,phat-trien-nong-thon,X01,Điểm thi THPT,2025,17.0,Phát triển nông thôn
117868,NLS,phat-trien-nong-thon,X02,Điểm thi THPT,2025,17.0,Phát triển nông thôn
117869,NLS,phat-trien-nong-thon,X25,Điểm thi THPT,2025,17.0,Phát triển nông thôn
117870,NLS,quan-ly-dat-dai,A00,Điểm học bạ,2021,21.0,Quản lý đất đai
117871,NLS,quan-ly-dat-dai,A01,Điểm học bạ,2021,21.0,Quản lý đất đai
117872,NLS,quan-ly-dat-dai,A04,Điểm học bạ,2021,21.0,Quản lý đất đai
117873,NLS,quan-ly-dat-dai,D01,Điểm học bạ,2021,21.0,Quản lý đất đai
117874,NLS,quan-ly-dat-dai,A00,Điểm thi THPT,2021,21.75,Quản lý đất đai
117875,NLS,quan-ly-dat-dai,A01,Điểm thi THPT,2021,21.75,Quản lý đất đai
117876,NLS,quan-ly-dat-dai,D01,Điểm thi THPT,2021,21.75,Quản lý đất đai
117877,NLS,quan-ly-dat-dai,A00,Điểm thi THPT,2022,18.5,Quản lý đất đai
117878,NLS,quan-ly-dat-dai,A01,Điểm thi THPT,2022,18.5,Quản lý đất đai
117879,NLS,quan-ly-dat-dai,D01,Điểm thi THPT,2022,18.5,Quản lý đất đai
117880,NLS,quan-ly-dat-dai,A00,Điểm học bạ,2023,22.85,Quản lý đất đai
117881,NLS,quan-ly-dat-dai,A01,Điểm học bạ,2023,22.85,Quản lý đất đai
117882,NLS,quan-ly-dat-dai,A04,Điểm học bạ,2023,22.85,Quản lý đất đai
117883,NLS,quan-ly-dat-dai,D01,Điểm học bạ,2023,22.85,Quản lý đất đai
117884,NLS,quan-ly-dat-dai,A00,Điểm thi THPT,2023,18.75,Quản lý đất đai
117885,NLS,quan-ly-dat-dai,A01,Điểm thi THPT,2023,18.75,Quản lý đất đai
117886,NLS,quan-ly-dat-dai,A04,Điểm thi THPT,2023,18.75,Quản lý đất đai
117887,NLS,quan-ly-dat-dai,D01,Điểm thi THPT,2023,18.75,Quản lý đất đai
117888,NLS,quan-ly-dat-dai,A00,Điểm học bạ,2024,21.0,Quản lý đất đai
117889,NLS,quan-ly-dat-dai,A01,Điểm học bạ,2024,21.0,Quản lý đất đai
117890,NLS,quan-ly-dat-dai,A04,Điểm học bạ,2024,21.0,Quản lý đất đai
117891,NLS,quan-ly-dat-dai,D01,Điểm học bạ,2024,21.0,Quản lý đất đai
117892,NLS,quan-ly-dat-dai,A00,Điểm thi THPT,2024,21.25,Quản lý đất đai
117893,NLS,quan-ly-dat-dai,A01,Điểm thi THPT,2024,21.25,Quản lý đất đai
117894,NLS,quan-ly-dat-dai,A04,Điểm thi THPT,2024,21.25,Quản lý đất đai
117895,NLS,quan-ly-dat-dai,D01,Điểm thi THPT,2024,21.25,Quản lý đất đai
117896,NLS,quan-ly-dat-dai,A00,Điểm học bạ,2025,24.13,Quản lý đất đai
117897,NLS,quan-ly-dat-dai,A01,Điểm học bạ,2025,24.13,Quản lý đất đai
117898,NLS,quan-ly-dat-dai,C01,Điểm học bạ,2025,24.13,Quản lý đất đai
117899,NLS,quan-ly-dat-dai,C04,Điểm học bạ,2025,24.13,Quản lý đất đai
117900,NLS,quan-ly-dat-dai,D01,Điểm học bạ,2025,24.13,Quản lý đất đai
117901,NLS,quan-ly-dat-dai,X01,Điểm học bạ,2025,24.13,Quản lý đất đai
117902,NLS,quan-ly-dat-dai,A00,Điểm thi THPT,2025,21.45,Quản lý đất đai
117903,NLS,quan-ly-dat-dai,A01,Điểm thi THPT,2025,21.45,Quản lý đất đai
117904,NLS,quan-ly-dat-dai,C01,Điểm thi THPT,2025,21.45,Quản lý đất đai
117905,NLS,quan-ly-dat-dai,C04,Điểm thi THPT,2025,21.45,Quản lý đất đai
117906,NLS,quan-ly-dat-dai,D01,Điểm thi THPT,2025,21.45,Quản lý đất đai
117907,NLS,quan-ly-dat-dai,X01,Điểm thi THPT,2025,21.45,Quản lý đất đai
117908,NLS,quan-ly-tai-nguyen-rung,A00,Điểm học bạ,2021,19.0,Quản lý tài nguyên rừng
117909,NLS,quan-ly-tai-nguyen-rung,B00,Điểm học bạ,2021,19.0,Quản lý tài nguyên rừng
117910,NLS,quan-ly-tai-nguyen-rung,D01,Điểm học bạ,2021,19.0,Quản lý tài nguyên rừng
117911,NLS,quan-ly-tai-nguyen-rung,D08,Điểm học bạ,2021,19.0,Quản lý tài nguyên rừng
117912,NLS,quan-ly-tai-nguyen-rung,A00,Điểm thi THPT,2021,16.0,Quản lý tài nguyên rừng
117913,NLS,quan-ly-tai-nguyen-rung,B00,Điểm thi THPT,2021,16.0,Quản lý tài nguyên rừng
117914,NLS,quan-ly-tai-nguyen-rung,D01,Điểm thi THPT,2021,16.0,Quản lý tài nguyên rừng
117915,NLS,quan-ly-tai-nguyen-rung,D08,Điểm thi THPT,2021,16.0,Quản lý tài nguyên rừng
117916,NLS,quan-ly-tai-nguyen-rung,A00,Điểm thi THPT,2022,16.0,Quản lý tài nguyên rừng
117917,NLS,quan-ly-tai-nguyen-rung,B00,Điểm thi THPT,2022,16.0,Quản lý tài nguyên rừng
117918,NLS,quan-ly-tai-nguyen-rung,D01,Điểm thi THPT,2022,16.0,Quản lý tài nguyên rừng
117919,NLS,quan-ly-tai-nguyen-rung,D08,Điểm thi THPT,2022,16.0,Quản lý tài nguyên rừng
117920,NLS,quan-ly-tai-nguyen-rung,A00,Điểm học bạ,2023,19.85,Quản lý tài nguyên rừng
117921,NLS,quan-ly-tai-nguyen-rung,B00,Điểm học bạ,2023,19.85,Quản lý tài nguyên rừng
117922,NLS,quan-ly-tai-nguyen-rung,D01,Điểm học bạ,2023,19.85,Quản lý tài nguyên rừng
117923,NLS,quan-ly-tai-nguyen-rung,D08,Điểm học bạ,2023,19.85,Quản lý tài nguyên rừng
117924,NLS,quan-ly-tai-nguyen-rung,A00,Điểm thi THPT,2023,16.0,Quản lý tài nguyên rừng
117925,NLS,quan-ly-tai-nguyen-rung,B00,Điểm thi THPT,2023,16.0,Quản lý tài nguyên rừng
117926,NLS,quan-ly-tai-nguyen-rung,D01,Điểm thi THPT,2023,16.0,Quản lý tài nguyên rừng
117927,NLS,quan-ly-tai-nguyen-rung,D08,Điểm thi THPT,2023,16.0,Quản lý tài nguyên rừng
117928,NLS,quan-ly-tai-nguyen-rung,A00,Điểm học bạ,2024,19.0,Quản lý tài nguyên rừng
117929,NLS,quan-ly-tai-nguyen-rung,B00,Điểm học bạ,2024,19.0,Quản lý tài nguyên rừng
117930,NLS,quan-ly-tai-nguyen-rung,D01,Điểm học bạ,2024,19.0,Quản lý tài nguyên rừng
117931,NLS,quan-ly-tai-nguyen-rung,D08,Điểm học bạ,2024,19.0,Quản lý tài nguyên rừng
117932,NLS,quan-ly-tai-nguyen-rung,A00,Điểm thi THPT,2024,16.0,Quản lý tài nguyên rừng
117933,NLS,quan-ly-tai-nguyen-rung,B00,Điểm thi THPT,2024,16.0,Quản lý tài nguyên rừng
117934,NLS,quan-ly-tai-nguyen-rung,D01,Điểm thi THPT,2024,16.0,Quản lý tài nguyên rừng
117935,NLS,quan-ly-tai-nguyen-rung,D08,Điểm thi THPT,2024,16.0,Quản lý tài nguyên rừng
117936,NLS,quan-ly-tai-nguyen-rung,A00,Điểm học bạ,2025,19.13,Quản lý tài nguyên rừng
117937,NLS,quan-ly-tai-nguyen-rung,B00,Điểm học bạ,2025,19.13,Quản lý tài nguyên rừng
117938,NLS,quan-ly-tai-nguyen-rung,C04,Điểm học bạ,2025,19.13,Quản lý tài nguyên rừng
117939,NLS,quan-ly-tai-nguyen-rung,D01,Điểm học bạ,2025,19.13,Quản lý tài nguyên rừng
117940,NLS,quan-ly-tai-nguyen-rung,D08,Điểm học bạ,2025,19.13,Quản lý tài nguyên rừng
117941,NLS,quan-ly-tai-nguyen-rung,X01,Điểm học bạ,2025,19.13,Quản lý tài nguyên rừng
117942,NLS,quan-ly-tai-nguyen-rung,A00,Điểm thi THPT,2025,17.0,Quản lý tài nguyên rừng
117943,NLS,quan-ly-tai-nguyen-rung,B00,Điểm thi THPT,2025,17.0,Quản lý tài nguyên rừng
117944,NLS,quan-ly-tai-nguyen-rung,C04,Điểm thi THPT,2025,17.0,Quản lý tài nguyên rừng
117945,NLS,quan-ly-tai-nguyen-rung,D01,Điểm thi THPT,2025,17.0,Quản lý tài nguyên rừng
117946,NLS,quan-ly-tai-nguyen-rung,D08,Điểm thi THPT,2025,17.0,Quản lý tài nguyên rừng
117947,NLS,quan-ly-tai-nguyen-rung,X01,Điểm thi THPT,2025,17.0,Quản lý tài nguyên rừng
117948,NLS,quan-ly-tai-nguyen-va-moi-truong,A00,Điểm học bạ,2021,21.0,Quản lý tài nguyên và môi trường
117949,NLS,quan-ly-tai-nguyen-va-moi-truong,A01,Điểm học bạ,2021,21.0,Quản lý tài nguyên và môi trường
117950,NLS,quan-ly-tai-nguyen-va-moi-truong,B00,Điểm học bạ,2021,21.0,Quản lý tài nguyên và môi trường
117951,NLS,quan-ly-tai-nguyen-va-moi-truong,D07,Điểm học bạ,2021,21.0,Quản lý tài nguyên và môi trường
117952,NLS,quan-ly-tai-nguyen-va-moi-truong,A00,Điểm thi THPT,2021,17.0,Quản lý tài nguyên và môi trường
117953,NLS,quan-ly-tai-nguyen-va-moi-truong,A01,Điểm thi THPT,2021,17.0,Quản lý tài nguyên và môi trường
117954,NLS,quan-ly-tai-nguyen-va-moi-truong,B00,Điểm thi THPT,2021,17.0,Quản lý tài nguyên và môi trường
117955,NLS,quan-ly-tai-nguyen-va-moi-truong,D07,Điểm thi THPT,2021,17.0,Quản lý tài nguyên và môi trường
117956,NLS,quan-ly-tai-nguyen-va-moi-truong,A00,Điểm thi THPT,2022,16.0,Quản lý tài nguyên và môi trường
117957,NLS,quan-ly-tai-nguyen-va-moi-truong,A01,Điểm thi THPT,2022,16.0,Quản lý tài nguyên và môi trường
117958,NLS,quan-ly-tai-nguyen-va-moi-truong,B00,Điểm thi THPT,2022,16.0,Quản lý tài nguyên và môi trường
117959,NLS,quan-ly-tai-nguyen-va-moi-truong,D07,Điểm thi THPT,2022,16.0,Quản lý tài nguyên và môi trường
117960,NLS,quan-ly-tai-nguyen-va-moi-truong,A00,Điểm học bạ,2023,24.36,Quản lý tài nguyên và môi trường
117961,NLS,quan-ly-tai-nguyen-va-moi-truong,A01,Điểm học bạ,2023,24.36,Quản lý tài nguyên và môi trường
117962,NLS,quan-ly-tai-nguyen-va-moi-truong,B00,Điểm học bạ,2023,24.36,Quản lý tài nguyên và môi trường
117963,NLS,quan-ly-tai-nguyen-va-moi-truong,D07,Điểm học bạ,2023,24.36,Quản lý tài nguyên và môi trường
117964,NLS,quan-ly-tai-nguyen-va-moi-truong,A00,Điểm thi THPT,2023,16.5,Quản lý tài nguyên và môi trường
117965,NLS,quan-ly-tai-nguyen-va-moi-truong,A01,Điểm thi THPT,2023,16.5,Quản lý tài nguyên và môi trường
117966,NLS,quan-ly-tai-nguyen-va-moi-truong,B00,Điểm thi THPT,2023,16.5,Quản lý tài nguyên và môi trường
117967,NLS,quan-ly-tai-nguyen-va-moi-truong,D07,Điểm thi THPT,2023,16.5,Quản lý tài nguyên và môi trường
117968,NLS,quan-ly-tai-nguyen-va-moi-truong,A00,Điểm học bạ,2024,21.0,Quản lý tài nguyên và môi trường
117969,NLS,quan-ly-tai-nguyen-va-moi-truong,A01,Điểm học bạ,2024,21.0,Quản lý tài nguyên và môi trường
117970,NLS,quan-ly-tai-nguyen-va-moi-truong,B00,Điểm học bạ,2024,21.0,Quản lý tài nguyên và môi trường
117971,NLS,quan-ly-tai-nguyen-va-moi-truong,D07,Điểm học bạ,2024,21.0,Quản lý tài nguyên và môi trường
117972,NLS,quan-ly-tai-nguyen-va-moi-truong,A00,Điểm thi THPT,2024,20.0,Quản lý tài nguyên và môi trường
117973,NLS,quan-ly-tai-nguyen-va-moi-truong,A01,Điểm thi THPT,2024,20.0,Quản lý tài nguyên và môi trường
117974,NLS,quan-ly-tai-nguyen-va-moi-truong,B00,Điểm thi THPT,2024,20.0,Quản lý tài nguyên và môi trường
117975,NLS,quan-ly-tai-nguyen-va-moi-truong,D07,Điểm thi THPT,2024,20.0,Quản lý tài nguyên và môi trường
117976,NLS,quan-ly-tai-nguyen-va-moi-truong,A00,Điểm học bạ,2025,24.86,Quản lý Tài nguyên và Môi trường
117977,NLS,quan-ly-tai-nguyen-va-moi-truong,A01,Điểm học bạ,2025,24.86,Quản lý Tài nguyên và Môi trường
117978,NLS,quan-ly-tai-nguyen-va-moi-truong,B00,Điểm học bạ,2025,24.86,Quản lý Tài nguyên và Môi trường
117979,NLS,quan-ly-tai-nguyen-va-moi-truong,D01,Điểm học bạ,2025,24.86,Quản lý Tài nguyên và Môi trường
117980,NLS,quan-ly-tai-nguyen-va-moi-truong,D07,Điểm học bạ,2025,24.86,Quản lý Tài nguyên và Môi trường
117981,NLS,quan-ly-tai-nguyen-va-moi-truong,D08,Điểm học bạ,2025,24.86,Quản lý Tài nguyên và Môi trường
117982,NLS,quan-ly-tai-nguyen-va-moi-truong,A00,Điểm thi THPT,2025,22.1,Quản lý Tài nguyên và Môi trường
117983,NLS,quan-ly-tai-nguyen-va-moi-truong,A01,Điểm thi THPT,2025,22.1,Quản lý Tài nguyên và Môi trường
117984,NLS,quan-ly-tai-nguyen-va-moi-truong,B00,Điểm thi THPT,2025,22.1,Quản lý Tài nguyên và Môi trường
117985,NLS,quan-ly-tai-nguyen-va-moi-truong,D01,Điểm thi THPT,2025,22.1,Quản lý Tài nguyên và Môi trường
117986,NLS,quan-ly-tai-nguyen-va-moi-truong,D07,Điểm thi THPT,2025,22.1,Quản lý Tài nguyên và Môi trường
117987,NLS,quan-ly-tai-nguyen-va-moi-truong,D08,Điểm thi THPT,2025,22.1,Quản lý Tài nguyên và Môi trường
117988,NLS,quan-tri-kinh-doanh,A00,Điểm học bạ,2021,22.0,Quản trị kinh doanh
117989,NLS,quan-tri-kinh-doanh,A01,Điểm học bạ,2021,22.0,Quản trị kinh doanh
117990,NLS,quan-tri-kinh-doanh,D01,Điểm học bạ,2021,22.0,Quản trị kinh doanh
117991,NLS,quan-tri-kinh-doanh,A00,Điểm thi THPT,2021,23.25,Quản trị kinh doanh
117992,NLS,quan-tri-kinh-doanh,A01,Điểm thi THPT,2021,23.25,Quản trị kinh doanh
117993,NLS,quan-tri-kinh-doanh,D01,Điểm thi THPT,2021,23.25,Quản trị kinh doanh
117994,NLS,quan-tri-kinh-doanh,A00,Điểm thi THPT,2022,15.0,Quản trị kinh doanh
117995,NLS,quan-tri-kinh-doanh,A01,Điểm thi THPT,2022,15.0,Quản trị kinh doanh
117996,NLS,quan-tri-kinh-doanh,D01,Điểm thi THPT,2022,15.0,Quản trị kinh doanh
117997,NLS,quan-tri-kinh-doanh,A00,Điểm học bạ,2023,25.0,Quản trị kinh doanh
117998,NLS,quan-tri-kinh-doanh,A01,Điểm học bạ,2023,25.0,Quản trị kinh doanh
117999,NLS,quan-tri-kinh-doanh,D01,Điểm học bạ,2023,25.0,Quản trị kinh doanh
118000,NLS,quan-tri-kinh-doanh,A00,Điểm thi THPT,2023,22.25,Quản trị kinh doanh
118001,NLS,quan-tri-kinh-doanh,A01,Điểm thi THPT,2023,22.25,Quản trị kinh doanh
118002,NLS,quan-tri-kinh-doanh,D01,Điểm thi THPT,2023,22.25,Quản trị kinh doanh
118003,NLS,quan-tri-kinh-doanh,A00,Điểm học bạ,2024,23.0,Quản trị kinh doanh
118004,NLS,quan-tri-kinh-doanh,A01,Điểm học bạ,2024,23.0,Quản trị kinh doanh
118005,NLS,quan-tri-kinh-doanh,D01,Điểm học bạ,2024,23.0,Quản trị kinh doanh
118006,NLS,quan-tri-kinh-doanh,A00,Điểm thi THPT,2024,22.75,Quản trị kinh doanh
118007,NLS,quan-tri-kinh-doanh,A01,Điểm thi THPT,2024,22.75,Quản trị kinh doanh
118008,NLS,quan-tri-kinh-doanh,D01,Điểm thi THPT,2024,22.75,Quản trị kinh doanh
118009,NLS,quan-tri-kinh-doanh,A00,Điểm học bạ,2025,25.54,Quản trị kinh doanh
118010,NLS,quan-tri-kinh-doanh,A01,Điểm học bạ,2025,25.54,Quản trị kinh doanh
118011,NLS,quan-tri-kinh-doanh,D01,Điểm học bạ,2025,25.54,Quản trị kinh doanh
118012,NLS,quan-tri-kinh-doanh,X01,Điểm học bạ,2025,25.54,Quản trị kinh doanh
118013,NLS,quan-tri-kinh-doanh,X02,Điểm học bạ,2025,25.54,Quản trị kinh doanh
118014,NLS,quan-tri-kinh-doanh,X25,Điểm học bạ,2025,25.54,Quản trị kinh doanh
118015,NLS,quan-tri-kinh-doanh,A00,Điểm thi THPT,2025,22.7,Quản trị kinh doanh
118016,NLS,quan-tri-kinh-doanh,A01,Điểm thi THPT,2025,22.7,Quản trị kinh doanh
118017,NLS,quan-tri-kinh-doanh,D01,Điểm thi THPT,2025,22.7,Quản trị kinh doanh
118018,NLS,quan-tri-kinh-doanh,X01,Điểm thi THPT,2025,22.7,Quản trị kinh doanh
118019,NLS,quan-tri-kinh-doanh,X02,Điểm thi THPT,2025,22.7,Quản trị kinh doanh
118020,NLS,quan-tri-kinh-doanh,X25,Điểm thi THPT,2025,22.7,Quản trị kinh doanh
118021,NLS,quan-tri-kinh-doanh-clc,A00,Điểm học bạ,2023,25.0,Quản trị kinh doanh CLC
118022,NLS,quan-tri-kinh-doanh-clc,A01,Điểm học bạ,2023,25.0,Quản trị kinh doanh CLC
118023,NLS,quan-tri-kinh-doanh-clc,D01,Điểm học bạ,2023,25.0,Quản trị kinh doanh CLC
118024,NLS,su-pham-ky-thuat-nong-nghiep,A00,Điểm học bạ,2021,24.0,Sư phạm kỹ thuật nông nghiệp
118025,NLS,su-pham-ky-thuat-nong-nghiep,A01,Điểm học bạ,2021,24.0,Sư phạm kỹ thuật nông nghiệp
118026,NLS,su-pham-ky-thuat-nong-nghiep,B00,Điểm học bạ,2021,24.0,Sư phạm kỹ thuật nông nghiệp
118027,NLS,su-pham-ky-thuat-nong-nghiep,D08,Điểm học bạ,2021,24.0,Sư phạm kỹ thuật nông nghiệp
118028,NLS,su-pham-ky-thuat-nong-nghiep,A00,Điểm thi THPT,2021,19.0,Sư phạm kỹ thuật nông nghiệp
118029,NLS,su-pham-ky-thuat-nong-nghiep,A01,Điểm thi THPT,2021,19.0,Sư phạm kỹ thuật nông nghiệp
118030,NLS,su-pham-ky-thuat-nong-nghiep,B00,Điểm thi THPT,2021,19.0,Sư phạm kỹ thuật nông nghiệp
118031,NLS,su-pham-ky-thuat-nong-nghiep,D08,Điểm thi THPT,2021,19.0,Sư phạm kỹ thuật nông nghiệp
118032,NLS,su-pham-ky-thuat-nong-nghiep,A00,Điểm thi THPT,2022,19.0,Sư phạm kỹ thuật nông nghiệp
118033,NLS,su-pham-ky-thuat-nong-nghiep,A01,Điểm thi THPT,2022,19.0,Sư phạm kỹ thuật nông nghiệp
118034,NLS,su-pham-ky-thuat-nong-nghiep,B00,Điểm thi THPT,2022,19.0,Sư phạm kỹ thuật nông nghiệp
118035,NLS,su-pham-ky-thuat-nong-nghiep,D08,Điểm thi THPT,2022,19.0,Sư phạm kỹ thuật nông nghiệp
118036,NLS,su-pham-ky-thuat-nong-nghiep,A00,Điểm học bạ,2023,22.18,Sư phạm Kỹ thuật nông nghiệp
118037,NLS,su-pham-ky-thuat-nong-nghiep,A01,Điểm học bạ,2023,22.18,Sư phạm Kỹ thuật nông nghiệp
118038,NLS,su-pham-ky-thuat-nong-nghiep,B00,Điểm học bạ,2023,22.18,Sư phạm Kỹ thuật nông nghiệp
118039,NLS,su-pham-ky-thuat-nong-nghiep,D08,Điểm học bạ,2023,22.18,Sư phạm Kỹ thuật nông nghiệp
118040,NLS,su-pham-ky-thuat-nong-nghiep,A00,Điểm thi THPT,2023,19.0,Sư phạm Kỹ thuật nông nghiệp
118041,NLS,su-pham-ky-thuat-nong-nghiep,A01,Điểm thi THPT,2023,19.0,Sư phạm Kỹ thuật nông nghiệp
118042,NLS,su-pham-ky-thuat-nong-nghiep,B00,Điểm thi THPT,2023,19.0,Sư phạm Kỹ thuật nông nghiệp
118043,NLS,su-pham-ky-thuat-nong-nghiep,D08,Điểm thi THPT,2023,19.0,Sư phạm Kỹ thuật nông nghiệp
118044,NLS,su-pham-ky-thuat-nong-nghiep,A00,Điểm học bạ,2024,24.0,Sư phạm Kỹ thuật nông nghiệp
118045,NLS,su-pham-ky-thuat-nong-nghiep,A01,Điểm học bạ,2024,24.0,Sư phạm Kỹ thuật nông nghiệp
118046,NLS,su-pham-ky-thuat-nong-nghiep,B00,Điểm học bạ,2024,24.0,Sư phạm Kỹ thuật nông nghiệp
118047,NLS,su-pham-ky-thuat-nong-nghiep,D08,Điểm học bạ,2024,24.0,Sư phạm Kỹ thuật nông nghiệp
118048,NLS,su-pham-ky-thuat-nong-nghiep,A00,Điểm thi THPT,2024,22.5,Sư phạm Kỹ thuật nông nghiệp
118049,NLS,su-pham-ky-thuat-nong-nghiep,A01,Điểm thi THPT,2024,22.5,Sư phạm Kỹ thuật nông nghiệp
118050,NLS,su-pham-ky-thuat-nong-nghiep,B00,Điểm thi THPT,2024,22.5,Sư phạm Kỹ thuật nông nghiệp
118051,NLS,su-pham-ky-thuat-nong-nghiep,D08,Điểm thi THPT,2024,22.5,Sư phạm Kỹ thuật nông nghiệp
118052,NLS,su-pham-ky-thuat-nong-nghiep,A01,Điểm học bạ,2025,26.82,Sư phạm kỹ thuật nông nghiệp
118053,NLS,su-pham-ky-thuat-nong-nghiep,B00,Điểm học bạ,2025,26.82,Sư phạm kỹ thuật nông nghiệp
118054,NLS,su-pham-ky-thuat-nong-nghiep,D08,Điểm học bạ,2025,26.82,Sư phạm kỹ thuật nông nghiệp
118055,NLS,su-pham-ky-thuat-nong-nghiep,X12,Điểm học bạ,2025,26.82,Sư phạm kỹ thuật nông nghiệp
118056,NLS,su-pham-ky-thuat-nong-nghiep,X16,Điểm học bạ,2025,26.82,Sư phạm kỹ thuật nông nghiệp
118057,NLS,su-pham-ky-thuat-nong-nghiep,X28,Điểm học bạ,2025,26.82,Sư phạm kỹ thuật nông nghiệp
118058,NLS,su-pham-ky-thuat-nong-nghiep,A01,Điểm thi THPT,2025,23.84,Sư phạm kỹ thuật nông nghiệp
118059,NLS,su-pham-ky-thuat-nong-nghiep,B00,Điểm thi THPT,2025,23.84,Sư phạm kỹ thuật nông nghiệp
118060,NLS,su-pham-ky-thuat-nong-nghiep,D08,Điểm thi THPT,2025,23.84,Sư phạm kỹ thuật nông nghiệp
118061,NLS,su-pham-ky-thuat-nong-nghiep,X12,Điểm thi THPT,2025,23.84,Sư phạm kỹ thuật nông nghiệp
118062,NLS,su-pham-ky-thuat-nong-nghiep,X16,Điểm thi THPT,2025,23.84,Sư phạm kỹ thuật nông nghiệp
118063,NLS,su-pham-ky-thuat-nong-nghiep,X28,Điểm thi THPT,2025,23.84,Sư phạm kỹ thuật nông nghiệp
118064,NLS,tai-nguyen-va-du-lich-sinh-thai,A00,Điểm học bạ,2021,19.0,Tài nguyên và Du lịch sinh thái
118065,NLS,tai-nguyen-va-du-lich-sinh-thai,B00,Điểm học bạ,2021,19.0,Tài nguyên và Du lịch sinh thái
118066,NLS,tai-nguyen-va-du-lich-sinh-thai,D01,Điểm học bạ,2021,19.0,Tài nguyên và Du lịch sinh thái
118067,NLS,tai-nguyen-va-du-lich-sinh-thai,D08,Điểm học bạ,2021,19.0,Tài nguyên và Du lịch sinh thái
118068,NLS,tai-nguyen-va-du-lich-sinh-thai,A00,Điểm thi THPT,2021,17.0,Tài nguyên và Du lịch sinh thái
118069,NLS,tai-nguyen-va-du-lich-sinh-thai,B00,Điểm thi THPT,2021,17.0,Tài nguyên và Du lịch sinh thái
118070,NLS,tai-nguyen-va-du-lich-sinh-thai,D01,Điểm thi THPT,2021,17.0,Tài nguyên và Du lịch sinh thái
118071,NLS,tai-nguyen-va-du-lich-sinh-thai,D08,Điểm thi THPT,2021,17.0,Tài nguyên và Du lịch sinh thái
118072,NLS,tai-nguyen-va-du-lich-sinh-thai,A00,Điểm thi THPT,2022,15.0,Tài nguyên và Du lịch sinh thái
118073,NLS,tai-nguyen-va-du-lich-sinh-thai,B00,Điểm thi THPT,2022,15.0,Tài nguyên và Du lịch sinh thái
118074,NLS,tai-nguyen-va-du-lich-sinh-thai,D01,Điểm thi THPT,2022,15.0,Tài nguyên và Du lịch sinh thái
118075,NLS,tai-nguyen-va-du-lich-sinh-thai,D08,Điểm thi THPT,2022,15.0,Tài nguyên và Du lịch sinh thái
118076,NLS,tai-nguyen-va-du-lich-sinh-thai,A00,Điểm học bạ,2023,23.34,Tài nguyên và Du lịch sinh thái
118077,NLS,tai-nguyen-va-du-lich-sinh-thai,B00,Điểm học bạ,2023,23.34,Tài nguyên và Du lịch sinh thái
118078,NLS,tai-nguyen-va-du-lich-sinh-thai,D01,Điểm học bạ,2023,23.34,Tài nguyên và Du lịch sinh thái
118079,NLS,tai-nguyen-va-du-lich-sinh-thai,D08,Điểm học bạ,2023,23.34,Tài nguyên và Du lịch sinh thái
118080,NLS,tai-nguyen-va-du-lich-sinh-thai,A00,Điểm thi THPT,2023,19.0,Tài nguyên và du lịch sinh thái
118081,NLS,tai-nguyen-va-du-lich-sinh-thai,B00,Điểm thi THPT,2023,19.0,Tài nguyên và du lịch sinh thái
118082,NLS,tai-nguyen-va-du-lich-sinh-thai,D01,Điểm thi THPT,2023,19.0,Tài nguyên và du lịch sinh thái
118083,NLS,tai-nguyen-va-du-lich-sinh-thai,D08,Điểm thi THPT,2023,19.0,Tài nguyên và du lịch sinh thái
118084,NLS,tai-nguyen-va-du-lich-sinh-thai,A00,Điểm học bạ,2024,20.0,Tài nguyên và Du lịch sinh thái
118085,NLS,tai-nguyen-va-du-lich-sinh-thai,B00,Điểm học bạ,2024,20.0,Tài nguyên và Du lịch sinh thái
118086,NLS,tai-nguyen-va-du-lich-sinh-thai,D01,Điểm học bạ,2024,20.0,Tài nguyên và Du lịch sinh thái
118087,NLS,tai-nguyen-va-du-lich-sinh-thai,D08,Điểm học bạ,2024,20.0,Tài nguyên và Du lịch sinh thái
118088,NLS,tai-nguyen-va-du-lich-sinh-thai,A00,Điểm thi THPT,2024,19.5,Tài nguyên và du lịch sinh thái
118089,NLS,tai-nguyen-va-du-lich-sinh-thai,B00,Điểm thi THPT,2024,19.5,Tài nguyên và du lịch sinh thái
118090,NLS,tai-nguyen-va-du-lich-sinh-thai,D01,Điểm thi THPT,2024,19.5,Tài nguyên và du lịch sinh thái
118091,NLS,tai-nguyen-va-du-lich-sinh-thai,D08,Điểm thi THPT,2024,19.5,Tài nguyên và du lịch sinh thái
118092,NLS,tai-nguyen-va-du-lich-sinh-thai,A00,Điểm học bạ,2025,23.91,Tài nguyên và Du lịch Sinh thái
118093,NLS,tai-nguyen-va-du-lich-sinh-thai,B00,Điểm học bạ,2025,23.91,Tài nguyên và Du lịch Sinh thái
118094,NLS,tai-nguyen-va-du-lich-sinh-thai,B02,Điểm học bạ,2025,23.91,Tài nguyên và Du lịch Sinh thái
118095,NLS,tai-nguyen-va-du-lich-sinh-thai,D01,Điểm học bạ,2025,23.91,Tài nguyên và Du lịch Sinh thái
118096,NLS,tai-nguyen-va-du-lich-sinh-thai,D07,Điểm học bạ,2025,23.91,Tài nguyên và Du lịch Sinh thái
118097,NLS,tai-nguyen-va-du-lich-sinh-thai,D08,Điểm học bạ,2025,23.91,Tài nguyên và Du lịch Sinh thái
118098,NLS,tai-nguyen-va-du-lich-sinh-thai,A00,Điểm thi THPT,2025,21.25,Tài nguyên và Du lịch Sinh thái
118099,NLS,tai-nguyen-va-du-lich-sinh-thai,B00,Điểm thi THPT,2025,21.25,Tài nguyên và Du lịch Sinh thái
118100,NLS,tai-nguyen-va-du-lich-sinh-thai,B02,Điểm thi THPT,2025,21.25,Tài nguyên và Du lịch Sinh thái
118101,NLS,tai-nguyen-va-du-lich-sinh-thai,D01,Điểm thi THPT,2025,21.25,Tài nguyên và Du lịch Sinh thái
118102,NLS,tai-nguyen-va-du-lich-sinh-thai,D07,Điểm thi THPT,2025,21.25,Tài nguyên và Du lịch Sinh thái
118103,NLS,tai-nguyen-va-du-lich-sinh-thai,D08,Điểm thi THPT,2025,21.25,Tài nguyên và Du lịch Sinh thái
118104,NLS,thu-y,A00,Điểm học bạ,2021,26.5,Thú y
118105,NLS,thu-y,B00,Điểm học bạ,2021,26.5,Thú y
118106,NLS,thu-y,D07,Điểm học bạ,2021,26.5,Thú y
118107,NLS,thu-y,D08,Điểm học bạ,2021,26.5,Thú y
118108,NLS,thu-y,A00,Điểm thi THPT,2021,25.0,Thú y
118109,NLS,thu-y,B00,Điểm thi THPT,2021,25.0,Thú y
118110,NLS,thu-y,D07,Điểm thi THPT,2021,25.0,Thú y
118111,NLS,thu-y,D08,Điểm thi THPT,2021,25.0,Thú y
118112,NLS,thu-y,A00,Điểm thi THPT,2022,23.0,Thú y
118113,NLS,thu-y,B00,Điểm thi THPT,2022,23.0,Thú y
118114,NLS,thu-y,D07,Điểm thi THPT,2022,23.0,Thú y
118115,NLS,thu-y,D08,Điểm thi THPT,2022,23.0,Thú y
118116,NLS,thu-y,A00,Điểm học bạ,2023,27.5,Thú y
118117,NLS,thu-y,B00,Điểm học bạ,2023,27.5,Thú y
118118,NLS,thu-y,D07,Điểm học bạ,2023,27.5,Thú y
118119,NLS,thu-y,D08,Điểm học bạ,2023,27.5,Thú y
118120,NLS,thu-y,A00,Điểm thi THPT,2023,24.0,Thú y
118121,NLS,thu-y,B00,Điểm thi THPT,2023,24.0,Thú y
118122,NLS,thu-y,D07,Điểm thi THPT,2023,24.0,Thú y
118123,NLS,thu-y,D08,Điểm thi THPT,2023,24.0,Thú y
118124,NLS,thu-y,A00,Điểm học bạ,2024,26.0,Thú y
118125,NLS,thu-y,B00,Điểm học bạ,2024,26.0,Thú y
118126,NLS,thu-y,D07,Điểm học bạ,2024,26.0,Thú y
118127,NLS,thu-y,D08,Điểm học bạ,2024,26.0,Thú y
118128,NLS,thu-y,A00,Điểm thi THPT,2024,24.5,Thú y
118129,NLS,thu-y,B00,Điểm thi THPT,2024,24.5,Thú y
118130,NLS,thu-y,D07,Điểm thi THPT,2024,24.5,Thú y
118131,NLS,thu-y,D08,Điểm thi THPT,2024,24.5,Thú y
118132,NLS,thu-y,A00,Điểm học bạ,2025,27.73,Thú y
118133,NLS,thu-y,B00,Điểm học bạ,2025,27.73,Thú y
118134,NLS,thu-y,B03,Điểm học bạ,2025,27.73,Thú y
118135,NLS,thu-y,C02,Điểm học bạ,2025,27.73,Thú y
118136,NLS,thu-y,D07,Điểm học bạ,2025,27.73,Thú y
118137,NLS,thu-y,D08,Điểm học bạ,2025,27.73,Thú y
118138,NLS,thu-y,A00,Điểm thi THPT,2025,24.65,Thú y
118139,NLS,thu-y,B00,Điểm thi THPT,2025,24.65,Thú y
118140,NLS,thu-y,B03,Điểm thi THPT,2025,24.65,Thú y
118141,NLS,thu-y,C02,Điểm thi THPT,2025,24.65,Thú y
118142,NLS,thu-y,D07,Điểm thi THPT,2025,24.65,Thú y
118143,NLS,thu-y,D08,Điểm thi THPT,2025,24.65,Thú y
118144,NQH,ngon-ngu-anh,D01,Điểm thi THPT,2021,29.44,Ngôn ngữ Anh
118145,NQH,ngon-ngu-anh,D01,Điểm thi THPT,2022,26.76,Ngôn ngữ Anh
118146,NQH,ngon-ngu-anh,D01,Điểm học bạ,2023,26.02,Ngôn ngữ Anh
118147,NQH,ngon-ngu-anh,D01,Điểm thi THPT,2023,27.46,Ngôn ngữ Anh
118148,NQH,ngon-ngu-anh,D01,Điểm học bạ,2024,28.6,Ngôn ngữ Anh
118149,NQH,ngon-ngu-anh,D01,Điểm thi THPT,2024,27.54,Ngôn ngữ Anh
118150,NQH,ngon-ngu-anh,D01,Điểm thi THPT,2025,26.38,Ngôn ngữ Anh (Thí sinh Nam)
118151,NQH,ngon-ngu-nga,D01,Điểm thi THPT,2021,29.3,Ngôn ngữ Nga
118152,NQH,ngon-ngu-nga,D02,Điểm thi THPT,2021,29.3,Ngôn ngữ Nga
118153,NQH,ngon-ngu-nga,D01,Điểm thi THPT,2022,25.75,Ngôn ngữ Nga
118154,NQH,ngon-ngu-nga,D02,Điểm thi THPT,2022,25.75,Ngôn ngữ Nga
118155,NQH,ngon-ngu-nga,D01,Điểm thi THPT,2023,26.38,Ngôn ngữ Nga
118156,NQH,ngon-ngu-nga,D02,Điểm thi THPT,2023,26.38,Ngôn ngữ Nga
118157,NQH,ngon-ngu-nga,D01,Điểm học bạ,2024,27.68,Ngôn ngữ Nga
118158,NQH,ngon-ngu-nga,D02,Điểm học bạ,2024,27.68,Ngôn ngữ Nga
118159,NQH,ngon-ngu-nga,D01,Điểm thi THPT,2024,27.17,Ngôn ngữ Nga
118160,NQH,ngon-ngu-nga,D02,Điểm thi THPT,2024,27.17,Ngôn ngữ Nga
118161,NQH,ngon-ngu-nga,D01,Điểm thi THPT,2025,24.19,Ngôn ngữ Nga (Thí sinh Nam)
118162,NQH,ngon-ngu-nga,D02,Điểm thi THPT,2025,24.19,Ngôn ngữ Nga (Thí sinh Nam)
118163,NQH,ngon-ngu-trung-quoc,D01,Điểm thi THPT,2021,26.65,Ngôn ngữ Trung Quốc
118164,NQH,ngon-ngu-trung-quoc,D04,Điểm thi THPT,2021,26.65,Ngôn ngữ Trung Quốc
118165,NQH,ngon-ngu-trung-quoc,D01,Điểm thi THPT,2022,26.04,Ngôn ngữ Trung Quốc
118166,NQH,ngon-ngu-trung-quoc,D04,Điểm thi THPT,2022,26.04,Ngôn ngữ Trung Quốc
118167,NQH,ngon-ngu-trung-quoc,D01,Điểm học bạ,2023,26.34,Ngôn ngữ Trung Quốc
118168,NQH,ngon-ngu-trung-quoc,D04,Điểm học bạ,2023,26.34,Ngôn ngữ Trung Quốc
118169,NQH,ngon-ngu-trung-quoc,D01,Điểm thi THPT,2023,27.97,Ngôn ngữ Trung Quốc
118170,NQH,ngon-ngu-trung-quoc,D04,Điểm thi THPT,2023,27.97,Ngôn ngữ Trung Quốc
118171,NQH,ngon-ngu-trung-quoc,D01,Điểm học bạ,2024,27.68,Ngôn ngữ Trung Quốc
118172,NQH,ngon-ngu-trung-quoc,D04,Điểm học bạ,2024,27.68,Ngôn ngữ Trung Quốc
118173,NQH,ngon-ngu-trung-quoc,D01,Điểm thi THPT,2024,28.22,Ngôn ngữ Trung Quốc
118174,NQH,ngon-ngu-trung-quoc,D04,Điểm thi THPT,2024,28.22,Ngôn ngữ Trung Quốc
118175,NQH,ngon-ngu-trung-quoc,D01,Điểm thi THPT,2025,24.68,Ngôn ngữ Trung Quốc (Thí sinh Nam)
118176,NQH,ngon-ngu-trung-quoc,D04,Điểm thi THPT,2025,24.68,Ngôn ngữ Trung Quốc (Thí sinh Nam)
118177,NQH,quan-he-quoc-te,D01,Điểm thi THPT,2022,24.79,Quan hệ Quốc tế
118178,NQH,quan-he-quoc-te,D01,Điểm học bạ,2023,27.14,Quan hệ quốc tế
118179,NQH,quan-he-quoc-te,D01,Điểm thi THPT,2023,27.97,Quan hệ quốc tế
118180,NQH,quan-he-quoc-te,D01,Điểm học bạ,2024,27.22,Quan hệ quốc tế
118181,NQH,quan-he-quoc-te,D01,Điểm thi THPT,2024,27.72,Quan hệ quốc tế
118182,NQH,quan-he-quoc-te,D01,Điểm thi THPT,2025,27.35,Quan hệ quốc tế (Thí sinh Nam)
118183,NQH,trinh-sat-ky-thuat,A00,Điểm thi THPT,2021,24.75,Trinh sát kỹ thuật
118184,NQH,trinh-sat-ky-thuat,A01,Điểm thi THPT,2021,24.75,Trinh sát kỹ thuật
118185,NQH,trinh-sat-ky-thuat,A00,Điểm thi THPT,2022,23.85,Trinh sát kỹ thuật
118186,NQH,trinh-sat-ky-thuat,A01,Điểm thi THPT,2022,23.85,Trinh sát kỹ thuật
118187,NQH,trinh-sat-ky-thuat,A00,Điểm học bạ,2023,24.3,Trinh sát kỹ thuật
118188,NQH,trinh-sat-ky-thuat,A01,Điểm học bạ,2023,24.3,Trinh sát kỹ thuật
118189,NQH,trinh-sat-ky-thuat,A00,Điểm thi THPT,2023,24.25,Trinh sát kỹ thuật
118190,NQH,trinh-sat-ky-thuat,A01,Điểm thi THPT,2023,24.25,Trinh sát kỹ thuật
118191,NQH,trinh-sat-ky-thuat,A00,Điểm học bạ,2024,28.65,Trinh sát kỹ thuật
118192,NQH,trinh-sat-ky-thuat,A01,Điểm học bạ,2024,28.65,Trinh sát kỹ thuật
118193,NQH,trinh-sat-ky-thuat,A00,Điểm thi THPT,2024,24.5,Trinh sát kỹ thuật
118194,NQH,trinh-sat-ky-thuat,A01,Điểm thi THPT,2024,24.5,Trinh sát kỹ thuật
118195,NQH,trinh-sat-ky-thuat,A00,Điểm thi THPT,2025,26.5,"Trinh sát kỹ thuật (Thí sinh Nam, miền Bắc)"
118196,NQH,trinh-sat-ky-thuat,A01,Điểm thi THPT,2025,26.5,"Trinh sát kỹ thuật (Thí sinh Nam, miền Bắc)"
118197,NTH,chuong-trinh-clc-kinh-doanh-quoc-te,A00,Điểm thi THPT,2024,28.1,Chương trình CLC Kinh doanh quốc tế
118198,NTH,chuong-trinh-clc-kinh-doanh-quoc-te,A01,Điểm thi THPT,2024,27.6,Chương trình CLC Kinh doanh quốc tế
118199,NTH,chuong-trinh-clc-kinh-doanh-quoc-te,D01,Điểm thi THPT,2024,27.6,Chương trình CLC Kinh doanh quốc tế
118200,NTH,chuong-trinh-clc-kinh-doanh-quoc-te,D02,Điểm thi THPT,2024,27.6,Chương trình CLC Kinh doanh quốc tế
118201,NTH,chuong-trinh-clc-kinh-doanh-quoc-te,D03,Điểm thi THPT,2024,27.6,Chương trình CLC Kinh doanh quốc tế
118202,NTH,chuong-trinh-clc-kinh-doanh-quoc-te,D04,Điểm thi THPT,2024,27.6,Chương trình CLC Kinh doanh quốc tế
118203,NTH,chuong-trinh-clc-kinh-doanh-quoc-te,D06,Điểm thi THPT,2024,27.6,Chương trình CLC Kinh doanh quốc tế
118204,NTH,chuong-trinh-clc-kinh-doanh-quoc-te,D07,Điểm thi THPT,2024,27.6,Chương trình CLC Kinh doanh quốc tế
118205,NTH,chuong-trinh-clc-kinh-te-doi-ngoai,A00,Điểm thi THPT,2024,28.0,Chương trình CLC Kinh tế đối ngoại
118206,NTH,chuong-trinh-clc-kinh-te-doi-ngoai,A01,Điểm thi THPT,2024,27.5,Chương trình CLC Kinh tế đối ngoại
118207,NTH,chuong-trinh-clc-kinh-te-doi-ngoai,D01,Điểm thi THPT,2024,27.5,Chương trình CLC Kinh tế đối ngoại
118208,NTH,chuong-trinh-clc-kinh-te-doi-ngoai,D02,Điểm thi THPT,2024,27.5,Chương trình CLC Kinh tế đối ngoại
118209,NTH,chuong-trinh-clc-kinh-te-doi-ngoai,D03,Điểm thi THPT,2024,27.5,Chương trình CLC Kinh tế đối ngoại
118210,NTH,chuong-trinh-clc-kinh-te-doi-ngoai,D04,Điểm thi THPT,2024,27.5,Chương trình CLC Kinh tế đối ngoại
118211,NTH,chuong-trinh-clc-kinh-te-doi-ngoai,D06,Điểm thi THPT,2024,27.5,Chương trình CLC Kinh tế đối ngoại
118212,NTH,chuong-trinh-clc-kinh-te-doi-ngoai,D07,Điểm thi THPT,2024,27.5,Chương trình CLC Kinh tế đối ngoại
118213,NTH,chuong-trinh-clc-kinh-te-quoc-te,A00,Điểm thi THPT,2024,28.0,Chương trình CLC Kinh tế quốc tế
118214,NTH,chuong-trinh-clc-kinh-te-quoc-te,A01,Điểm thi THPT,2024,27.5,Chương trình CLC Kinh tế quốc tế
118215,NTH,chuong-trinh-clc-kinh-te-quoc-te,D01,Điểm thi THPT,2024,27.5,Chương trình CLC Kinh tế quốc tế
118216,NTH,chuong-trinh-clc-kinh-te-quoc-te,D02,Điểm thi THPT,2024,27.5,Chương trình CLC Kinh tế quốc tế
118217,NTH,chuong-trinh-clc-kinh-te-quoc-te,D03,Điểm thi THPT,2024,27.5,Chương trình CLC Kinh tế quốc tế
118218,NTH,chuong-trinh-clc-kinh-te-quoc-te,D04,Điểm thi THPT,2024,27.5,Chương trình CLC Kinh tế quốc tế
118219,NTH,chuong-trinh-clc-kinh-te-quoc-te,D06,Điểm thi THPT,2024,27.5,Chương trình CLC Kinh tế quốc tế
118220,NTH,chuong-trinh-clc-kinh-te-quoc-te,D07,Điểm thi THPT,2024,27.5,Chương trình CLC Kinh tế quốc tế
118221,NTH,chuong-trinh-clc-ngan-hang-va-tai-chinh-quoc-te,A00,Điểm thi THPT,2024,27.8,Chương trình CLC Ngân hàng và Tài chính quốc tế
118222,NTH,chuong-trinh-clc-ngan-hang-va-tai-chinh-quoc-te,A01,Điểm thi THPT,2024,27.3,Chương trình CLC Ngân hàng và Tài chính quốc tế
118223,NTH,chuong-trinh-clc-ngan-hang-va-tai-chinh-quoc-te,D01,Điểm thi THPT,2024,27.3,Chương trình CLC Ngân hàng và Tài chính quốc tế
118224,NTH,chuong-trinh-clc-ngan-hang-va-tai-chinh-quoc-te,D02,Điểm thi THPT,2024,27.3,Chương trình CLC Ngân hàng và Tài chính quốc tế
118225,NTH,chuong-trinh-clc-ngan-hang-va-tai-chinh-quoc-te,D03,Điểm thi THPT,2024,27.3,Chương trình CLC Ngân hàng và Tài chính quốc tế
118226,NTH,chuong-trinh-clc-ngan-hang-va-tai-chinh-quoc-te,D04,Điểm thi THPT,2024,27.3,Chương trình CLC Ngân hàng và Tài chính quốc tế
118227,NTH,chuong-trinh-clc-ngan-hang-va-tai-chinh-quoc-te,D06,Điểm thi THPT,2024,27.3,Chương trình CLC Ngân hàng và Tài chính quốc tế
118228,NTH,chuong-trinh-clc-ngan-hang-va-tai-chinh-quoc-te,D07,Điểm thi THPT,2024,27.3,Chương trình CLC Ngân hàng và Tài chính quốc tế
118229,NTH,chuong-trinh-clc-quan-tri-kinh-doanh-quoc-te,A00,Điểm thi THPT,2024,28.1,Chương trình CLC Quản trị kinh doanh quốc tế
118230,NTH,chuong-trinh-clc-quan-tri-kinh-doanh-quoc-te,A01,Điểm thi THPT,2024,27.6,Chương trình CLC Quản trị kinh doanh quốc tế
118231,NTH,chuong-trinh-clc-quan-tri-kinh-doanh-quoc-te,D01,Điểm thi THPT,2024,27.6,Chương trình CLC Quản trị kinh doanh quốc tế
118232,NTH,chuong-trinh-clc-quan-tri-kinh-doanh-quoc-te,D02,Điểm thi THPT,2024,27.6,Chương trình CLC Quản trị kinh doanh quốc tế
118233,NTH,chuong-trinh-clc-quan-tri-kinh-doanh-quoc-te,D03,Điểm thi THPT,2024,27.6,Chương trình CLC Quản trị kinh doanh quốc tế
118234,NTH,chuong-trinh-clc-quan-tri-kinh-doanh-quoc-te,D04,Điểm thi THPT,2024,27.6,Chương trình CLC Quản trị kinh doanh quốc tế
118235,NTH,chuong-trinh-clc-quan-tri-kinh-doanh-quoc-te,D06,Điểm thi THPT,2024,27.6,Chương trình CLC Quản trị kinh doanh quốc tế
118236,NTH,chuong-trinh-clc-quan-tri-kinh-doanh-quoc-te,D07,Điểm thi THPT,2024,27.6,Chương trình CLC Quản trị kinh doanh quốc tế
118237,NTH,chuong-trinh-clc-tieng-anh-thuong-mai,D01,Điểm thi THPT,2024,27.0,Chương trình CLC Tiếng Anh Thương mại
118238,NTH,chuong-trinh-clc-tieng-phap-thuong-mai,D01,Điểm thi THPT,2024,26.0,Chương trình CLC Tiếng Pháp thương mại
118239,NTH,chuong-trinh-clc-tieng-phap-thuong-mai,D03,Điểm thi THPT,2024,25.25,Chương trình CLC Tiếng Pháp thương mại
118240,NTH,chuong-trinh-clc-tieng-trung-thuong-mai,D01,Điểm thi THPT,2024,28.5,Chương trình CLC Tiếng Trung Thương mại
118241,NTH,chuong-trinh-clc-tieng-trung-thuong-mai,D04,Điểm thi THPT,2024,27.75,Chương trình CLC Tiếng Trung Thương mại
118242,NTH,chuong-trinh-dhnnqt-ke-toan-kiem-toan-theo,A00,Điểm học bạ,2024,27.6,Chương trình ĐHNNQT Kế toán - Kiểm toán theo định hướng ACCA
118243,NTH,chuong-trinh-dhnnqt-ke-toan-kiem-toan-theo,A01,Điểm học bạ,2024,27.6,Chương trình ĐHNNQT Kế toán - Kiểm toán theo định hướng ACCA
118244,NTH,chuong-trinh-dhnnqt-ke-toan-kiem-toan-theo,D01,Điểm học bạ,2024,27.6,Chương trình ĐHNNQT Kế toán - Kiểm toán theo định hướng ACCA
118245,NTH,chuong-trinh-dhnnqt-ke-toan-kiem-toan-theo,D07,Điểm học bạ,2024,27.6,Chương trình ĐHNNQT Kế toán - Kiểm toán theo định hướng ACCA
118246,NTH,chuong-trinh-dhnnqt-ke-toan-kiem-toan-theo,A00,Điểm thi THPT,2024,27.8,Chương trình ĐHNNQT Kế toán - Kiểm toán theo định hướng ACCA
118247,NTH,chuong-trinh-dhnnqt-ke-toan-kiem-toan-theo,A01,Điểm thi THPT,2024,27.3,Chương trình ĐHNNQT Kế toán - Kiểm toán theo định hướng ACCA
118248,NTH,chuong-trinh-dhnnqt-ke-toan-kiem-toan-theo,D01,Điểm thi THPT,2024,27.3,Chương trình ĐHNNQT Kế toán - Kiểm toán theo định hướng ACCA
118249,NTH,chuong-trinh-dhnnqt-ke-toan-kiem-toan-theo,D02,Điểm thi THPT,2024,27.3,Chương trình ĐHNNQT Kế toán - Kiểm toán theo định hướng ACCA
118250,NTH,chuong-trinh-dhnnqt-ke-toan-kiem-toan-theo,D03,Điểm thi THPT,2024,27.3,Chương trình ĐHNNQT Kế toán - Kiểm toán theo định hướng ACCA
118251,NTH,chuong-trinh-dhnnqt-ke-toan-kiem-toan-theo,D04,Điểm thi THPT,2024,27.3,Chương trình ĐHNNQT Kế toán - Kiểm toán theo định hướng ACCA
118252,NTH,chuong-trinh-dhnnqt-ke-toan-kiem-toan-theo,D06,Điểm thi THPT,2024,27.3,Chương trình ĐHNNQT Kế toán - Kiểm toán theo định hướng ACCA
118253,NTH,chuong-trinh-dhnnqt-ke-toan-kiem-toan-theo,D07,Điểm thi THPT,2024,27.3,Chương trình ĐHNNQT Kế toán - Kiểm toán theo định hướng ACCA
118254,NTH,chuong-trinh-dhnnqt-khoa-hoc-may-tinh-va-du-lieu-trong-kinh-te-va-kinh-doanh,A00,Điểm học bạ,2024,30.3,Chương trình ĐHNNQT Khoa học máy tính và dữ liệu trong kinh tế và kinh doanh
118255,NTH,chuong-trinh-dhnnqt-khoa-hoc-may-tinh-va-du-lieu-trong-kinh-te-va-kinh-doanh,A01,Điểm học bạ,2024,30.3,Chương trình ĐHNNQT Khoa học máy tính và dữ liệu trong kinh tế và kinh doanh
118256,NTH,chuong-trinh-dhnnqt-khoa-hoc-may-tinh-va-du-lieu-trong-kinh-te-va-kinh-doanh,D01,Điểm học bạ,2024,30.3,Chương trình ĐHNNQT Khoa học máy tính và dữ liệu trong kinh tế và kinh doanh
118257,NTH,chuong-trinh-dhnnqt-khoa-hoc-may-tinh-va-du-lieu-trong-kinh-te-va-kinh-doanh,D07,Điểm học bạ,2024,30.3,Chương trình ĐHNNQT Khoa học máy tính và dữ liệu trong kinh tế và kinh doanh
118258,NTH,chuong-trinh-dhnnqt-khoa-hoc-may-tinh-va-du-lieu-trong-kinh-te-va-kinh-doanh,A00,Điểm thi THPT,2024,27.2,Chương trình ĐHNNQT Khoa học máy tính và dữ liệu trong kinh tế và kinh doanh
118259,NTH,chuong-trinh-dhnnqt-khoa-hoc-may-tinh-va-du-lieu-trong-kinh-te-va-kinh-doanh,A01,Điểm thi THPT,2024,27.2,Chương trình ĐHNNQT Khoa học máy tính và dữ liệu trong kinh tế và kinh doanh
118260,NTH,chuong-trinh-dhnnqt-khoa-hoc-may-tinh-va-du-lieu-trong-kinh-te-va-kinh-doanh,D07,Điểm thi THPT,2024,27.2,Chương trình ĐHNNQT Khoa học máy tính và dữ liệu trong kinh tế và kinh doanh
118261,NTH,chuong-trinh-dhnnqt-kinh-doanh-quoc-te-theo-mo-hinh-tien-tien-nhat-ban,A00,Điểm học bạ,2024,28.0,Chương trình ĐHNNQT Kinh doanh quốc tế theo mô hình tiên tiến Nhật Bản
118262,NTH,chuong-trinh-dhnnqt-kinh-doanh-quoc-te-theo-mo-hinh-tien-tien-nhat-ban,A01,Điểm học bạ,2024,28.0,Chương trình ĐHNNQT Kinh doanh quốc tế theo mô hình tiên tiến Nhật Bản
118263,NTH,chuong-trinh-dhnnqt-kinh-doanh-quoc-te-theo-mo-hinh-tien-tien-nhat-ban,D01,Điểm học bạ,2024,28.0,Chương trình ĐHNNQT Kinh doanh quốc tế theo mô hình tiên tiến Nhật Bản
118264,NTH,chuong-trinh-dhnnqt-kinh-doanh-quoc-te-theo-mo-hinh-tien-tien-nhat-ban,D06,Điểm học bạ,2024,28.0,Chương trình ĐHNNQT Kinh doanh quốc tế theo mô hình tiên tiến Nhật Bản
118265,NTH,chuong-trinh-dhnnqt-kinh-doanh-quoc-te-theo-mo-hinh-tien-tien-nhat-ban,D07,Điểm học bạ,2024,28.0,Chương trình ĐHNNQT Kinh doanh quốc tế theo mô hình tiên tiến Nhật Bản
118266,NTH,chuong-trinh-dhnnqt-kinh-doanh-quoc-te-theo-mo-hinh-tien-tien-nhat-ban,A00,Điểm thi THPT,2024,28.1,Chương trình ĐHNNQT Kinh doanh quốc tế theo mô hình tiên tiến Nhật Bản
118267,NTH,chuong-trinh-dhnnqt-kinh-doanh-quoc-te-theo-mo-hinh-tien-tien-nhat-ban,A01,Điểm thi THPT,2024,27.6,Chương trình ĐHNNQT Kinh doanh quốc tế theo mô hình tiên tiến Nhật Bản
118268,NTH,chuong-trinh-dhnnqt-kinh-doanh-quoc-te-theo-mo-hinh-tien-tien-nhat-ban,D01,Điểm thi THPT,2024,27.6,Chương trình ĐHNNQT Kinh doanh quốc tế theo mô hình tiên tiến Nhật Bản
118269,NTH,chuong-trinh-dhnnqt-kinh-doanh-quoc-te-theo-mo-hinh-tien-tien-nhat-ban,D02,Điểm thi THPT,2024,27.6,Chương trình ĐHNNQT Kinh doanh quốc tế theo mô hình tiên tiến Nhật Bản
118270,NTH,chuong-trinh-dhnnqt-kinh-doanh-quoc-te-theo-mo-hinh-tien-tien-nhat-ban,D03,Điểm thi THPT,2024,27.6,Chương trình ĐHNNQT Kinh doanh quốc tế theo mô hình tiên tiến Nhật Bản
118271,NTH,chuong-trinh-dhnnqt-kinh-doanh-quoc-te-theo-mo-hinh-tien-tien-nhat-ban,D04,Điểm thi THPT,2024,27.6,Chương trình ĐHNNQT Kinh doanh quốc tế theo mô hình tiên tiến Nhật Bản
118272,NTH,chuong-trinh-dhnnqt-kinh-doanh-quoc-te-theo-mo-hinh-tien-tien-nhat-ban,D06,Điểm thi THPT,2024,27.6,Chương trình ĐHNNQT Kinh doanh quốc tế theo mô hình tiên tiến Nhật Bản
118273,NTH,chuong-trinh-dhnnqt-kinh-doanh-quoc-te-theo-mo-hinh-tien-tien-nhat-ban,D07,Điểm thi THPT,2024,27.6,Chương trình ĐHNNQT Kinh doanh quốc tế theo mô hình tiên tiến Nhật Bản
118274,NTH,chuong-trinh-dhnnqt-kinh-doanh-so,A00,Điểm học bạ,2024,27.0,Chương trình ĐHNNQT Kinh doanh số
118275,NTH,chuong-trinh-dhnnqt-kinh-doanh-so,A01,Điểm học bạ,2024,27.0,Chương trình ĐHNNQT Kinh doanh số
118276,NTH,chuong-trinh-dhnnqt-kinh-doanh-so,D01,Điểm học bạ,2024,27.0,Chương trình ĐHNNQT Kinh doanh số
118277,NTH,chuong-trinh-dhnnqt-kinh-doanh-so,D07,Điểm học bạ,2024,27.0,Chương trình ĐHNNQT Kinh doanh số
118278,NTH,chuong-trinh-dhnnqt-kinh-doanh-so,A00,Điểm thi THPT,2024,28.1,Chương trình ĐHNNQT Kinh doanh số
118279,NTH,chuong-trinh-dhnnqt-kinh-doanh-so,A01,Điểm thi THPT,2024,27.6,Chương trình ĐHNNQT Kinh doanh số
118280,NTH,chuong-trinh-dhnnqt-kinh-doanh-so,D01,Điểm thi THPT,2024,27.6,Chương trình ĐHNNQT Kinh doanh số
118281,NTH,chuong-trinh-dhnnqt-kinh-doanh-so,D02,Điểm thi THPT,2024,27.6,Chương trình ĐHNNQT Kinh doanh số
118282,NTH,chuong-trinh-dhnnqt-kinh-doanh-so,D03,Điểm thi THPT,2024,27.6,Chương trình ĐHNNQT Kinh doanh số
118283,NTH,chuong-trinh-dhnnqt-kinh-doanh-so,D04,Điểm thi THPT,2024,27.6,Chương trình ĐHNNQT Kinh doanh số
118284,NTH,chuong-trinh-dhnnqt-kinh-doanh-so,D06,Điểm thi THPT,2024,27.6,Chương trình ĐHNNQT Kinh doanh số
118285,NTH,chuong-trinh-dhnnqt-kinh-doanh-so,D07,Điểm thi THPT,2024,27.6,Chương trình ĐHNNQT Kinh doanh số
118286,NTH,chuong-trinh-dhnnqt-logistics-va-quan-ly-chuoi-cung-ung,A00,Điểm học bạ,2024,29.0,Chương trình ĐHNNQT Logistics và Quản lý chuỗi cung ứng
118287,NTH,chuong-trinh-dhnnqt-logistics-va-quan-ly-chuoi-cung-ung,A01,Điểm học bạ,2024,29.0,Chương trình ĐHNNQT Logistics và Quản lý chuỗi cung ứng
118288,NTH,chuong-trinh-dhnnqt-logistics-va-quan-ly-chuoi-cung-ung,D01,Điểm học bạ,2024,29.0,Chương trình ĐHNNQT Logistics và Quản lý chuỗi cung ứng
118289,NTH,chuong-trinh-dhnnqt-logistics-va-quan-ly-chuoi-cung-ung,D07,Điểm học bạ,2024,29.0,Chương trình ĐHNNQT Logistics và Quản lý chuỗi cung ứng
118290,NTH,chuong-trinh-dhnnqt-logistics-va-quan-ly-chuoi-cung-ung,A00,Điểm thi THPT,2024,28.1,Chương trình ĐHNNQT Logistics và Quản lý chuỗi cung ứng
118291,NTH,chuong-trinh-dhnnqt-logistics-va-quan-ly-chuoi-cung-ung,A01,Điểm thi THPT,2024,27.6,Chương trình ĐHNNQT Logistics và Quản lý chuỗi cung ứng
118292,NTH,chuong-trinh-dhnnqt-logistics-va-quan-ly-chuoi-cung-ung,D01,Điểm thi THPT,2024,27.6,Chương trình ĐHNNQT Logistics và Quản lý chuỗi cung ứng
118293,NTH,chuong-trinh-dhnnqt-logistics-va-quan-ly-chuoi-cung-ung,D02,Điểm thi THPT,2024,27.6,Chương trình ĐHNNQT Logistics và Quản lý chuỗi cung ứng
118294,NTH,chuong-trinh-dhnnqt-logistics-va-quan-ly-chuoi-cung-ung,D03,Điểm thi THPT,2024,27.6,Chương trình ĐHNNQT Logistics và Quản lý chuỗi cung ứng
118295,NTH,chuong-trinh-dhnnqt-logistics-va-quan-ly-chuoi-cung-ung,D04,Điểm thi THPT,2024,27.6,Chương trình ĐHNNQT Logistics và Quản lý chuỗi cung ứng
118296,NTH,chuong-trinh-dhnnqt-logistics-va-quan-ly-chuoi-cung-ung,D06,Điểm thi THPT,2024,27.6,Chương trình ĐHNNQT Logistics và Quản lý chuỗi cung ứng
118297,NTH,chuong-trinh-dhnnqt-logistics-va-quan-ly-chuoi-cung-ung,D07,Điểm thi THPT,2024,27.6,Chương trình ĐHNNQT Logistics và Quản lý chuỗi cung ứng
118298,NTH,chuong-trinh-dhnnqt-luat-kinh-doanh-quoc-te-theo-mo-hinh-thuc-hanh-nghe-nghiep,A00,Điểm học bạ,2024,28.2,Chương trình ĐHNNQT Luật Kinh doanh quốc tế theo mô hình thực hành nghề nghiệp
118299,NTH,chuong-trinh-dhnnqt-luat-kinh-doanh-quoc-te-theo-mo-hinh-thuc-hanh-nghe-nghiep,A01,Điểm học bạ,2024,28.2,Chương trình ĐHNNQT Luật Kinh doanh quốc tế theo mô hình thực hành nghề nghiệp
118300,NTH,chuong-trinh-dhnnqt-luat-kinh-doanh-quoc-te-theo-mo-hinh-thuc-hanh-nghe-nghiep,D01,Điểm học bạ,2024,28.2,Chương trình ĐHNNQT Luật Kinh doanh quốc tế theo mô hình thực hành nghề nghiệp
118301,NTH,chuong-trinh-dhnnqt-luat-kinh-doanh-quoc-te-theo-mo-hinh-thuc-hanh-nghe-nghiep,D07,Điểm học bạ,2024,28.2,Chương trình ĐHNNQT Luật Kinh doanh quốc tế theo mô hình thực hành nghề nghiệp
118302,NTH,chuong-trinh-dhnnqt-luat-kinh-doanh-quoc-te-theo-mo-hinh-thuc-hanh-nghe-nghiep,A00,Điểm thi THPT,2024,27.5,Chương trình ĐHNNQT Luật Kinh doanh quốc tế theo mô hình thực hành nghề nghiệp
118303,NTH,chuong-trinh-dhnnqt-luat-kinh-doanh-quoc-te-theo-mo-hinh-thuc-hanh-nghe-nghiep,A01,Điểm thi THPT,2024,27.0,Chương trình ĐHNNQT Luật Kinh doanh quốc tế theo mô hình thực hành nghề nghiệp
118304,NTH,chuong-trinh-dhnnqt-luat-kinh-doanh-quoc-te-theo-mo-hinh-thuc-hanh-nghe-nghiep,D01,Điểm thi THPT,2024,27.0,Chương trình ĐHNNQT Luật Kinh doanh quốc tế theo mô hình thực hành nghề nghiệp
118305,NTH,chuong-trinh-dhnnqt-luat-kinh-doanh-quoc-te-theo-mo-hinh-thuc-hanh-nghe-nghiep,D02,Điểm thi THPT,2024,27.0,Chương trình ĐHNNQT Luật Kinh doanh quốc tế theo mô hình thực hành nghề nghiệp
118306,NTH,chuong-trinh-dhnnqt-luat-kinh-doanh-quoc-te-theo-mo-hinh-thuc-hanh-nghe-nghiep,D03,Điểm thi THPT,2024,27.0,Chương trình ĐHNNQT Luật Kinh doanh quốc tế theo mô hình thực hành nghề nghiệp
118307,NTH,chuong-trinh-dhnnqt-luat-kinh-doanh-quoc-te-theo-mo-hinh-thuc-hanh-nghe-nghiep,D04,Điểm thi THPT,2024,27.0,Chương trình ĐHNNQT Luật Kinh doanh quốc tế theo mô hình thực hành nghề nghiệp
118308,NTH,chuong-trinh-dhnnqt-luat-kinh-doanh-quoc-te-theo-mo-hinh-thuc-hanh-nghe-nghiep,D06,Điểm thi THPT,2024,27.0,Chương trình ĐHNNQT Luật Kinh doanh quốc tế theo mô hình thực hành nghề nghiệp
118309,NTH,chuong-trinh-dhnnqt-luat-kinh-doanh-quoc-te-theo-mo-hinh-thuc-hanh-nghe-nghiep,D07,Điểm thi THPT,2024,27.0,Chương trình ĐHNNQT Luật Kinh doanh quốc tế theo mô hình thực hành nghề nghiệp
118310,NTH,chuong-trinh-dhnnqt-marketing-so,A00,Điểm học bạ,2024,28.6,Chương trình ĐHNNQT Marketing số
118311,NTH,chuong-trinh-dhnnqt-marketing-so,A01,Điểm học bạ,2024,28.6,Chương trình ĐHNNQT Marketing số
118312,NTH,chuong-trinh-dhnnqt-marketing-so,D01,Điểm học bạ,2024,28.6,Chương trình ĐHNNQT Marketing số
118313,NTH,chuong-trinh-dhnnqt-marketing-so,D07,Điểm học bạ,2024,28.6,Chương trình ĐHNNQT Marketing số
118314,NTH,chuong-trinh-dhnnqt-marketing-so,A00,Điểm thi THPT,2024,28.1,Chương trình ĐHNNQT Marketing số
118315,NTH,chuong-trinh-dhnnqt-marketing-so,A01,Điểm thi THPT,2024,27.6,Chương trình ĐHNNQT Marketing số
118316,NTH,chuong-trinh-dhnnqt-marketing-so,D01,Điểm thi THPT,2024,27.6,Chương trình ĐHNNQT Marketing số
118317,NTH,chuong-trinh-dhnnqt-marketing-so,D02,Điểm thi THPT,2024,27.6,Chương trình ĐHNNQT Marketing số
118318,NTH,chuong-trinh-dhnnqt-marketing-so,D03,Điểm thi THPT,2024,27.6,Chương trình ĐHNNQT Marketing số
118319,NTH,chuong-trinh-dhnnqt-marketing-so,D04,Điểm thi THPT,2024,27.6,Chương trình ĐHNNQT Marketing số
118320,NTH,chuong-trinh-dhnnqt-marketing-so,D06,Điểm thi THPT,2024,27.6,Chương trình ĐHNNQT Marketing số
118321,NTH,chuong-trinh-dhnnqt-marketing-so,D07,Điểm thi THPT,2024,27.6,Chương trình ĐHNNQT Marketing số
118322,NTH,chuong-trinh-dhnnqt-quan-tri-khach-san,A00,Điểm học bạ,2024,29.0,Chương trình ĐHNNQT Quản trị khách sạn
118323,NTH,chuong-trinh-dhnnqt-quan-tri-khach-san,A01,Điểm học bạ,2024,29.0,Chương trình ĐHNNQT Quản trị khách sạn
118324,NTH,chuong-trinh-dhnnqt-quan-tri-khach-san,D01,Điểm học bạ,2024,29.0,Chương trình ĐHNNQT Quản trị khách sạn
118325,NTH,chuong-trinh-dhnnqt-quan-tri-khach-san,D07,Điểm học bạ,2024,29.0,Chương trình ĐHNNQT Quản trị khách sạn
118326,NTH,chuong-trinh-dhnnqt-quan-tri-khach-san,A00,Điểm thi THPT,2024,28.1,Chương trình ĐHNNQT Quản trị khách sạn
118327,NTH,chuong-trinh-dhnnqt-quan-tri-khach-san,A01,Điểm thi THPT,2024,27.6,Chương trình ĐHNNQT Quản trị khách sạn
118328,NTH,chuong-trinh-dhnnqt-quan-tri-khach-san,D01,Điểm thi THPT,2024,27.6,Chương trình ĐHNNQT Quản trị khách sạn
118329,NTH,chuong-trinh-dhnnqt-quan-tri-khach-san,D02,Điểm thi THPT,2024,27.6,Chương trình ĐHNNQT Quản trị khách sạn
118330,NTH,chuong-trinh-dhnnqt-quan-tri-khach-san,D03,Điểm thi THPT,2024,27.6,Chương trình ĐHNNQT Quản trị khách sạn
118331,NTH,chuong-trinh-dhnnqt-quan-tri-khach-san,D04,Điểm thi THPT,2024,27.6,Chương trình ĐHNNQT Quản trị khách sạn
118332,NTH,chuong-trinh-dhnnqt-quan-tri-khach-san,D06,Điểm thi THPT,2024,27.6,Chương trình ĐHNNQT Quản trị khách sạn
118333,NTH,chuong-trinh-dhnnqt-quan-tri-khach-san,D07,Điểm thi THPT,2024,27.6,Chương trình ĐHNNQT Quản trị khách sạn
118334,NTH,chuong-trinh-dhptqt-kinh-te-chinh-tri-quoc-te,A00,Điểm học bạ,2024,28.0,Chương trình ĐHPTQT Kinh tế chính trị quốc tế
118335,NTH,chuong-trinh-dhptqt-kinh-te-chinh-tri-quoc-te,A01,Điểm học bạ,2024,28.0,Chương trình ĐHPTQT Kinh tế chính trị quốc tế
118336,NTH,chuong-trinh-dhptqt-kinh-te-chinh-tri-quoc-te,D01,Điểm học bạ,2024,28.0,Chương trình ĐHPTQT Kinh tế chính trị quốc tế
118337,NTH,chuong-trinh-dhptqt-kinh-te-chinh-tri-quoc-te,D07,Điểm học bạ,2024,28.0,Chương trình ĐHPTQT Kinh tế chính trị quốc tế
118338,NTH,chuong-trinh-dhptqt-kinh-te-chinh-tri-quoc-te,A00,Điểm thi THPT,2024,27.2,Chương trình ĐHPTQT Kinh tế chính trị quốc tế
118339,NTH,chuong-trinh-dhptqt-kinh-te-chinh-tri-quoc-te,A01,Điểm thi THPT,2024,26.7,Chương trình ĐHPTQT Kinh tế chính trị quốc tế
118340,NTH,chuong-trinh-dhptqt-kinh-te-chinh-tri-quoc-te,D01,Điểm thi THPT,2024,26.7,Chương trình ĐHPTQT Kinh tế chính trị quốc tế
118341,NTH,chuong-trinh-dhptqt-kinh-te-chinh-tri-quoc-te,D07,Điểm thi THPT,2024,26.7,Chương trình ĐHPTQT Kinh tế chính trị quốc tế
118342,NTH,chuong-trinh-khoa-hoc-may-tinh-va-du-lieu-trong-kinh-te-va-kinh-doanh,A00,Điểm học bạ,2025,37.45,Chương trình Khoa học máy tính và dữ liệu trong kinh tế và kinh doanh
118343,NTH,chuong-trinh-khoa-hoc-may-tinh-va-du-lieu-trong-kinh-te-va-kinh-doanh,A01,Điểm học bạ,2025,37.45,Chương trình Khoa học máy tính và dữ liệu trong kinh tế và kinh doanh
118344,NTH,chuong-trinh-khoa-hoc-may-tinh-va-du-lieu-trong-kinh-te-va-kinh-doanh,D01,Điểm học bạ,2025,37.45,Chương trình Khoa học máy tính và dữ liệu trong kinh tế và kinh doanh
118345,NTH,chuong-trinh-khoa-hoc-may-tinh-va-du-lieu-trong-kinh-te-va-kinh-doanh,D07,Điểm học bạ,2025,37.45,Chương trình Khoa học máy tính và dữ liệu trong kinh tế và kinh doanh
118346,NTH,chuong-trinh-khoa-hoc-may-tinh-va-du-lieu-trong-kinh-te-va-kinh-doanh,A00,Điểm thi THPT,2025,36.4,Chương trình Khoa học máy tính và dữ liệu trong kinh tế và kinh doanh
118347,NTH,chuong-trinh-khoa-hoc-may-tinh-va-du-lieu-trong-kinh-te-va-kinh-doanh,A01,Điểm thi THPT,2025,35.4,Chương trình Khoa học máy tính và dữ liệu trong kinh tế và kinh doanh
118348,NTH,chuong-trinh-khoa-hoc-may-tinh-va-du-lieu-trong-kinh-te-va-kinh-doanh,D01,Điểm thi THPT,2025,35.4,Chương trình Khoa học máy tính và dữ liệu trong kinh tế và kinh doanh
118349,NTH,chuong-trinh-khoa-hoc-may-tinh-va-du-lieu-trong-kinh-te-va-kinh-doanh,D07,Điểm thi THPT,2025,35.4,Chương trình Khoa học máy tính và dữ liệu trong kinh tế và kinh doanh
118350,NTH,chuong-trinh-tien-tien-i-hons,A00,Điểm thi THPT,2024,28.1,Chương trình tiên tiến i-Hons hợp tác với Đại học Queensland về Kinh doanh quốc tế và Phân tích dữ liệu kinh doanh
118351,NTH,chuong-trinh-tien-tien-i-hons,A01,Điểm thi THPT,2024,27.6,Chương trình tiên tiến i-Hons hợp tác với Đại học Queensland về Kinh doanh quốc tế và Phân tích dữ liệu kinh doanh
118352,NTH,chuong-trinh-tien-tien-i-hons,D01,Điểm thi THPT,2024,27.6,Chương trình tiên tiến i-Hons hợp tác với Đại học Queensland về Kinh doanh quốc tế và Phân tích dữ liệu kinh doanh
118353,NTH,chuong-trinh-tien-tien-i-hons,D02,Điểm thi THPT,2024,27.6,Chương trình tiên tiến i-Hons hợp tác với Đại học Queensland về Kinh doanh quốc tế và Phân tích dữ liệu kinh doanh
118354,NTH,chuong-trinh-tien-tien-i-hons,D03,Điểm thi THPT,2024,27.6,Chương trình tiên tiến i-Hons hợp tác với Đại học Queensland về Kinh doanh quốc tế và Phân tích dữ liệu kinh doanh
118355,NTH,chuong-trinh-tien-tien-i-hons,D04,Điểm thi THPT,2024,27.6,Chương trình tiên tiến i-Hons hợp tác với Đại học Queensland về Kinh doanh quốc tế và Phân tích dữ liệu kinh doanh
118356,NTH,chuong-trinh-tien-tien-i-hons,D06,Điểm thi THPT,2024,27.6,Chương trình tiên tiến i-Hons hợp tác với Đại học Queensland về Kinh doanh quốc tế và Phân tích dữ liệu kinh doanh
118357,NTH,chuong-trinh-tien-tien-i-hons,D07,Điểm thi THPT,2024,27.6,Chương trình tiên tiến i-Hons hợp tác với Đại học Queensland về Kinh doanh quốc tế và Phân tích dữ liệu kinh doanh
118358,NTH,chuong-trinh-tien-tien-kinh-te-doi-ngoai,A00,Điểm thi THPT,2024,28.0,Chương trình tiên tiến Kinh tế đối ngoại
118359,NTH,chuong-trinh-tien-tien-kinh-te-doi-ngoai,A01,Điểm thi THPT,2024,27.5,Chương trình tiên tiến Kinh tế đối ngoại
118360,NTH,chuong-trinh-tien-tien-kinh-te-doi-ngoai,D01,Điểm thi THPT,2024,27.5,Chương trình tiên tiến Kinh tế đối ngoại
118361,NTH,chuong-trinh-tien-tien-kinh-te-doi-ngoai,D02,Điểm thi THPT,2024,27.5,Chương trình tiên tiến Kinh tế đối ngoại
118362,NTH,chuong-trinh-tien-tien-kinh-te-doi-ngoai,D03,Điểm thi THPT,2024,27.5,Chương trình tiên tiến Kinh tế đối ngoại
118363,NTH,chuong-trinh-tien-tien-kinh-te-doi-ngoai,D04,Điểm thi THPT,2024,27.5,Chương trình tiên tiến Kinh tế đối ngoại
118364,NTH,chuong-trinh-tien-tien-kinh-te-doi-ngoai,D06,Điểm thi THPT,2024,27.5,Chương trình tiên tiến Kinh tế đối ngoại
118365,NTH,chuong-trinh-tien-tien-kinh-te-doi-ngoai,D07,Điểm thi THPT,2024,27.5,Chương trình tiên tiến Kinh tế đối ngoại
118366,NTH,chuong-trinh-tien-tien-quan-tri-kinh-doanh-quoc-te,A00,Điểm thi THPT,2024,28.1,Chương trình tiên tiến Quản trị kinh doanh quốc tế
118367,NTH,chuong-trinh-tien-tien-quan-tri-kinh-doanh-quoc-te,A01,Điểm thi THPT,2024,27.6,Chương trình tiên tiến Quản trị kinh doanh quốc tế
118368,NTH,chuong-trinh-tien-tien-quan-tri-kinh-doanh-quoc-te,D01,Điểm thi THPT,2024,27.6,Chương trình tiên tiến Quản trị kinh doanh quốc tế
118369,NTH,chuong-trinh-tien-tien-quan-tri-kinh-doanh-quoc-te,D02,Điểm thi THPT,2024,27.6,Chương trình tiên tiến Quản trị kinh doanh quốc tế
118370,NTH,chuong-trinh-tien-tien-quan-tri-kinh-doanh-quoc-te,D03,Điểm thi THPT,2024,27.6,Chương trình tiên tiến Quản trị kinh doanh quốc tế
118371,NTH,chuong-trinh-tien-tien-quan-tri-kinh-doanh-quoc-te,D04,Điểm thi THPT,2024,27.6,Chương trình tiên tiến Quản trị kinh doanh quốc tế
118372,NTH,chuong-trinh-tien-tien-quan-tri-kinh-doanh-quoc-te,D06,Điểm thi THPT,2024,27.6,Chương trình tiên tiến Quản trị kinh doanh quốc tế
118373,NTH,chuong-trinh-tien-tien-quan-tri-kinh-doanh-quoc-te,D07,Điểm thi THPT,2024,27.6,Chương trình tiên tiến Quản trị kinh doanh quốc tế
118374,NTH,chuong-trinh-tien-tien-tai-chinh-ngan-hang,A00,Điểm thi THPT,2024,27.8,Chương trình tiên tiến Tài chính - Ngân hàng
118375,NTH,chuong-trinh-tien-tien-tai-chinh-ngan-hang,A01,Điểm thi THPT,2024,27.3,Chương trình tiên tiến Tài chính - Ngân hàng
118376,NTH,chuong-trinh-tien-tien-tai-chinh-ngan-hang,D01,Điểm thi THPT,2024,27.3,Chương trình tiên tiến Tài chính - Ngân hàng
118377,NTH,chuong-trinh-tien-tien-tai-chinh-ngan-hang,D02,Điểm thi THPT,2024,27.3,Chương trình tiên tiến Tài chính - Ngân hàng
118378,NTH,chuong-trinh-tien-tien-tai-chinh-ngan-hang,D03,Điểm thi THPT,2024,27.3,Chương trình tiên tiến Tài chính - Ngân hàng
118379,NTH,chuong-trinh-tien-tien-tai-chinh-ngan-hang,D04,Điểm thi THPT,2024,27.3,Chương trình tiên tiến Tài chính - Ngân hàng
118380,NTH,chuong-trinh-tien-tien-tai-chinh-ngan-hang,D06,Điểm thi THPT,2024,27.3,Chương trình tiên tiến Tài chính - Ngân hàng
118381,NTH,chuong-trinh-tien-tien-tai-chinh-ngan-hang,D07,Điểm thi THPT,2024,27.3,Chương trình tiên tiến Tài chính - Ngân hàng
118382,NTH,chuong-trinh-tieu-chuan-ke-toan-kiem-toan,A00,Điểm học bạ,2024,27.0,Chương trình tiêu chuẩn Kế toán - Kiểm toán
118383,NTH,chuong-trinh-tieu-chuan-ke-toan-kiem-toan,A01,Điểm học bạ,2024,27.0,Chương trình tiêu chuẩn Kế toán - Kiểm toán
118384,NTH,chuong-trinh-tieu-chuan-ke-toan-kiem-toan,D01,Điểm học bạ,2024,27.0,Chương trình tiêu chuẩn Kế toán - Kiểm toán
118385,NTH,chuong-trinh-tieu-chuan-ke-toan-kiem-toan,D07,Điểm học bạ,2024,27.0,Chương trình tiêu chuẩn Kế toán - Kiểm toán
118386,NTH,chuong-trinh-tieu-chuan-ke-toan-kiem-toan,A00,Điểm thi THPT,2024,27.8,Chương trình tiêu chuẩn Kế toán - Kiểm toán
118387,NTH,chuong-trinh-tieu-chuan-ke-toan-kiem-toan,A01,Điểm thi THPT,2024,27.3,Chương trình tiêu chuẩn Kế toán - Kiểm toán
118388,NTH,chuong-trinh-tieu-chuan-ke-toan-kiem-toan,D01,Điểm thi THPT,2024,27.3,Chương trình tiêu chuẩn Kế toán - Kiểm toán
118389,NTH,chuong-trinh-tieu-chuan-ke-toan-kiem-toan,D02,Điểm thi THPT,2024,27.3,Chương trình tiêu chuẩn Kế toán - Kiểm toán
118390,NTH,chuong-trinh-tieu-chuan-ke-toan-kiem-toan,D03,Điểm thi THPT,2024,27.3,Chương trình tiêu chuẩn Kế toán - Kiểm toán
118391,NTH,chuong-trinh-tieu-chuan-ke-toan-kiem-toan,D04,Điểm thi THPT,2024,27.3,Chương trình tiêu chuẩn Kế toán - Kiểm toán
118392,NTH,chuong-trinh-tieu-chuan-ke-toan-kiem-toan,D06,Điểm thi THPT,2024,27.3,Chương trình tiêu chuẩn Kế toán - Kiểm toán
118393,NTH,chuong-trinh-tieu-chuan-ke-toan-kiem-toan,D07,Điểm thi THPT,2024,27.3,Chương trình tiêu chuẩn Kế toán - Kiểm toán
118394,NTH,chuong-trinh-tieu-chuan-kinh-doanh-quoc-te,A00,Điểm học bạ,2024,27.0,Chương trình tiêu chuẩn Kinh doanh quốc tế
118395,NTH,chuong-trinh-tieu-chuan-kinh-doanh-quoc-te,A01,Điểm học bạ,2024,27.0,Chương trình tiêu chuẩn Kinh doanh quốc tế
118396,NTH,chuong-trinh-tieu-chuan-kinh-doanh-quoc-te,D01,Điểm học bạ,2024,27.0,Chương trình tiêu chuẩn Kinh doanh quốc tế
118397,NTH,chuong-trinh-tieu-chuan-kinh-doanh-quoc-te,D07,Điểm học bạ,2024,27.0,Chương trình tiêu chuẩn Kinh doanh quốc tế
118398,NTH,chuong-trinh-tieu-chuan-kinh-doanh-quoc-te,A00,Điểm thi THPT,2024,28.1,Chương trình tiêu chuẩn Kinh doanh quốc tế
118399,NTH,chuong-trinh-tieu-chuan-kinh-doanh-quoc-te,A01,Điểm thi THPT,2024,27.6,Chương trình tiêu chuẩn Kinh doanh quốc tế
118400,NTH,chuong-trinh-tieu-chuan-kinh-doanh-quoc-te,D01,Điểm thi THPT,2024,27.6,Chương trình tiêu chuẩn Kinh doanh quốc tế
118401,NTH,chuong-trinh-tieu-chuan-kinh-doanh-quoc-te,D02,Điểm thi THPT,2024,27.6,Chương trình tiêu chuẩn Kinh doanh quốc tế
118402,NTH,chuong-trinh-tieu-chuan-kinh-doanh-quoc-te,D03,Điểm thi THPT,2024,27.6,Chương trình tiêu chuẩn Kinh doanh quốc tế
118403,NTH,chuong-trinh-tieu-chuan-kinh-doanh-quoc-te,D04,Điểm thi THPT,2024,27.6,Chương trình tiêu chuẩn Kinh doanh quốc tế
118404,NTH,chuong-trinh-tieu-chuan-kinh-doanh-quoc-te,D06,Điểm thi THPT,2024,27.6,Chương trình tiêu chuẩn Kinh doanh quốc tế
118405,NTH,chuong-trinh-tieu-chuan-kinh-doanh-quoc-te,D07,Điểm thi THPT,2024,27.6,Chương trình tiêu chuẩn Kinh doanh quốc tế
118406,NTH,chuong-trinh-tieu-chuan-kinh-te-doi-ngoai,A00,Điểm học bạ,2024,30.3,Chương trình tiêu chuẩn Kinh tế đối ngoại
118407,NTH,chuong-trinh-tieu-chuan-kinh-te-doi-ngoai,A01,Điểm học bạ,2024,30.3,Chương trình tiêu chuẩn Kinh tế đối ngoại
118408,NTH,chuong-trinh-tieu-chuan-kinh-te-doi-ngoai,D01,Điểm học bạ,2024,30.3,Chương trình tiêu chuẩn Kinh tế đối ngoại
118409,NTH,chuong-trinh-tieu-chuan-kinh-te-doi-ngoai,D02,Điểm học bạ,2024,30.3,Chương trình tiêu chuẩn Kinh tế đối ngoại
118410,NTH,chuong-trinh-tieu-chuan-kinh-te-doi-ngoai,D03,Điểm học bạ,2024,30.3,Chương trình tiêu chuẩn Kinh tế đối ngoại
118411,NTH,chuong-trinh-tieu-chuan-kinh-te-doi-ngoai,D04,Điểm học bạ,2024,30.3,Chương trình tiêu chuẩn Kinh tế đối ngoại
118412,NTH,chuong-trinh-tieu-chuan-kinh-te-doi-ngoai,D06,Điểm học bạ,2024,30.3,Chương trình tiêu chuẩn Kinh tế đối ngoại
118413,NTH,chuong-trinh-tieu-chuan-kinh-te-doi-ngoai,D07,Điểm học bạ,2024,30.3,Chương trình tiêu chuẩn Kinh tế đối ngoại
118414,NTH,chuong-trinh-tieu-chuan-kinh-te-doi-ngoai,A00,Điểm thi THPT,2024,28.0,Chương trình tiêu chuẩn Kinh tế đối ngoại
118415,NTH,chuong-trinh-tieu-chuan-kinh-te-doi-ngoai,A01,Điểm thi THPT,2024,27.5,Chương trình tiêu chuẩn Kinh tế đối ngoại
118416,NTH,chuong-trinh-tieu-chuan-kinh-te-doi-ngoai,D01,Điểm thi THPT,2024,27.5,Chương trình tiêu chuẩn Kinh tế đối ngoại
118417,NTH,chuong-trinh-tieu-chuan-kinh-te-doi-ngoai,D02,Điểm thi THPT,2024,27.5,Chương trình tiêu chuẩn Kinh tế đối ngoại
118418,NTH,chuong-trinh-tieu-chuan-kinh-te-doi-ngoai,D03,Điểm thi THPT,2024,27.5,Chương trình tiêu chuẩn Kinh tế đối ngoại
118419,NTH,chuong-trinh-tieu-chuan-kinh-te-doi-ngoai,D04,Điểm thi THPT,2024,27.5,Chương trình tiêu chuẩn Kinh tế đối ngoại
118420,NTH,chuong-trinh-tieu-chuan-kinh-te-doi-ngoai,D06,Điểm thi THPT,2024,27.5,Chương trình tiêu chuẩn Kinh tế đối ngoại
118421,NTH,chuong-trinh-tieu-chuan-kinh-te-doi-ngoai,D07,Điểm thi THPT,2024,27.5,Chương trình tiêu chuẩn Kinh tế đối ngoại
118422,NTH,chuong-trinh-tieu-chuan-kinh-te-quoc-te,A00,Điểm học bạ,2024,30.2,Chương trình tiêu chuẩn Kinh tế quốc tế
118423,NTH,chuong-trinh-tieu-chuan-kinh-te-quoc-te,A01,Điểm học bạ,2024,30.2,Chương trình tiêu chuẩn Kinh tế quốc tế
118424,NTH,chuong-trinh-tieu-chuan-kinh-te-quoc-te,D01,Điểm học bạ,2024,30.2,Chương trình tiêu chuẩn Kinh tế quốc tế
118425,NTH,chuong-trinh-tieu-chuan-kinh-te-quoc-te,D03,Điểm học bạ,2024,30.2,Chương trình tiêu chuẩn Kinh tế quốc tế
118426,NTH,chuong-trinh-tieu-chuan-kinh-te-quoc-te,D07,Điểm học bạ,2024,30.2,Chương trình tiêu chuẩn Kinh tế quốc tế
118427,NTH,chuong-trinh-tieu-chuan-kinh-te-quoc-te,A00,Điểm thi THPT,2024,28.0,Chương trình tiêu chuẩn Kinh tế quốc tế
118428,NTH,chuong-trinh-tieu-chuan-kinh-te-quoc-te,A01,Điểm thi THPT,2024,27.5,Chương trình tiêu chuẩn Kinh tế quốc tế
118429,NTH,chuong-trinh-tieu-chuan-kinh-te-quoc-te,D01,Điểm thi THPT,2024,27.5,Chương trình tiêu chuẩn Kinh tế quốc tế
118430,NTH,chuong-trinh-tieu-chuan-kinh-te-quoc-te,D02,Điểm thi THPT,2024,27.5,Chương trình tiêu chuẩn Kinh tế quốc tế
118431,NTH,chuong-trinh-tieu-chuan-kinh-te-quoc-te,D03,Điểm thi THPT,2024,27.5,Chương trình tiêu chuẩn Kinh tế quốc tế
118432,NTH,chuong-trinh-tieu-chuan-kinh-te-quoc-te,D04,Điểm thi THPT,2024,27.5,Chương trình tiêu chuẩn Kinh tế quốc tế
118433,NTH,chuong-trinh-tieu-chuan-kinh-te-quoc-te,D06,Điểm thi THPT,2024,27.5,Chương trình tiêu chuẩn Kinh tế quốc tế
118434,NTH,chuong-trinh-tieu-chuan-kinh-te-quoc-te,D07,Điểm thi THPT,2024,27.5,Chương trình tiêu chuẩn Kinh tế quốc tế
118435,NTH,chuong-trinh-tieu-chuan-kinh-te-va-phat-trien-quoc-te,A00,Điểm học bạ,2024,30.2,Chương trình tiêu chuẩn Kinh tế và Phát triển quốc tế
118436,NTH,chuong-trinh-tieu-chuan-kinh-te-va-phat-trien-quoc-te,A01,Điểm học bạ,2024,30.2,Chương trình tiêu chuẩn Kinh tế và Phát triển quốc tế
118437,NTH,chuong-trinh-tieu-chuan-kinh-te-va-phat-trien-quoc-te,D01,Điểm học bạ,2024,30.2,Chương trình tiêu chuẩn Kinh tế và Phát triển quốc tế
118438,NTH,chuong-trinh-tieu-chuan-kinh-te-va-phat-trien-quoc-te,D03,Điểm học bạ,2024,30.2,Chương trình tiêu chuẩn Kinh tế và Phát triển quốc tế
118439,NTH,chuong-trinh-tieu-chuan-kinh-te-va-phat-trien-quoc-te,D07,Điểm học bạ,2024,30.2,Chương trình tiêu chuẩn Kinh tế và Phát triển quốc tế
118440,NTH,chuong-trinh-tieu-chuan-kinh-te-va-phat-trien-quoc-te,A00,Điểm thi THPT,2024,28.0,Chương trình tiêu chuẩn Kinh tế và Phát triển quốc tế
118441,NTH,chuong-trinh-tieu-chuan-kinh-te-va-phat-trien-quoc-te,A01,Điểm thi THPT,2024,27.5,Chương trình tiêu chuẩn Kinh tế và Phát triển quốc tế
118442,NTH,chuong-trinh-tieu-chuan-kinh-te-va-phat-trien-quoc-te,D01,Điểm thi THPT,2024,27.5,Chương trình tiêu chuẩn Kinh tế và Phát triển quốc tế
118443,NTH,chuong-trinh-tieu-chuan-kinh-te-va-phat-trien-quoc-te,D02,Điểm thi THPT,2024,27.5,Chương trình tiêu chuẩn Kinh tế và Phát triển quốc tế
118444,NTH,chuong-trinh-tieu-chuan-kinh-te-va-phat-trien-quoc-te,D03,Điểm thi THPT,2024,27.5,Chương trình tiêu chuẩn Kinh tế và Phát triển quốc tế
118445,NTH,chuong-trinh-tieu-chuan-kinh-te-va-phat-trien-quoc-te,D04,Điểm thi THPT,2024,27.5,Chương trình tiêu chuẩn Kinh tế và Phát triển quốc tế
118446,NTH,chuong-trinh-tieu-chuan-kinh-te-va-phat-trien-quoc-te,D06,Điểm thi THPT,2024,27.5,Chương trình tiêu chuẩn Kinh tế và Phát triển quốc tế
118447,NTH,chuong-trinh-tieu-chuan-kinh-te-va-phat-trien-quoc-te,D07,Điểm thi THPT,2024,27.5,Chương trình tiêu chuẩn Kinh tế và Phát triển quốc tế
118448,NTH,chuong-trinh-tieu-chuan-luat-thuong-mai-quoc-te,A00,Điểm học bạ,2024,28.0,Chương trình tiêu chuẩn Luật thương mại quốc tế
118449,NTH,chuong-trinh-tieu-chuan-luat-thuong-mai-quoc-te,A01,Điểm học bạ,2024,28.0,Chương trình tiêu chuẩn Luật thương mại quốc tế
118450,NTH,chuong-trinh-tieu-chuan-luat-thuong-mai-quoc-te,D01,Điểm học bạ,2024,28.0,Chương trình tiêu chuẩn Luật thương mại quốc tế
118451,NTH,chuong-trinh-tieu-chuan-luat-thuong-mai-quoc-te,D07,Điểm học bạ,2024,28.0,Chương trình tiêu chuẩn Luật thương mại quốc tế
118452,NTH,chuong-trinh-tieu-chuan-luat-thuong-mai-quoc-te,A00,Điểm thi THPT,2024,27.5,Chương trình tiêu chuẩn Luật thương mại quốc tế
118453,NTH,chuong-trinh-tieu-chuan-luat-thuong-mai-quoc-te,A01,Điểm thi THPT,2024,27.0,Chương trình tiêu chuẩn Luật thương mại quốc tế
118454,NTH,chuong-trinh-tieu-chuan-luat-thuong-mai-quoc-te,D01,Điểm thi THPT,2024,27.0,Chương trình tiêu chuẩn Luật thương mại quốc tế
118455,NTH,chuong-trinh-tieu-chuan-luat-thuong-mai-quoc-te,D02,Điểm thi THPT,2024,27.0,Chương trình tiêu chuẩn Luật thương mại quốc tế
118456,NTH,chuong-trinh-tieu-chuan-luat-thuong-mai-quoc-te,D03,Điểm thi THPT,2024,27.0,Chương trình tiêu chuẩn Luật thương mại quốc tế
118457,NTH,chuong-trinh-tieu-chuan-luat-thuong-mai-quoc-te,D04,Điểm thi THPT,2024,27.0,Chương trình tiêu chuẩn Luật thương mại quốc tế
118458,NTH,chuong-trinh-tieu-chuan-luat-thuong-mai-quoc-te,D06,Điểm thi THPT,2024,27.0,Chương trình tiêu chuẩn Luật thương mại quốc tế
118459,NTH,chuong-trinh-tieu-chuan-luat-thuong-mai-quoc-te,D07,Điểm thi THPT,2024,27.0,Chương trình tiêu chuẩn Luật thương mại quốc tế
118460,NTH,chuong-trinh-tieu-chuan-ngan-hang,A00,Điểm học bạ,2024,29.5,Chương trình tiêu chuẩn Ngân hàng
118461,NTH,chuong-trinh-tieu-chuan-ngan-hang,A01,Điểm học bạ,2024,29.5,Chương trình tiêu chuẩn Ngân hàng
118462,NTH,chuong-trinh-tieu-chuan-ngan-hang,D01,Điểm học bạ,2024,29.5,Chương trình tiêu chuẩn Ngân hàng
118463,NTH,chuong-trinh-tieu-chuan-ngan-hang,D07,Điểm học bạ,2024,29.5,Chương trình tiêu chuẩn Ngân hàng
118464,NTH,chuong-trinh-tieu-chuan-ngan-hang,A00,Điểm thi THPT,2024,27.8,Chương trình tiêu chuẩn Ngân hàng
118465,NTH,chuong-trinh-tieu-chuan-ngan-hang,A01,Điểm thi THPT,2024,27.3,Chương trình tiêu chuẩn Ngân hàng
118466,NTH,chuong-trinh-tieu-chuan-ngan-hang,D01,Điểm thi THPT,2024,27.3,Chương trình tiêu chuẩn Ngân hàng
118467,NTH,chuong-trinh-tieu-chuan-ngan-hang,D02,Điểm thi THPT,2024,27.3,Chương trình tiêu chuẩn Ngân hàng
118468,NTH,chuong-trinh-tieu-chuan-ngan-hang,D03,Điểm thi THPT,2024,27.3,Chương trình tiêu chuẩn Ngân hàng
118469,NTH,chuong-trinh-tieu-chuan-ngan-hang,D04,Điểm thi THPT,2024,27.3,Chương trình tiêu chuẩn Ngân hàng
118470,NTH,chuong-trinh-tieu-chuan-ngan-hang,D06,Điểm thi THPT,2024,27.3,Chương trình tiêu chuẩn Ngân hàng
118471,NTH,chuong-trinh-tieu-chuan-ngan-hang,D07,Điểm thi THPT,2024,27.3,Chương trình tiêu chuẩn Ngân hàng
118472,NTH,chuong-trinh-tieu-chuan-phan-tich-va-dau-tu-tai-chinh,A00,Điểm học bạ,2024,29.5,Chương trình tiêu chuẩn Phân tích và đầu tư tài chính
118473,NTH,chuong-trinh-tieu-chuan-phan-tich-va-dau-tu-tai-chinh,A01,Điểm học bạ,2024,29.5,Chương trình tiêu chuẩn Phân tích và đầu tư tài chính
118474,NTH,chuong-trinh-tieu-chuan-phan-tich-va-dau-tu-tai-chinh,D01,Điểm học bạ,2024,29.5,Chương trình tiêu chuẩn Phân tích và đầu tư tài chính
118475,NTH,chuong-trinh-tieu-chuan-phan-tich-va-dau-tu-tai-chinh,D07,Điểm học bạ,2024,29.5,Chương trình tiêu chuẩn Phân tích và đầu tư tài chính
118476,NTH,chuong-trinh-tieu-chuan-phan-tich-va-dau-tu-tai-chinh,A00,Điểm thi THPT,2024,27.8,Chương trình tiêu chuẩn Phân tích và đầu tư tài chính
118477,NTH,chuong-trinh-tieu-chuan-phan-tich-va-dau-tu-tai-chinh,A01,Điểm thi THPT,2024,27.3,Chương trình tiêu chuẩn Phân tích và đầu tư tài chính
118478,NTH,chuong-trinh-tieu-chuan-phan-tich-va-dau-tu-tai-chinh,D01,Điểm thi THPT,2024,27.3,Chương trình tiêu chuẩn Phân tích và đầu tư tài chính
118479,NTH,chuong-trinh-tieu-chuan-phan-tich-va-dau-tu-tai-chinh,D02,Điểm thi THPT,2024,27.3,Chương trình tiêu chuẩn Phân tích và đầu tư tài chính
118480,NTH,chuong-trinh-tieu-chuan-phan-tich-va-dau-tu-tai-chinh,D03,Điểm thi THPT,2024,27.3,Chương trình tiêu chuẩn Phân tích và đầu tư tài chính
118481,NTH,chuong-trinh-tieu-chuan-phan-tich-va-dau-tu-tai-chinh,D04,Điểm thi THPT,2024,27.3,Chương trình tiêu chuẩn Phân tích và đầu tư tài chính
118482,NTH,chuong-trinh-tieu-chuan-phan-tich-va-dau-tu-tai-chinh,D06,Điểm thi THPT,2024,27.3,Chương trình tiêu chuẩn Phân tích và đầu tư tài chính
118483,NTH,chuong-trinh-tieu-chuan-phan-tich-va-dau-tu-tai-chinh,D07,Điểm thi THPT,2024,27.3,Chương trình tiêu chuẩn Phân tích và đầu tư tài chính
118484,NTH,chuong-trinh-tieu-chuan-quan-tri-kinh-doanh-quoc-te,A01,Điểm học bạ,2024,29.5,Chương trình tiêu chuẩn Quản trị kinh doanh quốc tế
118485,NTH,chuong-trinh-tieu-chuan-quan-tri-kinh-doanh-quoc-te,D01,Điểm học bạ,2024,29.5,Chương trình tiêu chuẩn Quản trị kinh doanh quốc tế
118486,NTH,chuong-trinh-tieu-chuan-quan-tri-kinh-doanh-quoc-te,D07,Điểm học bạ,2024,29.5,Chương trình tiêu chuẩn Quản trị kinh doanh quốc tế
118487,NTH,chuong-trinh-tieu-chuan-quan-tri-kinh-doanh-quoc-te,A00,Điểm thi THPT,2024,28.1,Chương trình tiêu chuẩn Quản trị kinh doanh quốc tế
118488,NTH,chuong-trinh-tieu-chuan-quan-tri-kinh-doanh-quoc-te,A01,Điểm thi THPT,2024,27.6,Chương trình tiêu chuẩn Quản trị kinh doanh quốc tế
118489,NTH,chuong-trinh-tieu-chuan-quan-tri-kinh-doanh-quoc-te,D01,Điểm thi THPT,2024,27.6,Chương trình tiêu chuẩn Quản trị kinh doanh quốc tế
118490,NTH,chuong-trinh-tieu-chuan-quan-tri-kinh-doanh-quoc-te,D02,Điểm thi THPT,2024,27.6,Chương trình tiêu chuẩn Quản trị kinh doanh quốc tế
118491,NTH,chuong-trinh-tieu-chuan-quan-tri-kinh-doanh-quoc-te,D03,Điểm thi THPT,2024,27.6,Chương trình tiêu chuẩn Quản trị kinh doanh quốc tế
118492,NTH,chuong-trinh-tieu-chuan-quan-tri-kinh-doanh-quoc-te,D04,Điểm thi THPT,2024,27.6,Chương trình tiêu chuẩn Quản trị kinh doanh quốc tế
118493,NTH,chuong-trinh-tieu-chuan-quan-tri-kinh-doanh-quoc-te,D06,Điểm thi THPT,2024,27.6,Chương trình tiêu chuẩn Quản trị kinh doanh quốc tế
118494,NTH,chuong-trinh-tieu-chuan-quan-tri-kinh-doanh-quoc-te,D07,Điểm thi THPT,2024,27.6,Chương trình tiêu chuẩn Quản trị kinh doanh quốc tế
118495,NTH,chuong-trinh-tieu-chuan-tai-chinh-quoc-te,A00,Điểm học bạ,2024,29.5,Chương trình tiêu chuẩn Tài chính quốc tế
118496,NTH,chuong-trinh-tieu-chuan-tai-chinh-quoc-te,A01,Điểm học bạ,2024,29.5,Chương trình tiêu chuẩn Tài chính quốc tế
118497,NTH,chuong-trinh-tieu-chuan-tai-chinh-quoc-te,D01,Điểm học bạ,2024,29.5,Chương trình tiêu chuẩn Tài chính quốc tế
118498,NTH,chuong-trinh-tieu-chuan-tai-chinh-quoc-te,D07,Điểm học bạ,2024,29.5,Chương trình tiêu chuẩn Tài chính quốc tế
118499,NTH,chuong-trinh-tieu-chuan-tai-chinh-quoc-te,A00,Điểm thi THPT,2024,27.8,Chương trình tiêu chuẩn Tài chính quốc tế
118500,NTH,chuong-trinh-tieu-chuan-tai-chinh-quoc-te,A01,Điểm thi THPT,2024,27.3,Chương trình tiêu chuẩn Tài chính quốc tế
118501,NTH,chuong-trinh-tieu-chuan-tai-chinh-quoc-te,D01,Điểm thi THPT,2024,27.3,Chương trình tiêu chuẩn Tài chính quốc tế
118502,NTH,chuong-trinh-tieu-chuan-tai-chinh-quoc-te,D02,Điểm thi THPT,2024,27.3,Chương trình tiêu chuẩn Tài chính quốc tế
118503,NTH,chuong-trinh-tieu-chuan-tai-chinh-quoc-te,D03,Điểm thi THPT,2024,27.3,Chương trình tiêu chuẩn Tài chính quốc tế
118504,NTH,chuong-trinh-tieu-chuan-tai-chinh-quoc-te,D04,Điểm thi THPT,2024,27.3,Chương trình tiêu chuẩn Tài chính quốc tế
118505,NTH,chuong-trinh-tieu-chuan-tai-chinh-quoc-te,D06,Điểm thi THPT,2024,27.3,Chương trình tiêu chuẩn Tài chính quốc tế
118506,NTH,chuong-trinh-tieu-chuan-tai-chinh-quoc-te,D07,Điểm thi THPT,2024,27.3,Chương trình tiêu chuẩn Tài chính quốc tế
118507,NTH,chuong-trinh-tieu-chuan-thuong-mai-quoc-te,A00,Điểm học bạ,2024,30.3,Chương trình tiêu chuẩn Thương mại quốc tế
118508,NTH,chuong-trinh-tieu-chuan-thuong-mai-quoc-te,A01,Điểm học bạ,2024,30.3,Chương trình tiêu chuẩn Thương mại quốc tế
118509,NTH,chuong-trinh-tieu-chuan-thuong-mai-quoc-te,D01,Điểm học bạ,2024,30.3,Chương trình tiêu chuẩn Thương mại quốc tế
118510,NTH,chuong-trinh-tieu-chuan-thuong-mai-quoc-te,D02,Điểm học bạ,2024,30.3,Chương trình tiêu chuẩn Thương mại quốc tế
118511,NTH,chuong-trinh-tieu-chuan-thuong-mai-quoc-te,D03,Điểm học bạ,2024,30.3,Chương trình tiêu chuẩn Thương mại quốc tế
118512,NTH,chuong-trinh-tieu-chuan-thuong-mai-quoc-te,D04,Điểm học bạ,2024,30.3,Chương trình tiêu chuẩn Thương mại quốc tế
118513,NTH,chuong-trinh-tieu-chuan-thuong-mai-quoc-te,D06,Điểm học bạ,2024,30.3,Chương trình tiêu chuẩn Thương mại quốc tế
118514,NTH,chuong-trinh-tieu-chuan-thuong-mai-quoc-te,D07,Điểm học bạ,2024,30.3,Chương trình tiêu chuẩn Thương mại quốc tế
118515,NTH,chuong-trinh-tieu-chuan-thuong-mai-quoc-te,A00,Điểm thi THPT,2024,28.0,Chương trình tiêu chuẩn Thương mại quốc tế
118516,NTH,chuong-trinh-tieu-chuan-thuong-mai-quoc-te,A01,Điểm thi THPT,2024,27.5,Chương trình tiêu chuẩn Thương mại quốc tế
118517,NTH,chuong-trinh-tieu-chuan-thuong-mai-quoc-te,D01,Điểm thi THPT,2024,27.5,Chương trình tiêu chuẩn Thương mại quốc tế
118518,NTH,chuong-trinh-tieu-chuan-thuong-mai-quoc-te,D02,Điểm thi THPT,2024,27.5,Chương trình tiêu chuẩn Thương mại quốc tế
118519,NTH,chuong-trinh-tieu-chuan-thuong-mai-quoc-te,D03,Điểm thi THPT,2024,27.5,Chương trình tiêu chuẩn Thương mại quốc tế
118520,NTH,chuong-trinh-tieu-chuan-thuong-mai-quoc-te,D04,Điểm thi THPT,2024,27.5,Chương trình tiêu chuẩn Thương mại quốc tế
118521,NTH,chuong-trinh-tieu-chuan-thuong-mai-quoc-te,D06,Điểm thi THPT,2024,27.5,Chương trình tiêu chuẩn Thương mại quốc tế
118522,NTH,chuong-trinh-tieu-chuan-thuong-mai-quoc-te,D07,Điểm thi THPT,2024,27.5,Chương trình tiêu chuẩn Thương mại quốc tế
118523,NTH,chuong-trinh-tieu-chuan-tieng-anh-thuong-mai,D01,Điểm học bạ,2024,29.0,Chương trình tiêu chuẩn Tiếng Anh Thương mại
118524,NTH,chuong-trinh-tieu-chuan-tieng-anh-thuong-mai,D01,Điểm thi THPT,2024,27.0,Chương trình tiêu chuẩn Tiếng Anh Thương mại
118525,NTH,chuong-trinh-tieu-chuan-tieng-nhat-thuong-mai,D01,Điểm học bạ,2024,28.0,Chương trình tiêu chuẩn Tiếng Nhật thương mại
118526,NTH,chuong-trinh-tieu-chuan-tieng-nhat-thuong-mai,D06,Điểm học bạ,2024,28.0,Chương trình tiêu chuẩn Tiếng Nhật thương mại
118527,NTH,chuong-trinh-tieu-chuan-tieng-nhat-thuong-mai,D01,Điểm thi THPT,2024,26.0,Chương trình tiêu chuẩn Tiếng Nhật thương mại
118528,NTH,chuong-trinh-tieu-chuan-tieng-nhat-thuong-mai,D06,Điểm thi THPT,2024,25.25,Chương trình tiêu chuẩn Tiếng Nhật thương mại
118529,NTH,chuong-trinh-tieu-chuan-tieng-phap-thuong-mai,D01,Điểm học bạ,2024,28.0,Chương trình tiêu chuẩn Tiếng Pháp thương mại
118530,NTH,chuong-trinh-tieu-chuan-tieng-phap-thuong-mai,D03,Điểm học bạ,2024,28.0,Chương trình tiêu chuẩn Tiếng Pháp thương mại
118531,NTH,chuong-trinh-tieu-chuan-tieng-phap-thuong-mai,D01,Điểm thi THPT,2024,26.0,Chương trình tiêu chuẩn Tiếng Pháp thương mại
118532,NTH,chuong-trinh-tieu-chuan-tieng-phap-thuong-mai,D03,Điểm thi THPT,2024,25.25,Chương trình tiêu chuẩn Tiếng Pháp thương mại
118533,NTH,chuong-trinh-tieu-chuan-tieng-trung-thuong-mai,D01,Điểm học bạ,2024,29.0,Chương trình tiêu chuẩn Tiếng Trung Thương mại
118534,NTH,chuong-trinh-tieu-chuan-tieng-trung-thuong-mai,D04,Điểm học bạ,2024,29.0,Chương trình tiêu chuẩn Tiếng Trung Thương mại
118535,NTH,chuong-trinh-tieu-chuan-tieng-trung-thuong-mai,D01,Điểm thi THPT,2024,28.5,Chương trình tiêu chuẩn Tiếng Trung Thương mại
118536,NTH,chuong-trinh-tieu-chuan-tieng-trung-thuong-mai,D04,Điểm thi THPT,2024,27.75,Chương trình tiêu chuẩn Tiếng Trung Thương mại
118537,NTH,ct-clc-kinh-doanh-quoc-te,A01,Điểm học bạ,2025,27.5,CT CLC Kinh doanh quốc tế
118538,NTH,ct-clc-kinh-doanh-quoc-te,D01,Điểm học bạ,2025,27.5,CT CLC Kinh doanh quốc tế
118539,NTH,ct-clc-kinh-doanh-quoc-te,D07,Điểm học bạ,2025,27.5,CT CLC Kinh doanh quốc tế
118540,NTH,ct-clc-kinh-doanh-quoc-te,A01,Điểm thi THPT,2025,27.5,CT CLC Kinh doanh quốc tế
118541,NTH,ct-clc-kinh-doanh-quoc-te,D01,Điểm thi THPT,2025,27.5,CT CLC Kinh doanh quốc tế
118542,NTH,ct-clc-kinh-doanh-quoc-te,D07,Điểm thi THPT,2025,27.5,CT CLC Kinh doanh quốc tế
118543,NTH,ct-clc-kinh-te-doi-ngoai,A01,Điểm học bạ,2025,27.5,CT CLC Kinh tế đối ngoại
118544,NTH,ct-clc-kinh-te-doi-ngoai,D01,Điểm học bạ,2025,27.5,CT CLC Kinh tế đối ngoại
118545,NTH,ct-clc-kinh-te-doi-ngoai,D07,Điểm học bạ,2025,27.5,CT CLC Kinh tế đối ngoại
118546,NTH,ct-clc-kinh-te-doi-ngoai,A01,Điểm thi THPT,2025,27.5,CT CLC Kinh tế đối ngoại
118547,NTH,ct-clc-kinh-te-doi-ngoai,D01,Điểm thi THPT,2025,27.5,CT CLC Kinh tế đối ngoại
118548,NTH,ct-clc-kinh-te-doi-ngoai,D07,Điểm thi THPT,2025,27.5,CT CLC Kinh tế đối ngoại
118549,NTH,ct-clc-kinh-te-quoc-te,A01,Điểm học bạ,2025,27.11,CT CLC Kinh tế quốc tế
118550,NTH,ct-clc-kinh-te-quoc-te,D01,Điểm học bạ,2025,27.11,CT CLC Kinh tế quốc tế
118551,NTH,ct-clc-kinh-te-quoc-te,D07,Điểm học bạ,2025,27.11,CT CLC Kinh tế quốc tế
118552,NTH,ct-clc-kinh-te-quoc-te,A01,Điểm thi THPT,2025,26.4,CT CLC Kinh tế quốc tế
118553,NTH,ct-clc-kinh-te-quoc-te,D01,Điểm thi THPT,2025,26.4,CT CLC Kinh tế quốc tế
118554,NTH,ct-clc-kinh-te-quoc-te,D07,Điểm thi THPT,2025,26.4,CT CLC Kinh tế quốc tế
118555,NTH,ct-clc-quan-tri-kinh-doanh,A01,Điểm học bạ,2025,27.51,CT CLC Quản trị kinh doanh
118556,NTH,ct-clc-quan-tri-kinh-doanh,D01,Điểm học bạ,2025,27.51,CT CLC Quản trị kinh doanh
118557,NTH,ct-clc-quan-tri-kinh-doanh,D07,Điểm học bạ,2025,27.51,CT CLC Quản trị kinh doanh
118558,NTH,ct-clc-quan-tri-kinh-doanh,A01,Điểm thi THPT,2025,25.2,CT CLC Quản trị kinh doanh
118559,NTH,ct-clc-quan-tri-kinh-doanh,D01,Điểm thi THPT,2025,25.2,CT CLC Quản trị kinh doanh
118560,NTH,ct-clc-quan-tri-kinh-doanh,D07,Điểm thi THPT,2025,25.2,CT CLC Quản trị kinh doanh
118561,NTH,ct-clc-tai-chinh-ngan-hang,A01,Điểm học bạ,2025,27.02,CT CLC Tài chính - Ngân hàng
118562,NTH,ct-clc-tai-chinh-ngan-hang,D01,Điểm học bạ,2025,27.02,CT CLC Tài chính - Ngân hàng
118563,NTH,ct-clc-tai-chinh-ngan-hang,D07,Điểm học bạ,2025,27.02,CT CLC Tài chính - Ngân hàng
118564,NTH,ct-clc-tai-chinh-ngan-hang,A01,Điểm thi THPT,2025,26.0,CT CLC Tài chính - Ngân hàng
118565,NTH,ct-clc-tai-chinh-ngan-hang,D01,Điểm thi THPT,2025,26.0,CT CLC Tài chính - Ngân hàng
118566,NTH,ct-clc-tai-chinh-ngan-hang,D07,Điểm thi THPT,2025,26.0,CT CLC Tài chính - Ngân hàng
118567,NTH,ct-clc-tieng-anh-thuong-mai,D01,Điểm học bạ,2025,37.64,CT CLC Tiếng Anh thương mại
118568,NTH,ct-clc-tieng-anh-thuong-mai,D01,Điểm thi THPT,2025,35.3,CT CLC Tiếng Anh thương mại
118569,NTH,ct-clc-tieng-nhat-thuong-mai,D06,Điểm học bạ,2025,34.07,CT CLC Tiếng Nhật thương mại
118570,NTH,ct-clc-tieng-nhat-thuong-mai,D06,Điểm thi THPT,2025,30.0,CT CLC Tiếng Nhật thương mại
118571,NTH,ct-clc-tieng-trung-thuong-mai,D04,Điểm học bạ,2025,35.57,CT CLC Tiếng Trung thương mại
118572,NTH,ct-clc-tieng-trung-thuong-mai,D04,Điểm thi THPT,2025,35.0,CT CLC Tiếng Trung thương mại
118573,NTH,ct-dhnnqt-dhnnqt-ke-toan-kiem-toan-theo,A00,Điểm học bạ,2025,26.47,CT ĐHNNQT ĐHNNQT Kế toán - Kiểm toán theo định hướng ACCA
118574,NTH,ct-dhnnqt-dhnnqt-ke-toan-kiem-toan-theo,A01,Điểm học bạ,2025,26.47,CT ĐHNNQT ĐHNNQT Kế toán - Kiểm toán theo định hướng ACCA
118575,NTH,ct-dhnnqt-dhnnqt-ke-toan-kiem-toan-theo,D01,Điểm học bạ,2025,26.47,CT ĐHNNQT ĐHNNQT Kế toán - Kiểm toán theo định hướng ACCA
118576,NTH,ct-dhnnqt-dhnnqt-ke-toan-kiem-toan-theo,D07,Điểm học bạ,2025,26.47,CT ĐHNNQT ĐHNNQT Kế toán - Kiểm toán theo định hướng ACCA
118577,NTH,ct-dhnnqt-dhnnqt-ke-toan-kiem-toan-theo,A00,Điểm thi THPT,2025,25.7,CT ĐHNNQT ĐHNNQT Kế toán - Kiểm toán theo định hướng ACCA
118578,NTH,ct-dhnnqt-dhnnqt-ke-toan-kiem-toan-theo,A01,Điểm thi THPT,2025,25.7,CT ĐHNNQT ĐHNNQT Kế toán - Kiểm toán theo định hướng ACCA
118579,NTH,ct-dhnnqt-dhnnqt-ke-toan-kiem-toan-theo,D01,Điểm thi THPT,2025,25.7,CT ĐHNNQT ĐHNNQT Kế toán - Kiểm toán theo định hướng ACCA
118580,NTH,ct-dhnnqt-dhnnqt-ke-toan-kiem-toan-theo,D07,Điểm thi THPT,2025,25.7,CT ĐHNNQT ĐHNNQT Kế toán - Kiểm toán theo định hướng ACCA
118581,NTH,ct-dhnnqt-kinh-doanh-quoc-te-theo-mo-hinh-tien-tien-nhat-ban,A00,Điểm học bạ,2025,27.86,CT ĐHNNQT Kinh doanh quốc tế theo mô hình tiên tiến Nhật Bản
118582,NTH,ct-dhnnqt-kinh-doanh-quoc-te-theo-mo-hinh-tien-tien-nhat-ban,A01,Điểm học bạ,2025,27.86,CT ĐHNNQT Kinh doanh quốc tế theo mô hình tiên tiến Nhật Bản
118583,NTH,ct-dhnnqt-kinh-doanh-quoc-te-theo-mo-hinh-tien-tien-nhat-ban,D01,Điểm học bạ,2025,27.86,CT ĐHNNQT Kinh doanh quốc tế theo mô hình tiên tiến Nhật Bản
118584,NTH,ct-dhnnqt-kinh-doanh-quoc-te-theo-mo-hinh-tien-tien-nhat-ban,D06,Điểm học bạ,2025,27.86,CT ĐHNNQT Kinh doanh quốc tế theo mô hình tiên tiến Nhật Bản
118585,NTH,ct-dhnnqt-kinh-doanh-quoc-te-theo-mo-hinh-tien-tien-nhat-ban,D07,Điểm học bạ,2025,27.86,CT ĐHNNQT Kinh doanh quốc tế theo mô hình tiên tiến Nhật Bản
118586,NTH,ct-dhnnqt-kinh-doanh-quoc-te-theo-mo-hinh-tien-tien-nhat-ban,A00,Điểm thi THPT,2025,26.3,CT ĐHNNQT Kinh doanh quốc tế theo mô hình tiên tiến Nhật Bản
118587,NTH,ct-dhnnqt-kinh-doanh-quoc-te-theo-mo-hinh-tien-tien-nhat-ban,A01,Điểm thi THPT,2025,26.3,CT ĐHNNQT Kinh doanh quốc tế theo mô hình tiên tiến Nhật Bản
118588,NTH,ct-dhnnqt-kinh-doanh-quoc-te-theo-mo-hinh-tien-tien-nhat-ban,D01,Điểm thi THPT,2025,26.3,CT ĐHNNQT Kinh doanh quốc tế theo mô hình tiên tiến Nhật Bản
118589,NTH,ct-dhnnqt-kinh-doanh-quoc-te-theo-mo-hinh-tien-tien-nhat-ban,D06,Điểm thi THPT,2025,26.3,CT ĐHNNQT Kinh doanh quốc tế theo mô hình tiên tiến Nhật Bản
118590,NTH,ct-dhnnqt-kinh-doanh-quoc-te-theo-mo-hinh-tien-tien-nhat-ban,D07,Điểm thi THPT,2025,26.3,CT ĐHNNQT Kinh doanh quốc tế theo mô hình tiên tiến Nhật Bản
118591,NTH,ct-dhnnqt-kinh-doanh-so,A00,Điểm học bạ,2025,27.86,CT ĐHNNQT Kinh doanh số
118592,NTH,ct-dhnnqt-kinh-doanh-so,A01,Điểm học bạ,2025,27.86,CT ĐHNNQT Kinh doanh số
118593,NTH,ct-dhnnqt-kinh-doanh-so,D01,Điểm học bạ,2025,27.86,CT ĐHNNQT Kinh doanh số
118594,NTH,ct-dhnnqt-kinh-doanh-so,D07,Điểm học bạ,2025,27.86,CT ĐHNNQT Kinh doanh số
118595,NTH,ct-dhnnqt-kinh-doanh-so,A00,Điểm thi THPT,2025,26.3,CT ĐHNNQT Kinh doanh số
118596,NTH,ct-dhnnqt-kinh-doanh-so,A01,Điểm thi THPT,2025,26.3,CT ĐHNNQT Kinh doanh số
118597,NTH,ct-dhnnqt-kinh-doanh-so,D01,Điểm thi THPT,2025,26.3,CT ĐHNNQT Kinh doanh số
118598,NTH,ct-dhnnqt-kinh-doanh-so,D07,Điểm thi THPT,2025,26.3,CT ĐHNNQT Kinh doanh số
118599,NTH,ct-dhnnqt-logistics-va-quan-ly-chuoi-cung-ung,A00,Điểm học bạ,2025,28.42,CT ĐHNNQT Logistics và Quản lý chuỗi cung ứng
118600,NTH,ct-dhnnqt-logistics-va-quan-ly-chuoi-cung-ung,A01,Điểm học bạ,2025,28.42,CT ĐHNNQT Logistics và Quản lý chuỗi cung ứng
118601,NTH,ct-dhnnqt-logistics-va-quan-ly-chuoi-cung-ung,D01,Điểm học bạ,2025,28.42,CT ĐHNNQT Logistics và Quản lý chuỗi cung ứng
118602,NTH,ct-dhnnqt-logistics-va-quan-ly-chuoi-cung-ung,D07,Điểm học bạ,2025,28.42,CT ĐHNNQT Logistics và Quản lý chuỗi cung ứng
118603,NTH,ct-dhnnqt-logistics-va-quan-ly-chuoi-cung-ung,A00,Điểm thi THPT,2025,27.6,CT ĐHNNQT Logistics và Quản lý chuỗi cung ứng
118604,NTH,ct-dhnnqt-logistics-va-quan-ly-chuoi-cung-ung,A01,Điểm thi THPT,2025,27.6,CT ĐHNNQT Logistics và Quản lý chuỗi cung ứng
118605,NTH,ct-dhnnqt-logistics-va-quan-ly-chuoi-cung-ung,D01,Điểm thi THPT,2025,27.6,CT ĐHNNQT Logistics và Quản lý chuỗi cung ứng
118606,NTH,ct-dhnnqt-logistics-va-quan-ly-chuoi-cung-ung,D07,Điểm thi THPT,2025,27.6,CT ĐHNNQT Logistics và Quản lý chuỗi cung ứng
118607,NTH,ct-dhnnqt-luat-kinh-doanh-quoc-te-theo-mo-hinh-thuc-hanh-nghe-nghiep,A00,Điểm học bạ,2025,27.44,CT ĐHNNQT Luật Kinh doanh quốc tế theo mô hình thực hành nghề nghiệp
118608,NTH,ct-dhnnqt-luat-kinh-doanh-quoc-te-theo-mo-hinh-thuc-hanh-nghe-nghiep,A01,Điểm học bạ,2025,27.44,CT ĐHNNQT Luật Kinh doanh quốc tế theo mô hình thực hành nghề nghiệp
118609,NTH,ct-dhnnqt-luat-kinh-doanh-quoc-te-theo-mo-hinh-thuc-hanh-nghe-nghiep,D01,Điểm học bạ,2025,27.44,CT ĐHNNQT Luật Kinh doanh quốc tế theo mô hình thực hành nghề nghiệp
118610,NTH,ct-dhnnqt-luat-kinh-doanh-quoc-te-theo-mo-hinh-thuc-hanh-nghe-nghiep,D07,Điểm học bạ,2025,27.44,CT ĐHNNQT Luật Kinh doanh quốc tế theo mô hình thực hành nghề nghiệp
118611,NTH,ct-dhnnqt-luat-kinh-doanh-quoc-te-theo-mo-hinh-thuc-hanh-nghe-nghiep,A00,Điểm thi THPT,2025,25.0,CT ĐHNNQT Luật Kinh doanh quốc tế theo mô hình thực hành nghề nghiệp
118612,NTH,ct-dhnnqt-luat-kinh-doanh-quoc-te-theo-mo-hinh-thuc-hanh-nghe-nghiep,A01,Điểm thi THPT,2025,25.0,CT ĐHNNQT Luật Kinh doanh quốc tế theo mô hình thực hành nghề nghiệp
118613,NTH,ct-dhnnqt-luat-kinh-doanh-quoc-te-theo-mo-hinh-thuc-hanh-nghe-nghiep,D01,Điểm thi THPT,2025,25.0,CT ĐHNNQT Luật Kinh doanh quốc tế theo mô hình thực hành nghề nghiệp
118614,NTH,ct-dhnnqt-luat-kinh-doanh-quoc-te-theo-mo-hinh-thuc-hanh-nghe-nghiep,D07,Điểm thi THPT,2025,25.0,CT ĐHNNQT Luật Kinh doanh quốc tế theo mô hình thực hành nghề nghiệp
118615,NTH,ct-dhnnqt-marketing-so,A00,Điểm học bạ,2025,27.76,CT ĐHNNQT Marketing số
118616,NTH,ct-dhnnqt-marketing-so,A01,Điểm học bạ,2025,27.76,CT ĐHNNQT Marketing số
118617,NTH,ct-dhnnqt-marketing-so,D01,Điểm học bạ,2025,27.76,CT ĐHNNQT Marketing số
118618,NTH,ct-dhnnqt-marketing-so,D07,Điểm học bạ,2025,27.76,CT ĐHNNQT Marketing số
118619,NTH,ct-dhnnqt-marketing-so,A00,Điểm thi THPT,2025,27.15,CT ĐHNNQT Marketing số
118620,NTH,ct-dhnnqt-marketing-so,A01,Điểm thi THPT,2025,27.15,CT ĐHNNQT Marketing số
118621,NTH,ct-dhnnqt-marketing-so,D01,Điểm thi THPT,2025,27.15,CT ĐHNNQT Marketing số
118622,NTH,ct-dhnnqt-marketing-so,D07,Điểm thi THPT,2025,27.15,CT ĐHNNQT Marketing số
118623,NTH,ct-dhnnqt-quan-tri-khach-san,A00,Điểm học bạ,2025,25.96,CT ĐHNNQT Quản trị khách sạn
118624,NTH,ct-dhnnqt-quan-tri-khach-san,A01,Điểm học bạ,2025,25.96,CT ĐHNNQT Quản trị khách sạn
118625,NTH,ct-dhnnqt-quan-tri-khach-san,D01,Điểm học bạ,2025,25.96,CT ĐHNNQT Quản trị khách sạn
118626,NTH,ct-dhnnqt-quan-tri-khach-san,D07,Điểm học bạ,2025,25.96,CT ĐHNNQT Quản trị khách sạn
118627,NTH,ct-dhnnqt-quan-tri-khach-san,A00,Điểm thi THPT,2025,24.2,CT ĐHNNQT Quản trị khách sạn
118628,NTH,ct-dhnnqt-quan-tri-khach-san,A01,Điểm thi THPT,2025,24.2,CT ĐHNNQT Quản trị khách sạn
118629,NTH,ct-dhnnqt-quan-tri-khach-san,D01,Điểm thi THPT,2025,24.2,CT ĐHNNQT Quản trị khách sạn
118630,NTH,ct-dhnnqt-quan-tri-khach-san,D07,Điểm thi THPT,2025,24.2,CT ĐHNNQT Quản trị khách sạn
118631,NTH,ct-dhptqt-kinh-te-chinh-tri-quoc-te,A00,Điểm học bạ,2025,26.72,CT ĐHPTQT Kinh tế chính trị quốc tế
118632,NTH,ct-dhptqt-kinh-te-chinh-tri-quoc-te,A01,Điểm học bạ,2025,26.72,CT ĐHPTQT Kinh tế chính trị quốc tế
118633,NTH,ct-dhptqt-kinh-te-chinh-tri-quoc-te,D01,Điểm học bạ,2025,26.72,CT ĐHPTQT Kinh tế chính trị quốc tế
118634,NTH,ct-dhptqt-kinh-te-chinh-tri-quoc-te,D07,Điểm học bạ,2025,26.72,CT ĐHPTQT Kinh tế chính trị quốc tế
118635,NTH,ct-dhptqt-kinh-te-chinh-tri-quoc-te,A00,Điểm thi THPT,2025,24.0,CT ĐHPTQT Kinh tế chính trị quốc tế
118636,NTH,ct-dhptqt-kinh-te-chinh-tri-quoc-te,A01,Điểm thi THPT,2025,24.0,CT ĐHPTQT Kinh tế chính trị quốc tế
118637,NTH,ct-dhptqt-kinh-te-chinh-tri-quoc-te,D01,Điểm thi THPT,2025,24.0,CT ĐHPTQT Kinh tế chính trị quốc tế
118638,NTH,ct-dhptqt-kinh-te-chinh-tri-quoc-te,D07,Điểm thi THPT,2025,24.0,CT ĐHPTQT Kinh tế chính trị quốc tế
118639,NTH,ct-tc-ke-toan-kiem-toan,A00,Điểm học bạ,2025,28.14,CT TC Kế toán - Kiếm toán
118640,NTH,ct-tc-ke-toan-kiem-toan,A01,Điểm học bạ,2025,28.14,CT TC Kế toán - Kiếm toán
118641,NTH,ct-tc-ke-toan-kiem-toan,D01,Điểm học bạ,2025,28.14,CT TC Kế toán - Kiếm toán
118642,NTH,ct-tc-ke-toan-kiem-toan,D07,Điểm học bạ,2025,28.14,CT TC Kế toán - Kiếm toán
118643,NTH,ct-tc-ke-toan-kiem-toan,A00,Điểm thi THPT,2025,26.8,CT TC Kế toán - Kiếm toán
118644,NTH,ct-tc-ke-toan-kiem-toan,A01,Điểm thi THPT,2025,25.8,CT TC Kế toán - Kiếm toán
118645,NTH,ct-tc-ke-toan-kiem-toan,D01,Điểm thi THPT,2025,25.8,CT TC Kế toán - Kiếm toán
118646,NTH,ct-tc-ke-toan-kiem-toan,D07,Điểm thi THPT,2025,25.8,CT TC Kế toán - Kiếm toán
118647,NTH,ct-tc-kinh-doanh-quoc-te,A00,Điểm học bạ,2025,28.41,CT TC Kinh doanh quốc tế
118648,NTH,ct-tc-kinh-doanh-quoc-te,A01,Điểm học bạ,2025,28.41,CT TC Kinh doanh quốc tế
118649,NTH,ct-tc-kinh-doanh-quoc-te,D01,Điểm học bạ,2025,28.41,CT TC Kinh doanh quốc tế
118650,NTH,ct-tc-kinh-doanh-quoc-te,D07,Điểm học bạ,2025,28.41,CT TC Kinh doanh quốc tế
118651,NTH,ct-tc-kinh-doanh-quoc-te,A00,Điểm thi THPT,2025,28.0,CT TC Kinh doanh quốc tế
118652,NTH,ct-tc-kinh-doanh-quoc-te,A01,Điểm thi THPT,2025,27.0,CT TC Kinh doanh quốc tế
118653,NTH,ct-tc-kinh-doanh-quoc-te,D01,Điểm thi THPT,2025,27.0,CT TC Kinh doanh quốc tế
118654,NTH,ct-tc-kinh-doanh-quoc-te,D07,Điểm thi THPT,2025,27.0,CT TC Kinh doanh quốc tế
118655,NTH,ct-tc-kinh-te-doi-ngoai,A00,Điểm học bạ,2025,28.16,CT TC Kinh tế dối ngoại
118656,NTH,ct-tc-kinh-te-doi-ngoai,A01,Điểm học bạ,2025,28.16,CT TC Kinh tế dối ngoại
118657,NTH,ct-tc-kinh-te-doi-ngoai,D01,Điểm học bạ,2025,28.16,CT TC Kinh tế dối ngoại
118658,NTH,ct-tc-kinh-te-doi-ngoai,D02,Điểm học bạ,2025,28.16,CT TC Kinh tế dối ngoại
118659,NTH,ct-tc-kinh-te-doi-ngoai,D03,Điểm học bạ,2025,28.16,CT TC Kinh tế dối ngoại
118660,NTH,ct-tc-kinh-te-doi-ngoai,D04,Điểm học bạ,2025,28.16,CT TC Kinh tế dối ngoại
118661,NTH,ct-tc-kinh-te-doi-ngoai,D06,Điểm học bạ,2025,28.16,CT TC Kinh tế dối ngoại
118662,NTH,ct-tc-kinh-te-doi-ngoai,D07,Điểm học bạ,2025,28.16,CT TC Kinh tế dối ngoại
118663,NTH,ct-tc-kinh-te-doi-ngoai,A00,Điểm thi THPT,2025,27.55,CT TC Kinh tế dối ngoại
118664,NTH,ct-tc-kinh-te-doi-ngoai,A01,Điểm thi THPT,2025,26.55,CT TC Kinh tế dối ngoại
118665,NTH,ct-tc-kinh-te-doi-ngoai,D01,Điểm thi THPT,2025,26.55,CT TC Kinh tế dối ngoại
118666,NTH,ct-tc-kinh-te-doi-ngoai,D02,Điểm thi THPT,2025,26.55,CT TC Kinh tế dối ngoại
118667,NTH,ct-tc-kinh-te-doi-ngoai,D03,Điểm thi THPT,2025,26.55,CT TC Kinh tế dối ngoại
118668,NTH,ct-tc-kinh-te-doi-ngoai,D04,Điểm thi THPT,2025,26.55,CT TC Kinh tế dối ngoại
118669,NTH,ct-tc-kinh-te-doi-ngoai,D06,Điểm thi THPT,2025,26.55,CT TC Kinh tế dối ngoại
118670,NTH,ct-tc-kinh-te-doi-ngoai,D07,Điểm thi THPT,2025,26.55,CT TC Kinh tế dối ngoại
118671,NTH,ct-tc-kinh-te-quoc-te,A00,Điểm học bạ,2025,27.44,CT TC Kinh tế quốc tế
118672,NTH,ct-tc-kinh-te-quoc-te,A01,Điểm học bạ,2025,27.44,CT TC Kinh tế quốc tế
118673,NTH,ct-tc-kinh-te-quoc-te,D01,Điểm học bạ,2025,27.44,CT TC Kinh tế quốc tế
118674,NTH,ct-tc-kinh-te-quoc-te,D03,Điểm học bạ,2025,27.44,CT TC Kinh tế quốc tế
118675,NTH,ct-tc-kinh-te-quoc-te,D07,Điểm học bạ,2025,27.44,CT TC Kinh tế quốc tế
118676,NTH,ct-tc-kinh-te-quoc-te,A00,Điểm thi THPT,2025,26.7,CT TC Kinh tế quốc tế
118677,NTH,ct-tc-kinh-te-quoc-te,A01,Điểm thi THPT,2025,25.7,CT TC Kinh tế quốc tế
118678,NTH,ct-tc-kinh-te-quoc-te,D01,Điểm thi THPT,2025,25.7,CT TC Kinh tế quốc tế
118679,NTH,ct-tc-kinh-te-quoc-te,D03,Điểm thi THPT,2025,25.7,CT TC Kinh tế quốc tế
118680,NTH,ct-tc-kinh-te-quoc-te,D07,Điểm thi THPT,2025,25.7,CT TC Kinh tế quốc tế
118681,NTH,ct-tc-luat-thuong-mai-quoc-te,A00,Điểm học bạ,2025,27.69,CT TC Luật thương mại quốc tế
118682,NTH,ct-tc-luat-thuong-mai-quoc-te,A01,Điểm học bạ,2025,27.69,CT TC Luật thương mại quốc tế
118683,NTH,ct-tc-luat-thuong-mai-quoc-te,D01,Điểm học bạ,2025,27.69,CT TC Luật thương mại quốc tế
118684,NTH,ct-tc-luat-thuong-mai-quoc-te,D07,Điểm học bạ,2025,27.69,CT TC Luật thương mại quốc tế
118685,NTH,ct-tc-luat-thuong-mai-quoc-te,A00,Điểm thi THPT,2025,25.7,CT TC Luật thương mại quốc tế
118686,NTH,ct-tc-luat-thuong-mai-quoc-te,A01,Điểm thi THPT,2025,24.7,CT TC Luật thương mại quốc tế
118687,NTH,ct-tc-luat-thuong-mai-quoc-te,D01,Điểm thi THPT,2025,24.7,CT TC Luật thương mại quốc tế
118688,NTH,ct-tc-luat-thuong-mai-quoc-te,D07,Điểm thi THPT,2025,24.7,CT TC Luật thương mại quốc tế
118689,NTH,ct-tc-quan-tri-kinh-doanh,A00,Điểm học bạ,2025,26.55,CT TC Quản trị kinh doanh
118690,NTH,ct-tc-quan-tri-kinh-doanh,A01,Điểm học bạ,2025,26.55,CT TC Quản trị kinh doanh
118691,NTH,ct-tc-quan-tri-kinh-doanh,D01,Điểm học bạ,2025,26.55,CT TC Quản trị kinh doanh
118692,NTH,ct-tc-quan-tri-kinh-doanh,D07,Điểm học bạ,2025,26.55,CT TC Quản trị kinh doanh
118693,NTH,ct-tc-quan-tri-kinh-doanh,A00,Điểm thi THPT,2025,25.9,CT TC Quản trị kinh doanh
118694,NTH,ct-tc-quan-tri-kinh-doanh,A01,Điểm thi THPT,2025,24.9,CT TC Quản trị kinh doanh
118695,NTH,ct-tc-quan-tri-kinh-doanh,D01,Điểm thi THPT,2025,24.9,CT TC Quản trị kinh doanh
118696,NTH,ct-tc-quan-tri-kinh-doanh,D07,Điểm thi THPT,2025,24.9,CT TC Quản trị kinh doanh
118697,NTH,ct-tc-tai-chinh-ngan-hang,A00,Điểm học bạ,2025,27.04,CT TC Tài chính - Ngân hàng
118698,NTH,ct-tc-tai-chinh-ngan-hang,A01,Điểm học bạ,2025,27.04,CT TC Tài chính - Ngân hàng
118699,NTH,ct-tc-tai-chinh-ngan-hang,D01,Điểm học bạ,2025,27.04,CT TC Tài chính - Ngân hàng
118700,NTH,ct-tc-tai-chinh-ngan-hang,D07,Điểm học bạ,2025,27.04,CT TC Tài chính - Ngân hàng
118701,NTH,ct-tc-tai-chinh-ngan-hang,A00,Điểm thi THPT,2025,26.36,CT TC Tài chính - Ngân hàng
118702,NTH,ct-tc-tai-chinh-ngan-hang,A01,Điểm thi THPT,2025,25.36,CT TC Tài chính - Ngân hàng
118703,NTH,ct-tc-tai-chinh-ngan-hang,D01,Điểm thi THPT,2025,25.36,CT TC Tài chính - Ngân hàng
118704,NTH,ct-tc-tai-chinh-ngan-hang,D07,Điểm thi THPT,2025,25.36,CT TC Tài chính - Ngân hàng
118705,NTH,ct-tc-tieng-anh-thuong-mai,D01,Điểm học bạ,2025,36.17,CT TC Tiếng Anh thương mại
118706,NTH,ct-tc-tieng-anh-thuong-mai,D01,Điểm thi THPT,2025,32.4,CT TC Tiếng Anh thương mại
118707,NTH,ct-tc-tieng-nhat-thuong-mai,D01,Điểm học bạ,2025,36.0,CT TC Tiếng Nhật thương mại
118708,NTH,ct-tc-tieng-nhat-thuong-mai,D06,Điểm học bạ,2025,36.0,CT TC Tiếng Nhật thương mại
118709,NTH,ct-tc-tieng-nhat-thuong-mai,D01,Điểm thi THPT,2025,30.0,CT TC Tiếng Nhật thương mại
118710,NTH,ct-tc-tieng-nhat-thuong-mai,D06,Điểm thi THPT,2025,30.0,CT TC Tiếng Nhật thương mại
118711,NTH,ct-tc-tieng-trung-thuong-mai,D01,Điểm học bạ,2025,36.57,CT TC Tiếng Trung Thương mại
118712,NTH,ct-tc-tieng-trung-thuong-mai,D04,Điểm học bạ,2025,36.57,CT TC Tiếng Trung Thương mại
118713,NTH,ct-tc-tieng-trung-thuong-mai,D01,Điểm thi THPT,2025,35.15,CT TC Tiếng Trung Thương mại
118714,NTH,ct-tc-tieng-trung-thuong-mai,D04,Điểm thi THPT,2025,35.15,CT TC Tiếng Trung Thương mại
118715,NTH,ct-tich-hop-tieng-phap-thuong-mai,D01,Điểm học bạ,2025,36.0,CT Tích hợp tiếng Pháp thương mại
118716,NTH,ct-tich-hop-tieng-phap-thuong-mai,D03,Điểm học bạ,2025,36.0,CT Tích hợp tiếng Pháp thương mại
118717,NTH,ct-tich-hop-tieng-phap-thuong-mai,D01,Điểm thi THPT,2025,30.0,CT Tích hợp tiếng Pháp thương mại
118718,NTH,ct-tich-hop-tieng-phap-thuong-mai,D03,Điểm thi THPT,2025,30.0,CT Tích hợp tiếng Pháp thương mại
118719,NTH,ct-tt-i-hons,A01,Điểm học bạ,2025,27.79,CT TT i-Hons hợp tác với Đại học Queensland về Kinh doanh quốc tế và Phân tích dữ liệu kinh doanh
118720,NTH,ct-tt-i-hons,D01,Điểm học bạ,2025,27.79,CT TT i-Hons hợp tác với Đại học Queensland về Kinh doanh quốc tế và Phân tích dữ liệu kinh doanh
118721,NTH,ct-tt-i-hons,D07,Điểm học bạ,2025,27.79,CT TT i-Hons hợp tác với Đại học Queensland về Kinh doanh quốc tế và Phân tích dữ liệu kinh doanh
118722,NTH,ct-tt-i-hons,A01,Điểm thi THPT,2025,28.0,CT TT i-Hons hợp tác với Đại học Queensland về Kinh doanh quốc tế và Phân tích dữ liệu kinh doanh
118723,NTH,ct-tt-i-hons,D01,Điểm thi THPT,2025,28.0,CT TT i-Hons hợp tác với Đại học Queensland về Kinh doanh quốc tế và Phân tích dữ liệu kinh doanh
118724,NTH,ct-tt-i-hons,D07,Điểm thi THPT,2025,28.0,CT TT i-Hons hợp tác với Đại học Queensland về Kinh doanh quốc tế và Phân tích dữ liệu kinh doanh
118725,NTH,ct-tt-kinh-te-doi-ngoai,A01,Điểm học bạ,2025,28.3,CT TT Kinh tế đối ngoại
118726,NTH,ct-tt-kinh-te-doi-ngoai,D01,Điểm học bạ,2025,28.3,CT TT Kinh tế đối ngoại
118727,NTH,ct-tt-kinh-te-doi-ngoai,D07,Điểm học bạ,2025,28.3,CT TT Kinh tế đối ngoại
118728,NTH,ct-tt-kinh-te-doi-ngoai,A01,Điểm thi THPT,2025,28.5,CT TT Kinh tế đối ngoại
118729,NTH,ct-tt-kinh-te-doi-ngoai,D01,Điểm thi THPT,2025,28.5,CT TT Kinh tế đối ngoại
118730,NTH,ct-tt-kinh-te-doi-ngoai,D07,Điểm thi THPT,2025,28.5,CT TT Kinh tế đối ngoại
118731,NTH,ct-tt-quan-tri-kinh-doanh,A01,Điểm học bạ,2025,26.95,CT TT Quản tri kinh doanh
118732,NTH,ct-tt-quan-tri-kinh-doanh,D01,Điểm học bạ,2025,26.95,CT TT Quản tri kinh doanh
118733,NTH,ct-tt-quan-tri-kinh-doanh,D07,Điểm học bạ,2025,26.95,CT TT Quản tri kinh doanh
118734,NTH,ct-tt-quan-tri-kinh-doanh,A01,Điểm thi THPT,2025,25.5,CT TT Quản tri kinh doanh
118735,NTH,ct-tt-quan-tri-kinh-doanh,D01,Điểm thi THPT,2025,25.5,CT TT Quản tri kinh doanh
118736,NTH,ct-tt-quan-tri-kinh-doanh,D07,Điểm thi THPT,2025,25.5,CT TT Quản tri kinh doanh
118737,NTH,ct-tt-tai-chinh-ngan-hang,A01,Điểm học bạ,2025,28.41,CT TT Tài chính - Ngân hàng
118738,NTH,ct-tt-tai-chinh-ngan-hang,D01,Điểm học bạ,2025,28.41,CT TT Tài chính - Ngân hàng
118739,NTH,ct-tt-tai-chinh-ngan-hang,D07,Điểm học bạ,2025,28.41,CT TT Tài chính - Ngân hàng
118740,NTH,ct-tt-tai-chinh-ngan-hang,A01,Điểm thi THPT,2025,27.0,CT TT Tài chính - Ngân hàng
118741,NTH,ct-tt-tai-chinh-ngan-hang,D01,Điểm thi THPT,2025,27.0,CT TT Tài chính - Ngân hàng
118742,NTH,ct-tt-tai-chinh-ngan-hang,D07,Điểm thi THPT,2025,27.0,CT TT Tài chính - Ngân hàng
118743,NTH,ke-toan-kinh-doanh-quoc-te,A00,Điểm thi THPT,2021,24.0,"Kế toán, Kinh doanh quốc tế"
118744,NTH,ke-toan-kinh-doanh-quoc-te,A01,Điểm thi THPT,2021,24.0,"Kế toán, Kinh doanh quốc tế"
118745,NTH,ke-toan-kinh-doanh-quoc-te,D01,Điểm thi THPT,2021,24.0,"Kế toán, Kinh doanh quốc tế"
118746,NTH,ke-toan-kinh-doanh-quoc-te,D07,Điểm thi THPT,2021,24.0,"Kế toán, Kinh doanh quốc tế"
118747,NTH,ke-toan-nganh-tai-chinh-ngan-hang,A00,Điểm thi THPT,2023,27.45,Ngành Kế toán Ngành Tài chính - Ngân hàng
118748,NTH,ke-toan-nganh-tai-chinh-ngan-hang,A01,Điểm thi THPT,2023,26.95,Ngành Kế toán Ngành Tài chính - Ngân hàng
118749,NTH,ke-toan-nganh-tai-chinh-ngan-hang,D01,Điểm thi THPT,2023,26.95,Ngành Kế toán Ngành Tài chính - Ngân hàng
118750,NTH,ke-toan-nganh-tai-chinh-ngan-hang,D07,Điểm thi THPT,2023,26.95,Ngành Kế toán Ngành Tài chính - Ngân hàng
118751,NTH,ke-toan-nganh-tai-chinh-ngan-hang,A00,Điểm thi THPT,2024,27.8,Ngành Kế toán Ngành Tài chính - Ngân hàng
118752,NTH,ke-toan-nganh-tai-chinh-ngan-hang,A01,Điểm thi THPT,2024,27.3,Ngành Kế toán Ngành Tài chính - Ngân hàng
118753,NTH,ke-toan-nganh-tai-chinh-ngan-hang,D01,Điểm thi THPT,2024,27.3,Ngành Kế toán Ngành Tài chính - Ngân hàng
118754,NTH,ke-toan-nganh-tai-chinh-ngan-hang,D02,Điểm thi THPT,2024,27.3,Ngành Kế toán Ngành Tài chính - Ngân hàng
118755,NTH,ke-toan-nganh-tai-chinh-ngan-hang,D03,Điểm thi THPT,2024,27.3,Ngành Kế toán Ngành Tài chính - Ngân hàng
118756,NTH,ke-toan-nganh-tai-chinh-ngan-hang,D04,Điểm thi THPT,2024,27.3,Ngành Kế toán Ngành Tài chính - Ngân hàng
118757,NTH,ke-toan-nganh-tai-chinh-ngan-hang,D06,Điểm thi THPT,2024,27.3,Ngành Kế toán Ngành Tài chính - Ngân hàng
118758,NTH,ke-toan-nganh-tai-chinh-ngan-hang,D07,Điểm thi THPT,2024,27.3,Ngành Kế toán Ngành Tài chính - Ngân hàng
118759,NTH,ke-toan-tai-chinh-ngan-hang,A00,Điểm thi THPT,2022,27.8,Nhóm ngành: - Kế toán - Tài chính - Ngân hàng
118760,NTH,ke-toan-tai-chinh-ngan-hang,A01,Điểm thi THPT,2022,27.3,Nhóm ngành: - Kế toán - Tài chính - Ngân hàng
118761,NTH,ke-toan-tai-chinh-ngan-hang,D01,Điểm thi THPT,2022,27.3,Nhóm ngành: - Kế toán - Tài chính - Ngân hàng
118762,NTH,ke-toan-tai-chinh-ngan-hang,D03,Điểm thi THPT,2022,27.3,Nhóm ngành: - Kế toán - Tài chính - Ngân hàng
118763,NTH,ke-toan-tai-chinh-ngan-hang,D05,Điểm thi THPT,2022,27.3,Nhóm ngành: - Kế toán - Tài chính - Ngân hàng
118764,NTH,ke-toan-tai-chinh-ngan-hang,D06,Điểm thi THPT,2022,27.3,Nhóm ngành: - Kế toán - Tài chính - Ngân hàng
118765,NTH,ke-toan-tai-chinh-ngan-hang,D07,Điểm thi THPT,2022,27.3,Nhóm ngành: - Kế toán - Tài chính - Ngân hàng
118766,NTH,khoa-hoc-may-tinh,A00,Điểm thi THPT,2024,27.2,Ngành Khoa học máy tính
118767,NTH,khoa-hoc-may-tinh,A01,Điểm thi THPT,2024,27.2,Ngành Khoa học máy tính
118768,NTH,khoa-hoc-may-tinh,D07,Điểm thi THPT,2024,27.2,Ngành Khoa học máy tính
118769,NTH,kinh-te,A00,Điểm thi THPT,2023,28.3,Ngành Kinh tế
118770,NTH,kinh-te,A01,Điểm thi THPT,2023,27.8,Ngành Kinh tế
118771,NTH,kinh-te,D01,Điểm thi THPT,2023,27.8,Ngành Kinh tế
118772,NTH,kinh-te,D02,Điểm thi THPT,2023,27.8,Ngành Kinh tế
118773,NTH,kinh-te,D03,Điểm thi THPT,2023,27.8,Ngành Kinh tế
118774,NTH,kinh-te,D04,Điểm thi THPT,2023,27.8,Ngành Kinh tế
118775,NTH,kinh-te,D06,Điểm thi THPT,2023,27.8,Ngành Kinh tế
118776,NTH,kinh-te,D07,Điểm thi THPT,2023,27.8,Ngành Kinh tế
118777,NTH,kinh-te,A00,Điểm thi THPT,2024,28.0,Ngành Kinh tế
118778,NTH,kinh-te,A01,Điểm thi THPT,2024,27.5,Ngành Kinh tế
118779,NTH,kinh-te,D01,Điểm thi THPT,2024,27.5,Ngành Kinh tế
118780,NTH,kinh-te,D02,Điểm thi THPT,2024,27.5,Ngành Kinh tế
118781,NTH,kinh-te,D03,Điểm thi THPT,2024,27.5,Ngành Kinh tế
118782,NTH,kinh-te,D04,Điểm thi THPT,2024,27.5,Ngành Kinh tế
118783,NTH,kinh-te,D06,Điểm thi THPT,2024,27.5,Ngành Kinh tế
118784,NTH,kinh-te,D07,Điểm thi THPT,2024,27.5,Ngành Kinh tế
118785,NTH,kinh-te-chinh-tri,A00,Điểm thi THPT,2023,26.9,Ngành Kinh tế chính trị
118786,NTH,kinh-te-chinh-tri,A01,Điểm thi THPT,2023,26.4,Ngành Kinh tế chính trị
118787,NTH,kinh-te-chinh-tri,D01,Điểm thi THPT,2023,26.4,Ngành Kinh tế chính trị
118788,NTH,kinh-te-chinh-tri,D07,Điểm thi THPT,2023,26.4,Ngành Kinh tế chính trị
118789,NTH,kinh-te-chinh-tri,A00,Điểm thi THPT,2024,27.2,Ngành Kinh tế chính trị
118790,NTH,kinh-te-chinh-tri,A01,Điểm thi THPT,2024,26.7,Ngành Kinh tế chính trị
118791,NTH,kinh-te-chinh-tri,D01,Điểm thi THPT,2024,26.7,Ngành Kinh tế chính trị
118792,NTH,kinh-te-chinh-tri,D07,Điểm thi THPT,2024,26.7,Ngành Kinh tế chính trị
118793,NTH,kinh-te-kinh-te-quoc-te,A00,Điểm thi THPT,2021,28.5,Ngành Kinh tế; Kinh tế Quốc tế
118794,NTH,kinh-te-kinh-te-quoc-te,A01,Điểm thi THPT,2021,28.0,Ngành Kinh tế; Kinh tế Quốc tế
118795,NTH,kinh-te-kinh-te-quoc-te,D01,Điểm thi THPT,2021,28.0,Ngành Kinh tế; Kinh tế Quốc tế
118796,NTH,kinh-te-kinh-te-quoc-te,D02,Điểm thi THPT,2021,26.5,Ngành Kinh tế; Kinh tế Quốc tế
118797,NTH,kinh-te-kinh-te-quoc-te,D03,Điểm thi THPT,2021,28.0,Ngành Kinh tế; Kinh tế Quốc tế
118798,NTH,kinh-te-kinh-te-quoc-te,D04,Điểm thi THPT,2021,28.0,Ngành Kinh tế; Kinh tế Quốc tế
118799,NTH,kinh-te-kinh-te-quoc-te,D06,Điểm thi THPT,2021,28.0,Ngành Kinh tế; Kinh tế Quốc tế
118800,NTH,kinh-te-kinh-te-quoc-te,D07,Điểm thi THPT,2021,28.0,Ngành Kinh tế; Kinh tế Quốc tế
118801,NTH,kinh-te-kinh-te-quoc-te,A00,Điểm thi THPT,2022,28.4,Nhóm ngành: - Kinh tế - Kinh tế quốc tế
118802,NTH,kinh-te-kinh-te-quoc-te,A01,Điểm thi THPT,2022,27.9,Nhóm ngành: - Kinh tế - Kinh tế quốc tế
118803,NTH,kinh-te-kinh-te-quoc-te,D01,Điểm thi THPT,2022,27.9,Nhóm ngành: - Kinh tế - Kinh tế quốc tế
118804,NTH,kinh-te-kinh-te-quoc-te,D03,Điểm thi THPT,2022,27.9,Nhóm ngành: - Kinh tế - Kinh tế quốc tế
118805,NTH,kinh-te-kinh-te-quoc-te,D05,Điểm thi THPT,2022,27.9,Nhóm ngành: - Kinh tế - Kinh tế quốc tế
118806,NTH,kinh-te-kinh-te-quoc-te,D06,Điểm thi THPT,2022,27.9,Nhóm ngành: - Kinh tế - Kinh tế quốc tế
118807,NTH,kinh-te-kinh-te-quoc-te,D07,Điểm thi THPT,2022,27.9,Nhóm ngành: - Kinh tế - Kinh tế quốc tế
118808,NTH,kinh-te-quoc-te,A00,Điểm thi THPT,2023,28.0,Ngành Kinh tế quốc tế
118809,NTH,kinh-te-quoc-te,A01,Điểm thi THPT,2023,27.5,Ngành Kinh tế quốc tế
118810,NTH,kinh-te-quoc-te,D01,Điểm thi THPT,2023,27.5,Ngành Kinh tế quốc tế
118811,NTH,kinh-te-quoc-te,D03,Điểm thi THPT,2023,27.5,Ngành Kinh tế quốc tế
118812,NTH,kinh-te-quoc-te,D07,Điểm thi THPT,2023,27.5,Ngành Kinh tế quốc tế
118813,NTH,kinh-te-quoc-te,A00,Điểm thi THPT,2024,28.0,Ngành Kinh tế quốc tế
118814,NTH,kinh-te-quoc-te,A01,Điểm thi THPT,2024,27.5,Ngành Kinh tế quốc tế
118815,NTH,kinh-te-quoc-te,D01,Điểm thi THPT,2024,27.5,Ngành Kinh tế quốc tế
118816,NTH,kinh-te-quoc-te,D02,Điểm thi THPT,2024,27.5,Ngành Kinh tế quốc tế
118817,NTH,kinh-te-quoc-te,D03,Điểm thi THPT,2024,27.5,Ngành Kinh tế quốc tế
118818,NTH,kinh-te-quoc-te,D04,Điểm thi THPT,2024,27.5,Ngành Kinh tế quốc tế
118819,NTH,kinh-te-quoc-te,D06,Điểm thi THPT,2024,27.5,Ngành Kinh tế quốc tế
118820,NTH,kinh-te-quoc-te,D07,Điểm thi THPT,2024,27.5,Ngành Kinh tế quốc tế
118821,NTH,luat,A00,Điểm thi THPT,2021,28.05,Nhóm ngành Luật
118822,NTH,luat,A01,Điểm thi THPT,2021,27.55,Nhóm ngành Luật
118823,NTH,luat,D01,Điểm thi THPT,2021,27.55,Nhóm ngành Luật
118824,NTH,luat,D07,Điểm thi THPT,2021,27.55,Nhóm ngành Luật
118825,NTH,luat,A00,Điểm thi THPT,2022,27.5,Ngành Luật
118826,NTH,luat,A01,Điểm thi THPT,2022,27.0,Ngành Luật
118827,NTH,luat,D01,Điểm thi THPT,2022,27.0,Ngành Luật
118828,NTH,luat,D03,Điểm thi THPT,2022,27.0,Ngành Luật
118829,NTH,luat,D05,Điểm thi THPT,2022,27.0,Ngành Luật
118830,NTH,luat,D06,Điểm thi THPT,2022,27.0,Ngành Luật
118831,NTH,luat,D07,Điểm thi THPT,2022,27.0,Ngành Luật
118832,NTH,luat,A00,Điểm thi THPT,2023,26.9,Ngành Luật
118833,NTH,luat,A01,Điểm thi THPT,2023,26.4,Ngành Luật
118834,NTH,luat,D01,Điểm thi THPT,2023,26.4,Ngành Luật
118835,NTH,luat,D07,Điểm thi THPT,2023,26.4,Ngành Luật
118836,NTH,luat,A00,Điểm thi THPT,2024,27.5,Ngành Luật
118837,NTH,luat,A01,Điểm thi THPT,2024,27.0,Ngành Luật
118838,NTH,luat,D01,Điểm thi THPT,2024,27.0,Ngành Luật
118839,NTH,luat,D02,Điểm thi THPT,2024,27.0,Ngành Luật
118840,NTH,luat,D03,Điểm thi THPT,2024,27.0,Ngành Luật
118841,NTH,luat,D04,Điểm thi THPT,2024,27.0,Ngành Luật
118842,NTH,luat,D06,Điểm thi THPT,2024,27.0,Ngành Luật
118843,NTH,luat,D07,Điểm thi THPT,2024,27.0,Ngành Luật
118844,NTH,ngon-ngu-anh,D01,Điểm thi THPT,2021,37.55,Ngôn ngữ Anh
118845,NTH,ngon-ngu-anh,D01,Điểm thi THPT,2022,36.4,Ngành Ngôn ngữ Anh
118846,NTH,ngon-ngu-anh,D01,Điểm thi THPT,2023,27.5,Ngành ngôn ngữ Anh
118847,NTH,ngon-ngu-anh,D01,Điểm thi THPT,2024,27.0,Ngành Ngôn ngữ Anh
118848,NTH,ngon-ngu-nhat,D01,Điểm thi THPT,2021,37.2,Ngôn ngữ Nhật
118849,NTH,ngon-ngu-nhat,D06,Điểm thi THPT,2021,35.2,Ngôn ngữ Nhật
118850,NTH,ngon-ngu-nhat,D01,Điểm thi THPT,2022,36.0,Ngành Ngôn ngữ Nhật
118851,NTH,ngon-ngu-nhat,D06,Điểm thi THPT,2022,35.0,Ngành Ngôn ngữ Nhật
118852,NTH,ngon-ngu-nhat,D01,Điểm thi THPT,2023,26.8,Ngành ngôn ngữ Nhật
118853,NTH,ngon-ngu-nhat,D06,Điểm thi THPT,2023,25.8,Ngành ngôn ngữ Nhật
118854,NTH,ngon-ngu-nhat,D01,Điểm thi THPT,2024,26.0,Ngành Ngôn ngữ Nhật
118855,NTH,ngon-ngu-nhat,D06,Điểm thi THPT,2024,25.25,Ngành Ngôn ngữ Nhật
118856,NTH,ngon-ngu-phap,D01,Điểm thi THPT,2021,36.75,Ngôn Ngữ Pháp
118857,NTH,ngon-ngu-phap,D03,Điểm thi THPT,2021,34.75,Ngôn Ngữ Pháp
118858,NTH,ngon-ngu-phap,D01,Điểm thi THPT,2022,35.0,Ngành Ngôn ngữ Pháp
118859,NTH,ngon-ngu-phap,D03,Điểm thi THPT,2022,34.0,Ngành Ngôn ngữ Pháp
118860,NTH,ngon-ngu-phap,D01,Điểm thi THPT,2023,26.2,Ngành ngôn ngữ Pháp
118861,NTH,ngon-ngu-phap,D03,Điểm thi THPT,2023,25.2,Ngành ngôn ngữ Pháp
118862,NTH,ngon-ngu-phap,D01,Điểm thi THPT,2024,26.0,Ngành Ngôn ngữ Pháp
118863,NTH,ngon-ngu-phap,D03,Điểm thi THPT,2024,25.25,Ngành Ngôn ngữ Pháp
118864,NTH,ngon-ngu-trung,D01,Điểm thi THPT,2021,39.35,Ngôn ngữ Trung
118865,NTH,ngon-ngu-trung,D04,Điểm thi THPT,2021,37.35,Ngôn ngữ Trung
118866,NTH,ngon-ngu-trung,D01,Điểm thi THPT,2022,36.6,Ngành Ngôn ngữ Trung
118867,NTH,ngon-ngu-trung,D04,Điểm thi THPT,2022,35.6,Ngành Ngôn ngữ Trung
118868,NTH,ngon-ngu-trung,D01,Điểm thi THPT,2023,28.5,Ngành ngôn ngữ Trung
118869,NTH,ngon-ngu-trung,D04,Điểm thi THPT,2023,27.5,Ngành ngôn ngữ Trung
118870,NTH,ngon-ngu-trung,D01,Điểm thi THPT,2024,28.5,Ngành Ngôn ngữ Trung
118871,NTH,ngon-ngu-trung,D04,Điểm thi THPT,2024,27.75,Ngành Ngôn ngữ Trung
118872,NTH,quan-tri-kinh-doanh-kinh-doanh-quoc-te-quan-tri-khach-san,A00,Điểm thi THPT,2021,28.45,"Quản trị kinh doanh, Kinh doanh quốc tế, Quản trị khách sạn"
118873,NTH,quan-tri-kinh-doanh-kinh-doanh-quoc-te-quan-tri-khach-san,A01,Điểm thi THPT,2021,27.95,"Quản trị kinh doanh, Kinh doanh quốc tế, Quản trị khách sạn"
118874,NTH,quan-tri-kinh-doanh-kinh-doanh-quoc-te-quan-tri-khach-san,D01,Điểm thi THPT,2021,27.95,"Quản trị kinh doanh, Kinh doanh quốc tế, Quản trị khách sạn"
118875,NTH,quan-tri-kinh-doanh-kinh-doanh-quoc-te-quan-tri-khach-san,D06,Điểm thi THPT,2021,27.95,"Quản trị kinh doanh, Kinh doanh quốc tế, Quản trị khách sạn"
118876,NTH,quan-tri-kinh-doanh-kinh-doanh-quoc-te-quan-tri-khach-san,D07,Điểm thi THPT,2021,27.95,"Quản trị kinh doanh, Kinh doanh quốc tế, Quản trị khách sạn"
118877,NTH,quan-tri-kinh-doanh-kinh-doanh-quoc-te-quan-tri-khach-san-marketing,A00,Điểm thi THPT,2022,28.2,Nhóm ngành: - Quản trị kinh doanh - Kinh doanh quốc tế - Quản trị khách sạn - Marketing
118878,NTH,quan-tri-kinh-doanh-kinh-doanh-quoc-te-quan-tri-khach-san-marketing,A01,Điểm thi THPT,2022,27.7,Nhóm ngành: - Quản trị kinh doanh - Kinh doanh quốc tế - Quản trị khách sạn - Marketing
118879,NTH,quan-tri-kinh-doanh-kinh-doanh-quoc-te-quan-tri-khach-san-marketing,D01,Điểm thi THPT,2022,27.7,Nhóm ngành: - Quản trị kinh doanh - Kinh doanh quốc tế - Quản trị khách sạn - Marketing
118880,NTH,quan-tri-kinh-doanh-kinh-doanh-quoc-te-quan-tri-khach-san-marketing,D03,Điểm thi THPT,2022,27.7,Nhóm ngành: - Quản trị kinh doanh - Kinh doanh quốc tế - Quản trị khách sạn - Marketing
118881,NTH,quan-tri-kinh-doanh-kinh-doanh-quoc-te-quan-tri-khach-san-marketing,D05,Điểm thi THPT,2022,27.7,Nhóm ngành: - Quản trị kinh doanh - Kinh doanh quốc tế - Quản trị khách sạn - Marketing
118882,NTH,quan-tri-kinh-doanh-kinh-doanh-quoc-te-quan-tri-khach-san-marketing,D06,Điểm thi THPT,2022,27.7,Nhóm ngành: - Quản trị kinh doanh - Kinh doanh quốc tế - Quản trị khách sạn - Marketing
118883,NTH,quan-tri-kinh-doanh-kinh-doanh-quoc-te-quan-tri-khach-san-marketing,D07,Điểm thi THPT,2022,27.7,Nhóm ngành: - Quản trị kinh doanh - Kinh doanh quốc tế - Quản trị khách sạn - Marketing
118884,NTH,quan-tri-kinh-doanh-nganh-kinh-doanh-quoc-te-nganh-quan-tri-khach-san-nganh-marketing,A00,Điểm thi THPT,2023,27.7,Ngành Quản trị kinh doanh Ngành Kinh doanh quốc tế Ngành quản trị khách sạn Ngành Marketing
118885,NTH,quan-tri-kinh-doanh-nganh-kinh-doanh-quoc-te-nganh-quan-tri-khach-san-nganh-marketing,A01,Điểm thi THPT,2023,27.2,Ngành Quản trị kinh doanh Ngành Kinh doanh quốc tế Ngành quản trị khách sạn Ngành Marketing
118886,NTH,quan-tri-kinh-doanh-nganh-kinh-doanh-quoc-te-nganh-quan-tri-khach-san-nganh-marketing,D01,Điểm thi THPT,2023,27.2,Ngành Quản trị kinh doanh Ngành Kinh doanh quốc tế Ngành quản trị khách sạn Ngành Marketing
118887,NTH,quan-tri-kinh-doanh-nganh-kinh-doanh-quoc-te-nganh-quan-tri-khach-san-nganh-marketing,D07,Điểm thi THPT,2023,27.2,Ngành Quản trị kinh doanh Ngành Kinh doanh quốc tế Ngành quản trị khách sạn Ngành Marketing
118888,NTH,quan-tri-kinh-doanh-nganh-kinh-doanh-quoc-te-nganh-quan-tri-khach-san-nganh-marketing,A00,Điểm thi THPT,2024,28.1,Ngành Quản trị kinh doanh Ngành Kinh doanh quốc tế Ngành quản trị khách sạn Ngành Marketing
118889,NTH,quan-tri-kinh-doanh-nganh-kinh-doanh-quoc-te-nganh-quan-tri-khach-san-nganh-marketing,A01,Điểm thi THPT,2024,27.6,Ngành Quản trị kinh doanh Ngành Kinh doanh quốc tế Ngành quản trị khách sạn Ngành Marketing
118890,NTH,quan-tri-kinh-doanh-nganh-kinh-doanh-quoc-te-nganh-quan-tri-khach-san-nganh-marketing,D01,Điểm thi THPT,2024,27.6,Ngành Quản trị kinh doanh Ngành Kinh doanh quốc tế Ngành quản trị khách sạn Ngành Marketing
118891,NTH,quan-tri-kinh-doanh-nganh-kinh-doanh-quoc-te-nganh-quan-tri-khach-san-nganh-marketing,D02,Điểm thi THPT,2024,27.6,Ngành Quản trị kinh doanh Ngành Kinh doanh quốc tế Ngành quản trị khách sạn Ngành Marketing
118892,NTH,quan-tri-kinh-doanh-nganh-kinh-doanh-quoc-te-nganh-quan-tri-khach-san-nganh-marketing,D03,Điểm thi THPT,2024,27.6,Ngành Quản trị kinh doanh Ngành Kinh doanh quốc tế Ngành quản trị khách sạn Ngành Marketing
118893,NTH,quan-tri-kinh-doanh-nganh-kinh-doanh-quoc-te-nganh-quan-tri-khach-san-nganh-marketing,D04,Điểm thi THPT,2024,27.6,Ngành Quản trị kinh doanh Ngành Kinh doanh quốc tế Ngành quản trị khách sạn Ngành Marketing
118894,NTH,quan-tri-kinh-doanh-nganh-kinh-doanh-quoc-te-nganh-quan-tri-khach-san-nganh-marketing,D06,Điểm thi THPT,2024,27.6,Ngành Quản trị kinh doanh Ngành Kinh doanh quốc tế Ngành quản trị khách sạn Ngành Marketing
118895,NTH,quan-tri-kinh-doanh-nganh-kinh-doanh-quoc-te-nganh-quan-tri-khach-san-nganh-marketing,D07,Điểm thi THPT,2024,27.6,Ngành Quản trị kinh doanh Ngành Kinh doanh quốc tế Ngành quản trị khách sạn Ngành Marketing
118896,NTH,tai-chinh-ngan-hang-ke-toan,A00,Điểm thi THPT,2021,28.25,Nhóm ngành (Tài chính - Ngân Hàng; Kế toán)
118897,NTH,tai-chinh-ngan-hang-ke-toan,A01,Điểm thi THPT,2021,27.75,Nhóm ngành (Tài chính - Ngân Hàng; Kế toán)
118898,NTH,tai-chinh-ngan-hang-ke-toan,D01,Điểm thi THPT,2021,27.75,Nhóm ngành (Tài chính - Ngân Hàng; Kế toán)
118899,NTH,tai-chinh-ngan-hang-ke-toan,D07,Điểm thi THPT,2021,27.75,Nhóm ngành (Tài chính - Ngân Hàng; Kế toán)
118900,NTH,tieng-nhat-thuong-mai,D01,Điểm thi THPT,2024,26.0,Chương trình CLC ngành Tiếng Nhật thương mại
118901,NTH,tieng-nhat-thuong-mai,D06,Điểm thi THPT,2024,25.25,Chương trình CLC ngành Tiếng Nhật thương mại
118902,NTS,chuong-trinh-dhnnqt-logistics-va-quan-ly-chuoi-cung-ung,A00,Điểm học bạ,2024,31.0,Chương trình ĐHNNQT Logistics và Quản lý chuỗi cung ứng
118903,NTS,chuong-trinh-dhnnqt-logistics-va-quan-ly-chuoi-cung-ung,A01,Điểm học bạ,2024,31.0,Chương trình ĐHNNQT Logistics và Quản lý chuỗi cung ứng
118904,NTS,chuong-trinh-dhnnqt-logistics-va-quan-ly-chuoi-cung-ung,D01,Điểm học bạ,2024,31.0,Chương trình ĐHNNQT Logistics và Quản lý chuỗi cung ứng
118905,NTS,chuong-trinh-dhnnqt-logistics-va-quan-ly-chuoi-cung-ung,D07,Điểm học bạ,2024,31.0,Chương trình ĐHNNQT Logistics và Quản lý chuỗi cung ứng
118906,NTS,chuong-trinh-dhnnqt-truyen-thong-marketing-tich-hop,A00,Điểm học bạ,2024,28.13,Chương trình ĐHNNQT Truyền thông Marketing tích hợp
118907,NTS,chuong-trinh-dhnnqt-truyen-thong-marketing-tich-hop,A01,Điểm học bạ,2024,28.13,Chương trình ĐHNNQT Truyền thông Marketing tích hợp
118908,NTS,chuong-trinh-dhnnqt-truyen-thong-marketing-tich-hop,D01,Điểm học bạ,2024,28.13,Chương trình ĐHNNQT Truyền thông Marketing tích hợp
118909,NTS,chuong-trinh-dhnnqt-truyen-thong-marketing-tich-hop,D07,Điểm học bạ,2024,28.13,Chương trình ĐHNNQT Truyền thông Marketing tích hợp
118910,NTS,chuong-trinh-tien-chuan-kinh-te-doi-ngoai,A00,Điểm học bạ,2024,27.0,Chương trình tiên chuẩn Kinh tế đối ngoại
118911,NTS,chuong-trinh-tien-chuan-kinh-te-doi-ngoai,A01,Điểm học bạ,2024,27.0,Chương trình tiên chuẩn Kinh tế đối ngoại
118912,NTS,chuong-trinh-tien-chuan-kinh-te-doi-ngoai,D01,Điểm học bạ,2024,27.0,Chương trình tiên chuẩn Kinh tế đối ngoại
118913,NTS,chuong-trinh-tien-chuan-kinh-te-doi-ngoai,D06,Điểm học bạ,2024,27.0,Chương trình tiên chuẩn Kinh tế đối ngoại
118914,NTS,chuong-trinh-tien-chuan-kinh-te-doi-ngoai,D07,Điểm học bạ,2024,27.0,Chương trình tiên chuẩn Kinh tế đối ngoại
118915,NTS,chuong-trinh-tieu-chuan-ke-toan-kiem-toan,A00,Điểm học bạ,2024,29.3,Chương trinh tiêu chuẩn Kế toán - Kiểm toán
118916,NTS,chuong-trinh-tieu-chuan-ke-toan-kiem-toan,A01,Điểm học bạ,2024,29.3,Chương trinh tiêu chuẩn Kế toán - Kiểm toán
118917,NTS,chuong-trinh-tieu-chuan-ke-toan-kiem-toan,D01,Điểm học bạ,2024,29.3,Chương trinh tiêu chuẩn Kế toán - Kiểm toán
118918,NTS,chuong-trinh-tieu-chuan-ke-toan-kiem-toan,D07,Điểm học bạ,2024,29.3,Chương trinh tiêu chuẩn Kế toán - Kiểm toán
118919,NTS,chuong-trinh-tieu-chuan-quan-tri-kinh-doanh-quoc-te,A01,Điểm học bạ,2024,26.5,Chương trình tiêu chuẩn Quản trị kinh doanh quốc tế
118920,NTS,chuong-trinh-tieu-chuan-quan-tri-kinh-doanh-quoc-te,D01,Điểm học bạ,2024,26.5,Chương trình tiêu chuẩn Quản trị kinh doanh quốc tế
118921,NTS,chuong-trinh-tieu-chuan-quan-tri-kinh-doanh-quoc-te,D07,Điểm học bạ,2024,26.5,Chương trình tiêu chuẩn Quản trị kinh doanh quốc tế
118922,NTS,chuong-trinh-tieu-chuan-tai-chinh-quoc-te,A00,Điểm học bạ,2024,29.5,Chương trình tiêu chuẩn Tài chính quốc tế
118923,NTS,chuong-trinh-tieu-chuan-tai-chinh-quoc-te,A01,Điểm học bạ,2024,29.5,Chương trình tiêu chuẩn Tài chính quốc tế
118924,NTS,chuong-trinh-tieu-chuan-tai-chinh-quoc-te,D01,Điểm học bạ,2024,29.5,Chương trình tiêu chuẩn Tài chính quốc tế
118925,NTS,chuong-trinh-tieu-chuan-tai-chinh-quoc-te,D07,Điểm học bạ,2024,29.5,Chương trình tiêu chuẩn Tài chính quốc tế
118926,NTS,ct-clc-kinh-te-doi-ngoai,A01,Điểm học bạ,2025,28.01,CT CLC Kinh tế đối ngoại
118927,NTS,ct-clc-kinh-te-doi-ngoai,D01,Điểm học bạ,2025,28.01,CT CLC Kinh tế đối ngoại
118928,NTS,ct-clc-kinh-te-doi-ngoai,D07,Điểm học bạ,2025,28.01,CT CLC Kinh tế đối ngoại
118929,NTS,ct-clc-kinh-te-doi-ngoai,A01,Điểm thi THPT,2025,26.35,CT CLC Kinh tế đối ngoại
118930,NTS,ct-clc-kinh-te-doi-ngoai,D01,Điểm thi THPT,2025,26.35,CT CLC Kinh tế đối ngoại
118931,NTS,ct-clc-kinh-te-doi-ngoai,D07,Điểm thi THPT,2025,26.35,CT CLC Kinh tế đối ngoại
118932,NTS,ct-clc-quan-tri-kinh-doanh,A01,Điểm học bạ,2025,27.68,CT CLC Quản tri kinh doanh
118933,NTS,ct-clc-quan-tri-kinh-doanh,D01,Điểm học bạ,2025,27.68,CT CLC Quản tri kinh doanh
118934,NTS,ct-clc-quan-tri-kinh-doanh,D07,Điểm học bạ,2025,27.68,CT CLC Quản tri kinh doanh
118935,NTS,ct-clc-quan-tri-kinh-doanh,A01,Điểm thi THPT,2025,25.65,CT CLC Quản tri kinh doanh
118936,NTS,ct-clc-quan-tri-kinh-doanh,D01,Điểm thi THPT,2025,25.65,CT CLC Quản tri kinh doanh
118937,NTS,ct-clc-quan-tri-kinh-doanh,D07,Điểm thi THPT,2025,25.65,CT CLC Quản tri kinh doanh
118938,NTS,ct-clc-tai-chinh-ngan-hang,A01,Điểm học bạ,2025,27.89,CT CLC Tài chinh - Ngân hàng
118939,NTS,ct-clc-tai-chinh-ngan-hang,D01,Điểm học bạ,2025,27.89,CT CLC Tài chinh - Ngân hàng
118940,NTS,ct-clc-tai-chinh-ngan-hang,D07,Điểm học bạ,2025,27.89,CT CLC Tài chinh - Ngân hàng
118941,NTS,ct-clc-tai-chinh-ngan-hang,A01,Điểm thi THPT,2025,26.2,CT CLC Tài chinh - Ngân hàng
118942,NTS,ct-clc-tai-chinh-ngan-hang,D01,Điểm thi THPT,2025,26.2,CT CLC Tài chinh - Ngân hàng
118943,NTS,ct-clc-tai-chinh-ngan-hang,D07,Điểm thi THPT,2025,26.2,CT CLC Tài chinh - Ngân hàng
118944,NTS,ct-dhnnqt-logistics-va-quan-ly-chuoi-cung-ung,A00,Điểm học bạ,2025,28.77,CT ĐHNNQT Logistics và Quản lý chuỗi cung ứng
118945,NTS,ct-dhnnqt-logistics-va-quan-ly-chuoi-cung-ung,A01,Điểm học bạ,2025,28.77,CT ĐHNNQT Logistics và Quản lý chuỗi cung ứng
118946,NTS,ct-dhnnqt-logistics-va-quan-ly-chuoi-cung-ung,D01,Điểm học bạ,2025,28.77,CT ĐHNNQT Logistics và Quản lý chuỗi cung ứng
118947,NTS,ct-dhnnqt-logistics-va-quan-ly-chuoi-cung-ung,D07,Điểm học bạ,2025,28.77,CT ĐHNNQT Logistics và Quản lý chuỗi cung ứng
118948,NTS,ct-dhnnqt-logistics-va-quan-ly-chuoi-cung-ung,A00,Điểm thi THPT,2025,28.3,CT ĐHNNQT Logistics và Quản lý chuỗi cung ứng
118949,NTS,ct-dhnnqt-logistics-va-quan-ly-chuoi-cung-ung,A01,Điểm thi THPT,2025,28.3,CT ĐHNNQT Logistics và Quản lý chuỗi cung ứng
118950,NTS,ct-dhnnqt-logistics-va-quan-ly-chuoi-cung-ung,D01,Điểm thi THPT,2025,28.3,CT ĐHNNQT Logistics và Quản lý chuỗi cung ứng
118951,NTS,ct-dhnnqt-logistics-va-quan-ly-chuoi-cung-ung,D07,Điểm thi THPT,2025,28.3,CT ĐHNNQT Logistics và Quản lý chuỗi cung ứng
118952,NTS,ct-dhnnqt-truyen-thong-marketing-tich-hop,A00,Điểm học bạ,2025,28.02,CT ĐHNNQT truyền thông Marketing tích hợp
118953,NTS,ct-dhnnqt-truyen-thong-marketing-tich-hop,A01,Điểm học bạ,2025,28.02,CT ĐHNNQT truyền thông Marketing tích hợp
118954,NTS,ct-dhnnqt-truyen-thong-marketing-tich-hop,D01,Điểm học bạ,2025,28.02,CT ĐHNNQT truyền thông Marketing tích hợp
118955,NTS,ct-dhnnqt-truyen-thong-marketing-tich-hop,D07,Điểm học bạ,2025,28.02,CT ĐHNNQT truyền thông Marketing tích hợp
118956,NTS,ct-dhnnqt-truyen-thong-marketing-tich-hop,A00,Điểm thi THPT,2025,27.5,CT ĐHNNQT truyền thông Marketing tích hợp
118957,NTS,ct-dhnnqt-truyen-thong-marketing-tich-hop,A01,Điểm thi THPT,2025,27.5,CT ĐHNNQT truyền thông Marketing tích hợp
118958,NTS,ct-dhnnqt-truyen-thong-marketing-tich-hop,D01,Điểm thi THPT,2025,27.5,CT ĐHNNQT truyền thông Marketing tích hợp
118959,NTS,ct-dhnnqt-truyen-thong-marketing-tich-hop,D07,Điểm thi THPT,2025,27.5,CT ĐHNNQT truyền thông Marketing tích hợp
118960,NTS,ct-tc-ke-toan-kiem-toan,A00,Điểm học bạ,2025,28.0,CT TC Kế toán - Kiểm toán
118961,NTS,ct-tc-ke-toan-kiem-toan,A01,Điểm học bạ,2025,28.0,CT TC Kế toán - Kiểm toán
118962,NTS,ct-tc-ke-toan-kiem-toan,D01,Điểm học bạ,2025,28.0,CT TC Kế toán - Kiểm toán
118963,NTS,ct-tc-ke-toan-kiem-toan,D07,Điểm học bạ,2025,28.0,CT TC Kế toán - Kiểm toán
118964,NTS,ct-tc-ke-toan-kiem-toan,A00,Điểm thi THPT,2025,26.45,CT TC Kế toán - Kiểm toán
118965,NTS,ct-tc-ke-toan-kiem-toan,A01,Điểm thi THPT,2025,25.45,CT TC Kế toán - Kiểm toán
118966,NTS,ct-tc-ke-toan-kiem-toan,D01,Điểm thi THPT,2025,25.45,CT TC Kế toán - Kiểm toán
118967,NTS,ct-tc-ke-toan-kiem-toan,D07,Điểm thi THPT,2025,25.45,CT TC Kế toán - Kiểm toán
118968,NTS,ct-tc-kinh-te-doi-ngoai,A00,Điểm học bạ,2025,28.33,CT TC Kinh tế đối ngoại
118969,NTS,ct-tc-kinh-te-doi-ngoai,A01,Điểm học bạ,2025,28.33,CT TC Kinh tế đối ngoại
118970,NTS,ct-tc-kinh-te-doi-ngoai,D01,Điểm học bạ,2025,28.33,CT TC Kinh tế đối ngoại
118971,NTS,ct-tc-kinh-te-doi-ngoai,D06,Điểm học bạ,2025,28.33,CT TC Kinh tế đối ngoại
118972,NTS,ct-tc-kinh-te-doi-ngoai,D07,Điểm học bạ,2025,28.33,CT TC Kinh tế đối ngoại
118973,NTS,ct-tc-kinh-te-doi-ngoai,A00,Điểm thi THPT,2025,27.2,CT TC Kinh tế đối ngoại
118974,NTS,ct-tc-kinh-te-doi-ngoai,A01,Điểm thi THPT,2025,26.2,CT TC Kinh tế đối ngoại
118975,NTS,ct-tc-kinh-te-doi-ngoai,D01,Điểm thi THPT,2025,26.2,CT TC Kinh tế đối ngoại
118976,NTS,ct-tc-kinh-te-doi-ngoai,D06,Điểm thi THPT,2025,26.2,CT TC Kinh tế đối ngoại
118977,NTS,ct-tc-kinh-te-doi-ngoai,D07,Điểm thi THPT,2025,26.2,CT TC Kinh tế đối ngoại
118978,NTS,ct-tc-quan-tri-kinh-doanh,A00,Điểm học bạ,2025,28.12,CT TC Quản trị kinh doanh
118979,NTS,ct-tc-quan-tri-kinh-doanh,A01,Điểm học bạ,2025,28.12,CT TC Quản trị kinh doanh
118980,NTS,ct-tc-quan-tri-kinh-doanh,D01,Điểm học bạ,2025,28.12,CT TC Quản trị kinh doanh
118981,NTS,ct-tc-quan-tri-kinh-doanh,D07,Điểm học bạ,2025,28.12,CT TC Quản trị kinh doanh
118982,NTS,ct-tc-quan-tri-kinh-doanh,A00,Điểm thi THPT,2025,26.75,CT TC Quản trị kinh doanh
118983,NTS,ct-tc-quan-tri-kinh-doanh,A01,Điểm thi THPT,2025,25.75,CT TC Quản trị kinh doanh
118984,NTS,ct-tc-quan-tri-kinh-doanh,D01,Điểm thi THPT,2025,25.75,CT TC Quản trị kinh doanh
118985,NTS,ct-tc-quan-tri-kinh-doanh,D07,Điểm thi THPT,2025,25.75,CT TC Quản trị kinh doanh
118986,NTS,ct-tc-tai-chinh-ngan-hang,A00,Điểm học bạ,2025,28.5,CT TC Tài chính - Ngân hàng
118987,NTS,ct-tc-tai-chinh-ngan-hang,A01,Điểm học bạ,2025,28.5,CT TC Tài chính - Ngân hàng
118988,NTS,ct-tc-tai-chinh-ngan-hang,D01,Điểm học bạ,2025,28.5,CT TC Tài chính - Ngân hàng
118989,NTS,ct-tc-tai-chinh-ngan-hang,D07,Điểm học bạ,2025,28.5,CT TC Tài chính - Ngân hàng
118990,NTS,ct-tc-tai-chinh-ngan-hang,A00,Điểm thi THPT,2025,27.65,CT TC Tài chính - Ngân hàng
118991,NTS,ct-tc-tai-chinh-ngan-hang,A01,Điểm thi THPT,2025,26.65,CT TC Tài chính - Ngân hàng
118992,NTS,ct-tc-tai-chinh-ngan-hang,D01,Điểm thi THPT,2025,26.65,CT TC Tài chính - Ngân hàng
118993,NTS,ct-tc-tai-chinh-ngan-hang,D07,Điểm thi THPT,2025,26.65,CT TC Tài chính - Ngân hàng
118994,NTS,kinh-te,A00,Điểm thi THPT,2023,27.6,Ngành Kinh tế
118995,NTS,kinh-te,A01,Điểm thi THPT,2023,27.1,Ngành Kinh tế
118996,NTS,kinh-te,D01,Điểm thi THPT,2023,27.1,Ngành Kinh tế
118997,NTS,kinh-te,D06,Điểm thi THPT,2023,27.1,Ngành Kinh tế
118998,NTS,kinh-te,D07,Điểm thi THPT,2023,27.1,Ngành Kinh tế
118999,NTS,kinh-te-nganh-quan-tri-kinh-doanh,A00,Điểm thi THPT,2024,28.0,Ngành Kinh tế Ngành Quản trị kinh doanh
119000,NTS,kinh-te-nganh-quan-tri-kinh-doanh,A01,Điểm thi THPT,2024,27.5,Ngành Kinh tế Ngành Quản trị kinh doanh
119001,NTS,kinh-te-nganh-quan-tri-kinh-doanh,D01,Điểm thi THPT,2024,27.5,Ngành Kinh tế Ngành Quản trị kinh doanh
119002,NTS,kinh-te-nganh-quan-tri-kinh-doanh,D06,Điểm thi THPT,2024,27.5,Ngành Kinh tế Ngành Quản trị kinh doanh
119003,NTS,kinh-te-nganh-quan-tri-kinh-doanh,D07,Điểm thi THPT,2024,27.5,Ngành Kinh tế Ngành Quản trị kinh doanh
119004,NTS,kinh-te-quan-tri-kinh-doanh,A00,Điểm thi THPT,2021,28.55,"Kinh tế, quản trị kinh doanh"
119005,NTS,kinh-te-quan-tri-kinh-doanh,A01,Điểm thi THPT,2021,28.05,"Kinh tế, quản trị kinh doanh"
119006,NTS,kinh-te-quan-tri-kinh-doanh,D01,Điểm thi THPT,2021,28.05,"Kinh tế, quản trị kinh doanh"
119007,NTS,kinh-te-quan-tri-kinh-doanh,D06,Điểm thi THPT,2021,28.05,"Kinh tế, quản trị kinh doanh"
119008,NTS,kinh-te-quan-tri-kinh-doanh,D07,Điểm thi THPT,2021,28.05,"Kinh tế, quản trị kinh doanh"
119009,NTS,kinh-te-quan-tri-kinh-doanh,A00,Điểm thi THPT,2022,28.25,"Kinh tế, Quản trị kinh doanh"
119010,NTS,kinh-te-quan-tri-kinh-doanh,A01,Điểm thi THPT,2022,27.75,"Kinh tế, Quản trị kinh doanh"
119011,NTS,kinh-te-quan-tri-kinh-doanh,D01,Điểm thi THPT,2022,27.75,"Kinh tế, Quản trị kinh doanh"
119012,NTS,kinh-te-quan-tri-kinh-doanh,D06,Điểm thi THPT,2022,27.75,"Kinh tế, Quản trị kinh doanh"
119013,NTS,kinh-te-quan-tri-kinh-doanh,D07,Điểm thi THPT,2022,27.75,"Kinh tế, Quản trị kinh doanh"
119014,NTS,quan-tri-kinh-doanh,A00,Điểm thi THPT,2023,27.6,Ngành Quản trị kinh doanh
119015,NTS,quan-tri-kinh-doanh,A01,Điểm thi THPT,2023,27.1,Ngành Quản trị kinh doanh
119016,NTS,quan-tri-kinh-doanh,D01,Điểm thi THPT,2023,27.1,Ngành Quản trị kinh doanh
119017,NTS,quan-tri-kinh-doanh,D07,Điểm thi THPT,2023,27.1,Ngành Quản trị kinh doanh
119018,NTS,tai-chinh-ngan-hang-ke-toan-kinh-doanh-quoc-te,A00,Điểm thi THPT,2021,28.4,"Tài chính ngân hàng, kế toán, kinh doanh quốc tế"
119019,NTS,tai-chinh-ngan-hang-ke-toan-kinh-doanh-quoc-te,A01,Điểm thi THPT,2021,27.9,"Tài chính ngân hàng, kế toán, kinh doanh quốc tế"
119020,NTS,tai-chinh-ngan-hang-ke-toan-kinh-doanh-quoc-te,D01,Điểm thi THPT,2021,27.9,"Tài chính ngân hàng, kế toán, kinh doanh quốc tế"
119021,NTS,tai-chinh-ngan-hang-ke-toan-kinh-doanh-quoc-te,D06,Điểm thi THPT,2021,27.9,"Tài chính ngân hàng, kế toán, kinh doanh quốc tế"
119022,NTS,tai-chinh-ngan-hang-ke-toan-kinh-doanh-quoc-te,D07,Điểm thi THPT,2021,27.9,"Tài chính ngân hàng, kế toán, kinh doanh quốc tế"
119023,NTS,tai-chinh-ngan-hang-ke-toan-kinh-doanh-quoc-te-marketing,A00,Điểm thi THPT,2022,28.25,"Tài chính - Ngân hàng, Kế toán, Kinh doanh quốc tế, Marketing"
119024,NTS,tai-chinh-ngan-hang-ke-toan-kinh-doanh-quoc-te-marketing,A01,Điểm thi THPT,2022,27.75,"Tài chính - Ngân hàng, Kế toán, Kinh doanh quốc tế, Marketing"
119025,NTS,tai-chinh-ngan-hang-ke-toan-kinh-doanh-quoc-te-marketing,D01,Điểm thi THPT,2022,27.75,"Tài chính - Ngân hàng, Kế toán, Kinh doanh quốc tế, Marketing"
119026,NTS,tai-chinh-ngan-hang-ke-toan-kinh-doanh-quoc-te-marketing,D06,Điểm thi THPT,2022,27.75,"Tài chính - Ngân hàng, Kế toán, Kinh doanh quốc tế, Marketing"
119027,NTS,tai-chinh-ngan-hang-ke-toan-kinh-doanh-quoc-te-marketing,D07,Điểm thi THPT,2022,27.75,"Tài chính - Ngân hàng, Kế toán, Kinh doanh quốc tế, Marketing"
119028,NTS,tai-chinh-ngan-hang-nganh-ke-toan-nganh-kinh-doanh-quoc-te-nganh-marketing,A00,Điểm thi THPT,2023,27.8,Ngành Tài chính - Ngân hàng Ngành Kế toán Ngành Kinh doanh quốc tế Ngành Marketing
119029,NTS,tai-chinh-ngan-hang-nganh-ke-toan-nganh-kinh-doanh-quoc-te-nganh-marketing,A01,Điểm thi THPT,2023,27.3,Ngành Tài chính - Ngân hàng Ngành Kế toán Ngành Kinh doanh quốc tế Ngành Marketing
119030,NTS,tai-chinh-ngan-hang-nganh-ke-toan-nganh-kinh-doanh-quoc-te-nganh-marketing,D01,Điểm thi THPT,2023,27.3,Ngành Tài chính - Ngân hàng Ngành Kế toán Ngành Kinh doanh quốc tế Ngành Marketing
119031,NTS,tai-chinh-ngan-hang-nganh-ke-toan-nganh-kinh-doanh-quoc-te-nganh-marketing,D07,Điểm thi THPT,2023,27.3,Ngành Tài chính - Ngân hàng Ngành Kế toán Ngành Kinh doanh quốc tế Ngành Marketing
119032,NTS,tai-chinh-ngan-hang-nganh-ke-toan-nganh-kinh-doanh-quoc-te-nganh-marketing,A00,Điểm thi THPT,2024,28.2,Ngành Tài chính - Ngân hàng Ngành Kế toán Ngành Kinh doanh quốc tế Ngành Marketing
119033,NTS,tai-chinh-ngan-hang-nganh-ke-toan-nganh-kinh-doanh-quoc-te-nganh-marketing,A01,Điểm thi THPT,2024,27.7,Ngành Tài chính - Ngân hàng Ngành Kế toán Ngành Kinh doanh quốc tế Ngành Marketing
119034,NTS,tai-chinh-ngan-hang-nganh-ke-toan-nganh-kinh-doanh-quoc-te-nganh-marketing,D01,Điểm thi THPT,2024,27.7,Ngành Tài chính - Ngân hàng Ngành Kế toán Ngành Kinh doanh quốc tế Ngành Marketing
119035,NTS,tai-chinh-ngan-hang-nganh-ke-toan-nganh-kinh-doanh-quoc-te-nganh-marketing,D06,Điểm thi THPT,2024,27.7,Ngành Tài chính - Ngân hàng Ngành Kế toán Ngành Kinh doanh quốc tế Ngành Marketing
119036,NTS,tai-chinh-ngan-hang-nganh-ke-toan-nganh-kinh-doanh-quoc-te-nganh-marketing,D07,Điểm thi THPT,2024,27.7,Ngành Tài chính - Ngân hàng Ngành Kế toán Ngành Kinh doanh quốc tế Ngành Marketing
119037,NTT,bien-dao-mua,N03,Điểm học bạ,2025,18.0,Biên đạo múa
119038,NTT,bien-dao-mua,N03,Điểm thi THPT,2025,15.0,Biên đạo múa
119039,NTT,cong-nghe-giao-duc,A00,Điểm thi THPT,2024,15.0,Công nghệ giáo dục
119040,NTT,cong-nghe-giao-duc,A01,Điểm thi THPT,2024,15.0,Công nghệ giáo dục
119041,NTT,cong-nghe-giao-duc,D01,Điểm thi THPT,2024,15.0,Công nghệ giáo dục
119042,NTT,cong-nghe-giao-duc,A00,Điểm học bạ,2025,18.0,Công nghệ giáo dục
119043,NTT,cong-nghe-giao-duc,A01,Điểm học bạ,2025,18.0,Công nghệ giáo dục
119044,NTT,cong-nghe-giao-duc,B03,Điểm học bạ,2025,18.0,Công nghệ giáo dục
119045,NTT,cong-nghe-giao-duc,C01,Điểm học bạ,2025,18.0,Công nghệ giáo dục
119046,NTT,cong-nghe-giao-duc,C02,Điểm học bạ,2025,18.0,Công nghệ giáo dục
119047,NTT,cong-nghe-giao-duc,D01,Điểm học bạ,2025,18.0,Công nghệ giáo dục
119048,NTT,cong-nghe-giao-duc,X02,Điểm học bạ,2025,18.0,Công nghệ giáo dục
119049,NTT,cong-nghe-giao-duc,X06,Điểm học bạ,2025,18.0,Công nghệ giáo dục
119050,NTT,cong-nghe-giao-duc,X07,Điểm học bạ,2025,18.0,Công nghệ giáo dục
119051,NTT,cong-nghe-giao-duc,X08,Điểm học bạ,2025,18.0,Công nghệ giáo dục
119052,NTT,cong-nghe-giao-duc,X26,Điểm học bạ,2025,18.0,Công nghệ giáo dục
119053,NTT,cong-nghe-giao-duc,X27,Điểm học bạ,2025,18.0,Công nghệ giáo dục
119054,NTT,cong-nghe-giao-duc,X28,Điểm học bạ,2025,18.0,Công nghệ giáo dục
119055,NTT,cong-nghe-giao-duc,A00,Điểm thi THPT,2025,15.0,Công nghệ giáo dục
119056,NTT,cong-nghe-giao-duc,A01,Điểm thi THPT,2025,15.0,Công nghệ giáo dục
119057,NTT,cong-nghe-giao-duc,B03,Điểm thi THPT,2025,15.0,Công nghệ giáo dục
119058,NTT,cong-nghe-giao-duc,C01,Điểm thi THPT,2025,15.0,Công nghệ giáo dục
119059,NTT,cong-nghe-giao-duc,C02,Điểm thi THPT,2025,15.0,Công nghệ giáo dục
119060,NTT,cong-nghe-giao-duc,D01,Điểm thi THPT,2025,15.0,Công nghệ giáo dục
119061,NTT,cong-nghe-giao-duc,X02,Điểm thi THPT,2025,15.0,Công nghệ giáo dục
119062,NTT,cong-nghe-giao-duc,X06,Điểm thi THPT,2025,15.0,Công nghệ giáo dục
119063,NTT,cong-nghe-giao-duc,X07,Điểm thi THPT,2025,15.0,Công nghệ giáo dục
119064,NTT,cong-nghe-giao-duc,X08,Điểm thi THPT,2025,15.0,Công nghệ giáo dục
119065,NTT,cong-nghe-giao-duc,X26,Điểm thi THPT,2025,15.0,Công nghệ giáo dục
119066,NTT,cong-nghe-giao-duc,X27,Điểm thi THPT,2025,15.0,Công nghệ giáo dục
119067,NTT,cong-nghe-giao-duc,X28,Điểm thi THPT,2025,15.0,Công nghệ giáo dục
119068,NTT,cong-nghe-ky-thuat-co-dien-tu,A00,Điểm học bạ,2021,6.0,Công nghệ kỹ thuật cơ điện tử
119069,NTT,cong-nghe-ky-thuat-co-dien-tu,A01,Điểm học bạ,2021,6.0,Công nghệ kỹ thuật cơ điện tử
119070,NTT,cong-nghe-ky-thuat-co-dien-tu,D01,Điểm học bạ,2021,6.0,Công nghệ kỹ thuật cơ điện tử
119071,NTT,cong-nghe-ky-thuat-co-dien-tu,D07,Điểm học bạ,2021,6.0,Công nghệ kỹ thuật cơ điện tử
119072,NTT,cong-nghe-ky-thuat-co-dien-tu,A00,Điểm thi THPT,2021,15.0,Công nghệ kỹ thuật cơ điện tử
119073,NTT,cong-nghe-ky-thuat-co-dien-tu,A01,Điểm thi THPT,2021,15.0,Công nghệ kỹ thuật cơ điện tử
119074,NTT,cong-nghe-ky-thuat-co-dien-tu,D01,Điểm thi THPT,2021,15.0,Công nghệ kỹ thuật cơ điện tử
119075,NTT,cong-nghe-ky-thuat-co-dien-tu,D07,Điểm thi THPT,2021,15.0,Công nghệ kỹ thuật cơ điện tử
119076,NTT,cong-nghe-ky-thuat-co-dien-tu,A00,Điểm học bạ,2022,6.0,Công nghệ kỹ thuật cơ điện tử
119077,NTT,cong-nghe-ky-thuat-co-dien-tu,A01,Điểm học bạ,2022,6.0,Công nghệ kỹ thuật cơ điện tử
119078,NTT,cong-nghe-ky-thuat-co-dien-tu,D01,Điểm học bạ,2022,6.0,Công nghệ kỹ thuật cơ điện tử
119079,NTT,cong-nghe-ky-thuat-co-dien-tu,D07,Điểm học bạ,2022,6.0,Công nghệ kỹ thuật cơ điện tử
119080,NTT,cong-nghe-ky-thuat-co-dien-tu,A00,Điểm thi THPT,2022,15.0,Công nghệ kỹ thuật cơ điện tử
119081,NTT,cong-nghe-ky-thuat-co-dien-tu,A01,Điểm thi THPT,2022,15.0,Công nghệ kỹ thuật cơ điện tử
119082,NTT,cong-nghe-ky-thuat-co-dien-tu,D01,Điểm thi THPT,2022,15.0,Công nghệ kỹ thuật cơ điện tử
119083,NTT,cong-nghe-ky-thuat-co-dien-tu,D07,Điểm thi THPT,2022,15.0,Công nghệ kỹ thuật cơ điện tử
119084,NTT,cong-nghe-ky-thuat-co-dien-tu,A00,Điểm học bạ,2023,6.0,Công nghệ kỹ thuật cơ điện tử
119085,NTT,cong-nghe-ky-thuat-co-dien-tu,A01,Điểm học bạ,2023,6.0,Công nghệ kỹ thuật cơ điện tử
119086,NTT,cong-nghe-ky-thuat-co-dien-tu,D01,Điểm học bạ,2023,6.0,Công nghệ kỹ thuật cơ điện tử
119087,NTT,cong-nghe-ky-thuat-co-dien-tu,D07,Điểm học bạ,2023,6.0,Công nghệ kỹ thuật cơ điện tử
119088,NTT,cong-nghe-ky-thuat-co-dien-tu,A00,Điểm thi THPT,2023,15.0,Công nghệ kỹ thuật cơ điện tử
119089,NTT,cong-nghe-ky-thuat-co-dien-tu,A01,Điểm thi THPT,2023,15.0,Công nghệ kỹ thuật cơ điện tử
119090,NTT,cong-nghe-ky-thuat-co-dien-tu,D01,Điểm thi THPT,2023,15.0,Công nghệ kỹ thuật cơ điện tử
119091,NTT,cong-nghe-ky-thuat-co-dien-tu,D07,Điểm thi THPT,2023,15.0,Công nghệ kỹ thuật cơ điện tử
119092,NTT,cong-nghe-ky-thuat-co-dien-tu,A00,Điểm thi THPT,2024,15.0,Công nghệ kỹ thuật cơ điện tử
119093,NTT,cong-nghe-ky-thuat-co-dien-tu,A01,Điểm thi THPT,2024,15.0,Công nghệ kỹ thuật cơ điện tử
119094,NTT,cong-nghe-ky-thuat-co-dien-tu,D01,Điểm thi THPT,2024,15.0,Công nghệ kỹ thuật cơ điện tử
119095,NTT,cong-nghe-ky-thuat-co-dien-tu,D07,Điểm thi THPT,2024,15.0,Công nghệ kỹ thuật cơ điện tử
119096,NTT,cong-nghe-ky-thuat-co-dien-tu,A00,Điểm học bạ,2025,18.0,Công nghệ kỹ thuật cơ điện tử
119097,NTT,cong-nghe-ky-thuat-co-dien-tu,A01,Điểm học bạ,2025,18.0,Công nghệ kỹ thuật cơ điện tử
119098,NTT,cong-nghe-ky-thuat-co-dien-tu,A02,Điểm học bạ,2025,18.0,Công nghệ kỹ thuật cơ điện tử
119099,NTT,cong-nghe-ky-thuat-co-dien-tu,A03,Điểm học bạ,2025,18.0,Công nghệ kỹ thuật cơ điện tử
119100,NTT,cong-nghe-ky-thuat-co-dien-tu,A04,Điểm học bạ,2025,18.0,Công nghệ kỹ thuật cơ điện tử
119101,NTT,cong-nghe-ky-thuat-co-dien-tu,C01,Điểm học bạ,2025,18.0,Công nghệ kỹ thuật cơ điện tử
119102,NTT,cong-nghe-ky-thuat-co-dien-tu,D01,Điểm học bạ,2025,18.0,Công nghệ kỹ thuật cơ điện tử
119103,NTT,cong-nghe-ky-thuat-co-dien-tu,D26,Điểm học bạ,2025,18.0,Công nghệ kỹ thuật cơ điện tử
119104,NTT,cong-nghe-ky-thuat-co-dien-tu,D27,Điểm học bạ,2025,18.0,Công nghệ kỹ thuật cơ điện tử
119105,NTT,cong-nghe-ky-thuat-co-dien-tu,D28,Điểm học bạ,2025,18.0,Công nghệ kỹ thuật cơ điện tử
119106,NTT,cong-nghe-ky-thuat-co-dien-tu,D29,Điểm học bạ,2025,18.0,Công nghệ kỹ thuật cơ điện tử
119107,NTT,cong-nghe-ky-thuat-co-dien-tu,D30,Điểm học bạ,2025,18.0,Công nghệ kỹ thuật cơ điện tử
119108,NTT,cong-nghe-ky-thuat-co-dien-tu,X05,Điểm học bạ,2025,18.0,Công nghệ kỹ thuật cơ điện tử
119109,NTT,cong-nghe-ky-thuat-co-dien-tu,X07,Điểm học bạ,2025,18.0,Công nghệ kỹ thuật cơ điện tử
119110,NTT,cong-nghe-ky-thuat-co-dien-tu,X08,Điểm học bạ,2025,18.0,Công nghệ kỹ thuật cơ điện tử
119111,NTT,cong-nghe-ky-thuat-co-dien-tu,X11,Điểm học bạ,2025,18.0,Công nghệ kỹ thuật cơ điện tử
119112,NTT,cong-nghe-ky-thuat-co-dien-tu,X12,Điểm học bạ,2025,18.0,Công nghệ kỹ thuật cơ điện tử
119113,NTT,cong-nghe-ky-thuat-co-dien-tu,X27,Điểm học bạ,2025,18.0,Công nghệ kỹ thuật cơ điện tử
119114,NTT,cong-nghe-ky-thuat-co-dien-tu,X28,Điểm học bạ,2025,18.0,Công nghệ kỹ thuật cơ điện tử
119115,NTT,cong-nghe-ky-thuat-co-dien-tu,A00,Điểm thi THPT,2025,15.0,Công nghệ kỹ thuật cơ điện tử
119116,NTT,cong-nghe-ky-thuat-co-dien-tu,A01,Điểm thi THPT,2025,15.0,Công nghệ kỹ thuật cơ điện tử
119117,NTT,cong-nghe-ky-thuat-co-dien-tu,A02,Điểm thi THPT,2025,15.0,Công nghệ kỹ thuật cơ điện tử
119118,NTT,cong-nghe-ky-thuat-co-dien-tu,A03,Điểm thi THPT,2025,15.0,Công nghệ kỹ thuật cơ điện tử
119119,NTT,cong-nghe-ky-thuat-co-dien-tu,A04,Điểm thi THPT,2025,15.0,Công nghệ kỹ thuật cơ điện tử
119120,NTT,cong-nghe-ky-thuat-co-dien-tu,C01,Điểm thi THPT,2025,15.0,Công nghệ kỹ thuật cơ điện tử
119121,NTT,cong-nghe-ky-thuat-co-dien-tu,D01,Điểm thi THPT,2025,15.0,Công nghệ kỹ thuật cơ điện tử
119122,NTT,cong-nghe-ky-thuat-co-dien-tu,D26,Điểm thi THPT,2025,15.0,Công nghệ kỹ thuật cơ điện tử
119123,NTT,cong-nghe-ky-thuat-co-dien-tu,D27,Điểm thi THPT,2025,15.0,Công nghệ kỹ thuật cơ điện tử
119124,NTT,cong-nghe-ky-thuat-co-dien-tu,D28,Điểm thi THPT,2025,15.0,Công nghệ kỹ thuật cơ điện tử
119125,NTT,cong-nghe-ky-thuat-co-dien-tu,D29,Điểm thi THPT,2025,15.0,Công nghệ kỹ thuật cơ điện tử
119126,NTT,cong-nghe-ky-thuat-co-dien-tu,D30,Điểm thi THPT,2025,15.0,Công nghệ kỹ thuật cơ điện tử
119127,NTT,cong-nghe-ky-thuat-co-dien-tu,X05,Điểm thi THPT,2025,15.0,Công nghệ kỹ thuật cơ điện tử
119128,NTT,cong-nghe-ky-thuat-co-dien-tu,X07,Điểm thi THPT,2025,15.0,Công nghệ kỹ thuật cơ điện tử
119129,NTT,cong-nghe-ky-thuat-co-dien-tu,X08,Điểm thi THPT,2025,15.0,Công nghệ kỹ thuật cơ điện tử
119130,NTT,cong-nghe-ky-thuat-co-dien-tu,X11,Điểm thi THPT,2025,15.0,Công nghệ kỹ thuật cơ điện tử
119131,NTT,cong-nghe-ky-thuat-co-dien-tu,X12,Điểm thi THPT,2025,15.0,Công nghệ kỹ thuật cơ điện tử
119132,NTT,cong-nghe-ky-thuat-co-dien-tu,X27,Điểm thi THPT,2025,15.0,Công nghệ kỹ thuật cơ điện tử
119133,NTT,cong-nghe-ky-thuat-co-dien-tu,X28,Điểm thi THPT,2025,15.0,Công nghệ kỹ thuật cơ điện tử
119134,NTT,cong-nghe-ky-thuat-hoa-hoc,A00,Điểm học bạ,2021,6.0,Công nghệ kỹ thuật Hóa học
119135,NTT,cong-nghe-ky-thuat-hoa-hoc,A01,Điểm học bạ,2021,6.0,Công nghệ kỹ thuật Hóa học
119136,NTT,cong-nghe-ky-thuat-hoa-hoc,B00,Điểm học bạ,2021,6.0,Công nghệ kỹ thuật Hóa học
119137,NTT,cong-nghe-ky-thuat-hoa-hoc,D07,Điểm học bạ,2021,6.0,Công nghệ kỹ thuật Hóa học
119138,NTT,cong-nghe-ky-thuat-hoa-hoc,A00,Điểm thi THPT,2021,15.0,Công nghệ kỹ thuật Hóa học
119139,NTT,cong-nghe-ky-thuat-hoa-hoc,A01,Điểm thi THPT,2021,15.0,Công nghệ kỹ thuật Hóa học
119140,NTT,cong-nghe-ky-thuat-hoa-hoc,B00,Điểm thi THPT,2021,15.0,Công nghệ kỹ thuật Hóa học
119141,NTT,cong-nghe-ky-thuat-hoa-hoc,D07,Điểm thi THPT,2021,15.0,Công nghệ kỹ thuật Hóa học
119142,NTT,cong-nghe-ky-thuat-hoa-hoc,A00,Điểm học bạ,2022,6.0,Công nghệ kỹ thuật Hóa học
119143,NTT,cong-nghe-ky-thuat-hoa-hoc,A01,Điểm học bạ,2022,6.0,Công nghệ kỹ thuật Hóa học
119144,NTT,cong-nghe-ky-thuat-hoa-hoc,B00,Điểm học bạ,2022,6.0,Công nghệ kỹ thuật Hóa học
119145,NTT,cong-nghe-ky-thuat-hoa-hoc,D07,Điểm học bạ,2022,6.0,Công nghệ kỹ thuật Hóa học
119146,NTT,cong-nghe-ky-thuat-hoa-hoc,A00,Điểm thi THPT,2022,15.0,Công nghệ kỹ thuật Hóa học
119147,NTT,cong-nghe-ky-thuat-hoa-hoc,A01,Điểm thi THPT,2022,15.0,Công nghệ kỹ thuật Hóa học
119148,NTT,cong-nghe-ky-thuat-hoa-hoc,B00,Điểm thi THPT,2022,15.0,Công nghệ kỹ thuật Hóa học
119149,NTT,cong-nghe-ky-thuat-hoa-hoc,D07,Điểm thi THPT,2022,15.0,Công nghệ kỹ thuật Hóa học
119150,NTT,cong-nghe-ky-thuat-hoa-hoc,A00,Điểm học bạ,2023,6.0,Công nghệ kỹ thuật Hóa học
119151,NTT,cong-nghe-ky-thuat-hoa-hoc,A01,Điểm học bạ,2023,6.0,Công nghệ kỹ thuật Hóa học
119152,NTT,cong-nghe-ky-thuat-hoa-hoc,B00,Điểm học bạ,2023,6.0,Công nghệ kỹ thuật Hóa học
119153,NTT,cong-nghe-ky-thuat-hoa-hoc,D90,Điểm học bạ,2023,6.0,Công nghệ kỹ thuật Hóa học
119154,NTT,cong-nghe-ky-thuat-hoa-hoc,A00,Điểm thi THPT,2023,15.0,Công nghệ kỹ thuật Hóa học
119155,NTT,cong-nghe-ky-thuat-hoa-hoc,A01,Điểm thi THPT,2023,15.0,Công nghệ kỹ thuật Hóa học
119156,NTT,cong-nghe-ky-thuat-hoa-hoc,B00,Điểm thi THPT,2023,15.0,Công nghệ kỹ thuật Hóa học
119157,NTT,cong-nghe-ky-thuat-hoa-hoc,D90,Điểm thi THPT,2023,15.0,Công nghệ kỹ thuật Hóa học
119158,NTT,cong-nghe-ky-thuat-hoa-hoc,A00,Điểm thi THPT,2024,15.0,Công nghệ kỹ thuật Hóa học
119159,NTT,cong-nghe-ky-thuat-hoa-hoc,B00,Điểm thi THPT,2024,15.0,Công nghệ kỹ thuật Hóa học
119160,NTT,cong-nghe-ky-thuat-hoa-hoc,D07,Điểm thi THPT,2024,15.0,Công nghệ kỹ thuật Hóa học
119161,NTT,cong-nghe-ky-thuat-hoa-hoc,D90,Điểm thi THPT,2024,15.0,Công nghệ kỹ thuật Hóa học
119162,NTT,cong-nghe-ky-thuat-hoa-hoc,A00,Điểm học bạ,2025,18.0,Công nghệ kỹ thuật Hóa học
119163,NTT,cong-nghe-ky-thuat-hoa-hoc,B00,Điểm học bạ,2025,18.0,Công nghệ kỹ thuật Hóa học
119164,NTT,cong-nghe-ky-thuat-hoa-hoc,C02,Điểm học bạ,2025,18.0,Công nghệ kỹ thuật Hóa học
119165,NTT,cong-nghe-ky-thuat-hoa-hoc,D07,Điểm học bạ,2025,18.0,Công nghệ kỹ thuật Hóa học
119166,NTT,cong-nghe-ky-thuat-hoa-hoc,A00,Điểm thi THPT,2025,15.0,Công nghệ kỹ thuật Hóa học
119167,NTT,cong-nghe-ky-thuat-hoa-hoc,B00,Điểm thi THPT,2025,15.0,Công nghệ kỹ thuật Hóa học
119168,NTT,cong-nghe-ky-thuat-hoa-hoc,C02,Điểm thi THPT,2025,15.0,Công nghệ kỹ thuật Hóa học
119169,NTT,cong-nghe-ky-thuat-hoa-hoc,D07,Điểm thi THPT,2025,15.0,Công nghệ kỹ thuật Hóa học
119170,NTT,cong-nghe-ky-thuat-o-to,A00,Điểm học bạ,2021,6.0,Công nghệ kỹ thuật Ô tô
119171,NTT,cong-nghe-ky-thuat-o-to,A01,Điểm học bạ,2021,6.0,Công nghệ kỹ thuật Ô tô
119172,NTT,cong-nghe-ky-thuat-o-to,D01,Điểm học bạ,2021,6.0,Công nghệ kỹ thuật Ô tô
119173,NTT,cong-nghe-ky-thuat-o-to,D07,Điểm học bạ,2021,6.0,Công nghệ kỹ thuật Ô tô
119174,NTT,cong-nghe-ky-thuat-o-to,A00,Điểm thi THPT,2021,19.0,Công nghệ kỹ thuật Ô tô
119175,NTT,cong-nghe-ky-thuat-o-to,A01,Điểm thi THPT,2021,19.0,Công nghệ kỹ thuật Ô tô
119176,NTT,cong-nghe-ky-thuat-o-to,D01,Điểm thi THPT,2021,19.0,Công nghệ kỹ thuật Ô tô
119177,NTT,cong-nghe-ky-thuat-o-to,D07,Điểm thi THPT,2021,19.0,Công nghệ kỹ thuật Ô tô
119178,NTT,cong-nghe-ky-thuat-o-to,A00,Điểm học bạ,2022,6.0,Công nghệ kỹ thuật Ô tô
119179,NTT,cong-nghe-ky-thuat-o-to,A01,Điểm học bạ,2022,6.0,Công nghệ kỹ thuật Ô tô
119180,NTT,cong-nghe-ky-thuat-o-to,D01,Điểm học bạ,2022,6.0,Công nghệ kỹ thuật Ô tô
119181,NTT,cong-nghe-ky-thuat-o-to,D07,Điểm học bạ,2022,6.0,Công nghệ kỹ thuật Ô tô
119182,NTT,cong-nghe-ky-thuat-o-to,A00,Điểm thi THPT,2022,18.0,Công nghệ kỹ thuật Ô tô
119183,NTT,cong-nghe-ky-thuat-o-to,A01,Điểm thi THPT,2022,18.0,Công nghệ kỹ thuật Ô tô
119184,NTT,cong-nghe-ky-thuat-o-to,D01,Điểm thi THPT,2022,18.0,Công nghệ kỹ thuật Ô tô
119185,NTT,cong-nghe-ky-thuat-o-to,D07,Điểm thi THPT,2022,18.0,Công nghệ kỹ thuật Ô tô
119186,NTT,cong-nghe-ky-thuat-o-to,A00,Điểm học bạ,2023,6.3,Công nghệ kỹ thuật Ô tô
119187,NTT,cong-nghe-ky-thuat-o-to,A01,Điểm học bạ,2023,6.3,Công nghệ kỹ thuật Ô tô
119188,NTT,cong-nghe-ky-thuat-o-to,D01,Điểm học bạ,2023,6.3,Công nghệ kỹ thuật Ô tô
119189,NTT,cong-nghe-ky-thuat-o-to,D07,Điểm học bạ,2023,6.3,Công nghệ kỹ thuật Ô tô
119190,NTT,cong-nghe-ky-thuat-o-to,A00,Điểm thi THPT,2023,15.0,Công nghệ kỹ thuật Ô tô
119191,NTT,cong-nghe-ky-thuat-o-to,A01,Điểm thi THPT,2023,15.0,Công nghệ kỹ thuật Ô tô
119192,NTT,cong-nghe-ky-thuat-o-to,D01,Điểm thi THPT,2023,15.0,Công nghệ kỹ thuật Ô tô
119193,NTT,cong-nghe-ky-thuat-o-to,D07,Điểm thi THPT,2023,15.0,Công nghệ kỹ thuật Ô tô
119194,NTT,cong-nghe-ky-thuat-o-to,A00,Điểm thi THPT,2024,15.0,Công nghệ kỹ thuật Ô tô
119195,NTT,cong-nghe-ky-thuat-o-to,A01,Điểm thi THPT,2024,15.0,Công nghệ kỹ thuật Ô tô
119196,NTT,cong-nghe-ky-thuat-o-to,D01,Điểm thi THPT,2024,15.0,Công nghệ kỹ thuật Ô tô
119197,NTT,cong-nghe-ky-thuat-o-to,D07,Điểm thi THPT,2024,15.0,Công nghệ kỹ thuật Ô tô
119198,NTT,cong-nghe-ky-thuat-o-to,A00,Điểm học bạ,2025,18.0,Công nghệ kỹ thuật Ô tô
119199,NTT,cong-nghe-ky-thuat-o-to,A01,Điểm học bạ,2025,18.0,Công nghệ kỹ thuật Ô tô
119200,NTT,cong-nghe-ky-thuat-o-to,A02,Điểm học bạ,2025,18.0,Công nghệ kỹ thuật Ô tô
119201,NTT,cong-nghe-ky-thuat-o-to,A03,Điểm học bạ,2025,18.0,Công nghệ kỹ thuật Ô tô
119202,NTT,cong-nghe-ky-thuat-o-to,A04,Điểm học bạ,2025,18.0,Công nghệ kỹ thuật Ô tô
119203,NTT,cong-nghe-ky-thuat-o-to,C01,Điểm học bạ,2025,18.0,Công nghệ kỹ thuật Ô tô
119204,NTT,cong-nghe-ky-thuat-o-to,D01,Điểm học bạ,2025,18.0,Công nghệ kỹ thuật Ô tô
119205,NTT,cong-nghe-ky-thuat-o-to,D26,Điểm học bạ,2025,18.0,Công nghệ kỹ thuật Ô tô
119206,NTT,cong-nghe-ky-thuat-o-to,D27,Điểm học bạ,2025,18.0,Công nghệ kỹ thuật Ô tô
119207,NTT,cong-nghe-ky-thuat-o-to,D28,Điểm học bạ,2025,18.0,Công nghệ kỹ thuật Ô tô
119208,NTT,cong-nghe-ky-thuat-o-to,D29,Điểm học bạ,2025,18.0,Công nghệ kỹ thuật Ô tô
119209,NTT,cong-nghe-ky-thuat-o-to,D30,Điểm học bạ,2025,18.0,Công nghệ kỹ thuật Ô tô
119210,NTT,cong-nghe-ky-thuat-o-to,X05,Điểm học bạ,2025,18.0,Công nghệ kỹ thuật Ô tô
119211,NTT,cong-nghe-ky-thuat-o-to,X07,Điểm học bạ,2025,18.0,Công nghệ kỹ thuật Ô tô
119212,NTT,cong-nghe-ky-thuat-o-to,X08,Điểm học bạ,2025,18.0,Công nghệ kỹ thuật Ô tô
119213,NTT,cong-nghe-ky-thuat-o-to,X11,Điểm học bạ,2025,18.0,Công nghệ kỹ thuật Ô tô
119214,NTT,cong-nghe-ky-thuat-o-to,X12,Điểm học bạ,2025,18.0,Công nghệ kỹ thuật Ô tô
119215,NTT,cong-nghe-ky-thuat-o-to,X27,Điểm học bạ,2025,18.0,Công nghệ kỹ thuật Ô tô
119216,NTT,cong-nghe-ky-thuat-o-to,X28,Điểm học bạ,2025,18.0,Công nghệ kỹ thuật Ô tô
119217,NTT,cong-nghe-ky-thuat-o-to,A00,Điểm thi THPT,2025,15.0,Công nghệ kỹ thuật Ô tô
119218,NTT,cong-nghe-ky-thuat-o-to,A01,Điểm thi THPT,2025,15.0,Công nghệ kỹ thuật Ô tô
119219,NTT,cong-nghe-ky-thuat-o-to,A02,Điểm thi THPT,2025,15.0,Công nghệ kỹ thuật Ô tô
119220,NTT,cong-nghe-ky-thuat-o-to,A03,Điểm thi THPT,2025,15.0,Công nghệ kỹ thuật Ô tô
119221,NTT,cong-nghe-ky-thuat-o-to,A04,Điểm thi THPT,2025,15.0,Công nghệ kỹ thuật Ô tô
119222,NTT,cong-nghe-ky-thuat-o-to,C01,Điểm thi THPT,2025,15.0,Công nghệ kỹ thuật Ô tô
119223,NTT,cong-nghe-ky-thuat-o-to,D01,Điểm thi THPT,2025,15.0,Công nghệ kỹ thuật Ô tô
119224,NTT,cong-nghe-ky-thuat-o-to,D26,Điểm thi THPT,2025,15.0,Công nghệ kỹ thuật Ô tô
119225,NTT,cong-nghe-ky-thuat-o-to,D27,Điểm thi THPT,2025,15.0,Công nghệ kỹ thuật Ô tô
119226,NTT,cong-nghe-ky-thuat-o-to,D28,Điểm thi THPT,2025,15.0,Công nghệ kỹ thuật Ô tô
119227,NTT,cong-nghe-ky-thuat-o-to,D29,Điểm thi THPT,2025,15.0,Công nghệ kỹ thuật Ô tô
119228,NTT,cong-nghe-ky-thuat-o-to,D30,Điểm thi THPT,2025,15.0,Công nghệ kỹ thuật Ô tô
119229,NTT,cong-nghe-ky-thuat-o-to,X05,Điểm thi THPT,2025,15.0,Công nghệ kỹ thuật Ô tô
119230,NTT,cong-nghe-ky-thuat-o-to,X07,Điểm thi THPT,2025,15.0,Công nghệ kỹ thuật Ô tô
119231,NTT,cong-nghe-ky-thuat-o-to,X08,Điểm thi THPT,2025,15.0,Công nghệ kỹ thuật Ô tô
119232,NTT,cong-nghe-ky-thuat-o-to,X11,Điểm thi THPT,2025,15.0,Công nghệ kỹ thuật Ô tô
119233,NTT,cong-nghe-ky-thuat-o-to,X12,Điểm thi THPT,2025,15.0,Công nghệ kỹ thuật Ô tô
119234,NTT,cong-nghe-ky-thuat-o-to,X27,Điểm thi THPT,2025,15.0,Công nghệ kỹ thuật Ô tô
119235,NTT,cong-nghe-ky-thuat-o-to,X28,Điểm thi THPT,2025,15.0,Công nghệ kỹ thuật Ô tô
119236,NTT,cong-nghe-ky-thuat-o-to-chuan-quoc-te,A00,Điểm học bạ,2025,18.0,Công nghệ kỹ thuật ô tô - Chuẩn quốc tế
119237,NTT,cong-nghe-ky-thuat-o-to-chuan-quoc-te,C01,Điểm học bạ,2025,18.0,Công nghệ kỹ thuật ô tô - Chuẩn quốc tế
119238,NTT,cong-nghe-ky-thuat-o-to-chuan-quoc-te,C03,Điểm học bạ,2025,18.0,Công nghệ kỹ thuật ô tô - Chuẩn quốc tế
119239,NTT,cong-nghe-ky-thuat-o-to-chuan-quoc-te,D01,Điểm học bạ,2025,18.0,Công nghệ kỹ thuật ô tô - Chuẩn quốc tế
119240,NTT,cong-nghe-ky-thuat-o-to-chuan-quoc-te,A00,Điểm thi THPT,2025,15.0,Công nghệ kỹ thuật ô tô - Chuẩn quốc tế
119241,NTT,cong-nghe-ky-thuat-o-to-chuan-quoc-te,C01,Điểm thi THPT,2025,15.0,Công nghệ kỹ thuật ô tô - Chuẩn quốc tế
119242,NTT,cong-nghe-ky-thuat-o-to-chuan-quoc-te,C03,Điểm thi THPT,2025,15.0,Công nghệ kỹ thuật ô tô - Chuẩn quốc tế
119243,NTT,cong-nghe-ky-thuat-o-to-chuan-quoc-te,D01,Điểm thi THPT,2025,15.0,Công nghệ kỹ thuật ô tô - Chuẩn quốc tế
119244,NTT,cong-nghe-logistics,A00,Điểm học bạ,2025,18.0,Công nghệ Logistics
119245,NTT,cong-nghe-logistics,A01,Điểm học bạ,2025,18.0,Công nghệ Logistics
119246,NTT,cong-nghe-logistics,A02,Điểm học bạ,2025,18.0,Công nghệ Logistics
119247,NTT,cong-nghe-logistics,A03,Điểm học bạ,2025,18.0,Công nghệ Logistics
119248,NTT,cong-nghe-logistics,A04,Điểm học bạ,2025,18.0,Công nghệ Logistics
119249,NTT,cong-nghe-logistics,C01,Điểm học bạ,2025,18.0,Công nghệ Logistics
119250,NTT,cong-nghe-logistics,D01,Điểm học bạ,2025,18.0,Công nghệ Logistics
119251,NTT,cong-nghe-logistics,D26,Điểm học bạ,2025,18.0,Công nghệ Logistics
119252,NTT,cong-nghe-logistics,D27,Điểm học bạ,2025,18.0,Công nghệ Logistics
119253,NTT,cong-nghe-logistics,D28,Điểm học bạ,2025,18.0,Công nghệ Logistics
119254,NTT,cong-nghe-logistics,D29,Điểm học bạ,2025,18.0,Công nghệ Logistics
119255,NTT,cong-nghe-logistics,D30,Điểm học bạ,2025,18.0,Công nghệ Logistics
119256,NTT,cong-nghe-logistics,X05,Điểm học bạ,2025,18.0,Công nghệ Logistics
119257,NTT,cong-nghe-logistics,X07,Điểm học bạ,2025,18.0,Công nghệ Logistics
119258,NTT,cong-nghe-logistics,X08,Điểm học bạ,2025,18.0,Công nghệ Logistics
119259,NTT,cong-nghe-logistics,X11,Điểm học bạ,2025,18.0,Công nghệ Logistics
119260,NTT,cong-nghe-logistics,X12,Điểm học bạ,2025,18.0,Công nghệ Logistics
119261,NTT,cong-nghe-logistics,X27,Điểm học bạ,2025,18.0,Công nghệ Logistics
119262,NTT,cong-nghe-logistics,X28,Điểm học bạ,2025,18.0,Công nghệ Logistics
119263,NTT,cong-nghe-logistics,A00,Điểm thi THPT,2025,15.0,Công nghệ Logistics
119264,NTT,cong-nghe-logistics,A01,Điểm thi THPT,2025,15.0,Công nghệ Logistics
119265,NTT,cong-nghe-logistics,A02,Điểm thi THPT,2025,15.0,Công nghệ Logistics
119266,NTT,cong-nghe-logistics,A03,Điểm thi THPT,2025,15.0,Công nghệ Logistics
119267,NTT,cong-nghe-logistics,A04,Điểm thi THPT,2025,15.0,Công nghệ Logistics
119268,NTT,cong-nghe-logistics,C01,Điểm thi THPT,2025,15.0,Công nghệ Logistics
119269,NTT,cong-nghe-logistics,D01,Điểm thi THPT,2025,15.0,Công nghệ Logistics
119270,NTT,cong-nghe-logistics,D26,Điểm thi THPT,2025,15.0,Công nghệ Logistics
119271,NTT,cong-nghe-logistics,D27,Điểm thi THPT,2025,15.0,Công nghệ Logistics
119272,NTT,cong-nghe-logistics,D28,Điểm thi THPT,2025,15.0,Công nghệ Logistics
119273,NTT,cong-nghe-logistics,D29,Điểm thi THPT,2025,15.0,Công nghệ Logistics
119274,NTT,cong-nghe-logistics,D30,Điểm thi THPT,2025,15.0,Công nghệ Logistics
119275,NTT,cong-nghe-logistics,X05,Điểm thi THPT,2025,15.0,Công nghệ Logistics
119276,NTT,cong-nghe-logistics,X07,Điểm thi THPT,2025,15.0,Công nghệ Logistics
119277,NTT,cong-nghe-logistics,X08,Điểm thi THPT,2025,15.0,Công nghệ Logistics
119278,NTT,cong-nghe-logistics,X11,Điểm thi THPT,2025,15.0,Công nghệ Logistics
119279,NTT,cong-nghe-logistics,X12,Điểm thi THPT,2025,15.0,Công nghệ Logistics
119280,NTT,cong-nghe-logistics,X27,Điểm thi THPT,2025,15.0,Công nghệ Logistics
119281,NTT,cong-nghe-logistics,X28,Điểm thi THPT,2025,15.0,Công nghệ Logistics
119282,NTT,cong-nghe-sinh-hoc,A00,Điểm học bạ,2021,6.0,Công nghệ sinh học
119283,NTT,cong-nghe-sinh-hoc,B00,Điểm học bạ,2021,6.0,Công nghệ sinh học
119284,NTT,cong-nghe-sinh-hoc,D07,Điểm học bạ,2021,6.0,Công nghệ sinh học
119285,NTT,cong-nghe-sinh-hoc,D08,Điểm học bạ,2021,6.0,Công nghệ sinh học
119286,NTT,cong-nghe-sinh-hoc,A00,Điểm thi THPT,2021,15.0,Công nghệ sinh học
119287,NTT,cong-nghe-sinh-hoc,B00,Điểm thi THPT,2021,15.0,Công nghệ sinh học
119288,NTT,cong-nghe-sinh-hoc,D07,Điểm thi THPT,2021,15.0,Công nghệ sinh học
119289,NTT,cong-nghe-sinh-hoc,D08,Điểm thi THPT,2021,15.0,Công nghệ sinh học
119290,NTT,cong-nghe-sinh-hoc,A00,Điểm học bạ,2022,6.0,Công nghệ sinh học
119291,NTT,cong-nghe-sinh-hoc,B00,Điểm học bạ,2022,6.0,Công nghệ sinh học
119292,NTT,cong-nghe-sinh-hoc,D07,Điểm học bạ,2022,6.0,Công nghệ sinh học
119293,NTT,cong-nghe-sinh-hoc,D08,Điểm học bạ,2022,6.0,Công nghệ sinh học
119294,NTT,cong-nghe-sinh-hoc,A00,Điểm thi THPT,2022,15.0,Công nghệ sinh học
119295,NTT,cong-nghe-sinh-hoc,B00,Điểm thi THPT,2022,15.0,Công nghệ sinh học
119296,NTT,cong-nghe-sinh-hoc,D07,Điểm thi THPT,2022,15.0,Công nghệ sinh học
119297,NTT,cong-nghe-sinh-hoc,D08,Điểm thi THPT,2022,15.0,Công nghệ sinh học
119298,NTT,cong-nghe-sinh-hoc,A00,Điểm học bạ,2023,6.0,Công nghệ sinh học
119299,NTT,cong-nghe-sinh-hoc,B00,Điểm học bạ,2023,6.0,Công nghệ sinh học
119300,NTT,cong-nghe-sinh-hoc,D07,Điểm học bạ,2023,6.0,Công nghệ sinh học
119301,NTT,cong-nghe-sinh-hoc,D08,Điểm học bạ,2023,6.0,Công nghệ sinh học
119302,NTT,cong-nghe-sinh-hoc,A00,Điểm thi THPT,2023,15.0,Công nghệ sinh học
119303,NTT,cong-nghe-sinh-hoc,B00,Điểm thi THPT,2023,15.0,Công nghệ sinh học
119304,NTT,cong-nghe-sinh-hoc,D07,Điểm thi THPT,2023,15.0,Công nghệ sinh học
119305,NTT,cong-nghe-sinh-hoc,D08,Điểm thi THPT,2023,15.0,Công nghệ sinh học
119306,NTT,cong-nghe-sinh-hoc,A00,Điểm thi THPT,2024,15.0,Công nghệ sinh học
119307,NTT,cong-nghe-sinh-hoc,B00,Điểm thi THPT,2024,15.0,Công nghệ sinh học
119308,NTT,cong-nghe-sinh-hoc,D07,Điểm thi THPT,2024,15.0,Công nghệ sinh học
119309,NTT,cong-nghe-sinh-hoc,D08,Điểm thi THPT,2024,15.0,Công nghệ sinh học
119310,NTT,cong-nghe-sinh-hoc,A00,Điểm học bạ,2025,18.0,Công nghệ sinh học
119311,NTT,cong-nghe-sinh-hoc,B00,Điểm học bạ,2025,18.0,Công nghệ sinh học
119312,NTT,cong-nghe-sinh-hoc,B08,Điểm học bạ,2025,18.0,Công nghệ sinh học
119313,NTT,cong-nghe-sinh-hoc,D07,Điểm học bạ,2025,18.0,Công nghệ sinh học
119314,NTT,cong-nghe-sinh-hoc,A00,Điểm thi THPT,2025,15.0,Công nghệ sinh học
119315,NTT,cong-nghe-sinh-hoc,B00,Điểm thi THPT,2025,15.0,Công nghệ sinh học
119316,NTT,cong-nghe-sinh-hoc,B08,Điểm thi THPT,2025,15.0,Công nghệ sinh học
119317,NTT,cong-nghe-sinh-hoc,D07,Điểm thi THPT,2025,15.0,Công nghệ sinh học
119318,NTT,cong-nghe-thong-tin,A00,Điểm học bạ,2021,6.0,Công nghệ thông tin
119319,NTT,cong-nghe-thong-tin,A01,Điểm học bạ,2021,6.0,Công nghệ thông tin
119320,NTT,cong-nghe-thong-tin,D01,Điểm học bạ,2021,6.0,Công nghệ thông tin
119321,NTT,cong-nghe-thong-tin,D07,Điểm học bạ,2021,6.0,Công nghệ thông tin
119322,NTT,cong-nghe-thong-tin,A00,Điểm thi THPT,2021,16.0,Công nghệ thông tin
119323,NTT,cong-nghe-thong-tin,A01,Điểm thi THPT,2021,16.0,Công nghệ thông tin
119324,NTT,cong-nghe-thong-tin,D01,Điểm thi THPT,2021,16.0,Công nghệ thông tin
119325,NTT,cong-nghe-thong-tin,D07,Điểm thi THPT,2021,16.0,Công nghệ thông tin
119326,NTT,cong-nghe-thong-tin,A00,Điểm học bạ,2022,6.0,Công nghệ thông tin
119327,NTT,cong-nghe-thong-tin,A01,Điểm học bạ,2022,6.0,Công nghệ thông tin
119328,NTT,cong-nghe-thong-tin,D01,Điểm học bạ,2022,6.0,Công nghệ thông tin
119329,NTT,cong-nghe-thong-tin,D07,Điểm học bạ,2022,6.0,Công nghệ thông tin
119330,NTT,cong-nghe-thong-tin,A00,Điểm thi THPT,2022,18.0,Công nghệ thông tin
119331,NTT,cong-nghe-thong-tin,A01,Điểm thi THPT,2022,18.0,Công nghệ thông tin
119332,NTT,cong-nghe-thong-tin,D01,Điểm thi THPT,2022,18.0,Công nghệ thông tin
119333,NTT,cong-nghe-thong-tin,D07,Điểm thi THPT,2022,18.0,Công nghệ thông tin
119334,NTT,cong-nghe-thong-tin,A00,Điểm học bạ,2023,6.3,Công nghệ thông tin
119335,NTT,cong-nghe-thong-tin,A01,Điểm học bạ,2023,6.3,Công nghệ thông tin
119336,NTT,cong-nghe-thong-tin,D01,Điểm học bạ,2023,6.3,Công nghệ thông tin
119337,NTT,cong-nghe-thong-tin,D07,Điểm học bạ,2023,6.3,Công nghệ thông tin
119338,NTT,cong-nghe-thong-tin,A00,Điểm thi THPT,2023,15.0,Công nghệ thông tin
119339,NTT,cong-nghe-thong-tin,A01,Điểm thi THPT,2023,15.0,Công nghệ thông tin
119340,NTT,cong-nghe-thong-tin,D01,Điểm thi THPT,2023,15.0,Công nghệ thông tin
119341,NTT,cong-nghe-thong-tin,D07,Điểm thi THPT,2023,15.0,Công nghệ thông tin
119342,NTT,cong-nghe-thong-tin,A00,Điểm thi THPT,2024,15.0,Công nghệ thông tin
119343,NTT,cong-nghe-thong-tin,A01,Điểm thi THPT,2024,15.0,Công nghệ thông tin
119344,NTT,cong-nghe-thong-tin,D01,Điểm thi THPT,2024,15.0,Công nghệ thông tin
119345,NTT,cong-nghe-thong-tin,D07,Điểm thi THPT,2024,15.0,Công nghệ thông tin
119346,NTT,cong-nghe-thong-tin,A00,Điểm học bạ,2025,18.0,Công nghệ thông tin
119347,NTT,cong-nghe-thong-tin,A01,Điểm học bạ,2025,18.0,Công nghệ thông tin
119348,NTT,cong-nghe-thong-tin,C01,Điểm học bạ,2025,18.0,Công nghệ thông tin (Công nghệ và Đổi mới sáng tạo)
119349,NTT,cong-nghe-thong-tin,C03,Điểm học bạ,2025,18.0,Công nghệ thông tin (Công nghệ và Đổi mới sáng tạo)
119350,NTT,cong-nghe-thong-tin,D01,Điểm học bạ,2025,18.0,Công nghệ thông tin
119351,NTT,cong-nghe-thong-tin,X02,Điểm học bạ,2025,18.0,Công nghệ thông tin
119352,NTT,cong-nghe-thong-tin,A00,Điểm thi THPT,2025,15.0,Công nghệ thông tin
119353,NTT,cong-nghe-thong-tin,A01,Điểm thi THPT,2025,15.0,Công nghệ thông tin
119354,NTT,cong-nghe-thong-tin,C01,Điểm thi THPT,2025,15.0,Công nghệ thông tin (Công nghệ và Đổi mới sáng tạo)
119355,NTT,cong-nghe-thong-tin,C03,Điểm thi THPT,2025,15.0,Công nghệ thông tin (Công nghệ và Đổi mới sáng tạo)
119356,NTT,cong-nghe-thong-tin,D01,Điểm thi THPT,2025,15.0,Công nghệ thông tin
119357,NTT,cong-nghe-thong-tin,X02,Điểm thi THPT,2025,15.0,Công nghệ thông tin
119358,NTT,cong-nghe-thong-tin-chuan-quoc-te,A00,Điểm học bạ,2025,18.0,Công nghệ thông tin (Kỹ thuật phần mềm)- Chuẩn quốc tế
119359,NTT,cong-nghe-thong-tin-chuan-quoc-te,C01,Điểm học bạ,2025,18.0,Công nghệ thông tin (Kỹ thuật phần mềm)- Chuẩn quốc tế
119360,NTT,cong-nghe-thong-tin-chuan-quoc-te,C03,Điểm học bạ,2025,18.0,Công nghệ thông tin (Kỹ thuật phần mềm)- Chuẩn quốc tế
119361,NTT,cong-nghe-thong-tin-chuan-quoc-te,D01,Điểm học bạ,2025,18.0,Công nghệ thông tin (Kỹ thuật phần mềm)- Chuẩn quốc tế
119362,NTT,cong-nghe-thong-tin-chuan-quoc-te,A00,Điểm thi THPT,2025,15.0,Công nghệ thông tin (Kỹ thuật phần mềm)- Chuẩn quốc tế
119363,NTT,cong-nghe-thong-tin-chuan-quoc-te,C01,Điểm thi THPT,2025,15.0,Công nghệ thông tin (Kỹ thuật phần mềm)- Chuẩn quốc tế
119364,NTT,cong-nghe-thong-tin-chuan-quoc-te,C03,Điểm thi THPT,2025,15.0,Công nghệ thông tin (Kỹ thuật phần mềm)- Chuẩn quốc tế
119365,NTT,cong-nghe-thong-tin-chuan-quoc-te,D01,Điểm thi THPT,2025,15.0,Công nghệ thông tin (Kỹ thuật phần mềm)- Chuẩn quốc tế
119366,NTT,cong-nghe-thong-tin-va-du-lieu-tai-nguyen-moi-truong,A00,Điểm thi THPT,2024,15.0,Công nghệ thông tin và dữ liệu Tài nguyên môi trường
119367,NTT,cong-nghe-thong-tin-va-du-lieu-tai-nguyen-moi-truong,B00,Điểm thi THPT,2024,15.0,Công nghệ thông tin và dữ liệu Tài nguyên môi trường
119368,NTT,cong-nghe-thong-tin-va-du-lieu-tai-nguyen-moi-truong,D07,Điểm thi THPT,2024,15.0,Công nghệ thông tin và dữ liệu Tài nguyên môi trường
119369,NTT,cong-nghe-thong-tin-va-du-lieu-tai-nguyen-moi-truong,D90,Điểm thi THPT,2024,15.0,Công nghệ thông tin và dữ liệu Tài nguyên môi trường
119370,NTT,cong-nghe-thong-tin-va-du-lieu-tai-nguyen-moi-truong,A00,Điểm học bạ,2025,18.0,Công nghệ thông tin và dữ liệu Tài nguyên môi trường
119371,NTT,cong-nghe-thong-tin-va-du-lieu-tai-nguyen-moi-truong,A01,Điểm học bạ,2025,18.0,Công nghệ thông tin và dữ liệu Tài nguyên môi trường
119372,NTT,cong-nghe-thong-tin-va-du-lieu-tai-nguyen-moi-truong,B00,Điểm học bạ,2025,18.0,Công nghệ thông tin và dữ liệu Tài nguyên môi trường
119373,NTT,cong-nghe-thong-tin-va-du-lieu-tai-nguyen-moi-truong,D01,Điểm học bạ,2025,18.0,Công nghệ thông tin và dữ liệu Tài nguyên môi trường
119374,NTT,cong-nghe-thong-tin-va-du-lieu-tai-nguyen-moi-truong,A00,Điểm thi THPT,2025,15.0,Công nghệ thông tin và dữ liệu Tài nguyên môi trường
119375,NTT,cong-nghe-thong-tin-va-du-lieu-tai-nguyen-moi-truong,A01,Điểm thi THPT,2025,15.0,Công nghệ thông tin và dữ liệu Tài nguyên môi trường
119376,NTT,cong-nghe-thong-tin-va-du-lieu-tai-nguyen-moi-truong,B00,Điểm thi THPT,2025,15.0,Công nghệ thông tin và dữ liệu Tài nguyên môi trường
119377,NTT,cong-nghe-thong-tin-va-du-lieu-tai-nguyen-moi-truong,D01,Điểm thi THPT,2025,15.0,Công nghệ thông tin và dữ liệu Tài nguyên môi trường
119378,NTT,cong-nghe-thuc-pham,A00,Điểm học bạ,2021,6.0,Công nghệ thực phẩm
119379,NTT,cong-nghe-thuc-pham,A01,Điểm học bạ,2021,6.0,Công nghệ thực phẩm
119380,NTT,cong-nghe-thuc-pham,B00,Điểm học bạ,2021,6.0,Công nghệ thực phẩm
119381,NTT,cong-nghe-thuc-pham,D07,Điểm học bạ,2021,6.0,Công nghệ thực phẩm
119382,NTT,cong-nghe-thuc-pham,A00,Điểm thi THPT,2021,15.0,Công nghệ thực phẩm
119383,NTT,cong-nghe-thuc-pham,A01,Điểm thi THPT,2021,15.0,Công nghệ thực phẩm
119384,NTT,cong-nghe-thuc-pham,B00,Điểm thi THPT,2021,15.0,Công nghệ thực phẩm
119385,NTT,cong-nghe-thuc-pham,D07,Điểm thi THPT,2021,15.0,Công nghệ thực phẩm
119386,NTT,cong-nghe-thuc-pham,A00,Điểm học bạ,2022,6.0,Công nghệ thực phẩm
119387,NTT,cong-nghe-thuc-pham,A01,Điểm học bạ,2022,6.0,Công nghệ thực phẩm
119388,NTT,cong-nghe-thuc-pham,B00,Điểm học bạ,2022,6.0,Công nghệ thực phẩm
119389,NTT,cong-nghe-thuc-pham,D07,Điểm học bạ,2022,6.0,Công nghệ thực phẩm
119390,NTT,cong-nghe-thuc-pham,A00,Điểm thi THPT,2022,15.0,Công nghệ thực phẩm
119391,NTT,cong-nghe-thuc-pham,A01,Điểm thi THPT,2022,15.0,Công nghệ thực phẩm
119392,NTT,cong-nghe-thuc-pham,B00,Điểm thi THPT,2022,15.0,Công nghệ thực phẩm
119393,NTT,cong-nghe-thuc-pham,D07,Điểm thi THPT,2022,15.0,Công nghệ thực phẩm
119394,NTT,cong-nghe-thuc-pham,A00,Điểm học bạ,2023,6.0,Công nghệ thực phẩm
119395,NTT,cong-nghe-thuc-pham,A01,Điểm học bạ,2023,6.0,Công nghệ thực phẩm
119396,NTT,cong-nghe-thuc-pham,B00,Điểm học bạ,2023,6.0,Công nghệ thực phẩm
119397,NTT,cong-nghe-thuc-pham,D90,Điểm học bạ,2023,6.0,Công nghệ thực phẩm
119398,NTT,cong-nghe-thuc-pham,A00,Điểm thi THPT,2023,15.0,Công nghệ thực phẩm
119399,NTT,cong-nghe-thuc-pham,A01,Điểm thi THPT,2023,15.0,Công nghệ thực phẩm
119400,NTT,cong-nghe-thuc-pham,B00,Điểm thi THPT,2023,15.0,Công nghệ thực phẩm
119401,NTT,cong-nghe-thuc-pham,D90,Điểm thi THPT,2023,15.0,Công nghệ thực phẩm
119402,NTT,cong-nghe-thuc-pham,A00,Điểm thi THPT,2024,15.0,Công nghệ thực phẩm
119403,NTT,cong-nghe-thuc-pham,B00,Điểm thi THPT,2024,15.0,Công nghệ thực phẩm
119404,NTT,cong-nghe-thuc-pham,D07,Điểm thi THPT,2024,15.0,Công nghệ thực phẩm
119405,NTT,cong-nghe-thuc-pham,D90,Điểm thi THPT,2024,15.0,Công nghệ thực phẩm
119406,NTT,cong-nghe-thuc-pham,A00,Điểm học bạ,2025,18.0,Công nghệ thực phẩm
119407,NTT,cong-nghe-thuc-pham,B00,Điểm học bạ,2025,18.0,Công nghệ thực phẩm
119408,NTT,cong-nghe-thuc-pham,C02,Điểm học bạ,2025,18.0,Công nghệ thực phẩm
119409,NTT,cong-nghe-thuc-pham,D07,Điểm học bạ,2025,18.0,Công nghệ thực phẩm
119410,NTT,cong-nghe-thuc-pham,A00,Điểm thi THPT,2025,15.0,Công nghệ thực phẩm
119411,NTT,cong-nghe-thuc-pham,B00,Điểm thi THPT,2025,15.0,Công nghệ thực phẩm
119412,NTT,cong-nghe-thuc-pham,C02,Điểm thi THPT,2025,15.0,Công nghệ thực phẩm
119413,NTT,cong-nghe-thuc-pham,D07,Điểm thi THPT,2025,15.0,Công nghệ thực phẩm
119414,NTT,dao-dien-dien-anh-truyen-hinh,N05,Điểm học bạ,2021,6.0,Đạo diện điện ảnh - Truyền hình
119415,NTT,dao-dien-dien-anh-truyen-hinh,N05,Điểm thi THPT,2021,15.0,Đạo diện điện ảnh - Truyền hình
119416,NTT,dao-dien-dien-anh-truyen-hinh,N05,Điểm học bạ,2022,6.0,Đạo diện điện ảnh - Truyền hình
119417,NTT,dao-dien-dien-anh-truyen-hinh,N05,Điểm thi THPT,2022,15.0,Đạo diện điện ảnh - Truyền hình
119418,NTT,dao-dien-dien-anh-truyen-hinh,N05,Điểm học bạ,2023,6.0,Đạo diện điện ảnh - Truyền hình
119419,NTT,dao-dien-dien-anh-truyen-hinh,N05,Điểm thi THPT,2023,15.0,Đạo diện điện ảnh - Truyền hình
119420,NTT,dien-vien-kich-dien-anh-truyen-hinh,N05,Điểm học bạ,2021,6.0,"Diễn viên kịch, điện ảnh-truyền hình"
119421,NTT,dien-vien-kich-dien-anh-truyen-hinh,N05,Điểm thi THPT,2021,15.0,"Diễn viên kịch, điện ảnh-truyền hình"
119422,NTT,dien-vien-kich-dien-anh-truyen-hinh,N05,Điểm học bạ,2022,6.0,"Diễn viên kịch, điện ảnh-truyền hình"
119423,NTT,dien-vien-kich-dien-anh-truyen-hinh,N05,Điểm thi THPT,2022,15.0,"Diễn viên kịch, điện ảnh-truyền hình"
119424,NTT,dien-vien-kich-dien-anh-truyen-hinh,N05,Điểm học bạ,2023,6.0,"Diễn viên kịch, điện ảnh-truyền hình"
119425,NTT,dien-vien-kich-dien-anh-truyen-hinh,N05,Điểm thi THPT,2023,15.0,"Diễn viên kịch, điện ảnh-truyền hình"
119426,NTT,dien-vien-kich-dien-anh-truyen-hinh,N05,Điểm thi THPT,2024,15.0,"Diễn viên kịch, điện ảnh-truyền hình"
119427,NTT,dien-vien-kich-dien-anh-truyen-hinh,N05,Điểm học bạ,2025,18.0,"Diễn viên kịch, điện ảnh-truyền hình"
119428,NTT,dien-vien-kich-dien-anh-truyen-hinh,N05,Điểm thi THPT,2025,15.0,"Diễn viên kịch, điện ảnh-truyền hình"
119429,NTT,dieu-duong,A00,Điểm học bạ,2021,6.5,Điều dưỡng
119430,NTT,dieu-duong,A01,Điểm học bạ,2021,6.5,Điều dưỡng
119431,NTT,dieu-duong,B00,Điểm học bạ,2021,6.5,Điều dưỡng
119432,NTT,dieu-duong,D07,Điểm học bạ,2021,6.5,Điều dưỡng
119433,NTT,dieu-duong,A00,Điểm thi THPT,2021,19.0,Điều dưỡng
119434,NTT,dieu-duong,A01,Điểm thi THPT,2021,19.0,Điều dưỡng
119435,NTT,dieu-duong,B00,Điểm thi THPT,2021,19.0,Điều dưỡng
119436,NTT,dieu-duong,D07,Điểm thi THPT,2021,19.0,Điều dưỡng
119437,NTT,dieu-duong,A00,Điểm học bạ,2022,6.5,Điều dưỡng
119438,NTT,dieu-duong,A01,Điểm học bạ,2022,6.5,Điều dưỡng
119439,NTT,dieu-duong,B00,Điểm học bạ,2022,6.5,Điều dưỡng
119440,NTT,dieu-duong,D07,Điểm học bạ,2022,6.5,Điều dưỡng
119441,NTT,dieu-duong,A00,Điểm thi THPT,2022,19.0,Điều dưỡng
119442,NTT,dieu-duong,A01,Điểm thi THPT,2022,19.0,Điều dưỡng
119443,NTT,dieu-duong,B00,Điểm thi THPT,2022,19.0,Điều dưỡng
119444,NTT,dieu-duong,D07,Điểm thi THPT,2022,19.0,Điều dưỡng
119445,NTT,dieu-duong,A00,Điểm học bạ,2023,6.5,Điều dưỡng
119446,NTT,dieu-duong,A01,Điểm học bạ,2023,6.5,Điều dưỡng
119447,NTT,dieu-duong,B00,Điểm học bạ,2023,6.5,Điều dưỡng
119448,NTT,dieu-duong,D07,Điểm học bạ,2023,6.5,Điều dưỡng
119449,NTT,dieu-duong,A00,Điểm thi THPT,2023,19.0,Điều dưỡng
119450,NTT,dieu-duong,A01,Điểm thi THPT,2023,19.0,Điều dưỡng
119451,NTT,dieu-duong,B00,Điểm thi THPT,2023,19.0,Điều dưỡng
119452,NTT,dieu-duong,D07,Điểm thi THPT,2023,19.0,Điều dưỡng
119453,NTT,dieu-duong,A00,Điểm thi THPT,2024,19.0,Diều dưỡng
119454,NTT,dieu-duong,A01,Điểm thi THPT,2024,19.0,Diều dưỡng
119455,NTT,dieu-duong,B00,Điểm thi THPT,2024,19.0,Diều dưỡng
119456,NTT,dieu-duong,D07,Điểm thi THPT,2024,19.0,Diều dưỡng
119457,NTT,dieu-duong,A00,Điểm học bạ,2025,19.0,Điều dưỡng
119458,NTT,dieu-duong,A01,Điểm học bạ,2025,19.0,Điều dưỡng
119459,NTT,dieu-duong,B00,Điểm học bạ,2025,19.0,Điều dưỡng
119460,NTT,dieu-duong,D07,Điểm học bạ,2025,19.0,Điều dưỡng
119461,NTT,dieu-duong,A00,Điểm thi THPT,2025,17.0,Điều dưỡng
119462,NTT,dieu-duong,A01,Điểm thi THPT,2025,17.0,Điều dưỡng
119463,NTT,dieu-duong,B00,Điểm thi THPT,2025,17.0,Điều dưỡng
119464,NTT,dieu-duong,D07,Điểm thi THPT,2025,17.0,Điều dưỡng
119465,NTT,dong-phuong-hoc,C00,Điểm học bạ,2021,6.0,Đông Phương học
119466,NTT,dong-phuong-hoc,D01,Điểm học bạ,2021,6.0,Đông Phương học
119467,NTT,dong-phuong-hoc,D14,Điểm học bạ,2021,6.0,Đông Phương học
119468,NTT,dong-phuong-hoc,D15,Điểm học bạ,2021,6.0,Đông Phương học
119469,NTT,dong-phuong-hoc,C00,Điểm thi THPT,2021,15.0,Đông Phương học
119470,NTT,dong-phuong-hoc,D01,Điểm thi THPT,2021,15.0,Đông Phương học
119471,NTT,dong-phuong-hoc,D14,Điểm thi THPT,2021,15.0,Đông Phương học
119472,NTT,dong-phuong-hoc,D15,Điểm thi THPT,2021,15.0,Đông Phương học
119473,NTT,dong-phuong-hoc,C00,Điểm học bạ,2022,6.0,Đông Phương học
119474,NTT,dong-phuong-hoc,D01,Điểm học bạ,2022,6.0,Đông Phương học
119475,NTT,dong-phuong-hoc,D14,Điểm học bạ,2022,6.0,Đông Phương học
119476,NTT,dong-phuong-hoc,D15,Điểm học bạ,2022,6.0,Đông Phương học
119477,NTT,dong-phuong-hoc,C00,Điểm thi THPT,2022,15.0,Đông Phương học
119478,NTT,dong-phuong-hoc,D01,Điểm thi THPT,2022,15.0,Đông Phương học
119479,NTT,dong-phuong-hoc,D14,Điểm thi THPT,2022,15.0,Đông Phương học
119480,NTT,dong-phuong-hoc,D15,Điểm thi THPT,2022,15.0,Đông Phương học
119481,NTT,dong-phuong-hoc,C00,Điểm học bạ,2023,6.0,Đông Phương học
119482,NTT,dong-phuong-hoc,D01,Điểm học bạ,2023,6.0,Đông Phương học
119483,NTT,dong-phuong-hoc,D14,Điểm học bạ,2023,6.0,Đông Phương học
119484,NTT,dong-phuong-hoc,D15,Điểm học bạ,2023,6.0,Đông Phương học
119485,NTT,dong-phuong-hoc,C00,Điểm thi THPT,2023,15.0,Đông Phương học
119486,NTT,dong-phuong-hoc,D01,Điểm thi THPT,2023,15.0,Đông Phương học
119487,NTT,dong-phuong-hoc,D14,Điểm thi THPT,2023,15.0,Đông Phương học
119488,NTT,dong-phuong-hoc,D15,Điểm thi THPT,2023,15.0,Đông Phương học
119489,NTT,dong-phuong-hoc,C00,Điểm thi THPT,2024,15.0,Đông Phương học
119490,NTT,dong-phuong-hoc,D01,Điểm thi THPT,2024,15.0,Đông Phương học
119491,NTT,dong-phuong-hoc,D14,Điểm thi THPT,2024,15.0,Đông Phương học
119492,NTT,dong-phuong-hoc,D15,Điểm thi THPT,2024,15.0,Đông Phương học
119493,NTT,dong-phuong-hoc,C03,Điểm học bạ,2025,18.0,Đông Phương học
119494,NTT,dong-phuong-hoc,C04,Điểm học bạ,2025,18.0,Đông Phương học
119495,NTT,dong-phuong-hoc,D01,Điểm học bạ,2025,18.0,Đông Phương học
119496,NTT,dong-phuong-hoc,X03,Điểm học bạ,2025,18.0,Đông Phương học
119497,NTT,dong-phuong-hoc,X04,Điểm học bạ,2025,18.0,Đông Phương học
119498,NTT,dong-phuong-hoc,C03,Điểm thi THPT,2025,15.0,Đông Phương học
119499,NTT,dong-phuong-hoc,C04,Điểm thi THPT,2025,15.0,Đông Phương học
119500,NTT,dong-phuong-hoc,D01,Điểm thi THPT,2025,15.0,Đông Phương học
119501,NTT,dong-phuong-hoc,X03,Điểm thi THPT,2025,15.0,Đông Phương học
119502,NTT,dong-phuong-hoc,X04,Điểm thi THPT,2025,15.0,Đông Phương học
119503,NTT,du-lich,C00,Điểm học bạ,2021,6.0,Du lịch
119504,NTT,du-lich,D01,Điểm học bạ,2021,6.0,Du lịch
119505,NTT,du-lich,D14,Điểm học bạ,2021,6.0,Du lịch
119506,NTT,du-lich,D15,Điểm học bạ,2021,6.0,Du lịch
119507,NTT,du-lich,C00,Điểm thi THPT,2021,15.0,Du lịch
119508,NTT,du-lich,D01,Điểm thi THPT,2021,15.0,Du lịch
119509,NTT,du-lich,D14,Điểm thi THPT,2021,15.0,Du lịch
119510,NTT,du-lich,D15,Điểm thi THPT,2021,15.0,Du lịch
119511,NTT,du-lich,C00,Điểm học bạ,2022,6.0,Du lịch
119512,NTT,du-lich,D01,Điểm học bạ,2022,6.0,Du lịch
119513,NTT,du-lich,D14,Điểm học bạ,2022,6.0,Du lịch
119514,NTT,du-lich,D15,Điểm học bạ,2022,6.0,Du lịch
119515,NTT,du-lich,C00,Điểm thi THPT,2022,15.0,Du lịch
119516,NTT,du-lich,D01,Điểm thi THPT,2022,15.0,Du lịch
119517,NTT,du-lich,D14,Điểm thi THPT,2022,15.0,Du lịch
119518,NTT,du-lich,D15,Điểm thi THPT,2022,15.0,Du lịch
119519,NTT,du-lich,C00,Điểm học bạ,2023,6.0,Du lịch
119520,NTT,du-lich,D01,Điểm học bạ,2023,6.0,Du lịch
119521,NTT,du-lich,D14,Điểm học bạ,2023,6.0,Du lịch
119522,NTT,du-lich,D15,Điểm học bạ,2023,6.0,Du lịch
119523,NTT,du-lich,C00,Điểm thi THPT,2023,15.0,Du lịch
119524,NTT,du-lich,D01,Điểm thi THPT,2023,15.0,Du lịch
119525,NTT,du-lich,D14,Điểm thi THPT,2023,15.0,Du lịch
119526,NTT,du-lich,D15,Điểm thi THPT,2023,15.0,Du lịch
119527,NTT,du-lich,C00,Điểm thi THPT,2024,15.0,Du lịch
119528,NTT,du-lich,D01,Điểm thi THPT,2024,15.0,Du lịch
119529,NTT,du-lich,D14,Điểm thi THPT,2024,15.0,Du lịch
119530,NTT,du-lich,D15,Điểm thi THPT,2024,15.0,Du lịch
119531,NTT,du-lich,A07,Điểm học bạ,2025,18.0,Du lịch
119532,NTT,du-lich,C00,Điểm học bạ,2025,18.0,Du lịch
119533,NTT,du-lich,C03,Điểm học bạ,2025,18.0,Du lịch
119534,NTT,du-lich,C04,Điểm học bạ,2025,18.0,Du lịch
119535,NTT,du-lich,D01,Điểm học bạ,2025,18.0,Du lịch
119536,NTT,du-lich,D09,Điểm học bạ,2025,18.0,Du lịch
119537,NTT,du-lich,D10,Điểm học bạ,2025,18.0,Du lịch
119538,NTT,du-lich,D14,Điểm học bạ,2025,18.0,Du lịch
119539,NTT,du-lich,D15,Điểm học bạ,2025,18.0,Du lịch
119540,NTT,du-lich,X02,Điểm học bạ,2025,18.0,Du lịch
119541,NTT,du-lich,X26,Điểm học bạ,2025,18.0,Du lịch
119542,NTT,du-lich,X27,Điểm học bạ,2025,18.0,Du lịch
119543,NTT,du-lich,X28,Điểm học bạ,2025,18.0,Du lịch
119544,NTT,du-lich,A07,Điểm thi THPT,2025,15.0,Du lịch
119545,NTT,du-lich,C00,Điểm thi THPT,2025,15.0,Du lịch
119546,NTT,du-lich,C03,Điểm thi THPT,2025,15.0,Du lịch
119547,NTT,du-lich,C04,Điểm thi THPT,2025,15.0,Du lịch
119548,NTT,du-lich,D01,Điểm thi THPT,2025,15.0,Du lịch
119549,NTT,du-lich,D09,Điểm thi THPT,2025,15.0,Du lịch
119550,NTT,du-lich,D10,Điểm thi THPT,2025,15.0,Du lịch
119551,NTT,du-lich,D14,Điểm thi THPT,2025,15.0,Du lịch
119552,NTT,du-lich,D15,Điểm thi THPT,2025,15.0,Du lịch
119553,NTT,du-lich,X02,Điểm thi THPT,2025,15.0,Du lịch
119554,NTT,du-lich,X26,Điểm thi THPT,2025,15.0,Du lịch
119555,NTT,du-lich,X27,Điểm thi THPT,2025,15.0,Du lịch
119556,NTT,du-lich,X28,Điểm thi THPT,2025,15.0,Du lịch
119557,NTT,duoc-hoc,A00,Điểm học bạ,2021,8.0,Dược học
119558,NTT,duoc-hoc,A01,Điểm học bạ,2021,8.0,Dược học
119559,NTT,duoc-hoc,B00,Điểm học bạ,2021,8.0,Dược học
119560,NTT,duoc-hoc,D07,Điểm học bạ,2021,8.0,Dược học
119561,NTT,duoc-hoc,A00,Điểm thi THPT,2021,21.0,Dược học
119562,NTT,duoc-hoc,A01,Điểm thi THPT,2021,21.0,Dược học
119563,NTT,duoc-hoc,B00,Điểm thi THPT,2021,21.0,Dược học
119564,NTT,duoc-hoc,D07,Điểm thi THPT,2021,21.0,Dược học
119565,NTT,duoc-hoc,A00,Điểm học bạ,2022,8.0,Dược học
119566,NTT,duoc-hoc,A01,Điểm học bạ,2022,8.0,Dược học
119567,NTT,duoc-hoc,B00,Điểm học bạ,2022,8.0,Dược học
119568,NTT,duoc-hoc,D07,Điểm học bạ,2022,8.0,Dược học
119569,NTT,duoc-hoc,A00,Điểm thi THPT,2022,21.0,Dược học
119570,NTT,duoc-hoc,A01,Điểm thi THPT,2022,21.0,Dược học
119571,NTT,duoc-hoc,B00,Điểm thi THPT,2022,21.0,Dược học
119572,NTT,duoc-hoc,D07,Điểm thi THPT,2022,21.0,Dược học
119573,NTT,duoc-hoc,A00,Điểm học bạ,2023,8.0,Dược học
119574,NTT,duoc-hoc,A01,Điểm học bạ,2023,8.0,Dược học
119575,NTT,duoc-hoc,B00,Điểm học bạ,2023,8.0,Dược học
119576,NTT,duoc-hoc,D07,Điểm học bạ,2023,8.0,Dược học
119577,NTT,duoc-hoc,A00,Điểm thi THPT,2023,21.0,Dược học
119578,NTT,duoc-hoc,A01,Điểm thi THPT,2023,21.0,Dược học
119579,NTT,duoc-hoc,B00,Điểm thi THPT,2023,21.0,Dược học
119580,NTT,duoc-hoc,D07,Điểm thi THPT,2023,21.0,Dược học
119581,NTT,duoc-hoc,A00,Điểm thi THPT,2024,21.0,Dược học
119582,NTT,duoc-hoc,A01,Điểm thi THPT,2024,21.0,Dược học
119583,NTT,duoc-hoc,B00,Điểm thi THPT,2024,21.0,Dược học
119584,NTT,duoc-hoc,D07,Điểm thi THPT,2024,21.0,Dược học
119585,NTT,duoc-hoc,A00,Điểm học bạ,2025,21.0,Dược học
119586,NTT,duoc-hoc,A01,Điểm học bạ,2025,21.0,Dược học
119587,NTT,duoc-hoc,B00,Điểm học bạ,2025,21.0,Dược học
119588,NTT,duoc-hoc,D07,Điểm học bạ,2025,21.0,Dược học
119589,NTT,duoc-hoc,A00,Điểm thi THPT,2025,19.0,Dược học
119590,NTT,duoc-hoc,A01,Điểm thi THPT,2025,19.0,Dược học
119591,NTT,duoc-hoc,B00,Điểm thi THPT,2025,19.0,Dược học
119592,NTT,duoc-hoc,D07,Điểm thi THPT,2025,19.0,Dược học
119593,NTT,giao-duc-mam-non,M00,Điểm học bạ,2022,8.0,Giáo dục mầm non
119594,NTT,giao-duc-mam-non,M01,Điểm học bạ,2022,8.0,Giáo dục mầm non
119595,NTT,giao-duc-mam-non,M07,Điểm học bạ,2022,8.0,Giáo dục mầm non
119596,NTT,giao-duc-mam-non,M09,Điểm học bạ,2022,8.0,Giáo dục mầm non
119597,NTT,giao-duc-mam-non,M00,Điểm thi THPT,2022,19.0,Giáo dục mầm non
119598,NTT,giao-duc-mam-non,M01,Điểm thi THPT,2022,19.0,Giáo dục mầm non
119599,NTT,giao-duc-mam-non,M07,Điểm thi THPT,2022,19.0,Giáo dục mầm non
119600,NTT,giao-duc-mam-non,M09,Điểm thi THPT,2022,19.0,Giáo dục mầm non
119601,NTT,giao-duc-mam-non,M00,Điểm học bạ,2023,8.0,Giáo dục mầm non
119602,NTT,giao-duc-mam-non,M01,Điểm học bạ,2023,8.0,Giáo dục mầm non
119603,NTT,giao-duc-mam-non,M07,Điểm học bạ,2023,8.0,Giáo dục mầm non
119604,NTT,giao-duc-mam-non,M09,Điểm học bạ,2023,8.0,Giáo dục mầm non
119605,NTT,giao-duc-mam-non,M00,Điểm thi THPT,2023,20.0,Giáo dục mầm non
119606,NTT,giao-duc-mam-non,M01,Điểm thi THPT,2023,20.0,Giáo dục mầm non
119607,NTT,giao-duc-mam-non,M07,Điểm thi THPT,2023,20.0,Giáo dục mầm non
119608,NTT,giao-duc-mam-non,M09,Điểm thi THPT,2023,20.0,Giáo dục mầm non
119609,NTT,hoa-duoc,A00,Điểm thi THPT,2024,15.0,Hóa Dược
119610,NTT,hoa-duoc,A01,Điểm thi THPT,2024,15.0,Hóa Dược
119611,NTT,hoa-duoc,B00,Điểm thi THPT,2024,15.0,Hóa Dược
119612,NTT,hoa-duoc,D07,Điểm thi THPT,2024,15.0,Hóa Dược
119613,NTT,hoa-duoc,A00,Điểm học bạ,2025,18.0,Hóa Dược
119614,NTT,hoa-duoc,A01,Điểm học bạ,2025,18.0,Hóa Dược
119615,NTT,hoa-duoc,B00,Điểm học bạ,2025,18.0,Hóa Dược
119616,NTT,hoa-duoc,D07,Điểm học bạ,2025,18.0,Hóa Dược
119617,NTT,hoa-duoc,A00,Điểm thi THPT,2025,15.0,Hóa Dược
119618,NTT,hoa-duoc,A01,Điểm thi THPT,2025,15.0,Hóa Dược
119619,NTT,hoa-duoc,B00,Điểm thi THPT,2025,15.0,Hóa Dược
119620,NTT,hoa-duoc,D07,Điểm thi THPT,2025,15.0,Hóa Dược
119621,NTT,ke-toan,A00,Điểm học bạ,2021,6.0,Kế toán
119622,NTT,ke-toan,A01,Điểm học bạ,2021,6.0,Kế toán
119623,NTT,ke-toan,D01,Điểm học bạ,2021,6.0,Kế toán
119624,NTT,ke-toan,D07,Điểm học bạ,2021,6.0,Kế toán
119625,NTT,ke-toan,A00,Điểm thi THPT,2021,15.0,Kế toán
119626,NTT,ke-toan,A01,Điểm thi THPT,2021,15.0,Kế toán
119627,NTT,ke-toan,D01,Điểm thi THPT,2021,15.0,Kế toán
119628,NTT,ke-toan,D07,Điểm thi THPT,2021,15.0,Kế toán
119629,NTT,ke-toan,A00,Điểm học bạ,2022,6.0,Kế toán
119630,NTT,ke-toan,A01,Điểm học bạ,2022,6.0,Kế toán
119631,NTT,ke-toan,D01,Điểm học bạ,2022,6.0,Kế toán
119632,NTT,ke-toan,D07,Điểm học bạ,2022,6.0,Kế toán
119633,NTT,ke-toan,A00,Điểm thi THPT,2022,18.0,Kế toán
119634,NTT,ke-toan,A01,Điểm thi THPT,2022,18.0,Kế toán
119635,NTT,ke-toan,D01,Điểm thi THPT,2022,18.0,Kế toán
119636,NTT,ke-toan,D07,Điểm thi THPT,2022,18.0,Kế toán
119637,NTT,ke-toan,A00,Điểm học bạ,2023,6.0,Kế toán
119638,NTT,ke-toan,A01,Điểm học bạ,2023,6.0,Kế toán
119639,NTT,ke-toan,D01,Điểm học bạ,2023,6.0,Kế toán
119640,NTT,ke-toan,D07,Điểm học bạ,2023,6.0,Kế toán
119641,NTT,ke-toan,A00,Điểm thi THPT,2023,15.0,Kế toán
119642,NTT,ke-toan,A01,Điểm thi THPT,2023,15.0,Kế toán
119643,NTT,ke-toan,D01,Điểm thi THPT,2023,15.0,Kế toán
119644,NTT,ke-toan,D07,Điểm thi THPT,2023,15.0,Kế toán
119645,NTT,ke-toan,A00,Điểm thi THPT,2024,15.0,Kế toán
119646,NTT,ke-toan,A01,Điểm thi THPT,2024,15.0,Kế toán
119647,NTT,ke-toan,D01,Điểm thi THPT,2024,15.0,Kế toán
119648,NTT,ke-toan,D07,Điểm thi THPT,2024,15.0,Kế toán
119649,NTT,ke-toan,A00,Điểm học bạ,2025,18.0,Kế toán
119650,NTT,ke-toan,A01,Điểm học bạ,2025,18.0,Kế toán
119651,NTT,ke-toan,D01,Điểm học bạ,2025,18.0,Kế toán
119652,NTT,ke-toan,D07,Điểm học bạ,2025,18.0,Kế toán
119653,NTT,ke-toan,A00,Điểm thi THPT,2025,15.0,Kế toán
119654,NTT,ke-toan,A01,Điểm thi THPT,2025,15.0,Kế toán
119655,NTT,ke-toan,D01,Điểm thi THPT,2025,15.0,Kế toán
119656,NTT,ke-toan,D07,Điểm thi THPT,2025,15.0,Kế toán
119657,NTT,ke-toan-chuan-quoc-te,A00,Điểm học bạ,2025,18.0,Kế Toán (Kế toán tài chính) - Chuẩn quốc tế
119658,NTT,ke-toan-chuan-quoc-te,C01,Điểm học bạ,2025,18.0,Kế Toán (Kế toán tài chính) - Chuẩn quốc tế
119659,NTT,ke-toan-chuan-quoc-te,C03,Điểm học bạ,2025,18.0,Kế Toán (Kế toán tài chính) - Chuẩn quốc tế
119660,NTT,ke-toan-chuan-quoc-te,D01,Điểm học bạ,2025,18.0,Kế Toán (Kế toán tài chính) - Chuẩn quốc tế
119661,NTT,ke-toan-chuan-quoc-te,A00,Điểm thi THPT,2025,15.0,Kế Toán (Kế toán tài chính) - Chuẩn quốc tế
119662,NTT,ke-toan-chuan-quoc-te,C01,Điểm thi THPT,2025,15.0,Kế Toán (Kế toán tài chính) - Chuẩn quốc tế
119663,NTT,ke-toan-chuan-quoc-te,C03,Điểm thi THPT,2025,15.0,Kế Toán (Kế toán tài chính) - Chuẩn quốc tế
119664,NTT,ke-toan-chuan-quoc-te,D01,Điểm thi THPT,2025,15.0,Kế Toán (Kế toán tài chính) - Chuẩn quốc tế
119665,NTT,khoa-hoc-du-lieu,A00,Điểm thi THPT,2024,15.0,Khoa học dữ liệu
119666,NTT,khoa-hoc-du-lieu,A01,Điểm thi THPT,2024,15.0,Khoa học dữ liệu
119667,NTT,khoa-hoc-du-lieu,D01,Điểm thi THPT,2024,15.0,Khoa học dữ liệu
119668,NTT,khoa-hoc-du-lieu,D07,Điểm thi THPT,2024,15.0,Khoa học dữ liệu
119669,NTT,khoa-hoc-du-lieu,A00,Điểm học bạ,2025,18.0,Khoa học dữ liệu
119670,NTT,khoa-hoc-du-lieu,A01,Điểm học bạ,2025,18.0,Khoa học dữ liệu
119671,NTT,khoa-hoc-du-lieu,D01,Điểm học bạ,2025,18.0,Khoa học dữ liệu
119672,NTT,khoa-hoc-du-lieu,X02,Điểm học bạ,2025,18.0,Khoa học dữ liệu
119673,NTT,khoa-hoc-du-lieu,A00,Điểm thi THPT,2025,15.0,Khoa học dữ liệu
119674,NTT,khoa-hoc-du-lieu,A01,Điểm thi THPT,2025,15.0,Khoa học dữ liệu
119675,NTT,khoa-hoc-du-lieu,D01,Điểm thi THPT,2025,15.0,Khoa học dữ liệu
119676,NTT,khoa-hoc-du-lieu,X02,Điểm thi THPT,2025,15.0,Khoa học dữ liệu
119677,NTT,khoa-hoc-vat-lieu,A00,Điểm thi THPT,2024,15.0,Khoa học vật liệu (Vật liệu tiên tiến và Công nghệ nano)
119678,NTT,khoa-hoc-vat-lieu,A01,Điểm thi THPT,2024,15.0,Khoa học vật liệu (Vật liệu tiên tiến và Công nghệ nano)
119679,NTT,khoa-hoc-vat-lieu,B00,Điểm thi THPT,2024,15.0,Khoa học vật liệu (Vật liệu tiên tiến và Công nghệ nano)
119680,NTT,khoa-hoc-vat-lieu,D07,Điểm thi THPT,2024,15.0,Khoa học vật liệu (Vật liệu tiên tiến và Công nghệ nano)
119681,NTT,khoa-hoc-vat-lieu,A00,Điểm học bạ,2025,18.0,Khoa học vật liệu (Vật liệu tiên tiến và Công nghệ nano)
119682,NTT,khoa-hoc-vat-lieu,A01,Điểm học bạ,2025,18.0,Khoa học vật liệu (Vật liệu tiên tiến và Công nghệ nano)
119683,NTT,khoa-hoc-vat-lieu,C01,Điểm học bạ,2025,18.0,Khoa học vật liệu (Vật liệu tiên tiến và Công nghệ nano)
119684,NTT,khoa-hoc-vat-lieu,D07,Điểm học bạ,2025,18.0,Khoa học vật liệu (Vật liệu tiên tiến và Công nghệ nano)
119685,NTT,khoa-hoc-vat-lieu,A00,Điểm thi THPT,2025,15.0,Khoa học vật liệu (Vật liệu tiên tiến và Công nghệ nano)
119686,NTT,khoa-hoc-vat-lieu,A01,Điểm thi THPT,2025,15.0,Khoa học vật liệu (Vật liệu tiên tiến và Công nghệ nano)
119687,NTT,khoa-hoc-vat-lieu,C01,Điểm thi THPT,2025,15.0,Khoa học vật liệu (Vật liệu tiên tiến và Công nghệ nano)
119688,NTT,khoa-hoc-vat-lieu,D07,Điểm thi THPT,2025,15.0,Khoa học vật liệu (Vật liệu tiên tiến và Công nghệ nano)
119689,NTT,khoa-hoc-y-sinh,A00,Điểm học bạ,2025,18.0,Khoa học y sinh
119690,NTT,khoa-hoc-y-sinh,A02,Điểm học bạ,2025,18.0,Khoa học y sinh
119691,NTT,khoa-hoc-y-sinh,B00,Điểm học bạ,2025,18.0,Khoa học y sinh
119692,NTT,khoa-hoc-y-sinh,B03,Điểm học bạ,2025,18.0,Khoa học y sinh
119693,NTT,khoa-hoc-y-sinh,B08,Điểm học bạ,2025,18.0,Khoa học y sinh
119694,NTT,khoa-hoc-y-sinh,C02,Điểm học bạ,2025,18.0,Khoa học y sinh
119695,NTT,khoa-hoc-y-sinh,C08,Điểm học bạ,2025,18.0,Khoa học y sinh
119696,NTT,khoa-hoc-y-sinh,D07,Điểm học bạ,2025,18.0,Khoa học y sinh
119697,NTT,khoa-hoc-y-sinh,X14,Điểm học bạ,2025,18.0,Khoa học y sinh
119698,NTT,khoa-hoc-y-sinh,X15,Điểm học bạ,2025,18.0,Khoa học y sinh
119699,NTT,khoa-hoc-y-sinh,X16,Điểm học bạ,2025,18.0,Khoa học y sinh
119700,NTT,khoa-hoc-y-sinh,A00,Điểm thi THPT,2025,15.0,Khoa học y sinh
119701,NTT,khoa-hoc-y-sinh,A02,Điểm thi THPT,2025,15.0,Khoa học y sinh
119702,NTT,khoa-hoc-y-sinh,B00,Điểm thi THPT,2025,15.0,Khoa học y sinh
119703,NTT,khoa-hoc-y-sinh,B03,Điểm thi THPT,2025,15.0,Khoa học y sinh
119704,NTT,khoa-hoc-y-sinh,B08,Điểm thi THPT,2025,15.0,Khoa học y sinh
119705,NTT,khoa-hoc-y-sinh,C02,Điểm thi THPT,2025,15.0,Khoa học y sinh
119706,NTT,khoa-hoc-y-sinh,C08,Điểm thi THPT,2025,15.0,Khoa học y sinh
119707,NTT,khoa-hoc-y-sinh,D07,Điểm thi THPT,2025,15.0,Khoa học y sinh
119708,NTT,khoa-hoc-y-sinh,X14,Điểm thi THPT,2025,15.0,Khoa học y sinh
119709,NTT,khoa-hoc-y-sinh,X15,Điểm thi THPT,2025,15.0,Khoa học y sinh
119710,NTT,khoa-hoc-y-sinh,X16,Điểm thi THPT,2025,15.0,Khoa học y sinh
119711,NTT,kien-truc,H00,Điểm học bạ,2021,6.0,Kiến trúc
119712,NTT,kien-truc,H01,Điểm học bạ,2021,6.0,Kiến trúc
119713,NTT,kien-truc,V00,Điểm học bạ,2021,6.0,Kiến trúc
119714,NTT,kien-truc,V01,Điểm học bạ,2021,6.0,Kiến trúc
119715,NTT,kien-truc,H00,Điểm thi THPT,2021,15.0,Kiến trúc
119716,NTT,kien-truc,H01,Điểm thi THPT,2021,15.0,Kiến trúc
119717,NTT,kien-truc,V00,Điểm thi THPT,2021,15.0,Kiến trúc
119718,NTT,kien-truc,V01,Điểm thi THPT,2021,15.0,Kiến trúc
119719,NTT,kien-truc,H00,Điểm học bạ,2022,6.0,Kiến trúc
119720,NTT,kien-truc,H01,Điểm học bạ,2022,6.0,Kiến trúc
119721,NTT,kien-truc,V00,Điểm học bạ,2022,6.0,Kiến trúc
119722,NTT,kien-truc,V01,Điểm học bạ,2022,6.0,Kiến trúc
119723,NTT,kien-truc,H00,Điểm thi THPT,2022,15.0,Kiến trúc
119724,NTT,kien-truc,H01,Điểm thi THPT,2022,15.0,Kiến trúc
119725,NTT,kien-truc,V00,Điểm thi THPT,2022,15.0,Kiến trúc
119726,NTT,kien-truc,V01,Điểm thi THPT,2022,15.0,Kiến trúc
119727,NTT,kien-truc,H00,Điểm học bạ,2023,6.0,Kiến trúc
119728,NTT,kien-truc,H01,Điểm học bạ,2023,6.0,Kiến trúc
119729,NTT,kien-truc,H02,Điểm học bạ,2023,6.0,Kiến trúc
119730,NTT,kien-truc,H07,Điểm học bạ,2023,6.0,Kiến trúc
119731,NTT,kien-truc,H00,Điểm thi THPT,2023,15.0,Kiến trúc
119732,NTT,kien-truc,H01,Điểm thi THPT,2023,15.0,Kiến trúc
119733,NTT,kien-truc,H02,Điểm thi THPT,2023,15.0,Kiến trúc
119734,NTT,kien-truc,H07,Điểm thi THPT,2023,15.0,Kiến trúc
119735,NTT,kien-truc,D01,Điểm thi THPT,2024,15.0,Kiến trúc
119736,NTT,kien-truc,H00,Điểm thi THPT,2024,15.0,Kiến trúc
119737,NTT,kien-truc,H01,Điểm thi THPT,2024,15.0,Kiến trúc
119738,NTT,kien-truc,V01,Điểm thi THPT,2024,15.0,Kiến trúc
119739,NTT,kien-truc,C04,Điểm học bạ,2025,18.0,Kiến trúc
119740,NTT,kien-truc,D01,Điểm học bạ,2025,18.0,Kiến trúc
119741,NTT,kien-truc,H01,Điểm học bạ,2025,18.0,Kiến trúc
119742,NTT,kien-truc,V01,Điểm học bạ,2025,18.0,Kiến trúc
119743,NTT,kien-truc,C04,Điểm thi THPT,2025,15.0,Kiến trúc
119744,NTT,kien-truc,D01,Điểm thi THPT,2025,15.0,Kiến trúc
119745,NTT,kien-truc,H01,Điểm thi THPT,2025,15.0,Kiến trúc
119746,NTT,kien-truc,V01,Điểm thi THPT,2025,15.0,Kiến trúc
119747,NTT,kinh-doanh-quoc-te,A00,Điểm học bạ,2021,6.0,Kinh doanh quốc tế
119748,NTT,kinh-doanh-quoc-te,A01,Điểm học bạ,2021,6.0,Kinh doanh quốc tế
119749,NTT,kinh-doanh-quoc-te,D01,Điểm học bạ,2021,6.0,Kinh doanh quốc tế
119750,NTT,kinh-doanh-quoc-te,D07,Điểm học bạ,2021,6.0,Kinh doanh quốc tế
119751,NTT,kinh-doanh-quoc-te,A00,Điểm thi THPT,2021,15.0,Kinh doanh quốc tế
119752,NTT,kinh-doanh-quoc-te,A01,Điểm thi THPT,2021,15.0,Kinh doanh quốc tế
119753,NTT,kinh-doanh-quoc-te,D01,Điểm thi THPT,2021,15.0,Kinh doanh quốc tế
119754,NTT,kinh-doanh-quoc-te,D07,Điểm thi THPT,2021,15.0,Kinh doanh quốc tế
119755,NTT,kinh-doanh-quoc-te,A00,Điểm học bạ,2022,6.0,Kinh doanh quốc tế
119756,NTT,kinh-doanh-quoc-te,A01,Điểm học bạ,2022,6.0,Kinh doanh quốc tế
119757,NTT,kinh-doanh-quoc-te,D01,Điểm học bạ,2022,6.0,Kinh doanh quốc tế
119758,NTT,kinh-doanh-quoc-te,D07,Điểm học bạ,2022,6.0,Kinh doanh quốc tế
119759,NTT,kinh-doanh-quoc-te,A00,Điểm thi THPT,2022,15.0,Kinh doanh quốc tế
119760,NTT,kinh-doanh-quoc-te,A01,Điểm thi THPT,2022,15.0,Kinh doanh quốc tế
119761,NTT,kinh-doanh-quoc-te,D01,Điểm thi THPT,2022,15.0,Kinh doanh quốc tế
119762,NTT,kinh-doanh-quoc-te,D07,Điểm thi THPT,2022,15.0,Kinh doanh quốc tế
119763,NTT,kinh-doanh-quoc-te,A00,Điểm học bạ,2023,6.0,Kinh doanh quốc tế
119764,NTT,kinh-doanh-quoc-te,A01,Điểm học bạ,2023,6.0,Kinh doanh quốc tế
119765,NTT,kinh-doanh-quoc-te,D01,Điểm học bạ,2023,6.0,Kinh doanh quốc tế
119766,NTT,kinh-doanh-quoc-te,D07,Điểm học bạ,2023,6.0,Kinh doanh quốc tế
119767,NTT,kinh-doanh-quoc-te,A00,Điểm thi THPT,2023,15.0,Kinh doanh quốc tế
119768,NTT,kinh-doanh-quoc-te,A01,Điểm thi THPT,2023,15.0,Kinh doanh quốc tế
119769,NTT,kinh-doanh-quoc-te,D01,Điểm thi THPT,2023,15.0,Kinh doanh quốc tế
119770,NTT,kinh-doanh-quoc-te,D07,Điểm thi THPT,2023,15.0,Kinh doanh quốc tế
119771,NTT,kinh-doanh-quoc-te,A00,Điểm thi THPT,2024,15.0,Kinh doanh quốc tế
119772,NTT,kinh-doanh-quoc-te,A01,Điểm thi THPT,2024,15.0,Kinh doanh quốc tế
119773,NTT,kinh-doanh-quoc-te,D01,Điểm thi THPT,2024,15.0,Kinh doanh quốc tế
119774,NTT,kinh-doanh-quoc-te,D07,Điểm thi THPT,2024,15.0,Kinh doanh quốc tế
119775,NTT,kinh-doanh-quoc-te,A00,Điểm học bạ,2025,18.0,Kinh doanh quốc tế
119776,NTT,kinh-doanh-quoc-te,C01,Điểm học bạ,2025,18.0,Kinh doanh quốc tế
119777,NTT,kinh-doanh-quoc-te,C03,Điểm học bạ,2025,18.0,Kinh doanh quốc tế
119778,NTT,kinh-doanh-quoc-te,D01,Điểm học bạ,2025,18.0,Kinh doanh quốc tế
119779,NTT,kinh-doanh-quoc-te,A00,Điểm thi THPT,2025,15.0,Kinh doanh quốc tế
119780,NTT,kinh-doanh-quoc-te,C01,Điểm thi THPT,2025,15.0,Kinh doanh quốc tế
119781,NTT,kinh-doanh-quoc-te,C03,Điểm thi THPT,2025,15.0,Kinh doanh quốc tế
119782,NTT,kinh-doanh-quoc-te,D01,Điểm thi THPT,2025,15.0,Kinh doanh quốc tế
119783,NTT,kinh-te-so,C01,Điểm học bạ,2025,18.0,Kinh tế số
119784,NTT,kinh-te-so,C02,Điểm học bạ,2025,18.0,Kinh tế số
119785,NTT,kinh-te-so,C03,Điểm học bạ,2025,18.0,Kinh tế số
119786,NTT,kinh-te-so,C04,Điểm học bạ,2025,18.0,Kinh tế số
119787,NTT,kinh-te-so,D01,Điểm học bạ,2025,18.0,Kinh tế số
119788,NTT,kinh-te-so,X01,Điểm học bạ,2025,18.0,Kinh tế số
119789,NTT,kinh-te-so,C01,Điểm thi THPT,2025,15.0,Kinh tế số
119790,NTT,kinh-te-so,C02,Điểm thi THPT,2025,15.0,Kinh tế số
119791,NTT,kinh-te-so,C03,Điểm thi THPT,2025,15.0,Kinh tế số
119792,NTT,kinh-te-so,C04,Điểm thi THPT,2025,15.0,Kinh tế số
119793,NTT,kinh-te-so,D01,Điểm thi THPT,2025,15.0,Kinh tế số
119794,NTT,kinh-te-so,X01,Điểm thi THPT,2025,15.0,Kinh tế số
119795,NTT,ky-thuat-co-khi,A00,Điểm học bạ,2025,18.0,Kỹ thuật cơ khí
119796,NTT,ky-thuat-co-khi,A01,Điểm học bạ,2025,18.0,Kỹ thuật cơ khí
119797,NTT,ky-thuat-co-khi,A02,Điểm học bạ,2025,18.0,Kỹ thuật cơ khí
119798,NTT,ky-thuat-co-khi,A03,Điểm học bạ,2025,18.0,Kỹ thuật cơ khí
119799,NTT,ky-thuat-co-khi,A04,Điểm học bạ,2025,18.0,Kỹ thuật cơ khí
119800,NTT,ky-thuat-co-khi,C01,Điểm học bạ,2025,18.0,Kỹ thuật cơ khí
119801,NTT,ky-thuat-co-khi,D01,Điểm học bạ,2025,18.0,Kỹ thuật cơ khí
119802,NTT,ky-thuat-co-khi,D26,Điểm học bạ,2025,18.0,Kỹ thuật cơ khí
119803,NTT,ky-thuat-co-khi,D27,Điểm học bạ,2025,18.0,Kỹ thuật cơ khí
119804,NTT,ky-thuat-co-khi,D28,Điểm học bạ,2025,18.0,Kỹ thuật cơ khí
119805,NTT,ky-thuat-co-khi,D29,Điểm học bạ,2025,18.0,Kỹ thuật cơ khí
119806,NTT,ky-thuat-co-khi,D30,Điểm học bạ,2025,18.0,Kỹ thuật cơ khí
119807,NTT,ky-thuat-co-khi,X05,Điểm học bạ,2025,18.0,Kỹ thuật cơ khí
119808,NTT,ky-thuat-co-khi,X07,Điểm học bạ,2025,18.0,Kỹ thuật cơ khí
119809,NTT,ky-thuat-co-khi,X08,Điểm học bạ,2025,18.0,Kỹ thuật cơ khí
119810,NTT,ky-thuat-co-khi,X11,Điểm học bạ,2025,18.0,Kỹ thuật cơ khí
119811,NTT,ky-thuat-co-khi,X12,Điểm học bạ,2025,18.0,Kỹ thuật cơ khí
119812,NTT,ky-thuat-co-khi,X27,Điểm học bạ,2025,18.0,Kỹ thuật cơ khí
119813,NTT,ky-thuat-co-khi,X28,Điểm học bạ,2025,18.0,Kỹ thuật cơ khí
119814,NTT,ky-thuat-co-khi,A00,Điểm thi THPT,2025,15.0,Kỹ thuật cơ khí
119815,NTT,ky-thuat-co-khi,A01,Điểm thi THPT,2025,15.0,Kỹ thuật cơ khí
119816,NTT,ky-thuat-co-khi,A02,Điểm thi THPT,2025,15.0,Kỹ thuật cơ khí
119817,NTT,ky-thuat-co-khi,A03,Điểm thi THPT,2025,15.0,Kỹ thuật cơ khí
119818,NTT,ky-thuat-co-khi,A04,Điểm thi THPT,2025,15.0,Kỹ thuật cơ khí
119819,NTT,ky-thuat-co-khi,C01,Điểm thi THPT,2025,15.0,Kỹ thuật cơ khí
119820,NTT,ky-thuat-co-khi,D01,Điểm thi THPT,2025,15.0,Kỹ thuật cơ khí
119821,NTT,ky-thuat-co-khi,D26,Điểm thi THPT,2025,15.0,Kỹ thuật cơ khí
119822,NTT,ky-thuat-co-khi,D27,Điểm thi THPT,2025,15.0,Kỹ thuật cơ khí
119823,NTT,ky-thuat-co-khi,D28,Điểm thi THPT,2025,15.0,Kỹ thuật cơ khí
119824,NTT,ky-thuat-co-khi,D29,Điểm thi THPT,2025,15.0,Kỹ thuật cơ khí
119825,NTT,ky-thuat-co-khi,D30,Điểm thi THPT,2025,15.0,Kỹ thuật cơ khí
119826,NTT,ky-thuat-co-khi,X05,Điểm thi THPT,2025,15.0,Kỹ thuật cơ khí
119827,NTT,ky-thuat-co-khi,X07,Điểm thi THPT,2025,15.0,Kỹ thuật cơ khí
119828,NTT,ky-thuat-co-khi,X08,Điểm thi THPT,2025,15.0,Kỹ thuật cơ khí
119829,NTT,ky-thuat-co-khi,X11,Điểm thi THPT,2025,15.0,Kỹ thuật cơ khí
119830,NTT,ky-thuat-co-khi,X12,Điểm thi THPT,2025,15.0,Kỹ thuật cơ khí
119831,NTT,ky-thuat-co-khi,X27,Điểm thi THPT,2025,15.0,Kỹ thuật cơ khí
119832,NTT,ky-thuat-co-khi,X28,Điểm thi THPT,2025,15.0,Kỹ thuật cơ khí
119833,NTT,ky-thuat-dien-dien-tu,A00,Điểm học bạ,2021,6.0,"Kỹ thuật điện, điện tử"
119834,NTT,ky-thuat-dien-dien-tu,A01,Điểm học bạ,2021,6.0,"Kỹ thuật điện, điện tử"
119835,NTT,ky-thuat-dien-dien-tu,D01,Điểm học bạ,2021,6.0,"Kỹ thuật điện, điện tử"
119836,NTT,ky-thuat-dien-dien-tu,D07,Điểm học bạ,2021,6.0,"Kỹ thuật điện, điện tử"
119837,NTT,ky-thuat-dien-dien-tu,A00,Điểm thi THPT,2021,15.0,"Kỹ thuật điện, điện tử"
119838,NTT,ky-thuat-dien-dien-tu,A01,Điểm thi THPT,2021,15.0,"Kỹ thuật điện, điện tử"
119839,NTT,ky-thuat-dien-dien-tu,D01,Điểm thi THPT,2021,15.0,"Kỹ thuật điện, điện tử"
119840,NTT,ky-thuat-dien-dien-tu,D07,Điểm thi THPT,2021,15.0,"Kỹ thuật điện, điện tử"
119841,NTT,ky-thuat-dien-dien-tu,A00,Điểm học bạ,2022,6.0,"Kỹ thuật điện, điện tử"
119842,NTT,ky-thuat-dien-dien-tu,A01,Điểm học bạ,2022,6.0,"Kỹ thuật điện, điện tử"
119843,NTT,ky-thuat-dien-dien-tu,D01,Điểm học bạ,2022,6.0,"Kỹ thuật điện, điện tử"
119844,NTT,ky-thuat-dien-dien-tu,D07,Điểm học bạ,2022,6.0,"Kỹ thuật điện, điện tử"
119845,NTT,ky-thuat-dien-dien-tu,A00,Điểm thi THPT,2022,15.0,"Kỹ thuật điện, điện tử"
119846,NTT,ky-thuat-dien-dien-tu,A01,Điểm thi THPT,2022,15.0,"Kỹ thuật điện, điện tử"
119847,NTT,ky-thuat-dien-dien-tu,D01,Điểm thi THPT,2022,15.0,"Kỹ thuật điện, điện tử"
119848,NTT,ky-thuat-dien-dien-tu,D07,Điểm thi THPT,2022,15.0,"Kỹ thuật điện, điện tử"
119849,NTT,ky-thuat-dien-dien-tu,A00,Điểm học bạ,2023,6.0,"Kỹ thuật điện, điện tử"
119850,NTT,ky-thuat-dien-dien-tu,A01,Điểm học bạ,2023,6.0,"Kỹ thuật điện, điện tử"
119851,NTT,ky-thuat-dien-dien-tu,D01,Điểm học bạ,2023,6.0,"Kỹ thuật điện, điện tử"
119852,NTT,ky-thuat-dien-dien-tu,D07,Điểm học bạ,2023,6.0,"Kỹ thuật điện, điện tử"
119853,NTT,ky-thuat-dien-dien-tu,A00,Điểm thi THPT,2023,15.0,"Kỹ thuật điện, điện tử"
119854,NTT,ky-thuat-dien-dien-tu,A01,Điểm thi THPT,2023,15.0,"Kỹ thuật điện, điện tử"
119855,NTT,ky-thuat-dien-dien-tu,D01,Điểm thi THPT,2023,15.0,"Kỹ thuật điện, điện tử"
119856,NTT,ky-thuat-dien-dien-tu,D07,Điểm thi THPT,2023,15.0,"Kỹ thuật điện, điện tử"
119857,NTT,ky-thuat-dien-dien-tu,A00,Điểm thi THPT,2024,15.0,"Kỹ thuật điện, điện tử"
119858,NTT,ky-thuat-dien-dien-tu,A01,Điểm thi THPT,2024,15.0,"Kỹ thuật điện, điện tử"
119859,NTT,ky-thuat-dien-dien-tu,D01,Điểm thi THPT,2024,15.0,"Kỹ thuật điện, điện tử"
119860,NTT,ky-thuat-dien-dien-tu,D07,Điểm thi THPT,2024,15.0,"Kỹ thuật điện, điện tử"
119861,NTT,ky-thuat-dien-dien-tu,A00,Điểm học bạ,2025,18.0,"Kỹ thuật điện, điện tử"
119862,NTT,ky-thuat-dien-dien-tu,A01,Điểm học bạ,2025,18.0,"Kỹ thuật điện, điện tử"
119863,NTT,ky-thuat-dien-dien-tu,A02,Điểm học bạ,2025,18.0,"Kỹ thuật điện, điện tử"
119864,NTT,ky-thuat-dien-dien-tu,A03,Điểm học bạ,2025,18.0,"Kỹ thuật điện, điện tử"
119865,NTT,ky-thuat-dien-dien-tu,A04,Điểm học bạ,2025,18.0,"Kỹ thuật điện, điện tử"
119866,NTT,ky-thuat-dien-dien-tu,C01,Điểm học bạ,2025,18.0,"Kỹ thuật điện, điện tử"
119867,NTT,ky-thuat-dien-dien-tu,D01,Điểm học bạ,2025,18.0,"Kỹ thuật điện, điện tử"
119868,NTT,ky-thuat-dien-dien-tu,D26,Điểm học bạ,2025,18.0,"Kỹ thuật điện, điện tử"
119869,NTT,ky-thuat-dien-dien-tu,D27,Điểm học bạ,2025,18.0,"Kỹ thuật điện, điện tử"
119870,NTT,ky-thuat-dien-dien-tu,D28,Điểm học bạ,2025,18.0,"Kỹ thuật điện, điện tử"
119871,NTT,ky-thuat-dien-dien-tu,D29,Điểm học bạ,2025,18.0,"Kỹ thuật điện, điện tử"
119872,NTT,ky-thuat-dien-dien-tu,D30,Điểm học bạ,2025,18.0,"Kỹ thuật điện, điện tử"
119873,NTT,ky-thuat-dien-dien-tu,X05,Điểm học bạ,2025,18.0,"Kỹ thuật điện, điện tử"
119874,NTT,ky-thuat-dien-dien-tu,X07,Điểm học bạ,2025,18.0,"Kỹ thuật điện, điện tử"
119875,NTT,ky-thuat-dien-dien-tu,X08,Điểm học bạ,2025,18.0,"Kỹ thuật điện, điện tử"
119876,NTT,ky-thuat-dien-dien-tu,X11,Điểm học bạ,2025,18.0,"Kỹ thuật điện, điện tử"
119877,NTT,ky-thuat-dien-dien-tu,X12,Điểm học bạ,2025,18.0,"Kỹ thuật điện, điện tử"
119878,NTT,ky-thuat-dien-dien-tu,X27,Điểm học bạ,2025,18.0,"Kỹ thuật điện, điện tử"
119879,NTT,ky-thuat-dien-dien-tu,X28,Điểm học bạ,2025,18.0,"Kỹ thuật điện, điện tử"
119880,NTT,ky-thuat-dien-dien-tu,A00,Điểm thi THPT,2025,15.0,"Kỹ thuật điện, điện tử"
119881,NTT,ky-thuat-dien-dien-tu,A01,Điểm thi THPT,2025,15.0,"Kỹ thuật điện, điện tử"
119882,NTT,ky-thuat-dien-dien-tu,A02,Điểm thi THPT,2025,15.0,"Kỹ thuật điện, điện tử"
119883,NTT,ky-thuat-dien-dien-tu,A03,Điểm thi THPT,2025,15.0,"Kỹ thuật điện, điện tử"
119884,NTT,ky-thuat-dien-dien-tu,A04,Điểm thi THPT,2025,15.0,"Kỹ thuật điện, điện tử"
119885,NTT,ky-thuat-dien-dien-tu,C01,Điểm thi THPT,2025,15.0,"Kỹ thuật điện, điện tử"
119886,NTT,ky-thuat-dien-dien-tu,D01,Điểm thi THPT,2025,15.0,"Kỹ thuật điện, điện tử"
119887,NTT,ky-thuat-dien-dien-tu,D26,Điểm thi THPT,2025,15.0,"Kỹ thuật điện, điện tử"
119888,NTT,ky-thuat-dien-dien-tu,D27,Điểm thi THPT,2025,15.0,"Kỹ thuật điện, điện tử"
119889,NTT,ky-thuat-dien-dien-tu,D28,Điểm thi THPT,2025,15.0,"Kỹ thuật điện, điện tử"
119890,NTT,ky-thuat-dien-dien-tu,D29,Điểm thi THPT,2025,15.0,"Kỹ thuật điện, điện tử"
119891,NTT,ky-thuat-dien-dien-tu,D30,Điểm thi THPT,2025,15.0,"Kỹ thuật điện, điện tử"
119892,NTT,ky-thuat-dien-dien-tu,X05,Điểm thi THPT,2025,15.0,"Kỹ thuật điện, điện tử"
119893,NTT,ky-thuat-dien-dien-tu,X07,Điểm thi THPT,2025,15.0,"Kỹ thuật điện, điện tử"
119894,NTT,ky-thuat-dien-dien-tu,X08,Điểm thi THPT,2025,15.0,"Kỹ thuật điện, điện tử"
119895,NTT,ky-thuat-dien-dien-tu,X11,Điểm thi THPT,2025,15.0,"Kỹ thuật điện, điện tử"
119896,NTT,ky-thuat-dien-dien-tu,X12,Điểm thi THPT,2025,15.0,"Kỹ thuật điện, điện tử"
119897,NTT,ky-thuat-dien-dien-tu,X27,Điểm thi THPT,2025,15.0,"Kỹ thuật điện, điện tử"
119898,NTT,ky-thuat-dien-dien-tu,X28,Điểm thi THPT,2025,15.0,"Kỹ thuật điện, điện tử"
119899,NTT,ky-thuat-he-thong-cong-nghiep,A00,Điểm học bạ,2021,6.0,Kỹ thuật hệ thống Công nghiệp
119900,NTT,ky-thuat-he-thong-cong-nghiep,A01,Điểm học bạ,2021,6.0,Kỹ thuật hệ thống Công nghiệp
119901,NTT,ky-thuat-he-thong-cong-nghiep,D01,Điểm học bạ,2021,6.0,Kỹ thuật hệ thống Công nghiệp
119902,NTT,ky-thuat-he-thong-cong-nghiep,D07,Điểm học bạ,2021,6.0,Kỹ thuật hệ thống Công nghiệp
119903,NTT,ky-thuat-he-thong-cong-nghiep,A00,Điểm thi THPT,2021,15.0,Kỹ thuật hệ thống Công nghiệp
119904,NTT,ky-thuat-he-thong-cong-nghiep,A01,Điểm thi THPT,2021,15.0,Kỹ thuật hệ thống Công nghiệp
119905,NTT,ky-thuat-he-thong-cong-nghiep,D01,Điểm thi THPT,2021,15.0,Kỹ thuật hệ thống Công nghiệp
119906,NTT,ky-thuat-he-thong-cong-nghiep,D07,Điểm thi THPT,2021,15.0,Kỹ thuật hệ thống Công nghiệp
119907,NTT,ky-thuat-he-thong-cong-nghiep,A00,Điểm học bạ,2022,6.0,Kỹ thuật hệ thống Công nghiệp
119908,NTT,ky-thuat-he-thong-cong-nghiep,A01,Điểm học bạ,2022,6.0,Kỹ thuật hệ thống Công nghiệp
119909,NTT,ky-thuat-he-thong-cong-nghiep,D01,Điểm học bạ,2022,6.0,Kỹ thuật hệ thống Công nghiệp
119910,NTT,ky-thuat-he-thong-cong-nghiep,D07,Điểm học bạ,2022,6.0,Kỹ thuật hệ thống Công nghiệp
119911,NTT,ky-thuat-he-thong-cong-nghiep,A00,Điểm thi THPT,2022,15.0,Kỹ thuật hệ thống Công nghiệp
119912,NTT,ky-thuat-he-thong-cong-nghiep,A01,Điểm thi THPT,2022,15.0,Kỹ thuật hệ thống Công nghiệp
119913,NTT,ky-thuat-he-thong-cong-nghiep,D01,Điểm thi THPT,2022,15.0,Kỹ thuật hệ thống Công nghiệp
119914,NTT,ky-thuat-he-thong-cong-nghiep,D07,Điểm thi THPT,2022,15.0,Kỹ thuật hệ thống Công nghiệp
119915,NTT,ky-thuat-he-thong-cong-nghiep,A00,Điểm học bạ,2023,6.0,Kỹ thuật hệ thống Công nghiệp
119916,NTT,ky-thuat-he-thong-cong-nghiep,A01,Điểm học bạ,2023,6.0,Kỹ thuật hệ thống Công nghiệp
119917,NTT,ky-thuat-he-thong-cong-nghiep,D01,Điểm học bạ,2023,6.0,Kỹ thuật hệ thống Công nghiệp
119918,NTT,ky-thuat-he-thong-cong-nghiep,D07,Điểm học bạ,2023,6.0,Kỹ thuật hệ thống Công nghiệp
119919,NTT,ky-thuat-he-thong-cong-nghiep,A00,Điểm thi THPT,2023,15.0,Kỹ thuật hệ thống Công nghiệp
119920,NTT,ky-thuat-he-thong-cong-nghiep,A01,Điểm thi THPT,2023,15.0,Kỹ thuật hệ thống Công nghiệp
119921,NTT,ky-thuat-he-thong-cong-nghiep,D01,Điểm thi THPT,2023,15.0,Kỹ thuật hệ thống Công nghiệp
119922,NTT,ky-thuat-he-thong-cong-nghiep,D07,Điểm thi THPT,2023,15.0,Kỹ thuật hệ thống Công nghiệp
119923,NTT,ky-thuat-phan-mem,A00,Điểm học bạ,2021,6.0,Kỹ thuật phần mềm
119924,NTT,ky-thuat-phan-mem,A01,Điểm học bạ,2021,6.0,Kỹ thuật phần mềm
119925,NTT,ky-thuat-phan-mem,D01,Điểm học bạ,2021,6.0,Kỹ thuật phần mềm
119926,NTT,ky-thuat-phan-mem,D07,Điểm học bạ,2021,6.0,Kỹ thuật phần mềm
119927,NTT,ky-thuat-phan-mem,A00,Điểm thi THPT,2021,15.0,Kỹ thuật phần mềm
119928,NTT,ky-thuat-phan-mem,A01,Điểm thi THPT,2021,15.0,Kỹ thuật phần mềm
119929,NTT,ky-thuat-phan-mem,D01,Điểm thi THPT,2021,15.0,Kỹ thuật phần mềm
119930,NTT,ky-thuat-phan-mem,D07,Điểm thi THPT,2021,15.0,Kỹ thuật phần mềm
119931,NTT,ky-thuat-phan-mem,A00,Điểm học bạ,2022,6.0,Kỹ thuật phần mềm
119932,NTT,ky-thuat-phan-mem,A01,Điểm học bạ,2022,6.0,Kỹ thuật phần mềm
119933,NTT,ky-thuat-phan-mem,D01,Điểm học bạ,2022,6.0,Kỹ thuật phần mềm
119934,NTT,ky-thuat-phan-mem,D07,Điểm học bạ,2022,6.0,Kỹ thuật phần mềm
119935,NTT,ky-thuat-phan-mem,A00,Điểm thi THPT,2022,15.0,Kỹ thuật phần mềm
119936,NTT,ky-thuat-phan-mem,A01,Điểm thi THPT,2022,15.0,Kỹ thuật phần mềm
119937,NTT,ky-thuat-phan-mem,D01,Điểm thi THPT,2022,15.0,Kỹ thuật phần mềm
119938,NTT,ky-thuat-phan-mem,D07,Điểm thi THPT,2022,15.0,Kỹ thuật phần mềm
119939,NTT,ky-thuat-phan-mem,A00,Điểm học bạ,2023,6.0,Kỹ thuật phần mềm
119940,NTT,ky-thuat-phan-mem,A01,Điểm học bạ,2023,6.0,Kỹ thuật phần mềm
119941,NTT,ky-thuat-phan-mem,D01,Điểm học bạ,2023,6.0,Kỹ thuật phần mềm
119942,NTT,ky-thuat-phan-mem,D07,Điểm học bạ,2023,6.0,Kỹ thuật phần mềm
119943,NTT,ky-thuat-phan-mem,A00,Điểm thi THPT,2023,15.0,Kỹ thuật phần mềm
119944,NTT,ky-thuat-phan-mem,A01,Điểm thi THPT,2023,15.0,Kỹ thuật phần mềm
119945,NTT,ky-thuat-phan-mem,D01,Điểm thi THPT,2023,15.0,Kỹ thuật phần mềm
119946,NTT,ky-thuat-phan-mem,D07,Điểm thi THPT,2023,15.0,Kỹ thuật phần mềm
119947,NTT,ky-thuat-phan-mem,A00,Điểm thi THPT,2024,15.0,Kỹ thuật phần mềm
119948,NTT,ky-thuat-phan-mem,A01,Điểm thi THPT,2024,15.0,Kỹ thuật phần mềm
119949,NTT,ky-thuat-phan-mem,D01,Điểm thi THPT,2024,15.0,Kỹ thuật phần mềm
119950,NTT,ky-thuat-phan-mem,D07,Điểm thi THPT,2024,15.0,Kỹ thuật phần mềm
119951,NTT,ky-thuat-phan-mem,A00,Điểm học bạ,2025,18.0,Kỹ thuật phần mềm
119952,NTT,ky-thuat-phan-mem,A01,Điểm học bạ,2025,18.0,Kỹ thuật phần mềm
119953,NTT,ky-thuat-phan-mem,D01,Điểm học bạ,2025,18.0,Kỹ thuật phần mềm
119954,NTT,ky-thuat-phan-mem,X02,Điểm học bạ,2025,18.0,Kỹ thuật phần mềm
119955,NTT,ky-thuat-phan-mem,A00,Điểm thi THPT,2025,15.0,Kỹ thuật phần mềm
119956,NTT,ky-thuat-phan-mem,A01,Điểm thi THPT,2025,15.0,Kỹ thuật phần mềm
119957,NTT,ky-thuat-phan-mem,D01,Điểm thi THPT,2025,15.0,Kỹ thuật phần mềm
119958,NTT,ky-thuat-phan-mem,X02,Điểm thi THPT,2025,15.0,Kỹ thuật phần mềm
119959,NTT,ky-thuat-phuc-hoi-chuc-nang,B00,Điểm học bạ,2023,6.5,Kỹ thuật phục hồi chức năng
119960,NTT,ky-thuat-phuc-hoi-chuc-nang,B00,Điểm thi THPT,2023,19.0,Kỹ thuật phục hồi chức năng
119961,NTT,ky-thuat-phuc-hoi-chuc-nang,A00,Điểm thi THPT,2024,19.0,Kỹ thuật phục hồi chức năng
119962,NTT,ky-thuat-phuc-hoi-chuc-nang,A01,Điểm thi THPT,2024,19.0,Kỹ thuật phục hồi chức năng
119963,NTT,ky-thuat-phuc-hoi-chuc-nang,B00,Điểm thi THPT,2024,19.0,Kỹ thuật phục hồi chức năng
119964,NTT,ky-thuat-phuc-hoi-chuc-nang,D07,Điểm thi THPT,2024,19.0,Kỹ thuật phục hồi chức năng
119965,NTT,ky-thuat-phuc-hoi-chuc-nang,A00,Điểm học bạ,2025,19.0,Kỹ thuật phục hồi chức năng
119966,NTT,ky-thuat-phuc-hoi-chuc-nang,A01,Điểm học bạ,2025,19.0,Kỹ thuật phục hồi chức năng
119967,NTT,ky-thuat-phuc-hoi-chuc-nang,B00,Điểm học bạ,2025,19.0,Kỹ thuật phục hồi chức năng
119968,NTT,ky-thuat-phuc-hoi-chuc-nang,D07,Điểm học bạ,2025,19.0,Kỹ thuật phục hồi chức năng
119969,NTT,ky-thuat-phuc-hoi-chuc-nang,A00,Điểm thi THPT,2025,17.0,Kỹ thuật phục hồi chức năng
119970,NTT,ky-thuat-phuc-hoi-chuc-nang,A01,Điểm thi THPT,2025,17.0,Kỹ thuật phục hồi chức năng
119971,NTT,ky-thuat-phuc-hoi-chuc-nang,B00,Điểm thi THPT,2025,17.0,Kỹ thuật phục hồi chức năng
119972,NTT,ky-thuat-phuc-hoi-chuc-nang,D07,Điểm thi THPT,2025,17.0,Kỹ thuật phục hồi chức năng
119973,NTT,ky-thuat-xay-dung,A00,Điểm học bạ,2021,6.0,Kỹ thuật xây dựng
119974,NTT,ky-thuat-xay-dung,A01,Điểm học bạ,2021,6.0,Kỹ thuật xây dựng
119975,NTT,ky-thuat-xay-dung,D01,Điểm học bạ,2021,6.0,Kỹ thuật xây dựng
119976,NTT,ky-thuat-xay-dung,D07,Điểm học bạ,2021,6.0,Kỹ thuật xây dựng
119977,NTT,ky-thuat-xay-dung,A00,Điểm thi THPT,2021,15.0,Kỹ thuật xây dựng
119978,NTT,ky-thuat-xay-dung,A01,Điểm thi THPT,2021,15.0,Kỹ thuật xây dựng
119979,NTT,ky-thuat-xay-dung,D01,Điểm thi THPT,2021,15.0,Kỹ thuật xây dựng
119980,NTT,ky-thuat-xay-dung,D07,Điểm thi THPT,2021,15.0,Kỹ thuật xây dựng
119981,NTT,ky-thuat-xay-dung,A00,Điểm học bạ,2022,6.0,Kỹ thuật xây dựng
119982,NTT,ky-thuat-xay-dung,A01,Điểm học bạ,2022,6.0,Kỹ thuật xây dựng
119983,NTT,ky-thuat-xay-dung,D01,Điểm học bạ,2022,6.0,Kỹ thuật xây dựng
119984,NTT,ky-thuat-xay-dung,D07,Điểm học bạ,2022,6.0,Kỹ thuật xây dựng
119985,NTT,ky-thuat-xay-dung,A00,Điểm thi THPT,2022,15.0,Kỹ thuật xây dựng
119986,NTT,ky-thuat-xay-dung,A01,Điểm thi THPT,2022,15.0,Kỹ thuật xây dựng
119987,NTT,ky-thuat-xay-dung,D01,Điểm thi THPT,2022,15.0,Kỹ thuật xây dựng
119988,NTT,ky-thuat-xay-dung,D07,Điểm thi THPT,2022,15.0,Kỹ thuật xây dựng
119989,NTT,ky-thuat-xay-dung,A00,Điểm học bạ,2023,6.0,Kỹ thuật xây dựng
119990,NTT,ky-thuat-xay-dung,A01,Điểm học bạ,2023,6.0,Kỹ thuật xây dựng
119991,NTT,ky-thuat-xay-dung,D01,Điểm học bạ,2023,6.0,Kỹ thuật xây dựng
119992,NTT,ky-thuat-xay-dung,D07,Điểm học bạ,2023,6.0,Kỹ thuật xây dựng
119993,NTT,ky-thuat-xay-dung,A00,Điểm thi THPT,2023,15.0,Kỹ thuật xây dựng
119994,NTT,ky-thuat-xay-dung,A01,Điểm thi THPT,2023,15.0,Kỹ thuật xây dựng
119995,NTT,ky-thuat-xay-dung,D01,Điểm thi THPT,2023,15.0,Kỹ thuật xây dựng
119996,NTT,ky-thuat-xay-dung,D07,Điểm thi THPT,2023,15.0,Kỹ thuật xây dựng
119997,NTT,ky-thuat-xay-dung,A00,Điểm thi THPT,2024,15.0,Kỹ thuật xây dựng
119998,NTT,ky-thuat-xay-dung,A01,Điểm thi THPT,2024,15.0,Kỹ thuật xây dựng
119999,NTT,ky-thuat-xay-dung,D01,Điểm thi THPT,2024,15.0,Kỹ thuật xây dựng
120000,NTT,ky-thuat-xay-dung,D07,Điểm thi THPT,2024,15.0,Kỹ thuật xây dựng
120001,NTT,ky-thuat-xay-dung,A00,Điểm học bạ,2025,18.0,Kỹ thuật xây dựng
120002,NTT,ky-thuat-xay-dung,A01,Điểm học bạ,2025,18.0,Kỹ thuật xây dựng
120003,NTT,ky-thuat-xay-dung,D01,Điểm học bạ,2025,18.0,Kỹ thuật xây dựng
120004,NTT,ky-thuat-xay-dung,X02,Điểm học bạ,2025,18.0,Kỹ thuật xây dựng
120005,NTT,ky-thuat-xay-dung,A00,Điểm thi THPT,2025,15.0,Kỹ thuật xây dựng
120006,NTT,ky-thuat-xay-dung,A01,Điểm thi THPT,2025,15.0,Kỹ thuật xây dựng
120007,NTT,ky-thuat-xay-dung,D01,Điểm thi THPT,2025,15.0,Kỹ thuật xây dựng
120008,NTT,ky-thuat-xay-dung,X02,Điểm thi THPT,2025,15.0,Kỹ thuật xây dựng
120009,NTT,ky-thuat-xay-dung-cong-trinh-giao-thong,A00,Điểm học bạ,2023,6.0,Kỹ thuật xây dựng công trình giao thông
120010,NTT,ky-thuat-xay-dung-cong-trinh-giao-thong,A01,Điểm học bạ,2023,6.0,Kỹ thuật xây dựng công trình giao thông
120011,NTT,ky-thuat-xay-dung-cong-trinh-giao-thong,D01,Điểm học bạ,2023,6.0,Kỹ thuật xây dựng công trình giao thông
120012,NTT,ky-thuat-xay-dung-cong-trinh-giao-thong,D07,Điểm học bạ,2023,6.0,Kỹ thuật xây dựng công trình giao thông
120013,NTT,ky-thuat-xay-dung-cong-trinh-giao-thong,A00,Điểm thi THPT,2023,15.0,Kỹ thuật xây dựng công trình giao thông
120014,NTT,ky-thuat-xay-dung-cong-trinh-giao-thong,A01,Điểm thi THPT,2023,15.0,Kỹ thuật xây dựng công trình giao thông
120015,NTT,ky-thuat-xay-dung-cong-trinh-giao-thong,D01,Điểm thi THPT,2023,15.0,Kỹ thuật xây dựng công trình giao thông
120016,NTT,ky-thuat-xay-dung-cong-trinh-giao-thong,D07,Điểm thi THPT,2023,15.0,Kỹ thuật xây dựng công trình giao thông
120017,NTT,ky-thuat-xay-dung-cong-trinh-giao-thong,A00,Điểm thi THPT,2024,15.0,Kỹ thuật xây dựng công trình giao thông
120018,NTT,ky-thuat-xay-dung-cong-trinh-giao-thong,A01,Điểm thi THPT,2024,15.0,Kỹ thuật xây dựng công trình giao thông
120019,NTT,ky-thuat-xay-dung-cong-trinh-giao-thong,D01,Điểm thi THPT,2024,15.0,Kỹ thuật xây dựng công trình giao thông
120020,NTT,ky-thuat-xay-dung-cong-trinh-giao-thong,D07,Điểm thi THPT,2024,15.0,Kỹ thuật xây dựng công trình giao thông
120021,NTT,ky-thuat-xet-nghiem-y-hoc,A00,Điểm học bạ,2021,6.5,Kỹ thuật xét nghiệm y học
120022,NTT,ky-thuat-xet-nghiem-y-hoc,B00,Điểm học bạ,2021,6.5,Kỹ thuật xét nghiệm y học
120023,NTT,ky-thuat-xet-nghiem-y-hoc,D07,Điểm học bạ,2021,6.5,Kỹ thuật xét nghiệm y học
120024,NTT,ky-thuat-xet-nghiem-y-hoc,D08,Điểm học bạ,2021,6.5,Kỹ thuật xét nghiệm y học
120025,NTT,ky-thuat-xet-nghiem-y-hoc,A00,Điểm thi THPT,2021,19.0,Kỹ thuật xét nghiệm y học
120026,NTT,ky-thuat-xet-nghiem-y-hoc,B00,Điểm thi THPT,2021,19.0,Kỹ thuật xét nghiệm y học
120027,NTT,ky-thuat-xet-nghiem-y-hoc,D07,Điểm thi THPT,2021,19.0,Kỹ thuật xét nghiệm y học
120028,NTT,ky-thuat-xet-nghiem-y-hoc,D08,Điểm thi THPT,2021,19.0,Kỹ thuật xét nghiệm y học
120029,NTT,ky-thuat-xet-nghiem-y-hoc,A00,Điểm học bạ,2022,6.5,Kỹ thuật xét nghiệm y học
120030,NTT,ky-thuat-xet-nghiem-y-hoc,B00,Điểm học bạ,2022,6.5,Kỹ thuật xét nghiệm y học
120031,NTT,ky-thuat-xet-nghiem-y-hoc,D07,Điểm học bạ,2022,6.5,Kỹ thuật xét nghiệm y học
120032,NTT,ky-thuat-xet-nghiem-y-hoc,D08,Điểm học bạ,2022,6.5,Kỹ thuật xét nghiệm y học
120033,NTT,ky-thuat-xet-nghiem-y-hoc,A00,Điểm thi THPT,2022,19.0,Kỹ thuật xét nghiệm y học
120034,NTT,ky-thuat-xet-nghiem-y-hoc,B00,Điểm thi THPT,2022,19.0,Kỹ thuật xét nghiệm y học
120035,NTT,ky-thuat-xet-nghiem-y-hoc,D07,Điểm thi THPT,2022,19.0,Kỹ thuật xét nghiệm y học
120036,NTT,ky-thuat-xet-nghiem-y-hoc,D08,Điểm thi THPT,2022,19.0,Kỹ thuật xét nghiệm y học
120037,NTT,ky-thuat-xet-nghiem-y-hoc,A00,Điểm học bạ,2023,6.5,Kỹ thuật xét nghiệm y học
120038,NTT,ky-thuat-xet-nghiem-y-hoc,B00,Điểm học bạ,2023,6.5,Kỹ thuật xét nghiệm y học
120039,NTT,ky-thuat-xet-nghiem-y-hoc,D07,Điểm học bạ,2023,6.5,Kỹ thuật xét nghiệm y học
120040,NTT,ky-thuat-xet-nghiem-y-hoc,D08,Điểm học bạ,2023,6.5,Kỹ thuật xét nghiệm y học
120041,NTT,ky-thuat-xet-nghiem-y-hoc,A00,Điểm thi THPT,2023,19.0,Kỹ thuật xét nghiệm y học
120042,NTT,ky-thuat-xet-nghiem-y-hoc,B00,Điểm thi THPT,2023,19.0,Kỹ thuật xét nghiệm y học
120043,NTT,ky-thuat-xet-nghiem-y-hoc,D07,Điểm thi THPT,2023,19.0,Kỹ thuật xét nghiệm y học
120044,NTT,ky-thuat-xet-nghiem-y-hoc,D08,Điểm thi THPT,2023,19.0,Kỹ thuật xét nghiệm y học
120045,NTT,ky-thuat-xet-nghiem-y-hoc,A00,Điểm thi THPT,2024,19.0,Kỹ thuật xét nghiệm y học
120046,NTT,ky-thuat-xet-nghiem-y-hoc,B00,Điểm thi THPT,2024,19.0,Kỹ thuật xét nghiệm y học
120047,NTT,ky-thuat-xet-nghiem-y-hoc,D07,Điểm thi THPT,2024,19.0,Kỹ thuật xét nghiệm y học
120048,NTT,ky-thuat-xet-nghiem-y-hoc,D08,Điểm thi THPT,2024,19.0,Kỹ thuật xét nghiệm y học
120049,NTT,ky-thuat-xet-nghiem-y-hoc,A00,Điểm học bạ,2025,19.0,Kỹ thuật xét nghiệm y học
120050,NTT,ky-thuat-xet-nghiem-y-hoc,B00,Điểm học bạ,2025,19.0,Kỹ thuật xét nghiệm y học
120051,NTT,ky-thuat-xet-nghiem-y-hoc,B08,Điểm học bạ,2025,19.0,Kỹ thuật xét nghiệm y học
120052,NTT,ky-thuat-xet-nghiem-y-hoc,D07,Điểm học bạ,2025,19.0,Kỹ thuật xét nghiệm y học
120053,NTT,ky-thuat-xet-nghiem-y-hoc,A00,Điểm thi THPT,2025,17.0,Kỹ thuật xét nghiệm y học
120054,NTT,ky-thuat-xet-nghiem-y-hoc,B00,Điểm thi THPT,2025,17.0,Kỹ thuật xét nghiệm y học
120055,NTT,ky-thuat-xet-nghiem-y-hoc,B08,Điểm thi THPT,2025,17.0,Kỹ thuật xét nghiệm y học
120056,NTT,ky-thuat-xet-nghiem-y-hoc,D07,Điểm thi THPT,2025,17.0,Kỹ thuật xét nghiệm y học
120057,NTT,ky-thuat-y-sinh,A00,Điểm học bạ,2021,6.0,Kỹ thuật Y sinh
120058,NTT,ky-thuat-y-sinh,A01,Điểm học bạ,2021,6.0,Kỹ thuật Y sinh
120059,NTT,ky-thuat-y-sinh,A02,Điểm học bạ,2021,6.0,Kỹ thuật Y sinh
120060,NTT,ky-thuat-y-sinh,B00,Điểm học bạ,2021,6.0,Kỹ thuật Y sinh
120061,NTT,ky-thuat-y-sinh,A00,Điểm thi THPT,2021,15.0,Kỹ thuật Y sinh
120062,NTT,ky-thuat-y-sinh,A01,Điểm thi THPT,2021,15.0,Kỹ thuật Y sinh
120063,NTT,ky-thuat-y-sinh,A02,Điểm thi THPT,2021,15.0,Kỹ thuật Y sinh
120064,NTT,ky-thuat-y-sinh,B00,Điểm thi THPT,2021,15.0,Kỹ thuật Y sinh
120065,NTT,ky-thuat-y-sinh,A00,Điểm học bạ,2022,6.0,Kỹ thuật Y sinh
120066,NTT,ky-thuat-y-sinh,A01,Điểm học bạ,2022,6.0,Kỹ thuật Y sinh
120067,NTT,ky-thuat-y-sinh,A02,Điểm học bạ,2022,6.0,Kỹ thuật Y sinh
120068,NTT,ky-thuat-y-sinh,B00,Điểm học bạ,2022,6.0,Kỹ thuật Y sinh
120069,NTT,ky-thuat-y-sinh,A00,Điểm thi THPT,2022,15.0,Kỹ thuật Y sinh
120070,NTT,ky-thuat-y-sinh,A01,Điểm thi THPT,2022,15.0,Kỹ thuật Y sinh
120071,NTT,ky-thuat-y-sinh,A02,Điểm thi THPT,2022,15.0,Kỹ thuật Y sinh
120072,NTT,ky-thuat-y-sinh,B00,Điểm thi THPT,2022,15.0,Kỹ thuật Y sinh
120073,NTT,ky-thuat-y-sinh,A00,Điểm học bạ,2023,6.0,Kỹ thuật Y sinh
120074,NTT,ky-thuat-y-sinh,A01,Điểm học bạ,2023,6.0,Kỹ thuật Y sinh
120075,NTT,ky-thuat-y-sinh,A02,Điểm học bạ,2023,6.0,Kỹ thuật Y sinh
120076,NTT,ky-thuat-y-sinh,B00,Điểm học bạ,2023,6.0,Kỹ thuật Y sinh
120077,NTT,ky-thuat-y-sinh,A00,Điểm thi THPT,2023,15.0,Kỹ thuật Y sinh
120078,NTT,ky-thuat-y-sinh,A01,Điểm thi THPT,2023,15.0,Kỹ thuật Y sinh
120079,NTT,ky-thuat-y-sinh,A02,Điểm thi THPT,2023,15.0,Kỹ thuật Y sinh
120080,NTT,ky-thuat-y-sinh,B00,Điểm thi THPT,2023,15.0,Kỹ thuật Y sinh
120081,NTT,ky-thuat-y-sinh,A00,Điểm thi THPT,2024,15.0,Kỹ thuật Y sinh
120082,NTT,ky-thuat-y-sinh,A01,Điểm thi THPT,2024,15.0,Kỹ thuật Y sinh
120083,NTT,ky-thuat-y-sinh,A02,Điểm thi THPT,2024,15.0,Kỹ thuật Y sinh
120084,NTT,ky-thuat-y-sinh,B00,Điểm thi THPT,2024,15.0,Kỹ thuật Y sinh
120085,NTT,ky-thuat-y-sinh,A00,Điểm học bạ,2025,18.0,Kỹ thuật Y sinh
120086,NTT,ky-thuat-y-sinh,A01,Điểm học bạ,2025,18.0,Kỹ thuật Y sinh
120087,NTT,ky-thuat-y-sinh,A02,Điểm học bạ,2025,18.0,Kỹ thuật Y sinh
120088,NTT,ky-thuat-y-sinh,B00,Điểm học bạ,2025,18.0,Kỹ thuật Y sinh
120089,NTT,ky-thuat-y-sinh,A00,Điểm thi THPT,2025,15.0,Kỹ thuật Y sinh
120090,NTT,ky-thuat-y-sinh,A01,Điểm thi THPT,2025,15.0,Kỹ thuật Y sinh
120091,NTT,ky-thuat-y-sinh,A02,Điểm thi THPT,2025,15.0,Kỹ thuật Y sinh
120092,NTT,ky-thuat-y-sinh,B00,Điểm thi THPT,2025,15.0,Kỹ thuật Y sinh
120093,NTT,logisfics-va-quan-ly-chuoi-cung-ung-chuan-quoc-te,A00,Điểm học bạ,2025,18.0,Logisfics và Quản lý chuỗi cung ứng - Chuẩn quốc tế
120094,NTT,logisfics-va-quan-ly-chuoi-cung-ung-chuan-quoc-te,C01,Điểm học bạ,2025,18.0,Logisfics và Quản lý chuỗi cung ứng - Chuẩn quốc tế
120095,NTT,logisfics-va-quan-ly-chuoi-cung-ung-chuan-quoc-te,C03,Điểm học bạ,2025,18.0,Logisfics và Quản lý chuỗi cung ứng - Chuẩn quốc tế
120096,NTT,logisfics-va-quan-ly-chuoi-cung-ung-chuan-quoc-te,D01,Điểm học bạ,2025,18.0,Logisfics và Quản lý chuỗi cung ứng - Chuẩn quốc tế
120097,NTT,logisfics-va-quan-ly-chuoi-cung-ung-chuan-quoc-te,A00,Điểm thi THPT,2025,15.0,Logisfics và Quản lý chuỗi cung ứng - Chuẩn quốc tế
120098,NTT,logisfics-va-quan-ly-chuoi-cung-ung-chuan-quoc-te,C01,Điểm thi THPT,2025,15.0,Logisfics và Quản lý chuỗi cung ứng - Chuẩn quốc tế
120099,NTT,logisfics-va-quan-ly-chuoi-cung-ung-chuan-quoc-te,C03,Điểm thi THPT,2025,15.0,Logisfics và Quản lý chuỗi cung ứng - Chuẩn quốc tế
120100,NTT,logisfics-va-quan-ly-chuoi-cung-ung-chuan-quoc-te,D01,Điểm thi THPT,2025,15.0,Logisfics và Quản lý chuỗi cung ứng - Chuẩn quốc tế
120101,NTT,logistic-va-quan-ly-chuoi-cung-ung,A00,Điểm học bạ,2021,6.0,Logistic và quản lý chuỗi cung ứng
120102,NTT,logistic-va-quan-ly-chuoi-cung-ung,A01,Điểm học bạ,2021,6.0,Logistic và quản lý chuỗi cung ứng
120103,NTT,logistic-va-quan-ly-chuoi-cung-ung,D01,Điểm học bạ,2021,6.0,Logistic và quản lý chuỗi cung ứng
120104,NTT,logistic-va-quan-ly-chuoi-cung-ung,D07,Điểm học bạ,2021,6.0,Logistic và quản lý chuỗi cung ứng
120105,NTT,logistic-va-quan-ly-chuoi-cung-ung,A00,Điểm thi THPT,2021,15.0,Logistic và quản lý chuỗi cung ứng
120106,NTT,logistic-va-quan-ly-chuoi-cung-ung,A01,Điểm thi THPT,2021,15.0,Logistic và quản lý chuỗi cung ứng
120107,NTT,logistic-va-quan-ly-chuoi-cung-ung,D01,Điểm thi THPT,2021,15.0,Logistic và quản lý chuỗi cung ứng
120108,NTT,logistic-va-quan-ly-chuoi-cung-ung,D07,Điểm thi THPT,2021,15.0,Logistic và quản lý chuỗi cung ứng
120109,NTT,logistic-va-quan-ly-chuoi-cung-ung,A00,Điểm học bạ,2022,6.0,Logistic và quản lý chuỗi cung ứng
120110,NTT,logistic-va-quan-ly-chuoi-cung-ung,A01,Điểm học bạ,2022,6.0,Logistic và quản lý chuỗi cung ứng
120111,NTT,logistic-va-quan-ly-chuoi-cung-ung,D01,Điểm học bạ,2022,6.0,Logistic và quản lý chuỗi cung ứng
120112,NTT,logistic-va-quan-ly-chuoi-cung-ung,D07,Điểm học bạ,2022,6.0,Logistic và quản lý chuỗi cung ứng
120113,NTT,logistic-va-quan-ly-chuoi-cung-ung,A00,Điểm thi THPT,2022,18.0,Logistic và quản lý chuỗi cung ứng
120114,NTT,logistic-va-quan-ly-chuoi-cung-ung,A01,Điểm thi THPT,2022,18.0,Logistic và quản lý chuỗi cung ứng
120115,NTT,logistic-va-quan-ly-chuoi-cung-ung,D01,Điểm thi THPT,2022,18.0,Logistic và quản lý chuỗi cung ứng
120116,NTT,logistic-va-quan-ly-chuoi-cung-ung,D07,Điểm thi THPT,2022,18.0,Logistic và quản lý chuỗi cung ứng
120117,NTT,logistic-va-quan-ly-chuoi-cung-ung,A00,Điểm học bạ,2023,6.0,Logistic và quản lý chuỗi cung ứng
120118,NTT,logistic-va-quan-ly-chuoi-cung-ung,A01,Điểm học bạ,2023,6.0,Logistic và quản lý chuỗi cung ứng
120119,NTT,logistic-va-quan-ly-chuoi-cung-ung,D01,Điểm học bạ,2023,6.0,Logistic và quản lý chuỗi cung ứng
120120,NTT,logistic-va-quan-ly-chuoi-cung-ung,D07,Điểm học bạ,2023,6.0,Logistic và quản lý chuỗi cung ứng
120121,NTT,logistic-va-quan-ly-chuoi-cung-ung,A00,Điểm thi THPT,2023,15.0,Logistic và quản lý chuỗi cung ứng
120122,NTT,logistic-va-quan-ly-chuoi-cung-ung,A01,Điểm thi THPT,2023,15.0,Logistic và quản lý chuỗi cung ứng
120123,NTT,logistic-va-quan-ly-chuoi-cung-ung,D01,Điểm thi THPT,2023,15.0,Logistic và quản lý chuỗi cung ứng
120124,NTT,logistic-va-quan-ly-chuoi-cung-ung,D07,Điểm thi THPT,2023,15.0,Logistic và quản lý chuỗi cung ứng
120125,NTT,logistic-va-quan-ly-chuoi-cung-ung,A00,Điểm thi THPT,2024,15.0,Logistic và quản lý chuỗi cung ứng
120126,NTT,logistic-va-quan-ly-chuoi-cung-ung,A01,Điểm thi THPT,2024,15.0,Logistic và quản lý chuỗi cung ứng
120127,NTT,logistic-va-quan-ly-chuoi-cung-ung,D01,Điểm thi THPT,2024,15.0,Logistic và quản lý chuỗi cung ứng
120128,NTT,logistic-va-quan-ly-chuoi-cung-ung,D07,Điểm thi THPT,2024,15.0,Logistic và quản lý chuỗi cung ứng
120129,NTT,logistic-va-quan-ly-chuoi-cung-ung,C01,Điểm học bạ,2025,18.0,Logistic và quản lý chuỗi cung ứng
120130,NTT,logistic-va-quan-ly-chuoi-cung-ung,C04,Điểm học bạ,2025,18.0,Logistic và quản lý chuỗi cung ứng
120131,NTT,logistic-va-quan-ly-chuoi-cung-ung,D01,Điểm học bạ,2025,18.0,Logistic và quản lý chuỗi cung ứng
120132,NTT,logistic-va-quan-ly-chuoi-cung-ung,X01,Điểm học bạ,2025,18.0,Logistic và quản lý chuỗi cung ứng
120133,NTT,logistic-va-quan-ly-chuoi-cung-ung,C01,Điểm thi THPT,2025,15.0,Logistic và quản lý chuỗi cung ứng
120134,NTT,logistic-va-quan-ly-chuoi-cung-ung,C04,Điểm thi THPT,2025,15.0,Logistic và quản lý chuỗi cung ứng
120135,NTT,logistic-va-quan-ly-chuoi-cung-ung,D01,Điểm thi THPT,2025,15.0,Logistic và quản lý chuỗi cung ứng
120136,NTT,logistic-va-quan-ly-chuoi-cung-ung,X01,Điểm thi THPT,2025,15.0,Logistic và quản lý chuỗi cung ứng
120137,NTT,luat,A00,Điểm thi THPT,2024,15.0,Luật
120138,NTT,luat,A01,Điểm thi THPT,2024,15.0,Luật
120139,NTT,luat,C00,Điểm thi THPT,2024,15.0,Luật
120140,NTT,luat,D01,Điểm thi THPT,2024,15.0,Luật
120141,NTT,luat,A00,Điểm học bạ,2025,18.0,Luật
120142,NTT,luat,C00,Điểm học bạ,2025,18.0,Luật
120143,NTT,luat,C03,Điểm học bạ,2025,18.0,Luật
120144,NTT,luat,X01,Điểm học bạ,2025,18.0,Luật
120145,NTT,luat,A00,Điểm thi THPT,2025,17.0,Luật
120146,NTT,luat,C00,Điểm thi THPT,2025,17.0,Luật
120147,NTT,luat,C03,Điểm thi THPT,2025,17.0,Luật
120148,NTT,luat,X01,Điểm thi THPT,2025,17.0,Luật
120149,NTT,luat-kinh-te,A00,Điểm học bạ,2021,6.0,Luật Kinh tế
120150,NTT,luat-kinh-te,A01,Điểm học bạ,2021,6.0,Luật Kinh tế
120151,NTT,luat-kinh-te,D01,Điểm học bạ,2021,6.0,Luật Kinh tế
120152,NTT,luat-kinh-te,D07,Điểm học bạ,2021,6.0,Luật Kinh tế
120153,NTT,luat-kinh-te,A00,Điểm thi THPT,2021,15.0,Luật Kinh tế
120154,NTT,luat-kinh-te,A01,Điểm thi THPT,2021,15.0,Luật Kinh tế
120155,NTT,luat-kinh-te,D01,Điểm thi THPT,2021,15.0,Luật Kinh tế
120156,NTT,luat-kinh-te,D07,Điểm thi THPT,2021,15.0,Luật Kinh tế
120157,NTT,luat-kinh-te,A00,Điểm học bạ,2022,6.0,Luật Kinh tế
120158,NTT,luat-kinh-te,A01,Điểm học bạ,2022,6.0,Luật Kinh tế
120159,NTT,luat-kinh-te,C00,Điểm học bạ,2022,6.0,Luật Kinh tế
120160,NTT,luat-kinh-te,D01,Điểm học bạ,2022,6.0,Luật Kinh tế
120161,NTT,luat-kinh-te,A00,Điểm thi THPT,2022,15.0,Luật Kinh tế
120162,NTT,luat-kinh-te,A01,Điểm thi THPT,2022,15.0,Luật Kinh tế
120163,NTT,luat-kinh-te,C00,Điểm thi THPT,2022,15.0,Luật Kinh tế
120164,NTT,luat-kinh-te,D01,Điểm thi THPT,2022,15.0,Luật Kinh tế
120165,NTT,luat-kinh-te,A00,Điểm học bạ,2023,6.0,Luật Kinh tế
120166,NTT,luat-kinh-te,A01,Điểm học bạ,2023,6.0,Luật Kinh tế
120167,NTT,luat-kinh-te,C00,Điểm học bạ,2023,6.0,Luật Kinh tế
120168,NTT,luat-kinh-te,D01,Điểm học bạ,2023,6.0,Luật Kinh tế
120169,NTT,luat-kinh-te,A00,Điểm thi THPT,2023,15.0,Luật Kinh tế
120170,NTT,luat-kinh-te,A01,Điểm thi THPT,2023,15.0,Luật Kinh tế
120171,NTT,luat-kinh-te,C00,Điểm thi THPT,2023,15.0,Luật Kinh tế
120172,NTT,luat-kinh-te,D01,Điểm thi THPT,2023,15.0,Luật Kinh tế
120173,NTT,luat-kinh-te,A00,Điểm thi THPT,2024,15.0,Luật Kinh tế
120174,NTT,luat-kinh-te,A01,Điểm thi THPT,2024,15.0,Luật Kinh tế
120175,NTT,luat-kinh-te,C00,Điểm thi THPT,2024,15.0,Luật Kinh tế
120176,NTT,luat-kinh-te,D01,Điểm thi THPT,2024,15.0,Luật Kinh tế
120177,NTT,luat-kinh-te,A00,Điểm học bạ,2025,18.0,Luật Kinh tế
120178,NTT,luat-kinh-te,C00,Điểm học bạ,2025,18.0,Luật Kinh tế
120179,NTT,luat-kinh-te,C03,Điểm học bạ,2025,18.0,Luật Kinh tế
120180,NTT,luat-kinh-te,X01,Điểm học bạ,2025,18.0,Luật Kinh tế
120181,NTT,luat-kinh-te,A00,Điểm thi THPT,2025,17.0,Luật Kinh tế
120182,NTT,luat-kinh-te,C00,Điểm thi THPT,2025,17.0,Luật Kinh tế
120183,NTT,luat-kinh-te,C03,Điểm thi THPT,2025,17.0,Luật Kinh tế
120184,NTT,luat-kinh-te,X01,Điểm thi THPT,2025,17.0,Luật Kinh tế
120185,NTT,luat-kinh-te-chuan-quoc-te,A00,Điểm học bạ,2025,18.0,Luật kinh tế - Chuẩn quốc tế
120186,NTT,luat-kinh-te-chuan-quoc-te,C00,Điểm học bạ,2025,18.0,Luật kinh tế - Chuẩn quốc tế
120187,NTT,luat-kinh-te-chuan-quoc-te,C03,Điểm học bạ,2025,18.0,Luật kinh tế - Chuẩn quốc tế
120188,NTT,luat-kinh-te-chuan-quoc-te,X01,Điểm học bạ,2025,18.0,Luật kinh tế - Chuẩn quốc tế
120189,NTT,luat-kinh-te-chuan-quoc-te,A00,Điểm thi THPT,2025,17.0,Luật kinh tế - Chuẩn quốc tế
120190,NTT,luat-kinh-te-chuan-quoc-te,C00,Điểm thi THPT,2025,17.0,Luật kinh tế - Chuẩn quốc tế
120191,NTT,luat-kinh-te-chuan-quoc-te,C03,Điểm thi THPT,2025,17.0,Luật kinh tế - Chuẩn quốc tế
120192,NTT,luat-kinh-te-chuan-quoc-te,X01,Điểm thi THPT,2025,17.0,Luật kinh tế - Chuẩn quốc tế
120193,NTT,mang-may-tinh-va-truyen-thong-du-lieu,A00,Điểm học bạ,2021,6.0,Mạng máy tính và truyền thông dữ liệu
120194,NTT,mang-may-tinh-va-truyen-thong-du-lieu,A01,Điểm học bạ,2021,6.0,Mạng máy tính và truyền thông dữ liệu
120195,NTT,mang-may-tinh-va-truyen-thong-du-lieu,D01,Điểm học bạ,2021,6.0,Mạng máy tính và truyền thông dữ liệu
120196,NTT,mang-may-tinh-va-truyen-thong-du-lieu,D07,Điểm học bạ,2021,6.0,Mạng máy tính và truyền thông dữ liệu
120197,NTT,mang-may-tinh-va-truyen-thong-du-lieu,A00,Điểm thi THPT,2021,15.0,Mạng máy tính và truyền thông dữ liệu
120198,NTT,mang-may-tinh-va-truyen-thong-du-lieu,A01,Điểm thi THPT,2021,15.0,Mạng máy tính và truyền thông dữ liệu
120199,NTT,mang-may-tinh-va-truyen-thong-du-lieu,D01,Điểm thi THPT,2021,15.0,Mạng máy tính và truyền thông dữ liệu
120200,NTT,mang-may-tinh-va-truyen-thong-du-lieu,D07,Điểm thi THPT,2021,15.0,Mạng máy tính và truyền thông dữ liệu
120201,NTT,mang-may-tinh-va-truyen-thong-du-lieu,A00,Điểm học bạ,2022,6.0,Mạng máy tính và truyền thông dữ liệu
120202,NTT,mang-may-tinh-va-truyen-thong-du-lieu,A01,Điểm học bạ,2022,6.0,Mạng máy tính và truyền thông dữ liệu
120203,NTT,mang-may-tinh-va-truyen-thong-du-lieu,D01,Điểm học bạ,2022,6.0,Mạng máy tính và truyền thông dữ liệu
120204,NTT,mang-may-tinh-va-truyen-thong-du-lieu,D07,Điểm học bạ,2022,6.0,Mạng máy tính và truyền thông dữ liệu
120205,NTT,mang-may-tinh-va-truyen-thong-du-lieu,A00,Điểm thi THPT,2022,15.0,Mạng máy tính và truyền thông dữ liệu
120206,NTT,mang-may-tinh-va-truyen-thong-du-lieu,A01,Điểm thi THPT,2022,15.0,Mạng máy tính và truyền thông dữ liệu
120207,NTT,mang-may-tinh-va-truyen-thong-du-lieu,D01,Điểm thi THPT,2022,15.0,Mạng máy tính và truyền thông dữ liệu
120208,NTT,mang-may-tinh-va-truyen-thong-du-lieu,D07,Điểm thi THPT,2022,15.0,Mạng máy tính và truyền thông dữ liệu
120209,NTT,mang-may-tinh-va-truyen-thong-du-lieu,A00,Điểm học bạ,2023,6.0,Mạng máy tính và truyền thông dữ liệu
120210,NTT,mang-may-tinh-va-truyen-thong-du-lieu,A01,Điểm học bạ,2023,6.0,Mạng máy tính và truyền thông dữ liệu
120211,NTT,mang-may-tinh-va-truyen-thong-du-lieu,D01,Điểm học bạ,2023,6.0,Mạng máy tính và truyền thông dữ liệu
120212,NTT,mang-may-tinh-va-truyen-thong-du-lieu,D07,Điểm học bạ,2023,6.0,Mạng máy tính và truyền thông dữ liệu
120213,NTT,mang-may-tinh-va-truyen-thong-du-lieu,A00,Điểm thi THPT,2023,15.0,Mạng máy tính và truyền thông dữ liệu
120214,NTT,mang-may-tinh-va-truyen-thong-du-lieu,A01,Điểm thi THPT,2023,15.0,Mạng máy tính và truyền thông dữ liệu
120215,NTT,mang-may-tinh-va-truyen-thong-du-lieu,D01,Điểm thi THPT,2023,15.0,Mạng máy tính và truyền thông dữ liệu
120216,NTT,mang-may-tinh-va-truyen-thong-du-lieu,D07,Điểm thi THPT,2023,15.0,Mạng máy tính và truyền thông dữ liệu
120217,NTT,mang-may-tinh-va-truyen-thong-du-lieu,A00,Điểm thi THPT,2024,15.0,Mạng máy tính và truyền thông dữ liệu
120218,NTT,mang-may-tinh-va-truyen-thong-du-lieu,A01,Điểm thi THPT,2024,15.0,Mạng máy tính và truyền thông dữ liệu
120219,NTT,mang-may-tinh-va-truyen-thong-du-lieu,D01,Điểm thi THPT,2024,15.0,Mạng máy tính và truyền thông dữ liệu
120220,NTT,mang-may-tinh-va-truyen-thong-du-lieu,D07,Điểm thi THPT,2024,15.0,Mạng máy tính và truyền thông dữ liệu
120221,NTT,mang-may-tinh-va-truyen-thong-du-lieu,A00,Điểm học bạ,2025,18.0,Mạng máy tính và truyền thông dữ liệu
120222,NTT,mang-may-tinh-va-truyen-thong-du-lieu,A01,Điểm học bạ,2025,18.0,Mạng máy tính và truyền thông dữ liệu
120223,NTT,mang-may-tinh-va-truyen-thong-du-lieu,D01,Điểm học bạ,2025,18.0,Mạng máy tính và truyền thông dữ liệu
120224,NTT,mang-may-tinh-va-truyen-thong-du-lieu,X02,Điểm học bạ,2025,18.0,Mạng máy tính và truyền thông dữ liệu
120225,NTT,mang-may-tinh-va-truyen-thong-du-lieu,A00,Điểm thi THPT,2025,15.0,Mạng máy tính và truyền thông dữ liệu
120226,NTT,mang-may-tinh-va-truyen-thong-du-lieu,A01,Điểm thi THPT,2025,15.0,Mạng máy tính và truyền thông dữ liệu
120227,NTT,mang-may-tinh-va-truyen-thong-du-lieu,D01,Điểm thi THPT,2025,15.0,Mạng máy tính và truyền thông dữ liệu
120228,NTT,mang-may-tinh-va-truyen-thong-du-lieu,X02,Điểm thi THPT,2025,15.0,Mạng máy tính và truyền thông dữ liệu
120229,NTT,marketing,A00,Điểm học bạ,2021,6.0,Marketing
120230,NTT,marketing,A01,Điểm học bạ,2021,6.0,Marketing
120231,NTT,marketing,D01,Điểm học bạ,2021,6.0,Marketing
120232,NTT,marketing,D07,Điểm học bạ,2021,6.0,Marketing
120233,NTT,marketing,A00,Điểm thi THPT,2021,15.0,Marketing
120234,NTT,marketing,A01,Điểm thi THPT,2021,15.0,Marketing
120235,NTT,marketing,D01,Điểm thi THPT,2021,15.0,Marketing
120236,NTT,marketing,D07,Điểm thi THPT,2021,15.0,Marketing
120237,NTT,marketing,A00,Điểm học bạ,2022,6.0,Marketing
120238,NTT,marketing,A01,Điểm học bạ,2022,6.0,Marketing
120239,NTT,marketing,D01,Điểm học bạ,2022,6.0,Marketing
120240,NTT,marketing,D07,Điểm học bạ,2022,6.0,Marketing
120241,NTT,marketing,A00,Điểm thi THPT,2022,18.0,Marketing
120242,NTT,marketing,A01,Điểm thi THPT,2022,18.0,Marketing
120243,NTT,marketing,D01,Điểm thi THPT,2022,18.0,Marketing
120244,NTT,marketing,D07,Điểm thi THPT,2022,18.0,Marketing
120245,NTT,marketing,A00,Điểm học bạ,2023,6.3,Marketing
120246,NTT,marketing,A01,Điểm học bạ,2023,6.3,Marketing
120247,NTT,marketing,D01,Điểm học bạ,2023,6.3,Marketing
120248,NTT,marketing,D07,Điểm học bạ,2023,6.3,Marketing
120249,NTT,marketing,A00,Điểm thi THPT,2023,15.0,Marketing
120250,NTT,marketing,A01,Điểm thi THPT,2023,15.0,Marketing
120251,NTT,marketing,D01,Điểm thi THPT,2023,15.0,Marketing
120252,NTT,marketing,D07,Điểm thi THPT,2023,15.0,Marketing
120253,NTT,marketing,A00,Điểm thi THPT,2024,15.0,Marketing
120254,NTT,marketing,A01,Điểm thi THPT,2024,15.0,Marketing
120255,NTT,marketing,C00,Điểm thi THPT,2024,15.0,Marketing (Marketing số và truyền thông xã hội)
120256,NTT,marketing,D01,Điểm thi THPT,2024,15.0,Marketing
120257,NTT,marketing,D07,Điểm thi THPT,2024,15.0,Marketing
120258,NTT,marketing,A00,Điểm học bạ,2025,18.0,Marketing (Marketing số và truyền thông xã hội)
120259,NTT,marketing,C00,Điểm học bạ,2025,18.0,Marketing
120260,NTT,marketing,C01,Điểm học bạ,2025,18.0,Marketing (Marketing số và truyền thông xã hội)
120261,NTT,marketing,C03,Điểm học bạ,2025,18.0,Marketing (Marketing số và truyền thông xã hội)
120262,NTT,marketing,C04,Điểm học bạ,2025,18.0,Marketing
120263,NTT,marketing,D01,Điểm học bạ,2025,18.0,Marketing
120264,NTT,marketing,X01,Điểm học bạ,2025,18.0,Marketing
120265,NTT,marketing,A00,Điểm thi THPT,2025,15.0,Marketing (Marketing số và truyền thông xã hội)
120266,NTT,marketing,C00,Điểm thi THPT,2025,15.0,Marketing
120267,NTT,marketing,C01,Điểm thi THPT,2025,15.0,Marketing (Marketing số và truyền thông xã hội)
120268,NTT,marketing,C03,Điểm thi THPT,2025,15.0,Marketing (Marketing số và truyền thông xã hội)
120269,NTT,marketing,C04,Điểm thi THPT,2025,15.0,Marketing
120270,NTT,marketing,D01,Điểm thi THPT,2025,15.0,Marketing
120271,NTT,marketing,X01,Điểm thi THPT,2025,15.0,Marketing
120272,NTT,ngon-ngu-anh,C00,Điểm học bạ,2021,6.0,Ngôn ngữ Anh
120273,NTT,ngon-ngu-anh,D01,Điểm học bạ,2021,6.0,Ngôn ngữ Anh
120274,NTT,ngon-ngu-anh,D14,Điểm học bạ,2021,6.0,Ngôn ngữ Anh
120275,NTT,ngon-ngu-anh,D15,Điểm học bạ,2021,6.0,Ngôn ngữ Anh
120276,NTT,ngon-ngu-anh,C00,Điểm thi THPT,2021,15.0,Ngôn ngữ Anh
120277,NTT,ngon-ngu-anh,D01,Điểm thi THPT,2021,15.0,Ngôn ngữ Anh
120278,NTT,ngon-ngu-anh,D14,Điểm thi THPT,2021,15.0,Ngôn ngữ Anh
120279,NTT,ngon-ngu-anh,D15,Điểm thi THPT,2021,15.0,Ngôn ngữ Anh
120280,NTT,ngon-ngu-anh,C00,Điểm học bạ,2022,6.0,Ngôn ngữ Anh
120281,NTT,ngon-ngu-anh,D01,Điểm học bạ,2022,6.0,Ngôn ngữ Anh
120282,NTT,ngon-ngu-anh,D14,Điểm học bạ,2022,6.0,Ngôn ngữ Anh
120283,NTT,ngon-ngu-anh,D15,Điểm học bạ,2022,6.0,Ngôn ngữ Anh
120284,NTT,ngon-ngu-anh,C00,Điểm thi THPT,2022,15.0,Ngôn ngữ Anh
120285,NTT,ngon-ngu-anh,D01,Điểm thi THPT,2022,15.0,Ngôn ngữ Anh
120286,NTT,ngon-ngu-anh,D14,Điểm thi THPT,2022,15.0,Ngôn ngữ Anh
120287,NTT,ngon-ngu-anh,D15,Điểm thi THPT,2022,15.0,Ngôn ngữ Anh
120288,NTT,ngon-ngu-anh,C00,Điểm học bạ,2023,6.0,Ngôn ngữ Anh
120289,NTT,ngon-ngu-anh,D01,Điểm học bạ,2023,6.0,Ngôn ngữ Anh
120290,NTT,ngon-ngu-anh,D14,Điểm học bạ,2023,6.0,Ngôn ngữ Anh
120291,NTT,ngon-ngu-anh,D15,Điểm học bạ,2023,6.0,Ngôn ngữ Anh
120292,NTT,ngon-ngu-anh,C00,Điểm thi THPT,2023,15.0,Ngôn ngữ Anh
120293,NTT,ngon-ngu-anh,D01,Điểm thi THPT,2023,15.0,Ngôn ngữ Anh
120294,NTT,ngon-ngu-anh,D14,Điểm thi THPT,2023,15.0,Ngôn ngữ Anh
120295,NTT,ngon-ngu-anh,D15,Điểm thi THPT,2023,15.0,Ngôn ngữ Anh
120296,NTT,ngon-ngu-anh,C00,Điểm thi THPT,2024,15.0,Ngôn ngữ Anh
120297,NTT,ngon-ngu-anh,D01,Điểm thi THPT,2024,15.0,Ngôn ngữ Anh
120298,NTT,ngon-ngu-anh,D14,Điểm thi THPT,2024,15.0,Ngôn ngữ Anh
120299,NTT,ngon-ngu-anh,D15,Điểm thi THPT,2024,15.0,Ngôn ngữ Anh
120300,NTT,ngon-ngu-anh,C03,Điểm học bạ,2025,18.0,Ngôn ngữ Anh
120301,NTT,ngon-ngu-anh,C04,Điểm học bạ,2025,18.0,Ngôn ngữ Anh
120302,NTT,ngon-ngu-anh,D01,Điểm học bạ,2025,18.0,Ngôn ngữ Anh
120303,NTT,ngon-ngu-anh,X03,Điểm học bạ,2025,18.0,Ngôn ngữ Anh
120304,NTT,ngon-ngu-anh,X04,Điểm học bạ,2025,18.0,Ngôn ngữ Anh
120305,NTT,ngon-ngu-anh,C03,Điểm thi THPT,2025,15.0,Ngôn ngữ Anh
120306,NTT,ngon-ngu-anh,C04,Điểm thi THPT,2025,15.0,Ngôn ngữ Anh
120307,NTT,ngon-ngu-anh,D01,Điểm thi THPT,2025,15.0,Ngôn ngữ Anh
120308,NTT,ngon-ngu-anh,X03,Điểm thi THPT,2025,15.0,Ngôn ngữ Anh
120309,NTT,ngon-ngu-anh,X04,Điểm thi THPT,2025,15.0,Ngôn ngữ Anh
120310,NTT,ngon-ngu-trung-quoc,C00,Điểm học bạ,2021,6.0,Ngôn ngữ Trung Quốc
120311,NTT,ngon-ngu-trung-quoc,D01,Điểm học bạ,2021,6.0,Ngôn ngữ Trung Quốc
120312,NTT,ngon-ngu-trung-quoc,D14,Điểm học bạ,2021,6.0,Ngôn ngữ Trung Quốc
120313,NTT,ngon-ngu-trung-quoc,D15,Điểm học bạ,2021,6.0,Ngôn ngữ Trung Quốc
120314,NTT,ngon-ngu-trung-quoc,C00,Điểm thi THPT,2021,16.0,Ngôn ngữ Trung Quốc
120315,NTT,ngon-ngu-trung-quoc,D01,Điểm thi THPT,2021,16.0,Ngôn ngữ Trung Quốc
120316,NTT,ngon-ngu-trung-quoc,D14,Điểm thi THPT,2021,16.0,Ngôn ngữ Trung Quốc
120317,NTT,ngon-ngu-trung-quoc,D15,Điểm thi THPT,2021,16.0,Ngôn ngữ Trung Quốc
120318,NTT,ngon-ngu-trung-quoc,C00,Điểm học bạ,2022,6.0,Ngôn ngữ Trung Quốc
120319,NTT,ngon-ngu-trung-quoc,D01,Điểm học bạ,2022,6.0,Ngôn ngữ Trung Quốc
120320,NTT,ngon-ngu-trung-quoc,D14,Điểm học bạ,2022,6.0,Ngôn ngữ Trung Quốc
120321,NTT,ngon-ngu-trung-quoc,D15,Điểm học bạ,2022,6.0,Ngôn ngữ Trung Quốc
120322,NTT,ngon-ngu-trung-quoc,C00,Điểm thi THPT,2022,15.0,Ngôn ngữ Trung Quốc
120323,NTT,ngon-ngu-trung-quoc,D01,Điểm thi THPT,2022,15.0,Ngôn ngữ Trung Quốc
120324,NTT,ngon-ngu-trung-quoc,D14,Điểm thi THPT,2022,15.0,Ngôn ngữ Trung Quốc
120325,NTT,ngon-ngu-trung-quoc,D15,Điểm thi THPT,2022,15.0,Ngôn ngữ Trung Quốc
120326,NTT,ngon-ngu-trung-quoc,C00,Điểm học bạ,2023,6.0,Ngôn ngữ Trung Quốc
120327,NTT,ngon-ngu-trung-quoc,D01,Điểm học bạ,2023,6.0,Ngôn ngữ Trung Quốc
120328,NTT,ngon-ngu-trung-quoc,D14,Điểm học bạ,2023,6.0,Ngôn ngữ Trung Quốc
120329,NTT,ngon-ngu-trung-quoc,D15,Điểm học bạ,2023,6.0,Ngôn ngữ Trung Quốc
120330,NTT,ngon-ngu-trung-quoc,C00,Điểm thi THPT,2023,15.0,Ngôn ngữ Trung Quốc
120331,NTT,ngon-ngu-trung-quoc,D01,Điểm thi THPT,2023,15.0,Ngôn ngữ Trung Quốc
120332,NTT,ngon-ngu-trung-quoc,D14,Điểm thi THPT,2023,15.0,Ngôn ngữ Trung Quốc
120333,NTT,ngon-ngu-trung-quoc,D15,Điểm thi THPT,2023,15.0,Ngôn ngữ Trung Quốc
120334,NTT,ngon-ngu-trung-quoc,C00,Điểm thi THPT,2024,15.0,Ngôn ngữ Trung Quốc
120335,NTT,ngon-ngu-trung-quoc,D01,Điểm thi THPT,2024,15.0,Ngôn ngữ Trung Quốc
120336,NTT,ngon-ngu-trung-quoc,D14,Điểm thi THPT,2024,15.0,Ngôn ngữ Trung Quốc
120337,NTT,ngon-ngu-trung-quoc,D15,Điểm thi THPT,2024,15.0,Ngôn ngữ Trung Quốc
120338,NTT,ngon-ngu-trung-quoc,C03,Điểm học bạ,2025,18.0,Ngôn ngữ Trung Quốc
120339,NTT,ngon-ngu-trung-quoc,C04,Điểm học bạ,2025,18.0,Ngôn ngữ Trung Quốc
120340,NTT,ngon-ngu-trung-quoc,D01,Điểm học bạ,2025,18.0,Ngôn ngữ Trung Quốc
120341,NTT,ngon-ngu-trung-quoc,X03,Điểm học bạ,2025,18.0,Ngôn ngữ Trung Quốc
120342,NTT,ngon-ngu-trung-quoc,X04,Điểm học bạ,2025,18.0,Ngôn ngữ Trung Quốc
120343,NTT,ngon-ngu-trung-quoc,C03,Điểm thi THPT,2025,15.0,Ngôn ngữ Trung Quốc
120344,NTT,ngon-ngu-trung-quoc,C04,Điểm thi THPT,2025,15.0,Ngôn ngữ Trung Quốc
120345,NTT,ngon-ngu-trung-quoc,D01,Điểm thi THPT,2025,15.0,Ngôn ngữ Trung Quốc
120346,NTT,ngon-ngu-trung-quoc,X03,Điểm thi THPT,2025,15.0,Ngôn ngữ Trung Quốc
120347,NTT,ngon-ngu-trung-quoc,X04,Điểm thi THPT,2025,15.0,Ngôn ngữ Trung Quốc
120348,NTT,piano,N00,Điểm học bạ,2021,6.0,Piano
120349,NTT,piano,N00,Điểm thi THPT,2021,15.0,Piano
120350,NTT,piano,N00,Điểm học bạ,2022,6.0,Piano
120351,NTT,piano,N00,Điểm thi THPT,2022,15.0,Piano
120352,NTT,piano,N00,Điểm học bạ,2023,6.0,Piano
120353,NTT,piano,N00,Điểm thi THPT,2023,15.0,Piano
120354,NTT,piano,N00,Điểm thi THPT,2024,15.0,Piano
120355,NTT,piano,N00,Điểm học bạ,2025,18.0,Piano
120356,NTT,piano,N00,Điểm thi THPT,2025,15.0,Piano
120357,NTT,quan-he-cong-chung,A01,Điểm học bạ,2021,6.0,Quan hệ công chúng
120358,NTT,quan-he-cong-chung,C00,Điểm học bạ,2021,6.0,Quan hệ công chúng
120359,NTT,quan-he-cong-chung,D01,Điểm học bạ,2021,6.0,Quan hệ công chúng
120360,NTT,quan-he-cong-chung,D14,Điểm học bạ,2021,6.0,Quan hệ công chúng
120361,NTT,quan-he-cong-chung,A01,Điểm thi THPT,2021,15.0,Quan hệ công chúng
120362,NTT,quan-he-cong-chung,C00,Điểm thi THPT,2021,15.0,Quan hệ công chúng
120363,NTT,quan-he-cong-chung,D01,Điểm thi THPT,2021,15.0,Quan hệ công chúng
120364,NTT,quan-he-cong-chung,D14,Điểm thi THPT,2021,15.0,Quan hệ công chúng
120365,NTT,quan-he-cong-chung,A01,Điểm học bạ,2022,6.0,Quan hệ công chúng
120366,NTT,quan-he-cong-chung,C00,Điểm học bạ,2022,6.0,Quan hệ công chúng
120367,NTT,quan-he-cong-chung,D01,Điểm học bạ,2022,6.0,Quan hệ công chúng
120368,NTT,quan-he-cong-chung,D14,Điểm học bạ,2022,6.0,Quan hệ công chúng
120369,NTT,quan-he-cong-chung,A01,Điểm thi THPT,2022,18.0,Quan hệ công chúng
120370,NTT,quan-he-cong-chung,C00,Điểm thi THPT,2022,18.0,Quan hệ công chúng
120371,NTT,quan-he-cong-chung,D01,Điểm thi THPT,2022,18.0,Quan hệ công chúng
120372,NTT,quan-he-cong-chung,D14,Điểm thi THPT,2022,18.0,Quan hệ công chúng
120373,NTT,quan-he-cong-chung,A01,Điểm học bạ,2023,6.0,Quan hệ công chúng
120374,NTT,quan-he-cong-chung,C00,Điểm học bạ,2023,6.0,Quan hệ công chúng
120375,NTT,quan-he-cong-chung,D01,Điểm học bạ,2023,6.0,Quan hệ công chúng
120376,NTT,quan-he-cong-chung,D14,Điểm học bạ,2023,6.0,Quan hệ công chúng
120377,NTT,quan-he-cong-chung,A01,Điểm thi THPT,2023,15.0,Quan hệ công chúng
120378,NTT,quan-he-cong-chung,C00,Điểm thi THPT,2023,15.0,Quan hệ công chúng
120379,NTT,quan-he-cong-chung,D01,Điểm thi THPT,2023,15.0,Quan hệ công chúng
120380,NTT,quan-he-cong-chung,D14,Điểm thi THPT,2023,15.0,Quan hệ công chúng
120381,NTT,quan-he-cong-chung,A01,Điểm thi THPT,2024,15.0,Quan hệ công chúng
120382,NTT,quan-he-cong-chung,C00,Điểm thi THPT,2024,15.0,Quan hệ công chúng
120383,NTT,quan-he-cong-chung,D01,Điểm thi THPT,2024,15.0,Quan hệ công chúng
120384,NTT,quan-he-cong-chung,D14,Điểm thi THPT,2024,15.0,Quan hệ công chúng
120385,NTT,quan-he-cong-chung,A01,Điểm học bạ,2025,18.0,Quan hệ công chúng
120386,NTT,quan-he-cong-chung,C00,Điểm học bạ,2025,18.0,Quan hệ công chúng
120387,NTT,quan-he-cong-chung,D01,Điểm học bạ,2025,18.0,Quan hệ công chúng
120388,NTT,quan-he-cong-chung,D15,Điểm học bạ,2025,18.0,Quan hệ công chúng
120389,NTT,quan-he-cong-chung,A01,Điểm thi THPT,2025,15.0,Quan hệ công chúng
120390,NTT,quan-he-cong-chung,C00,Điểm thi THPT,2025,15.0,Quan hệ công chúng
120391,NTT,quan-he-cong-chung,D01,Điểm thi THPT,2025,15.0,Quan hệ công chúng
120392,NTT,quan-he-cong-chung,D15,Điểm thi THPT,2025,15.0,Quan hệ công chúng
120393,NTT,quan-he-quoc-te,A01,Điểm học bạ,2021,6.0,Quan hệ quốc tế
120394,NTT,quan-he-quoc-te,D01,Điểm học bạ,2021,6.0,Quan hệ quốc tế
120395,NTT,quan-he-quoc-te,D14,Điểm học bạ,2021,6.0,Quan hệ quốc tế
120396,NTT,quan-he-quoc-te,D15,Điểm học bạ,2021,6.0,Quan hệ quốc tế
120397,NTT,quan-he-quoc-te,A01,Điểm thi THPT,2021,15.0,Quan hệ quốc tế
120398,NTT,quan-he-quoc-te,D01,Điểm thi THPT,2021,15.0,Quan hệ quốc tế
120399,NTT,quan-he-quoc-te,D14,Điểm thi THPT,2021,15.0,Quan hệ quốc tế
120400,NTT,quan-he-quoc-te,D15,Điểm thi THPT,2021,15.0,Quan hệ quốc tế
120401,NTT,quan-he-quoc-te,A01,Điểm học bạ,2022,6.0,Quan hệ quốc tế
120402,NTT,quan-he-quoc-te,D01,Điểm học bạ,2022,6.0,Quan hệ quốc tế
120403,NTT,quan-he-quoc-te,D14,Điểm học bạ,2022,6.0,Quan hệ quốc tế
120404,NTT,quan-he-quoc-te,D15,Điểm học bạ,2022,6.0,Quan hệ quốc tế
120405,NTT,quan-he-quoc-te,A01,Điểm thi THPT,2022,15.0,Quan hệ quốc tế
120406,NTT,quan-he-quoc-te,D01,Điểm thi THPT,2022,15.0,Quan hệ quốc tế
120407,NTT,quan-he-quoc-te,D14,Điểm thi THPT,2022,15.0,Quan hệ quốc tế
120408,NTT,quan-he-quoc-te,D15,Điểm thi THPT,2022,15.0,Quan hệ quốc tế
120409,NTT,quan-he-quoc-te,A01,Điểm học bạ,2023,6.0,Quan hệ quốc tế
120410,NTT,quan-he-quoc-te,D01,Điểm học bạ,2023,6.0,Quan hệ quốc tế
120411,NTT,quan-he-quoc-te,D14,Điểm học bạ,2023,6.0,Quan hệ quốc tế
120412,NTT,quan-he-quoc-te,D15,Điểm học bạ,2023,6.0,Quan hệ quốc tế
120413,NTT,quan-he-quoc-te,A01,Điểm thi THPT,2023,15.0,Quan hệ quốc tế
120414,NTT,quan-he-quoc-te,D01,Điểm thi THPT,2023,15.0,Quan hệ quốc tế
120415,NTT,quan-he-quoc-te,D14,Điểm thi THPT,2023,15.0,Quan hệ quốc tế
120416,NTT,quan-he-quoc-te,D15,Điểm thi THPT,2023,15.0,Quan hệ quốc tế
120417,NTT,quan-he-quoc-te,A01,Điểm thi THPT,2024,15.0,Quan hệ quốc tế
120418,NTT,quan-he-quoc-te,D01,Điểm thi THPT,2024,15.0,Quan hệ quốc tế
120419,NTT,quan-he-quoc-te,D14,Điểm thi THPT,2024,15.0,Quan hệ quốc tế
120420,NTT,quan-he-quoc-te,D15,Điểm thi THPT,2024,15.0,Quan hệ quốc tế
120421,NTT,quan-ly-benh-vien,B00,Điểm học bạ,2023,6.0,Quản lý bệnh viện
120422,NTT,quan-ly-benh-vien,B03,Điểm học bạ,2023,6.0,Quản lý bệnh viện
120423,NTT,quan-ly-benh-vien,B00,Điểm thi THPT,2023,15.0,Quản lý bệnh viện
120424,NTT,quan-ly-benh-vien,B03,Điểm thi THPT,2023,15.0,Quản lý bệnh viện
120425,NTT,quan-ly-benh-vien,B00,Điểm thi THPT,2024,15.0,Quản lý bệnh viện
120426,NTT,quan-ly-benh-vien,B03,Điểm thi THPT,2024,15.0,Quản lý bệnh viện
120427,NTT,quan-ly-benh-vien,C00,Điểm thi THPT,2024,15.0,Quản lý bệnh viện
120428,NTT,quan-ly-benh-vien,D01,Điểm thi THPT,2024,15.0,Quản lý bệnh viện
120429,NTT,quan-ly-benh-vien,B00,Điểm học bạ,2025,18.0,Quản lý bệnh viện
120430,NTT,quan-ly-benh-vien,C00,Điểm học bạ,2025,18.0,Quản lý bệnh viện
120431,NTT,quan-ly-benh-vien,C04,Điểm học bạ,2025,18.0,Quản lý bệnh viện
120432,NTT,quan-ly-benh-vien,D01,Điểm học bạ,2025,18.0,Quản lý bệnh viện
120433,NTT,quan-ly-benh-vien,B00,Điểm thi THPT,2025,15.0,Quản lý bệnh viện
120434,NTT,quan-ly-benh-vien,C00,Điểm thi THPT,2025,15.0,Quản lý bệnh viện
120435,NTT,quan-ly-benh-vien,C04,Điểm thi THPT,2025,15.0,Quản lý bệnh viện
120436,NTT,quan-ly-benh-vien,D01,Điểm thi THPT,2025,15.0,Quản lý bệnh viện
120437,NTT,quan-ly-tai-nguyen-va-moi-truong,A00,Điểm học bạ,2021,6.0,Quản lý tài nguyên và môi trường
120438,NTT,quan-ly-tai-nguyen-va-moi-truong,A01,Điểm học bạ,2021,6.0,Quản lý tài nguyên và môi trường
120439,NTT,quan-ly-tai-nguyen-va-moi-truong,B00,Điểm học bạ,2021,6.0,Quản lý tài nguyên và môi trường
120440,NTT,quan-ly-tai-nguyen-va-moi-truong,D07,Điểm học bạ,2021,6.0,Quản lý tài nguyên và môi trường
120441,NTT,quan-ly-tai-nguyen-va-moi-truong,A00,Điểm thi THPT,2021,15.0,Quản lý tài nguyên và môi trường
120442,NTT,quan-ly-tai-nguyen-va-moi-truong,A01,Điểm thi THPT,2021,15.0,Quản lý tài nguyên và môi trường
120443,NTT,quan-ly-tai-nguyen-va-moi-truong,B00,Điểm thi THPT,2021,15.0,Quản lý tài nguyên và môi trường
120444,NTT,quan-ly-tai-nguyen-va-moi-truong,D07,Điểm thi THPT,2021,15.0,Quản lý tài nguyên và môi trường
120445,NTT,quan-ly-tai-nguyen-va-moi-truong,A00,Điểm học bạ,2022,6.0,Quản lý tài nguyên và môi trường
120446,NTT,quan-ly-tai-nguyen-va-moi-truong,A01,Điểm học bạ,2022,6.0,Quản lý tài nguyên và môi trường
120447,NTT,quan-ly-tai-nguyen-va-moi-truong,B00,Điểm học bạ,2022,6.0,Quản lý tài nguyên và môi trường
120448,NTT,quan-ly-tai-nguyen-va-moi-truong,D07,Điểm học bạ,2022,6.0,Quản lý tài nguyên và môi trường
120449,NTT,quan-ly-tai-nguyen-va-moi-truong,A00,Điểm thi THPT,2022,15.0,Quản lý tài nguyên và môi trường
120450,NTT,quan-ly-tai-nguyen-va-moi-truong,A01,Điểm thi THPT,2022,15.0,Quản lý tài nguyên và môi trường
120451,NTT,quan-ly-tai-nguyen-va-moi-truong,B00,Điểm thi THPT,2022,15.0,Quản lý tài nguyên và môi trường
120452,NTT,quan-ly-tai-nguyen-va-moi-truong,D07,Điểm thi THPT,2022,15.0,Quản lý tài nguyên và môi trường
120453,NTT,quan-ly-tai-nguyen-va-moi-truong,A00,Điểm học bạ,2023,6.0,Quản lý tài nguyên và môi trường
120454,NTT,quan-ly-tai-nguyen-va-moi-truong,A01,Điểm học bạ,2023,6.0,Quản lý tài nguyên và môi trường
120455,NTT,quan-ly-tai-nguyen-va-moi-truong,B00,Điểm học bạ,2023,6.0,Quản lý tài nguyên và môi trường
120456,NTT,quan-ly-tai-nguyen-va-moi-truong,D90,Điểm học bạ,2023,6.0,Quản lý tài nguyên và môi trường
120457,NTT,quan-ly-tai-nguyen-va-moi-truong,A00,Điểm thi THPT,2023,15.0,Quản lý tài nguyên và môi trường
120458,NTT,quan-ly-tai-nguyen-va-moi-truong,A01,Điểm thi THPT,2023,15.0,Quản lý tài nguyên và môi trường
120459,NTT,quan-ly-tai-nguyen-va-moi-truong,B00,Điểm thi THPT,2023,15.0,Quản lý tài nguyên và môi trường
120460,NTT,quan-ly-tai-nguyen-va-moi-truong,D90,Điểm thi THPT,2023,15.0,Quản lý tài nguyên và môi trường
120461,NTT,quan-ly-tai-nguyen-va-moi-truong,A00,Điểm thi THPT,2024,15.0,Quản lý tài nguyên và môi trường
120462,NTT,quan-ly-tai-nguyen-va-moi-truong,B00,Điểm thi THPT,2024,15.0,Quản lý tài nguyên và môi trường
120463,NTT,quan-ly-tai-nguyen-va-moi-truong,D07,Điểm thi THPT,2024,15.0,Quản lý tài nguyên và môi trường
120464,NTT,quan-ly-tai-nguyen-va-moi-truong,D90,Điểm thi THPT,2024,15.0,Quản lý tài nguyên và môi trường
120465,NTT,quan-ly-tai-nguyen-va-moi-truong,A00,Điểm học bạ,2025,18.0,Quản lý tài nguyên và môi trường
120466,NTT,quan-ly-tai-nguyen-va-moi-truong,B00,Điểm học bạ,2025,18.0,Quản lý tài nguyên và môi trường
120467,NTT,quan-ly-tai-nguyen-va-moi-truong,C02,Điểm học bạ,2025,18.0,Quản lý tài nguyên và môi trường
120468,NTT,quan-ly-tai-nguyen-va-moi-truong,D01,Điểm học bạ,2025,18.0,Quản lý tài nguyên và môi trường
120469,NTT,quan-ly-tai-nguyen-va-moi-truong,A00,Điểm thi THPT,2025,15.0,Quản lý tài nguyên và môi trường
120470,NTT,quan-ly-tai-nguyen-va-moi-truong,B00,Điểm thi THPT,2025,15.0,Quản lý tài nguyên và môi trường
120471,NTT,quan-ly-tai-nguyen-va-moi-truong,C02,Điểm thi THPT,2025,15.0,Quản lý tài nguyên và môi trường
120472,NTT,quan-ly-tai-nguyen-va-moi-truong,D01,Điểm thi THPT,2025,15.0,Quản lý tài nguyên và môi trường
120473,NTT,quan-tri-khach-san,A00,Điểm học bạ,2021,6.0,Quản trị khách sạn
120474,NTT,quan-tri-khach-san,A01,Điểm học bạ,2021,6.0,Quản trị khách sạn
120475,NTT,quan-tri-khach-san,C00,Điểm học bạ,2021,6.0,Quản trị khách sạn
120476,NTT,quan-tri-khach-san,D01,Điểm học bạ,2021,6.0,Quản trị khách sạn
120477,NTT,quan-tri-khach-san,A00,Điểm thi THPT,2021,16.0,Quản trị khách sạn
120478,NTT,quan-tri-khach-san,A01,Điểm thi THPT,2021,16.0,Quản trị khách sạn
120479,NTT,quan-tri-khach-san,C00,Điểm thi THPT,2021,16.0,Quản trị khách sạn
120480,NTT,quan-tri-khach-san,D01,Điểm thi THPT,2021,16.0,Quản trị khách sạn
120481,NTT,quan-tri-khach-san,A00,Điểm học bạ,2022,6.0,Quản trị khách sạn
120482,NTT,quan-tri-khach-san,A01,Điểm học bạ,2022,6.0,Quản trị khách sạn
120483,NTT,quan-tri-khach-san,C00,Điểm học bạ,2022,6.0,Quản trị khách sạn
120484,NTT,quan-tri-khach-san,D01,Điểm học bạ,2022,6.0,Quản trị khách sạn
120485,NTT,quan-tri-khach-san,A00,Điểm thi THPT,2022,15.0,Quản trị khách sạn
120486,NTT,quan-tri-khach-san,A01,Điểm thi THPT,2022,15.0,Quản trị khách sạn
120487,NTT,quan-tri-khach-san,C00,Điểm thi THPT,2022,15.0,Quản trị khách sạn
120488,NTT,quan-tri-khach-san,D01,Điểm thi THPT,2022,15.0,Quản trị khách sạn
120489,NTT,quan-tri-khach-san,A00,Điểm học bạ,2023,6.0,Quản trị khách sạn
120490,NTT,quan-tri-khach-san,A01,Điểm học bạ,2023,6.0,Quản trị khách sạn
120491,NTT,quan-tri-khach-san,C00,Điểm học bạ,2023,6.0,Quản trị khách sạn
120492,NTT,quan-tri-khach-san,D01,Điểm học bạ,2023,6.0,Quản trị khách sạn
120493,NTT,quan-tri-khach-san,A00,Điểm thi THPT,2023,15.0,Quản trị khách sạn
120494,NTT,quan-tri-khach-san,A01,Điểm thi THPT,2023,15.0,Quản trị khách sạn
120495,NTT,quan-tri-khach-san,C00,Điểm thi THPT,2023,15.0,Quản trị khách sạn
120496,NTT,quan-tri-khach-san,D01,Điểm thi THPT,2023,15.0,Quản trị khách sạn
120497,NTT,quan-tri-khach-san,C00,Điểm thi THPT,2024,15.0,Quản trị khách sạn
120498,NTT,quan-tri-khach-san,D01,Điểm thi THPT,2024,15.0,Quản trị khách sạn
120499,NTT,quan-tri-khach-san,D14,Điểm thi THPT,2024,15.0,Quản trị khách sạn
120500,NTT,quan-tri-khach-san,D15,Điểm thi THPT,2024,15.0,Quản trị khách sạn
120501,NTT,quan-tri-khach-san,A07,Điểm học bạ,2025,18.0,Quản trị khách sạn
120502,NTT,quan-tri-khach-san,C00,Điểm học bạ,2025,18.0,Quản trị khách sạn
120503,NTT,quan-tri-khach-san,C03,Điểm học bạ,2025,18.0,Quản trị khách sạn
120504,NTT,quan-tri-khach-san,C04,Điểm học bạ,2025,18.0,Quản trị khách sạn
120505,NTT,quan-tri-khach-san,D01,Điểm học bạ,2025,18.0,Quản trị khách sạn
120506,NTT,quan-tri-khach-san,A07,Điểm thi THPT,2025,15.0,Quản trị khách sạn
120507,NTT,quan-tri-khach-san,C00,Điểm thi THPT,2025,15.0,Quản trị khách sạn
120508,NTT,quan-tri-khach-san,C03,Điểm thi THPT,2025,15.0,Quản trị khách sạn
120509,NTT,quan-tri-khach-san,C04,Điểm thi THPT,2025,15.0,Quản trị khách sạn
120510,NTT,quan-tri-khach-san,D01,Điểm thi THPT,2025,15.0,Quản trị khách sạn
120511,NTT,quan-tri-khach-san-chuan-quoc-te,A07,Điểm học bạ,2025,18.0,Quản trị khách sạn - Chuẩn quốc tế
120512,NTT,quan-tri-khach-san-chuan-quoc-te,C00,Điểm học bạ,2025,18.0,Quản trị khách sạn - Chuẩn quốc tế
120513,NTT,quan-tri-khach-san-chuan-quoc-te,C03,Điểm học bạ,2025,18.0,Quản trị khách sạn - Chuẩn quốc tế
120514,NTT,quan-tri-khach-san-chuan-quoc-te,C04,Điểm học bạ,2025,18.0,Quản trị khách sạn - Chuẩn quốc tế
120515,NTT,quan-tri-khach-san-chuan-quoc-te,D01,Điểm học bạ,2025,18.0,Quản trị khách sạn - Chuẩn quốc tế
120516,NTT,quan-tri-khach-san-chuan-quoc-te,A07,Điểm thi THPT,2025,15.0,Quản trị khách sạn - Chuẩn quốc tế
120517,NTT,quan-tri-khach-san-chuan-quoc-te,C00,Điểm thi THPT,2025,15.0,Quản trị khách sạn - Chuẩn quốc tế
120518,NTT,quan-tri-khach-san-chuan-quoc-te,C03,Điểm thi THPT,2025,15.0,Quản trị khách sạn - Chuẩn quốc tế
120519,NTT,quan-tri-khach-san-chuan-quoc-te,C04,Điểm thi THPT,2025,15.0,Quản trị khách sạn - Chuẩn quốc tế
120520,NTT,quan-tri-khach-san-chuan-quoc-te,D01,Điểm thi THPT,2025,15.0,Quản trị khách sạn - Chuẩn quốc tế
120521,NTT,quan-tri-kinh-doanh,A00,Điểm học bạ,2021,6.0,Quản trị kinh doanh
120522,NTT,quan-tri-kinh-doanh,A01,Điểm học bạ,2021,6.0,Quản trị kinh doanh
120523,NTT,quan-tri-kinh-doanh,D01,Điểm học bạ,2021,6.0,Quản trị kinh doanh
120524,NTT,quan-tri-kinh-doanh,D07,Điểm học bạ,2021,6.0,Quản trị kinh doanh
120525,NTT,quan-tri-kinh-doanh,A00,Điểm thi THPT,2021,19.0,Quản trị kinh doanh
120526,NTT,quan-tri-kinh-doanh,A01,Điểm thi THPT,2021,19.0,Quản trị kinh doanh
120527,NTT,quan-tri-kinh-doanh,D01,Điểm thi THPT,2021,19.0,Quản trị kinh doanh
120528,NTT,quan-tri-kinh-doanh,D07,Điểm thi THPT,2021,19.0,Quản trị kinh doanh
120529,NTT,quan-tri-kinh-doanh,A00,Điểm học bạ,2022,6.0,Quản trị kinh doanh
120530,NTT,quan-tri-kinh-doanh,A01,Điểm học bạ,2022,6.0,Quản trị kinh doanh
120531,NTT,quan-tri-kinh-doanh,D01,Điểm học bạ,2022,6.0,Quản trị kinh doanh
120532,NTT,quan-tri-kinh-doanh,D07,Điểm học bạ,2022,6.0,Quản trị kinh doanh
120533,NTT,quan-tri-kinh-doanh,A00,Điểm thi THPT,2022,18.0,Quản trị kinh doanh
120534,NTT,quan-tri-kinh-doanh,A01,Điểm thi THPT,2022,18.0,Quản trị kinh doanh
120535,NTT,quan-tri-kinh-doanh,D01,Điểm thi THPT,2022,18.0,Quản trị kinh doanh
120536,NTT,quan-tri-kinh-doanh,D07,Điểm thi THPT,2022,18.0,Quản trị kinh doanh
120537,NTT,quan-tri-kinh-doanh,A00,Điểm học bạ,2023,6.3,Quản trị kinh doanh
120538,NTT,quan-tri-kinh-doanh,A01,Điểm học bạ,2023,6.3,Quản trị kinh doanh
120539,NTT,quan-tri-kinh-doanh,D01,Điểm học bạ,2023,6.3,Quản trị kinh doanh
120540,NTT,quan-tri-kinh-doanh,D07,Điểm học bạ,2023,6.3,Quản trị kinh doanh
120541,NTT,quan-tri-kinh-doanh,A00,Điểm thi THPT,2023,15.0,Quản trị kinh doanh
120542,NTT,quan-tri-kinh-doanh,A01,Điểm thi THPT,2023,15.0,Quản trị kinh doanh
120543,NTT,quan-tri-kinh-doanh,D01,Điểm thi THPT,2023,15.0,Quản trị kinh doanh
120544,NTT,quan-tri-kinh-doanh,D07,Điểm thi THPT,2023,15.0,Quản trị kinh doanh
120545,NTT,quan-tri-kinh-doanh,A00,Điểm thi THPT,2024,15.0,Quản trị kinh doanh
120546,NTT,quan-tri-kinh-doanh,A01,Điểm thi THPT,2024,15.0,Quản trị kinh doanh
120547,NTT,quan-tri-kinh-doanh,C00,Điểm thi THPT,2024,15.0,Quản trị kinh doanh (Quản trị doanh nghiệp và công nghệ)
120548,NTT,quan-tri-kinh-doanh,D01,Điểm thi THPT,2024,15.0,Quản trị kinh doanh
120549,NTT,quan-tri-kinh-doanh,D07,Điểm thi THPT,2024,15.0,Quản trị kinh doanh
120550,NTT,quan-tri-kinh-doanh,A00,Điểm học bạ,2025,18.0,Quản trị kinh doanh (Kinh doanh sáng tạo)
120551,NTT,quan-tri-kinh-doanh,C01,Điểm học bạ,2025,18.0,Quản trị kinh doanh
120552,NTT,quan-tri-kinh-doanh,C03,Điểm học bạ,2025,18.0,Quản trị kinh doanh (Kinh doanh sáng tạo)
120553,NTT,quan-tri-kinh-doanh,C04,Điểm học bạ,2025,18.0,Quản trị kinh doanh
120554,NTT,quan-tri-kinh-doanh,D01,Điểm học bạ,2025,18.0,Quản trị kinh doanh
120555,NTT,quan-tri-kinh-doanh,X01,Điểm học bạ,2025,18.0,Quản trị kinh doanh
120556,NTT,quan-tri-kinh-doanh,A00,Điểm thi THPT,2025,15.0,Quản trị kinh doanh (Kinh doanh sáng tạo)
120557,NTT,quan-tri-kinh-doanh,C01,Điểm thi THPT,2025,15.0,Quản trị kinh doanh
120558,NTT,quan-tri-kinh-doanh,C03,Điểm thi THPT,2025,15.0,Quản trị kinh doanh (Kinh doanh sáng tạo)
120559,NTT,quan-tri-kinh-doanh,C04,Điểm thi THPT,2025,15.0,Quản trị kinh doanh
120560,NTT,quan-tri-kinh-doanh,D01,Điểm thi THPT,2025,15.0,Quản trị kinh doanh
120561,NTT,quan-tri-kinh-doanh,X01,Điểm thi THPT,2025,15.0,Quản trị kinh doanh
120562,NTT,quan-tri-kinh-doanh-chuan-quoc-te,A00,Điểm học bạ,2025,18.0,Quản trị kinh doanh (Kinh doanh quốc tế) - Chuẩn quốc tế
120563,NTT,quan-tri-kinh-doanh-chuan-quoc-te,C01,Điểm học bạ,2025,18.0,Quản trị kinh doanh (Kinh doanh quốc tế) - Chuẩn quốc tế
120564,NTT,quan-tri-kinh-doanh-chuan-quoc-te,C03,Điểm học bạ,2025,18.0,Quản trị kinh doanh (Kinh doanh quốc tế) - Chuẩn quốc tế
120565,NTT,quan-tri-kinh-doanh-chuan-quoc-te,D01,Điểm học bạ,2025,18.0,Quản trị kinh doanh (Kinh doanh quốc tế) - Chuẩn quốc tế
120566,NTT,quan-tri-kinh-doanh-chuan-quoc-te,A00,Điểm thi THPT,2025,15.0,Quản trị kinh doanh (Kinh doanh quốc tế) - Chuẩn quốc tế
120567,NTT,quan-tri-kinh-doanh-chuan-quoc-te,C01,Điểm thi THPT,2025,15.0,Quản trị kinh doanh (Kinh doanh quốc tế) - Chuẩn quốc tế
120568,NTT,quan-tri-kinh-doanh-chuan-quoc-te,C03,Điểm thi THPT,2025,15.0,Quản trị kinh doanh (Kinh doanh quốc tế) - Chuẩn quốc tế
120569,NTT,quan-tri-kinh-doanh-chuan-quoc-te,D01,Điểm thi THPT,2025,15.0,Quản trị kinh doanh (Kinh doanh quốc tế) - Chuẩn quốc tế
120570,NTT,quan-tri-kinh-doanh-thuc-pham,A00,Điểm thi THPT,2024,15.0,Quản trị kinh doanh thực phẩm
120571,NTT,quan-tri-kinh-doanh-thuc-pham,A01,Điểm thi THPT,2024,15.0,Quản trị kinh doanh thực phẩm
120572,NTT,quan-tri-kinh-doanh-thuc-pham,D01,Điểm thi THPT,2024,15.0,Quản trị kinh doanh thực phẩm
120573,NTT,quan-tri-kinh-doanh-thuc-pham,D07,Điểm thi THPT,2024,15.0,Quản trị kinh doanh thực phẩm
120574,NTT,quan-tri-kinh-doanh-thuc-pham,A00,Điểm học bạ,2025,18.0,Quản trị kinh doanh thực phẩm
120575,NTT,quan-tri-kinh-doanh-thuc-pham,A01,Điểm học bạ,2025,18.0,Quản trị kinh doanh thực phẩm
120576,NTT,quan-tri-kinh-doanh-thuc-pham,D01,Điểm học bạ,2025,18.0,Quản trị kinh doanh thực phẩm
120577,NTT,quan-tri-kinh-doanh-thuc-pham,D07,Điểm học bạ,2025,18.0,Quản trị kinh doanh thực phẩm
120578,NTT,quan-tri-kinh-doanh-thuc-pham,A00,Điểm thi THPT,2025,15.0,Quản trị kinh doanh thực phẩm
120579,NTT,quan-tri-kinh-doanh-thuc-pham,A01,Điểm thi THPT,2025,15.0,Quản trị kinh doanh thực phẩm
120580,NTT,quan-tri-kinh-doanh-thuc-pham,D01,Điểm thi THPT,2025,15.0,Quản trị kinh doanh thực phẩm
120581,NTT,quan-tri-kinh-doanh-thuc-pham,D07,Điểm thi THPT,2025,15.0,Quản trị kinh doanh thực phẩm
120582,NTT,quan-tri-nha-hang-va-dich-vu-an-uong,A00,Điểm học bạ,2021,6.0,Quản trị nhà hàng và dịch vụ ăn uống
120583,NTT,quan-tri-nha-hang-va-dich-vu-an-uong,A01,Điểm học bạ,2021,6.0,Quản trị nhà hàng và dịch vụ ăn uống
120584,NTT,quan-tri-nha-hang-va-dich-vu-an-uong,C00,Điểm học bạ,2021,6.0,Quản trị nhà hàng và dịch vụ ăn uống
120585,NTT,quan-tri-nha-hang-va-dich-vu-an-uong,D01,Điểm học bạ,2021,6.0,Quản trị nhà hàng và dịch vụ ăn uống
120586,NTT,quan-tri-nha-hang-va-dich-vu-an-uong,A00,Điểm thi THPT,2021,16.0,Quản trị nhà hàng và dịch vụ ăn uống
120587,NTT,quan-tri-nha-hang-va-dich-vu-an-uong,A01,Điểm thi THPT,2021,16.0,Quản trị nhà hàng và dịch vụ ăn uống
120588,NTT,quan-tri-nha-hang-va-dich-vu-an-uong,C00,Điểm thi THPT,2021,16.0,Quản trị nhà hàng và dịch vụ ăn uống
120589,NTT,quan-tri-nha-hang-va-dich-vu-an-uong,D01,Điểm thi THPT,2021,16.0,Quản trị nhà hàng và dịch vụ ăn uống
120590,NTT,quan-tri-nha-hang-va-dich-vu-an-uong,A00,Điểm học bạ,2022,6.0,Quản trị nhà hàng và dịch vụ ăn uống
120591,NTT,quan-tri-nha-hang-va-dich-vu-an-uong,A01,Điểm học bạ,2022,6.0,Quản trị nhà hàng và dịch vụ ăn uống
120592,NTT,quan-tri-nha-hang-va-dich-vu-an-uong,C00,Điểm học bạ,2022,6.0,Quản trị nhà hàng và dịch vụ ăn uống
120593,NTT,quan-tri-nha-hang-va-dich-vu-an-uong,D01,Điểm học bạ,2022,6.0,Quản trị nhà hàng và dịch vụ ăn uống
120594,NTT,quan-tri-nha-hang-va-dich-vu-an-uong,A00,Điểm thi THPT,2022,15.0,Quản trị nhà hàng và dịch vụ ăn uống
120595,NTT,quan-tri-nha-hang-va-dich-vu-an-uong,A01,Điểm thi THPT,2022,15.0,Quản trị nhà hàng và dịch vụ ăn uống
120596,NTT,quan-tri-nha-hang-va-dich-vu-an-uong,C00,Điểm thi THPT,2022,15.0,Quản trị nhà hàng và dịch vụ ăn uống
120597,NTT,quan-tri-nha-hang-va-dich-vu-an-uong,D01,Điểm thi THPT,2022,15.0,Quản trị nhà hàng và dịch vụ ăn uống
120598,NTT,quan-tri-nha-hang-va-dich-vu-an-uong,A00,Điểm học bạ,2023,6.0,Quản trị nhà hàng và dịch vụ ăn uống
120599,NTT,quan-tri-nha-hang-va-dich-vu-an-uong,A01,Điểm học bạ,2023,6.0,Quản trị nhà hàng và dịch vụ ăn uống
120600,NTT,quan-tri-nha-hang-va-dich-vu-an-uong,C00,Điểm học bạ,2023,6.0,Quản trị nhà hàng và dịch vụ ăn uống
120601,NTT,quan-tri-nha-hang-va-dich-vu-an-uong,D01,Điểm học bạ,2023,6.0,Quản trị nhà hàng và dịch vụ ăn uống
120602,NTT,quan-tri-nha-hang-va-dich-vu-an-uong,A00,Điểm thi THPT,2023,15.0,Quản trị nhà hàng và dịch vụ ăn uống
120603,NTT,quan-tri-nha-hang-va-dich-vu-an-uong,A01,Điểm thi THPT,2023,15.0,Quản trị nhà hàng và dịch vụ ăn uống
120604,NTT,quan-tri-nha-hang-va-dich-vu-an-uong,C00,Điểm thi THPT,2023,15.0,Quản trị nhà hàng và dịch vụ ăn uống
120605,NTT,quan-tri-nha-hang-va-dich-vu-an-uong,D01,Điểm thi THPT,2023,15.0,Quản trị nhà hàng và dịch vụ ăn uống
120606,NTT,quan-tri-nha-hang-va-dich-vu-an-uong,C00,Điểm thi THPT,2024,15.0,Quản trị nhà hàng và dịch vụ ăn uống
120607,NTT,quan-tri-nha-hang-va-dich-vu-an-uong,D01,Điểm thi THPT,2024,15.0,Quản trị nhà hàng và dịch vụ ăn uống
120608,NTT,quan-tri-nha-hang-va-dich-vu-an-uong,D14,Điểm thi THPT,2024,15.0,Quản trị nhà hàng và dịch vụ ăn uống
120609,NTT,quan-tri-nha-hang-va-dich-vu-an-uong,D15,Điểm thi THPT,2024,15.0,Quản trị nhà hàng và dịch vụ ăn uống
120610,NTT,quan-tri-nha-hang-va-dich-vu-an-uong,A07,Điểm học bạ,2025,18.0,Quản trị nhà hàng và dịch vụ ăn uống
120611,NTT,quan-tri-nha-hang-va-dich-vu-an-uong,C00,Điểm học bạ,2025,18.0,Quản trị nhà hàng và dịch vụ ăn uống
120612,NTT,quan-tri-nha-hang-va-dich-vu-an-uong,C03,Điểm học bạ,2025,18.0,Quản trị nhà hàng và dịch vụ ăn uống
120613,NTT,quan-tri-nha-hang-va-dich-vu-an-uong,C04,Điểm học bạ,2025,18.0,Quản trị nhà hàng và dịch vụ ăn uống
120614,NTT,quan-tri-nha-hang-va-dich-vu-an-uong,D01,Điểm học bạ,2025,18.0,Quản trị nhà hàng và dịch vụ ăn uống
120615,NTT,quan-tri-nha-hang-va-dich-vu-an-uong,A07,Điểm thi THPT,2025,15.0,Quản trị nhà hàng và dịch vụ ăn uống
120616,NTT,quan-tri-nha-hang-va-dich-vu-an-uong,C00,Điểm thi THPT,2025,15.0,Quản trị nhà hàng và dịch vụ ăn uống
120617,NTT,quan-tri-nha-hang-va-dich-vu-an-uong,C03,Điểm thi THPT,2025,15.0,Quản trị nhà hàng và dịch vụ ăn uống
120618,NTT,quan-tri-nha-hang-va-dich-vu-an-uong,C04,Điểm thi THPT,2025,15.0,Quản trị nhà hàng và dịch vụ ăn uống
120619,NTT,quan-tri-nha-hang-va-dich-vu-an-uong,D01,Điểm thi THPT,2025,15.0,Quản trị nhà hàng và dịch vụ ăn uống
120620,NTT,quan-tri-nhan-luc,A00,Điểm học bạ,2021,6.0,Quản trị Nhân lực
120621,NTT,quan-tri-nhan-luc,A01,Điểm học bạ,2021,6.0,Quản trị Nhân lực
120622,NTT,quan-tri-nhan-luc,D01,Điểm học bạ,2021,6.0,Quản trị Nhân lực
120623,NTT,quan-tri-nhan-luc,D07,Điểm học bạ,2021,6.0,Quản trị Nhân lực
120624,NTT,quan-tri-nhan-luc,A00,Điểm thi THPT,2021,15.0,Quản trị Nhân lực
120625,NTT,quan-tri-nhan-luc,A01,Điểm thi THPT,2021,15.0,Quản trị Nhân lực
120626,NTT,quan-tri-nhan-luc,D01,Điểm thi THPT,2021,15.0,Quản trị Nhân lực
120627,NTT,quan-tri-nhan-luc,D07,Điểm thi THPT,2021,15.0,Quản trị Nhân lực
120628,NTT,quan-tri-nhan-luc,A00,Điểm học bạ,2022,6.0,Quản trị Nhân lực
120629,NTT,quan-tri-nhan-luc,A01,Điểm học bạ,2022,6.0,Quản trị Nhân lực
120630,NTT,quan-tri-nhan-luc,D01,Điểm học bạ,2022,6.0,Quản trị Nhân lực
120631,NTT,quan-tri-nhan-luc,D07,Điểm học bạ,2022,6.0,Quản trị Nhân lực
120632,NTT,quan-tri-nhan-luc,A00,Điểm thi THPT,2022,15.0,Quản trị Nhân lực
120633,NTT,quan-tri-nhan-luc,A01,Điểm thi THPT,2022,15.0,Quản trị Nhân lực
120634,NTT,quan-tri-nhan-luc,D01,Điểm thi THPT,2022,15.0,Quản trị Nhân lực
120635,NTT,quan-tri-nhan-luc,D07,Điểm thi THPT,2022,15.0,Quản trị Nhân lực
120636,NTT,quan-tri-nhan-luc,A00,Điểm học bạ,2023,6.0,Quản trị Nhân lực
120637,NTT,quan-tri-nhan-luc,A01,Điểm học bạ,2023,6.0,Quản trị Nhân lực
120638,NTT,quan-tri-nhan-luc,D01,Điểm học bạ,2023,6.0,Quản trị Nhân lực
120639,NTT,quan-tri-nhan-luc,D07,Điểm học bạ,2023,6.0,Quản trị Nhân lực
120640,NTT,quan-tri-nhan-luc,A00,Điểm thi THPT,2023,15.0,Quản trị Nhân lực
120641,NTT,quan-tri-nhan-luc,A01,Điểm thi THPT,2023,15.0,Quản trị Nhân lực
120642,NTT,quan-tri-nhan-luc,D01,Điểm thi THPT,2023,15.0,Quản trị Nhân lực
120643,NTT,quan-tri-nhan-luc,D07,Điểm thi THPT,2023,15.0,Quản trị Nhân lực
120644,NTT,quan-tri-nhan-luc,A00,Điểm thi THPT,2024,15.0,Quản trị Nhân lực
120645,NTT,quan-tri-nhan-luc,A01,Điểm thi THPT,2024,15.0,Quản trị Nhân lực
120646,NTT,quan-tri-nhan-luc,D01,Điểm thi THPT,2024,15.0,Quản trị Nhân lực
120647,NTT,quan-tri-nhan-luc,D07,Điểm thi THPT,2024,15.0,Quản trị Nhân lực
120648,NTT,quan-tri-nhan-luc,C00,Điểm học bạ,2025,18.0,Quản trị Nhân lực
120649,NTT,quan-tri-nhan-luc,C04,Điểm học bạ,2025,18.0,Quản trị Nhân lực
120650,NTT,quan-tri-nhan-luc,D01,Điểm học bạ,2025,18.0,Quản trị Nhân lực
120651,NTT,quan-tri-nhan-luc,X01,Điểm học bạ,2025,18.0,Quản trị Nhân lực
120652,NTT,quan-tri-nhan-luc,C00,Điểm thi THPT,2025,15.0,Quản trị Nhân lực
120653,NTT,quan-tri-nhan-luc,C04,Điểm thi THPT,2025,15.0,Quản trị Nhân lực
120654,NTT,quan-tri-nhan-luc,D01,Điểm thi THPT,2025,15.0,Quản trị Nhân lực
120655,NTT,quan-tri-nhan-luc,X01,Điểm thi THPT,2025,15.0,Quản trị Nhân lực
120656,NTT,quay-phim,N05,Điểm học bạ,2021,6.0,Quay phim
120657,NTT,quay-phim,N05,Điểm thi THPT,2021,15.0,Quay phim
120658,NTT,quay-phim,N05,Điểm học bạ,2022,6.0,Quay phim
120659,NTT,quay-phim,N05,Điểm thi THPT,2022,15.0,Quay phim
120660,NTT,quay-phim,N05,Điểm học bạ,2023,6.0,Quay phim
120661,NTT,quay-phim,N05,Điểm thi THPT,2023,15.0,Quay phim
120662,NTT,rang-ham-mat,A00,Điểm thi THPT,2024,22.5,Răng - Hàm - Mặt
120663,NTT,rang-ham-mat,A01,Điểm thi THPT,2024,22.5,Răng - Hàm - Mặt
120664,NTT,rang-ham-mat,B00,Điểm thi THPT,2024,22.5,Răng - Hàm - Mặt
120665,NTT,rang-ham-mat,D07,Điểm thi THPT,2024,22.5,Răng - Hàm - Mặt
120666,NTT,rang-ham-mat,A00,Điểm học bạ,2025,23.0,Răng - Hàm - Mặt
120667,NTT,rang-ham-mat,B00,Điểm học bạ,2025,23.0,Răng - Hàm - Mặt
120668,NTT,rang-ham-mat,B08,Điểm học bạ,2025,23.0,Răng - Hàm - Mặt
120669,NTT,rang-ham-mat,D07,Điểm học bạ,2025,23.0,Răng - Hàm - Mặt
120670,NTT,rang-ham-mat,A00,Điểm thi THPT,2025,20.5,Răng - Hàm - Mặt
120671,NTT,rang-ham-mat,B00,Điểm thi THPT,2025,20.5,Răng - Hàm - Mặt
120672,NTT,rang-ham-mat,B08,Điểm thi THPT,2025,20.5,Răng - Hàm - Mặt
120673,NTT,rang-ham-mat,D07,Điểm thi THPT,2025,20.5,Răng - Hàm - Mặt
120674,NTT,tai-chinh-ngan-hang,A00,Điểm học bạ,2021,6.0,Tài chính - ngân hàng
120675,NTT,tai-chinh-ngan-hang,A01,Điểm học bạ,2021,6.0,Tài chính - ngân hàng
120676,NTT,tai-chinh-ngan-hang,D01,Điểm học bạ,2021,6.0,Tài chính - ngân hàng
120677,NTT,tai-chinh-ngan-hang,D07,Điểm học bạ,2021,6.0,Tài chính - ngân hàng
120678,NTT,tai-chinh-ngan-hang,A00,Điểm thi THPT,2021,15.0,Tài chính - ngân hàng
120679,NTT,tai-chinh-ngan-hang,A01,Điểm thi THPT,2021,15.0,Tài chính - ngân hàng
120680,NTT,tai-chinh-ngan-hang,D01,Điểm thi THPT,2021,15.0,Tài chính - ngân hàng
120681,NTT,tai-chinh-ngan-hang,D07,Điểm thi THPT,2021,15.0,Tài chính - ngân hàng
120682,NTT,tai-chinh-ngan-hang,A00,Điểm học bạ,2022,6.0,Tài chính - ngân hàng
120683,NTT,tai-chinh-ngan-hang,A01,Điểm học bạ,2022,6.0,Tài chính - ngân hàng
120684,NTT,tai-chinh-ngan-hang,D01,Điểm học bạ,2022,6.0,Tài chính - ngân hàng
120685,NTT,tai-chinh-ngan-hang,D07,Điểm học bạ,2022,6.0,Tài chính - ngân hàng
120686,NTT,tai-chinh-ngan-hang,A00,Điểm thi THPT,2022,15.0,Tài chính - ngân hàng
120687,NTT,tai-chinh-ngan-hang,A01,Điểm thi THPT,2022,15.0,Tài chính - ngân hàng
120688,NTT,tai-chinh-ngan-hang,D01,Điểm thi THPT,2022,15.0,Tài chính - ngân hàng
120689,NTT,tai-chinh-ngan-hang,D07,Điểm thi THPT,2022,15.0,Tài chính - ngân hàng
120690,NTT,tai-chinh-ngan-hang,A00,Điểm học bạ,2023,6.0,Tài chính - ngân hàng
120691,NTT,tai-chinh-ngan-hang,A01,Điểm học bạ,2023,6.0,Tài chính - ngân hàng
120692,NTT,tai-chinh-ngan-hang,D01,Điểm học bạ,2023,6.0,Tài chính - ngân hàng
120693,NTT,tai-chinh-ngan-hang,D07,Điểm học bạ,2023,6.0,Tài chính - ngân hàng
120694,NTT,tai-chinh-ngan-hang,A00,Điểm thi THPT,2023,15.0,Tài chính - ngân hàng
120695,NTT,tai-chinh-ngan-hang,A01,Điểm thi THPT,2023,15.0,Tài chính - ngân hàng
120696,NTT,tai-chinh-ngan-hang,D01,Điểm thi THPT,2023,15.0,Tài chính - ngân hàng
120697,NTT,tai-chinh-ngan-hang,D07,Điểm thi THPT,2023,15.0,Tài chính - ngân hàng
120698,NTT,tai-chinh-ngan-hang,A00,Điểm thi THPT,2024,15.0,Tài chính ngân hàng
120699,NTT,tai-chinh-ngan-hang,A01,Điểm thi THPT,2024,15.0,Tài chính ngân hàng
120700,NTT,tai-chinh-ngan-hang,D01,Điểm thi THPT,2024,15.0,Tài chính ngân hàng
120701,NTT,tai-chinh-ngan-hang,D07,Điểm thi THPT,2024,15.0,Tài chính ngân hàng
120702,NTT,tai-chinh-ngan-hang,A00,Điểm học bạ,2025,18.0,Tài chính – ngân hàng
120703,NTT,tai-chinh-ngan-hang,A01,Điểm học bạ,2025,18.0,Tài chính – ngân hàng
120704,NTT,tai-chinh-ngan-hang,D01,Điểm học bạ,2025,18.0,Tài chính – ngân hàng
120705,NTT,tai-chinh-ngan-hang,D07,Điểm học bạ,2025,18.0,Tài chính – ngân hàng
120706,NTT,tai-chinh-ngan-hang,A00,Điểm thi THPT,2025,15.0,Tài chính – ngân hàng
120707,NTT,tai-chinh-ngan-hang,A01,Điểm thi THPT,2025,15.0,Tài chính – ngân hàng
120708,NTT,tai-chinh-ngan-hang,D01,Điểm thi THPT,2025,15.0,Tài chính – ngân hàng
120709,NTT,tai-chinh-ngan-hang,D07,Điểm thi THPT,2025,15.0,Tài chính – ngân hàng
120710,NTT,tam-ly-hoc,B00,Điểm học bạ,2021,6.0,Tâm lý học
120711,NTT,tam-ly-hoc,C00,Điểm học bạ,2021,6.0,Tâm lý học
120712,NTT,tam-ly-hoc,D01,Điểm học bạ,2021,6.0,Tâm lý học
120713,NTT,tam-ly-hoc,D14,Điểm học bạ,2021,6.0,Tâm lý học
120714,NTT,tam-ly-hoc,B00,Điểm thi THPT,2021,15.0,Tâm lý học
120715,NTT,tam-ly-hoc,C00,Điểm thi THPT,2021,15.0,Tâm lý học
120716,NTT,tam-ly-hoc,D01,Điểm thi THPT,2021,15.0,Tâm lý học
120717,NTT,tam-ly-hoc,D14,Điểm thi THPT,2021,15.0,Tâm lý học
120718,NTT,tam-ly-hoc,B00,Điểm học bạ,2022,6.0,Tâm lý học
120719,NTT,tam-ly-hoc,C00,Điểm học bạ,2022,6.0,Tâm lý học
120720,NTT,tam-ly-hoc,D01,Điểm học bạ,2022,6.0,Tâm lý học
120721,NTT,tam-ly-hoc,D14,Điểm học bạ,2022,6.0,Tâm lý học
120722,NTT,tam-ly-hoc,B00,Điểm thi THPT,2022,15.0,Tâm lý học
120723,NTT,tam-ly-hoc,C00,Điểm thi THPT,2022,15.0,Tâm lý học
120724,NTT,tam-ly-hoc,D01,Điểm thi THPT,2022,15.0,Tâm lý học
120725,NTT,tam-ly-hoc,D14,Điểm thi THPT,2022,15.0,Tâm lý học
120726,NTT,tam-ly-hoc,B00,Điểm học bạ,2023,6.0,Tâm lý học
120727,NTT,tam-ly-hoc,C00,Điểm học bạ,2023,6.0,Tâm lý học
120728,NTT,tam-ly-hoc,D01,Điểm học bạ,2023,6.0,Tâm lý học
120729,NTT,tam-ly-hoc,D14,Điểm học bạ,2023,6.0,Tâm lý học
120730,NTT,tam-ly-hoc,B00,Điểm thi THPT,2023,15.0,Tâm lý học
120731,NTT,tam-ly-hoc,C00,Điểm thi THPT,2023,15.0,Tâm lý học
120732,NTT,tam-ly-hoc,D01,Điểm thi THPT,2023,15.0,Tâm lý học
120733,NTT,tam-ly-hoc,D14,Điểm thi THPT,2023,15.0,Tâm lý học
120734,NTT,tam-ly-hoc,B00,Điểm thi THPT,2024,15.0,Tâm lý học
120735,NTT,tam-ly-hoc,C00,Điểm thi THPT,2024,15.0,Tâm lý học
120736,NTT,tam-ly-hoc,D01,Điểm thi THPT,2024,15.0,Tâm lý học
120737,NTT,tam-ly-hoc,D14,Điểm thi THPT,2024,15.0,Tâm lý học
120738,NTT,tam-ly-hoc,B00,Điểm học bạ,2025,18.0,Tâm lý học
120739,NTT,tam-ly-hoc,B03,Điểm học bạ,2025,18.0,Tâm lý học
120740,NTT,tam-ly-hoc,C00,Điểm học bạ,2025,18.0,Tâm lý học
120741,NTT,tam-ly-hoc,C03,Điểm học bạ,2025,18.0,Tâm lý học
120742,NTT,tam-ly-hoc,C04,Điểm học bạ,2025,18.0,Tâm lý học
120743,NTT,tam-ly-hoc,C08,Điểm học bạ,2025,18.0,Tâm lý học
120744,NTT,tam-ly-hoc,C12,Điểm học bạ,2025,18.0,Tâm lý học
120745,NTT,tam-ly-hoc,C13,Điểm học bạ,2025,18.0,Tâm lý học
120746,NTT,tam-ly-hoc,D01,Điểm học bạ,2025,18.0,Tâm lý học
120747,NTT,tam-ly-hoc,D13,Điểm học bạ,2025,18.0,Tâm lý học
120748,NTT,tam-ly-hoc,D14,Điểm học bạ,2025,18.0,Tâm lý học
120749,NTT,tam-ly-hoc,D15,Điểm học bạ,2025,18.0,Tâm lý học
120750,NTT,tam-ly-hoc,X01,Điểm học bạ,2025,18.0,Tâm lý học
120751,NTT,tam-ly-hoc,X70,Điểm học bạ,2025,18.0,Tâm lý học
120752,NTT,tam-ly-hoc,X74,Điểm học bạ,2025,18.0,Tâm lý học
120753,NTT,tam-ly-hoc,X78,Điểm học bạ,2025,18.0,Tâm lý học
120754,NTT,tam-ly-hoc,B00,Điểm thi THPT,2025,15.0,Tâm lý học
120755,NTT,tam-ly-hoc,B03,Điểm thi THPT,2025,15.0,Tâm lý học
120756,NTT,tam-ly-hoc,C00,Điểm thi THPT,2025,15.0,Tâm lý học
120757,NTT,tam-ly-hoc,C03,Điểm thi THPT,2025,15.0,Tâm lý học
120758,NTT,tam-ly-hoc,C04,Điểm thi THPT,2025,15.0,Tâm lý học
120759,NTT,tam-ly-hoc,C08,Điểm thi THPT,2025,15.0,Tâm lý học
120760,NTT,tam-ly-hoc,C12,Điểm thi THPT,2025,15.0,Tâm lý học
120761,NTT,tam-ly-hoc,C13,Điểm thi THPT,2025,15.0,Tâm lý học
120762,NTT,tam-ly-hoc,D01,Điểm thi THPT,2025,15.0,Tâm lý học
120763,NTT,tam-ly-hoc,D13,Điểm thi THPT,2025,15.0,Tâm lý học
120764,NTT,tam-ly-hoc,D14,Điểm thi THPT,2025,15.0,Tâm lý học
120765,NTT,tam-ly-hoc,D15,Điểm thi THPT,2025,15.0,Tâm lý học
120766,NTT,tam-ly-hoc,X01,Điểm thi THPT,2025,15.0,Tâm lý học
120767,NTT,tam-ly-hoc,X70,Điểm thi THPT,2025,15.0,Tâm lý học
120768,NTT,tam-ly-hoc,X74,Điểm thi THPT,2025,15.0,Tâm lý học
120769,NTT,tam-ly-hoc,X78,Điểm thi THPT,2025,15.0,Tâm lý học
120770,NTT,thanh-nhac,N01,Điểm học bạ,2021,6.0,Thanh Nhạc
120771,NTT,thanh-nhac,N01,Điểm thi THPT,2021,15.0,Thanh Nhạc
120772,NTT,thanh-nhac,N01,Điểm học bạ,2022,6.0,Thanh Nhạc
120773,NTT,thanh-nhac,N01,Điểm thi THPT,2022,15.0,Thanh Nhạc
120774,NTT,thanh-nhac,N00,Điểm học bạ,2023,6.0,Thanh Nhạc
120775,NTT,thanh-nhac,N00,Điểm thi THPT,2023,15.0,Thanh Nhạc
120776,NTT,thanh-nhac,N00,Điểm thi THPT,2024,15.0,Thanh Nhạc
120777,NTT,thanh-nhac,N01,Điểm học bạ,2025,18.0,Thanh Nhạc
120778,NTT,thanh-nhac,N01,Điểm thi THPT,2025,15.0,Thanh Nhạc
120779,NTT,thiet-ke-do-hoa,H00,Điểm học bạ,2021,6.0,Thiết kế đồ họa
120780,NTT,thiet-ke-do-hoa,H01,Điểm học bạ,2021,6.0,Thiết kế đồ họa
120781,NTT,thiet-ke-do-hoa,V00,Điểm học bạ,2021,6.0,Thiết kế đồ họa
120782,NTT,thiet-ke-do-hoa,V01,Điểm học bạ,2021,6.0,Thiết kế đồ họa
120783,NTT,thiet-ke-do-hoa,H00,Điểm thi THPT,2021,15.0,Thiết kế đồ họa
120784,NTT,thiet-ke-do-hoa,H01,Điểm thi THPT,2021,15.0,Thiết kế đồ họa
120785,NTT,thiet-ke-do-hoa,V00,Điểm thi THPT,2021,15.0,Thiết kế đồ họa
120786,NTT,thiet-ke-do-hoa,V01,Điểm thi THPT,2021,15.0,Thiết kế đồ họa
120787,NTT,thiet-ke-do-hoa,H00,Điểm học bạ,2022,6.0,Thiết kế đồ họa
120788,NTT,thiet-ke-do-hoa,H01,Điểm học bạ,2022,6.0,Thiết kế đồ họa
120789,NTT,thiet-ke-do-hoa,V00,Điểm học bạ,2022,6.0,Thiết kế đồ họa
120790,NTT,thiet-ke-do-hoa,V01,Điểm học bạ,2022,6.0,Thiết kế đồ họa
120791,NTT,thiet-ke-do-hoa,H00,Điểm thi THPT,2022,15.0,Thiết kế đồ họa
120792,NTT,thiet-ke-do-hoa,H01,Điểm thi THPT,2022,15.0,Thiết kế đồ họa
120793,NTT,thiet-ke-do-hoa,V00,Điểm thi THPT,2022,15.0,Thiết kế đồ họa
120794,NTT,thiet-ke-do-hoa,V01,Điểm thi THPT,2022,15.0,Thiết kế đồ họa
120795,NTT,thiet-ke-do-hoa,H00,Điểm học bạ,2023,6.0,Thiết kế đồ họa
120796,NTT,thiet-ke-do-hoa,H01,Điểm học bạ,2023,6.0,Thiết kế đồ họa
120797,NTT,thiet-ke-do-hoa,V00,Điểm học bạ,2023,6.0,Thiết kế đồ họa
120798,NTT,thiet-ke-do-hoa,V01,Điểm học bạ,2023,6.0,Thiết kế đồ họa
120799,NTT,thiet-ke-do-hoa,H00,Điểm thi THPT,2023,15.0,Thiết kế đồ họa
120800,NTT,thiet-ke-do-hoa,H01,Điểm thi THPT,2023,15.0,Thiết kế đồ họa
120801,NTT,thiet-ke-do-hoa,V00,Điểm thi THPT,2023,15.0,Thiết kế đồ họa
120802,NTT,thiet-ke-do-hoa,V01,Điểm thi THPT,2023,15.0,Thiết kế đồ họa
120803,NTT,thiet-ke-do-hoa,D01,Điểm thi THPT,2024,15.0,Thiết kế đồ họa
120804,NTT,thiet-ke-do-hoa,H00,Điểm thi THPT,2024,15.0,Thiết kế đồ họa
120805,NTT,thiet-ke-do-hoa,H01,Điểm thi THPT,2024,15.0,Thiết kế đồ họa
120806,NTT,thiet-ke-do-hoa,V01,Điểm thi THPT,2024,15.0,Thiết kế đồ họa
120807,NTT,thiet-ke-do-hoa,C04,Điểm học bạ,2025,18.0,Thiết kế đồ họa
120808,NTT,thiet-ke-do-hoa,D01,Điểm học bạ,2025,18.0,Thiết kế đồ họa
120809,NTT,thiet-ke-do-hoa,H01,Điểm học bạ,2025,18.0,Thiết kế đồ họa
120810,NTT,thiet-ke-do-hoa,V01,Điểm học bạ,2025,18.0,Thiết kế đồ họa
120811,NTT,thiet-ke-do-hoa,C04,Điểm thi THPT,2025,15.0,Thiết kế đồ họa
120812,NTT,thiet-ke-do-hoa,D01,Điểm thi THPT,2025,15.0,Thiết kế đồ họa
120813,NTT,thiet-ke-do-hoa,H01,Điểm thi THPT,2025,15.0,Thiết kế đồ họa
120814,NTT,thiet-ke-do-hoa,V01,Điểm thi THPT,2025,15.0,Thiết kế đồ họa
120815,NTT,thiet-ke-noi-that,H00,Điểm học bạ,2021,6.0,Thiết kế Nội thất
120816,NTT,thiet-ke-noi-that,H01,Điểm học bạ,2021,6.0,Thiết kế Nội thất
120817,NTT,thiet-ke-noi-that,V00,Điểm học bạ,2021,6.0,Thiết kế Nội thất
120818,NTT,thiet-ke-noi-that,V01,Điểm học bạ,2021,6.0,Thiết kế Nội thất
120819,NTT,thiet-ke-noi-that,H00,Điểm thi THPT,2021,15.0,Thiết kế Nội thất
120820,NTT,thiet-ke-noi-that,H01,Điểm thi THPT,2021,15.0,Thiết kế Nội thất
120821,NTT,thiet-ke-noi-that,V00,Điểm thi THPT,2021,15.0,Thiết kế Nội thất
120822,NTT,thiet-ke-noi-that,V01,Điểm thi THPT,2021,15.0,Thiết kế Nội thất
120823,NTT,thiet-ke-noi-that,H00,Điểm học bạ,2022,6.0,Thiết kế Nội thất
120824,NTT,thiet-ke-noi-that,H01,Điểm học bạ,2022,6.0,Thiết kế Nội thất
120825,NTT,thiet-ke-noi-that,V00,Điểm học bạ,2022,6.0,Thiết kế Nội thất
120826,NTT,thiet-ke-noi-that,V01,Điểm học bạ,2022,6.0,Thiết kế Nội thất
120827,NTT,thiet-ke-noi-that,H00,Điểm thi THPT,2022,15.0,Thiết kế Nội thất
120828,NTT,thiet-ke-noi-that,H01,Điểm thi THPT,2022,15.0,Thiết kế Nội thất
120829,NTT,thiet-ke-noi-that,V00,Điểm thi THPT,2022,15.0,Thiết kế Nội thất
120830,NTT,thiet-ke-noi-that,V01,Điểm thi THPT,2022,15.0,Thiết kế Nội thất
120831,NTT,thiet-ke-noi-that,H00,Điểm học bạ,2023,6.0,Thiết kế Nội thất
120832,NTT,thiet-ke-noi-that,H01,Điểm học bạ,2023,6.0,Thiết kế Nội thất
120833,NTT,thiet-ke-noi-that,V00,Điểm học bạ,2023,6.0,Thiết kế Nội thất
120834,NTT,thiet-ke-noi-that,V01,Điểm học bạ,2023,6.0,Thiết kế Nội thất
120835,NTT,thiet-ke-noi-that,H00,Điểm thi THPT,2023,15.0,Thiết kế Nội thất
120836,NTT,thiet-ke-noi-that,H01,Điểm thi THPT,2023,15.0,Thiết kế Nội thất
120837,NTT,thiet-ke-noi-that,V00,Điểm thi THPT,2023,15.0,Thiết kế Nội thất
120838,NTT,thiet-ke-noi-that,V01,Điểm thi THPT,2023,15.0,Thiết kế Nội thất
120839,NTT,thiet-ke-noi-that,D01,Điểm thi THPT,2024,15.0,Thiết kế Nội thất
120840,NTT,thiet-ke-noi-that,H00,Điểm thi THPT,2024,15.0,Thiết kế Nội thất
120841,NTT,thiet-ke-noi-that,H01,Điểm thi THPT,2024,15.0,Thiết kế Nội thất
120842,NTT,thiet-ke-noi-that,V01,Điểm thi THPT,2024,15.0,Thiết kế Nội thất
120843,NTT,thiet-ke-noi-that,C04,Điểm học bạ,2025,18.0,Thiết kế Nội thất
120844,NTT,thiet-ke-noi-that,D01,Điểm học bạ,2025,18.0,Thiết kế Nội thất
120845,NTT,thiet-ke-noi-that,H01,Điểm học bạ,2025,18.0,Thiết kế Nội thất
120846,NTT,thiet-ke-noi-that,V01,Điểm học bạ,2025,18.0,Thiết kế Nội thất
120847,NTT,thiet-ke-noi-that,C04,Điểm thi THPT,2025,15.0,Thiết kế Nội thất
120848,NTT,thiet-ke-noi-that,D01,Điểm thi THPT,2025,15.0,Thiết kế Nội thất
120849,NTT,thiet-ke-noi-that,H01,Điểm thi THPT,2025,15.0,Thiết kế Nội thất
120850,NTT,thiet-ke-noi-that,V01,Điểm thi THPT,2025,15.0,Thiết kế Nội thất
120851,NTT,thiet-ke-thoi-trang,A00,Điểm thi THPT,2024,15.0,Thiết kế thời trang
120852,NTT,thiet-ke-thoi-trang,A01,Điểm thi THPT,2024,15.0,Thiết kế thời trang
120853,NTT,thiet-ke-thoi-trang,D01,Điểm thi THPT,2024,15.0,Thiết kế thời trang
120854,NTT,thiet-ke-thoi-trang,D14,Điểm thi THPT,2024,15.0,Thiết kế thời trang
120855,NTT,thiet-ke-thoi-trang,A00,Điểm học bạ,2025,18.0,Thiết kế thời trang
120856,NTT,thiet-ke-thoi-trang,A01,Điểm học bạ,2025,18.0,Thiết kế thời trang
120857,NTT,thiet-ke-thoi-trang,D01,Điểm học bạ,2025,18.0,Thiết kế thời trang
120858,NTT,thiet-ke-thoi-trang,D14,Điểm học bạ,2025,18.0,Thiết kế thời trang
120859,NTT,thiet-ke-thoi-trang,A00,Điểm thi THPT,2025,15.0,Thiết kế thời trang
120860,NTT,thiet-ke-thoi-trang,A01,Điểm thi THPT,2025,15.0,Thiết kế thời trang
120861,NTT,thiet-ke-thoi-trang,D01,Điểm thi THPT,2025,15.0,Thiết kế thời trang
120862,NTT,thiet-ke-thoi-trang,D14,Điểm thi THPT,2025,15.0,Thiết kế thời trang
120863,NTT,thu-y,A00,Điểm thi THPT,2024,15.0,Thú y
120864,NTT,thu-y,B00,Điểm thi THPT,2024,15.0,Thú y
120865,NTT,thu-y,D07,Điểm thi THPT,2024,15.0,Thú y
120866,NTT,thu-y,D08,Điểm thi THPT,2024,15.0,Thú y
120867,NTT,thu-y,A00,Điểm học bạ,2025,18.0,Thú y
120868,NTT,thu-y,B00,Điểm học bạ,2025,18.0,Thú y
120869,NTT,thu-y,B08,Điểm học bạ,2025,18.0,Thú y
120870,NTT,thu-y,D07,Điểm học bạ,2025,18.0,Thú y
120871,NTT,thu-y,A00,Điểm thi THPT,2025,15.0,Thú y
120872,NTT,thu-y,B00,Điểm thi THPT,2025,15.0,Thú y
120873,NTT,thu-y,B08,Điểm thi THPT,2025,15.0,Thú y
120874,NTT,thu-y,D07,Điểm thi THPT,2025,15.0,Thú y
120875,NTT,thuong-mai-dien-tu,A00,Điểm học bạ,2021,6.0,Thương mại điện tử
120876,NTT,thuong-mai-dien-tu,A01,Điểm học bạ,2021,6.0,Thương mại điện tử
120877,NTT,thuong-mai-dien-tu,D01,Điểm học bạ,2021,6.0,Thương mại điện tử
120878,NTT,thuong-mai-dien-tu,D07,Điểm học bạ,2021,6.0,Thương mại điện tử
120879,NTT,thuong-mai-dien-tu,A00,Điểm thi THPT,2021,15.0,Thương mại điện tử
120880,NTT,thuong-mai-dien-tu,A01,Điểm thi THPT,2021,15.0,Thương mại điện tử
120881,NTT,thuong-mai-dien-tu,D01,Điểm thi THPT,2021,15.0,Thương mại điện tử
120882,NTT,thuong-mai-dien-tu,D07,Điểm thi THPT,2021,15.0,Thương mại điện tử
120883,NTT,thuong-mai-dien-tu,A00,Điểm học bạ,2022,6.0,Thương mại điện tử
120884,NTT,thuong-mai-dien-tu,A01,Điểm học bạ,2022,6.0,Thương mại điện tử
120885,NTT,thuong-mai-dien-tu,D01,Điểm học bạ,2022,6.0,Thương mại điện tử
120886,NTT,thuong-mai-dien-tu,D07,Điểm học bạ,2022,6.0,Thương mại điện tử
120887,NTT,thuong-mai-dien-tu,A00,Điểm thi THPT,2022,15.0,Thương mại điện tử
120888,NTT,thuong-mai-dien-tu,A01,Điểm thi THPT,2022,15.0,Thương mại điện tử
120889,NTT,thuong-mai-dien-tu,D01,Điểm thi THPT,2022,15.0,Thương mại điện tử
120890,NTT,thuong-mai-dien-tu,D07,Điểm thi THPT,2022,15.0,Thương mại điện tử
120891,NTT,thuong-mai-dien-tu,A00,Điểm học bạ,2023,6.0,Thương mại điện tử
120892,NTT,thuong-mai-dien-tu,A01,Điểm học bạ,2023,6.0,Thương mại điện tử
120893,NTT,thuong-mai-dien-tu,D01,Điểm học bạ,2023,6.0,Thương mại điện tử
120894,NTT,thuong-mai-dien-tu,D07,Điểm học bạ,2023,6.0,Thương mại điện tử
120895,NTT,thuong-mai-dien-tu,A00,Điểm thi THPT,2023,15.0,Thương mại điện tử
120896,NTT,thuong-mai-dien-tu,A01,Điểm thi THPT,2023,15.0,Thương mại điện tử
120897,NTT,thuong-mai-dien-tu,D01,Điểm thi THPT,2023,15.0,Thương mại điện tử
120898,NTT,thuong-mai-dien-tu,D07,Điểm thi THPT,2023,15.0,Thương mại điện tử
120899,NTT,thuong-mai-dien-tu,A00,Điểm thi THPT,2024,15.0,Thương mại điện tử
120900,NTT,thuong-mai-dien-tu,A01,Điểm thi THPT,2024,15.0,Thương mại điện tử
120901,NTT,thuong-mai-dien-tu,D01,Điểm thi THPT,2024,15.0,Thương mại điện tử
120902,NTT,thuong-mai-dien-tu,D07,Điểm thi THPT,2024,15.0,Thương mại điện tử
120903,NTT,thuong-mai-dien-tu,C01,Điểm học bạ,2025,18.0,Thương mại điện tử
120904,NTT,thuong-mai-dien-tu,C04,Điểm học bạ,2025,18.0,Thương mại điện tử
120905,NTT,thuong-mai-dien-tu,D01,Điểm học bạ,2025,18.0,Thương mại điện tử
120906,NTT,thuong-mai-dien-tu,X01,Điểm học bạ,2025,18.0,Thương mại điện tử
120907,NTT,thuong-mai-dien-tu,C01,Điểm thi THPT,2025,15.0,Thương mại điện tử
120908,NTT,thuong-mai-dien-tu,C04,Điểm thi THPT,2025,15.0,Thương mại điện tử
120909,NTT,thuong-mai-dien-tu,D01,Điểm thi THPT,2025,15.0,Thương mại điện tử
120910,NTT,thuong-mai-dien-tu,X01,Điểm thi THPT,2025,15.0,Thương mại điện tử
120911,NTT,thuong-mai-dien-tu-chuan-quoc-te,A00,Điểm học bạ,2025,18.0,Thương mại điện tử - Chuẩn quốc tế
120912,NTT,thuong-mai-dien-tu-chuan-quoc-te,C01,Điểm học bạ,2025,18.0,Thương mại điện tử - Chuẩn quốc tế
120913,NTT,thuong-mai-dien-tu-chuan-quoc-te,C03,Điểm học bạ,2025,18.0,Thương mại điện tử - Chuẩn quốc tế
120914,NTT,thuong-mai-dien-tu-chuan-quoc-te,D01,Điểm học bạ,2025,18.0,Thương mại điện tử - Chuẩn quốc tế
120915,NTT,thuong-mai-dien-tu-chuan-quoc-te,A00,Điểm thi THPT,2025,15.0,Thương mại điện tử - Chuẩn quốc tế
120916,NTT,thuong-mai-dien-tu-chuan-quoc-te,C01,Điểm thi THPT,2025,15.0,Thương mại điện tử - Chuẩn quốc tế
120917,NTT,thuong-mai-dien-tu-chuan-quoc-te,C03,Điểm thi THPT,2025,15.0,Thương mại điện tử - Chuẩn quốc tế
120918,NTT,thuong-mai-dien-tu-chuan-quoc-te,D01,Điểm thi THPT,2025,15.0,Thương mại điện tử - Chuẩn quốc tế
120919,NTT,tieng-viet-va-van-hoa-viet-nam,C00,Điểm học bạ,2021,6.0,Tiếng Việt và Văn hóa Việt Nam
120920,NTT,tieng-viet-va-van-hoa-viet-nam,D01,Điểm học bạ,2021,6.0,Tiếng Việt và Văn hóa Việt Nam
120921,NTT,tieng-viet-va-van-hoa-viet-nam,D14,Điểm học bạ,2021,6.0,Tiếng Việt và Văn hóa Việt Nam
120922,NTT,tieng-viet-va-van-hoa-viet-nam,D15,Điểm học bạ,2021,6.0,Tiếng Việt và Văn hóa Việt Nam
120923,NTT,tieng-viet-va-van-hoa-viet-nam,C00,Điểm thi THPT,2021,15.0,Tiếng Việt và Văn hóa Việt Nam
120924,NTT,tieng-viet-va-van-hoa-viet-nam,D01,Điểm thi THPT,2021,15.0,Tiếng Việt và Văn hóa Việt Nam
120925,NTT,tieng-viet-va-van-hoa-viet-nam,D14,Điểm thi THPT,2021,15.0,Tiếng Việt và Văn hóa Việt Nam
120926,NTT,tieng-viet-va-van-hoa-viet-nam,D15,Điểm thi THPT,2021,15.0,Tiếng Việt và Văn hóa Việt Nam
120927,NTT,tieng-viet-va-van-hoa-viet-nam,C00,Điểm học bạ,2022,6.0,Tiếng Việt và Văn hóa Việt Nam
120928,NTT,tieng-viet-va-van-hoa-viet-nam,D01,Điểm học bạ,2022,6.0,Tiếng Việt và Văn hóa Việt Nam
120929,NTT,tieng-viet-va-van-hoa-viet-nam,D14,Điểm học bạ,2022,6.0,Tiếng Việt và Văn hóa Việt Nam
120930,NTT,tieng-viet-va-van-hoa-viet-nam,D15,Điểm học bạ,2022,6.0,Tiếng Việt và Văn hóa Việt Nam
120931,NTT,tieng-viet-va-van-hoa-viet-nam,C00,Điểm thi THPT,2022,15.0,Tiếng Việt và Văn hóa Việt Nam
120932,NTT,tieng-viet-va-van-hoa-viet-nam,D01,Điểm thi THPT,2022,15.0,Tiếng Việt và Văn hóa Việt Nam
120933,NTT,tieng-viet-va-van-hoa-viet-nam,D14,Điểm thi THPT,2022,15.0,Tiếng Việt và Văn hóa Việt Nam
120934,NTT,tieng-viet-va-van-hoa-viet-nam,D15,Điểm thi THPT,2022,15.0,Tiếng Việt và Văn hóa Việt Nam
120935,NTT,tieng-viet-va-van-hoa-viet-nam,C00,Điểm học bạ,2023,6.0,Tiếng Việt và Văn hóa Việt Nam
120936,NTT,tieng-viet-va-van-hoa-viet-nam,D01,Điểm học bạ,2023,6.0,Tiếng Việt và Văn hóa Việt Nam
120937,NTT,tieng-viet-va-van-hoa-viet-nam,D14,Điểm học bạ,2023,6.0,Tiếng Việt và Văn hóa Việt Nam
120938,NTT,tieng-viet-va-van-hoa-viet-nam,D15,Điểm học bạ,2023,6.0,Tiếng Việt và Văn hóa Việt Nam
120939,NTT,tieng-viet-va-van-hoa-viet-nam,C00,Điểm thi THPT,2023,15.0,Tiếng Việt và Văn hóa Việt Nam
120940,NTT,tieng-viet-va-van-hoa-viet-nam,D01,Điểm thi THPT,2023,15.0,Tiếng Việt và Văn hóa Việt Nam
120941,NTT,tieng-viet-va-van-hoa-viet-nam,D14,Điểm thi THPT,2023,15.0,Tiếng Việt và Văn hóa Việt Nam
120942,NTT,tieng-viet-va-van-hoa-viet-nam,D15,Điểm thi THPT,2023,15.0,Tiếng Việt và Văn hóa Việt Nam
120943,NTT,tri-tue-nhan-tao,A00,Điểm thi THPT,2024,15.0,Trí tuệ nhân tạo
120944,NTT,tri-tue-nhan-tao,A01,Điểm thi THPT,2024,15.0,Trí tuệ nhân tạo
120945,NTT,tri-tue-nhan-tao,D01,Điểm thi THPT,2024,15.0,Trí tuệ nhân tạo
120946,NTT,tri-tue-nhan-tao,D07,Điểm thi THPT,2024,15.0,Trí tuệ nhân tạo
120947,NTT,tri-tue-nhan-tao,A00,Điểm học bạ,2025,18.0,Trí tuệ nhân tạo
120948,NTT,tri-tue-nhan-tao,A01,Điểm học bạ,2025,18.0,Trí tuệ nhân tạo
120949,NTT,tri-tue-nhan-tao,D01,Điểm học bạ,2025,18.0,Trí tuệ nhân tạo
120950,NTT,tri-tue-nhan-tao,X02,Điểm học bạ,2025,18.0,Trí tuệ nhân tạo
120951,NTT,tri-tue-nhan-tao,A00,Điểm thi THPT,2025,15.0,Trí tuệ nhân tạo
120952,NTT,tri-tue-nhan-tao,A01,Điểm thi THPT,2025,15.0,Trí tuệ nhân tạo
120953,NTT,tri-tue-nhan-tao,D01,Điểm thi THPT,2025,15.0,Trí tuệ nhân tạo
120954,NTT,tri-tue-nhan-tao,X02,Điểm thi THPT,2025,15.0,Trí tuệ nhân tạo
120955,NTT,truyen-thong-da-phuong-tien,C00,Điểm học bạ,2021,6.0,Truyền thông đa phương tiện
120956,NTT,truyen-thong-da-phuong-tien,D01,Điểm học bạ,2021,6.0,Truyền thông đa phương tiện
120957,NTT,truyen-thong-da-phuong-tien,D14,Điểm học bạ,2021,6.0,Truyền thông đa phương tiện
120958,NTT,truyen-thong-da-phuong-tien,D15,Điểm học bạ,2021,6.0,Truyền thông đa phương tiện
120959,NTT,truyen-thong-da-phuong-tien,C00,Điểm thi THPT,2021,15.0,Truyền thông đa phương tiện
120960,NTT,truyen-thong-da-phuong-tien,D01,Điểm thi THPT,2021,15.0,Truyền thông đa phương tiện
120961,NTT,truyen-thong-da-phuong-tien,D14,Điểm thi THPT,2021,15.0,Truyền thông đa phương tiện
120962,NTT,truyen-thong-da-phuong-tien,D15,Điểm thi THPT,2021,15.0,Truyền thông đa phương tiện
120963,NTT,truyen-thong-da-phuong-tien,C00,Điểm học bạ,2022,6.0,Truyền thông đa phương tiện
120964,NTT,truyen-thong-da-phuong-tien,D01,Điểm học bạ,2022,6.0,Truyền thông đa phương tiện
120965,NTT,truyen-thong-da-phuong-tien,D14,Điểm học bạ,2022,6.0,Truyền thông đa phương tiện
120966,NTT,truyen-thong-da-phuong-tien,D15,Điểm học bạ,2022,6.0,Truyền thông đa phương tiện
120967,NTT,truyen-thong-da-phuong-tien,C00,Điểm thi THPT,2022,18.0,Truyền thông đa phương tiện
120968,NTT,truyen-thong-da-phuong-tien,D01,Điểm thi THPT,2022,18.0,Truyền thông đa phương tiện
120969,NTT,truyen-thong-da-phuong-tien,D14,Điểm thi THPT,2022,18.0,Truyền thông đa phương tiện
120970,NTT,truyen-thong-da-phuong-tien,D15,Điểm thi THPT,2022,18.0,Truyền thông đa phương tiện
120971,NTT,truyen-thong-da-phuong-tien,A01,Điểm học bạ,2023,6.0,Truyền thông đa phương tiện
120972,NTT,truyen-thong-da-phuong-tien,C00,Điểm học bạ,2023,6.0,Truyền thông đa phương tiện
120973,NTT,truyen-thong-da-phuong-tien,D01,Điểm học bạ,2023,6.0,Truyền thông đa phương tiện
120974,NTT,truyen-thong-da-phuong-tien,D15,Điểm học bạ,2023,6.0,Truyền thông đa phương tiện
120975,NTT,truyen-thong-da-phuong-tien,A01,Điểm thi THPT,2023,15.0,Truyền thông đa phương tiện
120976,NTT,truyen-thong-da-phuong-tien,C00,Điểm thi THPT,2023,15.0,Truyền thông đa phương tiện
120977,NTT,truyen-thong-da-phuong-tien,D01,Điểm thi THPT,2023,15.0,Truyền thông đa phương tiện
120978,NTT,truyen-thong-da-phuong-tien,D15,Điểm thi THPT,2023,15.0,Truyền thông đa phương tiện
120979,NTT,truyen-thong-da-phuong-tien,A01,Điểm thi THPT,2024,15.0,Truyền thông đa phương tiện
120980,NTT,truyen-thong-da-phuong-tien,C00,Điểm thi THPT,2024,15.0,Truyền thông đa phương tiện
120981,NTT,truyen-thong-da-phuong-tien,D01,Điểm thi THPT,2024,15.0,Truyền thông đa phương tiện
120982,NTT,truyen-thong-da-phuong-tien,D15,Điểm thi THPT,2024,15.0,Truyền thông đa phương tiện
120983,NTT,truyen-thong-da-phuong-tien,A01,Điểm học bạ,2025,18.0,Truyền thông đa phương tiện
120984,NTT,truyen-thong-da-phuong-tien,C00,Điểm học bạ,2025,18.0,Truyền thông đa phương tiện
120985,NTT,truyen-thong-da-phuong-tien,D01,Điểm học bạ,2025,18.0,Truyền thông đa phương tiện
120986,NTT,truyen-thong-da-phuong-tien,D15,Điểm học bạ,2025,18.0,Truyền thông đa phương tiện
120987,NTT,truyen-thong-da-phuong-tien,A01,Điểm thi THPT,2025,15.0,Truyền thông đa phương tiện
120988,NTT,truyen-thong-da-phuong-tien,C00,Điểm thi THPT,2025,15.0,Truyền thông đa phương tiện
120989,NTT,truyen-thong-da-phuong-tien,D01,Điểm thi THPT,2025,15.0,Truyền thông đa phương tiện
120990,NTT,truyen-thong-da-phuong-tien,D15,Điểm thi THPT,2025,15.0,Truyền thông đa phương tiện
120991,NTT,vat-ly-y-khoa,A00,Điểm học bạ,2021,6.0,Vật lý y khoa
120992,NTT,vat-ly-y-khoa,A01,Điểm học bạ,2021,6.0,Vật lý y khoa
120993,NTT,vat-ly-y-khoa,A02,Điểm học bạ,2021,6.0,Vật lý y khoa
120994,NTT,vat-ly-y-khoa,B00,Điểm học bạ,2021,6.0,Vật lý y khoa
120995,NTT,vat-ly-y-khoa,A00,Điểm thi THPT,2021,15.0,Vật lý y khoa
120996,NTT,vat-ly-y-khoa,A01,Điểm thi THPT,2021,15.0,Vật lý y khoa
120997,NTT,vat-ly-y-khoa,A02,Điểm thi THPT,2021,15.0,Vật lý y khoa
120998,NTT,vat-ly-y-khoa,B00,Điểm thi THPT,2021,15.0,Vật lý y khoa
120999,NTT,vat-ly-y-khoa,A00,Điểm học bạ,2022,6.0,Vật lý y khoa
121000,NTT,vat-ly-y-khoa,A01,Điểm học bạ,2022,6.0,Vật lý y khoa
121001,NTT,vat-ly-y-khoa,A02,Điểm học bạ,2022,6.0,Vật lý y khoa
121002,NTT,vat-ly-y-khoa,B00,Điểm học bạ,2022,6.0,Vật lý y khoa
121003,NTT,vat-ly-y-khoa,A00,Điểm thi THPT,2022,15.0,Vật lý y khoa
121004,NTT,vat-ly-y-khoa,A01,Điểm thi THPT,2022,15.0,Vật lý y khoa
121005,NTT,vat-ly-y-khoa,A02,Điểm thi THPT,2022,15.0,Vật lý y khoa
121006,NTT,vat-ly-y-khoa,B00,Điểm thi THPT,2022,15.0,Vật lý y khoa
121007,NTT,vat-ly-y-khoa,A00,Điểm học bạ,2023,6.0,Vật lý y khoa
121008,NTT,vat-ly-y-khoa,A01,Điểm học bạ,2023,6.0,Vật lý y khoa
121009,NTT,vat-ly-y-khoa,A02,Điểm học bạ,2023,6.0,Vật lý y khoa
121010,NTT,vat-ly-y-khoa,B00,Điểm học bạ,2023,6.0,Vật lý y khoa
121011,NTT,vat-ly-y-khoa,A00,Điểm thi THPT,2023,15.0,Vật lý y khoa
121012,NTT,vat-ly-y-khoa,A01,Điểm thi THPT,2023,15.0,Vật lý y khoa
121013,NTT,vat-ly-y-khoa,A02,Điểm thi THPT,2023,15.0,Vật lý y khoa
121014,NTT,vat-ly-y-khoa,B00,Điểm thi THPT,2023,15.0,Vật lý y khoa
121015,NTT,vat-ly-y-khoa,A00,Điểm thi THPT,2024,15.0,Vật lý y khoa
121016,NTT,vat-ly-y-khoa,A01,Điểm thi THPT,2024,15.0,Vật lý y khoa
121017,NTT,vat-ly-y-khoa,A02,Điểm thi THPT,2024,15.0,Vật lý y khoa
121018,NTT,vat-ly-y-khoa,B00,Điểm thi THPT,2024,15.0,Vật lý y khoa
121019,NTT,vat-ly-y-khoa,A00,Điểm học bạ,2025,18.0,Vật lý y khoa
121020,NTT,vat-ly-y-khoa,A01,Điểm học bạ,2025,18.0,Vật lý y khoa
121021,NTT,vat-ly-y-khoa,A02,Điểm học bạ,2025,18.0,Vật lý y khoa
121022,NTT,vat-ly-y-khoa,B00,Điểm học bạ,2025,18.0,Vật lý y khoa
121023,NTT,vat-ly-y-khoa,A00,Điểm thi THPT,2025,15.0,Vật lý y khoa
121024,NTT,vat-ly-y-khoa,A01,Điểm thi THPT,2025,15.0,Vật lý y khoa
121025,NTT,vat-ly-y-khoa,A02,Điểm thi THPT,2025,15.0,Vật lý y khoa
121026,NTT,vat-ly-y-khoa,B00,Điểm thi THPT,2025,15.0,Vật lý y khoa
121027,NTT,viet-nam-hoc,C00,Điểm học bạ,2021,6.0,Việt Nam học
121028,NTT,viet-nam-hoc,D01,Điểm học bạ,2021,6.0,Việt Nam học
121029,NTT,viet-nam-hoc,D14,Điểm học bạ,2021,6.0,Việt Nam học
121030,NTT,viet-nam-hoc,D15,Điểm học bạ,2021,6.0,Việt Nam học
121031,NTT,viet-nam-hoc,C00,Điểm thi THPT,2021,15.0,Việt Nam học
121032,NTT,viet-nam-hoc,D01,Điểm thi THPT,2021,15.0,Việt Nam học
121033,NTT,viet-nam-hoc,D14,Điểm thi THPT,2021,15.0,Việt Nam học
121034,NTT,viet-nam-hoc,D15,Điểm thi THPT,2021,15.0,Việt Nam học
121035,NTT,viet-nam-hoc,C00,Điểm học bạ,2022,6.0,Việt Nam học
121036,NTT,viet-nam-hoc,D01,Điểm học bạ,2022,6.0,Việt Nam học
121037,NTT,viet-nam-hoc,D14,Điểm học bạ,2022,6.0,Việt Nam học
121038,NTT,viet-nam-hoc,D15,Điểm học bạ,2022,6.0,Việt Nam học
121039,NTT,viet-nam-hoc,C00,Điểm thi THPT,2022,15.0,Việt Nam học
121040,NTT,viet-nam-hoc,D01,Điểm thi THPT,2022,15.0,Việt Nam học
121041,NTT,viet-nam-hoc,D14,Điểm thi THPT,2022,15.0,Việt Nam học
121042,NTT,viet-nam-hoc,D15,Điểm thi THPT,2022,15.0,Việt Nam học
121043,NTT,viet-nam-hoc,C00,Điểm học bạ,2023,6.0,Việt Nam học
121044,NTT,viet-nam-hoc,D01,Điểm học bạ,2023,6.0,Việt Nam học
121045,NTT,viet-nam-hoc,D14,Điểm học bạ,2023,6.0,Việt Nam học
121046,NTT,viet-nam-hoc,D15,Điểm học bạ,2023,6.0,Việt Nam học
121047,NTT,viet-nam-hoc,C00,Điểm thi THPT,2023,15.0,Việt Nam học
121048,NTT,viet-nam-hoc,D01,Điểm thi THPT,2023,15.0,Việt Nam học
121049,NTT,viet-nam-hoc,D14,Điểm thi THPT,2023,15.0,Việt Nam học
121050,NTT,viet-nam-hoc,D15,Điểm thi THPT,2023,15.0,Việt Nam học
121051,NTT,viet-nam-hoc,C00,Điểm thi THPT,2024,15.0,Việt Nam học
121052,NTT,viet-nam-hoc,D01,Điểm thi THPT,2024,15.0,Việt Nam học
121053,NTT,viet-nam-hoc,D14,Điểm thi THPT,2024,15.0,Việt Nam học
121054,NTT,viet-nam-hoc,D15,Điểm thi THPT,2024,15.0,Việt Nam học
121055,NTT,y-hoc-co-truyen,A00,Điểm thi THPT,2024,21.0,Y học cổ truyền
121056,NTT,y-hoc-co-truyen,A01,Điểm thi THPT,2024,21.0,Y học cổ truyền
121057,NTT,y-hoc-co-truyen,B00,Điểm thi THPT,2024,21.0,Y học cổ truyền
121058,NTT,y-hoc-co-truyen,D07,Điểm thi THPT,2024,21.0,Y học cổ truyền
121059,NTT,y-hoc-co-truyen,A00,Điểm học bạ,2025,21.0,Y học cổ truyền
121060,NTT,y-hoc-co-truyen,A01,Điểm học bạ,2025,21.0,Y học cổ truyền
121061,NTT,y-hoc-co-truyen,B00,Điểm học bạ,2025,21.0,Y học cổ truyền
121062,NTT,y-hoc-co-truyen,D07,Điểm học bạ,2025,21.0,Y học cổ truyền
121063,NTT,y-hoc-co-truyen,A00,Điểm thi THPT,2025,19.0,Y học cổ truyền
121064,NTT,y-hoc-co-truyen,A01,Điểm thi THPT,2025,19.0,Y học cổ truyền
121065,NTT,y-hoc-co-truyen,B00,Điểm thi THPT,2025,19.0,Y học cổ truyền
121066,NTT,y-hoc-co-truyen,D07,Điểm thi THPT,2025,19.0,Y học cổ truyền
121067,NTT,y-hoc-du-phong,B00,Điểm học bạ,2021,6.5,Y học dự phòng
121068,NTT,y-hoc-du-phong,B00,Điểm thi THPT,2021,19.0,Y học dự phòng
121069,NTT,y-hoc-du-phong,B00,Điểm học bạ,2022,6.5,Y học dự phòng
121070,NTT,y-hoc-du-phong,B00,Điểm thi THPT,2022,19.0,Y học dự phòng
121071,NTT,y-hoc-du-phong,B00,Điểm học bạ,2023,6.5,Y học dự phòng
121072,NTT,y-hoc-du-phong,B00,Điểm thi THPT,2023,19.0,Y học dự phòng
121073,NTT,y-hoc-du-phong,B00,Điểm thi THPT,2024,19.0,Y học dự phòng
121074,NTT,y-hoc-du-phong,B00,Điểm học bạ,2025,19.0,Y học dự phòng
121075,NTT,y-hoc-du-phong,B08,Điểm học bạ,2025,19.0,Y học dự phòng
121076,NTT,y-hoc-du-phong,D07,Điểm học bạ,2025,19.0,Y học dự phòng
121077,NTT,y-hoc-du-phong,B00,Điểm thi THPT,2025,17.0,Y học dự phòng
121078,NTT,y-hoc-du-phong,B08,Điểm thi THPT,2025,17.0,Y học dự phòng
121079,NTT,y-hoc-du-phong,D07,Điểm thi THPT,2025,17.0,Y học dự phòng
121080,NTT,y-khoa,B00,Điểm học bạ,2021,8.3,Y khoa
121081,NTT,y-khoa,B00,Điểm thi THPT,2021,24.5,Y khoa
121082,NTT,y-khoa,B00,Điểm học bạ,2022,8.4,Y khoa
121083,NTT,y-khoa,B00,Điểm thi THPT,2022,25.0,Y khoa
121084,NTT,y-khoa,B00,Điểm học bạ,2023,8.3,Y khoa
121085,NTT,y-khoa,B00,Điểm thi THPT,2023,23.0,Y khoa
121086,NTT,y-khoa,B00,Điểm thi THPT,2024,23.0,Y khoa
121087,NTT,y-khoa,B00,Điểm học bạ,2025,23.0,Y khoa
121088,NTT,y-khoa,B08,Điểm học bạ,2025,23.0,Y khoa
121089,NTT,y-khoa,D07,Điểm học bạ,2025,23.0,Y khoa
121090,NTT,y-khoa,B00,Điểm thi THPT,2025,20.5,Y khoa
121091,NTT,y-khoa,B08,Điểm thi THPT,2025,20.5,Y khoa
121092,NTT,y-khoa,D07,Điểm thi THPT,2025,20.5,Y khoa
121093,NTU,cong-nghe-ky-thuat-cong-trinh-xay-dung,A00,Điểm thi THPT,2021,18.0,Công nghệ kỹ thuật công trình xây dựng
121094,NTU,cong-nghe-ky-thuat-cong-trinh-xay-dung,A07,Điểm thi THPT,2021,18.0,Công nghệ kỹ thuật công trình xây dựng
121095,NTU,cong-nghe-ky-thuat-cong-trinh-xay-dung,C01,Điểm thi THPT,2021,18.0,Công nghệ kỹ thuật công trình xây dựng
121096,NTU,cong-nghe-ky-thuat-cong-trinh-xay-dung,C04,Điểm thi THPT,2021,18.0,Công nghệ kỹ thuật công trình xây dựng
121097,NTU,cong-nghe-thong-tin,A00,Điểm thi THPT,2021,19.5,Công nghệ thông tin
121098,NTU,cong-nghe-thong-tin,A01,Điểm thi THPT,2021,19.5,Công nghệ thông tin
121099,NTU,cong-nghe-thong-tin,C04,Điểm thi THPT,2021,19.5,Công nghệ thông tin
121100,NTU,cong-nghe-thong-tin,D01,Điểm thi THPT,2021,19.5,Công nghệ thông tin
121101,NTU,cong-nghe-thong-tin,A00,Điểm học bạ,2022,18.0,Công nghệ thông tin
121102,NTU,cong-nghe-thong-tin,A01,Điểm học bạ,2022,18.0,Công nghệ thông tin
121103,NTU,cong-nghe-thong-tin,C04,Điểm học bạ,2022,18.0,Công nghệ thông tin
121104,NTU,cong-nghe-thong-tin,D01,Điểm học bạ,2022,18.0,Công nghệ thông tin
121105,NTU,cong-nghe-thong-tin,A00,Điểm thi THPT,2022,16.0,Công nghệ thông tin
121106,NTU,cong-nghe-thong-tin,A01,Điểm thi THPT,2022,16.0,Công nghệ thông tin
121107,NTU,cong-nghe-thong-tin,C04,Điểm thi THPT,2022,16.0,Công nghệ thông tin
121108,NTU,cong-nghe-thong-tin,D01,Điểm thi THPT,2022,16.0,Công nghệ thông tin
121109,NTU,cong-nghe-thong-tin,A00,Điểm học bạ,2023,18.0,Công nghệ thông tin
121110,NTU,cong-nghe-thong-tin,A01,Điểm học bạ,2023,18.0,Công nghệ thông tin
121111,NTU,cong-nghe-thong-tin,C04,Điểm học bạ,2023,18.0,Công nghệ thông tin
121112,NTU,cong-nghe-thong-tin,D01,Điểm học bạ,2023,18.0,Công nghệ thông tin
121113,NTU,cong-nghe-thong-tin,A00,Điểm thi THPT,2023,22.0,Công nghệ thông tin
121114,NTU,cong-nghe-thong-tin,A01,Điểm thi THPT,2023,22.0,Công nghệ thông tin
121115,NTU,cong-nghe-thong-tin,C04,Điểm thi THPT,2023,22.0,Công nghệ thông tin
121116,NTU,cong-nghe-thong-tin,D01,Điểm thi THPT,2023,22.0,Công nghệ thông tin
121117,NTU,cong-nghe-thong-tin,A00,Điểm học bạ,2024,18.0,Công nghệ thông tin
121118,NTU,cong-nghe-thong-tin,A01,Điểm học bạ,2024,18.0,Công nghệ thông tin
121119,NTU,cong-nghe-thong-tin,C04,Điểm học bạ,2024,18.0,Công nghệ thông tin
121120,NTU,cong-nghe-thong-tin,D01,Điểm học bạ,2024,18.0,Công nghệ thông tin
121121,NTU,cong-nghe-thong-tin,A00,Điểm thi THPT,2024,18.0,Công nghệ thông tin
121122,NTU,cong-nghe-thong-tin,A01,Điểm thi THPT,2024,18.0,Công nghệ thông tin
121123,NTU,cong-nghe-thong-tin,C04,Điểm thi THPT,2024,18.0,Công nghệ thông tin
121124,NTU,cong-nghe-thong-tin,D01,Điểm thi THPT,2024,18.0,Công nghệ thông tin
121125,NTU,cong-nghe-thong-tin,A00,Điểm học bạ,2025,18.0,Công nghệ thông tin
121126,NTU,cong-nghe-thong-tin,A01,Điểm học bạ,2025,18.0,Công nghệ thông tin
121127,NTU,cong-nghe-thong-tin,C01,Điểm học bạ,2025,18.0,Công nghệ thông tin
121128,NTU,cong-nghe-thong-tin,D01,Điểm học bạ,2025,18.0,Công nghệ thông tin
121129,NTU,cong-nghe-thong-tin,X02,Điểm học bạ,2025,18.0,Công nghệ thông tin
121130,NTU,cong-nghe-thong-tin,X06,Điểm học bạ,2025,18.0,Công nghệ thông tin
121131,NTU,cong-nghe-thong-tin,X26,Điểm học bạ,2025,18.0,Công nghệ thông tin
121132,NTU,cong-nghe-thong-tin,X27,Điểm học bạ,2025,18.0,Công nghệ thông tin
121133,NTU,cong-nghe-thong-tin,X28,Điểm học bạ,2025,18.0,Công nghệ thông tin
121134,NTU,cong-nghe-thong-tin,X56,Điểm học bạ,2025,18.0,Công nghệ thông tin
121135,NTU,cong-nghe-thong-tin,X57,Điểm học bạ,2025,18.0,Công nghệ thông tin
121136,NTU,cong-nghe-thong-tin,A00,Điểm thi THPT,2025,15.0,Công nghệ thông tin
121137,NTU,cong-nghe-thong-tin,A01,Điểm thi THPT,2025,15.0,Công nghệ thông tin
121138,NTU,cong-nghe-thong-tin,C01,Điểm thi THPT,2025,15.0,Công nghệ thông tin
121139,NTU,cong-nghe-thong-tin,D01,Điểm thi THPT,2025,15.0,Công nghệ thông tin
121140,NTU,cong-nghe-thong-tin,X02,Điểm thi THPT,2025,15.0,Công nghệ thông tin
121141,NTU,cong-nghe-thong-tin,X06,Điểm thi THPT,2025,15.0,Công nghệ thông tin
121142,NTU,cong-nghe-thong-tin,X26,Điểm thi THPT,2025,15.0,Công nghệ thông tin
121143,NTU,cong-nghe-thong-tin,X27,Điểm thi THPT,2025,15.0,Công nghệ thông tin
121144,NTU,cong-nghe-thong-tin,X28,Điểm thi THPT,2025,15.0,Công nghệ thông tin
121145,NTU,cong-nghe-thong-tin,X56,Điểm thi THPT,2025,15.0,Công nghệ thông tin
121146,NTU,cong-nghe-thong-tin,X57,Điểm thi THPT,2025,15.0,Công nghệ thông tin
121147,NTU,ke-toan,A00,Điểm thi THPT,2021,19.75,Kế toán
121148,NTU,ke-toan,A07,Điểm thi THPT,2021,19.75,Kế toán
121149,NTU,ke-toan,C04,Điểm thi THPT,2021,19.75,Kế toán
121150,NTU,ke-toan,D01,Điểm thi THPT,2021,19.75,Kế toán
121151,NTU,ke-toan,A00,Điểm học bạ,2022,18.0,Kế toán
121152,NTU,ke-toan,A07,Điểm học bạ,2022,18.0,Kế toán
121153,NTU,ke-toan,C04,Điểm học bạ,2022,18.0,Kế toán
121154,NTU,ke-toan,D01,Điểm học bạ,2022,18.0,Kế toán
121155,NTU,ke-toan,A00,Điểm thi THPT,2022,16.0,Kế toán
121156,NTU,ke-toan,A07,Điểm thi THPT,2022,16.0,Kế toán
121157,NTU,ke-toan,C04,Điểm thi THPT,2022,16.0,Kế toán
121158,NTU,ke-toan,D01,Điểm thi THPT,2022,16.0,Kế toán
121159,NTU,ke-toan,A00,Điểm học bạ,2023,18.0,Kế toán
121160,NTU,ke-toan,A07,Điểm học bạ,2023,18.0,Kế toán
121161,NTU,ke-toan,C04,Điểm học bạ,2023,18.0,Kế toán
121162,NTU,ke-toan,D01,Điểm học bạ,2023,18.0,Kế toán
121163,NTU,ke-toan,A00,Điểm thi THPT,2023,20.0,Kế toán
121164,NTU,ke-toan,A07,Điểm thi THPT,2023,20.0,Kế toán
121165,NTU,ke-toan,C04,Điểm thi THPT,2023,20.0,Kế toán
121166,NTU,ke-toan,D01,Điểm thi THPT,2023,20.0,Kế toán
121167,NTU,ke-toan,A00,Điểm học bạ,2024,18.0,Kế toán
121168,NTU,ke-toan,A07,Điểm học bạ,2024,18.0,Kế toán
121169,NTU,ke-toan,C04,Điểm học bạ,2024,18.0,Kế toán
121170,NTU,ke-toan,D01,Điểm học bạ,2024,18.0,Kế toán
121171,NTU,ke-toan,A00,Điểm thi THPT,2024,18.0,Kế toán
121172,NTU,ke-toan,A07,Điểm thi THPT,2024,18.0,Kế toán
121173,NTU,ke-toan,C04,Điểm thi THPT,2024,18.0,Kế toán
121174,NTU,ke-toan,D01,Điểm thi THPT,2024,18.0,Kế toán
121175,NTU,ke-toan,A00,Điểm học bạ,2025,18.0,Kế toán
121176,NTU,ke-toan,A01,Điểm học bạ,2025,18.0,Kế toán
121177,NTU,ke-toan,C01,Điểm học bạ,2025,18.0,Kế toán
121178,NTU,ke-toan,C04,Điểm học bạ,2025,18.0,Kế toán
121179,NTU,ke-toan,D01,Điểm học bạ,2025,18.0,Kế toán
121180,NTU,ke-toan,D07,Điểm học bạ,2025,18.0,Kế toán
121181,NTU,ke-toan,D10,Điểm học bạ,2025,18.0,Kế toán
121182,NTU,ke-toan,X25,Điểm học bạ,2025,18.0,Kế toán
121183,NTU,ke-toan,X26,Điểm học bạ,2025,18.0,Kế toán
121184,NTU,ke-toan,A00,Điểm thi THPT,2025,15.0,Kế toán
121185,NTU,ke-toan,A01,Điểm thi THPT,2025,15.0,Kế toán
121186,NTU,ke-toan,C01,Điểm thi THPT,2025,15.0,Kế toán
121187,NTU,ke-toan,C04,Điểm thi THPT,2025,15.0,Kế toán
121188,NTU,ke-toan,D01,Điểm thi THPT,2025,15.0,Kế toán
121189,NTU,ke-toan,D07,Điểm thi THPT,2025,15.0,Kế toán
121190,NTU,ke-toan,D10,Điểm thi THPT,2025,15.0,Kế toán
121191,NTU,ke-toan,X25,Điểm thi THPT,2025,15.0,Kế toán
121192,NTU,ke-toan,X26,Điểm thi THPT,2025,15.0,Kế toán
121193,NTU,kien-truc,A00,Điểm thi THPT,2021,15.0,Kiến trúc
121194,NTU,kien-truc,A03,Điểm thi THPT,2021,15.0,Kiến trúc
121195,NTU,kien-truc,A07,Điểm thi THPT,2021,15.0,Kiến trúc
121196,NTU,kien-truc,V00,Điểm thi THPT,2021,15.0,Kiến trúc
121197,NTU,kien-truc,A00,Điểm học bạ,2022,18.0,Kiến trúc
121198,NTU,kien-truc,A07,Điểm học bạ,2022,18.0,Kiến trúc
121199,NTU,kien-truc,C02,Điểm học bạ,2022,18.0,Kiến trúc
121200,NTU,kien-truc,C04,Điểm học bạ,2022,18.0,Kiến trúc
121201,NTU,kien-truc,A00,Điểm thi THPT,2022,16.0,Kiến trúc
121202,NTU,kien-truc,A07,Điểm thi THPT,2022,16.0,Kiến trúc
121203,NTU,kien-truc,C02,Điểm thi THPT,2022,16.0,Kiến trúc
121204,NTU,kien-truc,C04,Điểm thi THPT,2022,16.0,Kiến trúc
121205,NTU,kien-truc,A00,Điểm học bạ,2023,18.0,Kiến trúc
121206,NTU,kien-truc,A07,Điểm học bạ,2023,18.0,Kiến trúc
121207,NTU,kien-truc,C02,Điểm học bạ,2023,18.0,Kiến trúc
121208,NTU,kien-truc,C04,Điểm học bạ,2023,18.0,Kiến trúc
121209,NTU,kien-truc,A00,Điểm thi THPT,2023,20.0,Kiến trúc
121210,NTU,kien-truc,A07,Điểm thi THPT,2023,20.0,Kiến trúc
121211,NTU,kien-truc,C02,Điểm thi THPT,2023,20.0,Kiến trúc
121212,NTU,kien-truc,C04,Điểm thi THPT,2023,20.0,Kiến trúc
121213,NTU,kien-truc,A07,Điểm học bạ,2024,18.0,Kiến trúc
121214,NTU,kien-truc,C03,Điểm học bạ,2024,18.0,Kiến trúc
121215,NTU,kien-truc,C04,Điểm học bạ,2024,18.0,Kiến trúc
121216,NTU,kien-truc,V00,Điểm học bạ,2024,18.0,Kiến trúc
121217,NTU,kien-truc,A07,Điểm thi THPT,2024,18.0,Kiến trúc
121218,NTU,kien-truc,C03,Điểm thi THPT,2024,18.0,Kiến trúc
121219,NTU,kien-truc,C04,Điểm thi THPT,2024,18.0,Kiến trúc
121220,NTU,kien-truc,V00,Điểm thi THPT,2024,18.0,Kiến trúc
121221,NTU,kien-truc,A00,Điểm học bạ,2025,18.0,Kiến trúc
121222,NTU,kien-truc,A07,Điểm học bạ,2025,18.0,Kiến trúc
121223,NTU,kien-truc,C04,Điểm học bạ,2025,18.0,Kiến trúc
121224,NTU,kien-truc,A00,Điểm thi THPT,2025,15.0,Kiến trúc
121225,NTU,kien-truc,A07,Điểm thi THPT,2025,15.0,Kiến trúc
121226,NTU,kien-truc,C04,Điểm thi THPT,2025,15.0,Kiến trúc
121227,NTU,ky-thuat-moi-truong,B00,Điểm thi THPT,2021,18.0,Kỹ thuật môi trường
121228,NTU,ky-thuat-moi-truong,B01,Điểm thi THPT,2021,18.0,Kỹ thuật môi trường
121229,NTU,ky-thuat-moi-truong,B02,Điểm thi THPT,2021,18.0,Kỹ thuật môi trường
121230,NTU,ky-thuat-moi-truong,B03,Điểm thi THPT,2021,18.0,Kỹ thuật môi trường
121231,NTU,ngon-ngu-han-quoc,A01,Điểm học bạ,2024,18.0,Ngôn ngữ Hàn Quốc
121232,NTU,ngon-ngu-han-quoc,C04,Điểm học bạ,2024,18.0,Ngôn ngữ Hàn Quốc
121233,NTU,ngon-ngu-han-quoc,D01,Điểm học bạ,2024,18.0,Ngôn ngữ Hàn Quốc
121234,NTU,ngon-ngu-han-quoc,A01,Điểm thi THPT,2024,18.0,Ngôn ngữ Hàn Quốc
121235,NTU,ngon-ngu-han-quoc,C04,Điểm thi THPT,2024,18.0,Ngôn ngữ Hàn Quốc
121236,NTU,ngon-ngu-han-quoc,D01,Điểm thi THPT,2024,18.0,Ngôn ngữ Hàn Quốc
121237,NTU,ngon-ngu-han-quoc,C00,Điểm học bạ,2025,18.0,Ngôn ngữ Hàn Quốc
121238,NTU,ngon-ngu-han-quoc,C03,Điểm học bạ,2025,18.0,Ngôn ngữ Hàn Quốc
121239,NTU,ngon-ngu-han-quoc,C04,Điểm học bạ,2025,18.0,Ngôn ngữ Hàn Quốc
121240,NTU,ngon-ngu-han-quoc,D01,Điểm học bạ,2025,18.0,Ngôn ngữ Hàn Quốc
121241,NTU,ngon-ngu-han-quoc,D09,Điểm học bạ,2025,18.0,Ngôn ngữ Hàn Quốc
121242,NTU,ngon-ngu-han-quoc,D14,Điểm học bạ,2025,18.0,Ngôn ngữ Hàn Quốc
121243,NTU,ngon-ngu-han-quoc,D15,Điểm học bạ,2025,18.0,Ngôn ngữ Hàn Quốc
121244,NTU,ngon-ngu-han-quoc,D66,Điểm học bạ,2025,18.0,Ngôn ngữ Hàn Quốc
121245,NTU,ngon-ngu-han-quoc,X78,Điểm học bạ,2025,18.0,Ngôn ngữ Hàn Quốc
121246,NTU,ngon-ngu-han-quoc,C00,Điểm thi THPT,2025,15.0,Ngôn ngữ Hàn Quốc
121247,NTU,ngon-ngu-han-quoc,C03,Điểm thi THPT,2025,15.0,Ngôn ngữ Hàn Quốc
121248,NTU,ngon-ngu-han-quoc,C04,Điểm thi THPT,2025,15.0,Ngôn ngữ Hàn Quốc
121249,NTU,ngon-ngu-han-quoc,D01,Điểm thi THPT,2025,15.0,Ngôn ngữ Hàn Quốc
121250,NTU,ngon-ngu-han-quoc,D09,Điểm thi THPT,2025,15.0,Ngôn ngữ Hàn Quốc
121251,NTU,ngon-ngu-han-quoc,D14,Điểm thi THPT,2025,15.0,Ngôn ngữ Hàn Quốc
121252,NTU,ngon-ngu-han-quoc,D15,Điểm thi THPT,2025,15.0,Ngôn ngữ Hàn Quốc
121253,NTU,ngon-ngu-han-quoc,D66,Điểm thi THPT,2025,15.0,Ngôn ngữ Hàn Quốc
121254,NTU,ngon-ngu-han-quoc,X78,Điểm thi THPT,2025,15.0,Ngôn ngữ Hàn Quốc
121255,NTU,ngon-ngu-nhat,A01,Điểm thi THPT,2021,18.0,Ngôn ngữ Nhật
121256,NTU,ngon-ngu-nhat,C00,Điểm thi THPT,2021,18.0,Ngôn ngữ Nhật
121257,NTU,ngon-ngu-nhat,D01,Điểm thi THPT,2021,18.0,Ngôn ngữ Nhật
121258,NTU,ngon-ngu-nhat,D63,Điểm thi THPT,2021,18.0,Ngôn ngữ Nhật
121259,NTU,ngon-ngu-nhat,A01,Điểm học bạ,2022,18.0,Ngôn ngữ Nhật
121260,NTU,ngon-ngu-nhat,C00,Điểm học bạ,2022,18.0,Ngôn ngữ Nhật
121261,NTU,ngon-ngu-nhat,D01,Điểm học bạ,2022,18.0,Ngôn ngữ Nhật
121262,NTU,ngon-ngu-nhat,D63,Điểm học bạ,2022,18.0,Ngôn ngữ Nhật
121263,NTU,ngon-ngu-nhat,A01,Điểm thi THPT,2022,16.0,Ngôn ngữ Nhật
121264,NTU,ngon-ngu-nhat,C00,Điểm thi THPT,2022,16.0,Ngôn ngữ Nhật
121265,NTU,ngon-ngu-nhat,D01,Điểm thi THPT,2022,16.0,Ngôn ngữ Nhật
121266,NTU,ngon-ngu-nhat,D63,Điểm thi THPT,2022,16.0,Ngôn ngữ Nhật
121267,NTU,ngon-ngu-nhat,A01,Điểm học bạ,2023,18.0,Ngôn ngữ Nhật
121268,NTU,ngon-ngu-nhat,C00,Điểm học bạ,2023,18.0,Ngôn ngữ Nhật
121269,NTU,ngon-ngu-nhat,D01,Điểm học bạ,2023,18.0,Ngôn ngữ Nhật
121270,NTU,ngon-ngu-nhat,D63,Điểm học bạ,2023,18.0,Ngôn ngữ Nhật
121271,NTU,ngon-ngu-nhat,A01,Điểm thi THPT,2023,20.0,Ngôn ngữ Nhật
121272,NTU,ngon-ngu-nhat,C00,Điểm thi THPT,2023,20.0,Ngôn ngữ Nhật
121273,NTU,ngon-ngu-nhat,D01,Điểm thi THPT,2023,20.0,Ngôn ngữ Nhật
121274,NTU,ngon-ngu-nhat,D63,Điểm thi THPT,2023,20.0,Ngôn ngữ Nhật
121275,NTU,ngon-ngu-nhat,A01,Điểm học bạ,2024,18.0,Ngôn ngữ Nhật
121276,NTU,ngon-ngu-nhat,C04,Điểm học bạ,2024,18.0,Ngôn ngữ Nhật
121277,NTU,ngon-ngu-nhat,D01,Điểm học bạ,2024,18.0,Ngôn ngữ Nhật
121278,NTU,ngon-ngu-nhat,D63,Điểm học bạ,2024,18.0,Ngôn ngữ Nhật
121279,NTU,ngon-ngu-nhat,A01,Điểm thi THPT,2024,18.0,Ngôn ngữ Nhật
121280,NTU,ngon-ngu-nhat,C04,Điểm thi THPT,2024,18.0,Ngôn ngữ Nhật
121281,NTU,ngon-ngu-nhat,D01,Điểm thi THPT,2024,18.0,Ngôn ngữ Nhật
121282,NTU,ngon-ngu-nhat,D63,Điểm thi THPT,2024,18.0,Ngôn ngữ Nhật
121283,NTU,ngon-ngu-nhat,C00,Điểm học bạ,2025,18.0,Ngôn ngữ Nhật
121284,NTU,ngon-ngu-nhat,C03,Điểm học bạ,2025,18.0,Ngôn ngữ Nhật
121285,NTU,ngon-ngu-nhat,C04,Điểm học bạ,2025,18.0,Ngôn ngữ Nhật
121286,NTU,ngon-ngu-nhat,D01,Điểm học bạ,2025,18.0,Ngôn ngữ Nhật
121287,NTU,ngon-ngu-nhat,D09,Điểm học bạ,2025,18.0,Ngôn ngữ Nhật
121288,NTU,ngon-ngu-nhat,D14,Điểm học bạ,2025,18.0,Ngôn ngữ Nhật
121289,NTU,ngon-ngu-nhat,D15,Điểm học bạ,2025,18.0,Ngôn ngữ Nhật
121290,NTU,ngon-ngu-nhat,D63,Điểm học bạ,2025,18.0,Ngôn ngữ Nhật
121291,NTU,ngon-ngu-nhat,D66,Điểm học bạ,2025,18.0,Ngôn ngữ Nhật
121292,NTU,ngon-ngu-nhat,X78,Điểm học bạ,2025,18.0,Ngôn ngữ Nhật
121293,NTU,ngon-ngu-nhat,C00,Điểm thi THPT,2025,15.0,Ngôn ngữ Nhật
121294,NTU,ngon-ngu-nhat,C03,Điểm thi THPT,2025,15.0,Ngôn ngữ Nhật
121295,NTU,ngon-ngu-nhat,C04,Điểm thi THPT,2025,15.0,Ngôn ngữ Nhật
121296,NTU,ngon-ngu-nhat,D01,Điểm thi THPT,2025,15.0,Ngôn ngữ Nhật
121297,NTU,ngon-ngu-nhat,D09,Điểm thi THPT,2025,15.0,Ngôn ngữ Nhật
121298,NTU,ngon-ngu-nhat,D14,Điểm thi THPT,2025,15.0,Ngôn ngữ Nhật
121299,NTU,ngon-ngu-nhat,D15,Điểm thi THPT,2025,15.0,Ngôn ngữ Nhật
121300,NTU,ngon-ngu-nhat,D63,Điểm thi THPT,2025,15.0,Ngôn ngữ Nhật
121301,NTU,ngon-ngu-nhat,D66,Điểm thi THPT,2025,15.0,Ngôn ngữ Nhật
121302,NTU,ngon-ngu-nhat,X78,Điểm thi THPT,2025,15.0,Ngôn ngữ Nhật
121303,NTU,quan-he-cong-chung,C00,Điểm thi THPT,2021,19.75,Quan hệ công chúng
121304,NTU,quan-he-cong-chung,C19,Điểm thi THPT,2021,19.75,Quan hệ công chúng
121305,NTU,quan-he-cong-chung,C20,Điểm thi THPT,2021,19.75,Quan hệ công chúng
121306,NTU,quan-he-cong-chung,D01,Điểm thi THPT,2021,19.75,Quan hệ công chúng
121307,NTU,quan-he-cong-chung,C00,Điểm học bạ,2022,18.0,Quan hệ công chúng
121308,NTU,quan-he-cong-chung,C01,Điểm học bạ,2022,18.0,Quan hệ công chúng
121309,NTU,quan-he-cong-chung,C14,Điểm học bạ,2022,18.0,Quan hệ công chúng
121310,NTU,quan-he-cong-chung,C19,Điểm học bạ,2022,18.0,Quan hệ công chúng
121311,NTU,quan-he-cong-chung,C00,Điểm thi THPT,2022,16.0,Quan hệ công chúng
121312,NTU,quan-he-cong-chung,C01,Điểm thi THPT,2022,16.0,Quan hệ công chúng
121313,NTU,quan-he-cong-chung,C14,Điểm thi THPT,2022,16.0,Quan hệ công chúng
121314,NTU,quan-he-cong-chung,C19,Điểm thi THPT,2022,16.0,Quan hệ công chúng
121315,NTU,quan-he-cong-chung,C00,Điểm học bạ,2023,18.0,Quan hệ công chúng
121316,NTU,quan-he-cong-chung,C14,Điểm học bạ,2023,18.0,Quan hệ công chúng
121317,NTU,quan-he-cong-chung,C19,Điểm học bạ,2023,18.0,Quan hệ công chúng
121318,NTU,quan-he-cong-chung,D01,Điểm học bạ,2023,18.0,Quan hệ công chúng
121319,NTU,quan-he-cong-chung,C00,Điểm thi THPT,2023,20.0,Quan hệ công chúng
121320,NTU,quan-he-cong-chung,C14,Điểm thi THPT,2023,20.0,Quan hệ công chúng
121321,NTU,quan-he-cong-chung,C19,Điểm thi THPT,2023,20.0,Quan hệ công chúng
121322,NTU,quan-he-cong-chung,D01,Điểm thi THPT,2023,20.0,Quan hệ công chúng
121323,NTU,quan-he-cong-chung,C00,Điểm học bạ,2024,18.0,Quan hệ công chúng
121324,NTU,quan-he-cong-chung,C14,Điểm học bạ,2024,18.0,Quan hệ công chúng
121325,NTU,quan-he-cong-chung,C19,Điểm học bạ,2024,18.0,Quan hệ công chúng
121326,NTU,quan-he-cong-chung,D01,Điểm học bạ,2024,18.0,Quan hệ công chúng
121327,NTU,quan-he-cong-chung,C00,Điểm thi THPT,2024,18.0,Quan hệ công chúng
121328,NTU,quan-he-cong-chung,C14,Điểm thi THPT,2024,18.0,Quan hệ công chúng
121329,NTU,quan-he-cong-chung,C19,Điểm thi THPT,2024,18.0,Quan hệ công chúng
121330,NTU,quan-he-cong-chung,D01,Điểm thi THPT,2024,18.0,Quan hệ công chúng
121331,NTU,quan-he-cong-chung,C00,Điểm học bạ,2025,21.24,Quan hệ công chúng
121332,NTU,quan-he-cong-chung,C01,Điểm học bạ,2025,21.24,Quan hệ công chúng
121333,NTU,quan-he-cong-chung,C03,Điểm học bạ,2025,21.24,Quan hệ công chúng
121334,NTU,quan-he-cong-chung,C04,Điểm học bạ,2025,21.24,Quan hệ công chúng
121335,NTU,quan-he-cong-chung,C14,Điểm học bạ,2025,21.24,Quan hệ công chúng
121336,NTU,quan-he-cong-chung,C19,Điểm học bạ,2025,21.24,Quan hệ công chúng
121337,NTU,quan-he-cong-chung,C20,Điểm học bạ,2025,21.24,Quan hệ công chúng
121338,NTU,quan-he-cong-chung,D01,Điểm học bạ,2025,21.24,Quan hệ công chúng
121339,NTU,quan-he-cong-chung,D15,Điểm học bạ,2025,21.24,Quan hệ công chúng
121340,NTU,quan-he-cong-chung,X70,Điểm học bạ,2025,21.24,Quan hệ công chúng
121341,NTU,quan-he-cong-chung,X74,Điểm học bạ,2025,21.24,Quan hệ công chúng
121342,NTU,quan-he-cong-chung,X78,Điểm học bạ,2025,21.24,Quan hệ công chúng
121343,NTU,quan-he-cong-chung,X79,Điểm học bạ,2025,21.24,Quan hệ công chúng
121344,NTU,quan-he-cong-chung,C00,Điểm thi THPT,2025,17.7,Quan hệ công chúng
121345,NTU,quan-he-cong-chung,C01,Điểm thi THPT,2025,17.7,Quan hệ công chúng
121346,NTU,quan-he-cong-chung,C03,Điểm thi THPT,2025,17.7,Quan hệ công chúng
121347,NTU,quan-he-cong-chung,C04,Điểm thi THPT,2025,17.7,Quan hệ công chúng
121348,NTU,quan-he-cong-chung,C14,Điểm thi THPT,2025,17.7,Quan hệ công chúng
121349,NTU,quan-he-cong-chung,C19,Điểm thi THPT,2025,17.7,Quan hệ công chúng
121350,NTU,quan-he-cong-chung,C20,Điểm thi THPT,2025,17.7,Quan hệ công chúng
121351,NTU,quan-he-cong-chung,D01,Điểm thi THPT,2025,17.7,Quan hệ công chúng
121352,NTU,quan-he-cong-chung,D15,Điểm thi THPT,2025,17.7,Quan hệ công chúng
121353,NTU,quan-he-cong-chung,X70,Điểm thi THPT,2025,17.7,Quan hệ công chúng
121354,NTU,quan-he-cong-chung,X74,Điểm thi THPT,2025,17.7,Quan hệ công chúng
121355,NTU,quan-he-cong-chung,X78,Điểm thi THPT,2025,17.7,Quan hệ công chúng
121356,NTU,quan-he-cong-chung,X79,Điểm thi THPT,2025,17.7,Quan hệ công chúng
121357,NTU,quan-tri-kinh-doanh,A00,Điểm thi THPT,2021,19.75,Quản trị kinh doanh
121358,NTU,quan-tri-kinh-doanh,A07,Điểm thi THPT,2021,19.75,Quản trị kinh doanh
121359,NTU,quan-tri-kinh-doanh,C04,Điểm thi THPT,2021,19.75,Quản trị kinh doanh
121360,NTU,quan-tri-kinh-doanh,D01,Điểm thi THPT,2021,19.75,Quản trị kinh doanh
121361,NTU,quan-tri-kinh-doanh,A00,Điểm học bạ,2023,18.0,Quản trị kinh doanh
121362,NTU,quan-tri-kinh-doanh,A07,Điểm học bạ,2023,18.0,Quản trị kinh doanh
121363,NTU,quan-tri-kinh-doanh,C04,Điểm học bạ,2023,18.0,Quản trị kinh doanh
121364,NTU,quan-tri-kinh-doanh,D01,Điểm học bạ,2023,18.0,Quản trị kinh doanh
121365,NTU,quan-tri-kinh-doanh,A00,Điểm thi THPT,2023,22.0,Quản trị kinh doanh
121366,NTU,quan-tri-kinh-doanh,A07,Điểm thi THPT,2023,22.0,Quản trị kinh doanh
121367,NTU,quan-tri-kinh-doanh,C04,Điểm thi THPT,2023,22.0,Quản trị kinh doanh
121368,NTU,quan-tri-kinh-doanh,D01,Điểm thi THPT,2023,22.0,Quản trị kinh doanh
121369,NTU,quan-tri-kinh-doanh,A00,Điểm học bạ,2024,18.0,Quản trị kinh doanh
121370,NTU,quan-tri-kinh-doanh,A07,Điểm học bạ,2024,18.0,Quản trị kinh doanh
121371,NTU,quan-tri-kinh-doanh,C04,Điểm học bạ,2024,18.0,Quản trị kinh doanh
121372,NTU,quan-tri-kinh-doanh,D01,Điểm học bạ,2024,18.0,Quản trị kinh doanh
121373,NTU,quan-tri-kinh-doanh,A00,Điểm thi THPT,2024,18.0,Quản trị kinh doanh
121374,NTU,quan-tri-kinh-doanh,A07,Điểm thi THPT,2024,18.0,Quản trị kinh doanh
121375,NTU,quan-tri-kinh-doanh,C04,Điểm thi THPT,2024,18.0,Quản trị kinh doanh
121376,NTU,quan-tri-kinh-doanh,D01,Điểm thi THPT,2024,18.0,Quản trị kinh doanh
121377,NTU,quan-tri-kinh-doanh,A00,Điểm học bạ,2025,18.0,Quản trị kinh doanh
121378,NTU,quan-tri-kinh-doanh,A01,Điểm học bạ,2025,18.0,Quản trị kinh doanh
121379,NTU,quan-tri-kinh-doanh,C01,Điểm học bạ,2025,18.0,Quản trị kinh doanh
121380,NTU,quan-tri-kinh-doanh,C04,Điểm học bạ,2025,18.0,Quản trị kinh doanh
121381,NTU,quan-tri-kinh-doanh,D01,Điểm học bạ,2025,18.0,Quản trị kinh doanh
121382,NTU,quan-tri-kinh-doanh,D07,Điểm học bạ,2025,18.0,Quản trị kinh doanh
121383,NTU,quan-tri-kinh-doanh,D10,Điểm học bạ,2025,18.0,Quản trị kinh doanh
121384,NTU,quan-tri-kinh-doanh,X25,Điểm học bạ,2025,18.0,Quản trị kinh doanh
121385,NTU,quan-tri-kinh-doanh,X26,Điểm học bạ,2025,18.0,Quản trị kinh doanh
121386,NTU,quan-tri-kinh-doanh,A00,Điểm thi THPT,2025,15.0,Quản trị kinh doanh
121387,NTU,quan-tri-kinh-doanh,A01,Điểm thi THPT,2025,15.0,Quản trị kinh doanh
121388,NTU,quan-tri-kinh-doanh,C01,Điểm thi THPT,2025,15.0,Quản trị kinh doanh
121389,NTU,quan-tri-kinh-doanh,C04,Điểm thi THPT,2025,15.0,Quản trị kinh doanh
121390,NTU,quan-tri-kinh-doanh,D01,Điểm thi THPT,2025,15.0,Quản trị kinh doanh
121391,NTU,quan-tri-kinh-doanh,D07,Điểm thi THPT,2025,15.0,Quản trị kinh doanh
121392,NTU,quan-tri-kinh-doanh,D10,Điểm thi THPT,2025,15.0,Quản trị kinh doanh
121393,NTU,quan-tri-kinh-doanh,X25,Điểm thi THPT,2025,15.0,Quản trị kinh doanh
121394,NTU,quan-tri-kinh-doanh,X26,Điểm thi THPT,2025,15.0,Quản trị kinh doanh
121395,NTU,quan-tri-kinh-doanh-quan-tri-kinh-doanh-du-lich-quan-tri-kinh-doanh-so-quan-tri-kinh-doanh-ung-dung,A00,Điểm học bạ,2022,18.0,Quản trị kinh doanh - Quản trị kinh doanh du lịch - Quản trị kinh doanh số - Quản trị kinh doanh ứng dụng
121396,NTU,quan-tri-kinh-doanh-quan-tri-kinh-doanh-du-lich-quan-tri-kinh-doanh-so-quan-tri-kinh-doanh-ung-dung,A07,Điểm học bạ,2022,18.0,Quản trị kinh doanh - Quản trị kinh doanh du lịch - Quản trị kinh doanh số - Quản trị kinh doanh ứng dụng
121397,NTU,quan-tri-kinh-doanh-quan-tri-kinh-doanh-du-lich-quan-tri-kinh-doanh-so-quan-tri-kinh-doanh-ung-dung,C04,Điểm học bạ,2022,18.0,Quản trị kinh doanh - Quản trị kinh doanh du lịch - Quản trị kinh doanh số - Quản trị kinh doanh ứng dụng
121398,NTU,quan-tri-kinh-doanh-quan-tri-kinh-doanh-du-lich-quan-tri-kinh-doanh-so-quan-tri-kinh-doanh-ung-dung,D01,Điểm học bạ,2022,18.0,Quản trị kinh doanh - Quản trị kinh doanh du lịch - Quản trị kinh doanh số - Quản trị kinh doanh ứng dụng
121399,NTU,quan-tri-kinh-doanh-quan-tri-kinh-doanh-du-lich-quan-tri-kinh-doanh-so-quan-tri-kinh-doanh-ung-dung,A00,Điểm thi THPT,2022,16.0,Quản trị kinh doanh - Quản trị kinh doanh du lịch - Quản trị kinh doanh số - Quản trị kinh doanh ứng dụng
121400,NTU,quan-tri-kinh-doanh-quan-tri-kinh-doanh-du-lich-quan-tri-kinh-doanh-so-quan-tri-kinh-doanh-ung-dung,A07,Điểm thi THPT,2022,16.0,Quản trị kinh doanh - Quản trị kinh doanh du lịch - Quản trị kinh doanh số - Quản trị kinh doanh ứng dụng
121401,NTU,quan-tri-kinh-doanh-quan-tri-kinh-doanh-du-lich-quan-tri-kinh-doanh-so-quan-tri-kinh-doanh-ung-dung,C04,Điểm thi THPT,2022,16.0,Quản trị kinh doanh - Quản trị kinh doanh du lịch - Quản trị kinh doanh số - Quản trị kinh doanh ứng dụng
121402,NTU,quan-tri-kinh-doanh-quan-tri-kinh-doanh-du-lich-quan-tri-kinh-doanh-so-quan-tri-kinh-doanh-ung-dung,D01,Điểm thi THPT,2022,16.0,Quản trị kinh doanh - Quản trị kinh doanh du lịch - Quản trị kinh doanh số - Quản trị kinh doanh ứng dụng
121403,NTU,quoc-te-hoc,A01,Điểm học bạ,2023,18.0,Quốc tế học
121404,NTU,quoc-te-hoc,C00,Điểm học bạ,2023,18.0,Quốc tế học
121405,NTU,quoc-te-hoc,C04,Điểm học bạ,2023,18.0,Quốc tế học
121406,NTU,quoc-te-hoc,D01,Điểm học bạ,2023,18.0,Quốc tế học
121407,NTU,quoc-te-hoc,A01,Điểm thi THPT,2023,22.0,Quốc tế học
121408,NTU,quoc-te-hoc,C00,Điểm thi THPT,2023,22.0,Quốc tế học
121409,NTU,quoc-te-hoc,C04,Điểm thi THPT,2023,22.0,Quốc tế học
121410,NTU,quoc-te-hoc,D01,Điểm thi THPT,2023,22.0,Quốc tế học
121411,NTU,quoc-te-hoc,A01,Điểm học bạ,2024,18.0,Quốc tế học
121412,NTU,quoc-te-hoc,C00,Điểm học bạ,2024,18.0,Quốc tế học
121413,NTU,quoc-te-hoc,C04,Điểm học bạ,2024,18.0,Quốc tế học
121414,NTU,quoc-te-hoc,D01,Điểm học bạ,2024,18.0,Quốc tế học
121415,NTU,quoc-te-hoc,A01,Điểm thi THPT,2024,18.0,Quốc tế học
121416,NTU,quoc-te-hoc,C00,Điểm thi THPT,2024,18.0,Quốc tế học
121417,NTU,quoc-te-hoc,C04,Điểm thi THPT,2024,18.0,Quốc tế học
121418,NTU,quoc-te-hoc,D01,Điểm thi THPT,2024,18.0,Quốc tế học
121419,NTU,quoc-te-hoc,C00,Điểm học bạ,2025,18.0,Quốc tế học
121420,NTU,quoc-te-hoc,C03,Điểm học bạ,2025,18.0,Quốc tế học
121421,NTU,quoc-te-hoc,C04,Điểm học bạ,2025,18.0,Quốc tế học
121422,NTU,quoc-te-hoc,D01,Điểm học bạ,2025,18.0,Quốc tế học
121423,NTU,quoc-te-hoc,D09,Điểm học bạ,2025,18.0,Quốc tế học
121424,NTU,quoc-te-hoc,D14,Điểm học bạ,2025,18.0,Quốc tế học
121425,NTU,quoc-te-hoc,D15,Điểm học bạ,2025,18.0,Quốc tế học
121426,NTU,quoc-te-hoc,D66,Điểm học bạ,2025,18.0,Quốc tế học
121427,NTU,quoc-te-hoc,X78,Điểm học bạ,2025,18.0,Quốc tế học
121428,NTU,quoc-te-hoc,C00,Điểm thi THPT,2025,15.0,Quốc tế học
121429,NTU,quoc-te-hoc,C03,Điểm thi THPT,2025,15.0,Quốc tế học
121430,NTU,quoc-te-hoc,C04,Điểm thi THPT,2025,15.0,Quốc tế học
121431,NTU,quoc-te-hoc,D01,Điểm thi THPT,2025,15.0,Quốc tế học
121432,NTU,quoc-te-hoc,D09,Điểm thi THPT,2025,15.0,Quốc tế học
121433,NTU,quoc-te-hoc,D14,Điểm thi THPT,2025,15.0,Quốc tế học
121434,NTU,quoc-te-hoc,D15,Điểm thi THPT,2025,15.0,Quốc tế học
121435,NTU,quoc-te-hoc,D66,Điểm thi THPT,2025,15.0,Quốc tế học
121436,NTU,quoc-te-hoc,X78,Điểm thi THPT,2025,15.0,Quốc tế học
121437,NTU,quoc-te-hoc-han-quoc-hoc-anh-hoc-trung-quoc-hoc-duc-hoc,A01,Điểm học bạ,2022,18.0,Quốc tế học - Hàn Quốc học - Anh học - Trung Quốc học - Đức học
121438,NTU,quoc-te-hoc-han-quoc-hoc-anh-hoc-trung-quoc-hoc-duc-hoc,C00,Điểm học bạ,2022,18.0,Quốc tế học - Hàn Quốc học - Anh học - Trung Quốc học - Đức học
121439,NTU,quoc-te-hoc-han-quoc-hoc-anh-hoc-trung-quoc-hoc-duc-hoc,C04,Điểm học bạ,2022,18.0,Quốc tế học - Hàn Quốc học - Anh học - Trung Quốc học - Đức học
121440,NTU,quoc-te-hoc-han-quoc-hoc-anh-hoc-trung-quoc-hoc-duc-hoc,D01,Điểm học bạ,2022,18.0,Quốc tế học - Hàn Quốc học - Anh học - Trung Quốc học - Đức học
121441,NTU,quoc-te-hoc-han-quoc-hoc-anh-hoc-trung-quoc-hoc-duc-hoc,A01,Điểm thi THPT,2022,16.0,Quốc tế học - Hàn Quốc học - Anh học - Trung Quốc học - Đức học
121442,NTU,quoc-te-hoc-han-quoc-hoc-anh-hoc-trung-quoc-hoc-duc-hoc,C00,Điểm thi THPT,2022,16.0,Quốc tế học - Hàn Quốc học - Anh học - Trung Quốc học - Đức học
121443,NTU,quoc-te-hoc-han-quoc-hoc-anh-hoc-trung-quoc-hoc-duc-hoc,C04,Điểm thi THPT,2022,16.0,Quốc tế học - Hàn Quốc học - Anh học - Trung Quốc học - Đức học
121444,NTU,quoc-te-hoc-han-quoc-hoc-anh-hoc-trung-quoc-hoc-duc-hoc,D01,Điểm thi THPT,2022,16.0,Quốc tế học - Hàn Quốc học - Anh học - Trung Quốc học - Đức học
121445,NTU,tai-chinh-ngan-hang,A00,Điểm thi THPT,2021,18.75,Tài chính ngân hàng
121446,NTU,tai-chinh-ngan-hang,A07,Điểm thi THPT,2021,18.75,Tài chính ngân hàng
121447,NTU,tai-chinh-ngan-hang,C04,Điểm thi THPT,2021,18.75,Tài chính ngân hàng
121448,NTU,tai-chinh-ngan-hang,D01,Điểm thi THPT,2021,18.75,Tài chính ngân hàng
121449,NTU,tai-chinh-ngan-hang,A00,Điểm học bạ,2022,18.0,Tài chính Ngân hàng
121450,NTU,tai-chinh-ngan-hang,A01,Điểm học bạ,2022,18.0,Tài chính Ngân hàng
121451,NTU,tai-chinh-ngan-hang,A07,Điểm học bạ,2022,18.0,Tài chính Ngân hàng
121452,NTU,tai-chinh-ngan-hang,C04,Điểm học bạ,2022,18.0,Tài chính Ngân hàng
121453,NTU,tai-chinh-ngan-hang,A00,Điểm thi THPT,2022,16.0,Tài chính Ngân hàng
121454,NTU,tai-chinh-ngan-hang,A01,Điểm thi THPT,2022,16.0,Tài chính Ngân hàng
121455,NTU,tai-chinh-ngan-hang,A07,Điểm thi THPT,2022,16.0,Tài chính Ngân hàng
121456,NTU,tai-chinh-ngan-hang,C04,Điểm thi THPT,2022,16.0,Tài chính Ngân hàng
121457,NTU,tai-chinh-ngan-hang,A00,Điểm học bạ,2024,18.0,Tài chính ngân hàng
121458,NTU,tai-chinh-ngan-hang,A07,Điểm học bạ,2024,18.0,Tài chính ngân hàng
121459,NTU,tai-chinh-ngan-hang,C04,Điểm học bạ,2024,18.0,Tài chính ngân hàng
121460,NTU,tai-chinh-ngan-hang,D01,Điểm học bạ,2024,18.0,Tài chính ngân hàng
121461,NTU,tai-chinh-ngan-hang,A00,Điểm thi THPT,2024,18.0,Tài chính ngân hàng
121462,NTU,tai-chinh-ngan-hang,A07,Điểm thi THPT,2024,18.0,Tài chính ngân hàng
121463,NTU,tai-chinh-ngan-hang,C04,Điểm thi THPT,2024,18.0,Tài chính ngân hàng
121464,NTU,tai-chinh-ngan-hang,D01,Điểm thi THPT,2024,18.0,Tài chính ngân hàng
121465,NTU,tai-chinh-ngan-hang,A00,Điểm học bạ,2025,18.0,Tài chính ngân hàng
121466,NTU,tai-chinh-ngan-hang,A01,Điểm học bạ,2025,18.0,Tài chính ngân hàng
121467,NTU,tai-chinh-ngan-hang,C01,Điểm học bạ,2025,18.0,Tài chính ngân hàng
121468,NTU,tai-chinh-ngan-hang,C04,Điểm học bạ,2025,18.0,Tài chính ngân hàng
121469,NTU,tai-chinh-ngan-hang,D01,Điểm học bạ,2025,18.0,Tài chính ngân hàng
121470,NTU,tai-chinh-ngan-hang,D07,Điểm học bạ,2025,18.0,Tài chính ngân hàng
121471,NTU,tai-chinh-ngan-hang,D10,Điểm học bạ,2025,18.0,Tài chính ngân hàng
121472,NTU,tai-chinh-ngan-hang,X25,Điểm học bạ,2025,18.0,Tài chính ngân hàng
121473,NTU,tai-chinh-ngan-hang,X26,Điểm học bạ,2025,18.0,Tài chính ngân hàng
121474,NTU,tai-chinh-ngan-hang,A00,Điểm thi THPT,2025,15.0,Tài chính ngân hàng
121475,NTU,tai-chinh-ngan-hang,A01,Điểm thi THPT,2025,15.0,Tài chính ngân hàng
121476,NTU,tai-chinh-ngan-hang,C01,Điểm thi THPT,2025,15.0,Tài chính ngân hàng
121477,NTU,tai-chinh-ngan-hang,C04,Điểm thi THPT,2025,15.0,Tài chính ngân hàng
121478,NTU,tai-chinh-ngan-hang,D01,Điểm thi THPT,2025,15.0,Tài chính ngân hàng
121479,NTU,tai-chinh-ngan-hang,D07,Điểm thi THPT,2025,15.0,Tài chính ngân hàng
121480,NTU,tai-chinh-ngan-hang,D10,Điểm thi THPT,2025,15.0,Tài chính ngân hàng
121481,NTU,tai-chinh-ngan-hang,X25,Điểm thi THPT,2025,15.0,Tài chính ngân hàng
121482,NTU,tai-chinh-ngan-hang,X26,Điểm thi THPT,2025,15.0,Tài chính ngân hàng
121483,NTU,thiet-ke-do-hoa,C03,Điểm thi THPT,2021,20.25,Thiết kế đồ hoạ
121484,NTU,thiet-ke-do-hoa,C04,Điểm thi THPT,2021,20.25,Thiết kế đồ hoạ
121485,NTU,thiet-ke-do-hoa,C09,Điểm thi THPT,2021,20.25,Thiết kế đồ hoạ
121486,NTU,thiet-ke-do-hoa,H00,Điểm thi THPT,2021,20.25,Thiết kế đồ hoạ
121487,NTU,thiet-ke-do-hoa,C01,Điểm học bạ,2022,18.0,Thiết kế đồ họa
121488,NTU,thiet-ke-do-hoa,C03,Điểm học bạ,2022,18.0,Thiết kế đồ họa
121489,NTU,thiet-ke-do-hoa,C04,Điểm học bạ,2022,18.0,Thiết kế đồ họa
121490,NTU,thiet-ke-do-hoa,C15,Điểm học bạ,2022,18.0,Thiết kế đồ họa
121491,NTU,thiet-ke-do-hoa,C01,Điểm thi THPT,2022,16.0,Thiết kế đồ họa
121492,NTU,thiet-ke-do-hoa,C03,Điểm thi THPT,2022,16.0,Thiết kế đồ họa
121493,NTU,thiet-ke-do-hoa,C04,Điểm thi THPT,2022,16.0,Thiết kế đồ họa
121494,NTU,thiet-ke-do-hoa,C15,Điểm thi THPT,2022,16.0,Thiết kế đồ họa
121495,NTU,thiet-ke-do-hoa,C01,Điểm học bạ,2023,18.0,Thiết kế đồ họa
121496,NTU,thiet-ke-do-hoa,C03,Điểm học bạ,2023,18.0,Thiết kế đồ họa
121497,NTU,thiet-ke-do-hoa,C04,Điểm học bạ,2023,18.0,Thiết kế đồ họa
121498,NTU,thiet-ke-do-hoa,C15,Điểm học bạ,2023,18.0,Thiết kế đồ họa
121499,NTU,thiet-ke-do-hoa,C01,Điểm thi THPT,2023,22.0,Thiết kế đồ họa
121500,NTU,thiet-ke-do-hoa,C03,Điểm thi THPT,2023,22.0,Thiết kế đồ họa
121501,NTU,thiet-ke-do-hoa,C04,Điểm thi THPT,2023,22.0,Thiết kế đồ họa
121502,NTU,thiet-ke-do-hoa,C15,Điểm thi THPT,2023,22.0,Thiết kế đồ họa
121503,NTU,thiet-ke-do-hoa,C01,Điểm học bạ,2024,18.0,Thiết kế đồ họa
121504,NTU,thiet-ke-do-hoa,C03,Điểm học bạ,2024,18.0,Thiết kế đồ họa
121505,NTU,thiet-ke-do-hoa,C04,Điểm học bạ,2024,18.0,Thiết kế đồ họa
121506,NTU,thiet-ke-do-hoa,H00,Điểm học bạ,2024,18.0,Thiết kế đồ họa
121507,NTU,thiet-ke-do-hoa,C01,Điểm thi THPT,2024,18.0,Thiết kế đồ họa
121508,NTU,thiet-ke-do-hoa,C03,Điểm thi THPT,2024,18.0,Thiết kế đồ họa
121509,NTU,thiet-ke-do-hoa,C04,Điểm thi THPT,2024,18.0,Thiết kế đồ họa
121510,NTU,thiet-ke-do-hoa,H00,Điểm thi THPT,2024,18.0,Thiết kế đồ họa
121511,NTU,thiet-ke-do-hoa,C01,Điểm học bạ,2025,18.72,Thiết kế đồ họa
121512,NTU,thiet-ke-do-hoa,C03,Điểm học bạ,2025,18.72,Thiết kế đồ họa
121513,NTU,thiet-ke-do-hoa,C04,Điểm học bạ,2025,18.72,Thiết kế đồ họa
121514,NTU,thiet-ke-do-hoa,C01,Điểm thi THPT,2025,15.6,Thiết kế đồ họa
121515,NTU,thiet-ke-do-hoa,C03,Điểm thi THPT,2025,15.6,Thiết kế đồ họa
121516,NTU,thiet-ke-do-hoa,C04,Điểm thi THPT,2025,15.6,Thiết kế đồ họa
121517,NTU,thiet-ke-noi-that,C03,Điểm thi THPT,2021,18.0,Thiết kế nội thất
121518,NTU,thiet-ke-noi-that,C04,Điểm thi THPT,2021,18.0,Thiết kế nội thất
121519,NTU,thiet-ke-noi-that,C09,Điểm thi THPT,2021,18.0,Thiết kế nội thất
121520,NTU,thiet-ke-noi-that,H00,Điểm thi THPT,2021,18.0,Thiết kế nội thất
121521,NTU,thiet-ke-noi-that,C01,Điểm học bạ,2022,18.0,Thiết kế nội thất
121522,NTU,thiet-ke-noi-that,C03,Điểm học bạ,2022,18.0,Thiết kế nội thất
121523,NTU,thiet-ke-noi-that,C04,Điểm học bạ,2022,18.0,Thiết kế nội thất
121524,NTU,thiet-ke-noi-that,C15,Điểm học bạ,2022,18.0,Thiết kế nội thất
121525,NTU,thiet-ke-noi-that,C01,Điểm thi THPT,2022,16.0,Thiết kế nội thất
121526,NTU,thiet-ke-noi-that,C03,Điểm thi THPT,2022,16.0,Thiết kế nội thất
121527,NTU,thiet-ke-noi-that,C04,Điểm thi THPT,2022,16.0,Thiết kế nội thất
121528,NTU,thiet-ke-noi-that,C15,Điểm thi THPT,2022,16.0,Thiết kế nội thất
121529,NTU,thiet-ke-noi-that,C01,Điểm học bạ,2024,18.0,Thiết kế nội thất
121530,NTU,thiet-ke-noi-that,C03,Điểm học bạ,2024,18.0,Thiết kế nội thất
121531,NTU,thiet-ke-noi-that,C04,Điểm học bạ,2024,18.0,Thiết kế nội thất
121532,NTU,thiet-ke-noi-that,H00,Điểm học bạ,2024,18.0,Thiết kế nội thất
121533,NTU,thiet-ke-noi-that,C01,Điểm thi THPT,2024,18.0,Thiết kế nội thất
121534,NTU,thiet-ke-noi-that,C03,Điểm thi THPT,2024,18.0,Thiết kế nội thất
121535,NTU,thiet-ke-noi-that,C04,Điểm thi THPT,2024,18.0,Thiết kế nội thất
121536,NTU,thiet-ke-noi-that,H00,Điểm thi THPT,2024,18.0,Thiết kế nội thất
121537,NTU,thiet-ke-noi-that,C01,Điểm học bạ,2025,18.0,Thiết kế nội thất
121538,NTU,thiet-ke-noi-that,C03,Điểm học bạ,2025,18.0,Thiết kế nội thất
121539,NTU,thiet-ke-noi-that,C04,Điểm học bạ,2025,18.0,Thiết kế nội thất
121540,NTU,thiet-ke-noi-that,C01,Điểm thi THPT,2025,15.0,Thiết kế nội thất
121541,NTU,thiet-ke-noi-that,C03,Điểm thi THPT,2025,15.0,Thiết kế nội thất
121542,NTU,thiet-ke-noi-that,C04,Điểm thi THPT,2025,15.0,Thiết kế nội thất
121543,PBH,chi-huy-tham-muu-phao-binh,A00,Điểm thi THPT,2021,25.1,Chỉ huy tham mưu Pháo binh
121544,PBH,chi-huy-tham-muu-phao-binh,A01,Điểm thi THPT,2021,25.1,Chỉ huy tham mưu Pháo binh
121545,PBH,chi-huy-tham-muu-phao-binh,A00,Điểm thi THPT,2022,21.9,Chỉ huy tham mưu Pháo binh
121546,PBH,chi-huy-tham-muu-phao-binh,A01,Điểm thi THPT,2022,21.9,Chỉ huy tham mưu Pháo binh
121547,PBH,chi-huy-tham-muu-phao-binh,A00,Điểm thi THPT,2023,22.3,Ngành Chỉ huy tham mưu Pháo binh
121548,PBH,chi-huy-tham-muu-phao-binh,A01,Điểm thi THPT,2023,22.3,Ngành Chỉ huy tham mưu Pháo binh
121549,PBH,chi-huy-tham-muu-phao-binh,A00,Điểm học bạ,2024,24.68,Chỉ huy tham mưu Pháo binh
121550,PBH,chi-huy-tham-muu-phao-binh,A01,Điểm học bạ,2024,24.68,Chỉ huy tham mưu Pháo binh
121551,PBH,chi-huy-tham-muu-phao-binh,A00,Điểm thi THPT,2024,22.25,Ngành Chỉ huy tham mưu Pháo binh
121552,PBH,chi-huy-tham-muu-phao-binh,A01,Điểm thi THPT,2024,22.25,Ngành Chỉ huy tham mưu Pháo binh
121553,PBH,chi-huy-tham-muu-phao-binh,A00,Điểm thi THPT,2025,24.4,Chỉ huy Tham mưu Pháo binh (miền Bắc)
121554,PBH,chi-huy-tham-muu-phao-binh,A01,Điểm thi THPT,2025,24.4,Chỉ huy Tham mưu Pháo binh (miền Bắc)
121555,PBH,chi-huy-tham-muu-phao-binh,C01,Điểm thi THPT,2025,24.4,Chỉ huy Tham mưu Pháo binh (miền Bắc)
121556,PCH,phong-chay-chua-chay-va-cuu-nan-cuu-ho,A00,Điểm thi THPT,2021,26.96,"Phòng cháy chữa cháy và cứu nạn, cứu hộ"
121557,PCH,phong-chay-chua-chay-va-cuu-nan-cuu-ho,A00,Điểm thi THPT,2022,20.86,"Phòng cháy chữa cháy và cứu nạn, cứu hộ"
121558,PCH,phong-chay-chua-chay-va-cuu-nan-cuu-ho,A00,Điểm thi THPT,2023,20.61,"Phòng cháy chữa cháy và cứu nạn, cứu hộ"
121559,PCH,phong-chay-chua-chay-va-cuu-nan-cuu-ho,A00,Điểm thi THPT,2024,19.89,"Phòng cháy chữa cháy và cứu nạn, cứu hộ"
121560,PCH,phong-chay-chua-chay-va-cuu-nan-cuu-ho,A00,Điểm thi THPT,2025,21.1,"Phòng cháy chữa cháy và cứu nạn, cứu hộ (Thí sinh Nam, miền Bắc)"
121561,PCH,phong-chay-chua-chay-va-cuu-nan-cuu-ho,A01,Điểm thi THPT,2025,21.1,"Phòng cháy chữa cháy và cứu nạn, cứu hộ (Thí sinh Nam, miền Bắc)"
121562,PCH,phong-chay-chua-chay-va-cuu-nan-cuu-ho,D01,Điểm thi THPT,2025,21.1,"Phòng cháy chữa cháy và cứu nạn, cứu hộ (Thí sinh Nam, miền Bắc)"
121563,PCH,phong-chay-chua-chay-va-cuu-nan-cuu-ho,D07,Điểm thi THPT,2025,21.1,"Phòng cháy chữa cháy và cứu nạn, cứu hộ (Thí sinh Nam, miền Bắc)"
121564,PCS,phong-chay-chua-chay-va-cuu-nan-cuu-ho,A00,Điểm thi THPT,2021,25.25,"Phòng cháy chữa cháy và cứu nạn, cứu hộ"
121565,PCS,phong-chay-chua-chay-va-cuu-nan-cuu-ho,A00,Điểm thi THPT,2022,17.88,"Phòng cháy chữa cháy và cứu nạn, cứu hộ"
121566,PCS,phong-chay-chua-chay-va-cuu-nan-cuu-ho,A00,Điểm thi THPT,2023,16.87,"Phòng cháy chữa cháy và cứu nạn, cứu hộ"
121567,PCS,phong-chay-chua-chay-va-cuu-nan-cuu-ho,A00,Điểm thi THPT,2024,19.89,"Phòng cháy chữa cháy và cứu nạn, cứu hộ"
121568,PCS,phong-chay-chua-chay-va-cuu-nan-cuu-ho,A00,Điểm thi THPT,2025,19.75,"Phòng cháy chữa cháy và cứu nạn, cứu hộ (Thí sinh Nam, miền Nam)"
121569,PCS,phong-chay-chua-chay-va-cuu-nan-cuu-ho,A01,Điểm thi THPT,2025,19.75,"Phòng cháy chữa cháy và cứu nạn, cứu hộ (Thí sinh Nam, miền Nam)"
121570,PCS,phong-chay-chua-chay-va-cuu-nan-cuu-ho,D01,Điểm thi THPT,2025,19.75,"Phòng cháy chữa cháy và cứu nạn, cứu hộ (Thí sinh Nam, miền Nam)"
121571,PCS,phong-chay-chua-chay-va-cuu-nan-cuu-ho,D07,Điểm thi THPT,2025,19.75,"Phòng cháy chữa cháy và cứu nạn, cứu hộ (Thí sinh Nam, miền Nam)"
121572,PKA,an-toan-thong-tin,A00,Điểm học bạ,2024,23.0,An toàn thông tin
121573,PKA,an-toan-thong-tin,A01,Điểm học bạ,2024,23.0,An toàn thông tin
121574,PKA,an-toan-thong-tin,D07,Điểm học bạ,2024,23.0,An toàn thông tin
121575,PKA,an-toan-thong-tin,A00,Điểm thi THPT,2024,21.0,An toàn thông tin
121576,PKA,an-toan-thong-tin,A01,Điểm thi THPT,2024,21.0,An toàn thông tin
121577,PKA,an-toan-thong-tin,D07,Điểm thi THPT,2024,21.0,An toàn thông tin
121578,PKA,chip-ban-dan-va-cong-nghe-dong-goi,A00,Điểm học bạ,2024,24.0,Chip bán dẫn và công nghệ đóng gói
121579,PKA,chip-ban-dan-va-cong-nghe-dong-goi,A01,Điểm học bạ,2024,24.0,Chip bán dẫn và công nghệ đóng gói
121580,PKA,chip-ban-dan-va-cong-nghe-dong-goi,B00,Điểm học bạ,2024,24.0,Chip bán dẫn và công nghệ đóng gói
121581,PKA,chip-ban-dan-va-cong-nghe-dong-goi,D07,Điểm học bạ,2024,24.0,Chip bán dẫn và công nghệ đóng gói
121582,PKA,chip-ban-dan-va-cong-nghe-dong-goi,A00,Điểm thi THPT,2024,21.0,Chip bán dẫn và công nghệ đóng gói
121583,PKA,chip-ban-dan-va-cong-nghe-dong-goi,A01,Điểm thi THPT,2024,21.0,Chip bán dẫn và công nghệ đóng gói
121584,PKA,chip-ban-dan-va-cong-nghe-dong-goi,B00,Điểm thi THPT,2024,21.0,Chip bán dẫn và công nghệ đóng gói
121585,PKA,chip-ban-dan-va-cong-nghe-dong-goi,D07,Điểm thi THPT,2024,21.0,Chip bán dẫn và công nghệ đóng gói
121586,PKA,chip-ban-dan-va-cong-nghe-dong-goi,A00,Điểm học bạ,2025,24.38,Chip bán dẫn và Công nghệ đóng gói
121587,PKA,chip-ban-dan-va-cong-nghe-dong-goi,A01,Điểm học bạ,2025,24.38,Chip bán dẫn và Công nghệ đóng gói
121588,PKA,chip-ban-dan-va-cong-nghe-dong-goi,B00,Điểm học bạ,2025,24.38,Chip bán dẫn và Công nghệ đóng gói
121589,PKA,chip-ban-dan-va-cong-nghe-dong-goi,D07,Điểm học bạ,2025,24.38,Chip bán dẫn và Công nghệ đóng gói
121590,PKA,chip-ban-dan-va-cong-nghe-dong-goi,X06,Điểm học bạ,2025,24.38,Chip bán dẫn và Công nghệ đóng gói
121591,PKA,chip-ban-dan-va-cong-nghe-dong-goi,X07,Điểm học bạ,2025,24.38,Chip bán dẫn và Công nghệ đóng gói
121592,PKA,chip-ban-dan-va-cong-nghe-dong-goi,A00,Điểm thi THPT,2025,21.0,Chip bán dẫn và Công nghệ đóng gói
121593,PKA,chip-ban-dan-va-cong-nghe-dong-goi,A01,Điểm thi THPT,2025,21.0,Chip bán dẫn và Công nghệ đóng gói
121594,PKA,chip-ban-dan-va-cong-nghe-dong-goi,B00,Điểm thi THPT,2025,21.0,Chip bán dẫn và Công nghệ đóng gói
121595,PKA,chip-ban-dan-va-cong-nghe-dong-goi,D07,Điểm thi THPT,2025,21.0,Chip bán dẫn và Công nghệ đóng gói
121596,PKA,chip-ban-dan-va-cong-nghe-dong-goi,X06,Điểm thi THPT,2025,21.0,Chip bán dẫn và Công nghệ đóng gói
121597,PKA,chip-ban-dan-va-cong-nghe-dong-goi,X07,Điểm thi THPT,2025,21.0,Chip bán dẫn và Công nghệ đóng gói
121598,PKA,co-dien-tu-o-to,A00,Điểm học bạ,2022,22.5,Cơ điện tử ô tô
121599,PKA,co-dien-tu-o-to,A01,Điểm học bạ,2022,22.5,Cơ điện tử ô tô
121600,PKA,co-dien-tu-o-to,A10,Điểm học bạ,2022,22.5,Cơ điện tử ô tô
121601,PKA,co-dien-tu-o-to,D01,Điểm học bạ,2022,22.5,Cơ điện tử ô tô
121602,PKA,co-dien-tu-o-to,A00,Điểm thi THPT,2022,21.0,Cơ điện tử ô tô
121603,PKA,co-dien-tu-o-to,A01,Điểm thi THPT,2022,21.0,Cơ điện tử ô tô
121604,PKA,co-dien-tu-o-to,A10,Điểm thi THPT,2022,21.0,Cơ điện tử ô tô
121605,PKA,co-dien-tu-o-to,D01,Điểm thi THPT,2022,21.0,Cơ điện tử ô tô
121606,PKA,co-dien-tu-o-to,A00,Điểm học bạ,2023,22.0,Cơ điện tử ô tô
121607,PKA,co-dien-tu-o-to,A01,Điểm học bạ,2023,22.0,Cơ điện tử ô tô
121608,PKA,co-dien-tu-o-to,A10,Điểm học bạ,2023,22.0,Cơ điện tử ô tô
121609,PKA,co-dien-tu-o-to,D01,Điểm học bạ,2023,22.0,Cơ điện tử ô tô
121610,PKA,co-dien-tu-o-to,A00,Điểm thi THPT,2023,20.0,Cơ điện tử ô tô
121611,PKA,co-dien-tu-o-to,A01,Điểm thi THPT,2023,20.0,Cơ điện tử ô tô
121612,PKA,co-dien-tu-o-to,A10,Điểm thi THPT,2023,20.0,Cơ điện tử ô tô
121613,PKA,co-dien-tu-o-to,D01,Điểm thi THPT,2023,20.0,Cơ điện tử ô tô
121614,PKA,co-dien-tu-o-to,A00,Điểm học bạ,2024,22.0,Cơ điện tử ô tô
121615,PKA,co-dien-tu-o-to,A01,Điểm học bạ,2024,22.0,Cơ điện tử ô tô
121616,PKA,co-dien-tu-o-to,A10,Điểm học bạ,2024,22.0,Cơ điện tử ô tô
121617,PKA,co-dien-tu-o-to,D01,Điểm học bạ,2024,22.0,Cơ điện tử ô tô
121618,PKA,co-dien-tu-o-to,A00,Điểm thi THPT,2024,20.0,Cơ điện tử ô tô
121619,PKA,co-dien-tu-o-to,A01,Điểm thi THPT,2024,20.0,Cơ điện tử ô tô
121620,PKA,co-dien-tu-o-to,A10,Điểm thi THPT,2024,20.0,Cơ điện tử ô tô
121621,PKA,co-dien-tu-o-to,D01,Điểm thi THPT,2024,20.0,Cơ điện tử ô tô
121622,PKA,co-dien-tu-o-to,A00,Điểm học bạ,2025,23.33,Cơ điện tử ô tô
121623,PKA,co-dien-tu-o-to,A01,Điểm học bạ,2025,23.33,Cơ điện tử ô tô
121624,PKA,co-dien-tu-o-to,A04,Điểm học bạ,2025,23.33,Cơ điện tử ô tô
121625,PKA,co-dien-tu-o-to,C01,Điểm học bạ,2025,23.33,Cơ điện tử ô tô
121626,PKA,co-dien-tu-o-to,D07,Điểm học bạ,2025,23.33,Cơ điện tử ô tô
121627,PKA,co-dien-tu-o-to,X06,Điểm học bạ,2025,23.33,Cơ điện tử ô tô
121628,PKA,co-dien-tu-o-to,A00,Điểm thi THPT,2025,19.0,Cơ điện tử ô tô
121629,PKA,co-dien-tu-o-to,A01,Điểm thi THPT,2025,19.0,Cơ điện tử ô tô
121630,PKA,co-dien-tu-o-to,A04,Điểm thi THPT,2025,19.0,Cơ điện tử ô tô
121631,PKA,co-dien-tu-o-to,C01,Điểm thi THPT,2025,19.0,Cơ điện tử ô tô
121632,PKA,co-dien-tu-o-to,D07,Điểm thi THPT,2025,19.0,Cơ điện tử ô tô
121633,PKA,co-dien-tu-o-to,X06,Điểm thi THPT,2025,19.0,Cơ điện tử ô tô
121634,PKA,cong-nghe-marketing,A00,Điểm học bạ,2024,22.0,Công nghệ marketing
121635,PKA,cong-nghe-marketing,A01,Điểm học bạ,2024,22.0,Công nghệ marketing
121636,PKA,cong-nghe-marketing,D01,Điểm học bạ,2024,22.0,Công nghệ marketing
121637,PKA,cong-nghe-marketing,D07,Điểm học bạ,2024,22.0,Công nghệ marketing
121638,PKA,cong-nghe-marketing,A00,Điểm thi THPT,2024,18.0,Công nghệ marketing
121639,PKA,cong-nghe-marketing,A01,Điểm thi THPT,2024,18.0,Công nghệ marketing
121640,PKA,cong-nghe-marketing,D01,Điểm thi THPT,2024,18.0,Công nghệ marketing
121641,PKA,cong-nghe-marketing,D07,Điểm thi THPT,2024,18.0,Công nghệ marketing
121642,PKA,cong-nghe-sinh-hoc,A00,Điểm học bạ,2021,20.0,CÔNG NGHỆ SINH HỌC
121643,PKA,cong-nghe-sinh-hoc,B00,Điểm học bạ,2021,20.0,CÔNG NGHỆ SINH HỌC
121644,PKA,cong-nghe-sinh-hoc,B08,Điểm học bạ,2021,20.0,CÔNG NGHỆ SINH HỌC
121645,PKA,cong-nghe-sinh-hoc,D07,Điểm học bạ,2021,20.0,CÔNG NGHỆ SINH HỌC
121646,PKA,cong-nghe-sinh-hoc,A00,Điểm thi THPT,2021,17.0,CÔNG NGHỆ SINH HỌC
121647,PKA,cong-nghe-sinh-hoc,B00,Điểm thi THPT,2021,17.0,CÔNG NGHỆ SINH HỌC
121648,PKA,cong-nghe-sinh-hoc,B08,Điểm thi THPT,2021,17.0,CÔNG NGHỆ SINH HỌC
121649,PKA,cong-nghe-sinh-hoc,D07,Điểm thi THPT,2021,17.0,CÔNG NGHỆ SINH HỌC
121650,PKA,cong-nghe-sinh-hoc,A00,Điểm học bạ,2022,23.0,Công nghệ sinh học
121651,PKA,cong-nghe-sinh-hoc,B00,Điểm học bạ,2022,23.0,Công nghệ sinh học
121652,PKA,cong-nghe-sinh-hoc,B08,Điểm học bạ,2022,23.0,Công nghệ sinh học
121653,PKA,cong-nghe-sinh-hoc,D07,Điểm học bạ,2022,23.0,Công nghệ sinh học
121654,PKA,cong-nghe-sinh-hoc,A00,Điểm thi THPT,2022,19.0,Công nghệ sinh học
121655,PKA,cong-nghe-sinh-hoc,B00,Điểm thi THPT,2022,19.0,Công nghệ sinh học
121656,PKA,cong-nghe-sinh-hoc,B08,Điểm thi THPT,2022,19.0,Công nghệ sinh học
121657,PKA,cong-nghe-sinh-hoc,D07,Điểm thi THPT,2022,19.0,Công nghệ sinh học
121658,PKA,cong-nghe-sinh-hoc,A00,Điểm học bạ,2023,22.0,Công nghệ sinh học
121659,PKA,cong-nghe-sinh-hoc,B00,Điểm học bạ,2023,22.0,Công nghệ sinh học
121660,PKA,cong-nghe-sinh-hoc,B08,Điểm học bạ,2023,22.0,Công nghệ sinh học
121661,PKA,cong-nghe-sinh-hoc,D07,Điểm học bạ,2023,22.0,Công nghệ sinh học
121662,PKA,cong-nghe-sinh-hoc,A00,Điểm thi THPT,2023,18.0,Công nghệ sinh học
121663,PKA,cong-nghe-sinh-hoc,B00,Điểm thi THPT,2023,18.0,Công nghệ sinh học
121664,PKA,cong-nghe-sinh-hoc,B08,Điểm thi THPT,2023,18.0,Công nghệ sinh học
121665,PKA,cong-nghe-sinh-hoc,D07,Điểm thi THPT,2023,18.0,Công nghệ sinh học
121666,PKA,cong-nghe-sinh-hoc,A00,Điểm học bạ,2024,22.0,Công nghệ sinh học
121667,PKA,cong-nghe-sinh-hoc,B00,Điểm học bạ,2024,22.0,Công nghệ sinh học
121668,PKA,cong-nghe-sinh-hoc,B08,Điểm học bạ,2024,22.0,Công nghệ sinh học
121669,PKA,cong-nghe-sinh-hoc,D07,Điểm học bạ,2024,22.0,Công nghệ sinh học
121670,PKA,cong-nghe-sinh-hoc,A00,Điểm thi THPT,2024,18.0,Công nghệ sinh học
121671,PKA,cong-nghe-sinh-hoc,B00,Điểm thi THPT,2024,18.0,Công nghệ sinh học
121672,PKA,cong-nghe-sinh-hoc,B08,Điểm thi THPT,2024,18.0,Công nghệ sinh học
121673,PKA,cong-nghe-sinh-hoc,D07,Điểm thi THPT,2024,18.0,Công nghệ sinh học
121674,PKA,cong-nghe-sinh-hoc,A00,Điểm học bạ,2025,22.81,Công nghệ sinh học
121675,PKA,cong-nghe-sinh-hoc,B00,Điểm học bạ,2025,22.81,Công nghệ sinh học
121676,PKA,cong-nghe-sinh-hoc,B08,Điểm học bạ,2025,22.81,Công nghệ sinh học
121677,PKA,cong-nghe-sinh-hoc,D07,Điểm học bạ,2025,22.81,Công nghệ sinh học
121678,PKA,cong-nghe-sinh-hoc,X14,Điểm học bạ,2025,22.81,Công nghệ sinh học
121679,PKA,cong-nghe-sinh-hoc,X15,Điểm học bạ,2025,22.81,Công nghệ sinh học
121680,PKA,cong-nghe-sinh-hoc,A00,Điểm thi THPT,2025,18.0,Công nghệ sinh học
121681,PKA,cong-nghe-sinh-hoc,B00,Điểm thi THPT,2025,18.0,Công nghệ sinh học
121682,PKA,cong-nghe-sinh-hoc,B08,Điểm thi THPT,2025,18.0,Công nghệ sinh học
121683,PKA,cong-nghe-sinh-hoc,D07,Điểm thi THPT,2025,18.0,Công nghệ sinh học
121684,PKA,cong-nghe-sinh-hoc,X14,Điểm thi THPT,2025,18.0,Công nghệ sinh học
121685,PKA,cong-nghe-sinh-hoc,X15,Điểm thi THPT,2025,18.0,Công nghệ sinh học
121686,PKA,cong-nghe-tai-chinh,A01,Điểm học bạ,2024,23.0,Công nghệ tài chính
121687,PKA,cong-nghe-tai-chinh,D01,Điểm học bạ,2024,23.0,Công nghệ tài chính
121688,PKA,cong-nghe-tai-chinh,D07,Điểm học bạ,2024,23.0,Công nghệ tài chính
121689,PKA,cong-nghe-tai-chinh,D10,Điểm học bạ,2024,23.0,Công nghệ tài chính
121690,PKA,cong-nghe-tai-chinh,A01,Điểm thi THPT,2024,20.0,Công nghệ tài chính
121691,PKA,cong-nghe-tai-chinh,D01,Điểm thi THPT,2024,20.0,Công nghệ tài chính
121692,PKA,cong-nghe-tai-chinh,D07,Điểm thi THPT,2024,20.0,Công nghệ tài chính
121693,PKA,cong-nghe-tai-chinh,D10,Điểm thi THPT,2024,20.0,Công nghệ tài chính
121694,PKA,cong-nghe-tai-chinh,A01,Điểm học bạ,2025,22.81,Công nghệ tài chính
121695,PKA,cong-nghe-tai-chinh,D01,Điểm học bạ,2025,22.81,Công nghệ tài chính
121696,PKA,cong-nghe-tai-chinh,D07,Điểm học bạ,2025,22.81,Công nghệ tài chính
121697,PKA,cong-nghe-tai-chinh,D84,Điểm học bạ,2025,22.81,Công nghệ tài chính
121698,PKA,cong-nghe-tai-chinh,X25,Điểm học bạ,2025,22.81,Công nghệ tài chính
121699,PKA,cong-nghe-tai-chinh,X26,Điểm học bạ,2025,22.81,Công nghệ tài chính
121700,PKA,cong-nghe-tai-chinh,X27,Điểm học bạ,2025,22.81,Công nghệ tài chính
121701,PKA,cong-nghe-tai-chinh,A01,Điểm thi THPT,2025,18.0,Công nghệ tài chính
121702,PKA,cong-nghe-tai-chinh,D01,Điểm thi THPT,2025,18.0,Công nghệ tài chính
121703,PKA,cong-nghe-tai-chinh,D07,Điểm thi THPT,2025,18.0,Công nghệ tài chính
121704,PKA,cong-nghe-tai-chinh,D84,Điểm thi THPT,2025,18.0,Công nghệ tài chính
121705,PKA,cong-nghe-tai-chinh,X25,Điểm thi THPT,2025,18.0,Công nghệ tài chính
121706,PKA,cong-nghe-tai-chinh,X26,Điểm thi THPT,2025,18.0,Công nghệ tài chính
121707,PKA,cong-nghe-tai-chinh,X27,Điểm thi THPT,2025,18.0,Công nghệ tài chính
121708,PKA,cong-nghe-thong-tin,A00,Điểm học bạ,2021,23.0,CÔNG NGHỆ THÔNG TIN (CÔNG NGHỆ THÔNG TIN VIỆT NHẬT)
121709,PKA,cong-nghe-thong-tin,A01,Điểm học bạ,2021,23.0,CÔNG NGHỆ THÔNG TIN (CÔNG NGHỆ THÔNG TIN VIỆT NHẬT)
121710,PKA,cong-nghe-thong-tin,D07,Điểm học bạ,2021,23.0,CÔNG NGHỆ THÔNG TIN (CÔNG NGHỆ THÔNG TIN VIỆT NHẬT)
121711,PKA,cong-nghe-thong-tin,D28,Điểm học bạ,2021,23.0,CÔNG NGHỆ THÔNG TIN (CÔNG NGHỆ THÔNG TIN VIỆT NHẬT)
121712,PKA,cong-nghe-thong-tin,A00,Điểm thi THPT,2021,21.0,CÔNG NGHỆ THÔNG TIN (CÔNG NGHỆ THÔNG TIN VIỆT NHẬT)
121713,PKA,cong-nghe-thong-tin,A01,Điểm thi THPT,2021,21.0,CÔNG NGHỆ THÔNG TIN (CÔNG NGHỆ THÔNG TIN VIỆT NHẬT)
121714,PKA,cong-nghe-thong-tin,D07,Điểm thi THPT,2021,21.0,CÔNG NGHỆ THÔNG TIN (CÔNG NGHỆ THÔNG TIN VIỆT NHẬT)
121715,PKA,cong-nghe-thong-tin,D28,Điểm thi THPT,2021,21.0,CÔNG NGHỆ THÔNG TIN (CÔNG NGHỆ THÔNG TIN VIỆT NHẬT)
121716,PKA,cong-nghe-thong-tin,A00,Điểm học bạ,2022,26.0,Công nghệ thông tin
121717,PKA,cong-nghe-thong-tin,A01,Điểm học bạ,2022,26.0,Công nghệ thông tin
121718,PKA,cong-nghe-thong-tin,D07,Điểm học bạ,2022,26.0,Công nghệ thông tin
121719,PKA,cong-nghe-thong-tin,A00,Điểm thi THPT,2022,23.5,Công nghệ thông tin
121720,PKA,cong-nghe-thong-tin,A01,Điểm thi THPT,2022,23.5,Công nghệ thông tin
121721,PKA,cong-nghe-thong-tin,D07,Điểm thi THPT,2022,23.5,Công nghệ thông tin
121722,PKA,cong-nghe-thong-tin,A00,Điểm học bạ,2023,26.0,Công nghệ thông tin
121723,PKA,cong-nghe-thong-tin,A01,Điểm học bạ,2023,26.0,Công nghệ thông tin
121724,PKA,cong-nghe-thong-tin,D07,Điểm học bạ,2023,26.0,Công nghệ thông tin
121725,PKA,cong-nghe-thong-tin,A00,Điểm thi THPT,2023,21.0,Công nghệ thông tin
121726,PKA,cong-nghe-thong-tin,A01,Điểm thi THPT,2023,21.0,Công nghệ thông tin
121727,PKA,cong-nghe-thong-tin,D07,Điểm thi THPT,2023,21.0,Công nghệ thông tin
121728,PKA,cong-nghe-thong-tin,A00,Điểm học bạ,2024,25.0,Công nghệ thông tin
121729,PKA,cong-nghe-thong-tin,A01,Điểm học bạ,2024,25.0,Công nghệ thông tin
121730,PKA,cong-nghe-thong-tin,D07,Điểm học bạ,2024,25.0,Công nghệ thông tin
121731,PKA,cong-nghe-thong-tin,A00,Điểm thi THPT,2024,21.0,Công nghệ thông tin
121732,PKA,cong-nghe-thong-tin,A01,Điểm thi THPT,2024,21.0,Công nghệ thông tin
121733,PKA,cong-nghe-thong-tin,D07,Điểm thi THPT,2024,21.0,Công nghệ thông tin
121734,PKA,cong-nghe-thong-tin,A00,Điểm học bạ,2025,24.38,Công nghệ thông tin
121735,PKA,cong-nghe-thong-tin,A01,Điểm học bạ,2025,24.38,Công nghệ thông tin
121736,PKA,cong-nghe-thong-tin,D01,Điểm học bạ,2025,24.38,Công nghệ thông tin
121737,PKA,cong-nghe-thong-tin,D07,Điểm học bạ,2025,24.38,Công nghệ thông tin
121738,PKA,cong-nghe-thong-tin,X06,Điểm học bạ,2025,24.38,Công nghệ thông tin
121739,PKA,cong-nghe-thong-tin,X26,Điểm học bạ,2025,24.38,Công nghệ thông tin
121740,PKA,cong-nghe-thong-tin,A00,Điểm thi THPT,2025,21.0,Công nghệ thông tin
121741,PKA,cong-nghe-thong-tin,A01,Điểm thi THPT,2025,21.0,Công nghệ thông tin
121742,PKA,cong-nghe-thong-tin,D01,Điểm thi THPT,2025,21.0,Công nghệ thông tin
121743,PKA,cong-nghe-thong-tin,D07,Điểm thi THPT,2025,21.0,Công nghệ thông tin
121744,PKA,cong-nghe-thong-tin,X06,Điểm thi THPT,2025,21.0,Công nghệ thông tin
121745,PKA,cong-nghe-thong-tin,X26,Điểm thi THPT,2025,21.0,Công nghệ thông tin
121746,PKA,cong-nghe-thong-tin-viet-nhat,A00,Điểm học bạ,2022,25.0,Công nghệ thông tin Việt - Nhật
121747,PKA,cong-nghe-thong-tin-viet-nhat,A01,Điểm học bạ,2022,25.0,Công nghệ thông tin Việt - Nhật
121748,PKA,cong-nghe-thong-tin-viet-nhat,D07,Điểm học bạ,2022,25.0,Công nghệ thông tin Việt - Nhật
121749,PKA,cong-nghe-thong-tin-viet-nhat,D28,Điểm học bạ,2022,25.0,Công nghệ thông tin Việt - Nhật
121750,PKA,cong-nghe-thong-tin-viet-nhat,A00,Điểm thi THPT,2022,23.0,Công nghệ thông tin Việt - Nhật
121751,PKA,cong-nghe-thong-tin-viet-nhat,A01,Điểm thi THPT,2022,23.0,Công nghệ thông tin Việt - Nhật
121752,PKA,cong-nghe-thong-tin-viet-nhat,D07,Điểm thi THPT,2022,23.0,Công nghệ thông tin Việt - Nhật
121753,PKA,cong-nghe-thong-tin-viet-nhat,D28,Điểm thi THPT,2022,23.0,Công nghệ thông tin Việt - Nhật
121754,PKA,cong-nghe-thong-tin-viet-nhat,A00,Điểm học bạ,2023,25.0,Công nghệ thông tin Việt - Nhật
121755,PKA,cong-nghe-thong-tin-viet-nhat,A01,Điểm học bạ,2023,25.0,Công nghệ thông tin Việt - Nhật
121756,PKA,cong-nghe-thong-tin-viet-nhat,D07,Điểm học bạ,2023,25.0,Công nghệ thông tin Việt - Nhật
121757,PKA,cong-nghe-thong-tin-viet-nhat,D28,Điểm học bạ,2023,25.0,Công nghệ thông tin Việt - Nhật
121758,PKA,cong-nghe-thong-tin-viet-nhat,A00,Điểm thi THPT,2023,21.0,Công nghệ thông tin Việt - Nhật
121759,PKA,cong-nghe-thong-tin-viet-nhat,A01,Điểm thi THPT,2023,21.0,Công nghệ thông tin Việt - Nhật
121760,PKA,cong-nghe-thong-tin-viet-nhat,D07,Điểm thi THPT,2023,21.0,Công nghệ thông tin Việt - Nhật
121761,PKA,cong-nghe-thong-tin-viet-nhat,D28,Điểm thi THPT,2023,21.0,Công nghệ thông tin Việt - Nhật
121762,PKA,cong-nghe-thong-tin-viet-nhat,A00,Điểm học bạ,2024,24.0,Công nghệ thông tin Việt Nhật
121763,PKA,cong-nghe-thong-tin-viet-nhat,A01,Điểm học bạ,2024,24.0,Công nghệ thông tin Việt Nhật
121764,PKA,cong-nghe-thong-tin-viet-nhat,D07,Điểm học bạ,2024,24.0,Công nghệ thông tin Việt Nhật
121765,PKA,cong-nghe-thong-tin-viet-nhat,D28,Điểm học bạ,2024,24.0,Công nghệ thông tin Việt Nhật
121766,PKA,cong-nghe-thong-tin-viet-nhat,A00,Điểm thi THPT,2024,21.0,Công nghệ thông tin Việt Nhật
121767,PKA,cong-nghe-thong-tin-viet-nhat,A01,Điểm thi THPT,2024,21.0,Công nghệ thông tin Việt Nhật
121768,PKA,cong-nghe-thong-tin-viet-nhat,D07,Điểm thi THPT,2024,21.0,Công nghệ thông tin Việt Nhật
121769,PKA,cong-nghe-thong-tin-viet-nhat,D28,Điểm thi THPT,2024,21.0,Công nghệ thông tin Việt Nhật
121770,PKA,cong-nghe-thong-tin-viet-nhat,A00,Điểm học bạ,2025,23.33,Công nghệ thông tin Việt Nhật
121771,PKA,cong-nghe-thong-tin-viet-nhat,A01,Điểm học bạ,2025,23.33,Công nghệ thông tin Việt Nhật
121772,PKA,cong-nghe-thong-tin-viet-nhat,D01,Điểm học bạ,2025,23.33,Công nghệ thông tin Việt Nhật
121773,PKA,cong-nghe-thong-tin-viet-nhat,D06,Điểm học bạ,2025,23.33,Công nghệ thông tin Việt Nhật
121774,PKA,cong-nghe-thong-tin-viet-nhat,X06,Điểm học bạ,2025,23.33,Công nghệ thông tin Việt Nhật
121775,PKA,cong-nghe-thong-tin-viet-nhat,X26,Điểm học bạ,2025,23.33,Công nghệ thông tin Việt Nhật
121776,PKA,cong-nghe-thong-tin-viet-nhat,A00,Điểm thi THPT,2025,19.0,Công nghệ thông tin Việt Nhật
121777,PKA,cong-nghe-thong-tin-viet-nhat,A01,Điểm thi THPT,2025,19.0,Công nghệ thông tin Việt Nhật
121778,PKA,cong-nghe-thong-tin-viet-nhat,D01,Điểm thi THPT,2025,19.0,Công nghệ thông tin Việt Nhật
121779,PKA,cong-nghe-thong-tin-viet-nhat,D06,Điểm thi THPT,2025,19.0,Công nghệ thông tin Việt Nhật
121780,PKA,cong-nghe-thong-tin-viet-nhat,X06,Điểm thi THPT,2025,19.0,Công nghệ thông tin Việt Nhật
121781,PKA,cong-nghe-thong-tin-viet-nhat,X26,Điểm thi THPT,2025,19.0,Công nghệ thông tin Việt Nhật
121782,PKA,cong-nghe-vat-lieu,A00,Điểm học bạ,2021,23.0,CÔNG NGHỆ VẬT LIỆU (VẬT LIỆU THÔNG MINH VÀ TRÍ TUỆ NHÂN TẠO)
121783,PKA,cong-nghe-vat-lieu,A01,Điểm học bạ,2021,23.0,CÔNG NGHỆ VẬT LIỆU (VẬT LIỆU THÔNG MINH VÀ TRÍ TUỆ NHÂN TẠO)
121784,PKA,cong-nghe-vat-lieu,B00,Điểm học bạ,2021,23.0,CÔNG NGHỆ VẬT LIỆU (VẬT LIỆU THÔNG MINH VÀ TRÍ TUỆ NHÂN TẠO)
121785,PKA,cong-nghe-vat-lieu,D07,Điểm học bạ,2021,23.0,CÔNG NGHỆ VẬT LIỆU (VẬT LIỆU THÔNG MINH VÀ TRÍ TUỆ NHÂN TẠO)
121786,PKA,cong-nghe-vat-lieu,A00,Điểm thi THPT,2021,27.0,CÔNG NGHỆ VẬT LIỆU (VẬT LIỆU THÔNG MINH VÀ TRÍ TUỆ NHÂN TẠO)
121787,PKA,cong-nghe-vat-lieu,A01,Điểm thi THPT,2021,27.0,CÔNG NGHỆ VẬT LIỆU (VẬT LIỆU THÔNG MINH VÀ TRÍ TUỆ NHÂN TẠO)
121788,PKA,cong-nghe-vat-lieu,B00,Điểm thi THPT,2021,27.0,CÔNG NGHỆ VẬT LIỆU (VẬT LIỆU THÔNG MINH VÀ TRÍ TUỆ NHÂN TẠO)
121789,PKA,cong-nghe-vat-lieu,D07,Điểm thi THPT,2021,27.0,CÔNG NGHỆ VẬT LIỆU (VẬT LIỆU THÔNG MINH VÀ TRÍ TUỆ NHÂN TẠO)
121790,PKA,dieu-duong,A00,Điểm học bạ,2021,20.0,ĐIỀU DƯỠNG
121791,PKA,dieu-duong,A02,Điểm học bạ,2021,20.0,ĐIỀU DƯỠNG
121792,PKA,dieu-duong,B00,Điểm học bạ,2021,20.0,ĐIỀU DƯỠNG
121793,PKA,dieu-duong,B04,Điểm học bạ,2021,20.0,ĐIỀU DƯỠNG
121794,PKA,dieu-duong,A00,Điểm thi THPT,2021,19.0,ĐIỀU DƯỠNG
121795,PKA,dieu-duong,A02,Điểm thi THPT,2021,19.0,ĐIỀU DƯỠNG
121796,PKA,dieu-duong,B00,Điểm thi THPT,2021,19.0,ĐIỀU DƯỠNG
121797,PKA,dieu-duong,B04,Điểm thi THPT,2021,19.0,ĐIỀU DƯỠNG
121798,PKA,dieu-duong,A00,Điểm học bạ,2022,22.0,Điều dưỡng
121799,PKA,dieu-duong,A01,Điểm học bạ,2022,22.0,Điều dưỡng
121800,PKA,dieu-duong,B00,Điểm học bạ,2022,22.0,Điều dưỡng
121801,PKA,dieu-duong,B08,Điểm học bạ,2022,22.0,Điều dưỡng
121802,PKA,dieu-duong,A00,Điểm thi THPT,2022,19.0,Điều dưỡng
121803,PKA,dieu-duong,A01,Điểm thi THPT,2022,19.0,Điều dưỡng
121804,PKA,dieu-duong,B00,Điểm thi THPT,2022,19.0,Điều dưỡng
121805,PKA,dieu-duong,B08,Điểm thi THPT,2022,19.0,Điều dưỡng
121806,PKA,dieu-duong,A00,Điểm học bạ,2023,21.0,Điều dưỡng
121807,PKA,dieu-duong,A01,Điểm học bạ,2023,21.0,Điều dưỡng
121808,PKA,dieu-duong,B00,Điểm học bạ,2023,21.0,Điều dưỡng
121809,PKA,dieu-duong,B08,Điểm học bạ,2023,21.0,Điều dưỡng
121810,PKA,dieu-duong,A00,Điểm thi THPT,2023,19.0,Điều dưỡng
121811,PKA,dieu-duong,A01,Điểm thi THPT,2023,19.0,Điều dưỡng
121812,PKA,dieu-duong,B00,Điểm thi THPT,2023,19.0,Điều dưỡng
121813,PKA,dieu-duong,B08,Điểm thi THPT,2023,19.0,Điều dưỡng
121814,PKA,dieu-duong,A00,Điểm học bạ,2024,21.0,Điều dưỡng
121815,PKA,dieu-duong,A01,Điểm học bạ,2024,21.0,Điều dưỡng
121816,PKA,dieu-duong,B00,Điểm học bạ,2024,21.0,Điều dưỡng
121817,PKA,dieu-duong,B08,Điểm học bạ,2024,21.0,Điều dưỡng
121818,PKA,dieu-duong,A00,Điểm thi THPT,2024,19.0,Điều dưỡng
121819,PKA,dieu-duong,A01,Điểm thi THPT,2024,19.0,Điều dưỡng
121820,PKA,dieu-duong,B00,Điểm thi THPT,2024,19.0,Điều dưỡng
121821,PKA,dieu-duong,B08,Điểm thi THPT,2024,19.0,Điều dưỡng
121822,PKA,dieu-duong,A00,Điểm học bạ,2025,21.79,Điều dưỡng
121823,PKA,dieu-duong,B00,Điểm học bạ,2025,21.79,Điều dưỡng
121824,PKA,dieu-duong,B03,Điểm học bạ,2025,21.79,Điều dưỡng
121825,PKA,dieu-duong,B08,Điểm học bạ,2025,21.79,Điều dưỡng
121826,PKA,dieu-duong,D07,Điểm học bạ,2025,21.79,Điều dưỡng
121827,PKA,dieu-duong,X14,Điểm học bạ,2025,21.79,Điều dưỡng
121828,PKA,dieu-duong,A00,Điểm thi THPT,2025,17.0,Điều dưỡng
121829,PKA,dieu-duong,B00,Điểm thi THPT,2025,17.0,Điều dưỡng
121830,PKA,dieu-duong,B03,Điểm thi THPT,2025,17.0,Điều dưỡng
121831,PKA,dieu-duong,B08,Điểm thi THPT,2025,17.0,Điều dưỡng
121832,PKA,dieu-duong,D07,Điểm thi THPT,2025,17.0,Điều dưỡng
121833,PKA,dieu-duong,X14,Điểm thi THPT,2025,17.0,Điều dưỡng
121834,PKA,dong-phuong-hoc,C00,Điểm học bạ,2023,20.0,Đông phương học
121835,PKA,dong-phuong-hoc,D01,Điểm học bạ,2023,20.0,Đông phương học
121836,PKA,dong-phuong-hoc,D09,Điểm học bạ,2023,20.0,Đông phương học
121837,PKA,dong-phuong-hoc,D14,Điểm học bạ,2023,20.0,Đông phương học
121838,PKA,dong-phuong-hoc,C00,Điểm thi THPT,2023,17.0,Đông phương học
121839,PKA,dong-phuong-hoc,D01,Điểm thi THPT,2023,17.0,Đông phương học
121840,PKA,dong-phuong-hoc,D09,Điểm thi THPT,2023,17.0,Đông phương học
121841,PKA,dong-phuong-hoc,D14,Điểm thi THPT,2023,17.0,Đông phương học
121842,PKA,dong-phuong-hoc,A01,Điểm học bạ,2024,21.0,Đông phương học
121843,PKA,dong-phuong-hoc,C00,Điểm học bạ,2024,21.0,Đông phương học
121844,PKA,dong-phuong-hoc,D01,Điểm học bạ,2024,21.0,Đông phương học
121845,PKA,dong-phuong-hoc,D09,Điểm học bạ,2024,21.0,Đông phương học
121846,PKA,dong-phuong-hoc,A01,Điểm thi THPT,2024,17.0,Đông phương học
121847,PKA,dong-phuong-hoc,C00,Điểm thi THPT,2024,17.0,Đông phương học
121848,PKA,dong-phuong-hoc,D01,Điểm thi THPT,2024,17.0,Đông phương học
121849,PKA,dong-phuong-hoc,D09,Điểm thi THPT,2024,17.0,Đông phương học
121850,PKA,dong-phuong-hoc,C00,Điểm học bạ,2025,21.79,Đông Phương học
121851,PKA,dong-phuong-hoc,C03,Điểm học bạ,2025,21.79,Đông Phương học
121852,PKA,dong-phuong-hoc,C19,Điểm học bạ,2025,21.79,Đông Phương học
121853,PKA,dong-phuong-hoc,D01,Điểm học bạ,2025,21.79,Đông Phương học
121854,PKA,dong-phuong-hoc,D14,Điểm học bạ,2025,21.79,Đông Phương học
121855,PKA,dong-phuong-hoc,D66,Điểm học bạ,2025,21.79,Đông Phương học
121856,PKA,dong-phuong-hoc,X70,Điểm học bạ,2025,21.79,Đông Phương học
121857,PKA,dong-phuong-hoc,X78,Điểm học bạ,2025,21.79,Đông Phương học
121858,PKA,dong-phuong-hoc,C00,Điểm thi THPT,2025,17.0,Đông Phương học
121859,PKA,dong-phuong-hoc,C03,Điểm thi THPT,2025,17.0,Đông Phương học
121860,PKA,dong-phuong-hoc,C19,Điểm thi THPT,2025,17.0,Đông Phương học
121861,PKA,dong-phuong-hoc,D01,Điểm thi THPT,2025,17.0,Đông Phương học
121862,PKA,dong-phuong-hoc,D14,Điểm thi THPT,2025,17.0,Đông Phương học
121863,PKA,dong-phuong-hoc,D66,Điểm thi THPT,2025,17.0,Đông Phương học
121864,PKA,dong-phuong-hoc,X70,Điểm thi THPT,2025,17.0,Đông Phương học
121865,PKA,dong-phuong-hoc,X78,Điểm thi THPT,2025,17.0,Đông Phương học
121866,PKA,du-lich,A01,Điểm học bạ,2021,21.0,DU LỊCH (QUẢN TRỊ DU LỊCH)
121867,PKA,du-lich,C00,Điểm học bạ,2021,21.0,DU LỊCH (QUẢN TRỊ DU LỊCH)
121868,PKA,du-lich,D01,Điểm học bạ,2021,21.0,DU LỊCH (QUẢN TRỊ DU LỊCH)
121869,PKA,du-lich,D15,Điểm học bạ,2021,21.0,DU LỊCH (QUẢN TRỊ DU LỊCH)
121870,PKA,du-lich,A01,Điểm thi THPT,2021,17.0,DU LỊCH (QUẢN TRỊ DU LỊCH)
121871,PKA,du-lich,C00,Điểm thi THPT,2021,17.0,DU LỊCH (QUẢN TRỊ DU LỊCH)
121872,PKA,du-lich,D01,Điểm thi THPT,2021,17.0,DU LỊCH (QUẢN TRỊ DU LỊCH)
121873,PKA,du-lich,D15,Điểm thi THPT,2021,17.0,DU LỊCH (QUẢN TRỊ DU LỊCH)
121874,PKA,du-lich,A01,Điểm thi THPT,2023,21.0,Du lịch (định hướng Quản trị du lịch)
121875,PKA,du-lich,C00,Điểm thi THPT,2023,21.0,Du lịch (định hướng Quản trị du lịch)
121876,PKA,du-lich,D01,Điểm thi THPT,2023,21.0,Du lịch (định hướng Quản trị du lịch)
121877,PKA,du-lich,D15,Điểm thi THPT,2023,21.0,Du lịch (định hướng Quản trị du lịch)
121878,PKA,du-lich,A01,Điểm học bạ,2024,24.0,Du lịch (định hướng quản trị du lịch)
121879,PKA,du-lich,C00,Điểm học bạ,2024,24.0,Du lịch (định hướng quản trị du lịch)
121880,PKA,du-lich,D01,Điểm học bạ,2024,24.0,Du lịch (định hướng quản trị du lịch)
121881,PKA,du-lich,D15,Điểm học bạ,2024,24.0,Du lịch (định hướng quản trị du lịch)
121882,PKA,du-lich,A01,Điểm thi THPT,2024,21.0,Du lịch (định hướng quản trị du lịch)
121883,PKA,du-lich,C00,Điểm thi THPT,2024,21.0,Du lịch (định hướng quản trị du lịch)
121884,PKA,du-lich,D01,Điểm thi THPT,2024,21.0,Du lịch (định hướng quản trị du lịch)
121885,PKA,du-lich,D15,Điểm thi THPT,2024,21.0,Du lịch (định hướng quản trị du lịch)
121886,PKA,du-lich,A00,Điểm học bạ,2025,23.33,Du lịch (Định hướng Quản trị du lịch)
121887,PKA,du-lich,C03,Điểm học bạ,2025,23.33,Du lịch (Định hướng Quản trị du lịch)
121888,PKA,du-lich,D01,Điểm học bạ,2025,23.33,Du lịch (Định hướng Quản trị du lịch)
121889,PKA,du-lich,D09,Điểm học bạ,2025,23.33,Du lịch (Định hướng Quản trị du lịch)
121890,PKA,du-lich,D10,Điểm học bạ,2025,23.33,Du lịch (Định hướng Quản trị du lịch)
121891,PKA,du-lich,D84,Điểm học bạ,2025,23.33,Du lịch (Định hướng Quản trị du lịch)
121892,PKA,du-lich,X25,Điểm học bạ,2025,23.33,Du lịch (Định hướng Quản trị du lịch)
121893,PKA,du-lich,A00,Điểm thi THPT,2025,19.0,Du lịch (Định hướng Quản trị du lịch)
121894,PKA,du-lich,C03,Điểm thi THPT,2025,19.0,Du lịch (Định hướng Quản trị du lịch)
121895,PKA,du-lich,D01,Điểm thi THPT,2025,19.0,Du lịch (Định hướng Quản trị du lịch)
121896,PKA,du-lich,D09,Điểm thi THPT,2025,19.0,Du lịch (Định hướng Quản trị du lịch)
121897,PKA,du-lich,D10,Điểm thi THPT,2025,19.0,Du lịch (Định hướng Quản trị du lịch)
121898,PKA,du-lich,D84,Điểm thi THPT,2025,19.0,Du lịch (Định hướng Quản trị du lịch)
121899,PKA,du-lich,X25,Điểm thi THPT,2025,19.0,Du lịch (Định hướng Quản trị du lịch)
121900,PKA,duoc-hoc,A00,Điểm học bạ,2021,24.0,DƯỢC HỌC
121901,PKA,duoc-hoc,A02,Điểm học bạ,2021,24.0,DƯỢC HỌC
121902,PKA,duoc-hoc,B00,Điểm học bạ,2021,24.0,DƯỢC HỌC
121903,PKA,duoc-hoc,D07,Điểm học bạ,2021,24.0,DƯỢC HỌC
121904,PKA,duoc-hoc,A00,Điểm thi THPT,2021,21.0,DƯỢC HỌC
121905,PKA,duoc-hoc,A02,Điểm thi THPT,2021,21.0,DƯỢC HỌC
121906,PKA,duoc-hoc,B00,Điểm thi THPT,2021,21.0,DƯỢC HỌC
121907,PKA,duoc-hoc,D07,Điểm thi THPT,2021,21.0,DƯỢC HỌC
121908,PKA,duoc-hoc,A00,Điểm học bạ,2022,27.0,Dược học
121909,PKA,duoc-hoc,B00,Điểm học bạ,2022,27.0,Dược học
121910,PKA,duoc-hoc,B08,Điểm học bạ,2022,27.0,Dược học
121911,PKA,duoc-hoc,D07,Điểm học bạ,2022,27.0,Dược học
121912,PKA,duoc-hoc,A00,Điểm thi THPT,2022,23.0,Dược học
121913,PKA,duoc-hoc,B00,Điểm thi THPT,2022,23.0,Dược học
121914,PKA,duoc-hoc,B08,Điểm thi THPT,2022,23.0,Dược học
121915,PKA,duoc-hoc,D07,Điểm thi THPT,2022,23.0,Dược học
121916,PKA,duoc-hoc,A00,Điểm học bạ,2023,24.0,Dược học
121917,PKA,duoc-hoc,B00,Điểm học bạ,2023,24.0,Dược học
121918,PKA,duoc-hoc,B08,Điểm học bạ,2023,24.0,Dược học
121919,PKA,duoc-hoc,D07,Điểm học bạ,2023,24.0,Dược học
121920,PKA,duoc-hoc,A00,Điểm thi THPT,2023,21.0,Dược học
121921,PKA,duoc-hoc,B00,Điểm thi THPT,2023,21.0,Dược học
121922,PKA,duoc-hoc,B08,Điểm thi THPT,2023,21.0,Dược học
121923,PKA,duoc-hoc,D07,Điểm thi THPT,2023,21.0,Dược học
121924,PKA,duoc-hoc,A00,Điểm học bạ,2024,24.0,Dược học
121925,PKA,duoc-hoc,B00,Điểm học bạ,2024,24.0,Dược học
121926,PKA,duoc-hoc,B08,Điểm học bạ,2024,24.0,Dược học
121927,PKA,duoc-hoc,D07,Điểm học bạ,2024,24.0,Dược học
121928,PKA,duoc-hoc,A00,Điểm thi THPT,2024,21.0,Dược học
121929,PKA,duoc-hoc,B00,Điểm thi THPT,2024,21.0,Dược học
121930,PKA,duoc-hoc,B08,Điểm thi THPT,2024,21.0,Dược học
121931,PKA,duoc-hoc,D07,Điểm thi THPT,2024,21.0,Dược học
121932,PKA,duoc-hoc,A00,Điểm học bạ,2025,24.38,Dược học
121933,PKA,duoc-hoc,B00,Điểm học bạ,2025,24.38,Dược học
121934,PKA,duoc-hoc,B08,Điểm học bạ,2025,24.38,Dược học
121935,PKA,duoc-hoc,D07,Điểm học bạ,2025,24.38,Dược học
121936,PKA,duoc-hoc,X10,Điểm học bạ,2025,24.38,Dược học
121937,PKA,duoc-hoc,X14,Điểm học bạ,2025,24.38,Dược học
121938,PKA,duoc-hoc,A00,Điểm thi THPT,2025,21.0,Dược học
121939,PKA,duoc-hoc,B00,Điểm thi THPT,2025,21.0,Dược học
121940,PKA,duoc-hoc,B08,Điểm thi THPT,2025,21.0,Dược học
121941,PKA,duoc-hoc,D07,Điểm thi THPT,2025,21.0,Dược học
121942,PKA,duoc-hoc,X10,Điểm thi THPT,2025,21.0,Dược học
121943,PKA,duoc-hoc,X14,Điểm thi THPT,2025,21.0,Dược học
121944,PKA,ho-sinh,A00,Điểm học bạ,2025,21.79,Hộ sinh
121945,PKA,ho-sinh,B00,Điểm học bạ,2025,21.79,Hộ sinh
121946,PKA,ho-sinh,B03,Điểm học bạ,2025,21.79,Hộ sinh
121947,PKA,ho-sinh,B08,Điểm học bạ,2025,21.79,Hộ sinh
121948,PKA,ho-sinh,D07,Điểm học bạ,2025,21.79,Hộ sinh
121949,PKA,ho-sinh,X14,Điểm học bạ,2025,21.79,Hộ sinh
121950,PKA,ho-sinh,A00,Điểm thi THPT,2025,17.0,Hộ sinh
121951,PKA,ho-sinh,B00,Điểm thi THPT,2025,17.0,Hộ sinh
121952,PKA,ho-sinh,B03,Điểm thi THPT,2025,17.0,Hộ sinh
121953,PKA,ho-sinh,B08,Điểm thi THPT,2025,17.0,Hộ sinh
121954,PKA,ho-sinh,D07,Điểm thi THPT,2025,17.0,Hộ sinh
121955,PKA,ho-sinh,X14,Điểm thi THPT,2025,17.0,Hộ sinh
121956,PKA,hoc-bang-tieng-anh,A00,Điểm học bạ,2021,24.0,KỸ THUẬT ĐIỀU KHIỂN VÀ TỰ ĐỘNG HOÁ (TRÍ TUỆ NHÂN TẠO VÀ ROBOT - CÁC MÔN CHUYÊN NGÀNH HỌC BẰNG TIẾNG ANH)
121957,PKA,hoc-bang-tieng-anh,A01,Điểm học bạ,2021,24.0,KỸ THUẬT ĐIỀU KHIỂN VÀ TỰ ĐỘNG HOÁ (TRÍ TUỆ NHÂN TẠO VÀ ROBOT - CÁC MÔN CHUYÊN NGÀNH HỌC BẰNG TIẾNG ANH)
121958,PKA,hoc-bang-tieng-anh,C01,Điểm học bạ,2021,24.0,KỸ THUẬT ĐIỀU KHIỂN VÀ TỰ ĐỘNG HOÁ (TRÍ TUỆ NHÂN TẠO VÀ ROBOT - CÁC MÔN CHUYÊN NGÀNH HỌC BẰNG TIẾNG ANH)
121959,PKA,hoc-bang-tieng-anh,D07,Điểm học bạ,2021,24.0,KỸ THUẬT ĐIỀU KHIỂN VÀ TỰ ĐỘNG HOÁ (TRÍ TUỆ NHÂN TẠO VÀ ROBOT - CÁC MÔN CHUYÊN NGÀNH HỌC BẰNG TIẾNG ANH)
121960,PKA,hoc-bang-tieng-anh,A00,Điểm thi THPT,2021,22.0,KỸ THUẬT ĐIỀU KHIỂN VÀ TỰ ĐỘNG HOÁ (TRÍ TUỆ NHÂN TẠO VÀ ROBOT - CÁC MÔN CHUYÊN NGÀNH HỌC BẰNG TIẾNG ANH)
121961,PKA,hoc-bang-tieng-anh,A01,Điểm thi THPT,2021,22.0,KỸ THUẬT ĐIỀU KHIỂN VÀ TỰ ĐỘNG HOÁ (TRÍ TUỆ NHÂN TẠO VÀ ROBOT - CÁC MÔN CHUYÊN NGÀNH HỌC BẰNG TIẾNG ANH)
121962,PKA,hoc-bang-tieng-anh,C01,Điểm thi THPT,2021,22.0,KỸ THUẬT ĐIỀU KHIỂN VÀ TỰ ĐỘNG HOÁ (TRÍ TUỆ NHÂN TẠO VÀ ROBOT - CÁC MÔN CHUYÊN NGÀNH HỌC BẰNG TIẾNG ANH)
121963,PKA,hoc-bang-tieng-anh,D07,Điểm thi THPT,2021,22.0,KỸ THUẬT ĐIỀU KHIỂN VÀ TỰ ĐỘNG HOÁ (TRÍ TUỆ NHÂN TẠO VÀ ROBOT - CÁC MÔN CHUYÊN NGÀNH HỌC BẰNG TIẾNG ANH)
121964,PKA,hoc-bang-tieng-anh,A01,Điểm học bạ,2022,28.0,Kinh doanh quốc tế (Các môn chuyên ngành học bằng Tiếng Anh)
121965,PKA,hoc-bang-tieng-anh,C04,Điểm học bạ,2022,28.0,Kinh doanh quốc tế (Các môn chuyên ngành học bằng Tiếng Anh)
121966,PKA,hoc-bang-tieng-anh,D01,Điểm học bạ,2022,28.0,Kinh doanh quốc tế (Các môn chuyên ngành học bằng Tiếng Anh)
121967,PKA,hoc-bang-tieng-anh,D07,Điểm học bạ,2022,28.0,Kinh doanh quốc tế (Các môn chuyên ngành học bằng Tiếng Anh)
121968,PKA,hoc-bang-tieng-anh,A01,Điểm thi THPT,2022,23.5,Kinh doanh quốc tế (Các môn chuyên ngành học bằng Tiếng Anh)
121969,PKA,hoc-bang-tieng-anh,C04,Điểm thi THPT,2022,23.5,Kinh doanh quốc tế (Các môn chuyên ngành học bằng Tiếng Anh)
121970,PKA,hoc-bang-tieng-anh,D01,Điểm thi THPT,2022,23.5,Kinh doanh quốc tế (Các môn chuyên ngành học bằng Tiếng Anh)
121971,PKA,hoc-bang-tieng-anh,D07,Điểm thi THPT,2022,23.5,Kinh doanh quốc tế (Các môn chuyên ngành học bằng Tiếng Anh)
121972,PKA,hoc-bang-tieng-anh,A01,Điểm học bạ,2023,25.0,Kinh doanh quốc tế (Các môn chuyên ngành học bằng Tiếng Anh)
121973,PKA,hoc-bang-tieng-anh,D01,Điểm học bạ,2023,25.0,Kinh doanh quốc tế (Các môn chuyên ngành học bằng Tiếng Anh)
121974,PKA,hoc-bang-tieng-anh,D07,Điểm học bạ,2023,25.0,Kinh doanh quốc tế (Các môn chuyên ngành học bằng Tiếng Anh)
121975,PKA,hoc-bang-tieng-anh,D10,Điểm học bạ,2023,25.0,Kinh doanh quốc tế (Các môn chuyên ngành học bằng Tiếng Anh)
121976,PKA,hoc-bang-tieng-anh,A01,Điểm thi THPT,2023,21.0,Kinh doanh quốc tế (Các môn chuyên ngành học bằng Tiếng Anh)
121977,PKA,hoc-bang-tieng-anh,D01,Điểm thi THPT,2023,21.0,Kinh doanh quốc tế (Các môn chuyên ngành học bằng Tiếng Anh)
121978,PKA,hoc-bang-tieng-anh,D07,Điểm thi THPT,2023,21.0,Kinh doanh quốc tế (Các môn chuyên ngành học bằng Tiếng Anh)
121979,PKA,hoc-bang-tieng-anh,D10,Điểm thi THPT,2023,21.0,Kinh doanh quốc tế (Các môn chuyên ngành học bằng Tiếng Anh)
121980,PKA,hoc-bang-tieng-anh,A00,Điểm học bạ,2024,25.0,Kỹ thuật robot và Trí tuệ nhân tạo (Một số học phần Chuyên ngành học bằng tiếng Anh)
121981,PKA,hoc-bang-tieng-anh,A01,Điểm học bạ,2024,25.0,Kỹ thuật robot và Trí tuệ nhân tạo (Một số học phần Chuyên ngành học bằng tiếng Anh)
121982,PKA,hoc-bang-tieng-anh,C01,Điểm học bạ,2024,25.0,Kỹ thuật robot và Trí tuệ nhân tạo (Một số học phần Chuyên ngành học bằng tiếng Anh)
121983,PKA,hoc-bang-tieng-anh,D01,Điểm học bạ,2024,24.0,Kinh doanh quốc tế (các học phần chuyên ngành học bằng tiếng anh)
121984,PKA,hoc-bang-tieng-anh,D07,Điểm học bạ,2024,25.0,Kỹ thuật robot và Trí tuệ nhân tạo (Một số học phần Chuyên ngành học bằng tiếng Anh)
121985,PKA,hoc-bang-tieng-anh,D10,Điểm học bạ,2024,24.0,Kinh doanh quốc tế (các học phần chuyên ngành học bằng tiếng anh)
121986,PKA,hoc-bang-tieng-anh,A00,Điểm thi THPT,2024,22.0,Kỹ thuật robot và Trí tuệ nhân tạo (Một số học phần Chuyên ngành học bằng tiếng Anh)
121987,PKA,hoc-bang-tieng-anh,A01,Điểm thi THPT,2024,22.0,Kỹ thuật robot và Trí tuệ nhân tạo (Một số học phần Chuyên ngành học bằng tiếng Anh)
121988,PKA,hoc-bang-tieng-anh,C01,Điểm thi THPT,2024,22.0,Kỹ thuật robot và Trí tuệ nhân tạo (Một số học phần Chuyên ngành học bằng tiếng Anh)
121989,PKA,hoc-bang-tieng-anh,D01,Điểm thi THPT,2024,20.0,Kinh doanh quốc tế (các học phần chuyên ngành học bằng tiếng anh)
121990,PKA,hoc-bang-tieng-anh,D07,Điểm thi THPT,2024,22.0,Kỹ thuật robot và Trí tuệ nhân tạo (Một số học phần Chuyên ngành học bằng tiếng Anh)
121991,PKA,hoc-bang-tieng-anh,D10,Điểm thi THPT,2024,20.0,Kinh doanh quốc tế (các học phần chuyên ngành học bằng tiếng anh)
121992,PKA,hoc-bang-tieng-anh,A00,Điểm học bạ,2025,23.33,Kỹ thuật phần mềm (Một số học phần chuyên ngành học bằng tiếng Anh)
121993,PKA,hoc-bang-tieng-anh,A01,Điểm học bạ,2025,23.33,Kinh doanh quốc tế (Các học phần chuyên ngành học bằng tiếng Anh)
121994,PKA,hoc-bang-tieng-anh,A02,Điểm học bạ,2025,27.18,Hệ thống Cơ điện tử thông minh (Các học phần chuyên ngành học bằng tiếng Anh)
121995,PKA,hoc-bang-tieng-anh,B08,Điểm học bạ,2025,23.33,Kinh doanh quốc tế (Các học phần chuyên ngành học bằng tiếng Anh)
121996,PKA,hoc-bang-tieng-anh,C01,Điểm học bạ,2025,27.18,Hệ thống Cơ điện tử thông minh (Các học phần chuyên ngành học bằng tiếng Anh)
121997,PKA,hoc-bang-tieng-anh,D01,Điểm học bạ,2025,23.33,Kinh doanh quốc tế (Các học phần chuyên ngành học bằng tiếng Anh)
121998,PKA,hoc-bang-tieng-anh,D07,Điểm học bạ,2025,23.33,Logistics và Quản lý chuỗi cung ứng (Một số học phần chuyên ngành học bằng tiếng Anh)
121999,PKA,hoc-bang-tieng-anh,D09,Điểm học bạ,2025,23.33,Kinh doanh quốc tế (Các học phần chuyên ngành học bằng tiếng Anh)
122000,PKA,hoc-bang-tieng-anh,D10,Điểm học bạ,2025,23.33,Kinh doanh quốc tế (Các học phần chuyên ngành học bằng tiếng Anh)
122001,PKA,hoc-bang-tieng-anh,D84,Điểm học bạ,2025,23.33,Kinh doanh quốc tế (Các học phần chuyên ngành học bằng tiếng Anh)
122002,PKA,hoc-bang-tieng-anh,X06,Điểm học bạ,2025,23.33,Kỹ thuật phần mềm (Một số học phần chuyên ngành học bằng tiếng Anh)
122003,PKA,hoc-bang-tieng-anh,X07,Điểm học bạ,2025,27.18,Hệ thống Cơ điện tử thông minh (Các học phần chuyên ngành học bằng tiếng Anh)
122004,PKA,hoc-bang-tieng-anh,X25,Điểm học bạ,2025,23.33,Kinh doanh quốc tế (Các học phần chuyên ngành học bằng tiếng Anh)
122005,PKA,hoc-bang-tieng-anh,X26,Điểm học bạ,2025,23.33,Kỹ thuật phần mềm (Một số học phần chuyên ngành học bằng tiếng Anh)
122006,PKA,hoc-bang-tieng-anh,A00,Điểm thi THPT,2025,19.0,Kỹ thuật phần mềm (Một số học phần chuyên ngành học bằng tiếng Anh)
122007,PKA,hoc-bang-tieng-anh,A01,Điểm thi THPT,2025,19.0,Kinh doanh quốc tế (Các học phần chuyên ngành học bằng tiếng Anh)
122008,PKA,hoc-bang-tieng-anh,A02,Điểm thi THPT,2025,25.5,Hệ thống Cơ điện tử thông minh (Các học phần chuyên ngành học bằng tiếng Anh)
122009,PKA,hoc-bang-tieng-anh,B08,Điểm thi THPT,2025,19.0,Kinh doanh quốc tế (Các học phần chuyên ngành học bằng tiếng Anh)
122010,PKA,hoc-bang-tieng-anh,C01,Điểm thi THPT,2025,25.5,Hệ thống Cơ điện tử thông minh (Các học phần chuyên ngành học bằng tiếng Anh)
122011,PKA,hoc-bang-tieng-anh,D01,Điểm thi THPT,2025,19.0,Kinh doanh quốc tế (Các học phần chuyên ngành học bằng tiếng Anh)
122012,PKA,hoc-bang-tieng-anh,D07,Điểm thi THPT,2025,19.0,Logistics và Quản lý chuỗi cung ứng (Một số học phần chuyên ngành học bằng tiếng Anh)
122013,PKA,hoc-bang-tieng-anh,D09,Điểm thi THPT,2025,19.0,Kinh doanh quốc tế (Các học phần chuyên ngành học bằng tiếng Anh)
122014,PKA,hoc-bang-tieng-anh,D10,Điểm thi THPT,2025,19.0,Kinh doanh quốc tế (Các học phần chuyên ngành học bằng tiếng Anh)
122015,PKA,hoc-bang-tieng-anh,D84,Điểm thi THPT,2025,19.0,Kinh doanh quốc tế (Các học phần chuyên ngành học bằng tiếng Anh)
122016,PKA,hoc-bang-tieng-anh,X06,Điểm thi THPT,2025,19.0,Kỹ thuật phần mềm (Một số học phần chuyên ngành học bằng tiếng Anh)
122017,PKA,hoc-bang-tieng-anh,X07,Điểm thi THPT,2025,25.5,Hệ thống Cơ điện tử thông minh (Các học phần chuyên ngành học bằng tiếng Anh)
122018,PKA,hoc-bang-tieng-anh,X25,Điểm thi THPT,2025,19.0,Kinh doanh quốc tế (Các học phần chuyên ngành học bằng tiếng Anh)
122019,PKA,hoc-bang-tieng-anh,X26,Điểm thi THPT,2025,19.0,Kỹ thuật phần mềm (Một số học phần chuyên ngành học bằng tiếng Anh)
122020,PKA,huong-dan-du-lich-quoc-te,A01,Điểm học bạ,2022,27.5,Hướng dẫn du lịch quốc tế
122021,PKA,huong-dan-du-lich-quoc-te,C00,Điểm học bạ,2022,27.5,Hướng dẫn du lịch quốc tế
122022,PKA,huong-dan-du-lich-quoc-te,D01,Điểm học bạ,2022,27.5,Hướng dẫn du lịch quốc tế
122023,PKA,huong-dan-du-lich-quoc-te,D15,Điểm học bạ,2022,27.5,Hướng dẫn du lịch quốc tế
122024,PKA,huong-dan-du-lich-quoc-te,A01,Điểm thi THPT,2022,22.0,Hướng dẫn du lịch quốc tế
122025,PKA,huong-dan-du-lich-quoc-te,C00,Điểm thi THPT,2022,22.0,Hướng dẫn du lịch quốc tế
122026,PKA,huong-dan-du-lich-quoc-te,D01,Điểm thi THPT,2022,22.0,Hướng dẫn du lịch quốc tế
122027,PKA,huong-dan-du-lich-quoc-te,D15,Điểm thi THPT,2022,22.0,Hướng dẫn du lịch quốc tế
122028,PKA,huong-dan-du-lich-quoc-te,A01,Điểm học bạ,2023,24.0,Hướng dẫn du lịch quốc tế
122029,PKA,huong-dan-du-lich-quoc-te,C00,Điểm học bạ,2023,24.0,Hướng dẫn du lịch quốc tế
122030,PKA,huong-dan-du-lich-quoc-te,D01,Điểm học bạ,2023,24.0,Hướng dẫn du lịch quốc tế
122031,PKA,huong-dan-du-lich-quoc-te,D15,Điểm học bạ,2023,24.0,Hướng dẫn du lịch quốc tế
122032,PKA,huong-dan-du-lich-quoc-te,A01,Điểm thi THPT,2023,21.0,Hướng dẫn du lịch quốc tế
122033,PKA,huong-dan-du-lich-quoc-te,C00,Điểm thi THPT,2023,21.0,Hướng dẫn du lịch quốc tế
122034,PKA,huong-dan-du-lich-quoc-te,D01,Điểm thi THPT,2023,21.0,Hướng dẫn du lịch quốc tế
122035,PKA,huong-dan-du-lich-quoc-te,D15,Điểm thi THPT,2023,21.0,Hướng dẫn du lịch quốc tế
122036,PKA,huong-dan-du-lich-quoc-te,A01,Điểm học bạ,2024,22.0,Hướng dẫn du lịch quốc tế
122037,PKA,huong-dan-du-lich-quoc-te,C00,Điểm học bạ,2024,22.0,Hướng dẫn du lịch quốc tế
122038,PKA,huong-dan-du-lich-quoc-te,D01,Điểm học bạ,2024,22.0,Hướng dẫn du lịch quốc tế
122039,PKA,huong-dan-du-lich-quoc-te,D15,Điểm học bạ,2024,22.0,Hướng dẫn du lịch quốc tế
122040,PKA,huong-dan-du-lich-quoc-te,A01,Điểm thi THPT,2024,21.0,Hướng dẫn du lịch quốc tế
122041,PKA,huong-dan-du-lich-quoc-te,C00,Điểm thi THPT,2024,21.0,Hướng dẫn du lịch quốc tế
122042,PKA,huong-dan-du-lich-quoc-te,D01,Điểm thi THPT,2024,21.0,Hướng dẫn du lịch quốc tế
122043,PKA,huong-dan-du-lich-quoc-te,D15,Điểm thi THPT,2024,21.0,Hướng dẫn du lịch quốc tế
122044,PKA,huong-dan-du-lich-quoc-te,C00,Điểm học bạ,2025,23.33,Hướng dẫn Du lịch quốc tế
122045,PKA,huong-dan-du-lich-quoc-te,C03,Điểm học bạ,2025,23.33,Hướng dẫn Du lịch quốc tế
122046,PKA,huong-dan-du-lich-quoc-te,D01,Điểm học bạ,2025,23.33,Hướng dẫn Du lịch quốc tế
122047,PKA,huong-dan-du-lich-quoc-te,D14,Điểm học bạ,2025,23.33,Hướng dẫn Du lịch quốc tế
122048,PKA,huong-dan-du-lich-quoc-te,D15,Điểm học bạ,2025,23.33,Hướng dẫn Du lịch quốc tế
122049,PKA,huong-dan-du-lich-quoc-te,D66,Điểm học bạ,2025,23.33,Hướng dẫn Du lịch quốc tế
122050,PKA,huong-dan-du-lich-quoc-te,X78,Điểm học bạ,2025,23.33,Hướng dẫn Du lịch quốc tế
122051,PKA,huong-dan-du-lich-quoc-te,C00,Điểm thi THPT,2025,19.0,Hướng dẫn Du lịch quốc tế
122052,PKA,huong-dan-du-lich-quoc-te,C03,Điểm thi THPT,2025,19.0,Hướng dẫn Du lịch quốc tế
122053,PKA,huong-dan-du-lich-quoc-te,D01,Điểm thi THPT,2025,19.0,Hướng dẫn Du lịch quốc tế
122054,PKA,huong-dan-du-lich-quoc-te,D14,Điểm thi THPT,2025,19.0,Hướng dẫn Du lịch quốc tế
122055,PKA,huong-dan-du-lich-quoc-te,D15,Điểm thi THPT,2025,19.0,Hướng dẫn Du lịch quốc tế
122056,PKA,huong-dan-du-lich-quoc-te,D66,Điểm thi THPT,2025,19.0,Hướng dẫn Du lịch quốc tế
122057,PKA,huong-dan-du-lich-quoc-te,X78,Điểm thi THPT,2025,19.0,Hướng dẫn Du lịch quốc tế
122058,PKA,ke-toan,A00,Điểm học bạ,2021,21.0,KẾ TOÁN
122059,PKA,ke-toan,A01,Điểm học bạ,2021,21.0,KẾ TOÁN
122060,PKA,ke-toan,D01,Điểm học bạ,2021,21.0,KẾ TOÁN
122061,PKA,ke-toan,D07,Điểm học bạ,2021,21.0,KẾ TOÁN
122062,PKA,ke-toan,A00,Điểm thi THPT,2021,18.0,KẾ TOÁN
122063,PKA,ke-toan,A01,Điểm thi THPT,2021,18.0,KẾ TOÁN
122064,PKA,ke-toan,D01,Điểm thi THPT,2021,18.0,KẾ TOÁN
122065,PKA,ke-toan,D07,Điểm thi THPT,2021,18.0,KẾ TOÁN
122066,PKA,ke-toan,A00,Điểm học bạ,2022,28.0,Kế toán
122067,PKA,ke-toan,A01,Điểm học bạ,2022,28.0,Kế toán
122068,PKA,ke-toan,D01,Điểm học bạ,2022,28.0,Kế toán
122069,PKA,ke-toan,D07,Điểm học bạ,2022,28.0,Kế toán
122070,PKA,ke-toan,A00,Điểm thi THPT,2022,23.5,Kế toán
122071,PKA,ke-toan,A01,Điểm thi THPT,2022,23.5,Kế toán
122072,PKA,ke-toan,D01,Điểm thi THPT,2022,23.5,Kế toán
122073,PKA,ke-toan,D07,Điểm thi THPT,2022,23.5,Kế toán
122074,PKA,ke-toan,A00,Điểm học bạ,2023,25.0,Kế toán
122075,PKA,ke-toan,A01,Điểm học bạ,2023,25.0,Kế toán
122076,PKA,ke-toan,D01,Điểm học bạ,2023,25.0,Kế toán
122077,PKA,ke-toan,D07,Điểm học bạ,2023,25.0,Kế toán
122078,PKA,ke-toan,A00,Điểm thi THPT,2023,21.0,Kế toán
122079,PKA,ke-toan,A01,Điểm thi THPT,2023,21.0,Kế toán
122080,PKA,ke-toan,D01,Điểm thi THPT,2023,21.0,Kế toán
122081,PKA,ke-toan,D07,Điểm thi THPT,2023,21.0,Kế toán
122082,PKA,ke-toan,A00,Điểm học bạ,2024,24.0,Kế toán
122083,PKA,ke-toan,A01,Điểm học bạ,2024,24.0,Kế toán
122084,PKA,ke-toan,D01,Điểm học bạ,2024,24.0,Kế toán
122085,PKA,ke-toan,D07,Điểm học bạ,2024,24.0,Kế toán
122086,PKA,ke-toan,A00,Điểm thi THPT,2024,20.0,Kế toán
122087,PKA,ke-toan,A01,Điểm thi THPT,2024,20.0,Kế toán
122088,PKA,ke-toan,D01,Điểm thi THPT,2024,20.0,Kế toán
122089,PKA,ke-toan,D07,Điểm thi THPT,2024,20.0,Kế toán
122090,PKA,ke-toan,A00,Điểm học bạ,2025,23.33,Kế toán
122091,PKA,ke-toan,A01,Điểm học bạ,2025,23.33,Kế toán
122092,PKA,ke-toan,B00,Điểm học bạ,2025,23.33,Kế toán
122093,PKA,ke-toan,B04,Điểm học bạ,2025,23.33,Kế toán
122094,PKA,ke-toan,D01,Điểm học bạ,2025,23.33,Kế toán
122095,PKA,ke-toan,D07,Điểm học bạ,2025,23.33,Kế toán
122096,PKA,ke-toan,X13,Điểm học bạ,2025,23.33,Kế toán
122097,PKA,ke-toan,A00,Điểm thi THPT,2025,19.0,Kế toán
122098,PKA,ke-toan,A01,Điểm thi THPT,2025,19.0,Kế toán
122099,PKA,ke-toan,B00,Điểm thi THPT,2025,19.0,Kế toán
122100,PKA,ke-toan,B04,Điểm thi THPT,2025,19.0,Kế toán
122101,PKA,ke-toan,D01,Điểm thi THPT,2025,19.0,Kế toán
122102,PKA,ke-toan,D07,Điểm thi THPT,2025,19.0,Kế toán
122103,PKA,ke-toan,X13,Điểm thi THPT,2025,19.0,Kế toán
122104,PKA,khoa-hoc-may-tinh,A00,Điểm học bạ,2021,24.0,KHOA HỌC MÁY TÍNH (TRÍ TUỆ NHÂN TẠO VÀ KHOA HỌC DỮ LIỆU)
122105,PKA,khoa-hoc-may-tinh,A01,Điểm học bạ,2021,24.0,KHOA HỌC MÁY TÍNH (TRÍ TUỆ NHÂN TẠO VÀ KHOA HỌC DỮ LIỆU)
122106,PKA,khoa-hoc-may-tinh,D07,Điểm học bạ,2021,24.0,KHOA HỌC MÁY TÍNH (TRÍ TUỆ NHÂN TẠO VÀ KHOA HỌC DỮ LIỆU)
122107,PKA,khoa-hoc-may-tinh,A00,Điểm thi THPT,2021,22.0,KHOA HỌC MÁY TÍNH (TRÍ TUỆ NHÂN TẠO VÀ KHOA HỌC DỮ LIỆU)
122108,PKA,khoa-hoc-may-tinh,A01,Điểm thi THPT,2021,22.0,KHOA HỌC MÁY TÍNH (TRÍ TUỆ NHÂN TẠO VÀ KHOA HỌC DỮ LIỆU)
122109,PKA,khoa-hoc-may-tinh,D07,Điểm thi THPT,2021,22.0,KHOA HỌC MÁY TÍNH (TRÍ TUỆ NHÂN TẠO VÀ KHOA HỌC DỮ LIỆU)
122110,PKA,khoa-hoc-may-tinh,A00,Điểm học bạ,2022,27.0,Khoa học máy tính (Đào tạo tài năng)
122111,PKA,khoa-hoc-may-tinh,A01,Điểm học bạ,2022,27.0,Khoa học máy tính (Đào tạo tài năng)
122112,PKA,khoa-hoc-may-tinh,D07,Điểm học bạ,2022,27.0,Khoa học máy tính (Đào tạo tài năng)
122113,PKA,khoa-hoc-may-tinh,A00,Điểm thi THPT,2022,24.0,Khoa học máy tính (Đào tạo tài năng)
122114,PKA,khoa-hoc-may-tinh,A01,Điểm thi THPT,2022,24.0,Khoa học máy tính (Đào tạo tài năng)
122115,PKA,khoa-hoc-may-tinh,D07,Điểm thi THPT,2022,24.0,Khoa học máy tính (Đào tạo tài năng)
122116,PKA,khoa-hoc-may-tinh,A00,Điểm học bạ,2024,25.0,Khoa học máy tính
122117,PKA,khoa-hoc-may-tinh,A01,Điểm học bạ,2024,25.0,Khoa học máy tính
122118,PKA,khoa-hoc-may-tinh,D07,Điểm học bạ,2024,25.0,Khoa học máy tính
122119,PKA,khoa-hoc-may-tinh,A00,Điểm thi THPT,2024,21.0,Khoa học máy tính
122120,PKA,khoa-hoc-may-tinh,A01,Điểm thi THPT,2024,21.0,Khoa học máy tính
122121,PKA,khoa-hoc-may-tinh,D07,Điểm thi THPT,2024,21.0,Khoa học máy tính
122122,PKA,khoa-hoc-may-tinh,A00,Điểm học bạ,2025,24.38,Khoa học máy tính (Trí tuệ nhân tạo và Khoa học dữ liệu)
122123,PKA,khoa-hoc-may-tinh,A01,Điểm học bạ,2025,24.38,Khoa học máy tính (Trí tuệ nhân tạo và Khoa học dữ liệu)
122124,PKA,khoa-hoc-may-tinh,D07,Điểm học bạ,2025,24.38,Khoa học máy tính (Trí tuệ nhân tạo và Khoa học dữ liệu)
122125,PKA,khoa-hoc-may-tinh,X06,Điểm học bạ,2025,24.38,Khoa học máy tính (Trí tuệ nhân tạo và Khoa học dữ liệu)
122126,PKA,khoa-hoc-may-tinh,X26,Điểm học bạ,2025,24.38,Khoa học máy tính (Trí tuệ nhân tạo và Khoa học dữ liệu)
122127,PKA,khoa-hoc-may-tinh,X27,Điểm học bạ,2025,24.38,Khoa học máy tính (Trí tuệ nhân tạo và Khoa học dữ liệu)
122128,PKA,khoa-hoc-may-tinh,A00,Điểm thi THPT,2025,21.0,Khoa học máy tính (Trí tuệ nhân tạo và Khoa học dữ liệu)
122129,PKA,khoa-hoc-may-tinh,A01,Điểm thi THPT,2025,21.0,Khoa học máy tính (Trí tuệ nhân tạo và Khoa học dữ liệu)
122130,PKA,khoa-hoc-may-tinh,D07,Điểm thi THPT,2025,21.0,Khoa học máy tính (Trí tuệ nhân tạo và Khoa học dữ liệu)
122131,PKA,khoa-hoc-may-tinh,X06,Điểm thi THPT,2025,21.0,Khoa học máy tính (Trí tuệ nhân tạo và Khoa học dữ liệu)
122132,PKA,khoa-hoc-may-tinh,X26,Điểm thi THPT,2025,21.0,Khoa học máy tính (Trí tuệ nhân tạo và Khoa học dữ liệu)
122133,PKA,khoa-hoc-may-tinh,X27,Điểm thi THPT,2025,21.0,Khoa học máy tính (Trí tuệ nhân tạo và Khoa học dữ liệu)
122134,PKA,khoa-hoc-moi-truong,A00,Điểm học bạ,2021,20.0,KHOA HỌC MÔI TRƯỜNG (SỨC KHOẺ MÔI TRƯỜNG VÀ PHÁT TRIỂN BỀN VỮNG)
122135,PKA,khoa-hoc-moi-truong,A02,Điểm học bạ,2021,20.0,KHOA HỌC MÔI TRƯỜNG (SỨC KHOẺ MÔI TRƯỜNG VÀ PHÁT TRIỂN BỀN VỮNG)
122136,PKA,khoa-hoc-moi-truong,B00,Điểm học bạ,2021,20.0,KHOA HỌC MÔI TRƯỜNG (SỨC KHOẺ MÔI TRƯỜNG VÀ PHÁT TRIỂN BỀN VỮNG)
122137,PKA,khoa-hoc-moi-truong,B08,Điểm học bạ,2021,20.0,KHOA HỌC MÔI TRƯỜNG (SỨC KHOẺ MÔI TRƯỜNG VÀ PHÁT TRIỂN BỀN VỮNG)
122138,PKA,khoa-hoc-moi-truong,A00,Điểm thi THPT,2021,27.0,KHOA HỌC MÔI TRƯỜNG (SỨC KHOẺ MÔI TRƯỜNG VÀ PHÁT TRIỂN BỀN VỮNG)
122139,PKA,khoa-hoc-moi-truong,A02,Điểm thi THPT,2021,27.0,KHOA HỌC MÔI TRƯỜNG (SỨC KHOẺ MÔI TRƯỜNG VÀ PHÁT TRIỂN BỀN VỮNG)
122140,PKA,khoa-hoc-moi-truong,B00,Điểm thi THPT,2021,27.0,KHOA HỌC MÔI TRƯỜNG (SỨC KHOẺ MÔI TRƯỜNG VÀ PHÁT TRIỂN BỀN VỮNG)
122141,PKA,khoa-hoc-moi-truong,B08,Điểm thi THPT,2021,27.0,KHOA HỌC MÔI TRƯỜNG (SỨC KHOẺ MÔI TRƯỜNG VÀ PHÁT TRIỂN BỀN VỮNG)
122142,PKA,khoa-hoc-y-sinh,A00,Điểm học bạ,2025,21.79,Khoa học y sinh
122143,PKA,khoa-hoc-y-sinh,B00,Điểm học bạ,2025,21.79,Khoa học y sinh
122144,PKA,khoa-hoc-y-sinh,B03,Điểm học bạ,2025,21.79,Khoa học y sinh
122145,PKA,khoa-hoc-y-sinh,B08,Điểm học bạ,2025,21.79,Khoa học y sinh
122146,PKA,khoa-hoc-y-sinh,C02,Điểm học bạ,2025,21.79,Khoa học y sinh
122147,PKA,khoa-hoc-y-sinh,D07,Điểm học bạ,2025,21.79,Khoa học y sinh
122148,PKA,khoa-hoc-y-sinh,A00,Điểm thi THPT,2025,17.0,Khoa học y sinh
122149,PKA,khoa-hoc-y-sinh,B00,Điểm thi THPT,2025,17.0,Khoa học y sinh
122150,PKA,khoa-hoc-y-sinh,B03,Điểm thi THPT,2025,17.0,Khoa học y sinh
122151,PKA,khoa-hoc-y-sinh,B08,Điểm thi THPT,2025,17.0,Khoa học y sinh
122152,PKA,khoa-hoc-y-sinh,C02,Điểm thi THPT,2025,17.0,Khoa học y sinh
122153,PKA,khoa-hoc-y-sinh,D07,Điểm thi THPT,2025,17.0,Khoa học y sinh
122154,PKA,kiem-toan,A00,Điểm học bạ,2025,23.33,Kiểm toán
122155,PKA,kiem-toan,A01,Điểm học bạ,2025,23.33,Kiểm toán
122156,PKA,kiem-toan,B00,Điểm học bạ,2025,23.33,Kiểm toán
122157,PKA,kiem-toan,B04,Điểm học bạ,2025,23.33,Kiểm toán
122158,PKA,kiem-toan,D01,Điểm học bạ,2025,23.33,Kiểm toán
122159,PKA,kiem-toan,D07,Điểm học bạ,2025,23.33,Kiểm toán
122160,PKA,kiem-toan,X13,Điểm học bạ,2025,23.33,Kiểm toán
122161,PKA,kiem-toan,A00,Điểm thi THPT,2025,19.0,Kiểm toán
122162,PKA,kiem-toan,A01,Điểm thi THPT,2025,19.0,Kiểm toán
122163,PKA,kiem-toan,B00,Điểm thi THPT,2025,19.0,Kiểm toán
122164,PKA,kiem-toan,B04,Điểm thi THPT,2025,19.0,Kiểm toán
122165,PKA,kiem-toan,D01,Điểm thi THPT,2025,19.0,Kiểm toán
122166,PKA,kiem-toan,D07,Điểm thi THPT,2025,19.0,Kiểm toán
122167,PKA,kiem-toan,X13,Điểm thi THPT,2025,19.0,Kiểm toán
122168,PKA,kinh-doanh-du-lich-so,A00,Điểm học bạ,2022,27.5,Kinh doanh du lịch số
122169,PKA,kinh-doanh-du-lich-so,A01,Điểm học bạ,2022,27.5,Kinh doanh du lịch số
122170,PKA,kinh-doanh-du-lich-so,D01,Điểm học bạ,2022,27.5,Kinh doanh du lịch số
122171,PKA,kinh-doanh-du-lich-so,D10,Điểm học bạ,2022,27.5,Kinh doanh du lịch số
122172,PKA,kinh-doanh-du-lich-so,A00,Điểm thi THPT,2022,22.0,Kinh doanh du lịch số
122173,PKA,kinh-doanh-du-lich-so,A01,Điểm thi THPT,2022,22.0,Kinh doanh du lịch số
122174,PKA,kinh-doanh-du-lich-so,D01,Điểm thi THPT,2022,22.0,Kinh doanh du lịch số
122175,PKA,kinh-doanh-du-lich-so,D10,Điểm thi THPT,2022,22.0,Kinh doanh du lịch số
122176,PKA,kinh-doanh-du-lich-so,A00,Điểm học bạ,2023,24.0,Kinh doanh du lịch số
122177,PKA,kinh-doanh-du-lich-so,A01,Điểm học bạ,2023,24.0,Kinh doanh du lịch số
122178,PKA,kinh-doanh-du-lich-so,D01,Điểm học bạ,2023,24.0,Kinh doanh du lịch số
122179,PKA,kinh-doanh-du-lich-so,D10,Điểm học bạ,2023,24.0,Kinh doanh du lịch số
122180,PKA,kinh-doanh-du-lich-so,A00,Điểm thi THPT,2023,21.0,Kinh doanh du lịch số
122181,PKA,kinh-doanh-du-lich-so,A01,Điểm thi THPT,2023,21.0,Kinh doanh du lịch số
122182,PKA,kinh-doanh-du-lich-so,D01,Điểm thi THPT,2023,21.0,Kinh doanh du lịch số
122183,PKA,kinh-doanh-du-lich-so,D10,Điểm thi THPT,2023,21.0,Kinh doanh du lịch số
122184,PKA,kinh-doanh-du-lich-so,A00,Điểm học bạ,2024,22.0,Kinh doanh du lịch số
122185,PKA,kinh-doanh-du-lich-so,A01,Điểm học bạ,2024,22.0,Kinh doanh du lịch số
122186,PKA,kinh-doanh-du-lich-so,D01,Điểm học bạ,2024,22.0,Kinh doanh du lịch số
122187,PKA,kinh-doanh-du-lich-so,D10,Điểm học bạ,2024,22.0,Kinh doanh du lịch số
122188,PKA,kinh-doanh-du-lich-so,A00,Điểm thi THPT,2024,21.0,Kinh doanh du lịch số
122189,PKA,kinh-doanh-du-lich-so,A01,Điểm thi THPT,2024,21.0,Kinh doanh du lịch số
122190,PKA,kinh-doanh-du-lich-so,D01,Điểm thi THPT,2024,21.0,Kinh doanh du lịch số
122191,PKA,kinh-doanh-du-lich-so,D10,Điểm thi THPT,2024,21.0,Kinh doanh du lịch số
122192,PKA,kinh-doanh-du-lich-so,A00,Điểm học bạ,2025,23.33,Kinh doanh Du lịch số
122193,PKA,kinh-doanh-du-lich-so,C03,Điểm học bạ,2025,23.33,Kinh doanh Du lịch số
122194,PKA,kinh-doanh-du-lich-so,D01,Điểm học bạ,2025,23.33,Kinh doanh Du lịch số
122195,PKA,kinh-doanh-du-lich-so,D09,Điểm học bạ,2025,23.33,Kinh doanh Du lịch số
122196,PKA,kinh-doanh-du-lich-so,D10,Điểm học bạ,2025,23.33,Kinh doanh Du lịch số
122197,PKA,kinh-doanh-du-lich-so,D84,Điểm học bạ,2025,23.33,Kinh doanh Du lịch số
122198,PKA,kinh-doanh-du-lich-so,X25,Điểm học bạ,2025,23.33,Kinh doanh Du lịch số
122199,PKA,kinh-doanh-du-lich-so,A00,Điểm thi THPT,2025,19.0,Kinh doanh Du lịch số
122200,PKA,kinh-doanh-du-lich-so,C03,Điểm thi THPT,2025,19.0,Kinh doanh Du lịch số
122201,PKA,kinh-doanh-du-lich-so,D01,Điểm thi THPT,2025,19.0,Kinh doanh Du lịch số
122202,PKA,kinh-doanh-du-lich-so,D09,Điểm thi THPT,2025,19.0,Kinh doanh Du lịch số
122203,PKA,kinh-doanh-du-lich-so,D10,Điểm thi THPT,2025,19.0,Kinh doanh Du lịch số
122204,PKA,kinh-doanh-du-lich-so,D84,Điểm thi THPT,2025,19.0,Kinh doanh Du lịch số
122205,PKA,kinh-doanh-du-lich-so,X25,Điểm thi THPT,2025,19.0,Kinh doanh Du lịch số
122206,PKA,kinh-doanh-so,A00,Điểm học bạ,2024,22.0,Kinh doanh số
122207,PKA,kinh-doanh-so,A01,Điểm học bạ,2024,22.0,Kinh doanh số
122208,PKA,kinh-doanh-so,D01,Điểm học bạ,2024,22.0,Kinh doanh số
122209,PKA,kinh-doanh-so,D07,Điểm học bạ,2024,22.0,Kinh doanh số
122210,PKA,kinh-doanh-so,A00,Điểm thi THPT,2024,18.0,Kinh doanh số
122211,PKA,kinh-doanh-so,A01,Điểm thi THPT,2024,18.0,Kinh doanh số
122212,PKA,kinh-doanh-so,D01,Điểm thi THPT,2024,18.0,Kinh doanh số
122213,PKA,kinh-doanh-so,D07,Điểm thi THPT,2024,18.0,Kinh doanh số
122214,PKA,kinh-te-so,A00,Điểm học bạ,2024,22.0,Kinh tế số
122215,PKA,kinh-te-so,A01,Điểm học bạ,2024,22.0,Kinh tế số
122216,PKA,kinh-te-so,D01,Điểm học bạ,2024,22.0,Kinh tế số
122217,PKA,kinh-te-so,D07,Điểm học bạ,2024,22.0,Kinh tế số
122218,PKA,kinh-te-so,A00,Điểm thi THPT,2024,18.0,Kinh tế số
122219,PKA,kinh-te-so,A01,Điểm thi THPT,2024,18.0,Kinh tế số
122220,PKA,kinh-te-so,D01,Điểm thi THPT,2024,18.0,Kinh tế số
122221,PKA,kinh-te-so,D07,Điểm thi THPT,2024,18.0,Kinh tế số
122222,PKA,kinh-te-so,A00,Điểm học bạ,2025,22.81,Kinh tế số
122223,PKA,kinh-te-so,A01,Điểm học bạ,2025,22.81,Kinh tế số
122224,PKA,kinh-te-so,D01,Điểm học bạ,2025,22.81,Kinh tế số
122225,PKA,kinh-te-so,D84,Điểm học bạ,2025,22.81,Kinh tế số
122226,PKA,kinh-te-so,X25,Điểm học bạ,2025,22.81,Kinh tế số
122227,PKA,kinh-te-so,X26,Điểm học bạ,2025,22.81,Kinh tế số
122228,PKA,kinh-te-so,X27,Điểm học bạ,2025,22.81,Kinh tế số
122229,PKA,kinh-te-so,A00,Điểm thi THPT,2025,18.0,Kinh tế số
122230,PKA,kinh-te-so,A01,Điểm thi THPT,2025,18.0,Kinh tế số
122231,PKA,kinh-te-so,D01,Điểm thi THPT,2025,18.0,Kinh tế số
122232,PKA,kinh-te-so,D84,Điểm thi THPT,2025,18.0,Kinh tế số
122233,PKA,kinh-te-so,X25,Điểm thi THPT,2025,18.0,Kinh tế số
122234,PKA,kinh-te-so,X26,Điểm thi THPT,2025,18.0,Kinh tế số
122235,PKA,kinh-te-so,X27,Điểm thi THPT,2025,18.0,Kinh tế số
122236,PKA,ky-thuat-co-dien-tu,A00,Điểm học bạ,2021,20.5,KỸ THUẬT CƠ ĐIỆN TỬ
122237,PKA,ky-thuat-co-dien-tu,A01,Điểm học bạ,2021,20.5,KỸ THUẬT CƠ ĐIỆN TỬ
122238,PKA,ky-thuat-co-dien-tu,A02,Điểm học bạ,2021,20.5,KỸ THUẬT CƠ ĐIỆN TỬ
122239,PKA,ky-thuat-co-dien-tu,C01,Điểm học bạ,2021,20.5,KỸ THUẬT CƠ ĐIỆN TỬ
122240,PKA,ky-thuat-co-dien-tu,A00,Điểm thi THPT,2021,17.0,KỸ THUẬT CƠ ĐIỆN TỬ
122241,PKA,ky-thuat-co-dien-tu,A01,Điểm thi THPT,2021,17.0,KỸ THUẬT CƠ ĐIỆN TỬ
122242,PKA,ky-thuat-co-dien-tu,A02,Điểm thi THPT,2021,17.0,KỸ THUẬT CƠ ĐIỆN TỬ
122243,PKA,ky-thuat-co-dien-tu,C01,Điểm thi THPT,2021,17.0,KỸ THUẬT CƠ ĐIỆN TỬ
122244,PKA,ky-thuat-co-dien-tu,A00,Điểm học bạ,2022,27.5,Kỹ thuật cơ điện tử
122245,PKA,ky-thuat-co-dien-tu,A01,Điểm học bạ,2022,27.5,Kỹ thuật cơ điện tử
122246,PKA,ky-thuat-co-dien-tu,A02,Điểm học bạ,2022,27.5,Kỹ thuật cơ điện tử
122247,PKA,ky-thuat-co-dien-tu,C01,Điểm học bạ,2022,27.5,Kỹ thuật cơ điện tử
122248,PKA,ky-thuat-co-dien-tu,A00,Điểm thi THPT,2022,19.0,Kỹ thuật cơ điện tử
122249,PKA,ky-thuat-co-dien-tu,A01,Điểm thi THPT,2022,19.0,Kỹ thuật cơ điện tử
122250,PKA,ky-thuat-co-dien-tu,A02,Điểm thi THPT,2022,19.0,Kỹ thuật cơ điện tử
122251,PKA,ky-thuat-co-dien-tu,C01,Điểm thi THPT,2022,19.0,Kỹ thuật cơ điện tử
122252,PKA,ky-thuat-co-dien-tu,A00,Điểm học bạ,2023,22.5,Kỹ thuật cơ điện tử
122253,PKA,ky-thuat-co-dien-tu,A01,Điểm học bạ,2023,22.5,Kỹ thuật cơ điện tử
122254,PKA,ky-thuat-co-dien-tu,A02,Điểm học bạ,2023,22.5,Kỹ thuật cơ điện tử
122255,PKA,ky-thuat-co-dien-tu,C01,Điểm học bạ,2023,22.5,Kỹ thuật cơ điện tử
122256,PKA,ky-thuat-co-dien-tu,A00,Điểm thi THPT,2023,20.0,Kỹ thuật cơ điện tử
122257,PKA,ky-thuat-co-dien-tu,A01,Điểm thi THPT,2023,20.0,Kỹ thuật cơ điện tử
122258,PKA,ky-thuat-co-dien-tu,A02,Điểm thi THPT,2023,20.0,Kỹ thuật cơ điện tử
122259,PKA,ky-thuat-co-dien-tu,C01,Điểm thi THPT,2023,20.0,Kỹ thuật cơ điện tử
122260,PKA,ky-thuat-co-dien-tu,A00,Điểm học bạ,2024,22.5,Kỹ thuật cơ điện tử
122261,PKA,ky-thuat-co-dien-tu,A01,Điểm học bạ,2024,22.5,Kỹ thuật cơ điện tử
122262,PKA,ky-thuat-co-dien-tu,A02,Điểm học bạ,2024,22.5,Kỹ thuật cơ điện tử
122263,PKA,ky-thuat-co-dien-tu,C01,Điểm học bạ,2024,22.5,Kỹ thuật cơ điện tử
122264,PKA,ky-thuat-co-dien-tu,A00,Điểm thi THPT,2024,20.0,Kỹ thuật cơ điện tử
122265,PKA,ky-thuat-co-dien-tu,A01,Điểm thi THPT,2024,20.0,Kỹ thuật cơ điện tử
122266,PKA,ky-thuat-co-dien-tu,A02,Điểm thi THPT,2024,20.0,Kỹ thuật cơ điện tử
122267,PKA,ky-thuat-co-dien-tu,C01,Điểm thi THPT,2024,20.0,Kỹ thuật cơ điện tử
122268,PKA,ky-thuat-co-dien-tu,A00,Điểm học bạ,2025,23.85,Kỹ thuật cơ điện tử
122269,PKA,ky-thuat-co-dien-tu,A01,Điểm học bạ,2025,23.85,Kỹ thuật cơ điện tử
122270,PKA,ky-thuat-co-dien-tu,A02,Điểm học bạ,2025,23.85,Kỹ thuật cơ điện tử
122271,PKA,ky-thuat-co-dien-tu,C01,Điểm học bạ,2025,23.85,Kỹ thuật cơ điện tử
122272,PKA,ky-thuat-co-dien-tu,X06,Điểm học bạ,2025,23.85,Kỹ thuật cơ điện tử
122273,PKA,ky-thuat-co-dien-tu,X07,Điểm học bạ,2025,23.85,Kỹ thuật cơ điện tử
122274,PKA,ky-thuat-co-dien-tu,A00,Điểm thi THPT,2025,20.0,Kỹ thuật cơ điện tử
122275,PKA,ky-thuat-co-dien-tu,A01,Điểm thi THPT,2025,20.0,Kỹ thuật cơ điện tử
122276,PKA,ky-thuat-co-dien-tu,A02,Điểm thi THPT,2025,20.0,Kỹ thuật cơ điện tử
122277,PKA,ky-thuat-co-dien-tu,C01,Điểm thi THPT,2025,20.0,Kỹ thuật cơ điện tử
122278,PKA,ky-thuat-co-dien-tu,X06,Điểm thi THPT,2025,20.0,Kỹ thuật cơ điện tử
122279,PKA,ky-thuat-co-dien-tu,X07,Điểm thi THPT,2025,20.0,Kỹ thuật cơ điện tử
122280,PKA,ky-thuat-co-khi,A00,Điểm học bạ,2021,20.0,KỸ THUẬT CƠ KHÍ
122281,PKA,ky-thuat-co-khi,A01,Điểm học bạ,2021,20.0,KỸ THUẬT CƠ KHÍ
122282,PKA,ky-thuat-co-khi,A02,Điểm học bạ,2021,20.0,KỸ THUẬT CƠ KHÍ
122283,PKA,ky-thuat-co-khi,C01,Điểm học bạ,2021,20.0,KỸ THUẬT CƠ KHÍ
122284,PKA,ky-thuat-co-khi,A00,Điểm thi THPT,2021,17.0,KỸ THUẬT CƠ KHÍ
122285,PKA,ky-thuat-co-khi,A01,Điểm thi THPT,2021,17.0,KỸ THUẬT CƠ KHÍ
122286,PKA,ky-thuat-co-khi,A02,Điểm thi THPT,2021,17.0,KỸ THUẬT CƠ KHÍ
122287,PKA,ky-thuat-co-khi,C01,Điểm thi THPT,2021,17.0,KỸ THUẬT CƠ KHÍ
122288,PKA,ky-thuat-co-khi,A00,Điểm học bạ,2022,22.0,Kỹ thuật cơ khí
122289,PKA,ky-thuat-co-khi,A01,Điểm học bạ,2022,22.0,Kỹ thuật cơ khí
122290,PKA,ky-thuat-co-khi,A02,Điểm học bạ,2022,22.0,Kỹ thuật cơ khí
122291,PKA,ky-thuat-co-khi,C01,Điểm học bạ,2022,22.0,Kỹ thuật cơ khí
122292,PKA,ky-thuat-co-khi,A00,Điểm thi THPT,2022,19.0,Kỹ thuật cơ khí
122293,PKA,ky-thuat-co-khi,A01,Điểm thi THPT,2022,19.0,Kỹ thuật cơ khí
122294,PKA,ky-thuat-co-khi,A02,Điểm thi THPT,2022,19.0,Kỹ thuật cơ khí
122295,PKA,ky-thuat-co-khi,C01,Điểm thi THPT,2022,19.0,Kỹ thuật cơ khí
122296,PKA,ky-thuat-co-khi,A00,Điểm học bạ,2023,22.0,Kỹ thuật cơ khí
122297,PKA,ky-thuat-co-khi,A01,Điểm học bạ,2023,22.0,Kỹ thuật cơ khí
122298,PKA,ky-thuat-co-khi,A02,Điểm học bạ,2023,22.0,Kỹ thuật cơ khí
122299,PKA,ky-thuat-co-khi,C01,Điểm học bạ,2023,22.0,Kỹ thuật cơ khí
122300,PKA,ky-thuat-co-khi,A00,Điểm thi THPT,2023,19.0,Kỹ thuật cơ khí
122301,PKA,ky-thuat-co-khi,A01,Điểm thi THPT,2023,19.0,Kỹ thuật cơ khí
122302,PKA,ky-thuat-co-khi,A02,Điểm thi THPT,2023,19.0,Kỹ thuật cơ khí
122303,PKA,ky-thuat-co-khi,C01,Điểm thi THPT,2023,19.0,Kỹ thuật cơ khí
122304,PKA,ky-thuat-co-khi,A00,Điểm học bạ,2024,22.0,Kỹ thuật cơ khí
122305,PKA,ky-thuat-co-khi,A01,Điểm học bạ,2024,22.0,Kỹ thuật cơ khí
122306,PKA,ky-thuat-co-khi,A02,Điểm học bạ,2024,22.0,Kỹ thuật cơ khí
122307,PKA,ky-thuat-co-khi,C01,Điểm học bạ,2024,22.0,Kỹ thuật cơ khí
122308,PKA,ky-thuat-co-khi,A00,Điểm thi THPT,2024,19.0,Kỹ thuật cơ khí
122309,PKA,ky-thuat-co-khi,A01,Điểm thi THPT,2024,19.0,Kỹ thuật cơ khí
122310,PKA,ky-thuat-co-khi,A02,Điểm thi THPT,2024,19.0,Kỹ thuật cơ khí
122311,PKA,ky-thuat-co-khi,C01,Điểm thi THPT,2024,19.0,Kỹ thuật cơ khí
122312,PKA,ky-thuat-co-khi,A00,Điểm học bạ,2025,23.33,Kỹ thuật cơ khí
122313,PKA,ky-thuat-co-khi,A01,Điểm học bạ,2025,23.33,Kỹ thuật cơ khí
122314,PKA,ky-thuat-co-khi,A02,Điểm học bạ,2025,23.33,Kỹ thuật cơ khí
122315,PKA,ky-thuat-co-khi,C01,Điểm học bạ,2025,23.33,Kỹ thuật cơ khí
122316,PKA,ky-thuat-co-khi,X06,Điểm học bạ,2025,23.33,Kỹ thuật cơ khí
122317,PKA,ky-thuat-co-khi,X07,Điểm học bạ,2025,23.33,Kỹ thuật cơ khí
122318,PKA,ky-thuat-co-khi,A00,Điểm thi THPT,2025,19.0,Kỹ thuật cơ khí
122319,PKA,ky-thuat-co-khi,A01,Điểm thi THPT,2025,19.0,Kỹ thuật cơ khí
122320,PKA,ky-thuat-co-khi,A02,Điểm thi THPT,2025,19.0,Kỹ thuật cơ khí
122321,PKA,ky-thuat-co-khi,C01,Điểm thi THPT,2025,19.0,Kỹ thuật cơ khí
122322,PKA,ky-thuat-co-khi,X06,Điểm thi THPT,2025,19.0,Kỹ thuật cơ khí
122323,PKA,ky-thuat-co-khi,X07,Điểm thi THPT,2025,19.0,Kỹ thuật cơ khí
122324,PKA,ky-thuat-dien-tu-vien-thong,A00,Điểm học bạ,2021,21.0,KỸ THUẬT ĐIỆN TỬ - VIỄN THÔNG (HỆ THỐNG NHÚNG THÔNG MINH VÀ IOT)
122325,PKA,ky-thuat-dien-tu-vien-thong,A01,Điểm học bạ,2021,21.0,KỸ THUẬT ĐIỆN TỬ - VIỄN THÔNG (HỆ THỐNG NHÚNG THÔNG MINH VÀ IOT)
122326,PKA,ky-thuat-dien-tu-vien-thong,C01,Điểm học bạ,2021,21.0,KỸ THUẬT ĐIỆN TỬ - VIỄN THÔNG (HỆ THỐNG NHÚNG THÔNG MINH VÀ IOT)
122327,PKA,ky-thuat-dien-tu-vien-thong,D07,Điểm học bạ,2021,21.0,KỸ THUẬT ĐIỆN TỬ - VIỄN THÔNG (HỆ THỐNG NHÚNG THÔNG MINH VÀ IOT)
122328,PKA,ky-thuat-dien-tu-vien-thong,A00,Điểm thi THPT,2021,20.0,KỸ THUẬT ĐIỆN TỬ - VIỄN THÔNG (HỆ THỐNG NHÚNG THÔNG MINH VÀ IOT)
122329,PKA,ky-thuat-dien-tu-vien-thong,A01,Điểm thi THPT,2021,20.0,KỸ THUẬT ĐIỆN TỬ - VIỄN THÔNG (HỆ THỐNG NHÚNG THÔNG MINH VÀ IOT)
122330,PKA,ky-thuat-dien-tu-vien-thong,C01,Điểm thi THPT,2021,20.0,KỸ THUẬT ĐIỆN TỬ - VIỄN THÔNG (HỆ THỐNG NHÚNG THÔNG MINH VÀ IOT)
122331,PKA,ky-thuat-dien-tu-vien-thong,D07,Điểm thi THPT,2021,20.0,KỸ THUẬT ĐIỆN TỬ - VIỄN THÔNG (HỆ THỐNG NHÚNG THÔNG MINH VÀ IOT)
122332,PKA,ky-thuat-dien-tu-vien-thong,A00,Điểm học bạ,2022,22.5,Kỹ thuật điện tử - viễn thông (Hệ thống nhúng thông minh và IOT)
122333,PKA,ky-thuat-dien-tu-vien-thong,A01,Điểm học bạ,2022,22.5,Kỹ thuật điện tử - viễn thông (Hệ thống nhúng thông minh và IOT)
122334,PKA,ky-thuat-dien-tu-vien-thong,C01,Điểm học bạ,2022,22.5,Kỹ thuật điện tử - viễn thông (Hệ thống nhúng thông minh và IOT)
122335,PKA,ky-thuat-dien-tu-vien-thong,D07,Điểm học bạ,2022,22.5,Kỹ thuật điện tử - viễn thông (Hệ thống nhúng thông minh và IOT)
122336,PKA,ky-thuat-dien-tu-vien-thong,A00,Điểm thi THPT,2022,21.0,Kỹ thuật điện tử - viễn thông (Hệ thống nhúng thông minh và IOT)
122337,PKA,ky-thuat-dien-tu-vien-thong,A01,Điểm thi THPT,2022,21.0,Kỹ thuật điện tử - viễn thông (Hệ thống nhúng thông minh và IOT)
122338,PKA,ky-thuat-dien-tu-vien-thong,C01,Điểm thi THPT,2022,21.0,Kỹ thuật điện tử - viễn thông (Hệ thống nhúng thông minh và IOT)
122339,PKA,ky-thuat-dien-tu-vien-thong,D07,Điểm thi THPT,2022,21.0,Kỹ thuật điện tử - viễn thông (Hệ thống nhúng thông minh và IOT)
122340,PKA,ky-thuat-dien-tu-vien-thong,A00,Điểm học bạ,2023,23.5,Kỹ thuật điện tử - viễn thông (Hệ thống nhúng thông minh và IOT)
122341,PKA,ky-thuat-dien-tu-vien-thong,A01,Điểm học bạ,2023,23.5,Kỹ thuật điện tử - viễn thông (Hệ thống nhúng thông minh và IOT)
122342,PKA,ky-thuat-dien-tu-vien-thong,C01,Điểm học bạ,2023,23.5,Kỹ thuật điện tử - viễn thông (Hệ thống nhúng thông minh và IOT)
122343,PKA,ky-thuat-dien-tu-vien-thong,D07,Điểm học bạ,2023,23.5,Kỹ thuật điện tử - viễn thông (Hệ thống nhúng thông minh và IOT)
122344,PKA,ky-thuat-dien-tu-vien-thong,A00,Điểm thi THPT,2023,21.0,Kỹ thuật điện tử - viễn thông (Hệ thống nhúng thông minh và IOT)
122345,PKA,ky-thuat-dien-tu-vien-thong,A01,Điểm thi THPT,2023,21.0,Kỹ thuật điện tử - viễn thông (Hệ thống nhúng thông minh và IOT)
122346,PKA,ky-thuat-dien-tu-vien-thong,C01,Điểm thi THPT,2023,21.0,Kỹ thuật điện tử - viễn thông (Hệ thống nhúng thông minh và IOT)
122347,PKA,ky-thuat-dien-tu-vien-thong,D07,Điểm thi THPT,2023,21.0,Kỹ thuật điện tử - viễn thông (Hệ thống nhúng thông minh và IOT)
122348,PKA,ky-thuat-dien-tu-vien-thong,A00,Điểm học bạ,2024,24.0,Kỹ thuật điện tử - viễn thông (Hệ thống nhúng thông minh và Iot)
122349,PKA,ky-thuat-dien-tu-vien-thong,A01,Điểm học bạ,2024,24.0,Kỹ thuật điện tử - viễn thông (Hệ thống nhúng thông minh và Iot)
122350,PKA,ky-thuat-dien-tu-vien-thong,C01,Điểm học bạ,2024,24.0,Kỹ thuật điện tử - viễn thông (Hệ thống nhúng thông minh và Iot)
122351,PKA,ky-thuat-dien-tu-vien-thong,D07,Điểm học bạ,2024,24.0,Kỹ thuật điện tử - viễn thông (Hệ thống nhúng thông minh và Iot)
122352,PKA,ky-thuat-dien-tu-vien-thong,A00,Điểm thi THPT,2024,21.0,Kỹ thuật điện tử - viễn thông (Hệ thống nhúng thông minh và Iot)
122353,PKA,ky-thuat-dien-tu-vien-thong,A01,Điểm thi THPT,2024,21.0,Kỹ thuật điện tử - viễn thông (Hệ thống nhúng thông minh và Iot)
122354,PKA,ky-thuat-dien-tu-vien-thong,C01,Điểm thi THPT,2024,21.0,Kỹ thuật điện tử - viễn thông (Hệ thống nhúng thông minh và Iot)
122355,PKA,ky-thuat-dien-tu-vien-thong,D07,Điểm thi THPT,2024,21.0,Kỹ thuật điện tử - viễn thông (Hệ thống nhúng thông minh và Iot)
122356,PKA,ky-thuat-dien-tu-vien-thong,A00,Điểm học bạ,2025,24.38,Kỹ thuật Điện tử - Viễn thông (Hệ thống nhúng thông minh và IoT)
122357,PKA,ky-thuat-dien-tu-vien-thong,A01,Điểm học bạ,2025,24.38,Kỹ thuật Điện tử - Viễn thông (Hệ thống nhúng thông minh và IoT)
122358,PKA,ky-thuat-dien-tu-vien-thong,D07,Điểm học bạ,2025,24.38,Kỹ thuật Điện tử - Viễn thông (Hệ thống nhúng thông minh và IoT)
122359,PKA,ky-thuat-dien-tu-vien-thong,D08,Điểm học bạ,2025,24.38,Kỹ thuật Điện tử - Viễn thông (Hệ thống nhúng thông minh và IoT)
122360,PKA,ky-thuat-dien-tu-vien-thong,X06,Điểm học bạ,2025,24.38,Kỹ thuật Điện tử - Viễn thông (Hệ thống nhúng thông minh và IoT)
122361,PKA,ky-thuat-dien-tu-vien-thong,X26,Điểm học bạ,2025,24.38,Kỹ thuật Điện tử - Viễn thông (Hệ thống nhúng thông minh và IoT)
122362,PKA,ky-thuat-dien-tu-vien-thong,A00,Điểm thi THPT,2025,21.0,Kỹ thuật Điện tử - Viễn thông (Hệ thống nhúng thông minh và IoT)
122363,PKA,ky-thuat-dien-tu-vien-thong,A01,Điểm thi THPT,2025,21.0,Kỹ thuật Điện tử - Viễn thông (Hệ thống nhúng thông minh và IoT)
122364,PKA,ky-thuat-dien-tu-vien-thong,D07,Điểm thi THPT,2025,21.0,Kỹ thuật Điện tử - Viễn thông (Hệ thống nhúng thông minh và IoT)
122365,PKA,ky-thuat-dien-tu-vien-thong,D08,Điểm thi THPT,2025,21.0,Kỹ thuật Điện tử - Viễn thông (Hệ thống nhúng thông minh và IoT)
122366,PKA,ky-thuat-dien-tu-vien-thong,X06,Điểm thi THPT,2025,21.0,Kỹ thuật Điện tử - Viễn thông (Hệ thống nhúng thông minh và IoT)
122367,PKA,ky-thuat-dien-tu-vien-thong,X26,Điểm thi THPT,2025,21.0,Kỹ thuật Điện tử - Viễn thông (Hệ thống nhúng thông minh và IoT)
122368,PKA,ky-thuat-dieu-khien-va-tu-dong-hoa,A00,Điểm học bạ,2021,22.5,KỸ THUẬT ĐIỀU KHIỂN VÀ TỰ ĐỘNG HÓA
122369,PKA,ky-thuat-dieu-khien-va-tu-dong-hoa,A01,Điểm học bạ,2021,22.5,KỸ THUẬT ĐIỀU KHIỂN VÀ TỰ ĐỘNG HÓA
122370,PKA,ky-thuat-dieu-khien-va-tu-dong-hoa,C01,Điểm học bạ,2021,22.5,KỸ THUẬT ĐIỀU KHIỂN VÀ TỰ ĐỘNG HÓA
122371,PKA,ky-thuat-dieu-khien-va-tu-dong-hoa,D07,Điểm học bạ,2021,22.5,KỸ THUẬT ĐIỀU KHIỂN VÀ TỰ ĐỘNG HÓA
122372,PKA,ky-thuat-dieu-khien-va-tu-dong-hoa,A00,Điểm thi THPT,2021,21.0,KỸ THUẬT ĐIỀU KHIỂN VÀ TỰ ĐỘNG HÓA
122373,PKA,ky-thuat-dieu-khien-va-tu-dong-hoa,A01,Điểm thi THPT,2021,21.0,KỸ THUẬT ĐIỀU KHIỂN VÀ TỰ ĐỘNG HÓA
122374,PKA,ky-thuat-dieu-khien-va-tu-dong-hoa,C01,Điểm thi THPT,2021,21.0,KỸ THUẬT ĐIỀU KHIỂN VÀ TỰ ĐỘNG HÓA
122375,PKA,ky-thuat-dieu-khien-va-tu-dong-hoa,D07,Điểm thi THPT,2021,21.0,KỸ THUẬT ĐIỀU KHIỂN VÀ TỰ ĐỘNG HÓA
122376,PKA,ky-thuat-dieu-khien-va-tu-dong-hoa,A00,Điểm học bạ,2022,24.0,Kỹ thuật điều khiển và tự động hóa
122377,PKA,ky-thuat-dieu-khien-va-tu-dong-hoa,A01,Điểm học bạ,2022,24.0,Kỹ thuật điều khiển và tự động hóa
122378,PKA,ky-thuat-dieu-khien-va-tu-dong-hoa,C01,Điểm học bạ,2022,24.0,Kỹ thuật điều khiển và tự động hóa
122379,PKA,ky-thuat-dieu-khien-va-tu-dong-hoa,D07,Điểm học bạ,2022,24.0,Kỹ thuật điều khiển và tự động hóa
122380,PKA,ky-thuat-dieu-khien-va-tu-dong-hoa,A00,Điểm thi THPT,2022,22.0,Kỹ thuật điều khiển và tự động hóa
122381,PKA,ky-thuat-dieu-khien-va-tu-dong-hoa,A01,Điểm thi THPT,2022,22.0,Kỹ thuật điều khiển và tự động hóa
122382,PKA,ky-thuat-dieu-khien-va-tu-dong-hoa,C01,Điểm thi THPT,2022,22.0,Kỹ thuật điều khiển và tự động hóa
122383,PKA,ky-thuat-dieu-khien-va-tu-dong-hoa,D07,Điểm thi THPT,2022,22.0,Kỹ thuật điều khiển và tự động hóa
122384,PKA,ky-thuat-dieu-khien-va-tu-dong-hoa,A00,Điểm học bạ,2023,25.0,Kỹ thuật điều khiển và tự động hóa
122385,PKA,ky-thuat-dieu-khien-va-tu-dong-hoa,A01,Điểm học bạ,2023,25.0,Kỹ thuật điều khiển và tự động hóa
122386,PKA,ky-thuat-dieu-khien-va-tu-dong-hoa,C01,Điểm học bạ,2023,25.0,Kỹ thuật điều khiển và tự động hóa
122387,PKA,ky-thuat-dieu-khien-va-tu-dong-hoa,D07,Điểm học bạ,2023,25.0,Kỹ thuật điều khiển và tự động hóa
122388,PKA,ky-thuat-dieu-khien-va-tu-dong-hoa,A00,Điểm thi THPT,2023,22.0,Kỹ thuật điều khiển và tự động hóa
122389,PKA,ky-thuat-dieu-khien-va-tu-dong-hoa,A01,Điểm thi THPT,2023,22.0,Kỹ thuật điều khiển và tự động hóa
122390,PKA,ky-thuat-dieu-khien-va-tu-dong-hoa,C01,Điểm thi THPT,2023,22.0,Kỹ thuật điều khiển và tự động hóa
122391,PKA,ky-thuat-dieu-khien-va-tu-dong-hoa,D07,Điểm thi THPT,2023,22.0,Kỹ thuật điều khiển và tự động hóa
122392,PKA,ky-thuat-dieu-khien-va-tu-dong-hoa,A00,Điểm học bạ,2024,25.0,Kỹ thuật điều khiển và Tự động hóa
122393,PKA,ky-thuat-dieu-khien-va-tu-dong-hoa,A01,Điểm học bạ,2024,25.0,Kỹ thuật điều khiển và Tự động hóa
122394,PKA,ky-thuat-dieu-khien-va-tu-dong-hoa,C01,Điểm học bạ,2024,25.0,Kỹ thuật điều khiển và Tự động hóa
122395,PKA,ky-thuat-dieu-khien-va-tu-dong-hoa,D07,Điểm học bạ,2024,25.0,Kỹ thuật điều khiển và Tự động hóa
122396,PKA,ky-thuat-dieu-khien-va-tu-dong-hoa,A00,Điểm thi THPT,2024,22.0,Kỹ thuật điều khiển và Tự động hóa
122397,PKA,ky-thuat-dieu-khien-va-tu-dong-hoa,A01,Điểm thi THPT,2024,22.0,Kỹ thuật điều khiển và Tự động hóa
122398,PKA,ky-thuat-dieu-khien-va-tu-dong-hoa,C01,Điểm thi THPT,2024,22.0,Kỹ thuật điều khiển và Tự động hóa
122399,PKA,ky-thuat-dieu-khien-va-tu-dong-hoa,D07,Điểm thi THPT,2024,22.0,Kỹ thuật điều khiển và Tự động hóa
122400,PKA,ky-thuat-dieu-khien-va-tu-dong-hoa,A00,Điểm học bạ,2025,24.9,Kỹ thuật điều khiển và tự động hóa (Robot và trí tuệ nhân tạo)
122401,PKA,ky-thuat-dieu-khien-va-tu-dong-hoa,A01,Điểm học bạ,2025,24.9,Kỹ thuật điều khiển và tự động hóa (Robot và trí tuệ nhân tạo)
122402,PKA,ky-thuat-dieu-khien-va-tu-dong-hoa,C01,Điểm học bạ,2025,24.9,Kỹ thuật điều khiển và tự động hóa (Robot và trí tuệ nhân tạo)
122403,PKA,ky-thuat-dieu-khien-va-tu-dong-hoa,D07,Điểm học bạ,2025,24.9,Kỹ thuật điều khiển và tự động hóa (Robot và trí tuệ nhân tạo)
122404,PKA,ky-thuat-dieu-khien-va-tu-dong-hoa,X06,Điểm học bạ,2025,24.9,Kỹ thuật điều khiển và tự động hóa (Robot và trí tuệ nhân tạo)
122405,PKA,ky-thuat-dieu-khien-va-tu-dong-hoa,X26,Điểm học bạ,2025,24.9,Kỹ thuật điều khiển và tự động hóa (Robot và trí tuệ nhân tạo)
122406,PKA,ky-thuat-dieu-khien-va-tu-dong-hoa,A00,Điểm thi THPT,2025,22.0,Kỹ thuật điều khiển và tự động hóa (Robot và trí tuệ nhân tạo)
122407,PKA,ky-thuat-dieu-khien-va-tu-dong-hoa,A01,Điểm thi THPT,2025,22.0,Kỹ thuật điều khiển và tự động hóa (Robot và trí tuệ nhân tạo)
122408,PKA,ky-thuat-dieu-khien-va-tu-dong-hoa,C01,Điểm thi THPT,2025,22.0,Kỹ thuật điều khiển và tự động hóa (Robot và trí tuệ nhân tạo)
122409,PKA,ky-thuat-dieu-khien-va-tu-dong-hoa,D07,Điểm thi THPT,2025,22.0,Kỹ thuật điều khiển và tự động hóa (Robot và trí tuệ nhân tạo)
122410,PKA,ky-thuat-dieu-khien-va-tu-dong-hoa,X06,Điểm thi THPT,2025,22.0,Kỹ thuật điều khiển và tự động hóa (Robot và trí tuệ nhân tạo)
122411,PKA,ky-thuat-dieu-khien-va-tu-dong-hoa,X26,Điểm thi THPT,2025,22.0,Kỹ thuật điều khiển và tự động hóa (Robot và trí tuệ nhân tạo)
122412,PKA,ky-thuat-hinh-anh-y-hoc,A02,Điểm học bạ,2024,21.0,Kỹ thuật hình ảnh y học
122413,PKA,ky-thuat-hinh-anh-y-hoc,B00,Điểm học bạ,2024,21.0,Kỹ thuật hình ảnh y học
122414,PKA,ky-thuat-hinh-anh-y-hoc,B08,Điểm học bạ,2024,21.0,Kỹ thuật hình ảnh y học
122415,PKA,ky-thuat-hinh-anh-y-hoc,D07,Điểm học bạ,2024,21.0,Kỹ thuật hình ảnh y học
122416,PKA,ky-thuat-hinh-anh-y-hoc,A02,Điểm thi THPT,2024,19.0,Kỹ thuật hình ảnh y học
122417,PKA,ky-thuat-hinh-anh-y-hoc,B00,Điểm thi THPT,2024,19.0,Kỹ thuật hình ảnh y học
122418,PKA,ky-thuat-hinh-anh-y-hoc,B08,Điểm thi THPT,2024,19.0,Kỹ thuật hình ảnh y học
122419,PKA,ky-thuat-hinh-anh-y-hoc,D07,Điểm thi THPT,2024,19.0,Kỹ thuật hình ảnh y học
122420,PKA,ky-thuat-hinh-anh-y-hoc,A00,Điểm học bạ,2025,23.33,Kỹ thuật hình ảnh y học
122421,PKA,ky-thuat-hinh-anh-y-hoc,B00,Điểm học bạ,2025,23.33,Kỹ thuật hình ảnh y học
122422,PKA,ky-thuat-hinh-anh-y-hoc,B03,Điểm học bạ,2025,23.33,Kỹ thuật hình ảnh y học
122423,PKA,ky-thuat-hinh-anh-y-hoc,B08,Điểm học bạ,2025,23.33,Kỹ thuật hình ảnh y học
122424,PKA,ky-thuat-hinh-anh-y-hoc,D07,Điểm học bạ,2025,23.33,Kỹ thuật hình ảnh y học
122425,PKA,ky-thuat-hinh-anh-y-hoc,X10,Điểm học bạ,2025,23.33,Kỹ thuật hình ảnh y học
122426,PKA,ky-thuat-hinh-anh-y-hoc,A00,Điểm thi THPT,2025,19.0,Kỹ thuật hình ảnh y học
122427,PKA,ky-thuat-hinh-anh-y-hoc,B00,Điểm thi THPT,2025,19.0,Kỹ thuật hình ảnh y học
122428,PKA,ky-thuat-hinh-anh-y-hoc,B03,Điểm thi THPT,2025,19.0,Kỹ thuật hình ảnh y học
122429,PKA,ky-thuat-hinh-anh-y-hoc,B08,Điểm thi THPT,2025,19.0,Kỹ thuật hình ảnh y học
122430,PKA,ky-thuat-hinh-anh-y-hoc,D07,Điểm thi THPT,2025,19.0,Kỹ thuật hình ảnh y học
122431,PKA,ky-thuat-hinh-anh-y-hoc,X10,Điểm thi THPT,2025,19.0,Kỹ thuật hình ảnh y học
122432,PKA,ky-thuat-hoa-hoc,A00,Điểm học bạ,2021,20.0,KỸ THUẬT HÓA HỌC
122433,PKA,ky-thuat-hoa-hoc,A01,Điểm học bạ,2021,20.0,KỸ THUẬT HÓA HỌC
122434,PKA,ky-thuat-hoa-hoc,B00,Điểm học bạ,2021,20.0,KỸ THUẬT HÓA HỌC
122435,PKA,ky-thuat-hoa-hoc,D07,Điểm học bạ,2021,20.0,KỸ THUẬT HÓA HỌC
122436,PKA,ky-thuat-hoa-hoc,A00,Điểm thi THPT,2021,17.0,KỸ THUẬT HÓA HỌC
122437,PKA,ky-thuat-hoa-hoc,A01,Điểm thi THPT,2021,17.0,KỸ THUẬT HÓA HỌC
122438,PKA,ky-thuat-hoa-hoc,B00,Điểm thi THPT,2021,17.0,KỸ THUẬT HÓA HỌC
122439,PKA,ky-thuat-hoa-hoc,D07,Điểm thi THPT,2021,17.0,KỸ THUẬT HÓA HỌC
122440,PKA,ky-thuat-hoa-hoc,A00,Điểm học bạ,2022,23.0,Kỹ thuật hóa học
122441,PKA,ky-thuat-hoa-hoc,A01,Điểm học bạ,2022,23.0,Kỹ thuật hóa học
122442,PKA,ky-thuat-hoa-hoc,B00,Điểm học bạ,2022,23.0,Kỹ thuật hóa học
122443,PKA,ky-thuat-hoa-hoc,D07,Điểm học bạ,2022,23.0,Kỹ thuật hóa học
122444,PKA,ky-thuat-hoa-hoc,A00,Điểm thi THPT,2022,19.0,Kỹ thuật hóa học
122445,PKA,ky-thuat-hoa-hoc,A01,Điểm thi THPT,2022,19.0,Kỹ thuật hóa học
122446,PKA,ky-thuat-hoa-hoc,B00,Điểm thi THPT,2022,19.0,Kỹ thuật hóa học
122447,PKA,ky-thuat-hoa-hoc,D07,Điểm thi THPT,2022,19.0,Kỹ thuật hóa học
122448,PKA,ky-thuat-hoa-hoc,A00,Điểm học bạ,2023,22.0,Kỹ thuật hóa học
122449,PKA,ky-thuat-hoa-hoc,A01,Điểm học bạ,2023,22.0,Kỹ thuật hóa học
122450,PKA,ky-thuat-hoa-hoc,B00,Điểm học bạ,2023,22.0,Kỹ thuật hóa học
122451,PKA,ky-thuat-hoa-hoc,D07,Điểm học bạ,2023,22.0,Kỹ thuật hóa học
122452,PKA,ky-thuat-hoa-hoc,A00,Điểm thi THPT,2023,17.0,Kỹ thuật hóa học
122453,PKA,ky-thuat-hoa-hoc,A01,Điểm thi THPT,2023,17.0,Kỹ thuật hóa học
122454,PKA,ky-thuat-hoa-hoc,B00,Điểm thi THPT,2023,17.0,Kỹ thuật hóa học
122455,PKA,ky-thuat-hoa-hoc,D07,Điểm thi THPT,2023,17.0,Kỹ thuật hóa học
122456,PKA,ky-thuat-hoa-hoc,A00,Điểm học bạ,2024,22.0,Kỹ thuật hóa học
122457,PKA,ky-thuat-hoa-hoc,A01,Điểm học bạ,2024,22.0,Kỹ thuật hóa học
122458,PKA,ky-thuat-hoa-hoc,B00,Điểm học bạ,2024,22.0,Kỹ thuật hóa học
122459,PKA,ky-thuat-hoa-hoc,D07,Điểm học bạ,2024,22.0,Kỹ thuật hóa học
122460,PKA,ky-thuat-hoa-hoc,A00,Điểm thi THPT,2024,17.0,Kỹ thuật hóa học
122461,PKA,ky-thuat-hoa-hoc,A01,Điểm thi THPT,2024,17.0,Kỹ thuật hóa học
122462,PKA,ky-thuat-hoa-hoc,B00,Điểm thi THPT,2024,17.0,Kỹ thuật hóa học
122463,PKA,ky-thuat-hoa-hoc,D07,Điểm thi THPT,2024,17.0,Kỹ thuật hóa học
122464,PKA,ky-thuat-hoa-hoc,A00,Điểm học bạ,2025,21.79,Kỹ thuật hóa học
122465,PKA,ky-thuat-hoa-hoc,A01,Điểm học bạ,2025,21.79,Kỹ thuật hóa học
122466,PKA,ky-thuat-hoa-hoc,B00,Điểm học bạ,2025,21.79,Kỹ thuật hóa học
122467,PKA,ky-thuat-hoa-hoc,D07,Điểm học bạ,2025,21.79,Kỹ thuật hóa học
122468,PKA,ky-thuat-hoa-hoc,X10,Điểm học bạ,2025,21.79,Kỹ thuật hóa học
122469,PKA,ky-thuat-hoa-hoc,X11,Điểm học bạ,2025,21.79,Kỹ thuật hóa học
122470,PKA,ky-thuat-hoa-hoc,A00,Điểm thi THPT,2025,17.0,Kỹ thuật hóa học
122471,PKA,ky-thuat-hoa-hoc,A01,Điểm thi THPT,2025,17.0,Kỹ thuật hóa học
122472,PKA,ky-thuat-hoa-hoc,B00,Điểm thi THPT,2025,17.0,Kỹ thuật hóa học
122473,PKA,ky-thuat-hoa-hoc,D07,Điểm thi THPT,2025,17.0,Kỹ thuật hóa học
122474,PKA,ky-thuat-hoa-hoc,X10,Điểm thi THPT,2025,17.0,Kỹ thuật hóa học
122475,PKA,ky-thuat-hoa-hoc,X11,Điểm thi THPT,2025,17.0,Kỹ thuật hóa học
122476,PKA,ky-thuat-o-to,A00,Điểm học bạ,2021,21.0,KỸ THUẬT Ô TÔ
122477,PKA,ky-thuat-o-to,A01,Điểm học bạ,2021,21.0,KỸ THUẬT Ô TÔ
122478,PKA,ky-thuat-o-to,A02,Điểm học bạ,2021,21.0,KỸ THUẬT Ô TÔ
122479,PKA,ky-thuat-o-to,A04,Điểm học bạ,2021,20.5,KỸ THUẬT Ô TÔ (CƠ ĐIỆN TỬ Ô TÔ)
122480,PKA,ky-thuat-o-to,A10,Điểm học bạ,2021,21.0,KỸ THUẬT Ô TÔ
122481,PKA,ky-thuat-o-to,A00,Điểm thi THPT,2021,18.0,KỸ THUẬT Ô TÔ
122482,PKA,ky-thuat-o-to,A01,Điểm thi THPT,2021,18.0,KỸ THUẬT Ô TÔ
122483,PKA,ky-thuat-o-to,A02,Điểm thi THPT,2021,18.0,KỸ THUẬT Ô TÔ
122484,PKA,ky-thuat-o-to,A04,Điểm thi THPT,2021,18.0,KỸ THUẬT Ô TÔ (CƠ ĐIỆN TỬ Ô TÔ)
122485,PKA,ky-thuat-o-to,A10,Điểm thi THPT,2021,18.0,KỸ THUẬT Ô TÔ
122486,PKA,ky-thuat-o-to,A00,Điểm học bạ,2022,27.0,Kỹ thuật ô tô
122487,PKA,ky-thuat-o-to,A01,Điểm học bạ,2022,27.0,Kỹ thuật ô tô
122488,PKA,ky-thuat-o-to,A10,Điểm học bạ,2022,27.0,Kỹ thuật ô tô
122489,PKA,ky-thuat-o-to,D01,Điểm học bạ,2022,27.0,Kỹ thuật ô tô
122490,PKA,ky-thuat-o-to,A00,Điểm thi THPT,2022,22.0,Kỹ thuật ô tô
122491,PKA,ky-thuat-o-to,A01,Điểm thi THPT,2022,22.0,Kỹ thuật ô tô
122492,PKA,ky-thuat-o-to,A10,Điểm thi THPT,2022,22.0,Kỹ thuật ô tô
122493,PKA,ky-thuat-o-to,D01,Điểm thi THPT,2022,22.0,Kỹ thuật ô tô
122494,PKA,ky-thuat-o-to,A00,Điểm học bạ,2023,23.0,Kỹ thuật ô tô
122495,PKA,ky-thuat-o-to,A01,Điểm học bạ,2023,23.0,Kỹ thuật ô tô
122496,PKA,ky-thuat-o-to,A10,Điểm học bạ,2023,23.0,Kỹ thuật ô tô
122497,PKA,ky-thuat-o-to,D01,Điểm học bạ,2023,23.0,Kỹ thuật ô tô
122498,PKA,ky-thuat-o-to,A00,Điểm thi THPT,2023,20.5,Kỹ thuật ô tô
122499,PKA,ky-thuat-o-to,A01,Điểm thi THPT,2023,20.5,Kỹ thuật ô tô
122500,PKA,ky-thuat-o-to,A10,Điểm thi THPT,2023,20.5,Kỹ thuật ô tô
122501,PKA,ky-thuat-o-to,D01,Điểm thi THPT,2023,20.5,Kỹ thuật ô tô
122502,PKA,ky-thuat-o-to,A00,Điểm học bạ,2024,23.0,Kỹ thuật ô tô
122503,PKA,ky-thuat-o-to,A01,Điểm học bạ,2024,23.0,Kỹ thuật ô tô
122504,PKA,ky-thuat-o-to,A10,Điểm học bạ,2024,23.0,Kỹ thuật ô tô
122505,PKA,ky-thuat-o-to,D01,Điểm học bạ,2024,23.0,Kỹ thuật ô tô
122506,PKA,ky-thuat-o-to,A00,Điểm thi THPT,2024,20.5,Kỹ thuật ô tô
122507,PKA,ky-thuat-o-to,A01,Điểm thi THPT,2024,20.5,Kỹ thuật ô tô
122508,PKA,ky-thuat-o-to,A10,Điểm thi THPT,2024,20.5,Kỹ thuật ô tô
122509,PKA,ky-thuat-o-to,D01,Điểm thi THPT,2024,20.5,Kỹ thuật ô tô
122510,PKA,ky-thuat-o-to,A00,Điểm học bạ,2025,23.85,Kỹ thuật ô tô
122511,PKA,ky-thuat-o-to,A01,Điểm học bạ,2025,23.85,Kỹ thuật ô tô
122512,PKA,ky-thuat-o-to,A04,Điểm học bạ,2025,23.85,Kỹ thuật ô tô
122513,PKA,ky-thuat-o-to,C01,Điểm học bạ,2025,23.85,Kỹ thuật ô tô
122514,PKA,ky-thuat-o-to,D07,Điểm học bạ,2025,23.85,Kỹ thuật ô tô
122515,PKA,ky-thuat-o-to,X06,Điểm học bạ,2025,23.85,Kỹ thuật ô tô
122516,PKA,ky-thuat-o-to,A00,Điểm thi THPT,2025,20.0,Kỹ thuật ô tô
122517,PKA,ky-thuat-o-to,A01,Điểm thi THPT,2025,20.0,Kỹ thuật ô tô
122518,PKA,ky-thuat-o-to,A04,Điểm thi THPT,2025,20.0,Kỹ thuật ô tô
122519,PKA,ky-thuat-o-to,C01,Điểm thi THPT,2025,20.0,Kỹ thuật ô tô
122520,PKA,ky-thuat-o-to,D07,Điểm thi THPT,2025,20.0,Kỹ thuật ô tô
122521,PKA,ky-thuat-o-to,X06,Điểm thi THPT,2025,20.0,Kỹ thuật ô tô
122522,PKA,ky-thuat-phan-mem,A00,Điểm học bạ,2023,24.0,Kỹ thuật phần mềm
122523,PKA,ky-thuat-phan-mem,A01,Điểm học bạ,2023,24.0,Kỹ thuật phần mềm
122524,PKA,ky-thuat-phan-mem,D07,Điểm học bạ,2023,24.0,Kỹ thuật phần mềm
122525,PKA,ky-thuat-phan-mem,A00,Điểm thi THPT,2023,21.0,Kỹ thuật phần mềm
122526,PKA,ky-thuat-phan-mem,A01,Điểm thi THPT,2023,21.0,Kỹ thuật phần mềm
122527,PKA,ky-thuat-phan-mem,D07,Điểm thi THPT,2023,21.0,Kỹ thuật phần mềm
122528,PKA,ky-thuat-phan-mem-o-to,A00,Điểm học bạ,2024,22.0,Kỹ thuật phần mềm ô tô
122529,PKA,ky-thuat-phan-mem-o-to,A01,Điểm học bạ,2024,22.0,Kỹ thuật phần mềm ô tô
122530,PKA,ky-thuat-phan-mem-o-to,A10,Điểm học bạ,2024,22.0,Kỹ thuật phần mềm ô tô
122531,PKA,ky-thuat-phan-mem-o-to,D01,Điểm học bạ,2024,22.0,Kỹ thuật phần mềm ô tô
122532,PKA,ky-thuat-phan-mem-o-to,A00,Điểm thi THPT,2024,19.0,Kỹ thuật phần mềm ô tô
122533,PKA,ky-thuat-phan-mem-o-to,A01,Điểm thi THPT,2024,19.0,Kỹ thuật phần mềm ô tô
122534,PKA,ky-thuat-phan-mem-o-to,A10,Điểm thi THPT,2024,19.0,Kỹ thuật phần mềm ô tô
122535,PKA,ky-thuat-phan-mem-o-to,D01,Điểm thi THPT,2024,19.0,Kỹ thuật phần mềm ô tô
122536,PKA,ky-thuat-phan-mem-o-to,A00,Điểm học bạ,2025,23.33,Kỹ thuật phần mềm ô tô
122537,PKA,ky-thuat-phan-mem-o-to,A01,Điểm học bạ,2025,23.33,Kỹ thuật phần mềm ô tô
122538,PKA,ky-thuat-phan-mem-o-to,A04,Điểm học bạ,2025,23.33,Kỹ thuật phần mềm ô tô
122539,PKA,ky-thuat-phan-mem-o-to,C01,Điểm học bạ,2025,23.33,Kỹ thuật phần mềm ô tô
122540,PKA,ky-thuat-phan-mem-o-to,D07,Điểm học bạ,2025,23.33,Kỹ thuật phần mềm ô tô
122541,PKA,ky-thuat-phan-mem-o-to,X06,Điểm học bạ,2025,23.33,Kỹ thuật phần mềm ô tô
122542,PKA,ky-thuat-phan-mem-o-to,A00,Điểm thi THPT,2025,19.0,Kỹ thuật phần mềm ô tô
122543,PKA,ky-thuat-phan-mem-o-to,A01,Điểm thi THPT,2025,19.0,Kỹ thuật phần mềm ô tô
122544,PKA,ky-thuat-phan-mem-o-to,A04,Điểm thi THPT,2025,19.0,Kỹ thuật phần mềm ô tô
122545,PKA,ky-thuat-phan-mem-o-to,C01,Điểm thi THPT,2025,19.0,Kỹ thuật phần mềm ô tô
122546,PKA,ky-thuat-phan-mem-o-to,D07,Điểm thi THPT,2025,19.0,Kỹ thuật phần mềm ô tô
122547,PKA,ky-thuat-phan-mem-o-to,X06,Điểm thi THPT,2025,19.0,Kỹ thuật phần mềm ô tô
122548,PKA,ky-thuat-phuc-hoi-chuc-nang,A00,Điểm học bạ,2021,20.0,KỸ THUẬT PHỤC HỒI CHỨC NĂNG
122549,PKA,ky-thuat-phuc-hoi-chuc-nang,A02,Điểm học bạ,2021,20.0,KỸ THUẬT PHỤC HỒI CHỨC NĂNG
122550,PKA,ky-thuat-phuc-hoi-chuc-nang,B00,Điểm học bạ,2021,20.0,KỸ THUẬT PHỤC HỒI CHỨC NĂNG
122551,PKA,ky-thuat-phuc-hoi-chuc-nang,D07,Điểm học bạ,2021,20.0,KỸ THUẬT PHỤC HỒI CHỨC NĂNG
122552,PKA,ky-thuat-phuc-hoi-chuc-nang,A00,Điểm thi THPT,2021,19.0,KỸ THUẬT PHỤC HỒI CHỨC NĂNG
122553,PKA,ky-thuat-phuc-hoi-chuc-nang,A02,Điểm thi THPT,2021,19.0,KỸ THUẬT PHỤC HỒI CHỨC NĂNG
122554,PKA,ky-thuat-phuc-hoi-chuc-nang,B00,Điểm thi THPT,2021,19.0,KỸ THUẬT PHỤC HỒI CHỨC NĂNG
122555,PKA,ky-thuat-phuc-hoi-chuc-nang,D07,Điểm thi THPT,2021,19.0,KỸ THUẬT PHỤC HỒI CHỨC NĂNG
122556,PKA,ky-thuat-phuc-hoi-chuc-nang,A02,Điểm học bạ,2022,22.0,Kỹ thuật phục hồi chức năng
122557,PKA,ky-thuat-phuc-hoi-chuc-nang,B00,Điểm học bạ,2022,22.0,Kỹ thuật phục hồi chức năng
122558,PKA,ky-thuat-phuc-hoi-chuc-nang,B08,Điểm học bạ,2022,22.0,Kỹ thuật phục hồi chức năng
122559,PKA,ky-thuat-phuc-hoi-chuc-nang,D07,Điểm học bạ,2022,22.0,Kỹ thuật phục hồi chức năng
122560,PKA,ky-thuat-phuc-hoi-chuc-nang,A02,Điểm thi THPT,2022,19.0,Kỹ thuật phục hồi chức năng
122561,PKA,ky-thuat-phuc-hoi-chuc-nang,B00,Điểm thi THPT,2022,19.0,Kỹ thuật phục hồi chức năng
122562,PKA,ky-thuat-phuc-hoi-chuc-nang,B08,Điểm thi THPT,2022,19.0,Kỹ thuật phục hồi chức năng
122563,PKA,ky-thuat-phuc-hoi-chuc-nang,D07,Điểm thi THPT,2022,19.0,Kỹ thuật phục hồi chức năng
122564,PKA,ky-thuat-phuc-hoi-chuc-nang,A02,Điểm học bạ,2023,21.0,Kỹ thuật phục hồi chức năng
122565,PKA,ky-thuat-phuc-hoi-chuc-nang,B00,Điểm học bạ,2023,21.0,Kỹ thuật phục hồi chức năng
122566,PKA,ky-thuat-phuc-hoi-chuc-nang,B08,Điểm học bạ,2023,21.0,Kỹ thuật phục hồi chức năng
122567,PKA,ky-thuat-phuc-hoi-chuc-nang,D07,Điểm học bạ,2023,21.0,Kỹ thuật phục hồi chức năng
122568,PKA,ky-thuat-phuc-hoi-chuc-nang,A02,Điểm thi THPT,2023,19.0,Kỹ thuật phục hồi chức năng
122569,PKA,ky-thuat-phuc-hoi-chuc-nang,B00,Điểm thi THPT,2023,19.0,Kỹ thuật phục hồi chức năng
122570,PKA,ky-thuat-phuc-hoi-chuc-nang,B08,Điểm thi THPT,2023,19.0,Kỹ thuật phục hồi chức năng
122571,PKA,ky-thuat-phuc-hoi-chuc-nang,D07,Điểm thi THPT,2023,19.0,Kỹ thuật phục hồi chức năng
122572,PKA,ky-thuat-phuc-hoi-chuc-nang,A02,Điểm học bạ,2024,21.0,Kỹ thuật phục hồi chức năng
122573,PKA,ky-thuat-phuc-hoi-chuc-nang,B00,Điểm học bạ,2024,21.0,Kỹ thuật phục hồi chức năng
122574,PKA,ky-thuat-phuc-hoi-chuc-nang,B08,Điểm học bạ,2024,21.0,Kỹ thuật phục hồi chức năng
122575,PKA,ky-thuat-phuc-hoi-chuc-nang,D07,Điểm học bạ,2024,21.0,Kỹ thuật phục hồi chức năng
122576,PKA,ky-thuat-phuc-hoi-chuc-nang,A02,Điểm thi THPT,2024,19.0,Kỹ thuật phục hồi chức năng
122577,PKA,ky-thuat-phuc-hoi-chuc-nang,B00,Điểm thi THPT,2024,19.0,Kỹ thuật phục hồi chức năng
122578,PKA,ky-thuat-phuc-hoi-chuc-nang,B08,Điểm thi THPT,2024,19.0,Kỹ thuật phục hồi chức năng
122579,PKA,ky-thuat-phuc-hoi-chuc-nang,D07,Điểm thi THPT,2024,19.0,Kỹ thuật phục hồi chức năng
122580,PKA,ky-thuat-phuc-hoi-chuc-nang,A00,Điểm học bạ,2025,23.33,Kỹ thuật phục hồi chức năng
122581,PKA,ky-thuat-phuc-hoi-chuc-nang,B00,Điểm học bạ,2025,23.33,Kỹ thuật phục hồi chức năng
122582,PKA,ky-thuat-phuc-hoi-chuc-nang,B03,Điểm học bạ,2025,23.33,Kỹ thuật phục hồi chức năng
122583,PKA,ky-thuat-phuc-hoi-chuc-nang,B08,Điểm học bạ,2025,23.33,Kỹ thuật phục hồi chức năng
122584,PKA,ky-thuat-phuc-hoi-chuc-nang,D07,Điểm học bạ,2025,23.33,Kỹ thuật phục hồi chức năng
122585,PKA,ky-thuat-phuc-hoi-chuc-nang,X10,Điểm học bạ,2025,23.33,Kỹ thuật phục hồi chức năng
122586,PKA,ky-thuat-phuc-hoi-chuc-nang,A00,Điểm thi THPT,2025,19.0,Kỹ thuật phục hồi chức năng
122587,PKA,ky-thuat-phuc-hoi-chuc-nang,B00,Điểm thi THPT,2025,19.0,Kỹ thuật phục hồi chức năng
122588,PKA,ky-thuat-phuc-hoi-chuc-nang,B03,Điểm thi THPT,2025,19.0,Kỹ thuật phục hồi chức năng
122589,PKA,ky-thuat-phuc-hoi-chuc-nang,B08,Điểm thi THPT,2025,19.0,Kỹ thuật phục hồi chức năng
122590,PKA,ky-thuat-phuc-hoi-chuc-nang,D07,Điểm thi THPT,2025,19.0,Kỹ thuật phục hồi chức năng
122591,PKA,ky-thuat-phuc-hoi-chuc-nang,X10,Điểm thi THPT,2025,19.0,Kỹ thuật phục hồi chức năng
122592,PKA,ky-thuat-robot-va-tri-tue-nhan-tao,A00,Điểm học bạ,2022,25.0,Kỹ thuật Robot và trí tuệ nhân tạo (Đào tạo song ngữ Việt - Anh)
122593,PKA,ky-thuat-robot-va-tri-tue-nhan-tao,A01,Điểm học bạ,2022,25.0,Kỹ thuật Robot và trí tuệ nhân tạo (Đào tạo song ngữ Việt - Anh)
122594,PKA,ky-thuat-robot-va-tri-tue-nhan-tao,C01,Điểm học bạ,2022,25.0,Kỹ thuật Robot và trí tuệ nhân tạo (Đào tạo song ngữ Việt - Anh)
122595,PKA,ky-thuat-robot-va-tri-tue-nhan-tao,D07,Điểm học bạ,2022,25.0,Kỹ thuật Robot và trí tuệ nhân tạo (Đào tạo song ngữ Việt - Anh)
122596,PKA,ky-thuat-robot-va-tri-tue-nhan-tao,A00,Điểm thi THPT,2022,23.0,Kỹ thuật Robot và trí tuệ nhân tạo (Đào tạo song ngữ Việt - Anh)
122597,PKA,ky-thuat-robot-va-tri-tue-nhan-tao,A01,Điểm thi THPT,2022,23.0,Kỹ thuật Robot và trí tuệ nhân tạo (Đào tạo song ngữ Việt - Anh)
122598,PKA,ky-thuat-robot-va-tri-tue-nhan-tao,C01,Điểm thi THPT,2022,23.0,Kỹ thuật Robot và trí tuệ nhân tạo (Đào tạo song ngữ Việt - Anh)
122599,PKA,ky-thuat-robot-va-tri-tue-nhan-tao,D07,Điểm thi THPT,2022,23.0,Kỹ thuật Robot và trí tuệ nhân tạo (Đào tạo song ngữ Việt - Anh)
122600,PKA,ky-thuat-robot-va-tri-tue-nhan-tao,A00,Điểm học bạ,2023,25.0,Kỹ thuật Robot và trí tuệ nhân tạo (Đào tạo song ngữ Việt - Anh)
122601,PKA,ky-thuat-robot-va-tri-tue-nhan-tao,A01,Điểm học bạ,2023,25.0,Kỹ thuật Robot và trí tuệ nhân tạo (Đào tạo song ngữ Việt - Anh)
122602,PKA,ky-thuat-robot-va-tri-tue-nhan-tao,C01,Điểm học bạ,2023,25.0,Kỹ thuật Robot và trí tuệ nhân tạo (Đào tạo song ngữ Việt - Anh)
122603,PKA,ky-thuat-robot-va-tri-tue-nhan-tao,D07,Điểm học bạ,2023,25.0,Kỹ thuật Robot và trí tuệ nhân tạo (Đào tạo song ngữ Việt - Anh)
122604,PKA,ky-thuat-robot-va-tri-tue-nhan-tao,A00,Điểm thi THPT,2023,22.0,Kỹ thuật Robot và trí tuệ nhân tạo (Đào tạo song ngữ Việt - Anh)
122605,PKA,ky-thuat-robot-va-tri-tue-nhan-tao,A01,Điểm thi THPT,2023,22.0,Kỹ thuật Robot và trí tuệ nhân tạo (Đào tạo song ngữ Việt - Anh)
122606,PKA,ky-thuat-robot-va-tri-tue-nhan-tao,C01,Điểm thi THPT,2023,22.0,Kỹ thuật Robot và trí tuệ nhân tạo (Đào tạo song ngữ Việt - Anh)
122607,PKA,ky-thuat-robot-va-tri-tue-nhan-tao,D07,Điểm thi THPT,2023,22.0,Kỹ thuật Robot và trí tuệ nhân tạo (Đào tạo song ngữ Việt - Anh)
122608,PKA,ky-thuat-xet-nghiem-y-hoc,A00,Điểm học bạ,2021,20.0,KỸ THUẬT XÉT NGHIỆM Y HỌC
122609,PKA,ky-thuat-xet-nghiem-y-hoc,A02,Điểm học bạ,2021,20.0,KỸ THUẬT XÉT NGHIỆM Y HỌC
122610,PKA,ky-thuat-xet-nghiem-y-hoc,B00,Điểm học bạ,2021,20.0,KỸ THUẬT XÉT NGHIỆM Y HỌC
122611,PKA,ky-thuat-xet-nghiem-y-hoc,D07,Điểm học bạ,2021,20.0,KỸ THUẬT XÉT NGHIỆM Y HỌC
122612,PKA,ky-thuat-xet-nghiem-y-hoc,A00,Điểm thi THPT,2021,19.0,KỸ THUẬT XÉT NGHIỆM Y HỌC
122613,PKA,ky-thuat-xet-nghiem-y-hoc,A02,Điểm thi THPT,2021,19.0,KỸ THUẬT XÉT NGHIỆM Y HỌC
122614,PKA,ky-thuat-xet-nghiem-y-hoc,B00,Điểm thi THPT,2021,19.0,KỸ THUẬT XÉT NGHIỆM Y HỌC
122615,PKA,ky-thuat-xet-nghiem-y-hoc,D07,Điểm thi THPT,2021,19.0,KỸ THUẬT XÉT NGHIỆM Y HỌC
122616,PKA,ky-thuat-xet-nghiem-y-hoc,A02,Điểm học bạ,2022,22.5,Kỹ thuật xét nghiệm y học
122617,PKA,ky-thuat-xet-nghiem-y-hoc,B00,Điểm học bạ,2022,22.5,Kỹ thuật xét nghiệm y học
122618,PKA,ky-thuat-xet-nghiem-y-hoc,B08,Điểm học bạ,2022,22.5,Kỹ thuật xét nghiệm y học
122619,PKA,ky-thuat-xet-nghiem-y-hoc,D07,Điểm học bạ,2022,22.5,Kỹ thuật xét nghiệm y học
122620,PKA,ky-thuat-xet-nghiem-y-hoc,A02,Điểm thi THPT,2022,19.0,Kỹ thuật xét nghiệm y học
122621,PKA,ky-thuat-xet-nghiem-y-hoc,B00,Điểm thi THPT,2022,19.0,Kỹ thuật xét nghiệm y học
122622,PKA,ky-thuat-xet-nghiem-y-hoc,B08,Điểm thi THPT,2022,19.0,Kỹ thuật xét nghiệm y học
122623,PKA,ky-thuat-xet-nghiem-y-hoc,D07,Điểm thi THPT,2022,19.0,Kỹ thuật xét nghiệm y học
122624,PKA,ky-thuat-xet-nghiem-y-hoc,A02,Điểm học bạ,2023,22.0,Kỹ thuật xét nghiệm y học
122625,PKA,ky-thuat-xet-nghiem-y-hoc,B00,Điểm học bạ,2023,22.0,Kỹ thuật xét nghiệm y học
122626,PKA,ky-thuat-xet-nghiem-y-hoc,B08,Điểm học bạ,2023,22.0,Kỹ thuật xét nghiệm y học
122627,PKA,ky-thuat-xet-nghiem-y-hoc,D07,Điểm học bạ,2023,22.0,Kỹ thuật xét nghiệm y học
122628,PKA,ky-thuat-xet-nghiem-y-hoc,A02,Điểm thi THPT,2023,19.0,Kỹ thuật xét nghiệm y học
122629,PKA,ky-thuat-xet-nghiem-y-hoc,B00,Điểm thi THPT,2023,19.0,Kỹ thuật xét nghiệm y học
122630,PKA,ky-thuat-xet-nghiem-y-hoc,B08,Điểm thi THPT,2023,19.0,Kỹ thuật xét nghiệm y học
122631,PKA,ky-thuat-xet-nghiem-y-hoc,D07,Điểm thi THPT,2023,19.0,Kỹ thuật xét nghiệm y học
122632,PKA,ky-thuat-xet-nghiem-y-hoc,A02,Điểm học bạ,2024,22.0,Kỹ thuật xét nghiệm y học
122633,PKA,ky-thuat-xet-nghiem-y-hoc,B00,Điểm học bạ,2024,22.0,Kỹ thuật xét nghiệm y học
122634,PKA,ky-thuat-xet-nghiem-y-hoc,B08,Điểm học bạ,2024,22.0,Kỹ thuật xét nghiệm y học
122635,PKA,ky-thuat-xet-nghiem-y-hoc,D07,Điểm học bạ,2024,22.0,Kỹ thuật xét nghiệm y học
122636,PKA,ky-thuat-xet-nghiem-y-hoc,A02,Điểm thi THPT,2024,19.0,Kỹ thuật xét nghiệm y học
122637,PKA,ky-thuat-xet-nghiem-y-hoc,B00,Điểm thi THPT,2024,19.0,Kỹ thuật xét nghiệm y học
122638,PKA,ky-thuat-xet-nghiem-y-hoc,B08,Điểm thi THPT,2024,19.0,Kỹ thuật xét nghiệm y học
122639,PKA,ky-thuat-xet-nghiem-y-hoc,D07,Điểm thi THPT,2024,19.0,Kỹ thuật xét nghiệm y học
122640,PKA,ky-thuat-xet-nghiem-y-hoc,A00,Điểm học bạ,2025,23.33,Kỹ thuật xét nghiệm y học
122641,PKA,ky-thuat-xet-nghiem-y-hoc,B00,Điểm học bạ,2025,23.33,Kỹ thuật xét nghiệm y học
122642,PKA,ky-thuat-xet-nghiem-y-hoc,B03,Điểm học bạ,2025,23.33,Kỹ thuật xét nghiệm y học
122643,PKA,ky-thuat-xet-nghiem-y-hoc,B08,Điểm học bạ,2025,23.33,Kỹ thuật xét nghiệm y học
122644,PKA,ky-thuat-xet-nghiem-y-hoc,D07,Điểm học bạ,2025,23.33,Kỹ thuật xét nghiệm y học
122645,PKA,ky-thuat-xet-nghiem-y-hoc,X10,Điểm học bạ,2025,23.33,Kỹ thuật xét nghiệm y học
122646,PKA,ky-thuat-xet-nghiem-y-hoc,A00,Điểm thi THPT,2025,19.0,Kỹ thuật xét nghiệm y học
122647,PKA,ky-thuat-xet-nghiem-y-hoc,B00,Điểm thi THPT,2025,19.0,Kỹ thuật xét nghiệm y học
122648,PKA,ky-thuat-xet-nghiem-y-hoc,B03,Điểm thi THPT,2025,19.0,Kỹ thuật xét nghiệm y học
122649,PKA,ky-thuat-xet-nghiem-y-hoc,B08,Điểm thi THPT,2025,19.0,Kỹ thuật xét nghiệm y học
122650,PKA,ky-thuat-xet-nghiem-y-hoc,D07,Điểm thi THPT,2025,19.0,Kỹ thuật xét nghiệm y học
122651,PKA,ky-thuat-xet-nghiem-y-hoc,X10,Điểm thi THPT,2025,19.0,Kỹ thuật xét nghiệm y học
122652,PKA,ky-thuat-y-sinh,A00,Điểm học bạ,2021,21.0,KỸ THUẬT Y SINH (THIẾT BỊ ĐIỆN TỬ Y SINH)
122653,PKA,ky-thuat-y-sinh,A01,Điểm học bạ,2021,21.0,KỸ THUẬT Y SINH (THIẾT BỊ ĐIỆN TỬ Y SINH)
122654,PKA,ky-thuat-y-sinh,C01,Điểm học bạ,2021,21.0,KỸ THUẬT Y SINH (THIẾT BỊ ĐIỆN TỬ Y SINH)
122655,PKA,ky-thuat-y-sinh,D07,Điểm học bạ,2021,21.0,KỸ THUẬT Y SINH (THIẾT BỊ ĐIỆN TỬ Y SINH)
122656,PKA,ky-thuat-y-sinh,A00,Điểm thi THPT,2021,20.0,KỸ THUẬT Y SINH (THIẾT BỊ ĐIỆN TỬ Y SINH)
122657,PKA,ky-thuat-y-sinh,A01,Điểm thi THPT,2021,20.0,KỸ THUẬT Y SINH (THIẾT BỊ ĐIỆN TỬ Y SINH)
122658,PKA,ky-thuat-y-sinh,C01,Điểm thi THPT,2021,20.0,KỸ THUẬT Y SINH (THIẾT BỊ ĐIỆN TỬ Y SINH)
122659,PKA,ky-thuat-y-sinh,D07,Điểm thi THPT,2021,20.0,KỸ THUẬT Y SINH (THIẾT BỊ ĐIỆN TỬ Y SINH)
122660,PKA,ky-thuat-y-sinh,A00,Điểm học bạ,2022,24.0,Kỹ thuật y sinh (Điện tử y sinh)
122661,PKA,ky-thuat-y-sinh,A01,Điểm học bạ,2022,24.0,Kỹ thuật y sinh (Điện tử y sinh)
122662,PKA,ky-thuat-y-sinh,B00,Điểm học bạ,2022,24.0,Kỹ thuật y sinh (Điện tử y sinh)
122663,PKA,ky-thuat-y-sinh,C01,Điểm học bạ,2022,24.0,Kỹ thuật y sinh (Điện tử y sinh)
122664,PKA,ky-thuat-y-sinh,A00,Điểm thi THPT,2022,21.0,Kỹ thuật y sinh (Điện tử y sinh)
122665,PKA,ky-thuat-y-sinh,A01,Điểm thi THPT,2022,21.0,Kỹ thuật y sinh (Điện tử y sinh)
122666,PKA,ky-thuat-y-sinh,B00,Điểm thi THPT,2022,21.0,Kỹ thuật y sinh (Điện tử y sinh)
122667,PKA,ky-thuat-y-sinh,C01,Điểm thi THPT,2022,21.0,Kỹ thuật y sinh (Điện tử y sinh)
122668,PKA,ky-thuat-y-sinh,A00,Điểm học bạ,2023,22.5,Kỹ thuật y sinh (Điện tử y sinh)
122669,PKA,ky-thuat-y-sinh,A01,Điểm học bạ,2023,22.5,Kỹ thuật y sinh (Điện tử y sinh)
122670,PKA,ky-thuat-y-sinh,B00,Điểm học bạ,2023,22.5,Kỹ thuật y sinh (Điện tử y sinh)
122671,PKA,ky-thuat-y-sinh,C01,Điểm học bạ,2023,22.5,Kỹ thuật y sinh (Điện tử y sinh)
122672,PKA,ky-thuat-y-sinh,A00,Điểm thi THPT,2023,20.0,Kỹ thuật y sinh (Điện tử y sinh)
122673,PKA,ky-thuat-y-sinh,A01,Điểm thi THPT,2023,20.0,Kỹ thuật y sinh (Điện tử y sinh)
122674,PKA,ky-thuat-y-sinh,B00,Điểm thi THPT,2023,20.0,Kỹ thuật y sinh (Điện tử y sinh)
122675,PKA,ky-thuat-y-sinh,C01,Điểm thi THPT,2023,20.0,Kỹ thuật y sinh (Điện tử y sinh)
122676,PKA,ky-thuat-y-sinh,A00,Điểm học bạ,2024,22.5,Kỹ thuật y sinh (Điện tử y sinh)
122677,PKA,ky-thuat-y-sinh,A01,Điểm học bạ,2024,22.5,Kỹ thuật y sinh (Điện tử y sinh)
122678,PKA,ky-thuat-y-sinh,B00,Điểm học bạ,2024,22.5,Kỹ thuật y sinh (Điện tử y sinh)
122679,PKA,ky-thuat-y-sinh,C01,Điểm học bạ,2024,22.5,Kỹ thuật y sinh (Điện tử y sinh)
122680,PKA,ky-thuat-y-sinh,A00,Điểm thi THPT,2024,20.0,Kỹ thuật y sinh (Điện tử y sinh)
122681,PKA,ky-thuat-y-sinh,A01,Điểm thi THPT,2024,20.0,Kỹ thuật y sinh (Điện tử y sinh)
122682,PKA,ky-thuat-y-sinh,B00,Điểm thi THPT,2024,20.0,Kỹ thuật y sinh (Điện tử y sinh)
122683,PKA,ky-thuat-y-sinh,C01,Điểm thi THPT,2024,20.0,Kỹ thuật y sinh (Điện tử y sinh)
122684,PKA,ky-thuat-y-sinh,A00,Điểm học bạ,2025,23.85,Kỹ thuật y sinh (Điện tử y sinh)
122685,PKA,ky-thuat-y-sinh,A01,Điểm học bạ,2025,23.85,Kỹ thuật y sinh (Điện tử y sinh)
122686,PKA,ky-thuat-y-sinh,D07,Điểm học bạ,2025,23.85,Kỹ thuật y sinh (Điện tử y sinh)
122687,PKA,ky-thuat-y-sinh,D08,Điểm học bạ,2025,23.85,Kỹ thuật y sinh (Điện tử y sinh)
122688,PKA,ky-thuat-y-sinh,X10,Điểm học bạ,2025,23.85,Kỹ thuật y sinh (Điện tử y sinh)
122689,PKA,ky-thuat-y-sinh,X14,Điểm học bạ,2025,23.85,Kỹ thuật y sinh (Điện tử y sinh)
122690,PKA,ky-thuat-y-sinh,A00,Điểm thi THPT,2025,20.0,Kỹ thuật y sinh (Điện tử y sinh)
122691,PKA,ky-thuat-y-sinh,A01,Điểm thi THPT,2025,20.0,Kỹ thuật y sinh (Điện tử y sinh)
122692,PKA,ky-thuat-y-sinh,D07,Điểm thi THPT,2025,20.0,Kỹ thuật y sinh (Điện tử y sinh)
122693,PKA,ky-thuat-y-sinh,D08,Điểm thi THPT,2025,20.0,Kỹ thuật y sinh (Điện tử y sinh)
122694,PKA,ky-thuat-y-sinh,X10,Điểm thi THPT,2025,20.0,Kỹ thuật y sinh (Điện tử y sinh)
122695,PKA,ky-thuat-y-sinh,X14,Điểm thi THPT,2025,20.0,Kỹ thuật y sinh (Điện tử y sinh)
122696,PKA,logictics-va-quan-ly-chuoi-cung-ung,A01,Điểm học bạ,2023,25.0,Logictics và quản lý chuỗi cung ưng
122697,PKA,logictics-va-quan-ly-chuoi-cung-ung,D01,Điểm học bạ,2023,25.0,Logictics và quản lý chuỗi cung ưng
122698,PKA,logictics-va-quan-ly-chuoi-cung-ung,D07,Điểm học bạ,2023,25.0,Logictics và quản lý chuỗi cung ưng
122699,PKA,logictics-va-quan-ly-chuoi-cung-ung,D10,Điểm học bạ,2023,25.0,Logictics và quản lý chuỗi cung ưng
122700,PKA,logictics-va-quan-ly-chuoi-cung-ung,A01,Điểm thi THPT,2023,21.0,Logictics và quản lý chuỗi cung ứng
122701,PKA,logictics-va-quan-ly-chuoi-cung-ung,D01,Điểm thi THPT,2023,21.0,Logictics và quản lý chuỗi cung ứng
122702,PKA,logictics-va-quan-ly-chuoi-cung-ung,D07,Điểm thi THPT,2023,21.0,Logictics và quản lý chuỗi cung ứng
122703,PKA,logictics-va-quan-ly-chuoi-cung-ung,D10,Điểm thi THPT,2023,21.0,Logictics và quản lý chuỗi cung ứng
122704,PKA,logistics-so,A00,Điểm học bạ,2024,22.0,Logistics số
122705,PKA,logistics-so,A01,Điểm học bạ,2024,22.0,Logistics số
122706,PKA,logistics-so,D01,Điểm học bạ,2024,22.0,Logistics số
122707,PKA,logistics-so,D07,Điểm học bạ,2024,22.0,Logistics số
122708,PKA,logistics-so,A00,Điểm thi THPT,2024,18.0,Logistics số
122709,PKA,logistics-so,A01,Điểm thi THPT,2024,18.0,Logistics số
122710,PKA,logistics-so,D01,Điểm thi THPT,2024,18.0,Logistics số
122711,PKA,logistics-so,D07,Điểm thi THPT,2024,18.0,Logistics số
122712,PKA,logistics-va-quan-ly-chuoi-cung-ung,A01,Điểm học bạ,2025,22.81,Logistics và Quản lý chuỗi cung ứng (Logistics số)
122713,PKA,logistics-va-quan-ly-chuoi-cung-ung,D01,Điểm học bạ,2025,22.81,Logistics và Quản lý chuỗi cung ứng (Logistics số)
122714,PKA,logistics-va-quan-ly-chuoi-cung-ung,D07,Điểm học bạ,2025,22.81,Logistics và Quản lý chuỗi cung ứng (Logistics số)
122715,PKA,logistics-va-quan-ly-chuoi-cung-ung,D84,Điểm học bạ,2025,22.81,Logistics và Quản lý chuỗi cung ứng (Logistics số)
122716,PKA,logistics-va-quan-ly-chuoi-cung-ung,X25,Điểm học bạ,2025,22.81,Logistics và Quản lý chuỗi cung ứng (Logistics số)
122717,PKA,logistics-va-quan-ly-chuoi-cung-ung,X26,Điểm học bạ,2025,22.81,Logistics và Quản lý chuỗi cung ứng (Logistics số)
122718,PKA,logistics-va-quan-ly-chuoi-cung-ung,X27,Điểm học bạ,2025,22.81,Logistics và Quản lý chuỗi cung ứng (Logistics số)
122719,PKA,logistics-va-quan-ly-chuoi-cung-ung,A01,Điểm thi THPT,2025,18.0,Logistics và Quản lý chuỗi cung ứng (Logistics số)
122720,PKA,logistics-va-quan-ly-chuoi-cung-ung,D01,Điểm thi THPT,2025,18.0,Logistics và Quản lý chuỗi cung ứng (Logistics số)
122721,PKA,logistics-va-quan-ly-chuoi-cung-ung,D07,Điểm thi THPT,2025,18.0,Logistics và Quản lý chuỗi cung ứng (Logistics số)
122722,PKA,logistics-va-quan-ly-chuoi-cung-ung,D84,Điểm thi THPT,2025,18.0,Logistics và Quản lý chuỗi cung ứng (Logistics số)
122723,PKA,logistics-va-quan-ly-chuoi-cung-ung,X25,Điểm thi THPT,2025,18.0,Logistics và Quản lý chuỗi cung ứng (Logistics số)
122724,PKA,logistics-va-quan-ly-chuoi-cung-ung,X26,Điểm thi THPT,2025,18.0,Logistics và Quản lý chuỗi cung ứng (Logistics số)
122725,PKA,logistics-va-quan-ly-chuoi-cung-ung,X27,Điểm thi THPT,2025,18.0,Logistics và Quản lý chuỗi cung ứng (Logistics số)
122726,PKA,luat,C00,Điểm học bạ,2025,22.81,Luật
122727,PKA,luat,C03,Điểm học bạ,2025,22.81,Luật
122728,PKA,luat,C19,Điểm học bạ,2025,22.81,Luật
122729,PKA,luat,D01,Điểm học bạ,2025,22.81,Luật
122730,PKA,luat,D12,Điểm học bạ,2025,22.81,Luật
122731,PKA,luat,D13,Điểm học bạ,2025,22.81,Luật
122732,PKA,luat,X70,Điểm học bạ,2025,22.81,Luật
122733,PKA,luat,C00,Điểm thi THPT,2025,18.0,Luật
122734,PKA,luat,C03,Điểm thi THPT,2025,18.0,Luật
122735,PKA,luat,C19,Điểm thi THPT,2025,18.0,Luật
122736,PKA,luat,D01,Điểm thi THPT,2025,18.0,Luật
122737,PKA,luat,D12,Điểm thi THPT,2025,18.0,Luật
122738,PKA,luat,D13,Điểm thi THPT,2025,18.0,Luật
122739,PKA,luat,X70,Điểm thi THPT,2025,18.0,Luật
122740,PKA,luat-kinh-doanh,C00,Điểm học bạ,2025,22.81,Luật kinh doanh
122741,PKA,luat-kinh-doanh,C03,Điểm học bạ,2025,22.81,Luật kinh doanh
122742,PKA,luat-kinh-doanh,C19,Điểm học bạ,2025,22.81,Luật kinh doanh
122743,PKA,luat-kinh-doanh,D01,Điểm học bạ,2025,22.81,Luật kinh doanh
122744,PKA,luat-kinh-doanh,D12,Điểm học bạ,2025,22.81,Luật kinh doanh
122745,PKA,luat-kinh-doanh,D13,Điểm học bạ,2025,22.81,Luật kinh doanh
122746,PKA,luat-kinh-doanh,X70,Điểm học bạ,2025,22.81,Luật kinh doanh
122747,PKA,luat-kinh-doanh,C00,Điểm thi THPT,2025,18.0,Luật kinh doanh
122748,PKA,luat-kinh-doanh,C03,Điểm thi THPT,2025,18.0,Luật kinh doanh
122749,PKA,luat-kinh-doanh,C19,Điểm thi THPT,2025,18.0,Luật kinh doanh
122750,PKA,luat-kinh-doanh,D01,Điểm thi THPT,2025,18.0,Luật kinh doanh
122751,PKA,luat-kinh-doanh,D12,Điểm thi THPT,2025,18.0,Luật kinh doanh
122752,PKA,luat-kinh-doanh,D13,Điểm thi THPT,2025,18.0,Luật kinh doanh
122753,PKA,luat-kinh-doanh,X70,Điểm thi THPT,2025,18.0,Luật kinh doanh
122754,PKA,luat-kinh-te,A00,Điểm học bạ,2021,21.0,LUẬT KINH TẾ
122755,PKA,luat-kinh-te,A01,Điểm học bạ,2021,21.0,LUẬT KINH TẾ
122756,PKA,luat-kinh-te,C00,Điểm học bạ,2021,21.0,LUẬT KINH TẾ
122757,PKA,luat-kinh-te,D01,Điểm học bạ,2021,21.0,LUẬT KINH TẾ
122758,PKA,luat-kinh-te,A00,Điểm thi THPT,2021,18.0,LUẬT KINH TẾ
122759,PKA,luat-kinh-te,A01,Điểm thi THPT,2021,18.0,LUẬT KINH TẾ
122760,PKA,luat-kinh-te,C00,Điểm thi THPT,2021,18.0,LUẬT KINH TẾ
122761,PKA,luat-kinh-te,D01,Điểm thi THPT,2021,18.0,LUẬT KINH TẾ
122762,PKA,luat-kinh-te,C00,Điểm học bạ,2022,27.5,Luật kinh tế
122763,PKA,luat-kinh-te,C04,Điểm học bạ,2022,27.5,Luật kinh tế
122764,PKA,luat-kinh-te,D01,Điểm học bạ,2022,27.5,Luật kinh tế
122765,PKA,luat-kinh-te,D14,Điểm học bạ,2022,27.5,Luật kinh tế
122766,PKA,luat-kinh-te,C00,Điểm thi THPT,2022,25.0,Luật kinh tế
122767,PKA,luat-kinh-te,C04,Điểm thi THPT,2022,25.0,Luật kinh tế
122768,PKA,luat-kinh-te,D01,Điểm thi THPT,2022,25.0,Luật kinh tế
122769,PKA,luat-kinh-te,D14,Điểm thi THPT,2022,25.0,Luật kinh tế
122770,PKA,luat-kinh-te,C00,Điểm học bạ,2023,2.0,Luật kinh tế
122771,PKA,luat-kinh-te,C04,Điểm học bạ,2023,2.0,Luật kinh tế
122772,PKA,luat-kinh-te,D01,Điểm học bạ,2023,2.0,Luật kinh tế
122773,PKA,luat-kinh-te,D14,Điểm học bạ,2023,2.0,Luật kinh tế
122774,PKA,luat-kinh-te,C00,Điểm thi THPT,2023,21.0,Luật kinh tế
122775,PKA,luat-kinh-te,C04,Điểm thi THPT,2023,21.0,Luật kinh tế
122776,PKA,luat-kinh-te,D01,Điểm thi THPT,2023,21.0,Luật kinh tế
122777,PKA,luat-kinh-te,D14,Điểm thi THPT,2023,21.0,Luật kinh tế
122778,PKA,luat-kinh-te,C00,Điểm học bạ,2024,26.0,Luật kinh tế
122779,PKA,luat-kinh-te,C04,Điểm học bạ,2024,26.0,Luật kinh tế
122780,PKA,luat-kinh-te,D01,Điểm học bạ,2024,26.0,Luật kinh tế
122781,PKA,luat-kinh-te,D14,Điểm học bạ,2024,26.0,Luật kinh tế
122782,PKA,luat-kinh-te,C00,Điểm thi THPT,2024,24.0,Luật kinh tế
122783,PKA,luat-kinh-te,C04,Điểm thi THPT,2024,24.0,Luật kinh tế
122784,PKA,luat-kinh-te,D01,Điểm thi THPT,2024,24.0,Luật kinh tế
122785,PKA,luat-kinh-te,D14,Điểm thi THPT,2024,24.0,Luật kinh tế
122786,PKA,luat-kinh-te,C00,Điểm học bạ,2025,22.81,Luật kinh tế
122787,PKA,luat-kinh-te,C03,Điểm học bạ,2025,22.81,Luật kinh tế
122788,PKA,luat-kinh-te,C19,Điểm học bạ,2025,22.81,Luật kinh tế
122789,PKA,luat-kinh-te,D01,Điểm học bạ,2025,22.81,Luật kinh tế
122790,PKA,luat-kinh-te,D12,Điểm học bạ,2025,22.81,Luật kinh tế
122791,PKA,luat-kinh-te,D13,Điểm học bạ,2025,22.81,Luật kinh tế
122792,PKA,luat-kinh-te,X70,Điểm học bạ,2025,22.81,Luật kinh tế
122793,PKA,luat-kinh-te,C00,Điểm thi THPT,2025,18.0,Luật kinh tế
122794,PKA,luat-kinh-te,C03,Điểm thi THPT,2025,18.0,Luật kinh tế
122795,PKA,luat-kinh-te,C19,Điểm thi THPT,2025,18.0,Luật kinh tế
122796,PKA,luat-kinh-te,D01,Điểm thi THPT,2025,18.0,Luật kinh tế
122797,PKA,luat-kinh-te,D12,Điểm thi THPT,2025,18.0,Luật kinh tế
122798,PKA,luat-kinh-te,D13,Điểm thi THPT,2025,18.0,Luật kinh tế
122799,PKA,luat-kinh-te,X70,Điểm thi THPT,2025,18.0,Luật kinh tế
122800,PKA,luat-quoc-te,D01,Điểm học bạ,2025,22.81,Luật quốc tế
122801,PKA,luat-quoc-te,D11,Điểm học bạ,2025,22.81,Luật quốc tế
122802,PKA,luat-quoc-te,D12,Điểm học bạ,2025,22.81,Luật quốc tế
122803,PKA,luat-quoc-te,D14,Điểm học bạ,2025,22.81,Luật quốc tế
122804,PKA,luat-quoc-te,D15,Điểm học bạ,2025,22.81,Luật quốc tế
122805,PKA,luat-quoc-te,D66,Điểm học bạ,2025,22.81,Luật quốc tế
122806,PKA,luat-quoc-te,X78,Điểm học bạ,2025,22.81,Luật quốc tế
122807,PKA,luat-quoc-te,D01,Điểm thi THPT,2025,18.0,Luật quốc tế
122808,PKA,luat-quoc-te,D11,Điểm thi THPT,2025,18.0,Luật quốc tế
122809,PKA,luat-quoc-te,D12,Điểm thi THPT,2025,18.0,Luật quốc tế
122810,PKA,luat-quoc-te,D14,Điểm thi THPT,2025,18.0,Luật quốc tế
122811,PKA,luat-quoc-te,D15,Điểm thi THPT,2025,18.0,Luật quốc tế
122812,PKA,luat-quoc-te,D66,Điểm thi THPT,2025,18.0,Luật quốc tế
122813,PKA,luat-quoc-te,X78,Điểm thi THPT,2025,18.0,Luật quốc tế
122814,PKA,luat-thuong-mai-quoc-te,D01,Điểm học bạ,2025,22.81,Luật thương mại quốc tế
122815,PKA,luat-thuong-mai-quoc-te,D11,Điểm học bạ,2025,22.81,Luật thương mại quốc tế
122816,PKA,luat-thuong-mai-quoc-te,D12,Điểm học bạ,2025,22.81,Luật thương mại quốc tế
122817,PKA,luat-thuong-mai-quoc-te,D14,Điểm học bạ,2025,22.81,Luật thương mại quốc tế
122818,PKA,luat-thuong-mai-quoc-te,D15,Điểm học bạ,2025,22.81,Luật thương mại quốc tế
122819,PKA,luat-thuong-mai-quoc-te,D66,Điểm học bạ,2025,22.81,Luật thương mại quốc tế
122820,PKA,luat-thuong-mai-quoc-te,X78,Điểm học bạ,2025,22.81,Luật thương mại quốc tế
122821,PKA,luat-thuong-mai-quoc-te,D01,Điểm thi THPT,2025,18.0,Luật thương mại quốc tế
122822,PKA,luat-thuong-mai-quoc-te,D11,Điểm thi THPT,2025,18.0,Luật thương mại quốc tế
122823,PKA,luat-thuong-mai-quoc-te,D12,Điểm thi THPT,2025,18.0,Luật thương mại quốc tế
122824,PKA,luat-thuong-mai-quoc-te,D14,Điểm thi THPT,2025,18.0,Luật thương mại quốc tế
122825,PKA,luat-thuong-mai-quoc-te,D15,Điểm thi THPT,2025,18.0,Luật thương mại quốc tế
122826,PKA,luat-thuong-mai-quoc-te,D66,Điểm thi THPT,2025,18.0,Luật thương mại quốc tế
122827,PKA,luat-thuong-mai-quoc-te,X78,Điểm thi THPT,2025,18.0,Luật thương mại quốc tế
122828,PKA,marketing,A01,Điểm học bạ,2024,23.0,Marketing
122829,PKA,marketing,D01,Điểm học bạ,2024,23.0,Marketing
122830,PKA,marketing,D07,Điểm học bạ,2024,23.0,Marketing
122831,PKA,marketing,D10,Điểm học bạ,2024,23.0,Marketing
122832,PKA,marketing,A01,Điểm thi THPT,2024,20.0,Marketing
122833,PKA,marketing,D01,Điểm thi THPT,2024,20.0,Marketing
122834,PKA,marketing,D07,Điểm thi THPT,2024,20.0,Marketing
122835,PKA,marketing,D10,Điểm thi THPT,2024,20.0,Marketing
122836,PKA,marketing,A01,Điểm học bạ,2025,22.81,Marketing (Công nghệ Marketing)
122837,PKA,marketing,D01,Điểm học bạ,2025,22.81,Marketing (Công nghệ Marketing)
122838,PKA,marketing,D07,Điểm học bạ,2025,22.81,Marketing (Công nghệ Marketing)
122839,PKA,marketing,D84,Điểm học bạ,2025,22.81,Marketing (Công nghệ Marketing)
122840,PKA,marketing,X25,Điểm học bạ,2025,22.81,Marketing (Công nghệ Marketing)
122841,PKA,marketing,X26,Điểm học bạ,2025,22.81,Marketing (Công nghệ Marketing)
122842,PKA,marketing,X27,Điểm học bạ,2025,22.81,Marketing (Công nghệ Marketing)
122843,PKA,marketing,A01,Điểm thi THPT,2025,18.0,Marketing (Công nghệ Marketing)
122844,PKA,marketing,D01,Điểm thi THPT,2025,18.0,Marketing (Công nghệ Marketing)
122845,PKA,marketing,D07,Điểm thi THPT,2025,18.0,Marketing (Công nghệ Marketing)
122846,PKA,marketing,D84,Điểm thi THPT,2025,18.0,Marketing (Công nghệ Marketing)
122847,PKA,marketing,X25,Điểm thi THPT,2025,18.0,Marketing (Công nghệ Marketing)
122848,PKA,marketing,X26,Điểm thi THPT,2025,18.0,Marketing (Công nghệ Marketing)
122849,PKA,marketing,X27,Điểm thi THPT,2025,18.0,Marketing (Công nghệ Marketing)
122850,PKA,ngon-ngu-anh,D01,Điểm học bạ,2021,21.0,NGÔN NGỮ ANH
122851,PKA,ngon-ngu-anh,D09,Điểm học bạ,2021,21.0,NGÔN NGỮ ANH
122852,PKA,ngon-ngu-anh,D14,Điểm học bạ,2021,21.0,NGÔN NGỮ ANH
122853,PKA,ngon-ngu-anh,D15,Điểm học bạ,2021,21.0,NGÔN NGỮ ANH
122854,PKA,ngon-ngu-anh,D01,Điểm thi THPT,2021,18.0,NGÔN NGỮ ANH
122855,PKA,ngon-ngu-anh,D09,Điểm thi THPT,2021,18.0,NGÔN NGỮ ANH
122856,PKA,ngon-ngu-anh,D14,Điểm thi THPT,2021,18.0,NGÔN NGỮ ANH
122857,PKA,ngon-ngu-anh,D15,Điểm thi THPT,2021,18.0,NGÔN NGỮ ANH
122858,PKA,ngon-ngu-anh,D01,Điểm học bạ,2022,27.0,Ngôn ngữ Anh
122859,PKA,ngon-ngu-anh,D09,Điểm học bạ,2022,27.0,Ngôn ngữ Anh
122860,PKA,ngon-ngu-anh,D14,Điểm học bạ,2022,27.0,Ngôn ngữ Anh
122861,PKA,ngon-ngu-anh,D15,Điểm học bạ,2022,27.0,Ngôn ngữ Anh
122862,PKA,ngon-ngu-anh,D01,Điểm thi THPT,2022,23.0,Ngôn ngữ Anh
122863,PKA,ngon-ngu-anh,D09,Điểm thi THPT,2022,23.0,Ngôn ngữ Anh
122864,PKA,ngon-ngu-anh,D14,Điểm thi THPT,2022,23.0,Ngôn ngữ Anh
122865,PKA,ngon-ngu-anh,D15,Điểm thi THPT,2022,23.0,Ngôn ngữ Anh
122866,PKA,ngon-ngu-anh,D01,Điểm học bạ,2023,24.0,Ngôn ngữ Anh
122867,PKA,ngon-ngu-anh,D09,Điểm học bạ,2023,24.0,Ngôn ngữ Anh
122868,PKA,ngon-ngu-anh,D14,Điểm học bạ,2023,24.0,Ngôn ngữ Anh
122869,PKA,ngon-ngu-anh,D15,Điểm học bạ,2023,24.0,Ngôn ngữ Anh
122870,PKA,ngon-ngu-anh,D01,Điểm thi THPT,2023,21.0,Ngôn ngữ Anh
122871,PKA,ngon-ngu-anh,D09,Điểm thi THPT,2023,21.0,Ngôn ngữ Anh
122872,PKA,ngon-ngu-anh,D14,Điểm thi THPT,2023,21.0,Ngôn ngữ Anh
122873,PKA,ngon-ngu-anh,D15,Điểm thi THPT,2023,21.0,Ngôn ngữ Anh
122874,PKA,ngon-ngu-anh,A01,Điểm học bạ,2024,24.0,Ngôn ngữ Anh
122875,PKA,ngon-ngu-anh,D01,Điểm học bạ,2024,24.0,Ngôn ngữ Anh
122876,PKA,ngon-ngu-anh,D09,Điểm học bạ,2024,24.0,Ngôn ngữ Anh
122877,PKA,ngon-ngu-anh,D15,Điểm học bạ,2024,24.0,Ngôn ngữ Anh
122878,PKA,ngon-ngu-anh,A01,Điểm thi THPT,2024,21.0,Ngôn ngữ Anh
122879,PKA,ngon-ngu-anh,D01,Điểm thi THPT,2024,21.0,Ngôn ngữ Anh
122880,PKA,ngon-ngu-anh,D09,Điểm thi THPT,2024,21.0,Ngôn ngữ Anh
122881,PKA,ngon-ngu-anh,D15,Điểm thi THPT,2024,21.0,Ngôn ngữ Anh
122882,PKA,ngon-ngu-anh,A01,Điểm học bạ,2025,23.33,Ngôn ngữ Anh
122883,PKA,ngon-ngu-anh,D01,Điểm học bạ,2025,23.33,Ngôn ngữ Anh
122884,PKA,ngon-ngu-anh,D09,Điểm học bạ,2025,23.33,Ngôn ngữ Anh
122885,PKA,ngon-ngu-anh,D10,Điểm học bạ,2025,23.33,Ngôn ngữ Anh
122886,PKA,ngon-ngu-anh,D84,Điểm học bạ,2025,23.33,Ngôn ngữ Anh
122887,PKA,ngon-ngu-anh,X25,Điểm học bạ,2025,23.33,Ngôn ngữ Anh
122888,PKA,ngon-ngu-anh,X26,Điểm học bạ,2025,23.33,Ngôn ngữ Anh
122889,PKA,ngon-ngu-anh,A01,Điểm thi THPT,2025,19.0,Ngôn ngữ Anh
122890,PKA,ngon-ngu-anh,D01,Điểm thi THPT,2025,19.0,Ngôn ngữ Anh
122891,PKA,ngon-ngu-anh,D09,Điểm thi THPT,2025,19.0,Ngôn ngữ Anh
122892,PKA,ngon-ngu-anh,D10,Điểm thi THPT,2025,19.0,Ngôn ngữ Anh
122893,PKA,ngon-ngu-anh,D84,Điểm thi THPT,2025,19.0,Ngôn ngữ Anh
122894,PKA,ngon-ngu-anh,X25,Điểm thi THPT,2025,19.0,Ngôn ngữ Anh
122895,PKA,ngon-ngu-anh,X26,Điểm thi THPT,2025,19.0,Ngôn ngữ Anh
122896,PKA,ngon-ngu-han-quoc,A01,Điểm học bạ,2021,22.5,NGÔN NGỮ HÀN QUỐC
122897,PKA,ngon-ngu-han-quoc,C00,Điểm học bạ,2021,22.5,NGÔN NGỮ HÀN QUỐC
122898,PKA,ngon-ngu-han-quoc,D01,Điểm học bạ,2021,22.5,NGÔN NGỮ HÀN QUỐC
122899,PKA,ngon-ngu-han-quoc,D15,Điểm học bạ,2021,22.5,NGÔN NGỮ HÀN QUỐC
122900,PKA,ngon-ngu-han-quoc,A01,Điểm thi THPT,2021,22.0,NGÔN NGỮ HÀN QUỐC
122901,PKA,ngon-ngu-han-quoc,C00,Điểm thi THPT,2021,22.0,NGÔN NGỮ HÀN QUỐC
122902,PKA,ngon-ngu-han-quoc,D01,Điểm thi THPT,2021,22.0,NGÔN NGỮ HÀN QUỐC
122903,PKA,ngon-ngu-han-quoc,D15,Điểm thi THPT,2021,22.0,NGÔN NGỮ HÀN QUỐC
122904,PKA,ngon-ngu-han-quoc,A01,Điểm học bạ,2022,27.5,Ngôn ngữ Hàn Quốc
122905,PKA,ngon-ngu-han-quoc,D01,Điểm học bạ,2022,27.5,Ngôn ngữ Hàn Quốc
122906,PKA,ngon-ngu-han-quoc,D09,Điểm học bạ,2022,27.5,Ngôn ngữ Hàn Quốc
122907,PKA,ngon-ngu-han-quoc,A01,Điểm thi THPT,2022,23.5,Ngôn ngữ Hàn Quốc
122908,PKA,ngon-ngu-han-quoc,D01,Điểm thi THPT,2022,23.5,Ngôn ngữ Hàn Quốc
122909,PKA,ngon-ngu-han-quoc,D09,Điểm thi THPT,2022,23.5,Ngôn ngữ Hàn Quốc
122910,PKA,ngon-ngu-han-quoc,A01,Điểm học bạ,2023,24.0,Ngôn ngữ Hàn Quốc
122911,PKA,ngon-ngu-han-quoc,D01,Điểm học bạ,2023,24.0,Ngôn ngữ Hàn Quốc
122912,PKA,ngon-ngu-han-quoc,D09,Điểm học bạ,2023,24.0,Ngôn ngữ Hàn Quốc
122913,PKA,ngon-ngu-han-quoc,A01,Điểm thi THPT,2023,23.0,Ngôn ngữ Hàn Quốc
122914,PKA,ngon-ngu-han-quoc,D01,Điểm thi THPT,2023,23.0,Ngôn ngữ Hàn Quốc
122915,PKA,ngon-ngu-han-quoc,D09,Điểm thi THPT,2023,23.0,Ngôn ngữ Hàn Quốc
122916,PKA,ngon-ngu-han-quoc,A01,Điểm học bạ,2024,24.0,Ngôn ngữ Hàn Quốc
122917,PKA,ngon-ngu-han-quoc,D01,Điểm học bạ,2024,24.0,Ngôn ngữ Hàn Quốc
122918,PKA,ngon-ngu-han-quoc,D09,Điểm học bạ,2024,24.0,Ngôn ngữ Hàn Quốc
122919,PKA,ngon-ngu-han-quoc,A01,Điểm thi THPT,2024,22.0,Ngôn ngữ Hàn Quốc
122920,PKA,ngon-ngu-han-quoc,D01,Điểm thi THPT,2024,22.0,Ngôn ngữ Hàn Quốc
122921,PKA,ngon-ngu-han-quoc,D09,Điểm thi THPT,2024,22.0,Ngôn ngữ Hàn Quốc
122922,PKA,ngon-ngu-han-quoc,A01,Điểm học bạ,2025,23.33,Ngôn ngữ Hàn Quốc
122923,PKA,ngon-ngu-han-quoc,D01,Điểm học bạ,2025,23.33,Ngôn ngữ Hàn Quốc
122924,PKA,ngon-ngu-han-quoc,D09,Điểm học bạ,2025,23.33,Ngôn ngữ Hàn Quốc
122925,PKA,ngon-ngu-han-quoc,D10,Điểm học bạ,2025,23.33,Ngôn ngữ Hàn Quốc
122926,PKA,ngon-ngu-han-quoc,D84,Điểm học bạ,2025,23.33,Ngôn ngữ Hàn Quốc
122927,PKA,ngon-ngu-han-quoc,X25,Điểm học bạ,2025,23.33,Ngôn ngữ Hàn Quốc
122928,PKA,ngon-ngu-han-quoc,A01,Điểm thi THPT,2025,19.0,Ngôn ngữ Hàn Quốc
122929,PKA,ngon-ngu-han-quoc,D01,Điểm thi THPT,2025,19.0,Ngôn ngữ Hàn Quốc
122930,PKA,ngon-ngu-han-quoc,D09,Điểm thi THPT,2025,19.0,Ngôn ngữ Hàn Quốc
122931,PKA,ngon-ngu-han-quoc,D10,Điểm thi THPT,2025,19.0,Ngôn ngữ Hàn Quốc
122932,PKA,ngon-ngu-han-quoc,D84,Điểm thi THPT,2025,19.0,Ngôn ngữ Hàn Quốc
122933,PKA,ngon-ngu-han-quoc,X25,Điểm thi THPT,2025,19.0,Ngôn ngữ Hàn Quốc
122934,PKA,ngon-ngu-nhat,A01,Điểm học bạ,2022,27.5,Ngôn ngữ Nhật
122935,PKA,ngon-ngu-nhat,D01,Điểm học bạ,2022,27.5,Ngôn ngữ Nhật
122936,PKA,ngon-ngu-nhat,D06,Điểm học bạ,2022,27.5,Ngôn ngữ Nhật
122937,PKA,ngon-ngu-nhat,D28,Điểm học bạ,2022,27.5,Ngôn ngữ Nhật
122938,PKA,ngon-ngu-nhat,A01,Điểm thi THPT,2022,22.0,Ngôn ngữ Nhật
122939,PKA,ngon-ngu-nhat,D01,Điểm thi THPT,2022,22.0,Ngôn ngữ Nhật
122940,PKA,ngon-ngu-nhat,D06,Điểm thi THPT,2022,22.0,Ngôn ngữ Nhật
122941,PKA,ngon-ngu-nhat,D28,Điểm thi THPT,2022,22.0,Ngôn ngữ Nhật
122942,PKA,ngon-ngu-nhat,A01,Điểm học bạ,2023,22.5,Ngôn ngữ Nhật
122943,PKA,ngon-ngu-nhat,D01,Điểm học bạ,2023,22.5,Ngôn ngữ Nhật
122944,PKA,ngon-ngu-nhat,D06,Điểm học bạ,2023,22.5,Ngôn ngữ Nhật
122945,PKA,ngon-ngu-nhat,D28,Điểm học bạ,2023,22.5,Ngôn ngữ Nhật
122946,PKA,ngon-ngu-nhat,A01,Điểm thi THPT,2023,17.5,Ngôn ngữ Nhật
122947,PKA,ngon-ngu-nhat,D01,Điểm thi THPT,2023,17.5,Ngôn ngữ Nhật
122948,PKA,ngon-ngu-nhat,D06,Điểm thi THPT,2023,17.5,Ngôn ngữ Nhật
122949,PKA,ngon-ngu-nhat,D28,Điểm thi THPT,2023,17.5,Ngôn ngữ Nhật
122950,PKA,ngon-ngu-nhat,A01,Điểm học bạ,2024,22.5,Ngôn ngữ Nhật
122951,PKA,ngon-ngu-nhat,D01,Điểm học bạ,2024,22.5,Ngôn ngữ Nhật
122952,PKA,ngon-ngu-nhat,D06,Điểm học bạ,2024,22.5,Ngôn ngữ Nhật
122953,PKA,ngon-ngu-nhat,D28,Điểm học bạ,2024,22.5,Ngôn ngữ Nhật
122954,PKA,ngon-ngu-nhat,A01,Điểm thi THPT,2024,18.0,Ngôn ngữ Nhật
122955,PKA,ngon-ngu-nhat,D01,Điểm thi THPT,2024,18.0,Ngôn ngữ Nhật
122956,PKA,ngon-ngu-nhat,D06,Điểm thi THPT,2024,18.0,Ngôn ngữ Nhật
122957,PKA,ngon-ngu-nhat,D28,Điểm thi THPT,2024,18.0,Ngôn ngữ Nhật
122958,PKA,ngon-ngu-nhat,A01,Điểm học bạ,2025,21.79,Ngôn ngữ Nhật
122959,PKA,ngon-ngu-nhat,D01,Điểm học bạ,2025,21.79,Ngôn ngữ Nhật
122960,PKA,ngon-ngu-nhat,D06,Điểm học bạ,2025,21.79,Ngôn ngữ Nhật
122961,PKA,ngon-ngu-nhat,D09,Điểm học bạ,2025,21.79,Ngôn ngữ Nhật
122962,PKA,ngon-ngu-nhat,D10,Điểm học bạ,2025,21.79,Ngôn ngữ Nhật
122963,PKA,ngon-ngu-nhat,D15,Điểm học bạ,2025,21.79,Ngôn ngữ Nhật
122964,PKA,ngon-ngu-nhat,A01,Điểm thi THPT,2025,17.0,Ngôn ngữ Nhật
122965,PKA,ngon-ngu-nhat,D01,Điểm thi THPT,2025,17.0,Ngôn ngữ Nhật
122966,PKA,ngon-ngu-nhat,D06,Điểm thi THPT,2025,17.0,Ngôn ngữ Nhật
122967,PKA,ngon-ngu-nhat,D09,Điểm thi THPT,2025,17.0,Ngôn ngữ Nhật
122968,PKA,ngon-ngu-nhat,D10,Điểm thi THPT,2025,17.0,Ngôn ngữ Nhật
122969,PKA,ngon-ngu-nhat,D15,Điểm thi THPT,2025,17.0,Ngôn ngữ Nhật
122970,PKA,ngon-ngu-phap,A01,Điểm học bạ,2023,21.0,Ngôn ngữ Pháp
122971,PKA,ngon-ngu-phap,D01,Điểm học bạ,2023,21.0,Ngôn ngữ Pháp
122972,PKA,ngon-ngu-phap,D44,Điểm học bạ,2023,21.0,Ngôn ngữ Pháp
122973,PKA,ngon-ngu-phap,D64,Điểm học bạ,2023,21.0,Ngôn ngữ Pháp
122974,PKA,ngon-ngu-phap,A01,Điểm thi THPT,2023,17.0,Ngôn ngữ Pháp
122975,PKA,ngon-ngu-phap,D01,Điểm thi THPT,2023,17.0,Ngôn ngữ Pháp
122976,PKA,ngon-ngu-phap,D44,Điểm thi THPT,2023,17.0,Ngôn ngữ Pháp
122977,PKA,ngon-ngu-phap,D64,Điểm thi THPT,2023,17.0,Ngôn ngữ Pháp
122978,PKA,ngon-ngu-phap,A01,Điểm học bạ,2024,21.0,Ngôn ngữ Pháp
122979,PKA,ngon-ngu-phap,D01,Điểm học bạ,2024,21.0,Ngôn ngữ Pháp
122980,PKA,ngon-ngu-phap,D44,Điểm học bạ,2024,21.0,Ngôn ngữ Pháp
122981,PKA,ngon-ngu-phap,D64,Điểm học bạ,2024,21.0,Ngôn ngữ Pháp
122982,PKA,ngon-ngu-phap,A01,Điểm thi THPT,2024,17.0,Ngôn ngữ Pháp
122983,PKA,ngon-ngu-phap,D01,Điểm thi THPT,2024,17.0,Ngôn ngữ Pháp
122984,PKA,ngon-ngu-phap,D44,Điểm thi THPT,2024,17.0,Ngôn ngữ Pháp
122985,PKA,ngon-ngu-phap,D64,Điểm thi THPT,2024,17.0,Ngôn ngữ Pháp
122986,PKA,ngon-ngu-phap,A01,Điểm học bạ,2025,21.79,Ngôn ngữ Pháp
122987,PKA,ngon-ngu-phap,D01,Điểm học bạ,2025,21.79,Ngôn ngữ Pháp
122988,PKA,ngon-ngu-phap,D03,Điểm học bạ,2025,21.79,Ngôn ngữ Pháp
122989,PKA,ngon-ngu-phap,D09,Điểm học bạ,2025,21.79,Ngôn ngữ Pháp
122990,PKA,ngon-ngu-phap,D20,Điểm học bạ,2025,21.79,Ngôn ngữ Pháp
122991,PKA,ngon-ngu-phap,D89,Điểm học bạ,2025,21.79,Ngôn ngữ Pháp
122992,PKA,ngon-ngu-phap,X37,Điểm học bạ,2025,21.79,Ngôn ngữ Pháp
122993,PKA,ngon-ngu-phap,A01,Điểm thi THPT,2025,17.0,Ngôn ngữ Pháp
122994,PKA,ngon-ngu-phap,D01,Điểm thi THPT,2025,17.0,Ngôn ngữ Pháp
122995,PKA,ngon-ngu-phap,D03,Điểm thi THPT,2025,17.0,Ngôn ngữ Pháp
122996,PKA,ngon-ngu-phap,D09,Điểm thi THPT,2025,17.0,Ngôn ngữ Pháp
122997,PKA,ngon-ngu-phap,D20,Điểm thi THPT,2025,17.0,Ngôn ngữ Pháp
122998,PKA,ngon-ngu-phap,D89,Điểm thi THPT,2025,17.0,Ngôn ngữ Pháp
122999,PKA,ngon-ngu-phap,X37,Điểm thi THPT,2025,17.0,Ngôn ngữ Pháp
123000,PKA,ngon-ngu-trung-quoc,A01,Điểm học bạ,2021,22.5,NGÔN NGỮ TRUNG QUỐC
123001,PKA,ngon-ngu-trung-quoc,C00,Điểm học bạ,2021,22.5,NGÔN NGỮ TRUNG QUỐC
123002,PKA,ngon-ngu-trung-quoc,D01,Điểm học bạ,2021,22.5,NGÔN NGỮ TRUNG QUỐC
123003,PKA,ngon-ngu-trung-quoc,D04,Điểm học bạ,2021,22.5,NGÔN NGỮ TRUNG QUỐC
123004,PKA,ngon-ngu-trung-quoc,A01,Điểm thi THPT,2021,22.0,NGÔN NGỮ TRUNG QUỐC
123005,PKA,ngon-ngu-trung-quoc,C00,Điểm thi THPT,2021,22.0,NGÔN NGỮ TRUNG QUỐC
123006,PKA,ngon-ngu-trung-quoc,D01,Điểm thi THPT,2021,22.0,NGÔN NGỮ TRUNG QUỐC
123007,PKA,ngon-ngu-trung-quoc,D04,Điểm thi THPT,2021,22.0,NGÔN NGỮ TRUNG QUỐC
123008,PKA,ngon-ngu-trung-quoc,A01,Điểm học bạ,2022,27.5,Ngôn ngữ Trung Quốc
123009,PKA,ngon-ngu-trung-quoc,D01,Điểm học bạ,2022,27.5,Ngôn ngữ Trung Quốc
123010,PKA,ngon-ngu-trung-quoc,D04,Điểm học bạ,2022,27.5,Ngôn ngữ Trung Quốc
123011,PKA,ngon-ngu-trung-quoc,D09,Điểm học bạ,2022,27.5,Ngôn ngữ Trung Quốc
123012,PKA,ngon-ngu-trung-quoc,A01,Điểm thi THPT,2022,23.75,Ngôn ngữ Trung Quốc
123013,PKA,ngon-ngu-trung-quoc,D01,Điểm thi THPT,2022,23.75,Ngôn ngữ Trung Quốc
123014,PKA,ngon-ngu-trung-quoc,D04,Điểm thi THPT,2022,23.75,Ngôn ngữ Trung Quốc
123015,PKA,ngon-ngu-trung-quoc,D09,Điểm thi THPT,2022,23.75,Ngôn ngữ Trung Quốc
123016,PKA,ngon-ngu-trung-quoc,A01,Điểm học bạ,2023,25.0,Ngôn ngữ Trung Quốc
123017,PKA,ngon-ngu-trung-quoc,D01,Điểm học bạ,2023,25.0,Ngôn ngữ Trung Quốc
123018,PKA,ngon-ngu-trung-quoc,D04,Điểm học bạ,2023,25.0,Ngôn ngữ Trung Quốc
123019,PKA,ngon-ngu-trung-quoc,D09,Điểm học bạ,2023,25.0,Ngôn ngữ Trung Quốc
123020,PKA,ngon-ngu-trung-quoc,A01,Điểm thi THPT,2023,23.0,Ngôn ngữ Trung Quốc
123021,PKA,ngon-ngu-trung-quoc,D01,Điểm thi THPT,2023,23.0,Ngôn ngữ Trung Quốc
123022,PKA,ngon-ngu-trung-quoc,D04,Điểm thi THPT,2023,23.0,Ngôn ngữ Trung Quốc
123023,PKA,ngon-ngu-trung-quoc,D09,Điểm thi THPT,2023,23.0,Ngôn ngữ Trung Quốc
123024,PKA,ngon-ngu-trung-quoc,A01,Điểm học bạ,2024,25.5,Ngôn ngữ Trung Quốc
123025,PKA,ngon-ngu-trung-quoc,D01,Điểm học bạ,2024,25.5,Ngôn ngữ Trung Quốc
123026,PKA,ngon-ngu-trung-quoc,D04,Điểm học bạ,2024,25.5,Ngôn ngữ Trung Quốc
123027,PKA,ngon-ngu-trung-quoc,D09,Điểm học bạ,2024,25.5,Ngôn ngữ Trung Quốc
123028,PKA,ngon-ngu-trung-quoc,A01,Điểm thi THPT,2024,23.0,Ngôn ngữ Trung Quốc
123029,PKA,ngon-ngu-trung-quoc,D01,Điểm thi THPT,2024,23.0,Ngôn ngữ Trung Quốc
123030,PKA,ngon-ngu-trung-quoc,D04,Điểm thi THPT,2024,23.0,Ngôn ngữ Trung Quốc
123031,PKA,ngon-ngu-trung-quoc,D09,Điểm thi THPT,2024,23.0,Ngôn ngữ Trung Quốc
123032,PKA,ngon-ngu-trung-quoc,A01,Điểm học bạ,2025,24.9,Ngôn ngữ Trung Quốc
123033,PKA,ngon-ngu-trung-quoc,D01,Điểm học bạ,2025,24.9,Ngôn ngữ Trung Quốc
123034,PKA,ngon-ngu-trung-quoc,D04,Điểm học bạ,2025,24.9,Ngôn ngữ Trung Quốc
123035,PKA,ngon-ngu-trung-quoc,D09,Điểm học bạ,2025,24.9,Ngôn ngữ Trung Quốc
123036,PKA,ngon-ngu-trung-quoc,D30,Điểm học bạ,2025,24.9,Ngôn ngữ Trung Quốc
123037,PKA,ngon-ngu-trung-quoc,D84,Điểm học bạ,2025,24.9,Ngôn ngữ Trung Quốc
123038,PKA,ngon-ngu-trung-quoc,X25,Điểm học bạ,2025,24.9,Ngôn ngữ Trung Quốc
123039,PKA,ngon-ngu-trung-quoc,A01,Điểm thi THPT,2025,22.0,Ngôn ngữ Trung Quốc
123040,PKA,ngon-ngu-trung-quoc,D01,Điểm thi THPT,2025,22.0,Ngôn ngữ Trung Quốc
123041,PKA,ngon-ngu-trung-quoc,D04,Điểm thi THPT,2025,22.0,Ngôn ngữ Trung Quốc
123042,PKA,ngon-ngu-trung-quoc,D09,Điểm thi THPT,2025,22.0,Ngôn ngữ Trung Quốc
123043,PKA,ngon-ngu-trung-quoc,D30,Điểm thi THPT,2025,22.0,Ngôn ngữ Trung Quốc
123044,PKA,ngon-ngu-trung-quoc,D84,Điểm thi THPT,2025,22.0,Ngôn ngữ Trung Quốc
123045,PKA,ngon-ngu-trung-quoc,X25,Điểm thi THPT,2025,22.0,Ngôn ngữ Trung Quốc
123046,PKA,quan-ly-benh-vien,A00,Điểm học bạ,2024,21.0,Quản lý bệnh viện
123047,PKA,quan-ly-benh-vien,A01,Điểm học bạ,2024,21.0,Quản lý bệnh viện
123048,PKA,quan-ly-benh-vien,B00,Điểm học bạ,2024,21.0,Quản lý bệnh viện
123049,PKA,quan-ly-benh-vien,D01,Điểm học bạ,2024,21.0,Quản lý bệnh viện
123050,PKA,quan-ly-benh-vien,A00,Điểm thi THPT,2024,17.0,Quản lý bệnh viện
123051,PKA,quan-ly-benh-vien,A01,Điểm thi THPT,2024,17.0,Quản lý bệnh viện
123052,PKA,quan-ly-benh-vien,B00,Điểm thi THPT,2024,17.0,Quản lý bệnh viện
123053,PKA,quan-ly-benh-vien,D01,Điểm thi THPT,2024,17.0,Quản lý bệnh viện
123054,PKA,quan-ly-benh-vien,A00,Điểm học bạ,2025,21.79,Quản lý bệnh viện
123055,PKA,quan-ly-benh-vien,A01,Điểm học bạ,2025,21.79,Quản lý bệnh viện
123056,PKA,quan-ly-benh-vien,A02,Điểm học bạ,2025,21.79,Quản lý bệnh viện
123057,PKA,quan-ly-benh-vien,B00,Điểm học bạ,2025,21.79,Quản lý bệnh viện
123058,PKA,quan-ly-benh-vien,B03,Điểm học bạ,2025,21.79,Quản lý bệnh viện
123059,PKA,quan-ly-benh-vien,D01,Điểm học bạ,2025,21.79,Quản lý bệnh viện
123060,PKA,quan-ly-benh-vien,A00,Điểm thi THPT,2025,17.0,Quản lý bệnh viện
123061,PKA,quan-ly-benh-vien,A01,Điểm thi THPT,2025,17.0,Quản lý bệnh viện
123062,PKA,quan-ly-benh-vien,A02,Điểm thi THPT,2025,17.0,Quản lý bệnh viện
123063,PKA,quan-ly-benh-vien,B00,Điểm thi THPT,2025,17.0,Quản lý bệnh viện
123064,PKA,quan-ly-benh-vien,B03,Điểm thi THPT,2025,17.0,Quản lý bệnh viện
123065,PKA,quan-ly-benh-vien,D01,Điểm thi THPT,2025,17.0,Quản lý bệnh viện
123066,PKA,quan-tri-du-lich,A01,Điểm học bạ,2022,28.0,Quản trị du lịch
123067,PKA,quan-tri-du-lich,C00,Điểm học bạ,2022,28.0,Quản trị du lịch
123068,PKA,quan-tri-du-lich,D01,Điểm học bạ,2022,28.0,Quản trị du lịch
123069,PKA,quan-tri-du-lich,D15,Điểm học bạ,2022,28.0,Quản trị du lịch
123070,PKA,quan-tri-du-lich,A01,Điểm thi THPT,2022,23.75,Quản trị du lịch
123071,PKA,quan-tri-du-lich,C00,Điểm thi THPT,2022,23.75,Quản trị du lịch
123072,PKA,quan-tri-du-lich,D01,Điểm thi THPT,2022,23.75,Quản trị du lịch
123073,PKA,quan-tri-du-lich,D15,Điểm thi THPT,2022,23.75,Quản trị du lịch
123074,PKA,quan-tri-du-lich,A01,Điểm học bạ,2023,24.0,Quản trị du lịch
123075,PKA,quan-tri-du-lich,C00,Điểm học bạ,2023,24.0,Quản trị du lịch
123076,PKA,quan-tri-du-lich,D01,Điểm học bạ,2023,24.0,Quản trị du lịch
123077,PKA,quan-tri-du-lich,D15,Điểm học bạ,2023,24.0,Quản trị du lịch
123078,PKA,quan-tri-khach-san,A00,Điểm học bạ,2021,21.0,QUẢN TRỊ KHÁCH SẠN
123079,PKA,quan-tri-khach-san,A01,Điểm học bạ,2021,21.0,QUẢN TRỊ KHÁCH SẠN
123080,PKA,quan-tri-khach-san,D01,Điểm học bạ,2021,21.0,QUẢN TRỊ KHÁCH SẠN
123081,PKA,quan-tri-khach-san,D10,Điểm học bạ,2021,21.0,QUẢN TRỊ KHÁCH SẠN
123082,PKA,quan-tri-khach-san,A00,Điểm thi THPT,2021,17.0,QUẢN TRỊ KHÁCH SẠN
123083,PKA,quan-tri-khach-san,A01,Điểm thi THPT,2021,17.0,QUẢN TRỊ KHÁCH SẠN
123084,PKA,quan-tri-khach-san,D01,Điểm thi THPT,2021,17.0,QUẢN TRỊ KHÁCH SẠN
123085,PKA,quan-tri-khach-san,D10,Điểm thi THPT,2021,17.0,QUẢN TRỊ KHÁCH SẠN
123086,PKA,quan-tri-khach-san,A00,Điểm học bạ,2022,27.5,Quản trị khách sạn
123087,PKA,quan-tri-khach-san,A01,Điểm học bạ,2022,27.5,Quản trị khách sạn
123088,PKA,quan-tri-khach-san,D01,Điểm học bạ,2022,27.5,Quản trị khách sạn
123089,PKA,quan-tri-khach-san,D10,Điểm học bạ,2022,27.5,Quản trị khách sạn
123090,PKA,quan-tri-khach-san,A00,Điểm thi THPT,2022,22.0,Quản trị khách sạn
123091,PKA,quan-tri-khach-san,A01,Điểm thi THPT,2022,22.0,Quản trị khách sạn
123092,PKA,quan-tri-khach-san,D01,Điểm thi THPT,2022,22.0,Quản trị khách sạn
123093,PKA,quan-tri-khach-san,D10,Điểm thi THPT,2022,22.0,Quản trị khách sạn
123094,PKA,quan-tri-khach-san,A00,Điểm học bạ,2023,24.0,Quản trị khách sạn
123095,PKA,quan-tri-khach-san,A01,Điểm học bạ,2023,24.0,Quản trị khách sạn
123096,PKA,quan-tri-khach-san,D01,Điểm học bạ,2023,24.0,Quản trị khách sạn
123097,PKA,quan-tri-khach-san,D10,Điểm học bạ,2023,24.0,Quản trị khách sạn
123098,PKA,quan-tri-khach-san,A00,Điểm thi THPT,2023,21.0,Quản trị khách sạn
123099,PKA,quan-tri-khach-san,A01,Điểm thi THPT,2023,21.0,Quản trị khách sạn
123100,PKA,quan-tri-khach-san,D01,Điểm thi THPT,2023,21.0,Quản trị khách sạn
123101,PKA,quan-tri-khach-san,D10,Điểm thi THPT,2023,21.0,Quản trị khách sạn
123102,PKA,quan-tri-khach-san,A00,Điểm học bạ,2024,24.0,Quản trị khách sạn
123103,PKA,quan-tri-khach-san,A01,Điểm học bạ,2024,24.0,Quản trị khách sạn
123104,PKA,quan-tri-khach-san,D01,Điểm học bạ,2024,24.0,Quản trị khách sạn
123105,PKA,quan-tri-khach-san,D10,Điểm học bạ,2024,24.0,Quản trị khách sạn
123106,PKA,quan-tri-khach-san,A00,Điểm thi THPT,2024,20.0,Quản trị khách sạn
123107,PKA,quan-tri-khach-san,A01,Điểm thi THPT,2024,20.0,Quản trị khách sạn
123108,PKA,quan-tri-khach-san,D01,Điểm thi THPT,2024,20.0,Quản trị khách sạn
123109,PKA,quan-tri-khach-san,D10,Điểm thi THPT,2024,20.0,Quản trị khách sạn
123110,PKA,quan-tri-khach-san,A00,Điểm học bạ,2025,23.33,Quản trị khách sạn
123111,PKA,quan-tri-khach-san,C03,Điểm học bạ,2025,23.33,Quản trị khách sạn
123112,PKA,quan-tri-khach-san,D01,Điểm học bạ,2025,23.33,Quản trị khách sạn
123113,PKA,quan-tri-khach-san,D09,Điểm học bạ,2025,23.33,Quản trị khách sạn
123114,PKA,quan-tri-khach-san,D10,Điểm học bạ,2025,23.33,Quản trị khách sạn
123115,PKA,quan-tri-khach-san,D84,Điểm học bạ,2025,23.33,Quản trị khách sạn
123116,PKA,quan-tri-khach-san,X25,Điểm học bạ,2025,23.33,Quản trị khách sạn
123117,PKA,quan-tri-khach-san,A00,Điểm thi THPT,2025,19.0,Quản trị khách sạn
123118,PKA,quan-tri-khach-san,C03,Điểm thi THPT,2025,19.0,Quản trị khách sạn
123119,PKA,quan-tri-khach-san,D01,Điểm thi THPT,2025,19.0,Quản trị khách sạn
123120,PKA,quan-tri-khach-san,D09,Điểm thi THPT,2025,19.0,Quản trị khách sạn
123121,PKA,quan-tri-khach-san,D10,Điểm thi THPT,2025,19.0,Quản trị khách sạn
123122,PKA,quan-tri-khach-san,D84,Điểm thi THPT,2025,19.0,Quản trị khách sạn
123123,PKA,quan-tri-khach-san,X25,Điểm thi THPT,2025,19.0,Quản trị khách sạn
123124,PKA,quan-tri-kinh-doanh,A00,Điểm học bạ,2021,21.5,QUẢN TRỊ KINH DOANH
123125,PKA,quan-tri-kinh-doanh,A01,Điểm học bạ,2021,21.5,QUẢN TRỊ KINH DOANH
123126,PKA,quan-tri-kinh-doanh,D01,Điểm học bạ,2021,21.5,QUẢN TRỊ KINH DOANH
123127,PKA,quan-tri-kinh-doanh,D07,Điểm học bạ,2021,21.5,QUẢN TRỊ KINH DOANH
123128,PKA,quan-tri-kinh-doanh,A00,Điểm thi THPT,2021,19.0,QUẢN TRỊ KINH DOANH
123129,PKA,quan-tri-kinh-doanh,A01,Điểm thi THPT,2021,19.0,QUẢN TRỊ KINH DOANH
123130,PKA,quan-tri-kinh-doanh,D01,Điểm thi THPT,2021,19.0,QUẢN TRỊ KINH DOANH
123131,PKA,quan-tri-kinh-doanh,D07,Điểm thi THPT,2021,19.0,QUẢN TRỊ KINH DOANH
123132,PKA,quan-tri-kinh-doanh,A00,Điểm học bạ,2022,28.0,Quản trị kinh doanh
123133,PKA,quan-tri-kinh-doanh,A01,Điểm học bạ,2022,28.0,Quản trị kinh doanh
123134,PKA,quan-tri-kinh-doanh,D01,Điểm học bạ,2022,28.0,Quản trị kinh doanh
123135,PKA,quan-tri-kinh-doanh,D07,Điểm học bạ,2022,28.0,Quản trị kinh doanh
123136,PKA,quan-tri-kinh-doanh,A00,Điểm thi THPT,2022,23.5,Quản trị kinh doanh
123137,PKA,quan-tri-kinh-doanh,A01,Điểm thi THPT,2022,23.5,Quản trị kinh doanh
123138,PKA,quan-tri-kinh-doanh,D01,Điểm thi THPT,2022,23.5,Quản trị kinh doanh
123139,PKA,quan-tri-kinh-doanh,D07,Điểm thi THPT,2022,23.5,Quản trị kinh doanh
123140,PKA,quan-tri-kinh-doanh,A00,Điểm học bạ,2023,25.0,Quản trị kinh doanh
123141,PKA,quan-tri-kinh-doanh,A01,Điểm học bạ,2023,25.0,Quản trị kinh doanh
123142,PKA,quan-tri-kinh-doanh,D01,Điểm học bạ,2023,25.0,Quản trị kinh doanh
123143,PKA,quan-tri-kinh-doanh,D07,Điểm học bạ,2023,25.0,Quản trị kinh doanh
123144,PKA,quan-tri-kinh-doanh,A00,Điểm thi THPT,2023,21.0,Quản trị kinh doanh
123145,PKA,quan-tri-kinh-doanh,A01,Điểm thi THPT,2023,21.0,Quản trị kinh doanh
123146,PKA,quan-tri-kinh-doanh,D01,Điểm thi THPT,2023,21.0,Quản trị kinh doanh
123147,PKA,quan-tri-kinh-doanh,D07,Điểm thi THPT,2023,21.0,Quản trị kinh doanh
123148,PKA,quan-tri-kinh-doanh,A00,Điểm học bạ,2024,24.0,Quản trị kinh doanh
123149,PKA,quan-tri-kinh-doanh,A01,Điểm học bạ,2024,24.0,Quản trị kinh doanh
123150,PKA,quan-tri-kinh-doanh,D01,Điểm học bạ,2024,24.0,Quản trị kinh doanh
123151,PKA,quan-tri-kinh-doanh,D07,Điểm học bạ,2024,24.0,Quản trị kinh doanh
123152,PKA,quan-tri-kinh-doanh,A00,Điểm thi THPT,2024,20.0,Quản trị kinh doanh
123153,PKA,quan-tri-kinh-doanh,A01,Điểm thi THPT,2024,20.0,Quản trị kinh doanh
123154,PKA,quan-tri-kinh-doanh,D01,Điểm thi THPT,2024,20.0,Quản trị kinh doanh
123155,PKA,quan-tri-kinh-doanh,D07,Điểm thi THPT,2024,20.0,Quản trị kinh doanh
123156,PKA,quan-tri-kinh-doanh,A00,Điểm học bạ,2025,23.33,Quản trị kinh doanh
123157,PKA,quan-tri-kinh-doanh,A01,Điểm học bạ,2025,23.33,Quản trị kinh doanh
123158,PKA,quan-tri-kinh-doanh,A07,Điểm học bạ,2025,23.33,Quản trị kinh doanh
123159,PKA,quan-tri-kinh-doanh,A08,Điểm học bạ,2025,23.33,Quản trị kinh doanh
123160,PKA,quan-tri-kinh-doanh,D01,Điểm học bạ,2025,23.33,Quản trị kinh doanh
123161,PKA,quan-tri-kinh-doanh,D07,Điểm học bạ,2025,23.33,Quản trị kinh doanh
123162,PKA,quan-tri-kinh-doanh,D84,Điểm học bạ,2025,22.81,Quản trị kinh doanh (Kinh doanh số)
123163,PKA,quan-tri-kinh-doanh,X17,Điểm học bạ,2025,23.33,Quản trị kinh doanh
123164,PKA,quan-tri-kinh-doanh,X25,Điểm học bạ,2025,22.81,Quản trị kinh doanh (Kinh doanh số)
123165,PKA,quan-tri-kinh-doanh,X26,Điểm học bạ,2025,22.81,Quản trị kinh doanh (Kinh doanh số)
123166,PKA,quan-tri-kinh-doanh,X27,Điểm học bạ,2025,22.81,Quản trị kinh doanh (Kinh doanh số)
123167,PKA,quan-tri-kinh-doanh,A00,Điểm thi THPT,2025,19.0,Quản trị kinh doanh
123168,PKA,quan-tri-kinh-doanh,A01,Điểm thi THPT,2025,19.0,Quản trị kinh doanh
123169,PKA,quan-tri-kinh-doanh,A07,Điểm thi THPT,2025,19.0,Quản trị kinh doanh
123170,PKA,quan-tri-kinh-doanh,A08,Điểm thi THPT,2025,19.0,Quản trị kinh doanh
123171,PKA,quan-tri-kinh-doanh,D01,Điểm thi THPT,2025,19.0,Quản trị kinh doanh
123172,PKA,quan-tri-kinh-doanh,D07,Điểm thi THPT,2025,19.0,Quản trị kinh doanh
123173,PKA,quan-tri-kinh-doanh,D84,Điểm thi THPT,2025,18.0,Quản trị kinh doanh (Kinh doanh số)
123174,PKA,quan-tri-kinh-doanh,X17,Điểm thi THPT,2025,19.0,Quản trị kinh doanh
123175,PKA,quan-tri-kinh-doanh,X25,Điểm thi THPT,2025,18.0,Quản trị kinh doanh (Kinh doanh số)
123176,PKA,quan-tri-kinh-doanh,X26,Điểm thi THPT,2025,18.0,Quản trị kinh doanh (Kinh doanh số)
123177,PKA,quan-tri-kinh-doanh,X27,Điểm thi THPT,2025,18.0,Quản trị kinh doanh (Kinh doanh số)
123178,PKA,quan-tri-nhan-luc,A00,Điểm học bạ,2021,21.0,QUẢN TRỊ NHÂN LỰC
123179,PKA,quan-tri-nhan-luc,A01,Điểm học bạ,2021,21.0,QUẢN TRỊ NHÂN LỰC
123180,PKA,quan-tri-nhan-luc,D01,Điểm học bạ,2021,21.0,QUẢN TRỊ NHÂN LỰC
123181,PKA,quan-tri-nhan-luc,D07,Điểm học bạ,2021,21.0,QUẢN TRỊ NHÂN LỰC
123182,PKA,quan-tri-nhan-luc,A00,Điểm thi THPT,2021,18.0,QUẢN TRỊ NHÂN LỰC
123183,PKA,quan-tri-nhan-luc,A01,Điểm thi THPT,2021,18.0,QUẢN TRỊ NHÂN LỰC
123184,PKA,quan-tri-nhan-luc,D01,Điểm thi THPT,2021,18.0,QUẢN TRỊ NHÂN LỰC
123185,PKA,quan-tri-nhan-luc,D07,Điểm thi THPT,2021,18.0,QUẢN TRỊ NHÂN LỰC
123186,PKA,quan-tri-nhan-luc,A00,Điểm học bạ,2022,28.0,Quản trị nhân lực
123187,PKA,quan-tri-nhan-luc,A01,Điểm học bạ,2022,28.0,Quản trị nhân lực
123188,PKA,quan-tri-nhan-luc,D01,Điểm học bạ,2022,28.0,Quản trị nhân lực
123189,PKA,quan-tri-nhan-luc,D07,Điểm học bạ,2022,28.0,Quản trị nhân lực
123190,PKA,quan-tri-nhan-luc,A00,Điểm thi THPT,2022,24.5,Quản trị nhân lực
123191,PKA,quan-tri-nhan-luc,A01,Điểm thi THPT,2022,24.5,Quản trị nhân lực
123192,PKA,quan-tri-nhan-luc,D01,Điểm thi THPT,2022,24.5,Quản trị nhân lực
123193,PKA,quan-tri-nhan-luc,D07,Điểm thi THPT,2022,24.5,Quản trị nhân lực
123194,PKA,quan-tri-nhan-luc,A00,Điểm học bạ,2023,26.0,Quản trị nhân lực
123195,PKA,quan-tri-nhan-luc,A01,Điểm học bạ,2023,26.0,Quản trị nhân lực
123196,PKA,quan-tri-nhan-luc,D01,Điểm học bạ,2023,26.0,Quản trị nhân lực
123197,PKA,quan-tri-nhan-luc,D07,Điểm học bạ,2023,26.0,Quản trị nhân lực
123198,PKA,quan-tri-nhan-luc,A00,Điểm thi THPT,2023,21.0,Quản trị nhân lực
123199,PKA,quan-tri-nhan-luc,A01,Điểm thi THPT,2023,21.0,Quản trị nhân lực
123200,PKA,quan-tri-nhan-luc,D01,Điểm thi THPT,2023,21.0,Quản trị nhân lực
123201,PKA,quan-tri-nhan-luc,D07,Điểm thi THPT,2023,21.0,Quản trị nhân lực
123202,PKA,quan-tri-nhan-luc,A00,Điểm học bạ,2024,26.0,Quản trị nhân lực
123203,PKA,quan-tri-nhan-luc,A01,Điểm học bạ,2024,26.0,Quản trị nhân lực
123204,PKA,quan-tri-nhan-luc,D01,Điểm học bạ,2024,26.0,Quản trị nhân lực
123205,PKA,quan-tri-nhan-luc,D07,Điểm học bạ,2024,26.0,Quản trị nhân lực
123206,PKA,quan-tri-nhan-luc,A00,Điểm thi THPT,2024,21.0,Quản trị nhân lực
123207,PKA,quan-tri-nhan-luc,A01,Điểm thi THPT,2024,21.0,Quản trị nhân lực
123208,PKA,quan-tri-nhan-luc,D01,Điểm thi THPT,2024,21.0,Quản trị nhân lực
123209,PKA,quan-tri-nhan-luc,D07,Điểm thi THPT,2024,21.0,Quản trị nhân lực
123210,PKA,quan-tri-nhan-luc,A00,Điểm học bạ,2025,23.85,Quản trị nhân lực
123211,PKA,quan-tri-nhan-luc,A01,Điểm học bạ,2025,23.85,Quản trị nhân lực
123212,PKA,quan-tri-nhan-luc,A07,Điểm học bạ,2025,23.85,Quản trị nhân lực
123213,PKA,quan-tri-nhan-luc,A08,Điểm học bạ,2025,23.85,Quản trị nhân lực
123214,PKA,quan-tri-nhan-luc,D01,Điểm học bạ,2025,23.85,Quản trị nhân lực
123215,PKA,quan-tri-nhan-luc,D07,Điểm học bạ,2025,23.85,Quản trị nhân lực
123216,PKA,quan-tri-nhan-luc,X17,Điểm học bạ,2025,23.85,Quản trị nhân lực
123217,PKA,quan-tri-nhan-luc,A00,Điểm thi THPT,2025,20.0,Quản trị nhân lực
123218,PKA,quan-tri-nhan-luc,A01,Điểm thi THPT,2025,20.0,Quản trị nhân lực
123219,PKA,quan-tri-nhan-luc,A07,Điểm thi THPT,2025,20.0,Quản trị nhân lực
123220,PKA,quan-tri-nhan-luc,A08,Điểm thi THPT,2025,20.0,Quản trị nhân lực
123221,PKA,quan-tri-nhan-luc,D01,Điểm thi THPT,2025,20.0,Quản trị nhân lực
123222,PKA,quan-tri-nhan-luc,D07,Điểm thi THPT,2025,20.0,Quản trị nhân lực
123223,PKA,quan-tri-nhan-luc,X17,Điểm thi THPT,2025,20.0,Quản trị nhân lực
123224,PKA,rang-ham-mat,A00,Điểm học bạ,2023,25.0,Răng - Hàm - Mặt
123225,PKA,rang-ham-mat,B00,Điểm học bạ,2023,25.0,Răng - Hàm - Mặt
123226,PKA,rang-ham-mat,B08,Điểm học bạ,2023,25.0,Răng - Hàm - Mặt
123227,PKA,rang-ham-mat,D07,Điểm học bạ,2023,25.0,Răng - Hàm - Mặt
123228,PKA,rang-ham-mat,A00,Điểm thi THPT,2023,22.5,Răng - Hàm - Mặt
123229,PKA,rang-ham-mat,B00,Điểm thi THPT,2023,22.5,Răng - Hàm - Mặt
123230,PKA,rang-ham-mat,B08,Điểm thi THPT,2023,22.5,Răng - Hàm - Mặt
123231,PKA,rang-ham-mat,D07,Điểm thi THPT,2023,22.5,Răng - Hàm - Mặt
123232,PKA,rang-ham-mat,A00,Điểm học bạ,2024,25.0,Răng - Hàm - Mặt
123233,PKA,rang-ham-mat,B00,Điểm học bạ,2024,25.0,Răng - Hàm - Mặt
123234,PKA,rang-ham-mat,B08,Điểm học bạ,2024,25.0,Răng - Hàm - Mặt
123235,PKA,rang-ham-mat,D07,Điểm học bạ,2024,25.0,Răng - Hàm - Mặt
123236,PKA,rang-ham-mat,A00,Điểm thi THPT,2024,22.5,Răng - Hàm - Mặt
123237,PKA,rang-ham-mat,B00,Điểm thi THPT,2024,22.5,Răng - Hàm - Mặt
123238,PKA,rang-ham-mat,B08,Điểm thi THPT,2024,22.5,Răng - Hàm - Mặt
123239,PKA,rang-ham-mat,D07,Điểm thi THPT,2024,22.5,Răng - Hàm - Mặt
123240,PKA,rang-ham-mat,A00,Điểm học bạ,2025,25.2,Răng - Hàm - Mặt
123241,PKA,rang-ham-mat,B00,Điểm học bạ,2025,25.2,Răng - Hàm - Mặt
123242,PKA,rang-ham-mat,B03,Điểm học bạ,2025,25.2,Răng - Hàm - Mặt
123243,PKA,rang-ham-mat,B08,Điểm học bạ,2025,25.2,Răng - Hàm - Mặt
123244,PKA,rang-ham-mat,C02,Điểm học bạ,2025,25.2,Răng - Hàm - Mặt
123245,PKA,rang-ham-mat,D07,Điểm học bạ,2025,25.2,Răng - Hàm - Mặt
123246,PKA,rang-ham-mat,A00,Điểm thi THPT,2025,22.5,Răng - Hàm - Mặt
123247,PKA,rang-ham-mat,B00,Điểm thi THPT,2025,22.5,Răng - Hàm - Mặt
123248,PKA,rang-ham-mat,B03,Điểm thi THPT,2025,22.5,Răng - Hàm - Mặt
123249,PKA,rang-ham-mat,B08,Điểm thi THPT,2025,22.5,Răng - Hàm - Mặt
123250,PKA,rang-ham-mat,C02,Điểm thi THPT,2025,22.5,Răng - Hàm - Mặt
123251,PKA,rang-ham-mat,D07,Điểm thi THPT,2025,22.5,Răng - Hàm - Mặt
123252,PKA,tai-chinh-ngan-hang,A00,Điểm học bạ,2021,21.0,TÀI CHÍNH - NGÂN HÀNG
123253,PKA,tai-chinh-ngan-hang,A01,Điểm học bạ,2021,21.0,TÀI CHÍNH - NGÂN HÀNG
123254,PKA,tai-chinh-ngan-hang,D01,Điểm học bạ,2021,21.0,TÀI CHÍNH - NGÂN HÀNG
123255,PKA,tai-chinh-ngan-hang,D07,Điểm học bạ,2021,21.0,TÀI CHÍNH - NGÂN HÀNG
123256,PKA,tai-chinh-ngan-hang,A00,Điểm thi THPT,2021,18.0,TÀI CHÍNH - NGÂN HÀNG
123257,PKA,tai-chinh-ngan-hang,A01,Điểm thi THPT,2021,18.0,TÀI CHÍNH - NGÂN HÀNG
123258,PKA,tai-chinh-ngan-hang,D01,Điểm thi THPT,2021,18.0,TÀI CHÍNH - NGÂN HÀNG
123259,PKA,tai-chinh-ngan-hang,D07,Điểm thi THPT,2021,18.0,TÀI CHÍNH - NGÂN HÀNG
123260,PKA,tai-chinh-ngan-hang,A00,Điểm học bạ,2022,28.0,Tài chính - Ngân hàng
123261,PKA,tai-chinh-ngan-hang,A01,Điểm học bạ,2022,28.0,Tài chính - Ngân hàng
123262,PKA,tai-chinh-ngan-hang,D01,Điểm học bạ,2022,28.0,Tài chính - Ngân hàng
123263,PKA,tai-chinh-ngan-hang,D07,Điểm học bạ,2022,28.0,Tài chính - Ngân hàng
123264,PKA,tai-chinh-ngan-hang,A00,Điểm thi THPT,2022,23.75,Tài chính - Ngân hàng
123265,PKA,tai-chinh-ngan-hang,A01,Điểm thi THPT,2022,23.75,Tài chính - Ngân hàng
123266,PKA,tai-chinh-ngan-hang,D01,Điểm thi THPT,2022,23.75,Tài chính - Ngân hàng
123267,PKA,tai-chinh-ngan-hang,D07,Điểm thi THPT,2022,23.75,Tài chính - Ngân hàng
123268,PKA,tai-chinh-ngan-hang,A00,Điểm học bạ,2023,25.0,Tài chính - Ngân hàng
123269,PKA,tai-chinh-ngan-hang,A01,Điểm học bạ,2023,25.0,Tài chính - Ngân hàng
123270,PKA,tai-chinh-ngan-hang,D01,Điểm học bạ,2023,25.0,Tài chính - Ngân hàng
123271,PKA,tai-chinh-ngan-hang,D07,Điểm học bạ,2023,25.0,Tài chính - Ngân hàng
123272,PKA,tai-chinh-ngan-hang,A00,Điểm thi THPT,2023,23.0,Tài chính - Ngân hàng
123273,PKA,tai-chinh-ngan-hang,A01,Điểm thi THPT,2023,23.0,Tài chính - Ngân hàng
123274,PKA,tai-chinh-ngan-hang,D01,Điểm thi THPT,2023,23.0,Tài chính - Ngân hàng
123275,PKA,tai-chinh-ngan-hang,D07,Điểm thi THPT,2023,23.0,Tài chính - Ngân hàng
123276,PKA,tai-chinh-ngan-hang,A00,Điểm học bạ,2024,26.0,Tài chính - Ngân hàng
123277,PKA,tai-chinh-ngan-hang,A01,Điểm học bạ,2024,26.0,Tài chính - Ngân hàng
123278,PKA,tai-chinh-ngan-hang,D01,Điểm học bạ,2024,26.0,Tài chính - Ngân hàng
123279,PKA,tai-chinh-ngan-hang,D07,Điểm học bạ,2024,26.0,Tài chính - Ngân hàng
123280,PKA,tai-chinh-ngan-hang,A00,Điểm thi THPT,2024,21.0,Tài chính - Ngân hàng
123281,PKA,tai-chinh-ngan-hang,A01,Điểm thi THPT,2024,21.0,Tài chính - Ngân hàng
123282,PKA,tai-chinh-ngan-hang,D01,Điểm thi THPT,2024,21.0,Tài chính - Ngân hàng
123283,PKA,tai-chinh-ngan-hang,D07,Điểm thi THPT,2024,21.0,Tài chính - Ngân hàng
123284,PKA,tai-chinh-ngan-hang,A00,Điểm học bạ,2025,23.85,Tài chính - Ngân hàng
123285,PKA,tai-chinh-ngan-hang,A01,Điểm học bạ,2025,23.85,Tài chính - Ngân hàng
123286,PKA,tai-chinh-ngan-hang,B00,Điểm học bạ,2025,23.85,Tài chính - Ngân hàng
123287,PKA,tai-chinh-ngan-hang,B04,Điểm học bạ,2025,23.85,Tài chính - Ngân hàng
123288,PKA,tai-chinh-ngan-hang,D01,Điểm học bạ,2025,23.85,Tài chính - Ngân hàng
123289,PKA,tai-chinh-ngan-hang,D07,Điểm học bạ,2025,23.85,Tài chính - Ngân hàng
123290,PKA,tai-chinh-ngan-hang,X13,Điểm học bạ,2025,23.85,Tài chính - Ngân hàng
123291,PKA,tai-chinh-ngan-hang,A00,Điểm thi THPT,2025,20.0,Tài chính - Ngân hàng
123292,PKA,tai-chinh-ngan-hang,A01,Điểm thi THPT,2025,20.0,Tài chính - Ngân hàng
123293,PKA,tai-chinh-ngan-hang,B00,Điểm thi THPT,2025,20.0,Tài chính - Ngân hàng
123294,PKA,tai-chinh-ngan-hang,B04,Điểm thi THPT,2025,20.0,Tài chính - Ngân hàng
123295,PKA,tai-chinh-ngan-hang,D01,Điểm thi THPT,2025,20.0,Tài chính - Ngân hàng
123296,PKA,tai-chinh-ngan-hang,D07,Điểm thi THPT,2025,20.0,Tài chính - Ngân hàng
123297,PKA,tai-chinh-ngan-hang,X13,Điểm thi THPT,2025,20.0,Tài chính - Ngân hàng
123298,PKA,tai-nang-khoa-hoc-may-tinh,A00,Điểm học bạ,2023,27.0,Tài năng khoa học máy tính
123299,PKA,tai-nang-khoa-hoc-may-tinh,A01,Điểm học bạ,2023,27.0,Tài năng khoa học máy tính
123300,PKA,tai-nang-khoa-hoc-may-tinh,D07,Điểm học bạ,2023,27.0,Tài năng khoa học máy tính
123301,PKA,tai-nang-khoa-hoc-may-tinh,A00,Điểm thi THPT,2023,23.0,Tài năng khoa học máy tính
123302,PKA,tai-nang-khoa-hoc-may-tinh,A01,Điểm thi THPT,2023,23.0,Tài năng khoa học máy tính
123303,PKA,tai-nang-khoa-hoc-may-tinh,D07,Điểm thi THPT,2023,23.0,Tài năng khoa học máy tính
123304,PKA,tai-nang-khoa-hoc-may-tinh,A00,Điểm học bạ,2024,27.0,Tài năng khoa học máy tính
123305,PKA,tai-nang-khoa-hoc-may-tinh,A01,Điểm học bạ,2024,27.0,Tài năng khoa học máy tính
123306,PKA,tai-nang-khoa-hoc-may-tinh,D07,Điểm học bạ,2024,27.0,Tài năng khoa học máy tính
123307,PKA,tai-nang-khoa-hoc-may-tinh,A00,Điểm thi THPT,2024,23.0,Tài năng khoa học máy tính
123308,PKA,tai-nang-khoa-hoc-may-tinh,A01,Điểm thi THPT,2024,23.0,Tài năng khoa học máy tính
123309,PKA,tai-nang-khoa-hoc-may-tinh,D07,Điểm thi THPT,2024,23.0,Tài năng khoa học máy tính
123310,PKA,tai-nang-khoa-hoc-may-tinh,A00,Điểm học bạ,2025,25.53,Tài năng Khoa học máy tính
123311,PKA,tai-nang-khoa-hoc-may-tinh,A01,Điểm học bạ,2025,25.53,Tài năng Khoa học máy tính
123312,PKA,tai-nang-khoa-hoc-may-tinh,D07,Điểm học bạ,2025,25.53,Tài năng Khoa học máy tính
123313,PKA,tai-nang-khoa-hoc-may-tinh,X06,Điểm học bạ,2025,25.53,Tài năng Khoa học máy tính
123314,PKA,tai-nang-khoa-hoc-may-tinh,X26,Điểm học bạ,2025,25.53,Tài năng Khoa học máy tính
123315,PKA,tai-nang-khoa-hoc-may-tinh,X27,Điểm học bạ,2025,25.53,Tài năng Khoa học máy tính
123316,PKA,tai-nang-khoa-hoc-may-tinh,A00,Điểm thi THPT,2025,23.0,Tài năng Khoa học máy tính
123317,PKA,tai-nang-khoa-hoc-may-tinh,A01,Điểm thi THPT,2025,23.0,Tài năng Khoa học máy tính
123318,PKA,tai-nang-khoa-hoc-may-tinh,D07,Điểm thi THPT,2025,23.0,Tài năng Khoa học máy tính
123319,PKA,tai-nang-khoa-hoc-may-tinh,X06,Điểm thi THPT,2025,23.0,Tài năng Khoa học máy tính
123320,PKA,tai-nang-khoa-hoc-may-tinh,X26,Điểm thi THPT,2025,23.0,Tài năng Khoa học máy tính
123321,PKA,tai-nang-khoa-hoc-may-tinh,X27,Điểm thi THPT,2025,23.0,Tài năng Khoa học máy tính
123322,PKA,thuong-mai-dien-tu,A00,Điểm học bạ,2024,23.0,Thương mại điện tử
123323,PKA,thuong-mai-dien-tu,A01,Điểm học bạ,2024,23.0,Thương mại điện tử
123324,PKA,thuong-mai-dien-tu,D01,Điểm học bạ,2024,23.0,Thương mại điện tử
123325,PKA,thuong-mai-dien-tu,D07,Điểm học bạ,2024,23.0,Thương mại điện tử
123326,PKA,thuong-mai-dien-tu,A00,Điểm thi THPT,2024,18.0,Thương mại điện tử
123327,PKA,thuong-mai-dien-tu,A01,Điểm thi THPT,2024,18.0,Thương mại điện tử
123328,PKA,thuong-mai-dien-tu,D01,Điểm thi THPT,2024,18.0,Thương mại điện tử
123329,PKA,thuong-mai-dien-tu,D07,Điểm thi THPT,2024,18.0,Thương mại điện tử
123330,PKA,thuong-mai-dien-tu,A00,Điểm học bạ,2025,22.81,Thương mại điện tử
123331,PKA,thuong-mai-dien-tu,A01,Điểm học bạ,2025,22.81,Thương mại điện tử
123332,PKA,thuong-mai-dien-tu,D01,Điểm học bạ,2025,22.81,Thương mại điện tử
123333,PKA,thuong-mai-dien-tu,D07,Điểm học bạ,2025,22.81,Thương mại điện tử
123334,PKA,thuong-mai-dien-tu,X26,Điểm học bạ,2025,22.81,Thương mại điện tử
123335,PKA,thuong-mai-dien-tu,X27,Điểm học bạ,2025,22.81,Thương mại điện tử
123336,PKA,thuong-mai-dien-tu,A00,Điểm thi THPT,2025,18.0,Thương mại điện tử
123337,PKA,thuong-mai-dien-tu,A01,Điểm thi THPT,2025,18.0,Thương mại điện tử
123338,PKA,thuong-mai-dien-tu,D01,Điểm thi THPT,2025,18.0,Thương mại điện tử
123339,PKA,thuong-mai-dien-tu,D07,Điểm thi THPT,2025,18.0,Thương mại điện tử
123340,PKA,thuong-mai-dien-tu,X26,Điểm thi THPT,2025,18.0,Thương mại điện tử
123341,PKA,thuong-mai-dien-tu,X27,Điểm thi THPT,2025,18.0,Thương mại điện tử
123342,PKA,tri-tue-nhan-tao,A00,Điểm học bạ,2024,23.0,Trí tuệ nhân tạo
123343,PKA,tri-tue-nhan-tao,A01,Điểm học bạ,2024,23.0,Trí tuệ nhân tạo
123344,PKA,tri-tue-nhan-tao,D07,Điểm học bạ,2024,23.0,Trí tuệ nhân tạo
123345,PKA,tri-tue-nhan-tao,A00,Điểm thi THPT,2024,21.0,Trí tuệ nhân tạo
123346,PKA,tri-tue-nhan-tao,A01,Điểm thi THPT,2024,21.0,Trí tuệ nhân tạo
123347,PKA,tri-tue-nhan-tao,D07,Điểm thi THPT,2024,21.0,Trí tuệ nhân tạo
123348,PKA,tri-tue-nhan-tao,A00,Điểm học bạ,2025,24.38,Trí tuệ nhân tạo
123349,PKA,tri-tue-nhan-tao,A01,Điểm học bạ,2025,24.38,Trí tuệ nhân tạo
123350,PKA,tri-tue-nhan-tao,D01,Điểm học bạ,2025,24.38,Trí tuệ nhân tạo
123351,PKA,tri-tue-nhan-tao,D07,Điểm học bạ,2025,24.38,Trí tuệ nhân tạo
123352,PKA,tri-tue-nhan-tao,X06,Điểm học bạ,2025,24.38,Trí tuệ nhân tạo
123353,PKA,tri-tue-nhan-tao,X26,Điểm học bạ,2025,24.38,Trí tuệ nhân tạo
123354,PKA,tri-tue-nhan-tao,A00,Điểm thi THPT,2025,21.0,Trí tuệ nhân tạo
123355,PKA,tri-tue-nhan-tao,A01,Điểm thi THPT,2025,21.0,Trí tuệ nhân tạo
123356,PKA,tri-tue-nhan-tao,D01,Điểm thi THPT,2025,21.0,Trí tuệ nhân tạo
123357,PKA,tri-tue-nhan-tao,D07,Điểm thi THPT,2025,21.0,Trí tuệ nhân tạo
123358,PKA,tri-tue-nhan-tao,X06,Điểm thi THPT,2025,21.0,Trí tuệ nhân tạo
123359,PKA,tri-tue-nhan-tao,X26,Điểm thi THPT,2025,21.0,Trí tuệ nhân tạo
123360,PKA,tri-tue-nhan-tao-va-khoa-hoc-du-lieu,A00,Điểm học bạ,2022,26.0,Trí tuệ nhân tạo và khoa học dữ liệu
123361,PKA,tri-tue-nhan-tao-va-khoa-hoc-du-lieu,A01,Điểm học bạ,2022,26.0,Trí tuệ nhân tạo và khoa học dữ liệu
123362,PKA,tri-tue-nhan-tao-va-khoa-hoc-du-lieu,D07,Điểm học bạ,2022,26.0,Trí tuệ nhân tạo và khoa học dữ liệu
123363,PKA,tri-tue-nhan-tao-va-khoa-hoc-du-lieu,A00,Điểm thi THPT,2022,23.0,Trí tuệ nhân tạo và khoa học dữ liệu
123364,PKA,tri-tue-nhan-tao-va-khoa-hoc-du-lieu,A01,Điểm thi THPT,2022,23.0,Trí tuệ nhân tạo và khoa học dữ liệu
123365,PKA,tri-tue-nhan-tao-va-khoa-hoc-du-lieu,D07,Điểm thi THPT,2022,23.0,Trí tuệ nhân tạo và khoa học dữ liệu
123366,PKA,tri-tue-nhan-tao-va-khoa-hoc-du-lieu,A00,Điểm học bạ,2023,26.0,Trí tuệ nhân tạo và khoa học dữ liệu
123367,PKA,tri-tue-nhan-tao-va-khoa-hoc-du-lieu,A01,Điểm học bạ,2023,26.0,Trí tuệ nhân tạo và khoa học dữ liệu
123368,PKA,tri-tue-nhan-tao-va-khoa-hoc-du-lieu,D07,Điểm học bạ,2023,26.0,Trí tuệ nhân tạo và khoa học dữ liệu
123369,PKA,tri-tue-nhan-tao-va-khoa-hoc-du-lieu,A00,Điểm thi THPT,2023,21.0,Trí tuệ nhân tạo và khoa học dữ liệu
123370,PKA,tri-tue-nhan-tao-va-khoa-hoc-du-lieu,A01,Điểm thi THPT,2023,21.0,Trí tuệ nhân tạo và khoa học dữ liệu
123371,PKA,tri-tue-nhan-tao-va-khoa-hoc-du-lieu,D07,Điểm thi THPT,2023,21.0,Trí tuệ nhân tạo và khoa học dữ liệu
123372,PKA,truyen-thong-da-phuong-tien,C00,Điểm học bạ,2025,24.9,Truyền thông đa phương tiện
123373,PKA,truyen-thong-da-phuong-tien,C01,Điểm học bạ,2025,24.9,Truyền thông đa phương tiện
123374,PKA,truyen-thong-da-phuong-tien,C04,Điểm học bạ,2025,24.9,Truyền thông đa phương tiện
123375,PKA,truyen-thong-da-phuong-tien,D01,Điểm học bạ,2025,24.9,Truyền thông đa phương tiện
123376,PKA,truyen-thong-da-phuong-tien,D84,Điểm học bạ,2025,24.9,Truyền thông đa phương tiện
123377,PKA,truyen-thong-da-phuong-tien,X25,Điểm học bạ,2025,24.9,Truyền thông đa phương tiện
123378,PKA,truyen-thong-da-phuong-tien,X27,Điểm học bạ,2025,24.9,Truyền thông đa phương tiện
123379,PKA,truyen-thong-da-phuong-tien,C00,Điểm thi THPT,2025,22.0,Truyền thông đa phương tiện
123380,PKA,truyen-thong-da-phuong-tien,C01,Điểm thi THPT,2025,22.0,Truyền thông đa phương tiện
123381,PKA,truyen-thong-da-phuong-tien,C04,Điểm thi THPT,2025,22.0,Truyền thông đa phương tiện
123382,PKA,truyen-thong-da-phuong-tien,D01,Điểm thi THPT,2025,22.0,Truyền thông đa phương tiện
123383,PKA,truyen-thong-da-phuong-tien,D84,Điểm thi THPT,2025,22.0,Truyền thông đa phương tiện
123384,PKA,truyen-thong-da-phuong-tien,X25,Điểm thi THPT,2025,22.0,Truyền thông đa phương tiện
123385,PKA,truyen-thong-da-phuong-tien,X27,Điểm thi THPT,2025,22.0,Truyền thông đa phương tiện
123386,PKA,vat-lieu-thong-minh-va-tri-tue-nhan-tao,A00,Điểm học bạ,2022,24.0,Vật liệu thông minh và trí tuệ nhân tạo
123387,PKA,vat-lieu-thong-minh-va-tri-tue-nhan-tao,A01,Điểm học bạ,2022,24.0,Vật liệu thông minh và trí tuệ nhân tạo
123388,PKA,vat-lieu-thong-minh-va-tri-tue-nhan-tao,C01,Điểm học bạ,2022,24.0,Vật liệu thông minh và trí tuệ nhân tạo
123389,PKA,vat-lieu-thong-minh-va-tri-tue-nhan-tao,D07,Điểm học bạ,2022,24.0,Vật liệu thông minh và trí tuệ nhân tạo
123390,PKA,vat-lieu-thong-minh-va-tri-tue-nhan-tao,A00,Điểm thi THPT,2022,22.0,Vật liệu thông minh và trí tuệ nhân tạo
123391,PKA,vat-lieu-thong-minh-va-tri-tue-nhan-tao,A01,Điểm thi THPT,2022,22.0,Vật liệu thông minh và trí tuệ nhân tạo
123392,PKA,vat-lieu-thong-minh-va-tri-tue-nhan-tao,C01,Điểm thi THPT,2022,22.0,Vật liệu thông minh và trí tuệ nhân tạo
123393,PKA,vat-lieu-thong-minh-va-tri-tue-nhan-tao,D07,Điểm thi THPT,2022,22.0,Vật liệu thông minh và trí tuệ nhân tạo
123394,PKA,vat-lieu-thong-minh-va-tri-tue-nhan-tao,A00,Điểm học bạ,2023,24.0,Vật liệu thông minh và trí tuệ nhân tạo
123395,PKA,vat-lieu-thong-minh-va-tri-tue-nhan-tao,A01,Điểm học bạ,2023,24.0,Vật liệu thông minh và trí tuệ nhân tạo
123396,PKA,vat-lieu-thong-minh-va-tri-tue-nhan-tao,C01,Điểm học bạ,2023,24.0,Vật liệu thông minh và trí tuệ nhân tạo
123397,PKA,vat-lieu-thong-minh-va-tri-tue-nhan-tao,D07,Điểm học bạ,2023,24.0,Vật liệu thông minh và trí tuệ nhân tạo
123398,PKA,vat-lieu-thong-minh-va-tri-tue-nhan-tao,A00,Điểm thi THPT,2023,20.0,Vật liệu thông minh và trí tuệ nhân tạo
123399,PKA,vat-lieu-thong-minh-va-tri-tue-nhan-tao,A01,Điểm thi THPT,2023,20.0,Vật liệu thông minh và trí tuệ nhân tạo
123400,PKA,vat-lieu-thong-minh-va-tri-tue-nhan-tao,C01,Điểm thi THPT,2023,20.0,Vật liệu thông minh và trí tuệ nhân tạo
123401,PKA,vat-lieu-thong-minh-va-tri-tue-nhan-tao,D07,Điểm thi THPT,2023,20.0,Vật liệu thông minh và trí tuệ nhân tạo
123402,PKA,vat-lieu-thong-minh-va-tri-tue-nhan-tao,A00,Điểm học bạ,2024,22.5,Vật liệu thông minh và trí tuệ nhân tạo
123403,PKA,vat-lieu-thong-minh-va-tri-tue-nhan-tao,A01,Điểm học bạ,2024,22.5,Vật liệu thông minh và trí tuệ nhân tạo
123404,PKA,vat-lieu-thong-minh-va-tri-tue-nhan-tao,C01,Điểm học bạ,2024,22.5,Vật liệu thông minh và trí tuệ nhân tạo
123405,PKA,vat-lieu-thong-minh-va-tri-tue-nhan-tao,D07,Điểm học bạ,2024,22.5,Vật liệu thông minh và trí tuệ nhân tạo
123406,PKA,vat-lieu-thong-minh-va-tri-tue-nhan-tao,A00,Điểm thi THPT,2024,20.0,Vật liệu thông minh và trí tuệ nhân tạo
123407,PKA,vat-lieu-thong-minh-va-tri-tue-nhan-tao,A01,Điểm thi THPT,2024,20.0,Vật liệu thông minh và trí tuệ nhân tạo
123408,PKA,vat-lieu-thong-minh-va-tri-tue-nhan-tao,C01,Điểm thi THPT,2024,20.0,Vật liệu thông minh và trí tuệ nhân tạo
123409,PKA,vat-lieu-thong-minh-va-tri-tue-nhan-tao,D07,Điểm thi THPT,2024,20.0,Vật liệu thông minh và trí tuệ nhân tạo
123410,PKA,vat-lieu-thong-minh-va-tri-tue-nhan-tao,A00,Điểm học bạ,2025,23.85,Vật liệu thông minh và trí tuệ nhân tạo
123411,PKA,vat-lieu-thong-minh-va-tri-tue-nhan-tao,A01,Điểm học bạ,2025,23.85,Vật liệu thông minh và trí tuệ nhân tạo
123412,PKA,vat-lieu-thong-minh-va-tri-tue-nhan-tao,B00,Điểm học bạ,2025,23.85,Vật liệu thông minh và trí tuệ nhân tạo
123413,PKA,vat-lieu-thong-minh-va-tri-tue-nhan-tao,D07,Điểm học bạ,2025,23.85,Vật liệu thông minh và trí tuệ nhân tạo
123414,PKA,vat-lieu-thong-minh-va-tri-tue-nhan-tao,X06,Điểm học bạ,2025,23.85,Vật liệu thông minh và trí tuệ nhân tạo
123415,PKA,vat-lieu-thong-minh-va-tri-tue-nhan-tao,X07,Điểm học bạ,2025,23.85,Vật liệu thông minh và trí tuệ nhân tạo
123416,PKA,vat-lieu-thong-minh-va-tri-tue-nhan-tao,A00,Điểm thi THPT,2025,20.0,Vật liệu thông minh và trí tuệ nhân tạo
123417,PKA,vat-lieu-thong-minh-va-tri-tue-nhan-tao,A01,Điểm thi THPT,2025,20.0,Vật liệu thông minh và trí tuệ nhân tạo
123418,PKA,vat-lieu-thong-minh-va-tri-tue-nhan-tao,B00,Điểm thi THPT,2025,20.0,Vật liệu thông minh và trí tuệ nhân tạo
123419,PKA,vat-lieu-thong-minh-va-tri-tue-nhan-tao,D07,Điểm thi THPT,2025,20.0,Vật liệu thông minh và trí tuệ nhân tạo
123420,PKA,vat-lieu-thong-minh-va-tri-tue-nhan-tao,X06,Điểm thi THPT,2025,20.0,Vật liệu thông minh và trí tuệ nhân tạo
123421,PKA,vat-lieu-thong-minh-va-tri-tue-nhan-tao,X07,Điểm thi THPT,2025,20.0,Vật liệu thông minh và trí tuệ nhân tạo
123422,PKA,vat-lieu-tien-tien-va-cong-nghe-nano,A00,Điểm học bạ,2022,23.0,Vật liệu tiên tiến và công nghệ NANO
123423,PKA,vat-lieu-tien-tien-va-cong-nghe-nano,A01,Điểm học bạ,2022,23.0,Vật liệu tiên tiến và công nghệ NANO
123424,PKA,vat-lieu-tien-tien-va-cong-nghe-nano,B00,Điểm học bạ,2022,23.0,Vật liệu tiên tiến và công nghệ NANO
123425,PKA,vat-lieu-tien-tien-va-cong-nghe-nano,D07,Điểm học bạ,2022,23.0,Vật liệu tiên tiến và công nghệ NANO
123426,PKA,vat-lieu-tien-tien-va-cong-nghe-nano,A00,Điểm thi THPT,2022,21.0,Vật liệu tiên tiến và công nghệ NANO
123427,PKA,vat-lieu-tien-tien-va-cong-nghe-nano,A01,Điểm thi THPT,2022,21.0,Vật liệu tiên tiến và công nghệ NANO
123428,PKA,vat-lieu-tien-tien-va-cong-nghe-nano,B00,Điểm thi THPT,2022,21.0,Vật liệu tiên tiến và công nghệ NANO
123429,PKA,vat-lieu-tien-tien-va-cong-nghe-nano,D07,Điểm thi THPT,2022,21.0,Vật liệu tiên tiến và công nghệ NANO
123430,PKA,vat-lieu-tien-tien-va-cong-nghe-nano,A00,Điểm học bạ,2023,22.5,Vật liệu tiên tiến và công nghệ NANO
123431,PKA,vat-lieu-tien-tien-va-cong-nghe-nano,A01,Điểm học bạ,2023,22.5,Vật liệu tiên tiến và công nghệ NANO
123432,PKA,vat-lieu-tien-tien-va-cong-nghe-nano,B00,Điểm học bạ,2023,22.5,Vật liệu tiên tiến và công nghệ NANO
123433,PKA,vat-lieu-tien-tien-va-cong-nghe-nano,D07,Điểm học bạ,2023,22.5,Vật liệu tiên tiến và công nghệ NANO
123434,PKA,vat-lieu-tien-tien-va-cong-nghe-nano,A00,Điểm thi THPT,2023,20.0,Vật liệu tiên tiến và công nghệ NANO
123435,PKA,vat-lieu-tien-tien-va-cong-nghe-nano,A01,Điểm thi THPT,2023,20.0,Vật liệu tiên tiến và công nghệ NANO
123436,PKA,vat-lieu-tien-tien-va-cong-nghe-nano,B00,Điểm thi THPT,2023,20.0,Vật liệu tiên tiến và công nghệ NANO
123437,PKA,vat-lieu-tien-tien-va-cong-nghe-nano,D07,Điểm thi THPT,2023,20.0,Vật liệu tiên tiến và công nghệ NANO
123438,PKA,vat-lieu-tien-tien-va-cong-nghe-nano,A00,Điểm học bạ,2024,22.0,Vật liệu tiên tiến và công nghệ nano
123439,PKA,vat-lieu-tien-tien-va-cong-nghe-nano,A01,Điểm học bạ,2024,22.0,Vật liệu tiên tiến và công nghệ nano
123440,PKA,vat-lieu-tien-tien-va-cong-nghe-nano,B00,Điểm học bạ,2024,22.0,Vật liệu tiên tiến và công nghệ nano
123441,PKA,vat-lieu-tien-tien-va-cong-nghe-nano,D07,Điểm học bạ,2024,22.0,Vật liệu tiên tiến và công nghệ nano
123442,PKA,vat-lieu-tien-tien-va-cong-nghe-nano,A00,Điểm thi THPT,2024,20.0,Vật liệu tiên tiến và công nghệ nano
123443,PKA,vat-lieu-tien-tien-va-cong-nghe-nano,A01,Điểm thi THPT,2024,20.0,Vật liệu tiên tiến và công nghệ nano
123444,PKA,vat-lieu-tien-tien-va-cong-nghe-nano,B00,Điểm thi THPT,2024,20.0,Vật liệu tiên tiến và công nghệ nano
123445,PKA,vat-lieu-tien-tien-va-cong-nghe-nano,D07,Điểm thi THPT,2024,20.0,Vật liệu tiên tiến và công nghệ nano
123446,PKA,vat-lieu-tien-tien-va-cong-nghe-nano,A00,Điểm học bạ,2025,23.85,Vật liệu tiên tiến và Công nghệ nano
123447,PKA,vat-lieu-tien-tien-va-cong-nghe-nano,A01,Điểm học bạ,2025,23.85,Vật liệu tiên tiến và Công nghệ nano
123448,PKA,vat-lieu-tien-tien-va-cong-nghe-nano,B00,Điểm học bạ,2025,23.85,Vật liệu tiên tiến và Công nghệ nano
123449,PKA,vat-lieu-tien-tien-va-cong-nghe-nano,D07,Điểm học bạ,2025,23.85,Vật liệu tiên tiến và Công nghệ nano
123450,PKA,vat-lieu-tien-tien-va-cong-nghe-nano,X06,Điểm học bạ,2025,23.85,Vật liệu tiên tiến và Công nghệ nano
123451,PKA,vat-lieu-tien-tien-va-cong-nghe-nano,X07,Điểm học bạ,2025,23.85,Vật liệu tiên tiến và Công nghệ nano
123452,PKA,vat-lieu-tien-tien-va-cong-nghe-nano,A00,Điểm thi THPT,2025,20.0,Vật liệu tiên tiến và Công nghệ nano
123453,PKA,vat-lieu-tien-tien-va-cong-nghe-nano,A01,Điểm thi THPT,2025,20.0,Vật liệu tiên tiến và Công nghệ nano
123454,PKA,vat-lieu-tien-tien-va-cong-nghe-nano,B00,Điểm thi THPT,2025,20.0,Vật liệu tiên tiến và Công nghệ nano
123455,PKA,vat-lieu-tien-tien-va-cong-nghe-nano,D07,Điểm thi THPT,2025,20.0,Vật liệu tiên tiến và Công nghệ nano
123456,PKA,vat-lieu-tien-tien-va-cong-nghe-nano,X06,Điểm thi THPT,2025,20.0,Vật liệu tiên tiến và Công nghệ nano
123457,PKA,vat-lieu-tien-tien-va-cong-nghe-nano,X07,Điểm thi THPT,2025,20.0,Vật liệu tiên tiến và Công nghệ nano
123458,PKA,vat-ly,A00,Điểm thi THPT,2021,24.0,VẬT LÝ (VẬT LÝ TÀI NĂNG)
123459,PKA,vat-ly,A01,Điểm thi THPT,2021,24.0,VẬT LÝ (VẬT LÝ TÀI NĂNG)
123460,PKA,vat-ly-tai-nang,A00,Điểm thi THPT,2022,24.0,Vật lý tài năng
123461,PKA,vat-ly-tai-nang,A01,Điểm thi THPT,2022,24.0,Vật lý tài năng
123462,PKA,vat-ly-tai-nang,A00,Điểm học bạ,2023,29.5,Vật lý tài năng
123463,PKA,vat-ly-tai-nang,A01,Điểm học bạ,2023,29.5,Vật lý tài năng
123464,PKA,y-hoc-co-truyen,A00,Điểm học bạ,2024,24.0,Y học cổ truyền
123465,PKA,y-hoc-co-truyen,B00,Điểm học bạ,2024,24.0,Y học cổ truyền
123466,PKA,y-hoc-co-truyen,B08,Điểm học bạ,2024,24.0,Y học cổ truyền
123467,PKA,y-hoc-co-truyen,D07,Điểm học bạ,2024,24.0,Y học cổ truyền
123468,PKA,y-hoc-co-truyen,A00,Điểm thi THPT,2024,21.0,Y học cổ truyền
123469,PKA,y-hoc-co-truyen,B00,Điểm thi THPT,2024,21.0,Y học cổ truyền
123470,PKA,y-hoc-co-truyen,B08,Điểm thi THPT,2024,21.0,Y học cổ truyền
123471,PKA,y-hoc-co-truyen,D07,Điểm thi THPT,2024,21.0,Y học cổ truyền
123472,PKA,y-hoc-co-truyen,A00,Điểm học bạ,2025,24.38,Y học cổ truyền
123473,PKA,y-hoc-co-truyen,B00,Điểm học bạ,2025,24.38,Y học cổ truyền
123474,PKA,y-hoc-co-truyen,B03,Điểm học bạ,2025,24.38,Y học cổ truyền
123475,PKA,y-hoc-co-truyen,B08,Điểm học bạ,2025,24.38,Y học cổ truyền
123476,PKA,y-hoc-co-truyen,C02,Điểm học bạ,2025,24.38,Y học cổ truyền
123477,PKA,y-hoc-co-truyen,D07,Điểm học bạ,2025,24.38,Y học cổ truyền
123478,PKA,y-hoc-co-truyen,A00,Điểm thi THPT,2025,21.0,Y học cổ truyền
123479,PKA,y-hoc-co-truyen,B00,Điểm thi THPT,2025,21.0,Y học cổ truyền
123480,PKA,y-hoc-co-truyen,B03,Điểm thi THPT,2025,21.0,Y học cổ truyền
123481,PKA,y-hoc-co-truyen,B08,Điểm thi THPT,2025,21.0,Y học cổ truyền
123482,PKA,y-hoc-co-truyen,C02,Điểm thi THPT,2025,21.0,Y học cổ truyền
123483,PKA,y-hoc-co-truyen,D07,Điểm thi THPT,2025,21.0,Y học cổ truyền
123484,PKA,y-khoa,A00,Điểm học bạ,2022,27.0,Y khoa
123485,PKA,y-khoa,B00,Điểm học bạ,2022,27.0,Y khoa
123486,PKA,y-khoa,B08,Điểm học bạ,2022,27.0,Y khoa
123487,PKA,y-khoa,D07,Điểm học bạ,2022,27.0,Y khoa
123488,PKA,y-khoa,A00,Điểm thi THPT,2022,23.0,Y khoa
123489,PKA,y-khoa,B00,Điểm thi THPT,2022,23.0,Y khoa
123490,PKA,y-khoa,B08,Điểm thi THPT,2022,23.0,Y khoa
123491,PKA,y-khoa,D07,Điểm thi THPT,2022,23.0,Y khoa
123492,PKA,y-khoa,A00,Điểm học bạ,2023,26.0,Y khoa
123493,PKA,y-khoa,B00,Điểm học bạ,2023,26.0,Y khoa
123494,PKA,y-khoa,B08,Điểm học bạ,2023,26.0,Y khoa
123495,PKA,y-khoa,D07,Điểm học bạ,2023,26.0,Y khoa
123496,PKA,y-khoa,A00,Điểm thi THPT,2023,22.5,Y khoa
123497,PKA,y-khoa,B00,Điểm thi THPT,2023,22.5,Y khoa
123498,PKA,y-khoa,B08,Điểm thi THPT,2023,22.5,Y khoa
123499,PKA,y-khoa,D07,Điểm thi THPT,2023,22.5,Y khoa
123500,PKA,y-khoa,A00,Điểm học bạ,2024,26.0,Y khoa
123501,PKA,y-khoa,B00,Điểm học bạ,2024,26.0,Y khoa
123502,PKA,y-khoa,B08,Điểm học bạ,2024,26.0,Y khoa
123503,PKA,y-khoa,D07,Điểm học bạ,2024,26.0,Y khoa
123504,PKA,y-khoa,A00,Điểm thi THPT,2024,22.5,Y khoa
123505,PKA,y-khoa,B00,Điểm thi THPT,2024,22.5,Y khoa
123506,PKA,y-khoa,B08,Điểm thi THPT,2024,22.5,Y khoa
123507,PKA,y-khoa,D07,Điểm thi THPT,2024,22.5,Y khoa
123508,PKA,y-khoa,A00,Điểm học bạ,2025,25.2,Y khoa
123509,PKA,y-khoa,B00,Điểm học bạ,2025,25.2,Y khoa
123510,PKA,y-khoa,B03,Điểm học bạ,2025,25.2,Y khoa
123511,PKA,y-khoa,B08,Điểm học bạ,2025,25.2,Y khoa
123512,PKA,y-khoa,C02,Điểm học bạ,2025,25.2,Y khoa
123513,PKA,y-khoa,D07,Điểm học bạ,2025,25.2,Y khoa
123514,PKA,y-khoa,A00,Điểm thi THPT,2025,22.5,Y khoa
123515,PKA,y-khoa,B00,Điểm thi THPT,2025,22.5,Y khoa
123516,PKA,y-khoa,B03,Điểm thi THPT,2025,22.5,Y khoa
123517,PKA,y-khoa,B08,Điểm thi THPT,2025,22.5,Y khoa
123518,PKA,y-khoa,C02,Điểm thi THPT,2025,22.5,Y khoa
123519,PKA,y-khoa,D07,Điểm thi THPT,2025,22.5,Y khoa
123520,PKH,chi-huy-tham-muu-phong-khong-khong-quan-va-tac-chien-dien-tu,A00,Điểm thi THPT,2021,25.54,"Chỉ huy Tham mưu Phòng không, Không quân và Tác chiến điện tử"
123521,PKH,chi-huy-tham-muu-phong-khong-khong-quan-va-tac-chien-dien-tu,A01,Điểm thi THPT,2021,25.54,"Chỉ huy Tham mưu Phòng không, Không quân và Tác chiến điện tử"
123522,PKH,chi-huy-tham-muu-phong-khong-khong-quan-va-tac-chien-dien-tu,A00,Điểm thi THPT,2022,20.5,"Chỉ huy Tham mưu Phòng không, Không quân và Tác chiến điện tử"
123523,PKH,chi-huy-tham-muu-phong-khong-khong-quan-va-tac-chien-dien-tu,A01,Điểm thi THPT,2022,20.5,"Chỉ huy Tham mưu Phòng không, Không quân và Tác chiến điện tử"
123524,PKH,chi-huy-tham-muu-phong-khong-khong-quan-va-tac-chien-dien-tu,A00,Điểm thi THPT,2023,22.0,"Ngành Chỉ huy Tham mưu Phòng không, Không quân và Tác chiến điện tử"
123525,PKH,chi-huy-tham-muu-phong-khong-khong-quan-va-tac-chien-dien-tu,A01,Điểm thi THPT,2023,22.0,"Ngành Chỉ huy Tham mưu Phòng không, Không quân và Tác chiến điện tử"
123526,PKH,chi-huy-tham-muu-phong-khong-khong-quan-va-tac-chien-dien-tu,A00,Điểm học bạ,2024,25.81,"Chỉ huy Tham mưu Phòng không, Không quân và Tác chiến điện tử"
123527,PKH,chi-huy-tham-muu-phong-khong-khong-quan-va-tac-chien-dien-tu,A01,Điểm học bạ,2024,25.81,"Chỉ huy Tham mưu Phòng không, Không quân và Tác chiến điện tử"
123528,PKH,chi-huy-tham-muu-phong-khong-khong-quan-va-tac-chien-dien-tu,A00,Điểm thi THPT,2024,22.05,"Chỉ huy Tham mưu Phòng không, Không quân và Tác chiến điện tử"
123529,PKH,chi-huy-tham-muu-phong-khong-khong-quan-va-tac-chien-dien-tu,A01,Điểm thi THPT,2024,22.05,"Chỉ huy Tham mưu Phòng không, Không quân và Tác chiến điện tử"
123530,PKH,chi-huy-tham-muu-phong-khong-khong-quan-va-tac-chien-dien-tu,A00,Điểm thi THPT,2025,24.73,"Ngành Chỉ huy Tham mưu Phòng không, Không quân và Tác chiến điện tử (Thí sinh miền Bắc)"
123531,PKH,chi-huy-tham-muu-phong-khong-khong-quan-va-tac-chien-dien-tu,A01,Điểm thi THPT,2025,24.73,"Ngành Chỉ huy Tham mưu Phòng không, Không quân và Tác chiến điện tử (Thí sinh miền Bắc)"
123532,PKH,chi-huy-tham-muu-phong-khong-khong-quan-va-tac-chien-dien-tu,C01,Điểm thi THPT,2025,24.73,"Ngành Chỉ huy Tham mưu Phòng không, Không quân và Tác chiến điện tử (Thí sinh miền Bắc)"
123533,PKH,ky-thuat-hang-khong,A00,Điểm thi THPT,2021,26.1,Ngành Kỹ thuật Hàng không
123534,PKH,ky-thuat-hang-khong,A01,Điểm thi THPT,2021,26.1,Ngành Kỹ thuật Hàng không
123535,PKH,ky-thuat-hang-khong,A00,Điểm thi THPT,2022,23.95,Ngành Kỹ thuật Hàng không
123536,PKH,ky-thuat-hang-khong,A01,Điểm thi THPT,2022,23.95,Ngành Kỹ thuật Hàng không
123537,PKH,ky-thuat-hang-khong,A00,Điểm thi THPT,2025,26.5,Ngành Kỹ thuật Hàng không (Thí sinh miền Bắc)
123538,PKH,ky-thuat-hang-khong,A01,Điểm thi THPT,2025,26.5,Ngành Kỹ thuật Hàng không (Thí sinh miền Bắc)
123539,PKH,ky-thuat-hang-khong,C01,Điểm thi THPT,2025,26.5,Ngành Kỹ thuật Hàng không (Thí sinh miền Bắc)
123540,PVU,khoa-hoc-may-tinh,A00,Điểm học bạ,2024,31.0,"Khoa học Máy tính (Khoa học dữ liệu, Trí tuệ nhân tạo)"
123541,PVU,khoa-hoc-may-tinh,A01,Điểm học bạ,2024,31.0,"Khoa học Máy tính (Khoa học dữ liệu, Trí tuệ nhân tạo)"
123542,PVU,khoa-hoc-may-tinh,D07,Điểm học bạ,2024,31.0,"Khoa học Máy tính (Khoa học dữ liệu, Trí tuệ nhân tạo)"
123543,PVU,khoa-hoc-may-tinh,A00,Điểm thi THPT,2024,20.0,"Khoa học Máy tính (Khoa học dữ liệu, Trí tuệ nhân tạo)"
123544,PVU,khoa-hoc-may-tinh,A01,Điểm thi THPT,2024,20.0,"Khoa học Máy tính (Khoa học dữ liệu, Trí tuệ nhân tạo)"
123545,PVU,khoa-hoc-may-tinh,D07,Điểm thi THPT,2024,20.0,"Khoa học Máy tính (Khoa học dữ liệu, Trí tuệ nhân tạo)"
123546,PVU,ky-thuat-dau-khi,A00,Điểm thi THPT,2021,21.0,Kỹ thuật dầu khí (Khoan - khai thác mỏ Dầu khí)
123547,PVU,ky-thuat-dau-khi,D07,Điểm thi THPT,2021,21.0,Kỹ thuật dầu khí (Khoan - khai thác mỏ Dầu khí)
123548,PVU,ky-thuat-dau-khi,A00,Điểm học bạ,2023,8.15,Kỹ thuật Dầu khí (Khoan-Khai thác Mỏ Dầu khí)
123549,PVU,ky-thuat-dau-khi,A01,Điểm học bạ,2023,8.15,Kỹ thuật Dầu khí (Khoan-Khai thác Mỏ Dầu khí)
123550,PVU,ky-thuat-dau-khi,D07,Điểm học bạ,2023,8.15,Kỹ thuật Dầu khí (Khoan-Khai thác Mỏ Dầu khí)
123551,PVU,ky-thuat-dau-khi,A00,Điểm thi THPT,2023,18.5,Kỹ thuật Dầu khí (Khoan-Khai thác Mỏ Dầu khí)
123552,PVU,ky-thuat-dau-khi,A01,Điểm thi THPT,2023,18.5,Kỹ thuật Dầu khí (Khoan-Khai thác Mỏ Dầu khí)
123553,PVU,ky-thuat-dau-khi,D07,Điểm thi THPT,2023,18.5,Kỹ thuật Dầu khí (Khoan-Khai thác Mỏ Dầu khí)
123554,PVU,ky-thuat-dau-khi,A00,Điểm học bạ,2024,31.0,Kỹ thuật Dầu khí (Khoan-Khai thác Mỏ Dầu khí)
123555,PVU,ky-thuat-dau-khi,A01,Điểm học bạ,2024,31.0,Kỹ thuật Dầu khí (Khoan-Khai thác Mỏ Dầu khí)
123556,PVU,ky-thuat-dau-khi,D07,Điểm học bạ,2024,31.0,Kỹ thuật Dầu khí (Khoan-Khai thác Mỏ Dầu khí)
123557,PVU,ky-thuat-dau-khi,A00,Điểm thi THPT,2024,20.0,Kỹ thuật Dầu khí (Khoan-Khai thác Mỏ Dầu khí)
123558,PVU,ky-thuat-dau-khi,A01,Điểm thi THPT,2024,20.0,Kỹ thuật Dầu khí (Khoan-Khai thác Mỏ Dầu khí)
123559,PVU,ky-thuat-dau-khi,D07,Điểm thi THPT,2024,20.0,Kỹ thuật Dầu khí (Khoan-Khai thác Mỏ Dầu khí)
123560,PVU,ky-thuat-dau-khi,A00,Điểm học bạ,2025,23.0,Kỹ thuật Dầu khí (Khoan-Khai thác Mỏ Dầu khí)
123561,PVU,ky-thuat-dau-khi,A01,Điểm học bạ,2025,23.0,Kỹ thuật Dầu khí (Khoan-Khai thác Mỏ Dầu khí)
123562,PVU,ky-thuat-dau-khi,A02,Điểm học bạ,2025,23.0,Kỹ thuật Dầu khí (Khoan-Khai thác Mỏ Dầu khí)
123563,PVU,ky-thuat-dau-khi,B00,Điểm học bạ,2025,23.0,Kỹ thuật Dầu khí (Khoan-Khai thác Mỏ Dầu khí)
123564,PVU,ky-thuat-dau-khi,C01,Điểm học bạ,2025,23.0,Kỹ thuật Dầu khí (Khoan-Khai thác Mỏ Dầu khí)
123565,PVU,ky-thuat-dau-khi,C02,Điểm học bạ,2025,23.0,Kỹ thuật Dầu khí (Khoan-Khai thác Mỏ Dầu khí)
123566,PVU,ky-thuat-dau-khi,D07,Điểm học bạ,2025,23.0,Kỹ thuật Dầu khí (Khoan-Khai thác Mỏ Dầu khí)
123567,PVU,ky-thuat-dau-khi,X06,Điểm học bạ,2025,23.0,Kỹ thuật Dầu khí (Khoan-Khai thác Mỏ Dầu khí)
123568,PVU,ky-thuat-dau-khi,X07,Điểm học bạ,2025,23.0,Kỹ thuật Dầu khí (Khoan-Khai thác Mỏ Dầu khí)
123569,PVU,ky-thuat-dau-khi,X10,Điểm học bạ,2025,23.0,Kỹ thuật Dầu khí (Khoan-Khai thác Mỏ Dầu khí)
123570,PVU,ky-thuat-dau-khi,X11,Điểm học bạ,2025,23.0,Kỹ thuật Dầu khí (Khoan-Khai thác Mỏ Dầu khí)
123571,PVU,ky-thuat-dau-khi,A00,Điểm thi THPT,2025,20.0,Kỹ thuật Dầu khí (Khoan-Khai thác Mỏ Dầu khí)
123572,PVU,ky-thuat-dau-khi,A01,Điểm thi THPT,2025,20.0,Kỹ thuật Dầu khí (Khoan-Khai thác Mỏ Dầu khí)
123573,PVU,ky-thuat-dau-khi,A02,Điểm thi THPT,2025,20.0,Kỹ thuật Dầu khí (Khoan-Khai thác Mỏ Dầu khí)
123574,PVU,ky-thuat-dau-khi,B00,Điểm thi THPT,2025,20.0,Kỹ thuật Dầu khí (Khoan-Khai thác Mỏ Dầu khí)
123575,PVU,ky-thuat-dau-khi,C01,Điểm thi THPT,2025,20.0,Kỹ thuật Dầu khí (Khoan-Khai thác Mỏ Dầu khí)
123576,PVU,ky-thuat-dau-khi,C02,Điểm thi THPT,2025,20.0,Kỹ thuật Dầu khí (Khoan-Khai thác Mỏ Dầu khí)
123577,PVU,ky-thuat-dau-khi,D07,Điểm thi THPT,2025,20.0,Kỹ thuật Dầu khí (Khoan-Khai thác Mỏ Dầu khí)
123578,PVU,ky-thuat-dau-khi,X06,Điểm thi THPT,2025,20.0,Kỹ thuật Dầu khí (Khoan-Khai thác Mỏ Dầu khí)
123579,PVU,ky-thuat-dau-khi,X07,Điểm thi THPT,2025,20.0,Kỹ thuật Dầu khí (Khoan-Khai thác Mỏ Dầu khí)
123580,PVU,ky-thuat-dau-khi,X10,Điểm thi THPT,2025,20.0,Kỹ thuật Dầu khí (Khoan-Khai thác Mỏ Dầu khí)
123581,PVU,ky-thuat-dau-khi,X11,Điểm thi THPT,2025,20.0,Kỹ thuật Dầu khí (Khoan-Khai thác Mỏ Dầu khí)
123582,PVU,ky-thuat-dia-chat,A00,Điểm thi THPT,2021,21.0,Kỹ thuật địa chất (Địa chất - Địa vật lý Dầu khí)
123583,PVU,ky-thuat-dia-chat,D07,Điểm thi THPT,2021,21.0,Kỹ thuật địa chất (Địa chất - Địa vật lý Dầu khí)
123584,PVU,ky-thuat-dia-chat,A00,Điểm học bạ,2023,8.15,Kỹ thuật Địa chất (Địa chất - Địa vật lý Dầu khí)
123585,PVU,ky-thuat-dia-chat,A01,Điểm học bạ,2023,8.15,Kỹ thuật Địa chất (Địa chất - Địa vật lý Dầu khí)
123586,PVU,ky-thuat-dia-chat,D07,Điểm học bạ,2023,8.15,Kỹ thuật Địa chất (Địa chất - Địa vật lý Dầu khí)
123587,PVU,ky-thuat-dia-chat,A00,Điểm thi THPT,2023,18.5,Kỹ thuật Địa chất (Địa chất - Địa vật lý Dầu khí)
123588,PVU,ky-thuat-dia-chat,A01,Điểm thi THPT,2023,18.5,Kỹ thuật Địa chất (Địa chất - Địa vật lý Dầu khí)
123589,PVU,ky-thuat-dia-chat,D07,Điểm thi THPT,2023,18.5,Kỹ thuật Địa chất (Địa chất - Địa vật lý Dầu khí)
123590,PVU,ky-thuat-dia-chat,A00,Điểm học bạ,2024,31.0,Kỹ thuật Địa chất (Địa chất - Địa vật lý Dầu khí)
123591,PVU,ky-thuat-dia-chat,A01,Điểm học bạ,2024,31.0,Kỹ thuật Địa chất (Địa chất - Địa vật lý Dầu khí)
123592,PVU,ky-thuat-dia-chat,D07,Điểm học bạ,2024,31.0,Kỹ thuật Địa chất (Địa chất - Địa vật lý Dầu khí)
123593,PVU,ky-thuat-dia-chat,A00,Điểm thi THPT,2024,20.0,Kỹ thuật Địa chất (Địa chất - Địa vật lý Dầu khí)
123594,PVU,ky-thuat-dia-chat,A01,Điểm thi THPT,2024,20.0,Kỹ thuật Địa chất (Địa chất - Địa vật lý Dầu khí)
123595,PVU,ky-thuat-dia-chat,D07,Điểm thi THPT,2024,20.0,Kỹ thuật Địa chất (Địa chất - Địa vật lý Dầu khí)
123596,PVU,ky-thuat-dia-chat,A00,Điểm học bạ,2025,23.0,Kỹ thuật Địa chất (Địa chất - Địa vật lý Dầu khí)
123597,PVU,ky-thuat-dia-chat,A01,Điểm học bạ,2025,23.0,Kỹ thuật Địa chất (Địa chất - Địa vật lý Dầu khí)
123598,PVU,ky-thuat-dia-chat,A02,Điểm học bạ,2025,23.0,Kỹ thuật Địa chất (Địa chất - Địa vật lý Dầu khí)
123599,PVU,ky-thuat-dia-chat,B00,Điểm học bạ,2025,23.0,Kỹ thuật Địa chất (Địa chất - Địa vật lý Dầu khí)
123600,PVU,ky-thuat-dia-chat,C01,Điểm học bạ,2025,23.0,Kỹ thuật Địa chất (Địa chất - Địa vật lý Dầu khí)
123601,PVU,ky-thuat-dia-chat,C02,Điểm học bạ,2025,23.0,Kỹ thuật Địa chất (Địa chất - Địa vật lý Dầu khí)
123602,PVU,ky-thuat-dia-chat,D07,Điểm học bạ,2025,23.0,Kỹ thuật Địa chất (Địa chất - Địa vật lý Dầu khí)
123603,PVU,ky-thuat-dia-chat,X06,Điểm học bạ,2025,23.0,Kỹ thuật Địa chất (Địa chất - Địa vật lý Dầu khí)
123604,PVU,ky-thuat-dia-chat,X07,Điểm học bạ,2025,23.0,Kỹ thuật Địa chất (Địa chất - Địa vật lý Dầu khí)
123605,PVU,ky-thuat-dia-chat,X10,Điểm học bạ,2025,23.0,Kỹ thuật Địa chất (Địa chất - Địa vật lý Dầu khí)
123606,PVU,ky-thuat-dia-chat,X11,Điểm học bạ,2025,23.0,Kỹ thuật Địa chất (Địa chất - Địa vật lý Dầu khí)
123607,PVU,ky-thuat-dia-chat,A00,Điểm thi THPT,2025,20.0,Kỹ thuật Địa chất (Địa chất - Địa vật lý Dầu khí)
123608,PVU,ky-thuat-dia-chat,A01,Điểm thi THPT,2025,20.0,Kỹ thuật Địa chất (Địa chất - Địa vật lý Dầu khí)
123609,PVU,ky-thuat-dia-chat,A02,Điểm thi THPT,2025,20.0,Kỹ thuật Địa chất (Địa chất - Địa vật lý Dầu khí)
123610,PVU,ky-thuat-dia-chat,B00,Điểm thi THPT,2025,20.0,Kỹ thuật Địa chất (Địa chất - Địa vật lý Dầu khí)
123611,PVU,ky-thuat-dia-chat,C01,Điểm thi THPT,2025,20.0,Kỹ thuật Địa chất (Địa chất - Địa vật lý Dầu khí)
123612,PVU,ky-thuat-dia-chat,C02,Điểm thi THPT,2025,20.0,Kỹ thuật Địa chất (Địa chất - Địa vật lý Dầu khí)
123613,PVU,ky-thuat-dia-chat,D07,Điểm thi THPT,2025,20.0,Kỹ thuật Địa chất (Địa chất - Địa vật lý Dầu khí)
123614,PVU,ky-thuat-dia-chat,X06,Điểm thi THPT,2025,20.0,Kỹ thuật Địa chất (Địa chất - Địa vật lý Dầu khí)
123615,PVU,ky-thuat-dia-chat,X07,Điểm thi THPT,2025,20.0,Kỹ thuật Địa chất (Địa chất - Địa vật lý Dầu khí)
123616,PVU,ky-thuat-dia-chat,X10,Điểm thi THPT,2025,20.0,Kỹ thuật Địa chất (Địa chất - Địa vật lý Dầu khí)
123617,PVU,ky-thuat-dia-chat,X11,Điểm thi THPT,2025,20.0,Kỹ thuật Địa chất (Địa chất - Địa vật lý Dầu khí)
123618,PVU,ky-thuat-hoa-hoc,A00,Điểm thi THPT,2021,21.0,Kỹ thuật hóa học (Lọc - Hóa dầu)
123619,PVU,ky-thuat-hoa-hoc,D07,Điểm thi THPT,2021,21.0,Kỹ thuật hóa học (Lọc - Hóa dầu)
123620,PVU,ky-thuat-hoa-hoc,A00,Điểm học bạ,2023,8.15,Kỹ thuật Hóa học (Lọc-Hóa dầu)
123621,PVU,ky-thuat-hoa-hoc,A01,Điểm học bạ,2023,8.15,Kỹ thuật Hóa học (Lọc-Hóa dầu)
123622,PVU,ky-thuat-hoa-hoc,D07,Điểm học bạ,2023,8.15,Kỹ thuật Hóa học (Lọc-Hóa dầu)
123623,PVU,ky-thuat-hoa-hoc,A00,Điểm thi THPT,2023,18.5,Kỹ thuật Hóa học (Lọc-Hóa dầu)
123624,PVU,ky-thuat-hoa-hoc,A01,Điểm thi THPT,2023,18.5,Kỹ thuật Hóa học (Lọc-Hóa dầu)
123625,PVU,ky-thuat-hoa-hoc,D07,Điểm thi THPT,2023,18.5,Kỹ thuật Hóa học (Lọc-Hóa dầu)
123626,PVU,ky-thuat-hoa-hoc,A00,Điểm học bạ,2024,31.0,Kỹ thuật Hóa học (Lọc-Hóa dầu)
123627,PVU,ky-thuat-hoa-hoc,A01,Điểm học bạ,2024,31.0,Kỹ thuật Hóa học (Lọc-Hóa dầu)
123628,PVU,ky-thuat-hoa-hoc,D07,Điểm học bạ,2024,31.0,Kỹ thuật Hóa học (Lọc-Hóa dầu)
123629,PVU,ky-thuat-hoa-hoc,A00,Điểm thi THPT,2024,20.0,Kỹ thuật Hóa học (Lọc-Hóa dầu)
123630,PVU,ky-thuat-hoa-hoc,A01,Điểm thi THPT,2024,20.0,Kỹ thuật Hóa học (Lọc-Hóa dầu)
123631,PVU,ky-thuat-hoa-hoc,D07,Điểm thi THPT,2024,20.0,Kỹ thuật Hóa học (Lọc-Hóa dầu)
123632,PVU,ky-thuat-hoa-hoc,A00,Điểm học bạ,2025,23.0,Kỹ thuật Hóa học (Lọc-Hóa dầu)
123633,PVU,ky-thuat-hoa-hoc,A01,Điểm học bạ,2025,23.0,Kỹ thuật Hóa học (Lọc-Hóa dầu)
123634,PVU,ky-thuat-hoa-hoc,A02,Điểm học bạ,2025,23.0,Kỹ thuật Hóa học (Lọc-Hóa dầu)
123635,PVU,ky-thuat-hoa-hoc,B00,Điểm học bạ,2025,23.0,Kỹ thuật Hóa học (Lọc-Hóa dầu)
123636,PVU,ky-thuat-hoa-hoc,C01,Điểm học bạ,2025,23.0,Kỹ thuật Hóa học (Lọc-Hóa dầu)
123637,PVU,ky-thuat-hoa-hoc,C02,Điểm học bạ,2025,23.0,Kỹ thuật Hóa học (Lọc-Hóa dầu)
123638,PVU,ky-thuat-hoa-hoc,D07,Điểm học bạ,2025,23.0,Kỹ thuật Hóa học (Lọc-Hóa dầu)
123639,PVU,ky-thuat-hoa-hoc,X06,Điểm học bạ,2025,23.0,Kỹ thuật Hóa học (Lọc-Hóa dầu)
123640,PVU,ky-thuat-hoa-hoc,X07,Điểm học bạ,2025,23.0,Kỹ thuật Hóa học (Lọc-Hóa dầu)
123641,PVU,ky-thuat-hoa-hoc,X10,Điểm học bạ,2025,23.0,Kỹ thuật Hóa học (Lọc-Hóa dầu)
123642,PVU,ky-thuat-hoa-hoc,X11,Điểm học bạ,2025,23.0,Kỹ thuật Hóa học (Lọc-Hóa dầu)
123643,PVU,ky-thuat-hoa-hoc,A00,Điểm thi THPT,2025,20.0,Kỹ thuật Hóa học (Lọc-Hóa dầu)
123644,PVU,ky-thuat-hoa-hoc,A01,Điểm thi THPT,2025,20.0,Kỹ thuật Hóa học (Lọc-Hóa dầu)
123645,PVU,ky-thuat-hoa-hoc,A02,Điểm thi THPT,2025,20.0,Kỹ thuật Hóa học (Lọc-Hóa dầu)
123646,PVU,ky-thuat-hoa-hoc,B00,Điểm thi THPT,2025,20.0,Kỹ thuật Hóa học (Lọc-Hóa dầu)
123647,PVU,ky-thuat-hoa-hoc,C01,Điểm thi THPT,2025,20.0,Kỹ thuật Hóa học (Lọc-Hóa dầu)
123648,PVU,ky-thuat-hoa-hoc,C02,Điểm thi THPT,2025,20.0,Kỹ thuật Hóa học (Lọc-Hóa dầu)
123649,PVU,ky-thuat-hoa-hoc,D07,Điểm thi THPT,2025,20.0,Kỹ thuật Hóa học (Lọc-Hóa dầu)
123650,PVU,ky-thuat-hoa-hoc,X06,Điểm thi THPT,2025,20.0,Kỹ thuật Hóa học (Lọc-Hóa dầu)
123651,PVU,ky-thuat-hoa-hoc,X07,Điểm thi THPT,2025,20.0,Kỹ thuật Hóa học (Lọc-Hóa dầu)
123652,PVU,ky-thuat-hoa-hoc,X10,Điểm thi THPT,2025,20.0,Kỹ thuật Hóa học (Lọc-Hóa dầu)
123653,PVU,ky-thuat-hoa-hoc,X11,Điểm thi THPT,2025,20.0,Kỹ thuật Hóa học (Lọc-Hóa dầu)
123654,QHD,marketing-va-truyen-thong,D01,Điểm thi THPT,2021,20.1,Marketing và Truyền thông
123655,QHD,marketing-va-truyen-thong,D09,Điểm thi THPT,2021,20.1,Marketing và Truyền thông
123656,QHD,marketing-va-truyen-thong,D10,Điểm thi THPT,2021,20.1,Marketing và Truyền thông
123657,QHD,marketing-va-truyen-thong,D96,Điểm thi THPT,2021,20.1,Marketing và Truyền thông
123658,QHD,marketing-va-truyen-thong,D01,Điểm thi THPT,2022,21.0,Marketing và Truyền thông (MAC)
123659,QHD,marketing-va-truyen-thong,D09,Điểm thi THPT,2022,21.0,Marketing và Truyền thông (MAC)
123660,QHD,marketing-va-truyen-thong,D10,Điểm thi THPT,2022,21.0,Marketing và Truyền thông (MAC)
123661,QHD,marketing-va-truyen-thong,D96,Điểm thi THPT,2022,21.0,Marketing và Truyền thông (MAC)
123662,QHD,marketing-va-truyen-thong,D01,Điểm thi THPT,2023,21.55,Marketing và Truyền thông (MAC)
123663,QHD,marketing-va-truyen-thong,D09,Điểm thi THPT,2023,21.55,Marketing và Truyền thông (MAC)
123664,QHD,marketing-va-truyen-thong,D10,Điểm thi THPT,2023,21.55,Marketing và Truyền thông (MAC)
123665,QHD,marketing-va-truyen-thong,D96,Điểm thi THPT,2023,21.55,Marketing và Truyền thông (MAC)
123666,QHD,marketing-va-truyen-thong,D01,Điểm thi THPT,2024,21.2,Marketing và Truyền thông
123667,QHD,marketing-va-truyen-thong,D09,Điểm thi THPT,2024,21.2,Marketing và Truyền thông
123668,QHD,marketing-va-truyen-thong,D10,Điểm thi THPT,2024,21.2,Marketing và Truyền thông
123669,QHD,marketing-va-truyen-thong,D96,Điểm thi THPT,2024,21.2,Marketing và Truyền thông
123670,QHD,marketing-va-truyen-thong,A01,Điểm thi THPT,2025,21.5,Marketing và Truyền thông
123671,QHD,marketing-va-truyen-thong,D01,Điểm thi THPT,2025,21.5,Marketing và Truyền thông
123672,QHD,marketing-va-truyen-thong,D07,Điểm thi THPT,2025,21.5,Marketing và Truyền thông
123673,QHD,marketing-va-truyen-thong,D08,Điểm thi THPT,2025,21.5,Marketing và Truyền thông
123674,QHD,marketing-va-truyen-thong,D09,Điểm thi THPT,2025,21.5,Marketing và Truyền thông
123675,QHD,marketing-va-truyen-thong,D10,Điểm thi THPT,2025,21.5,Marketing và Truyền thông
123676,QHD,marketing-va-truyen-thong,X25,Điểm thi THPT,2025,21.5,Marketing và Truyền thông
123677,QHD,marketing-va-truyen-thong,X26,Điểm thi THPT,2025,21.5,Marketing và Truyền thông
123678,QHD,marketing-va-truyen-thong,X27,Điểm thi THPT,2025,21.5,Marketing và Truyền thông
123679,QHD,marketing-va-truyen-thong,X28,Điểm thi THPT,2025,21.5,Marketing và Truyền thông
123680,QHD,quan-tri-an-ninh-phi-truyen-thong,A01,Điểm thi THPT,2025,19.0,Quản trị An ninh phi truyền thống
123681,QHD,quan-tri-an-ninh-phi-truyen-thong,D01,Điểm thi THPT,2025,19.0,Quản trị An ninh phi truyền thống
123682,QHD,quan-tri-an-ninh-phi-truyen-thong,D07,Điểm thi THPT,2025,19.0,Quản trị An ninh phi truyền thống
123683,QHD,quan-tri-an-ninh-phi-truyen-thong,D08,Điểm thi THPT,2025,19.0,Quản trị An ninh phi truyền thống
123684,QHD,quan-tri-an-ninh-phi-truyen-thong,D09,Điểm thi THPT,2025,19.0,Quản trị An ninh phi truyền thống
123685,QHD,quan-tri-an-ninh-phi-truyen-thong,D10,Điểm thi THPT,2025,19.0,Quản trị An ninh phi truyền thống
123686,QHD,quan-tri-an-ninh-phi-truyen-thong,X25,Điểm thi THPT,2025,19.0,Quản trị An ninh phi truyền thống
123687,QHD,quan-tri-an-ninh-phi-truyen-thong,X26,Điểm thi THPT,2025,19.0,Quản trị An ninh phi truyền thống
123688,QHD,quan-tri-an-ninh-phi-truyen-thong,X27,Điểm thi THPT,2025,19.0,Quản trị An ninh phi truyền thống
123689,QHD,quan-tri-an-ninh-phi-truyen-thong,X28,Điểm thi THPT,2025,19.0,Quản trị An ninh phi truyền thống
123690,QHD,quan-tri-dich-vu-khach-hang-va-cham-soc-suc-khoe,A01,Điểm thi THPT,2025,19.0,Quản trị dịch vụ khách hàng và Chăm sóc sức khỏe
123691,QHD,quan-tri-dich-vu-khach-hang-va-cham-soc-suc-khoe,D01,Điểm thi THPT,2025,19.0,Quản trị dịch vụ khách hàng và Chăm sóc sức khỏe
123692,QHD,quan-tri-dich-vu-khach-hang-va-cham-soc-suc-khoe,D07,Điểm thi THPT,2025,19.0,Quản trị dịch vụ khách hàng và Chăm sóc sức khỏe
123693,QHD,quan-tri-dich-vu-khach-hang-va-cham-soc-suc-khoe,D08,Điểm thi THPT,2025,19.0,Quản trị dịch vụ khách hàng và Chăm sóc sức khỏe
123694,QHD,quan-tri-dich-vu-khach-hang-va-cham-soc-suc-khoe,D09,Điểm thi THPT,2025,19.0,Quản trị dịch vụ khách hàng và Chăm sóc sức khỏe
123695,QHD,quan-tri-dich-vu-khach-hang-va-cham-soc-suc-khoe,D10,Điểm thi THPT,2025,19.0,Quản trị dịch vụ khách hàng và Chăm sóc sức khỏe
123696,QHD,quan-tri-dich-vu-khach-hang-va-cham-soc-suc-khoe,X25,Điểm thi THPT,2025,19.0,Quản trị dịch vụ khách hàng và Chăm sóc sức khỏe
123697,QHD,quan-tri-dich-vu-khach-hang-va-cham-soc-suc-khoe,X26,Điểm thi THPT,2025,19.0,Quản trị dịch vụ khách hàng và Chăm sóc sức khỏe
123698,QHD,quan-tri-dich-vu-khach-hang-va-cham-soc-suc-khoe,X27,Điểm thi THPT,2025,19.0,Quản trị dịch vụ khách hàng và Chăm sóc sức khỏe
123699,QHD,quan-tri-dich-vu-khach-hang-va-cham-soc-suc-khoe,X28,Điểm thi THPT,2025,19.0,Quản trị dịch vụ khách hàng và Chăm sóc sức khỏe
123700,QHD,quan-tri-doanh-nghiep-va-cong-nghe,A01,Điểm thi THPT,2021,20.0,Quản trị Doanh nghiệp và Công nghệ
123701,QHD,quan-tri-doanh-nghiep-va-cong-nghe,D01,Điểm thi THPT,2021,20.0,Quản trị Doanh nghiệp và Công nghệ
123702,QHD,quan-tri-doanh-nghiep-va-cong-nghe,D07,Điểm thi THPT,2021,20.0,Quản trị Doanh nghiệp và Công nghệ
123703,QHD,quan-tri-doanh-nghiep-va-cong-nghe,D08,Điểm thi THPT,2021,20.0,Quản trị Doanh nghiệp và Công nghệ
123704,QHD,quan-tri-doanh-nghiep-va-cong-nghe,A01,Điểm thi THPT,2022,21.15,Quản trị Doanh nghiệp và Công nghệ (MET)
123705,QHD,quan-tri-doanh-nghiep-va-cong-nghe,D01,Điểm thi THPT,2022,21.15,Quản trị Doanh nghiệp và Công nghệ (MET)
123706,QHD,quan-tri-doanh-nghiep-va-cong-nghe,D07,Điểm thi THPT,2022,21.15,Quản trị Doanh nghiệp và Công nghệ (MET)
123707,QHD,quan-tri-doanh-nghiep-va-cong-nghe,D08,Điểm thi THPT,2022,21.15,Quản trị Doanh nghiệp và Công nghệ (MET)
123708,QHD,quan-tri-doanh-nghiep-va-cong-nghe,A01,Điểm thi THPT,2023,21.55,Quản trị Doanh nghiệp và Công nghệ (MET)
123709,QHD,quan-tri-doanh-nghiep-va-cong-nghe,D01,Điểm thi THPT,2023,21.55,Quản trị Doanh nghiệp và Công nghệ (MET)
123710,QHD,quan-tri-doanh-nghiep-va-cong-nghe,D07,Điểm thi THPT,2023,21.55,Quản trị Doanh nghiệp và Công nghệ (MET)
123711,QHD,quan-tri-doanh-nghiep-va-cong-nghe,D08,Điểm thi THPT,2023,21.55,Quản trị Doanh nghiệp và Công nghệ (MET)
123712,QHD,quan-tri-doanh-nghiep-va-cong-nghe,A01,Điểm thi THPT,2024,22.0,Quản trị Doanh nghiệp và Công nghệ
123713,QHD,quan-tri-doanh-nghiep-va-cong-nghe,D01,Điểm thi THPT,2024,22.0,Quản trị Doanh nghiệp và Công nghệ
123714,QHD,quan-tri-doanh-nghiep-va-cong-nghe,D07,Điểm thi THPT,2024,22.0,Quản trị Doanh nghiệp và Công nghệ
123715,QHD,quan-tri-doanh-nghiep-va-cong-nghe,D08,Điểm thi THPT,2024,22.0,Quản trị Doanh nghiệp và Công nghệ
123716,QHD,quan-tri-doanh-nghiep-va-cong-nghe,A01,Điểm thi THPT,2025,19.5,Quản trị Doanh nghiệp và Công nghệ
123717,QHD,quan-tri-doanh-nghiep-va-cong-nghe,D01,Điểm thi THPT,2025,19.5,Quản trị Doanh nghiệp và Công nghệ
123718,QHD,quan-tri-doanh-nghiep-va-cong-nghe,D07,Điểm thi THPT,2025,19.5,Quản trị Doanh nghiệp và Công nghệ
123719,QHD,quan-tri-doanh-nghiep-va-cong-nghe,D08,Điểm thi THPT,2025,19.5,Quản trị Doanh nghiệp và Công nghệ
123720,QHD,quan-tri-doanh-nghiep-va-cong-nghe,D09,Điểm thi THPT,2025,19.5,Quản trị Doanh nghiệp và Công nghệ
123721,QHD,quan-tri-doanh-nghiep-va-cong-nghe,D10,Điểm thi THPT,2025,19.5,Quản trị Doanh nghiệp và Công nghệ
123722,QHD,quan-tri-doanh-nghiep-va-cong-nghe,X25,Điểm thi THPT,2025,19.5,Quản trị Doanh nghiệp và Công nghệ
123723,QHD,quan-tri-doanh-nghiep-va-cong-nghe,X26,Điểm thi THPT,2025,19.5,Quản trị Doanh nghiệp và Công nghệ
123724,QHD,quan-tri-doanh-nghiep-va-cong-nghe,X27,Điểm thi THPT,2025,19.5,Quản trị Doanh nghiệp và Công nghệ
123725,QHD,quan-tri-doanh-nghiep-va-cong-nghe,X28,Điểm thi THPT,2025,19.5,Quản trị Doanh nghiệp và Công nghệ
123726,QHD,quan-tri-nhan-luc-va-nhan-tai,D01,Điểm thi THPT,2021,18.5,Quản trị nhân lực và nhân tài
123727,QHD,quan-tri-nhan-luc-va-nhan-tai,D09,Điểm thi THPT,2021,18.5,Quản trị nhân lực và nhân tài
123728,QHD,quan-tri-nhan-luc-va-nhan-tai,D10,Điểm thi THPT,2021,18.5,Quản trị nhân lực và nhân tài
123729,QHD,quan-tri-nhan-luc-va-nhan-tai,D96,Điểm thi THPT,2021,18.5,Quản trị nhân lực và nhân tài
123730,QHD,quan-tri-nhan-luc-va-nhan-tai,D01,Điểm thi THPT,2022,20.05,Quản trị Nhân lực và Nhân tài (HAT)
123731,QHD,quan-tri-nhan-luc-va-nhan-tai,D09,Điểm thi THPT,2022,20.05,Quản trị Nhân lực và Nhân tài (HAT)
123732,QHD,quan-tri-nhan-luc-va-nhan-tai,D10,Điểm thi THPT,2022,20.05,Quản trị Nhân lực và Nhân tài (HAT)
123733,QHD,quan-tri-nhan-luc-va-nhan-tai,D96,Điểm thi THPT,2022,20.05,Quản trị Nhân lực và Nhân tài (HAT)
123734,QHD,quan-tri-nhan-luc-va-nhan-tai,D01,Điểm thi THPT,2023,20.55,Quản trị Nhân lực và Nhân tài (HAT)
123735,QHD,quan-tri-nhan-luc-va-nhan-tai,D09,Điểm thi THPT,2023,20.55,Quản trị Nhân lực và Nhân tài (HAT)
123736,QHD,quan-tri-nhan-luc-va-nhan-tai,D10,Điểm thi THPT,2023,20.55,Quản trị Nhân lực và Nhân tài (HAT)
123737,QHD,quan-tri-nhan-luc-va-nhan-tai,D96,Điểm thi THPT,2023,20.55,Quản trị Nhân lực và Nhân tài (HAT)
123738,QHD,quan-tri-nhan-luc-va-nhan-tai,D01,Điểm thi THPT,2024,21.0,Quản trị Nhân lực và Nhân tài
123739,QHD,quan-tri-nhan-luc-va-nhan-tai,D09,Điểm thi THPT,2024,21.0,Quản trị Nhân lực và Nhân tài
123740,QHD,quan-tri-nhan-luc-va-nhan-tai,D10,Điểm thi THPT,2024,21.0,Quản trị Nhân lực và Nhân tài
123741,QHD,quan-tri-nhan-luc-va-nhan-tai,D96,Điểm thi THPT,2024,21.0,Quản trị Nhân lực và Nhân tài
123742,QHD,quan-tri-nhan-luc-va-nhan-tai,A01,Điểm thi THPT,2025,20.5,Quản trị Nhân lực và Nhân tài
123743,QHD,quan-tri-nhan-luc-va-nhan-tai,D01,Điểm thi THPT,2025,20.5,Quản trị Nhân lực và Nhân tài
123744,QHD,quan-tri-nhan-luc-va-nhan-tai,D07,Điểm thi THPT,2025,20.5,Quản trị Nhân lực và Nhân tài
123745,QHD,quan-tri-nhan-luc-va-nhan-tai,D08,Điểm thi THPT,2025,20.5,Quản trị Nhân lực và Nhân tài
123746,QHD,quan-tri-nhan-luc-va-nhan-tai,D09,Điểm thi THPT,2025,20.5,Quản trị Nhân lực và Nhân tài
123747,QHD,quan-tri-nhan-luc-va-nhan-tai,D10,Điểm thi THPT,2025,20.5,Quản trị Nhân lực và Nhân tài
123748,QHD,quan-tri-nhan-luc-va-nhan-tai,X25,Điểm thi THPT,2025,20.5,Quản trị Nhân lực và Nhân tài
123749,QHD,quan-tri-nhan-luc-va-nhan-tai,X26,Điểm thi THPT,2025,20.5,Quản trị Nhân lực và Nhân tài
123750,QHD,quan-tri-nhan-luc-va-nhan-tai,X27,Điểm thi THPT,2025,20.5,Quản trị Nhân lực và Nhân tài
123751,QHD,quan-tri-nhan-luc-va-nhan-tai,X28,Điểm thi THPT,2025,20.5,Quản trị Nhân lực và Nhân tài
123752,QHD,quan-tri-va-an-ninh,A01,Điểm thi THPT,2021,22.75,Quản trị và An ninh
123753,QHD,quan-tri-va-an-ninh,D01,Điểm thi THPT,2021,22.75,Quản trị và An ninh
123754,QHD,quan-tri-va-an-ninh,D07,Điểm thi THPT,2021,22.75,Quản trị và An ninh
123755,QHD,quan-tri-va-an-ninh,D08,Điểm thi THPT,2021,22.75,Quản trị và An ninh
123756,QHD,quan-tri-va-an-ninh,A01,Điểm thi THPT,2022,22.05,Quản trị và An ninh (MAS)
123757,QHD,quan-tri-va-an-ninh,D01,Điểm thi THPT,2022,22.05,Quản trị và An ninh (MAS)
123758,QHD,quan-tri-va-an-ninh,D07,Điểm thi THPT,2022,22.05,Quản trị và An ninh (MAS)
123759,QHD,quan-tri-va-an-ninh,D08,Điểm thi THPT,2022,22.05,Quản trị và An ninh (MAS)
123760,QHD,quan-tri-va-an-ninh,A01,Điểm thi THPT,2023,22.0,Quản trị và An ninh (MAS)
123761,QHD,quan-tri-va-an-ninh,D01,Điểm thi THPT,2023,22.0,Quản trị và An ninh (MAS)
123762,QHD,quan-tri-va-an-ninh,D07,Điểm thi THPT,2023,22.0,Quản trị và An ninh (MAS)
123763,QHD,quan-tri-va-an-ninh,D08,Điểm thi THPT,2023,22.0,Quản trị và An ninh (MAS)
123764,QHD,quan-tri-va-an-ninh,A01,Điểm thi THPT,2024,22.0,Quản trị và An ninh
123765,QHD,quan-tri-va-an-ninh,D01,Điểm thi THPT,2024,22.0,Quản trị và An ninh
123766,QHD,quan-tri-va-an-ninh,D07,Điểm thi THPT,2024,22.0,Quản trị và An ninh
123767,QHD,quan-tri-va-an-ninh,D08,Điểm thi THPT,2024,22.0,Quản trị và An ninh
123768,QHD,quan-tri-va-an-ninh,A01,Điểm thi THPT,2025,19.0,Quản trị và An ninh
123769,QHD,quan-tri-va-an-ninh,D01,Điểm thi THPT,2025,19.0,Quản trị và An ninh
123770,QHD,quan-tri-va-an-ninh,D07,Điểm thi THPT,2025,19.0,Quản trị và An ninh
123771,QHD,quan-tri-va-an-ninh,D08,Điểm thi THPT,2025,19.0,Quản trị và An ninh
123772,QHD,quan-tri-va-an-ninh,D09,Điểm thi THPT,2025,19.0,Quản trị và An ninh
123773,QHD,quan-tri-va-an-ninh,D10,Điểm thi THPT,2025,19.0,Quản trị và An ninh
123774,QHD,quan-tri-va-an-ninh,X25,Điểm thi THPT,2025,19.0,Quản trị và An ninh
123775,QHD,quan-tri-va-an-ninh,X26,Điểm thi THPT,2025,19.0,Quản trị và An ninh
123776,QHD,quan-tri-va-an-ninh,X27,Điểm thi THPT,2025,19.0,Quản trị và An ninh
123777,QHD,quan-tri-va-an-ninh,X28,Điểm thi THPT,2025,19.0,Quản trị và An ninh
123778,QHE,ke-toan,A01,Điểm thi THPT,2021,35.55,Kế toán
123779,QHE,ke-toan,D01,Điểm thi THPT,2021,35.55,Kế toán
123780,QHE,ke-toan,D09,Điểm thi THPT,2021,35.55,Kế toán
123781,QHE,ke-toan,D10,Điểm thi THPT,2021,35.55,Kế toán
123782,QHE,ke-toan,A01,Điểm thi THPT,2022,33.07,Kế toán
123783,QHE,ke-toan,D01,Điểm thi THPT,2022,33.07,Kế toán
123784,QHE,ke-toan,D09,Điểm thi THPT,2022,33.07,Kế toán
123785,QHE,ke-toan,D10,Điểm thi THPT,2022,33.07,Kế toán
123786,QHE,ke-toan,A01,Điểm thi THPT,2023,34.1,Kế toán
123787,QHE,ke-toan,D01,Điểm thi THPT,2023,34.1,Kế toán
123788,QHE,ke-toan,D09,Điểm thi THPT,2023,34.1,Kế toán
123789,QHE,ke-toan,D10,Điểm thi THPT,2023,34.1,Kế toán
123790,QHE,ke-toan,A01,Điểm thi THPT,2024,33.1,Kế toán
123791,QHE,ke-toan,D01,Điểm thi THPT,2024,33.1,Kế toán
123792,QHE,ke-toan,D09,Điểm thi THPT,2024,33.1,Kế toán
123793,QHE,ke-toan,D10,Điểm thi THPT,2024,33.1,Kế toán
123794,QHE,ke-toan,A01,Điểm học bạ,2025,24.2,Ngành Kế toán
123795,QHE,ke-toan,D01,Điểm học bạ,2025,24.2,Ngành Kế toán
123796,QHE,ke-toan,D09,Điểm học bạ,2025,24.2,Ngành Kế toán
123797,QHE,ke-toan,D10,Điểm học bạ,2025,24.2,Ngành Kế toán
123798,QHE,ke-toan,A01,Điểm thi THPT,2025,24.2,Ngành Kế toán
123799,QHE,ke-toan,C01,Điểm thi THPT,2025,24.2,Ngành Kế toán
123800,QHE,ke-toan,C03,Điểm thi THPT,2025,24.2,Ngành Kế toán
123801,QHE,ke-toan,C04,Điểm thi THPT,2025,24.2,Ngành Kế toán
123802,QHE,ke-toan,D01,Điểm thi THPT,2025,24.2,Ngành Kế toán
123803,QHE,ke-toan,D09,Điểm thi THPT,2025,24.2,Ngành Kế toán
123804,QHE,ke-toan,D10,Điểm thi THPT,2025,24.2,Ngành Kế toán
123805,QHE,ke-toan,X01,Điểm thi THPT,2025,24.2,Ngành Kế toán
123806,QHE,kinh-te,A01,Điểm thi THPT,2021,35.83,Kinh tế
123807,QHE,kinh-te,D01,Điểm thi THPT,2021,35.83,Kinh tế
123808,QHE,kinh-te,D09,Điểm thi THPT,2021,35.83,Kinh tế
123809,QHE,kinh-te,D10,Điểm thi THPT,2021,35.83,Kinh tế
123810,QHE,kinh-te,A01,Điểm thi THPT,2022,33.5,Kinh tế
123811,QHE,kinh-te,D01,Điểm thi THPT,2022,33.5,Kinh tế
123812,QHE,kinh-te,D09,Điểm thi THPT,2022,33.5,Kinh tế
123813,QHE,kinh-te,D10,Điểm thi THPT,2022,33.5,Kinh tế
123814,QHE,kinh-te,A01,Điểm thi THPT,2023,34.83,Kinh tế
123815,QHE,kinh-te,D01,Điểm thi THPT,2023,34.83,Kinh tế
123816,QHE,kinh-te,D09,Điểm thi THPT,2023,34.83,Kinh tế
123817,QHE,kinh-te,D10,Điểm thi THPT,2023,34.83,Kinh tế
123818,QHE,kinh-te,A01,Điểm thi THPT,2024,33.23,Kinh tế
123819,QHE,kinh-te,D01,Điểm thi THPT,2024,33.23,Kinh tế
123820,QHE,kinh-te,D09,Điểm thi THPT,2024,33.23,Kinh tế
123821,QHE,kinh-te,D10,Điểm thi THPT,2024,33.23,Kinh tế
123822,QHE,kinh-te,A01,Điểm học bạ,2025,24.3,Ngành Kinh tế
123823,QHE,kinh-te,D01,Điểm học bạ,2025,24.3,Ngành Kinh tế
123824,QHE,kinh-te,D09,Điểm học bạ,2025,24.3,Ngành Kinh tế
123825,QHE,kinh-te,D10,Điểm học bạ,2025,24.3,Ngành Kinh tế
123826,QHE,kinh-te,A01,Điểm thi THPT,2025,24.3,Ngành Kinh tế
123827,QHE,kinh-te,C01,Điểm thi THPT,2025,24.3,Ngành Kinh tế
123828,QHE,kinh-te,C03,Điểm thi THPT,2025,24.3,Ngành Kinh tế
123829,QHE,kinh-te,C04,Điểm thi THPT,2025,24.3,Ngành Kinh tế
123830,QHE,kinh-te,D01,Điểm thi THPT,2025,24.3,Ngành Kinh tế
123831,QHE,kinh-te,D09,Điểm thi THPT,2025,24.3,Ngành Kinh tế
123832,QHE,kinh-te,D10,Điểm thi THPT,2025,24.3,Ngành Kinh tế
123833,QHE,kinh-te,X01,Điểm thi THPT,2025,24.3,Ngành Kinh tế
123834,QHE,kinh-te-phat-trien,A01,Điểm thi THPT,2021,35.57,Kinh tế phát triển
123835,QHE,kinh-te-phat-trien,D01,Điểm thi THPT,2021,35.57,Kinh tế phát triển
123836,QHE,kinh-te-phat-trien,D09,Điểm thi THPT,2021,35.57,Kinh tế phát triển
123837,QHE,kinh-te-phat-trien,D10,Điểm thi THPT,2021,35.57,Kinh tế phát triển
123838,QHE,kinh-te-phat-trien,A01,Điểm thi THPT,2022,33.05,Kinh tế phát triển
123839,QHE,kinh-te-phat-trien,D01,Điểm thi THPT,2022,33.05,Kinh tế phát triển
123840,QHE,kinh-te-phat-trien,D09,Điểm thi THPT,2022,33.05,Kinh tế phát triển
123841,QHE,kinh-te-phat-trien,D10,Điểm thi THPT,2022,33.05,Kinh tế phát triển
123842,QHE,kinh-te-phat-trien,A01,Điểm thi THPT,2023,34.25,Kinh tế phát triển
123843,QHE,kinh-te-phat-trien,D01,Điểm thi THPT,2023,34.25,Kinh tế phát triển
123844,QHE,kinh-te-phat-trien,D09,Điểm thi THPT,2023,34.25,Kinh tế phát triển
123845,QHE,kinh-te-phat-trien,D10,Điểm thi THPT,2023,34.25,Kinh tế phát triển
123846,QHE,kinh-te-phat-trien,A01,Điểm thi THPT,2024,33.35,Kinh tế phát triển
123847,QHE,kinh-te-phat-trien,D01,Điểm thi THPT,2024,33.35,Kinh tế phát triển
123848,QHE,kinh-te-phat-trien,D09,Điểm thi THPT,2024,33.35,Kinh tế phát triển
123849,QHE,kinh-te-phat-trien,D10,Điểm thi THPT,2024,33.35,Kinh tế phát triển
123850,QHE,kinh-te-phat-trien,A01,Điểm học bạ,2025,24.2,Ngành Kinh tế phát triển
123851,QHE,kinh-te-phat-trien,D01,Điểm học bạ,2025,24.2,Ngành Kinh tế phát triển
123852,QHE,kinh-te-phat-trien,D09,Điểm học bạ,2025,24.2,Ngành Kinh tế phát triển
123853,QHE,kinh-te-phat-trien,D10,Điểm học bạ,2025,24.2,Ngành Kinh tế phát triển
123854,QHE,kinh-te-phat-trien,A01,Điểm thi THPT,2025,24.2,Ngành Kinh tế phát triển
123855,QHE,kinh-te-phat-trien,C01,Điểm thi THPT,2025,24.2,Ngành Kinh tế phát triển
123856,QHE,kinh-te-phat-trien,C03,Điểm thi THPT,2025,24.2,Ngành Kinh tế phát triển
123857,QHE,kinh-te-phat-trien,C04,Điểm thi THPT,2025,24.2,Ngành Kinh tế phát triển
123858,QHE,kinh-te-phat-trien,D01,Điểm thi THPT,2025,24.2,Ngành Kinh tế phát triển
123859,QHE,kinh-te-phat-trien,D09,Điểm thi THPT,2025,24.2,Ngành Kinh tế phát triển
123860,QHE,kinh-te-phat-trien,D10,Điểm thi THPT,2025,24.2,Ngành Kinh tế phát triển
123861,QHE,kinh-te-phat-trien,X01,Điểm thi THPT,2025,24.2,Ngành Kinh tế phát triển
123862,QHE,kinh-te-quoc-te,A01,Điểm thi THPT,2021,36.53,Kinh tế quốc tế
123863,QHE,kinh-te-quoc-te,D01,Điểm thi THPT,2021,36.53,Kinh tế quốc tế
123864,QHE,kinh-te-quoc-te,D09,Điểm thi THPT,2021,36.53,Kinh tế quốc tế
123865,QHE,kinh-te-quoc-te,D10,Điểm thi THPT,2021,36.53,Kinh tế quốc tế
123866,QHE,kinh-te-quoc-te,A01,Điểm thi THPT,2022,35.33,Kinh tế quốc tế
123867,QHE,kinh-te-quoc-te,D01,Điểm thi THPT,2022,35.33,Kinh tế quốc tế
123868,QHE,kinh-te-quoc-te,D09,Điểm thi THPT,2022,35.33,Kinh tế quốc tế
123869,QHE,kinh-te-quoc-te,D10,Điểm thi THPT,2022,35.33,Kinh tế quốc tế
123870,QHE,kinh-te-quoc-te,A01,Điểm thi THPT,2023,35.7,Kinh tế quốc tế
123871,QHE,kinh-te-quoc-te,D01,Điểm thi THPT,2023,35.7,Kinh tế quốc tế
123872,QHE,kinh-te-quoc-te,D09,Điểm thi THPT,2023,35.7,Kinh tế quốc tế
123873,QHE,kinh-te-quoc-te,D10,Điểm thi THPT,2023,35.7,Kinh tế quốc tế
123874,QHE,kinh-te-quoc-te,A01,Điểm thi THPT,2024,33.43,Kinh tế quốc tế
123875,QHE,kinh-te-quoc-te,D01,Điểm thi THPT,2024,33.43,Kinh tế quốc tế
123876,QHE,kinh-te-quoc-te,D09,Điểm thi THPT,2024,33.43,Kinh tế quốc tế
123877,QHE,kinh-te-quoc-te,D10,Điểm thi THPT,2024,33.43,Kinh tế quốc tế
123878,QHE,kinh-te-quoc-te,A01,Điểm học bạ,2025,25.72,Ngành Kinh tế quốc tế
123879,QHE,kinh-te-quoc-te,D01,Điểm học bạ,2025,25.72,Ngành Kinh tế quốc tế
123880,QHE,kinh-te-quoc-te,D09,Điểm học bạ,2025,25.72,Ngành Kinh tế quốc tế
123881,QHE,kinh-te-quoc-te,D10,Điểm học bạ,2025,25.72,Ngành Kinh tế quốc tế
123882,QHE,kinh-te-quoc-te,A01,Điểm thi THPT,2025,25.72,Ngành Kinh tế quốc tế
123883,QHE,kinh-te-quoc-te,C01,Điểm thi THPT,2025,25.72,Ngành Kinh tế quốc tế
123884,QHE,kinh-te-quoc-te,C03,Điểm thi THPT,2025,25.72,Ngành Kinh tế quốc tế
123885,QHE,kinh-te-quoc-te,C04,Điểm thi THPT,2025,25.72,Ngành Kinh tế quốc tế
123886,QHE,kinh-te-quoc-te,D01,Điểm thi THPT,2025,25.72,Ngành Kinh tế quốc tế
123887,QHE,kinh-te-quoc-te,D09,Điểm thi THPT,2025,25.72,Ngành Kinh tế quốc tế
123888,QHE,kinh-te-quoc-te,D10,Điểm thi THPT,2025,25.72,Ngành Kinh tế quốc tế
123889,QHE,kinh-te-quoc-te,X01,Điểm thi THPT,2025,25.72,Ngành Kinh tế quốc tế
123890,QHE,quan-tri-kinh-doanh,A01,Điểm thi THPT,2021,36.2,Quản trị kinh doanh
123891,QHE,quan-tri-kinh-doanh,D01,Điểm thi THPT,2021,36.2,Quản trị kinh doanh
123892,QHE,quan-tri-kinh-doanh,D09,Điểm thi THPT,2021,36.2,Quản trị kinh doanh
123893,QHE,quan-tri-kinh-doanh,D10,Điểm thi THPT,2021,36.2,Quản trị kinh doanh
123894,QHE,quan-tri-kinh-doanh,A01,Điểm thi THPT,2022,33.93,Quản trị kinh doanh
123895,QHE,quan-tri-kinh-doanh,D01,Điểm thi THPT,2022,33.93,Quản trị kinh doanh
123896,QHE,quan-tri-kinh-doanh,D09,Điểm thi THPT,2022,33.93,Quản trị kinh doanh
123897,QHE,quan-tri-kinh-doanh,D10,Điểm thi THPT,2022,33.93,Quản trị kinh doanh
123898,QHE,quan-tri-kinh-doanh,A01,Điểm thi THPT,2023,34.54,Quản trị kinh doanh
123899,QHE,quan-tri-kinh-doanh,D01,Điểm thi THPT,2023,34.54,Quản trị kinh doanh
123900,QHE,quan-tri-kinh-doanh,D09,Điểm thi THPT,2023,34.54,Quản trị kinh doanh
123901,QHE,quan-tri-kinh-doanh,D10,Điểm thi THPT,2023,34.54,Quản trị kinh doanh
123902,QHE,quan-tri-kinh-doanh,A01,Điểm thi THPT,2024,33.33,Quản trị kinh doanh
123903,QHE,quan-tri-kinh-doanh,D01,Điểm thi THPT,2024,33.33,Quản trị kinh doanh
123904,QHE,quan-tri-kinh-doanh,D09,Điểm thi THPT,2024,33.33,Quản trị kinh doanh
123905,QHE,quan-tri-kinh-doanh,D10,Điểm thi THPT,2024,33.33,Quản trị kinh doanh
123906,QHE,quan-tri-kinh-doanh,A01,Điểm học bạ,2025,24.93,Ngành Quản trị kinh doanh
123907,QHE,quan-tri-kinh-doanh,D01,Điểm học bạ,2025,24.93,Ngành Quản trị kinh doanh
123908,QHE,quan-tri-kinh-doanh,D09,Điểm học bạ,2025,24.93,Ngành Quản trị kinh doanh
123909,QHE,quan-tri-kinh-doanh,D10,Điểm học bạ,2025,24.93,Ngành Quản trị kinh doanh
123910,QHE,quan-tri-kinh-doanh,A01,Điểm thi THPT,2025,24.93,Ngành Quản trị kinh doanh
123911,QHE,quan-tri-kinh-doanh,C01,Điểm thi THPT,2025,24.93,Ngành Quản trị kinh doanh
123912,QHE,quan-tri-kinh-doanh,C03,Điểm thi THPT,2025,24.93,Ngành Quản trị kinh doanh
123913,QHE,quan-tri-kinh-doanh,C04,Điểm thi THPT,2025,24.93,Ngành Quản trị kinh doanh
123914,QHE,quan-tri-kinh-doanh,D01,Điểm thi THPT,2025,24.93,Ngành Quản trị kinh doanh
123915,QHE,quan-tri-kinh-doanh,D09,Điểm thi THPT,2025,24.93,Ngành Quản trị kinh doanh
123916,QHE,quan-tri-kinh-doanh,D10,Điểm thi THPT,2025,24.93,Ngành Quản trị kinh doanh
123917,QHE,quan-tri-kinh-doanh,X01,Điểm thi THPT,2025,24.93,Ngành Quản trị kinh doanh
123918,QHE,tai-chinh-ngan-hang,A01,Điểm thi THPT,2021,35.75,Tài chính - ngân hàng
123919,QHE,tai-chinh-ngan-hang,D01,Điểm thi THPT,2021,35.75,Tài chính - ngân hàng
123920,QHE,tai-chinh-ngan-hang,D09,Điểm thi THPT,2021,35.75,Tài chính - ngân hàng
123921,QHE,tai-chinh-ngan-hang,D10,Điểm thi THPT,2021,35.75,Tài chính - ngân hàng
123922,QHE,tai-chinh-ngan-hang,A01,Điểm thi THPT,2022,33.18,Tài chính - Ngân hàng
123923,QHE,tai-chinh-ngan-hang,D01,Điểm thi THPT,2022,33.18,Tài chính - Ngân hàng
123924,QHE,tai-chinh-ngan-hang,D09,Điểm thi THPT,2022,33.18,Tài chính - Ngân hàng
123925,QHE,tai-chinh-ngan-hang,D10,Điểm thi THPT,2022,33.18,Tài chính - Ngân hàng
123926,QHE,tai-chinh-ngan-hang,A01,Điểm thi THPT,2023,34.25,Tài chính - Ngân hàng
123927,QHE,tai-chinh-ngan-hang,D01,Điểm thi THPT,2023,34.25,Tài chính - Ngân hàng
123928,QHE,tai-chinh-ngan-hang,D09,Điểm thi THPT,2023,34.25,Tài chính - Ngân hàng
123929,QHE,tai-chinh-ngan-hang,D10,Điểm thi THPT,2023,34.25,Tài chính - Ngân hàng
123930,QHE,tai-chinh-ngan-hang,A01,Điểm thi THPT,2024,33.62,Tài chính - Ngân hàng
123931,QHE,tai-chinh-ngan-hang,D01,Điểm thi THPT,2024,33.62,Tài chính - Ngân hàng
123932,QHE,tai-chinh-ngan-hang,D09,Điểm thi THPT,2024,33.62,Tài chính - Ngân hàng
123933,QHE,tai-chinh-ngan-hang,D10,Điểm thi THPT,2024,33.62,Tài chính - Ngân hàng
123934,QHE,tai-chinh-ngan-hang,A01,Điểm học bạ,2025,24.25,Ngành Tài chính – Ngân hàng
123935,QHE,tai-chinh-ngan-hang,D01,Điểm học bạ,2025,24.25,Ngành Tài chính – Ngân hàng
123936,QHE,tai-chinh-ngan-hang,D09,Điểm học bạ,2025,24.25,Ngành Tài chính – Ngân hàng
123937,QHE,tai-chinh-ngan-hang,D10,Điểm học bạ,2025,24.25,Ngành Tài chính – Ngân hàng
123938,QHE,tai-chinh-ngan-hang,A01,Điểm thi THPT,2025,24.25,Ngành Tài chính – Ngân hàng
123939,QHE,tai-chinh-ngan-hang,C01,Điểm thi THPT,2025,24.25,Ngành Tài chính – Ngân hàng
123940,QHE,tai-chinh-ngan-hang,C03,Điểm thi THPT,2025,24.25,Ngành Tài chính – Ngân hàng
123941,QHE,tai-chinh-ngan-hang,C04,Điểm thi THPT,2025,24.25,Ngành Tài chính – Ngân hàng
123942,QHE,tai-chinh-ngan-hang,D01,Điểm thi THPT,2025,24.25,Ngành Tài chính – Ngân hàng
123943,QHE,tai-chinh-ngan-hang,D09,Điểm thi THPT,2025,24.25,Ngành Tài chính – Ngân hàng
123944,QHE,tai-chinh-ngan-hang,D10,Điểm thi THPT,2025,24.25,Ngành Tài chính – Ngân hàng
123945,QHE,tai-chinh-ngan-hang,X01,Điểm thi THPT,2025,24.25,Ngành Tài chính – Ngân hàng
123946,QHF,kinh-te-tai-chinh,A01,Điểm thi THPT,2021,26.0,Kinh tế – Tài chính**
123947,QHF,kinh-te-tai-chinh,D01,Điểm thi THPT,2021,26.0,Kinh tế – Tài chính**
123948,QHF,kinh-te-tai-chinh,D78,Điểm thi THPT,2021,26.0,Kinh tế – Tài chính**
123949,QHF,kinh-te-tai-chinh,D90,Điểm thi THPT,2021,26.0,Kinh tế – Tài chính**
123950,QHF,kinh-te-tai-chinh,A01,Điểm thi THPT,2022,24.97,Kinh tế - Tài chính (CTĐT LKQT do nước ngoài cấp bằng)
123951,QHF,kinh-te-tai-chinh,D01,Điểm thi THPT,2022,24.97,Kinh tế - Tài chính (CTĐT LKQT do nước ngoài cấp bằng)
123952,QHF,kinh-te-tai-chinh,D78,Điểm thi THPT,2022,24.97,Kinh tế - Tài chính (CTĐT LKQT do nước ngoài cấp bằng)
123953,QHF,kinh-te-tai-chinh,D90,Điểm thi THPT,2022,24.97,Kinh tế - Tài chính (CTĐT LKQT do nước ngoài cấp bằng)
123954,QHF,kinh-te-tai-chinh,A01,Điểm thi THPT,2023,26.68,Kinh tế - Tài chính (CTĐT LTQT)
123955,QHF,kinh-te-tai-chinh,D01,Điểm thi THPT,2023,26.68,Kinh tế - Tài chính (CTĐT LTQT)
123956,QHF,kinh-te-tai-chinh,D78,Điểm thi THPT,2023,26.68,Kinh tế - Tài chính (CTĐT LTQT)
123957,QHF,kinh-te-tai-chinh,D90,Điểm thi THPT,2023,26.68,Kinh tế - Tài chính (CTĐT LTQT)
123958,QHF,kinh-te-tai-chinh,A01,Điểm thi THPT,2024,26.75,Kinh tế - Tài chính
123959,QHF,kinh-te-tai-chinh,D01,Điểm thi THPT,2024,26.75,Kinh tế - Tài chính
123960,QHF,kinh-te-tai-chinh,D14,Điểm thi THPT,2024,26.75,Kinh tế - Tài chính
123961,QHF,kinh-te-tai-chinh,D78,Điểm thi THPT,2024,26.75,Kinh tế - Tài chính
123962,QHF,kinh-te-tai-chinh,A01,Điểm thi THPT,2025,15.06,Kinh tế - Tài chính
123963,QHF,kinh-te-tai-chinh,D01,Điểm thi THPT,2025,15.06,Kinh tế - Tài chính
123964,QHF,kinh-te-tai-chinh,D07,Điểm thi THPT,2025,15.06,Kinh tế - Tài chính
123965,QHF,kinh-te-tai-chinh,D08,Điểm thi THPT,2025,15.06,Kinh tế - Tài chính
123966,QHF,kinh-te-tai-chinh,D14,Điểm thi THPT,2025,15.06,Kinh tế - Tài chính
123967,QHF,kinh-te-tai-chinh,D15,Điểm thi THPT,2025,15.06,Kinh tế - Tài chính
123968,QHF,ngon-ngu-a-rap,D01,Điểm thi THPT,2021,34.0,Ngôn ngữ Ả Rập
123969,QHF,ngon-ngu-a-rap,D78,Điểm thi THPT,2021,34.0,Ngôn ngữ Ả Rập
123970,QHF,ngon-ngu-a-rap,D90,Điểm thi THPT,2021,34.0,Ngôn ngữ Ả Rập
123971,QHF,ngon-ngu-a-rap,D01,Điểm thi THPT,2022,30.49,Ngôn ngữ Ả Rập
123972,QHF,ngon-ngu-a-rap,D78,Điểm thi THPT,2022,30.49,Ngôn ngữ Ả Rập
123973,QHF,ngon-ngu-a-rap,D90,Điểm thi THPT,2022,30.49,Ngôn ngữ Ả Rập
123974,QHF,ngon-ngu-a-rap,D01,Điểm thi THPT,2023,33.04,Ngôn ngữ Ả Rập
123975,QHF,ngon-ngu-a-rap,D78,Điểm thi THPT,2023,33.04,Ngôn ngữ Ả Rập
123976,QHF,ngon-ngu-a-rap,D90,Điểm thi THPT,2023,33.04,Ngôn ngữ Ả Rập
123977,QHF,ngon-ngu-a-rap,D01,Điểm thi THPT,2024,33.42,Ngôn ngữ Ả Rập
123978,QHF,ngon-ngu-a-rap,D14,Điểm thi THPT,2024,33.42,Ngôn ngữ Ả Rập
123979,QHF,ngon-ngu-a-rap,D78,Điểm thi THPT,2024,33.42,Ngôn ngữ Ả Rập
123980,QHF,ngon-ngu-a-rap,D90,Điểm thi THPT,2024,33.42,Ngôn ngữ Ả Rập
123981,QHF,ngon-ngu-a-rap,A01,Điểm thi THPT,2025,21.88,Ngôn ngữ Ả Rập
123982,QHF,ngon-ngu-a-rap,D01,Điểm thi THPT,2025,21.88,Ngôn ngữ Ả Rập
123983,QHF,ngon-ngu-a-rap,D07,Điểm thi THPT,2025,21.88,Ngôn ngữ Ả Rập
123984,QHF,ngon-ngu-a-rap,D08,Điểm thi THPT,2025,21.88,Ngôn ngữ Ả Rập
123985,QHF,ngon-ngu-a-rap,D14,Điểm thi THPT,2025,21.88,Ngôn ngữ Ả Rập
123986,QHF,ngon-ngu-a-rap,D15,Điểm thi THPT,2025,21.88,Ngôn ngữ Ả Rập
123987,QHF,ngon-ngu-anh,D01,Điểm thi THPT,2022,35.57,Ngôn ngữ Anh
123988,QHF,ngon-ngu-anh,D78,Điểm thi THPT,2022,35.57,Ngôn ngữ Anh
123989,QHF,ngon-ngu-anh,D90,Điểm thi THPT,2022,35.57,Ngôn ngữ Anh
123990,QHF,ngon-ngu-anh,D01,Điểm thi THPT,2023,35.55,Ngôn ngữ Anh
123991,QHF,ngon-ngu-anh,D78,Điểm thi THPT,2023,35.55,Ngôn ngữ Anh
123992,QHF,ngon-ngu-anh,D90,Điểm thi THPT,2023,35.55,Ngôn ngữ Anh
123993,QHF,ngon-ngu-anh,D01,Điểm thi THPT,2024,36.99,Ngôn ngữ Anh
123994,QHF,ngon-ngu-anh,D14,Điểm thi THPT,2024,36.99,Ngôn ngữ Anh
123995,QHF,ngon-ngu-anh,D78,Điểm thi THPT,2024,36.99,Ngôn ngữ Anh
123996,QHF,ngon-ngu-anh,D90,Điểm thi THPT,2024,36.99,Ngôn ngữ Anh
123997,QHF,ngon-ngu-anh,A01,Điểm thi THPT,2025,26.85,Ngôn ngữ Anh
123998,QHF,ngon-ngu-anh,D01,Điểm thi THPT,2025,26.85,Ngôn ngữ Anh
123999,QHF,ngon-ngu-anh,D07,Điểm thi THPT,2025,26.85,Ngôn ngữ Anh
124000,QHF,ngon-ngu-anh,D08,Điểm thi THPT,2025,26.85,Ngôn ngữ Anh
124001,QHF,ngon-ngu-anh,D14,Điểm thi THPT,2025,26.85,Ngôn ngữ Anh
124002,QHF,ngon-ngu-anh,D15,Điểm thi THPT,2025,26.85,Ngôn ngữ Anh
124003,QHF,ngon-ngu-anh-ctdt-clc,D01,Điểm thi THPT,2021,36.9,Ngôn ngữ Anh CTĐT CLC
124004,QHF,ngon-ngu-anh-ctdt-clc,D78,Điểm thi THPT,2021,36.9,Ngôn ngữ Anh CTĐT CLC
124005,QHF,ngon-ngu-anh-ctdt-clc,D90,Điểm thi THPT,2021,36.9,Ngôn ngữ Anh CTĐT CLC
124006,QHF,ngon-ngu-duc,D01,Điểm thi THPT,2022,32.83,Ngôn ngữ Đức
124007,QHF,ngon-ngu-duc,D05,Điểm thi THPT,2022,32.83,Ngôn ngữ Đức
124008,QHF,ngon-ngu-duc,D78,Điểm thi THPT,2022,32.83,Ngôn ngữ Đức
124009,QHF,ngon-ngu-duc,D90,Điểm thi THPT,2022,32.83,Ngôn ngữ Đức
124010,QHF,ngon-ngu-duc,D01,Điểm thi THPT,2023,34.35,Ngôn ngữ Đức
124011,QHF,ngon-ngu-duc,D05,Điểm thi THPT,2023,34.35,Ngôn ngữ Đức
124012,QHF,ngon-ngu-duc,D78,Điểm thi THPT,2023,34.35,Ngôn ngữ Đức
124013,QHF,ngon-ngu-duc,D90,Điểm thi THPT,2023,34.35,Ngôn ngữ Đức
124014,QHF,ngon-ngu-duc,D01,Điểm thi THPT,2024,35.82,Ngôn ngữ Đức
124015,QHF,ngon-ngu-duc,D05,Điểm thi THPT,2024,35.82,Ngôn ngữ Đức
124016,QHF,ngon-ngu-duc,D78,Điểm thi THPT,2024,35.82,Ngôn ngữ Đức
124017,QHF,ngon-ngu-duc,D90,Điểm thi THPT,2024,35.82,Ngôn ngữ Đức
124018,QHF,ngon-ngu-duc,A01,Điểm thi THPT,2025,24.56,Ngôn ngữ Đức
124019,QHF,ngon-ngu-duc,D01,Điểm thi THPT,2025,24.56,Ngôn ngữ Đức
124020,QHF,ngon-ngu-duc,D05,Điểm thi THPT,2025,24.56,Ngôn ngữ Đức
124021,QHF,ngon-ngu-duc,D07,Điểm thi THPT,2025,24.56,Ngôn ngữ Đức
124022,QHF,ngon-ngu-duc,D08,Điểm thi THPT,2025,24.56,Ngôn ngữ Đức
124023,QHF,ngon-ngu-duc,D14,Điểm thi THPT,2025,24.56,Ngôn ngữ Đức
124024,QHF,ngon-ngu-duc,D15,Điểm thi THPT,2025,24.56,Ngôn ngữ Đức
124025,QHF,ngon-ngu-duc,D21,Điểm thi THPT,2025,24.56,Ngôn ngữ Đức
124026,QHF,ngon-ngu-duc,D26,Điểm thi THPT,2025,24.56,Ngôn ngữ Đức
124027,QHF,ngon-ngu-duc,D31,Điểm thi THPT,2025,24.56,Ngôn ngữ Đức
124028,QHF,ngon-ngu-duc,D41,Điểm thi THPT,2025,24.56,Ngôn ngữ Đức
124029,QHF,ngon-ngu-duc,D61,Điểm thi THPT,2025,24.56,Ngôn ngữ Đức
124030,QHF,ngon-ngu-duc-ctdt-clc,D01,Điểm thi THPT,2021,35.92,Ngôn ngữ Đức CTĐT CLC
124031,QHF,ngon-ngu-duc-ctdt-clc,D05,Điểm thi THPT,2021,35.92,Ngôn ngữ Đức CTĐT CLC
124032,QHF,ngon-ngu-duc-ctdt-clc,D78,Điểm thi THPT,2021,35.92,Ngôn ngữ Đức CTĐT CLC
124033,QHF,ngon-ngu-duc-ctdt-clc,D90,Điểm thi THPT,2021,35.92,Ngôn ngữ Đức CTĐT CLC
124034,QHF,ngon-ngu-han-quoc,D01,Điểm thi THPT,2022,34.92,Ngôn ngữ Hàn Quốc
124035,QHF,ngon-ngu-han-quoc,D78,Điểm thi THPT,2022,34.92,Ngôn ngữ Hàn Quốc
124036,QHF,ngon-ngu-han-quoc,D90,Điểm thi THPT,2022,34.92,Ngôn ngữ Hàn Quốc
124037,QHF,ngon-ngu-han-quoc,D01,Điểm thi THPT,2023,35.4,Ngôn ngữ Hàn Quốc
124038,QHF,ngon-ngu-han-quoc,D78,Điểm thi THPT,2023,35.4,Ngôn ngữ Hàn Quốc
124039,QHF,ngon-ngu-han-quoc,D90,Điểm thi THPT,2023,35.4,Ngôn ngữ Hàn Quốc
124040,QHF,ngon-ngu-han-quoc,D01,Điểm thi THPT,2024,36.38,Ngôn ngữ Hàn Quốc
124041,QHF,ngon-ngu-han-quoc,D78,Điểm thi THPT,2024,36.38,Ngôn ngữ Hàn Quốc
124042,QHF,ngon-ngu-han-quoc,D90,Điểm thi THPT,2024,36.38,Ngôn ngữ Hàn Quốc
124043,QHF,ngon-ngu-han-quoc,A01,Điểm thi THPT,2025,24.69,Ngôn ngữ Hàn Quốc
124044,QHF,ngon-ngu-han-quoc,D01,Điểm thi THPT,2025,24.69,Ngôn ngữ Hàn Quốc
124045,QHF,ngon-ngu-han-quoc,D07,Điểm thi THPT,2025,24.69,Ngôn ngữ Hàn Quốc
124046,QHF,ngon-ngu-han-quoc,D08,Điểm thi THPT,2025,24.69,Ngôn ngữ Hàn Quốc
124047,QHF,ngon-ngu-han-quoc,D14,Điểm thi THPT,2025,24.69,Ngôn ngữ Hàn Quốc
124048,QHF,ngon-ngu-han-quoc,D15,Điểm thi THPT,2025,24.69,Ngôn ngữ Hàn Quốc
124049,QHF,ngon-ngu-han-quoc-ctdt-clc,D01,Điểm thi THPT,2021,36.83,Ngôn ngữ Hàn Quốc CTĐT CLC
124050,QHF,ngon-ngu-han-quoc-ctdt-clc,D78,Điểm thi THPT,2021,36.83,Ngôn ngữ Hàn Quốc CTĐT CLC
124051,QHF,ngon-ngu-han-quoc-ctdt-clc,D90,Điểm thi THPT,2021,36.83,Ngôn ngữ Hàn Quốc CTĐT CLC
124052,QHF,ngon-ngu-nga,D01,Điểm thi THPT,2021,35.19,Ngôn ngữ Nga
124053,QHF,ngon-ngu-nga,D02,Điểm thi THPT,2021,35.19,Ngôn ngữ Nga
124054,QHF,ngon-ngu-nga,D78,Điểm thi THPT,2021,35.19,Ngôn ngữ Nga
124055,QHF,ngon-ngu-nga,D90,Điểm thi THPT,2021,35.19,Ngôn ngữ Nga
124056,QHF,ngon-ngu-nga,D01,Điểm thi THPT,2022,31.2,Ngôn ngữ Nga
124057,QHF,ngon-ngu-nga,D02,Điểm thi THPT,2022,31.2,Ngôn ngữ Nga
124058,QHF,ngon-ngu-nga,D78,Điểm thi THPT,2022,31.2,Ngôn ngữ Nga
124059,QHF,ngon-ngu-nga,D90,Điểm thi THPT,2022,31.2,Ngôn ngữ Nga
124060,QHF,ngon-ngu-nga,D01,Điểm thi THPT,2023,33.3,Ngôn ngữ Nga
124061,QHF,ngon-ngu-nga,D02,Điểm thi THPT,2023,33.3,Ngôn ngữ Nga
124062,QHF,ngon-ngu-nga,D78,Điểm thi THPT,2023,33.3,Ngôn ngữ Nga
124063,QHF,ngon-ngu-nga,D90,Điểm thi THPT,2023,33.3,Ngôn ngữ Nga
124064,QHF,ngon-ngu-nga,D01,Điểm thi THPT,2024,34.24,Ngôn ngữ Nga
124065,QHF,ngon-ngu-nga,D02,Điểm thi THPT,2024,34.24,Ngôn ngữ Nga
124066,QHF,ngon-ngu-nga,D78,Điểm thi THPT,2024,34.24,Ngôn ngữ Nga
124067,QHF,ngon-ngu-nga,D90,Điểm thi THPT,2024,34.24,Ngôn ngữ Nga
124068,QHF,ngon-ngu-nga,A01,Điểm thi THPT,2025,22.6,Ngôn ngữ Nga
124069,QHF,ngon-ngu-nga,D01,Điểm thi THPT,2025,22.6,Ngôn ngữ Nga
124070,QHF,ngon-ngu-nga,D02,Điểm thi THPT,2025,22.6,Ngôn ngữ Nga
124071,QHF,ngon-ngu-nga,D07,Điểm thi THPT,2025,22.6,Ngôn ngữ Nga
124072,QHF,ngon-ngu-nga,D08,Điểm thi THPT,2025,22.6,Ngôn ngữ Nga
124073,QHF,ngon-ngu-nga,D14,Điểm thi THPT,2025,22.6,Ngôn ngữ Nga
124074,QHF,ngon-ngu-nga,D15,Điểm thi THPT,2025,22.6,Ngôn ngữ Nga
124075,QHF,ngon-ngu-nga,D22,Điểm thi THPT,2025,22.6,Ngôn ngữ Nga
124076,QHF,ngon-ngu-nga,D27,Điểm thi THPT,2025,22.6,Ngôn ngữ Nga
124077,QHF,ngon-ngu-nga,D32,Điểm thi THPT,2025,22.6,Ngôn ngữ Nga
124078,QHF,ngon-ngu-nga,D42,Điểm thi THPT,2025,22.6,Ngôn ngữ Nga
124079,QHF,ngon-ngu-nga,D62,Điểm thi THPT,2025,22.6,Ngôn ngữ Nga
124080,QHF,ngon-ngu-nhat,D01,Điểm thi THPT,2022,34.23,Ngôn ngữ Nhật
124081,QHF,ngon-ngu-nhat,D06,Điểm thi THPT,2022,34.23,Ngôn ngữ Nhật
124082,QHF,ngon-ngu-nhat,D78,Điểm thi THPT,2022,34.23,Ngôn ngữ Nhật
124083,QHF,ngon-ngu-nhat,D90,Điểm thi THPT,2022,34.23,Ngôn ngữ Nhật
124084,QHF,ngon-ngu-nhat,D01,Điểm thi THPT,2023,34.65,Ngôn ngữ Nhật
124085,QHF,ngon-ngu-nhat,D06,Điểm thi THPT,2023,34.65,Ngôn ngữ Nhật
124086,QHF,ngon-ngu-nhat,D78,Điểm thi THPT,2023,34.65,Ngôn ngữ Nhật
124087,QHF,ngon-ngu-nhat,D90,Điểm thi THPT,2023,34.65,Ngôn ngữ Nhật
124088,QHF,ngon-ngu-nhat,D01,Điểm thi THPT,2024,35.4,Ngôn ngữ Nhật
124089,QHF,ngon-ngu-nhat,D06,Điểm thi THPT,2024,35.4,Ngôn ngữ Nhật
124090,QHF,ngon-ngu-nhat,D78,Điểm thi THPT,2024,35.4,Ngôn ngữ Nhật
124091,QHF,ngon-ngu-nhat,D90,Điểm thi THPT,2024,35.4,Ngôn ngữ Nhật
124092,QHF,ngon-ngu-nhat,A01,Điểm thi THPT,2025,23.93,Ngôn ngữ Nhật
124093,QHF,ngon-ngu-nhat,D01,Điểm thi THPT,2025,23.93,Ngôn ngữ Nhật
124094,QHF,ngon-ngu-nhat,D06,Điểm thi THPT,2025,23.93,Ngôn ngữ Nhật
124095,QHF,ngon-ngu-nhat,D07,Điểm thi THPT,2025,23.93,Ngôn ngữ Nhật
124096,QHF,ngon-ngu-nhat,D08,Điểm thi THPT,2025,23.93,Ngôn ngữ Nhật
124097,QHF,ngon-ngu-nhat,D14,Điểm thi THPT,2025,23.93,Ngôn ngữ Nhật
124098,QHF,ngon-ngu-nhat,D15,Điểm thi THPT,2025,23.93,Ngôn ngữ Nhật
124099,QHF,ngon-ngu-nhat,D23,Điểm thi THPT,2025,23.93,Ngôn ngữ Nhật
124100,QHF,ngon-ngu-nhat,D28,Điểm thi THPT,2025,23.93,Ngôn ngữ Nhật
124101,QHF,ngon-ngu-nhat,D33,Điểm thi THPT,2025,23.93,Ngôn ngữ Nhật
124102,QHF,ngon-ngu-nhat,D43,Điểm thi THPT,2025,23.93,Ngôn ngữ Nhật
124103,QHF,ngon-ngu-nhat,D63,Điểm thi THPT,2025,23.93,Ngôn ngữ Nhật
124104,QHF,ngon-ngu-nhat-ctdt-clc,D01,Điểm thi THPT,2021,36.53,Ngôn ngữ Nhật CTĐT CLC
124105,QHF,ngon-ngu-nhat-ctdt-clc,D06,Điểm thi THPT,2021,36.53,Ngôn ngữ Nhật CTĐT CLC
124106,QHF,ngon-ngu-nhat-ctdt-clc,D78,Điểm thi THPT,2021,36.53,Ngôn ngữ Nhật CTĐT CLC
124107,QHF,ngon-ngu-nhat-ctdt-clc,D90,Điểm thi THPT,2021,36.53,Ngôn ngữ Nhật CTĐT CLC
124108,QHF,ngon-ngu-phap,D01,Điểm thi THPT,2022,32.99,Ngôn ngữ Pháp
124109,QHF,ngon-ngu-phap,D03,Điểm thi THPT,2022,32.99,Ngôn ngữ Pháp
124110,QHF,ngon-ngu-phap,D78,Điểm thi THPT,2022,32.99,Ngôn ngữ Pháp
124111,QHF,ngon-ngu-phap,D90,Điểm thi THPT,2022,32.99,Ngôn ngữ Pháp
124112,QHF,ngon-ngu-phap,D01,Điểm thi THPT,2023,34.12,Ngôn ngữ Pháp
124113,QHF,ngon-ngu-phap,D03,Điểm thi THPT,2023,34.12,Ngôn ngữ Pháp
124114,QHF,ngon-ngu-phap,D78,Điểm thi THPT,2023,34.12,Ngôn ngữ Pháp
124115,QHF,ngon-ngu-phap,D90,Điểm thi THPT,2023,34.12,Ngôn ngữ Pháp
124116,QHF,ngon-ngu-phap,D01,Điểm thi THPT,2024,34.53,Ngôn ngữ Pháp
124117,QHF,ngon-ngu-phap,D03,Điểm thi THPT,2024,34.53,Ngôn ngữ Pháp
124118,QHF,ngon-ngu-phap,D78,Điểm thi THPT,2024,34.53,Ngôn ngữ Pháp
124119,QHF,ngon-ngu-phap,D90,Điểm thi THPT,2024,34.53,Ngôn ngữ Pháp
124120,QHF,ngon-ngu-phap,A01,Điểm thi THPT,2025,23.47,Ngôn ngữ Pháp
124121,QHF,ngon-ngu-phap,D01,Điểm thi THPT,2025,23.47,Ngôn ngữ Pháp
124122,QHF,ngon-ngu-phap,D03,Điểm thi THPT,2025,23.47,Ngôn ngữ Pháp
124123,QHF,ngon-ngu-phap,D07,Điểm thi THPT,2025,23.47,Ngôn ngữ Pháp
124124,QHF,ngon-ngu-phap,D08,Điểm thi THPT,2025,23.47,Ngôn ngữ Pháp
124125,QHF,ngon-ngu-phap,D14,Điểm thi THPT,2025,23.47,Ngôn ngữ Pháp
124126,QHF,ngon-ngu-phap,D15,Điểm thi THPT,2025,23.47,Ngôn ngữ Pháp
124127,QHF,ngon-ngu-phap,D24,Điểm thi THPT,2025,23.47,Ngôn ngữ Pháp
124128,QHF,ngon-ngu-phap,D29,Điểm thi THPT,2025,23.47,Ngôn ngữ Pháp
124129,QHF,ngon-ngu-phap,D34,Điểm thi THPT,2025,23.47,Ngôn ngữ Pháp
124130,QHF,ngon-ngu-phap,D44,Điểm thi THPT,2025,23.47,Ngôn ngữ Pháp
124131,QHF,ngon-ngu-phap,D64,Điểm thi THPT,2025,23.47,Ngôn ngữ Pháp
124132,QHF,ngon-ngu-phap-ctdt-clc,D01,Điểm thi THPT,2021,35.77,Ngôn ngữ Pháp CTĐT CLC
124133,QHF,ngon-ngu-phap-ctdt-clc,D03,Điểm thi THPT,2021,35.77,Ngôn ngữ Pháp CTĐT CLC
124134,QHF,ngon-ngu-phap-ctdt-clc,D78,Điểm thi THPT,2021,35.77,Ngôn ngữ Pháp CTĐT CLC
124135,QHF,ngon-ngu-phap-ctdt-clc,D90,Điểm thi THPT,2021,35.77,Ngôn ngữ Pháp CTĐT CLC
124136,QHF,ngon-ngu-trung-quoc,D01,Điểm thi THPT,2022,35.32,Ngôn ngữ Trung Quốc
124137,QHF,ngon-ngu-trung-quoc,D04,Điểm thi THPT,2022,35.32,Ngôn ngữ Trung Quốc
124138,QHF,ngon-ngu-trung-quoc,D78,Điểm thi THPT,2022,35.32,Ngôn ngữ Trung Quốc
124139,QHF,ngon-ngu-trung-quoc,D90,Điểm thi THPT,2022,35.32,Ngôn ngữ Trung Quốc
124140,QHF,ngon-ngu-trung-quoc,D01,Điểm thi THPT,2023,35.55,Ngôn ngữ Trung Quốc
124141,QHF,ngon-ngu-trung-quoc,D04,Điểm thi THPT,2023,35.55,Ngôn ngữ Trung Quốc
124142,QHF,ngon-ngu-trung-quoc,D78,Điểm thi THPT,2023,35.55,Ngôn ngữ Trung Quốc
124143,QHF,ngon-ngu-trung-quoc,D90,Điểm thi THPT,2023,35.55,Ngôn ngữ Trung Quốc
124144,QHF,ngon-ngu-trung-quoc,D01,Điểm thi THPT,2024,37.0,Ngôn ngữ Trung Quốc
124145,QHF,ngon-ngu-trung-quoc,D04,Điểm thi THPT,2024,37.0,Ngôn ngữ Trung Quốc
124146,QHF,ngon-ngu-trung-quoc,D78,Điểm thi THPT,2024,37.0,Ngôn ngữ Trung Quốc
124147,QHF,ngon-ngu-trung-quoc,D90,Điểm thi THPT,2024,37.0,Ngôn ngữ Trung Quốc
124148,QHF,ngon-ngu-trung-quoc,A01,Điểm thi THPT,2025,27.03,Ngôn ngữ Trung Quốc
124149,QHF,ngon-ngu-trung-quoc,D01,Điểm thi THPT,2025,27.03,Ngôn ngữ Trung Quốc
124150,QHF,ngon-ngu-trung-quoc,D04,Điểm thi THPT,2025,27.03,Ngôn ngữ Trung Quốc
124151,QHF,ngon-ngu-trung-quoc,D07,Điểm thi THPT,2025,27.03,Ngôn ngữ Trung Quốc
124152,QHF,ngon-ngu-trung-quoc,D08,Điểm thi THPT,2025,27.03,Ngôn ngữ Trung Quốc
124153,QHF,ngon-ngu-trung-quoc,D14,Điểm thi THPT,2025,27.03,Ngôn ngữ Trung Quốc
124154,QHF,ngon-ngu-trung-quoc,D15,Điểm thi THPT,2025,27.03,Ngôn ngữ Trung Quốc
124155,QHF,ngon-ngu-trung-quoc,D25,Điểm thi THPT,2025,27.03,Ngôn ngữ Trung Quốc
124156,QHF,ngon-ngu-trung-quoc,D30,Điểm thi THPT,2025,27.03,Ngôn ngữ Trung Quốc
124157,QHF,ngon-ngu-trung-quoc,D35,Điểm thi THPT,2025,27.03,Ngôn ngữ Trung Quốc
124158,QHF,ngon-ngu-trung-quoc,D45,Điểm thi THPT,2025,27.03,Ngôn ngữ Trung Quốc
124159,QHF,ngon-ngu-trung-quoc,D65,Điểm thi THPT,2025,27.03,Ngôn ngữ Trung Quốc
124160,QHF,ngon-ngu-trung-quoc-ctdt-clc,D01,Điểm thi THPT,2021,37.13,Ngôn ngữ Trung Quốc CTĐT CLC
124161,QHF,ngon-ngu-trung-quoc-ctdt-clc,D04,Điểm thi THPT,2021,37.13,Ngôn ngữ Trung Quốc CTĐT CLC
124162,QHF,ngon-ngu-trung-quoc-ctdt-clc,D78,Điểm thi THPT,2021,37.13,Ngôn ngữ Trung Quốc CTĐT CLC
124163,QHF,ngon-ngu-trung-quoc-ctdt-clc,D90,Điểm thi THPT,2021,37.13,Ngôn ngữ Trung Quốc CTĐT CLC
124164,QHF,su-pham-tieng-anh,D01,Điểm thi THPT,2021,38.45,Sư phạm tiếng Anh
124165,QHF,su-pham-tieng-anh,D78,Điểm thi THPT,2021,38.45,Sư phạm tiếng Anh
124166,QHF,su-pham-tieng-anh,D90,Điểm thi THPT,2021,38.45,Sư phạm tiếng Anh
124167,QHF,su-pham-tieng-anh,D01,Điểm thi THPT,2022,38.1,Sư phạm tiếng Anh
124168,QHF,su-pham-tieng-anh,D78,Điểm thi THPT,2022,38.1,Sư phạm tiếng Anh
124169,QHF,su-pham-tieng-anh,D90,Điểm thi THPT,2022,38.1,Sư phạm tiếng Anh
124170,QHF,su-pham-tieng-anh,D01,Điểm thi THPT,2023,37.21,Sư phạm tiếng Anh
124171,QHF,su-pham-tieng-anh,D78,Điểm thi THPT,2023,37.21,Sư phạm tiếng Anh
124172,QHF,su-pham-tieng-anh,D90,Điểm thi THPT,2023,37.21,Sư phạm tiếng Anh
124173,QHF,su-pham-tieng-anh,D01,Điểm thi THPT,2024,38.45,Sư phạm tiếng Anh
124174,QHF,su-pham-tieng-anh,D14,Điểm thi THPT,2024,38.45,Sư phạm tiếng Anh
124175,QHF,su-pham-tieng-anh,D78,Điểm thi THPT,2024,38.45,Sư phạm tiếng Anh
124176,QHF,su-pham-tieng-anh,D90,Điểm thi THPT,2024,38.45,Sư phạm tiếng Anh
124177,QHF,su-pham-tieng-anh,A01,Điểm thi THPT,2025,30.0,Sư phạm tiếng Anh
124178,QHF,su-pham-tieng-anh,D01,Điểm thi THPT,2025,30.0,Sư phạm tiếng Anh
124179,QHF,su-pham-tieng-anh,D07,Điểm thi THPT,2025,30.0,Sư phạm tiếng Anh
124180,QHF,su-pham-tieng-anh,D08,Điểm thi THPT,2025,30.0,Sư phạm tiếng Anh
124181,QHF,su-pham-tieng-anh,D14,Điểm thi THPT,2025,30.0,Sư phạm tiếng Anh
124182,QHF,su-pham-tieng-anh,D15,Điểm thi THPT,2025,30.0,Sư phạm tiếng Anh
124183,QHF,su-pham-tieng-duc,D01,Điểm thi THPT,2022,32.98,Sư phạm tiếng Đức
124184,QHF,su-pham-tieng-duc,D05,Điểm thi THPT,2022,32.98,Sư phạm tiếng Đức
124185,QHF,su-pham-tieng-duc,D78,Điểm thi THPT,2022,32.98,Sư phạm tiếng Đức
124186,QHF,su-pham-tieng-duc,D90,Điểm thi THPT,2022,32.98,Sư phạm tiếng Đức
124187,QHF,su-pham-tieng-duc,D01,Điểm thi THPT,2024,36.94,Sư phạm tiếng Đức
124188,QHF,su-pham-tieng-duc,D05,Điểm thi THPT,2024,36.94,Sư phạm tiếng Đức
124189,QHF,su-pham-tieng-duc,D78,Điểm thi THPT,2024,36.94,Sư phạm tiếng Đức
124190,QHF,su-pham-tieng-duc,D90,Điểm thi THPT,2024,36.94,Sư phạm tiếng Đức
124191,QHF,su-pham-tieng-han-quoc,D01,Điểm thi THPT,2021,37.7,Sư phạm tiếng Hàn Quốc
124192,QHF,su-pham-tieng-han-quoc,D78,Điểm thi THPT,2021,37.7,Sư phạm tiếng Hàn Quốc
124193,QHF,su-pham-tieng-han-quoc,D90,Điểm thi THPT,2021,37.7,Sư phạm tiếng Hàn Quốc
124194,QHF,su-pham-tieng-han-quoc,D01,Điểm thi THPT,2022,35.92,Sư phạm tiếng Hàn Quốc
124195,QHF,su-pham-tieng-han-quoc,D78,Điểm thi THPT,2022,35.92,Sư phạm tiếng Hàn Quốc
124196,QHF,su-pham-tieng-han-quoc,D90,Điểm thi THPT,2022,35.92,Sư phạm tiếng Hàn Quốc
124197,QHF,su-pham-tieng-han-quoc,D01,Điểm thi THPT,2023,36.23,Sư phạm tiếng Hàn Quốc
124198,QHF,su-pham-tieng-han-quoc,D78,Điểm thi THPT,2023,36.23,Sư phạm tiếng Hàn Quốc
124199,QHF,su-pham-tieng-han-quoc,D90,Điểm thi THPT,2023,36.23,Sư phạm tiếng Hàn Quốc
124200,QHF,su-pham-tieng-han-quoc,D01,Điểm thi THPT,2024,37.31,Sư phạm tiếng Hàn Quốc
124201,QHF,su-pham-tieng-han-quoc,D78,Điểm thi THPT,2024,37.31,Sư phạm tiếng Hàn Quốc
124202,QHF,su-pham-tieng-han-quoc,D90,Điểm thi THPT,2024,37.31,Sư phạm tiếng Hàn Quốc
124203,QHF,su-pham-tieng-han-quoc,A01,Điểm thi THPT,2025,27.81,Sư phạm tiếng Hàn Quốc
124204,QHF,su-pham-tieng-han-quoc,D01,Điểm thi THPT,2025,27.81,Sư phạm tiếng Hàn Quốc
124205,QHF,su-pham-tieng-han-quoc,D07,Điểm thi THPT,2025,27.81,Sư phạm tiếng Hàn Quốc
124206,QHF,su-pham-tieng-han-quoc,D08,Điểm thi THPT,2025,27.81,Sư phạm tiếng Hàn Quốc
124207,QHF,su-pham-tieng-han-quoc,D14,Điểm thi THPT,2025,27.81,Sư phạm tiếng Hàn Quốc
124208,QHF,su-pham-tieng-han-quoc,D15,Điểm thi THPT,2025,27.81,Sư phạm tiếng Hàn Quốc
124209,QHF,su-pham-tieng-nhat,D01,Điểm thi THPT,2021,37.33,Sư phạm tiếng Nhật
124210,QHF,su-pham-tieng-nhat,D06,Điểm thi THPT,2021,37.33,Sư phạm tiếng Nhật
124211,QHF,su-pham-tieng-nhat,D78,Điểm thi THPT,2021,37.33,Sư phạm tiếng Nhật
124212,QHF,su-pham-tieng-nhat,D90,Điểm thi THPT,2021,37.33,Sư phạm tiếng Nhật
124213,QHF,su-pham-tieng-nhat,D01,Điểm thi THPT,2022,35.27,Sư phạm tiếng Nhật
124214,QHF,su-pham-tieng-nhat,D06,Điểm thi THPT,2022,35.27,Sư phạm tiếng Nhật
124215,QHF,su-pham-tieng-nhat,D78,Điểm thi THPT,2022,35.27,Sư phạm tiếng Nhật
124216,QHF,su-pham-tieng-nhat,D90,Điểm thi THPT,2022,35.27,Sư phạm tiếng Nhật
124217,QHF,su-pham-tieng-nhat,D01,Điểm thi THPT,2023,35.61,Sư phạm tiếng Nhật
124218,QHF,su-pham-tieng-nhat,D06,Điểm thi THPT,2023,35.61,Sư phạm tiếng Nhật
124219,QHF,su-pham-tieng-nhat,D78,Điểm thi THPT,2023,35.61,Sư phạm tiếng Nhật
124220,QHF,su-pham-tieng-nhat,D90,Điểm thi THPT,2023,35.61,Sư phạm tiếng Nhật
124221,QHF,su-pham-tieng-nhat,D01,Điểm thi THPT,2024,37.21,Sư phạm tiếng Nhật
124222,QHF,su-pham-tieng-nhat,D06,Điểm thi THPT,2024,37.21,Sư phạm tiếng Nhật
124223,QHF,su-pham-tieng-nhat,D78,Điểm thi THPT,2024,37.21,Sư phạm tiếng Nhật
124224,QHF,su-pham-tieng-nhat,D90,Điểm thi THPT,2024,37.21,Sư phạm tiếng Nhật
124225,QHF,su-pham-tieng-nhat,A01,Điểm thi THPT,2025,28.1,Sư phạm tiếng Nhật
124226,QHF,su-pham-tieng-nhat,D01,Điểm thi THPT,2025,28.1,Sư phạm tiếng Nhật
124227,QHF,su-pham-tieng-nhat,D06,Điểm thi THPT,2025,28.1,Sư phạm tiếng Nhật
124228,QHF,su-pham-tieng-nhat,D07,Điểm thi THPT,2025,28.1,Sư phạm tiếng Nhật
124229,QHF,su-pham-tieng-nhat,D08,Điểm thi THPT,2025,28.1,Sư phạm tiếng Nhật
124230,QHF,su-pham-tieng-nhat,D14,Điểm thi THPT,2025,28.1,Sư phạm tiếng Nhật
124231,QHF,su-pham-tieng-nhat,D15,Điểm thi THPT,2025,28.1,Sư phạm tiếng Nhật
124232,QHF,su-pham-tieng-nhat,D23,Điểm thi THPT,2025,28.1,Sư phạm tiếng Nhật
124233,QHF,su-pham-tieng-nhat,D28,Điểm thi THPT,2025,28.1,Sư phạm tiếng Nhật
124234,QHF,su-pham-tieng-nhat,D33,Điểm thi THPT,2025,28.1,Sư phạm tiếng Nhật
124235,QHF,su-pham-tieng-nhat,D43,Điểm thi THPT,2025,28.1,Sư phạm tiếng Nhật
124236,QHF,su-pham-tieng-nhat,D63,Điểm thi THPT,2025,28.1,Sư phạm tiếng Nhật
124237,QHF,su-pham-tieng-trung,D01,Điểm thi THPT,2021,38.32,Sư phạm tiếng Trung
124238,QHF,su-pham-tieng-trung,D04,Điểm thi THPT,2021,38.32,Sư phạm tiếng Trung
124239,QHF,su-pham-tieng-trung,D78,Điểm thi THPT,2021,38.32,Sư phạm tiếng Trung
124240,QHF,su-pham-tieng-trung,D90,Điểm thi THPT,2021,38.32,Sư phạm tiếng Trung
124241,QHF,su-pham-tieng-trung,D01,Điểm thi THPT,2022,38.46,Sư phạm tiếng Trung
124242,QHF,su-pham-tieng-trung,D04,Điểm thi THPT,2022,38.46,Sư phạm tiếng Trung
124243,QHF,su-pham-tieng-trung,D78,Điểm thi THPT,2022,38.46,Sư phạm tiếng Trung
124244,QHF,su-pham-tieng-trung,D90,Điểm thi THPT,2022,38.46,Sư phạm tiếng Trung
124245,QHF,su-pham-tieng-trung,D01,Điểm thi THPT,2023,35.9,Sư phạm tiếng Trung
124246,QHF,su-pham-tieng-trung,D04,Điểm thi THPT,2023,35.9,Sư phạm tiếng Trung
124247,QHF,su-pham-tieng-trung,D78,Điểm thi THPT,2023,35.9,Sư phạm tiếng Trung
124248,QHF,su-pham-tieng-trung,D90,Điểm thi THPT,2023,35.9,Sư phạm tiếng Trung
124249,QHF,su-pham-tieng-trung,D01,Điểm thi THPT,2024,37.85,Sư phạm tiếng Trung
124250,QHF,su-pham-tieng-trung,D04,Điểm thi THPT,2024,37.85,Sư phạm tiếng Trung
124251,QHF,su-pham-tieng-trung,D78,Điểm thi THPT,2024,37.85,Sư phạm tiếng Trung
124252,QHF,su-pham-tieng-trung,D90,Điểm thi THPT,2024,37.85,Sư phạm tiếng Trung
124253,QHF,su-pham-tieng-trung,A01,Điểm thi THPT,2025,30.0,Sư phạm tiếng Trung
124254,QHF,su-pham-tieng-trung,D01,Điểm thi THPT,2025,30.0,Sư phạm tiếng Trung
124255,QHF,su-pham-tieng-trung,D04,Điểm thi THPT,2025,30.0,Sư phạm tiếng Trung
124256,QHF,su-pham-tieng-trung,D07,Điểm thi THPT,2025,30.0,Sư phạm tiếng Trung
124257,QHF,su-pham-tieng-trung,D08,Điểm thi THPT,2025,30.0,Sư phạm tiếng Trung
124258,QHF,su-pham-tieng-trung,D14,Điểm thi THPT,2025,30.0,Sư phạm tiếng Trung
124259,QHF,su-pham-tieng-trung,D15,Điểm thi THPT,2025,30.0,Sư phạm tiếng Trung
124260,QHF,su-pham-tieng-trung,D25,Điểm thi THPT,2025,30.0,Sư phạm tiếng Trung
124261,QHF,su-pham-tieng-trung,D30,Điểm thi THPT,2025,30.0,Sư phạm tiếng Trung
124262,QHF,su-pham-tieng-trung,D35,Điểm thi THPT,2025,30.0,Sư phạm tiếng Trung
124263,QHF,su-pham-tieng-trung,D45,Điểm thi THPT,2025,30.0,Sư phạm tiếng Trung
124264,QHF,su-pham-tieng-trung,D65,Điểm thi THPT,2025,30.0,Sư phạm tiếng Trung
124265,QHF,tieng-viet-va-van-hoa-viet-nam,A01,Điểm thi THPT,2025,22.56,Tiếng Việt và Văn hóa Việt Nam
124266,QHF,tieng-viet-va-van-hoa-viet-nam,D01,Điểm thi THPT,2025,22.56,Tiếng Việt và Văn hóa Việt Nam
124267,QHF,tieng-viet-va-van-hoa-viet-nam,D07,Điểm thi THPT,2025,22.56,Tiếng Việt và Văn hóa Việt Nam
124268,QHF,tieng-viet-va-van-hoa-viet-nam,D08,Điểm thi THPT,2025,22.56,Tiếng Việt và Văn hóa Việt Nam
124269,QHF,tieng-viet-va-van-hoa-viet-nam,D14,Điểm thi THPT,2025,22.56,Tiếng Việt và Văn hóa Việt Nam
124270,QHF,tieng-viet-va-van-hoa-viet-nam,D15,Điểm thi THPT,2025,22.56,Tiếng Việt và Văn hóa Việt Nam
124271,QHF,van-hoa-va-truyen-thong-xuyen-quoc-gia,D01,Điểm thi THPT,2023,34.49,Văn hóa và truyền thông xuyên quốc gia
124272,QHF,van-hoa-va-truyen-thong-xuyen-quoc-gia,D78,Điểm thi THPT,2023,34.49,Văn hóa và truyền thông xuyên quốc gia
124273,QHF,van-hoa-va-truyen-thong-xuyen-quoc-gia,D90,Điểm thi THPT,2023,34.49,Văn hóa và truyền thông xuyên quốc gia
124274,QHF,van-hoa-va-truyen-thong-xuyen-quoc-gia,D01,Điểm thi THPT,2024,36.5,Văn hóa và truyền thông xuyên quốc gia
124275,QHF,van-hoa-va-truyen-thong-xuyen-quoc-gia,D14,Điểm thi THPT,2024,36.5,Văn hóa và truyền thông xuyên quốc gia
124276,QHF,van-hoa-va-truyen-thong-xuyen-quoc-gia,D78,Điểm thi THPT,2024,36.5,Văn hóa và truyền thông xuyên quốc gia
124277,QHF,van-hoa-va-truyen-thong-xuyen-quoc-gia,D90,Điểm thi THPT,2024,36.5,Văn hóa và truyền thông xuyên quốc gia
124278,QHF,van-hoa-va-truyen-thong-xuyen-quoc-gia,A01,Điểm thi THPT,2025,24.58,Văn hóa và truyền thông xuyên quốc gia
124279,QHF,van-hoa-va-truyen-thong-xuyen-quoc-gia,D01,Điểm thi THPT,2025,24.58,Văn hóa và truyền thông xuyên quốc gia
124280,QHF,van-hoa-va-truyen-thong-xuyen-quoc-gia,D07,Điểm thi THPT,2025,24.58,Văn hóa và truyền thông xuyên quốc gia
124281,QHF,van-hoa-va-truyen-thong-xuyen-quoc-gia,D08,Điểm thi THPT,2025,24.58,Văn hóa và truyền thông xuyên quốc gia
124282,QHF,van-hoa-va-truyen-thong-xuyen-quoc-gia,D14,Điểm thi THPT,2025,24.58,Văn hóa và truyền thông xuyên quốc gia
124283,QHF,van-hoa-va-truyen-thong-xuyen-quoc-gia,D15,Điểm thi THPT,2025,24.58,Văn hóa và truyền thông xuyên quốc gia
124284,QHI,co-ky-thuat,A00,Điểm thi THPT,2021,26.2,Cơ kỹ thuật
124285,QHI,co-ky-thuat,A01,Điểm thi THPT,2021,26.2,Cơ kỹ thuật
124286,QHI,co-ky-thuat,A00,Điểm thi THPT,2022,25.0,Cơ kỹ thuật
124287,QHI,co-ky-thuat,A01,Điểm thi THPT,2022,25.0,Cơ kỹ thuật
124288,QHI,co-ky-thuat,D01,Điểm thi THPT,2022,25.0,Cơ kỹ thuật
124289,QHI,co-ky-thuat,A00,Điểm thi THPT,2023,25.65,Cơ kỹ thuật
124290,QHI,co-ky-thuat,A01,Điểm thi THPT,2023,25.65,Cơ kỹ thuật
124291,QHI,co-ky-thuat,D01,Điểm thi THPT,2023,25.65,Cơ kỹ thuật
124292,QHI,co-ky-thuat,A00,Điểm thi THPT,2024,26.03,Cơ kỹ thuật
124293,QHI,co-ky-thuat,A01,Điểm thi THPT,2024,26.03,Cơ kỹ thuật
124294,QHI,co-ky-thuat,D01,Điểm thi THPT,2024,26.03,Cơ kỹ thuật
124295,QHI,co-ky-thuat,A00,Điểm thi THPT,2025,26.15,Cơ kỹ thuật
124296,QHI,co-ky-thuat,A01,Điểm thi THPT,2025,26.15,Cơ kỹ thuật
124297,QHI,co-ky-thuat,D01,Điểm thi THPT,2025,26.15,Cơ kỹ thuật
124298,QHI,co-ky-thuat,X06,Điểm thi THPT,2025,26.15,Cơ kỹ thuật
124299,QHI,co-ky-thuat,X26,Điểm thi THPT,2025,26.15,Cơ kỹ thuật
124300,QHI,cong-nghe-hang-khong-vu-tru,A00,Điểm thi THPT,2021,25.5,Công nghệ hàng không vũ trụ
124301,QHI,cong-nghe-hang-khong-vu-tru,A01,Điểm thi THPT,2021,25.5,Công nghệ hàng không vũ trụ
124302,QHI,cong-nghe-hang-khong-vu-tru,A00,Điểm thi THPT,2022,23.0,Công nghệ Hàng không vũ trụ
124303,QHI,cong-nghe-hang-khong-vu-tru,A01,Điểm thi THPT,2022,23.0,Công nghệ Hàng không vũ trụ
124304,QHI,cong-nghe-hang-khong-vu-tru,D01,Điểm thi THPT,2022,23.0,Công nghệ Hàng không vũ trụ
124305,QHI,cong-nghe-hang-khong-vu-tru,A00,Điểm thi THPT,2023,24.1,Công nghệ Hàng không vũ trụ
124306,QHI,cong-nghe-hang-khong-vu-tru,A01,Điểm thi THPT,2023,24.1,Công nghệ Hàng không vũ trụ
124307,QHI,cong-nghe-hang-khong-vu-tru,D01,Điểm thi THPT,2023,24.1,Công nghệ Hàng không vũ trụ
124308,QHI,cong-nghe-hang-khong-vu-tru,A00,Điểm thi THPT,2024,24.61,Công nghệ hàng không vũ trụ
124309,QHI,cong-nghe-hang-khong-vu-tru,A01,Điểm thi THPT,2024,24.61,Công nghệ hàng không vũ trụ
124310,QHI,cong-nghe-hang-khong-vu-tru,D01,Điểm thi THPT,2024,24.61,Công nghệ hàng không vũ trụ
124311,QHI,cong-nghe-hang-khong-vu-tru,A00,Điểm thi THPT,2025,23.96,Công nghệ hàng không vũ trụ
124312,QHI,cong-nghe-hang-khong-vu-tru,A01,Điểm thi THPT,2025,23.96,Công nghệ hàng không vũ trụ
124313,QHI,cong-nghe-hang-khong-vu-tru,D01,Điểm thi THPT,2025,23.96,Công nghệ hàng không vũ trụ
124314,QHI,cong-nghe-hang-khong-vu-tru,X06,Điểm thi THPT,2025,23.96,Công nghệ hàng không vũ trụ
124315,QHI,cong-nghe-hang-khong-vu-tru,X26,Điểm thi THPT,2025,23.96,Công nghệ hàng không vũ trụ
124316,QHI,cong-nghe-ky-thuat-co-dien-tu,A00,Điểm thi THPT,2021,25.9,Công nghệ kỹ thuật cơ điện tử (CLC)
124317,QHI,cong-nghe-ky-thuat-co-dien-tu,A01,Điểm thi THPT,2021,25.9,Công nghệ kỹ thuật cơ điện tử (CLC)
124318,QHI,cong-nghe-ky-thuat-co-dien-tu,A00,Điểm thi THPT,2022,23.0,Công nghệ kỹ thuật cơ điện tử
124319,QHI,cong-nghe-ky-thuat-co-dien-tu,A01,Điểm thi THPT,2022,23.0,Công nghệ kỹ thuật cơ điện tử
124320,QHI,cong-nghe-ky-thuat-co-dien-tu,D01,Điểm thi THPT,2022,23.0,Công nghệ kỹ thuật cơ điện tử
124321,QHI,cong-nghe-ky-thuat-co-dien-tu,A00,Điểm thi THPT,2023,25.0,Công nghệ kỹ thuật cơ điện tử
124322,QHI,cong-nghe-ky-thuat-co-dien-tu,A01,Điểm thi THPT,2023,25.0,Công nghệ kỹ thuật cơ điện tử
124323,QHI,cong-nghe-ky-thuat-co-dien-tu,D01,Điểm thi THPT,2023,25.0,Công nghệ kỹ thuật cơ điện tử
124324,QHI,cong-nghe-ky-thuat-co-dien-tu,A00,Điểm thi THPT,2024,26.27,Công nghệ kỹ thuật cơ – điện tử
124325,QHI,cong-nghe-ky-thuat-co-dien-tu,A01,Điểm thi THPT,2024,26.27,Công nghệ kỹ thuật cơ – điện tử
124326,QHI,cong-nghe-ky-thuat-co-dien-tu,D01,Điểm thi THPT,2024,26.27,Công nghệ kỹ thuật cơ – điện tử
124327,QHI,cong-nghe-ky-thuat-co-dien-tu,A00,Điểm thi THPT,2025,26.73,Công nghệ kỹ thuật cơ điện tử
124328,QHI,cong-nghe-ky-thuat-co-dien-tu,A01,Điểm thi THPT,2025,26.73,Công nghệ kỹ thuật cơ điện tử
124329,QHI,cong-nghe-ky-thuat-co-dien-tu,D01,Điểm thi THPT,2025,26.73,Công nghệ kỹ thuật cơ điện tử
124330,QHI,cong-nghe-ky-thuat-co-dien-tu,X06,Điểm thi THPT,2025,26.73,Công nghệ kỹ thuật cơ điện tử
124331,QHI,cong-nghe-ky-thuat-co-dien-tu,X26,Điểm thi THPT,2025,26.73,Công nghệ kỹ thuật cơ điện tử
124332,QHI,cong-nghe-ky-thuat-dien-tu-vien-thong,A00,Điểm thi THPT,2021,26.55,Công nghệ kỹ thuật điện tử – viễn thông (CLC)
124333,QHI,cong-nghe-ky-thuat-dien-tu-vien-thong,A01,Điểm thi THPT,2021,26.55,Công nghệ kỹ thuật điện tử – viễn thông (CLC)
124334,QHI,cong-nghe-ky-thuat-dien-tu-vien-thong,A00,Điểm thi THPT,2022,23.0,Công nghệ kỹ thuật điện tử - viễn thông
124335,QHI,cong-nghe-ky-thuat-dien-tu-vien-thong,A01,Điểm thi THPT,2022,23.0,Công nghệ kỹ thuật điện tử - viễn thông
124336,QHI,cong-nghe-ky-thuat-dien-tu-vien-thong,D01,Điểm thi THPT,2022,23.0,Công nghệ kỹ thuật điện tử - viễn thông
124337,QHI,cong-nghe-ky-thuat-dien-tu-vien-thong,A00,Điểm thi THPT,2023,25.15,Công nghệ kỹ thuật điện tử – viễn thông
124338,QHI,cong-nghe-ky-thuat-dien-tu-vien-thong,A01,Điểm thi THPT,2023,25.15,Công nghệ kỹ thuật điện tử – viễn thông
124339,QHI,cong-nghe-ky-thuat-dien-tu-vien-thong,D01,Điểm thi THPT,2023,25.15,Công nghệ kỹ thuật điện tử – viễn thông
124340,QHI,cong-nghe-ky-thuat-dien-tu-vien-thong,A00,Điểm thi THPT,2024,26.3,Công nghệ kỹ thuật điện tử – viễn thông
124341,QHI,cong-nghe-ky-thuat-dien-tu-vien-thong,A01,Điểm thi THPT,2024,26.3,Công nghệ kỹ thuật điện tử – viễn thông
124342,QHI,cong-nghe-ky-thuat-dien-tu-vien-thong,D01,Điểm thi THPT,2024,26.3,Công nghệ kỹ thuật điện tử – viễn thông
124343,QHI,cong-nghe-ky-thuat-dien-tu-vien-thong,A00,Điểm thi THPT,2025,26.63,Công nghệ kỹ thuật điện tử - Viễn thông
124344,QHI,cong-nghe-ky-thuat-dien-tu-vien-thong,A01,Điểm thi THPT,2025,26.63,Công nghệ kỹ thuật điện tử - Viễn thông
124345,QHI,cong-nghe-ky-thuat-dien-tu-vien-thong,D01,Điểm thi THPT,2025,26.63,Công nghệ kỹ thuật điện tử - Viễn thông
124346,QHI,cong-nghe-ky-thuat-dien-tu-vien-thong,X06,Điểm thi THPT,2025,26.63,Công nghệ kỹ thuật điện tử - Viễn thông
124347,QHI,cong-nghe-ky-thuat-dien-tu-vien-thong,X26,Điểm thi THPT,2025,26.63,Công nghệ kỹ thuật điện tử - Viễn thông
124348,QHI,cong-nghe-ky-thuat-xay-dung,A00,Điểm thi THPT,2021,24.5,Công nghệ kỹ thuật xây dựng
124349,QHI,cong-nghe-ky-thuat-xay-dung,A01,Điểm thi THPT,2021,24.5,Công nghệ kỹ thuật xây dựng
124350,QHI,cong-nghe-ky-thuat-xay-dung,A00,Điểm thi THPT,2022,22.0,Công nghệ kỹ thuật xây dựng
124351,QHI,cong-nghe-ky-thuat-xay-dung,A01,Điểm thi THPT,2022,22.0,Công nghệ kỹ thuật xây dựng
124352,QHI,cong-nghe-ky-thuat-xay-dung,D01,Điểm thi THPT,2022,22.0,Công nghệ kỹ thuật xây dựng
124353,QHI,cong-nghe-ky-thuat-xay-dung,A00,Điểm thi THPT,2023,23.1,Công nghệ kỹ thuật xây dựng
124354,QHI,cong-nghe-ky-thuat-xay-dung,A01,Điểm thi THPT,2023,23.1,Công nghệ kỹ thuật xây dựng
124355,QHI,cong-nghe-ky-thuat-xay-dung,D01,Điểm thi THPT,2023,23.1,Công nghệ kỹ thuật xây dựng
124356,QHI,cong-nghe-ky-thuat-xay-dung,A00,Điểm thi THPT,2024,23.91,Công nghệ kỹ thuật xây dựng
124357,QHI,cong-nghe-ky-thuat-xay-dung,A01,Điểm thi THPT,2024,23.91,Công nghệ kỹ thuật xây dựng
124358,QHI,cong-nghe-ky-thuat-xay-dung,D01,Điểm thi THPT,2024,23.91,Công nghệ kỹ thuật xây dựng
124359,QHI,cong-nghe-ky-thuat-xay-dung,A00,Điểm thi THPT,2025,22.25,Công nghệ kỹ thuật xây dựng
124360,QHI,cong-nghe-ky-thuat-xay-dung,A01,Điểm thi THPT,2025,22.25,Công nghệ kỹ thuật xây dựng
124361,QHI,cong-nghe-ky-thuat-xay-dung,D01,Điểm thi THPT,2025,22.25,Công nghệ kỹ thuật xây dựng
124362,QHI,cong-nghe-ky-thuat-xay-dung,X06,Điểm thi THPT,2025,22.25,Công nghệ kỹ thuật xây dựng
124363,QHI,cong-nghe-ky-thuat-xay-dung,X26,Điểm thi THPT,2025,22.25,Công nghệ kỹ thuật xây dựng
124364,QHI,cong-nghe-nong-nghiep,A00,Điểm thi THPT,2021,23.55,Công nghệ nông nghiệp
124365,QHI,cong-nghe-nong-nghiep,A01,Điểm thi THPT,2021,23.55,Công nghệ nông nghiệp
124366,QHI,cong-nghe-nong-nghiep,A02,Điểm thi THPT,2021,23.55,Công nghệ nông nghiệp
124367,QHI,cong-nghe-nong-nghiep,B00,Điểm thi THPT,2021,23.55,Công nghệ nông nghiệp
124368,QHI,cong-nghe-nong-nghiep,A00,Điểm thi THPT,2022,22.0,Công nghệ nông nghiệp
124369,QHI,cong-nghe-nong-nghiep,A01,Điểm thi THPT,2022,22.0,Công nghệ nông nghiệp
124370,QHI,cong-nghe-nong-nghiep,D01,Điểm thi THPT,2022,22.0,Công nghệ nông nghiệp
124371,QHI,cong-nghe-nong-nghiep,A00,Điểm thi THPT,2023,22.0,Công nghệ nông nghiệp
124372,QHI,cong-nghe-nong-nghiep,A01,Điểm thi THPT,2023,22.0,Công nghệ nông nghiệp
124373,QHI,cong-nghe-nong-nghiep,B00,Điểm thi THPT,2023,22.0,Công nghệ nông nghiệp
124374,QHI,cong-nghe-nong-nghiep,A00,Điểm thi THPT,2024,22.5,Công nghệ nông nghiệp
124375,QHI,cong-nghe-nong-nghiep,A01,Điểm thi THPT,2024,22.5,Công nghệ nông nghiệp
124376,QHI,cong-nghe-nong-nghiep,B00,Điểm thi THPT,2024,22.5,Công nghệ nông nghiệp
124377,QHI,cong-nghe-nong-nghiep,A00,Điểm thi THPT,2025,22.0,Công nghệ nông nghiệp
124378,QHI,cong-nghe-nong-nghiep,A01,Điểm thi THPT,2025,22.0,Công nghệ nông nghiệp
124379,QHI,cong-nghe-nong-nghiep,B00,Điểm thi THPT,2025,22.0,Công nghệ nông nghiệp
124380,QHI,cong-nghe-nong-nghiep,D01,Điểm thi THPT,2025,22.0,Công nghệ nông nghiệp
124381,QHI,cong-nghe-nong-nghiep,X06,Điểm thi THPT,2025,22.0,Công nghệ nông nghiệp
124382,QHI,cong-nghe-nong-nghiep,X26,Điểm thi THPT,2025,22.0,Công nghệ nông nghiệp
124383,QHI,cong-nghe-sinh-hoc,A00,Điểm thi THPT,2025,22.13,Công nghệ sinh học
124384,QHI,cong-nghe-sinh-hoc,A01,Điểm thi THPT,2025,22.13,Công nghệ sinh học
124385,QHI,cong-nghe-sinh-hoc,B00,Điểm thi THPT,2025,22.13,Công nghệ sinh học
124386,QHI,cong-nghe-sinh-hoc,D01,Điểm thi THPT,2025,22.13,Công nghệ sinh học
124387,QHI,cong-nghe-sinh-hoc,X06,Điểm thi THPT,2025,22.13,Công nghệ sinh học
124388,QHI,cong-nghe-sinh-hoc,X26,Điểm thi THPT,2025,22.13,Công nghệ sinh học
124389,QHI,cong-nghe-thong-tin,A00,Điểm thi THPT,2021,28.75,Công nghệ thông tin
124390,QHI,cong-nghe-thong-tin,A01,Điểm thi THPT,2021,28.75,Công nghệ thông tin
124391,QHI,cong-nghe-thong-tin,A00,Điểm thi THPT,2022,29.15,Công nghệ thông tin
124392,QHI,cong-nghe-thong-tin,A01,Điểm thi THPT,2022,29.15,Công nghệ thông tin
124393,QHI,cong-nghe-thong-tin,D01,Điểm thi THPT,2022,29.15,Công nghệ thông tin
124394,QHI,cong-nghe-thong-tin,A00,Điểm thi THPT,2023,27.85,Công nghệ thông tin
124395,QHI,cong-nghe-thong-tin,A01,Điểm thi THPT,2023,27.85,Công nghệ thông tin
124396,QHI,cong-nghe-thong-tin,D01,Điểm thi THPT,2023,27.85,Công nghệ thông tin
124397,QHI,cong-nghe-thong-tin,A00,Điểm thi THPT,2024,27.8,Công nghệ thông tin
124398,QHI,cong-nghe-thong-tin,A01,Điểm thi THPT,2024,27.8,Công nghệ thông tin
124399,QHI,cong-nghe-thong-tin,D01,Điểm thi THPT,2024,27.8,Công nghệ thông tin
124400,QHI,cong-nghe-thong-tin,A00,Điểm thi THPT,2025,28.19,Công nghệ thông tin
124401,QHI,cong-nghe-thong-tin,A01,Điểm thi THPT,2025,28.19,Công nghệ thông tin
124402,QHI,cong-nghe-thong-tin,D01,Điểm thi THPT,2025,28.19,Công nghệ thông tin
124403,QHI,cong-nghe-thong-tin,X06,Điểm thi THPT,2025,28.19,Công nghệ thông tin
124404,QHI,cong-nghe-thong-tin,X26,Điểm thi THPT,2025,28.19,Công nghệ thông tin
124405,QHI,cong-nghe-vat-lieu,A00,Điểm thi THPT,2025,25.6,Công nghệ vật liệu
124406,QHI,cong-nghe-vat-lieu,A01,Điểm thi THPT,2025,25.6,Công nghệ vật liệu
124407,QHI,cong-nghe-vat-lieu,D01,Điểm thi THPT,2025,25.6,Công nghệ vật liệu
124408,QHI,cong-nghe-vat-lieu,X06,Điểm thi THPT,2025,25.6,Công nghệ vật liệu
124409,QHI,cong-nghe-vat-lieu,X26,Điểm thi THPT,2025,25.6,Công nghệ vật liệu
124410,QHI,he-thong-thong-tin,A00,Điểm thi THPT,2022,25.0,Hệ thống thông tin
124411,QHI,he-thong-thong-tin,A01,Điểm thi THPT,2022,25.0,Hệ thống thông tin
124412,QHI,he-thong-thong-tin,D01,Điểm thi THPT,2022,25.0,Hệ thống thông tin
124413,QHI,he-thong-thong-tin,A00,Điểm thi THPT,2023,26.95,Hệ thống thông tin
124414,QHI,he-thong-thong-tin,A01,Điểm thi THPT,2023,26.95,Hệ thống thông tin
124415,QHI,he-thong-thong-tin,D01,Điểm thi THPT,2023,26.95,Hệ thống thông tin
124416,QHI,he-thong-thong-tin,A00,Điểm thi THPT,2024,26.87,Hệ thống thông tin
124417,QHI,he-thong-thong-tin,A01,Điểm thi THPT,2024,26.87,Hệ thống thông tin
124418,QHI,he-thong-thong-tin,D01,Điểm thi THPT,2024,26.87,Hệ thống thông tin
124419,QHI,he-thong-thong-tin,A00,Điểm thi THPT,2025,26.38,Hệ thống thông tin
124420,QHI,he-thong-thong-tin,A01,Điểm thi THPT,2025,26.38,Hệ thống thông tin
124421,QHI,he-thong-thong-tin,D01,Điểm thi THPT,2025,26.38,Hệ thống thông tin
124422,QHI,he-thong-thong-tin,X06,Điểm thi THPT,2025,26.38,Hệ thống thông tin
124423,QHI,he-thong-thong-tin,X26,Điểm thi THPT,2025,26.38,Hệ thống thông tin
124424,QHI,khoa-hoc-du-lieu,A00,Điểm thi THPT,2025,27.38,Khoa học dữ liệu
124425,QHI,khoa-hoc-du-lieu,A01,Điểm thi THPT,2025,27.38,Khoa học dữ liệu
124426,QHI,khoa-hoc-du-lieu,D01,Điểm thi THPT,2025,27.38,Khoa học dữ liệu
124427,QHI,khoa-hoc-du-lieu,X06,Điểm thi THPT,2025,27.38,Khoa học dữ liệu
124428,QHI,khoa-hoc-du-lieu,X26,Điểm thi THPT,2025,27.38,Khoa học dữ liệu
124429,QHI,khoa-hoc-may-tinh,A00,Điểm thi THPT,2022,27.25,Khoa học máy tính
124430,QHI,khoa-hoc-may-tinh,A01,Điểm thi THPT,2022,27.25,Khoa học máy tính
124431,QHI,khoa-hoc-may-tinh,D01,Điểm thi THPT,2022,27.25,Khoa học máy tính
124432,QHI,khoa-hoc-may-tinh,A00,Điểm thi THPT,2023,27.25,Khoa học máy tính
124433,QHI,khoa-hoc-may-tinh,A01,Điểm thi THPT,2023,27.25,Khoa học máy tính
124434,QHI,khoa-hoc-may-tinh,D01,Điểm thi THPT,2023,27.25,Khoa học máy tính
124435,QHI,khoa-hoc-may-tinh,A00,Điểm thi THPT,2024,27.58,Khoa học máy tính
124436,QHI,khoa-hoc-may-tinh,A01,Điểm thi THPT,2024,27.58,Khoa học máy tính
124437,QHI,khoa-hoc-may-tinh,D01,Điểm thi THPT,2024,27.58,Khoa học máy tính
124438,QHI,khoa-hoc-may-tinh,A00,Điểm thi THPT,2025,27.86,Khoa học máy tính
124439,QHI,khoa-hoc-may-tinh,A01,Điểm thi THPT,2025,27.86,Khoa học máy tính
124440,QHI,khoa-hoc-may-tinh,D01,Điểm thi THPT,2025,27.86,Khoa học máy tính
124441,QHI,khoa-hoc-may-tinh,X06,Điểm thi THPT,2025,27.86,Khoa học máy tính
124442,QHI,khoa-hoc-may-tinh,X26,Điểm thi THPT,2025,27.86,Khoa học máy tính
124443,QHI,ky-thuat-dieu-khien-va-tu-dong-hoa,A00,Điểm thi THPT,2021,27.75,Kỹ thuật điều khiển và tự động hóa
124444,QHI,ky-thuat-dieu-khien-va-tu-dong-hoa,A01,Điểm thi THPT,2021,27.75,Kỹ thuật điều khiển và tự động hóa
124445,QHI,ky-thuat-dieu-khien-va-tu-dong-hoa,A00,Điểm thi THPT,2022,27.25,Kỹ thuật điều khiển và tự động hóa
124446,QHI,ky-thuat-dieu-khien-va-tu-dong-hoa,A01,Điểm thi THPT,2022,27.25,Kỹ thuật điều khiển và tự động hóa
124447,QHI,ky-thuat-dieu-khien-va-tu-dong-hoa,D01,Điểm thi THPT,2022,27.25,Kỹ thuật điều khiển và tự động hóa
124448,QHI,ky-thuat-dieu-khien-va-tu-dong-hoa,A00,Điểm thi THPT,2023,27.1,Kỹ thuật điều khiển và tự động hóa
124449,QHI,ky-thuat-dieu-khien-va-tu-dong-hoa,A01,Điểm thi THPT,2023,27.1,Kỹ thuật điều khiển và tự động hóa
124450,QHI,ky-thuat-dieu-khien-va-tu-dong-hoa,D01,Điểm thi THPT,2023,27.1,Kỹ thuật điều khiển và tự động hóa
124451,QHI,ky-thuat-dieu-khien-va-tu-dong-hoa,A00,Điểm thi THPT,2024,27.05,Kỹ thuật điều khiển và tự động hoá
124452,QHI,ky-thuat-dieu-khien-va-tu-dong-hoa,A01,Điểm thi THPT,2024,27.05,Kỹ thuật điều khiển và tự động hoá
124453,QHI,ky-thuat-dieu-khien-va-tu-dong-hoa,D01,Điểm thi THPT,2024,27.05,Kỹ thuật điều khiển và tự động hoá
124454,QHI,ky-thuat-dieu-khien-va-tu-dong-hoa,A00,Điểm thi THPT,2025,27.9,Kỹ thuật điều khiển và tự động hóa
124455,QHI,ky-thuat-dieu-khien-va-tu-dong-hoa,A01,Điểm thi THPT,2025,27.9,Kỹ thuật điều khiển và tự động hóa
124456,QHI,ky-thuat-dieu-khien-va-tu-dong-hoa,D01,Điểm thi THPT,2025,27.9,Kỹ thuật điều khiển và tự động hóa
124457,QHI,ky-thuat-dieu-khien-va-tu-dong-hoa,X06,Điểm thi THPT,2025,27.9,Kỹ thuật điều khiển và tự động hóa
124458,QHI,ky-thuat-dieu-khien-va-tu-dong-hoa,X26,Điểm thi THPT,2025,27.9,Kỹ thuật điều khiển và tự động hóa
124459,QHI,ky-thuat-may-tinh,A00,Điểm thi THPT,2022,27.5,Kỹ thuật máy tính
124460,QHI,ky-thuat-may-tinh,A01,Điểm thi THPT,2022,27.5,Kỹ thuật máy tính
124461,QHI,ky-thuat-may-tinh,D01,Điểm thi THPT,2022,27.5,Kỹ thuật máy tính
124462,QHI,ky-thuat-may-tinh,A00,Điểm thi THPT,2023,27.25,Kỹ thuật máy tính
124463,QHI,ky-thuat-may-tinh,A01,Điểm thi THPT,2023,27.25,Kỹ thuật máy tính
124464,QHI,ky-thuat-may-tinh,D01,Điểm thi THPT,2023,27.25,Kỹ thuật máy tính
124465,QHI,ky-thuat-may-tinh,A00,Điểm thi THPT,2024,26.97,Kỹ thuật máy tính
124466,QHI,ky-thuat-may-tinh,A01,Điểm thi THPT,2024,26.97,Kỹ thuật máy tính
124467,QHI,ky-thuat-may-tinh,D01,Điểm thi THPT,2024,26.97,Kỹ thuật máy tính
124468,QHI,ky-thuat-may-tinh,A00,Điểm thi THPT,2025,27.0,Kỹ thuật máy tính
124469,QHI,ky-thuat-may-tinh,A01,Điểm thi THPT,2025,27.0,Kỹ thuật máy tính
124470,QHI,ky-thuat-may-tinh,D01,Điểm thi THPT,2025,27.0,Kỹ thuật máy tính
124471,QHI,ky-thuat-may-tinh,X06,Điểm thi THPT,2025,27.0,Kỹ thuật máy tính
124472,QHI,ky-thuat-may-tinh,X26,Điểm thi THPT,2025,27.0,Kỹ thuật máy tính
124473,QHI,ky-thuat-nang-luong,A00,Điểm thi THPT,2022,22.0,Kỹ thuật năng lượng
124474,QHI,ky-thuat-nang-luong,A01,Điểm thi THPT,2022,22.0,Kỹ thuật năng lượng
124475,QHI,ky-thuat-nang-luong,D01,Điểm thi THPT,2022,22.0,Kỹ thuật năng lượng
124476,QHI,ky-thuat-nang-luong,A00,Điểm thi THPT,2023,23.8,Kỹ thuật năng lượng
124477,QHI,ky-thuat-nang-luong,A01,Điểm thi THPT,2023,23.8,Kỹ thuật năng lượng
124478,QHI,ky-thuat-nang-luong,D01,Điểm thi THPT,2023,23.8,Kỹ thuật năng lượng
124479,QHI,ky-thuat-nang-luong,A00,Điểm thi THPT,2024,24.59,Kỹ thuật năng lượng
124480,QHI,ky-thuat-nang-luong,A01,Điểm thi THPT,2024,24.59,Kỹ thuật năng lượng
124481,QHI,ky-thuat-nang-luong,D01,Điểm thi THPT,2024,24.59,Kỹ thuật năng lượng
124482,QHI,ky-thuat-nang-luong,A00,Điểm thi THPT,2025,24.87,Kỹ thuật năng lượng
124483,QHI,ky-thuat-nang-luong,A01,Điểm thi THPT,2025,24.87,Kỹ thuật năng lượng
124484,QHI,ky-thuat-nang-luong,D01,Điểm thi THPT,2025,24.87,Kỹ thuật năng lượng
124485,QHI,ky-thuat-nang-luong,X06,Điểm thi THPT,2025,24.87,Kỹ thuật năng lượng
124486,QHI,ky-thuat-nang-luong,X26,Điểm thi THPT,2025,24.87,Kỹ thuật năng lượng
124487,QHI,ky-thuat-robot,A00,Điểm thi THPT,2022,23.0,Kỹ thuật Robot
124488,QHI,ky-thuat-robot,A01,Điểm thi THPT,2022,23.0,Kỹ thuật Robot
124489,QHI,ky-thuat-robot,D01,Điểm thi THPT,2022,23.0,Kỹ thuật Robot
124490,QHI,ky-thuat-robot,A00,Điểm thi THPT,2023,25.35,Kỹ thuật Robot
124491,QHI,ky-thuat-robot,A01,Điểm thi THPT,2023,25.35,Kỹ thuật Robot
124492,QHI,ky-thuat-robot,D01,Điểm thi THPT,2023,25.35,Kỹ thuật Robot
124493,QHI,ky-thuat-robot,A00,Điểm thi THPT,2024,25.99,Kỹ thuật Robot
124494,QHI,ky-thuat-robot,A01,Điểm thi THPT,2024,25.99,Kỹ thuật Robot
124495,QHI,ky-thuat-robot,D01,Điểm thi THPT,2024,25.99,Kỹ thuật Robot
124496,QHI,ky-thuat-robot,A00,Điểm thi THPT,2025,26.0,Kỹ thuật Robot
124497,QHI,ky-thuat-robot,A01,Điểm thi THPT,2025,26.0,Kỹ thuật Robot
124498,QHI,ky-thuat-robot,D01,Điểm thi THPT,2025,26.0,Kỹ thuật Robot
124499,QHI,ky-thuat-robot,X06,Điểm thi THPT,2025,26.0,Kỹ thuật Robot
124500,QHI,ky-thuat-robot,X26,Điểm thi THPT,2025,26.0,Kỹ thuật Robot
124501,QHI,mang-may-tinh-va-truyen-thong-du-lieu,A00,Điểm thi THPT,2022,24.0,Mạng máy tính và truyền thông dữ liệu
124502,QHI,mang-may-tinh-va-truyen-thong-du-lieu,A01,Điểm thi THPT,2022,24.0,Mạng máy tính và truyền thông dữ liệu
124503,QHI,mang-may-tinh-va-truyen-thong-du-lieu,D01,Điểm thi THPT,2022,24.0,Mạng máy tính và truyền thông dữ liệu
124504,QHI,mang-may-tinh-va-truyen-thong-du-lieu,A00,Điểm thi THPT,2023,26.25,Mạng máy tính và truyền thông dữ liệu
124505,QHI,mang-may-tinh-va-truyen-thong-du-lieu,A01,Điểm thi THPT,2023,26.25,Mạng máy tính và truyền thông dữ liệu
124506,QHI,mang-may-tinh-va-truyen-thong-du-lieu,D01,Điểm thi THPT,2023,26.25,Mạng máy tính và truyền thông dữ liệu
124507,QHI,mang-may-tinh-va-truyen-thong-du-lieu,A00,Điểm thi THPT,2024,26.92,Mạng máy tính và truyền thông dữ liệu
124508,QHI,mang-may-tinh-va-truyen-thong-du-lieu,A01,Điểm thi THPT,2024,26.92,Mạng máy tính và truyền thông dữ liệu
124509,QHI,mang-may-tinh-va-truyen-thong-du-lieu,D01,Điểm thi THPT,2024,26.92,Mạng máy tính và truyền thông dữ liệu
124510,QHI,mang-may-tinh-va-truyen-thong-du-lieu,A00,Điểm thi THPT,2025,26.73,Mạng máy tính và truyền thông dữ liệu
124511,QHI,mang-may-tinh-va-truyen-thong-du-lieu,A01,Điểm thi THPT,2025,26.73,Mạng máy tính và truyền thông dữ liệu
124512,QHI,mang-may-tinh-va-truyen-thong-du-lieu,D01,Điểm thi THPT,2025,26.73,Mạng máy tính và truyền thông dữ liệu
124513,QHI,mang-may-tinh-va-truyen-thong-du-lieu,X06,Điểm thi THPT,2025,26.73,Mạng máy tính và truyền thông dữ liệu
124514,QHI,mang-may-tinh-va-truyen-thong-du-lieu,X26,Điểm thi THPT,2025,26.73,Mạng máy tính và truyền thông dữ liệu
124515,QHI,may-tinh-va-robot,A00,Điểm thi THPT,2021,27.65,Máy tính và Robot
124516,QHI,may-tinh-va-robot,A01,Điểm thi THPT,2021,27.65,Máy tính và Robot
124517,QHI,thiet-ke-cong-nghiep-va-do-hoa,A00,Điểm thi THPT,2024,24.64,Thiết kế công nghiệp và đồ họa
124518,QHI,thiet-ke-cong-nghiep-va-do-hoa,A01,Điểm thi THPT,2024,24.64,Thiết kế công nghiệp và đồ họa
124519,QHI,thiet-ke-cong-nghiep-va-do-hoa,D01,Điểm thi THPT,2024,24.64,Thiết kế công nghiệp và đồ họa
124520,QHI,thiet-ke-cong-nghiep-va-do-hoa,A00,Điểm thi THPT,2025,24.2,Thiết kế công nghiệp và Đồ họa
124521,QHI,thiet-ke-cong-nghiep-va-do-hoa,A01,Điểm thi THPT,2025,24.2,Thiết kế công nghiệp và Đồ họa
124522,QHI,thiet-ke-cong-nghiep-va-do-hoa,D01,Điểm thi THPT,2025,24.2,Thiết kế công nghiệp và Đồ họa
124523,QHI,thiet-ke-cong-nghiep-va-do-hoa,X06,Điểm thi THPT,2025,24.2,Thiết kế công nghiệp và Đồ họa
124524,QHI,thiet-ke-cong-nghiep-va-do-hoa,X26,Điểm thi THPT,2025,24.2,Thiết kế công nghiệp và Đồ họa
124525,QHI,tri-tue-nhan-tao,A00,Điểm thi THPT,2022,27.0,Trí tuệ nhân tạo
124526,QHI,tri-tue-nhan-tao,A01,Điểm thi THPT,2022,27.0,Trí tuệ nhân tạo
124527,QHI,tri-tue-nhan-tao,D01,Điểm thi THPT,2022,27.0,Trí tuệ nhân tạo
124528,QHI,tri-tue-nhan-tao,A00,Điểm thi THPT,2023,27.2,Trí tuệ nhân tạo
124529,QHI,tri-tue-nhan-tao,A01,Điểm thi THPT,2023,27.2,Trí tuệ nhân tạo
124530,QHI,tri-tue-nhan-tao,D01,Điểm thi THPT,2023,27.2,Trí tuệ nhân tạo
124531,QHI,tri-tue-nhan-tao,A00,Điểm thi THPT,2024,27.12,Trí tuệ nhân tạo
124532,QHI,tri-tue-nhan-tao,A01,Điểm thi THPT,2024,27.12,Trí tuệ nhân tạo
124533,QHI,tri-tue-nhan-tao,D01,Điểm thi THPT,2024,27.12,Trí tuệ nhân tạo
124534,QHI,tri-tue-nhan-tao,A00,Điểm thi THPT,2025,27.75,Trí tuệ nhân tạo
124535,QHI,tri-tue-nhan-tao,A01,Điểm thi THPT,2025,27.75,Trí tuệ nhân tạo
124536,QHI,tri-tue-nhan-tao,D01,Điểm thi THPT,2025,27.75,Trí tuệ nhân tạo
124537,QHI,tri-tue-nhan-tao,X06,Điểm thi THPT,2025,27.75,Trí tuệ nhân tạo
124538,QHI,tri-tue-nhan-tao,X26,Điểm thi THPT,2025,27.75,Trí tuệ nhân tạo
124539,QHI,vat-ly-ky-thuat,A00,Điểm thi THPT,2021,25.4,Vật lý kỹ thuật
124540,QHI,vat-ly-ky-thuat,A01,Điểm thi THPT,2021,25.4,Vật lý kỹ thuật
124541,QHI,vat-ly-ky-thuat,A00,Điểm thi THPT,2022,23.0,Vật lý kỹ thuật
124542,QHI,vat-ly-ky-thuat,A01,Điểm thi THPT,2022,23.0,Vật lý kỹ thuật
124543,QHI,vat-ly-ky-thuat,D01,Điểm thi THPT,2022,23.0,Vật lý kỹ thuật
124544,QHI,vat-ly-ky-thuat,A00,Điểm thi THPT,2023,24.2,Vật lý kỹ thuật
124545,QHI,vat-ly-ky-thuat,A01,Điểm thi THPT,2023,24.2,Vật lý kỹ thuật
124546,QHI,vat-ly-ky-thuat,D01,Điểm thi THPT,2023,24.2,Vật lý kỹ thuật
124547,QHI,vat-ly-ky-thuat,A00,Điểm thi THPT,2024,25.24,Vật lý kỹ thuật
124548,QHI,vat-ly-ky-thuat,A01,Điểm thi THPT,2024,25.24,Vật lý kỹ thuật
124549,QHI,vat-ly-ky-thuat,D01,Điểm thi THPT,2024,25.24,Vật lý kỹ thuật
124550,QHI,vat-ly-ky-thuat,A00,Điểm thi THPT,2025,25.2,Vật lý kỹ thuật
124551,QHI,vat-ly-ky-thuat,A01,Điểm thi THPT,2025,25.2,Vật lý kỹ thuật
124552,QHI,vat-ly-ky-thuat,D01,Điểm thi THPT,2025,25.2,Vật lý kỹ thuật
124553,QHI,vat-ly-ky-thuat,X06,Điểm thi THPT,2025,25.2,Vật lý kỹ thuật
124554,QHI,vat-ly-ky-thuat,X26,Điểm thi THPT,2025,25.2,Vật lý kỹ thuật
124555,QHK,cong-nghe-truyen-thong,A00,Điểm thi THPT,2025,25.0,Công nghệ truyền thông
124556,QHK,cong-nghe-truyen-thong,A01,Điểm thi THPT,2025,23.5,Công nghệ truyền thông
124557,QHK,cong-nghe-truyen-thong,D01,Điểm thi THPT,2025,23.0,Công nghệ truyền thông
124558,QHK,cong-nghe-truyen-thong,D07,Điểm thi THPT,2025,24.0,Công nghệ truyền thông
124559,QHK,cong-nghe-truyen-thong,D10,Điểm thi THPT,2025,24.0,Công nghệ truyền thông
124560,QHK,cong-nghe-truyen-thong,X06,Điểm thi THPT,2025,26.0,Công nghệ truyền thông
124561,QHK,cong-nghe-truyen-thong,X07,Điểm thi THPT,2025,26.0,Công nghệ truyền thông
124562,QHK,cong-nghe-truyen-thong,X25,Điểm thi THPT,2025,24.0,Công nghệ truyền thông
124563,QHK,cong-nghe-truyen-thong,X26,Điểm thi THPT,2025,25.0,Công nghệ truyền thông
124564,QHK,cong-nghe-truyen-thong,X27,Điểm thi THPT,2025,24.0,Công nghệ truyền thông
124565,QHK,do-hoa-cong-nghe-so,H01,Điểm thi THPT,2023,24.38,Đồ họa công nghệ số
124566,QHK,do-hoa-cong-nghe-so,H04,Điểm thi THPT,2023,24.38,Đồ họa công nghệ số
124567,QHK,do-hoa-cong-nghe-so,H05,Điểm thi THPT,2023,24.38,Đồ họa công nghệ số
124568,QHK,do-hoa-cong-nghe-so,H06,Điểm thi THPT,2023,24.38,Đồ họa công nghệ số
124569,QHK,do-hoa-cong-nghe-so,H01,Điểm thi THPT,2025,24.41,Đồ họa công nghệ số
124570,QHK,do-hoa-cong-nghe-so,H04,Điểm thi THPT,2025,23.91,Đồ họa công nghệ số
124571,QHK,do-hoa-cong-nghe-so,H06,Điểm thi THPT,2025,24.41,Đồ họa công nghệ số
124572,QHK,do-hoa-cong-nghe-so,H08,Điểm thi THPT,2025,24.91,Đồ họa công nghệ số
124573,QHK,do-hoa-cong-nghe-so,H09,Điểm thi THPT,2025,24.91,Đồ họa công nghệ số
124574,QHK,do-hoa-cong-nghe-so,H10,Điểm thi THPT,2025,24.41,Đồ họa công nghệ số
124575,QHK,do-hoa-cong-nghe-so,H11,Điểm thi THPT,2025,24.41,Đồ họa công nghệ số
124576,QHK,kien-truc-va-thiet-ke-canh-quan,V00,Điểm thi THPT,2025,22.56,Kiến trúc và Thiết kế cảnh quan
124577,QHK,kien-truc-va-thiet-ke-canh-quan,V01,Điểm thi THPT,2025,22.56,Kiến trúc và Thiết kế cảnh quan
124578,QHK,kien-truc-va-thiet-ke-canh-quan,V02,Điểm thi THPT,2025,22.06,Kiến trúc và Thiết kế cảnh quan
124579,QHK,kien-truc-va-thiet-ke-canh-quan,V03,Điểm thi THPT,2025,22.56,Kiến trúc và Thiết kế cảnh quan
124580,QHK,kien-truc-va-thiet-ke-canh-quan,V06,Điểm thi THPT,2025,22.56,Kiến trúc và Thiết kế cảnh quan
124581,QHK,kien-truc-va-thiet-ke-canh-quan,V10,Điểm thi THPT,2025,22.06,Kiến trúc và Thiết kế cảnh quan
124582,QHK,kien-truc-va-thiet-ke-canh-quan,V11,Điểm thi THPT,2025,22.06,Kiến trúc và Thiết kế cảnh quan
124583,QHK,nghe-thuat-truyen-thong-duong-dai,H01,Điểm thi THPT,2025,23.98,Nghệ thuật truyền thông Đương đại
124584,QHK,nghe-thuat-truyen-thong-duong-dai,H06,Điểm thi THPT,2025,23.98,Nghệ thuật truyền thông Đương đại
124585,QHK,nghe-thuat-truyen-thong-duong-dai,H08,Điểm thi THPT,2025,23.98,Nghệ thuật truyền thông Đương đại
124586,QHK,nghe-thuat-truyen-thong-duong-dai,H09,Điểm thi THPT,2025,23.98,Nghệ thuật truyền thông Đương đại
124587,QHK,nghe-thuat-truyen-thong-duong-dai,H10,Điểm thi THPT,2025,23.98,Nghệ thuật truyền thông Đương đại
124588,QHK,nghe-thuat-truyen-thong-duong-dai,H11,Điểm thi THPT,2025,23.98,Nghệ thuật truyền thông Đương đại
124589,QHK,nhiep-anh-nghe-thuat,H01,Điểm thi THPT,2025,22.43,Nhiếp ảnh nghệ thuật
124590,QHK,nhiep-anh-nghe-thuat,H06,Điểm thi THPT,2025,22.43,Nhiếp ảnh nghệ thuật
124591,QHK,nhiep-anh-nghe-thuat,H08,Điểm thi THPT,2025,22.43,Nhiếp ảnh nghệ thuật
124592,QHK,nhiep-anh-nghe-thuat,H09,Điểm thi THPT,2025,22.43,Nhiếp ảnh nghệ thuật
124593,QHK,nhiep-anh-nghe-thuat,H10,Điểm thi THPT,2025,22.43,Nhiếp ảnh nghệ thuật
124594,QHK,nhiep-anh-nghe-thuat,H11,Điểm thi THPT,2025,22.43,Nhiếp ảnh nghệ thuật
124595,QHK,quan-ly-giai-tri-va-su-kien,A00,Điểm thi THPT,2022,26.0,Quản lý giải trí và sự kiện
124596,QHK,quan-ly-giai-tri-va-su-kien,A01,Điểm thi THPT,2022,26.0,Quản lý giải trí và sự kiện
124597,QHK,quan-ly-giai-tri-va-su-kien,C00,Điểm thi THPT,2022,26.0,Quản lý giải trí và sự kiện
124598,QHK,quan-ly-giai-tri-va-su-kien,D01,Điểm thi THPT,2022,26.0,Quản lý giải trí và sự kiện
124599,QHK,quan-ly-giai-tri-va-su-kien,D03,Điểm thi THPT,2022,26.0,Quản lý giải trí và sự kiện
124600,QHK,quan-ly-giai-tri-va-su-kien,D04,Điểm thi THPT,2022,26.0,Quản lý giải trí và sự kiện
124601,QHK,quan-ly-giai-tri-va-su-kien,A00,Điểm thi THPT,2023,24.35,Quản lý giải trí và sự kiện
124602,QHK,quan-ly-giai-tri-va-su-kien,A01,Điểm thi THPT,2023,24.06,Quản lý giải trí và sự kiện
124603,QHK,quan-ly-giai-tri-va-su-kien,C00,Điểm thi THPT,2023,25.73,Quản lý giải trí và sự kiện
124604,QHK,quan-ly-giai-tri-va-su-kien,D01,Điểm thi THPT,2023,24.3,Quản lý giải trí và sự kiện
124605,QHK,quan-ly-giai-tri-va-su-kien,D03,Điểm thi THPT,2023,24.0,Quản lý giải trí và sự kiện
124606,QHK,quan-ly-giai-tri-va-su-kien,D04,Điểm thi THPT,2023,24.44,Quản lý giải trí và sự kiện
124607,QHK,quan-ly-giai-tri-va-su-kien,A00,Điểm thi THPT,2024,25.1,Quản lý giải trí và sự kiện
124608,QHK,quan-ly-giai-tri-va-su-kien,A01,Điểm thi THPT,2024,25.01,Quản lý giải trí và sự kiện
124609,QHK,quan-ly-giai-tri-va-su-kien,C00,Điểm thi THPT,2024,27.58,Quản lý giải trí và sự kiện
124610,QHK,quan-ly-giai-tri-va-su-kien,D01,Điểm thi THPT,2024,25.36,Quản lý giải trí và sự kiện
124611,QHK,quan-ly-giai-tri-va-su-kien,D03,Điểm thi THPT,2024,25.68,Quản lý giải trí và sự kiện
124612,QHK,quan-ly-giai-tri-va-su-kien,D04,Điểm thi THPT,2024,25.36,Quản lý giải trí và sự kiện
124613,QHK,quan-ly-giai-tri-va-su-kien,A00,Điểm thi THPT,2025,26.1,Quản lý giải trí và sự kiện
124614,QHK,quan-ly-giai-tri-va-su-kien,A01,Điểm thi THPT,2025,24.6,Quản lý giải trí và sự kiện
124615,QHK,quan-ly-giai-tri-va-su-kien,C00,Điểm thi THPT,2025,27.1,Quản lý giải trí và sự kiện
124616,QHK,quan-ly-giai-tri-va-su-kien,C01,Điểm thi THPT,2025,25.85,Quản lý giải trí và sự kiện
124617,QHK,quan-ly-giai-tri-va-su-kien,C02,Điểm thi THPT,2025,25.85,Quản lý giải trí và sự kiện
124618,QHK,quan-ly-giai-tri-va-su-kien,C03,Điểm thi THPT,2025,26.1,Quản lý giải trí và sự kiện
124619,QHK,quan-ly-giai-tri-va-su-kien,C04,Điểm thi THPT,2025,26.1,Quản lý giải trí và sự kiện
124620,QHK,quan-ly-giai-tri-va-su-kien,D01,Điểm thi THPT,2025,24.1,Quản lý giải trí và sự kiện
124621,QHK,quan-ly-giai-tri-va-su-kien,D03,Điểm thi THPT,2025,24.1,Quản lý giải trí và sự kiện
124622,QHK,quan-ly-giai-tri-va-su-kien,D04,Điểm thi THPT,2025,24.1,Quản lý giải trí và sự kiện
124623,QHK,quan-ly-giai-tri-va-su-kien,D09,Điểm thi THPT,2025,24.1,Quản lý giải trí và sự kiện
124624,QHK,quan-ly-giai-tri-va-su-kien,D10,Điểm thi THPT,2025,24.1,Quản lý giải trí và sự kiện
124625,QHK,quan-ly-giai-tri-va-su-kien,D14,Điểm thi THPT,2025,25.6,Quản lý giải trí và sự kiện
124626,QHK,quan-ly-giai-tri-va-su-kien,D15,Điểm thi THPT,2025,25.6,Quản lý giải trí và sự kiện
124627,QHK,quan-ly-giai-tri-va-su-kien,D19,Điểm thi THPT,2025,25.6,Quản lý giải trí và sự kiện
124628,QHK,quan-ly-giai-tri-va-su-kien,D20,Điểm thi THPT,2025,25.6,Quản lý giải trí và sự kiện
124629,QHK,quan-ly-giai-tri-va-su-kien,D29,Điểm thi THPT,2025,25.6,Quản lý giải trí và sự kiện
124630,QHK,quan-ly-giai-tri-va-su-kien,D30,Điểm thi THPT,2025,25.6,Quản lý giải trí và sự kiện
124631,QHK,quan-ly-giai-tri-va-su-kien,D39,Điểm thi THPT,2025,25.6,Quản lý giải trí và sự kiện
124632,QHK,quan-ly-giai-tri-va-su-kien,D40,Điểm thi THPT,2025,25.6,Quản lý giải trí và sự kiện
124633,QHK,quan-ly-giai-tri-va-su-kien,D44,Điểm thi THPT,2025,25.6,Quản lý giải trí và sự kiện
124634,QHK,quan-ly-giai-tri-va-su-kien,D45,Điểm thi THPT,2025,25.6,Quản lý giải trí và sự kiện
124635,QHK,quan-ly-giai-tri-va-su-kien,D64,Điểm thi THPT,2025,25.6,Quản lý giải trí và sự kiện
124636,QHK,quan-ly-giai-tri-va-su-kien,D65,Điểm thi THPT,2025,25.6,Quản lý giải trí và sự kiện
124637,QHK,quan-ly-giai-tri-va-su-kien,X01,Điểm thi THPT,2025,26.1,Quản lý giải trí và sự kiện
124638,QHK,quan-ly-giai-tri-va-su-kien,X25,Điểm thi THPT,2025,25.6,Quản lý giải trí và sự kiện
124639,QHK,quan-ly-giai-tri-va-su-kien,X33,Điểm thi THPT,2025,25.6,Quản lý giải trí và sự kiện
124640,QHK,quan-ly-giai-tri-va-su-kien,X37,Điểm thi THPT,2025,25.6,Quản lý giải trí và sự kiện
124641,QHK,quan-ly-giai-tri-va-su-kien,X78,Điểm thi THPT,2025,26.1,Quản lý giải trí và sự kiện
124642,QHK,quan-ly-giai-tri-va-su-kien,X86,Điểm thi THPT,2025,26.1,Quản lý giải trí và sự kiện
124643,QHK,quan-ly-giai-tri-va-su-kien,X90,Điểm thi THPT,2025,26.1,Quản lý giải trí và sự kiện
124644,QHK,quan-tri-do-thi-thong-minh-va-ben-vung,A00,Điểm thi THPT,2022,23.9,Quản trị đô thị thông minh và bền vững
124645,QHK,quan-tri-do-thi-thong-minh-va-ben-vung,A01,Điểm thi THPT,2022,23.9,Quản trị đô thị thông minh và bền vững
124646,QHK,quan-tri-do-thi-thong-minh-va-ben-vung,D01,Điểm thi THPT,2022,23.9,Quản trị đô thị thông minh và bền vững
124647,QHK,quan-tri-do-thi-thong-minh-va-ben-vung,D03,Điểm thi THPT,2022,23.9,Quản trị đô thị thông minh và bền vững
124648,QHK,quan-tri-do-thi-thong-minh-va-ben-vung,D04,Điểm thi THPT,2022,23.9,Quản trị đô thị thông minh và bền vững
124649,QHK,quan-tri-do-thi-thong-minh-va-ben-vung,A00,Điểm thi THPT,2023,23.05,Quản trị đô thị thông minh và bền vững
124650,QHK,quan-tri-do-thi-thong-minh-va-ben-vung,A01,Điểm thi THPT,2023,23.15,Quản trị đô thị thông minh và bền vững
124651,QHK,quan-tri-do-thi-thong-minh-va-ben-vung,D01,Điểm thi THPT,2023,22.0,Quản trị đô thị thông minh và bền vững
124652,QHK,quan-tri-do-thi-thong-minh-va-ben-vung,D03,Điểm thi THPT,2023,24.05,Quản trị đô thị thông minh và bền vững
124653,QHK,quan-tri-do-thi-thong-minh-va-ben-vung,D04,Điểm thi THPT,2023,24.65,Quản trị đô thị thông minh và bền vững
124654,QHK,quan-tri-do-thi-thong-minh-va-ben-vung,D07,Điểm thi THPT,2023,22.2,Quản trị đô thị thông minh và bền vững
124655,QHK,quan-tri-do-thi-thong-minh-va-ben-vung,A00,Điểm thi THPT,2024,23.14,Quản trị đô thị thông minh và bền vững
124656,QHK,quan-tri-do-thi-thong-minh-va-ben-vung,A01,Điểm thi THPT,2024,23.47,Quản trị đô thị thông minh và bền vững
124657,QHK,quan-tri-do-thi-thong-minh-va-ben-vung,D01,Điểm thi THPT,2024,24.07,Quản trị đô thị thông minh và bền vững
124658,QHK,quan-tri-do-thi-thong-minh-va-ben-vung,D03,Điểm thi THPT,2024,23.5,Quản trị đô thị thông minh và bền vững
124659,QHK,quan-tri-do-thi-thong-minh-va-ben-vung,D04,Điểm thi THPT,2024,24.4,Quản trị đô thị thông minh và bền vững
124660,QHK,quan-tri-do-thi-thong-minh-va-ben-vung,D07,Điểm thi THPT,2024,23.1,Quản trị đô thị thông minh và bền vững
124661,QHK,quan-tri-do-thi-thong-minh-va-ben-vung,A00,Điểm thi THPT,2025,23.1,Quản trị đô thị thông minh và bền vững
124662,QHK,quan-tri-do-thi-thong-minh-va-ben-vung,A01,Điểm thi THPT,2025,21.85,Quản trị đô thị thông minh và bền vững
124663,QHK,quan-tri-do-thi-thong-minh-va-ben-vung,A04,Điểm thi THPT,2025,23.1,Quản trị đô thị thông minh và bền vững
124664,QHK,quan-tri-do-thi-thong-minh-va-ben-vung,C04,Điểm thi THPT,2025,23.6,Quản trị đô thị thông minh và bền vững
124665,QHK,quan-tri-do-thi-thong-minh-va-ben-vung,D01,Điểm thi THPT,2025,21.6,Quản trị đô thị thông minh và bền vững
124666,QHK,quan-tri-do-thi-thong-minh-va-ben-vung,D03,Điểm thi THPT,2025,21.6,Quản trị đô thị thông minh và bền vững
124667,QHK,quan-tri-do-thi-thong-minh-va-ben-vung,D04,Điểm thi THPT,2025,21.6,Quản trị đô thị thông minh và bền vững
124668,QHK,quan-tri-do-thi-thong-minh-va-ben-vung,D07,Điểm thi THPT,2025,22.1,Quản trị đô thị thông minh và bền vững
124669,QHK,quan-tri-do-thi-thong-minh-va-ben-vung,D10,Điểm thi THPT,2025,22.1,Quản trị đô thị thông minh và bền vững
124670,QHK,quan-tri-do-thi-thong-minh-va-ben-vung,D19,Điểm thi THPT,2025,22.1,Quản trị đô thị thông minh và bền vững
124671,QHK,quan-tri-do-thi-thong-minh-va-ben-vung,D20,Điểm thi THPT,2025,22.1,Quản trị đô thị thông minh và bền vững
124672,QHK,quan-tri-do-thi-thong-minh-va-ben-vung,D24,Điểm thi THPT,2025,22.1,Quản trị đô thị thông minh và bền vững
124673,QHK,quan-tri-do-thi-thong-minh-va-ben-vung,D25,Điểm thi THPT,2025,22.1,Quản trị đô thị thông minh và bền vững
124674,QHK,quan-tri-do-thi-thong-minh-va-ben-vung,D29,Điểm thi THPT,2025,22.1,Quản trị đô thị thông minh và bền vững
124675,QHK,quan-tri-do-thi-thong-minh-va-ben-vung,D30,Điểm thi THPT,2025,22.1,Quản trị đô thị thông minh và bền vững
124676,QHK,quan-tri-do-thi-thong-minh-va-ben-vung,X06,Điểm thi THPT,2025,24.1,Quản trị đô thị thông minh và bền vững
124677,QHK,quan-tri-do-thi-thong-minh-va-ben-vung,X07,Điểm thi THPT,2025,23.6,Quản trị đô thị thông minh và bền vững
124678,QHK,quan-tri-do-thi-thong-minh-va-ben-vung,X22,Điểm thi THPT,2025,24.1,Quản trị đô thị thông minh và bền vững
124679,QHK,quan-tri-do-thi-thong-minh-va-ben-vung,X23,Điểm thi THPT,2025,23.6,Quản trị đô thị thông minh và bền vững
124680,QHK,quan-tri-tai-nguyen-di-san,A01,Điểm thi THPT,2022,24.78,Quản trị tài nguyên di sản
124681,QHK,quan-tri-tai-nguyen-di-san,C00,Điểm thi THPT,2022,24.78,Quản trị tài nguyên di sản
124682,QHK,quan-tri-tai-nguyen-di-san,D01,Điểm thi THPT,2022,24.78,Quản trị tài nguyên di sản
124683,QHK,quan-tri-tai-nguyen-di-san,D03,Điểm thi THPT,2022,24.78,Quản trị tài nguyên di sản
124684,QHK,quan-tri-tai-nguyen-di-san,D04,Điểm thi THPT,2022,24.78,Quản trị tài nguyên di sản
124685,QHK,quan-tri-tai-nguyen-di-san,D78,Điểm thi THPT,2022,24.78,Quản trị tài nguyên di sản
124686,QHK,quan-tri-tai-nguyen-di-san,D82,Điểm thi THPT,2022,24.78,Quản trị tài nguyên di sản
124687,QHK,quan-tri-tai-nguyen-di-san,D83,Điểm thi THPT,2022,24.78,Quản trị tài nguyên di sản
124688,QHK,quan-tri-tai-nguyen-di-san,A01,Điểm thi THPT,2023,22.45,Quản trị tài nguyên di sản
124689,QHK,quan-tri-tai-nguyen-di-san,C00,Điểm thi THPT,2023,23.48,Quản trị tài nguyên di sản
124690,QHK,quan-tri-tai-nguyen-di-san,D01,Điểm thi THPT,2023,22.2,Quản trị tài nguyên di sản
124691,QHK,quan-tri-tai-nguyen-di-san,D03,Điểm thi THPT,2023,22.0,Quản trị tài nguyên di sản
124692,QHK,quan-tri-tai-nguyen-di-san,D04,Điểm thi THPT,2023,24.4,Quản trị tài nguyên di sản
124693,QHK,quan-tri-tai-nguyen-di-san,D78,Điểm thi THPT,2023,22.42,Quản trị tài nguyên di sản
124694,QHK,quan-tri-tai-nguyen-di-san,A01,Điểm thi THPT,2024,24.1,Quản trị tài nguyên di sản
124695,QHK,quan-tri-tai-nguyen-di-san,C00,Điểm thi THPT,2024,26.38,Quản trị tài nguyên di sản
124696,QHK,quan-tri-tai-nguyen-di-san,D01,Điểm thi THPT,2024,24.12,Quản trị tài nguyên di sản
124697,QHK,quan-tri-tai-nguyen-di-san,D03,Điểm thi THPT,2024,24.3,Quản trị tài nguyên di sản
124698,QHK,quan-tri-tai-nguyen-di-san,D04,Điểm thi THPT,2024,24.3,Quản trị tài nguyên di sản
124699,QHK,quan-tri-tai-nguyen-di-san,D78,Điểm thi THPT,2024,25.01,Quản trị tài nguyên di sản
124700,QHK,quan-tri-tai-nguyen-di-san,A01,Điểm thi THPT,2025,23.88,Quản trị tài nguyên di sản
124701,QHK,quan-tri-tai-nguyen-di-san,C00,Điểm thi THPT,2025,26.38,Quản trị tài nguyên di sản
124702,QHK,quan-tri-tai-nguyen-di-san,C03,Điểm thi THPT,2025,24.88,Quản trị tài nguyên di sản
124703,QHK,quan-tri-tai-nguyen-di-san,C04,Điểm thi THPT,2025,24.88,Quản trị tài nguyên di sản
124704,QHK,quan-tri-tai-nguyen-di-san,D01,Điểm thi THPT,2025,23.63,Quản trị tài nguyên di sản
124705,QHK,quan-tri-tai-nguyen-di-san,D03,Điểm thi THPT,2025,23.63,Quản trị tài nguyên di sản
124706,QHK,quan-tri-tai-nguyen-di-san,D04,Điểm thi THPT,2025,23.63,Quản trị tài nguyên di sản
124707,QHK,quan-tri-tai-nguyen-di-san,D14,Điểm thi THPT,2025,24.38,Quản trị tài nguyên di sản
124708,QHK,quan-tri-tai-nguyen-di-san,D15,Điểm thi THPT,2025,24.38,Quản trị tài nguyên di sản
124709,QHK,quan-tri-tai-nguyen-di-san,D29,Điểm thi THPT,2025,24.88,Quản trị tài nguyên di sản
124710,QHK,quan-tri-tai-nguyen-di-san,D30,Điểm thi THPT,2025,24.88,Quản trị tài nguyên di sản
124711,QHK,quan-tri-tai-nguyen-di-san,D44,Điểm thi THPT,2025,24.88,Quản trị tài nguyên di sản
124712,QHK,quan-tri-tai-nguyen-di-san,D45,Điểm thi THPT,2025,24.88,Quản trị tài nguyên di sản
124713,QHK,quan-tri-tai-nguyen-di-san,D64,Điểm thi THPT,2025,24.88,Quản trị tài nguyên di sản
124714,QHK,quan-tri-tai-nguyen-di-san,D65,Điểm thi THPT,2025,24.88,Quản trị tài nguyên di sản
124715,QHK,quan-tri-tai-nguyen-di-san,X78,Điểm thi THPT,2025,24.38,Quản trị tài nguyên di sản
124716,QHK,quan-tri-tai-nguyen-di-san,X86,Điểm thi THPT,2025,24.38,Quản trị tài nguyên di sản
124717,QHK,quan-tri-tai-nguyen-di-san,X90,Điểm thi THPT,2025,24.38,Quản trị tài nguyên di sản
124718,QHK,quan-tri-thuong-hieu,A00,Điểm thi THPT,2022,26.76,Quản trị thương hiệu
124719,QHK,quan-tri-thuong-hieu,A01,Điểm thi THPT,2022,26.76,Quản trị thương hiệu
124720,QHK,quan-tri-thuong-hieu,C00,Điểm thi THPT,2022,26.76,Quản trị thương hiệu
124721,QHK,quan-tri-thuong-hieu,D01,Điểm thi THPT,2022,26.76,Quản trị thương hiệu
124722,QHK,quan-tri-thuong-hieu,D03,Điểm thi THPT,2022,26.76,Quản trị thương hiệu
124723,QHK,quan-tri-thuong-hieu,D04,Điểm thi THPT,2022,26.76,Quản trị thương hiệu
124724,QHK,quan-tri-thuong-hieu,A00,Điểm thi THPT,2023,24.17,Quản trị thương hiệu
124725,QHK,quan-tri-thuong-hieu,A01,Điểm thi THPT,2023,24.2,Quản trị thương hiệu
124726,QHK,quan-tri-thuong-hieu,C00,Điểm thi THPT,2023,26.13,Quản trị thương hiệu
124727,QHK,quan-tri-thuong-hieu,D01,Điểm thi THPT,2023,24.7,Quản trị thương hiệu
124728,QHK,quan-tri-thuong-hieu,D03,Điểm thi THPT,2023,24.6,Quản trị thương hiệu
124729,QHK,quan-tri-thuong-hieu,D04,Điểm thi THPT,2023,25.02,Quản trị thương hiệu
124730,QHK,quan-tri-thuong-hieu,A00,Điểm thi THPT,2024,25.15,Quản trị thương hiệu
124731,QHK,quan-tri-thuong-hieu,A01,Điểm thi THPT,2024,25.05,Quản trị thương hiệu
124732,QHK,quan-tri-thuong-hieu,C00,Điểm thi THPT,2024,27.83,Quản trị thương hiệu
124733,QHK,quan-tri-thuong-hieu,D01,Điểm thi THPT,2024,25.36,Quản trị thương hiệu
124734,QHK,quan-tri-thuong-hieu,D03,Điểm thi THPT,2024,25.15,Quản trị thương hiệu
124735,QHK,quan-tri-thuong-hieu,D04,Điểm thi THPT,2024,25.29,Quản trị thương hiệu
124736,QHK,quan-tri-thuong-hieu,A00,Điểm thi THPT,2025,26.0,Quản trị thương hiệu
124737,QHK,quan-tri-thuong-hieu,A01,Điểm thi THPT,2025,24.5,Quản trị thương hiệu
124738,QHK,quan-tri-thuong-hieu,C00,Điểm thi THPT,2025,27.0,Quản trị thương hiệu
124739,QHK,quan-tri-thuong-hieu,C01,Điểm thi THPT,2025,25.75,Quản trị thương hiệu
124740,QHK,quan-tri-thuong-hieu,C02,Điểm thi THPT,2025,25.75,Quản trị thương hiệu
124741,QHK,quan-tri-thuong-hieu,C03,Điểm thi THPT,2025,26.0,Quản trị thương hiệu
124742,QHK,quan-tri-thuong-hieu,C04,Điểm thi THPT,2025,26.0,Quản trị thương hiệu
124743,QHK,quan-tri-thuong-hieu,D01,Điểm thi THPT,2025,24.0,Quản trị thương hiệu
124744,QHK,quan-tri-thuong-hieu,D03,Điểm thi THPT,2025,24.0,Quản trị thương hiệu
124745,QHK,quan-tri-thuong-hieu,D04,Điểm thi THPT,2025,24.0,Quản trị thương hiệu
124746,QHK,quan-tri-thuong-hieu,D09,Điểm thi THPT,2025,24.0,Quản trị thương hiệu
124747,QHK,quan-tri-thuong-hieu,D10,Điểm thi THPT,2025,24.0,Quản trị thương hiệu
124748,QHK,quan-tri-thuong-hieu,D14,Điểm thi THPT,2025,25.5,Quản trị thương hiệu
124749,QHK,quan-tri-thuong-hieu,D15,Điểm thi THPT,2025,25.5,Quản trị thương hiệu
124750,QHK,quan-tri-thuong-hieu,D19,Điểm thi THPT,2025,25.5,Quản trị thương hiệu
124751,QHK,quan-tri-thuong-hieu,D20,Điểm thi THPT,2025,25.5,Quản trị thương hiệu
124752,QHK,quan-tri-thuong-hieu,D29,Điểm thi THPT,2025,25.5,Quản trị thương hiệu
124753,QHK,quan-tri-thuong-hieu,D30,Điểm thi THPT,2025,25.5,Quản trị thương hiệu
124754,QHK,quan-tri-thuong-hieu,D39,Điểm thi THPT,2025,25.5,Quản trị thương hiệu
124755,QHK,quan-tri-thuong-hieu,D40,Điểm thi THPT,2025,25.5,Quản trị thương hiệu
124756,QHK,quan-tri-thuong-hieu,D44,Điểm thi THPT,2025,25.5,Quản trị thương hiệu
124757,QHK,quan-tri-thuong-hieu,D45,Điểm thi THPT,2025,25.5,Quản trị thương hiệu
124758,QHK,quan-tri-thuong-hieu,D64,Điểm thi THPT,2025,25.5,Quản trị thương hiệu
124759,QHK,quan-tri-thuong-hieu,D65,Điểm thi THPT,2025,25.5,Quản trị thương hiệu
124760,QHK,quan-tri-thuong-hieu,X01,Điểm thi THPT,2025,26.0,Quản trị thương hiệu
124761,QHK,quan-tri-thuong-hieu,X25,Điểm thi THPT,2025,25.5,Quản trị thương hiệu
124762,QHK,quan-tri-thuong-hieu,X33,Điểm thi THPT,2025,25.5,Quản trị thương hiệu
124763,QHK,quan-tri-thuong-hieu,X37,Điểm thi THPT,2025,25.5,Quản trị thương hiệu
124764,QHK,quan-tri-thuong-hieu,X78,Điểm thi THPT,2025,26.0,Quản trị thương hiệu
124765,QHK,quan-tri-thuong-hieu,X86,Điểm thi THPT,2025,26.0,Quản trị thương hiệu
124766,QHK,quan-tri-thuong-hieu,X90,Điểm thi THPT,2025,26.0,Quản trị thương hiệu
124767,QHK,thiet-ke-noi-that-ben-vung,H01,Điểm thi THPT,2023,23.85,Thiết kế nội thất bền vững
124768,QHK,thiet-ke-noi-that-ben-vung,H04,Điểm thi THPT,2023,23.85,Thiết kế nội thất bền vững
124769,QHK,thiet-ke-noi-that-ben-vung,H05,Điểm thi THPT,2023,23.85,Thiết kế nội thất bền vững
124770,QHK,thiet-ke-noi-that-ben-vung,H06,Điểm thi THPT,2023,23.85,Thiết kế nội thất bền vững
124771,QHK,thiet-ke-noi-that-ben-vung,H01,Điểm thi THPT,2025,22.98,Thiết kế nội thất bền vững
124772,QHK,thiet-ke-noi-that-ben-vung,H04,Điểm thi THPT,2025,22.48,Thiết kế nội thất bền vững
124773,QHK,thiet-ke-noi-that-ben-vung,H06,Điểm thi THPT,2025,22.98,Thiết kế nội thất bền vững
124774,QHK,thiet-ke-noi-that-ben-vung,H08,Điểm thi THPT,2025,23.48,Thiết kế nội thất bền vững
124775,QHK,thiet-ke-noi-that-ben-vung,H09,Điểm thi THPT,2025,23.48,Thiết kế nội thất bền vững
124776,QHK,thiet-ke-noi-that-ben-vung,H10,Điểm thi THPT,2025,22.98,Thiết kế nội thất bền vững
124777,QHK,thiet-ke-noi-that-ben-vung,H11,Điểm thi THPT,2025,22.98,Thiết kế nội thất bền vững
124778,QHK,thoi-trang-va-sang-tao,H01,Điểm thi THPT,2023,23.5,Thời trang và sáng tạo
124779,QHK,thoi-trang-va-sang-tao,H04,Điểm thi THPT,2023,23.5,Thời trang và sáng tạo
124780,QHK,thoi-trang-va-sang-tao,H05,Điểm thi THPT,2023,23.5,Thời trang và sáng tạo
124781,QHK,thoi-trang-va-sang-tao,H06,Điểm thi THPT,2023,23.5,Thời trang và sáng tạo
124782,QHK,thoi-trang-va-sang-tao,H01,Điểm thi THPT,2025,22.95,Thời trang và sáng tạo
124783,QHK,thoi-trang-va-sang-tao,H04,Điểm thi THPT,2025,22.45,Thời trang và sáng tạo
124784,QHK,thoi-trang-va-sang-tao,H06,Điểm thi THPT,2025,22.95,Thời trang và sáng tạo
124785,QHK,thoi-trang-va-sang-tao,H08,Điểm thi THPT,2025,23.45,Thời trang và sáng tạo
124786,QHK,thoi-trang-va-sang-tao,H09,Điểm thi THPT,2025,23.45,Thời trang và sáng tạo
124787,QHK,thoi-trang-va-sang-tao,H10,Điểm thi THPT,2025,22.95,Thời trang và sáng tạo
124788,QHK,thoi-trang-va-sang-tao,H11,Điểm thi THPT,2025,22.95,Thời trang và sáng tạo
124789,QHL,luat,A00,Điểm thi THPT,2021,25.15,Luật
124790,QHL,luat,C00,Điểm thi THPT,2021,27.75,Luật
124791,QHL,luat,D01,Điểm thi THPT,2021,26.1,Luật
124792,QHL,luat,D03,Điểm thi THPT,2021,25.5,Luật
124793,QHL,luat,D78,Điểm thi THPT,2021,26.55,Luật
124794,QHL,luat,D82,Điểm thi THPT,2021,24.55,Luật
124795,QHL,luat,A00,Điểm thi THPT,2022,24.9,Luật
124796,QHL,luat,A01,Điểm thi THPT,2022,24.7,Luật
124797,QHL,luat,C00,Điểm thi THPT,2022,28.25,Luật
124798,QHL,luat,D01,Điểm thi THPT,2022,25.3,Luật
124799,QHL,luat,D03,Điểm thi THPT,2022,24.45,Luật
124800,QHL,luat,D07,Điểm thi THPT,2022,24.7,Luật
124801,QHL,luat,D78,Điểm thi THPT,2022,26.22,Luật
124802,QHL,luat,D82,Điểm thi THPT,2022,22.62,Luật
124803,QHL,luat,A00,Điểm thi THPT,2023,24.35,Luật
124804,QHL,luat,C00,Điểm thi THPT,2023,27.5,Luật
124805,QHL,luat,D01,Điểm thi THPT,2023,25.1,Luật
124806,QHL,luat,D03,Điểm thi THPT,2023,24.6,Luật
124807,QHL,luat,D78,Điểm thi THPT,2023,25.1,Luật
124808,QHL,luat,D82,Điểm thi THPT,2023,24.28,Luật
124809,QHL,luat,A01,Điểm thi THPT,2024,24.5,Luật
124810,QHL,luat,C00,Điểm thi THPT,2024,28.36,Luật
124811,QHL,luat,D01,Điểm thi THPT,2024,25.4,Luật
124812,QHL,luat,D03,Điểm thi THPT,2024,25.0,Luật
124813,QHL,luat,D78,Điểm thi THPT,2024,26.52,Luật
124814,QHL,luat,D82,Điểm thi THPT,2024,25.0,Luật
124815,QHL,luat-chat-luong-cao,A01,Điểm thi THPT,2023,25.1,Luật chất lượng cao
124816,QHL,luat-chat-luong-cao,D01,Điểm thi THPT,2023,25.1,Luật chất lượng cao
124817,QHL,luat-chat-luong-cao,D07,Điểm thi THPT,2023,25.1,Luật chất lượng cao
124818,QHL,luat-chat-luong-cao,D78,Điểm thi THPT,2023,25.1,Luật chất lượng cao
124819,QHL,luat-chat-luong-cao,A01,Điểm thi THPT,2024,24.5,Luật chất lượng cao
124820,QHL,luat-chat-luong-cao,D01,Điểm thi THPT,2024,25.4,Luật chất lượng cao
124821,QHL,luat-chat-luong-cao,D78,Điểm thi THPT,2024,26.52,Luật chất lượng cao
124822,QHL,luat-clc,A01,Điểm thi THPT,2021,25.85,Luật CLC
124823,QHL,luat-clc,D01,Điểm thi THPT,2021,25.85,Luật CLC
124824,QHL,luat-clc,D07,Điểm thi THPT,2021,25.85,Luật CLC
124825,QHL,luat-clc,D78,Điểm thi THPT,2021,25.85,Luật CLC
124826,QHL,luat-clc,A01,Điểm thi THPT,2025,24.2,Luật CLC
124827,QHL,luat-clc,A07,Điểm thi THPT,2025,24.2,Luật CLC
124828,QHL,luat-clc,C03,Điểm thi THPT,2025,24.2,Luật CLC
124829,QHL,luat-clc,D01,Điểm thi THPT,2025,24.2,Luật CLC
124830,QHL,luat-clc,D14,Điểm thi THPT,2025,24.2,Luật CLC
124831,QHL,luat-clc,D15,Điểm thi THPT,2025,24.2,Luật CLC
124832,QHL,luat-hoc,A01,Điểm thi THPT,2025,24.2,Luật học
124833,QHL,luat-hoc,A07,Điểm thi THPT,2025,24.2,Luật học
124834,QHL,luat-hoc,C03,Điểm thi THPT,2025,24.2,Luật học
124835,QHL,luat-hoc,D01,Điểm thi THPT,2025,24.2,Luật học
124836,QHL,luat-hoc,D14,Điểm thi THPT,2025,24.2,Luật học
124837,QHL,luat-hoc,D15,Điểm thi THPT,2025,24.2,Luật học
124838,QHL,luat-kinh-doanh,A00,Điểm thi THPT,2021,26.05,Luật kinh doanh
124839,QHL,luat-kinh-doanh,A01,Điểm thi THPT,2021,26.05,Luật kinh doanh
124840,QHL,luat-kinh-doanh,D01,Điểm thi THPT,2021,26.05,Luật kinh doanh
124841,QHL,luat-kinh-doanh,D03,Điểm thi THPT,2021,26.05,Luật kinh doanh
124842,QHL,luat-kinh-doanh,D90,Điểm thi THPT,2021,26.05,Luật kinh doanh
124843,QHL,luat-kinh-doanh,D91,Điểm thi THPT,2021,26.05,Luật kinh doanh
124844,QHL,luat-kinh-doanh,A00,Điểm thi THPT,2022,25.1,Luật kinh doanh
124845,QHL,luat-kinh-doanh,A01,Điểm thi THPT,2022,25.1,Luật kinh doanh
124846,QHL,luat-kinh-doanh,D01,Điểm thi THPT,2022,25.1,Luật kinh doanh
124847,QHL,luat-kinh-doanh,D03,Điểm thi THPT,2022,25.1,Luật kinh doanh
124848,QHL,luat-kinh-doanh,D90,Điểm thi THPT,2022,25.1,Luật kinh doanh
124849,QHL,luat-kinh-doanh,D91,Điểm thi THPT,2022,25.1,Luật kinh doanh
124850,QHL,luat-kinh-doanh,A00,Điểm thi THPT,2023,25.29,Luật kinh doanh
124851,QHL,luat-kinh-doanh,A01,Điểm thi THPT,2023,25.29,Luật kinh doanh
124852,QHL,luat-kinh-doanh,D01,Điểm thi THPT,2023,25.29,Luật kinh doanh
124853,QHL,luat-kinh-doanh,D03,Điểm thi THPT,2023,25.29,Luật kinh doanh
124854,QHL,luat-kinh-doanh,D78,Điểm thi THPT,2023,25.29,Luật kinh doanh
124855,QHL,luat-kinh-doanh,D82,Điểm thi THPT,2023,25.29,Luật kinh doanh
124856,QHL,luat-kinh-doanh,A00,Điểm thi THPT,2024,25.8,Luật Kinh doanh
124857,QHL,luat-kinh-doanh,A01,Điểm thi THPT,2024,25.8,Luật Kinh doanh
124858,QHL,luat-kinh-doanh,D01,Điểm thi THPT,2024,25.8,Luật Kinh doanh
124859,QHL,luat-kinh-doanh,D03,Điểm thi THPT,2024,25.8,Luật Kinh doanh
124860,QHL,luat-kinh-doanh,D78,Điểm thi THPT,2024,25.8,Luật Kinh doanh
124861,QHL,luat-kinh-doanh,D82,Điểm thi THPT,2024,25.8,Luật Kinh doanh
124862,QHL,luat-kinh-doanh,A01,Điểm thi THPT,2025,23.72,Luật Kinh doanh
124863,QHL,luat-kinh-doanh,A07,Điểm thi THPT,2025,23.72,Luật Kinh doanh
124864,QHL,luat-kinh-doanh,C03,Điểm thi THPT,2025,23.72,Luật Kinh doanh
124865,QHL,luat-kinh-doanh,D01,Điểm thi THPT,2025,23.72,Luật Kinh doanh
124866,QHL,luat-kinh-doanh,D14,Điểm thi THPT,2025,23.72,Luật Kinh doanh
124867,QHL,luat-kinh-doanh,D15,Điểm thi THPT,2025,23.72,Luật Kinh doanh
124868,QHL,luat-thuong-mai-quoc-te,A00,Điểm thi THPT,2021,26.5,Luật thương mại quốc tế
124869,QHL,luat-thuong-mai-quoc-te,A01,Điểm thi THPT,2021,26.5,Luật thương mại quốc tế
124870,QHL,luat-thuong-mai-quoc-te,D01,Điểm thi THPT,2021,26.5,Luật thương mại quốc tế
124871,QHL,luat-thuong-mai-quoc-te,D78,Điểm thi THPT,2021,26.5,Luật thương mại quốc tế
124872,QHL,luat-thuong-mai-quoc-te,D82,Điểm thi THPT,2021,26.5,Luật thương mại quốc tế
124873,QHL,luat-thuong-mai-quoc-te,A00,Điểm thi THPT,2022,25.68,Luật thương mại quốc tế
124874,QHL,luat-thuong-mai-quoc-te,A01,Điểm thi THPT,2022,25.68,Luật thương mại quốc tế
124875,QHL,luat-thuong-mai-quoc-te,D01,Điểm thi THPT,2022,25.68,Luật thương mại quốc tế
124876,QHL,luat-thuong-mai-quoc-te,D78,Điểm thi THPT,2022,25.68,Luật thương mại quốc tế
124877,QHL,luat-thuong-mai-quoc-te,D82,Điểm thi THPT,2022,25.68,Luật thương mại quốc tế
124878,QHL,luat-thuong-mai-quoc-te,A00,Điểm thi THPT,2023,25.7,Luật thương mại quốc tế
124879,QHL,luat-thuong-mai-quoc-te,A01,Điểm thi THPT,2023,25.7,Luật thương mại quốc tế
124880,QHL,luat-thuong-mai-quoc-te,D01,Điểm thi THPT,2023,25.7,Luật thương mại quốc tế
124881,QHL,luat-thuong-mai-quoc-te,D78,Điểm thi THPT,2023,25.7,Luật thương mại quốc tế
124882,QHL,luat-thuong-mai-quoc-te,D82,Điểm thi THPT,2023,25.7,Luật thương mại quốc tế
124883,QHL,luat-thuong-mai-quoc-te,A00,Điểm thi THPT,2024,26.5,Luật Thương mại quốc tế
124884,QHL,luat-thuong-mai-quoc-te,A01,Điểm thi THPT,2024,26.5,Luật Thương mại quốc tế
124885,QHL,luat-thuong-mai-quoc-te,D01,Điểm thi THPT,2024,26.5,Luật Thương mại quốc tế
124886,QHL,luat-thuong-mai-quoc-te,D78,Điểm thi THPT,2024,26.5,Luật Thương mại quốc tế
124887,QHL,luat-thuong-mai-quoc-te,D82,Điểm thi THPT,2024,26.5,Luật Thương mại quốc tế
124888,QHL,luat-thuong-mai-quoc-te,A01,Điểm thi THPT,2025,24.0,Luật Thương mại quốc tế
124889,QHL,luat-thuong-mai-quoc-te,A07,Điểm thi THPT,2025,24.0,Luật Thương mại quốc tế
124890,QHL,luat-thuong-mai-quoc-te,C03,Điểm thi THPT,2025,24.0,Luật Thương mại quốc tế
124891,QHL,luat-thuong-mai-quoc-te,D01,Điểm thi THPT,2025,24.0,Luật Thương mại quốc tế
124892,QHL,luat-thuong-mai-quoc-te,D14,Điểm thi THPT,2025,24.0,Luật Thương mại quốc tế
124893,QHL,luat-thuong-mai-quoc-te,D15,Điểm thi THPT,2025,24.0,Luật Thương mại quốc tế
124894,QHQ,cong-nghe-tai-chinh-va-kinh-doanh-so,A00,Điểm thi THPT,2022,20.0,Công nghệ tài chính và Kinh doanh số
124895,QHQ,cong-nghe-tai-chinh-va-kinh-doanh-so,A01,Điểm thi THPT,2022,20.0,Công nghệ tài chính và Kinh doanh số
124896,QHQ,cong-nghe-tai-chinh-va-kinh-doanh-so,D01,Điểm thi THPT,2022,20.0,Công nghệ tài chính và Kinh doanh số
124897,QHQ,cong-nghe-tai-chinh-va-kinh-doanh-so,D03,Điểm thi THPT,2022,20.0,Công nghệ tài chính và Kinh doanh số
124898,QHQ,cong-nghe-tai-chinh-va-kinh-doanh-so,D06,Điểm thi THPT,2022,20.0,Công nghệ tài chính và Kinh doanh số
124899,QHQ,cong-nghe-tai-chinh-va-kinh-doanh-so,D07,Điểm thi THPT,2022,20.0,Công nghệ tài chính và Kinh doanh số
124900,QHQ,cong-nghe-tai-chinh-va-kinh-doanh-so,D23,Điểm thi THPT,2022,20.0,Công nghệ tài chính và Kinh doanh số
124901,QHQ,cong-nghe-tai-chinh-va-kinh-doanh-so,D24,Điểm thi THPT,2022,20.0,Công nghệ tài chính và Kinh doanh số
124902,QHQ,cong-nghe-tai-chinh-va-kinh-doanh-so,A00,Điểm thi THPT,2023,22.25,Công nghệ tài chính và kinh doanh số
124903,QHQ,cong-nghe-tai-chinh-va-kinh-doanh-so,A01,Điểm thi THPT,2023,22.25,Công nghệ tài chính và kinh doanh số
124904,QHQ,cong-nghe-tai-chinh-va-kinh-doanh-so,D01,Điểm thi THPT,2023,22.25,Công nghệ tài chính và kinh doanh số
124905,QHQ,cong-nghe-tai-chinh-va-kinh-doanh-so,D03,Điểm thi THPT,2023,22.25,Công nghệ tài chính và kinh doanh số
124906,QHQ,cong-nghe-tai-chinh-va-kinh-doanh-so,D06,Điểm thi THPT,2023,22.25,Công nghệ tài chính và kinh doanh số
124907,QHQ,cong-nghe-tai-chinh-va-kinh-doanh-so,D07,Điểm thi THPT,2023,22.25,Công nghệ tài chính và kinh doanh số
124908,QHQ,cong-nghe-tai-chinh-va-kinh-doanh-so,D23,Điểm thi THPT,2023,22.25,Công nghệ tài chính và kinh doanh số
124909,QHQ,cong-nghe-tai-chinh-va-kinh-doanh-so,D24,Điểm thi THPT,2023,22.25,Công nghệ tài chính và kinh doanh số
124910,QHQ,cong-nghe-tai-chinh-va-kinh-doanh-so,A00,Điểm thi THPT,2024,23.3,Công nghệ tài chính và kinh doanh số
124911,QHQ,cong-nghe-tai-chinh-va-kinh-doanh-so,A01,Điểm thi THPT,2024,23.3,Công nghệ tài chính và kinh doanh số
124912,QHQ,cong-nghe-tai-chinh-va-kinh-doanh-so,D01,Điểm thi THPT,2024,23.3,Công nghệ tài chính và kinh doanh số
124913,QHQ,cong-nghe-tai-chinh-va-kinh-doanh-so,D03,Điểm thi THPT,2024,23.3,Công nghệ tài chính và kinh doanh số
124914,QHQ,cong-nghe-tai-chinh-va-kinh-doanh-so,D06,Điểm thi THPT,2024,23.3,Công nghệ tài chính và kinh doanh số
124915,QHQ,cong-nghe-tai-chinh-va-kinh-doanh-so,D07,Điểm thi THPT,2024,23.3,Công nghệ tài chính và kinh doanh số
124916,QHQ,cong-nghe-tai-chinh-va-kinh-doanh-so,D23,Điểm thi THPT,2024,23.3,Công nghệ tài chính và kinh doanh số
124917,QHQ,cong-nghe-tai-chinh-va-kinh-doanh-so,D24,Điểm thi THPT,2024,23.3,Công nghệ tài chính và kinh doanh số
124918,QHQ,cong-nghe-tai-chinh-va-kinh-doanh-so,A00,Điểm thi THPT,2025,19.5,Công nghệ tài chính và Kinh doanh số
124919,QHQ,cong-nghe-tai-chinh-va-kinh-doanh-so,A01,Điểm thi THPT,2025,19.5,Công nghệ tài chính và Kinh doanh số
124920,QHQ,cong-nghe-tai-chinh-va-kinh-doanh-so,A02,Điểm thi THPT,2025,19.5,Công nghệ tài chính và Kinh doanh số
124921,QHQ,cong-nghe-tai-chinh-va-kinh-doanh-so,C01,Điểm thi THPT,2025,19.5,Công nghệ tài chính và Kinh doanh số
124922,QHQ,cong-nghe-tai-chinh-va-kinh-doanh-so,C02,Điểm thi THPT,2025,19.5,Công nghệ tài chính và Kinh doanh số
124923,QHQ,cong-nghe-tai-chinh-va-kinh-doanh-so,D01,Điểm thi THPT,2025,19.5,Công nghệ tài chính và Kinh doanh số
124924,QHQ,cong-nghe-tai-chinh-va-kinh-doanh-so,D07,Điểm thi THPT,2025,19.5,Công nghệ tài chính và Kinh doanh số
124925,QHQ,cong-nghe-tai-chinh-va-kinh-doanh-so,X02,Điểm thi THPT,2025,19.5,Công nghệ tài chính và Kinh doanh số
124926,QHQ,cong-nghe-tai-chinh-va-kinh-doanh-so,X26,Điểm thi THPT,2025,19.5,Công nghệ tài chính và Kinh doanh số
124927,QHQ,cong-nghe-thong-tin-ung-dung,A00,Điểm thi THPT,2022,20.0,Công nghệ thông tin ứng dụng
124928,QHQ,cong-nghe-thong-tin-ung-dung,A01,Điểm thi THPT,2022,20.0,Công nghệ thông tin ứng dụng
124929,QHQ,cong-nghe-thong-tin-ung-dung,D01,Điểm thi THPT,2022,20.0,Công nghệ thông tin ứng dụng
124930,QHQ,cong-nghe-thong-tin-ung-dung,D03,Điểm thi THPT,2022,20.0,Công nghệ thông tin ứng dụng
124931,QHQ,cong-nghe-thong-tin-ung-dung,D06,Điểm thi THPT,2022,20.0,Công nghệ thông tin ứng dụng
124932,QHQ,cong-nghe-thong-tin-ung-dung,D07,Điểm thi THPT,2022,20.0,Công nghệ thông tin ứng dụng
124933,QHQ,cong-nghe-thong-tin-ung-dung,D23,Điểm thi THPT,2022,20.0,Công nghệ thông tin ứng dụng
124934,QHQ,cong-nghe-thong-tin-ung-dung,D24,Điểm thi THPT,2022,20.0,Công nghệ thông tin ứng dụng
124935,QHQ,cong-nghe-thong-tin-ung-dung,A00,Điểm thi THPT,2023,21.85,Công nghệ thông tin ứng dụng
124936,QHQ,cong-nghe-thong-tin-ung-dung,A01,Điểm thi THPT,2023,21.85,Công nghệ thông tin ứng dụng
124937,QHQ,cong-nghe-thong-tin-ung-dung,D01,Điểm thi THPT,2023,21.85,Công nghệ thông tin ứng dụng
124938,QHQ,cong-nghe-thong-tin-ung-dung,D03,Điểm thi THPT,2023,21.85,Công nghệ thông tin ứng dụng
124939,QHQ,cong-nghe-thong-tin-ung-dung,D06,Điểm thi THPT,2023,21.85,Công nghệ thông tin ứng dụng
124940,QHQ,cong-nghe-thong-tin-ung-dung,D07,Điểm thi THPT,2023,21.85,Công nghệ thông tin ứng dụng
124941,QHQ,cong-nghe-thong-tin-ung-dung,D23,Điểm thi THPT,2023,21.85,Công nghệ thông tin ứng dụng
124942,QHQ,cong-nghe-thong-tin-ung-dung,D24,Điểm thi THPT,2023,21.85,Công nghệ thông tin ứng dụng
124943,QHQ,cong-nghe-thong-tin-ung-dung,A00,Điểm thi THPT,2024,22.75,Công nghệ thông tin ứng dụng
124944,QHQ,cong-nghe-thong-tin-ung-dung,A01,Điểm thi THPT,2024,22.75,Công nghệ thông tin ứng dụng
124945,QHQ,cong-nghe-thong-tin-ung-dung,D01,Điểm thi THPT,2024,22.75,Công nghệ thông tin ứng dụng
124946,QHQ,cong-nghe-thong-tin-ung-dung,D03,Điểm thi THPT,2024,22.75,Công nghệ thông tin ứng dụng
124947,QHQ,cong-nghe-thong-tin-ung-dung,D06,Điểm thi THPT,2024,22.75,Công nghệ thông tin ứng dụng
124948,QHQ,cong-nghe-thong-tin-ung-dung,D07,Điểm thi THPT,2024,22.75,Công nghệ thông tin ứng dụng
124949,QHQ,cong-nghe-thong-tin-ung-dung,D23,Điểm thi THPT,2024,22.75,Công nghệ thông tin ứng dụng
124950,QHQ,cong-nghe-thong-tin-ung-dung,D24,Điểm thi THPT,2024,22.75,Công nghệ thông tin ứng dụng
124951,QHQ,cong-nghe-thong-tin-ung-dung,A00,Điểm thi THPT,2025,19.5,Công nghệ thông tin ứng dụng
124952,QHQ,cong-nghe-thong-tin-ung-dung,A01,Điểm thi THPT,2025,19.5,Công nghệ thông tin ứng dụng
124953,QHQ,cong-nghe-thong-tin-ung-dung,A02,Điểm thi THPT,2025,19.5,Công nghệ thông tin ứng dụng
124954,QHQ,cong-nghe-thong-tin-ung-dung,C01,Điểm thi THPT,2025,19.5,Công nghệ thông tin ứng dụng
124955,QHQ,cong-nghe-thong-tin-ung-dung,C02,Điểm thi THPT,2025,19.5,Công nghệ thông tin ứng dụng
124956,QHQ,cong-nghe-thong-tin-ung-dung,D07,Điểm thi THPT,2025,19.5,Công nghệ thông tin ứng dụng
124957,QHQ,cong-nghe-thong-tin-ung-dung,X02,Điểm thi THPT,2025,19.5,Công nghệ thông tin ứng dụng
124958,QHQ,cong-nghe-thong-tin-ung-dung,X06,Điểm thi THPT,2025,19.5,Công nghệ thông tin ứng dụng
124959,QHQ,cong-nghe-thong-tin-ung-dung,X26,Điểm thi THPT,2025,19.5,Công nghệ thông tin ứng dụng
124960,QHQ,he-thong-thong-tin-quan-ly,A00,Điểm thi THPT,2021,24.8,Hệ thống thông tin quản lý
124961,QHQ,he-thong-thong-tin-quan-ly,A01,Điểm thi THPT,2021,24.8,Hệ thống thông tin quản lý
124962,QHQ,he-thong-thong-tin-quan-ly,D01,Điểm thi THPT,2021,24.8,Hệ thống thông tin quản lý
124963,QHQ,he-thong-thong-tin-quan-ly,D03,Điểm thi THPT,2021,24.8,Hệ thống thông tin quản lý
124964,QHQ,he-thong-thong-tin-quan-ly,D06,Điểm thi THPT,2021,24.8,Hệ thống thông tin quản lý
124965,QHQ,he-thong-thong-tin-quan-ly,D96,Điểm thi THPT,2021,24.8,Hệ thống thông tin quản lý
124966,QHQ,he-thong-thong-tin-quan-ly,D97,Điểm thi THPT,2021,24.8,Hệ thống thông tin quản lý
124967,QHQ,he-thong-thong-tin-quan-ly,A00,Điểm thi THPT,2022,22.5,Hệ thống thông tin quản lý
124968,QHQ,he-thong-thong-tin-quan-ly,A01,Điểm thi THPT,2022,22.5,Hệ thống thông tin quản lý
124969,QHQ,he-thong-thong-tin-quan-ly,D01,Điểm thi THPT,2022,22.5,Hệ thống thông tin quản lý
124970,QHQ,he-thong-thong-tin-quan-ly,D03,Điểm thi THPT,2022,22.5,Hệ thống thông tin quản lý
124971,QHQ,he-thong-thong-tin-quan-ly,D06,Điểm thi THPT,2022,22.5,Hệ thống thông tin quản lý
124972,QHQ,he-thong-thong-tin-quan-ly,D96,Điểm thi THPT,2022,22.5,Hệ thống thông tin quản lý
124973,QHQ,he-thong-thong-tin-quan-ly,D97,Điểm thi THPT,2022,22.5,Hệ thống thông tin quản lý
124974,QHQ,he-thong-thong-tin-quan-ly,A00,Điểm thi THPT,2023,22.6,Hệ thống thông tin quản lý
124975,QHQ,he-thong-thong-tin-quan-ly,A01,Điểm thi THPT,2023,22.6,Hệ thống thông tin quản lý
124976,QHQ,he-thong-thong-tin-quan-ly,D00,Điểm thi THPT,2023,22.6,Hệ thống thông tin quản lý
124977,QHQ,he-thong-thong-tin-quan-ly,D01,Điểm thi THPT,2023,22.6,Hệ thống thông tin quản lý
124978,QHQ,he-thong-thong-tin-quan-ly,D03,Điểm thi THPT,2023,22.6,Hệ thống thông tin quản lý
124979,QHQ,he-thong-thong-tin-quan-ly,D06,Điểm thi THPT,2023,22.6,Hệ thống thông tin quản lý
124980,QHQ,he-thong-thong-tin-quan-ly,D96,Điểm thi THPT,2023,22.6,Hệ thống thông tin quản lý
124981,QHQ,he-thong-thong-tin-quan-ly,D97,Điểm thi THPT,2023,22.6,Hệ thống thông tin quản lý
124982,QHQ,he-thong-thong-tin-quan-ly,A00,Điểm thi THPT,2024,22.35,Hệ thống thông tin quản lý
124983,QHQ,he-thong-thong-tin-quan-ly,A01,Điểm thi THPT,2024,22.35,Hệ thống thông tin quản lý
124984,QHQ,he-thong-thong-tin-quan-ly,D01,Điểm thi THPT,2024,22.35,Hệ thống thông tin quản lý
124985,QHQ,he-thong-thong-tin-quan-ly,D03,Điểm thi THPT,2024,22.35,Hệ thống thông tin quản lý
124986,QHQ,he-thong-thong-tin-quan-ly,D06,Điểm thi THPT,2024,22.35,Hệ thống thông tin quản lý
124987,QHQ,he-thong-thong-tin-quan-ly,D96,Điểm thi THPT,2024,22.35,Hệ thống thông tin quản lý
124988,QHQ,he-thong-thong-tin-quan-ly,D97,Điểm thi THPT,2024,22.35,Hệ thống thông tin quản lý
124989,QHQ,he-thong-thong-tin-quan-ly,A00,Điểm thi THPT,2025,19.5,Hệ thống thông tin quản lý
124990,QHQ,he-thong-thong-tin-quan-ly,A01,Điểm thi THPT,2025,19.5,Hệ thống thông tin quản lý
124991,QHQ,he-thong-thong-tin-quan-ly,A02,Điểm thi THPT,2025,19.5,Hệ thống thông tin quản lý
124992,QHQ,he-thong-thong-tin-quan-ly,C01,Điểm thi THPT,2025,19.5,Hệ thống thông tin quản lý
124993,QHQ,he-thong-thong-tin-quan-ly,C02,Điểm thi THPT,2025,19.5,Hệ thống thông tin quản lý
124994,QHQ,he-thong-thong-tin-quan-ly,D01,Điểm thi THPT,2025,19.5,Hệ thống thông tin quản lý
124995,QHQ,he-thong-thong-tin-quan-ly,D07,Điểm thi THPT,2025,19.5,Hệ thống thông tin quản lý
124996,QHQ,he-thong-thong-tin-quan-ly,X02,Điểm thi THPT,2025,19.5,Hệ thống thông tin quản lý
124997,QHQ,he-thong-thong-tin-quan-ly,X26,Điểm thi THPT,2025,19.5,Hệ thống thông tin quản lý
124998,QHQ,ke-toan-phan-tich-va-kiem-toan,A00,Điểm thi THPT,2021,25.5,"Kế toán, Phân tích và Kiểm toán"
124999,QHQ,ke-toan-phan-tich-va-kiem-toan,A01,Điểm thi THPT,2021,25.5,"Kế toán, Phân tích và Kiểm toán"
125000,QHQ,ke-toan-phan-tich-va-kiem-toan,D01,Điểm thi THPT,2021,25.5,"Kế toán, Phân tích và Kiểm toán"
125001,QHQ,ke-toan-phan-tich-va-kiem-toan,D03,Điểm thi THPT,2021,25.5,"Kế toán, Phân tích và Kiểm toán"
125002,QHQ,ke-toan-phan-tich-va-kiem-toan,D06,Điểm thi THPT,2021,25.5,"Kế toán, Phân tích và Kiểm toán"
125003,QHQ,ke-toan-phan-tich-va-kiem-toan,D96,Điểm thi THPT,2021,25.5,"Kế toán, Phân tích và Kiểm toán"
125004,QHQ,ke-toan-phan-tich-va-kiem-toan,D97,Điểm thi THPT,2021,25.5,"Kế toán, Phân tích và Kiểm toán"
125005,QHQ,ke-toan-phan-tich-va-kiem-toan,A00,Điểm thi THPT,2022,22.5,"Kế toán, Phân tích và Kiểm toán"
125006,QHQ,ke-toan-phan-tich-va-kiem-toan,A01,Điểm thi THPT,2022,22.5,"Kế toán, Phân tích và Kiểm toán"
125007,QHQ,ke-toan-phan-tich-va-kiem-toan,D01,Điểm thi THPT,2022,22.5,"Kế toán, Phân tích và Kiểm toán"
125008,QHQ,ke-toan-phan-tich-va-kiem-toan,D03,Điểm thi THPT,2022,22.5,"Kế toán, Phân tích và Kiểm toán"
125009,QHQ,ke-toan-phan-tich-va-kiem-toan,D06,Điểm thi THPT,2022,22.5,"Kế toán, Phân tích và Kiểm toán"
125010,QHQ,ke-toan-phan-tich-va-kiem-toan,D96,Điểm thi THPT,2022,22.5,"Kế toán, Phân tích và Kiểm toán"
125011,QHQ,ke-toan-phan-tich-va-kiem-toan,D97,Điểm thi THPT,2022,22.5,"Kế toán, Phân tích và Kiểm toán"
125012,QHQ,ke-toan-phan-tich-va-kiem-toan,A00,Điểm thi THPT,2023,22.9,"Kế toán, Phân tích và Kiểm toán"
125013,QHQ,ke-toan-phan-tich-va-kiem-toan,A01,Điểm thi THPT,2023,22.9,"Kế toán, Phân tích và Kiểm toán"
125014,QHQ,ke-toan-phan-tich-va-kiem-toan,D00,Điểm thi THPT,2023,22.9,"Kế toán, Phân tích và Kiểm toán"
125015,QHQ,ke-toan-phan-tich-va-kiem-toan,D01,Điểm thi THPT,2023,22.9,"Kế toán, Phân tích và Kiểm toán"
125016,QHQ,ke-toan-phan-tich-va-kiem-toan,D03,Điểm thi THPT,2023,22.9,"Kế toán, Phân tích và Kiểm toán"
125017,QHQ,ke-toan-phan-tich-va-kiem-toan,D06,Điểm thi THPT,2023,22.9,"Kế toán, Phân tích và Kiểm toán"
125018,QHQ,ke-toan-phan-tich-va-kiem-toan,D96,Điểm thi THPT,2023,22.9,"Kế toán, Phân tích và Kiểm toán"
125019,QHQ,ke-toan-phan-tich-va-kiem-toan,D97,Điểm thi THPT,2023,22.9,"Kế toán, Phân tích và Kiểm toán"
125020,QHQ,ke-toan-phan-tich-va-kiem-toan,A00,Điểm thi THPT,2024,22.75,"Kế toán, Phân tích và Kiểm toán"
125021,QHQ,ke-toan-phan-tich-va-kiem-toan,A01,Điểm thi THPT,2024,22.75,"Kế toán, Phân tích và Kiểm toán"
125022,QHQ,ke-toan-phan-tich-va-kiem-toan,D01,Điểm thi THPT,2024,22.75,"Kế toán, Phân tích và Kiểm toán"
125023,QHQ,ke-toan-phan-tich-va-kiem-toan,D03,Điểm thi THPT,2024,22.75,"Kế toán, Phân tích và Kiểm toán"
125024,QHQ,ke-toan-phan-tich-va-kiem-toan,D06,Điểm thi THPT,2024,22.75,"Kế toán, Phân tích và Kiểm toán"
125025,QHQ,ke-toan-phan-tich-va-kiem-toan,D96,Điểm thi THPT,2024,22.75,"Kế toán, Phân tích và Kiểm toán"
125026,QHQ,ke-toan-phan-tich-va-kiem-toan,D97,Điểm thi THPT,2024,22.75,"Kế toán, Phân tích và Kiểm toán"
125027,QHQ,ke-toan-phan-tich-va-kiem-toan,A00,Điểm thi THPT,2025,20.0,"Kế toán, Phân tích và Kiểm toán"
125028,QHQ,ke-toan-phan-tich-va-kiem-toan,A01,Điểm thi THPT,2025,20.0,"Kế toán, Phân tích và Kiểm toán"
125029,QHQ,ke-toan-phan-tich-va-kiem-toan,C01,Điểm thi THPT,2025,20.0,"Kế toán, Phân tích và Kiểm toán"
125030,QHQ,ke-toan-phan-tich-va-kiem-toan,C02,Điểm thi THPT,2025,20.0,"Kế toán, Phân tích và Kiểm toán"
125031,QHQ,ke-toan-phan-tich-va-kiem-toan,D01,Điểm thi THPT,2025,20.0,"Kế toán, Phân tích và Kiểm toán"
125032,QHQ,ke-toan-phan-tich-va-kiem-toan,D07,Điểm thi THPT,2025,20.0,"Kế toán, Phân tích và Kiểm toán"
125033,QHQ,ke-toan-phan-tich-va-kiem-toan,X02,Điểm thi THPT,2025,20.0,"Kế toán, Phân tích và Kiểm toán"
125034,QHQ,ke-toan-phan-tich-va-kiem-toan,X26,Điểm thi THPT,2025,20.0,"Kế toán, Phân tích và Kiểm toán"
125035,QHQ,kinh-doanh-quoc-te,A00,Điểm thi THPT,2021,26.2,Kinh doanh quốc tế
125036,QHQ,kinh-doanh-quoc-te,A01,Điểm thi THPT,2021,26.2,Kinh doanh quốc tế
125037,QHQ,kinh-doanh-quoc-te,D01,Điểm thi THPT,2021,26.2,Kinh doanh quốc tế
125038,QHQ,kinh-doanh-quoc-te,D03,Điểm thi THPT,2021,26.2,Kinh doanh quốc tế
125039,QHQ,kinh-doanh-quoc-te,D06,Điểm thi THPT,2021,26.2,Kinh doanh quốc tế
125040,QHQ,kinh-doanh-quoc-te,D96,Điểm thi THPT,2021,26.2,Kinh doanh quốc tế
125041,QHQ,kinh-doanh-quoc-te,D97,Điểm thi THPT,2021,26.2,Kinh doanh quốc tế
125042,QHQ,kinh-doanh-quoc-te,A00,Điểm thi THPT,2022,24.0,Kinh doanh quốc tế
125043,QHQ,kinh-doanh-quoc-te,A01,Điểm thi THPT,2022,24.0,Kinh doanh quốc tế
125044,QHQ,kinh-doanh-quoc-te,D01,Điểm thi THPT,2022,24.0,Kinh doanh quốc tế
125045,QHQ,kinh-doanh-quoc-te,D03,Điểm thi THPT,2022,24.0,Kinh doanh quốc tế
125046,QHQ,kinh-doanh-quoc-te,D06,Điểm thi THPT,2022,24.0,Kinh doanh quốc tế
125047,QHQ,kinh-doanh-quoc-te,D96,Điểm thi THPT,2022,24.0,Kinh doanh quốc tế
125048,QHQ,kinh-doanh-quoc-te,D97,Điểm thi THPT,2022,24.0,Kinh doanh quốc tế
125049,QHQ,kinh-doanh-quoc-te,A00,Điểm thi THPT,2023,24.35,Kinh doanh quốc tế
125050,QHQ,kinh-doanh-quoc-te,A01,Điểm thi THPT,2023,24.35,Kinh doanh quốc tế
125051,QHQ,kinh-doanh-quoc-te,D00,Điểm thi THPT,2023,24.35,Kinh doanh quốc tế
125052,QHQ,kinh-doanh-quoc-te,D01,Điểm thi THPT,2023,24.35,Kinh doanh quốc tế
125053,QHQ,kinh-doanh-quoc-te,D03,Điểm thi THPT,2023,24.35,Kinh doanh quốc tế
125054,QHQ,kinh-doanh-quoc-te,D06,Điểm thi THPT,2023,24.35,Kinh doanh quốc tế
125055,QHQ,kinh-doanh-quoc-te,D96,Điểm thi THPT,2023,24.35,Kinh doanh quốc tế
125056,QHQ,kinh-doanh-quoc-te,D97,Điểm thi THPT,2023,24.35,Kinh doanh quốc tế
125057,QHQ,kinh-doanh-quoc-te,A00,Điểm thi THPT,2024,23.5,Kinh doanh quốc tế
125058,QHQ,kinh-doanh-quoc-te,A01,Điểm thi THPT,2024,23.5,Kinh doanh quốc tế
125059,QHQ,kinh-doanh-quoc-te,D01,Điểm thi THPT,2024,23.5,Kinh doanh quốc tế
125060,QHQ,kinh-doanh-quoc-te,D03,Điểm thi THPT,2024,23.5,Kinh doanh quốc tế
125061,QHQ,kinh-doanh-quoc-te,D06,Điểm thi THPT,2024,23.5,Kinh doanh quốc tế
125062,QHQ,kinh-doanh-quoc-te,D96,Điểm thi THPT,2024,23.5,Kinh doanh quốc tế
125063,QHQ,kinh-doanh-quoc-te,D97,Điểm thi THPT,2024,23.5,Kinh doanh quốc tế
125064,QHQ,kinh-doanh-quoc-te,A00,Điểm thi THPT,2025,22.0,Kinh doanh quốc tế
125065,QHQ,kinh-doanh-quoc-te,A01,Điểm thi THPT,2025,22.0,Kinh doanh quốc tế
125066,QHQ,kinh-doanh-quoc-te,C01,Điểm thi THPT,2025,22.0,Kinh doanh quốc tế
125067,QHQ,kinh-doanh-quoc-te,C02,Điểm thi THPT,2025,22.0,Kinh doanh quốc tế
125068,QHQ,kinh-doanh-quoc-te,D01,Điểm thi THPT,2025,22.0,Kinh doanh quốc tế
125069,QHQ,kinh-doanh-quoc-te,D07,Điểm thi THPT,2025,22.0,Kinh doanh quốc tế
125070,QHQ,kinh-doanh-quoc-te,X02,Điểm thi THPT,2025,22.0,Kinh doanh quốc tế
125071,QHQ,kinh-doanh-quoc-te,X26,Điểm thi THPT,2025,22.0,Kinh doanh quốc tế
125072,QHQ,kinh-doanh-so,A00,Điểm thi THPT,2025,21.0,Kinh doanh số
125073,QHQ,kinh-doanh-so,A01,Điểm thi THPT,2025,21.0,Kinh doanh số
125074,QHQ,kinh-doanh-so,C01,Điểm thi THPT,2025,21.0,Kinh doanh số
125075,QHQ,kinh-doanh-so,C02,Điểm thi THPT,2025,21.0,Kinh doanh số
125076,QHQ,kinh-doanh-so,D01,Điểm thi THPT,2025,21.0,Kinh doanh số
125077,QHQ,kinh-doanh-so,D03,Điểm thi THPT,2025,21.0,Kinh doanh số
125078,QHQ,kinh-doanh-so,D07,Điểm thi THPT,2025,21.0,Kinh doanh số
125079,QHQ,kinh-doanh-so,D29,Điểm thi THPT,2025,21.0,Kinh doanh số
125080,QHQ,kinh-doanh-so,X02,Điểm thi THPT,2025,21.0,Kinh doanh số
125081,QHQ,kinh-doanh-so,X26,Điểm thi THPT,2025,21.0,Kinh doanh số
125082,QHQ,ky-thuat-he-thong-cong-nghiep-va-logistics,A00,Điểm thi THPT,2022,20.0,Kỹ thuật hệ thống công nghiệp và Logistics
125083,QHQ,ky-thuat-he-thong-cong-nghiep-va-logistics,A01,Điểm thi THPT,2022,20.0,Kỹ thuật hệ thống công nghiệp và Logistics
125084,QHQ,ky-thuat-he-thong-cong-nghiep-va-logistics,D01,Điểm thi THPT,2022,20.0,Kỹ thuật hệ thống công nghiệp và Logistics
125085,QHQ,ky-thuat-he-thong-cong-nghiep-va-logistics,D03,Điểm thi THPT,2022,20.0,Kỹ thuật hệ thống công nghiệp và Logistics
125086,QHQ,ky-thuat-he-thong-cong-nghiep-va-logistics,D06,Điểm thi THPT,2022,20.0,Kỹ thuật hệ thống công nghiệp và Logistics
125087,QHQ,ky-thuat-he-thong-cong-nghiep-va-logistics,D07,Điểm thi THPT,2022,20.0,Kỹ thuật hệ thống công nghiệp và Logistics
125088,QHQ,ky-thuat-he-thong-cong-nghiep-va-logistics,D23,Điểm thi THPT,2022,20.0,Kỹ thuật hệ thống công nghiệp và Logistics
125089,QHQ,ky-thuat-he-thong-cong-nghiep-va-logistics,D24,Điểm thi THPT,2022,20.0,Kỹ thuật hệ thống công nghiệp và Logistics
125090,QHQ,ky-thuat-he-thong-cong-nghiep-va-logistics,A00,Điểm thi THPT,2023,22.0,Kỹ thuật hệ thống công nghiệp và Logistics
125091,QHQ,ky-thuat-he-thong-cong-nghiep-va-logistics,A01,Điểm thi THPT,2023,22.0,Kỹ thuật hệ thống công nghiệp và Logistics
125092,QHQ,ky-thuat-he-thong-cong-nghiep-va-logistics,D01,Điểm thi THPT,2023,22.0,Kỹ thuật hệ thống công nghiệp và Logistics
125093,QHQ,ky-thuat-he-thong-cong-nghiep-va-logistics,D03,Điểm thi THPT,2023,22.0,Kỹ thuật hệ thống công nghiệp và Logistics
125094,QHQ,ky-thuat-he-thong-cong-nghiep-va-logistics,D06,Điểm thi THPT,2023,22.0,Kỹ thuật hệ thống công nghiệp và Logistics
125095,QHQ,ky-thuat-he-thong-cong-nghiep-va-logistics,D07,Điểm thi THPT,2023,22.0,Kỹ thuật hệ thống công nghiệp và Logistics
125096,QHQ,ky-thuat-he-thong-cong-nghiep-va-logistics,D23,Điểm thi THPT,2023,22.0,Kỹ thuật hệ thống công nghiệp và Logistics
125097,QHQ,ky-thuat-he-thong-cong-nghiep-va-logistics,D24,Điểm thi THPT,2023,22.0,Kỹ thuật hệ thống công nghiệp và Logistics
125098,QHQ,ky-thuat-he-thong-cong-nghiep-va-logistics,A00,Điểm thi THPT,2024,23.35,Kỹ thuật hệ thống công nghiệp và Logistics
125099,QHQ,ky-thuat-he-thong-cong-nghiep-va-logistics,A01,Điểm thi THPT,2024,23.35,Kỹ thuật hệ thống công nghiệp và Logistics
125100,QHQ,ky-thuat-he-thong-cong-nghiep-va-logistics,D01,Điểm thi THPT,2024,23.35,Kỹ thuật hệ thống công nghiệp và Logistics
125101,QHQ,ky-thuat-he-thong-cong-nghiep-va-logistics,D03,Điểm thi THPT,2024,23.35,Kỹ thuật hệ thống công nghiệp và Logistics
125102,QHQ,ky-thuat-he-thong-cong-nghiep-va-logistics,D06,Điểm thi THPT,2024,23.35,Kỹ thuật hệ thống công nghiệp và Logistics
125103,QHQ,ky-thuat-he-thong-cong-nghiep-va-logistics,D07,Điểm thi THPT,2024,23.35,Kỹ thuật hệ thống công nghiệp và Logistics
125104,QHQ,ky-thuat-he-thong-cong-nghiep-va-logistics,D23,Điểm thi THPT,2024,23.35,Kỹ thuật hệ thống công nghiệp và Logistics
125105,QHQ,ky-thuat-he-thong-cong-nghiep-va-logistics,D24,Điểm thi THPT,2024,23.35,Kỹ thuật hệ thống công nghiệp và Logistics
125106,QHQ,ky-thuat-he-thong-cong-nghiep-va-logistics,A00,Điểm thi THPT,2025,19.5,Kỹ thuật hệ thống công nghiệp và Logistics
125107,QHQ,ky-thuat-he-thong-cong-nghiep-va-logistics,A01,Điểm thi THPT,2025,19.5,Kỹ thuật hệ thống công nghiệp và Logistics
125108,QHQ,ky-thuat-he-thong-cong-nghiep-va-logistics,A02,Điểm thi THPT,2025,19.5,Kỹ thuật hệ thống công nghiệp và Logistics
125109,QHQ,ky-thuat-he-thong-cong-nghiep-va-logistics,C01,Điểm thi THPT,2025,19.5,Kỹ thuật hệ thống công nghiệp và Logistics
125110,QHQ,ky-thuat-he-thong-cong-nghiep-va-logistics,C02,Điểm thi THPT,2025,19.5,Kỹ thuật hệ thống công nghiệp và Logistics
125111,QHQ,ky-thuat-he-thong-cong-nghiep-va-logistics,D07,Điểm thi THPT,2025,19.5,Kỹ thuật hệ thống công nghiệp và Logistics
125112,QHQ,ky-thuat-he-thong-cong-nghiep-va-logistics,X02,Điểm thi THPT,2025,19.5,Kỹ thuật hệ thống công nghiệp và Logistics
125113,QHQ,ky-thuat-he-thong-cong-nghiep-va-logistics,X06,Điểm thi THPT,2025,19.5,Kỹ thuật hệ thống công nghiệp và Logistics
125114,QHQ,ky-thuat-he-thong-cong-nghiep-va-logistics,X26,Điểm thi THPT,2025,19.5,Kỹ thuật hệ thống công nghiệp và Logistics
125115,QHQ,marketing,A00,Điểm thi THPT,2021,25.3,Marketing (Song bằng VNU-HELP)
125116,QHQ,marketing,A01,Điểm thi THPT,2021,25.3,Marketing (Song bằng VNU-HELP)
125117,QHQ,marketing,D01,Điểm thi THPT,2021,25.3,Marketing (Song bằng VNU-HELP)
125118,QHQ,marketing,D03,Điểm thi THPT,2021,25.3,Marketing (Song bằng VNU-HELP)
125119,QHQ,marketing,D06,Điểm thi THPT,2021,25.3,Marketing (Song bằng VNU-HELP)
125120,QHQ,marketing,D96,Điểm thi THPT,2021,25.3,Marketing (Song bằng VNU-HELP)
125121,QHQ,marketing,D97,Điểm thi THPT,2021,25.3,Marketing (Song bằng VNU-HELP)
125122,QHQ,marketing,A00,Điểm thi THPT,2022,23.0,"Marketing (song bằng VNU - HELP, Malaysia)"
125123,QHQ,marketing,A01,Điểm thi THPT,2022,23.0,"Marketing (song bằng VNU - HELP, Malaysia)"
125124,QHQ,marketing,D01,Điểm thi THPT,2022,23.0,"Marketing (song bằng VNU - HELP, Malaysia)"
125125,QHQ,marketing,D03,Điểm thi THPT,2022,23.0,"Marketing (song bằng VNU - HELP, Malaysia)"
125126,QHQ,marketing,D06,Điểm thi THPT,2022,23.0,"Marketing (song bằng VNU - HELP, Malaysia)"
125127,QHQ,marketing,D96,Điểm thi THPT,2022,23.0,"Marketing (song bằng VNU - HELP, Malaysia)"
125128,QHQ,marketing,D97,Điểm thi THPT,2022,23.0,"Marketing (song bằng VNU - HELP, Malaysia)"
125129,QHQ,marketing,A00,Điểm thi THPT,2023,22.75,Marketing (song bằng VNU-HELP)
125130,QHQ,marketing,A01,Điểm thi THPT,2023,22.75,Marketing (song bằng VNU-HELP)
125131,QHQ,marketing,D00,Điểm thi THPT,2023,22.75,Marketing (song bằng VNU-HELP)
125132,QHQ,marketing,D01,Điểm thi THPT,2023,22.75,Marketing (song bằng VNU-HELP)
125133,QHQ,marketing,D03,Điểm thi THPT,2023,22.75,Marketing (song bằng VNU-HELP)
125134,QHQ,marketing,D06,Điểm thi THPT,2023,22.75,Marketing (song bằng VNU-HELP)
125135,QHQ,marketing,D96,Điểm thi THPT,2023,22.75,Marketing (song bằng VNU-HELP)
125136,QHQ,marketing,D97,Điểm thi THPT,2023,22.75,Marketing (song bằng VNU-HELP)
125137,QHQ,marketing,A00,Điểm thi THPT,2024,21.5,"Marketing (song bằng VNU-HELP, Malaysia)"
125138,QHQ,marketing,A01,Điểm thi THPT,2024,21.5,"Marketing (song bằng VNU-HELP, Malaysia)"
125139,QHQ,marketing,D01,Điểm thi THPT,2024,21.5,"Marketing (song bằng VNU-HELP, Malaysia)"
125140,QHQ,marketing,D03,Điểm thi THPT,2024,21.5,"Marketing (song bằng VNU-HELP, Malaysia)"
125141,QHQ,marketing,D06,Điểm thi THPT,2024,21.5,"Marketing (song bằng VNU-HELP, Malaysia)"
125142,QHQ,marketing,D96,Điểm thi THPT,2024,21.5,"Marketing (song bằng VNU-HELP, Malaysia)"
125143,QHQ,marketing,D97,Điểm thi THPT,2024,21.5,"Marketing (song bằng VNU-HELP, Malaysia)"
125144,QHQ,marketing,A00,Điểm thi THPT,2025,19.5,"Marketing (song bằng do ĐHQGHN và Đại học HELP, Malaysia cùng cấp bằng)"
125145,QHQ,marketing,A01,Điểm thi THPT,2025,19.5,"Marketing (song bằng do ĐHQGHN và Đại học HELP, Malaysia cùng cấp bằng)"
125146,QHQ,marketing,C01,Điểm thi THPT,2025,19.5,"Marketing (song bằng do ĐHQGHN và Đại học HELP, Malaysia cùng cấp bằng)"
125147,QHQ,marketing,C02,Điểm thi THPT,2025,19.5,"Marketing (song bằng do ĐHQGHN và Đại học HELP, Malaysia cùng cấp bằng)"
125148,QHQ,marketing,D01,Điểm thi THPT,2025,19.5,"Marketing (song bằng do ĐHQGHN và Đại học HELP, Malaysia cùng cấp bằng)"
125149,QHQ,marketing,D07,Điểm thi THPT,2025,19.5,"Marketing (song bằng do ĐHQGHN và Đại học HELP, Malaysia cùng cấp bằng)"
125150,QHQ,marketing,D09,Điểm thi THPT,2025,19.5,"Marketing (song bằng do ĐHQGHN và Đại học HELP, Malaysia cùng cấp bằng)"
125151,QHQ,marketing,X02,Điểm thi THPT,2025,19.5,"Marketing (song bằng do ĐHQGHN và Đại học HELP, Malaysia cùng cấp bằng)"
125152,QHQ,marketing,X26,Điểm thi THPT,2025,19.5,"Marketing (song bằng do ĐHQGHN và Đại học HELP, Malaysia cùng cấp bằng)"
125153,QHQ,ngon-ngu-anh,A00,Điểm thi THPT,2021,25.0,Ngôn ngữ Anh (Chuyên sâu Kinh doanh và công nghệ thông tin)
125154,QHQ,ngon-ngu-anh,A01,Điểm thi THPT,2021,25.0,Ngôn ngữ Anh (Chuyên sâu Kinh doanh và công nghệ thông tin)
125155,QHQ,ngon-ngu-anh,D01,Điểm thi THPT,2021,25.0,Ngôn ngữ Anh (Chuyên sâu Kinh doanh và công nghệ thông tin)
125156,QHQ,ngon-ngu-anh,D03,Điểm thi THPT,2021,25.0,Ngôn ngữ Anh (Chuyên sâu Kinh doanh và công nghệ thông tin)
125157,QHQ,ngon-ngu-anh,D06,Điểm thi THPT,2021,25.0,Ngôn ngữ Anh (Chuyên sâu Kinh doanh và công nghệ thông tin)
125158,QHQ,ngon-ngu-anh,D96,Điểm thi THPT,2021,25.0,Ngôn ngữ Anh (Chuyên sâu Kinh doanh và công nghệ thông tin)
125159,QHQ,ngon-ngu-anh,D97,Điểm thi THPT,2021,25.0,Ngôn ngữ Anh (Chuyên sâu Kinh doanh và công nghệ thông tin)
125160,QHQ,ngon-ngu-anh,A01,Điểm thi THPT,2022,24.0,Ngôn ngữ Anh
125161,QHQ,ngon-ngu-anh,D01,Điểm thi THPT,2022,24.0,Ngôn ngữ Anh
125162,QHQ,ngon-ngu-anh,D78,Điểm thi THPT,2022,24.0,Ngôn ngữ Anh
125163,QHQ,ngon-ngu-anh,D90,Điểm thi THPT,2022,24.0,Ngôn ngữ Anh
125164,QHQ,ngon-ngu-anh,A01,Điểm thi THPT,2023,23.85,Ngôn ngữ Anh (chuyên sâu Kinh doanh-Công nghệ thông tin)
125165,QHQ,ngon-ngu-anh,D01,Điểm thi THPT,2023,23.85,Ngôn ngữ Anh (chuyên sâu Kinh doanh-Công nghệ thông tin)
125166,QHQ,ngon-ngu-anh,D78,Điểm thi THPT,2023,23.85,Ngôn ngữ Anh (chuyên sâu Kinh doanh-Công nghệ thông tin)
125167,QHQ,ngon-ngu-anh,D90,Điểm thi THPT,2023,23.85,Ngôn ngữ Anh (chuyên sâu Kinh doanh-Công nghệ thông tin)
125168,QHQ,ngon-ngu-anh,A01,Điểm thi THPT,2024,25.15,Ngôn ngữ Anh
125169,QHQ,ngon-ngu-anh,D01,Điểm thi THPT,2024,25.15,Ngôn ngữ Anh
125170,QHQ,ngon-ngu-anh,D78,Điểm thi THPT,2024,25.15,Ngôn ngữ Anh
125171,QHQ,ngon-ngu-anh,D90,Điểm thi THPT,2024,25.15,Ngôn ngữ Anh
125172,QHQ,ngon-ngu-anh,A01,Điểm thi THPT,2025,21.0,Ngôn ngữ Anh (chuyên sâu Kinh doanh – Công nghệ thông tin)
125173,QHQ,ngon-ngu-anh,D01,Điểm thi THPT,2025,21.0,Ngôn ngữ Anh (chuyên sâu Kinh doanh – Công nghệ thông tin)
125174,QHQ,ngon-ngu-anh,D07,Điểm thi THPT,2025,21.0,Ngôn ngữ Anh (chuyên sâu Kinh doanh – Công nghệ thông tin)
125175,QHQ,ngon-ngu-anh,D08,Điểm thi THPT,2025,21.0,Ngôn ngữ Anh (chuyên sâu Kinh doanh – Công nghệ thông tin)
125176,QHQ,ngon-ngu-anh,D09,Điểm thi THPT,2025,21.0,Ngôn ngữ Anh (chuyên sâu Kinh doanh – Công nghệ thông tin)
125177,QHQ,ngon-ngu-anh,D10,Điểm thi THPT,2025,21.0,Ngôn ngữ Anh (chuyên sâu Kinh doanh – Công nghệ thông tin)
125178,QHQ,ngon-ngu-anh,X26,Điểm thi THPT,2025,21.0,Ngôn ngữ Anh (chuyên sâu Kinh doanh – Công nghệ thông tin)
125179,QHQ,phan-tich-du-lieu-kinh-doanh,A00,Điểm thi THPT,2021,25.0,Phân tích dữ liệu kinh doanh
125180,QHQ,phan-tich-du-lieu-kinh-doanh,A01,Điểm thi THPT,2021,25.0,Phân tích dữ liệu kinh doanh
125181,QHQ,phan-tich-du-lieu-kinh-doanh,D01,Điểm thi THPT,2021,25.0,Phân tích dữ liệu kinh doanh
125182,QHQ,phan-tich-du-lieu-kinh-doanh,D03,Điểm thi THPT,2021,25.0,Phân tích dữ liệu kinh doanh
125183,QHQ,phan-tich-du-lieu-kinh-doanh,D06,Điểm thi THPT,2021,25.0,Phân tích dữ liệu kinh doanh
125184,QHQ,phan-tich-du-lieu-kinh-doanh,D07,Điểm thi THPT,2021,25.0,Phân tích dữ liệu kinh doanh
125185,QHQ,phan-tich-du-lieu-kinh-doanh,D23,Điểm thi THPT,2021,25.0,Phân tích dữ liệu kinh doanh
125186,QHQ,phan-tich-du-lieu-kinh-doanh,D24,Điểm thi THPT,2021,25.0,Phân tích dữ liệu kinh doanh
125187,QHQ,phan-tich-du-lieu-kinh-doanh,A00,Điểm thi THPT,2022,23.5,Phân tích dữ liệu kinh doanh
125188,QHQ,phan-tich-du-lieu-kinh-doanh,A01,Điểm thi THPT,2022,23.5,Phân tích dữ liệu kinh doanh
125189,QHQ,phan-tich-du-lieu-kinh-doanh,D01,Điểm thi THPT,2022,23.5,Phân tích dữ liệu kinh doanh
125190,QHQ,phan-tich-du-lieu-kinh-doanh,D03,Điểm thi THPT,2022,23.5,Phân tích dữ liệu kinh doanh
125191,QHQ,phan-tich-du-lieu-kinh-doanh,D06,Điểm thi THPT,2022,23.5,Phân tích dữ liệu kinh doanh
125192,QHQ,phan-tich-du-lieu-kinh-doanh,D07,Điểm thi THPT,2022,23.5,Phân tích dữ liệu kinh doanh
125193,QHQ,phan-tich-du-lieu-kinh-doanh,D23,Điểm thi THPT,2022,23.5,Phân tích dữ liệu kinh doanh
125194,QHQ,phan-tich-du-lieu-kinh-doanh,D24,Điểm thi THPT,2022,23.5,Phân tích dữ liệu kinh doanh
125195,QHQ,phan-tich-du-lieu-kinh-doanh,A00,Điểm thi THPT,2023,23.6,Phân tích dữ liệu kinh doanh
125196,QHQ,phan-tich-du-lieu-kinh-doanh,A01,Điểm thi THPT,2023,23.6,Phân tích dữ liệu kinh doanh
125197,QHQ,phan-tich-du-lieu-kinh-doanh,D01,Điểm thi THPT,2023,23.6,Phân tích dữ liệu kinh doanh
125198,QHQ,phan-tich-du-lieu-kinh-doanh,D03,Điểm thi THPT,2023,23.6,Phân tích dữ liệu kinh doanh
125199,QHQ,phan-tich-du-lieu-kinh-doanh,D06,Điểm thi THPT,2023,23.6,Phân tích dữ liệu kinh doanh
125200,QHQ,phan-tich-du-lieu-kinh-doanh,D07,Điểm thi THPT,2023,23.6,Phân tích dữ liệu kinh doanh
125201,QHQ,phan-tich-du-lieu-kinh-doanh,D23,Điểm thi THPT,2023,23.6,Phân tích dữ liệu kinh doanh
125202,QHQ,phan-tich-du-lieu-kinh-doanh,D24,Điểm thi THPT,2023,23.6,Phân tích dữ liệu kinh doanh
125203,QHQ,phan-tich-du-lieu-kinh-doanh,A00,Điểm thi THPT,2024,24.05,Phân tích dữ liệu kinh doanh
125204,QHQ,phan-tich-du-lieu-kinh-doanh,A01,Điểm thi THPT,2024,24.05,Phân tích dữ liệu kinh doanh
125205,QHQ,phan-tich-du-lieu-kinh-doanh,D01,Điểm thi THPT,2024,24.05,Phân tích dữ liệu kinh doanh
125206,QHQ,phan-tich-du-lieu-kinh-doanh,D03,Điểm thi THPT,2024,24.05,Phân tích dữ liệu kinh doanh
125207,QHQ,phan-tich-du-lieu-kinh-doanh,D06,Điểm thi THPT,2024,24.05,Phân tích dữ liệu kinh doanh
125208,QHQ,phan-tich-du-lieu-kinh-doanh,D07,Điểm thi THPT,2024,24.05,Phân tích dữ liệu kinh doanh
125209,QHQ,phan-tich-du-lieu-kinh-doanh,D23,Điểm thi THPT,2024,24.05,Phân tích dữ liệu kinh doanh
125210,QHQ,phan-tich-du-lieu-kinh-doanh,D24,Điểm thi THPT,2024,24.05,Phân tích dữ liệu kinh doanh
125211,QHQ,phan-tich-du-lieu-kinh-doanh,A00,Điểm thi THPT,2025,20.0,Phân tích dữ liệu kinh doanh
125212,QHQ,phan-tich-du-lieu-kinh-doanh,A01,Điểm thi THPT,2025,20.0,Phân tích dữ liệu kinh doanh
125213,QHQ,phan-tich-du-lieu-kinh-doanh,A02,Điểm thi THPT,2025,20.0,Phân tích dữ liệu kinh doanh
125214,QHQ,phan-tich-du-lieu-kinh-doanh,C01,Điểm thi THPT,2025,20.0,Phân tích dữ liệu kinh doanh
125215,QHQ,phan-tich-du-lieu-kinh-doanh,C02,Điểm thi THPT,2025,20.0,Phân tích dữ liệu kinh doanh
125216,QHQ,phan-tich-du-lieu-kinh-doanh,D01,Điểm thi THPT,2025,20.0,Phân tích dữ liệu kinh doanh
125217,QHQ,phan-tich-du-lieu-kinh-doanh,D07,Điểm thi THPT,2025,20.0,Phân tích dữ liệu kinh doanh
125218,QHQ,phan-tich-du-lieu-kinh-doanh,X02,Điểm thi THPT,2025,20.0,Phân tích dữ liệu kinh doanh
125219,QHQ,phan-tich-du-lieu-kinh-doanh,X26,Điểm thi THPT,2025,20.0,Phân tích dữ liệu kinh doanh
125220,QHQ,quan-li,A00,Điểm thi THPT,2023,21.0,Quản lí (song bằng VNU-Keuka)
125221,QHQ,quan-li,A01,Điểm thi THPT,2023,21.0,Quản lí (song bằng VNU-Keuka)
125222,QHQ,quan-li,D00,Điểm thi THPT,2023,21.0,Quản lí (song bằng VNU-Keuka)
125223,QHQ,quan-li,D01,Điểm thi THPT,2023,21.0,Quản lí (song bằng VNU-Keuka)
125224,QHQ,quan-li,D03,Điểm thi THPT,2023,21.0,Quản lí (song bằng VNU-Keuka)
125225,QHQ,quan-li,D06,Điểm thi THPT,2023,21.0,Quản lí (song bằng VNU-Keuka)
125226,QHQ,quan-li,D96,Điểm thi THPT,2023,21.0,Quản lí (song bằng VNU-Keuka)
125227,QHQ,quan-li,D97,Điểm thi THPT,2023,21.0,Quản lí (song bằng VNU-Keuka)
125228,QHQ,quan-ly,A00,Điểm thi THPT,2021,23.5,Quản lý (Song bằng VNU-Keuka)
125229,QHQ,quan-ly,A01,Điểm thi THPT,2021,23.5,Quản lý (Song bằng VNU-Keuka)
125230,QHQ,quan-ly,D01,Điểm thi THPT,2021,23.5,Quản lý (Song bằng VNU-Keuka)
125231,QHQ,quan-ly,D03,Điểm thi THPT,2021,23.5,Quản lý (Song bằng VNU-Keuka)
125232,QHQ,quan-ly,D06,Điểm thi THPT,2021,23.5,Quản lý (Song bằng VNU-Keuka)
125233,QHQ,quan-ly,D07,Điểm thi THPT,2021,23.5,Quản lý (Song bằng VNU-Keuka)
125234,QHQ,quan-ly,D23,Điểm thi THPT,2021,23.5,Quản lý (Song bằng VNU-Keuka)
125235,QHQ,quan-ly,D24,Điểm thi THPT,2021,23.5,Quản lý (Song bằng VNU-Keuka)
125236,QHQ,quan-ly,A00,Điểm thi THPT,2022,21.5,"Quản lý (song bằng VNU - Keuka, Hoa Kỳ)"
125237,QHQ,quan-ly,A01,Điểm thi THPT,2022,21.5,"Quản lý (song bằng VNU - Keuka, Hoa Kỳ)"
125238,QHQ,quan-ly,D01,Điểm thi THPT,2022,21.5,"Quản lý (song bằng VNU - Keuka, Hoa Kỳ)"
125239,QHQ,quan-ly,D03,Điểm thi THPT,2022,21.5,"Quản lý (song bằng VNU - Keuka, Hoa Kỳ)"
125240,QHQ,quan-ly,D06,Điểm thi THPT,2022,21.5,"Quản lý (song bằng VNU - Keuka, Hoa Kỳ)"
125241,QHQ,quan-ly,D96,Điểm thi THPT,2022,21.5,"Quản lý (song bằng VNU - Keuka, Hoa Kỳ)"
125242,QHQ,quan-ly,D97,Điểm thi THPT,2022,21.5,"Quản lý (song bằng VNU - Keuka, Hoa Kỳ)"
125243,QHQ,quan-ly,A00,Điểm thi THPT,2025,19.0,"Quản lý (song bằng do ĐHQGHN và Đại học Keuka, Hoa Kỳ cùng cấp bằng)"
125244,QHQ,quan-ly,A01,Điểm thi THPT,2025,19.0,"Quản lý (song bằng do ĐHQGHN và Đại học Keuka, Hoa Kỳ cùng cấp bằng)"
125245,QHQ,quan-ly,C01,Điểm thi THPT,2025,19.0,"Quản lý (song bằng do ĐHQGHN và Đại học Keuka, Hoa Kỳ cùng cấp bằng)"
125246,QHQ,quan-ly,C02,Điểm thi THPT,2025,19.0,"Quản lý (song bằng do ĐHQGHN và Đại học Keuka, Hoa Kỳ cùng cấp bằng)"
125247,QHQ,quan-ly,D01,Điểm thi THPT,2025,19.0,"Quản lý (song bằng do ĐHQGHN và Đại học Keuka, Hoa Kỳ cùng cấp bằng)"
125248,QHQ,quan-ly,D07,Điểm thi THPT,2025,19.0,"Quản lý (song bằng do ĐHQGHN và Đại học Keuka, Hoa Kỳ cùng cấp bằng)"
125249,QHQ,quan-ly,D09,Điểm thi THPT,2025,19.0,"Quản lý (song bằng do ĐHQGHN và Đại học Keuka, Hoa Kỳ cùng cấp bằng)"
125250,QHQ,quan-ly,X02,Điểm thi THPT,2025,19.0,"Quản lý (song bằng do ĐHQGHN và Đại học Keuka, Hoa Kỳ cùng cấp bằng)"
125251,QHQ,quan-ly,X26,Điểm thi THPT,2025,19.0,"Quản lý (song bằng do ĐHQGHN và Đại học Keuka, Hoa Kỳ cùng cấp bằng)"
125252,QHQ,tin-hoc-va-ky-thuat-may-tinh,A00,Điểm thi THPT,2021,24.0,Tin học và Kỹ thuật máy tính
125253,QHQ,tin-hoc-va-ky-thuat-may-tinh,A01,Điểm thi THPT,2021,24.0,Tin học và Kỹ thuật máy tính
125254,QHQ,tin-hoc-va-ky-thuat-may-tinh,D01,Điểm thi THPT,2021,24.0,Tin học và Kỹ thuật máy tính
125255,QHQ,tin-hoc-va-ky-thuat-may-tinh,D03,Điểm thi THPT,2021,24.0,Tin học và Kỹ thuật máy tính
125256,QHQ,tin-hoc-va-ky-thuat-may-tinh,D06,Điểm thi THPT,2021,24.0,Tin học và Kỹ thuật máy tính
125257,QHQ,tin-hoc-va-ky-thuat-may-tinh,D07,Điểm thi THPT,2021,24.0,Tin học và Kỹ thuật máy tính
125258,QHQ,tin-hoc-va-ky-thuat-may-tinh,D23,Điểm thi THPT,2021,24.0,Tin học và Kỹ thuật máy tính
125259,QHQ,tin-hoc-va-ky-thuat-may-tinh,D24,Điểm thi THPT,2021,24.0,Tin học và Kỹ thuật máy tính
125260,QHQ,tin-hoc-va-ky-thuat-may-tinh,A00,Điểm thi THPT,2022,22.5,Tin học và Kỹ thuật máy tính
125261,QHQ,tin-hoc-va-ky-thuat-may-tinh,A01,Điểm thi THPT,2022,22.5,Tin học và Kỹ thuật máy tính
125262,QHQ,tin-hoc-va-ky-thuat-may-tinh,D01,Điểm thi THPT,2022,22.5,Tin học và Kỹ thuật máy tính
125263,QHQ,tin-hoc-va-ky-thuat-may-tinh,D03,Điểm thi THPT,2022,22.5,Tin học và Kỹ thuật máy tính
125264,QHQ,tin-hoc-va-ky-thuat-may-tinh,D06,Điểm thi THPT,2022,22.5,Tin học và Kỹ thuật máy tính
125265,QHQ,tin-hoc-va-ky-thuat-may-tinh,D07,Điểm thi THPT,2022,22.5,Tin học và Kỹ thuật máy tính
125266,QHQ,tin-hoc-va-ky-thuat-may-tinh,D23,Điểm thi THPT,2022,22.5,Tin học và Kỹ thuật máy tính
125267,QHQ,tin-hoc-va-ky-thuat-may-tinh,D24,Điểm thi THPT,2022,22.5,Tin học và Kỹ thuật máy tính
125268,QHQ,tin-hoc-va-ky-thuat-may-tinh,A00,Điểm thi THPT,2023,21.0,Tin học và Kỹ thuật máy tính
125269,QHQ,tin-hoc-va-ky-thuat-may-tinh,A01,Điểm thi THPT,2023,21.0,Tin học và Kỹ thuật máy tính
125270,QHQ,tin-hoc-va-ky-thuat-may-tinh,D01,Điểm thi THPT,2023,21.0,Tin học và Kỹ thuật máy tính
125271,QHQ,tin-hoc-va-ky-thuat-may-tinh,D03,Điểm thi THPT,2023,21.0,Tin học và Kỹ thuật máy tính
125272,QHQ,tin-hoc-va-ky-thuat-may-tinh,D06,Điểm thi THPT,2023,21.0,Tin học và Kỹ thuật máy tính
125273,QHQ,tin-hoc-va-ky-thuat-may-tinh,D07,Điểm thi THPT,2023,21.0,Tin học và Kỹ thuật máy tính
125274,QHQ,tin-hoc-va-ky-thuat-may-tinh,D23,Điểm thi THPT,2023,21.0,Tin học và Kỹ thuật máy tính
125275,QHQ,tin-hoc-va-ky-thuat-may-tinh,D24,Điểm thi THPT,2023,21.0,Tin học và Kỹ thuật máy tính
125276,QHQ,tin-hoc-va-ky-thuat-may-tinh,A00,Điểm thi THPT,2024,21.0,Tin học và Kỹ thuật máy tính
125277,QHQ,tin-hoc-va-ky-thuat-may-tinh,A01,Điểm thi THPT,2024,21.0,Tin học và Kỹ thuật máy tính
125278,QHQ,tin-hoc-va-ky-thuat-may-tinh,D01,Điểm thi THPT,2024,21.0,Tin học và Kỹ thuật máy tính
125279,QHQ,tin-hoc-va-ky-thuat-may-tinh,D03,Điểm thi THPT,2024,21.0,Tin học và Kỹ thuật máy tính
125280,QHQ,tin-hoc-va-ky-thuat-may-tinh,D06,Điểm thi THPT,2024,21.0,Tin học và Kỹ thuật máy tính
125281,QHQ,tin-hoc-va-ky-thuat-may-tinh,D07,Điểm thi THPT,2024,21.0,Tin học và Kỹ thuật máy tính
125282,QHQ,tin-hoc-va-ky-thuat-may-tinh,D23,Điểm thi THPT,2024,21.0,Tin học và Kỹ thuật máy tính
125283,QHQ,tin-hoc-va-ky-thuat-may-tinh,D24,Điểm thi THPT,2024,21.0,Tin học và Kỹ thuật máy tính
125284,QHQ,tin-hoc-va-ky-thuat-may-tinh,A00,Điểm thi THPT,2025,19.5,Tin học và Kỹ thuật máy tính
125285,QHQ,tin-hoc-va-ky-thuat-may-tinh,A01,Điểm thi THPT,2025,19.5,Tin học và Kỹ thuật máy tính
125286,QHQ,tin-hoc-va-ky-thuat-may-tinh,A02,Điểm thi THPT,2025,19.5,Tin học và Kỹ thuật máy tính
125287,QHQ,tin-hoc-va-ky-thuat-may-tinh,C01,Điểm thi THPT,2025,19.5,Tin học và Kỹ thuật máy tính
125288,QHQ,tin-hoc-va-ky-thuat-may-tinh,C02,Điểm thi THPT,2025,19.5,Tin học và Kỹ thuật máy tính
125289,QHQ,tin-hoc-va-ky-thuat-may-tinh,D07,Điểm thi THPT,2025,19.5,Tin học và Kỹ thuật máy tính
125290,QHQ,tin-hoc-va-ky-thuat-may-tinh,X02,Điểm thi THPT,2025,19.5,Tin học và Kỹ thuật máy tính
125291,QHQ,tin-hoc-va-ky-thuat-may-tinh,X06,Điểm thi THPT,2025,19.5,Tin học và Kỹ thuật máy tính
125292,QHQ,tin-hoc-va-ky-thuat-may-tinh,X26,Điểm thi THPT,2025,19.5,Tin học và Kỹ thuật máy tính
125293,QHQ,truyen-thong-so,A00,Điểm thi THPT,2025,22.0,Truyền thông số
125294,QHQ,truyen-thong-so,A01,Điểm thi THPT,2025,22.0,Truyền thông số
125295,QHQ,truyen-thong-so,C01,Điểm thi THPT,2025,22.0,Truyền thông số
125296,QHQ,truyen-thong-so,C02,Điểm thi THPT,2025,22.0,Truyền thông số
125297,QHQ,truyen-thong-so,D01,Điểm thi THPT,2025,22.0,Truyền thông số
125298,QHQ,truyen-thong-so,D03,Điểm thi THPT,2025,22.0,Truyền thông số
125299,QHQ,truyen-thong-so,D07,Điểm thi THPT,2025,22.0,Truyền thông số
125300,QHQ,truyen-thong-so,D29,Điểm thi THPT,2025,22.0,Truyền thông số
125301,QHQ,truyen-thong-so,X02,Điểm thi THPT,2025,22.0,Truyền thông số
125302,QHQ,truyen-thong-so,X26,Điểm thi THPT,2025,22.0,Truyền thông số
125303,QHQ,tu-dong-hoa-va-tin-hoc,A00,Điểm thi THPT,2021,22.0,Tự động hóa và Tin học
125304,QHQ,tu-dong-hoa-va-tin-hoc,A01,Điểm thi THPT,2021,22.0,Tự động hóa và Tin học
125305,QHQ,tu-dong-hoa-va-tin-hoc,D01,Điểm thi THPT,2021,22.0,Tự động hóa và Tin học
125306,QHQ,tu-dong-hoa-va-tin-hoc,D03,Điểm thi THPT,2021,22.0,Tự động hóa và Tin học
125307,QHQ,tu-dong-hoa-va-tin-hoc,D06,Điểm thi THPT,2021,22.0,Tự động hóa và Tin học
125308,QHQ,tu-dong-hoa-va-tin-hoc,D07,Điểm thi THPT,2021,22.0,Tự động hóa và Tin học
125309,QHQ,tu-dong-hoa-va-tin-hoc,D23,Điểm thi THPT,2021,22.0,Tự động hóa và Tin học
125310,QHQ,tu-dong-hoa-va-tin-hoc,D24,Điểm thi THPT,2021,22.0,Tự động hóa và Tin học
125311,QHQ,tu-dong-hoa-va-tin-hoc,A00,Điểm thi THPT,2022,22.0,Tự động hoá và Tin học
125312,QHQ,tu-dong-hoa-va-tin-hoc,A01,Điểm thi THPT,2022,22.0,Tự động hoá và Tin học
125313,QHQ,tu-dong-hoa-va-tin-hoc,D01,Điểm thi THPT,2022,22.0,Tự động hoá và Tin học
125314,QHQ,tu-dong-hoa-va-tin-hoc,D03,Điểm thi THPT,2022,22.0,Tự động hoá và Tin học
125315,QHQ,tu-dong-hoa-va-tin-hoc,D06,Điểm thi THPT,2022,22.0,Tự động hoá và Tin học
125316,QHQ,tu-dong-hoa-va-tin-hoc,D07,Điểm thi THPT,2022,22.0,Tự động hoá và Tin học
125317,QHQ,tu-dong-hoa-va-tin-hoc,D23,Điểm thi THPT,2022,22.0,Tự động hoá và Tin học
125318,QHQ,tu-dong-hoa-va-tin-hoc,D24,Điểm thi THPT,2022,22.0,Tự động hoá và Tin học
125319,QHQ,tu-dong-hoa-va-tin-hoc,A00,Điểm thi THPT,2023,21.0,Tự động hóa và Tin học (Kỹ sư)
125320,QHQ,tu-dong-hoa-va-tin-hoc,A01,Điểm thi THPT,2023,21.0,Tự động hóa và Tin học (Kỹ sư)
125321,QHQ,tu-dong-hoa-va-tin-hoc,D01,Điểm thi THPT,2023,21.0,Tự động hóa và Tin học (Kỹ sư)
125322,QHQ,tu-dong-hoa-va-tin-hoc,D03,Điểm thi THPT,2023,21.0,Tự động hóa và Tin học (Kỹ sư)
125323,QHQ,tu-dong-hoa-va-tin-hoc,D06,Điểm thi THPT,2023,21.0,Tự động hóa và Tin học (Kỹ sư)
125324,QHQ,tu-dong-hoa-va-tin-hoc,D07,Điểm thi THPT,2023,21.0,Tự động hóa và Tin học (Kỹ sư)
125325,QHQ,tu-dong-hoa-va-tin-hoc,D23,Điểm thi THPT,2023,21.0,Tự động hóa và Tin học (Kỹ sư)
125326,QHQ,tu-dong-hoa-va-tin-hoc,D24,Điểm thi THPT,2023,21.0,Tự động hóa và Tin học (Kỹ sư)
125327,QHQ,tu-dong-hoa-va-tin-hoc,A00,Điểm thi THPT,2024,21.5,Tự động hóa và Tin học (Kỹ sư)
125328,QHQ,tu-dong-hoa-va-tin-hoc,A01,Điểm thi THPT,2024,21.5,Tự động hóa và Tin học (Kỹ sư)
125329,QHQ,tu-dong-hoa-va-tin-hoc,D01,Điểm thi THPT,2024,21.5,Tự động hóa và Tin học (Kỹ sư)
125330,QHQ,tu-dong-hoa-va-tin-hoc,D03,Điểm thi THPT,2024,21.5,Tự động hóa và Tin học (Kỹ sư)
125331,QHQ,tu-dong-hoa-va-tin-hoc,D06,Điểm thi THPT,2024,21.5,Tự động hóa và Tin học (Kỹ sư)
125332,QHQ,tu-dong-hoa-va-tin-hoc,D07,Điểm thi THPT,2024,21.5,Tự động hóa và Tin học (Kỹ sư)
125333,QHQ,tu-dong-hoa-va-tin-hoc,D23,Điểm thi THPT,2024,21.5,Tự động hóa và Tin học (Kỹ sư)
125334,QHQ,tu-dong-hoa-va-tin-hoc,D24,Điểm thi THPT,2024,21.5,Tự động hóa và Tin học (Kỹ sư)
125335,QHQ,tu-dong-hoa-va-tin-hoc,A00,Điểm thi THPT,2025,19.5,Tự động hóa và Tin học
125336,QHQ,tu-dong-hoa-va-tin-hoc,A01,Điểm thi THPT,2025,19.5,Tự động hóa và Tin học
125337,QHQ,tu-dong-hoa-va-tin-hoc,A02,Điểm thi THPT,2025,19.5,Tự động hóa và Tin học
125338,QHQ,tu-dong-hoa-va-tin-hoc,C01,Điểm thi THPT,2025,19.5,Tự động hóa và Tin học
125339,QHQ,tu-dong-hoa-va-tin-hoc,C02,Điểm thi THPT,2025,19.5,Tự động hóa và Tin học
125340,QHQ,tu-dong-hoa-va-tin-hoc,D07,Điểm thi THPT,2025,19.5,Tự động hóa và Tin học
125341,QHQ,tu-dong-hoa-va-tin-hoc,X02,Điểm thi THPT,2025,19.5,Tự động hóa và Tin học
125342,QHQ,tu-dong-hoa-va-tin-hoc,X06,Điểm thi THPT,2025,19.5,Tự động hóa và Tin học
125343,QHQ,tu-dong-hoa-va-tin-hoc,X26,Điểm thi THPT,2025,19.5,Tự động hóa và Tin học
125344,QHS,giao-duc-mam-non,A00,Điểm thi THPT,2021,25.05,Giáo dục mầm non
125345,QHS,giao-duc-mam-non,B00,Điểm thi THPT,2021,25.05,Giáo dục mầm non
125346,QHS,giao-duc-mam-non,C00,Điểm thi THPT,2021,25.05,Giáo dục mầm non
125347,QHS,giao-duc-mam-non,D01,Điểm thi THPT,2021,25.05,Giáo dục mầm non
125348,QHS,giao-duc-mam-non,A00,Điểm thi THPT,2022,25.7,Giáo dục Mầm non
125349,QHS,giao-duc-mam-non,B00,Điểm thi THPT,2022,25.7,Giáo dục Mầm non
125350,QHS,giao-duc-mam-non,C00,Điểm thi THPT,2022,25.7,Giáo dục Mầm non
125351,QHS,giao-duc-mam-non,D01,Điểm thi THPT,2022,25.7,Giáo dục Mầm non
125352,QHS,giao-duc-mam-non,A00,Điểm thi THPT,2023,25.39,Giáo dục mầm non
125353,QHS,giao-duc-mam-non,B00,Điểm thi THPT,2023,25.39,Giáo dục mầm non
125354,QHS,giao-duc-mam-non,C00,Điểm thi THPT,2023,25.39,Giáo dục mầm non
125355,QHS,giao-duc-mam-non,D01,Điểm thi THPT,2023,25.39,Giáo dục mầm non
125356,QHS,giao-duc-mam-non,A00,Điểm thi THPT,2024,27.85,Giáo dục mầm non
125357,QHS,giao-duc-mam-non,B00,Điểm thi THPT,2024,27.85,Giáo dục mầm non
125358,QHS,giao-duc-mam-non,C00,Điểm thi THPT,2024,27.85,Giáo dục mầm non
125359,QHS,giao-duc-mam-non,D01,Điểm thi THPT,2024,27.85,Giáo dục mầm non
125360,QHS,giao-duc-mam-non,A00,Điểm thi THPT,2025,27.8,Giáo dục Mầm non
125361,QHS,giao-duc-mam-non,B00,Điểm thi THPT,2025,27.8,Giáo dục Mầm non
125362,QHS,giao-duc-mam-non,C00,Điểm thi THPT,2025,27.8,Giáo dục Mầm non
125363,QHS,giao-duc-mam-non,C14,Điểm thi THPT,2025,27.8,Giáo dục Mầm non
125364,QHS,giao-duc-mam-non,D01,Điểm thi THPT,2025,27.8,Giáo dục Mầm non
125365,QHS,giao-duc-tieu-hoc,A00,Điểm thi THPT,2021,27.6,Giáo dục Tiểu học
125366,QHS,giao-duc-tieu-hoc,B00,Điểm thi THPT,2021,27.6,Giáo dục Tiểu học
125367,QHS,giao-duc-tieu-hoc,C00,Điểm thi THPT,2021,27.6,Giáo dục Tiểu học
125368,QHS,giao-duc-tieu-hoc,D01,Điểm thi THPT,2021,27.6,Giáo dục Tiểu học
125369,QHS,giao-duc-tieu-hoc,A00,Điểm thi THPT,2022,28.55,Giáo dục Tiểu học
125370,QHS,giao-duc-tieu-hoc,B00,Điểm thi THPT,2022,28.55,Giáo dục Tiểu học
125371,QHS,giao-duc-tieu-hoc,C00,Điểm thi THPT,2022,28.55,Giáo dục Tiểu học
125372,QHS,giao-duc-tieu-hoc,D01,Điểm thi THPT,2022,28.55,Giáo dục Tiểu học
125373,QHS,giao-duc-tieu-hoc,A00,Điểm thi THPT,2023,27.47,Giáo dục tiểu học
125374,QHS,giao-duc-tieu-hoc,B00,Điểm thi THPT,2023,27.47,Giáo dục tiểu học
125375,QHS,giao-duc-tieu-hoc,C00,Điểm thi THPT,2023,27.47,Giáo dục tiểu học
125376,QHS,giao-duc-tieu-hoc,D01,Điểm thi THPT,2023,27.47,Giáo dục tiểu học
125377,QHS,giao-duc-tieu-hoc,A00,Điểm thi THPT,2024,28.89,Giáo dục tiểu học
125378,QHS,giao-duc-tieu-hoc,B00,Điểm thi THPT,2024,28.89,Giáo dục tiểu học
125379,QHS,giao-duc-tieu-hoc,C00,Điểm thi THPT,2024,28.89,Giáo dục tiểu học
125380,QHS,giao-duc-tieu-hoc,D01,Điểm thi THPT,2024,28.89,Giáo dục tiểu học
125381,QHS,giao-duc-tieu-hoc,A00,Điểm thi THPT,2025,28.6,Giáo dục Tiểu học
125382,QHS,giao-duc-tieu-hoc,B00,Điểm thi THPT,2025,28.6,Giáo dục Tiểu học
125383,QHS,giao-duc-tieu-hoc,C00,Điểm thi THPT,2025,28.6,Giáo dục Tiểu học
125384,QHS,giao-duc-tieu-hoc,C14,Điểm thi THPT,2025,28.6,Giáo dục Tiểu học
125385,QHS,giao-duc-tieu-hoc,D01,Điểm thi THPT,2025,28.6,Giáo dục Tiểu học
125386,QHS,khoa-hoc-giao-duc-va-khac,A00,Điểm thi THPT,2021,20.25,Khoa học Giáo dục và Khác
125387,QHS,khoa-hoc-giao-duc-va-khac,B00,Điểm thi THPT,2021,20.25,Khoa học Giáo dục và Khác
125388,QHS,khoa-hoc-giao-duc-va-khac,C00,Điểm thi THPT,2021,20.25,Khoa học Giáo dục và Khác
125389,QHS,khoa-hoc-giao-duc-va-khac,D01,Điểm thi THPT,2021,20.25,Khoa học Giáo dục và Khác
125390,QHS,khoa-hoc-giao-duc-va-khac,A00,Điểm thi THPT,2022,20.75,Khoa học giáo dục và khác
125391,QHS,khoa-hoc-giao-duc-va-khac,B00,Điểm thi THPT,2022,20.75,Khoa học giáo dục và khác
125392,QHS,khoa-hoc-giao-duc-va-khac,C00,Điểm thi THPT,2022,20.75,Khoa học giáo dục và khác
125393,QHS,khoa-hoc-giao-duc-va-khac,D01,Điểm thi THPT,2022,20.75,Khoa học giáo dục và khác
125394,QHS,khoa-hoc-giao-duc-va-khac,A00,Điểm thi THPT,2023,20.5,Khoa học Giáo dục và Khác (gồm 5 ngành: Khoa học Giáo dục; Quản trị Chất lượng Giáo dục; Quản trị trường học; Quản trị Công nghệ Giáo dục; Tham vấn học đường)
125395,QHS,khoa-hoc-giao-duc-va-khac,B00,Điểm thi THPT,2023,20.5,Khoa học Giáo dục và Khác (gồm 5 ngành: Khoa học Giáo dục; Quản trị Chất lượng Giáo dục; Quản trị trường học; Quản trị Công nghệ Giáo dục; Tham vấn học đường)
125396,QHS,khoa-hoc-giao-duc-va-khac,C00,Điểm thi THPT,2023,20.5,Khoa học Giáo dục và Khác (gồm 5 ngành: Khoa học Giáo dục; Quản trị Chất lượng Giáo dục; Quản trị trường học; Quản trị Công nghệ Giáo dục; Tham vấn học đường)
125397,QHS,khoa-hoc-giao-duc-va-khac,D01,Điểm thi THPT,2023,20.5,Khoa học Giáo dục và Khác (gồm 5 ngành: Khoa học Giáo dục; Quản trị Chất lượng Giáo dục; Quản trị trường học; Quản trị Công nghệ Giáo dục; Tham vấn học đường)
125398,QHS,khoa-hoc-giao-duc-va-khac,A00,Điểm thi THPT,2024,24.92,Khoa học Giáo dục và Khác
125399,QHS,khoa-hoc-giao-duc-va-khac,B00,Điểm thi THPT,2024,24.92,Khoa học Giáo dục và Khác
125400,QHS,khoa-hoc-giao-duc-va-khac,C00,Điểm thi THPT,2024,24.92,Khoa học Giáo dục và Khác
125401,QHS,khoa-hoc-giao-duc-va-khac,D01,Điểm thi THPT,2024,24.92,Khoa học Giáo dục và Khác
125402,QHS,khoa-hoc-giao-duc-va-khac,A00,Điểm thi THPT,2025,25.57,Khoa học giáo dục và khác
125403,QHS,khoa-hoc-giao-duc-va-khac,A01,Điểm thi THPT,2025,25.57,Khoa học giáo dục và khác
125404,QHS,khoa-hoc-giao-duc-va-khac,B00,Điểm thi THPT,2025,25.57,Khoa học giáo dục và khác
125405,QHS,khoa-hoc-giao-duc-va-khac,C00,Điểm thi THPT,2025,25.57,Khoa học giáo dục và khác
125406,QHS,khoa-hoc-giao-duc-va-khac,C14,Điểm thi THPT,2025,25.57,Khoa học giáo dục và khác
125407,QHS,khoa-hoc-giao-duc-va-khac,D01,Điểm thi THPT,2025,25.57,Khoa học giáo dục và khác
125408,QHS,su-pham-hoa-hoc,A00,Điểm thi THPT,2025,27.74,Sư phạm Hoá học
125409,QHS,su-pham-hoa-hoc,B00,Điểm thi THPT,2025,27.74,Sư phạm Hoá học
125410,QHS,su-pham-hoa-hoc,C02,Điểm thi THPT,2025,27.74,Sư phạm Hoá học
125411,QHS,su-pham-hoa-hoc,D07,Điểm thi THPT,2025,27.74,Sư phạm Hoá học
125412,QHS,su-pham-khoa-hoc-tu-nhien,A00,Điểm thi THPT,2025,25.58,Sư phạm Khoa học Tự nhiên
125413,QHS,su-pham-khoa-hoc-tu-nhien,A02,Điểm thi THPT,2025,25.58,Sư phạm Khoa học Tự nhiên
125414,QHS,su-pham-khoa-hoc-tu-nhien,B00,Điểm thi THPT,2025,25.58,Sư phạm Khoa học Tự nhiên
125415,QHS,su-pham-lich-su,A07,Điểm thi THPT,2025,28.99,Sư phạm Lịch sử
125416,QHS,su-pham-lich-su,C00,Điểm thi THPT,2025,28.99,Sư phạm Lịch sử
125417,QHS,su-pham-lich-su,C03,Điểm thi THPT,2025,28.99,Sư phạm Lịch sử
125418,QHS,su-pham-lich-su,D09,Điểm thi THPT,2025,28.99,Sư phạm Lịch sử
125419,QHS,su-pham-lich-su,D14,Điểm thi THPT,2025,28.99,Sư phạm Lịch sử
125420,QHS,su-pham-lich-su-dia-ly,A07,Điểm thi THPT,2025,29.84,Sư phạm Lịch sử - Địa lý
125421,QHS,su-pham-lich-su-dia-ly,C00,Điểm thi THPT,2025,29.84,Sư phạm Lịch sử - Địa lý
125422,QHS,su-pham-ngu-van,C00,Điểm thi THPT,2025,28.45,Sư phạm Ngữ văn
125423,QHS,su-pham-ngu-van,C03,Điểm thi THPT,2025,28.45,Sư phạm Ngữ văn
125424,QHS,su-pham-ngu-van,C04,Điểm thi THPT,2025,28.45,Sư phạm Ngữ văn
125425,QHS,su-pham-ngu-van,D01,Điểm thi THPT,2025,28.45,Sư phạm Ngữ văn
125426,QHS,su-pham-ngu-van,D14,Điểm thi THPT,2025,28.45,Sư phạm Ngữ văn
125427,QHS,su-pham-ngu-van,D15,Điểm thi THPT,2025,28.45,Sư phạm Ngữ văn
125428,QHS,su-pham-ngu-van-lich-su-lich-su-dia-ly,C00,Điểm thi THPT,2022,28.0,"Sư phạm Ngữ văn, Lịch sử, Lịch sử - Địa lý"
125429,QHS,su-pham-ngu-van-lich-su-lich-su-dia-ly,D01,Điểm thi THPT,2022,28.0,"Sư phạm Ngữ văn, Lịch sử, Lịch sử - Địa lý"
125430,QHS,su-pham-ngu-van-lich-su-lich-su-dia-ly,D14,Điểm thi THPT,2022,28.0,"Sư phạm Ngữ văn, Lịch sử, Lịch sử - Địa lý"
125431,QHS,su-pham-ngu-van-lich-su-lich-su-dia-ly,D15,Điểm thi THPT,2022,28.0,"Sư phạm Ngữ văn, Lịch sử, Lịch sử - Địa lý"
125432,QHS,su-pham-ngu-van-lich-su-lich-su-va-dia-ly,C00,Điểm thi THPT,2021,26.55,"Sư phạm Ngữ văn, Lịch sử , Lịch Sử và Địa lý"
125433,QHS,su-pham-ngu-van-lich-su-lich-su-va-dia-ly,D01,Điểm thi THPT,2021,26.55,"Sư phạm Ngữ văn, Lịch sử , Lịch Sử và Địa lý"
125434,QHS,su-pham-ngu-van-lich-su-lich-su-va-dia-ly,D14,Điểm thi THPT,2021,26.55,"Sư phạm Ngữ văn, Lịch sử , Lịch Sử và Địa lý"
125435,QHS,su-pham-ngu-van-lich-su-lich-su-va-dia-ly,D15,Điểm thi THPT,2021,26.55,"Sư phạm Ngữ văn, Lịch sử , Lịch Sử và Địa lý"
125436,QHS,su-pham-ngu-van-lich-su-lich-su-va-dia-ly,C00,Điểm thi THPT,2023,27.17,"Sư phạm Ngữ văn, Lịch sử, Lịch sử và Địa lý (gồm 3 ngành: Sư phạm Ngữ văn; Sư phạm Lịch sử; Sư phạm Lịch sử và Địa lý)"
125437,QHS,su-pham-ngu-van-lich-su-lich-su-va-dia-ly,D01,Điểm thi THPT,2023,27.17,"Sư phạm Ngữ văn, Lịch sử, Lịch sử và Địa lý (gồm 3 ngành: Sư phạm Ngữ văn; Sư phạm Lịch sử; Sư phạm Lịch sử và Địa lý)"
125438,QHS,su-pham-ngu-van-lich-su-lich-su-va-dia-ly,D14,Điểm thi THPT,2023,27.17,"Sư phạm Ngữ văn, Lịch sử, Lịch sử và Địa lý (gồm 3 ngành: Sư phạm Ngữ văn; Sư phạm Lịch sử; Sư phạm Lịch sử và Địa lý)"
125439,QHS,su-pham-ngu-van-lich-su-lich-su-va-dia-ly,D15,Điểm thi THPT,2023,27.17,"Sư phạm Ngữ văn, Lịch sử, Lịch sử và Địa lý (gồm 3 ngành: Sư phạm Ngữ văn; Sư phạm Lịch sử; Sư phạm Lịch sử và Địa lý)"
125440,QHS,su-pham-ngu-van-lich-su-lich-su-va-dia-ly,C00,Điểm thi THPT,2024,28.76,"Sư phạm Ngữ văn, Lịch sử, Lịch sử và Địa lý"
125441,QHS,su-pham-ngu-van-lich-su-lich-su-va-dia-ly,D01,Điểm thi THPT,2024,28.76,"Sư phạm Ngữ văn, Lịch sử, Lịch sử và Địa lý"
125442,QHS,su-pham-ngu-van-lich-su-lich-su-va-dia-ly,D14,Điểm thi THPT,2024,28.76,"Sư phạm Ngữ văn, Lịch sử, Lịch sử và Địa lý"
125443,QHS,su-pham-ngu-van-lich-su-lich-su-va-dia-ly,D15,Điểm thi THPT,2024,28.76,"Sư phạm Ngữ văn, Lịch sử, Lịch sử và Địa lý"
125444,QHS,su-pham-sinh-hoc,A02,Điểm thi THPT,2025,25.37,Sư phạm Sinh học
125445,QHS,su-pham-sinh-hoc,B00,Điểm thi THPT,2025,25.37,Sư phạm Sinh học
125446,QHS,su-pham-sinh-hoc,B03,Điểm thi THPT,2025,25.37,Sư phạm Sinh học
125447,QHS,su-pham-sinh-hoc,B08,Điểm thi THPT,2025,25.37,Sư phạm Sinh học
125448,QHS,su-pham-toan-hoc,A00,Điểm thi THPT,2025,28.57,Sư phạm Toán học
125449,QHS,su-pham-toan-hoc,B00,Điểm thi THPT,2025,28.57,Sư phạm Toán học
125450,QHS,su-pham-toan-hoc,B03,Điểm thi THPT,2025,28.57,Sư phạm Toán học
125451,QHS,su-pham-toan-hoc,C01,Điểm thi THPT,2025,28.57,Sư phạm Toán học
125452,QHS,su-pham-toan-hoc,C02,Điểm thi THPT,2025,28.57,Sư phạm Toán học
125453,QHS,su-pham-toan-hoc,D01,Điểm thi THPT,2025,28.57,Sư phạm Toán học
125454,QHS,su-pham-toan-va-khoa-hoc-tu-nhien,A00,Điểm thi THPT,2022,25.55,Sư phạm Toán và Khoa học tự nhiên
125455,QHS,su-pham-toan-va-khoa-hoc-tu-nhien,A01,Điểm thi THPT,2022,25.55,Sư phạm Toán và Khoa học tự nhiên
125456,QHS,su-pham-toan-va-khoa-hoc-tu-nhien,B00,Điểm thi THPT,2022,25.55,Sư phạm Toán và Khoa học tự nhiên
125457,QHS,su-pham-toan-va-khoa-hoc-tu-nhien,D01,Điểm thi THPT,2022,25.55,Sư phạm Toán và Khoa học tự nhiên
125458,QHS,su-pham-toan-va-khoa-hoc-tu-nhien,A00,Điểm thi THPT,2023,25.58,Sư phạm Toán và Khoa học Tự nhiên (Gồm 5 ngành: Sư phạm Toán học; Sư phạm Vật lý; Sư phạm Hóa học; Sư phạm Sinh học; Sư phạm Khoa học Tư nhiên)
125459,QHS,su-pham-toan-va-khoa-hoc-tu-nhien,A01,Điểm thi THPT,2023,25.58,Sư phạm Toán và Khoa học Tự nhiên (Gồm 5 ngành: Sư phạm Toán học; Sư phạm Vật lý; Sư phạm Hóa học; Sư phạm Sinh học; Sư phạm Khoa học Tư nhiên)
125460,QHS,su-pham-toan-va-khoa-hoc-tu-nhien,B00,Điểm thi THPT,2023,25.58,Sư phạm Toán và Khoa học Tự nhiên (Gồm 5 ngành: Sư phạm Toán học; Sư phạm Vật lý; Sư phạm Hóa học; Sư phạm Sinh học; Sư phạm Khoa học Tư nhiên)
125461,QHS,su-pham-toan-va-khoa-hoc-tu-nhien,D01,Điểm thi THPT,2023,25.58,Sư phạm Toán và Khoa học Tự nhiên (Gồm 5 ngành: Sư phạm Toán học; Sư phạm Vật lý; Sư phạm Hóa học; Sư phạm Sinh học; Sư phạm Khoa học Tư nhiên)
125462,QHS,su-pham-toan-va-khoa-hoc-tu-nhien,A00,Điểm thi THPT,2024,26.58,Sư phạm Toán và Khoa học Tự nhiên
125463,QHS,su-pham-toan-va-khoa-hoc-tu-nhien,A01,Điểm thi THPT,2024,26.58,Sư phạm Toán và Khoa học Tự nhiên
125464,QHS,su-pham-toan-va-khoa-hoc-tu-nhien,B00,Điểm thi THPT,2024,26.58,Sư phạm Toán và Khoa học Tự nhiên
125465,QHS,su-pham-toan-va-khoa-hoc-tu-nhien,D01,Điểm thi THPT,2024,26.58,Sư phạm Toán và Khoa học Tự nhiên
125466,QHS,su-pham-toan-va-khtn,A00,Điểm thi THPT,2021,25.65,Sư phạm Toán và KHTN
125467,QHS,su-pham-toan-va-khtn,A01,Điểm thi THPT,2021,25.65,Sư phạm Toán và KHTN
125468,QHS,su-pham-toan-va-khtn,B00,Điểm thi THPT,2021,25.65,Sư phạm Toán và KHTN
125469,QHS,su-pham-toan-va-khtn,D01,Điểm thi THPT,2021,25.65,Sư phạm Toán và KHTN
125470,QHS,su-pham-vat-li,A00,Điểm thi THPT,2025,28.0,Sư phạm Vật lí
125471,QHS,su-pham-vat-li,A01,Điểm thi THPT,2025,28.0,Sư phạm Vật lí
125472,QHS,su-pham-vat-li,A02,Điểm thi THPT,2025,28.0,Sư phạm Vật lí
125473,QHS,su-pham-vat-li,C01,Điểm thi THPT,2025,28.0,Sư phạm Vật lí
125474,QHT,cong-nghe-ban-dan,A00,Điểm thi THPT,2025,25.55,Công nghệ Bán dẫn
125475,QHT,cong-nghe-ban-dan,A01,Điểm thi THPT,2025,25.55,Công nghệ Bán dẫn
125476,QHT,cong-nghe-ban-dan,A02,Điểm thi THPT,2025,25.55,Công nghệ Bán dẫn
125477,QHT,cong-nghe-ban-dan,B00,Điểm thi THPT,2025,25.55,Công nghệ Bán dẫn
125478,QHT,cong-nghe-ban-dan,C01,Điểm thi THPT,2025,25.55,Công nghệ Bán dẫn
125479,QHT,cong-nghe-ban-dan,C02,Điểm thi THPT,2025,25.55,Công nghệ Bán dẫn
125480,QHT,cong-nghe-ban-dan,D07,Điểm thi THPT,2025,25.55,Công nghệ Bán dẫn
125481,QHT,cong-nghe-ban-dan,X02,Điểm thi THPT,2025,25.55,Công nghệ Bán dẫn
125482,QHT,cong-nghe-ban-dan,X06,Điểm thi THPT,2025,25.55,Công nghệ Bán dẫn
125483,QHT,cong-nghe-ban-dan,X26,Điểm thi THPT,2025,25.55,Công nghệ Bán dẫn
125484,QHT,cong-nghe-ky-thuat-hat-nhan,A00,Điểm thi THPT,2021,23.5,Công nghệ kỹ thuật hạt nhân
125485,QHT,cong-nghe-ky-thuat-hat-nhan,A01,Điểm thi THPT,2021,23.5,Công nghệ kỹ thuật hạt nhân
125486,QHT,cong-nghe-ky-thuat-hat-nhan,B00,Điểm thi THPT,2021,23.5,Công nghệ kỹ thuật hạt nhân
125487,QHT,cong-nghe-ky-thuat-hat-nhan,C01,Điểm thi THPT,2021,23.5,Công nghệ kỹ thuật hạt nhân
125488,QHT,cong-nghe-ky-thuat-hat-nhan,A00,Điểm thi THPT,2022,23.5,Công nghệ kỹ thuật hạt nhân
125489,QHT,cong-nghe-ky-thuat-hat-nhan,A01,Điểm thi THPT,2022,23.5,Công nghệ kỹ thuật hạt nhân
125490,QHT,cong-nghe-ky-thuat-hat-nhan,B00,Điểm thi THPT,2022,23.5,Công nghệ kỹ thuật hạt nhân
125491,QHT,cong-nghe-ky-thuat-hat-nhan,C01,Điểm thi THPT,2022,23.5,Công nghệ kỹ thuật hạt nhân
125492,QHT,cong-nghe-ky-thuat-hat-nhan,A00,Điểm thi THPT,2023,21.3,Công nghệ kỹ thuật hạt nhân
125493,QHT,cong-nghe-ky-thuat-hat-nhan,A01,Điểm thi THPT,2023,21.3,Công nghệ kỹ thuật hạt nhân
125494,QHT,cong-nghe-ky-thuat-hat-nhan,B00,Điểm thi THPT,2023,21.3,Công nghệ kỹ thuật hạt nhân
125495,QHT,cong-nghe-ky-thuat-hat-nhan,C01,Điểm thi THPT,2023,21.3,Công nghệ kỹ thuật hạt nhân
125496,QHT,cong-nghe-ky-thuat-hat-nhan,A00,Điểm thi THPT,2024,24.3,Công nghệ kỹ thuật hạt nhân
125497,QHT,cong-nghe-ky-thuat-hat-nhan,A01,Điểm thi THPT,2024,24.3,Công nghệ kỹ thuật hạt nhân
125498,QHT,cong-nghe-ky-thuat-hat-nhan,A02,Điểm thi THPT,2024,24.3,Công nghệ kỹ thuật hạt nhân
125499,QHT,cong-nghe-ky-thuat-hat-nhan,C01,Điểm thi THPT,2024,24.3,Công nghệ kỹ thuật hạt nhân
125500,QHT,cong-nghe-ky-thuat-hat-nhan,A00,Điểm thi THPT,2025,23.5,Công nghệ kỹ thuật hạt nhân
125501,QHT,cong-nghe-ky-thuat-hat-nhan,A01,Điểm thi THPT,2025,23.5,Công nghệ kỹ thuật hạt nhân
125502,QHT,cong-nghe-ky-thuat-hat-nhan,A02,Điểm thi THPT,2025,23.5,Công nghệ kỹ thuật hạt nhân
125503,QHT,cong-nghe-ky-thuat-hat-nhan,B00,Điểm thi THPT,2025,23.5,Công nghệ kỹ thuật hạt nhân
125504,QHT,cong-nghe-ky-thuat-hat-nhan,C01,Điểm thi THPT,2025,23.5,Công nghệ kỹ thuật hạt nhân
125505,QHT,cong-nghe-ky-thuat-hat-nhan,C02,Điểm thi THPT,2025,23.5,Công nghệ kỹ thuật hạt nhân
125506,QHT,cong-nghe-ky-thuat-hat-nhan,D07,Điểm thi THPT,2025,23.5,Công nghệ kỹ thuật hạt nhân
125507,QHT,cong-nghe-ky-thuat-hat-nhan,X02,Điểm thi THPT,2025,23.5,Công nghệ kỹ thuật hạt nhân
125508,QHT,cong-nghe-ky-thuat-hat-nhan,X06,Điểm thi THPT,2025,23.5,Công nghệ kỹ thuật hạt nhân
125509,QHT,cong-nghe-ky-thuat-hat-nhan,X26,Điểm thi THPT,2025,23.5,Công nghệ kỹ thuật hạt nhân
125510,QHT,cong-nghe-ky-thuat-hoa-hoc,A00,Điểm thi THPT,2021,23.6,Công nghệ kỹ thuật hoá học **
125511,QHT,cong-nghe-ky-thuat-hoa-hoc,B00,Điểm thi THPT,2021,23.6,Công nghệ kỹ thuật hoá học **
125512,QHT,cong-nghe-ky-thuat-hoa-hoc,D07,Điểm thi THPT,2021,23.6,Công nghệ kỹ thuật hoá học **
125513,QHT,cong-nghe-ky-thuat-hoa-hoc,A00,Điểm thi THPT,2022,21.6,Công nghệ kỹ thuật hoá học
125514,QHT,cong-nghe-ky-thuat-hoa-hoc,B00,Điểm thi THPT,2022,21.6,Công nghệ kỹ thuật hoá học
125515,QHT,cong-nghe-ky-thuat-hoa-hoc,D07,Điểm thi THPT,2022,21.6,Công nghệ kỹ thuật hoá học
125516,QHT,cong-nghe-ky-thuat-hoa-hoc,A00,Điểm thi THPT,2023,23.25,Công nghệ kỹ thuật hoá học
125517,QHT,cong-nghe-ky-thuat-hoa-hoc,B00,Điểm thi THPT,2023,23.25,Công nghệ kỹ thuật hoá học
125518,QHT,cong-nghe-ky-thuat-hoa-hoc,D07,Điểm thi THPT,2023,23.25,Công nghệ kỹ thuật hoá học
125519,QHT,cong-nghe-ky-thuat-hoa-hoc,A00,Điểm thi THPT,2024,24.8,Công nghệ kỹ thuật hoá học
125520,QHT,cong-nghe-ky-thuat-hoa-hoc,B00,Điểm thi THPT,2024,24.8,Công nghệ kỹ thuật hoá học
125521,QHT,cong-nghe-ky-thuat-hoa-hoc,C02,Điểm thi THPT,2024,24.8,Công nghệ kỹ thuật hoá học
125522,QHT,cong-nghe-ky-thuat-hoa-hoc,D07,Điểm thi THPT,2024,24.8,Công nghệ kỹ thuật hoá học
125523,QHT,cong-nghe-ky-thuat-hoa-hoc,A00,Điểm thi THPT,2025,23.45,Công nghệ kỹ thuật hoá học
125524,QHT,cong-nghe-ky-thuat-hoa-hoc,A05,Điểm thi THPT,2025,23.45,Công nghệ kỹ thuật hoá học
125525,QHT,cong-nghe-ky-thuat-hoa-hoc,A06,Điểm thi THPT,2025,23.45,Công nghệ kỹ thuật hoá học
125526,QHT,cong-nghe-ky-thuat-hoa-hoc,B00,Điểm thi THPT,2025,23.45,Công nghệ kỹ thuật hoá học
125527,QHT,cong-nghe-ky-thuat-hoa-hoc,C02,Điểm thi THPT,2025,23.45,Công nghệ kỹ thuật hoá học
125528,QHT,cong-nghe-ky-thuat-hoa-hoc,D07,Điểm thi THPT,2025,23.45,Công nghệ kỹ thuật hoá học
125529,QHT,cong-nghe-ky-thuat-hoa-hoc,X09,Điểm thi THPT,2025,23.45,Công nghệ kỹ thuật hoá học
125530,QHT,cong-nghe-ky-thuat-hoa-hoc,X10,Điểm thi THPT,2025,23.45,Công nghệ kỹ thuật hoá học
125531,QHT,cong-nghe-ky-thuat-hoa-hoc,X11,Điểm thi THPT,2025,23.45,Công nghệ kỹ thuật hoá học
125532,QHT,cong-nghe-ky-thuat-hoa-hoc,X12,Điểm thi THPT,2025,23.45,Công nghệ kỹ thuật hoá học
125533,QHT,cong-nghe-ky-thuat-moi-truong,A00,Điểm thi THPT,2021,18.5,Công nghệ kỹ thuật môi trường **
125534,QHT,cong-nghe-ky-thuat-moi-truong,A01,Điểm thi THPT,2021,18.5,Công nghệ kỹ thuật môi trường **
125535,QHT,cong-nghe-ky-thuat-moi-truong,B00,Điểm thi THPT,2021,18.5,Công nghệ kỹ thuật môi trường **
125536,QHT,cong-nghe-ky-thuat-moi-truong,D07,Điểm thi THPT,2021,18.5,Công nghệ kỹ thuật môi trường **
125537,QHT,cong-nghe-ky-thuat-moi-truong,A00,Điểm thi THPT,2022,20.0,Công nghệ kỹ thuật môi trường
125538,QHT,cong-nghe-ky-thuat-moi-truong,A01,Điểm thi THPT,2022,20.0,Công nghệ kỹ thuật môi trường
125539,QHT,cong-nghe-ky-thuat-moi-truong,B00,Điểm thi THPT,2022,20.0,Công nghệ kỹ thuật môi trường
125540,QHT,cong-nghe-ky-thuat-moi-truong,D07,Điểm thi THPT,2022,20.0,Công nghệ kỹ thuật môi trường
125541,QHT,cong-nghe-ky-thuat-moi-truong,A00,Điểm thi THPT,2023,20.0,Công nghệ kỹ thuật môi trường
125542,QHT,cong-nghe-ky-thuat-moi-truong,A01,Điểm thi THPT,2023,20.0,Công nghệ kỹ thuật môi trường
125543,QHT,cong-nghe-ky-thuat-moi-truong,B00,Điểm thi THPT,2023,20.0,Công nghệ kỹ thuật môi trường
125544,QHT,cong-nghe-ky-thuat-moi-truong,D07,Điểm thi THPT,2023,20.0,Công nghệ kỹ thuật môi trường
125545,QHT,cong-nghe-ky-thuat-moi-truong,A00,Điểm thi THPT,2024,21.0,Công nghệ kỹ thuật môi trường
125546,QHT,cong-nghe-ky-thuat-moi-truong,A01,Điểm thi THPT,2024,21.0,Công nghệ kỹ thuật môi trường
125547,QHT,cong-nghe-ky-thuat-moi-truong,B00,Điểm thi THPT,2024,21.0,Công nghệ kỹ thuật môi trường
125548,QHT,cong-nghe-ky-thuat-moi-truong,D07,Điểm thi THPT,2024,21.0,Công nghệ kỹ thuật môi trường
125549,QHT,cong-nghe-ky-thuat-moi-truong,A00,Điểm thi THPT,2025,21.55,Công nghệ kỹ thuật môi trường
125550,QHT,cong-nghe-ky-thuat-moi-truong,A01,Điểm thi THPT,2025,21.55,Công nghệ kỹ thuật môi trường
125551,QHT,cong-nghe-ky-thuat-moi-truong,A02,Điểm thi THPT,2025,21.55,Công nghệ kỹ thuật môi trường
125552,QHT,cong-nghe-ky-thuat-moi-truong,B00,Điểm thi THPT,2025,21.55,Công nghệ kỹ thuật môi trường
125553,QHT,cong-nghe-ky-thuat-moi-truong,B03,Điểm thi THPT,2025,21.55,Công nghệ kỹ thuật môi trường
125554,QHT,cong-nghe-ky-thuat-moi-truong,C01,Điểm thi THPT,2025,21.55,Công nghệ kỹ thuật môi trường
125555,QHT,cong-nghe-ky-thuat-moi-truong,C02,Điểm thi THPT,2025,21.55,Công nghệ kỹ thuật môi trường
125556,QHT,cong-nghe-ky-thuat-moi-truong,D01,Điểm thi THPT,2025,21.55,Công nghệ kỹ thuật môi trường
125557,QHT,cong-nghe-ky-thuat-moi-truong,D07,Điểm thi THPT,2025,21.55,Công nghệ kỹ thuật môi trường
125558,QHT,cong-nghe-ky-thuat-moi-truong,D08,Điểm thi THPT,2025,21.55,Công nghệ kỹ thuật môi trường
125559,QHT,cong-nghe-ky-thuat-moi-truong,X09,Điểm thi THPT,2025,21.55,Công nghệ kỹ thuật môi trường
125560,QHT,cong-nghe-ky-thuat-moi-truong,X10,Điểm thi THPT,2025,21.55,Công nghệ kỹ thuật môi trường
125561,QHT,cong-nghe-ky-thuat-moi-truong,X11,Điểm thi THPT,2025,21.55,Công nghệ kỹ thuật môi trường
125562,QHT,cong-nghe-ky-thuat-moi-truong,X12,Điểm thi THPT,2025,21.55,Công nghệ kỹ thuật môi trường
125563,QHT,cong-nghe-ky-thuat-moi-truong,X13,Điểm thi THPT,2025,21.55,Công nghệ kỹ thuật môi trường
125564,QHT,cong-nghe-ky-thuat-moi-truong,X14,Điểm thi THPT,2025,21.55,Công nghệ kỹ thuật môi trường
125565,QHT,cong-nghe-ky-thuat-moi-truong,X15,Điểm thi THPT,2025,21.55,Công nghệ kỹ thuật môi trường
125566,QHT,cong-nghe-ky-thuat-moi-truong,X16,Điểm thi THPT,2025,21.55,Công nghệ kỹ thuật môi trường
125567,QHT,cong-nghe-quan-trac-va-giam-sat-tai-nguyen-moi-truong,A00,Điểm thi THPT,2021,18.0,Công nghệ quan trắc và giám sát tài nguyên môi trường
125568,QHT,cong-nghe-quan-trac-va-giam-sat-tai-nguyen-moi-truong,A01,Điểm thi THPT,2021,18.0,Công nghệ quan trắc và giám sát tài nguyên môi trường
125569,QHT,cong-nghe-quan-trac-va-giam-sat-tai-nguyen-moi-truong,B00,Điểm thi THPT,2021,18.0,Công nghệ quan trắc và giám sát tài nguyên môi trường
125570,QHT,cong-nghe-quan-trac-va-giam-sat-tai-nguyen-moi-truong,D07,Điểm thi THPT,2021,18.0,Công nghệ quan trắc và giám sát tài nguyên môi trường
125571,QHT,cong-nghe-quan-trac-va-giam-sat-tai-nguyen-moi-truong,A00,Điểm thi THPT,2022,20.0,Công nghệ quan trắc và giám sát tài nguyên môi trường
125572,QHT,cong-nghe-quan-trac-va-giam-sat-tai-nguyen-moi-truong,A01,Điểm thi THPT,2022,20.0,Công nghệ quan trắc và giám sát tài nguyên môi trường
125573,QHT,cong-nghe-quan-trac-va-giam-sat-tai-nguyen-moi-truong,B00,Điểm thi THPT,2022,20.0,Công nghệ quan trắc và giám sát tài nguyên môi trường
125574,QHT,cong-nghe-quan-trac-va-giam-sat-tai-nguyen-moi-truong,D07,Điểm thi THPT,2022,20.0,Công nghệ quan trắc và giám sát tài nguyên môi trường
125575,QHT,cong-nghe-quan-trac-va-giam-sat-tai-nguyen-moi-truong,A00,Điểm thi THPT,2023,20.0,Công nghệ quan trắc và giám sát tài nguyên môi trường
125576,QHT,cong-nghe-quan-trac-va-giam-sat-tai-nguyen-moi-truong,A01,Điểm thi THPT,2023,20.0,Công nghệ quan trắc và giám sát tài nguyên môi trường
125577,QHT,cong-nghe-quan-trac-va-giam-sat-tai-nguyen-moi-truong,B00,Điểm thi THPT,2023,20.0,Công nghệ quan trắc và giám sát tài nguyên môi trường
125578,QHT,cong-nghe-quan-trac-va-giam-sat-tai-nguyen-moi-truong,D07,Điểm thi THPT,2023,20.0,Công nghệ quan trắc và giám sát tài nguyên môi trường
125579,QHT,cong-nghe-sinh-hoc,A00,Điểm thi THPT,2021,24.4,Công nghệ sinh học **
125580,QHT,cong-nghe-sinh-hoc,A02,Điểm thi THPT,2021,24.4,Công nghệ sinh học **
125581,QHT,cong-nghe-sinh-hoc,B00,Điểm thi THPT,2021,24.4,Công nghệ sinh học **
125582,QHT,cong-nghe-sinh-hoc,D08,Điểm thi THPT,2021,24.4,Công nghệ sinh học **
125583,QHT,cong-nghe-sinh-hoc,A00,Điểm thi THPT,2022,20.25,Công nghệ sinh học
125584,QHT,cong-nghe-sinh-hoc,A02,Điểm thi THPT,2022,20.25,Công nghệ sinh học
125585,QHT,cong-nghe-sinh-hoc,B00,Điểm thi THPT,2022,20.25,Công nghệ sinh học
125586,QHT,cong-nghe-sinh-hoc,D08,Điểm thi THPT,2022,20.25,Công nghệ sinh học
125587,QHT,cong-nghe-sinh-hoc,A00,Điểm thi THPT,2023,24.05,Công nghệ sinh học
125588,QHT,cong-nghe-sinh-hoc,A02,Điểm thi THPT,2023,24.05,Công nghệ sinh học
125589,QHT,cong-nghe-sinh-hoc,B00,Điểm thi THPT,2023,24.05,Công nghệ sinh học
125590,QHT,cong-nghe-sinh-hoc,B08,Điểm thi THPT,2023,24.05,Công nghệ sinh học
125591,QHT,cong-nghe-sinh-hoc,A00,Điểm thi THPT,2024,24.45,Công nghệ sinh học
125592,QHT,cong-nghe-sinh-hoc,A02,Điểm thi THPT,2024,24.45,Công nghệ sinh học
125593,QHT,cong-nghe-sinh-hoc,B00,Điểm thi THPT,2024,24.45,Công nghệ sinh học
125594,QHT,cong-nghe-sinh-hoc,B08,Điểm thi THPT,2024,24.45,Công nghệ sinh học
125595,QHT,cong-nghe-sinh-hoc,A00,Điểm thi THPT,2025,22.05,Công nghệ sinh học
125596,QHT,cong-nghe-sinh-hoc,A02,Điểm thi THPT,2025,22.05,Công nghệ sinh học
125597,QHT,cong-nghe-sinh-hoc,B00,Điểm thi THPT,2025,22.05,Công nghệ sinh học
125598,QHT,cong-nghe-sinh-hoc,B01,Điểm thi THPT,2025,22.05,Công nghệ sinh học
125599,QHT,cong-nghe-sinh-hoc,B02,Điểm thi THPT,2025,22.05,Công nghệ sinh học
125600,QHT,cong-nghe-sinh-hoc,B03,Điểm thi THPT,2025,22.05,Công nghệ sinh học
125601,QHT,cong-nghe-sinh-hoc,B08,Điểm thi THPT,2025,22.05,Công nghệ sinh học
125602,QHT,cong-nghe-sinh-hoc,D07,Điểm thi THPT,2025,22.05,Công nghệ sinh học
125603,QHT,cong-nghe-sinh-hoc,D08,Điểm thi THPT,2025,22.05,Công nghệ sinh học
125604,QHT,cong-nghe-sinh-hoc,X13,Điểm thi THPT,2025,22.05,Công nghệ sinh học
125605,QHT,cong-nghe-sinh-hoc,X14,Điểm thi THPT,2025,22.05,Công nghệ sinh học
125606,QHT,cong-nghe-sinh-hoc,X15,Điểm thi THPT,2025,22.05,Công nghệ sinh học
125607,QHT,cong-nghe-sinh-hoc,X16,Điểm thi THPT,2025,22.05,Công nghệ sinh học
125608,QHT,dia-chat-hoc,A00,Điểm thi THPT,2021,18.0,Địa chất học
125609,QHT,dia-chat-hoc,A01,Điểm thi THPT,2021,18.0,Địa chất học
125610,QHT,dia-chat-hoc,B00,Điểm thi THPT,2021,18.0,Địa chất học
125611,QHT,dia-chat-hoc,D07,Điểm thi THPT,2021,18.0,Địa chất học
125612,QHT,dia-chat-hoc,A00,Điểm thi THPT,2022,20.0,Địa chất học
125613,QHT,dia-chat-hoc,A01,Điểm thi THPT,2022,20.0,Địa chất học
125614,QHT,dia-chat-hoc,B00,Điểm thi THPT,2022,20.0,Địa chất học
125615,QHT,dia-chat-hoc,D07,Điểm thi THPT,2022,20.0,Địa chất học
125616,QHT,dia-chat-hoc,A00,Điểm thi THPT,2023,20.0,Địa chất học
125617,QHT,dia-chat-hoc,A01,Điểm thi THPT,2023,20.0,Địa chất học
125618,QHT,dia-chat-hoc,B00,Điểm thi THPT,2023,20.0,Địa chất học
125619,QHT,dia-chat-hoc,D07,Điểm thi THPT,2023,20.0,Địa chất học
125620,QHT,dia-chat-hoc,A00,Điểm thi THPT,2024,20.0,Địa chất học
125621,QHT,dia-chat-hoc,A01,Điểm thi THPT,2024,20.0,Địa chất học
125622,QHT,dia-chat-hoc,D07,Điểm thi THPT,2024,20.0,Địa chất học
125623,QHT,dia-chat-hoc,D10,Điểm thi THPT,2024,20.0,Địa chất học
125624,QHT,dia-chat-hoc,A00,Điểm thi THPT,2025,22.05,Địa chất học
125625,QHT,dia-chat-hoc,A01,Điểm thi THPT,2025,22.05,Địa chất học
125626,QHT,dia-chat-hoc,A04,Điểm thi THPT,2025,22.05,Địa chất học
125627,QHT,dia-chat-hoc,A06,Điểm thi THPT,2025,22.05,Địa chất học
125628,QHT,dia-chat-hoc,A07,Điểm thi THPT,2025,22.05,Địa chất học
125629,QHT,dia-chat-hoc,B00,Điểm thi THPT,2025,22.05,Địa chất học
125630,QHT,dia-chat-hoc,B03,Điểm thi THPT,2025,22.05,Địa chất học
125631,QHT,dia-chat-hoc,C01,Điểm thi THPT,2025,22.05,Địa chất học
125632,QHT,dia-chat-hoc,C02,Điểm thi THPT,2025,22.05,Địa chất học
125633,QHT,dia-chat-hoc,C04,Điểm thi THPT,2025,22.05,Địa chất học
125634,QHT,dia-chat-hoc,D01,Điểm thi THPT,2025,22.05,Địa chất học
125635,QHT,dia-chat-hoc,D07,Điểm thi THPT,2025,22.05,Địa chất học
125636,QHT,dia-chat-hoc,D08,Điểm thi THPT,2025,22.05,Địa chất học
125637,QHT,dia-chat-hoc,D09,Điểm thi THPT,2025,22.05,Địa chất học
125638,QHT,dia-chat-hoc,D10,Điểm thi THPT,2025,22.05,Địa chất học
125639,QHT,dia-chat-hoc,X01,Điểm thi THPT,2025,22.05,Địa chất học
125640,QHT,dia-chat-hoc,X05,Điểm thi THPT,2025,22.05,Địa chất học
125641,QHT,dia-chat-hoc,X09,Điểm thi THPT,2025,22.05,Địa chất học
125642,QHT,dia-chat-hoc,X21,Điểm thi THPT,2025,22.05,Địa chất học
125643,QHT,dia-chat-hoc,X25,Điểm thi THPT,2025,22.05,Địa chất học
125644,QHT,dia-li-tu-nhien,A00,Điểm thi THPT,2021,20.2,Địa lí tự nhiên
125645,QHT,dia-li-tu-nhien,A01,Điểm thi THPT,2021,20.2,Địa lí tự nhiên
125646,QHT,dia-li-tu-nhien,B00,Điểm thi THPT,2021,20.2,Địa lí tự nhiên
125647,QHT,dia-li-tu-nhien,D10,Điểm thi THPT,2021,20.2,Địa lí tự nhiên
125648,QHT,dia-ly-tu-nhien,A00,Điểm thi THPT,2022,20.45,Địa lý tự nhiên
125649,QHT,dia-ly-tu-nhien,A01,Điểm thi THPT,2022,20.45,Địa lý tự nhiên
125650,QHT,dia-ly-tu-nhien,B00,Điểm thi THPT,2022,20.45,Địa lý tự nhiên
125651,QHT,dia-ly-tu-nhien,D10,Điểm thi THPT,2022,20.45,Địa lý tự nhiên
125652,QHT,dia-ly-tu-nhien,A00,Điểm thi THPT,2023,20.3,Địa lý tự nhiên
125653,QHT,dia-ly-tu-nhien,A01,Điểm thi THPT,2023,20.3,Địa lý tự nhiên
125654,QHT,dia-ly-tu-nhien,B00,Điểm thi THPT,2023,20.3,Địa lý tự nhiên
125655,QHT,dia-ly-tu-nhien,D10,Điểm thi THPT,2023,20.3,Địa lý tự nhiên
125656,QHT,dia-ly-tu-nhien,A00,Điểm thi THPT,2024,22.4,Địa lý tự nhiên
125657,QHT,dia-ly-tu-nhien,A01,Điểm thi THPT,2024,22.4,Địa lý tự nhiên
125658,QHT,dia-ly-tu-nhien,B00,Điểm thi THPT,2024,22.4,Địa lý tự nhiên
125659,QHT,dia-ly-tu-nhien,D10,Điểm thi THPT,2024,22.4,Địa lý tự nhiên
125660,QHT,dia-ly-tu-nhien,A00,Điểm thi THPT,2025,23.95,Địa lý tự nhiên
125661,QHT,dia-ly-tu-nhien,A01,Điểm thi THPT,2025,23.95,Địa lý tự nhiên
125662,QHT,dia-ly-tu-nhien,A04,Điểm thi THPT,2025,23.95,Địa lý tự nhiên
125663,QHT,dia-ly-tu-nhien,A06,Điểm thi THPT,2025,23.95,Địa lý tự nhiên
125664,QHT,dia-ly-tu-nhien,A07,Điểm thi THPT,2025,23.95,Địa lý tự nhiên
125665,QHT,dia-ly-tu-nhien,B00,Điểm thi THPT,2025,23.95,Địa lý tự nhiên
125666,QHT,dia-ly-tu-nhien,B02,Điểm thi THPT,2025,23.95,Địa lý tự nhiên
125667,QHT,dia-ly-tu-nhien,C04,Điểm thi THPT,2025,23.95,Địa lý tự nhiên
125668,QHT,dia-ly-tu-nhien,D01,Điểm thi THPT,2025,23.95,Địa lý tự nhiên
125669,QHT,dia-ly-tu-nhien,D10,Điểm thi THPT,2025,23.95,Địa lý tự nhiên
125670,QHT,dia-ly-tu-nhien,D20,Điểm thi THPT,2025,23.95,Địa lý tự nhiên
125671,QHT,dia-ly-tu-nhien,X01,Điểm thi THPT,2025,23.95,Địa lý tự nhiên
125672,QHT,dia-ly-tu-nhien,X21,Điểm thi THPT,2025,23.95,Địa lý tự nhiên
125673,QHT,dia-ly-tu-nhien,X25,Điểm thi THPT,2025,23.95,Địa lý tự nhiên
125674,QHT,hai-duong-hoc,A00,Điểm thi THPT,2021,18.0,Hải dương học
125675,QHT,hai-duong-hoc,A01,Điểm thi THPT,2021,18.0,Hải dương học
125676,QHT,hai-duong-hoc,B00,Điểm thi THPT,2021,18.0,Hải dương học
125677,QHT,hai-duong-hoc,D07,Điểm thi THPT,2021,18.0,Hải dương học
125678,QHT,hai-duong-hoc,A00,Điểm thi THPT,2022,20.0,Hải dương học
125679,QHT,hai-duong-hoc,A01,Điểm thi THPT,2022,20.0,Hải dương học
125680,QHT,hai-duong-hoc,B00,Điểm thi THPT,2022,20.0,Hải dương học
125681,QHT,hai-duong-hoc,D07,Điểm thi THPT,2022,20.0,Hải dương học
125682,QHT,hai-duong-hoc,A00,Điểm thi THPT,2023,20.0,Hải dương học
125683,QHT,hai-duong-hoc,A01,Điểm thi THPT,2023,20.0,Hải dương học
125684,QHT,hai-duong-hoc,B00,Điểm thi THPT,2023,20.0,Hải dương học
125685,QHT,hai-duong-hoc,D07,Điểm thi THPT,2023,20.0,Hải dương học
125686,QHT,hai-duong-hoc,A00,Điểm thi THPT,2024,20.0,Hải dương học
125687,QHT,hai-duong-hoc,A01,Điểm thi THPT,2024,20.0,Hải dương học
125688,QHT,hai-duong-hoc,B00,Điểm thi THPT,2024,20.0,Hải dương học
125689,QHT,hai-duong-hoc,D07,Điểm thi THPT,2024,20.0,Hải dương học
125690,QHT,hai-duong-hoc,A00,Điểm thi THPT,2025,21.5,Hải dương học
125691,QHT,hai-duong-hoc,A01,Điểm thi THPT,2025,21.5,Hải dương học
125692,QHT,hai-duong-hoc,A02,Điểm thi THPT,2025,21.5,Hải dương học
125693,QHT,hai-duong-hoc,A04,Điểm thi THPT,2025,21.5,Hải dương học
125694,QHT,hai-duong-hoc,A06,Điểm thi THPT,2025,21.5,Hải dương học
125695,QHT,hai-duong-hoc,B00,Điểm thi THPT,2025,21.5,Hải dương học
125696,QHT,hai-duong-hoc,B02,Điểm thi THPT,2025,21.5,Hải dương học
125697,QHT,hai-duong-hoc,B03,Điểm thi THPT,2025,21.5,Hải dương học
125698,QHT,hai-duong-hoc,B08,Điểm thi THPT,2025,21.5,Hải dương học
125699,QHT,hai-duong-hoc,C01,Điểm thi THPT,2025,21.5,Hải dương học
125700,QHT,hai-duong-hoc,C02,Điểm thi THPT,2025,21.5,Hải dương học
125701,QHT,hai-duong-hoc,C04,Điểm thi THPT,2025,21.5,Hải dương học
125702,QHT,hai-duong-hoc,D01,Điểm thi THPT,2025,21.5,Hải dương học
125703,QHT,hai-duong-hoc,D07,Điểm thi THPT,2025,21.5,Hải dương học
125704,QHT,hai-duong-hoc,D10,Điểm thi THPT,2025,21.5,Hải dương học
125705,QHT,hai-duong-hoc,X26,Điểm thi THPT,2025,21.5,Hải dương học
125706,QHT,hoa-duoc,A00,Điểm thi THPT,2021,25.25,Hoá dược
125707,QHT,hoa-duoc,B00,Điểm thi THPT,2021,25.25,Hoá dược
125708,QHT,hoa-duoc,D07,Điểm thi THPT,2021,25.25,Hoá dược
125709,QHT,hoa-duoc,A00,Điểm thi THPT,2022,24.2,Hoá dược
125710,QHT,hoa-duoc,B00,Điểm thi THPT,2022,24.2,Hoá dược
125711,QHT,hoa-duoc,D07,Điểm thi THPT,2022,24.2,Hoá dược
125712,QHT,hoa-duoc,A00,Điểm thi THPT,2023,24.6,Hoá dược
125713,QHT,hoa-duoc,B00,Điểm thi THPT,2023,24.6,Hoá dược
125714,QHT,hoa-duoc,D07,Điểm thi THPT,2023,24.6,Hoá dược
125715,QHT,hoa-duoc,A00,Điểm thi THPT,2024,25.65,Hoá dược
125716,QHT,hoa-duoc,B00,Điểm thi THPT,2024,25.65,Hoá dược
125717,QHT,hoa-duoc,C02,Điểm thi THPT,2024,25.65,Hoá dược
125718,QHT,hoa-duoc,D07,Điểm thi THPT,2024,25.65,Hoá dược
125719,QHT,hoa-duoc,A00,Điểm thi THPT,2025,23.7,Hoá dược
125720,QHT,hoa-duoc,A05,Điểm thi THPT,2025,23.7,Hoá dược
125721,QHT,hoa-duoc,A06,Điểm thi THPT,2025,23.7,Hoá dược
125722,QHT,hoa-duoc,B00,Điểm thi THPT,2025,23.7,Hoá dược
125723,QHT,hoa-duoc,C02,Điểm thi THPT,2025,23.7,Hoá dược
125724,QHT,hoa-duoc,D07,Điểm thi THPT,2025,23.7,Hoá dược
125725,QHT,hoa-duoc,X09,Điểm thi THPT,2025,23.7,Hoá dược
125726,QHT,hoa-duoc,X10,Điểm thi THPT,2025,23.7,Hoá dược
125727,QHT,hoa-duoc,X11,Điểm thi THPT,2025,23.7,Hoá dược
125728,QHT,hoa-duoc,X12,Điểm thi THPT,2025,23.7,Hoá dược
125729,QHT,hoa-hoc,A00,Điểm thi THPT,2021,25.4,Hoá học
125730,QHT,hoa-hoc,B00,Điểm thi THPT,2021,25.4,Hoá học
125731,QHT,hoa-hoc,D07,Điểm thi THPT,2021,25.4,Hoá học
125732,QHT,hoa-hoc,A00,Điểm thi THPT,2022,21.4,Hoá học
125733,QHT,hoa-hoc,B00,Điểm thi THPT,2022,21.4,Hoá học
125734,QHT,hoa-hoc,D07,Điểm thi THPT,2022,21.4,Hoá học
125735,QHT,hoa-hoc,A00,Điểm thi THPT,2023,23.65,Hoá học
125736,QHT,hoa-hoc,B00,Điểm thi THPT,2023,23.65,Hoá học
125737,QHT,hoa-hoc,D07,Điểm thi THPT,2023,23.65,Hoá học
125738,QHT,hoa-hoc,A00,Điểm thi THPT,2024,25.15,Hoá học
125739,QHT,hoa-hoc,B00,Điểm thi THPT,2024,25.15,Hoá học
125740,QHT,hoa-hoc,C02,Điểm thi THPT,2024,25.15,Hoá học
125741,QHT,hoa-hoc,D07,Điểm thi THPT,2024,25.15,Hoá học
125742,QHT,hoa-hoc,A00,Điểm thi THPT,2025,23.9,Hoá học
125743,QHT,hoa-hoc,A05,Điểm thi THPT,2025,23.9,Hoá học
125744,QHT,hoa-hoc,A06,Điểm thi THPT,2025,23.9,Hoá học
125745,QHT,hoa-hoc,B00,Điểm thi THPT,2025,23.9,Hoá học
125746,QHT,hoa-hoc,C02,Điểm thi THPT,2025,23.9,Hoá học
125747,QHT,hoa-hoc,D07,Điểm thi THPT,2025,23.9,Hoá học
125748,QHT,hoa-hoc,X09,Điểm thi THPT,2025,23.9,Hoá học
125749,QHT,hoa-hoc,X10,Điểm thi THPT,2025,23.9,Hoá học
125750,QHT,hoa-hoc,X11,Điểm thi THPT,2025,23.9,Hoá học
125751,QHT,hoa-hoc,X12,Điểm thi THPT,2025,23.9,Hoá học
125752,QHT,khi-tuong-va-khi-hau-hoc,A00,Điểm thi THPT,2021,18.0,Khí tượng và khí hậu học
125753,QHT,khi-tuong-va-khi-hau-hoc,A01,Điểm thi THPT,2021,18.0,Khí tượng và khí hậu học
125754,QHT,khi-tuong-va-khi-hau-hoc,B00,Điểm thi THPT,2021,18.0,Khí tượng và khí hậu học
125755,QHT,khi-tuong-va-khi-hau-hoc,D07,Điểm thi THPT,2021,18.0,Khí tượng và khí hậu học
125756,QHT,khi-tuong-va-khi-hau-hoc,A00,Điểm thi THPT,2022,20.0,Khí tượng và khí hậu học
125757,QHT,khi-tuong-va-khi-hau-hoc,A01,Điểm thi THPT,2022,20.0,Khí tượng và khí hậu học
125758,QHT,khi-tuong-va-khi-hau-hoc,B00,Điểm thi THPT,2022,20.0,Khí tượng và khí hậu học
125759,QHT,khi-tuong-va-khi-hau-hoc,D07,Điểm thi THPT,2022,20.0,Khí tượng và khí hậu học
125760,QHT,khi-tuong-va-khi-hau-hoc,A00,Điểm thi THPT,2023,20.0,Khí tượng và khí hậu học
125761,QHT,khi-tuong-va-khi-hau-hoc,A01,Điểm thi THPT,2023,20.0,Khí tượng và khí hậu học
125762,QHT,khi-tuong-va-khi-hau-hoc,B00,Điểm thi THPT,2023,20.0,Khí tượng và khí hậu học
125763,QHT,khi-tuong-va-khi-hau-hoc,D07,Điểm thi THPT,2023,20.0,Khí tượng và khí hậu học
125764,QHT,khi-tuong-va-khi-hau-hoc,A00,Điểm thi THPT,2024,20.8,Khí tượng và khí hậu học
125765,QHT,khi-tuong-va-khi-hau-hoc,A01,Điểm thi THPT,2024,20.8,Khí tượng và khí hậu học
125766,QHT,khi-tuong-va-khi-hau-hoc,B00,Điểm thi THPT,2024,20.8,Khí tượng và khí hậu học
125767,QHT,khi-tuong-va-khi-hau-hoc,D07,Điểm thi THPT,2024,20.8,Khí tượng và khí hậu học
125768,QHT,khi-tuong-va-khi-hau-hoc,A00,Điểm thi THPT,2025,22.8,Khí tượng và khí hậu học
125769,QHT,khi-tuong-va-khi-hau-hoc,A01,Điểm thi THPT,2025,22.8,Khí tượng và khí hậu học
125770,QHT,khi-tuong-va-khi-hau-hoc,A02,Điểm thi THPT,2025,22.8,Khí tượng và khí hậu học
125771,QHT,khi-tuong-va-khi-hau-hoc,A04,Điểm thi THPT,2025,22.8,Khí tượng và khí hậu học
125772,QHT,khi-tuong-va-khi-hau-hoc,A06,Điểm thi THPT,2025,22.8,Khí tượng và khí hậu học
125773,QHT,khi-tuong-va-khi-hau-hoc,B00,Điểm thi THPT,2025,22.8,Khí tượng và khí hậu học
125774,QHT,khi-tuong-va-khi-hau-hoc,B02,Điểm thi THPT,2025,22.8,Khí tượng và khí hậu học
125775,QHT,khi-tuong-va-khi-hau-hoc,B03,Điểm thi THPT,2025,22.8,Khí tượng và khí hậu học
125776,QHT,khi-tuong-va-khi-hau-hoc,B08,Điểm thi THPT,2025,22.8,Khí tượng và khí hậu học
125777,QHT,khi-tuong-va-khi-hau-hoc,C01,Điểm thi THPT,2025,22.8,Khí tượng và khí hậu học
125778,QHT,khi-tuong-va-khi-hau-hoc,C02,Điểm thi THPT,2025,22.8,Khí tượng và khí hậu học
125779,QHT,khi-tuong-va-khi-hau-hoc,C04,Điểm thi THPT,2025,22.8,Khí tượng và khí hậu học
125780,QHT,khi-tuong-va-khi-hau-hoc,D01,Điểm thi THPT,2025,22.8,Khí tượng và khí hậu học
125781,QHT,khi-tuong-va-khi-hau-hoc,D07,Điểm thi THPT,2025,22.8,Khí tượng và khí hậu học
125782,QHT,khi-tuong-va-khi-hau-hoc,D10,Điểm thi THPT,2025,22.8,Khí tượng và khí hậu học
125783,QHT,khi-tuong-va-khi-hau-hoc,X26,Điểm thi THPT,2025,22.8,Khí tượng và khí hậu học
125784,QHT,khoa-hoc-du-lieu,A00,Điểm thi THPT,2021,26.55,Khoa học dữ liệu
125785,QHT,khoa-hoc-du-lieu,A01,Điểm thi THPT,2021,26.55,Khoa học dữ liệu
125786,QHT,khoa-hoc-du-lieu,D07,Điểm thi THPT,2021,26.55,Khoa học dữ liệu
125787,QHT,khoa-hoc-du-lieu,D08,Điểm thi THPT,2021,26.55,Khoa học dữ liệu
125788,QHT,khoa-hoc-du-lieu,A00,Điểm thi THPT,2022,26.45,Khoa học dữ liệu
125789,QHT,khoa-hoc-du-lieu,A01,Điểm thi THPT,2022,26.45,Khoa học dữ liệu
125790,QHT,khoa-hoc-du-lieu,D07,Điểm thi THPT,2022,26.45,Khoa học dữ liệu
125791,QHT,khoa-hoc-du-lieu,D08,Điểm thi THPT,2022,26.45,Khoa học dữ liệu
125792,QHT,khoa-hoc-du-lieu,A00,Điểm thi THPT,2023,34.85,Khoa học dữ liệu
125793,QHT,khoa-hoc-du-lieu,A01,Điểm thi THPT,2023,34.85,Khoa học dữ liệu
125794,QHT,khoa-hoc-du-lieu,D07,Điểm thi THPT,2023,34.85,Khoa học dữ liệu
125795,QHT,khoa-hoc-du-lieu,D08,Điểm thi THPT,2023,34.85,Khoa học dữ liệu
125796,QHT,khoa-hoc-du-lieu,A00,Điểm thi THPT,2024,35.0,Khoa học dữ liệu
125797,QHT,khoa-hoc-du-lieu,A01,Điểm thi THPT,2024,35.0,Khoa học dữ liệu
125798,QHT,khoa-hoc-du-lieu,D07,Điểm thi THPT,2024,35.0,Khoa học dữ liệu
125799,QHT,khoa-hoc-du-lieu,D08,Điểm thi THPT,2024,35.0,Khoa học dữ liệu
125800,QHT,khoa-hoc-du-lieu,A00,Điểm thi THPT,2025,26.0,Khoa học dữ liệu
125801,QHT,khoa-hoc-du-lieu,A01,Điểm thi THPT,2025,26.0,Khoa học dữ liệu
125802,QHT,khoa-hoc-du-lieu,C01,Điểm thi THPT,2025,26.0,Khoa học dữ liệu
125803,QHT,khoa-hoc-du-lieu,D07,Điểm thi THPT,2025,26.0,Khoa học dữ liệu
125804,QHT,khoa-hoc-du-lieu,D08,Điểm thi THPT,2025,26.0,Khoa học dữ liệu
125805,QHT,khoa-hoc-du-lieu,X26,Điểm thi THPT,2025,26.0,Khoa học dữ liệu
125806,QHT,khoa-hoc-may-tinh-va-thong-tin,A00,Điểm thi THPT,2022,26.35,Khoa học máy tính và thông tin
125807,QHT,khoa-hoc-may-tinh-va-thong-tin,A01,Điểm thi THPT,2022,26.35,Khoa học máy tính và thông tin
125808,QHT,khoa-hoc-may-tinh-va-thong-tin,D07,Điểm thi THPT,2022,26.35,Khoa học máy tính và thông tin
125809,QHT,khoa-hoc-may-tinh-va-thong-tin,D08,Điểm thi THPT,2022,26.35,Khoa học máy tính và thông tin
125810,QHT,khoa-hoc-may-tinh-va-thong-tin,A00,Điểm thi THPT,2023,34.7,Khoa học máy tính và thông tin
125811,QHT,khoa-hoc-may-tinh-va-thong-tin,A01,Điểm thi THPT,2023,34.7,Khoa học máy tính và thông tin
125812,QHT,khoa-hoc-may-tinh-va-thong-tin,D07,Điểm thi THPT,2023,34.7,Khoa học máy tính và thông tin
125813,QHT,khoa-hoc-may-tinh-va-thong-tin,D08,Điểm thi THPT,2023,34.7,Khoa học máy tính và thông tin
125814,QHT,khoa-hoc-may-tinh-va-thong-tin,A00,Điểm thi THPT,2024,34.0,Khoa học máy tính và thông tin
125815,QHT,khoa-hoc-may-tinh-va-thong-tin,A01,Điểm thi THPT,2024,34.0,Khoa học máy tính và thông tin
125816,QHT,khoa-hoc-may-tinh-va-thong-tin,D07,Điểm thi THPT,2024,34.0,Khoa học máy tính và thông tin
125817,QHT,khoa-hoc-may-tinh-va-thong-tin,D08,Điểm thi THPT,2024,34.0,Khoa học máy tính và thông tin
125818,QHT,khoa-hoc-may-tinh-va-thong-tin,A00,Điểm thi THPT,2025,25.35,Khoa học máy tính và thông tin
125819,QHT,khoa-hoc-may-tinh-va-thong-tin,A01,Điểm thi THPT,2025,25.35,Khoa học máy tính và thông tin
125820,QHT,khoa-hoc-may-tinh-va-thong-tin,C01,Điểm thi THPT,2025,25.35,Khoa học máy tính và thông tin
125821,QHT,khoa-hoc-may-tinh-va-thong-tin,D07,Điểm thi THPT,2025,25.35,Khoa học máy tính và thông tin
125822,QHT,khoa-hoc-may-tinh-va-thong-tin,D08,Điểm thi THPT,2025,25.35,Khoa học máy tính và thông tin
125823,QHT,khoa-hoc-may-tinh-va-thong-tin,X26,Điểm thi THPT,2025,25.35,Khoa học máy tính và thông tin
125824,QHT,khoa-hoc-moi-truong,A00,Điểm thi THPT,2021,21.25,Khoa học môi trường
125825,QHT,khoa-hoc-moi-truong,A01,Điểm thi THPT,2021,21.25,Khoa học môi trường
125826,QHT,khoa-hoc-moi-truong,B00,Điểm thi THPT,2021,21.25,Khoa học môi trường
125827,QHT,khoa-hoc-moi-truong,D07,Điểm thi THPT,2021,21.25,Khoa học môi trường
125828,QHT,khoa-hoc-moi-truong,A00,Điểm thi THPT,2022,21.15,Khoa học môi trường
125829,QHT,khoa-hoc-moi-truong,A01,Điểm thi THPT,2022,21.15,Khoa học môi trường
125830,QHT,khoa-hoc-moi-truong,B00,Điểm thi THPT,2022,21.15,Khoa học môi trường
125831,QHT,khoa-hoc-moi-truong,D07,Điểm thi THPT,2022,21.15,Khoa học môi trường
125832,QHT,khoa-hoc-moi-truong,A00,Điểm thi THPT,2023,20.0,Khoa học môi trường
125833,QHT,khoa-hoc-moi-truong,A01,Điểm thi THPT,2023,20.0,Khoa học môi trường
125834,QHT,khoa-hoc-moi-truong,B00,Điểm thi THPT,2023,20.0,Khoa học môi trường
125835,QHT,khoa-hoc-moi-truong,D07,Điểm thi THPT,2023,20.0,Khoa học môi trường
125836,QHT,khoa-hoc-moi-truong,A00,Điểm thi THPT,2024,20.0,Khoa học môi trường
125837,QHT,khoa-hoc-moi-truong,A01,Điểm thi THPT,2024,20.0,Khoa học môi trường
125838,QHT,khoa-hoc-moi-truong,B00,Điểm thi THPT,2024,20.0,Khoa học môi trường
125839,QHT,khoa-hoc-moi-truong,D07,Điểm thi THPT,2024,20.0,Khoa học môi trường
125840,QHT,khoa-hoc-moi-truong,A00,Điểm thi THPT,2025,21.25,Khoa học môi trường
125841,QHT,khoa-hoc-moi-truong,A01,Điểm thi THPT,2025,21.25,Khoa học môi trường
125842,QHT,khoa-hoc-moi-truong,A02,Điểm thi THPT,2025,21.25,Khoa học môi trường
125843,QHT,khoa-hoc-moi-truong,B00,Điểm thi THPT,2025,21.25,Khoa học môi trường
125844,QHT,khoa-hoc-moi-truong,B03,Điểm thi THPT,2025,21.25,Khoa học môi trường
125845,QHT,khoa-hoc-moi-truong,C01,Điểm thi THPT,2025,21.25,Khoa học môi trường
125846,QHT,khoa-hoc-moi-truong,C02,Điểm thi THPT,2025,21.25,Khoa học môi trường
125847,QHT,khoa-hoc-moi-truong,D01,Điểm thi THPT,2025,21.25,Khoa học môi trường
125848,QHT,khoa-hoc-moi-truong,D07,Điểm thi THPT,2025,21.25,Khoa học môi trường
125849,QHT,khoa-hoc-moi-truong,D08,Điểm thi THPT,2025,21.25,Khoa học môi trường
125850,QHT,khoa-hoc-moi-truong,X09,Điểm thi THPT,2025,21.25,Khoa học môi trường
125851,QHT,khoa-hoc-moi-truong,X10,Điểm thi THPT,2025,21.25,Khoa học môi trường
125852,QHT,khoa-hoc-moi-truong,X11,Điểm thi THPT,2025,21.25,Khoa học môi trường
125853,QHT,khoa-hoc-moi-truong,X12,Điểm thi THPT,2025,21.25,Khoa học môi trường
125854,QHT,khoa-hoc-moi-truong,X13,Điểm thi THPT,2025,21.25,Khoa học môi trường
125855,QHT,khoa-hoc-moi-truong,X14,Điểm thi THPT,2025,21.25,Khoa học môi trường
125856,QHT,khoa-hoc-moi-truong,X15,Điểm thi THPT,2025,21.25,Khoa học môi trường
125857,QHT,khoa-hoc-moi-truong,X16,Điểm thi THPT,2025,21.25,Khoa học môi trường
125858,QHT,khoa-hoc-thong-tin-dia-khong-gian,A00,Điểm thi THPT,2021,22.4,Khoa học thông tin địa không gian
125859,QHT,khoa-hoc-thong-tin-dia-khong-gian,A01,Điểm thi THPT,2021,22.4,Khoa học thông tin địa không gian
125860,QHT,khoa-hoc-thong-tin-dia-khong-gian,B00,Điểm thi THPT,2021,22.4,Khoa học thông tin địa không gian
125861,QHT,khoa-hoc-thong-tin-dia-khong-gian,D10,Điểm thi THPT,2021,22.4,Khoa học thông tin địa không gian
125862,QHT,khoa-hoc-thong-tin-dia-khong-gian,A00,Điểm thi THPT,2022,22.45,Khoa học thông tin địa không gian
125863,QHT,khoa-hoc-thong-tin-dia-khong-gian,A01,Điểm thi THPT,2022,22.45,Khoa học thông tin địa không gian
125864,QHT,khoa-hoc-thong-tin-dia-khong-gian,B00,Điểm thi THPT,2022,22.45,Khoa học thông tin địa không gian
125865,QHT,khoa-hoc-thong-tin-dia-khong-gian,D10,Điểm thi THPT,2022,22.45,Khoa học thông tin địa không gian
125866,QHT,khoa-hoc-thong-tin-dia-khong-gian,A00,Điểm thi THPT,2023,20.4,Khoa học thông tin địa không gian
125867,QHT,khoa-hoc-thong-tin-dia-khong-gian,A01,Điểm thi THPT,2023,20.4,Khoa học thông tin địa không gian
125868,QHT,khoa-hoc-thong-tin-dia-khong-gian,B00,Điểm thi THPT,2023,20.4,Khoa học thông tin địa không gian
125869,QHT,khoa-hoc-thong-tin-dia-khong-gian,D10,Điểm thi THPT,2023,20.4,Khoa học thông tin địa không gian
125870,QHT,khoa-hoc-thong-tin-dia-khong-gian,A00,Điểm thi THPT,2024,22.5,Khoa học thông tin địa không gian
125871,QHT,khoa-hoc-thong-tin-dia-khong-gian,A01,Điểm thi THPT,2024,22.5,Khoa học thông tin địa không gian
125872,QHT,khoa-hoc-thong-tin-dia-khong-gian,B00,Điểm thi THPT,2024,22.5,Khoa học thông tin địa không gian
125873,QHT,khoa-hoc-thong-tin-dia-khong-gian,D10,Điểm thi THPT,2024,22.5,Khoa học thông tin địa không gian
125874,QHT,khoa-hoc-thong-tin-dia-khong-gian,A00,Điểm thi THPT,2025,23.5,Khoa học thông tin địa không gian
125875,QHT,khoa-hoc-thong-tin-dia-khong-gian,A01,Điểm thi THPT,2025,23.5,Khoa học thông tin địa không gian
125876,QHT,khoa-hoc-thong-tin-dia-khong-gian,A04,Điểm thi THPT,2025,23.5,Khoa học thông tin địa không gian
125877,QHT,khoa-hoc-thong-tin-dia-khong-gian,A06,Điểm thi THPT,2025,23.5,Khoa học thông tin địa không gian
125878,QHT,khoa-hoc-thong-tin-dia-khong-gian,A07,Điểm thi THPT,2025,23.5,Khoa học thông tin địa không gian
125879,QHT,khoa-hoc-thong-tin-dia-khong-gian,B00,Điểm thi THPT,2025,23.5,Khoa học thông tin địa không gian
125880,QHT,khoa-hoc-thong-tin-dia-khong-gian,B02,Điểm thi THPT,2025,23.5,Khoa học thông tin địa không gian
125881,QHT,khoa-hoc-thong-tin-dia-khong-gian,C04,Điểm thi THPT,2025,23.5,Khoa học thông tin địa không gian
125882,QHT,khoa-hoc-thong-tin-dia-khong-gian,D01,Điểm thi THPT,2025,23.5,Khoa học thông tin địa không gian
125883,QHT,khoa-hoc-thong-tin-dia-khong-gian,D10,Điểm thi THPT,2025,23.5,Khoa học thông tin địa không gian
125884,QHT,khoa-hoc-thong-tin-dia-khong-gian,D20,Điểm thi THPT,2025,23.5,Khoa học thông tin địa không gian
125885,QHT,khoa-hoc-thong-tin-dia-khong-gian,X01,Điểm thi THPT,2025,23.5,Khoa học thông tin địa không gian
125886,QHT,khoa-hoc-thong-tin-dia-khong-gian,X21,Điểm thi THPT,2025,23.5,Khoa học thông tin địa không gian
125887,QHT,khoa-hoc-thong-tin-dia-khong-gian,X25,Điểm thi THPT,2025,23.5,Khoa học thông tin địa không gian
125888,QHT,khoa-hoc-va-cong-nghe-thuc-pham,A00,Điểm thi THPT,2021,25.45,Khoa học và công nghệ thực phẩm
125889,QHT,khoa-hoc-va-cong-nghe-thuc-pham,A01,Điểm thi THPT,2021,25.45,Khoa học và công nghệ thực phẩm
125890,QHT,khoa-hoc-va-cong-nghe-thuc-pham,B00,Điểm thi THPT,2021,25.45,Khoa học và công nghệ thực phẩm
125891,QHT,khoa-hoc-va-cong-nghe-thuc-pham,D07,Điểm thi THPT,2021,25.45,Khoa học và công nghệ thực phẩm
125892,QHT,khoa-hoc-va-cong-nghe-thuc-pham,A00,Điểm thi THPT,2022,24.7,Khoa học và công nghệ thực phẩm
125893,QHT,khoa-hoc-va-cong-nghe-thuc-pham,A01,Điểm thi THPT,2022,24.7,Khoa học và công nghệ thực phẩm
125894,QHT,khoa-hoc-va-cong-nghe-thuc-pham,B00,Điểm thi THPT,2022,24.7,Khoa học và công nghệ thực phẩm
125895,QHT,khoa-hoc-va-cong-nghe-thuc-pham,D07,Điểm thi THPT,2022,24.7,Khoa học và công nghệ thực phẩm
125896,QHT,khoa-hoc-va-cong-nghe-thuc-pham,A00,Điểm thi THPT,2023,24.35,Khoa học và công nghệ thực phẩm*
125897,QHT,khoa-hoc-va-cong-nghe-thuc-pham,A01,Điểm thi THPT,2023,24.35,Khoa học và công nghệ thực phẩm*
125898,QHT,khoa-hoc-va-cong-nghe-thuc-pham,B00,Điểm thi THPT,2023,24.35,Khoa học và công nghệ thực phẩm*
125899,QHT,khoa-hoc-va-cong-nghe-thuc-pham,D07,Điểm thi THPT,2023,24.35,Khoa học và công nghệ thực phẩm*
125900,QHT,khoa-hoc-va-cong-nghe-thuc-pham,A00,Điểm thi THPT,2024,24.6,Khoa học và công nghệ thực phẩm
125901,QHT,khoa-hoc-va-cong-nghe-thuc-pham,A01,Điểm thi THPT,2024,24.6,Khoa học và công nghệ thực phẩm
125902,QHT,khoa-hoc-va-cong-nghe-thuc-pham,B00,Điểm thi THPT,2024,24.6,Khoa học và công nghệ thực phẩm
125903,QHT,khoa-hoc-va-cong-nghe-thuc-pham,D07,Điểm thi THPT,2024,24.6,Khoa học và công nghệ thực phẩm
125904,QHT,khoa-hoc-va-cong-nghe-thuc-pham,A00,Điểm thi THPT,2025,22.8,Khoa học và công nghệ thực phẩm
125905,QHT,khoa-hoc-va-cong-nghe-thuc-pham,A01,Điểm thi THPT,2025,22.8,Khoa học và công nghệ thực phẩm
125906,QHT,khoa-hoc-va-cong-nghe-thuc-pham,A02,Điểm thi THPT,2025,22.8,Khoa học và công nghệ thực phẩm
125907,QHT,khoa-hoc-va-cong-nghe-thuc-pham,B00,Điểm thi THPT,2025,22.8,Khoa học và công nghệ thực phẩm
125908,QHT,khoa-hoc-va-cong-nghe-thuc-pham,B03,Điểm thi THPT,2025,22.8,Khoa học và công nghệ thực phẩm
125909,QHT,khoa-hoc-va-cong-nghe-thuc-pham,C01,Điểm thi THPT,2025,22.8,Khoa học và công nghệ thực phẩm
125910,QHT,khoa-hoc-va-cong-nghe-thuc-pham,C02,Điểm thi THPT,2025,22.8,Khoa học và công nghệ thực phẩm
125911,QHT,khoa-hoc-va-cong-nghe-thuc-pham,D01,Điểm thi THPT,2025,22.8,Khoa học và công nghệ thực phẩm
125912,QHT,khoa-hoc-va-cong-nghe-thuc-pham,D07,Điểm thi THPT,2025,22.8,Khoa học và công nghệ thực phẩm
125913,QHT,khoa-hoc-va-cong-nghe-thuc-pham,D08,Điểm thi THPT,2025,22.8,Khoa học và công nghệ thực phẩm
125914,QHT,khoa-hoc-va-cong-nghe-thuc-pham,X09,Điểm thi THPT,2025,22.8,Khoa học và công nghệ thực phẩm
125915,QHT,khoa-hoc-va-cong-nghe-thuc-pham,X10,Điểm thi THPT,2025,22.8,Khoa học và công nghệ thực phẩm
125916,QHT,khoa-hoc-va-cong-nghe-thuc-pham,X11,Điểm thi THPT,2025,22.8,Khoa học và công nghệ thực phẩm
125917,QHT,khoa-hoc-va-cong-nghe-thuc-pham,X12,Điểm thi THPT,2025,22.8,Khoa học và công nghệ thực phẩm
125918,QHT,khoa-hoc-va-cong-nghe-thuc-pham,X13,Điểm thi THPT,2025,22.8,Khoa học và công nghệ thực phẩm
125919,QHT,khoa-hoc-va-cong-nghe-thuc-pham,X14,Điểm thi THPT,2025,22.8,Khoa học và công nghệ thực phẩm
125920,QHT,khoa-hoc-va-cong-nghe-thuc-pham,X15,Điểm thi THPT,2025,22.8,Khoa học và công nghệ thực phẩm
125921,QHT,khoa-hoc-va-cong-nghe-thuc-pham,X16,Điểm thi THPT,2025,22.8,Khoa học và công nghệ thực phẩm
125922,QHT,khoa-hoc-vat-lieu,A00,Điểm thi THPT,2021,24.25,Khoa học vật liệu
125923,QHT,khoa-hoc-vat-lieu,A01,Điểm thi THPT,2021,24.25,Khoa học vật liệu
125924,QHT,khoa-hoc-vat-lieu,B00,Điểm thi THPT,2021,24.25,Khoa học vật liệu
125925,QHT,khoa-hoc-vat-lieu,C01,Điểm thi THPT,2021,24.25,Khoa học vật liệu
125926,QHT,khoa-hoc-vat-lieu,A00,Điểm thi THPT,2022,23.6,Khoa học vật liệu
125927,QHT,khoa-hoc-vat-lieu,A01,Điểm thi THPT,2022,23.6,Khoa học vật liệu
125928,QHT,khoa-hoc-vat-lieu,B00,Điểm thi THPT,2022,23.6,Khoa học vật liệu
125929,QHT,khoa-hoc-vat-lieu,C01,Điểm thi THPT,2022,23.6,Khoa học vật liệu
125930,QHT,khoa-hoc-vat-lieu,A00,Điểm thi THPT,2023,22.75,Khoa học vật liệu
125931,QHT,khoa-hoc-vat-lieu,A01,Điểm thi THPT,2023,22.75,Khoa học vật liệu
125932,QHT,khoa-hoc-vat-lieu,B00,Điểm thi THPT,2023,22.75,Khoa học vật liệu
125933,QHT,khoa-hoc-vat-lieu,C01,Điểm thi THPT,2023,22.75,Khoa học vật liệu
125934,QHT,khoa-hoc-vat-lieu,A00,Điểm thi THPT,2024,24.6,Khoa học vật liệu
125935,QHT,khoa-hoc-vat-lieu,A01,Điểm thi THPT,2024,24.6,Khoa học vật liệu
125936,QHT,khoa-hoc-vat-lieu,A02,Điểm thi THPT,2024,24.6,Khoa học vật liệu
125937,QHT,khoa-hoc-vat-lieu,C01,Điểm thi THPT,2024,24.6,Khoa học vật liệu
125938,QHT,khoa-hoc-vat-lieu,A00,Điểm thi THPT,2025,24.2,Khoa học vật liệu
125939,QHT,khoa-hoc-vat-lieu,A01,Điểm thi THPT,2025,24.2,Khoa học vật liệu
125940,QHT,khoa-hoc-vat-lieu,A02,Điểm thi THPT,2025,24.2,Khoa học vật liệu
125941,QHT,khoa-hoc-vat-lieu,B00,Điểm thi THPT,2025,24.2,Khoa học vật liệu
125942,QHT,khoa-hoc-vat-lieu,C01,Điểm thi THPT,2025,24.2,Khoa học vật liệu
125943,QHT,khoa-hoc-vat-lieu,C02,Điểm thi THPT,2025,24.2,Khoa học vật liệu
125944,QHT,khoa-hoc-vat-lieu,D07,Điểm thi THPT,2025,24.2,Khoa học vật liệu
125945,QHT,khoa-hoc-vat-lieu,X02,Điểm thi THPT,2025,24.2,Khoa học vật liệu
125946,QHT,khoa-hoc-vat-lieu,X06,Điểm thi THPT,2025,24.2,Khoa học vật liệu
125947,QHT,khoa-hoc-vat-lieu,X26,Điểm thi THPT,2025,24.2,Khoa học vật liệu
125948,QHT,ky-thuat-dien-tu-va-tin-hoc,A00,Điểm thi THPT,2021,26.05,Kỹ thuật điện tử và tin học
125949,QHT,ky-thuat-dien-tu-va-tin-hoc,A01,Điểm thi THPT,2021,26.05,Kỹ thuật điện tử và tin học
125950,QHT,ky-thuat-dien-tu-va-tin-hoc,B00,Điểm thi THPT,2021,26.05,Kỹ thuật điện tử và tin học
125951,QHT,ky-thuat-dien-tu-va-tin-hoc,C01,Điểm thi THPT,2021,26.05,Kỹ thuật điện tử và tin học
125952,QHT,ky-thuat-dien-tu-va-tin-hoc,A00,Điểm thi THPT,2022,26.1,Kỹ thuật điện tử và tin học
125953,QHT,ky-thuat-dien-tu-va-tin-hoc,A01,Điểm thi THPT,2022,26.1,Kỹ thuật điện tử và tin học
125954,QHT,ky-thuat-dien-tu-va-tin-hoc,B00,Điểm thi THPT,2022,26.1,Kỹ thuật điện tử và tin học
125955,QHT,ky-thuat-dien-tu-va-tin-hoc,C01,Điểm thi THPT,2022,26.1,Kỹ thuật điện tử và tin học
125956,QHT,ky-thuat-dien-tu-va-tin-hoc,A00,Điểm thi THPT,2023,25.65,Kỹ thuật điện tử và tin học
125957,QHT,ky-thuat-dien-tu-va-tin-hoc,A01,Điểm thi THPT,2023,25.65,Kỹ thuật điện tử và tin học
125958,QHT,ky-thuat-dien-tu-va-tin-hoc,B00,Điểm thi THPT,2023,25.65,Kỹ thuật điện tử và tin học
125959,QHT,ky-thuat-dien-tu-va-tin-hoc,C01,Điểm thi THPT,2023,25.65,Kỹ thuật điện tử và tin học
125960,QHT,ky-thuat-dien-tu-va-tin-hoc,A00,Điểm thi THPT,2024,26.25,Kỹ thuật điện tử và tin học
125961,QHT,ky-thuat-dien-tu-va-tin-hoc,A01,Điểm thi THPT,2024,26.25,Kỹ thuật điện tử và tin học
125962,QHT,ky-thuat-dien-tu-va-tin-hoc,A02,Điểm thi THPT,2024,26.25,Kỹ thuật điện tử và tin học
125963,QHT,ky-thuat-dien-tu-va-tin-hoc,C01,Điểm thi THPT,2024,26.25,Kỹ thuật điện tử và tin học
125964,QHT,ky-thuat-dien-tu-va-tin-hoc,A00,Điểm thi THPT,2025,24.57,Kỹ thuật điện tử và tin học
125965,QHT,ky-thuat-dien-tu-va-tin-hoc,A01,Điểm thi THPT,2025,24.57,Kỹ thuật điện tử và tin học
125966,QHT,ky-thuat-dien-tu-va-tin-hoc,A02,Điểm thi THPT,2025,24.57,Kỹ thuật điện tử và tin học
125967,QHT,ky-thuat-dien-tu-va-tin-hoc,B00,Điểm thi THPT,2025,24.57,Kỹ thuật điện tử và tin học
125968,QHT,ky-thuat-dien-tu-va-tin-hoc,C01,Điểm thi THPT,2025,24.57,Kỹ thuật điện tử và tin học
125969,QHT,ky-thuat-dien-tu-va-tin-hoc,C02,Điểm thi THPT,2025,24.57,Kỹ thuật điện tử và tin học
125970,QHT,ky-thuat-dien-tu-va-tin-hoc,D07,Điểm thi THPT,2025,24.57,Kỹ thuật điện tử và tin học
125971,QHT,ky-thuat-dien-tu-va-tin-hoc,X02,Điểm thi THPT,2025,24.57,Kỹ thuật điện tử và tin học
125972,QHT,ky-thuat-dien-tu-va-tin-hoc,X06,Điểm thi THPT,2025,24.57,Kỹ thuật điện tử và tin học
125973,QHT,ky-thuat-dien-tu-va-tin-hoc,X26,Điểm thi THPT,2025,24.57,Kỹ thuật điện tử và tin học
125974,QHT,may-tinh-va-khoa-hoc-thong-tin,A00,Điểm thi THPT,2021,26.6,Máy tính và khoa học thông tin (Chất lượng cao)
125975,QHT,may-tinh-va-khoa-hoc-thong-tin,A01,Điểm thi THPT,2021,26.6,Máy tính và khoa học thông tin (Chất lượng cao)
125976,QHT,may-tinh-va-khoa-hoc-thong-tin,D07,Điểm thi THPT,2021,26.6,Máy tính và khoa học thông tin (Chất lượng cao)
125977,QHT,may-tinh-va-khoa-hoc-thong-tin,D08,Điểm thi THPT,2021,26.6,Máy tính và khoa học thông tin (Chất lượng cao)
125978,QHT,moi-truong-suc-khoe-va-an-toan,A00,Điểm thi THPT,2023,20.0,"Môi trường, Sức khỏe và An toàn"
125979,QHT,moi-truong-suc-khoe-va-an-toan,A01,Điểm thi THPT,2023,20.0,"Môi trường, Sức khỏe và An toàn"
125980,QHT,moi-truong-suc-khoe-va-an-toan,B00,Điểm thi THPT,2023,20.0,"Môi trường, Sức khỏe và An toàn"
125981,QHT,moi-truong-suc-khoe-va-an-toan,D07,Điểm thi THPT,2023,20.0,"Môi trường, Sức khỏe và An toàn"
125982,QHT,moi-truong-suc-khoe-va-an-toan,A00,Điểm thi THPT,2024,20.0,"Môi trường, sức khoẻ và an toàn"
125983,QHT,moi-truong-suc-khoe-va-an-toan,A01,Điểm thi THPT,2024,20.0,"Môi trường, sức khoẻ và an toàn"
125984,QHT,moi-truong-suc-khoe-va-an-toan,B00,Điểm thi THPT,2024,20.0,"Môi trường, sức khoẻ và an toàn"
125985,QHT,moi-truong-suc-khoe-va-an-toan,D07,Điểm thi THPT,2024,20.0,"Môi trường, sức khoẻ và an toàn"
125986,QHT,moi-truong-suc-khoe-va-an-toan,A00,Điểm thi THPT,2025,21.2,"Môi trường, sức khỏe và an toàn"
125987,QHT,moi-truong-suc-khoe-va-an-toan,A01,Điểm thi THPT,2025,21.2,"Môi trường, sức khỏe và an toàn"
125988,QHT,moi-truong-suc-khoe-va-an-toan,A02,Điểm thi THPT,2025,21.2,"Môi trường, sức khỏe và an toàn"
125989,QHT,moi-truong-suc-khoe-va-an-toan,B00,Điểm thi THPT,2025,21.2,"Môi trường, sức khỏe và an toàn"
125990,QHT,moi-truong-suc-khoe-va-an-toan,B03,Điểm thi THPT,2025,21.2,"Môi trường, sức khỏe và an toàn"
125991,QHT,moi-truong-suc-khoe-va-an-toan,C01,Điểm thi THPT,2025,21.2,"Môi trường, sức khỏe và an toàn"
125992,QHT,moi-truong-suc-khoe-va-an-toan,C02,Điểm thi THPT,2025,21.2,"Môi trường, sức khỏe và an toàn"
125993,QHT,moi-truong-suc-khoe-va-an-toan,D01,Điểm thi THPT,2025,21.2,"Môi trường, sức khỏe và an toàn"
125994,QHT,moi-truong-suc-khoe-va-an-toan,D07,Điểm thi THPT,2025,21.2,"Môi trường, sức khỏe và an toàn"
125995,QHT,moi-truong-suc-khoe-va-an-toan,D08,Điểm thi THPT,2025,21.2,"Môi trường, sức khỏe và an toàn"
125996,QHT,moi-truong-suc-khoe-va-an-toan,X09,Điểm thi THPT,2025,21.2,"Môi trường, sức khỏe và an toàn"
125997,QHT,moi-truong-suc-khoe-va-an-toan,X10,Điểm thi THPT,2025,21.2,"Môi trường, sức khỏe và an toàn"
125998,QHT,moi-truong-suc-khoe-va-an-toan,X11,Điểm thi THPT,2025,21.2,"Môi trường, sức khỏe và an toàn"
125999,QHT,moi-truong-suc-khoe-va-an-toan,X12,Điểm thi THPT,2025,21.2,"Môi trường, sức khỏe và an toàn"
126000,QHT,moi-truong-suc-khoe-va-an-toan,X13,Điểm thi THPT,2025,21.2,"Môi trường, sức khỏe và an toàn"
126001,QHT,moi-truong-suc-khoe-va-an-toan,X14,Điểm thi THPT,2025,21.2,"Môi trường, sức khỏe và an toàn"
126002,QHT,moi-truong-suc-khoe-va-an-toan,X15,Điểm thi THPT,2025,21.2,"Môi trường, sức khỏe và an toàn"
126003,QHT,moi-truong-suc-khoe-va-an-toan,X16,Điểm thi THPT,2025,21.2,"Môi trường, sức khỏe và an toàn"
126004,QHT,quan-ly-dat-dai,A00,Điểm thi THPT,2021,24.2,Quản lý đất đai
126005,QHT,quan-ly-dat-dai,A01,Điểm thi THPT,2021,24.2,Quản lý đất đai
126006,QHT,quan-ly-dat-dai,B00,Điểm thi THPT,2021,24.2,Quản lý đất đai
126007,QHT,quan-ly-dat-dai,D10,Điểm thi THPT,2021,24.2,Quản lý đất đai
126008,QHT,quan-ly-dat-dai,A00,Điểm thi THPT,2022,23.15,Quản lý đất đai
126009,QHT,quan-ly-dat-dai,A01,Điểm thi THPT,2022,23.15,Quản lý đất đai
126010,QHT,quan-ly-dat-dai,B00,Điểm thi THPT,2022,23.15,Quản lý đất đai
126011,QHT,quan-ly-dat-dai,D10,Điểm thi THPT,2022,23.15,Quản lý đất đai
126012,QHT,quan-ly-dat-dai,A00,Điểm thi THPT,2023,20.9,Quản lý đất đai
126013,QHT,quan-ly-dat-dai,A01,Điểm thi THPT,2023,20.9,Quản lý đất đai
126014,QHT,quan-ly-dat-dai,B00,Điểm thi THPT,2023,20.9,Quản lý đất đai
126015,QHT,quan-ly-dat-dai,D10,Điểm thi THPT,2023,20.9,Quản lý đất đai
126016,QHT,quan-ly-dat-dai,A00,Điểm thi THPT,2024,23.0,Quản lý đất đai
126017,QHT,quan-ly-dat-dai,A01,Điểm thi THPT,2024,23.0,Quản lý đất đai
126018,QHT,quan-ly-dat-dai,B00,Điểm thi THPT,2024,23.0,Quản lý đất đai
126019,QHT,quan-ly-dat-dai,D10,Điểm thi THPT,2024,23.0,Quản lý đất đai
126020,QHT,quan-ly-dat-dai,A00,Điểm thi THPT,2025,22.27,Quản lý đất đai
126021,QHT,quan-ly-dat-dai,A01,Điểm thi THPT,2025,22.27,Quản lý đất đai
126022,QHT,quan-ly-dat-dai,A04,Điểm thi THPT,2025,22.27,Quản lý đất đai
126023,QHT,quan-ly-dat-dai,A06,Điểm thi THPT,2025,22.27,Quản lý đất đai
126024,QHT,quan-ly-dat-dai,A07,Điểm thi THPT,2025,22.27,Quản lý đất đai
126025,QHT,quan-ly-dat-dai,B00,Điểm thi THPT,2025,22.27,Quản lý đất đai
126026,QHT,quan-ly-dat-dai,B02,Điểm thi THPT,2025,22.27,Quản lý đất đai
126027,QHT,quan-ly-dat-dai,C04,Điểm thi THPT,2025,22.27,Quản lý đất đai
126028,QHT,quan-ly-dat-dai,D01,Điểm thi THPT,2025,22.27,Quản lý đất đai
126029,QHT,quan-ly-dat-dai,D10,Điểm thi THPT,2025,22.27,Quản lý đất đai
126030,QHT,quan-ly-dat-dai,D20,Điểm thi THPT,2025,22.27,Quản lý đất đai
126031,QHT,quan-ly-dat-dai,X01,Điểm thi THPT,2025,22.27,Quản lý đất đai
126032,QHT,quan-ly-dat-dai,X21,Điểm thi THPT,2025,22.27,Quản lý đất đai
126033,QHT,quan-ly-dat-dai,X25,Điểm thi THPT,2025,22.27,Quản lý đất đai
126034,QHT,quan-ly-phat-trien-do-thi-va-bat-dong-san,A00,Điểm thi THPT,2021,25.0,Quản lý phát triển đô thị và bất động sản*
126035,QHT,quan-ly-phat-trien-do-thi-va-bat-dong-san,A01,Điểm thi THPT,2021,25.0,Quản lý phát triển đô thị và bất động sản*
126036,QHT,quan-ly-phat-trien-do-thi-va-bat-dong-san,B00,Điểm thi THPT,2021,25.0,Quản lý phát triển đô thị và bất động sản*
126037,QHT,quan-ly-phat-trien-do-thi-va-bat-dong-san,D10,Điểm thi THPT,2021,25.0,Quản lý phát triển đô thị và bất động sản*
126038,QHT,quan-ly-phat-trien-do-thi-va-bat-dong-san,A00,Điểm thi THPT,2022,24.15,Quản lý phát triển đô thị và bất động sản
126039,QHT,quan-ly-phat-trien-do-thi-va-bat-dong-san,A01,Điểm thi THPT,2022,24.15,Quản lý phát triển đô thị và bất động sản
126040,QHT,quan-ly-phat-trien-do-thi-va-bat-dong-san,B00,Điểm thi THPT,2022,24.15,Quản lý phát triển đô thị và bất động sản
126041,QHT,quan-ly-phat-trien-do-thi-va-bat-dong-san,D10,Điểm thi THPT,2022,24.15,Quản lý phát triển đô thị và bất động sản
126042,QHT,quan-ly-phat-trien-do-thi-va-bat-dong-san,A00,Điểm thi THPT,2023,22.45,Quản lý phát triển đô thị và bất động sản
126043,QHT,quan-ly-phat-trien-do-thi-va-bat-dong-san,A01,Điểm thi THPT,2023,22.45,Quản lý phát triển đô thị và bất động sản
126044,QHT,quan-ly-phat-trien-do-thi-va-bat-dong-san,B00,Điểm thi THPT,2023,22.45,Quản lý phát triển đô thị và bất động sản
126045,QHT,quan-ly-phat-trien-do-thi-va-bat-dong-san,D10,Điểm thi THPT,2023,22.45,Quản lý phát triển đô thị và bất động sản
126046,QHT,quan-ly-phat-trien-do-thi-va-bat-dong-san,A00,Điểm thi THPT,2024,24.0,Quản lý phát triển đô thị và bất động sản
126047,QHT,quan-ly-phat-trien-do-thi-va-bat-dong-san,A01,Điểm thi THPT,2024,24.0,Quản lý phát triển đô thị và bất động sản
126048,QHT,quan-ly-phat-trien-do-thi-va-bat-dong-san,B00,Điểm thi THPT,2024,24.0,Quản lý phát triển đô thị và bất động sản
126049,QHT,quan-ly-phat-trien-do-thi-va-bat-dong-san,D10,Điểm thi THPT,2024,24.0,Quản lý phát triển đô thị và bất động sản
126050,QHT,quan-ly-phat-trien-do-thi-va-bat-dong-san,A00,Điểm thi THPT,2025,22.9,Quản lý phát triển đô thị và bất động sản
126051,QHT,quan-ly-phat-trien-do-thi-va-bat-dong-san,A01,Điểm thi THPT,2025,22.9,Quản lý phát triển đô thị và bất động sản
126052,QHT,quan-ly-phat-trien-do-thi-va-bat-dong-san,A04,Điểm thi THPT,2025,22.9,Quản lý phát triển đô thị và bất động sản
126053,QHT,quan-ly-phat-trien-do-thi-va-bat-dong-san,A06,Điểm thi THPT,2025,22.9,Quản lý phát triển đô thị và bất động sản
126054,QHT,quan-ly-phat-trien-do-thi-va-bat-dong-san,A07,Điểm thi THPT,2025,22.9,Quản lý phát triển đô thị và bất động sản
126055,QHT,quan-ly-phat-trien-do-thi-va-bat-dong-san,B00,Điểm thi THPT,2025,22.9,Quản lý phát triển đô thị và bất động sản
126056,QHT,quan-ly-phat-trien-do-thi-va-bat-dong-san,B02,Điểm thi THPT,2025,22.9,Quản lý phát triển đô thị và bất động sản
126057,QHT,quan-ly-phat-trien-do-thi-va-bat-dong-san,C04,Điểm thi THPT,2025,22.9,Quản lý phát triển đô thị và bất động sản
126058,QHT,quan-ly-phat-trien-do-thi-va-bat-dong-san,D01,Điểm thi THPT,2025,22.9,Quản lý phát triển đô thị và bất động sản
126059,QHT,quan-ly-phat-trien-do-thi-va-bat-dong-san,D10,Điểm thi THPT,2025,22.9,Quản lý phát triển đô thị và bất động sản
126060,QHT,quan-ly-phat-trien-do-thi-va-bat-dong-san,D20,Điểm thi THPT,2025,22.9,Quản lý phát triển đô thị và bất động sản
126061,QHT,quan-ly-phat-trien-do-thi-va-bat-dong-san,X01,Điểm thi THPT,2025,22.9,Quản lý phát triển đô thị và bất động sản
126062,QHT,quan-ly-phat-trien-do-thi-va-bat-dong-san,X21,Điểm thi THPT,2025,22.9,Quản lý phát triển đô thị và bất động sản
126063,QHT,quan-ly-phat-trien-do-thi-va-bat-dong-san,X25,Điểm thi THPT,2025,22.9,Quản lý phát triển đô thị và bất động sản
126064,QHT,quan-ly-tai-nguyen-va-moi-truong,A00,Điểm thi THPT,2021,22.6,Quản lý tài nguyên và môi trường
126065,QHT,quan-ly-tai-nguyen-va-moi-truong,A01,Điểm thi THPT,2021,22.6,Quản lý tài nguyên và môi trường
126066,QHT,quan-ly-tai-nguyen-va-moi-truong,B00,Điểm thi THPT,2021,22.6,Quản lý tài nguyên và môi trường
126067,QHT,quan-ly-tai-nguyen-va-moi-truong,D07,Điểm thi THPT,2021,22.6,Quản lý tài nguyên và môi trường
126068,QHT,quan-ly-tai-nguyen-va-moi-truong,A00,Điểm thi THPT,2022,23.0,Quản lý tài nguyên và môi trường
126069,QHT,quan-ly-tai-nguyen-va-moi-truong,A01,Điểm thi THPT,2022,23.0,Quản lý tài nguyên và môi trường
126070,QHT,quan-ly-tai-nguyen-va-moi-truong,B00,Điểm thi THPT,2022,23.0,Quản lý tài nguyên và môi trường
126071,QHT,quan-ly-tai-nguyen-va-moi-truong,D07,Điểm thi THPT,2022,23.0,Quản lý tài nguyên và môi trường
126072,QHT,quan-ly-tai-nguyen-va-moi-truong,A00,Điểm thi THPT,2023,21.0,Quản lý tài nguyên và môi trường
126073,QHT,quan-ly-tai-nguyen-va-moi-truong,A01,Điểm thi THPT,2023,21.0,Quản lý tài nguyên và môi trường
126074,QHT,quan-ly-tai-nguyen-va-moi-truong,B00,Điểm thi THPT,2023,21.0,Quản lý tài nguyên và môi trường
126075,QHT,quan-ly-tai-nguyen-va-moi-truong,D07,Điểm thi THPT,2023,21.0,Quản lý tài nguyên và môi trường
126076,QHT,quan-ly-tai-nguyen-va-moi-truong,A00,Điểm thi THPT,2024,21.5,Quản lý tài nguyên và môi trường
126077,QHT,quan-ly-tai-nguyen-va-moi-truong,A01,Điểm thi THPT,2024,21.5,Quản lý tài nguyên và môi trường
126078,QHT,quan-ly-tai-nguyen-va-moi-truong,D07,Điểm thi THPT,2024,21.5,Quản lý tài nguyên và môi trường
126079,QHT,quan-ly-tai-nguyen-va-moi-truong,D10,Điểm thi THPT,2024,21.5,Quản lý tài nguyên và môi trường
126080,QHT,quan-ly-tai-nguyen-va-moi-truong,A00,Điểm thi THPT,2025,22.2,Quản lý tài nguyên và môi trường
126081,QHT,quan-ly-tai-nguyen-va-moi-truong,A01,Điểm thi THPT,2025,22.2,Quản lý tài nguyên và môi trường
126082,QHT,quan-ly-tai-nguyen-va-moi-truong,A04,Điểm thi THPT,2025,22.2,Quản lý tài nguyên và môi trường
126083,QHT,quan-ly-tai-nguyen-va-moi-truong,A06,Điểm thi THPT,2025,22.2,Quản lý tài nguyên và môi trường
126084,QHT,quan-ly-tai-nguyen-va-moi-truong,A07,Điểm thi THPT,2025,22.2,Quản lý tài nguyên và môi trường
126085,QHT,quan-ly-tai-nguyen-va-moi-truong,B00,Điểm thi THPT,2025,22.2,Quản lý tài nguyên và môi trường
126086,QHT,quan-ly-tai-nguyen-va-moi-truong,B03,Điểm thi THPT,2025,22.2,Quản lý tài nguyên và môi trường
126087,QHT,quan-ly-tai-nguyen-va-moi-truong,C01,Điểm thi THPT,2025,22.2,Quản lý tài nguyên và môi trường
126088,QHT,quan-ly-tai-nguyen-va-moi-truong,C02,Điểm thi THPT,2025,22.2,Quản lý tài nguyên và môi trường
126089,QHT,quan-ly-tai-nguyen-va-moi-truong,C04,Điểm thi THPT,2025,22.2,Quản lý tài nguyên và môi trường
126090,QHT,quan-ly-tai-nguyen-va-moi-truong,D01,Điểm thi THPT,2025,22.2,Quản lý tài nguyên và môi trường
126091,QHT,quan-ly-tai-nguyen-va-moi-truong,D07,Điểm thi THPT,2025,22.2,Quản lý tài nguyên và môi trường
126092,QHT,quan-ly-tai-nguyen-va-moi-truong,D08,Điểm thi THPT,2025,22.2,Quản lý tài nguyên và môi trường
126093,QHT,quan-ly-tai-nguyen-va-moi-truong,D09,Điểm thi THPT,2025,22.2,Quản lý tài nguyên và môi trường
126094,QHT,quan-ly-tai-nguyen-va-moi-truong,D10,Điểm thi THPT,2025,22.2,Quản lý tài nguyên và môi trường
126095,QHT,quan-ly-tai-nguyen-va-moi-truong,X01,Điểm thi THPT,2025,22.2,Quản lý tài nguyên và môi trường
126096,QHT,quan-ly-tai-nguyen-va-moi-truong,X05,Điểm thi THPT,2025,22.2,Quản lý tài nguyên và môi trường
126097,QHT,quan-ly-tai-nguyen-va-moi-truong,X09,Điểm thi THPT,2025,22.2,Quản lý tài nguyên và môi trường
126098,QHT,quan-ly-tai-nguyen-va-moi-truong,X21,Điểm thi THPT,2025,22.2,Quản lý tài nguyên và môi trường
126099,QHT,quan-ly-tai-nguyen-va-moi-truong,X25,Điểm thi THPT,2025,22.2,Quản lý tài nguyên và môi trường
126100,QHT,sinh-duoc-hoc,A00,Điểm thi THPT,2023,23.0,Sinh dược học
126101,QHT,sinh-duoc-hoc,A02,Điểm thi THPT,2023,23.0,Sinh dược học
126102,QHT,sinh-duoc-hoc,B00,Điểm thi THPT,2023,23.0,Sinh dược học
126103,QHT,sinh-duoc-hoc,B08,Điểm thi THPT,2023,23.0,Sinh dược học
126104,QHT,sinh-duoc-hoc,A00,Điểm thi THPT,2024,24.25,Sinh dược học
126105,QHT,sinh-duoc-hoc,A02,Điểm thi THPT,2024,24.25,Sinh dược học
126106,QHT,sinh-duoc-hoc,B00,Điểm thi THPT,2024,24.25,Sinh dược học
126107,QHT,sinh-duoc-hoc,B08,Điểm thi THPT,2024,24.25,Sinh dược học
126108,QHT,sinh-duoc-hoc,A00,Điểm thi THPT,2025,20.1,Sinh dược học
126109,QHT,sinh-duoc-hoc,A02,Điểm thi THPT,2025,20.1,Sinh dược học
126110,QHT,sinh-duoc-hoc,B00,Điểm thi THPT,2025,20.1,Sinh dược học
126111,QHT,sinh-duoc-hoc,B01,Điểm thi THPT,2025,20.1,Sinh dược học
126112,QHT,sinh-duoc-hoc,B02,Điểm thi THPT,2025,20.1,Sinh dược học
126113,QHT,sinh-duoc-hoc,B03,Điểm thi THPT,2025,20.1,Sinh dược học
126114,QHT,sinh-duoc-hoc,B08,Điểm thi THPT,2025,20.1,Sinh dược học
126115,QHT,sinh-duoc-hoc,D07,Điểm thi THPT,2025,20.1,Sinh dược học
126116,QHT,sinh-duoc-hoc,D08,Điểm thi THPT,2025,20.1,Sinh dược học
126117,QHT,sinh-duoc-hoc,X13,Điểm thi THPT,2025,20.1,Sinh dược học
126118,QHT,sinh-duoc-hoc,X14,Điểm thi THPT,2025,20.1,Sinh dược học
126119,QHT,sinh-duoc-hoc,X15,Điểm thi THPT,2025,20.1,Sinh dược học
126120,QHT,sinh-duoc-hoc,X16,Điểm thi THPT,2025,20.1,Sinh dược học
126121,QHT,sinh-hoc,A00,Điểm thi THPT,2021,24.2,Sinh học
126122,QHT,sinh-hoc,A02,Điểm thi THPT,2021,24.2,Sinh học
126123,QHT,sinh-hoc,B00,Điểm thi THPT,2021,24.2,Sinh học
126124,QHT,sinh-hoc,D08,Điểm thi THPT,2021,24.2,Sinh học
126125,QHT,sinh-hoc,A00,Điểm thi THPT,2022,22.85,Sinh học
126126,QHT,sinh-hoc,A02,Điểm thi THPT,2022,22.85,Sinh học
126127,QHT,sinh-hoc,B00,Điểm thi THPT,2022,22.85,Sinh học
126128,QHT,sinh-hoc,D08,Điểm thi THPT,2022,22.85,Sinh học
126129,QHT,sinh-hoc,A00,Điểm thi THPT,2023,23.0,Sinh học
126130,QHT,sinh-hoc,A02,Điểm thi THPT,2023,23.0,Sinh học
126131,QHT,sinh-hoc,B00,Điểm thi THPT,2023,23.0,Sinh học
126132,QHT,sinh-hoc,B08,Điểm thi THPT,2023,23.0,Sinh học
126133,QHT,sinh-hoc,A00,Điểm thi THPT,2024,23.35,Sinh học
126134,QHT,sinh-hoc,A02,Điểm thi THPT,2024,23.35,Sinh học
126135,QHT,sinh-hoc,B00,Điểm thi THPT,2024,23.35,Sinh học
126136,QHT,sinh-hoc,B08,Điểm thi THPT,2024,23.35,Sinh học
126137,QHT,sinh-hoc,A00,Điểm thi THPT,2025,20.05,Sinh học
126138,QHT,sinh-hoc,A02,Điểm thi THPT,2025,20.05,Sinh học
126139,QHT,sinh-hoc,B00,Điểm thi THPT,2025,20.05,Sinh học
126140,QHT,sinh-hoc,B01,Điểm thi THPT,2025,20.05,Sinh học
126141,QHT,sinh-hoc,B02,Điểm thi THPT,2025,20.05,Sinh học
126142,QHT,sinh-hoc,B03,Điểm thi THPT,2025,20.05,Sinh học
126143,QHT,sinh-hoc,B08,Điểm thi THPT,2025,20.05,Sinh học
126144,QHT,sinh-hoc,D07,Điểm thi THPT,2025,20.05,Sinh học
126145,QHT,sinh-hoc,D08,Điểm thi THPT,2025,20.05,Sinh học
126146,QHT,sinh-hoc,X13,Điểm thi THPT,2025,20.05,Sinh học
126147,QHT,sinh-hoc,X14,Điểm thi THPT,2025,20.05,Sinh học
126148,QHT,sinh-hoc,X15,Điểm thi THPT,2025,20.05,Sinh học
126149,QHT,sinh-hoc,X16,Điểm thi THPT,2025,20.05,Sinh học
126150,QHT,tai-nguyen-va-moi-truong-nuoc,A00,Điểm thi THPT,2021,18.0,Tài nguyên và môi trường nước
126151,QHT,tai-nguyen-va-moi-truong-nuoc,A01,Điểm thi THPT,2021,18.0,Tài nguyên và môi trường nước
126152,QHT,tai-nguyen-va-moi-truong-nuoc,B00,Điểm thi THPT,2021,18.0,Tài nguyên và môi trường nước
126153,QHT,tai-nguyen-va-moi-truong-nuoc,D07,Điểm thi THPT,2021,18.0,Tài nguyên và môi trường nước
126154,QHT,tai-nguyen-va-moi-truong-nuoc,A00,Điểm thi THPT,2022,20.0,Tài nguyên và môi trường nước
126155,QHT,tai-nguyen-va-moi-truong-nuoc,A01,Điểm thi THPT,2022,20.0,Tài nguyên và môi trường nước
126156,QHT,tai-nguyen-va-moi-truong-nuoc,B00,Điểm thi THPT,2022,20.0,Tài nguyên và môi trường nước
126157,QHT,tai-nguyen-va-moi-truong-nuoc,D07,Điểm thi THPT,2022,20.0,Tài nguyên và môi trường nước
126158,QHT,tai-nguyen-va-moi-truong-nuoc,A00,Điểm thi THPT,2023,20.0,Tài nguyên và môi trường nước*
126159,QHT,tai-nguyen-va-moi-truong-nuoc,A01,Điểm thi THPT,2023,20.0,Tài nguyên và môi trường nước*
126160,QHT,tai-nguyen-va-moi-truong-nuoc,B00,Điểm thi THPT,2023,20.0,Tài nguyên và môi trường nước*
126161,QHT,tai-nguyen-va-moi-truong-nuoc,D07,Điểm thi THPT,2023,20.0,Tài nguyên và môi trường nước*
126162,QHT,tai-nguyen-va-moi-truong-nuoc,A00,Điểm thi THPT,2024,20.0,Tài nguyên và môi trường nước
126163,QHT,tai-nguyen-va-moi-truong-nuoc,A01,Điểm thi THPT,2024,20.0,Tài nguyên và môi trường nước
126164,QHT,tai-nguyen-va-moi-truong-nuoc,B00,Điểm thi THPT,2024,20.0,Tài nguyên và môi trường nước
126165,QHT,tai-nguyen-va-moi-truong-nuoc,D07,Điểm thi THPT,2024,20.0,Tài nguyên và môi trường nước
126166,QHT,tai-nguyen-va-moi-truong-nuoc,A00,Điểm thi THPT,2025,21.1,Tài nguyên và môi trường nước
126167,QHT,tai-nguyen-va-moi-truong-nuoc,A01,Điểm thi THPT,2025,21.1,Tài nguyên và môi trường nước
126168,QHT,tai-nguyen-va-moi-truong-nuoc,A02,Điểm thi THPT,2025,21.1,Tài nguyên và môi trường nước
126169,QHT,tai-nguyen-va-moi-truong-nuoc,A04,Điểm thi THPT,2025,21.1,Tài nguyên và môi trường nước
126170,QHT,tai-nguyen-va-moi-truong-nuoc,A06,Điểm thi THPT,2025,21.1,Tài nguyên và môi trường nước
126171,QHT,tai-nguyen-va-moi-truong-nuoc,B00,Điểm thi THPT,2025,21.1,Tài nguyên và môi trường nước
126172,QHT,tai-nguyen-va-moi-truong-nuoc,B02,Điểm thi THPT,2025,21.1,Tài nguyên và môi trường nước
126173,QHT,tai-nguyen-va-moi-truong-nuoc,B03,Điểm thi THPT,2025,21.1,Tài nguyên và môi trường nước
126174,QHT,tai-nguyen-va-moi-truong-nuoc,B08,Điểm thi THPT,2025,21.1,Tài nguyên và môi trường nước
126175,QHT,tai-nguyen-va-moi-truong-nuoc,C01,Điểm thi THPT,2025,21.1,Tài nguyên và môi trường nước
126176,QHT,tai-nguyen-va-moi-truong-nuoc,C02,Điểm thi THPT,2025,21.1,Tài nguyên và môi trường nước
126177,QHT,tai-nguyen-va-moi-truong-nuoc,C04,Điểm thi THPT,2025,21.1,Tài nguyên và môi trường nước
126178,QHT,tai-nguyen-va-moi-truong-nuoc,D01,Điểm thi THPT,2025,21.1,Tài nguyên và môi trường nước
126179,QHT,tai-nguyen-va-moi-truong-nuoc,D07,Điểm thi THPT,2025,21.1,Tài nguyên và môi trường nước
126180,QHT,tai-nguyen-va-moi-truong-nuoc,D10,Điểm thi THPT,2025,21.1,Tài nguyên và môi trường nước
126181,QHT,tai-nguyen-va-moi-truong-nuoc,X26,Điểm thi THPT,2025,21.1,Tài nguyên và môi trường nước
126182,QHT,toan-hoc,A00,Điểm thi THPT,2021,25.5,Toán học
126183,QHT,toan-hoc,A01,Điểm thi THPT,2021,25.5,Toán học
126184,QHT,toan-hoc,D07,Điểm thi THPT,2021,25.5,Toán học
126185,QHT,toan-hoc,D08,Điểm thi THPT,2021,25.5,Toán học
126186,QHT,toan-hoc,A00,Điểm thi THPT,2022,25.1,Toán học
126187,QHT,toan-hoc,A01,Điểm thi THPT,2022,25.1,Toán học
126188,QHT,toan-hoc,D07,Điểm thi THPT,2022,25.1,Toán học
126189,QHT,toan-hoc,D08,Điểm thi THPT,2022,25.1,Toán học
126190,QHT,toan-hoc,A00,Điểm thi THPT,2023,33.4,Toán học
126191,QHT,toan-hoc,A01,Điểm thi THPT,2023,33.4,Toán học
126192,QHT,toan-hoc,D07,Điểm thi THPT,2023,33.4,Toán học
126193,QHT,toan-hoc,D08,Điểm thi THPT,2023,33.4,Toán học
126194,QHT,toan-hoc,A00,Điểm thi THPT,2024,34.0,Toán học
126195,QHT,toan-hoc,A01,Điểm thi THPT,2024,34.0,Toán học
126196,QHT,toan-hoc,D07,Điểm thi THPT,2024,34.0,Toán học
126197,QHT,toan-hoc,D08,Điểm thi THPT,2024,34.0,Toán học
126198,QHT,toan-hoc,A00,Điểm thi THPT,2025,25.9,Toán học
126199,QHT,toan-hoc,A01,Điểm thi THPT,2025,25.9,Toán học
126200,QHT,toan-hoc,C01,Điểm thi THPT,2025,25.9,Toán học
126201,QHT,toan-hoc,D07,Điểm thi THPT,2025,25.9,Toán học
126202,QHT,toan-hoc,D08,Điểm thi THPT,2025,25.9,Toán học
126203,QHT,toan-hoc,X26,Điểm thi THPT,2025,25.9,Toán học
126204,QHT,toan-tin,A00,Điểm thi THPT,2021,26.35,Toán tin
126205,QHT,toan-tin,A01,Điểm thi THPT,2021,26.35,Toán tin
126206,QHT,toan-tin,D07,Điểm thi THPT,2021,26.35,Toán tin
126207,QHT,toan-tin,D08,Điểm thi THPT,2021,26.35,Toán tin
126208,QHT,toan-tin,A00,Điểm thi THPT,2022,26.05,Toán tin
126209,QHT,toan-tin,A01,Điểm thi THPT,2022,26.05,Toán tin
126210,QHT,toan-tin,D07,Điểm thi THPT,2022,26.05,Toán tin
126211,QHT,toan-tin,D08,Điểm thi THPT,2022,26.05,Toán tin
126212,QHT,toan-tin,A00,Điểm thi THPT,2023,34.25,Toán tin
126213,QHT,toan-tin,A01,Điểm thi THPT,2023,34.25,Toán tin
126214,QHT,toan-tin,D07,Điểm thi THPT,2023,34.25,Toán tin
126215,QHT,toan-tin,D08,Điểm thi THPT,2023,34.25,Toán tin
126216,QHT,toan-tin,A00,Điểm thi THPT,2024,34.0,Toán tin
126217,QHT,toan-tin,A01,Điểm thi THPT,2024,34.0,Toán tin
126218,QHT,toan-tin,D07,Điểm thi THPT,2024,34.0,Toán tin
126219,QHT,toan-tin,D08,Điểm thi THPT,2024,34.0,Toán tin
126220,QHT,toan-tin,A00,Điểm thi THPT,2025,25.5,Toán tin
126221,QHT,toan-tin,A01,Điểm thi THPT,2025,25.5,Toán tin
126222,QHT,toan-tin,C01,Điểm thi THPT,2025,25.5,Toán tin
126223,QHT,toan-tin,D07,Điểm thi THPT,2025,25.5,Toán tin
126224,QHT,toan-tin,D08,Điểm thi THPT,2025,25.5,Toán tin
126225,QHT,toan-tin,X26,Điểm thi THPT,2025,25.5,Toán tin
126226,QHT,vat-ly-hoc,A00,Điểm thi THPT,2021,24.25,Vật lý học
126227,QHT,vat-ly-hoc,A01,Điểm thi THPT,2021,24.25,Vật lý học
126228,QHT,vat-ly-hoc,B00,Điểm thi THPT,2021,24.25,Vật lý học
126229,QHT,vat-ly-hoc,C01,Điểm thi THPT,2021,24.25,Vật lý học
126230,QHT,vat-ly-hoc,A00,Điểm thi THPT,2022,24.05,Vật lý học
126231,QHT,vat-ly-hoc,A01,Điểm thi THPT,2022,24.05,Vật lý học
126232,QHT,vat-ly-hoc,B00,Điểm thi THPT,2022,24.05,Vật lý học
126233,QHT,vat-ly-hoc,C01,Điểm thi THPT,2022,24.05,Vật lý học
126234,QHT,vat-ly-hoc,A00,Điểm thi THPT,2023,24.2,Vật lý học
126235,QHT,vat-ly-hoc,A01,Điểm thi THPT,2023,24.2,Vật lý học
126236,QHT,vat-ly-hoc,B00,Điểm thi THPT,2023,24.2,Vật lý học
126237,QHT,vat-ly-hoc,C01,Điểm thi THPT,2023,24.2,Vật lý học
126238,QHT,vat-ly-hoc,A00,Điểm thi THPT,2024,25.3,Vật lý học
126239,QHT,vat-ly-hoc,A01,Điểm thi THPT,2024,25.3,Vật lý học
126240,QHT,vat-ly-hoc,A02,Điểm thi THPT,2024,25.3,Vật lý học
126241,QHT,vat-ly-hoc,C01,Điểm thi THPT,2024,25.3,Vật lý học
126242,QHT,vat-ly-hoc,A00,Điểm thi THPT,2025,24.65,Vật lý học
126243,QHT,vat-ly-hoc,A01,Điểm thi THPT,2025,24.65,Vật lý học
126244,QHT,vat-ly-hoc,A02,Điểm thi THPT,2025,24.65,Vật lý học
126245,QHT,vat-ly-hoc,B00,Điểm thi THPT,2025,24.65,Vật lý học
126246,QHT,vat-ly-hoc,C01,Điểm thi THPT,2025,24.65,Vật lý học
126247,QHT,vat-ly-hoc,C02,Điểm thi THPT,2025,24.65,Vật lý học
126248,QHT,vat-ly-hoc,D07,Điểm thi THPT,2025,24.65,Vật lý học
126249,QHT,vat-ly-hoc,X02,Điểm thi THPT,2025,24.65,Vật lý học
126250,QHT,vat-ly-hoc,X06,Điểm thi THPT,2025,24.65,Vật lý học
126251,QHT,vat-ly-hoc,X26,Điểm thi THPT,2025,24.65,Vật lý học
126252,QHX,bao-chi,A01,Điểm thi THPT,2021,25.8,Báo chí
126253,QHX,bao-chi,C00,Điểm thi THPT,2021,28.8,Báo chí
126254,QHX,bao-chi,D01,Điểm thi THPT,2021,26.6,Báo chí
126255,QHX,bao-chi,D04,Điểm thi THPT,2021,26.2,Báo chí
126256,QHX,bao-chi,D06,Điểm thi THPT,2021,26.2,Báo chí
126257,QHX,bao-chi,D78,Điểm thi THPT,2021,27.1,Báo chí
126258,QHX,bao-chi,D83,Điểm thi THPT,2021,24.6,Báo chí
126259,QHX,bao-chi,A01,Điểm thi THPT,2022,25.75,Báo chí
126260,QHX,bao-chi,C00,Điểm thi THPT,2022,29.9,Báo chí
126261,QHX,bao-chi,D01,Điểm thi THPT,2022,26.4,Báo chí
126262,QHX,bao-chi,D04,Điểm thi THPT,2022,25.75,Báo chí
126263,QHX,bao-chi,D78,Điểm thi THPT,2022,27.25,Báo chí
126264,QHX,bao-chi,D83,Điểm thi THPT,2022,26.0,Báo chí
126265,QHX,bao-chi,A01,Điểm thi THPT,2023,25.5,Báo chí
126266,QHX,bao-chi,C00,Điểm thi THPT,2023,28.5,Báo chí
126267,QHX,bao-chi,D01,Điểm thi THPT,2023,26.0,Báo chí
126268,QHX,bao-chi,D04,Điểm thi THPT,2023,26.0,Báo chí
126269,QHX,bao-chi,D78,Điểm thi THPT,2023,26.5,Báo chí
126270,QHX,bao-chi,A01,Điểm thi THPT,2024,25.51,Báo chí
126271,QHX,bao-chi,C00,Điểm thi THPT,2024,29.03,Báo chí
126272,QHX,bao-chi,D01,Điểm thi THPT,2024,26.07,Báo chí
126273,QHX,bao-chi,D78,Điểm thi THPT,2024,26.97,Báo chí
126274,QHX,bao-chi,C00,Điểm thi THPT,2025,28.2,Báo chí
126275,QHX,bao-chi,C03,Điểm thi THPT,2025,25.7,Báo chí
126276,QHX,bao-chi,C04,Điểm thi THPT,2025,25.7,Báo chí
126277,QHX,bao-chi,D01,Điểm thi THPT,2025,24.7,Báo chí
126278,QHX,bao-chi,D14,Điểm thi THPT,2025,25.2,Báo chí
126279,QHX,bao-chi,D15,Điểm thi THPT,2025,25.2,Báo chí
126280,QHX,bao-chi,D66,Điểm thi THPT,2025,25.2,Báo chí
126281,QHX,chinh-tri-hoc,A01,Điểm thi THPT,2021,24.3,Chính trị học
126282,QHX,chinh-tri-hoc,C00,Điểm thi THPT,2021,27.2,Chính trị học
126283,QHX,chinh-tri-hoc,D01,Điểm thi THPT,2021,24.7,Chính trị học
126284,QHX,chinh-tri-hoc,D04,Điểm thi THPT,2021,24.5,Chính trị học
126285,QHX,chinh-tri-hoc,D06,Điểm thi THPT,2021,24.5,Chính trị học
126286,QHX,chinh-tri-hoc,D78,Điểm thi THPT,2021,24.7,Chính trị học
126287,QHX,chinh-tri-hoc,D83,Điểm thi THPT,2021,19.7,Chính trị học
126288,QHX,chinh-tri-hoc,A01,Điểm thi THPT,2022,21.5,Chính trị học
126289,QHX,chinh-tri-hoc,C00,Điểm thi THPT,2022,26.75,Chính trị học
126290,QHX,chinh-tri-hoc,D01,Điểm thi THPT,2022,24.25,Chính trị học
126291,QHX,chinh-tri-hoc,D04,Điểm thi THPT,2022,23.0,Chính trị học
126292,QHX,chinh-tri-hoc,D78,Điểm thi THPT,2022,24.5,Chính trị học
126293,QHX,chinh-tri-hoc,D83,Điểm thi THPT,2022,23.0,Chính trị học
126294,QHX,chinh-tri-hoc,A01,Điểm thi THPT,2023,23.0,Chính trị học
126295,QHX,chinh-tri-hoc,C00,Điểm thi THPT,2023,26.25,Chính trị học
126296,QHX,chinh-tri-hoc,D01,Điểm thi THPT,2023,24.0,Chính trị học
126297,QHX,chinh-tri-hoc,D04,Điểm thi THPT,2023,24.7,Chính trị học
126298,QHX,chinh-tri-hoc,D78,Điểm thi THPT,2023,24.6,Chính trị học
126299,QHX,chinh-tri-hoc,A01,Điểm thi THPT,2024,24.6,Chính trị học
126300,QHX,chinh-tri-hoc,C00,Điểm thi THPT,2024,27.98,Chính trị học
126301,QHX,chinh-tri-hoc,D01,Điểm thi THPT,2024,25.35,Chính trị học
126302,QHX,chinh-tri-hoc,D04,Điểm thi THPT,2024,24.95,Chính trị học
126303,QHX,chinh-tri-hoc,D78,Điểm thi THPT,2024,26.28,Chính trị học
126304,QHX,chinh-tri-hoc,C00,Điểm thi THPT,2025,26.86,Chính trị học
126305,QHX,chinh-tri-hoc,C03,Điểm thi THPT,2025,25.86,Chính trị học
126306,QHX,chinh-tri-hoc,C04,Điểm thi THPT,2025,25.86,Chính trị học
126307,QHX,chinh-tri-hoc,D01,Điểm thi THPT,2025,25.86,Chính trị học
126308,QHX,chinh-tri-hoc,D14,Điểm thi THPT,2025,25.86,Chính trị học
126309,QHX,chinh-tri-hoc,D15,Điểm thi THPT,2025,25.86,Chính trị học
126310,QHX,chinh-tri-hoc,D66,Điểm thi THPT,2025,25.86,Chính trị học
126311,QHX,cong-tac-xa-hoi,A01,Điểm thi THPT,2021,24.5,Công tác xã hội
126312,QHX,cong-tac-xa-hoi,C00,Điểm thi THPT,2021,27.2,Công tác xã hội
126313,QHX,cong-tac-xa-hoi,D01,Điểm thi THPT,2021,25.4,Công tác xã hội
126314,QHX,cong-tac-xa-hoi,D04,Điểm thi THPT,2021,24.2,Công tác xã hội
126315,QHX,cong-tac-xa-hoi,D06,Điểm thi THPT,2021,24.2,Công tác xã hội
126316,QHX,cong-tac-xa-hoi,D78,Điểm thi THPT,2021,25.4,Công tác xã hội
126317,QHX,cong-tac-xa-hoi,D83,Điểm thi THPT,2021,21.0,Công tác xã hội
126318,QHX,cong-tac-xa-hoi,A01,Điểm thi THPT,2022,23.0,Công tác xã hội
126319,QHX,cong-tac-xa-hoi,C00,Điểm thi THPT,2022,27.75,Công tác xã hội
126320,QHX,cong-tac-xa-hoi,D01,Điểm thi THPT,2022,24.75,Công tác xã hội
126321,QHX,cong-tac-xa-hoi,D04,Điểm thi THPT,2022,22.5,Công tác xã hội
126322,QHX,cong-tac-xa-hoi,D78,Điểm thi THPT,2022,25.0,Công tác xã hội
126323,QHX,cong-tac-xa-hoi,D83,Điểm thi THPT,2022,23.5,Công tác xã hội
126324,QHX,cong-tac-xa-hoi,A01,Điểm thi THPT,2023,23.75,Công tác xã hội
126325,QHX,cong-tac-xa-hoi,C00,Điểm thi THPT,2023,26.3,Công tác xã hội
126326,QHX,cong-tac-xa-hoi,D01,Điểm thi THPT,2023,24.8,Công tác xã hội
126327,QHX,cong-tac-xa-hoi,D04,Điểm thi THPT,2023,24.0,Công tác xã hội
126328,QHX,cong-tac-xa-hoi,D78,Điểm thi THPT,2023,25.0,Công tác xã hội
126329,QHX,cong-tac-xa-hoi,A01,Điểm thi THPT,2024,24.39,Công tác xã hội
126330,QHX,cong-tac-xa-hoi,C00,Điểm thi THPT,2024,27.94,Công tác xã hội
126331,QHX,cong-tac-xa-hoi,D01,Điểm thi THPT,2024,25.3,Công tác xã hội
126332,QHX,cong-tac-xa-hoi,D78,Điểm thi THPT,2024,26.01,Công tác xã hội
126333,QHX,cong-tac-xa-hoi,C00,Điểm thi THPT,2025,26.99,Công tác xã hội
126334,QHX,cong-tac-xa-hoi,C03,Điểm thi THPT,2025,24.99,Công tác xã hội
126335,QHX,cong-tac-xa-hoi,C04,Điểm thi THPT,2025,24.99,Công tác xã hội
126336,QHX,cong-tac-xa-hoi,D01,Điểm thi THPT,2025,24.49,Công tác xã hội
126337,QHX,cong-tac-xa-hoi,D14,Điểm thi THPT,2025,24.99,Công tác xã hội
126338,QHX,cong-tac-xa-hoi,D15,Điểm thi THPT,2025,24.99,Công tác xã hội
126339,QHX,cong-tac-xa-hoi,D66,Điểm thi THPT,2025,24.99,Công tác xã hội
126340,QHX,dien-anh-va-nghe-thuat-dai-chung,C00,Điểm thi THPT,2024,27.98,Điện ảnh và Nghệ thuật đại chúng
126341,QHX,dien-anh-va-nghe-thuat-dai-chung,D01,Điểm thi THPT,2024,25.77,Điện ảnh và Nghệ thuật đại chúng
126342,QHX,dien-anh-va-nghe-thuat-dai-chung,D04,Điểm thi THPT,2024,25.17,Điện ảnh và Nghệ thuật đại chúng
126343,QHX,dien-anh-va-nghe-thuat-dai-chung,D78,Điểm thi THPT,2024,26.45,Điện ảnh và Nghệ thuật đại chúng
126344,QHX,dien-anh-va-nghe-thuat-dai-chung,C00,Điểm thi THPT,2025,27.3,Điện ảnh và nghệ thuật đại chúng
126345,QHX,dien-anh-va-nghe-thuat-dai-chung,C03,Điểm thi THPT,2025,25.3,Điện ảnh và nghệ thuật đại chúng
126346,QHX,dien-anh-va-nghe-thuat-dai-chung,C04,Điểm thi THPT,2025,25.3,Điện ảnh và nghệ thuật đại chúng
126347,QHX,dien-anh-va-nghe-thuat-dai-chung,D01,Điểm thi THPT,2025,24.8,Điện ảnh và nghệ thuật đại chúng
126348,QHX,dien-anh-va-nghe-thuat-dai-chung,D14,Điểm thi THPT,2025,25.3,Điện ảnh và nghệ thuật đại chúng
126349,QHX,dien-anh-va-nghe-thuat-dai-chung,D15,Điểm thi THPT,2025,25.3,Điện ảnh và nghệ thuật đại chúng
126350,QHX,dien-anh-va-nghe-thuat-dai-chung,D66,Điểm thi THPT,2025,25.3,Điện ảnh và nghệ thuật đại chúng
126351,QHX,dong-nam-a-hoc,A01,Điểm thi THPT,2021,24.05,Đông Nam Á học
126352,QHX,dong-nam-a-hoc,D01,Điểm thi THPT,2021,25.0,Đông Nam Á học
126353,QHX,dong-nam-a-hoc,D78,Điểm thi THPT,2021,25.9,Đông Nam Á học
126354,QHX,dong-nam-a-hoc,A01,Điểm thi THPT,2022,22.0,Đông Nam Á học
126355,QHX,dong-nam-a-hoc,D01,Điểm thi THPT,2022,24.25,Đông Nam Á học
126356,QHX,dong-nam-a-hoc,D78,Điểm thi THPT,2022,24.0,Đông Nam Á học
126357,QHX,dong-nam-a-hoc,A01,Điểm thi THPT,2023,22.75,Đông Nam Á học
126358,QHX,dong-nam-a-hoc,D01,Điểm thi THPT,2023,24.75,Đông Nam Á học
126359,QHX,dong-nam-a-hoc,D78,Điểm thi THPT,2023,25.1,Đông Nam Á học
126360,QHX,dong-nam-a-hoc,A01,Điểm thi THPT,2024,23.48,Đông Nam Á học
126361,QHX,dong-nam-a-hoc,D01,Điểm thi THPT,2024,24.64,Đông Nam Á học
126362,QHX,dong-nam-a-hoc,D14,Điểm thi THPT,2024,25.29,Đông Nam Á học
126363,QHX,dong-nam-a-hoc,D78,Điểm thi THPT,2024,24.75,Đông Nam Á học
126364,QHX,dong-nam-a-hoc,D01,Điểm thi THPT,2025,21.75,Đông Nam Á học
126365,QHX,dong-nam-a-hoc,D14,Điểm thi THPT,2025,23.25,Đông Nam Á học
126366,QHX,dong-nam-a-hoc,D15,Điểm thi THPT,2025,23.25,Đông Nam Á học
126367,QHX,dong-nam-a-hoc,D66,Điểm thi THPT,2025,23.25,Đông Nam Á học
126368,QHX,dong-phuong-hoc,C00,Điểm thi THPT,2021,29.8,Đông phương học
126369,QHX,dong-phuong-hoc,D01,Điểm thi THPT,2021,26.9,Đông phương học
126370,QHX,dong-phuong-hoc,D04,Điểm thi THPT,2021,26.5,Đông phương học
126371,QHX,dong-phuong-hoc,D06,Điểm thi THPT,2021,26.5,Đông phương học
126372,QHX,dong-phuong-hoc,D78,Điểm thi THPT,2021,27.5,Đông phương học
126373,QHX,dong-phuong-hoc,D83,Điểm thi THPT,2021,26.3,Đông phương học
126374,QHX,dong-phuong-hoc,C00,Điểm thi THPT,2022,29.95,Đông phương học
126375,QHX,dong-phuong-hoc,D01,Điểm thi THPT,2022,26.35,Đông phương học
126376,QHX,dong-phuong-hoc,D04,Điểm thi THPT,2022,26.25,Đông phương học
126377,QHX,dong-phuong-hoc,D78,Điểm thi THPT,2022,26.75,Đông phương học
126378,QHX,dong-phuong-hoc,D83,Điểm thi THPT,2022,26.25,Đông phương học
126379,QHX,dong-phuong-hoc,C00,Điểm thi THPT,2023,28.5,Đông phương học
126380,QHX,dong-phuong-hoc,D01,Điểm thi THPT,2023,25.55,Đông phương học
126381,QHX,dong-phuong-hoc,D04,Điểm thi THPT,2023,25.5,Đông phương học
126382,QHX,dong-phuong-hoc,D78,Điểm thi THPT,2023,26.5,Đông phương học
126383,QHX,dong-phuong-hoc,C00,Điểm thi THPT,2024,28.83,Đông phương học
126384,QHX,dong-phuong-hoc,D01,Điểm thi THPT,2024,25.99,Đông phương học
126385,QHX,dong-phuong-hoc,D04,Điểm thi THPT,2024,25.8,Đông phương học
126386,QHX,dong-phuong-hoc,D78,Điểm thi THPT,2024,26.71,Đông phương học
126387,QHX,dong-phuong-hoc,C00,Điểm thi THPT,2025,28.0,Đông phương học
126388,QHX,dong-phuong-hoc,C03,Điểm thi THPT,2025,25.5,Đông phương học
126389,QHX,dong-phuong-hoc,C04,Điểm thi THPT,2025,25.5,Đông phương học
126390,QHX,dong-phuong-hoc,D01,Điểm thi THPT,2025,24.5,Đông phương học
126391,QHX,dong-phuong-hoc,D04,Điểm thi THPT,2025,24.5,Đông phương học
126392,QHX,dong-phuong-hoc,D14,Điểm thi THPT,2025,25.0,Đông phương học
126393,QHX,dong-phuong-hoc,D15,Điểm thi THPT,2025,25.0,Đông phương học
126394,QHX,dong-phuong-hoc,D66,Điểm thi THPT,2025,25.0,Đông phương học
126395,QHX,han-nom,C00,Điểm thi THPT,2021,26.6,Hán Nôm
126396,QHX,han-nom,D01,Điểm thi THPT,2021,25.8,Hán Nôm
126397,QHX,han-nom,D04,Điểm thi THPT,2021,24.8,Hán Nôm
126398,QHX,han-nom,D06,Điểm thi THPT,2021,24.8,Hán Nôm
126399,QHX,han-nom,D78,Điểm thi THPT,2021,25.3,Hán Nôm
126400,QHX,han-nom,D83,Điểm thi THPT,2021,23.8,Hán Nôm
126401,QHX,han-nom,C00,Điểm thi THPT,2022,27.5,Hán Nôm
126402,QHX,han-nom,D01,Điểm thi THPT,2022,24.5,Hán Nôm
126403,QHX,han-nom,D04,Điểm thi THPT,2022,23.0,Hán Nôm
126404,QHX,han-nom,D78,Điểm thi THPT,2022,24.0,Hán Nôm
126405,QHX,han-nom,D83,Điểm thi THPT,2022,23.0,Hán Nôm
126406,QHX,han-nom,C00,Điểm thi THPT,2023,25.75,Hán Nôm
126407,QHX,han-nom,D01,Điểm thi THPT,2023,24.15,Hán Nôm
126408,QHX,han-nom,D04,Điểm thi THPT,2023,25.0,Hán Nôm
126409,QHX,han-nom,D78,Điểm thi THPT,2023,24.5,Hán Nôm
126410,QHX,han-nom,C00,Điểm thi THPT,2024,28.26,Hán Nôm
126411,QHX,han-nom,D01,Điểm thi THPT,2024,25.05,Hán Nôm
126412,QHX,han-nom,D04,Điểm thi THPT,2024,25.8,Hán Nôm
126413,QHX,han-nom,D78,Điểm thi THPT,2024,25.96,Hán Nôm
126414,QHX,han-nom,C00,Điểm thi THPT,2025,25.76,Hán Nôm
126415,QHX,han-nom,C03,Điểm thi THPT,2025,24.76,Hán Nôm
126416,QHX,han-nom,C04,Điểm thi THPT,2025,24.76,Hán Nôm
126417,QHX,han-nom,D01,Điểm thi THPT,2025,24.26,Hán Nôm
126418,QHX,han-nom,D04,Điểm thi THPT,2025,25.76,Hán Nôm
126419,QHX,han-nom,D14,Điểm thi THPT,2025,24.76,Hán Nôm
126420,QHX,han-nom,D15,Điểm thi THPT,2025,24.76,Hán Nôm
126421,QHX,han-nom,D66,Điểm thi THPT,2025,24.76,Hán Nôm
126422,QHX,han-quoc,A01,Điểm thi THPT,2024,26.2,Hàn Quốc
126423,QHX,han-quoc,C00,Điểm thi THPT,2024,29.05,Hàn Quốc
126424,QHX,han-quoc,D01,Điểm thi THPT,2024,26.3,Hàn Quốc
126425,QHX,han-quoc,D78,Điểm thi THPT,2024,27.13,Hàn Quốc
126426,QHX,han-quoc-hoc,A01,Điểm thi THPT,2021,26.8,Hàn Quốc học
126427,QHX,han-quoc-hoc,C00,Điểm thi THPT,2021,30.0,Hàn Quốc học
126428,QHX,han-quoc-hoc,D01,Điểm thi THPT,2021,27.4,Hàn Quốc học
126429,QHX,han-quoc-hoc,D04,Điểm thi THPT,2021,26.6,Hàn Quốc học
126430,QHX,han-quoc-hoc,D06,Điểm thi THPT,2021,26.6,Hàn Quốc học
126431,QHX,han-quoc-hoc,D78,Điểm thi THPT,2021,27.9,Hẳn Quốc học
126432,QHX,han-quoc-hoc,D83,Điểm thi THPT,2021,25.6,Hàn Quốc học
126433,QHX,han-quoc-hoc,A01,Điểm thi THPT,2022,26.85,Hàn Quốc học
126434,QHX,han-quoc-hoc,C00,Điểm thi THPT,2022,29.95,Hàn Quốc học
126435,QHX,han-quoc-hoc,D01,Điểm thi THPT,2022,26.7,Hàn Quốc học
126436,QHX,han-quoc-hoc,D78,Điểm thi THPT,2022,27.25,Hàn Quốc học
126437,QHX,han-quoc-hoc,A01,Điểm thi THPT,2023,24.75,Hàn Quốc học
126438,QHX,han-quoc-hoc,C00,Điểm thi THPT,2023,28.25,Hàn Quốc học
126439,QHX,han-quoc-hoc,D01,Điểm thi THPT,2023,26.25,Hàn Quốc học
126440,QHX,han-quoc-hoc,D78,Điểm thi THPT,2023,26.5,Hàn Quốc học
126441,QHX,han-quoc-hoc,C00,Điểm thi THPT,2025,27.83,Hàn Quốc học
126442,QHX,han-quoc-hoc,C03,Điểm thi THPT,2025,25.33,Hàn Quốc học
126443,QHX,han-quoc-hoc,C04,Điểm thi THPT,2025,25.33,Hàn Quốc học
126444,QHX,han-quoc-hoc,D01,Điểm thi THPT,2025,24.33,Hàn Quốc học
126445,QHX,han-quoc-hoc,D14,Điểm thi THPT,2025,24.83,Hàn Quốc học
126446,QHX,han-quoc-hoc,D15,Điểm thi THPT,2025,24.83,Hàn Quốc học
126447,QHX,han-quoc-hoc,D66,Điểm thi THPT,2025,24.83,Hàn Quốc học
126448,QHX,khoa-hoc-quan-ly,A01,Điểm thi THPT,2021,25.8,Khoa học quản lý
126449,QHX,khoa-hoc-quan-ly,C00,Điểm thi THPT,2021,28.6,Khoa học quặn lý
126450,QHX,khoa-hoc-quan-ly,D01,Điểm thi THPT,2021,26.0,Khoa học quản lý
126451,QHX,khoa-hoc-quan-ly,D04,Điểm thi THPT,2021,25.5,Khoa học quản lý
126452,QHX,khoa-hoc-quan-ly,D06,Điểm thi THPT,2021,25.5,Khoa học quản lý
126453,QHX,khoa-hoc-quan-ly,D78,Điểm thi THPT,2021,26.4,Khoa học quản lý
126454,QHX,khoa-hoc-quan-ly,D83,Điểm thi THPT,2021,24.0,Khoa học quản lý
126455,QHX,khoa-hoc-quan-ly,A01,Điểm thi THPT,2022,25.25,Khoa học quản lý
126456,QHX,khoa-hoc-quan-ly,C00,Điểm thi THPT,2022,29.0,Khoa học quản lý
126457,QHX,khoa-hoc-quan-ly,D01,Điểm thi THPT,2022,25.5,Khoa học quản lý
126458,QHX,khoa-hoc-quan-ly,D04,Điểm thi THPT,2022,24.0,Khoa học quản lý
126459,QHX,khoa-hoc-quan-ly,D78,Điểm thi THPT,2022,26.0,Khoa học quản lý
126460,QHX,khoa-hoc-quan-ly,D83,Điểm thi THPT,2022,25.0,Khoa học quản lý
126461,QHX,khoa-hoc-quan-ly,A01,Điểm thi THPT,2023,23.5,Khoa học quản lý
126462,QHX,khoa-hoc-quan-ly,C00,Điểm thi THPT,2023,27.0,Khoa học quản lý
126463,QHX,khoa-hoc-quan-ly,D01,Điểm thi THPT,2023,25.25,Khoa học quản lý
126464,QHX,khoa-hoc-quan-ly,D04,Điểm thi THPT,2023,25.25,Khoa học quản lý
126465,QHX,khoa-hoc-quan-ly,D78,Điểm thi THPT,2023,25.25,Khoa học quản lý
126466,QHX,khoa-hoc-quan-ly,A01,Điểm thi THPT,2024,25.07,Khoa học quản lý
126467,QHX,khoa-hoc-quan-ly,C00,Điểm thi THPT,2024,28.58,Khoa học quản lý
126468,QHX,khoa-hoc-quan-ly,D01,Điểm thi THPT,2024,25.41,Khoa học quản lý
126469,QHX,khoa-hoc-quan-ly,D78,Điểm thi THPT,2024,26.26,Khoa học quản lý
126470,QHX,khoa-hoc-quan-ly,C00,Điểm thi THPT,2025,26.68,Khoa học quản lý
126471,QHX,khoa-hoc-quan-ly,C03,Điểm thi THPT,2025,24.68,Khoa học quản lý
126472,QHX,khoa-hoc-quan-ly,C04,Điểm thi THPT,2025,24.68,Khoa học quản lý
126473,QHX,khoa-hoc-quan-ly,D01,Điểm thi THPT,2025,24.18,Khoa học quản lý
126474,QHX,khoa-hoc-quan-ly,D14,Điểm thi THPT,2025,24.68,Khoa học quản lý
126475,QHX,khoa-hoc-quan-ly,D15,Điểm thi THPT,2025,24.68,Khoa học quản lý
126476,QHX,khoa-hoc-quan-ly,D66,Điểm thi THPT,2025,24.68,Khoa học quản lý
126477,QHX,lich-su,C00,Điểm thi THPT,2021,26.2,Lịch sử
126478,QHX,lich-su,D01,Điểm thi THPT,2021,24.0,Lịch sử
126479,QHX,lich-su,D04,Điểm thi THPT,2021,20.0,Lịch sử
126480,QHX,lich-su,D06,Điểm thi THPT,2021,20.0,Lịch sử
126481,QHX,lich-su,D78,Điểm thi THPT,2021,24.8,Lịch sử
126482,QHX,lich-su,D83,Điểm thi THPT,2021,20.0,Lịch sử
126483,QHX,lich-su,C00,Điểm thi THPT,2022,27.0,Lịch sử
126484,QHX,lich-su,D01,Điểm thi THPT,2022,24.0,Lịch sử
126485,QHX,lich-su,D04,Điểm thi THPT,2022,22.0,Lịch sử
126486,QHX,lich-su,D78,Điểm thi THPT,2022,24.0,Lịch sử
126487,QHX,lich-su,D83,Điểm thi THPT,2022,21.0,Lịch sử
126488,QHX,lich-su,C00,Điểm thi THPT,2023,27.0,Lịch sử
126489,QHX,lich-su,D01,Điểm thi THPT,2023,24.25,Lịch sử
126490,QHX,lich-su,D04,Điểm thi THPT,2023,23.4,Lịch sử
126491,QHX,lich-su,D78,Điểm thi THPT,2023,24.47,Lịch sử
126492,QHX,lich-su,C00,Điểm thi THPT,2024,28.37,Lịch sử
126493,QHX,lich-su,D01,Điểm thi THPT,2024,25.01,Lịch sử
126494,QHX,lich-su,D04,Điểm thi THPT,2024,25.02,Lịch sử
126495,QHX,lich-su,D14,Điểm thi THPT,2024,26.8,Lịch sử
126496,QHX,lich-su,D78,Điểm thi THPT,2024,26.38,Lịch sử
126497,QHX,lich-su,C00,Điểm thi THPT,2025,27.3,Lịch sử
126498,QHX,lich-su,C03,Điểm thi THPT,2025,26.3,Lịch sử
126499,QHX,lich-su,C04,Điểm thi THPT,2025,26.3,Lịch sử
126500,QHX,lich-su,D01,Điểm thi THPT,2025,25.8,Lịch sử
126501,QHX,lich-su,D14,Điểm thi THPT,2025,26.3,Lịch sử
126502,QHX,lich-su,D15,Điểm thi THPT,2025,26.3,Lịch sử
126503,QHX,lich-su,D66,Điểm thi THPT,2025,26.3,Lịch sử
126504,QHX,luu-tru-hoc,A01,Điểm thi THPT,2021,22.7,Lưu trữ học
126505,QHX,luu-tru-hoc,C00,Điểm thi THPT,2021,26.1,Lưu trữ học
126506,QHX,luu-tru-hoc,D01,Điểm thi THPT,2021,24.6,Lưu trữ học
126507,QHX,luu-tru-hoc,D04,Điểm thi THPT,2021,24.4,Lưu trữ học
126508,QHX,luu-tru-hoc,D06,Điểm thi THPT,2021,24.4,Lưu trữ học
126509,QHX,luu-tru-hoc,D78,Điểm thi THPT,2021,25.0,Lưu trữ học
126510,QHX,luu-tru-hoc,D83,Điểm thi THPT,2021,22.6,Lưu trữ học
126511,QHX,luu-tru-hoc,A01,Điểm thi THPT,2022,22.5,Lưu trữ học
126512,QHX,luu-tru-hoc,C00,Điểm thi THPT,2022,27.0,Lưu trữ học
126513,QHX,luu-tru-hoc,D01,Điểm thi THPT,2022,22.5,Lưu trữ học
126514,QHX,luu-tru-hoc,D04,Điểm thi THPT,2022,22.0,Lưu trữ học
126515,QHX,luu-tru-hoc,D78,Điểm thi THPT,2022,23.5,Lưu trữ học
126516,QHX,luu-tru-hoc,D83,Điểm thi THPT,2022,22.0,Lưu trữ học
126517,QHX,luu-tru-hoc,A01,Điểm thi THPT,2023,22.0,Lưu trữ học
126518,QHX,luu-tru-hoc,C00,Điểm thi THPT,2023,23.8,Lưu trữ học
126519,QHX,luu-tru-hoc,D01,Điểm thi THPT,2023,24.0,Lưu trữ học
126520,QHX,luu-tru-hoc,D04,Điểm thi THPT,2023,22.75,Lưu trữ học
126521,QHX,luu-tru-hoc,D78,Điểm thi THPT,2023,24.0,Lưu trữ học
126522,QHX,luu-tru-hoc,A01,Điểm thi THPT,2024,24.49,Lưu trữ học
126523,QHX,luu-tru-hoc,C00,Điểm thi THPT,2024,27.58,Lưu trữ học
126524,QHX,luu-tru-hoc,D01,Điểm thi THPT,2024,25.22,Lưu trữ học
126525,QHX,luu-tru-hoc,D04,Điểm thi THPT,2024,25.02,Lưu trữ học
126526,QHX,luu-tru-hoc,D78,Điểm thi THPT,2024,25.73,Lưu trữ học
126527,QHX,luu-tru-hoc,C00,Điểm thi THPT,2025,26.04,Lưu trữ học
126528,QHX,luu-tru-hoc,C03,Điểm thi THPT,2025,25.04,Lưu trữ học
126529,QHX,luu-tru-hoc,C04,Điểm thi THPT,2025,25.04,Lưu trữ học
126530,QHX,luu-tru-hoc,D01,Điểm thi THPT,2025,24.54,Lưu trữ học
126531,QHX,luu-tru-hoc,D14,Điểm thi THPT,2025,25.04,Lưu trữ học
126532,QHX,luu-tru-hoc,D15,Điểm thi THPT,2025,25.04,Lưu trữ học
126533,QHX,luu-tru-hoc,D66,Điểm thi THPT,2025,25.04,Lưu trữ học
126534,QHX,ngon-ngu-hoc,C00,Điểm thi THPT,2021,26.8,Ngôn ngữ học
126535,QHX,ngon-ngu-hoc,D01,Điểm thi THPT,2021,25.7,Ngôn ngữ học
126536,QHX,ngon-ngu-hoc,D04,Điểm thi THPT,2021,25.0,Ngôn ngữ học
126537,QHX,ngon-ngu-hoc,D06,Điểm thi THPT,2021,25.0,Ngôn ngữ học
126538,QHX,ngon-ngu-hoc,D78,Điểm thi THPT,2021,26.0,Ngôn ngữ học
126539,QHX,ngon-ngu-hoc,D83,Điểm thi THPT,2021,23.5,Ngôn ngữ học
126540,QHX,ngon-ngu-hoc,C00,Điểm thi THPT,2022,28.0,Ngôn ngữ học
126541,QHX,ngon-ngu-hoc,D01,Điểm thi THPT,2022,25.25,Ngôn ngữ học
126542,QHX,ngon-ngu-hoc,D04,Điểm thi THPT,2022,25.0,Ngôn ngữ học
126543,QHX,ngon-ngu-hoc,D78,Điểm thi THPT,2022,25.25,Ngôn ngữ học
126544,QHX,ngon-ngu-hoc,D83,Điểm thi THPT,2022,24.5,Ngôn ngữ học
126545,QHX,ngon-ngu-hoc,C00,Điểm thi THPT,2023,26.4,Ngôn ngữ học
126546,QHX,ngon-ngu-hoc,D01,Điểm thi THPT,2023,25.25,Ngôn ngữ học
126547,QHX,ngon-ngu-hoc,D04,Điểm thi THPT,2023,24.75,Ngôn ngữ học
126548,QHX,ngon-ngu-hoc,D78,Điểm thi THPT,2023,25.75,Ngôn ngữ học
126549,QHX,ngon-ngu-hoc,C00,Điểm thi THPT,2024,27.94,Ngôn ngữ học
126550,QHX,ngon-ngu-hoc,D01,Điểm thi THPT,2024,25.45,Ngôn ngữ học
126551,QHX,ngon-ngu-hoc,D04,Điểm thi THPT,2024,25.69,Ngôn ngữ học
126552,QHX,ngon-ngu-hoc,D78,Điểm thi THPT,2024,26.3,Ngôn ngữ học
126553,QHX,ngon-ngu-hoc,C00,Điểm thi THPT,2025,26.75,Ngôn ngữ học
126554,QHX,ngon-ngu-hoc,C03,Điểm thi THPT,2025,25.75,Ngôn ngữ học
126555,QHX,ngon-ngu-hoc,C04,Điểm thi THPT,2025,25.75,Ngôn ngữ học
126556,QHX,ngon-ngu-hoc,D01,Điểm thi THPT,2025,25.25,Ngôn ngữ học
126557,QHX,ngon-ngu-hoc,D14,Điểm thi THPT,2025,25.75,Ngôn ngữ học
126558,QHX,ngon-ngu-hoc,D15,Điểm thi THPT,2025,25.75,Ngôn ngữ học
126559,QHX,ngon-ngu-hoc,D66,Điểm thi THPT,2025,25.75,Ngôn ngữ học
126560,QHX,nhan-hoc,A01,Điểm thi THPT,2021,23.5,Nhân học
126561,QHX,nhan-hoc,C00,Điểm thi THPT,2021,25.6,Nhân học
126562,QHX,nhan-hoc,D01,Điểm thi THPT,2021,25.0,Nhân học
126563,QHX,nhan-hoc,D04,Điểm thi THPT,2021,23.2,Nhân học
126564,QHX,nhan-hoc,D06,Điểm thi THPT,2021,23.2,Nhân học
126565,QHX,nhan-hoc,D78,Điểm thi THPT,2021,24.6,Nhân học
126566,QHX,nhan-hoc,D83,Điểm thi THPT,2021,21.2,Nhân học
126567,QHX,nhan-hoc,A01,Điểm thi THPT,2022,22.5,Nhân học
126568,QHX,nhan-hoc,C00,Điểm thi THPT,2022,26.75,Nhân học
126569,QHX,nhan-hoc,D01,Điểm thi THPT,2022,24.25,Nhân học
126570,QHX,nhan-hoc,D04,Điểm thi THPT,2022,22.0,Nhân học
126571,QHX,nhan-hoc,D78,Điểm thi THPT,2022,24.0,Nhân học
126572,QHX,nhan-hoc,D83,Điểm thi THPT,2022,21.0,Nhân học
126573,QHX,nhan-hoc,A01,Điểm thi THPT,2023,22.0,Nhân học
126574,QHX,nhan-hoc,C00,Điểm thi THPT,2023,25.25,Nhân học
126575,QHX,nhan-hoc,D01,Điểm thi THPT,2023,24.15,Nhân học
126576,QHX,nhan-hoc,D04,Điểm thi THPT,2023,22.0,Nhân học
126577,QHX,nhan-hoc,D78,Điểm thi THPT,2023,24.2,Nhân học
126578,QHX,nhan-hoc,A01,Điểm thi THPT,2024,23.67,Nhân học
126579,QHX,nhan-hoc,C00,Điểm thi THPT,2024,27.43,Nhân học
126580,QHX,nhan-hoc,D01,Điểm thi THPT,2024,24.93,Nhân học
126581,QHX,nhan-hoc,D04,Điểm thi THPT,2024,24.75,Nhân học
126582,QHX,nhan-hoc,D78,Điểm thi THPT,2024,25.39,Nhân học
126583,QHX,nhan-hoc,C00,Điểm thi THPT,2025,25.8,Nhân học
126584,QHX,nhan-hoc,C03,Điểm thi THPT,2025,24.8,Nhân học
126585,QHX,nhan-hoc,C04,Điểm thi THPT,2025,24.8,Nhân học
126586,QHX,nhan-hoc,D01,Điểm thi THPT,2025,24.3,Nhân học
126587,QHX,nhan-hoc,D14,Điểm thi THPT,2025,24.8,Nhân học
126588,QHX,nhan-hoc,D15,Điểm thi THPT,2025,24.8,Nhân học
126589,QHX,nhan-hoc,D66,Điểm thi THPT,2025,24.8,Nhân học
126590,QHX,nhat-ban-hoc,D01,Điểm thi THPT,2021,26.5,Nhật Bản học
126591,QHX,nhat-ban-hoc,D04,Điểm thi THPT,2021,25.4,Nhật Bản học
126592,QHX,nhat-ban-hoc,D06,Điểm thi THPT,2021,25.4,Nhật Bản học
126593,QHX,nhat-ban-hoc,D78,Điểm thi THPT,2021,26.9,Nhật Bản học
126594,QHX,nhat-ban-hoc,D01,Điểm thi THPT,2022,25.75,Nhật Bản học
126595,QHX,nhat-ban-hoc,D06,Điểm thi THPT,2022,24.75,Nhật Bản học
126596,QHX,nhat-ban-hoc,D78,Điểm thi THPT,2022,26.25,Nhật Bản học
126597,QHX,nhat-ban-hoc,D01,Điểm thi THPT,2023,25.5,Nhật Bản học
126598,QHX,nhat-ban-hoc,D06,Điểm thi THPT,2023,24.0,Nhật Bản học
126599,QHX,nhat-ban-hoc,D78,Điểm thi THPT,2023,25.75,Nhật Bản học
126600,QHX,nhat-ban-hoc,D01,Điểm thi THPT,2024,25.75,Nhật Bản học
126601,QHX,nhat-ban-hoc,D06,Điểm thi THPT,2024,25.0,Nhật Bản học
126602,QHX,nhat-ban-hoc,D78,Điểm thi THPT,2024,26.43,Nhật Bản học
126603,QHX,nhat-ban-hoc,D01,Điểm thi THPT,2025,21.75,Nhật Bản học
126604,QHX,nhat-ban-hoc,D06,Điểm thi THPT,2025,21.75,Nhật Bản học
126605,QHX,quan-he-cong-chung,C00,Điểm thi THPT,2021,29.3,Quan hệ công chúng
126606,QHX,quan-he-cong-chung,D01,Điểm thi THPT,2021,27.1,Quan hệ công chúng
126607,QHX,quan-he-cong-chung,D04,Điểm thi THPT,2021,27.0,Quan hệ công chúng
126608,QHX,quan-he-cong-chung,D06,Điểm thi THPT,2021,27.0,Quan hệ công chúng
126609,QHX,quan-he-cong-chung,D78,Điểm thi THPT,2021,27.5,Quan hệ công chúng
126610,QHX,quan-he-cong-chung,D83,Điểm thi THPT,2021,25.8,Quan hệ công chúng
126611,QHX,quan-he-cong-chung,C00,Điểm thi THPT,2022,29.95,Quan hệ công chúng
126612,QHX,quan-he-cong-chung,D01,Điểm thi THPT,2022,26.75,Quan hệ công chúng
126613,QHX,quan-he-cong-chung,D04,Điểm thi THPT,2022,26.0,Quan hệ công chúng
126614,QHX,quan-he-cong-chung,D78,Điểm thi THPT,2022,27.5,Quan hệ công chúng
126615,QHX,quan-he-cong-chung,D83,Điểm thi THPT,2022,26.0,Quan hệ công chúng
126616,QHX,quan-he-cong-chung,C00,Điểm thi THPT,2023,28.78,Quan hệ công chúng
126617,QHX,quan-he-cong-chung,D01,Điểm thi THPT,2023,26.75,Quan hệ công chúng
126618,QHX,quan-he-cong-chung,D04,Điểm thi THPT,2023,26.2,Quan hệ công chúng
126619,QHX,quan-he-cong-chung,D78,Điểm thi THPT,2023,27.5,Quan hệ công chúng
126620,QHX,quan-he-cong-chung,C00,Điểm thi THPT,2024,29.1,Quan hệ công chúng
126621,QHX,quan-he-cong-chung,D01,Điểm thi THPT,2024,26.45,Quan hệ công chúng
126622,QHX,quan-he-cong-chung,D04,Điểm thi THPT,2024,26.4,Quan hệ công chúng
126623,QHX,quan-he-cong-chung,D78,Điểm thi THPT,2024,27.36,Quan hệ công chúng
126624,QHX,quan-he-cong-chung,C00,Điểm thi THPT,2025,28.95,Quan hệ công chúng
126625,QHX,quan-he-cong-chung,C03,Điểm thi THPT,2025,26.45,Quan hệ công chúng
126626,QHX,quan-he-cong-chung,C04,Điểm thi THPT,2025,26.45,Quan hệ công chúng
126627,QHX,quan-he-cong-chung,D01,Điểm thi THPT,2025,25.45,Quan hệ công chúng
126628,QHX,quan-he-cong-chung,D14,Điểm thi THPT,2025,25.95,Quan hệ công chúng
126629,QHX,quan-he-cong-chung,D15,Điểm thi THPT,2025,25.95,Quan hệ công chúng
126630,QHX,quan-he-cong-chung,D66,Điểm thi THPT,2025,25.95,Quan hệ công chúng
126631,QHX,quan-ly-thong-tin,A01,Điểm thi THPT,2021,25.3,Quản lý thông tin
126632,QHX,quan-ly-thong-tin,C00,Điểm thi THPT,2021,28.0,Quản lý thông tin
126633,QHX,quan-ly-thong-tin,D01,Điểm thi THPT,2021,26.0,Quản lý thông tin
126634,QHX,quan-ly-thong-tin,D04,Điểm thi THPT,2021,24.5,Quản lý thông tin
126635,QHX,quan-ly-thong-tin,D06,Điểm thi THPT,2021,24.5,Quản lý thông tin
126636,QHX,quan-ly-thong-tin,D78,Điểm thi THPT,2021,26.2,Quản lý thông tin
126637,QHX,quan-ly-thong-tin,D83,Điểm thi THPT,2021,27.3,Quản lý thông tin
126638,QHX,quan-ly-thong-tin,A01,Điểm thi THPT,2022,25.25,Quản lý thông tin
126639,QHX,quan-ly-thong-tin,C00,Điểm thi THPT,2022,29.0,Quản lý thông tin
126640,QHX,quan-ly-thong-tin,D01,Điểm thi THPT,2022,25.5,Quản lý thông tin
126641,QHX,quan-ly-thong-tin,D78,Điểm thi THPT,2022,25.9,Quản lý thông tin
126642,QHX,quan-ly-thong-tin,A01,Điểm thi THPT,2023,24.5,Quản lý thông tin
126643,QHX,quan-ly-thong-tin,C00,Điểm thi THPT,2023,26.8,Quản lý thông tin
126644,QHX,quan-ly-thong-tin,D01,Điểm thi THPT,2023,25.25,Quản lý thông tin
126645,QHX,quan-ly-thong-tin,D78,Điểm thi THPT,2023,25.0,Quản lý thông tin
126646,QHX,quan-ly-thong-tin,A01,Điểm thi THPT,2024,25.36,Quản lý thông tin
126647,QHX,quan-ly-thong-tin,C00,Điểm thi THPT,2024,28.37,Quản lý thông tin
126648,QHX,quan-ly-thong-tin,D01,Điểm thi THPT,2024,25.83,Quản lý thông tin
126649,QHX,quan-ly-thong-tin,D78,Điểm thi THPT,2024,26.36,Quản lý thông tin
126650,QHX,quan-ly-thong-tin,C00,Điểm thi THPT,2025,26.99,Quản lý thông tin
126651,QHX,quan-ly-thong-tin,C03,Điểm thi THPT,2025,24.99,Quản lý thông tin
126652,QHX,quan-ly-thong-tin,C04,Điểm thi THPT,2025,24.99,Quản lý thông tin
126653,QHX,quan-ly-thong-tin,D01,Điểm thi THPT,2025,24.49,Quản lý thông tin
126654,QHX,quan-ly-thong-tin,D14,Điểm thi THPT,2025,24.99,Quản lý thông tin
126655,QHX,quan-ly-thong-tin,D15,Điểm thi THPT,2025,24.99,Quản lý thông tin
126656,QHX,quan-ly-thong-tin,D66,Điểm thi THPT,2025,24.99,Quản lý thông tin
126657,QHX,quan-tri-dich-vu-du-lich-va-lu-hanh,A01,Điểm thi THPT,2021,26.0,Quản trị dịch vụ du lịch và lữ hành
126658,QHX,quan-tri-dich-vu-du-lich-va-lu-hanh,D01,Điểm thi THPT,2021,26.5,Quản trị dịch vụ du lịch và lữ hành
126659,QHX,quan-tri-dich-vu-du-lich-va-lu-hanh,D78,Điểm thi THPT,2021,27.0,Quản trị dịch vụ du lịch và lữ hành
126660,QHX,quan-tri-dich-vu-du-lich-va-lu-hanh,A01,Điểm thi THPT,2022,25.25,Quản trị dịch vụ du lịch và lữ hành
126661,QHX,quan-tri-dich-vu-du-lich-va-lu-hanh,D01,Điểm thi THPT,2022,25.8,Quản trị dịch vụ du lịch và lữ hành
126662,QHX,quan-tri-dich-vu-du-lich-va-lu-hanh,D78,Điểm thi THPT,2022,26.1,Quản trị dịch vụ du lịch và lữ hành
126663,QHX,quan-tri-dich-vu-du-lich-va-lu-hanh,A01,Điểm thi THPT,2023,25.5,Quản trị dịch vụ du lịch và lữ hành
126664,QHX,quan-tri-dich-vu-du-lich-va-lu-hanh,D01,Điểm thi THPT,2023,26.0,Quản trị dịch vụ du lịch và lữ hành
126665,QHX,quan-tri-dich-vu-du-lich-va-lu-hanh,D78,Điểm thi THPT,2023,26.4,Quản trị dịch vụ du lịch và lữ hành
126666,QHX,quan-tri-dich-vu-du-lich-va-lu-hanh,A01,Điểm thi THPT,2024,25.61,Quản trị dịch vụ du lịch và lữ hành
126667,QHX,quan-tri-dich-vu-du-lich-va-lu-hanh,C00,Điểm thi THPT,2024,28.58,Quản trị dịch vụ du lịch và lữ hành
126668,QHX,quan-tri-dich-vu-du-lich-va-lu-hanh,D01,Điểm thi THPT,2024,25.99,Quản trị dịch vụ du lịch và lữ hành
126669,QHX,quan-tri-dich-vu-du-lich-va-lu-hanh,D78,Điểm thi THPT,2024,26.74,Quản trị dịch vụ du lịch và lữ hành
126670,QHX,quan-tri-dich-vu-du-lich-va-lu-hanh,C00,Điểm thi THPT,2025,27.87,Quản trị dịch vụ du lịch và lữ hành
126671,QHX,quan-tri-dich-vu-du-lich-va-lu-hanh,C03,Điểm thi THPT,2025,25.37,Quản trị dịch vụ du lịch và lữ hành
126672,QHX,quan-tri-dich-vu-du-lich-va-lu-hanh,C04,Điểm thi THPT,2025,25.37,Quản trị dịch vụ du lịch và lữ hành
126673,QHX,quan-tri-dich-vu-du-lich-va-lu-hanh,D01,Điểm thi THPT,2025,24.37,Quản trị dịch vụ du lịch và lữ hành
126674,QHX,quan-tri-dich-vu-du-lich-va-lu-hanh,D14,Điểm thi THPT,2025,24.87,Quản trị dịch vụ du lịch và lữ hành
126675,QHX,quan-tri-dich-vu-du-lich-va-lu-hanh,D15,Điểm thi THPT,2025,24.87,Quản trị dịch vụ du lịch và lữ hành
126676,QHX,quan-tri-dich-vu-du-lich-va-lu-hanh,D66,Điểm thi THPT,2025,24.87,Quản trị dịch vụ du lịch và lữ hành
126677,QHX,quan-tri-khach-san,A01,Điểm thi THPT,2021,26.0,Quản trị khách sạn
126678,QHX,quan-tri-khach-san,D01,Điểm thi THPT,2021,26.1,Quan trị khách sạn
126679,QHX,quan-tri-khach-san,D78,Điểm thi THPT,2021,26.6,Quản trị khách sạn
126680,QHX,quan-tri-khach-san,A01,Điểm thi THPT,2022,24.75,Quản trị khách sạn
126681,QHX,quan-tri-khach-san,D01,Điểm thi THPT,2022,25.15,Quản trị khách sạn
126682,QHX,quan-tri-khach-san,D78,Điểm thi THPT,2022,25.25,Quản trị khách sạn
126683,QHX,quan-tri-khach-san,A01,Điểm thi THPT,2023,25.0,Quản trị khách sạn
126684,QHX,quan-tri-khach-san,D01,Điểm thi THPT,2023,25.5,Quản trị khách sạn
126685,QHX,quan-tri-khach-san,D78,Điểm thi THPT,2023,25.5,Quản trị khách sạn
126686,QHX,quan-tri-khach-san,A01,Điểm thi THPT,2024,25.46,Quản trị khách sạn
126687,QHX,quan-tri-khach-san,C00,Điểm thi THPT,2024,28.26,Quản trị khách sạn
126688,QHX,quan-tri-khach-san,D01,Điểm thi THPT,2024,25.71,Quản trị khách sạn
126689,QHX,quan-tri-khach-san,D78,Điểm thi THPT,2024,26.38,Quản trị khách sạn
126690,QHX,quan-tri-khach-san,C00,Điểm thi THPT,2025,27.49,Quản trị khách sạn
126691,QHX,quan-tri-khach-san,C03,Điểm thi THPT,2025,24.99,Quản trị khách sạn
126692,QHX,quan-tri-khach-san,C04,Điểm thi THPT,2025,24.99,Quản trị khách sạn
126693,QHX,quan-tri-khach-san,D01,Điểm thi THPT,2025,23.99,Quản trị khách sạn
126694,QHX,quan-tri-khach-san,D14,Điểm thi THPT,2025,24.49,Quản trị khách sạn
126695,QHX,quan-tri-khach-san,D15,Điểm thi THPT,2025,24.49,Quản trị khách sạn
126696,QHX,quan-tri-khach-san,D66,Điểm thi THPT,2025,24.49,Quản trị khách sạn
126697,QHX,quan-tri-van-phong,A01,Điểm thi THPT,2021,25.6,Quản trị văn phòng
126698,QHX,quan-tri-van-phong,C00,Điểm thi THPT,2021,28.8,Quản trị văn phòng
126699,QHX,quan-tri-van-phong,D01,Điểm thi THPT,2021,26.0,Quản trị văn phòng
126700,QHX,quan-tri-van-phong,D04,Điểm thi THPT,2021,26.0,Quản trị văn phòng
126701,QHX,quan-tri-van-phong,D06,Điểm thi THPT,2021,26.0,Quản trị văn phòng
126702,QHX,quan-tri-van-phong,D78,Điểm thi THPT,2021,26.5,Quản trị văn phòng
126703,QHX,quan-tri-van-phong,D83,Điểm thi THPT,2021,23.8,Quản trị văn phòng
126704,QHX,quan-tri-van-phong,A01,Điểm thi THPT,2022,24.75,Quản trị văn phòng
126705,QHX,quan-tri-van-phong,C00,Điểm thi THPT,2022,29.0,Quản trị văn phòng
126706,QHX,quan-tri-van-phong,D01,Điểm thi THPT,2022,25.25,Quản trị văn phòng
126707,QHX,quan-tri-van-phong,D04,Điểm thi THPT,2022,25.0,Quản trị văn phòng
126708,QHX,quan-tri-van-phong,D78,Điểm thi THPT,2022,25.5,Quản trị văn phòng
126709,QHX,quan-tri-van-phong,D83,Điểm thi THPT,2022,25.0,Quản trị văn phòng
126710,QHX,quan-tri-van-phong,A01,Điểm thi THPT,2023,25.0,Quản trị văn phòng
126711,QHX,quan-tri-van-phong,C00,Điểm thi THPT,2023,27.0,Quản trị văn phòng
126712,QHX,quan-tri-van-phong,D01,Điểm thi THPT,2023,25.25,Quản trị văn phòng
126713,QHX,quan-tri-van-phong,D04,Điểm thi THPT,2023,25.5,Quản trị văn phòng
126714,QHX,quan-tri-van-phong,D78,Điểm thi THPT,2023,25.75,Quản trị văn phòng
126715,QHX,quan-tri-van-phong,A01,Điểm thi THPT,2024,25.5,Quản trị văn phòng
126716,QHX,quan-tri-van-phong,C00,Điểm thi THPT,2024,28.6,Quản trị văn phòng
126717,QHX,quan-tri-van-phong,D01,Điểm thi THPT,2024,25.73,Quản trị văn phòng
126718,QHX,quan-tri-van-phong,D04,Điểm thi THPT,2024,25.57,Quản trị văn phòng
126719,QHX,quan-tri-van-phong,D78,Điểm thi THPT,2024,26.52,Quản trị văn phòng
126720,QHX,quan-tri-van-phong,C00,Điểm thi THPT,2025,27.43,Quản trị văn phòng
126721,QHX,quan-tri-van-phong,C03,Điểm thi THPT,2025,25.43,Quản trị văn phòng
126722,QHX,quan-tri-van-phong,C04,Điểm thi THPT,2025,25.43,Quản trị văn phòng
126723,QHX,quan-tri-van-phong,D01,Điểm thi THPT,2025,24.93,Quản trị văn phòng
126724,QHX,quan-tri-van-phong,D14,Điểm thi THPT,2025,25.43,Quản trị văn phòng
126725,QHX,quan-tri-van-phong,D15,Điểm thi THPT,2025,25.43,Quản trị văn phòng
126726,QHX,quan-tri-van-phong,D66,Điểm thi THPT,2025,25.43,Quản trị văn phòng
126727,QHX,quoc-te-hoc,A01,Điểm thi THPT,2021,25.7,Quốc tế học
126728,QHX,quoc-te-hoc,C00,Điểm thi THPT,2021,28.8,Quốc tế học
126729,QHX,quoc-te-hoc,D01,Điểm thi THPT,2021,26.2,Quốc tế học
126730,QHX,quoc-te-hoc,D04,Điểm thi THPT,2021,25.5,Quốc tế học
126731,QHX,quoc-te-hoc,D06,Điểm thi THPT,2021,25.5,Quốc tế học
126732,QHX,quoc-te-hoc,D78,Điểm thi THPT,2021,26.9,Quốc tế học
126733,QHX,quoc-te-hoc,D83,Điểm thi THPT,2021,21.7,Quốc tế học
126734,QHX,quoc-te-hoc,A01,Điểm thi THPT,2022,25.25,Quốc tế học
126735,QHX,quoc-te-hoc,C00,Điểm thi THPT,2022,29.0,Quốc tế học
126736,QHX,quoc-te-hoc,D01,Điểm thi THPT,2022,25.75,Quốc tế học
126737,QHX,quoc-te-hoc,D04,Điểm thi THPT,2022,25.0,Quốc tế học
126738,QHX,quoc-te-hoc,D78,Điểm thi THPT,2022,25.75,Quốc tế học
126739,QHX,quoc-te-hoc,D83,Điểm thi THPT,2022,25.25,Quốc tế học
126740,QHX,quoc-te-hoc,A01,Điểm thi THPT,2023,24.0,Quốc tế học
126741,QHX,quoc-te-hoc,C00,Điểm thi THPT,2023,27.7,Quốc tế học
126742,QHX,quoc-te-hoc,D01,Điểm thi THPT,2023,25.4,Quốc tế học
126743,QHX,quoc-te-hoc,D04,Điểm thi THPT,2023,25.25,Quốc tế học
126744,QHX,quoc-te-hoc,D78,Điểm thi THPT,2023,25.75,Quốc tế học
126745,QHX,quoc-te-hoc,A01,Điểm thi THPT,2024,24.68,Quốc tế học
126746,QHX,quoc-te-hoc,C00,Điểm thi THPT,2024,28.55,Quốc tế học
126747,QHX,quoc-te-hoc,D01,Điểm thi THPT,2024,25.33,Quốc tế học
126748,QHX,quoc-te-hoc,D78,Điểm thi THPT,2024,26.18,Quốc tế học
126749,QHX,quoc-te-hoc,C00,Điểm thi THPT,2025,26.5,Quốc tế học
126750,QHX,quoc-te-hoc,C03,Điểm thi THPT,2025,24.0,Quốc tế học
126751,QHX,quoc-te-hoc,C04,Điểm thi THPT,2025,24.0,Quốc tế học
126752,QHX,quoc-te-hoc,D01,Điểm thi THPT,2025,23.0,Quốc tế học
126753,QHX,quoc-te-hoc,D14,Điểm thi THPT,2025,23.5,Quốc tế học
126754,QHX,quoc-te-hoc,D15,Điểm thi THPT,2025,25.3,Quốc tế học
126755,QHX,quoc-te-hoc,D66,Điểm thi THPT,2025,23.5,Quốc tế học
126756,QHX,tam-ly-hoc,A01,Điểm thi THPT,2021,26.5,Tâm lý học
126757,QHX,tam-ly-hoc,C00,Điểm thi THPT,2021,28.0,Tâm lý học
126758,QHX,tam-ly-hoc,D01,Điểm thi THPT,2021,27.0,Tâm lý học
126759,QHX,tam-ly-hoc,D04,Điểm thi THPT,2021,25.7,Tâm lý học
126760,QHX,tam-ly-hoc,D06,Điểm thi THPT,2021,25.7,Tâm lý học
126761,QHX,tam-ly-hoc,D78,Điểm thi THPT,2021,27.0,Tâm lý học
126762,QHX,tam-ly-hoc,D83,Điểm thi THPT,2021,24.7,Tâm lý học
126763,QHX,tam-ly-hoc,A01,Điểm thi THPT,2022,26.5,Tâm lý học
126764,QHX,tam-ly-hoc,C00,Điểm thi THPT,2022,29.0,Tâm lý học
126765,QHX,tam-ly-hoc,D01,Điểm thi THPT,2022,26.25,Tâm lý học
126766,QHX,tam-ly-hoc,D04,Điểm thi THPT,2022,24.25,Tâm lý học
126767,QHX,tam-ly-hoc,D78,Điểm thi THPT,2022,26.5,Tâm lý học
126768,QHX,tam-ly-hoc,D83,Điểm thi THPT,2022,24.2,Tâm lý học
126769,QHX,tam-ly-hoc,A01,Điểm thi THPT,2023,27.0,Tâm lý học
126770,QHX,tam-ly-hoc,C00,Điểm thi THPT,2023,28.0,Tâm lý học
126771,QHX,tam-ly-hoc,D01,Điểm thi THPT,2023,27.0,Tâm lý học
126772,QHX,tam-ly-hoc,D04,Điểm thi THPT,2023,25.5,Tâm lý học
126773,QHX,tam-ly-hoc,D78,Điểm thi THPT,2023,27.25,Tâm lý học
126774,QHX,tam-ly-hoc,A01,Điểm thi THPT,2024,26.47,Tâm lý học
126775,QHX,tam-ly-hoc,C00,Điểm thi THPT,2024,28.6,Tâm lý học
126776,QHX,tam-ly-hoc,D01,Điểm thi THPT,2024,26.18,Tâm lý học
126777,QHX,tam-ly-hoc,D78,Điểm thi THPT,2024,26.71,Tâm lý học
126778,QHX,tam-ly-hoc,C00,Điểm thi THPT,2025,29.0,Tâm lý học
126779,QHX,tam-ly-hoc,C03,Điểm thi THPT,2025,26.5,Tâm lý học
126780,QHX,tam-ly-hoc,C04,Điểm thi THPT,2025,26.5,Tâm lý học
126781,QHX,tam-ly-hoc,D01,Điểm thi THPT,2025,25.5,Tâm lý học
126782,QHX,tam-ly-hoc,D14,Điểm thi THPT,2025,26.0,Tâm lý học
126783,QHX,tam-ly-hoc,D15,Điểm thi THPT,2025,26.0,Tâm lý học
126784,QHX,tam-ly-hoc,D66,Điểm thi THPT,2025,26.0,Tâm lý học
126785,QHX,thong-tin-thu-vien,A01,Điểm thi THPT,2021,23.6,Thông tin - Thư viện
126786,QHX,thong-tin-thu-vien,C00,Điểm thi THPT,2021,25.2,Thông tin - Thư viện
126787,QHX,thong-tin-thu-vien,D01,Điểm thi THPT,2021,24.1,Thông tin - Thư viện
126788,QHX,thong-tin-thu-vien,D04,Điểm thi THPT,2021,23.5,Thông tin - Thư viện
126789,QHX,thong-tin-thu-vien,D06,Điểm thi THPT,2021,23.5,Thông tin - Thư viện
126790,QHX,thong-tin-thu-vien,D78,Điểm thi THPT,2021,24.5,Thông tin - Thư viện
126791,QHX,thong-tin-thu-vien,D83,Điểm thi THPT,2021,22.4,Thông tin - Thư viễn
126792,QHX,thong-tin-thu-vien,A01,Điểm thi THPT,2022,23.5,Thông tin - Thư viện
126793,QHX,thong-tin-thu-vien,C00,Điểm thi THPT,2022,26.5,Thông tin - Thư viện
126794,QHX,thong-tin-thu-vien,D01,Điểm thi THPT,2022,23.5,Thông tin - Thư viện
126795,QHX,thong-tin-thu-vien,D78,Điểm thi THPT,2022,23.75,Thông tin - Thư viện
126796,QHX,thong-tin-thu-vien,A01,Điểm thi THPT,2023,23.0,Thông tin - Thư viện
126797,QHX,thong-tin-thu-vien,C00,Điểm thi THPT,2023,25.0,Thông tin - Thư viện
126798,QHX,thong-tin-thu-vien,D01,Điểm thi THPT,2023,23.8,Thông tin - Thư viện
126799,QHX,thong-tin-thu-vien,D78,Điểm thi THPT,2023,24.25,Thông tin - Thư viện
126800,QHX,thong-tin-thu-vien,C00,Điểm thi THPT,2024,27.38,Thông tin - thư viện
126801,QHX,thong-tin-thu-vien,D01,Điểm thi THPT,2024,24.82,Thông tin - thư viện
126802,QHX,thong-tin-thu-vien,D14,Điểm thi THPT,2024,26.23,Thông tin - thư viện
126803,QHX,thong-tin-thu-vien,D78,Điểm thi THPT,2024,25.55,Thông tin - thư viện
126804,QHX,thong-tin-thu-vien,C00,Điểm thi THPT,2025,25.41,Thông tin - Thư viện
126805,QHX,thong-tin-thu-vien,C03,Điểm thi THPT,2025,24.41,Thông tin - Thư viện
126806,QHX,thong-tin-thu-vien,C04,Điểm thi THPT,2025,24.41,Thông tin - Thư viện
126807,QHX,thong-tin-thu-vien,D01,Điểm thi THPT,2025,23.91,Thông tin - Thư viện
126808,QHX,thong-tin-thu-vien,D14,Điểm thi THPT,2025,24.41,Thông tin - Thư viện
126809,QHX,thong-tin-thu-vien,D15,Điểm thi THPT,2025,24.41,Thông tin - Thư viện
126810,QHX,thong-tin-thu-vien,D66,Điểm thi THPT,2025,24.41,Thông tin - Thư viện
126811,QHX,ton-giao-hoc,A01,Điểm thi THPT,2021,18.1,Tôn giáo học
126812,QHX,ton-giao-hoc,C00,Điểm thi THPT,2021,23.7,Tôn giáo học
126813,QHX,ton-giao-hoc,D01,Điểm thi THPT,2021,23.7,Tôn giáo học
126814,QHX,ton-giao-hoc,D04,Điểm thi THPT,2021,19.0,Tôn giáo học
126815,QHX,ton-giao-hoc,D06,Điểm thi THPT,2021,19.0,Tôn giáo học
126816,QHX,ton-giao-hoc,D78,Điểm thi THPT,2021,22.6,Tôn giáo học
126817,QHX,ton-giao-hoc,D83,Điểm thi THPT,2021,20.0,Tôn giáo học
126818,QHX,ton-giao-hoc,A01,Điểm thi THPT,2022,22.0,Tôn giáo học
126819,QHX,ton-giao-hoc,C00,Điểm thi THPT,2022,25.5,Tôn giáo học
126820,QHX,ton-giao-hoc,D01,Điểm thi THPT,2022,22.5,Tôn giáo học
126821,QHX,ton-giao-hoc,D04,Điểm thi THPT,2022,20.25,Tôn giáo học
126822,QHX,ton-giao-hoc,D78,Điểm thi THPT,2022,22.9,Tôn giáo học
126823,QHX,ton-giao-hoc,D83,Điểm thi THPT,2022,20.0,Tôn giáo học
126824,QHX,ton-giao-hoc,A01,Điểm thi THPT,2023,22.0,Tôn giáo học
126825,QHX,ton-giao-hoc,C00,Điểm thi THPT,2023,25.0,Tôn giáo học
126826,QHX,ton-giao-hoc,D01,Điểm thi THPT,2023,23.5,Tôn giáo học
126827,QHX,ton-giao-hoc,D04,Điểm thi THPT,2023,22.6,Tôn giáo học
126828,QHX,ton-giao-hoc,D78,Điểm thi THPT,2023,23.5,Tôn giáo học
126829,QHX,ton-giao-hoc,A01,Điểm thi THPT,2024,22.95,Tôn giáo học
126830,QHX,ton-giao-hoc,C00,Điểm thi THPT,2024,26.73,Tôn giáo học
126831,QHX,ton-giao-hoc,D01,Điểm thi THPT,2024,24.49,Tôn giáo học
126832,QHX,ton-giao-hoc,D04,Điểm thi THPT,2024,24.75,Tôn giáo học
126833,QHX,ton-giao-hoc,D78,Điểm thi THPT,2024,24.78,Tôn giáo học
126834,QHX,ton-giao-hoc,C00,Điểm thi THPT,2025,25.0,Tôn giáo học
126835,QHX,ton-giao-hoc,C03,Điểm thi THPT,2025,24.0,Tôn giáo học
126836,QHX,ton-giao-hoc,C04,Điểm thi THPT,2025,24.0,Tôn giáo học
126837,QHX,ton-giao-hoc,D01,Điểm thi THPT,2025,23.5,Tôn giáo học
126838,QHX,ton-giao-hoc,D14,Điểm thi THPT,2025,24.0,Tôn giáo học
126839,QHX,ton-giao-hoc,D15,Điểm thi THPT,2025,24.0,Tôn giáo học
126840,QHX,ton-giao-hoc,D66,Điểm thi THPT,2025,24.0,Tôn giáo học
126841,QHX,triet-hoc,A01,Điểm thi THPT,2021,23.2,Triết học
126842,QHX,triet-hoc,C00,Điểm thi THPT,2021,24.9,Triết học
126843,QHX,triet-hoc,D01,Điểm thi THPT,2021,24.2,Triết học
126844,QHX,triet-hoc,D04,Điểm thi THPT,2021,21.5,Triết học
126845,QHX,triet-hoc,D06,Điểm thi THPT,2021,21.5,Triết học
126846,QHX,triet-hoc,D78,Điểm thi THPT,2021,23.6,Triết học
126847,QHX,triet-hoc,D83,Điểm thi THPT,2021,20.0,Triết học
126848,QHX,triet-hoc,A01,Điểm thi THPT,2022,22.0,Triết học
126849,QHX,triet-hoc,C00,Điểm thi THPT,2022,26.25,Triết học
126850,QHX,triet-hoc,D01,Điểm thi THPT,2022,23.25,Triết học
126851,QHX,triet-hoc,D04,Điểm thi THPT,2022,21.0,Triết học
126852,QHX,triet-hoc,D78,Điểm thi THPT,2022,23.25,Triết học
126853,QHX,triet-hoc,D83,Điểm thi THPT,2022,21.0,Triết học
126854,QHX,triet-hoc,A01,Điểm thi THPT,2023,22.5,Triết học
126855,QHX,triet-hoc,C00,Điểm thi THPT,2023,25.3,Triết học
126856,QHX,triet-hoc,D01,Điểm thi THPT,2023,24.0,Triết học
126857,QHX,triet-hoc,D04,Điểm thi THPT,2023,23.4,Triết học
126858,QHX,triet-hoc,D78,Điểm thi THPT,2023,24.5,Triết học
126859,QHX,triet-hoc,C00,Điểm thi THPT,2024,27.58,Triết học
126860,QHX,triet-hoc,D01,Điểm thi THPT,2024,25.02,Triết học
126861,QHX,triet-hoc,D04,Điểm thi THPT,2024,24.3,Triết học
126862,QHX,triet-hoc,D78,Điểm thi THPT,2024,25.54,Triết học
126863,QHX,triet-hoc,C00,Điểm thi THPT,2025,25.89,Triết học
126864,QHX,triet-hoc,C03,Điểm thi THPT,2025,24.89,Triết học
126865,QHX,triet-hoc,C04,Điểm thi THPT,2025,24.89,Triết học
126866,QHX,triet-hoc,D01,Điểm thi THPT,2025,24.39,Triết học
126867,QHX,triet-hoc,D14,Điểm thi THPT,2025,24.89,Triết học
126868,QHX,triet-hoc,D15,Điểm thi THPT,2025,24.89,Triết học
126869,QHX,triet-hoc,D66,Điểm thi THPT,2025,24.89,Triết học
126870,QHX,van-hoa-hoc,C00,Điểm thi THPT,2021,26.5,văn hóa học
126871,QHX,van-hoa-hoc,D01,Điểm thi THPT,2021,25.3,Văn hóa học
126872,QHX,van-hoa-hoc,D04,Điểm thi THPT,2021,22.9,Văn hóa học
126873,QHX,van-hoa-hoc,D06,Điểm thi THPT,2021,22.9,Văn hóa học
126874,QHX,van-hoa-hoc,D78,Điểm thi THPT,2021,25.1,Văn hóa học
126875,QHX,van-hoa-hoc,D83,Điểm thi THPT,2021,24.5,Văn hóa học
126876,QHX,van-hoa-hoc,C00,Điểm thi THPT,2022,27.0,Văn hóa học
126877,QHX,van-hoa-hoc,D01,Điểm thi THPT,2022,24.4,Văn hóa học
126878,QHX,van-hoa-hoc,D04,Điểm thi THPT,2022,22.0,Văn hóa học
126879,QHX,van-hoa-hoc,D78,Điểm thi THPT,2022,24.5,Văn hóa học
126880,QHX,van-hoa-hoc,D83,Điểm thi THPT,2022,22.0,Văn hóa học
126881,QHX,van-hoa-hoc,C00,Điểm thi THPT,2023,26.3,Văn hóa học
126882,QHX,van-hoa-hoc,D01,Điểm thi THPT,2023,24.6,Văn hóa học
126883,QHX,van-hoa-hoc,D04,Điểm thi THPT,2023,23.5,Văn hóa học
126884,QHX,van-hoa-hoc,D78,Điểm thi THPT,2023,24.6,Văn hóa học
126885,QHX,van-hoa-hoc,C00,Điểm thi THPT,2024,27.9,Văn hoá học
126886,QHX,van-hoa-hoc,D01,Điểm thi THPT,2024,25.26,Văn hoá học
126887,QHX,van-hoa-hoc,D04,Điểm thi THPT,2024,25.31,Văn hoá học
126888,QHX,van-hoa-hoc,D14,Điểm thi THPT,2024,26.05,Văn hoá học
126889,QHX,van-hoa-hoc,D78,Điểm thi THPT,2024,26.13,Văn hoá học
126890,QHX,van-hoa-hoc,C00,Điểm thi THPT,2025,27.22,Văn hóa học
126891,QHX,van-hoa-hoc,C03,Điểm thi THPT,2025,25.22,Văn hóa học
126892,QHX,van-hoa-hoc,C04,Điểm thi THPT,2025,25.22,Văn hóa học
126893,QHX,van-hoa-hoc,D01,Điểm thi THPT,2025,24.72,Văn hóa học
126894,QHX,van-hoa-hoc,D14,Điểm thi THPT,2025,25.22,Văn hóa học
126895,QHX,van-hoa-hoc,D15,Điểm thi THPT,2025,25.22,Văn hóa học
126896,QHX,van-hoa-hoc,D66,Điểm thi THPT,2025,25.22,Văn hóa học
126897,QHX,van-hoc,C00,Điểm thi THPT,2021,26.8,Văn học
126898,QHX,van-hoc,D01,Điểm thi THPT,2021,25.3,Văn học
126899,QHX,van-hoc,D04,Điểm thi THPT,2021,24.5,Văn học
126900,QHX,van-hoc,D06,Điểm thi THPT,2021,24.5,Văn học
126901,QHX,van-hoc,D78,Điểm thi THPT,2021,25.5,Văn học
126902,QHX,van-hoc,D83,Điểm thi THPT,2021,18.2,Văn học
126903,QHX,van-hoc,C00,Điểm thi THPT,2022,27.75,Văn học
126904,QHX,van-hoc,D01,Điểm thi THPT,2022,24.75,Văn học
126905,QHX,van-hoc,D04,Điểm thi THPT,2022,21.25,Văn học
126906,QHX,van-hoc,D78,Điểm thi THPT,2022,24.5,Văn học
126907,QHX,van-hoc,D83,Điểm thi THPT,2022,22.0,Văn học
126908,QHX,van-hoc,C00,Điểm thi THPT,2023,26.8,Văn học
126909,QHX,van-hoc,D01,Điểm thi THPT,2023,25.75,Văn học
126910,QHX,van-hoc,D04,Điểm thi THPT,2023,24.5,Văn học
126911,QHX,van-hoc,D78,Điểm thi THPT,2023,25.75,Văn học
126912,QHX,van-hoc,C00,Điểm thi THPT,2024,28.31,Văn học
126913,QHX,van-hoc,D01,Điểm thi THPT,2024,25.99,Văn học
126914,QHX,van-hoc,D04,Điểm thi THPT,2024,25.3,Văn học
126915,QHX,van-hoc,D78,Điểm thi THPT,2024,26.82,Văn học
126916,QHX,van-hoc,C00,Điểm thi THPT,2025,27.5,Văn học
126917,QHX,van-hoc,C03,Điểm thi THPT,2025,25.5,Văn học
126918,QHX,van-hoc,C04,Điểm thi THPT,2025,25.5,Văn học
126919,QHX,van-hoc,D01,Điểm thi THPT,2025,25.0,Văn học
126920,QHX,van-hoc,D14,Điểm thi THPT,2025,25.5,Văn học
126921,QHX,van-hoc,D15,Điểm thi THPT,2025,25.5,Văn học
126922,QHX,van-hoc,D66,Điểm thi THPT,2025,25.5,Văn học
126923,QHX,viet-nam-hoc,C00,Điểm thi THPT,2021,26.3,Việt Nam học
126924,QHX,viet-nam-hoc,D01,Điểm thi THPT,2021,24.4,Việt Nam học
126925,QHX,viet-nam-hoc,D04,Điểm thi THPT,2021,22.8,Việt Nam học
126926,QHX,viet-nam-hoc,D06,Điểm thi THPT,2021,22.8,Việt Nam học
126927,QHX,viet-nam-hoc,D78,Điểm thi THPT,2021,25.6,Việt Nam học
126928,QHX,viet-nam-hoc,D83,Điểm thi THPT,2021,22.4,Việt Nam học
126929,QHX,viet-nam-hoc,C00,Điểm thi THPT,2022,27.5,Việt Nam học
126930,QHX,viet-nam-hoc,D01,Điểm thi THPT,2022,24.0,Việt Nam học
126931,QHX,viet-nam-hoc,D04,Điểm thi THPT,2022,21.5,Việt Nam học
126932,QHX,viet-nam-hoc,D78,Điểm thi THPT,2022,23.5,Việt Nam học
126933,QHX,viet-nam-hoc,D83,Điểm thi THPT,2022,20.25,Việt Nam học
126934,QHX,viet-nam-hoc,C00,Điểm thi THPT,2023,26.0,Việt Nam học
126935,QHX,viet-nam-hoc,D01,Điểm thi THPT,2023,24.5,Việt Nam học
126936,QHX,viet-nam-hoc,D04,Điểm thi THPT,2023,23.0,Việt Nam học
126937,QHX,viet-nam-hoc,D78,Điểm thi THPT,2023,24.75,Việt Nam học
126938,QHX,viet-nam-hoc,C00,Điểm thi THPT,2024,27.75,Việt Nam học
126939,QHX,viet-nam-hoc,D01,Điểm thi THPT,2024,24.97,Việt Nam học
126940,QHX,viet-nam-hoc,D04,Điểm thi THPT,2024,25.29,Việt Nam học
126941,QHX,viet-nam-hoc,D78,Điểm thi THPT,2024,25.68,Việt Nam học
126942,QHX,viet-nam-hoc,C00,Điểm thi THPT,2025,26.62,Việt Nam học
126943,QHX,viet-nam-hoc,C03,Điểm thi THPT,2025,24.62,Việt Nam học
126944,QHX,viet-nam-hoc,C04,Điểm thi THPT,2025,24.62,Việt Nam học
126945,QHX,viet-nam-hoc,D01,Điểm thi THPT,2025,24.12,Việt Nam học
126946,QHX,viet-nam-hoc,D14,Điểm thi THPT,2025,24.62,Việt Nam học
126947,QHX,viet-nam-hoc,D15,Điểm thi THPT,2025,24.62,Việt Nam học
126948,QHX,viet-nam-hoc,D66,Điểm thi THPT,2025,24.62,Việt Nam học
126949,QHX,xa-hoi-hoc,A01,Điểm thi THPT,2021,24.7,Xã hội học
126950,QHX,xa-hoi-hoc,C00,Điểm thi THPT,2021,27.1,Xã hội học
126951,QHX,xa-hoi-hoc,D01,Điểm thi THPT,2021,25.5,Xã hội học
126952,QHX,xa-hoi-hoc,D04,Điểm thi THPT,2021,23.9,Xã hội học
126953,QHX,xa-hoi-hoc,D06,Điểm thi THPT,2021,23.9,Xã hội học
126954,QHX,xa-hoi-hoc,D78,Điểm thi THPT,2021,25.5,xã hội học
126955,QHX,xa-hoi-hoc,D83,Điểm thi THPT,2021,23.1,Xã hội học
126956,QHX,xa-hoi-hoc,A01,Điểm thi THPT,2022,23.5,Xã hội học
126957,QHX,xa-hoi-hoc,C00,Điểm thi THPT,2022,27.75,Xã hội học
126958,QHX,xa-hoi-hoc,D01,Điểm thi THPT,2022,24.5,Xã hội học
126959,QHX,xa-hoi-hoc,D04,Điểm thi THPT,2022,23.0,Xã hội học
126960,QHX,xa-hoi-hoc,D78,Điểm thi THPT,2022,25.25,Xã hội học
126961,QHX,xa-hoi-hoc,D83,Điểm thi THPT,2022,22.0,Xã hội học
126962,QHX,xa-hoi-hoc,A01,Điểm thi THPT,2023,24.0,Xã hội học
126963,QHX,xa-hoi-hoc,C00,Điểm thi THPT,2023,26.5,Xã hội học
126964,QHX,xa-hoi-hoc,D01,Điểm thi THPT,2023,25.2,Xã hội học
126965,QHX,xa-hoi-hoc,D04,Điểm thi THPT,2023,24.0,Xã hội học
126966,QHX,xa-hoi-hoc,D78,Điểm thi THPT,2023,25.7,Xã hội học
126967,QHX,xa-hoi-hoc,A01,Điểm thi THPT,2024,25.2,Xã hội học
126968,QHX,xa-hoi-hoc,C00,Điểm thi THPT,2024,28.25,Xã hội học
126969,QHX,xa-hoi-hoc,D01,Điểm thi THPT,2024,25.65,Xã hội học
126970,QHX,xa-hoi-hoc,D78,Điểm thi THPT,2024,26.34,Xã hội học
126971,QHX,xa-hoi-hoc,C00,Điểm thi THPT,2025,27.0,Xã hội học
126972,QHX,xa-hoi-hoc,C03,Điểm thi THPT,2025,25.0,Xã hội học
126973,QHX,xa-hoi-hoc,C04,Điểm thi THPT,2025,25.0,Xã hội học
126974,QHX,xa-hoi-hoc,D01,Điểm thi THPT,2025,24.5,Xã hội học
126975,QHX,xa-hoi-hoc,D14,Điểm thi THPT,2025,25.0,Xã hội học
126976,QHX,xa-hoi-hoc,D15,Điểm thi THPT,2025,25.0,Xã hội học
126977,QHX,xa-hoi-hoc,D66,Điểm thi THPT,2025,25.0,Xã hội học
126978,QHY,dieu-duong,B00,Điểm thi THPT,2021,25.35,Điều dưỡng
126979,QHY,dieu-duong,B00,Điểm thi THPT,2022,24.25,Điều dưỡng
126980,QHY,dieu-duong,B00,Điểm thi THPT,2023,23.85,Điều dưỡng
126981,QHY,dieu-duong,B00,Điểm thi THPT,2024,24.49,Điều dưỡng
126982,QHY,dieu-duong,B00,Điểm thi THPT,2025,19.0,Điều dưỡng
126983,QHY,dieu-duong,D08,Điểm thi THPT,2025,17.75,Điều dưỡng
126984,QHY,duoc-hoc,A00,Điểm thi THPT,2021,26.05,Dược học
126985,QHY,duoc-hoc,A00,Điểm thi THPT,2022,25.7,Dược học
126986,QHY,duoc-hoc,A00,Điểm thi THPT,2023,24.35,Duợc học
126987,QHY,duoc-hoc,A00,Điểm thi THPT,2024,25.1,Dược học
126988,QHY,duoc-hoc,A00,Điểm thi THPT,2025,23.09,Dược học
126989,QHY,duoc-hoc,D07,Điểm thi THPT,2025,21.59,Dược học
126990,QHY,ki-thuat-hinh-anh-y-hoc,B00,Điểm thi THPT,2022,24.55,Kĩ thuật hình ảnh y học
126991,QHY,ki-thuat-hinh-anh-y-hoc,B00,Điểm thi THPT,2024,24.49,Kĩ thuật Hình ảnh y học
126992,QHY,ki-thuat-hinh-anh-y-hoc,B00,Điểm thi THPT,2025,20.35,Kĩ thuật hình ảnh y học
126993,QHY,ki-thuat-hinh-anh-y-hoc,D08,Điểm thi THPT,2025,19.1,Kĩ thuật hình ảnh y học
126994,QHY,ki-thuat-xet-nghiem-y-hoc,B00,Điểm thi THPT,2022,25.15,Kĩ thuật xét nghiệm y học
126995,QHY,ki-thuat-xet-nghiem-y-hoc,B00,Điểm thi THPT,2024,24.83,Kĩ thuật Xét nghiệm y học
126996,QHY,ki-thuat-xet-nghiem-y-hoc,B00,Điểm thi THPT,2025,21.75,Kĩ thuật xét nghiệm y học
126997,QHY,ki-thuat-xet-nghiem-y-hoc,D08,Điểm thi THPT,2025,20.5,Kĩ thuật xét nghiệm y học
126998,QHY,kt-hinh-anh-y-hoc,B00,Điểm thi THPT,2023,23.55,KT Hình ảnh y học
126999,QHY,kt-xet-nghiem-y-hoc,B00,Điểm thi THPT,2023,23.95,KT Xét nghiệm y học
127000,QHY,ky-thuat-hinh-anh-y-hoc,B00,Điểm thi THPT,2021,25.4,Kỹ thuật hình ảnh Y học
127001,QHY,ky-thuat-xet-nghiem-y-hoc,B00,Điểm thi THPT,2021,25.85,Kỹ thuật xét nghiệm Y học
127002,QHY,rang-ham-mat,B00,Điểm thi THPT,2021,27.5,Răng hàm mặt
127003,QHY,rang-ham-mat,B00,Điểm thi THPT,2022,26.4,Răng- Hàm- Mặt (CLC)
127004,QHY,rang-ham-mat,B00,Điểm thi THPT,2023,26.8,Răng Hàm Mặt
127005,QHY,rang-ham-mat,B00,Điểm thi THPT,2024,27.0,Răng Hàm Mặt
127006,QHY,rang-ham-mat,B00,Điểm thi THPT,2025,26.99,Răng hàm mặt
127007,QHY,rang-ham-mat,D08,Điểm thi THPT,2025,26.24,Răng hàm mặt
127008,QHY,y-khoa,B00,Điểm thi THPT,2021,28.15,Y khoa
127009,QHY,y-khoa,B00,Điểm thi THPT,2022,27.3,Y khoa
127010,QHY,y-khoa,B00,Điểm thi THPT,2023,26.75,Y khoa
127011,QHY,y-khoa,B00,Điểm thi THPT,2024,27.15,Y khoa
127012,QHY,y-khoa,B00,Điểm thi THPT,2025,27.43,Y khoa
127013,QHY,y-khoa,D08,Điểm thi THPT,2025,26.68,Y khoa
127014,QSA,bao-ve-thuc-vat,A00,Điểm học bạ,2021,20.0,Bảo vệ thực vật
127015,QSA,bao-ve-thuc-vat,B00,Điểm học bạ,2021,20.0,Bảo vệ thực vật
127016,QSA,bao-ve-thuc-vat,C15,Điểm học bạ,2021,20.0,Bảo vệ thực vật
127017,QSA,bao-ve-thuc-vat,D01,Điểm học bạ,2021,20.0,Bảo vệ thực vật
127018,QSA,bao-ve-thuc-vat,A00,Điểm thi THPT,2021,16.0,Bảo vệ thực vật
127019,QSA,bao-ve-thuc-vat,B00,Điểm thi THPT,2021,16.0,Bảo vệ thực vật
127020,QSA,bao-ve-thuc-vat,C15,Điểm thi THPT,2021,16.0,Bảo vệ thực vật
127021,QSA,bao-ve-thuc-vat,D01,Điểm thi THPT,2021,16.0,Bảo vệ thực vật
127022,QSA,bao-ve-thuc-vat,A00,Điểm thi THPT,2022,19.7,Bảo vệ thực vật
127023,QSA,bao-ve-thuc-vat,B00,Điểm thi THPT,2022,19.7,Bảo vệ thực vật
127024,QSA,bao-ve-thuc-vat,C15,Điểm thi THPT,2022,19.7,Bảo vệ thực vật
127025,QSA,bao-ve-thuc-vat,D01,Điểm thi THPT,2022,19.7,Bảo vệ thực vật
127026,QSA,bao-ve-thuc-vat,A00,Điểm học bạ,2023,25.6,Bảo vệ thực vật
127027,QSA,bao-ve-thuc-vat,B00,Điểm học bạ,2023,25.6,Bảo vệ thực vật
127028,QSA,bao-ve-thuc-vat,C15,Điểm học bạ,2023,25.6,Bảo vệ thực vật
127029,QSA,bao-ve-thuc-vat,D01,Điểm học bạ,2023,25.6,Bảo vệ thực vật
127030,QSA,bao-ve-thuc-vat,A00,Điểm thi THPT,2023,21.7,Bảo vệ thực vật
127031,QSA,bao-ve-thuc-vat,B00,Điểm thi THPT,2023,21.7,Bảo vệ thực vật
127032,QSA,bao-ve-thuc-vat,C15,Điểm thi THPT,2023,21.7,Bảo vệ thực vật
127033,QSA,bao-ve-thuc-vat,D01,Điểm thi THPT,2023,21.7,Bảo vệ thực vật
127034,QSA,bao-ve-thuc-vat,A00,Điểm học bạ,2024,24.7,Bảo vệ thực vật
127035,QSA,bao-ve-thuc-vat,B00,Điểm học bạ,2024,24.7,Bảo vệ thực vật
127036,QSA,bao-ve-thuc-vat,C15,Điểm học bạ,2024,24.7,Bảo vệ thực vật
127037,QSA,bao-ve-thuc-vat,D01,Điểm học bạ,2024,24.7,Bảo vệ thực vật
127038,QSA,bao-ve-thuc-vat,A00,Điểm thi THPT,2024,21.9,Bảo vệ thực vật
127039,QSA,bao-ve-thuc-vat,B00,Điểm thi THPT,2024,21.9,Bảo vệ thực vật
127040,QSA,bao-ve-thuc-vat,C15,Điểm thi THPT,2024,21.9,Bảo vệ thực vật
127041,QSA,bao-ve-thuc-vat,D01,Điểm thi THPT,2024,21.9,Bảo vệ thực vật
127042,QSA,bao-ve-thuc-vat,A00,Điểm thi THPT,2025,16.0,Bảo vệ thực vật
127043,QSA,bao-ve-thuc-vat,A01,Điểm thi THPT,2025,16.0,Bảo vệ thực vật
127044,QSA,bao-ve-thuc-vat,A02,Điểm thi THPT,2025,16.0,Bảo vệ thực vật
127045,QSA,bao-ve-thuc-vat,A03,Điểm thi THPT,2025,16.0,Bảo vệ thực vật
127046,QSA,bao-ve-thuc-vat,A04,Điểm thi THPT,2025,16.0,Bảo vệ thực vật
127047,QSA,bao-ve-thuc-vat,A05,Điểm thi THPT,2025,16.0,Bảo vệ thực vật
127048,QSA,bao-ve-thuc-vat,A06,Điểm thi THPT,2025,16.0,Bảo vệ thực vật
127049,QSA,bao-ve-thuc-vat,A07,Điểm thi THPT,2025,16.0,Bảo vệ thực vật
127050,QSA,bao-ve-thuc-vat,B00,Điểm thi THPT,2025,16.0,Bảo vệ thực vật
127051,QSA,bao-ve-thuc-vat,B02,Điểm thi THPT,2025,16.0,Bảo vệ thực vật
127052,QSA,bao-ve-thuc-vat,B03,Điểm thi THPT,2025,16.0,Bảo vệ thực vật
127053,QSA,bao-ve-thuc-vat,B08,Điểm thi THPT,2025,16.0,Bảo vệ thực vật
127054,QSA,bao-ve-thuc-vat,C01,Điểm thi THPT,2025,16.25,Bảo vệ thực vật
127055,QSA,bao-ve-thuc-vat,C02,Điểm thi THPT,2025,16.25,Bảo vệ thực vật
127056,QSA,bao-ve-thuc-vat,C03,Điểm thi THPT,2025,16.25,Bảo vệ thực vật
127057,QSA,bao-ve-thuc-vat,C04,Điểm thi THPT,2025,16.25,Bảo vệ thực vật
127058,QSA,bao-ve-thuc-vat,C08,Điểm thi THPT,2025,16.25,Bảo vệ thực vật
127059,QSA,bao-ve-thuc-vat,D01,Điểm thi THPT,2025,16.0,Bảo vệ thực vật
127060,QSA,bao-ve-thuc-vat,D07,Điểm thi THPT,2025,16.0,Bảo vệ thực vật
127061,QSA,bao-ve-thuc-vat,D09,Điểm thi THPT,2025,16.0,Bảo vệ thực vật
127062,QSA,bao-ve-thuc-vat,D10,Điểm thi THPT,2025,16.0,Bảo vệ thực vật
127063,QSA,bao-ve-thuc-vat,D14,Điểm thi THPT,2025,16.0,Bảo vệ thực vật
127064,QSA,bao-ve-thuc-vat,D15,Điểm thi THPT,2025,16.0,Bảo vệ thực vật
127065,QSA,bao-ve-thuc-vat,M00,Điểm thi THPT,2025,16.0,Bảo vệ thực vật
127066,QSA,bao-ve-thuc-vat,M01,Điểm thi THPT,2025,16.0,Bảo vệ thực vật
127067,QSA,bao-ve-thuc-vat,M26,Điểm thi THPT,2025,16.0,Bảo vệ thực vật
127068,QSA,bao-ve-thuc-vat,M27,Điểm thi THPT,2025,16.0,Bảo vệ thực vật
127069,QSA,bao-ve-thuc-vat,M28,Điểm thi THPT,2025,16.0,Bảo vệ thực vật
127070,QSA,bao-ve-thuc-vat,M29,Điểm thi THPT,2025,16.0,Bảo vệ thực vật
127071,QSA,bao-ve-thuc-vat,M30,Điểm thi THPT,2025,16.0,Bảo vệ thực vật
127072,QSA,bao-ve-thuc-vat,X01,Điểm thi THPT,2025,16.0,Bảo vệ thực vật
127073,QSA,bao-ve-thuc-vat,X04,Điểm thi THPT,2025,16.0,Bảo vệ thực vật
127074,QSA,bao-ve-thuc-vat,X05,Điểm thi THPT,2025,16.0,Bảo vệ thực vật
127075,QSA,bao-ve-thuc-vat,X06,Điểm thi THPT,2025,16.0,Bảo vệ thực vật
127076,QSA,bao-ve-thuc-vat,X08,Điểm thi THPT,2025,16.0,Bảo vệ thực vật
127077,QSA,bao-ve-thuc-vat,X10,Điểm thi THPT,2025,16.0,Bảo vệ thực vật
127078,QSA,bao-ve-thuc-vat,X12,Điểm thi THPT,2025,16.0,Bảo vệ thực vật
127079,QSA,bao-ve-thuc-vat,X14,Điểm thi THPT,2025,16.0,Bảo vệ thực vật
127080,QSA,bao-ve-thuc-vat,X17,Điểm thi THPT,2025,16.25,Bảo vệ thực vật
127081,QSA,bao-ve-thuc-vat,X20,Điểm thi THPT,2025,16.0,Bảo vệ thực vật
127082,QSA,bao-ve-thuc-vat,X24,Điểm thi THPT,2025,16.0,Bảo vệ thực vật
127083,QSA,bao-ve-thuc-vat,X25,Điểm thi THPT,2025,16.0,Bảo vệ thực vật
127084,QSA,bao-ve-thuc-vat,X26,Điểm thi THPT,2025,16.0,Bảo vệ thực vật
127085,QSA,bao-ve-thuc-vat,X27,Điểm thi THPT,2025,16.0,Bảo vệ thực vật
127086,QSA,bao-ve-thuc-vat,X28,Điểm thi THPT,2025,16.0,Bảo vệ thực vật
127087,QSA,bao-ve-thuc-vat,X65,Điểm thi THPT,2025,16.0,Bảo vệ thực vật
127088,QSA,bao-ve-thuc-vat,X70,Điểm thi THPT,2025,16.25,Bảo vệ thực vật
127089,QSA,bao-ve-thuc-vat,X74,Điểm thi THPT,2025,16.25,Bảo vệ thực vật
127090,QSA,bao-ve-thuc-vat,X78,Điểm thi THPT,2025,16.0,Bảo vệ thực vật
127091,QSA,bao-ve-thuc-vat,X80,Điểm thi THPT,2025,16.0,Bảo vệ thực vật
127092,QSA,bao-ve-thuc-vat,X81,Điểm thi THPT,2025,16.0,Bảo vệ thực vật
127093,QSA,chan-nuoi,A00,Điểm học bạ,2021,18.0,Chăn nuôi
127094,QSA,chan-nuoi,B00,Điểm học bạ,2021,18.0,Chăn nuôi
127095,QSA,chan-nuoi,C08,Điểm học bạ,2021,18.0,Chăn nuôi
127096,QSA,chan-nuoi,D01,Điểm học bạ,2021,18.0,Chăn nuôi
127097,QSA,chan-nuoi,A00,Điểm thi THPT,2021,16.0,Chăn nuôi
127098,QSA,chan-nuoi,B00,Điểm thi THPT,2021,16.0,Chăn nuôi
127099,QSA,chan-nuoi,C08,Điểm thi THPT,2021,16.0,Chăn nuôi
127100,QSA,chan-nuoi,D01,Điểm thi THPT,2021,16.0,Chăn nuôi
127101,QSA,chan-nuoi,A00,Điểm thi THPT,2022,16.0,Chăn nuôi
127102,QSA,chan-nuoi,B00,Điểm thi THPT,2022,16.0,Chăn nuôi
127103,QSA,chan-nuoi,C08,Điểm thi THPT,2022,16.0,Chăn nuôi
127104,QSA,chan-nuoi,D08,Điểm thi THPT,2022,16.0,Chăn nuôi
127105,QSA,chan-nuoi,A00,Điểm học bạ,2023,24.6,Chăn nuôi
127106,QSA,chan-nuoi,B00,Điểm học bạ,2023,24.6,Chăn nuôi
127107,QSA,chan-nuoi,C15,Điểm học bạ,2023,24.6,Chăn nuôi
127108,QSA,chan-nuoi,D08,Điểm học bạ,2023,24.6,Chăn nuôi
127109,QSA,chan-nuoi,A00,Điểm thi THPT,2023,17.3,Chăn nuôi
127110,QSA,chan-nuoi,B00,Điểm thi THPT,2023,17.3,Chăn nuôi
127111,QSA,chan-nuoi,C15,Điểm thi THPT,2023,17.3,Chăn nuôi
127112,QSA,chan-nuoi,D08,Điểm thi THPT,2023,17.3,Chăn nuôi
127113,QSA,chan-nuoi,A02,Điểm học bạ,2024,22.6,Chăn nuôi
127114,QSA,chan-nuoi,B00,Điểm học bạ,2024,22.6,Chăn nuôi
127115,QSA,chan-nuoi,C15,Điểm học bạ,2024,22.6,Chăn nuôi
127116,QSA,chan-nuoi,D08,Điểm học bạ,2024,22.6,Chăn nuôi
127117,QSA,chan-nuoi,A02,Điểm thi THPT,2024,18.2,Chăn nuôi
127118,QSA,chan-nuoi,B00,Điểm thi THPT,2024,18.2,Chăn nuôi
127119,QSA,chan-nuoi,C15,Điểm thi THPT,2024,18.2,Chăn nuôi
127120,QSA,chan-nuoi,D08,Điểm thi THPT,2024,18.2,Chăn nuôi
127121,QSA,chan-nuoi,A00,Điểm thi THPT,2025,16.0,Chăn nuôi
127122,QSA,chan-nuoi,A01,Điểm thi THPT,2025,16.0,Chăn nuôi
127123,QSA,chan-nuoi,A02,Điểm thi THPT,2025,16.0,Chăn nuôi
127124,QSA,chan-nuoi,A03,Điểm thi THPT,2025,16.0,Chăn nuôi
127125,QSA,chan-nuoi,A04,Điểm thi THPT,2025,16.0,Chăn nuôi
127126,QSA,chan-nuoi,A05,Điểm thi THPT,2025,16.0,Chăn nuôi
127127,QSA,chan-nuoi,A06,Điểm thi THPT,2025,16.0,Chăn nuôi
127128,QSA,chan-nuoi,A07,Điểm thi THPT,2025,16.0,Chăn nuôi
127129,QSA,chan-nuoi,B00,Điểm thi THPT,2025,16.0,Chăn nuôi
127130,QSA,chan-nuoi,B02,Điểm thi THPT,2025,16.0,Chăn nuôi
127131,QSA,chan-nuoi,B03,Điểm thi THPT,2025,16.0,Chăn nuôi
127132,QSA,chan-nuoi,B08,Điểm thi THPT,2025,16.0,Chăn nuôi
127133,QSA,chan-nuoi,C01,Điểm thi THPT,2025,16.25,Chăn nuôi
127134,QSA,chan-nuoi,C02,Điểm thi THPT,2025,16.25,Chăn nuôi
127135,QSA,chan-nuoi,C03,Điểm thi THPT,2025,16.25,Chăn nuôi
127136,QSA,chan-nuoi,C04,Điểm thi THPT,2025,16.25,Chăn nuôi
127137,QSA,chan-nuoi,C08,Điểm thi THPT,2025,16.25,Chăn nuôi
127138,QSA,chan-nuoi,D01,Điểm thi THPT,2025,16.0,Chăn nuôi
127139,QSA,chan-nuoi,D07,Điểm thi THPT,2025,16.0,Chăn nuôi
127140,QSA,chan-nuoi,D09,Điểm thi THPT,2025,16.0,Chăn nuôi
127141,QSA,chan-nuoi,D10,Điểm thi THPT,2025,16.0,Chăn nuôi
127142,QSA,chan-nuoi,D14,Điểm thi THPT,2025,16.0,Chăn nuôi
127143,QSA,chan-nuoi,D15,Điểm thi THPT,2025,16.0,Chăn nuôi
127144,QSA,chan-nuoi,M00,Điểm thi THPT,2025,16.0,Chăn nuôi
127145,QSA,chan-nuoi,M01,Điểm thi THPT,2025,16.0,Chăn nuôi
127146,QSA,chan-nuoi,M26,Điểm thi THPT,2025,16.0,Chăn nuôi
127147,QSA,chan-nuoi,M27,Điểm thi THPT,2025,16.0,Chăn nuôi
127148,QSA,chan-nuoi,M28,Điểm thi THPT,2025,16.0,Chăn nuôi
127149,QSA,chan-nuoi,M29,Điểm thi THPT,2025,16.0,Chăn nuôi
127150,QSA,chan-nuoi,M30,Điểm thi THPT,2025,16.0,Chăn nuôi
127151,QSA,chan-nuoi,X01,Điểm thi THPT,2025,16.0,Chăn nuôi
127152,QSA,chan-nuoi,X04,Điểm thi THPT,2025,16.0,Chăn nuôi
127153,QSA,chan-nuoi,X05,Điểm thi THPT,2025,16.0,Chăn nuôi
127154,QSA,chan-nuoi,X06,Điểm thi THPT,2025,16.0,Chăn nuôi
127155,QSA,chan-nuoi,X08,Điểm thi THPT,2025,16.0,Chăn nuôi
127156,QSA,chan-nuoi,X10,Điểm thi THPT,2025,16.0,Chăn nuôi
127157,QSA,chan-nuoi,X12,Điểm thi THPT,2025,16.0,Chăn nuôi
127158,QSA,chan-nuoi,X14,Điểm thi THPT,2025,16.0,Chăn nuôi
127159,QSA,chan-nuoi,X17,Điểm thi THPT,2025,16.25,Chăn nuôi
127160,QSA,chan-nuoi,X20,Điểm thi THPT,2025,16.0,Chăn nuôi
127161,QSA,chan-nuoi,X24,Điểm thi THPT,2025,16.0,Chăn nuôi
127162,QSA,chan-nuoi,X25,Điểm thi THPT,2025,16.0,Chăn nuôi
127163,QSA,chan-nuoi,X26,Điểm thi THPT,2025,16.0,Chăn nuôi
127164,QSA,chan-nuoi,X27,Điểm thi THPT,2025,16.0,Chăn nuôi
127165,QSA,chan-nuoi,X28,Điểm thi THPT,2025,16.0,Chăn nuôi
127166,QSA,chan-nuoi,X65,Điểm thi THPT,2025,16.0,Chăn nuôi
127167,QSA,chan-nuoi,X70,Điểm thi THPT,2025,16.25,Chăn nuôi
127168,QSA,chan-nuoi,X74,Điểm thi THPT,2025,16.25,Chăn nuôi
127169,QSA,chan-nuoi,X78,Điểm thi THPT,2025,16.0,Chăn nuôi
127170,QSA,chan-nuoi,X80,Điểm thi THPT,2025,16.0,Chăn nuôi
127171,QSA,chan-nuoi,X81,Điểm thi THPT,2025,16.0,Chăn nuôi
127172,QSA,cong-nghe-ky-thuat-hoa-hoc,A00,Điểm học bạ,2021,23.0,Công nghệ kỹ thuật hoá học
127173,QSA,cong-nghe-ky-thuat-hoa-hoc,A01,Điểm học bạ,2021,23.0,Công nghệ kỹ thuật hoá học
127174,QSA,cong-nghe-ky-thuat-hoa-hoc,B00,Điểm học bạ,2021,23.0,Công nghệ kỹ thuật hoá học
127175,QSA,cong-nghe-ky-thuat-hoa-hoc,D07,Điểm học bạ,2021,23.0,Công nghệ kỹ thuật hoá học
127176,QSA,cong-nghe-ky-thuat-hoa-hoc,A00,Điểm thi THPT,2021,16.0,Công nghệ kỹ thuật hoá học
127177,QSA,cong-nghe-ky-thuat-hoa-hoc,A01,Điểm thi THPT,2021,16.0,Công nghệ kỹ thuật hoá học
127178,QSA,cong-nghe-ky-thuat-hoa-hoc,B00,Điểm thi THPT,2021,16.0,Công nghệ kỹ thuật hoá học
127179,QSA,cong-nghe-ky-thuat-hoa-hoc,D07,Điểm thi THPT,2021,16.0,Công nghệ kỹ thuật hoá học
127180,QSA,cong-nghe-ky-thuat-hoa-hoc,A00,Điểm thi THPT,2022,16.0,Công nghệ kỹ thuật hoá học
127181,QSA,cong-nghe-ky-thuat-hoa-hoc,A01,Điểm thi THPT,2022,16.0,Công nghệ kỹ thuật hoá học
127182,QSA,cong-nghe-ky-thuat-hoa-hoc,B00,Điểm thi THPT,2022,16.0,Công nghệ kỹ thuật hoá học
127183,QSA,cong-nghe-ky-thuat-hoa-hoc,D07,Điểm thi THPT,2022,16.0,Công nghệ kỹ thuật hoá học
127184,QSA,cong-nghe-ky-thuat-hoa-hoc,A00,Điểm học bạ,2023,24.75,Công nghệ kỹ thuật hoá học
127185,QSA,cong-nghe-ky-thuat-hoa-hoc,B00,Điểm học bạ,2023,24.75,Công nghệ kỹ thuật hoá học
127186,QSA,cong-nghe-ky-thuat-hoa-hoc,C05,Điểm học bạ,2023,24.75,Công nghệ kỹ thuật hoá học
127187,QSA,cong-nghe-ky-thuat-hoa-hoc,C08,Điểm học bạ,2023,24.75,Công nghệ kỹ thuật hoá học
127188,QSA,cong-nghe-ky-thuat-hoa-hoc,A00,Điểm thi THPT,2023,16.0,Công nghệ kỹ thuật hóa học
127189,QSA,cong-nghe-ky-thuat-hoa-hoc,B00,Điểm thi THPT,2023,16.0,Công nghệ kỹ thuật hóa học
127190,QSA,cong-nghe-ky-thuat-hoa-hoc,C05,Điểm thi THPT,2023,16.0,Công nghệ kỹ thuật hóa học
127191,QSA,cong-nghe-ky-thuat-hoa-hoc,C08,Điểm thi THPT,2023,16.0,Công nghệ kỹ thuật hóa học
127192,QSA,cong-nghe-ky-thuat-hoa-hoc,A00,Điểm học bạ,2024,23.0,Công nghệ kỹ thuật hoá học
127193,QSA,cong-nghe-ky-thuat-hoa-hoc,B00,Điểm học bạ,2024,23.0,Công nghệ kỹ thuật hoá học
127194,QSA,cong-nghe-ky-thuat-hoa-hoc,C05,Điểm học bạ,2024,23.0,Công nghệ kỹ thuật hoá học
127195,QSA,cong-nghe-ky-thuat-hoa-hoc,C08,Điểm học bạ,2024,23.0,Công nghệ kỹ thuật hoá học
127196,QSA,cong-nghe-ky-thuat-hoa-hoc,A00,Điểm thi THPT,2024,16.2,Công nghệ kỹ thuật hoá học
127197,QSA,cong-nghe-ky-thuat-hoa-hoc,B00,Điểm thi THPT,2024,16.2,Công nghệ kỹ thuật hoá học
127198,QSA,cong-nghe-ky-thuat-hoa-hoc,C05,Điểm thi THPT,2024,16.2,Công nghệ kỹ thuật hoá học
127199,QSA,cong-nghe-ky-thuat-hoa-hoc,C08,Điểm thi THPT,2024,16.2,Công nghệ kỹ thuật hoá học
127200,QSA,cong-nghe-ky-thuat-hoa-hoc,A00,Điểm thi THPT,2025,16.0,Công nghệ kỹ thuật hoá học
127201,QSA,cong-nghe-ky-thuat-hoa-hoc,A01,Điểm thi THPT,2025,16.0,Công nghệ kỹ thuật hoá học
127202,QSA,cong-nghe-ky-thuat-hoa-hoc,A02,Điểm thi THPT,2025,16.0,Công nghệ kỹ thuật hoá học
127203,QSA,cong-nghe-ky-thuat-hoa-hoc,A03,Điểm thi THPT,2025,16.0,Công nghệ kỹ thuật hoá học
127204,QSA,cong-nghe-ky-thuat-hoa-hoc,A04,Điểm thi THPT,2025,16.0,Công nghệ kỹ thuật hoá học
127205,QSA,cong-nghe-ky-thuat-hoa-hoc,A05,Điểm thi THPT,2025,16.0,Công nghệ kỹ thuật hoá học
127206,QSA,cong-nghe-ky-thuat-hoa-hoc,A06,Điểm thi THPT,2025,16.0,Công nghệ kỹ thuật hoá học
127207,QSA,cong-nghe-ky-thuat-hoa-hoc,A07,Điểm thi THPT,2025,16.0,Công nghệ kỹ thuật hoá học
127208,QSA,cong-nghe-ky-thuat-hoa-hoc,B00,Điểm thi THPT,2025,16.0,Công nghệ kỹ thuật hoá học
127209,QSA,cong-nghe-ky-thuat-hoa-hoc,B02,Điểm thi THPT,2025,16.0,Công nghệ kỹ thuật hoá học
127210,QSA,cong-nghe-ky-thuat-hoa-hoc,B03,Điểm thi THPT,2025,16.0,Công nghệ kỹ thuật hoá học
127211,QSA,cong-nghe-ky-thuat-hoa-hoc,B08,Điểm thi THPT,2025,16.0,Công nghệ kỹ thuật hoá học
127212,QSA,cong-nghe-ky-thuat-hoa-hoc,C01,Điểm thi THPT,2025,16.25,Công nghệ kỹ thuật hoá học
127213,QSA,cong-nghe-ky-thuat-hoa-hoc,C02,Điểm thi THPT,2025,16.25,Công nghệ kỹ thuật hoá học
127214,QSA,cong-nghe-ky-thuat-hoa-hoc,C03,Điểm thi THPT,2025,16.25,Công nghệ kỹ thuật hoá học
127215,QSA,cong-nghe-ky-thuat-hoa-hoc,C04,Điểm thi THPT,2025,16.25,Công nghệ kỹ thuật hoá học
127216,QSA,cong-nghe-ky-thuat-hoa-hoc,C08,Điểm thi THPT,2025,16.25,Công nghệ kỹ thuật hoá học
127217,QSA,cong-nghe-ky-thuat-hoa-hoc,D01,Điểm thi THPT,2025,16.0,Công nghệ kỹ thuật hoá học
127218,QSA,cong-nghe-ky-thuat-hoa-hoc,D07,Điểm thi THPT,2025,16.0,Công nghệ kỹ thuật hoá học
127219,QSA,cong-nghe-ky-thuat-hoa-hoc,D09,Điểm thi THPT,2025,16.0,Công nghệ kỹ thuật hoá học
127220,QSA,cong-nghe-ky-thuat-hoa-hoc,D10,Điểm thi THPT,2025,16.0,Công nghệ kỹ thuật hoá học
127221,QSA,cong-nghe-ky-thuat-hoa-hoc,D14,Điểm thi THPT,2025,16.0,Công nghệ kỹ thuật hoá học
127222,QSA,cong-nghe-ky-thuat-hoa-hoc,D15,Điểm thi THPT,2025,16.0,Công nghệ kỹ thuật hoá học
127223,QSA,cong-nghe-ky-thuat-hoa-hoc,M00,Điểm thi THPT,2025,16.0,Công nghệ kỹ thuật hoá học
127224,QSA,cong-nghe-ky-thuat-hoa-hoc,M01,Điểm thi THPT,2025,16.0,Công nghệ kỹ thuật hoá học
127225,QSA,cong-nghe-ky-thuat-hoa-hoc,M26,Điểm thi THPT,2025,16.0,Công nghệ kỹ thuật hoá học
127226,QSA,cong-nghe-ky-thuat-hoa-hoc,M27,Điểm thi THPT,2025,16.0,Công nghệ kỹ thuật hoá học
127227,QSA,cong-nghe-ky-thuat-hoa-hoc,M28,Điểm thi THPT,2025,16.0,Công nghệ kỹ thuật hoá học
127228,QSA,cong-nghe-ky-thuat-hoa-hoc,M29,Điểm thi THPT,2025,16.0,Công nghệ kỹ thuật hoá học
127229,QSA,cong-nghe-ky-thuat-hoa-hoc,M30,Điểm thi THPT,2025,16.0,Công nghệ kỹ thuật hoá học
127230,QSA,cong-nghe-ky-thuat-hoa-hoc,X01,Điểm thi THPT,2025,16.0,Công nghệ kỹ thuật hoá học
127231,QSA,cong-nghe-ky-thuat-hoa-hoc,X04,Điểm thi THPT,2025,16.0,Công nghệ kỹ thuật hoá học
127232,QSA,cong-nghe-ky-thuat-hoa-hoc,X05,Điểm thi THPT,2025,16.0,Công nghệ kỹ thuật hoá học
127233,QSA,cong-nghe-ky-thuat-hoa-hoc,X06,Điểm thi THPT,2025,16.0,Công nghệ kỹ thuật hoá học
127234,QSA,cong-nghe-ky-thuat-hoa-hoc,X08,Điểm thi THPT,2025,16.0,Công nghệ kỹ thuật hoá học
127235,QSA,cong-nghe-ky-thuat-hoa-hoc,X10,Điểm thi THPT,2025,16.0,Công nghệ kỹ thuật hoá học
127236,QSA,cong-nghe-ky-thuat-hoa-hoc,X12,Điểm thi THPT,2025,16.0,Công nghệ kỹ thuật hoá học
127237,QSA,cong-nghe-ky-thuat-hoa-hoc,X14,Điểm thi THPT,2025,16.0,Công nghệ kỹ thuật hoá học
127238,QSA,cong-nghe-ky-thuat-hoa-hoc,X17,Điểm thi THPT,2025,16.25,Công nghệ kỹ thuật hoá học
127239,QSA,cong-nghe-ky-thuat-hoa-hoc,X20,Điểm thi THPT,2025,16.0,Công nghệ kỹ thuật hoá học
127240,QSA,cong-nghe-ky-thuat-hoa-hoc,X24,Điểm thi THPT,2025,16.0,Công nghệ kỹ thuật hoá học
127241,QSA,cong-nghe-ky-thuat-hoa-hoc,X25,Điểm thi THPT,2025,16.0,Công nghệ kỹ thuật hoá học
127242,QSA,cong-nghe-ky-thuat-hoa-hoc,X26,Điểm thi THPT,2025,16.0,Công nghệ kỹ thuật hoá học
127243,QSA,cong-nghe-ky-thuat-hoa-hoc,X27,Điểm thi THPT,2025,16.0,Công nghệ kỹ thuật hoá học
127244,QSA,cong-nghe-ky-thuat-hoa-hoc,X28,Điểm thi THPT,2025,16.0,Công nghệ kỹ thuật hoá học
127245,QSA,cong-nghe-ky-thuat-hoa-hoc,X65,Điểm thi THPT,2025,16.0,Công nghệ kỹ thuật hoá học
127246,QSA,cong-nghe-ky-thuat-hoa-hoc,X70,Điểm thi THPT,2025,16.25,Công nghệ kỹ thuật hoá học
127247,QSA,cong-nghe-ky-thuat-hoa-hoc,X74,Điểm thi THPT,2025,16.25,Công nghệ kỹ thuật hoá học
127248,QSA,cong-nghe-ky-thuat-hoa-hoc,X78,Điểm thi THPT,2025,16.0,Công nghệ kỹ thuật hoá học
127249,QSA,cong-nghe-ky-thuat-hoa-hoc,X80,Điểm thi THPT,2025,16.0,Công nghệ kỹ thuật hoá học
127250,QSA,cong-nghe-ky-thuat-hoa-hoc,X81,Điểm thi THPT,2025,16.0,Công nghệ kỹ thuật hoá học
127251,QSA,cong-nghe-ky-thuat-moi-truong,A00,Điểm học bạ,2021,21.0,Công nghệ kỹ thuật môi trường
127252,QSA,cong-nghe-ky-thuat-moi-truong,A01,Điểm học bạ,2021,21.0,Công nghệ kỹ thuật môi trường
127253,QSA,cong-nghe-ky-thuat-moi-truong,B00,Điểm học bạ,2021,21.0,Công nghệ kỹ thuật môi trường
127254,QSA,cong-nghe-ky-thuat-moi-truong,D07,Điểm học bạ,2021,21.0,Công nghệ kỹ thuật môi trường
127255,QSA,cong-nghe-ky-thuat-moi-truong,A00,Điểm thi THPT,2021,16.0,Công nghệ kỹ thuật môi trường
127256,QSA,cong-nghe-ky-thuat-moi-truong,A01,Điểm thi THPT,2021,16.0,Công nghệ kỹ thuật môi trường
127257,QSA,cong-nghe-ky-thuat-moi-truong,B00,Điểm thi THPT,2021,16.0,Công nghệ kỹ thuật môi trường
127258,QSA,cong-nghe-ky-thuat-moi-truong,D07,Điểm thi THPT,2021,16.0,Công nghệ kỹ thuật môi trường
127259,QSA,cong-nghe-ky-thuat-moi-truong,A16,Điểm thi THPT,2022,17.8,Công nghệ kỹ thuật môi trường
127260,QSA,cong-nghe-ky-thuat-moi-truong,B03,Điểm thi THPT,2022,17.8,Công nghệ kỹ thuật môi trường
127261,QSA,cong-nghe-ky-thuat-moi-truong,C15,Điểm thi THPT,2022,17.8,Công nghệ kỹ thuật môi trường
127262,QSA,cong-nghe-ky-thuat-moi-truong,D01,Điểm thi THPT,2022,17.8,Công nghệ kỹ thuật môi trường
127263,QSA,cong-nghe-ky-thuat-moi-truong,A16,Điểm học bạ,2023,23.4,Công nghệ kỹ thuật môi trường
127264,QSA,cong-nghe-ky-thuat-moi-truong,B03,Điểm học bạ,2023,23.4,Công nghệ kỹ thuật môi trường
127265,QSA,cong-nghe-ky-thuat-moi-truong,C15,Điểm học bạ,2023,23.4,Công nghệ kỹ thuật môi trường
127266,QSA,cong-nghe-ky-thuat-moi-truong,D01,Điểm học bạ,2023,23.4,Công nghệ kỹ thuật môi trường
127267,QSA,cong-nghe-ky-thuat-moi-truong,A16,Điểm thi THPT,2023,19.48,Công nghệ kỹ thuật môi trường
127268,QSA,cong-nghe-ky-thuat-moi-truong,B03,Điểm thi THPT,2023,19.48,Công nghệ kỹ thuật môi trường
127269,QSA,cong-nghe-ky-thuat-moi-truong,C15,Điểm thi THPT,2023,19.48,Công nghệ kỹ thuật môi trường
127270,QSA,cong-nghe-ky-thuat-moi-truong,D01,Điểm thi THPT,2023,19.48,Công nghệ kỹ thuật môi trường
127271,QSA,cong-nghe-ky-thuat-moi-truong,A16,Điểm học bạ,2024,22.6,Công nghệ kỹ thuật môi trường
127272,QSA,cong-nghe-ky-thuat-moi-truong,B03,Điểm học bạ,2024,22.6,Công nghệ kỹ thuật môi trường
127273,QSA,cong-nghe-ky-thuat-moi-truong,C15,Điểm học bạ,2024,22.6,Công nghệ kỹ thuật môi trường
127274,QSA,cong-nghe-ky-thuat-moi-truong,D01,Điểm học bạ,2024,22.6,Công nghệ kỹ thuật môi trường
127275,QSA,cong-nghe-ky-thuat-moi-truong,A16,Điểm thi THPT,2024,16.2,Công nghệ kỹ thuật môi trường
127276,QSA,cong-nghe-ky-thuat-moi-truong,B03,Điểm thi THPT,2024,16.2,Công nghệ kỹ thuật môi trường
127277,QSA,cong-nghe-ky-thuat-moi-truong,C15,Điểm thi THPT,2024,16.2,Công nghệ kỹ thuật môi trường
127278,QSA,cong-nghe-ky-thuat-moi-truong,D01,Điểm thi THPT,2024,16.2,Công nghệ kỹ thuật môi trường
127279,QSA,cong-nghe-ky-thuat-moi-truong,A00,Điểm thi THPT,2025,16.2,Công nghệ kỹ thuật môi trường
127280,QSA,cong-nghe-ky-thuat-moi-truong,A01,Điểm thi THPT,2025,16.2,Công nghệ kỹ thuật môi trường
127281,QSA,cong-nghe-ky-thuat-moi-truong,A02,Điểm thi THPT,2025,16.2,Công nghệ kỹ thuật môi trường
127282,QSA,cong-nghe-ky-thuat-moi-truong,A03,Điểm thi THPT,2025,16.2,Công nghệ kỹ thuật môi trường
127283,QSA,cong-nghe-ky-thuat-moi-truong,A04,Điểm thi THPT,2025,16.2,Công nghệ kỹ thuật môi trường
127284,QSA,cong-nghe-ky-thuat-moi-truong,A05,Điểm thi THPT,2025,16.2,Công nghệ kỹ thuật môi trường
127285,QSA,cong-nghe-ky-thuat-moi-truong,A06,Điểm thi THPT,2025,16.2,Công nghệ kỹ thuật môi trường
127286,QSA,cong-nghe-ky-thuat-moi-truong,A07,Điểm thi THPT,2025,16.2,Công nghệ kỹ thuật môi trường
127287,QSA,cong-nghe-ky-thuat-moi-truong,B00,Điểm thi THPT,2025,16.2,Công nghệ kỹ thuật môi trường
127288,QSA,cong-nghe-ky-thuat-moi-truong,B02,Điểm thi THPT,2025,16.2,Công nghệ kỹ thuật môi trường
127289,QSA,cong-nghe-ky-thuat-moi-truong,B03,Điểm thi THPT,2025,16.2,Công nghệ kỹ thuật môi trường
127290,QSA,cong-nghe-ky-thuat-moi-truong,B08,Điểm thi THPT,2025,16.2,Công nghệ kỹ thuật môi trường
127291,QSA,cong-nghe-ky-thuat-moi-truong,C01,Điểm thi THPT,2025,16.75,Công nghệ kỹ thuật môi trường
127292,QSA,cong-nghe-ky-thuat-moi-truong,C02,Điểm thi THPT,2025,16.75,Công nghệ kỹ thuật môi trường
127293,QSA,cong-nghe-ky-thuat-moi-truong,C03,Điểm thi THPT,2025,16.75,Công nghệ kỹ thuật môi trường
127294,QSA,cong-nghe-ky-thuat-moi-truong,C04,Điểm thi THPT,2025,16.75,Công nghệ kỹ thuật môi trường
127295,QSA,cong-nghe-ky-thuat-moi-truong,C08,Điểm thi THPT,2025,16.75,Công nghệ kỹ thuật môi trường
127296,QSA,cong-nghe-ky-thuat-moi-truong,D01,Điểm thi THPT,2025,16.2,Công nghệ kỹ thuật môi trường
127297,QSA,cong-nghe-ky-thuat-moi-truong,D07,Điểm thi THPT,2025,16.2,Công nghệ kỹ thuật môi trường
127298,QSA,cong-nghe-ky-thuat-moi-truong,D09,Điểm thi THPT,2025,16.2,Công nghệ kỹ thuật môi trường
127299,QSA,cong-nghe-ky-thuat-moi-truong,D10,Điểm thi THPT,2025,16.2,Công nghệ kỹ thuật môi trường
127300,QSA,cong-nghe-ky-thuat-moi-truong,D14,Điểm thi THPT,2025,16.2,Công nghệ kỹ thuật môi trường
127301,QSA,cong-nghe-ky-thuat-moi-truong,D15,Điểm thi THPT,2025,16.2,Công nghệ kỹ thuật môi trường
127302,QSA,cong-nghe-ky-thuat-moi-truong,M00,Điểm thi THPT,2025,16.2,Công nghệ kỹ thuật môi trường
127303,QSA,cong-nghe-ky-thuat-moi-truong,M01,Điểm thi THPT,2025,16.2,Công nghệ kỹ thuật môi trường
127304,QSA,cong-nghe-ky-thuat-moi-truong,M26,Điểm thi THPT,2025,16.2,Công nghệ kỹ thuật môi trường
127305,QSA,cong-nghe-ky-thuat-moi-truong,M27,Điểm thi THPT,2025,16.2,Công nghệ kỹ thuật môi trường
127306,QSA,cong-nghe-ky-thuat-moi-truong,M28,Điểm thi THPT,2025,16.2,Công nghệ kỹ thuật môi trường
127307,QSA,cong-nghe-ky-thuat-moi-truong,M29,Điểm thi THPT,2025,16.2,Công nghệ kỹ thuật môi trường
127308,QSA,cong-nghe-ky-thuat-moi-truong,M30,Điểm thi THPT,2025,16.2,Công nghệ kỹ thuật môi trường
127309,QSA,cong-nghe-ky-thuat-moi-truong,X01,Điểm thi THPT,2025,16.2,Công nghệ kỹ thuật môi trường
127310,QSA,cong-nghe-ky-thuat-moi-truong,X04,Điểm thi THPT,2025,16.2,Công nghệ kỹ thuật môi trường
127311,QSA,cong-nghe-ky-thuat-moi-truong,X05,Điểm thi THPT,2025,16.2,Công nghệ kỹ thuật môi trường
127312,QSA,cong-nghe-ky-thuat-moi-truong,X06,Điểm thi THPT,2025,16.2,Công nghệ kỹ thuật môi trường
127313,QSA,cong-nghe-ky-thuat-moi-truong,X08,Điểm thi THPT,2025,16.2,Công nghệ kỹ thuật môi trường
127314,QSA,cong-nghe-ky-thuat-moi-truong,X10,Điểm thi THPT,2025,16.2,Công nghệ kỹ thuật môi trường
127315,QSA,cong-nghe-ky-thuat-moi-truong,X12,Điểm thi THPT,2025,16.2,Công nghệ kỹ thuật môi trường
127316,QSA,cong-nghe-ky-thuat-moi-truong,X14,Điểm thi THPT,2025,16.2,Công nghệ kỹ thuật môi trường
127317,QSA,cong-nghe-ky-thuat-moi-truong,X17,Điểm thi THPT,2025,16.75,Công nghệ kỹ thuật môi trường
127318,QSA,cong-nghe-ky-thuat-moi-truong,X20,Điểm thi THPT,2025,16.2,Công nghệ kỹ thuật môi trường
127319,QSA,cong-nghe-ky-thuat-moi-truong,X24,Điểm thi THPT,2025,16.2,Công nghệ kỹ thuật môi trường
127320,QSA,cong-nghe-ky-thuat-moi-truong,X25,Điểm thi THPT,2025,16.2,Công nghệ kỹ thuật môi trường
127321,QSA,cong-nghe-ky-thuat-moi-truong,X26,Điểm thi THPT,2025,16.2,Công nghệ kỹ thuật môi trường
127322,QSA,cong-nghe-ky-thuat-moi-truong,X27,Điểm thi THPT,2025,16.2,Công nghệ kỹ thuật môi trường
127323,QSA,cong-nghe-ky-thuat-moi-truong,X28,Điểm thi THPT,2025,16.2,Công nghệ kỹ thuật môi trường
127324,QSA,cong-nghe-ky-thuat-moi-truong,X65,Điểm thi THPT,2025,16.2,Công nghệ kỹ thuật môi trường
127325,QSA,cong-nghe-ky-thuat-moi-truong,X70,Điểm thi THPT,2025,16.75,Công nghệ kỹ thuật môi trường
127326,QSA,cong-nghe-ky-thuat-moi-truong,X74,Điểm thi THPT,2025,16.75,Công nghệ kỹ thuật môi trường
127327,QSA,cong-nghe-ky-thuat-moi-truong,X78,Điểm thi THPT,2025,16.2,Công nghệ kỹ thuật môi trường
127328,QSA,cong-nghe-ky-thuat-moi-truong,X80,Điểm thi THPT,2025,16.2,Công nghệ kỹ thuật môi trường
127329,QSA,cong-nghe-ky-thuat-moi-truong,X81,Điểm thi THPT,2025,16.2,Công nghệ kỹ thuật môi trường
127330,QSA,cong-nghe-nong-nghiep-so,A00,Điểm thi THPT,2025,16.0,Công nghệ nông nghiệp số
127331,QSA,cong-nghe-nong-nghiep-so,A01,Điểm thi THPT,2025,16.0,Công nghệ nông nghiệp số
127332,QSA,cong-nghe-nong-nghiep-so,A02,Điểm thi THPT,2025,16.0,Công nghệ nông nghiệp số
127333,QSA,cong-nghe-nong-nghiep-so,A03,Điểm thi THPT,2025,16.0,Công nghệ nông nghiệp số
127334,QSA,cong-nghe-nong-nghiep-so,A04,Điểm thi THPT,2025,16.0,Công nghệ nông nghiệp số
127335,QSA,cong-nghe-nong-nghiep-so,A05,Điểm thi THPT,2025,16.0,Công nghệ nông nghiệp số
127336,QSA,cong-nghe-nong-nghiep-so,A06,Điểm thi THPT,2025,16.0,Công nghệ nông nghiệp số
127337,QSA,cong-nghe-nong-nghiep-so,A07,Điểm thi THPT,2025,16.0,Công nghệ nông nghiệp số
127338,QSA,cong-nghe-nong-nghiep-so,B00,Điểm thi THPT,2025,16.0,Công nghệ nông nghiệp số
127339,QSA,cong-nghe-nong-nghiep-so,B02,Điểm thi THPT,2025,16.0,Công nghệ nông nghiệp số
127340,QSA,cong-nghe-nong-nghiep-so,B03,Điểm thi THPT,2025,16.0,Công nghệ nông nghiệp số
127341,QSA,cong-nghe-nong-nghiep-so,B08,Điểm thi THPT,2025,16.0,Công nghệ nông nghiệp số
127342,QSA,cong-nghe-nong-nghiep-so,D01,Điểm thi THPT,2025,16.0,Công nghệ nông nghiệp số
127343,QSA,cong-nghe-nong-nghiep-so,D07,Điểm thi THPT,2025,16.0,Công nghệ nông nghiệp số
127344,QSA,cong-nghe-nong-nghiep-so,D09,Điểm thi THPT,2025,16.0,Công nghệ nông nghiệp số
127345,QSA,cong-nghe-nong-nghiep-so,D10,Điểm thi THPT,2025,16.0,Công nghệ nông nghiệp số
127346,QSA,cong-nghe-nong-nghiep-so,D14,Điểm thi THPT,2025,16.0,Công nghệ nông nghiệp số
127347,QSA,cong-nghe-nong-nghiep-so,D15,Điểm thi THPT,2025,16.0,Công nghệ nông nghiệp số
127348,QSA,cong-nghe-nong-nghiep-so,M00,Điểm thi THPT,2025,16.0,Công nghệ nông nghiệp số
127349,QSA,cong-nghe-nong-nghiep-so,M01,Điểm thi THPT,2025,16.0,Công nghệ nông nghiệp số
127350,QSA,cong-nghe-nong-nghiep-so,M26,Điểm thi THPT,2025,16.0,Công nghệ nông nghiệp số
127351,QSA,cong-nghe-nong-nghiep-so,M27,Điểm thi THPT,2025,16.0,Công nghệ nông nghiệp số
127352,QSA,cong-nghe-nong-nghiep-so,M28,Điểm thi THPT,2025,16.0,Công nghệ nông nghiệp số
127353,QSA,cong-nghe-nong-nghiep-so,M29,Điểm thi THPT,2025,16.0,Công nghệ nông nghiệp số
127354,QSA,cong-nghe-nong-nghiep-so,M30,Điểm thi THPT,2025,16.0,Công nghệ nông nghiệp số
127355,QSA,cong-nghe-nong-nghiep-so,X01,Điểm thi THPT,2025,16.0,Công nghệ nông nghiệp số
127356,QSA,cong-nghe-nong-nghiep-so,X04,Điểm thi THPT,2025,16.0,Công nghệ nông nghiệp số
127357,QSA,cong-nghe-nong-nghiep-so,X05,Điểm thi THPT,2025,16.0,Công nghệ nông nghiệp số
127358,QSA,cong-nghe-nong-nghiep-so,X06,Điểm thi THPT,2025,16.0,Công nghệ nông nghiệp số
127359,QSA,cong-nghe-nong-nghiep-so,X08,Điểm thi THPT,2025,16.0,Công nghệ nông nghiệp số
127360,QSA,cong-nghe-nong-nghiep-so,X10,Điểm thi THPT,2025,16.0,Công nghệ nông nghiệp số
127361,QSA,cong-nghe-nong-nghiep-so,X12,Điểm thi THPT,2025,16.0,Công nghệ nông nghiệp số
127362,QSA,cong-nghe-nong-nghiep-so,X14,Điểm thi THPT,2025,16.0,Công nghệ nông nghiệp số
127363,QSA,cong-nghe-nong-nghiep-so,X20,Điểm thi THPT,2025,16.0,Công nghệ nông nghiệp số
127364,QSA,cong-nghe-nong-nghiep-so,X24,Điểm thi THPT,2025,16.0,Công nghệ nông nghiệp số
127365,QSA,cong-nghe-nong-nghiep-so,X25,Điểm thi THPT,2025,16.0,Công nghệ nông nghiệp số
127366,QSA,cong-nghe-nong-nghiep-so,X26,Điểm thi THPT,2025,16.0,Công nghệ nông nghiệp số
127367,QSA,cong-nghe-nong-nghiep-so,X27,Điểm thi THPT,2025,16.0,Công nghệ nông nghiệp số
127368,QSA,cong-nghe-nong-nghiep-so,X28,Điểm thi THPT,2025,16.0,Công nghệ nông nghiệp số
127369,QSA,cong-nghe-nong-nghiep-so,X65,Điểm thi THPT,2025,16.0,Công nghệ nông nghiệp số
127370,QSA,cong-nghe-nong-nghiep-so,X78,Điểm thi THPT,2025,16.0,Công nghệ nông nghiệp số
127371,QSA,cong-nghe-nong-nghiep-so,X80,Điểm thi THPT,2025,16.0,Công nghệ nông nghiệp số
127372,QSA,cong-nghe-nong-nghiep-so,X81,Điểm thi THPT,2025,16.0,Công nghệ nông nghiệp số
127373,QSA,cong-nghe-sau-thu-hoach,A00,Điểm học bạ,2024,18.0,Công nghệ sau thu hoạch
127374,QSA,cong-nghe-sau-thu-hoach,B00,Điểm học bạ,2024,18.0,Công nghệ sau thu hoạch
127375,QSA,cong-nghe-sau-thu-hoach,C05,Điểm học bạ,2024,18.0,Công nghệ sau thu hoạch
127376,QSA,cong-nghe-sau-thu-hoach,D01,Điểm học bạ,2024,18.0,Công nghệ sau thu hoạch
127377,QSA,cong-nghe-sau-thu-hoach,A00,Điểm thi THPT,2024,16.0,Công nghệ sau thu hoạch
127378,QSA,cong-nghe-sau-thu-hoach,B00,Điểm thi THPT,2024,16.0,Công nghệ sau thu hoạch
127379,QSA,cong-nghe-sau-thu-hoach,C05,Điểm thi THPT,2024,16.0,Công nghệ sau thu hoạch
127380,QSA,cong-nghe-sau-thu-hoach,D01,Điểm thi THPT,2024,16.0,Công nghệ sau thu hoạch
127381,QSA,cong-nghe-sau-thu-hoach,A00,Điểm thi THPT,2025,16.0,Công nghệ sau thu hoạch
127382,QSA,cong-nghe-sau-thu-hoach,A01,Điểm thi THPT,2025,16.0,Công nghệ sau thu hoạch
127383,QSA,cong-nghe-sau-thu-hoach,A02,Điểm thi THPT,2025,16.0,Công nghệ sau thu hoạch
127384,QSA,cong-nghe-sau-thu-hoach,A03,Điểm thi THPT,2025,16.0,Công nghệ sau thu hoạch
127385,QSA,cong-nghe-sau-thu-hoach,A04,Điểm thi THPT,2025,16.0,Công nghệ sau thu hoạch
127386,QSA,cong-nghe-sau-thu-hoach,A05,Điểm thi THPT,2025,16.0,Công nghệ sau thu hoạch
127387,QSA,cong-nghe-sau-thu-hoach,A06,Điểm thi THPT,2025,16.0,Công nghệ sau thu hoạch
127388,QSA,cong-nghe-sau-thu-hoach,A07,Điểm thi THPT,2025,16.0,Công nghệ sau thu hoạch
127389,QSA,cong-nghe-sau-thu-hoach,B00,Điểm thi THPT,2025,16.0,Công nghệ sau thu hoạch
127390,QSA,cong-nghe-sau-thu-hoach,B02,Điểm thi THPT,2025,16.0,Công nghệ sau thu hoạch
127391,QSA,cong-nghe-sau-thu-hoach,B03,Điểm thi THPT,2025,16.0,Công nghệ sau thu hoạch
127392,QSA,cong-nghe-sau-thu-hoach,B08,Điểm thi THPT,2025,16.0,Công nghệ sau thu hoạch
127393,QSA,cong-nghe-sau-thu-hoach,C01,Điểm thi THPT,2025,16.25,Công nghệ sau thu hoạch
127394,QSA,cong-nghe-sau-thu-hoach,C02,Điểm thi THPT,2025,16.25,Công nghệ sau thu hoạch
127395,QSA,cong-nghe-sau-thu-hoach,C03,Điểm thi THPT,2025,16.25,Công nghệ sau thu hoạch
127396,QSA,cong-nghe-sau-thu-hoach,C04,Điểm thi THPT,2025,16.25,Công nghệ sau thu hoạch
127397,QSA,cong-nghe-sau-thu-hoach,C08,Điểm thi THPT,2025,16.25,Công nghệ sau thu hoạch
127398,QSA,cong-nghe-sau-thu-hoach,D01,Điểm thi THPT,2025,16.0,Công nghệ sau thu hoạch
127399,QSA,cong-nghe-sau-thu-hoach,D07,Điểm thi THPT,2025,16.0,Công nghệ sau thu hoạch
127400,QSA,cong-nghe-sau-thu-hoach,D09,Điểm thi THPT,2025,16.0,Công nghệ sau thu hoạch
127401,QSA,cong-nghe-sau-thu-hoach,D10,Điểm thi THPT,2025,16.0,Công nghệ sau thu hoạch
127402,QSA,cong-nghe-sau-thu-hoach,D14,Điểm thi THPT,2025,16.0,Công nghệ sau thu hoạch
127403,QSA,cong-nghe-sau-thu-hoach,D15,Điểm thi THPT,2025,16.0,Công nghệ sau thu hoạch
127404,QSA,cong-nghe-sau-thu-hoach,M00,Điểm thi THPT,2025,16.0,Công nghệ sau thu hoạch
127405,QSA,cong-nghe-sau-thu-hoach,M01,Điểm thi THPT,2025,16.0,Công nghệ sau thu hoạch
127406,QSA,cong-nghe-sau-thu-hoach,M26,Điểm thi THPT,2025,16.0,Công nghệ sau thu hoạch
127407,QSA,cong-nghe-sau-thu-hoach,M27,Điểm thi THPT,2025,16.0,Công nghệ sau thu hoạch
127408,QSA,cong-nghe-sau-thu-hoach,M28,Điểm thi THPT,2025,16.0,Công nghệ sau thu hoạch
127409,QSA,cong-nghe-sau-thu-hoach,M29,Điểm thi THPT,2025,16.0,Công nghệ sau thu hoạch
127410,QSA,cong-nghe-sau-thu-hoach,M30,Điểm thi THPT,2025,16.0,Công nghệ sau thu hoạch
127411,QSA,cong-nghe-sau-thu-hoach,X01,Điểm thi THPT,2025,16.0,Công nghệ sau thu hoạch
127412,QSA,cong-nghe-sau-thu-hoach,X04,Điểm thi THPT,2025,16.0,Công nghệ sau thu hoạch
127413,QSA,cong-nghe-sau-thu-hoach,X05,Điểm thi THPT,2025,16.0,Công nghệ sau thu hoạch
127414,QSA,cong-nghe-sau-thu-hoach,X06,Điểm thi THPT,2025,16.0,Công nghệ sau thu hoạch
127415,QSA,cong-nghe-sau-thu-hoach,X08,Điểm thi THPT,2025,16.0,Công nghệ sau thu hoạch
127416,QSA,cong-nghe-sau-thu-hoach,X10,Điểm thi THPT,2025,16.0,Công nghệ sau thu hoạch
127417,QSA,cong-nghe-sau-thu-hoach,X12,Điểm thi THPT,2025,16.0,Công nghệ sau thu hoạch
127418,QSA,cong-nghe-sau-thu-hoach,X14,Điểm thi THPT,2025,16.0,Công nghệ sau thu hoạch
127419,QSA,cong-nghe-sau-thu-hoach,X17,Điểm thi THPT,2025,16.25,Công nghệ sau thu hoạch
127420,QSA,cong-nghe-sau-thu-hoach,X20,Điểm thi THPT,2025,16.0,Công nghệ sau thu hoạch
127421,QSA,cong-nghe-sau-thu-hoach,X24,Điểm thi THPT,2025,16.0,Công nghệ sau thu hoạch
127422,QSA,cong-nghe-sau-thu-hoach,X25,Điểm thi THPT,2025,16.0,Công nghệ sau thu hoạch
127423,QSA,cong-nghe-sau-thu-hoach,X26,Điểm thi THPT,2025,16.0,Công nghệ sau thu hoạch
127424,QSA,cong-nghe-sau-thu-hoach,X27,Điểm thi THPT,2025,16.0,Công nghệ sau thu hoạch
127425,QSA,cong-nghe-sau-thu-hoach,X28,Điểm thi THPT,2025,16.0,Công nghệ sau thu hoạch
127426,QSA,cong-nghe-sau-thu-hoach,X65,Điểm thi THPT,2025,16.0,Công nghệ sau thu hoạch
127427,QSA,cong-nghe-sau-thu-hoach,X70,Điểm thi THPT,2025,16.25,Công nghệ sau thu hoạch
127428,QSA,cong-nghe-sau-thu-hoach,X74,Điểm thi THPT,2025,16.25,Công nghệ sau thu hoạch
127429,QSA,cong-nghe-sau-thu-hoach,X78,Điểm thi THPT,2025,16.0,Công nghệ sau thu hoạch
127430,QSA,cong-nghe-sau-thu-hoach,X80,Điểm thi THPT,2025,16.0,Công nghệ sau thu hoạch
127431,QSA,cong-nghe-sau-thu-hoach,X81,Điểm thi THPT,2025,16.0,Công nghệ sau thu hoạch
127432,QSA,cong-nghe-sinh-hoc,A16,Điểm học bạ,2021,18.0,Công nghệ sinh học
127433,QSA,cong-nghe-sinh-hoc,B00,Điểm học bạ,2021,18.0,Công nghệ sinh học
127434,QSA,cong-nghe-sinh-hoc,B03,Điểm học bạ,2021,18.0,Công nghệ sinh học
127435,QSA,cong-nghe-sinh-hoc,D01,Điểm học bạ,2021,18.0,Công nghệ sinh học
127436,QSA,cong-nghe-sinh-hoc,A16,Điểm thi THPT,2021,16.0,Công nghệ sinh học
127437,QSA,cong-nghe-sinh-hoc,B00,Điểm thi THPT,2021,16.0,Công nghệ sinh học
127438,QSA,cong-nghe-sinh-hoc,B03,Điểm thi THPT,2021,16.0,Công nghệ sinh học
127439,QSA,cong-nghe-sinh-hoc,D01,Điểm thi THPT,2021,16.0,Công nghệ sinh học
127440,QSA,cong-nghe-sinh-hoc,A00,Điểm thi THPT,2022,18.8,Công nghệ sinh học
127441,QSA,cong-nghe-sinh-hoc,B00,Điểm thi THPT,2022,18.8,Công nghệ sinh học
127442,QSA,cong-nghe-sinh-hoc,C15,Điểm thi THPT,2022,18.8,Công nghệ sinh học
127443,QSA,cong-nghe-sinh-hoc,D01,Điểm thi THPT,2022,18.8,Công nghệ sinh học
127444,QSA,cong-nghe-sinh-hoc,A00,Điểm học bạ,2023,25.0,Công nghệ sinh học
127445,QSA,cong-nghe-sinh-hoc,B00,Điểm học bạ,2023,25.0,Công nghệ sinh học
127446,QSA,cong-nghe-sinh-hoc,C15,Điểm học bạ,2023,25.0,Công nghệ sinh học
127447,QSA,cong-nghe-sinh-hoc,D01,Điểm học bạ,2023,25.0,Công nghệ sinh học
127448,QSA,cong-nghe-sinh-hoc,A00,Điểm thi THPT,2023,20.95,Công nghệ sinh học
127449,QSA,cong-nghe-sinh-hoc,B00,Điểm thi THPT,2023,20.95,Công nghệ sinh học
127450,QSA,cong-nghe-sinh-hoc,C15,Điểm thi THPT,2023,20.95,Công nghệ sinh học
127451,QSA,cong-nghe-sinh-hoc,D01,Điểm thi THPT,2023,20.95,Công nghệ sinh học
127452,QSA,cong-nghe-sinh-hoc,A00,Điểm học bạ,2024,24.0,Công nghệ sinh học
127453,QSA,cong-nghe-sinh-hoc,B00,Điểm học bạ,2024,24.0,Công nghệ sinh học
127454,QSA,cong-nghe-sinh-hoc,C15,Điểm học bạ,2024,24.0,Công nghệ sinh học
127455,QSA,cong-nghe-sinh-hoc,D01,Điểm học bạ,2024,24.0,Công nghệ sinh học
127456,QSA,cong-nghe-sinh-hoc,A00,Điểm thi THPT,2024,16.0,Công nghệ sinh học
127457,QSA,cong-nghe-sinh-hoc,B00,Điểm thi THPT,2024,16.0,Công nghệ sinh học
127458,QSA,cong-nghe-sinh-hoc,C15,Điểm thi THPT,2024,16.0,Công nghệ sinh học
127459,QSA,cong-nghe-sinh-hoc,D01,Điểm thi THPT,2024,16.0,Công nghệ sinh học
127460,QSA,cong-nghe-sinh-hoc,A00,Điểm thi THPT,2025,16.0,Công nghệ sinh học
127461,QSA,cong-nghe-sinh-hoc,A01,Điểm thi THPT,2025,16.0,Công nghệ sinh học
127462,QSA,cong-nghe-sinh-hoc,A02,Điểm thi THPT,2025,16.0,Công nghệ sinh học
127463,QSA,cong-nghe-sinh-hoc,A03,Điểm thi THPT,2025,16.0,Công nghệ sinh học
127464,QSA,cong-nghe-sinh-hoc,A04,Điểm thi THPT,2025,16.0,Công nghệ sinh học
127465,QSA,cong-nghe-sinh-hoc,A05,Điểm thi THPT,2025,16.0,Công nghệ sinh học
127466,QSA,cong-nghe-sinh-hoc,A06,Điểm thi THPT,2025,16.0,Công nghệ sinh học
127467,QSA,cong-nghe-sinh-hoc,A07,Điểm thi THPT,2025,16.0,Công nghệ sinh học
127468,QSA,cong-nghe-sinh-hoc,B00,Điểm thi THPT,2025,16.0,Công nghệ sinh học
127469,QSA,cong-nghe-sinh-hoc,B02,Điểm thi THPT,2025,16.0,Công nghệ sinh học
127470,QSA,cong-nghe-sinh-hoc,B03,Điểm thi THPT,2025,16.0,Công nghệ sinh học
127471,QSA,cong-nghe-sinh-hoc,B08,Điểm thi THPT,2025,16.0,Công nghệ sinh học
127472,QSA,cong-nghe-sinh-hoc,C01,Điểm thi THPT,2025,16.25,Công nghệ sinh học
127473,QSA,cong-nghe-sinh-hoc,C02,Điểm thi THPT,2025,16.25,Công nghệ sinh học
127474,QSA,cong-nghe-sinh-hoc,C03,Điểm thi THPT,2025,16.25,Công nghệ sinh học
127475,QSA,cong-nghe-sinh-hoc,C04,Điểm thi THPT,2025,16.25,Công nghệ sinh học
127476,QSA,cong-nghe-sinh-hoc,C08,Điểm thi THPT,2025,16.25,Công nghệ sinh học
127477,QSA,cong-nghe-sinh-hoc,D01,Điểm thi THPT,2025,16.0,Công nghệ sinh học
127478,QSA,cong-nghe-sinh-hoc,D07,Điểm thi THPT,2025,16.0,Công nghệ sinh học
127479,QSA,cong-nghe-sinh-hoc,D09,Điểm thi THPT,2025,16.0,Công nghệ sinh học
127480,QSA,cong-nghe-sinh-hoc,D10,Điểm thi THPT,2025,16.0,Công nghệ sinh học
127481,QSA,cong-nghe-sinh-hoc,D14,Điểm thi THPT,2025,16.0,Công nghệ sinh học
127482,QSA,cong-nghe-sinh-hoc,D15,Điểm thi THPT,2025,16.0,Công nghệ sinh học
127483,QSA,cong-nghe-sinh-hoc,M00,Điểm thi THPT,2025,16.0,Công nghệ sinh học
127484,QSA,cong-nghe-sinh-hoc,M01,Điểm thi THPT,2025,16.0,Công nghệ sinh học
127485,QSA,cong-nghe-sinh-hoc,M26,Điểm thi THPT,2025,16.0,Công nghệ sinh học
127486,QSA,cong-nghe-sinh-hoc,M27,Điểm thi THPT,2025,16.0,Công nghệ sinh học
127487,QSA,cong-nghe-sinh-hoc,M28,Điểm thi THPT,2025,16.0,Công nghệ sinh học
127488,QSA,cong-nghe-sinh-hoc,M29,Điểm thi THPT,2025,16.0,Công nghệ sinh học
127489,QSA,cong-nghe-sinh-hoc,M30,Điểm thi THPT,2025,16.0,Công nghệ sinh học
127490,QSA,cong-nghe-sinh-hoc,X01,Điểm thi THPT,2025,16.0,Công nghệ sinh học
127491,QSA,cong-nghe-sinh-hoc,X04,Điểm thi THPT,2025,16.0,Công nghệ sinh học
127492,QSA,cong-nghe-sinh-hoc,X05,Điểm thi THPT,2025,16.0,Công nghệ sinh học
127493,QSA,cong-nghe-sinh-hoc,X06,Điểm thi THPT,2025,16.0,Công nghệ sinh học
127494,QSA,cong-nghe-sinh-hoc,X08,Điểm thi THPT,2025,16.0,Công nghệ sinh học
127495,QSA,cong-nghe-sinh-hoc,X10,Điểm thi THPT,2025,16.0,Công nghệ sinh học
127496,QSA,cong-nghe-sinh-hoc,X12,Điểm thi THPT,2025,16.0,Công nghệ sinh học
127497,QSA,cong-nghe-sinh-hoc,X14,Điểm thi THPT,2025,16.0,Công nghệ sinh học
127498,QSA,cong-nghe-sinh-hoc,X17,Điểm thi THPT,2025,16.25,Công nghệ sinh học
127499,QSA,cong-nghe-sinh-hoc,X20,Điểm thi THPT,2025,16.0,Công nghệ sinh học
127500,QSA,cong-nghe-sinh-hoc,X24,Điểm thi THPT,2025,16.0,Công nghệ sinh học
127501,QSA,cong-nghe-sinh-hoc,X25,Điểm thi THPT,2025,16.0,Công nghệ sinh học
127502,QSA,cong-nghe-sinh-hoc,X26,Điểm thi THPT,2025,16.0,Công nghệ sinh học
127503,QSA,cong-nghe-sinh-hoc,X27,Điểm thi THPT,2025,16.0,Công nghệ sinh học
127504,QSA,cong-nghe-sinh-hoc,X28,Điểm thi THPT,2025,16.0,Công nghệ sinh học
127505,QSA,cong-nghe-sinh-hoc,X65,Điểm thi THPT,2025,16.0,Công nghệ sinh học
127506,QSA,cong-nghe-sinh-hoc,X70,Điểm thi THPT,2025,16.25,Công nghệ sinh học
127507,QSA,cong-nghe-sinh-hoc,X74,Điểm thi THPT,2025,16.25,Công nghệ sinh học
127508,QSA,cong-nghe-sinh-hoc,X78,Điểm thi THPT,2025,16.0,Công nghệ sinh học
127509,QSA,cong-nghe-sinh-hoc,X80,Điểm thi THPT,2025,16.0,Công nghệ sinh học
127510,QSA,cong-nghe-sinh-hoc,X81,Điểm thi THPT,2025,16.0,Công nghệ sinh học
127511,QSA,cong-nghe-thong-tin,A00,Điểm học bạ,2021,19.0,Công nghệ thông tin
127512,QSA,cong-nghe-thong-tin,A01,Điểm học bạ,2021,19.0,Công nghệ thông tin
127513,QSA,cong-nghe-thong-tin,C01,Điểm học bạ,2021,19.0,Công nghệ thông tin
127514,QSA,cong-nghe-thong-tin,D01,Điểm học bạ,2021,19.0,Công nghệ thông tin
127515,QSA,cong-nghe-thong-tin,A00,Điểm thi THPT,2021,19.0,Công nghệ thông tin
127516,QSA,cong-nghe-thong-tin,A01,Điểm thi THPT,2021,19.0,Công nghệ thông tin
127517,QSA,cong-nghe-thong-tin,C01,Điểm thi THPT,2021,19.0,Công nghệ thông tin
127518,QSA,cong-nghe-thong-tin,D01,Điểm thi THPT,2021,19.0,Công nghệ thông tin
127519,QSA,cong-nghe-thong-tin,A00,Điểm thi THPT,2022,22.3,Công nghệ thông tin
127520,QSA,cong-nghe-thong-tin,A01,Điểm thi THPT,2022,22.3,Công nghệ thông tin
127521,QSA,cong-nghe-thong-tin,C01,Điểm thi THPT,2022,22.3,Công nghệ thông tin
127522,QSA,cong-nghe-thong-tin,D01,Điểm thi THPT,2022,22.3,Công nghệ thông tin
127523,QSA,cong-nghe-thong-tin,A00,Điểm học bạ,2023,26.3,Công nghệ thông tin
127524,QSA,cong-nghe-thong-tin,A01,Điểm học bạ,2023,26.3,Công nghệ thông tin
127525,QSA,cong-nghe-thong-tin,C01,Điểm học bạ,2023,26.3,Công nghệ thông tin
127526,QSA,cong-nghe-thong-tin,D01,Điểm học bạ,2023,26.3,Công nghệ thông tin
127527,QSA,cong-nghe-thong-tin,A00,Điểm thi THPT,2023,21.12,Công nghệ thông tin
127528,QSA,cong-nghe-thong-tin,A01,Điểm thi THPT,2023,21.12,Công nghệ thông tin
127529,QSA,cong-nghe-thong-tin,C01,Điểm thi THPT,2023,21.12,Công nghệ thông tin
127530,QSA,cong-nghe-thong-tin,D01,Điểm thi THPT,2023,21.12,Công nghệ thông tin
127531,QSA,cong-nghe-thong-tin,A00,Điểm học bạ,2024,24.7,Công nghệ thông tin
127532,QSA,cong-nghe-thong-tin,A01,Điểm học bạ,2024,24.7,Công nghệ thông tin
127533,QSA,cong-nghe-thong-tin,C01,Điểm học bạ,2024,24.7,Công nghệ thông tin
127534,QSA,cong-nghe-thong-tin,D01,Điểm học bạ,2024,24.7,Công nghệ thông tin
127535,QSA,cong-nghe-thong-tin,A00,Điểm thi THPT,2024,20.72,Công nghệ thông tin
127536,QSA,cong-nghe-thong-tin,A01,Điểm thi THPT,2024,20.72,Công nghệ thông tin
127537,QSA,cong-nghe-thong-tin,C01,Điểm thi THPT,2024,20.72,Công nghệ thông tin
127538,QSA,cong-nghe-thong-tin,D01,Điểm thi THPT,2024,20.72,Công nghệ thông tin
127539,QSA,cong-nghe-thong-tin,A00,Điểm thi THPT,2025,16.0,Công nghệ thông tin
127540,QSA,cong-nghe-thong-tin,A01,Điểm thi THPT,2025,16.0,Công nghệ thông tin
127541,QSA,cong-nghe-thong-tin,A02,Điểm thi THPT,2025,16.0,Công nghệ thông tin
127542,QSA,cong-nghe-thong-tin,A03,Điểm thi THPT,2025,16.0,Công nghệ thông tin
127543,QSA,cong-nghe-thong-tin,A04,Điểm thi THPT,2025,16.0,Công nghệ thông tin
127544,QSA,cong-nghe-thong-tin,A05,Điểm thi THPT,2025,16.0,Công nghệ thông tin
127545,QSA,cong-nghe-thong-tin,A06,Điểm thi THPT,2025,16.0,Công nghệ thông tin
127546,QSA,cong-nghe-thong-tin,A07,Điểm thi THPT,2025,16.0,Công nghệ thông tin
127547,QSA,cong-nghe-thong-tin,B00,Điểm thi THPT,2025,16.0,Công nghệ thông tin
127548,QSA,cong-nghe-thong-tin,B02,Điểm thi THPT,2025,16.0,Công nghệ thông tin
127549,QSA,cong-nghe-thong-tin,B03,Điểm thi THPT,2025,16.0,Công nghệ thông tin
127550,QSA,cong-nghe-thong-tin,B08,Điểm thi THPT,2025,16.0,Công nghệ thông tin
127551,QSA,cong-nghe-thong-tin,C01,Điểm thi THPT,2025,16.25,Công nghệ thông tin
127552,QSA,cong-nghe-thong-tin,C02,Điểm thi THPT,2025,16.25,Công nghệ thông tin
127553,QSA,cong-nghe-thong-tin,C03,Điểm thi THPT,2025,16.25,Công nghệ thông tin
127554,QSA,cong-nghe-thong-tin,C04,Điểm thi THPT,2025,16.25,Công nghệ thông tin
127555,QSA,cong-nghe-thong-tin,C08,Điểm thi THPT,2025,16.25,Công nghệ thông tin
127556,QSA,cong-nghe-thong-tin,D01,Điểm thi THPT,2025,16.0,Công nghệ thông tin
127557,QSA,cong-nghe-thong-tin,D07,Điểm thi THPT,2025,16.0,Công nghệ thông tin
127558,QSA,cong-nghe-thong-tin,D09,Điểm thi THPT,2025,16.0,Công nghệ thông tin
127559,QSA,cong-nghe-thong-tin,D10,Điểm thi THPT,2025,16.0,Công nghệ thông tin
127560,QSA,cong-nghe-thong-tin,D14,Điểm thi THPT,2025,16.0,Công nghệ thông tin
127561,QSA,cong-nghe-thong-tin,D15,Điểm thi THPT,2025,16.0,Công nghệ thông tin
127562,QSA,cong-nghe-thong-tin,M00,Điểm thi THPT,2025,16.0,Công nghệ thông tin
127563,QSA,cong-nghe-thong-tin,M01,Điểm thi THPT,2025,16.0,Công nghệ thông tin
127564,QSA,cong-nghe-thong-tin,M26,Điểm thi THPT,2025,16.0,Công nghệ thông tin
127565,QSA,cong-nghe-thong-tin,M27,Điểm thi THPT,2025,16.0,Công nghệ thông tin
127566,QSA,cong-nghe-thong-tin,M28,Điểm thi THPT,2025,16.0,Công nghệ thông tin
127567,QSA,cong-nghe-thong-tin,M29,Điểm thi THPT,2025,16.0,Công nghệ thông tin
127568,QSA,cong-nghe-thong-tin,M30,Điểm thi THPT,2025,16.0,Công nghệ thông tin
127569,QSA,cong-nghe-thong-tin,X01,Điểm thi THPT,2025,16.0,Công nghệ thông tin
127570,QSA,cong-nghe-thong-tin,X04,Điểm thi THPT,2025,16.0,Công nghệ thông tin
127571,QSA,cong-nghe-thong-tin,X05,Điểm thi THPT,2025,16.0,Công nghệ thông tin
127572,QSA,cong-nghe-thong-tin,X06,Điểm thi THPT,2025,16.0,Công nghệ thông tin
127573,QSA,cong-nghe-thong-tin,X08,Điểm thi THPT,2025,16.0,Công nghệ thông tin
127574,QSA,cong-nghe-thong-tin,X10,Điểm thi THPT,2025,16.0,Công nghệ thông tin
127575,QSA,cong-nghe-thong-tin,X12,Điểm thi THPT,2025,16.0,Công nghệ thông tin
127576,QSA,cong-nghe-thong-tin,X14,Điểm thi THPT,2025,16.0,Công nghệ thông tin
127577,QSA,cong-nghe-thong-tin,X17,Điểm thi THPT,2025,16.25,Công nghệ thông tin
127578,QSA,cong-nghe-thong-tin,X20,Điểm thi THPT,2025,16.0,Công nghệ thông tin
127579,QSA,cong-nghe-thong-tin,X24,Điểm thi THPT,2025,16.0,Công nghệ thông tin
127580,QSA,cong-nghe-thong-tin,X25,Điểm thi THPT,2025,16.0,Công nghệ thông tin
127581,QSA,cong-nghe-thong-tin,X26,Điểm thi THPT,2025,16.0,Công nghệ thông tin
127582,QSA,cong-nghe-thong-tin,X27,Điểm thi THPT,2025,16.0,Công nghệ thông tin
127583,QSA,cong-nghe-thong-tin,X28,Điểm thi THPT,2025,16.0,Công nghệ thông tin
127584,QSA,cong-nghe-thong-tin,X65,Điểm thi THPT,2025,16.0,Công nghệ thông tin
127585,QSA,cong-nghe-thong-tin,X70,Điểm thi THPT,2025,16.25,Công nghệ thông tin
127586,QSA,cong-nghe-thong-tin,X74,Điểm thi THPT,2025,16.25,Công nghệ thông tin
127587,QSA,cong-nghe-thong-tin,X78,Điểm thi THPT,2025,16.0,Công nghệ thông tin
127588,QSA,cong-nghe-thong-tin,X80,Điểm thi THPT,2025,16.0,Công nghệ thông tin
127589,QSA,cong-nghe-thong-tin,X81,Điểm thi THPT,2025,16.0,Công nghệ thông tin
127590,QSA,cong-nghe-thuc-pham,A00,Điểm học bạ,2021,18.0,Công nghệ thực phẩm
127591,QSA,cong-nghe-thuc-pham,B00,Điểm học bạ,2021,18.0,Công nghệ thực phẩm
127592,QSA,cong-nghe-thuc-pham,C05,Điểm học bạ,2021,18.0,Công nghệ thực phẩm
127593,QSA,cong-nghe-thuc-pham,D01,Điểm học bạ,2021,18.0,Công nghệ thực phẩm
127594,QSA,cong-nghe-thuc-pham,A00,Điểm thi THPT,2021,16.0,Công nghệ thực phẩm
127595,QSA,cong-nghe-thuc-pham,B00,Điểm thi THPT,2021,16.0,Công nghệ thực phẩm
127596,QSA,cong-nghe-thuc-pham,C05,Điểm thi THPT,2021,16.0,Công nghệ thực phẩm
127597,QSA,cong-nghe-thuc-pham,D01,Điểm thi THPT,2021,16.0,Công nghệ thực phẩm
127598,QSA,cong-nghe-thuc-pham,A00,Điểm thi THPT,2022,16.0,Công nghệ thực phẩm
127599,QSA,cong-nghe-thuc-pham,B00,Điểm thi THPT,2022,16.0,Công nghệ thực phẩm
127600,QSA,cong-nghe-thuc-pham,C05,Điểm thi THPT,2022,16.0,Công nghệ thực phẩm
127601,QSA,cong-nghe-thuc-pham,D01,Điểm thi THPT,2022,16.0,Công nghệ thực phẩm
127602,QSA,cong-nghe-thuc-pham,A00,Điểm học bạ,2023,25.6,Công nghệ thực phẩm
127603,QSA,cong-nghe-thuc-pham,B00,Điểm học bạ,2023,25.6,Công nghệ thực phẩm
127604,QSA,cong-nghe-thuc-pham,C05,Điểm học bạ,2023,25.6,Công nghệ thực phẩm
127605,QSA,cong-nghe-thuc-pham,D07,Điểm học bạ,2023,25.6,Công nghệ thực phẩm
127606,QSA,cong-nghe-thuc-pham,A00,Điểm thi THPT,2023,16.0,Công nghệ thực phẩm
127607,QSA,cong-nghe-thuc-pham,B00,Điểm thi THPT,2023,16.0,Công nghệ thực phẩm
127608,QSA,cong-nghe-thuc-pham,C05,Điểm thi THPT,2023,16.0,Công nghệ thực phẩm
127609,QSA,cong-nghe-thuc-pham,D07,Điểm thi THPT,2023,16.0,Công nghệ thực phẩm
127610,QSA,cong-nghe-thuc-pham,A00,Điểm học bạ,2024,25.5,Công nghệ thực phẩm
127611,QSA,cong-nghe-thuc-pham,B00,Điểm học bạ,2024,25.5,Công nghệ thực phẩm
127612,QSA,cong-nghe-thuc-pham,C05,Điểm học bạ,2024,25.5,Công nghệ thực phẩm
127613,QSA,cong-nghe-thuc-pham,D07,Điểm học bạ,2024,25.5,Công nghệ thực phẩm
127614,QSA,cong-nghe-thuc-pham,A00,Điểm thi THPT,2024,16.0,Công nghệ thực phẩm
127615,QSA,cong-nghe-thuc-pham,B00,Điểm thi THPT,2024,16.0,Công nghệ thực phẩm
127616,QSA,cong-nghe-thuc-pham,C05,Điểm thi THPT,2024,16.0,Công nghệ thực phẩm
127617,QSA,cong-nghe-thuc-pham,D07,Điểm thi THPT,2024,16.0,Công nghệ thực phẩm
127618,QSA,cong-nghe-thuc-pham,A00,Điểm thi THPT,2025,16.0,Công nghệ thực phẩm
127619,QSA,cong-nghe-thuc-pham,A01,Điểm thi THPT,2025,16.0,Công nghệ thực phẩm
127620,QSA,cong-nghe-thuc-pham,A02,Điểm thi THPT,2025,16.0,Công nghệ thực phẩm
127621,QSA,cong-nghe-thuc-pham,A03,Điểm thi THPT,2025,16.0,Công nghệ thực phẩm
127622,QSA,cong-nghe-thuc-pham,A04,Điểm thi THPT,2025,16.0,Công nghệ thực phẩm
127623,QSA,cong-nghe-thuc-pham,A05,Điểm thi THPT,2025,16.0,Công nghệ thực phẩm
127624,QSA,cong-nghe-thuc-pham,A06,Điểm thi THPT,2025,16.0,Công nghệ thực phẩm
127625,QSA,cong-nghe-thuc-pham,A07,Điểm thi THPT,2025,16.0,Công nghệ thực phẩm
127626,QSA,cong-nghe-thuc-pham,B00,Điểm thi THPT,2025,16.0,Công nghệ thực phẩm
127627,QSA,cong-nghe-thuc-pham,B02,Điểm thi THPT,2025,16.0,Công nghệ thực phẩm
127628,QSA,cong-nghe-thuc-pham,B03,Điểm thi THPT,2025,16.0,Công nghệ thực phẩm
127629,QSA,cong-nghe-thuc-pham,B08,Điểm thi THPT,2025,16.0,Công nghệ thực phẩm
127630,QSA,cong-nghe-thuc-pham,C01,Điểm thi THPT,2025,16.25,Công nghệ thực phẩm
127631,QSA,cong-nghe-thuc-pham,C02,Điểm thi THPT,2025,16.25,Công nghệ thực phẩm
127632,QSA,cong-nghe-thuc-pham,C03,Điểm thi THPT,2025,16.25,Công nghệ thực phẩm
127633,QSA,cong-nghe-thuc-pham,C04,Điểm thi THPT,2025,16.25,Công nghệ thực phẩm
127634,QSA,cong-nghe-thuc-pham,C08,Điểm thi THPT,2025,16.25,Công nghệ thực phẩm
127635,QSA,cong-nghe-thuc-pham,D01,Điểm thi THPT,2025,16.0,Công nghệ thực phẩm
127636,QSA,cong-nghe-thuc-pham,D07,Điểm thi THPT,2025,16.0,Công nghệ thực phẩm
127637,QSA,cong-nghe-thuc-pham,D09,Điểm thi THPT,2025,16.0,Công nghệ thực phẩm
127638,QSA,cong-nghe-thuc-pham,D10,Điểm thi THPT,2025,16.0,Công nghệ thực phẩm
127639,QSA,cong-nghe-thuc-pham,D14,Điểm thi THPT,2025,16.0,Công nghệ thực phẩm
127640,QSA,cong-nghe-thuc-pham,D15,Điểm thi THPT,2025,16.0,Công nghệ thực phẩm
127641,QSA,cong-nghe-thuc-pham,M00,Điểm thi THPT,2025,16.0,Công nghệ thực phẩm
127642,QSA,cong-nghe-thuc-pham,M01,Điểm thi THPT,2025,16.0,Công nghệ thực phẩm
127643,QSA,cong-nghe-thuc-pham,M26,Điểm thi THPT,2025,16.0,Công nghệ thực phẩm
127644,QSA,cong-nghe-thuc-pham,M27,Điểm thi THPT,2025,16.0,Công nghệ thực phẩm
127645,QSA,cong-nghe-thuc-pham,M28,Điểm thi THPT,2025,16.0,Công nghệ thực phẩm
127646,QSA,cong-nghe-thuc-pham,M29,Điểm thi THPT,2025,16.0,Công nghệ thực phẩm
127647,QSA,cong-nghe-thuc-pham,M30,Điểm thi THPT,2025,16.0,Công nghệ thực phẩm
127648,QSA,cong-nghe-thuc-pham,X01,Điểm thi THPT,2025,16.0,Công nghệ thực phẩm
127649,QSA,cong-nghe-thuc-pham,X04,Điểm thi THPT,2025,16.0,Công nghệ thực phẩm
127650,QSA,cong-nghe-thuc-pham,X05,Điểm thi THPT,2025,16.0,Công nghệ thực phẩm
127651,QSA,cong-nghe-thuc-pham,X06,Điểm thi THPT,2025,16.0,Công nghệ thực phẩm
127652,QSA,cong-nghe-thuc-pham,X08,Điểm thi THPT,2025,16.0,Công nghệ thực phẩm
127653,QSA,cong-nghe-thuc-pham,X10,Điểm thi THPT,2025,16.0,Công nghệ thực phẩm
127654,QSA,cong-nghe-thuc-pham,X12,Điểm thi THPT,2025,16.0,Công nghệ thực phẩm
127655,QSA,cong-nghe-thuc-pham,X14,Điểm thi THPT,2025,16.0,Công nghệ thực phẩm
127656,QSA,cong-nghe-thuc-pham,X17,Điểm thi THPT,2025,16.25,Công nghệ thực phẩm
127657,QSA,cong-nghe-thuc-pham,X20,Điểm thi THPT,2025,16.0,Công nghệ thực phẩm
127658,QSA,cong-nghe-thuc-pham,X24,Điểm thi THPT,2025,16.0,Công nghệ thực phẩm
127659,QSA,cong-nghe-thuc-pham,X25,Điểm thi THPT,2025,16.0,Công nghệ thực phẩm
127660,QSA,cong-nghe-thuc-pham,X26,Điểm thi THPT,2025,16.0,Công nghệ thực phẩm
127661,QSA,cong-nghe-thuc-pham,X27,Điểm thi THPT,2025,16.0,Công nghệ thực phẩm
127662,QSA,cong-nghe-thuc-pham,X28,Điểm thi THPT,2025,16.0,Công nghệ thực phẩm
127663,QSA,cong-nghe-thuc-pham,X65,Điểm thi THPT,2025,16.0,Công nghệ thực phẩm
127664,QSA,cong-nghe-thuc-pham,X70,Điểm thi THPT,2025,16.25,Công nghệ thực phẩm
127665,QSA,cong-nghe-thuc-pham,X74,Điểm thi THPT,2025,16.25,Công nghệ thực phẩm
127666,QSA,cong-nghe-thuc-pham,X78,Điểm thi THPT,2025,16.0,Công nghệ thực phẩm
127667,QSA,cong-nghe-thuc-pham,X80,Điểm thi THPT,2025,16.0,Công nghệ thực phẩm
127668,QSA,cong-nghe-thuc-pham,X81,Điểm thi THPT,2025,16.0,Công nghệ thực phẩm
127669,QSA,dam-bao-chat-luong-va-an-toan-thuc-pham,A00,Điểm học bạ,2023,23.75,Đảm bảo chất lượng và an toàn thực phẩm
127670,QSA,dam-bao-chat-luong-va-an-toan-thuc-pham,B00,Điểm học bạ,2023,23.75,Đảm bảo chất lượng và an toàn thực phẩm
127671,QSA,dam-bao-chat-luong-va-an-toan-thuc-pham,C05,Điểm học bạ,2023,23.75,Đảm bảo chất lượng và an toàn thực phẩm
127672,QSA,dam-bao-chat-luong-va-an-toan-thuc-pham,D07,Điểm học bạ,2023,23.75,Đảm bảo chất lượng và an toàn thực phẩm
127673,QSA,dam-bao-chat-luong-va-an-toan-thuc-pham,A00,Điểm thi THPT,2023,16.0,Đảm bảo chất lượng và an toàn thực phẩm
127674,QSA,dam-bao-chat-luong-va-an-toan-thuc-pham,B00,Điểm thi THPT,2023,16.0,Đảm bảo chất lượng và an toàn thực phẩm
127675,QSA,dam-bao-chat-luong-va-an-toan-thuc-pham,C05,Điểm thi THPT,2023,16.0,Đảm bảo chất lượng và an toàn thực phẩm
127676,QSA,dam-bao-chat-luong-va-an-toan-thuc-pham,D07,Điểm thi THPT,2023,16.0,Đảm bảo chất lượng và an toàn thực phẩm
127677,QSA,dam-bao-chat-luong-va-an-toan-thuc-pham,A00,Điểm học bạ,2024,23.0,Đảm bảo chất lượng và an toàn thực phẩm
127678,QSA,dam-bao-chat-luong-va-an-toan-thuc-pham,B00,Điểm học bạ,2024,23.0,Đảm bảo chất lượng và an toàn thực phẩm
127679,QSA,dam-bao-chat-luong-va-an-toan-thuc-pham,C05,Điểm học bạ,2024,23.0,Đảm bảo chất lượng và an toàn thực phẩm
127680,QSA,dam-bao-chat-luong-va-an-toan-thuc-pham,D07,Điểm học bạ,2024,23.0,Đảm bảo chất lượng và an toàn thực phẩm
127681,QSA,dam-bao-chat-luong-va-an-toan-thuc-pham,A00,Điểm thi THPT,2024,16.0,Đảm bảo chất lượng và an toàn thực phẩm
127682,QSA,dam-bao-chat-luong-va-an-toan-thuc-pham,B00,Điểm thi THPT,2024,16.0,Đảm bảo chất lượng và an toàn thực phẩm
127683,QSA,dam-bao-chat-luong-va-an-toan-thuc-pham,C05,Điểm thi THPT,2024,16.0,Đảm bảo chất lượng và an toàn thực phẩm
127684,QSA,dam-bao-chat-luong-va-an-toan-thuc-pham,D07,Điểm thi THPT,2024,16.0,Đảm bảo chất lượng và an toàn thực phẩm
127685,QSA,dam-bao-chat-luong-va-an-toan-thuc-pham,A00,Điểm thi THPT,2025,16.0,Đảm bảo chất lượng và an toàn thực phẩm
127686,QSA,dam-bao-chat-luong-va-an-toan-thuc-pham,A01,Điểm thi THPT,2025,16.0,Đảm bảo chất lượng và an toàn thực phẩm
127687,QSA,dam-bao-chat-luong-va-an-toan-thuc-pham,A02,Điểm thi THPT,2025,16.0,Đảm bảo chất lượng và an toàn thực phẩm
127688,QSA,dam-bao-chat-luong-va-an-toan-thuc-pham,A03,Điểm thi THPT,2025,16.0,Đảm bảo chất lượng và an toàn thực phẩm
127689,QSA,dam-bao-chat-luong-va-an-toan-thuc-pham,A04,Điểm thi THPT,2025,16.0,Đảm bảo chất lượng và an toàn thực phẩm
127690,QSA,dam-bao-chat-luong-va-an-toan-thuc-pham,A05,Điểm thi THPT,2025,16.0,Đảm bảo chất lượng và an toàn thực phẩm
127691,QSA,dam-bao-chat-luong-va-an-toan-thuc-pham,A06,Điểm thi THPT,2025,16.0,Đảm bảo chất lượng và an toàn thực phẩm
127692,QSA,dam-bao-chat-luong-va-an-toan-thuc-pham,A07,Điểm thi THPT,2025,16.0,Đảm bảo chất lượng và an toàn thực phẩm
127693,QSA,dam-bao-chat-luong-va-an-toan-thuc-pham,B00,Điểm thi THPT,2025,16.0,Đảm bảo chất lượng và an toàn thực phẩm
127694,QSA,dam-bao-chat-luong-va-an-toan-thuc-pham,B02,Điểm thi THPT,2025,16.0,Đảm bảo chất lượng và an toàn thực phẩm
127695,QSA,dam-bao-chat-luong-va-an-toan-thuc-pham,B03,Điểm thi THPT,2025,16.0,Đảm bảo chất lượng và an toàn thực phẩm
127696,QSA,dam-bao-chat-luong-va-an-toan-thuc-pham,B08,Điểm thi THPT,2025,16.0,Đảm bảo chất lượng và an toàn thực phẩm
127697,QSA,dam-bao-chat-luong-va-an-toan-thuc-pham,C01,Điểm thi THPT,2025,16.25,Đảm bảo chất lượng và an toàn thực phẩm
127698,QSA,dam-bao-chat-luong-va-an-toan-thuc-pham,C02,Điểm thi THPT,2025,16.25,Đảm bảo chất lượng và an toàn thực phẩm
127699,QSA,dam-bao-chat-luong-va-an-toan-thuc-pham,C03,Điểm thi THPT,2025,16.25,Đảm bảo chất lượng và an toàn thực phẩm
127700,QSA,dam-bao-chat-luong-va-an-toan-thuc-pham,C04,Điểm thi THPT,2025,16.25,Đảm bảo chất lượng và an toàn thực phẩm
127701,QSA,dam-bao-chat-luong-va-an-toan-thuc-pham,C08,Điểm thi THPT,2025,16.25,Đảm bảo chất lượng và an toàn thực phẩm
127702,QSA,dam-bao-chat-luong-va-an-toan-thuc-pham,D01,Điểm thi THPT,2025,16.0,Đảm bảo chất lượng và an toàn thực phẩm
127703,QSA,dam-bao-chat-luong-va-an-toan-thuc-pham,D07,Điểm thi THPT,2025,16.0,Đảm bảo chất lượng và an toàn thực phẩm
127704,QSA,dam-bao-chat-luong-va-an-toan-thuc-pham,D09,Điểm thi THPT,2025,16.0,Đảm bảo chất lượng và an toàn thực phẩm
127705,QSA,dam-bao-chat-luong-va-an-toan-thuc-pham,D10,Điểm thi THPT,2025,16.0,Đảm bảo chất lượng và an toàn thực phẩm
127706,QSA,dam-bao-chat-luong-va-an-toan-thuc-pham,D14,Điểm thi THPT,2025,16.0,Đảm bảo chất lượng và an toàn thực phẩm
127707,QSA,dam-bao-chat-luong-va-an-toan-thuc-pham,D15,Điểm thi THPT,2025,16.0,Đảm bảo chất lượng và an toàn thực phẩm
127708,QSA,dam-bao-chat-luong-va-an-toan-thuc-pham,M00,Điểm thi THPT,2025,16.0,Đảm bảo chất lượng và an toàn thực phẩm
127709,QSA,dam-bao-chat-luong-va-an-toan-thuc-pham,M01,Điểm thi THPT,2025,16.0,Đảm bảo chất lượng và an toàn thực phẩm
127710,QSA,dam-bao-chat-luong-va-an-toan-thuc-pham,M26,Điểm thi THPT,2025,16.0,Đảm bảo chất lượng và an toàn thực phẩm
127711,QSA,dam-bao-chat-luong-va-an-toan-thuc-pham,M27,Điểm thi THPT,2025,16.0,Đảm bảo chất lượng và an toàn thực phẩm
127712,QSA,dam-bao-chat-luong-va-an-toan-thuc-pham,M28,Điểm thi THPT,2025,16.0,Đảm bảo chất lượng và an toàn thực phẩm
127713,QSA,dam-bao-chat-luong-va-an-toan-thuc-pham,M29,Điểm thi THPT,2025,16.0,Đảm bảo chất lượng và an toàn thực phẩm
127714,QSA,dam-bao-chat-luong-va-an-toan-thuc-pham,M30,Điểm thi THPT,2025,16.0,Đảm bảo chất lượng và an toàn thực phẩm
127715,QSA,dam-bao-chat-luong-va-an-toan-thuc-pham,X01,Điểm thi THPT,2025,16.0,Đảm bảo chất lượng và an toàn thực phẩm
127716,QSA,dam-bao-chat-luong-va-an-toan-thuc-pham,X04,Điểm thi THPT,2025,16.0,Đảm bảo chất lượng và an toàn thực phẩm
127717,QSA,dam-bao-chat-luong-va-an-toan-thuc-pham,X05,Điểm thi THPT,2025,16.0,Đảm bảo chất lượng và an toàn thực phẩm
127718,QSA,dam-bao-chat-luong-va-an-toan-thuc-pham,X06,Điểm thi THPT,2025,16.0,Đảm bảo chất lượng và an toàn thực phẩm
127719,QSA,dam-bao-chat-luong-va-an-toan-thuc-pham,X08,Điểm thi THPT,2025,16.0,Đảm bảo chất lượng và an toàn thực phẩm
127720,QSA,dam-bao-chat-luong-va-an-toan-thuc-pham,X10,Điểm thi THPT,2025,16.0,Đảm bảo chất lượng và an toàn thực phẩm
127721,QSA,dam-bao-chat-luong-va-an-toan-thuc-pham,X12,Điểm thi THPT,2025,16.0,Đảm bảo chất lượng và an toàn thực phẩm
127722,QSA,dam-bao-chat-luong-va-an-toan-thuc-pham,X14,Điểm thi THPT,2025,16.0,Đảm bảo chất lượng và an toàn thực phẩm
127723,QSA,dam-bao-chat-luong-va-an-toan-thuc-pham,X17,Điểm thi THPT,2025,16.25,Đảm bảo chất lượng và an toàn thực phẩm
127724,QSA,dam-bao-chat-luong-va-an-toan-thuc-pham,X20,Điểm thi THPT,2025,16.0,Đảm bảo chất lượng và an toàn thực phẩm
127725,QSA,dam-bao-chat-luong-va-an-toan-thuc-pham,X24,Điểm thi THPT,2025,16.0,Đảm bảo chất lượng và an toàn thực phẩm
127726,QSA,dam-bao-chat-luong-va-an-toan-thuc-pham,X25,Điểm thi THPT,2025,16.0,Đảm bảo chất lượng và an toàn thực phẩm
127727,QSA,dam-bao-chat-luong-va-an-toan-thuc-pham,X26,Điểm thi THPT,2025,16.0,Đảm bảo chất lượng và an toàn thực phẩm
127728,QSA,dam-bao-chat-luong-va-an-toan-thuc-pham,X27,Điểm thi THPT,2025,16.0,Đảm bảo chất lượng và an toàn thực phẩm
127729,QSA,dam-bao-chat-luong-va-an-toan-thuc-pham,X28,Điểm thi THPT,2025,16.0,Đảm bảo chất lượng và an toàn thực phẩm
127730,QSA,dam-bao-chat-luong-va-an-toan-thuc-pham,X65,Điểm thi THPT,2025,16.0,Đảm bảo chất lượng và an toàn thực phẩm
127731,QSA,dam-bao-chat-luong-va-an-toan-thuc-pham,X70,Điểm thi THPT,2025,16.25,Đảm bảo chất lượng và an toàn thực phẩm
127732,QSA,dam-bao-chat-luong-va-an-toan-thuc-pham,X74,Điểm thi THPT,2025,16.25,Đảm bảo chất lượng và an toàn thực phẩm
127733,QSA,dam-bao-chat-luong-va-an-toan-thuc-pham,X78,Điểm thi THPT,2025,16.0,Đảm bảo chất lượng và an toàn thực phẩm
127734,QSA,dam-bao-chat-luong-va-an-toan-thuc-pham,X80,Điểm thi THPT,2025,16.0,Đảm bảo chất lượng và an toàn thực phẩm
127735,QSA,dam-bao-chat-luong-va-an-toan-thuc-pham,X81,Điểm thi THPT,2025,16.0,Đảm bảo chất lượng và an toàn thực phẩm
127736,QSA,giao-duc-chinh-tri,C00,Điểm học bạ,2021,18.0,Giáo dục Chính trị
127737,QSA,giao-duc-chinh-tri,C19,Điểm học bạ,2021,18.0,Giáo dục Chính trị
127738,QSA,giao-duc-chinh-tri,D01,Điểm học bạ,2021,18.0,Giáo dục Chính trị
127739,QSA,giao-duc-chinh-tri,D66,Điểm học bạ,2021,18.0,Giáo dục Chính trị
127740,QSA,giao-duc-chinh-tri,C00,Điểm thi THPT,2021,19.0,Giáo dục Chính trị
127741,QSA,giao-duc-chinh-tri,C19,Điểm thi THPT,2021,19.0,Giáo dục Chính trị
127742,QSA,giao-duc-chinh-tri,D01,Điểm thi THPT,2021,19.0,Giáo dục Chính trị
127743,QSA,giao-duc-chinh-tri,D66,Điểm thi THPT,2021,19.0,Giáo dục Chính trị
127744,QSA,giao-duc-chinh-tri,C00,Điểm thi THPT,2022,24.5,Giáo dục Chính trị
127745,QSA,giao-duc-chinh-tri,C19,Điểm thi THPT,2022,24.5,Giáo dục Chính trị
127746,QSA,giao-duc-chinh-tri,D01,Điểm thi THPT,2022,24.5,Giáo dục Chính trị
127747,QSA,giao-duc-chinh-tri,D66,Điểm thi THPT,2022,24.5,Giáo dục Chính trị
127748,QSA,giao-duc-chinh-tri,C00,Điểm học bạ,2023,26.5,Giáo dục Chính trị
127749,QSA,giao-duc-chinh-tri,C19,Điểm học bạ,2023,26.5,Giáo dục Chính trị
127750,QSA,giao-duc-chinh-tri,D01,Điểm học bạ,2023,26.5,Giáo dục Chính trị
127751,QSA,giao-duc-chinh-tri,D66,Điểm học bạ,2023,26.5,Giáo dục Chính trị
127752,QSA,giao-duc-chinh-tri,C00,Điểm thi THPT,2023,25.81,Giáo dục chính trị
127753,QSA,giao-duc-chinh-tri,C19,Điểm thi THPT,2023,25.81,Giáo dục chính trị
127754,QSA,giao-duc-chinh-tri,D01,Điểm thi THPT,2023,25.81,Giáo dục chính trị
127755,QSA,giao-duc-chinh-tri,D66,Điểm thi THPT,2023,25.81,Giáo dục chính trị
127756,QSA,giao-duc-chinh-tri,C00,Điểm học bạ,2024,27.45,Giáo dục Chính trị
127757,QSA,giao-duc-chinh-tri,C19,Điểm học bạ,2024,27.45,Giáo dục Chính trị
127758,QSA,giao-duc-chinh-tri,D01,Điểm học bạ,2024,27.45,Giáo dục Chính trị
127759,QSA,giao-duc-chinh-tri,D66,Điểm học bạ,2024,27.45,Giáo dục Chính trị
127760,QSA,giao-duc-chinh-tri,C00,Điểm thi THPT,2024,26.99,Giáo dục Chính trị
127761,QSA,giao-duc-chinh-tri,C19,Điểm thi THPT,2024,26.99,Giáo dục Chính trị
127762,QSA,giao-duc-chinh-tri,D01,Điểm thi THPT,2024,26.99,Giáo dục Chính trị
127763,QSA,giao-duc-chinh-tri,D66,Điểm thi THPT,2024,26.99,Giáo dục Chính trị
127764,QSA,giao-duc-chinh-tri,A00,Điểm thi THPT,2025,25.3,Giáo dục Chính trị
127765,QSA,giao-duc-chinh-tri,A01,Điểm thi THPT,2025,25.3,Giáo dục Chính trị
127766,QSA,giao-duc-chinh-tri,A02,Điểm thi THPT,2025,25.3,Giáo dục Chính trị
127767,QSA,giao-duc-chinh-tri,A03,Điểm thi THPT,2025,25.3,Giáo dục Chính trị
127768,QSA,giao-duc-chinh-tri,A04,Điểm thi THPT,2025,25.3,Giáo dục Chính trị
127769,QSA,giao-duc-chinh-tri,A05,Điểm thi THPT,2025,25.3,Giáo dục Chính trị
127770,QSA,giao-duc-chinh-tri,A06,Điểm thi THPT,2025,25.3,Giáo dục Chính trị
127771,QSA,giao-duc-chinh-tri,A07,Điểm thi THPT,2025,25.3,Giáo dục Chính trị
127772,QSA,giao-duc-chinh-tri,B00,Điểm thi THPT,2025,25.3,Giáo dục Chính trị
127773,QSA,giao-duc-chinh-tri,B02,Điểm thi THPT,2025,25.3,Giáo dục Chính trị
127774,QSA,giao-duc-chinh-tri,B03,Điểm thi THPT,2025,25.3,Giáo dục Chính trị
127775,QSA,giao-duc-chinh-tri,B08,Điểm thi THPT,2025,25.3,Giáo dục Chính trị
127776,QSA,giao-duc-chinh-tri,C00,Điểm thi THPT,2025,28.0,Giáo dục Chính trị
127777,QSA,giao-duc-chinh-tri,C01,Điểm thi THPT,2025,25.13,Giáo dục Chính trị
127778,QSA,giao-duc-chinh-tri,C02,Điểm thi THPT,2025,25.13,Giáo dục Chính trị
127779,QSA,giao-duc-chinh-tri,C03,Điểm thi THPT,2025,25.13,Giáo dục Chính trị
127780,QSA,giao-duc-chinh-tri,C04,Điểm thi THPT,2025,25.13,Giáo dục Chính trị
127781,QSA,giao-duc-chinh-tri,C08,Điểm thi THPT,2025,25.13,Giáo dục Chính trị
127782,QSA,giao-duc-chinh-tri,D01,Điểm thi THPT,2025,25.3,Giáo dục Chính trị
127783,QSA,giao-duc-chinh-tri,D07,Điểm thi THPT,2025,25.3,Giáo dục Chính trị
127784,QSA,giao-duc-chinh-tri,D09,Điểm thi THPT,2025,25.3,Giáo dục Chính trị
127785,QSA,giao-duc-chinh-tri,D10,Điểm thi THPT,2025,25.3,Giáo dục Chính trị
127786,QSA,giao-duc-chinh-tri,D14,Điểm thi THPT,2025,25.3,Giáo dục Chính trị
127787,QSA,giao-duc-chinh-tri,D15,Điểm thi THPT,2025,25.3,Giáo dục Chính trị
127788,QSA,giao-duc-chinh-tri,M00,Điểm thi THPT,2025,25.3,Giáo dục Chính trị
127789,QSA,giao-duc-chinh-tri,M01,Điểm thi THPT,2025,25.3,Giáo dục Chính trị
127790,QSA,giao-duc-chinh-tri,M26,Điểm thi THPT,2025,25.3,Giáo dục Chính trị
127791,QSA,giao-duc-chinh-tri,M27,Điểm thi THPT,2025,25.3,Giáo dục Chính trị
127792,QSA,giao-duc-chinh-tri,M28,Điểm thi THPT,2025,25.3,Giáo dục Chính trị
127793,QSA,giao-duc-chinh-tri,M29,Điểm thi THPT,2025,25.3,Giáo dục Chính trị
127794,QSA,giao-duc-chinh-tri,M30,Điểm thi THPT,2025,25.3,Giáo dục Chính trị
127795,QSA,giao-duc-chinh-tri,X01,Điểm thi THPT,2025,25.3,Giáo dục Chính trị
127796,QSA,giao-duc-chinh-tri,X04,Điểm thi THPT,2025,25.3,Giáo dục Chính trị
127797,QSA,giao-duc-chinh-tri,X05,Điểm thi THPT,2025,25.3,Giáo dục Chính trị
127798,QSA,giao-duc-chinh-tri,X06,Điểm thi THPT,2025,25.3,Giáo dục Chính trị
127799,QSA,giao-duc-chinh-tri,X08,Điểm thi THPT,2025,25.3,Giáo dục Chính trị
127800,QSA,giao-duc-chinh-tri,X10,Điểm thi THPT,2025,25.3,Giáo dục Chính trị
127801,QSA,giao-duc-chinh-tri,X12,Điểm thi THPT,2025,25.3,Giáo dục Chính trị
127802,QSA,giao-duc-chinh-tri,X14,Điểm thi THPT,2025,25.3,Giáo dục Chính trị
127803,QSA,giao-duc-chinh-tri,X17,Điểm thi THPT,2025,25.13,Giáo dục Chính trị
127804,QSA,giao-duc-chinh-tri,X20,Điểm thi THPT,2025,25.3,Giáo dục Chính trị
127805,QSA,giao-duc-chinh-tri,X24,Điểm thi THPT,2025,25.3,Giáo dục Chính trị
127806,QSA,giao-duc-chinh-tri,X25,Điểm thi THPT,2025,25.3,Giáo dục Chính trị
127807,QSA,giao-duc-chinh-tri,X26,Điểm thi THPT,2025,25.3,Giáo dục Chính trị
127808,QSA,giao-duc-chinh-tri,X27,Điểm thi THPT,2025,25.3,Giáo dục Chính trị
127809,QSA,giao-duc-chinh-tri,X28,Điểm thi THPT,2025,25.3,Giáo dục Chính trị
127810,QSA,giao-duc-chinh-tri,X65,Điểm thi THPT,2025,25.3,Giáo dục Chính trị
127811,QSA,giao-duc-chinh-tri,X70,Điểm thi THPT,2025,25.13,Giáo dục Chính trị
127812,QSA,giao-duc-chinh-tri,X74,Điểm thi THPT,2025,25.13,Giáo dục Chính trị
127813,QSA,giao-duc-chinh-tri,X78,Điểm thi THPT,2025,25.3,Giáo dục Chính trị
127814,QSA,giao-duc-chinh-tri,X80,Điểm thi THPT,2025,25.3,Giáo dục Chính trị
127815,QSA,giao-duc-chinh-tri,X81,Điểm thi THPT,2025,25.3,Giáo dục Chính trị
127816,QSA,giao-duc-mam-non,M02,Điểm học bạ,2021,18.0,Giáo dục Mầm non
127817,QSA,giao-duc-mam-non,M03,Điểm học bạ,2021,18.0,Giáo dục Mầm non
127818,QSA,giao-duc-mam-non,M05,Điểm học bạ,2021,18.0,Giáo dục Mầm non
127819,QSA,giao-duc-mam-non,M06,Điểm học bạ,2021,18.0,Giáo dục Mầm non
127820,QSA,giao-duc-mam-non,M02,Điểm thi THPT,2021,19.0,Giáo dục Mầm non
127821,QSA,giao-duc-mam-non,M03,Điểm thi THPT,2021,19.0,Giáo dục Mầm non
127822,QSA,giao-duc-mam-non,M05,Điểm thi THPT,2021,19.0,Giáo dục Mầm non
127823,QSA,giao-duc-mam-non,M06,Điểm thi THPT,2021,19.0,Giáo dục Mầm non
127824,QSA,giao-duc-mam-non,M02,Điểm thi THPT,2022,19.0,Giáo dục Mầm non
127825,QSA,giao-duc-mam-non,M03,Điểm thi THPT,2022,19.0,Giáo dục Mầm non
127826,QSA,giao-duc-mam-non,M05,Điểm thi THPT,2022,19.0,Giáo dục Mầm non
127827,QSA,giao-duc-mam-non,M06,Điểm thi THPT,2022,19.0,Giáo dục Mầm non
127828,QSA,giao-duc-mam-non,M02,Điểm thi THPT,2023,19.6,Giáo dục Mầm non
127829,QSA,giao-duc-mam-non,M03,Điểm thi THPT,2023,19.6,Giáo dục Mầm non
127830,QSA,giao-duc-mam-non,M05,Điểm thi THPT,2023,19.6,Giáo dục Mầm non
127831,QSA,giao-duc-mam-non,M06,Điểm thi THPT,2023,19.6,Giáo dục Mầm non
127832,QSA,giao-duc-mam-non,M00,Điểm học bạ,2024,23.45,Giáo dục Mầm non
127833,QSA,giao-duc-mam-non,M01,Điểm học bạ,2024,23.45,Giáo dục Mầm non
127834,QSA,giao-duc-mam-non,M10,Điểm học bạ,2024,23.45,Giáo dục Mầm non
127835,QSA,giao-duc-mam-non,M13,Điểm học bạ,2024,23.45,Giáo dục Mầm non
127836,QSA,giao-duc-mam-non,M00,Điểm thi THPT,2024,22.79,Giáo dục Mầm non
127837,QSA,giao-duc-mam-non,M01,Điểm thi THPT,2024,22.79,Giáo dục Mầm non
127838,QSA,giao-duc-mam-non,M10,Điểm thi THPT,2024,22.79,Giáo dục Mầm non
127839,QSA,giao-duc-mam-non,M13,Điểm thi THPT,2024,22.79,Giáo dục Mầm non
127840,QSA,giao-duc-mam-non,A00,Điểm thi THPT,2025,23.48,Giáo dục Mầm non
127841,QSA,giao-duc-mam-non,A01,Điểm thi THPT,2025,23.48,Giáo dục Mầm non
127842,QSA,giao-duc-mam-non,A02,Điểm thi THPT,2025,23.48,Giáo dục Mầm non
127843,QSA,giao-duc-mam-non,A03,Điểm thi THPT,2025,23.48,Giáo dục Mầm non
127844,QSA,giao-duc-mam-non,A04,Điểm thi THPT,2025,23.48,Giáo dục Mầm non
127845,QSA,giao-duc-mam-non,A05,Điểm thi THPT,2025,23.48,Giáo dục Mầm non
127846,QSA,giao-duc-mam-non,A06,Điểm thi THPT,2025,23.48,Giáo dục Mầm non
127847,QSA,giao-duc-mam-non,A07,Điểm thi THPT,2025,23.48,Giáo dục Mầm non
127848,QSA,giao-duc-mam-non,B00,Điểm thi THPT,2025,23.48,Giáo dục Mầm non
127849,QSA,giao-duc-mam-non,B02,Điểm thi THPT,2025,23.48,Giáo dục Mầm non
127850,QSA,giao-duc-mam-non,B03,Điểm thi THPT,2025,23.48,Giáo dục Mầm non
127851,QSA,giao-duc-mam-non,B08,Điểm thi THPT,2025,23.48,Giáo dục Mầm non
127852,QSA,giao-duc-mam-non,D01,Điểm thi THPT,2025,23.48,Giáo dục Mầm non
127853,QSA,giao-duc-mam-non,D07,Điểm thi THPT,2025,23.48,Giáo dục Mầm non
127854,QSA,giao-duc-mam-non,D09,Điểm thi THPT,2025,23.48,Giáo dục Mầm non
127855,QSA,giao-duc-mam-non,D10,Điểm thi THPT,2025,23.48,Giáo dục Mầm non
127856,QSA,giao-duc-mam-non,D14,Điểm thi THPT,2025,23.48,Giáo dục Mầm non
127857,QSA,giao-duc-mam-non,D15,Điểm thi THPT,2025,23.48,Giáo dục Mầm non
127858,QSA,giao-duc-mam-non,M00,Điểm thi THPT,2025,23.48,Giáo dục Mầm non
127859,QSA,giao-duc-mam-non,M01,Điểm thi THPT,2025,23.48,Giáo dục Mầm non
127860,QSA,giao-duc-mam-non,M26,Điểm thi THPT,2025,23.48,Giáo dục Mầm non
127861,QSA,giao-duc-mam-non,M27,Điểm thi THPT,2025,23.48,Giáo dục Mầm non
127862,QSA,giao-duc-mam-non,M28,Điểm thi THPT,2025,23.48,Giáo dục Mầm non
127863,QSA,giao-duc-mam-non,M29,Điểm thi THPT,2025,23.48,Giáo dục Mầm non
127864,QSA,giao-duc-mam-non,M30,Điểm thi THPT,2025,23.48,Giáo dục Mầm non
127865,QSA,giao-duc-mam-non,X01,Điểm thi THPT,2025,23.48,Giáo dục Mầm non
127866,QSA,giao-duc-mam-non,X04,Điểm thi THPT,2025,23.48,Giáo dục Mầm non
127867,QSA,giao-duc-mam-non,X05,Điểm thi THPT,2025,23.48,Giáo dục Mầm non
127868,QSA,giao-duc-mam-non,X06,Điểm thi THPT,2025,23.48,Giáo dục Mầm non
127869,QSA,giao-duc-mam-non,X08,Điểm thi THPT,2025,23.48,Giáo dục Mầm non
127870,QSA,giao-duc-mam-non,X10,Điểm thi THPT,2025,23.48,Giáo dục Mầm non
127871,QSA,giao-duc-mam-non,X12,Điểm thi THPT,2025,23.48,Giáo dục Mầm non
127872,QSA,giao-duc-mam-non,X14,Điểm thi THPT,2025,23.48,Giáo dục Mầm non
127873,QSA,giao-duc-mam-non,X20,Điểm thi THPT,2025,23.48,Giáo dục Mầm non
127874,QSA,giao-duc-mam-non,X24,Điểm thi THPT,2025,23.48,Giáo dục Mầm non
127875,QSA,giao-duc-mam-non,X25,Điểm thi THPT,2025,23.48,Giáo dục Mầm non
127876,QSA,giao-duc-mam-non,X26,Điểm thi THPT,2025,23.48,Giáo dục Mầm non
127877,QSA,giao-duc-mam-non,X27,Điểm thi THPT,2025,23.48,Giáo dục Mầm non
127878,QSA,giao-duc-mam-non,X28,Điểm thi THPT,2025,23.48,Giáo dục Mầm non
127879,QSA,giao-duc-mam-non,X65,Điểm thi THPT,2025,23.48,Giáo dục Mầm non
127880,QSA,giao-duc-mam-non,X78,Điểm thi THPT,2025,23.48,Giáo dục Mầm non
127881,QSA,giao-duc-mam-non,X80,Điểm thi THPT,2025,23.48,Giáo dục Mầm non
127882,QSA,giao-duc-mam-non,X81,Điểm thi THPT,2025,23.48,Giáo dục Mầm non
127883,QSA,giao-duc-tieu-hoc,A00,Điểm học bạ,2021,18.0,Giáo dục Tiểu học
127884,QSA,giao-duc-tieu-hoc,A01,Điểm học bạ,2021,18.0,Giáo dục Tiểu học
127885,QSA,giao-duc-tieu-hoc,C00,Điểm học bạ,2021,18.0,Giáo dục Tiểu học
127886,QSA,giao-duc-tieu-hoc,D01,Điểm học bạ,2021,18.0,Giáo dục Tiểu học
127887,QSA,giao-duc-tieu-hoc,A00,Điểm thi THPT,2021,20.0,Giáo dục Tiểu học
127888,QSA,giao-duc-tieu-hoc,A01,Điểm thi THPT,2021,20.0,Giáo dục Tiểu học
127889,QSA,giao-duc-tieu-hoc,C00,Điểm thi THPT,2021,20.0,Giáo dục Tiểu học
127890,QSA,giao-duc-tieu-hoc,D01,Điểm thi THPT,2021,20.0,Giáo dục Tiểu học
127891,QSA,giao-duc-tieu-hoc,A00,Điểm thi THPT,2022,24.5,Giáo dục Tiểu học
127892,QSA,giao-duc-tieu-hoc,A01,Điểm thi THPT,2022,24.5,Giáo dục Tiểu học
127893,QSA,giao-duc-tieu-hoc,C00,Điểm thi THPT,2022,24.5,Giáo dục Tiểu học
127894,QSA,giao-duc-tieu-hoc,D01,Điểm thi THPT,2022,24.5,Giáo dục Tiểu học
127895,QSA,giao-duc-tieu-hoc,A00,Điểm học bạ,2023,26.75,Giáo dục Tiểu học
127896,QSA,giao-duc-tieu-hoc,A01,Điểm học bạ,2023,26.75,Giáo dục Tiểu học
127897,QSA,giao-duc-tieu-hoc,C00,Điểm học bạ,2023,26.75,Giáo dục Tiểu học
127898,QSA,giao-duc-tieu-hoc,D01,Điểm học bạ,2023,26.75,Giáo dục Tiểu học
127899,QSA,giao-duc-tieu-hoc,A00,Điểm thi THPT,2023,23.26,Giáo dục Tiểu học
127900,QSA,giao-duc-tieu-hoc,A01,Điểm thi THPT,2023,23.26,Giáo dục Tiểu học
127901,QSA,giao-duc-tieu-hoc,C00,Điểm thi THPT,2023,23.26,Giáo dục Tiểu học
127902,QSA,giao-duc-tieu-hoc,D01,Điểm thi THPT,2023,23.26,Giáo dục Tiểu học
127903,QSA,giao-duc-tieu-hoc,A00,Điểm học bạ,2024,27.4,Giáo dục Tiểu học
127904,QSA,giao-duc-tieu-hoc,A01,Điểm học bạ,2024,27.4,Giáo dục Tiểu học
127905,QSA,giao-duc-tieu-hoc,C00,Điểm học bạ,2024,27.4,Giáo dục Tiểu học
127906,QSA,giao-duc-tieu-hoc,D01,Điểm học bạ,2024,27.4,Giáo dục Tiểu học
127907,QSA,giao-duc-tieu-hoc,A00,Điểm thi THPT,2024,26.63,Giáo dục Tiểu học
127908,QSA,giao-duc-tieu-hoc,A01,Điểm thi THPT,2024,26.63,Giáo dục Tiểu học
127909,QSA,giao-duc-tieu-hoc,C00,Điểm thi THPT,2024,26.63,Giáo dục Tiểu học
127910,QSA,giao-duc-tieu-hoc,D01,Điểm thi THPT,2024,26.63,Giáo dục Tiểu học
127911,QSA,giao-duc-tieu-hoc,A00,Điểm thi THPT,2025,23.01,Giáo dục Tiểu học
127912,QSA,giao-duc-tieu-hoc,A01,Điểm thi THPT,2025,23.01,Giáo dục Tiểu học
127913,QSA,giao-duc-tieu-hoc,A02,Điểm thi THPT,2025,23.01,Giáo dục Tiểu học
127914,QSA,giao-duc-tieu-hoc,A03,Điểm thi THPT,2025,23.01,Giáo dục Tiểu học
127915,QSA,giao-duc-tieu-hoc,A04,Điểm thi THPT,2025,23.01,Giáo dục Tiểu học
127916,QSA,giao-duc-tieu-hoc,A05,Điểm thi THPT,2025,23.01,Giáo dục Tiểu học
127917,QSA,giao-duc-tieu-hoc,A06,Điểm thi THPT,2025,23.01,Giáo dục Tiểu học
127918,QSA,giao-duc-tieu-hoc,A07,Điểm thi THPT,2025,23.01,Giáo dục Tiểu học
127919,QSA,giao-duc-tieu-hoc,B00,Điểm thi THPT,2025,23.01,Giáo dục Tiểu học
127920,QSA,giao-duc-tieu-hoc,B02,Điểm thi THPT,2025,23.01,Giáo dục Tiểu học
127921,QSA,giao-duc-tieu-hoc,B03,Điểm thi THPT,2025,23.01,Giáo dục Tiểu học
127922,QSA,giao-duc-tieu-hoc,B08,Điểm thi THPT,2025,23.01,Giáo dục Tiểu học
127923,QSA,giao-duc-tieu-hoc,C01,Điểm thi THPT,2025,23.28,Giáo dục Tiểu học
127924,QSA,giao-duc-tieu-hoc,C02,Điểm thi THPT,2025,23.28,Giáo dục Tiểu học
127925,QSA,giao-duc-tieu-hoc,C03,Điểm thi THPT,2025,23.28,Giáo dục Tiểu học
127926,QSA,giao-duc-tieu-hoc,C04,Điểm thi THPT,2025,23.28,Giáo dục Tiểu học
127927,QSA,giao-duc-tieu-hoc,C08,Điểm thi THPT,2025,23.28,Giáo dục Tiểu học
127928,QSA,giao-duc-tieu-hoc,D01,Điểm thi THPT,2025,23.01,Giáo dục Tiểu học
127929,QSA,giao-duc-tieu-hoc,D07,Điểm thi THPT,2025,23.01,Giáo dục Tiểu học
127930,QSA,giao-duc-tieu-hoc,D09,Điểm thi THPT,2025,23.01,Giáo dục Tiểu học
127931,QSA,giao-duc-tieu-hoc,D10,Điểm thi THPT,2025,23.01,Giáo dục Tiểu học
127932,QSA,giao-duc-tieu-hoc,D14,Điểm thi THPT,2025,23.01,Giáo dục Tiểu học
127933,QSA,giao-duc-tieu-hoc,D15,Điểm thi THPT,2025,23.01,Giáo dục Tiểu học
127934,QSA,giao-duc-tieu-hoc,M00,Điểm thi THPT,2025,23.01,Giáo dục Tiểu học
127935,QSA,giao-duc-tieu-hoc,M01,Điểm thi THPT,2025,23.01,Giáo dục Tiểu học
127936,QSA,giao-duc-tieu-hoc,M26,Điểm thi THPT,2025,23.01,Giáo dục Tiểu học
127937,QSA,giao-duc-tieu-hoc,M27,Điểm thi THPT,2025,23.01,Giáo dục Tiểu học
127938,QSA,giao-duc-tieu-hoc,M28,Điểm thi THPT,2025,23.01,Giáo dục Tiểu học
127939,QSA,giao-duc-tieu-hoc,M29,Điểm thi THPT,2025,23.01,Giáo dục Tiểu học
127940,QSA,giao-duc-tieu-hoc,M30,Điểm thi THPT,2025,23.01,Giáo dục Tiểu học
127941,QSA,giao-duc-tieu-hoc,X01,Điểm thi THPT,2025,23.01,Giáo dục Tiểu học
127942,QSA,giao-duc-tieu-hoc,X04,Điểm thi THPT,2025,23.01,Giáo dục Tiểu học
127943,QSA,giao-duc-tieu-hoc,X05,Điểm thi THPT,2025,23.01,Giáo dục Tiểu học
127944,QSA,giao-duc-tieu-hoc,X06,Điểm thi THPT,2025,23.01,Giáo dục Tiểu học
127945,QSA,giao-duc-tieu-hoc,X08,Điểm thi THPT,2025,23.01,Giáo dục Tiểu học
127946,QSA,giao-duc-tieu-hoc,X10,Điểm thi THPT,2025,23.01,Giáo dục Tiểu học
127947,QSA,giao-duc-tieu-hoc,X12,Điểm thi THPT,2025,23.01,Giáo dục Tiểu học
127948,QSA,giao-duc-tieu-hoc,X14,Điểm thi THPT,2025,23.01,Giáo dục Tiểu học
127949,QSA,giao-duc-tieu-hoc,X17,Điểm thi THPT,2025,23.28,Giáo dục Tiểu học
127950,QSA,giao-duc-tieu-hoc,X20,Điểm thi THPT,2025,23.01,Giáo dục Tiểu học
127951,QSA,giao-duc-tieu-hoc,X24,Điểm thi THPT,2025,23.01,Giáo dục Tiểu học
127952,QSA,giao-duc-tieu-hoc,X25,Điểm thi THPT,2025,23.01,Giáo dục Tiểu học
127953,QSA,giao-duc-tieu-hoc,X26,Điểm thi THPT,2025,23.01,Giáo dục Tiểu học
127954,QSA,giao-duc-tieu-hoc,X27,Điểm thi THPT,2025,23.01,Giáo dục Tiểu học
127955,QSA,giao-duc-tieu-hoc,X28,Điểm thi THPT,2025,23.01,Giáo dục Tiểu học
127956,QSA,giao-duc-tieu-hoc,X65,Điểm thi THPT,2025,23.01,Giáo dục Tiểu học
127957,QSA,giao-duc-tieu-hoc,X70,Điểm thi THPT,2025,23.28,Giáo dục Tiểu học
127958,QSA,giao-duc-tieu-hoc,X74,Điểm thi THPT,2025,23.28,Giáo dục Tiểu học
127959,QSA,giao-duc-tieu-hoc,X78,Điểm thi THPT,2025,23.01,Giáo dục Tiểu học
127960,QSA,giao-duc-tieu-hoc,X80,Điểm thi THPT,2025,23.01,Giáo dục Tiểu học
127961,QSA,giao-duc-tieu-hoc,X81,Điểm thi THPT,2025,23.01,Giáo dục Tiểu học
127962,QSA,giao-muc-mam-non,M02,Điểm học bạ,2023,23.0,Giáo mục mầm non
127963,QSA,giao-muc-mam-non,M03,Điểm học bạ,2023,23.0,Giáo mục mầm non
127964,QSA,giao-muc-mam-non,M05,Điểm học bạ,2023,23.0,Giáo mục mầm non
127965,QSA,giao-muc-mam-non,M06,Điểm học bạ,2023,23.0,Giáo mục mầm non
127966,QSA,ke-toan,A00,Điểm học bạ,2021,18.0,Kế toán
127967,QSA,ke-toan,A01,Điểm học bạ,2021,18.0,Kế toán
127968,QSA,ke-toan,C15,Điểm học bạ,2021,18.0,Kế toán
127969,QSA,ke-toan,D01,Điểm học bạ,2021,18.0,Kế toán
127970,QSA,ke-toan,A00,Điểm thi THPT,2021,21.5,Kế toán
127971,QSA,ke-toan,A01,Điểm thi THPT,2021,21.5,Kế toán
127972,QSA,ke-toan,C15,Điểm thi THPT,2021,21.5,Kế toán
127973,QSA,ke-toan,D01,Điểm thi THPT,2021,21.5,Kế toán
127974,QSA,ke-toan,A00,Điểm thi THPT,2022,23.8,Kế toán
127975,QSA,ke-toan,A01,Điểm thi THPT,2022,23.8,Kế toán
127976,QSA,ke-toan,C15,Điểm thi THPT,2022,23.8,Kế toán
127977,QSA,ke-toan,D01,Điểm thi THPT,2022,23.8,Kế toán
127978,QSA,ke-toan,A00,Điểm học bạ,2023,26.64,Kế toán
127979,QSA,ke-toan,A01,Điểm học bạ,2023,26.64,Kế toán
127980,QSA,ke-toan,C15,Điểm học bạ,2023,26.64,Kế toán
127981,QSA,ke-toan,D01,Điểm học bạ,2023,26.64,Kế toán
127982,QSA,ke-toan,A00,Điểm thi THPT,2023,22.5,Kế toán
127983,QSA,ke-toan,A01,Điểm thi THPT,2023,22.5,Kế toán
127984,QSA,ke-toan,C15,Điểm thi THPT,2023,22.5,Kế toán
127985,QSA,ke-toan,D01,Điểm thi THPT,2023,22.5,Kế toán
127986,QSA,ke-toan,A00,Điểm học bạ,2024,25.96,Kế toán
127987,QSA,ke-toan,A01,Điểm học bạ,2024,25.96,Kế toán
127988,QSA,ke-toan,C15,Điểm học bạ,2024,25.96,Kế toán
127989,QSA,ke-toan,D01,Điểm học bạ,2024,25.96,Kế toán
127990,QSA,ke-toan,A00,Điểm thi THPT,2024,23.02,Kế toán
127991,QSA,ke-toan,A01,Điểm thi THPT,2024,23.02,Kế toán
127992,QSA,ke-toan,C15,Điểm thi THPT,2024,23.02,Kế toán
127993,QSA,ke-toan,D01,Điểm thi THPT,2024,23.02,Kế toán
127994,QSA,ke-toan,A00,Điểm thi THPT,2025,16.5,Kế toán
127995,QSA,ke-toan,A01,Điểm thi THPT,2025,16.5,Kế toán
127996,QSA,ke-toan,A02,Điểm thi THPT,2025,16.5,Kế toán
127997,QSA,ke-toan,A03,Điểm thi THPT,2025,16.5,Kế toán
127998,QSA,ke-toan,A04,Điểm thi THPT,2025,16.5,Kế toán
127999,QSA,ke-toan,A05,Điểm thi THPT,2025,16.5,Kế toán
128000,QSA,ke-toan,A06,Điểm thi THPT,2025,16.5,Kế toán
128001,QSA,ke-toan,A07,Điểm thi THPT,2025,16.5,Kế toán
128002,QSA,ke-toan,B00,Điểm thi THPT,2025,16.5,Kế toán
128003,QSA,ke-toan,B02,Điểm thi THPT,2025,16.5,Kế toán
128004,QSA,ke-toan,B03,Điểm thi THPT,2025,16.5,Kế toán
128005,QSA,ke-toan,B08,Điểm thi THPT,2025,16.5,Kế toán
128006,QSA,ke-toan,D01,Điểm thi THPT,2025,16.5,Kế toán
128007,QSA,ke-toan,D07,Điểm thi THPT,2025,16.5,Kế toán
128008,QSA,ke-toan,D09,Điểm thi THPT,2025,16.5,Kế toán
128009,QSA,ke-toan,D10,Điểm thi THPT,2025,16.5,Kế toán
128010,QSA,ke-toan,D14,Điểm thi THPT,2025,16.5,Kế toán
128011,QSA,ke-toan,D15,Điểm thi THPT,2025,16.5,Kế toán
128012,QSA,ke-toan,M00,Điểm thi THPT,2025,16.5,Kế toán
128013,QSA,ke-toan,M01,Điểm thi THPT,2025,16.5,Kế toán
128014,QSA,ke-toan,M26,Điểm thi THPT,2025,16.5,Kế toán
128015,QSA,ke-toan,M27,Điểm thi THPT,2025,16.5,Kế toán
128016,QSA,ke-toan,M28,Điểm thi THPT,2025,16.5,Kế toán
128017,QSA,ke-toan,M29,Điểm thi THPT,2025,16.5,Kế toán
128018,QSA,ke-toan,M30,Điểm thi THPT,2025,16.5,Kế toán
128019,QSA,ke-toan,X01,Điểm thi THPT,2025,16.5,Kế toán
128020,QSA,ke-toan,X04,Điểm thi THPT,2025,16.5,Kế toán
128021,QSA,ke-toan,X05,Điểm thi THPT,2025,16.5,Kế toán
128022,QSA,ke-toan,X06,Điểm thi THPT,2025,16.5,Kế toán
128023,QSA,ke-toan,X08,Điểm thi THPT,2025,16.5,Kế toán
128024,QSA,ke-toan,X10,Điểm thi THPT,2025,16.5,Kế toán
128025,QSA,ke-toan,X12,Điểm thi THPT,2025,16.5,Kế toán
128026,QSA,ke-toan,X14,Điểm thi THPT,2025,16.5,Kế toán
128027,QSA,ke-toan,X20,Điểm thi THPT,2025,16.5,Kế toán
128028,QSA,ke-toan,X24,Điểm thi THPT,2025,16.5,Kế toán
128029,QSA,ke-toan,X25,Điểm thi THPT,2025,16.5,Kế toán
128030,QSA,ke-toan,X26,Điểm thi THPT,2025,16.5,Kế toán
128031,QSA,ke-toan,X27,Điểm thi THPT,2025,16.5,Kế toán
128032,QSA,ke-toan,X28,Điểm thi THPT,2025,16.5,Kế toán
128033,QSA,ke-toan,X65,Điểm thi THPT,2025,16.5,Kế toán
128034,QSA,ke-toan,X78,Điểm thi THPT,2025,16.5,Kế toán
128035,QSA,ke-toan,X80,Điểm thi THPT,2025,16.5,Kế toán
128036,QSA,ke-toan,X81,Điểm thi THPT,2025,16.5,Kế toán
128037,QSA,khoa-hoc-cay-trong,A00,Điểm học bạ,2021,18.0,Khoa học cây trồng
128038,QSA,khoa-hoc-cay-trong,B00,Điểm học bạ,2021,18.0,Khoa học cây trồng
128039,QSA,khoa-hoc-cay-trong,C15,Điểm học bạ,2021,18.0,Khoa học cây trồng
128040,QSA,khoa-hoc-cay-trong,D01,Điểm học bạ,2021,18.0,Khoa học cây trồng
128041,QSA,khoa-hoc-cay-trong,A00,Điểm thi THPT,2021,16.0,Khoa học cây trồng
128042,QSA,khoa-hoc-cay-trong,B00,Điểm thi THPT,2021,16.0,Khoa học cây trồng
128043,QSA,khoa-hoc-cay-trong,C15,Điểm thi THPT,2021,16.0,Khoa học cây trồng
128044,QSA,khoa-hoc-cay-trong,D01,Điểm thi THPT,2021,16.0,Khoa học cây trồng
128045,QSA,khoa-hoc-cay-trong,A00,Điểm thi THPT,2022,16.0,Khoa học cây trồng
128046,QSA,khoa-hoc-cay-trong,B00,Điểm thi THPT,2022,16.0,Khoa học cây trồng
128047,QSA,khoa-hoc-cay-trong,C15,Điểm thi THPT,2022,16.0,Khoa học cây trồng
128048,QSA,khoa-hoc-cay-trong,D01,Điểm thi THPT,2022,16.0,Khoa học cây trồng
128049,QSA,khoa-hoc-cay-trong,A00,Điểm học bạ,2023,23.5,Khoa học cây trồng
128050,QSA,khoa-hoc-cay-trong,B00,Điểm học bạ,2023,23.5,Khoa học cây trồng
128051,QSA,khoa-hoc-cay-trong,C15,Điểm học bạ,2023,23.5,Khoa học cây trồng
128052,QSA,khoa-hoc-cay-trong,D01,Điểm học bạ,2023,23.5,Khoa học cây trồng
128053,QSA,khoa-hoc-cay-trong,A00,Điểm thi THPT,2023,18.66,Khoa học cây trồng
128054,QSA,khoa-hoc-cay-trong,B00,Điểm thi THPT,2023,18.66,Khoa học cây trồng
128055,QSA,khoa-hoc-cay-trong,C15,Điểm thi THPT,2023,18.66,Khoa học cây trồng
128056,QSA,khoa-hoc-cay-trong,D01,Điểm thi THPT,2023,18.66,Khoa học cây trồng
128057,QSA,khoa-hoc-cay-trong,A00,Điểm học bạ,2024,23.0,Khoa học cây trồng
128058,QSA,khoa-hoc-cay-trong,B00,Điểm học bạ,2024,23.0,Khoa học cây trồng
128059,QSA,khoa-hoc-cay-trong,C15,Điểm học bạ,2024,23.0,Khoa học cây trồng
128060,QSA,khoa-hoc-cay-trong,D01,Điểm học bạ,2024,23.0,Khoa học cây trồng
128061,QSA,khoa-hoc-cay-trong,A00,Điểm thi THPT,2024,16.0,Khoa học cây trồng
128062,QSA,khoa-hoc-cay-trong,B00,Điểm thi THPT,2024,16.0,Khoa học cây trồng
128063,QSA,khoa-hoc-cay-trong,C15,Điểm thi THPT,2024,16.0,Khoa học cây trồng
128064,QSA,khoa-hoc-cay-trong,D01,Điểm thi THPT,2024,16.0,Khoa học cây trồng
128065,QSA,khoa-hoc-cay-trong,A00,Điểm thi THPT,2025,16.0,Khoa học cây trồng
128066,QSA,khoa-hoc-cay-trong,A01,Điểm thi THPT,2025,16.0,Khoa học cây trồng
128067,QSA,khoa-hoc-cay-trong,A02,Điểm thi THPT,2025,16.0,Khoa học cây trồng
128068,QSA,khoa-hoc-cay-trong,A03,Điểm thi THPT,2025,16.0,Khoa học cây trồng
128069,QSA,khoa-hoc-cay-trong,A04,Điểm thi THPT,2025,16.0,Khoa học cây trồng
128070,QSA,khoa-hoc-cay-trong,A05,Điểm thi THPT,2025,16.0,Khoa học cây trồng
128071,QSA,khoa-hoc-cay-trong,A06,Điểm thi THPT,2025,16.0,Khoa học cây trồng
128072,QSA,khoa-hoc-cay-trong,A07,Điểm thi THPT,2025,16.0,Khoa học cây trồng
128073,QSA,khoa-hoc-cay-trong,B00,Điểm thi THPT,2025,16.0,Khoa học cây trồng
128074,QSA,khoa-hoc-cay-trong,B02,Điểm thi THPT,2025,16.0,Khoa học cây trồng
128075,QSA,khoa-hoc-cay-trong,B03,Điểm thi THPT,2025,16.0,Khoa học cây trồng
128076,QSA,khoa-hoc-cay-trong,B08,Điểm thi THPT,2025,16.0,Khoa học cây trồng
128077,QSA,khoa-hoc-cay-trong,C01,Điểm thi THPT,2025,16.25,Khoa học cây trồng
128078,QSA,khoa-hoc-cay-trong,C02,Điểm thi THPT,2025,16.25,Khoa học cây trồng
128079,QSA,khoa-hoc-cay-trong,C03,Điểm thi THPT,2025,16.25,Khoa học cây trồng
128080,QSA,khoa-hoc-cay-trong,C04,Điểm thi THPT,2025,16.25,Khoa học cây trồng
128081,QSA,khoa-hoc-cay-trong,C08,Điểm thi THPT,2025,16.25,Khoa học cây trồng
128082,QSA,khoa-hoc-cay-trong,D01,Điểm thi THPT,2025,16.0,Khoa học cây trồng
128083,QSA,khoa-hoc-cay-trong,D07,Điểm thi THPT,2025,16.0,Khoa học cây trồng
128084,QSA,khoa-hoc-cay-trong,D09,Điểm thi THPT,2025,16.0,Khoa học cây trồng
128085,QSA,khoa-hoc-cay-trong,D10,Điểm thi THPT,2025,16.0,Khoa học cây trồng
128086,QSA,khoa-hoc-cay-trong,D14,Điểm thi THPT,2025,16.0,Khoa học cây trồng
128087,QSA,khoa-hoc-cay-trong,D15,Điểm thi THPT,2025,16.0,Khoa học cây trồng
128088,QSA,khoa-hoc-cay-trong,M00,Điểm thi THPT,2025,16.0,Khoa học cây trồng
128089,QSA,khoa-hoc-cay-trong,M01,Điểm thi THPT,2025,16.0,Khoa học cây trồng
128090,QSA,khoa-hoc-cay-trong,M26,Điểm thi THPT,2025,16.0,Khoa học cây trồng
128091,QSA,khoa-hoc-cay-trong,M27,Điểm thi THPT,2025,16.0,Khoa học cây trồng
128092,QSA,khoa-hoc-cay-trong,M28,Điểm thi THPT,2025,16.0,Khoa học cây trồng
128093,QSA,khoa-hoc-cay-trong,M29,Điểm thi THPT,2025,16.0,Khoa học cây trồng
128094,QSA,khoa-hoc-cay-trong,M30,Điểm thi THPT,2025,16.0,Khoa học cây trồng
128095,QSA,khoa-hoc-cay-trong,X01,Điểm thi THPT,2025,16.0,Khoa học cây trồng
128096,QSA,khoa-hoc-cay-trong,X04,Điểm thi THPT,2025,16.0,Khoa học cây trồng
128097,QSA,khoa-hoc-cay-trong,X05,Điểm thi THPT,2025,16.0,Khoa học cây trồng
128098,QSA,khoa-hoc-cay-trong,X06,Điểm thi THPT,2025,16.0,Khoa học cây trồng
128099,QSA,khoa-hoc-cay-trong,X08,Điểm thi THPT,2025,16.0,Khoa học cây trồng
128100,QSA,khoa-hoc-cay-trong,X10,Điểm thi THPT,2025,16.0,Khoa học cây trồng
128101,QSA,khoa-hoc-cay-trong,X12,Điểm thi THPT,2025,16.0,Khoa học cây trồng
128102,QSA,khoa-hoc-cay-trong,X14,Điểm thi THPT,2025,16.0,Khoa học cây trồng
128103,QSA,khoa-hoc-cay-trong,X17,Điểm thi THPT,2025,16.25,Khoa học cây trồng
128104,QSA,khoa-hoc-cay-trong,X20,Điểm thi THPT,2025,16.0,Khoa học cây trồng
128105,QSA,khoa-hoc-cay-trong,X24,Điểm thi THPT,2025,16.0,Khoa học cây trồng
128106,QSA,khoa-hoc-cay-trong,X25,Điểm thi THPT,2025,16.0,Khoa học cây trồng
128107,QSA,khoa-hoc-cay-trong,X26,Điểm thi THPT,2025,16.0,Khoa học cây trồng
128108,QSA,khoa-hoc-cay-trong,X27,Điểm thi THPT,2025,16.0,Khoa học cây trồng
128109,QSA,khoa-hoc-cay-trong,X28,Điểm thi THPT,2025,16.0,Khoa học cây trồng
128110,QSA,khoa-hoc-cay-trong,X65,Điểm thi THPT,2025,16.0,Khoa học cây trồng
128111,QSA,khoa-hoc-cay-trong,X70,Điểm thi THPT,2025,16.25,Khoa học cây trồng
128112,QSA,khoa-hoc-cay-trong,X74,Điểm thi THPT,2025,16.25,Khoa học cây trồng
128113,QSA,khoa-hoc-cay-trong,X78,Điểm thi THPT,2025,16.0,Khoa học cây trồng
128114,QSA,khoa-hoc-cay-trong,X80,Điểm thi THPT,2025,16.0,Khoa học cây trồng
128115,QSA,khoa-hoc-cay-trong,X81,Điểm thi THPT,2025,16.0,Khoa học cây trồng
128116,QSA,kinh-doanh-nong-nghiep-so,A00,Điểm thi THPT,2025,16.0,Kinh doanh nông nghiệp số
128117,QSA,kinh-doanh-nong-nghiep-so,A01,Điểm thi THPT,2025,16.0,Kinh doanh nông nghiệp số
128118,QSA,kinh-doanh-nong-nghiep-so,A02,Điểm thi THPT,2025,16.0,Kinh doanh nông nghiệp số
128119,QSA,kinh-doanh-nong-nghiep-so,A03,Điểm thi THPT,2025,16.0,Kinh doanh nông nghiệp số
128120,QSA,kinh-doanh-nong-nghiep-so,A04,Điểm thi THPT,2025,16.0,Kinh doanh nông nghiệp số
128121,QSA,kinh-doanh-nong-nghiep-so,A05,Điểm thi THPT,2025,16.0,Kinh doanh nông nghiệp số
128122,QSA,kinh-doanh-nong-nghiep-so,A06,Điểm thi THPT,2025,16.0,Kinh doanh nông nghiệp số
128123,QSA,kinh-doanh-nong-nghiep-so,A07,Điểm thi THPT,2025,16.0,Kinh doanh nông nghiệp số
128124,QSA,kinh-doanh-nong-nghiep-so,B00,Điểm thi THPT,2025,16.0,Kinh doanh nông nghiệp số
128125,QSA,kinh-doanh-nong-nghiep-so,B02,Điểm thi THPT,2025,16.0,Kinh doanh nông nghiệp số
128126,QSA,kinh-doanh-nong-nghiep-so,B03,Điểm thi THPT,2025,16.0,Kinh doanh nông nghiệp số
128127,QSA,kinh-doanh-nong-nghiep-so,B08,Điểm thi THPT,2025,16.0,Kinh doanh nông nghiệp số
128128,QSA,kinh-doanh-nong-nghiep-so,C01,Điểm thi THPT,2025,16.25,Kinh doanh nông nghiệp số
128129,QSA,kinh-doanh-nong-nghiep-so,C02,Điểm thi THPT,2025,16.25,Kinh doanh nông nghiệp số
128130,QSA,kinh-doanh-nong-nghiep-so,C03,Điểm thi THPT,2025,16.25,Kinh doanh nông nghiệp số
128131,QSA,kinh-doanh-nong-nghiep-so,C04,Điểm thi THPT,2025,16.25,Kinh doanh nông nghiệp số
128132,QSA,kinh-doanh-nong-nghiep-so,C08,Điểm thi THPT,2025,16.25,Kinh doanh nông nghiệp số
128133,QSA,kinh-doanh-nong-nghiep-so,D01,Điểm thi THPT,2025,16.0,Kinh doanh nông nghiệp số
128134,QSA,kinh-doanh-nong-nghiep-so,D07,Điểm thi THPT,2025,16.0,Kinh doanh nông nghiệp số
128135,QSA,kinh-doanh-nong-nghiep-so,D09,Điểm thi THPT,2025,16.0,Kinh doanh nông nghiệp số
128136,QSA,kinh-doanh-nong-nghiep-so,D10,Điểm thi THPT,2025,16.0,Kinh doanh nông nghiệp số
128137,QSA,kinh-doanh-nong-nghiep-so,D14,Điểm thi THPT,2025,16.0,Kinh doanh nông nghiệp số
128138,QSA,kinh-doanh-nong-nghiep-so,D15,Điểm thi THPT,2025,16.0,Kinh doanh nông nghiệp số
128139,QSA,kinh-doanh-nong-nghiep-so,M00,Điểm thi THPT,2025,16.0,Kinh doanh nông nghiệp số
128140,QSA,kinh-doanh-nong-nghiep-so,M01,Điểm thi THPT,2025,16.0,Kinh doanh nông nghiệp số
128141,QSA,kinh-doanh-nong-nghiep-so,M26,Điểm thi THPT,2025,16.0,Kinh doanh nông nghiệp số
128142,QSA,kinh-doanh-nong-nghiep-so,M27,Điểm thi THPT,2025,16.0,Kinh doanh nông nghiệp số
128143,QSA,kinh-doanh-nong-nghiep-so,M28,Điểm thi THPT,2025,16.0,Kinh doanh nông nghiệp số
128144,QSA,kinh-doanh-nong-nghiep-so,M29,Điểm thi THPT,2025,16.0,Kinh doanh nông nghiệp số
128145,QSA,kinh-doanh-nong-nghiep-so,M30,Điểm thi THPT,2025,16.0,Kinh doanh nông nghiệp số
128146,QSA,kinh-doanh-nong-nghiep-so,X01,Điểm thi THPT,2025,16.0,Kinh doanh nông nghiệp số
128147,QSA,kinh-doanh-nong-nghiep-so,X04,Điểm thi THPT,2025,16.0,Kinh doanh nông nghiệp số
128148,QSA,kinh-doanh-nong-nghiep-so,X05,Điểm thi THPT,2025,16.0,Kinh doanh nông nghiệp số
128149,QSA,kinh-doanh-nong-nghiep-so,X06,Điểm thi THPT,2025,16.0,Kinh doanh nông nghiệp số
128150,QSA,kinh-doanh-nong-nghiep-so,X08,Điểm thi THPT,2025,16.0,Kinh doanh nông nghiệp số
128151,QSA,kinh-doanh-nong-nghiep-so,X10,Điểm thi THPT,2025,16.0,Kinh doanh nông nghiệp số
128152,QSA,kinh-doanh-nong-nghiep-so,X12,Điểm thi THPT,2025,16.0,Kinh doanh nông nghiệp số
128153,QSA,kinh-doanh-nong-nghiep-so,X14,Điểm thi THPT,2025,16.0,Kinh doanh nông nghiệp số
128154,QSA,kinh-doanh-nong-nghiep-so,X17,Điểm thi THPT,2025,16.25,Kinh doanh nông nghiệp số
128155,QSA,kinh-doanh-nong-nghiep-so,X20,Điểm thi THPT,2025,16.0,Kinh doanh nông nghiệp số
128156,QSA,kinh-doanh-nong-nghiep-so,X24,Điểm thi THPT,2025,16.0,Kinh doanh nông nghiệp số
128157,QSA,kinh-doanh-nong-nghiep-so,X25,Điểm thi THPT,2025,16.0,Kinh doanh nông nghiệp số
128158,QSA,kinh-doanh-nong-nghiep-so,X26,Điểm thi THPT,2025,16.0,Kinh doanh nông nghiệp số
128159,QSA,kinh-doanh-nong-nghiep-so,X27,Điểm thi THPT,2025,16.0,Kinh doanh nông nghiệp số
128160,QSA,kinh-doanh-nong-nghiep-so,X28,Điểm thi THPT,2025,16.0,Kinh doanh nông nghiệp số
128161,QSA,kinh-doanh-nong-nghiep-so,X65,Điểm thi THPT,2025,16.0,Kinh doanh nông nghiệp số
128162,QSA,kinh-doanh-nong-nghiep-so,X70,Điểm thi THPT,2025,16.25,Kinh doanh nông nghiệp số
128163,QSA,kinh-doanh-nong-nghiep-so,X74,Điểm thi THPT,2025,16.25,Kinh doanh nông nghiệp số
128164,QSA,kinh-doanh-nong-nghiep-so,X78,Điểm thi THPT,2025,16.0,Kinh doanh nông nghiệp số
128165,QSA,kinh-doanh-nong-nghiep-so,X80,Điểm thi THPT,2025,16.0,Kinh doanh nông nghiệp số
128166,QSA,kinh-doanh-nong-nghiep-so,X81,Điểm thi THPT,2025,16.0,Kinh doanh nông nghiệp số
128167,QSA,kinh-te-quoc-te,A00,Điểm học bạ,2021,18.0,Kinh tế quốc tế
128168,QSA,kinh-te-quoc-te,A01,Điểm học bạ,2021,18.0,Kinh tế quốc tế
128169,QSA,kinh-te-quoc-te,C15,Điểm học bạ,2021,18.0,Kinh tế quốc tế
128170,QSA,kinh-te-quoc-te,D01,Điểm học bạ,2021,18.0,Kinh tế quốc tế
128171,QSA,kinh-te-quoc-te,A00,Điểm thi THPT,2021,17.0,Kinh tế quốc tế
128172,QSA,kinh-te-quoc-te,A01,Điểm thi THPT,2021,17.0,Kinh tế quốc tế
128173,QSA,kinh-te-quoc-te,C15,Điểm thi THPT,2021,17.0,Kinh tế quốc tế
128174,QSA,kinh-te-quoc-te,D01,Điểm thi THPT,2021,17.0,Kinh tế quốc tế
128175,QSA,kinh-te-quoc-te,A00,Điểm thi THPT,2022,22.4,Kinh tế quốc tế
128176,QSA,kinh-te-quoc-te,A01,Điểm thi THPT,2022,22.4,Kinh tế quốc tế
128177,QSA,kinh-te-quoc-te,C15,Điểm thi THPT,2022,22.4,Kinh tế quốc tế
128178,QSA,kinh-te-quoc-te,D01,Điểm thi THPT,2022,22.4,Kinh tế quốc tế
128179,QSA,kinh-te-quoc-te,A00,Điểm học bạ,2023,26.25,Kinh tế quốc tế
128180,QSA,kinh-te-quoc-te,A01,Điểm học bạ,2023,26.25,Kinh tế quốc tế
128181,QSA,kinh-te-quoc-te,C15,Điểm học bạ,2023,26.25,Kinh tế quốc tế
128182,QSA,kinh-te-quoc-te,D01,Điểm học bạ,2023,26.25,Kinh tế quốc tế
128183,QSA,kinh-te-quoc-te,A00,Điểm thi THPT,2023,21.37,Kinh tế quốc tế
128184,QSA,kinh-te-quoc-te,A01,Điểm thi THPT,2023,21.37,Kinh tế quốc tế
128185,QSA,kinh-te-quoc-te,C15,Điểm thi THPT,2023,21.37,Kinh tế quốc tế
128186,QSA,kinh-te-quoc-te,D01,Điểm thi THPT,2023,21.37,Kinh tế quốc tế
128187,QSA,kinh-te-quoc-te,A00,Điểm học bạ,2024,25.5,Kinh tế quốc tế
128188,QSA,kinh-te-quoc-te,A01,Điểm học bạ,2024,25.5,Kinh tế quốc tế
128189,QSA,kinh-te-quoc-te,C15,Điểm học bạ,2024,25.5,Kinh tế quốc tế
128190,QSA,kinh-te-quoc-te,D01,Điểm học bạ,2024,25.5,Kinh tế quốc tế
128191,QSA,kinh-te-quoc-te,A00,Điểm thi THPT,2024,21.4,Kinh tế quốc tế
128192,QSA,kinh-te-quoc-te,A01,Điểm thi THPT,2024,21.4,Kinh tế quốc tế
128193,QSA,kinh-te-quoc-te,C15,Điểm thi THPT,2024,21.4,Kinh tế quốc tế
128194,QSA,kinh-te-quoc-te,D01,Điểm thi THPT,2024,21.4,Kinh tế quốc tế
128195,QSA,kinh-te-quoc-te,A00,Điểm thi THPT,2025,16.0,Kinh tế quốc tế
128196,QSA,kinh-te-quoc-te,A01,Điểm thi THPT,2025,16.0,Kinh tế quốc tế
128197,QSA,kinh-te-quoc-te,A02,Điểm thi THPT,2025,16.0,Kinh tế quốc tế
128198,QSA,kinh-te-quoc-te,A03,Điểm thi THPT,2025,16.0,Kinh tế quốc tế
128199,QSA,kinh-te-quoc-te,A04,Điểm thi THPT,2025,16.0,Kinh tế quốc tế
128200,QSA,kinh-te-quoc-te,A05,Điểm thi THPT,2025,16.0,Kinh tế quốc tế
128201,QSA,kinh-te-quoc-te,A06,Điểm thi THPT,2025,16.0,Kinh tế quốc tế
128202,QSA,kinh-te-quoc-te,A07,Điểm thi THPT,2025,16.0,Kinh tế quốc tế
128203,QSA,kinh-te-quoc-te,B00,Điểm thi THPT,2025,16.0,Kinh tế quốc tế
128204,QSA,kinh-te-quoc-te,B02,Điểm thi THPT,2025,16.0,Kinh tế quốc tế
128205,QSA,kinh-te-quoc-te,B03,Điểm thi THPT,2025,16.0,Kinh tế quốc tế
128206,QSA,kinh-te-quoc-te,B08,Điểm thi THPT,2025,16.0,Kinh tế quốc tế
128207,QSA,kinh-te-quoc-te,D01,Điểm thi THPT,2025,16.0,Kinh tế quốc tế
128208,QSA,kinh-te-quoc-te,D07,Điểm thi THPT,2025,16.0,Kinh tế quốc tế
128209,QSA,kinh-te-quoc-te,D09,Điểm thi THPT,2025,16.0,Kinh tế quốc tế
128210,QSA,kinh-te-quoc-te,D10,Điểm thi THPT,2025,16.0,Kinh tế quốc tế
128211,QSA,kinh-te-quoc-te,D14,Điểm thi THPT,2025,16.0,Kinh tế quốc tế
128212,QSA,kinh-te-quoc-te,D15,Điểm thi THPT,2025,16.0,Kinh tế quốc tế
128213,QSA,kinh-te-quoc-te,M00,Điểm thi THPT,2025,16.0,Kinh tế quốc tế
128214,QSA,kinh-te-quoc-te,M01,Điểm thi THPT,2025,16.0,Kinh tế quốc tế
128215,QSA,kinh-te-quoc-te,M26,Điểm thi THPT,2025,16.0,Kinh tế quốc tế
128216,QSA,kinh-te-quoc-te,M27,Điểm thi THPT,2025,16.0,Kinh tế quốc tế
128217,QSA,kinh-te-quoc-te,M28,Điểm thi THPT,2025,16.0,Kinh tế quốc tế
128218,QSA,kinh-te-quoc-te,M29,Điểm thi THPT,2025,16.0,Kinh tế quốc tế
128219,QSA,kinh-te-quoc-te,M30,Điểm thi THPT,2025,16.0,Kinh tế quốc tế
128220,QSA,kinh-te-quoc-te,X01,Điểm thi THPT,2025,16.0,Kinh tế quốc tế
128221,QSA,kinh-te-quoc-te,X04,Điểm thi THPT,2025,16.0,Kinh tế quốc tế
128222,QSA,kinh-te-quoc-te,X05,Điểm thi THPT,2025,16.0,Kinh tế quốc tế
128223,QSA,kinh-te-quoc-te,X06,Điểm thi THPT,2025,16.0,Kinh tế quốc tế
128224,QSA,kinh-te-quoc-te,X08,Điểm thi THPT,2025,16.0,Kinh tế quốc tế
128225,QSA,kinh-te-quoc-te,X10,Điểm thi THPT,2025,16.0,Kinh tế quốc tế
128226,QSA,kinh-te-quoc-te,X12,Điểm thi THPT,2025,16.0,Kinh tế quốc tế
128227,QSA,kinh-te-quoc-te,X14,Điểm thi THPT,2025,16.0,Kinh tế quốc tế
128228,QSA,kinh-te-quoc-te,X20,Điểm thi THPT,2025,16.0,Kinh tế quốc tế
128229,QSA,kinh-te-quoc-te,X24,Điểm thi THPT,2025,16.0,Kinh tế quốc tế
128230,QSA,kinh-te-quoc-te,X25,Điểm thi THPT,2025,16.0,Kinh tế quốc tế
128231,QSA,kinh-te-quoc-te,X26,Điểm thi THPT,2025,16.0,Kinh tế quốc tế
128232,QSA,kinh-te-quoc-te,X27,Điểm thi THPT,2025,16.0,Kinh tế quốc tế
128233,QSA,kinh-te-quoc-te,X28,Điểm thi THPT,2025,16.0,Kinh tế quốc tế
128234,QSA,kinh-te-quoc-te,X65,Điểm thi THPT,2025,16.0,Kinh tế quốc tế
128235,QSA,kinh-te-quoc-te,X78,Điểm thi THPT,2025,16.0,Kinh tế quốc tế
128236,QSA,kinh-te-quoc-te,X80,Điểm thi THPT,2025,16.0,Kinh tế quốc tế
128237,QSA,kinh-te-quoc-te,X81,Điểm thi THPT,2025,16.0,Kinh tế quốc tế
128238,QSA,ky-thuat-phan-mem,A00,Điểm học bạ,2021,18.0,Kỹ thuật phần mềm
128239,QSA,ky-thuat-phan-mem,A01,Điểm học bạ,2021,18.0,Kỹ thuật phần mềm
128240,QSA,ky-thuat-phan-mem,C01,Điểm học bạ,2021,18.0,Kỹ thuật phần mềm
128241,QSA,ky-thuat-phan-mem,D01,Điểm học bạ,2021,18.0,Kỹ thuật phần mềm
128242,QSA,ky-thuat-phan-mem,A00,Điểm thi THPT,2021,16.0,Kỹ thuật phần mềm
128243,QSA,ky-thuat-phan-mem,A01,Điểm thi THPT,2021,16.0,Kỹ thuật phần mềm
128244,QSA,ky-thuat-phan-mem,C01,Điểm thi THPT,2021,16.0,Kỹ thuật phần mềm
128245,QSA,ky-thuat-phan-mem,D01,Điểm thi THPT,2021,16.0,Kỹ thuật phần mềm
128246,QSA,ky-thuat-phan-mem,A00,Điểm thi THPT,2022,21.3,Kỹ thuật phần mềm
128247,QSA,ky-thuat-phan-mem,A01,Điểm thi THPT,2022,21.3,Kỹ thuật phần mềm
128248,QSA,ky-thuat-phan-mem,C01,Điểm thi THPT,2022,21.3,Kỹ thuật phần mềm
128249,QSA,ky-thuat-phan-mem,D01,Điểm thi THPT,2022,21.3,Kỹ thuật phần mềm
128250,QSA,ky-thuat-phan-mem,A00,Điểm học bạ,2023,25.75,Kỹ thuật phần mềm
128251,QSA,ky-thuat-phan-mem,A01,Điểm học bạ,2023,25.75,Kỹ thuật phần mềm
128252,QSA,ky-thuat-phan-mem,C01,Điểm học bạ,2023,25.75,Kỹ thuật phần mềm
128253,QSA,ky-thuat-phan-mem,D01,Điểm học bạ,2023,25.75,Kỹ thuật phần mềm
128254,QSA,ky-thuat-phan-mem,A00,Điểm thi THPT,2023,18.5,Kỹ thuật phần mềm
128255,QSA,ky-thuat-phan-mem,A01,Điểm thi THPT,2023,18.5,Kỹ thuật phần mềm
128256,QSA,ky-thuat-phan-mem,C01,Điểm thi THPT,2023,18.5,Kỹ thuật phần mềm
128257,QSA,ky-thuat-phan-mem,D01,Điểm thi THPT,2023,18.5,Kỹ thuật phần mềm
128258,QSA,ky-thuat-phan-mem,A00,Điểm học bạ,2024,23.3,Kỹ thuật phần mềm
128259,QSA,ky-thuat-phan-mem,A01,Điểm học bạ,2024,23.3,Kỹ thuật phần mềm
128260,QSA,ky-thuat-phan-mem,C01,Điểm học bạ,2024,23.3,Kỹ thuật phần mềm
128261,QSA,ky-thuat-phan-mem,D01,Điểm học bạ,2024,23.3,Kỹ thuật phần mềm
128262,QSA,ky-thuat-phan-mem,A00,Điểm thi THPT,2024,19.4,Kỹ thuật phần mềm
128263,QSA,ky-thuat-phan-mem,A01,Điểm thi THPT,2024,19.4,Kỹ thuật phần mềm
128264,QSA,ky-thuat-phan-mem,C01,Điểm thi THPT,2024,19.4,Kỹ thuật phần mềm
128265,QSA,ky-thuat-phan-mem,D01,Điểm thi THPT,2024,19.4,Kỹ thuật phần mềm
128266,QSA,ky-thuat-phan-mem,A00,Điểm thi THPT,2025,16.0,Kỹ thuật phần mềm
128267,QSA,ky-thuat-phan-mem,A01,Điểm thi THPT,2025,16.0,Kỹ thuật phần mềm
128268,QSA,ky-thuat-phan-mem,A02,Điểm thi THPT,2025,16.0,Kỹ thuật phần mềm
128269,QSA,ky-thuat-phan-mem,A03,Điểm thi THPT,2025,16.0,Kỹ thuật phần mềm
128270,QSA,ky-thuat-phan-mem,A04,Điểm thi THPT,2025,16.0,Kỹ thuật phần mềm
128271,QSA,ky-thuat-phan-mem,A05,Điểm thi THPT,2025,16.0,Kỹ thuật phần mềm
128272,QSA,ky-thuat-phan-mem,A06,Điểm thi THPT,2025,16.0,Kỹ thuật phần mềm
128273,QSA,ky-thuat-phan-mem,A07,Điểm thi THPT,2025,16.0,Kỹ thuật phần mềm
128274,QSA,ky-thuat-phan-mem,B00,Điểm thi THPT,2025,16.0,Kỹ thuật phần mềm
128275,QSA,ky-thuat-phan-mem,B02,Điểm thi THPT,2025,16.0,Kỹ thuật phần mềm
128276,QSA,ky-thuat-phan-mem,B03,Điểm thi THPT,2025,16.0,Kỹ thuật phần mềm
128277,QSA,ky-thuat-phan-mem,B08,Điểm thi THPT,2025,16.0,Kỹ thuật phần mềm
128278,QSA,ky-thuat-phan-mem,C01,Điểm thi THPT,2025,16.25,Kỹ thuật phần mềm
128279,QSA,ky-thuat-phan-mem,C02,Điểm thi THPT,2025,16.25,Kỹ thuật phần mềm
128280,QSA,ky-thuat-phan-mem,C03,Điểm thi THPT,2025,16.25,Kỹ thuật phần mềm
128281,QSA,ky-thuat-phan-mem,C04,Điểm thi THPT,2025,16.25,Kỹ thuật phần mềm
128282,QSA,ky-thuat-phan-mem,C08,Điểm thi THPT,2025,16.25,Kỹ thuật phần mềm
128283,QSA,ky-thuat-phan-mem,D01,Điểm thi THPT,2025,16.0,Kỹ thuật phần mềm
128284,QSA,ky-thuat-phan-mem,D07,Điểm thi THPT,2025,16.0,Kỹ thuật phần mềm
128285,QSA,ky-thuat-phan-mem,D09,Điểm thi THPT,2025,16.0,Kỹ thuật phần mềm
128286,QSA,ky-thuat-phan-mem,D10,Điểm thi THPT,2025,16.0,Kỹ thuật phần mềm
128287,QSA,ky-thuat-phan-mem,D14,Điểm thi THPT,2025,16.0,Kỹ thuật phần mềm
128288,QSA,ky-thuat-phan-mem,D15,Điểm thi THPT,2025,16.0,Kỹ thuật phần mềm
128289,QSA,ky-thuat-phan-mem,M00,Điểm thi THPT,2025,16.0,Kỹ thuật phần mềm
128290,QSA,ky-thuat-phan-mem,M01,Điểm thi THPT,2025,16.0,Kỹ thuật phần mềm
128291,QSA,ky-thuat-phan-mem,M26,Điểm thi THPT,2025,16.0,Kỹ thuật phần mềm
128292,QSA,ky-thuat-phan-mem,M27,Điểm thi THPT,2025,16.0,Kỹ thuật phần mềm
128293,QSA,ky-thuat-phan-mem,M28,Điểm thi THPT,2025,16.0,Kỹ thuật phần mềm
128294,QSA,ky-thuat-phan-mem,M29,Điểm thi THPT,2025,16.0,Kỹ thuật phần mềm
128295,QSA,ky-thuat-phan-mem,M30,Điểm thi THPT,2025,16.0,Kỹ thuật phần mềm
128296,QSA,ky-thuat-phan-mem,X01,Điểm thi THPT,2025,16.0,Kỹ thuật phần mềm
128297,QSA,ky-thuat-phan-mem,X04,Điểm thi THPT,2025,16.0,Kỹ thuật phần mềm
128298,QSA,ky-thuat-phan-mem,X05,Điểm thi THPT,2025,16.0,Kỹ thuật phần mềm
128299,QSA,ky-thuat-phan-mem,X06,Điểm thi THPT,2025,16.0,Kỹ thuật phần mềm
128300,QSA,ky-thuat-phan-mem,X08,Điểm thi THPT,2025,16.0,Kỹ thuật phần mềm
128301,QSA,ky-thuat-phan-mem,X10,Điểm thi THPT,2025,16.0,Kỹ thuật phần mềm
128302,QSA,ky-thuat-phan-mem,X12,Điểm thi THPT,2025,16.0,Kỹ thuật phần mềm
128303,QSA,ky-thuat-phan-mem,X14,Điểm thi THPT,2025,16.0,Kỹ thuật phần mềm
128304,QSA,ky-thuat-phan-mem,X17,Điểm thi THPT,2025,16.25,Kỹ thuật phần mềm
128305,QSA,ky-thuat-phan-mem,X20,Điểm thi THPT,2025,16.0,Kỹ thuật phần mềm
128306,QSA,ky-thuat-phan-mem,X24,Điểm thi THPT,2025,16.0,Kỹ thuật phần mềm
128307,QSA,ky-thuat-phan-mem,X25,Điểm thi THPT,2025,16.0,Kỹ thuật phần mềm
128308,QSA,ky-thuat-phan-mem,X26,Điểm thi THPT,2025,16.0,Kỹ thuật phần mềm
128309,QSA,ky-thuat-phan-mem,X27,Điểm thi THPT,2025,16.0,Kỹ thuật phần mềm
128310,QSA,ky-thuat-phan-mem,X28,Điểm thi THPT,2025,16.0,Kỹ thuật phần mềm
128311,QSA,ky-thuat-phan-mem,X65,Điểm thi THPT,2025,16.0,Kỹ thuật phần mềm
128312,QSA,ky-thuat-phan-mem,X70,Điểm thi THPT,2025,16.25,Kỹ thuật phần mềm
128313,QSA,ky-thuat-phan-mem,X74,Điểm thi THPT,2025,16.25,Kỹ thuật phần mềm
128314,QSA,ky-thuat-phan-mem,X78,Điểm thi THPT,2025,16.0,Kỹ thuật phần mềm
128315,QSA,ky-thuat-phan-mem,X80,Điểm thi THPT,2025,16.0,Kỹ thuật phần mềm
128316,QSA,ky-thuat-phan-mem,X81,Điểm thi THPT,2025,16.0,Kỹ thuật phần mềm
128317,QSA,luat,A01,Điểm học bạ,2021,20.0,Luật
128318,QSA,luat,C00,Điểm học bạ,2021,20.0,Luật
128319,QSA,luat,C01,Điểm học bạ,2021,20.0,Luật
128320,QSA,luat,D01,Điểm học bạ,2021,20.0,Luật
128321,QSA,luat,A01,Điểm thi THPT,2021,23.5,Luật
128322,QSA,luat,C00,Điểm thi THPT,2021,23.5,Luật
128323,QSA,luat,C01,Điểm thi THPT,2021,23.5,Luật
128324,QSA,luat,D01,Điểm thi THPT,2021,23.5,Luật
128325,QSA,luat,A01,Điểm thi THPT,2022,24.65,Luật
128326,QSA,luat,C00,Điểm thi THPT,2022,24.65,Luật
128327,QSA,luat,C01,Điểm thi THPT,2022,24.65,Luật
128328,QSA,luat,D01,Điểm thi THPT,2022,24.65,Luật
128329,QSA,luat,A01,Điểm học bạ,2023,26.61,Luật
128330,QSA,luat,C00,Điểm học bạ,2023,26.61,Luật
128331,QSA,luat,C01,Điểm học bạ,2023,26.61,Luật
128332,QSA,luat,D01,Điểm học bạ,2023,26.61,Luật
128333,QSA,luat,A01,Điểm thi THPT,2023,22.51,Luật
128334,QSA,luat,C00,Điểm thi THPT,2023,22.51,Luật
128335,QSA,luat,C01,Điểm thi THPT,2023,22.51,Luật
128336,QSA,luat,D01,Điểm thi THPT,2023,22.51,Luật
128337,QSA,luat,A00,Điểm học bạ,2024,26.7,Luật
128338,QSA,luat,A01,Điểm học bạ,2024,26.7,Luật
128339,QSA,luat,C15,Điểm học bạ,2024,26.7,Luật
128340,QSA,luat,D01,Điểm học bạ,2024,26.7,Luật
128341,QSA,luat,A00,Điểm thi THPT,2024,25.1,Luật
128342,QSA,luat,A01,Điểm thi THPT,2024,25.1,Luật
128343,QSA,luat,C15,Điểm thi THPT,2024,25.1,Luật
128344,QSA,luat,D01,Điểm thi THPT,2024,25.1,Luật
128345,QSA,luat,A00,Điểm thi THPT,2025,19.0,Luật
128346,QSA,luat,A01,Điểm thi THPT,2025,19.0,Luật
128347,QSA,luat,A02,Điểm thi THPT,2025,19.0,Luật
128348,QSA,luat,A03,Điểm thi THPT,2025,19.0,Luật
128349,QSA,luat,A04,Điểm thi THPT,2025,19.0,Luật
128350,QSA,luat,A05,Điểm thi THPT,2025,19.0,Luật
128351,QSA,luat,A06,Điểm thi THPT,2025,19.0,Luật
128352,QSA,luat,A07,Điểm thi THPT,2025,19.0,Luật
128353,QSA,luat,B00,Điểm thi THPT,2025,19.0,Luật
128354,QSA,luat,B02,Điểm thi THPT,2025,19.0,Luật
128355,QSA,luat,B03,Điểm thi THPT,2025,19.0,Luật
128356,QSA,luat,B08,Điểm thi THPT,2025,19.0,Luật
128357,QSA,luat,D01,Điểm thi THPT,2025,19.0,Luật
128358,QSA,luat,D07,Điểm thi THPT,2025,19.0,Luật
128359,QSA,luat,D09,Điểm thi THPT,2025,19.0,Luật
128360,QSA,luat,D10,Điểm thi THPT,2025,19.0,Luật
128361,QSA,luat,D14,Điểm thi THPT,2025,19.0,Luật
128362,QSA,luat,D15,Điểm thi THPT,2025,19.0,Luật
128363,QSA,luat,M00,Điểm thi THPT,2025,19.0,Luật
128364,QSA,luat,M01,Điểm thi THPT,2025,19.0,Luật
128365,QSA,luat,M26,Điểm thi THPT,2025,19.0,Luật
128366,QSA,luat,M27,Điểm thi THPT,2025,19.0,Luật
128367,QSA,luat,M28,Điểm thi THPT,2025,19.0,Luật
128368,QSA,luat,M29,Điểm thi THPT,2025,19.0,Luật
128369,QSA,luat,M30,Điểm thi THPT,2025,19.0,Luật
128370,QSA,luat,X01,Điểm thi THPT,2025,19.0,Luật
128371,QSA,luat,X04,Điểm thi THPT,2025,19.0,Luật
128372,QSA,luat,X05,Điểm thi THPT,2025,19.0,Luật
128373,QSA,luat,X06,Điểm thi THPT,2025,19.0,Luật
128374,QSA,luat,X08,Điểm thi THPT,2025,19.0,Luật
128375,QSA,luat,X10,Điểm thi THPT,2025,19.0,Luật
128376,QSA,luat,X12,Điểm thi THPT,2025,19.0,Luật
128377,QSA,luat,X14,Điểm thi THPT,2025,19.0,Luật
128378,QSA,luat,X20,Điểm thi THPT,2025,19.0,Luật
128379,QSA,luat,X24,Điểm thi THPT,2025,19.0,Luật
128380,QSA,luat,X25,Điểm thi THPT,2025,19.0,Luật
128381,QSA,luat,X26,Điểm thi THPT,2025,19.0,Luật
128382,QSA,luat,X27,Điểm thi THPT,2025,19.0,Luật
128383,QSA,luat,X28,Điểm thi THPT,2025,19.0,Luật
128384,QSA,luat,X65,Điểm thi THPT,2025,19.0,Luật
128385,QSA,luat,X78,Điểm thi THPT,2025,19.0,Luật
128386,QSA,luat,X80,Điểm thi THPT,2025,19.0,Luật
128387,QSA,luat,X81,Điểm thi THPT,2025,19.0,Luật
128388,QSA,markeing,A00,Điểm thi THPT,2023,22.93,Markeing
128389,QSA,markeing,A01,Điểm thi THPT,2023,22.93,Markeing
128390,QSA,markeing,C15,Điểm thi THPT,2023,22.93,Markeing
128391,QSA,markeing,D01,Điểm thi THPT,2023,22.93,Markeing
128392,QSA,marketing,A00,Điểm học bạ,2021,22.5,Marketing
128393,QSA,marketing,A01,Điểm học bạ,2021,22.5,Marketing
128394,QSA,marketing,C15,Điểm học bạ,2021,22.5,Marketing
128395,QSA,marketing,D01,Điểm học bạ,2021,22.5,Marketing
128396,QSA,marketing,A00,Điểm thi THPT,2021,23.0,Marketing
128397,QSA,marketing,A01,Điểm thi THPT,2021,23.0,Marketing
128398,QSA,marketing,C15,Điểm thi THPT,2021,23.0,Marketing
128399,QSA,marketing,D01,Điểm thi THPT,2021,23.0,Marketing
128400,QSA,marketing,A00,Điểm thi THPT,2022,24.0,Marketing
128401,QSA,marketing,A01,Điểm thi THPT,2022,24.0,Marketing
128402,QSA,marketing,C15,Điểm thi THPT,2022,24.0,Marketing
128403,QSA,marketing,D01,Điểm thi THPT,2022,24.0,Marketing
128404,QSA,marketing,A00,Điểm học bạ,2023,26.75,Marketing
128405,QSA,marketing,A01,Điểm học bạ,2023,26.75,Marketing
128406,QSA,marketing,C15,Điểm học bạ,2023,26.75,Marketing
128407,QSA,marketing,D01,Điểm học bạ,2023,26.75,Marketing
128408,QSA,marketing,A00,Điểm học bạ,2024,26.0,Marketing
128409,QSA,marketing,A01,Điểm học bạ,2024,26.0,Marketing
128410,QSA,marketing,C15,Điểm học bạ,2024,26.0,Marketing
128411,QSA,marketing,D01,Điểm học bạ,2024,26.0,Marketing
128412,QSA,marketing,A00,Điểm thi THPT,2024,23.17,Marketing
128413,QSA,marketing,A01,Điểm thi THPT,2024,23.17,Marketing
128414,QSA,marketing,C15,Điểm thi THPT,2024,23.17,Marketing
128415,QSA,marketing,D01,Điểm thi THPT,2024,23.17,Marketing
128416,QSA,marketing,A00,Điểm thi THPT,2025,17.0,Marketing
128417,QSA,marketing,A01,Điểm thi THPT,2025,17.0,Marketing
128418,QSA,marketing,A02,Điểm thi THPT,2025,17.0,Marketing
128419,QSA,marketing,A03,Điểm thi THPT,2025,17.0,Marketing
128420,QSA,marketing,A04,Điểm thi THPT,2025,17.0,Marketing
128421,QSA,marketing,A05,Điểm thi THPT,2025,17.0,Marketing
128422,QSA,marketing,A06,Điểm thi THPT,2025,17.0,Marketing
128423,QSA,marketing,A07,Điểm thi THPT,2025,17.0,Marketing
128424,QSA,marketing,B00,Điểm thi THPT,2025,17.0,Marketing
128425,QSA,marketing,B02,Điểm thi THPT,2025,17.0,Marketing
128426,QSA,marketing,B03,Điểm thi THPT,2025,17.0,Marketing
128427,QSA,marketing,B08,Điểm thi THPT,2025,17.0,Marketing
128428,QSA,marketing,D01,Điểm thi THPT,2025,17.0,Marketing
128429,QSA,marketing,D07,Điểm thi THPT,2025,17.0,Marketing
128430,QSA,marketing,D09,Điểm thi THPT,2025,17.0,Marketing
128431,QSA,marketing,D10,Điểm thi THPT,2025,17.0,Marketing
128432,QSA,marketing,D14,Điểm thi THPT,2025,17.0,Marketing
128433,QSA,marketing,D15,Điểm thi THPT,2025,17.0,Marketing
128434,QSA,marketing,M00,Điểm thi THPT,2025,17.0,Marketing
128435,QSA,marketing,M01,Điểm thi THPT,2025,17.0,Marketing
128436,QSA,marketing,M26,Điểm thi THPT,2025,17.0,Marketing
128437,QSA,marketing,M27,Điểm thi THPT,2025,17.0,Marketing
128438,QSA,marketing,M28,Điểm thi THPT,2025,17.0,Marketing
128439,QSA,marketing,M29,Điểm thi THPT,2025,17.0,Marketing
128440,QSA,marketing,M30,Điểm thi THPT,2025,17.0,Marketing
128441,QSA,marketing,X01,Điểm thi THPT,2025,17.0,Marketing
128442,QSA,marketing,X04,Điểm thi THPT,2025,17.0,Marketing
128443,QSA,marketing,X05,Điểm thi THPT,2025,17.0,Marketing
128444,QSA,marketing,X06,Điểm thi THPT,2025,17.0,Marketing
128445,QSA,marketing,X08,Điểm thi THPT,2025,17.0,Marketing
128446,QSA,marketing,X10,Điểm thi THPT,2025,17.0,Marketing
128447,QSA,marketing,X12,Điểm thi THPT,2025,17.0,Marketing
128448,QSA,marketing,X14,Điểm thi THPT,2025,17.0,Marketing
128449,QSA,marketing,X20,Điểm thi THPT,2025,17.0,Marketing
128450,QSA,marketing,X24,Điểm thi THPT,2025,17.0,Marketing
128451,QSA,marketing,X25,Điểm thi THPT,2025,17.0,Marketing
128452,QSA,marketing,X26,Điểm thi THPT,2025,17.0,Marketing
128453,QSA,marketing,X27,Điểm thi THPT,2025,17.0,Marketing
128454,QSA,marketing,X28,Điểm thi THPT,2025,17.0,Marketing
128455,QSA,marketing,X65,Điểm thi THPT,2025,17.0,Marketing
128456,QSA,marketing,X78,Điểm thi THPT,2025,17.0,Marketing
128457,QSA,marketing,X80,Điểm thi THPT,2025,17.0,Marketing
128458,QSA,marketing,X81,Điểm thi THPT,2025,17.0,Marketing
128459,QSA,ngon-ngu-anh,A01,Điểm học bạ,2021,18.0,Ngôn ngữ Anh
128460,QSA,ngon-ngu-anh,D01,Điểm học bạ,2021,18.0,Ngôn ngữ Anh
128461,QSA,ngon-ngu-anh,D09,Điểm học bạ,2021,18.0,Ngôn ngữ Anh
128462,QSA,ngon-ngu-anh,D14,Điểm học bạ,2021,18.0,Ngôn ngữ Anh
128463,QSA,ngon-ngu-anh,A01,Điểm thi THPT,2021,17.5,Ngôn ngữ Anh
128464,QSA,ngon-ngu-anh,D01,Điểm thi THPT,2021,17.5,Ngôn ngữ Anh
128465,QSA,ngon-ngu-anh,D09,Điểm thi THPT,2021,17.5,Ngôn ngữ Anh
128466,QSA,ngon-ngu-anh,D14,Điểm thi THPT,2021,17.5,Ngôn ngữ Anh
128467,QSA,ngon-ngu-anh,A01,Điểm thi THPT,2022,21.9,Ngôn ngữ Anh
128468,QSA,ngon-ngu-anh,D01,Điểm thi THPT,2022,21.9,Ngôn ngữ Anh
128469,QSA,ngon-ngu-anh,D09,Điểm thi THPT,2022,21.9,Ngôn ngữ Anh
128470,QSA,ngon-ngu-anh,D14,Điểm thi THPT,2022,21.9,Ngôn ngữ Anh
128471,QSA,ngon-ngu-anh,A01,Điểm học bạ,2023,25.87,Ngôn ngữ Anh
128472,QSA,ngon-ngu-anh,D01,Điểm học bạ,2023,25.87,Ngôn ngữ Anh
128473,QSA,ngon-ngu-anh,D09,Điểm học bạ,2023,25.87,Ngôn ngữ Anh
128474,QSA,ngon-ngu-anh,D14,Điểm học bạ,2023,25.87,Ngôn ngữ Anh
128475,QSA,ngon-ngu-anh,A01,Điểm thi THPT,2023,20.02,Ngôn ngữ Anh
128476,QSA,ngon-ngu-anh,D01,Điểm thi THPT,2023,20.02,Ngôn ngữ Anh
128477,QSA,ngon-ngu-anh,D09,Điểm thi THPT,2023,20.02,Ngôn ngữ Anh
128478,QSA,ngon-ngu-anh,D14,Điểm thi THPT,2023,20.02,Ngôn ngữ Anh
128479,QSA,ngon-ngu-anh,A01,Điểm học bạ,2024,25.91,Ngôn ngữ Anh
128480,QSA,ngon-ngu-anh,D01,Điểm học bạ,2024,25.91,Ngôn ngữ Anh
128481,QSA,ngon-ngu-anh,D09,Điểm học bạ,2024,25.91,Ngôn ngữ Anh
128482,QSA,ngon-ngu-anh,D14,Điểm học bạ,2024,25.91,Ngôn ngữ Anh
128483,QSA,ngon-ngu-anh,A01,Điểm thi THPT,2024,21.71,Ngôn ngữ Anh
128484,QSA,ngon-ngu-anh,D01,Điểm thi THPT,2024,21.71,Ngôn ngữ Anh
128485,QSA,ngon-ngu-anh,D09,Điểm thi THPT,2024,21.71,Ngôn ngữ Anh
128486,QSA,ngon-ngu-anh,D14,Điểm thi THPT,2024,21.71,Ngôn ngữ Anh
128487,QSA,ngon-ngu-anh,A00,Điểm thi THPT,2025,16.34,Ngôn ngữ Anh
128488,QSA,ngon-ngu-anh,A01,Điểm thi THPT,2025,16.34,Ngôn ngữ Anh
128489,QSA,ngon-ngu-anh,A02,Điểm thi THPT,2025,16.34,Ngôn ngữ Anh
128490,QSA,ngon-ngu-anh,A03,Điểm thi THPT,2025,16.34,Ngôn ngữ Anh
128491,QSA,ngon-ngu-anh,A04,Điểm thi THPT,2025,16.34,Ngôn ngữ Anh
128492,QSA,ngon-ngu-anh,A05,Điểm thi THPT,2025,16.34,Ngôn ngữ Anh
128493,QSA,ngon-ngu-anh,A06,Điểm thi THPT,2025,16.34,Ngôn ngữ Anh
128494,QSA,ngon-ngu-anh,A07,Điểm thi THPT,2025,16.34,Ngôn ngữ Anh
128495,QSA,ngon-ngu-anh,B00,Điểm thi THPT,2025,16.34,Ngôn ngữ Anh
128496,QSA,ngon-ngu-anh,B02,Điểm thi THPT,2025,16.34,Ngôn ngữ Anh
128497,QSA,ngon-ngu-anh,B03,Điểm thi THPT,2025,16.34,Ngôn ngữ Anh
128498,QSA,ngon-ngu-anh,B08,Điểm thi THPT,2025,16.34,Ngôn ngữ Anh
128499,QSA,ngon-ngu-anh,D01,Điểm thi THPT,2025,16.34,Ngôn ngữ Anh
128500,QSA,ngon-ngu-anh,D07,Điểm thi THPT,2025,16.34,Ngôn ngữ Anh
128501,QSA,ngon-ngu-anh,D09,Điểm thi THPT,2025,16.34,Ngôn ngữ Anh
128502,QSA,ngon-ngu-anh,D10,Điểm thi THPT,2025,16.34,Ngôn ngữ Anh
128503,QSA,ngon-ngu-anh,D14,Điểm thi THPT,2025,16.34,Ngôn ngữ Anh
128504,QSA,ngon-ngu-anh,D15,Điểm thi THPT,2025,16.34,Ngôn ngữ Anh
128505,QSA,ngon-ngu-anh,M00,Điểm thi THPT,2025,16.34,Ngôn ngữ Anh
128506,QSA,ngon-ngu-anh,M01,Điểm thi THPT,2025,16.34,Ngôn ngữ Anh
128507,QSA,ngon-ngu-anh,M26,Điểm thi THPT,2025,16.34,Ngôn ngữ Anh
128508,QSA,ngon-ngu-anh,M27,Điểm thi THPT,2025,16.34,Ngôn ngữ Anh
128509,QSA,ngon-ngu-anh,M28,Điểm thi THPT,2025,16.34,Ngôn ngữ Anh
128510,QSA,ngon-ngu-anh,M29,Điểm thi THPT,2025,16.34,Ngôn ngữ Anh
128511,QSA,ngon-ngu-anh,M30,Điểm thi THPT,2025,16.34,Ngôn ngữ Anh
128512,QSA,ngon-ngu-anh,X01,Điểm thi THPT,2025,16.34,Ngôn ngữ Anh
128513,QSA,ngon-ngu-anh,X04,Điểm thi THPT,2025,16.34,Ngôn ngữ Anh
128514,QSA,ngon-ngu-anh,X05,Điểm thi THPT,2025,16.34,Ngôn ngữ Anh
128515,QSA,ngon-ngu-anh,X06,Điểm thi THPT,2025,16.34,Ngôn ngữ Anh
128516,QSA,ngon-ngu-anh,X08,Điểm thi THPT,2025,16.34,Ngôn ngữ Anh
128517,QSA,ngon-ngu-anh,X10,Điểm thi THPT,2025,16.34,Ngôn ngữ Anh
128518,QSA,ngon-ngu-anh,X12,Điểm thi THPT,2025,16.34,Ngôn ngữ Anh
128519,QSA,ngon-ngu-anh,X14,Điểm thi THPT,2025,16.34,Ngôn ngữ Anh
128520,QSA,ngon-ngu-anh,X20,Điểm thi THPT,2025,16.34,Ngôn ngữ Anh
128521,QSA,ngon-ngu-anh,X24,Điểm thi THPT,2025,16.34,Ngôn ngữ Anh
128522,QSA,ngon-ngu-anh,X25,Điểm thi THPT,2025,16.34,Ngôn ngữ Anh
128523,QSA,ngon-ngu-anh,X26,Điểm thi THPT,2025,16.34,Ngôn ngữ Anh
128524,QSA,ngon-ngu-anh,X27,Điểm thi THPT,2025,16.34,Ngôn ngữ Anh
128525,QSA,ngon-ngu-anh,X28,Điểm thi THPT,2025,16.34,Ngôn ngữ Anh
128526,QSA,ngon-ngu-anh,X65,Điểm thi THPT,2025,16.34,Ngôn ngữ Anh
128527,QSA,ngon-ngu-anh,X78,Điểm thi THPT,2025,16.34,Ngôn ngữ Anh
128528,QSA,ngon-ngu-anh,X80,Điểm thi THPT,2025,16.34,Ngôn ngữ Anh
128529,QSA,ngon-ngu-anh,X81,Điểm thi THPT,2025,16.34,Ngôn ngữ Anh
128530,QSA,nuoi-trong-thuy-san,A00,Điểm học bạ,2021,18.0,Nuôi trồng thủy sản
128531,QSA,nuoi-trong-thuy-san,B00,Điểm học bạ,2021,18.0,Nuôi trồng thủy sản
128532,QSA,nuoi-trong-thuy-san,D01,Điểm học bạ,2021,18.0,Nuôi trồng thủy sản
128533,QSA,nuoi-trong-thuy-san,D10,Điểm học bạ,2021,18.0,Nuôi trồng thủy sản
128534,QSA,nuoi-trong-thuy-san,A00,Điểm thi THPT,2021,16.0,Nuôi trồng thủy sản
128535,QSA,nuoi-trong-thuy-san,B00,Điểm thi THPT,2021,16.0,Nuôi trồng thủy sản
128536,QSA,nuoi-trong-thuy-san,D01,Điểm thi THPT,2021,16.0,Nuôi trồng thủy sản
128537,QSA,nuoi-trong-thuy-san,D10,Điểm thi THPT,2021,16.0,Nuôi trồng thủy sản
128538,QSA,nuoi-trong-thuy-san,A00,Điểm thi THPT,2022,16.0,Nuôi trồng thủy sản
128539,QSA,nuoi-trong-thuy-san,B00,Điểm thi THPT,2022,16.0,Nuôi trồng thủy sản
128540,QSA,nuoi-trong-thuy-san,D01,Điểm thi THPT,2022,16.0,Nuôi trồng thủy sản
128541,QSA,nuoi-trong-thuy-san,D10,Điểm thi THPT,2022,16.0,Nuôi trồng thủy sản
128542,QSA,nuoi-trong-thuy-san,A00,Điểm học bạ,2023,24.15,Nuôi trồng thủy sản
128543,QSA,nuoi-trong-thuy-san,B00,Điểm học bạ,2023,24.15,Nuôi trồng thủy sản
128544,QSA,nuoi-trong-thuy-san,D01,Điểm học bạ,2023,24.15,Nuôi trồng thủy sản
128545,QSA,nuoi-trong-thuy-san,D10,Điểm học bạ,2023,24.15,Nuôi trồng thủy sản
128546,QSA,nuoi-trong-thuy-san,A00,Điểm thi THPT,2023,16.0,Nuôi trồng thủy sản
128547,QSA,nuoi-trong-thuy-san,B00,Điểm thi THPT,2023,16.0,Nuôi trồng thủy sản
128548,QSA,nuoi-trong-thuy-san,D01,Điểm thi THPT,2023,16.0,Nuôi trồng thủy sản
128549,QSA,nuoi-trong-thuy-san,D10,Điểm thi THPT,2023,16.0,Nuôi trồng thủy sản
128550,QSA,nuoi-trong-thuy-san,A00,Điểm học bạ,2024,20.0,Nuôi trồng thủy sản
128551,QSA,nuoi-trong-thuy-san,B00,Điểm học bạ,2024,20.0,Nuôi trồng thủy sản
128552,QSA,nuoi-trong-thuy-san,D01,Điểm học bạ,2024,20.0,Nuôi trồng thủy sản
128553,QSA,nuoi-trong-thuy-san,D10,Điểm học bạ,2024,20.0,Nuôi trồng thủy sản
128554,QSA,nuoi-trong-thuy-san,A00,Điểm thi THPT,2024,16.15,Nuôi trồng thủy sản
128555,QSA,nuoi-trong-thuy-san,B00,Điểm thi THPT,2024,16.15,Nuôi trồng thủy sản
128556,QSA,nuoi-trong-thuy-san,D01,Điểm thi THPT,2024,16.15,Nuôi trồng thủy sản
128557,QSA,nuoi-trong-thuy-san,D10,Điểm thi THPT,2024,16.15,Nuôi trồng thủy sản
128558,QSA,nuoi-trong-thuy-san,A00,Điểm thi THPT,2025,16.0,Nuôi trồng thủy sản
128559,QSA,nuoi-trong-thuy-san,A01,Điểm thi THPT,2025,16.0,Nuôi trồng thủy sản
128560,QSA,nuoi-trong-thuy-san,A02,Điểm thi THPT,2025,16.0,Nuôi trồng thủy sản
128561,QSA,nuoi-trong-thuy-san,A03,Điểm thi THPT,2025,16.0,Nuôi trồng thủy sản
128562,QSA,nuoi-trong-thuy-san,A04,Điểm thi THPT,2025,16.0,Nuôi trồng thủy sản
128563,QSA,nuoi-trong-thuy-san,A05,Điểm thi THPT,2025,16.0,Nuôi trồng thủy sản
128564,QSA,nuoi-trong-thuy-san,A06,Điểm thi THPT,2025,16.0,Nuôi trồng thủy sản
128565,QSA,nuoi-trong-thuy-san,A07,Điểm thi THPT,2025,16.0,Nuôi trồng thủy sản
128566,QSA,nuoi-trong-thuy-san,B00,Điểm thi THPT,2025,16.0,Nuôi trồng thủy sản
128567,QSA,nuoi-trong-thuy-san,B02,Điểm thi THPT,2025,16.0,Nuôi trồng thủy sản
128568,QSA,nuoi-trong-thuy-san,B03,Điểm thi THPT,2025,16.0,Nuôi trồng thủy sản
128569,QSA,nuoi-trong-thuy-san,B08,Điểm thi THPT,2025,16.0,Nuôi trồng thủy sản
128570,QSA,nuoi-trong-thuy-san,C01,Điểm thi THPT,2025,16.25,Nuôi trồng thủy sản
128571,QSA,nuoi-trong-thuy-san,C02,Điểm thi THPT,2025,16.25,Nuôi trồng thủy sản
128572,QSA,nuoi-trong-thuy-san,C03,Điểm thi THPT,2025,16.25,Nuôi trồng thủy sản
128573,QSA,nuoi-trong-thuy-san,C04,Điểm thi THPT,2025,16.25,Nuôi trồng thủy sản
128574,QSA,nuoi-trong-thuy-san,C08,Điểm thi THPT,2025,16.25,Nuôi trồng thủy sản
128575,QSA,nuoi-trong-thuy-san,D01,Điểm thi THPT,2025,16.0,Nuôi trồng thủy sản
128576,QSA,nuoi-trong-thuy-san,D07,Điểm thi THPT,2025,16.0,Nuôi trồng thủy sản
128577,QSA,nuoi-trong-thuy-san,D09,Điểm thi THPT,2025,16.0,Nuôi trồng thủy sản
128578,QSA,nuoi-trong-thuy-san,D10,Điểm thi THPT,2025,16.0,Nuôi trồng thủy sản
128579,QSA,nuoi-trong-thuy-san,D14,Điểm thi THPT,2025,16.0,Nuôi trồng thủy sản
128580,QSA,nuoi-trong-thuy-san,D15,Điểm thi THPT,2025,16.0,Nuôi trồng thủy sản
128581,QSA,nuoi-trong-thuy-san,M00,Điểm thi THPT,2025,16.0,Nuôi trồng thủy sản
128582,QSA,nuoi-trong-thuy-san,M01,Điểm thi THPT,2025,16.0,Nuôi trồng thủy sản
128583,QSA,nuoi-trong-thuy-san,M26,Điểm thi THPT,2025,16.0,Nuôi trồng thủy sản
128584,QSA,nuoi-trong-thuy-san,M27,Điểm thi THPT,2025,16.0,Nuôi trồng thủy sản
128585,QSA,nuoi-trong-thuy-san,M28,Điểm thi THPT,2025,16.0,Nuôi trồng thủy sản
128586,QSA,nuoi-trong-thuy-san,M29,Điểm thi THPT,2025,16.0,Nuôi trồng thủy sản
128587,QSA,nuoi-trong-thuy-san,M30,Điểm thi THPT,2025,16.0,Nuôi trồng thủy sản
128588,QSA,nuoi-trong-thuy-san,X01,Điểm thi THPT,2025,16.0,Nuôi trồng thủy sản
128589,QSA,nuoi-trong-thuy-san,X04,Điểm thi THPT,2025,16.0,Nuôi trồng thủy sản
128590,QSA,nuoi-trong-thuy-san,X05,Điểm thi THPT,2025,16.0,Nuôi trồng thủy sản
128591,QSA,nuoi-trong-thuy-san,X06,Điểm thi THPT,2025,16.0,Nuôi trồng thủy sản
128592,QSA,nuoi-trong-thuy-san,X08,Điểm thi THPT,2025,16.0,Nuôi trồng thủy sản
128593,QSA,nuoi-trong-thuy-san,X10,Điểm thi THPT,2025,16.0,Nuôi trồng thủy sản
128594,QSA,nuoi-trong-thuy-san,X12,Điểm thi THPT,2025,16.0,Nuôi trồng thủy sản
128595,QSA,nuoi-trong-thuy-san,X14,Điểm thi THPT,2025,16.0,Nuôi trồng thủy sản
128596,QSA,nuoi-trong-thuy-san,X17,Điểm thi THPT,2025,16.25,Nuôi trồng thủy sản
128597,QSA,nuoi-trong-thuy-san,X20,Điểm thi THPT,2025,16.0,Nuôi trồng thủy sản
128598,QSA,nuoi-trong-thuy-san,X24,Điểm thi THPT,2025,16.0,Nuôi trồng thủy sản
128599,QSA,nuoi-trong-thuy-san,X25,Điểm thi THPT,2025,16.0,Nuôi trồng thủy sản
128600,QSA,nuoi-trong-thuy-san,X26,Điểm thi THPT,2025,16.0,Nuôi trồng thủy sản
128601,QSA,nuoi-trong-thuy-san,X27,Điểm thi THPT,2025,16.0,Nuôi trồng thủy sản
128602,QSA,nuoi-trong-thuy-san,X28,Điểm thi THPT,2025,16.0,Nuôi trồng thủy sản
128603,QSA,nuoi-trong-thuy-san,X65,Điểm thi THPT,2025,16.0,Nuôi trồng thủy sản
128604,QSA,nuoi-trong-thuy-san,X70,Điểm thi THPT,2025,16.25,Nuôi trồng thủy sản
128605,QSA,nuoi-trong-thuy-san,X74,Điểm thi THPT,2025,16.25,Nuôi trồng thủy sản
128606,QSA,nuoi-trong-thuy-san,X78,Điểm thi THPT,2025,16.0,Nuôi trồng thủy sản
128607,QSA,nuoi-trong-thuy-san,X80,Điểm thi THPT,2025,16.0,Nuôi trồng thủy sản
128608,QSA,nuoi-trong-thuy-san,X81,Điểm thi THPT,2025,16.0,Nuôi trồng thủy sản
128609,QSA,phat-trien-nong-thon,A00,Điểm học bạ,2021,18.0,Phát triển nông thôn
128610,QSA,phat-trien-nong-thon,B00,Điểm học bạ,2021,18.0,Phát triển nông thôn
128611,QSA,phat-trien-nong-thon,C00,Điểm học bạ,2021,18.0,Phát triển nông thôn
128612,QSA,phat-trien-nong-thon,D01,Điểm học bạ,2021,18.0,Phát triển nông thôn
128613,QSA,phat-trien-nong-thon,A00,Điểm thi THPT,2021,16.0,Phát triển nông thôn
128614,QSA,phat-trien-nong-thon,B00,Điểm thi THPT,2021,16.0,Phát triển nông thôn
128615,QSA,phat-trien-nong-thon,C00,Điểm thi THPT,2021,16.0,Phát triển nông thôn
128616,QSA,phat-trien-nong-thon,D01,Điểm thi THPT,2021,16.0,Phát triển nông thôn
128617,QSA,phat-trien-nong-thon,A00,Điểm thi THPT,2022,17.9,Phát triển nông thôn
128618,QSA,phat-trien-nong-thon,B00,Điểm thi THPT,2022,17.9,Phát triển nông thôn
128619,QSA,phat-trien-nong-thon,C00,Điểm thi THPT,2022,17.9,Phát triển nông thôn
128620,QSA,phat-trien-nong-thon,D01,Điểm thi THPT,2022,17.9,Phát triển nông thôn
128621,QSA,phat-trien-nong-thon,A00,Điểm học bạ,2023,24.6,Phát triển nông thôn
128622,QSA,phat-trien-nong-thon,B00,Điểm học bạ,2023,24.6,Phát triển nông thôn
128623,QSA,phat-trien-nong-thon,C00,Điểm học bạ,2023,24.6,Phát triển nông thôn
128624,QSA,phat-trien-nong-thon,D01,Điểm học bạ,2023,24.6,Phát triển nông thôn
128625,QSA,phat-trien-nong-thon,A00,Điểm thi THPT,2023,19.6,Phát triển nông thôn
128626,QSA,phat-trien-nong-thon,B00,Điểm thi THPT,2023,19.6,Phát triển nông thôn
128627,QSA,phat-trien-nong-thon,C00,Điểm thi THPT,2023,19.6,Phát triển nông thôn
128628,QSA,phat-trien-nong-thon,D01,Điểm thi THPT,2023,19.6,Phát triển nông thôn
128629,QSA,phat-trien-nong-thon,A00,Điểm học bạ,2024,21.3,Phát triển nông thôn
128630,QSA,phat-trien-nong-thon,B00,Điểm học bạ,2024,21.3,Phát triển nông thôn
128631,QSA,phat-trien-nong-thon,C00,Điểm học bạ,2024,21.3,Phát triển nông thôn
128632,QSA,phat-trien-nong-thon,D01,Điểm học bạ,2024,21.3,Phát triển nông thôn
128633,QSA,phat-trien-nong-thon,A00,Điểm thi THPT,2024,22.08,Phát triển nông thôn
128634,QSA,phat-trien-nong-thon,B00,Điểm thi THPT,2024,22.08,Phát triển nông thôn
128635,QSA,phat-trien-nong-thon,C00,Điểm thi THPT,2024,22.08,Phát triển nông thôn
128636,QSA,phat-trien-nong-thon,D01,Điểm thi THPT,2024,22.08,Phát triển nông thôn
128637,QSA,phat-trien-nong-thon,A00,Điểm thi THPT,2025,16.0,Phát triển nông thôn
128638,QSA,phat-trien-nong-thon,A01,Điểm thi THPT,2025,16.0,Phát triển nông thôn
128639,QSA,phat-trien-nong-thon,A02,Điểm thi THPT,2025,16.0,Phát triển nông thôn
128640,QSA,phat-trien-nong-thon,A03,Điểm thi THPT,2025,16.0,Phát triển nông thôn
128641,QSA,phat-trien-nong-thon,A04,Điểm thi THPT,2025,16.0,Phát triển nông thôn
128642,QSA,phat-trien-nong-thon,A05,Điểm thi THPT,2025,16.0,Phát triển nông thôn
128643,QSA,phat-trien-nong-thon,A06,Điểm thi THPT,2025,16.0,Phát triển nông thôn
128644,QSA,phat-trien-nong-thon,A07,Điểm thi THPT,2025,16.0,Phát triển nông thôn
128645,QSA,phat-trien-nong-thon,B00,Điểm thi THPT,2025,16.0,Phát triển nông thôn
128646,QSA,phat-trien-nong-thon,B02,Điểm thi THPT,2025,16.0,Phát triển nông thôn
128647,QSA,phat-trien-nong-thon,B03,Điểm thi THPT,2025,16.0,Phát triển nông thôn
128648,QSA,phat-trien-nong-thon,B08,Điểm thi THPT,2025,16.0,Phát triển nông thôn
128649,QSA,phat-trien-nong-thon,C00,Điểm thi THPT,2025,17.75,Phát triển nông thôn
128650,QSA,phat-trien-nong-thon,C01,Điểm thi THPT,2025,16.25,Phát triển nông thôn
128651,QSA,phat-trien-nong-thon,C02,Điểm thi THPT,2025,16.25,Phát triển nông thôn
128652,QSA,phat-trien-nong-thon,C03,Điểm thi THPT,2025,16.25,Phát triển nông thôn
128653,QSA,phat-trien-nong-thon,C04,Điểm thi THPT,2025,16.25,Phát triển nông thôn
128654,QSA,phat-trien-nong-thon,C08,Điểm thi THPT,2025,16.25,Phát triển nông thôn
128655,QSA,phat-trien-nong-thon,D01,Điểm thi THPT,2025,16.0,Phát triển nông thôn
128656,QSA,phat-trien-nong-thon,D07,Điểm thi THPT,2025,16.0,Phát triển nông thôn
128657,QSA,phat-trien-nong-thon,D09,Điểm thi THPT,2025,16.0,Phát triển nông thôn
128658,QSA,phat-trien-nong-thon,D10,Điểm thi THPT,2025,16.0,Phát triển nông thôn
128659,QSA,phat-trien-nong-thon,D14,Điểm thi THPT,2025,16.0,Phát triển nông thôn
128660,QSA,phat-trien-nong-thon,D15,Điểm thi THPT,2025,16.0,Phát triển nông thôn
128661,QSA,phat-trien-nong-thon,M00,Điểm thi THPT,2025,16.0,Phát triển nông thôn
128662,QSA,phat-trien-nong-thon,M01,Điểm thi THPT,2025,16.0,Phát triển nông thôn
128663,QSA,phat-trien-nong-thon,M26,Điểm thi THPT,2025,16.0,Phát triển nông thôn
128664,QSA,phat-trien-nong-thon,M27,Điểm thi THPT,2025,16.0,Phát triển nông thôn
128665,QSA,phat-trien-nong-thon,M28,Điểm thi THPT,2025,16.0,Phát triển nông thôn
128666,QSA,phat-trien-nong-thon,M29,Điểm thi THPT,2025,16.0,Phát triển nông thôn
128667,QSA,phat-trien-nong-thon,M30,Điểm thi THPT,2025,16.0,Phát triển nông thôn
128668,QSA,phat-trien-nong-thon,X01,Điểm thi THPT,2025,16.0,Phát triển nông thôn
128669,QSA,phat-trien-nong-thon,X04,Điểm thi THPT,2025,16.0,Phát triển nông thôn
128670,QSA,phat-trien-nong-thon,X05,Điểm thi THPT,2025,16.0,Phát triển nông thôn
128671,QSA,phat-trien-nong-thon,X06,Điểm thi THPT,2025,16.0,Phát triển nông thôn
128672,QSA,phat-trien-nong-thon,X08,Điểm thi THPT,2025,16.0,Phát triển nông thôn
128673,QSA,phat-trien-nong-thon,X10,Điểm thi THPT,2025,16.0,Phát triển nông thôn
128674,QSA,phat-trien-nong-thon,X12,Điểm thi THPT,2025,16.0,Phát triển nông thôn
128675,QSA,phat-trien-nong-thon,X14,Điểm thi THPT,2025,16.0,Phát triển nông thôn
128676,QSA,phat-trien-nong-thon,X17,Điểm thi THPT,2025,16.25,Phát triển nông thôn
128677,QSA,phat-trien-nong-thon,X20,Điểm thi THPT,2025,16.0,Phát triển nông thôn
128678,QSA,phat-trien-nong-thon,X24,Điểm thi THPT,2025,16.0,Phát triển nông thôn
128679,QSA,phat-trien-nong-thon,X25,Điểm thi THPT,2025,16.0,Phát triển nông thôn
128680,QSA,phat-trien-nong-thon,X26,Điểm thi THPT,2025,16.0,Phát triển nông thôn
128681,QSA,phat-trien-nong-thon,X27,Điểm thi THPT,2025,16.0,Phát triển nông thôn
128682,QSA,phat-trien-nong-thon,X28,Điểm thi THPT,2025,16.0,Phát triển nông thôn
128683,QSA,phat-trien-nong-thon,X65,Điểm thi THPT,2025,16.0,Phát triển nông thôn
128684,QSA,phat-trien-nong-thon,X70,Điểm thi THPT,2025,16.25,Phát triển nông thôn
128685,QSA,phat-trien-nong-thon,X74,Điểm thi THPT,2025,16.25,Phát triển nông thôn
128686,QSA,phat-trien-nong-thon,X78,Điểm thi THPT,2025,16.0,Phát triển nông thôn
128687,QSA,phat-trien-nong-thon,X80,Điểm thi THPT,2025,16.0,Phát triển nông thôn
128688,QSA,phat-trien-nong-thon,X81,Điểm thi THPT,2025,16.0,Phát triển nông thôn
128689,QSA,quan-ly-tai-nguyen-va-moi-truong,A00,Điểm học bạ,2021,20.0,Quản lý tài nguyên và môi trường
128690,QSA,quan-ly-tai-nguyen-va-moi-truong,A01,Điểm học bạ,2021,20.0,Quản lý tài nguyên và môi trường
128691,QSA,quan-ly-tai-nguyen-va-moi-truong,B00,Điểm học bạ,2021,20.0,Quản lý tài nguyên và môi trường
128692,QSA,quan-ly-tai-nguyen-va-moi-truong,D07,Điểm học bạ,2021,20.0,Quản lý tài nguyên và môi trường
128693,QSA,quan-ly-tai-nguyen-va-moi-truong,A00,Điểm thi THPT,2021,16.0,Quản lý tài nguyên và môi trường
128694,QSA,quan-ly-tai-nguyen-va-moi-truong,A01,Điểm thi THPT,2021,16.0,Quản lý tài nguyên và môi trường
128695,QSA,quan-ly-tai-nguyen-va-moi-truong,B00,Điểm thi THPT,2021,16.0,Quản lý tài nguyên và môi trường
128696,QSA,quan-ly-tai-nguyen-va-moi-truong,D07,Điểm thi THPT,2021,16.0,Quản lý tài nguyên và môi trường
128697,QSA,quan-ly-tai-nguyen-va-moi-truong,A00,Điểm thi THPT,2022,16.0,Quản lý tài nguyên và môi trường
128698,QSA,quan-ly-tai-nguyen-va-moi-truong,A01,Điểm thi THPT,2022,16.0,Quản lý tài nguyên và môi trường
128699,QSA,quan-ly-tai-nguyen-va-moi-truong,B00,Điểm thi THPT,2022,16.0,Quản lý tài nguyên và môi trường
128700,QSA,quan-ly-tai-nguyen-va-moi-truong,D07,Điểm thi THPT,2022,16.0,Quản lý tài nguyên và môi trường
128701,QSA,quan-ly-tai-nguyen-va-moi-truong,A00,Điểm học bạ,2023,25.1,Quản lý tài nguyên và môi trường
128702,QSA,quan-ly-tai-nguyen-va-moi-truong,B00,Điểm học bạ,2023,25.1,Quản lý tài nguyên và môi trường
128703,QSA,quan-ly-tai-nguyen-va-moi-truong,C15,Điểm học bạ,2023,25.1,Quản lý tài nguyên và môi trường
128704,QSA,quan-ly-tai-nguyen-va-moi-truong,D01,Điểm học bạ,2023,25.1,Quản lý tài nguyên và môi trường
128705,QSA,quan-ly-tai-nguyen-va-moi-truong,A00,Điểm thi THPT,2023,20.88,Quản lý tài nguyên và môi trường
128706,QSA,quan-ly-tai-nguyen-va-moi-truong,B00,Điểm thi THPT,2023,20.88,Quản lý tài nguyên và môi trường
128707,QSA,quan-ly-tai-nguyen-va-moi-truong,C15,Điểm thi THPT,2023,20.88,Quản lý tài nguyên và môi trường
128708,QSA,quan-ly-tai-nguyen-va-moi-truong,D01,Điểm thi THPT,2023,20.88,Quản lý tài nguyên và môi trường
128709,QSA,quan-ly-tai-nguyen-va-moi-truong,A00,Điểm học bạ,2024,23.8,Quản lý tài nguyên và môi trường
128710,QSA,quan-ly-tai-nguyen-va-moi-truong,B00,Điểm học bạ,2024,23.8,Quản lý tài nguyên và môi trường
128711,QSA,quan-ly-tai-nguyen-va-moi-truong,C15,Điểm học bạ,2024,23.8,Quản lý tài nguyên và môi trường
128712,QSA,quan-ly-tai-nguyen-va-moi-truong,D01,Điểm học bạ,2024,23.8,Quản lý tài nguyên và môi trường
128713,QSA,quan-ly-tai-nguyen-va-moi-truong,A00,Điểm thi THPT,2024,21.41,Quản lý tài nguyên và môi trường
128714,QSA,quan-ly-tai-nguyen-va-moi-truong,B00,Điểm thi THPT,2024,21.41,Quản lý tài nguyên và môi trường
128715,QSA,quan-ly-tai-nguyen-va-moi-truong,C15,Điểm thi THPT,2024,21.41,Quản lý tài nguyên và môi trường
128716,QSA,quan-ly-tai-nguyen-va-moi-truong,D01,Điểm thi THPT,2024,21.41,Quản lý tài nguyên và môi trường
128717,QSA,quan-ly-tai-nguyen-va-moi-truong,A00,Điểm thi THPT,2025,16.0,Quản lý tài nguyên và môi trường
128718,QSA,quan-ly-tai-nguyen-va-moi-truong,A01,Điểm thi THPT,2025,16.0,Quản lý tài nguyên và môi trường
128719,QSA,quan-ly-tai-nguyen-va-moi-truong,A02,Điểm thi THPT,2025,16.0,Quản lý tài nguyên và môi trường
128720,QSA,quan-ly-tai-nguyen-va-moi-truong,A03,Điểm thi THPT,2025,16.0,Quản lý tài nguyên và môi trường
128721,QSA,quan-ly-tai-nguyen-va-moi-truong,A04,Điểm thi THPT,2025,16.0,Quản lý tài nguyên và môi trường
128722,QSA,quan-ly-tai-nguyen-va-moi-truong,A05,Điểm thi THPT,2025,16.0,Quản lý tài nguyên và môi trường
128723,QSA,quan-ly-tai-nguyen-va-moi-truong,A06,Điểm thi THPT,2025,16.0,Quản lý tài nguyên và môi trường
128724,QSA,quan-ly-tai-nguyen-va-moi-truong,A07,Điểm thi THPT,2025,16.0,Quản lý tài nguyên và môi trường
128725,QSA,quan-ly-tai-nguyen-va-moi-truong,B00,Điểm thi THPT,2025,16.0,Quản lý tài nguyên và môi trường
128726,QSA,quan-ly-tai-nguyen-va-moi-truong,B02,Điểm thi THPT,2025,16.0,Quản lý tài nguyên và môi trường
128727,QSA,quan-ly-tai-nguyen-va-moi-truong,B03,Điểm thi THPT,2025,16.0,Quản lý tài nguyên và môi trường
128728,QSA,quan-ly-tai-nguyen-va-moi-truong,B08,Điểm thi THPT,2025,16.0,Quản lý tài nguyên và môi trường
128729,QSA,quan-ly-tai-nguyen-va-moi-truong,C01,Điểm thi THPT,2025,16.25,Quản lý tài nguyên và môi trường
128730,QSA,quan-ly-tai-nguyen-va-moi-truong,C02,Điểm thi THPT,2025,16.25,Quản lý tài nguyên và môi trường
128731,QSA,quan-ly-tai-nguyen-va-moi-truong,C03,Điểm thi THPT,2025,16.25,Quản lý tài nguyên và môi trường
128732,QSA,quan-ly-tai-nguyen-va-moi-truong,C04,Điểm thi THPT,2025,16.25,Quản lý tài nguyên và môi trường
128733,QSA,quan-ly-tai-nguyen-va-moi-truong,C08,Điểm thi THPT,2025,16.25,Quản lý tài nguyên và môi trường
128734,QSA,quan-ly-tai-nguyen-va-moi-truong,D01,Điểm thi THPT,2025,16.0,Quản lý tài nguyên và môi trường
128735,QSA,quan-ly-tai-nguyen-va-moi-truong,D07,Điểm thi THPT,2025,16.0,Quản lý tài nguyên và môi trường
128736,QSA,quan-ly-tai-nguyen-va-moi-truong,D09,Điểm thi THPT,2025,16.0,Quản lý tài nguyên và môi trường
128737,QSA,quan-ly-tai-nguyen-va-moi-truong,D10,Điểm thi THPT,2025,16.0,Quản lý tài nguyên và môi trường
128738,QSA,quan-ly-tai-nguyen-va-moi-truong,D14,Điểm thi THPT,2025,16.0,Quản lý tài nguyên và môi trường
128739,QSA,quan-ly-tai-nguyen-va-moi-truong,D15,Điểm thi THPT,2025,16.0,Quản lý tài nguyên và môi trường
128740,QSA,quan-ly-tai-nguyen-va-moi-truong,M00,Điểm thi THPT,2025,16.0,Quản lý tài nguyên và môi trường
128741,QSA,quan-ly-tai-nguyen-va-moi-truong,M01,Điểm thi THPT,2025,16.0,Quản lý tài nguyên và môi trường
128742,QSA,quan-ly-tai-nguyen-va-moi-truong,M26,Điểm thi THPT,2025,16.0,Quản lý tài nguyên và môi trường
128743,QSA,quan-ly-tai-nguyen-va-moi-truong,M27,Điểm thi THPT,2025,16.0,Quản lý tài nguyên và môi trường
128744,QSA,quan-ly-tai-nguyen-va-moi-truong,M28,Điểm thi THPT,2025,16.0,Quản lý tài nguyên và môi trường
128745,QSA,quan-ly-tai-nguyen-va-moi-truong,M29,Điểm thi THPT,2025,16.0,Quản lý tài nguyên và môi trường
128746,QSA,quan-ly-tai-nguyen-va-moi-truong,M30,Điểm thi THPT,2025,16.0,Quản lý tài nguyên và môi trường
128747,QSA,quan-ly-tai-nguyen-va-moi-truong,X01,Điểm thi THPT,2025,16.0,Quản lý tài nguyên và môi trường
128748,QSA,quan-ly-tai-nguyen-va-moi-truong,X04,Điểm thi THPT,2025,16.0,Quản lý tài nguyên và môi trường
128749,QSA,quan-ly-tai-nguyen-va-moi-truong,X05,Điểm thi THPT,2025,16.0,Quản lý tài nguyên và môi trường
128750,QSA,quan-ly-tai-nguyen-va-moi-truong,X06,Điểm thi THPT,2025,16.0,Quản lý tài nguyên và môi trường
128751,QSA,quan-ly-tai-nguyen-va-moi-truong,X08,Điểm thi THPT,2025,16.0,Quản lý tài nguyên và môi trường
128752,QSA,quan-ly-tai-nguyen-va-moi-truong,X10,Điểm thi THPT,2025,16.0,Quản lý tài nguyên và môi trường
128753,QSA,quan-ly-tai-nguyen-va-moi-truong,X12,Điểm thi THPT,2025,16.0,Quản lý tài nguyên và môi trường
128754,QSA,quan-ly-tai-nguyen-va-moi-truong,X14,Điểm thi THPT,2025,16.0,Quản lý tài nguyên và môi trường
128755,QSA,quan-ly-tai-nguyen-va-moi-truong,X17,Điểm thi THPT,2025,16.25,Quản lý tài nguyên và môi trường
128756,QSA,quan-ly-tai-nguyen-va-moi-truong,X20,Điểm thi THPT,2025,16.0,Quản lý tài nguyên và môi trường
128757,QSA,quan-ly-tai-nguyen-va-moi-truong,X24,Điểm thi THPT,2025,16.0,Quản lý tài nguyên và môi trường
128758,QSA,quan-ly-tai-nguyen-va-moi-truong,X25,Điểm thi THPT,2025,16.0,Quản lý tài nguyên và môi trường
128759,QSA,quan-ly-tai-nguyen-va-moi-truong,X26,Điểm thi THPT,2025,16.0,Quản lý tài nguyên và môi trường
128760,QSA,quan-ly-tai-nguyen-va-moi-truong,X27,Điểm thi THPT,2025,16.0,Quản lý tài nguyên và môi trường
128761,QSA,quan-ly-tai-nguyen-va-moi-truong,X28,Điểm thi THPT,2025,16.0,Quản lý tài nguyên và môi trường
128762,QSA,quan-ly-tai-nguyen-va-moi-truong,X65,Điểm thi THPT,2025,16.0,Quản lý tài nguyên và môi trường
128763,QSA,quan-ly-tai-nguyen-va-moi-truong,X70,Điểm thi THPT,2025,16.25,Quản lý tài nguyên và môi trường
128764,QSA,quan-ly-tai-nguyen-va-moi-truong,X74,Điểm thi THPT,2025,16.25,Quản lý tài nguyên và môi trường
128765,QSA,quan-ly-tai-nguyen-va-moi-truong,X78,Điểm thi THPT,2025,16.0,Quản lý tài nguyên và môi trường
128766,QSA,quan-ly-tai-nguyen-va-moi-truong,X80,Điểm thi THPT,2025,16.0,Quản lý tài nguyên và môi trường
128767,QSA,quan-ly-tai-nguyen-va-moi-truong,X81,Điểm thi THPT,2025,16.0,Quản lý tài nguyên và môi trường
128768,QSA,quan-tri-kinh-doanh,A00,Điểm học bạ,2021,22.5,Quản trị kinh doanh
128769,QSA,quan-tri-kinh-doanh,A01,Điểm học bạ,2021,22.5,Quản trị kinh doanh
128770,QSA,quan-tri-kinh-doanh,C15,Điểm học bạ,2021,22.5,Quản trị kinh doanh
128771,QSA,quan-tri-kinh-doanh,D01,Điểm học bạ,2021,22.5,Quản trị kinh doanh
128772,QSA,quan-tri-kinh-doanh,A00,Điểm thi THPT,2021,23.0,Quản trị kinh doanh
128773,QSA,quan-tri-kinh-doanh,A01,Điểm thi THPT,2021,23.0,Quản trị kinh doanh
128774,QSA,quan-tri-kinh-doanh,C15,Điểm thi THPT,2021,23.0,Quản trị kinh doanh
128775,QSA,quan-tri-kinh-doanh,D01,Điểm thi THPT,2021,23.0,Quản trị kinh doanh
128776,QSA,quan-tri-kinh-doanh,A00,Điểm thi THPT,2022,23.0,Quản trị kinh doanh
128777,QSA,quan-tri-kinh-doanh,A01,Điểm thi THPT,2022,23.0,Quản trị kinh doanh
128778,QSA,quan-tri-kinh-doanh,C15,Điểm thi THPT,2022,23.0,Quản trị kinh doanh
128779,QSA,quan-tri-kinh-doanh,D01,Điểm thi THPT,2022,23.0,Quản trị kinh doanh
128780,QSA,quan-tri-kinh-doanh,A00,Điểm học bạ,2023,26.5,Quản trị kinh doanh
128781,QSA,quan-tri-kinh-doanh,A01,Điểm học bạ,2023,26.5,Quản trị kinh doanh
128782,QSA,quan-tri-kinh-doanh,C15,Điểm học bạ,2023,26.5,Quản trị kinh doanh
128783,QSA,quan-tri-kinh-doanh,D01,Điểm học bạ,2023,26.5,Quản trị kinh doanh
128784,QSA,quan-tri-kinh-doanh,A00,Điểm thi THPT,2023,22.52,Quản trị kinh doanh
128785,QSA,quan-tri-kinh-doanh,A01,Điểm thi THPT,2023,22.52,Quản trị kinh doanh
128786,QSA,quan-tri-kinh-doanh,C15,Điểm thi THPT,2023,22.52,Quản trị kinh doanh
128787,QSA,quan-tri-kinh-doanh,D01,Điểm thi THPT,2023,22.52,Quản trị kinh doanh
128788,QSA,quan-tri-kinh-doanh,A00,Điểm học bạ,2024,24.2,Quản trị kinh doanh
128789,QSA,quan-tri-kinh-doanh,A01,Điểm học bạ,2024,24.2,Quản trị kinh doanh
128790,QSA,quan-tri-kinh-doanh,C15,Điểm học bạ,2024,24.2,Quản trị kinh doanh
128791,QSA,quan-tri-kinh-doanh,D01,Điểm học bạ,2024,24.2,Quản trị kinh doanh
128792,QSA,quan-tri-kinh-doanh,A00,Điểm thi THPT,2024,21.52,Quản trị kinh doanh
128793,QSA,quan-tri-kinh-doanh,A01,Điểm thi THPT,2024,21.52,Quản trị kinh doanh
128794,QSA,quan-tri-kinh-doanh,C15,Điểm thi THPT,2024,21.52,Quản trị kinh doanh
128795,QSA,quan-tri-kinh-doanh,D01,Điểm thi THPT,2024,21.52,Quản trị kinh doanh
128796,QSA,quan-tri-kinh-doanh,A00,Điểm thi THPT,2025,16.5,Quản trị kinh doanh
128797,QSA,quan-tri-kinh-doanh,A01,Điểm thi THPT,2025,16.5,Quản trị kinh doanh
128798,QSA,quan-tri-kinh-doanh,A02,Điểm thi THPT,2025,16.5,Quản trị kinh doanh
128799,QSA,quan-tri-kinh-doanh,A03,Điểm thi THPT,2025,16.5,Quản trị kinh doanh
128800,QSA,quan-tri-kinh-doanh,A04,Điểm thi THPT,2025,16.5,Quản trị kinh doanh
128801,QSA,quan-tri-kinh-doanh,A05,Điểm thi THPT,2025,16.5,Quản trị kinh doanh
128802,QSA,quan-tri-kinh-doanh,A06,Điểm thi THPT,2025,16.5,Quản trị kinh doanh
128803,QSA,quan-tri-kinh-doanh,A07,Điểm thi THPT,2025,16.5,Quản trị kinh doanh
128804,QSA,quan-tri-kinh-doanh,B00,Điểm thi THPT,2025,16.5,Quản trị kinh doanh
128805,QSA,quan-tri-kinh-doanh,B02,Điểm thi THPT,2025,16.5,Quản trị kinh doanh
128806,QSA,quan-tri-kinh-doanh,B03,Điểm thi THPT,2025,16.5,Quản trị kinh doanh
128807,QSA,quan-tri-kinh-doanh,B08,Điểm thi THPT,2025,16.5,Quản trị kinh doanh
128808,QSA,quan-tri-kinh-doanh,D01,Điểm thi THPT,2025,16.5,Quản trị kinh doanh
128809,QSA,quan-tri-kinh-doanh,D07,Điểm thi THPT,2025,16.5,Quản trị kinh doanh
128810,QSA,quan-tri-kinh-doanh,D09,Điểm thi THPT,2025,16.5,Quản trị kinh doanh
128811,QSA,quan-tri-kinh-doanh,D10,Điểm thi THPT,2025,16.5,Quản trị kinh doanh
128812,QSA,quan-tri-kinh-doanh,D14,Điểm thi THPT,2025,16.5,Quản trị kinh doanh
128813,QSA,quan-tri-kinh-doanh,D15,Điểm thi THPT,2025,16.5,Quản trị kinh doanh
128814,QSA,quan-tri-kinh-doanh,M00,Điểm thi THPT,2025,16.5,Quản trị kinh doanh
128815,QSA,quan-tri-kinh-doanh,M01,Điểm thi THPT,2025,16.5,Quản trị kinh doanh
128816,QSA,quan-tri-kinh-doanh,M26,Điểm thi THPT,2025,16.5,Quản trị kinh doanh
128817,QSA,quan-tri-kinh-doanh,M27,Điểm thi THPT,2025,16.5,Quản trị kinh doanh
128818,QSA,quan-tri-kinh-doanh,M28,Điểm thi THPT,2025,16.5,Quản trị kinh doanh
128819,QSA,quan-tri-kinh-doanh,M29,Điểm thi THPT,2025,16.5,Quản trị kinh doanh
128820,QSA,quan-tri-kinh-doanh,M30,Điểm thi THPT,2025,16.5,Quản trị kinh doanh
128821,QSA,quan-tri-kinh-doanh,X01,Điểm thi THPT,2025,16.5,Quản trị kinh doanh
128822,QSA,quan-tri-kinh-doanh,X04,Điểm thi THPT,2025,16.5,Quản trị kinh doanh
128823,QSA,quan-tri-kinh-doanh,X05,Điểm thi THPT,2025,16.5,Quản trị kinh doanh
128824,QSA,quan-tri-kinh-doanh,X06,Điểm thi THPT,2025,16.5,Quản trị kinh doanh
128825,QSA,quan-tri-kinh-doanh,X08,Điểm thi THPT,2025,16.5,Quản trị kinh doanh
128826,QSA,quan-tri-kinh-doanh,X10,Điểm thi THPT,2025,16.5,Quản trị kinh doanh
128827,QSA,quan-tri-kinh-doanh,X12,Điểm thi THPT,2025,16.5,Quản trị kinh doanh
128828,QSA,quan-tri-kinh-doanh,X14,Điểm thi THPT,2025,16.5,Quản trị kinh doanh
128829,QSA,quan-tri-kinh-doanh,X20,Điểm thi THPT,2025,16.5,Quản trị kinh doanh
128830,QSA,quan-tri-kinh-doanh,X24,Điểm thi THPT,2025,16.5,Quản trị kinh doanh
128831,QSA,quan-tri-kinh-doanh,X25,Điểm thi THPT,2025,16.5,Quản trị kinh doanh
128832,QSA,quan-tri-kinh-doanh,X26,Điểm thi THPT,2025,16.5,Quản trị kinh doanh
128833,QSA,quan-tri-kinh-doanh,X27,Điểm thi THPT,2025,16.5,Quản trị kinh doanh
128834,QSA,quan-tri-kinh-doanh,X28,Điểm thi THPT,2025,16.5,Quản trị kinh doanh
128835,QSA,quan-tri-kinh-doanh,X65,Điểm thi THPT,2025,16.5,Quản trị kinh doanh
128836,QSA,quan-tri-kinh-doanh,X78,Điểm thi THPT,2025,16.5,Quản trị kinh doanh
128837,QSA,quan-tri-kinh-doanh,X80,Điểm thi THPT,2025,16.5,Quản trị kinh doanh
128838,QSA,quan-tri-kinh-doanh,X81,Điểm thi THPT,2025,16.5,Quản trị kinh doanh
128839,QSA,su-pham-dia-ly,A09,Điểm học bạ,2021,18.0,Sư phạm Địa lý
128840,QSA,su-pham-dia-ly,C00,Điểm học bạ,2021,18.0,Sư phạm Địa lý
128841,QSA,su-pham-dia-ly,C04,Điểm học bạ,2021,18.0,Sư phạm Địa lý
128842,QSA,su-pham-dia-ly,D10,Điểm học bạ,2021,18.0,Sư phạm Địa lý
128843,QSA,su-pham-dia-ly,A09,Điểm thi THPT,2021,20.0,Sư phạm Địa lý
128844,QSA,su-pham-dia-ly,C00,Điểm thi THPT,2021,20.0,Sư phạm Địa lý
128845,QSA,su-pham-dia-ly,C04,Điểm thi THPT,2021,20.0,Sư phạm Địa lý
128846,QSA,su-pham-dia-ly,D10,Điểm thi THPT,2021,20.0,Sư phạm Địa lý
128847,QSA,su-pham-dia-ly,A09,Điểm thi THPT,2022,25.7,Sư phạm Địa lý
128848,QSA,su-pham-dia-ly,C00,Điểm thi THPT,2022,25.7,Sư phạm Địa lý
128849,QSA,su-pham-dia-ly,C04,Điểm thi THPT,2022,25.7,Sư phạm Địa lý
128850,QSA,su-pham-dia-ly,D10,Điểm thi THPT,2022,25.7,Sư phạm Địa lý
128851,QSA,su-pham-dia-ly,A09,Điểm học bạ,2023,26.95,Sư phạm Địa lý
128852,QSA,su-pham-dia-ly,C00,Điểm học bạ,2023,26.95,Sư phạm Địa lý
128853,QSA,su-pham-dia-ly,C04,Điểm học bạ,2023,26.95,Sư phạm Địa lý
128854,QSA,su-pham-dia-ly,D10,Điểm học bạ,2023,26.95,Sư phạm Địa lý
128855,QSA,su-pham-dia-ly,A09,Điểm thi THPT,2023,25.05,Sư phạm Địa lý
128856,QSA,su-pham-dia-ly,C00,Điểm thi THPT,2023,25.05,Sư phạm Địa lý
128857,QSA,su-pham-dia-ly,C04,Điểm thi THPT,2023,25.05,Sư phạm Địa lý
128858,QSA,su-pham-dia-ly,D10,Điểm thi THPT,2023,25.05,Sư phạm Địa lý
128859,QSA,su-pham-dia-ly,A09,Điểm học bạ,2024,27.2,Sư phạm Địa lý
128860,QSA,su-pham-dia-ly,C00,Điểm học bạ,2024,27.2,Sư phạm Địa lý
128861,QSA,su-pham-dia-ly,C20,Điểm học bạ,2024,27.2,Sư phạm Địa lý
128862,QSA,su-pham-dia-ly,D10,Điểm học bạ,2024,27.2,Sư phạm Địa lý
128863,QSA,su-pham-dia-ly,A09,Điểm thi THPT,2024,27.91,Sư phạm Địa lý
128864,QSA,su-pham-dia-ly,C00,Điểm thi THPT,2024,27.91,Sư phạm Địa lý
128865,QSA,su-pham-dia-ly,C20,Điểm thi THPT,2024,27.91,Sư phạm Địa lý
128866,QSA,su-pham-dia-ly,D10,Điểm thi THPT,2024,27.91,Sư phạm Địa lý
128867,QSA,su-pham-dia-ly,A00,Điểm thi THPT,2025,25.91,Sư phạm Địa lý
128868,QSA,su-pham-dia-ly,A01,Điểm thi THPT,2025,25.91,Sư phạm Địa lý
128869,QSA,su-pham-dia-ly,A02,Điểm thi THPT,2025,25.91,Sư phạm Địa lý
128870,QSA,su-pham-dia-ly,A03,Điểm thi THPT,2025,25.91,Sư phạm Địa lý
128871,QSA,su-pham-dia-ly,A04,Điểm thi THPT,2025,25.91,Sư phạm Địa lý
128872,QSA,su-pham-dia-ly,A05,Điểm thi THPT,2025,25.91,Sư phạm Địa lý
128873,QSA,su-pham-dia-ly,A06,Điểm thi THPT,2025,25.91,Sư phạm Địa lý
128874,QSA,su-pham-dia-ly,A07,Điểm thi THPT,2025,25.91,Sư phạm Địa lý
128875,QSA,su-pham-dia-ly,B00,Điểm thi THPT,2025,25.91,Sư phạm Địa lý
128876,QSA,su-pham-dia-ly,B02,Điểm thi THPT,2025,25.91,Sư phạm Địa lý
128877,QSA,su-pham-dia-ly,B03,Điểm thi THPT,2025,25.91,Sư phạm Địa lý
128878,QSA,su-pham-dia-ly,B08,Điểm thi THPT,2025,25.91,Sư phạm Địa lý
128879,QSA,su-pham-dia-ly,C00,Điểm thi THPT,2025,28.25,Sư phạm Địa lý
128880,QSA,su-pham-dia-ly,C01,Điểm thi THPT,2025,25.53,Sư phạm Địa lý
128881,QSA,su-pham-dia-ly,C02,Điểm thi THPT,2025,25.53,Sư phạm Địa lý
128882,QSA,su-pham-dia-ly,C03,Điểm thi THPT,2025,25.53,Sư phạm Địa lý
128883,QSA,su-pham-dia-ly,C04,Điểm thi THPT,2025,25.53,Sư phạm Địa lý
128884,QSA,su-pham-dia-ly,C08,Điểm thi THPT,2025,25.53,Sư phạm Địa lý
128885,QSA,su-pham-dia-ly,D01,Điểm thi THPT,2025,25.91,Sư phạm Địa lý
128886,QSA,su-pham-dia-ly,D07,Điểm thi THPT,2025,25.91,Sư phạm Địa lý
128887,QSA,su-pham-dia-ly,D09,Điểm thi THPT,2025,25.91,Sư phạm Địa lý
128888,QSA,su-pham-dia-ly,D10,Điểm thi THPT,2025,25.91,Sư phạm Địa lý
128889,QSA,su-pham-dia-ly,D14,Điểm thi THPT,2025,25.91,Sư phạm Địa lý
128890,QSA,su-pham-dia-ly,D15,Điểm thi THPT,2025,25.91,Sư phạm Địa lý
128891,QSA,su-pham-dia-ly,M00,Điểm thi THPT,2025,25.91,Sư phạm Địa lý
128892,QSA,su-pham-dia-ly,M01,Điểm thi THPT,2025,25.91,Sư phạm Địa lý
128893,QSA,su-pham-dia-ly,M26,Điểm thi THPT,2025,25.91,Sư phạm Địa lý
128894,QSA,su-pham-dia-ly,M27,Điểm thi THPT,2025,25.91,Sư phạm Địa lý
128895,QSA,su-pham-dia-ly,M28,Điểm thi THPT,2025,25.91,Sư phạm Địa lý
128896,QSA,su-pham-dia-ly,M29,Điểm thi THPT,2025,25.91,Sư phạm Địa lý
128897,QSA,su-pham-dia-ly,M30,Điểm thi THPT,2025,25.91,Sư phạm Địa lý
128898,QSA,su-pham-dia-ly,X01,Điểm thi THPT,2025,25.91,Sư phạm Địa lý
128899,QSA,su-pham-dia-ly,X04,Điểm thi THPT,2025,25.91,Sư phạm Địa lý
128900,QSA,su-pham-dia-ly,X05,Điểm thi THPT,2025,25.91,Sư phạm Địa lý
128901,QSA,su-pham-dia-ly,X06,Điểm thi THPT,2025,25.91,Sư phạm Địa lý
128902,QSA,su-pham-dia-ly,X08,Điểm thi THPT,2025,25.91,Sư phạm Địa lý
128903,QSA,su-pham-dia-ly,X10,Điểm thi THPT,2025,25.91,Sư phạm Địa lý
128904,QSA,su-pham-dia-ly,X12,Điểm thi THPT,2025,25.91,Sư phạm Địa lý
128905,QSA,su-pham-dia-ly,X14,Điểm thi THPT,2025,25.91,Sư phạm Địa lý
128906,QSA,su-pham-dia-ly,X17,Điểm thi THPT,2025,25.53,Sư phạm Địa lý
128907,QSA,su-pham-dia-ly,X20,Điểm thi THPT,2025,25.91,Sư phạm Địa lý
128908,QSA,su-pham-dia-ly,X24,Điểm thi THPT,2025,25.91,Sư phạm Địa lý
128909,QSA,su-pham-dia-ly,X25,Điểm thi THPT,2025,25.91,Sư phạm Địa lý
128910,QSA,su-pham-dia-ly,X26,Điểm thi THPT,2025,25.91,Sư phạm Địa lý
128911,QSA,su-pham-dia-ly,X27,Điểm thi THPT,2025,25.91,Sư phạm Địa lý
128912,QSA,su-pham-dia-ly,X28,Điểm thi THPT,2025,25.91,Sư phạm Địa lý
128913,QSA,su-pham-dia-ly,X65,Điểm thi THPT,2025,25.91,Sư phạm Địa lý
128914,QSA,su-pham-dia-ly,X70,Điểm thi THPT,2025,25.53,Sư phạm Địa lý
128915,QSA,su-pham-dia-ly,X74,Điểm thi THPT,2025,25.53,Sư phạm Địa lý
128916,QSA,su-pham-dia-ly,X78,Điểm thi THPT,2025,25.91,Sư phạm Địa lý
128917,QSA,su-pham-dia-ly,X80,Điểm thi THPT,2025,25.91,Sư phạm Địa lý
128918,QSA,su-pham-dia-ly,X81,Điểm thi THPT,2025,25.91,Sư phạm Địa lý
128919,QSA,su-pham-hoa-hoc,A00,Điểm học bạ,2021,18.0,Sư phạm Hóa học
128920,QSA,su-pham-hoa-hoc,B00,Điểm học bạ,2021,18.0,Sư phạm Hóa học
128921,QSA,su-pham-hoa-hoc,C02,Điểm học bạ,2021,18.0,Sư phạm Hóa học
128922,QSA,su-pham-hoa-hoc,D07,Điểm học bạ,2021,18.0,Sư phạm Hóa học
128923,QSA,su-pham-hoa-hoc,A00,Điểm thi THPT,2021,19.0,Sư phạm Hóa học
128924,QSA,su-pham-hoa-hoc,B00,Điểm thi THPT,2021,19.0,Sư phạm Hóa học
128925,QSA,su-pham-hoa-hoc,C02,Điểm thi THPT,2021,19.0,Sư phạm Hóa học
128926,QSA,su-pham-hoa-hoc,D07,Điểm thi THPT,2021,19.0,Sư phạm Hóa học
128927,QSA,su-pham-hoa-hoc,A00,Điểm thi THPT,2022,24.7,Sư phạm Hóa học
128928,QSA,su-pham-hoa-hoc,B00,Điểm thi THPT,2022,24.7,Sư phạm Hóa học
128929,QSA,su-pham-hoa-hoc,C02,Điểm thi THPT,2022,24.7,Sư phạm Hóa học
128930,QSA,su-pham-hoa-hoc,D07,Điểm thi THPT,2022,24.7,Sư phạm Hóa học
128931,QSA,su-pham-hoa-hoc,A00,Điểm học bạ,2023,28.6,Sư phạm Hóa học
128932,QSA,su-pham-hoa-hoc,B00,Điểm học bạ,2023,28.6,Sư phạm Hóa học
128933,QSA,su-pham-hoa-hoc,C02,Điểm học bạ,2023,28.6,Sư phạm Hóa học
128934,QSA,su-pham-hoa-hoc,D07,Điểm học bạ,2023,28.6,Sư phạm Hóa học
128935,QSA,su-pham-hoa-hoc,A00,Điểm thi THPT,2023,24.15,Sư phạm Hóa học
128936,QSA,su-pham-hoa-hoc,B00,Điểm thi THPT,2023,24.15,Sư phạm Hóa học
128937,QSA,su-pham-hoa-hoc,C02,Điểm thi THPT,2023,24.15,Sư phạm Hóa học
128938,QSA,su-pham-hoa-hoc,D07,Điểm thi THPT,2023,24.15,Sư phạm Hóa học
128939,QSA,su-pham-hoa-hoc,A00,Điểm học bạ,2024,28.3,Sư phạm Hóa học
128940,QSA,su-pham-hoa-hoc,B00,Điểm học bạ,2024,28.3,Sư phạm Hóa học
128941,QSA,su-pham-hoa-hoc,C02,Điểm học bạ,2024,28.3,Sư phạm Hóa học
128942,QSA,su-pham-hoa-hoc,D07,Điểm học bạ,2024,28.3,Sư phạm Hóa học
128943,QSA,su-pham-hoa-hoc,A00,Điểm thi THPT,2024,25.81,Sư phạm Hóa học
128944,QSA,su-pham-hoa-hoc,B00,Điểm thi THPT,2024,25.81,Sư phạm Hóa học
128945,QSA,su-pham-hoa-hoc,C02,Điểm thi THPT,2024,25.81,Sư phạm Hóa học
128946,QSA,su-pham-hoa-hoc,D07,Điểm thi THPT,2024,25.81,Sư phạm Hóa học
128947,QSA,su-pham-hoa-hoc,A00,Điểm thi THPT,2025,24.92,Sư phạm Hóa học
128948,QSA,su-pham-hoa-hoc,A01,Điểm thi THPT,2025,24.92,Sư phạm Hóa học
128949,QSA,su-pham-hoa-hoc,A02,Điểm thi THPT,2025,24.92,Sư phạm Hóa học
128950,QSA,su-pham-hoa-hoc,A03,Điểm thi THPT,2025,24.92,Sư phạm Hóa học
128951,QSA,su-pham-hoa-hoc,A04,Điểm thi THPT,2025,24.92,Sư phạm Hóa học
128952,QSA,su-pham-hoa-hoc,A05,Điểm thi THPT,2025,24.92,Sư phạm Hóa học
128953,QSA,su-pham-hoa-hoc,A06,Điểm thi THPT,2025,24.92,Sư phạm Hóa học
128954,QSA,su-pham-hoa-hoc,A07,Điểm thi THPT,2025,24.92,Sư phạm Hóa học
128955,QSA,su-pham-hoa-hoc,B00,Điểm thi THPT,2025,24.92,Sư phạm Hóa học
128956,QSA,su-pham-hoa-hoc,B02,Điểm thi THPT,2025,24.92,Sư phạm Hóa học
128957,QSA,su-pham-hoa-hoc,B03,Điểm thi THPT,2025,24.92,Sư phạm Hóa học
128958,QSA,su-pham-hoa-hoc,B08,Điểm thi THPT,2025,24.92,Sư phạm Hóa học
128959,QSA,su-pham-hoa-hoc,C01,Điểm thi THPT,2025,24.75,Sư phạm Hóa học
128960,QSA,su-pham-hoa-hoc,C02,Điểm thi THPT,2025,24.75,Sư phạm Hóa học
128961,QSA,su-pham-hoa-hoc,C03,Điểm thi THPT,2025,24.75,Sư phạm Hóa học
128962,QSA,su-pham-hoa-hoc,C04,Điểm thi THPT,2025,24.75,Sư phạm Hóa học
128963,QSA,su-pham-hoa-hoc,C08,Điểm thi THPT,2025,24.75,Sư phạm Hóa học
128964,QSA,su-pham-hoa-hoc,D01,Điểm thi THPT,2025,24.92,Sư phạm Hóa học
128965,QSA,su-pham-hoa-hoc,D07,Điểm thi THPT,2025,24.92,Sư phạm Hóa học
128966,QSA,su-pham-hoa-hoc,D09,Điểm thi THPT,2025,24.92,Sư phạm Hóa học
128967,QSA,su-pham-hoa-hoc,D10,Điểm thi THPT,2025,24.92,Sư phạm Hóa học
128968,QSA,su-pham-hoa-hoc,D14,Điểm thi THPT,2025,24.92,Sư phạm Hóa học
128969,QSA,su-pham-hoa-hoc,D15,Điểm thi THPT,2025,24.92,Sư phạm Hóa học
128970,QSA,su-pham-hoa-hoc,M00,Điểm thi THPT,2025,24.92,Sư phạm Hóa học
128971,QSA,su-pham-hoa-hoc,M01,Điểm thi THPT,2025,24.92,Sư phạm Hóa học
128972,QSA,su-pham-hoa-hoc,M26,Điểm thi THPT,2025,24.92,Sư phạm Hóa học
128973,QSA,su-pham-hoa-hoc,M27,Điểm thi THPT,2025,24.92,Sư phạm Hóa học
128974,QSA,su-pham-hoa-hoc,M28,Điểm thi THPT,2025,24.92,Sư phạm Hóa học
128975,QSA,su-pham-hoa-hoc,M29,Điểm thi THPT,2025,24.92,Sư phạm Hóa học
128976,QSA,su-pham-hoa-hoc,M30,Điểm thi THPT,2025,24.92,Sư phạm Hóa học
128977,QSA,su-pham-hoa-hoc,X01,Điểm thi THPT,2025,24.92,Sư phạm Hóa học
128978,QSA,su-pham-hoa-hoc,X04,Điểm thi THPT,2025,24.92,Sư phạm Hóa học
128979,QSA,su-pham-hoa-hoc,X05,Điểm thi THPT,2025,24.92,Sư phạm Hóa học
128980,QSA,su-pham-hoa-hoc,X06,Điểm thi THPT,2025,24.92,Sư phạm Hóa học
128981,QSA,su-pham-hoa-hoc,X08,Điểm thi THPT,2025,24.92,Sư phạm Hóa học
128982,QSA,su-pham-hoa-hoc,X10,Điểm thi THPT,2025,24.92,Sư phạm Hóa học
128983,QSA,su-pham-hoa-hoc,X12,Điểm thi THPT,2025,24.92,Sư phạm Hóa học
128984,QSA,su-pham-hoa-hoc,X14,Điểm thi THPT,2025,24.92,Sư phạm Hóa học
128985,QSA,su-pham-hoa-hoc,X17,Điểm thi THPT,2025,24.75,Sư phạm Hóa học
128986,QSA,su-pham-hoa-hoc,X20,Điểm thi THPT,2025,24.92,Sư phạm Hóa học
128987,QSA,su-pham-hoa-hoc,X24,Điểm thi THPT,2025,24.92,Sư phạm Hóa học
128988,QSA,su-pham-hoa-hoc,X25,Điểm thi THPT,2025,24.92,Sư phạm Hóa học
128989,QSA,su-pham-hoa-hoc,X26,Điểm thi THPT,2025,24.92,Sư phạm Hóa học
128990,QSA,su-pham-hoa-hoc,X27,Điểm thi THPT,2025,24.92,Sư phạm Hóa học
128991,QSA,su-pham-hoa-hoc,X28,Điểm thi THPT,2025,24.92,Sư phạm Hóa học
128992,QSA,su-pham-hoa-hoc,X65,Điểm thi THPT,2025,24.92,Sư phạm Hóa học
128993,QSA,su-pham-hoa-hoc,X70,Điểm thi THPT,2025,24.75,Sư phạm Hóa học
128994,QSA,su-pham-hoa-hoc,X74,Điểm thi THPT,2025,24.75,Sư phạm Hóa học
128995,QSA,su-pham-hoa-hoc,X78,Điểm thi THPT,2025,24.92,Sư phạm Hóa học
128996,QSA,su-pham-hoa-hoc,X80,Điểm thi THPT,2025,24.92,Sư phạm Hóa học
128997,QSA,su-pham-hoa-hoc,X81,Điểm thi THPT,2025,24.92,Sư phạm Hóa học
128998,QSA,su-pham-khoa-hoc-tu-nhien,A00,Điểm học bạ,2024,27.22,Sư phạm Khoa học tự nhiên
128999,QSA,su-pham-khoa-hoc-tu-nhien,A01,Điểm học bạ,2024,27.22,Sư phạm Khoa học tự nhiên
129000,QSA,su-pham-khoa-hoc-tu-nhien,A02,Điểm học bạ,2024,27.22,Sư phạm Khoa học tự nhiên
129001,QSA,su-pham-khoa-hoc-tu-nhien,B00,Điểm học bạ,2024,27.22,Sư phạm Khoa học tự nhiên
129002,QSA,su-pham-khoa-hoc-tu-nhien,A00,Điểm thi THPT,2024,24.66,Sư phạm Khoa học tự nhiên
129003,QSA,su-pham-khoa-hoc-tu-nhien,A01,Điểm thi THPT,2024,24.66,Sư phạm Khoa học tự nhiên
129004,QSA,su-pham-khoa-hoc-tu-nhien,A02,Điểm thi THPT,2024,24.66,Sư phạm Khoa học tự nhiên
129005,QSA,su-pham-khoa-hoc-tu-nhien,B00,Điểm thi THPT,2024,24.66,Sư phạm Khoa học tự nhiên
129006,QSA,su-pham-khoa-hoc-tu-nhien,A00,Điểm thi THPT,2025,24.48,Sư phạm Khoa học tự nhiên
129007,QSA,su-pham-khoa-hoc-tu-nhien,A01,Điểm thi THPT,2025,24.48,Sư phạm Khoa học tự nhiên
129008,QSA,su-pham-khoa-hoc-tu-nhien,A02,Điểm thi THPT,2025,24.48,Sư phạm Khoa học tự nhiên
129009,QSA,su-pham-khoa-hoc-tu-nhien,A03,Điểm thi THPT,2025,24.48,Sư phạm Khoa học tự nhiên
129010,QSA,su-pham-khoa-hoc-tu-nhien,A04,Điểm thi THPT,2025,24.48,Sư phạm Khoa học tự nhiên
129011,QSA,su-pham-khoa-hoc-tu-nhien,A05,Điểm thi THPT,2025,24.48,Sư phạm Khoa học tự nhiên
129012,QSA,su-pham-khoa-hoc-tu-nhien,A06,Điểm thi THPT,2025,24.48,Sư phạm Khoa học tự nhiên
129013,QSA,su-pham-khoa-hoc-tu-nhien,A07,Điểm thi THPT,2025,24.48,Sư phạm Khoa học tự nhiên
129014,QSA,su-pham-khoa-hoc-tu-nhien,B00,Điểm thi THPT,2025,24.48,Sư phạm Khoa học tự nhiên
129015,QSA,su-pham-khoa-hoc-tu-nhien,B02,Điểm thi THPT,2025,24.48,Sư phạm Khoa học tự nhiên
129016,QSA,su-pham-khoa-hoc-tu-nhien,B03,Điểm thi THPT,2025,24.48,Sư phạm Khoa học tự nhiên
129017,QSA,su-pham-khoa-hoc-tu-nhien,B08,Điểm thi THPT,2025,24.48,Sư phạm Khoa học tự nhiên
129018,QSA,su-pham-khoa-hoc-tu-nhien,C01,Điểm thi THPT,2025,24.4,Sư phạm Khoa học tự nhiên
129019,QSA,su-pham-khoa-hoc-tu-nhien,C02,Điểm thi THPT,2025,24.4,Sư phạm Khoa học tự nhiên
129020,QSA,su-pham-khoa-hoc-tu-nhien,C03,Điểm thi THPT,2025,24.4,Sư phạm Khoa học tự nhiên
129021,QSA,su-pham-khoa-hoc-tu-nhien,C04,Điểm thi THPT,2025,24.4,Sư phạm Khoa học tự nhiên
129022,QSA,su-pham-khoa-hoc-tu-nhien,C08,Điểm thi THPT,2025,24.4,Sư phạm Khoa học tự nhiên
129023,QSA,su-pham-khoa-hoc-tu-nhien,D01,Điểm thi THPT,2025,24.48,Sư phạm Khoa học tự nhiên
129024,QSA,su-pham-khoa-hoc-tu-nhien,D07,Điểm thi THPT,2025,24.48,Sư phạm Khoa học tự nhiên
129025,QSA,su-pham-khoa-hoc-tu-nhien,D09,Điểm thi THPT,2025,24.48,Sư phạm Khoa học tự nhiên
129026,QSA,su-pham-khoa-hoc-tu-nhien,D10,Điểm thi THPT,2025,24.48,Sư phạm Khoa học tự nhiên
129027,QSA,su-pham-khoa-hoc-tu-nhien,D14,Điểm thi THPT,2025,24.48,Sư phạm Khoa học tự nhiên
129028,QSA,su-pham-khoa-hoc-tu-nhien,D15,Điểm thi THPT,2025,24.48,Sư phạm Khoa học tự nhiên
129029,QSA,su-pham-khoa-hoc-tu-nhien,M00,Điểm thi THPT,2025,24.48,Sư phạm Khoa học tự nhiên
129030,QSA,su-pham-khoa-hoc-tu-nhien,M01,Điểm thi THPT,2025,24.48,Sư phạm Khoa học tự nhiên
129031,QSA,su-pham-khoa-hoc-tu-nhien,M26,Điểm thi THPT,2025,24.48,Sư phạm Khoa học tự nhiên
129032,QSA,su-pham-khoa-hoc-tu-nhien,M27,Điểm thi THPT,2025,24.48,Sư phạm Khoa học tự nhiên
129033,QSA,su-pham-khoa-hoc-tu-nhien,M28,Điểm thi THPT,2025,24.48,Sư phạm Khoa học tự nhiên
129034,QSA,su-pham-khoa-hoc-tu-nhien,M29,Điểm thi THPT,2025,24.48,Sư phạm Khoa học tự nhiên
129035,QSA,su-pham-khoa-hoc-tu-nhien,M30,Điểm thi THPT,2025,24.48,Sư phạm Khoa học tự nhiên
129036,QSA,su-pham-khoa-hoc-tu-nhien,X01,Điểm thi THPT,2025,24.48,Sư phạm Khoa học tự nhiên
129037,QSA,su-pham-khoa-hoc-tu-nhien,X04,Điểm thi THPT,2025,24.48,Sư phạm Khoa học tự nhiên
129038,QSA,su-pham-khoa-hoc-tu-nhien,X05,Điểm thi THPT,2025,24.48,Sư phạm Khoa học tự nhiên
129039,QSA,su-pham-khoa-hoc-tu-nhien,X06,Điểm thi THPT,2025,24.48,Sư phạm Khoa học tự nhiên
129040,QSA,su-pham-khoa-hoc-tu-nhien,X08,Điểm thi THPT,2025,24.48,Sư phạm Khoa học tự nhiên
129041,QSA,su-pham-khoa-hoc-tu-nhien,X10,Điểm thi THPT,2025,24.48,Sư phạm Khoa học tự nhiên
129042,QSA,su-pham-khoa-hoc-tu-nhien,X12,Điểm thi THPT,2025,24.48,Sư phạm Khoa học tự nhiên
129043,QSA,su-pham-khoa-hoc-tu-nhien,X14,Điểm thi THPT,2025,24.48,Sư phạm Khoa học tự nhiên
129044,QSA,su-pham-khoa-hoc-tu-nhien,X17,Điểm thi THPT,2025,24.4,Sư phạm Khoa học tự nhiên
129045,QSA,su-pham-khoa-hoc-tu-nhien,X20,Điểm thi THPT,2025,24.48,Sư phạm Khoa học tự nhiên
129046,QSA,su-pham-khoa-hoc-tu-nhien,X24,Điểm thi THPT,2025,24.48,Sư phạm Khoa học tự nhiên
129047,QSA,su-pham-khoa-hoc-tu-nhien,X25,Điểm thi THPT,2025,24.48,Sư phạm Khoa học tự nhiên
129048,QSA,su-pham-khoa-hoc-tu-nhien,X26,Điểm thi THPT,2025,24.48,Sư phạm Khoa học tự nhiên
129049,QSA,su-pham-khoa-hoc-tu-nhien,X27,Điểm thi THPT,2025,24.48,Sư phạm Khoa học tự nhiên
129050,QSA,su-pham-khoa-hoc-tu-nhien,X28,Điểm thi THPT,2025,24.48,Sư phạm Khoa học tự nhiên
129051,QSA,su-pham-khoa-hoc-tu-nhien,X65,Điểm thi THPT,2025,24.48,Sư phạm Khoa học tự nhiên
129052,QSA,su-pham-khoa-hoc-tu-nhien,X70,Điểm thi THPT,2025,24.4,Sư phạm Khoa học tự nhiên
129053,QSA,su-pham-khoa-hoc-tu-nhien,X74,Điểm thi THPT,2025,24.4,Sư phạm Khoa học tự nhiên
129054,QSA,su-pham-khoa-hoc-tu-nhien,X78,Điểm thi THPT,2025,24.48,Sư phạm Khoa học tự nhiên
129055,QSA,su-pham-khoa-hoc-tu-nhien,X80,Điểm thi THPT,2025,24.48,Sư phạm Khoa học tự nhiên
129056,QSA,su-pham-khoa-hoc-tu-nhien,X81,Điểm thi THPT,2025,24.48,Sư phạm Khoa học tự nhiên
129057,QSA,su-pham-lich-su,A08,Điểm học bạ,2021,18.0,Sư phạm Lịch sử
129058,QSA,su-pham-lich-su,C00,Điểm học bạ,2021,18.0,Sư phạm Lịch sử
129059,QSA,su-pham-lich-su,C19,Điểm học bạ,2021,18.0,Sư phạm Lịch sử
129060,QSA,su-pham-lich-su,D14,Điểm học bạ,2021,18.0,Sư phạm Lịch sử
129061,QSA,su-pham-lich-su,A08,Điểm thi THPT,2021,20.0,Sư phạm Lịch sử
129062,QSA,su-pham-lich-su,C00,Điểm thi THPT,2021,20.0,Sư phạm Lịch sử
129063,QSA,su-pham-lich-su,C19,Điểm thi THPT,2021,20.0,Sư phạm Lịch sử
129064,QSA,su-pham-lich-su,D14,Điểm thi THPT,2021,20.0,Sư phạm Lịch sử
129065,QSA,su-pham-lich-su,A08,Điểm thi THPT,2022,26.51,Sư phạm Lịch sử
129066,QSA,su-pham-lich-su,C00,Điểm thi THPT,2022,26.51,Sư phạm Lịch sử
129067,QSA,su-pham-lich-su,C19,Điểm thi THPT,2022,26.51,Sư phạm Lịch sử
129068,QSA,su-pham-lich-su,D14,Điểm thi THPT,2022,26.51,Sư phạm Lịch sử
129069,QSA,su-pham-lich-su,A08,Điểm học bạ,2023,27.15,Sư phạm Lịch sử
129070,QSA,su-pham-lich-su,C00,Điểm học bạ,2023,27.15,Sư phạm Lịch sử
129071,QSA,su-pham-lich-su,C19,Điểm học bạ,2023,27.15,Sư phạm Lịch sử
129072,QSA,su-pham-lich-su,D14,Điểm học bạ,2023,27.15,Sư phạm Lịch sử
129073,QSA,su-pham-lich-su,A08,Điểm thi THPT,2023,27.21,Sư phạm Lịch sử
129074,QSA,su-pham-lich-su,C00,Điểm thi THPT,2023,27.21,Sư phạm Lịch sử
129075,QSA,su-pham-lich-su,C19,Điểm thi THPT,2023,27.21,Sư phạm Lịch sử
129076,QSA,su-pham-lich-su,D14,Điểm thi THPT,2023,27.21,Sư phạm Lịch sử
129077,QSA,su-pham-lich-su,A08,Điểm học bạ,2024,27.85,Sư phạm Lịch sử
129078,QSA,su-pham-lich-su,C00,Điểm học bạ,2024,27.85,Sư phạm Lịch sử
129079,QSA,su-pham-lich-su,C19,Điểm học bạ,2024,27.85,Sư phạm Lịch sử
129080,QSA,su-pham-lich-su,D14,Điểm học bạ,2024,27.85,Sư phạm Lịch sử
129081,QSA,su-pham-lich-su,A08,Điểm thi THPT,2024,27.91,Sư phạm Lịch sử
129082,QSA,su-pham-lich-su,C00,Điểm thi THPT,2024,27.91,Sư phạm Lịch sử
129083,QSA,su-pham-lich-su,C19,Điểm thi THPT,2024,27.91,Sư phạm Lịch sử
129084,QSA,su-pham-lich-su,D14,Điểm thi THPT,2024,27.91,Sư phạm Lịch sử
129085,QSA,su-pham-lich-su,A00,Điểm thi THPT,2025,26.28,Sư phạm Lịch sử
129086,QSA,su-pham-lich-su,A01,Điểm thi THPT,2025,26.28,Sư phạm Lịch sử
129087,QSA,su-pham-lich-su,A02,Điểm thi THPT,2025,26.28,Sư phạm Lịch sử
129088,QSA,su-pham-lich-su,A03,Điểm thi THPT,2025,26.28,Sư phạm Lịch sử
129089,QSA,su-pham-lich-su,A04,Điểm thi THPT,2025,26.28,Sư phạm Lịch sử
129090,QSA,su-pham-lich-su,A05,Điểm thi THPT,2025,26.28,Sư phạm Lịch sử
129091,QSA,su-pham-lich-su,A06,Điểm thi THPT,2025,26.28,Sư phạm Lịch sử
129092,QSA,su-pham-lich-su,A07,Điểm thi THPT,2025,26.28,Sư phạm Lịch sử
129093,QSA,su-pham-lich-su,B00,Điểm thi THPT,2025,26.28,Sư phạm Lịch sử
129094,QSA,su-pham-lich-su,B02,Điểm thi THPT,2025,26.28,Sư phạm Lịch sử
129095,QSA,su-pham-lich-su,B03,Điểm thi THPT,2025,26.28,Sư phạm Lịch sử
129096,QSA,su-pham-lich-su,B08,Điểm thi THPT,2025,26.28,Sư phạm Lịch sử
129097,QSA,su-pham-lich-su,C00,Điểm thi THPT,2025,28.75,Sư phạm Lịch sử
129098,QSA,su-pham-lich-su,C01,Điểm thi THPT,2025,25.83,Sư phạm Lịch sử
129099,QSA,su-pham-lich-su,C02,Điểm thi THPT,2025,25.83,Sư phạm Lịch sử
129100,QSA,su-pham-lich-su,C03,Điểm thi THPT,2025,25.83,Sư phạm Lịch sử
129101,QSA,su-pham-lich-su,C04,Điểm thi THPT,2025,25.83,Sư phạm Lịch sử
129102,QSA,su-pham-lich-su,C08,Điểm thi THPT,2025,25.83,Sư phạm Lịch sử
129103,QSA,su-pham-lich-su,D01,Điểm thi THPT,2025,26.28,Sư phạm Lịch sử
129104,QSA,su-pham-lich-su,D07,Điểm thi THPT,2025,26.28,Sư phạm Lịch sử
129105,QSA,su-pham-lich-su,D09,Điểm thi THPT,2025,26.28,Sư phạm Lịch sử
129106,QSA,su-pham-lich-su,D10,Điểm thi THPT,2025,26.28,Sư phạm Lịch sử
129107,QSA,su-pham-lich-su,D14,Điểm thi THPT,2025,26.28,Sư phạm Lịch sử
129108,QSA,su-pham-lich-su,D15,Điểm thi THPT,2025,26.28,Sư phạm Lịch sử
129109,QSA,su-pham-lich-su,M00,Điểm thi THPT,2025,26.28,Sư phạm Lịch sử
129110,QSA,su-pham-lich-su,M01,Điểm thi THPT,2025,26.28,Sư phạm Lịch sử
129111,QSA,su-pham-lich-su,M26,Điểm thi THPT,2025,26.28,Sư phạm Lịch sử
129112,QSA,su-pham-lich-su,M27,Điểm thi THPT,2025,26.28,Sư phạm Lịch sử
129113,QSA,su-pham-lich-su,M28,Điểm thi THPT,2025,26.28,Sư phạm Lịch sử
129114,QSA,su-pham-lich-su,M29,Điểm thi THPT,2025,26.28,Sư phạm Lịch sử
129115,QSA,su-pham-lich-su,M30,Điểm thi THPT,2025,26.28,Sư phạm Lịch sử
129116,QSA,su-pham-lich-su,X01,Điểm thi THPT,2025,26.28,Sư phạm Lịch sử
129117,QSA,su-pham-lich-su,X04,Điểm thi THPT,2025,26.28,Sư phạm Lịch sử
129118,QSA,su-pham-lich-su,X05,Điểm thi THPT,2025,26.28,Sư phạm Lịch sử
129119,QSA,su-pham-lich-su,X06,Điểm thi THPT,2025,26.28,Sư phạm Lịch sử
129120,QSA,su-pham-lich-su,X08,Điểm thi THPT,2025,26.28,Sư phạm Lịch sử
129121,QSA,su-pham-lich-su,X10,Điểm thi THPT,2025,26.28,Sư phạm Lịch sử
129122,QSA,su-pham-lich-su,X12,Điểm thi THPT,2025,26.28,Sư phạm Lịch sử
129123,QSA,su-pham-lich-su,X14,Điểm thi THPT,2025,26.28,Sư phạm Lịch sử
129124,QSA,su-pham-lich-su,X17,Điểm thi THPT,2025,25.83,Sư phạm Lịch sử
129125,QSA,su-pham-lich-su,X20,Điểm thi THPT,2025,26.28,Sư phạm Lịch sử
129126,QSA,su-pham-lich-su,X24,Điểm thi THPT,2025,26.28,Sư phạm Lịch sử
129127,QSA,su-pham-lich-su,X25,Điểm thi THPT,2025,26.28,Sư phạm Lịch sử
129128,QSA,su-pham-lich-su,X26,Điểm thi THPT,2025,26.28,Sư phạm Lịch sử
129129,QSA,su-pham-lich-su,X27,Điểm thi THPT,2025,26.28,Sư phạm Lịch sử
129130,QSA,su-pham-lich-su,X28,Điểm thi THPT,2025,26.28,Sư phạm Lịch sử
129131,QSA,su-pham-lich-su,X65,Điểm thi THPT,2025,26.28,Sư phạm Lịch sử
129132,QSA,su-pham-lich-su,X70,Điểm thi THPT,2025,25.83,Sư phạm Lịch sử
129133,QSA,su-pham-lich-su,X74,Điểm thi THPT,2025,25.83,Sư phạm Lịch sử
129134,QSA,su-pham-lich-su,X78,Điểm thi THPT,2025,26.28,Sư phạm Lịch sử
129135,QSA,su-pham-lich-su,X80,Điểm thi THPT,2025,26.28,Sư phạm Lịch sử
129136,QSA,su-pham-lich-su,X81,Điểm thi THPT,2025,26.28,Sư phạm Lịch sử
129137,QSA,su-pham-lich-su-dia-ly,A00,Điểm thi THPT,2025,25.01,Sư phạm Lịch sử - Địa lý
129138,QSA,su-pham-lich-su-dia-ly,A01,Điểm thi THPT,2025,25.01,Sư phạm Lịch sử - Địa lý
129139,QSA,su-pham-lich-su-dia-ly,A02,Điểm thi THPT,2025,25.01,Sư phạm Lịch sử - Địa lý
129140,QSA,su-pham-lich-su-dia-ly,A03,Điểm thi THPT,2025,25.01,Sư phạm Lịch sử - Địa lý
129141,QSA,su-pham-lich-su-dia-ly,A04,Điểm thi THPT,2025,25.01,Sư phạm Lịch sử - Địa lý
129142,QSA,su-pham-lich-su-dia-ly,A05,Điểm thi THPT,2025,25.01,Sư phạm Lịch sử - Địa lý
129143,QSA,su-pham-lich-su-dia-ly,A06,Điểm thi THPT,2025,25.01,Sư phạm Lịch sử - Địa lý
129144,QSA,su-pham-lich-su-dia-ly,A07,Điểm thi THPT,2025,25.01,Sư phạm Lịch sử - Địa lý
129145,QSA,su-pham-lich-su-dia-ly,B00,Điểm thi THPT,2025,25.01,Sư phạm Lịch sử - Địa lý
129146,QSA,su-pham-lich-su-dia-ly,B02,Điểm thi THPT,2025,25.01,Sư phạm Lịch sử - Địa lý
129147,QSA,su-pham-lich-su-dia-ly,B03,Điểm thi THPT,2025,25.01,Sư phạm Lịch sử - Địa lý
129148,QSA,su-pham-lich-su-dia-ly,B08,Điểm thi THPT,2025,25.01,Sư phạm Lịch sử - Địa lý
129149,QSA,su-pham-lich-su-dia-ly,C00,Điểm thi THPT,2025,27.75,Sư phạm Lịch sử - Địa lý
129150,QSA,su-pham-lich-su-dia-ly,C01,Điểm thi THPT,2025,24.87,Sư phạm Lịch sử - Địa lý
129151,QSA,su-pham-lich-su-dia-ly,C02,Điểm thi THPT,2025,24.87,Sư phạm Lịch sử - Địa lý
129152,QSA,su-pham-lich-su-dia-ly,C03,Điểm thi THPT,2025,24.87,Sư phạm Lịch sử - Địa lý
129153,QSA,su-pham-lich-su-dia-ly,C04,Điểm thi THPT,2025,24.87,Sư phạm Lịch sử - Địa lý
129154,QSA,su-pham-lich-su-dia-ly,C08,Điểm thi THPT,2025,24.87,Sư phạm Lịch sử - Địa lý
129155,QSA,su-pham-lich-su-dia-ly,D01,Điểm thi THPT,2025,25.01,Sư phạm Lịch sử - Địa lý
129156,QSA,su-pham-lich-su-dia-ly,D07,Điểm thi THPT,2025,25.01,Sư phạm Lịch sử - Địa lý
129157,QSA,su-pham-lich-su-dia-ly,D09,Điểm thi THPT,2025,25.01,Sư phạm Lịch sử - Địa lý
129158,QSA,su-pham-lich-su-dia-ly,D10,Điểm thi THPT,2025,25.01,Sư phạm Lịch sử - Địa lý
129159,QSA,su-pham-lich-su-dia-ly,D14,Điểm thi THPT,2025,25.01,Sư phạm Lịch sử - Địa lý
129160,QSA,su-pham-lich-su-dia-ly,D15,Điểm thi THPT,2025,25.01,Sư phạm Lịch sử - Địa lý
129161,QSA,su-pham-lich-su-dia-ly,M00,Điểm thi THPT,2025,25.01,Sư phạm Lịch sử - Địa lý
129162,QSA,su-pham-lich-su-dia-ly,M01,Điểm thi THPT,2025,25.01,Sư phạm Lịch sử - Địa lý
129163,QSA,su-pham-lich-su-dia-ly,M26,Điểm thi THPT,2025,25.01,Sư phạm Lịch sử - Địa lý
129164,QSA,su-pham-lich-su-dia-ly,M27,Điểm thi THPT,2025,25.01,Sư phạm Lịch sử - Địa lý
129165,QSA,su-pham-lich-su-dia-ly,M28,Điểm thi THPT,2025,25.01,Sư phạm Lịch sử - Địa lý
129166,QSA,su-pham-lich-su-dia-ly,M29,Điểm thi THPT,2025,25.01,Sư phạm Lịch sử - Địa lý
129167,QSA,su-pham-lich-su-dia-ly,M30,Điểm thi THPT,2025,25.01,Sư phạm Lịch sử - Địa lý
129168,QSA,su-pham-lich-su-dia-ly,X01,Điểm thi THPT,2025,25.01,Sư phạm Lịch sử - Địa lý
129169,QSA,su-pham-lich-su-dia-ly,X04,Điểm thi THPT,2025,25.01,Sư phạm Lịch sử - Địa lý
129170,QSA,su-pham-lich-su-dia-ly,X05,Điểm thi THPT,2025,25.01,Sư phạm Lịch sử - Địa lý
129171,QSA,su-pham-lich-su-dia-ly,X06,Điểm thi THPT,2025,25.01,Sư phạm Lịch sử - Địa lý
129172,QSA,su-pham-lich-su-dia-ly,X08,Điểm thi THPT,2025,25.01,Sư phạm Lịch sử - Địa lý
129173,QSA,su-pham-lich-su-dia-ly,X10,Điểm thi THPT,2025,25.01,Sư phạm Lịch sử - Địa lý
129174,QSA,su-pham-lich-su-dia-ly,X12,Điểm thi THPT,2025,25.01,Sư phạm Lịch sử - Địa lý
129175,QSA,su-pham-lich-su-dia-ly,X14,Điểm thi THPT,2025,25.01,Sư phạm Lịch sử - Địa lý
129176,QSA,su-pham-lich-su-dia-ly,X17,Điểm thi THPT,2025,24.87,Sư phạm Lịch sử - Địa lý
129177,QSA,su-pham-lich-su-dia-ly,X20,Điểm thi THPT,2025,25.01,Sư phạm Lịch sử - Địa lý
129178,QSA,su-pham-lich-su-dia-ly,X24,Điểm thi THPT,2025,25.01,Sư phạm Lịch sử - Địa lý
129179,QSA,su-pham-lich-su-dia-ly,X25,Điểm thi THPT,2025,25.01,Sư phạm Lịch sử - Địa lý
129180,QSA,su-pham-lich-su-dia-ly,X26,Điểm thi THPT,2025,25.01,Sư phạm Lịch sử - Địa lý
129181,QSA,su-pham-lich-su-dia-ly,X27,Điểm thi THPT,2025,25.01,Sư phạm Lịch sử - Địa lý
129182,QSA,su-pham-lich-su-dia-ly,X28,Điểm thi THPT,2025,25.01,Sư phạm Lịch sử - Địa lý
129183,QSA,su-pham-lich-su-dia-ly,X65,Điểm thi THPT,2025,25.01,Sư phạm Lịch sử - Địa lý
129184,QSA,su-pham-lich-su-dia-ly,X70,Điểm thi THPT,2025,24.87,Sư phạm Lịch sử - Địa lý
129185,QSA,su-pham-lich-su-dia-ly,X74,Điểm thi THPT,2025,24.87,Sư phạm Lịch sử - Địa lý
129186,QSA,su-pham-lich-su-dia-ly,X78,Điểm thi THPT,2025,25.01,Sư phạm Lịch sử - Địa lý
129187,QSA,su-pham-lich-su-dia-ly,X80,Điểm thi THPT,2025,25.01,Sư phạm Lịch sử - Địa lý
129188,QSA,su-pham-lich-su-dia-ly,X81,Điểm thi THPT,2025,25.01,Sư phạm Lịch sử - Địa lý
129189,QSA,su-pham-ngu-van,C00,Điểm học bạ,2021,18.0,Sư phạm Ngữ văn
129190,QSA,su-pham-ngu-van,D01,Điểm học bạ,2021,18.0,Sư phạm Ngữ văn
129191,QSA,su-pham-ngu-van,D14,Điểm học bạ,2021,18.0,Sư phạm Ngữ văn
129192,QSA,su-pham-ngu-van,D15,Điểm học bạ,2021,18.0,Sư phạm Ngữ văn
129193,QSA,su-pham-ngu-van,C00,Điểm thi THPT,2021,22.0,Sư phạm Ngữ văn
129194,QSA,su-pham-ngu-van,D01,Điểm thi THPT,2021,22.0,Sư phạm Ngữ văn
129195,QSA,su-pham-ngu-van,D14,Điểm thi THPT,2021,22.0,Sư phạm Ngữ văn
129196,QSA,su-pham-ngu-van,D15,Điểm thi THPT,2021,22.0,Sư phạm Ngữ văn
129197,QSA,su-pham-ngu-van,C00,Điểm thi THPT,2022,25.3,Sư phạm Ngữ văn
129198,QSA,su-pham-ngu-van,D01,Điểm thi THPT,2022,25.3,Sư phạm Ngữ văn
129199,QSA,su-pham-ngu-van,D14,Điểm thi THPT,2022,25.3,Sư phạm Ngữ văn
129200,QSA,su-pham-ngu-van,D15,Điểm thi THPT,2022,25.3,Sư phạm Ngữ văn
129201,QSA,su-pham-ngu-van,C00,Điểm học bạ,2023,27.1,Sư phạm Ngữ văn
129202,QSA,su-pham-ngu-van,D01,Điểm học bạ,2023,27.1,Sư phạm Ngữ văn
129203,QSA,su-pham-ngu-van,D14,Điểm học bạ,2023,27.1,Sư phạm Ngữ văn
129204,QSA,su-pham-ngu-van,D15,Điểm học bạ,2023,27.1,Sư phạm Ngữ văn
129205,QSA,su-pham-ngu-van,C00,Điểm thi THPT,2023,24.96,Sư phạm Ngữ văn
129206,QSA,su-pham-ngu-van,D01,Điểm thi THPT,2023,24.96,Sư phạm Ngữ văn
129207,QSA,su-pham-ngu-van,D14,Điểm thi THPT,2023,24.96,Sư phạm Ngữ văn
129208,QSA,su-pham-ngu-van,D15,Điểm thi THPT,2023,24.96,Sư phạm Ngữ văn
129209,QSA,su-pham-ngu-van,C00,Điểm học bạ,2024,27.85,Sư phạm Ngữ văn
129210,QSA,su-pham-ngu-van,D01,Điểm học bạ,2024,27.85,Sư phạm Ngữ văn
129211,QSA,su-pham-ngu-van,D14,Điểm học bạ,2024,27.85,Sư phạm Ngữ văn
129212,QSA,su-pham-ngu-van,D15,Điểm học bạ,2024,27.85,Sư phạm Ngữ văn
129213,QSA,su-pham-ngu-van,C00,Điểm thi THPT,2024,27.44,Sư phạm Ngữ văn
129214,QSA,su-pham-ngu-van,D01,Điểm thi THPT,2024,27.44,Sư phạm Ngữ văn
129215,QSA,su-pham-ngu-van,D14,Điểm thi THPT,2024,27.44,Sư phạm Ngữ văn
129216,QSA,su-pham-ngu-van,D15,Điểm thi THPT,2024,27.44,Sư phạm Ngữ văn
129217,QSA,su-pham-ngu-van,A00,Điểm thi THPT,2025,24.71,Sư phạm Ngữ văn
129218,QSA,su-pham-ngu-van,A01,Điểm thi THPT,2025,24.71,Sư phạm Ngữ văn
129219,QSA,su-pham-ngu-van,A02,Điểm thi THPT,2025,24.71,Sư phạm Ngữ văn
129220,QSA,su-pham-ngu-van,A03,Điểm thi THPT,2025,24.71,Sư phạm Ngữ văn
129221,QSA,su-pham-ngu-van,A04,Điểm thi THPT,2025,24.71,Sư phạm Ngữ văn
129222,QSA,su-pham-ngu-van,A05,Điểm thi THPT,2025,24.71,Sư phạm Ngữ văn
129223,QSA,su-pham-ngu-van,A06,Điểm thi THPT,2025,24.71,Sư phạm Ngữ văn
129224,QSA,su-pham-ngu-van,A07,Điểm thi THPT,2025,24.71,Sư phạm Ngữ văn
129225,QSA,su-pham-ngu-van,B00,Điểm thi THPT,2025,24.71,Sư phạm Ngữ văn
129226,QSA,su-pham-ngu-van,B02,Điểm thi THPT,2025,24.71,Sư phạm Ngữ văn
129227,QSA,su-pham-ngu-van,B03,Điểm thi THPT,2025,24.71,Sư phạm Ngữ văn
129228,QSA,su-pham-ngu-van,B08,Điểm thi THPT,2025,24.71,Sư phạm Ngữ văn
129229,QSA,su-pham-ngu-van,C00,Điểm thi THPT,2025,27.68,Sư phạm Ngữ văn
129230,QSA,su-pham-ngu-van,C01,Điểm thi THPT,2025,24.65,Sư phạm Ngữ văn
129231,QSA,su-pham-ngu-van,C02,Điểm thi THPT,2025,24.65,Sư phạm Ngữ văn
129232,QSA,su-pham-ngu-van,C03,Điểm thi THPT,2025,24.65,Sư phạm Ngữ văn
129233,QSA,su-pham-ngu-van,C04,Điểm thi THPT,2025,24.65,Sư phạm Ngữ văn
129234,QSA,su-pham-ngu-van,C08,Điểm thi THPT,2025,24.65,Sư phạm Ngữ văn
129235,QSA,su-pham-ngu-van,D01,Điểm thi THPT,2025,24.71,Sư phạm Ngữ văn
129236,QSA,su-pham-ngu-van,D07,Điểm thi THPT,2025,24.71,Sư phạm Ngữ văn
129237,QSA,su-pham-ngu-van,D09,Điểm thi THPT,2025,24.71,Sư phạm Ngữ văn
129238,QSA,su-pham-ngu-van,D10,Điểm thi THPT,2025,24.71,Sư phạm Ngữ văn
129239,QSA,su-pham-ngu-van,D14,Điểm thi THPT,2025,24.71,Sư phạm Ngữ văn
129240,QSA,su-pham-ngu-van,D15,Điểm thi THPT,2025,24.71,Sư phạm Ngữ văn
129241,QSA,su-pham-ngu-van,M00,Điểm thi THPT,2025,24.71,Sư phạm Ngữ văn
129242,QSA,su-pham-ngu-van,M01,Điểm thi THPT,2025,24.71,Sư phạm Ngữ văn
129243,QSA,su-pham-ngu-van,M26,Điểm thi THPT,2025,24.71,Sư phạm Ngữ văn
129244,QSA,su-pham-ngu-van,M27,Điểm thi THPT,2025,24.71,Sư phạm Ngữ văn
129245,QSA,su-pham-ngu-van,M28,Điểm thi THPT,2025,24.71,Sư phạm Ngữ văn
129246,QSA,su-pham-ngu-van,M29,Điểm thi THPT,2025,24.71,Sư phạm Ngữ văn
129247,QSA,su-pham-ngu-van,M30,Điểm thi THPT,2025,24.71,Sư phạm Ngữ văn
129248,QSA,su-pham-ngu-van,X01,Điểm thi THPT,2025,24.71,Sư phạm Ngữ văn
129249,QSA,su-pham-ngu-van,X04,Điểm thi THPT,2025,24.71,Sư phạm Ngữ văn
129250,QSA,su-pham-ngu-van,X05,Điểm thi THPT,2025,24.71,Sư phạm Ngữ văn
129251,QSA,su-pham-ngu-van,X06,Điểm thi THPT,2025,24.71,Sư phạm Ngữ văn
129252,QSA,su-pham-ngu-van,X08,Điểm thi THPT,2025,24.71,Sư phạm Ngữ văn
129253,QSA,su-pham-ngu-van,X10,Điểm thi THPT,2025,24.71,Sư phạm Ngữ văn
129254,QSA,su-pham-ngu-van,X12,Điểm thi THPT,2025,24.71,Sư phạm Ngữ văn
129255,QSA,su-pham-ngu-van,X14,Điểm thi THPT,2025,24.71,Sư phạm Ngữ văn
129256,QSA,su-pham-ngu-van,X17,Điểm thi THPT,2025,24.65,Sư phạm Ngữ văn
129257,QSA,su-pham-ngu-van,X20,Điểm thi THPT,2025,24.71,Sư phạm Ngữ văn
129258,QSA,su-pham-ngu-van,X24,Điểm thi THPT,2025,24.71,Sư phạm Ngữ văn
129259,QSA,su-pham-ngu-van,X25,Điểm thi THPT,2025,24.71,Sư phạm Ngữ văn
129260,QSA,su-pham-ngu-van,X26,Điểm thi THPT,2025,24.71,Sư phạm Ngữ văn
129261,QSA,su-pham-ngu-van,X27,Điểm thi THPT,2025,24.71,Sư phạm Ngữ văn
129262,QSA,su-pham-ngu-van,X28,Điểm thi THPT,2025,24.71,Sư phạm Ngữ văn
129263,QSA,su-pham-ngu-van,X65,Điểm thi THPT,2025,24.71,Sư phạm Ngữ văn
129264,QSA,su-pham-ngu-van,X70,Điểm thi THPT,2025,24.65,Sư phạm Ngữ văn
129265,QSA,su-pham-ngu-van,X74,Điểm thi THPT,2025,24.65,Sư phạm Ngữ văn
129266,QSA,su-pham-ngu-van,X78,Điểm thi THPT,2025,24.71,Sư phạm Ngữ văn
129267,QSA,su-pham-ngu-van,X80,Điểm thi THPT,2025,24.71,Sư phạm Ngữ văn
129268,QSA,su-pham-ngu-van,X81,Điểm thi THPT,2025,24.71,Sư phạm Ngữ văn
129269,QSA,su-pham-sinh-hoc,B00,Điểm học bạ,2023,26.65,Sư phạm sinh học
129270,QSA,su-pham-sinh-hoc,B03,Điểm học bạ,2023,26.65,Sư phạm sinh học
129271,QSA,su-pham-sinh-hoc,B04,Điểm học bạ,2023,26.65,Sư phạm sinh học
129272,QSA,su-pham-sinh-hoc,D08,Điểm học bạ,2023,26.65,Sư phạm sinh học
129273,QSA,su-pham-sinh-hoc,B00,Điểm thi THPT,2023,22.24,Sư phạm Sinh học
129274,QSA,su-pham-sinh-hoc,B03,Điểm thi THPT,2023,22.24,Sư phạm Sinh học
129275,QSA,su-pham-sinh-hoc,B04,Điểm thi THPT,2023,22.24,Sư phạm Sinh học
129276,QSA,su-pham-sinh-hoc,D08,Điểm thi THPT,2023,22.24,Sư phạm Sinh học
129277,QSA,su-pham-sinh-hoc,B00,Điểm học bạ,2024,28.1,Sư phạm Sinh học
129278,QSA,su-pham-sinh-hoc,B03,Điểm học bạ,2024,28.1,Sư phạm Sinh học
129279,QSA,su-pham-sinh-hoc,B04,Điểm học bạ,2024,28.1,Sư phạm Sinh học
129280,QSA,su-pham-sinh-hoc,D08,Điểm học bạ,2024,28.1,Sư phạm Sinh học
129281,QSA,su-pham-sinh-hoc,B00,Điểm thi THPT,2024,24.98,Sư phạm Sinh học
129282,QSA,su-pham-sinh-hoc,B03,Điểm thi THPT,2024,24.98,Sư phạm Sinh học
129283,QSA,su-pham-sinh-hoc,B04,Điểm thi THPT,2024,24.98,Sư phạm Sinh học
129284,QSA,su-pham-sinh-hoc,D08,Điểm thi THPT,2024,24.98,Sư phạm Sinh học
129285,QSA,su-pham-sinh-hoc,A00,Điểm thi THPT,2025,23.49,Sư phạm Sinh học
129286,QSA,su-pham-sinh-hoc,A01,Điểm thi THPT,2025,23.49,Sư phạm Sinh học
129287,QSA,su-pham-sinh-hoc,A02,Điểm thi THPT,2025,23.49,Sư phạm Sinh học
129288,QSA,su-pham-sinh-hoc,A03,Điểm thi THPT,2025,23.49,Sư phạm Sinh học
129289,QSA,su-pham-sinh-hoc,A04,Điểm thi THPT,2025,23.49,Sư phạm Sinh học
129290,QSA,su-pham-sinh-hoc,A05,Điểm thi THPT,2025,23.49,Sư phạm Sinh học
129291,QSA,su-pham-sinh-hoc,A06,Điểm thi THPT,2025,23.49,Sư phạm Sinh học
129292,QSA,su-pham-sinh-hoc,A07,Điểm thi THPT,2025,23.49,Sư phạm Sinh học
129293,QSA,su-pham-sinh-hoc,B00,Điểm thi THPT,2025,23.49,Sư phạm Sinh học
129294,QSA,su-pham-sinh-hoc,B02,Điểm thi THPT,2025,23.49,Sư phạm Sinh học
129295,QSA,su-pham-sinh-hoc,B03,Điểm thi THPT,2025,23.49,Sư phạm Sinh học
129296,QSA,su-pham-sinh-hoc,B08,Điểm thi THPT,2025,23.49,Sư phạm Sinh học
129297,QSA,su-pham-sinh-hoc,D01,Điểm thi THPT,2025,23.49,Sư phạm Sinh học
129298,QSA,su-pham-sinh-hoc,D07,Điểm thi THPT,2025,23.49,Sư phạm Sinh học
129299,QSA,su-pham-sinh-hoc,D09,Điểm thi THPT,2025,23.49,Sư phạm Sinh học
129300,QSA,su-pham-sinh-hoc,D10,Điểm thi THPT,2025,23.49,Sư phạm Sinh học
129301,QSA,su-pham-sinh-hoc,D14,Điểm thi THPT,2025,23.49,Sư phạm Sinh học
129302,QSA,su-pham-sinh-hoc,D15,Điểm thi THPT,2025,23.49,Sư phạm Sinh học
129303,QSA,su-pham-sinh-hoc,M00,Điểm thi THPT,2025,23.49,Sư phạm Sinh học
129304,QSA,su-pham-sinh-hoc,M01,Điểm thi THPT,2025,23.49,Sư phạm Sinh học
129305,QSA,su-pham-sinh-hoc,M26,Điểm thi THPT,2025,23.49,Sư phạm Sinh học
129306,QSA,su-pham-sinh-hoc,M27,Điểm thi THPT,2025,23.49,Sư phạm Sinh học
129307,QSA,su-pham-sinh-hoc,M28,Điểm thi THPT,2025,23.49,Sư phạm Sinh học
129308,QSA,su-pham-sinh-hoc,M29,Điểm thi THPT,2025,23.49,Sư phạm Sinh học
129309,QSA,su-pham-sinh-hoc,M30,Điểm thi THPT,2025,23.49,Sư phạm Sinh học
129310,QSA,su-pham-sinh-hoc,X01,Điểm thi THPT,2025,23.49,Sư phạm Sinh học
129311,QSA,su-pham-sinh-hoc,X04,Điểm thi THPT,2025,23.49,Sư phạm Sinh học
129312,QSA,su-pham-sinh-hoc,X05,Điểm thi THPT,2025,23.49,Sư phạm Sinh học
129313,QSA,su-pham-sinh-hoc,X06,Điểm thi THPT,2025,23.49,Sư phạm Sinh học
129314,QSA,su-pham-sinh-hoc,X08,Điểm thi THPT,2025,23.49,Sư phạm Sinh học
129315,QSA,su-pham-sinh-hoc,X10,Điểm thi THPT,2025,23.49,Sư phạm Sinh học
129316,QSA,su-pham-sinh-hoc,X12,Điểm thi THPT,2025,23.49,Sư phạm Sinh học
129317,QSA,su-pham-sinh-hoc,X14,Điểm thi THPT,2025,23.49,Sư phạm Sinh học
129318,QSA,su-pham-sinh-hoc,X20,Điểm thi THPT,2025,23.49,Sư phạm Sinh học
129319,QSA,su-pham-sinh-hoc,X24,Điểm thi THPT,2025,23.49,Sư phạm Sinh học
129320,QSA,su-pham-sinh-hoc,X25,Điểm thi THPT,2025,23.49,Sư phạm Sinh học
129321,QSA,su-pham-sinh-hoc,X26,Điểm thi THPT,2025,23.49,Sư phạm Sinh học
129322,QSA,su-pham-sinh-hoc,X27,Điểm thi THPT,2025,23.49,Sư phạm Sinh học
129323,QSA,su-pham-sinh-hoc,X28,Điểm thi THPT,2025,23.49,Sư phạm Sinh học
129324,QSA,su-pham-sinh-hoc,X65,Điểm thi THPT,2025,23.49,Sư phạm Sinh học
129325,QSA,su-pham-sinh-hoc,X78,Điểm thi THPT,2025,23.49,Sư phạm Sinh học
129326,QSA,su-pham-sinh-hoc,X80,Điểm thi THPT,2025,23.49,Sư phạm Sinh học
129327,QSA,su-pham-sinh-hoc,X81,Điểm thi THPT,2025,23.49,Sư phạm Sinh học
129328,QSA,su-pham-tieng-anh,A01,Điểm học bạ,2021,18.0,Sư phạm Tiếng Anh
129329,QSA,su-pham-tieng-anh,D01,Điểm học bạ,2021,18.0,Sư phạm Tiếng Anh
129330,QSA,su-pham-tieng-anh,D09,Điểm học bạ,2021,18.0,Sư phạm Tiếng Anh
129331,QSA,su-pham-tieng-anh,D14,Điểm học bạ,2021,18.0,Sư phạm Tiếng Anh
129332,QSA,su-pham-tieng-anh,A01,Điểm thi THPT,2021,22.5,Sư phạm Tiếng Anh
129333,QSA,su-pham-tieng-anh,D01,Điểm thi THPT,2021,22.5,Sư phạm Tiếng Anh
129334,QSA,su-pham-tieng-anh,D09,Điểm thi THPT,2021,22.5,Sư phạm Tiếng Anh
129335,QSA,su-pham-tieng-anh,D14,Điểm thi THPT,2021,22.5,Sư phạm Tiếng Anh
129336,QSA,su-pham-tieng-anh,A01,Điểm thi THPT,2022,25.0,Sư phạm Tiếng Anh
129337,QSA,su-pham-tieng-anh,D01,Điểm thi THPT,2022,25.0,Sư phạm Tiếng Anh
129338,QSA,su-pham-tieng-anh,D09,Điểm thi THPT,2022,25.0,Sư phạm Tiếng Anh
129339,QSA,su-pham-tieng-anh,D14,Điểm thi THPT,2022,25.0,Sư phạm Tiếng Anh
129340,QSA,su-pham-tieng-anh,A01,Điểm học bạ,2023,27.5,Sư phạm Tiếng Anh
129341,QSA,su-pham-tieng-anh,D01,Điểm học bạ,2023,27.5,Sư phạm Tiếng Anh
129342,QSA,su-pham-tieng-anh,D09,Điểm học bạ,2023,27.5,Sư phạm Tiếng Anh
129343,QSA,su-pham-tieng-anh,D14,Điểm học bạ,2023,27.5,Sư phạm Tiếng Anh
129344,QSA,su-pham-tieng-anh,A01,Điểm thi THPT,2023,24.18,Sư phạm Tiếng Anh
129345,QSA,su-pham-tieng-anh,D01,Điểm thi THPT,2023,24.18,Sư phạm Tiếng Anh
129346,QSA,su-pham-tieng-anh,D09,Điểm thi THPT,2023,24.18,Sư phạm Tiếng Anh
129347,QSA,su-pham-tieng-anh,D14,Điểm thi THPT,2023,24.18,Sư phạm Tiếng Anh
129348,QSA,su-pham-tieng-anh,A01,Điểm học bạ,2024,27.9,Sư phạm Tiếng Anh
129349,QSA,su-pham-tieng-anh,D01,Điểm học bạ,2024,27.9,Sư phạm Tiếng Anh
129350,QSA,su-pham-tieng-anh,D09,Điểm học bạ,2024,27.9,Sư phạm Tiếng Anh
129351,QSA,su-pham-tieng-anh,D14,Điểm học bạ,2024,27.9,Sư phạm Tiếng Anh
129352,QSA,su-pham-tieng-anh,A01,Điểm thi THPT,2024,25.61,Sư phạm Tiếng Anh
129353,QSA,su-pham-tieng-anh,D01,Điểm thi THPT,2024,25.61,Sư phạm Tiếng Anh
129354,QSA,su-pham-tieng-anh,D09,Điểm thi THPT,2024,25.61,Sư phạm Tiếng Anh
129355,QSA,su-pham-tieng-anh,D14,Điểm thi THPT,2024,25.61,Sư phạm Tiếng Anh
129356,QSA,su-pham-tieng-anh,A00,Điểm thi THPT,2025,23.08,Sư phạm Tiếng Anh
129357,QSA,su-pham-tieng-anh,A01,Điểm thi THPT,2025,23.08,Sư phạm Tiếng Anh
129358,QSA,su-pham-tieng-anh,A02,Điểm thi THPT,2025,23.08,Sư phạm Tiếng Anh
129359,QSA,su-pham-tieng-anh,A03,Điểm thi THPT,2025,23.08,Sư phạm Tiếng Anh
129360,QSA,su-pham-tieng-anh,A04,Điểm thi THPT,2025,23.08,Sư phạm Tiếng Anh
129361,QSA,su-pham-tieng-anh,A05,Điểm thi THPT,2025,23.08,Sư phạm Tiếng Anh
129362,QSA,su-pham-tieng-anh,A06,Điểm thi THPT,2025,23.08,Sư phạm Tiếng Anh
129363,QSA,su-pham-tieng-anh,A07,Điểm thi THPT,2025,23.08,Sư phạm Tiếng Anh
129364,QSA,su-pham-tieng-anh,B00,Điểm thi THPT,2025,23.08,Sư phạm Tiếng Anh
129365,QSA,su-pham-tieng-anh,B02,Điểm thi THPT,2025,23.08,Sư phạm Tiếng Anh
129366,QSA,su-pham-tieng-anh,B03,Điểm thi THPT,2025,23.08,Sư phạm Tiếng Anh
129367,QSA,su-pham-tieng-anh,B08,Điểm thi THPT,2025,23.08,Sư phạm Tiếng Anh
129368,QSA,su-pham-tieng-anh,D01,Điểm thi THPT,2025,23.08,Sư phạm Tiếng Anh
129369,QSA,su-pham-tieng-anh,D07,Điểm thi THPT,2025,23.08,Sư phạm Tiếng Anh
129370,QSA,su-pham-tieng-anh,D09,Điểm thi THPT,2025,23.08,Sư phạm Tiếng Anh
129371,QSA,su-pham-tieng-anh,D10,Điểm thi THPT,2025,23.08,Sư phạm Tiếng Anh
129372,QSA,su-pham-tieng-anh,D14,Điểm thi THPT,2025,23.08,Sư phạm Tiếng Anh
129373,QSA,su-pham-tieng-anh,D15,Điểm thi THPT,2025,23.08,Sư phạm Tiếng Anh
129374,QSA,su-pham-tieng-anh,M00,Điểm thi THPT,2025,23.08,Sư phạm Tiếng Anh
129375,QSA,su-pham-tieng-anh,M01,Điểm thi THPT,2025,23.08,Sư phạm Tiếng Anh
129376,QSA,su-pham-tieng-anh,M26,Điểm thi THPT,2025,23.08,Sư phạm Tiếng Anh
129377,QSA,su-pham-tieng-anh,M27,Điểm thi THPT,2025,23.08,Sư phạm Tiếng Anh
129378,QSA,su-pham-tieng-anh,M28,Điểm thi THPT,2025,23.08,Sư phạm Tiếng Anh
129379,QSA,su-pham-tieng-anh,M29,Điểm thi THPT,2025,23.08,Sư phạm Tiếng Anh
129380,QSA,su-pham-tieng-anh,M30,Điểm thi THPT,2025,23.08,Sư phạm Tiếng Anh
129381,QSA,su-pham-tieng-anh,X01,Điểm thi THPT,2025,23.08,Sư phạm Tiếng Anh
129382,QSA,su-pham-tieng-anh,X04,Điểm thi THPT,2025,23.08,Sư phạm Tiếng Anh
129383,QSA,su-pham-tieng-anh,X05,Điểm thi THPT,2025,23.08,Sư phạm Tiếng Anh
129384,QSA,su-pham-tieng-anh,X06,Điểm thi THPT,2025,23.08,Sư phạm Tiếng Anh
129385,QSA,su-pham-tieng-anh,X08,Điểm thi THPT,2025,23.08,Sư phạm Tiếng Anh
129386,QSA,su-pham-tieng-anh,X10,Điểm thi THPT,2025,23.08,Sư phạm Tiếng Anh
129387,QSA,su-pham-tieng-anh,X12,Điểm thi THPT,2025,23.08,Sư phạm Tiếng Anh
129388,QSA,su-pham-tieng-anh,X14,Điểm thi THPT,2025,23.08,Sư phạm Tiếng Anh
129389,QSA,su-pham-tieng-anh,X20,Điểm thi THPT,2025,23.08,Sư phạm Tiếng Anh
129390,QSA,su-pham-tieng-anh,X24,Điểm thi THPT,2025,23.08,Sư phạm Tiếng Anh
129391,QSA,su-pham-tieng-anh,X25,Điểm thi THPT,2025,23.08,Sư phạm Tiếng Anh
129392,QSA,su-pham-tieng-anh,X26,Điểm thi THPT,2025,23.08,Sư phạm Tiếng Anh
129393,QSA,su-pham-tieng-anh,X27,Điểm thi THPT,2025,23.08,Sư phạm Tiếng Anh
129394,QSA,su-pham-tieng-anh,X28,Điểm thi THPT,2025,23.08,Sư phạm Tiếng Anh
129395,QSA,su-pham-tieng-anh,X65,Điểm thi THPT,2025,23.08,Sư phạm Tiếng Anh
129396,QSA,su-pham-tieng-anh,X78,Điểm thi THPT,2025,23.08,Sư phạm Tiếng Anh
129397,QSA,su-pham-tieng-anh,X80,Điểm thi THPT,2025,23.08,Sư phạm Tiếng Anh
129398,QSA,su-pham-tieng-anh,X81,Điểm thi THPT,2025,23.08,Sư phạm Tiếng Anh
129399,QSA,su-pham-toan-hoc,A00,Điểm học bạ,2021,18.0,Sư phạm Toán học
129400,QSA,su-pham-toan-hoc,A01,Điểm học bạ,2021,18.0,Sư phạm Toán học
129401,QSA,su-pham-toan-hoc,C01,Điểm học bạ,2021,18.0,Sư phạm Toán học
129402,QSA,su-pham-toan-hoc,D01,Điểm học bạ,2021,18.0,Sư phạm Toán học
129403,QSA,su-pham-toan-hoc,A00,Điểm thi THPT,2021,22.0,Sư phạm Toán học
129404,QSA,su-pham-toan-hoc,A01,Điểm thi THPT,2021,22.0,Sư phạm Toán học
129405,QSA,su-pham-toan-hoc,C01,Điểm thi THPT,2021,22.0,Sư phạm Toán học
129406,QSA,su-pham-toan-hoc,D01,Điểm thi THPT,2021,22.0,Sư phạm Toán học
129407,QSA,su-pham-toan-hoc,A00,Điểm thi THPT,2022,27.0,Sư phạm Toán học
129408,QSA,su-pham-toan-hoc,A01,Điểm thi THPT,2022,27.0,Sư phạm Toán học
129409,QSA,su-pham-toan-hoc,C01,Điểm thi THPT,2022,27.0,Sư phạm Toán học
129410,QSA,su-pham-toan-hoc,D01,Điểm thi THPT,2022,27.0,Sư phạm Toán học
129411,QSA,su-pham-toan-hoc,A00,Điểm học bạ,2023,28.75,Sư phạm Toán học
129412,QSA,su-pham-toan-hoc,A01,Điểm học bạ,2023,28.75,Sư phạm Toán học
129413,QSA,su-pham-toan-hoc,C01,Điểm học bạ,2023,28.75,Sư phạm Toán học
129414,QSA,su-pham-toan-hoc,D01,Điểm học bạ,2023,28.75,Sư phạm Toán học
129415,QSA,su-pham-toan-hoc,A00,Điểm thi THPT,2023,25.0,Sư phạm Toán học
129416,QSA,su-pham-toan-hoc,A01,Điểm thi THPT,2023,25.0,Sư phạm Toán học
129417,QSA,su-pham-toan-hoc,C01,Điểm thi THPT,2023,25.0,Sư phạm Toán học
129418,QSA,su-pham-toan-hoc,D01,Điểm thi THPT,2023,25.0,Sư phạm Toán học
129419,QSA,su-pham-toan-hoc,A00,Điểm học bạ,2024,29.0,Sư phạm Toán học
129420,QSA,su-pham-toan-hoc,A01,Điểm học bạ,2024,29.0,Sư phạm Toán học
129421,QSA,su-pham-toan-hoc,C01,Điểm học bạ,2024,29.0,Sư phạm Toán học
129422,QSA,su-pham-toan-hoc,D01,Điểm học bạ,2024,29.0,Sư phạm Toán học
129423,QSA,su-pham-toan-hoc,A00,Điểm thi THPT,2024,26.18,Sư phạm Toán học
129424,QSA,su-pham-toan-hoc,A01,Điểm thi THPT,2024,26.18,Sư phạm Toán học
129425,QSA,su-pham-toan-hoc,C01,Điểm thi THPT,2024,26.18,Sư phạm Toán học
129426,QSA,su-pham-toan-hoc,D01,Điểm thi THPT,2024,26.18,Sư phạm Toán học
129427,QSA,su-pham-toan-hoc,A00,Điểm thi THPT,2025,26.33,Sư phạm Toán học
129428,QSA,su-pham-toan-hoc,A01,Điểm thi THPT,2025,26.33,Sư phạm Toán học
129429,QSA,su-pham-toan-hoc,A02,Điểm thi THPT,2025,26.33,Sư phạm Toán học
129430,QSA,su-pham-toan-hoc,A03,Điểm thi THPT,2025,26.33,Sư phạm Toán học
129431,QSA,su-pham-toan-hoc,A04,Điểm thi THPT,2025,26.33,Sư phạm Toán học
129432,QSA,su-pham-toan-hoc,A05,Điểm thi THPT,2025,26.33,Sư phạm Toán học
129433,QSA,su-pham-toan-hoc,A06,Điểm thi THPT,2025,26.33,Sư phạm Toán học
129434,QSA,su-pham-toan-hoc,A07,Điểm thi THPT,2025,26.33,Sư phạm Toán học
129435,QSA,su-pham-toan-hoc,B00,Điểm thi THPT,2025,26.33,Sư phạm Toán học
129436,QSA,su-pham-toan-hoc,B02,Điểm thi THPT,2025,26.33,Sư phạm Toán học
129437,QSA,su-pham-toan-hoc,B03,Điểm thi THPT,2025,26.33,Sư phạm Toán học
129438,QSA,su-pham-toan-hoc,B08,Điểm thi THPT,2025,26.33,Sư phạm Toán học
129439,QSA,su-pham-toan-hoc,C01,Điểm thi THPT,2025,25.95,Sư phạm Toán học
129440,QSA,su-pham-toan-hoc,C02,Điểm thi THPT,2025,25.95,Sư phạm Toán học
129441,QSA,su-pham-toan-hoc,C03,Điểm thi THPT,2025,25.95,Sư phạm Toán học
129442,QSA,su-pham-toan-hoc,C04,Điểm thi THPT,2025,25.95,Sư phạm Toán học
129443,QSA,su-pham-toan-hoc,C08,Điểm thi THPT,2025,25.95,Sư phạm Toán học
129444,QSA,su-pham-toan-hoc,D01,Điểm thi THPT,2025,26.33,Sư phạm Toán học
129445,QSA,su-pham-toan-hoc,D07,Điểm thi THPT,2025,26.33,Sư phạm Toán học
129446,QSA,su-pham-toan-hoc,D09,Điểm thi THPT,2025,26.33,Sư phạm Toán học
129447,QSA,su-pham-toan-hoc,D10,Điểm thi THPT,2025,26.33,Sư phạm Toán học
129448,QSA,su-pham-toan-hoc,D14,Điểm thi THPT,2025,26.33,Sư phạm Toán học
129449,QSA,su-pham-toan-hoc,D15,Điểm thi THPT,2025,26.33,Sư phạm Toán học
129450,QSA,su-pham-toan-hoc,M00,Điểm thi THPT,2025,26.33,Sư phạm Toán học
129451,QSA,su-pham-toan-hoc,M01,Điểm thi THPT,2025,26.33,Sư phạm Toán học
129452,QSA,su-pham-toan-hoc,M26,Điểm thi THPT,2025,26.33,Sư phạm Toán học
129453,QSA,su-pham-toan-hoc,M27,Điểm thi THPT,2025,26.33,Sư phạm Toán học
129454,QSA,su-pham-toan-hoc,M28,Điểm thi THPT,2025,26.33,Sư phạm Toán học
129455,QSA,su-pham-toan-hoc,M29,Điểm thi THPT,2025,26.33,Sư phạm Toán học
129456,QSA,su-pham-toan-hoc,M30,Điểm thi THPT,2025,26.33,Sư phạm Toán học
129457,QSA,su-pham-toan-hoc,X01,Điểm thi THPT,2025,26.33,Sư phạm Toán học
129458,QSA,su-pham-toan-hoc,X04,Điểm thi THPT,2025,26.33,Sư phạm Toán học
129459,QSA,su-pham-toan-hoc,X05,Điểm thi THPT,2025,26.33,Sư phạm Toán học
129460,QSA,su-pham-toan-hoc,X06,Điểm thi THPT,2025,26.33,Sư phạm Toán học
129461,QSA,su-pham-toan-hoc,X08,Điểm thi THPT,2025,26.33,Sư phạm Toán học
129462,QSA,su-pham-toan-hoc,X10,Điểm thi THPT,2025,26.33,Sư phạm Toán học
129463,QSA,su-pham-toan-hoc,X12,Điểm thi THPT,2025,26.33,Sư phạm Toán học
129464,QSA,su-pham-toan-hoc,X14,Điểm thi THPT,2025,26.33,Sư phạm Toán học
129465,QSA,su-pham-toan-hoc,X17,Điểm thi THPT,2025,25.95,Sư phạm Toán học
129466,QSA,su-pham-toan-hoc,X20,Điểm thi THPT,2025,26.33,Sư phạm Toán học
129467,QSA,su-pham-toan-hoc,X24,Điểm thi THPT,2025,26.33,Sư phạm Toán học
129468,QSA,su-pham-toan-hoc,X25,Điểm thi THPT,2025,26.33,Sư phạm Toán học
129469,QSA,su-pham-toan-hoc,X26,Điểm thi THPT,2025,26.33,Sư phạm Toán học
129470,QSA,su-pham-toan-hoc,X27,Điểm thi THPT,2025,26.33,Sư phạm Toán học
129471,QSA,su-pham-toan-hoc,X28,Điểm thi THPT,2025,26.33,Sư phạm Toán học
129472,QSA,su-pham-toan-hoc,X65,Điểm thi THPT,2025,26.33,Sư phạm Toán học
129473,QSA,su-pham-toan-hoc,X70,Điểm thi THPT,2025,25.95,Sư phạm Toán học
129474,QSA,su-pham-toan-hoc,X74,Điểm thi THPT,2025,25.95,Sư phạm Toán học
129475,QSA,su-pham-toan-hoc,X78,Điểm thi THPT,2025,26.33,Sư phạm Toán học
129476,QSA,su-pham-toan-hoc,X80,Điểm thi THPT,2025,26.33,Sư phạm Toán học
129477,QSA,su-pham-toan-hoc,X81,Điểm thi THPT,2025,26.33,Sư phạm Toán học
129478,QSA,su-pham-vat-ly,A00,Điểm học bạ,2021,18.0,Sư phạm Vật lý
129479,QSA,su-pham-vat-ly,A01,Điểm học bạ,2021,18.0,Sư phạm Vật lý
129480,QSA,su-pham-vat-ly,C01,Điểm học bạ,2021,18.0,Sư phạm Vật lý
129481,QSA,su-pham-vat-ly,C05,Điểm học bạ,2021,18.0,Sư phạm Vật lý
129482,QSA,su-pham-vat-ly,A00,Điểm thi THPT,2021,19.0,Sư phạm Vật lý
129483,QSA,su-pham-vat-ly,A01,Điểm thi THPT,2021,19.0,Sư phạm Vật lý
129484,QSA,su-pham-vat-ly,C01,Điểm thi THPT,2021,19.0,Sư phạm Vật lý
129485,QSA,su-pham-vat-ly,C05,Điểm thi THPT,2021,19.0,Sư phạm Vật lý
129486,QSA,su-pham-vat-ly,A00,Điểm thi THPT,2022,24.2,Sư phạm Vật lý
129487,QSA,su-pham-vat-ly,A01,Điểm thi THPT,2022,24.2,Sư phạm Vật lý
129488,QSA,su-pham-vat-ly,C01,Điểm thi THPT,2022,24.2,Sư phạm Vật lý
129489,QSA,su-pham-vat-ly,C05,Điểm thi THPT,2022,24.2,Sư phạm Vật lý
129490,QSA,su-pham-vat-ly,A00,Điểm học bạ,2023,28.35,Sư phạm Vật lý
129491,QSA,su-pham-vat-ly,A01,Điểm học bạ,2023,28.35,Sư phạm Vật lý
129492,QSA,su-pham-vat-ly,C01,Điểm học bạ,2023,28.35,Sư phạm Vật lý
129493,QSA,su-pham-vat-ly,C05,Điểm học bạ,2023,28.35,Sư phạm Vật lý
129494,QSA,su-pham-vat-ly,A00,Điểm thi THPT,2023,24.15,Sư phạm Vật lý
129495,QSA,su-pham-vat-ly,A01,Điểm thi THPT,2023,24.15,Sư phạm Vật lý
129496,QSA,su-pham-vat-ly,C01,Điểm thi THPT,2023,24.15,Sư phạm Vật lý
129497,QSA,su-pham-vat-ly,C05,Điểm thi THPT,2023,24.15,Sư phạm Vật lý
129498,QSA,su-pham-vat-ly,A00,Điểm học bạ,2024,28.2,Sư phạm Vât lý
129499,QSA,su-pham-vat-ly,A01,Điểm học bạ,2024,28.2,Sư phạm Vât lý
129500,QSA,su-pham-vat-ly,A17,Điểm học bạ,2024,28.2,Sư phạm Vât lý
129501,QSA,su-pham-vat-ly,C01,Điểm học bạ,2024,28.2,Sư phạm Vât lý
129502,QSA,su-pham-vat-ly,A00,Điểm thi THPT,2024,25.57,Sư phạm Vât lý
129503,QSA,su-pham-vat-ly,A01,Điểm thi THPT,2024,25.57,Sư phạm Vât lý
129504,QSA,su-pham-vat-ly,A17,Điểm thi THPT,2024,25.57,Sư phạm Vât lý
129505,QSA,su-pham-vat-ly,C01,Điểm thi THPT,2024,25.57,Sư phạm Vât lý
129506,QSA,su-pham-vat-ly,A00,Điểm thi THPT,2025,25.32,Sư phạm Vật lý
129507,QSA,su-pham-vat-ly,A01,Điểm thi THPT,2025,25.32,Sư phạm Vật lý
129508,QSA,su-pham-vat-ly,A02,Điểm thi THPT,2025,25.32,Sư phạm Vật lý
129509,QSA,su-pham-vat-ly,A03,Điểm thi THPT,2025,25.32,Sư phạm Vật lý
129510,QSA,su-pham-vat-ly,A04,Điểm thi THPT,2025,25.32,Sư phạm Vật lý
129511,QSA,su-pham-vat-ly,A05,Điểm thi THPT,2025,25.32,Sư phạm Vật lý
129512,QSA,su-pham-vat-ly,A06,Điểm thi THPT,2025,25.32,Sư phạm Vật lý
129513,QSA,su-pham-vat-ly,A07,Điểm thi THPT,2025,25.32,Sư phạm Vật lý
129514,QSA,su-pham-vat-ly,B00,Điểm thi THPT,2025,25.32,Sư phạm Vật lý
129515,QSA,su-pham-vat-ly,B02,Điểm thi THPT,2025,25.32,Sư phạm Vật lý
129516,QSA,su-pham-vat-ly,B03,Điểm thi THPT,2025,25.32,Sư phạm Vật lý
129517,QSA,su-pham-vat-ly,B08,Điểm thi THPT,2025,25.32,Sư phạm Vật lý
129518,QSA,su-pham-vat-ly,C01,Điểm thi THPT,2025,25.18,Sư phạm Vật lý
129519,QSA,su-pham-vat-ly,C02,Điểm thi THPT,2025,25.18,Sư phạm Vật lý
129520,QSA,su-pham-vat-ly,C03,Điểm thi THPT,2025,25.18,Sư phạm Vật lý
129521,QSA,su-pham-vat-ly,C04,Điểm thi THPT,2025,25.18,Sư phạm Vật lý
129522,QSA,su-pham-vat-ly,C08,Điểm thi THPT,2025,25.18,Sư phạm Vật lý
129523,QSA,su-pham-vat-ly,D01,Điểm thi THPT,2025,25.32,Sư phạm Vật lý
129524,QSA,su-pham-vat-ly,D07,Điểm thi THPT,2025,25.32,Sư phạm Vật lý
129525,QSA,su-pham-vat-ly,D09,Điểm thi THPT,2025,25.32,Sư phạm Vật lý
129526,QSA,su-pham-vat-ly,D10,Điểm thi THPT,2025,25.32,Sư phạm Vật lý
129527,QSA,su-pham-vat-ly,D14,Điểm thi THPT,2025,25.32,Sư phạm Vật lý
129528,QSA,su-pham-vat-ly,D15,Điểm thi THPT,2025,25.32,Sư phạm Vật lý
129529,QSA,su-pham-vat-ly,M00,Điểm thi THPT,2025,25.32,Sư phạm Vật lý
129530,QSA,su-pham-vat-ly,M01,Điểm thi THPT,2025,25.32,Sư phạm Vật lý
129531,QSA,su-pham-vat-ly,M26,Điểm thi THPT,2025,25.32,Sư phạm Vật lý
129532,QSA,su-pham-vat-ly,M27,Điểm thi THPT,2025,25.32,Sư phạm Vật lý
129533,QSA,su-pham-vat-ly,M28,Điểm thi THPT,2025,25.32,Sư phạm Vật lý
129534,QSA,su-pham-vat-ly,M29,Điểm thi THPT,2025,25.32,Sư phạm Vật lý
129535,QSA,su-pham-vat-ly,M30,Điểm thi THPT,2025,25.32,Sư phạm Vật lý
129536,QSA,su-pham-vat-ly,X01,Điểm thi THPT,2025,25.32,Sư phạm Vật lý
129537,QSA,su-pham-vat-ly,X04,Điểm thi THPT,2025,25.32,Sư phạm Vật lý
129538,QSA,su-pham-vat-ly,X05,Điểm thi THPT,2025,25.32,Sư phạm Vật lý
129539,QSA,su-pham-vat-ly,X06,Điểm thi THPT,2025,25.32,Sư phạm Vật lý
129540,QSA,su-pham-vat-ly,X08,Điểm thi THPT,2025,25.32,Sư phạm Vật lý
129541,QSA,su-pham-vat-ly,X10,Điểm thi THPT,2025,25.32,Sư phạm Vật lý
129542,QSA,su-pham-vat-ly,X12,Điểm thi THPT,2025,25.32,Sư phạm Vật lý
129543,QSA,su-pham-vat-ly,X14,Điểm thi THPT,2025,25.32,Sư phạm Vật lý
129544,QSA,su-pham-vat-ly,X17,Điểm thi THPT,2025,25.18,Sư phạm Vật lý
129545,QSA,su-pham-vat-ly,X20,Điểm thi THPT,2025,25.32,Sư phạm Vật lý
129546,QSA,su-pham-vat-ly,X24,Điểm thi THPT,2025,25.32,Sư phạm Vật lý
129547,QSA,su-pham-vat-ly,X25,Điểm thi THPT,2025,25.32,Sư phạm Vật lý
129548,QSA,su-pham-vat-ly,X26,Điểm thi THPT,2025,25.32,Sư phạm Vật lý
129549,QSA,su-pham-vat-ly,X27,Điểm thi THPT,2025,25.32,Sư phạm Vật lý
129550,QSA,su-pham-vat-ly,X28,Điểm thi THPT,2025,25.32,Sư phạm Vật lý
129551,QSA,su-pham-vat-ly,X65,Điểm thi THPT,2025,25.32,Sư phạm Vật lý
129552,QSA,su-pham-vat-ly,X70,Điểm thi THPT,2025,25.18,Sư phạm Vật lý
129553,QSA,su-pham-vat-ly,X74,Điểm thi THPT,2025,25.18,Sư phạm Vật lý
129554,QSA,su-pham-vat-ly,X78,Điểm thi THPT,2025,25.32,Sư phạm Vật lý
129555,QSA,su-pham-vat-ly,X80,Điểm thi THPT,2025,25.32,Sư phạm Vật lý
129556,QSA,su-pham-vat-ly,X81,Điểm thi THPT,2025,25.32,Sư phạm Vật lý
129557,QSA,tai-chinh-ngan-hang,A00,Điểm học bạ,2021,18.0,Tài chính - Ngân hàng
129558,QSA,tai-chinh-ngan-hang,A01,Điểm học bạ,2021,18.0,Tài chính - Ngân hàng
129559,QSA,tai-chinh-ngan-hang,C15,Điểm học bạ,2021,18.0,Tài chính - Ngân hàng
129560,QSA,tai-chinh-ngan-hang,D01,Điểm học bạ,2021,18.0,Tài chính - Ngân hàng
129561,QSA,tai-chinh-ngan-hang,A00,Điểm thi THPT,2021,20.5,Tài chính - Ngân hàng
129562,QSA,tai-chinh-ngan-hang,A01,Điểm thi THPT,2021,20.5,Tài chính - Ngân hàng
129563,QSA,tai-chinh-ngan-hang,C15,Điểm thi THPT,2021,20.5,Tài chính - Ngân hàng
129564,QSA,tai-chinh-ngan-hang,D01,Điểm thi THPT,2021,20.5,Tài chính - Ngân hàng
129565,QSA,tai-chinh-ngan-hang,A00,Điểm thi THPT,2022,22.6,Tài chính - Ngân hàng
129566,QSA,tai-chinh-ngan-hang,A01,Điểm thi THPT,2022,22.6,Tài chính - Ngân hàng
129567,QSA,tai-chinh-ngan-hang,C15,Điểm thi THPT,2022,22.6,Tài chính - Ngân hàng
129568,QSA,tai-chinh-ngan-hang,D01,Điểm thi THPT,2022,22.6,Tài chính - Ngân hàng
129569,QSA,tai-chinh-ngan-hang,A00,Điểm học bạ,2023,26.2,Tài chính - Ngân hàng
129570,QSA,tai-chinh-ngan-hang,A01,Điểm học bạ,2023,26.2,Tài chính - Ngân hàng
129571,QSA,tai-chinh-ngan-hang,C15,Điểm học bạ,2023,26.2,Tài chính - Ngân hàng
129572,QSA,tai-chinh-ngan-hang,D01,Điểm học bạ,2023,26.2,Tài chính - Ngân hàng
129573,QSA,tai-chinh-ngan-hang,A00,Điểm thi THPT,2023,21.75,Tài chính - Ngân hàng
129574,QSA,tai-chinh-ngan-hang,A01,Điểm thi THPT,2023,21.75,Tài chính - Ngân hàng
129575,QSA,tai-chinh-ngan-hang,C15,Điểm thi THPT,2023,21.75,Tài chính - Ngân hàng
129576,QSA,tai-chinh-ngan-hang,D01,Điểm thi THPT,2023,21.75,Tài chính - Ngân hàng
129577,QSA,tai-chinh-ngan-hang,A00,Điểm học bạ,2024,25.1,Tài chính - Ngân hàng
129578,QSA,tai-chinh-ngan-hang,A01,Điểm học bạ,2024,25.1,Tài chính - Ngân hàng
129579,QSA,tai-chinh-ngan-hang,C15,Điểm học bạ,2024,25.1,Tài chính - Ngân hàng
129580,QSA,tai-chinh-ngan-hang,D01,Điểm học bạ,2024,25.1,Tài chính - Ngân hàng
129581,QSA,tai-chinh-ngan-hang,A00,Điểm thi THPT,2024,22.56,Tài chính - Ngân hàng
129582,QSA,tai-chinh-ngan-hang,A01,Điểm thi THPT,2024,22.56,Tài chính - Ngân hàng
129583,QSA,tai-chinh-ngan-hang,C15,Điểm thi THPT,2024,22.56,Tài chính - Ngân hàng
129584,QSA,tai-chinh-ngan-hang,D01,Điểm thi THPT,2024,22.56,Tài chính - Ngân hàng
129585,QSA,tai-chinh-ngan-hang,A00,Điểm thi THPT,2025,16.0,Tài chính - Ngân hàng
129586,QSA,tai-chinh-ngan-hang,A01,Điểm thi THPT,2025,16.0,Tài chính - Ngân hàng
129587,QSA,tai-chinh-ngan-hang,A02,Điểm thi THPT,2025,16.0,Tài chính - Ngân hàng
129588,QSA,tai-chinh-ngan-hang,A03,Điểm thi THPT,2025,16.0,Tài chính - Ngân hàng
129589,QSA,tai-chinh-ngan-hang,A04,Điểm thi THPT,2025,16.0,Tài chính - Ngân hàng
129590,QSA,tai-chinh-ngan-hang,A05,Điểm thi THPT,2025,16.0,Tài chính - Ngân hàng
129591,QSA,tai-chinh-ngan-hang,A06,Điểm thi THPT,2025,16.0,Tài chính - Ngân hàng
129592,QSA,tai-chinh-ngan-hang,A07,Điểm thi THPT,2025,16.0,Tài chính - Ngân hàng
129593,QSA,tai-chinh-ngan-hang,B00,Điểm thi THPT,2025,16.0,Tài chính - Ngân hàng
129594,QSA,tai-chinh-ngan-hang,B02,Điểm thi THPT,2025,16.0,Tài chính - Ngân hàng
129595,QSA,tai-chinh-ngan-hang,B03,Điểm thi THPT,2025,16.0,Tài chính - Ngân hàng
129596,QSA,tai-chinh-ngan-hang,B08,Điểm thi THPT,2025,16.0,Tài chính - Ngân hàng
129597,QSA,tai-chinh-ngan-hang,D01,Điểm thi THPT,2025,16.0,Tài chính - Ngân hàng
129598,QSA,tai-chinh-ngan-hang,D07,Điểm thi THPT,2025,16.0,Tài chính - Ngân hàng
129599,QSA,tai-chinh-ngan-hang,D09,Điểm thi THPT,2025,16.0,Tài chính - Ngân hàng
129600,QSA,tai-chinh-ngan-hang,D10,Điểm thi THPT,2025,16.0,Tài chính - Ngân hàng
129601,QSA,tai-chinh-ngan-hang,D14,Điểm thi THPT,2025,16.0,Tài chính - Ngân hàng
129602,QSA,tai-chinh-ngan-hang,D15,Điểm thi THPT,2025,16.0,Tài chính - Ngân hàng
129603,QSA,tai-chinh-ngan-hang,M00,Điểm thi THPT,2025,16.0,Tài chính - Ngân hàng
129604,QSA,tai-chinh-ngan-hang,M01,Điểm thi THPT,2025,16.0,Tài chính - Ngân hàng
129605,QSA,tai-chinh-ngan-hang,M26,Điểm thi THPT,2025,16.0,Tài chính - Ngân hàng
129606,QSA,tai-chinh-ngan-hang,M27,Điểm thi THPT,2025,16.0,Tài chính - Ngân hàng
129607,QSA,tai-chinh-ngan-hang,M28,Điểm thi THPT,2025,16.0,Tài chính - Ngân hàng
129608,QSA,tai-chinh-ngan-hang,M29,Điểm thi THPT,2025,16.0,Tài chính - Ngân hàng
129609,QSA,tai-chinh-ngan-hang,M30,Điểm thi THPT,2025,16.0,Tài chính - Ngân hàng
129610,QSA,tai-chinh-ngan-hang,X01,Điểm thi THPT,2025,16.0,Tài chính - Ngân hàng
129611,QSA,tai-chinh-ngan-hang,X04,Điểm thi THPT,2025,16.0,Tài chính - Ngân hàng
129612,QSA,tai-chinh-ngan-hang,X05,Điểm thi THPT,2025,16.0,Tài chính - Ngân hàng
129613,QSA,tai-chinh-ngan-hang,X06,Điểm thi THPT,2025,16.0,Tài chính - Ngân hàng
129614,QSA,tai-chinh-ngan-hang,X08,Điểm thi THPT,2025,16.0,Tài chính - Ngân hàng
129615,QSA,tai-chinh-ngan-hang,X10,Điểm thi THPT,2025,16.0,Tài chính - Ngân hàng
129616,QSA,tai-chinh-ngan-hang,X12,Điểm thi THPT,2025,16.0,Tài chính - Ngân hàng
129617,QSA,tai-chinh-ngan-hang,X14,Điểm thi THPT,2025,16.0,Tài chính - Ngân hàng
129618,QSA,tai-chinh-ngan-hang,X20,Điểm thi THPT,2025,16.0,Tài chính - Ngân hàng
129619,QSA,tai-chinh-ngan-hang,X24,Điểm thi THPT,2025,16.0,Tài chính - Ngân hàng
129620,QSA,tai-chinh-ngan-hang,X25,Điểm thi THPT,2025,16.0,Tài chính - Ngân hàng
129621,QSA,tai-chinh-ngan-hang,X26,Điểm thi THPT,2025,16.0,Tài chính - Ngân hàng
129622,QSA,tai-chinh-ngan-hang,X27,Điểm thi THPT,2025,16.0,Tài chính - Ngân hàng
129623,QSA,tai-chinh-ngan-hang,X28,Điểm thi THPT,2025,16.0,Tài chính - Ngân hàng
129624,QSA,tai-chinh-ngan-hang,X65,Điểm thi THPT,2025,16.0,Tài chính - Ngân hàng
129625,QSA,tai-chinh-ngan-hang,X78,Điểm thi THPT,2025,16.0,Tài chính - Ngân hàng
129626,QSA,tai-chinh-ngan-hang,X80,Điểm thi THPT,2025,16.0,Tài chính - Ngân hàng
129627,QSA,tai-chinh-ngan-hang,X81,Điểm thi THPT,2025,16.0,Tài chính - Ngân hàng
129628,QSA,thu-y,A00,Điểm thi THPT,2023,22.26,Thú y
129629,QSA,thu-y,B00,Điểm thi THPT,2023,22.26,Thú y
129630,QSA,thu-y,C08,Điểm thi THPT,2023,22.26,Thú y
129631,QSA,thu-y,D08,Điểm thi THPT,2023,22.26,Thú y
129632,QSA,thu-y,A02,Điểm học bạ,2024,26.0,Thú y
129633,QSA,thu-y,B00,Điểm học bạ,2024,26.0,Thú y
129634,QSA,thu-y,C08,Điểm học bạ,2024,26.0,Thú y
129635,QSA,thu-y,D08,Điểm học bạ,2024,26.0,Thú y
129636,QSA,thu-y,A02,Điểm thi THPT,2024,19.58,Thú y
129637,QSA,thu-y,B00,Điểm thi THPT,2024,19.58,Thú y
129638,QSA,thu-y,C08,Điểm thi THPT,2024,19.58,Thú y
129639,QSA,thu-y,D08,Điểm thi THPT,2024,19.58,Thú y
129640,QSA,thu-y,A00,Điểm thi THPT,2025,18.5,Thú y
129641,QSA,thu-y,A01,Điểm thi THPT,2025,18.5,Thú y
129642,QSA,thu-y,A02,Điểm thi THPT,2025,18.5,Thú y
129643,QSA,thu-y,A03,Điểm thi THPT,2025,18.5,Thú y
129644,QSA,thu-y,A04,Điểm thi THPT,2025,18.5,Thú y
129645,QSA,thu-y,A05,Điểm thi THPT,2025,18.5,Thú y
129646,QSA,thu-y,A06,Điểm thi THPT,2025,18.5,Thú y
129647,QSA,thu-y,A07,Điểm thi THPT,2025,18.5,Thú y
129648,QSA,thu-y,B00,Điểm thi THPT,2025,18.5,Thú y
129649,QSA,thu-y,B02,Điểm thi THPT,2025,18.5,Thú y
129650,QSA,thu-y,B03,Điểm thi THPT,2025,18.5,Thú y
129651,QSA,thu-y,B08,Điểm thi THPT,2025,18.5,Thú y
129652,QSA,thu-y,C01,Điểm thi THPT,2025,19.5,Thú y
129653,QSA,thu-y,C02,Điểm thi THPT,2025,19.5,Thú y
129654,QSA,thu-y,C03,Điểm thi THPT,2025,19.5,Thú y
129655,QSA,thu-y,C04,Điểm thi THPT,2025,19.5,Thú y
129656,QSA,thu-y,C08,Điểm thi THPT,2025,19.5,Thú y
129657,QSA,thu-y,D01,Điểm thi THPT,2025,18.5,Thú y
129658,QSA,thu-y,D07,Điểm thi THPT,2025,18.5,Thú y
129659,QSA,thu-y,D09,Điểm thi THPT,2025,18.5,Thú y
129660,QSA,thu-y,D10,Điểm thi THPT,2025,18.5,Thú y
129661,QSA,thu-y,D14,Điểm thi THPT,2025,18.5,Thú y
129662,QSA,thu-y,D15,Điểm thi THPT,2025,18.5,Thú y
129663,QSA,thu-y,M00,Điểm thi THPT,2025,18.5,Thú y
129664,QSA,thu-y,M01,Điểm thi THPT,2025,18.5,Thú y
129665,QSA,thu-y,M26,Điểm thi THPT,2025,18.5,Thú y
129666,QSA,thu-y,M27,Điểm thi THPT,2025,18.5,Thú y
129667,QSA,thu-y,M28,Điểm thi THPT,2025,18.5,Thú y
129668,QSA,thu-y,M29,Điểm thi THPT,2025,18.5,Thú y
129669,QSA,thu-y,M30,Điểm thi THPT,2025,18.5,Thú y
129670,QSA,thu-y,X01,Điểm thi THPT,2025,18.5,Thú y
129671,QSA,thu-y,X04,Điểm thi THPT,2025,18.5,Thú y
129672,QSA,thu-y,X05,Điểm thi THPT,2025,18.5,Thú y
129673,QSA,thu-y,X06,Điểm thi THPT,2025,18.5,Thú y
129674,QSA,thu-y,X08,Điểm thi THPT,2025,18.5,Thú y
129675,QSA,thu-y,X10,Điểm thi THPT,2025,18.5,Thú y
129676,QSA,thu-y,X12,Điểm thi THPT,2025,18.5,Thú y
129677,QSA,thu-y,X14,Điểm thi THPT,2025,18.5,Thú y
129678,QSA,thu-y,X17,Điểm thi THPT,2025,19.5,Thú y
129679,QSA,thu-y,X20,Điểm thi THPT,2025,18.5,Thú y
129680,QSA,thu-y,X24,Điểm thi THPT,2025,18.5,Thú y
129681,QSA,thu-y,X25,Điểm thi THPT,2025,18.5,Thú y
129682,QSA,thu-y,X26,Điểm thi THPT,2025,18.5,Thú y
129683,QSA,thu-y,X27,Điểm thi THPT,2025,18.5,Thú y
129684,QSA,thu-y,X28,Điểm thi THPT,2025,18.5,Thú y
129685,QSA,thu-y,X65,Điểm thi THPT,2025,18.5,Thú y
129686,QSA,thu-y,X70,Điểm thi THPT,2025,19.5,Thú y
129687,QSA,thu-y,X74,Điểm thi THPT,2025,19.5,Thú y
129688,QSA,thu-y,X78,Điểm thi THPT,2025,18.5,Thú y
129689,QSA,thu-y,X80,Điểm thi THPT,2025,18.5,Thú y
129690,QSA,thu-y,X81,Điểm thi THPT,2025,18.5,Thú y
129691,QSA,thuy-y,A00,Điểm học bạ,2023,25.8,Thúy y
129692,QSA,thuy-y,B00,Điểm học bạ,2023,25.8,Thúy y
129693,QSA,thuy-y,C08,Điểm học bạ,2023,25.8,Thúy y
129694,QSA,thuy-y,D08,Điểm học bạ,2023,25.8,Thúy y
129695,QSA,triet-hoc,A01,Điểm học bạ,2021,18.0,Triết học
129696,QSA,triet-hoc,C00,Điểm học bạ,2021,18.0,Triết học
129697,QSA,triet-hoc,C01,Điểm học bạ,2021,18.0,Triết học
129698,QSA,triet-hoc,D01,Điểm học bạ,2021,18.0,Triết học
129699,QSA,triet-hoc,A01,Điểm thi THPT,2021,16.0,Triết học
129700,QSA,triet-hoc,C00,Điểm thi THPT,2021,16.0,Triết học
129701,QSA,triet-hoc,C01,Điểm thi THPT,2021,16.0,Triết học
129702,QSA,triet-hoc,D01,Điểm thi THPT,2021,16.0,Triết học
129703,QSA,triet-hoc,A01,Điểm thi THPT,2022,17.2,Triết học
129704,QSA,triet-hoc,C00,Điểm thi THPT,2022,17.2,Triết học
129705,QSA,triet-hoc,C01,Điểm thi THPT,2022,17.2,Triết học
129706,QSA,triet-hoc,D01,Điểm thi THPT,2022,17.2,Triết học
129707,QSA,triet-hoc,A01,Điểm học bạ,2023,24.85,Triết học
129708,QSA,triet-hoc,C00,Điểm học bạ,2023,24.85,Triết học
129709,QSA,triet-hoc,C01,Điểm học bạ,2023,24.85,Triết học
129710,QSA,triet-hoc,D01,Điểm học bạ,2023,24.85,Triết học
129711,QSA,triet-hoc,A01,Điểm thi THPT,2023,21.25,Triết học
129712,QSA,triet-hoc,C00,Điểm thi THPT,2023,21.25,Triết học
129713,QSA,triet-hoc,C01,Điểm thi THPT,2023,21.25,Triết học
129714,QSA,triet-hoc,D01,Điểm thi THPT,2023,21.25,Triết học
129715,QSA,triet-hoc,A01,Điểm học bạ,2024,24.4,Triết học
129716,QSA,triet-hoc,C00,Điểm học bạ,2024,24.4,Triết học
129717,QSA,triet-hoc,C01,Điểm học bạ,2024,24.4,Triết học
129718,QSA,triet-hoc,D01,Điểm học bạ,2024,24.4,Triết học
129719,QSA,triet-hoc,A01,Điểm thi THPT,2024,23.47,Triết học
129720,QSA,triet-hoc,C00,Điểm thi THPT,2024,23.47,Triết học
129721,QSA,triet-hoc,C01,Điểm thi THPT,2024,23.47,Triết học
129722,QSA,triet-hoc,D01,Điểm thi THPT,2024,23.47,Triết học
129723,QSA,triet-hoc,A00,Điểm thi THPT,2025,21.52,Triết học
129724,QSA,triet-hoc,A01,Điểm thi THPT,2025,21.52,Triết học
129725,QSA,triet-hoc,A02,Điểm thi THPT,2025,21.52,Triết học
129726,QSA,triet-hoc,A03,Điểm thi THPT,2025,21.52,Triết học
129727,QSA,triet-hoc,A04,Điểm thi THPT,2025,21.52,Triết học
129728,QSA,triet-hoc,A05,Điểm thi THPT,2025,21.52,Triết học
129729,QSA,triet-hoc,A06,Điểm thi THPT,2025,21.52,Triết học
129730,QSA,triet-hoc,A07,Điểm thi THPT,2025,21.52,Triết học
129731,QSA,triet-hoc,B00,Điểm thi THPT,2025,21.52,Triết học
129732,QSA,triet-hoc,B02,Điểm thi THPT,2025,21.52,Triết học
129733,QSA,triet-hoc,B03,Điểm thi THPT,2025,21.52,Triết học
129734,QSA,triet-hoc,B08,Điểm thi THPT,2025,21.52,Triết học
129735,QSA,triet-hoc,C00,Điểm thi THPT,2025,24.8,Triết học
129736,QSA,triet-hoc,C01,Điểm thi THPT,2025,22.04,Triết học
129737,QSA,triet-hoc,C02,Điểm thi THPT,2025,22.04,Triết học
129738,QSA,triet-hoc,C03,Điểm thi THPT,2025,22.04,Triết học
129739,QSA,triet-hoc,C04,Điểm thi THPT,2025,22.04,Triết học
129740,QSA,triet-hoc,C08,Điểm thi THPT,2025,22.04,Triết học
129741,QSA,triet-hoc,D01,Điểm thi THPT,2025,21.52,Triết học
129742,QSA,triet-hoc,D07,Điểm thi THPT,2025,21.52,Triết học
129743,QSA,triet-hoc,D09,Điểm thi THPT,2025,21.52,Triết học
129744,QSA,triet-hoc,D10,Điểm thi THPT,2025,21.52,Triết học
129745,QSA,triet-hoc,D14,Điểm thi THPT,2025,21.52,Triết học
129746,QSA,triet-hoc,D15,Điểm thi THPT,2025,21.52,Triết học
129747,QSA,triet-hoc,M00,Điểm thi THPT,2025,21.52,Triết học
129748,QSA,triet-hoc,M01,Điểm thi THPT,2025,21.52,Triết học
129749,QSA,triet-hoc,M26,Điểm thi THPT,2025,21.52,Triết học
129750,QSA,triet-hoc,M27,Điểm thi THPT,2025,21.52,Triết học
129751,QSA,triet-hoc,M28,Điểm thi THPT,2025,21.52,Triết học
129752,QSA,triet-hoc,M29,Điểm thi THPT,2025,21.52,Triết học
129753,QSA,triet-hoc,M30,Điểm thi THPT,2025,21.52,Triết học
129754,QSA,triet-hoc,X01,Điểm thi THPT,2025,21.52,Triết học
129755,QSA,triet-hoc,X04,Điểm thi THPT,2025,21.52,Triết học
129756,QSA,triet-hoc,X05,Điểm thi THPT,2025,21.52,Triết học
129757,QSA,triet-hoc,X06,Điểm thi THPT,2025,21.52,Triết học
129758,QSA,triet-hoc,X08,Điểm thi THPT,2025,21.52,Triết học
129759,QSA,triet-hoc,X10,Điểm thi THPT,2025,21.52,Triết học
129760,QSA,triet-hoc,X12,Điểm thi THPT,2025,21.52,Triết học
129761,QSA,triet-hoc,X14,Điểm thi THPT,2025,21.52,Triết học
129762,QSA,triet-hoc,X17,Điểm thi THPT,2025,22.04,Triết học
129763,QSA,triet-hoc,X20,Điểm thi THPT,2025,21.52,Triết học
129764,QSA,triet-hoc,X24,Điểm thi THPT,2025,21.52,Triết học
129765,QSA,triet-hoc,X25,Điểm thi THPT,2025,21.52,Triết học
129766,QSA,triet-hoc,X26,Điểm thi THPT,2025,21.52,Triết học
129767,QSA,triet-hoc,X27,Điểm thi THPT,2025,21.52,Triết học
129768,QSA,triet-hoc,X28,Điểm thi THPT,2025,21.52,Triết học
129769,QSA,triet-hoc,X65,Điểm thi THPT,2025,21.52,Triết học
129770,QSA,triet-hoc,X70,Điểm thi THPT,2025,22.04,Triết học
129771,QSA,triet-hoc,X74,Điểm thi THPT,2025,22.04,Triết học
129772,QSA,triet-hoc,X78,Điểm thi THPT,2025,21.52,Triết học
129773,QSA,triet-hoc,X80,Điểm thi THPT,2025,21.52,Triết học
129774,QSA,triet-hoc,X81,Điểm thi THPT,2025,21.52,Triết học
129775,QSA,van-hoc,C00,Điểm học bạ,2021,18.0,Văn học
129776,QSA,van-hoc,D01,Điểm học bạ,2021,18.0,Văn học
129777,QSA,van-hoc,D14,Điểm học bạ,2021,18.0,Văn học
129778,QSA,van-hoc,D15,Điểm học bạ,2021,18.0,Văn học
129779,QSA,van-hoc,C00,Điểm thi THPT,2021,16.0,Văn học
129780,QSA,van-hoc,D01,Điểm thi THPT,2021,16.0,Văn học
129781,QSA,van-hoc,D14,Điểm thi THPT,2021,16.0,Văn học
129782,QSA,van-hoc,D15,Điểm thi THPT,2021,16.0,Văn học
129783,QSA,van-hoc,C00,Điểm thi THPT,2022,20.5,Văn học
129784,QSA,van-hoc,D01,Điểm thi THPT,2022,20.5,Văn học
129785,QSA,van-hoc,D14,Điểm thi THPT,2022,20.5,Văn học
129786,QSA,van-hoc,D15,Điểm thi THPT,2022,20.5,Văn học
129787,QSA,van-hoc,C00,Điểm học bạ,2023,25.45,Văn học
129788,QSA,van-hoc,D01,Điểm học bạ,2023,25.45,Văn học
129789,QSA,van-hoc,D14,Điểm học bạ,2023,25.45,Văn học
129790,QSA,van-hoc,D15,Điểm học bạ,2023,25.45,Văn học
129791,QSA,van-hoc,C00,Điểm thi THPT,2023,22.5,Văn học
129792,QSA,van-hoc,D01,Điểm thi THPT,2023,22.5,Văn học
129793,QSA,van-hoc,D14,Điểm thi THPT,2023,22.5,Văn học
129794,QSA,van-hoc,D15,Điểm thi THPT,2023,22.5,Văn học
129795,QSA,van-hoc,C00,Điểm học bạ,2024,26.2,Văn học
129796,QSA,van-hoc,D01,Điểm học bạ,2024,26.2,Văn học
129797,QSA,van-hoc,D14,Điểm học bạ,2024,26.2,Văn học
129798,QSA,van-hoc,D15,Điểm học bạ,2024,26.2,Văn học
129799,QSA,van-hoc,C00,Điểm thi THPT,2024,24.91,Văn học
129800,QSA,van-hoc,D01,Điểm thi THPT,2024,24.91,Văn học
129801,QSA,van-hoc,D14,Điểm thi THPT,2024,24.91,Văn học
129802,QSA,van-hoc,D15,Điểm thi THPT,2024,24.91,Văn học
129803,QSA,van-hoc,A00,Điểm thi THPT,2025,22.72,Văn học
129804,QSA,van-hoc,A01,Điểm thi THPT,2025,22.72,Văn học
129805,QSA,van-hoc,A02,Điểm thi THPT,2025,22.72,Văn học
129806,QSA,van-hoc,A03,Điểm thi THPT,2025,22.72,Văn học
129807,QSA,van-hoc,A04,Điểm thi THPT,2025,22.72,Văn học
129808,QSA,van-hoc,A05,Điểm thi THPT,2025,22.72,Văn học
129809,QSA,van-hoc,A06,Điểm thi THPT,2025,22.72,Văn học
129810,QSA,van-hoc,A07,Điểm thi THPT,2025,22.72,Văn học
129811,QSA,van-hoc,B00,Điểm thi THPT,2025,22.72,Văn học
129812,QSA,van-hoc,B02,Điểm thi THPT,2025,22.72,Văn học
129813,QSA,van-hoc,B03,Điểm thi THPT,2025,22.72,Văn học
129814,QSA,van-hoc,B08,Điểm thi THPT,2025,22.72,Văn học
129815,QSA,van-hoc,C00,Điểm thi THPT,2025,26.0,Văn học
129816,QSA,van-hoc,C01,Điểm thi THPT,2025,23.04,Văn học
129817,QSA,van-hoc,C02,Điểm thi THPT,2025,23.04,Văn học
129818,QSA,van-hoc,C03,Điểm thi THPT,2025,23.04,Văn học
129819,QSA,van-hoc,C04,Điểm thi THPT,2025,23.04,Văn học
129820,QSA,van-hoc,C08,Điểm thi THPT,2025,23.04,Văn học
129821,QSA,van-hoc,D01,Điểm thi THPT,2025,22.72,Văn học
129822,QSA,van-hoc,D07,Điểm thi THPT,2025,22.72,Văn học
129823,QSA,van-hoc,D09,Điểm thi THPT,2025,22.72,Văn học
129824,QSA,van-hoc,D10,Điểm thi THPT,2025,22.72,Văn học
129825,QSA,van-hoc,D14,Điểm thi THPT,2025,22.72,Văn học
129826,QSA,van-hoc,D15,Điểm thi THPT,2025,22.72,Văn học
129827,QSA,van-hoc,M00,Điểm thi THPT,2025,22.72,Văn học
129828,QSA,van-hoc,M01,Điểm thi THPT,2025,22.72,Văn học
129829,QSA,van-hoc,M26,Điểm thi THPT,2025,22.72,Văn học
129830,QSA,van-hoc,M27,Điểm thi THPT,2025,22.72,Văn học
129831,QSA,van-hoc,M28,Điểm thi THPT,2025,22.72,Văn học
129832,QSA,van-hoc,M29,Điểm thi THPT,2025,22.72,Văn học
129833,QSA,van-hoc,M30,Điểm thi THPT,2025,22.72,Văn học
129834,QSA,van-hoc,X01,Điểm thi THPT,2025,22.72,Văn học
129835,QSA,van-hoc,X04,Điểm thi THPT,2025,22.72,Văn học
129836,QSA,van-hoc,X05,Điểm thi THPT,2025,22.72,Văn học
129837,QSA,van-hoc,X06,Điểm thi THPT,2025,22.72,Văn học
129838,QSA,van-hoc,X08,Điểm thi THPT,2025,22.72,Văn học
129839,QSA,van-hoc,X10,Điểm thi THPT,2025,22.72,Văn học
129840,QSA,van-hoc,X12,Điểm thi THPT,2025,22.72,Văn học
129841,QSA,van-hoc,X14,Điểm thi THPT,2025,22.72,Văn học
129842,QSA,van-hoc,X17,Điểm thi THPT,2025,23.04,Văn học
129843,QSA,van-hoc,X20,Điểm thi THPT,2025,22.72,Văn học
129844,QSA,van-hoc,X24,Điểm thi THPT,2025,22.72,Văn học
129845,QSA,van-hoc,X25,Điểm thi THPT,2025,22.72,Văn học
129846,QSA,van-hoc,X26,Điểm thi THPT,2025,22.72,Văn học
129847,QSA,van-hoc,X27,Điểm thi THPT,2025,22.72,Văn học
129848,QSA,van-hoc,X28,Điểm thi THPT,2025,22.72,Văn học
129849,QSA,van-hoc,X65,Điểm thi THPT,2025,22.72,Văn học
129850,QSA,van-hoc,X70,Điểm thi THPT,2025,23.04,Văn học
129851,QSA,van-hoc,X74,Điểm thi THPT,2025,23.04,Văn học
129852,QSA,van-hoc,X78,Điểm thi THPT,2025,22.72,Văn học
129853,QSA,van-hoc,X80,Điểm thi THPT,2025,22.72,Văn học
129854,QSA,van-hoc,X81,Điểm thi THPT,2025,22.72,Văn học
129855,QSA,viet-nam-hoc,A01,Điểm học bạ,2021,18.0,Việt Nam học
129856,QSA,viet-nam-hoc,C00,Điểm học bạ,2021,18.0,Việt Nam học
129857,QSA,viet-nam-hoc,C04,Điểm học bạ,2021,18.0,Việt Nam học
129858,QSA,viet-nam-hoc,D01,Điểm học bạ,2021,18.0,Việt Nam học
129859,QSA,viet-nam-hoc,A01,Điểm thi THPT,2021,16.5,Việt Nam học
129860,QSA,viet-nam-hoc,C00,Điểm thi THPT,2021,16.5,Việt Nam học
129861,QSA,viet-nam-hoc,C04,Điểm thi THPT,2021,16.5,Việt Nam học
129862,QSA,viet-nam-hoc,D01,Điểm thi THPT,2021,16.5,Việt Nam học
129863,QSA,viet-nam-hoc,A01,Điểm thi THPT,2022,23.6,Việt Nam học
129864,QSA,viet-nam-hoc,C00,Điểm thi THPT,2022,23.6,Việt Nam học
129865,QSA,viet-nam-hoc,C04,Điểm thi THPT,2022,23.6,Việt Nam học
129866,QSA,viet-nam-hoc,D01,Điểm thi THPT,2022,23.6,Việt Nam học
129867,QSA,viet-nam-hoc,A01,Điểm học bạ,2023,26.1,Việt Nam học
129868,QSA,viet-nam-hoc,C00,Điểm học bạ,2023,26.1,Việt Nam học
129869,QSA,viet-nam-hoc,C04,Điểm học bạ,2023,26.1,Việt Nam học
129870,QSA,viet-nam-hoc,D01,Điểm học bạ,2023,26.1,Việt Nam học
129871,QSA,viet-nam-hoc,A01,Điểm thi THPT,2023,21.18,Việt Nam học
129872,QSA,viet-nam-hoc,C00,Điểm thi THPT,2023,21.18,Việt Nam học
129873,QSA,viet-nam-hoc,C04,Điểm thi THPT,2023,21.18,Việt Nam học
129874,QSA,viet-nam-hoc,D01,Điểm thi THPT,2023,21.18,Việt Nam học
129875,QSA,viet-nam-hoc,A01,Điểm học bạ,2024,26.2,Việt Nam học
129876,QSA,viet-nam-hoc,C00,Điểm học bạ,2024,26.2,Việt Nam học
129877,QSA,viet-nam-hoc,C04,Điểm học bạ,2024,26.2,Việt Nam học
129878,QSA,viet-nam-hoc,D01,Điểm học bạ,2024,26.2,Việt Nam học
129879,QSA,viet-nam-hoc,A01,Điểm thi THPT,2024,23.95,Việt Nam học
129880,QSA,viet-nam-hoc,C00,Điểm thi THPT,2024,23.95,Việt Nam học
129881,QSA,viet-nam-hoc,C04,Điểm thi THPT,2024,23.95,Việt Nam học
129882,QSA,viet-nam-hoc,D01,Điểm thi THPT,2024,23.95,Việt Nam học
129883,QSA,viet-nam-hoc,A00,Điểm thi THPT,2025,19.8,Việt Nam học
129884,QSA,viet-nam-hoc,A01,Điểm thi THPT,2025,19.8,Việt Nam học
129885,QSA,viet-nam-hoc,A02,Điểm thi THPT,2025,19.8,Việt Nam học
129886,QSA,viet-nam-hoc,A03,Điểm thi THPT,2025,19.8,Việt Nam học
129887,QSA,viet-nam-hoc,A04,Điểm thi THPT,2025,19.8,Việt Nam học
129888,QSA,viet-nam-hoc,A05,Điểm thi THPT,2025,19.8,Việt Nam học
129889,QSA,viet-nam-hoc,A06,Điểm thi THPT,2025,19.8,Việt Nam học
129890,QSA,viet-nam-hoc,A07,Điểm thi THPT,2025,19.8,Việt Nam học
129891,QSA,viet-nam-hoc,B00,Điểm thi THPT,2025,19.8,Việt Nam học
129892,QSA,viet-nam-hoc,B02,Điểm thi THPT,2025,19.8,Việt Nam học
129893,QSA,viet-nam-hoc,B03,Điểm thi THPT,2025,19.8,Việt Nam học
129894,QSA,viet-nam-hoc,B08,Điểm thi THPT,2025,19.8,Việt Nam học
129895,QSA,viet-nam-hoc,C00,Điểm thi THPT,2025,23.13,Việt Nam học
129896,QSA,viet-nam-hoc,C01,Điểm thi THPT,2025,20.75,Việt Nam học
129897,QSA,viet-nam-hoc,C02,Điểm thi THPT,2025,20.75,Việt Nam học
129898,QSA,viet-nam-hoc,C03,Điểm thi THPT,2025,20.75,Việt Nam học
129899,QSA,viet-nam-hoc,C04,Điểm thi THPT,2025,20.75,Việt Nam học
129900,QSA,viet-nam-hoc,C08,Điểm thi THPT,2025,20.75,Việt Nam học
129901,QSA,viet-nam-hoc,D01,Điểm thi THPT,2025,19.8,Việt Nam học
129902,QSA,viet-nam-hoc,D07,Điểm thi THPT,2025,19.8,Việt Nam học
129903,QSA,viet-nam-hoc,D09,Điểm thi THPT,2025,19.8,Việt Nam học
129904,QSA,viet-nam-hoc,D10,Điểm thi THPT,2025,19.8,Việt Nam học
129905,QSA,viet-nam-hoc,D14,Điểm thi THPT,2025,19.8,Việt Nam học
129906,QSA,viet-nam-hoc,D15,Điểm thi THPT,2025,19.8,Việt Nam học
129907,QSA,viet-nam-hoc,M00,Điểm thi THPT,2025,19.8,Việt Nam học
129908,QSA,viet-nam-hoc,M01,Điểm thi THPT,2025,19.8,Việt Nam học
129909,QSA,viet-nam-hoc,M26,Điểm thi THPT,2025,19.8,Việt Nam học
129910,QSA,viet-nam-hoc,M27,Điểm thi THPT,2025,19.8,Việt Nam học
129911,QSA,viet-nam-hoc,M28,Điểm thi THPT,2025,19.8,Việt Nam học
129912,QSA,viet-nam-hoc,M29,Điểm thi THPT,2025,19.8,Việt Nam học
129913,QSA,viet-nam-hoc,M30,Điểm thi THPT,2025,19.8,Việt Nam học
129914,QSA,viet-nam-hoc,X01,Điểm thi THPT,2025,19.8,Việt Nam học
129915,QSA,viet-nam-hoc,X04,Điểm thi THPT,2025,19.8,Việt Nam học
129916,QSA,viet-nam-hoc,X05,Điểm thi THPT,2025,19.8,Việt Nam học
129917,QSA,viet-nam-hoc,X06,Điểm thi THPT,2025,19.8,Việt Nam học
129918,QSA,viet-nam-hoc,X08,Điểm thi THPT,2025,19.8,Việt Nam học
129919,QSA,viet-nam-hoc,X10,Điểm thi THPT,2025,19.8,Việt Nam học
129920,QSA,viet-nam-hoc,X12,Điểm thi THPT,2025,19.8,Việt Nam học
129921,QSA,viet-nam-hoc,X14,Điểm thi THPT,2025,19.8,Việt Nam học
129922,QSA,viet-nam-hoc,X17,Điểm thi THPT,2025,20.75,Việt Nam học
129923,QSA,viet-nam-hoc,X20,Điểm thi THPT,2025,19.8,Việt Nam học
129924,QSA,viet-nam-hoc,X24,Điểm thi THPT,2025,19.8,Việt Nam học
129925,QSA,viet-nam-hoc,X25,Điểm thi THPT,2025,19.8,Việt Nam học
129926,QSA,viet-nam-hoc,X26,Điểm thi THPT,2025,19.8,Việt Nam học
129927,QSA,viet-nam-hoc,X27,Điểm thi THPT,2025,19.8,Việt Nam học
129928,QSA,viet-nam-hoc,X28,Điểm thi THPT,2025,19.8,Việt Nam học
129929,QSA,viet-nam-hoc,X65,Điểm thi THPT,2025,19.8,Việt Nam học
129930,QSA,viet-nam-hoc,X70,Điểm thi THPT,2025,20.75,Việt Nam học
129931,QSA,viet-nam-hoc,X74,Điểm thi THPT,2025,20.75,Việt Nam học
129932,QSA,viet-nam-hoc,X78,Điểm thi THPT,2025,19.8,Việt Nam học
129933,QSA,viet-nam-hoc,X80,Điểm thi THPT,2025,19.8,Việt Nam học
129934,QSA,viet-nam-hoc,X81,Điểm thi THPT,2025,19.8,Việt Nam học
129935,QSB,bao-duong-cong-nghiep,A00,Điểm thi THPT,2021,22.0,Bảo dưỡng Công nghiệp
129936,QSB,bao-duong-cong-nghiep,A01,Điểm thi THPT,2021,22.0,Bảo dưỡng Công nghiệp
129937,QSB,co-ky-thuat,A00,Điểm thi THPT,2021,24.3,Cơ kỹ thuật
129938,QSB,co-ky-thuat,A01,Điểm thi THPT,2021,24.3,Cơ kỹ thuật
129939,QSB,cong-nghe-thuc-pham,A00,Điểm thi THPT,2021,25.7,Công nghệ Thực phẩm (Chương trình CLC)
129940,QSB,cong-nghe-thuc-pham,B00,Điểm thi THPT,2021,25.7,Công nghệ Thực phẩm (Chương trình CLC)
129941,QSB,cong-nghe-thuc-pham,D07,Điểm thi THPT,2021,25.7,Công nghệ Thực phẩm (Chương trình CLC)
129942,QSB,khoa-hoc-may-tinh,A00,Điểm thi THPT,2021,28.0,Ngành Khoa học Máy tính
129943,QSB,khoa-hoc-may-tinh,A01,Điểm thi THPT,2021,28.0,Ngành Khoa học Máy tính
129944,QSB,kien-truc,A01,Điểm thi THPT,2021,25.25,Kiến Trúc
129945,QSB,kien-truc,C01,Điểm thi THPT,2021,25.25,Kiến Trúc
129946,QSB,kien-truc-canh-quan,A01,Điểm thi THPT,2021,22.0,"Kiến trúc - Chuyên ngành Kiến trúc cảnh quan (CT CLC, giảng dạy bằng tiếng Anh)"
129947,QSB,kien-truc-canh-quan,C01,Điểm thi THPT,2021,22.0,"Kiến trúc - Chuyên ngành Kiến trúc cảnh quan (CT CLC, giảng dạy bằng tiếng Anh)"
129948,QSB,ky-thuat-co-dien-tu,A00,Điểm thi THPT,2021,26.75,Kỹ thuật Cơ điện tử
129949,QSB,ky-thuat-co-dien-tu,A01,Điểm thi THPT,2021,26.75,Kỹ thuật Cơ điện tử
129950,QSB,ky-thuat-co-khi,A00,Điểm thi THPT,2021,24.5,Kỹ thuật Cơ khí
129951,QSB,ky-thuat-co-khi,A01,Điểm thi THPT,2021,24.5,Kỹ thuật Cơ khí
129952,QSB,ky-thuat-cong-trinh-xay-dung-cong-trinh-giao-thong,A00,Điểm thi THPT,2021,22.3,Kỹ thuật Công trình xây dựng; Công trình giao thông (Chương trình CLC)
129953,QSB,ky-thuat-cong-trinh-xay-dung-cong-trinh-giao-thong,A01,Điểm thi THPT,2021,22.3,Kỹ thuật Công trình xây dựng; Công trình giao thông (Chương trình CLC)
129954,QSB,ky-thuat-dau-khi,A00,Điểm thi THPT,2021,22.0,Kỹ thuật Dầu khí (Chương trình CLC)
129955,QSB,ky-thuat-dau-khi,A01,Điểm thi THPT,2021,22.0,Kỹ thuật Dầu khí (Chương trình CLC)
129956,QSB,ky-thuat-det-cong-nghe-may,A00,Điểm thi THPT,2021,22.0,Kỹ thuật Dệt; Công nghệ May
129957,QSB,ky-thuat-det-cong-nghe-may,A01,Điểm thi THPT,2021,22.0,Kỹ thuật Dệt; Công nghệ May
129958,QSB,ky-thuat-dia-chat-ky-thuat-dau-khi,A00,Điểm thi THPT,2021,22.0,Kỹ thuật Địa chất; Kỹ thuật Dầu khí
129959,QSB,ky-thuat-dia-chat-ky-thuat-dau-khi,A01,Điểm thi THPT,2021,22.0,Kỹ thuật Địa chất; Kỹ thuật Dầu khí
129960,QSB,ky-thuat-dien-dien-tu,A00,Điểm thi THPT,2021,24.75,Kỹ thuật Điện - Điện tử (Chương trình Tiên tiến)
129961,QSB,ky-thuat-dien-dien-tu,A01,Điểm thi THPT,2021,24.75,Kỹ thuật Điện - Điện tử (Chương trình Tiên tiến)
129962,QSB,ky-thuat-dien-ky-thuat-dien-tu-vien-thong-ky-thuat-dieu-khien-va-tu-dong-hoa,A00,Điểm thi THPT,2021,25.6,Kỹ thuật Điện; Kỹ thuật Điện tử - Viễn thông; Kỹ thuật Điều khiển và Tự động hóa
129963,QSB,ky-thuat-dien-ky-thuat-dien-tu-vien-thong-ky-thuat-dieu-khien-va-tu-dong-hoa,A01,Điểm thi THPT,2021,25.6,Kỹ thuật Điện; Kỹ thuật Điện tử - Viễn thông; Kỹ thuật Điều khiển và Tự động hóa
129964,QSB,ky-thuat-hang-khong,A00,Điểm thi THPT,2021,25.5,Kỹ thuật Hàng Không - (Chương trình CLC)
129965,QSB,ky-thuat-hang-khong,A01,Điểm thi THPT,2021,25.5,Kỹ thuật Hàng Không - (Chương trình CLC)
129966,QSB,ky-thuat-he-thong-cong-nghiep-logistics-va-quan-ly-chuoi-cung-ung,A00,Điểm thi THPT,2021,26.8,Kỹ thuật Hệ thống Công nghiệp; Logistics và Quản lý chuỗi Cung Ứng
129967,QSB,ky-thuat-he-thong-cong-nghiep-logistics-va-quan-ly-chuoi-cung-ung,A01,Điểm thi THPT,2021,26.8,Kỹ thuật Hệ thống Công nghiệp; Logistics và Quản lý chuỗi Cung Ứng
129968,QSB,ky-thuat-hoa-hoc,A00,Điểm thi THPT,2021,25.4,Kỹ thuật Hóa học (Chương trình CLC)
129969,QSB,ky-thuat-hoa-hoc,B00,Điểm thi THPT,2021,25.4,Kỹ thuật Hóa học (Chương trình CLC)
129970,QSB,ky-thuat-hoa-hoc,D07,Điểm thi THPT,2021,25.4,Kỹ thuật Hóa học (Chương trình CLC)
129971,QSB,ky-thuat-hoa-hoc-cong-nghe-thuc-pham-cong-nghe-sinh-hoc,A00,Điểm thi THPT,2021,26.3,Kỹ thuật Hóa học; Công nghệ Thực phẩm; Công nghệ Sinh học
129972,QSB,ky-thuat-hoa-hoc-cong-nghe-thuc-pham-cong-nghe-sinh-hoc,B00,Điểm thi THPT,2021,26.3,Kỹ thuật Hóa học; Công nghệ Thực phẩm; Công nghệ Sinh học
129973,QSB,ky-thuat-hoa-hoc-cong-nghe-thuc-pham-cong-nghe-sinh-hoc,D07,Điểm thi THPT,2021,26.3,Kỹ thuật Hóa học; Công nghệ Thực phẩm; Công nghệ Sinh học
129974,QSB,ky-thuat-may-tinh,A00,Điểm thi THPT,2021,27.35,Kỹ thuật Máy tính
129975,QSB,ky-thuat-may-tinh,A01,Điểm thi THPT,2021,27.35,Kỹ thuật Máy tính
129976,QSB,ky-thuat-moi-truong-quan-ly-tai-nguyen-va-moi-truong,A00,Điểm thi THPT,2021,24.0,Kỹ thuật Môi trường; Quản lý Tài nguyên và Môi trường
129977,QSB,ky-thuat-moi-truong-quan-ly-tai-nguyen-va-moi-truong,A01,Điểm thi THPT,2021,24.0,Kỹ thuật Môi trường; Quản lý Tài nguyên và Môi trường
129978,QSB,ky-thuat-moi-truong-quan-ly-tai-nguyen-va-moi-truong,B00,Điểm thi THPT,2021,24.0,Kỹ thuật Môi trường; Quản lý Tài nguyên và Môi trường
129979,QSB,ky-thuat-moi-truong-quan-ly-tai-nguyen-va-moi-truong,D07,Điểm thi THPT,2021,24.0,Kỹ thuật Môi trường; Quản lý Tài nguyên và Môi trường
129980,QSB,ky-thuat-nhiet,A00,Điểm thi THPT,2021,23.0,Kỹ Thuật Nhiệt (Nhiệt lạnh)
129981,QSB,ky-thuat-nhiet,A01,Điểm thi THPT,2021,23.0,Kỹ Thuật Nhiệt (Nhiệt lạnh)
129982,QSB,ky-thuat-o-to,A00,Điểm thi THPT,2021,26.5,Kỹ thuật Ô tô
129983,QSB,ky-thuat-o-to,A01,Điểm thi THPT,2021,26.5,Kỹ thuật Ô tô
129984,QSB,ky-thuat-robot,A00,Điểm thi THPT,2021,26.0,Kỹ thuật Cơ điện tử - Chuyên ngành Kỹ thuật RoBot - (Chương trình CLC)
129985,QSB,ky-thuat-robot,A01,Điểm thi THPT,2021,26.0,Kỹ thuật Cơ điện tử - Chuyên ngành Kỹ thuật RoBot - (Chương trình CLC)
129986,QSB,ky-thuat-tau-thuy-ky-thuat-hang-khong,A00,Điểm thi THPT,2021,25.0,Kỹ thuật Tàu thủy; Kỹ thuật Hàng không (Song ngành)
129987,QSB,ky-thuat-tau-thuy-ky-thuat-hang-khong,A01,Điểm thi THPT,2021,25.0,Kỹ thuật Tàu thủy; Kỹ thuật Hàng không (Song ngành)
129988,QSB,ky-thuat-vat-lieu,A00,Điểm thi THPT,2021,22.6,Kỹ thuật Vật liệu
129989,QSB,ky-thuat-vat-lieu,A01,Điểm thi THPT,2021,22.6,Kỹ thuật Vật liệu
129990,QSB,ky-thuat-vat-lieu,D07,Điểm thi THPT,2021,22.6,Kỹ thuật Vật liệu
129991,QSB,ky-thuat-y-sinh,A00,Điểm thi THPT,2021,24.5,Vật lý kỹ thuật (chuyên ngành Kỹ Thuật Y Sinh) (Chương trình CLC)
129992,QSB,ky-thuat-y-sinh,A01,Điểm thi THPT,2021,24.5,Vật lý kỹ thuật (chuyên ngành Kỹ Thuật Y Sinh) (Chương trình CLC)
129993,QSB,logistics-va-quan-ly-chuoi-cung-ung,A00,Điểm thi THPT,2021,26.25,Logistics và Quản Lý chuỗi cung ứng - (Chương trình CLC)
129994,QSB,logistics-va-quan-ly-chuoi-cung-ung,A01,Điểm thi THPT,2021,26.25,Logistics và Quản Lý chuỗi cung ứng - (Chương trình CLC)
129995,QSB,quan-ly-cong-nghiep,A00,Điểm thi THPT,2021,25.25,Quản lý công nghiệp
129996,QSB,quan-ly-cong-nghiep,A01,Điểm thi THPT,2021,25.25,Quản lý công nghiệp
129997,QSB,quan-ly-cong-nghiep,D01,Điểm thi THPT,2021,25.25,Quản lý công nghiệp
129998,QSB,quan-ly-cong-nghiep,D07,Điểm thi THPT,2021,25.25,Quản lý công nghiệp
129999,QSB,quan-ly-tai-nguyen-va-moi-truong-ky-thuat-moi-truong,A00,Điểm thi THPT,2021,22.5,Quản lý Tài nguyên và Môi trường; Kỹ thuật Môi trường (Chương trình CLC)
130000,QSB,quan-ly-tai-nguyen-va-moi-truong-ky-thuat-moi-truong,A01,Điểm thi THPT,2021,22.5,Quản lý Tài nguyên và Môi trường; Kỹ thuật Môi trường (Chương trình CLC)
130001,QSB,quan-ly-tai-nguyen-va-moi-truong-ky-thuat-moi-truong,B00,Điểm thi THPT,2021,22.5,Quản lý Tài nguyên và Môi trường; Kỹ thuật Môi trường (Chương trình CLC)
130002,QSB,quan-ly-tai-nguyen-va-moi-truong-ky-thuat-moi-truong,D07,Điểm thi THPT,2021,22.5,Quản lý Tài nguyên và Môi trường; Kỹ thuật Môi trường (Chương trình CLC)
130003,QSB,vat-ly-ky-thuat,A00,Điểm thi THPT,2021,25.3,Vật lý Kỹ thuật
130004,QSB,vat-ly-ky-thuat,A01,Điểm thi THPT,2021,25.3,Vật lý Kỹ thuật
130005,QSB,xay-dung,A00,Điểm thi THPT,2021,22.4,Xây Dựng
130006,QSB,xay-dung,A01,Điểm thi THPT,2021,22.4,Xây Dựng
130007,QSC,an-toan-thong-tin,A00,Điểm thi THPT,2021,27.0,AN TOÀN THÔNG TIN
130008,QSC,an-toan-thong-tin,A01,Điểm thi THPT,2021,27.0,AN TOÀN THÔNG TIN
130009,QSC,an-toan-thong-tin,D01,Điểm thi THPT,2021,27.0,AN TOÀN THÔNG TIN
130010,QSC,an-toan-thong-tin,D07,Điểm thi THPT,2021,27.0,AN TOÀN THÔNG TIN
130011,QSC,an-toan-thong-tin,A00,Điểm thi THPT,2022,26.95,An toàn thông tin
130012,QSC,an-toan-thong-tin,A01,Điểm thi THPT,2022,26.95,An toàn thông tin
130013,QSC,an-toan-thong-tin,D01,Điểm thi THPT,2022,26.95,An toàn thông tin
130014,QSC,an-toan-thong-tin,D07,Điểm thi THPT,2022,26.95,An toàn thông tin
130015,QSC,an-toan-thong-tin,A00,Điểm thi THPT,2023,26.3,An toàn thông tin
130016,QSC,an-toan-thong-tin,A01,Điểm thi THPT,2023,26.3,An toàn thông tin
130017,QSC,an-toan-thong-tin,D01,Điểm thi THPT,2023,26.3,An toàn thông tin
130018,QSC,an-toan-thong-tin,D07,Điểm thi THPT,2023,26.3,An toàn thông tin
130019,QSC,an-toan-thong-tin,A00,Điểm thi THPT,2024,26.77,An toàn thông tin
130020,QSC,an-toan-thong-tin,A01,Điểm thi THPT,2024,26.77,An toàn thông tin
130021,QSC,an-toan-thong-tin,D01,Điểm thi THPT,2024,26.77,An toàn thông tin
130022,QSC,an-toan-thong-tin,D07,Điểm thi THPT,2024,26.77,An toàn thông tin
130023,QSC,an-toan-thong-tin,A00,Điểm thi THPT,2025,26.27,An toàn thông tin
130024,QSC,an-toan-thong-tin,A01,Điểm thi THPT,2025,26.27,An toàn thông tin
130025,QSC,an-toan-thong-tin,D01,Điểm thi THPT,2025,26.27,An toàn thông tin
130026,QSC,an-toan-thong-tin,D07,Điểm thi THPT,2025,26.27,An toàn thông tin
130027,QSC,an-toan-thong-tin,X06,Điểm thi THPT,2025,26.27,An toàn thông tin
130028,QSC,an-toan-thong-tin,X26,Điểm thi THPT,2025,26.27,An toàn thông tin
130029,QSC,cong-nghe-thong-tin,A00,Điểm thi THPT,2021,27.3,CÔNG NGHỆ THÔNG TIN
130030,QSC,cong-nghe-thong-tin,A01,Điểm thi THPT,2021,27.3,CÔNG NGHỆ THÔNG TIN
130031,QSC,cong-nghe-thong-tin,D01,Điểm thi THPT,2021,27.3,CÔNG NGHỆ THÔNG TIN
130032,QSC,cong-nghe-thong-tin,D07,Điểm thi THPT,2021,27.3,CÔNG NGHỆ THÔNG TIN
130033,QSC,cong-nghe-thong-tin,A00,Điểm thi THPT,2022,27.9,Công nghệ thông tin
130034,QSC,cong-nghe-thong-tin,A01,Điểm thi THPT,2022,27.9,Công nghệ thông tin
130035,QSC,cong-nghe-thong-tin,D01,Điểm thi THPT,2022,27.9,Công nghệ thông tin
130036,QSC,cong-nghe-thong-tin,D06,Điểm thi THPT,2022,26.3,Công nghệ thông tin (Việt - Nhật)
130037,QSC,cong-nghe-thong-tin,D07,Điểm thi THPT,2022,27.9,Công nghệ thông tin
130038,QSC,cong-nghe-thong-tin,A00,Điểm thi THPT,2023,26.9,Công nghệ thông tin
130039,QSC,cong-nghe-thong-tin,A01,Điểm thi THPT,2023,26.9,Công nghệ thông tin
130040,QSC,cong-nghe-thong-tin,D01,Điểm thi THPT,2023,26.9,Công nghệ thông tin
130041,QSC,cong-nghe-thong-tin,D06,Điểm thi THPT,2023,25.9,Công nghệ thông tin (Việt - Nhật)
130042,QSC,cong-nghe-thong-tin,D07,Điểm thi THPT,2023,26.9,Công nghệ thông tin
130043,QSC,cong-nghe-thong-tin,A00,Điểm thi THPT,2024,27.1,Công nghệ thông tin
130044,QSC,cong-nghe-thong-tin,A01,Điểm thi THPT,2024,27.1,Công nghệ thông tin
130045,QSC,cong-nghe-thong-tin,D01,Điểm thi THPT,2024,27.1,Công nghệ thông tin
130046,QSC,cong-nghe-thong-tin,D06,Điểm thi THPT,2024,25.55,Công nghệ thông tin (Việt - Nhật)
130047,QSC,cong-nghe-thong-tin,D07,Điểm thi THPT,2024,27.1,Công nghệ thông tin
130048,QSC,cong-nghe-thong-tin,A00,Điểm thi THPT,2025,26.6,Công nghệ thông tin
130049,QSC,cong-nghe-thong-tin,A01,Điểm thi THPT,2025,26.6,Công nghệ thông tin
130050,QSC,cong-nghe-thong-tin,D01,Điểm thi THPT,2025,26.6,Công nghệ thông tin
130051,QSC,cong-nghe-thong-tin,D07,Điểm thi THPT,2025,26.6,Công nghệ thông tin
130052,QSC,cong-nghe-thong-tin,X06,Điểm thi THPT,2025,26.6,Công nghệ thông tin
130053,QSC,cong-nghe-thong-tin,X26,Điểm thi THPT,2025,26.6,Công nghệ thông tin
130054,QSC,cong-nghe-thong-tin-viet-nhat,A00,Điểm thi THPT,2025,24.2,Công nghệ thông tin Việt Nhật
130055,QSC,cong-nghe-thong-tin-viet-nhat,A01,Điểm thi THPT,2025,24.2,Công nghệ thông tin Việt Nhật
130056,QSC,cong-nghe-thong-tin-viet-nhat,D01,Điểm thi THPT,2025,24.2,Công nghệ thông tin Việt Nhật
130057,QSC,cong-nghe-thong-tin-viet-nhat,D06,Điểm thi THPT,2025,24.2,Công nghệ thông tin Việt Nhật
130058,QSC,cong-nghe-thong-tin-viet-nhat,D07,Điểm thi THPT,2025,24.2,Công nghệ thông tin Việt Nhật
130059,QSC,cong-nghe-thong-tin-viet-nhat,X06,Điểm thi THPT,2025,24.2,Công nghệ thông tin Việt Nhật
130060,QSC,cong-nghe-thong-tin-viet-nhat,X26,Điểm thi THPT,2025,24.2,Công nghệ thông tin Việt Nhật
130061,QSC,he-thong-thong-tin,A00,Điểm thi THPT,2021,26.7,HỆ THỐNG THÔNG TIN
130062,QSC,he-thong-thong-tin,A01,Điểm thi THPT,2021,26.7,HỆ THỐNG THÔNG TIN
130063,QSC,he-thong-thong-tin,D01,Điểm thi THPT,2021,26.7,HỆ THỐNG THÔNG TIN
130064,QSC,he-thong-thong-tin,D07,Điểm thi THPT,2021,26.7,HỆ THỐNG THÔNG TIN
130065,QSC,he-thong-thong-tin,A00,Điểm thi THPT,2022,26.7,Hệ thống thông tin
130066,QSC,he-thong-thong-tin,A01,Điểm thi THPT,2022,26.7,Hệ thống thông tin
130067,QSC,he-thong-thong-tin,D01,Điểm thi THPT,2022,26.7,Hệ thống thông tin
130068,QSC,he-thong-thong-tin,D07,Điểm thi THPT,2022,26.7,Hệ thống thông tin
130069,QSC,he-thong-thong-tin,A00,Điểm thi THPT,2023,26.1,Hệ thống thông tin
130070,QSC,he-thong-thong-tin,A01,Điểm thi THPT,2023,26.1,Hệ thống thông tin
130071,QSC,he-thong-thong-tin,D01,Điểm thi THPT,2023,26.1,Hệ thống thông tin
130072,QSC,he-thong-thong-tin,D07,Điểm thi THPT,2023,26.1,Hệ thống thông tin
130073,QSC,he-thong-thong-tin,A00,Điểm thi THPT,2024,26.25,Hệ thống thông tin
130074,QSC,he-thong-thong-tin,A01,Điểm thi THPT,2024,26.25,Hệ thống thông tin
130075,QSC,he-thong-thong-tin,D01,Điểm thi THPT,2024,26.25,Hệ thống thông tin
130076,QSC,he-thong-thong-tin,D07,Điểm thi THPT,2024,26.25,Hệ thống thông tin
130077,QSC,he-thong-thong-tin,A00,Điểm thi THPT,2025,24.7,Hệ thống thông tin
130078,QSC,he-thong-thong-tin,A01,Điểm thi THPT,2025,24.7,Hệ thống thông tin
130079,QSC,he-thong-thong-tin,D01,Điểm thi THPT,2025,24.7,Hệ thống thông tin
130080,QSC,he-thong-thong-tin,D07,Điểm thi THPT,2025,24.7,Hệ thống thông tin
130081,QSC,he-thong-thong-tin,D08,Điểm thi THPT,2025,24.7,Hệ thống thông tin
130082,QSC,he-thong-thong-tin,X06,Điểm thi THPT,2025,24.7,Hệ thống thông tin
130083,QSC,he-thong-thong-tin,X26,Điểm thi THPT,2025,24.7,Hệ thống thông tin
130084,QSC,khoa-hoc-du-lieu,A00,Điểm thi THPT,2021,26.65,KHOA HỌC DỮ LIỆU
130085,QSC,khoa-hoc-du-lieu,A01,Điểm thi THPT,2021,26.65,KHOA HỌC DỮ LIỆU
130086,QSC,khoa-hoc-du-lieu,D01,Điểm thi THPT,2021,26.65,KHOA HỌC DỮ LIỆU
130087,QSC,khoa-hoc-du-lieu,D07,Điểm thi THPT,2021,26.65,KHOA HỌC DỮ LIỆU
130088,QSC,khoa-hoc-du-lieu,A00,Điểm thi THPT,2022,27.05,Khoa học dữ liệu
130089,QSC,khoa-hoc-du-lieu,A01,Điểm thi THPT,2022,27.05,Khoa học dữ liệu
130090,QSC,khoa-hoc-du-lieu,D01,Điểm thi THPT,2022,27.05,Khoa học dữ liệu
130091,QSC,khoa-hoc-du-lieu,D07,Điểm thi THPT,2022,27.05,Khoa học dữ liệu
130092,QSC,khoa-hoc-du-lieu,A00,Điểm thi THPT,2023,27.1,Khoa học dữ liệu
130093,QSC,khoa-hoc-du-lieu,A01,Điểm thi THPT,2023,27.1,Khoa học dữ liệu
130094,QSC,khoa-hoc-du-lieu,D01,Điểm thi THPT,2023,27.1,Khoa học dữ liệu
130095,QSC,khoa-hoc-du-lieu,D07,Điểm thi THPT,2023,27.1,Khoa học dữ liệu
130096,QSC,khoa-hoc-du-lieu,A00,Điểm thi THPT,2024,27.5,Khoa học dữ liệu
130097,QSC,khoa-hoc-du-lieu,A01,Điểm thi THPT,2024,27.5,Khoa học dữ liệu
130098,QSC,khoa-hoc-du-lieu,D01,Điểm thi THPT,2024,27.5,Khoa học dữ liệu
130099,QSC,khoa-hoc-du-lieu,D07,Điểm thi THPT,2024,27.5,Khoa học dữ liệu
130100,QSC,khoa-hoc-du-lieu,A00,Điểm thi THPT,2025,27.7,Khoa học dữ liệu
130101,QSC,khoa-hoc-du-lieu,A01,Điểm thi THPT,2025,27.7,Khoa học dữ liệu
130102,QSC,khoa-hoc-du-lieu,A02,Điểm thi THPT,2025,27.7,Khoa học dữ liệu
130103,QSC,khoa-hoc-du-lieu,D01,Điểm thi THPT,2025,27.7,Khoa học dữ liệu
130104,QSC,khoa-hoc-du-lieu,D07,Điểm thi THPT,2025,27.7,Khoa học dữ liệu
130105,QSC,khoa-hoc-du-lieu,X06,Điểm thi THPT,2025,27.7,Khoa học dữ liệu
130106,QSC,khoa-hoc-du-lieu,X26,Điểm thi THPT,2025,27.7,Khoa học dữ liệu
130107,QSC,khoa-hoc-may-tinh,A00,Điểm thi THPT,2021,27.3,KHOA HỌC MÁY TÍNH
130108,QSC,khoa-hoc-may-tinh,A01,Điểm thi THPT,2021,27.3,KHOA HỌC MÁY TÍNH
130109,QSC,khoa-hoc-may-tinh,D01,Điểm thi THPT,2021,27.3,KHOA HỌC MÁY TÍNH
130110,QSC,khoa-hoc-may-tinh,D07,Điểm thi THPT,2021,27.3,KHOA HỌC MÁY TÍNH
130111,QSC,khoa-hoc-may-tinh,A00,Điểm thi THPT,2022,27.1,Khoa học máy tính
130112,QSC,khoa-hoc-may-tinh,A01,Điểm thi THPT,2022,27.1,Khoa học máy tính
130113,QSC,khoa-hoc-may-tinh,D01,Điểm thi THPT,2022,27.1,Khoa học máy tính
130114,QSC,khoa-hoc-may-tinh,D07,Điểm thi THPT,2022,27.1,Khoa học máy tính
130115,QSC,khoa-hoc-may-tinh,A00,Điểm thi THPT,2023,26.9,Khoa học máy tính
130116,QSC,khoa-hoc-may-tinh,A01,Điểm thi THPT,2023,26.9,Khoa học máy tính
130117,QSC,khoa-hoc-may-tinh,D01,Điểm thi THPT,2023,26.9,Khoa học máy tính
130118,QSC,khoa-hoc-may-tinh,D07,Điểm thi THPT,2023,26.9,Khoa học máy tính
130119,QSC,khoa-hoc-may-tinh,A00,Điểm thi THPT,2024,27.3,Khoa học máy tính
130120,QSC,khoa-hoc-may-tinh,A01,Điểm thi THPT,2024,27.3,Khoa học máy tính
130121,QSC,khoa-hoc-may-tinh,D01,Điểm thi THPT,2024,27.3,Khoa học máy tính
130122,QSC,khoa-hoc-may-tinh,D07,Điểm thi THPT,2024,27.3,Khoa học máy tính
130123,QSC,khoa-hoc-may-tinh,A00,Điểm thi THPT,2025,27.2,Khoa học máy tính
130124,QSC,khoa-hoc-may-tinh,A01,Điểm thi THPT,2025,27.2,Khoa học máy tính
130125,QSC,khoa-hoc-may-tinh,D01,Điểm thi THPT,2025,27.2,Khoa học máy tính
130126,QSC,khoa-hoc-may-tinh,D07,Điểm thi THPT,2025,27.2,Khoa học máy tính
130127,QSC,khoa-hoc-may-tinh,X06,Điểm thi THPT,2025,27.2,Khoa học máy tính
130128,QSC,khoa-hoc-may-tinh,X26,Điểm thi THPT,2025,27.2,Khoa học máy tính
130129,QSC,ky-thuat-may-tinh,A00,Điểm thi THPT,2021,26.9,KỸ THUẬT MÁY TÍNH
130130,QSC,ky-thuat-may-tinh,A01,Điểm thi THPT,2021,26.9,KỸ THUẬT MÁY TÍNH
130131,QSC,ky-thuat-may-tinh,D01,Điểm thi THPT,2021,26.9,KỸ THUẬT MÁY TÍNH
130132,QSC,ky-thuat-may-tinh,D07,Điểm thi THPT,2021,26.9,KỸ THUẬT MÁY TÍNH
130133,QSC,ky-thuat-may-tinh,A00,Điểm thi THPT,2022,26.55,Kỹ thuật máy tính
130134,QSC,ky-thuat-may-tinh,A01,Điểm thi THPT,2022,26.55,Kỹ thuật máy tính
130135,QSC,ky-thuat-may-tinh,D01,Điểm thi THPT,2022,26.55,Kỹ thuật máy tính
130136,QSC,ky-thuat-may-tinh,D07,Điểm thi THPT,2022,26.55,Kỹ thuật máy tính
130137,QSC,ky-thuat-may-tinh,A00,Điểm thi THPT,2023,25.6,Kỹ thuật máy tính
130138,QSC,ky-thuat-may-tinh,A01,Điểm thi THPT,2023,25.6,Kỹ thuật máy tính
130139,QSC,ky-thuat-may-tinh,A00,Điểm thi THPT,2024,26.25,Kỹ thuật máy tính
130140,QSC,ky-thuat-may-tinh,A01,Điểm thi THPT,2024,26.25,Kỹ thuật máy tính
130141,QSC,ky-thuat-may-tinh,A00,Điểm thi THPT,2025,25.3,Kỹ thuật máy tính
130142,QSC,ky-thuat-may-tinh,A01,Điểm thi THPT,2025,25.3,Kỹ thuật máy tính
130143,QSC,ky-thuat-may-tinh,X06,Điểm thi THPT,2025,25.3,Kỹ thuật máy tính
130144,QSC,ky-thuat-may-tinh,X26,Điểm thi THPT,2025,25.3,Kỹ thuật máy tính
130145,QSC,ky-thuat-may-tinh-huong-he-thong-nhung-va-iot,A00,Điểm thi THPT,2022,26.5,Kỹ thuật máy tính (Hướng Hệ thống Nhúng và Iot
130146,QSC,ky-thuat-may-tinh-huong-he-thong-nhung-va-iot,A01,Điểm thi THPT,2022,26.5,Kỹ thuật máy tính (Hướng Hệ thống Nhúng và Iot
130147,QSC,ky-thuat-may-tinh-huong-he-thong-nhung-va-iot,D01,Điểm thi THPT,2022,26.5,Kỹ thuật máy tính (Hướng Hệ thống Nhúng và Iot
130148,QSC,ky-thuat-may-tinh-huong-he-thong-nhung-va-iot,D07,Điểm thi THPT,2022,26.5,Kỹ thuật máy tính (Hướng Hệ thống Nhúng và Iot
130149,QSC,ky-thuat-phan-mem,A00,Điểm thi THPT,2021,27.55,KỸ THUẬT PHẦN MỀM
130150,QSC,ky-thuat-phan-mem,A01,Điểm thi THPT,2021,27.55,KỸ THUẬT PHẦN MỀM
130151,QSC,ky-thuat-phan-mem,D01,Điểm thi THPT,2021,27.55,KỸ THUẬT PHẦN MỀM
130152,QSC,ky-thuat-phan-mem,D07,Điểm thi THPT,2021,27.55,KỸ THUẬT PHẦN MỀM
130153,QSC,ky-thuat-phan-mem,A00,Điểm thi THPT,2022,28.05,Kỹ thuật phần mềm
130154,QSC,ky-thuat-phan-mem,A01,Điểm thi THPT,2022,28.05,Kỹ thuật phần mềm
130155,QSC,ky-thuat-phan-mem,D01,Điểm thi THPT,2022,28.05,Kỹ thuật phần mềm
130156,QSC,ky-thuat-phan-mem,D07,Điểm thi THPT,2022,28.05,Kỹ thuật phần mềm
130157,QSC,ky-thuat-phan-mem,A00,Điểm thi THPT,2023,26.9,Kỹ thuật phần mềm
130158,QSC,ky-thuat-phan-mem,A01,Điểm thi THPT,2023,26.9,Kỹ thuật phần mềm
130159,QSC,ky-thuat-phan-mem,D01,Điểm thi THPT,2023,26.9,Kỹ thuật phần mềm
130160,QSC,ky-thuat-phan-mem,D07,Điểm thi THPT,2023,26.9,Kỹ thuật phần mềm
130161,QSC,ky-thuat-phan-mem,A00,Điểm thi THPT,2024,26.85,Kỹ thuật phần mềm
130162,QSC,ky-thuat-phan-mem,A01,Điểm thi THPT,2024,26.85,Kỹ thuật phần mềm
130163,QSC,ky-thuat-phan-mem,D01,Điểm thi THPT,2024,26.85,Kỹ thuật phần mềm
130164,QSC,ky-thuat-phan-mem,D07,Điểm thi THPT,2024,26.85,Kỹ thuật phần mềm
130165,QSC,ky-thuat-phan-mem,A00,Điểm thi THPT,2025,26.0,Kỹ thuật phần mềm
130166,QSC,ky-thuat-phan-mem,A01,Điểm thi THPT,2025,26.0,Kỹ thuật phần mềm
130167,QSC,ky-thuat-phan-mem,D01,Điểm thi THPT,2025,26.0,Kỹ thuật phần mềm
130168,QSC,ky-thuat-phan-mem,D07,Điểm thi THPT,2025,26.0,Kỹ thuật phần mềm
130169,QSC,ky-thuat-phan-mem,X06,Điểm thi THPT,2025,26.0,Kỹ thuật phần mềm
130170,QSC,ky-thuat-phan-mem,X26,Điểm thi THPT,2025,26.0,Kỹ thuật phần mềm
130171,QSC,mang-may-tinh-va-truyen-thong-du-lieu,A00,Điểm thi THPT,2021,26.35,MẠNG MÁY TÍNH VÀ TRUYỀN THÔNG DỮ LIỆU
130172,QSC,mang-may-tinh-va-truyen-thong-du-lieu,A01,Điểm thi THPT,2021,26.35,MẠNG MÁY TÍNH VÀ TRUYỀN THÔNG DỮ LIỆU
130173,QSC,mang-may-tinh-va-truyen-thong-du-lieu,D01,Điểm thi THPT,2021,26.35,MẠNG MÁY TÍNH VÀ TRUYỀN THÔNG DỮ LIỆU
130174,QSC,mang-may-tinh-va-truyen-thong-du-lieu,D07,Điểm thi THPT,2021,26.35,MẠNG MÁY TÍNH VÀ TRUYỀN THÔNG DỮ LIỆU
130175,QSC,mang-may-tinh-va-truyen-thong-du-lieu,A00,Điểm thi THPT,2022,26.3,Mạng máy tính và truyền thông dữ liệu
130176,QSC,mang-may-tinh-va-truyen-thong-du-lieu,A01,Điểm thi THPT,2022,26.3,Mạng máy tính và truyền thông dữ liệu
130177,QSC,mang-may-tinh-va-truyen-thong-du-lieu,D01,Điểm thi THPT,2022,26.3,Mạng máy tính và truyền thông dữ liệu
130178,QSC,mang-may-tinh-va-truyen-thong-du-lieu,D07,Điểm thi THPT,2022,26.3,Mạng máy tính và truyền thông dữ liệu
130179,QSC,mang-may-tinh-va-truyen-thong-du-lieu,A00,Điểm thi THPT,2023,25.4,Mạng máy tính và truyền thông dữ liệu
130180,QSC,mang-may-tinh-va-truyen-thong-du-lieu,A01,Điểm thi THPT,2023,25.4,Mạng máy tính và truyền thông dữ liệu
130181,QSC,mang-may-tinh-va-truyen-thong-du-lieu,D01,Điểm thi THPT,2023,25.4,Mạng máy tính và truyền thông dữ liệu
130182,QSC,mang-may-tinh-va-truyen-thong-du-lieu,D07,Điểm thi THPT,2023,25.4,Mạng máy tính và truyền thông dữ liệu
130183,QSC,mang-may-tinh-va-truyen-thong-du-lieu,A00,Điểm thi THPT,2024,25.7,Mạng máy tính và truyền thông dữ liệu
130184,QSC,mang-may-tinh-va-truyen-thong-du-lieu,A01,Điểm thi THPT,2024,25.7,Mạng máy tính và truyền thông dữ liệu
130185,QSC,mang-may-tinh-va-truyen-thong-du-lieu,D01,Điểm thi THPT,2024,25.7,Mạng máy tính và truyền thông dữ liệu
130186,QSC,mang-may-tinh-va-truyen-thong-du-lieu,D07,Điểm thi THPT,2024,25.7,Mạng máy tính và truyền thông dữ liệu
130187,QSC,mang-may-tinh-va-truyen-thong-du-lieu,A00,Điểm thi THPT,2025,24.0,Mạng máy tính và truyền thông dữ liệu
130188,QSC,mang-may-tinh-va-truyen-thong-du-lieu,A01,Điểm thi THPT,2025,24.0,Mạng máy tính và truyền thông dữ liệu
130189,QSC,mang-may-tinh-va-truyen-thong-du-lieu,D01,Điểm thi THPT,2025,24.0,Mạng máy tính và truyền thông dữ liệu
130190,QSC,mang-may-tinh-va-truyen-thong-du-lieu,D07,Điểm thi THPT,2025,24.0,Mạng máy tính và truyền thông dữ liệu
130191,QSC,mang-may-tinh-va-truyen-thong-du-lieu,X06,Điểm thi THPT,2025,24.0,Mạng máy tính và truyền thông dữ liệu
130192,QSC,mang-may-tinh-va-truyen-thong-du-lieu,X14,Điểm thi THPT,2025,24.0,Mạng máy tính và truyền thông dữ liệu
130193,QSC,mang-may-tinh-va-truyen-thong-du-lieu,X26,Điểm thi THPT,2025,24.0,Mạng máy tính và truyền thông dữ liệu
130194,QSC,thiet-ke-vi-mach,A00,Điểm thi THPT,2023,25.4,Kỹ thuật máy tính (Chuyên ngành thiết kế vi mạch)
130195,QSC,thiet-ke-vi-mach,A01,Điểm thi THPT,2023,25.4,Kỹ thuật máy tính (Chuyên ngành thiết kế vi mạch)
130196,QSC,thiet-ke-vi-mach,A00,Điểm thi THPT,2024,26.5,Thiết kế vi mạch
130197,QSC,thiet-ke-vi-mach,A01,Điểm thi THPT,2024,26.5,Thiết kế vi mạch
130198,QSC,thiet-ke-vi-mach,A00,Điểm thi THPT,2025,27.0,Thiết kế Vi mạch
130199,QSC,thiet-ke-vi-mach,A01,Điểm thi THPT,2025,27.0,Thiết kế Vi mạch
130200,QSC,thiet-ke-vi-mach,X06,Điểm thi THPT,2025,27.0,Thiết kế Vi mạch
130201,QSC,thiet-ke-vi-mach,X26,Điểm thi THPT,2025,27.0,Thiết kế Vi mạch
130202,QSC,thuong-mai-dien-tu,A00,Điểm thi THPT,2021,26.7,THƯƠNG MẠI ĐIỆN TỬ
130203,QSC,thuong-mai-dien-tu,A01,Điểm thi THPT,2021,26.7,THƯƠNG MẠI ĐIỆN TỬ
130204,QSC,thuong-mai-dien-tu,D01,Điểm thi THPT,2021,26.7,THƯƠNG MẠI ĐIỆN TỬ
130205,QSC,thuong-mai-dien-tu,D07,Điểm thi THPT,2021,26.7,THƯƠNG MẠI ĐIỆN TỬ
130206,QSC,thuong-mai-dien-tu,A00,Điểm thi THPT,2022,27.05,Thương mại điện tử
130207,QSC,thuong-mai-dien-tu,A01,Điểm thi THPT,2022,27.05,Thương mại điện tử
130208,QSC,thuong-mai-dien-tu,D01,Điểm thi THPT,2022,27.05,Thương mại điện tử
130209,QSC,thuong-mai-dien-tu,D07,Điểm thi THPT,2022,27.05,Thương mại điện tử
130210,QSC,thuong-mai-dien-tu,A00,Điểm thi THPT,2023,25.8,Thương mại điện tử
130211,QSC,thuong-mai-dien-tu,A01,Điểm thi THPT,2023,25.8,Thương mại điện tử
130212,QSC,thuong-mai-dien-tu,D01,Điểm thi THPT,2023,25.8,Thương mại điện tử
130213,QSC,thuong-mai-dien-tu,D07,Điểm thi THPT,2023,25.8,Thương mại điện tử
130214,QSC,thuong-mai-dien-tu,A00,Điểm thi THPT,2024,26.12,Thương mại điện tử
130215,QSC,thuong-mai-dien-tu,A01,Điểm thi THPT,2024,26.12,Thương mại điện tử
130216,QSC,thuong-mai-dien-tu,D01,Điểm thi THPT,2024,26.12,Thương mại điện tử
130217,QSC,thuong-mai-dien-tu,D07,Điểm thi THPT,2024,26.12,Thương mại điện tử
130218,QSC,thuong-mai-dien-tu,A00,Điểm thi THPT,2025,24.57,Thương mại điện tử
130219,QSC,thuong-mai-dien-tu,A01,Điểm thi THPT,2025,24.57,Thương mại điện tử
130220,QSC,thuong-mai-dien-tu,D01,Điểm thi THPT,2025,24.57,Thương mại điện tử
130221,QSC,thuong-mai-dien-tu,D07,Điểm thi THPT,2025,24.57,Thương mại điện tử
130222,QSC,thuong-mai-dien-tu,X06,Điểm thi THPT,2025,24.57,Thương mại điện tử
130223,QSC,thuong-mai-dien-tu,X26,Điểm thi THPT,2025,24.57,Thương mại điện tử
130224,QSC,tri-tue-nhan-tao,A00,Điểm thi THPT,2022,28.0,Trí tuệ nhân tạo
130225,QSC,tri-tue-nhan-tao,A01,Điểm thi THPT,2022,28.0,Trí tuệ nhân tạo
130226,QSC,tri-tue-nhan-tao,D01,Điểm thi THPT,2022,28.0,Trí tuệ nhân tạo
130227,QSC,tri-tue-nhan-tao,D07,Điểm thi THPT,2022,28.0,Trí tuệ nhân tạo
130228,QSC,tri-tue-nhan-tao,A00,Điểm thi THPT,2023,27.8,Trí tuệ nhân tạo
130229,QSC,tri-tue-nhan-tao,A01,Điểm thi THPT,2023,27.8,Trí tuệ nhân tạo
130230,QSC,tri-tue-nhan-tao,D01,Điểm thi THPT,2023,27.8,Trí tuệ nhân tạo
130231,QSC,tri-tue-nhan-tao,D07,Điểm thi THPT,2023,27.8,Trí tuệ nhân tạo
130232,QSC,tri-tue-nhan-tao,A00,Điểm thi THPT,2024,28.3,Trí tuệ nhân tạo
130233,QSC,tri-tue-nhan-tao,A01,Điểm thi THPT,2024,28.3,Trí tuệ nhân tạo
130234,QSC,tri-tue-nhan-tao,D01,Điểm thi THPT,2024,28.3,Trí tuệ nhân tạo
130235,QSC,tri-tue-nhan-tao,D07,Điểm thi THPT,2024,28.3,Trí tuệ nhân tạo
130236,QSC,tri-tue-nhan-tao,A00,Điểm thi THPT,2025,29.6,Trí tuệ nhân tạo
130237,QSC,tri-tue-nhan-tao,A01,Điểm thi THPT,2025,29.6,Trí tuệ nhân tạo
130238,QSC,tri-tue-nhan-tao,D01,Điểm thi THPT,2025,29.6,Trí tuệ nhân tạo
130239,QSC,tri-tue-nhan-tao,D07,Điểm thi THPT,2025,29.6,Trí tuệ nhân tạo
130240,QSC,tri-tue-nhan-tao,X06,Điểm thi THPT,2025,29.6,Trí tuệ nhân tạo
130241,QSC,tri-tue-nhan-tao,X26,Điểm thi THPT,2025,29.6,Trí tuệ nhân tạo
130242,QSC,truyen-thong-da-phuong-tien,A01,Điểm thi THPT,2025,25.0,Truyền thông Đa phương tiện
130243,QSC,truyen-thong-da-phuong-tien,D01,Điểm thi THPT,2025,25.0,Truyền thông Đa phương tiện
130244,QSC,truyen-thong-da-phuong-tien,D07,Điểm thi THPT,2025,25.0,Truyền thông Đa phương tiện
130245,QSC,truyen-thong-da-phuong-tien,D09,Điểm thi THPT,2025,25.0,Truyền thông Đa phương tiện
130246,QSC,truyen-thong-da-phuong-tien,D10,Điểm thi THPT,2025,25.0,Truyền thông Đa phương tiện
130247,QSC,truyen-thong-da-phuong-tien,X26,Điểm thi THPT,2025,25.0,Truyền thông Đa phương tiện
130248,QSK,cong-nghe-tai-chinh,A00,Điểm thi THPT,2021,25.6,Công nghệ tài chính
130249,QSK,cong-nghe-tai-chinh,A01,Điểm thi THPT,2021,25.6,Công nghệ tài chính
130250,QSK,cong-nghe-tai-chinh,D01,Điểm thi THPT,2021,25.6,Công nghệ tài chính
130251,QSK,cong-nghe-tai-chinh,D07,Điểm thi THPT,2021,25.6,Công nghệ tài chính
130252,QSK,cong-nghe-tai-chinh,A00,Điểm thi THPT,2022,26.65,Công nghệ tài chính
130253,QSK,cong-nghe-tai-chinh,A01,Điểm thi THPT,2022,26.65,Công nghệ tài chính
130254,QSK,cong-nghe-tai-chinh,D01,Điểm thi THPT,2022,26.65,Công nghệ tài chính
130255,QSK,cong-nghe-tai-chinh,D07,Điểm thi THPT,2022,26.65,Công nghệ tài chính
130256,QSK,cong-nghe-tai-chinh,A00,Điểm học bạ,2023,27.4,Công nghệ tài chính
130257,QSK,cong-nghe-tai-chinh,A01,Điểm học bạ,2023,27.4,Công nghệ tài chính
130258,QSK,cong-nghe-tai-chinh,D01,Điểm học bạ,2023,27.4,Công nghệ tài chính
130259,QSK,cong-nghe-tai-chinh,D07,Điểm học bạ,2023,27.4,Công nghệ tài chính
130260,QSK,cong-nghe-tai-chinh,A00,Điểm thi THPT,2023,26.23,Công nghệ tài chính
130261,QSK,cong-nghe-tai-chinh,A01,Điểm thi THPT,2023,26.23,Công nghệ tài chính
130262,QSK,cong-nghe-tai-chinh,D01,Điểm thi THPT,2023,26.23,Công nghệ tài chính
130263,QSK,cong-nghe-tai-chinh,D07,Điểm thi THPT,2023,26.23,Công nghệ tài chính
130264,QSK,cong-nghe-tai-chinh,A00,Điểm thi THPT,2024,26.54,Công nghệ tài chính
130265,QSK,cong-nghe-tai-chinh,A01,Điểm thi THPT,2024,26.54,Công nghệ tài chính
130266,QSK,cong-nghe-tai-chinh,D01,Điểm thi THPT,2024,26.54,Công nghệ tài chính
130267,QSK,cong-nghe-tai-chinh,D07,Điểm thi THPT,2024,26.54,Công nghệ tài chính
130268,QSK,cong-nghe-tai-chinh,A00,Điểm thi THPT,2025,26.55,Công nghệ tài chính
130269,QSK,cong-nghe-tai-chinh,A01,Điểm thi THPT,2025,26.55,Công nghệ tài chính
130270,QSK,cong-nghe-tai-chinh,D01,Điểm thi THPT,2025,25.75,Công nghệ tài chính
130271,QSK,cong-nghe-tai-chinh,D07,Điểm thi THPT,2025,25.75,Công nghệ tài chính
130272,QSK,cong-nghe-tai-chinh,X25,Điểm thi THPT,2025,25.75,Công nghệ tài chính
130273,QSK,cong-nghe-tai-chinh,X26,Điểm thi THPT,2025,25.75,Công nghệ tài chính
130274,QSK,cong-nghe-tai-chinh-chat-luong-cao,A00,Điểm thi THPT,2021,26.4,Công nghệ tài chính Chất lượng cao
130275,QSK,cong-nghe-tai-chinh-chat-luong-cao,A01,Điểm thi THPT,2021,26.4,Công nghệ tài chính Chất lượng cao
130276,QSK,cong-nghe-tai-chinh-chat-luong-cao,D01,Điểm thi THPT,2021,26.4,Công nghệ tài chính Chất lượng cao
130277,QSK,cong-nghe-tai-chinh-chat-luong-cao,D07,Điểm thi THPT,2021,26.4,Công nghệ tài chính Chất lượng cao
130278,QSK,cong-nghe-tai-chinh-chat-luong-cao,A00,Điểm thi THPT,2022,26.1,Công nghệ tài chính Chất lượng cao
130279,QSK,cong-nghe-tai-chinh-chat-luong-cao,A01,Điểm thi THPT,2022,26.1,Công nghệ tài chính Chất lượng cao
130280,QSK,cong-nghe-tai-chinh-chat-luong-cao,D01,Điểm thi THPT,2022,26.1,Công nghệ tài chính Chất lượng cao
130281,QSK,cong-nghe-tai-chinh-chat-luong-cao,D07,Điểm thi THPT,2022,26.1,Công nghệ tài chính Chất lượng cao
130282,QSK,digital-marketing,A00,Điểm thi THPT,2023,27.25,Marketing (Chuyên ngành Digital Marketing )
130283,QSK,digital-marketing,A01,Điểm thi THPT,2023,27.25,Marketing (Chuyên ngành Digital Marketing )
130284,QSK,digital-marketing,D01,Điểm thi THPT,2023,27.25,Marketing (Chuyên ngành Digital Marketing )
130285,QSK,digital-marketing,D07,Điểm thi THPT,2023,27.25,Marketing (Chuyên ngành Digital Marketing )
130286,QSK,digital-marketing,A00,Điểm thi THPT,2024,27.1,Marketing (Chuyên ngành Digital Marketing)
130287,QSK,digital-marketing,A01,Điểm thi THPT,2024,27.1,Marketing (Chuyên ngành Digital Marketing)
130288,QSK,digital-marketing,D01,Điểm thi THPT,2024,27.1,Marketing (Chuyên ngành Digital Marketing)
130289,QSK,digital-marketing,D07,Điểm thi THPT,2024,27.1,Marketing (Chuyên ngành Digital Marketing)
130290,QSK,digital-marketing,A00,Điểm thi THPT,2025,27.54,Marketing (Chuyên ngành Digital Marketing)
130291,QSK,digital-marketing,A01,Điểm thi THPT,2025,27.54,Marketing (Chuyên ngành Digital Marketing)
130292,QSK,digital-marketing,D01,Điểm thi THPT,2025,26.5,Marketing (Chuyên ngành Digital Marketing)
130293,QSK,digital-marketing,D07,Điểm thi THPT,2025,26.5,Marketing (Chuyên ngành Digital Marketing)
130294,QSK,digital-marketing,X25,Điểm thi THPT,2025,26.5,Marketing (Chuyên ngành Digital Marketing)
130295,QSK,digital-marketing,X26,Điểm thi THPT,2025,26.5,Marketing (Chuyên ngành Digital Marketing)
130296,QSK,he-thong-thong-tin-quan-ly,A00,Điểm thi THPT,2021,26.95,Hệ thống thông tin quản lý
130297,QSK,he-thong-thong-tin-quan-ly,A01,Điểm thi THPT,2021,26.95,Hệ thống thông tin quản lý
130298,QSK,he-thong-thong-tin-quan-ly,D01,Điểm thi THPT,2021,26.95,Hệ thống thông tin quản lý
130299,QSK,he-thong-thong-tin-quan-ly,D07,Điểm thi THPT,2021,26.95,Hệ thống thông tin quản lý
130300,QSK,he-thong-thong-tin-quan-ly,A00,Điểm thi THPT,2022,26.85,Hệ thống thông tin quản lý
130301,QSK,he-thong-thong-tin-quan-ly,A01,Điểm thi THPT,2022,26.85,Hệ thống thông tin quản lý
130302,QSK,he-thong-thong-tin-quan-ly,D01,Điểm thi THPT,2022,26.85,Hệ thống thông tin quản lý
130303,QSK,he-thong-thong-tin-quan-ly,D07,Điểm thi THPT,2022,26.85,Hệ thống thông tin quản lý
130304,QSK,he-thong-thong-tin-quan-ly,A00,Điểm học bạ,2023,27.0,Hệ thống thông tin quản lý
130305,QSK,he-thong-thong-tin-quan-ly,A01,Điểm học bạ,2023,27.0,Hệ thống thông tin quản lý
130306,QSK,he-thong-thong-tin-quan-ly,D01,Điểm học bạ,2023,27.0,Hệ thống thông tin quản lý
130307,QSK,he-thong-thong-tin-quan-ly,D07,Điểm học bạ,2023,27.0,Hệ thống thông tin quản lý
130308,QSK,he-thong-thong-tin-quan-ly,A00,Điểm thi THPT,2023,27.06,Hệ thống thông tin quản lý (Chuyên ngành Hệ thông thông tin quản lý)
130309,QSK,he-thong-thong-tin-quan-ly,A01,Điểm thi THPT,2023,27.06,Hệ thống thông tin quản lý (Chuyên ngành Hệ thông thông tin quản lý)
130310,QSK,he-thong-thong-tin-quan-ly,D01,Điểm thi THPT,2023,27.06,Hệ thống thông tin quản lý (Chuyên ngành Hệ thông thông tin quản lý)
130311,QSK,he-thong-thong-tin-quan-ly,D07,Điểm thi THPT,2023,27.06,Hệ thống thông tin quản lý (Chuyên ngành Hệ thông thông tin quản lý)
130312,QSK,he-thong-thong-tin-quan-ly,A00,Điểm thi THPT,2024,26.35,Hệ thống thông tin quản lý (Chuyên ngành Hệ thông thông tin quản lý)
130313,QSK,he-thong-thong-tin-quan-ly,A01,Điểm thi THPT,2024,26.35,Hệ thống thông tin quản lý (Chuyên ngành Hệ thông thông tin quản lý)
130314,QSK,he-thong-thong-tin-quan-ly,D01,Điểm thi THPT,2024,26.35,Hệ thống thông tin quản lý (Chuyên ngành Hệ thông thông tin quản lý)
130315,QSK,he-thong-thong-tin-quan-ly,D07,Điểm thi THPT,2024,26.35,Hệ thống thông tin quản lý (Chuyên ngành Hệ thông thông tin quản lý)
130316,QSK,he-thong-thong-tin-quan-ly,A00,Điểm thi THPT,2025,26.51,Hệ thống thông tin quản lý (Chuyên ngành Hệ thống thông tin quản lý)
130317,QSK,he-thong-thong-tin-quan-ly,A01,Điểm thi THPT,2025,26.51,Hệ thống thông tin quản lý (Chuyên ngành Hệ thống thông tin quản lý)
130318,QSK,he-thong-thong-tin-quan-ly,D01,Điểm thi THPT,2025,25.75,Hệ thống thông tin quản lý (Chuyên ngành Hệ thống thông tin quản lý)
130319,QSK,he-thong-thong-tin-quan-ly,D07,Điểm thi THPT,2025,25.75,Hệ thống thông tin quản lý (Chuyên ngành Hệ thống thông tin quản lý)
130320,QSK,he-thong-thong-tin-quan-ly,X25,Điểm thi THPT,2025,25.75,Hệ thống thông tin quản lý (Chuyên ngành Hệ thống thông tin quản lý)
130321,QSK,he-thong-thong-tin-quan-ly,X26,Điểm thi THPT,2025,25.75,Hệ thống thông tin quản lý (Chuyên ngành Hệ thống thông tin quản lý)
130322,QSK,he-thong-thong-tin-quan-ly-chat-luong-cao,A00,Điểm thi THPT,2021,26.6,Hệ thống thông tin quản lý chất lượng cao
130323,QSK,he-thong-thong-tin-quan-ly-chat-luong-cao,A01,Điểm thi THPT,2021,26.6,Hệ thống thông tin quản lý chất lượng cao
130324,QSK,he-thong-thong-tin-quan-ly-chat-luong-cao,D01,Điểm thi THPT,2021,26.6,Hệ thống thông tin quản lý chất lượng cao
130325,QSK,he-thong-thong-tin-quan-ly-chat-luong-cao,D07,Điểm thi THPT,2021,26.6,Hệ thống thông tin quản lý chất lượng cao
130326,QSK,he-thong-thong-tin-quan-ly-chat-luong-cao,A00,Điểm thi THPT,2022,26.2,Hệ thống thông tin quản lý chất lượng cao
130327,QSK,he-thong-thong-tin-quan-ly-chat-luong-cao,A01,Điểm thi THPT,2022,26.2,Hệ thống thông tin quản lý chất lượng cao
130328,QSK,he-thong-thong-tin-quan-ly-chat-luong-cao,D01,Điểm thi THPT,2022,26.2,Hệ thống thông tin quản lý chất lượng cao
130329,QSK,he-thong-thong-tin-quan-ly-chat-luong-cao,D07,Điểm thi THPT,2022,26.2,Hệ thống thông tin quản lý chất lượng cao
130330,QSK,ke-toan,A00,Điểm thi THPT,2021,26.45,kế toán
130331,QSK,ke-toan,A01,Điểm thi THPT,2021,26.45,kế toán
130332,QSK,ke-toan,D01,Điểm thi THPT,2021,26.45,kế toán
130333,QSK,ke-toan,D07,Điểm thi THPT,2021,26.45,kế toán
130334,QSK,ke-toan,A00,Điểm thi THPT,2022,26.2,kế toán
130335,QSK,ke-toan,A01,Điểm thi THPT,2022,26.2,kế toán
130336,QSK,ke-toan,D01,Điểm thi THPT,2022,26.2,kế toán
130337,QSK,ke-toan,D07,Điểm thi THPT,2022,26.2,kế toán
130338,QSK,ke-toan,A00,Điểm học bạ,2023,27.8,Kế toán
130339,QSK,ke-toan,A01,Điểm học bạ,2023,27.8,Kế toán
130340,QSK,ke-toan,D01,Điểm học bạ,2023,27.8,Kế toán
130341,QSK,ke-toan,D07,Điểm học bạ,2023,27.8,Kế toán
130342,QSK,ke-toan,A00,Điểm thi THPT,2023,25.28,Kế toán
130343,QSK,ke-toan,A01,Điểm thi THPT,2023,25.28,Kế toán
130344,QSK,ke-toan,D01,Điểm thi THPT,2023,25.28,Kế toán
130345,QSK,ke-toan,D07,Điểm thi THPT,2023,25.28,Kế toán
130346,QSK,ke-toan,A00,Điểm thi THPT,2024,26.17,Kế toán
130347,QSK,ke-toan,A01,Điểm thi THPT,2024,26.17,Kế toán
130348,QSK,ke-toan,D01,Điểm thi THPT,2024,26.17,Kế toán
130349,QSK,ke-toan,D07,Điểm thi THPT,2024,26.17,Kế toán
130350,QSK,ke-toan,A00,Điểm thi THPT,2025,25.85,Kế toán
130351,QSK,ke-toan,A01,Điểm thi THPT,2025,25.85,Kế toán
130352,QSK,ke-toan,D01,Điểm thi THPT,2025,25.25,Kế toán
130353,QSK,ke-toan,D07,Điểm thi THPT,2025,25.25,Kế toán
130354,QSK,ke-toan,X25,Điểm thi THPT,2025,25.25,Kế toán
130355,QSK,ke-toan,X26,Điểm thi THPT,2025,25.25,Kế toán
130356,QSK,ke-toan-chat-luong-cao,A00,Điểm thi THPT,2021,25.85,kế toán Chất lượng cao
130357,QSK,ke-toan-chat-luong-cao,A01,Điểm thi THPT,2021,25.85,kế toán Chất lượng cao
130358,QSK,ke-toan-chat-luong-cao,D01,Điểm thi THPT,2021,25.85,kế toán Chất lượng cao
130359,QSK,ke-toan-chat-luong-cao,D07,Điểm thi THPT,2021,25.85,kế toán Chất lượng cao
130360,QSK,ke-toan-chat-luong-cao,A00,Điểm thi THPT,2022,25.85,kế toán Chất lượng cao
130361,QSK,ke-toan-chat-luong-cao,A01,Điểm thi THPT,2022,25.85,kế toán Chất lượng cao
130362,QSK,ke-toan-chat-luong-cao,D01,Điểm thi THPT,2022,25.85,kế toán Chất lượng cao
130363,QSK,ke-toan-chat-luong-cao,D07,Điểm thi THPT,2022,25.85,kế toán Chất lượng cao
130364,QSK,ke-toan-chat-luong-cao-bang-tieng-anh,A00,Điểm thi THPT,2021,24.8,kế toán Chất lượng cao bằng tiếng Anh (Tích hợp chứng chỉ CFAB của Hiệp hội ICAEW)
130365,QSK,ke-toan-chat-luong-cao-bang-tieng-anh,A01,Điểm thi THPT,2021,24.8,kế toán Chất lượng cao bằng tiếng Anh (Tích hợp chứng chỉ CFAB của Hiệp hội ICAEW)
130366,QSK,ke-toan-chat-luong-cao-bang-tieng-anh,D01,Điểm thi THPT,2021,24.8,kế toán Chất lượng cao bằng tiếng Anh (Tích hợp chứng chỉ CFAB của Hiệp hội ICAEW)
130367,QSK,ke-toan-chat-luong-cao-bang-tieng-anh,D07,Điểm thi THPT,2021,24.8,kế toán Chất lượng cao bằng tiếng Anh (Tích hợp chứng chỉ CFAB của Hiệp hội ICAEW)
130368,QSK,ke-toan-chat-luong-cao-bang-tieng-anh,A00,Điểm thi THPT,2022,25.0,kế toán Chất lượng cao bằng tiếng Anh (Tích hợp chứng chỉ CFAB của Hiệp hội ICAEW)
130369,QSK,ke-toan-chat-luong-cao-bang-tieng-anh,A01,Điểm thi THPT,2022,25.0,kế toán Chất lượng cao bằng tiếng Anh (Tích hợp chứng chỉ CFAB của Hiệp hội ICAEW)
130370,QSK,ke-toan-chat-luong-cao-bang-tieng-anh,D01,Điểm thi THPT,2022,25.0,kế toán Chất lượng cao bằng tiếng Anh (Tích hợp chứng chỉ CFAB của Hiệp hội ICAEW)
130371,QSK,ke-toan-chat-luong-cao-bang-tieng-anh,D07,Điểm thi THPT,2022,25.0,kế toán Chất lượng cao bằng tiếng Anh (Tích hợp chứng chỉ CFAB của Hiệp hội ICAEW)
130372,QSK,ke-toan-chat-luong-cao-bang-tieng-anh,A00,Điểm học bạ,2023,25.5,Kế toán Chất lượng cao bằng tiếng Anh (Tích hợp chứng chỉ CFAB của Hiệp hội ICAEW)
130373,QSK,ke-toan-chat-luong-cao-bang-tieng-anh,A01,Điểm học bạ,2023,25.5,Kế toán Chất lượng cao bằng tiếng Anh (Tích hợp chứng chỉ CFAB của Hiệp hội ICAEW)
130374,QSK,ke-toan-chat-luong-cao-bang-tieng-anh,D01,Điểm học bạ,2023,25.5,Kế toán Chất lượng cao bằng tiếng Anh (Tích hợp chứng chỉ CFAB của Hiệp hội ICAEW)
130375,QSK,ke-toan-chat-luong-cao-bang-tieng-anh,D07,Điểm học bạ,2023,25.5,Kế toán Chất lượng cao bằng tiếng Anh (Tích hợp chứng chỉ CFAB của Hiệp hội ICAEW)
130376,QSK,kiem-toan,A00,Điểm thi THPT,2021,26.85,kiểm toán
130377,QSK,kiem-toan,A01,Điểm thi THPT,2021,26.85,kiểm toán
130378,QSK,kiem-toan,D01,Điểm thi THPT,2021,26.85,kiểm toán
130379,QSK,kiem-toan,D07,Điểm thi THPT,2021,26.85,kiểm toán
130380,QSK,kiem-toan,A00,Điểm thi THPT,2022,26.6,kiểm toán
130381,QSK,kiem-toan,A01,Điểm thi THPT,2022,26.6,kiểm toán
130382,QSK,kiem-toan,D01,Điểm thi THPT,2022,26.6,kiểm toán
130383,QSK,kiem-toan,D07,Điểm thi THPT,2022,26.6,kiểm toán
130384,QSK,kiem-toan,A00,Điểm học bạ,2023,28.2,Kiểm toán
130385,QSK,kiem-toan,A01,Điểm học bạ,2023,28.2,Kiểm toán
130386,QSK,kiem-toan,D01,Điểm học bạ,2023,28.2,Kiểm toán
130387,QSK,kiem-toan,D07,Điểm học bạ,2023,28.2,Kiểm toán
130388,QSK,kiem-toan,A00,Điểm thi THPT,2023,26.17,Kiểm toán
130389,QSK,kiem-toan,A01,Điểm thi THPT,2023,26.17,Kiểm toán
130390,QSK,kiem-toan,D01,Điểm thi THPT,2023,26.17,Kiểm toán
130391,QSK,kiem-toan,D07,Điểm thi THPT,2023,26.17,Kiểm toán
130392,QSK,kiem-toan,A00,Điểm thi THPT,2024,26.38,Kiểm toán
130393,QSK,kiem-toan,A01,Điểm thi THPT,2024,26.38,Kiểm toán
130394,QSK,kiem-toan,D01,Điểm thi THPT,2024,26.38,Kiểm toán
130395,QSK,kiem-toan,D07,Điểm thi THPT,2024,26.38,Kiểm toán
130396,QSK,kiem-toan,A00,Điểm thi THPT,2025,26.6,Kiểm toán
130397,QSK,kiem-toan,A01,Điểm thi THPT,2025,26.6,Kiểm toán
130398,QSK,kiem-toan,D01,Điểm thi THPT,2025,25.75,Kiểm toán
130399,QSK,kiem-toan,D07,Điểm thi THPT,2025,25.75,Kiểm toán
130400,QSK,kiem-toan,X25,Điểm thi THPT,2025,25.75,Kiểm toán
130401,QSK,kiem-toan,X26,Điểm thi THPT,2025,25.75,Kiểm toán
130402,QSK,kiem-toan-chat-luong-cao,A00,Điểm thi THPT,2021,26.1,Kiểm toán Chất lượng cao
130403,QSK,kiem-toan-chat-luong-cao,A01,Điểm thi THPT,2021,26.1,Kiểm toán Chất lượng cao
130404,QSK,kiem-toan-chat-luong-cao,D01,Điểm thi THPT,2021,26.1,Kiểm toán Chất lượng cao
130405,QSK,kiem-toan-chat-luong-cao,D07,Điểm thi THPT,2021,26.1,Kiểm toán Chất lượng cao
130406,QSK,kiem-toan-chat-luong-cao,A00,Điểm thi THPT,2022,26.45,Kiểm toán Chất lượng cao
130407,QSK,kiem-toan-chat-luong-cao,A01,Điểm thi THPT,2022,26.45,Kiểm toán Chất lượng cao
130408,QSK,kiem-toan-chat-luong-cao,D01,Điểm thi THPT,2022,26.45,Kiểm toán Chất lượng cao
130409,QSK,kiem-toan-chat-luong-cao,D07,Điểm thi THPT,2022,26.45,Kiểm toán Chất lượng cao
130410,QSK,kinh-doanh-quoc-te,A00,Điểm thi THPT,2021,27.65,Kinh doanh quốc tế
130411,QSK,kinh-doanh-quoc-te,A01,Điểm thi THPT,2021,27.65,Kinh doanh quốc tế
130412,QSK,kinh-doanh-quoc-te,D01,Điểm thi THPT,2021,27.65,Kinh doanh quốc tế
130413,QSK,kinh-doanh-quoc-te,D07,Điểm thi THPT,2021,27.65,Kinh doanh quốc tế
130414,QSK,kinh-doanh-quoc-te,A00,Điểm thi THPT,2022,27.15,Kinh doanh quốc tế
130415,QSK,kinh-doanh-quoc-te,A01,Điểm thi THPT,2022,27.15,Kinh doanh quốc tế
130416,QSK,kinh-doanh-quoc-te,D01,Điểm thi THPT,2022,27.15,Kinh doanh quốc tế
130417,QSK,kinh-doanh-quoc-te,D07,Điểm thi THPT,2022,27.15,Kinh doanh quốc tế
130418,QSK,kinh-doanh-quoc-te,A00,Điểm học bạ,2023,28.9,Kinh doanh quốc tế
130419,QSK,kinh-doanh-quoc-te,A01,Điểm học bạ,2023,28.9,Kinh doanh quốc tế
130420,QSK,kinh-doanh-quoc-te,D01,Điểm học bạ,2023,28.9,Kinh doanh quốc tế
130421,QSK,kinh-doanh-quoc-te,D07,Điểm học bạ,2023,28.9,Kinh doanh quốc tế
130422,QSK,kinh-doanh-quoc-te,A00,Điểm thi THPT,2023,26.52,Kinh doanh quốc tế
130423,QSK,kinh-doanh-quoc-te,A01,Điểm thi THPT,2023,26.52,Kinh doanh quốc tế
130424,QSK,kinh-doanh-quoc-te,D01,Điểm thi THPT,2023,26.52,Kinh doanh quốc tế
130425,QSK,kinh-doanh-quoc-te,D07,Điểm thi THPT,2023,26.52,Kinh doanh quốc tế
130426,QSK,kinh-doanh-quoc-te,A00,Điểm thi THPT,2024,26.71,Kinh doanh quốc tế
130427,QSK,kinh-doanh-quoc-te,A01,Điểm thi THPT,2024,26.71,Kinh doanh quốc tế
130428,QSK,kinh-doanh-quoc-te,D01,Điểm thi THPT,2024,26.71,Kinh doanh quốc tế
130429,QSK,kinh-doanh-quoc-te,D07,Điểm thi THPT,2024,26.71,Kinh doanh quốc tế
130430,QSK,kinh-doanh-quoc-te,A00,Điểm thi THPT,2025,27.84,Kinh doanh quốc tế
130431,QSK,kinh-doanh-quoc-te,A01,Điểm thi THPT,2025,27.84,Kinh doanh quốc tế
130432,QSK,kinh-doanh-quoc-te,D01,Điểm thi THPT,2025,26.79,Kinh doanh quốc tế
130433,QSK,kinh-doanh-quoc-te,D07,Điểm thi THPT,2025,26.79,Kinh doanh quốc tế
130434,QSK,kinh-doanh-quoc-te,X25,Điểm thi THPT,2025,26.79,Kinh doanh quốc tế
130435,QSK,kinh-doanh-quoc-te,X26,Điểm thi THPT,2025,26.79,Kinh doanh quốc tế
130436,QSK,kinh-doanh-quoc-te-chat-luong-cao,A00,Điểm thi THPT,2021,27.05,Kinh doanh quốc tế Chất lượng cao
130437,QSK,kinh-doanh-quoc-te-chat-luong-cao,A01,Điểm thi THPT,2021,27.05,Kinh doanh quốc tế Chất lượng cao
130438,QSK,kinh-doanh-quoc-te-chat-luong-cao,D01,Điểm thi THPT,2021,27.05,Kinh doanh quốc tế Chất lượng cao
130439,QSK,kinh-doanh-quoc-te-chat-luong-cao,D07,Điểm thi THPT,2021,27.05,Kinh doanh quốc tế Chất lượng cao
130440,QSK,kinh-doanh-quoc-te-chat-luong-cao,A00,Điểm thi THPT,2022,26.85,Kinh doanh quốc tế Chất lượng cao
130441,QSK,kinh-doanh-quoc-te-chat-luong-cao,A01,Điểm thi THPT,2022,26.85,Kinh doanh quốc tế Chất lượng cao
130442,QSK,kinh-doanh-quoc-te-chat-luong-cao,D01,Điểm thi THPT,2022,26.85,Kinh doanh quốc tế Chất lượng cao
130443,QSK,kinh-doanh-quoc-te-chat-luong-cao,D07,Điểm thi THPT,2022,26.85,Kinh doanh quốc tế Chất lượng cao
130444,QSK,kinh-doanh-quoc-te-chat-luong-cao-bang-tieng-anh,A00,Điểm thi THPT,2021,26.7,Kinh doanh quốc tế Chất lượng cao bằng tiếng Anh
130445,QSK,kinh-doanh-quoc-te-chat-luong-cao-bang-tieng-anh,A01,Điểm thi THPT,2021,26.7,Kinh doanh quốc tế Chất lượng cao bằng tiếng Anh
130446,QSK,kinh-doanh-quoc-te-chat-luong-cao-bang-tieng-anh,D01,Điểm thi THPT,2021,26.7,Kinh doanh quốc tế Chất lượng cao bằng tiếng Anh
130447,QSK,kinh-doanh-quoc-te-chat-luong-cao-bang-tieng-anh,D07,Điểm thi THPT,2021,26.7,Kinh doanh quốc tế Chất lượng cao bằng tiếng Anh
130448,QSK,kinh-doanh-quoc-te-chat-luong-cao-bang-tieng-anh,A00,Điểm thi THPT,2022,25.95,Kinh doanh quốc tế Chất lượng cao bằng tiếng Anh
130449,QSK,kinh-doanh-quoc-te-chat-luong-cao-bang-tieng-anh,A01,Điểm thi THPT,2022,25.95,Kinh doanh quốc tế Chất lượng cao bằng tiếng Anh
130450,QSK,kinh-doanh-quoc-te-chat-luong-cao-bang-tieng-anh,D01,Điểm thi THPT,2022,25.95,Kinh doanh quốc tế Chất lượng cao bằng tiếng Anh
130451,QSK,kinh-doanh-quoc-te-chat-luong-cao-bang-tieng-anh,D07,Điểm thi THPT,2022,25.95,Kinh doanh quốc tế Chất lượng cao bằng tiếng Anh
130452,QSK,kinh-doanh-quoc-te-chat-luong-cao-bang-tieng-anh,A00,Điểm học bạ,2023,27.2,Kinh doanh quốc tế Chất lượng cao bằng tiếng Anh
130453,QSK,kinh-doanh-quoc-te-chat-luong-cao-bang-tieng-anh,A01,Điểm học bạ,2023,27.2,Kinh doanh quốc tế Chất lượng cao bằng tiếng Anh
130454,QSK,kinh-doanh-quoc-te-chat-luong-cao-bang-tieng-anh,D01,Điểm học bạ,2023,27.2,Kinh doanh quốc tế Chất lượng cao bằng tiếng Anh
130455,QSK,kinh-doanh-quoc-te-chat-luong-cao-bang-tieng-anh,D07,Điểm học bạ,2023,27.2,Kinh doanh quốc tế Chất lượng cao bằng tiếng Anh
130456,QSK,kinh-doanh-so-va-tri-tue-nhan-tao,A00,Điểm thi THPT,2023,26.38,Hệ thống thông tin quản lý (Chuyên ngành Kinh doanh số và Trí tuệ nhân tạo)
130457,QSK,kinh-doanh-so-va-tri-tue-nhan-tao,A01,Điểm thi THPT,2023,26.38,Hệ thống thông tin quản lý (Chuyên ngành Kinh doanh số và Trí tuệ nhân tạo)
130458,QSK,kinh-doanh-so-va-tri-tue-nhan-tao,D01,Điểm thi THPT,2023,26.38,Hệ thống thông tin quản lý (Chuyên ngành Kinh doanh số và Trí tuệ nhân tạo)
130459,QSK,kinh-doanh-so-va-tri-tue-nhan-tao,D07,Điểm thi THPT,2023,26.38,Hệ thống thông tin quản lý (Chuyên ngành Kinh doanh số và Trí tuệ nhân tạo)
130460,QSK,kinh-doanh-so-va-tri-tue-nhan-tao,A00,Điểm thi THPT,2024,26.4,Hệ thống thông tin quản lý (Chuyên ngành Kinh doanh số và Trí tuệ nhân tạo)
130461,QSK,kinh-doanh-so-va-tri-tue-nhan-tao,A01,Điểm thi THPT,2024,26.4,Hệ thống thông tin quản lý (Chuyên ngành Kinh doanh số và Trí tuệ nhân tạo)
130462,QSK,kinh-doanh-so-va-tri-tue-nhan-tao,D01,Điểm thi THPT,2024,26.4,Hệ thống thông tin quản lý (Chuyên ngành Kinh doanh số và Trí tuệ nhân tạo)
130463,QSK,kinh-doanh-so-va-tri-tue-nhan-tao,D07,Điểm thi THPT,2024,26.4,Hệ thống thông tin quản lý (Chuyên ngành Kinh doanh số và Trí tuệ nhân tạo)
130464,QSK,kinh-doanh-so-va-tri-tue-nhan-tao,A00,Điểm thi THPT,2025,26.33,Hệ thống thông tin quản lý (Chuyên ngành Kinh doanh số và Trí tuệ nhân tạo)
130465,QSK,kinh-doanh-so-va-tri-tue-nhan-tao,A01,Điểm thi THPT,2025,26.33,Hệ thống thông tin quản lý (Chuyên ngành Kinh doanh số và Trí tuệ nhân tạo)
130466,QSK,kinh-doanh-so-va-tri-tue-nhan-tao,D01,Điểm thi THPT,2025,25.5,Hệ thống thông tin quản lý (Chuyên ngành Kinh doanh số và Trí tuệ nhân tạo)
130467,QSK,kinh-doanh-so-va-tri-tue-nhan-tao,D07,Điểm thi THPT,2025,25.5,Hệ thống thông tin quản lý (Chuyên ngành Kinh doanh số và Trí tuệ nhân tạo)
130468,QSK,kinh-doanh-so-va-tri-tue-nhan-tao,X25,Điểm thi THPT,2025,25.5,Hệ thống thông tin quản lý (Chuyên ngành Kinh doanh số và Trí tuệ nhân tạo)
130469,QSK,kinh-doanh-so-va-tri-tue-nhan-tao,X26,Điểm thi THPT,2025,25.5,Hệ thống thông tin quản lý (Chuyên ngành Kinh doanh số và Trí tuệ nhân tạo)
130470,QSK,kinh-te,A00,Điểm thi THPT,2021,26.45,Kinh tế (Kinh tế học)
130471,QSK,kinh-te,A01,Điểm thi THPT,2021,26.45,Kinh tế (Kinh tế học)
130472,QSK,kinh-te,D01,Điểm thi THPT,2021,26.45,Kinh tế (Kinh tế học)
130473,QSK,kinh-te,D07,Điểm thi THPT,2021,26.45,Kinh tế (Kinh tế học)
130474,QSK,kinh-te,A00,Điểm thi THPT,2022,26.15,Kinh tế (Kinh tế học)
130475,QSK,kinh-te,A01,Điểm thi THPT,2022,26.15,Kinh tế (Kinh tế học)
130476,QSK,kinh-te,D01,Điểm thi THPT,2022,26.15,Kinh tế (Kinh tế học)
130477,QSK,kinh-te,D07,Điểm thi THPT,2022,26.15,Kinh tế (Kinh tế học)
130478,QSK,kinh-te,A00,Điểm học bạ,2023,27.3,Kinh tế (Kinh tế học)
130479,QSK,kinh-te,A01,Điểm học bạ,2023,27.3,Kinh tế (Kinh tế học)
130480,QSK,kinh-te,D01,Điểm học bạ,2023,27.3,Kinh tế (Kinh tế học)
130481,QSK,kinh-te,D07,Điểm học bạ,2023,27.3,Kinh tế (Kinh tế học)
130482,QSK,kinh-te-chat-luong-cao,A00,Điểm thi THPT,2021,26.1,kinh tế (Kinh tế học) Chất lượng cao
130483,QSK,kinh-te-chat-luong-cao,A01,Điểm thi THPT,2021,26.1,kinh tế (Kinh tế học) Chất lượng cao
130484,QSK,kinh-te-chat-luong-cao,D01,Điểm thi THPT,2021,26.1,kinh tế (Kinh tế học) Chất lượng cao
130485,QSK,kinh-te-chat-luong-cao,D07,Điểm thi THPT,2021,26.1,kinh tế (Kinh tế học) Chất lượng cao
130486,QSK,kinh-te-chat-luong-cao,A00,Điểm thi THPT,2022,25.45,kinh tế (Kinh tế học) Chất lượng cao
130487,QSK,kinh-te-chat-luong-cao,A01,Điểm thi THPT,2022,25.45,kinh tế (Kinh tế học) Chất lượng cao
130488,QSK,kinh-te-chat-luong-cao,D01,Điểm thi THPT,2022,25.45,kinh tế (Kinh tế học) Chất lượng cao
130489,QSK,kinh-te-chat-luong-cao,D07,Điểm thi THPT,2022,25.45,kinh tế (Kinh tế học) Chất lượng cao
130490,QSK,kinh-te-doi-ngoai,A00,Điểm thi THPT,2023,26.41,Kinh tế quốc tế (Chuyên ngành Kinh tế đối ngoại)
130491,QSK,kinh-te-doi-ngoai,A01,Điểm thi THPT,2023,26.41,Kinh tế quốc tế (Chuyên ngành Kinh tế đối ngoại)
130492,QSK,kinh-te-doi-ngoai,D01,Điểm thi THPT,2023,26.41,Kinh tế quốc tế (Chuyên ngành Kinh tế đối ngoại)
130493,QSK,kinh-te-doi-ngoai,D07,Điểm thi THPT,2023,26.41,Kinh tế quốc tế (Chuyên ngành Kinh tế đối ngoại)
130494,QSK,kinh-te-doi-ngoai,A00,Điểm thi THPT,2024,26.55,Kinh tế quốc tế (Chuyên ngành Kinh tế đối ngoại)
130495,QSK,kinh-te-doi-ngoai,A01,Điểm thi THPT,2024,26.55,Kinh tế quốc tế (Chuyên ngành Kinh tế đối ngoại)
130496,QSK,kinh-te-doi-ngoai,D01,Điểm thi THPT,2024,26.55,Kinh tế quốc tế (Chuyên ngành Kinh tế đối ngoại)
130497,QSK,kinh-te-doi-ngoai,D07,Điểm thi THPT,2024,26.55,Kinh tế quốc tế (Chuyên ngành Kinh tế đối ngoại)
130498,QSK,kinh-te-doi-ngoai,A00,Điểm thi THPT,2025,27.28,Kinh tế quốc tế (Chuyên ngành Kinh tế đối ngoại)
130499,QSK,kinh-te-doi-ngoai,A01,Điểm thi THPT,2025,27.28,Kinh tế quốc tế (Chuyên ngành Kinh tế đối ngoại)
130500,QSK,kinh-te-doi-ngoai,D01,Điểm thi THPT,2025,26.33,Kinh tế quốc tế (Chuyên ngành Kinh tế đối ngoại)
130501,QSK,kinh-te-doi-ngoai,D07,Điểm thi THPT,2025,26.33,Kinh tế quốc tế (Chuyên ngành Kinh tế đối ngoại)
130502,QSK,kinh-te-doi-ngoai,X25,Điểm thi THPT,2025,26.33,Kinh tế quốc tế (Chuyên ngành Kinh tế đối ngoại)
130503,QSK,kinh-te-doi-ngoai,X26,Điểm thi THPT,2025,26.33,Kinh tế quốc tế (Chuyên ngành Kinh tế đối ngoại)
130504,QSK,kinh-te-hoc,A00,Điểm thi THPT,2023,25.75,Kinh tế (Chuyên ngành Kinh tế học)
130505,QSK,kinh-te-hoc,A01,Điểm thi THPT,2023,25.75,Kinh tế (Chuyên ngành Kinh tế học)
130506,QSK,kinh-te-hoc,D01,Điểm thi THPT,2023,25.75,Kinh tế (Chuyên ngành Kinh tế học)
130507,QSK,kinh-te-hoc,D07,Điểm thi THPT,2023,25.75,Kinh tế (Chuyên ngành Kinh tế học)
130508,QSK,kinh-te-hoc,A00,Điểm thi THPT,2024,25.89,Kinh tế (Chuyên ngành Kinh tế học)
130509,QSK,kinh-te-hoc,A01,Điểm thi THPT,2024,25.89,Kinh tế (Chuyên ngành Kinh tế học)
130510,QSK,kinh-te-hoc,D01,Điểm thi THPT,2024,25.89,Kinh tế (Chuyên ngành Kinh tế học)
130511,QSK,kinh-te-hoc,D07,Điểm thi THPT,2024,25.89,Kinh tế (Chuyên ngành Kinh tế học)
130512,QSK,kinh-te-hoc,A00,Điểm thi THPT,2025,25.42,Kinh tế (Chuyên ngành Kinh tế học)
130513,QSK,kinh-te-hoc,A01,Điểm thi THPT,2025,25.42,Kinh tế (Chuyên ngành Kinh tế học)
130514,QSK,kinh-te-hoc,D01,Điểm thi THPT,2025,24.8,Kinh tế (Chuyên ngành Kinh tế học)
130515,QSK,kinh-te-hoc,D07,Điểm thi THPT,2025,24.8,Kinh tế (Chuyên ngành Kinh tế học)
130516,QSK,kinh-te-hoc,X25,Điểm thi THPT,2025,24.8,Kinh tế (Chuyên ngành Kinh tế học)
130517,QSK,kinh-te-hoc,X26,Điểm thi THPT,2025,24.8,Kinh tế (Chuyên ngành Kinh tế học)
130518,QSK,kinh-te-quoc-te,A00,Điểm thi THPT,2021,27.45,kinh tế quốc tế (kinh tế đối ngoại)
130519,QSK,kinh-te-quoc-te,A01,Điểm thi THPT,2021,27.45,kinh tế quốc tế (kinh tế đối ngoại)
130520,QSK,kinh-te-quoc-te,D01,Điểm thi THPT,2021,27.45,kinh tế quốc tế (kinh tế đối ngoại)
130521,QSK,kinh-te-quoc-te,D07,Điểm thi THPT,2021,27.45,kinh tế quốc tế (kinh tế đối ngoại)
130522,QSK,kinh-te-quoc-te,A00,Điểm thi THPT,2022,26.9,Kinh tế quốc tế (kinh tế đối ngoại)
130523,QSK,kinh-te-quoc-te,A01,Điểm thi THPT,2022,26.9,Kinh tế quốc tế (kinh tế đối ngoại)
130524,QSK,kinh-te-quoc-te,D01,Điểm thi THPT,2022,26.9,Kinh tế quốc tế (kinh tế đối ngoại)
130525,QSK,kinh-te-quoc-te,D07,Điểm thi THPT,2022,26.9,Kinh tế quốc tế (kinh tế đối ngoại)
130526,QSK,kinh-te-quoc-te,A00,Điểm học bạ,2023,29.2,Kinh tế quốc tế (kinh tế đối ngoại)
130527,QSK,kinh-te-quoc-te,A01,Điểm học bạ,2023,29.2,Kinh tế quốc tế (kinh tế đối ngoại)
130528,QSK,kinh-te-quoc-te,D01,Điểm học bạ,2023,29.2,Kinh tế quốc tế (kinh tế đối ngoại)
130529,QSK,kinh-te-quoc-te,D07,Điểm học bạ,2023,29.2,Kinh tế quốc tế (kinh tế đối ngoại)
130530,QSK,kinh-te-quoc-te-chat-luong-cao,A00,Điểm thi THPT,2021,27.0,Kinh tế quốc tế (Kinh tế đối ngoại) Chất lượng cao
130531,QSK,kinh-te-quoc-te-chat-luong-cao,A01,Điểm thi THPT,2021,27.0,Kinh tế quốc tế (Kinh tế đối ngoại) Chất lượng cao
130532,QSK,kinh-te-quoc-te-chat-luong-cao,D01,Điểm thi THPT,2021,27.0,Kinh tế quốc tế (Kinh tế đối ngoại) Chất lượng cao
130533,QSK,kinh-te-quoc-te-chat-luong-cao,D07,Điểm thi THPT,2021,27.0,Kinh tế quốc tế (Kinh tế đối ngoại) Chất lượng cao
130534,QSK,kinh-te-quoc-te-chat-luong-cao,A00,Điểm thi THPT,2022,26.3,Kinh tế quốc tế (Kinh tế đối ngoại) Chất lượng cao
130535,QSK,kinh-te-quoc-te-chat-luong-cao,A01,Điểm thi THPT,2022,26.3,Kinh tế quốc tế (Kinh tế đối ngoại) Chất lượng cao
130536,QSK,kinh-te-quoc-te-chat-luong-cao,D01,Điểm thi THPT,2022,26.3,Kinh tế quốc tế (Kinh tế đối ngoại) Chất lượng cao
130537,QSK,kinh-te-quoc-te-chat-luong-cao,D07,Điểm thi THPT,2022,26.3,Kinh tế quốc tế (Kinh tế đối ngoại) Chất lượng cao
130538,QSK,kinh-te-quoc-te-chat-luong-cao-bang-tieng-anh,A00,Điểm thi THPT,2021,26.6,Kinh tế quốc tế (Kinh tế đối ngoại) Chất lượng cao bằng tiếng Anh
130539,QSK,kinh-te-quoc-te-chat-luong-cao-bang-tieng-anh,A01,Điểm thi THPT,2021,26.6,Kinh tế quốc tế (Kinh tế đối ngoại) Chất lượng cao bằng tiếng Anh
130540,QSK,kinh-te-quoc-te-chat-luong-cao-bang-tieng-anh,D01,Điểm thi THPT,2021,26.6,Kinh tế quốc tế (Kinh tế đối ngoại) Chất lượng cao bằng tiếng Anh
130541,QSK,kinh-te-quoc-te-chat-luong-cao-bang-tieng-anh,D07,Điểm thi THPT,2021,26.6,Kinh tế quốc tế (Kinh tế đối ngoại) Chất lượng cao bằng tiếng Anh
130542,QSK,kinh-te-quoc-te-chat-luong-cao-bang-tieng-anh,A00,Điểm thi THPT,2022,25.75,Kinh tế quốc tế (Kinh tế đối ngoại) Chất lượng cao bằng tiếng Anh
130543,QSK,kinh-te-quoc-te-chat-luong-cao-bang-tieng-anh,A01,Điểm thi THPT,2022,25.75,Kinh tế quốc tế (Kinh tế đối ngoại) Chất lượng cao bằng tiếng Anh
130544,QSK,kinh-te-quoc-te-chat-luong-cao-bang-tieng-anh,D01,Điểm thi THPT,2022,25.75,Kinh tế quốc tế (Kinh tế đối ngoại) Chất lượng cao bằng tiếng Anh
130545,QSK,kinh-te-quoc-te-chat-luong-cao-bang-tieng-anh,D07,Điểm thi THPT,2022,25.75,Kinh tế quốc tế (Kinh tế đối ngoại) Chất lượng cao bằng tiếng Anh
130546,QSK,kinh-te-va-quan-ly-cong,A00,Điểm thi THPT,2023,24.93,Kinh tế (Chuyên ngành Kinh tế và Quản lý công)
130547,QSK,kinh-te-va-quan-ly-cong,A01,Điểm thi THPT,2023,24.93,Kinh tế (Chuyên ngành Kinh tế và Quản lý công)
130548,QSK,kinh-te-va-quan-ly-cong,D01,Điểm thi THPT,2023,24.93,Kinh tế (Chuyên ngành Kinh tế và Quản lý công)
130549,QSK,kinh-te-va-quan-ly-cong,D07,Điểm thi THPT,2023,24.93,Kinh tế (Chuyên ngành Kinh tế và Quản lý công)
130550,QSK,kinh-te-va-quan-ly-cong,A00,Điểm thi THPT,2024,25.64,Kinh tế (Chuyên ngành Kinh tế và Quản lý công)
130551,QSK,kinh-te-va-quan-ly-cong,A01,Điểm thi THPT,2024,25.64,Kinh tế (Chuyên ngành Kinh tế và Quản lý công)
130552,QSK,kinh-te-va-quan-ly-cong,D01,Điểm thi THPT,2024,25.64,Kinh tế (Chuyên ngành Kinh tế và Quản lý công)
130553,QSK,kinh-te-va-quan-ly-cong,D07,Điểm thi THPT,2024,25.64,Kinh tế (Chuyên ngành Kinh tế và Quản lý công)
130554,QSK,kinh-te-va-quan-ly-cong,A00,Điểm thi THPT,2025,24.73,Kinh tế (Chuyên ngành Kinh tế và Quản lý công)
130555,QSK,kinh-te-va-quan-ly-cong,A01,Điểm thi THPT,2025,24.73,Kinh tế (Chuyên ngành Kinh tế và Quản lý công)
130556,QSK,kinh-te-va-quan-ly-cong,D01,Điểm thi THPT,2025,24.25,Kinh tế (Chuyên ngành Kinh tế và Quản lý công)
130557,QSK,kinh-te-va-quan-ly-cong,D07,Điểm thi THPT,2025,24.25,Kinh tế (Chuyên ngành Kinh tế và Quản lý công)
130558,QSK,kinh-te-va-quan-ly-cong,X25,Điểm thi THPT,2025,24.25,Kinh tế (Chuyên ngành Kinh tế và Quản lý công)
130559,QSK,kinh-te-va-quan-ly-cong,X26,Điểm thi THPT,2025,24.25,Kinh tế (Chuyên ngành Kinh tế và Quản lý công)
130560,QSK,luat,A00,Điểm thi THPT,2021,25.95,Luật (Luật dân sự)
130561,QSK,luat,A01,Điểm thi THPT,2021,25.95,Luật (Luật dân sự)
130562,QSK,luat,D01,Điểm thi THPT,2021,25.95,Luật (Luật dân sự)
130563,QSK,luat,D07,Điểm thi THPT,2021,25.95,Luật (Luật dân sự)
130564,QSK,luat,A00,Điểm thi THPT,2022,25.7,Luật (Luật dân sự)
130565,QSK,luat,A01,Điểm thi THPT,2022,25.7,Luật (Luật dân sự)
130566,QSK,luat,D01,Điểm thi THPT,2022,25.7,Luật (Luật dân sự)
130567,QSK,luat,D07,Điểm thi THPT,2022,25.7,Luật (Luật dân sự)
130568,QSK,luat,A00,Điểm học bạ,2023,27.0,Luật (Luật dân sự)
130569,QSK,luat,A01,Điểm học bạ,2023,27.0,Luật (Luật dân sự)
130570,QSK,luat,D01,Điểm học bạ,2023,27.0,Luật (Luật dân sự)
130571,QSK,luat,D07,Điểm học bạ,2023,27.0,Luật (Luật dân sự)
130572,QSK,luat-chat-luong-cao,A00,Điểm thi THPT,2021,25.45,Luật (Luật dân sự) Chất lượng cao
130573,QSK,luat-chat-luong-cao,A01,Điểm thi THPT,2021,25.45,Luật (Luật dân sự) Chất lượng cao
130574,QSK,luat-chat-luong-cao,D01,Điểm thi THPT,2021,25.45,Luật (Luật dân sự) Chất lượng cao
130575,QSK,luat-chat-luong-cao,D07,Điểm thi THPT,2021,25.45,Luật (Luật dân sự) Chất lượng cao
130576,QSK,luat-chat-luong-cao,A00,Điểm thi THPT,2022,25.3,Luật (Luật dân sự) Chất lượng cao
130577,QSK,luat-chat-luong-cao,A01,Điểm thi THPT,2022,25.3,Luật (Luật dân sự) Chất lượng cao
130578,QSK,luat-chat-luong-cao,D01,Điểm thi THPT,2022,25.3,Luật (Luật dân sự) Chất lượng cao
130579,QSK,luat-chat-luong-cao,D07,Điểm thi THPT,2022,25.3,Luật (Luật dân sự) Chất lượng cao
130580,QSK,luat-chat-luong-cao-bang-tieng-anh,A00,Điểm thi THPT,2021,24.1,Luật (Luật dân sự) Chất lượng cao bằng tiếng Anh
130581,QSK,luat-chat-luong-cao-bang-tieng-anh,A01,Điểm thi THPT,2021,24.1,Luật (Luật dân sự) Chất lượng cao bằng tiếng Anh
130582,QSK,luat-chat-luong-cao-bang-tieng-anh,D01,Điểm thi THPT,2021,24.1,Luật (Luật dân sự) Chất lượng cao bằng tiếng Anh
130583,QSK,luat-chat-luong-cao-bang-tieng-anh,D07,Điểm thi THPT,2021,24.1,Luật (Luật dân sự) Chất lượng cao bằng tiếng Anh
130584,QSK,luat-chat-luong-cao-bang-tieng-anh,A00,Điểm thi THPT,2022,25.0,Luật (Luật dân sự) Chất lượng cao bằng tiếng Anh
130585,QSK,luat-chat-luong-cao-bang-tieng-anh,A01,Điểm thi THPT,2022,25.0,Luật (Luật dân sự) Chất lượng cao bằng tiếng Anh
130586,QSK,luat-chat-luong-cao-bang-tieng-anh,D01,Điểm thi THPT,2022,25.0,Luật (Luật dân sự) Chất lượng cao bằng tiếng Anh
130587,QSK,luat-chat-luong-cao-bang-tieng-anh,D07,Điểm thi THPT,2022,25.0,Luật (Luật dân sự) Chất lượng cao bằng tiếng Anh
130588,QSK,luat-dan-su,A00,Điểm thi THPT,2023,24.24,Luật( Chuyên ngành Luật Dân sự)
130589,QSK,luat-dan-su,A01,Điểm thi THPT,2023,24.24,Luật( Chuyên ngành Luật Dân sự)
130590,QSK,luat-dan-su,D01,Điểm thi THPT,2023,24.24,Luật( Chuyên ngành Luật Dân sự)
130591,QSK,luat-dan-su,D07,Điểm thi THPT,2023,24.24,Luật( Chuyên ngành Luật Dân sự)
130592,QSK,luat-dan-su,A00,Điểm thi THPT,2024,25.25,Luật( Chuyên ngành Luật Dân sự)
130593,QSK,luat-dan-su,A01,Điểm thi THPT,2024,25.25,Luật( Chuyên ngành Luật Dân sự)
130594,QSK,luat-dan-su,D01,Điểm thi THPT,2024,25.25,Luật( Chuyên ngành Luật Dân sự)
130595,QSK,luat-dan-su,D07,Điểm thi THPT,2024,25.25,Luật( Chuyên ngành Luật Dân sự)
130596,QSK,luat-dan-su,A00,Điểm thi THPT,2025,24.75,Luật (Chuyên ngành Luật Dân sự)
130597,QSK,luat-dan-su,A01,Điểm thi THPT,2025,24.75,Luật (Chuyên ngành Luật Dân sự)
130598,QSK,luat-dan-su,D01,Điểm thi THPT,2025,24.25,Luật (Chuyên ngành Luật Dân sự)
130599,QSK,luat-dan-su,D07,Điểm thi THPT,2025,24.25,Luật (Chuyên ngành Luật Dân sự)
130600,QSK,luat-dan-su,X25,Điểm thi THPT,2025,24.25,Luật (Chuyên ngành Luật Dân sự)
130601,QSK,luat-dan-su,X26,Điểm thi THPT,2025,24.25,Luật (Chuyên ngành Luật Dân sự)
130602,QSK,luat-kinh-doanh,A00,Điểm thi THPT,2023,26.0,Luật kinh tế (Chuyên ngành Luật Kinh doanh)
130603,QSK,luat-kinh-doanh,A01,Điểm thi THPT,2023,26.0,Luật kinh tế (Chuyên ngành Luật Kinh doanh)
130604,QSK,luat-kinh-doanh,D01,Điểm thi THPT,2023,26.0,Luật kinh tế (Chuyên ngành Luật Kinh doanh)
130605,QSK,luat-kinh-doanh,D07,Điểm thi THPT,2023,26.0,Luật kinh tế (Chuyên ngành Luật Kinh doanh)
130606,QSK,luat-kinh-doanh,A00,Điểm thi THPT,2024,26.07,Luật kinh tế (Chuyên ngành Luật Kinh doanh)
130607,QSK,luat-kinh-doanh,A01,Điểm thi THPT,2024,26.07,Luật kinh tế (Chuyên ngành Luật Kinh doanh)
130608,QSK,luat-kinh-doanh,D01,Điểm thi THPT,2024,26.07,Luật kinh tế (Chuyên ngành Luật Kinh doanh)
130609,QSK,luat-kinh-doanh,D07,Điểm thi THPT,2024,26.07,Luật kinh tế (Chuyên ngành Luật Kinh doanh)
130610,QSK,luat-kinh-doanh,A00,Điểm thi THPT,2025,26.23,Luật kinh tế (Chuyên ngành Luật Kinh doanh)
130611,QSK,luat-kinh-doanh,A01,Điểm thi THPT,2025,26.23,Luật kinh tế (Chuyên ngành Luật Kinh doanh)
130612,QSK,luat-kinh-doanh,D01,Điểm thi THPT,2025,25.5,Luật kinh tế (Chuyên ngành Luật Kinh doanh)
130613,QSK,luat-kinh-doanh,D07,Điểm thi THPT,2025,25.5,Luật kinh tế (Chuyên ngành Luật Kinh doanh)
130614,QSK,luat-kinh-doanh,X25,Điểm thi THPT,2025,25.5,Luật kinh tế (Chuyên ngành Luật Kinh doanh)
130615,QSK,luat-kinh-doanh,X26,Điểm thi THPT,2025,25.5,Luật kinh tế (Chuyên ngành Luật Kinh doanh)
130616,QSK,luat-kinh-te,A00,Điểm thi THPT,2021,26.85,Luật kinh tế (Luật kinh doanh)
130617,QSK,luat-kinh-te,A01,Điểm thi THPT,2021,26.85,Luật kinh tế (Luật kinh doanh)
130618,QSK,luat-kinh-te,D01,Điểm thi THPT,2021,26.85,Luật kinh tế (Luật kinh doanh)
130619,QSK,luat-kinh-te,D07,Điểm thi THPT,2021,26.85,Luật kinh tế (Luật kinh doanh)
130620,QSK,luat-kinh-te,A00,Điểm thi THPT,2022,26.7,Luật kinh tế (Luật kinh doanh)
130621,QSK,luat-kinh-te,A01,Điểm thi THPT,2022,26.7,Luật kinh tế (Luật kinh doanh)
130622,QSK,luat-kinh-te,D01,Điểm thi THPT,2022,26.7,Luật kinh tế (Luật kinh doanh)
130623,QSK,luat-kinh-te,D07,Điểm thi THPT,2022,26.7,Luật kinh tế (Luật kinh doanh)
130624,QSK,luat-kinh-te,A00,Điểm học bạ,2023,28.2,Luật kinh tế (Luật kinh doanh)
130625,QSK,luat-kinh-te,A01,Điểm học bạ,2023,28.2,Luật kinh tế (Luật kinh doanh)
130626,QSK,luat-kinh-te,D01,Điểm học bạ,2023,28.2,Luật kinh tế (Luật kinh doanh)
130627,QSK,luat-kinh-te,D07,Điểm học bạ,2023,28.2,Luật kinh tế (Luật kinh doanh)
130628,QSK,luat-kinh-te-chat-luong-cao,A00,Điểm thi THPT,2021,26.5,Luật kinh tế (Luật kinh doanh) Chất lượng cao
130629,QSK,luat-kinh-te-chat-luong-cao,A01,Điểm thi THPT,2021,26.5,Luật kinh tế (Luật kinh doanh) Chất lượng cao
130630,QSK,luat-kinh-te-chat-luong-cao,D01,Điểm thi THPT,2021,26.5,Luật kinh tế (Luật kinh doanh) Chất lượng cao
130631,QSK,luat-kinh-te-chat-luong-cao,D07,Điểm thi THPT,2021,26.5,Luật kinh tế (Luật kinh doanh) Chất lượng cao
130632,QSK,luat-kinh-te-chat-luong-cao,A00,Điểm thi THPT,2022,26.4,Luật kinh tế (Luật kinh doanh) Chất lượng cao
130633,QSK,luat-kinh-te-chat-luong-cao,A01,Điểm thi THPT,2022,26.4,Luật kinh tế (Luật kinh doanh) Chất lượng cao
130634,QSK,luat-kinh-te-chat-luong-cao,D01,Điểm thi THPT,2022,26.4,Luật kinh tế (Luật kinh doanh) Chất lượng cao
130635,QSK,luat-kinh-te-chat-luong-cao,D07,Điểm thi THPT,2022,26.4,Luật kinh tế (Luật kinh doanh) Chất lượng cao
130636,QSK,luat-kinh-te-chat-luong-cao-bang-tieng-anh,A00,Điểm thi THPT,2022,24.65,Luật kinh tế (Luật thương mại quốc tế) Chất lượng cao bằng Tiếng Anh)
130637,QSK,luat-kinh-te-chat-luong-cao-bang-tieng-anh,A01,Điểm thi THPT,2022,24.65,Luật kinh tế (Luật thương mại quốc tế) Chất lượng cao bằng Tiếng Anh)
130638,QSK,luat-kinh-te-chat-luong-cao-bang-tieng-anh,D01,Điểm thi THPT,2022,24.65,Luật kinh tế (Luật thương mại quốc tế) Chất lượng cao bằng Tiếng Anh)
130639,QSK,luat-kinh-te-chat-luong-cao-bang-tieng-anh,D07,Điểm thi THPT,2022,24.65,Luật kinh tế (Luật thương mại quốc tế) Chất lượng cao bằng Tiếng Anh)
130640,QSK,luat-kinh-te-chat-luong-cao-bang-tieng-anh,A00,Điểm học bạ,2023,26.1,Luật kinh tế (Luật thương mại quốc tế) Chất lượng cao bằng Tiếng Anh)
130641,QSK,luat-kinh-te-chat-luong-cao-bang-tieng-anh,A01,Điểm học bạ,2023,26.1,Luật kinh tế (Luật thương mại quốc tế) Chất lượng cao bằng Tiếng Anh)
130642,QSK,luat-kinh-te-chat-luong-cao-bang-tieng-anh,D01,Điểm học bạ,2023,26.1,Luật kinh tế (Luật thương mại quốc tế) Chất lượng cao bằng Tiếng Anh)
130643,QSK,luat-kinh-te-chat-luong-cao-bang-tieng-anh,D07,Điểm học bạ,2023,26.1,Luật kinh tế (Luật thương mại quốc tế) Chất lượng cao bằng Tiếng Anh)
130644,QSK,luat-tai-chinh-ngan-hang,A00,Điểm thi THPT,2023,24.38,Luật (Chuyên ngành Luật Tài chính - Ngân hàng)
130645,QSK,luat-tai-chinh-ngan-hang,A01,Điểm thi THPT,2023,24.38,Luật (Chuyên ngành Luật Tài chính - Ngân hàng)
130646,QSK,luat-tai-chinh-ngan-hang,D01,Điểm thi THPT,2023,24.38,Luật (Chuyên ngành Luật Tài chính - Ngân hàng)
130647,QSK,luat-tai-chinh-ngan-hang,D07,Điểm thi THPT,2023,24.38,Luật (Chuyên ngành Luật Tài chính - Ngân hàng)
130648,QSK,luat-tai-chinh-ngan-hang,A00,Điểm thi THPT,2024,25.41,Luật (Chuyên ngành Luật Tài chính - Ngân hàng)
130649,QSK,luat-tai-chinh-ngan-hang,A01,Điểm thi THPT,2024,25.41,Luật (Chuyên ngành Luật Tài chính - Ngân hàng)
130650,QSK,luat-tai-chinh-ngan-hang,D01,Điểm thi THPT,2024,25.41,Luật (Chuyên ngành Luật Tài chính - Ngân hàng)
130651,QSK,luat-tai-chinh-ngan-hang,D07,Điểm thi THPT,2024,25.41,Luật (Chuyên ngành Luật Tài chính - Ngân hàng)
130652,QSK,luat-tai-chinh-ngan-hang,A00,Điểm thi THPT,2025,24.33,Luật (Chuyên ngành Luật Tài chính - Ngân hàng)
130653,QSK,luat-tai-chinh-ngan-hang,A01,Điểm thi THPT,2025,24.33,Luật (Chuyên ngành Luật Tài chính - Ngân hàng)
130654,QSK,luat-tai-chinh-ngan-hang,D01,Điểm thi THPT,2025,24.0,Luật (Chuyên ngành Luật Tài chính - Ngân hàng)
130655,QSK,luat-tai-chinh-ngan-hang,D07,Điểm thi THPT,2025,24.0,Luật (Chuyên ngành Luật Tài chính - Ngân hàng)
130656,QSK,luat-tai-chinh-ngan-hang,X25,Điểm thi THPT,2025,24.0,Luật (Chuyên ngành Luật Tài chính - Ngân hàng)
130657,QSK,luat-tai-chinh-ngan-hang,X26,Điểm thi THPT,2025,24.0,Luật (Chuyên ngành Luật Tài chính - Ngân hàng)
130658,QSK,luat-thuong-mai-quoc-te,A00,Điểm thi THPT,2023,26.2,Luật Kinh tế (Chuẩn ngành Luật thương mại quốc tế)
130659,QSK,luat-thuong-mai-quoc-te,A01,Điểm thi THPT,2023,26.2,Luật Kinh tế (Chuẩn ngành Luật thương mại quốc tế)
130660,QSK,luat-thuong-mai-quoc-te,D01,Điểm thi THPT,2023,26.2,Luật Kinh tế (Chuẩn ngành Luật thương mại quốc tế)
130661,QSK,luat-thuong-mai-quoc-te,D07,Điểm thi THPT,2023,26.2,Luật Kinh tế (Chuẩn ngành Luật thương mại quốc tế)
130662,QSK,luat-thuong-mai-quoc-te,A00,Điểm thi THPT,2024,26.09,Luật Kinh tế (Chuyên ngành Luật thương mại quốc tế)
130663,QSK,luat-thuong-mai-quoc-te,A01,Điểm thi THPT,2024,26.09,Luật Kinh tế (Chuyên ngành Luật thương mại quốc tế)
130664,QSK,luat-thuong-mai-quoc-te,D01,Điểm thi THPT,2024,26.09,Luật Kinh tế (Chuyên ngành Luật thương mại quốc tế)
130665,QSK,luat-thuong-mai-quoc-te,D07,Điểm thi THPT,2024,26.09,Luật Kinh tế (Chuyên ngành Luật thương mại quốc tế)
130666,QSK,luat-thuong-mai-quoc-te,A00,Điểm thi THPT,2025,26.59,Luật kinh tế (Chuyên ngành Luật Thương mại quốc tế)
130667,QSK,luat-thuong-mai-quoc-te,A01,Điểm thi THPT,2025,26.59,Luật kinh tế (Chuyên ngành Luật Thương mại quốc tế)
130668,QSK,luat-thuong-mai-quoc-te,D01,Điểm thi THPT,2025,25.75,Luật kinh tế (Chuyên ngành Luật Thương mại quốc tế)
130669,QSK,luat-thuong-mai-quoc-te,D07,Điểm thi THPT,2025,25.75,Luật kinh tế (Chuyên ngành Luật Thương mại quốc tế)
130670,QSK,luat-thuong-mai-quoc-te,X25,Điểm thi THPT,2025,25.75,Luật kinh tế (Chuyên ngành Luật Thương mại quốc tế)
130671,QSK,luat-thuong-mai-quoc-te,X26,Điểm thi THPT,2025,25.75,Luật kinh tế (Chuyên ngành Luật Thương mại quốc tế)
130672,QSK,luat-va-chinh-sach-cong,A00,Điểm thi THPT,2023,24.2,Luật (Chuyên ngành Luật và Chính sách công)
130673,QSK,luat-va-chinh-sach-cong,A01,Điểm thi THPT,2023,24.2,Luật (Chuyên ngành Luật và Chính sách công)
130674,QSK,luat-va-chinh-sach-cong,D01,Điểm thi THPT,2023,24.2,Luật (Chuyên ngành Luật và Chính sách công)
130675,QSK,luat-va-chinh-sach-cong,D07,Điểm thi THPT,2023,24.2,Luật (Chuyên ngành Luật và Chính sách công)
130676,QSK,luat-va-chinh-sach-cong,A00,Điểm thi THPT,2024,25.24,Luật (Chuyên ngành Luật và Chính sách công)
130677,QSK,luat-va-chinh-sach-cong,A01,Điểm thi THPT,2024,25.24,Luật (Chuyên ngành Luật và Chính sách công)
130678,QSK,luat-va-chinh-sach-cong,D01,Điểm thi THPT,2024,25.24,Luật (Chuyên ngành Luật và Chính sách công)
130679,QSK,luat-va-chinh-sach-cong,D07,Điểm thi THPT,2024,25.24,Luật (Chuyên ngành Luật và Chính sách công)
130680,QSK,luat-va-chinh-sach-cong,A00,Điểm thi THPT,2025,24.31,Luật (Chuyên ngành Luật và Chính sách công)
130681,QSK,luat-va-chinh-sach-cong,A01,Điểm thi THPT,2025,24.31,Luật (Chuyên ngành Luật và Chính sách công)
130682,QSK,luat-va-chinh-sach-cong,D01,Điểm thi THPT,2025,24.0,Luật (Chuyên ngành Luật và Chính sách công)
130683,QSK,luat-va-chinh-sach-cong,D07,Điểm thi THPT,2025,24.0,Luật (Chuyên ngành Luật và Chính sách công)
130684,QSK,luat-va-chinh-sach-cong,X25,Điểm thi THPT,2025,24.0,Luật (Chuyên ngành Luật và Chính sách công)
130685,QSK,luat-va-chinh-sach-cong,X26,Điểm thi THPT,2025,24.0,Luật (Chuyên ngành Luật và Chính sách công)
130686,QSK,marketing,A00,Điểm thi THPT,2021,27.55,Marketing
130687,QSK,marketing,A01,Điểm thi THPT,2021,27.55,Marketing
130688,QSK,marketing,D01,Điểm thi THPT,2021,27.55,Marketing
130689,QSK,marketing,D07,Điểm thi THPT,2021,27.55,Marketing
130690,QSK,marketing,A00,Điểm thi THPT,2022,27.35,Marketing
130691,QSK,marketing,A01,Điểm thi THPT,2022,27.35,Marketing
130692,QSK,marketing,D01,Điểm thi THPT,2022,27.35,Marketing
130693,QSK,marketing,D07,Điểm thi THPT,2022,27.35,Marketing
130694,QSK,marketing,A00,Điểm học bạ,2023,28.3,Marketing
130695,QSK,marketing,A01,Điểm học bạ,2023,28.3,Marketing
130696,QSK,marketing,D01,Điểm học bạ,2023,28.3,Marketing
130697,QSK,marketing,D07,Điểm học bạ,2023,28.3,Marketing
130698,QSK,marketing,A00,Điểm thi THPT,2023,26.64,Marketing (Chuyên ngành Marketing)
130699,QSK,marketing,A01,Điểm thi THPT,2023,26.64,Marketing (Chuyên ngành Marketing)
130700,QSK,marketing,D01,Điểm thi THPT,2023,26.64,Marketing (Chuyên ngành Marketing)
130701,QSK,marketing,D07,Điểm thi THPT,2023,26.64,Marketing (Chuyên ngành Marketing)
130702,QSK,marketing,A00,Điểm thi THPT,2024,26.87,Marketing (Chuyên ngành Marketing)
130703,QSK,marketing,A01,Điểm thi THPT,2024,26.87,Marketing (Chuyên ngành Marketing)
130704,QSK,marketing,D01,Điểm thi THPT,2024,26.87,Marketing (Chuyên ngành Marketing)
130705,QSK,marketing,D07,Điểm thi THPT,2024,26.87,Marketing (Chuyên ngành Marketing)
130706,QSK,marketing,A00,Điểm thi THPT,2025,27.32,Marketing (Chuyên ngành Marketing)
130707,QSK,marketing,A01,Điểm thi THPT,2025,27.32,Marketing (Chuyên ngành Marketing)
130708,QSK,marketing,D01,Điểm thi THPT,2025,26.43,Marketing (Chuyên ngành Marketing)
130709,QSK,marketing,D07,Điểm thi THPT,2025,26.43,Marketing (Chuyên ngành Marketing)
130710,QSK,marketing,X25,Điểm thi THPT,2025,26.43,Marketing (Chuyên ngành Marketing)
130711,QSK,marketing,X26,Điểm thi THPT,2025,26.43,Marketing (Chuyên ngành Marketing)
130712,QSK,marketing-chat-luong-cao,A00,Điểm thi THPT,2021,27.3,Marketing Chất lượng cao
130713,QSK,marketing-chat-luong-cao,A01,Điểm thi THPT,2021,27.3,Marketing Chất lượng cao
130714,QSK,marketing-chat-luong-cao,D01,Điểm thi THPT,2021,27.3,Marketing Chất lượng cao
130715,QSK,marketing-chat-luong-cao,D07,Điểm thi THPT,2021,27.3,Marketing Chất lượng cao
130716,QSK,marketing-chat-luong-cao,A00,Điểm thi THPT,2022,26.85,Marketing Chất lượng cao
130717,QSK,marketing-chat-luong-cao,A01,Điểm thi THPT,2022,26.85,Marketing Chất lượng cao
130718,QSK,marketing-chat-luong-cao,D01,Điểm thi THPT,2022,26.85,Marketing Chất lượng cao
130719,QSK,marketing-chat-luong-cao,D07,Điểm thi THPT,2022,26.85,Marketing Chất lượng cao
130720,QSK,marketing-chat-luong-cao-bang-tieng-anh,A00,Điểm thi THPT,2021,26.7,Marketing Chất lượng cao bằng tiếng Anh
130721,QSK,marketing-chat-luong-cao-bang-tieng-anh,A01,Điểm thi THPT,2021,26.7,Marketing Chất lượng cao bằng tiếng Anh
130722,QSK,marketing-chat-luong-cao-bang-tieng-anh,D01,Điểm thi THPT,2021,26.7,Marketing Chất lượng cao bằng tiếng Anh
130723,QSK,marketing-chat-luong-cao-bang-tieng-anh,D07,Điểm thi THPT,2021,26.7,Marketing Chất lượng cao bằng tiếng Anh
130724,QSK,marketing-chat-luong-cao-bang-tieng-anh,A00,Điểm thi THPT,2022,26.3,Marketing Chất lượng cao bằng tiếng Anh
130725,QSK,marketing-chat-luong-cao-bang-tieng-anh,A01,Điểm thi THPT,2022,26.3,Marketing Chất lượng cao bằng tiếng Anh
130726,QSK,marketing-chat-luong-cao-bang-tieng-anh,D01,Điểm thi THPT,2022,26.3,Marketing Chất lượng cao bằng tiếng Anh
130727,QSK,marketing-chat-luong-cao-bang-tieng-anh,D07,Điểm thi THPT,2022,26.3,Marketing Chất lượng cao bằng tiếng Anh
130728,QSK,marketing-chat-luong-cao-bang-tieng-anh,A00,Điểm học bạ,2023,27.1,Marketing Chất lượng cao bằng tiếng Anh
130729,QSK,marketing-chat-luong-cao-bang-tieng-anh,A01,Điểm học bạ,2023,27.1,Marketing Chất lượng cao bằng tiếng Anh
130730,QSK,marketing-chat-luong-cao-bang-tieng-anh,D01,Điểm học bạ,2023,27.1,Marketing Chất lượng cao bằng tiếng Anh
130731,QSK,marketing-chat-luong-cao-bang-tieng-anh,D07,Điểm học bạ,2023,27.1,Marketing Chất lượng cao bằng tiếng Anh
130732,QSK,phan-tich-du-lieu,A00,Điểm thi THPT,2024,26.4,Toán Kinh tế (Chuyên ngành Phân tích dữ liệu)
130733,QSK,phan-tich-du-lieu,A01,Điểm thi THPT,2024,26.4,Toán Kinh tế (Chuyên ngành Phân tích dữ liệu)
130734,QSK,phan-tich-du-lieu,D01,Điểm thi THPT,2024,26.4,Toán Kinh tế (Chuyên ngành Phân tích dữ liệu)
130735,QSK,phan-tich-du-lieu,D07,Điểm thi THPT,2024,26.4,Toán Kinh tế (Chuyên ngành Phân tích dữ liệu)
130736,QSK,phan-tich-du-lieu,A00,Điểm thi THPT,2025,26.43,Toán kinh tế (Chuyên ngành Phân tích dữ liệu)
130737,QSK,phan-tich-du-lieu,A01,Điểm thi THPT,2025,26.43,Toán kinh tế (Chuyên ngành Phân tích dữ liệu)
130738,QSK,phan-tich-du-lieu,D01,Điểm thi THPT,2025,25.63,Toán kinh tế (Chuyên ngành Phân tích dữ liệu)
130739,QSK,phan-tich-du-lieu,D07,Điểm thi THPT,2025,25.63,Toán kinh tế (Chuyên ngành Phân tích dữ liệu)
130740,QSK,phan-tich-du-lieu,X25,Điểm thi THPT,2025,25.63,Toán kinh tế (Chuyên ngành Phân tích dữ liệu)
130741,QSK,phan-tich-du-lieu,X26,Điểm thi THPT,2025,25.63,Toán kinh tế (Chuyên ngành Phân tích dữ liệu)
130742,QSK,quan-ly-chuoi-cung-ung-va-logistics-quoc-te,A00,Điểm thi THPT,2025,28.08,Kinh doanh quốc tế (Chuyên ngành Quản lý chuỗi cung ứng và Logistics quốc tế)
130743,QSK,quan-ly-chuoi-cung-ung-va-logistics-quoc-te,A01,Điểm thi THPT,2025,28.08,Kinh doanh quốc tế (Chuyên ngành Quản lý chuỗi cung ứng và Logistics quốc tế)
130744,QSK,quan-ly-chuoi-cung-ung-va-logistics-quoc-te,D01,Điểm thi THPT,2025,26.9,Kinh doanh quốc tế (Chuyên ngành Quản lý chuỗi cung ứng và Logistics quốc tế)
130745,QSK,quan-ly-chuoi-cung-ung-va-logistics-quoc-te,D07,Điểm thi THPT,2025,26.9,Kinh doanh quốc tế (Chuyên ngành Quản lý chuỗi cung ứng và Logistics quốc tế)
130746,QSK,quan-ly-chuoi-cung-ung-va-logistics-quoc-te,X25,Điểm thi THPT,2025,26.9,Kinh doanh quốc tế (Chuyên ngành Quản lý chuỗi cung ứng và Logistics quốc tế)
130747,QSK,quan-ly-chuoi-cung-ung-va-logistics-quoc-te,X26,Điểm thi THPT,2025,26.9,Kinh doanh quốc tế (Chuyên ngành Quản lý chuỗi cung ứng và Logistics quốc tế)
130748,QSK,quan-ly-cong,A00,Điểm thi THPT,2024,24.39,Quản lý công
130749,QSK,quan-ly-cong,A01,Điểm thi THPT,2024,24.39,Quản lý công
130750,QSK,quan-ly-cong,D01,Điểm thi THPT,2024,24.39,Quản lý công
130751,QSK,quan-ly-cong,D07,Điểm thi THPT,2024,24.39,Quản lý công
130752,QSK,quan-ly-cong,A00,Điểm thi THPT,2025,24.13,Quản lý công
130753,QSK,quan-ly-cong,A01,Điểm thi THPT,2025,24.13,Quản lý công
130754,QSK,quan-ly-cong,D01,Điểm thi THPT,2025,23.75,Quản lý công
130755,QSK,quan-ly-cong,D07,Điểm thi THPT,2025,23.75,Quản lý công
130756,QSK,quan-ly-cong,X25,Điểm thi THPT,2025,23.75,Quản lý công
130757,QSK,quan-ly-cong,X26,Điểm thi THPT,2025,23.75,Quản lý công
130758,QSK,quan-tri-du-lich-va-lu-hanh,A00,Điểm thi THPT,2023,24.56,Quản trị kinh doanh (Chuyên ngành Quản trị du lịch và lữ hành)
130759,QSK,quan-tri-du-lich-va-lu-hanh,A01,Điểm thi THPT,2023,24.56,Quản trị kinh doanh (Chuyên ngành Quản trị du lịch và lữ hành)
130760,QSK,quan-tri-du-lich-va-lu-hanh,D01,Điểm thi THPT,2023,24.56,Quản trị kinh doanh (Chuyên ngành Quản trị du lịch và lữ hành)
130761,QSK,quan-tri-du-lich-va-lu-hanh,D07,Điểm thi THPT,2023,24.56,Quản trị kinh doanh (Chuyên ngành Quản trị du lịch và lữ hành)
130762,QSK,quan-tri-du-lich-va-lu-hanh,A00,Điểm thi THPT,2024,25.33,Quản trị kinh doanh (Chuyên ngành Quản trị du lịch và lữ hành)
130763,QSK,quan-tri-du-lich-va-lu-hanh,A01,Điểm thi THPT,2024,25.33,Quản trị kinh doanh (Chuyên ngành Quản trị du lịch và lữ hành)
130764,QSK,quan-tri-du-lich-va-lu-hanh,D01,Điểm thi THPT,2024,25.33,Quản trị kinh doanh (Chuyên ngành Quản trị du lịch và lữ hành)
130765,QSK,quan-tri-du-lich-va-lu-hanh,D07,Điểm thi THPT,2024,25.33,Quản trị kinh doanh (Chuyên ngành Quản trị du lịch và lữ hành)
130766,QSK,quan-tri-du-lich-va-lu-hanh,A00,Điểm thi THPT,2025,24.57,Quản trị kinh doanh (Chuyên ngành Quản trị du lịch và lữ hành)
130767,QSK,quan-tri-du-lich-va-lu-hanh,A01,Điểm thi THPT,2025,24.57,Quản trị kinh doanh (Chuyên ngành Quản trị du lịch và lữ hành)
130768,QSK,quan-tri-du-lich-va-lu-hanh,D01,Điểm thi THPT,2025,24.25,Quản trị kinh doanh (Chuyên ngành Quản trị du lịch và lữ hành)
130769,QSK,quan-tri-du-lich-va-lu-hanh,D07,Điểm thi THPT,2025,24.25,Quản trị kinh doanh (Chuyên ngành Quản trị du lịch và lữ hành)
130770,QSK,quan-tri-du-lich-va-lu-hanh,X25,Điểm thi THPT,2025,24.25,Quản trị kinh doanh (Chuyên ngành Quản trị du lịch và lữ hành)
130771,QSK,quan-tri-du-lich-va-lu-hanh,X26,Điểm thi THPT,2025,24.25,Quản trị kinh doanh (Chuyên ngành Quản trị du lịch và lữ hành)
130772,QSK,quan-tri-kinh-doanh,A00,Điểm thi THPT,2021,27.1,Quản trị kinh doanh
130773,QSK,quan-tri-kinh-doanh,A01,Điểm thi THPT,2021,27.1,Quản trị kinh doanh
130774,QSK,quan-tri-kinh-doanh,D01,Điểm thi THPT,2021,27.1,Quản trị kinh doanh
130775,QSK,quan-tri-kinh-doanh,D07,Điểm thi THPT,2021,27.1,Quản trị kinh doanh
130776,QSK,quan-tri-kinh-doanh,A00,Điểm thi THPT,2022,26.55,Quản trị kinh doanh
130777,QSK,quan-tri-kinh-doanh,A01,Điểm thi THPT,2022,26.55,Quản trị kinh doanh
130778,QSK,quan-tri-kinh-doanh,D01,Điểm thi THPT,2022,26.55,Quản trị kinh doanh
130779,QSK,quan-tri-kinh-doanh,D07,Điểm thi THPT,2022,26.55,Quản trị kinh doanh
130780,QSK,quan-tri-kinh-doanh,A00,Điểm học bạ,2023,27.8,Quản trị kinh doanh
130781,QSK,quan-tri-kinh-doanh,A01,Điểm học bạ,2023,27.8,Quản trị kinh doanh
130782,QSK,quan-tri-kinh-doanh,D01,Điểm học bạ,2023,27.8,Quản trị kinh doanh
130783,QSK,quan-tri-kinh-doanh,D07,Điểm học bạ,2023,27.8,Quản trị kinh doanh
130784,QSK,quan-tri-kinh-doanh,A00,Điểm thi THPT,2023,26.09,Quản trị kinh doanh (Chuyên ngành Quản trị kinh doanh )
130785,QSK,quan-tri-kinh-doanh,A01,Điểm thi THPT,2023,26.09,Quản trị kinh doanh (Chuyên ngành Quản trị kinh doanh )
130786,QSK,quan-tri-kinh-doanh,D01,Điểm thi THPT,2023,26.09,Quản trị kinh doanh (Chuyên ngành Quản trị kinh doanh )
130787,QSK,quan-tri-kinh-doanh,D07,Điểm thi THPT,2023,26.09,Quản trị kinh doanh (Chuyên ngành Quản trị kinh doanh )
130788,QSK,quan-tri-kinh-doanh,A00,Điểm thi THPT,2024,26.33,Quản trị kinh doanh (Chuyên ngành Quản trị kinh doanh )
130789,QSK,quan-tri-kinh-doanh,A01,Điểm thi THPT,2024,26.33,Quản trị kinh doanh (Chuyên ngành Quản trị kinh doanh )
130790,QSK,quan-tri-kinh-doanh,D01,Điểm thi THPT,2024,26.33,Quản trị kinh doanh (Chuyên ngành Quản trị kinh doanh )
130791,QSK,quan-tri-kinh-doanh,D07,Điểm thi THPT,2024,26.33,Quản trị kinh doanh (Chuyên ngành Quản trị kinh doanh )
130792,QSK,quan-tri-kinh-doanh,A00,Điểm thi THPT,2025,26.59,Quản trị kinh doanh (Chuyên ngành Quản trị kinh doanh)
130793,QSK,quan-tri-kinh-doanh,A01,Điểm thi THPT,2025,26.59,Quản trị kinh doanh (Chuyên ngành Quản trị kinh doanh)
130794,QSK,quan-tri-kinh-doanh,D01,Điểm thi THPT,2025,25.75,Quản trị kinh doanh (Chuyên ngành Quản trị kinh doanh)
130795,QSK,quan-tri-kinh-doanh,D07,Điểm thi THPT,2025,25.75,Quản trị kinh doanh (Chuyên ngành Quản trị kinh doanh)
130796,QSK,quan-tri-kinh-doanh,X25,Điểm thi THPT,2025,25.75,Quản trị kinh doanh (Chuyên ngành Quản trị kinh doanh)
130797,QSK,quan-tri-kinh-doanh,X26,Điểm thi THPT,2025,25.75,Quản trị kinh doanh (Chuyên ngành Quản trị kinh doanh)
130798,QSK,quan-tri-kinh-doanh-chat-luong-cao,A00,Điểm thi THPT,2021,26.55,Quản trị kinh doanh Chất lượng cao
130799,QSK,quan-tri-kinh-doanh-chat-luong-cao,A01,Điểm thi THPT,2021,26.55,Quản trị kinh doanh Chất lượng cao
130800,QSK,quan-tri-kinh-doanh-chat-luong-cao,D01,Điểm thi THPT,2021,26.55,Quản trị kinh doanh Chất lượng cao
130801,QSK,quan-tri-kinh-doanh-chat-luong-cao,D07,Điểm thi THPT,2021,26.55,Quản trị kinh doanh Chất lượng cao
130802,QSK,quan-tri-kinh-doanh-chat-luong-cao,A00,Điểm thi THPT,2022,25.85,Quản trị kinh doanh Chất lượng cao
130803,QSK,quan-tri-kinh-doanh-chat-luong-cao,A01,Điểm thi THPT,2022,25.85,Quản trị kinh doanh Chất lượng cao
130804,QSK,quan-tri-kinh-doanh-chat-luong-cao,D01,Điểm thi THPT,2022,25.85,Quản trị kinh doanh Chất lượng cao
130805,QSK,quan-tri-kinh-doanh-chat-luong-cao,D07,Điểm thi THPT,2022,25.85,Quản trị kinh doanh Chất lượng cao
130806,QSK,quan-tri-kinh-doanh-chat-luong-cao-bang-tieng-anh,A00,Điểm thi THPT,2021,26.1,Quản trị kinh doanh Chất lượng cao bằng tiếng Anh
130807,QSK,quan-tri-kinh-doanh-chat-luong-cao-bang-tieng-anh,A01,Điểm thi THPT,2021,26.1,Quản trị kinh doanh Chất lượng cao bằng tiếng Anh
130808,QSK,quan-tri-kinh-doanh-chat-luong-cao-bang-tieng-anh,D01,Điểm thi THPT,2021,26.1,Quản trị kinh doanh Chất lượng cao bằng tiếng Anh
130809,QSK,quan-tri-kinh-doanh-chat-luong-cao-bang-tieng-anh,D07,Điểm thi THPT,2021,26.1,Quản trị kinh doanh Chất lượng cao bằng tiếng Anh
130810,QSK,quan-tri-kinh-doanh-chat-luong-cao-bang-tieng-anh,A00,Điểm thi THPT,2022,24.75,Quản trị kinh doanh Chất lượng cao bằng tiếng Anh
130811,QSK,quan-tri-kinh-doanh-chat-luong-cao-bang-tieng-anh,A01,Điểm thi THPT,2022,24.75,Quản trị kinh doanh Chất lượng cao bằng tiếng Anh
130812,QSK,quan-tri-kinh-doanh-chat-luong-cao-bang-tieng-anh,D01,Điểm thi THPT,2022,24.75,Quản trị kinh doanh Chất lượng cao bằng tiếng Anh
130813,QSK,quan-tri-kinh-doanh-chat-luong-cao-bang-tieng-anh,D07,Điểm thi THPT,2022,24.75,Quản trị kinh doanh Chất lượng cao bằng tiếng Anh
130814,QSK,quan-tri-kinh-doanh-chat-luong-cao-bang-tieng-anh,A00,Điểm học bạ,2023,26.3,Quản trị kinh doanh Chất lượng cao bằng tiếng Anh
130815,QSK,quan-tri-kinh-doanh-chat-luong-cao-bang-tieng-anh,A01,Điểm học bạ,2023,26.3,Quản trị kinh doanh Chất lượng cao bằng tiếng Anh
130816,QSK,quan-tri-kinh-doanh-chat-luong-cao-bang-tieng-anh,D01,Điểm học bạ,2023,26.3,Quản trị kinh doanh Chất lượng cao bằng tiếng Anh
130817,QSK,quan-tri-kinh-doanh-chat-luong-cao-bang-tieng-anh,D07,Điểm học bạ,2023,26.3,Quản trị kinh doanh Chất lượng cao bằng tiếng Anh
130818,QSK,tai-chinh-ngan-hang,A00,Điểm thi THPT,2021,26.55,Tài chính - Ngân hàng
130819,QSK,tai-chinh-ngan-hang,A01,Điểm thi THPT,2021,26.55,Tài chính - Ngân hàng
130820,QSK,tai-chinh-ngan-hang,D01,Điểm thi THPT,2021,26.55,Tài chính - Ngân hàng
130821,QSK,tai-chinh-ngan-hang,D07,Điểm thi THPT,2021,26.55,Tài chính - Ngân hàng
130822,QSK,tai-chinh-ngan-hang,A00,Điểm thi THPT,2022,26.05,Tài chính - Ngân hàng
130823,QSK,tai-chinh-ngan-hang,A01,Điểm thi THPT,2022,26.05,Tài chính - Ngân hàng
130824,QSK,tai-chinh-ngan-hang,D01,Điểm thi THPT,2022,26.05,Tài chính - Ngân hàng
130825,QSK,tai-chinh-ngan-hang,D07,Điểm thi THPT,2022,26.05,Tài chính - Ngân hàng
130826,QSK,tai-chinh-ngan-hang,A00,Điểm học bạ,2023,28.3,Tài chính - Ngân hàng
130827,QSK,tai-chinh-ngan-hang,A01,Điểm học bạ,2023,28.3,Tài chính - Ngân hàng
130828,QSK,tai-chinh-ngan-hang,D01,Điểm học bạ,2023,28.3,Tài chính - Ngân hàng
130829,QSK,tai-chinh-ngan-hang,D07,Điểm học bạ,2023,28.3,Tài chính - Ngân hàng
130830,QSK,tai-chinh-ngan-hang,A00,Điểm thi THPT,2023,25.59,Tài chính - Ngân hàng
130831,QSK,tai-chinh-ngan-hang,A01,Điểm thi THPT,2023,25.59,Tài chính - Ngân hàng
130832,QSK,tai-chinh-ngan-hang,D01,Điểm thi THPT,2023,25.59,Tài chính - Ngân hàng
130833,QSK,tai-chinh-ngan-hang,D07,Điểm thi THPT,2023,25.59,Tài chính - Ngân hàng
130834,QSK,tai-chinh-ngan-hang,A00,Điểm thi THPT,2024,26.17,Tài chính - Ngân hàng
130835,QSK,tai-chinh-ngan-hang,A01,Điểm thi THPT,2024,26.17,Tài chính - Ngân hàng
130836,QSK,tai-chinh-ngan-hang,D01,Điểm thi THPT,2024,26.17,Tài chính - Ngân hàng
130837,QSK,tai-chinh-ngan-hang,D07,Điểm thi THPT,2024,26.17,Tài chính - Ngân hàng
130838,QSK,tai-chinh-ngan-hang,A00,Điểm thi THPT,2025,26.37,Tài chính - Ngân hàng
130839,QSK,tai-chinh-ngan-hang,A01,Điểm thi THPT,2025,26.37,Tài chính - Ngân hàng
130840,QSK,tai-chinh-ngan-hang,D01,Điểm thi THPT,2025,25.53,Tài chính - Ngân hàng
130841,QSK,tai-chinh-ngan-hang,D07,Điểm thi THPT,2025,25.53,Tài chính - Ngân hàng
130842,QSK,tai-chinh-ngan-hang,X25,Điểm thi THPT,2025,25.53,Tài chính - Ngân hàng
130843,QSK,tai-chinh-ngan-hang,X26,Điểm thi THPT,2025,25.53,Tài chính - Ngân hàng
130844,QSK,tai-chinh-ngan-hang-chat-luong-cao,A00,Điểm thi THPT,2021,26.3,Tài chính - Ngân hàng Chất lượng cao
130845,QSK,tai-chinh-ngan-hang-chat-luong-cao,A01,Điểm thi THPT,2021,26.3,Tài chính - Ngân hàng Chất lượng cao
130846,QSK,tai-chinh-ngan-hang-chat-luong-cao,D01,Điểm thi THPT,2021,26.3,Tài chính - Ngân hàng Chất lượng cao
130847,QSK,tai-chinh-ngan-hang-chat-luong-cao,D07,Điểm thi THPT,2021,26.3,Tài chính - Ngân hàng Chất lượng cao
130848,QSK,tai-chinh-ngan-hang-chat-luong-cao,A00,Điểm thi THPT,2022,25.8,Tài chính - Ngân hàng Chất lượng cao
130849,QSK,tai-chinh-ngan-hang-chat-luong-cao,A01,Điểm thi THPT,2022,25.8,Tài chính - Ngân hàng Chất lượng cao
130850,QSK,tai-chinh-ngan-hang-chat-luong-cao,D01,Điểm thi THPT,2022,25.8,Tài chính - Ngân hàng Chất lượng cao
130851,QSK,tai-chinh-ngan-hang-chat-luong-cao,D07,Điểm thi THPT,2022,25.8,Tài chính - Ngân hàng Chất lượng cao
130852,QSK,tai-chinh-ngan-hang-chat-luong-cao-bang-tieng-anh,A00,Điểm thi THPT,2021,25.6,Tài chính - Ngân hàng Chất lượng cao bằng tiếng Anh
130853,QSK,tai-chinh-ngan-hang-chat-luong-cao-bang-tieng-anh,A01,Điểm thi THPT,2021,25.6,Tài chính - Ngân hàng Chất lượng cao bằng tiếng Anh
130854,QSK,tai-chinh-ngan-hang-chat-luong-cao-bang-tieng-anh,D01,Điểm thi THPT,2021,25.6,Tài chính - Ngân hàng Chất lượng cao bằng tiếng Anh
130855,QSK,tai-chinh-ngan-hang-chat-luong-cao-bang-tieng-anh,D07,Điểm thi THPT,2021,25.6,Tài chính - Ngân hàng Chất lượng cao bằng tiếng Anh
130856,QSK,tai-chinh-ngan-hang-chat-luong-cao-bang-tieng-anh,A00,Điểm thi THPT,2022,24.65,Tài chính - Ngân hàng Chất lượng cao bằng tiếng Anh
130857,QSK,tai-chinh-ngan-hang-chat-luong-cao-bang-tieng-anh,A01,Điểm thi THPT,2022,24.65,Tài chính - Ngân hàng Chất lượng cao bằng tiếng Anh
130858,QSK,tai-chinh-ngan-hang-chat-luong-cao-bang-tieng-anh,D01,Điểm thi THPT,2022,24.65,Tài chính - Ngân hàng Chất lượng cao bằng tiếng Anh
130859,QSK,tai-chinh-ngan-hang-chat-luong-cao-bang-tieng-anh,D07,Điểm thi THPT,2022,24.65,Tài chính - Ngân hàng Chất lượng cao bằng tiếng Anh
130860,QSK,thuong-mai-dien-tu,A00,Điểm thi THPT,2021,27.5,Thương mại điện tử
130861,QSK,thuong-mai-dien-tu,A01,Điểm thi THPT,2021,27.5,Thương mại điện tử
130862,QSK,thuong-mai-dien-tu,D01,Điểm thi THPT,2021,27.5,Thương mại điện tử
130863,QSK,thuong-mai-dien-tu,D07,Điểm thi THPT,2021,27.5,Thương mại điện tử
130864,QSK,thuong-mai-dien-tu,A00,Điểm thi THPT,2022,27.55,Thương mại điện tử
130865,QSK,thuong-mai-dien-tu,A01,Điểm thi THPT,2022,27.55,Thương mại điện tử
130866,QSK,thuong-mai-dien-tu,D01,Điểm thi THPT,2022,27.55,Thương mại điện tử
130867,QSK,thuong-mai-dien-tu,D07,Điểm thi THPT,2022,27.55,Thương mại điện tử
130868,QSK,thuong-mai-dien-tu,A00,Điểm học bạ,2023,28.5,Thương mại điện tử
130869,QSK,thuong-mai-dien-tu,A01,Điểm học bạ,2023,28.5,Thương mại điện tử
130870,QSK,thuong-mai-dien-tu,D01,Điểm học bạ,2023,28.5,Thương mại điện tử
130871,QSK,thuong-mai-dien-tu,D07,Điểm học bạ,2023,28.5,Thương mại điện tử
130872,QSK,thuong-mai-dien-tu,A00,Điểm thi THPT,2023,27.48,Thương mại điện tử
130873,QSK,thuong-mai-dien-tu,A01,Điểm thi THPT,2023,27.48,Thương mại điện tử
130874,QSK,thuong-mai-dien-tu,D01,Điểm thi THPT,2023,27.48,Thương mại điện tử
130875,QSK,thuong-mai-dien-tu,D07,Điểm thi THPT,2023,27.48,Thương mại điện tử
130876,QSK,thuong-mai-dien-tu,A00,Điểm thi THPT,2024,27.44,Thương mại điện tử
130877,QSK,thuong-mai-dien-tu,A01,Điểm thi THPT,2024,27.44,Thương mại điện tử
130878,QSK,thuong-mai-dien-tu,D01,Điểm thi THPT,2024,27.44,Thương mại điện tử
130879,QSK,thuong-mai-dien-tu,D07,Điểm thi THPT,2024,27.44,Thương mại điện tử
130880,QSK,thuong-mai-dien-tu,A00,Điểm thi THPT,2025,27.7,Thương mại điện tử
130881,QSK,thuong-mai-dien-tu,A01,Điểm thi THPT,2025,27.7,Thương mại điện tử
130882,QSK,thuong-mai-dien-tu,D01,Điểm thi THPT,2025,26.67,Thương mại điện tử
130883,QSK,thuong-mai-dien-tu,D07,Điểm thi THPT,2025,26.67,Thương mại điện tử
130884,QSK,thuong-mai-dien-tu,X25,Điểm thi THPT,2025,26.67,Thương mại điện tử
130885,QSK,thuong-mai-dien-tu,X26,Điểm thi THPT,2025,26.67,Thương mại điện tử
130886,QSK,thuong-mai-dien-tu-chat-luong-cao,A00,Điểm thi THPT,2021,27.2,Thương mại điện tử Chất lượng cao
130887,QSK,thuong-mai-dien-tu-chat-luong-cao,A01,Điểm thi THPT,2021,27.2,Thương mại điện tử Chất lượng cao
130888,QSK,thuong-mai-dien-tu-chat-luong-cao,D01,Điểm thi THPT,2021,27.2,Thương mại điện tử Chất lượng cao
130889,QSK,thuong-mai-dien-tu-chat-luong-cao,D07,Điểm thi THPT,2021,27.2,Thương mại điện tử Chất lượng cao
130890,QSK,thuong-mai-dien-tu-chat-luong-cao,A00,Điểm thi THPT,2022,26.75,Thương mại điện tử Chất lượng cao
130891,QSK,thuong-mai-dien-tu-chat-luong-cao,A01,Điểm thi THPT,2022,26.75,Thương mại điện tử Chất lượng cao
130892,QSK,thuong-mai-dien-tu-chat-luong-cao,D01,Điểm thi THPT,2022,26.75,Thương mại điện tử Chất lượng cao
130893,QSK,thuong-mai-dien-tu-chat-luong-cao,D07,Điểm thi THPT,2022,26.75,Thương mại điện tử Chất lượng cao
130894,QSK,thuong-mai-dien-tu-chat-luong-cao-bang-tieng-anh,A00,Điểm thi THPT,2021,26.15,Thương mại điện tử Chất lượng cao bằng tiếng Anh
130895,QSK,thuong-mai-dien-tu-chat-luong-cao-bang-tieng-anh,A01,Điểm thi THPT,2021,26.15,Thương mại điện tử Chất lượng cao bằng tiếng Anh
130896,QSK,thuong-mai-dien-tu-chat-luong-cao-bang-tieng-anh,D01,Điểm thi THPT,2021,26.15,Thương mại điện tử Chất lượng cao bằng tiếng Anh
130897,QSK,thuong-mai-dien-tu-chat-luong-cao-bang-tieng-anh,D07,Điểm thi THPT,2021,26.15,Thương mại điện tử Chất lượng cao bằng tiếng Anh
130898,QSK,thuong-mai-dien-tu-chat-luong-cao-bang-tieng-anh,A00,Điểm thi THPT,2022,25.95,Thương mại điện tử Chất lượng cao bằng tiếng Anh
130899,QSK,thuong-mai-dien-tu-chat-luong-cao-bang-tieng-anh,A01,Điểm thi THPT,2022,25.95,Thương mại điện tử Chất lượng cao bằng tiếng Anh
130900,QSK,thuong-mai-dien-tu-chat-luong-cao-bang-tieng-anh,D01,Điểm thi THPT,2022,25.95,Thương mại điện tử Chất lượng cao bằng tiếng Anh
130901,QSK,thuong-mai-dien-tu-chat-luong-cao-bang-tieng-anh,D07,Điểm thi THPT,2022,25.95,Thương mại điện tử Chất lượng cao bằng tiếng Anh
130902,QSK,thuong-mai-dien-tu-chat-luong-cao-bang-tieng-anh,A00,Điểm học bạ,2023,26.2,Thương mại điện tử Chất lượng cao bằng tiếng Anh
130903,QSK,thuong-mai-dien-tu-chat-luong-cao-bang-tieng-anh,A01,Điểm học bạ,2023,26.2,Thương mại điện tử Chất lượng cao bằng tiếng Anh
130904,QSK,thuong-mai-dien-tu-chat-luong-cao-bang-tieng-anh,D01,Điểm học bạ,2023,26.2,Thương mại điện tử Chất lượng cao bằng tiếng Anh
130905,QSK,thuong-mai-dien-tu-chat-luong-cao-bang-tieng-anh,D07,Điểm học bạ,2023,26.2,Thương mại điện tử Chất lượng cao bằng tiếng Anh
130906,QSK,toan-kinh-te,A00,Điểm thi THPT,2021,25.75,"Toán kinh tế (Toán ứng dụng trong kinh tế, quản trị và tài chính)"
130907,QSK,toan-kinh-te,A01,Điểm thi THPT,2021,25.75,"Toán kinh tế (Toán ứng dụng trong kinh tế, quản trị và tài chính)"
130908,QSK,toan-kinh-te,D01,Điểm thi THPT,2021,25.75,"Toán kinh tế (Toán ứng dụng trong kinh tế, quản trị và tài chính)"
130909,QSK,toan-kinh-te,D07,Điểm thi THPT,2021,25.75,"Toán kinh tế (Toán ứng dụng trong kinh tế, quản trị và tài chính)"
130910,QSK,toan-kinh-te,A00,Điểm thi THPT,2022,25.5,"Toán kinh tế (Toán ứng dụng trong kinh tế, quản trị và tài chính)"
130911,QSK,toan-kinh-te,A01,Điểm thi THPT,2022,25.5,"Toán kinh tế (Toán ứng dụng trong kinh tế, quản trị và tài chính)"
130912,QSK,toan-kinh-te,D01,Điểm thi THPT,2022,25.5,"Toán kinh tế (Toán ứng dụng trong kinh tế, quản trị và tài chính)"
130913,QSK,toan-kinh-te,D07,Điểm thi THPT,2022,25.5,"Toán kinh tế (Toán ứng dụng trong kinh tế, quản trị và tài chính)"
130914,QSK,toan-kinh-te,A00,Điểm học bạ,2023,25.0,"Toán kinh tế (Toán ứng dụng trong kinh tế, quản trị và tài chính)"
130915,QSK,toan-kinh-te,A01,Điểm học bạ,2023,25.0,"Toán kinh tế (Toán ứng dụng trong kinh tế, quản trị và tài chính)"
130916,QSK,toan-kinh-te,D01,Điểm học bạ,2023,25.0,"Toán kinh tế (Toán ứng dụng trong kinh tế, quản trị và tài chính)"
130917,QSK,toan-kinh-te,D07,Điểm học bạ,2023,25.0,"Toán kinh tế (Toán ứng dụng trong kinh tế, quản trị và tài chính)"
130918,QSK,toan-kinh-te-chat-luong-cao,A00,Điểm thi THPT,2021,25.35,"Toán kinh tế (Toán ứng dụng trong kinh tế, quản trị và tài chính) Chất lượng cao"
130919,QSK,toan-kinh-te-chat-luong-cao,A01,Điểm thi THPT,2021,25.35,"Toán kinh tế (Toán ứng dụng trong kinh tế, quản trị và tài chính) Chất lượng cao"
130920,QSK,toan-kinh-te-chat-luong-cao,D01,Điểm thi THPT,2021,25.35,"Toán kinh tế (Toán ứng dụng trong kinh tế, quản trị và tài chính) Chất lượng cao"
130921,QSK,toan-kinh-te-chat-luong-cao,D07,Điểm thi THPT,2021,25.35,"Toán kinh tế (Toán ứng dụng trong kinh tế, quản trị và tài chính) Chất lượng cao"
130922,QSK,toan-kinh-te-chat-luong-cao,A00,Điểm thi THPT,2022,25.05,"Toán kinh tế (Toán ứng dụng trong kinh tế, quản trị và tài chính) Chất lượng cao"
130923,QSK,toan-kinh-te-chat-luong-cao,A01,Điểm thi THPT,2022,25.05,"Toán kinh tế (Toán ứng dụng trong kinh tế, quản trị và tài chính) Chất lượng cao"
130924,QSK,toan-kinh-te-chat-luong-cao,D01,Điểm thi THPT,2022,25.05,"Toán kinh tế (Toán ứng dụng trong kinh tế, quản trị và tài chính) Chất lượng cao"
130925,QSK,toan-kinh-te-chat-luong-cao,D07,Điểm thi THPT,2022,25.05,"Toán kinh tế (Toán ứng dụng trong kinh tế, quản trị và tài chính) Chất lượng cao"
130926,QSK,toan-kinh-te-chat-luong-cao-bang-tieng-anh,A00,Điểm thi THPT,2021,23.4,"Toán kinh tế (Toán ứng dụng trong kinh tế, quản trị và tài chính) Chất lượng cao bằng tiếng Anh"
130927,QSK,toan-kinh-te-chat-luong-cao-bang-tieng-anh,A01,Điểm thi THPT,2021,23.4,"Toán kinh tế (Toán ứng dụng trong kinh tế, quản trị và tài chính) Chất lượng cao bằng tiếng Anh"
130928,QSK,toan-kinh-te-chat-luong-cao-bang-tieng-anh,D01,Điểm thi THPT,2021,23.4,"Toán kinh tế (Toán ứng dụng trong kinh tế, quản trị và tài chính) Chất lượng cao bằng tiếng Anh"
130929,QSK,toan-kinh-te-chat-luong-cao-bang-tieng-anh,D07,Điểm thi THPT,2021,23.4,"Toán kinh tế (Toán ứng dụng trong kinh tế, quản trị và tài chính) Chất lượng cao bằng tiếng Anh"
130930,QSK,toan-kinh-te-chat-luong-cao-bang-tieng-anh,A00,Điểm thi THPT,2022,24.0,"Toán kinh tế (Toán ứng dụng trong kinh tế, quản trị và tài chính) Chất lượng cao bằng tiếng Anh"
130931,QSK,toan-kinh-te-chat-luong-cao-bang-tieng-anh,A01,Điểm thi THPT,2022,24.0,"Toán kinh tế (Toán ứng dụng trong kinh tế, quản trị và tài chính) Chất lượng cao bằng tiếng Anh"
130932,QSK,toan-kinh-te-chat-luong-cao-bang-tieng-anh,D01,Điểm thi THPT,2022,24.0,"Toán kinh tế (Toán ứng dụng trong kinh tế, quản trị và tài chính) Chất lượng cao bằng tiếng Anh"
130933,QSK,toan-kinh-te-chat-luong-cao-bang-tieng-anh,D07,Điểm thi THPT,2022,24.0,"Toán kinh tế (Toán ứng dụng trong kinh tế, quản trị và tài chính) Chất lượng cao bằng tiếng Anh"
130934,QSK,toan-kinh-te-chat-luong-cao-bang-tieng-anh,A00,Điểm học bạ,2023,23.0,"Toán kinh tế (Toán ứng dụng trong kinh tế, quản trị và tài chính) Chất lượng cao bằng tiếng Anh"
130935,QSK,toan-kinh-te-chat-luong-cao-bang-tieng-anh,A01,Điểm học bạ,2023,23.0,"Toán kinh tế (Toán ứng dụng trong kinh tế, quản trị và tài chính) Chất lượng cao bằng tiếng Anh"
130936,QSK,toan-kinh-te-chat-luong-cao-bang-tieng-anh,D01,Điểm học bạ,2023,23.0,"Toán kinh tế (Toán ứng dụng trong kinh tế, quản trị và tài chính) Chất lượng cao bằng tiếng Anh"
130937,QSK,toan-kinh-te-chat-luong-cao-bang-tieng-anh,D07,Điểm học bạ,2023,23.0,"Toán kinh tế (Toán ứng dụng trong kinh tế, quản trị và tài chính) Chất lượng cao bằng tiếng Anh"
130938,QSK,toan-ung-dung-trong-kinh-te-quan-tri-va-tai-chinh,A00,Điểm thi THPT,2023,25.47,"Toán Kinh tế (Chuyên ngành Toán ứng dụng trong Kinh tế , Quản trị và Tài chính)"
130939,QSK,toan-ung-dung-trong-kinh-te-quan-tri-va-tai-chinh,A01,Điểm thi THPT,2023,25.47,"Toán Kinh tế (Chuyên ngành Toán ứng dụng trong Kinh tế , Quản trị và Tài chính)"
130940,QSK,toan-ung-dung-trong-kinh-te-quan-tri-va-tai-chinh,D01,Điểm thi THPT,2023,25.47,"Toán Kinh tế (Chuyên ngành Toán ứng dụng trong Kinh tế , Quản trị và Tài chính)"
130941,QSK,toan-ung-dung-trong-kinh-te-quan-tri-va-tai-chinh,D07,Điểm thi THPT,2023,25.47,"Toán Kinh tế (Chuyên ngành Toán ứng dụng trong Kinh tế , Quản trị và Tài chính)"
130942,QSK,toan-ung-dung-trong-kinh-te-quan-tri-va-tai-chinh,A00,Điểm thi THPT,2024,26.22,"Toán Kinh tế (Chuyên ngành Toán ứng dụng trong Kinh tế, Quản trị và Tài chính)"
130943,QSK,toan-ung-dung-trong-kinh-te-quan-tri-va-tai-chinh,A01,Điểm thi THPT,2024,26.22,"Toán Kinh tế (Chuyên ngành Toán ứng dụng trong Kinh tế, Quản trị và Tài chính)"
130944,QSK,toan-ung-dung-trong-kinh-te-quan-tri-va-tai-chinh,D01,Điểm thi THPT,2024,26.22,"Toán Kinh tế (Chuyên ngành Toán ứng dụng trong Kinh tế, Quản trị và Tài chính)"
130945,QSK,toan-ung-dung-trong-kinh-te-quan-tri-va-tai-chinh,D07,Điểm thi THPT,2024,26.22,"Toán Kinh tế (Chuyên ngành Toán ứng dụng trong Kinh tế, Quản trị và Tài chính)"
130946,QSK,toan-ung-dung-trong-kinh-te-quan-tri-va-tai-chinh,A00,Điểm thi THPT,2025,25.75,"Toán kinh tế (Chuyên ngành Toán ứng dụng trong Kinh tế, Quản trị và Tài chính)"
130947,QSK,toan-ung-dung-trong-kinh-te-quan-tri-va-tai-chinh,A01,Điểm thi THPT,2025,25.75,"Toán kinh tế (Chuyên ngành Toán ứng dụng trong Kinh tế, Quản trị và Tài chính)"
130948,QSK,toan-ung-dung-trong-kinh-te-quan-tri-va-tai-chinh,D01,Điểm thi THPT,2025,25.0,"Toán kinh tế (Chuyên ngành Toán ứng dụng trong Kinh tế, Quản trị và Tài chính)"
130949,QSK,toan-ung-dung-trong-kinh-te-quan-tri-va-tai-chinh,D07,Điểm thi THPT,2025,25.0,"Toán kinh tế (Chuyên ngành Toán ứng dụng trong Kinh tế, Quản trị và Tài chính)"
130950,QSK,toan-ung-dung-trong-kinh-te-quan-tri-va-tai-chinh,X25,Điểm thi THPT,2025,25.0,"Toán kinh tế (Chuyên ngành Toán ứng dụng trong Kinh tế, Quản trị và Tài chính)"
130951,QSK,toan-ung-dung-trong-kinh-te-quan-tri-va-tai-chinh,X26,Điểm thi THPT,2025,25.0,"Toán kinh tế (Chuyên ngành Toán ứng dụng trong Kinh tế, Quản trị và Tài chính)"
130952,QSP,ky-thuat-xay-dung,A00,Điểm thi THPT,2023,17.0,Kỹ thuật xây dựng
130953,QSP,ky-thuat-xay-dung,A01,Điểm thi THPT,2023,17.0,Kỹ thuật xây dựng
130954,QSP,ky-thuat-xay-dung,D90,Điểm thi THPT,2023,17.0,Kỹ thuật xây dựng
130955,QSP,ky-thuat-xay-dung,A00,Điểm thi THPT,2024,17.5,Kỹ thuật xây dựng
130956,QSP,ky-thuat-xay-dung,A01,Điểm thi THPT,2024,17.5,Kỹ thuật xây dựng
130957,QSP,ky-thuat-xay-dung,D90,Điểm thi THPT,2024,17.5,Kỹ thuật xây dựng
130958,QSQ,cong-nghe-sinh-hoc,A00,Điểm thi THPT,2021,20.0,Công nghệ Sinh học
130959,QSQ,cong-nghe-sinh-hoc,B00,Điểm thi THPT,2021,20.0,Công nghệ Sinh học
130960,QSQ,cong-nghe-sinh-hoc,B08,Điểm thi THPT,2021,20.0,Công nghệ Sinh học
130961,QSQ,cong-nghe-sinh-hoc,D07,Điểm thi THPT,2021,20.0,Công nghệ Sinh học
130962,QSQ,cong-nghe-sinh-hoc,A00,Điểm thi THPT,2022,20.0,Công nghệ Sinh học
130963,QSQ,cong-nghe-sinh-hoc,B00,Điểm thi THPT,2022,20.0,Công nghệ Sinh học
130964,QSQ,cong-nghe-sinh-hoc,B08,Điểm thi THPT,2022,20.0,Công nghệ Sinh học
130965,QSQ,cong-nghe-sinh-hoc,D07,Điểm thi THPT,2022,20.0,Công nghệ Sinh học
130966,QSQ,cong-nghe-sinh-hoc,A00,Điểm thi THPT,2023,20.0,Công nghệ Sinh học
130967,QSQ,cong-nghe-sinh-hoc,B00,Điểm thi THPT,2023,20.0,Công nghệ Sinh học
130968,QSQ,cong-nghe-sinh-hoc,B08,Điểm thi THPT,2023,20.0,Công nghệ Sinh học
130969,QSQ,cong-nghe-sinh-hoc,D07,Điểm thi THPT,2023,20.0,Công nghệ Sinh học
130970,QSQ,cong-nghe-sinh-hoc,A00,Điểm thi THPT,2024,20.5,Công nghệ sinh học
130971,QSQ,cong-nghe-sinh-hoc,B00,Điểm thi THPT,2024,20.5,Công nghệ sinh học
130972,QSQ,cong-nghe-sinh-hoc,B08,Điểm thi THPT,2024,20.5,Công nghệ sinh học
130973,QSQ,cong-nghe-sinh-hoc,D07,Điểm thi THPT,2024,20.5,Công nghệ sinh học
130974,QSQ,cong-nghe-thong-tin,A00,Điểm thi THPT,2021,24.0,Công nghệ Thông tin
130975,QSQ,cong-nghe-thong-tin,A01,Điểm thi THPT,2021,24.0,Công nghệ Thông tin
130976,QSQ,cong-nghe-thong-tin,A00,Điểm thi THPT,2022,27.5,Công nghệ Thông tin
130977,QSQ,cong-nghe-thong-tin,A01,Điểm thi THPT,2022,27.5,Công nghệ Thông tin
130978,QSQ,cong-nghe-thong-tin,A00,Điểm thi THPT,2023,25.0,Công nghệ thông tin
130979,QSQ,cong-nghe-thong-tin,A01,Điểm thi THPT,2023,25.0,Công nghệ thông tin
130980,QSQ,cong-nghe-thong-tin,A00,Điểm thi THPT,2024,24.0,Công nghệ thông tin
130981,QSQ,cong-nghe-thong-tin,A01,Điểm thi THPT,2024,24.0,Công nghệ thông tin
130982,QSQ,cong-nghe-thuc-pham,A00,Điểm thi THPT,2021,20.0,Công nghệ Thực phẩm
130983,QSQ,cong-nghe-thuc-pham,A01,Điểm thi THPT,2021,20.0,Công nghệ Thực phẩm
130984,QSQ,cong-nghe-thuc-pham,B00,Điểm thi THPT,2021,20.0,Công nghệ Thực phẩm
130985,QSQ,cong-nghe-thuc-pham,D07,Điểm thi THPT,2021,20.0,Công nghệ Thực phẩm
130986,QSQ,cong-nghe-thuc-pham,A00,Điểm thi THPT,2022,20.0,Công nghệ Thực phẩm
130987,QSQ,cong-nghe-thuc-pham,A01,Điểm thi THPT,2022,20.0,Công nghệ Thực phẩm
130988,QSQ,cong-nghe-thuc-pham,B00,Điểm thi THPT,2022,20.0,Công nghệ Thực phẩm
130989,QSQ,cong-nghe-thuc-pham,D07,Điểm thi THPT,2022,20.0,Công nghệ Thực phẩm
130990,QSQ,cong-nghe-thuc-pham,A00,Điểm thi THPT,2023,19.0,Công nghệ Thực phẩm
130991,QSQ,cong-nghe-thuc-pham,A01,Điểm thi THPT,2023,19.0,Công nghệ Thực phẩm
130992,QSQ,cong-nghe-thuc-pham,B00,Điểm thi THPT,2023,19.0,Công nghệ Thực phẩm
130993,QSQ,cong-nghe-thuc-pham,D07,Điểm thi THPT,2023,19.0,Công nghệ Thực phẩm
130994,QSQ,cong-nghe-thuc-pham,A00,Điểm thi THPT,2024,19.0,Công nghệ thực phẩm
130995,QSQ,cong-nghe-thuc-pham,A01,Điểm thi THPT,2024,19.0,Công nghệ thực phẩm
130996,QSQ,cong-nghe-thuc-pham,B00,Điểm thi THPT,2024,19.0,Công nghệ thực phẩm
130997,QSQ,cong-nghe-thuc-pham,D07,Điểm thi THPT,2024,19.0,Công nghệ thực phẩm
130998,QSQ,hoa-hoc,A00,Điểm thi THPT,2021,20.0,Hoá học (Hóa sinh)
130999,QSQ,hoa-hoc,B00,Điểm thi THPT,2021,20.0,Hoá học (Hóa sinh)
131000,QSQ,hoa-hoc,B08,Điểm thi THPT,2021,20.0,Hoá học (Hóa sinh)
131001,QSQ,hoa-hoc,D07,Điểm thi THPT,2021,20.0,Hoá học (Hóa sinh)
131002,QSQ,hoa-hoc,A00,Điểm thi THPT,2022,18.0,Hoá học (Hóa sinh)
131003,QSQ,hoa-hoc,B00,Điểm thi THPT,2022,18.0,Hoá học (Hóa sinh)
131004,QSQ,hoa-hoc,B08,Điểm thi THPT,2022,18.0,Hoá học (Hóa sinh)
131005,QSQ,hoa-hoc,D07,Điểm thi THPT,2022,18.0,Hoá học (Hóa sinh)
131006,QSQ,hoa-hoc,A00,Điểm thi THPT,2023,19.0,Hóa học(Hóa sinh)
131007,QSQ,hoa-hoc,B00,Điểm thi THPT,2023,19.0,Hóa học(Hóa sinh)
131008,QSQ,hoa-hoc,B08,Điểm thi THPT,2023,19.0,Hóa học(Hóa sinh)
131009,QSQ,hoa-hoc,D07,Điểm thi THPT,2023,19.0,Hóa học(Hóa sinh)
131010,QSQ,hoa-hoc,A00,Điểm thi THPT,2024,19.0,Hóa học (Hóa sinh)
131011,QSQ,hoa-hoc,B00,Điểm thi THPT,2024,19.0,Hóa học (Hóa sinh)
131012,QSQ,hoa-hoc,B08,Điểm thi THPT,2024,19.0,Hóa học (Hóa sinh)
131013,QSQ,hoa-hoc,D07,Điểm thi THPT,2024,19.0,Hóa học (Hóa sinh)
131014,QSQ,ke-toan,A00,Điểm thi THPT,2021,24.5,Kế toán
131015,QSQ,ke-toan,A01,Điểm thi THPT,2021,24.5,Kế toán
131016,QSQ,ke-toan,D01,Điểm thi THPT,2021,24.5,Kế toán
131017,QSQ,ke-toan,A00,Điểm thi THPT,2022,22.0,Kế toán
131018,QSQ,ke-toan,A01,Điểm thi THPT,2022,22.0,Kế toán
131019,QSQ,ke-toan,D01,Điểm thi THPT,2022,22.0,Kế toán
131020,QSQ,ke-toan,D07,Điểm thi THPT,2022,22.0,Kế toán
131021,QSQ,ke-toan,A00,Điểm thi THPT,2023,23.0,Kế toán
131022,QSQ,ke-toan,A01,Điểm thi THPT,2023,23.0,Kế toán
131023,QSQ,ke-toan,D01,Điểm thi THPT,2023,23.0,Kế toán
131024,QSQ,ke-toan,D07,Điểm thi THPT,2023,23.0,Kế toán
131025,QSQ,ke-toan,A00,Điểm thi THPT,2024,22.5,Kế toán
131026,QSQ,ke-toan,A01,Điểm thi THPT,2024,22.5,Kế toán
131027,QSQ,ke-toan,D01,Điểm thi THPT,2024,22.5,Kế toán
131028,QSQ,ke-toan,D07,Điểm thi THPT,2024,22.5,Kế toán
131029,QSQ,khoa-hoc-du-lieu,A00,Điểm thi THPT,2021,24.0,Khoa học dữ liệu
131030,QSQ,khoa-hoc-du-lieu,A01,Điểm thi THPT,2021,24.0,Khoa học dữ liệu
131031,QSQ,khoa-hoc-du-lieu,A00,Điểm thi THPT,2022,26.0,Khoa học dữ liệu
131032,QSQ,khoa-hoc-du-lieu,A01,Điểm thi THPT,2022,26.0,Khoa học dữ liệu
131033,QSQ,khoa-hoc-du-lieu,A00,Điểm thi THPT,2023,25.0,Khoa học Dữ liệu
131034,QSQ,khoa-hoc-du-lieu,A01,Điểm thi THPT,2023,25.0,Khoa học Dữ liệu
131035,QSQ,khoa-hoc-du-lieu,A00,Điểm thi THPT,2024,24.0,Khoa học dữ liệu
131036,QSQ,khoa-hoc-du-lieu,A01,Điểm thi THPT,2024,24.0,Khoa học dữ liệu
131037,QSQ,khoa-hoc-may-tinh,A00,Điểm thi THPT,2021,24.0,Khoa học máy tính
131038,QSQ,khoa-hoc-may-tinh,A01,Điểm thi THPT,2021,24.0,Khoa học máy tính
131039,QSQ,khoa-hoc-may-tinh,A00,Điểm thi THPT,2022,25.0,Khoa học máy tính
131040,QSQ,khoa-hoc-may-tinh,A01,Điểm thi THPT,2022,25.0,Khoa học máy tính
131041,QSQ,khoa-hoc-may-tinh,A00,Điểm thi THPT,2023,25.0,Khoa học Máy tính
131042,QSQ,khoa-hoc-may-tinh,A01,Điểm thi THPT,2023,25.0,Khoa học Máy tính
131043,QSQ,khoa-hoc-may-tinh,A00,Điểm thi THPT,2024,24.0,Khoa học máy tính
131044,QSQ,khoa-hoc-may-tinh,A01,Điểm thi THPT,2024,24.0,Khoa học máy tính
131045,QSQ,khoa-hoc-su-song-va-hoa-hoc-cong-nghe-sinh-hoc,A00,Điểm thi THPT,2025,19.75,Khoa học sự sống và Hóa học (Công nghệ sinh học (CTLK với ĐH West of England) (2+2); Công nghệ sinh học định hướng Y Sinh (CTLK với ĐH West of England) (4+0))
131046,QSQ,khoa-hoc-su-song-va-hoa-hoc-cong-nghe-sinh-hoc,B00,Điểm thi THPT,2025,19.75,Khoa học sự sống và Hóa học (Công nghệ sinh học (CTLK với ĐH West of England) (2+2); Công nghệ sinh học định hướng Y Sinh (CTLK với ĐH West of England) (4+0))
131047,QSQ,khoa-hoc-su-song-va-hoa-hoc-cong-nghe-sinh-hoc,B08,Điểm thi THPT,2025,19.75,Khoa học sự sống và Hóa học (Công nghệ sinh học (CTLK với ĐH West of England) (2+2); Công nghệ sinh học định hướng Y Sinh (CTLK với ĐH West of England) (4+0))
131048,QSQ,khoa-hoc-su-song-va-hoa-hoc-cong-nghe-sinh-hoc,C08,Điểm thi THPT,2025,19.75,Khoa học sự sống và Hóa học (Công nghệ sinh học (CTLK với ĐH West of England) (2+2); Công nghệ sinh học định hướng Y Sinh (CTLK với ĐH West of England) (4+0))
131049,QSQ,khoa-hoc-su-song-va-hoa-hoc-cong-nghe-sinh-hoc,D07,Điểm thi THPT,2025,19.75,Khoa học sự sống và Hóa học (Công nghệ sinh học (CTLK với ĐH West of England) (2+2); Công nghệ sinh học định hướng Y Sinh (CTLK với ĐH West of England) (4+0))
131050,QSQ,khoa-hoc-su-song-va-hoa-hoc-cong-nghe-sinh-hoc,D12,Điểm thi THPT,2025,19.75,Khoa học sự sống và Hóa học (Công nghệ sinh học (CTLK với ĐH West of England) (2+2); Công nghệ sinh học định hướng Y Sinh (CTLK với ĐH West of England) (4+0))
131051,QSQ,khoa-hoc-su-song-va-hoa-hoc-cong-nghe-sinh-hoc,D13,Điểm thi THPT,2025,19.75,Khoa học sự sống và Hóa học (Công nghệ sinh học (CTLK với ĐH West of England) (2+2); Công nghệ sinh học định hướng Y Sinh (CTLK với ĐH West of England) (4+0))
131052,QSQ,khoa-hoc-su-song-va-hoa-hoc-ky-thuat-hoa-hoc,A00,Điểm thi THPT,2025,18.5,Khoa học sự sống và Hóa học (Nhóm ngành: Công nghệ sinh học; Công nghệ thực phẩm; Hóa học (Hóa sinh); Kỹ thuật hóa học)
131053,QSQ,khoa-hoc-su-song-va-hoa-hoc-ky-thuat-hoa-hoc,B00,Điểm thi THPT,2025,18.5,Khoa học sự sống và Hóa học (Nhóm ngành: Công nghệ sinh học; Công nghệ thực phẩm; Hóa học (Hóa sinh); Kỹ thuật hóa học)
131054,QSQ,khoa-hoc-su-song-va-hoa-hoc-ky-thuat-hoa-hoc,B08,Điểm thi THPT,2025,18.5,Khoa học sự sống và Hóa học (Nhóm ngành: Công nghệ sinh học; Công nghệ thực phẩm; Hóa học (Hóa sinh); Kỹ thuật hóa học)
131055,QSQ,khoa-hoc-su-song-va-hoa-hoc-ky-thuat-hoa-hoc,C08,Điểm thi THPT,2025,18.5,Khoa học sự sống và Hóa học (Nhóm ngành: Công nghệ sinh học; Công nghệ thực phẩm; Hóa học (Hóa sinh); Kỹ thuật hóa học)
131056,QSQ,khoa-hoc-su-song-va-hoa-hoc-ky-thuat-hoa-hoc,D07,Điểm thi THPT,2025,18.5,Khoa học sự sống và Hóa học (Nhóm ngành: Công nghệ sinh học; Công nghệ thực phẩm; Hóa học (Hóa sinh); Kỹ thuật hóa học)
131057,QSQ,khoa-hoc-su-song-va-hoa-hoc-ky-thuat-hoa-hoc,D12,Điểm thi THPT,2025,18.5,Khoa học sự sống và Hóa học (Nhóm ngành: Công nghệ sinh học; Công nghệ thực phẩm; Hóa học (Hóa sinh); Kỹ thuật hóa học)
131058,QSQ,khoa-hoc-su-song-va-hoa-hoc-ky-thuat-hoa-hoc,D13,Điểm thi THPT,2025,18.5,Khoa học sự sống và Hóa học (Nhóm ngành: Công nghệ sinh học; Công nghệ thực phẩm; Hóa học (Hóa sinh); Kỹ thuật hóa học)
131059,QSQ,kinh-doanh-quan-ly-kinh-te,A01,Điểm thi THPT,2025,22.0,Kinh doanh – Quản lý – Kinh tế (Nhóm ngành: Quản trị kinh doanh; Marketing; Tài chính – Ngân hàng; Kế toán; Kinh tế (Phân tích dữ liệu trong kinh tế))
131060,QSQ,kinh-doanh-quan-ly-kinh-te,D01,Điểm thi THPT,2025,22.0,Kinh doanh – Quản lý – Kinh tế (Nhóm ngành: Quản trị kinh doanh; Marketing; Tài chính – Ngân hàng; Kế toán; Kinh tế (Phân tích dữ liệu trong kinh tế))
131061,QSQ,kinh-doanh-quan-ly-kinh-te,D07,Điểm thi THPT,2025,22.0,Kinh doanh – Quản lý – Kinh tế (Nhóm ngành: Quản trị kinh doanh; Marketing; Tài chính – Ngân hàng; Kế toán; Kinh tế (Phân tích dữ liệu trong kinh tế))
131062,QSQ,kinh-doanh-quan-ly-kinh-te,D09,Điểm thi THPT,2025,22.0,Kinh doanh – Quản lý – Kinh tế (Nhóm ngành: Quản trị kinh doanh; Marketing; Tài chính – Ngân hàng; Kế toán; Kinh tế (Phân tích dữ liệu trong kinh tế))
131063,QSQ,kinh-doanh-quan-ly-kinh-te,D10,Điểm thi THPT,2025,22.0,Kinh doanh – Quản lý – Kinh tế (Nhóm ngành: Quản trị kinh doanh; Marketing; Tài chính – Ngân hàng; Kế toán; Kinh tế (Phân tích dữ liệu trong kinh tế))
131064,QSQ,kinh-doanh-quan-ly-kinh-te,X25,Điểm thi THPT,2025,22.0,Kinh doanh – Quản lý – Kinh tế (Nhóm ngành: Quản trị kinh doanh; Marketing; Tài chính – Ngân hàng; Kế toán; Kinh tế (Phân tích dữ liệu trong kinh tế))
131065,QSQ,kinh-doanh-quan-ly-kinh-te-quan-tri-kinh-doanh-quan-tri-kinh-doanh-quan-tri-kinh-doanh-quan-tri-kinh-doanh-quan-tri-kinh-doanh-quan-tri-kinh-doanh-quan-tri-kinh-doanh-tai-chinh,A01,Điểm thi THPT,2025,20.75,Kinh doanh – Quản lý – Kinh tế (Quản trị kinh doanh (CTLK với ĐH Andrews) (4+0); Quản trị kinh doanh (CTLK với ĐH Công nghệ Auckland) (1+2/1.5+1.5); Quản trị kinh doanh (CTLK với ĐH Lakehead) (2+2); Quản trị kinh doanh (CTLK với ĐH New South Wales) (2+2); Quản trị kinh doanh (CTLK với ĐH Sydney) (2+2); Quản trị kinh doanh (CTLK với ĐH West of England) (2+2); Quản trị kinh doanh (CTLK với ĐH West of England) (4+0); Quản trị kinh doanh (CTLK với ĐH Macquarie) (2+1); Tài chính (CTLK với ĐH Macquarie)
131066,QSQ,kinh-doanh-quan-ly-kinh-te-quan-tri-kinh-doanh-quan-tri-kinh-doanh-quan-tri-kinh-doanh-quan-tri-kinh-doanh-quan-tri-kinh-doanh-quan-tri-kinh-doanh-quan-tri-kinh-doanh-tai-chinh,D01,Điểm thi THPT,2025,20.75,Kinh doanh – Quản lý – Kinh tế (Quản trị kinh doanh (CTLK với ĐH Andrews) (4+0); Quản trị kinh doanh (CTLK với ĐH Công nghệ Auckland) (1+2/1.5+1.5); Quản trị kinh doanh (CTLK với ĐH Lakehead) (2+2); Quản trị kinh doanh (CTLK với ĐH New South Wales) (2+2); Quản trị kinh doanh (CTLK với ĐH Sydney) (2+2); Quản trị kinh doanh (CTLK với ĐH West of England) (2+2); Quản trị kinh doanh (CTLK với ĐH West of England) (4+0); Quản trị kinh doanh (CTLK với ĐH Macquarie) (2+1); Tài chính (CTLK với ĐH Macquarie)
131067,QSQ,kinh-doanh-quan-ly-kinh-te-quan-tri-kinh-doanh-quan-tri-kinh-doanh-quan-tri-kinh-doanh-quan-tri-kinh-doanh-quan-tri-kinh-doanh-quan-tri-kinh-doanh-quan-tri-kinh-doanh-tai-chinh,D07,Điểm thi THPT,2025,20.75,Kinh doanh – Quản lý – Kinh tế (Quản trị kinh doanh (CTLK với ĐH Andrews) (4+0); Quản trị kinh doanh (CTLK với ĐH Công nghệ Auckland) (1+2/1.5+1.5); Quản trị kinh doanh (CTLK với ĐH Lakehead) (2+2); Quản trị kinh doanh (CTLK với ĐH New South Wales) (2+2); Quản trị kinh doanh (CTLK với ĐH Sydney) (2+2); Quản trị kinh doanh (CTLK với ĐH West of England) (2+2); Quản trị kinh doanh (CTLK với ĐH West of England) (4+0); Quản trị kinh doanh (CTLK với ĐH Macquarie) (2+1); Tài chính (CTLK với ĐH Macquarie)
131068,QSQ,kinh-doanh-quan-ly-kinh-te-quan-tri-kinh-doanh-quan-tri-kinh-doanh-quan-tri-kinh-doanh-quan-tri-kinh-doanh-quan-tri-kinh-doanh-quan-tri-kinh-doanh-quan-tri-kinh-doanh-tai-chinh,D09,Điểm thi THPT,2025,20.75,Kinh doanh – Quản lý – Kinh tế (Quản trị kinh doanh (CTLK với ĐH Andrews) (4+0); Quản trị kinh doanh (CTLK với ĐH Công nghệ Auckland) (1+2/1.5+1.5); Quản trị kinh doanh (CTLK với ĐH Lakehead) (2+2); Quản trị kinh doanh (CTLK với ĐH New South Wales) (2+2); Quản trị kinh doanh (CTLK với ĐH Sydney) (2+2); Quản trị kinh doanh (CTLK với ĐH West of England) (2+2); Quản trị kinh doanh (CTLK với ĐH West of England) (4+0); Quản trị kinh doanh (CTLK với ĐH Macquarie) (2+1); Tài chính (CTLK với ĐH Macquarie)
131069,QSQ,kinh-doanh-quan-ly-kinh-te-quan-tri-kinh-doanh-quan-tri-kinh-doanh-quan-tri-kinh-doanh-quan-tri-kinh-doanh-quan-tri-kinh-doanh-quan-tri-kinh-doanh-quan-tri-kinh-doanh-tai-chinh,D10,Điểm thi THPT,2025,20.75,Kinh doanh – Quản lý – Kinh tế (Quản trị kinh doanh (CTLK với ĐH Andrews) (4+0); Quản trị kinh doanh (CTLK với ĐH Công nghệ Auckland) (1+2/1.5+1.5); Quản trị kinh doanh (CTLK với ĐH Lakehead) (2+2); Quản trị kinh doanh (CTLK với ĐH New South Wales) (2+2); Quản trị kinh doanh (CTLK với ĐH Sydney) (2+2); Quản trị kinh doanh (CTLK với ĐH West of England) (2+2); Quản trị kinh doanh (CTLK với ĐH West of England) (4+0); Quản trị kinh doanh (CTLK với ĐH Macquarie) (2+1); Tài chính (CTLK với ĐH Macquarie)
131070,QSQ,kinh-doanh-quan-ly-kinh-te-quan-tri-kinh-doanh-quan-tri-kinh-doanh-quan-tri-kinh-doanh-quan-tri-kinh-doanh-quan-tri-kinh-doanh-quan-tri-kinh-doanh-quan-tri-kinh-doanh-tai-chinh,X25,Điểm thi THPT,2025,20.75,Kinh doanh – Quản lý – Kinh tế (Quản trị kinh doanh (CTLK với ĐH Andrews) (4+0); Quản trị kinh doanh (CTLK với ĐH Công nghệ Auckland) (1+2/1.5+1.5); Quản trị kinh doanh (CTLK với ĐH Lakehead) (2+2); Quản trị kinh doanh (CTLK với ĐH New South Wales) (2+2); Quản trị kinh doanh (CTLK với ĐH Sydney) (2+2); Quản trị kinh doanh (CTLK với ĐH West of England) (2+2); Quản trị kinh doanh (CTLK với ĐH West of England) (4+0); Quản trị kinh doanh (CTLK với ĐH Macquarie) (2+1); Tài chính (CTLK với ĐH Macquarie)
131071,QSQ,kinh-te,A00,Điểm thi THPT,2023,23.25,Kinh tế (Phân tích dữ liệu trong kinh tế)
131072,QSQ,kinh-te,A01,Điểm thi THPT,2023,23.25,Kinh tế (Phân tích dữ liệu trong kinh tế)
131073,QSQ,kinh-te,D01,Điểm thi THPT,2023,23.25,Kinh tế (Phân tích dữ liệu trong kinh tế)
131074,QSQ,kinh-te,D07,Điểm thi THPT,2023,23.25,Kinh tế (Phân tích dữ liệu trong kinh tế)
131075,QSQ,kinh-te,A00,Điểm thi THPT,2024,23.25,Kinh tế (Phân tích dữ liệu trong kinh tế)
131076,QSQ,kinh-te,A01,Điểm thi THPT,2024,23.25,Kinh tế (Phân tích dữ liệu trong kinh tế)
131077,QSQ,kinh-te,D01,Điểm thi THPT,2024,23.25,Kinh tế (Phân tích dữ liệu trong kinh tế)
131078,QSQ,kinh-te,D07,Điểm thi THPT,2024,23.25,Kinh tế (Phân tích dữ liệu trong kinh tế)
131079,QSQ,ky-thuat-dien-tu,A00,Điểm thi THPT,2023,18.0,Kỹ thuật điện tử (CTLK với ĐH Suny Bighamton)(2+2)
131080,QSQ,ky-thuat-dien-tu,A01,Điểm thi THPT,2023,18.0,Kỹ thuật điện tử (CTLK với ĐH Suny Bighamton)(2+2)
131081,QSQ,ky-thuat-dien-tu,B00,Điểm thi THPT,2023,18.0,Kỹ thuật điện tử (CTLK với ĐH Suny Bighamton)(2+2)
131082,QSQ,ky-thuat-dien-tu,D01,Điểm thi THPT,2023,18.0,Kỹ thuật điện tử (CTLK với ĐH Suny Bighamton)(2+2)
131083,QSQ,ky-thuat-dien-tu,A00,Điểm thi THPT,2024,18.0,Kỹ thuật điện tử (Chương trình liên kết với ĐH SUNY Binghamton) (2+2)
131084,QSQ,ky-thuat-dien-tu,A01,Điểm thi THPT,2024,18.0,Kỹ thuật điện tử (Chương trình liên kết với ĐH SUNY Binghamton) (2+2)
131085,QSQ,ky-thuat-dien-tu,B00,Điểm thi THPT,2024,18.0,Kỹ thuật điện tử (Chương trình liên kết với ĐH SUNY Binghamton) (2+2)
131086,QSQ,ky-thuat-dien-tu,D01,Điểm thi THPT,2024,18.0,Kỹ thuật điện tử (Chương trình liên kết với ĐH SUNY Binghamton) (2+2)
131087,QSQ,ky-thuat-dien-tu-vien-thong,A00,Điểm thi THPT,2021,21.5,Kỹ thuật Điện tử Viễn thông
131088,QSQ,ky-thuat-dien-tu-vien-thong,A01,Điểm thi THPT,2021,21.5,Kỹ thuật Điện tử Viễn thông
131089,QSQ,ky-thuat-dien-tu-vien-thong,B00,Điểm thi THPT,2021,21.5,Kỹ thuật Điện tử Viễn thông
131090,QSQ,ky-thuat-dien-tu-vien-thong,D01,Điểm thi THPT,2021,21.5,Kỹ thuật Điện tử Viễn thông
131091,QSQ,ky-thuat-dien-tu-vien-thong,A00,Điểm thi THPT,2022,21.0,Kỹ thuật Điện tử Viễn thông
131092,QSQ,ky-thuat-dien-tu-vien-thong,A01,Điểm thi THPT,2022,21.0,Kỹ thuật Điện tử Viễn thông
131093,QSQ,ky-thuat-dien-tu-vien-thong,B00,Điểm thi THPT,2022,21.0,Kỹ thuật Điện tử Viễn thông
131094,QSQ,ky-thuat-dien-tu-vien-thong,D01,Điểm thi THPT,2022,21.0,Kỹ thuật Điện tử Viễn thông
131095,QSQ,ky-thuat-dien-tu-vien-thong,A00,Điểm thi THPT,2023,21.0,Kỹ thuật điện tử Viễn thông
131096,QSQ,ky-thuat-dien-tu-vien-thong,A01,Điểm thi THPT,2023,21.0,Kỹ thuật điện tử Viễn thông
131097,QSQ,ky-thuat-dien-tu-vien-thong,B00,Điểm thi THPT,2023,21.0,Kỹ thuật điện tử Viễn thông
131098,QSQ,ky-thuat-dien-tu-vien-thong,D01,Điểm thi THPT,2023,21.0,Kỹ thuật điện tử Viễn thông
131099,QSQ,ky-thuat-dien-tu-vien-thong,A00,Điểm thi THPT,2024,21.0,Kỹ thuật điện tử – viễn thông
131100,QSQ,ky-thuat-dien-tu-vien-thong,A01,Điểm thi THPT,2024,21.0,Kỹ thuật điện tử – viễn thông
131101,QSQ,ky-thuat-dien-tu-vien-thong,B00,Điểm thi THPT,2024,21.0,Kỹ thuật điện tử – viễn thông
131102,QSQ,ky-thuat-dien-tu-vien-thong,D01,Điểm thi THPT,2024,21.0,Kỹ thuật điện tử – viễn thông
131103,QSQ,ky-thuat-dieu-khien-tu-dong-hoa,A00,Điểm thi THPT,2021,21.5,Kỹ thuật Điều khiển & Tự động hoá
131104,QSQ,ky-thuat-dieu-khien-tu-dong-hoa,A01,Điểm thi THPT,2021,21.5,Kỹ thuật Điều khiển & Tự động hoá
131105,QSQ,ky-thuat-dieu-khien-tu-dong-hoa,B00,Điểm thi THPT,2021,21.5,Kỹ thuật Điều khiển & Tự động hoá
131106,QSQ,ky-thuat-dieu-khien-tu-dong-hoa,D01,Điểm thi THPT,2021,21.5,Kỹ thuật Điều khiển & Tự động hoá
131107,QSQ,ky-thuat-dieu-khien-tu-dong-hoa,A00,Điểm thi THPT,2022,21.5,Kỹ thuật Điều khiển & Tự động hoá
131108,QSQ,ky-thuat-dieu-khien-tu-dong-hoa,A01,Điểm thi THPT,2022,21.5,Kỹ thuật Điều khiển & Tự động hoá
131109,QSQ,ky-thuat-dieu-khien-tu-dong-hoa,B00,Điểm thi THPT,2022,21.5,Kỹ thuật Điều khiển & Tự động hoá
131110,QSQ,ky-thuat-dieu-khien-tu-dong-hoa,D01,Điểm thi THPT,2022,21.5,Kỹ thuật Điều khiển & Tự động hoá
131111,QSQ,ky-thuat-dieu-khien-va-tu-dong-hoa,A00,Điểm thi THPT,2023,21.0,Kỹ thuật Điều khiển và Tự động hóa
131112,QSQ,ky-thuat-dieu-khien-va-tu-dong-hoa,A01,Điểm thi THPT,2023,21.0,Kỹ thuật Điều khiển và Tự động hóa
131113,QSQ,ky-thuat-dieu-khien-va-tu-dong-hoa,B00,Điểm thi THPT,2023,21.0,Kỹ thuật Điều khiển và Tự động hóa
131114,QSQ,ky-thuat-dieu-khien-va-tu-dong-hoa,D01,Điểm thi THPT,2023,21.0,Kỹ thuật Điều khiển và Tự động hóa
131115,QSQ,ky-thuat-dieu-khien-va-tu-dong-hoa,A00,Điểm thi THPT,2024,21.5,Kỹ thuật điều khiển và tự động hóa
131116,QSQ,ky-thuat-dieu-khien-va-tu-dong-hoa,A01,Điểm thi THPT,2024,21.5,Kỹ thuật điều khiển và tự động hóa
131117,QSQ,ky-thuat-dieu-khien-va-tu-dong-hoa,B00,Điểm thi THPT,2024,21.5,Kỹ thuật điều khiển và tự động hóa
131118,QSQ,ky-thuat-dieu-khien-va-tu-dong-hoa,D01,Điểm thi THPT,2024,21.5,Kỹ thuật điều khiển và tự động hóa
131119,QSQ,ky-thuat-he-thong-cong-nghiep,A00,Điểm thi THPT,2021,20.0,Kỹ thuật Hệ thống Công nghiệp
131120,QSQ,ky-thuat-he-thong-cong-nghiep,A01,Điểm thi THPT,2021,20.0,Kỹ thuật Hệ thống Công nghiệp
131121,QSQ,ky-thuat-he-thong-cong-nghiep,D01,Điểm thi THPT,2021,20.0,Kỹ thuật Hệ thống Công nghiệp
131122,QSQ,ky-thuat-he-thong-cong-nghiep,A00,Điểm thi THPT,2022,20.0,Kỹ thuật Hệ thống Công nghiệp
131123,QSQ,ky-thuat-he-thong-cong-nghiep,A01,Điểm thi THPT,2022,20.0,Kỹ thuật Hệ thống Công nghiệp
131124,QSQ,ky-thuat-he-thong-cong-nghiep,D01,Điểm thi THPT,2022,20.0,Kỹ thuật Hệ thống Công nghiệp
131125,QSQ,ky-thuat-he-thong-cong-nghiep,A00,Điểm thi THPT,2023,19.0,Kỹ thuật Hệ thống Công nghiệp
131126,QSQ,ky-thuat-he-thong-cong-nghiep,A01,Điểm thi THPT,2023,19.0,Kỹ thuật Hệ thống Công nghiệp
131127,QSQ,ky-thuat-he-thong-cong-nghiep,D01,Điểm thi THPT,2023,19.0,Kỹ thuật Hệ thống Công nghiệp
131128,QSQ,ky-thuat-he-thong-cong-nghiep,A00,Điểm thi THPT,2024,18.0,Kỹ thuật hệ thống công nghiệp
131129,QSQ,ky-thuat-he-thong-cong-nghiep,A01,Điểm thi THPT,2024,18.0,Kỹ thuật hệ thống công nghiệp
131130,QSQ,ky-thuat-he-thong-cong-nghiep,D01,Điểm thi THPT,2024,18.0,Kỹ thuật hệ thống công nghiệp
131131,QSQ,ky-thuat-hoa-hoc,A00,Điểm thi THPT,2021,22.0,Kỹ thuật hóa học
131132,QSQ,ky-thuat-hoa-hoc,A01,Điểm thi THPT,2021,22.0,Kỹ thuật hóa học
131133,QSQ,ky-thuat-hoa-hoc,B00,Điểm thi THPT,2021,22.0,Kỹ thuật hóa học
131134,QSQ,ky-thuat-hoa-hoc,D07,Điểm thi THPT,2021,22.0,Kỹ thuật hóa học
131135,QSQ,ky-thuat-hoa-hoc,A00,Điểm thi THPT,2022,20.0,Kỹ thuật hóa học
131136,QSQ,ky-thuat-hoa-hoc,A01,Điểm thi THPT,2022,20.0,Kỹ thuật hóa học
131137,QSQ,ky-thuat-hoa-hoc,B00,Điểm thi THPT,2022,20.0,Kỹ thuật hóa học
131138,QSQ,ky-thuat-hoa-hoc,D07,Điểm thi THPT,2022,20.0,Kỹ thuật hóa học
131139,QSQ,ky-thuat-hoa-hoc,A00,Điểm thi THPT,2023,20.0,Kỹ thuật Hóa học
131140,QSQ,ky-thuat-hoa-hoc,A01,Điểm thi THPT,2023,20.0,Kỹ thuật Hóa học
131141,QSQ,ky-thuat-hoa-hoc,B00,Điểm thi THPT,2023,20.0,Kỹ thuật Hóa học
131142,QSQ,ky-thuat-hoa-hoc,D07,Điểm thi THPT,2023,20.0,Kỹ thuật Hóa học
131143,QSQ,ky-thuat-hoa-hoc,A00,Điểm thi THPT,2024,19.5,Kỹ thuật hóa học
131144,QSQ,ky-thuat-hoa-hoc,A01,Điểm thi THPT,2024,19.5,Kỹ thuật hóa học
131145,QSQ,ky-thuat-hoa-hoc,B00,Điểm thi THPT,2024,19.5,Kỹ thuật hóa học
131146,QSQ,ky-thuat-hoa-hoc,D07,Điểm thi THPT,2024,19.5,Kỹ thuật hóa học
131147,QSQ,ky-thuat-khong-gian,A00,Điểm thi THPT,2021,21.0,Kỹ Thuật Không Gian
131148,QSQ,ky-thuat-khong-gian,A01,Điểm thi THPT,2021,21.0,Kỹ Thuật Không Gian
131149,QSQ,ky-thuat-khong-gian,A02,Điểm thi THPT,2021,21.0,Kỹ Thuật Không Gian
131150,QSQ,ky-thuat-khong-gian,A00,Điểm thi THPT,2022,21.0,Kỹ Thuật Không Gian
131151,QSQ,ky-thuat-khong-gian,A01,Điểm thi THPT,2022,21.0,Kỹ Thuật Không Gian
131152,QSQ,ky-thuat-khong-gian,A02,Điểm thi THPT,2022,21.0,Kỹ Thuật Không Gian
131153,QSQ,ky-thuat-khong-gian,D90,Điểm thi THPT,2022,21.0,Kỹ Thuật Không Gian
131154,QSQ,ky-thuat-khong-gian,A00,Điểm thi THPT,2023,21.0,Kỹ thuật Không gian (Phân tích và ứng dụng dữ liệu lớn )
131155,QSQ,ky-thuat-khong-gian,A01,Điểm thi THPT,2023,21.0,Kỹ thuật Không gian (Phân tích và ứng dụng dữ liệu lớn )
131156,QSQ,ky-thuat-khong-gian,A02,Điểm thi THPT,2023,21.0,Kỹ thuật Không gian (Phân tích và ứng dụng dữ liệu lớn )
131157,QSQ,ky-thuat-khong-gian,D01,Điểm thi THPT,2023,21.0,Kỹ thuật Không gian (Phân tích và ứng dụng dữ liệu lớn )
131158,QSQ,ky-thuat-khong-gian,A00,Điểm thi THPT,2024,21.0,Kỹ thuật không gian (Phân tích và ứng dụng dữ liệu lớn)
131159,QSQ,ky-thuat-khong-gian,A01,Điểm thi THPT,2024,21.0,Kỹ thuật không gian (Phân tích và ứng dụng dữ liệu lớn)
131160,QSQ,ky-thuat-khong-gian,A02,Điểm thi THPT,2024,21.0,Kỹ thuật không gian (Phân tích và ứng dụng dữ liệu lớn)
131161,QSQ,ky-thuat-khong-gian,D01,Điểm thi THPT,2024,21.0,Kỹ thuật không gian (Phân tích và ứng dụng dữ liệu lớn)
131162,QSQ,ky-thuat-ky-thuat-xay-dung,A00,Điểm thi THPT,2025,17.5,Kỹ thuật (Kỹ thuật điện tử – viễn thông (CTLK với ĐH West of England) (2+2); Kỹ thuật xây dựng (CTLK với ĐH Deakin) (2+2))
131163,QSQ,ky-thuat-ky-thuat-xay-dung,A01,Điểm thi THPT,2025,17.5,Kỹ thuật (Kỹ thuật điện tử – viễn thông (CTLK với ĐH West of England) (2+2); Kỹ thuật xây dựng (CTLK với ĐH Deakin) (2+2))
131164,QSQ,ky-thuat-ky-thuat-xay-dung,B00,Điểm thi THPT,2025,17.5,Kỹ thuật (Kỹ thuật điện tử – viễn thông (CTLK với ĐH West of England) (2+2); Kỹ thuật xây dựng (CTLK với ĐH Deakin) (2+2))
131165,QSQ,ky-thuat-ky-thuat-xay-dung,B08,Điểm thi THPT,2025,17.5,Kỹ thuật (Kỹ thuật điện tử – viễn thông (CTLK với ĐH West of England) (2+2); Kỹ thuật xây dựng (CTLK với ĐH Deakin) (2+2))
131166,QSQ,ky-thuat-ky-thuat-xay-dung,D01,Điểm thi THPT,2025,17.5,Kỹ thuật (Kỹ thuật điện tử – viễn thông (CTLK với ĐH West of England) (2+2); Kỹ thuật xây dựng (CTLK với ĐH Deakin) (2+2))
131167,QSQ,ky-thuat-ky-thuat-xay-dung,D07,Điểm thi THPT,2025,17.5,Kỹ thuật (Kỹ thuật điện tử – viễn thông (CTLK với ĐH West of England) (2+2); Kỹ thuật xây dựng (CTLK với ĐH Deakin) (2+2))
131168,QSQ,ky-thuat-ky-thuat-xay-dung-quan-ly-xay-dung,A00,Điểm thi THPT,2025,19.5,Kỹ thuật (Nhóm ngành: Logistics và Quản lý chuỗi cung ứng; Kỹ thuật hệ thống công nghiệp; Kỹ thuật điện tử – viễn thông; Kỹ thuật điều khiển và tự động hóa; Kỹ thuật y sinh; Kỹ thuật không gian (Phân tích và ứng dụng dữ liệu lớn); Kỹ thuật xây dựng; Quản lý xây dựng)
131169,QSQ,ky-thuat-ky-thuat-xay-dung-quan-ly-xay-dung,A01,Điểm thi THPT,2025,19.5,Kỹ thuật (Nhóm ngành: Logistics và Quản lý chuỗi cung ứng; Kỹ thuật hệ thống công nghiệp; Kỹ thuật điện tử – viễn thông; Kỹ thuật điều khiển và tự động hóa; Kỹ thuật y sinh; Kỹ thuật không gian (Phân tích và ứng dụng dữ liệu lớn); Kỹ thuật xây dựng; Quản lý xây dựng)
131170,QSQ,ky-thuat-ky-thuat-xay-dung-quan-ly-xay-dung,B00,Điểm thi THPT,2025,19.5,Kỹ thuật (Nhóm ngành: Logistics và Quản lý chuỗi cung ứng; Kỹ thuật hệ thống công nghiệp; Kỹ thuật điện tử – viễn thông; Kỹ thuật điều khiển và tự động hóa; Kỹ thuật y sinh; Kỹ thuật không gian (Phân tích và ứng dụng dữ liệu lớn); Kỹ thuật xây dựng; Quản lý xây dựng)
131171,QSQ,ky-thuat-ky-thuat-xay-dung-quan-ly-xay-dung,B08,Điểm thi THPT,2025,19.5,Kỹ thuật (Nhóm ngành: Logistics và Quản lý chuỗi cung ứng; Kỹ thuật hệ thống công nghiệp; Kỹ thuật điện tử – viễn thông; Kỹ thuật điều khiển và tự động hóa; Kỹ thuật y sinh; Kỹ thuật không gian (Phân tích và ứng dụng dữ liệu lớn); Kỹ thuật xây dựng; Quản lý xây dựng)
131172,QSQ,ky-thuat-ky-thuat-xay-dung-quan-ly-xay-dung,D01,Điểm thi THPT,2025,19.5,Kỹ thuật (Nhóm ngành: Logistics và Quản lý chuỗi cung ứng; Kỹ thuật hệ thống công nghiệp; Kỹ thuật điện tử – viễn thông; Kỹ thuật điều khiển và tự động hóa; Kỹ thuật y sinh; Kỹ thuật không gian (Phân tích và ứng dụng dữ liệu lớn); Kỹ thuật xây dựng; Quản lý xây dựng)
131173,QSQ,ky-thuat-ky-thuat-xay-dung-quan-ly-xay-dung,D07,Điểm thi THPT,2025,19.5,Kỹ thuật (Nhóm ngành: Logistics và Quản lý chuỗi cung ứng; Kỹ thuật hệ thống công nghiệp; Kỹ thuật điện tử – viễn thông; Kỹ thuật điều khiển và tự động hóa; Kỹ thuật y sinh; Kỹ thuật không gian (Phân tích và ứng dụng dữ liệu lớn); Kỹ thuật xây dựng; Quản lý xây dựng)
131174,QSQ,ky-thuat-may-tinh,A00,Điểm thi THPT,2023,21.0,Kỹ thuật máy tính (CTLK với ĐH Suny Bighamton)(2+2)
131175,QSQ,ky-thuat-may-tinh,A01,Điểm thi THPT,2023,21.0,Kỹ thuật máy tính (CTLK với ĐH Suny Bighamton)(2+2)
131176,QSQ,ky-thuat-moi-truong,A00,Điểm thi THPT,2021,20.0,Kỹ Thuật Môi Trường
131177,QSQ,ky-thuat-moi-truong,A02,Điểm thi THPT,2021,20.0,Kỹ Thuật Môi Trường
131178,QSQ,ky-thuat-moi-truong,B00,Điểm thi THPT,2021,20.0,Kỹ Thuật Môi Trường
131179,QSQ,ky-thuat-moi-truong,D07,Điểm thi THPT,2021,20.0,Kỹ Thuật Môi Trường
131180,QSQ,ky-thuat-moi-truong,A00,Điểm thi THPT,2022,18.0,Kỹ Thuật Môi Trường
131181,QSQ,ky-thuat-moi-truong,A02,Điểm thi THPT,2022,18.0,Kỹ Thuật Môi Trường
131182,QSQ,ky-thuat-moi-truong,B00,Điểm thi THPT,2022,18.0,Kỹ Thuật Môi Trường
131183,QSQ,ky-thuat-moi-truong,D07,Điểm thi THPT,2022,18.0,Kỹ Thuật Môi Trường
131184,QSQ,ky-thuat-moi-truong,A00,Điểm thi THPT,2023,18.0,Kỹ thuật Môi trường
131185,QSQ,ky-thuat-moi-truong,A02,Điểm thi THPT,2023,18.0,Kỹ thuật Môi trường
131186,QSQ,ky-thuat-moi-truong,B00,Điểm thi THPT,2023,18.0,Kỹ thuật Môi trường
131187,QSQ,ky-thuat-moi-truong,D07,Điểm thi THPT,2023,18.0,Kỹ thuật Môi trường
131188,QSQ,ky-thuat-xay-dung,A00,Điểm thi THPT,2021,20.0,Kỹ Thuật Xây dựng
131189,QSQ,ky-thuat-xay-dung,A01,Điểm thi THPT,2021,20.0,Kỹ Thuật Xây dựng
131190,QSQ,ky-thuat-xay-dung,A00,Điểm thi THPT,2022,20.0,Kỹ Thuật Xây dựng
131191,QSQ,ky-thuat-xay-dung,A01,Điểm thi THPT,2022,20.0,Kỹ Thuật Xây dựng
131192,QSQ,ky-thuat-xay-dung,A00,Điểm thi THPT,2023,18.0,Kỹ thuật xây dựng
131193,QSQ,ky-thuat-xay-dung,A01,Điểm thi THPT,2023,18.0,Kỹ thuật xây dựng
131194,QSQ,ky-thuat-xay-dung,D07,Điểm thi THPT,2023,18.0,Kỹ thuật xây dựng
131195,QSQ,ky-thuat-xay-dung,A00,Điểm thi THPT,2024,18.0,Kỹ thuật xây dựng
131196,QSQ,ky-thuat-xay-dung,A01,Điểm thi THPT,2024,18.0,Kỹ thuật xây dựng
131197,QSQ,ky-thuat-xay-dung,D07,Điểm thi THPT,2024,18.0,Kỹ thuật xây dựng
131198,QSQ,ky-thuat-y-sinh,A00,Điểm thi THPT,2021,22.0,Kỹ thuật Y sinh
131199,QSQ,ky-thuat-y-sinh,B00,Điểm thi THPT,2021,22.0,Kỹ thuật Y sinh
131200,QSQ,ky-thuat-y-sinh,B08,Điểm thi THPT,2021,22.0,Kỹ thuật Y sinh
131201,QSQ,ky-thuat-y-sinh,D07,Điểm thi THPT,2021,22.0,Kỹ thuật Y sinh
131202,QSQ,ky-thuat-y-sinh,A00,Điểm thi THPT,2022,22.0,Kỹ thuật Y sinh
131203,QSQ,ky-thuat-y-sinh,B00,Điểm thi THPT,2022,22.0,Kỹ thuật Y sinh
131204,QSQ,ky-thuat-y-sinh,B08,Điểm thi THPT,2022,22.0,Kỹ thuật Y sinh
131205,QSQ,ky-thuat-y-sinh,D07,Điểm thi THPT,2022,22.0,Kỹ thuật Y sinh
131206,QSQ,ky-thuat-y-sinh,A00,Điểm thi THPT,2023,22.0,Kỹ thuật Y sinh
131207,QSQ,ky-thuat-y-sinh,B00,Điểm thi THPT,2023,22.0,Kỹ thuật Y sinh
131208,QSQ,ky-thuat-y-sinh,B08,Điểm thi THPT,2023,22.0,Kỹ thuật Y sinh
131209,QSQ,ky-thuat-y-sinh,D07,Điểm thi THPT,2023,22.0,Kỹ thuật Y sinh
131210,QSQ,ky-thuat-y-sinh,A01,Điểm thi THPT,2024,21.0,Kỹ thuật y sinh
131211,QSQ,ky-thuat-y-sinh,B00,Điểm thi THPT,2024,21.0,Kỹ thuật y sinh
131212,QSQ,ky-thuat-y-sinh,B08,Điểm thi THPT,2024,21.0,Kỹ thuật y sinh
131213,QSQ,ky-thuat-y-sinh,D07,Điểm thi THPT,2024,21.0,Kỹ thuật y sinh
131214,QSQ,logistics-quan-ly-chuoi-cung-ung,A00,Điểm thi THPT,2021,25.75,Logistics & Quản lý chuỗi cung ứng
131215,QSQ,logistics-quan-ly-chuoi-cung-ung,A01,Điểm thi THPT,2021,25.75,Logistics & Quản lý chuỗi cung ứng
131216,QSQ,logistics-quan-ly-chuoi-cung-ung,D01,Điểm thi THPT,2021,25.75,Logistics & Quản lý chuỗi cung ứng
131217,QSQ,logistics-quan-ly-chuoi-cung-ung,A00,Điểm thi THPT,2022,25.0,Logistics & Quản lý chuỗi cung ứng
131218,QSQ,logistics-quan-ly-chuoi-cung-ung,A01,Điểm thi THPT,2022,25.0,Logistics & Quản lý chuỗi cung ứng
131219,QSQ,logistics-quan-ly-chuoi-cung-ung,D01,Điểm thi THPT,2022,25.0,Logistics & Quản lý chuỗi cung ứng
131220,QSQ,logistics-va-quan-ly-chuoi-cung-ung,A00,Điểm thi THPT,2023,25.25,Logistics và quản lý chuỗi cung ứng
131221,QSQ,logistics-va-quan-ly-chuoi-cung-ung,A01,Điểm thi THPT,2023,25.25,Logistics và quản lý chuỗi cung ứng
131222,QSQ,logistics-va-quan-ly-chuoi-cung-ung,D01,Điểm thi THPT,2023,25.25,Logistics và quản lý chuỗi cung ứng
131223,QSQ,logistics-va-quan-ly-chuoi-cung-ung,A00,Điểm thi THPT,2024,24.0,Logistics và Quản lý chuỗi cung ứng
131224,QSQ,logistics-va-quan-ly-chuoi-cung-ung,A01,Điểm thi THPT,2024,24.0,Logistics và Quản lý chuỗi cung ứng
131225,QSQ,logistics-va-quan-ly-chuoi-cung-ung,D01,Điểm thi THPT,2024,24.0,Logistics và Quản lý chuỗi cung ứng
131226,QSQ,marketing,A00,Điểm thi THPT,2024,23.0,Marketing
131227,QSQ,marketing,A01,Điểm thi THPT,2024,23.0,Marketing
131228,QSQ,marketing,D01,Điểm thi THPT,2024,23.0,Marketing
131229,QSQ,marketing,D07,Điểm thi THPT,2024,23.0,Marketing
131230,QSQ,ngon-ngu-anh,A01,Điểm thi THPT,2021,25.0,Ngôn Ngữ Anh
131231,QSQ,ngon-ngu-anh,B08,Điểm thi THPT,2021,25.0,Ngôn Ngữ Anh
131232,QSQ,ngon-ngu-anh,D01,Điểm thi THPT,2021,25.0,Ngôn Ngữ Anh
131233,QSQ,ngon-ngu-anh,D07,Điểm thi THPT,2021,25.0,Ngôn Ngữ Anh
131234,QSQ,ngon-ngu-anh,D01,Điểm thi THPT,2022,25.0,Ngôn Ngữ Anh
131235,QSQ,ngon-ngu-anh,D09,Điểm thi THPT,2022,25.0,Ngôn Ngữ Anh
131236,QSQ,ngon-ngu-anh,D14,Điểm thi THPT,2022,25.0,Ngôn Ngữ Anh
131237,QSQ,ngon-ngu-anh,D15,Điểm thi THPT,2022,25.0,Ngôn Ngữ Anh
131238,QSQ,ngon-ngu-anh,D01,Điểm thi THPT,2023,25.0,Ngôn ngữ Anh
131239,QSQ,ngon-ngu-anh,D09,Điểm thi THPT,2023,25.0,Ngôn ngữ Anh
131240,QSQ,ngon-ngu-anh,D14,Điểm thi THPT,2023,25.0,Ngôn ngữ Anh
131241,QSQ,ngon-ngu-anh,D15,Điểm thi THPT,2023,25.0,Ngôn ngữ Anh
131242,QSQ,ngon-ngu-anh,D01,Điểm thi THPT,2024,34.5,Ngôn ngữ Anh
131243,QSQ,ngon-ngu-anh,D09,Điểm thi THPT,2024,34.5,Ngôn ngữ Anh
131244,QSQ,ngon-ngu-anh,D14,Điểm thi THPT,2024,34.5,Ngôn ngữ Anh
131245,QSQ,ngon-ngu-anh,D15,Điểm thi THPT,2024,34.5,Ngôn ngữ Anh
131246,QSQ,ngon-ngu-anh,D01,Điểm thi THPT,2025,26.0,"Ngôn ngữ Anh (Chương trình liên kết với ĐH West of England (2+2, 3+1,4+0))"
131247,QSQ,ngon-ngu-anh,D09,Điểm thi THPT,2025,26.0,"Ngôn ngữ Anh (Chương trình liên kết với ĐH West of England (2+2, 3+1,4+0))"
131248,QSQ,ngon-ngu-anh,D10,Điểm thi THPT,2025,26.0,"Ngôn ngữ Anh (Chương trình liên kết với ĐH West of England (2+2, 3+1,4+0))"
131249,QSQ,ngon-ngu-anh,D14,Điểm thi THPT,2025,26.0,"Ngôn ngữ Anh (Chương trình liên kết với ĐH West of England (2+2, 3+1,4+0))"
131250,QSQ,ngon-ngu-anh,D15,Điểm thi THPT,2025,26.0,"Ngôn ngữ Anh (Chương trình liên kết với ĐH West of England (2+2, 3+1,4+0))"
131251,QSQ,ngon-ngu-anh-voi-dai-hoc-west-of-england,D01,Điểm thi THPT,2023,18.0,Ngôn ngữ Anh (Chương trình liên kết (CTLK) với đại học (ĐH) West of England) (2+2)
131252,QSQ,ngon-ngu-anh-voi-dai-hoc-west-of-england,D09,Điểm thi THPT,2023,18.0,Ngôn ngữ Anh (Chương trình liên kết (CTLK) với đại học (ĐH) West of England) (2+2)
131253,QSQ,ngon-ngu-anh-voi-dai-hoc-west-of-england,D14,Điểm thi THPT,2023,18.0,Ngôn ngữ Anh (Chương trình liên kết (CTLK) với đại học (ĐH) West of England) (2+2)
131254,QSQ,ngon-ngu-anh-voi-dai-hoc-west-of-england,D15,Điểm thi THPT,2023,18.0,Ngôn ngữ Anh (Chương trình liên kết (CTLK) với đại học (ĐH) West of England) (2+2)
131255,QSQ,quan-ly-xay-dung,A00,Điểm thi THPT,2021,20.0,Quản lý xây dựng
131256,QSQ,quan-ly-xay-dung,A01,Điểm thi THPT,2021,20.0,Quản lý xây dựng
131257,QSQ,quan-ly-xay-dung,D01,Điểm thi THPT,2021,20.0,Quản lý xây dựng
131258,QSQ,quan-ly-xay-dung,A00,Điểm thi THPT,2022,20.0,Quản lý xây dựng
131259,QSQ,quan-ly-xay-dung,A01,Điểm thi THPT,2022,20.0,Quản lý xây dựng
131260,QSQ,quan-ly-xay-dung,D01,Điểm thi THPT,2022,20.0,Quản lý xây dựng
131261,QSQ,quan-ly-xay-dung,D07,Điểm thi THPT,2022,20.0,Quản lý xây dựng
131262,QSQ,quan-ly-xay-dung,A00,Điểm thi THPT,2023,18.0,Quản lý xây dựng
131263,QSQ,quan-ly-xay-dung,A01,Điểm thi THPT,2023,18.0,Quản lý xây dựng
131264,QSQ,quan-ly-xay-dung,D01,Điểm thi THPT,2023,18.0,Quản lý xây dựng
131265,QSQ,quan-ly-xay-dung,D07,Điểm thi THPT,2023,18.0,Quản lý xây dựng
131266,QSQ,quan-ly-xay-dung,A00,Điểm thi THPT,2024,18.0,Quản lý xây dựng
131267,QSQ,quan-ly-xay-dung,A01,Điểm thi THPT,2024,18.0,Quản lý xây dựng
131268,QSQ,quan-ly-xay-dung,D01,Điểm thi THPT,2024,18.0,Quản lý xây dựng
131269,QSQ,quan-ly-xay-dung,D07,Điểm thi THPT,2024,18.0,Quản lý xây dựng
131270,QSQ,quan-tri-kinh-doanh,A00,Điểm thi THPT,2021,25.0,Quản trị Kinh doanh
131271,QSQ,quan-tri-kinh-doanh,A01,Điểm thi THPT,2021,25.0,Quản trị Kinh doanh
131272,QSQ,quan-tri-kinh-doanh,D01,Điểm thi THPT,2021,25.0,Quản trị Kinh doanh
131273,QSQ,quan-tri-kinh-doanh,A00,Điểm thi THPT,2022,23.0,Quản trị Kinh doanh
131274,QSQ,quan-tri-kinh-doanh,A01,Điểm thi THPT,2022,23.0,Quản trị Kinh doanh
131275,QSQ,quan-tri-kinh-doanh,D01,Điểm thi THPT,2022,23.0,Quản trị Kinh doanh
131276,QSQ,quan-tri-kinh-doanh,D07,Điểm thi THPT,2022,23.0,Quản trị Kinh doanh
131277,QSQ,quan-tri-kinh-doanh,A00,Điểm thi THPT,2023,23.5,Quản trị kinh doanh
131278,QSQ,quan-tri-kinh-doanh,A01,Điểm thi THPT,2023,23.5,Quản trị kinh doanh
131279,QSQ,quan-tri-kinh-doanh,D01,Điểm thi THPT,2023,23.5,Quản trị kinh doanh
131280,QSQ,quan-tri-kinh-doanh,D07,Điểm thi THPT,2023,23.5,Quản trị kinh doanh
131281,QSQ,quan-tri-kinh-doanh,A00,Điểm thi THPT,2024,22.5,Quản trị kinh doanh
131282,QSQ,quan-tri-kinh-doanh,A01,Điểm thi THPT,2024,22.5,Quản trị kinh doanh
131283,QSQ,quan-tri-kinh-doanh,D01,Điểm thi THPT,2024,22.5,Quản trị kinh doanh
131284,QSQ,quan-tri-kinh-doanh,D07,Điểm thi THPT,2024,22.5,Quản trị kinh doanh
131285,QSQ,tai-chinh,A00,Điểm thi THPT,2024,20.0,Tài chính (Chương trình liên kết với ĐH Macquarie) (2+1)
131286,QSQ,tai-chinh,A01,Điểm thi THPT,2024,20.0,Tài chính (Chương trình liên kết với ĐH Macquarie) (2+1)
131287,QSQ,tai-chinh,D01,Điểm thi THPT,2024,20.0,Tài chính (Chương trình liên kết với ĐH Macquarie) (2+1)
131288,QSQ,tai-chinh,D07,Điểm thi THPT,2024,20.0,Tài chính (Chương trình liên kết với ĐH Macquarie) (2+1)
131289,QSQ,tai-chinh-ngan-hang,A00,Điểm thi THPT,2021,24.5,Tài chính Ngân hàng
131290,QSQ,tai-chinh-ngan-hang,A01,Điểm thi THPT,2021,24.5,Tài chính Ngân hàng
131291,QSQ,tai-chinh-ngan-hang,D01,Điểm thi THPT,2021,24.5,Tài chính Ngân hàng
131292,QSQ,tai-chinh-ngan-hang,A00,Điểm thi THPT,2022,22.0,Tài chính Ngân hàng
131293,QSQ,tai-chinh-ngan-hang,A01,Điểm thi THPT,2022,22.0,Tài chính Ngân hàng
131294,QSQ,tai-chinh-ngan-hang,D01,Điểm thi THPT,2022,22.0,Tài chính Ngân hàng
131295,QSQ,tai-chinh-ngan-hang,D07,Điểm thi THPT,2022,22.0,Tài chính Ngân hàng
131296,QSQ,tai-chinh-ngan-hang,A00,Điểm thi THPT,2023,23.0,Tài chính - Ngân hàng
131297,QSQ,tai-chinh-ngan-hang,A01,Điểm thi THPT,2023,23.0,Tài chính - Ngân hàng
131298,QSQ,tai-chinh-ngan-hang,D01,Điểm thi THPT,2023,23.0,Tài chính - Ngân hàng
131299,QSQ,tai-chinh-ngan-hang,D07,Điểm thi THPT,2023,23.0,Tài chính - Ngân hàng
131300,QSQ,tai-chinh-ngan-hang,A00,Điểm thi THPT,2024,22.5,Tài chính – Ngân hàng
131301,QSQ,tai-chinh-ngan-hang,A01,Điểm thi THPT,2024,22.5,Tài chính – Ngân hàng
131302,QSQ,tai-chinh-ngan-hang,D01,Điểm thi THPT,2024,22.5,Tài chính – Ngân hàng
131303,QSQ,tai-chinh-ngan-hang,D07,Điểm thi THPT,2024,22.5,Tài chính – Ngân hàng
131304,QSQ,thong-ke,A00,Điểm thi THPT,2023,18.0,Thống kê (Thống kê ứng dụng)
131305,QSQ,thong-ke,A01,Điểm thi THPT,2023,18.0,Thống kê (Thống kê ứng dụng)
131306,QSQ,thong-ke,A00,Điểm thi THPT,2024,18.0,Thống kê (Thống kê ứng dụng)
131307,QSQ,thong-ke,A01,Điểm thi THPT,2024,18.0,Thống kê (Thống kê ứng dụng)
131308,QSQ,toan-tin-hoc-cong-nghe-thong-tin-khoa-hoc-may-tinh-cong-nghe-thong-tin-cong-nghe-thong-tin,A00,Điểm thi THPT,2025,20.0,Toán – Tin học (Công nghệ thông tin (CTLK với ĐH West of England) (4+0); Công nghệ thông tin (CTLK với ĐH Macquarie) (2+1); Khoa học máy tính (CTLK với ĐH West of England) (2+2); Công nghệ thông tin (CTLK với ĐH Deakin) (2+2); Công nghệ thông tin (CTLK với ĐH Deakin) (3+1))
131309,QSQ,toan-tin-hoc-cong-nghe-thong-tin-khoa-hoc-may-tinh-cong-nghe-thong-tin-cong-nghe-thong-tin,A01,Điểm thi THPT,2025,20.0,Toán – Tin học (Công nghệ thông tin (CTLK với ĐH West of England) (4+0); Công nghệ thông tin (CTLK với ĐH Macquarie) (2+1); Khoa học máy tính (CTLK với ĐH West of England) (2+2); Công nghệ thông tin (CTLK với ĐH Deakin) (2+2); Công nghệ thông tin (CTLK với ĐH Deakin) (3+1))
131310,QSQ,toan-tin-hoc-cong-nghe-thong-tin-khoa-hoc-may-tinh-cong-nghe-thong-tin-cong-nghe-thong-tin,X06,Điểm thi THPT,2025,20.0,Toán – Tin học (Công nghệ thông tin (CTLK với ĐH West of England) (4+0); Công nghệ thông tin (CTLK với ĐH Macquarie) (2+1); Khoa học máy tính (CTLK với ĐH West of England) (2+2); Công nghệ thông tin (CTLK với ĐH Deakin) (2+2); Công nghệ thông tin (CTLK với ĐH Deakin) (3+1))
131311,QSQ,toan-tin-hoc-cong-nghe-thong-tin-khoa-hoc-may-tinh-cong-nghe-thong-tin-cong-nghe-thong-tin,X10,Điểm thi THPT,2025,20.0,Toán – Tin học (Công nghệ thông tin (CTLK với ĐH West of England) (4+0); Công nghệ thông tin (CTLK với ĐH Macquarie) (2+1); Khoa học máy tính (CTLK với ĐH West of England) (2+2); Công nghệ thông tin (CTLK với ĐH Deakin) (2+2); Công nghệ thông tin (CTLK với ĐH Deakin) (3+1))
131312,QSQ,toan-tin-hoc-cong-nghe-thong-tin-khoa-hoc-may-tinh-cong-nghe-thong-tin-cong-nghe-thong-tin,X26,Điểm thi THPT,2025,20.0,Toán – Tin học (Công nghệ thông tin (CTLK với ĐH West of England) (4+0); Công nghệ thông tin (CTLK với ĐH Macquarie) (2+1); Khoa học máy tính (CTLK với ĐH West of England) (2+2); Công nghệ thông tin (CTLK với ĐH Deakin) (2+2); Công nghệ thông tin (CTLK với ĐH Deakin) (3+1))
131313,QSQ,toan-tin-hoc-thong-ke,A00,Điểm thi THPT,2025,21.0,Toán – Tin học (Nhóm ngành: Công nghệ thông tin; Khoa học máy tính; Khoa học dữ liệu; Toán ứng dụng (Kỹ thuật Tài chính và Quản trị rủi ro); Thống kê (Thống kê ứng dụng))
131314,QSQ,toan-tin-hoc-thong-ke,A01,Điểm thi THPT,2025,21.0,Toán – Tin học (Nhóm ngành: Công nghệ thông tin; Khoa học máy tính; Khoa học dữ liệu; Toán ứng dụng (Kỹ thuật Tài chính và Quản trị rủi ro); Thống kê (Thống kê ứng dụng))
131315,QSQ,toan-tin-hoc-thong-ke,X06,Điểm thi THPT,2025,21.0,Toán – Tin học (Nhóm ngành: Công nghệ thông tin; Khoa học máy tính; Khoa học dữ liệu; Toán ứng dụng (Kỹ thuật Tài chính và Quản trị rủi ro); Thống kê (Thống kê ứng dụng))
131316,QSQ,toan-tin-hoc-thong-ke,X10,Điểm thi THPT,2025,21.0,Toán – Tin học (Nhóm ngành: Công nghệ thông tin; Khoa học máy tính; Khoa học dữ liệu; Toán ứng dụng (Kỹ thuật Tài chính và Quản trị rủi ro); Thống kê (Thống kê ứng dụng))
131317,QSQ,toan-tin-hoc-thong-ke,X26,Điểm thi THPT,2025,21.0,Toán – Tin học (Nhóm ngành: Công nghệ thông tin; Khoa học máy tính; Khoa học dữ liệu; Toán ứng dụng (Kỹ thuật Tài chính và Quản trị rủi ro); Thống kê (Thống kê ứng dụng))
131318,QSQ,toan-ung-dung,A00,Điểm thi THPT,2021,20.0,Toán ứng dụng (Kỹ thuật Tài chính & Quản trị rủi ro)
131319,QSQ,toan-ung-dung,A01,Điểm thi THPT,2021,20.0,Toán ứng dụng (Kỹ thuật Tài chính & Quản trị rủi ro)
131320,QSQ,toan-ung-dung,A00,Điểm thi THPT,2022,20.0,Toán ứng dụng (Kỹ thuật Tài chính & Quản trị rủi ro)
131321,QSQ,toan-ung-dung,A01,Điểm thi THPT,2022,20.0,Toán ứng dụng (Kỹ thuật Tài chính & Quản trị rủi ro)
131322,QSQ,toan-ung-dung,A00,Điểm thi THPT,2023,19.0,Toán ứng dụng (Kỹ thuật Tài chính và Quản trị rủi ro)
131323,QSQ,toan-ung-dung,A01,Điểm thi THPT,2023,19.0,Toán ứng dụng (Kỹ thuật Tài chính và Quản trị rủi ro)
131324,QSQ,toan-ung-dung,A00,Điểm thi THPT,2024,20.0,Toán ứng dụng (Kỹ thuật Tài chính và Quản trị rủi ro)
131325,QSQ,toan-ung-dung,A01,Điểm thi THPT,2024,20.0,Toán ứng dụng (Kỹ thuật Tài chính và Quản trị rủi ro)
131326,QST,cong-nghe-giao-duc,A00,Điểm thi THPT,2025,24.25,Công nghệ giáo dục
131327,QST,cong-nghe-giao-duc,A01,Điểm thi THPT,2025,22.88,Công nghệ giáo dục
131328,QST,cong-nghe-giao-duc,B03,Điểm thi THPT,2025,23.13,Công nghệ giáo dục
131329,QST,cong-nghe-giao-duc,B08,Điểm thi THPT,2025,23.13,Công nghệ giáo dục
131330,QST,cong-nghe-giao-duc,C01,Điểm thi THPT,2025,24.25,Công nghệ giáo dục
131331,QST,cong-nghe-giao-duc,C02,Điểm thi THPT,2025,24.25,Công nghệ giáo dục
131332,QST,cong-nghe-giao-duc,D01,Điểm thi THPT,2025,22.5,Công nghệ giáo dục
131333,QST,cong-nghe-giao-duc,D07,Điểm thi THPT,2025,22.5,Công nghệ giáo dục
131334,QST,cong-nghe-giao-duc,X02,Điểm thi THPT,2025,24.25,Công nghệ giáo dục
131335,QST,cong-nghe-giao-duc,X06,Điểm thi THPT,2025,24.25,Công nghệ giáo dục
131336,QST,cong-nghe-giao-duc,X10,Điểm thi THPT,2025,24.25,Công nghệ giáo dục
131337,QST,cong-nghe-giao-duc,X14,Điểm thi THPT,2025,23.13,Công nghệ giáo dục
131338,QST,cong-nghe-giao-duc,X26,Điểm thi THPT,2025,22.88,Công nghệ giáo dục
131339,QST,cong-nghe-ky-thuat-hoa-hoc,A00,Điểm thi THPT,2021,24.6,Công nghệ Kỹ thuật Hóa học (CT Chất lượng cao)
131340,QST,cong-nghe-ky-thuat-hoa-hoc,B00,Điểm thi THPT,2021,24.6,Công nghệ Kỹ thuật Hóa học (CT Chất lượng cao)
131341,QST,cong-nghe-ky-thuat-hoa-hoc,D07,Điểm thi THPT,2021,24.6,Công nghệ Kỹ thuật Hóa học (CT Chất lượng cao)
131342,QST,cong-nghe-ky-thuat-hoa-hoc,D90,Điểm thi THPT,2021,24.6,Công nghệ Kỹ thuật Hóa học (CT Chất lượng cao)
131343,QST,cong-nghe-ky-thuat-hoa-hoc,A00,Điểm thi THPT,2022,24.65,Công nghệ Kỹ thuật Hóa học (CT Chất lượng cao)
131344,QST,cong-nghe-ky-thuat-hoa-hoc,B00,Điểm thi THPT,2022,24.65,Công nghệ Kỹ thuật Hóa học (CT Chất lượng cao)
131345,QST,cong-nghe-ky-thuat-hoa-hoc,D07,Điểm thi THPT,2022,24.65,Công nghệ Kỹ thuật Hóa học (CT Chất lượng cao)
131346,QST,cong-nghe-ky-thuat-hoa-hoc,D90,Điểm thi THPT,2022,24.65,Công nghệ Kỹ thuật Hóa học (CT Chất lượng cao)
131347,QST,cong-nghe-ky-thuat-hoa-hoc,A00,Điểm thi THPT,2023,24.7,Công nghệ Kỹ thuật Hóa học (CT Chất lượng cao)
131348,QST,cong-nghe-ky-thuat-hoa-hoc,B00,Điểm thi THPT,2023,24.7,Công nghệ Kỹ thuật Hóa học (CT Chất lượng cao)
131349,QST,cong-nghe-ky-thuat-hoa-hoc,D07,Điểm thi THPT,2023,24.7,Công nghệ Kỹ thuật Hóa học (CT Chất lượng cao)
131350,QST,cong-nghe-ky-thuat-hoa-hoc,D90,Điểm thi THPT,2023,24.7,Công nghệ Kỹ thuật Hóa học (CT Chất lượng cao)
131351,QST,cong-nghe-ky-thuat-hoa-hoc,A00,Điểm thi THPT,2024,25.0,Công nghệ kỹ thuật Hoá học (Chương trình tăng cường tiếng Anh)
131352,QST,cong-nghe-ky-thuat-hoa-hoc,B00,Điểm thi THPT,2024,25.0,Công nghệ kỹ thuật Hoá học (Chương trình tăng cường tiếng Anh)
131353,QST,cong-nghe-ky-thuat-hoa-hoc,D07,Điểm thi THPT,2024,25.0,Công nghệ kỹ thuật Hoá học (Chương trình tăng cường tiếng Anh)
131354,QST,cong-nghe-ky-thuat-hoa-hoc,D90,Điểm thi THPT,2024,25.0,Công nghệ kỹ thuật Hoá học (Chương trình tăng cường tiếng Anh)
131355,QST,cong-nghe-ky-thuat-hoa-hoc,A00,Điểm thi THPT,2025,25.22,Công nghệ kỹ thuật Hóa học (CTTCTA)
131356,QST,cong-nghe-ky-thuat-hoa-hoc,A02,Điểm thi THPT,2025,25.22,Công nghệ kỹ thuật Hóa học (CTTCTA)
131357,QST,cong-nghe-ky-thuat-hoa-hoc,B00,Điểm thi THPT,2025,24.22,Công nghệ kỹ thuật Hóa học (CTTCTA)
131358,QST,cong-nghe-ky-thuat-hoa-hoc,C02,Điểm thi THPT,2025,25.08,Công nghệ kỹ thuật Hóa học (CTTCTA)
131359,QST,cong-nghe-ky-thuat-hoa-hoc,D07,Điểm thi THPT,2025,23.61,Công nghệ kỹ thuật Hóa học (CTTCTA)
131360,QST,cong-nghe-ky-thuat-hoa-hoc,X07,Điểm thi THPT,2025,25.22,Công nghệ kỹ thuật Hóa học (CTTCTA)
131361,QST,cong-nghe-ky-thuat-hoa-hoc,X08,Điểm thi THPT,2025,25.22,Công nghệ kỹ thuật Hóa học (CTTCTA)
131362,QST,cong-nghe-ky-thuat-hoa-hoc,X11,Điểm thi THPT,2025,23.61,Công nghệ kỹ thuật Hóa học (CTTCTA)
131363,QST,cong-nghe-ky-thuat-hoa-hoc,X12,Điểm thi THPT,2025,25.22,Công nghệ kỹ thuật Hóa học (CTTCTA)
131364,QST,cong-nghe-ky-thuat-moi-truong,A00,Điểm thi THPT,2021,18.0,Công nghệ Kỹ thuật Môi trường
131365,QST,cong-nghe-ky-thuat-moi-truong,B00,Điểm thi THPT,2021,18.0,Công nghệ Kỹ thuật Môi trường
131366,QST,cong-nghe-ky-thuat-moi-truong,B08,Điểm thi THPT,2021,18.0,Công nghệ Kỹ thuật Môi trường
131367,QST,cong-nghe-ky-thuat-moi-truong,D07,Điểm thi THPT,2021,18.0,Công nghệ Kỹ thuật Môi trường
131368,QST,cong-nghe-ky-thuat-moi-truong,A00,Điểm thi THPT,2022,17.0,Công nghệ Kỹ thuật Môi trường
131369,QST,cong-nghe-ky-thuat-moi-truong,B00,Điểm thi THPT,2022,17.0,Công nghệ Kỹ thuật Môi trường
131370,QST,cong-nghe-ky-thuat-moi-truong,B08,Điểm thi THPT,2022,17.0,Công nghệ Kỹ thuật Môi trường
131371,QST,cong-nghe-ky-thuat-moi-truong,D07,Điểm thi THPT,2022,17.0,Công nghệ Kỹ thuật Môi trường
131372,QST,cong-nghe-ky-thuat-moi-truong,A00,Điểm thi THPT,2023,17.0,Cổng nghệ Kỹ thuật Mòi trường
131373,QST,cong-nghe-ky-thuat-moi-truong,B00,Điểm thi THPT,2023,17.0,Cổng nghệ Kỹ thuật Mòi trường
131374,QST,cong-nghe-ky-thuat-moi-truong,B08,Điểm thi THPT,2023,17.0,Cổng nghệ Kỹ thuật Mòi trường
131375,QST,cong-nghe-ky-thuat-moi-truong,D07,Điểm thi THPT,2023,17.0,Cổng nghệ Kỹ thuật Mòi trường
131376,QST,cong-nghe-ky-thuat-moi-truong,A00,Điểm thi THPT,2024,19.0,Công nghệ Kỹ thuật Môi trường
131377,QST,cong-nghe-ky-thuat-moi-truong,B00,Điểm thi THPT,2024,19.0,Công nghệ Kỹ thuật Môi trường
131378,QST,cong-nghe-ky-thuat-moi-truong,B08,Điểm thi THPT,2024,19.0,Công nghệ Kỹ thuật Môi trường
131379,QST,cong-nghe-ky-thuat-moi-truong,D07,Điểm thi THPT,2024,19.0,Công nghệ Kỹ thuật Môi trường
131380,QST,cong-nghe-ky-thuat-moi-truong,A00,Điểm thi THPT,2025,21.5,Công nghệ Kỹ thuật Môi trường
131381,QST,cong-nghe-ky-thuat-moi-truong,A01,Điểm thi THPT,2025,20.25,Công nghệ Kỹ thuật Môi trường
131382,QST,cong-nghe-ky-thuat-moi-truong,A02,Điểm thi THPT,2025,21.5,Công nghệ Kỹ thuật Môi trường
131383,QST,cong-nghe-ky-thuat-moi-truong,A06,Điểm thi THPT,2025,21.5,Công nghệ Kỹ thuật Môi trường
131384,QST,cong-nghe-ky-thuat-moi-truong,B00,Điểm thi THPT,2025,20.25,Công nghệ Kỹ thuật Môi trường
131385,QST,cong-nghe-ky-thuat-moi-truong,B02,Điểm thi THPT,2025,20.25,Công nghệ Kỹ thuật Môi trường
131386,QST,cong-nghe-ky-thuat-moi-truong,B03,Điểm thi THPT,2025,20.25,Công nghệ Kỹ thuật Môi trường
131387,QST,cong-nghe-ky-thuat-moi-truong,B08,Điểm thi THPT,2025,20.25,Công nghệ Kỹ thuật Môi trường
131388,QST,cong-nghe-ky-thuat-moi-truong,C02,Điểm thi THPT,2025,22.0,Công nghệ Kỹ thuật Môi trường
131389,QST,cong-nghe-ky-thuat-moi-truong,D07,Điểm thi THPT,2025,19.56,Công nghệ Kỹ thuật Môi trường
131390,QST,cong-nghe-ky-thuat-moi-truong,X06,Điểm thi THPT,2025,21.5,Công nghệ Kỹ thuật Môi trường
131391,QST,cong-nghe-ky-thuat-moi-truong,X10,Điểm thi THPT,2025,21.5,Công nghệ Kỹ thuật Môi trường
131392,QST,cong-nghe-ky-thuat-moi-truong,X11,Điểm thi THPT,2025,19.56,Công nghệ Kỹ thuật Môi trường
131393,QST,cong-nghe-ky-thuat-moi-truong,X12,Điểm thi THPT,2025,21.5,Công nghệ Kỹ thuật Môi trường
131394,QST,cong-nghe-ky-thuat-moi-truong,X14,Điểm thi THPT,2025,20.25,Công nghệ Kỹ thuật Môi trường
131395,QST,cong-nghe-ky-thuat-moi-truong,X15,Điểm thi THPT,2025,20.25,Công nghệ Kỹ thuật Môi trường
131396,QST,cong-nghe-ky-thuat-moi-truong,X16,Điểm thi THPT,2025,20.25,Công nghệ Kỹ thuật Môi trường
131397,QST,cong-nghe-sinh-hoc,A02,Điểm thi THPT,2021,25.5,Công nghệ Sinh học
131398,QST,cong-nghe-sinh-hoc,B00,Điểm thi THPT,2021,25.5,Công nghệ Sinh học
131399,QST,cong-nghe-sinh-hoc,B08,Điểm thi THPT,2021,25.5,Công nghệ Sinh học
131400,QST,cong-nghe-sinh-hoc,D90,Điểm thi THPT,2021,25.5,Công nghệ Sinh học
131401,QST,cong-nghe-sinh-hoc,A02,Điểm thi THPT,2022,23.75,Công nghệ Sinh học
131402,QST,cong-nghe-sinh-hoc,B00,Điểm thi THPT,2022,23.75,Công nghệ Sinh học
131403,QST,cong-nghe-sinh-hoc,B08,Điểm thi THPT,2022,23.75,Công nghệ Sinh học
131404,QST,cong-nghe-sinh-hoc,D90,Điểm thi THPT,2022,23.75,Công nghệ Sinh học
131405,QST,cong-nghe-sinh-hoc,A02,Điểm thi THPT,2023,24.68,Công nghệ Sinh học
131406,QST,cong-nghe-sinh-hoc,B00,Điểm thi THPT,2023,24.68,Công nghệ Sinh học
131407,QST,cong-nghe-sinh-hoc,B08,Điểm thi THPT,2023,24.68,Công nghệ Sinh học
131408,QST,cong-nghe-sinh-hoc,D90,Điểm thi THPT,2023,24.68,Công nghệ Sinh học
131409,QST,cong-nghe-sinh-hoc,A02,Điểm thi THPT,2024,24.9,Công nghệ Sinh học
131410,QST,cong-nghe-sinh-hoc,B00,Điểm thi THPT,2024,24.9,Công nghệ Sinh học
131411,QST,cong-nghe-sinh-hoc,B08,Điểm thi THPT,2024,24.9,Công nghệ Sinh học
131412,QST,cong-nghe-sinh-hoc,D90,Điểm thi THPT,2024,24.9,Công nghệ Sinh học
131413,QST,cong-nghe-sinh-hoc,A02,Điểm thi THPT,2025,24.72,Công nghệ Sinh học
131414,QST,cong-nghe-sinh-hoc,B00,Điểm thi THPT,2025,23.72,Công nghệ Sinh học
131415,QST,cong-nghe-sinh-hoc,B03,Điểm thi THPT,2025,23.72,Công nghệ Sinh học
131416,QST,cong-nghe-sinh-hoc,B08,Điểm thi THPT,2025,23.72,Công nghệ Sinh học
131417,QST,cong-nghe-sinh-hoc,X15,Điểm thi THPT,2025,23.72,Công nghệ Sinh học
131418,QST,cong-nghe-sinh-hoc,X16,Điểm thi THPT,2025,23.72,Công nghệ Sinh học
131419,QST,cong-nghe-sinh-hoc,X28,Điểm thi THPT,2025,22.86,Công nghệ Sinh học
131420,QST,cong-nghe-thong-tin,A00,Điểm thi THPT,2021,26.9,Công nghệ Thông tin (CT Chất lượng cao)
131421,QST,cong-nghe-thong-tin,A01,Điểm thi THPT,2021,26.9,Công nghệ Thông tin (CT Chất lượng cao)
131422,QST,cong-nghe-thong-tin,B08,Điểm thi THPT,2021,26.9,Công nghệ Thông tin (CT Chất lượng cao)
131423,QST,cong-nghe-thong-tin,D07,Điểm thi THPT,2021,26.9,Công nghệ Thông tin (CT Chất lượng cao)
131424,QST,cong-nghe-thong-tin,D29,Điểm thi THPT,2021,25.25,Công nghệ Thông tin (CTLK Việt - Pháp)
131425,QST,cong-nghe-thong-tin,A00,Điểm thi THPT,2022,27.2,Công nghệ Thông tin (CT Chất lượng cao)
131426,QST,cong-nghe-thong-tin,A01,Điểm thi THPT,2022,27.2,Công nghệ Thông tin (CT Chất lượng cao)
131427,QST,cong-nghe-thong-tin,B08,Điểm thi THPT,2022,27.2,Công nghệ Thông tin (CT Chất lượng cao)
131428,QST,cong-nghe-thong-tin,D07,Điểm thi THPT,2022,27.2,Công nghệ Thông tin (CT Chất lượng cao)
131429,QST,cong-nghe-thong-tin,A00,Điểm thi THPT,2023,26.0,Công nghệ Thông tin (CT Chất lượng cao)
131430,QST,cong-nghe-thong-tin,A01,Điểm thi THPT,2023,26.0,Công nghệ Thông tin (CT Chất lượng cao)
131431,QST,cong-nghe-thong-tin,B08,Điểm thi THPT,2023,26.0,Công nghệ Thông tin (CT Chất lượng cao)
131432,QST,cong-nghe-thong-tin,D07,Điểm thi THPT,2023,26.0,Công nghệ Thông tin (CT Chất lượng cao)
131433,QST,cong-nghe-thong-tin,A00,Điểm thi THPT,2024,26.0,Công nghệ thông tin (Chương trình tăng cường tiếng Anh)
131434,QST,cong-nghe-thong-tin,A01,Điểm thi THPT,2024,26.0,Công nghệ thông tin (Chương trình tăng cường tiếng Anh)
131435,QST,cong-nghe-thong-tin,B08,Điểm thi THPT,2024,26.0,Công nghệ thông tin (Chương trình tăng cường tiếng Anh)
131436,QST,cong-nghe-thong-tin,D07,Điểm thi THPT,2024,26.0,Công nghệ thông tin (Chương trình tăng cường tiếng Anh)
131437,QST,cong-nghe-thong-tin,A00,Điểm thi THPT,2025,25.87,Công nghệ thông tin (CT TCTA)
131438,QST,cong-nghe-thong-tin,A01,Điểm thi THPT,2025,24.62,Công nghệ thông tin (CT TCTA)
131439,QST,cong-nghe-thong-tin,B08,Điểm thi THPT,2025,24.99,Công nghệ thông tin (CT TCTA)
131440,QST,cong-nghe-thong-tin,D07,Điểm thi THPT,2025,24.37,Công nghệ thông tin (CT TCTA)
131441,QST,cong-nghe-thong-tin,X06,Điểm thi THPT,2025,25.87,Công nghệ thông tin (CT TCTA)
131442,QST,cong-nghe-thong-tin,X26,Điểm thi THPT,2025,24.62,Công nghệ thông tin (CT TCTA)
131443,QST,cong-nghe-vat-lieu,A00,Điểm thi THPT,2021,22.0,Công nghệ Vật liệu
131444,QST,cong-nghe-vat-lieu,A01,Điểm thi THPT,2021,22.0,Công nghệ Vật liệu
131445,QST,cong-nghe-vat-lieu,B00,Điểm thi THPT,2021,22.0,Công nghệ Vật liệu
131446,QST,cong-nghe-vat-lieu,D07,Điểm thi THPT,2021,22.0,Công nghệ Vật liệu
131447,QST,cong-nghe-vat-lieu,A00,Điểm thi THPT,2022,23.0,Công nghệ Vật liệu
131448,QST,cong-nghe-vat-lieu,A01,Điểm thi THPT,2022,23.0,Công nghệ Vật liệu
131449,QST,cong-nghe-vat-lieu,B00,Điểm thi THPT,2022,23.0,Công nghệ Vật liệu
131450,QST,cong-nghe-vat-lieu,D07,Điểm thi THPT,2022,23.0,Công nghệ Vật liệu
131451,QST,cong-nghe-vat-lieu,A00,Điểm thi THPT,2023,23.0,Công nghệ Vật liệu
131452,QST,cong-nghe-vat-lieu,A01,Điểm thi THPT,2023,23.0,Công nghệ Vật liệu
131453,QST,cong-nghe-vat-lieu,B00,Điểm thi THPT,2023,23.0,Công nghệ Vật liệu
131454,QST,cong-nghe-vat-lieu,D07,Điểm thi THPT,2023,23.0,Công nghệ Vật liệu
131455,QST,cong-nghe-vat-lieu,A00,Điểm thi THPT,2024,24.0,Công nghệ Vật liệu
131456,QST,cong-nghe-vat-lieu,A01,Điểm thi THPT,2024,24.0,Công nghệ Vật liệu
131457,QST,cong-nghe-vat-lieu,B00,Điểm thi THPT,2024,24.0,Công nghệ Vật liệu
131458,QST,cong-nghe-vat-lieu,D07,Điểm thi THPT,2024,24.0,Công nghệ Vật liệu
131459,QST,cong-nghe-vat-lieu,A00,Điểm thi THPT,2025,25.07,Công nghệ Vật liệu
131460,QST,cong-nghe-vat-lieu,A01,Điểm thi THPT,2025,23.82,Công nghệ Vật liệu
131461,QST,cong-nghe-vat-lieu,A02,Điểm thi THPT,2025,25.07,Công nghệ Vật liệu
131462,QST,cong-nghe-vat-lieu,B00,Điểm thi THPT,2025,24.07,Công nghệ Vật liệu
131463,QST,cong-nghe-vat-lieu,B03,Điểm thi THPT,2025,24.07,Công nghệ Vật liệu
131464,QST,cong-nghe-vat-lieu,B08,Điểm thi THPT,2025,24.07,Công nghệ Vật liệu
131465,QST,cong-nghe-vat-lieu,C01,Điểm thi THPT,2025,24.86,Công nghệ Vật liệu
131466,QST,cong-nghe-vat-lieu,C02,Điểm thi THPT,2025,24.86,Công nghệ Vật liệu
131467,QST,cong-nghe-vat-lieu,D07,Điểm thi THPT,2025,23.54,Công nghệ Vật liệu
131468,QST,cong-nghe-vat-lieu,X06,Điểm thi THPT,2025,25.07,Công nghệ Vật liệu
131469,QST,cong-nghe-vat-lieu,X10,Điểm thi THPT,2025,25.07,Công nghệ Vật liệu
131470,QST,cong-nghe-vat-lieu,X14,Điểm thi THPT,2025,24.07,Công nghệ Vật liệu
131471,QST,dia-chat-hoc,A00,Điểm thi THPT,2021,17.0,Địa chất học
131472,QST,dia-chat-hoc,A01,Điểm thi THPT,2021,17.0,Địa chất học
131473,QST,dia-chat-hoc,B00,Điểm thi THPT,2021,17.0,Địa chất học
131474,QST,dia-chat-hoc,D07,Điểm thi THPT,2021,17.0,Địa chất học
131475,QST,dia-chat-hoc,A00,Điểm thi THPT,2022,17.0,Địa chất học
131476,QST,dia-chat-hoc,A01,Điểm thi THPT,2022,17.0,Địa chất học
131477,QST,dia-chat-hoc,B00,Điểm thi THPT,2022,17.0,Địa chất học
131478,QST,dia-chat-hoc,D07,Điểm thi THPT,2022,17.0,Địa chất học
131479,QST,dia-chat-hoc,A00,Điểm thi THPT,2023,17.0,Địa chất học
131480,QST,dia-chat-hoc,A01,Điểm thi THPT,2023,17.0,Địa chất học
131481,QST,dia-chat-hoc,B00,Điểm thi THPT,2023,17.0,Địa chất học
131482,QST,dia-chat-hoc,D07,Điểm thi THPT,2023,17.0,Địa chất học
131483,QST,dia-chat-hoc,A00,Điểm thi THPT,2024,19.5,Ngành Địa chất học
131484,QST,dia-chat-hoc,B00,Điểm thi THPT,2024,19.5,Ngành Địa chất học
131485,QST,dia-chat-hoc,C04,Điểm thi THPT,2024,19.5,Ngành Địa chất học
131486,QST,dia-chat-hoc,D07,Điểm thi THPT,2024,19.5,Ngành Địa chất học
131487,QST,dia-chat-hoc-kinh-te-dat-dai,A00,Điểm thi THPT,2025,22.3,"Nhóm ngành Địa chất học (CT: 40), Kinh tế đất đai (CT: 50)"
131488,QST,dia-chat-hoc-kinh-te-dat-dai,A01,Điểm thi THPT,2025,21.05,"Nhóm ngành Địa chất học (CT: 40), Kinh tế đất đai (CT: 50)"
131489,QST,dia-chat-hoc-kinh-te-dat-dai,A06,Điểm thi THPT,2025,22.3,"Nhóm ngành Địa chất học (CT: 40), Kinh tế đất đai (CT: 50)"
131490,QST,dia-chat-hoc-kinh-te-dat-dai,A07,Điểm thi THPT,2025,22.55,"Nhóm ngành Địa chất học (CT: 40), Kinh tế đất đai (CT: 50)"
131491,QST,dia-chat-hoc-kinh-te-dat-dai,B00,Điểm thi THPT,2025,21.19,"Nhóm ngành Địa chất học (CT: 40), Kinh tế đất đai (CT: 50)"
131492,QST,dia-chat-hoc-kinh-te-dat-dai,B02,Điểm thi THPT,2025,21.19,"Nhóm ngành Địa chất học (CT: 40), Kinh tế đất đai (CT: 50)"
131493,QST,dia-chat-hoc-kinh-te-dat-dai,C01,Điểm thi THPT,2025,22.55,"Nhóm ngành Địa chất học (CT: 40), Kinh tế đất đai (CT: 50)"
131494,QST,dia-chat-hoc-kinh-te-dat-dai,C02,Điểm thi THPT,2025,22.55,"Nhóm ngành Địa chất học (CT: 40), Kinh tế đất đai (CT: 50)"
131495,QST,dia-chat-hoc-kinh-te-dat-dai,C04,Điểm thi THPT,2025,22.55,"Nhóm ngành Địa chất học (CT: 40), Kinh tế đất đai (CT: 50)"
131496,QST,dia-chat-hoc-kinh-te-dat-dai,D01,Điểm thi THPT,2025,20.71,"Nhóm ngành Địa chất học (CT: 40), Kinh tế đất đai (CT: 50)"
131497,QST,dia-chat-hoc-kinh-te-dat-dai,D07,Điểm thi THPT,2025,20.46,"Nhóm ngành Địa chất học (CT: 40), Kinh tế đất đai (CT: 50)"
131498,QST,dia-chat-hoc-kinh-te-dat-dai,D10,Điểm thi THPT,2025,20.71,"Nhóm ngành Địa chất học (CT: 40), Kinh tế đất đai (CT: 50)"
131499,QST,dia-chat-hoc-kinh-te-dat-dai,X02,Điểm thi THPT,2025,22.55,"Nhóm ngành Địa chất học (CT: 40), Kinh tế đất đai (CT: 50)"
131500,QST,dia-chat-hoc-kinh-te-dat-dai,X26,Điểm thi THPT,2025,21.05,"Nhóm ngành Địa chất học (CT: 40), Kinh tế đất đai (CT: 50)"
131501,QST,hai-duong-hoc,A00,Điểm thi THPT,2021,18.0,Hải dương học
131502,QST,hai-duong-hoc,A01,Điểm thi THPT,2021,18.0,Hải dương học
131503,QST,hai-duong-hoc,B00,Điểm thi THPT,2021,18.0,Hải dương học
131504,QST,hai-duong-hoc,D07,Điểm thi THPT,2021,18.0,Hải dương học
131505,QST,hai-duong-hoc,A00,Điểm thi THPT,2022,17.0,Hải dương học
131506,QST,hai-duong-hoc,A01,Điểm thi THPT,2022,17.0,Hải dương học
131507,QST,hai-duong-hoc,B00,Điểm thi THPT,2022,17.0,Hải dương học
131508,QST,hai-duong-hoc,D07,Điểm thi THPT,2022,17.0,Hải dương học
131509,QST,hai-duong-hoc,A00,Điểm thi THPT,2023,19.0,Hải dương học
131510,QST,hai-duong-hoc,A01,Điểm thi THPT,2023,19.0,Hải dương học
131511,QST,hai-duong-hoc,B00,Điểm thi THPT,2023,19.0,Hải dương học
131512,QST,hai-duong-hoc,D07,Điểm thi THPT,2023,19.0,Hải dương học
131513,QST,hai-duong-hoc,A00,Điểm thi THPT,2024,20.0,Hải dương học
131514,QST,hai-duong-hoc,A01,Điểm thi THPT,2024,20.0,Hải dương học
131515,QST,hai-duong-hoc,B00,Điểm thi THPT,2024,20.0,Hải dương học
131516,QST,hai-duong-hoc,D07,Điểm thi THPT,2024,20.0,Hải dương học
131517,QST,hai-duong-hoc,A00,Điểm thi THPT,2025,22.4,Hải dương học
131518,QST,hai-duong-hoc,A01,Điểm thi THPT,2025,21.15,Hải dương học
131519,QST,hai-duong-hoc,A02,Điểm thi THPT,2025,22.4,Hải dương học
131520,QST,hai-duong-hoc,A04,Điểm thi THPT,2025,22.4,Hải dương học
131521,QST,hai-duong-hoc,C01,Điểm thi THPT,2025,22.65,Hải dương học
131522,QST,hai-duong-hoc,X06,Điểm thi THPT,2025,22.4,Hải dương học
131523,QST,hai-duong-hoc,X07,Điểm thi THPT,2025,22.4,Hải dương học
131524,QST,hai-duong-hoc,X08,Điểm thi THPT,2025,22.4,Hải dương học
131525,QST,hai-duong-hoc,X10,Điểm thi THPT,2025,22.4,Hải dương học
131526,QST,hoa-hoc,A00,Điểm thi THPT,2021,25.65,Hóa học
131527,QST,hoa-hoc,B00,Điểm thi THPT,2021,25.65,Hóa học
131528,QST,hoa-hoc,D07,Điểm thi THPT,2021,25.65,Hóa học
131529,QST,hoa-hoc,D24,Điểm thi THPT,2021,22.0,Hóa học (CTLK Việt - Pháp)
131530,QST,hoa-hoc,D90,Điểm thi THPT,2021,25.65,Hóa học
131531,QST,hoa-hoc,A00,Điểm thi THPT,2022,24.2,Hóa học
131532,QST,hoa-hoc,B00,Điểm thi THPT,2022,24.2,Hóa học
131533,QST,hoa-hoc,D07,Điểm thi THPT,2022,24.2,Hóa học
131534,QST,hoa-hoc,D90,Điểm thi THPT,2022,24.2,Hóa học
131535,QST,hoa-hoc,A00,Điểm thi THPT,2023,24.5,Hóa học
131536,QST,hoa-hoc,B00,Điểm thi THPT,2023,24.5,Hóa học
131537,QST,hoa-hoc,D07,Điểm thi THPT,2023,24.5,Hóa học
131538,QST,hoa-hoc,D90,Điểm thi THPT,2023,24.5,Hóa học
131539,QST,hoa-hoc,A00,Điểm thi THPT,2024,25.42,Hoá học
131540,QST,hoa-hoc,B00,Điểm thi THPT,2024,25.42,Hoá học
131541,QST,hoa-hoc,D07,Điểm thi THPT,2024,25.42,Hoá học
131542,QST,hoa-hoc,D90,Điểm thi THPT,2024,25.42,Hoá học
131543,QST,hoa-hoc,A00,Điểm thi THPT,2025,26.18,Hóa học
131544,QST,hoa-hoc,A02,Điểm thi THPT,2025,26.18,Hóa học
131545,QST,hoa-hoc,B00,Điểm thi THPT,2025,25.37,Hóa học
131546,QST,hoa-hoc,C02,Điểm thi THPT,2025,25.87,Hóa học
131547,QST,hoa-hoc,D07,Điểm thi THPT,2025,24.68,Hóa học
131548,QST,hoa-hoc,X07,Điểm thi THPT,2025,26.18,Hóa học
131549,QST,hoa-hoc,X08,Điểm thi THPT,2025,26.18,Hóa học
131550,QST,hoa-hoc,X11,Điểm thi THPT,2025,24.68,Hóa học
131551,QST,hoa-hoc,X12,Điểm thi THPT,2025,26.18,Hóa học
131552,QST,khoa-hoc-du-lieu,A00,Điểm thi THPT,2021,26.85,Khoa học dữ liệu
131553,QST,khoa-hoc-du-lieu,A01,Điểm thi THPT,2021,26.85,Khoa học dữ liệu
131554,QST,khoa-hoc-du-lieu,B08,Điểm thi THPT,2021,26.85,Khoa học dữ liệu
131555,QST,khoa-hoc-du-lieu,D07,Điểm thi THPT,2021,26.85,Khoa học dữ liệu
131556,QST,khoa-hoc-du-lieu,A00,Điểm thi THPT,2022,26.7,Khoa học dữ liệu
131557,QST,khoa-hoc-du-lieu,A01,Điểm thi THPT,2022,26.7,Khoa học dữ liệu
131558,QST,khoa-hoc-du-lieu,B08,Điểm thi THPT,2022,26.7,Khoa học dữ liệu
131559,QST,khoa-hoc-du-lieu,D07,Điểm thi THPT,2022,26.7,Khoa học dữ liệu
131560,QST,khoa-hoc-du-lieu,A00,Điểm thi THPT,2023,26.4,Khoa học Dữ liệu
131561,QST,khoa-hoc-du-lieu,A01,Điểm thi THPT,2023,26.4,Khoa học Dữ liệu
131562,QST,khoa-hoc-du-lieu,B08,Điểm thi THPT,2023,26.4,Khoa học Dữ liệu
131563,QST,khoa-hoc-du-lieu,D07,Điểm thi THPT,2023,26.4,Khoa học Dữ liệu
131564,QST,khoa-hoc-du-lieu,A00,Điểm thi THPT,2024,26.85,Khoa học dữ liệu
131565,QST,khoa-hoc-du-lieu,A01,Điểm thi THPT,2024,26.85,Khoa học dữ liệu
131566,QST,khoa-hoc-du-lieu,B08,Điểm thi THPT,2024,26.85,Khoa học dữ liệu
131567,QST,khoa-hoc-du-lieu,D07,Điểm thi THPT,2024,26.85,Khoa học dữ liệu
131568,QST,khoa-hoc-du-lieu-thong-ke,A00,Điểm thi THPT,2025,28.5,"Nhóm ngành Khoa học dữ liệu (CT:80), Thống kê (CT:40)"
131569,QST,khoa-hoc-du-lieu-thong-ke,A01,Điểm thi THPT,2025,27.92,"Nhóm ngành Khoa học dữ liệu (CT:80), Thống kê (CT:40)"
131570,QST,khoa-hoc-du-lieu-thong-ke,B00,Điểm thi THPT,2025,27.92,"Nhóm ngành Khoa học dữ liệu (CT:80), Thống kê (CT:40)"
131571,QST,khoa-hoc-du-lieu-thong-ke,B08,Điểm thi THPT,2025,27.92,"Nhóm ngành Khoa học dữ liệu (CT:80), Thống kê (CT:40)"
131572,QST,khoa-hoc-du-lieu-thong-ke,D01,Điểm thi THPT,2025,27.17,"Nhóm ngành Khoa học dữ liệu (CT:80), Thống kê (CT:40)"
131573,QST,khoa-hoc-du-lieu-thong-ke,D07,Điểm thi THPT,2025,27.67,"Nhóm ngành Khoa học dữ liệu (CT:80), Thống kê (CT:40)"
131574,QST,khoa-hoc-du-lieu-thong-ke,X06,Điểm thi THPT,2025,28.5,"Nhóm ngành Khoa học dữ liệu (CT:80), Thống kê (CT:40)"
131575,QST,khoa-hoc-du-lieu-thong-ke,X26,Điểm thi THPT,2025,27.92,"Nhóm ngành Khoa học dữ liệu (CT:80), Thống kê (CT:40)"
131576,QST,khoa-hoc-may-tinh,A00,Điểm thi THPT,2021,28.0,Khoa học Máy tính (CT Tiên tiến)
131577,QST,khoa-hoc-may-tinh,A01,Điểm thi THPT,2021,28.0,Khoa học Máy tính (CT Tiên tiến)
131578,QST,khoa-hoc-may-tinh,B08,Điểm thi THPT,2021,28.0,Khoa học Máy tính (CT Tiên tiến)
131579,QST,khoa-hoc-may-tinh,D07,Điểm thi THPT,2021,28.0,Khoa học Máy tính (CT Tiên tiến)
131580,QST,khoa-hoc-may-tinh,A00,Điểm thi THPT,2022,28.2,Khoa học Máy tính (CT Tiên tiến)
131581,QST,khoa-hoc-may-tinh,A01,Điểm thi THPT,2022,28.2,Khoa học Máy tính (CT Tiên tiến)
131582,QST,khoa-hoc-may-tinh,B08,Điểm thi THPT,2022,28.2,Khoa học Máy tính (CT Tiên tiến)
131583,QST,khoa-hoc-may-tinh,D07,Điểm thi THPT,2022,28.2,Khoa học Máy tính (CT Tiên tiến)
131584,QST,khoa-hoc-may-tinh,A00,Điểm thi THPT,2023,28.05,Khoa học Máy Tính (CT Tiên tiến)
131585,QST,khoa-hoc-may-tinh,A01,Điểm thi THPT,2023,28.05,Khoa học Máy Tính (CT Tiên tiến)
131586,QST,khoa-hoc-may-tinh,B08,Điểm thi THPT,2023,28.05,Khoa học Máy Tính (CT Tiên tiến)
131587,QST,khoa-hoc-may-tinh,D07,Điểm thi THPT,2023,28.05,Khoa học Máy Tính (CT Tiên tiến)
131588,QST,khoa-hoc-may-tinh,A00,Điểm thi THPT,2024,28.5,Khoa học máy tính (Chương trình Tiên tiến)
131589,QST,khoa-hoc-may-tinh,A01,Điểm thi THPT,2024,28.5,Khoa học máy tính (Chương trình Tiên tiến)
131590,QST,khoa-hoc-may-tinh,B08,Điểm thi THPT,2024,28.5,Khoa học máy tính (Chương trình Tiên tiến)
131591,QST,khoa-hoc-may-tinh,D07,Điểm thi THPT,2024,28.5,Khoa học máy tính (Chương trình Tiên tiến)
131592,QST,khoa-hoc-may-tinh,A00,Điểm thi THPT,2025,29.92,Khoa học máy tính (CTTiên tiến)
131593,QST,khoa-hoc-may-tinh,A01,Điểm thi THPT,2025,29.81,Khoa học máy tính (CTTiên tiến)
131594,QST,khoa-hoc-may-tinh,B08,Điểm thi THPT,2025,29.81,Khoa học máy tính (CTTiên tiến)
131595,QST,khoa-hoc-may-tinh,D07,Điểm thi THPT,2025,29.56,Khoa học máy tính (CTTiên tiến)
131596,QST,khoa-hoc-may-tinh,X06,Điểm thi THPT,2025,29.92,Khoa học máy tính (CTTiên tiến)
131597,QST,khoa-hoc-may-tinh,X26,Điểm thi THPT,2025,29.81,Khoa học máy tính (CTTiên tiến)
131598,QST,khoa-hoc-moi-truong,A00,Điểm thi THPT,2021,17.5,Khoa học Môi trường
131599,QST,khoa-hoc-moi-truong,B00,Điểm thi THPT,2021,17.5,Khoa học Môi trường
131600,QST,khoa-hoc-moi-truong,B08,Điểm thi THPT,2021,17.5,Khoa học Môi trường
131601,QST,khoa-hoc-moi-truong,D07,Điểm thi THPT,2021,17.5,Khoa học Môi trường
131602,QST,khoa-hoc-moi-truong,A00,Điểm thi THPT,2022,17.0,Khoa học Môi trường
131603,QST,khoa-hoc-moi-truong,B00,Điểm thi THPT,2022,17.0,Khoa học Môi trường
131604,QST,khoa-hoc-moi-truong,B08,Điểm thi THPT,2022,17.0,Khoa học Môi trường
131605,QST,khoa-hoc-moi-truong,D07,Điểm thi THPT,2022,17.0,Khoa học Môi trường
131606,QST,khoa-hoc-moi-truong,A00,Điểm thi THPT,2023,17.0,Khoa học Môi trường
131607,QST,khoa-hoc-moi-truong,B00,Điểm thi THPT,2023,17.0,Khoa học Môi trường
131608,QST,khoa-hoc-moi-truong,B08,Điểm thi THPT,2023,17.0,Khoa học Môi trường
131609,QST,khoa-hoc-moi-truong,D07,Điểm thi THPT,2023,17.0,Khoa học Môi trường
131610,QST,khoa-hoc-moi-truong,A00,Điểm thi THPT,2024,19.0,Khoa học Môi trường
131611,QST,khoa-hoc-moi-truong,B00,Điểm thi THPT,2024,19.0,Khoa học Môi trường
131612,QST,khoa-hoc-moi-truong,B08,Điểm thi THPT,2024,19.0,Khoa học Môi trường
131613,QST,khoa-hoc-moi-truong,D07,Điểm thi THPT,2024,19.0,Khoa học Môi trường
131614,QST,khoa-hoc-moi-truong,A00,Điểm thi THPT,2025,21.2,Khoa học Môi trường
131615,QST,khoa-hoc-moi-truong,A01,Điểm thi THPT,2025,20.06,Khoa học Môi trường
131616,QST,khoa-hoc-moi-truong,A02,Điểm thi THPT,2025,21.2,Khoa học Môi trường
131617,QST,khoa-hoc-moi-truong,A06,Điểm thi THPT,2025,21.2,Khoa học Môi trường
131618,QST,khoa-hoc-moi-truong,B00,Điểm thi THPT,2025,19.95,Khoa học Môi trường
131619,QST,khoa-hoc-moi-truong,B02,Điểm thi THPT,2025,19.95,Khoa học Môi trường
131620,QST,khoa-hoc-moi-truong,B03,Điểm thi THPT,2025,19.95,Khoa học Môi trường
131621,QST,khoa-hoc-moi-truong,B08,Điểm thi THPT,2025,19.95,Khoa học Môi trường
131622,QST,khoa-hoc-moi-truong,C02,Điểm thi THPT,2025,21.81,Khoa học Môi trường
131623,QST,khoa-hoc-moi-truong,D07,Điểm thi THPT,2025,19.39,Khoa học Môi trường
131624,QST,khoa-hoc-moi-truong,X06,Điểm thi THPT,2025,21.2,Khoa học Môi trường
131625,QST,khoa-hoc-moi-truong,X10,Điểm thi THPT,2025,21.2,Khoa học Môi trường
131626,QST,khoa-hoc-moi-truong,X11,Điểm thi THPT,2025,19.39,Khoa học Môi trường
131627,QST,khoa-hoc-moi-truong,X12,Điểm thi THPT,2025,21.2,Khoa học Môi trường
131628,QST,khoa-hoc-moi-truong,X14,Điểm thi THPT,2025,19.95,Khoa học Môi trường
131629,QST,khoa-hoc-moi-truong,X15,Điểm thi THPT,2025,19.95,Khoa học Môi trường
131630,QST,khoa-hoc-moi-truong,X16,Điểm thi THPT,2025,19.95,Khoa học Môi trường
131631,QST,khoa-hoc-vat-lieu,A00,Điểm thi THPT,2021,19.0,Khoa học Vật liệu
131632,QST,khoa-hoc-vat-lieu,A01,Điểm thi THPT,2021,19.0,Khoa học Vật liệu
131633,QST,khoa-hoc-vat-lieu,B00,Điểm thi THPT,2021,19.0,Khoa học Vật liệu
131634,QST,khoa-hoc-vat-lieu,D07,Điểm thi THPT,2021,19.0,Khoa học Vật liệu
131635,QST,khoa-hoc-vat-lieu,A00,Điểm thi THPT,2022,17.0,Khoa học Vật liệu
131636,QST,khoa-hoc-vat-lieu,A01,Điểm thi THPT,2022,17.0,Khoa học Vật liệu
131637,QST,khoa-hoc-vat-lieu,B00,Điểm thi THPT,2022,17.0,Khoa học Vật liệu
131638,QST,khoa-hoc-vat-lieu,D07,Điểm thi THPT,2022,17.0,Khoa học Vật liệu
131639,QST,khoa-hoc-vat-lieu,A00,Điểm thi THPT,2023,17.0,Khoa học Vật liệu
131640,QST,khoa-hoc-vat-lieu,A01,Điểm thi THPT,2023,17.0,Khoa học Vật liệu
131641,QST,khoa-hoc-vat-lieu,B00,Điểm thi THPT,2023,17.0,Khoa học Vật liệu
131642,QST,khoa-hoc-vat-lieu,D07,Điểm thi THPT,2023,17.0,Khoa học Vật liệu
131643,QST,khoa-hoc-vat-lieu,A00,Điểm thi THPT,2024,22.3,Khoa học Vật liệu
131644,QST,khoa-hoc-vat-lieu,A01,Điểm thi THPT,2024,22.3,Khoa học Vật liệu
131645,QST,khoa-hoc-vat-lieu,B00,Điểm thi THPT,2024,22.3,Khoa học Vật liệu
131646,QST,khoa-hoc-vat-lieu,D07,Điểm thi THPT,2024,22.3,Khoa học Vật liệu
131647,QST,khoa-hoc-vat-lieu,A00,Điểm thi THPT,2025,24.1,Khoa học Vật liệu
131648,QST,khoa-hoc-vat-lieu,A01,Điểm thi THPT,2025,22.65,Khoa học Vật liệu
131649,QST,khoa-hoc-vat-lieu,A02,Điểm thi THPT,2025,24.1,Khoa học Vật liệu
131650,QST,khoa-hoc-vat-lieu,B00,Điểm thi THPT,2025,23.05,Khoa học Vật liệu
131651,QST,khoa-hoc-vat-lieu,B03,Điểm thi THPT,2025,23.05,Khoa học Vật liệu
131652,QST,khoa-hoc-vat-lieu,B08,Điểm thi THPT,2025,23.05,Khoa học Vật liệu
131653,QST,khoa-hoc-vat-lieu,C01,Điểm thi THPT,2025,24.1,Khoa học Vật liệu
131654,QST,khoa-hoc-vat-lieu,C02,Điểm thi THPT,2025,24.1,Khoa học Vật liệu
131655,QST,khoa-hoc-vat-lieu,D07,Điểm thi THPT,2025,22.35,Khoa học Vật liệu
131656,QST,khoa-hoc-vat-lieu,X06,Điểm thi THPT,2025,24.1,Khoa học Vật liệu
131657,QST,khoa-hoc-vat-lieu,X10,Điểm thi THPT,2025,24.1,Khoa học Vật liệu
131658,QST,khoa-hoc-vat-lieu,X14,Điểm thi THPT,2025,23.05,Khoa học Vật liệu
131659,QST,ky-thuat-dia-chat,A00,Điểm thi THPT,2021,17.0,Kỹ thuật Địa chất
131660,QST,ky-thuat-dia-chat,A01,Điểm thi THPT,2021,17.0,Kỹ thuật Địa chất
131661,QST,ky-thuat-dia-chat,B00,Điểm thi THPT,2021,17.0,Kỹ thuật Địa chất
131662,QST,ky-thuat-dia-chat,D07,Điểm thi THPT,2021,17.0,Kỹ thuật Địa chất
131663,QST,ky-thuat-dia-chat,A00,Điểm thi THPT,2022,17.0,Kỹ thuật Địa chất
131664,QST,ky-thuat-dia-chat,A01,Điểm thi THPT,2022,17.0,Kỹ thuật Địa chất
131665,QST,ky-thuat-dia-chat,B00,Điểm thi THPT,2022,17.0,Kỹ thuật Địa chất
131666,QST,ky-thuat-dia-chat,D07,Điểm thi THPT,2022,17.0,Kỹ thuật Địa chất
131667,QST,ky-thuat-dia-chat,A00,Điểm thi THPT,2023,17.0,Kỹ thuật Địa chất
131668,QST,ky-thuat-dia-chat,A01,Điểm thi THPT,2023,17.0,Kỹ thuật Địa chất
131669,QST,ky-thuat-dia-chat,B00,Điểm thi THPT,2023,17.0,Kỹ thuật Địa chất
131670,QST,ky-thuat-dia-chat,D07,Điểm thi THPT,2023,17.0,Kỹ thuật Địa chất
131671,QST,ky-thuat-dia-chat,A00,Điểm thi THPT,2024,19.5,Kỹ thuật địa chất
131672,QST,ky-thuat-dia-chat,A01,Điểm thi THPT,2024,19.5,Kỹ thuật địa chất
131673,QST,ky-thuat-dia-chat,B00,Điểm thi THPT,2024,19.5,Kỹ thuật địa chất
131674,QST,ky-thuat-dia-chat,D07,Điểm thi THPT,2024,19.5,Kỹ thuật địa chất
131675,QST,ky-thuat-dia-chat,A00,Điểm thi THPT,2025,22.7,Kỹ thuật địa chất
131676,QST,ky-thuat-dia-chat,A01,Điểm thi THPT,2025,21.45,Kỹ thuật địa chất
131677,QST,ky-thuat-dia-chat,B00,Điểm thi THPT,2025,21.45,Kỹ thuật địa chất
131678,QST,ky-thuat-dia-chat,C01,Điểm thi THPT,2025,22.95,Kỹ thuật địa chất
131679,QST,ky-thuat-dia-chat,C02,Điểm thi THPT,2025,22.95,Kỹ thuật địa chất
131680,QST,ky-thuat-dia-chat,C04,Điểm thi THPT,2025,22.95,Kỹ thuật địa chất
131681,QST,ky-thuat-dia-chat,D01,Điểm thi THPT,2025,21.15,Kỹ thuật địa chất
131682,QST,ky-thuat-dia-chat,D07,Điểm thi THPT,2025,20.9,Kỹ thuật địa chất
131683,QST,ky-thuat-dia-chat,D10,Điểm thi THPT,2025,21.15,Kỹ thuật địa chất
131684,QST,ky-thuat-dia-chat,X06,Điểm thi THPT,2025,22.7,Kỹ thuật địa chất
131685,QST,ky-thuat-dia-chat,X26,Điểm thi THPT,2025,21.45,Kỹ thuật địa chất
131686,QST,ky-thuat-dien-tu-vien-thong,A00,Điểm thi THPT,2021,25.35,Kỹ thuật Điện tử - Viễn thông
131687,QST,ky-thuat-dien-tu-vien-thong,A01,Điểm thi THPT,2021,25.35,Kỹ thuật Điện tử - Viễn thông
131688,QST,ky-thuat-dien-tu-vien-thong,D07,Điểm thi THPT,2021,25.35,Kỹ thuật Điện tử - Viễn thông
131689,QST,ky-thuat-dien-tu-vien-thong,D90,Điểm thi THPT,2021,25.35,Kỹ thuật Điện tử - Viễn thông
131690,QST,ky-thuat-dien-tu-vien-thong,A00,Điểm thi THPT,2022,24.25,Kỹ thuật Điện tử - Viễn thông
131691,QST,ky-thuat-dien-tu-vien-thong,A01,Điểm thi THPT,2022,24.25,Kỹ thuật Điện tử - Viễn thông
131692,QST,ky-thuat-dien-tu-vien-thong,D07,Điểm thi THPT,2022,24.25,Kỹ thuật Điện tử - Viễn thông
131693,QST,ky-thuat-dien-tu-vien-thong,D90,Điểm thi THPT,2022,24.25,Kỹ thuật Điện tử - Viễn thông
131694,QST,ky-thuat-dien-tu-vien-thong,A00,Điểm thi THPT,2023,24.55,Kỹ thuật Điện tử - Viễn thông
131695,QST,ky-thuat-dien-tu-vien-thong,A01,Điểm thi THPT,2023,24.55,Kỹ thuật Điện tử - Viễn thông
131696,QST,ky-thuat-dien-tu-vien-thong,D07,Điểm thi THPT,2023,24.55,Kỹ thuật Điện tử - Viễn thông
131697,QST,ky-thuat-dien-tu-vien-thong,D90,Điểm thi THPT,2023,24.55,Kỹ thuật Điện tử - Viễn thông
131698,QST,ky-thuat-dien-tu-vien-thong,A00,Điểm thi THPT,2024,25.4,Kỹ thuật điện tử - viễn thông (Chương trình tăng cường tiếng Anh)
131699,QST,ky-thuat-dien-tu-vien-thong,A01,Điểm thi THPT,2024,25.4,Kỹ thuật điện tử - viễn thông (Chương trình tăng cường tiếng Anh)
131700,QST,ky-thuat-dien-tu-vien-thong,D07,Điểm thi THPT,2024,25.4,Kỹ thuật điện tử - viễn thông (Chương trình tăng cường tiếng Anh)
131701,QST,ky-thuat-dien-tu-vien-thong,D90,Điểm thi THPT,2024,25.4,Kỹ thuật điện tử - viễn thông (Chương trình tăng cường tiếng Anh)
131702,QST,ky-thuat-dien-tu-vien-thong,A00,Điểm thi THPT,2025,26.6,Kỹ thuật điện tử - viễn thông
131703,QST,ky-thuat-dien-tu-vien-thong,A01,Điểm thi THPT,2025,25.35,Kỹ thuật điện tử - viễn thông
131704,QST,ky-thuat-dien-tu-vien-thong,A02,Điểm thi THPT,2025,26.6,Kỹ thuật điện tử - viễn thông
131705,QST,ky-thuat-dien-tu-vien-thong,C01,Điểm thi THPT,2025,26.15,Kỹ thuật điện tử - viễn thông
131706,QST,ky-thuat-dien-tu-vien-thong,X06,Điểm thi THPT,2025,26.6,Kỹ thuật điện tử - viễn thông
131707,QST,ky-thuat-dien-tu-vien-thong,X07,Điểm thi THPT,2025,26.6,Kỹ thuật điện tử - viễn thông
131708,QST,ky-thuat-dien-tu-vien-thong,X26,Điểm thi THPT,2025,25.35,Kỹ thuật điện tử - viễn thông
131709,QST,ky-thuat-dien-tu-vien-thong,X27,Điểm thi THPT,2025,25.1,Kỹ thuật điện tử - viễn thông
131710,QST,ky-thuat-dien-tu-vien-thong-thiet-ke-vi-mach,A00,Điểm thi THPT,2024,25.9,"Nhóm ngành Kỹ thuật điện tử -viễn thông, Thiết kế vi mạch"
131711,QST,ky-thuat-dien-tu-vien-thong-thiet-ke-vi-mach,A01,Điểm thi THPT,2024,25.9,"Nhóm ngành Kỹ thuật điện tử -viễn thông, Thiết kế vi mạch"
131712,QST,ky-thuat-dien-tu-vien-thong-thiet-ke-vi-mach,D07,Điểm thi THPT,2024,25.9,"Nhóm ngành Kỹ thuật điện tử -viễn thông, Thiết kế vi mạch"
131713,QST,ky-thuat-dien-tu-vien-thong-thiet-ke-vi-mach,D90,Điểm thi THPT,2024,25.9,"Nhóm ngành Kỹ thuật điện tử -viễn thông, Thiết kế vi mạch"
131714,QST,ky-thuat-hat-nhan,A00,Điểm thi THPT,2021,19.0,Kỹ thuật Hạt nhân
131715,QST,ky-thuat-hat-nhan,A01,Điểm thi THPT,2021,19.0,Kỹ thuật Hạt nhân
131716,QST,ky-thuat-hat-nhan,A02,Điểm thi THPT,2021,19.0,Kỹ thuật Hạt nhân
131717,QST,ky-thuat-hat-nhan,D90,Điểm thi THPT,2021,19.0,Kỹ thuật Hạt nhân
131718,QST,ky-thuat-hat-nhan,A00,Điểm thi THPT,2022,17.0,Kỹ thuật Hạt nhân
131719,QST,ky-thuat-hat-nhan,A01,Điểm thi THPT,2022,17.0,Kỹ thuật Hạt nhân
131720,QST,ky-thuat-hat-nhan,A02,Điểm thi THPT,2022,17.0,Kỹ thuật Hạt nhân
131721,QST,ky-thuat-hat-nhan,D90,Điểm thi THPT,2022,17.0,Kỹ thuật Hạt nhân
131722,QST,ky-thuat-hat-nhan,A00,Điểm thi THPT,2023,17.0,Kỹ thuật Hạt nhân
131723,QST,ky-thuat-hat-nhan,A01,Điểm thi THPT,2023,17.0,Kỹ thuật Hạt nhân
131724,QST,ky-thuat-hat-nhan,A02,Điểm thi THPT,2023,17.0,Kỹ thuật Hạt nhân
131725,QST,ky-thuat-hat-nhan,D90,Điểm thi THPT,2023,17.0,Kỹ thuật Hạt nhân
131726,QST,ky-thuat-hat-nhan,A00,Điểm thi THPT,2024,23.6,Kỹ thuật hạt nhân
131727,QST,ky-thuat-hat-nhan,A01,Điểm thi THPT,2024,23.6,Kỹ thuật hạt nhân
131728,QST,ky-thuat-hat-nhan,A02,Điểm thi THPT,2024,23.6,Kỹ thuật hạt nhân
131729,QST,ky-thuat-hat-nhan,D90,Điểm thi THPT,2024,23.6,Kỹ thuật hạt nhân
131730,QST,ky-thuat-hat-nhan,A00,Điểm thi THPT,2025,25.95,Kỹ thuật hạt nhân
131731,QST,ky-thuat-hat-nhan,A01,Điểm thi THPT,2025,24.7,Kỹ thuật hạt nhân
131732,QST,ky-thuat-hat-nhan,A02,Điểm thi THPT,2025,25.95,Kỹ thuật hạt nhân
131733,QST,ky-thuat-hat-nhan,A03,Điểm thi THPT,2025,25.95,Kỹ thuật hạt nhân
131734,QST,ky-thuat-hat-nhan,A04,Điểm thi THPT,2025,25.95,Kỹ thuật hạt nhân
131735,QST,ky-thuat-hat-nhan,C01,Điểm thi THPT,2025,25.7,Kỹ thuật hạt nhân
131736,QST,ky-thuat-hat-nhan,X05,Điểm thi THPT,2025,25.95,Kỹ thuật hạt nhân
131737,QST,ky-thuat-hat-nhan,X06,Điểm thi THPT,2025,25.95,Kỹ thuật hạt nhân
131738,QST,ky-thuat-hat-nhan,X07,Điểm thi THPT,2025,25.95,Kỹ thuật hạt nhân
131739,QST,ky-thuat-hat-nhan,X08,Điểm thi THPT,2025,25.95,Kỹ thuật hạt nhân
131740,QST,may-tinh-va-cong-nghe-thong-tin,A00,Điểm thi THPT,2021,27.4,Nhóm ngành Máy tính và Công nghệ Thông tin
131741,QST,may-tinh-va-cong-nghe-thong-tin,A01,Điểm thi THPT,2021,27.4,Nhóm ngành Máy tính và Công nghệ Thông tin
131742,QST,may-tinh-va-cong-nghe-thong-tin,B08,Điểm thi THPT,2021,27.4,Nhóm ngành Máy tính và Công nghệ Thông tin
131743,QST,may-tinh-va-cong-nghe-thong-tin,D07,Điểm thi THPT,2021,27.4,Nhóm ngành Máy tính và Công nghệ Thông tin
131744,QST,may-tinh-va-cong-nghe-thong-tin,A00,Điểm thi THPT,2022,27.2,Nhóm ngành Máy tính và Công nghệ Thông tin
131745,QST,may-tinh-va-cong-nghe-thong-tin,A01,Điểm thi THPT,2022,27.2,Nhóm ngành Máy tính và Công nghệ Thông tin
131746,QST,may-tinh-va-cong-nghe-thong-tin,B08,Điểm thi THPT,2022,27.2,Nhóm ngành Máy tính và Công nghệ Thông tin
131747,QST,may-tinh-va-cong-nghe-thong-tin,D07,Điểm thi THPT,2022,27.2,Nhóm ngành Máy tính và Công nghệ Thông tin
131748,QST,may-tinh-va-cong-nghe-thong-tin,A00,Điểm thi THPT,2023,26.5,Nhóm ngành Máy tính và Công nghệ Thông tin
131749,QST,may-tinh-va-cong-nghe-thong-tin,A01,Điểm thi THPT,2023,26.5,Nhóm ngành Máy tính và Công nghệ Thông tin
131750,QST,may-tinh-va-cong-nghe-thong-tin,B08,Điểm thi THPT,2023,26.5,Nhóm ngành Máy tính và Công nghệ Thông tin
131751,QST,may-tinh-va-cong-nghe-thong-tin,D07,Điểm thi THPT,2023,26.5,Nhóm ngành Máy tính và Công nghệ Thông tin
131752,QST,may-tinh-va-cong-nghe-thong-tin,A00,Điểm thi THPT,2024,26.75,Nhóm ngành máy tính và Công nghệ thông tin
131753,QST,may-tinh-va-cong-nghe-thong-tin,A01,Điểm thi THPT,2024,26.75,Nhóm ngành máy tính và Công nghệ thông tin
131754,QST,may-tinh-va-cong-nghe-thong-tin,B08,Điểm thi THPT,2024,26.75,Nhóm ngành máy tính và Công nghệ thông tin
131755,QST,may-tinh-va-cong-nghe-thong-tin,D07,Điểm thi THPT,2024,26.75,Nhóm ngành máy tính và Công nghệ thông tin
131756,QST,may-tinh-va-cong-nghe-thong-tin,A00,Điểm thi THPT,2025,27.27,Nhóm ngành máy tính và Công nghệ thông tin (Công nghệ thông tin; Kỹ thuật phần mềm; Hệ thống thông tin; Khoa học máy tính)
131757,QST,may-tinh-va-cong-nghe-thong-tin,A01,Điểm thi THPT,2025,26.27,Nhóm ngành máy tính và Công nghệ thông tin (Công nghệ thông tin; Kỹ thuật phần mềm; Hệ thống thông tin; Khoa học máy tính)
131758,QST,may-tinh-va-cong-nghe-thong-tin,B08,Điểm thi THPT,2025,26.66,Nhóm ngành máy tính và Công nghệ thông tin (Công nghệ thông tin; Kỹ thuật phần mềm; Hệ thống thông tin; Khoa học máy tính)
131759,QST,may-tinh-va-cong-nghe-thong-tin,D07,Điểm thi THPT,2025,26.16,Nhóm ngành máy tính và Công nghệ thông tin (Công nghệ thông tin; Kỹ thuật phần mềm; Hệ thống thông tin; Khoa học máy tính)
131760,QST,may-tinh-va-cong-nghe-thong-tin,X06,Điểm thi THPT,2025,27.27,Nhóm ngành máy tính và Công nghệ thông tin (Công nghệ thông tin; Kỹ thuật phần mềm; Hệ thống thông tin; Khoa học máy tính)
131761,QST,may-tinh-va-cong-nghe-thong-tin,X26,Điểm thi THPT,2025,26.27,Nhóm ngành máy tính và Công nghệ thông tin (Công nghệ thông tin; Kỹ thuật phần mềm; Hệ thống thông tin; Khoa học máy tính)
131762,QST,quan-ly-tai-nguyen-va-moi-truong,A00,Điểm thi THPT,2022,17.0,Quản lý tài nguyên và môi trường
131763,QST,quan-ly-tai-nguyen-va-moi-truong,B00,Điểm thi THPT,2022,17.0,Quản lý tài nguyên và môi trường
131764,QST,quan-ly-tai-nguyen-va-moi-truong,B08,Điểm thi THPT,2022,17.0,Quản lý tài nguyên và môi trường
131765,QST,quan-ly-tai-nguyen-va-moi-truong,D07,Điểm thi THPT,2022,17.0,Quản lý tài nguyên và môi trường
131766,QST,quan-ly-tai-nguyen-va-moi-truong,A00,Điểm thi THPT,2023,18.5,Quản lý Tài nguyên và Môi trường
131767,QST,quan-ly-tai-nguyen-va-moi-truong,B00,Điểm thi THPT,2023,18.5,Quản lý Tài nguyên và Môi trường
131768,QST,quan-ly-tai-nguyen-va-moi-truong,B08,Điểm thi THPT,2023,18.5,Quản lý Tài nguyên và Môi trường
131769,QST,quan-ly-tai-nguyen-va-moi-truong,D07,Điểm thi THPT,2023,18.5,Quản lý Tài nguyên và Môi trường
131770,QST,quan-ly-tai-nguyen-va-moi-truong,A00,Điểm thi THPT,2024,22.0,Quán lý tài nguyên và môi trường
131771,QST,quan-ly-tai-nguyen-va-moi-truong,B00,Điểm thi THPT,2024,22.0,Quán lý tài nguyên và môi trường
131772,QST,quan-ly-tai-nguyen-va-moi-truong,B08,Điểm thi THPT,2024,22.0,Quán lý tài nguyên và môi trường
131773,QST,quan-ly-tai-nguyen-va-moi-truong,D07,Điểm thi THPT,2024,22.0,Quán lý tài nguyên và môi trường
131774,QST,quan-ly-tai-nguyen-va-moi-truong,A00,Điểm thi THPT,2025,22.0,Quản lý tài nguyên và môi trường
131775,QST,quan-ly-tai-nguyen-va-moi-truong,A01,Điểm thi THPT,2025,20.75,Quản lý tài nguyên và môi trường
131776,QST,quan-ly-tai-nguyen-va-moi-truong,A02,Điểm thi THPT,2025,22.0,Quản lý tài nguyên và môi trường
131777,QST,quan-ly-tai-nguyen-va-moi-truong,A06,Điểm thi THPT,2025,22.0,Quản lý tài nguyên và môi trường
131778,QST,quan-ly-tai-nguyen-va-moi-truong,B00,Điểm thi THPT,2025,20.75,Quản lý tài nguyên và môi trường
131779,QST,quan-ly-tai-nguyen-va-moi-truong,B02,Điểm thi THPT,2025,20.75,Quản lý tài nguyên và môi trường
131780,QST,quan-ly-tai-nguyen-va-moi-truong,B03,Điểm thi THPT,2025,20.75,Quản lý tài nguyên và môi trường
131781,QST,quan-ly-tai-nguyen-va-moi-truong,B08,Điểm thi THPT,2025,20.75,Quản lý tài nguyên và môi trường
131782,QST,quan-ly-tai-nguyen-va-moi-truong,C02,Điểm thi THPT,2025,22.25,Quản lý tài nguyên và môi trường
131783,QST,quan-ly-tai-nguyen-va-moi-truong,D07,Điểm thi THPT,2025,20.25,Quản lý tài nguyên và môi trường
131784,QST,quan-ly-tai-nguyen-va-moi-truong,X06,Điểm thi THPT,2025,22.0,Quản lý tài nguyên và môi trường
131785,QST,quan-ly-tai-nguyen-va-moi-truong,X10,Điểm thi THPT,2025,22.0,Quản lý tài nguyên và môi trường
131786,QST,quan-ly-tai-nguyen-va-moi-truong,X11,Điểm thi THPT,2025,20.25,Quản lý tài nguyên và môi trường
131787,QST,quan-ly-tai-nguyen-va-moi-truong,X12,Điểm thi THPT,2025,22.0,Quản lý tài nguyên và môi trường
131788,QST,quan-ly-tai-nguyen-va-moi-truong,X14,Điểm thi THPT,2025,20.75,Quản lý tài nguyên và môi trường
131789,QST,quan-ly-tai-nguyen-va-moi-truong,X15,Điểm thi THPT,2025,20.75,Quản lý tài nguyên và môi trường
131790,QST,quan-ly-tai-nguyen-va-moi-truong,X16,Điểm thi THPT,2025,20.75,Quản lý tài nguyên và môi trường
131791,QST,sinh-hoc,A02,Điểm thi THPT,2021,19.0,Sinh học
131792,QST,sinh-hoc,B00,Điểm thi THPT,2021,19.0,Sinh học
131793,QST,sinh-hoc,B08,Điểm thi THPT,2021,19.0,Sinh học
131794,QST,sinh-hoc,A02,Điểm thi THPT,2022,17.0,Sinh học
131795,QST,sinh-hoc,B00,Điểm thi THPT,2022,17.0,Sinh học
131796,QST,sinh-hoc,B08,Điểm thi THPT,2022,17.0,Sinh học
131797,QST,sinh-hoc,A02,Điểm thi THPT,2023,21.5,Sinh học
131798,QST,sinh-hoc,B00,Điểm thi THPT,2023,21.5,Sinh học
131799,QST,sinh-hoc,B08,Điểm thi THPT,2023,21.5,Sinh học
131800,QST,sinh-hoc,A02,Điểm thi THPT,2024,23.5,Sinh học
131801,QST,sinh-hoc,B00,Điểm thi THPT,2024,23.5,Sinh học
131802,QST,sinh-hoc,B08,Điểm thi THPT,2024,23.5,Sinh học
131803,QST,sinh-hoc,A02,Điểm thi THPT,2025,22.1,Sinh học
131804,QST,sinh-hoc,B00,Điểm thi THPT,2025,20.96,Sinh học
131805,QST,sinh-hoc,B03,Điểm thi THPT,2025,20.96,Sinh học
131806,QST,sinh-hoc,B08,Điểm thi THPT,2025,20.96,Sinh học
131807,QST,sinh-hoc,X15,Điểm thi THPT,2025,20.96,Sinh học
131808,QST,sinh-hoc,X16,Điểm thi THPT,2025,20.96,Sinh học
131809,QST,sinh-hoc,X28,Điểm thi THPT,2025,20.57,Sinh học
131810,QST,thiet-ke-vi-mach,A00,Điểm thi THPT,2025,28.27,Thiết kế vi mạch
131811,QST,thiet-ke-vi-mach,A01,Điểm thi THPT,2025,27.61,Thiết kế vi mạch
131812,QST,thiet-ke-vi-mach,A02,Điểm thi THPT,2025,28.27,Thiết kế vi mạch
131813,QST,thiet-ke-vi-mach,C01,Điểm thi THPT,2025,27.77,Thiết kế vi mạch
131814,QST,thiet-ke-vi-mach,X06,Điểm thi THPT,2025,28.27,Thiết kế vi mạch
131815,QST,thiet-ke-vi-mach,X07,Điểm thi THPT,2025,28.27,Thiết kế vi mạch
131816,QST,thiet-ke-vi-mach,X26,Điểm thi THPT,2025,27.61,Thiết kế vi mạch
131817,QST,thiet-ke-vi-mach,X27,Điểm thi THPT,2025,27.36,Thiết kế vi mạch
131818,QST,toan-hoc,A00,Điểm thi THPT,2025,26.61,"Nhóm ngành Toán học (Toán học, Toán ứng dụng, Toán tin)"
131819,QST,toan-hoc,A01,Điểm thi THPT,2025,25.36,"Nhóm ngành Toán học (Toán học, Toán ứng dụng, Toán tin)"
131820,QST,toan-hoc,B00,Điểm thi THPT,2025,25.66,"Nhóm ngành Toán học (Toán học, Toán ứng dụng, Toán tin)"
131821,QST,toan-hoc,B08,Điểm thi THPT,2025,25.66,"Nhóm ngành Toán học (Toán học, Toán ứng dụng, Toán tin)"
131822,QST,toan-hoc,D01,Điểm thi THPT,2025,24.66,"Nhóm ngành Toán học (Toán học, Toán ứng dụng, Toán tin)"
131823,QST,toan-hoc,D07,Điểm thi THPT,2025,25.11,"Nhóm ngành Toán học (Toán học, Toán ứng dụng, Toán tin)"
131824,QST,toan-hoc,X06,Điểm thi THPT,2025,26.61,"Nhóm ngành Toán học (Toán học, Toán ứng dụng, Toán tin)"
131825,QST,toan-hoc,X26,Điểm thi THPT,2025,25.36,"Nhóm ngành Toán học (Toán học, Toán ứng dụng, Toán tin)"
131826,QST,toan-hoc-toan-tin-toan-ung-dung,A00,Điểm thi THPT,2023,25.3,"Nhóm ngành Toán học,Toán tin, Toán ứng dụng"
131827,QST,toan-hoc-toan-tin-toan-ung-dung,B00,Điểm thi THPT,2023,25.3,"Nhóm ngành Toán học,Toán tin, Toán ứng dụng"
131828,QST,toan-hoc-toan-tin-toan-ung-dung,B08,Điểm thi THPT,2023,25.3,"Nhóm ngành Toán học,Toán tin, Toán ứng dụng"
131829,QST,toan-hoc-toan-tin-toan-ung-dung,D07,Điểm thi THPT,2023,25.3,"Nhóm ngành Toán học,Toán tin, Toán ứng dụng"
131830,QST,toan-hoc-toan-tin-toan-ung-dung,A00,Điểm thi THPT,2024,25.55,"Nhóm Ngành Toán học, Toán tin, Toán ứng dụng"
131831,QST,toan-hoc-toan-tin-toan-ung-dung,A01,Điểm thi THPT,2024,25.55,"Nhóm Ngành Toán học, Toán tin, Toán ứng dụng"
131832,QST,toan-hoc-toan-tin-toan-ung-dung,B00,Điểm thi THPT,2024,25.55,"Nhóm Ngành Toán học, Toán tin, Toán ứng dụng"
131833,QST,toan-hoc-toan-tin-toan-ung-dung,D01,Điểm thi THPT,2024,25.55,"Nhóm Ngành Toán học, Toán tin, Toán ứng dụng"
131834,QST,toan-hoc-toan-ung-dung-toan-tin,A00,Điểm thi THPT,2021,24.35,"Nhóm ngành Toán học, Toán ứng dụng, Toán tin"
131835,QST,toan-hoc-toan-ung-dung-toan-tin,A01,Điểm thi THPT,2021,24.35,"Nhóm ngành Toán học, Toán ứng dụng, Toán tin"
131836,QST,toan-hoc-toan-ung-dung-toan-tin,B00,Điểm thi THPT,2021,24.35,"Nhóm ngành Toán học, Toán ứng dụng, Toán tin"
131837,QST,toan-hoc-toan-ung-dung-toan-tin,D01,Điểm thi THPT,2021,24.35,"Nhóm ngành Toán học, Toán ứng dụng, Toán tin"
131838,QST,toan-hoc-toan-ung-dung-toan-tin,A00,Điểm thi THPT,2022,24.75,"Nhóm ngành Toán học, Toán ứng dụng, Toán tin"
131839,QST,toan-hoc-toan-ung-dung-toan-tin,A01,Điểm thi THPT,2022,24.75,"Nhóm ngành Toán học, Toán ứng dụng, Toán tin"
131840,QST,toan-hoc-toan-ung-dung-toan-tin,B00,Điểm thi THPT,2022,24.75,"Nhóm ngành Toán học, Toán ứng dụng, Toán tin"
131841,QST,toan-hoc-toan-ung-dung-toan-tin,D01,Điểm thi THPT,2022,24.75,"Nhóm ngành Toán học, Toán ứng dụng, Toán tin"
131842,QST,tri-tue-nhan-tao,A00,Điểm thi THPT,2023,27.0,Trí tuệ nhân tạo
131843,QST,tri-tue-nhan-tao,A01,Điểm thi THPT,2023,27.0,Trí tuệ nhân tạo
131844,QST,tri-tue-nhan-tao,B08,Điểm thi THPT,2023,27.0,Trí tuệ nhân tạo
131845,QST,tri-tue-nhan-tao,D07,Điểm thi THPT,2023,27.0,Trí tuệ nhân tạo
131846,QST,tri-tue-nhan-tao,A00,Điểm thi THPT,2024,27.7,Trí tuệ nhân tạo
131847,QST,tri-tue-nhan-tao,A01,Điểm thi THPT,2024,27.7,Trí tuệ nhân tạo
131848,QST,tri-tue-nhan-tao,B08,Điểm thi THPT,2024,27.7,Trí tuệ nhân tạo
131849,QST,tri-tue-nhan-tao,D07,Điểm thi THPT,2024,27.7,Trí tuệ nhân tạo
131850,QST,tri-tue-nhan-tao,A00,Điểm thi THPT,2025,29.39,Trí tuệ nhân tạo
131851,QST,tri-tue-nhan-tao,A01,Điểm thi THPT,2025,29.1,Trí tuệ nhân tạo
131852,QST,tri-tue-nhan-tao,B08,Điểm thi THPT,2025,29.1,Trí tuệ nhân tạo
131853,QST,tri-tue-nhan-tao,D07,Điểm thi THPT,2025,28.85,Trí tuệ nhân tạo
131854,QST,tri-tue-nhan-tao,X06,Điểm thi THPT,2025,29.39,Trí tuệ nhân tạo
131855,QST,tri-tue-nhan-tao,X26,Điểm thi THPT,2025,29.1,Trí tuệ nhân tạo
131856,QST,vat-ly-hoc,A00,Điểm thi THPT,2021,18.0,Vật lý học
131857,QST,vat-ly-hoc,A01,Điểm thi THPT,2021,18.0,Vật lý học
131858,QST,vat-ly-hoc,A02,Điểm thi THPT,2021,18.0,Vật lý học
131859,QST,vat-ly-hoc,D90,Điểm thi THPT,2021,18.0,Vật lý học
131860,QST,vat-ly-hoc,A00,Điểm thi THPT,2022,20.0,Vật lý học
131861,QST,vat-ly-hoc,A01,Điểm thi THPT,2022,20.0,Vật lý học
131862,QST,vat-ly-hoc,A02,Điểm thi THPT,2022,20.0,Vật lý học
131863,QST,vat-ly-hoc,D90,Điểm thi THPT,2022,20.0,Vật lý học
131864,QST,vat-ly-hoc,A00,Điểm thi THPT,2024,23.0,Vật lý học (Chương trình tăng cường tiếng Anh)
131865,QST,vat-ly-hoc,A01,Điểm thi THPT,2024,23.0,Vật lý học (Chương trình tăng cường tiếng Anh)
131866,QST,vat-ly-hoc,A02,Điểm thi THPT,2024,23.0,Vật lý học (Chương trình tăng cường tiếng Anh)
131867,QST,vat-ly-hoc,D90,Điểm thi THPT,2024,23.0,Vật lý học (Chương trình tăng cường tiếng Anh)
131868,QST,vat-ly-hoc,A00,Điểm thi THPT,2025,24.4,Vật lý học (CT TCTA)
131869,QST,vat-ly-hoc,A01,Điểm thi THPT,2025,23.1,Vật lý học (CT TCTA)
131870,QST,vat-ly-hoc,A02,Điểm thi THPT,2025,24.4,Vật lý học (CT TCTA)
131871,QST,vat-ly-hoc,A03,Điểm thi THPT,2025,24.4,Vật lý học (CT TCTA)
131872,QST,vat-ly-hoc,A04,Điểm thi THPT,2025,24.4,Vật lý học (CT TCTA)
131873,QST,vat-ly-hoc,C01,Điểm thi THPT,2025,24.4,Vật lý học (CT TCTA)
131874,QST,vat-ly-hoc,X05,Điểm thi THPT,2025,24.4,Vật lý học (CT TCTA)
131875,QST,vat-ly-hoc,X06,Điểm thi THPT,2025,24.4,Vật lý học (CT TCTA)
131876,QST,vat-ly-hoc,X07,Điểm thi THPT,2025,24.4,Vật lý học (CT TCTA)
131877,QST,vat-ly-hoc,X08,Điểm thi THPT,2025,24.4,Vật lý học (CT TCTA)
131878,QST,vat-ly-hoc-cong-nghe-vat-ly-dien-tu-va-tin-hoc,A00,Điểm thi THPT,2023,22.0,"Nhóm ngành Vật lý học, Công nghệ Vật lý điện tử và tin học"
131879,QST,vat-ly-hoc-cong-nghe-vat-ly-dien-tu-va-tin-hoc,A01,Điểm thi THPT,2023,22.0,"Nhóm ngành Vật lý học, Công nghệ Vật lý điện tử và tin học"
131880,QST,vat-ly-hoc-cong-nghe-vat-ly-dien-tu-va-tin-hoc,A02,Điểm thi THPT,2023,22.0,"Nhóm ngành Vật lý học, Công nghệ Vật lý điện tử và tin học"
131881,QST,vat-ly-hoc-cong-nghe-vat-ly-dien-tu-va-tin-hoc,D90,Điểm thi THPT,2023,22.0,"Nhóm ngành Vật lý học, Công nghệ Vật lý điện tử và tin học"
131882,QST,vat-ly-hoc-cong-nghe-vat-ly-dien-tu-va-tin-hoc-cong-nghe-ban-dan,A00,Điểm thi THPT,2024,25.1,"Nhóm ngành Vật lý học, Công nghệ Vật lý điện tử và tin học, Công nghệ bán dẫn"
131883,QST,vat-ly-hoc-cong-nghe-vat-ly-dien-tu-va-tin-hoc-cong-nghe-ban-dan,A01,Điểm thi THPT,2024,25.1,"Nhóm ngành Vật lý học, Công nghệ Vật lý điện tử và tin học, Công nghệ bán dẫn"
131884,QST,vat-ly-hoc-cong-nghe-vat-ly-dien-tu-va-tin-hoc-cong-nghe-ban-dan,A02,Điểm thi THPT,2024,25.1,"Nhóm ngành Vật lý học, Công nghệ Vật lý điện tử và tin học, Công nghệ bán dẫn"
131885,QST,vat-ly-hoc-cong-nghe-vat-ly-dien-tu-va-tin-hoc-cong-nghe-ban-dan,D90,Điểm thi THPT,2024,25.1,"Nhóm ngành Vật lý học, Công nghệ Vật lý điện tử và tin học, Công nghệ bán dẫn"
131886,QST,vat-ly-hoc-cong-nghe-vat-ly-dien-tu-va-tin-hoc-cong-nghe-ban-dan,A00,Điểm thi THPT,2025,26.75,"Nhóm ngành Vật lý học (CT: 150), Công nghệ Vật lý điện tử và tin học (CT: 60), Công nghệ bán dẫn (CT: 60)"
131887,QST,vat-ly-hoc-cong-nghe-vat-ly-dien-tu-va-tin-hoc-cong-nghe-ban-dan,A01,Điểm thi THPT,2025,25.5,"Nhóm ngành Vật lý học (CT: 150), Công nghệ Vật lý điện tử và tin học (CT: 60), Công nghệ bán dẫn (CT: 60)"
131888,QST,vat-ly-hoc-cong-nghe-vat-ly-dien-tu-va-tin-hoc-cong-nghe-ban-dan,A02,Điểm thi THPT,2025,26.75,"Nhóm ngành Vật lý học (CT: 150), Công nghệ Vật lý điện tử và tin học (CT: 60), Công nghệ bán dẫn (CT: 60)"
131889,QST,vat-ly-hoc-cong-nghe-vat-ly-dien-tu-va-tin-hoc-cong-nghe-ban-dan,A03,Điểm thi THPT,2025,26.75,"Nhóm ngành Vật lý học (CT: 150), Công nghệ Vật lý điện tử và tin học (CT: 60), Công nghệ bán dẫn (CT: 60)"
131890,QST,vat-ly-hoc-cong-nghe-vat-ly-dien-tu-va-tin-hoc-cong-nghe-ban-dan,A04,Điểm thi THPT,2025,26.75,"Nhóm ngành Vật lý học (CT: 150), Công nghệ Vật lý điện tử và tin học (CT: 60), Công nghệ bán dẫn (CT: 60)"
131891,QST,vat-ly-hoc-cong-nghe-vat-ly-dien-tu-va-tin-hoc-cong-nghe-ban-dan,C01,Điểm thi THPT,2025,26.25,"Nhóm ngành Vật lý học (CT: 150), Công nghệ Vật lý điện tử và tin học (CT: 60), Công nghệ bán dẫn (CT: 60)"
131892,QST,vat-ly-hoc-cong-nghe-vat-ly-dien-tu-va-tin-hoc-cong-nghe-ban-dan,X05,Điểm thi THPT,2025,26.75,"Nhóm ngành Vật lý học (CT: 150), Công nghệ Vật lý điện tử và tin học (CT: 60), Công nghệ bán dẫn (CT: 60)"
131893,QST,vat-ly-hoc-cong-nghe-vat-ly-dien-tu-va-tin-hoc-cong-nghe-ban-dan,X06,Điểm thi THPT,2025,26.75,"Nhóm ngành Vật lý học (CT: 150), Công nghệ Vật lý điện tử và tin học (CT: 60), Công nghệ bán dẫn (CT: 60)"
131894,QST,vat-ly-hoc-cong-nghe-vat-ly-dien-tu-va-tin-hoc-cong-nghe-ban-dan,X07,Điểm thi THPT,2025,26.75,"Nhóm ngành Vật lý học (CT: 150), Công nghệ Vật lý điện tử và tin học (CT: 60), Công nghệ bán dẫn (CT: 60)"
131895,QST,vat-ly-hoc-cong-nghe-vat-ly-dien-tu-va-tin-hoc-cong-nghe-ban-dan,X08,Điểm thi THPT,2025,26.75,"Nhóm ngành Vật lý học (CT: 150), Công nghệ Vật lý điện tử và tin học (CT: 60), Công nghệ bán dẫn (CT: 60)"
131896,QST,vat-ly-y-khoa,A00,Điểm thi THPT,2021,24.5,Vật lý Y khoa
131897,QST,vat-ly-y-khoa,A01,Điểm thi THPT,2021,24.5,Vật lý Y khoa
131898,QST,vat-ly-y-khoa,A02,Điểm thi THPT,2021,24.5,Vật lý Y khoa
131899,QST,vat-ly-y-khoa,D90,Điểm thi THPT,2021,24.5,Vật lý Y khoa
131900,QST,vat-ly-y-khoa,A00,Điểm thi THPT,2022,24.0,Vật lý Y khoa
131901,QST,vat-ly-y-khoa,A01,Điểm thi THPT,2022,24.0,Vật lý Y khoa
131902,QST,vat-ly-y-khoa,A02,Điểm thi THPT,2022,24.0,Vật lý Y khoa
131903,QST,vat-ly-y-khoa,D90,Điểm thi THPT,2022,24.0,Vật lý Y khoa
131904,QST,vat-ly-y-khoa,A00,Điểm thi THPT,2023,24.0,Vật lý Y khoa
131905,QST,vat-ly-y-khoa,A01,Điểm thi THPT,2023,24.0,Vật lý Y khoa
131906,QST,vat-ly-y-khoa,A02,Điểm thi THPT,2023,24.0,Vật lý Y khoa
131907,QST,vat-ly-y-khoa,D90,Điểm thi THPT,2023,24.0,Vật lý Y khoa
131908,QST,vat-ly-y-khoa,A00,Điểm thi THPT,2024,24.6,Vật lý Y khoa
131909,QST,vat-ly-y-khoa,A01,Điểm thi THPT,2024,24.6,Vật lý Y khoa
131910,QST,vat-ly-y-khoa,A02,Điểm thi THPT,2024,24.6,Vật lý Y khoa
131911,QST,vat-ly-y-khoa,D90,Điểm thi THPT,2024,24.6,Vật lý Y khoa
131912,QST,vat-ly-y-khoa,A00,Điểm thi THPT,2025,26.13,Vật lý y khoa
131913,QST,vat-ly-y-khoa,A01,Điểm thi THPT,2025,24.88,Vật lý y khoa
131914,QST,vat-ly-y-khoa,A02,Điểm thi THPT,2025,26.13,Vật lý y khoa
131915,QST,vat-ly-y-khoa,A03,Điểm thi THPT,2025,26.13,Vật lý y khoa
131916,QST,vat-ly-y-khoa,A04,Điểm thi THPT,2025,26.13,Vật lý y khoa
131917,QST,vat-ly-y-khoa,C01,Điểm thi THPT,2025,25.84,Vật lý y khoa
131918,QST,vat-ly-y-khoa,X05,Điểm thi THPT,2025,26.13,Vật lý y khoa
131919,QST,vat-ly-y-khoa,X06,Điểm thi THPT,2025,26.13,Vật lý y khoa
131920,QST,vat-ly-y-khoa,X07,Điểm thi THPT,2025,26.13,Vật lý y khoa
131921,QST,vat-ly-y-khoa,X08,Điểm thi THPT,2025,26.13,Vật lý y khoa
131922,QSX,bao-chi,C00,Điểm thi THPT,2021,26.8,Báo chí
131923,QSX,bao-chi,D01,Điểm thi THPT,2021,26.6,Báo chí
131924,QSX,bao-chi,D14,Điểm thi THPT,2021,26.8,Báo chí
131925,QSX,bao-chi,C00,Điểm thi THPT,2022,28.25,Báo chí
131926,QSX,bao-chi,D01,Điểm thi THPT,2022,27.0,Báo chí
131927,QSX,bao-chi,D14,Điểm thi THPT,2022,27.15,Báo chí
131928,QSX,bao-chi,C00,Điểm thi THPT,2023,28.0,Báo chí
131929,QSX,bao-chi,D01,Điểm thi THPT,2023,26.71,Báo chí
131930,QSX,bao-chi,D14,Điểm thi THPT,2023,26.81,Báo chí
131931,QSX,bao-chi,D01,Điểm học bạ,2024,28.5,Báo chí
131932,QSX,bao-chi,D14,Điểm học bạ,2024,28.5,Báo chí
131933,QSX,bao-chi,D15,Điểm học bạ,2024,28.5,Báo chí
131934,QSX,bao-chi,C00,Điểm thi THPT,2024,28.8,Báo chí
131935,QSX,bao-chi,D01,Điểm thi THPT,2024,26.7,Báo chí
131936,QSX,bao-chi,D14,Điểm thi THPT,2024,27.4,Báo chí
131937,QSX,bao-chi,A01,Điểm thi THPT,2025,22.5,"Truyền thông (chuyên ngành Báo chí) (Liên kết ĐH Deakin, Úc)"
131938,QSX,bao-chi,C00,Điểm thi THPT,2025,28.55,Báo chí
131939,QSX,bao-chi,D01,Điểm thi THPT,2025,24.3,Báo chí
131940,QSX,bao-chi,D14,Điểm thi THPT,2025,24.55,Báo chí
131941,QSX,bao-chi,D15,Điểm thi THPT,2025,23.1,"Truyền thông (chuyên ngành Báo chí) (Liên kết ĐH Deakin, Úc)"
131942,QSX,bao-chi-chat-luong-cao,C00,Điểm thi THPT,2022,27.5,Báo chí - Chất lượng cao
131943,QSX,bao-chi-chat-luong-cao,D01,Điểm thi THPT,2022,25.3,Báo chí - Chất lượng cao
131944,QSX,bao-chi-chat-luong-cao,D14,Điểm thi THPT,2022,25.6,Báo chí - Chất lượng cao
131945,QSX,bao-chi-chat-luong-cao,C00,Điểm thi THPT,2023,27.5,Báo chí - Chất lượng cao
131946,QSX,bao-chi-chat-luong-cao,D01,Điểm thi THPT,2023,26.13,Báo chí - Chất lượng cao
131947,QSX,bao-chi-chat-luong-cao,D14,Điểm thi THPT,2023,26.13,Báo chí - Chất lượng cao
131948,QSX,cong-tac-xa-hoi,C00,Điểm thi THPT,2021,24.3,Công tác xã hội
131949,QSX,cong-tac-xa-hoi,D01,Điểm thi THPT,2021,24.0,Công tác xã hội
131950,QSX,cong-tac-xa-hoi,D14,Điểm thi THPT,2021,24.0,Công tác xã hội
131951,QSX,cong-tac-xa-hoi,C00,Điểm thi THPT,2022,22.6,Công tác xã hội
131952,QSX,cong-tac-xa-hoi,D01,Điểm thi THPT,2022,21.75,Công tác xã hội
131953,QSX,cong-tac-xa-hoi,D14,Điểm thi THPT,2022,21.75,Công tác xã hội
131954,QSX,cong-tac-xa-hoi,D15,Điểm thi THPT,2022,21.75,Công tác xã hội
131955,QSX,cong-tac-xa-hoi,C00,Điểm thi THPT,2023,24.7,Công tác xã hội
131956,QSX,cong-tac-xa-hoi,D01,Điểm thi THPT,2023,23.6,Công tác xã hội
131957,QSX,cong-tac-xa-hoi,D14,Điểm thi THPT,2023,23.6,Công tác xã hội
131958,QSX,cong-tac-xa-hoi,D15,Điểm thi THPT,2023,23.6,Công tác xã hội
131959,QSX,cong-tac-xa-hoi,C00,Điểm học bạ,2024,24.5,Công tác xã hội
131960,QSX,cong-tac-xa-hoi,D01,Điểm học bạ,2024,24.5,Công tác xã hội
131961,QSX,cong-tac-xa-hoi,D14,Điểm học bạ,2024,24.5,Công tác xã hội
131962,QSX,cong-tac-xa-hoi,D15,Điểm học bạ,2024,24.5,Công tác xã hội
131963,QSX,cong-tac-xa-hoi,C00,Điểm thi THPT,2024,27.15,Công tác xã hội
131964,QSX,cong-tac-xa-hoi,D01,Điểm thi THPT,2024,24.49,Công tác xã hội
131965,QSX,cong-tac-xa-hoi,D14,Điểm thi THPT,2024,24.9,Công tác xã hội
131966,QSX,cong-tac-xa-hoi,D15,Điểm thi THPT,2024,25.3,Công tác xã hội
131967,QSX,cong-tac-xa-hoi,C00,Điểm thi THPT,2025,26.4,Công tác xã hội
131968,QSX,cong-tac-xa-hoi,D01,Điểm thi THPT,2025,22.4,Công tác xã hội
131969,QSX,cong-tac-xa-hoi,D14,Điểm thi THPT,2025,23.6,Công tác xã hội
131970,QSX,cong-tac-xa-hoi,D15,Điểm thi THPT,2025,23.6,Công tác xã hội
131971,QSX,dia-ly-hoc,A01,Điểm thi THPT,2021,24.0,Địa lý học
131972,QSX,dia-ly-hoc,C00,Điểm thi THPT,2021,24.5,Địa lý học
131973,QSX,dia-ly-hoc,D01,Điểm thi THPT,2021,24.0,Địa lý học
131974,QSX,dia-ly-hoc,D15,Điểm thi THPT,2021,24.0,Địa lý học
131975,QSX,dia-ly-hoc,A01,Điểm thi THPT,2022,20.25,Địa lý học
131976,QSX,dia-ly-hoc,C00,Điểm thi THPT,2022,20.25,Địa lý học
131977,QSX,dia-ly-hoc,D01,Điểm thi THPT,2022,20.25,Địa lý học
131978,QSX,dia-ly-hoc,D15,Điểm thi THPT,2022,20.25,Địa lý học
131979,QSX,dia-ly-hoc,A01,Điểm thi THPT,2023,21.0,Địa lý học
131980,QSX,dia-ly-hoc,C00,Điểm thi THPT,2023,24.6,Địa lý học
131981,QSX,dia-ly-hoc,D01,Điểm thi THPT,2023,22.2,Địa lý học
131982,QSX,dia-ly-hoc,D15,Điểm thi THPT,2023,22.5,Địa lý học
131983,QSX,dia-ly-hoc,A00,Điểm học bạ,2024,24.0,Địa lý học
131984,QSX,dia-ly-hoc,C00,Điểm học bạ,2024,24.0,Địa lý học
131985,QSX,dia-ly-hoc,D01,Điểm học bạ,2024,24.0,Địa lý học
131986,QSX,dia-ly-hoc,D15,Điểm học bạ,2024,24.0,Địa lý học
131987,QSX,dia-ly-hoc,A01,Điểm thi THPT,2024,22.0,Địa lý học
131988,QSX,dia-ly-hoc,C00,Điểm thi THPT,2024,27.32,Địa lý học
131989,QSX,dia-ly-hoc,D01,Điểm thi THPT,2024,24.0,Địa lý học
131990,QSX,dia-ly-hoc,D15,Điểm thi THPT,2024,25.32,Địa lý học
131991,QSX,dia-ly-hoc,A01,Điểm thi THPT,2025,22.3,Địa lý học
131992,QSX,dia-ly-hoc,C00,Điểm thi THPT,2025,27.13,Địa lý học
131993,QSX,dia-ly-hoc,D01,Điểm thi THPT,2025,22.0,Địa lý học
131994,QSX,dia-ly-hoc,D15,Điểm thi THPT,2025,25.0,Địa lý học
131995,QSX,do-thi-hoc,A01,Điểm thi THPT,2021,23.5,Đô thị học
131996,QSX,do-thi-hoc,C00,Điểm thi THPT,2021,23.7,Đô thị học
131997,QSX,do-thi-hoc,D01,Điểm thi THPT,2021,23.5,Đô thị học
131998,QSX,do-thi-hoc,D14,Điểm thi THPT,2021,23.5,Đô thị học
131999,QSX,do-thi-hoc,A01,Điểm thi THPT,2022,21.0,Đô thị học
132000,QSX,do-thi-hoc,C00,Điểm thi THPT,2022,21.5,Đô thị học
132001,QSX,do-thi-hoc,D01,Điểm thi THPT,2022,20.75,Đô thị học
132002,QSX,do-thi-hoc,D14,Điểm thi THPT,2022,21.0,Đô thị học
132003,QSX,do-thi-hoc,A01,Điểm thi THPT,2023,21.0,Đô thị học
132004,QSX,do-thi-hoc,C00,Điểm thi THPT,2023,23.9,Đô thị học
132005,QSX,do-thi-hoc,D01,Điểm thi THPT,2023,22.4,Đô thị học
132006,QSX,do-thi-hoc,D14,Điểm thi THPT,2023,22.4,Đô thị học
132007,QSX,do-thi-hoc,C00,Điểm học bạ,2024,24.0,Đô thị học
132008,QSX,do-thi-hoc,D01,Điểm học bạ,2024,24.0,Đô thị học
132009,QSX,do-thi-hoc,D14,Điểm học bạ,2024,24.0,Đô thị học
132010,QSX,do-thi-hoc,D15,Điểm học bạ,2024,24.0,Đô thị học
132011,QSX,do-thi-hoc,A01,Điểm thi THPT,2024,22.0,Đô thị học
132012,QSX,do-thi-hoc,C00,Điểm thi THPT,2024,26.3,Đô thị học
132013,QSX,do-thi-hoc,D01,Điểm thi THPT,2024,23.5,Đô thị học
132014,QSX,do-thi-hoc,D14,Điểm thi THPT,2024,24.19,Đô thị học
132015,QSX,do-thi-hoc,A01,Điểm thi THPT,2025,21.9,Đô thị học
132016,QSX,do-thi-hoc,C00,Điểm thi THPT,2025,25.55,Đô thị học
132017,QSX,do-thi-hoc,D01,Điểm thi THPT,2025,21.0,Đô thị học
132018,QSX,do-thi-hoc,D14,Điểm thi THPT,2025,21.1,Đô thị học
132019,QSX,dong-phuong-hoc,D01,Điểm thi THPT,2021,25.8,Đông phương học
132020,QSX,dong-phuong-hoc,D04,Điểm thi THPT,2021,25.6,Đông phương học
132021,QSX,dong-phuong-hoc,D14,Điểm thi THPT,2021,25.8,Đông phương học
132022,QSX,dong-phuong-hoc,D01,Điểm thi THPT,2022,24.2,Đông phương học
132023,QSX,dong-phuong-hoc,D04,Điểm thi THPT,2022,24.6,Đông phương học
132024,QSX,dong-phuong-hoc,D14,Điểm thi THPT,2022,24.6,Đông phương học
132025,QSX,dong-phuong-hoc,D01,Điểm thi THPT,2023,24.97,Đông phương học
132026,QSX,dong-phuong-hoc,D04,Điểm thi THPT,2023,24.3,Đông phương học
132027,QSX,dong-phuong-hoc,D14,Điểm thi THPT,2023,24.97,Đông phương học
132028,QSX,dong-phuong-hoc,D01,Điểm học bạ,2024,25.5,Đông phương học
132029,QSX,dong-phuong-hoc,D04,Điểm học bạ,2024,25.5,Đông phương học
132030,QSX,dong-phuong-hoc,D14,Điểm học bạ,2024,25.5,Đông phương học
132031,QSX,dong-phuong-hoc,D01,Điểm thi THPT,2024,24.57,Đông phương học
132032,QSX,dong-phuong-hoc,D04,Điểm thi THPT,2024,24.3,Đông phương học
132033,QSX,dong-phuong-hoc,D14,Điểm thi THPT,2024,25.45,Đông phương học
132034,QSX,dong-phuong-hoc,D01,Điểm thi THPT,2025,21.9,Đông phương học
132035,QSX,dong-phuong-hoc,D04,Điểm thi THPT,2025,22.7,Đông phương học
132036,QSX,dong-phuong-hoc,D14,Điểm thi THPT,2025,22.3,Đông phương học
132037,QSX,dong-phuong-hoc,D15,Điểm thi THPT,2025,22.5,Đông phương học
132038,QSX,giao-duc-hoc,B00,Điểm thi THPT,2021,22.6,Giáo dục học
132039,QSX,giao-duc-hoc,C00,Điểm thi THPT,2021,23.2,Giáo dục học
132040,QSX,giao-duc-hoc,C01,Điểm thi THPT,2021,22.6,Giáo dục học
132041,QSX,giao-duc-hoc,D01,Điểm thi THPT,2021,23.0,Giáo dục học
132042,QSX,giao-duc-hoc,B00,Điểm thi THPT,2022,22.8,Giáo dục học
132043,QSX,giao-duc-hoc,C00,Điểm thi THPT,2022,23.6,Giáo dục học
132044,QSX,giao-duc-hoc,D01,Điểm thi THPT,2022,22.8,Giáo dục học
132045,QSX,giao-duc-hoc,B00,Điểm thi THPT,2023,23.0,Giáo dục học
132046,QSX,giao-duc-hoc,C00,Điểm thi THPT,2023,24.1,Giáo dục học
132047,QSX,giao-duc-hoc,C01,Điểm thi THPT,2023,23.1,Giáo dục học
132048,QSX,giao-duc-hoc,D01,Điểm thi THPT,2023,23.0,Giáo dục học
132049,QSX,giao-duc-hoc,B00,Điểm học bạ,2024,24.0,Giáo dục học
132050,QSX,giao-duc-hoc,C00,Điểm học bạ,2024,24.0,Giáo dục học
132051,QSX,giao-duc-hoc,C01,Điểm học bạ,2024,24.0,Giáo dục học
132052,QSX,giao-duc-hoc,D01,Điểm học bạ,2024,24.0,Giáo dục học
132053,QSX,giao-duc-hoc,B00,Điểm thi THPT,2024,24.0,Giáo dục học
132054,QSX,giao-duc-hoc,C00,Điểm thi THPT,2024,26.6,Giáo dục học
132055,QSX,giao-duc-hoc,C01,Điểm thi THPT,2024,23.9,Giáo dục học
132056,QSX,giao-duc-hoc,D01,Điểm thi THPT,2024,24.5,Giáo dục học
132057,QSX,giao-duc-hoc,B00,Điểm thi THPT,2025,23.0,Giáo dục học
132058,QSX,giao-duc-hoc,C00,Điểm thi THPT,2025,26.3,Giáo dục học
132059,QSX,giao-duc-hoc,C01,Điểm thi THPT,2025,23.95,Giáo dục học
132060,QSX,giao-duc-hoc,D01,Điểm thi THPT,2025,22.2,Giáo dục học
132061,QSX,han-quoc-hoc,D01,Điểm thi THPT,2021,26.25,Hàn Quốc học
132062,QSX,han-quoc-hoc,D14,Điểm thi THPT,2021,26.45,Hàn Quốc học
132063,QSX,han-quoc-hoc,D01,Điểm thi THPT,2022,25.45,Hàn Quốc học
132064,QSX,han-quoc-hoc,D14,Điểm thi THPT,2022,25.45,Hàn Quốc học
132065,QSX,han-quoc-hoc,D01,Điểm thi THPT,2023,25.12,Hàn Quốc học
132066,QSX,han-quoc-hoc,D14,Điểm thi THPT,2023,25.12,Hàn Quốc học
132067,QSX,han-quoc-hoc,D01,Điểm học bạ,2024,26.0,Hàn Quốc học
132068,QSX,han-quoc-hoc,D14,Điểm học bạ,2024,26.0,Hàn Quốc học
132069,QSX,han-quoc-hoc,D15,Điểm học bạ,2024,26.0,Hàn Quốc học
132070,QSX,han-quoc-hoc,D65,Điểm học bạ,2024,26.0,Hàn Quốc học
132071,QSX,han-quoc-hoc,D01,Điểm thi THPT,2024,25.3,Hàn Quốc học
132072,QSX,han-quoc-hoc,D02,Điểm thi THPT,2024,25.0,Hàn Quốc học
132073,QSX,han-quoc-hoc,D14,Điểm thi THPT,2024,25.9,Hàn Quốc học
132074,QSX,han-quoc-hoc,D01,Điểm thi THPT,2025,22.25,Hàn Quốc học
132075,QSX,han-quoc-hoc,D14,Điểm thi THPT,2025,22.25,Hàn Quốc học
132076,QSX,kinh-doanh-thuong-mai-han-quoc,D01,Điểm học bạ,2024,25.5,Kinh doanh thương mại Hàn Quốc
132077,QSX,kinh-doanh-thuong-mai-han-quoc,D14,Điểm học bạ,2024,25.5,Kinh doanh thương mại Hàn Quốc
132078,QSX,kinh-doanh-thuong-mai-han-quoc,D01,Điểm thi THPT,2024,26.36,Kinh doanh thương mại Hàn Quốc
132079,QSX,kinh-doanh-thuong-mai-han-quoc,D14,Điểm thi THPT,2024,26.96,Kinh doanh thương mại Hàn Quốc
132080,QSX,kinh-doanh-thuong-mai-han-quoc,D01,Điểm thi THPT,2025,22.2,Kinh doanh thương mại Hàn Quốc
132081,QSX,kinh-doanh-thuong-mai-han-quoc,D14,Điểm thi THPT,2025,23.0,Kinh doanh thương mại Hàn Quốc
132082,QSX,lich-su,C00,Điểm thi THPT,2021,24.1,Lịch sử
132083,QSX,lich-su,D01,Điểm thi THPT,2021,24.0,Lịch sử
132084,QSX,lich-su,D14,Điểm thi THPT,2021,24.0,Lịch sử
132085,QSX,lich-su,C00,Điểm thi THPT,2022,24.6,Lịch sử
132086,QSX,lich-su,D01,Điểm thi THPT,2022,24.1,Lịch sử
132087,QSX,lich-su,D14,Điểm thi THPT,2022,24.1,Lịch sử
132088,QSX,lich-su,D15,Điểm thi THPT,2022,24.1,Lịch sử
132089,QSX,lich-su,C00,Điểm thi THPT,2023,26.0,Lịch sử
132090,QSX,lich-su,D01,Điểm thi THPT,2023,24.0,Lịch sử
132091,QSX,lich-su,D14,Điểm thi THPT,2023,24.25,Lịch sử
132092,QSX,lich-su,D15,Điểm thi THPT,2023,24.0,Lịch sử
132093,QSX,lich-su,C00,Điểm học bạ,2024,24.0,Lịch sử
132094,QSX,lich-su,D01,Điểm học bạ,2024,24.0,Lịch sử
132095,QSX,lich-su,D14,Điểm học bạ,2024,24.0,Lịch sử
132096,QSX,lich-su,D15,Điểm học bạ,2024,24.0,Lịch sử
132097,QSX,lich-su,C00,Điểm thi THPT,2024,28.1,Lịch sử
132098,QSX,lich-su,D01,Điểm thi THPT,2024,25.0,Lịch sử
132099,QSX,lich-su,D14,Điểm thi THPT,2024,26.14,Lịch sử
132100,QSX,lich-su,D15,Điểm thi THPT,2024,25.0,Lịch sử
132101,QSX,lich-su,C00,Điểm thi THPT,2025,27.2,Lịch sử
132102,QSX,lich-su,D01,Điểm thi THPT,2025,22.2,Lịch sử
132103,QSX,lich-su,D14,Điểm thi THPT,2025,24.6,Lịch sử
132104,QSX,lich-su,D15,Điểm thi THPT,2025,23.9,Lịch sử
132105,QSX,luu-tru-hoc,C00,Điểm thi THPT,2021,24.8,Lưu trữ học
132106,QSX,luu-tru-hoc,D01,Điểm thi THPT,2021,24.2,Lưu trữ học
132107,QSX,luu-tru-hoc,D14,Điểm thi THPT,2021,24.2,Lưu trữ học
132108,QSX,luu-tru-hoc,C00,Điểm thi THPT,2022,21.75,Lưu trữ học
132109,QSX,luu-tru-hoc,D01,Điểm thi THPT,2022,21.75,Lưu trữ học
132110,QSX,luu-tru-hoc,D14,Điểm thi THPT,2022,21.75,Lưu trữ học
132111,QSX,luu-tru-hoc,D15,Điểm thi THPT,2022,21.75,Lưu trữ học
132112,QSX,luu-tru-hoc,C00,Điểm thi THPT,2023,23.75,Lưu trữ học
132113,QSX,luu-tru-hoc,D01,Điểm thi THPT,2023,22.1,Lưu trữ học
132114,QSX,luu-tru-hoc,D14,Điểm thi THPT,2023,22.1,Lưu trữ học
132115,QSX,luu-tru-hoc,D15,Điểm thi THPT,2023,22.1,Lưu trữ học
132116,QSX,luu-tru-hoc,C00,Điểm học bạ,2024,24.0,Lưu trữ học
132117,QSX,luu-tru-hoc,D01,Điểm học bạ,2024,24.0,Lưu trữ học
132118,QSX,luu-tru-hoc,D14,Điểm học bạ,2024,24.0,Lưu trữ học
132119,QSX,luu-tru-hoc,D15,Điểm học bạ,2024,24.0,Lưu trữ học
132120,QSX,luu-tru-hoc,C00,Điểm thi THPT,2024,26.98,Lưu trữ học
132121,QSX,luu-tru-hoc,D01,Điểm thi THPT,2024,24.4,Lưu trữ học
132122,QSX,luu-tru-hoc,D14,Điểm thi THPT,2024,24.5,Lưu trữ học
132123,QSX,luu-tru-hoc,D15,Điểm thi THPT,2024,24.85,Lưu trữ học
132124,QSX,luu-tru-hoc,C00,Điểm thi THPT,2025,26.3,Lưu trữ học
132125,QSX,luu-tru-hoc,D01,Điểm thi THPT,2025,22.0,Lưu trữ học
132126,QSX,luu-tru-hoc,D14,Điểm thi THPT,2025,22.6,Lưu trữ học
132127,QSX,luu-tru-hoc,D15,Điểm thi THPT,2025,23.1,Lưu trữ học
132128,QSX,nghe-thuat-hoc,C00,Điểm học bạ,2024,27.0,Nghệ thuật học
132129,QSX,nghe-thuat-hoc,D01,Điểm học bạ,2024,27.0,Nghệ thuật học
132130,QSX,nghe-thuat-hoc,D14,Điểm học bạ,2024,27.0,Nghệ thuật học
132131,QSX,nghe-thuat-hoc,C00,Điểm thi THPT,2024,28.15,Nghệ thuật học
132132,QSX,nghe-thuat-hoc,D01,Điểm thi THPT,2024,25.8,Nghệ thuật học
132133,QSX,nghe-thuat-hoc,D14,Điểm thi THPT,2024,26.75,Nghệ thuật học
132134,QSX,nghe-thuat-hoc,C00,Điểm thi THPT,2025,27.6,Nghệ thuật học
132135,QSX,nghe-thuat-hoc,D01,Điểm thi THPT,2025,23.9,Nghệ thuật học
132136,QSX,nghe-thuat-hoc,D14,Điểm thi THPT,2025,24.5,Nghệ thuật học
132137,QSX,ngon-ngu-anh,D01,Điểm thi THPT,2021,26.7,Ngôn ngữ Anh
132138,QSX,ngon-ngu-anh,D01,Điểm thi THPT,2022,26.3,Ngôn ngữ Anh
132139,QSX,ngon-ngu-anh,D01,Điểm thi THPT,2023,26.05,Ngôn ngữ Anh
132140,QSX,ngon-ngu-anh,D01,Điểm học bạ,2024,26.7,Ngôn ngữ Anh
132141,QSX,ngon-ngu-anh,D01,Điểm thi THPT,2024,26.27,Ngôn ngữ Anh
132142,QSX,ngon-ngu-anh,D14,Điểm thi THPT,2024,21.0,"Ngôn ngữ Anh (liên kết với Trường Đại học Minnesota Crookston, Hoa Kỳ)"
132143,QSX,ngon-ngu-anh,D15,Điểm thi THPT,2024,21.0,"Ngôn ngữ Anh (liên kết với Trường Đại học Minnesota Crookston, Hoa Kỳ)"
132144,QSX,ngon-ngu-anh,D01,Điểm thi THPT,2025,23.3,Ngôn ngữ Anh (Chuẩn QT)
132145,QSX,ngon-ngu-anh,D14,Điểm thi THPT,2025,22.1,"Ngôn ngữ Anh (Liên kết ĐH Minnesota Crookston, Hoa Kỳ)"
132146,QSX,ngon-ngu-anh,D15,Điểm thi THPT,2025,22.1,"Ngôn ngữ Anh (Liên kết ĐH Minnesota Crookston, Hoa Kỳ)"
132147,QSX,ngon-ngu-anh-chat-luong-cao,D01,Điểm thi THPT,2022,25.45,Ngôn ngữ Anh - Chất lượng cao
132148,QSX,ngon-ngu-anh-chat-luong-cao,D01,Điểm thi THPT,2023,25.32,Ngôn ngữ Anh - Chất lượng cao
132149,QSX,ngon-ngu-duc,D01,Điểm thi THPT,2021,25.6,Ngôn ngữ Đức
132150,QSX,ngon-ngu-duc,D05,Điểm thi THPT,2021,24.0,Ngôn ngữ Đức
132151,QSX,ngon-ngu-duc,D01,Điểm thi THPT,2022,23.5,Ngôn ngữ Đức
132152,QSX,ngon-ngu-duc,D05,Điểm thi THPT,2022,23.0,Ngôn ngữ Đức
132153,QSX,ngon-ngu-duc,D01,Điểm thi THPT,2023,24.85,Ngôn ngữ Đức
132154,QSX,ngon-ngu-duc,D05,Điểm thi THPT,2023,23.7,Ngôn ngữ Đức
132155,QSX,ngon-ngu-duc,D01,Điểm học bạ,2024,25.0,Ngôn ngữ Đức
132156,QSX,ngon-ngu-duc,D05,Điểm học bạ,2024,25.0,Ngôn ngữ Đức
132157,QSX,ngon-ngu-duc,D01,Điểm thi THPT,2024,25.33,Ngôn ngữ Đức
132158,QSX,ngon-ngu-duc,D05,Điểm thi THPT,2024,23.7,Ngôn ngữ Đức
132159,QSX,ngon-ngu-duc,D01,Điểm thi THPT,2025,22.6,Ngôn ngữ Đức
132160,QSX,ngon-ngu-duc,D05,Điểm thi THPT,2025,23.0,Ngôn ngữ Đức
132161,QSX,ngon-ngu-duc,D14,Điểm thi THPT,2025,25.5,Ngôn ngữ Đức
132162,QSX,ngon-ngu-duc-chat-luong-cao,D01,Điểm thi THPT,2022,21.75,Ngôn ngữ Đức - Chất lượng cao
132163,QSX,ngon-ngu-duc-chat-luong-cao,D05,Điểm thi THPT,2022,21.5,Ngôn ngữ Đức - Chất lượng cao
132164,QSX,ngon-ngu-duc-chat-luong-cao,D01,Điểm thi THPT,2023,23.4,Ngôn ngữ Đức - Chất lượng cao
132165,QSX,ngon-ngu-duc-chat-luong-cao,D05,Điểm thi THPT,2023,22.05,Ngôn ngữ Đức - Chất lượng cao
132166,QSX,ngon-ngu-hoc,C00,Điểm thi THPT,2021,25.2,Ngôn ngữ học
132167,QSX,ngon-ngu-hoc,D01,Điểm thi THPT,2021,25.0,Ngôn ngữ học
132168,QSX,ngon-ngu-hoc,D14,Điểm thi THPT,2021,25.0,Ngôn ngữ học
132169,QSX,ngon-ngu-hoc,C00,Điểm thi THPT,2022,25.5,Ngôn ngữ học
132170,QSX,ngon-ngu-hoc,D01,Điểm thi THPT,2022,24.35,Ngôn ngữ học
132171,QSX,ngon-ngu-hoc,D14,Điểm thi THPT,2022,24.35,Ngôn ngữ học
132172,QSX,ngon-ngu-hoc,C00,Điểm thi THPT,2023,25.5,Ngôn ngữ học
132173,QSX,ngon-ngu-hoc,D01,Điểm thi THPT,2023,24.8,Ngôn ngữ học
132174,QSX,ngon-ngu-hoc,D14,Điểm thi THPT,2023,24.8,Ngôn ngữ học
132175,QSX,ngon-ngu-hoc,C00,Điểm học bạ,2024,26.0,Ngôn ngữ học
132176,QSX,ngon-ngu-hoc,D01,Điểm học bạ,2024,26.0,Ngôn ngữ học
132177,QSX,ngon-ngu-hoc,D14,Điểm học bạ,2024,26.0,Ngôn ngữ học
132178,QSX,ngon-ngu-hoc,C00,Điểm thi THPT,2024,27.1,Ngôn ngữ học
132179,QSX,ngon-ngu-hoc,D01,Điểm thi THPT,2024,24.8,Ngôn ngữ học
132180,QSX,ngon-ngu-hoc,D14,Điểm thi THPT,2024,25.6,Ngôn ngữ học
132181,QSX,ngon-ngu-hoc,C00,Điểm thi THPT,2025,26.6,Ngôn ngữ học
132182,QSX,ngon-ngu-hoc,D01,Điểm thi THPT,2025,22.2,Ngôn ngữ học
132183,QSX,ngon-ngu-hoc,D14,Điểm thi THPT,2025,24.0,Ngôn ngữ học
132184,QSX,ngon-ngu-italia,D01,Điểm thi THPT,2021,24.5,Ngôn ngữ Italia
132185,QSX,ngon-ngu-italia,D03,Điểm thi THPT,2021,24.5,Ngôn ngữ Italia
132186,QSX,ngon-ngu-italia,D05,Điểm thi THPT,2021,24.5,Ngôn ngữ Italia
132187,QSX,ngon-ngu-italia,D01,Điểm thi THPT,2022,20.0,Ngôn ngữ Italia
132188,QSX,ngon-ngu-italia,D03,Điểm thi THPT,2022,20.0,Ngôn ngữ Italia
132189,QSX,ngon-ngu-italia,D05,Điểm thi THPT,2022,20.0,Ngôn ngữ Italia
132190,QSX,ngon-ngu-italia,D01,Điểm thi THPT,2023,22.56,Ngôn ngữ Italia
132191,QSX,ngon-ngu-italia,D03,Điểm thi THPT,2023,22.4,Ngôn ngữ Italia
132192,QSX,ngon-ngu-italia,D05,Điểm thi THPT,2023,22.4,Ngôn ngữ Italia
132193,QSX,ngon-ngu-italia,D01,Điểm học bạ,2024,24.0,Ngôn ngữ Italia
132194,QSX,ngon-ngu-italia,D03,Điểm học bạ,2024,24.0,Ngôn ngữ Italia
132195,QSX,ngon-ngu-italia,D05,Điểm học bạ,2024,24.0,Ngôn ngữ Italia
132196,QSX,ngon-ngu-italia,D01,Điểm thi THPT,2024,22.8,Ngôn ngữ Italia
132197,QSX,ngon-ngu-italia,D03,Điểm thi THPT,2024,22.2,Ngôn ngữ Italia
132198,QSX,ngon-ngu-italia,D05,Điểm thi THPT,2024,22.2,Ngôn ngữ Italia
132199,QSX,ngon-ngu-italia,D01,Điểm thi THPT,2025,20.1,Ngôn ngữ Italia
132200,QSX,ngon-ngu-italia,D03,Điểm thi THPT,2025,20.3,Ngôn ngữ Italia
132201,QSX,ngon-ngu-italia,D05,Điểm thi THPT,2025,20.3,Ngôn ngữ Italia
132202,QSX,ngon-ngu-italia,D14,Điểm thi THPT,2025,20.3,Ngôn ngữ Italia
132203,QSX,ngon-ngu-nga,D01,Điểm thi THPT,2021,23.95,Ngôn ngữ Nga
132204,QSX,ngon-ngu-nga,D02,Điểm thi THPT,2021,23.95,Ngôn ngữ Nga
132205,QSX,ngon-ngu-nga,D01,Điểm thi THPT,2022,20.25,Ngôn ngữ Nga
132206,QSX,ngon-ngu-nga,D02,Điểm thi THPT,2022,20.25,Ngôn ngữ Nga
132207,QSX,ngon-ngu-nga,D01,Điểm thi THPT,2023,22.2,Ngôn ngữ Nga
132208,QSX,ngon-ngu-nga,D02,Điểm thi THPT,2023,22.2,Ngôn ngữ Nga
132209,QSX,ngon-ngu-nga,D01,Điểm học bạ,2024,24.0,Ngôn ngữ Nga
132210,QSX,ngon-ngu-nga,D02,Điểm học bạ,2024,24.0,Ngôn ngữ Nga
132211,QSX,ngon-ngu-nga,D01,Điểm thi THPT,2024,22.95,Ngôn ngữ Nga
132212,QSX,ngon-ngu-nga,D02,Điểm thi THPT,2024,22.5,Ngôn ngữ Nga
132213,QSX,ngon-ngu-nga,D01,Điểm thi THPT,2025,20.0,Ngôn ngữ Nga
132214,QSX,ngon-ngu-nga,D02,Điểm thi THPT,2025,20.5,Ngôn ngữ Nga
132215,QSX,ngon-ngu-nga,D14,Điểm thi THPT,2025,21.0,Ngôn ngữ Nga
132216,QSX,ngon-ngu-phap,D01,Điểm thi THPT,2021,25.5,Ngôn ngữ Pháp
132217,QSX,ngon-ngu-phap,D03,Điểm thi THPT,2021,25.1,Ngôn ngữ Pháp
132218,QSX,ngon-ngu-phap,D01,Điểm thi THPT,2022,23.4,Ngôn ngữ Pháp
132219,QSX,ngon-ngu-phap,D03,Điểm thi THPT,2022,23.0,Ngôn ngữ Pháp
132220,QSX,ngon-ngu-phap,D01,Điểm thi THPT,2023,23.6,Ngôn ngữ Pháp
132221,QSX,ngon-ngu-phap,D03,Điểm thi THPT,2023,23.2,Ngôn ngữ Pháp
132222,QSX,ngon-ngu-phap,D01,Điểm học bạ,2024,24.0,Ngôn ngữ Pháp
132223,QSX,ngon-ngu-phap,D03,Điểm học bạ,2024,24.0,Ngôn ngữ Pháp
132224,QSX,ngon-ngu-phap,D01,Điểm thi THPT,2024,24.4,Ngôn ngữ Pháp
132225,QSX,ngon-ngu-phap,D03,Điểm thi THPT,2024,23.7,Ngôn ngữ Pháp
132226,QSX,ngon-ngu-phap,D01,Điểm thi THPT,2025,21.0,Ngôn ngữ Pháp
132227,QSX,ngon-ngu-phap,D03,Điểm thi THPT,2025,22.0,Ngôn ngữ Pháp
132228,QSX,ngon-ngu-phap,D14,Điểm thi THPT,2025,21.0,Ngôn ngữ Pháp
132229,QSX,ngon-ngu-tay-ban-nha,D01,Điểm thi THPT,2021,25.3,Ngôn ngữ Tây Ban Nha
132230,QSX,ngon-ngu-tay-ban-nha,D03,Điểm thi THPT,2021,25.3,Ngôn ngữ Tây Ban Nha
132231,QSX,ngon-ngu-tay-ban-nha,D05,Điểm thi THPT,2021,25.3,Ngôn ngữ Tây Ban Nha
132232,QSX,ngon-ngu-tay-ban-nha,D01,Điểm thi THPT,2022,22.5,Ngôn ngữ Tây Ban Nha
132233,QSX,ngon-ngu-tay-ban-nha,D03,Điểm thi THPT,2022,22.5,Ngôn ngữ Tây Ban Nha
132234,QSX,ngon-ngu-tay-ban-nha,D05,Điểm thi THPT,2022,22.5,Ngôn ngữ Tây Ban Nha
132235,QSX,ngon-ngu-tay-ban-nha,D01,Điểm thi THPT,2023,24.31,Ngôn ngữ Tây Ban Nha
132236,QSX,ngon-ngu-tay-ban-nha,D03,Điểm thi THPT,2023,23.1,Ngôn ngữ Tây Ban Nha
132237,QSX,ngon-ngu-tay-ban-nha,D05,Điểm thi THPT,2023,23.1,Ngôn ngữ Tây Ban Nha
132238,QSX,ngon-ngu-tay-ban-nha,D01,Điểm học bạ,2024,24.0,Ngôn ngữ Tây Ban Nha
132239,QSX,ngon-ngu-tay-ban-nha,D03,Điểm học bạ,2024,24.0,Ngôn ngữ Tây Ban Nha
132240,QSX,ngon-ngu-tay-ban-nha,D05,Điểm học bạ,2024,24.0,Ngôn ngữ Tây Ban Nha
132241,QSX,ngon-ngu-tay-ban-nha,D01,Điểm thi THPT,2024,24.48,Ngôn ngữ Tây Ban Nha
132242,QSX,ngon-ngu-tay-ban-nha,D03,Điểm thi THPT,2024,22.5,Ngôn ngữ Tây Ban Nha
132243,QSX,ngon-ngu-tay-ban-nha,D05,Điểm thi THPT,2024,22.5,Ngôn ngữ Tây Ban Nha
132244,QSX,ngon-ngu-tay-ban-nha,D01,Điểm thi THPT,2025,21.6,Ngôn ngữ Tây Ban Nha
132245,QSX,ngon-ngu-tay-ban-nha,D03,Điểm thi THPT,2025,21.7,Ngôn ngữ Tây Ban Nha
132246,QSX,ngon-ngu-tay-ban-nha,D05,Điểm thi THPT,2025,21.6,Ngôn ngữ Tây Ban Nha
132247,QSX,ngon-ngu-tay-ban-nha,D14,Điểm thi THPT,2025,21.1,Ngôn ngữ Tây Ban Nha
132248,QSX,ngon-ngu-trung-quoc,D01,Điểm thi THPT,2021,26.3,Ngôn ngữ Trung Quốc
132249,QSX,ngon-ngu-trung-quoc,D04,Điểm thi THPT,2021,26.2,Ngôn ngữ Trung Quốc
132250,QSX,ngon-ngu-trung-quoc,D01,Điểm thi THPT,2022,25.4,Ngôn ngữ Trung Quốc
132251,QSX,ngon-ngu-trung-quoc,D04,Điểm thi THPT,2022,25.9,Ngôn ngữ Trung Quốc
132252,QSX,ngon-ngu-trung-quoc,D01,Điểm thi THPT,2023,25.8,Ngôn ngữ Trung Quốc
132253,QSX,ngon-ngu-trung-quoc,D04,Điểm thi THPT,2023,25.8,Ngôn ngữ Trung Quốc
132254,QSX,ngon-ngu-trung-quoc,D01,Điểm học bạ,2024,26.0,Ngôn ngữ Trung Quốc
132255,QSX,ngon-ngu-trung-quoc,D04,Điểm học bạ,2024,26.0,Ngôn ngữ Trung Quốc
132256,QSX,ngon-ngu-trung-quoc,D01,Điểm thi THPT,2024,25.78,Ngôn ngữ Trung Quốc
132257,QSX,ngon-ngu-trung-quoc,D04,Điểm thi THPT,2024,25.3,Ngôn ngữ Trung Quốc
132258,QSX,ngon-ngu-trung-quoc,D14,Điểm thi THPT,2024,25.5,"Ngôn ngữ Trung Quốc ( LK với ĐHSP Quảng Tây, TQ)"
132259,QSX,ngon-ngu-trung-quoc,D15,Điểm thi THPT,2024,25.5,"Ngôn ngữ Trung Quốc ( LK với ĐHSP Quảng Tây, TQ)"
132260,QSX,ngon-ngu-trung-quoc,D83,Điểm thi THPT,2024,25.5,"Ngôn ngữ Trung Quốc ( LK với ĐHSP Quảng Tây, TQ)"
132261,QSX,ngon-ngu-trung-quoc,D95,Điểm thi THPT,2024,25.5,"Ngôn ngữ Trung Quốc ( LK với ĐHSP Quảng Tây, TQ)"
132262,QSX,ngon-ngu-trung-quoc,D01,Điểm thi THPT,2025,23.29,Ngôn ngữ Trung Quốc
132263,QSX,ngon-ngu-trung-quoc,D04,Điểm thi THPT,2025,25.3,Ngôn ngữ Trung Quốc
132264,QSX,ngon-ngu-trung-quoc,D14,Điểm thi THPT,2025,23.3,Ngôn ngữ Trung Quốc
132265,QSX,ngon-ngu-trung-quoc,D15,Điểm thi THPT,2025,22.7,"Ngôn ngữ Trung Quốc (Liên kết ĐH Sư phạm Quảng Tây, Trung Quốc)"
132266,QSX,ngon-ngu-trung-quoc-chat-luong-cao,D01,Điểm thi THPT,2022,24.25,Ngôn ngữ Trung Quốc - Chất lượng cao
132267,QSX,ngon-ngu-trung-quoc-chat-luong-cao,D04,Điểm thi THPT,2022,24.5,Ngôn ngữ Trung Quốc - Chất lượng cao
132268,QSX,ngon-ngu-trung-quoc-chat-luong-cao,D01,Điểm thi THPT,2023,24.5,Ngôn ngữ Trung Quốc - Chất lượng cao
132269,QSX,ngon-ngu-trung-quoc-chat-luong-cao,D04,Điểm thi THPT,2023,24.8,Ngôn ngữ Trung Quốc - Chất lượng cao
132270,QSX,nhan-hoc,C00,Điểm thi THPT,2021,24.7,Nhân học
132271,QSX,nhan-hoc,D01,Điểm thi THPT,2021,24.3,Nhân học
132272,QSX,nhan-hoc,D14,Điểm thi THPT,2021,24.5,Nhân học
132273,QSX,nhan-hoc,C00,Điểm thi THPT,2022,21.25,Nhân học
132274,QSX,nhan-hoc,D01,Điểm thi THPT,2022,21.0,Nhân học
132275,QSX,nhan-hoc,D14,Điểm thi THPT,2022,21.0,Nhân học
132276,QSX,nhan-hoc,D15,Điểm thi THPT,2022,21.0,Nhân học
132277,QSX,nhan-hoc,C00,Điểm thi THPT,2023,24.7,Nhân học
132278,QSX,nhan-hoc,D01,Điểm thi THPT,2023,24.0,Nhân học
132279,QSX,nhan-hoc,D14,Điểm thi THPT,2023,24.0,Nhân học
132280,QSX,nhan-hoc,D15,Điểm thi THPT,2023,24.0,Nhân học
132281,QSX,nhan-hoc,C00,Điểm học bạ,2024,24.0,Nhân học
132282,QSX,nhan-hoc,D01,Điểm học bạ,2024,24.0,Nhân học
132283,QSX,nhan-hoc,D14,Điểm học bạ,2024,24.0,Nhân học
132284,QSX,nhan-hoc,D15,Điểm học bạ,2024,24.0,Nhân học
132285,QSX,nhan-hoc,C00,Điểm thi THPT,2024,27.1,Nhân học
132286,QSX,nhan-hoc,D01,Điểm thi THPT,2024,25.05,Nhân học
132287,QSX,nhan-hoc,D14,Điểm thi THPT,2024,25.51,Nhân học
132288,QSX,nhan-hoc,D15,Điểm thi THPT,2024,25.58,Nhân học
132289,QSX,nhan-hoc,C00,Điểm thi THPT,2025,26.2,Nhân học
132290,QSX,nhan-hoc,D01,Điểm thi THPT,2025,22.4,Nhân học
132291,QSX,nhan-hoc,D14,Điểm thi THPT,2025,22.7,Nhân học
132292,QSX,nhan-hoc,D15,Điểm thi THPT,2025,23.1,Nhân học
132293,QSX,nhat-ban-hoc,D01,Điểm thi THPT,2021,25.4,Nhật Bản học
132294,QSX,nhat-ban-hoc,D06,Điểm thi THPT,2021,25.2,Nhật Bản học
132295,QSX,nhat-ban-hoc,D14,Điểm thi THPT,2021,25.4,Nhật Bản học
132296,QSX,nhat-ban-hoc,D01,Điểm thi THPT,2022,25.9,Nhật Bản học
132297,QSX,nhat-ban-hoc,D06,Điểm thi THPT,2022,25.45,Nhật Bản học
132298,QSX,nhat-ban-hoc,D14,Điểm thi THPT,2022,26.0,Nhật Bản học
132299,QSX,nhat-ban-hoc,D63,Điểm thi THPT,2022,25.45,Nhật Bản học
132300,QSX,nhat-ban-hoc,D01,Điểm thi THPT,2023,25.2,Nhật Bản học
132301,QSX,nhat-ban-hoc,D06,Điểm thi THPT,2023,25.0,Nhật Bản học
132302,QSX,nhat-ban-hoc,D14,Điểm thi THPT,2023,25.2,Nhật Bản học
132303,QSX,nhat-ban-hoc,D63,Điểm thi THPT,2023,25.0,Nhật Bản học
132304,QSX,nhat-ban-hoc,D01,Điểm học bạ,2024,26.0,Nhật Bản học
132305,QSX,nhat-ban-hoc,D06,Điểm học bạ,2024,26.0,Nhật Bản học
132306,QSX,nhat-ban-hoc,D63,Điểm học bạ,2024,26.0,Nhật Bản học
132307,QSX,nhat-ban-hoc,D01,Điểm thi THPT,2024,25.3,Nhật Bản học
132308,QSX,nhat-ban-hoc,D06,Điểm thi THPT,2024,25.0,Nhật Bản học
132309,QSX,nhat-ban-hoc,D14,Điểm thi THPT,2024,26.0,Nhật Bản học
132310,QSX,nhat-ban-hoc,D63,Điểm thi THPT,2024,25.0,Nhật Bản học
132311,QSX,nhat-ban-hoc,D01,Điểm thi THPT,2025,22.2,Nhật Bản học
132312,QSX,nhat-ban-hoc,D06,Điểm thi THPT,2025,21.9,Nhật Bản học
132313,QSX,nhat-ban-hoc,D14,Điểm thi THPT,2025,22.4,Nhật Bản học
132314,QSX,nhat-ban-hoc,D63,Điểm thi THPT,2025,22.9,Nhật Bản học
132315,QSX,nhat-ban-hoc-chat-luong-cao,D01,Điểm thi THPT,2022,23.4,Nhật Bản học - Chất lượng cao
132316,QSX,nhat-ban-hoc-chat-luong-cao,D06,Điểm thi THPT,2022,23.4,Nhật Bản học - Chất lượng cao
132317,QSX,nhat-ban-hoc-chat-luong-cao,D14,Điểm thi THPT,2022,24.4,Nhật Bản học - Chất lượng cao
132318,QSX,nhat-ban-hoc-chat-luong-cao,D63,Điểm thi THPT,2022,23.4,Nhật Bản học - Chất lượng cao
132319,QSX,nhat-ban-hoc-chat-luong-cao,D01,Điểm thi THPT,2023,23.5,Nhật Bản học - Chất lượng cao
132320,QSX,nhat-ban-hoc-chat-luong-cao,D06,Điểm thi THPT,2023,23.4,Nhật Bản học - Chất lượng cao
132321,QSX,nhat-ban-hoc-chat-luong-cao,D14,Điểm thi THPT,2023,23.5,Nhật Bản học - Chất lượng cao
132322,QSX,nhat-ban-hoc-chat-luong-cao,D63,Điểm thi THPT,2023,23.4,Nhật Bản học - Chất lượng cao
132323,QSX,quan-he-quoc-te,D01,Điểm thi THPT,2021,26.3,Quan hệ quốc tế
132324,QSX,quan-he-quoc-te,D14,Điểm thi THPT,2021,26.6,Quan hệ quốc tế
132325,QSX,quan-he-quoc-te,D01,Điểm thi THPT,2022,26.2,Quan hệ quốc tế
132326,QSX,quan-he-quoc-te,D14,Điểm thi THPT,2022,26.6,Quan hệ quốc tế
132327,QSX,quan-he-quoc-te,D01,Điểm thi THPT,2023,26.63,Quan hệ quốc tế
132328,QSX,quan-he-quoc-te,D14,Điểm thi THPT,2023,26.63,Quan hệ quốc tế
132329,QSX,quan-he-quoc-te,D01,Điểm học bạ,2024,27.8,Quan hệ quốc tế
132330,QSX,quan-he-quoc-te,D14,Điểm học bạ,2024,27.8,Quan hệ quốc tế
132331,QSX,quan-he-quoc-te,D01,Điểm thi THPT,2024,26.45,Quan hệ quốc tế
132332,QSX,quan-he-quoc-te,D14,Điểm thi THPT,2024,27.15,Quan hệ quốc tế
132333,QSX,quan-he-quoc-te,D01,Điểm thi THPT,2025,23.5,Quan hệ quốc tế
132334,QSX,quan-he-quoc-te,D14,Điểm thi THPT,2025,24.2,Quan hệ quốc tế
132335,QSX,quan-he-quoc-te-chat-luong-cao,D01,Điểm thi THPT,2022,25.3,Quan hệ quốc tế - Chất lượng cao
132336,QSX,quan-he-quoc-te-chat-luong-cao,D14,Điểm thi THPT,2022,25.6,Quan hệ quốc tế - Chất lượng cao
132337,QSX,quan-he-quoc-te-chat-luong-cao,D01,Điểm thi THPT,2023,25.9,Quan hệ quốc tế - Chất lượng cao
132338,QSX,quan-he-quoc-te-chat-luong-cao,D14,Điểm thi THPT,2023,25.9,Quan hệ quốc tế - Chất lượng cao
132339,QSX,quan-ly-giao-duc,A01,Điểm thi THPT,2021,21.0,Quản lý giáo dục
132340,QSX,quan-ly-giao-duc,C00,Điểm thi THPT,2021,21.0,Quản lý giáo dục
132341,QSX,quan-ly-giao-duc,D01,Điểm thi THPT,2021,21.0,Quản lý giáo dục
132342,QSX,quan-ly-giao-duc,D14,Điểm thi THPT,2021,21.0,Quản lý giáo dục
132343,QSX,quan-ly-giao-duc,A01,Điểm thi THPT,2022,23.0,Quản lý giáo dục
132344,QSX,quan-ly-giao-duc,C00,Điểm thi THPT,2022,24.0,Quản lý giáo dục
132345,QSX,quan-ly-giao-duc,D01,Điểm thi THPT,2022,23.0,Quản lý giáo dục
132346,QSX,quan-ly-giao-duc,D14,Điểm thi THPT,2022,23.0,Quản lý giáo dục
132347,QSX,quan-ly-giao-duc,A01,Điểm thi THPT,2023,23.5,Quản lý giáo dục
132348,QSX,quan-ly-giao-duc,C00,Điểm thi THPT,2023,24.5,Quản lý giáo dục
132349,QSX,quan-ly-giao-duc,D01,Điểm thi THPT,2023,23.5,Quản lý giáo dục
132350,QSX,quan-ly-giao-duc,D14,Điểm thi THPT,2023,23.5,Quản lý giáo dục
132351,QSX,quan-ly-giao-duc,A01,Điểm học bạ,2024,25.0,Quản lý giáo dục
132352,QSX,quan-ly-giao-duc,C00,Điểm học bạ,2024,25.0,Quản lý giáo dục
132353,QSX,quan-ly-giao-duc,D01,Điểm học bạ,2024,25.0,Quản lý giáo dục
132354,QSX,quan-ly-giao-duc,D14,Điểm học bạ,2024,25.0,Quản lý giáo dục
132355,QSX,quan-ly-giao-duc,A01,Điểm thi THPT,2024,24.0,Quản lý giáo dục
132356,QSX,quan-ly-giao-duc,C00,Điểm thi THPT,2024,26.9,Quản lý giáo dục
132357,QSX,quan-ly-giao-duc,D01,Điểm thi THPT,2024,24.4,Quản lý giáo dục
132358,QSX,quan-ly-giao-duc,D14,Điểm thi THPT,2024,24.7,Quản lý giáo dục
132359,QSX,quan-ly-giao-duc,A01,Điểm thi THPT,2025,24.4,Quản lý giáo dục
132360,QSX,quan-ly-giao-duc,C00,Điểm thi THPT,2025,26.8,Quản lý giáo dục
132361,QSX,quan-ly-giao-duc,D01,Điểm thi THPT,2025,22.6,Quản lý giáo dục
132362,QSX,quan-ly-giao-duc,D14,Điểm thi THPT,2025,23.6,Quản lý giáo dục
132363,QSX,quan-ly-thong-tin,A01,Điểm thi THPT,2021,25.5,Quản lý thông tin
132364,QSX,quan-ly-thong-tin,C00,Điểm thi THPT,2021,26.0,Quản lý thông tin
132365,QSX,quan-ly-thong-tin,D01,Điểm thi THPT,2021,25.5,Quản lý thông tin
132366,QSX,quan-ly-thong-tin,D14,Điểm thi THPT,2021,25.5,Quản lý thông tin
132367,QSX,quan-ly-thong-tin,A01,Điểm thi THPT,2022,25.0,Quản lý thông tin
132368,QSX,quan-ly-thong-tin,C00,Điểm thi THPT,2022,26.75,Quản lý thông tin
132369,QSX,quan-ly-thong-tin,D01,Điểm thi THPT,2022,24.5,Quản lý thông tin
132370,QSX,quan-ly-thong-tin,D14,Điểm thi THPT,2022,25.0,Quản lý thông tin
132371,QSX,quan-ly-thong-tin,A01,Điểm thi THPT,2023,24.0,Quản lý thông tin
132372,QSX,quan-ly-thong-tin,C00,Điểm thi THPT,2023,25.7,Quản lý thông tin
132373,QSX,quan-ly-thong-tin,D01,Điểm thi THPT,2023,24.3,Quản lý thông tin
132374,QSX,quan-ly-thong-tin,D14,Điểm thi THPT,2023,24.3,Quản lý thông tin
132375,QSX,quan-ly-thong-tin,A01,Điểm học bạ,2024,26.0,Quản lý thông tin
132376,QSX,quan-ly-thong-tin,C00,Điểm học bạ,2024,26.0,Quản lý thông tin
132377,QSX,quan-ly-thong-tin,D01,Điểm học bạ,2024,26.0,Quản lý thông tin
132378,QSX,quan-ly-thong-tin,D14,Điểm học bạ,2024,26.0,Quản lý thông tin
132379,QSX,quan-ly-thong-tin,A01,Điểm thi THPT,2024,24.4,Quản lý thông tin
132380,QSX,quan-ly-thong-tin,C00,Điểm thi THPT,2024,27.7,Quản lý thông tin
132381,QSX,quan-ly-thong-tin,D01,Điểm thi THPT,2024,24.98,Quản lý thông tin
132382,QSX,quan-ly-thong-tin,D14,Điểm thi THPT,2024,25.48,Quản lý thông tin
132383,QSX,quan-ly-thong-tin,A01,Điểm thi THPT,2025,23.8,Quản lý thông tin
132384,QSX,quan-ly-thong-tin,C00,Điểm thi THPT,2025,26.7,Quản lý thông tin
132385,QSX,quan-ly-thong-tin,D01,Điểm thi THPT,2025,22.4,Quản lý thông tin
132386,QSX,quan-ly-thong-tin,D14,Điểm thi THPT,2025,22.6,Quản lý thông tin
132387,QSX,quan-tri-chat-luong-giao-duc,C03,Điểm thi THPT,2025,23.2,Quản trị chất lượng giáo dục
132388,QSX,quan-tri-chat-luong-giao-duc,D01,Điểm thi THPT,2025,21.4,Quản trị chất lượng giáo dục
132389,QSX,quan-tri-chat-luong-giao-duc,D14,Điểm thi THPT,2025,22.6,Quản trị chất lượng giáo dục
132390,QSX,quan-tri-chat-luong-giao-duc,D15,Điểm thi THPT,2025,22.6,Quản trị chất lượng giáo dục
132391,QSX,quan-tri-dich-vu-du-lich-va-lu-hanh,C00,Điểm thi THPT,2021,25.4,Quản trị dịch vụ du lịch và lữ hành
132392,QSX,quan-tri-dich-vu-du-lich-va-lu-hanh,D01,Điểm thi THPT,2021,25.3,Quản trị dịch vụ du lịch và lữ hành
132393,QSX,quan-tri-dich-vu-du-lich-va-lu-hanh,D14,Điểm thi THPT,2021,25.3,Quản trị dịch vụ du lịch và lữ hành
132394,QSX,quan-tri-dich-vu-du-lich-va-lu-hanh,C00,Điểm thi THPT,2022,27.6,Quản trị dịch vụ du lịch và lữ hành
132395,QSX,quan-tri-dich-vu-du-lich-va-lu-hanh,D01,Điểm thi THPT,2022,25.6,Quản trị dịch vụ du lịch và lữ hành
132396,QSX,quan-tri-dich-vu-du-lich-va-lu-hanh,D14,Điểm thi THPT,2022,25.8,Quản trị dịch vụ du lịch và lữ hành
132397,QSX,quan-tri-dich-vu-du-lich-va-lu-hanh,D15,Điểm thi THPT,2022,25.6,Quản trị dịch vụ du lịch và lữ hành
132398,QSX,quan-tri-dich-vu-du-lich-va-lu-hanh,C00,Điểm thi THPT,2023,27.4,Quản trị dịch vụ du lịch và lữ hành
132399,QSX,quan-tri-dich-vu-du-lich-va-lu-hanh,D01,Điểm thi THPT,2023,25.8,Quản trị dịch vụ du lịch và lữ hành
132400,QSX,quan-tri-dich-vu-du-lich-va-lu-hanh,D14,Điểm thi THPT,2023,25.8,Quản trị dịch vụ du lịch và lữ hành
132401,QSX,quan-tri-dich-vu-du-lich-va-lu-hanh,D15,Điểm thi THPT,2023,25.8,Quản trị dịch vụ du lịch và lữ hành
132402,QSX,quan-tri-dich-vu-du-lich-va-lu-hanh,C00,Điểm học bạ,2024,27.0,Quản trị dịch vụ du lịch và lữ hành
132403,QSX,quan-tri-dich-vu-du-lich-va-lu-hanh,D01,Điểm học bạ,2024,27.0,Quản trị dịch vụ du lịch và lữ hành
132404,QSX,quan-tri-dich-vu-du-lich-va-lu-hanh,D14,Điểm học bạ,2024,27.0,Quản trị dịch vụ du lịch và lữ hành
132405,QSX,quan-tri-dich-vu-du-lich-va-lu-hanh,D15,Điểm học bạ,2024,27.0,Quản trị dịch vụ du lịch và lữ hành
132406,QSX,quan-tri-dich-vu-du-lich-va-lu-hanh,C00,Điểm thi THPT,2024,28.33,Quản trị dịch vụ du lịch và lữ hành
132407,QSX,quan-tri-dich-vu-du-lich-va-lu-hanh,D01,Điểm thi THPT,2024,25.8,Quản trị dịch vụ du lịch và lữ hành
132408,QSX,quan-tri-dich-vu-du-lich-va-lu-hanh,D14,Điểm thi THPT,2024,26.47,Quản trị dịch vụ du lịch và lữ hành
132409,QSX,quan-tri-dich-vu-du-lich-va-lu-hanh,D15,Điểm thi THPT,2024,26.75,Quản trị dịch vụ du lịch và lữ hành
132410,QSX,quan-tri-dich-vu-du-lich-va-lu-hanh,C00,Điểm thi THPT,2025,27.65,Quản trị dịch vụ du lịch và lữ hành
132411,QSX,quan-tri-dich-vu-du-lich-va-lu-hanh,D01,Điểm thi THPT,2025,23.4,Quản trị dịch vụ du lịch và lữ hành
132412,QSX,quan-tri-dich-vu-du-lich-va-lu-hanh,D14,Điểm thi THPT,2025,24.1,Quản trị dịch vụ du lịch và lữ hành
132413,QSX,quan-tri-dich-vu-du-lich-va-lu-hanh,D15,Điểm thi THPT,2025,24.35,Quản trị dịch vụ du lịch và lữ hành
132414,QSX,quan-tri-dich-vu-du-lich-va-lu-hanh-chat-luong-cao,C00,Điểm thi THPT,2022,25.0,Quản trị dịch vụ du lịch và lữ hành - Chất lượng cao
132415,QSX,quan-tri-dich-vu-du-lich-va-lu-hanh-chat-luong-cao,D01,Điểm thi THPT,2022,24.0,Quản trị dịch vụ du lịch và lữ hành - Chất lượng cao
132416,QSX,quan-tri-dich-vu-du-lich-va-lu-hanh-chat-luong-cao,D14,Điểm thi THPT,2022,24.2,Quản trị dịch vụ du lịch và lữ hành - Chất lượng cao
132417,QSX,quan-tri-dich-vu-du-lich-va-lu-hanh-chat-luong-cao,D15,Điểm thi THPT,2022,24.2,Quản trị dịch vụ du lịch và lữ hành - Chất lượng cao
132418,QSX,quan-tri-dich-vu-du-lich-va-lu-hanh-chat-luong-cao,C00,Điểm thi THPT,2023,25.5,Quản trị dịch vụ du lịch và lữ hành - Chất lượng cao
132419,QSX,quan-tri-dich-vu-du-lich-va-lu-hanh-chat-luong-cao,D01,Điểm thi THPT,2023,24.5,Quản trị dịch vụ du lịch và lữ hành - Chất lượng cao
132420,QSX,quan-tri-dich-vu-du-lich-va-lu-hanh-chat-luong-cao,D14,Điểm thi THPT,2023,24.5,Quản trị dịch vụ du lịch và lữ hành - Chất lượng cao
132421,QSX,quan-tri-dich-vu-du-lich-va-lu-hanh-chat-luong-cao,D15,Điểm thi THPT,2023,24.5,Quản trị dịch vụ du lịch và lữ hành - Chất lượng cao
132422,QSX,quan-tri-dv-du-lich-va-lu-hanh,C00,Điểm thi THPT,2025,26.4,Quản trị DV du lịch và lữ hành (QT)
132423,QSX,quan-tri-dv-du-lich-va-lu-hanh,D01,Điểm thi THPT,2025,22.4,Quản trị DV du lịch và lữ hành (QT)
132424,QSX,quan-tri-dv-du-lich-va-lu-hanh,D14,Điểm thi THPT,2025,23.3,Quản trị DV du lịch và lữ hành (QT)
132425,QSX,quan-tri-dv-du-lich-va-lu-hanh,D15,Điểm thi THPT,2025,24.4,Quản trị DV du lịch và lữ hành (QT)
132426,QSX,quan-tri-van-phong,C00,Điểm thi THPT,2021,26.9,Quản trị văn phòng
132427,QSX,quan-tri-van-phong,D01,Điểm thi THPT,2021,26.2,Quản trị văn phòng
132428,QSX,quan-tri-van-phong,D14,Điểm thi THPT,2021,26.2,Quản trị văn phòng
132429,QSX,quan-tri-van-phong,C00,Điểm thi THPT,2022,26.75,Quản trị văn phòng
132430,QSX,quan-tri-van-phong,D01,Điểm thi THPT,2022,25.05,Quản trị văn phòng
132431,QSX,quan-tri-van-phong,D14,Điểm thi THPT,2022,25.05,Quản trị văn phòng
132432,QSX,quan-tri-van-phong,C00,Điểm thi THPT,2023,25.8,Quản trị văn phòng
132433,QSX,quan-tri-van-phong,D01,Điểm thi THPT,2023,24.3,Quản trị văn phòng
132434,QSX,quan-tri-van-phong,D14,Điểm thi THPT,2023,24.3,Quản trị văn phòng
132435,QSX,quan-tri-van-phong,A01,Điểm học bạ,2024,26.0,Quản trị văn phòng
132436,QSX,quan-tri-van-phong,C00,Điểm học bạ,2024,26.0,Quản trị văn phòng
132437,QSX,quan-tri-van-phong,D01,Điểm học bạ,2024,26.0,Quản trị văn phòng
132438,QSX,quan-tri-van-phong,D14,Điểm học bạ,2024,26.0,Quản trị văn phòng
132439,QSX,quan-tri-van-phong,C00,Điểm thi THPT,2024,27.7,Quản trị văn phòng
132440,QSX,quan-tri-van-phong,D01,Điểm thi THPT,2024,25.1,Quản trị văn phòng
132441,QSX,quan-tri-van-phong,D14,Điểm thi THPT,2024,25.8,Quản trị văn phòng
132442,QSX,quan-tri-van-phong,C00,Điểm thi THPT,2025,27.2,Quản trị văn phòng
132443,QSX,quan-tri-van-phong,D01,Điểm thi THPT,2025,22.8,Quản trị văn phòng
132444,QSX,quan-tri-van-phong,D14,Điểm thi THPT,2025,23.8,Quản trị văn phòng
132445,QSX,quan-tri-van-phong,D15,Điểm thi THPT,2025,23.8,Quản trị văn phòng
132446,QSX,quoc-te-hoc,D01,Điểm học bạ,2024,27.0,Quốc tế học
132447,QSX,quoc-te-hoc,D09,Điểm học bạ,2024,27.0,Quốc tế học
132448,QSX,quoc-te-hoc,D14,Điểm học bạ,2024,27.0,Quốc tế học
132449,QSX,quoc-te-hoc,D15,Điểm học bạ,2024,27.0,Quốc tế học
132450,QSX,quoc-te-hoc,D01,Điểm thi THPT,2024,25.75,Quốc tế học
132451,QSX,quoc-te-hoc,D09,Điểm thi THPT,2024,25.9,Quốc tế học
132452,QSX,quoc-te-hoc,D14,Điểm thi THPT,2024,27.0,Quốc tế học
132453,QSX,quoc-te-hoc,D15,Điểm thi THPT,2024,27.0,Quốc tế học
132454,QSX,quoc-te-hoc,D01,Điểm thi THPT,2025,23.3,Quốc tế học
132455,QSX,quoc-te-hoc,D09,Điểm thi THPT,2025,24.0,Quốc tế học
132456,QSX,quoc-te-hoc,D14,Điểm thi THPT,2025,24.0,Quốc tế học
132457,QSX,quoc-te-hoc,D15,Điểm thi THPT,2025,24.0,Quốc tế học
132458,QSX,tam-ly-hoc,B00,Điểm thi THPT,2021,26.2,Tâm lý học
132459,QSX,tam-ly-hoc,C00,Điểm thi THPT,2021,26.6,Tâm lý học
132460,QSX,tam-ly-hoc,D01,Điểm thi THPT,2021,26.3,Tâm lý học
132461,QSX,tam-ly-hoc,D14,Điểm thi THPT,2021,26.6,Tâm lý học
132462,QSX,tam-ly-hoc,B00,Điểm thi THPT,2022,25.8,Tâm lý học
132463,QSX,tam-ly-hoc,C00,Điểm thi THPT,2022,26.9,Tâm lý học
132464,QSX,tam-ly-hoc,D01,Điểm thi THPT,2022,25.7,Tâm lý học
132465,QSX,tam-ly-hoc,D14,Điểm thi THPT,2022,25.8,Tâm lý học
132466,QSX,tam-ly-hoc,B00,Điểm thi THPT,2023,26.07,Tâm lý học
132467,QSX,tam-ly-hoc,C00,Điểm thi THPT,2023,27.0,Tâm lý học
132468,QSX,tam-ly-hoc,D01,Điểm thi THPT,2023,26.07,Tâm lý học
132469,QSX,tam-ly-hoc,D14,Điểm thi THPT,2023,26.07,Tâm lý học
132470,QSX,tam-ly-hoc,B00,Điểm học bạ,2024,28.0,Tâm lý học
132471,QSX,tam-ly-hoc,C00,Điểm học bạ,2024,28.0,Tâm lý học
132472,QSX,tam-ly-hoc,D01,Điểm học bạ,2024,28.0,Tâm lý học
132473,QSX,tam-ly-hoc,D14,Điểm học bạ,2024,28.0,Tâm lý học
132474,QSX,tam-ly-hoc,B00,Điểm thi THPT,2024,25.9,Tâm lý học
132475,QSX,tam-ly-hoc,C00,Điểm thi THPT,2024,28.3,Tâm lý học
132476,QSX,tam-ly-hoc,D01,Điểm thi THPT,2024,26.4,Tâm lý học
132477,QSX,tam-ly-hoc,D14,Điểm thi THPT,2024,27.1,Tâm lý học
132478,QSX,tam-ly-hoc,B00,Điểm thi THPT,2025,25.3,Tâm lý học
132479,QSX,tam-ly-hoc,C00,Điểm thi THPT,2025,27.75,Tâm lý học
132480,QSX,tam-ly-hoc,D01,Điểm thi THPT,2025,24.4,Tâm lý học
132481,QSX,tam-ly-hoc,D14,Điểm thi THPT,2025,24.95,Tâm lý học
132482,QSX,tam-ly-hoc-giao-duc,B00,Điểm thi THPT,2021,21.1,Tâm lý học giáo dục
132483,QSX,tam-ly-hoc-giao-duc,B08,Điểm thi THPT,2021,21.2,Tâm lý học giáo dục
132484,QSX,tam-ly-hoc-giao-duc,D01,Điểm thi THPT,2021,21.2,Tâm lý học giáo dục
132485,QSX,tam-ly-hoc-giao-duc,D14,Điểm thi THPT,2021,21.2,Tâm lý học giáo dục
132486,QSX,tam-ly-hoc-giao-duc,B00,Điểm thi THPT,2022,24.4,Tâm lý học giáo dục
132487,QSX,tam-ly-hoc-giao-duc,B08,Điểm thi THPT,2022,24.5,Tâm lý học giáo dục
132488,QSX,tam-ly-hoc-giao-duc,D01,Điểm thi THPT,2022,24.3,Tâm lý học giáo dục
132489,QSX,tam-ly-hoc-giao-duc,D14,Điểm thi THPT,2022,24.5,Tâm lý học giáo dục
132490,QSX,tam-ly-hoc-giao-duc,B00,Điểm thi THPT,2023,25.0,Tâm lý học giáo dục
132491,QSX,tam-ly-hoc-giao-duc,B08,Điểm thi THPT,2023,25.0,Tâm lý học giáo dục
132492,QSX,tam-ly-hoc-giao-duc,D01,Điểm thi THPT,2023,25.45,Tâm lý học giáo dục
132493,QSX,tam-ly-hoc-giao-duc,D14,Điểm thi THPT,2023,25.45,Tâm lý học giáo dục
132494,QSX,tam-ly-hoc-giao-duc,B00,Điểm học bạ,2024,25.5,Tâm lý học giáo dục
132495,QSX,tam-ly-hoc-giao-duc,C00,Điểm học bạ,2024,25.5,Tâm lý học giáo dục
132496,QSX,tam-ly-hoc-giao-duc,D01,Điểm học bạ,2024,25.5,Tâm lý học giáo dục
132497,QSX,tam-ly-hoc-giao-duc,D14,Điểm học bạ,2024,25.5,Tâm lý học giáo dục
132498,QSX,tam-ly-hoc-giao-duc,B00,Điểm thi THPT,2024,24.2,Tâm lý học giáo dục
132499,QSX,tam-ly-hoc-giao-duc,B08,Điểm thi THPT,2024,24.2,Tâm lý học giáo dục
132500,QSX,tam-ly-hoc-giao-duc,D01,Điểm thi THPT,2024,25.9,Tâm lý học giáo dục
132501,QSX,tam-ly-hoc-giao-duc,D14,Điểm thi THPT,2024,26.8,Tâm lý học giáo dục
132502,QSX,tam-ly-hoc-giao-duc,B00,Điểm thi THPT,2025,23.6,Tâm lý học giáo dục
132503,QSX,tam-ly-hoc-giao-duc,B08,Điểm thi THPT,2025,22.3,Tâm lý học giáo dục
132504,QSX,tam-ly-hoc-giao-duc,D01,Điểm thi THPT,2025,22.8,Tâm lý học giáo dục
132505,QSX,tam-ly-hoc-giao-duc,D14,Điểm thi THPT,2025,23.5,Tâm lý học giáo dục
132506,QSX,thong-tin-thu-vien,A01,Điểm thi THPT,2021,23.0,Thông tin thư viện
132507,QSX,thong-tin-thu-vien,C00,Điểm thi THPT,2021,23.6,Thông tin thư viện
132508,QSX,thong-tin-thu-vien,D01,Điểm thi THPT,2021,23.0,Thông tin thư viện
132509,QSX,thong-tin-thu-vien,D14,Điểm thi THPT,2021,23.0,Thông tin thư viện
132510,QSX,thong-tin-thu-vien,A01,Điểm thi THPT,2022,21.75,Thông tin thư viện
132511,QSX,thong-tin-thu-vien,C00,Điểm thi THPT,2022,23.5,Thông tin thư viện
132512,QSX,thong-tin-thu-vien,D01,Điểm thi THPT,2022,21.75,Thông tin thư viện
132513,QSX,thong-tin-thu-vien,D14,Điểm thi THPT,2022,21.75,Thông tin thư viện
132514,QSX,thong-tin-thu-vien,A01,Điểm thi THPT,2023,22.0,Thông tin - thư viện
132515,QSX,thong-tin-thu-vien,C00,Điểm thi THPT,2023,23.5,Thông tin - thư viện
132516,QSX,thong-tin-thu-vien,D01,Điểm thi THPT,2023,22.1,Thông tin - thư viện
132517,QSX,thong-tin-thu-vien,D14,Điểm thi THPT,2023,22.1,Thông tin - thư viện
132518,QSX,thong-tin-thu-vien,C00,Điểm học bạ,2024,24.0,Thông tin - thư viện
132519,QSX,thong-tin-thu-vien,D01,Điểm học bạ,2024,24.0,Thông tin - thư viện
132520,QSX,thong-tin-thu-vien,D14,Điểm học bạ,2024,24.0,Thông tin - thư viện
132521,QSX,thong-tin-thu-vien,A01,Điểm thi THPT,2024,23.0,Thông tin - Thư viện
132522,QSX,thong-tin-thu-vien,C00,Điểm thi THPT,2024,26.6,Thông tin - Thư viện
132523,QSX,thong-tin-thu-vien,D01,Điểm thi THPT,2024,23.3,Thông tin - Thư viện
132524,QSX,thong-tin-thu-vien,D14,Điểm thi THPT,2024,24.1,Thông tin - Thư viện
132525,QSX,thong-tin-thu-vien,A01,Điểm thi THPT,2025,22.0,Thông tin - Thư viện
132526,QSX,thong-tin-thu-vien,C00,Điểm thi THPT,2025,25.9,Thông tin - Thư viện
132527,QSX,thong-tin-thu-vien,D01,Điểm thi THPT,2025,21.6,Thông tin - Thư viện
132528,QSX,thong-tin-thu-vien,D14,Điểm thi THPT,2025,22.25,Thông tin - Thư viện
132529,QSX,ton-giao-hoc,C00,Điểm thi THPT,2021,21.7,Tôn giáo học
132530,QSX,ton-giao-hoc,D01,Điểm thi THPT,2021,21.4,Tôn giáo học
132531,QSX,ton-giao-hoc,D14,Điểm thi THPT,2021,21.4,Tôn giáo học
132532,QSX,ton-giao-hoc,C00,Điểm thi THPT,2022,22.25,Tôn giáo học
132533,QSX,ton-giao-hoc,D01,Điểm thi THPT,2022,21.25,Tôn giáo học
132534,QSX,ton-giao-hoc,D14,Điểm thi THPT,2022,21.25,Tôn giáo học
132535,QSX,ton-giao-hoc,C00,Điểm thi THPT,2023,21.0,Tôn giáo học
132536,QSX,ton-giao-hoc,D01,Điểm thi THPT,2023,21.0,Tôn giáo học
132537,QSX,ton-giao-hoc,D14,Điểm thi THPT,2023,21.0,Tôn giáo học
132538,QSX,ton-giao-hoc,A01,Điểm học bạ,2024,24.0,Tôn giáo học
132539,QSX,ton-giao-hoc,C00,Điểm học bạ,2024,24.0,Tôn giáo học
132540,QSX,ton-giao-hoc,D01,Điểm học bạ,2024,24.0,Tôn giáo học
132541,QSX,ton-giao-hoc,D14,Điểm học bạ,2024,24.0,Tôn giáo học
132542,QSX,ton-giao-hoc,C00,Điểm thi THPT,2024,26.0,Tôn giáo học
132543,QSX,ton-giao-hoc,D01,Điểm thi THPT,2024,22.8,Tôn giáo học
132544,QSX,ton-giao-hoc,D14,Điểm thi THPT,2024,23.6,Tôn giáo học
132545,QSX,ton-giao-hoc,C00,Điểm thi THPT,2025,25.9,Tôn giáo học
132546,QSX,ton-giao-hoc,D01,Điểm thi THPT,2025,20.9,Tôn giáo học
132547,QSX,ton-giao-hoc,D14,Điểm thi THPT,2025,21.85,Tôn giáo học
132548,QSX,triet-hoc,A01,Điểm thi THPT,2021,23.4,Triết học
132549,QSX,triet-hoc,C00,Điểm thi THPT,2021,23.7,Triết học
132550,QSX,triet-hoc,D01,Điểm thi THPT,2021,23.4,Triết học
132551,QSX,triet-hoc,D14,Điểm thi THPT,2021,23.4,Triết học
132552,QSX,triet-hoc,A01,Điểm thi THPT,2022,23.0,Triết học
132553,QSX,triet-hoc,C00,Điểm thi THPT,2022,24.0,Triết học
132554,QSX,triet-hoc,D01,Điểm thi THPT,2022,23.0,Triết học
132555,QSX,triet-hoc,D14,Điểm thi THPT,2022,23.0,Triết học
132556,QSX,triet-hoc,A01,Điểm thi THPT,2023,23.5,Triết học
132557,QSX,triet-hoc,C00,Điểm thi THPT,2023,24.7,Triết học
132558,QSX,triet-hoc,D01,Điểm thi THPT,2023,23.5,Triết học
132559,QSX,triet-hoc,D14,Điểm thi THPT,2023,23.5,Triết học
132560,QSX,triet-hoc,A01,Điểm học bạ,2024,24.0,Triết học
132561,QSX,triet-hoc,C00,Điểm học bạ,2024,24.0,Triết học
132562,QSX,triet-hoc,D01,Điểm học bạ,2024,24.0,Triết học
132563,QSX,triet-hoc,D14,Điểm học bạ,2024,24.0,Triết học
132564,QSX,triet-hoc,A01,Điểm thi THPT,2024,22.5,Triết học
132565,QSX,triet-hoc,C00,Điểm thi THPT,2024,26.8,Triết học
132566,QSX,triet-hoc,D01,Điểm thi THPT,2024,24.5,Triết học
132567,QSX,triet-hoc,D14,Điểm thi THPT,2024,24.7,Triết học
132568,QSX,triet-hoc,A01,Điểm thi THPT,2025,22.9,Triết học
132569,QSX,triet-hoc,C00,Điểm thi THPT,2025,26.9,Triết học
132570,QSX,triet-hoc,D01,Điểm thi THPT,2025,21.9,Triết học
132571,QSX,triet-hoc,D14,Điểm thi THPT,2025,22.9,Triết học
132572,QSX,truyen-thong,A01,Điểm thi THPT,2024,21.0,"Truyền thông (liên kết với Đại học Deakin, Úc)"
132573,QSX,truyen-thong,D01,Điểm thi THPT,2024,21.0,"Truyền thông (liên kết với Đại học Deakin, Úc)"
132574,QSX,truyen-thong,D14,Điểm thi THPT,2024,21.0,"Truyền thông (liên kết với Đại học Deakin, Úc)"
132575,QSX,truyen-thong,D15,Điểm thi THPT,2024,21.0,"Truyền thông (liên kết với Đại học Deakin, Úc)"
132576,QSX,truyen-thong-da-phuong-tien,D01,Điểm thi THPT,2021,27.7,Truyền thông đa phương tiện
132577,QSX,truyen-thong-da-phuong-tien,D14,Điểm thi THPT,2021,27.9,Truyền thông đa phương tiện
132578,QSX,truyen-thong-da-phuong-tien,D15,Điểm thi THPT,2021,27.9,Truyền thông đa phương tiện
132579,QSX,truyen-thong-da-phuong-tien,D01,Điểm thi THPT,2022,27.15,Truyền thông đa phương tiện
132580,QSX,truyen-thong-da-phuong-tien,D14,Điểm thi THPT,2022,27.55,Truyền thông đa phương tiện
132581,QSX,truyen-thong-da-phuong-tien,D15,Điểm thi THPT,2022,27.55,Truyền thông đa phương tiện
132582,QSX,truyen-thong-da-phuong-tien,D01,Điểm thi THPT,2023,27.2,Truyền thông đa phương tiện
132583,QSX,truyen-thong-da-phuong-tien,D14,Điểm thi THPT,2023,27.25,Truyền thông đa phương tiện
132584,QSX,truyen-thong-da-phuong-tien,D15,Điểm thi THPT,2023,27.25,Truyền thông đa phương tiện
132585,QSX,truyen-thong-da-phuong-tien,D01,Điểm học bạ,2024,28.85,Truyền thông đa phương tiện
132586,QSX,truyen-thong-da-phuong-tien,D14,Điểm học bạ,2024,28.85,Truyền thông đa phương tiện
132587,QSX,truyen-thong-da-phuong-tien,D15,Điểm học bạ,2024,28.85,Truyền thông đa phương tiện
132588,QSX,truyen-thong-da-phuong-tien,D01,Điểm thi THPT,2024,27.1,Truyền thông đa phương tiện
132589,QSX,truyen-thong-da-phuong-tien,D14,Điểm thi THPT,2024,27.87,Truyền thông đa phương tiện
132590,QSX,truyen-thong-da-phuong-tien,D15,Điểm thi THPT,2024,27.8,Truyền thông đa phương tiện
132591,QSX,truyen-thong-da-phuong-tien,D01,Điểm thi THPT,2025,25.3,Truyền thông đa phương tiện
132592,QSX,truyen-thong-da-phuong-tien,D14,Điểm thi THPT,2025,26.1,Truyền thông đa phương tiện
132593,QSX,truyen-thong-da-phuong-tien,D15,Điểm thi THPT,2025,26.1,Truyền thông đa phương tiện
132594,QSX,van-hoa-hoc,C00,Điểm thi THPT,2021,25.7,Văn hoá học
132595,QSX,van-hoa-hoc,D01,Điểm thi THPT,2021,25.6,Văn hoá học
132596,QSX,van-hoa-hoc,D14,Điểm thi THPT,2021,25.6,Văn hoá học
132597,QSX,van-hoa-hoc,C00,Điểm thi THPT,2022,26.5,Văn hoá học
132598,QSX,van-hoa-hoc,D01,Điểm thi THPT,2022,25.25,Văn hoá học
132599,QSX,van-hoa-hoc,D14,Điểm thi THPT,2022,25.25,Văn hoá học
132600,QSX,van-hoa-hoc,D15,Điểm thi THPT,2022,25.25,Văn hoá học
132601,QSX,van-hoa-hoc,C00,Điểm thi THPT,2023,26.5,Văn hóa học
132602,QSX,van-hoa-hoc,D01,Điểm thi THPT,2023,25.45,Văn hóa học
132603,QSX,van-hoa-hoc,D14,Điểm thi THPT,2023,25.45,Văn hóa học
132604,QSX,van-hoa-hoc,D15,Điểm thi THPT,2023,25.45,Văn hóa học
132605,QSX,van-hoa-hoc,C00,Điểm học bạ,2024,26.5,Văn hóa học
132606,QSX,van-hoa-hoc,D01,Điểm học bạ,2024,26.5,Văn hóa học
132607,QSX,van-hoa-hoc,D14,Điểm học bạ,2024,26.5,Văn hóa học
132608,QSX,van-hoa-hoc,D15,Điểm học bạ,2024,26.5,Văn hóa học
132609,QSX,van-hoa-hoc,C00,Điểm thi THPT,2024,28.2,Văn hóa học
132610,QSX,van-hoa-hoc,D01,Điểm thi THPT,2024,25.8,Văn hóa học
132611,QSX,van-hoa-hoc,D14,Điểm thi THPT,2024,26.27,Văn hóa học
132612,QSX,van-hoa-hoc,D15,Điểm thi THPT,2024,26.6,Văn hóa học
132613,QSX,van-hoa-hoc,C00,Điểm thi THPT,2025,27.35,Văn hóa học
132614,QSX,van-hoa-hoc,D01,Điểm thi THPT,2025,23.1,Văn hóa học
132615,QSX,van-hoa-hoc,D14,Điểm thi THPT,2025,24.15,Văn hóa học
132616,QSX,van-hoa-hoc,D15,Điểm thi THPT,2025,24.3,Văn hóa học
132617,QSX,van-hoc,C00,Điểm thi THPT,2021,25.8,Văn học
132618,QSX,van-hoc,D01,Điểm thi THPT,2021,25.6,Văn học
132619,QSX,van-hoc,D14,Điểm thi THPT,2021,25.6,Văn học
132620,QSX,van-hoc,C00,Điểm thi THPT,2022,26.6,Văn học
132621,QSX,van-hoc,D01,Điểm thi THPT,2022,25.25,Văn học
132622,QSX,van-hoc,D14,Điểm thi THPT,2022,25.25,Văn học
132623,QSX,van-hoc,C00,Điểm thi THPT,2023,27.0,Văn học
132624,QSX,van-hoc,D01,Điểm thi THPT,2023,25.73,Văn học
132625,QSX,van-hoc,D14,Điểm thi THPT,2023,25.73,Văn học
132626,QSX,van-hoc,C00,Điểm học bạ,2024,27.5,Văn học
132627,QSX,van-hoc,D01,Điểm học bạ,2024,27.5,Văn học
132628,QSX,van-hoc,D14,Điểm học bạ,2024,27.5,Văn học
132629,QSX,van-hoc,C00,Điểm thi THPT,2024,27.7,Văn học
132630,QSX,van-hoc,D01,Điểm thi THPT,2024,25.7,Văn học
132631,QSX,van-hoc,D14,Điểm thi THPT,2024,26.18,Văn học
132632,QSX,van-hoc,C00,Điểm thi THPT,2025,26.92,Văn học
132633,QSX,van-hoc,D01,Điểm thi THPT,2025,23.15,Văn học
132634,QSX,van-hoc,D14,Điểm thi THPT,2025,24.6,Văn học
132635,QSX,viet-nam-hoc,C00,Điểm thi THPT,2021,24.5,Việt Nam học
132636,QSX,viet-nam-hoc,D01,Điểm thi THPT,2021,23.5,Việt Nam học
132637,QSX,viet-nam-hoc,D14,Điểm thi THPT,2021,23.5,Việt Nam học
132638,QSX,viet-nam-hoc,D15,Điểm thi THPT,2021,23.5,Việt Nam học
132639,QSX,viet-nam-hoc,C00,Điểm thi THPT,2022,26.0,Việt Nam học
132640,QSX,viet-nam-hoc,D01,Điểm thi THPT,2022,25.5,Việt Nam học
132641,QSX,viet-nam-hoc,D14,Điểm thi THPT,2022,25.5,Việt Nam học
132642,QSX,viet-nam-hoc,D15,Điểm thi THPT,2022,25.5,Việt Nam học
132643,QSX,viet-nam-hoc,C00,Điểm thi THPT,2023,25.9,Việt Nam học
132644,QSX,viet-nam-hoc,D01,Điểm thi THPT,2023,25.0,Việt Nam học
132645,QSX,viet-nam-hoc,D14,Điểm thi THPT,2023,25.0,Việt Nam học
132646,QSX,viet-nam-hoc,D15,Điểm thi THPT,2023,25.0,Việt Nam học
132647,QSX,viet-nam-hoc,C00,Điểm học bạ,2024,25.5,Việt Nam học
132648,QSX,viet-nam-hoc,D01,Điểm học bạ,2024,25.5,Việt Nam học
132649,QSX,viet-nam-hoc,D14,Điểm học bạ,2024,25.5,Việt Nam học
132650,QSX,viet-nam-hoc,C00,Điểm thi THPT,2024,27.7,Việt Nam học
132651,QSX,viet-nam-hoc,D01,Điểm thi THPT,2024,25.0,Việt Nam học
132652,QSX,viet-nam-hoc,D14,Điểm thi THPT,2024,25.5,Việt Nam học
132653,QSX,viet-nam-hoc,D15,Điểm thi THPT,2024,25.7,Việt Nam học
132654,QSX,viet-nam-hoc,C00,Điểm thi THPT,2025,27.2,Việt Nam học
132655,QSX,viet-nam-hoc,D01,Điểm thi THPT,2025,22.0,Việt Nam học
132656,QSX,viet-nam-hoc,D14,Điểm thi THPT,2025,23.4,Việt Nam học
132657,QSX,viet-nam-hoc,D15,Điểm thi THPT,2025,23.5,Việt Nam học
132658,QSX,xa-hoi-hoc,A00,Điểm thi THPT,2021,25.2,Xã hội học
132659,QSX,xa-hoi-hoc,C00,Điểm thi THPT,2021,25.6,Xã hội học
132660,QSX,xa-hoi-hoc,D01,Điểm thi THPT,2021,25.2,Xã hội học
132661,QSX,xa-hoi-hoc,D14,Điểm thi THPT,2021,25.2,Xã hội học
132662,QSX,xa-hoi-hoc,A00,Điểm thi THPT,2022,23.8,Xã hội học
132663,QSX,xa-hoi-hoc,C00,Điểm thi THPT,2022,25.3,Xã hội học
132664,QSX,xa-hoi-hoc,D01,Điểm thi THPT,2022,23.8,Xã hội học
132665,QSX,xa-hoi-hoc,D14,Điểm thi THPT,2022,23.8,Xã hội học
132666,QSX,xa-hoi-hoc,A00,Điểm thi THPT,2023,24.5,Xã hội học
132667,QSX,xa-hoi-hoc,C00,Điểm thi THPT,2023,26.0,Xã hội học
132668,QSX,xa-hoi-hoc,D01,Điểm thi THPT,2023,25.2,Xã hội học
132669,QSX,xa-hoi-hoc,D14,Điểm thi THPT,2023,25.2,Xã hội học
132670,QSX,xa-hoi-hoc,A00,Điểm học bạ,2024,26.5,Xã hội học
132671,QSX,xa-hoi-hoc,C00,Điểm học bạ,2024,26.5,Xã hội học
132672,QSX,xa-hoi-hoc,D01,Điểm học bạ,2024,26.5,Xã hội học
132673,QSX,xa-hoi-hoc,D14,Điểm học bạ,2024,26.5,Xã hội học
132674,QSX,xa-hoi-hoc,A00,Điểm thi THPT,2024,24.0,Xã hội học
132675,QSX,xa-hoi-hoc,C00,Điểm thi THPT,2024,27.95,Xã hội học
132676,QSX,xa-hoi-hoc,D01,Điểm thi THPT,2024,25.65,Xã hội học
132677,QSX,xa-hoi-hoc,D14,Điểm thi THPT,2024,26.35,Xã hội học
132678,QSX,xa-hoi-hoc,A00,Điểm thi THPT,2025,23.9,Xã hội học
132679,QSX,xa-hoi-hoc,C00,Điểm thi THPT,2025,26.9,Xã hội học
132680,QSX,xa-hoi-hoc,D01,Điểm thi THPT,2025,23.1,Xã hội học
132681,QSX,xa-hoi-hoc,D14,Điểm thi THPT,2025,23.4,Xã hội học
132682,QSY,7720101,A02,Điểm thi THPT,2025,25.6,7720101
132683,QSY,7720101,B00,Điểm thi THPT,2025,25.6,7720101
132684,QSY,7720115,A02,Điểm thi THPT,2025,20.1,7720115
132685,QSY,7720115,B00,Điểm thi THPT,2025,20.1,7720115
132686,QSY,7720201,A00,Điểm thi THPT,2025,21.5,7720201
132687,QSY,7720201,B00,Điểm thi THPT,2025,21.5,7720201
132688,QSY,7720301,A02,Điểm thi THPT,2025,18.0,7720301
132689,QSY,7720301,B00,Điểm thi THPT,2025,18.0,7720301
132690,QSY,7720501,A02,Điểm thi THPT,2025,25.0,7720501
132691,QSY,7720501,B00,Điểm thi THPT,2025,25.0,7720501
132692,QSY,dieu-duong,B00,Điểm thi THPT,2022,19.0,Điều dưỡng
132693,QSY,dieu-duong,B00,Điểm thi THPT,2023,19.65,Điều dưỡng
132694,QSY,dieu-duong,B00,Điểm thi THPT,2024,22.6,Điều dưỡng
132695,QSY,duoc-hoc,A00,Điểm thi THPT,2021,24.9,Dược học (CLC)
132696,QSY,duoc-hoc,B00,Điểm thi THPT,2021,26.1,Dược học (CLC)
132697,QSY,duoc-hoc,A00,Điểm thi THPT,2022,25.3,Dược học (CLC)
132698,QSY,duoc-hoc,B00,Điểm thi THPT,2022,25.3,Dược học (CLC)
132699,QSY,duoc-hoc,A00,Điểm thi THPT,2023,25.12,Dược học
132700,QSY,duoc-hoc,B00,Điểm thi THPT,2023,25.12,Dược học
132701,QSY,duoc-hoc,A00,Điểm thi THPT,2024,25.31,Dược học
132702,QSY,duoc-hoc,B00,Điểm thi THPT,2024,25.31,Dược học
132703,QSY,rang-ham-mat,B00,Điểm thi THPT,2021,26.85,Răng - Hàm - Mặt (CLC)
132704,QSY,rang-ham-mat,B00,Điểm thi THPT,2022,26.1,Răng - Hàm - Mặt (CLC)
132705,QSY,rang-ham-mat,B00,Điểm thi THPT,2023,26.05,Răng - Hàm - Mặt
132706,QSY,rang-ham-mat,B00,Điểm thi THPT,2024,26.33,Răng - Hàm - Mặt
132707,QSY,y-hoc-co-truyen,B00,Điểm thi THPT,2022,21.0,Y học cổ truyền
132708,QSY,y-hoc-co-truyen,B00,Điểm thi THPT,2023,23.75,Y học cổ truyền
132709,QSY,y-hoc-co-truyen,B00,Điểm thi THPT,2024,24.24,Y học cổ truyền
132710,QSY,y-khoa,B00,Điểm thi THPT,2021,27.15,Y khoa (CLC)
132711,QSY,y-khoa,B00,Điểm thi THPT,2022,26.45,Y khoa (CLC)
132712,QSY,y-khoa,B00,Điểm thi THPT,2023,26.15,Y khoa
132713,QSY,y-khoa,B00,Điểm thi THPT,2024,26.4,Y khoa
132714,SDU,cong-nghe-det-may,A00,Điểm học bạ,2021,18.0,"Công nghệ dệt, may"
132715,SDU,cong-nghe-det-may,A09,Điểm học bạ,2021,18.0,"Công nghệ dệt, may"
132716,SDU,cong-nghe-det-may,C04,Điểm học bạ,2021,18.0,"Công nghệ dệt, may"
132717,SDU,cong-nghe-det-may,D01,Điểm học bạ,2021,18.0,"Công nghệ dệt, may"
132718,SDU,cong-nghe-det-may,A00,Điểm thi THPT,2021,16.0,"Công nghệ dệt, may"
132719,SDU,cong-nghe-det-may,A09,Điểm thi THPT,2021,16.0,"Công nghệ dệt, may"
132720,SDU,cong-nghe-det-may,C04,Điểm thi THPT,2021,16.0,"Công nghệ dệt, may"
132721,SDU,cong-nghe-det-may,D01,Điểm thi THPT,2021,16.0,"Công nghệ dệt, may"
132722,SDU,cong-nghe-det-may,A00,Điểm học bạ,2022,18.0,"Công nghệ dệt, may"
132723,SDU,cong-nghe-det-may,A09,Điểm học bạ,2022,18.0,"Công nghệ dệt, may"
132724,SDU,cong-nghe-det-may,C04,Điểm học bạ,2022,18.0,"Công nghệ dệt, may"
132725,SDU,cong-nghe-det-may,D01,Điểm học bạ,2022,18.0,"Công nghệ dệt, may"
132726,SDU,cong-nghe-det-may,A00,Điểm thi THPT,2022,16.0,"Công nghệ dệt, may"
132727,SDU,cong-nghe-det-may,A09,Điểm thi THPT,2022,16.0,"Công nghệ dệt, may"
132728,SDU,cong-nghe-det-may,C04,Điểm thi THPT,2022,16.0,"Công nghệ dệt, may"
132729,SDU,cong-nghe-det-may,D01,Điểm thi THPT,2022,16.0,"Công nghệ dệt, may"
132730,SDU,cong-nghe-det-may,A00,Điểm học bạ,2023,18.0,"Công nghệ dệt, may"
132731,SDU,cong-nghe-det-may,A09,Điểm học bạ,2023,18.0,"Công nghệ dệt, may"
132732,SDU,cong-nghe-det-may,C04,Điểm học bạ,2023,18.0,"Công nghệ dệt, may"
132733,SDU,cong-nghe-det-may,D01,Điểm học bạ,2023,18.0,"Công nghệ dệt, may"
132734,SDU,cong-nghe-det-may,A00,Điểm thi THPT,2023,16.0,"Công nghệ dệt, may"
132735,SDU,cong-nghe-det-may,A09,Điểm thi THPT,2023,16.0,"Công nghệ dệt, may"
132736,SDU,cong-nghe-det-may,C04,Điểm thi THPT,2023,16.0,"Công nghệ dệt, may"
132737,SDU,cong-nghe-det-may,D01,Điểm thi THPT,2023,16.0,"Công nghệ dệt, may"
132738,SDU,cong-nghe-det-may,A00,Điểm học bạ,2024,20.0,"Công nghệ dệt, may"
132739,SDU,cong-nghe-det-may,A09,Điểm học bạ,2024,20.0,"Công nghệ dệt, may"
132740,SDU,cong-nghe-det-may,C04,Điểm học bạ,2024,20.0,"Công nghệ dệt, may"
132741,SDU,cong-nghe-det-may,D01,Điểm học bạ,2024,20.0,"Công nghệ dệt, may"
132742,SDU,cong-nghe-det-may,A00,Điểm thi THPT,2024,16.0,"Công nghệ dệt, may"
132743,SDU,cong-nghe-det-may,A09,Điểm thi THPT,2024,16.0,"Công nghệ dệt, may"
132744,SDU,cong-nghe-det-may,C04,Điểm thi THPT,2024,16.0,"Công nghệ dệt, may"
132745,SDU,cong-nghe-det-may,D01,Điểm thi THPT,2024,16.0,"Công nghệ dệt, may"
132746,SDU,cong-nghe-det-may,A00,Điểm học bạ,2025,18.0,"Công nghệ dệt, may"
132747,SDU,cong-nghe-det-may,A09,Điểm học bạ,2025,18.0,"Công nghệ dệt, may"
132748,SDU,cong-nghe-det-may,C01,Điểm học bạ,2025,18.0,"Công nghệ dệt, may"
132749,SDU,cong-nghe-det-may,C04,Điểm học bạ,2025,18.0,"Công nghệ dệt, may"
132750,SDU,cong-nghe-det-may,C14,Điểm học bạ,2025,18.0,"Công nghệ dệt, may"
132751,SDU,cong-nghe-det-may,D01,Điểm học bạ,2025,18.0,"Công nghệ dệt, may"
132752,SDU,cong-nghe-det-may,X01,Điểm học bạ,2025,18.0,"Công nghệ dệt, may"
132753,SDU,cong-nghe-det-may,X21,Điểm học bạ,2025,18.0,"Công nghệ dệt, may"
132754,SDU,cong-nghe-det-may,A00,Điểm thi THPT,2025,15.0,"Công nghệ dệt, may"
132755,SDU,cong-nghe-det-may,A09,Điểm thi THPT,2025,15.0,"Công nghệ dệt, may"
132756,SDU,cong-nghe-det-may,C01,Điểm thi THPT,2025,15.0,"Công nghệ dệt, may"
132757,SDU,cong-nghe-det-may,C04,Điểm thi THPT,2025,15.0,"Công nghệ dệt, may"
132758,SDU,cong-nghe-det-may,C14,Điểm thi THPT,2025,15.0,"Công nghệ dệt, may"
132759,SDU,cong-nghe-det-may,D01,Điểm thi THPT,2025,15.0,"Công nghệ dệt, may"
132760,SDU,cong-nghe-det-may,X01,Điểm thi THPT,2025,15.0,"Công nghệ dệt, may"
132761,SDU,cong-nghe-det-may,X21,Điểm thi THPT,2025,15.0,"Công nghệ dệt, may"
132762,SDU,cong-nghe-ky-thuat-co-khi,A00,Điểm học bạ,2021,18.0,Công nghệ kỹ thuật cơ khí
132763,SDU,cong-nghe-ky-thuat-co-khi,A09,Điểm học bạ,2021,18.0,Công nghệ kỹ thuật cơ khí
132764,SDU,cong-nghe-ky-thuat-co-khi,C04,Điểm học bạ,2021,18.0,Công nghệ kỹ thuật cơ khí
132765,SDU,cong-nghe-ky-thuat-co-khi,D01,Điểm học bạ,2021,18.0,Công nghệ kỹ thuật cơ khí
132766,SDU,cong-nghe-ky-thuat-co-khi,A00,Điểm thi THPT,2021,17.0,Công nghệ kỹ thuật cơ khí
132767,SDU,cong-nghe-ky-thuat-co-khi,A09,Điểm thi THPT,2021,17.0,Công nghệ kỹ thuật cơ khí
132768,SDU,cong-nghe-ky-thuat-co-khi,C04,Điểm thi THPT,2021,17.0,Công nghệ kỹ thuật cơ khí
132769,SDU,cong-nghe-ky-thuat-co-khi,D01,Điểm thi THPT,2021,17.0,Công nghệ kỹ thuật cơ khí
132770,SDU,cong-nghe-ky-thuat-co-khi,A00,Điểm học bạ,2022,20.0,Công nghệ kỹ thuật cơ khí
132771,SDU,cong-nghe-ky-thuat-co-khi,A09,Điểm học bạ,2022,20.0,Công nghệ kỹ thuật cơ khí
132772,SDU,cong-nghe-ky-thuat-co-khi,C04,Điểm học bạ,2022,20.0,Công nghệ kỹ thuật cơ khí
132773,SDU,cong-nghe-ky-thuat-co-khi,D01,Điểm học bạ,2022,20.0,Công nghệ kỹ thuật cơ khí
132774,SDU,cong-nghe-ky-thuat-co-khi,A00,Điểm thi THPT,2022,17.0,Công nghệ kỹ thuật cơ khí
132775,SDU,cong-nghe-ky-thuat-co-khi,A09,Điểm thi THPT,2022,17.0,Công nghệ kỹ thuật cơ khí
132776,SDU,cong-nghe-ky-thuat-co-khi,C04,Điểm thi THPT,2022,17.0,Công nghệ kỹ thuật cơ khí
132777,SDU,cong-nghe-ky-thuat-co-khi,D01,Điểm thi THPT,2022,17.0,Công nghệ kỹ thuật cơ khí
132778,SDU,cong-nghe-ky-thuat-co-khi,A00,Điểm học bạ,2023,20.0,Công nghệ kỹ thuật cơ khí
132779,SDU,cong-nghe-ky-thuat-co-khi,A09,Điểm học bạ,2023,20.0,Công nghệ kỹ thuật cơ khí
132780,SDU,cong-nghe-ky-thuat-co-khi,C04,Điểm học bạ,2023,20.0,Công nghệ kỹ thuật cơ khí
132781,SDU,cong-nghe-ky-thuat-co-khi,D01,Điểm học bạ,2023,20.0,Công nghệ kỹ thuật cơ khí
132782,SDU,cong-nghe-ky-thuat-co-khi,A00,Điểm thi THPT,2023,17.0,Công nghệ kỹ thuật cơ khí
132783,SDU,cong-nghe-ky-thuat-co-khi,A09,Điểm thi THPT,2023,17.0,Công nghệ kỹ thuật cơ khí
132784,SDU,cong-nghe-ky-thuat-co-khi,C04,Điểm thi THPT,2023,17.0,Công nghệ kỹ thuật cơ khí
132785,SDU,cong-nghe-ky-thuat-co-khi,D01,Điểm thi THPT,2023,17.0,Công nghệ kỹ thuật cơ khí
132786,SDU,cong-nghe-ky-thuat-co-khi,A00,Điểm học bạ,2024,20.0,Công nghệ kỹ thuật cơ khí
132787,SDU,cong-nghe-ky-thuat-co-khi,A09,Điểm học bạ,2024,20.0,Công nghệ kỹ thuật cơ khí
132788,SDU,cong-nghe-ky-thuat-co-khi,C04,Điểm học bạ,2024,20.0,Công nghệ kỹ thuật cơ khí
132789,SDU,cong-nghe-ky-thuat-co-khi,D01,Điểm học bạ,2024,20.0,Công nghệ kỹ thuật cơ khí
132790,SDU,cong-nghe-ky-thuat-co-khi,A00,Điểm thi THPT,2024,17.0,Công nghệ kỹ thuật cơ khí
132791,SDU,cong-nghe-ky-thuat-co-khi,A09,Điểm thi THPT,2024,17.0,Công nghệ kỹ thuật cơ khí
132792,SDU,cong-nghe-ky-thuat-co-khi,C04,Điểm thi THPT,2024,17.0,Công nghệ kỹ thuật cơ khí
132793,SDU,cong-nghe-ky-thuat-co-khi,D01,Điểm thi THPT,2024,17.0,Công nghệ kỹ thuật cơ khí
132794,SDU,cong-nghe-ky-thuat-co-khi,A00,Điểm học bạ,2025,18.0,Công nghệ kỹ thuật cơ khí
132795,SDU,cong-nghe-ky-thuat-co-khi,A09,Điểm học bạ,2025,18.0,Công nghệ kỹ thuật cơ khí
132796,SDU,cong-nghe-ky-thuat-co-khi,C01,Điểm học bạ,2025,18.0,Công nghệ kỹ thuật cơ khí
132797,SDU,cong-nghe-ky-thuat-co-khi,C04,Điểm học bạ,2025,18.0,Công nghệ kỹ thuật cơ khí
132798,SDU,cong-nghe-ky-thuat-co-khi,C14,Điểm học bạ,2025,18.0,Công nghệ kỹ thuật cơ khí
132799,SDU,cong-nghe-ky-thuat-co-khi,D01,Điểm học bạ,2025,18.0,Công nghệ kỹ thuật cơ khí
132800,SDU,cong-nghe-ky-thuat-co-khi,X01,Điểm học bạ,2025,18.0,Công nghệ kỹ thuật cơ khí
132801,SDU,cong-nghe-ky-thuat-co-khi,X21,Điểm học bạ,2025,18.0,Công nghệ kỹ thuật cơ khí
132802,SDU,cong-nghe-ky-thuat-co-khi,A00,Điểm thi THPT,2025,15.0,Công nghệ kỹ thuật cơ khí
132803,SDU,cong-nghe-ky-thuat-co-khi,A09,Điểm thi THPT,2025,15.0,Công nghệ kỹ thuật cơ khí
132804,SDU,cong-nghe-ky-thuat-co-khi,C01,Điểm thi THPT,2025,15.0,Công nghệ kỹ thuật cơ khí
132805,SDU,cong-nghe-ky-thuat-co-khi,C04,Điểm thi THPT,2025,15.0,Công nghệ kỹ thuật cơ khí
132806,SDU,cong-nghe-ky-thuat-co-khi,C14,Điểm thi THPT,2025,15.0,Công nghệ kỹ thuật cơ khí
132807,SDU,cong-nghe-ky-thuat-co-khi,D01,Điểm thi THPT,2025,15.0,Công nghệ kỹ thuật cơ khí
132808,SDU,cong-nghe-ky-thuat-co-khi,X01,Điểm thi THPT,2025,15.0,Công nghệ kỹ thuật cơ khí
132809,SDU,cong-nghe-ky-thuat-co-khi,X21,Điểm thi THPT,2025,15.0,Công nghệ kỹ thuật cơ khí
132810,SDU,cong-nghe-ky-thuat-dien-dien-tu,A00,Điểm học bạ,2021,20.0,"Công nghệ kỹ thuật điện, điện tử"
132811,SDU,cong-nghe-ky-thuat-dien-dien-tu,A09,Điểm học bạ,2021,20.0,"Công nghệ kỹ thuật điện, điện tử"
132812,SDU,cong-nghe-ky-thuat-dien-dien-tu,C04,Điểm học bạ,2021,20.0,"Công nghệ kỹ thuật điện, điện tử"
132813,SDU,cong-nghe-ky-thuat-dien-dien-tu,D01,Điểm học bạ,2021,20.0,"Công nghệ kỹ thuật điện, điện tử"
132814,SDU,cong-nghe-ky-thuat-dien-dien-tu,A00,Điểm thi THPT,2021,17.0,"Công nghệ kỹ thuật điện, điện tử"
132815,SDU,cong-nghe-ky-thuat-dien-dien-tu,A09,Điểm thi THPT,2021,17.0,"Công nghệ kỹ thuật điện, điện tử"
132816,SDU,cong-nghe-ky-thuat-dien-dien-tu,C04,Điểm thi THPT,2021,17.0,"Công nghệ kỹ thuật điện, điện tử"
132817,SDU,cong-nghe-ky-thuat-dien-dien-tu,D01,Điểm thi THPT,2021,17.0,"Công nghệ kỹ thuật điện, điện tử"
132818,SDU,cong-nghe-ky-thuat-dien-dien-tu,A00,Điểm học bạ,2022,18.0,"Công nghệ kỹ thuật điện, điện tử"
132819,SDU,cong-nghe-ky-thuat-dien-dien-tu,A09,Điểm học bạ,2022,18.0,"Công nghệ kỹ thuật điện, điện tử"
132820,SDU,cong-nghe-ky-thuat-dien-dien-tu,C04,Điểm học bạ,2022,18.0,"Công nghệ kỹ thuật điện, điện tử"
132821,SDU,cong-nghe-ky-thuat-dien-dien-tu,D01,Điểm học bạ,2022,18.0,"Công nghệ kỹ thuật điện, điện tử"
132822,SDU,cong-nghe-ky-thuat-dien-dien-tu,A00,Điểm thi THPT,2022,17.0,"Công nghệ kỹ thuật điện, điện tử"
132823,SDU,cong-nghe-ky-thuat-dien-dien-tu,A09,Điểm thi THPT,2022,17.0,"Công nghệ kỹ thuật điện, điện tử"
132824,SDU,cong-nghe-ky-thuat-dien-dien-tu,C04,Điểm thi THPT,2022,17.0,"Công nghệ kỹ thuật điện, điện tử"
132825,SDU,cong-nghe-ky-thuat-dien-dien-tu,D01,Điểm thi THPT,2022,17.0,"Công nghệ kỹ thuật điện, điện tử"
132826,SDU,cong-nghe-ky-thuat-dien-dien-tu,A00,Điểm học bạ,2023,20.0,"Công nghệ kỹ thuật điện, điện tử"
132827,SDU,cong-nghe-ky-thuat-dien-dien-tu,A09,Điểm học bạ,2023,20.0,"Công nghệ kỹ thuật điện, điện tử"
132828,SDU,cong-nghe-ky-thuat-dien-dien-tu,C04,Điểm học bạ,2023,20.0,"Công nghệ kỹ thuật điện, điện tử"
132829,SDU,cong-nghe-ky-thuat-dien-dien-tu,D01,Điểm học bạ,2023,20.0,"Công nghệ kỹ thuật điện, điện tử"
132830,SDU,cong-nghe-ky-thuat-dien-dien-tu,A00,Điểm thi THPT,2023,17.0,"Công nghệ kỹ thuật điện, điện tử"
132831,SDU,cong-nghe-ky-thuat-dien-dien-tu,A09,Điểm thi THPT,2023,17.0,"Công nghệ kỹ thuật điện, điện tử"
132832,SDU,cong-nghe-ky-thuat-dien-dien-tu,C04,Điểm thi THPT,2023,17.0,"Công nghệ kỹ thuật điện, điện tử"
132833,SDU,cong-nghe-ky-thuat-dien-dien-tu,D01,Điểm thi THPT,2023,17.0,"Công nghệ kỹ thuật điện, điện tử"
132834,SDU,cong-nghe-ky-thuat-dien-dien-tu,A00,Điểm học bạ,2024,18.0,"Công nghệ kỹ thuật điện, điện tử"
132835,SDU,cong-nghe-ky-thuat-dien-dien-tu,A09,Điểm học bạ,2024,18.0,"Công nghệ kỹ thuật điện, điện tử"
132836,SDU,cong-nghe-ky-thuat-dien-dien-tu,C04,Điểm học bạ,2024,18.0,"Công nghệ kỹ thuật điện, điện tử"
132837,SDU,cong-nghe-ky-thuat-dien-dien-tu,D01,Điểm học bạ,2024,18.0,"Công nghệ kỹ thuật điện, điện tử"
132838,SDU,cong-nghe-ky-thuat-dien-dien-tu,A00,Điểm thi THPT,2024,17.0,"Công nghệ kỹ thuật điện, điện tử"
132839,SDU,cong-nghe-ky-thuat-dien-dien-tu,A09,Điểm thi THPT,2024,17.0,"Công nghệ kỹ thuật điện, điện tử"
132840,SDU,cong-nghe-ky-thuat-dien-dien-tu,C04,Điểm thi THPT,2024,17.0,"Công nghệ kỹ thuật điện, điện tử"
132841,SDU,cong-nghe-ky-thuat-dien-dien-tu,D01,Điểm thi THPT,2024,17.0,"Công nghệ kỹ thuật điện, điện tử"
132842,SDU,cong-nghe-ky-thuat-dien-dien-tu,A00,Điểm học bạ,2025,18.0,"Công nghệ kỹ thuật điện, điện tử"
132843,SDU,cong-nghe-ky-thuat-dien-dien-tu,A09,Điểm học bạ,2025,18.0,"Công nghệ kỹ thuật điện, điện tử"
132844,SDU,cong-nghe-ky-thuat-dien-dien-tu,C01,Điểm học bạ,2025,18.0,"Công nghệ kỹ thuật điện, điện tử"
132845,SDU,cong-nghe-ky-thuat-dien-dien-tu,C04,Điểm học bạ,2025,18.0,"Công nghệ kỹ thuật điện, điện tử"
132846,SDU,cong-nghe-ky-thuat-dien-dien-tu,C14,Điểm học bạ,2025,18.0,"Công nghệ kỹ thuật điện, điện tử"
132847,SDU,cong-nghe-ky-thuat-dien-dien-tu,D01,Điểm học bạ,2025,18.0,"Công nghệ kỹ thuật điện, điện tử"
132848,SDU,cong-nghe-ky-thuat-dien-dien-tu,X01,Điểm học bạ,2025,18.0,"Công nghệ kỹ thuật điện, điện tử"
132849,SDU,cong-nghe-ky-thuat-dien-dien-tu,X21,Điểm học bạ,2025,18.0,"Công nghệ kỹ thuật điện, điện tử"
132850,SDU,cong-nghe-ky-thuat-dien-dien-tu,A00,Điểm thi THPT,2025,15.0,"Công nghệ kỹ thuật điện, điện tử"
132851,SDU,cong-nghe-ky-thuat-dien-dien-tu,A09,Điểm thi THPT,2025,15.0,"Công nghệ kỹ thuật điện, điện tử"
132852,SDU,cong-nghe-ky-thuat-dien-dien-tu,C01,Điểm thi THPT,2025,15.0,"Công nghệ kỹ thuật điện, điện tử"
132853,SDU,cong-nghe-ky-thuat-dien-dien-tu,C04,Điểm thi THPT,2025,15.0,"Công nghệ kỹ thuật điện, điện tử"
132854,SDU,cong-nghe-ky-thuat-dien-dien-tu,C14,Điểm thi THPT,2025,15.0,"Công nghệ kỹ thuật điện, điện tử"
132855,SDU,cong-nghe-ky-thuat-dien-dien-tu,D01,Điểm thi THPT,2025,15.0,"Công nghệ kỹ thuật điện, điện tử"
132856,SDU,cong-nghe-ky-thuat-dien-dien-tu,X01,Điểm thi THPT,2025,15.0,"Công nghệ kỹ thuật điện, điện tử"
132857,SDU,cong-nghe-ky-thuat-dien-dien-tu,X21,Điểm thi THPT,2025,15.0,"Công nghệ kỹ thuật điện, điện tử"
132858,SDU,cong-nghe-ky-thuat-dien-tu-vien-thong,A00,Điểm học bạ,2021,20.0,"Công nghệ kỹ thuật điện tử, viễn thông"
132859,SDU,cong-nghe-ky-thuat-dien-tu-vien-thong,A09,Điểm học bạ,2021,20.0,"Công nghệ kỹ thuật điện tử, viễn thông"
132860,SDU,cong-nghe-ky-thuat-dien-tu-vien-thong,C04,Điểm học bạ,2021,20.0,"Công nghệ kỹ thuật điện tử, viễn thông"
132861,SDU,cong-nghe-ky-thuat-dien-tu-vien-thong,D01,Điểm học bạ,2021,20.0,"Công nghệ kỹ thuật điện tử, viễn thông"
132862,SDU,cong-nghe-ky-thuat-dien-tu-vien-thong,A00,Điểm thi THPT,2021,16.0,"Công nghệ kỹ thuật điện tử, viễn thông"
132863,SDU,cong-nghe-ky-thuat-dien-tu-vien-thong,A09,Điểm thi THPT,2021,16.0,"Công nghệ kỹ thuật điện tử, viễn thông"
132864,SDU,cong-nghe-ky-thuat-dien-tu-vien-thong,C04,Điểm thi THPT,2021,16.0,"Công nghệ kỹ thuật điện tử, viễn thông"
132865,SDU,cong-nghe-ky-thuat-dien-tu-vien-thong,D01,Điểm thi THPT,2021,16.0,"Công nghệ kỹ thuật điện tử, viễn thông"
132866,SDU,cong-nghe-ky-thuat-dien-tu-vien-thong,A00,Điểm học bạ,2022,20.0,"Công nghệ kỹ thuật điện tử, viễn thông"
132867,SDU,cong-nghe-ky-thuat-dien-tu-vien-thong,A09,Điểm học bạ,2022,20.0,"Công nghệ kỹ thuật điện tử, viễn thông"
132868,SDU,cong-nghe-ky-thuat-dien-tu-vien-thong,C04,Điểm học bạ,2022,20.0,"Công nghệ kỹ thuật điện tử, viễn thông"
132869,SDU,cong-nghe-ky-thuat-dien-tu-vien-thong,D01,Điểm học bạ,2022,20.0,"Công nghệ kỹ thuật điện tử, viễn thông"
132870,SDU,cong-nghe-ky-thuat-dien-tu-vien-thong,A00,Điểm thi THPT,2022,16.0,"Công nghệ kỹ thuật điện tử, viễn thông"
132871,SDU,cong-nghe-ky-thuat-dien-tu-vien-thong,A09,Điểm thi THPT,2022,16.0,"Công nghệ kỹ thuật điện tử, viễn thông"
132872,SDU,cong-nghe-ky-thuat-dien-tu-vien-thong,C04,Điểm thi THPT,2022,16.0,"Công nghệ kỹ thuật điện tử, viễn thông"
132873,SDU,cong-nghe-ky-thuat-dien-tu-vien-thong,D01,Điểm thi THPT,2022,16.0,"Công nghệ kỹ thuật điện tử, viễn thông"
132874,SDU,cong-nghe-ky-thuat-o-to,A00,Điểm học bạ,2021,20.0,Công nghệ kỹ thuật ô tô
132875,SDU,cong-nghe-ky-thuat-o-to,A09,Điểm học bạ,2021,20.0,Công nghệ kỹ thuật ô tô
132876,SDU,cong-nghe-ky-thuat-o-to,C04,Điểm học bạ,2021,20.0,Công nghệ kỹ thuật ô tô
132877,SDU,cong-nghe-ky-thuat-o-to,D01,Điểm học bạ,2021,20.0,Công nghệ kỹ thuật ô tô
132878,SDU,cong-nghe-ky-thuat-o-to,A00,Điểm thi THPT,2021,17.0,Công nghệ kỹ thuật ô tô
132879,SDU,cong-nghe-ky-thuat-o-to,A09,Điểm thi THPT,2021,17.0,Công nghệ kỹ thuật ô tô
132880,SDU,cong-nghe-ky-thuat-o-to,C04,Điểm thi THPT,2021,17.0,Công nghệ kỹ thuật ô tô
132881,SDU,cong-nghe-ky-thuat-o-to,D01,Điểm thi THPT,2021,17.0,Công nghệ kỹ thuật ô tô
132882,SDU,cong-nghe-ky-thuat-o-to,A00,Điểm học bạ,2022,18.0,Công nghệ kỹ thuật ô tô
132883,SDU,cong-nghe-ky-thuat-o-to,A09,Điểm học bạ,2022,18.0,Công nghệ kỹ thuật ô tô
132884,SDU,cong-nghe-ky-thuat-o-to,C04,Điểm học bạ,2022,18.0,Công nghệ kỹ thuật ô tô
132885,SDU,cong-nghe-ky-thuat-o-to,D01,Điểm học bạ,2022,18.0,Công nghệ kỹ thuật ô tô
132886,SDU,cong-nghe-ky-thuat-o-to,A00,Điểm thi THPT,2022,17.0,Công nghệ kỹ thuật ô tô
132887,SDU,cong-nghe-ky-thuat-o-to,A09,Điểm thi THPT,2022,17.0,Công nghệ kỹ thuật ô tô
132888,SDU,cong-nghe-ky-thuat-o-to,C04,Điểm thi THPT,2022,17.0,Công nghệ kỹ thuật ô tô
132889,SDU,cong-nghe-ky-thuat-o-to,D01,Điểm thi THPT,2022,17.0,Công nghệ kỹ thuật ô tô
132890,SDU,cong-nghe-ky-thuat-o-to,A00,Điểm học bạ,2023,18.0,Công nghệ kỹ thuật ô tô
132891,SDU,cong-nghe-ky-thuat-o-to,A09,Điểm học bạ,2023,18.0,Công nghệ kỹ thuật ô tô
132892,SDU,cong-nghe-ky-thuat-o-to,C04,Điểm học bạ,2023,18.0,Công nghệ kỹ thuật ô tô
132893,SDU,cong-nghe-ky-thuat-o-to,D01,Điểm học bạ,2023,18.0,Công nghệ kỹ thuật ô tô
132894,SDU,cong-nghe-ky-thuat-o-to,A00,Điểm thi THPT,2023,18.0,Công nghệ kỹ thuật ô tô
132895,SDU,cong-nghe-ky-thuat-o-to,A09,Điểm thi THPT,2023,18.0,Công nghệ kỹ thuật ô tô
132896,SDU,cong-nghe-ky-thuat-o-to,C04,Điểm thi THPT,2023,18.0,Công nghệ kỹ thuật ô tô
132897,SDU,cong-nghe-ky-thuat-o-to,D01,Điểm thi THPT,2023,18.0,Công nghệ kỹ thuật ô tô
132898,SDU,cong-nghe-ky-thuat-o-to,A00,Điểm học bạ,2024,20.0,Công nghệ kỹ thuật ô tô
132899,SDU,cong-nghe-ky-thuat-o-to,A09,Điểm học bạ,2024,20.0,Công nghệ kỹ thuật ô tô
132900,SDU,cong-nghe-ky-thuat-o-to,C04,Điểm học bạ,2024,20.0,Công nghệ kỹ thuật ô tô
132901,SDU,cong-nghe-ky-thuat-o-to,D01,Điểm học bạ,2024,20.0,Công nghệ kỹ thuật ô tô
132902,SDU,cong-nghe-ky-thuat-o-to,A00,Điểm thi THPT,2024,18.0,Công nghệ kỹ thuật ô tô
132903,SDU,cong-nghe-ky-thuat-o-to,A09,Điểm thi THPT,2024,18.0,Công nghệ kỹ thuật ô tô
132904,SDU,cong-nghe-ky-thuat-o-to,C04,Điểm thi THPT,2024,18.0,Công nghệ kỹ thuật ô tô
132905,SDU,cong-nghe-ky-thuat-o-to,D01,Điểm thi THPT,2024,18.0,Công nghệ kỹ thuật ô tô
132906,SDU,cong-nghe-ky-thuat-o-to,A00,Điểm học bạ,2025,18.0,Công nghệ kỹ thuật ô tô
132907,SDU,cong-nghe-ky-thuat-o-to,A09,Điểm học bạ,2025,18.0,Công nghệ kỹ thuật ô tô
132908,SDU,cong-nghe-ky-thuat-o-to,C01,Điểm học bạ,2025,18.0,Công nghệ kỹ thuật ô tô
132909,SDU,cong-nghe-ky-thuat-o-to,C04,Điểm học bạ,2025,18.0,Công nghệ kỹ thuật ô tô
132910,SDU,cong-nghe-ky-thuat-o-to,C14,Điểm học bạ,2025,18.0,Công nghệ kỹ thuật ô tô
132911,SDU,cong-nghe-ky-thuat-o-to,D01,Điểm học bạ,2025,18.0,Công nghệ kỹ thuật ô tô
132912,SDU,cong-nghe-ky-thuat-o-to,X01,Điểm học bạ,2025,18.0,Công nghệ kỹ thuật ô tô
132913,SDU,cong-nghe-ky-thuat-o-to,X21,Điểm học bạ,2025,18.0,Công nghệ kỹ thuật ô tô
132914,SDU,cong-nghe-ky-thuat-o-to,A00,Điểm thi THPT,2025,15.0,Công nghệ kỹ thuật ô tô
132915,SDU,cong-nghe-ky-thuat-o-to,A09,Điểm thi THPT,2025,15.0,Công nghệ kỹ thuật ô tô
132916,SDU,cong-nghe-ky-thuat-o-to,C01,Điểm thi THPT,2025,15.0,Công nghệ kỹ thuật ô tô
132917,SDU,cong-nghe-ky-thuat-o-to,C04,Điểm thi THPT,2025,15.0,Công nghệ kỹ thuật ô tô
132918,SDU,cong-nghe-ky-thuat-o-to,C14,Điểm thi THPT,2025,15.0,Công nghệ kỹ thuật ô tô
132919,SDU,cong-nghe-ky-thuat-o-to,D01,Điểm thi THPT,2025,15.0,Công nghệ kỹ thuật ô tô
132920,SDU,cong-nghe-ky-thuat-o-to,X01,Điểm thi THPT,2025,15.0,Công nghệ kỹ thuật ô tô
132921,SDU,cong-nghe-ky-thuat-o-to,X21,Điểm thi THPT,2025,15.0,Công nghệ kỹ thuật ô tô
132922,SDU,cong-nghe-thong-tin,A00,Điểm học bạ,2021,20.0,Công nghệ thông tin
132923,SDU,cong-nghe-thong-tin,A09,Điểm học bạ,2021,20.0,Công nghệ thông tin
132924,SDU,cong-nghe-thong-tin,C04,Điểm học bạ,2021,20.0,Công nghệ thông tin
132925,SDU,cong-nghe-thong-tin,D01,Điểm học bạ,2021,20.0,Công nghệ thông tin
132926,SDU,cong-nghe-thong-tin,A00,Điểm thi THPT,2021,17.0,Công nghệ thông tin
132927,SDU,cong-nghe-thong-tin,A09,Điểm thi THPT,2021,17.0,Công nghệ thông tin
132928,SDU,cong-nghe-thong-tin,C04,Điểm thi THPT,2021,17.0,Công nghệ thông tin
132929,SDU,cong-nghe-thong-tin,D01,Điểm thi THPT,2021,17.0,Công nghệ thông tin
132930,SDU,cong-nghe-thong-tin,A00,Điểm học bạ,2022,18.0,Công nghệ thông tin
132931,SDU,cong-nghe-thong-tin,A09,Điểm học bạ,2022,18.0,Công nghệ thông tin
132932,SDU,cong-nghe-thong-tin,C04,Điểm học bạ,2022,18.0,Công nghệ thông tin
132933,SDU,cong-nghe-thong-tin,D01,Điểm học bạ,2022,18.0,Công nghệ thông tin
132934,SDU,cong-nghe-thong-tin,A00,Điểm thi THPT,2022,17.0,Công nghệ thông tin
132935,SDU,cong-nghe-thong-tin,A09,Điểm thi THPT,2022,17.0,Công nghệ thông tin
132936,SDU,cong-nghe-thong-tin,C04,Điểm thi THPT,2022,17.0,Công nghệ thông tin
132937,SDU,cong-nghe-thong-tin,D01,Điểm thi THPT,2022,17.0,Công nghệ thông tin
132938,SDU,cong-nghe-thong-tin,A00,Điểm học bạ,2023,18.0,Công nghệ thông tin
132939,SDU,cong-nghe-thong-tin,A09,Điểm học bạ,2023,18.0,Công nghệ thông tin
132940,SDU,cong-nghe-thong-tin,C04,Điểm học bạ,2023,18.0,Công nghệ thông tin
132941,SDU,cong-nghe-thong-tin,D01,Điểm học bạ,2023,18.0,Công nghệ thông tin
132942,SDU,cong-nghe-thong-tin,A00,Điểm thi THPT,2023,17.0,Công nghệ thông tin
132943,SDU,cong-nghe-thong-tin,A09,Điểm thi THPT,2023,17.0,Công nghệ thông tin
132944,SDU,cong-nghe-thong-tin,C04,Điểm thi THPT,2023,17.0,Công nghệ thông tin
132945,SDU,cong-nghe-thong-tin,D01,Điểm thi THPT,2023,17.0,Công nghệ thông tin
132946,SDU,cong-nghe-thong-tin,A00,Điểm học bạ,2024,20.0,Công nghệ thông tin
132947,SDU,cong-nghe-thong-tin,A09,Điểm học bạ,2024,20.0,Công nghệ thông tin
132948,SDU,cong-nghe-thong-tin,C04,Điểm học bạ,2024,20.0,Công nghệ thông tin
132949,SDU,cong-nghe-thong-tin,D01,Điểm học bạ,2024,20.0,Công nghệ thông tin
132950,SDU,cong-nghe-thong-tin,A00,Điểm thi THPT,2024,17.0,Công nghệ thông tin
132951,SDU,cong-nghe-thong-tin,A09,Điểm thi THPT,2024,17.0,Công nghệ thông tin
132952,SDU,cong-nghe-thong-tin,C04,Điểm thi THPT,2024,17.0,Công nghệ thông tin
132953,SDU,cong-nghe-thong-tin,D01,Điểm thi THPT,2024,17.0,Công nghệ thông tin
132954,SDU,cong-nghe-thong-tin,A00,Điểm học bạ,2025,18.0,Công nghệ thông tin
132955,SDU,cong-nghe-thong-tin,A09,Điểm học bạ,2025,18.0,Công nghệ thông tin
132956,SDU,cong-nghe-thong-tin,C01,Điểm học bạ,2025,18.0,Công nghệ thông tin
132957,SDU,cong-nghe-thong-tin,C04,Điểm học bạ,2025,18.0,Công nghệ thông tin
132958,SDU,cong-nghe-thong-tin,C14,Điểm học bạ,2025,18.0,Công nghệ thông tin
132959,SDU,cong-nghe-thong-tin,D01,Điểm học bạ,2025,18.0,Công nghệ thông tin
132960,SDU,cong-nghe-thong-tin,X01,Điểm học bạ,2025,18.0,Công nghệ thông tin
132961,SDU,cong-nghe-thong-tin,X21,Điểm học bạ,2025,18.0,Công nghệ thông tin
132962,SDU,cong-nghe-thong-tin,A00,Điểm thi THPT,2025,15.0,Công nghệ thông tin
132963,SDU,cong-nghe-thong-tin,A09,Điểm thi THPT,2025,15.0,Công nghệ thông tin
132964,SDU,cong-nghe-thong-tin,C01,Điểm thi THPT,2025,15.0,Công nghệ thông tin
132965,SDU,cong-nghe-thong-tin,C04,Điểm thi THPT,2025,15.0,Công nghệ thông tin
132966,SDU,cong-nghe-thong-tin,C14,Điểm thi THPT,2025,15.0,Công nghệ thông tin
132967,SDU,cong-nghe-thong-tin,D01,Điểm thi THPT,2025,15.0,Công nghệ thông tin
132968,SDU,cong-nghe-thong-tin,X01,Điểm thi THPT,2025,15.0,Công nghệ thông tin
132969,SDU,cong-nghe-thong-tin,X21,Điểm thi THPT,2025,15.0,Công nghệ thông tin
132970,SDU,cong-nghe-thuc-pham,A00,Điểm học bạ,2021,18.0,Công nghệ thực phẩm
132971,SDU,cong-nghe-thuc-pham,A09,Điểm học bạ,2021,18.0,Công nghệ thực phẩm
132972,SDU,cong-nghe-thuc-pham,B00,Điểm học bạ,2021,18.0,Công nghệ thực phẩm
132973,SDU,cong-nghe-thuc-pham,D01,Điểm học bạ,2021,18.0,Công nghệ thực phẩm
132974,SDU,cong-nghe-thuc-pham,A00,Điểm thi THPT,2021,16.0,Công nghệ thực phẩm
132975,SDU,cong-nghe-thuc-pham,A09,Điểm thi THPT,2021,16.0,Công nghệ thực phẩm
132976,SDU,cong-nghe-thuc-pham,B00,Điểm thi THPT,2021,16.0,Công nghệ thực phẩm
132977,SDU,cong-nghe-thuc-pham,D01,Điểm thi THPT,2021,16.0,Công nghệ thực phẩm
132978,SDU,cong-nghe-thuc-pham,A00,Điểm học bạ,2022,20.0,Công nghệ thực phẩm
132979,SDU,cong-nghe-thuc-pham,A09,Điểm học bạ,2022,20.0,Công nghệ thực phẩm
132980,SDU,cong-nghe-thuc-pham,B00,Điểm học bạ,2022,20.0,Công nghệ thực phẩm
132981,SDU,cong-nghe-thuc-pham,D01,Điểm học bạ,2022,20.0,Công nghệ thực phẩm
132982,SDU,cong-nghe-thuc-pham,A00,Điểm thi THPT,2022,16.0,Công nghệ thực phẩm
132983,SDU,cong-nghe-thuc-pham,A09,Điểm thi THPT,2022,16.0,Công nghệ thực phẩm
132984,SDU,cong-nghe-thuc-pham,B00,Điểm thi THPT,2022,16.0,Công nghệ thực phẩm
132985,SDU,cong-nghe-thuc-pham,D01,Điểm thi THPT,2022,16.0,Công nghệ thực phẩm
132986,SDU,cong-nghe-thuc-pham,A00,Điểm học bạ,2023,20.0,Công nghệ thực phẩm
132987,SDU,cong-nghe-thuc-pham,A09,Điểm học bạ,2023,20.0,Công nghệ thực phẩm
132988,SDU,cong-nghe-thuc-pham,B00,Điểm học bạ,2023,20.0,Công nghệ thực phẩm
132989,SDU,cong-nghe-thuc-pham,D01,Điểm học bạ,2023,20.0,Công nghệ thực phẩm
132990,SDU,cong-nghe-thuc-pham,A00,Điểm thi THPT,2023,16.0,Công nghệ thực phẩm
132991,SDU,cong-nghe-thuc-pham,A09,Điểm thi THPT,2023,16.0,Công nghệ thực phẩm
132992,SDU,cong-nghe-thuc-pham,B00,Điểm thi THPT,2023,16.0,Công nghệ thực phẩm
132993,SDU,cong-nghe-thuc-pham,D01,Điểm thi THPT,2023,16.0,Công nghệ thực phẩm
132994,SDU,cong-nghe-thuc-pham,A00,Điểm học bạ,2024,20.0,Công nghệ thực phẩm
132995,SDU,cong-nghe-thuc-pham,A09,Điểm học bạ,2024,20.0,Công nghệ thực phẩm
132996,SDU,cong-nghe-thuc-pham,C04,Điểm học bạ,2024,20.0,Công nghệ thực phẩm
132997,SDU,cong-nghe-thuc-pham,D01,Điểm học bạ,2024,20.0,Công nghệ thực phẩm
132998,SDU,cong-nghe-thuc-pham,A00,Điểm thi THPT,2024,16.0,Công nghệ thực phẩm
132999,SDU,cong-nghe-thuc-pham,A09,Điểm thi THPT,2024,16.0,Công nghệ thực phẩm
133000,SDU,cong-nghe-thuc-pham,B00,Điểm thi THPT,2024,16.0,Công nghệ thực phẩm
133001,SDU,cong-nghe-thuc-pham,D01,Điểm thi THPT,2024,16.0,Công nghệ thực phẩm
133002,SDU,dam-bao-chat-luong-va-an-toan-thuc-pham,A00,Điểm học bạ,2021,18.0,Đảm bảo chất lượng và an toàn thực phẩm
133003,SDU,dam-bao-chat-luong-va-an-toan-thuc-pham,A09,Điểm học bạ,2021,18.0,Đảm bảo chất lượng và an toàn thực phẩm
133004,SDU,dam-bao-chat-luong-va-an-toan-thuc-pham,B00,Điểm học bạ,2021,18.0,Đảm bảo chất lượng và an toàn thực phẩm
133005,SDU,dam-bao-chat-luong-va-an-toan-thuc-pham,D01,Điểm học bạ,2021,18.0,Đảm bảo chất lượng và an toàn thực phẩm
133006,SDU,dam-bao-chat-luong-va-an-toan-thuc-pham,A00,Điểm thi THPT,2021,16.0,Đảm bảo chất lượng và an toàn thực phẩm
133007,SDU,dam-bao-chat-luong-va-an-toan-thuc-pham,A09,Điểm thi THPT,2021,16.0,Đảm bảo chất lượng và an toàn thực phẩm
133008,SDU,dam-bao-chat-luong-va-an-toan-thuc-pham,B00,Điểm thi THPT,2021,16.0,Đảm bảo chất lượng và an toàn thực phẩm
133009,SDU,dam-bao-chat-luong-va-an-toan-thuc-pham,D01,Điểm thi THPT,2021,16.0,Đảm bảo chất lượng và an toàn thực phẩm
133010,SDU,dam-bao-chat-luong-va-an-toan-thuc-pham,A00,Điểm học bạ,2022,18.0,Đảm bảo chất lượng và An toàn thực phẩm
133011,SDU,dam-bao-chat-luong-va-an-toan-thuc-pham,A09,Điểm học bạ,2022,18.0,Đảm bảo chất lượng và An toàn thực phẩm
133012,SDU,dam-bao-chat-luong-va-an-toan-thuc-pham,B00,Điểm học bạ,2022,18.0,Đảm bảo chất lượng và An toàn thực phẩm
133013,SDU,dam-bao-chat-luong-va-an-toan-thuc-pham,D01,Điểm học bạ,2022,18.0,Đảm bảo chất lượng và An toàn thực phẩm
133014,SDU,dam-bao-chat-luong-va-an-toan-thuc-pham,A00,Điểm thi THPT,2022,16.0,Đảm bảo chất lượng và An toàn thực phẩm
133015,SDU,dam-bao-chat-luong-va-an-toan-thuc-pham,A09,Điểm thi THPT,2022,16.0,Đảm bảo chất lượng và An toàn thực phẩm
133016,SDU,dam-bao-chat-luong-va-an-toan-thuc-pham,B00,Điểm thi THPT,2022,16.0,Đảm bảo chất lượng và An toàn thực phẩm
133017,SDU,dam-bao-chat-luong-va-an-toan-thuc-pham,D01,Điểm thi THPT,2022,16.0,Đảm bảo chất lượng và An toàn thực phẩm
133018,SDU,ke-toan,A00,Điểm học bạ,2021,18.0,Kế toán
133019,SDU,ke-toan,A09,Điểm học bạ,2021,18.0,Kế toán
133020,SDU,ke-toan,C04,Điểm học bạ,2021,18.0,Kế toán
133021,SDU,ke-toan,D01,Điểm học bạ,2021,18.0,Kế toán
133022,SDU,ke-toan,A00,Điểm thi THPT,2021,16.0,Kế toán
133023,SDU,ke-toan,A09,Điểm thi THPT,2021,16.0,Kế toán
133024,SDU,ke-toan,C04,Điểm thi THPT,2021,16.0,Kế toán
133025,SDU,ke-toan,D01,Điểm thi THPT,2021,16.0,Kế toán
133026,SDU,ke-toan,A00,Điểm học bạ,2022,18.0,Kế toán
133027,SDU,ke-toan,A09,Điểm học bạ,2022,18.0,Kế toán
133028,SDU,ke-toan,C04,Điểm học bạ,2022,18.0,Kế toán
133029,SDU,ke-toan,D01,Điểm học bạ,2022,18.0,Kế toán
133030,SDU,ke-toan,A00,Điểm thi THPT,2022,16.0,Kế toán
133031,SDU,ke-toan,A09,Điểm thi THPT,2022,16.0,Kế toán
133032,SDU,ke-toan,C04,Điểm thi THPT,2022,16.0,Kế toán
133033,SDU,ke-toan,D01,Điểm thi THPT,2022,16.0,Kế toán
133034,SDU,ke-toan,A00,Điểm học bạ,2023,20.0,Kế toán
133035,SDU,ke-toan,A09,Điểm học bạ,2023,20.0,Kế toán
133036,SDU,ke-toan,C04,Điểm học bạ,2023,20.0,Kế toán
133037,SDU,ke-toan,D01,Điểm học bạ,2023,20.0,Kế toán
133038,SDU,ke-toan,A00,Điểm thi THPT,2023,16.0,Kế toán
133039,SDU,ke-toan,A09,Điểm thi THPT,2023,16.0,Kế toán
133040,SDU,ke-toan,C04,Điểm thi THPT,2023,16.0,Kế toán
133041,SDU,ke-toan,D01,Điểm thi THPT,2023,16.0,Kế toán
133042,SDU,ke-toan,A00,Điểm học bạ,2024,18.0,Kế toán
133043,SDU,ke-toan,A09,Điểm học bạ,2024,18.0,Kế toán
133044,SDU,ke-toan,C04,Điểm học bạ,2024,18.0,Kế toán
133045,SDU,ke-toan,D01,Điểm học bạ,2024,18.0,Kế toán
133046,SDU,ke-toan,A00,Điểm thi THPT,2024,16.0,Kế toán
133047,SDU,ke-toan,A09,Điểm thi THPT,2024,16.0,Kế toán
133048,SDU,ke-toan,C04,Điểm thi THPT,2024,16.0,Kế toán
133049,SDU,ke-toan,D01,Điểm thi THPT,2024,16.0,Kế toán
133050,SDU,ke-toan,A00,Điểm học bạ,2025,18.0,Kế toán
133051,SDU,ke-toan,A09,Điểm học bạ,2025,18.0,Kế toán
133052,SDU,ke-toan,C01,Điểm học bạ,2025,18.0,Kế toán
133053,SDU,ke-toan,C04,Điểm học bạ,2025,18.0,Kế toán
133054,SDU,ke-toan,C14,Điểm học bạ,2025,18.0,Kế toán
133055,SDU,ke-toan,D01,Điểm học bạ,2025,18.0,Kế toán
133056,SDU,ke-toan,X01,Điểm học bạ,2025,18.0,Kế toán
133057,SDU,ke-toan,X21,Điểm học bạ,2025,18.0,Kế toán
133058,SDU,ke-toan,A00,Điểm thi THPT,2025,15.0,Kế toán
133059,SDU,ke-toan,A09,Điểm thi THPT,2025,15.0,Kế toán
133060,SDU,ke-toan,C01,Điểm thi THPT,2025,15.0,Kế toán
133061,SDU,ke-toan,C04,Điểm thi THPT,2025,15.0,Kế toán
133062,SDU,ke-toan,C14,Điểm thi THPT,2025,15.0,Kế toán
133063,SDU,ke-toan,D01,Điểm thi THPT,2025,15.0,Kế toán
133064,SDU,ke-toan,X01,Điểm thi THPT,2025,15.0,Kế toán
133065,SDU,ke-toan,X21,Điểm thi THPT,2025,15.0,Kế toán
133066,SDU,ky-thuat-co-dien-tu,A00,Điểm học bạ,2021,18.0,Kỹ thuật cơ điện tử
133067,SDU,ky-thuat-co-dien-tu,A09,Điểm học bạ,2021,18.0,Kỹ thuật cơ điện tử
133068,SDU,ky-thuat-co-dien-tu,C04,Điểm học bạ,2021,18.0,Kỹ thuật cơ điện tử
133069,SDU,ky-thuat-co-dien-tu,D01,Điểm học bạ,2021,18.0,Kỹ thuật cơ điện tử
133070,SDU,ky-thuat-co-dien-tu,A00,Điểm thi THPT,2021,16.0,Kỹ thuật cơ điện tử
133071,SDU,ky-thuat-co-dien-tu,A09,Điểm thi THPT,2021,16.0,Kỹ thuật cơ điện tử
133072,SDU,ky-thuat-co-dien-tu,C04,Điểm thi THPT,2021,16.0,Kỹ thuật cơ điện tử
133073,SDU,ky-thuat-co-dien-tu,D01,Điểm thi THPT,2021,16.0,Kỹ thuật cơ điện tử
133074,SDU,ky-thuat-co-dien-tu,A00,Điểm học bạ,2022,20.0,Kỹ thuật cơ điện tử
133075,SDU,ky-thuat-co-dien-tu,A09,Điểm học bạ,2022,20.0,Kỹ thuật cơ điện tử
133076,SDU,ky-thuat-co-dien-tu,C04,Điểm học bạ,2022,20.0,Kỹ thuật cơ điện tử
133077,SDU,ky-thuat-co-dien-tu,D01,Điểm học bạ,2022,20.0,Kỹ thuật cơ điện tử
133078,SDU,ky-thuat-co-dien-tu,A00,Điểm thi THPT,2022,16.0,Kỹ thuật cơ điện tử
133079,SDU,ky-thuat-co-dien-tu,A09,Điểm thi THPT,2022,16.0,Kỹ thuật cơ điện tử
133080,SDU,ky-thuat-co-dien-tu,C04,Điểm thi THPT,2022,16.0,Kỹ thuật cơ điện tử
133081,SDU,ky-thuat-co-dien-tu,D01,Điểm thi THPT,2022,16.0,Kỹ thuật cơ điện tử
133082,SDU,ky-thuat-co-dien-tu,A00,Điểm học bạ,2023,18.0,Kỹ thuật cơ điện tử
133083,SDU,ky-thuat-co-dien-tu,A09,Điểm học bạ,2023,18.0,Kỹ thuật cơ điện tử
133084,SDU,ky-thuat-co-dien-tu,C04,Điểm học bạ,2023,18.0,Kỹ thuật cơ điện tử
133085,SDU,ky-thuat-co-dien-tu,D01,Điểm học bạ,2023,18.0,Kỹ thuật cơ điện tử
133086,SDU,ky-thuat-co-dien-tu,A00,Điểm thi THPT,2023,16.0,Kỹ thuật cơ điện tử
133087,SDU,ky-thuat-co-dien-tu,A09,Điểm thi THPT,2023,16.0,Kỹ thuật cơ điện tử
133088,SDU,ky-thuat-co-dien-tu,C04,Điểm thi THPT,2023,16.0,Kỹ thuật cơ điện tử
133089,SDU,ky-thuat-co-dien-tu,D01,Điểm thi THPT,2023,16.0,Kỹ thuật cơ điện tử
133090,SDU,ky-thuat-co-dien-tu,A00,Điểm học bạ,2024,18.0,Kỹ thuật cơ điện tử
133091,SDU,ky-thuat-co-dien-tu,A09,Điểm học bạ,2024,18.0,Kỹ thuật cơ điện tử
133092,SDU,ky-thuat-co-dien-tu,C04,Điểm học bạ,2024,18.0,Kỹ thuật cơ điện tử
133093,SDU,ky-thuat-co-dien-tu,D01,Điểm học bạ,2024,18.0,Kỹ thuật cơ điện tử
133094,SDU,ky-thuat-co-dien-tu,A00,Điểm thi THPT,2024,16.0,Kỹ thuật cơ điện tử
133095,SDU,ky-thuat-co-dien-tu,A09,Điểm thi THPT,2024,16.0,Kỹ thuật cơ điện tử
133096,SDU,ky-thuat-co-dien-tu,C04,Điểm thi THPT,2024,16.0,Kỹ thuật cơ điện tử
133097,SDU,ky-thuat-co-dien-tu,D01,Điểm thi THPT,2024,16.0,Kỹ thuật cơ điện tử
133098,SDU,ky-thuat-co-dien-tu,A00,Điểm học bạ,2025,18.0,Kỹ thuật cơ điện tử
133099,SDU,ky-thuat-co-dien-tu,A09,Điểm học bạ,2025,18.0,Kỹ thuật cơ điện tử
133100,SDU,ky-thuat-co-dien-tu,C01,Điểm học bạ,2025,18.0,Kỹ thuật cơ điện tử
133101,SDU,ky-thuat-co-dien-tu,C04,Điểm học bạ,2025,18.0,Kỹ thuật cơ điện tử
133102,SDU,ky-thuat-co-dien-tu,C14,Điểm học bạ,2025,18.0,Kỹ thuật cơ điện tử
133103,SDU,ky-thuat-co-dien-tu,D01,Điểm học bạ,2025,18.0,Kỹ thuật cơ điện tử
133104,SDU,ky-thuat-co-dien-tu,X01,Điểm học bạ,2025,18.0,Kỹ thuật cơ điện tử
133105,SDU,ky-thuat-co-dien-tu,X21,Điểm học bạ,2025,18.0,Kỹ thuật cơ điện tử
133106,SDU,ky-thuat-co-dien-tu,A00,Điểm thi THPT,2025,15.0,Kỹ thuật cơ điện tử
133107,SDU,ky-thuat-co-dien-tu,A09,Điểm thi THPT,2025,15.0,Kỹ thuật cơ điện tử
133108,SDU,ky-thuat-co-dien-tu,C01,Điểm thi THPT,2025,15.0,Kỹ thuật cơ điện tử
133109,SDU,ky-thuat-co-dien-tu,C04,Điểm thi THPT,2025,15.0,Kỹ thuật cơ điện tử
133110,SDU,ky-thuat-co-dien-tu,C14,Điểm thi THPT,2025,15.0,Kỹ thuật cơ điện tử
133111,SDU,ky-thuat-co-dien-tu,D01,Điểm thi THPT,2025,15.0,Kỹ thuật cơ điện tử
133112,SDU,ky-thuat-co-dien-tu,X01,Điểm thi THPT,2025,15.0,Kỹ thuật cơ điện tử
133113,SDU,ky-thuat-co-dien-tu,X21,Điểm thi THPT,2025,15.0,Kỹ thuật cơ điện tử
133114,SDU,ky-thuat-dieu-khien-va-tu-dong-hoa,A00,Điểm học bạ,2021,18.0,Kỹ thuật điều khiển và tự động hóa
133115,SDU,ky-thuat-dieu-khien-va-tu-dong-hoa,A09,Điểm học bạ,2021,18.0,Kỹ thuật điều khiển và tự động hóa
133116,SDU,ky-thuat-dieu-khien-va-tu-dong-hoa,C04,Điểm học bạ,2021,18.0,Kỹ thuật điều khiển và tự động hóa
133117,SDU,ky-thuat-dieu-khien-va-tu-dong-hoa,D01,Điểm học bạ,2021,18.0,Kỹ thuật điều khiển và tự động hóa
133118,SDU,ky-thuat-dieu-khien-va-tu-dong-hoa,A00,Điểm thi THPT,2021,17.0,Kỹ thuật điều khiển và tự động hóa
133119,SDU,ky-thuat-dieu-khien-va-tu-dong-hoa,A09,Điểm thi THPT,2021,17.0,Kỹ thuật điều khiển và tự động hóa
133120,SDU,ky-thuat-dieu-khien-va-tu-dong-hoa,C04,Điểm thi THPT,2021,17.0,Kỹ thuật điều khiển và tự động hóa
133121,SDU,ky-thuat-dieu-khien-va-tu-dong-hoa,D01,Điểm thi THPT,2021,17.0,Kỹ thuật điều khiển và tự động hóa
133122,SDU,ky-thuat-dieu-khien-va-tu-dong-hoa,A00,Điểm học bạ,2022,18.0,Kỹ thuật điều khiển và Tự động hóa
133123,SDU,ky-thuat-dieu-khien-va-tu-dong-hoa,A09,Điểm học bạ,2022,18.0,Kỹ thuật điều khiển và Tự động hóa
133124,SDU,ky-thuat-dieu-khien-va-tu-dong-hoa,C04,Điểm học bạ,2022,18.0,Kỹ thuật điều khiển và Tự động hóa
133125,SDU,ky-thuat-dieu-khien-va-tu-dong-hoa,D01,Điểm học bạ,2022,18.0,Kỹ thuật điều khiển và Tự động hóa
133126,SDU,ky-thuat-dieu-khien-va-tu-dong-hoa,A00,Điểm thi THPT,2022,17.0,Kỹ thuật điều khiển và Tự động hóa
133127,SDU,ky-thuat-dieu-khien-va-tu-dong-hoa,A09,Điểm thi THPT,2022,17.0,Kỹ thuật điều khiển và Tự động hóa
133128,SDU,ky-thuat-dieu-khien-va-tu-dong-hoa,C04,Điểm thi THPT,2022,17.0,Kỹ thuật điều khiển và Tự động hóa
133129,SDU,ky-thuat-dieu-khien-va-tu-dong-hoa,D01,Điểm thi THPT,2022,17.0,Kỹ thuật điều khiển và Tự động hóa
133130,SDU,ky-thuat-dieu-khien-va-tu-dong-hoa,A00,Điểm học bạ,2023,20.0,Kỹ thuật điều khiển và Tự động hóa
133131,SDU,ky-thuat-dieu-khien-va-tu-dong-hoa,A09,Điểm học bạ,2023,20.0,Kỹ thuật điều khiển và Tự động hóa
133132,SDU,ky-thuat-dieu-khien-va-tu-dong-hoa,C04,Điểm học bạ,2023,20.0,Kỹ thuật điều khiển và Tự động hóa
133133,SDU,ky-thuat-dieu-khien-va-tu-dong-hoa,D01,Điểm học bạ,2023,20.0,Kỹ thuật điều khiển và Tự động hóa
133134,SDU,ky-thuat-dieu-khien-va-tu-dong-hoa,A00,Điểm thi THPT,2023,17.0,Kỹ thuật điều khiển và Tự động hóa
133135,SDU,ky-thuat-dieu-khien-va-tu-dong-hoa,A09,Điểm thi THPT,2023,17.0,Kỹ thuật điều khiển và Tự động hóa
133136,SDU,ky-thuat-dieu-khien-va-tu-dong-hoa,C04,Điểm thi THPT,2023,17.0,Kỹ thuật điều khiển và Tự động hóa
133137,SDU,ky-thuat-dieu-khien-va-tu-dong-hoa,D01,Điểm thi THPT,2023,17.0,Kỹ thuật điều khiển và Tự động hóa
133138,SDU,ky-thuat-dieu-khien-va-tu-dong-hoa,A00,Điểm học bạ,2024,20.0,Kỹ thuật điều khiển và tự động hóa
133139,SDU,ky-thuat-dieu-khien-va-tu-dong-hoa,A09,Điểm học bạ,2024,20.0,Kỹ thuật điều khiển và tự động hóa
133140,SDU,ky-thuat-dieu-khien-va-tu-dong-hoa,C04,Điểm học bạ,2024,20.0,Kỹ thuật điều khiển và tự động hóa
133141,SDU,ky-thuat-dieu-khien-va-tu-dong-hoa,D01,Điểm học bạ,2024,20.0,Kỹ thuật điều khiển và tự động hóa
133142,SDU,ky-thuat-dieu-khien-va-tu-dong-hoa,A00,Điểm thi THPT,2024,17.0,Kỹ thuật điều khiển và Tự động hóa
133143,SDU,ky-thuat-dieu-khien-va-tu-dong-hoa,A09,Điểm thi THPT,2024,17.0,Kỹ thuật điều khiển và Tự động hóa
133144,SDU,ky-thuat-dieu-khien-va-tu-dong-hoa,C04,Điểm thi THPT,2024,17.0,Kỹ thuật điều khiển và Tự động hóa
133145,SDU,ky-thuat-dieu-khien-va-tu-dong-hoa,D01,Điểm thi THPT,2024,17.0,Kỹ thuật điều khiển và Tự động hóa
133146,SDU,ky-thuat-dieu-khien-va-tu-dong-hoa,A00,Điểm học bạ,2025,18.0,Kỹ thuật điều khiển và Tự động hóa
133147,SDU,ky-thuat-dieu-khien-va-tu-dong-hoa,A09,Điểm học bạ,2025,18.0,Kỹ thuật điều khiển và Tự động hóa
133148,SDU,ky-thuat-dieu-khien-va-tu-dong-hoa,C01,Điểm học bạ,2025,18.0,Kỹ thuật điều khiển và Tự động hóa
133149,SDU,ky-thuat-dieu-khien-va-tu-dong-hoa,C04,Điểm học bạ,2025,18.0,Kỹ thuật điều khiển và Tự động hóa
133150,SDU,ky-thuat-dieu-khien-va-tu-dong-hoa,C14,Điểm học bạ,2025,18.0,Kỹ thuật điều khiển và Tự động hóa
133151,SDU,ky-thuat-dieu-khien-va-tu-dong-hoa,D01,Điểm học bạ,2025,18.0,Kỹ thuật điều khiển và Tự động hóa
133152,SDU,ky-thuat-dieu-khien-va-tu-dong-hoa,X01,Điểm học bạ,2025,18.0,Kỹ thuật điều khiển và Tự động hóa
133153,SDU,ky-thuat-dieu-khien-va-tu-dong-hoa,X21,Điểm học bạ,2025,18.0,Kỹ thuật điều khiển và Tự động hóa
133154,SDU,ky-thuat-dieu-khien-va-tu-dong-hoa,A00,Điểm thi THPT,2025,15.0,Kỹ thuật điều khiển và Tự động hóa
133155,SDU,ky-thuat-dieu-khien-va-tu-dong-hoa,A09,Điểm thi THPT,2025,15.0,Kỹ thuật điều khiển và Tự động hóa
133156,SDU,ky-thuat-dieu-khien-va-tu-dong-hoa,C01,Điểm thi THPT,2025,15.0,Kỹ thuật điều khiển và Tự động hóa
133157,SDU,ky-thuat-dieu-khien-va-tu-dong-hoa,C04,Điểm thi THPT,2025,15.0,Kỹ thuật điều khiển và Tự động hóa
133158,SDU,ky-thuat-dieu-khien-va-tu-dong-hoa,C14,Điểm thi THPT,2025,15.0,Kỹ thuật điều khiển và Tự động hóa
133159,SDU,ky-thuat-dieu-khien-va-tu-dong-hoa,D01,Điểm thi THPT,2025,15.0,Kỹ thuật điều khiển và Tự động hóa
133160,SDU,ky-thuat-dieu-khien-va-tu-dong-hoa,X01,Điểm thi THPT,2025,15.0,Kỹ thuật điều khiển và Tự động hóa
133161,SDU,ky-thuat-dieu-khien-va-tu-dong-hoa,X21,Điểm thi THPT,2025,15.0,Kỹ thuật điều khiển và Tự động hóa
133162,SDU,luat,C00,Điểm học bạ,2025,19.0,Luật
133163,SDU,luat,C01,Điểm học bạ,2025,19.0,Luật
133164,SDU,luat,C03,Điểm học bạ,2025,19.0,Luật
133165,SDU,luat,C04,Điểm học bạ,2025,19.0,Luật
133166,SDU,luat,C14,Điểm học bạ,2025,19.0,Luật
133167,SDU,luat,D01,Điểm học bạ,2025,19.0,Luật
133168,SDU,luat,X01,Điểm học bạ,2025,19.0,Luật
133169,SDU,luat,C00,Điểm thi THPT,2025,18.0,Luật
133170,SDU,luat,C01,Điểm thi THPT,2025,18.0,Luật
133171,SDU,luat,C03,Điểm thi THPT,2025,18.0,Luật
133172,SDU,luat,C04,Điểm thi THPT,2025,18.0,Luật
133173,SDU,luat,C14,Điểm thi THPT,2025,18.0,Luật
133174,SDU,luat,D01,Điểm thi THPT,2025,18.0,Luật
133175,SDU,luat,X01,Điểm thi THPT,2025,18.0,Luật
133176,SDU,ngon-ngu-anh,D01,Điểm học bạ,2021,20.0,Ngôn ngữ Anh
133177,SDU,ngon-ngu-anh,D14,Điểm học bạ,2021,20.0,Ngôn ngữ Anh
133178,SDU,ngon-ngu-anh,D15,Điểm học bạ,2021,20.0,Ngôn ngữ Anh
133179,SDU,ngon-ngu-anh,D66,Điểm học bạ,2021,20.0,Ngôn ngữ Anh
133180,SDU,ngon-ngu-anh,D01,Điểm thi THPT,2021,16.0,Ngôn ngữ Anh
133181,SDU,ngon-ngu-anh,D14,Điểm thi THPT,2021,16.0,Ngôn ngữ Anh
133182,SDU,ngon-ngu-anh,D15,Điểm thi THPT,2021,16.0,Ngôn ngữ Anh
133183,SDU,ngon-ngu-anh,D66,Điểm thi THPT,2021,16.0,Ngôn ngữ Anh
133184,SDU,ngon-ngu-anh,D01,Điểm học bạ,2022,20.0,Ngôn ngữ Anh
133185,SDU,ngon-ngu-anh,D14,Điểm học bạ,2022,20.0,Ngôn ngữ Anh
133186,SDU,ngon-ngu-anh,D15,Điểm học bạ,2022,20.0,Ngôn ngữ Anh
133187,SDU,ngon-ngu-anh,D66,Điểm học bạ,2022,20.0,Ngôn ngữ Anh
133188,SDU,ngon-ngu-anh,D01,Điểm thi THPT,2022,16.0,Ngôn ngữ Anh
133189,SDU,ngon-ngu-anh,D14,Điểm thi THPT,2022,16.0,Ngôn ngữ Anh
133190,SDU,ngon-ngu-anh,D15,Điểm thi THPT,2022,16.0,Ngôn ngữ Anh
133191,SDU,ngon-ngu-anh,D66,Điểm thi THPT,2022,16.0,Ngôn ngữ Anh
133192,SDU,ngon-ngu-anh,C03,Điểm học bạ,2025,18.0,Ngôn ngữ Anh
133193,SDU,ngon-ngu-anh,C04,Điểm học bạ,2025,18.0,Ngôn ngữ Anh
133194,SDU,ngon-ngu-anh,D01,Điểm học bạ,2025,18.0,Ngôn ngữ Anh
133195,SDU,ngon-ngu-anh,D14,Điểm học bạ,2025,18.0,Ngôn ngữ Anh
133196,SDU,ngon-ngu-anh,D66,Điểm học bạ,2025,18.0,Ngôn ngữ Anh
133197,SDU,ngon-ngu-anh,D71,Điểm học bạ,2025,18.0,Ngôn ngữ Anh
133198,SDU,ngon-ngu-anh,C03,Điểm thi THPT,2025,15.0,Ngôn ngữ Anh
133199,SDU,ngon-ngu-anh,C04,Điểm thi THPT,2025,15.0,Ngôn ngữ Anh
133200,SDU,ngon-ngu-anh,D01,Điểm thi THPT,2025,15.0,Ngôn ngữ Anh
133201,SDU,ngon-ngu-anh,D14,Điểm thi THPT,2025,15.0,Ngôn ngữ Anh
133202,SDU,ngon-ngu-anh,D66,Điểm thi THPT,2025,15.0,Ngôn ngữ Anh
133203,SDU,ngon-ngu-anh,D71,Điểm thi THPT,2025,15.0,Ngôn ngữ Anh
133204,SDU,ngon-ngu-trung-quoc,D01,Điểm học bạ,2021,19.0,Ngôn ngữ Trung Quốc
133205,SDU,ngon-ngu-trung-quoc,D15,Điểm học bạ,2021,19.0,Ngôn ngữ Trung Quốc
133206,SDU,ngon-ngu-trung-quoc,D66,Điểm học bạ,2021,19.0,Ngôn ngữ Trung Quốc
133207,SDU,ngon-ngu-trung-quoc,D71,Điểm học bạ,2021,19.0,Ngôn ngữ Trung Quốc
133208,SDU,ngon-ngu-trung-quoc,D01,Điểm thi THPT,2021,18.5,Ngôn ngữ Trung Quốc
133209,SDU,ngon-ngu-trung-quoc,D15,Điểm thi THPT,2021,18.5,Ngôn ngữ Trung Quốc
133210,SDU,ngon-ngu-trung-quoc,D66,Điểm thi THPT,2021,18.5,Ngôn ngữ Trung Quốc
133211,SDU,ngon-ngu-trung-quoc,D71,Điểm thi THPT,2021,18.5,Ngôn ngữ Trung Quốc
133212,SDU,ngon-ngu-trung-quoc,D01,Điểm học bạ,2022,20.0,Ngôn ngữ Trung Quốc
133213,SDU,ngon-ngu-trung-quoc,D05,Điểm học bạ,2022,20.0,Ngôn ngữ Trung Quốc
133214,SDU,ngon-ngu-trung-quoc,D66,Điểm học bạ,2022,20.0,Ngôn ngữ Trung Quốc
133215,SDU,ngon-ngu-trung-quoc,D71,Điểm học bạ,2022,20.0,Ngôn ngữ Trung Quốc
133216,SDU,ngon-ngu-trung-quoc,D01,Điểm thi THPT,2022,17.0,Ngôn ngữ Trung Quốc
133217,SDU,ngon-ngu-trung-quoc,D05,Điểm thi THPT,2022,17.0,Ngôn ngữ Trung Quốc
133218,SDU,ngon-ngu-trung-quoc,D66,Điểm thi THPT,2022,17.0,Ngôn ngữ Trung Quốc
133219,SDU,ngon-ngu-trung-quoc,D71,Điểm thi THPT,2022,17.0,Ngôn ngữ Trung Quốc
133220,SDU,ngon-ngu-trung-quoc,D01,Điểm học bạ,2023,20.0,Ngôn ngữ Trung Quốc
133221,SDU,ngon-ngu-trung-quoc,D15,Điểm học bạ,2023,20.0,Ngôn ngữ Trung Quốc
133222,SDU,ngon-ngu-trung-quoc,D66,Điểm học bạ,2023,20.0,Ngôn ngữ Trung Quốc
133223,SDU,ngon-ngu-trung-quoc,D71,Điểm học bạ,2023,20.0,Ngôn ngữ Trung Quốc
133224,SDU,ngon-ngu-trung-quoc,D01,Điểm thi THPT,2023,18.0,Ngôn ngữ Trung Quốc
133225,SDU,ngon-ngu-trung-quoc,D15,Điểm thi THPT,2023,18.0,Ngôn ngữ Trung Quốc
133226,SDU,ngon-ngu-trung-quoc,D66,Điểm thi THPT,2023,18.0,Ngôn ngữ Trung Quốc
133227,SDU,ngon-ngu-trung-quoc,D71,Điểm thi THPT,2023,18.0,Ngôn ngữ Trung Quốc
133228,SDU,ngon-ngu-trung-quoc,D01,Điểm học bạ,2024,18.0,Ngôn ngữ Trung Quốc
133229,SDU,ngon-ngu-trung-quoc,D15,Điểm học bạ,2024,18.0,Ngôn ngữ Trung Quốc
133230,SDU,ngon-ngu-trung-quoc,D66,Điểm học bạ,2024,18.0,Ngôn ngữ Trung Quốc
133231,SDU,ngon-ngu-trung-quoc,D71,Điểm học bạ,2024,18.0,Ngôn ngữ Trung Quốc
133232,SDU,ngon-ngu-trung-quoc,D01,Điểm thi THPT,2024,18.0,Ngôn ngữ Trung Quốc
133233,SDU,ngon-ngu-trung-quoc,D15,Điểm thi THPT,2024,18.0,Ngôn ngữ Trung Quốc
133234,SDU,ngon-ngu-trung-quoc,D66,Điểm thi THPT,2024,18.0,Ngôn ngữ Trung Quốc
133235,SDU,ngon-ngu-trung-quoc,D71,Điểm thi THPT,2024,18.0,Ngôn ngữ Trung Quốc
133236,SDU,ngon-ngu-trung-quoc,C03,Điểm học bạ,2025,18.0,Ngôn ngữ Trung Quốc
133237,SDU,ngon-ngu-trung-quoc,C04,Điểm học bạ,2025,18.0,Ngôn ngữ Trung Quốc
133238,SDU,ngon-ngu-trung-quoc,D01,Điểm học bạ,2025,18.0,Ngôn ngữ Trung Quốc
133239,SDU,ngon-ngu-trung-quoc,D14,Điểm học bạ,2025,18.0,Ngôn ngữ Trung Quốc
133240,SDU,ngon-ngu-trung-quoc,D66,Điểm học bạ,2025,18.0,Ngôn ngữ Trung Quốc
133241,SDU,ngon-ngu-trung-quoc,D71,Điểm học bạ,2025,18.0,Ngôn ngữ Trung Quốc
133242,SDU,ngon-ngu-trung-quoc,C03,Điểm thi THPT,2025,15.0,Ngôn ngữ Trung Quốc
133243,SDU,ngon-ngu-trung-quoc,C04,Điểm thi THPT,2025,15.0,Ngôn ngữ Trung Quốc
133244,SDU,ngon-ngu-trung-quoc,D01,Điểm thi THPT,2025,15.0,Ngôn ngữ Trung Quốc
133245,SDU,ngon-ngu-trung-quoc,D14,Điểm thi THPT,2025,15.0,Ngôn ngữ Trung Quốc
133246,SDU,ngon-ngu-trung-quoc,D66,Điểm thi THPT,2025,15.0,Ngôn ngữ Trung Quốc
133247,SDU,ngon-ngu-trung-quoc,D71,Điểm thi THPT,2025,15.0,Ngôn ngữ Trung Quốc
133248,SDU,quan-tri-dich-vu-du-lich-va-lu-hanh,C00,Điểm học bạ,2021,20.0,Quản trị dịch vụ du lịch và lữ hành
133249,SDU,quan-tri-dich-vu-du-lich-va-lu-hanh,C20,Điểm học bạ,2021,20.0,Quản trị dịch vụ du lịch và lữ hành
133250,SDU,quan-tri-dich-vu-du-lich-va-lu-hanh,D01,Điểm học bạ,2021,20.0,Quản trị dịch vụ du lịch và lữ hành
133251,SDU,quan-tri-dich-vu-du-lich-va-lu-hanh,D15,Điểm học bạ,2021,20.0,Quản trị dịch vụ du lịch và lữ hành
133252,SDU,quan-tri-dich-vu-du-lich-va-lu-hanh,C00,Điểm thi THPT,2021,16.0,Quản trị dịch vụ du lịch và lữ hành
133253,SDU,quan-tri-dich-vu-du-lich-va-lu-hanh,C20,Điểm thi THPT,2021,16.0,Quản trị dịch vụ du lịch và lữ hành
133254,SDU,quan-tri-dich-vu-du-lich-va-lu-hanh,D01,Điểm thi THPT,2021,16.0,Quản trị dịch vụ du lịch và lữ hành
133255,SDU,quan-tri-dich-vu-du-lich-va-lu-hanh,D15,Điểm thi THPT,2021,16.0,Quản trị dịch vụ du lịch và lữ hành
133256,SDU,quan-tri-dich-vu-du-lich-va-lu-hanh,C00,Điểm học bạ,2022,18.0,Quản trị dịch vụ du lịch và lữ hành
133257,SDU,quan-tri-dich-vu-du-lich-va-lu-hanh,C20,Điểm học bạ,2022,18.0,Quản trị dịch vụ du lịch và lữ hành
133258,SDU,quan-tri-dich-vu-du-lich-va-lu-hanh,D01,Điểm học bạ,2022,18.0,Quản trị dịch vụ du lịch và lữ hành
133259,SDU,quan-tri-dich-vu-du-lich-va-lu-hanh,D15,Điểm học bạ,2022,18.0,Quản trị dịch vụ du lịch và lữ hành
133260,SDU,quan-tri-dich-vu-du-lich-va-lu-hanh,C00,Điểm thi THPT,2022,16.0,Quản trị dịch vụ du lịch và lữ hành
133261,SDU,quan-tri-dich-vu-du-lich-va-lu-hanh,C20,Điểm thi THPT,2022,16.0,Quản trị dịch vụ du lịch và lữ hành
133262,SDU,quan-tri-dich-vu-du-lich-va-lu-hanh,D01,Điểm thi THPT,2022,16.0,Quản trị dịch vụ du lịch và lữ hành
133263,SDU,quan-tri-dich-vu-du-lich-va-lu-hanh,D15,Điểm thi THPT,2022,16.0,Quản trị dịch vụ du lịch và lữ hành
133264,SDU,quan-tri-dich-vu-du-lich-va-lu-hanh,C00,Điểm học bạ,2023,20.0,Quản trị dịch vụ du lịch và lữ hành
133265,SDU,quan-tri-dich-vu-du-lich-va-lu-hanh,C20,Điểm học bạ,2023,20.0,Quản trị dịch vụ du lịch và lữ hành
133266,SDU,quan-tri-dich-vu-du-lich-va-lu-hanh,D01,Điểm học bạ,2023,20.0,Quản trị dịch vụ du lịch và lữ hành
133267,SDU,quan-tri-dich-vu-du-lich-va-lu-hanh,D15,Điểm học bạ,2023,20.0,Quản trị dịch vụ du lịch và lữ hành
133268,SDU,quan-tri-dich-vu-du-lich-va-lu-hanh,C00,Điểm thi THPT,2023,16.0,Quản trị dịch vụ du lịch và lữ hành
133269,SDU,quan-tri-dich-vu-du-lich-va-lu-hanh,C20,Điểm thi THPT,2023,16.0,Quản trị dịch vụ du lịch và lữ hành
133270,SDU,quan-tri-dich-vu-du-lich-va-lu-hanh,D01,Điểm thi THPT,2023,16.0,Quản trị dịch vụ du lịch và lữ hành
133271,SDU,quan-tri-dich-vu-du-lich-va-lu-hanh,D15,Điểm thi THPT,2023,16.0,Quản trị dịch vụ du lịch và lữ hành
133272,SDU,quan-tri-dich-vu-du-lich-va-lu-hanh,C00,Điểm học bạ,2024,18.0,Quản trị dịch vụ du lịch và lữ hành
133273,SDU,quan-tri-dich-vu-du-lich-va-lu-hanh,C20,Điểm học bạ,2024,18.0,Quản trị dịch vụ du lịch và lữ hành
133274,SDU,quan-tri-dich-vu-du-lich-va-lu-hanh,D01,Điểm học bạ,2024,18.0,Quản trị dịch vụ du lịch và lữ hành
133275,SDU,quan-tri-dich-vu-du-lich-va-lu-hanh,D15,Điểm học bạ,2024,18.0,Quản trị dịch vụ du lịch và lữ hành
133276,SDU,quan-tri-dich-vu-du-lich-va-lu-hanh,C00,Điểm thi THPT,2024,16.0,Quản trị dịch vụ du lịch và lữ hành
133277,SDU,quan-tri-dich-vu-du-lich-va-lu-hanh,C20,Điểm thi THPT,2024,16.0,Quản trị dịch vụ du lịch và lữ hành
133278,SDU,quan-tri-dich-vu-du-lich-va-lu-hanh,D01,Điểm thi THPT,2024,16.0,Quản trị dịch vụ du lịch và lữ hành
133279,SDU,quan-tri-dich-vu-du-lich-va-lu-hanh,D15,Điểm thi THPT,2024,16.0,Quản trị dịch vụ du lịch và lữ hành
133280,SDU,quan-tri-dich-vu-du-lich-va-lu-hanh,C00,Điểm học bạ,2025,18.0,Quản trị dịch vụ du lịch và lữ hành
133281,SDU,quan-tri-dich-vu-du-lich-va-lu-hanh,C04,Điểm học bạ,2025,18.0,Quản trị dịch vụ du lịch và lữ hành
133282,SDU,quan-tri-dich-vu-du-lich-va-lu-hanh,C14,Điểm học bạ,2025,18.0,Quản trị dịch vụ du lịch và lữ hành
133283,SDU,quan-tri-dich-vu-du-lich-va-lu-hanh,C20,Điểm học bạ,2025,18.0,Quản trị dịch vụ du lịch và lữ hành
133284,SDU,quan-tri-dich-vu-du-lich-va-lu-hanh,D01,Điểm học bạ,2025,18.0,Quản trị dịch vụ du lịch và lữ hành
133285,SDU,quan-tri-dich-vu-du-lich-va-lu-hanh,D15,Điểm học bạ,2025,18.0,Quản trị dịch vụ du lịch và lữ hành
133286,SDU,quan-tri-dich-vu-du-lich-va-lu-hanh,X01,Điểm học bạ,2025,18.0,Quản trị dịch vụ du lịch và lữ hành
133287,SDU,quan-tri-dich-vu-du-lich-va-lu-hanh,X74,Điểm học bạ,2025,18.0,Quản trị dịch vụ du lịch và lữ hành
133288,SDU,quan-tri-dich-vu-du-lich-va-lu-hanh,C00,Điểm thi THPT,2025,15.0,Quản trị dịch vụ du lịch và lữ hành
133289,SDU,quan-tri-dich-vu-du-lich-va-lu-hanh,C04,Điểm thi THPT,2025,15.0,Quản trị dịch vụ du lịch và lữ hành
133290,SDU,quan-tri-dich-vu-du-lich-va-lu-hanh,C14,Điểm thi THPT,2025,15.0,Quản trị dịch vụ du lịch và lữ hành
133291,SDU,quan-tri-dich-vu-du-lich-va-lu-hanh,C20,Điểm thi THPT,2025,15.0,Quản trị dịch vụ du lịch và lữ hành
133292,SDU,quan-tri-dich-vu-du-lich-va-lu-hanh,D01,Điểm thi THPT,2025,15.0,Quản trị dịch vụ du lịch và lữ hành
133293,SDU,quan-tri-dich-vu-du-lich-va-lu-hanh,D15,Điểm thi THPT,2025,15.0,Quản trị dịch vụ du lịch và lữ hành
133294,SDU,quan-tri-dich-vu-du-lich-va-lu-hanh,X01,Điểm thi THPT,2025,15.0,Quản trị dịch vụ du lịch và lữ hành
133295,SDU,quan-tri-dich-vu-du-lich-va-lu-hanh,X74,Điểm thi THPT,2025,15.0,Quản trị dịch vụ du lịch và lữ hành
133296,SDU,quan-tri-kinh-doanh,A00,Điểm học bạ,2021,18.0,Quản trị kinh doanh
133297,SDU,quan-tri-kinh-doanh,A09,Điểm học bạ,2021,18.0,Quản trị kinh doanh
133298,SDU,quan-tri-kinh-doanh,C04,Điểm học bạ,2021,18.0,Quản trị kinh doanh
133299,SDU,quan-tri-kinh-doanh,D01,Điểm học bạ,2021,18.0,Quản trị kinh doanh
133300,SDU,quan-tri-kinh-doanh,A00,Điểm thi THPT,2021,16.0,Quản trị kinh doanh
133301,SDU,quan-tri-kinh-doanh,A09,Điểm thi THPT,2021,16.0,Quản trị kinh doanh
133302,SDU,quan-tri-kinh-doanh,C04,Điểm thi THPT,2021,16.0,Quản trị kinh doanh
133303,SDU,quan-tri-kinh-doanh,D01,Điểm thi THPT,2021,16.0,Quản trị kinh doanh
133304,SDU,quan-tri-kinh-doanh,A00,Điểm học bạ,2022,18.0,Quản trị kinh doanh
133305,SDU,quan-tri-kinh-doanh,A09,Điểm học bạ,2022,18.0,Quản trị kinh doanh
133306,SDU,quan-tri-kinh-doanh,C04,Điểm học bạ,2022,18.0,Quản trị kinh doanh
133307,SDU,quan-tri-kinh-doanh,D01,Điểm học bạ,2022,18.0,Quản trị kinh doanh
133308,SDU,quan-tri-kinh-doanh,A00,Điểm thi THPT,2022,16.0,Quản trị kinh doanh
133309,SDU,quan-tri-kinh-doanh,A09,Điểm thi THPT,2022,16.0,Quản trị kinh doanh
133310,SDU,quan-tri-kinh-doanh,C04,Điểm thi THPT,2022,16.0,Quản trị kinh doanh
133311,SDU,quan-tri-kinh-doanh,D01,Điểm thi THPT,2022,16.0,Quản trị kinh doanh
133312,SDU,quan-tri-kinh-doanh,A00,Điểm học bạ,2023,20.0,Quản trị kinh doanh
133313,SDU,quan-tri-kinh-doanh,A09,Điểm học bạ,2023,20.0,Quản trị kinh doanh
133314,SDU,quan-tri-kinh-doanh,C04,Điểm học bạ,2023,20.0,Quản trị kinh doanh
133315,SDU,quan-tri-kinh-doanh,D01,Điểm học bạ,2023,20.0,Quản trị kinh doanh
133316,SDU,quan-tri-kinh-doanh,A00,Điểm thi THPT,2023,16.0,Quản trị kinh doanh
133317,SDU,quan-tri-kinh-doanh,A09,Điểm thi THPT,2023,16.0,Quản trị kinh doanh
133318,SDU,quan-tri-kinh-doanh,C04,Điểm thi THPT,2023,16.0,Quản trị kinh doanh
133319,SDU,quan-tri-kinh-doanh,D01,Điểm thi THPT,2023,16.0,Quản trị kinh doanh
133320,SDU,quan-tri-kinh-doanh,A00,Điểm học bạ,2024,18.0,Quản trị kinh doanh
133321,SDU,quan-tri-kinh-doanh,A09,Điểm học bạ,2024,18.0,Quản trị kinh doanh
133322,SDU,quan-tri-kinh-doanh,C04,Điểm học bạ,2024,18.0,Quản trị kinh doanh
133323,SDU,quan-tri-kinh-doanh,D01,Điểm học bạ,2024,18.0,Quản trị kinh doanh
133324,SDU,quan-tri-kinh-doanh,A00,Điểm thi THPT,2024,16.0,Quản trị kinh doanh
133325,SDU,quan-tri-kinh-doanh,A09,Điểm thi THPT,2024,16.0,Quản trị kinh doanh
133326,SDU,quan-tri-kinh-doanh,C04,Điểm thi THPT,2024,16.0,Quản trị kinh doanh
133327,SDU,quan-tri-kinh-doanh,D01,Điểm thi THPT,2024,16.0,Quản trị kinh doanh
133328,SDU,quan-tri-kinh-doanh,A00,Điểm học bạ,2025,18.0,Quản trị kinh doanh
133329,SDU,quan-tri-kinh-doanh,A09,Điểm học bạ,2025,18.0,Quản trị kinh doanh
133330,SDU,quan-tri-kinh-doanh,C01,Điểm học bạ,2025,18.0,Quản trị kinh doanh
133331,SDU,quan-tri-kinh-doanh,C04,Điểm học bạ,2025,18.0,Quản trị kinh doanh
133332,SDU,quan-tri-kinh-doanh,C14,Điểm học bạ,2025,18.0,Quản trị kinh doanh
133333,SDU,quan-tri-kinh-doanh,D01,Điểm học bạ,2025,18.0,Quản trị kinh doanh
133334,SDU,quan-tri-kinh-doanh,X01,Điểm học bạ,2025,18.0,Quản trị kinh doanh
133335,SDU,quan-tri-kinh-doanh,X21,Điểm học bạ,2025,18.0,Quản trị kinh doanh
133336,SDU,quan-tri-kinh-doanh,A00,Điểm thi THPT,2025,15.0,Quản trị kinh doanh
133337,SDU,quan-tri-kinh-doanh,A09,Điểm thi THPT,2025,15.0,Quản trị kinh doanh
133338,SDU,quan-tri-kinh-doanh,C01,Điểm thi THPT,2025,15.0,Quản trị kinh doanh
133339,SDU,quan-tri-kinh-doanh,C04,Điểm thi THPT,2025,15.0,Quản trị kinh doanh
133340,SDU,quan-tri-kinh-doanh,C14,Điểm thi THPT,2025,15.0,Quản trị kinh doanh
133341,SDU,quan-tri-kinh-doanh,D01,Điểm thi THPT,2025,15.0,Quản trị kinh doanh
133342,SDU,quan-tri-kinh-doanh,X01,Điểm thi THPT,2025,15.0,Quản trị kinh doanh
133343,SDU,quan-tri-kinh-doanh,X21,Điểm thi THPT,2025,15.0,Quản trị kinh doanh
133344,SDU,su-pham-cong-nghe,A00,Điểm học bạ,2024,24.0,Sư phạm công nghệ
133345,SDU,su-pham-cong-nghe,A16,Điểm học bạ,2024,24.0,Sư phạm công nghệ
133346,SDU,su-pham-cong-nghe,C01,Điểm học bạ,2024,24.0,Sư phạm công nghệ
133347,SDU,su-pham-cong-nghe,D01,Điểm học bạ,2024,24.0,Sư phạm công nghệ
133348,SDU,su-pham-cong-nghe,A00,Điểm thi THPT,2024,19.0,Sư phạm công nghệ
133349,SDU,su-pham-cong-nghe,A16,Điểm thi THPT,2024,19.0,Sư phạm công nghệ
133350,SDU,su-pham-cong-nghe,C01,Điểm thi THPT,2024,19.0,Sư phạm công nghệ
133351,SDU,su-pham-cong-nghe,D01,Điểm thi THPT,2024,19.0,Sư phạm công nghệ
133352,SDU,su-pham-cong-nghe,A00,Điểm học bạ,2025,25.46,Sư phạm công nghệ
133353,SDU,su-pham-cong-nghe,A16,Điểm học bạ,2025,25.46,Sư phạm công nghệ
133354,SDU,su-pham-cong-nghe,C01,Điểm học bạ,2025,25.46,Sư phạm công nghệ
133355,SDU,su-pham-cong-nghe,D01,Điểm học bạ,2025,25.46,Sư phạm công nghệ
133356,SDU,su-pham-cong-nghe,A00,Điểm thi THPT,2025,21.68,Sư phạm công nghệ
133357,SDU,su-pham-cong-nghe,A16,Điểm thi THPT,2025,21.68,Sư phạm công nghệ
133358,SDU,su-pham-cong-nghe,C01,Điểm thi THPT,2025,21.68,Sư phạm công nghệ
133359,SDU,su-pham-cong-nghe,D01,Điểm thi THPT,2025,21.68,Sư phạm công nghệ
133360,SDU,su-pham-tieng-trung-quoc,D01,Điểm học bạ,2024,24.0,Sư phạm Tiếng Trung Quốc
133361,SDU,su-pham-tieng-trung-quoc,D15,Điểm học bạ,2024,24.0,Sư phạm Tiếng Trung Quốc
133362,SDU,su-pham-tieng-trung-quoc,D78,Điểm học bạ,2024,24.0,Sư phạm Tiếng Trung Quốc
133363,SDU,su-pham-tieng-trung-quoc,D83,Điểm học bạ,2024,24.0,Sư phạm Tiếng Trung Quốc
133364,SDU,su-pham-tieng-trung-quoc,D01,Điểm thi THPT,2024,21.74,Sư phạm Tiếng Trung Quốc
133365,SDU,su-pham-tieng-trung-quoc,D15,Điểm thi THPT,2024,21.74,Sư phạm Tiếng Trung Quốc
133366,SDU,su-pham-tieng-trung-quoc,D78,Điểm thi THPT,2024,21.74,Sư phạm Tiếng Trung Quốc
133367,SDU,su-pham-tieng-trung-quoc,D83,Điểm thi THPT,2024,21.74,Sư phạm Tiếng Trung Quốc
133368,SDU,su-pham-tieng-trung-quoc,D01,Điểm học bạ,2025,27.87,Sư phạm Tiếng Trung Quốc
133369,SDU,su-pham-tieng-trung-quoc,D15,Điểm học bạ,2025,27.87,Sư phạm Tiếng Trung Quốc
133370,SDU,su-pham-tieng-trung-quoc,D78,Điểm học bạ,2025,27.87,Sư phạm Tiếng Trung Quốc
133371,SDU,su-pham-tieng-trung-quoc,D83,Điểm học bạ,2025,27.87,Sư phạm Tiếng Trung Quốc
133372,SDU,su-pham-tieng-trung-quoc,D01,Điểm thi THPT,2025,26.1,Sư phạm Tiếng Trung Quốc
133373,SDU,su-pham-tieng-trung-quoc,D15,Điểm thi THPT,2025,26.1,Sư phạm Tiếng Trung Quốc
133374,SDU,su-pham-tieng-trung-quoc,D78,Điểm thi THPT,2025,26.1,Sư phạm Tiếng Trung Quốc
133375,SDU,su-pham-tieng-trung-quoc,D83,Điểm thi THPT,2025,26.1,Sư phạm Tiếng Trung Quốc
133376,SDU,viet-nam-hoc,C00,Điểm học bạ,2021,20.0,Việt Nam học (Hướng dẫn Du lịch)
133377,SDU,viet-nam-hoc,C20,Điểm học bạ,2021,20.0,Việt Nam học (Hướng dẫn Du lịch)
133378,SDU,viet-nam-hoc,D01,Điểm học bạ,2021,20.0,Việt Nam học (Hướng dẫn Du lịch)
133379,SDU,viet-nam-hoc,D15,Điểm học bạ,2021,20.0,Việt Nam học (Hướng dẫn Du lịch)
133380,SDU,viet-nam-hoc,C00,Điểm thi THPT,2021,16.0,Việt Nam học (Hướng dẫn Du lịch)
133381,SDU,viet-nam-hoc,C20,Điểm thi THPT,2021,16.0,Việt Nam học (Hướng dẫn Du lịch)
133382,SDU,viet-nam-hoc,D01,Điểm thi THPT,2021,16.0,Việt Nam học (Hướng dẫn Du lịch)
133383,SDU,viet-nam-hoc,D15,Điểm thi THPT,2021,16.0,Việt Nam học (Hướng dẫn Du lịch)
133384,SDU,viet-nam-hoc,C00,Điểm học bạ,2022,18.0,Việt Nam học (Hướng dẫn du lịch)
133385,SDU,viet-nam-hoc,C20,Điểm học bạ,2022,18.0,Việt Nam học (Hướng dẫn du lịch)
133386,SDU,viet-nam-hoc,D01,Điểm học bạ,2022,18.0,Việt Nam học (Hướng dẫn du lịch)
133387,SDU,viet-nam-hoc,D15,Điểm học bạ,2022,18.0,Việt Nam học (Hướng dẫn du lịch)
133388,SDU,viet-nam-hoc,C00,Điểm thi THPT,2022,16.0,Việt Nam học (Hướng dẫn du lịch)
133389,SDU,viet-nam-hoc,C20,Điểm thi THPT,2022,16.0,Việt Nam học (Hướng dẫn du lịch)
133390,SDU,viet-nam-hoc,D01,Điểm thi THPT,2022,16.0,Việt Nam học (Hướng dẫn du lịch)
133391,SDU,viet-nam-hoc,D15,Điểm thi THPT,2022,16.0,Việt Nam học (Hướng dẫn du lịch)
133392,SGD,cong-nghe-ki-thuat-dien-dien-tu,A00,Điểm thi THPT,2021,23.5,"Công nghệ kĩ thuật điện, điện tử"
133393,SGD,cong-nghe-ki-thuat-dien-dien-tu,A01,Điểm thi THPT,2021,22.5,"Công nghệ kĩ thuật điện, điện tử"
133394,SGD,cong-nghe-ki-thuat-dien-dien-tu,A00,Điểm thi THPT,2023,23.0,"Công nghệ kĩ thuật điện, điện tử"
133395,SGD,cong-nghe-ki-thuat-dien-dien-tu,A01,Điểm thi THPT,2023,22.0,"Công nghệ kĩ thuật điện, điện tử"
133396,SGD,cong-nghe-ki-thuat-dien-dien-tu,A00,Điểm thi THPT,2024,24.0,"Công nghệ kĩ thuật điện, điện tử"
133397,SGD,cong-nghe-ki-thuat-dien-dien-tu,A01,Điểm thi THPT,2024,23.0,"Công nghệ kĩ thuật điện, điện tử"
133398,SGD,cong-nghe-ki-thuat-dien-tu-vien-thong,A00,Điểm thi THPT,2021,23.0,Công nghệ kĩ thuật điện tử viễn thông
133399,SGD,cong-nghe-ki-thuat-dien-tu-vien-thong,A01,Điểm thi THPT,2021,22.0,Công nghệ kĩ thuật điện tử viễn thông
133400,SGD,cong-nghe-ki-thuat-dien-tu-vien-thong,A00,Điểm thi THPT,2023,22.8,Công nghệ kĩ thuật điện tử -viễn thông
133401,SGD,cong-nghe-ki-thuat-dien-tu-vien-thong,A01,Điểm thi THPT,2023,21.8,Công nghệ kĩ thuật điện tử -viễn thông
133402,SGD,cong-nghe-ki-thuat-dien-tu-vien-thong,A00,Điểm thi THPT,2024,23.75,Công nghệ kĩ thuật điện tử - viễn thông
133403,SGD,cong-nghe-ki-thuat-dien-tu-vien-thong,A01,Điểm thi THPT,2024,22.75,Công nghệ kĩ thuật điện tử - viễn thông
133404,SGD,cong-nghe-ki-thuat-moi-truong,A00,Điểm thi THPT,2021,16.05,Công nghệ kĩ thuật môi trường
133405,SGD,cong-nghe-ki-thuat-moi-truong,B00,Điểm thi THPT,2021,17.05,Công nghệ kĩ thuật môi trường
133406,SGD,cong-nghe-ki-thuat-moi-truong,A00,Điểm thi THPT,2023,18.26,Công nghệ kĩ thuật môi trường
133407,SGD,cong-nghe-ki-thuat-moi-truong,B00,Điểm thi THPT,2023,19.26,Công nghệ kĩ thuật môi trường
133408,SGD,cong-nghe-ki-thuat-moi-truong,A00,Điểm thi THPT,2024,21.37,Công nghệ kĩ thuật môi trường
133409,SGD,cong-nghe-ki-thuat-moi-truong,B00,Điểm thi THPT,2024,22.37,Công nghệ kĩ thuật môi trường
133410,SGD,cong-nghe-ky-thuat-dien-dien-tu,A00,Điểm thi THPT,2022,23.25,"Công nghệ kỹ thuật điện, điện tử"
133411,SGD,cong-nghe-ky-thuat-dien-dien-tu,A01,Điểm thi THPT,2022,22.25,"Công nghệ kỹ thuật điện, điện tử"
133412,SGD,cong-nghe-ky-thuat-dien-dien-tu,A00,Điểm thi THPT,2025,22.23,"Công nghệ kỹ thuật điện, điện tử"
133413,SGD,cong-nghe-ky-thuat-dien-dien-tu,A01,Điểm thi THPT,2025,21.54,"Công nghệ kỹ thuật điện, điện tử"
133414,SGD,cong-nghe-ky-thuat-dien-dien-tu,A02,Điểm thi THPT,2025,21.54,"Công nghệ kỹ thuật điện, điện tử"
133415,SGD,cong-nghe-ky-thuat-dien-dien-tu,A03,Điểm thi THPT,2025,21.54,"Công nghệ kỹ thuật điện, điện tử"
133416,SGD,cong-nghe-ky-thuat-dien-dien-tu,A04,Điểm thi THPT,2025,21.54,"Công nghệ kỹ thuật điện, điện tử"
133417,SGD,cong-nghe-ky-thuat-dien-dien-tu,A05,Điểm thi THPT,2025,21.54,"Công nghệ kỹ thuật điện, điện tử"
133418,SGD,cong-nghe-ky-thuat-dien-dien-tu,A06,Điểm thi THPT,2025,21.54,"Công nghệ kỹ thuật điện, điện tử"
133419,SGD,cong-nghe-ky-thuat-dien-dien-tu,A07,Điểm thi THPT,2025,21.54,"Công nghệ kỹ thuật điện, điện tử"
133420,SGD,cong-nghe-ky-thuat-dien-dien-tu,B00,Điểm thi THPT,2025,21.02,"Công nghệ kỹ thuật điện, điện tử"
133421,SGD,cong-nghe-ky-thuat-dien-dien-tu,B01,Điểm thi THPT,2025,21.54,"Công nghệ kỹ thuật điện, điện tử"
133422,SGD,cong-nghe-ky-thuat-dien-dien-tu,B02,Điểm thi THPT,2025,21.54,"Công nghệ kỹ thuật điện, điện tử"
133423,SGD,cong-nghe-ky-thuat-dien-dien-tu,B03,Điểm thi THPT,2025,21.54,"Công nghệ kỹ thuật điện, điện tử"
133424,SGD,cong-nghe-ky-thuat-dien-dien-tu,B08,Điểm thi THPT,2025,21.54,"Công nghệ kỹ thuật điện, điện tử"
133425,SGD,cong-nghe-ky-thuat-dien-dien-tu,C01,Điểm thi THPT,2025,23.17,"Công nghệ kỹ thuật điện, điện tử"
133426,SGD,cong-nghe-ky-thuat-dien-dien-tu,C02,Điểm thi THPT,2025,21.54,"Công nghệ kỹ thuật điện, điện tử"
133427,SGD,cong-nghe-ky-thuat-dien-dien-tu,C03,Điểm thi THPT,2025,21.54,"Công nghệ kỹ thuật điện, điện tử"
133428,SGD,cong-nghe-ky-thuat-dien-dien-tu,C04,Điểm thi THPT,2025,21.54,"Công nghệ kỹ thuật điện, điện tử"
133429,SGD,cong-nghe-ky-thuat-dien-dien-tu,D01,Điểm thi THPT,2025,21.55,"Công nghệ kỹ thuật điện, điện tử"
133430,SGD,cong-nghe-ky-thuat-dien-dien-tu,D07,Điểm thi THPT,2025,20.61,"Công nghệ kỹ thuật điện, điện tử"
133431,SGD,cong-nghe-ky-thuat-dien-dien-tu,D09,Điểm thi THPT,2025,21.54,"Công nghệ kỹ thuật điện, điện tử"
133432,SGD,cong-nghe-ky-thuat-dien-dien-tu,D10,Điểm thi THPT,2025,21.54,"Công nghệ kỹ thuật điện, điện tử"
133433,SGD,cong-nghe-ky-thuat-dien-dien-tu,X01,Điểm thi THPT,2025,21.54,"Công nghệ kỹ thuật điện, điện tử"
133434,SGD,cong-nghe-ky-thuat-dien-dien-tu,X02,Điểm thi THPT,2025,21.54,"Công nghệ kỹ thuật điện, điện tử"
133435,SGD,cong-nghe-ky-thuat-dien-dien-tu,X03,Điểm thi THPT,2025,21.54,"Công nghệ kỹ thuật điện, điện tử"
133436,SGD,cong-nghe-ky-thuat-dien-dien-tu,X04,Điểm thi THPT,2025,21.54,"Công nghệ kỹ thuật điện, điện tử"
133437,SGD,cong-nghe-ky-thuat-dien-dien-tu,X05,Điểm thi THPT,2025,21.54,"Công nghệ kỹ thuật điện, điện tử"
133438,SGD,cong-nghe-ky-thuat-dien-dien-tu,X06,Điểm thi THPT,2025,21.54,"Công nghệ kỹ thuật điện, điện tử"
133439,SGD,cong-nghe-ky-thuat-dien-dien-tu,X07,Điểm thi THPT,2025,21.54,"Công nghệ kỹ thuật điện, điện tử"
133440,SGD,cong-nghe-ky-thuat-dien-dien-tu,X08,Điểm thi THPT,2025,21.54,"Công nghệ kỹ thuật điện, điện tử"
133441,SGD,cong-nghe-ky-thuat-dien-dien-tu,X09,Điểm thi THPT,2025,21.54,"Công nghệ kỹ thuật điện, điện tử"
133442,SGD,cong-nghe-ky-thuat-dien-dien-tu,X10,Điểm thi THPT,2025,21.54,"Công nghệ kỹ thuật điện, điện tử"
133443,SGD,cong-nghe-ky-thuat-dien-dien-tu,X11,Điểm thi THPT,2025,21.54,"Công nghệ kỹ thuật điện, điện tử"
133444,SGD,cong-nghe-ky-thuat-dien-dien-tu,X12,Điểm thi THPT,2025,21.54,"Công nghệ kỹ thuật điện, điện tử"
133445,SGD,cong-nghe-ky-thuat-dien-dien-tu,X13,Điểm thi THPT,2025,21.54,"Công nghệ kỹ thuật điện, điện tử"
133446,SGD,cong-nghe-ky-thuat-dien-dien-tu,X14,Điểm thi THPT,2025,21.54,"Công nghệ kỹ thuật điện, điện tử"
133447,SGD,cong-nghe-ky-thuat-dien-dien-tu,X15,Điểm thi THPT,2025,21.54,"Công nghệ kỹ thuật điện, điện tử"
133448,SGD,cong-nghe-ky-thuat-dien-dien-tu,X16,Điểm thi THPT,2025,21.54,"Công nghệ kỹ thuật điện, điện tử"
133449,SGD,cong-nghe-ky-thuat-dien-dien-tu,X17,Điểm thi THPT,2025,21.54,"Công nghệ kỹ thuật điện, điện tử"
133450,SGD,cong-nghe-ky-thuat-dien-dien-tu,X18,Điểm thi THPT,2025,21.54,"Công nghệ kỹ thuật điện, điện tử"
133451,SGD,cong-nghe-ky-thuat-dien-dien-tu,X19,Điểm thi THPT,2025,21.54,"Công nghệ kỹ thuật điện, điện tử"
133452,SGD,cong-nghe-ky-thuat-dien-dien-tu,X20,Điểm thi THPT,2025,21.54,"Công nghệ kỹ thuật điện, điện tử"
133453,SGD,cong-nghe-ky-thuat-dien-dien-tu,X21,Điểm thi THPT,2025,21.54,"Công nghệ kỹ thuật điện, điện tử"
133454,SGD,cong-nghe-ky-thuat-dien-dien-tu,X22,Điểm thi THPT,2025,21.54,"Công nghệ kỹ thuật điện, điện tử"
133455,SGD,cong-nghe-ky-thuat-dien-dien-tu,X23,Điểm thi THPT,2025,21.54,"Công nghệ kỹ thuật điện, điện tử"
133456,SGD,cong-nghe-ky-thuat-dien-dien-tu,X24,Điểm thi THPT,2025,21.54,"Công nghệ kỹ thuật điện, điện tử"
133457,SGD,cong-nghe-ky-thuat-dien-dien-tu,X25,Điểm thi THPT,2025,21.54,"Công nghệ kỹ thuật điện, điện tử"
133458,SGD,cong-nghe-ky-thuat-dien-dien-tu,X26,Điểm thi THPT,2025,21.54,"Công nghệ kỹ thuật điện, điện tử"
133459,SGD,cong-nghe-ky-thuat-dien-dien-tu,X27,Điểm thi THPT,2025,21.54,"Công nghệ kỹ thuật điện, điện tử"
133460,SGD,cong-nghe-ky-thuat-dien-dien-tu,X28,Điểm thi THPT,2025,21.54,"Công nghệ kỹ thuật điện, điện tử"
133461,SGD,cong-nghe-ky-thuat-dien-dien-tu,X53,Điểm thi THPT,2025,21.54,"Công nghệ kỹ thuật điện, điện tử"
133462,SGD,cong-nghe-ky-thuat-dien-dien-tu,X54,Điểm thi THPT,2025,21.54,"Công nghệ kỹ thuật điện, điện tử"
133463,SGD,cong-nghe-ky-thuat-dien-dien-tu,X55,Điểm thi THPT,2025,21.54,"Công nghệ kỹ thuật điện, điện tử"
133464,SGD,cong-nghe-ky-thuat-dien-dien-tu,X56,Điểm thi THPT,2025,21.54,"Công nghệ kỹ thuật điện, điện tử"
133465,SGD,cong-nghe-ky-thuat-dien-dien-tu,X57,Điểm thi THPT,2025,21.54,"Công nghệ kỹ thuật điện, điện tử"
133466,SGD,cong-nghe-ky-thuat-dien-tu-vien-thong,A00,Điểm thi THPT,2022,22.55,Công nghệ kỹ thuật điện tử - viễn thông
133467,SGD,cong-nghe-ky-thuat-dien-tu-vien-thong,A01,Điểm thi THPT,2022,21.55,Công nghệ kỹ thuật điện tử - viễn thông
133468,SGD,cong-nghe-ky-thuat-dien-tu-vien-thong,A00,Điểm thi THPT,2025,20.93,Công nghệ kỹ thuật điện tử – viễn thông
133469,SGD,cong-nghe-ky-thuat-dien-tu-vien-thong,A01,Điểm thi THPT,2025,20.24,Công nghệ kỹ thuật điện tử – viễn thông
133470,SGD,cong-nghe-ky-thuat-dien-tu-vien-thong,A02,Điểm thi THPT,2025,20.24,Công nghệ kỹ thuật điện tử – viễn thông
133471,SGD,cong-nghe-ky-thuat-dien-tu-vien-thong,A03,Điểm thi THPT,2025,20.24,Công nghệ kỹ thuật điện tử – viễn thông
133472,SGD,cong-nghe-ky-thuat-dien-tu-vien-thong,A04,Điểm thi THPT,2025,20.24,Công nghệ kỹ thuật điện tử – viễn thông
133473,SGD,cong-nghe-ky-thuat-dien-tu-vien-thong,A05,Điểm thi THPT,2025,20.24,Công nghệ kỹ thuật điện tử – viễn thông
133474,SGD,cong-nghe-ky-thuat-dien-tu-vien-thong,A06,Điểm thi THPT,2025,20.24,Công nghệ kỹ thuật điện tử – viễn thông
133475,SGD,cong-nghe-ky-thuat-dien-tu-vien-thong,A07,Điểm thi THPT,2025,20.24,Công nghệ kỹ thuật điện tử – viễn thông
133476,SGD,cong-nghe-ky-thuat-dien-tu-vien-thong,B00,Điểm thi THPT,2025,19.72,Công nghệ kỹ thuật điện tử – viễn thông
133477,SGD,cong-nghe-ky-thuat-dien-tu-vien-thong,B01,Điểm thi THPT,2025,20.24,Công nghệ kỹ thuật điện tử – viễn thông
133478,SGD,cong-nghe-ky-thuat-dien-tu-vien-thong,B02,Điểm thi THPT,2025,20.24,Công nghệ kỹ thuật điện tử – viễn thông
133479,SGD,cong-nghe-ky-thuat-dien-tu-vien-thong,B03,Điểm thi THPT,2025,20.24,Công nghệ kỹ thuật điện tử – viễn thông
133480,SGD,cong-nghe-ky-thuat-dien-tu-vien-thong,B08,Điểm thi THPT,2025,20.24,Công nghệ kỹ thuật điện tử – viễn thông
133481,SGD,cong-nghe-ky-thuat-dien-tu-vien-thong,C01,Điểm thi THPT,2025,21.87,Công nghệ kỹ thuật điện tử – viễn thông
133482,SGD,cong-nghe-ky-thuat-dien-tu-vien-thong,C02,Điểm thi THPT,2025,20.24,Công nghệ kỹ thuật điện tử – viễn thông
133483,SGD,cong-nghe-ky-thuat-dien-tu-vien-thong,C03,Điểm thi THPT,2025,20.24,Công nghệ kỹ thuật điện tử – viễn thông
133484,SGD,cong-nghe-ky-thuat-dien-tu-vien-thong,C04,Điểm thi THPT,2025,20.24,Công nghệ kỹ thuật điện tử – viễn thông
133485,SGD,cong-nghe-ky-thuat-dien-tu-vien-thong,D01,Điểm thi THPT,2025,20.25,Công nghệ kỹ thuật điện tử – viễn thông
133486,SGD,cong-nghe-ky-thuat-dien-tu-vien-thong,D07,Điểm thi THPT,2025,19.31,Công nghệ kỹ thuật điện tử – viễn thông
133487,SGD,cong-nghe-ky-thuat-dien-tu-vien-thong,D09,Điểm thi THPT,2025,20.24,Công nghệ kỹ thuật điện tử – viễn thông
133488,SGD,cong-nghe-ky-thuat-dien-tu-vien-thong,D10,Điểm thi THPT,2025,20.24,Công nghệ kỹ thuật điện tử – viễn thông
133489,SGD,cong-nghe-ky-thuat-dien-tu-vien-thong,X01,Điểm thi THPT,2025,20.24,Công nghệ kỹ thuật điện tử – viễn thông
133490,SGD,cong-nghe-ky-thuat-dien-tu-vien-thong,X02,Điểm thi THPT,2025,20.24,Công nghệ kỹ thuật điện tử – viễn thông
133491,SGD,cong-nghe-ky-thuat-dien-tu-vien-thong,X03,Điểm thi THPT,2025,20.24,Công nghệ kỹ thuật điện tử – viễn thông
133492,SGD,cong-nghe-ky-thuat-dien-tu-vien-thong,X04,Điểm thi THPT,2025,20.24,Công nghệ kỹ thuật điện tử – viễn thông
133493,SGD,cong-nghe-ky-thuat-dien-tu-vien-thong,X05,Điểm thi THPT,2025,20.24,Công nghệ kỹ thuật điện tử – viễn thông
133494,SGD,cong-nghe-ky-thuat-dien-tu-vien-thong,X06,Điểm thi THPT,2025,20.24,Công nghệ kỹ thuật điện tử – viễn thông
133495,SGD,cong-nghe-ky-thuat-dien-tu-vien-thong,X07,Điểm thi THPT,2025,20.24,Công nghệ kỹ thuật điện tử – viễn thông
133496,SGD,cong-nghe-ky-thuat-dien-tu-vien-thong,X08,Điểm thi THPT,2025,20.24,Công nghệ kỹ thuật điện tử – viễn thông
133497,SGD,cong-nghe-ky-thuat-dien-tu-vien-thong,X09,Điểm thi THPT,2025,20.24,Công nghệ kỹ thuật điện tử – viễn thông
133498,SGD,cong-nghe-ky-thuat-dien-tu-vien-thong,X10,Điểm thi THPT,2025,20.24,Công nghệ kỹ thuật điện tử – viễn thông
133499,SGD,cong-nghe-ky-thuat-dien-tu-vien-thong,X11,Điểm thi THPT,2025,20.24,Công nghệ kỹ thuật điện tử – viễn thông
133500,SGD,cong-nghe-ky-thuat-dien-tu-vien-thong,X12,Điểm thi THPT,2025,20.24,Công nghệ kỹ thuật điện tử – viễn thông
133501,SGD,cong-nghe-ky-thuat-dien-tu-vien-thong,X13,Điểm thi THPT,2025,20.24,Công nghệ kỹ thuật điện tử – viễn thông
133502,SGD,cong-nghe-ky-thuat-dien-tu-vien-thong,X14,Điểm thi THPT,2025,20.24,Công nghệ kỹ thuật điện tử – viễn thông
133503,SGD,cong-nghe-ky-thuat-dien-tu-vien-thong,X15,Điểm thi THPT,2025,20.24,Công nghệ kỹ thuật điện tử – viễn thông
133504,SGD,cong-nghe-ky-thuat-dien-tu-vien-thong,X16,Điểm thi THPT,2025,20.24,Công nghệ kỹ thuật điện tử – viễn thông
133505,SGD,cong-nghe-ky-thuat-dien-tu-vien-thong,X17,Điểm thi THPT,2025,20.24,Công nghệ kỹ thuật điện tử – viễn thông
133506,SGD,cong-nghe-ky-thuat-dien-tu-vien-thong,X18,Điểm thi THPT,2025,20.24,Công nghệ kỹ thuật điện tử – viễn thông
133507,SGD,cong-nghe-ky-thuat-dien-tu-vien-thong,X19,Điểm thi THPT,2025,20.24,Công nghệ kỹ thuật điện tử – viễn thông
133508,SGD,cong-nghe-ky-thuat-dien-tu-vien-thong,X20,Điểm thi THPT,2025,20.24,Công nghệ kỹ thuật điện tử – viễn thông
133509,SGD,cong-nghe-ky-thuat-dien-tu-vien-thong,X21,Điểm thi THPT,2025,20.24,Công nghệ kỹ thuật điện tử – viễn thông
133510,SGD,cong-nghe-ky-thuat-dien-tu-vien-thong,X22,Điểm thi THPT,2025,20.24,Công nghệ kỹ thuật điện tử – viễn thông
133511,SGD,cong-nghe-ky-thuat-dien-tu-vien-thong,X23,Điểm thi THPT,2025,20.24,Công nghệ kỹ thuật điện tử – viễn thông
133512,SGD,cong-nghe-ky-thuat-dien-tu-vien-thong,X24,Điểm thi THPT,2025,20.24,Công nghệ kỹ thuật điện tử – viễn thông
133513,SGD,cong-nghe-ky-thuat-dien-tu-vien-thong,X25,Điểm thi THPT,2025,20.24,Công nghệ kỹ thuật điện tử – viễn thông
133514,SGD,cong-nghe-ky-thuat-dien-tu-vien-thong,X26,Điểm thi THPT,2025,20.24,Công nghệ kỹ thuật điện tử – viễn thông
133515,SGD,cong-nghe-ky-thuat-dien-tu-vien-thong,X27,Điểm thi THPT,2025,20.24,Công nghệ kỹ thuật điện tử – viễn thông
133516,SGD,cong-nghe-ky-thuat-dien-tu-vien-thong,X28,Điểm thi THPT,2025,20.24,Công nghệ kỹ thuật điện tử – viễn thông
133517,SGD,cong-nghe-ky-thuat-dien-tu-vien-thong,X53,Điểm thi THPT,2025,20.24,Công nghệ kỹ thuật điện tử – viễn thông
133518,SGD,cong-nghe-ky-thuat-dien-tu-vien-thong,X54,Điểm thi THPT,2025,20.24,Công nghệ kỹ thuật điện tử – viễn thông
133519,SGD,cong-nghe-ky-thuat-dien-tu-vien-thong,X55,Điểm thi THPT,2025,20.24,Công nghệ kỹ thuật điện tử – viễn thông
133520,SGD,cong-nghe-ky-thuat-dien-tu-vien-thong,X56,Điểm thi THPT,2025,20.24,Công nghệ kỹ thuật điện tử – viễn thông
133521,SGD,cong-nghe-ky-thuat-dien-tu-vien-thong,X57,Điểm thi THPT,2025,20.24,Công nghệ kỹ thuật điện tử – viễn thông
133522,SGD,cong-nghe-ky-thuat-moi-truong,A00,Điểm thi THPT,2022,15.5,Công nghệ kỹ thuật môi trường
133523,SGD,cong-nghe-ky-thuat-moi-truong,B00,Điểm thi THPT,2022,16.5,Công nghệ kỹ thuật môi trường
133524,SGD,cong-nghe-ky-thuat-moi-truong,A00,Điểm thi THPT,2025,19.64,Công nghệ kỹ thuật môi trường
133525,SGD,cong-nghe-ky-thuat-moi-truong,A01,Điểm thi THPT,2025,18.95,Công nghệ kỹ thuật môi trường
133526,SGD,cong-nghe-ky-thuat-moi-truong,A02,Điểm thi THPT,2025,18.43,Công nghệ kỹ thuật môi trường
133527,SGD,cong-nghe-ky-thuat-moi-truong,A03,Điểm thi THPT,2025,18.43,Công nghệ kỹ thuật môi trường
133528,SGD,cong-nghe-ky-thuat-moi-truong,A04,Điểm thi THPT,2025,18.43,Công nghệ kỹ thuật môi trường
133529,SGD,cong-nghe-ky-thuat-moi-truong,A05,Điểm thi THPT,2025,18.43,Công nghệ kỹ thuật môi trường
133530,SGD,cong-nghe-ky-thuat-moi-truong,A06,Điểm thi THPT,2025,18.43,Công nghệ kỹ thuật môi trường
133531,SGD,cong-nghe-ky-thuat-moi-truong,A07,Điểm thi THPT,2025,18.43,Công nghệ kỹ thuật môi trường
133532,SGD,cong-nghe-ky-thuat-moi-truong,B00,Điểm thi THPT,2025,18.43,Công nghệ kỹ thuật môi trường
133533,SGD,cong-nghe-ky-thuat-moi-truong,B01,Điểm thi THPT,2025,18.43,Công nghệ kỹ thuật môi trường
133534,SGD,cong-nghe-ky-thuat-moi-truong,B02,Điểm thi THPT,2025,18.43,Công nghệ kỹ thuật môi trường
133535,SGD,cong-nghe-ky-thuat-moi-truong,B03,Điểm thi THPT,2025,18.43,Công nghệ kỹ thuật môi trường
133536,SGD,cong-nghe-ky-thuat-moi-truong,B08,Điểm thi THPT,2025,18.43,Công nghệ kỹ thuật môi trường
133537,SGD,cong-nghe-ky-thuat-moi-truong,C01,Điểm thi THPT,2025,20.58,Công nghệ kỹ thuật môi trường
133538,SGD,cong-nghe-ky-thuat-moi-truong,C02,Điểm thi THPT,2025,18.43,Công nghệ kỹ thuật môi trường
133539,SGD,cong-nghe-ky-thuat-moi-truong,C03,Điểm thi THPT,2025,18.43,Công nghệ kỹ thuật môi trường
133540,SGD,cong-nghe-ky-thuat-moi-truong,C04,Điểm thi THPT,2025,18.43,Công nghệ kỹ thuật môi trường
133541,SGD,cong-nghe-ky-thuat-moi-truong,D01,Điểm thi THPT,2025,18.96,Công nghệ kỹ thuật môi trường
133542,SGD,cong-nghe-ky-thuat-moi-truong,D07,Điểm thi THPT,2025,18.02,Công nghệ kỹ thuật môi trường
133543,SGD,cong-nghe-ky-thuat-moi-truong,D09,Điểm thi THPT,2025,18.43,Công nghệ kỹ thuật môi trường
133544,SGD,cong-nghe-ky-thuat-moi-truong,D10,Điểm thi THPT,2025,18.43,Công nghệ kỹ thuật môi trường
133545,SGD,cong-nghe-ky-thuat-moi-truong,X01,Điểm thi THPT,2025,18.43,Công nghệ kỹ thuật môi trường
133546,SGD,cong-nghe-ky-thuat-moi-truong,X02,Điểm thi THPT,2025,18.43,Công nghệ kỹ thuật môi trường
133547,SGD,cong-nghe-ky-thuat-moi-truong,X03,Điểm thi THPT,2025,18.43,Công nghệ kỹ thuật môi trường
133548,SGD,cong-nghe-ky-thuat-moi-truong,X04,Điểm thi THPT,2025,18.43,Công nghệ kỹ thuật môi trường
133549,SGD,cong-nghe-ky-thuat-moi-truong,X05,Điểm thi THPT,2025,18.43,Công nghệ kỹ thuật môi trường
133550,SGD,cong-nghe-ky-thuat-moi-truong,X06,Điểm thi THPT,2025,18.43,Công nghệ kỹ thuật môi trường
133551,SGD,cong-nghe-ky-thuat-moi-truong,X07,Điểm thi THPT,2025,18.43,Công nghệ kỹ thuật môi trường
133552,SGD,cong-nghe-ky-thuat-moi-truong,X08,Điểm thi THPT,2025,18.43,Công nghệ kỹ thuật môi trường
133553,SGD,cong-nghe-ky-thuat-moi-truong,X09,Điểm thi THPT,2025,18.43,Công nghệ kỹ thuật môi trường
133554,SGD,cong-nghe-ky-thuat-moi-truong,X10,Điểm thi THPT,2025,18.43,Công nghệ kỹ thuật môi trường
133555,SGD,cong-nghe-ky-thuat-moi-truong,X11,Điểm thi THPT,2025,18.43,Công nghệ kỹ thuật môi trường
133556,SGD,cong-nghe-ky-thuat-moi-truong,X12,Điểm thi THPT,2025,18.43,Công nghệ kỹ thuật môi trường
133557,SGD,cong-nghe-ky-thuat-moi-truong,X13,Điểm thi THPT,2025,18.43,Công nghệ kỹ thuật môi trường
133558,SGD,cong-nghe-ky-thuat-moi-truong,X14,Điểm thi THPT,2025,18.43,Công nghệ kỹ thuật môi trường
133559,SGD,cong-nghe-ky-thuat-moi-truong,X15,Điểm thi THPT,2025,18.43,Công nghệ kỹ thuật môi trường
133560,SGD,cong-nghe-ky-thuat-moi-truong,X16,Điểm thi THPT,2025,18.43,Công nghệ kỹ thuật môi trường
133561,SGD,cong-nghe-ky-thuat-moi-truong,X17,Điểm thi THPT,2025,18.43,Công nghệ kỹ thuật môi trường
133562,SGD,cong-nghe-ky-thuat-moi-truong,X18,Điểm thi THPT,2025,18.43,Công nghệ kỹ thuật môi trường
133563,SGD,cong-nghe-ky-thuat-moi-truong,X19,Điểm thi THPT,2025,18.43,Công nghệ kỹ thuật môi trường
133564,SGD,cong-nghe-ky-thuat-moi-truong,X20,Điểm thi THPT,2025,18.43,Công nghệ kỹ thuật môi trường
133565,SGD,cong-nghe-ky-thuat-moi-truong,X21,Điểm thi THPT,2025,18.43,Công nghệ kỹ thuật môi trường
133566,SGD,cong-nghe-ky-thuat-moi-truong,X22,Điểm thi THPT,2025,18.43,Công nghệ kỹ thuật môi trường
133567,SGD,cong-nghe-ky-thuat-moi-truong,X23,Điểm thi THPT,2025,18.43,Công nghệ kỹ thuật môi trường
133568,SGD,cong-nghe-ky-thuat-moi-truong,X24,Điểm thi THPT,2025,18.43,Công nghệ kỹ thuật môi trường
133569,SGD,cong-nghe-ky-thuat-moi-truong,X25,Điểm thi THPT,2025,18.43,Công nghệ kỹ thuật môi trường
133570,SGD,cong-nghe-ky-thuat-moi-truong,X26,Điểm thi THPT,2025,18.43,Công nghệ kỹ thuật môi trường
133571,SGD,cong-nghe-ky-thuat-moi-truong,X27,Điểm thi THPT,2025,18.43,Công nghệ kỹ thuật môi trường
133572,SGD,cong-nghe-ky-thuat-moi-truong,X28,Điểm thi THPT,2025,18.43,Công nghệ kỹ thuật môi trường
133573,SGD,cong-nghe-ky-thuat-moi-truong,X53,Điểm thi THPT,2025,18.43,Công nghệ kỹ thuật môi trường
133574,SGD,cong-nghe-ky-thuat-moi-truong,X54,Điểm thi THPT,2025,18.43,Công nghệ kỹ thuật môi trường
133575,SGD,cong-nghe-ky-thuat-moi-truong,X55,Điểm thi THPT,2025,18.43,Công nghệ kỹ thuật môi trường
133576,SGD,cong-nghe-ky-thuat-moi-truong,X56,Điểm thi THPT,2025,18.43,Công nghệ kỹ thuật môi trường
133577,SGD,cong-nghe-ky-thuat-moi-truong,X57,Điểm thi THPT,2025,18.43,Công nghệ kỹ thuật môi trường
133578,SGD,cong-nghe-thong-tin,A00,Điểm thi THPT,2021,24.48,Công nghệ thông tin
133579,SGD,cong-nghe-thong-tin,A01,Điểm thi THPT,2021,24.48,Công nghệ thông tin
133580,SGD,cong-nghe-thong-tin,A00,Điểm thi THPT,2022,24.28,Công nghệ thông tin
133581,SGD,cong-nghe-thong-tin,A01,Điểm thi THPT,2022,24.28,Công nghệ thông tin
133582,SGD,cong-nghe-thong-tin,A00,Điểm thi THPT,2023,23.0,Công nghệ thông tin
133583,SGD,cong-nghe-thong-tin,A01,Điểm thi THPT,2023,23.68,Công nghệ thông tin
133584,SGD,cong-nghe-thong-tin,A00,Điểm thi THPT,2024,23.82,Công nghệ thông tin
133585,SGD,cong-nghe-thong-tin,A01,Điểm thi THPT,2024,23.82,Công nghệ thông tin
133586,SGD,cong-nghe-thong-tin,A00,Điểm thi THPT,2025,21.68,Công nghệ thông tin
133587,SGD,cong-nghe-thong-tin,A01,Điểm thi THPT,2025,20.99,Công nghệ thông tin
133588,SGD,cong-nghe-thong-tin,A02,Điểm thi THPT,2025,21.0,Công nghệ thông tin
133589,SGD,cong-nghe-thong-tin,A03,Điểm thi THPT,2025,21.0,Công nghệ thông tin
133590,SGD,cong-nghe-thong-tin,A04,Điểm thi THPT,2025,21.0,Công nghệ thông tin
133591,SGD,cong-nghe-thong-tin,A05,Điểm thi THPT,2025,21.0,Công nghệ thông tin
133592,SGD,cong-nghe-thong-tin,A06,Điểm thi THPT,2025,21.0,Công nghệ thông tin
133593,SGD,cong-nghe-thong-tin,A07,Điểm thi THPT,2025,21.0,Công nghệ thông tin
133594,SGD,cong-nghe-thong-tin,B00,Điểm thi THPT,2025,20.47,Công nghệ thông tin
133595,SGD,cong-nghe-thong-tin,B01,Điểm thi THPT,2025,21.0,Công nghệ thông tin
133596,SGD,cong-nghe-thong-tin,B02,Điểm thi THPT,2025,21.0,Công nghệ thông tin
133597,SGD,cong-nghe-thong-tin,B03,Điểm thi THPT,2025,21.0,Công nghệ thông tin
133598,SGD,cong-nghe-thong-tin,B08,Điểm thi THPT,2025,21.0,Công nghệ thông tin
133599,SGD,cong-nghe-thong-tin,C01,Điểm thi THPT,2025,22.62,Công nghệ thông tin
133600,SGD,cong-nghe-thong-tin,C02,Điểm thi THPT,2025,21.0,Công nghệ thông tin
133601,SGD,cong-nghe-thong-tin,C03,Điểm thi THPT,2025,21.0,Công nghệ thông tin
133602,SGD,cong-nghe-thong-tin,C04,Điểm thi THPT,2025,21.0,Công nghệ thông tin
133603,SGD,cong-nghe-thong-tin,D01,Điểm thi THPT,2025,21.0,Công nghệ thông tin
133604,SGD,cong-nghe-thong-tin,D07,Điểm thi THPT,2025,20.06,Công nghệ thông tin
133605,SGD,cong-nghe-thong-tin,D09,Điểm thi THPT,2025,21.0,Công nghệ thông tin
133606,SGD,cong-nghe-thong-tin,D10,Điểm thi THPT,2025,21.0,Công nghệ thông tin
133607,SGD,cong-nghe-thong-tin,X01,Điểm thi THPT,2025,21.0,Công nghệ thông tin
133608,SGD,cong-nghe-thong-tin,X02,Điểm thi THPT,2025,21.0,Công nghệ thông tin
133609,SGD,cong-nghe-thong-tin,X03,Điểm thi THPT,2025,21.0,Công nghệ thông tin
133610,SGD,cong-nghe-thong-tin,X04,Điểm thi THPT,2025,21.0,Công nghệ thông tin
133611,SGD,cong-nghe-thong-tin,X05,Điểm thi THPT,2025,21.0,Công nghệ thông tin
133612,SGD,cong-nghe-thong-tin,X06,Điểm thi THPT,2025,21.0,Công nghệ thông tin
133613,SGD,cong-nghe-thong-tin,X07,Điểm thi THPT,2025,21.0,Công nghệ thông tin
133614,SGD,cong-nghe-thong-tin,X08,Điểm thi THPT,2025,21.0,Công nghệ thông tin
133615,SGD,cong-nghe-thong-tin,X09,Điểm thi THPT,2025,21.0,Công nghệ thông tin
133616,SGD,cong-nghe-thong-tin,X10,Điểm thi THPT,2025,21.0,Công nghệ thông tin
133617,SGD,cong-nghe-thong-tin,X11,Điểm thi THPT,2025,21.0,Công nghệ thông tin
133618,SGD,cong-nghe-thong-tin,X12,Điểm thi THPT,2025,21.0,Công nghệ thông tin
133619,SGD,cong-nghe-thong-tin,X13,Điểm thi THPT,2025,21.0,Công nghệ thông tin
133620,SGD,cong-nghe-thong-tin,X14,Điểm thi THPT,2025,21.0,Công nghệ thông tin
133621,SGD,cong-nghe-thong-tin,X15,Điểm thi THPT,2025,21.0,Công nghệ thông tin
133622,SGD,cong-nghe-thong-tin,X16,Điểm thi THPT,2025,21.0,Công nghệ thông tin
133623,SGD,cong-nghe-thong-tin,X17,Điểm thi THPT,2025,21.0,Công nghệ thông tin
133624,SGD,cong-nghe-thong-tin,X18,Điểm thi THPT,2025,21.0,Công nghệ thông tin
133625,SGD,cong-nghe-thong-tin,X19,Điểm thi THPT,2025,21.0,Công nghệ thông tin
133626,SGD,cong-nghe-thong-tin,X20,Điểm thi THPT,2025,21.0,Công nghệ thông tin
133627,SGD,cong-nghe-thong-tin,X21,Điểm thi THPT,2025,21.0,Công nghệ thông tin
133628,SGD,cong-nghe-thong-tin,X22,Điểm thi THPT,2025,21.0,Công nghệ thông tin
133629,SGD,cong-nghe-thong-tin,X23,Điểm thi THPT,2025,21.0,Công nghệ thông tin
133630,SGD,cong-nghe-thong-tin,X24,Điểm thi THPT,2025,21.0,Công nghệ thông tin
133631,SGD,cong-nghe-thong-tin,X25,Điểm thi THPT,2025,21.0,Công nghệ thông tin
133632,SGD,cong-nghe-thong-tin,X26,Điểm thi THPT,2025,21.0,Công nghệ thông tin
133633,SGD,cong-nghe-thong-tin,X27,Điểm thi THPT,2025,21.0,Công nghệ thông tin
133634,SGD,cong-nghe-thong-tin,X28,Điểm thi THPT,2025,21.0,Công nghệ thông tin
133635,SGD,cong-nghe-thong-tin,X53,Điểm thi THPT,2025,21.0,Công nghệ thông tin
133636,SGD,cong-nghe-thong-tin,X54,Điểm thi THPT,2025,21.0,Công nghệ thông tin
133637,SGD,cong-nghe-thong-tin,X55,Điểm thi THPT,2025,21.0,Công nghệ thông tin
133638,SGD,cong-nghe-thong-tin,X56,Điểm thi THPT,2025,21.0,Công nghệ thông tin
133639,SGD,cong-nghe-thong-tin,X57,Điểm thi THPT,2025,21.0,Công nghệ thông tin
133640,SGD,dia-ly-hoc,C00,Điểm thi THPT,2025,26.84,Địa lý học
133641,SGD,dia-ly-hoc,C04,Điểm thi THPT,2025,26.84,Địa lý học
133642,SGD,dia-ly-hoc,C09,Điểm thi THPT,2025,26.84,Địa lý học
133643,SGD,dia-ly-hoc,C11,Điểm thi THPT,2025,26.84,Địa lý học
133644,SGD,dia-ly-hoc,C13,Điểm thi THPT,2025,26.84,Địa lý học
133645,SGD,dia-ly-hoc,D15,Điểm thi THPT,2025,26.84,Địa lý học
133646,SGD,dia-ly-hoc,X74,Điểm thi THPT,2025,26.84,Địa lý học
133647,SGD,dia-ly-hoc,X75,Điểm thi THPT,2025,26.84,Địa lý học
133648,SGD,dia-ly-hoc,X76,Điểm thi THPT,2025,26.84,Địa lý học
133649,SGD,dia-ly-hoc,X77,Điểm thi THPT,2025,26.84,Địa lý học
133650,SGD,du-lich,C00,Điểm thi THPT,2021,23.35,Du lịch
133651,SGD,du-lich,D01,Điểm thi THPT,2021,23.35,Du lịch
133652,SGD,du-lich,C00,Điểm thi THPT,2022,24.45,Du lịch
133653,SGD,du-lich,D01,Điểm thi THPT,2022,24.45,Du lịch
133654,SGD,du-lich,C00,Điểm thi THPT,2023,23.01,Du lịch
133655,SGD,du-lich,D01,Điểm thi THPT,2023,23.01,Du lịch
133656,SGD,du-lich,C00,Điểm thi THPT,2024,25.81,Du lịch
133657,SGD,du-lich,D01,Điểm thi THPT,2024,25.81,Du lịch
133658,SGD,du-lich,B03,Điểm thi THPT,2025,21.95,Du lịch
133659,SGD,du-lich,C01,Điểm thi THPT,2025,21.95,Du lịch
133660,SGD,du-lich,C02,Điểm thi THPT,2025,21.95,Du lịch
133661,SGD,du-lich,C03,Điểm thi THPT,2025,21.95,Du lịch
133662,SGD,du-lich,C04,Điểm thi THPT,2025,21.95,Du lịch
133663,SGD,du-lich,D01,Điểm thi THPT,2025,21.95,Du lịch
133664,SGD,du-lich,X01,Điểm thi THPT,2025,21.95,Du lịch
133665,SGD,du-lich,X02,Điểm thi THPT,2025,21.95,Du lịch
133666,SGD,du-lich,X03,Điểm thi THPT,2025,21.95,Du lịch
133667,SGD,du-lich,X04,Điểm thi THPT,2025,21.95,Du lịch
133668,SGD,giao-duc-chinh-tri,C00,Điểm thi THPT,2021,24.25,Giáo dục chính trị
133669,SGD,giao-duc-chinh-tri,C19,Điểm thi THPT,2021,24.25,Giáo dục chính trị
133670,SGD,giao-duc-chinh-tri,C00,Điểm thi THPT,2022,25.5,Giáo dục chính trị
133671,SGD,giao-duc-chinh-tri,C19,Điểm thi THPT,2022,25.5,Giáo dục chính trị
133672,SGD,giao-duc-chinh-tri,C00,Điểm thi THPT,2023,25.33,Giáo dục chính trị
133673,SGD,giao-duc-chinh-tri,C19,Điểm thi THPT,2023,25.33,Giáo dục chính trị
133674,SGD,giao-duc-chinh-tri,C00,Điểm thi THPT,2024,26.86,Giáo dục chính trị
133675,SGD,giao-duc-chinh-tri,C19,Điểm thi THPT,2024,26.86,Giáo dục chính trị
133676,SGD,giao-duc-chinh-tri,B03,Điểm thi THPT,2025,25.66,Giáo dục chính trị
133677,SGD,giao-duc-chinh-tri,C01,Điểm thi THPT,2025,25.66,Giáo dục chính trị
133678,SGD,giao-duc-chinh-tri,C02,Điểm thi THPT,2025,25.66,Giáo dục chính trị
133679,SGD,giao-duc-chinh-tri,C03,Điểm thi THPT,2025,25.66,Giáo dục chính trị
133680,SGD,giao-duc-chinh-tri,C04,Điểm thi THPT,2025,25.66,Giáo dục chính trị
133681,SGD,giao-duc-chinh-tri,D01,Điểm thi THPT,2025,24.04,Giáo dục chính trị
133682,SGD,giao-duc-chinh-tri,X01,Điểm thi THPT,2025,25.66,Giáo dục chính trị
133683,SGD,giao-duc-chinh-tri,X02,Điểm thi THPT,2025,25.66,Giáo dục chính trị
133684,SGD,giao-duc-chinh-tri,X03,Điểm thi THPT,2025,25.66,Giáo dục chính trị
133685,SGD,giao-duc-chinh-tri,X04,Điểm thi THPT,2025,25.66,Giáo dục chính trị
133686,SGD,giao-duc-mam-non,M01,Điểm thi THPT,2021,21.6,Giáo dục Mầm non
133687,SGD,giao-duc-mam-non,M02,Điểm thi THPT,2021,21.6,Giáo dục Mầm non
133688,SGD,giao-duc-mam-non,M01,Điểm thi THPT,2022,19.0,Giáo dục mầm non
133689,SGD,giao-duc-mam-non,M02,Điểm thi THPT,2022,19.0,Giáo dục mầm non
133690,SGD,giao-duc-mam-non,M01,Điểm thi THPT,2023,20.8,Giáo dục Mầm non
133691,SGD,giao-duc-mam-non,M02,Điểm thi THPT,2023,20.8,Giáo dục Mầm non
133692,SGD,giao-duc-mam-non,M01,Điểm thi THPT,2024,23.51,Giáo dục Mầm non
133693,SGD,giao-duc-mam-non,M02,Điểm thi THPT,2024,23.51,Giáo dục Mầm non
133694,SGD,giao-duc-mam-non,M01,Điểm thi THPT,2025,24.2,Giáo dục Mầm non
133695,SGD,giao-duc-mam-non,M02,Điểm thi THPT,2025,24.2,Giáo dục Mầm non
133696,SGD,giao-duc-tieu-hoc,D01,Điểm thi THPT,2021,24.65,Giáo dục Tiểu học
133697,SGD,giao-duc-tieu-hoc,D01,Điểm thi THPT,2022,23.1,Giáo dục tiểu học
133698,SGD,giao-duc-tieu-hoc,D01,Điểm thi THPT,2023,24.11,Giáo dục Tiểu học
133699,SGD,giao-duc-tieu-hoc,D01,Điểm thi THPT,2024,25.39,Giáo dục tiểu học
133700,SGD,giao-duc-tieu-hoc,B03,Điểm thi THPT,2025,25.12,Giáo dục Tiểu học
133701,SGD,giao-duc-tieu-hoc,C01,Điểm thi THPT,2025,25.12,Giáo dục Tiểu học
133702,SGD,giao-duc-tieu-hoc,C02,Điểm thi THPT,2025,25.12,Giáo dục Tiểu học
133703,SGD,giao-duc-tieu-hoc,C03,Điểm thi THPT,2025,25.12,Giáo dục Tiểu học
133704,SGD,giao-duc-tieu-hoc,C04,Điểm thi THPT,2025,25.12,Giáo dục Tiểu học
133705,SGD,giao-duc-tieu-hoc,D01,Điểm thi THPT,2025,25.12,Giáo dục Tiểu học
133706,SGD,giao-duc-tieu-hoc,X01,Điểm thi THPT,2025,25.12,Giáo dục Tiểu học
133707,SGD,giao-duc-tieu-hoc,X02,Điểm thi THPT,2025,25.12,Giáo dục Tiểu học
133708,SGD,giao-duc-tieu-hoc,X03,Điểm thi THPT,2025,25.12,Giáo dục Tiểu học
133709,SGD,giao-duc-tieu-hoc,X04,Điểm thi THPT,2025,25.12,Giáo dục Tiểu học
133710,SGD,ke-toan,C01,Điểm thi THPT,2021,24.5,Kế toán
133711,SGD,ke-toan,D01,Điểm thi THPT,2021,23.5,Kế toán
133712,SGD,ke-toan,C01,Điểm thi THPT,2022,23.65,Kế toán
133713,SGD,ke-toan,D01,Điểm thi THPT,2022,22.65,Kế toán
133714,SGD,ke-toan,C01,Điểm thi THPT,2023,23.29,Kế toán
133715,SGD,ke-toan,D01,Điểm thi THPT,2023,22.29,Kế toán
133716,SGD,ke-toan,C01,Điểm thi THPT,2024,24.18,Kế toán
133717,SGD,ke-toan,D01,Điểm thi THPT,2024,23.18,Kế toán
133718,SGD,ke-toan,A00,Điểm thi THPT,2025,20.63,Kế toán
133719,SGD,ke-toan,A01,Điểm thi THPT,2025,19.94,Kế toán
133720,SGD,ke-toan,A02,Điểm thi THPT,2025,19.95,Kế toán
133721,SGD,ke-toan,A03,Điểm thi THPT,2025,19.95,Kế toán
133722,SGD,ke-toan,A04,Điểm thi THPT,2025,19.95,Kế toán
133723,SGD,ke-toan,A05,Điểm thi THPT,2025,19.95,Kế toán
133724,SGD,ke-toan,A06,Điểm thi THPT,2025,19.95,Kế toán
133725,SGD,ke-toan,A07,Điểm thi THPT,2025,19.95,Kế toán
133726,SGD,ke-toan,B00,Điểm thi THPT,2025,19.42,Kế toán
133727,SGD,ke-toan,B01,Điểm thi THPT,2025,19.95,Kế toán
133728,SGD,ke-toan,B02,Điểm thi THPT,2025,19.95,Kế toán
133729,SGD,ke-toan,B03,Điểm thi THPT,2025,19.95,Kế toán
133730,SGD,ke-toan,B08,Điểm thi THPT,2025,19.95,Kế toán
133731,SGD,ke-toan,C01,Điểm thi THPT,2025,21.57,Kế toán
133732,SGD,ke-toan,C02,Điểm thi THPT,2025,19.95,Kế toán
133733,SGD,ke-toan,C03,Điểm thi THPT,2025,19.95,Kế toán
133734,SGD,ke-toan,C04,Điểm thi THPT,2025,19.95,Kế toán
133735,SGD,ke-toan,D01,Điểm thi THPT,2025,19.95,Kế toán
133736,SGD,ke-toan,D07,Điểm thi THPT,2025,19.01,Kế toán
133737,SGD,ke-toan,D09,Điểm thi THPT,2025,19.95,Kế toán
133738,SGD,ke-toan,D10,Điểm thi THPT,2025,19.95,Kế toán
133739,SGD,ke-toan,X01,Điểm thi THPT,2025,19.95,Kế toán
133740,SGD,ke-toan,X02,Điểm thi THPT,2025,19.95,Kế toán
133741,SGD,ke-toan,X03,Điểm thi THPT,2025,19.95,Kế toán
133742,SGD,ke-toan,X04,Điểm thi THPT,2025,19.95,Kế toán
133743,SGD,ke-toan,X05,Điểm thi THPT,2025,19.95,Kế toán
133744,SGD,ke-toan,X06,Điểm thi THPT,2025,19.95,Kế toán
133745,SGD,ke-toan,X07,Điểm thi THPT,2025,19.95,Kế toán
133746,SGD,ke-toan,X08,Điểm thi THPT,2025,19.95,Kế toán
133747,SGD,ke-toan,X09,Điểm thi THPT,2025,19.95,Kế toán
133748,SGD,ke-toan,X10,Điểm thi THPT,2025,19.95,Kế toán
133749,SGD,ke-toan,X11,Điểm thi THPT,2025,19.95,Kế toán
133750,SGD,ke-toan,X12,Điểm thi THPT,2025,19.95,Kế toán
133751,SGD,ke-toan,X13,Điểm thi THPT,2025,19.95,Kế toán
133752,SGD,ke-toan,X14,Điểm thi THPT,2025,19.95,Kế toán
133753,SGD,ke-toan,X15,Điểm thi THPT,2025,19.95,Kế toán
133754,SGD,ke-toan,X16,Điểm thi THPT,2025,19.95,Kế toán
133755,SGD,ke-toan,X17,Điểm thi THPT,2025,19.95,Kế toán
133756,SGD,ke-toan,X18,Điểm thi THPT,2025,19.95,Kế toán
133757,SGD,ke-toan,X19,Điểm thi THPT,2025,19.95,Kế toán
133758,SGD,ke-toan,X20,Điểm thi THPT,2025,19.95,Kế toán
133759,SGD,ke-toan,X21,Điểm thi THPT,2025,19.95,Kế toán
133760,SGD,ke-toan,X22,Điểm thi THPT,2025,19.95,Kế toán
133761,SGD,ke-toan,X23,Điểm thi THPT,2025,19.95,Kế toán
133762,SGD,ke-toan,X24,Điểm thi THPT,2025,19.95,Kế toán
133763,SGD,ke-toan,X25,Điểm thi THPT,2025,19.95,Kế toán
133764,SGD,ke-toan,X26,Điểm thi THPT,2025,19.95,Kế toán
133765,SGD,ke-toan,X27,Điểm thi THPT,2025,19.95,Kế toán
133766,SGD,ke-toan,X28,Điểm thi THPT,2025,19.95,Kế toán
133767,SGD,ke-toan,X53,Điểm thi THPT,2025,19.95,Kế toán
133768,SGD,ke-toan,X54,Điểm thi THPT,2025,19.95,Kế toán
133769,SGD,ke-toan,X55,Điểm thi THPT,2025,19.95,Kế toán
133770,SGD,ke-toan,X56,Điểm thi THPT,2025,19.95,Kế toán
133771,SGD,ke-toan,X57,Điểm thi THPT,2025,19.95,Kế toán
133772,SGD,khoa-hoc-du-lieu,A00,Điểm thi THPT,2023,21.74,Khoa học dữ liệu
133773,SGD,khoa-hoc-du-lieu,A01,Điểm thi THPT,2023,21.74,Khoa học dữ liệu
133774,SGD,khoa-hoc-du-lieu,A00,Điểm thi THPT,2024,23.99,Khoa học dữ liệu
133775,SGD,khoa-hoc-du-lieu,A01,Điểm thi THPT,2024,22.99,Khoa học dữ liệu
133776,SGD,khoa-hoc-du-lieu,A00,Điểm thi THPT,2025,22.05,Khoa học dữ liệu
133777,SGD,khoa-hoc-du-lieu,A01,Điểm thi THPT,2025,22.05,Khoa học dữ liệu
133778,SGD,khoa-hoc-du-lieu,A02,Điểm thi THPT,2025,22.05,Khoa học dữ liệu
133779,SGD,khoa-hoc-du-lieu,A03,Điểm thi THPT,2025,22.05,Khoa học dữ liệu
133780,SGD,khoa-hoc-du-lieu,A04,Điểm thi THPT,2025,22.05,Khoa học dữ liệu
133781,SGD,khoa-hoc-du-lieu,A05,Điểm thi THPT,2025,22.05,Khoa học dữ liệu
133782,SGD,khoa-hoc-du-lieu,A06,Điểm thi THPT,2025,22.05,Khoa học dữ liệu
133783,SGD,khoa-hoc-du-lieu,A07,Điểm thi THPT,2025,22.05,Khoa học dữ liệu
133784,SGD,khoa-hoc-du-lieu,B00,Điểm thi THPT,2025,22.05,Khoa học dữ liệu
133785,SGD,khoa-hoc-du-lieu,B01,Điểm thi THPT,2025,22.05,Khoa học dữ liệu
133786,SGD,khoa-hoc-du-lieu,B02,Điểm thi THPT,2025,22.05,Khoa học dữ liệu
133787,SGD,khoa-hoc-du-lieu,B03,Điểm thi THPT,2025,22.05,Khoa học dữ liệu
133788,SGD,khoa-hoc-du-lieu,B08,Điểm thi THPT,2025,22.05,Khoa học dữ liệu
133789,SGD,khoa-hoc-du-lieu,C01,Điểm thi THPT,2025,22.05,Khoa học dữ liệu
133790,SGD,khoa-hoc-du-lieu,C02,Điểm thi THPT,2025,22.05,Khoa học dữ liệu
133791,SGD,khoa-hoc-du-lieu,C03,Điểm thi THPT,2025,22.05,Khoa học dữ liệu
133792,SGD,khoa-hoc-du-lieu,C04,Điểm thi THPT,2025,22.05,Khoa học dữ liệu
133793,SGD,khoa-hoc-du-lieu,D01,Điểm thi THPT,2025,22.05,Khoa học dữ liệu
133794,SGD,khoa-hoc-du-lieu,D07,Điểm thi THPT,2025,22.05,Khoa học dữ liệu
133795,SGD,khoa-hoc-du-lieu,D09,Điểm thi THPT,2025,22.05,Khoa học dữ liệu
133796,SGD,khoa-hoc-du-lieu,D10,Điểm thi THPT,2025,22.05,Khoa học dữ liệu
133797,SGD,khoa-hoc-du-lieu,X01,Điểm thi THPT,2025,22.05,Khoa học dữ liệu
133798,SGD,khoa-hoc-du-lieu,X02,Điểm thi THPT,2025,22.05,Khoa học dữ liệu
133799,SGD,khoa-hoc-du-lieu,X03,Điểm thi THPT,2025,22.05,Khoa học dữ liệu
133800,SGD,khoa-hoc-du-lieu,X04,Điểm thi THPT,2025,22.05,Khoa học dữ liệu
133801,SGD,khoa-hoc-du-lieu,X05,Điểm thi THPT,2025,22.05,Khoa học dữ liệu
133802,SGD,khoa-hoc-du-lieu,X06,Điểm thi THPT,2025,22.05,Khoa học dữ liệu
133803,SGD,khoa-hoc-du-lieu,X07,Điểm thi THPT,2025,22.05,Khoa học dữ liệu
133804,SGD,khoa-hoc-du-lieu,X08,Điểm thi THPT,2025,22.05,Khoa học dữ liệu
133805,SGD,khoa-hoc-du-lieu,X09,Điểm thi THPT,2025,22.05,Khoa học dữ liệu
133806,SGD,khoa-hoc-du-lieu,X10,Điểm thi THPT,2025,22.05,Khoa học dữ liệu
133807,SGD,khoa-hoc-du-lieu,X11,Điểm thi THPT,2025,22.05,Khoa học dữ liệu
133808,SGD,khoa-hoc-du-lieu,X12,Điểm thi THPT,2025,22.05,Khoa học dữ liệu
133809,SGD,khoa-hoc-du-lieu,X13,Điểm thi THPT,2025,22.05,Khoa học dữ liệu
133810,SGD,khoa-hoc-du-lieu,X14,Điểm thi THPT,2025,22.05,Khoa học dữ liệu
133811,SGD,khoa-hoc-du-lieu,X15,Điểm thi THPT,2025,22.05,Khoa học dữ liệu
133812,SGD,khoa-hoc-du-lieu,X16,Điểm thi THPT,2025,22.05,Khoa học dữ liệu
133813,SGD,khoa-hoc-du-lieu,X17,Điểm thi THPT,2025,22.05,Khoa học dữ liệu
133814,SGD,khoa-hoc-du-lieu,X18,Điểm thi THPT,2025,22.05,Khoa học dữ liệu
133815,SGD,khoa-hoc-du-lieu,X19,Điểm thi THPT,2025,22.05,Khoa học dữ liệu
133816,SGD,khoa-hoc-du-lieu,X20,Điểm thi THPT,2025,22.05,Khoa học dữ liệu
133817,SGD,khoa-hoc-du-lieu,X21,Điểm thi THPT,2025,22.05,Khoa học dữ liệu
133818,SGD,khoa-hoc-du-lieu,X22,Điểm thi THPT,2025,22.05,Khoa học dữ liệu
133819,SGD,khoa-hoc-du-lieu,X23,Điểm thi THPT,2025,22.05,Khoa học dữ liệu
133820,SGD,khoa-hoc-du-lieu,X24,Điểm thi THPT,2025,22.05,Khoa học dữ liệu
133821,SGD,khoa-hoc-du-lieu,X25,Điểm thi THPT,2025,22.05,Khoa học dữ liệu
133822,SGD,khoa-hoc-du-lieu,X26,Điểm thi THPT,2025,22.05,Khoa học dữ liệu
133823,SGD,khoa-hoc-du-lieu,X27,Điểm thi THPT,2025,22.05,Khoa học dữ liệu
133824,SGD,khoa-hoc-du-lieu,X28,Điểm thi THPT,2025,22.05,Khoa học dữ liệu
133825,SGD,khoa-hoc-du-lieu,X53,Điểm thi THPT,2025,22.05,Khoa học dữ liệu
133826,SGD,khoa-hoc-du-lieu,X54,Điểm thi THPT,2025,22.05,Khoa học dữ liệu
133827,SGD,khoa-hoc-moi-truong,A00,Điểm thi THPT,2021,16.05,Khoa học môi trường
133828,SGD,khoa-hoc-moi-truong,B00,Điểm thi THPT,2021,17.05,Khoa học môi trường
133829,SGD,khoa-hoc-moi-truong,A00,Điểm thi THPT,2022,15.45,Khoa học môi trường
133830,SGD,khoa-hoc-moi-truong,B00,Điểm thi THPT,2022,16.45,Khoa học môi trường
133831,SGD,khoa-hoc-moi-truong,A00,Điểm thi THPT,2023,17.91,Khoa học môi trường
133832,SGD,khoa-hoc-moi-truong,B00,Điểm thi THPT,2023,18.91,Khoa học môi trường
133833,SGD,khoa-hoc-moi-truong,A00,Điểm thi THPT,2024,21.17,Khoa học môi trường
133834,SGD,khoa-hoc-moi-truong,B00,Điểm thi THPT,2024,22.17,Khoa học môi trường
133835,SGD,khoa-hoc-moi-truong,A00,Điểm thi THPT,2025,19.93,Khoa học môi trường
133836,SGD,khoa-hoc-moi-truong,A01,Điểm thi THPT,2025,19.24,Khoa học môi trường
133837,SGD,khoa-hoc-moi-truong,A02,Điểm thi THPT,2025,18.72,Khoa học môi trường
133838,SGD,khoa-hoc-moi-truong,A03,Điểm thi THPT,2025,18.72,Khoa học môi trường
133839,SGD,khoa-hoc-moi-truong,A04,Điểm thi THPT,2025,18.72,Khoa học môi trường
133840,SGD,khoa-hoc-moi-truong,A05,Điểm thi THPT,2025,18.72,Khoa học môi trường
133841,SGD,khoa-hoc-moi-truong,A06,Điểm thi THPT,2025,18.72,Khoa học môi trường
133842,SGD,khoa-hoc-moi-truong,A07,Điểm thi THPT,2025,18.72,Khoa học môi trường
133843,SGD,khoa-hoc-moi-truong,B00,Điểm thi THPT,2025,18.72,Khoa học môi trường
133844,SGD,khoa-hoc-moi-truong,B01,Điểm thi THPT,2025,18.72,Khoa học môi trường
133845,SGD,khoa-hoc-moi-truong,B02,Điểm thi THPT,2025,18.72,Khoa học môi trường
133846,SGD,khoa-hoc-moi-truong,B03,Điểm thi THPT,2025,18.72,Khoa học môi trường
133847,SGD,khoa-hoc-moi-truong,B08,Điểm thi THPT,2025,18.72,Khoa học môi trường
133848,SGD,khoa-hoc-moi-truong,C01,Điểm thi THPT,2025,20.87,Khoa học môi trường
133849,SGD,khoa-hoc-moi-truong,C02,Điểm thi THPT,2025,18.72,Khoa học môi trường
133850,SGD,khoa-hoc-moi-truong,C03,Điểm thi THPT,2025,18.72,Khoa học môi trường
133851,SGD,khoa-hoc-moi-truong,C04,Điểm thi THPT,2025,18.72,Khoa học môi trường
133852,SGD,khoa-hoc-moi-truong,D01,Điểm thi THPT,2025,19.25,Khoa học môi trường
133853,SGD,khoa-hoc-moi-truong,D07,Điểm thi THPT,2025,18.31,Khoa học môi trường
133854,SGD,khoa-hoc-moi-truong,D09,Điểm thi THPT,2025,18.72,Khoa học môi trường
133855,SGD,khoa-hoc-moi-truong,D10,Điểm thi THPT,2025,18.72,Khoa học môi trường
133856,SGD,khoa-hoc-moi-truong,X01,Điểm thi THPT,2025,18.72,Khoa học môi trường
133857,SGD,khoa-hoc-moi-truong,X02,Điểm thi THPT,2025,18.72,Khoa học môi trường
133858,SGD,khoa-hoc-moi-truong,X03,Điểm thi THPT,2025,18.72,Khoa học môi trường
133859,SGD,khoa-hoc-moi-truong,X04,Điểm thi THPT,2025,18.72,Khoa học môi trường
133860,SGD,khoa-hoc-moi-truong,X05,Điểm thi THPT,2025,18.72,Khoa học môi trường
133861,SGD,khoa-hoc-moi-truong,X06,Điểm thi THPT,2025,18.72,Khoa học môi trường
133862,SGD,khoa-hoc-moi-truong,X07,Điểm thi THPT,2025,18.72,Khoa học môi trường
133863,SGD,khoa-hoc-moi-truong,X08,Điểm thi THPT,2025,18.72,Khoa học môi trường
133864,SGD,khoa-hoc-moi-truong,X09,Điểm thi THPT,2025,18.72,Khoa học môi trường
133865,SGD,khoa-hoc-moi-truong,X10,Điểm thi THPT,2025,18.72,Khoa học môi trường
133866,SGD,khoa-hoc-moi-truong,X11,Điểm thi THPT,2025,18.72,Khoa học môi trường
133867,SGD,khoa-hoc-moi-truong,X12,Điểm thi THPT,2025,18.72,Khoa học môi trường
133868,SGD,khoa-hoc-moi-truong,X13,Điểm thi THPT,2025,18.72,Khoa học môi trường
133869,SGD,khoa-hoc-moi-truong,X14,Điểm thi THPT,2025,18.72,Khoa học môi trường
133870,SGD,khoa-hoc-moi-truong,X15,Điểm thi THPT,2025,18.72,Khoa học môi trường
133871,SGD,khoa-hoc-moi-truong,X16,Điểm thi THPT,2025,18.72,Khoa học môi trường
133872,SGD,khoa-hoc-moi-truong,X17,Điểm thi THPT,2025,18.72,Khoa học môi trường
133873,SGD,khoa-hoc-moi-truong,X18,Điểm thi THPT,2025,18.72,Khoa học môi trường
133874,SGD,khoa-hoc-moi-truong,X19,Điểm thi THPT,2025,18.72,Khoa học môi trường
133875,SGD,khoa-hoc-moi-truong,X20,Điểm thi THPT,2025,18.72,Khoa học môi trường
133876,SGD,khoa-hoc-moi-truong,X21,Điểm thi THPT,2025,18.72,Khoa học môi trường
133877,SGD,khoa-hoc-moi-truong,X22,Điểm thi THPT,2025,18.72,Khoa học môi trường
133878,SGD,khoa-hoc-moi-truong,X23,Điểm thi THPT,2025,18.72,Khoa học môi trường
133879,SGD,khoa-hoc-moi-truong,X24,Điểm thi THPT,2025,18.72,Khoa học môi trường
133880,SGD,khoa-hoc-moi-truong,X25,Điểm thi THPT,2025,18.72,Khoa học môi trường
133881,SGD,khoa-hoc-moi-truong,X26,Điểm thi THPT,2025,18.72,Khoa học môi trường
133882,SGD,khoa-hoc-moi-truong,X27,Điểm thi THPT,2025,18.72,Khoa học môi trường
133883,SGD,khoa-hoc-moi-truong,X28,Điểm thi THPT,2025,18.72,Khoa học môi trường
133884,SGD,khoa-hoc-moi-truong,X53,Điểm thi THPT,2025,18.72,Khoa học môi trường
133885,SGD,khoa-hoc-moi-truong,X54,Điểm thi THPT,2025,18.72,Khoa học môi trường
133886,SGD,khoa-hoc-moi-truong,X55,Điểm thi THPT,2025,18.72,Khoa học môi trường
133887,SGD,khoa-hoc-moi-truong,X56,Điểm thi THPT,2025,18.72,Khoa học môi trường
133888,SGD,khoa-hoc-moi-truong,X57,Điểm thi THPT,2025,18.72,Khoa học môi trường
133889,SGD,ki-thuat-dien,A00,Điểm thi THPT,2021,22.05,Kĩ thuật điện
133890,SGD,ki-thuat-dien,A01,Điểm thi THPT,2021,21.05,Kĩ thuật điện
133891,SGD,ki-thuat-dien,A00,Điểm thi THPT,2022,20.0,Kĩ thuật điện
133892,SGD,ki-thuat-dien,A01,Điểm thi THPT,2022,19.0,Kĩ thuật điện
133893,SGD,ki-thuat-dien,A00,Điểm thi THPT,2023,21.61,Kĩ thuật điện
133894,SGD,ki-thuat-dien,A01,Điểm thi THPT,2023,20.61,Kĩ thuật điện
133895,SGD,ki-thuat-dien,A00,Điểm thi THPT,2024,23.33,Kĩ thuật điện
133896,SGD,ki-thuat-dien,A01,Điểm thi THPT,2024,22.33,Kĩ thuật điện
133897,SGD,ki-thuat-dien-tu-vien-thong,A00,Điểm thi THPT,2021,21.0,Kĩ thuật điện tử viễn thông
133898,SGD,ki-thuat-dien-tu-vien-thong,A01,Điểm thi THPT,2021,20.0,Kĩ thuật điện tử viễn thông
133899,SGD,ki-thuat-dien-tu-vien-thong,A00,Điểm thi THPT,2022,22.3,Kĩ thuật điện tư - viễn thông
133900,SGD,ki-thuat-dien-tu-vien-thong,A01,Điểm thi THPT,2022,21.3,Kĩ thuật điện tư - viễn thông
133901,SGD,ki-thuat-dien-tu-vien-thong,A00,Điểm thi THPT,2023,21.66,Kĩ thuật điện tử - viễn thông
133902,SGD,ki-thuat-dien-tu-vien-thong,A01,Điểm thi THPT,2023,20.66,Kĩ thuật điện tử - viễn thông
133903,SGD,ki-thuat-dien-tu-vien-thong,A00,Điểm thi THPT,2024,24.08,Kĩ thuật điện tử - viễn thông (Thiết kế vi mạch)
133904,SGD,ki-thuat-dien-tu-vien-thong,A01,Điểm thi THPT,2024,23.08,Kĩ thuật điện tử - viễn thông (Thiết kế vi mạch)
133905,SGD,kiem-toan,C01,Điểm thi THPT,2024,24.47,Kiểm toán
133906,SGD,kiem-toan,D01,Điểm thi THPT,2024,23.47,Kiểm toán
133907,SGD,kiem-toan,A00,Điểm thi THPT,2025,22.39,Kiểm toán
133908,SGD,kiem-toan,A01,Điểm thi THPT,2025,21.7,Kiểm toán
133909,SGD,kiem-toan,A02,Điểm thi THPT,2025,21.71,Kiểm toán
133910,SGD,kiem-toan,A03,Điểm thi THPT,2025,21.71,Kiểm toán
133911,SGD,kiem-toan,A04,Điểm thi THPT,2025,21.71,Kiểm toán
133912,SGD,kiem-toan,A05,Điểm thi THPT,2025,21.71,Kiểm toán
133913,SGD,kiem-toan,A06,Điểm thi THPT,2025,21.71,Kiểm toán
133914,SGD,kiem-toan,A07,Điểm thi THPT,2025,21.71,Kiểm toán
133915,SGD,kiem-toan,B00,Điểm thi THPT,2025,21.18,Kiểm toán
133916,SGD,kiem-toan,B01,Điểm thi THPT,2025,21.71,Kiểm toán
133917,SGD,kiem-toan,B02,Điểm thi THPT,2025,21.71,Kiểm toán
133918,SGD,kiem-toan,B03,Điểm thi THPT,2025,21.71,Kiểm toán
133919,SGD,kiem-toan,B08,Điểm thi THPT,2025,21.71,Kiểm toán
133920,SGD,kiem-toan,C01,Điểm thi THPT,2025,23.33,Kiểm toán
133921,SGD,kiem-toan,C02,Điểm thi THPT,2025,21.71,Kiểm toán
133922,SGD,kiem-toan,C03,Điểm thi THPT,2025,21.71,Kiểm toán
133923,SGD,kiem-toan,C04,Điểm thi THPT,2025,21.71,Kiểm toán
133924,SGD,kiem-toan,D01,Điểm thi THPT,2025,21.71,Kiểm toán
133925,SGD,kiem-toan,D07,Điểm thi THPT,2025,20.77,Kiểm toán
133926,SGD,kiem-toan,D09,Điểm thi THPT,2025,21.71,Kiểm toán
133927,SGD,kiem-toan,D10,Điểm thi THPT,2025,21.71,Kiểm toán
133928,SGD,kiem-toan,X01,Điểm thi THPT,2025,21.71,Kiểm toán
133929,SGD,kiem-toan,X02,Điểm thi THPT,2025,21.71,Kiểm toán
133930,SGD,kiem-toan,X03,Điểm thi THPT,2025,21.71,Kiểm toán
133931,SGD,kiem-toan,X04,Điểm thi THPT,2025,21.71,Kiểm toán
133932,SGD,kiem-toan,X05,Điểm thi THPT,2025,21.71,Kiểm toán
133933,SGD,kiem-toan,X06,Điểm thi THPT,2025,21.71,Kiểm toán
133934,SGD,kiem-toan,X07,Điểm thi THPT,2025,21.71,Kiểm toán
133935,SGD,kiem-toan,X08,Điểm thi THPT,2025,21.71,Kiểm toán
133936,SGD,kiem-toan,X09,Điểm thi THPT,2025,21.71,Kiểm toán
133937,SGD,kiem-toan,X10,Điểm thi THPT,2025,21.71,Kiểm toán
133938,SGD,kiem-toan,X11,Điểm thi THPT,2025,21.71,Kiểm toán
133939,SGD,kiem-toan,X12,Điểm thi THPT,2025,21.71,Kiểm toán
133940,SGD,kiem-toan,X13,Điểm thi THPT,2025,21.71,Kiểm toán
133941,SGD,kiem-toan,X14,Điểm thi THPT,2025,21.71,Kiểm toán
133942,SGD,kiem-toan,X15,Điểm thi THPT,2025,21.71,Kiểm toán
133943,SGD,kiem-toan,X16,Điểm thi THPT,2025,21.71,Kiểm toán
133944,SGD,kiem-toan,X17,Điểm thi THPT,2025,21.71,Kiểm toán
133945,SGD,kiem-toan,X18,Điểm thi THPT,2025,21.71,Kiểm toán
133946,SGD,kiem-toan,X19,Điểm thi THPT,2025,21.71,Kiểm toán
133947,SGD,kiem-toan,X20,Điểm thi THPT,2025,21.71,Kiểm toán
133948,SGD,kiem-toan,X21,Điểm thi THPT,2025,21.71,Kiểm toán
133949,SGD,kiem-toan,X22,Điểm thi THPT,2025,21.71,Kiểm toán
133950,SGD,kiem-toan,X23,Điểm thi THPT,2025,21.71,Kiểm toán
133951,SGD,kiem-toan,X24,Điểm thi THPT,2025,21.71,Kiểm toán
133952,SGD,kiem-toan,X25,Điểm thi THPT,2025,21.71,Kiểm toán
133953,SGD,kiem-toan,X26,Điểm thi THPT,2025,21.71,Kiểm toán
133954,SGD,kiem-toan,X27,Điểm thi THPT,2025,21.71,Kiểm toán
133955,SGD,kiem-toan,X28,Điểm thi THPT,2025,21.71,Kiểm toán
133956,SGD,kiem-toan,X53,Điểm thi THPT,2025,21.71,Kiểm toán
133957,SGD,kiem-toan,X54,Điểm thi THPT,2025,21.71,Kiểm toán
133958,SGD,kiem-toan,X55,Điểm thi THPT,2025,21.71,Kiểm toán
133959,SGD,kiem-toan,X56,Điểm thi THPT,2025,21.71,Kiểm toán
133960,SGD,kiem-toan,X57,Điểm thi THPT,2025,21.71,Kiểm toán
133961,SGD,kinh-doanh-quoc-te,A01,Điểm thi THPT,2021,26.16,Kinh doanh quốc tế
133962,SGD,kinh-doanh-quoc-te,D01,Điểm thi THPT,2021,25.16,Kinh doanh quốc tế
133963,SGD,kinh-doanh-quoc-te,A01,Điểm thi THPT,2022,25.48,Kinh doanh quốc tế
133964,SGD,kinh-doanh-quoc-te,D01,Điểm thi THPT,2022,24.48,Kinh doanh quốc tế
133965,SGD,kinh-doanh-quoc-te,A01,Điểm thi THPT,2023,24.98,Kinh doanh quốc tế
133966,SGD,kinh-doanh-quoc-te,D01,Điểm thi THPT,2023,23.98,Kinh doanh quốc tế
133967,SGD,kinh-doanh-quoc-te,A01,Điểm thi THPT,2024,25.24,Kinh doanh quốc tế
133968,SGD,kinh-doanh-quoc-te,D01,Điểm thi THPT,2024,24.24,Kinh doanh quốc tế
133969,SGD,kinh-doanh-quoc-te,A00,Điểm thi THPT,2025,21.99,Kinh doanh quốc tế
133970,SGD,kinh-doanh-quoc-te,A01,Điểm thi THPT,2025,21.3,Kinh doanh quốc tế
133971,SGD,kinh-doanh-quoc-te,A02,Điểm thi THPT,2025,21.31,Kinh doanh quốc tế
133972,SGD,kinh-doanh-quoc-te,A03,Điểm thi THPT,2025,21.31,Kinh doanh quốc tế
133973,SGD,kinh-doanh-quoc-te,A04,Điểm thi THPT,2025,21.31,Kinh doanh quốc tế
133974,SGD,kinh-doanh-quoc-te,A05,Điểm thi THPT,2025,21.31,Kinh doanh quốc tế
133975,SGD,kinh-doanh-quoc-te,A06,Điểm thi THPT,2025,21.31,Kinh doanh quốc tế
133976,SGD,kinh-doanh-quoc-te,A07,Điểm thi THPT,2025,21.31,Kinh doanh quốc tế
133977,SGD,kinh-doanh-quoc-te,B00,Điểm thi THPT,2025,20.78,Kinh doanh quốc tế
133978,SGD,kinh-doanh-quoc-te,B01,Điểm thi THPT,2025,21.31,Kinh doanh quốc tế
133979,SGD,kinh-doanh-quoc-te,B02,Điểm thi THPT,2025,21.31,Kinh doanh quốc tế
133980,SGD,kinh-doanh-quoc-te,B03,Điểm thi THPT,2025,21.31,Kinh doanh quốc tế
133981,SGD,kinh-doanh-quoc-te,B08,Điểm thi THPT,2025,21.31,Kinh doanh quốc tế
133982,SGD,kinh-doanh-quoc-te,C01,Điểm thi THPT,2025,22.93,Kinh doanh quốc tế
133983,SGD,kinh-doanh-quoc-te,C02,Điểm thi THPT,2025,21.31,Kinh doanh quốc tế
133984,SGD,kinh-doanh-quoc-te,C03,Điểm thi THPT,2025,21.31,Kinh doanh quốc tế
133985,SGD,kinh-doanh-quoc-te,C04,Điểm thi THPT,2025,21.31,Kinh doanh quốc tế
133986,SGD,kinh-doanh-quoc-te,D01,Điểm thi THPT,2025,21.31,Kinh doanh quốc tế
133987,SGD,kinh-doanh-quoc-te,D07,Điểm thi THPT,2025,20.37,Kinh doanh quốc tế
133988,SGD,kinh-doanh-quoc-te,D09,Điểm thi THPT,2025,21.31,Kinh doanh quốc tế
133989,SGD,kinh-doanh-quoc-te,D10,Điểm thi THPT,2025,21.31,Kinh doanh quốc tế
133990,SGD,kinh-doanh-quoc-te,X01,Điểm thi THPT,2025,21.31,Kinh doanh quốc tế
133991,SGD,kinh-doanh-quoc-te,X02,Điểm thi THPT,2025,21.31,Kinh doanh quốc tế
133992,SGD,kinh-doanh-quoc-te,X03,Điểm thi THPT,2025,21.31,Kinh doanh quốc tế
133993,SGD,kinh-doanh-quoc-te,X04,Điểm thi THPT,2025,21.31,Kinh doanh quốc tế
133994,SGD,kinh-doanh-quoc-te,X05,Điểm thi THPT,2025,21.31,Kinh doanh quốc tế
133995,SGD,kinh-doanh-quoc-te,X06,Điểm thi THPT,2025,21.31,Kinh doanh quốc tế
133996,SGD,kinh-doanh-quoc-te,X07,Điểm thi THPT,2025,21.31,Kinh doanh quốc tế
133997,SGD,kinh-doanh-quoc-te,X08,Điểm thi THPT,2025,21.31,Kinh doanh quốc tế
133998,SGD,kinh-doanh-quoc-te,X09,Điểm thi THPT,2025,21.31,Kinh doanh quốc tế
133999,SGD,kinh-doanh-quoc-te,X10,Điểm thi THPT,2025,21.31,Kinh doanh quốc tế
134000,SGD,kinh-doanh-quoc-te,X11,Điểm thi THPT,2025,21.31,Kinh doanh quốc tế
134001,SGD,kinh-doanh-quoc-te,X12,Điểm thi THPT,2025,21.31,Kinh doanh quốc tế
134002,SGD,kinh-doanh-quoc-te,X13,Điểm thi THPT,2025,21.31,Kinh doanh quốc tế
134003,SGD,kinh-doanh-quoc-te,X14,Điểm thi THPT,2025,21.31,Kinh doanh quốc tế
134004,SGD,kinh-doanh-quoc-te,X15,Điểm thi THPT,2025,21.31,Kinh doanh quốc tế
134005,SGD,kinh-doanh-quoc-te,X16,Điểm thi THPT,2025,21.31,Kinh doanh quốc tế
134006,SGD,kinh-doanh-quoc-te,X17,Điểm thi THPT,2025,21.31,Kinh doanh quốc tế
134007,SGD,kinh-doanh-quoc-te,X18,Điểm thi THPT,2025,21.31,Kinh doanh quốc tế
134008,SGD,kinh-doanh-quoc-te,X19,Điểm thi THPT,2025,21.31,Kinh doanh quốc tế
134009,SGD,kinh-doanh-quoc-te,X20,Điểm thi THPT,2025,21.31,Kinh doanh quốc tế
134010,SGD,kinh-doanh-quoc-te,X21,Điểm thi THPT,2025,21.31,Kinh doanh quốc tế
134011,SGD,kinh-doanh-quoc-te,X22,Điểm thi THPT,2025,21.31,Kinh doanh quốc tế
134012,SGD,kinh-doanh-quoc-te,X23,Điểm thi THPT,2025,21.31,Kinh doanh quốc tế
134013,SGD,kinh-doanh-quoc-te,X24,Điểm thi THPT,2025,21.31,Kinh doanh quốc tế
134014,SGD,kinh-doanh-quoc-te,X25,Điểm thi THPT,2025,21.31,Kinh doanh quốc tế
134015,SGD,kinh-doanh-quoc-te,X26,Điểm thi THPT,2025,21.31,Kinh doanh quốc tế
134016,SGD,kinh-doanh-quoc-te,X27,Điểm thi THPT,2025,21.31,Kinh doanh quốc tế
134017,SGD,kinh-doanh-quoc-te,X28,Điểm thi THPT,2025,21.31,Kinh doanh quốc tế
134018,SGD,kinh-doanh-quoc-te,X53,Điểm thi THPT,2025,21.31,Kinh doanh quốc tế
134019,SGD,kinh-doanh-quoc-te,X54,Điểm thi THPT,2025,21.31,Kinh doanh quốc tế
134020,SGD,kinh-doanh-quoc-te,X55,Điểm thi THPT,2025,21.31,Kinh doanh quốc tế
134021,SGD,kinh-doanh-quoc-te,X56,Điểm thi THPT,2025,21.31,Kinh doanh quốc tế
134022,SGD,kinh-doanh-quoc-te,X57,Điểm thi THPT,2025,21.31,Kinh doanh quốc tế
134023,SGD,ky-thuat-dien,A00,Điểm thi THPT,2025,20.62,Kỹ thuật điện
134024,SGD,ky-thuat-dien,A01,Điểm thi THPT,2025,19.93,Kỹ thuật điện
134025,SGD,ky-thuat-dien,A02,Điểm thi THPT,2025,19.93,Kỹ thuật điện
134026,SGD,ky-thuat-dien,A03,Điểm thi THPT,2025,19.93,Kỹ thuật điện
134027,SGD,ky-thuat-dien,A04,Điểm thi THPT,2025,19.93,Kỹ thuật điện
134028,SGD,ky-thuat-dien,A05,Điểm thi THPT,2025,19.93,Kỹ thuật điện
134029,SGD,ky-thuat-dien,A06,Điểm thi THPT,2025,19.93,Kỹ thuật điện
134030,SGD,ky-thuat-dien,A07,Điểm thi THPT,2025,19.93,Kỹ thuật điện
134031,SGD,ky-thuat-dien,B00,Điểm thi THPT,2025,19.93,Kỹ thuật điện
134032,SGD,ky-thuat-dien,B01,Điểm thi THPT,2025,19.93,Kỹ thuật điện
134033,SGD,ky-thuat-dien,B02,Điểm thi THPT,2025,19.93,Kỹ thuật điện
134034,SGD,ky-thuat-dien,B03,Điểm thi THPT,2025,19.93,Kỹ thuật điện
134035,SGD,ky-thuat-dien,B08,Điểm thi THPT,2025,19.93,Kỹ thuật điện
134036,SGD,ky-thuat-dien,C01,Điểm thi THPT,2025,19.93,Kỹ thuật điện
134037,SGD,ky-thuat-dien,C02,Điểm thi THPT,2025,19.93,Kỹ thuật điện
134038,SGD,ky-thuat-dien,C03,Điểm thi THPT,2025,19.93,Kỹ thuật điện
134039,SGD,ky-thuat-dien,C04,Điểm thi THPT,2025,19.93,Kỹ thuật điện
134040,SGD,ky-thuat-dien,D01,Điểm thi THPT,2025,19.93,Kỹ thuật điện
134041,SGD,ky-thuat-dien,D07,Điểm thi THPT,2025,19.93,Kỹ thuật điện
134042,SGD,ky-thuat-dien,D09,Điểm thi THPT,2025,19.93,Kỹ thuật điện
134043,SGD,ky-thuat-dien,D10,Điểm thi THPT,2025,19.93,Kỹ thuật điện
134044,SGD,ky-thuat-dien,X01,Điểm thi THPT,2025,19.93,Kỹ thuật điện
134045,SGD,ky-thuat-dien,X02,Điểm thi THPT,2025,19.93,Kỹ thuật điện
134046,SGD,ky-thuat-dien,X03,Điểm thi THPT,2025,19.93,Kỹ thuật điện
134047,SGD,ky-thuat-dien,X04,Điểm thi THPT,2025,19.93,Kỹ thuật điện
134048,SGD,ky-thuat-dien,X05,Điểm thi THPT,2025,19.93,Kỹ thuật điện
134049,SGD,ky-thuat-dien,X06,Điểm thi THPT,2025,19.93,Kỹ thuật điện
134050,SGD,ky-thuat-dien,X07,Điểm thi THPT,2025,19.93,Kỹ thuật điện
134051,SGD,ky-thuat-dien,X08,Điểm thi THPT,2025,19.93,Kỹ thuật điện
134052,SGD,ky-thuat-dien,X09,Điểm thi THPT,2025,19.93,Kỹ thuật điện
134053,SGD,ky-thuat-dien,X10,Điểm thi THPT,2025,19.93,Kỹ thuật điện
134054,SGD,ky-thuat-dien,X11,Điểm thi THPT,2025,19.93,Kỹ thuật điện
134055,SGD,ky-thuat-dien,X12,Điểm thi THPT,2025,19.93,Kỹ thuật điện
134056,SGD,ky-thuat-dien,X13,Điểm thi THPT,2025,19.93,Kỹ thuật điện
134057,SGD,ky-thuat-dien,X14,Điểm thi THPT,2025,19.93,Kỹ thuật điện
134058,SGD,ky-thuat-dien,X15,Điểm thi THPT,2025,19.93,Kỹ thuật điện
134059,SGD,ky-thuat-dien,X16,Điểm thi THPT,2025,19.93,Kỹ thuật điện
134060,SGD,ky-thuat-dien,X17,Điểm thi THPT,2025,19.93,Kỹ thuật điện
134061,SGD,ky-thuat-dien,X18,Điểm thi THPT,2025,19.93,Kỹ thuật điện
134062,SGD,ky-thuat-dien,X19,Điểm thi THPT,2025,19.93,Kỹ thuật điện
134063,SGD,ky-thuat-dien,X20,Điểm thi THPT,2025,19.93,Kỹ thuật điện
134064,SGD,ky-thuat-dien,X21,Điểm thi THPT,2025,19.93,Kỹ thuật điện
134065,SGD,ky-thuat-dien,X22,Điểm thi THPT,2025,19.93,Kỹ thuật điện
134066,SGD,ky-thuat-dien,X23,Điểm thi THPT,2025,19.93,Kỹ thuật điện
134067,SGD,ky-thuat-dien,X24,Điểm thi THPT,2025,19.93,Kỹ thuật điện
134068,SGD,ky-thuat-dien,X25,Điểm thi THPT,2025,19.93,Kỹ thuật điện
134069,SGD,ky-thuat-dien,X26,Điểm thi THPT,2025,19.93,Kỹ thuật điện
134070,SGD,ky-thuat-dien,X27,Điểm thi THPT,2025,19.93,Kỹ thuật điện
134071,SGD,ky-thuat-dien,X28,Điểm thi THPT,2025,19.93,Kỹ thuật điện
134072,SGD,ky-thuat-dien,X53,Điểm thi THPT,2025,19.93,Kỹ thuật điện
134073,SGD,ky-thuat-dien,X54,Điểm thi THPT,2025,19.93,Kỹ thuật điện
134074,SGD,ky-thuat-dien,X55,Điểm thi THPT,2025,19.93,Kỹ thuật điện
134075,SGD,ky-thuat-dien-tu-vien-thong,A00,Điểm thi THPT,2025,20.65,Kỹ thuật điện tử - viễn thông
134076,SGD,ky-thuat-dien-tu-vien-thong,A01,Điểm thi THPT,2025,19.96,Kỹ thuật điện tử - viễn thông
134077,SGD,ky-thuat-dien-tu-vien-thong,A02,Điểm thi THPT,2025,19.96,Kỹ thuật điện tử - viễn thông
134078,SGD,ky-thuat-dien-tu-vien-thong,A03,Điểm thi THPT,2025,19.96,Kỹ thuật điện tử - viễn thông
134079,SGD,ky-thuat-dien-tu-vien-thong,A04,Điểm thi THPT,2025,19.96,Kỹ thuật điện tử - viễn thông
134080,SGD,ky-thuat-dien-tu-vien-thong,A05,Điểm thi THPT,2025,19.96,Kỹ thuật điện tử - viễn thông
134081,SGD,ky-thuat-dien-tu-vien-thong,A06,Điểm thi THPT,2025,19.96,Kỹ thuật điện tử - viễn thông
134082,SGD,ky-thuat-dien-tu-vien-thong,A07,Điểm thi THPT,2025,19.96,Kỹ thuật điện tử - viễn thông
134083,SGD,ky-thuat-dien-tu-vien-thong,B00,Điểm thi THPT,2025,19.96,Kỹ thuật điện tử - viễn thông
134084,SGD,ky-thuat-dien-tu-vien-thong,B01,Điểm thi THPT,2025,19.96,Kỹ thuật điện tử - viễn thông
134085,SGD,ky-thuat-dien-tu-vien-thong,B02,Điểm thi THPT,2025,19.96,Kỹ thuật điện tử - viễn thông
134086,SGD,ky-thuat-dien-tu-vien-thong,B03,Điểm thi THPT,2025,19.96,Kỹ thuật điện tử - viễn thông
134087,SGD,ky-thuat-dien-tu-vien-thong,B08,Điểm thi THPT,2025,19.96,Kỹ thuật điện tử - viễn thông
134088,SGD,ky-thuat-dien-tu-vien-thong,C01,Điểm thi THPT,2025,21.59,Kỹ thuật điện tử - viễn thông
134089,SGD,ky-thuat-dien-tu-vien-thong,C02,Điểm thi THPT,2025,19.96,Kỹ thuật điện tử - viễn thông
134090,SGD,ky-thuat-dien-tu-vien-thong,C03,Điểm thi THPT,2025,19.96,Kỹ thuật điện tử - viễn thông
134091,SGD,ky-thuat-dien-tu-vien-thong,C04,Điểm thi THPT,2025,19.96,Kỹ thuật điện tử - viễn thông
134092,SGD,ky-thuat-dien-tu-vien-thong,D01,Điểm thi THPT,2025,19.97,Kỹ thuật điện tử - viễn thông
134093,SGD,ky-thuat-dien-tu-vien-thong,D07,Điểm thi THPT,2025,19.03,Kỹ thuật điện tử - viễn thông
134094,SGD,ky-thuat-dien-tu-vien-thong,D09,Điểm thi THPT,2025,19.96,Kỹ thuật điện tử - viễn thông
134095,SGD,ky-thuat-dien-tu-vien-thong,D10,Điểm thi THPT,2025,19.96,Kỹ thuật điện tử - viễn thông
134096,SGD,ky-thuat-dien-tu-vien-thong,X01,Điểm thi THPT,2025,19.96,Kỹ thuật điện tử - viễn thông
134097,SGD,ky-thuat-dien-tu-vien-thong,X02,Điểm thi THPT,2025,19.96,Kỹ thuật điện tử - viễn thông
134098,SGD,ky-thuat-dien-tu-vien-thong,X03,Điểm thi THPT,2025,19.96,Kỹ thuật điện tử - viễn thông
134099,SGD,ky-thuat-dien-tu-vien-thong,X04,Điểm thi THPT,2025,19.96,Kỹ thuật điện tử - viễn thông
134100,SGD,ky-thuat-dien-tu-vien-thong,X05,Điểm thi THPT,2025,19.96,Kỹ thuật điện tử - viễn thông
134101,SGD,ky-thuat-dien-tu-vien-thong,X06,Điểm thi THPT,2025,19.96,Kỹ thuật điện tử - viễn thông
134102,SGD,ky-thuat-dien-tu-vien-thong,X07,Điểm thi THPT,2025,19.96,Kỹ thuật điện tử - viễn thông
134103,SGD,ky-thuat-dien-tu-vien-thong,X08,Điểm thi THPT,2025,19.96,Kỹ thuật điện tử - viễn thông
134104,SGD,ky-thuat-dien-tu-vien-thong,X09,Điểm thi THPT,2025,19.96,Kỹ thuật điện tử - viễn thông
134105,SGD,ky-thuat-dien-tu-vien-thong,X10,Điểm thi THPT,2025,19.96,Kỹ thuật điện tử - viễn thông
134106,SGD,ky-thuat-dien-tu-vien-thong,X11,Điểm thi THPT,2025,19.96,Kỹ thuật điện tử - viễn thông
134107,SGD,ky-thuat-dien-tu-vien-thong,X12,Điểm thi THPT,2025,19.96,Kỹ thuật điện tử - viễn thông
134108,SGD,ky-thuat-dien-tu-vien-thong,X13,Điểm thi THPT,2025,19.96,Kỹ thuật điện tử - viễn thông
134109,SGD,ky-thuat-dien-tu-vien-thong,X14,Điểm thi THPT,2025,19.96,Kỹ thuật điện tử - viễn thông
134110,SGD,ky-thuat-dien-tu-vien-thong,X15,Điểm thi THPT,2025,19.96,Kỹ thuật điện tử - viễn thông
134111,SGD,ky-thuat-dien-tu-vien-thong,X16,Điểm thi THPT,2025,19.96,Kỹ thuật điện tử - viễn thông
134112,SGD,ky-thuat-dien-tu-vien-thong,X17,Điểm thi THPT,2025,19.96,Kỹ thuật điện tử - viễn thông
134113,SGD,ky-thuat-dien-tu-vien-thong,X18,Điểm thi THPT,2025,19.96,Kỹ thuật điện tử - viễn thông
134114,SGD,ky-thuat-dien-tu-vien-thong,X19,Điểm thi THPT,2025,19.96,Kỹ thuật điện tử - viễn thông
134115,SGD,ky-thuat-dien-tu-vien-thong,X20,Điểm thi THPT,2025,19.96,Kỹ thuật điện tử - viễn thông
134116,SGD,ky-thuat-dien-tu-vien-thong,X21,Điểm thi THPT,2025,19.96,Kỹ thuật điện tử - viễn thông
134117,SGD,ky-thuat-dien-tu-vien-thong,X22,Điểm thi THPT,2025,19.96,Kỹ thuật điện tử - viễn thông
134118,SGD,ky-thuat-dien-tu-vien-thong,X23,Điểm thi THPT,2025,19.96,Kỹ thuật điện tử - viễn thông
134119,SGD,ky-thuat-dien-tu-vien-thong,X24,Điểm thi THPT,2025,19.96,Kỹ thuật điện tử - viễn thông
134120,SGD,ky-thuat-dien-tu-vien-thong,X25,Điểm thi THPT,2025,19.96,Kỹ thuật điện tử - viễn thông
134121,SGD,ky-thuat-dien-tu-vien-thong,X26,Điểm thi THPT,2025,19.96,Kỹ thuật điện tử - viễn thông
134122,SGD,ky-thuat-dien-tu-vien-thong,X27,Điểm thi THPT,2025,19.96,Kỹ thuật điện tử - viễn thông
134123,SGD,ky-thuat-dien-tu-vien-thong,X28,Điểm thi THPT,2025,19.96,Kỹ thuật điện tử - viễn thông
134124,SGD,ky-thuat-dien-tu-vien-thong,X53,Điểm thi THPT,2025,19.96,Kỹ thuật điện tử - viễn thông
134125,SGD,ky-thuat-dien-tu-vien-thong,X54,Điểm thi THPT,2025,19.96,Kỹ thuật điện tử - viễn thông
134126,SGD,ky-thuat-dien-tu-vien-thong,X55,Điểm thi THPT,2025,19.96,Kỹ thuật điện tử - viễn thông
134127,SGD,ky-thuat-phan-mem,A00,Điểm thi THPT,2021,25.31,Kỹ thuật phần mềm
134128,SGD,ky-thuat-phan-mem,A01,Điểm thi THPT,2021,25.31,Kỹ thuật phần mềm
134129,SGD,ky-thuat-phan-mem,A00,Điểm thi THPT,2022,24.94,Kỹ thuật phần mềm
134130,SGD,ky-thuat-phan-mem,A01,Điểm thi THPT,2022,24.94,Kỹ thuật phần mềm
134131,SGD,ky-thuat-phan-mem,A00,Điểm thi THPT,2023,24.21,Kỹ thuật phần mềm
134132,SGD,ky-thuat-phan-mem,A01,Điểm thi THPT,2023,24.21,Kỹ thuật phần mềm
134133,SGD,ky-thuat-phan-mem,A00,Điểm thi THPT,2024,24.34,Kỹ thuật phần mềm
134134,SGD,ky-thuat-phan-mem,A01,Điểm thi THPT,2024,24.34,Kỹ thuật phần mềm
134135,SGD,ky-thuat-phan-mem,A00,Điểm thi THPT,2025,21.68,Kỹ thuật phần mềm
134136,SGD,ky-thuat-phan-mem,A01,Điểm thi THPT,2025,20.99,Kỹ thuật phần mềm
134137,SGD,ky-thuat-phan-mem,A02,Điểm thi THPT,2025,21.0,Kỹ thuật phần mềm
134138,SGD,ky-thuat-phan-mem,A03,Điểm thi THPT,2025,21.0,Kỹ thuật phần mềm
134139,SGD,ky-thuat-phan-mem,A04,Điểm thi THPT,2025,21.0,Kỹ thuật phần mềm
134140,SGD,ky-thuat-phan-mem,A05,Điểm thi THPT,2025,21.0,Kỹ thuật phần mềm
134141,SGD,ky-thuat-phan-mem,A06,Điểm thi THPT,2025,21.0,Kỹ thuật phần mềm
134142,SGD,ky-thuat-phan-mem,A07,Điểm thi THPT,2025,21.0,Kỹ thuật phần mềm
134143,SGD,ky-thuat-phan-mem,B00,Điểm thi THPT,2025,21.0,Kỹ thuật phần mềm
134144,SGD,ky-thuat-phan-mem,B01,Điểm thi THPT,2025,21.0,Kỹ thuật phần mềm
134145,SGD,ky-thuat-phan-mem,B02,Điểm thi THPT,2025,21.0,Kỹ thuật phần mềm
134146,SGD,ky-thuat-phan-mem,B03,Điểm thi THPT,2025,21.0,Kỹ thuật phần mềm
134147,SGD,ky-thuat-phan-mem,B08,Điểm thi THPT,2025,21.0,Kỹ thuật phần mềm
134148,SGD,ky-thuat-phan-mem,C01,Điểm thi THPT,2025,22.62,Kỹ thuật phần mềm
134149,SGD,ky-thuat-phan-mem,C02,Điểm thi THPT,2025,21.0,Kỹ thuật phần mềm
134150,SGD,ky-thuat-phan-mem,C03,Điểm thi THPT,2025,21.0,Kỹ thuật phần mềm
134151,SGD,ky-thuat-phan-mem,C04,Điểm thi THPT,2025,21.0,Kỹ thuật phần mềm
134152,SGD,ky-thuat-phan-mem,D01,Điểm thi THPT,2025,21.0,Kỹ thuật phần mềm
134153,SGD,ky-thuat-phan-mem,D07,Điểm thi THPT,2025,20.06,Kỹ thuật phần mềm
134154,SGD,ky-thuat-phan-mem,D09,Điểm thi THPT,2025,21.0,Kỹ thuật phần mềm
134155,SGD,ky-thuat-phan-mem,D10,Điểm thi THPT,2025,21.0,Kỹ thuật phần mềm
134156,SGD,ky-thuat-phan-mem,X01,Điểm thi THPT,2025,21.0,Kỹ thuật phần mềm
134157,SGD,ky-thuat-phan-mem,X02,Điểm thi THPT,2025,21.0,Kỹ thuật phần mềm
134158,SGD,ky-thuat-phan-mem,X03,Điểm thi THPT,2025,21.0,Kỹ thuật phần mềm
134159,SGD,ky-thuat-phan-mem,X04,Điểm thi THPT,2025,21.0,Kỹ thuật phần mềm
134160,SGD,ky-thuat-phan-mem,X05,Điểm thi THPT,2025,21.0,Kỹ thuật phần mềm
134161,SGD,ky-thuat-phan-mem,X06,Điểm thi THPT,2025,21.0,Kỹ thuật phần mềm
134162,SGD,ky-thuat-phan-mem,X07,Điểm thi THPT,2025,21.0,Kỹ thuật phần mềm
134163,SGD,ky-thuat-phan-mem,X08,Điểm thi THPT,2025,21.0,Kỹ thuật phần mềm
134164,SGD,ky-thuat-phan-mem,X09,Điểm thi THPT,2025,21.0,Kỹ thuật phần mềm
134165,SGD,ky-thuat-phan-mem,X10,Điểm thi THPT,2025,21.0,Kỹ thuật phần mềm
134166,SGD,ky-thuat-phan-mem,X11,Điểm thi THPT,2025,21.0,Kỹ thuật phần mềm
134167,SGD,ky-thuat-phan-mem,X12,Điểm thi THPT,2025,21.0,Kỹ thuật phần mềm
134168,SGD,ky-thuat-phan-mem,X13,Điểm thi THPT,2025,21.0,Kỹ thuật phần mềm
134169,SGD,ky-thuat-phan-mem,X14,Điểm thi THPT,2025,21.0,Kỹ thuật phần mềm
134170,SGD,ky-thuat-phan-mem,X15,Điểm thi THPT,2025,21.0,Kỹ thuật phần mềm
134171,SGD,ky-thuat-phan-mem,X16,Điểm thi THPT,2025,21.0,Kỹ thuật phần mềm
134172,SGD,ky-thuat-phan-mem,X17,Điểm thi THPT,2025,21.0,Kỹ thuật phần mềm
134173,SGD,ky-thuat-phan-mem,X18,Điểm thi THPT,2025,21.0,Kỹ thuật phần mềm
134174,SGD,ky-thuat-phan-mem,X19,Điểm thi THPT,2025,21.0,Kỹ thuật phần mềm
134175,SGD,ky-thuat-phan-mem,X20,Điểm thi THPT,2025,21.0,Kỹ thuật phần mềm
134176,SGD,ky-thuat-phan-mem,X21,Điểm thi THPT,2025,21.0,Kỹ thuật phần mềm
134177,SGD,ky-thuat-phan-mem,X22,Điểm thi THPT,2025,21.0,Kỹ thuật phần mềm
134178,SGD,ky-thuat-phan-mem,X23,Điểm thi THPT,2025,21.0,Kỹ thuật phần mềm
134179,SGD,ky-thuat-phan-mem,X24,Điểm thi THPT,2025,21.0,Kỹ thuật phần mềm
134180,SGD,ky-thuat-phan-mem,X25,Điểm thi THPT,2025,21.0,Kỹ thuật phần mềm
134181,SGD,ky-thuat-phan-mem,X26,Điểm thi THPT,2025,21.0,Kỹ thuật phần mềm
134182,SGD,ky-thuat-phan-mem,X27,Điểm thi THPT,2025,21.0,Kỹ thuật phần mềm
134183,SGD,ky-thuat-phan-mem,X28,Điểm thi THPT,2025,21.0,Kỹ thuật phần mềm
134184,SGD,ky-thuat-phan-mem,X53,Điểm thi THPT,2025,21.0,Kỹ thuật phần mềm
134185,SGD,ky-thuat-phan-mem,X54,Điểm thi THPT,2025,21.0,Kỹ thuật phần mềm
134186,SGD,ky-thuat-phan-mem,X55,Điểm thi THPT,2025,21.0,Kỹ thuật phần mềm
134187,SGD,ky-thuat-phan-mem,X56,Điểm thi THPT,2025,21.0,Kỹ thuật phần mềm
134188,SGD,ky-thuat-phan-mem,X57,Điểm thi THPT,2025,21.0,Kỹ thuật phần mềm
134189,SGD,lich-su,C00,Điểm thi THPT,2025,27.02,Lịch sử
134190,SGD,lich-su,C03,Điểm thi THPT,2025,27.02,Lịch sử
134191,SGD,lich-su,C07,Điểm thi THPT,2025,27.02,Lịch sử
134192,SGD,lich-su,C10,Điểm thi THPT,2025,27.02,Lịch sử
134193,SGD,lich-su,C12,Điểm thi THPT,2025,27.02,Lịch sử
134194,SGD,lich-su,D14,Điểm thi THPT,2025,27.02,Lịch sử
134195,SGD,lich-su,X70,Điểm thi THPT,2025,27.02,Lịch sử
134196,SGD,lich-su,X71,Điểm thi THPT,2025,27.02,Lịch sử
134197,SGD,lich-su,X72,Điểm thi THPT,2025,27.02,Lịch sử
134198,SGD,lich-su,X73,Điểm thi THPT,2025,27.02,Lịch sử
134199,SGD,luat,C03,Điểm thi THPT,2021,24.85,Luật
134200,SGD,luat,D01,Điểm thi THPT,2021,23.85,Luật
134201,SGD,luat,C03,Điểm thi THPT,2022,23.8,Luật
134202,SGD,luat,D01,Điểm thi THPT,2022,22.8,Luật
134203,SGD,luat,C03,Điểm thi THPT,2023,23.87,Luật
134204,SGD,luat,D01,Điểm thi THPT,2023,22.87,Luật
134205,SGD,luat,C03,Điểm thi THPT,2024,24.76,Luật
134206,SGD,luat,D01,Điểm thi THPT,2024,23.76,Luật
134207,SGD,luat,B03,Điểm thi THPT,2025,21.58,Luật
134208,SGD,luat,C01,Điểm thi THPT,2025,23.2,Luật
134209,SGD,luat,C02,Điểm thi THPT,2025,21.58,Luật
134210,SGD,luat,C03,Điểm thi THPT,2025,21.58,Luật
134211,SGD,luat,C04,Điểm thi THPT,2025,21.58,Luật
134212,SGD,luat,D01,Điểm thi THPT,2025,21.58,Luật
134213,SGD,luat,X01,Điểm thi THPT,2025,21.58,Luật
134214,SGD,luat,X02,Điểm thi THPT,2025,21.58,Luật
134215,SGD,luat,X03,Điểm thi THPT,2025,21.58,Luật
134216,SGD,luat,X04,Điểm thi THPT,2025,21.58,Luật
134217,SGD,ngon-ngu-anh,D01,Điểm thi THPT,2021,26.06,Ngôn ngữ Anh (CN Thương mại và Du lịch)
134218,SGD,ngon-ngu-anh,D01,Điểm thi THPT,2022,24.24,Ngôn ngữ Anh (CN Thương mại và Du lịch)
134219,SGD,ngon-ngu-anh,D01,Điểm thi THPT,2023,24.58,Ngôn ngữ Anh (CN Thương mại và Du lịch)
134220,SGD,ngon-ngu-anh,D01,Điểm thi THPT,2024,25.29,Ngôn ngữ Anh (CN Thương mại và Du lịch)
134221,SGD,ngon-ngu-anh,A01,Điểm thi THPT,2025,24.79,Ngôn ngữ Anh
134222,SGD,ngon-ngu-anh,B08,Điểm thi THPT,2025,24.8,Ngôn ngữ Anh
134223,SGD,ngon-ngu-anh,D01,Điểm thi THPT,2025,24.8,Ngôn ngữ Anh
134224,SGD,ngon-ngu-anh,D07,Điểm thi THPT,2025,23.86,Ngôn ngữ Anh
134225,SGD,ngon-ngu-anh,D09,Điểm thi THPT,2025,24.8,Ngôn ngữ Anh
134226,SGD,ngon-ngu-anh,D10,Điểm thi THPT,2025,24.8,Ngôn ngữ Anh
134227,SGD,ngon-ngu-anh,D11,Điểm thi THPT,2025,24.8,Ngôn ngữ Anh
134228,SGD,ngon-ngu-anh,D12,Điểm thi THPT,2025,24.8,Ngôn ngữ Anh
134229,SGD,ngon-ngu-anh,D13,Điểm thi THPT,2025,24.8,Ngôn ngữ Anh
134230,SGD,ngon-ngu-anh,D14,Điểm thi THPT,2025,24.8,Ngôn ngữ Anh
134231,SGD,ngon-ngu-anh,D15,Điểm thi THPT,2025,24.8,Ngôn ngữ Anh
134232,SGD,ngon-ngu-anh,X25,Điểm thi THPT,2025,24.8,Ngôn ngữ Anh
134233,SGD,ngon-ngu-anh,X26,Điểm thi THPT,2025,24.8,Ngôn ngữ Anh
134234,SGD,ngon-ngu-anh,X27,Điểm thi THPT,2025,24.8,Ngôn ngữ Anh
134235,SGD,ngon-ngu-anh,X28,Điểm thi THPT,2025,24.8,Ngôn ngữ Anh
134236,SGD,ngon-ngu-anh,X78,Điểm thi THPT,2025,24.8,Ngôn ngữ Anh
134237,SGD,ngon-ngu-anh,X79,Điểm thi THPT,2025,24.8,Ngôn ngữ Anh
134238,SGD,ngon-ngu-anh,X80,Điểm thi THPT,2025,24.8,Ngôn ngữ Anh
134239,SGD,ngon-ngu-anh,X81,Điểm thi THPT,2025,24.8,Ngôn ngữ Anh
134240,SGD,quan-ly-giao-duc,C04,Điểm thi THPT,2021,23.55,Quản lý giáo dục
134241,SGD,quan-ly-giao-duc,D01,Điểm thi THPT,2021,22.55,Quản lý giáo dục
134242,SGD,quan-ly-giao-duc,C04,Điểm thi THPT,2022,22.15,Quản lý giáo dục
134243,SGD,quan-ly-giao-duc,D01,Điểm thi THPT,2022,21.15,Quản lý giáo dục
134244,SGD,quan-ly-giao-duc,C04,Điểm thi THPT,2023,23.39,Quản lý giáo dục
134245,SGD,quan-ly-giao-duc,D01,Điểm thi THPT,2023,22.39,Quản lý giáo dục
134246,SGD,quan-ly-giao-duc,C04,Điểm thi THPT,2024,24.89,Quản lý giáo dục
134247,SGD,quan-ly-giao-duc,D01,Điểm thi THPT,2024,23.89,Quản lý giáo dục
134248,SGD,quan-ly-giao-duc,B03,Điểm thi THPT,2025,22.59,Quản lý giáo dục
134249,SGD,quan-ly-giao-duc,C01,Điểm thi THPT,2025,24.21,Quản lý giáo dục
134250,SGD,quan-ly-giao-duc,C02,Điểm thi THPT,2025,22.59,Quản lý giáo dục
134251,SGD,quan-ly-giao-duc,C03,Điểm thi THPT,2025,22.59,Quản lý giáo dục
134252,SGD,quan-ly-giao-duc,C04,Điểm thi THPT,2025,22.59,Quản lý giáo dục
134253,SGD,quan-ly-giao-duc,D01,Điểm thi THPT,2025,22.59,Quản lý giáo dục
134254,SGD,quan-ly-giao-duc,X01,Điểm thi THPT,2025,22.59,Quản lý giáo dục
134255,SGD,quan-ly-giao-duc,X02,Điểm thi THPT,2025,22.59,Quản lý giáo dục
134256,SGD,quan-ly-giao-duc,X03,Điểm thi THPT,2025,22.59,Quản lý giáo dục
134257,SGD,quan-ly-giao-duc,X04,Điểm thi THPT,2025,22.59,Quản lý giáo dục
134258,SGD,quan-tri-kinh-doanh,A01,Điểm thi THPT,2021,25.26,Quản trị kinh doanh
134259,SGD,quan-tri-kinh-doanh,D01,Điểm thi THPT,2021,24.26,Quản trị kinh doanh
134260,SGD,quan-tri-kinh-doanh,A01,Điểm thi THPT,2022,23.16,Quản trị kinh doanh
134261,SGD,quan-tri-kinh-doanh,D01,Điểm thi THPT,2022,22.16,Quản trị kinh doanh
134262,SGD,quan-tri-kinh-doanh,A01,Điểm thi THPT,2023,23.85,Quản trị kinh doanh
134263,SGD,quan-tri-kinh-doanh,D01,Điểm thi THPT,2023,22.85,Quản trị kinh doanh
134264,SGD,quan-tri-kinh-doanh,A01,Điểm thi THPT,2024,23.97,Quản trị kinh doanh
134265,SGD,quan-tri-kinh-doanh,D01,Điểm thi THPT,2024,22.97,Quản trị kinh doanh
134266,SGD,quan-tri-kinh-doanh,A00,Điểm thi THPT,2025,20.93,Quản trị kinh doanh
134267,SGD,quan-tri-kinh-doanh,A01,Điểm thi THPT,2025,20.24,Quản trị kinh doanh
134268,SGD,quan-tri-kinh-doanh,A02,Điểm thi THPT,2025,20.25,Quản trị kinh doanh
134269,SGD,quan-tri-kinh-doanh,A03,Điểm thi THPT,2025,20.25,Quản trị kinh doanh
134270,SGD,quan-tri-kinh-doanh,A04,Điểm thi THPT,2025,20.25,Quản trị kinh doanh
134271,SGD,quan-tri-kinh-doanh,A05,Điểm thi THPT,2025,20.25,Quản trị kinh doanh
134272,SGD,quan-tri-kinh-doanh,A06,Điểm thi THPT,2025,20.25,Quản trị kinh doanh
134273,SGD,quan-tri-kinh-doanh,A07,Điểm thi THPT,2025,20.25,Quản trị kinh doanh
134274,SGD,quan-tri-kinh-doanh,B00,Điểm thi THPT,2025,19.72,Quản trị kinh doanh
134275,SGD,quan-tri-kinh-doanh,B01,Điểm thi THPT,2025,20.25,Quản trị kinh doanh
134276,SGD,quan-tri-kinh-doanh,B02,Điểm thi THPT,2025,20.25,Quản trị kinh doanh
134277,SGD,quan-tri-kinh-doanh,B03,Điểm thi THPT,2025,20.25,Quản trị kinh doanh
134278,SGD,quan-tri-kinh-doanh,B08,Điểm thi THPT,2025,20.25,Quản trị kinh doanh
134279,SGD,quan-tri-kinh-doanh,C01,Điểm thi THPT,2025,21.87,Quản trị kinh doanh
134280,SGD,quan-tri-kinh-doanh,C02,Điểm thi THPT,2025,20.25,Quản trị kinh doanh
134281,SGD,quan-tri-kinh-doanh,C03,Điểm thi THPT,2025,20.25,Quản trị kinh doanh
134282,SGD,quan-tri-kinh-doanh,C04,Điểm thi THPT,2025,20.25,Quản trị kinh doanh
134283,SGD,quan-tri-kinh-doanh,D01,Điểm thi THPT,2025,20.25,Quản trị kinh doanh
134284,SGD,quan-tri-kinh-doanh,D07,Điểm thi THPT,2025,19.31,Quản trị kinh doanh
134285,SGD,quan-tri-kinh-doanh,D09,Điểm thi THPT,2025,20.25,Quản trị kinh doanh
134286,SGD,quan-tri-kinh-doanh,D10,Điểm thi THPT,2025,20.25,Quản trị kinh doanh
134287,SGD,quan-tri-kinh-doanh,X01,Điểm thi THPT,2025,20.25,Quản trị kinh doanh
134288,SGD,quan-tri-kinh-doanh,X02,Điểm thi THPT,2025,20.25,Quản trị kinh doanh
134289,SGD,quan-tri-kinh-doanh,X03,Điểm thi THPT,2025,20.25,Quản trị kinh doanh
134290,SGD,quan-tri-kinh-doanh,X04,Điểm thi THPT,2025,20.25,Quản trị kinh doanh
134291,SGD,quan-tri-kinh-doanh,X05,Điểm thi THPT,2025,20.25,Quản trị kinh doanh
134292,SGD,quan-tri-kinh-doanh,X06,Điểm thi THPT,2025,20.25,Quản trị kinh doanh
134293,SGD,quan-tri-kinh-doanh,X07,Điểm thi THPT,2025,20.25,Quản trị kinh doanh
134294,SGD,quan-tri-kinh-doanh,X08,Điểm thi THPT,2025,20.25,Quản trị kinh doanh
134295,SGD,quan-tri-kinh-doanh,X09,Điểm thi THPT,2025,20.25,Quản trị kinh doanh
134296,SGD,quan-tri-kinh-doanh,X10,Điểm thi THPT,2025,20.25,Quản trị kinh doanh
134297,SGD,quan-tri-kinh-doanh,X11,Điểm thi THPT,2025,20.25,Quản trị kinh doanh
134298,SGD,quan-tri-kinh-doanh,X12,Điểm thi THPT,2025,20.25,Quản trị kinh doanh
134299,SGD,quan-tri-kinh-doanh,X13,Điểm thi THPT,2025,20.25,Quản trị kinh doanh
134300,SGD,quan-tri-kinh-doanh,X14,Điểm thi THPT,2025,20.25,Quản trị kinh doanh
134301,SGD,quan-tri-kinh-doanh,X15,Điểm thi THPT,2025,20.25,Quản trị kinh doanh
134302,SGD,quan-tri-kinh-doanh,X16,Điểm thi THPT,2025,20.25,Quản trị kinh doanh
134303,SGD,quan-tri-kinh-doanh,X17,Điểm thi THPT,2025,20.25,Quản trị kinh doanh
134304,SGD,quan-tri-kinh-doanh,X18,Điểm thi THPT,2025,20.25,Quản trị kinh doanh
134305,SGD,quan-tri-kinh-doanh,X19,Điểm thi THPT,2025,20.25,Quản trị kinh doanh
134306,SGD,quan-tri-kinh-doanh,X20,Điểm thi THPT,2025,20.25,Quản trị kinh doanh
134307,SGD,quan-tri-kinh-doanh,X21,Điểm thi THPT,2025,20.25,Quản trị kinh doanh
134308,SGD,quan-tri-kinh-doanh,X22,Điểm thi THPT,2025,20.25,Quản trị kinh doanh
134309,SGD,quan-tri-kinh-doanh,X23,Điểm thi THPT,2025,20.25,Quản trị kinh doanh
134310,SGD,quan-tri-kinh-doanh,X24,Điểm thi THPT,2025,20.25,Quản trị kinh doanh
134311,SGD,quan-tri-kinh-doanh,X25,Điểm thi THPT,2025,20.25,Quản trị kinh doanh
134312,SGD,quan-tri-kinh-doanh,X26,Điểm thi THPT,2025,20.25,Quản trị kinh doanh
134313,SGD,quan-tri-kinh-doanh,X27,Điểm thi THPT,2025,20.25,Quản trị kinh doanh
134314,SGD,quan-tri-kinh-doanh,X28,Điểm thi THPT,2025,20.25,Quản trị kinh doanh
134315,SGD,quan-tri-kinh-doanh,X53,Điểm thi THPT,2025,20.25,Quản trị kinh doanh
134316,SGD,quan-tri-kinh-doanh,X54,Điểm thi THPT,2025,20.25,Quản trị kinh doanh
134317,SGD,quan-tri-kinh-doanh,X55,Điểm thi THPT,2025,20.25,Quản trị kinh doanh
134318,SGD,quan-tri-kinh-doanh,X56,Điểm thi THPT,2025,20.25,Quản trị kinh doanh
134319,SGD,quan-tri-kinh-doanh,X57,Điểm thi THPT,2025,20.25,Quản trị kinh doanh
134320,SGD,quan-tri-nha-hang-va-dich-vu-an-uong,D01,Điểm thi THPT,2023,22.8,Quản trị nhà hàng và dịch vụ ăn uống
134321,SGD,quan-tri-nha-hang-va-dich-vu-an-uong,G00,Điểm thi THPT,2023,22.8,Quản trị nhà hàng và dịch vụ ăn uống
134322,SGD,quan-tri-nha-hang-va-dich-vu-an-uong,A01,Điểm thi THPT,2024,23.51,Quản trị nhà hàng và dịch vụ ăn uống
134323,SGD,quan-tri-nha-hang-va-dich-vu-an-uong,D01,Điểm thi THPT,2024,23.51,Quản trị nhà hàng và dịch vụ ăn uống
134324,SGD,quan-tri-nha-hang-va-dich-vu-an-uong,A00,Điểm thi THPT,2025,20.83,Quản trị nhà hàng và dịch vụ ăn uống
134325,SGD,quan-tri-nha-hang-va-dich-vu-an-uong,A01,Điểm thi THPT,2025,20.83,Quản trị nhà hàng và dịch vụ ăn uống
134326,SGD,quan-tri-nha-hang-va-dich-vu-an-uong,A02,Điểm thi THPT,2025,20.83,Quản trị nhà hàng và dịch vụ ăn uống
134327,SGD,quan-tri-nha-hang-va-dich-vu-an-uong,A03,Điểm thi THPT,2025,20.83,Quản trị nhà hàng và dịch vụ ăn uống
134328,SGD,quan-tri-nha-hang-va-dich-vu-an-uong,A04,Điểm thi THPT,2025,20.83,Quản trị nhà hàng và dịch vụ ăn uống
134329,SGD,quan-tri-nha-hang-va-dich-vu-an-uong,A05,Điểm thi THPT,2025,20.83,Quản trị nhà hàng và dịch vụ ăn uống
134330,SGD,quan-tri-nha-hang-va-dich-vu-an-uong,A06,Điểm thi THPT,2025,20.83,Quản trị nhà hàng và dịch vụ ăn uống
134331,SGD,quan-tri-nha-hang-va-dich-vu-an-uong,A07,Điểm thi THPT,2025,20.83,Quản trị nhà hàng và dịch vụ ăn uống
134332,SGD,quan-tri-nha-hang-va-dich-vu-an-uong,B00,Điểm thi THPT,2025,20.3,Quản trị nhà hàng và dịch vụ ăn uống
134333,SGD,quan-tri-nha-hang-va-dich-vu-an-uong,B01,Điểm thi THPT,2025,20.83,Quản trị nhà hàng và dịch vụ ăn uống
134334,SGD,quan-tri-nha-hang-va-dich-vu-an-uong,B02,Điểm thi THPT,2025,20.83,Quản trị nhà hàng và dịch vụ ăn uống
134335,SGD,quan-tri-nha-hang-va-dich-vu-an-uong,B03,Điểm thi THPT,2025,20.83,Quản trị nhà hàng và dịch vụ ăn uống
134336,SGD,quan-tri-nha-hang-va-dich-vu-an-uong,B08,Điểm thi THPT,2025,20.83,Quản trị nhà hàng và dịch vụ ăn uống
134337,SGD,quan-tri-nha-hang-va-dich-vu-an-uong,C01,Điểm thi THPT,2025,22.45,Quản trị nhà hàng và dịch vụ ăn uống
134338,SGD,quan-tri-nha-hang-va-dich-vu-an-uong,C02,Điểm thi THPT,2025,20.83,Quản trị nhà hàng và dịch vụ ăn uống
134339,SGD,quan-tri-nha-hang-va-dich-vu-an-uong,C03,Điểm thi THPT,2025,20.83,Quản trị nhà hàng và dịch vụ ăn uống
134340,SGD,quan-tri-nha-hang-va-dich-vu-an-uong,C04,Điểm thi THPT,2025,20.83,Quản trị nhà hàng và dịch vụ ăn uống
134341,SGD,quan-tri-nha-hang-va-dich-vu-an-uong,D01,Điểm thi THPT,2025,20.83,Quản trị nhà hàng và dịch vụ ăn uống
134342,SGD,quan-tri-nha-hang-va-dich-vu-an-uong,D07,Điểm thi THPT,2025,19.89,Quản trị nhà hàng và dịch vụ ăn uống
134343,SGD,quan-tri-nha-hang-va-dich-vu-an-uong,D09,Điểm thi THPT,2025,20.83,Quản trị nhà hàng và dịch vụ ăn uống
134344,SGD,quan-tri-nha-hang-va-dich-vu-an-uong,D10,Điểm thi THPT,2025,20.83,Quản trị nhà hàng và dịch vụ ăn uống
134345,SGD,quan-tri-nha-hang-va-dich-vu-an-uong,X01,Điểm thi THPT,2025,20.83,Quản trị nhà hàng và dịch vụ ăn uống
134346,SGD,quan-tri-nha-hang-va-dich-vu-an-uong,X02,Điểm thi THPT,2025,20.83,Quản trị nhà hàng và dịch vụ ăn uống
134347,SGD,quan-tri-nha-hang-va-dich-vu-an-uong,X03,Điểm thi THPT,2025,20.83,Quản trị nhà hàng và dịch vụ ăn uống
134348,SGD,quan-tri-nha-hang-va-dich-vu-an-uong,X04,Điểm thi THPT,2025,20.83,Quản trị nhà hàng và dịch vụ ăn uống
134349,SGD,quan-tri-nha-hang-va-dich-vu-an-uong,X05,Điểm thi THPT,2025,20.83,Quản trị nhà hàng và dịch vụ ăn uống
134350,SGD,quan-tri-nha-hang-va-dich-vu-an-uong,X06,Điểm thi THPT,2025,20.83,Quản trị nhà hàng và dịch vụ ăn uống
134351,SGD,quan-tri-nha-hang-va-dich-vu-an-uong,X07,Điểm thi THPT,2025,20.83,Quản trị nhà hàng và dịch vụ ăn uống
134352,SGD,quan-tri-nha-hang-va-dich-vu-an-uong,X08,Điểm thi THPT,2025,20.83,Quản trị nhà hàng và dịch vụ ăn uống
134353,SGD,quan-tri-nha-hang-va-dich-vu-an-uong,X09,Điểm thi THPT,2025,20.83,Quản trị nhà hàng và dịch vụ ăn uống
134354,SGD,quan-tri-nha-hang-va-dich-vu-an-uong,X10,Điểm thi THPT,2025,20.83,Quản trị nhà hàng và dịch vụ ăn uống
134355,SGD,quan-tri-nha-hang-va-dich-vu-an-uong,X11,Điểm thi THPT,2025,20.83,Quản trị nhà hàng và dịch vụ ăn uống
134356,SGD,quan-tri-nha-hang-va-dich-vu-an-uong,X12,Điểm thi THPT,2025,20.83,Quản trị nhà hàng và dịch vụ ăn uống
134357,SGD,quan-tri-nha-hang-va-dich-vu-an-uong,X13,Điểm thi THPT,2025,20.83,Quản trị nhà hàng và dịch vụ ăn uống
134358,SGD,quan-tri-nha-hang-va-dich-vu-an-uong,X14,Điểm thi THPT,2025,20.83,Quản trị nhà hàng và dịch vụ ăn uống
134359,SGD,quan-tri-nha-hang-va-dich-vu-an-uong,X15,Điểm thi THPT,2025,20.83,Quản trị nhà hàng và dịch vụ ăn uống
134360,SGD,quan-tri-nha-hang-va-dich-vu-an-uong,X16,Điểm thi THPT,2025,20.83,Quản trị nhà hàng và dịch vụ ăn uống
134361,SGD,quan-tri-nha-hang-va-dich-vu-an-uong,X17,Điểm thi THPT,2025,20.83,Quản trị nhà hàng và dịch vụ ăn uống
134362,SGD,quan-tri-nha-hang-va-dich-vu-an-uong,X18,Điểm thi THPT,2025,20.83,Quản trị nhà hàng và dịch vụ ăn uống
134363,SGD,quan-tri-nha-hang-va-dich-vu-an-uong,X19,Điểm thi THPT,2025,20.83,Quản trị nhà hàng và dịch vụ ăn uống
134364,SGD,quan-tri-nha-hang-va-dich-vu-an-uong,X20,Điểm thi THPT,2025,20.83,Quản trị nhà hàng và dịch vụ ăn uống
134365,SGD,quan-tri-nha-hang-va-dich-vu-an-uong,X21,Điểm thi THPT,2025,20.83,Quản trị nhà hàng và dịch vụ ăn uống
134366,SGD,quan-tri-nha-hang-va-dich-vu-an-uong,X22,Điểm thi THPT,2025,20.83,Quản trị nhà hàng và dịch vụ ăn uống
134367,SGD,quan-tri-nha-hang-va-dich-vu-an-uong,X23,Điểm thi THPT,2025,20.83,Quản trị nhà hàng và dịch vụ ăn uống
134368,SGD,quan-tri-nha-hang-va-dich-vu-an-uong,X24,Điểm thi THPT,2025,20.83,Quản trị nhà hàng và dịch vụ ăn uống
134369,SGD,quan-tri-nha-hang-va-dich-vu-an-uong,X25,Điểm thi THPT,2025,20.83,Quản trị nhà hàng và dịch vụ ăn uống
134370,SGD,quan-tri-nha-hang-va-dich-vu-an-uong,X26,Điểm thi THPT,2025,20.83,Quản trị nhà hàng và dịch vụ ăn uống
134371,SGD,quan-tri-nha-hang-va-dich-vu-an-uong,X27,Điểm thi THPT,2025,20.83,Quản trị nhà hàng và dịch vụ ăn uống
134372,SGD,quan-tri-nha-hang-va-dich-vu-an-uong,X28,Điểm thi THPT,2025,20.83,Quản trị nhà hàng và dịch vụ ăn uống
134373,SGD,quan-tri-nha-hang-va-dich-vu-an-uong,X53,Điểm thi THPT,2025,20.83,Quản trị nhà hàng và dịch vụ ăn uống
134374,SGD,quan-tri-nha-hang-va-dich-vu-an-uong,X54,Điểm thi THPT,2025,20.83,Quản trị nhà hàng và dịch vụ ăn uống
134375,SGD,quan-tri-van-phong,C04,Điểm thi THPT,2021,25.0,Quản trị văn phòng
134376,SGD,quan-tri-van-phong,D01,Điểm thi THPT,2021,24.0,Quản trị văn phòng
134377,SGD,quan-tri-van-phong,C04,Điểm thi THPT,2022,22.63,Quản trị văn phòng
134378,SGD,quan-tri-van-phong,D01,Điểm thi THPT,2022,21.63,Quản trị văn phòng
134379,SGD,quan-tri-van-phong,C04,Điểm thi THPT,2023,24.16,Quản trị văn phòng
134380,SGD,quan-tri-van-phong,D01,Điểm thi THPT,2023,23.16,Quản trị văn phòng
134381,SGD,quan-tri-van-phong,C04,Điểm thi THPT,2024,25.48,Quản trị văn phòng
134382,SGD,quan-tri-van-phong,D01,Điểm thi THPT,2024,24.48,Quản trị văn phòng
134383,SGD,quan-tri-van-phong,B03,Điểm thi THPT,2025,21.7,Quản trị văn phòng
134384,SGD,quan-tri-van-phong,C01,Điểm thi THPT,2025,23.32,Quản trị văn phòng
134385,SGD,quan-tri-van-phong,C02,Điểm thi THPT,2025,21.7,Quản trị văn phòng
134386,SGD,quan-tri-van-phong,C03,Điểm thi THPT,2025,21.7,Quản trị văn phòng
134387,SGD,quan-tri-van-phong,C04,Điểm thi THPT,2025,21.7,Quản trị văn phòng
134388,SGD,quan-tri-van-phong,D01,Điểm thi THPT,2025,21.7,Quản trị văn phòng
134389,SGD,quan-tri-van-phong,X01,Điểm thi THPT,2025,21.7,Quản trị văn phòng
134390,SGD,quan-tri-van-phong,X02,Điểm thi THPT,2025,21.7,Quản trị văn phòng
134391,SGD,quan-tri-van-phong,X03,Điểm thi THPT,2025,21.7,Quản trị văn phòng
134392,SGD,quan-tri-van-phong,X04,Điểm thi THPT,2025,21.7,Quản trị văn phòng
134393,SGD,quoc-te-hoc,D01,Điểm thi THPT,2021,24.48,Quốc tế học
134394,SGD,quoc-te-hoc,D01,Điểm thi THPT,2022,18.0,Quốc tế học
134395,SGD,quoc-te-hoc,D01,Điểm thi THPT,2023,22.77,Quốc tế học
134396,SGD,quoc-te-hoc,D01,Điểm thi THPT,2024,23.64,Quốc tế học
134397,SGD,quoc-te-hoc,B03,Điểm thi THPT,2025,21.0,Quốc tế học
134398,SGD,quoc-te-hoc,C01,Điểm thi THPT,2025,21.0,Quốc tế học
134399,SGD,quoc-te-hoc,C02,Điểm thi THPT,2025,21.0,Quốc tế học
134400,SGD,quoc-te-hoc,C03,Điểm thi THPT,2025,21.0,Quốc tế học
134401,SGD,quoc-te-hoc,C04,Điểm thi THPT,2025,21.0,Quốc tế học
134402,SGD,quoc-te-hoc,D01,Điểm thi THPT,2025,21.0,Quốc tế học
134403,SGD,quoc-te-hoc,X01,Điểm thi THPT,2025,21.0,Quốc tế học
134404,SGD,quoc-te-hoc,X02,Điểm thi THPT,2025,21.0,Quốc tế học
134405,SGD,quoc-te-hoc,X03,Điểm thi THPT,2025,21.0,Quốc tế học
134406,SGD,quoc-te-hoc,X04,Điểm thi THPT,2025,21.0,Quốc tế học
134407,SGD,su-pham-am-nhac,N01,Điểm thi THPT,2021,24.25,Sư phạm Âm nhạc
134408,SGD,su-pham-am-nhac,N01,Điểm thi THPT,2022,23.5,Sư phạm Âm nhạc
134409,SGD,su-pham-am-nhac,N01,Điểm thi THPT,2023,23.01,Sư phạm Âm nhạc
134410,SGD,su-pham-am-nhac,N01,Điểm thi THPT,2024,23.93,Sư phạm Âm nhạc
134411,SGD,su-pham-am-nhac,N01,Điểm thi THPT,2025,22.0,Sư phạm Âm nhạc
134412,SGD,su-pham-dia-li,C00,Điểm thi THPT,2022,25.63,Sư phạm Địa lí
134413,SGD,su-pham-dia-li,C04,Điểm thi THPT,2022,25.63,Sư phạm Địa lí
134414,SGD,su-pham-dia-li,C00,Điểm thi THPT,2023,23.45,Sư phạm Địa lí
134415,SGD,su-pham-dia-li,C04,Điểm thi THPT,2023,23.45,Sư phạm Địa lí
134416,SGD,su-pham-dia-ly,C00,Điểm thi THPT,2021,24.53,Sư phạm Địa lý
134417,SGD,su-pham-dia-ly,C04,Điểm thi THPT,2021,24.53,Sư phạm Địa lý
134418,SGD,su-pham-dia-ly,C00,Điểm thi THPT,2024,27.91,Sư phạm Địa lý
134419,SGD,su-pham-dia-ly,C04,Điểm thi THPT,2024,27.91,Sư phạm Địa lý
134420,SGD,su-pham-dia-ly,C00,Điểm thi THPT,2025,28.55,Sư phạm Địa lý
134421,SGD,su-pham-dia-ly,C04,Điểm thi THPT,2025,28.55,Sư phạm Địa lý
134422,SGD,su-pham-dia-ly,C09,Điểm thi THPT,2025,28.55,Sư phạm Địa lý
134423,SGD,su-pham-dia-ly,C11,Điểm thi THPT,2025,28.55,Sư phạm Địa lý
134424,SGD,su-pham-dia-ly,C13,Điểm thi THPT,2025,28.55,Sư phạm Địa lý
134425,SGD,su-pham-dia-ly,D15,Điểm thi THPT,2025,28.55,Sư phạm Địa lý
134426,SGD,su-pham-dia-ly,X74,Điểm thi THPT,2025,28.55,Sư phạm Địa lý
134427,SGD,su-pham-dia-ly,X75,Điểm thi THPT,2025,28.55,Sư phạm Địa lý
134428,SGD,su-pham-dia-ly,X76,Điểm thi THPT,2025,28.55,Sư phạm Địa lý
134429,SGD,su-pham-dia-ly,X77,Điểm thi THPT,2025,28.55,Sư phạm Địa lý
134430,SGD,su-pham-hoa-hoc,A00,Điểm thi THPT,2021,25.78,Sư phạm Hóa học
134431,SGD,su-pham-hoa-hoc,A00,Điểm thi THPT,2022,26.28,Sư phạm Hóa học
134432,SGD,su-pham-hoa-hoc,A00,Điểm thi THPT,2023,25.28,Sư phạm Hóa học
134433,SGD,su-pham-hoa-hoc,A00,Điểm thi THPT,2024,26.96,Sư phạm Hóa học
134434,SGD,su-pham-hoa-hoc,A00,Điểm thi THPT,2025,28.98,Sư phạm Hoá học
134435,SGD,su-pham-hoa-hoc,A05,Điểm thi THPT,2025,28.98,Sư phạm Hoá học
134436,SGD,su-pham-hoa-hoc,A06,Điểm thi THPT,2025,28.98,Sư phạm Hoá học
134437,SGD,su-pham-hoa-hoc,B00,Điểm thi THPT,2025,27.77,Sư phạm Hoá học
134438,SGD,su-pham-hoa-hoc,C02,Điểm thi THPT,2025,28.98,Sư phạm Hoá học
134439,SGD,su-pham-hoa-hoc,D07,Điểm thi THPT,2025,27.36,Sư phạm Hoá học
134440,SGD,su-pham-hoa-hoc,X09,Điểm thi THPT,2025,28.98,Sư phạm Hoá học
134441,SGD,su-pham-hoa-hoc,X10,Điểm thi THPT,2025,28.98,Sư phạm Hoá học
134442,SGD,su-pham-hoa-hoc,X11,Điểm thi THPT,2025,28.98,Sư phạm Hoá học
134443,SGD,su-pham-hoa-hoc,X12,Điểm thi THPT,2025,28.98,Sư phạm Hoá học
134444,SGD,su-pham-khoa-hoc-tu-nhien,A00,Điểm thi THPT,2021,24.1,Sư phạm khoa học tự nhiên
134445,SGD,su-pham-khoa-hoc-tu-nhien,B00,Điểm thi THPT,2021,24.1,Sư phạm khoa học tự nhiên
134446,SGD,su-pham-khoa-hoc-tu-nhien,A00,Điểm thi THPT,2022,23.95,Sư phạm khoa học tự nhiên
134447,SGD,su-pham-khoa-hoc-tu-nhien,B00,Điểm thi THPT,2022,23.95,Sư phạm khoa học tự nhiên
134448,SGD,su-pham-khoa-hoc-tu-nhien,A00,Điểm thi THPT,2023,24.25,Sư phạm khoa học tự nhiên (đào tạo giáo viên trung học cơ sở)
134449,SGD,su-pham-khoa-hoc-tu-nhien,B00,Điểm thi THPT,2023,24.25,Sư phạm khoa học tự nhiên (đào tạo giáo viên trung học cơ sở)
134450,SGD,su-pham-khoa-hoc-tu-nhien,A00,Điểm thi THPT,2024,25.52,Sư phạm Khoa học tự nhiên (Đào tạo giáo viên THCS)
134451,SGD,su-pham-khoa-hoc-tu-nhien,B00,Điểm thi THPT,2024,25.52,Sư phạm Khoa học tự nhiên (Đào tạo giáo viên THCS)
134452,SGD,su-pham-khoa-hoc-tu-nhien,A01,Điểm thi THPT,2025,24.86,Sư phạm Khoa học tự nhiên
134453,SGD,su-pham-khoa-hoc-tu-nhien,A02,Điểm thi THPT,2025,25.55,Sư phạm Khoa học tự nhiên
134454,SGD,su-pham-khoa-hoc-tu-nhien,A03,Điểm thi THPT,2025,25.55,Sư phạm Khoa học tự nhiên
134455,SGD,su-pham-khoa-hoc-tu-nhien,A04,Điểm thi THPT,2025,25.55,Sư phạm Khoa học tự nhiên
134456,SGD,su-pham-khoa-hoc-tu-nhien,A05,Điểm thi THPT,2025,25.55,Sư phạm Khoa học tự nhiên
134457,SGD,su-pham-khoa-hoc-tu-nhien,A06,Điểm thi THPT,2025,25.55,Sư phạm Khoa học tự nhiên
134458,SGD,su-pham-khoa-hoc-tu-nhien,B00,Điểm thi THPT,2025,24.34,Sư phạm Khoa học tự nhiên
134459,SGD,su-pham-khoa-hoc-tu-nhien,B01,Điểm thi THPT,2025,25.55,Sư phạm Khoa học tự nhiên
134460,SGD,su-pham-khoa-hoc-tu-nhien,B02,Điểm thi THPT,2025,25.55,Sư phạm Khoa học tự nhiên
134461,SGD,su-pham-khoa-hoc-tu-nhien,B03,Điểm thi THPT,2025,25.55,Sư phạm Khoa học tự nhiên
134462,SGD,su-pham-khoa-hoc-tu-nhien,B08,Điểm thi THPT,2025,25.55,Sư phạm Khoa học tự nhiên
134463,SGD,su-pham-khoa-hoc-tu-nhien,C01,Điểm thi THPT,2025,26.49,Sư phạm Khoa học tự nhiên
134464,SGD,su-pham-khoa-hoc-tu-nhien,C02,Điểm thi THPT,2025,25.55,Sư phạm Khoa học tự nhiên
134465,SGD,su-pham-khoa-hoc-tu-nhien,D07,Điểm thi THPT,2025,23.93,Sư phạm Khoa học tự nhiên
134466,SGD,su-pham-khoa-hoc-tu-nhien,X05,Điểm thi THPT,2025,25.55,Sư phạm Khoa học tự nhiên
134467,SGD,su-pham-khoa-hoc-tu-nhien,X06,Điểm thi THPT,2025,25.55,Sư phạm Khoa học tự nhiên
134468,SGD,su-pham-khoa-hoc-tu-nhien,X07,Điểm thi THPT,2025,25.55,Sư phạm Khoa học tự nhiên
134469,SGD,su-pham-khoa-hoc-tu-nhien,X08,Điểm thi THPT,2025,25.55,Sư phạm Khoa học tự nhiên
134470,SGD,su-pham-khoa-hoc-tu-nhien,X09,Điểm thi THPT,2025,25.55,Sư phạm Khoa học tự nhiên
134471,SGD,su-pham-khoa-hoc-tu-nhien,X10,Điểm thi THPT,2025,25.55,Sư phạm Khoa học tự nhiên
134472,SGD,su-pham-khoa-hoc-tu-nhien,X11,Điểm thi THPT,2025,25.55,Sư phạm Khoa học tự nhiên
134473,SGD,su-pham-khoa-hoc-tu-nhien,X12,Điểm thi THPT,2025,25.55,Sư phạm Khoa học tự nhiên
134474,SGD,su-pham-khoa-hoc-tu-nhien,X13,Điểm thi THPT,2025,25.55,Sư phạm Khoa học tự nhiên
134475,SGD,su-pham-khoa-hoc-tu-nhien,X14,Điểm thi THPT,2025,25.55,Sư phạm Khoa học tự nhiên
134476,SGD,su-pham-khoa-hoc-tu-nhien,X15,Điểm thi THPT,2025,25.55,Sư phạm Khoa học tự nhiên
134477,SGD,su-pham-khoa-hoc-tu-nhien,X16,Điểm thi THPT,2025,25.55,Sư phạm Khoa học tự nhiên
134478,SGD,su-pham-lich-su,C00,Điểm thi THPT,2021,24.5,Sư phạm Lịch sử
134479,SGD,su-pham-lich-su,C00,Điểm thi THPT,2022,26.5,Sư phạm Lịch sử
134480,SGD,su-pham-lich-su,C00,Điểm thi THPT,2023,25.66,Sư phạm Lịch sử
134481,SGD,su-pham-lich-su,C00,Điểm thi THPT,2024,28.25,Sư phạm Lịch sử
134482,SGD,su-pham-lich-su,C00,Điểm thi THPT,2025,28.39,Sư phạm Lịch sử
134483,SGD,su-pham-lich-su,C03,Điểm thi THPT,2025,28.39,Sư phạm Lịch sử
134484,SGD,su-pham-lich-su,C07,Điểm thi THPT,2025,28.39,Sư phạm Lịch sử
134485,SGD,su-pham-lich-su,C10,Điểm thi THPT,2025,28.39,Sư phạm Lịch sử
134486,SGD,su-pham-lich-su,C12,Điểm thi THPT,2025,28.39,Sư phạm Lịch sử
134487,SGD,su-pham-lich-su,D14,Điểm thi THPT,2025,28.39,Sư phạm Lịch sử
134488,SGD,su-pham-lich-su,X70,Điểm thi THPT,2025,28.39,Sư phạm Lịch sử
134489,SGD,su-pham-lich-su,X71,Điểm thi THPT,2025,28.39,Sư phạm Lịch sử
134490,SGD,su-pham-lich-su,X72,Điểm thi THPT,2025,28.39,Sư phạm Lịch sử
134491,SGD,su-pham-lich-su,X73,Điểm thi THPT,2025,28.39,Sư phạm Lịch sử
134492,SGD,su-pham-lich-su-dia-li,C00,Điểm thi THPT,2021,23.0,Sư phạm Lịch sử - Địa lí
134493,SGD,su-pham-lich-su-dia-li,C00,Điểm thi THPT,2022,24.75,Sư phạm Lịch sử - Địa lí
134494,SGD,su-pham-lich-su-dia-li,C00,Điểm thi THPT,2023,24.21,Sư phạm Lịch sử - Địa lí (đào tạo giáo viên trung học cơ sở)
134495,SGD,su-pham-lich-su-dia-ly,C00,Điểm thi THPT,2024,27.35,Sư phạm Lịch sử - Địa lý (Đào tạo giáo viên THCS)
134496,SGD,su-pham-lich-su-dia-ly,C00,Điểm thi THPT,2025,27.18,Sư phạm Lịch sử - Địa lý
134497,SGD,su-pham-lich-su-dia-ly,C03,Điểm thi THPT,2025,27.18,Sư phạm Lịch sử - Địa lý
134498,SGD,su-pham-lich-su-dia-ly,C04,Điểm thi THPT,2025,27.18,Sư phạm Lịch sử - Địa lý
134499,SGD,su-pham-lich-su-dia-ly,C07,Điểm thi THPT,2025,27.18,Sư phạm Lịch sử - Địa lý
134500,SGD,su-pham-lich-su-dia-ly,C09,Điểm thi THPT,2025,27.18,Sư phạm Lịch sử - Địa lý
134501,SGD,su-pham-lich-su-dia-ly,C10,Điểm thi THPT,2025,27.18,Sư phạm Lịch sử - Địa lý
134502,SGD,su-pham-lich-su-dia-ly,C11,Điểm thi THPT,2025,27.18,Sư phạm Lịch sử - Địa lý
134503,SGD,su-pham-lich-su-dia-ly,C12,Điểm thi THPT,2025,27.18,Sư phạm Lịch sử - Địa lý
134504,SGD,su-pham-lich-su-dia-ly,C13,Điểm thi THPT,2025,27.18,Sư phạm Lịch sử - Địa lý
134505,SGD,su-pham-lich-su-dia-ly,D14,Điểm thi THPT,2025,27.18,Sư phạm Lịch sử - Địa lý
134506,SGD,su-pham-lich-su-dia-ly,D15,Điểm thi THPT,2025,27.18,Sư phạm Lịch sử - Địa lý
134507,SGD,su-pham-lich-su-dia-ly,X70,Điểm thi THPT,2025,27.18,Sư phạm Lịch sử - Địa lý
134508,SGD,su-pham-lich-su-dia-ly,X71,Điểm thi THPT,2025,27.18,Sư phạm Lịch sử - Địa lý
134509,SGD,su-pham-lich-su-dia-ly,X72,Điểm thi THPT,2025,27.18,Sư phạm Lịch sử - Địa lý
134510,SGD,su-pham-lich-su-dia-ly,X73,Điểm thi THPT,2025,27.18,Sư phạm Lịch sử - Địa lý
134511,SGD,su-pham-lich-su-dia-ly,X74,Điểm thi THPT,2025,27.18,Sư phạm Lịch sử - Địa lý
134512,SGD,su-pham-lich-su-dia-ly,X75,Điểm thi THPT,2025,27.18,Sư phạm Lịch sử - Địa lý
134513,SGD,su-pham-lich-su-dia-ly,X76,Điểm thi THPT,2025,27.18,Sư phạm Lịch sử - Địa lý
134514,SGD,su-pham-lich-su-dia-ly,X77,Điểm thi THPT,2025,27.18,Sư phạm Lịch sử - Địa lý
134515,SGD,su-pham-mi-thuat,H00,Điểm thi THPT,2021,18.75,Sư phạm Mĩ thuật
134516,SGD,su-pham-mi-thuat,H00,Điểm thi THPT,2022,18.0,Sư phạm Mĩ thuật
134517,SGD,su-pham-mi-thuat,H00,Điểm thi THPT,2023,21.26,Sư phạm Mĩ thuật
134518,SGD,su-pham-my-thuat,H00,Điểm thi THPT,2024,21.59,Sư phạm Mỹ thuật
134519,SGD,su-pham-my-thuat,H00,Điểm thi THPT,2025,22.0,Sư phạm Mỹ thuật
134520,SGD,su-pham-ngu-van,C00,Điểm thi THPT,2021,25.5,Sư phạm Ngữ văn
134521,SGD,su-pham-ngu-van,C00,Điểm thi THPT,2022,26.81,Sư phạm Ngữ văn
134522,SGD,su-pham-ngu-van,C00,Điểm thi THPT,2023,25.81,Sư phạm Ngữ văn
134523,SGD,su-pham-ngu-van,C00,Điểm thi THPT,2024,28.11,Sư phạm Ngữ văn
134524,SGD,su-pham-ngu-van,B03,Điểm thi THPT,2025,26.58,Sư phạm Ngữ văn
134525,SGD,su-pham-ngu-van,C01,Điểm thi THPT,2025,26.58,Sư phạm Ngữ văn
134526,SGD,su-pham-ngu-van,C02,Điểm thi THPT,2025,26.58,Sư phạm Ngữ văn
134527,SGD,su-pham-ngu-van,C03,Điểm thi THPT,2025,26.58,Sư phạm Ngữ văn
134528,SGD,su-pham-ngu-van,C04,Điểm thi THPT,2025,26.58,Sư phạm Ngữ văn
134529,SGD,su-pham-ngu-van,D01,Điểm thi THPT,2025,24.96,Sư phạm Ngữ văn
134530,SGD,su-pham-ngu-van,X01,Điểm thi THPT,2025,26.58,Sư phạm Ngữ văn
134531,SGD,su-pham-ngu-van,X02,Điểm thi THPT,2025,26.58,Sư phạm Ngữ văn
134532,SGD,su-pham-ngu-van,X03,Điểm thi THPT,2025,26.58,Sư phạm Ngữ văn
134533,SGD,su-pham-ngu-van,X04,Điểm thi THPT,2025,26.58,Sư phạm Ngữ văn
134534,SGD,su-pham-sinh-hoc,B00,Điểm thi THPT,2021,23.28,Sư phạm Sinh học
134535,SGD,su-pham-sinh-hoc,B00,Điểm thi THPT,2022,23.55,Sư phạm Sinh học
134536,SGD,su-pham-sinh-hoc,B00,Điểm thi THPT,2023,23.82,Sư phạm Sinh học
134537,SGD,su-pham-sinh-hoc,B00,Điểm thi THPT,2024,25.16,Sư phạm Sinh học
134538,SGD,su-pham-sinh-hoc,A02,Điểm thi THPT,2025,24.77,Sư phạm Sinh học
134539,SGD,su-pham-sinh-hoc,B00,Điểm thi THPT,2025,24.77,Sư phạm Sinh học
134540,SGD,su-pham-sinh-hoc,B01,Điểm thi THPT,2025,24.77,Sư phạm Sinh học
134541,SGD,su-pham-sinh-hoc,B02,Điểm thi THPT,2025,24.77,Sư phạm Sinh học
134542,SGD,su-pham-sinh-hoc,B03,Điểm thi THPT,2025,24.77,Sư phạm Sinh học
134543,SGD,su-pham-sinh-hoc,B08,Điểm thi THPT,2025,24.77,Sư phạm Sinh học
134544,SGD,su-pham-sinh-hoc,X13,Điểm thi THPT,2025,24.77,Sư phạm Sinh học
134545,SGD,su-pham-sinh-hoc,X14,Điểm thi THPT,2025,24.77,Sư phạm Sinh học
134546,SGD,su-pham-sinh-hoc,X15,Điểm thi THPT,2025,24.77,Sư phạm Sinh học
134547,SGD,su-pham-sinh-hoc,X16,Điểm thi THPT,2025,24.77,Sư phạm Sinh học
134548,SGD,su-pham-tieng-anh,D01,Điểm thi THPT,2021,26.69,Sư phạm Tiếng Anh
134549,SGD,su-pham-tieng-anh,D01,Điểm thi THPT,2022,26.18,Sư phạm Tiếng Anh
134550,SGD,su-pham-tieng-anh,D01,Điểm thi THPT,2023,26.15,Sư phạm Tiếng Anh
134551,SGD,su-pham-tieng-anh,D01,Điểm thi THPT,2024,27.0,Sư phạm Tiếng Anh
134552,SGD,su-pham-tieng-anh,A01,Điểm thi THPT,2025,27.18,Sư phạm Tiếng Anh
134553,SGD,su-pham-tieng-anh,B08,Điểm thi THPT,2025,27.19,Sư phạm Tiếng Anh
134554,SGD,su-pham-tieng-anh,D01,Điểm thi THPT,2025,27.19,Sư phạm Tiếng Anh
134555,SGD,su-pham-tieng-anh,D07,Điểm thi THPT,2025,26.25,Sư phạm Tiếng Anh
134556,SGD,su-pham-tieng-anh,D09,Điểm thi THPT,2025,27.19,Sư phạm Tiếng Anh
134557,SGD,su-pham-tieng-anh,D10,Điểm thi THPT,2025,27.19,Sư phạm Tiếng Anh
134558,SGD,su-pham-tieng-anh,D11,Điểm thi THPT,2025,27.19,Sư phạm Tiếng Anh
134559,SGD,su-pham-tieng-anh,D12,Điểm thi THPT,2025,27.19,Sư phạm Tiếng Anh
134560,SGD,su-pham-tieng-anh,D13,Điểm thi THPT,2025,27.19,Sư phạm Tiếng Anh
134561,SGD,su-pham-tieng-anh,D14,Điểm thi THPT,2025,27.19,Sư phạm Tiếng Anh
134562,SGD,su-pham-tieng-anh,D15,Điểm thi THPT,2025,27.19,Sư phạm Tiếng Anh
134563,SGD,su-pham-tieng-anh,X25,Điểm thi THPT,2025,27.19,Sư phạm Tiếng Anh
134564,SGD,su-pham-tieng-anh,X26,Điểm thi THPT,2025,27.19,Sư phạm Tiếng Anh
134565,SGD,su-pham-tieng-anh,X27,Điểm thi THPT,2025,27.19,Sư phạm Tiếng Anh
134566,SGD,su-pham-tieng-anh,X28,Điểm thi THPT,2025,27.19,Sư phạm Tiếng Anh
134567,SGD,su-pham-tieng-anh,X78,Điểm thi THPT,2025,27.19,Sư phạm Tiếng Anh
134568,SGD,su-pham-tieng-anh,X79,Điểm thi THPT,2025,27.19,Sư phạm Tiếng Anh
134569,SGD,su-pham-tieng-anh,X80,Điểm thi THPT,2025,27.19,Sư phạm Tiếng Anh
134570,SGD,su-pham-tieng-anh,X81,Điểm thi THPT,2025,27.19,Sư phạm Tiếng Anh
134571,SGD,su-pham-toan-hoc,A00,Điểm thi THPT,2021,27.01,Sư phạm Toán học
134572,SGD,su-pham-toan-hoc,A01,Điểm thi THPT,2021,26.01,Sư phạm Toán học
134573,SGD,su-pham-toan-hoc,A00,Điểm thi THPT,2022,27.33,Sư phạm Toán học
134574,SGD,su-pham-toan-hoc,A01,Điểm thi THPT,2022,26.33,Sư phạm Toán học
134575,SGD,su-pham-toan-hoc,A00,Điểm thi THPT,2023,26.31,Sư phạm Toán học
134576,SGD,su-pham-toan-hoc,A01,Điểm thi THPT,2023,25.31,Sư phạm Toán học
134577,SGD,su-pham-toan-hoc,A00,Điểm thi THPT,2024,27.0,Sư phạm Toán học
134578,SGD,su-pham-toan-hoc,A01,Điểm thi THPT,2024,26.75,Sư phạm Toán học
134579,SGD,su-pham-toan-hoc,A00,Điểm thi THPT,2025,27.9,Sư phạm Toán học
134580,SGD,su-pham-toan-hoc,A01,Điểm thi THPT,2025,27.21,Sư phạm Toán học
134581,SGD,su-pham-toan-hoc,A02,Điểm thi THPT,2025,27.9,Sư phạm Toán học
134582,SGD,su-pham-toan-hoc,A03,Điểm thi THPT,2025,27.9,Sư phạm Toán học
134583,SGD,su-pham-toan-hoc,A04,Điểm thi THPT,2025,27.9,Sư phạm Toán học
134584,SGD,su-pham-toan-hoc,A05,Điểm thi THPT,2025,27.9,Sư phạm Toán học
134585,SGD,su-pham-toan-hoc,A06,Điểm thi THPT,2025,27.9,Sư phạm Toán học
134586,SGD,su-pham-toan-hoc,A07,Điểm thi THPT,2025,27.9,Sư phạm Toán học
134587,SGD,su-pham-toan-hoc,B00,Điểm thi THPT,2025,26.69,Sư phạm Toán học
134588,SGD,su-pham-toan-hoc,B01,Điểm thi THPT,2025,27.9,Sư phạm Toán học
134589,SGD,su-pham-toan-hoc,B02,Điểm thi THPT,2025,27.9,Sư phạm Toán học
134590,SGD,su-pham-toan-hoc,B03,Điểm thi THPT,2025,27.9,Sư phạm Toán học
134591,SGD,su-pham-toan-hoc,B08,Điểm thi THPT,2025,27.9,Sư phạm Toán học
134592,SGD,su-pham-toan-hoc,C01,Điểm thi THPT,2025,28.84,Sư phạm Toán học
134593,SGD,su-pham-toan-hoc,C02,Điểm thi THPT,2025,27.9,Sư phạm Toán học
134594,SGD,su-pham-toan-hoc,C03,Điểm thi THPT,2025,27.9,Sư phạm Toán học
134595,SGD,su-pham-toan-hoc,C04,Điểm thi THPT,2025,27.9,Sư phạm Toán học
134596,SGD,su-pham-toan-hoc,D01,Điểm thi THPT,2025,27.22,Sư phạm Toán học
134597,SGD,su-pham-toan-hoc,D07,Điểm thi THPT,2025,26.28,Sư phạm Toán học
134598,SGD,su-pham-toan-hoc,D09,Điểm thi THPT,2025,27.9,Sư phạm Toán học
134599,SGD,su-pham-toan-hoc,D10,Điểm thi THPT,2025,27.9,Sư phạm Toán học
134600,SGD,su-pham-toan-hoc,X01,Điểm thi THPT,2025,27.9,Sư phạm Toán học
134601,SGD,su-pham-toan-hoc,X02,Điểm thi THPT,2025,27.9,Sư phạm Toán học
134602,SGD,su-pham-toan-hoc,X03,Điểm thi THPT,2025,27.9,Sư phạm Toán học
134603,SGD,su-pham-toan-hoc,X04,Điểm thi THPT,2025,27.9,Sư phạm Toán học
134604,SGD,su-pham-toan-hoc,X05,Điểm thi THPT,2025,27.9,Sư phạm Toán học
134605,SGD,su-pham-toan-hoc,X06,Điểm thi THPT,2025,27.9,Sư phạm Toán học
134606,SGD,su-pham-toan-hoc,X07,Điểm thi THPT,2025,27.9,Sư phạm Toán học
134607,SGD,su-pham-toan-hoc,X08,Điểm thi THPT,2025,27.9,Sư phạm Toán học
134608,SGD,su-pham-toan-hoc,X09,Điểm thi THPT,2025,27.9,Sư phạm Toán học
134609,SGD,su-pham-toan-hoc,X10,Điểm thi THPT,2025,27.9,Sư phạm Toán học
134610,SGD,su-pham-toan-hoc,X11,Điểm thi THPT,2025,27.9,Sư phạm Toán học
134611,SGD,su-pham-toan-hoc,X12,Điểm thi THPT,2025,27.9,Sư phạm Toán học
134612,SGD,su-pham-toan-hoc,X13,Điểm thi THPT,2025,27.9,Sư phạm Toán học
134613,SGD,su-pham-toan-hoc,X14,Điểm thi THPT,2025,27.9,Sư phạm Toán học
134614,SGD,su-pham-toan-hoc,X15,Điểm thi THPT,2025,27.9,Sư phạm Toán học
134615,SGD,su-pham-toan-hoc,X16,Điểm thi THPT,2025,27.9,Sư phạm Toán học
134616,SGD,su-pham-toan-hoc,X17,Điểm thi THPT,2025,27.9,Sư phạm Toán học
134617,SGD,su-pham-toan-hoc,X18,Điểm thi THPT,2025,27.9,Sư phạm Toán học
134618,SGD,su-pham-toan-hoc,X19,Điểm thi THPT,2025,27.9,Sư phạm Toán học
134619,SGD,su-pham-toan-hoc,X20,Điểm thi THPT,2025,27.9,Sư phạm Toán học
134620,SGD,su-pham-toan-hoc,X21,Điểm thi THPT,2025,27.9,Sư phạm Toán học
134621,SGD,su-pham-toan-hoc,X22,Điểm thi THPT,2025,27.9,Sư phạm Toán học
134622,SGD,su-pham-toan-hoc,X23,Điểm thi THPT,2025,27.9,Sư phạm Toán học
134623,SGD,su-pham-toan-hoc,X24,Điểm thi THPT,2025,27.9,Sư phạm Toán học
134624,SGD,su-pham-toan-hoc,X25,Điểm thi THPT,2025,27.9,Sư phạm Toán học
134625,SGD,su-pham-toan-hoc,X26,Điểm thi THPT,2025,27.9,Sư phạm Toán học
134626,SGD,su-pham-toan-hoc,X27,Điểm thi THPT,2025,27.9,Sư phạm Toán học
134627,SGD,su-pham-toan-hoc,X28,Điểm thi THPT,2025,27.9,Sư phạm Toán học
134628,SGD,su-pham-toan-hoc,X53,Điểm thi THPT,2025,27.9,Sư phạm Toán học
134629,SGD,su-pham-toan-hoc,X54,Điểm thi THPT,2025,27.9,Sư phạm Toán học
134630,SGD,su-pham-toan-hoc,X55,Điểm thi THPT,2025,27.9,Sư phạm Toán học
134631,SGD,su-pham-toan-hoc,X56,Điểm thi THPT,2025,27.9,Sư phạm Toán học
134632,SGD,su-pham-toan-hoc,X57,Điểm thi THPT,2025,27.9,Sư phạm Toán học
134633,SGD,su-pham-vat-li,A00,Điểm thi THPT,2021,24.86,Sư phạm Vật lí
134634,SGD,su-pham-vat-li,A00,Điểm thi THPT,2022,25.9,Sư phạm Vật lí
134635,SGD,su-pham-vat-li,A00,Điểm thi THPT,2023,24.61,Sư phạm Vật lí
134636,SGD,su-pham-vat-ly,A00,Điểm thi THPT,2024,26.43,Sư phạm Vật lý
134637,SGD,su-pham-vat-ly,A00,Điểm thi THPT,2025,28.33,Sư phạm Vật lý
134638,SGD,su-pham-vat-ly,A01,Điểm thi THPT,2025,27.64,Sư phạm Vật lý
134639,SGD,su-pham-vat-ly,A02,Điểm thi THPT,2025,28.33,Sư phạm Vật lý
134640,SGD,su-pham-vat-ly,A03,Điểm thi THPT,2025,28.33,Sư phạm Vật lý
134641,SGD,su-pham-vat-ly,A04,Điểm thi THPT,2025,28.33,Sư phạm Vật lý
134642,SGD,su-pham-vat-ly,C01,Điểm thi THPT,2025,29.27,Sư phạm Vật lý
134643,SGD,su-pham-vat-ly,X05,Điểm thi THPT,2025,28.33,Sư phạm Vật lý
134644,SGD,su-pham-vat-ly,X06,Điểm thi THPT,2025,28.33,Sư phạm Vật lý
134645,SGD,su-pham-vat-ly,X07,Điểm thi THPT,2025,28.33,Sư phạm Vật lý
134646,SGD,su-pham-vat-ly,X08,Điểm thi THPT,2025,28.33,Sư phạm Vật lý
134647,SGD,tai-chinh-ngan-hang,C01,Điểm thi THPT,2021,24.9,Tài chính - Ngân hàng
134648,SGD,tai-chinh-ngan-hang,D01,Điểm thi THPT,2021,23.9,Tài chính - Ngân hàng
134649,SGD,tai-chinh-ngan-hang,C01,Điểm thi THPT,2022,23.44,Tài chính - Ngân hàng
134650,SGD,tai-chinh-ngan-hang,D01,Điểm thi THPT,2022,22.44,Tài chính - Ngân hàng
134651,SGD,tai-chinh-ngan-hang,C01,Điểm thi THPT,2023,23.46,Tài chính - Ngân hàng
134652,SGD,tai-chinh-ngan-hang,D01,Điểm thi THPT,2023,22.46,Tài chính - Ngân hàng
134653,SGD,tai-chinh-ngan-hang,C01,Điểm thi THPT,2024,24.26,Tài chính - Ngân hàng
134654,SGD,tai-chinh-ngan-hang,D01,Điểm thi THPT,2024,23.26,Tài chính - Ngân hàng
134655,SGD,tai-chinh-ngan-hang,A00,Điểm thi THPT,2025,20.69,Tài chính - Ngân hàng
134656,SGD,tai-chinh-ngan-hang,A01,Điểm thi THPT,2025,20.0,Tài chính - Ngân hàng
134657,SGD,tai-chinh-ngan-hang,A02,Điểm thi THPT,2025,20.01,Tài chính - Ngân hàng
134658,SGD,tai-chinh-ngan-hang,A03,Điểm thi THPT,2025,20.01,Tài chính - Ngân hàng
134659,SGD,tai-chinh-ngan-hang,A04,Điểm thi THPT,2025,20.01,Tài chính - Ngân hàng
134660,SGD,tai-chinh-ngan-hang,A05,Điểm thi THPT,2025,20.01,Tài chính - Ngân hàng
134661,SGD,tai-chinh-ngan-hang,A06,Điểm thi THPT,2025,20.01,Tài chính - Ngân hàng
134662,SGD,tai-chinh-ngan-hang,A07,Điểm thi THPT,2025,20.01,Tài chính - Ngân hàng
134663,SGD,tai-chinh-ngan-hang,B00,Điểm thi THPT,2025,19.48,Tài chính - Ngân hàng
134664,SGD,tai-chinh-ngan-hang,B01,Điểm thi THPT,2025,20.01,Tài chính - Ngân hàng
134665,SGD,tai-chinh-ngan-hang,B02,Điểm thi THPT,2025,20.01,Tài chính - Ngân hàng
134666,SGD,tai-chinh-ngan-hang,B03,Điểm thi THPT,2025,20.01,Tài chính - Ngân hàng
134667,SGD,tai-chinh-ngan-hang,B08,Điểm thi THPT,2025,20.01,Tài chính - Ngân hàng
134668,SGD,tai-chinh-ngan-hang,C01,Điểm thi THPT,2025,21.63,Tài chính - Ngân hàng
134669,SGD,tai-chinh-ngan-hang,C02,Điểm thi THPT,2025,20.01,Tài chính - Ngân hàng
134670,SGD,tai-chinh-ngan-hang,C03,Điểm thi THPT,2025,20.01,Tài chính - Ngân hàng
134671,SGD,tai-chinh-ngan-hang,C04,Điểm thi THPT,2025,20.01,Tài chính - Ngân hàng
134672,SGD,tai-chinh-ngan-hang,D01,Điểm thi THPT,2025,20.01,Tài chính - Ngân hàng
134673,SGD,tai-chinh-ngan-hang,D07,Điểm thi THPT,2025,19.07,Tài chính - Ngân hàng
134674,SGD,tai-chinh-ngan-hang,D09,Điểm thi THPT,2025,20.01,Tài chính - Ngân hàng
134675,SGD,tai-chinh-ngan-hang,D10,Điểm thi THPT,2025,20.01,Tài chính - Ngân hàng
134676,SGD,tai-chinh-ngan-hang,X01,Điểm thi THPT,2025,20.01,Tài chính - Ngân hàng
134677,SGD,tai-chinh-ngan-hang,X02,Điểm thi THPT,2025,20.01,Tài chính - Ngân hàng
134678,SGD,tai-chinh-ngan-hang,X03,Điểm thi THPT,2025,20.01,Tài chính - Ngân hàng
134679,SGD,tai-chinh-ngan-hang,X04,Điểm thi THPT,2025,20.01,Tài chính - Ngân hàng
134680,SGD,tai-chinh-ngan-hang,X05,Điểm thi THPT,2025,20.01,Tài chính - Ngân hàng
134681,SGD,tai-chinh-ngan-hang,X06,Điểm thi THPT,2025,20.01,Tài chính - Ngân hàng
134682,SGD,tai-chinh-ngan-hang,X07,Điểm thi THPT,2025,20.01,Tài chính - Ngân hàng
134683,SGD,tai-chinh-ngan-hang,X08,Điểm thi THPT,2025,20.01,Tài chính - Ngân hàng
134684,SGD,tai-chinh-ngan-hang,X09,Điểm thi THPT,2025,20.01,Tài chính - Ngân hàng
134685,SGD,tai-chinh-ngan-hang,X10,Điểm thi THPT,2025,20.01,Tài chính - Ngân hàng
134686,SGD,tai-chinh-ngan-hang,X11,Điểm thi THPT,2025,20.01,Tài chính - Ngân hàng
134687,SGD,tai-chinh-ngan-hang,X12,Điểm thi THPT,2025,20.01,Tài chính - Ngân hàng
134688,SGD,tai-chinh-ngan-hang,X13,Điểm thi THPT,2025,20.01,Tài chính - Ngân hàng
134689,SGD,tai-chinh-ngan-hang,X14,Điểm thi THPT,2025,20.01,Tài chính - Ngân hàng
134690,SGD,tai-chinh-ngan-hang,X15,Điểm thi THPT,2025,20.01,Tài chính - Ngân hàng
134691,SGD,tai-chinh-ngan-hang,X16,Điểm thi THPT,2025,20.01,Tài chính - Ngân hàng
134692,SGD,tai-chinh-ngan-hang,X17,Điểm thi THPT,2025,20.01,Tài chính - Ngân hàng
134693,SGD,tai-chinh-ngan-hang,X18,Điểm thi THPT,2025,20.01,Tài chính - Ngân hàng
134694,SGD,tai-chinh-ngan-hang,X19,Điểm thi THPT,2025,20.01,Tài chính - Ngân hàng
134695,SGD,tai-chinh-ngan-hang,X20,Điểm thi THPT,2025,20.01,Tài chính - Ngân hàng
134696,SGD,tai-chinh-ngan-hang,X21,Điểm thi THPT,2025,20.01,Tài chính - Ngân hàng
134697,SGD,tai-chinh-ngan-hang,X22,Điểm thi THPT,2025,20.01,Tài chính - Ngân hàng
134698,SGD,tai-chinh-ngan-hang,X23,Điểm thi THPT,2025,20.01,Tài chính - Ngân hàng
134699,SGD,tai-chinh-ngan-hang,X24,Điểm thi THPT,2025,20.01,Tài chính - Ngân hàng
134700,SGD,tai-chinh-ngan-hang,X25,Điểm thi THPT,2025,20.01,Tài chính - Ngân hàng
134701,SGD,tai-chinh-ngan-hang,X26,Điểm thi THPT,2025,20.01,Tài chính - Ngân hàng
134702,SGD,tai-chinh-ngan-hang,X27,Điểm thi THPT,2025,20.01,Tài chính - Ngân hàng
134703,SGD,tai-chinh-ngan-hang,X28,Điểm thi THPT,2025,20.01,Tài chính - Ngân hàng
134704,SGD,tai-chinh-ngan-hang,X53,Điểm thi THPT,2025,20.01,Tài chính - Ngân hàng
134705,SGD,tai-chinh-ngan-hang,X54,Điểm thi THPT,2025,20.01,Tài chính - Ngân hàng
134706,SGD,tai-chinh-ngan-hang,X55,Điểm thi THPT,2025,20.01,Tài chính - Ngân hàng
134707,SGD,tai-chinh-ngan-hang,X56,Điểm thi THPT,2025,20.01,Tài chính - Ngân hàng
134708,SGD,tai-chinh-ngan-hang,X57,Điểm thi THPT,2025,20.01,Tài chính - Ngân hàng
134709,SGD,tam-li-hoc,D01,Điểm thi THPT,2021,24.05,Tâm lí học
134710,SGD,tam-li-hoc,D01,Điểm thi THPT,2022,22.7,Tâm lí học
134711,SGD,tam-li-hoc,D01,Điểm thi THPT,2023,23.8,Tâm lí học
134712,SGD,tam-li-hoc,D01,Điểm thi THPT,2024,24.5,Tâm lí học
134713,SGD,tam-ly-hoc,B03,Điểm thi THPT,2025,22.25,Tâm lý học
134714,SGD,tam-ly-hoc,C01,Điểm thi THPT,2025,23.87,Tâm lý học
134715,SGD,tam-ly-hoc,C02,Điểm thi THPT,2025,22.25,Tâm lý học
134716,SGD,tam-ly-hoc,C03,Điểm thi THPT,2025,22.25,Tâm lý học
134717,SGD,tam-ly-hoc,C04,Điểm thi THPT,2025,22.25,Tâm lý học
134718,SGD,tam-ly-hoc,D01,Điểm thi THPT,2025,22.25,Tâm lý học
134719,SGD,tam-ly-hoc,X01,Điểm thi THPT,2025,22.25,Tâm lý học
134720,SGD,tam-ly-hoc,X02,Điểm thi THPT,2025,22.25,Tâm lý học
134721,SGD,tam-ly-hoc,X03,Điểm thi THPT,2025,22.25,Tâm lý học
134722,SGD,tam-ly-hoc,X04,Điểm thi THPT,2025,22.25,Tâm lý học
134723,SGD,thanh-nhac,N02,Điểm thi THPT,2021,20.5,Thanh nhạc
134724,SGD,thanh-nhac,N02,Điểm thi THPT,2022,23.25,Thanh nhạc
134725,SGD,thong-tin-thu-vien,C04,Điểm thi THPT,2021,21.8,Thông tin - Thư viện
134726,SGD,thong-tin-thu-vien,D01,Điểm thi THPT,2021,21.8,Thông tin - Thư viện
134727,SGD,thong-tin-thu-vien,C04,Điểm thi THPT,2022,19.95,Thông tin - Thư viện
134728,SGD,thong-tin-thu-vien,D01,Điểm thi THPT,2022,19.95,Thông tin - Thư viện
134729,SGD,thong-tin-thu-vien,C04,Điểm thi THPT,2023,21.36,Thông tin - Thư viện
134730,SGD,thong-tin-thu-vien,D01,Điểm thi THPT,2023,21.36,Thông tin - Thư viện
134731,SGD,thong-tin-thu-vien,C04,Điểm thi THPT,2024,23.51,Thông tin - Thư viện
134732,SGD,thong-tin-thu-vien,D01,Điểm thi THPT,2024,23.51,Thông tin - Thư viện
134733,SGD,thong-tin-thu-vien,B03,Điểm thi THPT,2025,26.48,Thông tin - Thư viện
134734,SGD,thong-tin-thu-vien,C00,Điểm thi THPT,2025,26.48,Thông tin - Thư viện
134735,SGD,thong-tin-thu-vien,C01,Điểm thi THPT,2025,26.48,Thông tin - Thư viện
134736,SGD,thong-tin-thu-vien,C02,Điểm thi THPT,2025,26.48,Thông tin - Thư viện
134737,SGD,thong-tin-thu-vien,C03,Điểm thi THPT,2025,26.48,Thông tin - Thư viện
134738,SGD,thong-tin-thu-vien,C04,Điểm thi THPT,2025,26.48,Thông tin - Thư viện
134739,SGD,thong-tin-thu-vien,C05,Điểm thi THPT,2025,26.48,Thông tin - Thư viện
134740,SGD,thong-tin-thu-vien,C06,Điểm thi THPT,2025,26.48,Thông tin - Thư viện
134741,SGD,thong-tin-thu-vien,C07,Điểm thi THPT,2025,26.48,Thông tin - Thư viện
134742,SGD,thong-tin-thu-vien,C08,Điểm thi THPT,2025,26.48,Thông tin - Thư viện
134743,SGD,thong-tin-thu-vien,C09,Điểm thi THPT,2025,26.48,Thông tin - Thư viện
134744,SGD,thong-tin-thu-vien,C10,Điểm thi THPT,2025,26.48,Thông tin - Thư viện
134745,SGD,thong-tin-thu-vien,C11,Điểm thi THPT,2025,26.48,Thông tin - Thư viện
134746,SGD,thong-tin-thu-vien,C12,Điểm thi THPT,2025,26.48,Thông tin - Thư viện
134747,SGD,thong-tin-thu-vien,C13,Điểm thi THPT,2025,26.48,Thông tin - Thư viện
134748,SGD,thong-tin-thu-vien,D01,Điểm thi THPT,2025,26.48,Thông tin - Thư viện
134749,SGD,thong-tin-thu-vien,D11,Điểm thi THPT,2025,26.48,Thông tin - Thư viện
134750,SGD,thong-tin-thu-vien,D12,Điểm thi THPT,2025,26.48,Thông tin - Thư viện
134751,SGD,thong-tin-thu-vien,D13,Điểm thi THPT,2025,26.48,Thông tin - Thư viện
134752,SGD,thong-tin-thu-vien,D14,Điểm thi THPT,2025,26.48,Thông tin - Thư viện
134753,SGD,thong-tin-thu-vien,D15,Điểm thi THPT,2025,26.48,Thông tin - Thư viện
134754,SGD,thong-tin-thu-vien,X01,Điểm thi THPT,2025,26.48,Thông tin - Thư viện
134755,SGD,thong-tin-thu-vien,X02,Điểm thi THPT,2025,26.48,Thông tin - Thư viện
134756,SGD,thong-tin-thu-vien,X03,Điểm thi THPT,2025,26.48,Thông tin - Thư viện
134757,SGD,thong-tin-thu-vien,X04,Điểm thi THPT,2025,26.48,Thông tin - Thư viện
134758,SGD,thong-tin-thu-vien,X58,Điểm thi THPT,2025,26.48,Thông tin - Thư viện
134759,SGD,thong-tin-thu-vien,X59,Điểm thi THPT,2025,26.48,Thông tin - Thư viện
134760,SGD,thong-tin-thu-vien,X60,Điểm thi THPT,2025,26.48,Thông tin - Thư viện
134761,SGD,thong-tin-thu-vien,X61,Điểm thi THPT,2025,26.48,Thông tin - Thư viện
134762,SGD,thong-tin-thu-vien,X62,Điểm thi THPT,2025,26.48,Thông tin - Thư viện
134763,SGD,thong-tin-thu-vien,X63,Điểm thi THPT,2025,26.48,Thông tin - Thư viện
134764,SGD,thong-tin-thu-vien,X64,Điểm thi THPT,2025,26.48,Thông tin - Thư viện
134765,SGD,thong-tin-thu-vien,X65,Điểm thi THPT,2025,26.48,Thông tin - Thư viện
134766,SGD,thong-tin-thu-vien,X66,Điểm thi THPT,2025,26.48,Thông tin - Thư viện
134767,SGD,thong-tin-thu-vien,X67,Điểm thi THPT,2025,26.48,Thông tin - Thư viện
134768,SGD,thong-tin-thu-vien,X68,Điểm thi THPT,2025,26.48,Thông tin - Thư viện
134769,SGD,thong-tin-thu-vien,X69,Điểm thi THPT,2025,26.48,Thông tin - Thư viện
134770,SGD,thong-tin-thu-vien,X70,Điểm thi THPT,2025,26.48,Thông tin - Thư viện
134771,SGD,thong-tin-thu-vien,X71,Điểm thi THPT,2025,26.48,Thông tin - Thư viện
134772,SGD,thong-tin-thu-vien,X72,Điểm thi THPT,2025,26.48,Thông tin - Thư viện
134773,SGD,thong-tin-thu-vien,X73,Điểm thi THPT,2025,26.48,Thông tin - Thư viện
134774,SGD,thong-tin-thu-vien,X74,Điểm thi THPT,2025,26.48,Thông tin - Thư viện
134775,SGD,thong-tin-thu-vien,X75,Điểm thi THPT,2025,26.48,Thông tin - Thư viện
134776,SGD,thong-tin-thu-vien,X76,Điểm thi THPT,2025,26.48,Thông tin - Thư viện
134777,SGD,thong-tin-thu-vien,X77,Điểm thi THPT,2025,26.48,Thông tin - Thư viện
134778,SGD,thong-tin-thu-vien,X78,Điểm thi THPT,2025,26.48,Thông tin - Thư viện
134779,SGD,thong-tin-thu-vien,X79,Điểm thi THPT,2025,26.48,Thông tin - Thư viện
134780,SGD,thong-tin-thu-vien,X80,Điểm thi THPT,2025,26.48,Thông tin - Thư viện
134781,SGD,thong-tin-thu-vien,X81,Điểm thi THPT,2025,26.48,Thông tin - Thư viện
134782,SGD,thong-tin-thu-vien,Y07,Điểm thi THPT,2025,26.48,Thông tin - Thư viện
134783,SGD,thong-tin-thu-vien,Y08,Điểm thi THPT,2025,26.48,Thông tin - Thư viện
134784,SGD,toan-ung-dung,A00,Điểm thi THPT,2021,23.53,Toán ứng dụng
134785,SGD,toan-ung-dung,A01,Điểm thi THPT,2021,22.53,Toán ứng dụng
134786,SGD,toan-ung-dung,A00,Điểm thi THPT,2022,24.15,Toán ứng dụng
134787,SGD,toan-ung-dung,A01,Điểm thi THPT,2022,23.15,Toán ứng dụng
134788,SGD,toan-ung-dung,A00,Điểm thi THPT,2023,23.3,Toán ứng dụng
134789,SGD,toan-ung-dung,A01,Điểm thi THPT,2023,22.3,Toán ứng dụng
134790,SGD,toan-ung-dung,A00,Điểm thi THPT,2024,24.94,Toán ứng dụng
134791,SGD,toan-ung-dung,A01,Điểm thi THPT,2024,23.94,Toán ứng dụng
134792,SGD,toan-ung-dung,A00,Điểm thi THPT,2025,24.54,Toán ứng dụng
134793,SGD,toan-ung-dung,A01,Điểm thi THPT,2025,23.85,Toán ứng dụng
134794,SGD,toan-ung-dung,A02,Điểm thi THPT,2025,24.54,Toán ứng dụng
134795,SGD,toan-ung-dung,A03,Điểm thi THPT,2025,24.54,Toán ứng dụng
134796,SGD,toan-ung-dung,A04,Điểm thi THPT,2025,24.54,Toán ứng dụng
134797,SGD,toan-ung-dung,A05,Điểm thi THPT,2025,24.54,Toán ứng dụng
134798,SGD,toan-ung-dung,A06,Điểm thi THPT,2025,24.54,Toán ứng dụng
134799,SGD,toan-ung-dung,A07,Điểm thi THPT,2025,24.54,Toán ứng dụng
134800,SGD,toan-ung-dung,B00,Điểm thi THPT,2025,23.33,Toán ứng dụng
134801,SGD,toan-ung-dung,B01,Điểm thi THPT,2025,24.54,Toán ứng dụng
134802,SGD,toan-ung-dung,B02,Điểm thi THPT,2025,24.54,Toán ứng dụng
134803,SGD,toan-ung-dung,B03,Điểm thi THPT,2025,24.54,Toán ứng dụng
134804,SGD,toan-ung-dung,B08,Điểm thi THPT,2025,24.54,Toán ứng dụng
134805,SGD,toan-ung-dung,C01,Điểm thi THPT,2025,25.48,Toán ứng dụng
134806,SGD,toan-ung-dung,C02,Điểm thi THPT,2025,24.54,Toán ứng dụng
134807,SGD,toan-ung-dung,C03,Điểm thi THPT,2025,24.54,Toán ứng dụng
134808,SGD,toan-ung-dung,C04,Điểm thi THPT,2025,24.54,Toán ứng dụng
134809,SGD,toan-ung-dung,D01,Điểm thi THPT,2025,23.86,Toán ứng dụng
134810,SGD,toan-ung-dung,D07,Điểm thi THPT,2025,22.92,Toán ứng dụng
134811,SGD,toan-ung-dung,D09,Điểm thi THPT,2025,24.54,Toán ứng dụng
134812,SGD,toan-ung-dung,D10,Điểm thi THPT,2025,24.54,Toán ứng dụng
134813,SGD,toan-ung-dung,X01,Điểm thi THPT,2025,24.54,Toán ứng dụng
134814,SGD,toan-ung-dung,X02,Điểm thi THPT,2025,24.54,Toán ứng dụng
134815,SGD,toan-ung-dung,X03,Điểm thi THPT,2025,24.54,Toán ứng dụng
134816,SGD,toan-ung-dung,X04,Điểm thi THPT,2025,24.54,Toán ứng dụng
134817,SGD,toan-ung-dung,X05,Điểm thi THPT,2025,24.54,Toán ứng dụng
134818,SGD,toan-ung-dung,X06,Điểm thi THPT,2025,24.54,Toán ứng dụng
134819,SGD,toan-ung-dung,X07,Điểm thi THPT,2025,24.54,Toán ứng dụng
134820,SGD,toan-ung-dung,X08,Điểm thi THPT,2025,24.54,Toán ứng dụng
134821,SGD,toan-ung-dung,X09,Điểm thi THPT,2025,24.54,Toán ứng dụng
134822,SGD,toan-ung-dung,X10,Điểm thi THPT,2025,24.54,Toán ứng dụng
134823,SGD,toan-ung-dung,X11,Điểm thi THPT,2025,24.54,Toán ứng dụng
134824,SGD,toan-ung-dung,X12,Điểm thi THPT,2025,24.54,Toán ứng dụng
134825,SGD,toan-ung-dung,X13,Điểm thi THPT,2025,24.54,Toán ứng dụng
134826,SGD,toan-ung-dung,X14,Điểm thi THPT,2025,24.54,Toán ứng dụng
134827,SGD,toan-ung-dung,X15,Điểm thi THPT,2025,24.54,Toán ứng dụng
134828,SGD,toan-ung-dung,X16,Điểm thi THPT,2025,24.54,Toán ứng dụng
134829,SGD,toan-ung-dung,X17,Điểm thi THPT,2025,24.54,Toán ứng dụng
134830,SGD,toan-ung-dung,X18,Điểm thi THPT,2025,24.54,Toán ứng dụng
134831,SGD,toan-ung-dung,X19,Điểm thi THPT,2025,24.54,Toán ứng dụng
134832,SGD,toan-ung-dung,X20,Điểm thi THPT,2025,24.54,Toán ứng dụng
134833,SGD,toan-ung-dung,X21,Điểm thi THPT,2025,24.54,Toán ứng dụng
134834,SGD,toan-ung-dung,X22,Điểm thi THPT,2025,24.54,Toán ứng dụng
134835,SGD,toan-ung-dung,X23,Điểm thi THPT,2025,24.54,Toán ứng dụng
134836,SGD,toan-ung-dung,X24,Điểm thi THPT,2025,24.54,Toán ứng dụng
134837,SGD,toan-ung-dung,X25,Điểm thi THPT,2025,24.54,Toán ứng dụng
134838,SGD,toan-ung-dung,X26,Điểm thi THPT,2025,24.54,Toán ứng dụng
134839,SGD,toan-ung-dung,X27,Điểm thi THPT,2025,24.54,Toán ứng dụng
134840,SGD,toan-ung-dung,X28,Điểm thi THPT,2025,24.54,Toán ứng dụng
134841,SGD,toan-ung-dung,X53,Điểm thi THPT,2025,24.54,Toán ứng dụng
134842,SGD,toan-ung-dung,X54,Điểm thi THPT,2025,24.54,Toán ứng dụng
134843,SGD,toan-ung-dung,X55,Điểm thi THPT,2025,24.54,Toán ứng dụng
134844,SGD,toan-ung-dung,X56,Điểm thi THPT,2025,24.54,Toán ứng dụng
134845,SGD,toan-ung-dung,X57,Điểm thi THPT,2025,24.54,Toán ứng dụng
134846,SGD,tri-tue-nhan-tao,A00,Điểm thi THPT,2024,22.27,Trí tuệ nhân tạo
134847,SGD,tri-tue-nhan-tao,A01,Điểm thi THPT,2024,22.27,Trí tuệ nhân tạo
134848,SGD,tri-tue-nhan-tao,A00,Điểm thi THPT,2025,22.68,Trí tuệ nhân tạo
134849,SGD,tri-tue-nhan-tao,A01,Điểm thi THPT,2025,21.99,Trí tuệ nhân tạo
134850,SGD,tri-tue-nhan-tao,A02,Điểm thi THPT,2025,22.0,Trí tuệ nhân tạo
134851,SGD,tri-tue-nhan-tao,A03,Điểm thi THPT,2025,22.0,Trí tuệ nhân tạo
134852,SGD,tri-tue-nhan-tao,A04,Điểm thi THPT,2025,22.0,Trí tuệ nhân tạo
134853,SGD,tri-tue-nhan-tao,A05,Điểm thi THPT,2025,22.0,Trí tuệ nhân tạo
134854,SGD,tri-tue-nhan-tao,A06,Điểm thi THPT,2025,22.0,Trí tuệ nhân tạo
134855,SGD,tri-tue-nhan-tao,A07,Điểm thi THPT,2025,22.0,Trí tuệ nhân tạo
134856,SGD,tri-tue-nhan-tao,B00,Điểm thi THPT,2025,22.0,Trí tuệ nhân tạo
134857,SGD,tri-tue-nhan-tao,B01,Điểm thi THPT,2025,22.0,Trí tuệ nhân tạo
134858,SGD,tri-tue-nhan-tao,B02,Điểm thi THPT,2025,22.0,Trí tuệ nhân tạo
134859,SGD,tri-tue-nhan-tao,B03,Điểm thi THPT,2025,22.0,Trí tuệ nhân tạo
134860,SGD,tri-tue-nhan-tao,B08,Điểm thi THPT,2025,22.0,Trí tuệ nhân tạo
134861,SGD,tri-tue-nhan-tao,C01,Điểm thi THPT,2025,23.62,Trí tuệ nhân tạo
134862,SGD,tri-tue-nhan-tao,C02,Điểm thi THPT,2025,22.0,Trí tuệ nhân tạo
134863,SGD,tri-tue-nhan-tao,C03,Điểm thi THPT,2025,22.0,Trí tuệ nhân tạo
134864,SGD,tri-tue-nhan-tao,C04,Điểm thi THPT,2025,22.0,Trí tuệ nhân tạo
134865,SGD,tri-tue-nhan-tao,D01,Điểm thi THPT,2025,22.0,Trí tuệ nhân tạo
134866,SGD,tri-tue-nhan-tao,D07,Điểm thi THPT,2025,21.06,Trí tuệ nhân tạo
134867,SGD,tri-tue-nhan-tao,D09,Điểm thi THPT,2025,22.0,Trí tuệ nhân tạo
134868,SGD,tri-tue-nhan-tao,D10,Điểm thi THPT,2025,22.0,Trí tuệ nhân tạo
134869,SGD,tri-tue-nhan-tao,X01,Điểm thi THPT,2025,22.0,Trí tuệ nhân tạo
134870,SGD,tri-tue-nhan-tao,X02,Điểm thi THPT,2025,22.0,Trí tuệ nhân tạo
134871,SGD,tri-tue-nhan-tao,X03,Điểm thi THPT,2025,22.0,Trí tuệ nhân tạo
134872,SGD,tri-tue-nhan-tao,X04,Điểm thi THPT,2025,22.0,Trí tuệ nhân tạo
134873,SGD,tri-tue-nhan-tao,X05,Điểm thi THPT,2025,22.0,Trí tuệ nhân tạo
134874,SGD,tri-tue-nhan-tao,X06,Điểm thi THPT,2025,22.0,Trí tuệ nhân tạo
134875,SGD,tri-tue-nhan-tao,X07,Điểm thi THPT,2025,22.0,Trí tuệ nhân tạo
134876,SGD,tri-tue-nhan-tao,X08,Điểm thi THPT,2025,22.0,Trí tuệ nhân tạo
134877,SGD,tri-tue-nhan-tao,X09,Điểm thi THPT,2025,22.0,Trí tuệ nhân tạo
134878,SGD,tri-tue-nhan-tao,X10,Điểm thi THPT,2025,22.0,Trí tuệ nhân tạo
134879,SGD,tri-tue-nhan-tao,X11,Điểm thi THPT,2025,22.0,Trí tuệ nhân tạo
134880,SGD,tri-tue-nhan-tao,X12,Điểm thi THPT,2025,22.0,Trí tuệ nhân tạo
134881,SGD,tri-tue-nhan-tao,X13,Điểm thi THPT,2025,22.0,Trí tuệ nhân tạo
134882,SGD,tri-tue-nhan-tao,X14,Điểm thi THPT,2025,22.0,Trí tuệ nhân tạo
134883,SGD,tri-tue-nhan-tao,X15,Điểm thi THPT,2025,22.0,Trí tuệ nhân tạo
134884,SGD,tri-tue-nhan-tao,X16,Điểm thi THPT,2025,22.0,Trí tuệ nhân tạo
134885,SGD,tri-tue-nhan-tao,X17,Điểm thi THPT,2025,22.0,Trí tuệ nhân tạo
134886,SGD,tri-tue-nhan-tao,X18,Điểm thi THPT,2025,22.0,Trí tuệ nhân tạo
134887,SGD,tri-tue-nhan-tao,X19,Điểm thi THPT,2025,22.0,Trí tuệ nhân tạo
134888,SGD,tri-tue-nhan-tao,X20,Điểm thi THPT,2025,22.0,Trí tuệ nhân tạo
134889,SGD,tri-tue-nhan-tao,X21,Điểm thi THPT,2025,22.0,Trí tuệ nhân tạo
134890,SGD,tri-tue-nhan-tao,X22,Điểm thi THPT,2025,22.0,Trí tuệ nhân tạo
134891,SGD,tri-tue-nhan-tao,X23,Điểm thi THPT,2025,22.0,Trí tuệ nhân tạo
134892,SGD,tri-tue-nhan-tao,X24,Điểm thi THPT,2025,22.0,Trí tuệ nhân tạo
134893,SGD,tri-tue-nhan-tao,X25,Điểm thi THPT,2025,22.0,Trí tuệ nhân tạo
134894,SGD,tri-tue-nhan-tao,X26,Điểm thi THPT,2025,22.0,Trí tuệ nhân tạo
134895,SGD,tri-tue-nhan-tao,X27,Điểm thi THPT,2025,22.0,Trí tuệ nhân tạo
134896,SGD,tri-tue-nhan-tao,X28,Điểm thi THPT,2025,22.0,Trí tuệ nhân tạo
134897,SGD,tri-tue-nhan-tao,X53,Điểm thi THPT,2025,22.0,Trí tuệ nhân tạo
134898,SGD,tri-tue-nhan-tao,X54,Điểm thi THPT,2025,22.0,Trí tuệ nhân tạo
134899,SGD,tri-tue-nhan-tao,X55,Điểm thi THPT,2025,22.0,Trí tuệ nhân tạo
134900,SGD,tri-tue-nhan-tao,X56,Điểm thi THPT,2025,22.0,Trí tuệ nhân tạo
134901,SGD,tri-tue-nhan-tao,X57,Điểm thi THPT,2025,22.0,Trí tuệ nhân tạo
134902,SGD,viet-nam-hoc,C00,Điểm thi THPT,2021,21.5,Việt Nam học (CN Văn hóa - Du lịch)
134903,SGD,viet-nam-hoc,C00,Điểm thi THPT,2022,22.25,Việt Nam học (CN Văn hóa - Du lịch)
134904,SGD,viet-nam-hoc,C00,Điểm thi THPT,2023,22.2,Việt Nam học (CN Văn hóa -Du lịch)
134905,SGD,viet-nam-hoc,C00,Điểm thi THPT,2024,25.0,Việt Nam học
134906,SGD,viet-nam-hoc,B03,Điểm thi THPT,2025,21.0,Việt Nam học
134907,SGD,viet-nam-hoc,C01,Điểm thi THPT,2025,22.62,Việt Nam học
134908,SGD,viet-nam-hoc,C02,Điểm thi THPT,2025,21.0,Việt Nam học
134909,SGD,viet-nam-hoc,C03,Điểm thi THPT,2025,21.0,Việt Nam học
134910,SGD,viet-nam-hoc,C04,Điểm thi THPT,2025,21.0,Việt Nam học
134911,SGD,viet-nam-hoc,D01,Điểm thi THPT,2025,21.0,Việt Nam học
134912,SGD,viet-nam-hoc,X01,Điểm thi THPT,2025,21.0,Việt Nam học
134913,SGD,viet-nam-hoc,X02,Điểm thi THPT,2025,21.0,Việt Nam học
134914,SGD,viet-nam-hoc,X03,Điểm thi THPT,2025,21.0,Việt Nam học
134915,SGD,viet-nam-hoc,X04,Điểm thi THPT,2025,21.0,Việt Nam học
134916,SIU,cong-nghe-giao-duc,A00,Điểm học bạ,2024,6.5,Công nghệ giáo dục
134917,SIU,cong-nghe-giao-duc,A01,Điểm học bạ,2024,6.5,Công nghệ giáo dục
134918,SIU,cong-nghe-giao-duc,D01,Điểm học bạ,2024,6.5,Công nghệ giáo dục
134919,SIU,cong-nghe-giao-duc,D07,Điểm học bạ,2024,6.5,Công nghệ giáo dục
134920,SIU,cong-nghe-giao-duc,A00,Điểm thi THPT,2024,16.0,Công nghệ giáo dục
134921,SIU,cong-nghe-giao-duc,A01,Điểm thi THPT,2024,16.0,Công nghệ giáo dục
134922,SIU,cong-nghe-giao-duc,D01,Điểm thi THPT,2024,16.0,Công nghệ giáo dục
134923,SIU,cong-nghe-giao-duc,D07,Điểm thi THPT,2024,16.0,Công nghệ giáo dục
134924,SIU,cong-nghe-giao-duc,A00,Điểm học bạ,2025,18.0,Công nghệ giáo dục
134925,SIU,cong-nghe-giao-duc,A01,Điểm học bạ,2025,18.0,Công nghệ giáo dục
134926,SIU,cong-nghe-giao-duc,D07,Điểm học bạ,2025,18.0,Công nghệ giáo dục
134927,SIU,cong-nghe-giao-duc,X02,Điểm học bạ,2025,18.0,Công nghệ giáo dục
134928,SIU,cong-nghe-giao-duc,X06,Điểm học bạ,2025,18.0,Công nghệ giáo dục
134929,SIU,cong-nghe-giao-duc,X10,Điểm học bạ,2025,18.0,Công nghệ giáo dục
134930,SIU,cong-nghe-giao-duc,A00,Điểm thi THPT,2025,15.0,Công nghệ giáo dục
134931,SIU,cong-nghe-giao-duc,A01,Điểm thi THPT,2025,15.0,Công nghệ giáo dục
134932,SIU,cong-nghe-giao-duc,D07,Điểm thi THPT,2025,15.0,Công nghệ giáo dục
134933,SIU,cong-nghe-giao-duc,X02,Điểm thi THPT,2025,15.0,Công nghệ giáo dục
134934,SIU,cong-nghe-giao-duc,X06,Điểm thi THPT,2025,15.0,Công nghệ giáo dục
134935,SIU,cong-nghe-giao-duc,X10,Điểm thi THPT,2025,15.0,Công nghệ giáo dục
134936,SIU,cong-nghe-thong-tin,A00,Điểm học bạ,2024,6.5,Công nghệ thông tin
134937,SIU,cong-nghe-thong-tin,A01,Điểm học bạ,2024,6.5,Công nghệ thông tin
134938,SIU,cong-nghe-thong-tin,D01,Điểm học bạ,2024,6.5,Công nghệ thông tin
134939,SIU,cong-nghe-thong-tin,D07,Điểm học bạ,2024,6.5,Công nghệ thông tin
134940,SIU,cong-nghe-thong-tin,A00,Điểm thi THPT,2024,17.0,Công nghệ thông tin
134941,SIU,cong-nghe-thong-tin,A01,Điểm thi THPT,2024,17.0,Công nghệ thông tin
134942,SIU,cong-nghe-thong-tin,D01,Điểm thi THPT,2024,17.0,Công nghệ thông tin
134943,SIU,cong-nghe-thong-tin,D07,Điểm thi THPT,2024,17.0,Công nghệ thông tin
134944,SIU,cong-nghe-thong-tin,A00,Điểm học bạ,2025,18.0,Công nghệ thông tin
134945,SIU,cong-nghe-thong-tin,A01,Điểm học bạ,2025,18.0,Công nghệ thông tin
134946,SIU,cong-nghe-thong-tin,D01,Điểm học bạ,2025,18.0,Công nghệ thông tin
134947,SIU,cong-nghe-thong-tin,D07,Điểm học bạ,2025,18.0,Công nghệ thông tin
134948,SIU,cong-nghe-thong-tin,X02,Điểm học bạ,2025,18.0,Công nghệ thông tin
134949,SIU,cong-nghe-thong-tin,X06,Điểm học bạ,2025,18.0,Công nghệ thông tin
134950,SIU,cong-nghe-thong-tin,A00,Điểm thi THPT,2025,16.0,Công nghệ thông tin
134951,SIU,cong-nghe-thong-tin,A01,Điểm thi THPT,2025,16.0,Công nghệ thông tin
134952,SIU,cong-nghe-thong-tin,D01,Điểm thi THPT,2025,16.0,Công nghệ thông tin
134953,SIU,cong-nghe-thong-tin,D07,Điểm thi THPT,2025,16.0,Công nghệ thông tin
134954,SIU,cong-nghe-thong-tin,X02,Điểm thi THPT,2025,16.0,Công nghệ thông tin
134955,SIU,cong-nghe-thong-tin,X06,Điểm thi THPT,2025,16.0,Công nghệ thông tin
134956,SIU,dong-phuong-hoc,A01,Điểm học bạ,2023,18.5,Đông phương học
134957,SIU,dong-phuong-hoc,C00,Điểm học bạ,2023,18.5,Đông phương học
134958,SIU,dong-phuong-hoc,D01,Điểm học bạ,2023,18.5,Đông phương học
134959,SIU,dong-phuong-hoc,D04,Điểm học bạ,2023,18.5,Đông phương học
134960,SIU,dong-phuong-hoc,A01,Điểm học bạ,2024,6.5,Đông phương học
134961,SIU,dong-phuong-hoc,C00,Điểm học bạ,2024,6.5,Đông phương học
134962,SIU,dong-phuong-hoc,D01,Điểm học bạ,2024,6.5,Đông phương học
134963,SIU,dong-phuong-hoc,D04,Điểm học bạ,2024,6.5,Đông phương học
134964,SIU,dong-phuong-hoc,A01,Điểm thi THPT,2024,16.0,Đông phương học
134965,SIU,dong-phuong-hoc,C00,Điểm thi THPT,2024,16.0,Đông phương học
134966,SIU,dong-phuong-hoc,D01,Điểm thi THPT,2024,16.0,Đông phương học
134967,SIU,dong-phuong-hoc,D04,Điểm thi THPT,2024,16.0,Đông phương học
134968,SIU,dong-phuong-hoc,C00,Điểm học bạ,2025,18.0,Đông phương học
134969,SIU,dong-phuong-hoc,D01,Điểm học bạ,2025,18.0,Đông phương học
134970,SIU,dong-phuong-hoc,D14,Điểm học bạ,2025,18.0,Đông phương học
134971,SIU,dong-phuong-hoc,D15,Điểm học bạ,2025,18.0,Đông phương học
134972,SIU,dong-phuong-hoc,D63,Điểm học bạ,2025,18.0,Đông phương học
134973,SIU,dong-phuong-hoc,D65,Điểm học bạ,2025,18.0,Đông phương học
134974,SIU,dong-phuong-hoc,C00,Điểm thi THPT,2025,15.0,Đông phương học
134975,SIU,dong-phuong-hoc,D01,Điểm thi THPT,2025,15.0,Đông phương học
134976,SIU,dong-phuong-hoc,D14,Điểm thi THPT,2025,15.0,Đông phương học
134977,SIU,dong-phuong-hoc,D15,Điểm thi THPT,2025,15.0,Đông phương học
134978,SIU,dong-phuong-hoc,D63,Điểm thi THPT,2025,15.0,Đông phương học
134979,SIU,dong-phuong-hoc,D65,Điểm thi THPT,2025,15.0,Đông phương học
134980,SIU,dong-phuong-hoc-gom-cac-chuyen-nganh-trung-quoc-hoc-han-quoc-hoc-nhat-ban-hoc,A01,Điểm thi THPT,2023,17.0,Đông phương học gồm các chuyên ngành: - Trung Quốc học - Hàn Quốc học - Nhật Bản học
134981,SIU,dong-phuong-hoc-gom-cac-chuyen-nganh-trung-quoc-hoc-han-quoc-hoc-nhat-ban-hoc,C00,Điểm thi THPT,2023,17.0,Đông phương học gồm các chuyên ngành: - Trung Quốc học - Hàn Quốc học - Nhật Bản học
134982,SIU,dong-phuong-hoc-gom-cac-chuyen-nganh-trung-quoc-hoc-han-quoc-hoc-nhat-ban-hoc,D01,Điểm thi THPT,2023,17.0,Đông phương học gồm các chuyên ngành: - Trung Quốc học - Hàn Quốc học - Nhật Bản học
134983,SIU,dong-phuong-hoc-gom-cac-chuyen-nganh-trung-quoc-hoc-han-quoc-hoc-nhat-ban-hoc,D04,Điểm thi THPT,2023,17.0,Đông phương học gồm các chuyên ngành: - Trung Quốc học - Hàn Quốc học - Nhật Bản học
134984,SIU,ke-toan,A00,Điểm thi THPT,2021,17.0,Kế toán
134985,SIU,ke-toan,A01,Điểm thi THPT,2021,17.0,Kế toán
134986,SIU,ke-toan,C00,Điểm thi THPT,2021,17.0,Kế toán
134987,SIU,ke-toan,D01,Điểm thi THPT,2021,17.0,Kế toán
134988,SIU,ke-toan,A00,Điểm thi THPT,2022,17.0,Kế toán
134989,SIU,ke-toan,A01,Điểm thi THPT,2022,17.0,Kế toán
134990,SIU,ke-toan,C01,Điểm thi THPT,2022,17.0,Kế toán
134991,SIU,ke-toan,D01,Điểm thi THPT,2022,17.0,Kế toán
134992,SIU,ke-toan,A00,Điểm học bạ,2023,18.0,Kế toán
134993,SIU,ke-toan,A01,Điểm học bạ,2023,18.0,Kế toán
134994,SIU,ke-toan,C01,Điểm học bạ,2023,18.0,Kế toán
134995,SIU,ke-toan,D01,Điểm học bạ,2023,18.0,Kế toán
134996,SIU,ke-toan,A00,Điểm học bạ,2024,20.0,Kế toán
134997,SIU,ke-toan,A01,Điểm học bạ,2024,20.0,Kế toán
134998,SIU,ke-toan,C01,Điểm học bạ,2024,20.0,Kế toán
134999,SIU,ke-toan,D01,Điểm học bạ,2024,20.0,Kế toán
135000,SIU,ke-toan,A00,Điểm thi THPT,2024,16.0,Kế toán
135001,SIU,ke-toan,A01,Điểm thi THPT,2024,16.0,Kế toán
135002,SIU,ke-toan,C01,Điểm thi THPT,2024,16.0,Kế toán
135003,SIU,ke-toan,D01,Điểm thi THPT,2024,16.0,Kế toán
135004,SIU,ke-toan,A00,Điểm học bạ,2025,18.0,Kế toán
135005,SIU,ke-toan,A01,Điểm học bạ,2025,18.0,Kế toán
135006,SIU,ke-toan,C01,Điểm học bạ,2025,18.0,Kế toán
135007,SIU,ke-toan,C14,Điểm học bạ,2025,18.0,Kế toán
135008,SIU,ke-toan,D01,Điểm học bạ,2025,18.0,Kế toán
135009,SIU,ke-toan,D07,Điểm học bạ,2025,18.0,Kế toán
135010,SIU,ke-toan,A00,Điểm thi THPT,2025,15.0,Kế toán
135011,SIU,ke-toan,A01,Điểm thi THPT,2025,15.0,Kế toán
135012,SIU,ke-toan,C01,Điểm thi THPT,2025,15.0,Kế toán
135013,SIU,ke-toan,C14,Điểm thi THPT,2025,15.0,Kế toán
135014,SIU,ke-toan,D01,Điểm thi THPT,2025,15.0,Kế toán
135015,SIU,ke-toan,D07,Điểm thi THPT,2025,15.0,Kế toán
135016,SIU,ke-toan-gom-cac-chuyen-nganh-ke-toan-kiem-toan-ke-toan-doanh-nghiep,A00,Điểm thi THPT,2023,17.0,Kế toán gồm các chuyên ngành: - Kế toán - Kiểm toán - Kế toán doanh nghiệp
135017,SIU,ke-toan-gom-cac-chuyen-nganh-ke-toan-kiem-toan-ke-toan-doanh-nghiep,A01,Điểm thi THPT,2023,17.0,Kế toán gồm các chuyên ngành: - Kế toán - Kiểm toán - Kế toán doanh nghiệp
135018,SIU,ke-toan-gom-cac-chuyen-nganh-ke-toan-kiem-toan-ke-toan-doanh-nghiep,C01,Điểm thi THPT,2023,17.0,Kế toán gồm các chuyên ngành: - Kế toán - Kiểm toán - Kế toán doanh nghiệp
135019,SIU,ke-toan-gom-cac-chuyen-nganh-ke-toan-kiem-toan-ke-toan-doanh-nghiep,D01,Điểm thi THPT,2023,17.0,Kế toán gồm các chuyên ngành: - Kế toán - Kiểm toán - Kế toán doanh nghiệp
135020,SIU,khoa-hoc-may-tinh,A00,Điểm thi THPT,2021,18.0,Khoa học máy tính
135021,SIU,khoa-hoc-may-tinh,A01,Điểm thi THPT,2021,18.0,Khoa học máy tính
135022,SIU,khoa-hoc-may-tinh,D01,Điểm thi THPT,2021,18.0,Khoa học máy tính
135023,SIU,khoa-hoc-may-tinh,D90,Điểm thi THPT,2021,18.0,Khoa học máy tính
135024,SIU,khoa-hoc-may-tinh,A00,Điểm thi THPT,2022,18.0,Khoa học máy tính
135025,SIU,khoa-hoc-may-tinh,A01,Điểm thi THPT,2022,18.0,Khoa học máy tính
135026,SIU,khoa-hoc-may-tinh,D01,Điểm thi THPT,2022,18.0,Khoa học máy tính
135027,SIU,khoa-hoc-may-tinh,D07,Điểm thi THPT,2022,18.0,Khoa học máy tính
135028,SIU,khoa-hoc-may-tinh,A00,Điểm học bạ,2023,18.0,Khoa học máy tính
135029,SIU,khoa-hoc-may-tinh,A01,Điểm học bạ,2023,18.0,Khoa học máy tính
135030,SIU,khoa-hoc-may-tinh,D01,Điểm học bạ,2023,18.0,Khoa học máy tính
135031,SIU,khoa-hoc-may-tinh,D07,Điểm học bạ,2023,18.0,Khoa học máy tính
135032,SIU,khoa-hoc-may-tinh,A00,Điểm học bạ,2024,20.0,Khoa học máy tính
135033,SIU,khoa-hoc-may-tinh,A01,Điểm học bạ,2024,20.0,Khoa học máy tính
135034,SIU,khoa-hoc-may-tinh,D01,Điểm học bạ,2024,20.0,Khoa học máy tính
135035,SIU,khoa-hoc-may-tinh,D07,Điểm học bạ,2024,20.0,Khoa học máy tính
135036,SIU,khoa-hoc-may-tinh,A00,Điểm thi THPT,2024,17.0,Khoa học máy tính
135037,SIU,khoa-hoc-may-tinh,A01,Điểm thi THPT,2024,17.0,Khoa học máy tính
135038,SIU,khoa-hoc-may-tinh,D01,Điểm thi THPT,2024,17.0,Khoa học máy tính
135039,SIU,khoa-hoc-may-tinh,D07,Điểm thi THPT,2024,17.0,Khoa học máy tính
135040,SIU,khoa-hoc-may-tinh,A00,Điểm học bạ,2025,18.0,Khoa học máy tính
135041,SIU,khoa-hoc-may-tinh,A01,Điểm học bạ,2025,18.0,Khoa học máy tính
135042,SIU,khoa-hoc-may-tinh,D07,Điểm học bạ,2025,18.0,Khoa học máy tính
135043,SIU,khoa-hoc-may-tinh,X02,Điểm học bạ,2025,18.0,Khoa học máy tính
135044,SIU,khoa-hoc-may-tinh,X06,Điểm học bạ,2025,18.0,Khoa học máy tính
135045,SIU,khoa-hoc-may-tinh,X10,Điểm học bạ,2025,18.0,Khoa học máy tính
135046,SIU,khoa-hoc-may-tinh,A00,Điểm thi THPT,2025,16.0,Khoa học máy tính
135047,SIU,khoa-hoc-may-tinh,A01,Điểm thi THPT,2025,16.0,Khoa học máy tính
135048,SIU,khoa-hoc-may-tinh,D07,Điểm thi THPT,2025,16.0,Khoa học máy tính
135049,SIU,khoa-hoc-may-tinh,X02,Điểm thi THPT,2025,16.0,Khoa học máy tính
135050,SIU,khoa-hoc-may-tinh,X06,Điểm thi THPT,2025,16.0,Khoa học máy tính
135051,SIU,khoa-hoc-may-tinh,X10,Điểm thi THPT,2025,16.0,Khoa học máy tính
135052,SIU,khoa-hoc-may-tinh-gom-cac-chuyen-nganh-tri-tue-nhan-tao-he-thong-du-lieu-lon-ky-thuat-phan-mem-mang-may-tinh-an-ninh-thong-tin,A00,Điểm thi THPT,2023,17.0,Khoa học máy tính gồm các chuyên ngành: - Trí tuệ nhân tạo - Hệ thống dữ liệu lớn - Kỹ thuật phần mềm - Mạng máy tính & An ninh thông tin
135053,SIU,khoa-hoc-may-tinh-gom-cac-chuyen-nganh-tri-tue-nhan-tao-he-thong-du-lieu-lon-ky-thuat-phan-mem-mang-may-tinh-an-ninh-thong-tin,A01,Điểm thi THPT,2023,17.0,Khoa học máy tính gồm các chuyên ngành: - Trí tuệ nhân tạo - Hệ thống dữ liệu lớn - Kỹ thuật phần mềm - Mạng máy tính & An ninh thông tin
135054,SIU,khoa-hoc-may-tinh-gom-cac-chuyen-nganh-tri-tue-nhan-tao-he-thong-du-lieu-lon-ky-thuat-phan-mem-mang-may-tinh-an-ninh-thong-tin,D01,Điểm thi THPT,2023,17.0,Khoa học máy tính gồm các chuyên ngành: - Trí tuệ nhân tạo - Hệ thống dữ liệu lớn - Kỹ thuật phần mềm - Mạng máy tính & An ninh thông tin
135055,SIU,khoa-hoc-may-tinh-gom-cac-chuyen-nganh-tri-tue-nhan-tao-he-thong-du-lieu-lon-ky-thuat-phan-mem-mang-may-tinh-an-ninh-thong-tin,D07,Điểm thi THPT,2023,17.0,Khoa học máy tính gồm các chuyên ngành: - Trí tuệ nhân tạo - Hệ thống dữ liệu lớn - Kỹ thuật phần mềm - Mạng máy tính & An ninh thông tin
135056,SIU,logistic-va-quan-ly-chuoi-cung-ung,A00,Điểm thi THPT,2024,17.0,Logistic và quản lý chuỗi cung ứng
135057,SIU,logistic-va-quan-ly-chuoi-cung-ung,A01,Điểm thi THPT,2024,17.0,Logistic và quản lý chuỗi cung ứng
135058,SIU,logistic-va-quan-ly-chuoi-cung-ung,A07,Điểm thi THPT,2024,17.0,Logistic và quản lý chuỗi cung ứng
135059,SIU,logistic-va-quan-ly-chuoi-cung-ung,D01,Điểm thi THPT,2024,17.0,Logistic và quản lý chuỗi cung ứng
135060,SIU,logistics-quan-ly-chuoi-cung-ung,A00,Điểm thi THPT,2022,17.0,Logistics & Quản lý chuỗi cung ứng
135061,SIU,logistics-quan-ly-chuoi-cung-ung,A01,Điểm thi THPT,2022,17.0,Logistics & Quản lý chuỗi cung ứng
135062,SIU,logistics-quan-ly-chuoi-cung-ung,A07,Điểm thi THPT,2022,17.0,Logistics & Quản lý chuỗi cung ứng
135063,SIU,logistics-quan-ly-chuoi-cung-ung,D01,Điểm thi THPT,2022,17.0,Logistics & Quản lý chuỗi cung ứng
135064,SIU,logistics-quan-ly-chuoi-cung-ung,A00,Điểm học bạ,2023,18.5,Logistics & Quản lý chuỗi cung ứng
135065,SIU,logistics-quan-ly-chuoi-cung-ung,A01,Điểm học bạ,2023,18.5,Logistics & Quản lý chuỗi cung ứng
135066,SIU,logistics-quan-ly-chuoi-cung-ung,A07,Điểm học bạ,2023,18.5,Logistics & Quản lý chuỗi cung ứng
135067,SIU,logistics-quan-ly-chuoi-cung-ung,D01,Điểm học bạ,2023,18.5,Logistics & Quản lý chuỗi cung ứng
135068,SIU,logistics-quan-ly-chuoi-cung-ung,A00,Điểm học bạ,2024,6.5,Logistics & Quản lý chuỗi cung ứng
135069,SIU,logistics-quan-ly-chuoi-cung-ung,A01,Điểm học bạ,2024,6.5,Logistics & Quản lý chuỗi cung ứng
135070,SIU,logistics-quan-ly-chuoi-cung-ung,A07,Điểm học bạ,2024,6.5,Logistics & Quản lý chuỗi cung ứng
135071,SIU,logistics-quan-ly-chuoi-cung-ung,D01,Điểm học bạ,2024,6.5,Logistics & Quản lý chuỗi cung ứng
135072,SIU,logistics-va-quan-ly-chuoi-cung-ung,A00,Điểm thi THPT,2021,17.0,Logistics và Quản lý chuỗi cung ứng
135073,SIU,logistics-va-quan-ly-chuoi-cung-ung,A01,Điểm thi THPT,2021,17.0,Logistics và Quản lý chuỗi cung ứng
135074,SIU,logistics-va-quan-ly-chuoi-cung-ung,C00,Điểm thi THPT,2021,17.0,Logistics và Quản lý chuỗi cung ứng
135075,SIU,logistics-va-quan-ly-chuoi-cung-ung,D01,Điểm thi THPT,2021,17.0,Logistics và Quản lý chuỗi cung ứng
135076,SIU,logistics-va-quan-ly-chuoi-cung-ung,A00,Điểm thi THPT,2023,17.0,Logistics và quản lý chuỗi cung ứng
135077,SIU,logistics-va-quan-ly-chuoi-cung-ung,A01,Điểm thi THPT,2023,17.0,Logistics và quản lý chuỗi cung ứng
135078,SIU,logistics-va-quan-ly-chuoi-cung-ung,A07,Điểm thi THPT,2023,17.0,Logistics và quản lý chuỗi cung ứng
135079,SIU,logistics-va-quan-ly-chuoi-cung-ung,D01,Điểm thi THPT,2023,17.0,Logistics và quản lý chuỗi cung ứng
135080,SIU,logistics-va-quan-ly-chuoi-cung-ung,A00,Điểm học bạ,2025,18.0,Logistics và quản lý chuỗi cung ứng
135081,SIU,logistics-va-quan-ly-chuoi-cung-ung,A01,Điểm học bạ,2025,18.0,Logistics và quản lý chuỗi cung ứng
135082,SIU,logistics-va-quan-ly-chuoi-cung-ung,A07,Điểm học bạ,2025,18.0,Logistics và quản lý chuỗi cung ứng
135083,SIU,logistics-va-quan-ly-chuoi-cung-ung,C14,Điểm học bạ,2025,18.0,Logistics và quản lý chuỗi cung ứng
135084,SIU,logistics-va-quan-ly-chuoi-cung-ung,D01,Điểm học bạ,2025,18.0,Logistics và quản lý chuỗi cung ứng
135085,SIU,logistics-va-quan-ly-chuoi-cung-ung,D66,Điểm học bạ,2025,18.0,Logistics và quản lý chuỗi cung ứng
135086,SIU,logistics-va-quan-ly-chuoi-cung-ung,A00,Điểm thi THPT,2025,16.0,Logistics và quản lý chuỗi cung ứng
135087,SIU,logistics-va-quan-ly-chuoi-cung-ung,A01,Điểm thi THPT,2025,16.0,Logistics và quản lý chuỗi cung ứng
135088,SIU,logistics-va-quan-ly-chuoi-cung-ung,A07,Điểm thi THPT,2025,16.0,Logistics và quản lý chuỗi cung ứng
135089,SIU,logistics-va-quan-ly-chuoi-cung-ung,C14,Điểm thi THPT,2025,16.0,Logistics và quản lý chuỗi cung ứng
135090,SIU,logistics-va-quan-ly-chuoi-cung-ung,D01,Điểm thi THPT,2025,16.0,Logistics và quản lý chuỗi cung ứng
135091,SIU,logistics-va-quan-ly-chuoi-cung-ung,D66,Điểm thi THPT,2025,16.0,Logistics và quản lý chuỗi cung ứng
135092,SIU,luat-kinh-te,A00,Điểm học bạ,2023,18.0,Luật kinh tế
135093,SIU,luat-kinh-te,A01,Điểm học bạ,2023,18.0,Luật kinh tế
135094,SIU,luat-kinh-te,C00,Điểm học bạ,2023,18.0,Luật kinh tế
135095,SIU,luat-kinh-te,D01,Điểm học bạ,2023,18.0,Luật kinh tế
135096,SIU,luat-kinh-te,A00,Điểm học bạ,2024,20.0,Luật kinh tế
135097,SIU,luat-kinh-te,A01,Điểm học bạ,2024,20.0,Luật kinh tế
135098,SIU,luat-kinh-te,D01,Điểm học bạ,2024,20.0,Luật kinh tế
135099,SIU,luat-kinh-te,D07,Điểm học bạ,2024,20.0,Luật kinh tế
135100,SIU,luat-kinh-te,A00,Điểm thi THPT,2024,17.0,Luật kinh tế
135101,SIU,luat-kinh-te,A01,Điểm thi THPT,2024,17.0,Luật kinh tế
135102,SIU,luat-kinh-te,C00,Điểm thi THPT,2024,17.0,Luật kinh tế
135103,SIU,luat-kinh-te,D01,Điểm thi THPT,2024,17.0,Luật kinh tế
135104,SIU,luat-kinh-te,A00,Điểm học bạ,2025,18.0,Luật kinh tế
135105,SIU,luat-kinh-te,A01,Điểm học bạ,2025,18.0,Luật kinh tế
135106,SIU,luat-kinh-te,C00,Điểm học bạ,2025,18.0,Luật kinh tế
135107,SIU,luat-kinh-te,C20,Điểm học bạ,2025,18.0,Luật kinh tế
135108,SIU,luat-kinh-te,D01,Điểm học bạ,2025,18.0,Luật kinh tế
135109,SIU,luat-kinh-te,D66,Điểm học bạ,2025,18.0,Luật kinh tế
135110,SIU,luat-kinh-te,A00,Điểm thi THPT,2025,18.0,Luật kinh tế
135111,SIU,luat-kinh-te,A01,Điểm thi THPT,2025,18.0,Luật kinh tế
135112,SIU,luat-kinh-te,C00,Điểm thi THPT,2025,18.0,Luật kinh tế
135113,SIU,luat-kinh-te,C20,Điểm thi THPT,2025,18.0,Luật kinh tế
135114,SIU,luat-kinh-te,D01,Điểm thi THPT,2025,18.0,Luật kinh tế
135115,SIU,luat-kinh-te,D66,Điểm thi THPT,2025,18.0,Luật kinh tế
135116,SIU,luat-kinh-te-quoc-te,A00,Điểm thi THPT,2021,18.0,Luật kinh tế quốc tế
135117,SIU,luat-kinh-te-quoc-te,A01,Điểm thi THPT,2021,18.0,Luật kinh tế quốc tế
135118,SIU,luat-kinh-te-quoc-te,D01,Điểm thi THPT,2021,18.0,Luật kinh tế quốc tế
135119,SIU,luat-kinh-te-quoc-te,D96,Điểm thi THPT,2021,18.0,Luật kinh tế quốc tế
135120,SIU,luat-kinh-te-quoc-te,A00,Điểm thi THPT,2022,18.0,Luật kinh tế quốc tế
135121,SIU,luat-kinh-te-quoc-te,A01,Điểm thi THPT,2022,18.0,Luật kinh tế quốc tế
135122,SIU,luat-kinh-te-quoc-te,C00,Điểm thi THPT,2022,18.0,Luật kinh tế quốc tế
135123,SIU,luat-kinh-te-quoc-te,D01,Điểm thi THPT,2022,18.0,Luật kinh tế quốc tế
135124,SIU,luat-kinh-te-quoc-te,A00,Điểm thi THPT,2023,17.0,Luật kinh tế quốc tế
135125,SIU,luat-kinh-te-quoc-te,A01,Điểm thi THPT,2023,17.0,Luật kinh tế quốc tế
135126,SIU,luat-kinh-te-quoc-te,C00,Điểm thi THPT,2023,17.0,Luật kinh tế quốc tế
135127,SIU,luat-kinh-te-quoc-te,D01,Điểm thi THPT,2023,17.0,Luật kinh tế quốc tế
135128,SIU,ngon-ngu-anh,D01,Điểm thi THPT,2021,17.0,Ngôn ngữ Anh
135129,SIU,ngon-ngu-anh,D15,Điểm thi THPT,2021,17.0,Ngôn ngữ Anh
135130,SIU,ngon-ngu-anh,D72,Điểm thi THPT,2021,17.0,Ngôn ngữ Anh
135131,SIU,ngon-ngu-anh,D78,Điểm thi THPT,2021,17.0,Ngôn ngữ Anh
135132,SIU,ngon-ngu-anh,D01,Điểm thi THPT,2022,17.0,Ngôn ngữ Anh
135133,SIU,ngon-ngu-anh,D11,Điểm thi THPT,2022,17.0,Ngôn ngữ Anh
135134,SIU,ngon-ngu-anh,D12,Điểm thi THPT,2022,17.0,Ngôn ngữ Anh
135135,SIU,ngon-ngu-anh,D15,Điểm thi THPT,2022,17.0,Ngôn ngữ Anh
135136,SIU,ngon-ngu-anh,D01,Điểm học bạ,2023,18.5,Ngôn ngữ Anh
135137,SIU,ngon-ngu-anh,D11,Điểm học bạ,2023,18.5,Ngôn ngữ Anh
135138,SIU,ngon-ngu-anh,D12,Điểm học bạ,2023,18.5,Ngôn ngữ Anh
135139,SIU,ngon-ngu-anh,D15,Điểm học bạ,2023,18.5,Ngôn ngữ Anh
135140,SIU,ngon-ngu-anh,D01,Điểm học bạ,2024,20.0,Ngôn ngữ Anh
135141,SIU,ngon-ngu-anh,D11,Điểm học bạ,2024,20.0,Ngôn ngữ Anh
135142,SIU,ngon-ngu-anh,D12,Điểm học bạ,2024,20.0,Ngôn ngữ Anh
135143,SIU,ngon-ngu-anh,D15,Điểm học bạ,2024,20.0,Ngôn ngữ Anh
135144,SIU,ngon-ngu-anh,D01,Điểm thi THPT,2024,17.0,Ngôn ngữ Anh
135145,SIU,ngon-ngu-anh,D11,Điểm thi THPT,2024,17.0,Ngôn ngữ Anh
135146,SIU,ngon-ngu-anh,D12,Điểm thi THPT,2024,17.0,Ngôn ngữ Anh
135147,SIU,ngon-ngu-anh,D15,Điểm thi THPT,2024,17.0,Ngôn ngữ Anh
135148,SIU,ngon-ngu-anh,A01,Điểm học bạ,2025,18.0,Ngôn ngữ Anh
135149,SIU,ngon-ngu-anh,D01,Điểm học bạ,2025,18.0,Ngôn ngữ Anh
135150,SIU,ngon-ngu-anh,D09,Điểm học bạ,2025,18.0,Ngôn ngữ Anh
135151,SIU,ngon-ngu-anh,D14,Điểm học bạ,2025,18.0,Ngôn ngữ Anh
135152,SIU,ngon-ngu-anh,D15,Điểm học bạ,2025,18.0,Ngôn ngữ Anh
135153,SIU,ngon-ngu-anh,D66,Điểm học bạ,2025,18.0,Ngôn ngữ Anh
135154,SIU,ngon-ngu-anh,A01,Điểm thi THPT,2025,16.0,Ngôn ngữ Anh
135155,SIU,ngon-ngu-anh,D01,Điểm thi THPT,2025,16.0,Ngôn ngữ Anh
135156,SIU,ngon-ngu-anh,D09,Điểm thi THPT,2025,16.0,Ngôn ngữ Anh
135157,SIU,ngon-ngu-anh,D14,Điểm thi THPT,2025,16.0,Ngôn ngữ Anh
135158,SIU,ngon-ngu-anh,D15,Điểm thi THPT,2025,16.0,Ngôn ngữ Anh
135159,SIU,ngon-ngu-anh,D66,Điểm thi THPT,2025,16.0,Ngôn ngữ Anh
135160,SIU,ngon-ngu-anh-gom-cac-chuyen-nganh-tieng-anh-giang-day-tieng-anh-thuong-mai,D01,Điểm thi THPT,2023,17.0,Ngôn ngữ Anh gồm các chuyên ngành: - Tiếng Anh giảng dạy -Tiếng Anh thương mại
135161,SIU,ngon-ngu-anh-gom-cac-chuyen-nganh-tieng-anh-giang-day-tieng-anh-thuong-mai,D11,Điểm thi THPT,2023,17.0,Ngôn ngữ Anh gồm các chuyên ngành: - Tiếng Anh giảng dạy -Tiếng Anh thương mại
135162,SIU,ngon-ngu-anh-gom-cac-chuyen-nganh-tieng-anh-giang-day-tieng-anh-thuong-mai,D12,Điểm thi THPT,2023,17.0,Ngôn ngữ Anh gồm các chuyên ngành: - Tiếng Anh giảng dạy -Tiếng Anh thương mại
135163,SIU,ngon-ngu-anh-gom-cac-chuyen-nganh-tieng-anh-giang-day-tieng-anh-thuong-mai,D15,Điểm thi THPT,2023,17.0,Ngôn ngữ Anh gồm các chuyên ngành: - Tiếng Anh giảng dạy -Tiếng Anh thương mại
135164,SIU,quan-he-cong-chung,A00,Điểm học bạ,2024,20.0,Quan hệ công chúng
135165,SIU,quan-he-cong-chung,A01,Điểm học bạ,2024,20.0,Quan hệ công chúng
135166,SIU,quan-he-cong-chung,C00,Điểm học bạ,2024,20.0,Quan hệ công chúng
135167,SIU,quan-he-cong-chung,D01,Điểm học bạ,2024,20.0,Quan hệ công chúng
135168,SIU,quan-he-cong-chung,A00,Điểm thi THPT,2024,17.0,Quan hệ công chúng
135169,SIU,quan-he-cong-chung,A01,Điểm thi THPT,2024,17.0,Quan hệ công chúng
135170,SIU,quan-he-cong-chung,C00,Điểm thi THPT,2024,17.0,Quan hệ công chúng
135171,SIU,quan-he-cong-chung,D01,Điểm thi THPT,2024,17.0,Quan hệ công chúng
135172,SIU,quan-he-cong-chung,A00,Điểm học bạ,2025,18.0,Quan hệ công chúng
135173,SIU,quan-he-cong-chung,A01,Điểm học bạ,2025,18.0,Quan hệ công chúng
135174,SIU,quan-he-cong-chung,C00,Điểm học bạ,2025,18.0,Quan hệ công chúng
135175,SIU,quan-he-cong-chung,C03,Điểm học bạ,2025,18.0,Quan hệ công chúng
135176,SIU,quan-he-cong-chung,C19,Điểm học bạ,2025,18.0,Quan hệ công chúng
135177,SIU,quan-he-cong-chung,D01,Điểm học bạ,2025,18.0,Quan hệ công chúng
135178,SIU,quan-he-cong-chung,A00,Điểm thi THPT,2025,16.0,Quan hệ công chúng
135179,SIU,quan-he-cong-chung,A01,Điểm thi THPT,2025,16.0,Quan hệ công chúng
135180,SIU,quan-he-cong-chung,C00,Điểm thi THPT,2025,16.0,Quan hệ công chúng
135181,SIU,quan-he-cong-chung,C03,Điểm thi THPT,2025,16.0,Quan hệ công chúng
135182,SIU,quan-he-cong-chung,C19,Điểm thi THPT,2025,16.0,Quan hệ công chúng
135183,SIU,quan-he-cong-chung,D01,Điểm thi THPT,2025,16.0,Quan hệ công chúng
135184,SIU,quan-tri-khach-san,A00,Điểm thi THPT,2021,17.0,Quản trị khách sạn
135185,SIU,quan-tri-khach-san,A01,Điểm thi THPT,2021,17.0,Quản trị khách sạn
135186,SIU,quan-tri-khach-san,C00,Điểm thi THPT,2021,17.0,Quản trị khách sạn
135187,SIU,quan-tri-khach-san,D01,Điểm thi THPT,2021,17.0,Quản trị khách sạn
135188,SIU,quan-tri-khach-san,A00,Điểm thi THPT,2022,17.0,Quản trị Khách sạn
135189,SIU,quan-tri-khach-san,A01,Điểm thi THPT,2022,17.0,Quản trị Khách sạn
135190,SIU,quan-tri-khach-san,A07,Điểm thi THPT,2022,17.0,Quản trị Khách sạn
135191,SIU,quan-tri-khach-san,D01,Điểm thi THPT,2022,17.0,Quản trị Khách sạn
135192,SIU,quan-tri-khach-san,A00,Điểm học bạ,2023,19.0,Quản trị Khách sạn
135193,SIU,quan-tri-khach-san,A01,Điểm học bạ,2023,19.0,Quản trị Khách sạn
135194,SIU,quan-tri-khach-san,A07,Điểm học bạ,2023,19.0,Quản trị Khách sạn
135195,SIU,quan-tri-khach-san,D01,Điểm học bạ,2023,19.0,Quản trị Khách sạn
135196,SIU,quan-tri-khach-san,A00,Điểm học bạ,2024,20.0,Quản trị khách sạn
135197,SIU,quan-tri-khach-san,A01,Điểm học bạ,2024,20.0,Quản trị khách sạn
135198,SIU,quan-tri-khach-san,A07,Điểm học bạ,2024,20.0,Quản trị khách sạn
135199,SIU,quan-tri-khach-san,D01,Điểm học bạ,2024,20.0,Quản trị khách sạn
135200,SIU,quan-tri-khach-san,A00,Điểm thi THPT,2024,16.0,Quản trị khách sạn
135201,SIU,quan-tri-khach-san,A01,Điểm thi THPT,2024,16.0,Quản trị khách sạn
135202,SIU,quan-tri-khach-san,A07,Điểm thi THPT,2024,16.0,Quản trị khách sạn
135203,SIU,quan-tri-khach-san,D01,Điểm thi THPT,2024,16.0,Quản trị khách sạn
135204,SIU,quan-tri-khach-san,A00,Điểm học bạ,2025,18.0,Quản trị khách sạn
135205,SIU,quan-tri-khach-san,A01,Điểm học bạ,2025,18.0,Quản trị khách sạn
135206,SIU,quan-tri-khach-san,A07,Điểm học bạ,2025,18.0,Quản trị khách sạn
135207,SIU,quan-tri-khach-san,A09,Điểm học bạ,2025,18.0,Quản trị khách sạn
135208,SIU,quan-tri-khach-san,C00,Điểm học bạ,2025,18.0,Quản trị khách sạn
135209,SIU,quan-tri-khach-san,D01,Điểm học bạ,2025,18.0,Quản trị khách sạn
135210,SIU,quan-tri-khach-san,A00,Điểm thi THPT,2025,15.0,Quản trị khách sạn
135211,SIU,quan-tri-khach-san,A01,Điểm thi THPT,2025,15.0,Quản trị khách sạn
135212,SIU,quan-tri-khach-san,A07,Điểm thi THPT,2025,15.0,Quản trị khách sạn
135213,SIU,quan-tri-khach-san,A09,Điểm thi THPT,2025,15.0,Quản trị khách sạn
135214,SIU,quan-tri-khach-san,C00,Điểm thi THPT,2025,15.0,Quản trị khách sạn
135215,SIU,quan-tri-khach-san,D01,Điểm thi THPT,2025,15.0,Quản trị khách sạn
135216,SIU,quan-tri-khach-san-gom-chuyen-nganh-quan-tri-nha-hang-khach-san,A00,Điểm thi THPT,2023,17.0,Quản trị khách sạn gồm chuyên ngành: - Quản trị nhà hàng - khách sạn
135217,SIU,quan-tri-khach-san-gom-chuyen-nganh-quan-tri-nha-hang-khach-san,A01,Điểm thi THPT,2023,17.0,Quản trị khách sạn gồm chuyên ngành: - Quản trị nhà hàng - khách sạn
135218,SIU,quan-tri-khach-san-gom-chuyen-nganh-quan-tri-nha-hang-khach-san,A07,Điểm thi THPT,2023,17.0,Quản trị khách sạn gồm chuyên ngành: - Quản trị nhà hàng - khách sạn
135219,SIU,quan-tri-khach-san-gom-chuyen-nganh-quan-tri-nha-hang-khach-san,D01,Điểm thi THPT,2023,17.0,Quản trị khách sạn gồm chuyên ngành: - Quản trị nhà hàng - khách sạn
135220,SIU,quan-tri-kinh-doanh,A00,Điểm thi THPT,2021,17.0,Quản trị kinh doanh
135221,SIU,quan-tri-kinh-doanh,A01,Điểm thi THPT,2021,17.0,Quản trị kinh doanh
135222,SIU,quan-tri-kinh-doanh,C00,Điểm thi THPT,2021,17.0,Quản trị kinh doanh
135223,SIU,quan-tri-kinh-doanh,D01,Điểm thi THPT,2021,17.0,Quản trị kinh doanh
135224,SIU,quan-tri-kinh-doanh,A00,Điểm thi THPT,2022,17.0,Quản trị kinh doanh
135225,SIU,quan-tri-kinh-doanh,A01,Điểm thi THPT,2022,17.0,Quản trị kinh doanh
135226,SIU,quan-tri-kinh-doanh,A07,Điểm thi THPT,2022,17.0,Quản trị kinh doanh
135227,SIU,quan-tri-kinh-doanh,D01,Điểm thi THPT,2022,17.0,Quản trị kinh doanh
135228,SIU,quan-tri-kinh-doanh,A00,Điểm học bạ,2023,18.0,Quản trị kinh doanh
135229,SIU,quan-tri-kinh-doanh,A01,Điểm học bạ,2023,18.0,Quản trị kinh doanh
135230,SIU,quan-tri-kinh-doanh,A07,Điểm học bạ,2023,18.0,Quản trị kinh doanh
135231,SIU,quan-tri-kinh-doanh,D01,Điểm học bạ,2023,18.0,Quản trị kinh doanh
135232,SIU,quan-tri-kinh-doanh,A00,Điểm học bạ,2024,20.0,Quản trị kinh doanh
135233,SIU,quan-tri-kinh-doanh,A01,Điểm học bạ,2024,20.0,Quản trị kinh doanh
135234,SIU,quan-tri-kinh-doanh,A07,Điểm học bạ,2024,20.0,Quản trị kinh doanh
135235,SIU,quan-tri-kinh-doanh,D01,Điểm học bạ,2024,20.0,Quản trị kinh doanh
135236,SIU,quan-tri-kinh-doanh,A00,Điểm thi THPT,2024,17.0,Quản trị kinh doanh
135237,SIU,quan-tri-kinh-doanh,A01,Điểm thi THPT,2024,17.0,Quản trị kinh doanh
135238,SIU,quan-tri-kinh-doanh,A07,Điểm thi THPT,2024,17.0,Quản trị kinh doanh
135239,SIU,quan-tri-kinh-doanh,D01,Điểm thi THPT,2024,17.0,Quản trị kinh doanh
135240,SIU,quan-tri-kinh-doanh,A00,Điểm học bạ,2025,18.0,Quản trị kinh doanh
135241,SIU,quan-tri-kinh-doanh,A01,Điểm học bạ,2025,18.0,Quản trị kinh doanh
135242,SIU,quan-tri-kinh-doanh,A07,Điểm học bạ,2025,18.0,Quản trị kinh doanh
135243,SIU,quan-tri-kinh-doanh,A09,Điểm học bạ,2025,18.0,Quản trị kinh doanh
135244,SIU,quan-tri-kinh-doanh,C14,Điểm học bạ,2025,18.0,Quản trị kinh doanh
135245,SIU,quan-tri-kinh-doanh,D01,Điểm học bạ,2025,18.0,Quản trị kinh doanh
135246,SIU,quan-tri-kinh-doanh,A00,Điểm thi THPT,2025,15.0,Quản trị kinh doanh
135247,SIU,quan-tri-kinh-doanh,A01,Điểm thi THPT,2025,15.0,Quản trị kinh doanh
135248,SIU,quan-tri-kinh-doanh,A07,Điểm thi THPT,2025,15.0,Quản trị kinh doanh
135249,SIU,quan-tri-kinh-doanh,A09,Điểm thi THPT,2025,15.0,Quản trị kinh doanh
135250,SIU,quan-tri-kinh-doanh,C14,Điểm thi THPT,2025,15.0,Quản trị kinh doanh
135251,SIU,quan-tri-kinh-doanh,D01,Điểm thi THPT,2025,15.0,Quản trị kinh doanh
135252,SIU,quan-tri-kinh-doanh-gom-cac-chuyen-nganh-quan-tri-kinh-doanh-thuong-mai-quoc-te-quan-tri-du-lich-kinh-te-doi-ngoai-marketing-so-kinh-doanh-so,A00,Điểm thi THPT,2023,17.0,Quản trị kinh doanh gồm các chuyên ngành: - Quản trị kinh doanh - Thương mại quốc tế - Quản trị du lịch - Kinh tế đối ngoại - Marketing số - Kinh doanh số
135253,SIU,quan-tri-kinh-doanh-gom-cac-chuyen-nganh-quan-tri-kinh-doanh-thuong-mai-quoc-te-quan-tri-du-lich-kinh-te-doi-ngoai-marketing-so-kinh-doanh-so,A01,Điểm thi THPT,2023,17.0,Quản trị kinh doanh gồm các chuyên ngành: - Quản trị kinh doanh - Thương mại quốc tế - Quản trị du lịch - Kinh tế đối ngoại - Marketing số - Kinh doanh số
135254,SIU,quan-tri-kinh-doanh-gom-cac-chuyen-nganh-quan-tri-kinh-doanh-thuong-mai-quoc-te-quan-tri-du-lich-kinh-te-doi-ngoai-marketing-so-kinh-doanh-so,A07,Điểm thi THPT,2023,17.0,Quản trị kinh doanh gồm các chuyên ngành: - Quản trị kinh doanh - Thương mại quốc tế - Quản trị du lịch - Kinh tế đối ngoại - Marketing số - Kinh doanh số
135255,SIU,quan-tri-kinh-doanh-gom-cac-chuyen-nganh-quan-tri-kinh-doanh-thuong-mai-quoc-te-quan-tri-du-lich-kinh-te-doi-ngoai-marketing-so-kinh-doanh-so,D01,Điểm thi THPT,2023,17.0,Quản trị kinh doanh gồm các chuyên ngành: - Quản trị kinh doanh - Thương mại quốc tế - Quản trị du lịch - Kinh tế đối ngoại - Marketing số - Kinh doanh số
135256,SIU,tam-ly-hoc,C00,Điểm thi THPT,2022,17.0,Tâm lý học
135257,SIU,tam-ly-hoc,D01,Điểm thi THPT,2022,17.0,Tâm lý học
135258,SIU,tam-ly-hoc,D14,Điểm thi THPT,2022,17.0,Tâm lý học
135259,SIU,tam-ly-hoc,D15,Điểm thi THPT,2022,17.0,Tâm lý học
135260,SIU,tam-ly-hoc,C00,Điểm học bạ,2023,19.0,Tâm lý học
135261,SIU,tam-ly-hoc,D01,Điểm học bạ,2023,19.0,Tâm lý học
135262,SIU,tam-ly-hoc,D14,Điểm học bạ,2023,19.0,Tâm lý học
135263,SIU,tam-ly-hoc,D15,Điểm học bạ,2023,19.0,Tâm lý học
135264,SIU,tam-ly-hoc,C00,Điểm học bạ,2024,6.5,Tâm lý học
135265,SIU,tam-ly-hoc,D01,Điểm học bạ,2024,6.5,Tâm lý học
135266,SIU,tam-ly-hoc,D14,Điểm học bạ,2024,6.5,Tâm lý học
135267,SIU,tam-ly-hoc,D15,Điểm học bạ,2024,6.5,Tâm lý học
135268,SIU,tam-ly-hoc,C00,Điểm thi THPT,2024,16.0,Tâm lý học
135269,SIU,tam-ly-hoc,D01,Điểm thi THPT,2024,16.0,Tâm lý học
135270,SIU,tam-ly-hoc,D14,Điểm thi THPT,2024,16.0,Tâm lý học
135271,SIU,tam-ly-hoc,D15,Điểm thi THPT,2024,16.0,Tâm lý học
135272,SIU,tam-ly-hoc,A08,Điểm học bạ,2025,18.0,Tâm lý học
135273,SIU,tam-ly-hoc,B00,Điểm học bạ,2025,18.0,Tâm lý học
135274,SIU,tam-ly-hoc,C00,Điểm học bạ,2025,18.0,Tâm lý học
135275,SIU,tam-ly-hoc,D01,Điểm học bạ,2025,18.0,Tâm lý học
135276,SIU,tam-ly-hoc,D14,Điểm học bạ,2025,18.0,Tâm lý học
135277,SIU,tam-ly-hoc,D15,Điểm học bạ,2025,18.0,Tâm lý học
135278,SIU,tam-ly-hoc,A08,Điểm thi THPT,2025,16.0,Tâm lý học
135279,SIU,tam-ly-hoc,B00,Điểm thi THPT,2025,16.0,Tâm lý học
135280,SIU,tam-ly-hoc,C00,Điểm thi THPT,2025,16.0,Tâm lý học
135281,SIU,tam-ly-hoc,D01,Điểm thi THPT,2025,16.0,Tâm lý học
135282,SIU,tam-ly-hoc,D14,Điểm thi THPT,2025,16.0,Tâm lý học
135283,SIU,tam-ly-hoc,D15,Điểm thi THPT,2025,16.0,Tâm lý học
135284,SIU,tam-ly-hoc-gom-chuyen-nganh-tam-ly-hoc-tham-van-tri-lieu,C00,Điểm thi THPT,2023,17.0,Tâm lý học gồm chuyên ngành: - Tâm lý học tham vấn & trị liệu
135285,SIU,tam-ly-hoc-gom-chuyen-nganh-tam-ly-hoc-tham-van-tri-lieu,D01,Điểm thi THPT,2023,17.0,Tâm lý học gồm chuyên ngành: - Tâm lý học tham vấn & trị liệu
135286,SIU,tam-ly-hoc-gom-chuyen-nganh-tam-ly-hoc-tham-van-tri-lieu,D14,Điểm thi THPT,2023,17.0,Tâm lý học gồm chuyên ngành: - Tâm lý học tham vấn & trị liệu
135287,SIU,tam-ly-hoc-gom-chuyen-nganh-tam-ly-hoc-tham-van-tri-lieu,D15,Điểm thi THPT,2023,17.0,Tâm lý học gồm chuyên ngành: - Tâm lý học tham vấn & trị liệu
135288,SIU,thuong-mai-dien-tu,A00,Điểm học bạ,2023,18.5,Thương mại điện tử
135289,SIU,thuong-mai-dien-tu,A01,Điểm học bạ,2023,18.5,Thương mại điện tử
135290,SIU,thuong-mai-dien-tu,A07,Điểm học bạ,2023,18.5,Thương mại điện tử
135291,SIU,thuong-mai-dien-tu,D01,Điểm học bạ,2023,18.5,Thương mại điện tử
135292,SIU,thuong-mai-dien-tu,A00,Điểm thi THPT,2023,17.0,Thương mại điện tử
135293,SIU,thuong-mai-dien-tu,A01,Điểm thi THPT,2023,17.0,Thương mại điện tử
135294,SIU,thuong-mai-dien-tu,A07,Điểm thi THPT,2023,17.0,Thương mại điện tử
135295,SIU,thuong-mai-dien-tu,D01,Điểm thi THPT,2023,17.0,Thương mại điện tử
135296,SIU,thuong-mai-dien-tu,A00,Điểm học bạ,2024,20.0,Thương mại điện tử
135297,SIU,thuong-mai-dien-tu,A01,Điểm học bạ,2024,20.0,Thương mại điện tử
135298,SIU,thuong-mai-dien-tu,A07,Điểm học bạ,2024,20.0,Thương mại điện tử
135299,SIU,thuong-mai-dien-tu,D01,Điểm học bạ,2024,20.0,Thương mại điện tử
135300,SIU,thuong-mai-dien-tu,A00,Điểm thi THPT,2024,16.0,Thương mại điện tử
135301,SIU,thuong-mai-dien-tu,A01,Điểm thi THPT,2024,16.0,Thương mại điện tử
135302,SIU,thuong-mai-dien-tu,A07,Điểm thi THPT,2024,16.0,Thương mại điện tử
135303,SIU,thuong-mai-dien-tu,D01,Điểm thi THPT,2024,16.0,Thương mại điện tử
135304,SIU,thuong-mai-dien-tu,A00,Điểm học bạ,2025,18.0,Thương mại điện tử
135305,SIU,thuong-mai-dien-tu,A01,Điểm học bạ,2025,18.0,Thương mại điện tử
135306,SIU,thuong-mai-dien-tu,A07,Điểm học bạ,2025,18.0,Thương mại điện tử
135307,SIU,thuong-mai-dien-tu,C14,Điểm học bạ,2025,18.0,Thương mại điện tử
135308,SIU,thuong-mai-dien-tu,D01,Điểm học bạ,2025,18.0,Thương mại điện tử
135309,SIU,thuong-mai-dien-tu,X02,Điểm học bạ,2025,18.0,Thương mại điện tử
135310,SIU,thuong-mai-dien-tu,A00,Điểm thi THPT,2025,15.0,Thương mại điện tử
135311,SIU,thuong-mai-dien-tu,A01,Điểm thi THPT,2025,15.0,Thương mại điện tử
135312,SIU,thuong-mai-dien-tu,A07,Điểm thi THPT,2025,15.0,Thương mại điện tử
135313,SIU,thuong-mai-dien-tu,C14,Điểm thi THPT,2025,15.0,Thương mại điện tử
135314,SIU,thuong-mai-dien-tu,D01,Điểm thi THPT,2025,15.0,Thương mại điện tử
135315,SIU,thuong-mai-dien-tu,X02,Điểm thi THPT,2025,15.0,Thương mại điện tử
135316,SIU,truyen-thong-da-phuong-tien,A00,Điểm học bạ,2024,20.0,Truyền thông đa phương tiện
135317,SIU,truyen-thong-da-phuong-tien,A01,Điểm học bạ,2024,20.0,Truyền thông đa phương tiện
135318,SIU,truyen-thong-da-phuong-tien,C00,Điểm học bạ,2024,20.0,Truyền thông đa phương tiện
135319,SIU,truyen-thong-da-phuong-tien,D01,Điểm học bạ,2024,20.0,Truyền thông đa phương tiện
135320,SIU,truyen-thong-da-phuong-tien,A00,Điểm thi THPT,2024,17.0,Truyền thông đa phương tiện
135321,SIU,truyen-thong-da-phuong-tien,A01,Điểm thi THPT,2024,17.0,Truyền thông đa phương tiện
135322,SIU,truyen-thong-da-phuong-tien,C00,Điểm thi THPT,2024,17.0,Truyền thông đa phương tiện
135323,SIU,truyen-thong-da-phuong-tien,D01,Điểm thi THPT,2024,17.0,Truyền thông đa phương tiện
135324,SIU,truyen-thong-da-phuong-tien,A00,Điểm học bạ,2025,18.0,Truyền thông đa phương tiện
135325,SIU,truyen-thong-da-phuong-tien,A01,Điểm học bạ,2025,18.0,Truyền thông đa phương tiện
135326,SIU,truyen-thong-da-phuong-tien,C00,Điểm học bạ,2025,18.0,Truyền thông đa phương tiện
135327,SIU,truyen-thong-da-phuong-tien,D01,Điểm học bạ,2025,18.0,Truyền thông đa phương tiện
135328,SIU,truyen-thong-da-phuong-tien,D09,Điểm học bạ,2025,18.0,Truyền thông đa phương tiện
135329,SIU,truyen-thong-da-phuong-tien,D10,Điểm học bạ,2025,18.0,Truyền thông đa phương tiện
135330,SIU,truyen-thong-da-phuong-tien,A00,Điểm thi THPT,2025,16.0,Truyền thông đa phương tiện
135331,SIU,truyen-thong-da-phuong-tien,A01,Điểm thi THPT,2025,16.0,Truyền thông đa phương tiện
135332,SIU,truyen-thong-da-phuong-tien,C00,Điểm thi THPT,2025,16.0,Truyền thông đa phương tiện
135333,SIU,truyen-thong-da-phuong-tien,D01,Điểm thi THPT,2025,16.0,Truyền thông đa phương tiện
135334,SIU,truyen-thong-da-phuong-tien,D09,Điểm thi THPT,2025,16.0,Truyền thông đa phương tiện
135335,SIU,truyen-thong-da-phuong-tien,D10,Điểm thi THPT,2025,16.0,Truyền thông đa phương tiện
135336,SKH,bao-duong-cong-nghiep,A00,Điểm học bạ,2021,18.0,Bảo dưỡng công nghiệp
135337,SKH,bao-duong-cong-nghiep,A01,Điểm học bạ,2021,18.0,Bảo dưỡng công nghiệp
135338,SKH,bao-duong-cong-nghiep,D01,Điểm học bạ,2021,18.0,Bảo dưỡng công nghiệp
135339,SKH,bao-duong-cong-nghiep,D07,Điểm học bạ,2021,18.0,Bảo dưỡng công nghiệp
135340,SKH,bao-duong-cong-nghiep,A00,Điểm thi THPT,2021,16.0,Bảo dưỡng công nghiệp
135341,SKH,bao-duong-cong-nghiep,A01,Điểm thi THPT,2021,16.0,Bảo dưỡng công nghiệp
135342,SKH,bao-duong-cong-nghiep,D01,Điểm thi THPT,2021,16.0,Bảo dưỡng công nghiệp
135343,SKH,bao-duong-cong-nghiep,D07,Điểm thi THPT,2021,16.0,Bảo dưỡng công nghiệp
135344,SKH,bao-duong-cong-nghiep,A00,Điểm học bạ,2022,19.0,Bảo dưỡng công nghiệp
135345,SKH,bao-duong-cong-nghiep,A01,Điểm học bạ,2022,19.0,Bảo dưỡng công nghiệp
135346,SKH,bao-duong-cong-nghiep,D01,Điểm học bạ,2022,19.0,Bảo dưỡng công nghiệp
135347,SKH,bao-duong-cong-nghiep,D07,Điểm học bạ,2022,19.0,Bảo dưỡng công nghiệp
135348,SKH,bao-duong-cong-nghiep,A00,Điểm thi THPT,2022,15.0,Bảo dưỡng công nghiệp
135349,SKH,bao-duong-cong-nghiep,A01,Điểm thi THPT,2022,15.0,Bảo dưỡng công nghiệp
135350,SKH,bao-duong-cong-nghiep,D01,Điểm thi THPT,2022,15.0,Bảo dưỡng công nghiệp
135351,SKH,bao-duong-cong-nghiep,D07,Điểm thi THPT,2022,15.0,Bảo dưỡng công nghiệp
135352,SKH,cong-nghe-che-tao-may,A00,Điểm học bạ,2021,18.0,Công nghệ chế tạo máy
135353,SKH,cong-nghe-che-tao-may,A01,Điểm học bạ,2021,18.0,Công nghệ chế tạo máy
135354,SKH,cong-nghe-che-tao-may,D01,Điểm học bạ,2021,18.0,Công nghệ chế tạo máy
135355,SKH,cong-nghe-che-tao-may,D07,Điểm học bạ,2021,18.0,Công nghệ chế tạo máy
135356,SKH,cong-nghe-che-tao-may,A00,Điểm thi THPT,2021,16.0,Công nghệ chế tạo máy
135357,SKH,cong-nghe-che-tao-may,A01,Điểm thi THPT,2021,16.0,Công nghệ chế tạo máy
135358,SKH,cong-nghe-che-tao-may,D01,Điểm thi THPT,2021,16.0,Công nghệ chế tạo máy
135359,SKH,cong-nghe-che-tao-may,D07,Điểm thi THPT,2021,16.0,Công nghệ chế tạo máy
135360,SKH,cong-nghe-che-tao-may,A00,Điểm học bạ,2022,19.0,Công nghệ chế tạo máy
135361,SKH,cong-nghe-che-tao-may,A01,Điểm học bạ,2022,19.0,Công nghệ chế tạo máy
135362,SKH,cong-nghe-che-tao-may,D01,Điểm học bạ,2022,19.0,Công nghệ chế tạo máy
135363,SKH,cong-nghe-che-tao-may,D07,Điểm học bạ,2022,19.0,Công nghệ chế tạo máy
135364,SKH,cong-nghe-che-tao-may,K00,Điểm học bạ,2022,19.0,Công nghệ chế tạo máy
135365,SKH,cong-nghe-che-tao-may,K01,Điểm học bạ,2022,19.0,Công nghệ chế tạo máy
135366,SKH,cong-nghe-che-tao-may,Q00,Điểm học bạ,2022,19.0,Công nghệ chế tạo máy
135367,SKH,cong-nghe-che-tao-may,A00,Điểm thi THPT,2022,15.0,Công nghệ chế tạo máy
135368,SKH,cong-nghe-che-tao-may,A01,Điểm thi THPT,2022,15.0,Công nghệ chế tạo máy
135369,SKH,cong-nghe-che-tao-may,D01,Điểm thi THPT,2022,15.0,Công nghệ chế tạo máy
135370,SKH,cong-nghe-che-tao-may,D07,Điểm thi THPT,2022,15.0,Công nghệ chế tạo máy
135371,SKH,cong-nghe-che-tao-may,K00,Điểm thi THPT,2022,15.0,Công nghệ chế tạo máy
135372,SKH,cong-nghe-che-tao-may,K01,Điểm thi THPT,2022,15.0,Công nghệ chế tạo máy
135373,SKH,cong-nghe-che-tao-may,Q00,Điểm thi THPT,2022,15.0,Công nghệ chế tạo máy
135374,SKH,cong-nghe-che-tao-may,A00,Điểm học bạ,2023,20.0,Công nghệ chế tạo máy
135375,SKH,cong-nghe-che-tao-may,A01,Điểm học bạ,2023,20.0,Công nghệ chế tạo máy
135376,SKH,cong-nghe-che-tao-may,D01,Điểm học bạ,2023,20.0,Công nghệ chế tạo máy
135377,SKH,cong-nghe-che-tao-may,D07,Điểm học bạ,2023,20.0,Công nghệ chế tạo máy
135378,SKH,cong-nghe-che-tao-may,A00,Điểm thi THPT,2023,15.0,Công nghệ chế tạo máy
135379,SKH,cong-nghe-che-tao-may,A01,Điểm thi THPT,2023,15.0,Công nghệ chế tạo máy
135380,SKH,cong-nghe-che-tao-may,D01,Điểm thi THPT,2023,15.0,Công nghệ chế tạo máy
135381,SKH,cong-nghe-che-tao-may,D07,Điểm thi THPT,2023,15.0,Công nghệ chế tạo máy
135382,SKH,cong-nghe-che-tao-may,A00,Điểm học bạ,2024,21.5,Công nghệ chế tạo máy
135383,SKH,cong-nghe-che-tao-may,A01,Điểm học bạ,2024,21.5,Công nghệ chế tạo máy
135384,SKH,cong-nghe-che-tao-may,D01,Điểm học bạ,2024,21.5,Công nghệ chế tạo máy
135385,SKH,cong-nghe-che-tao-may,D07,Điểm học bạ,2024,21.5,Công nghệ chế tạo máy
135386,SKH,cong-nghe-che-tao-may,A00,Điểm thi THPT,2024,15.5,Công nghệ chế tạo máy
135387,SKH,cong-nghe-che-tao-may,A01,Điểm thi THPT,2024,15.5,Công nghệ chế tạo máy
135388,SKH,cong-nghe-che-tao-may,D01,Điểm thi THPT,2024,15.5,Công nghệ chế tạo máy
135389,SKH,cong-nghe-che-tao-may,D07,Điểm thi THPT,2024,15.5,Công nghệ chế tạo máy
135390,SKH,cong-nghe-che-tao-may,A00,Điểm học bạ,2025,21.67,Công nghệ chế tạo máy
135391,SKH,cong-nghe-che-tao-may,A01,Điểm học bạ,2025,21.67,Công nghệ chế tạo máy
135392,SKH,cong-nghe-che-tao-may,D01,Điểm học bạ,2025,21.67,Công nghệ chế tạo máy
135393,SKH,cong-nghe-che-tao-may,D07,Điểm học bạ,2025,21.67,Công nghệ chế tạo máy
135394,SKH,cong-nghe-che-tao-may,A00,Điểm thi THPT,2025,16.0,Công nghệ chế tạo máy
135395,SKH,cong-nghe-che-tao-may,A01,Điểm thi THPT,2025,16.0,Công nghệ chế tạo máy
135396,SKH,cong-nghe-che-tao-may,D01,Điểm thi THPT,2025,16.0,Công nghệ chế tạo máy
135397,SKH,cong-nghe-che-tao-may,D07,Điểm thi THPT,2025,16.0,Công nghệ chế tạo máy
135398,SKH,cong-nghe-giao-duc,A00,Điểm học bạ,2025,20.83,Công nghệ giáo dục
135399,SKH,cong-nghe-giao-duc,A01,Điểm học bạ,2025,20.83,Công nghệ giáo dục
135400,SKH,cong-nghe-giao-duc,D01,Điểm học bạ,2025,20.83,Công nghệ giáo dục
135401,SKH,cong-nghe-giao-duc,D07,Điểm học bạ,2025,20.83,Công nghệ giáo dục
135402,SKH,cong-nghe-giao-duc,A00,Điểm thi THPT,2025,15.0,Công nghệ giáo dục
135403,SKH,cong-nghe-giao-duc,A01,Điểm thi THPT,2025,15.0,Công nghệ giáo dục
135404,SKH,cong-nghe-giao-duc,D01,Điểm thi THPT,2025,15.0,Công nghệ giáo dục
135405,SKH,cong-nghe-giao-duc,D07,Điểm thi THPT,2025,15.0,Công nghệ giáo dục
135406,SKH,cong-nghe-hoa-thuc-pham,A00,Điểm học bạ,2021,18.0,Công nghệ hóa thực phẩm
135407,SKH,cong-nghe-hoa-thuc-pham,A02,Điểm học bạ,2021,18.0,Công nghệ hóa thực phẩm
135408,SKH,cong-nghe-hoa-thuc-pham,B00,Điểm học bạ,2021,18.0,Công nghệ hóa thực phẩm
135409,SKH,cong-nghe-hoa-thuc-pham,D07,Điểm học bạ,2021,18.0,Công nghệ hóa thực phẩm
135410,SKH,cong-nghe-hoa-thuc-pham,A00,Điểm thi THPT,2021,16.0,Công nghệ hóa thực phẩm
135411,SKH,cong-nghe-hoa-thuc-pham,A02,Điểm thi THPT,2021,16.0,Công nghệ hóa thực phẩm
135412,SKH,cong-nghe-hoa-thuc-pham,B00,Điểm thi THPT,2021,16.0,Công nghệ hóa thực phẩm
135413,SKH,cong-nghe-hoa-thuc-pham,D07,Điểm thi THPT,2021,16.0,Công nghệ hóa thực phẩm
135414,SKH,cong-nghe-hoa-thuc-pham,A00,Điểm học bạ,2022,19.0,Công nghệ hóa thực phẩm
135415,SKH,cong-nghe-hoa-thuc-pham,A01,Điểm học bạ,2022,19.0,Công nghệ hóa thực phẩm
135416,SKH,cong-nghe-hoa-thuc-pham,B00,Điểm học bạ,2022,19.0,Công nghệ hóa thực phẩm
135417,SKH,cong-nghe-hoa-thuc-pham,D07,Điểm học bạ,2022,19.0,Công nghệ hóa thực phẩm
135418,SKH,cong-nghe-hoa-thuc-pham,A00,Điểm thi THPT,2022,15.0,Công nghệ hóa thực phẩm
135419,SKH,cong-nghe-hoa-thuc-pham,A01,Điểm thi THPT,2022,15.0,Công nghệ hóa thực phẩm
135420,SKH,cong-nghe-hoa-thuc-pham,B00,Điểm thi THPT,2022,15.0,Công nghệ hóa thực phẩm
135421,SKH,cong-nghe-hoa-thuc-pham,D07,Điểm thi THPT,2022,15.0,Công nghệ hóa thực phẩm
135422,SKH,cong-nghe-hoa-thuc-pham,A00,Điểm học bạ,2023,19.0,Công nghệ hóa thực phẩm
135423,SKH,cong-nghe-hoa-thuc-pham,A02,Điểm học bạ,2023,19.0,Công nghệ hóa thực phẩm
135424,SKH,cong-nghe-hoa-thuc-pham,B00,Điểm học bạ,2023,19.0,Công nghệ hóa thực phẩm
135425,SKH,cong-nghe-hoa-thuc-pham,D07,Điểm học bạ,2023,19.0,Công nghệ hóa thực phẩm
135426,SKH,cong-nghe-hoa-thuc-pham,A00,Điểm thi THPT,2023,15.0,Công nghệ hóa thực phẩm
135427,SKH,cong-nghe-hoa-thuc-pham,A02,Điểm thi THPT,2023,15.0,Công nghệ hóa thực phẩm
135428,SKH,cong-nghe-hoa-thuc-pham,B00,Điểm thi THPT,2023,15.0,Công nghệ hóa thực phẩm
135429,SKH,cong-nghe-hoa-thuc-pham,D07,Điểm thi THPT,2023,15.0,Công nghệ hóa thực phẩm
135430,SKH,cong-nghe-hoa-thuc-pham,A00,Điểm học bạ,2024,21.0,Công nghệ hóa thực phấm
135431,SKH,cong-nghe-hoa-thuc-pham,A02,Điểm học bạ,2024,21.0,Công nghệ hóa thực phấm
135432,SKH,cong-nghe-hoa-thuc-pham,B00,Điểm học bạ,2024,21.0,Công nghệ hóa thực phấm
135433,SKH,cong-nghe-hoa-thuc-pham,D07,Điểm học bạ,2024,21.0,Công nghệ hóa thực phấm
135434,SKH,cong-nghe-hoa-thuc-pham,A00,Điểm thi THPT,2024,15.0,Công nghệ hóa thực phẩm
135435,SKH,cong-nghe-hoa-thuc-pham,A02,Điểm thi THPT,2024,15.0,Công nghệ hóa thực phẩm
135436,SKH,cong-nghe-hoa-thuc-pham,B00,Điểm thi THPT,2024,15.0,Công nghệ hóa thực phẩm
135437,SKH,cong-nghe-hoa-thuc-pham,D07,Điểm thi THPT,2024,15.0,Công nghệ hóa thực phẩm
135438,SKH,cong-nghe-hoa-thuc-pham,A00,Điểm học bạ,2025,20.83,Công nghệ hóa thực phẩm
135439,SKH,cong-nghe-hoa-thuc-pham,B00,Điểm học bạ,2025,20.83,Công nghệ hóa thực phẩm
135440,SKH,cong-nghe-hoa-thuc-pham,D01,Điểm học bạ,2025,20.83,Công nghệ hóa thực phẩm
135441,SKH,cong-nghe-hoa-thuc-pham,D07,Điểm học bạ,2025,20.83,Công nghệ hóa thực phẩm
135442,SKH,cong-nghe-hoa-thuc-pham,A00,Điểm thi THPT,2025,15.0,Công nghệ hóa thực phẩm
135443,SKH,cong-nghe-hoa-thuc-pham,B00,Điểm thi THPT,2025,15.0,Công nghệ hóa thực phẩm
135444,SKH,cong-nghe-hoa-thuc-pham,D01,Điểm thi THPT,2025,15.0,Công nghệ hóa thực phẩm
135445,SKH,cong-nghe-hoa-thuc-pham,D07,Điểm thi THPT,2025,15.0,Công nghệ hóa thực phẩm
135446,SKH,cong-nghe-ky-thuat-co-dien-tu,A00,Điểm học bạ,2021,18.0,Công nghệ kỹ thuật cơ điện tử
135447,SKH,cong-nghe-ky-thuat-co-dien-tu,A01,Điểm học bạ,2021,18.0,Công nghệ kỹ thuật cơ điện tử
135448,SKH,cong-nghe-ky-thuat-co-dien-tu,D01,Điểm học bạ,2021,18.0,Công nghệ kỹ thuật cơ điện tử
135449,SKH,cong-nghe-ky-thuat-co-dien-tu,D07,Điểm học bạ,2021,18.0,Công nghệ kỹ thuật cơ điện tử
135450,SKH,cong-nghe-ky-thuat-co-dien-tu,A00,Điểm thi THPT,2021,16.0,Công nghệ kỹ thuật cơ điện tử
135451,SKH,cong-nghe-ky-thuat-co-dien-tu,A01,Điểm thi THPT,2021,16.0,Công nghệ kỹ thuật cơ điện tử
135452,SKH,cong-nghe-ky-thuat-co-dien-tu,D01,Điểm thi THPT,2021,16.0,Công nghệ kỹ thuật cơ điện tử
135453,SKH,cong-nghe-ky-thuat-co-dien-tu,D07,Điểm thi THPT,2021,16.0,Công nghệ kỹ thuật cơ điện tử
135454,SKH,cong-nghe-ky-thuat-co-dien-tu,A00,Điểm học bạ,2022,19.0,Công nghệ kỹ thuật cơ điện tử
135455,SKH,cong-nghe-ky-thuat-co-dien-tu,A01,Điểm học bạ,2022,19.0,Công nghệ kỹ thuật cơ điện tử
135456,SKH,cong-nghe-ky-thuat-co-dien-tu,D01,Điểm học bạ,2022,19.0,Công nghệ kỹ thuật cơ điện tử
135457,SKH,cong-nghe-ky-thuat-co-dien-tu,D07,Điểm học bạ,2022,19.0,Công nghệ kỹ thuật cơ điện tử
135458,SKH,cong-nghe-ky-thuat-co-dien-tu,K00,Điểm học bạ,2022,19.0,Công nghệ kỹ thuật cơ điện tử
135459,SKH,cong-nghe-ky-thuat-co-dien-tu,K01,Điểm học bạ,2022,19.0,Công nghệ kỹ thuật cơ điện tử
135460,SKH,cong-nghe-ky-thuat-co-dien-tu,Q00,Điểm học bạ,2022,19.0,Công nghệ kỹ thuật cơ điện tử
135461,SKH,cong-nghe-ky-thuat-co-dien-tu,A00,Điểm thi THPT,2022,15.0,Công nghệ kỹ thuật cơ điện tử
135462,SKH,cong-nghe-ky-thuat-co-dien-tu,A01,Điểm thi THPT,2022,15.0,Công nghệ kỹ thuật cơ điện tử
135463,SKH,cong-nghe-ky-thuat-co-dien-tu,D01,Điểm thi THPT,2022,15.0,Công nghệ kỹ thuật cơ điện tử
135464,SKH,cong-nghe-ky-thuat-co-dien-tu,D07,Điểm thi THPT,2022,15.0,Công nghệ kỹ thuật cơ điện tử
135465,SKH,cong-nghe-ky-thuat-co-dien-tu,K00,Điểm thi THPT,2022,15.0,Công nghệ kỹ thuật cơ điện tử
135466,SKH,cong-nghe-ky-thuat-co-dien-tu,K01,Điểm thi THPT,2022,15.0,Công nghệ kỹ thuật cơ điện tử
135467,SKH,cong-nghe-ky-thuat-co-dien-tu,Q00,Điểm thi THPT,2022,15.0,Công nghệ kỹ thuật cơ điện tử
135468,SKH,cong-nghe-ky-thuat-co-dien-tu,A00,Điểm học bạ,2023,22.0,Công nghệ kỹ thuật cơ điện tử
135469,SKH,cong-nghe-ky-thuat-co-dien-tu,A01,Điểm học bạ,2023,22.0,Công nghệ kỹ thuật cơ điện tử
135470,SKH,cong-nghe-ky-thuat-co-dien-tu,D01,Điểm học bạ,2023,22.0,Công nghệ kỹ thuật cơ điện tử
135471,SKH,cong-nghe-ky-thuat-co-dien-tu,D07,Điểm học bạ,2023,22.0,Công nghệ kỹ thuật cơ điện tử
135472,SKH,cong-nghe-ky-thuat-co-dien-tu,A00,Điểm thi THPT,2023,15.5,Công nghệ kỹ thuật cơ điện tử
135473,SKH,cong-nghe-ky-thuat-co-dien-tu,A01,Điểm thi THPT,2023,15.5,Công nghệ kỹ thuật cơ điện tử
135474,SKH,cong-nghe-ky-thuat-co-dien-tu,D01,Điểm thi THPT,2023,15.5,Công nghệ kỹ thuật cơ điện tử
135475,SKH,cong-nghe-ky-thuat-co-dien-tu,D07,Điểm thi THPT,2023,15.5,Công nghệ kỹ thuật cơ điện tử
135476,SKH,cong-nghe-ky-thuat-co-dien-tu,A00,Điểm học bạ,2024,23.0,Công nghệ kỹ thuật cơ điện tử
135477,SKH,cong-nghe-ky-thuat-co-dien-tu,A01,Điểm học bạ,2024,23.0,Công nghệ kỹ thuật cơ điện tử
135478,SKH,cong-nghe-ky-thuat-co-dien-tu,D01,Điểm học bạ,2024,23.0,Công nghệ kỹ thuật cơ điện tử
135479,SKH,cong-nghe-ky-thuat-co-dien-tu,D07,Điểm học bạ,2024,23.0,Công nghệ kỹ thuật cơ điện tử
135480,SKH,cong-nghe-ky-thuat-co-dien-tu,A00,Điểm thi THPT,2024,16.0,Công nghệ kỹ thuật cơ điện tử
135481,SKH,cong-nghe-ky-thuat-co-dien-tu,A01,Điểm thi THPT,2024,16.0,Công nghệ kỹ thuật cơ điện tử
135482,SKH,cong-nghe-ky-thuat-co-dien-tu,D01,Điểm thi THPT,2024,16.0,Công nghệ kỹ thuật cơ điện tử
135483,SKH,cong-nghe-ky-thuat-co-dien-tu,D07,Điểm thi THPT,2024,16.0,Công nghệ kỹ thuật cơ điện tử
135484,SKH,cong-nghe-ky-thuat-co-dien-tu,A00,Điểm học bạ,2025,23.17,Công nghệ kỹ thuật cơ điện tử
135485,SKH,cong-nghe-ky-thuat-co-dien-tu,A01,Điểm học bạ,2025,23.17,Công nghệ kỹ thuật cơ điện tử
135486,SKH,cong-nghe-ky-thuat-co-dien-tu,D01,Điểm học bạ,2025,23.17,Công nghệ kỹ thuật cơ điện tử
135487,SKH,cong-nghe-ky-thuat-co-dien-tu,D07,Điểm học bạ,2025,23.17,Công nghệ kỹ thuật cơ điện tử
135488,SKH,cong-nghe-ky-thuat-co-dien-tu,A00,Điểm thi THPT,2025,18.0,Công nghệ kỹ thuật cơ điện tử
135489,SKH,cong-nghe-ky-thuat-co-dien-tu,A01,Điểm thi THPT,2025,18.0,Công nghệ kỹ thuật cơ điện tử
135490,SKH,cong-nghe-ky-thuat-co-dien-tu,D01,Điểm thi THPT,2025,18.0,Công nghệ kỹ thuật cơ điện tử
135491,SKH,cong-nghe-ky-thuat-co-dien-tu,D07,Điểm thi THPT,2025,18.0,Công nghệ kỹ thuật cơ điện tử
135492,SKH,cong-nghe-ky-thuat-co-khi,A00,Điểm học bạ,2021,18.0,Công nghệ kỹ thuật cơ khí
135493,SKH,cong-nghe-ky-thuat-co-khi,A01,Điểm học bạ,2021,18.0,Công nghệ kỹ thuật cơ khí
135494,SKH,cong-nghe-ky-thuat-co-khi,D01,Điểm học bạ,2021,18.0,Công nghệ kỹ thuật cơ khí
135495,SKH,cong-nghe-ky-thuat-co-khi,D07,Điểm học bạ,2021,18.0,Công nghệ kỹ thuật cơ khí
135496,SKH,cong-nghe-ky-thuat-co-khi,A00,Điểm thi THPT,2021,16.0,Công nghệ kỹ thuật cơ khí
135497,SKH,cong-nghe-ky-thuat-co-khi,A01,Điểm thi THPT,2021,16.0,Công nghệ kỹ thuật cơ khí
135498,SKH,cong-nghe-ky-thuat-co-khi,D01,Điểm thi THPT,2021,16.0,Công nghệ kỹ thuật cơ khí
135499,SKH,cong-nghe-ky-thuat-co-khi,D07,Điểm thi THPT,2021,16.0,Công nghệ kỹ thuật cơ khí
135500,SKH,cong-nghe-ky-thuat-co-khi,A00,Điểm học bạ,2022,19.0,Công nghệ kỹ thuật cơ khí
135501,SKH,cong-nghe-ky-thuat-co-khi,A01,Điểm học bạ,2022,19.0,Công nghệ kỹ thuật cơ khí
135502,SKH,cong-nghe-ky-thuat-co-khi,D01,Điểm học bạ,2022,19.0,Công nghệ kỹ thuật cơ khí
135503,SKH,cong-nghe-ky-thuat-co-khi,D07,Điểm học bạ,2022,19.0,Công nghệ kỹ thuật cơ khí
135504,SKH,cong-nghe-ky-thuat-co-khi,K00,Điểm học bạ,2022,19.0,Công nghệ kỹ thuật cơ khí
135505,SKH,cong-nghe-ky-thuat-co-khi,K01,Điểm học bạ,2022,19.0,Công nghệ kỹ thuật cơ khí
135506,SKH,cong-nghe-ky-thuat-co-khi,Q00,Điểm học bạ,2022,19.0,Công nghệ kỹ thuật cơ khí
135507,SKH,cong-nghe-ky-thuat-co-khi,A00,Điểm thi THPT,2022,15.0,Công nghệ kỹ thuật cơ khí
135508,SKH,cong-nghe-ky-thuat-co-khi,A01,Điểm thi THPT,2022,15.0,Công nghệ kỹ thuật cơ khí
135509,SKH,cong-nghe-ky-thuat-co-khi,D01,Điểm thi THPT,2022,15.0,Công nghệ kỹ thuật cơ khí
135510,SKH,cong-nghe-ky-thuat-co-khi,D07,Điểm thi THPT,2022,15.0,Công nghệ kỹ thuật cơ khí
135511,SKH,cong-nghe-ky-thuat-co-khi,K00,Điểm thi THPT,2022,15.0,Công nghệ kỹ thuật cơ khí
135512,SKH,cong-nghe-ky-thuat-co-khi,K01,Điểm thi THPT,2022,15.0,Công nghệ kỹ thuật cơ khí
135513,SKH,cong-nghe-ky-thuat-co-khi,Q00,Điểm thi THPT,2022,15.0,Công nghệ kỹ thuật cơ khí
135514,SKH,cong-nghe-ky-thuat-co-khi,A00,Điểm học bạ,2023,20.0,Công nghệ kỹ thuật cơ khí
135515,SKH,cong-nghe-ky-thuat-co-khi,A01,Điểm học bạ,2023,20.0,Công nghệ kỹ thuật cơ khí
135516,SKH,cong-nghe-ky-thuat-co-khi,D01,Điểm học bạ,2023,20.0,Công nghệ kỹ thuật cơ khí
135517,SKH,cong-nghe-ky-thuat-co-khi,D07,Điểm học bạ,2023,20.0,Công nghệ kỹ thuật cơ khí
135518,SKH,cong-nghe-ky-thuat-co-khi,A00,Điểm thi THPT,2023,15.0,Công nghệ kỹ thuật cơ khí
135519,SKH,cong-nghe-ky-thuat-co-khi,A01,Điểm thi THPT,2023,15.0,Công nghệ kỹ thuật cơ khí
135520,SKH,cong-nghe-ky-thuat-co-khi,D01,Điểm thi THPT,2023,15.0,Công nghệ kỹ thuật cơ khí
135521,SKH,cong-nghe-ky-thuat-co-khi,D07,Điểm thi THPT,2023,15.0,Công nghệ kỹ thuật cơ khí
135522,SKH,cong-nghe-ky-thuat-co-khi,A00,Điểm học bạ,2024,21.5,Công nghệ kỹ thuật cơ khí
135523,SKH,cong-nghe-ky-thuat-co-khi,A01,Điểm học bạ,2024,21.5,Công nghệ kỹ thuật cơ khí
135524,SKH,cong-nghe-ky-thuat-co-khi,D01,Điểm học bạ,2024,21.5,Công nghệ kỹ thuật cơ khí
135525,SKH,cong-nghe-ky-thuat-co-khi,D07,Điểm học bạ,2024,21.5,Công nghệ kỹ thuật cơ khí
135526,SKH,cong-nghe-ky-thuat-co-khi,A00,Điểm thi THPT,2024,15.5,Công nghệ kỹ thuật cơ khí
135527,SKH,cong-nghe-ky-thuat-co-khi,A01,Điểm thi THPT,2024,15.5,Công nghệ kỹ thuật cơ khí
135528,SKH,cong-nghe-ky-thuat-co-khi,D01,Điểm thi THPT,2024,15.5,Công nghệ kỹ thuật cơ khí
135529,SKH,cong-nghe-ky-thuat-co-khi,D07,Điểm thi THPT,2024,15.5,Công nghệ kỹ thuật cơ khí
135530,SKH,cong-nghe-ky-thuat-co-khi,A00,Điểm học bạ,2025,22.5,Công nghệ kỹ thuật cơ khí
135531,SKH,cong-nghe-ky-thuat-co-khi,A01,Điểm học bạ,2025,22.5,Công nghệ kỹ thuật cơ khí
135532,SKH,cong-nghe-ky-thuat-co-khi,D01,Điểm học bạ,2025,22.5,Công nghệ kỹ thuật cơ khí
135533,SKH,cong-nghe-ky-thuat-co-khi,D07,Điểm học bạ,2025,22.5,Công nghệ kỹ thuật cơ khí
135534,SKH,cong-nghe-ky-thuat-co-khi,A00,Điểm thi THPT,2025,17.0,Công nghệ kỹ thuật cơ khí
135535,SKH,cong-nghe-ky-thuat-co-khi,A01,Điểm thi THPT,2025,17.0,Công nghệ kỹ thuật cơ khí
135536,SKH,cong-nghe-ky-thuat-co-khi,D01,Điểm thi THPT,2025,17.0,Công nghệ kỹ thuật cơ khí
135537,SKH,cong-nghe-ky-thuat-co-khi,D07,Điểm thi THPT,2025,17.0,Công nghệ kỹ thuật cơ khí
135538,SKH,cong-nghe-ky-thuat-dien-dien-tu,A00,Điểm học bạ,2021,18.0,"Công nghệ kỹ thuật điện, điện tử"
135539,SKH,cong-nghe-ky-thuat-dien-dien-tu,A01,Điểm học bạ,2021,18.0,"Công nghệ kỹ thuật điện, điện tử"
135540,SKH,cong-nghe-ky-thuat-dien-dien-tu,D01,Điểm học bạ,2021,18.0,"Công nghệ kỹ thuật điện, điện tử"
135541,SKH,cong-nghe-ky-thuat-dien-dien-tu,D07,Điểm học bạ,2021,18.0,"Công nghệ kỹ thuật điện, điện tử"
135542,SKH,cong-nghe-ky-thuat-dien-dien-tu,A00,Điểm thi THPT,2021,16.0,"Công nghệ kỹ thuật điện, điện tử"
135543,SKH,cong-nghe-ky-thuat-dien-dien-tu,A01,Điểm thi THPT,2021,16.0,"Công nghệ kỹ thuật điện, điện tử"
135544,SKH,cong-nghe-ky-thuat-dien-dien-tu,D01,Điểm thi THPT,2021,16.0,"Công nghệ kỹ thuật điện, điện tử"
135545,SKH,cong-nghe-ky-thuat-dien-dien-tu,D07,Điểm thi THPT,2021,16.0,"Công nghệ kỹ thuật điện, điện tử"
135546,SKH,cong-nghe-ky-thuat-dien-dien-tu,A00,Điểm học bạ,2022,29.0,"Công nghệ kỹ thuật điện, điện tử"
135547,SKH,cong-nghe-ky-thuat-dien-dien-tu,A01,Điểm học bạ,2022,29.0,"Công nghệ kỹ thuật điện, điện tử"
135548,SKH,cong-nghe-ky-thuat-dien-dien-tu,D01,Điểm học bạ,2022,29.0,"Công nghệ kỹ thuật điện, điện tử"
135549,SKH,cong-nghe-ky-thuat-dien-dien-tu,D07,Điểm học bạ,2022,29.0,"Công nghệ kỹ thuật điện, điện tử"
135550,SKH,cong-nghe-ky-thuat-dien-dien-tu,K00,Điểm học bạ,2022,29.0,"Công nghệ kỹ thuật điện, điện tử"
135551,SKH,cong-nghe-ky-thuat-dien-dien-tu,K01,Điểm học bạ,2022,29.0,"Công nghệ kỹ thuật điện, điện tử"
135552,SKH,cong-nghe-ky-thuat-dien-dien-tu,Q00,Điểm học bạ,2022,29.0,"Công nghệ kỹ thuật điện, điện tử"
135553,SKH,cong-nghe-ky-thuat-dien-dien-tu,A00,Điểm thi THPT,2022,15.0,"Công nghệ kỹ thuật điện, điện tử"
135554,SKH,cong-nghe-ky-thuat-dien-dien-tu,A01,Điểm thi THPT,2022,15.0,"Công nghệ kỹ thuật điện, điện tử"
135555,SKH,cong-nghe-ky-thuat-dien-dien-tu,D01,Điểm thi THPT,2022,15.0,"Công nghệ kỹ thuật điện, điện tử"
135556,SKH,cong-nghe-ky-thuat-dien-dien-tu,D07,Điểm thi THPT,2022,15.0,"Công nghệ kỹ thuật điện, điện tử"
135557,SKH,cong-nghe-ky-thuat-dien-dien-tu,K00,Điểm thi THPT,2022,15.0,"Công nghệ kỹ thuật điện, điện tử"
135558,SKH,cong-nghe-ky-thuat-dien-dien-tu,K01,Điểm thi THPT,2022,15.0,"Công nghệ kỹ thuật điện, điện tử"
135559,SKH,cong-nghe-ky-thuat-dien-dien-tu,Q00,Điểm thi THPT,2022,15.0,"Công nghệ kỹ thuật điện, điện tử"
135560,SKH,cong-nghe-ky-thuat-dien-dien-tu,A00,Điểm học bạ,2023,20.0,"Công nghệ kỹ thuật điện, điện tử"
135561,SKH,cong-nghe-ky-thuat-dien-dien-tu,A01,Điểm học bạ,2023,20.0,"Công nghệ kỹ thuật điện, điện tử"
135562,SKH,cong-nghe-ky-thuat-dien-dien-tu,D01,Điểm học bạ,2023,20.0,"Công nghệ kỹ thuật điện, điện tử"
135563,SKH,cong-nghe-ky-thuat-dien-dien-tu,D07,Điểm học bạ,2023,20.0,"Công nghệ kỹ thuật điện, điện tử"
135564,SKH,cong-nghe-ky-thuat-dien-dien-tu,A00,Điểm thi THPT,2023,16.0,"Công nghệ kỹ thuật điện, điện tử"
135565,SKH,cong-nghe-ky-thuat-dien-dien-tu,A01,Điểm thi THPT,2023,16.0,"Công nghệ kỹ thuật điện, điện tử"
135566,SKH,cong-nghe-ky-thuat-dien-dien-tu,D01,Điểm thi THPT,2023,16.0,"Công nghệ kỹ thuật điện, điện tử"
135567,SKH,cong-nghe-ky-thuat-dien-dien-tu,D07,Điểm thi THPT,2023,16.0,"Công nghệ kỹ thuật điện, điện tử"
135568,SKH,cong-nghe-ky-thuat-dien-dien-tu,A00,Điểm học bạ,2024,23.0,"Công nghệ kỹ thuật điện, điện tử"
135569,SKH,cong-nghe-ky-thuat-dien-dien-tu,A01,Điểm học bạ,2024,23.0,"Công nghệ kỹ thuật điện, điện tử"
135570,SKH,cong-nghe-ky-thuat-dien-dien-tu,D01,Điểm học bạ,2024,23.0,"Công nghệ kỹ thuật điện, điện tử"
135571,SKH,cong-nghe-ky-thuat-dien-dien-tu,D07,Điểm học bạ,2024,23.0,"Công nghệ kỹ thuật điện, điện tử"
135572,SKH,cong-nghe-ky-thuat-dien-dien-tu,A00,Điểm thi THPT,2024,16.0,"Công nghệ kỹ thuật điện, điện tử"
135573,SKH,cong-nghe-ky-thuat-dien-dien-tu,A01,Điểm thi THPT,2024,16.0,"Công nghệ kỹ thuật điện, điện tử"
135574,SKH,cong-nghe-ky-thuat-dien-dien-tu,D01,Điểm thi THPT,2024,16.0,"Công nghệ kỹ thuật điện, điện tử"
135575,SKH,cong-nghe-ky-thuat-dien-dien-tu,D07,Điểm thi THPT,2024,16.0,"Công nghệ kỹ thuật điện, điện tử"
135576,SKH,cong-nghe-ky-thuat-dien-dien-tu,A00,Điểm học bạ,2025,23.5,"Công nghệ kỹ thuật điện, điện tử"
135577,SKH,cong-nghe-ky-thuat-dien-dien-tu,A01,Điểm học bạ,2025,23.5,"Công nghệ kỹ thuật điện, điện tử"
135578,SKH,cong-nghe-ky-thuat-dien-dien-tu,D01,Điểm học bạ,2025,23.5,"Công nghệ kỹ thuật điện, điện tử"
135579,SKH,cong-nghe-ky-thuat-dien-dien-tu,D07,Điểm học bạ,2025,23.5,"Công nghệ kỹ thuật điện, điện tử"
135580,SKH,cong-nghe-ky-thuat-dien-dien-tu,A00,Điểm thi THPT,2025,18.5,"Công nghệ kỹ thuật điện, điện tử"
135581,SKH,cong-nghe-ky-thuat-dien-dien-tu,A01,Điểm thi THPT,2025,18.5,"Công nghệ kỹ thuật điện, điện tử"
135582,SKH,cong-nghe-ky-thuat-dien-dien-tu,D01,Điểm thi THPT,2025,18.5,"Công nghệ kỹ thuật điện, điện tử"
135583,SKH,cong-nghe-ky-thuat-dien-dien-tu,D07,Điểm thi THPT,2025,18.5,"Công nghệ kỹ thuật điện, điện tử"
135584,SKH,cong-nghe-ky-thuat-dien-tu-vien-thong,A00,Điểm học bạ,2025,21.67,Công nghệ kỹ thuật điện tử - viễn thông
135585,SKH,cong-nghe-ky-thuat-dien-tu-vien-thong,A01,Điểm học bạ,2025,21.67,Công nghệ kỹ thuật điện tử - viễn thông
135586,SKH,cong-nghe-ky-thuat-dien-tu-vien-thong,D01,Điểm học bạ,2025,21.67,Công nghệ kỹ thuật điện tử - viễn thông
135587,SKH,cong-nghe-ky-thuat-dien-tu-vien-thong,D07,Điểm học bạ,2025,21.67,Công nghệ kỹ thuật điện tử - viễn thông
135588,SKH,cong-nghe-ky-thuat-dien-tu-vien-thong,A00,Điểm thi THPT,2025,16.0,Công nghệ kỹ thuật điện tử - viễn thông
135589,SKH,cong-nghe-ky-thuat-dien-tu-vien-thong,A01,Điểm thi THPT,2025,16.0,Công nghệ kỹ thuật điện tử - viễn thông
135590,SKH,cong-nghe-ky-thuat-dien-tu-vien-thong,D01,Điểm thi THPT,2025,16.0,Công nghệ kỹ thuật điện tử - viễn thông
135591,SKH,cong-nghe-ky-thuat-dien-tu-vien-thong,D07,Điểm thi THPT,2025,16.0,Công nghệ kỹ thuật điện tử - viễn thông
135592,SKH,cong-nghe-ky-thuat-dieu-khien-va-tdh,A00,Điểm học bạ,2025,24.83,Công nghệ kỹ thuật điều khiển và TĐH
135593,SKH,cong-nghe-ky-thuat-dieu-khien-va-tdh,A01,Điểm học bạ,2025,24.83,Công nghệ kỹ thuật điều khiển và TĐH
135594,SKH,cong-nghe-ky-thuat-dieu-khien-va-tdh,D01,Điểm học bạ,2025,24.83,Công nghệ kỹ thuật điều khiển và TĐH
135595,SKH,cong-nghe-ky-thuat-dieu-khien-va-tdh,D07,Điểm học bạ,2025,24.83,Công nghệ kỹ thuật điều khiển và TĐH
135596,SKH,cong-nghe-ky-thuat-dieu-khien-va-tdh,A00,Điểm thi THPT,2025,20.5,Công nghệ kỹ thuật điều khiển và TĐH
135597,SKH,cong-nghe-ky-thuat-dieu-khien-va-tdh,A01,Điểm thi THPT,2025,20.5,Công nghệ kỹ thuật điều khiển và TĐH
135598,SKH,cong-nghe-ky-thuat-dieu-khien-va-tdh,D01,Điểm thi THPT,2025,20.5,Công nghệ kỹ thuật điều khiển và TĐH
135599,SKH,cong-nghe-ky-thuat-dieu-khien-va-tdh,D07,Điểm thi THPT,2025,20.5,Công nghệ kỹ thuật điều khiển và TĐH
135600,SKH,cong-nghe-ky-thuat-dieu-khien-va-tu-dong-hoa,A00,Điểm học bạ,2021,20.0,Công nghệ kỹ thuật điều khiển và tự động hóa
135601,SKH,cong-nghe-ky-thuat-dieu-khien-va-tu-dong-hoa,A01,Điểm học bạ,2021,20.0,Công nghệ kỹ thuật điều khiển và tự động hóa
135602,SKH,cong-nghe-ky-thuat-dieu-khien-va-tu-dong-hoa,D01,Điểm học bạ,2021,20.0,Công nghệ kỹ thuật điều khiển và tự động hóa
135603,SKH,cong-nghe-ky-thuat-dieu-khien-va-tu-dong-hoa,D07,Điểm học bạ,2021,20.0,Công nghệ kỹ thuật điều khiển và tự động hóa
135604,SKH,cong-nghe-ky-thuat-dieu-khien-va-tu-dong-hoa,A00,Điểm thi THPT,2021,18.0,Công nghệ kỹ thuật điều khiển và tự động hóa
135605,SKH,cong-nghe-ky-thuat-dieu-khien-va-tu-dong-hoa,A01,Điểm thi THPT,2021,18.0,Công nghệ kỹ thuật điều khiển và tự động hóa
135606,SKH,cong-nghe-ky-thuat-dieu-khien-va-tu-dong-hoa,D01,Điểm thi THPT,2021,18.0,Công nghệ kỹ thuật điều khiển và tự động hóa
135607,SKH,cong-nghe-ky-thuat-dieu-khien-va-tu-dong-hoa,D07,Điểm thi THPT,2021,18.0,Công nghệ kỹ thuật điều khiển và tự động hóa
135608,SKH,cong-nghe-ky-thuat-dieu-khien-va-tu-dong-hoa,A00,Điểm học bạ,2022,22.0,Công nghệ kỹ thuật điều khiển và tự động hóa
135609,SKH,cong-nghe-ky-thuat-dieu-khien-va-tu-dong-hoa,A01,Điểm học bạ,2022,22.0,Công nghệ kỹ thuật điều khiển và tự động hóa
135610,SKH,cong-nghe-ky-thuat-dieu-khien-va-tu-dong-hoa,D01,Điểm học bạ,2022,22.0,Công nghệ kỹ thuật điều khiển và tự động hóa
135611,SKH,cong-nghe-ky-thuat-dieu-khien-va-tu-dong-hoa,D07,Điểm học bạ,2022,22.0,Công nghệ kỹ thuật điều khiển và tự động hóa
135612,SKH,cong-nghe-ky-thuat-dieu-khien-va-tu-dong-hoa,K00,Điểm học bạ,2022,22.0,Công nghệ kỹ thuật điều khiển và tự động hóa
135613,SKH,cong-nghe-ky-thuat-dieu-khien-va-tu-dong-hoa,K01,Điểm học bạ,2022,22.0,Công nghệ kỹ thuật điều khiển và tự động hóa
135614,SKH,cong-nghe-ky-thuat-dieu-khien-va-tu-dong-hoa,Q00,Điểm học bạ,2022,22.0,Công nghệ kỹ thuật điều khiển và tự động hóa
135615,SKH,cong-nghe-ky-thuat-dieu-khien-va-tu-dong-hoa,A00,Điểm thi THPT,2022,17.0,Công nghệ kỹ thuật điều khiển và tự động hóa
135616,SKH,cong-nghe-ky-thuat-dieu-khien-va-tu-dong-hoa,A01,Điểm thi THPT,2022,17.0,Công nghệ kỹ thuật điều khiển và tự động hóa
135617,SKH,cong-nghe-ky-thuat-dieu-khien-va-tu-dong-hoa,D01,Điểm thi THPT,2022,17.0,Công nghệ kỹ thuật điều khiển và tự động hóa
135618,SKH,cong-nghe-ky-thuat-dieu-khien-va-tu-dong-hoa,D07,Điểm thi THPT,2022,17.0,Công nghệ kỹ thuật điều khiển và tự động hóa
135619,SKH,cong-nghe-ky-thuat-dieu-khien-va-tu-dong-hoa,K00,Điểm thi THPT,2022,17.0,Công nghệ kỹ thuật điều khiển và tự động hóa
135620,SKH,cong-nghe-ky-thuat-dieu-khien-va-tu-dong-hoa,K01,Điểm thi THPT,2022,17.0,Công nghệ kỹ thuật điều khiển và tự động hóa
135621,SKH,cong-nghe-ky-thuat-dieu-khien-va-tu-dong-hoa,Q00,Điểm thi THPT,2022,17.0,Công nghệ kỹ thuật điều khiển và tự động hóa
135622,SKH,cong-nghe-ky-thuat-dieu-khien-va-tu-dong-hoa,A00,Điểm học bạ,2023,23.0,Công nghệ kỹ thuật điều khiển và tự động hóa
135623,SKH,cong-nghe-ky-thuat-dieu-khien-va-tu-dong-hoa,A01,Điểm học bạ,2023,23.0,Công nghệ kỹ thuật điều khiển và tự động hóa
135624,SKH,cong-nghe-ky-thuat-dieu-khien-va-tu-dong-hoa,D01,Điểm học bạ,2023,23.0,Công nghệ kỹ thuật điều khiển và tự động hóa
135625,SKH,cong-nghe-ky-thuat-dieu-khien-va-tu-dong-hoa,D07,Điểm học bạ,2023,23.0,Công nghệ kỹ thuật điều khiển và tự động hóa
135626,SKH,cong-nghe-ky-thuat-dieu-khien-va-tu-dong-hoa,A00,Điểm thi THPT,2023,16.5,Công nghệ kỹ thuật điều khiển và tự động hóa
135627,SKH,cong-nghe-ky-thuat-dieu-khien-va-tu-dong-hoa,A01,Điểm thi THPT,2023,16.5,Công nghệ kỹ thuật điều khiển và tự động hóa
135628,SKH,cong-nghe-ky-thuat-dieu-khien-va-tu-dong-hoa,D01,Điểm thi THPT,2023,16.5,Công nghệ kỹ thuật điều khiển và tự động hóa
135629,SKH,cong-nghe-ky-thuat-dieu-khien-va-tu-dong-hoa,D07,Điểm thi THPT,2023,16.5,Công nghệ kỹ thuật điều khiển và tự động hóa
135630,SKH,cong-nghe-ky-thuat-dieu-khien-va-tu-dong-hoa,A00,Điểm học bạ,2024,24.75,Công nghệ kỹ thuật điều khiển và tự động hóa
135631,SKH,cong-nghe-ky-thuat-dieu-khien-va-tu-dong-hoa,A01,Điểm học bạ,2024,24.75,Công nghệ kỹ thuật điều khiển và tự động hóa
135632,SKH,cong-nghe-ky-thuat-dieu-khien-va-tu-dong-hoa,D01,Điểm học bạ,2024,24.75,Công nghệ kỹ thuật điều khiển và tự động hóa
135633,SKH,cong-nghe-ky-thuat-dieu-khien-va-tu-dong-hoa,D07,Điểm học bạ,2024,24.75,Công nghệ kỹ thuật điều khiển và tự động hóa
135634,SKH,cong-nghe-ky-thuat-dieu-khien-va-tu-dong-hoa,A00,Điểm thi THPT,2024,16.5,Công nghệ kỳ thuật điều khiển và tự động hóa
135635,SKH,cong-nghe-ky-thuat-dieu-khien-va-tu-dong-hoa,A01,Điểm thi THPT,2024,16.5,Công nghệ kỳ thuật điều khiển và tự động hóa
135636,SKH,cong-nghe-ky-thuat-dieu-khien-va-tu-dong-hoa,D01,Điểm thi THPT,2024,16.5,Công nghệ kỳ thuật điều khiển và tự động hóa
135637,SKH,cong-nghe-ky-thuat-dieu-khien-va-tu-dong-hoa,D07,Điểm thi THPT,2024,16.5,Công nghệ kỳ thuật điều khiển và tự động hóa
135638,SKH,cong-nghe-ky-thuat-hoa-hoc,A00,Điểm học bạ,2021,18.0,Công nghệ kỹ thuật hóa học
135639,SKH,cong-nghe-ky-thuat-hoa-hoc,A02,Điểm học bạ,2021,18.0,Công nghệ kỹ thuật hóa học
135640,SKH,cong-nghe-ky-thuat-hoa-hoc,B00,Điểm học bạ,2021,18.0,Công nghệ kỹ thuật hóa học
135641,SKH,cong-nghe-ky-thuat-hoa-hoc,D07,Điểm học bạ,2021,18.0,Công nghệ kỹ thuật hóa học
135642,SKH,cong-nghe-ky-thuat-hoa-hoc,A00,Điểm thi THPT,2021,16.0,Công nghệ kỹ thuật hóa học
135643,SKH,cong-nghe-ky-thuat-hoa-hoc,A02,Điểm thi THPT,2021,16.0,Công nghệ kỹ thuật hóa học
135644,SKH,cong-nghe-ky-thuat-hoa-hoc,B00,Điểm thi THPT,2021,16.0,Công nghệ kỹ thuật hóa học
135645,SKH,cong-nghe-ky-thuat-hoa-hoc,D07,Điểm thi THPT,2021,16.0,Công nghệ kỹ thuật hóa học
135646,SKH,cong-nghe-ky-thuat-hoa-hoc,A00,Điểm học bạ,2022,19.0,Công nghệ kỹ thuật hóa học
135647,SKH,cong-nghe-ky-thuat-hoa-hoc,A01,Điểm học bạ,2022,19.0,Công nghệ kỹ thuật hóa học
135648,SKH,cong-nghe-ky-thuat-hoa-hoc,B00,Điểm học bạ,2022,19.0,Công nghệ kỹ thuật hóa học
135649,SKH,cong-nghe-ky-thuat-hoa-hoc,D07,Điểm học bạ,2022,19.0,Công nghệ kỹ thuật hóa học
135650,SKH,cong-nghe-ky-thuat-hoa-hoc,A00,Điểm thi THPT,2022,15.0,Công nghệ kỹ thuật hóa học
135651,SKH,cong-nghe-ky-thuat-hoa-hoc,A01,Điểm thi THPT,2022,15.0,Công nghệ kỹ thuật hóa học
135652,SKH,cong-nghe-ky-thuat-hoa-hoc,B00,Điểm thi THPT,2022,15.0,Công nghệ kỹ thuật hóa học
135653,SKH,cong-nghe-ky-thuat-hoa-hoc,D07,Điểm thi THPT,2022,15.0,Công nghệ kỹ thuật hóa học
135654,SKH,cong-nghe-ky-thuat-hoa-hoc,A00,Điểm học bạ,2023,19.0,Công nghệ kỹ thuật hóa học
135655,SKH,cong-nghe-ky-thuat-hoa-hoc,A02,Điểm học bạ,2023,19.0,Công nghệ kỹ thuật hóa học
135656,SKH,cong-nghe-ky-thuat-hoa-hoc,B00,Điểm học bạ,2023,19.0,Công nghệ kỹ thuật hóa học
135657,SKH,cong-nghe-ky-thuat-hoa-hoc,D07,Điểm học bạ,2023,19.0,Công nghệ kỹ thuật hóa học
135658,SKH,cong-nghe-ky-thuat-hoa-hoc,A00,Điểm thi THPT,2023,15.0,Công nghệ kỹ thuật hóa học
135659,SKH,cong-nghe-ky-thuat-hoa-hoc,A02,Điểm thi THPT,2023,15.0,Công nghệ kỹ thuật hóa học
135660,SKH,cong-nghe-ky-thuat-hoa-hoc,B00,Điểm thi THPT,2023,15.0,Công nghệ kỹ thuật hóa học
135661,SKH,cong-nghe-ky-thuat-hoa-hoc,D07,Điểm thi THPT,2023,15.0,Công nghệ kỹ thuật hóa học
135662,SKH,cong-nghe-ky-thuat-hoa-hoc,A00,Điểm học bạ,2024,21.0,Công nghệ kỹ thuật hoá học
135663,SKH,cong-nghe-ky-thuat-hoa-hoc,A02,Điểm học bạ,2024,21.0,Công nghệ kỹ thuật hoá học
135664,SKH,cong-nghe-ky-thuat-hoa-hoc,B00,Điểm học bạ,2024,21.0,Công nghệ kỹ thuật hoá học
135665,SKH,cong-nghe-ky-thuat-hoa-hoc,D07,Điểm học bạ,2024,21.0,Công nghệ kỹ thuật hoá học
135666,SKH,cong-nghe-ky-thuat-hoa-hoc,A00,Điểm thi THPT,2024,15.0,Công nghệ kỹ thuật hoá học
135667,SKH,cong-nghe-ky-thuat-hoa-hoc,A02,Điểm thi THPT,2024,15.0,Công nghệ kỹ thuật hoá học
135668,SKH,cong-nghe-ky-thuat-hoa-hoc,B00,Điểm thi THPT,2024,15.0,Công nghệ kỹ thuật hoá học
135669,SKH,cong-nghe-ky-thuat-hoa-hoc,D07,Điểm thi THPT,2024,15.0,Công nghệ kỹ thuật hoá học
135670,SKH,cong-nghe-ky-thuat-hoa-hoc,A00,Điểm học bạ,2025,20.83,Công nghệ kỹ thuật hoá học
135671,SKH,cong-nghe-ky-thuat-hoa-hoc,B00,Điểm học bạ,2025,20.83,Công nghệ kỹ thuật hoá học
135672,SKH,cong-nghe-ky-thuat-hoa-hoc,D01,Điểm học bạ,2025,20.83,Công nghệ kỹ thuật hoá học
135673,SKH,cong-nghe-ky-thuat-hoa-hoc,D07,Điểm học bạ,2025,20.83,Công nghệ kỹ thuật hoá học
135674,SKH,cong-nghe-ky-thuat-hoa-hoc,A00,Điểm thi THPT,2025,15.0,Công nghệ kỹ thuật hoá học
135675,SKH,cong-nghe-ky-thuat-hoa-hoc,B00,Điểm thi THPT,2025,15.0,Công nghệ kỹ thuật hoá học
135676,SKH,cong-nghe-ky-thuat-hoa-hoc,D01,Điểm thi THPT,2025,15.0,Công nghệ kỹ thuật hoá học
135677,SKH,cong-nghe-ky-thuat-hoa-hoc,D07,Điểm thi THPT,2025,15.0,Công nghệ kỹ thuật hoá học
135678,SKH,cong-nghe-ky-thuat-o-to,A00,Điểm học bạ,2021,21.0,Công nghệ kỹ thuật ô tô
135679,SKH,cong-nghe-ky-thuat-o-to,A01,Điểm học bạ,2021,21.0,Công nghệ kỹ thuật ô tô
135680,SKH,cong-nghe-ky-thuat-o-to,D01,Điểm học bạ,2021,21.0,Công nghệ kỹ thuật ô tô
135681,SKH,cong-nghe-ky-thuat-o-to,D07,Điểm học bạ,2021,21.0,Công nghệ kỹ thuật ô tô
135682,SKH,cong-nghe-ky-thuat-o-to,A00,Điểm thi THPT,2021,18.0,Công nghệ kỹ thuật ô tô
135683,SKH,cong-nghe-ky-thuat-o-to,A01,Điểm thi THPT,2021,18.0,Công nghệ kỹ thuật ô tô
135684,SKH,cong-nghe-ky-thuat-o-to,D01,Điểm thi THPT,2021,18.0,Công nghệ kỹ thuật ô tô
135685,SKH,cong-nghe-ky-thuat-o-to,D07,Điểm thi THPT,2021,18.0,Công nghệ kỹ thuật ô tô
135686,SKH,cong-nghe-ky-thuat-o-to,A00,Điểm học bạ,2022,22.0,Công nghệ kỹ thuật ô tô
135687,SKH,cong-nghe-ky-thuat-o-to,A01,Điểm học bạ,2022,22.0,Công nghệ kỹ thuật ô tô
135688,SKH,cong-nghe-ky-thuat-o-to,D01,Điểm học bạ,2022,22.0,Công nghệ kỹ thuật ô tô
135689,SKH,cong-nghe-ky-thuat-o-to,D07,Điểm học bạ,2022,22.0,Công nghệ kỹ thuật ô tô
135690,SKH,cong-nghe-ky-thuat-o-to,K00,Điểm học bạ,2022,22.0,Công nghệ kỹ thuật ô tô
135691,SKH,cong-nghe-ky-thuat-o-to,K01,Điểm học bạ,2022,22.0,Công nghệ kỹ thuật ô tô
135692,SKH,cong-nghe-ky-thuat-o-to,Q00,Điểm học bạ,2022,22.0,Công nghệ kỹ thuật ô tô
135693,SKH,cong-nghe-ky-thuat-o-to,A00,Điểm thi THPT,2022,17.0,Công nghệ kỹ thuật ô tô
135694,SKH,cong-nghe-ky-thuat-o-to,A01,Điểm thi THPT,2022,17.0,Công nghệ kỹ thuật ô tô
135695,SKH,cong-nghe-ky-thuat-o-to,D01,Điểm thi THPT,2022,17.0,Công nghệ kỹ thuật ô tô
135696,SKH,cong-nghe-ky-thuat-o-to,D07,Điểm thi THPT,2022,17.0,Công nghệ kỹ thuật ô tô
135697,SKH,cong-nghe-ky-thuat-o-to,K00,Điểm thi THPT,2022,17.0,Công nghệ kỹ thuật ô tô
135698,SKH,cong-nghe-ky-thuat-o-to,K01,Điểm thi THPT,2022,17.0,Công nghệ kỹ thuật ô tô
135699,SKH,cong-nghe-ky-thuat-o-to,Q00,Điểm thi THPT,2022,17.0,Công nghệ kỹ thuật ô tô
135700,SKH,cong-nghe-ky-thuat-o-to,A00,Điểm học bạ,2023,24.0,Công nghệ kỹ thuật ô tô
135701,SKH,cong-nghe-ky-thuat-o-to,A01,Điểm học bạ,2023,24.0,Công nghệ kỹ thuật ô tô
135702,SKH,cong-nghe-ky-thuat-o-to,D01,Điểm học bạ,2023,24.0,Công nghệ kỹ thuật ô tô
135703,SKH,cong-nghe-ky-thuat-o-to,D07,Điểm học bạ,2023,24.0,Công nghệ kỹ thuật ô tô
135704,SKH,cong-nghe-ky-thuat-o-to,A00,Điểm thi THPT,2023,17.0,Công nghệ kỹ thuật ô tô
135705,SKH,cong-nghe-ky-thuat-o-to,A01,Điểm thi THPT,2023,17.0,Công nghệ kỹ thuật ô tô
135706,SKH,cong-nghe-ky-thuat-o-to,D01,Điểm thi THPT,2023,17.0,Công nghệ kỹ thuật ô tô
135707,SKH,cong-nghe-ky-thuat-o-to,D07,Điểm thi THPT,2023,17.0,Công nghệ kỹ thuật ô tô
135708,SKH,cong-nghe-ky-thuat-o-to,A00,Điểm học bạ,2024,25.0,Công nghệ Kỹ thuật ô tô
135709,SKH,cong-nghe-ky-thuat-o-to,A01,Điểm học bạ,2024,25.0,Công nghệ Kỹ thuật ô tô
135710,SKH,cong-nghe-ky-thuat-o-to,D01,Điểm học bạ,2024,25.0,Công nghệ Kỹ thuật ô tô
135711,SKH,cong-nghe-ky-thuat-o-to,D07,Điểm học bạ,2024,25.0,Công nghệ Kỹ thuật ô tô
135712,SKH,cong-nghe-ky-thuat-o-to,A00,Điểm thi THPT,2024,17.0,Công nghệ kỹ thuật ô tô
135713,SKH,cong-nghe-ky-thuat-o-to,A01,Điểm thi THPT,2024,17.0,Công nghệ kỹ thuật ô tô
135714,SKH,cong-nghe-ky-thuat-o-to,D01,Điểm thi THPT,2024,17.0,Công nghệ kỹ thuật ô tô
135715,SKH,cong-nghe-ky-thuat-o-to,D07,Điểm thi THPT,2024,17.0,Công nghệ kỹ thuật ô tô
135716,SKH,cong-nghe-ky-thuat-o-to,A00,Điểm học bạ,2025,23.17,Công nghệ kỹ thuật ô tô
135717,SKH,cong-nghe-ky-thuat-o-to,A01,Điểm học bạ,2025,23.17,Công nghệ kỹ thuật ô tô
135718,SKH,cong-nghe-ky-thuat-o-to,D01,Điểm học bạ,2025,23.17,Công nghệ kỹ thuật ô tô
135719,SKH,cong-nghe-ky-thuat-o-to,D07,Điểm học bạ,2025,23.17,Công nghệ kỹ thuật ô tô
135720,SKH,cong-nghe-ky-thuat-o-to,A00,Điểm thi THPT,2025,18.0,Công nghệ kỹ thuật ô tô
135721,SKH,cong-nghe-ky-thuat-o-to,A01,Điểm thi THPT,2025,18.0,Công nghệ kỹ thuật ô tô
135722,SKH,cong-nghe-ky-thuat-o-to,D01,Điểm thi THPT,2025,18.0,Công nghệ kỹ thuật ô tô
135723,SKH,cong-nghe-ky-thuat-o-to,D07,Điểm thi THPT,2025,18.0,Công nghệ kỹ thuật ô tô
135724,SKH,cong-nghe-may,A00,Điểm học bạ,2021,18.0,Công nghệ may
135725,SKH,cong-nghe-may,A01,Điểm học bạ,2021,18.0,Công nghệ may
135726,SKH,cong-nghe-may,D01,Điểm học bạ,2021,18.0,Công nghệ may
135727,SKH,cong-nghe-may,D07,Điểm học bạ,2021,18.0,Công nghệ may
135728,SKH,cong-nghe-may,A00,Điểm thi THPT,2021,16.0,Công nghệ may
135729,SKH,cong-nghe-may,A01,Điểm thi THPT,2021,16.0,Công nghệ may
135730,SKH,cong-nghe-may,D01,Điểm thi THPT,2021,16.0,Công nghệ may
135731,SKH,cong-nghe-may,D07,Điểm thi THPT,2021,16.0,Công nghệ may
135732,SKH,cong-nghe-may,A00,Điểm học bạ,2022,19.0,Công nghệ may
135733,SKH,cong-nghe-may,A01,Điểm học bạ,2022,19.0,Công nghệ may
135734,SKH,cong-nghe-may,D01,Điểm học bạ,2022,19.0,Công nghệ may
135735,SKH,cong-nghe-may,D07,Điểm học bạ,2022,19.0,Công nghệ may
135736,SKH,cong-nghe-may,A00,Điểm thi THPT,2022,15.0,Công nghệ may
135737,SKH,cong-nghe-may,A01,Điểm thi THPT,2022,15.0,Công nghệ may
135738,SKH,cong-nghe-may,D01,Điểm thi THPT,2022,15.0,Công nghệ may
135739,SKH,cong-nghe-may,D07,Điểm thi THPT,2022,15.0,Công nghệ may
135740,SKH,cong-nghe-may,A00,Điểm học bạ,2023,19.0,Công nghệ may
135741,SKH,cong-nghe-may,A01,Điểm học bạ,2023,19.0,Công nghệ may
135742,SKH,cong-nghe-may,D01,Điểm học bạ,2023,19.0,Công nghệ may
135743,SKH,cong-nghe-may,D07,Điểm học bạ,2023,19.0,Công nghệ may
135744,SKH,cong-nghe-may,A00,Điểm thi THPT,2023,15.0,Công nghệ may
135745,SKH,cong-nghe-may,A01,Điểm thi THPT,2023,15.0,Công nghệ may
135746,SKH,cong-nghe-may,D01,Điểm thi THPT,2023,15.0,Công nghệ may
135747,SKH,cong-nghe-may,D07,Điểm thi THPT,2023,15.0,Công nghệ may
135748,SKH,cong-nghe-may,A00,Điểm học bạ,2024,21.0,Công nghệ may
135749,SKH,cong-nghe-may,A01,Điểm học bạ,2024,21.0,Công nghệ may
135750,SKH,cong-nghe-may,D01,Điểm học bạ,2024,21.0,Công nghệ may
135751,SKH,cong-nghe-may,D07,Điểm học bạ,2024,21.0,Công nghệ may
135752,SKH,cong-nghe-may,A00,Điểm thi THPT,2024,15.0,Công nghệ may
135753,SKH,cong-nghe-may,A01,Điểm thi THPT,2024,15.0,Công nghệ may
135754,SKH,cong-nghe-may,D01,Điểm thi THPT,2024,15.0,Công nghệ may
135755,SKH,cong-nghe-may,D07,Điểm thi THPT,2024,15.0,Công nghệ may
135756,SKH,cong-nghe-may,A00,Điểm học bạ,2025,20.83,Công nghệ may
135757,SKH,cong-nghe-may,A01,Điểm học bạ,2025,20.83,Công nghệ may
135758,SKH,cong-nghe-may,D01,Điểm học bạ,2025,20.83,Công nghệ may
135759,SKH,cong-nghe-may,D07,Điểm học bạ,2025,20.83,Công nghệ may
135760,SKH,cong-nghe-may,A00,Điểm thi THPT,2025,15.0,Công nghệ may
135761,SKH,cong-nghe-may,A01,Điểm thi THPT,2025,15.0,Công nghệ may
135762,SKH,cong-nghe-may,D01,Điểm thi THPT,2025,15.0,Công nghệ may
135763,SKH,cong-nghe-may,D07,Điểm thi THPT,2025,15.0,Công nghệ may
135764,SKH,cong-nghe-thong-tin,A00,Điểm học bạ,2021,20.0,Công nghệ thông tin
135765,SKH,cong-nghe-thong-tin,A01,Điểm học bạ,2021,20.0,Công nghệ thông tin
135766,SKH,cong-nghe-thong-tin,D01,Điểm học bạ,2021,20.0,Công nghệ thông tin
135767,SKH,cong-nghe-thong-tin,D07,Điểm học bạ,2021,20.0,Công nghệ thông tin
135768,SKH,cong-nghe-thong-tin,A00,Điểm thi THPT,2021,18.0,Công nghệ thông tin
135769,SKH,cong-nghe-thong-tin,A01,Điểm thi THPT,2021,18.0,Công nghệ thông tin
135770,SKH,cong-nghe-thong-tin,D01,Điểm thi THPT,2021,18.0,Công nghệ thông tin
135771,SKH,cong-nghe-thong-tin,D07,Điểm thi THPT,2021,18.0,Công nghệ thông tin
135772,SKH,cong-nghe-thong-tin,A00,Điểm học bạ,2022,24.0,Công nghệ thông tin
135773,SKH,cong-nghe-thong-tin,A01,Điểm học bạ,2022,24.0,Công nghệ thông tin
135774,SKH,cong-nghe-thong-tin,D01,Điểm học bạ,2022,24.0,Công nghệ thông tin
135775,SKH,cong-nghe-thong-tin,D07,Điểm học bạ,2022,24.0,Công nghệ thông tin
135776,SKH,cong-nghe-thong-tin,K00,Điểm học bạ,2022,24.0,Công nghệ thông tin
135777,SKH,cong-nghe-thong-tin,K01,Điểm học bạ,2022,24.0,Công nghệ thông tin
135778,SKH,cong-nghe-thong-tin,Q00,Điểm học bạ,2022,24.0,Công nghệ thông tin
135779,SKH,cong-nghe-thong-tin,A00,Điểm thi THPT,2022,17.0,Công nghệ thông tin
135780,SKH,cong-nghe-thong-tin,A01,Điểm thi THPT,2022,17.0,Công nghệ thông tin
135781,SKH,cong-nghe-thong-tin,D01,Điểm thi THPT,2022,17.0,Công nghệ thông tin
135782,SKH,cong-nghe-thong-tin,D07,Điểm thi THPT,2022,17.0,Công nghệ thông tin
135783,SKH,cong-nghe-thong-tin,K00,Điểm thi THPT,2022,17.0,Công nghệ thông tin
135784,SKH,cong-nghe-thong-tin,K01,Điểm thi THPT,2022,17.0,Công nghệ thông tin
135785,SKH,cong-nghe-thong-tin,Q00,Điểm thi THPT,2022,17.0,Công nghệ thông tin
135786,SKH,cong-nghe-thong-tin,A00,Điểm học bạ,2023,25.0,Công nghệ thông tin
135787,SKH,cong-nghe-thong-tin,A01,Điểm học bạ,2023,25.0,Công nghệ thông tin
135788,SKH,cong-nghe-thong-tin,D01,Điểm học bạ,2023,25.0,Công nghệ thông tin
135789,SKH,cong-nghe-thong-tin,D07,Điểm học bạ,2023,25.0,Công nghệ thông tin
135790,SKH,cong-nghe-thong-tin,A00,Điểm thi THPT,2023,17.5,Công nghệ thông tin
135791,SKH,cong-nghe-thong-tin,A01,Điểm thi THPT,2023,17.5,Công nghệ thông tin
135792,SKH,cong-nghe-thong-tin,D01,Điểm thi THPT,2023,17.5,Công nghệ thông tin
135793,SKH,cong-nghe-thong-tin,D07,Điểm thi THPT,2023,17.5,Công nghệ thông tin
135794,SKH,cong-nghe-thong-tin,A00,Điểm học bạ,2024,25.0,Công nghệ thông tin
135795,SKH,cong-nghe-thong-tin,A01,Điểm học bạ,2024,25.0,Công nghệ thông tin
135796,SKH,cong-nghe-thong-tin,D01,Điểm học bạ,2024,25.0,Công nghệ thông tin
135797,SKH,cong-nghe-thong-tin,D07,Điểm học bạ,2024,25.0,Công nghệ thông tin
135798,SKH,cong-nghe-thong-tin,A00,Điểm thi THPT,2024,17.0,Công nghệ thông tin
135799,SKH,cong-nghe-thong-tin,A01,Điểm thi THPT,2024,17.0,Công nghệ thông tin
135800,SKH,cong-nghe-thong-tin,D01,Điểm thi THPT,2024,17.0,Công nghệ thông tin
135801,SKH,cong-nghe-thong-tin,D07,Điểm thi THPT,2024,17.0,Công nghệ thông tin
135802,SKH,cong-nghe-thong-tin,A00,Điểm học bạ,2025,21.67,Công nghệ thông tin
135803,SKH,cong-nghe-thong-tin,A01,Điểm học bạ,2025,21.67,Công nghệ thông tin
135804,SKH,cong-nghe-thong-tin,D01,Điểm học bạ,2025,21.67,Công nghệ thông tin
135805,SKH,cong-nghe-thong-tin,D07,Điểm học bạ,2025,21.67,Công nghệ thông tin
135806,SKH,cong-nghe-thong-tin,A00,Điểm thi THPT,2025,16.0,Công nghệ thông tin
135807,SKH,cong-nghe-thong-tin,A01,Điểm thi THPT,2025,16.0,Công nghệ thông tin
135808,SKH,cong-nghe-thong-tin,D01,Điểm thi THPT,2025,16.0,Công nghệ thông tin
135809,SKH,cong-nghe-thong-tin,D07,Điểm thi THPT,2025,16.0,Công nghệ thông tin
135810,SKH,dien-lanh-va-dieu-hoa-khong-khi,A00,Điểm học bạ,2021,18.0,Điện lạnh và điều hòa không khí
135811,SKH,dien-lanh-va-dieu-hoa-khong-khi,A01,Điểm học bạ,2021,18.0,Điện lạnh và điều hòa không khí
135812,SKH,dien-lanh-va-dieu-hoa-khong-khi,D01,Điểm học bạ,2021,18.0,Điện lạnh và điều hòa không khí
135813,SKH,dien-lanh-va-dieu-hoa-khong-khi,D07,Điểm học bạ,2021,18.0,Điện lạnh và điều hòa không khí
135814,SKH,dien-lanh-va-dieu-hoa-khong-khi,A00,Điểm thi THPT,2021,16.0,Điện lạnh và điều hòa không khí
135815,SKH,dien-lanh-va-dieu-hoa-khong-khi,A01,Điểm thi THPT,2021,16.0,Điện lạnh và điều hòa không khí
135816,SKH,dien-lanh-va-dieu-hoa-khong-khi,D01,Điểm thi THPT,2021,16.0,Điện lạnh và điều hòa không khí
135817,SKH,dien-lanh-va-dieu-hoa-khong-khi,D07,Điểm thi THPT,2021,16.0,Điện lạnh và điều hòa không khí
135818,SKH,dien-lanh-va-dieu-hoa-khong-khi,A00,Điểm học bạ,2022,19.0,Điện lạnh và điều hòa không khí
135819,SKH,dien-lanh-va-dieu-hoa-khong-khi,A01,Điểm học bạ,2022,19.0,Điện lạnh và điều hòa không khí
135820,SKH,dien-lanh-va-dieu-hoa-khong-khi,D01,Điểm học bạ,2022,19.0,Điện lạnh và điều hòa không khí
135821,SKH,dien-lanh-va-dieu-hoa-khong-khi,D07,Điểm học bạ,2022,19.0,Điện lạnh và điều hòa không khí
135822,SKH,dien-lanh-va-dieu-hoa-khong-khi,A00,Điểm thi THPT,2022,15.0,Điện lạnh và điều hòa không khí
135823,SKH,dien-lanh-va-dieu-hoa-khong-khi,A01,Điểm thi THPT,2022,15.0,Điện lạnh và điều hòa không khí
135824,SKH,dien-lanh-va-dieu-hoa-khong-khi,D01,Điểm thi THPT,2022,15.0,Điện lạnh và điều hòa không khí
135825,SKH,dien-lanh-va-dieu-hoa-khong-khi,D07,Điểm thi THPT,2022,15.0,Điện lạnh và điều hòa không khí
135826,SKH,dien-lanh-va-dieu-hoa-khong-khi,A00,Điểm học bạ,2023,19.0,Điện lạnh và điều hòa không khí
135827,SKH,dien-lanh-va-dieu-hoa-khong-khi,A01,Điểm học bạ,2023,19.0,Điện lạnh và điều hòa không khí
135828,SKH,dien-lanh-va-dieu-hoa-khong-khi,D01,Điểm học bạ,2023,19.0,Điện lạnh và điều hòa không khí
135829,SKH,dien-lanh-va-dieu-hoa-khong-khi,D07,Điểm học bạ,2023,19.0,Điện lạnh và điều hòa không khí
135830,SKH,dien-lanh-va-dieu-hoa-khong-khi,A00,Điểm thi THPT,2023,15.0,Điện lạnh và điều hòa không khí
135831,SKH,dien-lanh-va-dieu-hoa-khong-khi,A01,Điểm thi THPT,2023,15.0,Điện lạnh và điều hòa không khí
135832,SKH,dien-lanh-va-dieu-hoa-khong-khi,D01,Điểm thi THPT,2023,15.0,Điện lạnh và điều hòa không khí
135833,SKH,dien-lanh-va-dieu-hoa-khong-khi,D07,Điểm thi THPT,2023,15.0,Điện lạnh và điều hòa không khí
135834,SKH,dien-lanh-va-dieu-hoa-khong-khi,A00,Điểm học bạ,2024,21.0,Điện lạnh và điều hòa không khí
135835,SKH,dien-lanh-va-dieu-hoa-khong-khi,A01,Điểm học bạ,2024,21.0,Điện lạnh và điều hòa không khí
135836,SKH,dien-lanh-va-dieu-hoa-khong-khi,D01,Điểm học bạ,2024,21.0,Điện lạnh và điều hòa không khí
135837,SKH,dien-lanh-va-dieu-hoa-khong-khi,D07,Điểm học bạ,2024,21.0,Điện lạnh và điều hòa không khí
135838,SKH,dien-lanh-va-dieu-hoa-khong-khi,A00,Điểm thi THPT,2024,15.0,Điện lạnh và điều hòa không khí
135839,SKH,dien-lanh-va-dieu-hoa-khong-khi,A01,Điểm thi THPT,2024,15.0,Điện lạnh và điều hòa không khí
135840,SKH,dien-lanh-va-dieu-hoa-khong-khi,D01,Điểm thi THPT,2024,15.0,Điện lạnh và điều hòa không khí
135841,SKH,dien-lanh-va-dieu-hoa-khong-khi,D07,Điểm thi THPT,2024,15.0,Điện lạnh và điều hòa không khí
135842,SKH,dien-lanh-va-dieu-hoa-khong-khi,A00,Điểm học bạ,2025,22.5,Điện lạnh và điều hòa không khí
135843,SKH,dien-lanh-va-dieu-hoa-khong-khi,A01,Điểm học bạ,2025,22.5,Điện lạnh và điều hòa không khí
135844,SKH,dien-lanh-va-dieu-hoa-khong-khi,D01,Điểm học bạ,2025,22.5,Điện lạnh và điều hòa không khí
135845,SKH,dien-lanh-va-dieu-hoa-khong-khi,D07,Điểm học bạ,2025,22.5,Điện lạnh và điều hòa không khí
135846,SKH,dien-lanh-va-dieu-hoa-khong-khi,A00,Điểm thi THPT,2025,17.0,Điện lạnh và điều hòa không khí
135847,SKH,dien-lanh-va-dieu-hoa-khong-khi,A01,Điểm thi THPT,2025,17.0,Điện lạnh và điều hòa không khí
135848,SKH,dien-lanh-va-dieu-hoa-khong-khi,D01,Điểm thi THPT,2025,17.0,Điện lạnh và điều hòa không khí
135849,SKH,dien-lanh-va-dieu-hoa-khong-khi,D07,Điểm thi THPT,2025,17.0,Điện lạnh và điều hòa không khí
135850,SKH,ke-toan,A00,Điểm học bạ,2021,18.0,Kế toán
135851,SKH,ke-toan,A01,Điểm học bạ,2021,18.0,Kế toán
135852,SKH,ke-toan,D01,Điểm học bạ,2021,18.0,Kế toán
135853,SKH,ke-toan,D07,Điểm học bạ,2021,18.0,Kế toán
135854,SKH,ke-toan,A00,Điểm thi THPT,2021,16.0,Kế toán
135855,SKH,ke-toan,A01,Điểm thi THPT,2021,16.0,Kế toán
135856,SKH,ke-toan,D01,Điểm thi THPT,2021,16.0,Kế toán
135857,SKH,ke-toan,D07,Điểm thi THPT,2021,16.0,Kế toán
135858,SKH,ke-toan,A00,Điểm học bạ,2022,19.0,Kế toán
135859,SKH,ke-toan,A01,Điểm học bạ,2022,19.0,Kế toán
135860,SKH,ke-toan,D01,Điểm học bạ,2022,19.0,Kế toán
135861,SKH,ke-toan,D07,Điểm học bạ,2022,19.0,Kế toán
135862,SKH,ke-toan,A00,Điểm thi THPT,2022,15.0,Kế toán
135863,SKH,ke-toan,A01,Điểm thi THPT,2022,15.0,Kế toán
135864,SKH,ke-toan,D01,Điểm thi THPT,2022,15.0,Kế toán
135865,SKH,ke-toan,D07,Điểm thi THPT,2022,15.0,Kế toán
135866,SKH,ke-toan,A00,Điểm học bạ,2023,20.0,Kế toán
135867,SKH,ke-toan,A01,Điểm học bạ,2023,20.0,Kế toán
135868,SKH,ke-toan,D01,Điểm học bạ,2023,20.0,Kế toán
135869,SKH,ke-toan,D07,Điểm học bạ,2023,20.0,Kế toán
135870,SKH,ke-toan,A00,Điểm thi THPT,2023,15.0,Kế toán
135871,SKH,ke-toan,A01,Điểm thi THPT,2023,15.0,Kế toán
135872,SKH,ke-toan,D01,Điểm thi THPT,2023,15.0,Kế toán
135873,SKH,ke-toan,D07,Điểm thi THPT,2023,15.0,Kế toán
135874,SKH,ke-toan,A00,Điểm học bạ,2024,23.0,Kế toán
135875,SKH,ke-toan,A01,Điểm học bạ,2024,23.0,Kế toán
135876,SKH,ke-toan,D01,Điểm học bạ,2024,23.0,Kế toán
135877,SKH,ke-toan,D07,Điểm học bạ,2024,23.0,Kế toán
135878,SKH,ke-toan,A00,Điểm thi THPT,2024,16.0,Kế toán
135879,SKH,ke-toan,A01,Điểm thi THPT,2024,16.0,Kế toán
135880,SKH,ke-toan,D01,Điểm thi THPT,2024,16.0,Kế toán
135881,SKH,ke-toan,D07,Điểm thi THPT,2024,16.0,Kế toán
135882,SKH,ke-toan,A00,Điểm học bạ,2025,20.83,Kế toán
135883,SKH,ke-toan,A01,Điểm học bạ,2025,20.83,Kế toán
135884,SKH,ke-toan,D01,Điểm học bạ,2025,20.83,Kế toán
135885,SKH,ke-toan,D07,Điểm học bạ,2025,20.83,Kế toán
135886,SKH,ke-toan,A00,Điểm thi THPT,2025,15.0,Kế toán
135887,SKH,ke-toan,A01,Điểm thi THPT,2025,15.0,Kế toán
135888,SKH,ke-toan,D01,Điểm thi THPT,2025,15.0,Kế toán
135889,SKH,ke-toan,D07,Điểm thi THPT,2025,15.0,Kế toán
135890,SKH,khoa-hoc-may-tinh,A00,Điểm học bạ,2021,20.0,Khoa học máy tính
135891,SKH,khoa-hoc-may-tinh,A01,Điểm học bạ,2021,20.0,Khoa học máy tính
135892,SKH,khoa-hoc-may-tinh,D01,Điểm học bạ,2021,20.0,Khoa học máy tính
135893,SKH,khoa-hoc-may-tinh,D07,Điểm học bạ,2021,20.0,Khoa học máy tính
135894,SKH,khoa-hoc-may-tinh,A00,Điểm thi THPT,2021,18.0,Khoa học máy tính
135895,SKH,khoa-hoc-may-tinh,A01,Điểm thi THPT,2021,18.0,Khoa học máy tính
135896,SKH,khoa-hoc-may-tinh,D01,Điểm thi THPT,2021,18.0,Khoa học máy tính
135897,SKH,khoa-hoc-may-tinh,D07,Điểm thi THPT,2021,18.0,Khoa học máy tính
135898,SKH,khoa-hoc-may-tinh,A00,Điểm thi THPT,2022,17.0,Khoa học máy tính
135899,SKH,khoa-hoc-may-tinh,A01,Điểm thi THPT,2022,17.0,Khoa học máy tính
135900,SKH,khoa-hoc-may-tinh,D01,Điểm thi THPT,2022,17.0,Khoa học máy tính
135901,SKH,khoa-hoc-may-tinh,D07,Điểm thi THPT,2022,17.0,Khoa học máy tính
135902,SKH,khoa-hoc-may-tinh,K00,Điểm thi THPT,2022,17.0,Khoa học máy tính
135903,SKH,khoa-hoc-may-tinh,K01,Điểm thi THPT,2022,17.0,Khoa học máy tính
135904,SKH,khoa-hoc-may-tinh,Q00,Điểm thi THPT,2022,17.0,Khoa học máy tính
135905,SKH,khoa-hoc-may-tinh,A00,Điểm học bạ,2023,25.0,Khoa học máy tính
135906,SKH,khoa-hoc-may-tinh,A01,Điểm học bạ,2023,25.0,Khoa học máy tính
135907,SKH,khoa-hoc-may-tinh,D01,Điểm học bạ,2023,25.0,Khoa học máy tính
135908,SKH,khoa-hoc-may-tinh,D07,Điểm học bạ,2023,25.0,Khoa học máy tính
135909,SKH,khoa-hoc-may-tinh,A00,Điểm thi THPT,2023,17.0,Khoa học máy tính
135910,SKH,khoa-hoc-may-tinh,A01,Điểm thi THPT,2023,17.0,Khoa học máy tính
135911,SKH,khoa-hoc-may-tinh,D01,Điểm thi THPT,2023,17.0,Khoa học máy tính
135912,SKH,khoa-hoc-may-tinh,D07,Điểm thi THPT,2023,17.0,Khoa học máy tính
135913,SKH,khoa-hoc-may-tinh,A00,Điểm học bạ,2024,25.0,Khoa học máy tính
135914,SKH,khoa-hoc-may-tinh,A01,Điểm học bạ,2024,25.0,Khoa học máy tính
135915,SKH,khoa-hoc-may-tinh,D01,Điểm học bạ,2024,25.0,Khoa học máy tính
135916,SKH,khoa-hoc-may-tinh,D07,Điểm học bạ,2024,25.0,Khoa học máy tính
135917,SKH,khoa-hoc-may-tinh,A00,Điểm thi THPT,2024,17.0,Khoa học máy tính
135918,SKH,khoa-hoc-may-tinh,A01,Điểm thi THPT,2024,17.0,Khoa học máy tính
135919,SKH,khoa-hoc-may-tinh,D01,Điểm thi THPT,2024,17.0,Khoa học máy tính
135920,SKH,khoa-hoc-may-tinh,D07,Điểm thi THPT,2024,17.0,Khoa học máy tính
135921,SKH,khoa-hoc-may-tinh,A00,Điểm học bạ,2025,21.67,Khoa học máy tính
135922,SKH,khoa-hoc-may-tinh,A01,Điểm học bạ,2025,21.67,Khoa học máy tính
135923,SKH,khoa-hoc-may-tinh,D01,Điểm học bạ,2025,21.67,Khoa học máy tính
135924,SKH,khoa-hoc-may-tinh,D07,Điểm học bạ,2025,21.67,Khoa học máy tính
135925,SKH,khoa-hoc-may-tinh,A00,Điểm thi THPT,2025,16.0,Khoa học máy tính
135926,SKH,khoa-hoc-may-tinh,A01,Điểm thi THPT,2025,16.0,Khoa học máy tính
135927,SKH,khoa-hoc-may-tinh,D01,Điểm thi THPT,2025,16.0,Khoa học máy tính
135928,SKH,khoa-hoc-may-tinh,D07,Điểm thi THPT,2025,16.0,Khoa học máy tính
135929,SKH,kinh-doanh-thoi-trang-va-det-may,A00,Điểm học bạ,2021,18.0,Kinh doanh thời trang và dệt may
135930,SKH,kinh-doanh-thoi-trang-va-det-may,A01,Điểm học bạ,2021,18.0,Kinh doanh thời trang và dệt may
135931,SKH,kinh-doanh-thoi-trang-va-det-may,D01,Điểm học bạ,2021,18.0,Kinh doanh thời trang và dệt may
135932,SKH,kinh-doanh-thoi-trang-va-det-may,D07,Điểm học bạ,2021,18.0,Kinh doanh thời trang và dệt may
135933,SKH,kinh-doanh-thoi-trang-va-det-may,A00,Điểm thi THPT,2021,16.0,Kinh doanh thời trang và dệt may
135934,SKH,kinh-doanh-thoi-trang-va-det-may,A01,Điểm thi THPT,2021,16.0,Kinh doanh thời trang và dệt may
135935,SKH,kinh-doanh-thoi-trang-va-det-may,D01,Điểm thi THPT,2021,16.0,Kinh doanh thời trang và dệt may
135936,SKH,kinh-doanh-thoi-trang-va-det-may,D07,Điểm thi THPT,2021,16.0,Kinh doanh thời trang và dệt may
135937,SKH,kinh-doanh-thoi-trang-va-det-may,A00,Điểm học bạ,2022,19.0,Kinh doanh thời trang và dệt may
135938,SKH,kinh-doanh-thoi-trang-va-det-may,A01,Điểm học bạ,2022,19.0,Kinh doanh thời trang và dệt may
135939,SKH,kinh-doanh-thoi-trang-va-det-may,D01,Điểm học bạ,2022,19.0,Kinh doanh thời trang và dệt may
135940,SKH,kinh-doanh-thoi-trang-va-det-may,D07,Điểm học bạ,2022,19.0,Kinh doanh thời trang và dệt may
135941,SKH,kinh-doanh-thoi-trang-va-det-may,A00,Điểm thi THPT,2022,15.0,Kinh doanh thời trang và dệt may
135942,SKH,kinh-doanh-thoi-trang-va-det-may,A01,Điểm thi THPT,2022,15.0,Kinh doanh thời trang và dệt may
135943,SKH,kinh-doanh-thoi-trang-va-det-may,D01,Điểm thi THPT,2022,15.0,Kinh doanh thời trang và dệt may
135944,SKH,kinh-doanh-thoi-trang-va-det-may,D07,Điểm thi THPT,2022,15.0,Kinh doanh thời trang và dệt may
135945,SKH,kinh-doanh-thoi-trang-va-det-may,A00,Điểm học bạ,2023,19.0,Kinh doanh thời trang và dệt may
135946,SKH,kinh-doanh-thoi-trang-va-det-may,A01,Điểm học bạ,2023,19.0,Kinh doanh thời trang và dệt may
135947,SKH,kinh-doanh-thoi-trang-va-det-may,D01,Điểm học bạ,2023,19.0,Kinh doanh thời trang và dệt may
135948,SKH,kinh-doanh-thoi-trang-va-det-may,D07,Điểm học bạ,2023,19.0,Kinh doanh thời trang và dệt may
135949,SKH,kinh-doanh-thoi-trang-va-det-may,A00,Điểm thi THPT,2023,15.0,Kinh doanh thời trang và dệt may
135950,SKH,kinh-doanh-thoi-trang-va-det-may,A01,Điểm thi THPT,2023,15.0,Kinh doanh thời trang và dệt may
135951,SKH,kinh-doanh-thoi-trang-va-det-may,D01,Điểm thi THPT,2023,15.0,Kinh doanh thời trang và dệt may
135952,SKH,kinh-doanh-thoi-trang-va-det-may,D07,Điểm thi THPT,2023,15.0,Kinh doanh thời trang và dệt may
135953,SKH,kinh-doanh-thoi-trang-va-det-may,A00,Điểm học bạ,2024,21.0,Kinh doanh thời trang và Dệt may
135954,SKH,kinh-doanh-thoi-trang-va-det-may,A01,Điểm học bạ,2024,21.0,Kinh doanh thời trang và Dệt may
135955,SKH,kinh-doanh-thoi-trang-va-det-may,D01,Điểm học bạ,2024,21.0,Kinh doanh thời trang và Dệt may
135956,SKH,kinh-doanh-thoi-trang-va-det-may,D07,Điểm học bạ,2024,21.0,Kinh doanh thời trang và Dệt may
135957,SKH,kinh-doanh-thoi-trang-va-det-may,A00,Điểm thi THPT,2024,15.0,Kinh doanh thời trang và Dệt may
135958,SKH,kinh-doanh-thoi-trang-va-det-may,A01,Điểm thi THPT,2024,15.0,Kinh doanh thời trang và Dệt may
135959,SKH,kinh-doanh-thoi-trang-va-det-may,D01,Điểm thi THPT,2024,15.0,Kinh doanh thời trang và Dệt may
135960,SKH,kinh-doanh-thoi-trang-va-det-may,D07,Điểm thi THPT,2024,15.0,Kinh doanh thời trang và Dệt may
135961,SKH,kinh-doanh-thoi-trang-va-det-may,A00,Điểm học bạ,2025,20.83,Kinh doanh thời trang và Dệt may
135962,SKH,kinh-doanh-thoi-trang-va-det-may,A01,Điểm học bạ,2025,20.83,Kinh doanh thời trang và Dệt may
135963,SKH,kinh-doanh-thoi-trang-va-det-may,D01,Điểm học bạ,2025,20.83,Kinh doanh thời trang và Dệt may
135964,SKH,kinh-doanh-thoi-trang-va-det-may,D07,Điểm học bạ,2025,20.83,Kinh doanh thời trang và Dệt may
135965,SKH,kinh-doanh-thoi-trang-va-det-may,A00,Điểm thi THPT,2025,15.0,Kinh doanh thời trang và Dệt may
135966,SKH,kinh-doanh-thoi-trang-va-det-may,A01,Điểm thi THPT,2025,15.0,Kinh doanh thời trang và Dệt may
135967,SKH,kinh-doanh-thoi-trang-va-det-may,D01,Điểm thi THPT,2025,15.0,Kinh doanh thời trang và Dệt may
135968,SKH,kinh-doanh-thoi-trang-va-det-may,D07,Điểm thi THPT,2025,15.0,Kinh doanh thời trang và Dệt may
135969,SKH,kinh-te,A00,Điểm học bạ,2021,18.0,Kinh tế
135970,SKH,kinh-te,A01,Điểm học bạ,2021,18.0,Kinh tế
135971,SKH,kinh-te,D01,Điểm học bạ,2021,18.0,Kinh tế
135972,SKH,kinh-te,D07,Điểm học bạ,2021,18.0,Kinh tế
135973,SKH,kinh-te,A00,Điểm thi THPT,2021,16.0,Kinh tế
135974,SKH,kinh-te,A01,Điểm thi THPT,2021,16.0,Kinh tế
135975,SKH,kinh-te,D01,Điểm thi THPT,2021,16.0,Kinh tế
135976,SKH,kinh-te,D07,Điểm thi THPT,2021,16.0,Kinh tế
135977,SKH,kinh-te,A00,Điểm học bạ,2022,19.0,Kinh tế
135978,SKH,kinh-te,A01,Điểm học bạ,2022,19.0,Kinh tế
135979,SKH,kinh-te,D01,Điểm học bạ,2022,19.0,Kinh tế
135980,SKH,kinh-te,D07,Điểm học bạ,2022,19.0,Kinh tế
135981,SKH,kinh-te,A00,Điểm thi THPT,2022,15.0,Kinh tế
135982,SKH,kinh-te,A01,Điểm thi THPT,2022,15.0,Kinh tế
135983,SKH,kinh-te,D01,Điểm thi THPT,2022,15.0,Kinh tế
135984,SKH,kinh-te,D07,Điểm thi THPT,2022,15.0,Kinh tế
135985,SKH,kinh-te,A00,Điểm học bạ,2023,19.0,Kinh tế
135986,SKH,kinh-te,A01,Điểm học bạ,2023,19.0,Kinh tế
135987,SKH,kinh-te,D01,Điểm học bạ,2023,19.0,Kinh tế
135988,SKH,kinh-te,D07,Điểm học bạ,2023,19.0,Kinh tế
135989,SKH,kinh-te,A00,Điểm thi THPT,2023,15.0,Kinh tế
135990,SKH,kinh-te,A01,Điểm thi THPT,2023,15.0,Kinh tế
135991,SKH,kinh-te,D01,Điểm thi THPT,2023,15.0,Kinh tế
135992,SKH,kinh-te,D07,Điểm thi THPT,2023,15.0,Kinh tế
135993,SKH,kinh-te,A00,Điểm học bạ,2024,21.0,Kinh tế
135994,SKH,kinh-te,A01,Điểm học bạ,2024,21.0,Kinh tế
135995,SKH,kinh-te,D01,Điểm học bạ,2024,21.0,Kinh tế
135996,SKH,kinh-te,D07,Điểm học bạ,2024,21.0,Kinh tế
135997,SKH,kinh-te,A00,Điểm thi THPT,2024,15.0,Kinh tế
135998,SKH,kinh-te,A01,Điểm thi THPT,2024,15.0,Kinh tế
135999,SKH,kinh-te,D01,Điểm thi THPT,2024,15.0,Kinh tế
136000,SKH,kinh-te,D07,Điểm thi THPT,2024,15.0,Kinh tế
136001,SKH,kinh-te,A00,Điểm học bạ,2025,23.17,Kinh tế
136002,SKH,kinh-te,A01,Điểm học bạ,2025,23.17,Kinh tế
136003,SKH,kinh-te,D01,Điểm học bạ,2025,23.17,Kinh tế
136004,SKH,kinh-te,D07,Điểm học bạ,2025,23.17,Kinh tế
136005,SKH,kinh-te,A00,Điểm thi THPT,2025,18.0,Kinh tế
136006,SKH,kinh-te,A01,Điểm thi THPT,2025,18.0,Kinh tế
136007,SKH,kinh-te,D01,Điểm thi THPT,2025,18.0,Kinh tế
136008,SKH,kinh-te,D07,Điểm thi THPT,2025,18.0,Kinh tế
136009,SKH,ky-thuat-he-thong-cong-nghiep,A00,Điểm học bạ,2021,18.0,Kỹ thuật hệ thống công nghiệp
136010,SKH,ky-thuat-he-thong-cong-nghiep,A01,Điểm học bạ,2021,18.0,Kỹ thuật hệ thống công nghiệp
136011,SKH,ky-thuat-he-thong-cong-nghiep,D01,Điểm học bạ,2021,18.0,Kỹ thuật hệ thống công nghiệp
136012,SKH,ky-thuat-he-thong-cong-nghiep,D07,Điểm học bạ,2021,18.0,Kỹ thuật hệ thống công nghiệp
136013,SKH,ky-thuat-he-thong-cong-nghiep,A00,Điểm thi THPT,2021,16.0,Kỹ thuật hệ thống công nghiệp
136014,SKH,ky-thuat-he-thong-cong-nghiep,A01,Điểm thi THPT,2021,16.0,Kỹ thuật hệ thống công nghiệp
136015,SKH,ky-thuat-he-thong-cong-nghiep,D01,Điểm thi THPT,2021,16.0,Kỹ thuật hệ thống công nghiệp
136016,SKH,ky-thuat-he-thong-cong-nghiep,D07,Điểm thi THPT,2021,16.0,Kỹ thuật hệ thống công nghiệp
136017,SKH,ky-thuat-he-thong-cong-nghiep,A00,Điểm học bạ,2022,19.0,Kỹ thuật hệ thống công nghiệp
136018,SKH,ky-thuat-he-thong-cong-nghiep,A01,Điểm học bạ,2022,19.0,Kỹ thuật hệ thống công nghiệp
136019,SKH,ky-thuat-he-thong-cong-nghiep,D01,Điểm học bạ,2022,19.0,Kỹ thuật hệ thống công nghiệp
136020,SKH,ky-thuat-he-thong-cong-nghiep,D07,Điểm học bạ,2022,19.0,Kỹ thuật hệ thống công nghiệp
136021,SKH,ky-thuat-he-thong-cong-nghiep,A00,Điểm thi THPT,2022,15.0,Kỹ thuật hệ thống công nghiệp
136022,SKH,ky-thuat-he-thong-cong-nghiep,A01,Điểm thi THPT,2022,15.0,Kỹ thuật hệ thống công nghiệp
136023,SKH,ky-thuat-he-thong-cong-nghiep,D01,Điểm thi THPT,2022,15.0,Kỹ thuật hệ thống công nghiệp
136024,SKH,ky-thuat-he-thong-cong-nghiep,D07,Điểm thi THPT,2022,15.0,Kỹ thuật hệ thống công nghiệp
136025,SKH,ky-thuat-he-thong-cong-nghiep,A00,Điểm học bạ,2023,19.0,Kỹ thuật hệ thống công nghiệp
136026,SKH,ky-thuat-he-thong-cong-nghiep,A01,Điểm học bạ,2023,19.0,Kỹ thuật hệ thống công nghiệp
136027,SKH,ky-thuat-he-thong-cong-nghiep,D01,Điểm học bạ,2023,19.0,Kỹ thuật hệ thống công nghiệp
136028,SKH,ky-thuat-he-thong-cong-nghiep,D07,Điểm học bạ,2023,19.0,Kỹ thuật hệ thống công nghiệp
136029,SKH,ky-thuat-he-thong-cong-nghiep,A00,Điểm thi THPT,2023,15.0,Kỹ thuật hệ thống công nghiệp
136030,SKH,ky-thuat-he-thong-cong-nghiep,A01,Điểm thi THPT,2023,15.0,Kỹ thuật hệ thống công nghiệp
136031,SKH,ky-thuat-he-thong-cong-nghiep,D01,Điểm thi THPT,2023,15.0,Kỹ thuật hệ thống công nghiệp
136032,SKH,ky-thuat-he-thong-cong-nghiep,D07,Điểm thi THPT,2023,15.0,Kỹ thuật hệ thống công nghiệp
136033,SKH,ky-thuat-he-thong-cong-nghiep,A00,Điểm học bạ,2024,21.0,Kỹ thuật hệ thống công nghiệp
136034,SKH,ky-thuat-he-thong-cong-nghiep,A01,Điểm học bạ,2024,21.0,Kỹ thuật hệ thống công nghiệp
136035,SKH,ky-thuat-he-thong-cong-nghiep,D01,Điểm học bạ,2024,21.0,Kỹ thuật hệ thống công nghiệp
136036,SKH,ky-thuat-he-thong-cong-nghiep,D07,Điểm học bạ,2024,21.0,Kỹ thuật hệ thống công nghiệp
136037,SKH,ky-thuat-he-thong-cong-nghiep,A00,Điểm thi THPT,2024,15.0,Kỹ thuật hệ thống công nghiệp
136038,SKH,ky-thuat-he-thong-cong-nghiep,A01,Điểm thi THPT,2024,15.0,Kỹ thuật hệ thống công nghiệp
136039,SKH,ky-thuat-he-thong-cong-nghiep,D01,Điểm thi THPT,2024,15.0,Kỹ thuật hệ thống công nghiệp
136040,SKH,ky-thuat-he-thong-cong-nghiep,D07,Điểm thi THPT,2024,15.0,Kỹ thuật hệ thống công nghiệp
136041,SKH,ky-thuat-he-thong-cong-nghiep,A00,Điểm học bạ,2025,20.83,Kỹ thuật hệ thống công nghiệp
136042,SKH,ky-thuat-he-thong-cong-nghiep,A01,Điểm học bạ,2025,20.83,Kỹ thuật hệ thống công nghiệp
136043,SKH,ky-thuat-he-thong-cong-nghiep,D01,Điểm học bạ,2025,20.83,Kỹ thuật hệ thống công nghiệp
136044,SKH,ky-thuat-he-thong-cong-nghiep,D07,Điểm học bạ,2025,20.83,Kỹ thuật hệ thống công nghiệp
136045,SKH,ky-thuat-he-thong-cong-nghiep,A00,Điểm thi THPT,2025,15.0,Kỹ thuật hệ thống công nghiệp
136046,SKH,ky-thuat-he-thong-cong-nghiep,A01,Điểm thi THPT,2025,15.0,Kỹ thuật hệ thống công nghiệp
136047,SKH,ky-thuat-he-thong-cong-nghiep,D01,Điểm thi THPT,2025,15.0,Kỹ thuật hệ thống công nghiệp
136048,SKH,ky-thuat-he-thong-cong-nghiep,D07,Điểm thi THPT,2025,15.0,Kỹ thuật hệ thống công nghiệp
136049,SKH,ky-thuat-phan-mem,A00,Điểm học bạ,2021,20.0,Kỹ thuật phần mềm
136050,SKH,ky-thuat-phan-mem,A01,Điểm học bạ,2021,20.0,Kỹ thuật phần mềm
136051,SKH,ky-thuat-phan-mem,D01,Điểm học bạ,2021,20.0,Kỹ thuật phần mềm
136052,SKH,ky-thuat-phan-mem,D07,Điểm học bạ,2021,20.0,Kỹ thuật phần mềm
136053,SKH,ky-thuat-phan-mem,A00,Điểm thi THPT,2021,18.0,Kỹ thuật phần mềm
136054,SKH,ky-thuat-phan-mem,A01,Điểm thi THPT,2021,18.0,Kỹ thuật phần mềm
136055,SKH,ky-thuat-phan-mem,D01,Điểm thi THPT,2021,18.0,Kỹ thuật phần mềm
136056,SKH,ky-thuat-phan-mem,D07,Điểm thi THPT,2021,18.0,Kỹ thuật phần mềm
136057,SKH,ky-thuat-phan-mem,A00,Điểm học bạ,2022,24.0,Kỹ thuật phần mềm
136058,SKH,ky-thuat-phan-mem,A01,Điểm học bạ,2022,24.0,Kỹ thuật phần mềm
136059,SKH,ky-thuat-phan-mem,D01,Điểm học bạ,2022,24.0,Kỹ thuật phần mềm
136060,SKH,ky-thuat-phan-mem,D07,Điểm học bạ,2022,24.0,Kỹ thuật phần mềm
136061,SKH,ky-thuat-phan-mem,K00,Điểm học bạ,2022,24.0,Kỹ thuật phần mềm
136062,SKH,ky-thuat-phan-mem,K01,Điểm học bạ,2022,24.0,Kỹ thuật phần mềm
136063,SKH,ky-thuat-phan-mem,Q00,Điểm học bạ,2022,24.0,Kỹ thuật phần mềm
136064,SKH,ky-thuat-phan-mem,A00,Điểm thi THPT,2022,17.0,Kỹ thuật phần mềm
136065,SKH,ky-thuat-phan-mem,A01,Điểm thi THPT,2022,17.0,Kỹ thuật phần mềm
136066,SKH,ky-thuat-phan-mem,D01,Điểm thi THPT,2022,17.0,Kỹ thuật phần mềm
136067,SKH,ky-thuat-phan-mem,D07,Điểm thi THPT,2022,17.0,Kỹ thuật phần mềm
136068,SKH,ky-thuat-phan-mem,K00,Điểm thi THPT,2022,17.0,Kỹ thuật phần mềm
136069,SKH,ky-thuat-phan-mem,K01,Điểm thi THPT,2022,17.0,Kỹ thuật phần mềm
136070,SKH,ky-thuat-phan-mem,Q00,Điểm thi THPT,2022,17.0,Kỹ thuật phần mềm
136071,SKH,ky-thuat-phan-mem,A00,Điểm học bạ,2023,25.0,Kỹ thuật phần mềm
136072,SKH,ky-thuat-phan-mem,A01,Điểm học bạ,2023,25.0,Kỹ thuật phần mềm
136073,SKH,ky-thuat-phan-mem,D01,Điểm học bạ,2023,25.0,Kỹ thuật phần mềm
136074,SKH,ky-thuat-phan-mem,D07,Điểm học bạ,2023,25.0,Kỹ thuật phần mềm
136075,SKH,ky-thuat-phan-mem,A00,Điểm thi THPT,2023,17.0,Kỹ thuật phần mềm
136076,SKH,ky-thuat-phan-mem,A01,Điểm thi THPT,2023,17.0,Kỹ thuật phần mềm
136077,SKH,ky-thuat-phan-mem,D01,Điểm thi THPT,2023,17.0,Kỹ thuật phần mềm
136078,SKH,ky-thuat-phan-mem,D07,Điểm thi THPT,2023,17.0,Kỹ thuật phần mềm
136079,SKH,ky-thuat-phan-mem,A00,Điểm học bạ,2024,25.0,Kỹ thuật phần mềm
136080,SKH,ky-thuat-phan-mem,A01,Điểm học bạ,2024,25.0,Kỹ thuật phần mềm
136081,SKH,ky-thuat-phan-mem,D01,Điểm học bạ,2024,25.0,Kỹ thuật phần mềm
136082,SKH,ky-thuat-phan-mem,D07,Điểm học bạ,2024,25.0,Kỹ thuật phần mềm
136083,SKH,ky-thuat-phan-mem,A00,Điểm thi THPT,2024,17.0,Kỹ thuật phần mềm
136084,SKH,ky-thuat-phan-mem,A01,Điểm thi THPT,2024,17.0,Kỹ thuật phần mềm
136085,SKH,ky-thuat-phan-mem,D01,Điểm thi THPT,2024,17.0,Kỹ thuật phần mềm
136086,SKH,ky-thuat-phan-mem,D07,Điểm thi THPT,2024,17.0,Kỹ thuật phần mềm
136087,SKH,ky-thuat-phan-mem,A00,Điểm học bạ,2025,21.67,Kỹ thuật phần mềm
136088,SKH,ky-thuat-phan-mem,A01,Điểm học bạ,2025,21.67,Kỹ thuật phần mềm
136089,SKH,ky-thuat-phan-mem,D01,Điểm học bạ,2025,21.67,Kỹ thuật phần mềm
136090,SKH,ky-thuat-phan-mem,D07,Điểm học bạ,2025,21.67,Kỹ thuật phần mềm
136091,SKH,ky-thuat-phan-mem,A00,Điểm thi THPT,2025,16.0,Kỹ thuật phần mềm
136092,SKH,ky-thuat-phan-mem,A01,Điểm thi THPT,2025,16.0,Kỹ thuật phần mềm
136093,SKH,ky-thuat-phan-mem,D01,Điểm thi THPT,2025,16.0,Kỹ thuật phần mềm
136094,SKH,ky-thuat-phan-mem,D07,Điểm thi THPT,2025,16.0,Kỹ thuật phần mềm
136095,SKH,ky-thuat-robot,A00,Điểm học bạ,2025,20.83,Kỹ thuật Robot
136096,SKH,ky-thuat-robot,A01,Điểm học bạ,2025,20.83,Kỹ thuật Robot
136097,SKH,ky-thuat-robot,D01,Điểm học bạ,2025,20.83,Kỹ thuật Robot
136098,SKH,ky-thuat-robot,D07,Điểm học bạ,2025,20.83,Kỹ thuật Robot
136099,SKH,ky-thuat-robot,A00,Điểm thi THPT,2025,15.0,Kỹ thuật Robot
136100,SKH,ky-thuat-robot,A01,Điểm thi THPT,2025,15.0,Kỹ thuật Robot
136101,SKH,ky-thuat-robot,D01,Điểm thi THPT,2025,15.0,Kỹ thuật Robot
136102,SKH,ky-thuat-robot,D07,Điểm thi THPT,2025,15.0,Kỹ thuật Robot
136103,SKH,ngon-ngu-anh,A01,Điểm học bạ,2021,18.0,Ngôn ngữ Anh
136104,SKH,ngon-ngu-anh,D01,Điểm học bạ,2021,18.0,Ngôn ngữ Anh
136105,SKH,ngon-ngu-anh,D09,Điểm học bạ,2021,18.0,Ngôn ngữ Anh
136106,SKH,ngon-ngu-anh,D10,Điểm học bạ,2021,18.0,Ngôn ngữ Anh
136107,SKH,ngon-ngu-anh,A01,Điểm thi THPT,2021,16.0,Ngôn ngữ Anh
136108,SKH,ngon-ngu-anh,D01,Điểm thi THPT,2021,16.0,Ngôn ngữ Anh
136109,SKH,ngon-ngu-anh,D09,Điểm thi THPT,2021,16.0,Ngôn ngữ Anh
136110,SKH,ngon-ngu-anh,D10,Điểm thi THPT,2021,16.0,Ngôn ngữ Anh
136111,SKH,ngon-ngu-anh,A00,Điểm học bạ,2022,19.0,Ngôn ngữ Anh
136112,SKH,ngon-ngu-anh,A01,Điểm học bạ,2022,19.0,Ngôn ngữ Anh
136113,SKH,ngon-ngu-anh,D07,Điểm học bạ,2022,19.0,Ngôn ngữ Anh
136114,SKH,ngon-ngu-anh,D09,Điểm học bạ,2022,19.0,Ngôn ngữ Anh
136115,SKH,ngon-ngu-anh,A00,Điểm thi THPT,2022,15.0,Ngôn ngữ Anh
136116,SKH,ngon-ngu-anh,A01,Điểm thi THPT,2022,15.0,Ngôn ngữ Anh
136117,SKH,ngon-ngu-anh,D07,Điểm thi THPT,2022,15.0,Ngôn ngữ Anh
136118,SKH,ngon-ngu-anh,D09,Điểm thi THPT,2022,15.0,Ngôn ngữ Anh
136119,SKH,ngon-ngu-anh,A01,Điểm học bạ,2023,20.0,Ngôn ngữ Anh
136120,SKH,ngon-ngu-anh,D01,Điểm học bạ,2023,20.0,Ngôn ngữ Anh
136121,SKH,ngon-ngu-anh,D09,Điểm học bạ,2023,20.0,Ngôn ngữ Anh
136122,SKH,ngon-ngu-anh,D10,Điểm học bạ,2023,20.0,Ngôn ngữ Anh
136123,SKH,ngon-ngu-anh,A01,Điểm thi THPT,2023,15.0,Ngôn ngữ Anh
136124,SKH,ngon-ngu-anh,D01,Điểm thi THPT,2023,15.0,Ngôn ngữ Anh
136125,SKH,ngon-ngu-anh,D09,Điểm thi THPT,2023,15.0,Ngôn ngữ Anh
136126,SKH,ngon-ngu-anh,D10,Điểm thi THPT,2023,15.0,Ngôn ngữ Anh
136127,SKH,ngon-ngu-anh,A01,Điểm học bạ,2024,21.75,Ngôn ngữ Anh
136128,SKH,ngon-ngu-anh,D01,Điểm học bạ,2024,21.75,Ngôn ngữ Anh
136129,SKH,ngon-ngu-anh,D09,Điểm học bạ,2024,21.75,Ngôn ngữ Anh
136130,SKH,ngon-ngu-anh,D10,Điểm học bạ,2024,21.75,Ngôn ngữ Anh
136131,SKH,ngon-ngu-anh,A01,Điểm thi THPT,2024,15.5,Ngôn ngữ Anh
136132,SKH,ngon-ngu-anh,D01,Điểm thi THPT,2024,15.5,Ngôn ngữ Anh
136133,SKH,ngon-ngu-anh,D09,Điểm thi THPT,2024,15.5,Ngôn ngữ Anh
136134,SKH,ngon-ngu-anh,D10,Điểm thi THPT,2024,15.5,Ngôn ngữ Anh
136135,SKH,ngon-ngu-anh,A01,Điểm học bạ,2025,20.83,Ngôn ngữ Anh
136136,SKH,ngon-ngu-anh,D01,Điểm học bạ,2025,20.83,Ngôn ngữ Anh
136137,SKH,ngon-ngu-anh,D09,Điểm học bạ,2025,20.83,Ngôn ngữ Anh
136138,SKH,ngon-ngu-anh,D10,Điểm học bạ,2025,20.83,Ngôn ngữ Anh
136139,SKH,ngon-ngu-anh,A01,Điểm thi THPT,2025,15.0,Ngôn ngữ Anh
136140,SKH,ngon-ngu-anh,D01,Điểm thi THPT,2025,15.0,Ngôn ngữ Anh
136141,SKH,ngon-ngu-anh,D09,Điểm thi THPT,2025,15.0,Ngôn ngữ Anh
136142,SKH,ngon-ngu-anh,D10,Điểm thi THPT,2025,15.0,Ngôn ngữ Anh
136143,SKH,ngon-ngu-trung-quoc,A01,Điểm học bạ,2024,27.0,Ngôn ngữ Trung Quốc
136144,SKH,ngon-ngu-trung-quoc,D01,Điểm học bạ,2024,27.0,Ngôn ngữ Trung Quốc
136145,SKH,ngon-ngu-trung-quoc,D09,Điểm học bạ,2024,27.0,Ngôn ngữ Trung Quốc
136146,SKH,ngon-ngu-trung-quoc,D10,Điểm học bạ,2024,27.0,Ngôn ngữ Trung Quốc
136147,SKH,ngon-ngu-trung-quoc,A01,Điểm thi THPT,2024,22.0,Ngôn ngữ Trung Quốc
136148,SKH,ngon-ngu-trung-quoc,D01,Điểm thi THPT,2024,22.0,Ngôn ngữ Trung Quốc
136149,SKH,ngon-ngu-trung-quoc,D09,Điểm thi THPT,2024,22.0,Ngôn ngữ Trung Quốc
136150,SKH,ngon-ngu-trung-quoc,D10,Điểm thi THPT,2024,22.0,Ngôn ngữ Trung Quốc
136151,SKH,ngon-ngu-trung-quoc,A01,Điểm học bạ,2025,25.83,Ngôn ngữ Trung Quốc
136152,SKH,ngon-ngu-trung-quoc,D01,Điểm học bạ,2025,25.83,Ngôn ngữ Trung Quốc
136153,SKH,ngon-ngu-trung-quoc,D04,Điểm học bạ,2025,25.83,Ngôn ngữ Trung Quốc
136154,SKH,ngon-ngu-trung-quoc,D10,Điểm học bạ,2025,25.83,Ngôn ngữ Trung Quốc
136155,SKH,ngon-ngu-trung-quoc,A01,Điểm thi THPT,2025,22.0,Ngôn ngữ Trung Quốc
136156,SKH,ngon-ngu-trung-quoc,D01,Điểm thi THPT,2025,22.0,Ngôn ngữ Trung Quốc
136157,SKH,ngon-ngu-trung-quoc,D04,Điểm thi THPT,2025,22.0,Ngôn ngữ Trung Quốc
136158,SKH,ngon-ngu-trung-quoc,D10,Điểm thi THPT,2025,22.0,Ngôn ngữ Trung Quốc
136159,SKH,quan-tri-kinh-doanh,A00,Điểm học bạ,2021,18.0,Quản trị kinh doanh
136160,SKH,quan-tri-kinh-doanh,A01,Điểm học bạ,2021,18.0,Quản trị kinh doanh
136161,SKH,quan-tri-kinh-doanh,D01,Điểm học bạ,2021,18.0,Quản trị kinh doanh
136162,SKH,quan-tri-kinh-doanh,D07,Điểm học bạ,2021,18.0,Quản trị kinh doanh
136163,SKH,quan-tri-kinh-doanh,A00,Điểm thi THPT,2021,16.0,Quản trị kinh doanh
136164,SKH,quan-tri-kinh-doanh,A01,Điểm thi THPT,2021,16.0,Quản trị kinh doanh
136165,SKH,quan-tri-kinh-doanh,D01,Điểm thi THPT,2021,16.0,Quản trị kinh doanh
136166,SKH,quan-tri-kinh-doanh,D07,Điểm thi THPT,2021,16.0,Quản trị kinh doanh
136167,SKH,quan-tri-kinh-doanh,A00,Điểm học bạ,2022,19.0,Quản trị kinh doanh
136168,SKH,quan-tri-kinh-doanh,A01,Điểm học bạ,2022,19.0,Quản trị kinh doanh
136169,SKH,quan-tri-kinh-doanh,D01,Điểm học bạ,2022,19.0,Quản trị kinh doanh
136170,SKH,quan-tri-kinh-doanh,D07,Điểm học bạ,2022,19.0,Quản trị kinh doanh
136171,SKH,quan-tri-kinh-doanh,A00,Điểm thi THPT,2022,15.0,Quản trị kinh doanh
136172,SKH,quan-tri-kinh-doanh,A01,Điểm thi THPT,2022,15.0,Quản trị kinh doanh
136173,SKH,quan-tri-kinh-doanh,D01,Điểm thi THPT,2022,15.0,Quản trị kinh doanh
136174,SKH,quan-tri-kinh-doanh,D07,Điểm thi THPT,2022,15.0,Quản trị kinh doanh
136175,SKH,quan-tri-kinh-doanh,A00,Điểm học bạ,2023,20.0,Quản trị kinh doanh
136176,SKH,quan-tri-kinh-doanh,A01,Điểm học bạ,2023,20.0,Quản trị kinh doanh
136177,SKH,quan-tri-kinh-doanh,D01,Điểm học bạ,2023,20.0,Quản trị kinh doanh
136178,SKH,quan-tri-kinh-doanh,D07,Điểm học bạ,2023,20.0,Quản trị kinh doanh
136179,SKH,quan-tri-kinh-doanh,A00,Điểm thi THPT,2023,15.0,Quản trị kinh doanh
136180,SKH,quan-tri-kinh-doanh,A01,Điểm thi THPT,2023,15.0,Quản trị kinh doanh
136181,SKH,quan-tri-kinh-doanh,D01,Điểm thi THPT,2023,15.0,Quản trị kinh doanh
136182,SKH,quan-tri-kinh-doanh,D07,Điểm thi THPT,2023,15.0,Quản trị kinh doanh
136183,SKH,quan-tri-kinh-doanh,A00,Điểm học bạ,2024,23.0,Quản trị kinh doanh
136184,SKH,quan-tri-kinh-doanh,A01,Điểm học bạ,2024,23.0,Quản trị kinh doanh
136185,SKH,quan-tri-kinh-doanh,D01,Điểm học bạ,2024,23.0,Quản trị kinh doanh
136186,SKH,quan-tri-kinh-doanh,D07,Điểm học bạ,2024,23.0,Quản trị kinh doanh
136187,SKH,quan-tri-kinh-doanh,A00,Điểm thi THPT,2024,16.0,Quản trị kinh doanh
136188,SKH,quan-tri-kinh-doanh,A01,Điểm thi THPT,2024,16.0,Quản trị kinh doanh
136189,SKH,quan-tri-kinh-doanh,D01,Điểm thi THPT,2024,16.0,Quản trị kinh doanh
136190,SKH,quan-tri-kinh-doanh,D07,Điểm thi THPT,2024,16.0,Quản trị kinh doanh
136191,SKH,quan-tri-kinh-doanh,A00,Điểm học bạ,2025,20.83,Quản trị kinh doanh
136192,SKH,quan-tri-kinh-doanh,A01,Điểm học bạ,2025,20.83,Quản trị kinh doanh
136193,SKH,quan-tri-kinh-doanh,D01,Điểm học bạ,2025,20.83,Quản trị kinh doanh
136194,SKH,quan-tri-kinh-doanh,D07,Điểm học bạ,2025,20.83,Quản trị kinh doanh
136195,SKH,quan-tri-kinh-doanh,A00,Điểm thi THPT,2025,15.0,Quản trị kinh doanh
136196,SKH,quan-tri-kinh-doanh,A01,Điểm thi THPT,2025,15.0,Quản trị kinh doanh
136197,SKH,quan-tri-kinh-doanh,D01,Điểm thi THPT,2025,15.0,Quản trị kinh doanh
136198,SKH,quan-tri-kinh-doanh,D07,Điểm thi THPT,2025,15.0,Quản trị kinh doanh
136199,SKH,su-pham-cong-nghe,A00,Điểm học bạ,2021,24.0,Sư phạm công nghệ
136200,SKH,su-pham-cong-nghe,A01,Điểm học bạ,2021,24.0,Sư phạm công nghệ
136201,SKH,su-pham-cong-nghe,D01,Điểm học bạ,2021,24.0,Sư phạm công nghệ
136202,SKH,su-pham-cong-nghe,D07,Điểm học bạ,2021,24.0,Sư phạm công nghệ
136203,SKH,su-pham-cong-nghe,A00,Điểm thi THPT,2021,19.0,Sư phạm công nghệ
136204,SKH,su-pham-cong-nghe,A01,Điểm thi THPT,2021,19.0,Sư phạm công nghệ
136205,SKH,su-pham-cong-nghe,D01,Điểm thi THPT,2021,19.0,Sư phạm công nghệ
136206,SKH,su-pham-cong-nghe,D07,Điểm thi THPT,2021,19.0,Sư phạm công nghệ
136207,SKH,su-pham-cong-nghe,A00,Điểm học bạ,2022,25.0,Sư phạm công nghệ
136208,SKH,su-pham-cong-nghe,A01,Điểm học bạ,2022,25.0,Sư phạm công nghệ
136209,SKH,su-pham-cong-nghe,D01,Điểm học bạ,2022,25.0,Sư phạm công nghệ
136210,SKH,su-pham-cong-nghe,D07,Điểm học bạ,2022,25.0,Sư phạm công nghệ
136211,SKH,su-pham-cong-nghe,A00,Điểm thi THPT,2022,23.0,Sư phạm công nghệ
136212,SKH,su-pham-cong-nghe,A01,Điểm thi THPT,2022,23.0,Sư phạm công nghệ
136213,SKH,su-pham-cong-nghe,D01,Điểm thi THPT,2022,23.0,Sư phạm công nghệ
136214,SKH,su-pham-cong-nghe,D07,Điểm thi THPT,2022,23.0,Sư phạm công nghệ
136215,SKH,su-pham-cong-nghe,A00,Điểm học bạ,2023,29.0,Sư phạm công nghệ
136216,SKH,su-pham-cong-nghe,A01,Điểm học bạ,2023,29.0,Sư phạm công nghệ
136217,SKH,su-pham-cong-nghe,D01,Điểm học bạ,2023,29.0,Sư phạm công nghệ
136218,SKH,su-pham-cong-nghe,D07,Điểm học bạ,2023,29.0,Sư phạm công nghệ
136219,SKH,su-pham-cong-nghe,A00,Điểm thi THPT,2023,26.0,Sư phạm công nghệ
136220,SKH,su-pham-cong-nghe,A01,Điểm thi THPT,2023,26.0,Sư phạm công nghệ
136221,SKH,su-pham-cong-nghe,D01,Điểm thi THPT,2023,26.0,Sư phạm công nghệ
136222,SKH,su-pham-cong-nghe,D07,Điểm thi THPT,2023,26.0,Sư phạm công nghệ
136223,SKH,su-pham-cong-nghe,A00,Điểm học bạ,2024,26.5,Sư phạm công nghệ
136224,SKH,su-pham-cong-nghe,A01,Điểm học bạ,2024,26.5,Sư phạm công nghệ
136225,SKH,su-pham-cong-nghe,D01,Điểm học bạ,2024,26.5,Sư phạm công nghệ
136226,SKH,su-pham-cong-nghe,D07,Điểm học bạ,2024,26.5,Sư phạm công nghệ
136227,SKH,su-pham-cong-nghe,A00,Điểm thi THPT,2024,19.0,Sư phạm công nghệ
136228,SKH,su-pham-cong-nghe,A01,Điểm thi THPT,2024,19.0,Sư phạm công nghệ
136229,SKH,su-pham-cong-nghe,D01,Điểm thi THPT,2024,19.0,Sư phạm công nghệ
136230,SKH,su-pham-cong-nghe,D07,Điểm thi THPT,2024,19.0,Sư phạm công nghệ
136231,SKH,su-pham-cong-nghe,A00,Điểm học bạ,2025,26.5,Sư phạm công nghệ
136232,SKH,su-pham-cong-nghe,A01,Điểm học bạ,2025,26.5,Sư phạm công nghệ
136233,SKH,su-pham-cong-nghe,D01,Điểm học bạ,2025,26.5,Sư phạm công nghệ
136234,SKH,su-pham-cong-nghe,D07,Điểm học bạ,2025,26.5,Sư phạm công nghệ
136235,SKH,su-pham-cong-nghe,A00,Điểm thi THPT,2025,23.0,Sư phạm công nghệ
136236,SKH,su-pham-cong-nghe,A01,Điểm thi THPT,2025,23.0,Sư phạm công nghệ
136237,SKH,su-pham-cong-nghe,D01,Điểm thi THPT,2025,23.0,Sư phạm công nghệ
136238,SKH,su-pham-cong-nghe,D07,Điểm thi THPT,2025,23.0,Sư phạm công nghệ
136239,SKH,su-pham-tieng-anh,A01,Điểm học bạ,2021,24.0,Sư phạm Tiếng Anh
136240,SKH,su-pham-tieng-anh,D01,Điểm học bạ,2021,24.0,Sư phạm Tiếng Anh
136241,SKH,su-pham-tieng-anh,D09,Điểm học bạ,2021,24.0,Sư phạm Tiếng Anh
136242,SKH,su-pham-tieng-anh,D10,Điểm học bạ,2021,24.0,Sư phạm Tiếng Anh
136243,SKH,su-pham-tieng-anh,A01,Điểm thi THPT,2021,19.0,Sư phạm Tiếng Anh
136244,SKH,su-pham-tieng-anh,D01,Điểm thi THPT,2021,19.0,Sư phạm Tiếng Anh
136245,SKH,su-pham-tieng-anh,D09,Điểm thi THPT,2021,19.0,Sư phạm Tiếng Anh
136246,SKH,su-pham-tieng-anh,D10,Điểm thi THPT,2021,19.0,Sư phạm Tiếng Anh
136247,SKH,su-pham-tieng-anh,A01,Điểm học bạ,2023,27.0,Sư phạm tiếng Anh
136248,SKH,su-pham-tieng-anh,D01,Điểm học bạ,2023,27.0,Sư phạm tiếng Anh
136249,SKH,su-pham-tieng-anh,D09,Điểm học bạ,2023,27.0,Sư phạm tiếng Anh
136250,SKH,su-pham-tieng-anh,D10,Điểm học bạ,2023,27.0,Sư phạm tiếng Anh
136251,SKH,su-pham-tieng-anh,A01,Điểm thi THPT,2023,22.0,Sư phạm tiếng Anh
136252,SKH,su-pham-tieng-anh,D01,Điểm thi THPT,2023,22.0,Sư phạm tiếng Anh
136253,SKH,su-pham-tieng-anh,D09,Điểm thi THPT,2023,22.0,Sư phạm tiếng Anh
136254,SKH,su-pham-tieng-anh,D10,Điểm thi THPT,2023,22.0,Sư phạm tiếng Anh
136255,SKH,su-pham-tieng-anh,A00,Điểm học bạ,2024,28.5,Sư phạm tiếng Anh
136256,SKH,su-pham-tieng-anh,A01,Điểm học bạ,2024,28.5,Sư phạm tiếng Anh
136257,SKH,su-pham-tieng-anh,D01,Điểm học bạ,2024,28.5,Sư phạm tiếng Anh
136258,SKH,su-pham-tieng-anh,D07,Điểm học bạ,2024,28.5,Sư phạm tiếng Anh
136259,SKH,su-pham-tieng-anh,A01,Điểm thi THPT,2024,24.75,Sư phạm tiếng Anh
136260,SKH,su-pham-tieng-anh,D01,Điểm thi THPT,2024,24.75,Sư phạm tiếng Anh
136261,SKH,su-pham-tieng-anh,D09,Điểm thi THPT,2024,24.75,Sư phạm tiếng Anh
136262,SKH,su-pham-tieng-anh,D10,Điểm thi THPT,2024,24.75,Sư phạm tiếng Anh
136263,SKH,su-pham-tieng-anh,A01,Điểm học bạ,2025,28.51,Sư phạm Tiếng Anh
136264,SKH,su-pham-tieng-anh,D01,Điểm học bạ,2025,28.51,Sư phạm Tiếng Anh
136265,SKH,su-pham-tieng-anh,D09,Điểm học bạ,2025,28.51,Sư phạm Tiếng Anh
136266,SKH,su-pham-tieng-anh,D10,Điểm học bạ,2025,28.51,Sư phạm Tiếng Anh
136267,SKH,su-pham-tieng-anh,A01,Điểm thi THPT,2025,26.7,Sư phạm Tiếng Anh
136268,SKH,su-pham-tieng-anh,D01,Điểm thi THPT,2025,26.7,Sư phạm Tiếng Anh
136269,SKH,su-pham-tieng-anh,D09,Điểm thi THPT,2025,26.7,Sư phạm Tiếng Anh
136270,SKH,su-pham-tieng-anh,D10,Điểm thi THPT,2025,26.7,Sư phạm Tiếng Anh
136271,SKN,cong-nghe-che-tao-may,A00,Điểm học bạ,2021,15.0,Công nghệ chế tạo máy
136272,SKN,cong-nghe-che-tao-may,A01,Điểm học bạ,2021,15.0,Công nghệ chế tạo máy
136273,SKN,cong-nghe-che-tao-may,B00,Điểm học bạ,2021,15.0,Công nghệ chế tạo máy
136274,SKN,cong-nghe-che-tao-may,D01,Điểm học bạ,2021,15.0,Công nghệ chế tạo máy
136275,SKN,cong-nghe-che-tao-may,D02,Điểm học bạ,2021,15.0,Công nghệ chế tạo máy
136276,SKN,cong-nghe-che-tao-may,D03,Điểm học bạ,2021,15.0,Công nghệ chế tạo máy
136277,SKN,cong-nghe-che-tao-may,D04,Điểm học bạ,2021,15.0,Công nghệ chế tạo máy
136278,SKN,cong-nghe-che-tao-may,D05,Điểm học bạ,2021,15.0,Công nghệ chế tạo máy
136279,SKN,cong-nghe-che-tao-may,D06,Điểm học bạ,2021,15.0,Công nghệ chế tạo máy
136280,SKN,cong-nghe-che-tao-may,A00,Điểm thi THPT,2021,15.0,Công nghệ chế tạo máy
136281,SKN,cong-nghe-che-tao-may,A01,Điểm thi THPT,2021,15.0,Công nghệ chế tạo máy
136282,SKN,cong-nghe-che-tao-may,B00,Điểm thi THPT,2021,15.0,Công nghệ chế tạo máy
136283,SKN,cong-nghe-che-tao-may,D01,Điểm thi THPT,2021,15.0,Công nghệ chế tạo máy
136284,SKN,cong-nghe-che-tao-may,D02,Điểm thi THPT,2021,15.0,Công nghệ chế tạo máy
136285,SKN,cong-nghe-che-tao-may,D03,Điểm thi THPT,2021,15.0,Công nghệ chế tạo máy
136286,SKN,cong-nghe-che-tao-may,D04,Điểm thi THPT,2021,15.0,Công nghệ chế tạo máy
136287,SKN,cong-nghe-che-tao-may,D05,Điểm thi THPT,2021,15.0,Công nghệ chế tạo máy
136288,SKN,cong-nghe-che-tao-may,D06,Điểm thi THPT,2021,15.0,Công nghệ chế tạo máy
136289,SKN,cong-nghe-che-tao-may,A00,Điểm học bạ,2023,16.0,Công nghẹ chế tạo máy
136290,SKN,cong-nghe-che-tao-may,A01,Điểm học bạ,2023,16.0,Công nghẹ chế tạo máy
136291,SKN,cong-nghe-che-tao-may,B00,Điểm học bạ,2023,16.0,Công nghẹ chế tạo máy
136292,SKN,cong-nghe-che-tao-may,D01,Điểm học bạ,2023,16.0,Công nghẹ chế tạo máy
136293,SKN,cong-nghe-che-tao-may,D02,Điểm học bạ,2023,16.0,Công nghẹ chế tạo máy
136294,SKN,cong-nghe-che-tao-may,D03,Điểm học bạ,2023,16.0,Công nghẹ chế tạo máy
136295,SKN,cong-nghe-che-tao-may,D04,Điểm học bạ,2023,16.0,Công nghẹ chế tạo máy
136296,SKN,cong-nghe-che-tao-may,D05,Điểm học bạ,2023,16.0,Công nghẹ chế tạo máy
136297,SKN,cong-nghe-che-tao-may,D06,Điểm học bạ,2023,16.0,Công nghẹ chế tạo máy
136298,SKN,cong-nghe-che-tao-may,A00,Điểm thi THPT,2023,16.0,Công nghẹ chế tạo máy
136299,SKN,cong-nghe-che-tao-may,A01,Điểm thi THPT,2023,16.0,Công nghẹ chế tạo máy
136300,SKN,cong-nghe-che-tao-may,B00,Điểm thi THPT,2023,16.0,Công nghẹ chế tạo máy
136301,SKN,cong-nghe-che-tao-may,D01,Điểm thi THPT,2023,16.0,Công nghẹ chế tạo máy
136302,SKN,cong-nghe-che-tao-may,D02,Điểm thi THPT,2023,16.0,Công nghẹ chế tạo máy
136303,SKN,cong-nghe-che-tao-may,D03,Điểm thi THPT,2023,16.0,Công nghẹ chế tạo máy
136304,SKN,cong-nghe-che-tao-may,D04,Điểm thi THPT,2023,16.0,Công nghẹ chế tạo máy
136305,SKN,cong-nghe-che-tao-may,D05,Điểm thi THPT,2023,16.0,Công nghẹ chế tạo máy
136306,SKN,cong-nghe-che-tao-may,D06,Điểm thi THPT,2023,16.0,Công nghẹ chế tạo máy
136307,SKN,cong-nghe-che-tao-may,A00,Điểm học bạ,2024,18.0,Công nghệ chế tạo máy
136308,SKN,cong-nghe-che-tao-may,A01,Điểm học bạ,2024,18.0,Công nghệ chế tạo máy
136309,SKN,cong-nghe-che-tao-may,B00,Điểm học bạ,2024,18.0,Công nghệ chế tạo máy
136310,SKN,cong-nghe-che-tao-may,D01,Điểm học bạ,2024,18.0,Công nghệ chế tạo máy
136311,SKN,cong-nghe-che-tao-may,D02,Điểm học bạ,2024,18.0,Công nghệ chế tạo máy
136312,SKN,cong-nghe-che-tao-may,D03,Điểm học bạ,2024,18.0,Công nghệ chế tạo máy
136313,SKN,cong-nghe-che-tao-may,D04,Điểm học bạ,2024,18.0,Công nghệ chế tạo máy
136314,SKN,cong-nghe-che-tao-may,D05,Điểm học bạ,2024,18.0,Công nghệ chế tạo máy
136315,SKN,cong-nghe-che-tao-may,D06,Điểm học bạ,2024,18.0,Công nghệ chế tạo máy
136316,SKN,cong-nghe-che-tao-may,A00,Điểm thi THPT,2024,16.0,Công nghệ chế tạo máy
136317,SKN,cong-nghe-che-tao-may,A01,Điểm thi THPT,2024,16.0,Công nghệ chế tạo máy
136318,SKN,cong-nghe-che-tao-may,B00,Điểm thi THPT,2024,16.0,Công nghệ chế tạo máy
136319,SKN,cong-nghe-che-tao-may,D01,Điểm thi THPT,2024,16.0,Công nghệ chế tạo máy
136320,SKN,cong-nghe-che-tao-may,D02,Điểm thi THPT,2024,16.0,Công nghệ chế tạo máy
136321,SKN,cong-nghe-che-tao-may,D03,Điểm thi THPT,2024,16.0,Công nghệ chế tạo máy
136322,SKN,cong-nghe-che-tao-may,D04,Điểm thi THPT,2024,16.0,Công nghệ chế tạo máy
136323,SKN,cong-nghe-che-tao-may,D05,Điểm thi THPT,2024,16.0,Công nghệ chế tạo máy
136324,SKN,cong-nghe-che-tao-may,D06,Điểm thi THPT,2024,16.0,Công nghệ chế tạo máy
136325,SKN,cong-nghe-che-tao-may,A00,Điểm học bạ,2025,17.0,Công nghệ chế tạo máy
136326,SKN,cong-nghe-che-tao-may,A01,Điểm học bạ,2025,17.0,Công nghệ chế tạo máy
136327,SKN,cong-nghe-che-tao-may,B00,Điểm học bạ,2025,17.0,Công nghệ chế tạo máy
136328,SKN,cong-nghe-che-tao-may,C01,Điểm học bạ,2025,17.0,Công nghệ chế tạo máy
136329,SKN,cong-nghe-che-tao-may,C03,Điểm học bạ,2025,17.0,Công nghệ chế tạo máy
136330,SKN,cong-nghe-che-tao-may,D01,Điểm học bạ,2025,17.0,Công nghệ chế tạo máy
136331,SKN,cong-nghe-che-tao-may,D02,Điểm học bạ,2025,17.0,Công nghệ chế tạo máy
136332,SKN,cong-nghe-che-tao-may,D03,Điểm học bạ,2025,17.0,Công nghệ chế tạo máy
136333,SKN,cong-nghe-che-tao-may,D04,Điểm học bạ,2025,17.0,Công nghệ chế tạo máy
136334,SKN,cong-nghe-che-tao-may,D05,Điểm học bạ,2025,17.0,Công nghệ chế tạo máy
136335,SKN,cong-nghe-che-tao-may,D06,Điểm học bạ,2025,17.0,Công nghệ chế tạo máy
136336,SKN,cong-nghe-che-tao-may,D07,Điểm học bạ,2025,17.0,Công nghệ chế tạo máy
136337,SKN,cong-nghe-che-tao-may,D21,Điểm học bạ,2025,17.0,Công nghệ chế tạo máy
136338,SKN,cong-nghe-che-tao-may,D22,Điểm học bạ,2025,17.0,Công nghệ chế tạo máy
136339,SKN,cong-nghe-che-tao-may,D23,Điểm học bạ,2025,17.0,Công nghệ chế tạo máy
136340,SKN,cong-nghe-che-tao-may,D24,Điểm học bạ,2025,17.0,Công nghệ chế tạo máy
136341,SKN,cong-nghe-che-tao-may,D25,Điểm học bạ,2025,17.0,Công nghệ chế tạo máy
136342,SKN,cong-nghe-che-tao-may,D26,Điểm học bạ,2025,17.0,Công nghệ chế tạo máy
136343,SKN,cong-nghe-che-tao-may,D27,Điểm học bạ,2025,17.0,Công nghệ chế tạo máy
136344,SKN,cong-nghe-che-tao-may,D28,Điểm học bạ,2025,17.0,Công nghệ chế tạo máy
136345,SKN,cong-nghe-che-tao-may,D29,Điểm học bạ,2025,17.0,Công nghệ chế tạo máy
136346,SKN,cong-nghe-che-tao-may,D30,Điểm học bạ,2025,17.0,Công nghệ chế tạo máy
136347,SKN,cong-nghe-che-tao-may,X02,Điểm học bạ,2025,17.0,Công nghệ chế tạo máy
136348,SKN,cong-nghe-che-tao-may,X03,Điểm học bạ,2025,17.0,Công nghệ chế tạo máy
136349,SKN,cong-nghe-che-tao-may,X07,Điểm học bạ,2025,17.0,Công nghệ chế tạo máy
136350,SKN,cong-nghe-che-tao-may,A00,Điểm thi THPT,2025,14.0,Công nghệ chế tạo máy
136351,SKN,cong-nghe-che-tao-may,A01,Điểm thi THPT,2025,14.0,Công nghệ chế tạo máy
136352,SKN,cong-nghe-che-tao-may,B00,Điểm thi THPT,2025,14.0,Công nghệ chế tạo máy
136353,SKN,cong-nghe-che-tao-may,C01,Điểm thi THPT,2025,14.0,Công nghệ chế tạo máy
136354,SKN,cong-nghe-che-tao-may,C03,Điểm thi THPT,2025,14.0,Công nghệ chế tạo máy
136355,SKN,cong-nghe-che-tao-may,D01,Điểm thi THPT,2025,14.0,Công nghệ chế tạo máy
136356,SKN,cong-nghe-che-tao-may,D02,Điểm thi THPT,2025,14.0,Công nghệ chế tạo máy
136357,SKN,cong-nghe-che-tao-may,D03,Điểm thi THPT,2025,14.0,Công nghệ chế tạo máy
136358,SKN,cong-nghe-che-tao-may,D04,Điểm thi THPT,2025,14.0,Công nghệ chế tạo máy
136359,SKN,cong-nghe-che-tao-may,D05,Điểm thi THPT,2025,14.0,Công nghệ chế tạo máy
136360,SKN,cong-nghe-che-tao-may,D06,Điểm thi THPT,2025,14.0,Công nghệ chế tạo máy
136361,SKN,cong-nghe-che-tao-may,D07,Điểm thi THPT,2025,14.0,Công nghệ chế tạo máy
136362,SKN,cong-nghe-che-tao-may,D21,Điểm thi THPT,2025,14.0,Công nghệ chế tạo máy
136363,SKN,cong-nghe-che-tao-may,D22,Điểm thi THPT,2025,14.0,Công nghệ chế tạo máy
136364,SKN,cong-nghe-che-tao-may,D23,Điểm thi THPT,2025,14.0,Công nghệ chế tạo máy
136365,SKN,cong-nghe-che-tao-may,D24,Điểm thi THPT,2025,14.0,Công nghệ chế tạo máy
136366,SKN,cong-nghe-che-tao-may,D25,Điểm thi THPT,2025,14.0,Công nghệ chế tạo máy
136367,SKN,cong-nghe-che-tao-may,D26,Điểm thi THPT,2025,14.0,Công nghệ chế tạo máy
136368,SKN,cong-nghe-che-tao-may,D27,Điểm thi THPT,2025,14.0,Công nghệ chế tạo máy
136369,SKN,cong-nghe-che-tao-may,D28,Điểm thi THPT,2025,14.0,Công nghệ chế tạo máy
136370,SKN,cong-nghe-che-tao-may,D29,Điểm thi THPT,2025,14.0,Công nghệ chế tạo máy
136371,SKN,cong-nghe-che-tao-may,D30,Điểm thi THPT,2025,14.0,Công nghệ chế tạo máy
136372,SKN,cong-nghe-che-tao-may,X02,Điểm thi THPT,2025,14.0,Công nghệ chế tạo máy
136373,SKN,cong-nghe-che-tao-may,X03,Điểm thi THPT,2025,14.0,Công nghệ chế tạo máy
136374,SKN,cong-nghe-che-tao-may,X07,Điểm thi THPT,2025,14.0,Công nghệ chế tạo máy
136375,SKN,cong-nghe-dien-lanh-va-dieu-hoa-khong-khi,A00,Điểm học bạ,2023,16.0,Công nghệ điện lạnh và điều hoà không khí
136376,SKN,cong-nghe-dien-lanh-va-dieu-hoa-khong-khi,A01,Điểm học bạ,2023,16.0,Công nghệ điện lạnh và điều hoà không khí
136377,SKN,cong-nghe-dien-lanh-va-dieu-hoa-khong-khi,B00,Điểm học bạ,2023,16.0,Công nghệ điện lạnh và điều hoà không khí
136378,SKN,cong-nghe-dien-lanh-va-dieu-hoa-khong-khi,D01,Điểm học bạ,2023,16.0,Công nghệ điện lạnh và điều hoà không khí
136379,SKN,cong-nghe-dien-lanh-va-dieu-hoa-khong-khi,D02,Điểm học bạ,2023,16.0,Công nghệ điện lạnh và điều hoà không khí
136380,SKN,cong-nghe-dien-lanh-va-dieu-hoa-khong-khi,D03,Điểm học bạ,2023,16.0,Công nghệ điện lạnh và điều hoà không khí
136381,SKN,cong-nghe-dien-lanh-va-dieu-hoa-khong-khi,D04,Điểm học bạ,2023,16.0,Công nghệ điện lạnh và điều hoà không khí
136382,SKN,cong-nghe-dien-lanh-va-dieu-hoa-khong-khi,D05,Điểm học bạ,2023,16.0,Công nghệ điện lạnh và điều hoà không khí
136383,SKN,cong-nghe-dien-lanh-va-dieu-hoa-khong-khi,D06,Điểm học bạ,2023,16.0,Công nghệ điện lạnh và điều hoà không khí
136384,SKN,cong-nghe-dien-lanh-va-dieu-hoa-khong-khi,A00,Điểm thi THPT,2023,16.0,Công nghệ điện lạnh và điều hoà không khí
136385,SKN,cong-nghe-dien-lanh-va-dieu-hoa-khong-khi,A01,Điểm thi THPT,2023,16.0,Công nghệ điện lạnh và điều hoà không khí
136386,SKN,cong-nghe-dien-lanh-va-dieu-hoa-khong-khi,B00,Điểm thi THPT,2023,16.0,Công nghệ điện lạnh và điều hoà không khí
136387,SKN,cong-nghe-dien-lanh-va-dieu-hoa-khong-khi,D01,Điểm thi THPT,2023,16.0,Công nghệ điện lạnh và điều hoà không khí
136388,SKN,cong-nghe-dien-lanh-va-dieu-hoa-khong-khi,D02,Điểm thi THPT,2023,16.0,Công nghệ điện lạnh và điều hoà không khí
136389,SKN,cong-nghe-dien-lanh-va-dieu-hoa-khong-khi,D03,Điểm thi THPT,2023,16.0,Công nghệ điện lạnh và điều hoà không khí
136390,SKN,cong-nghe-dien-lanh-va-dieu-hoa-khong-khi,D04,Điểm thi THPT,2023,16.0,Công nghệ điện lạnh và điều hoà không khí
136391,SKN,cong-nghe-dien-lanh-va-dieu-hoa-khong-khi,D05,Điểm thi THPT,2023,16.0,Công nghệ điện lạnh và điều hoà không khí
136392,SKN,cong-nghe-dien-lanh-va-dieu-hoa-khong-khi,D06,Điểm thi THPT,2023,16.0,Công nghệ điện lạnh và điều hoà không khí
136393,SKN,cong-nghe-dien-lanh-va-dieu-hoa-khong-khi,A00,Điểm học bạ,2024,18.0,Công nghệ điện lạnh và điều hoà không khí (chuyên ngành)
136394,SKN,cong-nghe-dien-lanh-va-dieu-hoa-khong-khi,A01,Điểm học bạ,2024,18.0,Công nghệ điện lạnh và điều hoà không khí (chuyên ngành)
136395,SKN,cong-nghe-dien-lanh-va-dieu-hoa-khong-khi,B00,Điểm học bạ,2024,18.0,Công nghệ điện lạnh và điều hoà không khí (chuyên ngành)
136396,SKN,cong-nghe-dien-lanh-va-dieu-hoa-khong-khi,D01,Điểm học bạ,2024,18.0,Công nghệ điện lạnh và điều hoà không khí (chuyên ngành)
136397,SKN,cong-nghe-dien-lanh-va-dieu-hoa-khong-khi,D02,Điểm học bạ,2024,18.0,Công nghệ điện lạnh và điều hoà không khí (chuyên ngành)
136398,SKN,cong-nghe-dien-lanh-va-dieu-hoa-khong-khi,D03,Điểm học bạ,2024,18.0,Công nghệ điện lạnh và điều hoà không khí (chuyên ngành)
136399,SKN,cong-nghe-dien-lanh-va-dieu-hoa-khong-khi,D04,Điểm học bạ,2024,18.0,Công nghệ điện lạnh và điều hoà không khí (chuyên ngành)
136400,SKN,cong-nghe-dien-lanh-va-dieu-hoa-khong-khi,D05,Điểm học bạ,2024,18.0,Công nghệ điện lạnh và điều hoà không khí (chuyên ngành)
136401,SKN,cong-nghe-dien-lanh-va-dieu-hoa-khong-khi,D06,Điểm học bạ,2024,18.0,Công nghệ điện lạnh và điều hoà không khí (chuyên ngành)
136402,SKN,cong-nghe-dien-lanh-va-dieu-hoa-khong-khi,A00,Điểm thi THPT,2024,16.0,Công nghệ điện lạnh và điều hoà không khí (chuyên ngành)
136403,SKN,cong-nghe-dien-lanh-va-dieu-hoa-khong-khi,A01,Điểm thi THPT,2024,16.0,Công nghệ điện lạnh và điều hoà không khí (chuyên ngành)
136404,SKN,cong-nghe-dien-lanh-va-dieu-hoa-khong-khi,B00,Điểm thi THPT,2024,16.0,Công nghệ điện lạnh và điều hoà không khí (chuyên ngành)
136405,SKN,cong-nghe-dien-lanh-va-dieu-hoa-khong-khi,D01,Điểm thi THPT,2024,16.0,Công nghệ điện lạnh và điều hoà không khí (chuyên ngành)
136406,SKN,cong-nghe-dien-lanh-va-dieu-hoa-khong-khi,D02,Điểm thi THPT,2024,16.0,Công nghệ điện lạnh và điều hoà không khí (chuyên ngành)
136407,SKN,cong-nghe-dien-lanh-va-dieu-hoa-khong-khi,D03,Điểm thi THPT,2024,16.0,Công nghệ điện lạnh và điều hoà không khí (chuyên ngành)
136408,SKN,cong-nghe-dien-lanh-va-dieu-hoa-khong-khi,D04,Điểm thi THPT,2024,16.0,Công nghệ điện lạnh và điều hoà không khí (chuyên ngành)
136409,SKN,cong-nghe-dien-lanh-va-dieu-hoa-khong-khi,D05,Điểm thi THPT,2024,16.0,Công nghệ điện lạnh và điều hoà không khí (chuyên ngành)
136410,SKN,cong-nghe-dien-lanh-va-dieu-hoa-khong-khi,D06,Điểm thi THPT,2024,16.0,Công nghệ điện lạnh và điều hoà không khí (chuyên ngành)
136411,SKN,cong-nghe-dien-lanh-va-dieu-hoa-khong-khi,A00,Điểm học bạ,2025,17.0,"Công nghệ kỹ thuật điện, điện tử (Chuyên ngành Công nghệ điện lạnh và điều hòa không khí)"
136412,SKN,cong-nghe-dien-lanh-va-dieu-hoa-khong-khi,A01,Điểm học bạ,2025,17.0,"Công nghệ kỹ thuật điện, điện tử (Chuyên ngành Công nghệ điện lạnh và điều hòa không khí)"
136413,SKN,cong-nghe-dien-lanh-va-dieu-hoa-khong-khi,B00,Điểm học bạ,2025,17.0,"Công nghệ kỹ thuật điện, điện tử (Chuyên ngành Công nghệ điện lạnh và điều hòa không khí)"
136414,SKN,cong-nghe-dien-lanh-va-dieu-hoa-khong-khi,C01,Điểm học bạ,2025,17.0,"Công nghệ kỹ thuật điện, điện tử (Chuyên ngành Công nghệ điện lạnh và điều hòa không khí)"
136415,SKN,cong-nghe-dien-lanh-va-dieu-hoa-khong-khi,C03,Điểm học bạ,2025,17.0,"Công nghệ kỹ thuật điện, điện tử (Chuyên ngành Công nghệ điện lạnh và điều hòa không khí)"
136416,SKN,cong-nghe-dien-lanh-va-dieu-hoa-khong-khi,D01,Điểm học bạ,2025,17.0,"Công nghệ kỹ thuật điện, điện tử (Chuyên ngành Công nghệ điện lạnh và điều hòa không khí)"
136417,SKN,cong-nghe-dien-lanh-va-dieu-hoa-khong-khi,D02,Điểm học bạ,2025,17.0,"Công nghệ kỹ thuật điện, điện tử (Chuyên ngành Công nghệ điện lạnh và điều hòa không khí)"
136418,SKN,cong-nghe-dien-lanh-va-dieu-hoa-khong-khi,D03,Điểm học bạ,2025,17.0,"Công nghệ kỹ thuật điện, điện tử (Chuyên ngành Công nghệ điện lạnh và điều hòa không khí)"
136419,SKN,cong-nghe-dien-lanh-va-dieu-hoa-khong-khi,D04,Điểm học bạ,2025,17.0,"Công nghệ kỹ thuật điện, điện tử (Chuyên ngành Công nghệ điện lạnh và điều hòa không khí)"
136420,SKN,cong-nghe-dien-lanh-va-dieu-hoa-khong-khi,D05,Điểm học bạ,2025,17.0,"Công nghệ kỹ thuật điện, điện tử (Chuyên ngành Công nghệ điện lạnh và điều hòa không khí)"
136421,SKN,cong-nghe-dien-lanh-va-dieu-hoa-khong-khi,D06,Điểm học bạ,2025,17.0,"Công nghệ kỹ thuật điện, điện tử (Chuyên ngành Công nghệ điện lạnh và điều hòa không khí)"
136422,SKN,cong-nghe-dien-lanh-va-dieu-hoa-khong-khi,D07,Điểm học bạ,2025,17.0,"Công nghệ kỹ thuật điện, điện tử (Chuyên ngành Công nghệ điện lạnh và điều hòa không khí)"
136423,SKN,cong-nghe-dien-lanh-va-dieu-hoa-khong-khi,D21,Điểm học bạ,2025,17.0,"Công nghệ kỹ thuật điện, điện tử (Chuyên ngành Công nghệ điện lạnh và điều hòa không khí)"
136424,SKN,cong-nghe-dien-lanh-va-dieu-hoa-khong-khi,D22,Điểm học bạ,2025,17.0,"Công nghệ kỹ thuật điện, điện tử (Chuyên ngành Công nghệ điện lạnh và điều hòa không khí)"
136425,SKN,cong-nghe-dien-lanh-va-dieu-hoa-khong-khi,D23,Điểm học bạ,2025,17.0,"Công nghệ kỹ thuật điện, điện tử (Chuyên ngành Công nghệ điện lạnh và điều hòa không khí)"
136426,SKN,cong-nghe-dien-lanh-va-dieu-hoa-khong-khi,D24,Điểm học bạ,2025,17.0,"Công nghệ kỹ thuật điện, điện tử (Chuyên ngành Công nghệ điện lạnh và điều hòa không khí)"
136427,SKN,cong-nghe-dien-lanh-va-dieu-hoa-khong-khi,D25,Điểm học bạ,2025,17.0,"Công nghệ kỹ thuật điện, điện tử (Chuyên ngành Công nghệ điện lạnh và điều hòa không khí)"
136428,SKN,cong-nghe-dien-lanh-va-dieu-hoa-khong-khi,D26,Điểm học bạ,2025,17.0,"Công nghệ kỹ thuật điện, điện tử (Chuyên ngành Công nghệ điện lạnh và điều hòa không khí)"
136429,SKN,cong-nghe-dien-lanh-va-dieu-hoa-khong-khi,D27,Điểm học bạ,2025,17.0,"Công nghệ kỹ thuật điện, điện tử (Chuyên ngành Công nghệ điện lạnh và điều hòa không khí)"
136430,SKN,cong-nghe-dien-lanh-va-dieu-hoa-khong-khi,D28,Điểm học bạ,2025,17.0,"Công nghệ kỹ thuật điện, điện tử (Chuyên ngành Công nghệ điện lạnh và điều hòa không khí)"
136431,SKN,cong-nghe-dien-lanh-va-dieu-hoa-khong-khi,D29,Điểm học bạ,2025,17.0,"Công nghệ kỹ thuật điện, điện tử (Chuyên ngành Công nghệ điện lạnh và điều hòa không khí)"
136432,SKN,cong-nghe-dien-lanh-va-dieu-hoa-khong-khi,D30,Điểm học bạ,2025,17.0,"Công nghệ kỹ thuật điện, điện tử (Chuyên ngành Công nghệ điện lạnh và điều hòa không khí)"
136433,SKN,cong-nghe-dien-lanh-va-dieu-hoa-khong-khi,X02,Điểm học bạ,2025,17.0,"Công nghệ kỹ thuật điện, điện tử (Chuyên ngành Công nghệ điện lạnh và điều hòa không khí)"
136434,SKN,cong-nghe-dien-lanh-va-dieu-hoa-khong-khi,X03,Điểm học bạ,2025,17.0,"Công nghệ kỹ thuật điện, điện tử (Chuyên ngành Công nghệ điện lạnh và điều hòa không khí)"
136435,SKN,cong-nghe-dien-lanh-va-dieu-hoa-khong-khi,X07,Điểm học bạ,2025,17.0,"Công nghệ kỹ thuật điện, điện tử (Chuyên ngành Công nghệ điện lạnh và điều hòa không khí)"
136436,SKN,cong-nghe-dien-lanh-va-dieu-hoa-khong-khi,A00,Điểm thi THPT,2025,14.0,"Công nghệ kỹ thuật điện, điện tử (Chuyên ngành Công nghệ điện lạnh và điều hòa không khí)"
136437,SKN,cong-nghe-dien-lanh-va-dieu-hoa-khong-khi,A01,Điểm thi THPT,2025,14.0,"Công nghệ kỹ thuật điện, điện tử (Chuyên ngành Công nghệ điện lạnh và điều hòa không khí)"
136438,SKN,cong-nghe-dien-lanh-va-dieu-hoa-khong-khi,B00,Điểm thi THPT,2025,14.0,"Công nghệ kỹ thuật điện, điện tử (Chuyên ngành Công nghệ điện lạnh và điều hòa không khí)"
136439,SKN,cong-nghe-dien-lanh-va-dieu-hoa-khong-khi,C01,Điểm thi THPT,2025,14.0,"Công nghệ kỹ thuật điện, điện tử (Chuyên ngành Công nghệ điện lạnh và điều hòa không khí)"
136440,SKN,cong-nghe-dien-lanh-va-dieu-hoa-khong-khi,C03,Điểm thi THPT,2025,14.0,"Công nghệ kỹ thuật điện, điện tử (Chuyên ngành Công nghệ điện lạnh và điều hòa không khí)"
136441,SKN,cong-nghe-dien-lanh-va-dieu-hoa-khong-khi,D01,Điểm thi THPT,2025,14.0,"Công nghệ kỹ thuật điện, điện tử (Chuyên ngành Công nghệ điện lạnh và điều hòa không khí)"
136442,SKN,cong-nghe-dien-lanh-va-dieu-hoa-khong-khi,D02,Điểm thi THPT,2025,14.0,"Công nghệ kỹ thuật điện, điện tử (Chuyên ngành Công nghệ điện lạnh và điều hòa không khí)"
136443,SKN,cong-nghe-dien-lanh-va-dieu-hoa-khong-khi,D03,Điểm thi THPT,2025,14.0,"Công nghệ kỹ thuật điện, điện tử (Chuyên ngành Công nghệ điện lạnh và điều hòa không khí)"
136444,SKN,cong-nghe-dien-lanh-va-dieu-hoa-khong-khi,D04,Điểm thi THPT,2025,14.0,"Công nghệ kỹ thuật điện, điện tử (Chuyên ngành Công nghệ điện lạnh và điều hòa không khí)"
136445,SKN,cong-nghe-dien-lanh-va-dieu-hoa-khong-khi,D05,Điểm thi THPT,2025,14.0,"Công nghệ kỹ thuật điện, điện tử (Chuyên ngành Công nghệ điện lạnh và điều hòa không khí)"
136446,SKN,cong-nghe-dien-lanh-va-dieu-hoa-khong-khi,D06,Điểm thi THPT,2025,14.0,"Công nghệ kỹ thuật điện, điện tử (Chuyên ngành Công nghệ điện lạnh và điều hòa không khí)"
136447,SKN,cong-nghe-dien-lanh-va-dieu-hoa-khong-khi,D07,Điểm thi THPT,2025,14.0,"Công nghệ kỹ thuật điện, điện tử (Chuyên ngành Công nghệ điện lạnh và điều hòa không khí)"
136448,SKN,cong-nghe-dien-lanh-va-dieu-hoa-khong-khi,D21,Điểm thi THPT,2025,14.0,"Công nghệ kỹ thuật điện, điện tử (Chuyên ngành Công nghệ điện lạnh và điều hòa không khí)"
136449,SKN,cong-nghe-dien-lanh-va-dieu-hoa-khong-khi,D22,Điểm thi THPT,2025,14.0,"Công nghệ kỹ thuật điện, điện tử (Chuyên ngành Công nghệ điện lạnh và điều hòa không khí)"
136450,SKN,cong-nghe-dien-lanh-va-dieu-hoa-khong-khi,D23,Điểm thi THPT,2025,14.0,"Công nghệ kỹ thuật điện, điện tử (Chuyên ngành Công nghệ điện lạnh và điều hòa không khí)"
136451,SKN,cong-nghe-dien-lanh-va-dieu-hoa-khong-khi,D24,Điểm thi THPT,2025,14.0,"Công nghệ kỹ thuật điện, điện tử (Chuyên ngành Công nghệ điện lạnh và điều hòa không khí)"
136452,SKN,cong-nghe-dien-lanh-va-dieu-hoa-khong-khi,D25,Điểm thi THPT,2025,14.0,"Công nghệ kỹ thuật điện, điện tử (Chuyên ngành Công nghệ điện lạnh và điều hòa không khí)"
136453,SKN,cong-nghe-dien-lanh-va-dieu-hoa-khong-khi,D26,Điểm thi THPT,2025,14.0,"Công nghệ kỹ thuật điện, điện tử (Chuyên ngành Công nghệ điện lạnh và điều hòa không khí)"
136454,SKN,cong-nghe-dien-lanh-va-dieu-hoa-khong-khi,D27,Điểm thi THPT,2025,14.0,"Công nghệ kỹ thuật điện, điện tử (Chuyên ngành Công nghệ điện lạnh và điều hòa không khí)"
136455,SKN,cong-nghe-dien-lanh-va-dieu-hoa-khong-khi,D28,Điểm thi THPT,2025,14.0,"Công nghệ kỹ thuật điện, điện tử (Chuyên ngành Công nghệ điện lạnh và điều hòa không khí)"
136456,SKN,cong-nghe-dien-lanh-va-dieu-hoa-khong-khi,D29,Điểm thi THPT,2025,14.0,"Công nghệ kỹ thuật điện, điện tử (Chuyên ngành Công nghệ điện lạnh và điều hòa không khí)"
136457,SKN,cong-nghe-dien-lanh-va-dieu-hoa-khong-khi,D30,Điểm thi THPT,2025,14.0,"Công nghệ kỹ thuật điện, điện tử (Chuyên ngành Công nghệ điện lạnh và điều hòa không khí)"
136458,SKN,cong-nghe-dien-lanh-va-dieu-hoa-khong-khi,X02,Điểm thi THPT,2025,14.0,"Công nghệ kỹ thuật điện, điện tử (Chuyên ngành Công nghệ điện lạnh và điều hòa không khí)"
136459,SKN,cong-nghe-dien-lanh-va-dieu-hoa-khong-khi,X03,Điểm thi THPT,2025,14.0,"Công nghệ kỹ thuật điện, điện tử (Chuyên ngành Công nghệ điện lạnh và điều hòa không khí)"
136460,SKN,cong-nghe-dien-lanh-va-dieu-hoa-khong-khi,X07,Điểm thi THPT,2025,14.0,"Công nghệ kỹ thuật điện, điện tử (Chuyên ngành Công nghệ điện lạnh và điều hòa không khí)"
136461,SKN,cong-nghe-ky-thuat-co-dien-tu,A00,Điểm học bạ,2021,15.0,Công nghệ kỹ thuật cơ điện tử
136462,SKN,cong-nghe-ky-thuat-co-dien-tu,A01,Điểm học bạ,2021,15.0,Công nghệ kỹ thuật cơ điện tử
136463,SKN,cong-nghe-ky-thuat-co-dien-tu,B00,Điểm học bạ,2021,15.0,Công nghệ kỹ thuật cơ điện tử
136464,SKN,cong-nghe-ky-thuat-co-dien-tu,D01,Điểm học bạ,2021,15.0,Công nghệ kỹ thuật cơ điện tử
136465,SKN,cong-nghe-ky-thuat-co-dien-tu,D02,Điểm học bạ,2021,15.0,Công nghệ kỹ thuật cơ điện tử
136466,SKN,cong-nghe-ky-thuat-co-dien-tu,D03,Điểm học bạ,2021,15.0,Công nghệ kỹ thuật cơ điện tử
136467,SKN,cong-nghe-ky-thuat-co-dien-tu,D04,Điểm học bạ,2021,15.0,Công nghệ kỹ thuật cơ điện tử
136468,SKN,cong-nghe-ky-thuat-co-dien-tu,D05,Điểm học bạ,2021,15.0,Công nghệ kỹ thuật cơ điện tử
136469,SKN,cong-nghe-ky-thuat-co-dien-tu,D06,Điểm học bạ,2021,15.0,Công nghệ kỹ thuật cơ điện tử
136470,SKN,cong-nghe-ky-thuat-co-dien-tu,A00,Điểm thi THPT,2021,15.0,Công nghệ kỹ thuật cơ điện tử
136471,SKN,cong-nghe-ky-thuat-co-dien-tu,A01,Điểm thi THPT,2021,15.0,Công nghệ kỹ thuật cơ điện tử
136472,SKN,cong-nghe-ky-thuat-co-dien-tu,B00,Điểm thi THPT,2021,15.0,Công nghệ kỹ thuật cơ điện tử
136473,SKN,cong-nghe-ky-thuat-co-dien-tu,D01,Điểm thi THPT,2021,15.0,Công nghệ kỹ thuật cơ điện tử
136474,SKN,cong-nghe-ky-thuat-co-dien-tu,D02,Điểm thi THPT,2021,15.0,Công nghệ kỹ thuật cơ điện tử
136475,SKN,cong-nghe-ky-thuat-co-dien-tu,D03,Điểm thi THPT,2021,15.0,Công nghệ kỹ thuật cơ điện tử
136476,SKN,cong-nghe-ky-thuat-co-dien-tu,D04,Điểm thi THPT,2021,15.0,Công nghệ kỹ thuật cơ điện tử
136477,SKN,cong-nghe-ky-thuat-co-dien-tu,D05,Điểm thi THPT,2021,15.0,Công nghệ kỹ thuật cơ điện tử
136478,SKN,cong-nghe-ky-thuat-co-dien-tu,D06,Điểm thi THPT,2021,15.0,Công nghệ kỹ thuật cơ điện tử
136479,SKN,cong-nghe-ky-thuat-co-dien-tu,A00,Điểm học bạ,2023,16.0,Công nghệ kỹ thuật cơ điện tử
136480,SKN,cong-nghe-ky-thuat-co-dien-tu,A01,Điểm học bạ,2023,16.0,Công nghệ kỹ thuật cơ điện tử
136481,SKN,cong-nghe-ky-thuat-co-dien-tu,B00,Điểm học bạ,2023,16.0,Công nghệ kỹ thuật cơ điện tử
136482,SKN,cong-nghe-ky-thuat-co-dien-tu,D01,Điểm học bạ,2023,16.0,Công nghệ kỹ thuật cơ điện tử
136483,SKN,cong-nghe-ky-thuat-co-dien-tu,D02,Điểm học bạ,2023,16.0,Công nghệ kỹ thuật cơ điện tử
136484,SKN,cong-nghe-ky-thuat-co-dien-tu,D03,Điểm học bạ,2023,16.0,Công nghệ kỹ thuật cơ điện tử
136485,SKN,cong-nghe-ky-thuat-co-dien-tu,D04,Điểm học bạ,2023,16.0,Công nghệ kỹ thuật cơ điện tử
136486,SKN,cong-nghe-ky-thuat-co-dien-tu,D05,Điểm học bạ,2023,16.0,Công nghệ kỹ thuật cơ điện tử
136487,SKN,cong-nghe-ky-thuat-co-dien-tu,D06,Điểm học bạ,2023,16.0,Công nghệ kỹ thuật cơ điện tử
136488,SKN,cong-nghe-ky-thuat-co-dien-tu,A00,Điểm thi THPT,2023,16.0,Công nghệ kỹ thuật cơ điện tử
136489,SKN,cong-nghe-ky-thuat-co-dien-tu,A01,Điểm thi THPT,2023,16.0,Công nghệ kỹ thuật cơ điện tử
136490,SKN,cong-nghe-ky-thuat-co-dien-tu,B00,Điểm thi THPT,2023,16.0,Công nghệ kỹ thuật cơ điện tử
136491,SKN,cong-nghe-ky-thuat-co-dien-tu,D01,Điểm thi THPT,2023,16.0,Công nghệ kỹ thuật cơ điện tử
136492,SKN,cong-nghe-ky-thuat-co-dien-tu,D02,Điểm thi THPT,2023,16.0,Công nghệ kỹ thuật cơ điện tử
136493,SKN,cong-nghe-ky-thuat-co-dien-tu,D03,Điểm thi THPT,2023,16.0,Công nghệ kỹ thuật cơ điện tử
136494,SKN,cong-nghe-ky-thuat-co-dien-tu,D04,Điểm thi THPT,2023,16.0,Công nghệ kỹ thuật cơ điện tử
136495,SKN,cong-nghe-ky-thuat-co-dien-tu,D05,Điểm thi THPT,2023,16.0,Công nghệ kỹ thuật cơ điện tử
136496,SKN,cong-nghe-ky-thuat-co-dien-tu,D06,Điểm thi THPT,2023,16.0,Công nghệ kỹ thuật cơ điện tử
136497,SKN,cong-nghe-ky-thuat-co-dien-tu,A00,Điểm học bạ,2024,18.0,Công nghệ kỹ thuật cơ điện tử
136498,SKN,cong-nghe-ky-thuat-co-dien-tu,A01,Điểm học bạ,2024,18.0,Công nghệ kỹ thuật cơ điện tử
136499,SKN,cong-nghe-ky-thuat-co-dien-tu,B00,Điểm học bạ,2024,18.0,Công nghệ kỹ thuật cơ điện tử
136500,SKN,cong-nghe-ky-thuat-co-dien-tu,D01,Điểm học bạ,2024,18.0,Công nghệ kỹ thuật cơ điện tử
136501,SKN,cong-nghe-ky-thuat-co-dien-tu,D02,Điểm học bạ,2024,18.0,Công nghệ kỹ thuật cơ điện tử
136502,SKN,cong-nghe-ky-thuat-co-dien-tu,D03,Điểm học bạ,2024,18.0,Công nghệ kỹ thuật cơ điện tử
136503,SKN,cong-nghe-ky-thuat-co-dien-tu,D04,Điểm học bạ,2024,18.0,Công nghệ kỹ thuật cơ điện tử
136504,SKN,cong-nghe-ky-thuat-co-dien-tu,D05,Điểm học bạ,2024,18.0,Công nghệ kỹ thuật cơ điện tử
136505,SKN,cong-nghe-ky-thuat-co-dien-tu,D06,Điểm học bạ,2024,18.0,Công nghệ kỹ thuật cơ điện tử
136506,SKN,cong-nghe-ky-thuat-co-dien-tu,A00,Điểm thi THPT,2024,16.0,Công nghệ kỹ thuật cơ điện tử
136507,SKN,cong-nghe-ky-thuat-co-dien-tu,A01,Điểm thi THPT,2024,16.0,Công nghệ kỹ thuật cơ điện tử
136508,SKN,cong-nghe-ky-thuat-co-dien-tu,B00,Điểm thi THPT,2024,16.0,Công nghệ kỹ thuật cơ điện tử
136509,SKN,cong-nghe-ky-thuat-co-dien-tu,D01,Điểm thi THPT,2024,16.0,Công nghệ kỹ thuật cơ điện tử
136510,SKN,cong-nghe-ky-thuat-co-dien-tu,D02,Điểm thi THPT,2024,16.0,Công nghệ kỹ thuật cơ điện tử
136511,SKN,cong-nghe-ky-thuat-co-dien-tu,D03,Điểm thi THPT,2024,16.0,Công nghệ kỹ thuật cơ điện tử
136512,SKN,cong-nghe-ky-thuat-co-dien-tu,D04,Điểm thi THPT,2024,16.0,Công nghệ kỹ thuật cơ điện tử
136513,SKN,cong-nghe-ky-thuat-co-dien-tu,D05,Điểm thi THPT,2024,16.0,Công nghệ kỹ thuật cơ điện tử
136514,SKN,cong-nghe-ky-thuat-co-dien-tu,D06,Điểm thi THPT,2024,16.0,Công nghệ kỹ thuật cơ điện tử
136515,SKN,cong-nghe-ky-thuat-co-dien-tu,A00,Điểm học bạ,2025,17.0,Công nghệ kỹ thuật cơ điện tử
136516,SKN,cong-nghe-ky-thuat-co-dien-tu,A01,Điểm học bạ,2025,17.0,Công nghệ kỹ thuật cơ điện tử
136517,SKN,cong-nghe-ky-thuat-co-dien-tu,B00,Điểm học bạ,2025,17.0,Công nghệ kỹ thuật cơ điện tử
136518,SKN,cong-nghe-ky-thuat-co-dien-tu,C01,Điểm học bạ,2025,17.0,Công nghệ kỹ thuật cơ điện tử
136519,SKN,cong-nghe-ky-thuat-co-dien-tu,C03,Điểm học bạ,2025,17.0,Công nghệ kỹ thuật cơ điện tử
136520,SKN,cong-nghe-ky-thuat-co-dien-tu,D01,Điểm học bạ,2025,17.0,Công nghệ kỹ thuật cơ điện tử
136521,SKN,cong-nghe-ky-thuat-co-dien-tu,D02,Điểm học bạ,2025,17.0,Công nghệ kỹ thuật cơ điện tử
136522,SKN,cong-nghe-ky-thuat-co-dien-tu,D03,Điểm học bạ,2025,17.0,Công nghệ kỹ thuật cơ điện tử
136523,SKN,cong-nghe-ky-thuat-co-dien-tu,D04,Điểm học bạ,2025,17.0,Công nghệ kỹ thuật cơ điện tử
136524,SKN,cong-nghe-ky-thuat-co-dien-tu,D05,Điểm học bạ,2025,17.0,Công nghệ kỹ thuật cơ điện tử
136525,SKN,cong-nghe-ky-thuat-co-dien-tu,D06,Điểm học bạ,2025,17.0,Công nghệ kỹ thuật cơ điện tử
136526,SKN,cong-nghe-ky-thuat-co-dien-tu,D07,Điểm học bạ,2025,17.0,Công nghệ kỹ thuật cơ điện tử
136527,SKN,cong-nghe-ky-thuat-co-dien-tu,D21,Điểm học bạ,2025,17.0,Công nghệ kỹ thuật cơ điện tử
136528,SKN,cong-nghe-ky-thuat-co-dien-tu,D22,Điểm học bạ,2025,17.0,Công nghệ kỹ thuật cơ điện tử
136529,SKN,cong-nghe-ky-thuat-co-dien-tu,D23,Điểm học bạ,2025,17.0,Công nghệ kỹ thuật cơ điện tử
136530,SKN,cong-nghe-ky-thuat-co-dien-tu,D24,Điểm học bạ,2025,17.0,Công nghệ kỹ thuật cơ điện tử
136531,SKN,cong-nghe-ky-thuat-co-dien-tu,D25,Điểm học bạ,2025,17.0,Công nghệ kỹ thuật cơ điện tử
136532,SKN,cong-nghe-ky-thuat-co-dien-tu,D26,Điểm học bạ,2025,17.0,Công nghệ kỹ thuật cơ điện tử
136533,SKN,cong-nghe-ky-thuat-co-dien-tu,D27,Điểm học bạ,2025,17.0,Công nghệ kỹ thuật cơ điện tử
136534,SKN,cong-nghe-ky-thuat-co-dien-tu,D28,Điểm học bạ,2025,17.0,Công nghệ kỹ thuật cơ điện tử
136535,SKN,cong-nghe-ky-thuat-co-dien-tu,D29,Điểm học bạ,2025,17.0,Công nghệ kỹ thuật cơ điện tử
136536,SKN,cong-nghe-ky-thuat-co-dien-tu,D30,Điểm học bạ,2025,17.0,Công nghệ kỹ thuật cơ điện tử
136537,SKN,cong-nghe-ky-thuat-co-dien-tu,X02,Điểm học bạ,2025,17.0,Công nghệ kỹ thuật cơ điện tử
136538,SKN,cong-nghe-ky-thuat-co-dien-tu,X03,Điểm học bạ,2025,17.0,Công nghệ kỹ thuật cơ điện tử
136539,SKN,cong-nghe-ky-thuat-co-dien-tu,X07,Điểm học bạ,2025,17.0,Công nghệ kỹ thuật cơ điện tử
136540,SKN,cong-nghe-ky-thuat-co-dien-tu,A00,Điểm thi THPT,2025,14.0,Công nghệ kỹ thuật cơ điện tử
136541,SKN,cong-nghe-ky-thuat-co-dien-tu,A01,Điểm thi THPT,2025,14.0,Công nghệ kỹ thuật cơ điện tử
136542,SKN,cong-nghe-ky-thuat-co-dien-tu,B00,Điểm thi THPT,2025,14.0,Công nghệ kỹ thuật cơ điện tử
136543,SKN,cong-nghe-ky-thuat-co-dien-tu,C01,Điểm thi THPT,2025,14.0,Công nghệ kỹ thuật cơ điện tử
136544,SKN,cong-nghe-ky-thuat-co-dien-tu,C03,Điểm thi THPT,2025,14.0,Công nghệ kỹ thuật cơ điện tử
136545,SKN,cong-nghe-ky-thuat-co-dien-tu,D01,Điểm thi THPT,2025,14.0,Công nghệ kỹ thuật cơ điện tử
136546,SKN,cong-nghe-ky-thuat-co-dien-tu,D02,Điểm thi THPT,2025,14.0,Công nghệ kỹ thuật cơ điện tử
136547,SKN,cong-nghe-ky-thuat-co-dien-tu,D03,Điểm thi THPT,2025,14.0,Công nghệ kỹ thuật cơ điện tử
136548,SKN,cong-nghe-ky-thuat-co-dien-tu,D04,Điểm thi THPT,2025,14.0,Công nghệ kỹ thuật cơ điện tử
136549,SKN,cong-nghe-ky-thuat-co-dien-tu,D05,Điểm thi THPT,2025,14.0,Công nghệ kỹ thuật cơ điện tử
136550,SKN,cong-nghe-ky-thuat-co-dien-tu,D06,Điểm thi THPT,2025,14.0,Công nghệ kỹ thuật cơ điện tử
136551,SKN,cong-nghe-ky-thuat-co-dien-tu,D07,Điểm thi THPT,2025,14.0,Công nghệ kỹ thuật cơ điện tử
136552,SKN,cong-nghe-ky-thuat-co-dien-tu,D21,Điểm thi THPT,2025,14.0,Công nghệ kỹ thuật cơ điện tử
136553,SKN,cong-nghe-ky-thuat-co-dien-tu,D22,Điểm thi THPT,2025,14.0,Công nghệ kỹ thuật cơ điện tử
136554,SKN,cong-nghe-ky-thuat-co-dien-tu,D23,Điểm thi THPT,2025,14.0,Công nghệ kỹ thuật cơ điện tử
136555,SKN,cong-nghe-ky-thuat-co-dien-tu,D24,Điểm thi THPT,2025,14.0,Công nghệ kỹ thuật cơ điện tử
136556,SKN,cong-nghe-ky-thuat-co-dien-tu,D25,Điểm thi THPT,2025,14.0,Công nghệ kỹ thuật cơ điện tử
136557,SKN,cong-nghe-ky-thuat-co-dien-tu,D26,Điểm thi THPT,2025,14.0,Công nghệ kỹ thuật cơ điện tử
136558,SKN,cong-nghe-ky-thuat-co-dien-tu,D27,Điểm thi THPT,2025,14.0,Công nghệ kỹ thuật cơ điện tử
136559,SKN,cong-nghe-ky-thuat-co-dien-tu,D28,Điểm thi THPT,2025,14.0,Công nghệ kỹ thuật cơ điện tử
136560,SKN,cong-nghe-ky-thuat-co-dien-tu,D29,Điểm thi THPT,2025,14.0,Công nghệ kỹ thuật cơ điện tử
136561,SKN,cong-nghe-ky-thuat-co-dien-tu,D30,Điểm thi THPT,2025,14.0,Công nghệ kỹ thuật cơ điện tử
136562,SKN,cong-nghe-ky-thuat-co-dien-tu,X02,Điểm thi THPT,2025,14.0,Công nghệ kỹ thuật cơ điện tử
136563,SKN,cong-nghe-ky-thuat-co-dien-tu,X03,Điểm thi THPT,2025,14.0,Công nghệ kỹ thuật cơ điện tử
136564,SKN,cong-nghe-ky-thuat-co-dien-tu,X07,Điểm thi THPT,2025,14.0,Công nghệ kỹ thuật cơ điện tử
136565,SKN,cong-nghe-ky-thuat-co-khi,A00,Điểm học bạ,2021,15.0,Công nghệ kỹ thuật cơ khí
136566,SKN,cong-nghe-ky-thuat-co-khi,A01,Điểm học bạ,2021,15.0,Công nghệ kỹ thuật cơ khí
136567,SKN,cong-nghe-ky-thuat-co-khi,B00,Điểm học bạ,2021,15.0,Công nghệ kỹ thuật cơ khí
136568,SKN,cong-nghe-ky-thuat-co-khi,D01,Điểm học bạ,2021,15.0,Công nghệ kỹ thuật cơ khí
136569,SKN,cong-nghe-ky-thuat-co-khi,D02,Điểm học bạ,2021,15.0,Công nghệ kỹ thuật cơ khí
136570,SKN,cong-nghe-ky-thuat-co-khi,D03,Điểm học bạ,2021,15.0,Công nghệ kỹ thuật cơ khí
136571,SKN,cong-nghe-ky-thuat-co-khi,D04,Điểm học bạ,2021,15.0,Công nghệ kỹ thuật cơ khí
136572,SKN,cong-nghe-ky-thuat-co-khi,D05,Điểm học bạ,2021,15.0,Công nghệ kỹ thuật cơ khí
136573,SKN,cong-nghe-ky-thuat-co-khi,D06,Điểm học bạ,2021,15.0,Công nghệ kỹ thuật cơ khí
136574,SKN,cong-nghe-ky-thuat-co-khi,A00,Điểm thi THPT,2021,15.0,Công nghệ kỹ thuật cơ khí
136575,SKN,cong-nghe-ky-thuat-co-khi,A01,Điểm thi THPT,2021,15.0,Công nghệ kỹ thuật cơ khí
136576,SKN,cong-nghe-ky-thuat-co-khi,B00,Điểm thi THPT,2021,15.0,Công nghệ kỹ thuật cơ khí
136577,SKN,cong-nghe-ky-thuat-co-khi,D01,Điểm thi THPT,2021,15.0,Công nghệ kỹ thuật cơ khí
136578,SKN,cong-nghe-ky-thuat-co-khi,D02,Điểm thi THPT,2021,15.0,Công nghệ kỹ thuật cơ khí
136579,SKN,cong-nghe-ky-thuat-co-khi,D03,Điểm thi THPT,2021,15.0,Công nghệ kỹ thuật cơ khí
136580,SKN,cong-nghe-ky-thuat-co-khi,D04,Điểm thi THPT,2021,15.0,Công nghệ kỹ thuật cơ khí
136581,SKN,cong-nghe-ky-thuat-co-khi,D05,Điểm thi THPT,2021,15.0,Công nghệ kỹ thuật cơ khí
136582,SKN,cong-nghe-ky-thuat-co-khi,D06,Điểm thi THPT,2021,15.0,Công nghệ kỹ thuật cơ khí
136583,SKN,cong-nghe-ky-thuat-co-khi,A00,Điểm học bạ,2023,16.0,Công nghệ kỹ thuật cơ khí
136584,SKN,cong-nghe-ky-thuat-co-khi,A01,Điểm học bạ,2023,16.0,Công nghệ kỹ thuật cơ khí
136585,SKN,cong-nghe-ky-thuat-co-khi,B00,Điểm học bạ,2023,16.0,Công nghệ kỹ thuật cơ khí
136586,SKN,cong-nghe-ky-thuat-co-khi,D01,Điểm học bạ,2023,16.0,Công nghệ kỹ thuật cơ khí
136587,SKN,cong-nghe-ky-thuat-co-khi,D02,Điểm học bạ,2023,16.0,Công nghệ kỹ thuật cơ khí
136588,SKN,cong-nghe-ky-thuat-co-khi,D03,Điểm học bạ,2023,16.0,Công nghệ kỹ thuật cơ khí
136589,SKN,cong-nghe-ky-thuat-co-khi,D04,Điểm học bạ,2023,16.0,Công nghệ kỹ thuật cơ khí
136590,SKN,cong-nghe-ky-thuat-co-khi,D05,Điểm học bạ,2023,16.0,Công nghệ kỹ thuật cơ khí
136591,SKN,cong-nghe-ky-thuat-co-khi,D06,Điểm học bạ,2023,16.0,Công nghệ kỹ thuật cơ khí
136592,SKN,cong-nghe-ky-thuat-co-khi,A00,Điểm thi THPT,2023,16.0,Công nghệ kỹ thuật cơ khí
136593,SKN,cong-nghe-ky-thuat-co-khi,A01,Điểm thi THPT,2023,16.0,Công nghệ kỹ thuật cơ khí
136594,SKN,cong-nghe-ky-thuat-co-khi,B00,Điểm thi THPT,2023,16.0,Công nghệ kỹ thuật cơ khí
136595,SKN,cong-nghe-ky-thuat-co-khi,D01,Điểm thi THPT,2023,16.0,Công nghệ kỹ thuật cơ khí
136596,SKN,cong-nghe-ky-thuat-co-khi,D02,Điểm thi THPT,2023,16.0,Công nghệ kỹ thuật cơ khí
136597,SKN,cong-nghe-ky-thuat-co-khi,D03,Điểm thi THPT,2023,16.0,Công nghệ kỹ thuật cơ khí
136598,SKN,cong-nghe-ky-thuat-co-khi,D04,Điểm thi THPT,2023,16.0,Công nghệ kỹ thuật cơ khí
136599,SKN,cong-nghe-ky-thuat-co-khi,D05,Điểm thi THPT,2023,16.0,Công nghệ kỹ thuật cơ khí
136600,SKN,cong-nghe-ky-thuat-co-khi,D06,Điểm thi THPT,2023,16.0,Công nghệ kỹ thuật cơ khí
136601,SKN,cong-nghe-ky-thuat-co-khi,A00,Điểm học bạ,2024,18.0,Công nghệ kỹ thuật cơ khí
136602,SKN,cong-nghe-ky-thuat-co-khi,A01,Điểm học bạ,2024,18.0,Công nghệ kỹ thuật cơ khí
136603,SKN,cong-nghe-ky-thuat-co-khi,B00,Điểm học bạ,2024,18.0,Công nghệ kỹ thuật cơ khí
136604,SKN,cong-nghe-ky-thuat-co-khi,D01,Điểm học bạ,2024,18.0,Công nghệ kỹ thuật cơ khí
136605,SKN,cong-nghe-ky-thuat-co-khi,D02,Điểm học bạ,2024,18.0,Công nghệ kỹ thuật cơ khí
136606,SKN,cong-nghe-ky-thuat-co-khi,D03,Điểm học bạ,2024,18.0,Công nghệ kỹ thuật cơ khí
136607,SKN,cong-nghe-ky-thuat-co-khi,D04,Điểm học bạ,2024,18.0,Công nghệ kỹ thuật cơ khí
136608,SKN,cong-nghe-ky-thuat-co-khi,D05,Điểm học bạ,2024,18.0,Công nghệ kỹ thuật cơ khí
136609,SKN,cong-nghe-ky-thuat-co-khi,D06,Điểm học bạ,2024,18.0,Công nghệ kỹ thuật cơ khí
136610,SKN,cong-nghe-ky-thuat-co-khi,A00,Điểm thi THPT,2024,16.0,Công nghệ kỹ thuật cơ khí
136611,SKN,cong-nghe-ky-thuat-co-khi,A01,Điểm thi THPT,2024,16.0,Công nghệ kỹ thuật cơ khí
136612,SKN,cong-nghe-ky-thuat-co-khi,B00,Điểm thi THPT,2024,16.0,Công nghệ kỹ thuật cơ khí
136613,SKN,cong-nghe-ky-thuat-co-khi,D01,Điểm thi THPT,2024,16.0,Công nghệ kỹ thuật cơ khí
136614,SKN,cong-nghe-ky-thuat-co-khi,D02,Điểm thi THPT,2024,16.0,Công nghệ kỹ thuật cơ khí
136615,SKN,cong-nghe-ky-thuat-co-khi,D03,Điểm thi THPT,2024,16.0,Công nghệ kỹ thuật cơ khí
136616,SKN,cong-nghe-ky-thuat-co-khi,D04,Điểm thi THPT,2024,16.0,Công nghệ kỹ thuật cơ khí
136617,SKN,cong-nghe-ky-thuat-co-khi,D05,Điểm thi THPT,2024,16.0,Công nghệ kỹ thuật cơ khí
136618,SKN,cong-nghe-ky-thuat-co-khi,D06,Điểm thi THPT,2024,16.0,Công nghệ kỹ thuật cơ khí
136619,SKN,cong-nghe-ky-thuat-co-khi,A00,Điểm học bạ,2025,17.0,Công nghệ kỹ thuật cơ khí
136620,SKN,cong-nghe-ky-thuat-co-khi,A01,Điểm học bạ,2025,17.0,Công nghệ kỹ thuật cơ khí
136621,SKN,cong-nghe-ky-thuat-co-khi,B00,Điểm học bạ,2025,17.0,Công nghệ kỹ thuật cơ khí
136622,SKN,cong-nghe-ky-thuat-co-khi,C01,Điểm học bạ,2025,17.0,Công nghệ kỹ thuật cơ khí
136623,SKN,cong-nghe-ky-thuat-co-khi,C03,Điểm học bạ,2025,17.0,Công nghệ kỹ thuật cơ khí
136624,SKN,cong-nghe-ky-thuat-co-khi,D01,Điểm học bạ,2025,17.0,Công nghệ kỹ thuật cơ khí
136625,SKN,cong-nghe-ky-thuat-co-khi,D02,Điểm học bạ,2025,17.0,Công nghệ kỹ thuật cơ khí
136626,SKN,cong-nghe-ky-thuat-co-khi,D03,Điểm học bạ,2025,17.0,Công nghệ kỹ thuật cơ khí
136627,SKN,cong-nghe-ky-thuat-co-khi,D04,Điểm học bạ,2025,17.0,Công nghệ kỹ thuật cơ khí
136628,SKN,cong-nghe-ky-thuat-co-khi,D05,Điểm học bạ,2025,17.0,Công nghệ kỹ thuật cơ khí
136629,SKN,cong-nghe-ky-thuat-co-khi,D06,Điểm học bạ,2025,17.0,Công nghệ kỹ thuật cơ khí
136630,SKN,cong-nghe-ky-thuat-co-khi,D07,Điểm học bạ,2025,17.0,Công nghệ kỹ thuật cơ khí
136631,SKN,cong-nghe-ky-thuat-co-khi,D21,Điểm học bạ,2025,17.0,Công nghệ kỹ thuật cơ khí
136632,SKN,cong-nghe-ky-thuat-co-khi,D22,Điểm học bạ,2025,17.0,Công nghệ kỹ thuật cơ khí
136633,SKN,cong-nghe-ky-thuat-co-khi,D23,Điểm học bạ,2025,17.0,Công nghệ kỹ thuật cơ khí
136634,SKN,cong-nghe-ky-thuat-co-khi,D24,Điểm học bạ,2025,17.0,Công nghệ kỹ thuật cơ khí
136635,SKN,cong-nghe-ky-thuat-co-khi,D25,Điểm học bạ,2025,17.0,Công nghệ kỹ thuật cơ khí
136636,SKN,cong-nghe-ky-thuat-co-khi,D26,Điểm học bạ,2025,17.0,Công nghệ kỹ thuật cơ khí
136637,SKN,cong-nghe-ky-thuat-co-khi,D27,Điểm học bạ,2025,17.0,Công nghệ kỹ thuật cơ khí
136638,SKN,cong-nghe-ky-thuat-co-khi,D28,Điểm học bạ,2025,17.0,Công nghệ kỹ thuật cơ khí
136639,SKN,cong-nghe-ky-thuat-co-khi,D29,Điểm học bạ,2025,17.0,Công nghệ kỹ thuật cơ khí
136640,SKN,cong-nghe-ky-thuat-co-khi,D30,Điểm học bạ,2025,17.0,Công nghệ kỹ thuật cơ khí
136641,SKN,cong-nghe-ky-thuat-co-khi,X02,Điểm học bạ,2025,17.0,Công nghệ kỹ thuật cơ khí
136642,SKN,cong-nghe-ky-thuat-co-khi,X03,Điểm học bạ,2025,17.0,Công nghệ kỹ thuật cơ khí
136643,SKN,cong-nghe-ky-thuat-co-khi,X07,Điểm học bạ,2025,17.0,Công nghệ kỹ thuật cơ khí
136644,SKN,cong-nghe-ky-thuat-co-khi,A00,Điểm thi THPT,2025,14.0,Công nghệ kỹ thuật cơ khí
136645,SKN,cong-nghe-ky-thuat-co-khi,A01,Điểm thi THPT,2025,14.0,Công nghệ kỹ thuật cơ khí
136646,SKN,cong-nghe-ky-thuat-co-khi,B00,Điểm thi THPT,2025,14.0,Công nghệ kỹ thuật cơ khí
136647,SKN,cong-nghe-ky-thuat-co-khi,C01,Điểm thi THPT,2025,14.0,Công nghệ kỹ thuật cơ khí
136648,SKN,cong-nghe-ky-thuat-co-khi,C03,Điểm thi THPT,2025,14.0,Công nghệ kỹ thuật cơ khí
136649,SKN,cong-nghe-ky-thuat-co-khi,D01,Điểm thi THPT,2025,14.0,Công nghệ kỹ thuật cơ khí
136650,SKN,cong-nghe-ky-thuat-co-khi,D02,Điểm thi THPT,2025,14.0,Công nghệ kỹ thuật cơ khí
136651,SKN,cong-nghe-ky-thuat-co-khi,D03,Điểm thi THPT,2025,14.0,Công nghệ kỹ thuật cơ khí
136652,SKN,cong-nghe-ky-thuat-co-khi,D04,Điểm thi THPT,2025,14.0,Công nghệ kỹ thuật cơ khí
136653,SKN,cong-nghe-ky-thuat-co-khi,D05,Điểm thi THPT,2025,14.0,Công nghệ kỹ thuật cơ khí
136654,SKN,cong-nghe-ky-thuat-co-khi,D06,Điểm thi THPT,2025,14.0,Công nghệ kỹ thuật cơ khí
136655,SKN,cong-nghe-ky-thuat-co-khi,D07,Điểm thi THPT,2025,14.0,Công nghệ kỹ thuật cơ khí
136656,SKN,cong-nghe-ky-thuat-co-khi,D21,Điểm thi THPT,2025,14.0,Công nghệ kỹ thuật cơ khí
136657,SKN,cong-nghe-ky-thuat-co-khi,D22,Điểm thi THPT,2025,14.0,Công nghệ kỹ thuật cơ khí
136658,SKN,cong-nghe-ky-thuat-co-khi,D23,Điểm thi THPT,2025,14.0,Công nghệ kỹ thuật cơ khí
136659,SKN,cong-nghe-ky-thuat-co-khi,D24,Điểm thi THPT,2025,14.0,Công nghệ kỹ thuật cơ khí
136660,SKN,cong-nghe-ky-thuat-co-khi,D25,Điểm thi THPT,2025,14.0,Công nghệ kỹ thuật cơ khí
136661,SKN,cong-nghe-ky-thuat-co-khi,D26,Điểm thi THPT,2025,14.0,Công nghệ kỹ thuật cơ khí
136662,SKN,cong-nghe-ky-thuat-co-khi,D27,Điểm thi THPT,2025,14.0,Công nghệ kỹ thuật cơ khí
136663,SKN,cong-nghe-ky-thuat-co-khi,D28,Điểm thi THPT,2025,14.0,Công nghệ kỹ thuật cơ khí
136664,SKN,cong-nghe-ky-thuat-co-khi,D29,Điểm thi THPT,2025,14.0,Công nghệ kỹ thuật cơ khí
136665,SKN,cong-nghe-ky-thuat-co-khi,D30,Điểm thi THPT,2025,14.0,Công nghệ kỹ thuật cơ khí
136666,SKN,cong-nghe-ky-thuat-co-khi,X02,Điểm thi THPT,2025,14.0,Công nghệ kỹ thuật cơ khí
136667,SKN,cong-nghe-ky-thuat-co-khi,X03,Điểm thi THPT,2025,14.0,Công nghệ kỹ thuật cơ khí
136668,SKN,cong-nghe-ky-thuat-co-khi,X07,Điểm thi THPT,2025,14.0,Công nghệ kỹ thuật cơ khí
136669,SKN,cong-nghe-ky-thuat-dien,A00,Điểm học bạ,2021,15.0,Công nghệ kỹ thuật điện
136670,SKN,cong-nghe-ky-thuat-dien,A01,Điểm học bạ,2021,15.0,Công nghệ kỹ thuật điện
136671,SKN,cong-nghe-ky-thuat-dien,B00,Điểm học bạ,2021,15.0,Công nghệ kỹ thuật điện
136672,SKN,cong-nghe-ky-thuat-dien,D01,Điểm học bạ,2021,15.0,Công nghệ kỹ thuật điện
136673,SKN,cong-nghe-ky-thuat-dien,D02,Điểm học bạ,2021,15.0,Công nghệ kỹ thuật điện
136674,SKN,cong-nghe-ky-thuat-dien,D03,Điểm học bạ,2021,15.0,Công nghệ kỹ thuật điện
136675,SKN,cong-nghe-ky-thuat-dien,D04,Điểm học bạ,2021,15.0,Công nghệ kỹ thuật điện
136676,SKN,cong-nghe-ky-thuat-dien,D05,Điểm học bạ,2021,15.0,Công nghệ kỹ thuật điện
136677,SKN,cong-nghe-ky-thuat-dien,D06,Điểm học bạ,2021,15.0,Công nghệ kỹ thuật điện
136678,SKN,cong-nghe-ky-thuat-dien,A00,Điểm thi THPT,2021,15.0,Công nghệ kỹ thuật điện
136679,SKN,cong-nghe-ky-thuat-dien,A01,Điểm thi THPT,2021,15.0,Công nghệ kỹ thuật điện
136680,SKN,cong-nghe-ky-thuat-dien,B00,Điểm thi THPT,2021,15.0,Công nghệ kỹ thuật điện
136681,SKN,cong-nghe-ky-thuat-dien,D01,Điểm thi THPT,2021,15.0,Công nghệ kỹ thuật điện
136682,SKN,cong-nghe-ky-thuat-dien,D02,Điểm thi THPT,2021,15.0,Công nghệ kỹ thuật điện
136683,SKN,cong-nghe-ky-thuat-dien,D03,Điểm thi THPT,2021,15.0,Công nghệ kỹ thuật điện
136684,SKN,cong-nghe-ky-thuat-dien,D04,Điểm thi THPT,2021,15.0,Công nghệ kỹ thuật điện
136685,SKN,cong-nghe-ky-thuat-dien,D05,Điểm thi THPT,2021,15.0,Công nghệ kỹ thuật điện
136686,SKN,cong-nghe-ky-thuat-dien,D06,Điểm thi THPT,2021,15.0,Công nghệ kỹ thuật điện
136687,SKN,cong-nghe-ky-thuat-dien,A00,Điểm học bạ,2023,16.0,Công nghệ kỹ thuật điện
136688,SKN,cong-nghe-ky-thuat-dien,A01,Điểm học bạ,2023,16.0,Công nghệ kỹ thuật điện
136689,SKN,cong-nghe-ky-thuat-dien,B00,Điểm học bạ,2023,16.0,Công nghệ kỹ thuật điện
136690,SKN,cong-nghe-ky-thuat-dien,D01,Điểm học bạ,2023,16.0,Công nghệ kỹ thuật điện
136691,SKN,cong-nghe-ky-thuat-dien,D02,Điểm học bạ,2023,16.0,Công nghệ kỹ thuật điện
136692,SKN,cong-nghe-ky-thuat-dien,D03,Điểm học bạ,2023,16.0,Công nghệ kỹ thuật điện
136693,SKN,cong-nghe-ky-thuat-dien,D04,Điểm học bạ,2023,16.0,Công nghệ kỹ thuật điện
136694,SKN,cong-nghe-ky-thuat-dien,D05,Điểm học bạ,2023,16.0,Công nghệ kỹ thuật điện
136695,SKN,cong-nghe-ky-thuat-dien,D06,Điểm học bạ,2023,16.0,Công nghệ kỹ thuật điện
136696,SKN,cong-nghe-ky-thuat-dien,A00,Điểm thi THPT,2023,16.0,Công nghệ kỹ thuật điện
136697,SKN,cong-nghe-ky-thuat-dien,A01,Điểm thi THPT,2023,16.0,Công nghệ kỹ thuật điện
136698,SKN,cong-nghe-ky-thuat-dien,B00,Điểm thi THPT,2023,16.0,Công nghệ kỹ thuật điện
136699,SKN,cong-nghe-ky-thuat-dien,D01,Điểm thi THPT,2023,16.0,Công nghệ kỹ thuật điện
136700,SKN,cong-nghe-ky-thuat-dien,D02,Điểm thi THPT,2023,16.0,Công nghệ kỹ thuật điện
136701,SKN,cong-nghe-ky-thuat-dien,D03,Điểm thi THPT,2023,16.0,Công nghệ kỹ thuật điện
136702,SKN,cong-nghe-ky-thuat-dien,D04,Điểm thi THPT,2023,16.0,Công nghệ kỹ thuật điện
136703,SKN,cong-nghe-ky-thuat-dien,D05,Điểm thi THPT,2023,16.0,Công nghệ kỹ thuật điện
136704,SKN,cong-nghe-ky-thuat-dien,D06,Điểm thi THPT,2023,16.0,Công nghệ kỹ thuật điện
136705,SKN,cong-nghe-ky-thuat-dien,A00,Điểm học bạ,2024,18.0,Công nghệ kỹ thuật điện (chuyên ngành)
136706,SKN,cong-nghe-ky-thuat-dien,A01,Điểm học bạ,2024,18.0,Công nghệ kỹ thuật điện (chuyên ngành)
136707,SKN,cong-nghe-ky-thuat-dien,B00,Điểm học bạ,2024,18.0,Công nghệ kỹ thuật điện (chuyên ngành)
136708,SKN,cong-nghe-ky-thuat-dien,D01,Điểm học bạ,2024,18.0,Công nghệ kỹ thuật điện (chuyên ngành)
136709,SKN,cong-nghe-ky-thuat-dien,D02,Điểm học bạ,2024,18.0,Công nghệ kỹ thuật điện (chuyên ngành)
136710,SKN,cong-nghe-ky-thuat-dien,D03,Điểm học bạ,2024,18.0,Công nghệ kỹ thuật điện (chuyên ngành)
136711,SKN,cong-nghe-ky-thuat-dien,D04,Điểm học bạ,2024,18.0,Công nghệ kỹ thuật điện (chuyên ngành)
136712,SKN,cong-nghe-ky-thuat-dien,D05,Điểm học bạ,2024,18.0,Công nghệ kỹ thuật điện (chuyên ngành)
136713,SKN,cong-nghe-ky-thuat-dien,D06,Điểm học bạ,2024,18.0,Công nghệ kỹ thuật điện (chuyên ngành)
136714,SKN,cong-nghe-ky-thuat-dien,A00,Điểm thi THPT,2024,16.0,Công nghệ kỹ thuật điện (chuyên ngành)
136715,SKN,cong-nghe-ky-thuat-dien,A01,Điểm thi THPT,2024,16.0,Công nghệ kỹ thuật điện (chuyên ngành)
136716,SKN,cong-nghe-ky-thuat-dien,B00,Điểm thi THPT,2024,16.0,Công nghệ kỹ thuật điện (chuyên ngành)
136717,SKN,cong-nghe-ky-thuat-dien,D01,Điểm thi THPT,2024,16.0,Công nghệ kỹ thuật điện (chuyên ngành)
136718,SKN,cong-nghe-ky-thuat-dien,D02,Điểm thi THPT,2024,16.0,Công nghệ kỹ thuật điện (chuyên ngành)
136719,SKN,cong-nghe-ky-thuat-dien,D03,Điểm thi THPT,2024,16.0,Công nghệ kỹ thuật điện (chuyên ngành)
136720,SKN,cong-nghe-ky-thuat-dien,D04,Điểm thi THPT,2024,16.0,Công nghệ kỹ thuật điện (chuyên ngành)
136721,SKN,cong-nghe-ky-thuat-dien,D05,Điểm thi THPT,2024,16.0,Công nghệ kỹ thuật điện (chuyên ngành)
136722,SKN,cong-nghe-ky-thuat-dien,D06,Điểm thi THPT,2024,16.0,Công nghệ kỹ thuật điện (chuyên ngành)
136723,SKN,cong-nghe-ky-thuat-dien,A00,Điểm học bạ,2025,17.0,"Công nghệ kỹ thuật điện, điện tử (Chuyên ngành Công nghệ kỹ thuật điện)"
136724,SKN,cong-nghe-ky-thuat-dien,A01,Điểm học bạ,2025,17.0,"Công nghệ kỹ thuật điện, điện tử (Chuyên ngành Công nghệ kỹ thuật điện)"
136725,SKN,cong-nghe-ky-thuat-dien,B00,Điểm học bạ,2025,17.0,"Công nghệ kỹ thuật điện, điện tử (Chuyên ngành Công nghệ kỹ thuật điện)"
136726,SKN,cong-nghe-ky-thuat-dien,C01,Điểm học bạ,2025,17.0,"Công nghệ kỹ thuật điện, điện tử (Chuyên ngành Công nghệ kỹ thuật điện)"
136727,SKN,cong-nghe-ky-thuat-dien,C03,Điểm học bạ,2025,17.0,"Công nghệ kỹ thuật điện, điện tử (Chuyên ngành Công nghệ kỹ thuật điện)"
136728,SKN,cong-nghe-ky-thuat-dien,D01,Điểm học bạ,2025,17.0,"Công nghệ kỹ thuật điện, điện tử (Chuyên ngành Công nghệ kỹ thuật điện)"
136729,SKN,cong-nghe-ky-thuat-dien,D02,Điểm học bạ,2025,17.0,"Công nghệ kỹ thuật điện, điện tử (Chuyên ngành Công nghệ kỹ thuật điện)"
136730,SKN,cong-nghe-ky-thuat-dien,D03,Điểm học bạ,2025,17.0,"Công nghệ kỹ thuật điện, điện tử (Chuyên ngành Công nghệ kỹ thuật điện)"
136731,SKN,cong-nghe-ky-thuat-dien,D04,Điểm học bạ,2025,17.0,"Công nghệ kỹ thuật điện, điện tử (Chuyên ngành Công nghệ kỹ thuật điện)"
136732,SKN,cong-nghe-ky-thuat-dien,D05,Điểm học bạ,2025,17.0,"Công nghệ kỹ thuật điện, điện tử (Chuyên ngành Công nghệ kỹ thuật điện)"
136733,SKN,cong-nghe-ky-thuat-dien,D06,Điểm học bạ,2025,17.0,"Công nghệ kỹ thuật điện, điện tử (Chuyên ngành Công nghệ kỹ thuật điện)"
136734,SKN,cong-nghe-ky-thuat-dien,D07,Điểm học bạ,2025,17.0,"Công nghệ kỹ thuật điện, điện tử (Chuyên ngành Công nghệ kỹ thuật điện)"
136735,SKN,cong-nghe-ky-thuat-dien,D21,Điểm học bạ,2025,17.0,"Công nghệ kỹ thuật điện, điện tử (Chuyên ngành Công nghệ kỹ thuật điện)"
136736,SKN,cong-nghe-ky-thuat-dien,D22,Điểm học bạ,2025,17.0,"Công nghệ kỹ thuật điện, điện tử (Chuyên ngành Công nghệ kỹ thuật điện)"
136737,SKN,cong-nghe-ky-thuat-dien,D23,Điểm học bạ,2025,17.0,"Công nghệ kỹ thuật điện, điện tử (Chuyên ngành Công nghệ kỹ thuật điện)"
136738,SKN,cong-nghe-ky-thuat-dien,D24,Điểm học bạ,2025,17.0,"Công nghệ kỹ thuật điện, điện tử (Chuyên ngành Công nghệ kỹ thuật điện)"
136739,SKN,cong-nghe-ky-thuat-dien,D25,Điểm học bạ,2025,17.0,"Công nghệ kỹ thuật điện, điện tử (Chuyên ngành Công nghệ kỹ thuật điện)"
136740,SKN,cong-nghe-ky-thuat-dien,D26,Điểm học bạ,2025,17.0,"Công nghệ kỹ thuật điện, điện tử (Chuyên ngành Công nghệ kỹ thuật điện)"
136741,SKN,cong-nghe-ky-thuat-dien,D27,Điểm học bạ,2025,17.0,"Công nghệ kỹ thuật điện, điện tử (Chuyên ngành Công nghệ kỹ thuật điện)"
136742,SKN,cong-nghe-ky-thuat-dien,D28,Điểm học bạ,2025,17.0,"Công nghệ kỹ thuật điện, điện tử (Chuyên ngành Công nghệ kỹ thuật điện)"
136743,SKN,cong-nghe-ky-thuat-dien,D29,Điểm học bạ,2025,17.0,"Công nghệ kỹ thuật điện, điện tử (Chuyên ngành Công nghệ kỹ thuật điện)"
136744,SKN,cong-nghe-ky-thuat-dien,D30,Điểm học bạ,2025,17.0,"Công nghệ kỹ thuật điện, điện tử (Chuyên ngành Công nghệ kỹ thuật điện)"
136745,SKN,cong-nghe-ky-thuat-dien,X02,Điểm học bạ,2025,17.0,"Công nghệ kỹ thuật điện, điện tử (Chuyên ngành Công nghệ kỹ thuật điện)"
136746,SKN,cong-nghe-ky-thuat-dien,X03,Điểm học bạ,2025,17.0,"Công nghệ kỹ thuật điện, điện tử (Chuyên ngành Công nghệ kỹ thuật điện)"
136747,SKN,cong-nghe-ky-thuat-dien,X07,Điểm học bạ,2025,17.0,"Công nghệ kỹ thuật điện, điện tử (Chuyên ngành Công nghệ kỹ thuật điện)"
136748,SKN,cong-nghe-ky-thuat-dien,A00,Điểm thi THPT,2025,14.0,"Công nghệ kỹ thuật điện, điện tử (Chuyên ngành Công nghệ kỹ thuật điện)"
136749,SKN,cong-nghe-ky-thuat-dien,A01,Điểm thi THPT,2025,14.0,"Công nghệ kỹ thuật điện, điện tử (Chuyên ngành Công nghệ kỹ thuật điện)"
136750,SKN,cong-nghe-ky-thuat-dien,B00,Điểm thi THPT,2025,14.0,"Công nghệ kỹ thuật điện, điện tử (Chuyên ngành Công nghệ kỹ thuật điện)"
136751,SKN,cong-nghe-ky-thuat-dien,C01,Điểm thi THPT,2025,14.0,"Công nghệ kỹ thuật điện, điện tử (Chuyên ngành Công nghệ kỹ thuật điện)"
136752,SKN,cong-nghe-ky-thuat-dien,C03,Điểm thi THPT,2025,14.0,"Công nghệ kỹ thuật điện, điện tử (Chuyên ngành Công nghệ kỹ thuật điện)"
136753,SKN,cong-nghe-ky-thuat-dien,D01,Điểm thi THPT,2025,14.0,"Công nghệ kỹ thuật điện, điện tử (Chuyên ngành Công nghệ kỹ thuật điện)"
136754,SKN,cong-nghe-ky-thuat-dien,D02,Điểm thi THPT,2025,14.0,"Công nghệ kỹ thuật điện, điện tử (Chuyên ngành Công nghệ kỹ thuật điện)"
136755,SKN,cong-nghe-ky-thuat-dien,D03,Điểm thi THPT,2025,14.0,"Công nghệ kỹ thuật điện, điện tử (Chuyên ngành Công nghệ kỹ thuật điện)"
136756,SKN,cong-nghe-ky-thuat-dien,D04,Điểm thi THPT,2025,14.0,"Công nghệ kỹ thuật điện, điện tử (Chuyên ngành Công nghệ kỹ thuật điện)"
136757,SKN,cong-nghe-ky-thuat-dien,D05,Điểm thi THPT,2025,14.0,"Công nghệ kỹ thuật điện, điện tử (Chuyên ngành Công nghệ kỹ thuật điện)"
136758,SKN,cong-nghe-ky-thuat-dien,D06,Điểm thi THPT,2025,14.0,"Công nghệ kỹ thuật điện, điện tử (Chuyên ngành Công nghệ kỹ thuật điện)"
136759,SKN,cong-nghe-ky-thuat-dien,D07,Điểm thi THPT,2025,14.0,"Công nghệ kỹ thuật điện, điện tử (Chuyên ngành Công nghệ kỹ thuật điện)"
136760,SKN,cong-nghe-ky-thuat-dien,D21,Điểm thi THPT,2025,14.0,"Công nghệ kỹ thuật điện, điện tử (Chuyên ngành Công nghệ kỹ thuật điện)"
136761,SKN,cong-nghe-ky-thuat-dien,D22,Điểm thi THPT,2025,14.0,"Công nghệ kỹ thuật điện, điện tử (Chuyên ngành Công nghệ kỹ thuật điện)"
136762,SKN,cong-nghe-ky-thuat-dien,D23,Điểm thi THPT,2025,14.0,"Công nghệ kỹ thuật điện, điện tử (Chuyên ngành Công nghệ kỹ thuật điện)"
136763,SKN,cong-nghe-ky-thuat-dien,D24,Điểm thi THPT,2025,14.0,"Công nghệ kỹ thuật điện, điện tử (Chuyên ngành Công nghệ kỹ thuật điện)"
136764,SKN,cong-nghe-ky-thuat-dien,D25,Điểm thi THPT,2025,14.0,"Công nghệ kỹ thuật điện, điện tử (Chuyên ngành Công nghệ kỹ thuật điện)"
136765,SKN,cong-nghe-ky-thuat-dien,D26,Điểm thi THPT,2025,14.0,"Công nghệ kỹ thuật điện, điện tử (Chuyên ngành Công nghệ kỹ thuật điện)"
136766,SKN,cong-nghe-ky-thuat-dien,D27,Điểm thi THPT,2025,14.0,"Công nghệ kỹ thuật điện, điện tử (Chuyên ngành Công nghệ kỹ thuật điện)"
136767,SKN,cong-nghe-ky-thuat-dien,D28,Điểm thi THPT,2025,14.0,"Công nghệ kỹ thuật điện, điện tử (Chuyên ngành Công nghệ kỹ thuật điện)"
136768,SKN,cong-nghe-ky-thuat-dien,D29,Điểm thi THPT,2025,14.0,"Công nghệ kỹ thuật điện, điện tử (Chuyên ngành Công nghệ kỹ thuật điện)"
136769,SKN,cong-nghe-ky-thuat-dien,D30,Điểm thi THPT,2025,14.0,"Công nghệ kỹ thuật điện, điện tử (Chuyên ngành Công nghệ kỹ thuật điện)"
136770,SKN,cong-nghe-ky-thuat-dien,X02,Điểm thi THPT,2025,14.0,"Công nghệ kỹ thuật điện, điện tử (Chuyên ngành Công nghệ kỹ thuật điện)"
136771,SKN,cong-nghe-ky-thuat-dien,X03,Điểm thi THPT,2025,14.0,"Công nghệ kỹ thuật điện, điện tử (Chuyên ngành Công nghệ kỹ thuật điện)"
136772,SKN,cong-nghe-ky-thuat-dien,X07,Điểm thi THPT,2025,14.0,"Công nghệ kỹ thuật điện, điện tử (Chuyên ngành Công nghệ kỹ thuật điện)"
136773,SKN,cong-nghe-ky-thuat-dien-dien-tu,A00,Điểm học bạ,2021,15.0,"Công nghệ kỹ thuật điện, điện tử"
136774,SKN,cong-nghe-ky-thuat-dien-dien-tu,A01,Điểm học bạ,2021,15.0,"Công nghệ kỹ thuật điện, điện tử"
136775,SKN,cong-nghe-ky-thuat-dien-dien-tu,B00,Điểm học bạ,2021,15.0,"Công nghệ kỹ thuật điện, điện tử"
136776,SKN,cong-nghe-ky-thuat-dien-dien-tu,D01,Điểm học bạ,2021,15.0,"Công nghệ kỹ thuật điện, điện tử"
136777,SKN,cong-nghe-ky-thuat-dien-dien-tu,D02,Điểm học bạ,2021,15.0,"Công nghệ kỹ thuật điện, điện tử"
136778,SKN,cong-nghe-ky-thuat-dien-dien-tu,D03,Điểm học bạ,2021,15.0,"Công nghệ kỹ thuật điện, điện tử"
136779,SKN,cong-nghe-ky-thuat-dien-dien-tu,D04,Điểm học bạ,2021,15.0,"Công nghệ kỹ thuật điện, điện tử"
136780,SKN,cong-nghe-ky-thuat-dien-dien-tu,D05,Điểm học bạ,2021,15.0,"Công nghệ kỹ thuật điện, điện tử"
136781,SKN,cong-nghe-ky-thuat-dien-dien-tu,D06,Điểm học bạ,2021,15.0,"Công nghệ kỹ thuật điện, điện tử"
136782,SKN,cong-nghe-ky-thuat-dien-dien-tu,A00,Điểm thi THPT,2021,15.0,"Công nghệ kỹ thuật điện, điện tử"
136783,SKN,cong-nghe-ky-thuat-dien-dien-tu,A01,Điểm thi THPT,2021,15.0,"Công nghệ kỹ thuật điện, điện tử"
136784,SKN,cong-nghe-ky-thuat-dien-dien-tu,B00,Điểm thi THPT,2021,15.0,"Công nghệ kỹ thuật điện, điện tử"
136785,SKN,cong-nghe-ky-thuat-dien-dien-tu,D01,Điểm thi THPT,2021,15.0,"Công nghệ kỹ thuật điện, điện tử"
136786,SKN,cong-nghe-ky-thuat-dien-dien-tu,D02,Điểm thi THPT,2021,15.0,"Công nghệ kỹ thuật điện, điện tử"
136787,SKN,cong-nghe-ky-thuat-dien-dien-tu,D03,Điểm thi THPT,2021,15.0,"Công nghệ kỹ thuật điện, điện tử"
136788,SKN,cong-nghe-ky-thuat-dien-dien-tu,D04,Điểm thi THPT,2021,15.0,"Công nghệ kỹ thuật điện, điện tử"
136789,SKN,cong-nghe-ky-thuat-dien-dien-tu,D05,Điểm thi THPT,2021,15.0,"Công nghệ kỹ thuật điện, điện tử"
136790,SKN,cong-nghe-ky-thuat-dien-dien-tu,D06,Điểm thi THPT,2021,15.0,"Công nghệ kỹ thuật điện, điện tử"
136791,SKN,cong-nghe-ky-thuat-dien-dien-tu,A00,Điểm học bạ,2023,16.0,"Công nghệ kỹ thuật điện, điện tử"
136792,SKN,cong-nghe-ky-thuat-dien-dien-tu,A01,Điểm học bạ,2023,16.0,"Công nghệ kỹ thuật điện, điện tử"
136793,SKN,cong-nghe-ky-thuat-dien-dien-tu,B00,Điểm học bạ,2023,16.0,"Công nghệ kỹ thuật điện, điện tử"
136794,SKN,cong-nghe-ky-thuat-dien-dien-tu,D01,Điểm học bạ,2023,16.0,"Công nghệ kỹ thuật điện, điện tử"
136795,SKN,cong-nghe-ky-thuat-dien-dien-tu,D02,Điểm học bạ,2023,16.0,"Công nghệ kỹ thuật điện, điện tử"
136796,SKN,cong-nghe-ky-thuat-dien-dien-tu,D03,Điểm học bạ,2023,16.0,"Công nghệ kỹ thuật điện, điện tử"
136797,SKN,cong-nghe-ky-thuat-dien-dien-tu,D04,Điểm học bạ,2023,16.0,"Công nghệ kỹ thuật điện, điện tử"
136798,SKN,cong-nghe-ky-thuat-dien-dien-tu,D05,Điểm học bạ,2023,16.0,"Công nghệ kỹ thuật điện, điện tử"
136799,SKN,cong-nghe-ky-thuat-dien-dien-tu,D06,Điểm học bạ,2023,16.0,"Công nghệ kỹ thuật điện, điện tử"
136800,SKN,cong-nghe-ky-thuat-dien-dien-tu,A00,Điểm thi THPT,2023,16.0,"Công nghệ kỹ thuật điện, điện tử"
136801,SKN,cong-nghe-ky-thuat-dien-dien-tu,A01,Điểm thi THPT,2023,16.0,"Công nghệ kỹ thuật điện, điện tử"
136802,SKN,cong-nghe-ky-thuat-dien-dien-tu,B00,Điểm thi THPT,2023,16.0,"Công nghệ kỹ thuật điện, điện tử"
136803,SKN,cong-nghe-ky-thuat-dien-dien-tu,D01,Điểm thi THPT,2023,16.0,"Công nghệ kỹ thuật điện, điện tử"
136804,SKN,cong-nghe-ky-thuat-dien-dien-tu,D02,Điểm thi THPT,2023,16.0,"Công nghệ kỹ thuật điện, điện tử"
136805,SKN,cong-nghe-ky-thuat-dien-dien-tu,D03,Điểm thi THPT,2023,16.0,"Công nghệ kỹ thuật điện, điện tử"
136806,SKN,cong-nghe-ky-thuat-dien-dien-tu,D04,Điểm thi THPT,2023,16.0,"Công nghệ kỹ thuật điện, điện tử"
136807,SKN,cong-nghe-ky-thuat-dien-dien-tu,D05,Điểm thi THPT,2023,16.0,"Công nghệ kỹ thuật điện, điện tử"
136808,SKN,cong-nghe-ky-thuat-dien-dien-tu,D06,Điểm thi THPT,2023,16.0,"Công nghệ kỹ thuật điện, điện tử"
136809,SKN,cong-nghe-ky-thuat-dien-dien-tu,A00,Điểm học bạ,2024,18.0,"Công nghệ kỹ thuật điện, điện tử"
136810,SKN,cong-nghe-ky-thuat-dien-dien-tu,A01,Điểm học bạ,2024,18.0,"Công nghệ kỹ thuật điện, điện tử"
136811,SKN,cong-nghe-ky-thuat-dien-dien-tu,B00,Điểm học bạ,2024,18.0,"Công nghệ kỹ thuật điện, điện tử"
136812,SKN,cong-nghe-ky-thuat-dien-dien-tu,D01,Điểm học bạ,2024,18.0,"Công nghệ kỹ thuật điện, điện tử"
136813,SKN,cong-nghe-ky-thuat-dien-dien-tu,D02,Điểm học bạ,2024,18.0,"Công nghệ kỹ thuật điện, điện tử"
136814,SKN,cong-nghe-ky-thuat-dien-dien-tu,D03,Điểm học bạ,2024,18.0,"Công nghệ kỹ thuật điện, điện tử"
136815,SKN,cong-nghe-ky-thuat-dien-dien-tu,D04,Điểm học bạ,2024,18.0,"Công nghệ kỹ thuật điện, điện tử"
136816,SKN,cong-nghe-ky-thuat-dien-dien-tu,D05,Điểm học bạ,2024,18.0,"Công nghệ kỹ thuật điện, điện tử"
136817,SKN,cong-nghe-ky-thuat-dien-dien-tu,D06,Điểm học bạ,2024,18.0,"Công nghệ kỹ thuật điện, điện tử"
136818,SKN,cong-nghe-ky-thuat-dien-dien-tu,A00,Điểm thi THPT,2024,16.0,"Công nghệ kỹ thuật điện, điện tử"
136819,SKN,cong-nghe-ky-thuat-dien-dien-tu,A01,Điểm thi THPT,2024,16.0,"Công nghệ kỹ thuật điện, điện tử"
136820,SKN,cong-nghe-ky-thuat-dien-dien-tu,B00,Điểm thi THPT,2024,16.0,"Công nghệ kỹ thuật điện, điện tử"
136821,SKN,cong-nghe-ky-thuat-dien-dien-tu,D01,Điểm thi THPT,2024,16.0,"Công nghệ kỹ thuật điện, điện tử"
136822,SKN,cong-nghe-ky-thuat-dien-dien-tu,D02,Điểm thi THPT,2024,16.0,"Công nghệ kỹ thuật điện, điện tử"
136823,SKN,cong-nghe-ky-thuat-dien-dien-tu,D03,Điểm thi THPT,2024,16.0,"Công nghệ kỹ thuật điện, điện tử"
136824,SKN,cong-nghe-ky-thuat-dien-dien-tu,D04,Điểm thi THPT,2024,16.0,"Công nghệ kỹ thuật điện, điện tử"
136825,SKN,cong-nghe-ky-thuat-dien-dien-tu,D05,Điểm thi THPT,2024,16.0,"Công nghệ kỹ thuật điện, điện tử"
136826,SKN,cong-nghe-ky-thuat-dien-dien-tu,D06,Điểm thi THPT,2024,16.0,"Công nghệ kỹ thuật điện, điện tử"
136827,SKN,cong-nghe-ky-thuat-dien-dien-tu,A00,Điểm học bạ,2025,17.0,"Công nghệ kỹ thuật điện, điện tử"
136828,SKN,cong-nghe-ky-thuat-dien-dien-tu,A01,Điểm học bạ,2025,17.0,"Công nghệ kỹ thuật điện, điện tử"
136829,SKN,cong-nghe-ky-thuat-dien-dien-tu,B00,Điểm học bạ,2025,17.0,"Công nghệ kỹ thuật điện, điện tử"
136830,SKN,cong-nghe-ky-thuat-dien-dien-tu,C01,Điểm học bạ,2025,17.0,"Công nghệ kỹ thuật điện, điện tử"
136831,SKN,cong-nghe-ky-thuat-dien-dien-tu,C03,Điểm học bạ,2025,17.0,"Công nghệ kỹ thuật điện, điện tử"
136832,SKN,cong-nghe-ky-thuat-dien-dien-tu,D01,Điểm học bạ,2025,17.0,"Công nghệ kỹ thuật điện, điện tử"
136833,SKN,cong-nghe-ky-thuat-dien-dien-tu,D02,Điểm học bạ,2025,17.0,"Công nghệ kỹ thuật điện, điện tử"
136834,SKN,cong-nghe-ky-thuat-dien-dien-tu,D03,Điểm học bạ,2025,17.0,"Công nghệ kỹ thuật điện, điện tử"
136835,SKN,cong-nghe-ky-thuat-dien-dien-tu,D04,Điểm học bạ,2025,17.0,"Công nghệ kỹ thuật điện, điện tử"
136836,SKN,cong-nghe-ky-thuat-dien-dien-tu,D05,Điểm học bạ,2025,17.0,"Công nghệ kỹ thuật điện, điện tử"
136837,SKN,cong-nghe-ky-thuat-dien-dien-tu,D06,Điểm học bạ,2025,17.0,"Công nghệ kỹ thuật điện, điện tử"
136838,SKN,cong-nghe-ky-thuat-dien-dien-tu,D07,Điểm học bạ,2025,17.0,"Công nghệ kỹ thuật điện, điện tử"
136839,SKN,cong-nghe-ky-thuat-dien-dien-tu,D21,Điểm học bạ,2025,17.0,"Công nghệ kỹ thuật điện, điện tử"
136840,SKN,cong-nghe-ky-thuat-dien-dien-tu,D22,Điểm học bạ,2025,17.0,"Công nghệ kỹ thuật điện, điện tử"
136841,SKN,cong-nghe-ky-thuat-dien-dien-tu,D23,Điểm học bạ,2025,17.0,"Công nghệ kỹ thuật điện, điện tử"
136842,SKN,cong-nghe-ky-thuat-dien-dien-tu,D24,Điểm học bạ,2025,17.0,"Công nghệ kỹ thuật điện, điện tử"
136843,SKN,cong-nghe-ky-thuat-dien-dien-tu,D25,Điểm học bạ,2025,17.0,"Công nghệ kỹ thuật điện, điện tử"
136844,SKN,cong-nghe-ky-thuat-dien-dien-tu,D26,Điểm học bạ,2025,17.0,"Công nghệ kỹ thuật điện, điện tử"
136845,SKN,cong-nghe-ky-thuat-dien-dien-tu,D27,Điểm học bạ,2025,17.0,"Công nghệ kỹ thuật điện, điện tử"
136846,SKN,cong-nghe-ky-thuat-dien-dien-tu,D28,Điểm học bạ,2025,17.0,"Công nghệ kỹ thuật điện, điện tử"
136847,SKN,cong-nghe-ky-thuat-dien-dien-tu,D29,Điểm học bạ,2025,17.0,"Công nghệ kỹ thuật điện, điện tử"
136848,SKN,cong-nghe-ky-thuat-dien-dien-tu,D30,Điểm học bạ,2025,17.0,"Công nghệ kỹ thuật điện, điện tử"
136849,SKN,cong-nghe-ky-thuat-dien-dien-tu,X02,Điểm học bạ,2025,17.0,"Công nghệ kỹ thuật điện, điện tử"
136850,SKN,cong-nghe-ky-thuat-dien-dien-tu,X03,Điểm học bạ,2025,17.0,"Công nghệ kỹ thuật điện, điện tử"
136851,SKN,cong-nghe-ky-thuat-dien-dien-tu,X07,Điểm học bạ,2025,17.0,"Công nghệ kỹ thuật điện, điện tử"
136852,SKN,cong-nghe-ky-thuat-dien-dien-tu,A00,Điểm thi THPT,2025,14.0,"Công nghệ kỹ thuật điện, điện tử"
136853,SKN,cong-nghe-ky-thuat-dien-dien-tu,A01,Điểm thi THPT,2025,14.0,"Công nghệ kỹ thuật điện, điện tử"
136854,SKN,cong-nghe-ky-thuat-dien-dien-tu,B00,Điểm thi THPT,2025,14.0,"Công nghệ kỹ thuật điện, điện tử"
136855,SKN,cong-nghe-ky-thuat-dien-dien-tu,C01,Điểm thi THPT,2025,14.0,"Công nghệ kỹ thuật điện, điện tử"
136856,SKN,cong-nghe-ky-thuat-dien-dien-tu,C03,Điểm thi THPT,2025,14.0,"Công nghệ kỹ thuật điện, điện tử"
136857,SKN,cong-nghe-ky-thuat-dien-dien-tu,D01,Điểm thi THPT,2025,14.0,"Công nghệ kỹ thuật điện, điện tử"
136858,SKN,cong-nghe-ky-thuat-dien-dien-tu,D02,Điểm thi THPT,2025,14.0,"Công nghệ kỹ thuật điện, điện tử"
136859,SKN,cong-nghe-ky-thuat-dien-dien-tu,D03,Điểm thi THPT,2025,14.0,"Công nghệ kỹ thuật điện, điện tử"
136860,SKN,cong-nghe-ky-thuat-dien-dien-tu,D04,Điểm thi THPT,2025,14.0,"Công nghệ kỹ thuật điện, điện tử"
136861,SKN,cong-nghe-ky-thuat-dien-dien-tu,D05,Điểm thi THPT,2025,14.0,"Công nghệ kỹ thuật điện, điện tử"
136862,SKN,cong-nghe-ky-thuat-dien-dien-tu,D06,Điểm thi THPT,2025,14.0,"Công nghệ kỹ thuật điện, điện tử"
136863,SKN,cong-nghe-ky-thuat-dien-dien-tu,D07,Điểm thi THPT,2025,14.0,"Công nghệ kỹ thuật điện, điện tử"
136864,SKN,cong-nghe-ky-thuat-dien-dien-tu,D21,Điểm thi THPT,2025,14.0,"Công nghệ kỹ thuật điện, điện tử"
136865,SKN,cong-nghe-ky-thuat-dien-dien-tu,D22,Điểm thi THPT,2025,14.0,"Công nghệ kỹ thuật điện, điện tử"
136866,SKN,cong-nghe-ky-thuat-dien-dien-tu,D23,Điểm thi THPT,2025,14.0,"Công nghệ kỹ thuật điện, điện tử"
136867,SKN,cong-nghe-ky-thuat-dien-dien-tu,D24,Điểm thi THPT,2025,14.0,"Công nghệ kỹ thuật điện, điện tử"
136868,SKN,cong-nghe-ky-thuat-dien-dien-tu,D25,Điểm thi THPT,2025,14.0,"Công nghệ kỹ thuật điện, điện tử"
136869,SKN,cong-nghe-ky-thuat-dien-dien-tu,D26,Điểm thi THPT,2025,14.0,"Công nghệ kỹ thuật điện, điện tử"
136870,SKN,cong-nghe-ky-thuat-dien-dien-tu,D27,Điểm thi THPT,2025,14.0,"Công nghệ kỹ thuật điện, điện tử"
136871,SKN,cong-nghe-ky-thuat-dien-dien-tu,D28,Điểm thi THPT,2025,14.0,"Công nghệ kỹ thuật điện, điện tử"
136872,SKN,cong-nghe-ky-thuat-dien-dien-tu,D29,Điểm thi THPT,2025,14.0,"Công nghệ kỹ thuật điện, điện tử"
136873,SKN,cong-nghe-ky-thuat-dien-dien-tu,D30,Điểm thi THPT,2025,14.0,"Công nghệ kỹ thuật điện, điện tử"
136874,SKN,cong-nghe-ky-thuat-dien-dien-tu,X02,Điểm thi THPT,2025,14.0,"Công nghệ kỹ thuật điện, điện tử"
136875,SKN,cong-nghe-ky-thuat-dien-dien-tu,X03,Điểm thi THPT,2025,14.0,"Công nghệ kỹ thuật điện, điện tử"
136876,SKN,cong-nghe-ky-thuat-dien-dien-tu,X07,Điểm thi THPT,2025,14.0,"Công nghệ kỹ thuật điện, điện tử"
136877,SKN,cong-nghe-ky-thuat-dieu-khien-va-tu-dong-hoa,A00,Điểm học bạ,2021,15.0,Công nghệ kỹ thuật điều khiển và tự động hóa
136878,SKN,cong-nghe-ky-thuat-dieu-khien-va-tu-dong-hoa,A01,Điểm học bạ,2021,15.0,Công nghệ kỹ thuật điều khiển và tự động hóa
136879,SKN,cong-nghe-ky-thuat-dieu-khien-va-tu-dong-hoa,B00,Điểm học bạ,2021,15.0,Công nghệ kỹ thuật điều khiển và tự động hóa
136880,SKN,cong-nghe-ky-thuat-dieu-khien-va-tu-dong-hoa,D01,Điểm học bạ,2021,15.0,Công nghệ kỹ thuật điều khiển và tự động hóa
136881,SKN,cong-nghe-ky-thuat-dieu-khien-va-tu-dong-hoa,D02,Điểm học bạ,2021,15.0,Công nghệ kỹ thuật điều khiển và tự động hóa
136882,SKN,cong-nghe-ky-thuat-dieu-khien-va-tu-dong-hoa,D03,Điểm học bạ,2021,15.0,Công nghệ kỹ thuật điều khiển và tự động hóa
136883,SKN,cong-nghe-ky-thuat-dieu-khien-va-tu-dong-hoa,D04,Điểm học bạ,2021,15.0,Công nghệ kỹ thuật điều khiển và tự động hóa
136884,SKN,cong-nghe-ky-thuat-dieu-khien-va-tu-dong-hoa,D05,Điểm học bạ,2021,15.0,Công nghệ kỹ thuật điều khiển và tự động hóa
136885,SKN,cong-nghe-ky-thuat-dieu-khien-va-tu-dong-hoa,D06,Điểm học bạ,2021,15.0,Công nghệ kỹ thuật điều khiển và tự động hóa
136886,SKN,cong-nghe-ky-thuat-dieu-khien-va-tu-dong-hoa,A00,Điểm thi THPT,2021,15.0,Công nghệ kỹ thuật điều khiển và tự động hóa
136887,SKN,cong-nghe-ky-thuat-dieu-khien-va-tu-dong-hoa,A01,Điểm thi THPT,2021,15.0,Công nghệ kỹ thuật điều khiển và tự động hóa
136888,SKN,cong-nghe-ky-thuat-dieu-khien-va-tu-dong-hoa,B00,Điểm thi THPT,2021,15.0,Công nghệ kỹ thuật điều khiển và tự động hóa
136889,SKN,cong-nghe-ky-thuat-dieu-khien-va-tu-dong-hoa,D01,Điểm thi THPT,2021,15.0,Công nghệ kỹ thuật điều khiển và tự động hóa
136890,SKN,cong-nghe-ky-thuat-dieu-khien-va-tu-dong-hoa,D02,Điểm thi THPT,2021,15.0,Công nghệ kỹ thuật điều khiển và tự động hóa
136891,SKN,cong-nghe-ky-thuat-dieu-khien-va-tu-dong-hoa,D03,Điểm thi THPT,2021,15.0,Công nghệ kỹ thuật điều khiển và tự động hóa
136892,SKN,cong-nghe-ky-thuat-dieu-khien-va-tu-dong-hoa,D04,Điểm thi THPT,2021,15.0,Công nghệ kỹ thuật điều khiển và tự động hóa
136893,SKN,cong-nghe-ky-thuat-dieu-khien-va-tu-dong-hoa,D05,Điểm thi THPT,2021,15.0,Công nghệ kỹ thuật điều khiển và tự động hóa
136894,SKN,cong-nghe-ky-thuat-dieu-khien-va-tu-dong-hoa,D06,Điểm thi THPT,2021,15.0,Công nghệ kỹ thuật điều khiển và tự động hóa
136895,SKN,cong-nghe-ky-thuat-dieu-khien-va-tu-dong-hoa,A00,Điểm học bạ,2023,16.0,Công nghệ kỹ thuật điều khiến và tự động hóa
136896,SKN,cong-nghe-ky-thuat-dieu-khien-va-tu-dong-hoa,A01,Điểm học bạ,2023,16.0,Công nghệ kỹ thuật điều khiến và tự động hóa
136897,SKN,cong-nghe-ky-thuat-dieu-khien-va-tu-dong-hoa,B00,Điểm học bạ,2023,16.0,Công nghệ kỹ thuật điều khiến và tự động hóa
136898,SKN,cong-nghe-ky-thuat-dieu-khien-va-tu-dong-hoa,D01,Điểm học bạ,2023,16.0,Công nghệ kỹ thuật điều khiến và tự động hóa
136899,SKN,cong-nghe-ky-thuat-dieu-khien-va-tu-dong-hoa,D02,Điểm học bạ,2023,16.0,Công nghệ kỹ thuật điều khiến và tự động hóa
136900,SKN,cong-nghe-ky-thuat-dieu-khien-va-tu-dong-hoa,D03,Điểm học bạ,2023,16.0,Công nghệ kỹ thuật điều khiến và tự động hóa
136901,SKN,cong-nghe-ky-thuat-dieu-khien-va-tu-dong-hoa,D04,Điểm học bạ,2023,16.0,Công nghệ kỹ thuật điều khiến và tự động hóa
136902,SKN,cong-nghe-ky-thuat-dieu-khien-va-tu-dong-hoa,D05,Điểm học bạ,2023,16.0,Công nghệ kỹ thuật điều khiến và tự động hóa
136903,SKN,cong-nghe-ky-thuat-dieu-khien-va-tu-dong-hoa,D06,Điểm học bạ,2023,16.0,Công nghệ kỹ thuật điều khiến và tự động hóa
136904,SKN,cong-nghe-ky-thuat-dieu-khien-va-tu-dong-hoa,A00,Điểm thi THPT,2023,16.0,Công nghệ kỹ thuật điều khiến và tự động hóa
136905,SKN,cong-nghe-ky-thuat-dieu-khien-va-tu-dong-hoa,A01,Điểm thi THPT,2023,16.0,Công nghệ kỹ thuật điều khiến và tự động hóa
136906,SKN,cong-nghe-ky-thuat-dieu-khien-va-tu-dong-hoa,B00,Điểm thi THPT,2023,16.0,Công nghệ kỹ thuật điều khiến và tự động hóa
136907,SKN,cong-nghe-ky-thuat-dieu-khien-va-tu-dong-hoa,D01,Điểm thi THPT,2023,16.0,Công nghệ kỹ thuật điều khiến và tự động hóa
136908,SKN,cong-nghe-ky-thuat-dieu-khien-va-tu-dong-hoa,D02,Điểm thi THPT,2023,16.0,Công nghệ kỹ thuật điều khiến và tự động hóa
136909,SKN,cong-nghe-ky-thuat-dieu-khien-va-tu-dong-hoa,D03,Điểm thi THPT,2023,16.0,Công nghệ kỹ thuật điều khiến và tự động hóa
136910,SKN,cong-nghe-ky-thuat-dieu-khien-va-tu-dong-hoa,D04,Điểm thi THPT,2023,16.0,Công nghệ kỹ thuật điều khiến và tự động hóa
136911,SKN,cong-nghe-ky-thuat-dieu-khien-va-tu-dong-hoa,D05,Điểm thi THPT,2023,16.0,Công nghệ kỹ thuật điều khiến và tự động hóa
136912,SKN,cong-nghe-ky-thuat-dieu-khien-va-tu-dong-hoa,D06,Điểm thi THPT,2023,16.0,Công nghệ kỹ thuật điều khiến và tự động hóa
136913,SKN,cong-nghe-ky-thuat-dieu-khien-va-tu-dong-hoa,A00,Điểm học bạ,2024,18.0,Công nghệ kỹ thuật điều khiển và tự động hóa
136914,SKN,cong-nghe-ky-thuat-dieu-khien-va-tu-dong-hoa,A01,Điểm học bạ,2024,18.0,Công nghệ kỹ thuật điều khiển và tự động hóa
136915,SKN,cong-nghe-ky-thuat-dieu-khien-va-tu-dong-hoa,B00,Điểm học bạ,2024,18.0,Công nghệ kỹ thuật điều khiển và tự động hóa
136916,SKN,cong-nghe-ky-thuat-dieu-khien-va-tu-dong-hoa,D01,Điểm học bạ,2024,18.0,Công nghệ kỹ thuật điều khiển và tự động hóa
136917,SKN,cong-nghe-ky-thuat-dieu-khien-va-tu-dong-hoa,D02,Điểm học bạ,2024,18.0,Công nghệ kỹ thuật điều khiển và tự động hóa
136918,SKN,cong-nghe-ky-thuat-dieu-khien-va-tu-dong-hoa,D03,Điểm học bạ,2024,18.0,Công nghệ kỹ thuật điều khiển và tự động hóa
136919,SKN,cong-nghe-ky-thuat-dieu-khien-va-tu-dong-hoa,D04,Điểm học bạ,2024,18.0,Công nghệ kỹ thuật điều khiển và tự động hóa
136920,SKN,cong-nghe-ky-thuat-dieu-khien-va-tu-dong-hoa,D05,Điểm học bạ,2024,18.0,Công nghệ kỹ thuật điều khiển và tự động hóa
136921,SKN,cong-nghe-ky-thuat-dieu-khien-va-tu-dong-hoa,D06,Điểm học bạ,2024,18.0,Công nghệ kỹ thuật điều khiển và tự động hóa
136922,SKN,cong-nghe-ky-thuat-dieu-khien-va-tu-dong-hoa,A00,Điểm thi THPT,2024,16.0,Công nghệ kỹ thuật điều khiển và tự động hóa
136923,SKN,cong-nghe-ky-thuat-dieu-khien-va-tu-dong-hoa,A01,Điểm thi THPT,2024,16.0,Công nghệ kỹ thuật điều khiển và tự động hóa
136924,SKN,cong-nghe-ky-thuat-dieu-khien-va-tu-dong-hoa,B00,Điểm thi THPT,2024,16.0,Công nghệ kỹ thuật điều khiển và tự động hóa
136925,SKN,cong-nghe-ky-thuat-dieu-khien-va-tu-dong-hoa,D01,Điểm thi THPT,2024,16.0,Công nghệ kỹ thuật điều khiển và tự động hóa
136926,SKN,cong-nghe-ky-thuat-dieu-khien-va-tu-dong-hoa,D02,Điểm thi THPT,2024,16.0,Công nghệ kỹ thuật điều khiển và tự động hóa
136927,SKN,cong-nghe-ky-thuat-dieu-khien-va-tu-dong-hoa,D03,Điểm thi THPT,2024,16.0,Công nghệ kỹ thuật điều khiển và tự động hóa
136928,SKN,cong-nghe-ky-thuat-dieu-khien-va-tu-dong-hoa,D04,Điểm thi THPT,2024,16.0,Công nghệ kỹ thuật điều khiển và tự động hóa
136929,SKN,cong-nghe-ky-thuat-dieu-khien-va-tu-dong-hoa,D05,Điểm thi THPT,2024,16.0,Công nghệ kỹ thuật điều khiển và tự động hóa
136930,SKN,cong-nghe-ky-thuat-dieu-khien-va-tu-dong-hoa,D06,Điểm thi THPT,2024,16.0,Công nghệ kỹ thuật điều khiển và tự động hóa
136931,SKN,cong-nghe-ky-thuat-dieu-khien-va-tu-dong-hoa,A00,Điểm học bạ,2025,17.0,Công nghệ kỹ thuật điều khiển và tự động hoá
136932,SKN,cong-nghe-ky-thuat-dieu-khien-va-tu-dong-hoa,A01,Điểm học bạ,2025,17.0,Công nghệ kỹ thuật điều khiển và tự động hoá
136933,SKN,cong-nghe-ky-thuat-dieu-khien-va-tu-dong-hoa,B00,Điểm học bạ,2025,17.0,Công nghệ kỹ thuật điều khiển và tự động hoá
136934,SKN,cong-nghe-ky-thuat-dieu-khien-va-tu-dong-hoa,C01,Điểm học bạ,2025,17.0,Công nghệ kỹ thuật điều khiển và tự động hoá
136935,SKN,cong-nghe-ky-thuat-dieu-khien-va-tu-dong-hoa,C03,Điểm học bạ,2025,17.0,Công nghệ kỹ thuật điều khiển và tự động hoá
136936,SKN,cong-nghe-ky-thuat-dieu-khien-va-tu-dong-hoa,D01,Điểm học bạ,2025,17.0,Công nghệ kỹ thuật điều khiển và tự động hoá
136937,SKN,cong-nghe-ky-thuat-dieu-khien-va-tu-dong-hoa,D02,Điểm học bạ,2025,17.0,Công nghệ kỹ thuật điều khiển và tự động hoá
136938,SKN,cong-nghe-ky-thuat-dieu-khien-va-tu-dong-hoa,D03,Điểm học bạ,2025,17.0,Công nghệ kỹ thuật điều khiển và tự động hoá
136939,SKN,cong-nghe-ky-thuat-dieu-khien-va-tu-dong-hoa,D04,Điểm học bạ,2025,17.0,Công nghệ kỹ thuật điều khiển và tự động hoá
136940,SKN,cong-nghe-ky-thuat-dieu-khien-va-tu-dong-hoa,D05,Điểm học bạ,2025,17.0,Công nghệ kỹ thuật điều khiển và tự động hoá
136941,SKN,cong-nghe-ky-thuat-dieu-khien-va-tu-dong-hoa,D06,Điểm học bạ,2025,17.0,Công nghệ kỹ thuật điều khiển và tự động hoá
136942,SKN,cong-nghe-ky-thuat-dieu-khien-va-tu-dong-hoa,D07,Điểm học bạ,2025,17.0,Công nghệ kỹ thuật điều khiển và tự động hoá
136943,SKN,cong-nghe-ky-thuat-dieu-khien-va-tu-dong-hoa,D21,Điểm học bạ,2025,17.0,Công nghệ kỹ thuật điều khiển và tự động hoá
136944,SKN,cong-nghe-ky-thuat-dieu-khien-va-tu-dong-hoa,D22,Điểm học bạ,2025,17.0,Công nghệ kỹ thuật điều khiển và tự động hoá
136945,SKN,cong-nghe-ky-thuat-dieu-khien-va-tu-dong-hoa,D23,Điểm học bạ,2025,17.0,Công nghệ kỹ thuật điều khiển và tự động hoá
136946,SKN,cong-nghe-ky-thuat-dieu-khien-va-tu-dong-hoa,D24,Điểm học bạ,2025,17.0,Công nghệ kỹ thuật điều khiển và tự động hoá
136947,SKN,cong-nghe-ky-thuat-dieu-khien-va-tu-dong-hoa,D25,Điểm học bạ,2025,17.0,Công nghệ kỹ thuật điều khiển và tự động hoá
136948,SKN,cong-nghe-ky-thuat-dieu-khien-va-tu-dong-hoa,D26,Điểm học bạ,2025,17.0,Công nghệ kỹ thuật điều khiển và tự động hoá
136949,SKN,cong-nghe-ky-thuat-dieu-khien-va-tu-dong-hoa,D27,Điểm học bạ,2025,17.0,Công nghệ kỹ thuật điều khiển và tự động hoá
136950,SKN,cong-nghe-ky-thuat-dieu-khien-va-tu-dong-hoa,D28,Điểm học bạ,2025,17.0,Công nghệ kỹ thuật điều khiển và tự động hoá
136951,SKN,cong-nghe-ky-thuat-dieu-khien-va-tu-dong-hoa,D29,Điểm học bạ,2025,17.0,Công nghệ kỹ thuật điều khiển và tự động hoá
136952,SKN,cong-nghe-ky-thuat-dieu-khien-va-tu-dong-hoa,D30,Điểm học bạ,2025,17.0,Công nghệ kỹ thuật điều khiển và tự động hoá
136953,SKN,cong-nghe-ky-thuat-dieu-khien-va-tu-dong-hoa,X02,Điểm học bạ,2025,17.0,Công nghệ kỹ thuật điều khiển và tự động hoá
136954,SKN,cong-nghe-ky-thuat-dieu-khien-va-tu-dong-hoa,X03,Điểm học bạ,2025,17.0,Công nghệ kỹ thuật điều khiển và tự động hoá
136955,SKN,cong-nghe-ky-thuat-dieu-khien-va-tu-dong-hoa,X07,Điểm học bạ,2025,17.0,Công nghệ kỹ thuật điều khiển và tự động hoá
136956,SKN,cong-nghe-ky-thuat-dieu-khien-va-tu-dong-hoa,A00,Điểm thi THPT,2025,14.0,Công nghệ kỹ thuật điều khiển và tự động hoá
136957,SKN,cong-nghe-ky-thuat-dieu-khien-va-tu-dong-hoa,A01,Điểm thi THPT,2025,14.0,Công nghệ kỹ thuật điều khiển và tự động hoá
136958,SKN,cong-nghe-ky-thuat-dieu-khien-va-tu-dong-hoa,B00,Điểm thi THPT,2025,14.0,Công nghệ kỹ thuật điều khiển và tự động hoá
136959,SKN,cong-nghe-ky-thuat-dieu-khien-va-tu-dong-hoa,C01,Điểm thi THPT,2025,14.0,Công nghệ kỹ thuật điều khiển và tự động hoá
136960,SKN,cong-nghe-ky-thuat-dieu-khien-va-tu-dong-hoa,C03,Điểm thi THPT,2025,14.0,Công nghệ kỹ thuật điều khiển và tự động hoá
136961,SKN,cong-nghe-ky-thuat-dieu-khien-va-tu-dong-hoa,D01,Điểm thi THPT,2025,14.0,Công nghệ kỹ thuật điều khiển và tự động hoá
136962,SKN,cong-nghe-ky-thuat-dieu-khien-va-tu-dong-hoa,D02,Điểm thi THPT,2025,14.0,Công nghệ kỹ thuật điều khiển và tự động hoá
136963,SKN,cong-nghe-ky-thuat-dieu-khien-va-tu-dong-hoa,D03,Điểm thi THPT,2025,14.0,Công nghệ kỹ thuật điều khiển và tự động hoá
136964,SKN,cong-nghe-ky-thuat-dieu-khien-va-tu-dong-hoa,D04,Điểm thi THPT,2025,14.0,Công nghệ kỹ thuật điều khiển và tự động hoá
136965,SKN,cong-nghe-ky-thuat-dieu-khien-va-tu-dong-hoa,D05,Điểm thi THPT,2025,14.0,Công nghệ kỹ thuật điều khiển và tự động hoá
136966,SKN,cong-nghe-ky-thuat-dieu-khien-va-tu-dong-hoa,D06,Điểm thi THPT,2025,14.0,Công nghệ kỹ thuật điều khiển và tự động hoá
136967,SKN,cong-nghe-ky-thuat-dieu-khien-va-tu-dong-hoa,D07,Điểm thi THPT,2025,14.0,Công nghệ kỹ thuật điều khiển và tự động hoá
136968,SKN,cong-nghe-ky-thuat-dieu-khien-va-tu-dong-hoa,D21,Điểm thi THPT,2025,14.0,Công nghệ kỹ thuật điều khiển và tự động hoá
136969,SKN,cong-nghe-ky-thuat-dieu-khien-va-tu-dong-hoa,D22,Điểm thi THPT,2025,14.0,Công nghệ kỹ thuật điều khiển và tự động hoá
136970,SKN,cong-nghe-ky-thuat-dieu-khien-va-tu-dong-hoa,D23,Điểm thi THPT,2025,14.0,Công nghệ kỹ thuật điều khiển và tự động hoá
136971,SKN,cong-nghe-ky-thuat-dieu-khien-va-tu-dong-hoa,D24,Điểm thi THPT,2025,14.0,Công nghệ kỹ thuật điều khiển và tự động hoá
136972,SKN,cong-nghe-ky-thuat-dieu-khien-va-tu-dong-hoa,D25,Điểm thi THPT,2025,14.0,Công nghệ kỹ thuật điều khiển và tự động hoá
136973,SKN,cong-nghe-ky-thuat-dieu-khien-va-tu-dong-hoa,D26,Điểm thi THPT,2025,14.0,Công nghệ kỹ thuật điều khiển và tự động hoá
136974,SKN,cong-nghe-ky-thuat-dieu-khien-va-tu-dong-hoa,D27,Điểm thi THPT,2025,14.0,Công nghệ kỹ thuật điều khiển và tự động hoá
136975,SKN,cong-nghe-ky-thuat-dieu-khien-va-tu-dong-hoa,D28,Điểm thi THPT,2025,14.0,Công nghệ kỹ thuật điều khiển và tự động hoá
136976,SKN,cong-nghe-ky-thuat-dieu-khien-va-tu-dong-hoa,D29,Điểm thi THPT,2025,14.0,Công nghệ kỹ thuật điều khiển và tự động hoá
136977,SKN,cong-nghe-ky-thuat-dieu-khien-va-tu-dong-hoa,D30,Điểm thi THPT,2025,14.0,Công nghệ kỹ thuật điều khiển và tự động hoá
136978,SKN,cong-nghe-ky-thuat-dieu-khien-va-tu-dong-hoa,X02,Điểm thi THPT,2025,14.0,Công nghệ kỹ thuật điều khiển và tự động hoá
136979,SKN,cong-nghe-ky-thuat-dieu-khien-va-tu-dong-hoa,X03,Điểm thi THPT,2025,14.0,Công nghệ kỹ thuật điều khiển và tự động hoá
136980,SKN,cong-nghe-ky-thuat-dieu-khien-va-tu-dong-hoa,X07,Điểm thi THPT,2025,14.0,Công nghệ kỹ thuật điều khiển và tự động hoá
136981,SKN,cong-nghe-ky-thuat-khuon-mau,A00,Điểm học bạ,2023,16.0,Công nghệ kỹ thuật khuôn mẫu
136982,SKN,cong-nghe-ky-thuat-khuon-mau,A01,Điểm học bạ,2023,16.0,Công nghệ kỹ thuật khuôn mẫu
136983,SKN,cong-nghe-ky-thuat-khuon-mau,B00,Điểm học bạ,2023,16.0,Công nghệ kỹ thuật khuôn mẫu
136984,SKN,cong-nghe-ky-thuat-khuon-mau,D01,Điểm học bạ,2023,16.0,Công nghệ kỹ thuật khuôn mẫu
136985,SKN,cong-nghe-ky-thuat-khuon-mau,D02,Điểm học bạ,2023,16.0,Công nghệ kỹ thuật khuôn mẫu
136986,SKN,cong-nghe-ky-thuat-khuon-mau,D03,Điểm học bạ,2023,16.0,Công nghệ kỹ thuật khuôn mẫu
136987,SKN,cong-nghe-ky-thuat-khuon-mau,D04,Điểm học bạ,2023,16.0,Công nghệ kỹ thuật khuôn mẫu
136988,SKN,cong-nghe-ky-thuat-khuon-mau,D05,Điểm học bạ,2023,16.0,Công nghệ kỹ thuật khuôn mẫu
136989,SKN,cong-nghe-ky-thuat-khuon-mau,D06,Điểm học bạ,2023,16.0,Công nghệ kỹ thuật khuôn mẫu
136990,SKN,cong-nghe-ky-thuat-khuon-mau,A00,Điểm thi THPT,2023,16.0,Công nghệ kỹ thuật khuôn mẫu
136991,SKN,cong-nghe-ky-thuat-khuon-mau,A01,Điểm thi THPT,2023,16.0,Công nghệ kỹ thuật khuôn mẫu
136992,SKN,cong-nghe-ky-thuat-khuon-mau,B00,Điểm thi THPT,2023,16.0,Công nghệ kỹ thuật khuôn mẫu
136993,SKN,cong-nghe-ky-thuat-khuon-mau,D01,Điểm thi THPT,2023,16.0,Công nghệ kỹ thuật khuôn mẫu
136994,SKN,cong-nghe-ky-thuat-khuon-mau,D02,Điểm thi THPT,2023,16.0,Công nghệ kỹ thuật khuôn mẫu
136995,SKN,cong-nghe-ky-thuat-khuon-mau,D03,Điểm thi THPT,2023,16.0,Công nghệ kỹ thuật khuôn mẫu
136996,SKN,cong-nghe-ky-thuat-khuon-mau,D04,Điểm thi THPT,2023,16.0,Công nghệ kỹ thuật khuôn mẫu
136997,SKN,cong-nghe-ky-thuat-khuon-mau,D05,Điểm thi THPT,2023,16.0,Công nghệ kỹ thuật khuôn mẫu
136998,SKN,cong-nghe-ky-thuat-khuon-mau,D06,Điểm thi THPT,2023,16.0,Công nghệ kỹ thuật khuôn mẫu
136999,SKN,cong-nghe-ky-thuat-khuon-mau,A00,Điểm học bạ,2024,18.0,Công nghệ kỹ thuật khuôn mẫu (chuyên ngành)
137000,SKN,cong-nghe-ky-thuat-khuon-mau,A01,Điểm học bạ,2024,18.0,Công nghệ kỹ thuật khuôn mẫu (chuyên ngành)
137001,SKN,cong-nghe-ky-thuat-khuon-mau,B00,Điểm học bạ,2024,18.0,Công nghệ kỹ thuật khuôn mẫu (chuyên ngành)
137002,SKN,cong-nghe-ky-thuat-khuon-mau,D01,Điểm học bạ,2024,18.0,Công nghệ kỹ thuật khuôn mẫu (chuyên ngành)
137003,SKN,cong-nghe-ky-thuat-khuon-mau,D02,Điểm học bạ,2024,18.0,Công nghệ kỹ thuật khuôn mẫu (chuyên ngành)
137004,SKN,cong-nghe-ky-thuat-khuon-mau,D03,Điểm học bạ,2024,18.0,Công nghệ kỹ thuật khuôn mẫu (chuyên ngành)
137005,SKN,cong-nghe-ky-thuat-khuon-mau,D04,Điểm học bạ,2024,18.0,Công nghệ kỹ thuật khuôn mẫu (chuyên ngành)
137006,SKN,cong-nghe-ky-thuat-khuon-mau,D05,Điểm học bạ,2024,18.0,Công nghệ kỹ thuật khuôn mẫu (chuyên ngành)
137007,SKN,cong-nghe-ky-thuat-khuon-mau,D06,Điểm học bạ,2024,18.0,Công nghệ kỹ thuật khuôn mẫu (chuyên ngành)
137008,SKN,cong-nghe-ky-thuat-khuon-mau,A00,Điểm thi THPT,2024,16.0,Công nghệ kỹ thuật khuôn mẫu (chuyên ngành)
137009,SKN,cong-nghe-ky-thuat-khuon-mau,A01,Điểm thi THPT,2024,16.0,Công nghệ kỹ thuật khuôn mẫu (chuyên ngành)
137010,SKN,cong-nghe-ky-thuat-khuon-mau,B00,Điểm thi THPT,2024,16.0,Công nghệ kỹ thuật khuôn mẫu (chuyên ngành)
137011,SKN,cong-nghe-ky-thuat-khuon-mau,D01,Điểm thi THPT,2024,16.0,Công nghệ kỹ thuật khuôn mẫu (chuyên ngành)
137012,SKN,cong-nghe-ky-thuat-khuon-mau,D02,Điểm thi THPT,2024,16.0,Công nghệ kỹ thuật khuôn mẫu (chuyên ngành)
137013,SKN,cong-nghe-ky-thuat-khuon-mau,D03,Điểm thi THPT,2024,16.0,Công nghệ kỹ thuật khuôn mẫu (chuyên ngành)
137014,SKN,cong-nghe-ky-thuat-khuon-mau,D04,Điểm thi THPT,2024,16.0,Công nghệ kỹ thuật khuôn mẫu (chuyên ngành)
137015,SKN,cong-nghe-ky-thuat-khuon-mau,D05,Điểm thi THPT,2024,16.0,Công nghệ kỹ thuật khuôn mẫu (chuyên ngành)
137016,SKN,cong-nghe-ky-thuat-khuon-mau,D06,Điểm thi THPT,2024,16.0,Công nghệ kỹ thuật khuôn mẫu (chuyên ngành)
137017,SKN,cong-nghe-ky-thuat-khuon-mau,A00,Điểm học bạ,2025,17.0,Công nghệ kỹ thuật cơ khí (Chuyên ngành Công nghệ kỹ thuật khuôn mẫu)
137018,SKN,cong-nghe-ky-thuat-khuon-mau,A01,Điểm học bạ,2025,17.0,Công nghệ kỹ thuật cơ khí (Chuyên ngành Công nghệ kỹ thuật khuôn mẫu)
137019,SKN,cong-nghe-ky-thuat-khuon-mau,B00,Điểm học bạ,2025,17.0,Công nghệ kỹ thuật cơ khí (Chuyên ngành Công nghệ kỹ thuật khuôn mẫu)
137020,SKN,cong-nghe-ky-thuat-khuon-mau,C01,Điểm học bạ,2025,17.0,Công nghệ kỹ thuật cơ khí (Chuyên ngành Công nghệ kỹ thuật khuôn mẫu)
137021,SKN,cong-nghe-ky-thuat-khuon-mau,C03,Điểm học bạ,2025,17.0,Công nghệ kỹ thuật cơ khí (Chuyên ngành Công nghệ kỹ thuật khuôn mẫu)
137022,SKN,cong-nghe-ky-thuat-khuon-mau,D01,Điểm học bạ,2025,17.0,Công nghệ kỹ thuật cơ khí (Chuyên ngành Công nghệ kỹ thuật khuôn mẫu)
137023,SKN,cong-nghe-ky-thuat-khuon-mau,D02,Điểm học bạ,2025,17.0,Công nghệ kỹ thuật cơ khí (Chuyên ngành Công nghệ kỹ thuật khuôn mẫu)
137024,SKN,cong-nghe-ky-thuat-khuon-mau,D03,Điểm học bạ,2025,17.0,Công nghệ kỹ thuật cơ khí (Chuyên ngành Công nghệ kỹ thuật khuôn mẫu)
137025,SKN,cong-nghe-ky-thuat-khuon-mau,D04,Điểm học bạ,2025,17.0,Công nghệ kỹ thuật cơ khí (Chuyên ngành Công nghệ kỹ thuật khuôn mẫu)
137026,SKN,cong-nghe-ky-thuat-khuon-mau,D05,Điểm học bạ,2025,17.0,Công nghệ kỹ thuật cơ khí (Chuyên ngành Công nghệ kỹ thuật khuôn mẫu)
137027,SKN,cong-nghe-ky-thuat-khuon-mau,D06,Điểm học bạ,2025,17.0,Công nghệ kỹ thuật cơ khí (Chuyên ngành Công nghệ kỹ thuật khuôn mẫu)
137028,SKN,cong-nghe-ky-thuat-khuon-mau,D07,Điểm học bạ,2025,17.0,Công nghệ kỹ thuật cơ khí (Chuyên ngành Công nghệ kỹ thuật khuôn mẫu)
137029,SKN,cong-nghe-ky-thuat-khuon-mau,D21,Điểm học bạ,2025,17.0,Công nghệ kỹ thuật cơ khí (Chuyên ngành Công nghệ kỹ thuật khuôn mẫu)
137030,SKN,cong-nghe-ky-thuat-khuon-mau,D22,Điểm học bạ,2025,17.0,Công nghệ kỹ thuật cơ khí (Chuyên ngành Công nghệ kỹ thuật khuôn mẫu)
137031,SKN,cong-nghe-ky-thuat-khuon-mau,D23,Điểm học bạ,2025,17.0,Công nghệ kỹ thuật cơ khí (Chuyên ngành Công nghệ kỹ thuật khuôn mẫu)
137032,SKN,cong-nghe-ky-thuat-khuon-mau,D24,Điểm học bạ,2025,17.0,Công nghệ kỹ thuật cơ khí (Chuyên ngành Công nghệ kỹ thuật khuôn mẫu)
137033,SKN,cong-nghe-ky-thuat-khuon-mau,D25,Điểm học bạ,2025,17.0,Công nghệ kỹ thuật cơ khí (Chuyên ngành Công nghệ kỹ thuật khuôn mẫu)
137034,SKN,cong-nghe-ky-thuat-khuon-mau,D26,Điểm học bạ,2025,17.0,Công nghệ kỹ thuật cơ khí (Chuyên ngành Công nghệ kỹ thuật khuôn mẫu)
137035,SKN,cong-nghe-ky-thuat-khuon-mau,D27,Điểm học bạ,2025,17.0,Công nghệ kỹ thuật cơ khí (Chuyên ngành Công nghệ kỹ thuật khuôn mẫu)
137036,SKN,cong-nghe-ky-thuat-khuon-mau,D28,Điểm học bạ,2025,17.0,Công nghệ kỹ thuật cơ khí (Chuyên ngành Công nghệ kỹ thuật khuôn mẫu)
137037,SKN,cong-nghe-ky-thuat-khuon-mau,D29,Điểm học bạ,2025,17.0,Công nghệ kỹ thuật cơ khí (Chuyên ngành Công nghệ kỹ thuật khuôn mẫu)
137038,SKN,cong-nghe-ky-thuat-khuon-mau,D30,Điểm học bạ,2025,17.0,Công nghệ kỹ thuật cơ khí (Chuyên ngành Công nghệ kỹ thuật khuôn mẫu)
137039,SKN,cong-nghe-ky-thuat-khuon-mau,X02,Điểm học bạ,2025,17.0,Công nghệ kỹ thuật cơ khí (Chuyên ngành Công nghệ kỹ thuật khuôn mẫu)
137040,SKN,cong-nghe-ky-thuat-khuon-mau,X03,Điểm học bạ,2025,17.0,Công nghệ kỹ thuật cơ khí (Chuyên ngành Công nghệ kỹ thuật khuôn mẫu)
137041,SKN,cong-nghe-ky-thuat-khuon-mau,X07,Điểm học bạ,2025,17.0,Công nghệ kỹ thuật cơ khí (Chuyên ngành Công nghệ kỹ thuật khuôn mẫu)
137042,SKN,cong-nghe-ky-thuat-khuon-mau,A00,Điểm thi THPT,2025,14.0,Công nghệ kỹ thuật cơ khí (Chuyên ngành Công nghệ kỹ thuật khuôn mẫu)
137043,SKN,cong-nghe-ky-thuat-khuon-mau,A01,Điểm thi THPT,2025,14.0,Công nghệ kỹ thuật cơ khí (Chuyên ngành Công nghệ kỹ thuật khuôn mẫu)
137044,SKN,cong-nghe-ky-thuat-khuon-mau,B00,Điểm thi THPT,2025,14.0,Công nghệ kỹ thuật cơ khí (Chuyên ngành Công nghệ kỹ thuật khuôn mẫu)
137045,SKN,cong-nghe-ky-thuat-khuon-mau,C01,Điểm thi THPT,2025,14.0,Công nghệ kỹ thuật cơ khí (Chuyên ngành Công nghệ kỹ thuật khuôn mẫu)
137046,SKN,cong-nghe-ky-thuat-khuon-mau,C03,Điểm thi THPT,2025,14.0,Công nghệ kỹ thuật cơ khí (Chuyên ngành Công nghệ kỹ thuật khuôn mẫu)
137047,SKN,cong-nghe-ky-thuat-khuon-mau,D01,Điểm thi THPT,2025,14.0,Công nghệ kỹ thuật cơ khí (Chuyên ngành Công nghệ kỹ thuật khuôn mẫu)
137048,SKN,cong-nghe-ky-thuat-khuon-mau,D02,Điểm thi THPT,2025,14.0,Công nghệ kỹ thuật cơ khí (Chuyên ngành Công nghệ kỹ thuật khuôn mẫu)
137049,SKN,cong-nghe-ky-thuat-khuon-mau,D03,Điểm thi THPT,2025,14.0,Công nghệ kỹ thuật cơ khí (Chuyên ngành Công nghệ kỹ thuật khuôn mẫu)
137050,SKN,cong-nghe-ky-thuat-khuon-mau,D04,Điểm thi THPT,2025,14.0,Công nghệ kỹ thuật cơ khí (Chuyên ngành Công nghệ kỹ thuật khuôn mẫu)
137051,SKN,cong-nghe-ky-thuat-khuon-mau,D05,Điểm thi THPT,2025,14.0,Công nghệ kỹ thuật cơ khí (Chuyên ngành Công nghệ kỹ thuật khuôn mẫu)
137052,SKN,cong-nghe-ky-thuat-khuon-mau,D06,Điểm thi THPT,2025,14.0,Công nghệ kỹ thuật cơ khí (Chuyên ngành Công nghệ kỹ thuật khuôn mẫu)
137053,SKN,cong-nghe-ky-thuat-khuon-mau,D07,Điểm thi THPT,2025,14.0,Công nghệ kỹ thuật cơ khí (Chuyên ngành Công nghệ kỹ thuật khuôn mẫu)
137054,SKN,cong-nghe-ky-thuat-khuon-mau,D21,Điểm thi THPT,2025,14.0,Công nghệ kỹ thuật cơ khí (Chuyên ngành Công nghệ kỹ thuật khuôn mẫu)
137055,SKN,cong-nghe-ky-thuat-khuon-mau,D22,Điểm thi THPT,2025,14.0,Công nghệ kỹ thuật cơ khí (Chuyên ngành Công nghệ kỹ thuật khuôn mẫu)
137056,SKN,cong-nghe-ky-thuat-khuon-mau,D23,Điểm thi THPT,2025,14.0,Công nghệ kỹ thuật cơ khí (Chuyên ngành Công nghệ kỹ thuật khuôn mẫu)
137057,SKN,cong-nghe-ky-thuat-khuon-mau,D24,Điểm thi THPT,2025,14.0,Công nghệ kỹ thuật cơ khí (Chuyên ngành Công nghệ kỹ thuật khuôn mẫu)
137058,SKN,cong-nghe-ky-thuat-khuon-mau,D25,Điểm thi THPT,2025,14.0,Công nghệ kỹ thuật cơ khí (Chuyên ngành Công nghệ kỹ thuật khuôn mẫu)
137059,SKN,cong-nghe-ky-thuat-khuon-mau,D26,Điểm thi THPT,2025,14.0,Công nghệ kỹ thuật cơ khí (Chuyên ngành Công nghệ kỹ thuật khuôn mẫu)
137060,SKN,cong-nghe-ky-thuat-khuon-mau,D27,Điểm thi THPT,2025,14.0,Công nghệ kỹ thuật cơ khí (Chuyên ngành Công nghệ kỹ thuật khuôn mẫu)
137061,SKN,cong-nghe-ky-thuat-khuon-mau,D28,Điểm thi THPT,2025,14.0,Công nghệ kỹ thuật cơ khí (Chuyên ngành Công nghệ kỹ thuật khuôn mẫu)
137062,SKN,cong-nghe-ky-thuat-khuon-mau,D29,Điểm thi THPT,2025,14.0,Công nghệ kỹ thuật cơ khí (Chuyên ngành Công nghệ kỹ thuật khuôn mẫu)
137063,SKN,cong-nghe-ky-thuat-khuon-mau,D30,Điểm thi THPT,2025,14.0,Công nghệ kỹ thuật cơ khí (Chuyên ngành Công nghệ kỹ thuật khuôn mẫu)
137064,SKN,cong-nghe-ky-thuat-khuon-mau,X02,Điểm thi THPT,2025,14.0,Công nghệ kỹ thuật cơ khí (Chuyên ngành Công nghệ kỹ thuật khuôn mẫu)
137065,SKN,cong-nghe-ky-thuat-khuon-mau,X03,Điểm thi THPT,2025,14.0,Công nghệ kỹ thuật cơ khí (Chuyên ngành Công nghệ kỹ thuật khuôn mẫu)
137066,SKN,cong-nghe-ky-thuat-khuon-mau,X07,Điểm thi THPT,2025,14.0,Công nghệ kỹ thuật cơ khí (Chuyên ngành Công nghệ kỹ thuật khuôn mẫu)
137067,SKN,cong-nghe-ky-thuat-o-to,A00,Điểm học bạ,2024,18.0,Công nghệ kỹ thuật ô tô
137068,SKN,cong-nghe-ky-thuat-o-to,A01,Điểm học bạ,2024,18.0,Công nghệ kỹ thuật ô tô
137069,SKN,cong-nghe-ky-thuat-o-to,B00,Điểm học bạ,2024,18.0,Công nghệ kỹ thuật ô tô
137070,SKN,cong-nghe-ky-thuat-o-to,D01,Điểm học bạ,2024,18.0,Công nghệ kỹ thuật ô tô
137071,SKN,cong-nghe-ky-thuat-o-to,D02,Điểm học bạ,2024,18.0,Công nghệ kỹ thuật ô tô
137072,SKN,cong-nghe-ky-thuat-o-to,D03,Điểm học bạ,2024,18.0,Công nghệ kỹ thuật ô tô
137073,SKN,cong-nghe-ky-thuat-o-to,D04,Điểm học bạ,2024,18.0,Công nghệ kỹ thuật ô tô
137074,SKN,cong-nghe-ky-thuat-o-to,D05,Điểm học bạ,2024,18.0,Công nghệ kỹ thuật ô tô
137075,SKN,cong-nghe-ky-thuat-o-to,D06,Điểm học bạ,2024,18.0,Công nghệ kỹ thuật ô tô
137076,SKN,cong-nghe-ky-thuat-o-to,A00,Điểm thi THPT,2024,16.0,Công nghệ kỹ thuật ô tô
137077,SKN,cong-nghe-ky-thuat-o-to,A01,Điểm thi THPT,2024,16.0,Công nghệ kỹ thuật ô tô
137078,SKN,cong-nghe-ky-thuat-o-to,B00,Điểm thi THPT,2024,16.0,Công nghệ kỹ thuật ô tô
137079,SKN,cong-nghe-ky-thuat-o-to,D01,Điểm thi THPT,2024,16.0,Công nghệ kỹ thuật ô tô
137080,SKN,cong-nghe-ky-thuat-o-to,D02,Điểm thi THPT,2024,16.0,Công nghệ kỹ thuật ô tô
137081,SKN,cong-nghe-ky-thuat-o-to,D03,Điểm thi THPT,2024,16.0,Công nghệ kỹ thuật ô tô
137082,SKN,cong-nghe-ky-thuat-o-to,D04,Điểm thi THPT,2024,16.0,Công nghệ kỹ thuật ô tô
137083,SKN,cong-nghe-ky-thuat-o-to,D05,Điểm thi THPT,2024,16.0,Công nghệ kỹ thuật ô tô
137084,SKN,cong-nghe-ky-thuat-o-to,D06,Điểm thi THPT,2024,16.0,Công nghệ kỹ thuật ô tô
137085,SKN,cong-nghe-ky-thuat-o-to,A00,Điểm học bạ,2025,17.0,Công nghệ kỹ thuật ô tô
137086,SKN,cong-nghe-ky-thuat-o-to,A01,Điểm học bạ,2025,17.0,Công nghệ kỹ thuật ô tô
137087,SKN,cong-nghe-ky-thuat-o-to,B00,Điểm học bạ,2025,17.0,Công nghệ kỹ thuật ô tô
137088,SKN,cong-nghe-ky-thuat-o-to,C01,Điểm học bạ,2025,17.0,Công nghệ kỹ thuật ô tô
137089,SKN,cong-nghe-ky-thuat-o-to,C03,Điểm học bạ,2025,17.0,Công nghệ kỹ thuật ô tô
137090,SKN,cong-nghe-ky-thuat-o-to,D01,Điểm học bạ,2025,17.0,Công nghệ kỹ thuật ô tô
137091,SKN,cong-nghe-ky-thuat-o-to,D02,Điểm học bạ,2025,17.0,Công nghệ kỹ thuật ô tô
137092,SKN,cong-nghe-ky-thuat-o-to,D03,Điểm học bạ,2025,17.0,Công nghệ kỹ thuật ô tô
137093,SKN,cong-nghe-ky-thuat-o-to,D04,Điểm học bạ,2025,17.0,Công nghệ kỹ thuật ô tô
137094,SKN,cong-nghe-ky-thuat-o-to,D05,Điểm học bạ,2025,17.0,Công nghệ kỹ thuật ô tô
137095,SKN,cong-nghe-ky-thuat-o-to,D06,Điểm học bạ,2025,17.0,Công nghệ kỹ thuật ô tô
137096,SKN,cong-nghe-ky-thuat-o-to,D07,Điểm học bạ,2025,17.0,Công nghệ kỹ thuật ô tô
137097,SKN,cong-nghe-ky-thuat-o-to,D21,Điểm học bạ,2025,17.0,Công nghệ kỹ thuật ô tô
137098,SKN,cong-nghe-ky-thuat-o-to,D22,Điểm học bạ,2025,17.0,Công nghệ kỹ thuật ô tô
137099,SKN,cong-nghe-ky-thuat-o-to,D23,Điểm học bạ,2025,17.0,Công nghệ kỹ thuật ô tô
137100,SKN,cong-nghe-ky-thuat-o-to,D24,Điểm học bạ,2025,17.0,Công nghệ kỹ thuật ô tô
137101,SKN,cong-nghe-ky-thuat-o-to,D25,Điểm học bạ,2025,17.0,Công nghệ kỹ thuật ô tô
137102,SKN,cong-nghe-ky-thuat-o-to,D26,Điểm học bạ,2025,17.0,Công nghệ kỹ thuật ô tô
137103,SKN,cong-nghe-ky-thuat-o-to,D27,Điểm học bạ,2025,17.0,Công nghệ kỹ thuật ô tô
137104,SKN,cong-nghe-ky-thuat-o-to,D28,Điểm học bạ,2025,17.0,Công nghệ kỹ thuật ô tô
137105,SKN,cong-nghe-ky-thuat-o-to,D29,Điểm học bạ,2025,17.0,Công nghệ kỹ thuật ô tô
137106,SKN,cong-nghe-ky-thuat-o-to,D30,Điểm học bạ,2025,17.0,Công nghệ kỹ thuật ô tô
137107,SKN,cong-nghe-ky-thuat-o-to,X02,Điểm học bạ,2025,17.0,Công nghệ kỹ thuật ô tô
137108,SKN,cong-nghe-ky-thuat-o-to,X03,Điểm học bạ,2025,17.0,Công nghệ kỹ thuật ô tô
137109,SKN,cong-nghe-ky-thuat-o-to,X07,Điểm học bạ,2025,17.0,Công nghệ kỹ thuật ô tô
137110,SKN,cong-nghe-ky-thuat-o-to,A00,Điểm thi THPT,2025,14.0,Công nghệ kỹ thuật ô tô
137111,SKN,cong-nghe-ky-thuat-o-to,A01,Điểm thi THPT,2025,14.0,Công nghệ kỹ thuật ô tô
137112,SKN,cong-nghe-ky-thuat-o-to,B00,Điểm thi THPT,2025,14.0,Công nghệ kỹ thuật ô tô
137113,SKN,cong-nghe-ky-thuat-o-to,C01,Điểm thi THPT,2025,14.0,Công nghệ kỹ thuật ô tô
137114,SKN,cong-nghe-ky-thuat-o-to,C03,Điểm thi THPT,2025,14.0,Công nghệ kỹ thuật ô tô
137115,SKN,cong-nghe-ky-thuat-o-to,D01,Điểm thi THPT,2025,14.0,Công nghệ kỹ thuật ô tô
137116,SKN,cong-nghe-ky-thuat-o-to,D02,Điểm thi THPT,2025,14.0,Công nghệ kỹ thuật ô tô
137117,SKN,cong-nghe-ky-thuat-o-to,D03,Điểm thi THPT,2025,14.0,Công nghệ kỹ thuật ô tô
137118,SKN,cong-nghe-ky-thuat-o-to,D04,Điểm thi THPT,2025,14.0,Công nghệ kỹ thuật ô tô
137119,SKN,cong-nghe-ky-thuat-o-to,D05,Điểm thi THPT,2025,14.0,Công nghệ kỹ thuật ô tô
137120,SKN,cong-nghe-ky-thuat-o-to,D06,Điểm thi THPT,2025,14.0,Công nghệ kỹ thuật ô tô
137121,SKN,cong-nghe-ky-thuat-o-to,D07,Điểm thi THPT,2025,14.0,Công nghệ kỹ thuật ô tô
137122,SKN,cong-nghe-ky-thuat-o-to,D21,Điểm thi THPT,2025,14.0,Công nghệ kỹ thuật ô tô
137123,SKN,cong-nghe-ky-thuat-o-to,D22,Điểm thi THPT,2025,14.0,Công nghệ kỹ thuật ô tô
137124,SKN,cong-nghe-ky-thuat-o-to,D23,Điểm thi THPT,2025,14.0,Công nghệ kỹ thuật ô tô
137125,SKN,cong-nghe-ky-thuat-o-to,D24,Điểm thi THPT,2025,14.0,Công nghệ kỹ thuật ô tô
137126,SKN,cong-nghe-ky-thuat-o-to,D25,Điểm thi THPT,2025,14.0,Công nghệ kỹ thuật ô tô
137127,SKN,cong-nghe-ky-thuat-o-to,D26,Điểm thi THPT,2025,14.0,Công nghệ kỹ thuật ô tô
137128,SKN,cong-nghe-ky-thuat-o-to,D27,Điểm thi THPT,2025,14.0,Công nghệ kỹ thuật ô tô
137129,SKN,cong-nghe-ky-thuat-o-to,D28,Điểm thi THPT,2025,14.0,Công nghệ kỹ thuật ô tô
137130,SKN,cong-nghe-ky-thuat-o-to,D29,Điểm thi THPT,2025,14.0,Công nghệ kỹ thuật ô tô
137131,SKN,cong-nghe-ky-thuat-o-to,D30,Điểm thi THPT,2025,14.0,Công nghệ kỹ thuật ô tô
137132,SKN,cong-nghe-ky-thuat-o-to,X02,Điểm thi THPT,2025,14.0,Công nghệ kỹ thuật ô tô
137133,SKN,cong-nghe-ky-thuat-o-to,X03,Điểm thi THPT,2025,14.0,Công nghệ kỹ thuật ô tô
137134,SKN,cong-nghe-ky-thuat-o-to,X07,Điểm thi THPT,2025,14.0,Công nghệ kỹ thuật ô tô
137135,SKN,cong-nghe-ky-thuat-oto,A00,Điểm học bạ,2021,15.0,Công nghệ kỹ thuật ôtô
137136,SKN,cong-nghe-ky-thuat-oto,A01,Điểm học bạ,2021,15.0,Công nghệ kỹ thuật ôtô
137137,SKN,cong-nghe-ky-thuat-oto,B00,Điểm học bạ,2021,15.0,Công nghệ kỹ thuật ôtô
137138,SKN,cong-nghe-ky-thuat-oto,D01,Điểm học bạ,2021,15.0,Công nghệ kỹ thuật ôtô
137139,SKN,cong-nghe-ky-thuat-oto,D02,Điểm học bạ,2021,15.0,Công nghệ kỹ thuật ôtô
137140,SKN,cong-nghe-ky-thuat-oto,D03,Điểm học bạ,2021,15.0,Công nghệ kỹ thuật ôtô
137141,SKN,cong-nghe-ky-thuat-oto,D04,Điểm học bạ,2021,15.0,Công nghệ kỹ thuật ôtô
137142,SKN,cong-nghe-ky-thuat-oto,D05,Điểm học bạ,2021,15.0,Công nghệ kỹ thuật ôtô
137143,SKN,cong-nghe-ky-thuat-oto,D06,Điểm học bạ,2021,15.0,Công nghệ kỹ thuật ôtô
137144,SKN,cong-nghe-ky-thuat-oto,A00,Điểm thi THPT,2021,15.0,Công nghệ kỹ thuật ôtô
137145,SKN,cong-nghe-ky-thuat-oto,A01,Điểm thi THPT,2021,15.0,Công nghệ kỹ thuật ôtô
137146,SKN,cong-nghe-ky-thuat-oto,B00,Điểm thi THPT,2021,15.0,Công nghệ kỹ thuật ôtô
137147,SKN,cong-nghe-ky-thuat-oto,D01,Điểm thi THPT,2021,15.0,Công nghệ kỹ thuật ôtô
137148,SKN,cong-nghe-ky-thuat-oto,D02,Điểm thi THPT,2021,15.0,Công nghệ kỹ thuật ôtô
137149,SKN,cong-nghe-ky-thuat-oto,D03,Điểm thi THPT,2021,15.0,Công nghệ kỹ thuật ôtô
137150,SKN,cong-nghe-ky-thuat-oto,D04,Điểm thi THPT,2021,15.0,Công nghệ kỹ thuật ôtô
137151,SKN,cong-nghe-ky-thuat-oto,D05,Điểm thi THPT,2021,15.0,Công nghệ kỹ thuật ôtô
137152,SKN,cong-nghe-ky-thuat-oto,D06,Điểm thi THPT,2021,15.0,Công nghệ kỹ thuật ôtô
137153,SKN,cong-nghe-ky-thuat-oto,A00,Điểm học bạ,2023,16.0,Công nghệ kỹ thuật ôtô
137154,SKN,cong-nghe-ky-thuat-oto,A01,Điểm học bạ,2023,16.0,Công nghệ kỹ thuật ôtô
137155,SKN,cong-nghe-ky-thuat-oto,B00,Điểm học bạ,2023,16.0,Công nghệ kỹ thuật ôtô
137156,SKN,cong-nghe-ky-thuat-oto,D01,Điểm học bạ,2023,16.0,Công nghệ kỹ thuật ôtô
137157,SKN,cong-nghe-ky-thuat-oto,D02,Điểm học bạ,2023,16.0,Công nghệ kỹ thuật ôtô
137158,SKN,cong-nghe-ky-thuat-oto,D03,Điểm học bạ,2023,16.0,Công nghệ kỹ thuật ôtô
137159,SKN,cong-nghe-ky-thuat-oto,D04,Điểm học bạ,2023,16.0,Công nghệ kỹ thuật ôtô
137160,SKN,cong-nghe-ky-thuat-oto,D05,Điểm học bạ,2023,16.0,Công nghệ kỹ thuật ôtô
137161,SKN,cong-nghe-ky-thuat-oto,D06,Điểm học bạ,2023,16.0,Công nghệ kỹ thuật ôtô
137162,SKN,cong-nghe-ky-thuat-oto,A00,Điểm thi THPT,2023,16.0,Công nghệ kỹ thuật ôtô
137163,SKN,cong-nghe-ky-thuat-oto,A01,Điểm thi THPT,2023,16.0,Công nghệ kỹ thuật ôtô
137164,SKN,cong-nghe-ky-thuat-oto,B00,Điểm thi THPT,2023,16.0,Công nghệ kỹ thuật ôtô
137165,SKN,cong-nghe-ky-thuat-oto,D01,Điểm thi THPT,2023,16.0,Công nghệ kỹ thuật ôtô
137166,SKN,cong-nghe-ky-thuat-oto,D02,Điểm thi THPT,2023,16.0,Công nghệ kỹ thuật ôtô
137167,SKN,cong-nghe-ky-thuat-oto,D03,Điểm thi THPT,2023,16.0,Công nghệ kỹ thuật ôtô
137168,SKN,cong-nghe-ky-thuat-oto,D04,Điểm thi THPT,2023,16.0,Công nghệ kỹ thuật ôtô
137169,SKN,cong-nghe-ky-thuat-oto,D05,Điểm thi THPT,2023,16.0,Công nghệ kỹ thuật ôtô
137170,SKN,cong-nghe-ky-thuat-oto,D06,Điểm thi THPT,2023,16.0,Công nghệ kỹ thuật ôtô
137171,SKN,cong-nghe-thong-tin,A00,Điểm học bạ,2021,15.0,Công nghệ thông tin
137172,SKN,cong-nghe-thong-tin,A01,Điểm học bạ,2021,15.0,Công nghệ thông tin
137173,SKN,cong-nghe-thong-tin,B00,Điểm học bạ,2021,15.0,Công nghệ thông tin
137174,SKN,cong-nghe-thong-tin,D01,Điểm học bạ,2021,15.0,Công nghệ thông tin
137175,SKN,cong-nghe-thong-tin,D02,Điểm học bạ,2021,15.0,Công nghệ thông tin
137176,SKN,cong-nghe-thong-tin,D03,Điểm học bạ,2021,15.0,Công nghệ thông tin
137177,SKN,cong-nghe-thong-tin,D04,Điểm học bạ,2021,15.0,Công nghệ thông tin
137178,SKN,cong-nghe-thong-tin,D05,Điểm học bạ,2021,15.0,Công nghệ thông tin
137179,SKN,cong-nghe-thong-tin,D06,Điểm học bạ,2021,15.0,Công nghệ thông tin
137180,SKN,cong-nghe-thong-tin,A00,Điểm thi THPT,2021,15.0,Công nghệ thông tin
137181,SKN,cong-nghe-thong-tin,A01,Điểm thi THPT,2021,15.0,Công nghệ thông tin
137182,SKN,cong-nghe-thong-tin,B00,Điểm thi THPT,2021,15.0,Công nghệ thông tin
137183,SKN,cong-nghe-thong-tin,D01,Điểm thi THPT,2021,15.0,Công nghệ thông tin
137184,SKN,cong-nghe-thong-tin,D02,Điểm thi THPT,2021,15.0,Công nghệ thông tin
137185,SKN,cong-nghe-thong-tin,D03,Điểm thi THPT,2021,15.0,Công nghệ thông tin
137186,SKN,cong-nghe-thong-tin,D04,Điểm thi THPT,2021,15.0,Công nghệ thông tin
137187,SKN,cong-nghe-thong-tin,D05,Điểm thi THPT,2021,15.0,Công nghệ thông tin
137188,SKN,cong-nghe-thong-tin,D06,Điểm thi THPT,2021,15.0,Công nghệ thông tin
137189,SKN,cong-nghe-thong-tin,A00,Điểm học bạ,2023,16.0,Công nghệ thông tin
137190,SKN,cong-nghe-thong-tin,A01,Điểm học bạ,2023,16.0,Công nghệ thông tin
137191,SKN,cong-nghe-thong-tin,B00,Điểm học bạ,2023,16.0,Công nghệ thông tin
137192,SKN,cong-nghe-thong-tin,D01,Điểm học bạ,2023,16.0,Công nghệ thông tin
137193,SKN,cong-nghe-thong-tin,D02,Điểm học bạ,2023,16.0,Công nghệ thông tin
137194,SKN,cong-nghe-thong-tin,D03,Điểm học bạ,2023,16.0,Công nghệ thông tin
137195,SKN,cong-nghe-thong-tin,D04,Điểm học bạ,2023,16.0,Công nghệ thông tin
137196,SKN,cong-nghe-thong-tin,D05,Điểm học bạ,2023,16.0,Công nghệ thông tin
137197,SKN,cong-nghe-thong-tin,D06,Điểm học bạ,2023,16.0,Công nghệ thông tin
137198,SKN,cong-nghe-thong-tin,A00,Điểm thi THPT,2023,16.0,Công nghệ thông tin
137199,SKN,cong-nghe-thong-tin,A01,Điểm thi THPT,2023,16.0,Công nghệ thông tin
137200,SKN,cong-nghe-thong-tin,B00,Điểm thi THPT,2023,16.0,Công nghệ thông tin
137201,SKN,cong-nghe-thong-tin,D01,Điểm thi THPT,2023,16.0,Công nghệ thông tin
137202,SKN,cong-nghe-thong-tin,D02,Điểm thi THPT,2023,16.0,Công nghệ thông tin
137203,SKN,cong-nghe-thong-tin,D03,Điểm thi THPT,2023,16.0,Công nghệ thông tin
137204,SKN,cong-nghe-thong-tin,D04,Điểm thi THPT,2023,16.0,Công nghệ thông tin
137205,SKN,cong-nghe-thong-tin,D05,Điểm thi THPT,2023,16.0,Công nghệ thông tin
137206,SKN,cong-nghe-thong-tin,D06,Điểm thi THPT,2023,16.0,Công nghệ thông tin
137207,SKN,cong-nghe-thong-tin,A00,Điểm học bạ,2024,18.0,Công nghệ thông tin
137208,SKN,cong-nghe-thong-tin,A01,Điểm học bạ,2024,18.0,Công nghệ thông tin
137209,SKN,cong-nghe-thong-tin,B00,Điểm học bạ,2024,18.0,Công nghệ thông tin
137210,SKN,cong-nghe-thong-tin,D01,Điểm học bạ,2024,18.0,Công nghệ thông tin
137211,SKN,cong-nghe-thong-tin,D02,Điểm học bạ,2024,18.0,Công nghệ thông tin
137212,SKN,cong-nghe-thong-tin,D03,Điểm học bạ,2024,18.0,Công nghệ thông tin
137213,SKN,cong-nghe-thong-tin,D04,Điểm học bạ,2024,18.0,Công nghệ thông tin
137214,SKN,cong-nghe-thong-tin,D05,Điểm học bạ,2024,18.0,Công nghệ thông tin
137215,SKN,cong-nghe-thong-tin,D06,Điểm học bạ,2024,18.0,Công nghệ thông tin
137216,SKN,cong-nghe-thong-tin,A00,Điểm thi THPT,2024,16.0,Công nghệ thông tin
137217,SKN,cong-nghe-thong-tin,A01,Điểm thi THPT,2024,16.0,Công nghệ thông tin
137218,SKN,cong-nghe-thong-tin,B00,Điểm thi THPT,2024,16.0,Công nghệ thông tin
137219,SKN,cong-nghe-thong-tin,D01,Điểm thi THPT,2024,16.0,Công nghệ thông tin
137220,SKN,cong-nghe-thong-tin,D02,Điểm thi THPT,2024,16.0,Công nghệ thông tin
137221,SKN,cong-nghe-thong-tin,D03,Điểm thi THPT,2024,16.0,Công nghệ thông tin
137222,SKN,cong-nghe-thong-tin,D04,Điểm thi THPT,2024,16.0,Công nghệ thông tin
137223,SKN,cong-nghe-thong-tin,D05,Điểm thi THPT,2024,16.0,Công nghệ thông tin
137224,SKN,cong-nghe-thong-tin,D06,Điểm thi THPT,2024,16.0,Công nghệ thông tin
137225,SKN,cong-nghe-thong-tin,A00,Điểm học bạ,2025,17.0,Công nghệ thông tin
137226,SKN,cong-nghe-thong-tin,A01,Điểm học bạ,2025,17.0,Công nghệ thông tin
137227,SKN,cong-nghe-thong-tin,B00,Điểm học bạ,2025,17.0,Công nghệ thông tin
137228,SKN,cong-nghe-thong-tin,C01,Điểm học bạ,2025,17.0,Công nghệ thông tin
137229,SKN,cong-nghe-thong-tin,C03,Điểm học bạ,2025,17.0,Công nghệ thông tin
137230,SKN,cong-nghe-thong-tin,D01,Điểm học bạ,2025,17.0,Công nghệ thông tin
137231,SKN,cong-nghe-thong-tin,D02,Điểm học bạ,2025,17.0,Công nghệ thông tin
137232,SKN,cong-nghe-thong-tin,D03,Điểm học bạ,2025,17.0,Công nghệ thông tin
137233,SKN,cong-nghe-thong-tin,D04,Điểm học bạ,2025,17.0,Công nghệ thông tin
137234,SKN,cong-nghe-thong-tin,D05,Điểm học bạ,2025,17.0,Công nghệ thông tin
137235,SKN,cong-nghe-thong-tin,D06,Điểm học bạ,2025,17.0,Công nghệ thông tin
137236,SKN,cong-nghe-thong-tin,D07,Điểm học bạ,2025,17.0,Công nghệ thông tin
137237,SKN,cong-nghe-thong-tin,D21,Điểm học bạ,2025,17.0,Công nghệ thông tin
137238,SKN,cong-nghe-thong-tin,D22,Điểm học bạ,2025,17.0,Công nghệ thông tin
137239,SKN,cong-nghe-thong-tin,D23,Điểm học bạ,2025,17.0,Công nghệ thông tin
137240,SKN,cong-nghe-thong-tin,D24,Điểm học bạ,2025,17.0,Công nghệ thông tin
137241,SKN,cong-nghe-thong-tin,D25,Điểm học bạ,2025,17.0,Công nghệ thông tin
137242,SKN,cong-nghe-thong-tin,D26,Điểm học bạ,2025,17.0,Công nghệ thông tin
137243,SKN,cong-nghe-thong-tin,D27,Điểm học bạ,2025,17.0,Công nghệ thông tin
137244,SKN,cong-nghe-thong-tin,D28,Điểm học bạ,2025,17.0,Công nghệ thông tin
137245,SKN,cong-nghe-thong-tin,D29,Điểm học bạ,2025,17.0,Công nghệ thông tin
137246,SKN,cong-nghe-thong-tin,D30,Điểm học bạ,2025,17.0,Công nghệ thông tin
137247,SKN,cong-nghe-thong-tin,X02,Điểm học bạ,2025,17.0,Công nghệ thông tin
137248,SKN,cong-nghe-thong-tin,X03,Điểm học bạ,2025,17.0,Công nghệ thông tin
137249,SKN,cong-nghe-thong-tin,X07,Điểm học bạ,2025,17.0,Công nghệ thông tin
137250,SKN,cong-nghe-thong-tin,A00,Điểm thi THPT,2025,14.0,Công nghệ thông tin
137251,SKN,cong-nghe-thong-tin,A01,Điểm thi THPT,2025,14.0,Công nghệ thông tin
137252,SKN,cong-nghe-thong-tin,B00,Điểm thi THPT,2025,14.0,Công nghệ thông tin
137253,SKN,cong-nghe-thong-tin,C01,Điểm thi THPT,2025,14.0,Công nghệ thông tin
137254,SKN,cong-nghe-thong-tin,C03,Điểm thi THPT,2025,14.0,Công nghệ thông tin
137255,SKN,cong-nghe-thong-tin,D01,Điểm thi THPT,2025,14.0,Công nghệ thông tin
137256,SKN,cong-nghe-thong-tin,D02,Điểm thi THPT,2025,14.0,Công nghệ thông tin
137257,SKN,cong-nghe-thong-tin,D03,Điểm thi THPT,2025,14.0,Công nghệ thông tin
137258,SKN,cong-nghe-thong-tin,D04,Điểm thi THPT,2025,14.0,Công nghệ thông tin
137259,SKN,cong-nghe-thong-tin,D05,Điểm thi THPT,2025,14.0,Công nghệ thông tin
137260,SKN,cong-nghe-thong-tin,D06,Điểm thi THPT,2025,14.0,Công nghệ thông tin
137261,SKN,cong-nghe-thong-tin,D07,Điểm thi THPT,2025,14.0,Công nghệ thông tin
137262,SKN,cong-nghe-thong-tin,D21,Điểm thi THPT,2025,14.0,Công nghệ thông tin
137263,SKN,cong-nghe-thong-tin,D22,Điểm thi THPT,2025,14.0,Công nghệ thông tin
137264,SKN,cong-nghe-thong-tin,D23,Điểm thi THPT,2025,14.0,Công nghệ thông tin
137265,SKN,cong-nghe-thong-tin,D24,Điểm thi THPT,2025,14.0,Công nghệ thông tin
137266,SKN,cong-nghe-thong-tin,D25,Điểm thi THPT,2025,14.0,Công nghệ thông tin
137267,SKN,cong-nghe-thong-tin,D26,Điểm thi THPT,2025,14.0,Công nghệ thông tin
137268,SKN,cong-nghe-thong-tin,D27,Điểm thi THPT,2025,14.0,Công nghệ thông tin
137269,SKN,cong-nghe-thong-tin,D28,Điểm thi THPT,2025,14.0,Công nghệ thông tin
137270,SKN,cong-nghe-thong-tin,D29,Điểm thi THPT,2025,14.0,Công nghệ thông tin
137271,SKN,cong-nghe-thong-tin,D30,Điểm thi THPT,2025,14.0,Công nghệ thông tin
137272,SKN,cong-nghe-thong-tin,X02,Điểm thi THPT,2025,14.0,Công nghệ thông tin
137273,SKN,cong-nghe-thong-tin,X03,Điểm thi THPT,2025,14.0,Công nghệ thông tin
137274,SKN,cong-nghe-thong-tin,X07,Điểm thi THPT,2025,14.0,Công nghệ thông tin
137275,SKN,do-hoa-may-tinh,A00,Điểm học bạ,2023,16.0,Đồ họa máy tính
137276,SKN,do-hoa-may-tinh,A01,Điểm học bạ,2023,16.0,Đồ họa máy tính
137277,SKN,do-hoa-may-tinh,B00,Điểm học bạ,2023,16.0,Đồ họa máy tính
137278,SKN,do-hoa-may-tinh,D01,Điểm học bạ,2023,16.0,Đồ họa máy tính
137279,SKN,do-hoa-may-tinh,D02,Điểm học bạ,2023,16.0,Đồ họa máy tính
137280,SKN,do-hoa-may-tinh,D03,Điểm học bạ,2023,16.0,Đồ họa máy tính
137281,SKN,do-hoa-may-tinh,D04,Điểm học bạ,2023,16.0,Đồ họa máy tính
137282,SKN,do-hoa-may-tinh,D05,Điểm học bạ,2023,16.0,Đồ họa máy tính
137283,SKN,do-hoa-may-tinh,D06,Điểm học bạ,2023,16.0,Đồ họa máy tính
137284,SKN,do-hoa-may-tinh,A00,Điểm thi THPT,2023,16.0,Đồ họa máy tính
137285,SKN,do-hoa-may-tinh,A01,Điểm thi THPT,2023,16.0,Đồ họa máy tính
137286,SKN,do-hoa-may-tinh,B00,Điểm thi THPT,2023,16.0,Đồ họa máy tính
137287,SKN,do-hoa-may-tinh,D01,Điểm thi THPT,2023,16.0,Đồ họa máy tính
137288,SKN,do-hoa-may-tinh,D02,Điểm thi THPT,2023,16.0,Đồ họa máy tính
137289,SKN,do-hoa-may-tinh,D03,Điểm thi THPT,2023,16.0,Đồ họa máy tính
137290,SKN,do-hoa-may-tinh,D04,Điểm thi THPT,2023,16.0,Đồ họa máy tính
137291,SKN,do-hoa-may-tinh,D05,Điểm thi THPT,2023,16.0,Đồ họa máy tính
137292,SKN,do-hoa-may-tinh,D06,Điểm thi THPT,2023,16.0,Đồ họa máy tính
137293,SKN,do-hoa-may-tinh,A00,Điểm học bạ,2024,18.0,Đồ họa máy tính (chuyên ngành)
137294,SKN,do-hoa-may-tinh,A01,Điểm học bạ,2024,18.0,Đồ họa máy tính (chuyên ngành)
137295,SKN,do-hoa-may-tinh,B00,Điểm học bạ,2024,18.0,Đồ họa máy tính (chuyên ngành)
137296,SKN,do-hoa-may-tinh,D01,Điểm học bạ,2024,18.0,Đồ họa máy tính (chuyên ngành)
137297,SKN,do-hoa-may-tinh,D02,Điểm học bạ,2024,18.0,Đồ họa máy tính (chuyên ngành)
137298,SKN,do-hoa-may-tinh,D03,Điểm học bạ,2024,18.0,Đồ họa máy tính (chuyên ngành)
137299,SKN,do-hoa-may-tinh,D04,Điểm học bạ,2024,18.0,Đồ họa máy tính (chuyên ngành)
137300,SKN,do-hoa-may-tinh,D05,Điểm học bạ,2024,18.0,Đồ họa máy tính (chuyên ngành)
137301,SKN,do-hoa-may-tinh,D06,Điểm học bạ,2024,18.0,Đồ họa máy tính (chuyên ngành)
137302,SKN,do-hoa-may-tinh,A00,Điểm thi THPT,2024,16.0,Đồ họa máy tính (chuyên ngành)
137303,SKN,do-hoa-may-tinh,A01,Điểm thi THPT,2024,16.0,Đồ họa máy tính (chuyên ngành)
137304,SKN,do-hoa-may-tinh,B00,Điểm thi THPT,2024,16.0,Đồ họa máy tính (chuyên ngành)
137305,SKN,do-hoa-may-tinh,D01,Điểm thi THPT,2024,16.0,Đồ họa máy tính (chuyên ngành)
137306,SKN,do-hoa-may-tinh,D02,Điểm thi THPT,2024,16.0,Đồ họa máy tính (chuyên ngành)
137307,SKN,do-hoa-may-tinh,D03,Điểm thi THPT,2024,16.0,Đồ họa máy tính (chuyên ngành)
137308,SKN,do-hoa-may-tinh,D04,Điểm thi THPT,2024,16.0,Đồ họa máy tính (chuyên ngành)
137309,SKN,do-hoa-may-tinh,D05,Điểm thi THPT,2024,16.0,Đồ họa máy tính (chuyên ngành)
137310,SKN,do-hoa-may-tinh,D06,Điểm thi THPT,2024,16.0,Đồ họa máy tính (chuyên ngành)
137311,SKN,do-hoa-may-tinh,A00,Điểm học bạ,2025,17.0,Công nghệ thông tin (Chuyên ngành Đồ họa máy tính)
137312,SKN,do-hoa-may-tinh,A01,Điểm học bạ,2025,17.0,Công nghệ thông tin (Chuyên ngành Đồ họa máy tính)
137313,SKN,do-hoa-may-tinh,B00,Điểm học bạ,2025,17.0,Công nghệ thông tin (Chuyên ngành Đồ họa máy tính)
137314,SKN,do-hoa-may-tinh,C01,Điểm học bạ,2025,17.0,Công nghệ thông tin (Chuyên ngành Đồ họa máy tính)
137315,SKN,do-hoa-may-tinh,C03,Điểm học bạ,2025,17.0,Công nghệ thông tin (Chuyên ngành Đồ họa máy tính)
137316,SKN,do-hoa-may-tinh,D01,Điểm học bạ,2025,17.0,Công nghệ thông tin (Chuyên ngành Đồ họa máy tính)
137317,SKN,do-hoa-may-tinh,D02,Điểm học bạ,2025,17.0,Công nghệ thông tin (Chuyên ngành Đồ họa máy tính)
137318,SKN,do-hoa-may-tinh,D03,Điểm học bạ,2025,17.0,Công nghệ thông tin (Chuyên ngành Đồ họa máy tính)
137319,SKN,do-hoa-may-tinh,D04,Điểm học bạ,2025,17.0,Công nghệ thông tin (Chuyên ngành Đồ họa máy tính)
137320,SKN,do-hoa-may-tinh,D05,Điểm học bạ,2025,17.0,Công nghệ thông tin (Chuyên ngành Đồ họa máy tính)
137321,SKN,do-hoa-may-tinh,D06,Điểm học bạ,2025,17.0,Công nghệ thông tin (Chuyên ngành Đồ họa máy tính)
137322,SKN,do-hoa-may-tinh,D07,Điểm học bạ,2025,17.0,Công nghệ thông tin (Chuyên ngành Đồ họa máy tính)
137323,SKN,do-hoa-may-tinh,D21,Điểm học bạ,2025,17.0,Công nghệ thông tin (Chuyên ngành Đồ họa máy tính)
137324,SKN,do-hoa-may-tinh,D22,Điểm học bạ,2025,17.0,Công nghệ thông tin (Chuyên ngành Đồ họa máy tính)
137325,SKN,do-hoa-may-tinh,D23,Điểm học bạ,2025,17.0,Công nghệ thông tin (Chuyên ngành Đồ họa máy tính)
137326,SKN,do-hoa-may-tinh,D24,Điểm học bạ,2025,17.0,Công nghệ thông tin (Chuyên ngành Đồ họa máy tính)
137327,SKN,do-hoa-may-tinh,D25,Điểm học bạ,2025,17.0,Công nghệ thông tin (Chuyên ngành Đồ họa máy tính)
137328,SKN,do-hoa-may-tinh,D26,Điểm học bạ,2025,17.0,Công nghệ thông tin (Chuyên ngành Đồ họa máy tính)
137329,SKN,do-hoa-may-tinh,D27,Điểm học bạ,2025,17.0,Công nghệ thông tin (Chuyên ngành Đồ họa máy tính)
137330,SKN,do-hoa-may-tinh,D28,Điểm học bạ,2025,17.0,Công nghệ thông tin (Chuyên ngành Đồ họa máy tính)
137331,SKN,do-hoa-may-tinh,D29,Điểm học bạ,2025,17.0,Công nghệ thông tin (Chuyên ngành Đồ họa máy tính)
137332,SKN,do-hoa-may-tinh,D30,Điểm học bạ,2025,17.0,Công nghệ thông tin (Chuyên ngành Đồ họa máy tính)
137333,SKN,do-hoa-may-tinh,X02,Điểm học bạ,2025,17.0,Công nghệ thông tin (Chuyên ngành Đồ họa máy tính)
137334,SKN,do-hoa-may-tinh,X03,Điểm học bạ,2025,17.0,Công nghệ thông tin (Chuyên ngành Đồ họa máy tính)
137335,SKN,do-hoa-may-tinh,X07,Điểm học bạ,2025,17.0,Công nghệ thông tin (Chuyên ngành Đồ họa máy tính)
137336,SKN,do-hoa-may-tinh,A00,Điểm thi THPT,2025,14.0,Công nghệ thông tin (Chuyên ngành Đồ họa máy tính)
137337,SKN,do-hoa-may-tinh,A01,Điểm thi THPT,2025,14.0,Công nghệ thông tin (Chuyên ngành Đồ họa máy tính)
137338,SKN,do-hoa-may-tinh,B00,Điểm thi THPT,2025,14.0,Công nghệ thông tin (Chuyên ngành Đồ họa máy tính)
137339,SKN,do-hoa-may-tinh,C01,Điểm thi THPT,2025,14.0,Công nghệ thông tin (Chuyên ngành Đồ họa máy tính)
137340,SKN,do-hoa-may-tinh,C03,Điểm thi THPT,2025,14.0,Công nghệ thông tin (Chuyên ngành Đồ họa máy tính)
137341,SKN,do-hoa-may-tinh,D01,Điểm thi THPT,2025,14.0,Công nghệ thông tin (Chuyên ngành Đồ họa máy tính)
137342,SKN,do-hoa-may-tinh,D02,Điểm thi THPT,2025,14.0,Công nghệ thông tin (Chuyên ngành Đồ họa máy tính)
137343,SKN,do-hoa-may-tinh,D03,Điểm thi THPT,2025,14.0,Công nghệ thông tin (Chuyên ngành Đồ họa máy tính)
137344,SKN,do-hoa-may-tinh,D04,Điểm thi THPT,2025,14.0,Công nghệ thông tin (Chuyên ngành Đồ họa máy tính)
137345,SKN,do-hoa-may-tinh,D05,Điểm thi THPT,2025,14.0,Công nghệ thông tin (Chuyên ngành Đồ họa máy tính)
137346,SKN,do-hoa-may-tinh,D06,Điểm thi THPT,2025,14.0,Công nghệ thông tin (Chuyên ngành Đồ họa máy tính)
137347,SKN,do-hoa-may-tinh,D07,Điểm thi THPT,2025,14.0,Công nghệ thông tin (Chuyên ngành Đồ họa máy tính)
137348,SKN,do-hoa-may-tinh,D21,Điểm thi THPT,2025,14.0,Công nghệ thông tin (Chuyên ngành Đồ họa máy tính)
137349,SKN,do-hoa-may-tinh,D22,Điểm thi THPT,2025,14.0,Công nghệ thông tin (Chuyên ngành Đồ họa máy tính)
137350,SKN,do-hoa-may-tinh,D23,Điểm thi THPT,2025,14.0,Công nghệ thông tin (Chuyên ngành Đồ họa máy tính)
137351,SKN,do-hoa-may-tinh,D24,Điểm thi THPT,2025,14.0,Công nghệ thông tin (Chuyên ngành Đồ họa máy tính)
137352,SKN,do-hoa-may-tinh,D25,Điểm thi THPT,2025,14.0,Công nghệ thông tin (Chuyên ngành Đồ họa máy tính)
137353,SKN,do-hoa-may-tinh,D26,Điểm thi THPT,2025,14.0,Công nghệ thông tin (Chuyên ngành Đồ họa máy tính)
137354,SKN,do-hoa-may-tinh,D27,Điểm thi THPT,2025,14.0,Công nghệ thông tin (Chuyên ngành Đồ họa máy tính)
137355,SKN,do-hoa-may-tinh,D28,Điểm thi THPT,2025,14.0,Công nghệ thông tin (Chuyên ngành Đồ họa máy tính)
137356,SKN,do-hoa-may-tinh,D29,Điểm thi THPT,2025,14.0,Công nghệ thông tin (Chuyên ngành Đồ họa máy tính)
137357,SKN,do-hoa-may-tinh,D30,Điểm thi THPT,2025,14.0,Công nghệ thông tin (Chuyên ngành Đồ họa máy tính)
137358,SKN,do-hoa-may-tinh,X02,Điểm thi THPT,2025,14.0,Công nghệ thông tin (Chuyên ngành Đồ họa máy tính)
137359,SKN,do-hoa-may-tinh,X03,Điểm thi THPT,2025,14.0,Công nghệ thông tin (Chuyên ngành Đồ họa máy tính)
137360,SKN,do-hoa-may-tinh,X07,Điểm thi THPT,2025,14.0,Công nghệ thông tin (Chuyên ngành Đồ họa máy tính)
137361,SKN,he-thong-dien,A00,Điểm học bạ,2021,15.0,Hệ thống điện
137362,SKN,he-thong-dien,A01,Điểm học bạ,2021,15.0,Hệ thống điện
137363,SKN,he-thong-dien,B00,Điểm học bạ,2021,15.0,Hệ thống điện
137364,SKN,he-thong-dien,D01,Điểm học bạ,2021,15.0,Hệ thống điện
137365,SKN,he-thong-dien,D02,Điểm học bạ,2021,15.0,Hệ thống điện
137366,SKN,he-thong-dien,D03,Điểm học bạ,2021,15.0,Hệ thống điện
137367,SKN,he-thong-dien,D04,Điểm học bạ,2021,15.0,Hệ thống điện
137368,SKN,he-thong-dien,D05,Điểm học bạ,2021,15.0,Hệ thống điện
137369,SKN,he-thong-dien,D06,Điểm học bạ,2021,15.0,Hệ thống điện
137370,SKN,he-thong-dien,A00,Điểm thi THPT,2021,15.0,Hệ thống điện
137371,SKN,he-thong-dien,A01,Điểm thi THPT,2021,15.0,Hệ thống điện
137372,SKN,he-thong-dien,B00,Điểm thi THPT,2021,15.0,Hệ thống điện
137373,SKN,he-thong-dien,D01,Điểm thi THPT,2021,15.0,Hệ thống điện
137374,SKN,he-thong-dien,D02,Điểm thi THPT,2021,15.0,Hệ thống điện
137375,SKN,he-thong-dien,D03,Điểm thi THPT,2021,15.0,Hệ thống điện
137376,SKN,he-thong-dien,D04,Điểm thi THPT,2021,15.0,Hệ thống điện
137377,SKN,he-thong-dien,D05,Điểm thi THPT,2021,15.0,Hệ thống điện
137378,SKN,he-thong-dien,D06,Điểm thi THPT,2021,15.0,Hệ thống điện
137379,SKN,he-thong-dien,A00,Điểm học bạ,2023,16.0,Hệ thống điện
137380,SKN,he-thong-dien,A01,Điểm học bạ,2023,16.0,Hệ thống điện
137381,SKN,he-thong-dien,B00,Điểm học bạ,2023,16.0,Hệ thống điện
137382,SKN,he-thong-dien,D01,Điểm học bạ,2023,16.0,Hệ thống điện
137383,SKN,he-thong-dien,D02,Điểm học bạ,2023,16.0,Hệ thống điện
137384,SKN,he-thong-dien,D03,Điểm học bạ,2023,16.0,Hệ thống điện
137385,SKN,he-thong-dien,D04,Điểm học bạ,2023,16.0,Hệ thống điện
137386,SKN,he-thong-dien,D05,Điểm học bạ,2023,16.0,Hệ thống điện
137387,SKN,he-thong-dien,D06,Điểm học bạ,2023,16.0,Hệ thống điện
137388,SKN,he-thong-dien,A00,Điểm thi THPT,2023,16.0,Hệ thống điện
137389,SKN,he-thong-dien,A01,Điểm thi THPT,2023,16.0,Hệ thống điện
137390,SKN,he-thong-dien,B00,Điểm thi THPT,2023,16.0,Hệ thống điện
137391,SKN,he-thong-dien,D01,Điểm thi THPT,2023,16.0,Hệ thống điện
137392,SKN,he-thong-dien,D02,Điểm thi THPT,2023,16.0,Hệ thống điện
137393,SKN,he-thong-dien,D03,Điểm thi THPT,2023,16.0,Hệ thống điện
137394,SKN,he-thong-dien,D04,Điểm thi THPT,2023,16.0,Hệ thống điện
137395,SKN,he-thong-dien,D05,Điểm thi THPT,2023,16.0,Hệ thống điện
137396,SKN,he-thong-dien,D06,Điểm thi THPT,2023,16.0,Hệ thống điện
137397,SKN,he-thong-dien,A00,Điểm học bạ,2024,18.0,Hệ thống điện (chuyên ngành)
137398,SKN,he-thong-dien,A01,Điểm học bạ,2024,18.0,Hệ thống điện (chuyên ngành)
137399,SKN,he-thong-dien,B00,Điểm học bạ,2024,18.0,Hệ thống điện (chuyên ngành)
137400,SKN,he-thong-dien,D01,Điểm học bạ,2024,18.0,Hệ thống điện (chuyên ngành)
137401,SKN,he-thong-dien,D02,Điểm học bạ,2024,18.0,Hệ thống điện (chuyên ngành)
137402,SKN,he-thong-dien,D03,Điểm học bạ,2024,18.0,Hệ thống điện (chuyên ngành)
137403,SKN,he-thong-dien,D04,Điểm học bạ,2024,18.0,Hệ thống điện (chuyên ngành)
137404,SKN,he-thong-dien,D05,Điểm học bạ,2024,18.0,Hệ thống điện (chuyên ngành)
137405,SKN,he-thong-dien,D06,Điểm học bạ,2024,18.0,Hệ thống điện (chuyên ngành)
137406,SKN,he-thong-dien,A00,Điểm thi THPT,2024,16.0,Hệ thống điện (chuyên ngành)
137407,SKN,he-thong-dien,A01,Điểm thi THPT,2024,16.0,Hệ thống điện (chuyên ngành)
137408,SKN,he-thong-dien,B00,Điểm thi THPT,2024,16.0,Hệ thống điện (chuyên ngành)
137409,SKN,he-thong-dien,D01,Điểm thi THPT,2024,16.0,Hệ thống điện (chuyên ngành)
137410,SKN,he-thong-dien,D02,Điểm thi THPT,2024,16.0,Hệ thống điện (chuyên ngành)
137411,SKN,he-thong-dien,D03,Điểm thi THPT,2024,16.0,Hệ thống điện (chuyên ngành)
137412,SKN,he-thong-dien,D04,Điểm thi THPT,2024,16.0,Hệ thống điện (chuyên ngành)
137413,SKN,he-thong-dien,D05,Điểm thi THPT,2024,16.0,Hệ thống điện (chuyên ngành)
137414,SKN,he-thong-dien,D06,Điểm thi THPT,2024,16.0,Hệ thống điện (chuyên ngành)
137415,SKN,he-thong-dien,A00,Điểm học bạ,2025,17.0,"Công nghệ kỹ thuật điện, điện tử (Chuyên ngành Hệ thống điện)"
137416,SKN,he-thong-dien,A01,Điểm học bạ,2025,17.0,"Công nghệ kỹ thuật điện, điện tử (Chuyên ngành Hệ thống điện)"
137417,SKN,he-thong-dien,B00,Điểm học bạ,2025,17.0,"Công nghệ kỹ thuật điện, điện tử (Chuyên ngành Hệ thống điện)"
137418,SKN,he-thong-dien,C01,Điểm học bạ,2025,17.0,"Công nghệ kỹ thuật điện, điện tử (Chuyên ngành Hệ thống điện)"
137419,SKN,he-thong-dien,C03,Điểm học bạ,2025,17.0,"Công nghệ kỹ thuật điện, điện tử (Chuyên ngành Hệ thống điện)"
137420,SKN,he-thong-dien,D01,Điểm học bạ,2025,17.0,"Công nghệ kỹ thuật điện, điện tử (Chuyên ngành Hệ thống điện)"
137421,SKN,he-thong-dien,D02,Điểm học bạ,2025,17.0,"Công nghệ kỹ thuật điện, điện tử (Chuyên ngành Hệ thống điện)"
137422,SKN,he-thong-dien,D03,Điểm học bạ,2025,17.0,"Công nghệ kỹ thuật điện, điện tử (Chuyên ngành Hệ thống điện)"
137423,SKN,he-thong-dien,D04,Điểm học bạ,2025,17.0,"Công nghệ kỹ thuật điện, điện tử (Chuyên ngành Hệ thống điện)"
137424,SKN,he-thong-dien,D05,Điểm học bạ,2025,17.0,"Công nghệ kỹ thuật điện, điện tử (Chuyên ngành Hệ thống điện)"
137425,SKN,he-thong-dien,D06,Điểm học bạ,2025,17.0,"Công nghệ kỹ thuật điện, điện tử (Chuyên ngành Hệ thống điện)"
137426,SKN,he-thong-dien,D07,Điểm học bạ,2025,17.0,"Công nghệ kỹ thuật điện, điện tử (Chuyên ngành Hệ thống điện)"
137427,SKN,he-thong-dien,D21,Điểm học bạ,2025,17.0,"Công nghệ kỹ thuật điện, điện tử (Chuyên ngành Hệ thống điện)"
137428,SKN,he-thong-dien,D22,Điểm học bạ,2025,17.0,"Công nghệ kỹ thuật điện, điện tử (Chuyên ngành Hệ thống điện)"
137429,SKN,he-thong-dien,D23,Điểm học bạ,2025,17.0,"Công nghệ kỹ thuật điện, điện tử (Chuyên ngành Hệ thống điện)"
137430,SKN,he-thong-dien,D24,Điểm học bạ,2025,17.0,"Công nghệ kỹ thuật điện, điện tử (Chuyên ngành Hệ thống điện)"
137431,SKN,he-thong-dien,D25,Điểm học bạ,2025,17.0,"Công nghệ kỹ thuật điện, điện tử (Chuyên ngành Hệ thống điện)"
137432,SKN,he-thong-dien,D26,Điểm học bạ,2025,17.0,"Công nghệ kỹ thuật điện, điện tử (Chuyên ngành Hệ thống điện)"
137433,SKN,he-thong-dien,D27,Điểm học bạ,2025,17.0,"Công nghệ kỹ thuật điện, điện tử (Chuyên ngành Hệ thống điện)"
137434,SKN,he-thong-dien,D28,Điểm học bạ,2025,17.0,"Công nghệ kỹ thuật điện, điện tử (Chuyên ngành Hệ thống điện)"
137435,SKN,he-thong-dien,D29,Điểm học bạ,2025,17.0,"Công nghệ kỹ thuật điện, điện tử (Chuyên ngành Hệ thống điện)"
137436,SKN,he-thong-dien,D30,Điểm học bạ,2025,17.0,"Công nghệ kỹ thuật điện, điện tử (Chuyên ngành Hệ thống điện)"
137437,SKN,he-thong-dien,X02,Điểm học bạ,2025,17.0,"Công nghệ kỹ thuật điện, điện tử (Chuyên ngành Hệ thống điện)"
137438,SKN,he-thong-dien,X03,Điểm học bạ,2025,17.0,"Công nghệ kỹ thuật điện, điện tử (Chuyên ngành Hệ thống điện)"
137439,SKN,he-thong-dien,X07,Điểm học bạ,2025,17.0,"Công nghệ kỹ thuật điện, điện tử (Chuyên ngành Hệ thống điện)"
137440,SKN,he-thong-dien,A00,Điểm thi THPT,2025,14.0,"Công nghệ kỹ thuật điện, điện tử (Chuyên ngành Hệ thống điện)"
137441,SKN,he-thong-dien,A01,Điểm thi THPT,2025,14.0,"Công nghệ kỹ thuật điện, điện tử (Chuyên ngành Hệ thống điện)"
137442,SKN,he-thong-dien,B00,Điểm thi THPT,2025,14.0,"Công nghệ kỹ thuật điện, điện tử (Chuyên ngành Hệ thống điện)"
137443,SKN,he-thong-dien,C01,Điểm thi THPT,2025,14.0,"Công nghệ kỹ thuật điện, điện tử (Chuyên ngành Hệ thống điện)"
137444,SKN,he-thong-dien,C03,Điểm thi THPT,2025,14.0,"Công nghệ kỹ thuật điện, điện tử (Chuyên ngành Hệ thống điện)"
137445,SKN,he-thong-dien,D01,Điểm thi THPT,2025,14.0,"Công nghệ kỹ thuật điện, điện tử (Chuyên ngành Hệ thống điện)"
137446,SKN,he-thong-dien,D02,Điểm thi THPT,2025,14.0,"Công nghệ kỹ thuật điện, điện tử (Chuyên ngành Hệ thống điện)"
137447,SKN,he-thong-dien,D03,Điểm thi THPT,2025,14.0,"Công nghệ kỹ thuật điện, điện tử (Chuyên ngành Hệ thống điện)"
137448,SKN,he-thong-dien,D04,Điểm thi THPT,2025,14.0,"Công nghệ kỹ thuật điện, điện tử (Chuyên ngành Hệ thống điện)"
137449,SKN,he-thong-dien,D05,Điểm thi THPT,2025,14.0,"Công nghệ kỹ thuật điện, điện tử (Chuyên ngành Hệ thống điện)"
137450,SKN,he-thong-dien,D06,Điểm thi THPT,2025,14.0,"Công nghệ kỹ thuật điện, điện tử (Chuyên ngành Hệ thống điện)"
137451,SKN,he-thong-dien,D07,Điểm thi THPT,2025,14.0,"Công nghệ kỹ thuật điện, điện tử (Chuyên ngành Hệ thống điện)"
137452,SKN,he-thong-dien,D21,Điểm thi THPT,2025,14.0,"Công nghệ kỹ thuật điện, điện tử (Chuyên ngành Hệ thống điện)"
137453,SKN,he-thong-dien,D22,Điểm thi THPT,2025,14.0,"Công nghệ kỹ thuật điện, điện tử (Chuyên ngành Hệ thống điện)"
137454,SKN,he-thong-dien,D23,Điểm thi THPT,2025,14.0,"Công nghệ kỹ thuật điện, điện tử (Chuyên ngành Hệ thống điện)"
137455,SKN,he-thong-dien,D24,Điểm thi THPT,2025,14.0,"Công nghệ kỹ thuật điện, điện tử (Chuyên ngành Hệ thống điện)"
137456,SKN,he-thong-dien,D25,Điểm thi THPT,2025,14.0,"Công nghệ kỹ thuật điện, điện tử (Chuyên ngành Hệ thống điện)"
137457,SKN,he-thong-dien,D26,Điểm thi THPT,2025,14.0,"Công nghệ kỹ thuật điện, điện tử (Chuyên ngành Hệ thống điện)"
137458,SKN,he-thong-dien,D27,Điểm thi THPT,2025,14.0,"Công nghệ kỹ thuật điện, điện tử (Chuyên ngành Hệ thống điện)"
137459,SKN,he-thong-dien,D28,Điểm thi THPT,2025,14.0,"Công nghệ kỹ thuật điện, điện tử (Chuyên ngành Hệ thống điện)"
137460,SKN,he-thong-dien,D29,Điểm thi THPT,2025,14.0,"Công nghệ kỹ thuật điện, điện tử (Chuyên ngành Hệ thống điện)"
137461,SKN,he-thong-dien,D30,Điểm thi THPT,2025,14.0,"Công nghệ kỹ thuật điện, điện tử (Chuyên ngành Hệ thống điện)"
137462,SKN,he-thong-dien,X02,Điểm thi THPT,2025,14.0,"Công nghệ kỹ thuật điện, điện tử (Chuyên ngành Hệ thống điện)"
137463,SKN,he-thong-dien,X03,Điểm thi THPT,2025,14.0,"Công nghệ kỹ thuật điện, điện tử (Chuyên ngành Hệ thống điện)"
137464,SKN,he-thong-dien,X07,Điểm thi THPT,2025,14.0,"Công nghệ kỹ thuật điện, điện tử (Chuyên ngành Hệ thống điện)"
137465,SKN,ke-toan,A00,Điểm học bạ,2021,15.0,Kế toán
137466,SKN,ke-toan,A01,Điểm học bạ,2021,15.0,Kế toán
137467,SKN,ke-toan,B00,Điểm học bạ,2021,15.0,Kế toán
137468,SKN,ke-toan,D01,Điểm học bạ,2021,15.0,Kế toán
137469,SKN,ke-toan,D02,Điểm học bạ,2021,15.0,Kế toán
137470,SKN,ke-toan,D03,Điểm học bạ,2021,15.0,Kế toán
137471,SKN,ke-toan,D04,Điểm học bạ,2021,15.0,Kế toán
137472,SKN,ke-toan,D05,Điểm học bạ,2021,15.0,Kế toán
137473,SKN,ke-toan,D06,Điểm học bạ,2021,15.0,Kế toán
137474,SKN,ke-toan,A00,Điểm thi THPT,2021,15.0,Kế toán
137475,SKN,ke-toan,A01,Điểm thi THPT,2021,15.0,Kế toán
137476,SKN,ke-toan,B00,Điểm thi THPT,2021,15.0,Kế toán
137477,SKN,ke-toan,D01,Điểm thi THPT,2021,15.0,Kế toán
137478,SKN,ke-toan,D02,Điểm thi THPT,2021,15.0,Kế toán
137479,SKN,ke-toan,D03,Điểm thi THPT,2021,15.0,Kế toán
137480,SKN,ke-toan,D04,Điểm thi THPT,2021,15.0,Kế toán
137481,SKN,ke-toan,D05,Điểm thi THPT,2021,15.0,Kế toán
137482,SKN,ke-toan,D06,Điểm thi THPT,2021,15.0,Kế toán
137483,SKN,ke-toan,A00,Điểm học bạ,2023,16.0,Kế toán
137484,SKN,ke-toan,A01,Điểm học bạ,2023,16.0,Kế toán
137485,SKN,ke-toan,B00,Điểm học bạ,2023,16.0,Kế toán
137486,SKN,ke-toan,D01,Điểm học bạ,2023,16.0,Kế toán
137487,SKN,ke-toan,D02,Điểm học bạ,2023,16.0,Kế toán
137488,SKN,ke-toan,D03,Điểm học bạ,2023,16.0,Kế toán
137489,SKN,ke-toan,D04,Điểm học bạ,2023,16.0,Kế toán
137490,SKN,ke-toan,D05,Điểm học bạ,2023,16.0,Kế toán
137491,SKN,ke-toan,D06,Điểm học bạ,2023,16.0,Kế toán
137492,SKN,ke-toan,A00,Điểm thi THPT,2023,16.0,Kế toán
137493,SKN,ke-toan,A01,Điểm thi THPT,2023,16.0,Kế toán
137494,SKN,ke-toan,B00,Điểm thi THPT,2023,16.0,Kế toán
137495,SKN,ke-toan,D01,Điểm thi THPT,2023,16.0,Kế toán
137496,SKN,ke-toan,D02,Điểm thi THPT,2023,16.0,Kế toán
137497,SKN,ke-toan,D03,Điểm thi THPT,2023,16.0,Kế toán
137498,SKN,ke-toan,D04,Điểm thi THPT,2023,16.0,Kế toán
137499,SKN,ke-toan,D05,Điểm thi THPT,2023,16.0,Kế toán
137500,SKN,ke-toan,D06,Điểm thi THPT,2023,16.0,Kế toán
137501,SKN,ke-toan,A00,Điểm học bạ,2024,18.0,Kế toán
137502,SKN,ke-toan,A01,Điểm học bạ,2024,18.0,Kế toán
137503,SKN,ke-toan,B00,Điểm học bạ,2024,18.0,Kế toán
137504,SKN,ke-toan,D01,Điểm học bạ,2024,18.0,Kế toán
137505,SKN,ke-toan,D02,Điểm học bạ,2024,18.0,Kế toán
137506,SKN,ke-toan,D03,Điểm học bạ,2024,18.0,Kế toán
137507,SKN,ke-toan,D04,Điểm học bạ,2024,18.0,Kế toán
137508,SKN,ke-toan,D05,Điểm học bạ,2024,18.0,Kế toán
137509,SKN,ke-toan,D06,Điểm học bạ,2024,18.0,Kế toán
137510,SKN,ke-toan,A00,Điểm thi THPT,2024,16.0,Kế toán
137511,SKN,ke-toan,A01,Điểm thi THPT,2024,16.0,Kế toán
137512,SKN,ke-toan,B00,Điểm thi THPT,2024,16.0,Kế toán
137513,SKN,ke-toan,D01,Điểm thi THPT,2024,16.0,Kế toán
137514,SKN,ke-toan,D02,Điểm thi THPT,2024,16.0,Kế toán
137515,SKN,ke-toan,D03,Điểm thi THPT,2024,16.0,Kế toán
137516,SKN,ke-toan,D04,Điểm thi THPT,2024,16.0,Kế toán
137517,SKN,ke-toan,D05,Điểm thi THPT,2024,16.0,Kế toán
137518,SKN,ke-toan,D06,Điểm thi THPT,2024,16.0,Kế toán
137519,SKN,ke-toan,A00,Điểm học bạ,2025,17.0,Kế toán
137520,SKN,ke-toan,A01,Điểm học bạ,2025,17.0,Kế toán
137521,SKN,ke-toan,B00,Điểm học bạ,2025,17.0,Kế toán
137522,SKN,ke-toan,C01,Điểm học bạ,2025,17.0,Kế toán
137523,SKN,ke-toan,C03,Điểm học bạ,2025,17.0,Kế toán
137524,SKN,ke-toan,D01,Điểm học bạ,2025,17.0,Kế toán
137525,SKN,ke-toan,D02,Điểm học bạ,2025,17.0,Kế toán
137526,SKN,ke-toan,D03,Điểm học bạ,2025,17.0,Kế toán
137527,SKN,ke-toan,D04,Điểm học bạ,2025,17.0,Kế toán
137528,SKN,ke-toan,D05,Điểm học bạ,2025,17.0,Kế toán
137529,SKN,ke-toan,D06,Điểm học bạ,2025,17.0,Kế toán
137530,SKN,ke-toan,D07,Điểm học bạ,2025,17.0,Kế toán
137531,SKN,ke-toan,D21,Điểm học bạ,2025,17.0,Kế toán
137532,SKN,ke-toan,D22,Điểm học bạ,2025,17.0,Kế toán
137533,SKN,ke-toan,D23,Điểm học bạ,2025,17.0,Kế toán
137534,SKN,ke-toan,D24,Điểm học bạ,2025,17.0,Kế toán
137535,SKN,ke-toan,D25,Điểm học bạ,2025,17.0,Kế toán
137536,SKN,ke-toan,D26,Điểm học bạ,2025,17.0,Kế toán
137537,SKN,ke-toan,D27,Điểm học bạ,2025,17.0,Kế toán
137538,SKN,ke-toan,D28,Điểm học bạ,2025,17.0,Kế toán
137539,SKN,ke-toan,D29,Điểm học bạ,2025,17.0,Kế toán
137540,SKN,ke-toan,D30,Điểm học bạ,2025,17.0,Kế toán
137541,SKN,ke-toan,X02,Điểm học bạ,2025,17.0,Kế toán
137542,SKN,ke-toan,X03,Điểm học bạ,2025,17.0,Kế toán
137543,SKN,ke-toan,X07,Điểm học bạ,2025,17.0,Kế toán
137544,SKN,ke-toan,A00,Điểm thi THPT,2025,14.0,Kế toán
137545,SKN,ke-toan,A01,Điểm thi THPT,2025,14.0,Kế toán
137546,SKN,ke-toan,B00,Điểm thi THPT,2025,14.0,Kế toán
137547,SKN,ke-toan,C01,Điểm thi THPT,2025,14.0,Kế toán
137548,SKN,ke-toan,C03,Điểm thi THPT,2025,14.0,Kế toán
137549,SKN,ke-toan,D01,Điểm thi THPT,2025,14.0,Kế toán
137550,SKN,ke-toan,D02,Điểm thi THPT,2025,14.0,Kế toán
137551,SKN,ke-toan,D03,Điểm thi THPT,2025,14.0,Kế toán
137552,SKN,ke-toan,D04,Điểm thi THPT,2025,14.0,Kế toán
137553,SKN,ke-toan,D05,Điểm thi THPT,2025,14.0,Kế toán
137554,SKN,ke-toan,D06,Điểm thi THPT,2025,14.0,Kế toán
137555,SKN,ke-toan,D07,Điểm thi THPT,2025,14.0,Kế toán
137556,SKN,ke-toan,D21,Điểm thi THPT,2025,14.0,Kế toán
137557,SKN,ke-toan,D22,Điểm thi THPT,2025,14.0,Kế toán
137558,SKN,ke-toan,D23,Điểm thi THPT,2025,14.0,Kế toán
137559,SKN,ke-toan,D24,Điểm thi THPT,2025,14.0,Kế toán
137560,SKN,ke-toan,D25,Điểm thi THPT,2025,14.0,Kế toán
137561,SKN,ke-toan,D26,Điểm thi THPT,2025,14.0,Kế toán
137562,SKN,ke-toan,D27,Điểm thi THPT,2025,14.0,Kế toán
137563,SKN,ke-toan,D28,Điểm thi THPT,2025,14.0,Kế toán
137564,SKN,ke-toan,D29,Điểm thi THPT,2025,14.0,Kế toán
137565,SKN,ke-toan,D30,Điểm thi THPT,2025,14.0,Kế toán
137566,SKN,ke-toan,X02,Điểm thi THPT,2025,14.0,Kế toán
137567,SKN,ke-toan,X03,Điểm thi THPT,2025,14.0,Kế toán
137568,SKN,ke-toan,X07,Điểm thi THPT,2025,14.0,Kế toán
137569,SKN,khoa-hoc-may-tinh,A00,Điểm học bạ,2021,15.0,Khoa học máy tính
137570,SKN,khoa-hoc-may-tinh,A01,Điểm học bạ,2021,15.0,Khoa học máy tính
137571,SKN,khoa-hoc-may-tinh,B00,Điểm học bạ,2021,15.0,Khoa học máy tính
137572,SKN,khoa-hoc-may-tinh,D01,Điểm học bạ,2021,15.0,Khoa học máy tính
137573,SKN,khoa-hoc-may-tinh,D02,Điểm học bạ,2021,15.0,Khoa học máy tính
137574,SKN,khoa-hoc-may-tinh,D03,Điểm học bạ,2021,15.0,Khoa học máy tính
137575,SKN,khoa-hoc-may-tinh,D04,Điểm học bạ,2021,15.0,Khoa học máy tính
137576,SKN,khoa-hoc-may-tinh,D05,Điểm học bạ,2021,15.0,Khoa học máy tính
137577,SKN,khoa-hoc-may-tinh,D06,Điểm học bạ,2021,15.0,Khoa học máy tính
137578,SKN,khoa-hoc-may-tinh,A00,Điểm thi THPT,2021,15.0,Khoa học máy tính
137579,SKN,khoa-hoc-may-tinh,A01,Điểm thi THPT,2021,15.0,Khoa học máy tính
137580,SKN,khoa-hoc-may-tinh,B00,Điểm thi THPT,2021,15.0,Khoa học máy tính
137581,SKN,khoa-hoc-may-tinh,D01,Điểm thi THPT,2021,15.0,Khoa học máy tính
137582,SKN,khoa-hoc-may-tinh,D02,Điểm thi THPT,2021,15.0,Khoa học máy tính
137583,SKN,khoa-hoc-may-tinh,D03,Điểm thi THPT,2021,15.0,Khoa học máy tính
137584,SKN,khoa-hoc-may-tinh,D04,Điểm thi THPT,2021,15.0,Khoa học máy tính
137585,SKN,khoa-hoc-may-tinh,D05,Điểm thi THPT,2021,15.0,Khoa học máy tính
137586,SKN,khoa-hoc-may-tinh,D06,Điểm thi THPT,2021,15.0,Khoa học máy tính
137587,SKN,khoa-hoc-may-tinh,A00,Điểm học bạ,2023,16.0,Khoa học máy tính
137588,SKN,khoa-hoc-may-tinh,A01,Điểm học bạ,2023,16.0,Khoa học máy tính
137589,SKN,khoa-hoc-may-tinh,B00,Điểm học bạ,2023,16.0,Khoa học máy tính
137590,SKN,khoa-hoc-may-tinh,D01,Điểm học bạ,2023,16.0,Khoa học máy tính
137591,SKN,khoa-hoc-may-tinh,D02,Điểm học bạ,2023,16.0,Khoa học máy tính
137592,SKN,khoa-hoc-may-tinh,D03,Điểm học bạ,2023,16.0,Khoa học máy tính
137593,SKN,khoa-hoc-may-tinh,D04,Điểm học bạ,2023,16.0,Khoa học máy tính
137594,SKN,khoa-hoc-may-tinh,D05,Điểm học bạ,2023,16.0,Khoa học máy tính
137595,SKN,khoa-hoc-may-tinh,D06,Điểm học bạ,2023,16.0,Khoa học máy tính
137596,SKN,khoa-hoc-may-tinh,A00,Điểm thi THPT,2023,16.0,Khoa học máy tính
137597,SKN,khoa-hoc-may-tinh,A01,Điểm thi THPT,2023,16.0,Khoa học máy tính
137598,SKN,khoa-hoc-may-tinh,B00,Điểm thi THPT,2023,16.0,Khoa học máy tính
137599,SKN,khoa-hoc-may-tinh,D01,Điểm thi THPT,2023,16.0,Khoa học máy tính
137600,SKN,khoa-hoc-may-tinh,D02,Điểm thi THPT,2023,16.0,Khoa học máy tính
137601,SKN,khoa-hoc-may-tinh,D03,Điểm thi THPT,2023,16.0,Khoa học máy tính
137602,SKN,khoa-hoc-may-tinh,D04,Điểm thi THPT,2023,16.0,Khoa học máy tính
137603,SKN,khoa-hoc-may-tinh,D05,Điểm thi THPT,2023,16.0,Khoa học máy tính
137604,SKN,khoa-hoc-may-tinh,D06,Điểm thi THPT,2023,16.0,Khoa học máy tính
137605,SKN,khoa-hoc-may-tinh,A00,Điểm học bạ,2024,18.0,Khoa học máy tính
137606,SKN,khoa-hoc-may-tinh,A01,Điểm học bạ,2024,18.0,Khoa học máy tính
137607,SKN,khoa-hoc-may-tinh,B00,Điểm học bạ,2024,18.0,Khoa học máy tính
137608,SKN,khoa-hoc-may-tinh,D01,Điểm học bạ,2024,18.0,Khoa học máy tính
137609,SKN,khoa-hoc-may-tinh,D02,Điểm học bạ,2024,18.0,Khoa học máy tính
137610,SKN,khoa-hoc-may-tinh,D03,Điểm học bạ,2024,18.0,Khoa học máy tính
137611,SKN,khoa-hoc-may-tinh,D04,Điểm học bạ,2024,18.0,Khoa học máy tính
137612,SKN,khoa-hoc-may-tinh,D05,Điểm học bạ,2024,18.0,Khoa học máy tính
137613,SKN,khoa-hoc-may-tinh,D06,Điểm học bạ,2024,18.0,Khoa học máy tính
137614,SKN,khoa-hoc-may-tinh,A00,Điểm thi THPT,2024,16.0,Khoa học máy tính
137615,SKN,khoa-hoc-may-tinh,A01,Điểm thi THPT,2024,16.0,Khoa học máy tính
137616,SKN,khoa-hoc-may-tinh,B00,Điểm thi THPT,2024,16.0,Khoa học máy tính
137617,SKN,khoa-hoc-may-tinh,D01,Điểm thi THPT,2024,16.0,Khoa học máy tính
137618,SKN,khoa-hoc-may-tinh,D02,Điểm thi THPT,2024,16.0,Khoa học máy tính
137619,SKN,khoa-hoc-may-tinh,D03,Điểm thi THPT,2024,16.0,Khoa học máy tính
137620,SKN,khoa-hoc-may-tinh,D04,Điểm thi THPT,2024,16.0,Khoa học máy tính
137621,SKN,khoa-hoc-may-tinh,D05,Điểm thi THPT,2024,16.0,Khoa học máy tính
137622,SKN,khoa-hoc-may-tinh,D06,Điểm thi THPT,2024,16.0,Khoa học máy tính
137623,SKN,khoa-hoc-may-tinh,A00,Điểm học bạ,2025,17.0,Khoa học máy tính
137624,SKN,khoa-hoc-may-tinh,A01,Điểm học bạ,2025,17.0,Khoa học máy tính
137625,SKN,khoa-hoc-may-tinh,B00,Điểm học bạ,2025,17.0,Khoa học máy tính
137626,SKN,khoa-hoc-may-tinh,C01,Điểm học bạ,2025,17.0,Khoa học máy tính
137627,SKN,khoa-hoc-may-tinh,C03,Điểm học bạ,2025,17.0,Khoa học máy tính
137628,SKN,khoa-hoc-may-tinh,D01,Điểm học bạ,2025,17.0,Khoa học máy tính
137629,SKN,khoa-hoc-may-tinh,D02,Điểm học bạ,2025,17.0,Khoa học máy tính
137630,SKN,khoa-hoc-may-tinh,D03,Điểm học bạ,2025,17.0,Khoa học máy tính
137631,SKN,khoa-hoc-may-tinh,D04,Điểm học bạ,2025,17.0,Khoa học máy tính
137632,SKN,khoa-hoc-may-tinh,D05,Điểm học bạ,2025,17.0,Khoa học máy tính
137633,SKN,khoa-hoc-may-tinh,D06,Điểm học bạ,2025,17.0,Khoa học máy tính
137634,SKN,khoa-hoc-may-tinh,D07,Điểm học bạ,2025,17.0,Khoa học máy tính
137635,SKN,khoa-hoc-may-tinh,D21,Điểm học bạ,2025,17.0,Khoa học máy tính
137636,SKN,khoa-hoc-may-tinh,D22,Điểm học bạ,2025,17.0,Khoa học máy tính
137637,SKN,khoa-hoc-may-tinh,D23,Điểm học bạ,2025,17.0,Khoa học máy tính
137638,SKN,khoa-hoc-may-tinh,D24,Điểm học bạ,2025,17.0,Khoa học máy tính
137639,SKN,khoa-hoc-may-tinh,D25,Điểm học bạ,2025,17.0,Khoa học máy tính
137640,SKN,khoa-hoc-may-tinh,D26,Điểm học bạ,2025,17.0,Khoa học máy tính
137641,SKN,khoa-hoc-may-tinh,D27,Điểm học bạ,2025,17.0,Khoa học máy tính
137642,SKN,khoa-hoc-may-tinh,D28,Điểm học bạ,2025,17.0,Khoa học máy tính
137643,SKN,khoa-hoc-may-tinh,D29,Điểm học bạ,2025,17.0,Khoa học máy tính
137644,SKN,khoa-hoc-may-tinh,D30,Điểm học bạ,2025,17.0,Khoa học máy tính
137645,SKN,khoa-hoc-may-tinh,X02,Điểm học bạ,2025,17.0,Khoa học máy tính
137646,SKN,khoa-hoc-may-tinh,X03,Điểm học bạ,2025,17.0,Khoa học máy tính
137647,SKN,khoa-hoc-may-tinh,X07,Điểm học bạ,2025,17.0,Khoa học máy tính
137648,SKN,khoa-hoc-may-tinh,A00,Điểm thi THPT,2025,14.0,Khoa học máy tính
137649,SKN,khoa-hoc-may-tinh,A01,Điểm thi THPT,2025,14.0,Khoa học máy tính
137650,SKN,khoa-hoc-may-tinh,B00,Điểm thi THPT,2025,14.0,Khoa học máy tính
137651,SKN,khoa-hoc-may-tinh,C01,Điểm thi THPT,2025,14.0,Khoa học máy tính
137652,SKN,khoa-hoc-may-tinh,C03,Điểm thi THPT,2025,14.0,Khoa học máy tính
137653,SKN,khoa-hoc-may-tinh,D01,Điểm thi THPT,2025,14.0,Khoa học máy tính
137654,SKN,khoa-hoc-may-tinh,D02,Điểm thi THPT,2025,14.0,Khoa học máy tính
137655,SKN,khoa-hoc-may-tinh,D03,Điểm thi THPT,2025,14.0,Khoa học máy tính
137656,SKN,khoa-hoc-may-tinh,D04,Điểm thi THPT,2025,14.0,Khoa học máy tính
137657,SKN,khoa-hoc-may-tinh,D05,Điểm thi THPT,2025,14.0,Khoa học máy tính
137658,SKN,khoa-hoc-may-tinh,D06,Điểm thi THPT,2025,14.0,Khoa học máy tính
137659,SKN,khoa-hoc-may-tinh,D07,Điểm thi THPT,2025,14.0,Khoa học máy tính
137660,SKN,khoa-hoc-may-tinh,D21,Điểm thi THPT,2025,14.0,Khoa học máy tính
137661,SKN,khoa-hoc-may-tinh,D22,Điểm thi THPT,2025,14.0,Khoa học máy tính
137662,SKN,khoa-hoc-may-tinh,D23,Điểm thi THPT,2025,14.0,Khoa học máy tính
137663,SKN,khoa-hoc-may-tinh,D24,Điểm thi THPT,2025,14.0,Khoa học máy tính
137664,SKN,khoa-hoc-may-tinh,D25,Điểm thi THPT,2025,14.0,Khoa học máy tính
137665,SKN,khoa-hoc-may-tinh,D26,Điểm thi THPT,2025,14.0,Khoa học máy tính
137666,SKN,khoa-hoc-may-tinh,D27,Điểm thi THPT,2025,14.0,Khoa học máy tính
137667,SKN,khoa-hoc-may-tinh,D28,Điểm thi THPT,2025,14.0,Khoa học máy tính
137668,SKN,khoa-hoc-may-tinh,D29,Điểm thi THPT,2025,14.0,Khoa học máy tính
137669,SKN,khoa-hoc-may-tinh,D30,Điểm thi THPT,2025,14.0,Khoa học máy tính
137670,SKN,khoa-hoc-may-tinh,X02,Điểm thi THPT,2025,14.0,Khoa học máy tính
137671,SKN,khoa-hoc-may-tinh,X03,Điểm thi THPT,2025,14.0,Khoa học máy tính
137672,SKN,khoa-hoc-may-tinh,X07,Điểm thi THPT,2025,14.0,Khoa học máy tính
137673,SKN,logistics,A00,Điểm học bạ,2023,16.0,Logistics
137674,SKN,logistics,A01,Điểm học bạ,2023,16.0,Logistics
137675,SKN,logistics,B00,Điểm học bạ,2023,16.0,Logistics
137676,SKN,logistics,D01,Điểm học bạ,2023,16.0,Logistics
137677,SKN,logistics,D02,Điểm học bạ,2023,16.0,Logistics
137678,SKN,logistics,D03,Điểm học bạ,2023,16.0,Logistics
137679,SKN,logistics,D04,Điểm học bạ,2023,16.0,Logistics
137680,SKN,logistics,D05,Điểm học bạ,2023,16.0,Logistics
137681,SKN,logistics,D06,Điểm học bạ,2023,16.0,Logistics
137682,SKN,logistics,A00,Điểm thi THPT,2023,16.0,Logistics
137683,SKN,logistics,A01,Điểm thi THPT,2023,16.0,Logistics
137684,SKN,logistics,B00,Điểm thi THPT,2023,16.0,Logistics
137685,SKN,logistics,D01,Điểm thi THPT,2023,16.0,Logistics
137686,SKN,logistics,D02,Điểm thi THPT,2023,16.0,Logistics
137687,SKN,logistics,D03,Điểm thi THPT,2023,16.0,Logistics
137688,SKN,logistics,D04,Điểm thi THPT,2023,16.0,Logistics
137689,SKN,logistics,D05,Điểm thi THPT,2023,16.0,Logistics
137690,SKN,logistics,D06,Điểm thi THPT,2023,16.0,Logistics
137691,SKN,logistics,A00,Điểm học bạ,2024,18.0,Logistics (chuyên ngành)
137692,SKN,logistics,A01,Điểm học bạ,2024,18.0,Logistics (chuyên ngành)
137693,SKN,logistics,B00,Điểm học bạ,2024,18.0,Logistics (chuyên ngành)
137694,SKN,logistics,D01,Điểm học bạ,2024,18.0,Logistics (chuyên ngành)
137695,SKN,logistics,D02,Điểm học bạ,2024,18.0,Logistics (chuyên ngành)
137696,SKN,logistics,D03,Điểm học bạ,2024,18.0,Logistics (chuyên ngành)
137697,SKN,logistics,D04,Điểm học bạ,2024,18.0,Logistics (chuyên ngành)
137698,SKN,logistics,D05,Điểm học bạ,2024,18.0,Logistics (chuyên ngành)
137699,SKN,logistics,D06,Điểm học bạ,2024,18.0,Logistics (chuyên ngành)
137700,SKN,logistics,A00,Điểm thi THPT,2024,16.0,Logistics (chuyên ngành)
137701,SKN,logistics,A01,Điểm thi THPT,2024,16.0,Logistics (chuyên ngành)
137702,SKN,logistics,B00,Điểm thi THPT,2024,16.0,Logistics (chuyên ngành)
137703,SKN,logistics,D01,Điểm thi THPT,2024,16.0,Logistics (chuyên ngành)
137704,SKN,logistics,D02,Điểm thi THPT,2024,16.0,Logistics (chuyên ngành)
137705,SKN,logistics,D03,Điểm thi THPT,2024,16.0,Logistics (chuyên ngành)
137706,SKN,logistics,D04,Điểm thi THPT,2024,16.0,Logistics (chuyên ngành)
137707,SKN,logistics,D05,Điểm thi THPT,2024,16.0,Logistics (chuyên ngành)
137708,SKN,logistics,D06,Điểm thi THPT,2024,16.0,Logistics (chuyên ngành)
137709,SKN,logistics,A00,Điểm học bạ,2025,17.0,Quản trị kinh doanh (Chuyên ngành Logistics)
137710,SKN,logistics,A01,Điểm học bạ,2025,17.0,Quản trị kinh doanh (Chuyên ngành Logistics)
137711,SKN,logistics,B00,Điểm học bạ,2025,17.0,Quản trị kinh doanh (Chuyên ngành Logistics)
137712,SKN,logistics,C01,Điểm học bạ,2025,17.0,Quản trị kinh doanh (Chuyên ngành Logistics)
137713,SKN,logistics,C03,Điểm học bạ,2025,17.0,Quản trị kinh doanh (Chuyên ngành Logistics)
137714,SKN,logistics,D01,Điểm học bạ,2025,17.0,Quản trị kinh doanh (Chuyên ngành Logistics)
137715,SKN,logistics,D02,Điểm học bạ,2025,17.0,Quản trị kinh doanh (Chuyên ngành Logistics)
137716,SKN,logistics,D03,Điểm học bạ,2025,17.0,Quản trị kinh doanh (Chuyên ngành Logistics)
137717,SKN,logistics,D04,Điểm học bạ,2025,17.0,Quản trị kinh doanh (Chuyên ngành Logistics)
137718,SKN,logistics,D05,Điểm học bạ,2025,17.0,Quản trị kinh doanh (Chuyên ngành Logistics)
137719,SKN,logistics,D06,Điểm học bạ,2025,17.0,Quản trị kinh doanh (Chuyên ngành Logistics)
137720,SKN,logistics,D07,Điểm học bạ,2025,17.0,Quản trị kinh doanh (Chuyên ngành Logistics)
137721,SKN,logistics,D21,Điểm học bạ,2025,17.0,Quản trị kinh doanh (Chuyên ngành Logistics)
137722,SKN,logistics,D22,Điểm học bạ,2025,17.0,Quản trị kinh doanh (Chuyên ngành Logistics)
137723,SKN,logistics,D23,Điểm học bạ,2025,17.0,Quản trị kinh doanh (Chuyên ngành Logistics)
137724,SKN,logistics,D24,Điểm học bạ,2025,17.0,Quản trị kinh doanh (Chuyên ngành Logistics)
137725,SKN,logistics,D25,Điểm học bạ,2025,17.0,Quản trị kinh doanh (Chuyên ngành Logistics)
137726,SKN,logistics,D26,Điểm học bạ,2025,17.0,Quản trị kinh doanh (Chuyên ngành Logistics)
137727,SKN,logistics,D27,Điểm học bạ,2025,17.0,Quản trị kinh doanh (Chuyên ngành Logistics)
137728,SKN,logistics,D28,Điểm học bạ,2025,17.0,Quản trị kinh doanh (Chuyên ngành Logistics)
137729,SKN,logistics,D29,Điểm học bạ,2025,17.0,Quản trị kinh doanh (Chuyên ngành Logistics)
137730,SKN,logistics,D30,Điểm học bạ,2025,17.0,Quản trị kinh doanh (Chuyên ngành Logistics)
137731,SKN,logistics,X02,Điểm học bạ,2025,17.0,Quản trị kinh doanh (Chuyên ngành Logistics)
137732,SKN,logistics,X03,Điểm học bạ,2025,17.0,Quản trị kinh doanh (Chuyên ngành Logistics)
137733,SKN,logistics,X07,Điểm học bạ,2025,17.0,Quản trị kinh doanh (Chuyên ngành Logistics)
137734,SKN,logistics,A00,Điểm thi THPT,2025,14.0,Quản trị kinh doanh (Chuyên ngành Logistics)
137735,SKN,logistics,A01,Điểm thi THPT,2025,14.0,Quản trị kinh doanh (Chuyên ngành Logistics)
137736,SKN,logistics,B00,Điểm thi THPT,2025,14.0,Quản trị kinh doanh (Chuyên ngành Logistics)
137737,SKN,logistics,C01,Điểm thi THPT,2025,14.0,Quản trị kinh doanh (Chuyên ngành Logistics)
137738,SKN,logistics,C03,Điểm thi THPT,2025,14.0,Quản trị kinh doanh (Chuyên ngành Logistics)
137739,SKN,logistics,D01,Điểm thi THPT,2025,14.0,Quản trị kinh doanh (Chuyên ngành Logistics)
137740,SKN,logistics,D02,Điểm thi THPT,2025,14.0,Quản trị kinh doanh (Chuyên ngành Logistics)
137741,SKN,logistics,D03,Điểm thi THPT,2025,14.0,Quản trị kinh doanh (Chuyên ngành Logistics)
137742,SKN,logistics,D04,Điểm thi THPT,2025,14.0,Quản trị kinh doanh (Chuyên ngành Logistics)
137743,SKN,logistics,D05,Điểm thi THPT,2025,14.0,Quản trị kinh doanh (Chuyên ngành Logistics)
137744,SKN,logistics,D06,Điểm thi THPT,2025,14.0,Quản trị kinh doanh (Chuyên ngành Logistics)
137745,SKN,logistics,D07,Điểm thi THPT,2025,14.0,Quản trị kinh doanh (Chuyên ngành Logistics)
137746,SKN,logistics,D21,Điểm thi THPT,2025,14.0,Quản trị kinh doanh (Chuyên ngành Logistics)
137747,SKN,logistics,D22,Điểm thi THPT,2025,14.0,Quản trị kinh doanh (Chuyên ngành Logistics)
137748,SKN,logistics,D23,Điểm thi THPT,2025,14.0,Quản trị kinh doanh (Chuyên ngành Logistics)
137749,SKN,logistics,D24,Điểm thi THPT,2025,14.0,Quản trị kinh doanh (Chuyên ngành Logistics)
137750,SKN,logistics,D25,Điểm thi THPT,2025,14.0,Quản trị kinh doanh (Chuyên ngành Logistics)
137751,SKN,logistics,D26,Điểm thi THPT,2025,14.0,Quản trị kinh doanh (Chuyên ngành Logistics)
137752,SKN,logistics,D27,Điểm thi THPT,2025,14.0,Quản trị kinh doanh (Chuyên ngành Logistics)
137753,SKN,logistics,D28,Điểm thi THPT,2025,14.0,Quản trị kinh doanh (Chuyên ngành Logistics)
137754,SKN,logistics,D29,Điểm thi THPT,2025,14.0,Quản trị kinh doanh (Chuyên ngành Logistics)
137755,SKN,logistics,D30,Điểm thi THPT,2025,14.0,Quản trị kinh doanh (Chuyên ngành Logistics)
137756,SKN,logistics,X02,Điểm thi THPT,2025,14.0,Quản trị kinh doanh (Chuyên ngành Logistics)
137757,SKN,logistics,X03,Điểm thi THPT,2025,14.0,Quản trị kinh doanh (Chuyên ngành Logistics)
137758,SKN,logistics,X07,Điểm thi THPT,2025,14.0,Quản trị kinh doanh (Chuyên ngành Logistics)
137759,SKN,quan-tri-kinh-doanh,A00,Điểm học bạ,2021,15.0,Quản trị kinh doanh
137760,SKN,quan-tri-kinh-doanh,A01,Điểm học bạ,2021,15.0,Quản trị kinh doanh
137761,SKN,quan-tri-kinh-doanh,B00,Điểm học bạ,2021,15.0,Quản trị kinh doanh
137762,SKN,quan-tri-kinh-doanh,D01,Điểm học bạ,2021,15.0,Quản trị kinh doanh
137763,SKN,quan-tri-kinh-doanh,D02,Điểm học bạ,2021,15.0,Quản trị kinh doanh
137764,SKN,quan-tri-kinh-doanh,D03,Điểm học bạ,2021,15.0,Quản trị kinh doanh
137765,SKN,quan-tri-kinh-doanh,D04,Điểm học bạ,2021,15.0,Quản trị kinh doanh
137766,SKN,quan-tri-kinh-doanh,D05,Điểm học bạ,2021,15.0,Quản trị kinh doanh
137767,SKN,quan-tri-kinh-doanh,D06,Điểm học bạ,2021,15.0,Quản trị kinh doanh
137768,SKN,quan-tri-kinh-doanh,A00,Điểm thi THPT,2021,15.0,Quản trị kinh doanh
137769,SKN,quan-tri-kinh-doanh,A01,Điểm thi THPT,2021,15.0,Quản trị kinh doanh
137770,SKN,quan-tri-kinh-doanh,B00,Điểm thi THPT,2021,15.0,Quản trị kinh doanh
137771,SKN,quan-tri-kinh-doanh,D01,Điểm thi THPT,2021,15.0,Quản trị kinh doanh
137772,SKN,quan-tri-kinh-doanh,D02,Điểm thi THPT,2021,15.0,Quản trị kinh doanh
137773,SKN,quan-tri-kinh-doanh,D03,Điểm thi THPT,2021,15.0,Quản trị kinh doanh
137774,SKN,quan-tri-kinh-doanh,D04,Điểm thi THPT,2021,15.0,Quản trị kinh doanh
137775,SKN,quan-tri-kinh-doanh,D05,Điểm thi THPT,2021,15.0,Quản trị kinh doanh
137776,SKN,quan-tri-kinh-doanh,D06,Điểm thi THPT,2021,15.0,Quản trị kinh doanh
137777,SKN,quan-tri-kinh-doanh,A00,Điểm học bạ,2023,16.0,Quản trị kinh doanh
137778,SKN,quan-tri-kinh-doanh,A01,Điểm học bạ,2023,16.0,Quản trị kinh doanh
137779,SKN,quan-tri-kinh-doanh,B00,Điểm học bạ,2023,16.0,Quản trị kinh doanh
137780,SKN,quan-tri-kinh-doanh,D01,Điểm học bạ,2023,16.0,Quản trị kinh doanh
137781,SKN,quan-tri-kinh-doanh,D02,Điểm học bạ,2023,16.0,Quản trị kinh doanh
137782,SKN,quan-tri-kinh-doanh,D03,Điểm học bạ,2023,16.0,Quản trị kinh doanh
137783,SKN,quan-tri-kinh-doanh,D04,Điểm học bạ,2023,16.0,Quản trị kinh doanh
137784,SKN,quan-tri-kinh-doanh,D05,Điểm học bạ,2023,16.0,Quản trị kinh doanh
137785,SKN,quan-tri-kinh-doanh,D06,Điểm học bạ,2023,16.0,Quản trị kinh doanh
137786,SKN,quan-tri-kinh-doanh,A00,Điểm thi THPT,2023,16.0,Quản trị kinh doanh
137787,SKN,quan-tri-kinh-doanh,A01,Điểm thi THPT,2023,16.0,Quản trị kinh doanh
137788,SKN,quan-tri-kinh-doanh,B00,Điểm thi THPT,2023,16.0,Quản trị kinh doanh
137789,SKN,quan-tri-kinh-doanh,D01,Điểm thi THPT,2023,16.0,Quản trị kinh doanh
137790,SKN,quan-tri-kinh-doanh,D02,Điểm thi THPT,2023,16.0,Quản trị kinh doanh
137791,SKN,quan-tri-kinh-doanh,D03,Điểm thi THPT,2023,16.0,Quản trị kinh doanh
137792,SKN,quan-tri-kinh-doanh,D04,Điểm thi THPT,2023,16.0,Quản trị kinh doanh
137793,SKN,quan-tri-kinh-doanh,D05,Điểm thi THPT,2023,16.0,Quản trị kinh doanh
137794,SKN,quan-tri-kinh-doanh,D06,Điểm thi THPT,2023,16.0,Quản trị kinh doanh
137795,SKN,quan-tri-kinh-doanh,A00,Điểm học bạ,2024,18.0,Quản trị kinh doanh
137796,SKN,quan-tri-kinh-doanh,A01,Điểm học bạ,2024,18.0,Quản trị kinh doanh
137797,SKN,quan-tri-kinh-doanh,B00,Điểm học bạ,2024,18.0,Quản trị kinh doanh
137798,SKN,quan-tri-kinh-doanh,D01,Điểm học bạ,2024,18.0,Quản trị kinh doanh
137799,SKN,quan-tri-kinh-doanh,D02,Điểm học bạ,2024,18.0,Quản trị kinh doanh
137800,SKN,quan-tri-kinh-doanh,D03,Điểm học bạ,2024,18.0,Quản trị kinh doanh
137801,SKN,quan-tri-kinh-doanh,D04,Điểm học bạ,2024,18.0,Quản trị kinh doanh
137802,SKN,quan-tri-kinh-doanh,D05,Điểm học bạ,2024,18.0,Quản trị kinh doanh
137803,SKN,quan-tri-kinh-doanh,D06,Điểm học bạ,2024,18.0,Quản trị kinh doanh
137804,SKN,quan-tri-kinh-doanh,A00,Điểm thi THPT,2024,16.0,Quản trị kinh doanh
137805,SKN,quan-tri-kinh-doanh,A01,Điểm thi THPT,2024,16.0,Quản trị kinh doanh
137806,SKN,quan-tri-kinh-doanh,B00,Điểm thi THPT,2024,16.0,Quản trị kinh doanh
137807,SKN,quan-tri-kinh-doanh,D01,Điểm thi THPT,2024,16.0,Quản trị kinh doanh
137808,SKN,quan-tri-kinh-doanh,D02,Điểm thi THPT,2024,16.0,Quản trị kinh doanh
137809,SKN,quan-tri-kinh-doanh,D03,Điểm thi THPT,2024,16.0,Quản trị kinh doanh
137810,SKN,quan-tri-kinh-doanh,D04,Điểm thi THPT,2024,16.0,Quản trị kinh doanh
137811,SKN,quan-tri-kinh-doanh,D05,Điểm thi THPT,2024,16.0,Quản trị kinh doanh
137812,SKN,quan-tri-kinh-doanh,D06,Điểm thi THPT,2024,16.0,Quản trị kinh doanh
137813,SKN,quan-tri-kinh-doanh,A00,Điểm học bạ,2025,17.0,Quản trị kinh doanh
137814,SKN,quan-tri-kinh-doanh,A01,Điểm học bạ,2025,17.0,Quản trị kinh doanh
137815,SKN,quan-tri-kinh-doanh,B00,Điểm học bạ,2025,17.0,Quản trị kinh doanh
137816,SKN,quan-tri-kinh-doanh,C01,Điểm học bạ,2025,17.0,Quản trị kinh doanh
137817,SKN,quan-tri-kinh-doanh,C03,Điểm học bạ,2025,17.0,Quản trị kinh doanh
137818,SKN,quan-tri-kinh-doanh,D01,Điểm học bạ,2025,17.0,Quản trị kinh doanh
137819,SKN,quan-tri-kinh-doanh,D02,Điểm học bạ,2025,17.0,Quản trị kinh doanh
137820,SKN,quan-tri-kinh-doanh,D03,Điểm học bạ,2025,17.0,Quản trị kinh doanh
137821,SKN,quan-tri-kinh-doanh,D04,Điểm học bạ,2025,17.0,Quản trị kinh doanh
137822,SKN,quan-tri-kinh-doanh,D05,Điểm học bạ,2025,17.0,Quản trị kinh doanh
137823,SKN,quan-tri-kinh-doanh,D06,Điểm học bạ,2025,17.0,Quản trị kinh doanh
137824,SKN,quan-tri-kinh-doanh,D07,Điểm học bạ,2025,17.0,Quản trị kinh doanh
137825,SKN,quan-tri-kinh-doanh,D21,Điểm học bạ,2025,17.0,Quản trị kinh doanh
137826,SKN,quan-tri-kinh-doanh,D22,Điểm học bạ,2025,17.0,Quản trị kinh doanh
137827,SKN,quan-tri-kinh-doanh,D23,Điểm học bạ,2025,17.0,Quản trị kinh doanh
137828,SKN,quan-tri-kinh-doanh,D24,Điểm học bạ,2025,17.0,Quản trị kinh doanh
137829,SKN,quan-tri-kinh-doanh,D25,Điểm học bạ,2025,17.0,Quản trị kinh doanh
137830,SKN,quan-tri-kinh-doanh,D26,Điểm học bạ,2025,17.0,Quản trị kinh doanh
137831,SKN,quan-tri-kinh-doanh,D27,Điểm học bạ,2025,17.0,Quản trị kinh doanh
137832,SKN,quan-tri-kinh-doanh,D28,Điểm học bạ,2025,17.0,Quản trị kinh doanh
137833,SKN,quan-tri-kinh-doanh,D29,Điểm học bạ,2025,17.0,Quản trị kinh doanh
137834,SKN,quan-tri-kinh-doanh,D30,Điểm học bạ,2025,17.0,Quản trị kinh doanh
137835,SKN,quan-tri-kinh-doanh,X02,Điểm học bạ,2025,17.0,Quản trị kinh doanh
137836,SKN,quan-tri-kinh-doanh,X03,Điểm học bạ,2025,17.0,Quản trị kinh doanh
137837,SKN,quan-tri-kinh-doanh,X07,Điểm học bạ,2025,17.0,Quản trị kinh doanh
137838,SKN,quan-tri-kinh-doanh,A00,Điểm thi THPT,2025,14.0,Quản trị kinh doanh
137839,SKN,quan-tri-kinh-doanh,A01,Điểm thi THPT,2025,14.0,Quản trị kinh doanh
137840,SKN,quan-tri-kinh-doanh,B00,Điểm thi THPT,2025,14.0,Quản trị kinh doanh
137841,SKN,quan-tri-kinh-doanh,C01,Điểm thi THPT,2025,14.0,Quản trị kinh doanh
137842,SKN,quan-tri-kinh-doanh,C03,Điểm thi THPT,2025,14.0,Quản trị kinh doanh
137843,SKN,quan-tri-kinh-doanh,D01,Điểm thi THPT,2025,14.0,Quản trị kinh doanh
137844,SKN,quan-tri-kinh-doanh,D02,Điểm thi THPT,2025,14.0,Quản trị kinh doanh
137845,SKN,quan-tri-kinh-doanh,D03,Điểm thi THPT,2025,14.0,Quản trị kinh doanh
137846,SKN,quan-tri-kinh-doanh,D04,Điểm thi THPT,2025,14.0,Quản trị kinh doanh
137847,SKN,quan-tri-kinh-doanh,D05,Điểm thi THPT,2025,14.0,Quản trị kinh doanh
137848,SKN,quan-tri-kinh-doanh,D06,Điểm thi THPT,2025,14.0,Quản trị kinh doanh
137849,SKN,quan-tri-kinh-doanh,D07,Điểm thi THPT,2025,14.0,Quản trị kinh doanh
137850,SKN,quan-tri-kinh-doanh,D21,Điểm thi THPT,2025,14.0,Quản trị kinh doanh
137851,SKN,quan-tri-kinh-doanh,D22,Điểm thi THPT,2025,14.0,Quản trị kinh doanh
137852,SKN,quan-tri-kinh-doanh,D23,Điểm thi THPT,2025,14.0,Quản trị kinh doanh
137853,SKN,quan-tri-kinh-doanh,D24,Điểm thi THPT,2025,14.0,Quản trị kinh doanh
137854,SKN,quan-tri-kinh-doanh,D25,Điểm thi THPT,2025,14.0,Quản trị kinh doanh
137855,SKN,quan-tri-kinh-doanh,D26,Điểm thi THPT,2025,14.0,Quản trị kinh doanh
137856,SKN,quan-tri-kinh-doanh,D27,Điểm thi THPT,2025,14.0,Quản trị kinh doanh
137857,SKN,quan-tri-kinh-doanh,D28,Điểm thi THPT,2025,14.0,Quản trị kinh doanh
137858,SKN,quan-tri-kinh-doanh,D29,Điểm thi THPT,2025,14.0,Quản trị kinh doanh
137859,SKN,quan-tri-kinh-doanh,D30,Điểm thi THPT,2025,14.0,Quản trị kinh doanh
137860,SKN,quan-tri-kinh-doanh,X02,Điểm thi THPT,2025,14.0,Quản trị kinh doanh
137861,SKN,quan-tri-kinh-doanh,X03,Điểm thi THPT,2025,14.0,Quản trị kinh doanh
137862,SKN,quan-tri-kinh-doanh,X07,Điểm thi THPT,2025,14.0,Quản trị kinh doanh
137863,SKV,cong-nghe-che-tao-may,A00,Điểm học bạ,2022,18.0,Công nghệ chế tạo máy
137864,SKV,cong-nghe-che-tao-may,A01,Điểm học bạ,2022,18.0,Công nghệ chế tạo máy
137865,SKV,cong-nghe-che-tao-may,B00,Điểm học bạ,2022,18.0,Công nghệ chế tạo máy
137866,SKV,cong-nghe-che-tao-may,D01,Điểm học bạ,2022,18.0,Công nghệ chế tạo máy
137867,SKV,cong-nghe-che-tao-may,A00,Điểm thi THPT,2022,16.0,Công nghệ chế tạo máy
137868,SKV,cong-nghe-che-tao-may,A01,Điểm thi THPT,2022,16.0,Công nghệ chế tạo máy
137869,SKV,cong-nghe-che-tao-may,B00,Điểm thi THPT,2022,16.0,Công nghệ chế tạo máy
137870,SKV,cong-nghe-che-tao-may,D01,Điểm thi THPT,2022,16.0,Công nghệ chế tạo máy
137871,SKV,cong-nghe-che-tao-may,A00,Điểm học bạ,2024,18.0,Công nghệ chế tạo máy
137872,SKV,cong-nghe-che-tao-may,A01,Điểm học bạ,2024,18.0,Công nghệ chế tạo máy
137873,SKV,cong-nghe-che-tao-may,B00,Điểm học bạ,2024,18.0,Công nghệ chế tạo máy
137874,SKV,cong-nghe-che-tao-may,D01,Điểm học bạ,2024,18.0,Công nghệ chế tạo máy
137875,SKV,cong-nghe-che-tao-may,A00,Điểm thi THPT,2024,18.5,Công nghệ chế tạo máy
137876,SKV,cong-nghe-che-tao-may,A01,Điểm thi THPT,2024,18.5,Công nghệ chế tạo máy
137877,SKV,cong-nghe-che-tao-may,B00,Điểm thi THPT,2024,18.5,Công nghệ chế tạo máy
137878,SKV,cong-nghe-che-tao-may,D01,Điểm thi THPT,2024,18.5,Công nghệ chế tạo máy
137879,SKV,cong-nghe-che-tao-may,A00,Điểm học bạ,2025,19.0,Công nghệ chế tạo máy
137880,SKV,cong-nghe-che-tao-may,A01,Điểm học bạ,2025,19.0,Công nghệ chế tạo máy
137881,SKV,cong-nghe-che-tao-may,B00,Điểm học bạ,2025,19.0,Công nghệ chế tạo máy
137882,SKV,cong-nghe-che-tao-may,C01,Điểm học bạ,2025,19.0,Công nghệ chế tạo máy
137883,SKV,cong-nghe-che-tao-may,C02,Điểm học bạ,2025,19.0,Công nghệ chế tạo máy
137884,SKV,cong-nghe-che-tao-may,D01,Điểm học bạ,2025,19.0,Công nghệ chế tạo máy
137885,SKV,cong-nghe-che-tao-may,X02,Điểm học bạ,2025,19.0,Công nghệ chế tạo máy
137886,SKV,cong-nghe-che-tao-may,X03,Điểm học bạ,2025,19.0,Công nghệ chế tạo máy
137887,SKV,cong-nghe-che-tao-may,A00,Điểm thi THPT,2025,17.0,Công nghệ chế tạo máy
137888,SKV,cong-nghe-che-tao-may,A01,Điểm thi THPT,2025,17.0,Công nghệ chế tạo máy
137889,SKV,cong-nghe-che-tao-may,B00,Điểm thi THPT,2025,17.0,Công nghệ chế tạo máy
137890,SKV,cong-nghe-che-tao-may,C01,Điểm thi THPT,2025,17.0,Công nghệ chế tạo máy
137891,SKV,cong-nghe-che-tao-may,C02,Điểm thi THPT,2025,17.0,Công nghệ chế tạo máy
137892,SKV,cong-nghe-che-tao-may,D01,Điểm thi THPT,2025,17.0,Công nghệ chế tạo máy
137893,SKV,cong-nghe-che-tao-may,X02,Điểm thi THPT,2025,17.0,Công nghệ chế tạo máy
137894,SKV,cong-nghe-che-tao-may,X03,Điểm thi THPT,2025,17.0,Công nghệ chế tạo máy
137895,SKV,cong-nghe-ky-thuat-co-dien-tu,A00,Điểm học bạ,2024,18.0,Công nghệ kỹ thuật cơ điện tử
137896,SKV,cong-nghe-ky-thuat-co-dien-tu,A01,Điểm học bạ,2024,18.0,Công nghệ kỹ thuật cơ điện tử
137897,SKV,cong-nghe-ky-thuat-co-dien-tu,B00,Điểm học bạ,2024,18.0,Công nghệ kỹ thuật cơ điện tử
137898,SKV,cong-nghe-ky-thuat-co-dien-tu,D01,Điểm học bạ,2024,18.0,Công nghệ kỹ thuật cơ điện tử
137899,SKV,cong-nghe-ky-thuat-co-dien-tu,A00,Điểm thi THPT,2024,18.0,Công nghệ kỹ thuật cơ điện tử
137900,SKV,cong-nghe-ky-thuat-co-dien-tu,A01,Điểm thi THPT,2024,18.0,Công nghệ kỹ thuật cơ điện tử
137901,SKV,cong-nghe-ky-thuat-co-dien-tu,B00,Điểm thi THPT,2024,18.0,Công nghệ kỹ thuật cơ điện tử
137902,SKV,cong-nghe-ky-thuat-co-dien-tu,D01,Điểm thi THPT,2024,18.0,Công nghệ kỹ thuật cơ điện tử
137903,SKV,cong-nghe-ky-thuat-co-dien-tu,A00,Điểm học bạ,2025,19.0,Công nghệ kỹ thuật cơ - điện tử
137904,SKV,cong-nghe-ky-thuat-co-dien-tu,A01,Điểm học bạ,2025,19.0,Công nghệ kỹ thuật cơ - điện tử
137905,SKV,cong-nghe-ky-thuat-co-dien-tu,B00,Điểm học bạ,2025,19.0,Công nghệ kỹ thuật cơ - điện tử
137906,SKV,cong-nghe-ky-thuat-co-dien-tu,C01,Điểm học bạ,2025,19.0,Công nghệ kỹ thuật cơ - điện tử
137907,SKV,cong-nghe-ky-thuat-co-dien-tu,C02,Điểm học bạ,2025,19.0,Công nghệ kỹ thuật cơ - điện tử
137908,SKV,cong-nghe-ky-thuat-co-dien-tu,D01,Điểm học bạ,2025,19.0,Công nghệ kỹ thuật cơ - điện tử
137909,SKV,cong-nghe-ky-thuat-co-dien-tu,X02,Điểm học bạ,2025,19.0,Công nghệ kỹ thuật cơ - điện tử
137910,SKV,cong-nghe-ky-thuat-co-dien-tu,X03,Điểm học bạ,2025,19.0,Công nghệ kỹ thuật cơ - điện tử
137911,SKV,cong-nghe-ky-thuat-co-dien-tu,A00,Điểm thi THPT,2025,17.0,Công nghệ kỹ thuật cơ - điện tử
137912,SKV,cong-nghe-ky-thuat-co-dien-tu,A01,Điểm thi THPT,2025,17.0,Công nghệ kỹ thuật cơ - điện tử
137913,SKV,cong-nghe-ky-thuat-co-dien-tu,B00,Điểm thi THPT,2025,17.0,Công nghệ kỹ thuật cơ - điện tử
137914,SKV,cong-nghe-ky-thuat-co-dien-tu,C01,Điểm thi THPT,2025,17.0,Công nghệ kỹ thuật cơ - điện tử
137915,SKV,cong-nghe-ky-thuat-co-dien-tu,C02,Điểm thi THPT,2025,17.0,Công nghệ kỹ thuật cơ - điện tử
137916,SKV,cong-nghe-ky-thuat-co-dien-tu,D01,Điểm thi THPT,2025,17.0,Công nghệ kỹ thuật cơ - điện tử
137917,SKV,cong-nghe-ky-thuat-co-dien-tu,X02,Điểm thi THPT,2025,17.0,Công nghệ kỹ thuật cơ - điện tử
137918,SKV,cong-nghe-ky-thuat-co-dien-tu,X03,Điểm thi THPT,2025,17.0,Công nghệ kỹ thuật cơ - điện tử
137919,SKV,cong-nghe-ky-thuat-co-khi,A00,Điểm học bạ,2022,18.0,Công nghệ kỹ thuật cơ khí
137920,SKV,cong-nghe-ky-thuat-co-khi,A01,Điểm học bạ,2022,18.0,Công nghệ kỹ thuật cơ khí
137921,SKV,cong-nghe-ky-thuat-co-khi,B00,Điểm học bạ,2022,18.0,Công nghệ kỹ thuật cơ khí
137922,SKV,cong-nghe-ky-thuat-co-khi,D01,Điểm học bạ,2022,18.0,Công nghệ kỹ thuật cơ khí
137923,SKV,cong-nghe-ky-thuat-co-khi,A00,Điểm thi THPT,2022,16.0,Công nghệ kỹ thuật cơ khí
137924,SKV,cong-nghe-ky-thuat-co-khi,A01,Điểm thi THPT,2022,16.0,Công nghệ kỹ thuật cơ khí
137925,SKV,cong-nghe-ky-thuat-co-khi,B00,Điểm thi THPT,2022,16.0,Công nghệ kỹ thuật cơ khí
137926,SKV,cong-nghe-ky-thuat-co-khi,D01,Điểm thi THPT,2022,16.0,Công nghệ kỹ thuật cơ khí
137927,SKV,cong-nghe-ky-thuat-co-khi,A00,Điểm học bạ,2024,18.0,Công nghệ kỹ thuật cơ khí
137928,SKV,cong-nghe-ky-thuat-co-khi,A01,Điểm học bạ,2024,18.0,Công nghệ kỹ thuật cơ khí
137929,SKV,cong-nghe-ky-thuat-co-khi,B00,Điểm học bạ,2024,18.0,Công nghệ kỹ thuật cơ khí
137930,SKV,cong-nghe-ky-thuat-co-khi,D01,Điểm học bạ,2024,18.0,Công nghệ kỹ thuật cơ khí
137931,SKV,cong-nghe-ky-thuat-co-khi,A00,Điểm thi THPT,2024,18.0,Công nghệ kỹ thuật cơ khí
137932,SKV,cong-nghe-ky-thuat-co-khi,A01,Điểm thi THPT,2024,18.0,Công nghệ kỹ thuật cơ khí
137933,SKV,cong-nghe-ky-thuat-co-khi,B00,Điểm thi THPT,2024,18.0,Công nghệ kỹ thuật cơ khí
137934,SKV,cong-nghe-ky-thuat-co-khi,D01,Điểm thi THPT,2024,18.0,Công nghệ kỹ thuật cơ khí
137935,SKV,cong-nghe-ky-thuat-co-khi,A00,Điểm học bạ,2025,19.0,Công nghệ kỹ thuật cơ khí
137936,SKV,cong-nghe-ky-thuat-co-khi,A01,Điểm học bạ,2025,19.0,Công nghệ kỹ thuật cơ khí
137937,SKV,cong-nghe-ky-thuat-co-khi,B00,Điểm học bạ,2025,19.0,Công nghệ kỹ thuật cơ khí
137938,SKV,cong-nghe-ky-thuat-co-khi,C01,Điểm học bạ,2025,19.0,Công nghệ kỹ thuật cơ khí
137939,SKV,cong-nghe-ky-thuat-co-khi,C02,Điểm học bạ,2025,19.0,Công nghệ kỹ thuật cơ khí
137940,SKV,cong-nghe-ky-thuat-co-khi,D01,Điểm học bạ,2025,19.0,Công nghệ kỹ thuật cơ khí
137941,SKV,cong-nghe-ky-thuat-co-khi,X02,Điểm học bạ,2025,19.0,Công nghệ kỹ thuật cơ khí
137942,SKV,cong-nghe-ky-thuat-co-khi,X03,Điểm học bạ,2025,19.0,Công nghệ kỹ thuật cơ khí
137943,SKV,cong-nghe-ky-thuat-co-khi,A00,Điểm thi THPT,2025,17.0,Công nghệ kỹ thuật cơ khí
137944,SKV,cong-nghe-ky-thuat-co-khi,A01,Điểm thi THPT,2025,17.0,Công nghệ kỹ thuật cơ khí
137945,SKV,cong-nghe-ky-thuat-co-khi,B00,Điểm thi THPT,2025,17.0,Công nghệ kỹ thuật cơ khí
137946,SKV,cong-nghe-ky-thuat-co-khi,C01,Điểm thi THPT,2025,17.0,Công nghệ kỹ thuật cơ khí
137947,SKV,cong-nghe-ky-thuat-co-khi,C02,Điểm thi THPT,2025,17.0,Công nghệ kỹ thuật cơ khí
137948,SKV,cong-nghe-ky-thuat-co-khi,D01,Điểm thi THPT,2025,17.0,Công nghệ kỹ thuật cơ khí
137949,SKV,cong-nghe-ky-thuat-co-khi,X02,Điểm thi THPT,2025,17.0,Công nghệ kỹ thuật cơ khí
137950,SKV,cong-nghe-ky-thuat-co-khi,X03,Điểm thi THPT,2025,17.0,Công nghệ kỹ thuật cơ khí
137951,SKV,cong-nghe-ky-thuat-dien-dien-tu,A00,Điểm học bạ,2022,18.0,"Công nghệ kỹ thuật điện, điện tử"
137952,SKV,cong-nghe-ky-thuat-dien-dien-tu,A01,Điểm học bạ,2022,18.0,"Công nghệ kỹ thuật điện, điện tử"
137953,SKV,cong-nghe-ky-thuat-dien-dien-tu,B00,Điểm học bạ,2022,18.0,"Công nghệ kỹ thuật điện, điện tử"
137954,SKV,cong-nghe-ky-thuat-dien-dien-tu,D01,Điểm học bạ,2022,18.0,"Công nghệ kỹ thuật điện, điện tử"
137955,SKV,cong-nghe-ky-thuat-dien-dien-tu,A00,Điểm thi THPT,2022,16.0,"Công nghệ kỹ thuật điện, điện tử"
137956,SKV,cong-nghe-ky-thuat-dien-dien-tu,A01,Điểm thi THPT,2022,16.0,"Công nghệ kỹ thuật điện, điện tử"
137957,SKV,cong-nghe-ky-thuat-dien-dien-tu,B00,Điểm thi THPT,2022,16.0,"Công nghệ kỹ thuật điện, điện tử"
137958,SKV,cong-nghe-ky-thuat-dien-dien-tu,D01,Điểm thi THPT,2022,16.0,"Công nghệ kỹ thuật điện, điện tử"
137959,SKV,cong-nghe-ky-thuat-dien-dien-tu,A00,Điểm học bạ,2024,18.0,"Công nghệ kỹ thuật điện, điện tử"
137960,SKV,cong-nghe-ky-thuat-dien-dien-tu,A01,Điểm học bạ,2024,18.0,"Công nghệ kỹ thuật điện, điện tử"
137961,SKV,cong-nghe-ky-thuat-dien-dien-tu,B00,Điểm học bạ,2024,18.0,"Công nghệ kỹ thuật điện, điện tử"
137962,SKV,cong-nghe-ky-thuat-dien-dien-tu,D01,Điểm học bạ,2024,18.0,"Công nghệ kỹ thuật điện, điện tử"
137963,SKV,cong-nghe-ky-thuat-dien-dien-tu,A00,Điểm thi THPT,2024,19.5,"Công nghệ kỹ thuật điện, điện tử"
137964,SKV,cong-nghe-ky-thuat-dien-dien-tu,A01,Điểm thi THPT,2024,19.5,"Công nghệ kỹ thuật điện, điện tử"
137965,SKV,cong-nghe-ky-thuat-dien-dien-tu,B00,Điểm thi THPT,2024,19.5,"Công nghệ kỹ thuật điện, điện tử"
137966,SKV,cong-nghe-ky-thuat-dien-dien-tu,D01,Điểm thi THPT,2024,19.5,"Công nghệ kỹ thuật điện, điện tử"
137967,SKV,cong-nghe-ky-thuat-dien-dien-tu,A00,Điểm học bạ,2025,21.5,"Công nghệ kỹ thuật điện, điện tử"
137968,SKV,cong-nghe-ky-thuat-dien-dien-tu,A01,Điểm học bạ,2025,21.5,"Công nghệ kỹ thuật điện, điện tử"
137969,SKV,cong-nghe-ky-thuat-dien-dien-tu,B00,Điểm học bạ,2025,21.5,"Công nghệ kỹ thuật điện, điện tử"
137970,SKV,cong-nghe-ky-thuat-dien-dien-tu,C01,Điểm học bạ,2025,21.5,"Công nghệ kỹ thuật điện, điện tử"
137971,SKV,cong-nghe-ky-thuat-dien-dien-tu,C02,Điểm học bạ,2025,21.5,"Công nghệ kỹ thuật điện, điện tử"
137972,SKV,cong-nghe-ky-thuat-dien-dien-tu,D01,Điểm học bạ,2025,21.5,"Công nghệ kỹ thuật điện, điện tử"
137973,SKV,cong-nghe-ky-thuat-dien-dien-tu,X02,Điểm học bạ,2025,21.5,"Công nghệ kỹ thuật điện, điện tử"
137974,SKV,cong-nghe-ky-thuat-dien-dien-tu,X03,Điểm học bạ,2025,21.5,"Công nghệ kỹ thuật điện, điện tử"
137975,SKV,cong-nghe-ky-thuat-dien-dien-tu,A00,Điểm thi THPT,2025,19.5,"Công nghệ kỹ thuật điện, điện tử"
137976,SKV,cong-nghe-ky-thuat-dien-dien-tu,A01,Điểm thi THPT,2025,19.5,"Công nghệ kỹ thuật điện, điện tử"
137977,SKV,cong-nghe-ky-thuat-dien-dien-tu,B00,Điểm thi THPT,2025,19.5,"Công nghệ kỹ thuật điện, điện tử"
137978,SKV,cong-nghe-ky-thuat-dien-dien-tu,C01,Điểm thi THPT,2025,19.5,"Công nghệ kỹ thuật điện, điện tử"
137979,SKV,cong-nghe-ky-thuat-dien-dien-tu,C02,Điểm thi THPT,2025,19.5,"Công nghệ kỹ thuật điện, điện tử"
137980,SKV,cong-nghe-ky-thuat-dien-dien-tu,D01,Điểm thi THPT,2025,19.5,"Công nghệ kỹ thuật điện, điện tử"
137981,SKV,cong-nghe-ky-thuat-dien-dien-tu,X02,Điểm thi THPT,2025,19.5,"Công nghệ kỹ thuật điện, điện tử"
137982,SKV,cong-nghe-ky-thuat-dien-dien-tu,X03,Điểm thi THPT,2025,19.5,"Công nghệ kỹ thuật điện, điện tử"
137983,SKV,cong-nghe-ky-thuat-dien-tu-vien-thong,A00,Điểm học bạ,2022,18.0,Công nghệ kỹ thuật điện tử - viễn thông
137984,SKV,cong-nghe-ky-thuat-dien-tu-vien-thong,A01,Điểm học bạ,2022,18.0,Công nghệ kỹ thuật điện tử - viễn thông
137985,SKV,cong-nghe-ky-thuat-dien-tu-vien-thong,B00,Điểm học bạ,2022,18.0,Công nghệ kỹ thuật điện tử - viễn thông
137986,SKV,cong-nghe-ky-thuat-dien-tu-vien-thong,D01,Điểm học bạ,2022,18.0,Công nghệ kỹ thuật điện tử - viễn thông
137987,SKV,cong-nghe-ky-thuat-dien-tu-vien-thong,A00,Điểm thi THPT,2022,16.0,Công nghệ kỹ thuật điện tử - viễn thông
137988,SKV,cong-nghe-ky-thuat-dien-tu-vien-thong,A01,Điểm thi THPT,2022,16.0,Công nghệ kỹ thuật điện tử - viễn thông
137989,SKV,cong-nghe-ky-thuat-dien-tu-vien-thong,B00,Điểm thi THPT,2022,16.0,Công nghệ kỹ thuật điện tử - viễn thông
137990,SKV,cong-nghe-ky-thuat-dien-tu-vien-thong,D01,Điểm thi THPT,2022,16.0,Công nghệ kỹ thuật điện tử - viễn thông
137991,SKV,cong-nghe-ky-thuat-dien-tu-vien-thong,A00,Điểm học bạ,2024,18.0,Công nghệ kỹ thuật điện tử - viễn thông (CN: Thiết kế vi mạch)
137992,SKV,cong-nghe-ky-thuat-dien-tu-vien-thong,A01,Điểm học bạ,2024,18.0,Công nghệ kỹ thuật điện tử - viễn thông (CN: Thiết kế vi mạch)
137993,SKV,cong-nghe-ky-thuat-dien-tu-vien-thong,B00,Điểm học bạ,2024,18.0,Công nghệ kỹ thuật điện tử - viễn thông (CN: Thiết kế vi mạch)
137994,SKV,cong-nghe-ky-thuat-dien-tu-vien-thong,D01,Điểm học bạ,2024,18.0,Công nghệ kỹ thuật điện tử - viễn thông (CN: Thiết kế vi mạch)
137995,SKV,cong-nghe-ky-thuat-dien-tu-vien-thong,A00,Điểm thi THPT,2024,18.0,Công nghệ kỹ thuật điện tử - viễn thông (CN: Thiết kế vi mạch)
137996,SKV,cong-nghe-ky-thuat-dien-tu-vien-thong,A01,Điểm thi THPT,2024,18.0,Công nghệ kỹ thuật điện tử - viễn thông (CN: Thiết kế vi mạch)
137997,SKV,cong-nghe-ky-thuat-dien-tu-vien-thong,B00,Điểm thi THPT,2024,18.0,Công nghệ kỹ thuật điện tử - viễn thông (CN: Thiết kế vi mạch)
137998,SKV,cong-nghe-ky-thuat-dien-tu-vien-thong,D01,Điểm thi THPT,2024,18.0,Công nghệ kỹ thuật điện tử - viễn thông (CN: Thiết kế vi mạch)
137999,SKV,cong-nghe-ky-thuat-dien-tu-vien-thong,A00,Điểm học bạ,2025,18.0,Công nghệ kỹ thuật điện tử – viễn thông
138000,SKV,cong-nghe-ky-thuat-dien-tu-vien-thong,A01,Điểm học bạ,2025,18.0,Công nghệ kỹ thuật điện tử – viễn thông
138001,SKV,cong-nghe-ky-thuat-dien-tu-vien-thong,B00,Điểm học bạ,2025,18.0,Công nghệ kỹ thuật điện tử – viễn thông
138002,SKV,cong-nghe-ky-thuat-dien-tu-vien-thong,C01,Điểm học bạ,2025,18.0,Công nghệ kỹ thuật điện tử – viễn thông
138003,SKV,cong-nghe-ky-thuat-dien-tu-vien-thong,C02,Điểm học bạ,2025,18.0,Công nghệ kỹ thuật điện tử – viễn thông
138004,SKV,cong-nghe-ky-thuat-dien-tu-vien-thong,D01,Điểm học bạ,2025,18.0,Công nghệ kỹ thuật điện tử – viễn thông
138005,SKV,cong-nghe-ky-thuat-dien-tu-vien-thong,X02,Điểm học bạ,2025,18.0,Công nghệ kỹ thuật điện tử – viễn thông
138006,SKV,cong-nghe-ky-thuat-dien-tu-vien-thong,X03,Điểm học bạ,2025,18.0,Công nghệ kỹ thuật điện tử – viễn thông
138007,SKV,cong-nghe-ky-thuat-dien-tu-vien-thong,A00,Điểm thi THPT,2025,16.0,Công nghệ kỹ thuật điện tử – viễn thông
138008,SKV,cong-nghe-ky-thuat-dien-tu-vien-thong,A01,Điểm thi THPT,2025,16.0,Công nghệ kỹ thuật điện tử – viễn thông
138009,SKV,cong-nghe-ky-thuat-dien-tu-vien-thong,B00,Điểm thi THPT,2025,16.0,Công nghệ kỹ thuật điện tử – viễn thông
138010,SKV,cong-nghe-ky-thuat-dien-tu-vien-thong,C01,Điểm thi THPT,2025,16.0,Công nghệ kỹ thuật điện tử – viễn thông
138011,SKV,cong-nghe-ky-thuat-dien-tu-vien-thong,C02,Điểm thi THPT,2025,16.0,Công nghệ kỹ thuật điện tử – viễn thông
138012,SKV,cong-nghe-ky-thuat-dien-tu-vien-thong,D01,Điểm thi THPT,2025,16.0,Công nghệ kỹ thuật điện tử – viễn thông
138013,SKV,cong-nghe-ky-thuat-dien-tu-vien-thong,X02,Điểm thi THPT,2025,16.0,Công nghệ kỹ thuật điện tử – viễn thông
138014,SKV,cong-nghe-ky-thuat-dien-tu-vien-thong,X03,Điểm thi THPT,2025,16.0,Công nghệ kỹ thuật điện tử – viễn thông
138015,SKV,cong-nghe-ky-thuat-dieu-khien-va-tu-dong-hoa,A00,Điểm học bạ,2022,19.0,Công nghệ kỹ thuật điều khiển và tự động hóa
138016,SKV,cong-nghe-ky-thuat-dieu-khien-va-tu-dong-hoa,A01,Điểm học bạ,2022,19.0,Công nghệ kỹ thuật điều khiển và tự động hóa
138017,SKV,cong-nghe-ky-thuat-dieu-khien-va-tu-dong-hoa,B00,Điểm học bạ,2022,19.0,Công nghệ kỹ thuật điều khiển và tự động hóa
138018,SKV,cong-nghe-ky-thuat-dieu-khien-va-tu-dong-hoa,D01,Điểm học bạ,2022,19.0,Công nghệ kỹ thuật điều khiển và tự động hóa
138019,SKV,cong-nghe-ky-thuat-dieu-khien-va-tu-dong-hoa,A00,Điểm thi THPT,2022,17.0,Công nghệ kỹ thuật điều khiển và tự động hóa
138020,SKV,cong-nghe-ky-thuat-dieu-khien-va-tu-dong-hoa,A01,Điểm thi THPT,2022,17.0,Công nghệ kỹ thuật điều khiển và tự động hóa
138021,SKV,cong-nghe-ky-thuat-dieu-khien-va-tu-dong-hoa,B00,Điểm thi THPT,2022,17.0,Công nghệ kỹ thuật điều khiển và tự động hóa
138022,SKV,cong-nghe-ky-thuat-dieu-khien-va-tu-dong-hoa,D01,Điểm thi THPT,2022,17.0,Công nghệ kỹ thuật điều khiển và tự động hóa
138023,SKV,cong-nghe-ky-thuat-dieu-khien-va-tu-dong-hoa,A00,Điểm học bạ,2024,19.0,Công nghệ kỹ thuật điều khiển và tự động hóa
138024,SKV,cong-nghe-ky-thuat-dieu-khien-va-tu-dong-hoa,A01,Điểm học bạ,2024,19.0,Công nghệ kỹ thuật điều khiển và tự động hóa
138025,SKV,cong-nghe-ky-thuat-dieu-khien-va-tu-dong-hoa,B00,Điểm học bạ,2024,19.0,Công nghệ kỹ thuật điều khiển và tự động hóa
138026,SKV,cong-nghe-ky-thuat-dieu-khien-va-tu-dong-hoa,D01,Điểm học bạ,2024,19.0,Công nghệ kỹ thuật điều khiển và tự động hóa
138027,SKV,cong-nghe-ky-thuat-dieu-khien-va-tu-dong-hoa,A00,Điểm thi THPT,2024,20.0,Công nghệ kỹ thuật điều khiển và tự động hóa
138028,SKV,cong-nghe-ky-thuat-dieu-khien-va-tu-dong-hoa,A01,Điểm thi THPT,2024,20.0,Công nghệ kỹ thuật điều khiển và tự động hóa
138029,SKV,cong-nghe-ky-thuat-dieu-khien-va-tu-dong-hoa,B00,Điểm thi THPT,2024,20.0,Công nghệ kỹ thuật điều khiển và tự động hóa
138030,SKV,cong-nghe-ky-thuat-dieu-khien-va-tu-dong-hoa,D01,Điểm thi THPT,2024,20.0,Công nghệ kỹ thuật điều khiển và tự động hóa
138031,SKV,cong-nghe-ky-thuat-dieu-khien-va-tu-dong-hoa,A00,Điểm học bạ,2025,21.5,Công nghệ kỹ thuật điều khiển và tự động hoá
138032,SKV,cong-nghe-ky-thuat-dieu-khien-va-tu-dong-hoa,A01,Điểm học bạ,2025,21.5,Công nghệ kỹ thuật điều khiển và tự động hoá
138033,SKV,cong-nghe-ky-thuat-dieu-khien-va-tu-dong-hoa,B00,Điểm học bạ,2025,21.5,Công nghệ kỹ thuật điều khiển và tự động hoá
138034,SKV,cong-nghe-ky-thuat-dieu-khien-va-tu-dong-hoa,C01,Điểm học bạ,2025,21.5,Công nghệ kỹ thuật điều khiển và tự động hoá
138035,SKV,cong-nghe-ky-thuat-dieu-khien-va-tu-dong-hoa,C02,Điểm học bạ,2025,21.5,Công nghệ kỹ thuật điều khiển và tự động hoá
138036,SKV,cong-nghe-ky-thuat-dieu-khien-va-tu-dong-hoa,D01,Điểm học bạ,2025,21.5,Công nghệ kỹ thuật điều khiển và tự động hoá
138037,SKV,cong-nghe-ky-thuat-dieu-khien-va-tu-dong-hoa,X02,Điểm học bạ,2025,21.5,Công nghệ kỹ thuật điều khiển và tự động hoá
138038,SKV,cong-nghe-ky-thuat-dieu-khien-va-tu-dong-hoa,X03,Điểm học bạ,2025,21.5,Công nghệ kỹ thuật điều khiển và tự động hoá
138039,SKV,cong-nghe-ky-thuat-dieu-khien-va-tu-dong-hoa,A00,Điểm thi THPT,2025,19.5,Công nghệ kỹ thuật điều khiển và tự động hoá
138040,SKV,cong-nghe-ky-thuat-dieu-khien-va-tu-dong-hoa,A01,Điểm thi THPT,2025,19.5,Công nghệ kỹ thuật điều khiển và tự động hoá
138041,SKV,cong-nghe-ky-thuat-dieu-khien-va-tu-dong-hoa,B00,Điểm thi THPT,2025,19.5,Công nghệ kỹ thuật điều khiển và tự động hoá
138042,SKV,cong-nghe-ky-thuat-dieu-khien-va-tu-dong-hoa,C01,Điểm thi THPT,2025,19.5,Công nghệ kỹ thuật điều khiển và tự động hoá
138043,SKV,cong-nghe-ky-thuat-dieu-khien-va-tu-dong-hoa,C02,Điểm thi THPT,2025,19.5,Công nghệ kỹ thuật điều khiển và tự động hoá
138044,SKV,cong-nghe-ky-thuat-dieu-khien-va-tu-dong-hoa,D01,Điểm thi THPT,2025,19.5,Công nghệ kỹ thuật điều khiển và tự động hoá
138045,SKV,cong-nghe-ky-thuat-dieu-khien-va-tu-dong-hoa,X02,Điểm thi THPT,2025,19.5,Công nghệ kỹ thuật điều khiển và tự động hoá
138046,SKV,cong-nghe-ky-thuat-dieu-khien-va-tu-dong-hoa,X03,Điểm thi THPT,2025,19.5,Công nghệ kỹ thuật điều khiển và tự động hoá
138047,SKV,cong-nghe-ky-thuat-khuon-mau,A00,Điểm học bạ,2022,18.0,Công nghệ kỹ thuật khuôn mẫu
138048,SKV,cong-nghe-ky-thuat-khuon-mau,A01,Điểm học bạ,2022,18.0,Công nghệ kỹ thuật khuôn mẫu
138049,SKV,cong-nghe-ky-thuat-khuon-mau,B00,Điểm học bạ,2022,18.0,Công nghệ kỹ thuật khuôn mẫu
138050,SKV,cong-nghe-ky-thuat-khuon-mau,D01,Điểm học bạ,2022,18.0,Công nghệ kỹ thuật khuôn mẫu
138051,SKV,cong-nghe-ky-thuat-khuon-mau,A00,Điểm thi THPT,2022,16.0,Công nghệ kỹ thuật khuôn mẫu
138052,SKV,cong-nghe-ky-thuat-khuon-mau,A01,Điểm thi THPT,2022,16.0,Công nghệ kỹ thuật khuôn mẫu
138053,SKV,cong-nghe-ky-thuat-khuon-mau,B00,Điểm thi THPT,2022,16.0,Công nghệ kỹ thuật khuôn mẫu
138054,SKV,cong-nghe-ky-thuat-khuon-mau,D01,Điểm thi THPT,2022,16.0,Công nghệ kỹ thuật khuôn mẫu
138055,SKV,cong-nghe-ky-thuat-may-tinh,A00,Điểm học bạ,2022,18.0,Công nghệ kỹ thuật máy tính
138056,SKV,cong-nghe-ky-thuat-may-tinh,A01,Điểm học bạ,2022,18.0,Công nghệ kỹ thuật máy tính
138057,SKV,cong-nghe-ky-thuat-may-tinh,B00,Điểm học bạ,2022,18.0,Công nghệ kỹ thuật máy tính
138058,SKV,cong-nghe-ky-thuat-may-tinh,D01,Điểm học bạ,2022,18.0,Công nghệ kỹ thuật máy tính
138059,SKV,cong-nghe-ky-thuat-may-tinh,A00,Điểm thi THPT,2022,16.0,Công nghệ kỹ thuật máy tính
138060,SKV,cong-nghe-ky-thuat-may-tinh,A01,Điểm thi THPT,2022,16.0,Công nghệ kỹ thuật máy tính
138061,SKV,cong-nghe-ky-thuat-may-tinh,B00,Điểm thi THPT,2022,16.0,Công nghệ kỹ thuật máy tính
138062,SKV,cong-nghe-ky-thuat-may-tinh,D01,Điểm thi THPT,2022,16.0,Công nghệ kỹ thuật máy tính
138063,SKV,cong-nghe-ky-thuat-may-tinh,A00,Điểm học bạ,2024,18.0,Công nghệ kỹ thuật máy tính
138064,SKV,cong-nghe-ky-thuat-may-tinh,A01,Điểm học bạ,2024,18.0,Công nghệ kỹ thuật máy tính
138065,SKV,cong-nghe-ky-thuat-may-tinh,B00,Điểm học bạ,2024,18.0,Công nghệ kỹ thuật máy tính
138066,SKV,cong-nghe-ky-thuat-may-tinh,D01,Điểm học bạ,2024,18.0,Công nghệ kỹ thuật máy tính
138067,SKV,cong-nghe-ky-thuat-may-tinh,A00,Điểm thi THPT,2024,18.0,Công nghệ kỹ thuật máy tính
138068,SKV,cong-nghe-ky-thuat-may-tinh,A01,Điểm thi THPT,2024,18.0,Công nghệ kỹ thuật máy tính
138069,SKV,cong-nghe-ky-thuat-may-tinh,B00,Điểm thi THPT,2024,18.0,Công nghệ kỹ thuật máy tính
138070,SKV,cong-nghe-ky-thuat-may-tinh,D01,Điểm thi THPT,2024,18.0,Công nghệ kỹ thuật máy tính
138071,SKV,cong-nghe-ky-thuat-may-tinh,A00,Điểm học bạ,2025,18.0,Công nghệ kỹ thuật máy tính
138072,SKV,cong-nghe-ky-thuat-may-tinh,A01,Điểm học bạ,2025,18.0,Công nghệ kỹ thuật máy tính
138073,SKV,cong-nghe-ky-thuat-may-tinh,B00,Điểm học bạ,2025,18.0,Công nghệ kỹ thuật máy tính
138074,SKV,cong-nghe-ky-thuat-may-tinh,C01,Điểm học bạ,2025,18.0,Công nghệ kỹ thuật máy tính
138075,SKV,cong-nghe-ky-thuat-may-tinh,C02,Điểm học bạ,2025,18.0,Công nghệ kỹ thuật máy tính
138076,SKV,cong-nghe-ky-thuat-may-tinh,D01,Điểm học bạ,2025,18.0,Công nghệ kỹ thuật máy tính
138077,SKV,cong-nghe-ky-thuat-may-tinh,X02,Điểm học bạ,2025,18.0,Công nghệ kỹ thuật máy tính
138078,SKV,cong-nghe-ky-thuat-may-tinh,X03,Điểm học bạ,2025,18.0,Công nghệ kỹ thuật máy tính
138079,SKV,cong-nghe-ky-thuat-may-tinh,A00,Điểm thi THPT,2025,16.0,Công nghệ kỹ thuật máy tính
138080,SKV,cong-nghe-ky-thuat-may-tinh,A01,Điểm thi THPT,2025,16.0,Công nghệ kỹ thuật máy tính
138081,SKV,cong-nghe-ky-thuat-may-tinh,B00,Điểm thi THPT,2025,16.0,Công nghệ kỹ thuật máy tính
138082,SKV,cong-nghe-ky-thuat-may-tinh,C01,Điểm thi THPT,2025,16.0,Công nghệ kỹ thuật máy tính
138083,SKV,cong-nghe-ky-thuat-may-tinh,C02,Điểm thi THPT,2025,16.0,Công nghệ kỹ thuật máy tính
138084,SKV,cong-nghe-ky-thuat-may-tinh,D01,Điểm thi THPT,2025,16.0,Công nghệ kỹ thuật máy tính
138085,SKV,cong-nghe-ky-thuat-may-tinh,X02,Điểm thi THPT,2025,16.0,Công nghệ kỹ thuật máy tính
138086,SKV,cong-nghe-ky-thuat-may-tinh,X03,Điểm thi THPT,2025,16.0,Công nghệ kỹ thuật máy tính
138087,SKV,cong-nghe-ky-thuat-nhiet,A00,Điểm học bạ,2024,18.0,Công nghệ kỹ thuật nhiệt (CN: Nhiệt - điện lạnh)
138088,SKV,cong-nghe-ky-thuat-nhiet,A01,Điểm học bạ,2024,18.0,Công nghệ kỹ thuật nhiệt (CN: Nhiệt - điện lạnh)
138089,SKV,cong-nghe-ky-thuat-nhiet,B00,Điểm học bạ,2024,18.0,Công nghệ kỹ thuật nhiệt (CN: Nhiệt - điện lạnh)
138090,SKV,cong-nghe-ky-thuat-nhiet,D01,Điểm học bạ,2024,18.0,Công nghệ kỹ thuật nhiệt (CN: Nhiệt - điện lạnh)
138091,SKV,cong-nghe-ky-thuat-nhiet,A00,Điểm thi THPT,2024,18.0,Công nghệ kỹ thuật nhiệt (CN: Nhiệt - điện lạnh)
138092,SKV,cong-nghe-ky-thuat-nhiet,A01,Điểm thi THPT,2024,18.0,Công nghệ kỹ thuật nhiệt (CN: Nhiệt - điện lạnh)
138093,SKV,cong-nghe-ky-thuat-nhiet,B00,Điểm thi THPT,2024,18.0,Công nghệ kỹ thuật nhiệt (CN: Nhiệt - điện lạnh)
138094,SKV,cong-nghe-ky-thuat-nhiet,D01,Điểm thi THPT,2024,18.0,Công nghệ kỹ thuật nhiệt (CN: Nhiệt - điện lạnh)
138095,SKV,cong-nghe-ky-thuat-nhiet,A00,Điểm học bạ,2025,18.0,Công nghệ kỹ thuật nhiệt
138096,SKV,cong-nghe-ky-thuat-nhiet,A01,Điểm học bạ,2025,18.0,Công nghệ kỹ thuật nhiệt
138097,SKV,cong-nghe-ky-thuat-nhiet,B00,Điểm học bạ,2025,18.0,Công nghệ kỹ thuật nhiệt
138098,SKV,cong-nghe-ky-thuat-nhiet,C01,Điểm học bạ,2025,18.0,Công nghệ kỹ thuật nhiệt
138099,SKV,cong-nghe-ky-thuat-nhiet,C02,Điểm học bạ,2025,18.0,Công nghệ kỹ thuật nhiệt
138100,SKV,cong-nghe-ky-thuat-nhiet,D01,Điểm học bạ,2025,18.0,Công nghệ kỹ thuật nhiệt
138101,SKV,cong-nghe-ky-thuat-nhiet,X02,Điểm học bạ,2025,18.0,Công nghệ kỹ thuật nhiệt
138102,SKV,cong-nghe-ky-thuat-nhiet,X03,Điểm học bạ,2025,18.0,Công nghệ kỹ thuật nhiệt
138103,SKV,cong-nghe-ky-thuat-nhiet,A00,Điểm thi THPT,2025,16.0,Công nghệ kỹ thuật nhiệt
138104,SKV,cong-nghe-ky-thuat-nhiet,A01,Điểm thi THPT,2025,16.0,Công nghệ kỹ thuật nhiệt
138105,SKV,cong-nghe-ky-thuat-nhiet,B00,Điểm thi THPT,2025,16.0,Công nghệ kỹ thuật nhiệt
138106,SKV,cong-nghe-ky-thuat-nhiet,C01,Điểm thi THPT,2025,16.0,Công nghệ kỹ thuật nhiệt
138107,SKV,cong-nghe-ky-thuat-nhiet,C02,Điểm thi THPT,2025,16.0,Công nghệ kỹ thuật nhiệt
138108,SKV,cong-nghe-ky-thuat-nhiet,D01,Điểm thi THPT,2025,16.0,Công nghệ kỹ thuật nhiệt
138109,SKV,cong-nghe-ky-thuat-nhiet,X02,Điểm thi THPT,2025,16.0,Công nghệ kỹ thuật nhiệt
138110,SKV,cong-nghe-ky-thuat-nhiet,X03,Điểm thi THPT,2025,16.0,Công nghệ kỹ thuật nhiệt
138111,SKV,cong-nghe-ky-thuat-o-to,A00,Điểm học bạ,2022,19.0,Công nghệ kỹ thuật ô tô
138112,SKV,cong-nghe-ky-thuat-o-to,A01,Điểm học bạ,2022,19.0,Công nghệ kỹ thuật ô tô
138113,SKV,cong-nghe-ky-thuat-o-to,B00,Điểm học bạ,2022,19.0,Công nghệ kỹ thuật ô tô
138114,SKV,cong-nghe-ky-thuat-o-to,D01,Điểm học bạ,2022,19.0,Công nghệ kỹ thuật ô tô
138115,SKV,cong-nghe-ky-thuat-o-to,A00,Điểm thi THPT,2022,17.0,Công nghệ kỹ thuật ô tô
138116,SKV,cong-nghe-ky-thuat-o-to,A01,Điểm thi THPT,2022,17.0,Công nghệ kỹ thuật ô tô
138117,SKV,cong-nghe-ky-thuat-o-to,B00,Điểm thi THPT,2022,17.0,Công nghệ kỹ thuật ô tô
138118,SKV,cong-nghe-ky-thuat-o-to,D01,Điểm thi THPT,2022,17.0,Công nghệ kỹ thuật ô tô
138119,SKV,cong-nghe-ky-thuat-o-to,A00,Điểm học bạ,2024,19.0,Công nghệ kỹ thuật ô tô
138120,SKV,cong-nghe-ky-thuat-o-to,A01,Điểm học bạ,2024,19.0,Công nghệ kỹ thuật ô tô
138121,SKV,cong-nghe-ky-thuat-o-to,B00,Điểm học bạ,2024,19.0,Công nghệ kỹ thuật ô tô
138122,SKV,cong-nghe-ky-thuat-o-to,D01,Điểm học bạ,2024,19.0,Công nghệ kỹ thuật ô tô
138123,SKV,cong-nghe-ky-thuat-o-to,A00,Điểm thi THPT,2024,20.0,Công nghệ kỹ thuật ô tô
138124,SKV,cong-nghe-ky-thuat-o-to,A01,Điểm thi THPT,2024,20.0,Công nghệ kỹ thuật ô tô
138125,SKV,cong-nghe-ky-thuat-o-to,B00,Điểm thi THPT,2024,20.0,Công nghệ kỹ thuật ô tô
138126,SKV,cong-nghe-ky-thuat-o-to,D01,Điểm thi THPT,2024,20.0,Công nghệ kỹ thuật ô tô
138127,SKV,cong-nghe-ky-thuat-o-to,A00,Điểm học bạ,2025,20.0,Công nghệ kỹ thuật ô tô
138128,SKV,cong-nghe-ky-thuat-o-to,A01,Điểm học bạ,2025,20.0,Công nghệ kỹ thuật ô tô
138129,SKV,cong-nghe-ky-thuat-o-to,B00,Điểm học bạ,2025,20.0,Công nghệ kỹ thuật ô tô
138130,SKV,cong-nghe-ky-thuat-o-to,C01,Điểm học bạ,2025,20.0,Công nghệ kỹ thuật ô tô
138131,SKV,cong-nghe-ky-thuat-o-to,C02,Điểm học bạ,2025,20.0,Công nghệ kỹ thuật ô tô
138132,SKV,cong-nghe-ky-thuat-o-to,D01,Điểm học bạ,2025,20.0,Công nghệ kỹ thuật ô tô
138133,SKV,cong-nghe-ky-thuat-o-to,X02,Điểm học bạ,2025,20.0,Công nghệ kỹ thuật ô tô
138134,SKV,cong-nghe-ky-thuat-o-to,X03,Điểm học bạ,2025,20.0,Công nghệ kỹ thuật ô tô
138135,SKV,cong-nghe-ky-thuat-o-to,A00,Điểm thi THPT,2025,18.0,Công nghệ kỹ thuật ô tô
138136,SKV,cong-nghe-ky-thuat-o-to,A01,Điểm thi THPT,2025,18.0,Công nghệ kỹ thuật ô tô
138137,SKV,cong-nghe-ky-thuat-o-to,B00,Điểm thi THPT,2025,18.0,Công nghệ kỹ thuật ô tô
138138,SKV,cong-nghe-ky-thuat-o-to,C01,Điểm thi THPT,2025,18.0,Công nghệ kỹ thuật ô tô
138139,SKV,cong-nghe-ky-thuat-o-to,C02,Điểm thi THPT,2025,18.0,Công nghệ kỹ thuật ô tô
138140,SKV,cong-nghe-ky-thuat-o-to,D01,Điểm thi THPT,2025,18.0,Công nghệ kỹ thuật ô tô
138141,SKV,cong-nghe-ky-thuat-o-to,X02,Điểm thi THPT,2025,18.0,Công nghệ kỹ thuật ô tô
138142,SKV,cong-nghe-ky-thuat-o-to,X03,Điểm thi THPT,2025,18.0,Công nghệ kỹ thuật ô tô
138143,SKV,cong-nghe-thong-tin,A00,Điểm học bạ,2022,18.0,Công nghệ thông tin
138144,SKV,cong-nghe-thong-tin,A01,Điểm học bạ,2022,18.0,Công nghệ thông tin
138145,SKV,cong-nghe-thong-tin,B00,Điểm học bạ,2022,18.0,Công nghệ thông tin
138146,SKV,cong-nghe-thong-tin,D01,Điểm học bạ,2022,18.0,Công nghệ thông tin
138147,SKV,cong-nghe-thong-tin,A00,Điểm thi THPT,2022,16.0,Công nghệ thông tin
138148,SKV,cong-nghe-thong-tin,A01,Điểm thi THPT,2022,16.0,Công nghệ thông tin
138149,SKV,cong-nghe-thong-tin,B00,Điểm thi THPT,2022,16.0,Công nghệ thông tin
138150,SKV,cong-nghe-thong-tin,D01,Điểm thi THPT,2022,16.0,Công nghệ thông tin
138151,SKV,cong-nghe-thong-tin,A00,Điểm học bạ,2024,18.0,Công nghệ thông tin
138152,SKV,cong-nghe-thong-tin,A01,Điểm học bạ,2024,18.0,Công nghệ thông tin
138153,SKV,cong-nghe-thong-tin,B00,Điểm học bạ,2024,18.0,Công nghệ thông tin
138154,SKV,cong-nghe-thong-tin,D01,Điểm học bạ,2024,18.0,Công nghệ thông tin
138155,SKV,cong-nghe-thong-tin,A00,Điểm thi THPT,2024,19.0,Công nghệ thông tin
138156,SKV,cong-nghe-thong-tin,A01,Điểm thi THPT,2024,19.0,Công nghệ thông tin
138157,SKV,cong-nghe-thong-tin,B00,Điểm thi THPT,2024,19.0,Công nghệ thông tin
138158,SKV,cong-nghe-thong-tin,D01,Điểm thi THPT,2024,19.0,Công nghệ thông tin
138159,SKV,cong-nghe-thong-tin,A00,Điểm học bạ,2025,19.0,Công nghệ thông tin
138160,SKV,cong-nghe-thong-tin,A01,Điểm học bạ,2025,19.0,Công nghệ thông tin
138161,SKV,cong-nghe-thong-tin,B00,Điểm học bạ,2025,19.0,Công nghệ thông tin
138162,SKV,cong-nghe-thong-tin,C01,Điểm học bạ,2025,19.0,Công nghệ thông tin
138163,SKV,cong-nghe-thong-tin,C02,Điểm học bạ,2025,19.0,Công nghệ thông tin
138164,SKV,cong-nghe-thong-tin,D01,Điểm học bạ,2025,19.0,Công nghệ thông tin
138165,SKV,cong-nghe-thong-tin,X02,Điểm học bạ,2025,19.0,Công nghệ thông tin
138166,SKV,cong-nghe-thong-tin,X03,Điểm học bạ,2025,19.0,Công nghệ thông tin
138167,SKV,cong-nghe-thong-tin,A00,Điểm thi THPT,2025,17.0,Công nghệ thông tin
138168,SKV,cong-nghe-thong-tin,A01,Điểm thi THPT,2025,17.0,Công nghệ thông tin
138169,SKV,cong-nghe-thong-tin,B00,Điểm thi THPT,2025,17.0,Công nghệ thông tin
138170,SKV,cong-nghe-thong-tin,C01,Điểm thi THPT,2025,17.0,Công nghệ thông tin
138171,SKV,cong-nghe-thong-tin,C02,Điểm thi THPT,2025,17.0,Công nghệ thông tin
138172,SKV,cong-nghe-thong-tin,D01,Điểm thi THPT,2025,17.0,Công nghệ thông tin
138173,SKV,cong-nghe-thong-tin,X02,Điểm thi THPT,2025,17.0,Công nghệ thông tin
138174,SKV,cong-nghe-thong-tin,X03,Điểm thi THPT,2025,17.0,Công nghệ thông tin
138175,SKV,ke-toan,A00,Điểm học bạ,2022,18.0,Kế toán
138176,SKV,ke-toan,A01,Điểm học bạ,2022,18.0,Kế toán
138177,SKV,ke-toan,B00,Điểm học bạ,2022,18.0,Kế toán
138178,SKV,ke-toan,D01,Điểm học bạ,2022,18.0,Kế toán
138179,SKV,ke-toan,A00,Điểm thi THPT,2022,16.0,Kế toán
138180,SKV,ke-toan,A01,Điểm thi THPT,2022,16.0,Kế toán
138181,SKV,ke-toan,B00,Điểm thi THPT,2022,16.0,Kế toán
138182,SKV,ke-toan,D01,Điểm thi THPT,2022,16.0,Kế toán
138183,SKV,ke-toan,A00,Điểm học bạ,2024,18.0,Kế toán
138184,SKV,ke-toan,A01,Điểm học bạ,2024,18.0,Kế toán
138185,SKV,ke-toan,B00,Điểm học bạ,2024,18.0,Kế toán
138186,SKV,ke-toan,D01,Điểm học bạ,2024,18.0,Kế toán
138187,SKV,ke-toan,A00,Điểm thi THPT,2024,18.0,Kế toán
138188,SKV,ke-toan,A01,Điểm thi THPT,2024,18.0,Kế toán
138189,SKV,ke-toan,B00,Điểm thi THPT,2024,18.0,Kế toán
138190,SKV,ke-toan,D01,Điểm thi THPT,2024,18.0,Kế toán
138191,SKV,ke-toan,A00,Điểm học bạ,2025,18.0,Kế toán
138192,SKV,ke-toan,A01,Điểm học bạ,2025,18.0,Kế toán
138193,SKV,ke-toan,B00,Điểm học bạ,2025,18.0,Kế toán
138194,SKV,ke-toan,C03,Điểm học bạ,2025,18.0,Kế toán
138195,SKV,ke-toan,D01,Điểm học bạ,2025,18.0,Kế toán
138196,SKV,ke-toan,X01,Điểm học bạ,2025,18.0,Kế toán
138197,SKV,ke-toan,X02,Điểm học bạ,2025,18.0,Kế toán
138198,SKV,ke-toan,A00,Điểm thi THPT,2025,16.0,Kế toán
138199,SKV,ke-toan,A01,Điểm thi THPT,2025,16.0,Kế toán
138200,SKV,ke-toan,B00,Điểm thi THPT,2025,16.0,Kế toán
138201,SKV,ke-toan,C03,Điểm thi THPT,2025,16.0,Kế toán
138202,SKV,ke-toan,D01,Điểm thi THPT,2025,16.0,Kế toán
138203,SKV,ke-toan,X01,Điểm thi THPT,2025,16.0,Kế toán
138204,SKV,ke-toan,X02,Điểm thi THPT,2025,16.0,Kế toán
138205,SKV,quan-tri-kinh-doanh,A00,Điểm học bạ,2022,18.0,Quản trị kinh doanh
138206,SKV,quan-tri-kinh-doanh,A01,Điểm học bạ,2022,18.0,Quản trị kinh doanh
138207,SKV,quan-tri-kinh-doanh,B00,Điểm học bạ,2022,18.0,Quản trị kinh doanh
138208,SKV,quan-tri-kinh-doanh,D01,Điểm học bạ,2022,18.0,Quản trị kinh doanh
138209,SKV,quan-tri-kinh-doanh,A00,Điểm thi THPT,2022,16.0,Quản trị kinh doanh
138210,SKV,quan-tri-kinh-doanh,A01,Điểm thi THPT,2022,16.0,Quản trị kinh doanh
138211,SKV,quan-tri-kinh-doanh,B00,Điểm thi THPT,2022,16.0,Quản trị kinh doanh
138212,SKV,quan-tri-kinh-doanh,D01,Điểm thi THPT,2022,16.0,Quản trị kinh doanh
138213,SKV,quan-tri-kinh-doanh,A00,Điểm học bạ,2024,18.0,Quản trị kinh doanh
138214,SKV,quan-tri-kinh-doanh,A01,Điểm học bạ,2024,18.0,Quản trị kinh doanh
138215,SKV,quan-tri-kinh-doanh,B00,Điểm học bạ,2024,18.0,Quản trị kinh doanh
138216,SKV,quan-tri-kinh-doanh,D01,Điểm học bạ,2024,18.0,Quản trị kinh doanh
138217,SKV,quan-tri-kinh-doanh,A00,Điểm thi THPT,2024,18.0,Quản trị kinh doanh
138218,SKV,quan-tri-kinh-doanh,A01,Điểm thi THPT,2024,18.0,Quản trị kinh doanh
138219,SKV,quan-tri-kinh-doanh,B00,Điểm thi THPT,2024,18.0,Quản trị kinh doanh
138220,SKV,quan-tri-kinh-doanh,D01,Điểm thi THPT,2024,18.0,Quản trị kinh doanh
138221,SKV,quan-tri-kinh-doanh,A00,Điểm học bạ,2025,18.0,Quản trị kinh doanh
138222,SKV,quan-tri-kinh-doanh,A01,Điểm học bạ,2025,18.0,Quản trị kinh doanh
138223,SKV,quan-tri-kinh-doanh,B00,Điểm học bạ,2025,18.0,Quản trị kinh doanh
138224,SKV,quan-tri-kinh-doanh,C03,Điểm học bạ,2025,18.0,Quản trị kinh doanh
138225,SKV,quan-tri-kinh-doanh,D01,Điểm học bạ,2025,18.0,Quản trị kinh doanh
138226,SKV,quan-tri-kinh-doanh,X01,Điểm học bạ,2025,18.0,Quản trị kinh doanh
138227,SKV,quan-tri-kinh-doanh,X02,Điểm học bạ,2025,18.0,Quản trị kinh doanh
138228,SKV,quan-tri-kinh-doanh,A00,Điểm thi THPT,2025,16.0,Quản trị kinh doanh
138229,SKV,quan-tri-kinh-doanh,A01,Điểm thi THPT,2025,16.0,Quản trị kinh doanh
138230,SKV,quan-tri-kinh-doanh,B00,Điểm thi THPT,2025,16.0,Quản trị kinh doanh
138231,SKV,quan-tri-kinh-doanh,C03,Điểm thi THPT,2025,16.0,Quản trị kinh doanh
138232,SKV,quan-tri-kinh-doanh,D01,Điểm thi THPT,2025,16.0,Quản trị kinh doanh
138233,SKV,quan-tri-kinh-doanh,X01,Điểm thi THPT,2025,16.0,Quản trị kinh doanh
138234,SKV,quan-tri-kinh-doanh,X02,Điểm thi THPT,2025,16.0,Quản trị kinh doanh
138235,SKV,quan-tri-nhan-luc,A00,Điểm học bạ,2022,18.0,Quản trị nhân lực
138236,SKV,quan-tri-nhan-luc,A01,Điểm học bạ,2022,18.0,Quản trị nhân lực
138237,SKV,quan-tri-nhan-luc,B00,Điểm học bạ,2022,18.0,Quản trị nhân lực
138238,SKV,quan-tri-nhan-luc,D01,Điểm học bạ,2022,18.0,Quản trị nhân lực
138239,SKV,quan-tri-nhan-luc,A00,Điểm thi THPT,2022,16.0,Quản trị nhân lực
138240,SKV,quan-tri-nhan-luc,A01,Điểm thi THPT,2022,16.0,Quản trị nhân lực
138241,SKV,quan-tri-nhan-luc,B00,Điểm thi THPT,2022,16.0,Quản trị nhân lực
138242,SKV,quan-tri-nhan-luc,D01,Điểm thi THPT,2022,16.0,Quản trị nhân lực
138243,SKV,su-pham-cong-nghe,A00,Điểm học bạ,2022,24.0,Sư phạm công nghệ
138244,SKV,su-pham-cong-nghe,A01,Điểm học bạ,2022,24.0,Sư phạm công nghệ
138245,SKV,su-pham-cong-nghe,B00,Điểm học bạ,2022,24.0,Sư phạm công nghệ
138246,SKV,su-pham-cong-nghe,D01,Điểm học bạ,2022,24.0,Sư phạm công nghệ
138247,SKV,su-pham-cong-nghe,A00,Điểm thi THPT,2022,19.0,Sư phạm công nghệ
138248,SKV,su-pham-cong-nghe,A01,Điểm thi THPT,2022,19.0,Sư phạm công nghệ
138249,SKV,su-pham-cong-nghe,B00,Điểm thi THPT,2022,19.0,Sư phạm công nghệ
138250,SKV,su-pham-cong-nghe,D01,Điểm thi THPT,2022,19.0,Sư phạm công nghệ
138251,SKV,su-pham-cong-nghe,A00,Điểm học bạ,2024,24.0,Sư phạm công nghệ
138252,SKV,su-pham-cong-nghe,A01,Điểm học bạ,2024,24.0,Sư phạm công nghệ
138253,SKV,su-pham-cong-nghe,B00,Điểm học bạ,2024,24.0,Sư phạm công nghệ
138254,SKV,su-pham-cong-nghe,D01,Điểm học bạ,2024,24.0,Sư phạm công nghệ
138255,SKV,su-pham-cong-nghe,A00,Điểm thi THPT,2024,19.0,Sư phạm công nghệ
138256,SKV,su-pham-cong-nghe,A01,Điểm thi THPT,2024,19.0,Sư phạm công nghệ
138257,SKV,su-pham-cong-nghe,B00,Điểm thi THPT,2024,19.0,Sư phạm công nghệ
138258,SKV,su-pham-cong-nghe,D01,Điểm thi THPT,2024,19.0,Sư phạm công nghệ
138259,SKV,su-pham-cong-nghe,A00,Điểm học bạ,2025,24.0,Sư phạm công nghệ
138260,SKV,su-pham-cong-nghe,A01,Điểm học bạ,2025,24.0,Sư phạm công nghệ
138261,SKV,su-pham-cong-nghe,B00,Điểm học bạ,2025,24.0,Sư phạm công nghệ
138262,SKV,su-pham-cong-nghe,D01,Điểm học bạ,2025,24.0,Sư phạm công nghệ
138263,SKV,su-pham-cong-nghe,X01,Điểm học bạ,2025,24.0,Sư phạm công nghệ
138264,SKV,su-pham-cong-nghe,X02,Điểm học bạ,2025,24.0,Sư phạm công nghệ
138265,SKV,su-pham-cong-nghe,X03,Điểm học bạ,2025,24.0,Sư phạm công nghệ
138266,SKV,su-pham-cong-nghe,A00,Điểm thi THPT,2025,19.0,Sư phạm công nghệ
138267,SKV,su-pham-cong-nghe,A01,Điểm thi THPT,2025,19.0,Sư phạm công nghệ
138268,SKV,su-pham-cong-nghe,B00,Điểm thi THPT,2025,19.0,Sư phạm công nghệ
138269,SKV,su-pham-cong-nghe,D01,Điểm thi THPT,2025,19.0,Sư phạm công nghệ
138270,SKV,su-pham-cong-nghe,X01,Điểm thi THPT,2025,19.0,Sư phạm công nghệ
138271,SKV,su-pham-cong-nghe,X02,Điểm thi THPT,2025,19.0,Sư phạm công nghệ
138272,SKV,su-pham-cong-nghe,X03,Điểm thi THPT,2025,19.0,Sư phạm công nghệ
138273,SKV,thuong-mai-dien-tu,A00,Điểm học bạ,2024,18.0,Thương mại điện tử
138274,SKV,thuong-mai-dien-tu,A01,Điểm học bạ,2024,18.0,Thương mại điện tử
138275,SKV,thuong-mai-dien-tu,B00,Điểm học bạ,2024,18.0,Thương mại điện tử
138276,SKV,thuong-mai-dien-tu,D01,Điểm học bạ,2024,18.0,Thương mại điện tử
138277,SKV,thuong-mai-dien-tu,A00,Điểm thi THPT,2024,18.0,Thương mại điện tử
138278,SKV,thuong-mai-dien-tu,A01,Điểm thi THPT,2024,18.0,Thương mại điện tử
138279,SKV,thuong-mai-dien-tu,B00,Điểm thi THPT,2024,18.0,Thương mại điện tử
138280,SKV,thuong-mai-dien-tu,D01,Điểm thi THPT,2024,18.0,Thương mại điện tử
138281,SKV,thuong-mai-dien-tu,A00,Điểm học bạ,2025,18.0,Thương mại điện tử
138282,SKV,thuong-mai-dien-tu,A01,Điểm học bạ,2025,18.0,Thương mại điện tử
138283,SKV,thuong-mai-dien-tu,B00,Điểm học bạ,2025,18.0,Thương mại điện tử
138284,SKV,thuong-mai-dien-tu,C03,Điểm học bạ,2025,18.0,Thương mại điện tử
138285,SKV,thuong-mai-dien-tu,D01,Điểm học bạ,2025,18.0,Thương mại điện tử
138286,SKV,thuong-mai-dien-tu,X01,Điểm học bạ,2025,18.0,Thương mại điện tử
138287,SKV,thuong-mai-dien-tu,X02,Điểm học bạ,2025,18.0,Thương mại điện tử
138288,SKV,thuong-mai-dien-tu,A00,Điểm thi THPT,2025,16.0,Thương mại điện tử
138289,SKV,thuong-mai-dien-tu,A01,Điểm thi THPT,2025,16.0,Thương mại điện tử
138290,SKV,thuong-mai-dien-tu,B00,Điểm thi THPT,2025,16.0,Thương mại điện tử
138291,SKV,thuong-mai-dien-tu,C03,Điểm thi THPT,2025,16.0,Thương mại điện tử
138292,SKV,thuong-mai-dien-tu,D01,Điểm thi THPT,2025,16.0,Thương mại điện tử
138293,SKV,thuong-mai-dien-tu,X01,Điểm thi THPT,2025,16.0,Thương mại điện tử
138294,SKV,thuong-mai-dien-tu,X02,Điểm thi THPT,2025,16.0,Thương mại điện tử
138295,SNH,chi-huy-ky-thuat-cong-binh,A00,Điểm thi THPT,2021,24.57,Chỉ huy kỹ thuật Công binh
138296,SNH,chi-huy-ky-thuat-cong-binh,A01,Điểm thi THPT,2021,24.57,Chỉ huy kỹ thuật Công binh
138297,SNH,chi-huy-ky-thuat-cong-binh,A00,Điểm thi THPT,2022,23.5,Chỉ huy kỹ thuật Công binh
138298,SNH,chi-huy-ky-thuat-cong-binh,A01,Điểm thi THPT,2022,23.5,Chỉ huy kỹ thuật Công binh
138299,SNH,chi-huy-ky-thuat-cong-binh,A00,Điểm thi THPT,2023,23.2,Ngành Chỉ huy kỹ thuật Công binh
138300,SNH,chi-huy-ky-thuat-cong-binh,A01,Điểm thi THPT,2023,23.2,Ngành Chỉ huy kỹ thuật Công binh
138301,SNH,chi-huy-ky-thuat-cong-binh,A00,Điểm học bạ,2024,24.46,Chỉ huy kỹ thuật Công binh
138302,SNH,chi-huy-ky-thuat-cong-binh,A01,Điểm học bạ,2024,24.46,Chỉ huy kỹ thuật Công binh
138303,SNH,chi-huy-ky-thuat-cong-binh,A00,Điểm thi THPT,2024,22.05,Chỉ huy kỹ thuật Công binh
138304,SNH,chi-huy-ky-thuat-cong-binh,A01,Điểm thi THPT,2024,22.05,Chỉ huy kỹ thuật Công binh
138305,SP2,cong-nghe-sinh-hoc,A02,Điểm học bạ,2023,23.33,Công nghệ Sinh học
138306,SP2,cong-nghe-sinh-hoc,B00,Điểm học bạ,2023,23.33,Công nghệ Sinh học
138307,SP2,cong-nghe-sinh-hoc,B03,Điểm học bạ,2023,23.33,Công nghệ Sinh học
138308,SP2,cong-nghe-sinh-hoc,B08,Điểm học bạ,2023,23.33,Công nghệ Sinh học
138309,SP2,cong-nghe-sinh-hoc,A02,Điểm thi THPT,2023,15.0,Công nghệ Sinh học
138310,SP2,cong-nghe-sinh-hoc,B00,Điểm thi THPT,2023,15.0,Công nghệ Sinh học
138311,SP2,cong-nghe-sinh-hoc,B03,Điểm thi THPT,2023,15.0,Công nghệ Sinh học
138312,SP2,cong-nghe-sinh-hoc,B08,Điểm thi THPT,2023,15.0,Công nghệ Sinh học
138313,SP2,cong-nghe-sinh-hoc,A02,Điểm học bạ,2024,27.78,Công nghệ Sinh học
138314,SP2,cong-nghe-sinh-hoc,B00,Điểm học bạ,2024,27.78,Công nghệ Sinh học
138315,SP2,cong-nghe-sinh-hoc,B03,Điểm học bạ,2024,27.78,Công nghệ Sinh học
138316,SP2,cong-nghe-sinh-hoc,B08,Điểm học bạ,2024,27.78,Công nghệ Sinh học
138317,SP2,cong-nghe-sinh-hoc,A02,Điểm thi THPT,2024,15.35,Công nghệ sinh học
138318,SP2,cong-nghe-sinh-hoc,B00,Điểm thi THPT,2024,15.35,Công nghệ sinh học
138319,SP2,cong-nghe-sinh-hoc,B03,Điểm thi THPT,2024,15.35,Công nghệ sinh học
138320,SP2,cong-nghe-sinh-hoc,B08,Điểm thi THPT,2024,15.35,Công nghệ sinh học
138321,SP2,cong-nghe-sinh-hoc,A02,Điểm học bạ,2025,21.75,Công nghệ sinh học
138322,SP2,cong-nghe-sinh-hoc,B00,Điểm học bạ,2025,21.75,Công nghệ sinh học
138323,SP2,cong-nghe-sinh-hoc,B03,Điểm học bạ,2025,21.75,Công nghệ sinh học
138324,SP2,cong-nghe-sinh-hoc,B08,Điểm học bạ,2025,21.75,Công nghệ sinh học
138325,SP2,cong-nghe-sinh-hoc,A02,Điểm thi THPT,2025,21.75,Công nghệ sinh học
138326,SP2,cong-nghe-sinh-hoc,B00,Điểm thi THPT,2025,21.75,Công nghệ sinh học
138327,SP2,cong-nghe-sinh-hoc,B03,Điểm thi THPT,2025,21.75,Công nghệ sinh học
138328,SP2,cong-nghe-sinh-hoc,B08,Điểm thi THPT,2025,21.75,Công nghệ sinh học
138329,SP2,cong-nghe-thong-tin,A00,Điểm học bạ,2021,24.0,Công nghệ Thông tin
138330,SP2,cong-nghe-thong-tin,A01,Điểm học bạ,2021,24.0,Công nghệ Thông tin
138331,SP2,cong-nghe-thong-tin,C01,Điểm học bạ,2021,24.0,Công nghệ Thông tin
138332,SP2,cong-nghe-thong-tin,D01,Điểm học bạ,2021,24.0,Công nghệ Thông tin
138333,SP2,cong-nghe-thong-tin,A00,Điểm thi THPT,2021,20.0,Công nghệ Thông tin
138334,SP2,cong-nghe-thong-tin,A01,Điểm thi THPT,2021,20.0,Công nghệ Thông tin
138335,SP2,cong-nghe-thong-tin,C01,Điểm thi THPT,2021,20.0,Công nghệ Thông tin
138336,SP2,cong-nghe-thong-tin,D01,Điểm thi THPT,2021,20.0,Công nghệ Thông tin
138337,SP2,cong-nghe-thong-tin,A00,Điểm học bạ,2022,31.45,Công nghệ Thông tin
138338,SP2,cong-nghe-thong-tin,A01,Điểm học bạ,2022,31.45,Công nghệ Thông tin
138339,SP2,cong-nghe-thong-tin,C01,Điểm học bạ,2022,31.45,Công nghệ Thông tin
138340,SP2,cong-nghe-thong-tin,D01,Điểm học bạ,2022,31.45,Công nghệ Thông tin
138341,SP2,cong-nghe-thong-tin,A00,Điểm thi THPT,2022,25.37,Công nghệ Thông tin
138342,SP2,cong-nghe-thong-tin,A01,Điểm thi THPT,2022,25.37,Công nghệ Thông tin
138343,SP2,cong-nghe-thong-tin,C01,Điểm thi THPT,2022,25.37,Công nghệ Thông tin
138344,SP2,cong-nghe-thong-tin,D01,Điểm thi THPT,2022,25.37,Công nghệ Thông tin
138345,SP2,cong-nghe-thong-tin,A00,Điểm học bạ,2023,26.42,Công nghệ Thông tin
138346,SP2,cong-nghe-thong-tin,A01,Điểm học bạ,2023,26.42,Công nghệ Thông tin
138347,SP2,cong-nghe-thong-tin,C01,Điểm học bạ,2023,26.42,Công nghệ Thông tin
138348,SP2,cong-nghe-thong-tin,D01,Điểm học bạ,2023,26.42,Công nghệ Thông tin
138349,SP2,cong-nghe-thong-tin,A00,Điểm thi THPT,2023,15.0,Công nghệ Thông tin
138350,SP2,cong-nghe-thong-tin,A01,Điểm thi THPT,2023,15.0,Công nghệ Thông tin
138351,SP2,cong-nghe-thong-tin,C01,Điểm thi THPT,2023,15.0,Công nghệ Thông tin
138352,SP2,cong-nghe-thong-tin,D01,Điểm thi THPT,2023,15.0,Công nghệ Thông tin
138353,SP2,cong-nghe-thong-tin,A00,Điểm học bạ,2024,27.39,Công nghệ thông tin
138354,SP2,cong-nghe-thong-tin,A01,Điểm học bạ,2024,27.39,Công nghệ thông tin
138355,SP2,cong-nghe-thong-tin,C01,Điểm học bạ,2024,27.39,Công nghệ thông tin
138356,SP2,cong-nghe-thong-tin,D01,Điểm học bạ,2024,27.39,Công nghệ thông tin
138357,SP2,cong-nghe-thong-tin,A00,Điểm thi THPT,2024,21.6,Công nghệ thông tin
138358,SP2,cong-nghe-thong-tin,C01,Điểm thi THPT,2024,21.6,Công nghệ thông tin
138359,SP2,cong-nghe-thong-tin,D01,Điểm thi THPT,2024,21.6,Công nghệ thông tin
138360,SP2,cong-nghe-thong-tin,A00,Điểm học bạ,2025,25.6,Công nghệ thông tin
138361,SP2,cong-nghe-thong-tin,A01,Điểm học bạ,2025,25.6,Công nghệ thông tin
138362,SP2,cong-nghe-thong-tin,D01,Điểm học bạ,2025,25.6,Công nghệ thông tin
138363,SP2,cong-nghe-thong-tin,X06,Điểm học bạ,2025,25.6,Công nghệ thông tin
138364,SP2,cong-nghe-thong-tin,A00,Điểm thi THPT,2025,21.6,Công nghệ thông tin
138365,SP2,cong-nghe-thong-tin,A01,Điểm thi THPT,2025,21.6,Công nghệ thông tin
138366,SP2,cong-nghe-thong-tin,D01,Điểm thi THPT,2025,21.6,Công nghệ thông tin
138367,SP2,cong-nghe-thong-tin,X06,Điểm thi THPT,2025,21.6,Công nghệ thông tin
138368,SP2,giao-duc-cong-dan,C00,Điểm học bạ,2021,32.0,Giáo dục Công dân
138369,SP2,giao-duc-cong-dan,C19,Điểm học bạ,2021,32.0,Giáo dục Công dân
138370,SP2,giao-duc-cong-dan,D01,Điểm học bạ,2021,32.0,Giáo dục Công dân
138371,SP2,giao-duc-cong-dan,D66,Điểm học bạ,2021,32.0,Giáo dục Công dân
138372,SP2,giao-duc-cong-dan,C00,Điểm thi THPT,2021,25.5,Giáo dục Công dân
138373,SP2,giao-duc-cong-dan,C19,Điểm thi THPT,2021,25.5,Giáo dục Công dân
138374,SP2,giao-duc-cong-dan,D01,Điểm thi THPT,2021,25.5,Giáo dục Công dân
138375,SP2,giao-duc-cong-dan,D66,Điểm thi THPT,2021,25.5,Giáo dục Công dân
138376,SP2,giao-duc-cong-dan,C00,Điểm học bạ,2022,36.5,Giáo dục Công dân
138377,SP2,giao-duc-cong-dan,C19,Điểm học bạ,2022,36.5,Giáo dục Công dân
138378,SP2,giao-duc-cong-dan,D01,Điểm học bạ,2022,36.5,Giáo dục Công dân
138379,SP2,giao-duc-cong-dan,D66,Điểm học bạ,2022,36.5,Giáo dục Công dân
138380,SP2,giao-duc-cong-dan,C00,Điểm thi THPT,2022,34.92,Giáo dục Công dân
138381,SP2,giao-duc-cong-dan,C19,Điểm thi THPT,2022,34.92,Giáo dục Công dân
138382,SP2,giao-duc-cong-dan,D01,Điểm thi THPT,2022,34.92,Giáo dục Công dân
138383,SP2,giao-duc-cong-dan,D66,Điểm thi THPT,2022,34.92,Giáo dục Công dân
138384,SP2,giao-duc-cong-dan,C00,Điểm học bạ,2023,28.07,Giáo dục Công dân
138385,SP2,giao-duc-cong-dan,C19,Điểm học bạ,2023,28.07,Giáo dục Công dân
138386,SP2,giao-duc-cong-dan,D01,Điểm học bạ,2023,28.07,Giáo dục Công dân
138387,SP2,giao-duc-cong-dan,D66,Điểm học bạ,2023,28.07,Giáo dục Công dân
138388,SP2,giao-duc-cong-dan,C00,Điểm thi THPT,2023,26.68,Giáo dục Công dân
138389,SP2,giao-duc-cong-dan,C19,Điểm thi THPT,2023,26.68,Giáo dục Công dân
138390,SP2,giao-duc-cong-dan,D01,Điểm thi THPT,2023,26.68,Giáo dục Công dân
138391,SP2,giao-duc-cong-dan,D66,Điểm thi THPT,2023,26.68,Giáo dục Công dân
138392,SP2,giao-duc-cong-dan,C00,Điểm học bạ,2024,28.74,Giáo dục Công dân
138393,SP2,giao-duc-cong-dan,C19,Điểm học bạ,2024,28.74,Giáo dục Công dân
138394,SP2,giao-duc-cong-dan,D01,Điểm học bạ,2024,28.74,Giáo dục Công dân
138395,SP2,giao-duc-cong-dan,D66,Điểm học bạ,2024,28.74,Giáo dục Công dân
138396,SP2,giao-duc-cong-dan,C00,Điểm thi THPT,2024,27.94,Giáo dục Công dân
138397,SP2,giao-duc-cong-dan,C19,Điểm thi THPT,2024,27.94,Giáo dục Công dân
138398,SP2,giao-duc-cong-dan,D01,Điểm thi THPT,2024,27.94,Giáo dục Công dân
138399,SP2,giao-duc-cong-dan,D66,Điểm thi THPT,2024,27.94,Giáo dục Công dân
138400,SP2,giao-duc-cong-dan,X01,Điểm học bạ,2025,27.1,Giáo dục Công dân
138401,SP2,giao-duc-cong-dan,X70,Điểm học bạ,2025,27.1,Giáo dục Công dân
138402,SP2,giao-duc-cong-dan,X74,Điểm học bạ,2025,27.1,Giáo dục Công dân
138403,SP2,giao-duc-cong-dan,X78,Điểm học bạ,2025,27.1,Giáo dục Công dân
138404,SP2,giao-duc-cong-dan,X01,Điểm thi THPT,2025,27.1,Giáo dục Công dân
138405,SP2,giao-duc-cong-dan,X70,Điểm thi THPT,2025,27.1,Giáo dục Công dân
138406,SP2,giao-duc-cong-dan,X74,Điểm thi THPT,2025,27.1,Giáo dục Công dân
138407,SP2,giao-duc-cong-dan,X78,Điểm thi THPT,2025,27.1,Giáo dục Công dân
138408,SP2,giao-duc-mam-non,M01,Điểm học bạ,2021,32.0,Giáo dục Mầm non
138409,SP2,giao-duc-mam-non,M05,Điểm học bạ,2021,32.0,Giáo dục Mầm non
138410,SP2,giao-duc-mam-non,M09,Điểm học bạ,2021,32.0,Giáo dục Mầm non
138411,SP2,giao-duc-mam-non,M11,Điểm học bạ,2021,32.0,Giáo dục Mầm non
138412,SP2,giao-duc-mam-non,M01,Điểm thi THPT,2021,25.5,Giáo dục Mầm non
138413,SP2,giao-duc-mam-non,M05,Điểm thi THPT,2021,25.5,Giáo dục Mầm non
138414,SP2,giao-duc-mam-non,M09,Điểm thi THPT,2021,25.5,Giáo dục Mầm non
138415,SP2,giao-duc-mam-non,M11,Điểm thi THPT,2021,25.5,Giáo dục Mầm non
138416,SP2,giao-duc-mam-non,M01,Điểm học bạ,2022,34.27,Giáo dục Mầm non
138417,SP2,giao-duc-mam-non,M05,Điểm học bạ,2022,34.27,Giáo dục Mầm non
138418,SP2,giao-duc-mam-non,M09,Điểm học bạ,2022,34.27,Giáo dục Mầm non
138419,SP2,giao-duc-mam-non,M11,Điểm học bạ,2022,34.27,Giáo dục Mầm non
138420,SP2,giao-duc-mam-non,M01,Điểm thi THPT,2022,33.43,Giáo dục Mầm non
138421,SP2,giao-duc-mam-non,M05,Điểm thi THPT,2022,33.43,Giáo dục Mầm non
138422,SP2,giao-duc-mam-non,M09,Điểm thi THPT,2022,33.43,Giáo dục Mầm non
138423,SP2,giao-duc-mam-non,M11,Điểm thi THPT,2022,33.43,Giáo dục Mầm non
138424,SP2,giao-duc-mam-non,M01,Điểm học bạ,2023,24.2,Giáo dục Mầm non
138425,SP2,giao-duc-mam-non,M05,Điểm học bạ,2023,24.2,Giáo dục Mầm non
138426,SP2,giao-duc-mam-non,M09,Điểm học bạ,2023,24.2,Giáo dục Mầm non
138427,SP2,giao-duc-mam-non,M11,Điểm học bạ,2023,24.2,Giáo dục Mầm non
138428,SP2,giao-duc-mam-non,M01,Điểm thi THPT,2023,23.75,Giáo dục Mầm non
138429,SP2,giao-duc-mam-non,M05,Điểm thi THPT,2023,23.75,Giáo dục Mầm non
138430,SP2,giao-duc-mam-non,M09,Điểm thi THPT,2023,23.75,Giáo dục Mầm non
138431,SP2,giao-duc-mam-non,M11,Điểm thi THPT,2023,23.75,Giáo dục Mầm non
138432,SP2,giao-duc-mam-non,M01,Điểm thi THPT,2024,25.73,Giáo dục Mầm non
138433,SP2,giao-duc-mam-non,M05,Điểm thi THPT,2024,25.73,Giáo dục Mầm non
138434,SP2,giao-duc-mam-non,M09,Điểm thi THPT,2024,25.73,Giáo dục Mầm non
138435,SP2,giao-duc-mam-non,M26,Điểm thi THPT,2024,25.73,Giáo dục Mầm non
138436,SP2,giao-duc-mam-non,M05,Điểm học bạ,2025,29.22,Giáo dục Mầm non
138437,SP2,giao-duc-mam-non,M11,Điểm học bạ,2025,29.22,Giáo dục Mầm non
138438,SP2,giao-duc-mam-non,M27,Điểm học bạ,2025,29.22,Giáo dục Mầm non
138439,SP2,giao-duc-mam-non,M28,Điểm học bạ,2025,29.22,Giáo dục Mầm non
138440,SP2,giao-duc-mam-non,M05,Điểm thi THPT,2025,26.12,Giáo dục Mầm non
138441,SP2,giao-duc-mam-non,M11,Điểm thi THPT,2025,26.12,Giáo dục Mầm non
138442,SP2,giao-duc-mam-non,M27,Điểm thi THPT,2025,26.12,Giáo dục Mầm non
138443,SP2,giao-duc-mam-non,M28,Điểm thi THPT,2025,26.12,Giáo dục Mầm non
138444,SP2,giao-duc-qp-an-ninh,C00,Điểm học bạ,2023,27.88,Giáo dục QP - An ninh
138445,SP2,giao-duc-qp-an-ninh,C19,Điểm học bạ,2023,27.88,Giáo dục QP - An ninh
138446,SP2,giao-duc-qp-an-ninh,D01,Điểm học bạ,2023,27.88,Giáo dục QP - An ninh
138447,SP2,giao-duc-qp-an-ninh,D66,Điểm học bạ,2023,27.88,Giáo dục QP - An ninh
138448,SP2,giao-duc-quoc-phong-an-ninh,C00,Điểm thi THPT,2023,25.57,Giáo dục Quốc phòng - An ninh
138449,SP2,giao-duc-quoc-phong-an-ninh,C19,Điểm thi THPT,2023,25.57,Giáo dục Quốc phòng - An ninh
138450,SP2,giao-duc-quoc-phong-an-ninh,D01,Điểm thi THPT,2023,25.57,Giáo dục Quốc phòng - An ninh
138451,SP2,giao-duc-quoc-phong-an-ninh,D66,Điểm thi THPT,2023,25.57,Giáo dục Quốc phòng - An ninh
138452,SP2,giao-duc-quoc-phong-an-ninh,C00,Điểm học bạ,2024,29.35,Giáo dục Quốc phòng - An ninh
138453,SP2,giao-duc-quoc-phong-an-ninh,C19,Điểm học bạ,2024,29.35,Giáo dục Quốc phòng - An ninh
138454,SP2,giao-duc-quoc-phong-an-ninh,D01,Điểm học bạ,2024,29.35,Giáo dục Quốc phòng - An ninh
138455,SP2,giao-duc-quoc-phong-an-ninh,D66,Điểm học bạ,2024,29.35,Giáo dục Quốc phòng - An ninh
138456,SP2,giao-duc-quoc-phong-an-ninh,C00,Điểm thi THPT,2024,27.63,Giáo dục Quốc phòng - An ninh
138457,SP2,giao-duc-quoc-phong-an-ninh,C19,Điểm thi THPT,2024,27.63,Giáo dục Quốc phòng - An ninh
138458,SP2,giao-duc-quoc-phong-an-ninh,D01,Điểm thi THPT,2024,27.63,Giáo dục Quốc phòng - An ninh
138459,SP2,giao-duc-quoc-phong-an-ninh,D66,Điểm thi THPT,2024,27.63,Giáo dục Quốc phòng - An ninh
138460,SP2,giao-duc-quoc-phong-an-ninh,C00,Điểm học bạ,2025,28.24,Giáo dục Quốc phòng - An ninh
138461,SP2,giao-duc-quoc-phong-an-ninh,D01,Điểm học bạ,2025,28.24,Giáo dục Quốc phòng - An ninh
138462,SP2,giao-duc-quoc-phong-an-ninh,D14,Điểm học bạ,2025,28.24,Giáo dục Quốc phòng - An ninh
138463,SP2,giao-duc-quoc-phong-an-ninh,X70,Điểm học bạ,2025,28.24,Giáo dục Quốc phòng - An ninh
138464,SP2,giao-duc-quoc-phong-an-ninh,C00,Điểm thi THPT,2025,27.06,Giáo dục Quốc phòng - An ninh
138465,SP2,giao-duc-quoc-phong-an-ninh,D01,Điểm thi THPT,2025,27.06,Giáo dục Quốc phòng - An ninh
138466,SP2,giao-duc-quoc-phong-an-ninh,D14,Điểm thi THPT,2025,27.06,Giáo dục Quốc phòng - An ninh
138467,SP2,giao-duc-quoc-phong-an-ninh,X70,Điểm thi THPT,2025,27.06,Giáo dục Quốc phòng - An ninh
138468,SP2,giao-duc-quoc-phong-va-an-ninh,C00,Điểm học bạ,2021,32.0,Giáo dục Quốc phòng và An ninh
138469,SP2,giao-duc-quoc-phong-va-an-ninh,C19,Điểm học bạ,2021,32.0,Giáo dục Quốc phòng và An ninh
138470,SP2,giao-duc-quoc-phong-va-an-ninh,D01,Điểm học bạ,2021,32.0,Giáo dục Quốc phòng và An ninh
138471,SP2,giao-duc-quoc-phong-va-an-ninh,D66,Điểm học bạ,2021,32.0,Giáo dục Quốc phòng và An ninh
138472,SP2,giao-duc-quoc-phong-va-an-ninh,C00,Điểm thi THPT,2021,25.5,Giáo dục Quốc phòng và An ninh
138473,SP2,giao-duc-quoc-phong-va-an-ninh,C19,Điểm thi THPT,2021,25.5,Giáo dục Quốc phòng và An ninh
138474,SP2,giao-duc-quoc-phong-va-an-ninh,D01,Điểm thi THPT,2021,25.5,Giáo dục Quốc phòng và An ninh
138475,SP2,giao-duc-quoc-phong-va-an-ninh,D66,Điểm thi THPT,2021,25.5,Giáo dục Quốc phòng và An ninh
138476,SP2,giao-duc-the-chat,T00,Điểm thi THPT,2021,24.0,Giáo dục Thể chất
138477,SP2,giao-duc-the-chat,T01,Điểm thi THPT,2021,24.0,Giáo dục Thể chất
138478,SP2,giao-duc-the-chat,T02,Điểm thi THPT,2021,24.0,Giáo dục Thể chất
138479,SP2,giao-duc-the-chat,T05,Điểm thi THPT,2021,24.0,Giáo dục Thể chất
138480,SP2,giao-duc-the-chat,T00,Điểm học bạ,2022,31.38,Giáo dục Thể chất
138481,SP2,giao-duc-the-chat,T01,Điểm học bạ,2022,31.38,Giáo dục Thể chất
138482,SP2,giao-duc-the-chat,T04,Điểm học bạ,2022,31.38,Giáo dục Thể chất
138483,SP2,giao-duc-the-chat,T05,Điểm học bạ,2022,31.38,Giáo dục Thể chất
138484,SP2,giao-duc-the-chat,T00,Điểm thi THPT,2022,32.83,Giáo dục Thể chất
138485,SP2,giao-duc-the-chat,T01,Điểm thi THPT,2022,32.83,Giáo dục Thể chất
138486,SP2,giao-duc-the-chat,T04,Điểm thi THPT,2022,32.83,Giáo dục Thể chất
138487,SP2,giao-duc-the-chat,T05,Điểm thi THPT,2022,32.83,Giáo dục Thể chất
138488,SP2,giao-duc-the-chat,T00,Điểm học bạ,2023,23.55,Giáo dục Thể chất
138489,SP2,giao-duc-the-chat,T01,Điểm học bạ,2023,23.55,Giáo dục Thể chất
138490,SP2,giao-duc-the-chat,T04,Điểm học bạ,2023,23.55,Giáo dục Thể chất
138491,SP2,giao-duc-the-chat,T05,Điểm học bạ,2023,23.55,Giáo dục Thể chất
138492,SP2,giao-duc-the-chat,T00,Điểm thi THPT,2023,21.0,Giáo dục Thể chất
138493,SP2,giao-duc-the-chat,T01,Điểm thi THPT,2023,21.0,Giáo dục Thể chất
138494,SP2,giao-duc-the-chat,T04,Điểm thi THPT,2023,21.0,Giáo dục Thể chất
138495,SP2,giao-duc-the-chat,T05,Điểm thi THPT,2023,21.0,Giáo dục Thể chất
138496,SP2,giao-duc-the-chat,T00,Điểm thi THPT,2024,20.0,Giáo dục Thể chất
138497,SP2,giao-duc-the-chat,T01,Điểm thi THPT,2024,20.0,Giáo dục Thể chất
138498,SP2,giao-duc-the-chat,T02,Điểm thi THPT,2024,20.0,Giáo dục Thể chất
138499,SP2,giao-duc-the-chat,T05,Điểm thi THPT,2024,20.0,Giáo dục Thể chất
138500,SP2,giao-duc-the-chat,T00,Điểm học bạ,2025,27.25,Giáo dục Thể chất
138501,SP2,giao-duc-the-chat,T01,Điểm học bạ,2025,27.25,Giáo dục Thể chất
138502,SP2,giao-duc-the-chat,T02,Điểm học bạ,2025,27.25,Giáo dục Thể chất
138503,SP2,giao-duc-the-chat,T07,Điểm học bạ,2025,27.25,Giáo dục Thể chất
138504,SP2,giao-duc-the-chat,T00,Điểm thi THPT,2025,23.25,Giáo dục Thể chất
138505,SP2,giao-duc-the-chat,T01,Điểm thi THPT,2025,23.25,Giáo dục Thể chất
138506,SP2,giao-duc-the-chat,T02,Điểm thi THPT,2025,23.25,Giáo dục Thể chất
138507,SP2,giao-duc-the-chat,T07,Điểm thi THPT,2025,23.25,Giáo dục Thể chất
138508,SP2,giao-duc-tieu-hoc,A00,Điểm học bạ,2021,37.5,Giáo dục Tiểu học
138509,SP2,giao-duc-tieu-hoc,A01,Điểm học bạ,2021,37.5,Giáo dục Tiểu học
138510,SP2,giao-duc-tieu-hoc,C04,Điểm học bạ,2021,37.5,Giáo dục Tiểu học
138511,SP2,giao-duc-tieu-hoc,D01,Điểm học bạ,2021,37.5,Giáo dục Tiểu học
138512,SP2,giao-duc-tieu-hoc,A00,Điểm thi THPT,2021,32.5,Giáo dục Tiểu học
138513,SP2,giao-duc-tieu-hoc,A01,Điểm thi THPT,2021,32.5,Giáo dục Tiểu học
138514,SP2,giao-duc-tieu-hoc,C04,Điểm thi THPT,2021,32.5,Giáo dục Tiểu học
138515,SP2,giao-duc-tieu-hoc,D01,Điểm thi THPT,2021,32.5,Giáo dục Tiểu học
138516,SP2,giao-duc-tieu-hoc,A00,Điểm học bạ,2022,39.25,Giáo dục Tiểu học
138517,SP2,giao-duc-tieu-hoc,A01,Điểm học bạ,2022,39.25,Giáo dục Tiểu học
138518,SP2,giao-duc-tieu-hoc,C04,Điểm học bạ,2022,39.25,Giáo dục Tiểu học
138519,SP2,giao-duc-tieu-hoc,D01,Điểm học bạ,2022,39.25,Giáo dục Tiểu học
138520,SP2,giao-duc-tieu-hoc,A00,Điểm thi THPT,2022,36.32,Giáo dục Tiểu học
138521,SP2,giao-duc-tieu-hoc,A01,Điểm thi THPT,2022,36.32,Giáo dục Tiểu học
138522,SP2,giao-duc-tieu-hoc,C04,Điểm thi THPT,2022,36.32,Giáo dục Tiểu học
138523,SP2,giao-duc-tieu-hoc,D01,Điểm thi THPT,2022,36.32,Giáo dục Tiểu học
138524,SP2,giao-duc-tieu-hoc,A00,Điểm học bạ,2023,29.28,Giáo dục Tiểu học
138525,SP2,giao-duc-tieu-hoc,A01,Điểm học bạ,2023,29.28,Giáo dục Tiểu học
138526,SP2,giao-duc-tieu-hoc,C04,Điểm học bạ,2023,29.28,Giáo dục Tiểu học
138527,SP2,giao-duc-tieu-hoc,D01,Điểm học bạ,2023,29.28,Giáo dục Tiểu học
138528,SP2,giao-duc-tieu-hoc,A00,Điểm thi THPT,2023,26.03,Giáo dục Tiểu học
138529,SP2,giao-duc-tieu-hoc,A01,Điểm thi THPT,2023,26.03,Giáo dục Tiểu học
138530,SP2,giao-duc-tieu-hoc,C04,Điểm thi THPT,2023,26.03,Giáo dục Tiểu học
138531,SP2,giao-duc-tieu-hoc,D01,Điểm thi THPT,2023,26.03,Giáo dục Tiểu học
138532,SP2,giao-duc-tieu-hoc,A00,Điểm học bạ,2024,29.44,Giáo dục Tiểu học
138533,SP2,giao-duc-tieu-hoc,A01,Điểm học bạ,2024,29.44,Giáo dục Tiểu học
138534,SP2,giao-duc-tieu-hoc,C04,Điểm học bạ,2024,29.44,Giáo dục Tiểu học
138535,SP2,giao-duc-tieu-hoc,D01,Điểm học bạ,2024,29.44,Giáo dục Tiểu học
138536,SP2,giao-duc-tieu-hoc,A00,Điểm thi THPT,2024,27.39,Giáo dục Tiểu học
138537,SP2,giao-duc-tieu-hoc,A01,Điểm thi THPT,2024,27.39,Giáo dục Tiểu học
138538,SP2,giao-duc-tieu-hoc,C04,Điểm thi THPT,2024,27.39,Giáo dục Tiểu học
138539,SP2,giao-duc-tieu-hoc,D01,Điểm thi THPT,2024,27.39,Giáo dục Tiểu học
138540,SP2,giao-duc-tieu-hoc,C01,Điểm học bạ,2025,27.8,Giáo dục Tiểu học
138541,SP2,giao-duc-tieu-hoc,C03,Điểm học bạ,2025,27.8,Giáo dục Tiểu học
138542,SP2,giao-duc-tieu-hoc,C04,Điểm học bạ,2025,27.8,Giáo dục Tiểu học
138543,SP2,giao-duc-tieu-hoc,D01,Điểm học bạ,2025,27.8,Giáo dục Tiểu học
138544,SP2,giao-duc-tieu-hoc,C01,Điểm thi THPT,2025,26.33,Giáo dục Tiểu học
138545,SP2,giao-duc-tieu-hoc,C03,Điểm thi THPT,2025,26.33,Giáo dục Tiểu học
138546,SP2,giao-duc-tieu-hoc,C04,Điểm thi THPT,2025,26.33,Giáo dục Tiểu học
138547,SP2,giao-duc-tieu-hoc,D01,Điểm thi THPT,2025,26.33,Giáo dục Tiểu học
138548,SP2,khoa-hoc-vat-lieu,A00,Điểm học bạ,2024,19.7,Khoa học vật liệu
138549,SP2,khoa-hoc-vat-lieu,A01,Điểm học bạ,2024,19.7,Khoa học vật liệu
138550,SP2,khoa-hoc-vat-lieu,C01,Điểm học bạ,2024,19.7,Khoa học vật liệu
138551,SP2,khoa-hoc-vat-lieu,D11,Điểm học bạ,2024,19.7,Khoa học vật liệu
138552,SP2,khoa-hoc-vat-lieu,A00,Điểm thi THPT,2024,18.85,Khoa học vật liệu
138553,SP2,khoa-hoc-vat-lieu,A01,Điểm thi THPT,2024,18.85,Khoa học vật liệu
138554,SP2,khoa-hoc-vat-lieu,C01,Điểm thi THPT,2024,18.85,Khoa học vật liệu
138555,SP2,khoa-hoc-vat-lieu,D11,Điểm thi THPT,2024,18.85,Khoa học vật liệu
138556,SP2,khoa-hoc-vat-lieu,A00,Điểm học bạ,2025,22.95,Khoa học vật liệu
138557,SP2,khoa-hoc-vat-lieu,A01,Điểm học bạ,2025,22.95,Khoa học vật liệu
138558,SP2,khoa-hoc-vat-lieu,C01,Điểm học bạ,2025,22.95,Khoa học vật liệu
138559,SP2,khoa-hoc-vat-lieu,A00,Điểm thi THPT,2025,22.95,Khoa học vật liệu
138560,SP2,khoa-hoc-vat-lieu,A01,Điểm thi THPT,2025,22.95,Khoa học vật liệu
138561,SP2,khoa-hoc-vat-lieu,C01,Điểm thi THPT,2025,22.95,Khoa học vật liệu
138562,SP2,khoa-hoc-vat-lieu,C02,Điểm thi THPT,2025,22.95,Khoa học vật liệu
138563,SP2,ki-thuat-hoa-hoc,A00,Điểm học bạ,2025,26.09,Kĩ thuật hóa học
138564,SP2,ki-thuat-hoa-hoc,B00,Điểm học bạ,2025,26.09,Kĩ thuật hóa học
138565,SP2,ki-thuat-hoa-hoc,D07,Điểm học bạ,2025,26.09,Kĩ thuật hóa học
138566,SP2,ki-thuat-hoa-hoc,X10,Điểm học bạ,2025,26.09,Kĩ thuật hóa học
138567,SP2,ki-thuat-hoa-hoc,A00,Điểm thi THPT,2025,22.09,Kĩ thuật hóa học
138568,SP2,ki-thuat-hoa-hoc,B00,Điểm thi THPT,2025,22.09,Kĩ thuật hóa học
138569,SP2,ki-thuat-hoa-hoc,D07,Điểm thi THPT,2025,22.09,Kĩ thuật hóa học
138570,SP2,ki-thuat-hoa-hoc,X10,Điểm thi THPT,2025,22.09,Kĩ thuật hóa học
138571,SP2,ngon-ngu-anh,A01,Điểm học bạ,2021,35.0,Ngôn ngữ Anh
138572,SP2,ngon-ngu-anh,D01,Điểm học bạ,2021,35.0,Ngôn ngữ Anh
138573,SP2,ngon-ngu-anh,D11,Điểm học bạ,2021,35.0,Ngôn ngữ Anh
138574,SP2,ngon-ngu-anh,D12,Điểm học bạ,2021,35.0,Ngôn ngữ Anh
138575,SP2,ngon-ngu-anh,A01,Điểm thi THPT,2021,20.0,Ngôn ngữ Anh
138576,SP2,ngon-ngu-anh,D01,Điểm thi THPT,2021,20.0,Ngôn ngữ Anh
138577,SP2,ngon-ngu-anh,D11,Điểm thi THPT,2021,20.0,Ngôn ngữ Anh
138578,SP2,ngon-ngu-anh,D12,Điểm thi THPT,2021,20.0,Ngôn ngữ Anh
138579,SP2,ngon-ngu-anh,D01,Điểm học bạ,2022,38.2,Ngôn ngữ Anh
138580,SP2,ngon-ngu-anh,D11,Điểm học bạ,2022,38.2,Ngôn ngữ Anh
138581,SP2,ngon-ngu-anh,D12,Điểm học bạ,2022,38.2,Ngôn ngữ Anh
138582,SP2,ngon-ngu-anh,D01,Điểm thi THPT,2022,32.73,Ngôn ngữ Anh
138583,SP2,ngon-ngu-anh,D11,Điểm thi THPT,2022,32.73,Ngôn ngữ Anh
138584,SP2,ngon-ngu-anh,D12,Điểm thi THPT,2022,32.73,Ngôn ngữ Anh
138585,SP2,ngon-ngu-anh,A01,Điểm học bạ,2023,28.32,Ngôn ngữ Anh
138586,SP2,ngon-ngu-anh,D01,Điểm học bạ,2023,28.32,Ngôn ngữ Anh
138587,SP2,ngon-ngu-anh,D11,Điểm học bạ,2023,28.32,Ngôn ngữ Anh
138588,SP2,ngon-ngu-anh,D12,Điểm học bạ,2023,28.32,Ngôn ngữ Anh
138589,SP2,ngon-ngu-anh,A01,Điểm thi THPT,2023,25.02,Ngôn ngữ Anh
138590,SP2,ngon-ngu-anh,D01,Điểm thi THPT,2023,25.02,Ngôn ngữ Anh
138591,SP2,ngon-ngu-anh,D11,Điểm thi THPT,2023,25.02,Ngôn ngữ Anh
138592,SP2,ngon-ngu-anh,D12,Điểm thi THPT,2023,25.02,Ngôn ngữ Anh
138593,SP2,ngon-ngu-anh,A01,Điểm học bạ,2024,28.94,Ngôn ngữ Anh
138594,SP2,ngon-ngu-anh,D01,Điểm học bạ,2024,28.94,Ngôn ngữ Anh
138595,SP2,ngon-ngu-anh,D11,Điểm học bạ,2024,28.94,Ngôn ngữ Anh
138596,SP2,ngon-ngu-anh,D12,Điểm học bạ,2024,28.94,Ngôn ngữ Anh
138597,SP2,ngon-ngu-anh,A01,Điểm thi THPT,2024,25.94,Ngôn ngữ Anh
138598,SP2,ngon-ngu-anh,D01,Điểm thi THPT,2024,25.94,Ngôn ngữ Anh
138599,SP2,ngon-ngu-anh,D11,Điểm thi THPT,2024,25.94,Ngôn ngữ Anh
138600,SP2,ngon-ngu-anh,D12,Điểm thi THPT,2024,25.94,Ngôn ngữ Anh
138601,SP2,ngon-ngu-anh,A01,Điểm học bạ,2025,25.0,Ngôn ngữ Anh
138602,SP2,ngon-ngu-anh,D01,Điểm học bạ,2025,25.0,Ngôn ngữ Anh
138603,SP2,ngon-ngu-anh,D12,Điểm học bạ,2025,25.0,Ngôn ngữ Anh
138604,SP2,ngon-ngu-anh,D14,Điểm học bạ,2025,25.0,Ngôn ngữ Anh
138605,SP2,ngon-ngu-anh,A01,Điểm thi THPT,2025,25.0,Ngôn ngữ Anh
138606,SP2,ngon-ngu-anh,D01,Điểm thi THPT,2025,25.0,Ngôn ngữ Anh
138607,SP2,ngon-ngu-anh,D12,Điểm thi THPT,2025,25.0,Ngôn ngữ Anh
138608,SP2,ngon-ngu-anh,D14,Điểm thi THPT,2025,25.0,Ngôn ngữ Anh
138609,SP2,ngon-ngu-trung-quoc,D01,Điểm học bạ,2021,36.0,Ngôn ngữ Trung Quốc
138610,SP2,ngon-ngu-trung-quoc,D04,Điểm học bạ,2021,36.0,Ngôn ngữ Trung Quốc
138611,SP2,ngon-ngu-trung-quoc,D11,Điểm học bạ,2021,36.0,Ngôn ngữ Trung Quốc
138612,SP2,ngon-ngu-trung-quoc,D01,Điểm thi THPT,2021,24.0,Ngôn ngữ Trung Quốc
138613,SP2,ngon-ngu-trung-quoc,D04,Điểm thi THPT,2021,24.0,Ngôn ngữ Trung Quốc
138614,SP2,ngon-ngu-trung-quoc,D11,Điểm thi THPT,2021,24.0,Ngôn ngữ Trung Quốc
138615,SP2,ngon-ngu-trung-quoc,D01,Điểm học bạ,2022,37.54,Ngôn ngữ Trung Quốc
138616,SP2,ngon-ngu-trung-quoc,D04,Điểm học bạ,2022,37.54,Ngôn ngữ Trung Quốc
138617,SP2,ngon-ngu-trung-quoc,D11,Điểm học bạ,2022,37.54,Ngôn ngữ Trung Quốc
138618,SP2,ngon-ngu-trung-quoc,D14,Điểm học bạ,2022,37.54,Ngôn ngữ Trung Quốc
138619,SP2,ngon-ngu-trung-quoc,D01,Điểm thi THPT,2022,32.75,Ngôn ngữ Trung Quốc
138620,SP2,ngon-ngu-trung-quoc,D04,Điểm thi THPT,2022,32.75,Ngôn ngữ Trung Quốc
138621,SP2,ngon-ngu-trung-quoc,D11,Điểm thi THPT,2022,32.75,Ngôn ngữ Trung Quốc
138622,SP2,ngon-ngu-trung-quoc,D14,Điểm thi THPT,2022,32.75,Ngôn ngữ Trung Quốc
138623,SP2,ngon-ngu-trung-quoc,D01,Điểm học bạ,2023,27.57,Ngôn ngữ Trung Quốc
138624,SP2,ngon-ngu-trung-quoc,D04,Điểm học bạ,2023,27.57,Ngôn ngữ Trung Quốc
138625,SP2,ngon-ngu-trung-quoc,D11,Điểm học bạ,2023,27.57,Ngôn ngữ Trung Quốc
138626,SP2,ngon-ngu-trung-quoc,D14,Điểm học bạ,2023,27.57,Ngôn ngữ Trung Quốc
138627,SP2,ngon-ngu-trung-quoc,D01,Điểm thi THPT,2023,24.63,Ngôn ngữ Trung Quốc
138628,SP2,ngon-ngu-trung-quoc,D04,Điểm thi THPT,2023,24.63,Ngôn ngữ Trung Quốc
138629,SP2,ngon-ngu-trung-quoc,D11,Điểm thi THPT,2023,24.63,Ngôn ngữ Trung Quốc
138630,SP2,ngon-ngu-trung-quoc,D14,Điểm thi THPT,2023,24.63,Ngôn ngữ Trung Quốc
138631,SP2,ngon-ngu-trung-quoc,D01,Điểm học bạ,2024,28.69,Ngôn ngữ Trung Quốc
138632,SP2,ngon-ngu-trung-quoc,D04,Điểm học bạ,2024,28.69,Ngôn ngữ Trung Quốc
138633,SP2,ngon-ngu-trung-quoc,D11,Điểm học bạ,2024,28.69,Ngôn ngữ Trung Quốc
138634,SP2,ngon-ngu-trung-quoc,D14,Điểm học bạ,2024,28.69,Ngôn ngữ Trung Quốc
138635,SP2,ngon-ngu-trung-quoc,D01,Điểm thi THPT,2024,26.14,Ngôn ngữ Trung Quốc
138636,SP2,ngon-ngu-trung-quoc,D04,Điểm thi THPT,2024,26.14,Ngôn ngữ Trung Quốc
138637,SP2,ngon-ngu-trung-quoc,D11,Điểm thi THPT,2024,26.14,Ngôn ngữ Trung Quốc
138638,SP2,ngon-ngu-trung-quoc,D14,Điểm thi THPT,2024,26.14,Ngôn ngữ Trung Quốc
138639,SP2,ngon-ngu-trung-quoc,A01,Điểm học bạ,2025,23.78,Ngôn ngữ Trung Quốc
138640,SP2,ngon-ngu-trung-quoc,D01,Điểm học bạ,2025,23.78,Ngôn ngữ Trung Quốc
138641,SP2,ngon-ngu-trung-quoc,D04,Điểm học bạ,2025,23.78,Ngôn ngữ Trung Quốc
138642,SP2,ngon-ngu-trung-quoc,D14,Điểm học bạ,2025,23.78,Ngôn ngữ Trung Quốc
138643,SP2,ngon-ngu-trung-quoc,A01,Điểm thi THPT,2025,23.78,Ngôn ngữ Trung Quốc
138644,SP2,ngon-ngu-trung-quoc,D01,Điểm thi THPT,2025,23.78,Ngôn ngữ Trung Quốc
138645,SP2,ngon-ngu-trung-quoc,D04,Điểm thi THPT,2025,23.78,Ngôn ngữ Trung Quốc
138646,SP2,ngon-ngu-trung-quoc,D14,Điểm thi THPT,2025,23.78,Ngôn ngữ Trung Quốc
138647,SP2,quan-ly-the-duc-the-thao,T00,Điểm thi THPT,2024,18.0,Quản lý thể dục thể thao
138648,SP2,quan-ly-the-duc-the-thao,T01,Điểm thi THPT,2024,18.0,Quản lý thể dục thể thao
138649,SP2,quan-ly-the-duc-the-thao,T02,Điểm thi THPT,2024,18.0,Quản lý thể dục thể thao
138650,SP2,quan-ly-the-duc-the-thao,T05,Điểm thi THPT,2024,18.0,Quản lý thể dục thể thao
138651,SP2,quan-ly-the-duc-the-thao,T00,Điểm học bạ,2025,20.25,Quản lý thể dục thể thao
138652,SP2,quan-ly-the-duc-the-thao,T01,Điểm học bạ,2025,20.25,Quản lý thể dục thể thao
138653,SP2,quan-ly-the-duc-the-thao,T02,Điểm học bạ,2025,20.25,Quản lý thể dục thể thao
138654,SP2,quan-ly-the-duc-the-thao,T07,Điểm học bạ,2025,20.25,Quản lý thể dục thể thao
138655,SP2,quan-ly-the-duc-the-thao,T00,Điểm thi THPT,2025,20.25,Quản lý thể dục thể thao
138656,SP2,quan-ly-the-duc-the-thao,T01,Điểm thi THPT,2025,20.25,Quản lý thể dục thể thao
138657,SP2,quan-ly-the-duc-the-thao,T02,Điểm thi THPT,2025,20.25,Quản lý thể dục thể thao
138658,SP2,quan-ly-the-duc-the-thao,T07,Điểm thi THPT,2025,20.25,Quản lý thể dục thể thao
138659,SP2,su-pham-cong-nghe,A01,Điểm học bạ,2021,35.25,Sư phạm Công nghệ
138660,SP2,su-pham-cong-nghe,A02,Điểm học bạ,2021,35.25,Sư phạm Công nghệ
138661,SP2,su-pham-cong-nghe,B08,Điểm học bạ,2021,35.25,Sư phạm Công nghệ
138662,SP2,su-pham-cong-nghe,D90,Điểm học bạ,2021,35.25,Sư phạm Công nghệ
138663,SP2,su-pham-cong-nghe,A01,Điểm thi THPT,2021,32.5,Sư phạm Công nghệ
138664,SP2,su-pham-cong-nghe,A02,Điểm thi THPT,2021,32.5,Sư phạm Công nghệ
138665,SP2,su-pham-cong-nghe,B08,Điểm thi THPT,2021,32.5,Sư phạm Công nghệ
138666,SP2,su-pham-cong-nghe,D90,Điểm thi THPT,2021,32.5,Sư phạm Công nghệ
138667,SP2,su-pham-hoa-hoc,A00,Điểm học bạ,2021,34.0,Sư phạm Hóa học
138668,SP2,su-pham-hoa-hoc,A06,Điểm học bạ,2021,34.0,Sư phạm Hóa học
138669,SP2,su-pham-hoa-hoc,B00,Điểm học bạ,2021,34.0,Sư phạm Hóa học
138670,SP2,su-pham-hoa-hoc,D07,Điểm học bạ,2021,34.0,Sư phạm Hóa học
138671,SP2,su-pham-hoa-hoc,A00,Điểm thi THPT,2021,25.5,Sư phạm Hóa học
138672,SP2,su-pham-hoa-hoc,A06,Điểm thi THPT,2021,25.5,Sư phạm Hóa học
138673,SP2,su-pham-hoa-hoc,B00,Điểm thi THPT,2021,25.5,Sư phạm Hóa học
138674,SP2,su-pham-hoa-hoc,D07,Điểm thi THPT,2021,25.5,Sư phạm Hóa học
138675,SP2,su-pham-hoa-hoc,A00,Điểm học bạ,2022,39.8,Sư phạm Hoá học
138676,SP2,su-pham-hoa-hoc,B00,Điểm học bạ,2022,39.8,Sư phạm Hoá học
138677,SP2,su-pham-hoa-hoc,D07,Điểm học bạ,2022,39.8,Sư phạm Hoá học
138678,SP2,su-pham-hoa-hoc,A00,Điểm thi THPT,2022,34.07,Sư phạm Hoá học
138679,SP2,su-pham-hoa-hoc,B00,Điểm thi THPT,2022,34.07,Sư phạm Hoá học
138680,SP2,su-pham-hoa-hoc,D07,Điểm thi THPT,2022,34.07,Sư phạm Hoá học
138681,SP2,su-pham-hoa-hoc,A00,Điểm học bạ,2023,29.28,Sư phạm Hóa học
138682,SP2,su-pham-hoa-hoc,B00,Điểm học bạ,2023,29.28,Sư phạm Hóa học
138683,SP2,su-pham-hoa-hoc,D07,Điểm học bạ,2023,29.28,Sư phạm Hóa học
138684,SP2,su-pham-hoa-hoc,A00,Điểm thi THPT,2023,25.29,Sư phạm Hóa học
138685,SP2,su-pham-hoa-hoc,B00,Điểm thi THPT,2023,25.29,Sư phạm Hóa học
138686,SP2,su-pham-hoa-hoc,D07,Điểm thi THPT,2023,25.29,Sư phạm Hóa học
138687,SP2,su-pham-hoa-hoc,A00,Điểm học bạ,2024,29.55,Sư phạm Hóa học
138688,SP2,su-pham-hoa-hoc,A06,Điểm học bạ,2024,29.55,Sư phạm Hóa học
138689,SP2,su-pham-hoa-hoc,B00,Điểm học bạ,2024,29.55,Sư phạm Hóa học
138690,SP2,su-pham-hoa-hoc,D07,Điểm học bạ,2024,29.55,Sư phạm Hóa học
138691,SP2,su-pham-hoa-hoc,A00,Điểm thi THPT,2024,26.54,Sư phạm Hóa học
138692,SP2,su-pham-hoa-hoc,A06,Điểm thi THPT,2024,26.54,Sư phạm Hóa học
138693,SP2,su-pham-hoa-hoc,B00,Điểm thi THPT,2024,26.54,Sư phạm Hóa học
138694,SP2,su-pham-hoa-hoc,D07,Điểm thi THPT,2024,26.54,Sư phạm Hóa học
138695,SP2,su-pham-hoa-hoc,A00,Điểm học bạ,2025,26.22,Sư phạm Hóa học
138696,SP2,su-pham-hoa-hoc,B00,Điểm học bạ,2025,26.22,Sư phạm Hóa học
138697,SP2,su-pham-hoa-hoc,D07,Điểm học bạ,2025,26.22,Sư phạm Hóa học
138698,SP2,su-pham-hoa-hoc,X10,Điểm học bạ,2025,26.22,Sư phạm Hóa học
138699,SP2,su-pham-hoa-hoc,A00,Điểm thi THPT,2025,26.22,Sư phạm Hóa học
138700,SP2,su-pham-hoa-hoc,B00,Điểm thi THPT,2025,26.22,Sư phạm Hóa học
138701,SP2,su-pham-hoa-hoc,D07,Điểm thi THPT,2025,26.22,Sư phạm Hóa học
138702,SP2,su-pham-hoa-hoc,X10,Điểm thi THPT,2025,26.22,Sư phạm Hóa học
138703,SP2,su-pham-khoa-hoc-tu-nhien,A00,Điểm học bạ,2024,28.79,Sư phạm khoa học tự nhiên
138704,SP2,su-pham-khoa-hoc-tu-nhien,A02,Điểm học bạ,2024,28.79,Sư phạm khoa học tự nhiên
138705,SP2,su-pham-khoa-hoc-tu-nhien,A16,Điểm học bạ,2024,28.79,Sư phạm khoa học tự nhiên
138706,SP2,su-pham-khoa-hoc-tu-nhien,B00,Điểm học bạ,2024,28.79,Sư phạm khoa học tự nhiên
138707,SP2,su-pham-khoa-hoc-tu-nhien,A00,Điểm thi THPT,2024,25.57,Sư phạm Khoa học tự nhiên
138708,SP2,su-pham-khoa-hoc-tu-nhien,A02,Điểm thi THPT,2024,25.57,Sư phạm Khoa học tự nhiên
138709,SP2,su-pham-khoa-hoc-tu-nhien,A16,Điểm thi THPT,2024,25.57,Sư phạm Khoa học tự nhiên
138710,SP2,su-pham-khoa-hoc-tu-nhien,B00,Điểm thi THPT,2024,25.57,Sư phạm Khoa học tự nhiên
138711,SP2,su-pham-khoa-hoc-tu-nhien,A00,Điểm học bạ,2025,28.71,Sư phạm Khoa học tự nhiên
138712,SP2,su-pham-khoa-hoc-tu-nhien,A02,Điểm học bạ,2025,28.71,Sư phạm Khoa học tự nhiên
138713,SP2,su-pham-khoa-hoc-tu-nhien,B00,Điểm học bạ,2025,28.71,Sư phạm Khoa học tự nhiên
138714,SP2,su-pham-khoa-hoc-tu-nhien,B03,Điểm học bạ,2025,28.71,Sư phạm Khoa học tự nhiên
138715,SP2,su-pham-khoa-hoc-tu-nhien,A00,Điểm thi THPT,2025,24.71,Sư phạm Khoa học tự nhiên
138716,SP2,su-pham-khoa-hoc-tu-nhien,A02,Điểm thi THPT,2025,24.71,Sư phạm Khoa học tự nhiên
138717,SP2,su-pham-khoa-hoc-tu-nhien,B00,Điểm thi THPT,2025,24.71,Sư phạm Khoa học tự nhiên
138718,SP2,su-pham-khoa-hoc-tu-nhien,B03,Điểm thi THPT,2025,24.71,Sư phạm Khoa học tự nhiên
138719,SP2,su-pham-lich-su,C00,Điểm học bạ,2021,32.0,Sư phạm Lịch sử
138720,SP2,su-pham-lich-su,C03,Điểm học bạ,2021,32.0,Sư phạm Lịch sử
138721,SP2,su-pham-lich-su,C19,Điểm học bạ,2021,32.0,Sư phạm Lịch sử
138722,SP2,su-pham-lich-su,D14,Điểm học bạ,2021,32.0,Sư phạm Lịch sử
138723,SP2,su-pham-lich-su,C00,Điểm thi THPT,2021,25.5,Sư phạm Lịch sử
138724,SP2,su-pham-lich-su,C03,Điểm thi THPT,2021,25.5,Sư phạm Lịch sử
138725,SP2,su-pham-lich-su,C19,Điểm thi THPT,2021,25.5,Sư phạm Lịch sử
138726,SP2,su-pham-lich-su,D14,Điểm thi THPT,2021,25.5,Sư phạm Lịch sử
138727,SP2,su-pham-lich-su,C00,Điểm học bạ,2022,39.75,Sư phạm Lịch sử
138728,SP2,su-pham-lich-su,C03,Điểm học bạ,2022,39.75,Sư phạm Lịch sử
138729,SP2,su-pham-lich-su,C19,Điểm học bạ,2022,39.75,Sư phạm Lịch sử
138730,SP2,su-pham-lich-su,D14,Điểm học bạ,2022,39.75,Sư phạm Lịch sử
138731,SP2,su-pham-lich-su,C00,Điểm thi THPT,2022,38.67,Sư phạm Lịch sử
138732,SP2,su-pham-lich-su,C03,Điểm thi THPT,2022,38.67,Sư phạm Lịch sử
138733,SP2,su-pham-lich-su,C19,Điểm thi THPT,2022,38.67,Sư phạm Lịch sử
138734,SP2,su-pham-lich-su,D14,Điểm thi THPT,2022,38.67,Sư phạm Lịch sử
138735,SP2,su-pham-lich-su,C00,Điểm học bạ,2023,28.7,Sư phạm Lịch sử
138736,SP2,su-pham-lich-su,C03,Điểm học bạ,2023,28.7,Sư phạm Lịch sử
138737,SP2,su-pham-lich-su,C19,Điểm học bạ,2023,28.7,Sư phạm Lịch sử
138738,SP2,su-pham-lich-su,D14,Điểm học bạ,2023,28.7,Sư phạm Lịch sử
138739,SP2,su-pham-lich-su,C00,Điểm thi THPT,2023,28.58,Sư phạm Lịch sử
138740,SP2,su-pham-lich-su,C03,Điểm thi THPT,2023,28.58,Sư phạm Lịch sử
138741,SP2,su-pham-lich-su,C19,Điểm thi THPT,2023,28.58,Sư phạm Lịch sử
138742,SP2,su-pham-lich-su,D14,Điểm thi THPT,2023,28.58,Sư phạm Lịch sử
138743,SP2,su-pham-lich-su,C00,Điểm học bạ,2024,29.44,Sư phạm Lịch sử
138744,SP2,su-pham-lich-su,C03,Điểm học bạ,2024,29.44,Sư phạm Lịch sử
138745,SP2,su-pham-lich-su,C19,Điểm học bạ,2024,29.44,Sư phạm Lịch sử
138746,SP2,su-pham-lich-su,D14,Điểm học bạ,2024,29.44,Sư phạm Lịch sử
138747,SP2,su-pham-lich-su,C00,Điểm thi THPT,2024,28.83,Sư phạm Lịch sử
138748,SP2,su-pham-lich-su,C03,Điểm thi THPT,2024,28.83,Sư phạm Lịch sử
138749,SP2,su-pham-lich-su,C19,Điểm thi THPT,2024,28.83,Sư phạm Lịch sử
138750,SP2,su-pham-lich-su,D14,Điểm thi THPT,2024,28.83,Sư phạm Lịch sử
138751,SP2,su-pham-lich-su,A07,Điểm học bạ,2025,29.66,Sư phạm Lịch sử
138752,SP2,su-pham-lich-su,C00,Điểm học bạ,2025,29.66,Sư phạm Lịch sử
138753,SP2,su-pham-lich-su,C03,Điểm học bạ,2025,29.66,Sư phạm Lịch sử
138754,SP2,su-pham-lich-su,D14,Điểm học bạ,2025,29.66,Sư phạm Lịch sử
138755,SP2,su-pham-lich-su,A07,Điểm thi THPT,2025,28.31,Sư phạm Lịch sử
138756,SP2,su-pham-lich-su,C00,Điểm thi THPT,2025,28.31,Sư phạm Lịch sử
138757,SP2,su-pham-lich-su,C03,Điểm thi THPT,2025,28.31,Sư phạm Lịch sử
138758,SP2,su-pham-lich-su,D14,Điểm thi THPT,2025,28.31,Sư phạm Lịch sử
138759,SP2,su-pham-lich-su-dia-ly,A07,Điểm thi THPT,2023,27.43,Sư phạm Lịch sử - Địa lý
138760,SP2,su-pham-lich-su-dia-ly,C00,Điểm thi THPT,2023,27.43,Sư phạm Lịch sử - Địa lý
138761,SP2,su-pham-lich-su-dia-ly,C19,Điểm thi THPT,2023,27.43,Sư phạm Lịch sử - Địa lý
138762,SP2,su-pham-lich-su-dia-ly,C20,Điểm thi THPT,2023,27.43,Sư phạm Lịch sử - Địa lý
138763,SP2,su-pham-lich-su-dia-ly,A07,Điểm học bạ,2024,28.95,Sư phạm Lịch sử - Địa lý
138764,SP2,su-pham-lich-su-dia-ly,C00,Điểm học bạ,2024,28.95,Sư phạm Lịch sử - Địa lý
138765,SP2,su-pham-lich-su-dia-ly,C19,Điểm học bạ,2024,28.95,Sư phạm Lịch sử - Địa lý
138766,SP2,su-pham-lich-su-dia-ly,C20,Điểm học bạ,2024,28.95,Sư phạm Lịch sử - Địa lý
138767,SP2,su-pham-lich-su-dia-ly,A07,Điểm thi THPT,2024,28.42,Sư phạm Lịch sử - Địa lý
138768,SP2,su-pham-lich-su-dia-ly,C00,Điểm thi THPT,2024,28.42,Sư phạm Lịch sử - Địa lý
138769,SP2,su-pham-lich-su-dia-ly,C19,Điểm thi THPT,2024,28.42,Sư phạm Lịch sử - Địa lý
138770,SP2,su-pham-lich-su-dia-ly,C20,Điểm thi THPT,2024,28.42,Sư phạm Lịch sử - Địa lý
138771,SP2,su-pham-lich-su-dia-ly,A07,Điểm học bạ,2025,29.61,Sư phạm Lịch sử - Địa lý
138772,SP2,su-pham-lich-su-dia-ly,C00,Điểm học bạ,2025,29.61,Sư phạm Lịch sử - Địa lý
138773,SP2,su-pham-lich-su-dia-ly,C03,Điểm học bạ,2025,29.61,Sư phạm Lịch sử - Địa lý
138774,SP2,su-pham-lich-su-dia-ly,D14,Điểm học bạ,2025,29.61,Sư phạm Lịch sử - Địa lý
138775,SP2,su-pham-lich-su-dia-ly,A07,Điểm thi THPT,2025,28.03,Sư phạm Lịch sử - Địa lý
138776,SP2,su-pham-lich-su-dia-ly,C00,Điểm thi THPT,2025,28.03,Sư phạm Lịch sử - Địa lý
138777,SP2,su-pham-lich-su-dia-ly,C03,Điểm thi THPT,2025,28.03,Sư phạm Lịch sử - Địa lý
138778,SP2,su-pham-lich-su-dia-ly,D14,Điểm thi THPT,2025,28.03,Sư phạm Lịch sử - Địa lý
138779,SP2,su-pham-lich-su-dl,A07,Điểm học bạ,2023,27.85,Sư phạm Lịch sử - ĐL
138780,SP2,su-pham-lich-su-dl,C00,Điểm học bạ,2023,27.85,Sư phạm Lịch sử - ĐL
138781,SP2,su-pham-lich-su-dl,C19,Điểm học bạ,2023,27.85,Sư phạm Lịch sử - ĐL
138782,SP2,su-pham-lich-su-dl,C20,Điểm học bạ,2023,27.85,Sư phạm Lịch sử - ĐL
138783,SP2,su-pham-ngu-van,C00,Điểm học bạ,2021,37.0,Sư phạm Ngữ văn
138784,SP2,su-pham-ngu-van,C14,Điểm học bạ,2021,37.0,Sư phạm Ngữ văn
138785,SP2,su-pham-ngu-van,D01,Điểm học bạ,2021,37.0,Sư phạm Ngữ văn
138786,SP2,su-pham-ngu-van,D15,Điểm học bạ,2021,37.0,Sư phạm Ngữ văn
138787,SP2,su-pham-ngu-van,C00,Điểm thi THPT,2021,30.5,Sư phạm Ngữ văn
138788,SP2,su-pham-ngu-van,C14,Điểm thi THPT,2021,30.5,Sư phạm Ngữ văn
138789,SP2,su-pham-ngu-van,D01,Điểm thi THPT,2021,30.5,Sư phạm Ngữ văn
138790,SP2,su-pham-ngu-van,D15,Điểm thi THPT,2021,30.5,Sư phạm Ngữ văn
138791,SP2,su-pham-ngu-van,C00,Điểm học bạ,2022,39.15,Sư phạm Ngữ văn
138792,SP2,su-pham-ngu-van,C14,Điểm học bạ,2022,39.15,Sư phạm Ngữ văn
138793,SP2,su-pham-ngu-van,D01,Điểm học bạ,2022,39.15,Sư phạm Ngữ văn
138794,SP2,su-pham-ngu-van,D15,Điểm học bạ,2022,39.15,Sư phạm Ngữ văn
138795,SP2,su-pham-ngu-van,C00,Điểm thi THPT,2022,37.17,Sư phạm Ngữ văn
138796,SP2,su-pham-ngu-van,C14,Điểm thi THPT,2022,37.17,Sư phạm Ngữ văn
138797,SP2,su-pham-ngu-van,D01,Điểm thi THPT,2022,37.17,Sư phạm Ngữ văn
138798,SP2,su-pham-ngu-van,D15,Điểm thi THPT,2022,37.17,Sư phạm Ngữ văn
138799,SP2,su-pham-ngu-van,C00,Điểm học bạ,2023,29.1,Sư phạm Ngữ văn
138800,SP2,su-pham-ngu-van,C14,Điểm học bạ,2023,29.1,Sư phạm Ngữ văn
138801,SP2,su-pham-ngu-van,D01,Điểm học bạ,2023,29.1,Sư phạm Ngữ văn
138802,SP2,su-pham-ngu-van,D15,Điểm học bạ,2023,29.1,Sư phạm Ngữ văn
138803,SP2,su-pham-ngu-van,C00,Điểm thi THPT,2023,27.47,Sư phạm Ngữ văn
138804,SP2,su-pham-ngu-van,C14,Điểm thi THPT,2023,27.47,Sư phạm Ngữ văn
138805,SP2,su-pham-ngu-van,D01,Điểm thi THPT,2023,27.47,Sư phạm Ngữ văn
138806,SP2,su-pham-ngu-van,D15,Điểm thi THPT,2023,27.47,Sư phạm Ngữ văn
138807,SP2,su-pham-ngu-van,C00,Điểm học bạ,2024,29.8,Sư phạm Ngữ văn
138808,SP2,su-pham-ngu-van,C14,Điểm học bạ,2024,29.8,Sư phạm Ngữ văn
138809,SP2,su-pham-ngu-van,D01,Điểm học bạ,2024,29.8,Sư phạm Ngữ văn
138810,SP2,su-pham-ngu-van,D15,Điểm học bạ,2024,29.8,Sư phạm Ngữ văn
138811,SP2,su-pham-ngu-van,C00,Điểm thi THPT,2024,28.83,Sư phạm Ngữ văn
138812,SP2,su-pham-ngu-van,C14,Điểm thi THPT,2024,28.83,Sư phạm Ngữ văn
138813,SP2,su-pham-ngu-van,D01,Điểm thi THPT,2024,28.83,Sư phạm Ngữ văn
138814,SP2,su-pham-ngu-van,D15,Điểm thi THPT,2024,28.83,Sư phạm Ngữ văn
138815,SP2,su-pham-ngu-van,C00,Điểm học bạ,2025,28.52,Sư phạm Ngữ văn
138816,SP2,su-pham-ngu-van,D01,Điểm học bạ,2025,28.52,Sư phạm Ngữ văn
138817,SP2,su-pham-ngu-van,X70,Điểm học bạ,2025,28.52,Sư phạm Ngữ văn
138818,SP2,su-pham-ngu-van,X74,Điểm học bạ,2025,28.52,Sư phạm Ngữ văn
138819,SP2,su-pham-ngu-van,C00,Điểm thi THPT,2025,28.52,Sư phạm Ngữ văn
138820,SP2,su-pham-ngu-van,D01,Điểm thi THPT,2025,28.52,Sư phạm Ngữ văn
138821,SP2,su-pham-ngu-van,X70,Điểm thi THPT,2025,28.52,Sư phạm Ngữ văn
138822,SP2,su-pham-ngu-van,X74,Điểm thi THPT,2025,28.52,Sư phạm Ngữ văn
138823,SP2,su-pham-sinh-hoc,B00,Điểm học bạ,2021,32.0,Sư phạm Sinh học
138824,SP2,su-pham-sinh-hoc,B02,Điểm học bạ,2021,32.0,Sư phạm Sinh học
138825,SP2,su-pham-sinh-hoc,B03,Điểm học bạ,2021,32.0,Sư phạm Sinh học
138826,SP2,su-pham-sinh-hoc,B08,Điểm học bạ,2021,32.0,Sư phạm Sinh học
138827,SP2,su-pham-sinh-hoc,B00,Điểm thi THPT,2021,25.5,Sư phạm Sinh học
138828,SP2,su-pham-sinh-hoc,B02,Điểm thi THPT,2021,25.5,Sư phạm Sinh học
138829,SP2,su-pham-sinh-hoc,B03,Điểm thi THPT,2021,25.5,Sư phạm Sinh học
138830,SP2,su-pham-sinh-hoc,B08,Điểm thi THPT,2021,25.5,Sư phạm Sinh học
138831,SP2,su-pham-sinh-hoc,B00,Điểm học bạ,2022,39.75,Sư phạm Sinh học
138832,SP2,su-pham-sinh-hoc,B02,Điểm học bạ,2022,39.75,Sư phạm Sinh học
138833,SP2,su-pham-sinh-hoc,B03,Điểm học bạ,2022,39.75,Sư phạm Sinh học
138834,SP2,su-pham-sinh-hoc,B08,Điểm học bạ,2022,39.75,Sư phạm Sinh học
138835,SP2,su-pham-sinh-hoc,B00,Điểm thi THPT,2022,31.57,Sư phạm Sinh học
138836,SP2,su-pham-sinh-hoc,B02,Điểm thi THPT,2022,31.57,Sư phạm Sinh học
138837,SP2,su-pham-sinh-hoc,B03,Điểm thi THPT,2022,31.57,Sư phạm Sinh học
138838,SP2,su-pham-sinh-hoc,B08,Điểm thi THPT,2022,31.57,Sư phạm Sinh học
138839,SP2,su-pham-sinh-hoc,B00,Điểm học bạ,2023,28.46,Sư phạm Sinh học
138840,SP2,su-pham-sinh-hoc,B02,Điểm học bạ,2023,28.46,Sư phạm Sinh học
138841,SP2,su-pham-sinh-hoc,B03,Điểm học bạ,2023,28.46,Sư phạm Sinh học
138842,SP2,su-pham-sinh-hoc,B08,Điểm học bạ,2023,28.46,Sư phạm Sinh học
138843,SP2,su-pham-sinh-hoc,B00,Điểm thi THPT,2023,24.49,Sư phạm Sinh học
138844,SP2,su-pham-sinh-hoc,B02,Điểm thi THPT,2023,24.49,Sư phạm Sinh học
138845,SP2,su-pham-sinh-hoc,B03,Điểm thi THPT,2023,24.49,Sư phạm Sinh học
138846,SP2,su-pham-sinh-hoc,B08,Điểm thi THPT,2023,24.49,Sư phạm Sinh học
138847,SP2,su-pham-sinh-hoc,A02,Điểm học bạ,2024,29.21,Sư phạm Sinh học
138848,SP2,su-pham-sinh-hoc,B00,Điểm học bạ,2024,29.21,Sư phạm Sinh học
138849,SP2,su-pham-sinh-hoc,B03,Điểm học bạ,2024,29.21,Sư phạm Sinh học
138850,SP2,su-pham-sinh-hoc,B08,Điểm học bạ,2024,29.21,Sư phạm Sinh học
138851,SP2,su-pham-sinh-hoc,A02,Điểm thi THPT,2024,26.33,Sư phạm Sinh học
138852,SP2,su-pham-sinh-hoc,B00,Điểm thi THPT,2024,26.33,Sư phạm Sinh học
138853,SP2,su-pham-sinh-hoc,B03,Điểm thi THPT,2024,26.33,Sư phạm Sinh học
138854,SP2,su-pham-sinh-hoc,B08,Điểm thi THPT,2024,26.33,Sư phạm Sinh học
138855,SP2,su-pham-sinh-hoc,A02,Điểm học bạ,2025,28.2,Sư phạm Sinh học
138856,SP2,su-pham-sinh-hoc,B00,Điểm học bạ,2025,28.2,Sư phạm Sinh học
138857,SP2,su-pham-sinh-hoc,B03,Điểm học bạ,2025,28.2,Sư phạm Sinh học
138858,SP2,su-pham-sinh-hoc,B08,Điểm học bạ,2025,28.2,Sư phạm Sinh học
138859,SP2,su-pham-sinh-hoc,A02,Điểm thi THPT,2025,24.2,Sư phạm Sinh học
138860,SP2,su-pham-sinh-hoc,B00,Điểm thi THPT,2025,24.2,Sư phạm Sinh học
138861,SP2,su-pham-sinh-hoc,B03,Điểm thi THPT,2025,24.2,Sư phạm Sinh học
138862,SP2,su-pham-sinh-hoc,B08,Điểm thi THPT,2025,24.2,Sư phạm Sinh học
138863,SP2,su-pham-tieng-anh,A01,Điểm học bạ,2021,38.0,Sư phạm Tiếng Anh
138864,SP2,su-pham-tieng-anh,D01,Điểm học bạ,2021,38.0,Sư phạm Tiếng Anh
138865,SP2,su-pham-tieng-anh,D11,Điểm học bạ,2021,38.0,Sư phạm Tiếng Anh
138866,SP2,su-pham-tieng-anh,D12,Điểm học bạ,2021,38.0,Sư phạm Tiếng Anh
138867,SP2,su-pham-tieng-anh,A01,Điểm thi THPT,2021,32.0,Sư phạm Tiếng Anh
138868,SP2,su-pham-tieng-anh,D01,Điểm thi THPT,2021,32.0,Sư phạm Tiếng Anh
138869,SP2,su-pham-tieng-anh,D11,Điểm thi THPT,2021,32.0,Sư phạm Tiếng Anh
138870,SP2,su-pham-tieng-anh,D12,Điểm thi THPT,2021,32.0,Sư phạm Tiếng Anh
138871,SP2,su-pham-tieng-anh,A01,Điểm học bạ,2022,39.6,Sư phạm Tiếng Anh
138872,SP2,su-pham-tieng-anh,D01,Điểm học bạ,2022,39.6,Sư phạm Tiếng Anh
138873,SP2,su-pham-tieng-anh,D11,Điểm học bạ,2022,39.6,Sư phạm Tiếng Anh
138874,SP2,su-pham-tieng-anh,D12,Điểm học bạ,2022,39.6,Sư phạm Tiếng Anh
138875,SP2,su-pham-tieng-anh,A01,Điểm thi THPT,2022,35.28,Sư phạm Tiếng Anh
138876,SP2,su-pham-tieng-anh,D01,Điểm thi THPT,2022,35.28,Sư phạm Tiếng Anh
138877,SP2,su-pham-tieng-anh,D11,Điểm thi THPT,2022,35.28,Sư phạm Tiếng Anh
138878,SP2,su-pham-tieng-anh,D12,Điểm thi THPT,2022,35.28,Sư phạm Tiếng Anh
138879,SP2,su-pham-tieng-anh,A01,Điểm học bạ,2023,28.92,Sư phạm Tiếng Anh
138880,SP2,su-pham-tieng-anh,D01,Điểm học bạ,2023,28.92,Sư phạm Tiếng Anh
138881,SP2,su-pham-tieng-anh,D11,Điểm học bạ,2023,28.92,Sư phạm Tiếng Anh
138882,SP2,su-pham-tieng-anh,D12,Điểm học bạ,2023,28.92,Sư phạm Tiếng Anh
138883,SP2,su-pham-tieng-anh,A01,Điểm thi THPT,2023,26.25,Sư phạm Tiếng Anh
138884,SP2,su-pham-tieng-anh,D01,Điểm thi THPT,2023,26.25,Sư phạm Tiếng Anh
138885,SP2,su-pham-tieng-anh,D11,Điểm thi THPT,2023,26.25,Sư phạm Tiếng Anh
138886,SP2,su-pham-tieng-anh,D12,Điểm thi THPT,2023,26.25,Sư phạm Tiếng Anh
138887,SP2,su-pham-tieng-anh,A01,Điểm học bạ,2024,29.58,Sư phạm Tiếng Anh
138888,SP2,su-pham-tieng-anh,D01,Điểm học bạ,2024,29.58,Sư phạm Tiếng Anh
138889,SP2,su-pham-tieng-anh,D11,Điểm học bạ,2024,29.58,Sư phạm Tiếng Anh
138890,SP2,su-pham-tieng-anh,D12,Điểm học bạ,2024,29.58,Sư phạm Tiếng Anh
138891,SP2,su-pham-tieng-anh,A01,Điểm thi THPT,2024,27.2,Sư phạm Tiếng Anh
138892,SP2,su-pham-tieng-anh,D01,Điểm thi THPT,2024,27.2,Sư phạm Tiếng Anh
138893,SP2,su-pham-tieng-anh,D11,Điểm thi THPT,2024,27.2,Sư phạm Tiếng Anh
138894,SP2,su-pham-tieng-anh,D12,Điểm thi THPT,2024,27.2,Sư phạm Tiếng Anh
138895,SP2,su-pham-tieng-anh,A01,Điểm học bạ,2025,27.2,Sư phạm Tiếng Anh
138896,SP2,su-pham-tieng-anh,D01,Điểm học bạ,2025,27.2,Sư phạm Tiếng Anh
138897,SP2,su-pham-tieng-anh,D12,Điểm học bạ,2025,27.2,Sư phạm Tiếng Anh
138898,SP2,su-pham-tieng-anh,D14,Điểm học bạ,2025,27.2,Sư phạm Tiếng Anh
138899,SP2,su-pham-tieng-anh,A01,Điểm thi THPT,2025,27.2,Sư phạm Tiếng Anh
138900,SP2,su-pham-tieng-anh,D01,Điểm thi THPT,2025,27.2,Sư phạm Tiếng Anh
138901,SP2,su-pham-tieng-anh,D12,Điểm thi THPT,2025,27.2,Sư phạm Tiếng Anh
138902,SP2,su-pham-tieng-anh,D14,Điểm thi THPT,2025,27.2,Sư phạm Tiếng Anh
138903,SP2,su-pham-tin-hoc,A00,Điểm học bạ,2021,32.0,Sư phạm Tin học
138904,SP2,su-pham-tin-hoc,A01,Điểm học bạ,2021,32.0,Sư phạm Tin học
138905,SP2,su-pham-tin-hoc,C01,Điểm học bạ,2021,32.0,Sư phạm Tin học
138906,SP2,su-pham-tin-hoc,D01,Điểm học bạ,2021,32.0,Sư phạm Tin học
138907,SP2,su-pham-tin-hoc,A00,Điểm thi THPT,2021,25.5,Sư phạm Tin học
138908,SP2,su-pham-tin-hoc,A01,Điểm thi THPT,2021,25.5,Sư phạm Tin học
138909,SP2,su-pham-tin-hoc,C01,Điểm thi THPT,2021,25.5,Sư phạm Tin học
138910,SP2,su-pham-tin-hoc,D01,Điểm thi THPT,2021,25.5,Sư phạm Tin học
138911,SP2,su-pham-tin-hoc,A00,Điểm học bạ,2022,33.25,Sư phạm Tin học
138912,SP2,su-pham-tin-hoc,A01,Điểm học bạ,2022,33.25,Sư phạm Tin học
138913,SP2,su-pham-tin-hoc,C01,Điểm học bạ,2022,33.25,Sư phạm Tin học
138914,SP2,su-pham-tin-hoc,D01,Điểm học bạ,2022,33.25,Sư phạm Tin học
138915,SP2,su-pham-tin-hoc,A00,Điểm thi THPT,2022,24.3,Sư phạm Tin học
138916,SP2,su-pham-tin-hoc,A01,Điểm thi THPT,2022,24.3,Sư phạm Tin học
138917,SP2,su-pham-tin-hoc,C01,Điểm thi THPT,2022,24.3,Sư phạm Tin học
138918,SP2,su-pham-tin-hoc,D01,Điểm thi THPT,2022,24.3,Sư phạm Tin học
138919,SP2,su-pham-tin-hoc,A00,Điểm học bạ,2023,27.1,Sư phạm Tin học
138920,SP2,su-pham-tin-hoc,A01,Điểm học bạ,2023,27.1,Sư phạm Tin học
138921,SP2,su-pham-tin-hoc,C01,Điểm học bạ,2023,27.1,Sư phạm Tin học
138922,SP2,su-pham-tin-hoc,D01,Điểm học bạ,2023,27.1,Sư phạm Tin học
138923,SP2,su-pham-tin-hoc,A00,Điểm thi THPT,2023,22.7,Sư phạm Tin học
138924,SP2,su-pham-tin-hoc,A01,Điểm thi THPT,2023,22.7,Sư phạm Tin học
138925,SP2,su-pham-tin-hoc,C01,Điểm thi THPT,2023,22.7,Sư phạm Tin học
138926,SP2,su-pham-tin-hoc,D01,Điểm thi THPT,2023,22.7,Sư phạm Tin học
138927,SP2,su-pham-tin-hoc,A00,Điểm học bạ,2024,27.8,Sư phạm Tin học
138928,SP2,su-pham-tin-hoc,A01,Điểm học bạ,2024,27.8,Sư phạm Tin học
138929,SP2,su-pham-tin-hoc,C01,Điểm học bạ,2024,27.8,Sư phạm Tin học
138930,SP2,su-pham-tin-hoc,D01,Điểm học bạ,2024,27.8,Sư phạm Tin học
138931,SP2,su-pham-tin-hoc,A00,Điểm thi THPT,2024,24.85,Sư phạm Tin học
138932,SP2,su-pham-tin-hoc,A01,Điểm thi THPT,2024,24.85,Sư phạm Tin học
138933,SP2,su-pham-tin-hoc,C01,Điểm thi THPT,2024,24.85,Sư phạm Tin học
138934,SP2,su-pham-tin-hoc,D01,Điểm thi THPT,2024,24.85,Sư phạm Tin học
138935,SP2,su-pham-tin-hoc,A00,Điểm học bạ,2025,24.32,Sư phạm Tin học
138936,SP2,su-pham-tin-hoc,A01,Điểm học bạ,2025,24.32,Sư phạm Tin học
138937,SP2,su-pham-tin-hoc,D01,Điểm học bạ,2025,24.32,Sư phạm Tin học
138938,SP2,su-pham-tin-hoc,X06,Điểm học bạ,2025,24.32,Sư phạm Tin học
138939,SP2,su-pham-tin-hoc,A00,Điểm thi THPT,2025,24.32,Sư phạm Tin học
138940,SP2,su-pham-tin-hoc,A01,Điểm thi THPT,2025,24.32,Sư phạm Tin học
138941,SP2,su-pham-tin-hoc,D01,Điểm thi THPT,2025,24.32,Sư phạm Tin học
138942,SP2,su-pham-tin-hoc,X06,Điểm thi THPT,2025,24.32,Sư phạm Tin học
138943,SP2,su-pham-toan-hoc,A00,Điểm học bạ,2021,39.0,Sư phạm Toán học
138944,SP2,su-pham-toan-hoc,A01,Điểm học bạ,2021,39.0,Sư phạm Toán học
138945,SP2,su-pham-toan-hoc,D01,Điểm học bạ,2021,39.0,Sư phạm Toán học
138946,SP2,su-pham-toan-hoc,D84,Điểm học bạ,2021,39.0,Sư phạm Toán học
138947,SP2,su-pham-toan-hoc,A00,Điểm thi THPT,2021,30.5,Sư phạm Toán học
138948,SP2,su-pham-toan-hoc,A01,Điểm thi THPT,2021,30.5,Sư phạm Toán học
138949,SP2,su-pham-toan-hoc,D01,Điểm thi THPT,2021,30.5,Sư phạm Toán học
138950,SP2,su-pham-toan-hoc,D84,Điểm thi THPT,2021,30.5,Sư phạm Toán học
138951,SP2,su-pham-toan-hoc,A00,Điểm học bạ,2022,39.85,Sư phạm Toán học
138952,SP2,su-pham-toan-hoc,A01,Điểm học bạ,2022,39.85,Sư phạm Toán học
138953,SP2,su-pham-toan-hoc,D01,Điểm học bạ,2022,39.85,Sư phạm Toán học
138954,SP2,su-pham-toan-hoc,D84,Điểm học bạ,2022,39.85,Sư phạm Toán học
138955,SP2,su-pham-toan-hoc,A00,Điểm thi THPT,2022,34.95,Sư phạm Toán học
138956,SP2,su-pham-toan-hoc,A01,Điểm thi THPT,2022,34.95,Sư phạm Toán học
138957,SP2,su-pham-toan-hoc,D01,Điểm thi THPT,2022,34.95,Sư phạm Toán học
138958,SP2,su-pham-toan-hoc,D84,Điểm thi THPT,2022,34.95,Sư phạm Toán học
138959,SP2,su-pham-toan-hoc,A00,Điểm học bạ,2023,29.67,Sư phạm Toán học
138960,SP2,su-pham-toan-hoc,A01,Điểm học bạ,2023,29.67,Sư phạm Toán học
138961,SP2,su-pham-toan-hoc,D01,Điểm học bạ,2023,29.67,Sư phạm Toán học
138962,SP2,su-pham-toan-hoc,D84,Điểm học bạ,2023,29.67,Sư phạm Toán học
138963,SP2,su-pham-toan-hoc,A00,Điểm thi THPT,2023,26.28,Sư phạm Toán học
138964,SP2,su-pham-toan-hoc,A01,Điểm thi THPT,2023,26.28,Sư phạm Toán học
138965,SP2,su-pham-toan-hoc,D01,Điểm thi THPT,2023,26.28,Sư phạm Toán học
138966,SP2,su-pham-toan-hoc,D84,Điểm thi THPT,2023,26.28,Sư phạm Toán học
138967,SP2,su-pham-toan-hoc,A00,Điểm học bạ,2024,29.63,Sư phạm Toán học
138968,SP2,su-pham-toan-hoc,A01,Điểm học bạ,2024,29.63,Sư phạm Toán học
138969,SP2,su-pham-toan-hoc,D01,Điểm học bạ,2024,29.63,Sư phạm Toán học
138970,SP2,su-pham-toan-hoc,D84,Điểm học bạ,2024,29.63,Sư phạm Toán học
138971,SP2,su-pham-toan-hoc,A00,Điểm thi THPT,2024,26.83,Sư phạm Toán học
138972,SP2,su-pham-toan-hoc,A01,Điểm thi THPT,2024,26.83,Sư phạm Toán học
138973,SP2,su-pham-toan-hoc,D01,Điểm thi THPT,2024,26.83,Sư phạm Toán học
138974,SP2,su-pham-toan-hoc,D84,Điểm thi THPT,2024,26.83,Sư phạm Toán học
138975,SP2,su-pham-toan-hoc,A00,Điểm học bạ,2025,29.53,Sư phạm Toán học
138976,SP2,su-pham-toan-hoc,A01,Điểm học bạ,2025,29.53,Sư phạm Toán học
138977,SP2,su-pham-toan-hoc,D07,Điểm học bạ,2025,29.53,Sư phạm Toán học
138978,SP2,su-pham-toan-hoc,X26,Điểm học bạ,2025,29.53,Sư phạm Toán học
138979,SP2,su-pham-toan-hoc,A00,Điểm thi THPT,2025,27.64,Sư phạm Toán học
138980,SP2,su-pham-toan-hoc,A01,Điểm thi THPT,2025,27.64,Sư phạm Toán học
138981,SP2,su-pham-toan-hoc,D07,Điểm thi THPT,2025,27.64,Sư phạm Toán học
138982,SP2,su-pham-toan-hoc,X26,Điểm thi THPT,2025,27.64,Sư phạm Toán học
138983,SP2,su-pham-vat-ly,A00,Điểm học bạ,2021,34.0,Sư phạm Vật lý
138984,SP2,su-pham-vat-ly,A01,Điểm học bạ,2021,34.0,Sư phạm Vật lý
138985,SP2,su-pham-vat-ly,A04,Điểm học bạ,2021,34.0,Sư phạm Vật lý
138986,SP2,su-pham-vat-ly,C01,Điểm học bạ,2021,34.0,Sư phạm Vật lý
138987,SP2,su-pham-vat-ly,A00,Điểm thi THPT,2021,25.5,Sư phạm Vật lý
138988,SP2,su-pham-vat-ly,A01,Điểm thi THPT,2021,25.5,Sư phạm Vật lý
138989,SP2,su-pham-vat-ly,A04,Điểm thi THPT,2021,25.5,Sư phạm Vật lý
138990,SP2,su-pham-vat-ly,C01,Điểm thi THPT,2021,25.5,Sư phạm Vật lý
138991,SP2,su-pham-vat-ly,A00,Điểm học bạ,2022,39.25,Sư phạm Vật lý
138992,SP2,su-pham-vat-ly,A01,Điểm học bạ,2022,39.25,Sư phạm Vật lý
138993,SP2,su-pham-vat-ly,C01,Điểm học bạ,2022,39.25,Sư phạm Vật lý
138994,SP2,su-pham-vat-ly,D01,Điểm học bạ,2022,39.25,Sư phạm Vật lý
138995,SP2,su-pham-vat-ly,A00,Điểm thi THPT,2022,34.03,Sư phạm Vật lý
138996,SP2,su-pham-vat-ly,A01,Điểm thi THPT,2022,34.03,Sư phạm Vật lý
138997,SP2,su-pham-vat-ly,C01,Điểm thi THPT,2022,34.03,Sư phạm Vật lý
138998,SP2,su-pham-vat-ly,D01,Điểm thi THPT,2022,34.03,Sư phạm Vật lý
138999,SP2,su-pham-vat-ly,A00,Điểm học bạ,2023,29.05,Sư phạm Vật lý
139000,SP2,su-pham-vat-ly,A01,Điểm học bạ,2023,29.05,Sư phạm Vật lý
139001,SP2,su-pham-vat-ly,C01,Điểm học bạ,2023,29.05,Sư phạm Vật lý
139002,SP2,su-pham-vat-ly,D01,Điểm học bạ,2023,29.05,Sư phạm Vật lý
139003,SP2,su-pham-vat-ly,A00,Điểm thi THPT,2023,25.5,Sư phạm Vật lý
139004,SP2,su-pham-vat-ly,A01,Điểm thi THPT,2023,25.5,Sư phạm Vật lý
139005,SP2,su-pham-vat-ly,C01,Điểm thi THPT,2023,25.5,Sư phạm Vật lý
139006,SP2,su-pham-vat-ly,D01,Điểm thi THPT,2023,25.5,Sư phạm Vật lý
139007,SP2,su-pham-vat-ly,A00,Điểm học bạ,2024,29.39,Sư phạm Vật lý
139008,SP2,su-pham-vat-ly,A01,Điểm học bạ,2024,29.39,Sư phạm Vật lý
139009,SP2,su-pham-vat-ly,C01,Điểm học bạ,2024,29.39,Sư phạm Vật lý
139010,SP2,su-pham-vat-ly,D11,Điểm học bạ,2024,29.39,Sư phạm Vật lý
139011,SP2,su-pham-vat-ly,A00,Điểm thi THPT,2024,26.81,Sư phạm Vật lý
139012,SP2,su-pham-vat-ly,A01,Điểm thi THPT,2024,26.81,Sư phạm Vật lý
139013,SP2,su-pham-vat-ly,C01,Điểm thi THPT,2024,26.81,Sư phạm Vật lý
139014,SP2,su-pham-vat-ly,D11,Điểm thi THPT,2024,26.81,Sư phạm Vật lý
139015,SP2,su-pham-vat-ly,A00,Điểm học bạ,2025,29.43,Sư phạm Vật lý
139016,SP2,su-pham-vat-ly,A01,Điểm học bạ,2025,29.43,Sư phạm Vật lý
139017,SP2,su-pham-vat-ly,C01,Điểm học bạ,2025,29.43,Sư phạm Vật lý
139018,SP2,su-pham-vat-ly,D11,Điểm học bạ,2025,29.43,Sư phạm Vật lý
139019,SP2,su-pham-vat-ly,A00,Điểm thi THPT,2025,27.17,Sư phạm Vật lý
139020,SP2,su-pham-vat-ly,A01,Điểm thi THPT,2025,27.17,Sư phạm Vật lý
139021,SP2,su-pham-vat-ly,C01,Điểm thi THPT,2025,27.17,Sư phạm Vật lý
139022,SP2,su-pham-vat-ly,D11,Điểm thi THPT,2025,27.17,Sư phạm Vật lý
139023,SP2,tam-ly-hoc-giao-duc,B00,Điểm học bạ,2024,28.1,Tâm lý học giáo dục
139024,SP2,tam-ly-hoc-giao-duc,C00,Điểm học bạ,2024,28.1,Tâm lý học giáo dục
139025,SP2,tam-ly-hoc-giao-duc,C19,Điểm học bạ,2024,28.1,Tâm lý học giáo dục
139026,SP2,tam-ly-hoc-giao-duc,D01,Điểm học bạ,2024,28.1,Tâm lý học giáo dục
139027,SP2,tam-ly-hoc-giao-duc,B00,Điểm thi THPT,2024,26.68,Tâm lý học giáo dục
139028,SP2,tam-ly-hoc-giao-duc,C00,Điểm thi THPT,2024,26.68,Tâm lý học giáo dục
139029,SP2,tam-ly-hoc-giao-duc,C19,Điểm thi THPT,2024,26.68,Tâm lý học giáo dục
139030,SP2,tam-ly-hoc-giao-duc,D01,Điểm thi THPT,2024,26.68,Tâm lý học giáo dục
139031,SP2,tam-ly-hoc-giao-duc,B03,Điểm học bạ,2025,29.67,Tâm lý học giáo dục
139032,SP2,tam-ly-hoc-giao-duc,C00,Điểm học bạ,2025,29.67,Tâm lý học giáo dục
139033,SP2,tam-ly-hoc-giao-duc,D01,Điểm học bạ,2025,29.67,Tâm lý học giáo dục
139034,SP2,tam-ly-hoc-giao-duc,X70,Điểm học bạ,2025,29.67,Tâm lý học giáo dục
139035,SP2,tam-ly-hoc-giao-duc,B03,Điểm thi THPT,2025,26.68,Tâm lý học giáo dục
139036,SP2,tam-ly-hoc-giao-duc,C00,Điểm thi THPT,2025,26.68,Tâm lý học giáo dục
139037,SP2,tam-ly-hoc-giao-duc,D01,Điểm thi THPT,2025,26.68,Tâm lý học giáo dục
139038,SP2,tam-ly-hoc-giao-duc,X70,Điểm thi THPT,2025,26.68,Tâm lý học giáo dục
139039,SP2,toan-ung-dung,A00,Điểm học bạ,2025,28.7,Toán ứng dụng
139040,SP2,toan-ung-dung,A01,Điểm học bạ,2025,28.7,Toán ứng dụng
139041,SP2,toan-ung-dung,D07,Điểm học bạ,2025,28.7,Toán ứng dụng
139042,SP2,toan-ung-dung,X26,Điểm học bạ,2025,28.7,Toán ứng dụng
139043,SP2,toan-ung-dung,A00,Điểm thi THPT,2025,24.7,Toán ứng dụng
139044,SP2,toan-ung-dung,A01,Điểm thi THPT,2025,24.7,Toán ứng dụng
139045,SP2,toan-ung-dung,D07,Điểm thi THPT,2025,24.7,Toán ứng dụng
139046,SP2,toan-ung-dung,X26,Điểm thi THPT,2025,24.7,Toán ứng dụng
139047,SP2,viet-nam-hoc,C00,Điểm học bạ,2021,24.0,Việt Nam học
139048,SP2,viet-nam-hoc,C14,Điểm học bạ,2021,24.0,Việt Nam học
139049,SP2,viet-nam-hoc,D01,Điểm học bạ,2021,24.0,Việt Nam học
139050,SP2,viet-nam-hoc,D15,Điểm học bạ,2021,24.0,Việt Nam học
139051,SP2,viet-nam-hoc,C00,Điểm thi THPT,2021,20.0,Việt Nam học
139052,SP2,viet-nam-hoc,C14,Điểm thi THPT,2021,20.0,Việt Nam học
139053,SP2,viet-nam-hoc,D01,Điểm thi THPT,2021,20.0,Việt Nam học
139054,SP2,viet-nam-hoc,D15,Điểm thi THPT,2021,20.0,Việt Nam học
139055,SP2,viet-nam-hoc,C00,Điểm học bạ,2022,29.25,Việt Nam học
139056,SP2,viet-nam-hoc,C14,Điểm học bạ,2022,29.25,Việt Nam học
139057,SP2,viet-nam-hoc,D01,Điểm học bạ,2022,29.25,Việt Nam học
139058,SP2,viet-nam-hoc,D15,Điểm học bạ,2022,29.25,Việt Nam học
139059,SP2,viet-nam-hoc,C00,Điểm thi THPT,2022,25.5,Việt Nam học
139060,SP2,viet-nam-hoc,C14,Điểm thi THPT,2022,25.5,Việt Nam học
139061,SP2,viet-nam-hoc,D01,Điểm thi THPT,2022,25.5,Việt Nam học
139062,SP2,viet-nam-hoc,D15,Điểm thi THPT,2022,25.5,Việt Nam học
139063,SP2,viet-nam-hoc,C00,Điểm học bạ,2023,25.94,Việt Nam học
139064,SP2,viet-nam-hoc,C14,Điểm học bạ,2023,25.94,Việt Nam học
139065,SP2,viet-nam-hoc,D01,Điểm học bạ,2023,25.94,Việt Nam học
139066,SP2,viet-nam-hoc,D15,Điểm học bạ,2023,25.94,Việt Nam học
139067,SP2,viet-nam-hoc,C00,Điểm thi THPT,2023,16.4,Việt Nam học
139068,SP2,viet-nam-hoc,C14,Điểm thi THPT,2023,16.4,Việt Nam học
139069,SP2,viet-nam-hoc,D01,Điểm thi THPT,2023,16.4,Việt Nam học
139070,SP2,viet-nam-hoc,D15,Điểm thi THPT,2023,16.4,Việt Nam học
139071,SP2,viet-nam-hoc,C00,Điểm học bạ,2024,27.15,Việt Nam học
139072,SP2,viet-nam-hoc,C14,Điểm học bạ,2024,27.15,Việt Nam học
139073,SP2,viet-nam-hoc,D01,Điểm học bạ,2024,27.15,Việt Nam học
139074,SP2,viet-nam-hoc,D15,Điểm học bạ,2024,27.15,Việt Nam học
139075,SP2,viet-nam-hoc,C00,Điểm thi THPT,2024,25.07,Việt Nam học
139076,SP2,viet-nam-hoc,C14,Điểm thi THPT,2024,25.07,Việt Nam học
139077,SP2,viet-nam-hoc,D01,Điểm thi THPT,2024,25.07,Việt Nam học
139078,SP2,viet-nam-hoc,D15,Điểm thi THPT,2024,25.07,Việt Nam học
139079,SP2,viet-nam-hoc,C00,Điểm học bạ,2025,27.78,Việt Nam học
139080,SP2,viet-nam-hoc,D01,Điểm học bạ,2025,27.78,Việt Nam học
139081,SP2,viet-nam-hoc,X70,Điểm học bạ,2025,27.78,Việt Nam học
139082,SP2,viet-nam-hoc,X74,Điểm học bạ,2025,27.78,Việt Nam học
139083,SP2,viet-nam-hoc,C00,Điểm thi THPT,2025,26.3,Việt Nam học
139084,SP2,viet-nam-hoc,D01,Điểm thi THPT,2025,26.3,Việt Nam học
139085,SP2,viet-nam-hoc,X70,Điểm thi THPT,2025,26.3,Việt Nam học
139086,SP2,viet-nam-hoc,X74,Điểm thi THPT,2025,26.3,Việt Nam học
139087,SPD,cong-nghe-giao-duc,A00,Điểm học bạ,2025,26.81,Công nghệ Giáo dục
139088,SPD,cong-nghe-giao-duc,C01,Điểm học bạ,2025,26.81,Công nghệ Giáo dục
139089,SPD,cong-nghe-giao-duc,D01,Điểm học bạ,2025,26.81,Công nghệ Giáo dục
139090,SPD,cong-nghe-giao-duc,X03,Điểm học bạ,2025,26.81,Công nghệ Giáo dục
139091,SPD,cong-nghe-giao-duc,X26,Điểm học bạ,2025,26.81,Công nghệ Giáo dục
139092,SPD,cong-nghe-giao-duc,X27,Điểm học bạ,2025,26.81,Công nghệ Giáo dục
139093,SPD,cong-nghe-giao-duc,A00,Điểm thi THPT,2025,21.06,Công nghệ Giáo dục
139094,SPD,cong-nghe-giao-duc,C01,Điểm thi THPT,2025,22.0,Công nghệ Giáo dục
139095,SPD,cong-nghe-giao-duc,D01,Điểm thi THPT,2025,20.39,Công nghệ Giáo dục
139096,SPD,cong-nghe-giao-duc,X03,Điểm thi THPT,2025,20.8,Công nghệ Giáo dục
139097,SPD,cong-nghe-giao-duc,X26,Điểm thi THPT,2025,20.17,Công nghệ Giáo dục
139098,SPD,cong-nghe-giao-duc,X27,Điểm thi THPT,2025,19.18,Công nghệ Giáo dục
139099,SPD,cong-nghe-ky-thuat-o-to,A00,Điểm học bạ,2025,25.71,Công nghệ kỹ thuật ô tô
139100,SPD,cong-nghe-ky-thuat-o-to,A01,Điểm học bạ,2025,25.71,Công nghệ kỹ thuật ô tô
139101,SPD,cong-nghe-ky-thuat-o-to,C01,Điểm học bạ,2025,25.71,Công nghệ kỹ thuật ô tô
139102,SPD,cong-nghe-ky-thuat-o-to,X06,Điểm học bạ,2025,25.71,Công nghệ kỹ thuật ô tô
139103,SPD,cong-nghe-ky-thuat-o-to,X07,Điểm học bạ,2025,25.71,Công nghệ kỹ thuật ô tô
139104,SPD,cong-nghe-ky-thuat-o-to,A00,Điểm thi THPT,2025,18.53,Công nghệ kỹ thuật ô tô
139105,SPD,cong-nghe-ky-thuat-o-to,A01,Điểm thi THPT,2025,17.85,Công nghệ kỹ thuật ô tô
139106,SPD,cong-nghe-ky-thuat-o-to,C01,Điểm thi THPT,2025,19.47,Công nghệ kỹ thuật ô tô
139107,SPD,cong-nghe-ky-thuat-o-to,X06,Điểm thi THPT,2025,19.25,Công nghệ kỹ thuật ô tô
139108,SPD,cong-nghe-ky-thuat-o-to,X07,Điểm thi THPT,2025,18.26,Công nghệ kỹ thuật ô tô
139109,SPD,cong-nghe-sinh-hoc,A00,Điểm học bạ,2023,19.0,Công nghệ sinh học
139110,SPD,cong-nghe-sinh-hoc,A02,Điểm học bạ,2023,19.0,Công nghệ sinh học
139111,SPD,cong-nghe-sinh-hoc,B00,Điểm học bạ,2023,19.0,Công nghệ sinh học
139112,SPD,cong-nghe-sinh-hoc,D08,Điểm học bạ,2023,19.0,Công nghệ sinh học
139113,SPD,cong-nghe-sinh-hoc,A00,Điểm thi THPT,2023,15.0,Công nghệ sinh học
139114,SPD,cong-nghe-sinh-hoc,A02,Điểm thi THPT,2023,15.0,Công nghệ sinh học
139115,SPD,cong-nghe-sinh-hoc,B00,Điểm thi THPT,2023,15.0,Công nghệ sinh học
139116,SPD,cong-nghe-sinh-hoc,D08,Điểm thi THPT,2023,15.0,Công nghệ sinh học
139117,SPD,cong-nghe-sinh-hoc,A00,Điểm học bạ,2024,24.2,Công nghệ sinh học
139118,SPD,cong-nghe-sinh-hoc,A02,Điểm học bạ,2024,24.2,Công nghệ sinh học
139119,SPD,cong-nghe-sinh-hoc,B00,Điểm học bạ,2024,24.2,Công nghệ sinh học
139120,SPD,cong-nghe-sinh-hoc,D08,Điểm học bạ,2024,24.2,Công nghệ sinh học
139121,SPD,cong-nghe-sinh-hoc,A00,Điểm thi THPT,2024,15.0,Công nghệ sinh học
139122,SPD,cong-nghe-sinh-hoc,A02,Điểm thi THPT,2024,15.0,Công nghệ sinh học
139123,SPD,cong-nghe-sinh-hoc,B00,Điểm thi THPT,2024,15.0,Công nghệ sinh học
139124,SPD,cong-nghe-sinh-hoc,D08,Điểm thi THPT,2024,15.0,Công nghệ sinh học
139125,SPD,cong-nghe-sinh-hoc,A00,Điểm học bạ,2025,25.51,Công nghệ sinh học
139126,SPD,cong-nghe-sinh-hoc,A02,Điểm học bạ,2025,25.51,Công nghệ sinh học
139127,SPD,cong-nghe-sinh-hoc,B00,Điểm học bạ,2025,25.51,Công nghệ sinh học
139128,SPD,cong-nghe-sinh-hoc,B03,Điểm học bạ,2025,25.51,Công nghệ sinh học
139129,SPD,cong-nghe-sinh-hoc,C02,Điểm học bạ,2025,25.51,Công nghệ sinh học
139130,SPD,cong-nghe-sinh-hoc,D08,Điểm học bạ,2025,25.51,Công nghệ sinh học
139131,SPD,cong-nghe-sinh-hoc,A00,Điểm thi THPT,2025,19.32,Công nghệ sinh học
139132,SPD,cong-nghe-sinh-hoc,A02,Điểm thi THPT,2025,19.04,Công nghệ sinh học
139133,SPD,cong-nghe-sinh-hoc,B00,Điểm thi THPT,2025,18.11,Công nghệ sinh học
139134,SPD,cong-nghe-sinh-hoc,B03,Điểm thi THPT,2025,19.05,Công nghệ sinh học
139135,SPD,cong-nghe-sinh-hoc,C02,Điểm thi THPT,2025,19.33,Công nghệ sinh học
139136,SPD,cong-nghe-sinh-hoc,D08,Điểm thi THPT,2025,17.43,Công nghệ sinh học
139137,SPD,cong-nghe-thong-tin,A00,Điểm học bạ,2023,22.0,Công nghệ thông tin
139138,SPD,cong-nghe-thong-tin,A01,Điểm học bạ,2023,22.0,Công nghệ thông tin
139139,SPD,cong-nghe-thong-tin,A02,Điểm học bạ,2023,22.0,Công nghệ thông tin
139140,SPD,cong-nghe-thong-tin,A04,Điểm học bạ,2023,22.0,Công nghệ thông tin
139141,SPD,cong-nghe-thong-tin,D90,Điểm học bạ,2023,22.0,Công nghệ thông tin
139142,SPD,cong-nghe-thong-tin,A00,Điểm thi THPT,2023,16.0,Công nghệ thông tin
139143,SPD,cong-nghe-thong-tin,A01,Điểm thi THPT,2023,16.0,Công nghệ thông tin
139144,SPD,cong-nghe-thong-tin,A02,Điểm thi THPT,2023,16.0,Công nghệ thông tin
139145,SPD,cong-nghe-thong-tin,A04,Điểm thi THPT,2023,16.0,Công nghệ thông tin
139146,SPD,cong-nghe-thong-tin,D90,Điểm thi THPT,2023,16.0,Công nghệ thông tin
139147,SPD,cong-nghe-thong-tin,A00,Điểm học bạ,2024,24.45,Công nghệ thông tin
139148,SPD,cong-nghe-thong-tin,A01,Điểm học bạ,2024,24.45,Công nghệ thông tin
139149,SPD,cong-nghe-thong-tin,A02,Điểm học bạ,2024,24.45,Công nghệ thông tin
139150,SPD,cong-nghe-thong-tin,A04,Điểm học bạ,2024,24.45,Công nghệ thông tin
139151,SPD,cong-nghe-thong-tin,D90,Điểm học bạ,2024,24.45,Công nghệ thông tin
139152,SPD,cong-nghe-thong-tin,A00,Điểm thi THPT,2024,16.0,Công nghệ thông tin
139153,SPD,cong-nghe-thong-tin,A01,Điểm thi THPT,2024,16.0,Công nghệ thông tin
139154,SPD,cong-nghe-thong-tin,A02,Điểm thi THPT,2024,16.0,Công nghệ thông tin
139155,SPD,cong-nghe-thong-tin,D90,Điểm thi THPT,2024,16.0,Công nghệ thông tin
139156,SPD,cong-nghe-thong-tin,A00,Điểm học bạ,2025,25.72,Công nghệ thông tin
139157,SPD,cong-nghe-thong-tin,A01,Điểm học bạ,2025,25.72,Công nghệ thông tin
139158,SPD,cong-nghe-thong-tin,A02,Điểm học bạ,2025,25.72,Công nghệ thông tin
139159,SPD,cong-nghe-thong-tin,C01,Điểm học bạ,2025,25.72,Công nghệ thông tin
139160,SPD,cong-nghe-thong-tin,D01,Điểm học bạ,2025,25.72,Công nghệ thông tin
139161,SPD,cong-nghe-thong-tin,X02,Điểm học bạ,2025,25.72,Công nghệ thông tin
139162,SPD,cong-nghe-thong-tin,A00,Điểm thi THPT,2025,18.54,Công nghệ thông tin
139163,SPD,cong-nghe-thong-tin,A01,Điểm thi THPT,2025,17.86,Công nghệ thông tin
139164,SPD,cong-nghe-thong-tin,A02,Điểm thi THPT,2025,18.26,Công nghệ thông tin
139165,SPD,cong-nghe-thong-tin,C01,Điểm thi THPT,2025,19.48,Công nghệ thông tin
139166,SPD,cong-nghe-thong-tin,D01,Điểm thi THPT,2025,17.87,Công nghệ thông tin
139167,SPD,cong-nghe-thong-tin,X02,Điểm thi THPT,2025,19.27,Công nghệ thông tin
139168,SPD,cong-nghe-thuc-pham,A00,Điểm học bạ,2024,25.85,Công nghệ thực phẩm
139169,SPD,cong-nghe-thuc-pham,B00,Điểm học bạ,2024,25.85,Công nghệ thực phẩm
139170,SPD,cong-nghe-thuc-pham,D07,Điểm học bạ,2024,25.85,Công nghệ thực phẩm
139171,SPD,cong-nghe-thuc-pham,D08,Điểm học bạ,2024,25.85,Công nghệ thực phẩm
139172,SPD,cong-nghe-thuc-pham,A00,Điểm thi THPT,2024,18.3,Công nghệ thực phẩm
139173,SPD,cong-nghe-thuc-pham,B00,Điểm thi THPT,2024,18.3,Công nghệ thực phẩm
139174,SPD,cong-nghe-thuc-pham,D07,Điểm thi THPT,2024,18.3,Công nghệ thực phẩm
139175,SPD,cong-nghe-thuc-pham,D08,Điểm thi THPT,2024,18.3,Công nghệ thực phẩm
139176,SPD,cong-nghe-thuc-pham,A00,Điểm học bạ,2025,26.28,Công nghệ thực phẩm
139177,SPD,cong-nghe-thuc-pham,B00,Điểm học bạ,2025,26.28,Công nghệ thực phẩm
139178,SPD,cong-nghe-thuc-pham,B03,Điểm học bạ,2025,26.28,Công nghệ thực phẩm
139179,SPD,cong-nghe-thuc-pham,C02,Điểm học bạ,2025,26.28,Công nghệ thực phẩm
139180,SPD,cong-nghe-thuc-pham,D07,Điểm học bạ,2025,26.28,Công nghệ thực phẩm
139181,SPD,cong-nghe-thuc-pham,D08,Điểm học bạ,2025,26.28,Công nghệ thực phẩm
139182,SPD,cong-nghe-thuc-pham,A00,Điểm thi THPT,2025,20.93,Công nghệ thực phẩm
139183,SPD,cong-nghe-thuc-pham,B00,Điểm thi THPT,2025,19.72,Công nghệ thực phẩm
139184,SPD,cong-nghe-thuc-pham,B03,Điểm thi THPT,2025,20.66,Công nghệ thực phẩm
139185,SPD,cong-nghe-thuc-pham,C02,Điểm thi THPT,2025,20.94,Công nghệ thực phẩm
139186,SPD,cong-nghe-thuc-pham,D07,Điểm thi THPT,2025,19.32,Công nghệ thực phẩm
139187,SPD,cong-nghe-thuc-pham,D08,Điểm thi THPT,2025,19.04,Công nghệ thực phẩm
139188,SPD,cong-tac-xa-hoi,C00,Điểm học bạ,2021,19.0,Công tác xã hội
139189,SPD,cong-tac-xa-hoi,C19,Điểm học bạ,2021,19.0,Công tác xã hội
139190,SPD,cong-tac-xa-hoi,C20,Điểm học bạ,2021,19.0,Công tác xã hội
139191,SPD,cong-tac-xa-hoi,D14,Điểm học bạ,2021,19.0,Công tác xã hội
139192,SPD,cong-tac-xa-hoi,C00,Điểm thi THPT,2021,15.0,Công tác xã hội
139193,SPD,cong-tac-xa-hoi,C19,Điểm thi THPT,2021,15.0,Công tác xã hội
139194,SPD,cong-tac-xa-hoi,C20,Điểm thi THPT,2021,15.0,Công tác xã hội
139195,SPD,cong-tac-xa-hoi,D14,Điểm thi THPT,2021,15.0,Công tác xã hội
139196,SPD,cong-tac-xa-hoi,C00,Điểm học bạ,2022,19.0,Công tác xã hội
139197,SPD,cong-tac-xa-hoi,C19,Điểm học bạ,2022,19.0,Công tác xã hội
139198,SPD,cong-tac-xa-hoi,C20,Điểm học bạ,2022,19.0,Công tác xã hội
139199,SPD,cong-tac-xa-hoi,D14,Điểm học bạ,2022,19.0,Công tác xã hội
139200,SPD,cong-tac-xa-hoi,C00,Điểm thi THPT,2022,15.0,Công tác xã hội
139201,SPD,cong-tac-xa-hoi,C19,Điểm thi THPT,2022,15.0,Công tác xã hội
139202,SPD,cong-tac-xa-hoi,C20,Điểm thi THPT,2022,15.0,Công tác xã hội
139203,SPD,cong-tac-xa-hoi,D14,Điểm thi THPT,2022,15.0,Công tác xã hội
139204,SPD,cong-tac-xa-hoi,C00,Điểm học bạ,2023,19.0,Công tác xã hội
139205,SPD,cong-tac-xa-hoi,C19,Điểm học bạ,2023,19.0,Công tác xã hội
139206,SPD,cong-tac-xa-hoi,C20,Điểm học bạ,2023,19.0,Công tác xã hội
139207,SPD,cong-tac-xa-hoi,D14,Điểm học bạ,2023,19.0,Công tác xã hội
139208,SPD,cong-tac-xa-hoi,C00,Điểm thi THPT,2023,15.0,Công tác xã hội
139209,SPD,cong-tac-xa-hoi,C19,Điểm thi THPT,2023,15.0,Công tác xã hội
139210,SPD,cong-tac-xa-hoi,C20,Điểm thi THPT,2023,15.0,Công tác xã hội
139211,SPD,cong-tac-xa-hoi,D14,Điểm thi THPT,2023,15.0,Công tác xã hội
139212,SPD,cong-tac-xa-hoi,C00,Điểm học bạ,2024,23.8,Công tác xã hội
139213,SPD,cong-tac-xa-hoi,C19,Điểm học bạ,2024,23.8,Công tác xã hội
139214,SPD,cong-tac-xa-hoi,C20,Điểm học bạ,2024,23.8,Công tác xã hội
139215,SPD,cong-tac-xa-hoi,D14,Điểm học bạ,2024,23.8,Công tác xã hội
139216,SPD,cong-tac-xa-hoi,C00,Điểm thi THPT,2024,23.23,Công tác xã hội
139217,SPD,cong-tac-xa-hoi,C19,Điểm thi THPT,2024,23.23,Công tác xã hội
139218,SPD,cong-tac-xa-hoi,C20,Điểm thi THPT,2024,23.23,Công tác xã hội
139219,SPD,cong-tac-xa-hoi,D14,Điểm thi THPT,2024,23.23,Công tác xã hội
139220,SPD,cong-tac-xa-hoi,C00,Điểm học bạ,2025,27.82,Công tác xã hội
139221,SPD,cong-tac-xa-hoi,C14,Điểm học bạ,2025,27.82,Công tác xã hội
139222,SPD,cong-tac-xa-hoi,C19,Điểm học bạ,2025,27.82,Công tác xã hội
139223,SPD,cong-tac-xa-hoi,C20,Điểm học bạ,2025,27.82,Công tác xã hội
139224,SPD,cong-tac-xa-hoi,D14,Điểm học bạ,2025,27.82,Công tác xã hội
139225,SPD,cong-tac-xa-hoi,X01,Điểm học bạ,2025,27.82,Công tác xã hội
139226,SPD,cong-tac-xa-hoi,X70,Điểm học bạ,2025,27.82,Công tác xã hội
139227,SPD,cong-tac-xa-hoi,X74,Điểm học bạ,2025,27.82,Công tác xã hội
139228,SPD,cong-tac-xa-hoi,C00,Điểm thi THPT,2025,23.81,Công tác xã hội
139229,SPD,cong-tac-xa-hoi,C14,Điểm thi THPT,2025,23.13,Công tác xã hội
139230,SPD,cong-tac-xa-hoi,C19,Điểm thi THPT,2025,24.87,Công tác xã hội
139231,SPD,cong-tac-xa-hoi,C20,Điểm thi THPT,2025,24.98,Công tác xã hội
139232,SPD,cong-tac-xa-hoi,D14,Điểm thi THPT,2025,22.56,Công tác xã hội
139233,SPD,cong-tac-xa-hoi,X01,Điểm thi THPT,2025,23.13,Công tác xã hội
139234,SPD,cong-tac-xa-hoi,X70,Điểm thi THPT,2025,24.87,Công tác xã hội
139235,SPD,cong-tac-xa-hoi,X74,Điểm thi THPT,2025,24.98,Công tác xã hội
139236,SPD,dia-ly-hoc,A07,Điểm học bạ,2023,19.0,Địa lý học (Địa lý du lịch)
139237,SPD,dia-ly-hoc,C00,Điểm học bạ,2023,19.0,Địa lý học (Địa lý du lịch)
139238,SPD,dia-ly-hoc,D14,Điểm học bạ,2023,19.0,Địa lý học (Địa lý du lịch)
139239,SPD,dia-ly-hoc,D15,Điểm học bạ,2023,19.0,Địa lý học (Địa lý du lịch)
139240,SPD,dia-ly-hoc,A07,Điểm thi THPT,2023,15.0,Địa lý học (Địa lý du lịch)
139241,SPD,dia-ly-hoc,C00,Điểm thi THPT,2023,15.0,Địa lý học (Địa lý du lịch)
139242,SPD,dia-ly-hoc,D14,Điểm thi THPT,2023,15.0,Địa lý học (Địa lý du lịch)
139243,SPD,dia-ly-hoc,D15,Điểm thi THPT,2023,15.0,Địa lý học (Địa lý du lịch)
139244,SPD,dia-ly-hoc,A07,Điểm học bạ,2024,23.8,Địa lý học (Địa lý du lịch)
139245,SPD,dia-ly-hoc,C00,Điểm học bạ,2024,23.8,Địa lý học (Địa lý du lịch)
139246,SPD,dia-ly-hoc,D14,Điểm học bạ,2024,23.8,Địa lý học (Địa lý du lịch)
139247,SPD,dia-ly-hoc,D15,Điểm học bạ,2024,23.8,Địa lý học (Địa lý du lịch)
139248,SPD,dia-ly-hoc,A07,Điểm thi THPT,2024,25.2,Địa lý học (Địa lý du lịch)
139249,SPD,dia-ly-hoc,C00,Điểm thi THPT,2024,25.2,Địa lý học (Địa lý du lịch)
139250,SPD,dia-ly-hoc,D14,Điểm thi THPT,2024,25.2,Địa lý học (Địa lý du lịch)
139251,SPD,dia-ly-hoc,D15,Điểm thi THPT,2024,25.2,Địa lý học (Địa lý du lịch)
139252,SPD,dia-ly-hoc,A07,Điểm học bạ,2025,28.48,Địa lý học
139253,SPD,dia-ly-hoc,C00,Điểm học bạ,2025,28.48,Địa lý học
139254,SPD,dia-ly-hoc,C03,Điểm học bạ,2025,28.48,Địa lý học
139255,SPD,dia-ly-hoc,C04,Điểm học bạ,2025,28.48,Địa lý học
139256,SPD,dia-ly-hoc,C20,Điểm học bạ,2025,28.48,Địa lý học
139257,SPD,dia-ly-hoc,D15,Điểm học bạ,2025,28.48,Địa lý học
139258,SPD,dia-ly-hoc,X74,Điểm học bạ,2025,28.48,Địa lý học
139259,SPD,dia-ly-hoc,A07,Điểm thi THPT,2025,23.59,Địa lý học
139260,SPD,dia-ly-hoc,C00,Điểm thi THPT,2025,25.81,Địa lý học
139261,SPD,dia-ly-hoc,C03,Điểm thi THPT,2025,23.96,Địa lý học
139262,SPD,dia-ly-hoc,C04,Điểm thi THPT,2025,24.07,Địa lý học
139263,SPD,dia-ly-hoc,C20,Điểm thi THPT,2025,26.98,Địa lý học
139264,SPD,dia-ly-hoc,D15,Điểm thi THPT,2025,24.67,Địa lý học
139265,SPD,dia-ly-hoc,X74,Điểm thi THPT,2025,26.98,Địa lý học
139266,SPD,giao-duc-chinh-tri,C00,Điểm học bạ,2021,24.0,Giáo dục chính trị
139267,SPD,giao-duc-chinh-tri,C19,Điểm học bạ,2021,24.0,Giáo dục chính trị
139268,SPD,giao-duc-chinh-tri,D01,Điểm học bạ,2021,24.0,Giáo dục chính trị
139269,SPD,giao-duc-chinh-tri,D14,Điểm học bạ,2021,24.0,Giáo dục chính trị
139270,SPD,giao-duc-chinh-tri,C00,Điểm thi THPT,2021,19.0,Giáo dục chính trị
139271,SPD,giao-duc-chinh-tri,C19,Điểm thi THPT,2021,19.0,Giáo dục chính trị
139272,SPD,giao-duc-chinh-tri,D01,Điểm thi THPT,2021,19.0,Giáo dục chính trị
139273,SPD,giao-duc-chinh-tri,D14,Điểm thi THPT,2021,19.0,Giáo dục chính trị
139274,SPD,giao-duc-chinh-tri,C00,Điểm học bạ,2022,27.0,Giáo dục chính trị
139275,SPD,giao-duc-chinh-tri,C19,Điểm học bạ,2022,27.0,Giáo dục chính trị
139276,SPD,giao-duc-chinh-tri,D01,Điểm học bạ,2022,27.0,Giáo dục chính trị
139277,SPD,giao-duc-chinh-tri,D14,Điểm học bạ,2022,27.0,Giáo dục chính trị
139278,SPD,giao-duc-chinh-tri,C00,Điểm thi THPT,2022,24.25,Giáo dục chính trị
139279,SPD,giao-duc-chinh-tri,C19,Điểm thi THPT,2022,24.25,Giáo dục chính trị
139280,SPD,giao-duc-chinh-tri,D01,Điểm thi THPT,2022,24.25,Giáo dục chính trị
139281,SPD,giao-duc-chinh-tri,D14,Điểm thi THPT,2022,24.25,Giáo dục chính trị
139282,SPD,giao-duc-chinh-tri,C00,Điểm thi THPT,2023,25.8,Giáo dục Chính trị
139283,SPD,giao-duc-chinh-tri,C19,Điểm thi THPT,2023,25.8,Giáo dục Chính trị
139284,SPD,giao-duc-chinh-tri,D01,Điểm thi THPT,2023,25.8,Giáo dục Chính trị
139285,SPD,giao-duc-chinh-tri,D14,Điểm thi THPT,2023,25.8,Giáo dục Chính trị
139286,SPD,giao-duc-chinh-tri,C00,Điểm học bạ,2024,27.8,Giáo dục Chính trị
139287,SPD,giao-duc-chinh-tri,C19,Điểm học bạ,2024,27.8,Giáo dục Chính trị
139288,SPD,giao-duc-chinh-tri,D01,Điểm học bạ,2024,27.8,Giáo dục Chính trị
139289,SPD,giao-duc-chinh-tri,D14,Điểm học bạ,2024,27.8,Giáo dục Chính trị
139290,SPD,giao-duc-chinh-tri,C00,Điểm thi THPT,2024,26.8,Giáo dục Chính trị
139291,SPD,giao-duc-chinh-tri,C19,Điểm thi THPT,2024,26.8,Giáo dục Chính trị
139292,SPD,giao-duc-chinh-tri,D01,Điểm thi THPT,2024,26.8,Giáo dục Chính trị
139293,SPD,giao-duc-chinh-tri,D14,Điểm thi THPT,2024,26.8,Giáo dục Chính trị
139294,SPD,giao-duc-chinh-tri,C00,Điểm học bạ,2025,28.78,Giáo dục Chính trị
139295,SPD,giao-duc-chinh-tri,C14,Điểm học bạ,2025,28.78,Giáo dục Chính trị
139296,SPD,giao-duc-chinh-tri,C19,Điểm học bạ,2025,28.78,Giáo dục Chính trị
139297,SPD,giao-duc-chinh-tri,C20,Điểm học bạ,2025,28.78,Giáo dục Chính trị
139298,SPD,giao-duc-chinh-tri,D01,Điểm học bạ,2025,28.78,Giáo dục Chính trị
139299,SPD,giao-duc-chinh-tri,D14,Điểm học bạ,2025,28.78,Giáo dục Chính trị
139300,SPD,giao-duc-chinh-tri,X01,Điểm học bạ,2025,28.78,Giáo dục Chính trị
139301,SPD,giao-duc-chinh-tri,X70,Điểm học bạ,2025,28.78,Giáo dục Chính trị
139302,SPD,giao-duc-chinh-tri,X74,Điểm học bạ,2025,28.78,Giáo dục Chính trị
139303,SPD,giao-duc-chinh-tri,C00,Điểm thi THPT,2025,26.8,Giáo dục Chính trị
139304,SPD,giao-duc-chinh-tri,C14,Điểm thi THPT,2025,26.12,Giáo dục Chính trị
139305,SPD,giao-duc-chinh-tri,C19,Điểm thi THPT,2025,27.86,Giáo dục Chính trị
139306,SPD,giao-duc-chinh-tri,C20,Điểm thi THPT,2025,27.97,Giáo dục Chính trị
139307,SPD,giao-duc-chinh-tri,D01,Điểm thi THPT,2025,23.81,Giáo dục Chính trị
139308,SPD,giao-duc-chinh-tri,D14,Điểm thi THPT,2025,25.55,Giáo dục Chính trị
139309,SPD,giao-duc-chinh-tri,X01,Điểm thi THPT,2025,26.12,Giáo dục Chính trị
139310,SPD,giao-duc-chinh-tri,X70,Điểm thi THPT,2025,27.86,Giáo dục Chính trị
139311,SPD,giao-duc-chinh-tri,X74,Điểm thi THPT,2025,27.97,Giáo dục Chính trị
139312,SPD,giao-duc-cong-dan,C00,Điểm thi THPT,2023,26.51,Giáo dục Công dân
139313,SPD,giao-duc-cong-dan,C19,Điểm thi THPT,2023,26.51,Giáo dục Công dân
139314,SPD,giao-duc-cong-dan,D01,Điểm thi THPT,2023,26.51,Giáo dục Công dân
139315,SPD,giao-duc-cong-dan,D14,Điểm thi THPT,2023,26.51,Giáo dục Công dân
139316,SPD,giao-duc-cong-dan,C00,Điểm học bạ,2024,27.96,Giáo dục công dân
139317,SPD,giao-duc-cong-dan,C19,Điểm học bạ,2024,27.96,Giáo dục công dân
139318,SPD,giao-duc-cong-dan,D01,Điểm học bạ,2024,27.96,Giáo dục công dân
139319,SPD,giao-duc-cong-dan,D14,Điểm học bạ,2024,27.96,Giáo dục công dân
139320,SPD,giao-duc-cong-dan,C00,Điểm thi THPT,2024,26.98,Giáo dục Công dân
139321,SPD,giao-duc-cong-dan,C19,Điểm thi THPT,2024,26.98,Giáo dục Công dân
139322,SPD,giao-duc-cong-dan,D01,Điểm thi THPT,2024,26.98,Giáo dục Công dân
139323,SPD,giao-duc-cong-dan,D14,Điểm thi THPT,2024,26.98,Giáo dục Công dân
139324,SPD,giao-duc-cong-dan,C00,Điểm học bạ,2025,28.76,Giáo dục Công dân
139325,SPD,giao-duc-cong-dan,C14,Điểm học bạ,2025,28.76,Giáo dục Công dân
139326,SPD,giao-duc-cong-dan,C19,Điểm học bạ,2025,28.76,Giáo dục Công dân
139327,SPD,giao-duc-cong-dan,C20,Điểm học bạ,2025,28.76,Giáo dục Công dân
139328,SPD,giao-duc-cong-dan,D01,Điểm học bạ,2025,28.76,Giáo dục Công dân
139329,SPD,giao-duc-cong-dan,D14,Điểm học bạ,2025,28.76,Giáo dục Công dân
139330,SPD,giao-duc-cong-dan,X01,Điểm học bạ,2025,28.76,Giáo dục Công dân
139331,SPD,giao-duc-cong-dan,X70,Điểm học bạ,2025,28.76,Giáo dục Công dân
139332,SPD,giao-duc-cong-dan,X74,Điểm học bạ,2025,28.76,Giáo dục Công dân
139333,SPD,giao-duc-cong-dan,C00,Điểm thi THPT,2025,26.74,Giáo dục Công dân
139334,SPD,giao-duc-cong-dan,C14,Điểm thi THPT,2025,26.06,Giáo dục Công dân
139335,SPD,giao-duc-cong-dan,C19,Điểm thi THPT,2025,27.8,Giáo dục Công dân
139336,SPD,giao-duc-cong-dan,C20,Điểm thi THPT,2025,27.91,Giáo dục Công dân
139337,SPD,giao-duc-cong-dan,D01,Điểm thi THPT,2025,23.75,Giáo dục Công dân
139338,SPD,giao-duc-cong-dan,D14,Điểm thi THPT,2025,25.49,Giáo dục Công dân
139339,SPD,giao-duc-cong-dan,X01,Điểm thi THPT,2025,26.06,Giáo dục Công dân
139340,SPD,giao-duc-cong-dan,X70,Điểm thi THPT,2025,27.8,Giáo dục Công dân
139341,SPD,giao-duc-cong-dan,X74,Điểm thi THPT,2025,27.91,Giáo dục Công dân
139342,SPD,giao-duc-mam-non,M00,Điểm học bạ,2021,22.5,Giáo dục mầm non
139343,SPD,giao-duc-mam-non,M05,Điểm học bạ,2021,22.5,Giáo dục mầm non
139344,SPD,giao-duc-mam-non,M07,Điểm học bạ,2021,22.5,Giáo dục mầm non
139345,SPD,giao-duc-mam-non,M11,Điểm học bạ,2021,22.5,Giáo dục mầm non
139346,SPD,giao-duc-mam-non,M00,Điểm thi THPT,2021,19.0,Giáo dục mầm non
139347,SPD,giao-duc-mam-non,M05,Điểm thi THPT,2021,19.0,Giáo dục mầm non
139348,SPD,giao-duc-mam-non,M07,Điểm thi THPT,2021,19.0,Giáo dục mầm non
139349,SPD,giao-duc-mam-non,M11,Điểm thi THPT,2021,19.0,Giáo dục mầm non
139350,SPD,giao-duc-mam-non,M00,Điểm học bạ,2022,22.25,Giáo dục mầm non
139351,SPD,giao-duc-mam-non,M05,Điểm học bạ,2022,22.25,Giáo dục mầm non
139352,SPD,giao-duc-mam-non,M07,Điểm học bạ,2022,22.25,Giáo dục mầm non
139353,SPD,giao-duc-mam-non,M11,Điểm học bạ,2022,22.25,Giáo dục mầm non
139354,SPD,giao-duc-mam-non,M00,Điểm thi THPT,2022,19.0,Giáo dục mầm non
139355,SPD,giao-duc-mam-non,M05,Điểm thi THPT,2022,19.0,Giáo dục mầm non
139356,SPD,giao-duc-mam-non,M07,Điểm thi THPT,2022,19.0,Giáo dục mầm non
139357,SPD,giao-duc-mam-non,M11,Điểm thi THPT,2022,19.0,Giáo dục mầm non
139358,SPD,giao-duc-mam-non,C19,Điểm học bạ,2023,27.0,Giáo dục Mầm non (Cao đẳng)
139359,SPD,giao-duc-mam-non,C20,Điểm học bạ,2023,27.0,Giáo dục Mầm non (Cao đẳng)
139360,SPD,giao-duc-mam-non,M00,Điểm học bạ,2023,27.0,Giáo dục Mầm non (Cao đẳng)
139361,SPD,giao-duc-mam-non,M05,Điểm học bạ,2023,27.0,Giáo dục Mầm non (Cao đẳng)
139362,SPD,giao-duc-mam-non,C19,Điểm thi THPT,2023,23.0,Giáo dục Mầm non (Cao đẳng)
139363,SPD,giao-duc-mam-non,C20,Điểm thi THPT,2023,23.0,Giáo dục Mầm non (Cao đẳng)
139364,SPD,giao-duc-mam-non,M00,Điểm thi THPT,2023,23.0,Giáo dục Mầm non (Cao đẳng)
139365,SPD,giao-duc-mam-non,M05,Điểm thi THPT,2023,23.0,Giáo dục Mầm non (Cao đẳng)
139366,SPD,giao-duc-mam-non,C19,Điểm học bạ,2024,26.37,Giáo dục Mầm non (Cao đẳng)
139367,SPD,giao-duc-mam-non,C20,Điểm học bạ,2024,26.37,Giáo dục Mầm non (Cao đẳng)
139368,SPD,giao-duc-mam-non,M00,Điểm học bạ,2024,26.37,Giáo dục Mầm non (Cao đẳng)
139369,SPD,giao-duc-mam-non,M05,Điểm học bạ,2024,26.37,Giáo dục Mầm non (Cao đẳng)
139370,SPD,giao-duc-mam-non,C19,Điểm thi THPT,2024,25.8,Giáo dục Mầm non (Cao đẳng)
139371,SPD,giao-duc-mam-non,C20,Điểm thi THPT,2024,25.8,Giáo dục Mầm non (Cao đẳng)
139372,SPD,giao-duc-mam-non,M00,Điểm thi THPT,2024,25.8,Giáo dục Mầm non (Cao đẳng)
139373,SPD,giao-duc-mam-non,M05,Điểm thi THPT,2024,25.8,Giáo dục Mầm non (Cao đẳng)
139374,SPD,giao-duc-mam-non,C14,Điểm học bạ,2025,27.78,Giáo dục Mầm non
139375,SPD,giao-duc-mam-non,C19,Điểm học bạ,2025,27.78,Giáo dục Mầm non
139376,SPD,giao-duc-mam-non,C20,Điểm học bạ,2025,27.78,Giáo dục Mầm non
139377,SPD,giao-duc-mam-non,M00,Điểm học bạ,2025,27.78,Giáo dục Mầm non
139378,SPD,giao-duc-mam-non,M05,Điểm học bạ,2025,27.78,Giáo dục Mầm non
139379,SPD,giao-duc-mam-non,X01,Điểm học bạ,2025,27.78,Giáo dục Mầm non
139380,SPD,giao-duc-mam-non,X70,Điểm học bạ,2025,27.78,Giáo dục Mầm non
139381,SPD,giao-duc-mam-non,X74,Điểm học bạ,2025,27.78,Giáo dục Mầm non
139382,SPD,giao-duc-mam-non,C14,Điểm thi THPT,2025,23.04,Giáo dục Mầm non
139383,SPD,giao-duc-mam-non,C19,Điểm thi THPT,2025,24.78,Giáo dục Mầm non
139384,SPD,giao-duc-mam-non,C20,Điểm thi THPT,2025,24.89,Giáo dục Mầm non
139385,SPD,giao-duc-mam-non,M00,Điểm thi THPT,2025,23.71,Giáo dục Mầm non
139386,SPD,giao-duc-mam-non,M05,Điểm thi THPT,2025,25.45,Giáo dục Mầm non
139387,SPD,giao-duc-mam-non,X01,Điểm thi THPT,2025,23.04,Giáo dục Mầm non
139388,SPD,giao-duc-mam-non,X70,Điểm thi THPT,2025,24.78,Giáo dục Mầm non
139389,SPD,giao-duc-mam-non,X74,Điểm thi THPT,2025,24.89,Giáo dục Mầm non
139390,SPD,giao-duc-the-chat,T00,Điểm học bạ,2021,23.0,Giáo dục thể chất
139391,SPD,giao-duc-the-chat,T05,Điểm học bạ,2021,23.0,Giáo dục thể chất
139392,SPD,giao-duc-the-chat,T06,Điểm học bạ,2021,23.0,Giáo dục thể chất
139393,SPD,giao-duc-the-chat,T07,Điểm học bạ,2021,23.0,Giáo dục thể chất
139394,SPD,giao-duc-the-chat,T00,Điểm thi THPT,2021,23.0,Giáo dục thể chất
139395,SPD,giao-duc-the-chat,T05,Điểm thi THPT,2021,23.0,Giáo dục thể chất
139396,SPD,giao-duc-the-chat,T06,Điểm thi THPT,2021,23.0,Giáo dục thể chất
139397,SPD,giao-duc-the-chat,T07,Điểm thi THPT,2021,23.0,Giáo dục thể chất
139398,SPD,giao-duc-the-chat,T00,Điểm học bạ,2022,21.45,Giáo dục thể chất
139399,SPD,giao-duc-the-chat,T05,Điểm học bạ,2022,21.45,Giáo dục thể chất
139400,SPD,giao-duc-the-chat,T06,Điểm học bạ,2022,21.45,Giáo dục thể chất
139401,SPD,giao-duc-the-chat,T07,Điểm học bạ,2022,21.45,Giáo dục thể chất
139402,SPD,giao-duc-the-chat,T00,Điểm thi THPT,2022,18.0,Giáo dục thể chất
139403,SPD,giao-duc-the-chat,T05,Điểm thi THPT,2022,18.0,Giáo dục thể chất
139404,SPD,giao-duc-the-chat,T06,Điểm thi THPT,2022,18.0,Giáo dục thể chất
139405,SPD,giao-duc-the-chat,T07,Điểm thi THPT,2022,18.0,Giáo dục thể chất
139406,SPD,giao-duc-the-chat,T00,Điểm thi THPT,2023,25.66,Giáo dục Thể chất
139407,SPD,giao-duc-the-chat,T05,Điểm thi THPT,2023,25.66,Giáo dục Thể chất
139408,SPD,giao-duc-the-chat,T06,Điểm thi THPT,2023,25.66,Giáo dục Thể chất
139409,SPD,giao-duc-the-chat,T07,Điểm thi THPT,2023,25.66,Giáo dục Thể chất
139410,SPD,giao-duc-the-chat,T00,Điểm học bạ,2024,26.5,Giáo dục Thể chất
139411,SPD,giao-duc-the-chat,T05,Điểm học bạ,2024,26.5,Giáo dục Thể chất
139412,SPD,giao-duc-the-chat,T06,Điểm học bạ,2024,26.5,Giáo dục Thể chất
139413,SPD,giao-duc-the-chat,T07,Điểm học bạ,2024,26.5,Giáo dục Thể chất
139414,SPD,giao-duc-the-chat,T00,Điểm thi THPT,2024,25.7,Giáo dục Thể chất
139415,SPD,giao-duc-the-chat,T05,Điểm thi THPT,2024,25.7,Giáo dục Thể chất
139416,SPD,giao-duc-the-chat,T06,Điểm thi THPT,2024,25.7,Giáo dục Thể chất
139417,SPD,giao-duc-the-chat,T07,Điểm thi THPT,2024,25.7,Giáo dục Thể chất
139418,SPD,giao-duc-the-chat,T00,Điểm học bạ,2025,27.48,Giáo dục Thể chất
139419,SPD,giao-duc-the-chat,T01,Điểm học bạ,2025,27.48,Giáo dục Thể chất
139420,SPD,giao-duc-the-chat,T02,Điểm học bạ,2025,27.48,Giáo dục Thể chất
139421,SPD,giao-duc-the-chat,T03,Điểm học bạ,2025,27.48,Giáo dục Thể chất
139422,SPD,giao-duc-the-chat,T05,Điểm học bạ,2025,27.48,Giáo dục Thể chất
139423,SPD,giao-duc-the-chat,T06,Điểm học bạ,2025,27.48,Giáo dục Thể chất
139424,SPD,giao-duc-the-chat,T15,Điểm học bạ,2025,27.48,Giáo dục Thể chất
139425,SPD,giao-duc-the-chat,T00,Điểm thi THPT,2025,22.88,Giáo dục Thể chất
139426,SPD,giao-duc-the-chat,T01,Điểm thi THPT,2025,24.1,Giáo dục Thể chất
139427,SPD,giao-duc-the-chat,T02,Điểm thi THPT,2025,25.1,Giáo dục Thể chất
139428,SPD,giao-duc-the-chat,T03,Điểm thi THPT,2025,25.95,Giáo dục Thể chất
139429,SPD,giao-duc-the-chat,T05,Điểm thi THPT,2025,27.01,Giáo dục Thể chất
139430,SPD,giao-duc-the-chat,T06,Điểm thi THPT,2025,23.73,Giáo dục Thể chất
139431,SPD,giao-duc-the-chat,T15,Điểm thi THPT,2025,27.01,Giáo dục Thể chất
139432,SPD,giao-duc-tieu-hoc,C01,Điểm học bạ,2021,26.0,Giáo dục tiểu học
139433,SPD,giao-duc-tieu-hoc,C03,Điểm học bạ,2021,26.0,Giáo dục tiểu học
139434,SPD,giao-duc-tieu-hoc,C04,Điểm học bạ,2021,26.0,Giáo dục tiểu học
139435,SPD,giao-duc-tieu-hoc,D01,Điểm học bạ,2021,26.0,Giáo dục tiểu học
139436,SPD,giao-duc-tieu-hoc,C01,Điểm thi THPT,2021,22.0,Giáo dục tiểu học
139437,SPD,giao-duc-tieu-hoc,C03,Điểm thi THPT,2021,22.0,Giáo dục tiểu học
139438,SPD,giao-duc-tieu-hoc,C04,Điểm thi THPT,2021,22.0,Giáo dục tiểu học
139439,SPD,giao-duc-tieu-hoc,D01,Điểm thi THPT,2021,22.0,Giáo dục tiểu học
139440,SPD,giao-duc-tieu-hoc,C01,Điểm học bạ,2022,25.5,Giáo dục tiểu học
139441,SPD,giao-duc-tieu-hoc,C03,Điểm học bạ,2022,25.5,Giáo dục tiểu học
139442,SPD,giao-duc-tieu-hoc,C04,Điểm học bạ,2022,25.5,Giáo dục tiểu học
139443,SPD,giao-duc-tieu-hoc,D01,Điểm học bạ,2022,25.5,Giáo dục tiểu học
139444,SPD,giao-duc-tieu-hoc,C01,Điểm thi THPT,2022,19.0,Giáo dục tiểu học
139445,SPD,giao-duc-tieu-hoc,C03,Điểm thi THPT,2022,19.0,Giáo dục tiểu học
139446,SPD,giao-duc-tieu-hoc,C04,Điểm thi THPT,2022,19.0,Giáo dục tiểu học
139447,SPD,giao-duc-tieu-hoc,D01,Điểm thi THPT,2022,19.0,Giáo dục tiểu học
139448,SPD,giao-duc-tieu-hoc,C01,Điểm học bạ,2023,28.3,Giáo dục Tiểu học
139449,SPD,giao-duc-tieu-hoc,C03,Điểm học bạ,2023,28.3,Giáo dục Tiểu học
139450,SPD,giao-duc-tieu-hoc,C04,Điểm học bạ,2023,28.3,Giáo dục Tiểu học
139451,SPD,giao-duc-tieu-hoc,D01,Điểm học bạ,2023,28.3,Giáo dục Tiểu học
139452,SPD,giao-duc-tieu-hoc,C01,Điểm thi THPT,2023,23.28,Giáo dục Tiểu học
139453,SPD,giao-duc-tieu-hoc,C03,Điểm thi THPT,2023,23.28,Giáo dục Tiểu học
139454,SPD,giao-duc-tieu-hoc,C04,Điểm thi THPT,2023,23.28,Giáo dục Tiểu học
139455,SPD,giao-duc-tieu-hoc,D01,Điểm thi THPT,2023,23.28,Giáo dục Tiểu học
139456,SPD,giao-duc-tieu-hoc,C01,Điểm học bạ,2024,27.5,Giáo dục Tiểu học
139457,SPD,giao-duc-tieu-hoc,C03,Điểm học bạ,2024,27.5,Giáo dục Tiểu học
139458,SPD,giao-duc-tieu-hoc,C04,Điểm học bạ,2024,27.5,Giáo dục Tiểu học
139459,SPD,giao-duc-tieu-hoc,D01,Điểm học bạ,2024,27.5,Giáo dục Tiểu học
139460,SPD,giao-duc-tieu-hoc,C01,Điểm thi THPT,2024,25.27,Giáo dục Tiểu học
139461,SPD,giao-duc-tieu-hoc,C03,Điểm thi THPT,2024,25.27,Giáo dục Tiểu học
139462,SPD,giao-duc-tieu-hoc,C04,Điểm thi THPT,2024,25.27,Giáo dục Tiểu học
139463,SPD,giao-duc-tieu-hoc,D01,Điểm thi THPT,2024,25.27,Giáo dục Tiểu học
139464,SPD,giao-duc-tieu-hoc,B03,Điểm học bạ,2025,27.86,Giáo dục Tiểu học
139465,SPD,giao-duc-tieu-hoc,C01,Điểm học bạ,2025,27.86,Giáo dục Tiểu học
139466,SPD,giao-duc-tieu-hoc,C03,Điểm học bạ,2025,27.86,Giáo dục Tiểu học
139467,SPD,giao-duc-tieu-hoc,C04,Điểm học bạ,2025,27.86,Giáo dục Tiểu học
139468,SPD,giao-duc-tieu-hoc,D01,Điểm học bạ,2025,27.86,Giáo dục Tiểu học
139469,SPD,giao-duc-tieu-hoc,B03,Điểm thi THPT,2025,24.31,Giáo dục Tiểu học
139470,SPD,giao-duc-tieu-hoc,C01,Điểm thi THPT,2025,25.52,Giáo dục Tiểu học
139471,SPD,giao-duc-tieu-hoc,C03,Điểm thi THPT,2025,25.05,Giáo dục Tiểu học
139472,SPD,giao-duc-tieu-hoc,C04,Điểm thi THPT,2025,25.16,Giáo dục Tiểu học
139473,SPD,giao-duc-tieu-hoc,D01,Điểm thi THPT,2025,23.91,Giáo dục Tiểu học
139474,SPD,huan-luyen-the-thao,T00,Điểm học bạ,2025,27.06,Huấn luyện thể thao
139475,SPD,huan-luyen-the-thao,T01,Điểm học bạ,2025,27.06,Huấn luyện thể thao
139476,SPD,huan-luyen-the-thao,T02,Điểm học bạ,2025,27.06,Huấn luyện thể thao
139477,SPD,huan-luyen-the-thao,T03,Điểm học bạ,2025,27.06,Huấn luyện thể thao
139478,SPD,huan-luyen-the-thao,T05,Điểm học bạ,2025,27.06,Huấn luyện thể thao
139479,SPD,huan-luyen-the-thao,T06,Điểm học bạ,2025,27.06,Huấn luyện thể thao
139480,SPD,huan-luyen-the-thao,T15,Điểm học bạ,2025,27.06,Huấn luyện thể thao
139481,SPD,huan-luyen-the-thao,T00,Điểm thi THPT,2025,21.72,Huấn luyện thể thao
139482,SPD,huan-luyen-the-thao,T01,Điểm thi THPT,2025,22.94,Huấn luyện thể thao
139483,SPD,huan-luyen-the-thao,T02,Điểm thi THPT,2025,23.94,Huấn luyện thể thao
139484,SPD,huan-luyen-the-thao,T03,Điểm thi THPT,2025,24.79,Huấn luyện thể thao
139485,SPD,huan-luyen-the-thao,T05,Điểm thi THPT,2025,25.85,Huấn luyện thể thao
139486,SPD,huan-luyen-the-thao,T06,Điểm thi THPT,2025,22.57,Huấn luyện thể thao
139487,SPD,huan-luyen-the-thao,T15,Điểm thi THPT,2025,25.85,Huấn luyện thể thao
139488,SPD,ke-toan,A00,Điểm học bạ,2021,20.0,Kế toán
139489,SPD,ke-toan,A01,Điểm học bạ,2021,20.0,Kế toán
139490,SPD,ke-toan,D01,Điểm học bạ,2021,20.0,Kế toán
139491,SPD,ke-toan,D10,Điểm học bạ,2021,20.0,Kế toán
139492,SPD,ke-toan,A00,Điểm thi THPT,2021,19.0,Kế toán
139493,SPD,ke-toan,A01,Điểm thi THPT,2021,19.0,Kế toán
139494,SPD,ke-toan,D01,Điểm thi THPT,2021,19.0,Kế toán
139495,SPD,ke-toan,D10,Điểm thi THPT,2021,19.0,Kế toán
139496,SPD,ke-toan,A00,Điểm học bạ,2022,22.0,Kế toán
139497,SPD,ke-toan,A01,Điểm học bạ,2022,22.0,Kế toán
139498,SPD,ke-toan,D01,Điểm học bạ,2022,22.0,Kế toán
139499,SPD,ke-toan,D10,Điểm học bạ,2022,22.0,Kế toán
139500,SPD,ke-toan,A00,Điểm thi THPT,2022,15.5,Kế toán
139501,SPD,ke-toan,A01,Điểm thi THPT,2022,15.5,Kế toán
139502,SPD,ke-toan,D01,Điểm thi THPT,2022,15.5,Kế toán
139503,SPD,ke-toan,D10,Điểm thi THPT,2022,15.5,Kế toán
139504,SPD,ke-toan,A00,Điểm học bạ,2023,19.0,Kế toán
139505,SPD,ke-toan,A01,Điểm học bạ,2023,19.0,Kế toán
139506,SPD,ke-toan,D01,Điểm học bạ,2023,19.0,Kế toán
139507,SPD,ke-toan,D10,Điểm học bạ,2023,19.0,Kế toán
139508,SPD,ke-toan,A00,Điểm thi THPT,2023,15.0,Kế toán
139509,SPD,ke-toan,A01,Điểm thi THPT,2023,15.0,Kế toán
139510,SPD,ke-toan,D01,Điểm thi THPT,2023,15.0,Kế toán
139511,SPD,ke-toan,D10,Điểm thi THPT,2023,15.0,Kế toán
139512,SPD,ke-toan,A00,Điểm học bạ,2024,24.3,Kế toán
139513,SPD,ke-toan,A01,Điểm học bạ,2024,24.3,Kế toán
139514,SPD,ke-toan,D01,Điểm học bạ,2024,24.3,Kế toán
139515,SPD,ke-toan,D10,Điểm học bạ,2024,24.3,Kế toán
139516,SPD,ke-toan,A00,Điểm thi THPT,2024,19.1,Kế toán
139517,SPD,ke-toan,A01,Điểm thi THPT,2024,19.1,Kế toán
139518,SPD,ke-toan,D01,Điểm thi THPT,2024,19.1,Kế toán
139519,SPD,ke-toan,D10,Điểm thi THPT,2024,19.1,Kế toán
139520,SPD,ke-toan,A00,Điểm học bạ,2025,25.66,Kế toán
139521,SPD,ke-toan,A01,Điểm học bạ,2025,25.66,Kế toán
139522,SPD,ke-toan,C14,Điểm học bạ,2025,25.66,Kế toán
139523,SPD,ke-toan,D01,Điểm học bạ,2025,25.66,Kế toán
139524,SPD,ke-toan,D10,Điểm học bạ,2025,25.66,Kế toán
139525,SPD,ke-toan,X01,Điểm học bạ,2025,25.66,Kế toán
139526,SPD,ke-toan,A00,Điểm thi THPT,2025,18.41,Kế toán
139527,SPD,ke-toan,A01,Điểm thi THPT,2025,17.73,Kế toán
139528,SPD,ke-toan,C14,Điểm thi THPT,2025,20.05,Kế toán
139529,SPD,ke-toan,D01,Điểm thi THPT,2025,17.74,Kế toán
139530,SPD,ke-toan,D10,Điểm thi THPT,2025,17.37,Kế toán
139531,SPD,ke-toan,X01,Điểm thi THPT,2025,20.05,Kế toán
139532,SPD,khoa-hoc-dat,A00,Điểm học bạ,2025,18.0,Khoa học đất
139533,SPD,khoa-hoc-dat,B00,Điểm học bạ,2025,18.0,Khoa học đất
139534,SPD,khoa-hoc-dat,B03,Điểm học bạ,2025,18.0,Khoa học đất
139535,SPD,khoa-hoc-dat,B08,Điểm học bạ,2025,18.0,Khoa học đất
139536,SPD,khoa-hoc-dat,C02,Điểm học bạ,2025,18.0,Khoa học đất
139537,SPD,khoa-hoc-dat,D07,Điểm học bạ,2025,18.0,Khoa học đất
139538,SPD,khoa-hoc-dat,A00,Điểm thi THPT,2025,15.0,Khoa học đất
139539,SPD,khoa-hoc-dat,B00,Điểm thi THPT,2025,13.79,Khoa học đất
139540,SPD,khoa-hoc-dat,B03,Điểm thi THPT,2025,14.73,Khoa học đất
139541,SPD,khoa-hoc-dat,B08,Điểm thi THPT,2025,13.11,Khoa học đất
139542,SPD,khoa-hoc-dat,C02,Điểm thi THPT,2025,15.01,Khoa học đất
139543,SPD,khoa-hoc-dat,D07,Điểm thi THPT,2025,13.39,Khoa học đất
139544,SPD,khoa-hoc-may-tinh,A00,Điểm học bạ,2021,19.0,Khoa học máy tính
139545,SPD,khoa-hoc-may-tinh,A01,Điểm học bạ,2021,19.0,Khoa học máy tính
139546,SPD,khoa-hoc-may-tinh,A02,Điểm học bạ,2021,19.0,Khoa học máy tính
139547,SPD,khoa-hoc-may-tinh,A04,Điểm học bạ,2021,19.0,Khoa học máy tính
139548,SPD,khoa-hoc-may-tinh,A00,Điểm thi THPT,2021,15.0,Khoa học máy tính
139549,SPD,khoa-hoc-may-tinh,A01,Điểm thi THPT,2021,15.0,Khoa học máy tính
139550,SPD,khoa-hoc-may-tinh,A02,Điểm thi THPT,2021,15.0,Khoa học máy tính
139551,SPD,khoa-hoc-may-tinh,A04,Điểm thi THPT,2021,15.0,Khoa học máy tính
139552,SPD,khoa-hoc-may-tinh,A00,Điểm học bạ,2022,20.0,Khoa học máy tính
139553,SPD,khoa-hoc-may-tinh,A01,Điểm học bạ,2022,20.0,Khoa học máy tính
139554,SPD,khoa-hoc-may-tinh,A02,Điểm học bạ,2022,20.0,Khoa học máy tính
139555,SPD,khoa-hoc-may-tinh,A04,Điểm học bạ,2022,20.0,Khoa học máy tính
139556,SPD,khoa-hoc-may-tinh,A00,Điểm thi THPT,2022,15.0,Khoa học máy tính
139557,SPD,khoa-hoc-may-tinh,A01,Điểm thi THPT,2022,15.0,Khoa học máy tính
139558,SPD,khoa-hoc-may-tinh,A02,Điểm thi THPT,2022,15.0,Khoa học máy tính
139559,SPD,khoa-hoc-may-tinh,A04,Điểm thi THPT,2022,15.0,Khoa học máy tính
139560,SPD,khoa-hoc-may-tinh,A00,Điểm học bạ,2023,19.0,Khoa học Máy tính (Công nghệ phần mềm; Mạng máy tính và an ninh)
139561,SPD,khoa-hoc-may-tinh,A01,Điểm học bạ,2023,19.0,Khoa học Máy tính (Công nghệ phần mềm; Mạng máy tính và an ninh)
139562,SPD,khoa-hoc-may-tinh,A02,Điểm học bạ,2023,19.0,Khoa học Máy tính (Công nghệ phần mềm; Mạng máy tính và an ninh)
139563,SPD,khoa-hoc-may-tinh,A04,Điểm học bạ,2023,19.0,Khoa học Máy tính (Công nghệ phần mềm; Mạng máy tính và an ninh)
139564,SPD,khoa-hoc-may-tinh,D90,Điểm học bạ,2023,19.0,Khoa học Máy tính (Công nghệ phần mềm; Mạng máy tính và an ninh)
139565,SPD,khoa-hoc-may-tinh,A00,Điểm thi THPT,2023,15.0,Khoa học Máy tính (Công nghệ phần mềm; Mạng máy tính và an ninh)
139566,SPD,khoa-hoc-may-tinh,A01,Điểm thi THPT,2023,15.0,Khoa học Máy tính (Công nghệ phần mềm; Mạng máy tính và an ninh)
139567,SPD,khoa-hoc-may-tinh,A02,Điểm thi THPT,2023,15.0,Khoa học Máy tính (Công nghệ phần mềm; Mạng máy tính và an ninh)
139568,SPD,khoa-hoc-may-tinh,A04,Điểm thi THPT,2023,15.0,Khoa học Máy tính (Công nghệ phần mềm; Mạng máy tính và an ninh)
139569,SPD,khoa-hoc-may-tinh,D90,Điểm thi THPT,2023,15.0,Khoa học Máy tính (Công nghệ phần mềm; Mạng máy tính và an ninh)
139570,SPD,khoa-hoc-may-tinh,A00,Điểm học bạ,2024,19.0,Khoa học Máy tính (Công nghệ phần mềm; Mạng máy tính và an ninh)
139571,SPD,khoa-hoc-may-tinh,A01,Điểm học bạ,2024,19.0,Khoa học Máy tính (Công nghệ phần mềm; Mạng máy tính và an ninh)
139572,SPD,khoa-hoc-may-tinh,A02,Điểm học bạ,2024,19.0,Khoa học Máy tính (Công nghệ phần mềm; Mạng máy tính và an ninh)
139573,SPD,khoa-hoc-may-tinh,A04,Điểm học bạ,2024,19.0,Khoa học Máy tính (Công nghệ phần mềm; Mạng máy tính và an ninh)
139574,SPD,khoa-hoc-may-tinh,D90,Điểm học bạ,2024,19.0,Khoa học Máy tính (Công nghệ phần mềm; Mạng máy tính và an ninh)
139575,SPD,khoa-hoc-may-tinh,A00,Điểm thi THPT,2024,15.0,Khoa học Máy tính (Công nghệ phần mềm; Mạng máy tính và an ninh)
139576,SPD,khoa-hoc-may-tinh,A01,Điểm thi THPT,2024,15.0,Khoa học Máy tính (Công nghệ phần mềm; Mạng máy tính và an ninh)
139577,SPD,khoa-hoc-may-tinh,A02,Điểm thi THPT,2024,15.0,Khoa học Máy tính (Công nghệ phần mềm; Mạng máy tính và an ninh)
139578,SPD,khoa-hoc-may-tinh,D90,Điểm thi THPT,2024,15.0,Khoa học Máy tính (Công nghệ phần mềm; Mạng máy tính và an ninh)
139579,SPD,khoa-hoc-may-tinh,A00,Điểm học bạ,2025,24.9,Khoa học Máy tính
139580,SPD,khoa-hoc-may-tinh,A01,Điểm học bạ,2025,24.9,Khoa học Máy tính
139581,SPD,khoa-hoc-may-tinh,A02,Điểm học bạ,2025,24.9,Khoa học Máy tính
139582,SPD,khoa-hoc-may-tinh,C01,Điểm học bạ,2025,24.9,Khoa học Máy tính
139583,SPD,khoa-hoc-may-tinh,D01,Điểm học bạ,2025,24.9,Khoa học Máy tính
139584,SPD,khoa-hoc-may-tinh,X02,Điểm học bạ,2025,24.9,Khoa học Máy tính
139585,SPD,khoa-hoc-may-tinh,A00,Điểm thi THPT,2025,16.89,Khoa học Máy tính
139586,SPD,khoa-hoc-may-tinh,A01,Điểm thi THPT,2025,16.21,Khoa học Máy tính
139587,SPD,khoa-hoc-may-tinh,A02,Điểm thi THPT,2025,16.61,Khoa học Máy tính
139588,SPD,khoa-hoc-may-tinh,C01,Điểm thi THPT,2025,17.83,Khoa học Máy tính
139589,SPD,khoa-hoc-may-tinh,D01,Điểm thi THPT,2025,16.22,Khoa học Máy tính
139590,SPD,khoa-hoc-may-tinh,X02,Điểm thi THPT,2025,17.62,Khoa học Máy tính
139591,SPD,khoa-hoc-moi-truong,A00,Điểm học bạ,2021,19.0,Khoa học môi trường
139592,SPD,khoa-hoc-moi-truong,B00,Điểm học bạ,2021,19.0,Khoa học môi trường
139593,SPD,khoa-hoc-moi-truong,D07,Điểm học bạ,2021,19.0,Khoa học môi trường
139594,SPD,khoa-hoc-moi-truong,D08,Điểm học bạ,2021,19.0,Khoa học môi trường
139595,SPD,khoa-hoc-moi-truong,A00,Điểm thi THPT,2021,15.0,Khoa học môi trường
139596,SPD,khoa-hoc-moi-truong,B00,Điểm thi THPT,2021,15.0,Khoa học môi trường
139597,SPD,khoa-hoc-moi-truong,D07,Điểm thi THPT,2021,15.0,Khoa học môi trường
139598,SPD,khoa-hoc-moi-truong,D08,Điểm thi THPT,2021,15.0,Khoa học môi trường
139599,SPD,khoa-hoc-moi-truong,A00,Điểm học bạ,2022,19.0,Khoa học môi trường
139600,SPD,khoa-hoc-moi-truong,B00,Điểm học bạ,2022,19.0,Khoa học môi trường
139601,SPD,khoa-hoc-moi-truong,D07,Điểm học bạ,2022,19.0,Khoa học môi trường
139602,SPD,khoa-hoc-moi-truong,D08,Điểm học bạ,2022,19.0,Khoa học môi trường
139603,SPD,khoa-hoc-moi-truong,A00,Điểm thi THPT,2022,15.0,Khoa học môi trường
139604,SPD,khoa-hoc-moi-truong,B00,Điểm thi THPT,2022,15.0,Khoa học môi trường
139605,SPD,khoa-hoc-moi-truong,D07,Điểm thi THPT,2022,15.0,Khoa học môi trường
139606,SPD,khoa-hoc-moi-truong,D08,Điểm thi THPT,2022,15.0,Khoa học môi trường
139607,SPD,khoa-hoc-moi-truong,A00,Điểm học bạ,2023,19.0,Khoa học môi trường (Môi trường; An toàn sức khỏe môi trường)
139608,SPD,khoa-hoc-moi-truong,B00,Điểm học bạ,2023,19.0,Khoa học môi trường (Môi trường; An toàn sức khỏe môi trường)
139609,SPD,khoa-hoc-moi-truong,D07,Điểm học bạ,2023,19.0,Khoa học môi trường (Môi trường; An toàn sức khỏe môi trường)
139610,SPD,khoa-hoc-moi-truong,D08,Điểm học bạ,2023,19.0,Khoa học môi trường (Môi trường; An toàn sức khỏe môi trường)
139611,SPD,khoa-hoc-moi-truong,A00,Điểm thi THPT,2023,15.0,Khoa học môi trường (Môi trường; An toàn sức khỏe môi trường)
139612,SPD,khoa-hoc-moi-truong,B00,Điểm thi THPT,2023,15.0,Khoa học môi trường (Môi trường; An toàn sức khỏe môi trường)
139613,SPD,khoa-hoc-moi-truong,D07,Điểm thi THPT,2023,15.0,Khoa học môi trường (Môi trường; An toàn sức khỏe môi trường)
139614,SPD,khoa-hoc-moi-truong,D08,Điểm thi THPT,2023,15.0,Khoa học môi trường (Môi trường; An toàn sức khỏe môi trường)
139615,SPD,khoa-hoc-moi-truong,A00,Điểm học bạ,2024,19.0,Khoa học môi trường (Môi trường; An toàn sức khỏe môi trường)
139616,SPD,khoa-hoc-moi-truong,B00,Điểm học bạ,2024,19.0,Khoa học môi trường (Môi trường; An toàn sức khỏe môi trường)
139617,SPD,khoa-hoc-moi-truong,D07,Điểm học bạ,2024,19.0,Khoa học môi trường (Môi trường; An toàn sức khỏe môi trường)
139618,SPD,khoa-hoc-moi-truong,D08,Điểm học bạ,2024,19.0,Khoa học môi trường (Môi trường; An toàn sức khỏe môi trường)
139619,SPD,khoa-hoc-moi-truong,A00,Điểm thi THPT,2024,15.0,Khoa học môi trường (Môi trường; An toàn sức khỏe môi trường)
139620,SPD,khoa-hoc-moi-truong,B00,Điểm thi THPT,2024,15.0,Khoa học môi trường (Môi trường; An toàn sức khỏe môi trường)
139621,SPD,khoa-hoc-moi-truong,D07,Điểm thi THPT,2024,15.0,Khoa học môi trường (Môi trường; An toàn sức khỏe môi trường)
139622,SPD,khoa-hoc-moi-truong,D08,Điểm thi THPT,2024,15.0,Khoa học môi trường (Môi trường; An toàn sức khỏe môi trường)
139623,SPD,khoa-hoc-moi-truong,A00,Điểm học bạ,2025,21.98,Khoa học môi trường
139624,SPD,khoa-hoc-moi-truong,B00,Điểm học bạ,2025,21.98,Khoa học môi trường
139625,SPD,khoa-hoc-moi-truong,B03,Điểm học bạ,2025,21.98,Khoa học môi trường
139626,SPD,khoa-hoc-moi-truong,C02,Điểm học bạ,2025,21.98,Khoa học môi trường
139627,SPD,khoa-hoc-moi-truong,D07,Điểm học bạ,2025,21.98,Khoa học môi trường
139628,SPD,khoa-hoc-moi-truong,D08,Điểm học bạ,2025,21.98,Khoa học môi trường
139629,SPD,khoa-hoc-moi-truong,A00,Điểm thi THPT,2025,17.0,Khoa học môi trường
139630,SPD,khoa-hoc-moi-truong,B00,Điểm thi THPT,2025,15.79,Khoa học môi trường
139631,SPD,khoa-hoc-moi-truong,B03,Điểm thi THPT,2025,16.73,Khoa học môi trường
139632,SPD,khoa-hoc-moi-truong,C02,Điểm thi THPT,2025,17.01,Khoa học môi trường
139633,SPD,khoa-hoc-moi-truong,D07,Điểm thi THPT,2025,15.39,Khoa học môi trường
139634,SPD,khoa-hoc-moi-truong,D08,Điểm thi THPT,2025,15.11,Khoa học môi trường
139635,SPD,kinh-doanh-quoc-te,A00,Điểm học bạ,2023,19.0,Kinh doanh quốc tế
139636,SPD,kinh-doanh-quoc-te,A01,Điểm học bạ,2023,19.0,Kinh doanh quốc tế
139637,SPD,kinh-doanh-quoc-te,D01,Điểm học bạ,2023,19.0,Kinh doanh quốc tế
139638,SPD,kinh-doanh-quoc-te,D10,Điểm học bạ,2023,19.0,Kinh doanh quốc tế
139639,SPD,kinh-doanh-quoc-te,A00,Điểm thi THPT,2023,15.0,Kinh doanh quốc tế
139640,SPD,kinh-doanh-quoc-te,A01,Điểm thi THPT,2023,15.0,Kinh doanh quốc tế
139641,SPD,kinh-doanh-quoc-te,D01,Điểm thi THPT,2023,15.0,Kinh doanh quốc tế
139642,SPD,kinh-doanh-quoc-te,D10,Điểm thi THPT,2023,15.0,Kinh doanh quốc tế
139643,SPD,kinh-doanh-quoc-te,A00,Điểm học bạ,2024,24.5,Kinh doanh quốc tế
139644,SPD,kinh-doanh-quoc-te,A01,Điểm học bạ,2024,24.5,Kinh doanh quốc tế
139645,SPD,kinh-doanh-quoc-te,D01,Điểm học bạ,2024,24.5,Kinh doanh quốc tế
139646,SPD,kinh-doanh-quoc-te,D10,Điểm học bạ,2024,24.5,Kinh doanh quốc tế
139647,SPD,kinh-doanh-quoc-te,A00,Điểm thi THPT,2024,15.0,Kinh doanh quốc tế
139648,SPD,kinh-doanh-quoc-te,A01,Điểm thi THPT,2024,15.0,Kinh doanh quốc tế
139649,SPD,kinh-doanh-quoc-te,D01,Điểm thi THPT,2024,15.0,Kinh doanh quốc tế
139650,SPD,kinh-doanh-quoc-te,D10,Điểm thi THPT,2024,15.0,Kinh doanh quốc tế
139651,SPD,kinh-doanh-quoc-te,A00,Điểm học bạ,2025,25.06,Kinh doanh quốc tế
139652,SPD,kinh-doanh-quoc-te,A01,Điểm học bạ,2025,25.06,Kinh doanh quốc tế
139653,SPD,kinh-doanh-quoc-te,C14,Điểm học bạ,2025,25.06,Kinh doanh quốc tế
139654,SPD,kinh-doanh-quoc-te,D01,Điểm học bạ,2025,25.06,Kinh doanh quốc tế
139655,SPD,kinh-doanh-quoc-te,D10,Điểm học bạ,2025,25.06,Kinh doanh quốc tế
139656,SPD,kinh-doanh-quoc-te,X01,Điểm học bạ,2025,25.06,Kinh doanh quốc tế
139657,SPD,kinh-doanh-quoc-te,A00,Điểm thi THPT,2025,17.2,Kinh doanh quốc tế
139658,SPD,kinh-doanh-quoc-te,A01,Điểm thi THPT,2025,16.52,Kinh doanh quốc tế
139659,SPD,kinh-doanh-quoc-te,C14,Điểm thi THPT,2025,18.84,Kinh doanh quốc tế
139660,SPD,kinh-doanh-quoc-te,D01,Điểm thi THPT,2025,16.53,Kinh doanh quốc tế
139661,SPD,kinh-doanh-quoc-te,D10,Điểm thi THPT,2025,16.16,Kinh doanh quốc tế
139662,SPD,kinh-doanh-quoc-te,X01,Điểm thi THPT,2025,18.84,Kinh doanh quốc tế
139663,SPD,ky-thuat-xay-dung,A00,Điểm học bạ,2024,23.3,Kỹ thuật xây dựng
139664,SPD,ky-thuat-xay-dung,A01,Điểm học bạ,2024,23.3,Kỹ thuật xây dựng
139665,SPD,ky-thuat-xay-dung,C01,Điểm học bạ,2024,23.3,Kỹ thuật xây dựng
139666,SPD,ky-thuat-xay-dung,D01,Điểm học bạ,2024,23.3,Kỹ thuật xây dựng
139667,SPD,ky-thuat-xay-dung,A00,Điểm thi THPT,2024,15.0,Kỹ thuật xây dựng
139668,SPD,ky-thuat-xay-dung,A01,Điểm thi THPT,2024,15.0,Kỹ thuật xây dựng
139669,SPD,ky-thuat-xay-dung,C01,Điểm thi THPT,2024,15.0,Kỹ thuật xây dựng
139670,SPD,ky-thuat-xay-dung,D01,Điểm thi THPT,2024,15.0,Kỹ thuật xây dựng
139671,SPD,ky-thuat-xay-dung,A00,Điểm học bạ,2025,22.64,Kỹ thuật xây dựng
139672,SPD,ky-thuat-xay-dung,A01,Điểm học bạ,2025,22.64,Kỹ thuật xây dựng
139673,SPD,ky-thuat-xay-dung,C01,Điểm học bạ,2025,22.64,Kỹ thuật xây dựng
139674,SPD,ky-thuat-xay-dung,C02,Điểm học bạ,2025,22.64,Kỹ thuật xây dựng
139675,SPD,ky-thuat-xay-dung,D01,Điểm học bạ,2025,22.64,Kỹ thuật xây dựng
139676,SPD,ky-thuat-xay-dung,X03,Điểm học bạ,2025,22.64,Kỹ thuật xây dựng
139677,SPD,ky-thuat-xay-dung,A00,Điểm thi THPT,2025,15.92,Kỹ thuật xây dựng
139678,SPD,ky-thuat-xay-dung,A01,Điểm thi THPT,2025,15.24,Kỹ thuật xây dựng
139679,SPD,ky-thuat-xay-dung,C01,Điểm thi THPT,2025,16.86,Kỹ thuật xây dựng
139680,SPD,ky-thuat-xay-dung,C02,Điểm thi THPT,2025,15.93,Kỹ thuật xây dựng
139681,SPD,ky-thuat-xay-dung,D01,Điểm thi THPT,2025,15.25,Kỹ thuật xây dựng
139682,SPD,ky-thuat-xay-dung,X03,Điểm thi THPT,2025,15.66,Kỹ thuật xây dựng
139683,SPD,logistics-va-quan-ly-chuoi-cung-ung,A00,Điểm học bạ,2024,25.4,Logistics và Quản lý chuỗi cung ứng
139684,SPD,logistics-va-quan-ly-chuoi-cung-ung,A01,Điểm học bạ,2024,25.4,Logistics và Quản lý chuỗi cung ứng
139685,SPD,logistics-va-quan-ly-chuoi-cung-ung,D01,Điểm học bạ,2024,25.4,Logistics và Quản lý chuỗi cung ứng
139686,SPD,logistics-va-quan-ly-chuoi-cung-ung,D10,Điểm học bạ,2024,25.4,Logistics và Quản lý chuỗi cung ứng
139687,SPD,logistics-va-quan-ly-chuoi-cung-ung,A00,Điểm thi THPT,2024,19.21,Logistics và Quản lý chuỗi cung ứng
139688,SPD,logistics-va-quan-ly-chuoi-cung-ung,A01,Điểm thi THPT,2024,19.21,Logistics và Quản lý chuỗi cung ứng
139689,SPD,logistics-va-quan-ly-chuoi-cung-ung,D01,Điểm thi THPT,2024,19.21,Logistics và Quản lý chuỗi cung ứng
139690,SPD,logistics-va-quan-ly-chuoi-cung-ung,D10,Điểm thi THPT,2024,19.21,Logistics và Quản lý chuỗi cung ứng
139691,SPD,logistics-va-quan-ly-chuoi-cung-ung,A00,Điểm học bạ,2025,26.26,Logistics và Quản lý chuỗi cung ứng
139692,SPD,logistics-va-quan-ly-chuoi-cung-ung,A01,Điểm học bạ,2025,26.26,Logistics và Quản lý chuỗi cung ứng
139693,SPD,logistics-va-quan-ly-chuoi-cung-ung,C01,Điểm học bạ,2025,26.26,Logistics và Quản lý chuỗi cung ứng
139694,SPD,logistics-va-quan-ly-chuoi-cung-ung,C02,Điểm học bạ,2025,26.26,Logistics và Quản lý chuỗi cung ứng
139695,SPD,logistics-va-quan-ly-chuoi-cung-ung,D01,Điểm học bạ,2025,26.26,Logistics và Quản lý chuỗi cung ứng
139696,SPD,logistics-va-quan-ly-chuoi-cung-ung,X27,Điểm học bạ,2025,26.26,Logistics và Quản lý chuỗi cung ứng
139697,SPD,logistics-va-quan-ly-chuoi-cung-ung,A00,Điểm thi THPT,2025,19.69,Logistics và Quản lý chuỗi cung ứng
139698,SPD,logistics-va-quan-ly-chuoi-cung-ung,A01,Điểm thi THPT,2025,19.01,Logistics và Quản lý chuỗi cung ứng
139699,SPD,logistics-va-quan-ly-chuoi-cung-ung,C01,Điểm thi THPT,2025,20.63,Logistics và Quản lý chuỗi cung ứng
139700,SPD,logistics-va-quan-ly-chuoi-cung-ung,C02,Điểm thi THPT,2025,19.7,Logistics và Quản lý chuỗi cung ứng
139701,SPD,logistics-va-quan-ly-chuoi-cung-ung,D01,Điểm thi THPT,2025,19.02,Logistics và Quản lý chuỗi cung ứng
139702,SPD,logistics-va-quan-ly-chuoi-cung-ung,X27,Điểm thi THPT,2025,17.81,Logistics và Quản lý chuỗi cung ứng
139703,SPD,luat,A00,Điểm học bạ,2023,24.0,Luật
139704,SPD,luat,C00,Điểm học bạ,2023,24.0,Luật
139705,SPD,luat,C14,Điểm học bạ,2023,24.0,Luật
139706,SPD,luat,D01,Điểm học bạ,2023,24.0,Luật
139707,SPD,luat,A00,Điểm thi THPT,2023,15.5,Luật
139708,SPD,luat,C00,Điểm thi THPT,2023,15.5,Luật
139709,SPD,luat,C14,Điểm thi THPT,2023,15.5,Luật
139710,SPD,luat,D01,Điểm thi THPT,2023,15.5,Luật
139711,SPD,luat,A00,Điểm học bạ,2024,26.37,Luật
139712,SPD,luat,C00,Điểm học bạ,2024,26.37,Luật
139713,SPD,luat,C14,Điểm học bạ,2024,26.37,Luật
139714,SPD,luat,D01,Điểm học bạ,2024,26.37,Luật
139715,SPD,luat,A00,Điểm thi THPT,2024,24.21,Luật
139716,SPD,luat,C00,Điểm thi THPT,2024,24.21,Luật
139717,SPD,luat,C14,Điểm thi THPT,2024,24.21,Luật
139718,SPD,luat,D01,Điểm thi THPT,2024,24.21,Luật
139719,SPD,luat,A00,Điểm học bạ,2025,27.87,Luật
139720,SPD,luat,C00,Điểm học bạ,2025,27.87,Luật
139721,SPD,luat,C03,Điểm học bạ,2025,27.87,Luật
139722,SPD,luat,C04,Điểm học bạ,2025,27.87,Luật
139723,SPD,luat,C14,Điểm học bạ,2025,27.87,Luật
139724,SPD,luat,D01,Điểm học bạ,2025,27.87,Luật
139725,SPD,luat,X01,Điểm học bạ,2025,27.87,Luật
139726,SPD,luat,A00,Điểm thi THPT,2025,21.62,Luật
139727,SPD,luat,C00,Điểm thi THPT,2025,23.94,Luật
139728,SPD,luat,C03,Điểm thi THPT,2025,22.09,Luật
139729,SPD,luat,C04,Điểm thi THPT,2025,22.2,Luật
139730,SPD,luat,C14,Điểm thi THPT,2025,23.26,Luật
139731,SPD,luat,D01,Điểm thi THPT,2025,20.95,Luật
139732,SPD,luat,X01,Điểm thi THPT,2025,23.26,Luật
139733,SPD,ngon-ngu-anh,D01,Điểm học bạ,2021,20.0,Ngôn ngữ anh
139734,SPD,ngon-ngu-anh,D13,Điểm học bạ,2021,20.0,Ngôn ngữ anh
139735,SPD,ngon-ngu-anh,D14,Điểm học bạ,2021,20.0,Ngôn ngữ anh
139736,SPD,ngon-ngu-anh,D15,Điểm học bạ,2021,20.0,Ngôn ngữ anh
139737,SPD,ngon-ngu-anh,D01,Điểm thi THPT,2021,17.0,Ngôn ngữ anh
139738,SPD,ngon-ngu-anh,D13,Điểm thi THPT,2021,17.0,Ngôn ngữ anh
139739,SPD,ngon-ngu-anh,D14,Điểm thi THPT,2021,17.0,Ngôn ngữ anh
139740,SPD,ngon-ngu-anh,D15,Điểm thi THPT,2021,17.0,Ngôn ngữ anh
139741,SPD,ngon-ngu-anh,D01,Điểm học bạ,2025,26.41,Ngôn ngữ Anh
139742,SPD,ngon-ngu-anh,D13,Điểm học bạ,2025,26.41,Ngôn ngữ Anh
139743,SPD,ngon-ngu-anh,D14,Điểm học bạ,2025,26.41,Ngôn ngữ Anh
139744,SPD,ngon-ngu-anh,D15,Điểm học bạ,2025,26.41,Ngôn ngữ Anh
139745,SPD,ngon-ngu-anh,D01,Điểm thi THPT,2025,20.01,Ngôn ngữ Anh
139746,SPD,ngon-ngu-anh,D13,Điểm thi THPT,2025,21.01,Ngôn ngữ Anh
139747,SPD,ngon-ngu-anh,D14,Điểm thi THPT,2025,21.75,Ngôn ngữ Anh
139748,SPD,ngon-ngu-anh,D15,Điểm thi THPT,2025,21.86,Ngôn ngữ Anh
139749,SPD,ngon-ngu-anh-bien-phien-dich-tieng-anh-kinh-doanh-tieng-anh-du-lich,D01,Điểm học bạ,2022,20.0,Ngôn ngữ anh - Biên - phiên dịch - Tiếng Anh kinh doanh - Tiếng Anh du lịch
139750,SPD,ngon-ngu-anh-bien-phien-dich-tieng-anh-kinh-doanh-tieng-anh-du-lich,D13,Điểm học bạ,2022,20.0,Ngôn ngữ anh - Biên - phiên dịch - Tiếng Anh kinh doanh - Tiếng Anh du lịch
139751,SPD,ngon-ngu-anh-bien-phien-dich-tieng-anh-kinh-doanh-tieng-anh-du-lich,D14,Điểm học bạ,2022,20.0,Ngôn ngữ anh - Biên - phiên dịch - Tiếng Anh kinh doanh - Tiếng Anh du lịch
139752,SPD,ngon-ngu-anh-bien-phien-dich-tieng-anh-kinh-doanh-tieng-anh-du-lich,D15,Điểm học bạ,2022,20.0,Ngôn ngữ anh - Biên - phiên dịch - Tiếng Anh kinh doanh - Tiếng Anh du lịch
139753,SPD,ngon-ngu-anh-bien-phien-dich-tieng-anh-kinh-doanh-tieng-anh-du-lich,D01,Điểm thi THPT,2022,16.0,Ngôn ngữ anh - Biên - phiên dịch - Tiếng Anh kinh doanh - Tiếng Anh du lịch
139754,SPD,ngon-ngu-anh-bien-phien-dich-tieng-anh-kinh-doanh-tieng-anh-du-lich,D13,Điểm thi THPT,2022,16.0,Ngôn ngữ anh - Biên - phiên dịch - Tiếng Anh kinh doanh - Tiếng Anh du lịch
139755,SPD,ngon-ngu-anh-bien-phien-dich-tieng-anh-kinh-doanh-tieng-anh-du-lich,D14,Điểm thi THPT,2022,16.0,Ngôn ngữ anh - Biên - phiên dịch - Tiếng Anh kinh doanh - Tiếng Anh du lịch
139756,SPD,ngon-ngu-anh-bien-phien-dich-tieng-anh-kinh-doanh-tieng-anh-du-lich,D15,Điểm thi THPT,2022,16.0,Ngôn ngữ anh - Biên - phiên dịch - Tiếng Anh kinh doanh - Tiếng Anh du lịch
139757,SPD,ngon-ngu-anh-bien-phien-dich-tieng-anh-kinh-doanh-tieng-anh-du-lich,D01,Điểm học bạ,2023,24.0,Ngôn ngừ Anh - Biên-phiên dịch - Tiếng Anh kinh doanh - Tiếng Anh du lịch
139758,SPD,ngon-ngu-anh-bien-phien-dich-tieng-anh-kinh-doanh-tieng-anh-du-lich,D13,Điểm học bạ,2023,24.0,Ngôn ngừ Anh - Biên-phiên dịch - Tiếng Anh kinh doanh - Tiếng Anh du lịch
139759,SPD,ngon-ngu-anh-bien-phien-dich-tieng-anh-kinh-doanh-tieng-anh-du-lich,D14,Điểm học bạ,2023,24.0,Ngôn ngừ Anh - Biên-phiên dịch - Tiếng Anh kinh doanh - Tiếng Anh du lịch
139760,SPD,ngon-ngu-anh-bien-phien-dich-tieng-anh-kinh-doanh-tieng-anh-du-lich,D15,Điểm học bạ,2023,24.0,Ngôn ngừ Anh - Biên-phiên dịch - Tiếng Anh kinh doanh - Tiếng Anh du lịch
139761,SPD,ngon-ngu-anh-bien-phien-dich-tieng-anh-kinh-doanh-tieng-anh-du-lich,D01,Điểm thi THPT,2023,18.0,Ngôn ngừ Anh - Biên-phiên dịch - Tiếng Anh kinh doanh - Tiếng Anh du lịch
139762,SPD,ngon-ngu-anh-bien-phien-dich-tieng-anh-kinh-doanh-tieng-anh-du-lich,D13,Điểm thi THPT,2023,18.0,Ngôn ngừ Anh - Biên-phiên dịch - Tiếng Anh kinh doanh - Tiếng Anh du lịch
139763,SPD,ngon-ngu-anh-bien-phien-dich-tieng-anh-kinh-doanh-tieng-anh-du-lich,D14,Điểm thi THPT,2023,18.0,Ngôn ngừ Anh - Biên-phiên dịch - Tiếng Anh kinh doanh - Tiếng Anh du lịch
139764,SPD,ngon-ngu-anh-bien-phien-dich-tieng-anh-kinh-doanh-tieng-anh-du-lich,D15,Điểm thi THPT,2023,18.0,Ngôn ngừ Anh - Biên-phiên dịch - Tiếng Anh kinh doanh - Tiếng Anh du lịch
139765,SPD,ngon-ngu-anh-bien-phien-dich-tieng-anh-kinh-doanh-tieng-anh-du-lich,D01,Điểm học bạ,2024,26.1,Ngôn ngữ Anh - Biên - phiên dịch - Tiếng Anh kinh doanh - Tiếng Anh du lịch
139766,SPD,ngon-ngu-anh-bien-phien-dich-tieng-anh-kinh-doanh-tieng-anh-du-lich,D13,Điểm học bạ,2024,26.1,Ngôn ngữ Anh - Biên - phiên dịch - Tiếng Anh kinh doanh - Tiếng Anh du lịch
139767,SPD,ngon-ngu-anh-bien-phien-dich-tieng-anh-kinh-doanh-tieng-anh-du-lich,D14,Điểm học bạ,2024,26.1,Ngôn ngữ Anh - Biên - phiên dịch - Tiếng Anh kinh doanh - Tiếng Anh du lịch
139768,SPD,ngon-ngu-anh-bien-phien-dich-tieng-anh-kinh-doanh-tieng-anh-du-lich,D15,Điểm học bạ,2024,26.1,Ngôn ngữ Anh - Biên - phiên dịch - Tiếng Anh kinh doanh - Tiếng Anh du lịch
139769,SPD,ngon-ngu-anh-bien-phien-dich-tieng-anh-kinh-doanh-tieng-anh-du-lich,D01,Điểm thi THPT,2024,22.51,Ngôn ngữ Anh - Biên - phiên dịch - Tiếng Anh kinh doanh - Tiếng Anh du lịch
139770,SPD,ngon-ngu-anh-bien-phien-dich-tieng-anh-kinh-doanh-tieng-anh-du-lich,D13,Điểm thi THPT,2024,22.51,Ngôn ngữ Anh - Biên - phiên dịch - Tiếng Anh kinh doanh - Tiếng Anh du lịch
139771,SPD,ngon-ngu-anh-bien-phien-dich-tieng-anh-kinh-doanh-tieng-anh-du-lich,D14,Điểm thi THPT,2024,22.51,Ngôn ngữ Anh - Biên - phiên dịch - Tiếng Anh kinh doanh - Tiếng Anh du lịch
139772,SPD,ngon-ngu-anh-bien-phien-dich-tieng-anh-kinh-doanh-tieng-anh-du-lich,D15,Điểm thi THPT,2024,22.51,Ngôn ngữ Anh - Biên - phiên dịch - Tiếng Anh kinh doanh - Tiếng Anh du lịch
139773,SPD,ngon-ngu-trung-quoc,C00,Điểm học bạ,2021,25.0,Ngôn ngữ Trung Quốc
139774,SPD,ngon-ngu-trung-quoc,D01,Điểm học bạ,2021,25.0,Ngôn ngữ Trung Quốc
139775,SPD,ngon-ngu-trung-quoc,D14,Điểm học bạ,2021,25.0,Ngôn ngữ Trung Quốc
139776,SPD,ngon-ngu-trung-quoc,D15,Điểm học bạ,2021,25.0,Ngôn ngữ Trung Quốc
139777,SPD,ngon-ngu-trung-quoc,C00,Điểm thi THPT,2021,23.0,Ngôn ngữ Trung Quốc
139778,SPD,ngon-ngu-trung-quoc,D01,Điểm thi THPT,2021,23.0,Ngôn ngữ Trung Quốc
139779,SPD,ngon-ngu-trung-quoc,D14,Điểm thi THPT,2021,23.0,Ngôn ngữ Trung Quốc
139780,SPD,ngon-ngu-trung-quoc,D15,Điểm thi THPT,2021,23.0,Ngôn ngữ Trung Quốc
139781,SPD,ngon-ngu-trung-quoc,C00,Điểm học bạ,2022,24.0,Ngôn ngữ Trung Quốc
139782,SPD,ngon-ngu-trung-quoc,D01,Điểm học bạ,2022,24.0,Ngôn ngữ Trung Quốc
139783,SPD,ngon-ngu-trung-quoc,D14,Điểm học bạ,2022,24.0,Ngôn ngữ Trung Quốc
139784,SPD,ngon-ngu-trung-quoc,D15,Điểm học bạ,2022,24.0,Ngôn ngữ Trung Quốc
139785,SPD,ngon-ngu-trung-quoc,C00,Điểm thi THPT,2022,16.0,Ngôn ngữ Trung Quốc
139786,SPD,ngon-ngu-trung-quoc,D01,Điểm thi THPT,2022,16.0,Ngôn ngữ Trung Quốc
139787,SPD,ngon-ngu-trung-quoc,D14,Điểm thi THPT,2022,16.0,Ngôn ngữ Trung Quốc
139788,SPD,ngon-ngu-trung-quoc,D15,Điểm thi THPT,2022,16.0,Ngôn ngữ Trung Quốc
139789,SPD,ngon-ngu-trung-quoc,C00,Điểm học bạ,2025,27.86,Ngôn ngữ Trung Quốc
139790,SPD,ngon-ngu-trung-quoc,C03,Điểm học bạ,2025,27.86,Ngôn ngữ Trung Quốc
139791,SPD,ngon-ngu-trung-quoc,C04,Điểm học bạ,2025,27.86,Ngôn ngữ Trung Quốc
139792,SPD,ngon-ngu-trung-quoc,D01,Điểm học bạ,2025,27.86,Ngôn ngữ Trung Quốc
139793,SPD,ngon-ngu-trung-quoc,D14,Điểm học bạ,2025,27.86,Ngôn ngữ Trung Quốc
139794,SPD,ngon-ngu-trung-quoc,D15,Điểm học bạ,2025,27.86,Ngôn ngữ Trung Quốc
139795,SPD,ngon-ngu-trung-quoc,C00,Điểm thi THPT,2025,23.93,Ngôn ngữ Trung Quốc
139796,SPD,ngon-ngu-trung-quoc,C03,Điểm thi THPT,2025,22.08,Ngôn ngữ Trung Quốc
139797,SPD,ngon-ngu-trung-quoc,C04,Điểm thi THPT,2025,22.19,Ngôn ngữ Trung Quốc
139798,SPD,ngon-ngu-trung-quoc,D01,Điểm thi THPT,2025,20.94,Ngôn ngữ Trung Quốc
139799,SPD,ngon-ngu-trung-quoc,D14,Điểm thi THPT,2025,22.68,Ngôn ngữ Trung Quốc
139800,SPD,ngon-ngu-trung-quoc,D15,Điểm thi THPT,2025,22.79,Ngôn ngữ Trung Quốc
139801,SPD,ngon-ngu-trung-quoc-ngon-ngu-trung-anh,C00,Điểm thi THPT,2024,23.7,Ngôn ngữ Trung Quốc - Ngôn ngữ Trung - Anh
139802,SPD,ngon-ngu-trung-quoc-ngon-ngu-trung-anh,D01,Điểm thi THPT,2024,23.7,Ngôn ngữ Trung Quốc - Ngôn ngữ Trung - Anh
139803,SPD,ngon-ngu-trung-quoc-ngon-ngu-trung-anh,D14,Điểm thi THPT,2024,23.7,Ngôn ngữ Trung Quốc - Ngôn ngữ Trung - Anh
139804,SPD,ngon-ngu-trung-quoc-ngon-ngu-trung-anh,D15,Điểm thi THPT,2024,23.7,Ngôn ngữ Trung Quốc - Ngôn ngữ Trung - Anh
139805,SPD,ngon-ngu-trung-quoc-ngon-ngu-trung-quoc-ngon-ngu-trung-anh,C00,Điểm học bạ,2023,25.0,Ngôn ngữ Trung Quốc - Ngôn ngữ Trung Quốc - Ngôn ngữ Trung - Anh
139806,SPD,ngon-ngu-trung-quoc-ngon-ngu-trung-quoc-ngon-ngu-trung-anh,D01,Điểm học bạ,2023,25.0,Ngôn ngữ Trung Quốc - Ngôn ngữ Trung Quốc - Ngôn ngữ Trung - Anh
139807,SPD,ngon-ngu-trung-quoc-ngon-ngu-trung-quoc-ngon-ngu-trung-anh,D14,Điểm học bạ,2023,25.0,Ngôn ngữ Trung Quốc - Ngôn ngữ Trung Quốc - Ngôn ngữ Trung - Anh
139808,SPD,ngon-ngu-trung-quoc-ngon-ngu-trung-quoc-ngon-ngu-trung-anh,D15,Điểm học bạ,2023,25.0,Ngôn ngữ Trung Quốc - Ngôn ngữ Trung Quốc - Ngôn ngữ Trung - Anh
139809,SPD,ngon-ngu-trung-quoc-ngon-ngu-trung-quoc-ngon-ngu-trung-anh,C00,Điểm thi THPT,2023,18.0,Ngôn ngữ Trung Quốc - Ngôn ngữ Trung Quốc - Ngôn ngữ Trung - Anh
139810,SPD,ngon-ngu-trung-quoc-ngon-ngu-trung-quoc-ngon-ngu-trung-anh,D01,Điểm thi THPT,2023,18.0,Ngôn ngữ Trung Quốc - Ngôn ngữ Trung Quốc - Ngôn ngữ Trung - Anh
139811,SPD,ngon-ngu-trung-quoc-ngon-ngu-trung-quoc-ngon-ngu-trung-anh,D14,Điểm thi THPT,2023,18.0,Ngôn ngữ Trung Quốc - Ngôn ngữ Trung Quốc - Ngôn ngữ Trung - Anh
139812,SPD,ngon-ngu-trung-quoc-ngon-ngu-trung-quoc-ngon-ngu-trung-anh,D15,Điểm thi THPT,2023,18.0,Ngôn ngữ Trung Quốc - Ngôn ngữ Trung Quốc - Ngôn ngữ Trung - Anh
139813,SPD,ngon-ngu-trung-quoc-ngon-ngu-trung-quoc-ngon-ngu-trung-anh,C00,Điểm học bạ,2024,25.9,Ngôn ngữ Trung Quốc - Ngôn ngữ Trung Quốc - Ngôn ngữ Trung - Anh
139814,SPD,ngon-ngu-trung-quoc-ngon-ngu-trung-quoc-ngon-ngu-trung-anh,D01,Điểm học bạ,2024,25.9,Ngôn ngữ Trung Quốc - Ngôn ngữ Trung Quốc - Ngôn ngữ Trung - Anh
139815,SPD,ngon-ngu-trung-quoc-ngon-ngu-trung-quoc-ngon-ngu-trung-anh,D14,Điểm học bạ,2024,25.9,Ngôn ngữ Trung Quốc - Ngôn ngữ Trung Quốc - Ngôn ngữ Trung - Anh
139816,SPD,ngon-ngu-trung-quoc-ngon-ngu-trung-quoc-ngon-ngu-trung-anh,D15,Điểm học bạ,2024,25.9,Ngôn ngữ Trung Quốc - Ngôn ngữ Trung Quốc - Ngôn ngữ Trung - Anh
139817,SPD,nong-hoc,A00,Điểm học bạ,2021,19.0,Nông học
139818,SPD,nong-hoc,B00,Điểm học bạ,2021,19.0,Nông học
139819,SPD,nong-hoc,D07,Điểm học bạ,2021,19.0,Nông học
139820,SPD,nong-hoc,D08,Điểm học bạ,2021,19.0,Nông học
139821,SPD,nong-hoc,A00,Điểm thi THPT,2021,15.0,Nông học
139822,SPD,nong-hoc,B00,Điểm thi THPT,2021,15.0,Nông học
139823,SPD,nong-hoc,D07,Điểm thi THPT,2021,15.0,Nông học
139824,SPD,nong-hoc,D08,Điểm thi THPT,2021,15.0,Nông học
139825,SPD,nong-hoc,A00,Điểm học bạ,2022,19.0,Nông học
139826,SPD,nong-hoc,B00,Điểm học bạ,2022,19.0,Nông học
139827,SPD,nong-hoc,D07,Điểm học bạ,2022,19.0,Nông học
139828,SPD,nong-hoc,D08,Điểm học bạ,2022,19.0,Nông học
139829,SPD,nong-hoc,A00,Điểm thi THPT,2022,15.0,Nông học
139830,SPD,nong-hoc,B00,Điểm thi THPT,2022,15.0,Nông học
139831,SPD,nong-hoc,D07,Điểm thi THPT,2022,15.0,Nông học
139832,SPD,nong-hoc,D08,Điểm thi THPT,2022,15.0,Nông học
139833,SPD,nong-hoc,A00,Điểm học bạ,2023,19.0,Nông học (Bảo vệ thực vật; Trồng trọt; Chăn nuôi thú y và thủy sản)
139834,SPD,nong-hoc,B00,Điểm học bạ,2023,19.0,Nông học (Bảo vệ thực vật; Trồng trọt; Chăn nuôi thú y và thủy sản)
139835,SPD,nong-hoc,D07,Điểm học bạ,2023,19.0,Nông học (Bảo vệ thực vật; Trồng trọt; Chăn nuôi thú y và thủy sản)
139836,SPD,nong-hoc,D08,Điểm học bạ,2023,19.0,Nông học (Bảo vệ thực vật; Trồng trọt; Chăn nuôi thú y và thủy sản)
139837,SPD,nong-hoc,A00,Điểm thi THPT,2023,15.0,Nông học (Bảo vệ thực vật; Trồng trọt; Chăn nuôi thú y và thủy sản)
139838,SPD,nong-hoc,B00,Điểm thi THPT,2023,15.0,Nông học (Bảo vệ thực vật; Trồng trọt; Chăn nuôi thú y và thủy sản)
139839,SPD,nong-hoc,D07,Điểm thi THPT,2023,15.0,Nông học (Bảo vệ thực vật; Trồng trọt; Chăn nuôi thú y và thủy sản)
139840,SPD,nong-hoc,D08,Điểm thi THPT,2023,15.0,Nông học (Bảo vệ thực vật; Trồng trọt; Chăn nuôi thú y và thủy sản)
139841,SPD,nong-hoc,A00,Điểm học bạ,2024,24.11,Nông học (Bảo vệ thực vật; Trồng trọt; Chăn nuôi thú y và thủy sản)
139842,SPD,nong-hoc,B00,Điểm học bạ,2024,24.11,Nông học (Bảo vệ thực vật; Trồng trọt; Chăn nuôi thú y và thủy sản)
139843,SPD,nong-hoc,D07,Điểm học bạ,2024,24.11,Nông học (Bảo vệ thực vật; Trồng trọt; Chăn nuôi thú y và thủy sản)
139844,SPD,nong-hoc,D08,Điểm học bạ,2024,24.11,Nông học (Bảo vệ thực vật; Trồng trọt; Chăn nuôi thú y và thủy sản)
139845,SPD,nong-hoc,A00,Điểm thi THPT,2024,15.0,Nông học (Bảo vệ thực vật; Trồng trọt; Chăn nuôi thú y và thủy sản)
139846,SPD,nong-hoc,B00,Điểm thi THPT,2024,15.0,Nông học (Bảo vệ thực vật; Trồng trọt; Chăn nuôi thú y và thủy sản)
139847,SPD,nong-hoc,D07,Điểm thi THPT,2024,15.0,Nông học (Bảo vệ thực vật; Trồng trọt; Chăn nuôi thú y và thủy sản)
139848,SPD,nong-hoc,D08,Điểm thi THPT,2024,15.0,Nông học (Bảo vệ thực vật; Trồng trọt; Chăn nuôi thú y và thủy sản)
139849,SPD,nong-hoc,A00,Điểm học bạ,2025,25.41,Nông học
139850,SPD,nong-hoc,B00,Điểm học bạ,2025,25.41,Nông học
139851,SPD,nong-hoc,B03,Điểm học bạ,2025,25.41,Nông học
139852,SPD,nong-hoc,C02,Điểm học bạ,2025,25.41,Nông học
139853,SPD,nong-hoc,D07,Điểm học bạ,2025,25.41,Nông học
139854,SPD,nong-hoc,D08,Điểm học bạ,2025,25.41,Nông học
139855,SPD,nong-hoc,A00,Điểm thi THPT,2025,19.11,Nông học
139856,SPD,nong-hoc,B00,Điểm thi THPT,2025,17.9,Nông học
139857,SPD,nong-hoc,B03,Điểm thi THPT,2025,18.84,Nông học
139858,SPD,nong-hoc,C02,Điểm thi THPT,2025,19.12,Nông học
139859,SPD,nong-hoc,D07,Điểm thi THPT,2025,17.5,Nông học
139860,SPD,nong-hoc,D08,Điểm thi THPT,2025,17.22,Nông học
139861,SPD,nuoi-trong-thuy-san,A00,Điểm học bạ,2021,19.0,Nuôi trồng thuỷ sản
139862,SPD,nuoi-trong-thuy-san,B00,Điểm học bạ,2021,19.0,Nuôi trồng thuỷ sản
139863,SPD,nuoi-trong-thuy-san,D07,Điểm học bạ,2021,19.0,Nuôi trồng thuỷ sản
139864,SPD,nuoi-trong-thuy-san,D08,Điểm học bạ,2021,19.0,Nuôi trồng thuỷ sản
139865,SPD,nuoi-trong-thuy-san,A00,Điểm thi THPT,2021,15.0,Nuôi trồng thuỷ sản
139866,SPD,nuoi-trong-thuy-san,B00,Điểm thi THPT,2021,15.0,Nuôi trồng thuỷ sản
139867,SPD,nuoi-trong-thuy-san,D07,Điểm thi THPT,2021,15.0,Nuôi trồng thuỷ sản
139868,SPD,nuoi-trong-thuy-san,D08,Điểm thi THPT,2021,15.0,Nuôi trồng thuỷ sản
139869,SPD,nuoi-trong-thuy-san,A00,Điểm học bạ,2022,19.0,Nuôi trồng thuỷ sản
139870,SPD,nuoi-trong-thuy-san,B00,Điểm học bạ,2022,19.0,Nuôi trồng thuỷ sản
139871,SPD,nuoi-trong-thuy-san,D07,Điểm học bạ,2022,19.0,Nuôi trồng thuỷ sản
139872,SPD,nuoi-trong-thuy-san,D08,Điểm học bạ,2022,19.0,Nuôi trồng thuỷ sản
139873,SPD,nuoi-trong-thuy-san,A00,Điểm thi THPT,2022,15.0,Nuôi trồng thuỷ sản
139874,SPD,nuoi-trong-thuy-san,B00,Điểm thi THPT,2022,15.0,Nuôi trồng thuỷ sản
139875,SPD,nuoi-trong-thuy-san,D07,Điểm thi THPT,2022,15.0,Nuôi trồng thuỷ sản
139876,SPD,nuoi-trong-thuy-san,D08,Điểm thi THPT,2022,15.0,Nuôi trồng thuỷ sản
139877,SPD,nuoi-trong-thuy-san,A00,Điểm học bạ,2023,19.0,Nuôi trồng thủy sàn
139878,SPD,nuoi-trong-thuy-san,B00,Điểm học bạ,2023,19.0,Nuôi trồng thủy sàn
139879,SPD,nuoi-trong-thuy-san,D07,Điểm học bạ,2023,19.0,Nuôi trồng thủy sàn
139880,SPD,nuoi-trong-thuy-san,D08,Điểm học bạ,2023,19.0,Nuôi trồng thủy sàn
139881,SPD,nuoi-trong-thuy-san,A00,Điểm thi THPT,2023,15.0,Nuôi trồng thủy sàn
139882,SPD,nuoi-trong-thuy-san,B00,Điểm thi THPT,2023,15.0,Nuôi trồng thủy sàn
139883,SPD,nuoi-trong-thuy-san,D07,Điểm thi THPT,2023,15.0,Nuôi trồng thủy sàn
139884,SPD,nuoi-trong-thuy-san,D08,Điểm thi THPT,2023,15.0,Nuôi trồng thủy sàn
139885,SPD,nuoi-trong-thuy-san,A00,Điểm học bạ,2024,21.0,Nuôi trồng thủy sản
139886,SPD,nuoi-trong-thuy-san,B00,Điểm học bạ,2024,21.0,Nuôi trồng thủy sản
139887,SPD,nuoi-trong-thuy-san,D07,Điểm học bạ,2024,21.0,Nuôi trồng thủy sản
139888,SPD,nuoi-trong-thuy-san,D08,Điểm học bạ,2024,21.0,Nuôi trồng thủy sản
139889,SPD,nuoi-trong-thuy-san,A00,Điểm thi THPT,2024,15.0,Nuôi trồng thủy sản
139890,SPD,nuoi-trong-thuy-san,B00,Điểm thi THPT,2024,15.0,Nuôi trồng thủy sản
139891,SPD,nuoi-trong-thuy-san,D07,Điểm thi THPT,2024,15.0,Nuôi trồng thủy sản
139892,SPD,nuoi-trong-thuy-san,D08,Điểm thi THPT,2024,15.0,Nuôi trồng thủy sản
139893,SPD,nuoi-trong-thuy-san,A00,Điểm học bạ,2025,23.39,Nuôi trồng thủy sản
139894,SPD,nuoi-trong-thuy-san,B00,Điểm học bạ,2025,23.39,Nuôi trồng thủy sản
139895,SPD,nuoi-trong-thuy-san,B03,Điểm học bạ,2025,23.39,Nuôi trồng thủy sản
139896,SPD,nuoi-trong-thuy-san,C02,Điểm học bạ,2025,23.39,Nuôi trồng thủy sản
139897,SPD,nuoi-trong-thuy-san,D07,Điểm học bạ,2025,23.39,Nuôi trồng thủy sản
139898,SPD,nuoi-trong-thuy-san,D08,Điểm học bạ,2025,23.39,Nuôi trồng thủy sản
139899,SPD,nuoi-trong-thuy-san,A00,Điểm thi THPT,2025,17.28,Nuôi trồng thủy sản
139900,SPD,nuoi-trong-thuy-san,B00,Điểm thi THPT,2025,16.07,Nuôi trồng thủy sản
139901,SPD,nuoi-trong-thuy-san,B03,Điểm thi THPT,2025,17.01,Nuôi trồng thủy sản
139902,SPD,nuoi-trong-thuy-san,C02,Điểm thi THPT,2025,17.29,Nuôi trồng thủy sản
139903,SPD,nuoi-trong-thuy-san,D07,Điểm thi THPT,2025,15.67,Nuôi trồng thủy sản
139904,SPD,nuoi-trong-thuy-san,D08,Điểm thi THPT,2025,15.39,Nuôi trồng thủy sản
139905,SPD,quan-ly-cong,A00,Điểm học bạ,2023,19.0,Quản lý công
139906,SPD,quan-ly-cong,A01,Điểm học bạ,2023,19.0,Quản lý công
139907,SPD,quan-ly-cong,C15,Điểm học bạ,2023,19.0,Quản lý công
139908,SPD,quan-ly-cong,D01,Điểm học bạ,2023,19.0,Quản lý công
139909,SPD,quan-ly-cong,A00,Điểm thi THPT,2023,15.0,Quản lý công
139910,SPD,quan-ly-cong,A01,Điểm thi THPT,2023,15.0,Quản lý công
139911,SPD,quan-ly-cong,C15,Điểm thi THPT,2023,15.0,Quản lý công
139912,SPD,quan-ly-cong,D01,Điểm thi THPT,2023,15.0,Quản lý công
139913,SPD,quan-ly-cong,A00,Điểm học bạ,2024,19.0,Quản lý công
139914,SPD,quan-ly-cong,A01,Điểm học bạ,2024,19.0,Quản lý công
139915,SPD,quan-ly-cong,C15,Điểm học bạ,2024,19.0,Quản lý công
139916,SPD,quan-ly-cong,D01,Điểm học bạ,2024,19.0,Quản lý công
139917,SPD,quan-ly-cong,A00,Điểm thi THPT,2024,19.6,Quản lý công
139918,SPD,quan-ly-cong,A01,Điểm thi THPT,2024,19.6,Quản lý công
139919,SPD,quan-ly-cong,C15,Điểm thi THPT,2024,19.6,Quản lý công
139920,SPD,quan-ly-cong,D01,Điểm thi THPT,2024,19.6,Quản lý công
139921,SPD,quan-ly-cong,A00,Điểm học bạ,2025,25.87,Quản lý công
139922,SPD,quan-ly-cong,A01,Điểm học bạ,2025,25.87,Quản lý công
139923,SPD,quan-ly-cong,C03,Điểm học bạ,2025,25.87,Quản lý công
139924,SPD,quan-ly-cong,C14,Điểm học bạ,2025,25.87,Quản lý công
139925,SPD,quan-ly-cong,D01,Điểm học bạ,2025,25.87,Quản lý công
139926,SPD,quan-ly-cong,X01,Điểm học bạ,2025,25.87,Quản lý công
139927,SPD,quan-ly-cong,A00,Điểm thi THPT,2025,18.86,Quản lý công
139928,SPD,quan-ly-cong,A01,Điểm thi THPT,2025,18.18,Quản lý công
139929,SPD,quan-ly-cong,C03,Điểm thi THPT,2025,19.33,Quản lý công
139930,SPD,quan-ly-cong,C14,Điểm thi THPT,2025,20.5,Quản lý công
139931,SPD,quan-ly-cong,D01,Điểm thi THPT,2025,18.19,Quản lý công
139932,SPD,quan-ly-cong,X01,Điểm thi THPT,2025,20.5,Quản lý công
139933,SPD,quan-ly-dat-dai,A00,Điểm học bạ,2021,19.0,Quản lý đất đai
139934,SPD,quan-ly-dat-dai,A01,Điểm học bạ,2021,19.0,Quản lý đất đai
139935,SPD,quan-ly-dat-dai,B00,Điểm học bạ,2021,19.0,Quản lý đất đai
139936,SPD,quan-ly-dat-dai,D07,Điểm học bạ,2021,19.0,Quản lý đất đai
139937,SPD,quan-ly-dat-dai,A00,Điểm thi THPT,2021,15.0,Quản lý đất đai
139938,SPD,quan-ly-dat-dai,A01,Điểm thi THPT,2021,15.0,Quản lý đất đai
139939,SPD,quan-ly-dat-dai,B00,Điểm thi THPT,2021,15.0,Quản lý đất đai
139940,SPD,quan-ly-dat-dai,D07,Điểm thi THPT,2021,15.0,Quản lý đất đai
139941,SPD,quan-ly-dat-dai,A00,Điểm học bạ,2022,19.0,Quản lý đất đai
139942,SPD,quan-ly-dat-dai,A01,Điểm học bạ,2022,19.0,Quản lý đất đai
139943,SPD,quan-ly-dat-dai,B00,Điểm học bạ,2022,19.0,Quản lý đất đai
139944,SPD,quan-ly-dat-dai,D07,Điểm học bạ,2022,19.0,Quản lý đất đai
139945,SPD,quan-ly-dat-dai,A00,Điểm thi THPT,2022,15.0,Quản lý đất đai
139946,SPD,quan-ly-dat-dai,A01,Điểm thi THPT,2022,15.0,Quản lý đất đai
139947,SPD,quan-ly-dat-dai,B00,Điểm thi THPT,2022,15.0,Quản lý đất đai
139948,SPD,quan-ly-dat-dai,D07,Điểm thi THPT,2022,15.0,Quản lý đất đai
139949,SPD,quan-ly-dat-dai,A00,Điểm học bạ,2023,19.0,Quản lý đất đai
139950,SPD,quan-ly-dat-dai,A01,Điểm học bạ,2023,19.0,Quản lý đất đai
139951,SPD,quan-ly-dat-dai,B00,Điểm học bạ,2023,19.0,Quản lý đất đai
139952,SPD,quan-ly-dat-dai,D07,Điểm học bạ,2023,19.0,Quản lý đất đai
139953,SPD,quan-ly-dat-dai,A00,Điểm thi THPT,2023,15.0,Quản lý đất đai
139954,SPD,quan-ly-dat-dai,A01,Điểm thi THPT,2023,15.0,Quản lý đất đai
139955,SPD,quan-ly-dat-dai,B00,Điểm thi THPT,2023,15.0,Quản lý đất đai
139956,SPD,quan-ly-dat-dai,D07,Điểm thi THPT,2023,15.0,Quản lý đất đai
139957,SPD,quan-ly-dat-dai,A00,Điểm học bạ,2024,24.1,Quản lý đất đai
139958,SPD,quan-ly-dat-dai,A01,Điểm học bạ,2024,24.1,Quản lý đất đai
139959,SPD,quan-ly-dat-dai,B00,Điểm học bạ,2024,24.1,Quản lý đất đai
139960,SPD,quan-ly-dat-dai,D07,Điểm học bạ,2024,24.1,Quản lý đất đai
139961,SPD,quan-ly-dat-dai,A00,Điểm thi THPT,2024,15.0,Quản lý đất đai
139962,SPD,quan-ly-dat-dai,A01,Điểm thi THPT,2024,15.0,Quản lý đất đai
139963,SPD,quan-ly-dat-dai,B00,Điểm thi THPT,2024,15.0,Quản lý đất đai
139964,SPD,quan-ly-dat-dai,D07,Điểm thi THPT,2024,15.0,Quản lý đất đai
139965,SPD,quan-ly-dat-dai,A00,Điểm học bạ,2025,23.24,Quản lý đất đai
139966,SPD,quan-ly-dat-dai,A01,Điểm học bạ,2025,23.24,Quản lý đất đai
139967,SPD,quan-ly-dat-dai,B00,Điểm học bạ,2025,23.24,Quản lý đất đai
139968,SPD,quan-ly-dat-dai,C01,Điểm học bạ,2025,23.24,Quản lý đất đai
139969,SPD,quan-ly-dat-dai,C02,Điểm học bạ,2025,23.24,Quản lý đất đai
139970,SPD,quan-ly-dat-dai,D07,Điểm học bạ,2025,23.24,Quản lý đất đai
139971,SPD,quan-ly-dat-dai,A00,Điểm thi THPT,2025,16.04,Quản lý đất đai
139972,SPD,quan-ly-dat-dai,A01,Điểm thi THPT,2025,15.36,Quản lý đất đai
139973,SPD,quan-ly-dat-dai,B00,Điểm thi THPT,2025,14.83,Quản lý đất đai
139974,SPD,quan-ly-dat-dai,C01,Điểm thi THPT,2025,16.98,Quản lý đất đai
139975,SPD,quan-ly-dat-dai,C02,Điểm thi THPT,2025,16.05,Quản lý đất đai
139976,SPD,quan-ly-dat-dai,D07,Điểm thi THPT,2025,14.43,Quản lý đất đai
139977,SPD,quan-ly-kinh-te,A00,Điểm học bạ,2025,24.62,Quản lý kinh tế
139978,SPD,quan-ly-kinh-te,A01,Điểm học bạ,2025,24.62,Quản lý kinh tế
139979,SPD,quan-ly-kinh-te,C14,Điểm học bạ,2025,24.62,Quản lý kinh tế
139980,SPD,quan-ly-kinh-te,D01,Điểm học bạ,2025,24.62,Quản lý kinh tế
139981,SPD,quan-ly-kinh-te,D10,Điểm học bạ,2025,24.62,Quản lý kinh tế
139982,SPD,quan-ly-kinh-te,X01,Điểm học bạ,2025,24.62,Quản lý kinh tế
139983,SPD,quan-ly-kinh-te,A00,Điểm thi THPT,2025,16.35,Quản lý kinh tế
139984,SPD,quan-ly-kinh-te,A01,Điểm thi THPT,2025,15.67,Quản lý kinh tế
139985,SPD,quan-ly-kinh-te,C14,Điểm thi THPT,2025,17.99,Quản lý kinh tế
139986,SPD,quan-ly-kinh-te,D01,Điểm thi THPT,2025,15.68,Quản lý kinh tế
139987,SPD,quan-ly-kinh-te,D10,Điểm thi THPT,2025,15.31,Quản lý kinh tế
139988,SPD,quan-ly-kinh-te,X01,Điểm thi THPT,2025,17.99,Quản lý kinh tế
139989,SPD,quan-ly-tai-nguyen-va-moi-truong,A00,Điểm học bạ,2023,19.0,Quản lý tài nguyên và môi trường
139990,SPD,quan-ly-tai-nguyen-va-moi-truong,B00,Điểm học bạ,2023,19.0,Quản lý tài nguyên và môi trường
139991,SPD,quan-ly-tai-nguyen-va-moi-truong,D07,Điểm học bạ,2023,19.0,Quản lý tài nguyên và môi trường
139992,SPD,quan-ly-tai-nguyen-va-moi-truong,D08,Điểm học bạ,2023,19.0,Quản lý tài nguyên và môi trường
139993,SPD,quan-ly-tai-nguyen-va-moi-truong,A00,Điểm thi THPT,2023,15.0,Quản lý tài nguyên và môi trường
139994,SPD,quan-ly-tai-nguyen-va-moi-truong,B00,Điểm thi THPT,2023,15.0,Quản lý tài nguyên và môi trường
139995,SPD,quan-ly-tai-nguyen-va-moi-truong,D07,Điểm thi THPT,2023,15.0,Quản lý tài nguyên và môi trường
139996,SPD,quan-ly-tai-nguyen-va-moi-truong,D08,Điểm thi THPT,2023,15.0,Quản lý tài nguyên và môi trường
139997,SPD,quan-ly-tai-nguyen-va-moi-truong,A00,Điểm học bạ,2024,22.45,Quản lý tài nguyên và môi trường
139998,SPD,quan-ly-tai-nguyen-va-moi-truong,B00,Điểm học bạ,2024,22.45,Quản lý tài nguyên và môi trường
139999,SPD,quan-ly-tai-nguyen-va-moi-truong,D07,Điểm học bạ,2024,22.45,Quản lý tài nguyên và môi trường
140000,SPD,quan-ly-tai-nguyen-va-moi-truong,D08,Điểm học bạ,2024,22.45,Quản lý tài nguyên và môi trường
140001,SPD,quan-ly-tai-nguyen-va-moi-truong,A00,Điểm thi THPT,2024,15.0,Quản lý tài nguyên và môi trường
140002,SPD,quan-ly-tai-nguyen-va-moi-truong,B00,Điểm thi THPT,2024,15.0,Quản lý tài nguyên và môi trường
140003,SPD,quan-ly-tai-nguyen-va-moi-truong,D07,Điểm thi THPT,2024,15.0,Quản lý tài nguyên và môi trường
140004,SPD,quan-ly-tai-nguyen-va-moi-truong,D08,Điểm thi THPT,2024,15.0,Quản lý tài nguyên và môi trường
140005,SPD,quan-ly-tai-nguyen-va-moi-truong,A00,Điểm học bạ,2025,23.04,Quản lý tài nguyên và môi trường
140006,SPD,quan-ly-tai-nguyen-va-moi-truong,B00,Điểm học bạ,2025,23.04,Quản lý tài nguyên và môi trường
140007,SPD,quan-ly-tai-nguyen-va-moi-truong,B03,Điểm học bạ,2025,23.04,Quản lý tài nguyên và môi trường
140008,SPD,quan-ly-tai-nguyen-va-moi-truong,C02,Điểm học bạ,2025,23.04,Quản lý tài nguyên và môi trường
140009,SPD,quan-ly-tai-nguyen-va-moi-truong,D07,Điểm học bạ,2025,23.04,Quản lý tài nguyên và môi trường
140010,SPD,quan-ly-tai-nguyen-va-moi-truong,D08,Điểm học bạ,2025,23.04,Quản lý tài nguyên và môi trường
140011,SPD,quan-ly-tai-nguyen-va-moi-truong,A00,Điểm thi THPT,2025,17.21,Quản lý tài nguyên và môi trường
140012,SPD,quan-ly-tai-nguyen-va-moi-truong,B00,Điểm thi THPT,2025,16.0,Quản lý tài nguyên và môi trường
140013,SPD,quan-ly-tai-nguyen-va-moi-truong,B03,Điểm thi THPT,2025,16.94,Quản lý tài nguyên và môi trường
140014,SPD,quan-ly-tai-nguyen-va-moi-truong,C02,Điểm thi THPT,2025,17.22,Quản lý tài nguyên và môi trường
140015,SPD,quan-ly-tai-nguyen-va-moi-truong,D07,Điểm thi THPT,2025,15.6,Quản lý tài nguyên và môi trường
140016,SPD,quan-ly-tai-nguyen-va-moi-truong,D08,Điểm thi THPT,2025,15.32,Quản lý tài nguyên và môi trường
140017,SPD,quan-ly-van-hoa,C00,Điểm học bạ,2021,19.0,Quản lý văn hoá
140018,SPD,quan-ly-van-hoa,C19,Điểm học bạ,2021,19.0,Quản lý văn hoá
140019,SPD,quan-ly-van-hoa,C20,Điểm học bạ,2021,19.0,Quản lý văn hoá
140020,SPD,quan-ly-van-hoa,D14,Điểm học bạ,2021,19.0,Quản lý văn hoá
140021,SPD,quan-ly-van-hoa,C00,Điểm thi THPT,2021,15.0,Quản lý văn hoá
140022,SPD,quan-ly-van-hoa,C19,Điểm thi THPT,2021,15.0,Quản lý văn hoá
140023,SPD,quan-ly-van-hoa,C20,Điểm thi THPT,2021,15.0,Quản lý văn hoá
140024,SPD,quan-ly-van-hoa,D14,Điểm thi THPT,2021,15.0,Quản lý văn hoá
140025,SPD,quan-ly-van-hoa,C00,Điểm học bạ,2022,19.0,Quản lý văn hoá
140026,SPD,quan-ly-van-hoa,C19,Điểm học bạ,2022,19.0,Quản lý văn hoá
140027,SPD,quan-ly-van-hoa,C20,Điểm học bạ,2022,19.0,Quản lý văn hoá
140028,SPD,quan-ly-van-hoa,D14,Điểm học bạ,2022,19.0,Quản lý văn hoá
140029,SPD,quan-ly-van-hoa,C00,Điểm thi THPT,2022,15.0,Quản lý văn hoá
140030,SPD,quan-ly-van-hoa,C19,Điểm thi THPT,2022,15.0,Quản lý văn hoá
140031,SPD,quan-ly-van-hoa,C20,Điểm thi THPT,2022,15.0,Quản lý văn hoá
140032,SPD,quan-ly-van-hoa,D14,Điểm thi THPT,2022,15.0,Quản lý văn hoá
140033,SPD,quan-ly-van-hoa,C00,Điểm học bạ,2023,19.0,Quản lý văn hóa (Sự kiện và truyền thông)
140034,SPD,quan-ly-van-hoa,C19,Điểm học bạ,2023,19.0,Quản lý văn hóa (Sự kiện và truyền thông)
140035,SPD,quan-ly-van-hoa,C20,Điểm học bạ,2023,19.0,Quản lý văn hóa (Sự kiện và truyền thông)
140036,SPD,quan-ly-van-hoa,D14,Điểm học bạ,2023,19.0,Quản lý văn hóa (Sự kiện và truyền thông)
140037,SPD,quan-ly-van-hoa,C00,Điểm thi THPT,2023,15.0,Quản lý văn hóa (Sự kiện và truyền thông)
140038,SPD,quan-ly-van-hoa,C19,Điểm thi THPT,2023,15.0,Quản lý văn hóa (Sự kiện và truyền thông)
140039,SPD,quan-ly-van-hoa,C20,Điểm thi THPT,2023,15.0,Quản lý văn hóa (Sự kiện và truyền thông)
140040,SPD,quan-ly-van-hoa,D14,Điểm thi THPT,2023,15.0,Quản lý văn hóa (Sự kiện và truyền thông)
140041,SPD,quan-ly-van-hoa,C00,Điểm học bạ,2024,23.8,Quản lý văn hóa (Sự kiện và truyền thông)
140042,SPD,quan-ly-van-hoa,C19,Điểm học bạ,2024,23.8,Quản lý văn hóa (Sự kiện và truyền thông)
140043,SPD,quan-ly-van-hoa,C20,Điểm học bạ,2024,23.8,Quản lý văn hóa (Sự kiện và truyền thông)
140044,SPD,quan-ly-van-hoa,D14,Điểm học bạ,2024,23.8,Quản lý văn hóa (Sự kiện và truyền thông)
140045,SPD,quan-ly-van-hoa,C00,Điểm thi THPT,2024,23.48,Quản lý văn hóa (Sự kiện và truyền thông)
140046,SPD,quan-ly-van-hoa,C19,Điểm thi THPT,2024,23.48,Quản lý văn hóa (Sự kiện và truyền thông)
140047,SPD,quan-ly-van-hoa,C20,Điểm thi THPT,2024,23.48,Quản lý văn hóa (Sự kiện và truyền thông)
140048,SPD,quan-ly-van-hoa,D14,Điểm thi THPT,2024,23.48,Quản lý văn hóa (Sự kiện và truyền thông)
140049,SPD,quan-ly-van-hoa,C00,Điểm học bạ,2025,27.82,Quản lý văn hóa
140050,SPD,quan-ly-van-hoa,C03,Điểm học bạ,2025,27.82,Quản lý văn hóa
140051,SPD,quan-ly-van-hoa,C04,Điểm học bạ,2025,27.82,Quản lý văn hóa
140052,SPD,quan-ly-van-hoa,C19,Điểm học bạ,2025,27.82,Quản lý văn hóa
140053,SPD,quan-ly-van-hoa,C20,Điểm học bạ,2025,27.82,Quản lý văn hóa
140054,SPD,quan-ly-van-hoa,D14,Điểm học bạ,2025,27.82,Quản lý văn hóa
140055,SPD,quan-ly-van-hoa,X70,Điểm học bạ,2025,27.82,Quản lý văn hóa
140056,SPD,quan-ly-van-hoa,X74,Điểm học bạ,2025,27.82,Quản lý văn hóa
140057,SPD,quan-ly-van-hoa,C00,Điểm thi THPT,2025,23.82,Quản lý văn hóa
140058,SPD,quan-ly-van-hoa,C03,Điểm thi THPT,2025,21.97,Quản lý văn hóa
140059,SPD,quan-ly-van-hoa,C04,Điểm thi THPT,2025,22.08,Quản lý văn hóa
140060,SPD,quan-ly-van-hoa,C19,Điểm thi THPT,2025,24.88,Quản lý văn hóa
140061,SPD,quan-ly-van-hoa,C20,Điểm thi THPT,2025,24.99,Quản lý văn hóa
140062,SPD,quan-ly-van-hoa,D14,Điểm thi THPT,2025,22.57,Quản lý văn hóa
140063,SPD,quan-ly-van-hoa,X70,Điểm thi THPT,2025,24.88,Quản lý văn hóa
140064,SPD,quan-ly-van-hoa,X74,Điểm thi THPT,2025,24.99,Quản lý văn hóa
140065,SPD,quan-tri-kinh-doanh,A00,Điểm học bạ,2021,20.0,Quản trị kinh doanh
140066,SPD,quan-tri-kinh-doanh,A01,Điểm học bạ,2021,20.0,Quản trị kinh doanh
140067,SPD,quan-tri-kinh-doanh,D01,Điểm học bạ,2021,20.0,Quản trị kinh doanh
140068,SPD,quan-tri-kinh-doanh,D10,Điểm học bạ,2021,20.0,Quản trị kinh doanh
140069,SPD,quan-tri-kinh-doanh,A00,Điểm thi THPT,2021,19.0,Quản trị kinh doanh
140070,SPD,quan-tri-kinh-doanh,A01,Điểm thi THPT,2021,19.0,Quản trị kinh doanh
140071,SPD,quan-tri-kinh-doanh,D01,Điểm thi THPT,2021,19.0,Quản trị kinh doanh
140072,SPD,quan-tri-kinh-doanh,D10,Điểm thi THPT,2021,19.0,Quản trị kinh doanh
140073,SPD,quan-tri-kinh-doanh,A00,Điểm học bạ,2022,24.0,Quản trị kinh doanh
140074,SPD,quan-tri-kinh-doanh,A01,Điểm học bạ,2022,24.0,Quản trị kinh doanh
140075,SPD,quan-tri-kinh-doanh,D01,Điểm học bạ,2022,24.0,Quản trị kinh doanh
140076,SPD,quan-tri-kinh-doanh,D10,Điểm học bạ,2022,24.0,Quản trị kinh doanh
140077,SPD,quan-tri-kinh-doanh,A00,Điểm thi THPT,2022,15.5,Quản trị kinh doanh
140078,SPD,quan-tri-kinh-doanh,A01,Điểm thi THPT,2022,15.5,Quản trị kinh doanh
140079,SPD,quan-tri-kinh-doanh,D01,Điểm thi THPT,2022,15.5,Quản trị kinh doanh
140080,SPD,quan-tri-kinh-doanh,D10,Điểm thi THPT,2022,15.5,Quản trị kinh doanh
140081,SPD,quan-tri-kinh-doanh,A00,Điểm học bạ,2023,19.0,Quản trị kinh doanh
140082,SPD,quan-tri-kinh-doanh,A01,Điểm học bạ,2023,19.0,Quản trị kinh doanh
140083,SPD,quan-tri-kinh-doanh,D01,Điểm học bạ,2023,19.0,Quản trị kinh doanh
140084,SPD,quan-tri-kinh-doanh,D10,Điểm học bạ,2023,19.0,Quản trị kinh doanh
140085,SPD,quan-tri-kinh-doanh,A00,Điểm thi THPT,2023,15.0,Quản trị kinh doanh
140086,SPD,quan-tri-kinh-doanh,A01,Điểm thi THPT,2023,15.0,Quản trị kinh doanh
140087,SPD,quan-tri-kinh-doanh,D01,Điểm thi THPT,2023,15.0,Quản trị kinh doanh
140088,SPD,quan-tri-kinh-doanh,D10,Điểm thi THPT,2023,15.0,Quản trị kinh doanh
140089,SPD,quan-tri-kinh-doanh,A00,Điểm học bạ,2024,24.13,Quản trị kinh doanh
140090,SPD,quan-tri-kinh-doanh,A01,Điểm học bạ,2024,24.13,Quản trị kinh doanh
140091,SPD,quan-tri-kinh-doanh,D01,Điểm học bạ,2024,24.13,Quản trị kinh doanh
140092,SPD,quan-tri-kinh-doanh,D10,Điểm học bạ,2024,24.13,Quản trị kinh doanh
140093,SPD,quan-tri-kinh-doanh,A00,Điểm thi THPT,2024,16.5,Quản trị kinh doanh
140094,SPD,quan-tri-kinh-doanh,A01,Điểm thi THPT,2024,16.5,Quản trị kinh doanh
140095,SPD,quan-tri-kinh-doanh,D01,Điểm thi THPT,2024,16.5,Quản trị kinh doanh
140096,SPD,quan-tri-kinh-doanh,D10,Điểm thi THPT,2024,16.5,Quản trị kinh doanh
140097,SPD,quan-tri-kinh-doanh,A00,Điểm học bạ,2025,25.51,Quản trị kinh doanh
140098,SPD,quan-tri-kinh-doanh,A01,Điểm học bạ,2025,25.51,Quản trị kinh doanh
140099,SPD,quan-tri-kinh-doanh,C14,Điểm học bạ,2025,25.51,Quản trị kinh doanh
140100,SPD,quan-tri-kinh-doanh,D01,Điểm học bạ,2025,25.51,Quản trị kinh doanh
140101,SPD,quan-tri-kinh-doanh,D10,Điểm học bạ,2025,25.51,Quản trị kinh doanh
140102,SPD,quan-tri-kinh-doanh,X01,Điểm học bạ,2025,25.51,Quản trị kinh doanh
140103,SPD,quan-tri-kinh-doanh,A00,Điểm thi THPT,2025,18.12,Quản trị kinh doanh
140104,SPD,quan-tri-kinh-doanh,A01,Điểm thi THPT,2025,17.44,Quản trị kinh doanh
140105,SPD,quan-tri-kinh-doanh,C14,Điểm thi THPT,2025,19.76,Quản trị kinh doanh
140106,SPD,quan-tri-kinh-doanh,D01,Điểm thi THPT,2025,17.45,Quản trị kinh doanh
140107,SPD,quan-tri-kinh-doanh,D10,Điểm thi THPT,2025,17.08,Quản trị kinh doanh
140108,SPD,quan-tri-kinh-doanh,X01,Điểm thi THPT,2025,19.76,Quản trị kinh doanh
140109,SPD,su-pham-am-nhac,N00,Điểm học bạ,2021,22.0,Sư phạm âm nhạc
140110,SPD,su-pham-am-nhac,N01,Điểm học bạ,2021,22.0,Sư phạm âm nhạc
140111,SPD,su-pham-am-nhac,N00,Điểm thi THPT,2021,19.0,Sư phạm âm nhạc
140112,SPD,su-pham-am-nhac,N01,Điểm thi THPT,2021,19.0,Sư phạm âm nhạc
140113,SPD,su-pham-am-nhac,N00,Điểm học bạ,2022,22.0,Sư phạm âm nhạc
140114,SPD,su-pham-am-nhac,N01,Điểm học bạ,2022,22.0,Sư phạm âm nhạc
140115,SPD,su-pham-am-nhac,N00,Điểm thi THPT,2022,18.0,Sư phạm âm nhạc
140116,SPD,su-pham-am-nhac,N01,Điểm thi THPT,2022,18.0,Sư phạm âm nhạc
140117,SPD,su-pham-am-nhac,N00,Điểm học bạ,2023,24.96,Sư phạm Âm nhạc
140118,SPD,su-pham-am-nhac,N01,Điểm học bạ,2023,24.96,Sư phạm Âm nhạc
140119,SPD,su-pham-am-nhac,N00,Điểm thi THPT,2023,18.0,Sư phạm Âm nhạc
140120,SPD,su-pham-am-nhac,N01,Điểm thi THPT,2023,18.0,Sư phạm Âm nhạc
140121,SPD,su-pham-am-nhac,N00,Điểm học bạ,2024,25.65,Sư phạm Âm nhạc
140122,SPD,su-pham-am-nhac,N01,Điểm học bạ,2024,25.65,Sư phạm Âm nhạc
140123,SPD,su-pham-am-nhac,N00,Điểm thi THPT,2024,25.3,Sư phạm Âm nhạc
140124,SPD,su-pham-am-nhac,N01,Điểm thi THPT,2024,25.3,Sư phạm Âm nhạc
140125,SPD,su-pham-am-nhac,N00,Điểm học bạ,2025,28.5,Sư phạm Âm nhạc
140126,SPD,su-pham-am-nhac,N01,Điểm học bạ,2025,28.5,Sư phạm Âm nhạc
140127,SPD,su-pham-am-nhac,N00,Điểm thi THPT,2025,25.9,Sư phạm Âm nhạc
140128,SPD,su-pham-am-nhac,N01,Điểm thi THPT,2025,23.68,Sư phạm Âm nhạc
140129,SPD,su-pham-cong-nghe,A00,Điểm học bạ,2021,24.0,Sư phạm công nghệ
140130,SPD,su-pham-cong-nghe,A01,Điểm học bạ,2021,24.0,Sư phạm công nghệ
140131,SPD,su-pham-cong-nghe,A02,Điểm học bạ,2021,24.0,Sư phạm công nghệ
140132,SPD,su-pham-cong-nghe,A04,Điểm học bạ,2021,24.0,Sư phạm công nghệ
140133,SPD,su-pham-cong-nghe,A00,Điểm thi THPT,2021,19.0,Sư phạm công nghệ
140134,SPD,su-pham-cong-nghe,A01,Điểm thi THPT,2021,19.0,Sư phạm công nghệ
140135,SPD,su-pham-cong-nghe,A02,Điểm thi THPT,2021,19.0,Sư phạm công nghệ
140136,SPD,su-pham-cong-nghe,A04,Điểm thi THPT,2021,19.0,Sư phạm công nghệ
140137,SPD,su-pham-cong-nghe,A00,Điểm học bạ,2022,24.0,Sư phạm công nghệ
140138,SPD,su-pham-cong-nghe,A01,Điểm học bạ,2022,24.0,Sư phạm công nghệ
140139,SPD,su-pham-cong-nghe,A02,Điểm học bạ,2022,24.0,Sư phạm công nghệ
140140,SPD,su-pham-cong-nghe,A04,Điểm học bạ,2022,24.0,Sư phạm công nghệ
140141,SPD,su-pham-cong-nghe,A00,Điểm thi THPT,2022,19.0,Sư phạm công nghệ
140142,SPD,su-pham-cong-nghe,A01,Điểm thi THPT,2022,19.0,Sư phạm công nghệ
140143,SPD,su-pham-cong-nghe,A02,Điểm thi THPT,2022,19.0,Sư phạm công nghệ
140144,SPD,su-pham-cong-nghe,A04,Điểm thi THPT,2022,19.0,Sư phạm công nghệ
140145,SPD,su-pham-cong-nghe,A00,Điểm học bạ,2023,25.0,Sư phạm Công nghệ
140146,SPD,su-pham-cong-nghe,A01,Điểm học bạ,2023,25.0,Sư phạm Công nghệ
140147,SPD,su-pham-cong-nghe,A02,Điểm học bạ,2023,25.0,Sư phạm Công nghệ
140148,SPD,su-pham-cong-nghe,A04,Điểm học bạ,2023,25.0,Sư phạm Công nghệ
140149,SPD,su-pham-cong-nghe,D90,Điểm học bạ,2023,25.0,Sư phạm Công nghệ
140150,SPD,su-pham-cong-nghe,A00,Điểm thi THPT,2023,19.0,Sư phạm Công nghệ
140151,SPD,su-pham-cong-nghe,A01,Điểm thi THPT,2023,19.0,Sư phạm Công nghệ
140152,SPD,su-pham-cong-nghe,A02,Điểm thi THPT,2023,19.0,Sư phạm Công nghệ
140153,SPD,su-pham-cong-nghe,A04,Điểm thi THPT,2023,19.0,Sư phạm Công nghệ
140154,SPD,su-pham-cong-nghe,D90,Điểm thi THPT,2023,19.0,Sư phạm Công nghệ
140155,SPD,su-pham-cong-nghe,A00,Điểm học bạ,2024,27.1,Sư phạm Công nghệ
140156,SPD,su-pham-cong-nghe,A01,Điểm học bạ,2024,27.1,Sư phạm Công nghệ
140157,SPD,su-pham-cong-nghe,A02,Điểm học bạ,2024,27.1,Sư phạm Công nghệ
140158,SPD,su-pham-cong-nghe,A04,Điểm học bạ,2024,27.1,Sư phạm Công nghệ
140159,SPD,su-pham-cong-nghe,A00,Điểm thi THPT,2024,24.1,Sư phạm Công nghệ
140160,SPD,su-pham-cong-nghe,A01,Điểm thi THPT,2024,24.1,Sư phạm Công nghệ
140161,SPD,su-pham-cong-nghe,A02,Điểm thi THPT,2024,24.1,Sư phạm Công nghệ
140162,SPD,su-pham-cong-nghe,D90,Điểm thi THPT,2024,24.1,Sư phạm Công nghệ
140163,SPD,su-pham-cong-nghe,A00,Điểm học bạ,2025,28.22,Sư phạm Công nghệ
140164,SPD,su-pham-cong-nghe,A01,Điểm học bạ,2025,28.22,Sư phạm Công nghệ
140165,SPD,su-pham-cong-nghe,A02,Điểm học bạ,2025,28.22,Sư phạm Công nghệ
140166,SPD,su-pham-cong-nghe,X03,Điểm học bạ,2025,28.22,Sư phạm Công nghệ
140167,SPD,su-pham-cong-nghe,X04,Điểm học bạ,2025,28.22,Sư phạm Công nghệ
140168,SPD,su-pham-cong-nghe,X07,Điểm học bạ,2025,28.22,Sư phạm Công nghệ
140169,SPD,su-pham-cong-nghe,X08,Điểm học bạ,2025,28.22,Sư phạm Công nghệ
140170,SPD,su-pham-cong-nghe,X27,Điểm học bạ,2025,28.22,Sư phạm Công nghệ
140171,SPD,su-pham-cong-nghe,X28,Điểm học bạ,2025,28.22,Sư phạm Công nghệ
140172,SPD,su-pham-cong-nghe,A00,Điểm thi THPT,2025,24.95,Sư phạm Công nghệ
140173,SPD,su-pham-cong-nghe,A01,Điểm thi THPT,2025,24.27,Sư phạm Công nghệ
140174,SPD,su-pham-cong-nghe,A02,Điểm thi THPT,2025,24.67,Sư phạm Công nghệ
140175,SPD,su-pham-cong-nghe,X03,Điểm thi THPT,2025,24.69,Sư phạm Công nghệ
140176,SPD,su-pham-cong-nghe,X04,Điểm thi THPT,2025,26.62,Sư phạm Công nghệ
140177,SPD,su-pham-cong-nghe,X07,Điểm thi THPT,2025,24.68,Sư phạm Công nghệ
140178,SPD,su-pham-cong-nghe,X08,Điểm thi THPT,2025,26.61,Sư phạm Công nghệ
140179,SPD,su-pham-cong-nghe,X27,Điểm thi THPT,2025,23.07,Sư phạm Công nghệ
140180,SPD,su-pham-cong-nghe,X28,Điểm thi THPT,2025,25.0,Sư phạm Công nghệ
140181,SPD,su-pham-dia-ly,A07,Điểm học bạ,2021,24.0,Sư phạm địa lý
140182,SPD,su-pham-dia-ly,C00,Điểm học bạ,2021,24.0,Sư phạm địa lý
140183,SPD,su-pham-dia-ly,C04,Điểm học bạ,2021,24.0,Sư phạm địa lý
140184,SPD,su-pham-dia-ly,D10,Điểm học bạ,2021,24.0,Sư phạm địa lý
140185,SPD,su-pham-dia-ly,A07,Điểm thi THPT,2021,19.0,Sư phạm địa lý
140186,SPD,su-pham-dia-ly,C00,Điểm thi THPT,2021,19.0,Sư phạm địa lý
140187,SPD,su-pham-dia-ly,C04,Điểm thi THPT,2021,19.0,Sư phạm địa lý
140188,SPD,su-pham-dia-ly,D10,Điểm thi THPT,2021,19.0,Sư phạm địa lý
140189,SPD,su-pham-dia-ly,A07,Điểm học bạ,2022,28.0,Sư phạm địa lý
140190,SPD,su-pham-dia-ly,C00,Điểm học bạ,2022,28.0,Sư phạm địa lý
140191,SPD,su-pham-dia-ly,C04,Điểm học bạ,2022,28.0,Sư phạm địa lý
140192,SPD,su-pham-dia-ly,D10,Điểm học bạ,2022,28.0,Sư phạm địa lý
140193,SPD,su-pham-dia-ly,A07,Điểm thi THPT,2022,25.0,Sư phạm địa lý
140194,SPD,su-pham-dia-ly,C00,Điểm thi THPT,2022,25.0,Sư phạm địa lý
140195,SPD,su-pham-dia-ly,C04,Điểm thi THPT,2022,25.0,Sư phạm địa lý
140196,SPD,su-pham-dia-ly,D10,Điểm thi THPT,2022,25.0,Sư phạm địa lý
140197,SPD,su-pham-dia-ly,A07,Điểm thi THPT,2023,25.57,Sư phạm Địa lý
140198,SPD,su-pham-dia-ly,C00,Điểm thi THPT,2023,25.57,Sư phạm Địa lý
140199,SPD,su-pham-dia-ly,C04,Điểm thi THPT,2023,25.57,Sư phạm Địa lý
140200,SPD,su-pham-dia-ly,D10,Điểm thi THPT,2023,25.57,Sư phạm Địa lý
140201,SPD,su-pham-dia-ly,A07,Điểm học bạ,2024,28.6,Sư phạm Địa lý
140202,SPD,su-pham-dia-ly,C00,Điểm học bạ,2024,28.6,Sư phạm Địa lý
140203,SPD,su-pham-dia-ly,C04,Điểm học bạ,2024,28.6,Sư phạm Địa lý
140204,SPD,su-pham-dia-ly,D10,Điểm học bạ,2024,28.6,Sư phạm Địa lý
140205,SPD,su-pham-dia-ly,A07,Điểm thi THPT,2024,27.43,Sư phạm Địa lý
140206,SPD,su-pham-dia-ly,C00,Điểm thi THPT,2024,27.43,Sư phạm Địa lý
140207,SPD,su-pham-dia-ly,C04,Điểm thi THPT,2024,27.43,Sư phạm Địa lý
140208,SPD,su-pham-dia-ly,D10,Điểm thi THPT,2024,27.43,Sư phạm Địa lý
140209,SPD,su-pham-dia-ly,A07,Điểm học bạ,2025,29.08,Sư phạm Địa lý
140210,SPD,su-pham-dia-ly,C00,Điểm học bạ,2025,29.08,Sư phạm Địa lý
140211,SPD,su-pham-dia-ly,C04,Điểm học bạ,2025,29.08,Sư phạm Địa lý
140212,SPD,su-pham-dia-ly,C20,Điểm học bạ,2025,29.08,Sư phạm Địa lý
140213,SPD,su-pham-dia-ly,D10,Điểm học bạ,2025,29.08,Sư phạm Địa lý
140214,SPD,su-pham-dia-ly,D15,Điểm học bạ,2025,29.08,Sư phạm Địa lý
140215,SPD,su-pham-dia-ly,X74,Điểm học bạ,2025,29.08,Sư phạm Địa lý
140216,SPD,su-pham-dia-ly,A07,Điểm thi THPT,2025,25.36,Sư phạm Địa lý
140217,SPD,su-pham-dia-ly,C00,Điểm thi THPT,2025,27.58,Sư phạm Địa lý
140218,SPD,su-pham-dia-ly,C04,Điểm thi THPT,2025,25.84,Sư phạm Địa lý
140219,SPD,su-pham-dia-ly,C20,Điểm thi THPT,2025,28.75,Sư phạm Địa lý
140220,SPD,su-pham-dia-ly,D10,Điểm thi THPT,2025,24.22,Sư phạm Địa lý
140221,SPD,su-pham-dia-ly,D15,Điểm thi THPT,2025,26.44,Sư phạm Địa lý
140222,SPD,su-pham-dia-ly,X74,Điểm thi THPT,2025,28.75,Sư phạm Địa lý
140223,SPD,su-pham-hoa-hoc,A00,Điểm học bạ,2021,24.0,Sư phạm hoá học
140224,SPD,su-pham-hoa-hoc,A06,Điểm học bạ,2021,24.0,Sư phạm hoá học
140225,SPD,su-pham-hoa-hoc,B00,Điểm học bạ,2021,24.0,Sư phạm hoá học
140226,SPD,su-pham-hoa-hoc,D07,Điểm học bạ,2021,24.0,Sư phạm hoá học
140227,SPD,su-pham-hoa-hoc,A00,Điểm thi THPT,2021,23.0,Sư phạm hoá học
140228,SPD,su-pham-hoa-hoc,A06,Điểm thi THPT,2021,23.0,Sư phạm hoá học
140229,SPD,su-pham-hoa-hoc,B00,Điểm thi THPT,2021,23.0,Sư phạm hoá học
140230,SPD,su-pham-hoa-hoc,D07,Điểm thi THPT,2021,23.0,Sư phạm hoá học
140231,SPD,su-pham-hoa-hoc,A00,Điểm học bạ,2022,29.0,Sư phạm hoá học
140232,SPD,su-pham-hoa-hoc,A06,Điểm học bạ,2022,29.0,Sư phạm hoá học
140233,SPD,su-pham-hoa-hoc,B00,Điểm học bạ,2022,29.0,Sư phạm hoá học
140234,SPD,su-pham-hoa-hoc,D07,Điểm học bạ,2022,29.0,Sư phạm hoá học
140235,SPD,su-pham-hoa-hoc,A00,Điểm thi THPT,2022,23.95,Sư phạm hoá học
140236,SPD,su-pham-hoa-hoc,A06,Điểm thi THPT,2022,23.95,Sư phạm hoá học
140237,SPD,su-pham-hoa-hoc,B00,Điểm thi THPT,2022,23.95,Sư phạm hoá học
140238,SPD,su-pham-hoa-hoc,D07,Điểm thi THPT,2022,23.95,Sư phạm hoá học
140239,SPD,su-pham-hoa-hoc,A00,Điểm thi THPT,2023,24.45,Sư phạm Hóa học
140240,SPD,su-pham-hoa-hoc,A06,Điểm thi THPT,2023,24.45,Sư phạm Hóa học
140241,SPD,su-pham-hoa-hoc,B00,Điểm thi THPT,2023,24.45,Sư phạm Hóa học
140242,SPD,su-pham-hoa-hoc,D07,Điểm thi THPT,2023,24.45,Sư phạm Hóa học
140243,SPD,su-pham-hoa-hoc,D90,Điểm thi THPT,2023,24.45,Sư phạm Hóa học
140244,SPD,su-pham-hoa-hoc,A00,Điểm học bạ,2024,29.36,Sư phạm Hóa học
140245,SPD,su-pham-hoa-hoc,A06,Điểm học bạ,2024,29.36,Sư phạm Hóa học
140246,SPD,su-pham-hoa-hoc,B00,Điểm học bạ,2024,29.36,Sư phạm Hóa học
140247,SPD,su-pham-hoa-hoc,D07,Điểm học bạ,2024,29.36,Sư phạm Hóa học
140248,SPD,su-pham-hoa-hoc,A00,Điểm thi THPT,2024,25.94,Sư phạm Hóa học
140249,SPD,su-pham-hoa-hoc,B00,Điểm thi THPT,2024,25.94,Sư phạm Hóa học
140250,SPD,su-pham-hoa-hoc,D07,Điểm thi THPT,2024,25.94,Sư phạm Hóa học
140251,SPD,su-pham-hoa-hoc,D90,Điểm thi THPT,2024,25.94,Sư phạm Hóa học
140252,SPD,su-pham-hoa-hoc,A00,Điểm học bạ,2025,29.39,Sư phạm Hóa học
140253,SPD,su-pham-hoa-hoc,B00,Điểm học bạ,2025,29.39,Sư phạm Hóa học
140254,SPD,su-pham-hoa-hoc,C02,Điểm học bạ,2025,29.39,Sư phạm Hóa học
140255,SPD,su-pham-hoa-hoc,D07,Điểm học bạ,2025,29.39,Sư phạm Hóa học
140256,SPD,su-pham-hoa-hoc,X10,Điểm học bạ,2025,29.39,Sư phạm Hóa học
140257,SPD,su-pham-hoa-hoc,X11,Điểm học bạ,2025,29.39,Sư phạm Hóa học
140258,SPD,su-pham-hoa-hoc,A00,Điểm thi THPT,2025,29.61,Sư phạm Hóa học
140259,SPD,su-pham-hoa-hoc,B00,Điểm thi THPT,2025,28.4,Sư phạm Hóa học
140260,SPD,su-pham-hoa-hoc,C02,Điểm thi THPT,2025,29.62,Sư phạm Hóa học
140261,SPD,su-pham-hoa-hoc,D07,Điểm thi THPT,2025,28.0,Sư phạm Hóa học
140262,SPD,su-pham-hoa-hoc,X10,Điểm thi THPT,2025,29.4,Sư phạm Hóa học
140263,SPD,su-pham-hoa-hoc,X11,Điểm thi THPT,2025,28.41,Sư phạm Hóa học
140264,SPD,su-pham-khoa-hoc-tu-nhien,A00,Điểm học bạ,2022,24.0,Sư phạm khoa học tự nhiên
140265,SPD,su-pham-khoa-hoc-tu-nhien,A02,Điểm học bạ,2022,24.0,Sư phạm khoa học tự nhiên
140266,SPD,su-pham-khoa-hoc-tu-nhien,B00,Điểm học bạ,2022,24.0,Sư phạm khoa học tự nhiên
140267,SPD,su-pham-khoa-hoc-tu-nhien,A00,Điểm thi THPT,2022,19.0,Sư phạm khoa học tự nhiên
140268,SPD,su-pham-khoa-hoc-tu-nhien,A02,Điểm thi THPT,2022,19.0,Sư phạm khoa học tự nhiên
140269,SPD,su-pham-khoa-hoc-tu-nhien,B00,Điểm thi THPT,2022,19.0,Sư phạm khoa học tự nhiên
140270,SPD,su-pham-khoa-hoc-tu-nhien,A00,Điểm học bạ,2023,25.0,Sư phạm Khoa học tự nhiên
140271,SPD,su-pham-khoa-hoc-tu-nhien,A02,Điểm học bạ,2023,25.0,Sư phạm Khoa học tự nhiên
140272,SPD,su-pham-khoa-hoc-tu-nhien,B00,Điểm học bạ,2023,25.0,Sư phạm Khoa học tự nhiên
140273,SPD,su-pham-khoa-hoc-tu-nhien,D90,Điểm học bạ,2023,25.0,Sư phạm Khoa học tự nhiên
140274,SPD,su-pham-khoa-hoc-tu-nhien,A00,Điểm thi THPT,2023,19.0,Sư phạm Khoa học tự nhiên
140275,SPD,su-pham-khoa-hoc-tu-nhien,A02,Điểm thi THPT,2023,19.0,Sư phạm Khoa học tự nhiên
140276,SPD,su-pham-khoa-hoc-tu-nhien,B00,Điểm thi THPT,2023,19.0,Sư phạm Khoa học tự nhiên
140277,SPD,su-pham-khoa-hoc-tu-nhien,D90,Điểm thi THPT,2023,19.0,Sư phạm Khoa học tự nhiên
140278,SPD,su-pham-khoa-hoc-tu-nhien,A00,Điểm học bạ,2024,28.0,Sư phạm Khoa học tự nhiên
140279,SPD,su-pham-khoa-hoc-tu-nhien,A02,Điểm học bạ,2024,28.0,Sư phạm Khoa học tự nhiên
140280,SPD,su-pham-khoa-hoc-tu-nhien,B00,Điểm học bạ,2024,28.0,Sư phạm Khoa học tự nhiên
140281,SPD,su-pham-khoa-hoc-tu-nhien,D90,Điểm học bạ,2024,28.0,Sư phạm Khoa học tự nhiên
140282,SPD,su-pham-khoa-hoc-tu-nhien,A00,Điểm thi THPT,2024,24.63,Sư phạm Khoa học tự nhiên
140283,SPD,su-pham-khoa-hoc-tu-nhien,A02,Điểm thi THPT,2024,24.63,Sư phạm Khoa học tự nhiên
140284,SPD,su-pham-khoa-hoc-tu-nhien,B00,Điểm thi THPT,2024,24.63,Sư phạm Khoa học tự nhiên
140285,SPD,su-pham-khoa-hoc-tu-nhien,A00,Điểm học bạ,2025,28.66,Sư phạm Khoa học tự nhiên
140286,SPD,su-pham-khoa-hoc-tu-nhien,A01,Điểm học bạ,2025,28.66,Sư phạm Khoa học tự nhiên
140287,SPD,su-pham-khoa-hoc-tu-nhien,A02,Điểm học bạ,2025,28.66,Sư phạm Khoa học tự nhiên
140288,SPD,su-pham-khoa-hoc-tu-nhien,B00,Điểm học bạ,2025,28.66,Sư phạm Khoa học tự nhiên
140289,SPD,su-pham-khoa-hoc-tu-nhien,B08,Điểm học bạ,2025,28.66,Sư phạm Khoa học tự nhiên
140290,SPD,su-pham-khoa-hoc-tu-nhien,D07,Điểm học bạ,2025,28.66,Sư phạm Khoa học tự nhiên
140291,SPD,su-pham-khoa-hoc-tu-nhien,A00,Điểm thi THPT,2025,26.47,Sư phạm Khoa học tự nhiên
140292,SPD,su-pham-khoa-hoc-tu-nhien,A01,Điểm thi THPT,2025,25.79,Sư phạm Khoa học tự nhiên
140293,SPD,su-pham-khoa-hoc-tu-nhien,A02,Điểm thi THPT,2025,26.19,Sư phạm Khoa học tự nhiên
140294,SPD,su-pham-khoa-hoc-tu-nhien,B00,Điểm thi THPT,2025,25.26,Sư phạm Khoa học tự nhiên
140295,SPD,su-pham-khoa-hoc-tu-nhien,B08,Điểm thi THPT,2025,24.58,Sư phạm Khoa học tự nhiên
140296,SPD,su-pham-khoa-hoc-tu-nhien,D07,Điểm thi THPT,2025,24.86,Sư phạm Khoa học tự nhiên
140297,SPD,su-pham-lich-su,C00,Điểm học bạ,2021,24.0,Sư phạm lịch sử
140298,SPD,su-pham-lich-su,C19,Điểm học bạ,2021,24.0,Sư phạm lịch sử
140299,SPD,su-pham-lich-su,D09,Điểm học bạ,2021,24.0,Sư phạm lịch sử
140300,SPD,su-pham-lich-su,D14,Điểm học bạ,2021,24.0,Sư phạm lịch sử
140301,SPD,su-pham-lich-su,C00,Điểm thi THPT,2021,19.0,Sư phạm lịch sử
140302,SPD,su-pham-lich-su,C19,Điểm thi THPT,2021,19.0,Sư phạm lịch sử
140303,SPD,su-pham-lich-su,D09,Điểm thi THPT,2021,19.0,Sư phạm lịch sử
140304,SPD,su-pham-lich-su,D14,Điểm thi THPT,2021,19.0,Sư phạm lịch sử
140305,SPD,su-pham-lich-su,C00,Điểm học bạ,2022,27.0,Sư phạm lịch sử
140306,SPD,su-pham-lich-su,C19,Điểm học bạ,2022,27.0,Sư phạm lịch sử
140307,SPD,su-pham-lich-su,D09,Điểm học bạ,2022,27.0,Sư phạm lịch sử
140308,SPD,su-pham-lich-su,D14,Điểm học bạ,2022,27.0,Sư phạm lịch sử
140309,SPD,su-pham-lich-su,C00,Điểm thi THPT,2022,26.0,Sư phạm lịch sử
140310,SPD,su-pham-lich-su,C19,Điểm thi THPT,2022,26.0,Sư phạm lịch sử
140311,SPD,su-pham-lich-su,D09,Điểm thi THPT,2022,26.0,Sư phạm lịch sử
140312,SPD,su-pham-lich-su,D14,Điểm thi THPT,2022,26.0,Sư phạm lịch sử
140313,SPD,su-pham-lich-su,C00,Điểm thi THPT,2023,27.4,Sư phạm Lịch sử
140314,SPD,su-pham-lich-su,C19,Điểm thi THPT,2023,27.4,Sư phạm Lịch sử
140315,SPD,su-pham-lich-su,D09,Điểm thi THPT,2023,27.4,Sư phạm Lịch sử
140316,SPD,su-pham-lich-su,D14,Điểm thi THPT,2023,27.4,Sư phạm Lịch sử
140317,SPD,su-pham-lich-su,C00,Điểm học bạ,2024,28.6,Sư phạm Lịch sử
140318,SPD,su-pham-lich-su,C19,Điểm học bạ,2024,28.6,Sư phạm Lịch sử
140319,SPD,su-pham-lich-su,D09,Điểm học bạ,2024,28.6,Sư phạm Lịch sử
140320,SPD,su-pham-lich-su,D14,Điểm học bạ,2024,28.6,Sư phạm Lịch sử
140321,SPD,su-pham-lich-su,C00,Điểm thi THPT,2024,27.84,Sư phạm Lịch sử
140322,SPD,su-pham-lich-su,C19,Điểm thi THPT,2024,27.84,Sư phạm Lịch sử
140323,SPD,su-pham-lich-su,D09,Điểm thi THPT,2024,27.84,Sư phạm Lịch sử
140324,SPD,su-pham-lich-su,D14,Điểm thi THPT,2024,27.84,Sư phạm Lịch sử
140325,SPD,su-pham-lich-su,A07,Điểm học bạ,2025,29.28,Sư phạm Lịch sử
140326,SPD,su-pham-lich-su,C00,Điểm học bạ,2025,29.28,Sư phạm Lịch sử
140327,SPD,su-pham-lich-su,C03,Điểm học bạ,2025,29.28,Sư phạm Lịch sử
140328,SPD,su-pham-lich-su,C19,Điểm học bạ,2025,29.28,Sư phạm Lịch sử
140329,SPD,su-pham-lich-su,D09,Điểm học bạ,2025,29.28,Sư phạm Lịch sử
140330,SPD,su-pham-lich-su,D14,Điểm học bạ,2025,29.28,Sư phạm Lịch sử
140331,SPD,su-pham-lich-su,X70,Điểm học bạ,2025,29.28,Sư phạm Lịch sử
140332,SPD,su-pham-lich-su,A07,Điểm thi THPT,2025,25.88,Sư phạm Lịch sử
140333,SPD,su-pham-lich-su,C00,Điểm thi THPT,2025,28.1,Sư phạm Lịch sử
140334,SPD,su-pham-lich-su,C03,Điểm thi THPT,2025,26.25,Sư phạm Lịch sử
140335,SPD,su-pham-lich-su,C19,Điểm thi THPT,2025,29.16,Sư phạm Lịch sử
140336,SPD,su-pham-lich-su,D09,Điểm thi THPT,2025,24.63,Sư phạm Lịch sử
140337,SPD,su-pham-lich-su,D14,Điểm thi THPT,2025,26.85,Sư phạm Lịch sử
140338,SPD,su-pham-lich-su,X70,Điểm thi THPT,2025,29.16,Sư phạm Lịch sử
140339,SPD,su-pham-lich-su-va-dia-ly,A07,Điểm học bạ,2022,26.5,Sư phạm Lịch sử và Địa lý
140340,SPD,su-pham-lich-su-va-dia-ly,C00,Điểm học bạ,2022,26.5,Sư phạm Lịch sử và Địa lý
140341,SPD,su-pham-lich-su-va-dia-ly,D14,Điểm học bạ,2022,26.5,Sư phạm Lịch sử và Địa lý
140342,SPD,su-pham-lich-su-va-dia-ly,D15,Điểm học bạ,2022,26.5,Sư phạm Lịch sử và Địa lý
140343,SPD,su-pham-lich-su-va-dia-ly,A07,Điểm thi THPT,2022,23.25,Sư phạm Lịch sử và Địa lý
140344,SPD,su-pham-lich-su-va-dia-ly,C00,Điểm thi THPT,2022,23.25,Sư phạm Lịch sử và Địa lý
140345,SPD,su-pham-lich-su-va-dia-ly,D14,Điểm thi THPT,2022,23.25,Sư phạm Lịch sử và Địa lý
140346,SPD,su-pham-lich-su-va-dia-ly,D15,Điểm thi THPT,2022,23.25,Sư phạm Lịch sử và Địa lý
140347,SPD,su-pham-lich-su-va-dia-ly,A07,Điểm học bạ,2023,28.0,Sư phạm Lịch sử và Địa lý
140348,SPD,su-pham-lich-su-va-dia-ly,C00,Điểm học bạ,2023,28.0,Sư phạm Lịch sử và Địa lý
140349,SPD,su-pham-lich-su-va-dia-ly,D14,Điểm học bạ,2023,28.0,Sư phạm Lịch sử và Địa lý
140350,SPD,su-pham-lich-su-va-dia-ly,D15,Điểm học bạ,2023,28.0,Sư phạm Lịch sử và Địa lý
140351,SPD,su-pham-lich-su-va-dia-ly,A07,Điểm thi THPT,2023,20.25,Sư phạm Lịch sử và Địa lý
140352,SPD,su-pham-lich-su-va-dia-ly,C00,Điểm thi THPT,2023,20.25,Sư phạm Lịch sử và Địa lý
140353,SPD,su-pham-lich-su-va-dia-ly,D14,Điểm thi THPT,2023,20.25,Sư phạm Lịch sử và Địa lý
140354,SPD,su-pham-lich-su-va-dia-ly,D15,Điểm thi THPT,2023,20.25,Sư phạm Lịch sử và Địa lý
140355,SPD,su-pham-lich-su-va-dia-ly,A07,Điểm học bạ,2024,27.85,Sư phạm Lịch sử và Địa lý
140356,SPD,su-pham-lich-su-va-dia-ly,C00,Điểm học bạ,2024,27.85,Sư phạm Lịch sử và Địa lý
140357,SPD,su-pham-lich-su-va-dia-ly,D14,Điểm học bạ,2024,27.85,Sư phạm Lịch sử và Địa lý
140358,SPD,su-pham-lich-su-va-dia-ly,D15,Điểm học bạ,2024,27.85,Sư phạm Lịch sử và Địa lý
140359,SPD,su-pham-lich-su-va-dia-ly,A07,Điểm thi THPT,2024,26.98,Sư phạm Lịch sử và Địa lý
140360,SPD,su-pham-lich-su-va-dia-ly,C00,Điểm thi THPT,2024,26.98,Sư phạm Lịch sử và Địa lý
140361,SPD,su-pham-lich-su-va-dia-ly,D14,Điểm thi THPT,2024,26.98,Sư phạm Lịch sử và Địa lý
140362,SPD,su-pham-lich-su-va-dia-ly,D15,Điểm thi THPT,2024,26.98,Sư phạm Lịch sử và Địa lý
140363,SPD,su-pham-lich-su-va-dia-ly,A07,Điểm học bạ,2025,28.9,Sư phạm Lịch sử và Địa lý
140364,SPD,su-pham-lich-su-va-dia-ly,C00,Điểm học bạ,2025,28.9,Sư phạm Lịch sử và Địa lý
140365,SPD,su-pham-lich-su-va-dia-ly,C19,Điểm học bạ,2025,28.9,Sư phạm Lịch sử và Địa lý
140366,SPD,su-pham-lich-su-va-dia-ly,C20,Điểm học bạ,2025,28.9,Sư phạm Lịch sử và Địa lý
140367,SPD,su-pham-lich-su-va-dia-ly,D14,Điểm học bạ,2025,28.9,Sư phạm Lịch sử và Địa lý
140368,SPD,su-pham-lich-su-va-dia-ly,D15,Điểm học bạ,2025,28.9,Sư phạm Lịch sử và Địa lý
140369,SPD,su-pham-lich-su-va-dia-ly,X70,Điểm học bạ,2025,28.9,Sư phạm Lịch sử và Địa lý
140370,SPD,su-pham-lich-su-va-dia-ly,X74,Điểm học bạ,2025,28.9,Sư phạm Lịch sử và Địa lý
140371,SPD,su-pham-lich-su-va-dia-ly,A07,Điểm thi THPT,2025,24.88,Sư phạm Lịch sử và Địa lý
140372,SPD,su-pham-lich-su-va-dia-ly,C00,Điểm thi THPT,2025,27.1,Sư phạm Lịch sử và Địa lý
140373,SPD,su-pham-lich-su-va-dia-ly,C19,Điểm thi THPT,2025,28.16,Sư phạm Lịch sử và Địa lý
140374,SPD,su-pham-lich-su-va-dia-ly,C20,Điểm thi THPT,2025,28.27,Sư phạm Lịch sử và Địa lý
140375,SPD,su-pham-lich-su-va-dia-ly,D14,Điểm thi THPT,2025,25.85,Sư phạm Lịch sử và Địa lý
140376,SPD,su-pham-lich-su-va-dia-ly,D15,Điểm thi THPT,2025,25.96,Sư phạm Lịch sử và Địa lý
140377,SPD,su-pham-lich-su-va-dia-ly,X70,Điểm thi THPT,2025,28.16,Sư phạm Lịch sử và Địa lý
140378,SPD,su-pham-lich-su-va-dia-ly,X74,Điểm thi THPT,2025,28.27,Sư phạm Lịch sử và Địa lý
140379,SPD,su-pham-my-thuat,H00,Điểm học bạ,2021,22.0,Sư phạm mỹ thuật
140380,SPD,su-pham-my-thuat,H07,Điểm học bạ,2021,22.0,Sư phạm mỹ thuật
140381,SPD,su-pham-my-thuat,H00,Điểm thi THPT,2021,19.0,Sư phạm mỹ thuật
140382,SPD,su-pham-my-thuat,H07,Điểm thi THPT,2021,19.0,Sư phạm mỹ thuật
140383,SPD,su-pham-my-thuat,H00,Điểm học bạ,2022,22.0,Sư phạm mỹ thuật
140384,SPD,su-pham-my-thuat,H07,Điểm học bạ,2022,22.0,Sư phạm mỹ thuật
140385,SPD,su-pham-my-thuat,H00,Điểm thi THPT,2022,18.0,Sư phạm mỹ thuật
140386,SPD,su-pham-my-thuat,H07,Điểm thi THPT,2022,18.0,Sư phạm mỹ thuật
140387,SPD,su-pham-my-thuat,H00,Điểm học bạ,2023,22.0,Sư phạm Mỹ thuật
140388,SPD,su-pham-my-thuat,H07,Điểm học bạ,2023,22.0,Sư phạm Mỹ thuật
140389,SPD,su-pham-my-thuat,H00,Điểm thi THPT,2023,18.0,Sư phạm Mỹ thuật
140390,SPD,su-pham-my-thuat,H07,Điểm thi THPT,2023,18.0,Sư phạm Mỹ thuật
140391,SPD,su-pham-my-thuat,H00,Điểm học bạ,2024,23.65,Sư phạm Mỹ thuật
140392,SPD,su-pham-my-thuat,H07,Điểm học bạ,2024,23.65,Sư phạm Mỹ thuật
140393,SPD,su-pham-my-thuat,H00,Điểm thi THPT,2024,22.5,Sư phạm Mỹ thuật
140394,SPD,su-pham-my-thuat,H07,Điểm thi THPT,2024,22.5,Sư phạm Mỹ thuật
140395,SPD,su-pham-my-thuat,H00,Điểm học bạ,2025,27.61,Sư phạm Mỹ thuật
140396,SPD,su-pham-my-thuat,H07,Điểm học bạ,2025,27.61,Sư phạm Mỹ thuật
140397,SPD,su-pham-my-thuat,H00,Điểm thi THPT,2025,23.24,Sư phạm Mỹ thuật
140398,SPD,su-pham-my-thuat,H07,Điểm thi THPT,2025,21.02,Sư phạm Mỹ thuật
140399,SPD,su-pham-ngu-van,C00,Điểm học bạ,2021,24.0,Sư phạm ngữ văn
140400,SPD,su-pham-ngu-van,C19,Điểm học bạ,2021,24.0,Sư phạm ngữ văn
140401,SPD,su-pham-ngu-van,D14,Điểm học bạ,2021,24.0,Sư phạm ngữ văn
140402,SPD,su-pham-ngu-van,D15,Điểm học bạ,2021,24.0,Sư phạm ngữ văn
140403,SPD,su-pham-ngu-van,C00,Điểm thi THPT,2021,23.0,Sư phạm ngữ văn
140404,SPD,su-pham-ngu-van,C19,Điểm thi THPT,2021,23.0,Sư phạm ngữ văn
140405,SPD,su-pham-ngu-van,D14,Điểm thi THPT,2021,23.0,Sư phạm ngữ văn
140406,SPD,su-pham-ngu-van,D15,Điểm thi THPT,2021,23.0,Sư phạm ngữ văn
140407,SPD,su-pham-ngu-van,C00,Điểm học bạ,2022,28.0,Sư phạm ngữ văn
140408,SPD,su-pham-ngu-van,C19,Điểm học bạ,2022,28.0,Sư phạm ngữ văn
140409,SPD,su-pham-ngu-van,D14,Điểm học bạ,2022,28.0,Sư phạm ngữ văn
140410,SPD,su-pham-ngu-van,D15,Điểm học bạ,2022,28.0,Sư phạm ngữ văn
140411,SPD,su-pham-ngu-van,C00,Điểm thi THPT,2022,21.0,Sư phạm ngữ văn
140412,SPD,su-pham-ngu-van,C19,Điểm thi THPT,2022,21.0,Sư phạm ngữ văn
140413,SPD,su-pham-ngu-van,D14,Điểm thi THPT,2022,21.0,Sư phạm ngữ văn
140414,SPD,su-pham-ngu-van,D15,Điểm thi THPT,2022,21.0,Sư phạm ngữ văn
140415,SPD,su-pham-ngu-van,C00,Điểm thi THPT,2023,26.4,Sư phạm Ngữ văn
140416,SPD,su-pham-ngu-van,C19,Điểm thi THPT,2023,26.4,Sư phạm Ngữ văn
140417,SPD,su-pham-ngu-van,D14,Điểm thi THPT,2023,26.4,Sư phạm Ngữ văn
140418,SPD,su-pham-ngu-van,D15,Điểm thi THPT,2023,26.4,Sư phạm Ngữ văn
140419,SPD,su-pham-ngu-van,C00,Điểm học bạ,2024,28.61,Sư phạm Ngữ văn
140420,SPD,su-pham-ngu-van,C19,Điểm học bạ,2024,28.61,Sư phạm Ngữ văn
140421,SPD,su-pham-ngu-van,D14,Điểm học bạ,2024,28.61,Sư phạm Ngữ văn
140422,SPD,su-pham-ngu-van,D15,Điểm học bạ,2024,28.61,Sư phạm Ngữ văn
140423,SPD,su-pham-ngu-van,C00,Điểm thi THPT,2024,27.31,Sư phạm Ngữ văn
140424,SPD,su-pham-ngu-van,C19,Điểm thi THPT,2024,27.31,Sư phạm Ngữ văn
140425,SPD,su-pham-ngu-van,D14,Điểm thi THPT,2024,27.31,Sư phạm Ngữ văn
140426,SPD,su-pham-ngu-van,D15,Điểm thi THPT,2024,27.31,Sư phạm Ngữ văn
140427,SPD,su-pham-ngu-van,C00,Điểm học bạ,2025,28.94,Sư phạm Ngữ văn
140428,SPD,su-pham-ngu-van,C03,Điểm học bạ,2025,28.94,Sư phạm Ngữ văn
140429,SPD,su-pham-ngu-van,C04,Điểm học bạ,2025,28.94,Sư phạm Ngữ văn
140430,SPD,su-pham-ngu-van,C19,Điểm học bạ,2025,28.94,Sư phạm Ngữ văn
140431,SPD,su-pham-ngu-van,C20,Điểm học bạ,2025,28.94,Sư phạm Ngữ văn
140432,SPD,su-pham-ngu-van,D14,Điểm học bạ,2025,28.94,Sư phạm Ngữ văn
140433,SPD,su-pham-ngu-van,D15,Điểm học bạ,2025,28.94,Sư phạm Ngữ văn
140434,SPD,su-pham-ngu-van,X70,Điểm học bạ,2025,28.94,Sư phạm Ngữ văn
140435,SPD,su-pham-ngu-van,X74,Điểm học bạ,2025,28.94,Sư phạm Ngữ văn
140436,SPD,su-pham-ngu-van,C00,Điểm thi THPT,2025,27.21,Sư phạm Ngữ văn
140437,SPD,su-pham-ngu-van,C03,Điểm thi THPT,2025,25.36,Sư phạm Ngữ văn
140438,SPD,su-pham-ngu-van,C04,Điểm thi THPT,2025,25.47,Sư phạm Ngữ văn
140439,SPD,su-pham-ngu-van,C19,Điểm thi THPT,2025,28.27,Sư phạm Ngữ văn
140440,SPD,su-pham-ngu-van,C20,Điểm thi THPT,2025,28.38,Sư phạm Ngữ văn
140441,SPD,su-pham-ngu-van,D14,Điểm thi THPT,2025,25.96,Sư phạm Ngữ văn
140442,SPD,su-pham-ngu-van,D15,Điểm thi THPT,2025,26.07,Sư phạm Ngữ văn
140443,SPD,su-pham-ngu-van,X70,Điểm thi THPT,2025,28.27,Sư phạm Ngữ văn
140444,SPD,su-pham-ngu-van,X74,Điểm thi THPT,2025,28.38,Sư phạm Ngữ văn
140445,SPD,su-pham-sinh-hoc,A02,Điểm học bạ,2021,24.0,Sư phạm sinh học
140446,SPD,su-pham-sinh-hoc,B00,Điểm học bạ,2021,24.0,Sư phạm sinh học
140447,SPD,su-pham-sinh-hoc,B02,Điểm học bạ,2021,24.0,Sư phạm sinh học
140448,SPD,su-pham-sinh-hoc,D08,Điểm học bạ,2021,24.0,Sư phạm sinh học
140449,SPD,su-pham-sinh-hoc,A02,Điểm thi THPT,2021,19.0,Sư phạm sinh học
140450,SPD,su-pham-sinh-hoc,B00,Điểm thi THPT,2021,19.0,Sư phạm sinh học
140451,SPD,su-pham-sinh-hoc,B02,Điểm thi THPT,2021,19.0,Sư phạm sinh học
140452,SPD,su-pham-sinh-hoc,D08,Điểm thi THPT,2021,19.0,Sư phạm sinh học
140453,SPD,su-pham-sinh-hoc,A02,Điểm học bạ,2022,27.0,Sư phạm sinh học
140454,SPD,su-pham-sinh-hoc,B00,Điểm học bạ,2022,27.0,Sư phạm sinh học
140455,SPD,su-pham-sinh-hoc,B02,Điểm học bạ,2022,27.0,Sư phạm sinh học
140456,SPD,su-pham-sinh-hoc,D08,Điểm học bạ,2022,27.0,Sư phạm sinh học
140457,SPD,su-pham-sinh-hoc,A02,Điểm thi THPT,2022,21.85,Sư phạm sinh học
140458,SPD,su-pham-sinh-hoc,B00,Điểm thi THPT,2022,21.85,Sư phạm sinh học
140459,SPD,su-pham-sinh-hoc,B02,Điểm thi THPT,2022,21.85,Sư phạm sinh học
140460,SPD,su-pham-sinh-hoc,D08,Điểm thi THPT,2022,21.85,Sư phạm sinh học
140461,SPD,su-pham-sinh-hoc,A02,Điểm thi THPT,2023,23.2,Sư phạm Sinh học
140462,SPD,su-pham-sinh-hoc,B00,Điểm thi THPT,2023,23.2,Sư phạm Sinh học
140463,SPD,su-pham-sinh-hoc,B02,Điểm thi THPT,2023,23.2,Sư phạm Sinh học
140464,SPD,su-pham-sinh-hoc,D08,Điểm thi THPT,2023,23.2,Sư phạm Sinh học
140465,SPD,su-pham-sinh-hoc,D90,Điểm thi THPT,2023,23.2,Sư phạm Sinh học
140466,SPD,su-pham-sinh-hoc,A02,Điểm học bạ,2024,28.9,Sư phạm Sinh học
140467,SPD,su-pham-sinh-hoc,B00,Điểm học bạ,2024,28.9,Sư phạm Sinh học
140468,SPD,su-pham-sinh-hoc,B02,Điểm học bạ,2024,28.9,Sư phạm Sinh học
140469,SPD,su-pham-sinh-hoc,D08,Điểm học bạ,2024,28.9,Sư phạm Sinh học
140470,SPD,su-pham-sinh-hoc,A02,Điểm thi THPT,2024,24.86,Sư phạm Sinh học
140471,SPD,su-pham-sinh-hoc,B00,Điểm thi THPT,2024,24.86,Sư phạm Sinh học
140472,SPD,su-pham-sinh-hoc,D08,Điểm thi THPT,2024,24.86,Sư phạm Sinh học
140473,SPD,su-pham-sinh-hoc,D90,Điểm thi THPT,2024,24.86,Sư phạm Sinh học
140474,SPD,su-pham-sinh-hoc,A02,Điểm học bạ,2025,29.05,Sư phạm Sinh học
140475,SPD,su-pham-sinh-hoc,B00,Điểm học bạ,2025,29.05,Sư phạm Sinh học
140476,SPD,su-pham-sinh-hoc,B03,Điểm học bạ,2025,29.05,Sư phạm Sinh học
140477,SPD,su-pham-sinh-hoc,D08,Điểm học bạ,2025,29.05,Sư phạm Sinh học
140478,SPD,su-pham-sinh-hoc,X14,Điểm học bạ,2025,29.05,Sư phạm Sinh học
140479,SPD,su-pham-sinh-hoc,X16,Điểm học bạ,2025,29.05,Sư phạm Sinh học
140480,SPD,su-pham-sinh-hoc,A02,Điểm thi THPT,2025,28.43,Sư phạm Sinh học
140481,SPD,su-pham-sinh-hoc,B00,Điểm thi THPT,2025,27.5,Sư phạm Sinh học
140482,SPD,su-pham-sinh-hoc,B03,Điểm thi THPT,2025,28.44,Sư phạm Sinh học
140483,SPD,su-pham-sinh-hoc,D08,Điểm thi THPT,2025,26.82,Sư phạm Sinh học
140484,SPD,su-pham-sinh-hoc,X14,Điểm thi THPT,2025,28.22,Sư phạm Sinh học
140485,SPD,su-pham-sinh-hoc,X16,Điểm thi THPT,2025,29.16,Sư phạm Sinh học
140486,SPD,su-pham-tieng-anh,D01,Điểm học bạ,2021,25.0,Sư phạm tiếng Anh
140487,SPD,su-pham-tieng-anh,D13,Điểm học bạ,2021,25.0,Sư phạm tiếng Anh
140488,SPD,su-pham-tieng-anh,D14,Điểm học bạ,2021,25.0,Sư phạm tiếng Anh
140489,SPD,su-pham-tieng-anh,D15,Điểm học bạ,2021,25.0,Sư phạm tiếng Anh
140490,SPD,su-pham-tieng-anh,D01,Điểm thi THPT,2021,24.0,Sư phạm tiếng Anh
140491,SPD,su-pham-tieng-anh,D13,Điểm thi THPT,2021,24.0,Sư phạm tiếng Anh
140492,SPD,su-pham-tieng-anh,D14,Điểm thi THPT,2021,24.0,Sư phạm tiếng Anh
140493,SPD,su-pham-tieng-anh,D15,Điểm thi THPT,2021,24.0,Sư phạm tiếng Anh
140494,SPD,su-pham-tieng-anh,D01,Điểm học bạ,2022,26.0,Sư phạm tiếng Anh
140495,SPD,su-pham-tieng-anh,D13,Điểm học bạ,2022,26.0,Sư phạm tiếng Anh
140496,SPD,su-pham-tieng-anh,D14,Điểm học bạ,2022,26.0,Sư phạm tiếng Anh
140497,SPD,su-pham-tieng-anh,D15,Điểm học bạ,2022,26.0,Sư phạm tiếng Anh
140498,SPD,su-pham-tieng-anh,D01,Điểm thi THPT,2022,19.0,Sư phạm tiếng Anh
140499,SPD,su-pham-tieng-anh,D13,Điểm thi THPT,2022,19.0,Sư phạm tiếng Anh
140500,SPD,su-pham-tieng-anh,D14,Điểm thi THPT,2022,19.0,Sư phạm tiếng Anh
140501,SPD,su-pham-tieng-anh,D15,Điểm thi THPT,2022,19.0,Sư phạm tiếng Anh
140502,SPD,su-pham-tieng-anh,D01,Điểm học bạ,2023,28.5,Sư phạm Tiếng Anh
140503,SPD,su-pham-tieng-anh,D13,Điểm học bạ,2023,28.5,Sư phạm Tiếng Anh
140504,SPD,su-pham-tieng-anh,D14,Điểm học bạ,2023,28.5,Sư phạm Tiếng Anh
140505,SPD,su-pham-tieng-anh,D15,Điểm học bạ,2023,28.5,Sư phạm Tiếng Anh
140506,SPD,su-pham-tieng-anh,D01,Điểm thi THPT,2023,23.79,Sư phạm Tiếng Anh
140507,SPD,su-pham-tieng-anh,D13,Điểm thi THPT,2023,23.79,Sư phạm Tiếng Anh
140508,SPD,su-pham-tieng-anh,D14,Điểm thi THPT,2023,23.79,Sư phạm Tiếng Anh
140509,SPD,su-pham-tieng-anh,D15,Điểm thi THPT,2023,23.79,Sư phạm Tiếng Anh
140510,SPD,su-pham-tieng-anh,D01,Điểm học bạ,2024,28.2,Sư phạm Tiếng Anh
140511,SPD,su-pham-tieng-anh,D13,Điểm học bạ,2024,28.2,Sư phạm Tiếng Anh
140512,SPD,su-pham-tieng-anh,D14,Điểm học bạ,2024,28.2,Sư phạm Tiếng Anh
140513,SPD,su-pham-tieng-anh,D15,Điểm học bạ,2024,28.2,Sư phạm Tiếng Anh
140514,SPD,su-pham-tieng-anh,D01,Điểm thi THPT,2024,25.43,Sư phạm Tiếng Anh
140515,SPD,su-pham-tieng-anh,D13,Điểm thi THPT,2024,25.43,Sư phạm Tiếng Anh
140516,SPD,su-pham-tieng-anh,D14,Điểm thi THPT,2024,25.43,Sư phạm Tiếng Anh
140517,SPD,su-pham-tieng-anh,D15,Điểm thi THPT,2024,25.43,Sư phạm Tiếng Anh
140518,SPD,su-pham-tieng-anh,D01,Điểm học bạ,2025,27.98,Sư phạm Tiếng Anh
140519,SPD,su-pham-tieng-anh,D13,Điểm học bạ,2025,27.98,Sư phạm Tiếng Anh
140520,SPD,su-pham-tieng-anh,D14,Điểm học bạ,2025,27.98,Sư phạm Tiếng Anh
140521,SPD,su-pham-tieng-anh,D15,Điểm học bạ,2025,27.98,Sư phạm Tiếng Anh
140522,SPD,su-pham-tieng-anh,D01,Điểm thi THPT,2025,24.26,Sư phạm Tiếng Anh
140523,SPD,su-pham-tieng-anh,D13,Điểm thi THPT,2025,25.26,Sư phạm Tiếng Anh
140524,SPD,su-pham-tieng-anh,D14,Điểm thi THPT,2025,26.0,Sư phạm Tiếng Anh
140525,SPD,su-pham-tieng-anh,D15,Điểm thi THPT,2025,26.11,Sư phạm Tiếng Anh
140526,SPD,su-pham-tieng-trung-quoc,D01,Điểm học bạ,2025,27.66,Sư phạm Tiếng Trung Quốc
140527,SPD,su-pham-tieng-trung-quoc,D04,Điểm học bạ,2025,27.66,Sư phạm Tiếng Trung Quốc
140528,SPD,su-pham-tieng-trung-quoc,D14,Điểm học bạ,2025,27.66,Sư phạm Tiếng Trung Quốc
140529,SPD,su-pham-tieng-trung-quoc,D15,Điểm học bạ,2025,27.66,Sư phạm Tiếng Trung Quốc
140530,SPD,su-pham-tieng-trung-quoc,D45,Điểm học bạ,2025,27.66,Sư phạm Tiếng Trung Quốc
140531,SPD,su-pham-tieng-trung-quoc,D65,Điểm học bạ,2025,27.66,Sư phạm Tiếng Trung Quốc
140532,SPD,su-pham-tieng-trung-quoc,D01,Điểm thi THPT,2025,23.38,Sư phạm Tiếng Trung Quốc
140533,SPD,su-pham-tieng-trung-quoc,D04,Điểm thi THPT,2025,23.38,Sư phạm Tiếng Trung Quốc
140534,SPD,su-pham-tieng-trung-quoc,D14,Điểm thi THPT,2025,25.12,Sư phạm Tiếng Trung Quốc
140535,SPD,su-pham-tieng-trung-quoc,D15,Điểm thi THPT,2025,25.23,Sư phạm Tiếng Trung Quốc
140536,SPD,su-pham-tieng-trung-quoc,D45,Điểm thi THPT,2025,23.38,Sư phạm Tiếng Trung Quốc
140537,SPD,su-pham-tieng-trung-quoc,D65,Điểm thi THPT,2025,23.38,Sư phạm Tiếng Trung Quốc
140538,SPD,su-pham-tin-hoc,A00,Điểm học bạ,2021,24.0,Sư phạm tin học
140539,SPD,su-pham-tin-hoc,A01,Điểm học bạ,2021,24.0,Sư phạm tin học
140540,SPD,su-pham-tin-hoc,A02,Điểm học bạ,2021,24.0,Sư phạm tin học
140541,SPD,su-pham-tin-hoc,A04,Điểm học bạ,2021,24.0,Sư phạm tin học
140542,SPD,su-pham-tin-hoc,A00,Điểm thi THPT,2021,19.0,Sư phạm tin học
140543,SPD,su-pham-tin-hoc,A01,Điểm thi THPT,2021,19.0,Sư phạm tin học
140544,SPD,su-pham-tin-hoc,A02,Điểm thi THPT,2021,19.0,Sư phạm tin học
140545,SPD,su-pham-tin-hoc,A04,Điểm thi THPT,2021,19.0,Sư phạm tin học
140546,SPD,su-pham-tin-hoc,A00,Điểm học bạ,2022,24.0,Sư phạm tin học
140547,SPD,su-pham-tin-hoc,A01,Điểm học bạ,2022,24.0,Sư phạm tin học
140548,SPD,su-pham-tin-hoc,A02,Điểm học bạ,2022,24.0,Sư phạm tin học
140549,SPD,su-pham-tin-hoc,A04,Điểm học bạ,2022,24.0,Sư phạm tin học
140550,SPD,su-pham-tin-hoc,A00,Điểm thi THPT,2022,19.0,Sư phạm tin học
140551,SPD,su-pham-tin-hoc,A01,Điểm thi THPT,2022,19.0,Sư phạm tin học
140552,SPD,su-pham-tin-hoc,A02,Điểm thi THPT,2022,19.0,Sư phạm tin học
140553,SPD,su-pham-tin-hoc,A04,Điểm thi THPT,2022,19.0,Sư phạm tin học
140554,SPD,su-pham-tin-hoc,A00,Điểm học bạ,2023,26.2,Sư phạm Tin học
140555,SPD,su-pham-tin-hoc,A01,Điểm học bạ,2023,26.2,Sư phạm Tin học
140556,SPD,su-pham-tin-hoc,A02,Điểm học bạ,2023,26.2,Sư phạm Tin học
140557,SPD,su-pham-tin-hoc,A04,Điểm học bạ,2023,26.2,Sư phạm Tin học
140558,SPD,su-pham-tin-hoc,D90,Điểm học bạ,2023,26.2,Sư phạm Tin học
140559,SPD,su-pham-tin-hoc,A00,Điểm thi THPT,2023,19.0,Sư phạm Tin học
140560,SPD,su-pham-tin-hoc,A01,Điểm thi THPT,2023,19.0,Sư phạm Tin học
140561,SPD,su-pham-tin-hoc,A02,Điểm thi THPT,2023,19.0,Sư phạm Tin học
140562,SPD,su-pham-tin-hoc,A04,Điểm thi THPT,2023,19.0,Sư phạm Tin học
140563,SPD,su-pham-tin-hoc,D90,Điểm thi THPT,2023,19.0,Sư phạm Tin học
140564,SPD,su-pham-tin-hoc,A00,Điểm học bạ,2024,27.25,Sư phạm Tin học
140565,SPD,su-pham-tin-hoc,A01,Điểm học bạ,2024,27.25,Sư phạm Tin học
140566,SPD,su-pham-tin-hoc,A02,Điểm học bạ,2024,27.25,Sư phạm Tin học
140567,SPD,su-pham-tin-hoc,A04,Điểm học bạ,2024,27.25,Sư phạm Tin học
140568,SPD,su-pham-tin-hoc,A00,Điểm thi THPT,2024,23.76,Sư phạm Tin học
140569,SPD,su-pham-tin-hoc,A01,Điểm thi THPT,2024,23.76,Sư phạm Tin học
140570,SPD,su-pham-tin-hoc,A02,Điểm thi THPT,2024,23.76,Sư phạm Tin học
140571,SPD,su-pham-tin-hoc,D90,Điểm thi THPT,2024,23.76,Sư phạm Tin học
140572,SPD,su-pham-tin-hoc,A00,Điểm học bạ,2025,28.14,Sư phạm Tin học
140573,SPD,su-pham-tin-hoc,A01,Điểm học bạ,2025,28.14,Sư phạm Tin học
140574,SPD,su-pham-tin-hoc,C01,Điểm học bạ,2025,28.14,Sư phạm Tin học
140575,SPD,su-pham-tin-hoc,D01,Điểm học bạ,2025,28.14,Sư phạm Tin học
140576,SPD,su-pham-tin-hoc,X02,Điểm học bạ,2025,28.14,Sư phạm Tin học
140577,SPD,su-pham-tin-hoc,X06,Điểm học bạ,2025,28.14,Sư phạm Tin học
140578,SPD,su-pham-tin-hoc,A00,Điểm thi THPT,2025,24.73,Sư phạm Tin học
140579,SPD,su-pham-tin-hoc,A01,Điểm thi THPT,2025,24.05,Sư phạm Tin học
140580,SPD,su-pham-tin-hoc,C01,Điểm thi THPT,2025,25.67,Sư phạm Tin học
140581,SPD,su-pham-tin-hoc,D01,Điểm thi THPT,2025,24.06,Sư phạm Tin học
140582,SPD,su-pham-tin-hoc,X02,Điểm thi THPT,2025,25.46,Sư phạm Tin học
140583,SPD,su-pham-tin-hoc,X06,Điểm thi THPT,2025,25.45,Sư phạm Tin học
140584,SPD,su-pham-toan-hoc,A00,Điểm học bạ,2021,27.0,Sư phạm toán học
140585,SPD,su-pham-toan-hoc,A01,Điểm học bạ,2021,27.0,Sư phạm toán học
140586,SPD,su-pham-toan-hoc,A02,Điểm học bạ,2021,27.0,Sư phạm toán học
140587,SPD,su-pham-toan-hoc,A04,Điểm học bạ,2021,27.0,Sư phạm toán học
140588,SPD,su-pham-toan-hoc,A00,Điểm thi THPT,2021,24.0,Sư phạm toán học
140589,SPD,su-pham-toan-hoc,A01,Điểm thi THPT,2021,24.0,Sư phạm toán học
140590,SPD,su-pham-toan-hoc,A02,Điểm thi THPT,2021,24.0,Sư phạm toán học
140591,SPD,su-pham-toan-hoc,A04,Điểm thi THPT,2021,24.0,Sư phạm toán học
140592,SPD,su-pham-toan-hoc,A00,Điểm học bạ,2022,29.0,Sư phạm toán học
140593,SPD,su-pham-toan-hoc,A01,Điểm học bạ,2022,29.0,Sư phạm toán học
140594,SPD,su-pham-toan-hoc,A02,Điểm học bạ,2022,29.0,Sư phạm toán học
140595,SPD,su-pham-toan-hoc,A04,Điểm học bạ,2022,29.0,Sư phạm toán học
140596,SPD,su-pham-toan-hoc,A00,Điểm thi THPT,2022,23.1,Sư phạm toán học
140597,SPD,su-pham-toan-hoc,A01,Điểm thi THPT,2022,23.1,Sư phạm toán học
140598,SPD,su-pham-toan-hoc,A02,Điểm thi THPT,2022,23.1,Sư phạm toán học
140599,SPD,su-pham-toan-hoc,A04,Điểm thi THPT,2022,23.1,Sư phạm toán học
140600,SPD,su-pham-toan-hoc,A00,Điểm học bạ,2025,29.23,Sư phạm Toán học
140601,SPD,su-pham-toan-hoc,A01,Điểm học bạ,2025,29.23,Sư phạm Toán học
140602,SPD,su-pham-toan-hoc,A02,Điểm học bạ,2025,29.23,Sư phạm Toán học
140603,SPD,su-pham-toan-hoc,C01,Điểm học bạ,2025,29.23,Sư phạm Toán học
140604,SPD,su-pham-toan-hoc,C02,Điểm học bạ,2025,29.23,Sư phạm Toán học
140605,SPD,su-pham-toan-hoc,D01,Điểm học bạ,2025,29.23,Sư phạm Toán học
140606,SPD,su-pham-toan-hoc,A00,Điểm thi THPT,2025,27.99,Sư phạm Toán học
140607,SPD,su-pham-toan-hoc,A01,Điểm thi THPT,2025,27.31,Sư phạm Toán học
140608,SPD,su-pham-toan-hoc,A02,Điểm thi THPT,2025,27.71,Sư phạm Toán học
140609,SPD,su-pham-toan-hoc,C01,Điểm thi THPT,2025,28.93,Sư phạm Toán học
140610,SPD,su-pham-toan-hoc,C02,Điểm thi THPT,2025,28.0,Sư phạm Toán học
140611,SPD,su-pham-toan-hoc,D01,Điểm thi THPT,2025,27.32,Sư phạm Toán học
140612,SPD,su-pham-toan-hoc-chuong-trinh-dai-tra-chuong-trinh-toan-tieng-anh,A00,Điểm thi THPT,2023,24.17,Sư phạm Toán học - Chương trình đại trà - Chương trình Toán Tiếng Anh
140613,SPD,su-pham-toan-hoc-chuong-trinh-dai-tra-chuong-trinh-toan-tieng-anh,A01,Điểm thi THPT,2023,24.17,Sư phạm Toán học - Chương trình đại trà - Chương trình Toán Tiếng Anh
140614,SPD,su-pham-toan-hoc-chuong-trinh-dai-tra-chuong-trinh-toan-tieng-anh,A02,Điểm thi THPT,2023,24.17,Sư phạm Toán học - Chương trình đại trà - Chương trình Toán Tiếng Anh
140615,SPD,su-pham-toan-hoc-chuong-trinh-dai-tra-chuong-trinh-toan-tieng-anh,A04,Điểm thi THPT,2023,24.17,Sư phạm Toán học - Chương trình đại trà - Chương trình Toán Tiếng Anh
140616,SPD,su-pham-toan-hoc-chuong-trinh-dai-tra-chuong-trinh-toan-tieng-anh,D90,Điểm thi THPT,2023,24.17,Sư phạm Toán học - Chương trình đại trà - Chương trình Toán Tiếng Anh
140617,SPD,su-pham-toan-hoc-chuong-trinh-dai-tra-chuong-trinh-toan-tieng-anh,A00,Điểm thi THPT,2024,26.33,Sư phạm Toán học - Chương trình đại trà - Chương trình Toán Tiếng Anh
140618,SPD,su-pham-toan-hoc-chuong-trinh-dai-tra-chuong-trinh-toan-tieng-anh,A01,Điểm thi THPT,2024,26.33,Sư phạm Toán học - Chương trình đại trà - Chương trình Toán Tiếng Anh
140619,SPD,su-pham-toan-hoc-chuong-trinh-dai-tra-chuong-trinh-toan-tieng-anh,A02,Điểm thi THPT,2024,26.33,Sư phạm Toán học - Chương trình đại trà - Chương trình Toán Tiếng Anh
140620,SPD,su-pham-toan-hoc-chuong-trinh-dai-tra-chuong-trinh-toan-tieng-anh,D90,Điểm thi THPT,2024,26.33,Sư phạm Toán học - Chương trình đại trà - Chương trình Toán Tiếng Anh
140621,SPD,su-pham-toan-hoc-co-02-chuyen-nganh-chuong-trinh-dai-tra-chuong-trinh-toan-tieng-anh,A00,Điểm học bạ,2024,29.6,Sư phạm Toán học Có 02 chuyên ngành: - Chương trình đại trà - Chương trình Toán tiếng Anh
140622,SPD,su-pham-toan-hoc-co-02-chuyen-nganh-chuong-trinh-dai-tra-chuong-trinh-toan-tieng-anh,A01,Điểm học bạ,2024,29.6,Sư phạm Toán học Có 02 chuyên ngành: - Chương trình đại trà - Chương trình Toán tiếng Anh
140623,SPD,su-pham-toan-hoc-co-02-chuyen-nganh-chuong-trinh-dai-tra-chuong-trinh-toan-tieng-anh,A02,Điểm học bạ,2024,29.6,Sư phạm Toán học Có 02 chuyên ngành: - Chương trình đại trà - Chương trình Toán tiếng Anh
140624,SPD,su-pham-toan-hoc-co-02-chuyen-nganh-chuong-trinh-dai-tra-chuong-trinh-toan-tieng-anh,A04,Điểm học bạ,2024,29.6,Sư phạm Toán học Có 02 chuyên ngành: - Chương trình đại trà - Chương trình Toán tiếng Anh
140625,SPD,su-pham-vat-ly,A00,Điểm học bạ,2021,24.0,Sư phạm vật lý
140626,SPD,su-pham-vat-ly,A01,Điểm học bạ,2021,24.0,Sư phạm vật lý
140627,SPD,su-pham-vat-ly,A02,Điểm học bạ,2021,24.0,Sư phạm vật lý
140628,SPD,su-pham-vat-ly,A04,Điểm học bạ,2021,24.0,Sư phạm vật lý
140629,SPD,su-pham-vat-ly,A00,Điểm thi THPT,2021,22.0,Sư phạm vật lý
140630,SPD,su-pham-vat-ly,A01,Điểm thi THPT,2021,22.0,Sư phạm vật lý
140631,SPD,su-pham-vat-ly,A02,Điểm thi THPT,2021,22.0,Sư phạm vật lý
140632,SPD,su-pham-vat-ly,A04,Điểm thi THPT,2021,22.0,Sư phạm vật lý
140633,SPD,su-pham-vat-ly,A00,Điểm học bạ,2022,28.5,Sư phạm vật lý
140634,SPD,su-pham-vat-ly,A01,Điểm học bạ,2022,28.5,Sư phạm vật lý
140635,SPD,su-pham-vat-ly,A02,Điểm học bạ,2022,28.5,Sư phạm vật lý
140636,SPD,su-pham-vat-ly,A04,Điểm học bạ,2022,28.5,Sư phạm vật lý
140637,SPD,su-pham-vat-ly,A00,Điểm thi THPT,2022,22.85,Sư phạm vật lý
140638,SPD,su-pham-vat-ly,A01,Điểm thi THPT,2022,22.85,Sư phạm vật lý
140639,SPD,su-pham-vat-ly,A02,Điểm thi THPT,2022,22.85,Sư phạm vật lý
140640,SPD,su-pham-vat-ly,A04,Điểm thi THPT,2022,22.85,Sư phạm vật lý
140641,SPD,su-pham-vat-ly,A00,Điểm thi THPT,2023,23.98,Sư phạm Vật lý
140642,SPD,su-pham-vat-ly,A01,Điểm thi THPT,2023,23.98,Sư phạm Vật lý
140643,SPD,su-pham-vat-ly,A02,Điểm thi THPT,2023,23.98,Sư phạm Vật lý
140644,SPD,su-pham-vat-ly,A04,Điểm thi THPT,2023,23.98,Sư phạm Vật lý
140645,SPD,su-pham-vat-ly,D90,Điểm thi THPT,2023,23.98,Sư phạm Vật lý
140646,SPD,su-pham-vat-ly,A00,Điểm học bạ,2024,29.2,Sư phạm Vật lý
140647,SPD,su-pham-vat-ly,A01,Điểm học bạ,2024,29.2,Sư phạm Vật lý
140648,SPD,su-pham-vat-ly,A02,Điểm học bạ,2024,29.2,Sư phạm Vật lý
140649,SPD,su-pham-vat-ly,A04,Điểm học bạ,2024,29.2,Sư phạm Vật lý
140650,SPD,su-pham-vat-ly,A00,Điểm thi THPT,2024,25.8,Sư phạm Vật lý
140651,SPD,su-pham-vat-ly,A01,Điểm thi THPT,2024,25.8,Sư phạm Vật lý
140652,SPD,su-pham-vat-ly,A02,Điểm thi THPT,2024,25.8,Sư phạm Vật lý
140653,SPD,su-pham-vat-ly,D90,Điểm thi THPT,2024,25.8,Sư phạm Vật lý
140654,SPD,su-pham-vat-ly,A00,Điểm học bạ,2025,29.31,Sư phạm Vật lý
140655,SPD,su-pham-vat-ly,A01,Điểm học bạ,2025,29.31,Sư phạm Vật lý
140656,SPD,su-pham-vat-ly,A02,Điểm học bạ,2025,29.31,Sư phạm Vật lý
140657,SPD,su-pham-vat-ly,C01,Điểm học bạ,2025,29.31,Sư phạm Vật lý
140658,SPD,su-pham-vat-ly,X06,Điểm học bạ,2025,29.31,Sư phạm Vật lý
140659,SPD,su-pham-vat-ly,X07,Điểm học bạ,2025,29.31,Sư phạm Vật lý
140660,SPD,su-pham-vat-ly,A00,Điểm thi THPT,2025,28.2,Sư phạm Vật lý
140661,SPD,su-pham-vat-ly,A01,Điểm thi THPT,2025,27.52,Sư phạm Vật lý
140662,SPD,su-pham-vat-ly,A02,Điểm thi THPT,2025,27.92,Sư phạm Vật lý
140663,SPD,su-pham-vat-ly,C01,Điểm thi THPT,2025,29.14,Sư phạm Vật lý
140664,SPD,su-pham-vat-ly,X06,Điểm thi THPT,2025,28.92,Sư phạm Vật lý
140665,SPD,su-pham-vat-ly,X07,Điểm thi THPT,2025,27.93,Sư phạm Vật lý
140666,SPD,tai-chinh-ngan-hang,A00,Điểm học bạ,2021,19.0,Tài chính ngân hàng
140667,SPD,tai-chinh-ngan-hang,A01,Điểm học bạ,2021,19.0,Tài chính ngân hàng
140668,SPD,tai-chinh-ngan-hang,D01,Điểm học bạ,2021,19.0,Tài chính ngân hàng
140669,SPD,tai-chinh-ngan-hang,D10,Điểm học bạ,2021,19.0,Tài chính ngân hàng
140670,SPD,tai-chinh-ngan-hang,A00,Điểm thi THPT,2021,18.0,Tài chính ngân hàng
140671,SPD,tai-chinh-ngan-hang,A01,Điểm thi THPT,2021,18.0,Tài chính ngân hàng
140672,SPD,tai-chinh-ngan-hang,D01,Điểm thi THPT,2021,18.0,Tài chính ngân hàng
140673,SPD,tai-chinh-ngan-hang,D10,Điểm thi THPT,2021,18.0,Tài chính ngân hàng
140674,SPD,tai-chinh-ngan-hang,A00,Điểm học bạ,2022,24.0,Tài chính ngân hàng
140675,SPD,tai-chinh-ngan-hang,A01,Điểm học bạ,2022,24.0,Tài chính ngân hàng
140676,SPD,tai-chinh-ngan-hang,D01,Điểm học bạ,2022,24.0,Tài chính ngân hàng
140677,SPD,tai-chinh-ngan-hang,D10,Điểm học bạ,2022,24.0,Tài chính ngân hàng
140678,SPD,tai-chinh-ngan-hang,A00,Điểm thi THPT,2022,15.0,Tài chính ngân hàng
140679,SPD,tai-chinh-ngan-hang,A01,Điểm thi THPT,2022,15.0,Tài chính ngân hàng
140680,SPD,tai-chinh-ngan-hang,D01,Điểm thi THPT,2022,15.0,Tài chính ngân hàng
140681,SPD,tai-chinh-ngan-hang,D10,Điểm thi THPT,2022,15.0,Tài chính ngân hàng
140682,SPD,tai-chinh-ngan-hang,A00,Điểm học bạ,2023,19.0,Tài chính - Ngân hàng
140683,SPD,tai-chinh-ngan-hang,A01,Điểm học bạ,2023,19.0,Tài chính - Ngân hàng
140684,SPD,tai-chinh-ngan-hang,D01,Điểm học bạ,2023,19.0,Tài chính - Ngân hàng
140685,SPD,tai-chinh-ngan-hang,D10,Điểm học bạ,2023,19.0,Tài chính - Ngân hàng
140686,SPD,tai-chinh-ngan-hang,A00,Điểm thi THPT,2023,15.0,Tài chính - Ngân hàng
140687,SPD,tai-chinh-ngan-hang,A01,Điểm thi THPT,2023,15.0,Tài chính - Ngân hàng
140688,SPD,tai-chinh-ngan-hang,D01,Điểm thi THPT,2023,15.0,Tài chính - Ngân hàng
140689,SPD,tai-chinh-ngan-hang,D10,Điểm thi THPT,2023,15.0,Tài chính - Ngân hàng
140690,SPD,tai-chinh-ngan-hang,A00,Điểm học bạ,2024,25.52,Tài chính - Ngân hàng
140691,SPD,tai-chinh-ngan-hang,A01,Điểm học bạ,2024,25.52,Tài chính - Ngân hàng
140692,SPD,tai-chinh-ngan-hang,D01,Điểm học bạ,2024,25.52,Tài chính - Ngân hàng
140693,SPD,tai-chinh-ngan-hang,D10,Điểm học bạ,2024,25.52,Tài chính - Ngân hàng
140694,SPD,tai-chinh-ngan-hang,A00,Điểm thi THPT,2024,19.5,Tài chính - Ngân hàng
140695,SPD,tai-chinh-ngan-hang,A01,Điểm thi THPT,2024,19.5,Tài chính - Ngân hàng
140696,SPD,tai-chinh-ngan-hang,D01,Điểm thi THPT,2024,19.5,Tài chính - Ngân hàng
140697,SPD,tai-chinh-ngan-hang,D10,Điểm thi THPT,2024,19.5,Tài chính - Ngân hàng
140698,SPD,tai-chinh-ngan-hang,A00,Điểm học bạ,2025,26.1,Tài chính - Ngân hàng
140699,SPD,tai-chinh-ngan-hang,A01,Điểm học bạ,2025,26.1,Tài chính - Ngân hàng
140700,SPD,tai-chinh-ngan-hang,C14,Điểm học bạ,2025,26.1,Tài chính - Ngân hàng
140701,SPD,tai-chinh-ngan-hang,D01,Điểm học bạ,2025,26.1,Tài chính - Ngân hàng
140702,SPD,tai-chinh-ngan-hang,D10,Điểm học bạ,2025,26.1,Tài chính - Ngân hàng
140703,SPD,tai-chinh-ngan-hang,X01,Điểm học bạ,2025,26.1,Tài chính - Ngân hàng
140704,SPD,tai-chinh-ngan-hang,A00,Điểm thi THPT,2025,19.35,Tài chính - Ngân hàng
140705,SPD,tai-chinh-ngan-hang,A01,Điểm thi THPT,2025,18.67,Tài chính - Ngân hàng
140706,SPD,tai-chinh-ngan-hang,C14,Điểm thi THPT,2025,20.99,Tài chính - Ngân hàng
140707,SPD,tai-chinh-ngan-hang,D01,Điểm thi THPT,2025,18.68,Tài chính - Ngân hàng
140708,SPD,tai-chinh-ngan-hang,D10,Điểm thi THPT,2025,18.31,Tài chính - Ngân hàng
140709,SPD,tai-chinh-ngan-hang,X01,Điểm thi THPT,2025,20.99,Tài chính - Ngân hàng
140710,SPD,tam-ly-hoc-giao-duc,A00,Điểm học bạ,2023,19.0,Tâm lý học giáo dục
140711,SPD,tam-ly-hoc-giao-duc,C00,Điểm học bạ,2023,19.0,Tâm lý học giáo dục
140712,SPD,tam-ly-hoc-giao-duc,C19,Điểm học bạ,2023,19.0,Tâm lý học giáo dục
140713,SPD,tam-ly-hoc-giao-duc,D01,Điểm học bạ,2023,19.0,Tâm lý học giáo dục
140714,SPD,tam-ly-hoc-giao-duc,A00,Điểm thi THPT,2023,15.0,Tâm lý học giáo dục
140715,SPD,tam-ly-hoc-giao-duc,C00,Điểm thi THPT,2023,15.0,Tâm lý học giáo dục
140716,SPD,tam-ly-hoc-giao-duc,C19,Điểm thi THPT,2023,15.0,Tâm lý học giáo dục
140717,SPD,tam-ly-hoc-giao-duc,D01,Điểm thi THPT,2023,15.0,Tâm lý học giáo dục
140718,SPD,tam-ly-hoc-giao-duc,A00,Điểm học bạ,2024,25.1,Tâm lý học giáo dục
140719,SPD,tam-ly-hoc-giao-duc,C00,Điểm học bạ,2024,25.1,Tâm lý học giáo dục
140720,SPD,tam-ly-hoc-giao-duc,C19,Điểm học bạ,2024,25.1,Tâm lý học giáo dục
140721,SPD,tam-ly-hoc-giao-duc,D01,Điểm học bạ,2024,25.1,Tâm lý học giáo dục
140722,SPD,tam-ly-hoc-giao-duc,A00,Điểm thi THPT,2024,24.2,Tâm lý học giáo dục
140723,SPD,tam-ly-hoc-giao-duc,C00,Điểm thi THPT,2024,24.2,Tâm lý học giáo dục
140724,SPD,tam-ly-hoc-giao-duc,C19,Điểm thi THPT,2024,24.2,Tâm lý học giáo dục
140725,SPD,tam-ly-hoc-giao-duc,D01,Điểm thi THPT,2024,24.2,Tâm lý học giáo dục
140726,SPD,tam-ly-hoc-giao-duc,C00,Điểm học bạ,2025,28.14,Tâm lý học giáo dục
140727,SPD,tam-ly-hoc-giao-duc,C03,Điểm học bạ,2025,28.14,Tâm lý học giáo dục
140728,SPD,tam-ly-hoc-giao-duc,C04,Điểm học bạ,2025,28.14,Tâm lý học giáo dục
140729,SPD,tam-ly-hoc-giao-duc,C19,Điểm học bạ,2025,28.14,Tâm lý học giáo dục
140730,SPD,tam-ly-hoc-giao-duc,C20,Điểm học bạ,2025,28.14,Tâm lý học giáo dục
140731,SPD,tam-ly-hoc-giao-duc,D01,Điểm học bạ,2025,28.14,Tâm lý học giáo dục
140732,SPD,tam-ly-hoc-giao-duc,X70,Điểm học bạ,2025,28.14,Tâm lý học giáo dục
140733,SPD,tam-ly-hoc-giao-duc,X74,Điểm học bạ,2025,28.14,Tâm lý học giáo dục
140734,SPD,tam-ly-hoc-giao-duc,C00,Điểm thi THPT,2025,24.73,Tâm lý học giáo dục
140735,SPD,tam-ly-hoc-giao-duc,C03,Điểm thi THPT,2025,22.88,Tâm lý học giáo dục
140736,SPD,tam-ly-hoc-giao-duc,C04,Điểm thi THPT,2025,22.99,Tâm lý học giáo dục
140737,SPD,tam-ly-hoc-giao-duc,C19,Điểm thi THPT,2025,25.79,Tâm lý học giáo dục
140738,SPD,tam-ly-hoc-giao-duc,C20,Điểm thi THPT,2025,25.9,Tâm lý học giáo dục
140739,SPD,tam-ly-hoc-giao-duc,D01,Điểm thi THPT,2025,21.74,Tâm lý học giáo dục
140740,SPD,tam-ly-hoc-giao-duc,X70,Điểm thi THPT,2025,25.79,Tâm lý học giáo dục
140741,SPD,tam-ly-hoc-giao-duc,X74,Điểm thi THPT,2025,25.9,Tâm lý học giáo dục
140742,SPD,thu-y,A00,Điểm học bạ,2025,26.29,Thú y
140743,SPD,thu-y,B00,Điểm học bạ,2025,26.29,Thú y
140744,SPD,thu-y,B03,Điểm học bạ,2025,26.29,Thú y
140745,SPD,thu-y,B08,Điểm học bạ,2025,26.29,Thú y
140746,SPD,thu-y,C02,Điểm học bạ,2025,26.29,Thú y
140747,SPD,thu-y,C08,Điểm học bạ,2025,26.29,Thú y
140748,SPD,thu-y,A00,Điểm thi THPT,2025,20.96,Thú y
140749,SPD,thu-y,B00,Điểm thi THPT,2025,19.75,Thú y
140750,SPD,thu-y,B03,Điểm thi THPT,2025,20.69,Thú y
140751,SPD,thu-y,B08,Điểm thi THPT,2025,19.07,Thú y
140752,SPD,thu-y,C02,Điểm thi THPT,2025,20.97,Thú y
140753,SPD,thu-y,C08,Điểm thi THPT,2025,21.97,Thú y
140754,SPD,truyen-thong-da-phuong-tien,C00,Điểm học bạ,2025,28.13,Truyền thông đa phương tiện
140755,SPD,truyen-thong-da-phuong-tien,C03,Điểm học bạ,2025,28.13,Truyền thông đa phương tiện
140756,SPD,truyen-thong-da-phuong-tien,C04,Điểm học bạ,2025,28.13,Truyền thông đa phương tiện
140757,SPD,truyen-thong-da-phuong-tien,C19,Điểm học bạ,2025,28.13,Truyền thông đa phương tiện
140758,SPD,truyen-thong-da-phuong-tien,C20,Điểm học bạ,2025,28.13,Truyền thông đa phương tiện
140759,SPD,truyen-thong-da-phuong-tien,D66,Điểm học bạ,2025,28.13,Truyền thông đa phương tiện
140760,SPD,truyen-thong-da-phuong-tien,X70,Điểm học bạ,2025,28.13,Truyền thông đa phương tiện
140761,SPD,truyen-thong-da-phuong-tien,X74,Điểm học bạ,2025,28.13,Truyền thông đa phương tiện
140762,SPD,truyen-thong-da-phuong-tien,X78,Điểm học bạ,2025,28.13,Truyền thông đa phương tiện
140763,SPD,truyen-thong-da-phuong-tien,C00,Điểm thi THPT,2025,24.7,Truyền thông đa phương tiện
140764,SPD,truyen-thong-da-phuong-tien,C03,Điểm thi THPT,2025,22.85,Truyền thông đa phương tiện
140765,SPD,truyen-thong-da-phuong-tien,C04,Điểm thi THPT,2025,22.96,Truyền thông đa phương tiện
140766,SPD,truyen-thong-da-phuong-tien,C19,Điểm thi THPT,2025,25.76,Truyền thông đa phương tiện
140767,SPD,truyen-thong-da-phuong-tien,C20,Điểm thi THPT,2025,25.87,Truyền thông đa phương tiện
140768,SPD,truyen-thong-da-phuong-tien,D66,Điểm thi THPT,2025,24.62,Truyền thông đa phương tiện
140769,SPD,truyen-thong-da-phuong-tien,X70,Điểm thi THPT,2025,25.76,Truyền thông đa phương tiện
140770,SPD,truyen-thong-da-phuong-tien,X74,Điểm thi THPT,2025,25.87,Truyền thông đa phương tiện
140771,SPD,truyen-thong-da-phuong-tien,X78,Điểm thi THPT,2025,24.62,Truyền thông đa phương tiện
140772,SPD,viet-nam-hoc,C00,Điểm học bạ,2021,19.0,Việt Nam học
140773,SPD,viet-nam-hoc,C19,Điểm học bạ,2021,19.0,Việt Nam học
140774,SPD,viet-nam-hoc,C20,Điểm học bạ,2021,19.0,Việt Nam học
140775,SPD,viet-nam-hoc,D01,Điểm học bạ,2021,19.0,Việt Nam học
140776,SPD,viet-nam-hoc,C00,Điểm thi THPT,2021,16.0,Việt Nam học
140777,SPD,viet-nam-hoc,C19,Điểm thi THPT,2021,16.0,Việt Nam học
140778,SPD,viet-nam-hoc,C20,Điểm thi THPT,2021,16.0,Việt Nam học
140779,SPD,viet-nam-hoc,D01,Điểm thi THPT,2021,16.0,Việt Nam học
140780,SPD,viet-nam-hoc,C00,Điểm học bạ,2022,19.0,Việt Nam học
140781,SPD,viet-nam-hoc,C19,Điểm học bạ,2022,19.0,Việt Nam học
140782,SPD,viet-nam-hoc,C20,Điểm học bạ,2022,19.0,Việt Nam học
140783,SPD,viet-nam-hoc,D01,Điểm học bạ,2022,19.0,Việt Nam học
140784,SPD,viet-nam-hoc,C00,Điểm thi THPT,2022,15.0,Việt Nam học
140785,SPD,viet-nam-hoc,C19,Điểm thi THPT,2022,15.0,Việt Nam học
140786,SPD,viet-nam-hoc,C20,Điểm thi THPT,2022,15.0,Việt Nam học
140787,SPD,viet-nam-hoc,D01,Điểm thi THPT,2022,15.0,Việt Nam học
140788,SPD,viet-nam-hoc,C00,Điểm học bạ,2023,20.0,Việt Nam học (Hướng dẫn viên du lịch; Quản lý Nhà hàng và Khách sạn)
140789,SPD,viet-nam-hoc,C19,Điểm học bạ,2023,20.0,Việt Nam học (Hướng dẫn viên du lịch; Quản lý Nhà hàng và Khách sạn)
140790,SPD,viet-nam-hoc,C20,Điểm học bạ,2023,20.0,Việt Nam học (Hướng dẫn viên du lịch; Quản lý Nhà hàng và Khách sạn)
140791,SPD,viet-nam-hoc,D01,Điểm học bạ,2023,20.0,Việt Nam học (Hướng dẫn viên du lịch; Quản lý Nhà hàng và Khách sạn)
140792,SPD,viet-nam-hoc,C00,Điểm thi THPT,2023,15.0,Việt Nam học (Hướng dẫn viên du lịch; Quản lý Nhà hàng và Khách sạn)
140793,SPD,viet-nam-hoc,C19,Điểm thi THPT,2023,15.0,Việt Nam học (Hướng dẫn viên du lịch; Quản lý Nhà hàng và Khách sạn)
140794,SPD,viet-nam-hoc,C20,Điểm thi THPT,2023,15.0,Việt Nam học (Hướng dẫn viên du lịch; Quản lý Nhà hàng và Khách sạn)
140795,SPD,viet-nam-hoc,D01,Điểm thi THPT,2023,15.0,Việt Nam học (Hướng dẫn viên du lịch; Quản lý Nhà hàng và Khách sạn)
140796,SPD,viet-nam-hoc,C00,Điểm học bạ,2024,25.53,Việt Nam học (Hướng dẫn viên du lịch; Quản lý Nhà hàng và Khách sạn)
140797,SPD,viet-nam-hoc,C19,Điểm học bạ,2024,25.53,Việt Nam học (Hướng dẫn viên du lịch; Quản lý Nhà hàng và Khách sạn)
140798,SPD,viet-nam-hoc,C20,Điểm học bạ,2024,25.53,Việt Nam học (Hướng dẫn viên du lịch; Quản lý Nhà hàng và Khách sạn)
140799,SPD,viet-nam-hoc,D01,Điểm học bạ,2024,25.53,Việt Nam học (Hướng dẫn viên du lịch; Quản lý Nhà hàng và Khách sạn)
140800,SPD,viet-nam-hoc,C00,Điểm thi THPT,2024,23.93,Việt Nam học (Hướng dẫn viên du lịch; Quản lý Nhà hàng và Khách sạn)
140801,SPD,viet-nam-hoc,C19,Điểm thi THPT,2024,23.93,Việt Nam học (Hướng dẫn viên du lịch; Quản lý Nhà hàng và Khách sạn)
140802,SPD,viet-nam-hoc,C20,Điểm thi THPT,2024,23.93,Việt Nam học (Hướng dẫn viên du lịch; Quản lý Nhà hàng và Khách sạn)
140803,SPD,viet-nam-hoc,D01,Điểm thi THPT,2024,23.93,Việt Nam học (Hướng dẫn viên du lịch; Quản lý Nhà hàng và Khách sạn)
140804,SPD,viet-nam-hoc,C00,Điểm học bạ,2025,27.95,Việt Nam học
140805,SPD,viet-nam-hoc,C03,Điểm học bạ,2025,27.95,Việt Nam học
140806,SPD,viet-nam-hoc,C04,Điểm học bạ,2025,27.95,Việt Nam học
140807,SPD,viet-nam-hoc,C19,Điểm học bạ,2025,27.95,Việt Nam học
140808,SPD,viet-nam-hoc,C20,Điểm học bạ,2025,27.95,Việt Nam học
140809,SPD,viet-nam-hoc,D01,Điểm học bạ,2025,27.95,Việt Nam học
140810,SPD,viet-nam-hoc,X70,Điểm học bạ,2025,27.95,Việt Nam học
140811,SPD,viet-nam-hoc,X74,Điểm học bạ,2025,27.95,Việt Nam học
140812,SPD,viet-nam-hoc,C00,Điểm thi THPT,2025,24.19,Việt Nam học
140813,SPD,viet-nam-hoc,C03,Điểm thi THPT,2025,22.34,Việt Nam học
140814,SPD,viet-nam-hoc,C04,Điểm thi THPT,2025,22.45,Việt Nam học
140815,SPD,viet-nam-hoc,C19,Điểm thi THPT,2025,25.25,Việt Nam học
140816,SPD,viet-nam-hoc,C20,Điểm thi THPT,2025,25.36,Việt Nam học
140817,SPD,viet-nam-hoc,D01,Điểm thi THPT,2025,21.2,Việt Nam học
140818,SPD,viet-nam-hoc,X70,Điểm thi THPT,2025,25.25,Việt Nam học
140819,SPD,viet-nam-hoc,X74,Điểm thi THPT,2025,25.36,Việt Nam học
140820,SPH,chinh-tri-hoc,C19,Điểm thi THPT,2021,20.75,Chính trị học
140821,SPH,chinh-tri-hoc,D66,Điểm thi THPT,2021,18.9,Chính trị học
140822,SPH,chinh-tri-hoc,D68,Điểm thi THPT,2021,18.9,Chính trị học
140823,SPH,chinh-tri-hoc,D70,Điểm thi THPT,2021,18.9,Chính trị học
140824,SPH,chinh-tri-hoc,C19,Điểm thi THPT,2022,26.0,Chính trị học
140825,SPH,chinh-tri-hoc,D66,Điểm thi THPT,2022,20.45,Chính trị học
140826,SPH,chinh-tri-hoc,D68,Điểm thi THPT,2022,20.45,Chính trị học
140827,SPH,chinh-tri-hoc,D70,Điểm thi THPT,2022,20.45,Chính trị học
140828,SPH,chinh-tri-hoc,C19,Điểm thi THPT,2023,26.62,Chính trị học
140829,SPH,chinh-tri-hoc,D66,Điểm thi THPT,2023,25.05,Chính trị học
140830,SPH,chinh-tri-hoc,D68,Điểm thi THPT,2023,25.05,Chính trị học
140831,SPH,chinh-tri-hoc,D70,Điểm thi THPT,2023,25.05,Chính trị học
140832,SPH,chinh-tri-hoc,C19,Điểm thi THPT,2024,26.86,Chính trị học
140833,SPH,chinh-tri-hoc,D66,Điểm thi THPT,2024,26.86,Chính trị học
140834,SPH,chinh-tri-hoc,D68,Điểm thi THPT,2024,26.86,Chính trị học
140835,SPH,chinh-tri-hoc,D70,Điểm thi THPT,2024,26.86,Chính trị học
140836,SPH,chinh-tri-hoc,X70,Điểm thi THPT,2025,25.1,Chính trị học
140837,SPH,chinh-tri-hoc,X74,Điểm thi THPT,2025,25.1,Chính trị học
140838,SPH,chinh-tri-hoc,X78,Điểm thi THPT,2025,25.1,Chính trị học
140839,SPH,cong-nghe-sinh-hoc,A02,Điểm thi THPT,2025,19.25,Công nghệ sinh học (mới)
140840,SPH,cong-nghe-sinh-hoc,B00,Điểm thi THPT,2025,19.25,Công nghệ sinh học (mới)
140841,SPH,cong-nghe-sinh-hoc,B08,Điểm thi THPT,2025,19.25,Công nghệ sinh học (mới)
140842,SPH,cong-nghe-thong-tin,A00,Điểm thi THPT,2021,22.15,Công nghệ thông tin
140843,SPH,cong-nghe-thong-tin,A01,Điểm thi THPT,2021,21.8,Công nghệ thông tin
140844,SPH,cong-nghe-thong-tin,A00,Điểm thi THPT,2022,23.9,Công nghệ thông tin
140845,SPH,cong-nghe-thong-tin,A01,Điểm thi THPT,2022,23.85,Công nghệ thông tin
140846,SPH,cong-nghe-thong-tin,A00,Điểm thi THPT,2023,23.7,Công nghệ thông tin
140847,SPH,cong-nghe-thong-tin,A01,Điểm thi THPT,2023,23.56,Công nghệ thông tin
140848,SPH,cong-nghe-thong-tin,A00,Điểm thi THPT,2024,24.1,Công nghệ thông tin
140849,SPH,cong-nghe-thong-tin,A01,Điểm thi THPT,2024,24.1,Công nghệ thông tin
140850,SPH,cong-nghe-thong-tin,A00,Điểm thi THPT,2025,20.6,Công nghệ thông tin
140851,SPH,cong-nghe-thong-tin,A01,Điểm thi THPT,2025,20.6,Công nghệ thông tin
140852,SPH,cong-nghe-thong-tin,X06,Điểm thi THPT,2025,20.6,Công nghệ thông tin
140853,SPH,cong-tac-xa-hoi,C00,Điểm thi THPT,2021,21.25,Công tác xã hội
140854,SPH,cong-tac-xa-hoi,D01,Điểm thi THPT,2021,20.25,Công tác xã hội
140855,SPH,cong-tac-xa-hoi,D02,Điểm thi THPT,2021,20.25,Công tác xã hội
140856,SPH,cong-tac-xa-hoi,D03,Điểm thi THPT,2021,20.25,Công tác xã hội
140857,SPH,cong-tac-xa-hoi,C00,Điểm thi THPT,2022,24.25,Công tác xã hội
140858,SPH,cong-tac-xa-hoi,D01,Điểm thi THPT,2022,22.5,Công tác xã hội
140859,SPH,cong-tac-xa-hoi,D02,Điểm thi THPT,2022,22.5,Công tác xã hội
140860,SPH,cong-tac-xa-hoi,D03,Điểm thi THPT,2022,22.5,Công tác xã hội
140861,SPH,cong-tac-xa-hoi,C00,Điểm thi THPT,2023,23.48,Công tác xã hội
140862,SPH,cong-tac-xa-hoi,D01,Điểm thi THPT,2023,22.75,Công tác xã hội
140863,SPH,cong-tac-xa-hoi,D02,Điểm thi THPT,2023,22.75,Công tác xã hội
140864,SPH,cong-tac-xa-hoi,D03,Điểm thi THPT,2023,22.75,Công tác xã hội
140865,SPH,cong-tac-xa-hoi,C00,Điểm thi THPT,2024,26.5,Công tác xã hội
140866,SPH,cong-tac-xa-hoi,D01,Điểm thi THPT,2024,26.5,Công tác xã hội
140867,SPH,cong-tac-xa-hoi,D02,Điểm thi THPT,2024,26.5,Công tác xã hội
140868,SPH,cong-tac-xa-hoi,D03,Điểm thi THPT,2024,26.5,Công tác xã hội
140869,SPH,cong-tac-xa-hoi,C00,Điểm thi THPT,2025,26.04,Công tác xã hội
140870,SPH,cong-tac-xa-hoi,D14,Điểm thi THPT,2025,26.04,Công tác xã hội
140871,SPH,cong-tac-xa-hoi,X70,Điểm thi THPT,2025,26.04,Công tác xã hội
140872,SPH,gd-mam-non-sp-tieng-anh,M01,Điểm thi THPT,2023,20.63,GD mầm non - SP Tiếng Anh
140873,SPH,gd-mam-non-sp-tieng-anh,M02,Điểm thi THPT,2023,22.35,GD mầm non - SP Tiếng Anh
140874,SPH,gd-tieu-hoc-sp-tieng-anh,D01,Điểm thi THPT,2023,26.96,GD Tiểu học - SP Tiếng Anh
140875,SPH,giao-duc-chinh-tri,C19,Điểm thi THPT,2021,26.25,Giáo dục chính trị
140876,SPH,giao-duc-chinh-tri,C20,Điểm thi THPT,2021,28.25,Giáo dục chính trị
140877,SPH,giao-duc-chinh-tri,C19,Điểm thi THPT,2022,28.5,Giáo dục chính trị
140878,SPH,giao-duc-chinh-tri,C20,Điểm thi THPT,2022,28.5,Giáo dục chính trị
140879,SPH,giao-duc-chinh-tri,C19,Điểm thi THPT,2023,28.13,Giáo dục chính trị
140880,SPH,giao-duc-chinh-tri,C20,Điểm thi THPT,2023,27.47,Giáo dục chính trị
140881,SPH,giao-duc-chinh-tri,C19,Điểm thi THPT,2024,28.83,Giáo dục chính trị
140882,SPH,giao-duc-chinh-tri,C20,Điểm thi THPT,2024,28.83,Giáo dục chính trị
140883,SPH,giao-duc-chinh-tri,X70,Điểm thi THPT,2025,28.22,Giáo dục chính trị
140884,SPH,giao-duc-chinh-tri,X74,Điểm thi THPT,2025,28.22,Giáo dục chính trị
140885,SPH,giao-duc-chinh-tri,X78,Điểm thi THPT,2025,28.22,Giáo dục chính trị
140886,SPH,giao-duc-cong-dan,C19,Điểm thi THPT,2021,26.5,Giáo dục công dân
140887,SPH,giao-duc-cong-dan,C20,Điểm thi THPT,2021,27.75,Giáo dục công dân
140888,SPH,giao-duc-cong-dan,C19,Điểm thi THPT,2022,27.5,Giáo dục công dân
140889,SPH,giao-duc-cong-dan,C20,Điểm thi THPT,2022,27.5,Giáo dục công dân
140890,SPH,giao-duc-cong-dan,C19,Điểm thi THPT,2023,27.83,Giáo dục công dân
140891,SPH,giao-duc-cong-dan,C20,Điểm thi THPT,2023,27.31,Giáo dục công dân
140892,SPH,giao-duc-cong-dan,C19,Điểm thi THPT,2024,28.6,Giáo dục công dân
140893,SPH,giao-duc-cong-dan,C20,Điểm thi THPT,2024,28.6,Giáo dục công dân
140894,SPH,giao-duc-cong-dan,X70,Điểm thi THPT,2025,27.67,Giáo dục công dân
140895,SPH,giao-duc-cong-dan,X74,Điểm thi THPT,2025,27.67,Giáo dục công dân
140896,SPH,giao-duc-cong-dan,X78,Điểm thi THPT,2025,27.67,Giáo dục công dân
140897,SPH,giao-duc-dac-biet,C00,Điểm thi THPT,2021,24.25,Giáo dục Đặc biệt
140898,SPH,giao-duc-dac-biet,D01,Điểm thi THPT,2021,24.35,Giáo dục Đặc biệt
140899,SPH,giao-duc-dac-biet,D02,Điểm thi THPT,2021,24.35,Giáo dục Đặc biệt
140900,SPH,giao-duc-dac-biet,D03,Điểm thi THPT,2021,24.35,Giáo dục Đặc biệt
140901,SPH,giao-duc-dac-biet,C00,Điểm thi THPT,2022,27.5,Giáo dục Đặc biệt
140902,SPH,giao-duc-dac-biet,D01,Điểm thi THPT,2022,24.85,Giáo dục Đặc biệt
140903,SPH,giao-duc-dac-biet,D02,Điểm thi THPT,2022,24.85,Giáo dục Đặc biệt
140904,SPH,giao-duc-dac-biet,D03,Điểm thi THPT,2022,24.85,Giáo dục Đặc biệt
140905,SPH,giao-duc-dac-biet,C00,Điểm thi THPT,2023,27.9,Giáo dục Đặc biệt
140906,SPH,giao-duc-dac-biet,D01,Điểm thi THPT,2023,26.83,Giáo dục Đặc biệt
140907,SPH,giao-duc-dac-biet,D02,Điểm thi THPT,2023,26.83,Giáo dục Đặc biệt
140908,SPH,giao-duc-dac-biet,D03,Điểm thi THPT,2023,26.83,Giáo dục Đặc biệt
140909,SPH,giao-duc-dac-biet,C00,Điểm thi THPT,2024,28.37,Giáo dục đặc biệt
140910,SPH,giao-duc-dac-biet,D01,Điểm thi THPT,2024,28.37,Giáo dục đặc biệt
140911,SPH,giao-duc-dac-biet,D02,Điểm thi THPT,2024,28.37,Giáo dục đặc biệt
140912,SPH,giao-duc-dac-biet,D03,Điểm thi THPT,2024,28.37,Giáo dục đặc biệt
140913,SPH,giao-duc-dac-biet,C00,Điểm thi THPT,2025,27.55,Giáo dục đặc biệt
140914,SPH,giao-duc-dac-biet,D01,Điểm thi THPT,2025,27.55,Giáo dục đặc biệt
140915,SPH,giao-duc-mam-non,M00,Điểm thi THPT,2021,22.48,Giáo dục mầm non
140916,SPH,giao-duc-mam-non,M00,Điểm thi THPT,2022,22.08,Giáo dục mầm non
140917,SPH,giao-duc-mam-non,M00,Điểm thi THPT,2023,22.25,Giáo dục mầm non
140918,SPH,giao-duc-mam-non,M00,Điểm thi THPT,2024,23.43,Giáo dục Mầm non
140919,SPH,giao-duc-mam-non,M00,Điểm thi THPT,2025,22.13,Giáo dục Mầm non
140920,SPH,giao-duc-mam-non-sp-tieng-anh,M01,Điểm thi THPT,2021,19.88,Giáo dục mầm non - SP Tiếng Anh
140921,SPH,giao-duc-mam-non-sp-tieng-anh,M02,Điểm thi THPT,2021,22.13,Giáo dục mầm non - SP Tiếng Anh
140922,SPH,giao-duc-mam-non-sp-tieng-anh,M01,Điểm thi THPT,2022,19.25,Giáo dục mầm non - SP Tiếng Anh
140923,SPH,giao-duc-mam-non-sp-tieng-anh,M02,Điểm thi THPT,2022,19.13,Giáo dục mầm non - SP Tiếng Anh
140924,SPH,giao-duc-mam-non-su-pham-tieng-anh,M01,Điểm thi THPT,2024,23.15,Giáo dục Mầm non - Sư phạm Tiếng Anh
140925,SPH,giao-duc-mam-non-su-pham-tieng-anh,M02,Điểm thi THPT,2024,23.15,Giáo dục Mầm non - Sư phạm Tiếng Anh
140926,SPH,giao-duc-mam-non-su-pham-tieng-anh,M01,Điểm thi THPT,2025,21.5,Giáo dục Mầm non - Sư phạm Tiếng Anh
140927,SPH,giao-duc-mam-non-su-pham-tieng-anh,M02,Điểm thi THPT,2025,21.5,Giáo dục Mầm non - Sư phạm Tiếng Anh
140928,SPH,giao-duc-quoc-phong-va-an-ninh,C00,Điểm thi THPT,2021,25.75,Giáo dục Quốc phòng và An ninh
140929,SPH,giao-duc-quoc-phong-va-an-ninh,D01,Điểm thi THPT,2021,21.45,Giáo dục Quốc phòng và An ninh
140930,SPH,giao-duc-quoc-phong-va-an-ninh,D02,Điểm thi THPT,2021,21.45,Giáo dục Quốc phòng và An ninh
140931,SPH,giao-duc-quoc-phong-va-an-ninh,D03,Điểm thi THPT,2021,21.45,Giáo dục Quốc phòng và An ninh
140932,SPH,giao-duc-quoc-phong-va-an-ninh,C00,Điểm thi THPT,2022,26.0,Giáo dục Quốc phòng và An ninh
140933,SPH,giao-duc-quoc-phong-va-an-ninh,D01,Điểm thi THPT,2022,23.85,Giáo dục Quốc phòng và An ninh
140934,SPH,giao-duc-quoc-phong-va-an-ninh,D02,Điểm thi THPT,2022,23.85,Giáo dục Quốc phòng và An ninh
140935,SPH,giao-duc-quoc-phong-va-an-ninh,D03,Điểm thi THPT,2022,23.85,Giáo dục Quốc phòng và An ninh
140936,SPH,giao-duc-quoc-phong-va-an-ninh,C00,Điểm thi THPT,2023,26.5,Giáo dục Quốc phòng và An ninh
140937,SPH,giao-duc-quoc-phong-va-an-ninh,D01,Điểm thi THPT,2023,25.05,Giáo dục Quốc phòng và An ninh
140938,SPH,giao-duc-quoc-phong-va-an-ninh,D02,Điểm thi THPT,2023,25.05,Giáo dục Quốc phòng và An ninh
140939,SPH,giao-duc-quoc-phong-va-an-ninh,D03,Điểm thi THPT,2023,25.05,Giáo dục Quốc phòng và An ninh
140940,SPH,giao-duc-quoc-phong-va-an-ninh,C00,Điểm thi THPT,2024,28.26,Giáo dục Quốc phòng và An ninh
140941,SPH,giao-duc-quoc-phong-va-an-ninh,D01,Điểm thi THPT,2024,28.26,Giáo dục Quốc phòng và An ninh
140942,SPH,giao-duc-quoc-phong-va-an-ninh,D02,Điểm thi THPT,2024,28.26,Giáo dục Quốc phòng và An ninh
140943,SPH,giao-duc-quoc-phong-va-an-ninh,D03,Điểm thi THPT,2024,28.26,Giáo dục Quốc phòng và An ninh
140944,SPH,giao-duc-quoc-phong-va-an-ninh,C00,Điểm thi THPT,2025,27.27,Giáo dục Quốc phòng và An ninh
140945,SPH,giao-duc-quoc-phong-va-an-ninh,D01,Điểm thi THPT,2025,27.27,Giáo dục Quốc phòng và An ninh
140946,SPH,giao-duc-the-chat,T01,Điểm thi THPT,2022,19.55,Giáo dục Thể chất
140947,SPH,giao-duc-the-chat,T01,Điểm thi THPT,2023,22.85,Giáo dục Thể chất
140948,SPH,giao-duc-the-chat,T01,Điểm thi THPT,2024,25.66,Giáo dục thể chất
140949,SPH,giao-duc-the-chat,T01,Điểm thi THPT,2025,25.89,Giáo dục thể chất
140950,SPH,giao-duc-the-chat,T02,Điểm thi THPT,2025,25.89,Giáo dục thể chất
140951,SPH,giao-duc-tieu-hoc,D01,Điểm thi THPT,2021,27.0,Giáo dục Tiểu học
140952,SPH,giao-duc-tieu-hoc,D02,Điểm thi THPT,2021,27.0,Giáo dục Tiểu học
140953,SPH,giao-duc-tieu-hoc,D03,Điểm thi THPT,2021,27.0,Giáo dục Tiểu học
140954,SPH,giao-duc-tieu-hoc,D01,Điểm thi THPT,2022,26.15,Giáo dục Tiểu học
140955,SPH,giao-duc-tieu-hoc,D02,Điểm thi THPT,2022,26.15,Giáo dục Tiểu học
140956,SPH,giao-duc-tieu-hoc,D03,Điểm thi THPT,2022,26.15,Giáo dục Tiểu học
140957,SPH,giao-duc-tieu-hoc,D01,Điểm thi THPT,2023,26.62,Giáo dục Tiểu học
140958,SPH,giao-duc-tieu-hoc,D02,Điểm thi THPT,2023,26.62,Giáo dục Tiểu học
140959,SPH,giao-duc-tieu-hoc,D03,Điểm thi THPT,2023,26.62,Giáo dục Tiểu học
140960,SPH,giao-duc-tieu-hoc,D01,Điểm thi THPT,2024,27.2,Giáo dục Tiểu học
140961,SPH,giao-duc-tieu-hoc,D02,Điểm thi THPT,2024,27.2,Giáo dục Tiểu học
140962,SPH,giao-duc-tieu-hoc,D03,Điểm thi THPT,2024,27.2,Giáo dục Tiểu học
140963,SPH,giao-duc-tieu-hoc,D01,Điểm thi THPT,2025,25.1,Giáo dục Tiểu học
140964,SPH,giao-duc-tieu-hoc-sp-tieng-anh,D01,Điểm thi THPT,2021,27.5,Giáo dục Tiểu học - SP Tiếng Anh
140965,SPH,giao-duc-tieu-hoc-sp-tieng-anh,D01,Điểm thi THPT,2022,26.55,Giáo dục Tiểu học - SP Tiếng Anh
140966,SPH,giao-duc-tieu-hoc-su-pham-tieng-anh,D01,Điểm thi THPT,2024,27.26,Giáo dục Tiểu học - Sư phạm Tiếng Anh
140967,SPH,giao-duc-tieu-hoc-su-pham-tieng-anh,D01,Điểm thi THPT,2025,24.99,Giáo dục Tiểu học - Sư phạm Tiếng Anh
140968,SPH,ho-tro-giao-duc-nguoi-khuyet-tat,C00,Điểm thi THPT,2021,17.0,Hỗ trợ giáo dục người khuyết tật
140969,SPH,ho-tro-giao-duc-nguoi-khuyet-tat,D01,Điểm thi THPT,2021,18.8,Hỗ trợ giáo dục người khuyết tật
140970,SPH,ho-tro-giao-duc-nguoi-khuyet-tat,D02,Điểm thi THPT,2021,18.8,Hỗ trợ giáo dục người khuyết tật
140971,SPH,ho-tro-giao-duc-nguoi-khuyet-tat,D03,Điểm thi THPT,2021,18.8,Hỗ trợ giáo dục người khuyết tật
140972,SPH,ho-tro-giao-duc-nguoi-khuyet-tat,C00,Điểm thi THPT,2022,16.75,Hỗ trợ giáo dục người khuyết tật
140973,SPH,ho-tro-giao-duc-nguoi-khuyet-tat,D01,Điểm thi THPT,2022,17.75,Hỗ trợ giáo dục người khuyết tật
140974,SPH,ho-tro-giao-duc-nguoi-khuyet-tat,D02,Điểm thi THPT,2022,17.75,Hỗ trợ giáo dục người khuyết tật
140975,SPH,ho-tro-giao-duc-nguoi-khuyet-tat,D03,Điểm thi THPT,2022,17.75,Hỗ trợ giáo dục người khuyết tật
140976,SPH,ho-tro-giao-duc-nguoi-khuyet-tat,C00,Điểm thi THPT,2023,22.5,Hỗ trợ giáo dục người khuyết tật
140977,SPH,ho-tro-giao-duc-nguoi-khuyet-tat,D01,Điểm thi THPT,2023,21.45,Hỗ trợ giáo dục người khuyết tật
140978,SPH,ho-tro-giao-duc-nguoi-khuyet-tat,D02,Điểm thi THPT,2023,21.45,Hỗ trợ giáo dục người khuyết tật
140979,SPH,ho-tro-giao-duc-nguoi-khuyet-tat,D03,Điểm thi THPT,2023,21.45,Hỗ trợ giáo dục người khuyết tật
140980,SPH,ho-tro-giao-duc-nguoi-khuyet-tat,C00,Điểm thi THPT,2024,25.17,Hỗ trợ giáo dục người khuyết tật
140981,SPH,ho-tro-giao-duc-nguoi-khuyet-tat,D01,Điểm thi THPT,2024,25.17,Hỗ trợ giáo dục người khuyết tật
140982,SPH,ho-tro-giao-duc-nguoi-khuyet-tat,D02,Điểm thi THPT,2024,25.17,Hỗ trợ giáo dục người khuyết tật
140983,SPH,ho-tro-giao-duc-nguoi-khuyet-tat,D03,Điểm thi THPT,2024,25.17,Hỗ trợ giáo dục người khuyết tật
140984,SPH,ho-tro-giao-duc-nguoi-khuyet-tat,C00,Điểm thi THPT,2025,25.28,Hỗ trợ giáo dục người khuyết tật
140985,SPH,ho-tro-giao-duc-nguoi-khuyet-tat,D01,Điểm thi THPT,2025,25.28,Hỗ trợ giáo dục người khuyết tật
140986,SPH,hoa-hoc,A00,Điểm thi THPT,2021,19.75,Hóa học
140987,SPH,hoa-hoc,B00,Điểm thi THPT,2021,19.45,Hóa học
140988,SPH,hoa-hoc,A00,Điểm thi THPT,2022,20.05,Hóa học
140989,SPH,hoa-hoc,B00,Điểm thi THPT,2022,19.7,Hóa học
140990,SPH,hoa-hoc,A00,Điểm thi THPT,2023,22.75,Hóa học
140991,SPH,hoa-hoc,B00,Điểm thi THPT,2023,22.1,Hóa học
140992,SPH,hoa-hoc,A00,Điểm thi THPT,2024,24.44,Hóa học
140993,SPH,hoa-hoc,B00,Điểm thi THPT,2024,24.44,Hóa học
140994,SPH,hoa-hoc,A00,Điểm thi THPT,2025,23.0,Hóa học
140995,SPH,hoa-hoc,B00,Điểm thi THPT,2025,23.0,Hóa học
140996,SPH,hoa-hoc,D07,Điểm thi THPT,2025,23.0,Hóa học
140997,SPH,lich-su,C00,Điểm thi THPT,2025,27.75,Lịch sử (mới)
140998,SPH,lich-su,C03,Điểm thi THPT,2025,27.75,Lịch sử (mới)
140999,SPH,lich-su,D14,Điểm thi THPT,2025,27.75,Lịch sử (mới)
141000,SPH,ngon-ngu-anh,D01,Điểm thi THPT,2021,27.4,Ngôn ngữ Anh
141001,SPH,ngon-ngu-anh,D01,Điểm thi THPT,2022,26.35,Ngôn ngữ Anh
141002,SPH,ngon-ngu-anh,D01,Điểm thi THPT,2023,26.6,Ngôn ngữ Anh
141003,SPH,ngon-ngu-anh,D01,Điểm thi THPT,2024,26.99,Ngôn ngữ Anh
141004,SPH,ngon-ngu-anh,D01,Điểm thi THPT,2025,24.52,Ngôn ngữ Anh
141005,SPH,ngon-ngu-trung-quoc,D01,Điểm thi THPT,2022,26.05,Ngôn ngữ Trung Quốc
141006,SPH,ngon-ngu-trung-quoc,D04,Điểm thi THPT,2022,25.91,Ngôn ngữ Trung Quốc
141007,SPH,ngon-ngu-trung-quoc,D01,Điểm thi THPT,2023,26.56,Ngôn ngữ Trung Quốc
141008,SPH,ngon-ngu-trung-quoc,D04,Điểm thi THPT,2023,26.12,Ngôn ngữ Trung Quốc
141009,SPH,ngon-ngu-trung-quoc,D01,Điểm thi THPT,2024,26.74,Ngôn ngữ Trung Quốc
141010,SPH,ngon-ngu-trung-quoc,D04,Điểm thi THPT,2024,26.74,Ngôn ngữ Trung Quốc
141011,SPH,ngon-ngu-trung-quoc,D01,Điểm thi THPT,2025,26.76,Ngôn ngữ Trung Quốc
141012,SPH,ngon-ngu-trung-quoc,D04,Điểm thi THPT,2025,26.76,Ngôn ngữ Trung Quốc
141013,SPH,quan-li-giao-duc,C20,Điểm thi THPT,2021,26.75,Quản lí giáo dục
141014,SPH,quan-li-giao-duc,D01,Điểm thi THPT,2021,25.7,Quản lí giáo dục
141015,SPH,quan-li-giao-duc,D02,Điểm thi THPT,2021,25.7,Quản lí giáo dục
141016,SPH,quan-li-giao-duc,D03,Điểm thi THPT,2021,25.7,Quản lí giáo dục
141017,SPH,quan-li-giao-duc,C20,Điểm thi THPT,2022,26.5,Quản lí giáo dục
141018,SPH,quan-li-giao-duc,D01,Điểm thi THPT,2022,24.6,Quản lí giáo dục
141019,SPH,quan-li-giao-duc,D02,Điểm thi THPT,2022,24.6,Quản lí giáo dục
141020,SPH,quan-li-giao-duc,D03,Điểm thi THPT,2022,24.6,Quản lí giáo dục
141021,SPH,quan-li-giao-duc,C20,Điểm thi THPT,2023,26.5,Quản lí giáo dục
141022,SPH,quan-li-giao-duc,D01,Điểm thi THPT,2023,24.8,Quản lí giáo dục
141023,SPH,quan-li-giao-duc,D02,Điểm thi THPT,2023,24.8,Quản lí giáo dục
141024,SPH,quan-li-giao-duc,D03,Điểm thi THPT,2023,24.8,Quản lí giáo dục
141025,SPH,quan-li-giao-duc,C20,Điểm thi THPT,2024,27.9,Quản lí giáo dục
141026,SPH,quan-li-giao-duc,D01,Điểm thi THPT,2024,27.9,Quản lí giáo dục
141027,SPH,quan-li-giao-duc,D02,Điểm thi THPT,2024,27.9,Quản lí giáo dục
141028,SPH,quan-li-giao-duc,D03,Điểm thi THPT,2024,27.9,Quản lí giáo dục
141029,SPH,quan-li-giao-duc,C03,Điểm thi THPT,2025,24.68,Quản lí giáo dục
141030,SPH,quan-li-giao-duc,D01,Điểm thi THPT,2025,24.68,Quản lí giáo dục
141031,SPH,quan-li-giao-duc,X01,Điểm thi THPT,2025,24.68,Quản lí giáo dục
141032,SPH,quan-tri-dich-vu-du-lich-va-lu-hanh,C00,Điểm thi THPT,2021,26.5,Quản trị dịch vụ du lịch và lữ hành
141033,SPH,quan-tri-dich-vu-du-lich-va-lu-hanh,D01,Điểm thi THPT,2021,23.95,Quản trị dịch vụ du lịch và lữ hành
141034,SPH,quan-tri-dich-vu-du-lich-va-lu-hanh,C00,Điểm thi THPT,2022,26.5,Quản trị dịch vụ du lịch và lữ hành
141035,SPH,quan-tri-dich-vu-du-lich-va-lu-hanh,D15,Điểm thi THPT,2022,23.9,Quản trị dịch vụ du lịch và lữ hành
141036,SPH,quan-tri-dich-vu-du-lich-va-lu-hanh,C00,Điểm thi THPT,2023,25.8,Quản trị dịch vụ du lịch và lữ hành
141037,SPH,quan-tri-dich-vu-du-lich-va-lu-hanh,D15,Điểm thi THPT,2023,23.65,Quản trị dịch vụ du lịch và lữ hành
141038,SPH,quan-tri-dich-vu-du-lich-va-lu-hanh,C00,Điểm thi THPT,2024,27.47,Quản trị dịch vụ du lịch và lữ hành
141039,SPH,quan-tri-dich-vu-du-lich-va-lu-hanh,D15,Điểm thi THPT,2024,27.47,Quản trị dịch vụ du lịch và lữ hành
141040,SPH,quan-tri-dich-vu-du-lich-va-lu-hanh,D01,Điểm thi THPT,2025,20.25,Quản trị dịch vụ du lịch và lữ hành
141041,SPH,quan-tri-dich-vu-du-lich-va-lu-hanh,D14,Điểm thi THPT,2025,20.25,Quản trị dịch vụ du lịch và lữ hành
141042,SPH,sinh-hoc,B00,Điểm thi THPT,2021,16.71,Sinh học
141043,SPH,sinh-hoc,D08,Điểm thi THPT,2021,20.78,Sinh học
141044,SPH,sinh-hoc,D32,Điểm thi THPT,2021,20.78,Sinh học
141045,SPH,sinh-hoc,D34,Điểm thi THPT,2021,20.78,Sinh học
141046,SPH,sinh-hoc,B00,Điểm thi THPT,2022,17.63,Sinh học
141047,SPH,sinh-hoc,D08,Điểm thi THPT,2022,19.15,Sinh học
141048,SPH,sinh-hoc,D32,Điểm thi THPT,2022,19.15,Sinh học
141049,SPH,sinh-hoc,D34,Điểm thi THPT,2022,19.15,Sinh học
141050,SPH,sinh-hoc,B00,Điểm thi THPT,2023,20.71,Sinh học
141051,SPH,sinh-hoc,D08,Điểm thi THPT,2023,19.63,Sinh học
141052,SPH,sinh-hoc,D32,Điểm thi THPT,2023,19.63,Sinh học
141053,SPH,sinh-hoc,D34,Điểm thi THPT,2023,19.63,Sinh học
141054,SPH,sinh-hoc,B00,Điểm thi THPT,2024,22.0,Sinh học
141055,SPH,sinh-hoc,D08,Điểm thi THPT,2024,22.0,Sinh học
141056,SPH,sinh-hoc,D32,Điểm thi THPT,2024,22.0,Sinh học
141057,SPH,sinh-hoc,D34,Điểm thi THPT,2024,22.0,Sinh học
141058,SPH,sinh-hoc,B00,Điểm thi THPT,2025,19.0,Sinh học
141059,SPH,sinh-hoc,B08,Điểm thi THPT,2025,19.0,Sinh học
141060,SPH,sp-cong-nghe,A00,Điểm thi THPT,2021,19.05,SP Công nghệ
141061,SPH,sp-cong-nghe,C01,Điểm thi THPT,2021,19.0,SP Công nghệ
141062,SPH,sp-cong-nghe,A00,Điểm thi THPT,2022,19.15,SP Công nghệ
141063,SPH,sp-cong-nghe,C01,Điểm thi THPT,2022,19.3,SP Công nghệ
141064,SPH,sp-cong-nghe,A00,Điểm thi THPT,2023,21.15,SP Công nghệ
141065,SPH,sp-cong-nghe,C01,Điểm thi THPT,2023,20.15,SP Công nghệ
141066,SPH,sp-dia-ly,C00,Điểm thi THPT,2021,27.0,SP Địa lý
141067,SPH,sp-dia-ly,C04,Điểm thi THPT,2021,25.75,SP Địa lý
141068,SPH,sp-dia-ly,C00,Điểm thi THPT,2022,27.75,SP Địa lý
141069,SPH,sp-dia-ly,C04,Điểm thi THPT,2022,26.9,SP Địa lý
141070,SPH,sp-dia-ly,C00,Điểm thi THPT,2023,27.67,SP Địa lý
141071,SPH,sp-dia-ly,C04,Điểm thi THPT,2023,26.05,SP Địa lý
141072,SPH,sp-hoa-hoc,A00,Điểm thi THPT,2021,25.4,SP Hoá học
141073,SPH,sp-hoa-hoc,D07,Điểm thi THPT,2021,26.35,SP Hoá học (dạy Hoá bằng tiếng Anh)
141074,SPH,sp-hoa-hoc,A00,Điểm thi THPT,2022,25.8,SP Hoá học
141075,SPH,sp-hoa-hoc,B00,Điểm thi THPT,2022,26.0,SP Hoá học
141076,SPH,sp-hoa-hoc,D07,Điểm thi THPT,2022,26.0,SP Hoá học (dạy Hoá học bằng tiếng Anh)
141077,SPH,sp-hoa-hoc,A00,Điểm thi THPT,2023,26.13,SP Hoá học
141078,SPH,sp-hoa-hoc,B00,Điểm thi THPT,2023,26.68,SP Hoá học
141079,SPH,sp-hoa-hoc,D07,Điểm thi THPT,2023,26.36,SP Hoá học (dạy Hoá học bằng tiếng Anh)
141080,SPH,sp-lich-su,C00,Điểm thi THPT,2021,27.5,SP Lịch sử
141081,SPH,sp-lich-su,D14,Điểm thi THPT,2021,26.0,SP Lịch sử
141082,SPH,sp-lich-su,C00,Điểm thi THPT,2022,28.5,SP Lịch sử
141083,SPH,sp-lich-su,D14,Điểm thi THPT,2022,27.05,SP Lịch sử
141084,SPH,sp-lich-su,C00,Điểm thi THPT,2023,28.42,SP Lịch sử
141085,SPH,sp-lich-su,D14,Điểm thi THPT,2023,27.76,SP Lịch sử
141086,SPH,sp-ngu-van,C00,Điểm thi THPT,2021,27.75,SP Ngữ văn
141087,SPH,sp-ngu-van,D01,Điểm thi THPT,2021,26.9,SP Ngữ văn
141088,SPH,sp-ngu-van,D02,Điểm thi THPT,2021,26.9,SP Ngữ văn
141089,SPH,sp-ngu-van,D03,Điểm thi THPT,2021,26.9,SP Ngữ văn
141090,SPH,sp-ngu-van,C00,Điểm thi THPT,2022,28.5,SP Ngữ văn
141091,SPH,sp-ngu-van,D01,Điểm thi THPT,2022,25.95,SP Ngữ văn
141092,SPH,sp-ngu-van,D02,Điểm thi THPT,2022,25.95,SP Ngữ văn
141093,SPH,sp-ngu-van,D03,Điểm thi THPT,2022,25.95,SP Ngữ văn
141094,SPH,sp-ngu-van,C00,Điểm thi THPT,2023,27.83,SP Ngữ văn
141095,SPH,sp-ngu-van,D01,Điểm thi THPT,2023,26.4,SP Ngữ văn
141096,SPH,sp-ngu-van,D02,Điểm thi THPT,2023,26.4,SP Ngữ văn
141097,SPH,sp-ngu-van,D03,Điểm thi THPT,2023,26.4,SP Ngữ văn
141098,SPH,sp-sinh-hoc,B00,Điểm thi THPT,2021,23.28,SP Sinh học
141099,SPH,sp-sinh-hoc,D08,Điểm thi THPT,2021,19.38,SP Sinh học
141100,SPH,sp-sinh-hoc,D32,Điểm thi THPT,2021,19.38,SP Sinh học
141101,SPH,sp-sinh-hoc,D34,Điểm thi THPT,2021,19.38,SP Sinh học
141102,SPH,sp-sinh-hoc,B00,Điểm thi THPT,2022,23.63,SP Sinh học
141103,SPH,sp-sinh-hoc,D08,Điểm thi THPT,2022,20.78,SP Sinh học
141104,SPH,sp-sinh-hoc,D32,Điểm thi THPT,2022,20.78,SP Sinh học
141105,SPH,sp-sinh-hoc,D34,Điểm thi THPT,2022,20.78,SP Sinh học
141106,SPH,sp-sinh-hoc,B00,Điểm thi THPT,2023,24.93,SP Sinh học
141107,SPH,sp-sinh-hoc,D08,Điểm thi THPT,2023,22.85,SP Sinh học
141108,SPH,sp-tieng-anh,D01,Điểm thi THPT,2021,28.53,SP Tiếng Anh
141109,SPH,sp-tieng-anh,D01,Điểm thi THPT,2022,27.39,SP Tiếng Anh
141110,SPH,sp-tieng-anh,D01,Điểm thi THPT,2023,27.54,SP Tiếng Anh
141111,SPH,sp-tieng-phap,D01,Điểm thi THPT,2021,25.78,SP Tiếng Pháp
141112,SPH,sp-tieng-phap,D02,Điểm thi THPT,2021,25.78,SP Tiếng Pháp
141113,SPH,sp-tieng-phap,D03,Điểm thi THPT,2021,25.78,SP Tiếng Pháp
141114,SPH,sp-tieng-phap,D15,Điểm thi THPT,2021,26.03,SP Tiếng Pháp
141115,SPH,sp-tieng-phap,D42,Điểm thi THPT,2021,26.03,SP Tiếng Pháp
141116,SPH,sp-tieng-phap,D44,Điểm thi THPT,2021,26.03,SP Tiếng Pháp
141117,SPH,sp-tieng-phap,D01,Điểm thi THPT,2022,25.31,SP Tiếng Pháp
141118,SPH,sp-tieng-phap,D02,Điểm thi THPT,2022,25.31,SP Tiếng Pháp
141119,SPH,sp-tieng-phap,D03,Điểm thi THPT,2022,25.31,SP Tiếng Pháp
141120,SPH,sp-tieng-phap,D15,Điểm thi THPT,2022,23.51,SP Tiếng Pháp
141121,SPH,sp-tieng-phap,D42,Điểm thi THPT,2022,23.51,SP Tiếng Pháp
141122,SPH,sp-tieng-phap,D44,Điểm thi THPT,2022,23.51,SP Tiếng Pháp
141123,SPH,sp-tieng-phap,D01,Điểm thi THPT,2023,25.73,SP Tiếng Pháp
141124,SPH,sp-tieng-phap,D02,Điểm thi THPT,2023,25.73,SP Tiếng Pháp
141125,SPH,sp-tieng-phap,D03,Điểm thi THPT,2023,25.73,SP Tiếng Pháp
141126,SPH,sp-tieng-phap,D15,Điểm thi THPT,2023,25.61,SP Tiếng Pháp
141127,SPH,sp-tieng-phap,D42,Điểm thi THPT,2023,25.61,SP Tiếng Pháp
141128,SPH,sp-tieng-phap,D44,Điểm thi THPT,2023,25.61,SP Tiếng Pháp
141129,SPH,sp-tin-hoc,A00,Điểm thi THPT,2021,21.35,SP Tin học
141130,SPH,sp-tin-hoc,A01,Điểm thi THPT,2021,21.0,SP Tin học
141131,SPH,sp-tin-hoc,A00,Điểm thi THPT,2022,23.55,SP Tin học
141132,SPH,sp-tin-hoc,A01,Điểm thi THPT,2022,23.45,SP Tin học
141133,SPH,sp-tin-hoc,A00,Điểm thi THPT,2023,24.2,SP Tin học
141134,SPH,sp-tin-hoc,A01,Điểm thi THPT,2023,23.66,SP Tin học
141135,SPH,sp-toan,A00,Điểm thi THPT,2023,26.23,SP Toán
141136,SPH,sp-toan,D01,Điểm thi THPT,2023,27.43,SP Toán (dạy Toán bằng tiếng Anh)
141137,SPH,sp-toan-hoc,A00,Điểm thi THPT,2021,26.3,SP Toán học
141138,SPH,sp-toan-hoc,D01,Điểm thi THPT,2021,28.25,SP Toán học (dạy Toán bằng tiếng Anh)
141139,SPH,sp-vat-ly,A00,Điểm thi THPT,2021,25.15,SP Vật lý
141140,SPH,sp-vat-ly,A01,Điểm thi THPT,2021,25.6,SP Vật lý
141141,SPH,sp-vat-ly,A00,Điểm thi THPT,2022,25.35,SP Vật lý
141142,SPH,sp-vat-ly,A01,Điểm thi THPT,2022,25.55,SP Vật lý
141143,SPH,sp-vat-ly,A00,Điểm thi THPT,2023,25.89,SP Vật lý
141144,SPH,sp-vat-ly,A01,Điểm thi THPT,2023,25.95,SP Vật lý
141145,SPH,su-pham-am-nhac,N01,Điểm thi THPT,2022,19.13,Sư phạm Âm nhạc
141146,SPH,su-pham-am-nhac,N02,Điểm thi THPT,2022,18.38,Sư phạm Âm nhạc
141147,SPH,su-pham-am-nhac,N01,Điểm thi THPT,2023,19.55,Sư phạm Âm nhạc
141148,SPH,su-pham-am-nhac,N02,Điểm thi THPT,2023,18.5,Sư phạm Âm nhạc
141149,SPH,su-pham-am-nhac,N01,Điểm thi THPT,2024,24.05,Sư phạm Âm nhạc
141150,SPH,su-pham-am-nhac,N02,Điểm thi THPT,2024,24.05,Sư phạm Âm nhạc
141151,SPH,su-pham-am-nhac,N01,Điểm thi THPT,2025,23.75,Sư phạm Âm nhạc
141152,SPH,su-pham-am-nhac,N02,Điểm thi THPT,2025,23.75,Sư phạm Âm nhạc
141153,SPH,su-pham-cong-nghe,A00,Điểm thi THPT,2024,24.55,Sư phạm Công nghệ
141154,SPH,su-pham-cong-nghe,A01,Điểm thi THPT,2024,24.55,Sư phạm Công nghệ
141155,SPH,su-pham-cong-nghe,A00,Điểm thi THPT,2025,21.75,Sư phạm Công nghệ
141156,SPH,su-pham-cong-nghe,A01,Điểm thi THPT,2025,21.75,Sư phạm Công nghệ
141157,SPH,su-pham-cong-nghe,X07,Điểm thi THPT,2025,21.75,Sư phạm Công nghệ
141158,SPH,su-pham-cong-nghe,X08,Điểm thi THPT,2025,21.75,Sư phạm Công nghệ
141159,SPH,su-pham-dia-li,C00,Điểm thi THPT,2025,28.79,Sư phạm Địa lí
141160,SPH,su-pham-dia-li,C04,Điểm thi THPT,2025,28.79,Sư phạm Địa lí
141161,SPH,su-pham-dia-ly,C00,Điểm thi THPT,2024,29.05,Sư phạm Địa lý
141162,SPH,su-pham-dia-ly,C04,Điểm thi THPT,2024,29.05,Sư phạm Địa lý
141163,SPH,su-pham-hoa-hoc,B00,Điểm thi THPT,2021,24.25,Sư phạm Hoá học
141164,SPH,su-pham-hoa-hoc,A00,Điểm thi THPT,2024,27.62,Sư phạm Hoá học
141165,SPH,su-pham-hoa-hoc,B00,Điểm thi THPT,2024,27.62,Sư phạm Hoá học
141166,SPH,su-pham-hoa-hoc,D07,Điểm thi THPT,2024,27.2,Sư phạm Hoá học (dạy Hoá học bằng tiếng Anh)
141167,SPH,su-pham-hoa-hoc,A00,Điểm thi THPT,2025,28.37,Sư phạm Hoá học
141168,SPH,su-pham-hoa-hoc,B00,Điểm thi THPT,2025,28.37,Sư phạm Hoá học
141169,SPH,su-pham-hoa-hoc,D07,Điểm thi THPT,2025,26.13,Sư phạm Hoá học (dạy Hóa học bằng tiếng Anh)
141170,SPH,su-pham-khoa-hoc-tu-nhien,A00,Điểm thi THPT,2024,26.45,Sư phạm Khoa học tự nhiên
141171,SPH,su-pham-khoa-hoc-tu-nhien,B00,Điểm thi THPT,2024,26.45,Sư phạm Khoa học tự nhiên
141172,SPH,su-pham-khoa-hoc-tu-nhien,A00,Điểm thi THPT,2025,27.06,Sư phạm Khoa học tự nhiên
141173,SPH,su-pham-khoa-hoc-tu-nhien,B00,Điểm thi THPT,2025,27.06,Sư phạm Khoa học tự nhiên
141174,SPH,su-pham-lich-su,C00,Điểm thi THPT,2024,29.3,Sư phạm Lịch sử
141175,SPH,su-pham-lich-su,D14,Điểm thi THPT,2024,29.3,Sư phạm Lịch sử
141176,SPH,su-pham-lich-su,C00,Điểm thi THPT,2025,29.06,Sư phạm Lịch sử
141177,SPH,su-pham-lich-su,D14,Điểm thi THPT,2025,29.06,Sư phạm Lịch sử
141178,SPH,su-pham-lich-su-dia-li,C00,Điểm thi THPT,2025,28.58,Sư phạm Lịch sử - Địa lí
141179,SPH,su-pham-lich-su-dia-ly,C00,Điểm thi THPT,2024,28.83,Sư phạm Lịch sử - Địa lý
141180,SPH,su-pham-my-thuat,H02,Điểm thi THPT,2022,21.0,Sư phạm Mỹ thuật
141181,SPH,su-pham-my-thuat,H01,Điểm thi THPT,2023,18.3,Sư phạm Mỹ thuật
141182,SPH,su-pham-my-thuat,H02,Điểm thi THPT,2023,19.94,Sư phạm Mỹ thuật
141183,SPH,su-pham-my-thuat,H01,Điểm thi THPT,2024,22.69,Sư phạm Mỹ thuật
141184,SPH,su-pham-my-thuat,H02,Điểm thi THPT,2024,22.69,Sư phạm Mỹ thuật
141185,SPH,su-pham-my-thuat,H01,Điểm thi THPT,2025,23.48,Sư phạm Mỹ thuật
141186,SPH,su-pham-my-thuat,H02,Điểm thi THPT,2025,23.48,Sư phạm Mỹ thuật
141187,SPH,su-pham-ngu-van,C00,Điểm thi THPT,2024,29.3,Sư phạm Ngữ văn
141188,SPH,su-pham-ngu-van,D01,Điểm thi THPT,2024,29.3,Sư phạm Ngữ văn
141189,SPH,su-pham-ngu-van,D02,Điểm thi THPT,2024,29.3,Sư phạm Ngữ văn
141190,SPH,su-pham-ngu-van,D03,Điểm thi THPT,2024,29.3,Sư phạm Ngữ văn
141191,SPH,su-pham-ngu-van,C00,Điểm thi THPT,2025,28.48,Sư phạm Ngữ văn
141192,SPH,su-pham-ngu-van,D01,Điểm thi THPT,2025,28.48,Sư phạm Ngữ văn
141193,SPH,su-pham-sinh-hoc,B00,Điểm thi THPT,2024,26.74,Sư phạm Sinh học
141194,SPH,su-pham-sinh-hoc,D08,Điểm thi THPT,2024,26.74,Sư phạm Sinh học
141195,SPH,su-pham-sinh-hoc,B00,Điểm thi THPT,2025,26.27,Sư phạm Sinh học
141196,SPH,su-pham-sinh-hoc,D08,Điểm thi THPT,2025,26.27,Sư phạm Sinh học
141197,SPH,su-pham-tieng-anh,D01,Điểm thi THPT,2024,27.75,Sư phạm Tiếng Anh
141198,SPH,su-pham-tieng-anh,D01,Điểm thi THPT,2025,26.29,Sư phạm Tiếng Anh
141199,SPH,su-pham-tieng-phap,D01,Điểm thi THPT,2024,26.59,Sư phạm Tiếng Pháp
141200,SPH,su-pham-tieng-phap,D02,Điểm thi THPT,2024,26.59,Sư phạm Tiếng Pháp
141201,SPH,su-pham-tieng-phap,D03,Điểm thi THPT,2024,26.59,Sư phạm Tiếng Pháp
141202,SPH,su-pham-tieng-phap,D15,Điểm thi THPT,2024,26.59,Sư phạm Tiếng Pháp
141203,SPH,su-pham-tieng-phap,D42,Điểm thi THPT,2024,26.59,Sư phạm Tiếng Pháp
141204,SPH,su-pham-tieng-phap,D44,Điểm thi THPT,2024,26.59,Sư phạm Tiếng Pháp
141205,SPH,su-pham-tieng-phap,D01,Điểm thi THPT,2025,27.15,Sư phạm Tiếng Pháp
141206,SPH,su-pham-tieng-phap,D03,Điểm thi THPT,2025,27.15,Sư phạm Tiếng Pháp
141207,SPH,su-pham-tin-hoc,A00,Điểm thi THPT,2024,25.1,Sư phạm Tin học
141208,SPH,su-pham-tin-hoc,A01,Điểm thi THPT,2024,25.1,Sư phạm Tin học
141209,SPH,su-pham-tin-hoc,A00,Điểm thi THPT,2025,24.85,Sư phạm Tin học
141210,SPH,su-pham-tin-hoc,A01,Điểm thi THPT,2025,24.85,Sư phạm Tin học
141211,SPH,su-pham-tin-hoc,X06,Điểm thi THPT,2025,24.85,Sư phạm Tin học
141212,SPH,su-pham-toan-hoc,A00,Điểm thi THPT,2022,26.25,Sư phạm Toán học
141213,SPH,su-pham-toan-hoc,D01,Điểm thi THPT,2022,27.5,Sư phạm Toán học (Dạy Toán bằng tiếng Anh)
141214,SPH,su-pham-toan-hoc,A00,Điểm thi THPT,2024,27.48,Sư phạm Toán học
141215,SPH,su-pham-toan-hoc,A01,Điểm thi THPT,2024,27.68,Sư phạm Toán học (dạy Toán bằng tiếng Anh)
141216,SPH,su-pham-toan-hoc,D01,Điểm thi THPT,2024,27.68,Sư phạm Toán học (dạy Toán bằng tiếng Anh)
141217,SPH,su-pham-toan-hoc,A00,Điểm thi THPT,2025,28.27,Sư phạm Toán học
141218,SPH,su-pham-toan-hoc,A01,Điểm thi THPT,2025,28.27,Sư phạm Toán học
141219,SPH,su-pham-toan-hoc,D01,Điểm thi THPT,2025,28.36,Sư phạm Toán học (dạy Toán bằng tiếng Anh)
141220,SPH,su-pham-vat-li,A00,Điểm thi THPT,2024,26.81,Sư phạm Vật lí (dạy Vật lí bằng tiếng Anh)
141221,SPH,su-pham-vat-li,A01,Điểm thi THPT,2024,26.81,Sư phạm Vật lí (dạy Vật lí bằng tiếng Anh)
141222,SPH,su-pham-vat-li,A00,Điểm thi THPT,2025,28.31,Sư phạm Vật lí
141223,SPH,su-pham-vat-li,A01,Điểm thi THPT,2025,28.31,Sư phạm Vật lí
141224,SPH,su-pham-vat-ly,A00,Điểm thi THPT,2024,27.71,Sư phạm Vật lý
141225,SPH,su-pham-vat-ly,A01,Điểm thi THPT,2024,27.71,Sư phạm Vật lý
141226,SPH,tam-ly-hoc,C00,Điểm thi THPT,2021,25.5,Tâm lý học (Tâm lý học trường học)
141227,SPH,tam-ly-hoc,D01,Điểm thi THPT,2021,25.4,Tâm lý học (Tâm lý học trường học)
141228,SPH,tam-ly-hoc,D02,Điểm thi THPT,2021,25.4,Tâm lý học (Tâm lý học trường học)
141229,SPH,tam-ly-hoc,D03,Điểm thi THPT,2021,25.4,Tâm lý học (Tâm lý học trường học)
141230,SPH,tam-ly-hoc,C00,Điểm thi THPT,2022,26.25,Tâm lý học (Tâm lý học trường học)
141231,SPH,tam-ly-hoc,D01,Điểm thi THPT,2022,24.8,Tâm lý học (Tâm lý học trường học)
141232,SPH,tam-ly-hoc,D02,Điểm thi THPT,2022,24.8,Tâm lý học (Tâm lý học trường học)
141233,SPH,tam-ly-hoc,D03,Điểm thi THPT,2022,24.8,Tâm lý học (Tâm lý học trường học)
141234,SPH,tam-ly-hoc,C00,Điểm thi THPT,2023,25.89,Tâm lý học (Tâm lý học trường học)
141235,SPH,tam-ly-hoc,D01,Điểm thi THPT,2023,25.15,Tâm lý học (Tâm lý học trường học)
141236,SPH,tam-ly-hoc,D02,Điểm thi THPT,2023,25.15,Tâm lý học (Tâm lý học trường học)
141237,SPH,tam-ly-hoc,D03,Điểm thi THPT,2023,25.15,Tâm lý học (Tâm lý học trường học)
141238,SPH,tam-ly-hoc,C00,Điểm thi THPT,2024,27.5,Tâm lý học (Tâm lý học trường học)
141239,SPH,tam-ly-hoc,D01,Điểm thi THPT,2024,27.5,Tâm lý học (Tâm lý học trường học)
141240,SPH,tam-ly-hoc,D02,Điểm thi THPT,2024,27.5,Tâm lý học (Tâm lý học trường học)
141241,SPH,tam-ly-hoc,D03,Điểm thi THPT,2024,27.5,Tâm lý học (Tâm lý học trường học)
141242,SPH,tam-ly-hoc,D01,Điểm thi THPT,2025,23.23,Tâm lý học (Tâm lý học trường học)
141243,SPH,tam-ly-hoc,D14,Điểm thi THPT,2025,23.23,Tâm lý học (Tâm lý học trường học)
141244,SPH,tam-ly-hoc,D15,Điểm thi THPT,2025,23.23,Tâm lý học (Tâm lý học trường học)
141245,SPH,tam-ly-hoc-giao-duc,C00,Điểm thi THPT,2021,26.5,Tâm lý học giáo dục
141246,SPH,tam-ly-hoc-giao-duc,D01,Điểm thi THPT,2021,26.15,Tâm lý học giáo dục
141247,SPH,tam-ly-hoc-giao-duc,D02,Điểm thi THPT,2021,26.15,Tâm lý học giáo dục
141248,SPH,tam-ly-hoc-giao-duc,D03,Điểm thi THPT,2021,26.15,Tâm lý học giáo dục
141249,SPH,tam-ly-hoc-giao-duc,C00,Điểm thi THPT,2022,26.75,Tâm lý học giáo dục
141250,SPH,tam-ly-hoc-giao-duc,D01,Điểm thi THPT,2022,25.5,Tâm lý học giáo dục
141251,SPH,tam-ly-hoc-giao-duc,D02,Điểm thi THPT,2022,25.5,Tâm lý học giáo dục
141252,SPH,tam-ly-hoc-giao-duc,D03,Điểm thi THPT,2022,25.5,Tâm lý học giáo dục
141253,SPH,tam-ly-hoc-giao-duc,C00,Điểm thi THPT,2023,26.5,Tâm lý học giáo dục
141254,SPH,tam-ly-hoc-giao-duc,D01,Điểm thi THPT,2023,25.7,Tâm lý học giáo dục
141255,SPH,tam-ly-hoc-giao-duc,D02,Điểm thi THPT,2023,25.7,Tâm lý học giáo dục
141256,SPH,tam-ly-hoc-giao-duc,D03,Điểm thi THPT,2023,25.7,Tâm lý học giáo dục
141257,SPH,tam-ly-hoc-giao-duc,C00,Điểm thi THPT,2024,28.0,Tâm lý học giáo dục
141258,SPH,tam-ly-hoc-giao-duc,D01,Điểm thi THPT,2024,28.0,Tâm lý học giáo dục
141259,SPH,tam-ly-hoc-giao-duc,D02,Điểm thi THPT,2024,28.0,Tâm lý học giáo dục
141260,SPH,tam-ly-hoc-giao-duc,D03,Điểm thi THPT,2024,28.0,Tâm lý học giáo dục
141261,SPH,tam-ly-hoc-giao-duc,D01,Điểm thi THPT,2025,23.75,Tâm lý học giáo dục
141262,SPH,tam-ly-hoc-giao-duc,D14,Điểm thi THPT,2025,23.75,Tâm lý học giáo dục
141263,SPH,tam-ly-hoc-giao-duc,D15,Điểm thi THPT,2025,23.75,Tâm lý học giáo dục
141264,SPH,tieng-viet-va-van-hoa-viet-nam,C00,Điểm thi THPT,2025,26.36,Tiếng Việt và văn hóa Việt Nam (mới)
141265,SPH,tieng-viet-va-van-hoa-viet-nam,D14,Điểm thi THPT,2025,26.36,Tiếng Việt và văn hóa Việt Nam (mới)
141266,SPH,toan-hoc,A00,Điểm thi THPT,2021,23.0,Toán học
141267,SPH,toan-hoc,D01,Điểm thi THPT,2021,24.85,Toán học
141268,SPH,toan-hoc,A00,Điểm thi THPT,2022,24.35,Toán học
141269,SPH,toan-hoc,D01,Điểm thi THPT,2022,24.55,Toán học
141270,SPH,toan-hoc,A00,Điểm thi THPT,2023,25.31,Toán học
141271,SPH,toan-hoc,D01,Điểm thi THPT,2023,25.02,Toán học
141272,SPH,toan-hoc,A00,Điểm thi THPT,2024,26.04,Toán học
141273,SPH,toan-hoc,D01,Điểm thi THPT,2024,26.04,Toán học
141274,SPH,toan-hoc,A00,Điểm thi THPT,2025,25.5,Toán học
141275,SPH,toan-hoc,A01,Điểm thi THPT,2025,25.5,Toán học
141276,SPH,triet-hoc,C00,Điểm thi THPT,2021,16.25,Triết học (Triết học Mác Lê-nin)
141277,SPH,triet-hoc,C19,Điểm thi THPT,2021,16.0,Triết học (Triết học Mác Lê-nin)
141278,SPH,triet-hoc,C00,Điểm thi THPT,2022,22.25,Triết học (Triết học Mác - Lênin)
141279,SPH,triet-hoc,C19,Điểm thi THPT,2022,23.5,Triết học (Triết học Mác - Lênin)
141280,SPH,triet-hoc,C00,Điểm thi THPT,2023,24.2,Triết học (Triết học Mác Lê-nin)
141281,SPH,triet-hoc,C19,Điểm thi THPT,2023,25.8,Triết học (Triết học Mác Lê-nin)
141282,SPH,triet-hoc,C00,Điểm thi THPT,2024,27.1,Triết học (Triết học Mác Lê-nin)
141283,SPH,triet-hoc,C19,Điểm thi THPT,2024,27.1,Triết học (Triết học Mác Lê-nin)
141284,SPH,triet-hoc,C00,Điểm thi THPT,2025,24.68,Triết học (Triết học Mác Lê-nin)
141285,SPH,triet-hoc,D14,Điểm thi THPT,2025,24.68,Triết học (Triết học Mác Lê-nin)
141286,SPH,triet-hoc,X70,Điểm thi THPT,2025,24.68,Triết học (Triết học Mác Lê-nin)
141287,SPH,van-hoc,C00,Điểm thi THPT,2021,25.25,Văn học
141288,SPH,van-hoc,D01,Điểm thi THPT,2021,25.4,Văn học
141289,SPH,van-hoc,D02,Điểm thi THPT,2021,25.4,Văn học
141290,SPH,van-hoc,D03,Điểm thi THPT,2021,25.4,Văn học
141291,SPH,van-hoc,C00,Điểm thi THPT,2022,27.0,Văn học
141292,SPH,van-hoc,D01,Điểm thi THPT,2022,25.2,Văn học
141293,SPH,van-hoc,D02,Điểm thi THPT,2022,25.2,Văn học
141294,SPH,van-hoc,D03,Điểm thi THPT,2022,25.2,Văn học
141295,SPH,van-hoc,C00,Điểm thi THPT,2023,26.5,Văn học
141296,SPH,van-hoc,D01,Điểm thi THPT,2023,25.4,Văn học
141297,SPH,van-hoc,D02,Điểm thi THPT,2023,25.4,Văn học
141298,SPH,van-hoc,D03,Điểm thi THPT,2023,25.4,Văn học
141299,SPH,van-hoc,C00,Điểm thi THPT,2024,28.31,Văn học
141300,SPH,van-hoc,D01,Điểm thi THPT,2024,28.31,Văn học
141301,SPH,van-hoc,D02,Điểm thi THPT,2024,28.31,Văn học
141302,SPH,van-hoc,D03,Điểm thi THPT,2024,28.31,Văn học
141303,SPH,van-hoc,C00,Điểm thi THPT,2025,27.64,Văn học
141304,SPH,van-hoc,D01,Điểm thi THPT,2025,27.64,Văn học
141305,SPH,vat-li-hoc,A00,Điểm thi THPT,2025,22.35,Vật lí học (vật lí bán dẫn và kỹ thuật) (mới)
141306,SPH,vat-li-hoc,A01,Điểm thi THPT,2025,22.35,Vật lí học (vật lí bán dẫn và kỹ thuật) (mới)
141307,SPH,vat-li-hoc,X06,Điểm thi THPT,2025,22.35,Vật lí học (vật lí bán dẫn và kỹ thuật) (mới)
141308,SPH,viet-nam-hoc,C00,Điểm thi THPT,2021,23.25,Việt Nam học
141309,SPH,viet-nam-hoc,D01,Điểm thi THPT,2021,22.65,Việt Nam học
141310,SPH,viet-nam-hoc,C00,Điểm thi THPT,2022,25.5,Việt Nam học
141311,SPH,viet-nam-hoc,D15,Điểm thi THPT,2022,20.45,Việt Nam học
141312,SPH,viet-nam-hoc,C00,Điểm thi THPT,2023,24.87,Việt Nam học
141313,SPH,viet-nam-hoc,D15,Điểm thi THPT,2023,22.75,Việt Nam học
141314,SPH,viet-nam-hoc,C00,Điểm thi THPT,2024,26.97,Việt Nam học
141315,SPH,viet-nam-hoc,D15,Điểm thi THPT,2024,26.97,Việt Nam học
141316,SPH,viet-nam-hoc,D01,Điểm thi THPT,2025,20.0,Việt Nam học (Tuyển sinh người Việt Nam)
141317,SPH,viet-nam-hoc,D14,Điểm thi THPT,2025,20.0,Việt Nam học (Tuyển sinh người Việt Nam)
141318,SPH,xa-hoi-hoc,C00,Điểm thi THPT,2025,25.8,Xã hội học (mới)
141319,SPH,xa-hoi-hoc,D14,Điểm thi THPT,2025,25.8,Xã hội học (mới)
141320,SPH,xa-hoi-hoc,X70,Điểm thi THPT,2025,25.8,Xã hội học (mới)
141321,SPK,an-toan-thong-tin,A00,Điểm học bạ,2022,29.5,An toàn thông tin
141322,SPK,an-toan-thong-tin,A01,Điểm học bạ,2022,29.5,An toàn thông tin
141323,SPK,an-toan-thong-tin,D01,Điểm học bạ,2022,29.5,An toàn thông tin
141324,SPK,an-toan-thong-tin,D90,Điểm học bạ,2022,29.5,An toàn thông tin
141325,SPK,an-toan-thong-tin,A00,Điểm thi THPT,2022,26.0,An toàn thông tin
141326,SPK,an-toan-thong-tin,A01,Điểm thi THPT,2022,26.0,An toàn thông tin
141327,SPK,an-toan-thong-tin,D01,Điểm thi THPT,2022,26.0,An toàn thông tin
141328,SPK,an-toan-thong-tin,D90,Điểm thi THPT,2022,26.0,An toàn thông tin
141329,SPK,an-toan-thong-tin,A00,Điểm học bạ,2023,27.25,An toàn thông tin
141330,SPK,an-toan-thong-tin,A01,Điểm học bạ,2023,27.25,An toàn thông tin
141331,SPK,an-toan-thong-tin,D01,Điểm học bạ,2023,27.25,An toàn thông tin
141332,SPK,an-toan-thong-tin,D90,Điểm học bạ,2023,27.25,An toàn thông tin
141333,SPK,an-toan-thong-tin,A00,Điểm thi THPT,2023,26.9,An toàn thông tin
141334,SPK,an-toan-thong-tin,A01,Điểm thi THPT,2023,26.9,An toàn thông tin
141335,SPK,an-toan-thong-tin,D01,Điểm thi THPT,2023,26.9,An toàn thông tin
141336,SPK,an-toan-thong-tin,D90,Điểm thi THPT,2023,26.9,An toàn thông tin
141337,SPK,an-toan-thong-tin,A00,Điểm học bạ,2024,22.0,An toàn thông tin (Tiếng Việt)
141338,SPK,an-toan-thong-tin,A01,Điểm học bạ,2024,22.0,An toàn thông tin (Tiếng Việt)
141339,SPK,an-toan-thong-tin,D01,Điểm học bạ,2024,22.0,An toàn thông tin (Tiếng Việt)
141340,SPK,an-toan-thong-tin,D90,Điểm học bạ,2024,22.0,An toàn thông tin (Tiếng Việt)
141341,SPK,an-toan-thong-tin,D96,Điểm học bạ,2024,22.0,An toàn thông tin (Tiếng Việt)
141342,SPK,an-toan-thong-tin,A00,Điểm thi THPT,2024,24.89,An toàn thông tin (đào tạo bằng tiếng Việt)
141343,SPK,an-toan-thong-tin,A01,Điểm thi THPT,2024,24.89,An toàn thông tin (đào tạo bằng tiếng Việt)
141344,SPK,an-toan-thong-tin,D01,Điểm thi THPT,2024,24.89,An toàn thông tin (đào tạo bằng tiếng Việt)
141345,SPK,an-toan-thong-tin,D90,Điểm thi THPT,2024,24.89,An toàn thông tin (đào tạo bằng tiếng Việt)
141346,SPK,an-toan-thong-tin,A00,Điểm học bạ,2025,27.67,An toàn thông tin (đào tạo bằng tiếng Việt)
141347,SPK,an-toan-thong-tin,A01,Điểm học bạ,2025,27.67,An toàn thông tin (đào tạo bằng tiếng Việt)
141348,SPK,an-toan-thong-tin,C01,Điểm học bạ,2025,27.67,An toàn thông tin (đào tạo bằng tiếng Việt)
141349,SPK,an-toan-thong-tin,D01,Điểm học bạ,2025,27.67,An toàn thông tin (đào tạo bằng tiếng Việt)
141350,SPK,an-toan-thong-tin,A00,Điểm thi THPT,2025,26.0,An toàn thông tin (đào tạo bằng tiếng Việt)
141351,SPK,an-toan-thong-tin,A01,Điểm thi THPT,2025,26.98,An toàn thông tin (đào tạo bằng tiếng Việt)
141352,SPK,an-toan-thong-tin,C01,Điểm thi THPT,2025,25.22,An toàn thông tin (đào tạo bằng tiếng Việt)
141353,SPK,an-toan-thong-tin,D01,Điểm thi THPT,2025,27.38,An toàn thông tin (đào tạo bằng tiếng Việt)
141354,SPK,cnkt-dien-tu-vien-thong,A00,Điểm học bạ,2025,28.65,Chương trình đào tạo Kỹ thuật Thiết kế vi mạch (thuộc ngành CNKT Điện tử - viễn thông) (đào tạo bằng tiếng Việt)
141355,SPK,cnkt-dien-tu-vien-thong,A01,Điểm học bạ,2025,28.65,Chương trình đào tạo Kỹ thuật Thiết kế vi mạch (thuộc ngành CNKT Điện tử - viễn thông) (đào tạo bằng tiếng Việt)
141356,SPK,cnkt-dien-tu-vien-thong,C01,Điểm học bạ,2025,28.65,Chương trình đào tạo Kỹ thuật Thiết kế vi mạch (thuộc ngành CNKT Điện tử - viễn thông) (đào tạo bằng tiếng Việt)
141357,SPK,cnkt-dien-tu-vien-thong,D01,Điểm học bạ,2025,28.65,Chương trình đào tạo Kỹ thuật Thiết kế vi mạch (thuộc ngành CNKT Điện tử - viễn thông) (đào tạo bằng tiếng Việt)
141358,SPK,cnkt-dien-tu-vien-thong,A00,Điểm thi THPT,2025,28.65,Chương trình đào tạo Kỹ thuật Thiết kế vi mạch (thuộc ngành CNKT Điện tử - viễn thông) (đào tạo bằng tiếng Việt)
141359,SPK,cnkt-dien-tu-vien-thong,A01,Điểm thi THPT,2025,29.63,Chương trình đào tạo Kỹ thuật Thiết kế vi mạch (thuộc ngành CNKT Điện tử - viễn thông) (đào tạo bằng tiếng Việt)
141360,SPK,cnkt-dien-tu-vien-thong,C01,Điểm thi THPT,2025,27.87,Chương trình đào tạo Kỹ thuật Thiết kế vi mạch (thuộc ngành CNKT Điện tử - viễn thông) (đào tạo bằng tiếng Việt)
141361,SPK,cnkt-dien-tu-vien-thong,D01,Điểm thi THPT,2025,29.93,Chương trình đào tạo Kỹ thuật Thiết kế vi mạch (thuộc ngành CNKT Điện tử - viễn thông) (đào tạo bằng tiếng Việt)
141362,SPK,cnkt-dt-vien-thong,A00,Điểm thi THPT,2024,25.95,Chương trình đào tạo Kỹ thuật Thiết kế Vi mạch - thuộc ngành CNKT ĐT - Viễn thông (đào tạo bằng tiếng Việt)
141363,SPK,cnkt-dt-vien-thong,A01,Điểm thi THPT,2024,25.95,Chương trình đào tạo Kỹ thuật Thiết kế Vi mạch - thuộc ngành CNKT ĐT - Viễn thông (đào tạo bằng tiếng Việt)
141364,SPK,cnkt-dt-vien-thong,D01,Điểm thi THPT,2024,25.95,Chương trình đào tạo Kỹ thuật Thiết kế Vi mạch - thuộc ngành CNKT ĐT - Viễn thông (đào tạo bằng tiếng Việt)
141365,SPK,cnkt-dt-vien-thong,D90,Điểm thi THPT,2024,25.95,Chương trình đào tạo Kỹ thuật Thiết kế Vi mạch - thuộc ngành CNKT ĐT - Viễn thông (đào tạo bằng tiếng Việt)
141366,SPK,cong-nghe-che-tao-may,A00,Điểm học bạ,2021,22.0,Công nghệ chế tạo máy (CLC tiếng Anh)
141367,SPK,cong-nghe-che-tao-may,A01,Điểm học bạ,2021,22.0,Công nghệ chế tạo máy (CLC tiếng Anh)
141368,SPK,cong-nghe-che-tao-may,D01,Điểm học bạ,2021,22.0,Công nghệ chế tạo máy (CLC tiếng Anh)
141369,SPK,cong-nghe-che-tao-may,D90,Điểm học bạ,2021,22.0,Công nghệ chế tạo máy (CLC tiếng Anh)
141370,SPK,cong-nghe-che-tao-may,A00,Điểm thi THPT,2021,23.25,Công nghệ chế tạo máy
141371,SPK,cong-nghe-che-tao-may,A01,Điểm thi THPT,2021,23.75,Công nghệ chế tạo máy
141372,SPK,cong-nghe-che-tao-may,D01,Điểm thi THPT,2021,23.75,Công nghệ chế tạo máy
141373,SPK,cong-nghe-che-tao-may,D90,Điểm thi THPT,2021,23.75,Công nghệ chế tạo máy
141374,SPK,cong-nghe-che-tao-may,A00,Điểm học bạ,2022,25.0,Công nghệ chế tạo máy
141375,SPK,cong-nghe-che-tao-may,A01,Điểm học bạ,2022,25.0,Công nghệ chế tạo máy
141376,SPK,cong-nghe-che-tao-may,D01,Điểm học bạ,2022,25.0,Công nghệ chế tạo máy
141377,SPK,cong-nghe-che-tao-may,D90,Điểm học bạ,2022,25.0,Công nghệ chế tạo máy
141378,SPK,cong-nghe-che-tao-may,A00,Điểm thi THPT,2022,19.05,Công nghệ chế tạo máy
141379,SPK,cong-nghe-che-tao-may,A01,Điểm thi THPT,2022,19.05,Công nghệ chế tạo máy
141380,SPK,cong-nghe-che-tao-may,D01,Điểm thi THPT,2022,19.05,Công nghệ chế tạo máy
141381,SPK,cong-nghe-che-tao-may,D90,Điểm thi THPT,2022,19.05,Công nghệ chế tạo máy
141382,SPK,cong-nghe-che-tao-may,A00,Điểm học bạ,2023,22.0,Công nghệ chế tạo máy
141383,SPK,cong-nghe-che-tao-may,A01,Điểm học bạ,2023,22.0,Công nghệ chế tạo máy
141384,SPK,cong-nghe-che-tao-may,D01,Điểm học bạ,2023,22.0,Công nghệ chế tạo máy
141385,SPK,cong-nghe-che-tao-may,D90,Điểm học bạ,2023,22.0,Công nghệ chế tạo máy
141386,SPK,cong-nghe-che-tao-may,A00,Điểm thi THPT,2023,21.7,Công nghệ chế tạo máy
141387,SPK,cong-nghe-che-tao-may,A01,Điểm thi THPT,2023,21.7,Công nghệ chế tạo máy
141388,SPK,cong-nghe-che-tao-may,D01,Điểm thi THPT,2023,21.7,Công nghệ chế tạo máy
141389,SPK,cong-nghe-che-tao-may,D90,Điểm thi THPT,2023,21.7,Công nghệ chế tạo máy
141390,SPK,cong-nghe-che-tao-may,A00,Điểm học bạ,2024,22.5,Công nghệ chế tạo máy (Tiếng Anh)
141391,SPK,cong-nghe-che-tao-may,A01,Điểm học bạ,2024,22.5,Công nghệ chế tạo máy (Tiếng Anh)
141392,SPK,cong-nghe-che-tao-may,D01,Điểm học bạ,2024,22.5,Công nghệ chế tạo máy (Tiếng Anh)
141393,SPK,cong-nghe-che-tao-may,D90,Điểm học bạ,2024,22.5,Công nghệ chế tạo máy (Tiếng Anh)
141394,SPK,cong-nghe-che-tao-may,D96,Điểm học bạ,2024,22.5,Công nghệ chế tạo máy (Tiếng Anh)
141395,SPK,cong-nghe-che-tao-may,A00,Điểm thi THPT,2024,23.0,Công nghệ chế tạo máy (đào tạo bằng tiếng Anh)
141396,SPK,cong-nghe-che-tao-may,A01,Điểm thi THPT,2024,23.0,Công nghệ chế tạo máy (đào tạo bằng tiếng Anh)
141397,SPK,cong-nghe-che-tao-may,D01,Điểm thi THPT,2024,23.0,Công nghệ chế tạo máy (đào tạo bằng tiếng Anh)
141398,SPK,cong-nghe-che-tao-may,D90,Điểm thi THPT,2024,23.0,Công nghệ chế tạo máy (đào tạo bằng tiếng Anh)
141399,SPK,cong-nghe-che-tao-may,A00,Điểm học bạ,2025,25.64,Công nghệ chế tạo máy * (đào tạo bằng tiếng Anh)
141400,SPK,cong-nghe-che-tao-may,A01,Điểm học bạ,2025,25.64,Công nghệ chế tạo máy * (đào tạo bằng tiếng Anh)
141401,SPK,cong-nghe-che-tao-may,C01,Điểm học bạ,2025,25.64,Công nghệ chế tạo máy * (đào tạo bằng tiếng Anh)
141402,SPK,cong-nghe-che-tao-may,D01,Điểm học bạ,2025,25.64,Công nghệ chế tạo máy * (đào tạo bằng tiếng Anh)
141403,SPK,cong-nghe-che-tao-may,A00,Điểm thi THPT,2025,22.8,Công nghệ chế tạo máy * (đào tạo bằng tiếng Anh)
141404,SPK,cong-nghe-che-tao-may,A01,Điểm thi THPT,2025,23.78,Công nghệ chế tạo máy * (đào tạo bằng tiếng Anh)
141405,SPK,cong-nghe-che-tao-may,C01,Điểm thi THPT,2025,22.02,Công nghệ chế tạo máy * (đào tạo bằng tiếng Anh)
141406,SPK,cong-nghe-che-tao-may,D01,Điểm thi THPT,2025,24.18,Công nghệ chế tạo máy * (đào tạo bằng tiếng Anh)
141407,SPK,cong-nghe-dien-tu-vien-thong,A00,Điểm học bạ,2022,23.0,Công nghệ điện tử - viễn thông
141408,SPK,cong-nghe-dien-tu-vien-thong,A01,Điểm học bạ,2022,23.0,Công nghệ điện tử - viễn thông
141409,SPK,cong-nghe-dien-tu-vien-thong,D01,Điểm học bạ,2022,23.0,Công nghệ điện tử - viễn thông
141410,SPK,cong-nghe-dien-tu-vien-thong,D90,Điểm học bạ,2022,23.0,Công nghệ điện tử - viễn thông
141411,SPK,cong-nghe-dien-tu-vien-thong,A00,Điểm thi THPT,2022,20.75,Công nghệ điện tử - viễn thông
141412,SPK,cong-nghe-dien-tu-vien-thong,A01,Điểm thi THPT,2022,20.75,Công nghệ điện tử - viễn thông
141413,SPK,cong-nghe-dien-tu-vien-thong,D01,Điểm thi THPT,2022,20.75,Công nghệ điện tử - viễn thông
141414,SPK,cong-nghe-dien-tu-vien-thong,D90,Điểm thi THPT,2022,20.75,Công nghệ điện tử - viễn thông
141415,SPK,cong-nghe-dien-tu-vien-thong,A00,Điểm học bạ,2023,21.5,Công nghệ điện tử - viễn thông
141416,SPK,cong-nghe-dien-tu-vien-thong,A01,Điểm học bạ,2023,21.5,Công nghệ điện tử - viễn thông
141417,SPK,cong-nghe-dien-tu-vien-thong,D01,Điểm học bạ,2023,21.5,Công nghệ điện tử - viễn thông
141418,SPK,cong-nghe-dien-tu-vien-thong,D90,Điểm học bạ,2023,21.5,Công nghệ điện tử - viễn thông
141419,SPK,cong-nghe-dien-tu-vien-thong,A00,Điểm thi THPT,2023,22.3,Công nghệ điện tử - viễn thông
141420,SPK,cong-nghe-dien-tu-vien-thong,A01,Điểm thi THPT,2023,22.3,Công nghệ điện tử - viễn thông
141421,SPK,cong-nghe-dien-tu-vien-thong,D01,Điểm thi THPT,2023,22.3,Công nghệ điện tử - viễn thông
141422,SPK,cong-nghe-dien-tu-vien-thong,D90,Điểm thi THPT,2023,22.3,Công nghệ điện tử - viễn thông
141423,SPK,cong-nghe-kt-dien-tu-vien-thong,A00,Điểm học bạ,2024,26.5,Kỹ thuật Thiết kế Vi mạch - thuộc ngành Công nghệ KT Điện tử - Viễn thông (Tiếng Việt)
141424,SPK,cong-nghe-kt-dien-tu-vien-thong,A01,Điểm học bạ,2024,26.5,Kỹ thuật Thiết kế Vi mạch - thuộc ngành Công nghệ KT Điện tử - Viễn thông (Tiếng Việt)
141425,SPK,cong-nghe-kt-dien-tu-vien-thong,D01,Điểm học bạ,2024,26.5,Kỹ thuật Thiết kế Vi mạch - thuộc ngành Công nghệ KT Điện tử - Viễn thông (Tiếng Việt)
141426,SPK,cong-nghe-kt-dien-tu-vien-thong,D90,Điểm học bạ,2024,26.5,Kỹ thuật Thiết kế Vi mạch - thuộc ngành Công nghệ KT Điện tử - Viễn thông (Tiếng Việt)
141427,SPK,cong-nghe-kt-dien-tu-vien-thong,D96,Điểm học bạ,2024,26.5,Kỹ thuật Thiết kế Vi mạch - thuộc ngành Công nghệ KT Điện tử - Viễn thông (Tiếng Việt)
141428,SPK,cong-nghe-ky-thuat-co-dien-tu,A00,Điểm học bạ,2021,23.0,Công nghệ kỹ thuật cơ điện tử (CLC tiếng Anh)
141429,SPK,cong-nghe-ky-thuat-co-dien-tu,A01,Điểm học bạ,2021,23.0,Công nghệ kỹ thuật cơ điện tử (CLC tiếng Anh)
141430,SPK,cong-nghe-ky-thuat-co-dien-tu,D01,Điểm học bạ,2021,23.0,Công nghệ kỹ thuật cơ điện tử (CLC tiếng Anh)
141431,SPK,cong-nghe-ky-thuat-co-dien-tu,D90,Điểm học bạ,2021,23.0,Công nghệ kỹ thuật cơ điện tử (CLC tiếng Anh)
141432,SPK,cong-nghe-ky-thuat-co-dien-tu,A00,Điểm thi THPT,2021,28.25,Công nghệ kỹ thuật cơ điện tử
141433,SPK,cong-nghe-ky-thuat-co-dien-tu,A01,Điểm thi THPT,2021,28.75,Công nghệ kỹ thuật cơ điện tử
141434,SPK,cong-nghe-ky-thuat-co-dien-tu,D01,Điểm thi THPT,2021,28.75,Công nghệ kỹ thuật cơ điện tử
141435,SPK,cong-nghe-ky-thuat-co-dien-tu,D90,Điểm thi THPT,2021,28.75,Công nghệ kỹ thuật cơ điện tử
141436,SPK,cong-nghe-ky-thuat-co-dien-tu,A00,Điểm học bạ,2022,28.5,Công nghệ kỹ thuật cơ điện tử
141437,SPK,cong-nghe-ky-thuat-co-dien-tu,A01,Điểm học bạ,2022,28.5,Công nghệ kỹ thuật cơ điện tử
141438,SPK,cong-nghe-ky-thuat-co-dien-tu,D01,Điểm học bạ,2022,28.5,Công nghệ kỹ thuật cơ điện tử
141439,SPK,cong-nghe-ky-thuat-co-dien-tu,D90,Điểm học bạ,2022,28.5,Công nghệ kỹ thuật cơ điện tử
141440,SPK,cong-nghe-ky-thuat-co-dien-tu,A00,Điểm thi THPT,2022,23.75,Công nghệ kỹ thuật cơ điện tử
141441,SPK,cong-nghe-ky-thuat-co-dien-tu,A01,Điểm thi THPT,2022,23.75,Công nghệ kỹ thuật cơ điện tử
141442,SPK,cong-nghe-ky-thuat-co-dien-tu,D01,Điểm thi THPT,2022,23.75,Công nghệ kỹ thuật cơ điện tử
141443,SPK,cong-nghe-ky-thuat-co-dien-tu,D90,Điểm thi THPT,2022,23.75,Công nghệ kỹ thuật cơ điện tử
141444,SPK,cong-nghe-ky-thuat-co-dien-tu,A00,Điểm học bạ,2023,25.0,Công nghệ kỹ thuật cơ điện tử
141445,SPK,cong-nghe-ky-thuat-co-dien-tu,A01,Điểm học bạ,2023,25.0,Công nghệ kỹ thuật cơ điện tử
141446,SPK,cong-nghe-ky-thuat-co-dien-tu,D01,Điểm học bạ,2023,25.0,Công nghệ kỹ thuật cơ điện tử
141447,SPK,cong-nghe-ky-thuat-co-dien-tu,D90,Điểm học bạ,2023,25.0,Công nghệ kỹ thuật cơ điện tử
141448,SPK,cong-nghe-ky-thuat-co-dien-tu,A00,Điểm thi THPT,2023,26.9,Công nghệ kỹ thuật cơ điện tử
141449,SPK,cong-nghe-ky-thuat-co-dien-tu,A01,Điểm thi THPT,2023,26.9,Công nghệ kỹ thuật cơ điện tử
141450,SPK,cong-nghe-ky-thuat-co-dien-tu,D01,Điểm thi THPT,2023,26.9,Công nghệ kỹ thuật cơ điện tử
141451,SPK,cong-nghe-ky-thuat-co-dien-tu,D90,Điểm thi THPT,2023,26.9,Công nghệ kỹ thuật cơ điện tử
141452,SPK,cong-nghe-ky-thuat-co-dien-tu,A00,Điểm học bạ,2024,25.75,Còng nghệ kỹ thuật cơ điện tử (Tiếng Anh)
141453,SPK,cong-nghe-ky-thuat-co-dien-tu,A01,Điểm học bạ,2024,25.75,Còng nghệ kỹ thuật cơ điện tử (Tiếng Anh)
141454,SPK,cong-nghe-ky-thuat-co-dien-tu,D01,Điểm học bạ,2024,25.75,Còng nghệ kỹ thuật cơ điện tử (Tiếng Anh)
141455,SPK,cong-nghe-ky-thuat-co-dien-tu,D90,Điểm học bạ,2024,25.75,Còng nghệ kỹ thuật cơ điện tử (Tiếng Anh)
141456,SPK,cong-nghe-ky-thuat-co-dien-tu,D96,Điểm học bạ,2024,25.75,Còng nghệ kỹ thuật cơ điện tử (Tiếng Anh)
141457,SPK,cong-nghe-ky-thuat-co-dien-tu,A00,Điểm thi THPT,2024,25.1,Công nghệ kỹ thuật cơ điện tử (đào tạo bằng tiếng Anh)
141458,SPK,cong-nghe-ky-thuat-co-dien-tu,A01,Điểm thi THPT,2024,25.1,Công nghệ kỹ thuật cơ điện tử (đào tạo bằng tiếng Anh)
141459,SPK,cong-nghe-ky-thuat-co-dien-tu,D01,Điểm thi THPT,2024,25.1,Công nghệ kỹ thuật cơ điện tử (đào tạo bằng tiếng Anh)
141460,SPK,cong-nghe-ky-thuat-co-dien-tu,D90,Điểm thi THPT,2024,25.1,Công nghệ kỹ thuật cơ điện tử (đào tạo bằng tiếng Anh)
141461,SPK,cong-nghe-ky-thuat-co-dien-tu,A00,Điểm học bạ,2025,27.16,Công nghệ Kỹ thuật cơ điện tử * (đào tạo bằng tiếng Anh)
141462,SPK,cong-nghe-ky-thuat-co-dien-tu,A01,Điểm học bạ,2025,27.16,Công nghệ Kỹ thuật cơ điện tử * (đào tạo bằng tiếng Anh)
141463,SPK,cong-nghe-ky-thuat-co-dien-tu,C01,Điểm học bạ,2025,27.16,Công nghệ Kỹ thuật cơ điện tử * (đào tạo bằng tiếng Anh)
141464,SPK,cong-nghe-ky-thuat-co-dien-tu,D01,Điểm học bạ,2025,27.16,Công nghệ Kỹ thuật cơ điện tử * (đào tạo bằng tiếng Anh)
141465,SPK,cong-nghe-ky-thuat-co-dien-tu,A00,Điểm thi THPT,2025,25.0,Công nghệ Kỹ thuật cơ điện tử * (đào tạo bằng tiếng Anh)
141466,SPK,cong-nghe-ky-thuat-co-dien-tu,A01,Điểm thi THPT,2025,25.98,Công nghệ Kỹ thuật cơ điện tử * (đào tạo bằng tiếng Anh)
141467,SPK,cong-nghe-ky-thuat-co-dien-tu,C01,Điểm thi THPT,2025,24.22,Công nghệ Kỹ thuật cơ điện tử * (đào tạo bằng tiếng Anh)
141468,SPK,cong-nghe-ky-thuat-co-dien-tu,D01,Điểm thi THPT,2025,26.38,Công nghệ Kỹ thuật cơ điện tử * (đào tạo bằng tiếng Anh)
141469,SPK,cong-nghe-ky-thuat-co-khi,A00,Điểm học bạ,2021,24.0,Công nghệ kỹ thuật cơ khí (CLC tiếng Anh)
141470,SPK,cong-nghe-ky-thuat-co-khi,A01,Điểm học bạ,2021,24.0,Công nghệ kỹ thuật cơ khí (CLC tiếng Anh)
141471,SPK,cong-nghe-ky-thuat-co-khi,D01,Điểm học bạ,2021,24.0,Công nghệ kỹ thuật cơ khí (CLC tiếng Anh)
141472,SPK,cong-nghe-ky-thuat-co-khi,D90,Điểm học bạ,2021,24.0,Công nghệ kỹ thuật cơ khí (CLC tiếng Anh)
141473,SPK,cong-nghe-ky-thuat-co-khi,A00,Điểm thi THPT,2021,26.0,Công nghệ kỹ thuật cơ khí
141474,SPK,cong-nghe-ky-thuat-co-khi,A01,Điểm thi THPT,2021,26.5,Công nghệ kỹ thuật cơ khí
141475,SPK,cong-nghe-ky-thuat-co-khi,D01,Điểm thi THPT,2021,26.5,Công nghệ kỹ thuật cơ khí
141476,SPK,cong-nghe-ky-thuat-co-khi,D90,Điểm thi THPT,2021,26.5,Công nghệ kỹ thuật cơ khí
141477,SPK,cong-nghe-ky-thuat-co-khi,A00,Điểm học bạ,2022,26.0,Công nghệ kỹ thuật cơ khí
141478,SPK,cong-nghe-ky-thuat-co-khi,A01,Điểm học bạ,2022,26.0,Công nghệ kỹ thuật cơ khí
141479,SPK,cong-nghe-ky-thuat-co-khi,D01,Điểm học bạ,2022,26.0,Công nghệ kỹ thuật cơ khí
141480,SPK,cong-nghe-ky-thuat-co-khi,D90,Điểm học bạ,2022,26.0,Công nghệ kỹ thuật cơ khí
141481,SPK,cong-nghe-ky-thuat-co-khi,A00,Điểm thi THPT,2022,26.15,Công nghệ kỹ thuật cơ khí
141482,SPK,cong-nghe-ky-thuat-co-khi,A01,Điểm thi THPT,2022,26.15,Công nghệ kỹ thuật cơ khí
141483,SPK,cong-nghe-ky-thuat-co-khi,D01,Điểm thi THPT,2022,26.15,Công nghệ kỹ thuật cơ khí
141484,SPK,cong-nghe-ky-thuat-co-khi,D90,Điểm thi THPT,2022,26.15,Công nghệ kỹ thuật cơ khí
141485,SPK,cong-nghe-ky-thuat-co-khi,A00,Điểm học bạ,2023,26.25,Công nghệ kỹ thuật cơ khí
141486,SPK,cong-nghe-ky-thuat-co-khi,A01,Điểm học bạ,2023,26.25,Công nghệ kỹ thuật cơ khí
141487,SPK,cong-nghe-ky-thuat-co-khi,D01,Điểm học bạ,2023,26.25,Công nghệ kỹ thuật cơ khí
141488,SPK,cong-nghe-ky-thuat-co-khi,D90,Điểm học bạ,2023,26.25,Công nghệ kỹ thuật cơ khí
141489,SPK,cong-nghe-ky-thuat-co-khi,A00,Điểm thi THPT,2023,25.1,Công nghệ kỹ thuật cơ khí
141490,SPK,cong-nghe-ky-thuat-co-khi,A01,Điểm thi THPT,2023,25.1,Công nghệ kỹ thuật cơ khí
141491,SPK,cong-nghe-ky-thuat-co-khi,D01,Điểm thi THPT,2023,25.1,Công nghệ kỹ thuật cơ khí
141492,SPK,cong-nghe-ky-thuat-co-khi,D90,Điểm thi THPT,2023,25.1,Công nghệ kỹ thuật cơ khí
141493,SPK,cong-nghe-ky-thuat-co-khi,A00,Điểm học bạ,2024,22.75,Công nghệ kỹ thuật cơ khí (Tiếng Anh)
141494,SPK,cong-nghe-ky-thuat-co-khi,A01,Điểm học bạ,2024,22.75,Công nghệ kỹ thuật cơ khí (Tiếng Anh)
141495,SPK,cong-nghe-ky-thuat-co-khi,D01,Điểm học bạ,2024,22.75,Công nghệ kỹ thuật cơ khí (Tiếng Anh)
141496,SPK,cong-nghe-ky-thuat-co-khi,D90,Điểm học bạ,2024,22.75,Công nghệ kỹ thuật cơ khí (Tiếng Anh)
141497,SPK,cong-nghe-ky-thuat-co-khi,D96,Điểm học bạ,2024,22.75,Công nghệ kỹ thuật cơ khí (Tiếng Anh)
141498,SPK,cong-nghe-ky-thuat-co-khi,A00,Điểm thi THPT,2024,24.25,Công nghệ kỹ thuật cơ khí (đào tạo bằng tiếng Anh)
141499,SPK,cong-nghe-ky-thuat-co-khi,A01,Điểm thi THPT,2024,24.25,Công nghệ kỹ thuật cơ khí (đào tạo bằng tiếng Anh)
141500,SPK,cong-nghe-ky-thuat-co-khi,D01,Điểm thi THPT,2024,24.25,Công nghệ kỹ thuật cơ khí (đào tạo bằng tiếng Anh)
141501,SPK,cong-nghe-ky-thuat-co-khi,D90,Điểm thi THPT,2024,24.25,Công nghệ kỹ thuật cơ khí (đào tạo bằng tiếng Anh)
141502,SPK,cong-nghe-ky-thuat-co-khi,A00,Điểm học bạ,2025,26.22,Công nghệ Kỹ thuật cơ khí * (đào tạo bằng tiếng Anh)
141503,SPK,cong-nghe-ky-thuat-co-khi,A01,Điểm học bạ,2025,26.22,Công nghệ Kỹ thuật cơ khí * (đào tạo bằng tiếng Anh)
141504,SPK,cong-nghe-ky-thuat-co-khi,C01,Điểm học bạ,2025,26.22,Công nghệ Kỹ thuật cơ khí * (đào tạo bằng tiếng Anh)
141505,SPK,cong-nghe-ky-thuat-co-khi,D01,Điểm học bạ,2025,26.22,Công nghệ Kỹ thuật cơ khí * (đào tạo bằng tiếng Anh)
141506,SPK,cong-nghe-ky-thuat-co-khi,A00,Điểm thi THPT,2025,23.64,Công nghệ Kỹ thuật cơ khí * (đào tạo bằng tiếng Anh)
141507,SPK,cong-nghe-ky-thuat-co-khi,A01,Điểm thi THPT,2025,24.62,Công nghệ Kỹ thuật cơ khí * (đào tạo bằng tiếng Anh)
141508,SPK,cong-nghe-ky-thuat-co-khi,C01,Điểm thi THPT,2025,22.86,Công nghệ Kỹ thuật cơ khí * (đào tạo bằng tiếng Anh)
141509,SPK,cong-nghe-ky-thuat-co-khi,D01,Điểm thi THPT,2025,25.02,Công nghệ Kỹ thuật cơ khí * (đào tạo bằng tiếng Anh)
141510,SPK,cong-nghe-ky-thuat-cong-trinh-xay-dung,A00,Điểm học bạ,2021,22.0,Công nghệ kỹ thuật công trình xây dựng (CLC tiếng Anh)
141511,SPK,cong-nghe-ky-thuat-cong-trinh-xay-dung,A01,Điểm học bạ,2021,22.0,Công nghệ kỹ thuật công trình xây dựng (CLC tiếng Anh)
141512,SPK,cong-nghe-ky-thuat-cong-trinh-xay-dung,D01,Điểm học bạ,2021,22.0,Công nghệ kỹ thuật công trình xây dựng (CLC tiếng Anh)
141513,SPK,cong-nghe-ky-thuat-cong-trinh-xay-dung,D90,Điểm học bạ,2021,22.0,Công nghệ kỹ thuật công trình xây dựng (CLC tiếng Anh)
141514,SPK,cong-nghe-ky-thuat-cong-trinh-xay-dung,A00,Điểm thi THPT,2021,24.5,Công nghệ kỹ thuật công trình xây dựng
141515,SPK,cong-nghe-ky-thuat-cong-trinh-xay-dung,A01,Điểm thi THPT,2021,25.0,Công nghệ kỹ thuật công trình xây dựng
141516,SPK,cong-nghe-ky-thuat-cong-trinh-xay-dung,D01,Điểm thi THPT,2021,25.0,Công nghệ kỹ thuật công trình xây dựng
141517,SPK,cong-nghe-ky-thuat-cong-trinh-xay-dung,D90,Điểm thi THPT,2021,25.0,Công nghệ kỹ thuật công trình xây dựng
141518,SPK,cong-nghe-ky-thuat-cong-trinh-xay-dung,A00,Điểm học bạ,2022,23.5,Công nghệ kỹ thuật công trình xây dựng
141519,SPK,cong-nghe-ky-thuat-cong-trinh-xay-dung,A01,Điểm học bạ,2022,23.5,Công nghệ kỹ thuật công trình xây dựng
141520,SPK,cong-nghe-ky-thuat-cong-trinh-xay-dung,D01,Điểm học bạ,2022,23.5,Công nghệ kỹ thuật công trình xây dựng
141521,SPK,cong-nghe-ky-thuat-cong-trinh-xay-dung,D90,Điểm học bạ,2022,23.5,Công nghệ kỹ thuật công trình xây dựng
141522,SPK,cong-nghe-ky-thuat-cong-trinh-xay-dung,A00,Điểm thi THPT,2022,24.5,Công nghệ kỹ thuật công trình xây dựng
141523,SPK,cong-nghe-ky-thuat-cong-trinh-xay-dung,A01,Điểm thi THPT,2022,24.5,Công nghệ kỹ thuật công trình xây dựng
141524,SPK,cong-nghe-ky-thuat-cong-trinh-xay-dung,D01,Điểm thi THPT,2022,24.5,Công nghệ kỹ thuật công trình xây dựng
141525,SPK,cong-nghe-ky-thuat-cong-trinh-xay-dung,D90,Điểm thi THPT,2022,24.5,Công nghệ kỹ thuật công trình xây dựng
141526,SPK,cong-nghe-ky-thuat-cong-trinh-xay-dung,A00,Điểm học bạ,2023,24.25,Công nghệ kỹ thuật công trình xây dựng
141527,SPK,cong-nghe-ky-thuat-cong-trinh-xay-dung,A01,Điểm học bạ,2023,24.25,Công nghệ kỹ thuật công trình xây dựng
141528,SPK,cong-nghe-ky-thuat-cong-trinh-xay-dung,D01,Điểm học bạ,2023,24.25,Công nghệ kỹ thuật công trình xây dựng
141529,SPK,cong-nghe-ky-thuat-cong-trinh-xay-dung,D90,Điểm học bạ,2023,24.25,Công nghệ kỹ thuật công trình xây dựng
141530,SPK,cong-nghe-ky-thuat-cong-trinh-xay-dung,A00,Điểm thi THPT,2023,23.65,Công nghệ kỹ thuật công trình xây dựng
141531,SPK,cong-nghe-ky-thuat-cong-trinh-xay-dung,A01,Điểm thi THPT,2023,23.65,Công nghệ kỹ thuật công trình xây dựng
141532,SPK,cong-nghe-ky-thuat-cong-trinh-xay-dung,D01,Điểm thi THPT,2023,23.65,Công nghệ kỹ thuật công trình xây dựng
141533,SPK,cong-nghe-ky-thuat-cong-trinh-xay-dung,D90,Điểm thi THPT,2023,23.65,Công nghệ kỹ thuật công trình xây dựng
141534,SPK,cong-nghe-ky-thuat-cong-trinh-xay-dung,A00,Điểm học bạ,2024,21.5,Cõng nghệ kỹ thuật công trình xây dựng (Tiếng Anh)
141535,SPK,cong-nghe-ky-thuat-cong-trinh-xay-dung,A01,Điểm học bạ,2024,21.5,Cõng nghệ kỹ thuật công trình xây dựng (Tiếng Anh)
141536,SPK,cong-nghe-ky-thuat-cong-trinh-xay-dung,D01,Điểm học bạ,2024,21.5,Cõng nghệ kỹ thuật công trình xây dựng (Tiếng Anh)
141537,SPK,cong-nghe-ky-thuat-cong-trinh-xay-dung,D90,Điểm học bạ,2024,21.5,Cõng nghệ kỹ thuật công trình xây dựng (Tiếng Anh)
141538,SPK,cong-nghe-ky-thuat-cong-trinh-xay-dung,D96,Điểm học bạ,2024,21.5,Cõng nghệ kỹ thuật công trình xây dựng (Tiếng Anh)
141539,SPK,cong-nghe-ky-thuat-cong-trinh-xay-dung,A00,Điểm thi THPT,2024,21.0,Công nghệ kỹ thuật công trình xây dựng (đào tạo bằng tiếng Anh)
141540,SPK,cong-nghe-ky-thuat-cong-trinh-xay-dung,A01,Điểm thi THPT,2024,21.0,Công nghệ kỹ thuật công trình xây dựng (đào tạo bằng tiếng Anh)
141541,SPK,cong-nghe-ky-thuat-cong-trinh-xay-dung,D01,Điểm thi THPT,2024,21.0,Công nghệ kỹ thuật công trình xây dựng (đào tạo bằng tiếng Anh)
141542,SPK,cong-nghe-ky-thuat-cong-trinh-xay-dung,D90,Điểm thi THPT,2024,21.0,Công nghệ kỹ thuật công trình xây dựng (đào tạo bằng tiếng Anh)
141543,SPK,cong-nghe-ky-thuat-cong-trinh-xay-dung,A00,Điểm học bạ,2025,24.42,Công nghệ Kỹ thuật công trình xây dựng* (đào tạo bằng tiếng Anh)
141544,SPK,cong-nghe-ky-thuat-cong-trinh-xay-dung,A01,Điểm học bạ,2025,24.42,Công nghệ Kỹ thuật công trình xây dựng* (đào tạo bằng tiếng Anh)
141545,SPK,cong-nghe-ky-thuat-cong-trinh-xay-dung,C01,Điểm học bạ,2025,24.42,Công nghệ Kỹ thuật công trình xây dựng* (đào tạo bằng tiếng Anh)
141546,SPK,cong-nghe-ky-thuat-cong-trinh-xay-dung,D01,Điểm học bạ,2025,24.42,Công nghệ Kỹ thuật công trình xây dựng* (đào tạo bằng tiếng Anh)
141547,SPK,cong-nghe-ky-thuat-cong-trinh-xay-dung,A00,Điểm thi THPT,2025,21.55,Công nghệ Kỹ thuật công trình xây dựng* (đào tạo bằng tiếng Anh)
141548,SPK,cong-nghe-ky-thuat-cong-trinh-xay-dung,A01,Điểm thi THPT,2025,22.53,Công nghệ Kỹ thuật công trình xây dựng* (đào tạo bằng tiếng Anh)
141549,SPK,cong-nghe-ky-thuat-cong-trinh-xay-dung,C01,Điểm thi THPT,2025,20.77,Công nghệ Kỹ thuật công trình xây dựng* (đào tạo bằng tiếng Anh)
141550,SPK,cong-nghe-ky-thuat-cong-trinh-xay-dung,D01,Điểm thi THPT,2025,22.93,Công nghệ Kỹ thuật công trình xây dựng* (đào tạo bằng tiếng Anh)
141551,SPK,cong-nghe-ky-thuat-dien-dien-tu,A00,Điểm học bạ,2021,22.5,"Công nghệ kỹ thuật điện, điện tử (CLC tiếng Anh)"
141552,SPK,cong-nghe-ky-thuat-dien-dien-tu,A01,Điểm học bạ,2021,22.5,"Công nghệ kỹ thuật điện, điện tử (CLC tiếng Anh)"
141553,SPK,cong-nghe-ky-thuat-dien-dien-tu,D01,Điểm học bạ,2021,22.5,"Công nghệ kỹ thuật điện, điện tử (CLC tiếng Anh)"
141554,SPK,cong-nghe-ky-thuat-dien-dien-tu,D90,Điểm học bạ,2021,22.5,"Công nghệ kỹ thuật điện, điện tử (CLC tiếng Anh)"
141555,SPK,cong-nghe-ky-thuat-dien-dien-tu,A00,Điểm thi THPT,2021,26.0,"Công nghệ kỹ thuật điện, điện tử"
141556,SPK,cong-nghe-ky-thuat-dien-dien-tu,A01,Điểm thi THPT,2021,26.5,"Công nghệ kỹ thuật điện, điện tử"
141557,SPK,cong-nghe-ky-thuat-dien-dien-tu,D01,Điểm thi THPT,2021,26.5,"Công nghệ kỹ thuật điện, điện tử"
141558,SPK,cong-nghe-ky-thuat-dien-dien-tu,D90,Điểm thi THPT,2021,26.5,"Công nghệ kỹ thuật điện, điện tử"
141559,SPK,cong-nghe-ky-thuat-dien-dien-tu,A00,Điểm học bạ,2022,28.25,"Công nghệ kỹ thuật điện, điện tử"
141560,SPK,cong-nghe-ky-thuat-dien-dien-tu,A01,Điểm học bạ,2022,28.25,"Công nghệ kỹ thuật điện, điện tử"
141561,SPK,cong-nghe-ky-thuat-dien-dien-tu,D01,Điểm học bạ,2022,28.25,"Công nghệ kỹ thuật điện, điện tử"
141562,SPK,cong-nghe-ky-thuat-dien-dien-tu,D90,Điểm học bạ,2022,28.25,"Công nghệ kỹ thuật điện, điện tử"
141563,SPK,cong-nghe-ky-thuat-dien-dien-tu,A00,Điểm thi THPT,2022,23.25,"Công nghệ kỹ thuật điện, điện tử"
141564,SPK,cong-nghe-ky-thuat-dien-dien-tu,A01,Điểm thi THPT,2022,23.25,"Công nghệ kỹ thuật điện, điện tử"
141565,SPK,cong-nghe-ky-thuat-dien-dien-tu,D01,Điểm thi THPT,2022,23.25,"Công nghệ kỹ thuật điện, điện tử"
141566,SPK,cong-nghe-ky-thuat-dien-dien-tu,D90,Điểm thi THPT,2022,23.25,"Công nghệ kỹ thuật điện, điện tử"
141567,SPK,cong-nghe-ky-thuat-dien-dien-tu,A00,Điểm học bạ,2023,25.5,"Công nghệ kỹ thuật điện, điện tử"
141568,SPK,cong-nghe-ky-thuat-dien-dien-tu,A01,Điểm học bạ,2023,25.5,"Công nghệ kỹ thuật điện, điện tử"
141569,SPK,cong-nghe-ky-thuat-dien-dien-tu,D01,Điểm học bạ,2023,25.5,"Công nghệ kỹ thuật điện, điện tử"
141570,SPK,cong-nghe-ky-thuat-dien-dien-tu,D90,Điểm học bạ,2023,25.5,"Công nghệ kỹ thuật điện, điện tử"
141571,SPK,cong-nghe-ky-thuat-dien-dien-tu,A00,Điểm thi THPT,2023,25.38,"Công nghệ kỹ thuật điện, điện tử"
141572,SPK,cong-nghe-ky-thuat-dien-dien-tu,A01,Điểm thi THPT,2023,25.38,"Công nghệ kỹ thuật điện, điện tử"
141573,SPK,cong-nghe-ky-thuat-dien-dien-tu,D01,Điểm thi THPT,2023,25.38,"Công nghệ kỹ thuật điện, điện tử"
141574,SPK,cong-nghe-ky-thuat-dien-dien-tu,D90,Điểm thi THPT,2023,25.38,"Công nghệ kỹ thuật điện, điện tử"
141575,SPK,cong-nghe-ky-thuat-dien-dien-tu,A00,Điểm học bạ,2024,22.5,"Cõng nghệ kỹ thuật điện, điện tử (Tiếng Anh)"
141576,SPK,cong-nghe-ky-thuat-dien-dien-tu,A01,Điểm học bạ,2024,22.5,"Cõng nghệ kỹ thuật điện, điện tử (Tiếng Anh)"
141577,SPK,cong-nghe-ky-thuat-dien-dien-tu,D01,Điểm học bạ,2024,22.5,"Cõng nghệ kỹ thuật điện, điện tử (Tiếng Anh)"
141578,SPK,cong-nghe-ky-thuat-dien-dien-tu,D90,Điểm học bạ,2024,22.5,"Cõng nghệ kỹ thuật điện, điện tử (Tiếng Anh)"
141579,SPK,cong-nghe-ky-thuat-dien-dien-tu,D96,Điểm học bạ,2024,22.5,"Cõng nghệ kỹ thuật điện, điện tử (Tiếng Anh)"
141580,SPK,cong-nghe-ky-thuat-dien-dien-tu,A00,Điểm thi THPT,2024,24.5,Công nghệ kỹ thuật điện; điện tử (đào tạo bằng tiếng Anh)
141581,SPK,cong-nghe-ky-thuat-dien-dien-tu,A01,Điểm thi THPT,2024,24.5,Công nghệ kỹ thuật điện; điện tử (đào tạo bằng tiếng Anh)
141582,SPK,cong-nghe-ky-thuat-dien-dien-tu,D01,Điểm thi THPT,2024,24.5,Công nghệ kỹ thuật điện; điện tử (đào tạo bằng tiếng Anh)
141583,SPK,cong-nghe-ky-thuat-dien-dien-tu,D90,Điểm thi THPT,2024,24.5,Công nghệ kỹ thuật điện; điện tử (đào tạo bằng tiếng Anh)
141584,SPK,cong-nghe-ky-thuat-dien-dien-tu,A00,Điểm học bạ,2025,26.64,"Công nghệ Kỹ thuật điện, điện tử (đào tạo bằng tiếng Anh)"
141585,SPK,cong-nghe-ky-thuat-dien-dien-tu,A01,Điểm học bạ,2025,26.64,"Công nghệ Kỹ thuật điện, điện tử (đào tạo bằng tiếng Anh)"
141586,SPK,cong-nghe-ky-thuat-dien-dien-tu,C01,Điểm học bạ,2025,26.64,"Công nghệ Kỹ thuật điện, điện tử (đào tạo bằng tiếng Anh)"
141587,SPK,cong-nghe-ky-thuat-dien-dien-tu,D01,Điểm học bạ,2025,26.64,"Công nghệ Kỹ thuật điện, điện tử (đào tạo bằng tiếng Anh)"
141588,SPK,cong-nghe-ky-thuat-dien-dien-tu,A00,Điểm thi THPT,2025,24.25,"Công nghệ Kỹ thuật điện, điện tử (đào tạo bằng tiếng Anh)"
141589,SPK,cong-nghe-ky-thuat-dien-dien-tu,A01,Điểm thi THPT,2025,25.23,"Công nghệ Kỹ thuật điện, điện tử (đào tạo bằng tiếng Anh)"
141590,SPK,cong-nghe-ky-thuat-dien-dien-tu,C01,Điểm thi THPT,2025,23.47,"Công nghệ Kỹ thuật điện, điện tử (đào tạo bằng tiếng Anh)"
141591,SPK,cong-nghe-ky-thuat-dien-dien-tu,D01,Điểm thi THPT,2025,25.63,"Công nghệ Kỹ thuật điện, điện tử (đào tạo bằng tiếng Anh)"
141592,SPK,cong-nghe-ky-thuat-dien-tu-vien-thong,A00,Điểm học bạ,2021,22.5,"Công nghệ kỹ thuật điện tử, viễn thông (CLC tiếng Anh)"
141593,SPK,cong-nghe-ky-thuat-dien-tu-vien-thong,A01,Điểm học bạ,2021,22.5,"Công nghệ kỹ thuật điện tử, viễn thông (CLC tiếng Anh)"
141594,SPK,cong-nghe-ky-thuat-dien-tu-vien-thong,D01,Điểm học bạ,2021,22.5,"Công nghệ kỹ thuật điện tử, viễn thông (CLC tiếng Anh)"
141595,SPK,cong-nghe-ky-thuat-dien-tu-vien-thong,D90,Điểm học bạ,2021,22.5,"Công nghệ kỹ thuật điện tử, viễn thông (CLC tiếng Anh)"
141596,SPK,cong-nghe-ky-thuat-dien-tu-vien-thong,A00,Điểm thi THPT,2021,21.75,"Công nghệ kỹ thuật điện tử, viễn thông"
141597,SPK,cong-nghe-ky-thuat-dien-tu-vien-thong,A01,Điểm thi THPT,2021,22.25,"Công nghệ kỹ thuật điện tử, viễn thông"
141598,SPK,cong-nghe-ky-thuat-dien-tu-vien-thong,D01,Điểm thi THPT,2021,22.25,"Công nghệ kỹ thuật điện tử, viễn thông"
141599,SPK,cong-nghe-ky-thuat-dien-tu-vien-thong,D90,Điểm thi THPT,2021,22.25,"Công nghệ kỹ thuật điện tử, viễn thông"
141600,SPK,cong-nghe-ky-thuat-dien-tu-vien-thong,A00,Điểm học bạ,2024,20.5,Công nghệ kỹ thuật điện tử - viễn thông (Tiêng Anh)
141601,SPK,cong-nghe-ky-thuat-dien-tu-vien-thong,A01,Điểm học bạ,2024,20.5,Công nghệ kỹ thuật điện tử - viễn thông (Tiêng Anh)
141602,SPK,cong-nghe-ky-thuat-dien-tu-vien-thong,D01,Điểm học bạ,2024,20.5,Công nghệ kỹ thuật điện tử - viễn thông (Tiêng Anh)
141603,SPK,cong-nghe-ky-thuat-dien-tu-vien-thong,D90,Điểm học bạ,2024,20.5,Công nghệ kỹ thuật điện tử - viễn thông (Tiêng Anh)
141604,SPK,cong-nghe-ky-thuat-dien-tu-vien-thong,D96,Điểm học bạ,2024,20.5,Công nghệ kỹ thuật điện tử - viễn thông (Tiêng Anh)
141605,SPK,cong-nghe-ky-thuat-dien-tu-vien-thong,A00,Điểm thi THPT,2024,24.35,Công nghệ kỹ thuật điện tử - viễn thông (đào tạo bằng tiếng Anh)
141606,SPK,cong-nghe-ky-thuat-dien-tu-vien-thong,A01,Điểm thi THPT,2024,24.35,Công nghệ kỹ thuật điện tử - viễn thông (đào tạo bằng tiếng Anh)
141607,SPK,cong-nghe-ky-thuat-dien-tu-vien-thong,D01,Điểm thi THPT,2024,24.35,Công nghệ kỹ thuật điện tử - viễn thông (đào tạo bằng tiếng Anh)
141608,SPK,cong-nghe-ky-thuat-dien-tu-vien-thong,D90,Điểm thi THPT,2024,24.35,Công nghệ kỹ thuật điện tử - viễn thông (đào tạo bằng tiếng Anh)
141609,SPK,cong-nghe-ky-thuat-dien-tu-vien-thong,A00,Điểm học bạ,2025,26.6,Công nghệ Kỹ thuật điện tử - viễn thông (đào tạo bằng tiếng Anh)
141610,SPK,cong-nghe-ky-thuat-dien-tu-vien-thong,A01,Điểm học bạ,2025,26.6,Công nghệ Kỹ thuật điện tử - viễn thông (đào tạo bằng tiếng Anh)
141611,SPK,cong-nghe-ky-thuat-dien-tu-vien-thong,C01,Điểm học bạ,2025,26.6,Công nghệ Kỹ thuật điện tử - viễn thông (đào tạo bằng tiếng Anh)
141612,SPK,cong-nghe-ky-thuat-dien-tu-vien-thong,D01,Điểm học bạ,2025,26.6,Công nghệ Kỹ thuật điện tử - viễn thông (đào tạo bằng tiếng Anh)
141613,SPK,cong-nghe-ky-thuat-dien-tu-vien-thong,A00,Điểm thi THPT,2025,24.2,Công nghệ Kỹ thuật điện tử - viễn thông (đào tạo bằng tiếng Anh)
141614,SPK,cong-nghe-ky-thuat-dien-tu-vien-thong,A01,Điểm thi THPT,2025,25.18,Công nghệ Kỹ thuật điện tử - viễn thông (đào tạo bằng tiếng Anh)
141615,SPK,cong-nghe-ky-thuat-dien-tu-vien-thong,C01,Điểm thi THPT,2025,23.42,Công nghệ Kỹ thuật điện tử - viễn thông (đào tạo bằng tiếng Anh)
141616,SPK,cong-nghe-ky-thuat-dien-tu-vien-thong,D01,Điểm thi THPT,2025,25.58,Công nghệ Kỹ thuật điện tử - viễn thông (đào tạo bằng tiếng Anh)
141617,SPK,cong-nghe-ky-thuat-dieu-khien-va-tu-dong-hoa,A00,Điểm học bạ,2021,27.0,Công nghệ kỹ thuật điều khiển và tự động hóa (CLC tiếng Anh)
141618,SPK,cong-nghe-ky-thuat-dieu-khien-va-tu-dong-hoa,A01,Điểm học bạ,2021,27.0,Công nghệ kỹ thuật điều khiển và tự động hóa (CLC tiếng Anh)
141619,SPK,cong-nghe-ky-thuat-dieu-khien-va-tu-dong-hoa,D01,Điểm học bạ,2021,27.0,Công nghệ kỹ thuật điều khiển và tự động hóa (CLC tiếng Anh)
141620,SPK,cong-nghe-ky-thuat-dieu-khien-va-tu-dong-hoa,D90,Điểm học bạ,2021,27.0,Công nghệ kỹ thuật điều khiển và tự động hóa (CLC tiếng Anh)
141621,SPK,cong-nghe-ky-thuat-dieu-khien-va-tu-dong-hoa,A00,Điểm thi THPT,2021,28.25,Công nghệ kỹ thuật điều khiển và tự động hóa
141622,SPK,cong-nghe-ky-thuat-dieu-khien-va-tu-dong-hoa,A01,Điểm thi THPT,2021,28.75,Công nghệ kỹ thuật điều khiển và tự động hóa
141623,SPK,cong-nghe-ky-thuat-dieu-khien-va-tu-dong-hoa,D01,Điểm thi THPT,2021,28.75,Công nghệ kỹ thuật điều khiển và tự động hóa
141624,SPK,cong-nghe-ky-thuat-dieu-khien-va-tu-dong-hoa,D90,Điểm thi THPT,2021,28.75,Công nghệ kỹ thuật điều khiển và tự động hóa
141625,SPK,cong-nghe-ky-thuat-dieu-khien-va-tu-dong-hoa,A00,Điểm học bạ,2022,29.0,Công nghệ kỹ thuật điều khiển và tự động hóa
141626,SPK,cong-nghe-ky-thuat-dieu-khien-va-tu-dong-hoa,A01,Điểm học bạ,2022,29.0,Công nghệ kỹ thuật điều khiển và tự động hóa
141627,SPK,cong-nghe-ky-thuat-dieu-khien-va-tu-dong-hoa,D01,Điểm học bạ,2022,29.0,Công nghệ kỹ thuật điều khiển và tự động hóa
141628,SPK,cong-nghe-ky-thuat-dieu-khien-va-tu-dong-hoa,D90,Điểm học bạ,2022,29.0,Công nghệ kỹ thuật điều khiển và tự động hóa
141629,SPK,cong-nghe-ky-thuat-dieu-khien-va-tu-dong-hoa,A00,Điểm thi THPT,2022,25.7,Công nghệ kỹ thuật điều khiển và tự động hóa
141630,SPK,cong-nghe-ky-thuat-dieu-khien-va-tu-dong-hoa,A01,Điểm thi THPT,2022,25.7,Công nghệ kỹ thuật điều khiển và tự động hóa
141631,SPK,cong-nghe-ky-thuat-dieu-khien-va-tu-dong-hoa,D01,Điểm thi THPT,2022,25.7,Công nghệ kỹ thuật điều khiển và tự động hóa
141632,SPK,cong-nghe-ky-thuat-dieu-khien-va-tu-dong-hoa,D90,Điểm thi THPT,2022,25.7,Công nghệ kỹ thuật điều khiển và tự động hóa
141633,SPK,cong-nghe-ky-thuat-dieu-khien-va-tu-dong-hoa,A00,Điểm học bạ,2023,27.75,Công nghệ kỹ thuật điều khiển và tự động hóa
141634,SPK,cong-nghe-ky-thuat-dieu-khien-va-tu-dong-hoa,A01,Điểm học bạ,2023,27.75,Công nghệ kỹ thuật điều khiển và tự động hóa
141635,SPK,cong-nghe-ky-thuat-dieu-khien-va-tu-dong-hoa,D01,Điểm học bạ,2023,27.75,Công nghệ kỹ thuật điều khiển và tự động hóa
141636,SPK,cong-nghe-ky-thuat-dieu-khien-va-tu-dong-hoa,D90,Điểm học bạ,2023,27.75,Công nghệ kỹ thuật điều khiển và tự động hóa
141637,SPK,cong-nghe-ky-thuat-dieu-khien-va-tu-dong-hoa,A00,Điểm thi THPT,2023,26.3,Công nghệ kỹ thuật điều khiển và tự động hóa
141638,SPK,cong-nghe-ky-thuat-dieu-khien-va-tu-dong-hoa,A01,Điểm thi THPT,2023,26.3,Công nghệ kỹ thuật điều khiển và tự động hóa
141639,SPK,cong-nghe-ky-thuat-dieu-khien-va-tu-dong-hoa,D01,Điểm thi THPT,2023,26.3,Công nghệ kỹ thuật điều khiển và tự động hóa
141640,SPK,cong-nghe-ky-thuat-dieu-khien-va-tu-dong-hoa,D90,Điểm thi THPT,2023,26.3,Công nghệ kỹ thuật điều khiển và tự động hóa
141641,SPK,cong-nghe-ky-thuat-dieu-khien-va-tu-dong-hoa,A00,Điểm học bạ,2024,23.5,Công nghệ kỹ thuật điều khiển và tự động hóa (Tiếng Anh)
141642,SPK,cong-nghe-ky-thuat-dieu-khien-va-tu-dong-hoa,A01,Điểm học bạ,2024,23.5,Công nghệ kỹ thuật điều khiển và tự động hóa (Tiếng Anh)
141643,SPK,cong-nghe-ky-thuat-dieu-khien-va-tu-dong-hoa,D01,Điểm học bạ,2024,23.5,Công nghệ kỹ thuật điều khiển và tự động hóa (Tiếng Anh)
141644,SPK,cong-nghe-ky-thuat-dieu-khien-va-tu-dong-hoa,D90,Điểm học bạ,2024,23.5,Công nghệ kỹ thuật điều khiển và tự động hóa (Tiếng Anh)
141645,SPK,cong-nghe-ky-thuat-dieu-khien-va-tu-dong-hoa,D96,Điểm học bạ,2024,23.5,Công nghệ kỹ thuật điều khiển và tự động hóa (Tiếng Anh)
141646,SPK,cong-nghe-ky-thuat-dieu-khien-va-tu-dong-hoa,A00,Điểm thi THPT,2024,25.35,Công nghệ kỹ thuật điều khiển và tự động hóa (đào tạo bằng tiếng Anh)
141647,SPK,cong-nghe-ky-thuat-dieu-khien-va-tu-dong-hoa,A01,Điểm thi THPT,2024,25.35,Công nghệ kỹ thuật điều khiển và tự động hóa (đào tạo bằng tiếng Anh)
141648,SPK,cong-nghe-ky-thuat-dieu-khien-va-tu-dong-hoa,D01,Điểm thi THPT,2024,25.35,Công nghệ kỹ thuật điều khiển và tự động hóa (đào tạo bằng tiếng Anh)
141649,SPK,cong-nghe-ky-thuat-dieu-khien-va-tu-dong-hoa,D90,Điểm thi THPT,2024,25.35,Công nghệ kỹ thuật điều khiển và tự động hóa (đào tạo bằng tiếng Anh)
141650,SPK,cong-nghe-ky-thuat-dieu-khien-va-tu-dong-hoa,A00,Điểm học bạ,2025,27.58,Công nghệ Kỹ thuật điều khiển và tự động hóa (đào tạo bằng tiếng Anh)
141651,SPK,cong-nghe-ky-thuat-dieu-khien-va-tu-dong-hoa,A01,Điểm học bạ,2025,27.58,Công nghệ Kỹ thuật điều khiển và tự động hóa (đào tạo bằng tiếng Anh)
141652,SPK,cong-nghe-ky-thuat-dieu-khien-va-tu-dong-hoa,C01,Điểm học bạ,2025,27.58,Công nghệ Kỹ thuật điều khiển và tự động hóa (đào tạo bằng tiếng Anh)
141653,SPK,cong-nghe-ky-thuat-dieu-khien-va-tu-dong-hoa,D01,Điểm học bạ,2025,27.58,Công nghệ Kỹ thuật điều khiển và tự động hóa (đào tạo bằng tiếng Anh)
141654,SPK,cong-nghe-ky-thuat-dieu-khien-va-tu-dong-hoa,A00,Điểm thi THPT,2025,25.75,Công nghệ Kỹ thuật điều khiển và tự động hóa (đào tạo bằng tiếng Anh)
141655,SPK,cong-nghe-ky-thuat-dieu-khien-va-tu-dong-hoa,A01,Điểm thi THPT,2025,26.73,Công nghệ Kỹ thuật điều khiển và tự động hóa (đào tạo bằng tiếng Anh)
141656,SPK,cong-nghe-ky-thuat-dieu-khien-va-tu-dong-hoa,C01,Điểm thi THPT,2025,24.97,Công nghệ Kỹ thuật điều khiển và tự động hóa (đào tạo bằng tiếng Anh)
141657,SPK,cong-nghe-ky-thuat-dieu-khien-va-tu-dong-hoa,D01,Điểm thi THPT,2025,27.13,Công nghệ Kỹ thuật điều khiển và tự động hóa (đào tạo bằng tiếng Anh)
141658,SPK,cong-nghe-ky-thuat-hoa-hoc,A00,Điểm học bạ,2021,26.0,Công nghệ kỹ thuật hóa học (CLC Tiếng Việt)
141659,SPK,cong-nghe-ky-thuat-hoa-hoc,B00,Điểm học bạ,2021,26.0,Công nghệ kỹ thuật hóa học (CLC Tiếng Việt)
141660,SPK,cong-nghe-ky-thuat-hoa-hoc,D07,Điểm học bạ,2021,26.0,Công nghệ kỹ thuật hóa học (CLC Tiếng Việt)
141661,SPK,cong-nghe-ky-thuat-hoa-hoc,D90,Điểm học bạ,2021,26.0,Công nghệ kỹ thuật hóa học (CLC Tiếng Việt)
141662,SPK,cong-nghe-ky-thuat-hoa-hoc,A00,Điểm thi THPT,2021,26.0,Công nghệ kỹ thuật hóa học
141663,SPK,cong-nghe-ky-thuat-hoa-hoc,B00,Điểm thi THPT,2021,26.0,Công nghệ kỹ thuật hóa học
141664,SPK,cong-nghe-ky-thuat-hoa-hoc,D07,Điểm thi THPT,2021,26.5,Công nghệ kỹ thuật hóa học
141665,SPK,cong-nghe-ky-thuat-hoa-hoc,D90,Điểm thi THPT,2021,26.5,Công nghệ kỹ thuật hóa học
141666,SPK,cong-nghe-ky-thuat-hoa-hoc,A00,Điểm học bạ,2022,29.5,Công nghệ kỹ thuật hóa học
141667,SPK,cong-nghe-ky-thuat-hoa-hoc,B00,Điểm học bạ,2022,29.5,Công nghệ kỹ thuật hóa học
141668,SPK,cong-nghe-ky-thuat-hoa-hoc,D07,Điểm học bạ,2022,29.5,Công nghệ kỹ thuật hóa học
141669,SPK,cong-nghe-ky-thuat-hoa-hoc,D90,Điểm học bạ,2022,29.5,Công nghệ kỹ thuật hóa học
141670,SPK,cong-nghe-ky-thuat-hoa-hoc,A00,Điểm thi THPT,2022,23.1,Công nghệ kỹ thuật hóa học
141671,SPK,cong-nghe-ky-thuat-hoa-hoc,B00,Điểm thi THPT,2022,23.1,Công nghệ kỹ thuật hóa học
141672,SPK,cong-nghe-ky-thuat-hoa-hoc,D07,Điểm thi THPT,2022,23.1,Công nghệ kỹ thuật hóa học
141673,SPK,cong-nghe-ky-thuat-hoa-hoc,D90,Điểm thi THPT,2022,23.1,Công nghệ kỹ thuật hóa học
141674,SPK,cong-nghe-ky-thuat-hoa-hoc,A00,Điểm học bạ,2023,27.0,Công nghệ kỹ thuật hóa học
141675,SPK,cong-nghe-ky-thuat-hoa-hoc,B00,Điểm học bạ,2023,27.0,Công nghệ kỹ thuật hóa học
141676,SPK,cong-nghe-ky-thuat-hoa-hoc,D07,Điểm học bạ,2023,27.0,Công nghệ kỹ thuật hóa học
141677,SPK,cong-nghe-ky-thuat-hoa-hoc,D90,Điểm học bạ,2023,27.0,Công nghệ kỹ thuật hóa học
141678,SPK,cong-nghe-ky-thuat-hoa-hoc,A00,Điểm thi THPT,2023,25.8,Công nghệ kỹ thuật hóa học
141679,SPK,cong-nghe-ky-thuat-hoa-hoc,B00,Điểm thi THPT,2023,25.8,Công nghệ kỹ thuật hóa học
141680,SPK,cong-nghe-ky-thuat-hoa-hoc,D07,Điểm thi THPT,2023,25.8,Công nghệ kỹ thuật hóa học
141681,SPK,cong-nghe-ky-thuat-hoa-hoc,D90,Điểm thi THPT,2023,25.8,Công nghệ kỹ thuật hóa học
141682,SPK,cong-nghe-ky-thuat-hoa-hoc,A00,Điểm học bạ,2024,26.75,Công nghệ kỹ thuật hóa học (Tiếng Việt)
141683,SPK,cong-nghe-ky-thuat-hoa-hoc,A01,Điểm học bạ,2024,26.75,Công nghệ kỹ thuật hóa học (Tiếng Việt)
141684,SPK,cong-nghe-ky-thuat-hoa-hoc,B00,Điểm học bạ,2024,25.5,Công nghệ kỹ thuật hóa học (Tiếng Việt)
141685,SPK,cong-nghe-ky-thuat-hoa-hoc,D01,Điểm học bạ,2024,26.75,Công nghệ kỹ thuật hóa học (Tiếng Việt)
141686,SPK,cong-nghe-ky-thuat-hoa-hoc,D07,Điểm học bạ,2024,25.5,Công nghệ kỹ thuật hóa học (Tiếng Việt)
141687,SPK,cong-nghe-ky-thuat-hoa-hoc,D90,Điểm học bạ,2024,26.75,Công nghệ kỹ thuật hóa học (Tiếng Việt)
141688,SPK,cong-nghe-ky-thuat-hoa-hoc,D96,Điểm học bạ,2024,26.75,Công nghệ kỹ thuật hóa học (Tiếng Việt)
141689,SPK,cong-nghe-ky-thuat-hoa-hoc,A00,Điểm thi THPT,2024,24.9,Công nghệ kỹ thuật hóa học (đào tạo bằng tiếng Việt)
141690,SPK,cong-nghe-ky-thuat-hoa-hoc,B00,Điểm thi THPT,2024,24.9,Công nghệ kỹ thuật hóa học (đào tạo bằng tiếng Việt)
141691,SPK,cong-nghe-ky-thuat-hoa-hoc,D07,Điểm thi THPT,2024,24.9,Công nghệ kỹ thuật hóa học (đào tạo bằng tiếng Việt)
141692,SPK,cong-nghe-ky-thuat-hoa-hoc,D90,Điểm thi THPT,2024,24.9,Công nghệ kỹ thuật hóa học (đào tạo bằng tiếng Việt)
141693,SPK,cong-nghe-ky-thuat-hoa-hoc,A00,Điểm học bạ,2025,26.53,Công nghệ Kỹ thuật hóa học (đào tạo bằng tiếng Anh)
141694,SPK,cong-nghe-ky-thuat-hoa-hoc,B00,Điểm học bạ,2025,26.53,Công nghệ Kỹ thuật hóa học (đào tạo bằng tiếng Anh)
141695,SPK,cong-nghe-ky-thuat-hoa-hoc,C02,Điểm học bạ,2025,26.53,Công nghệ Kỹ thuật hóa học (đào tạo bằng tiếng Anh)
141696,SPK,cong-nghe-ky-thuat-hoa-hoc,D07,Điểm học bạ,2025,26.53,Công nghệ Kỹ thuật hóa học (đào tạo bằng tiếng Anh)
141697,SPK,cong-nghe-ky-thuat-hoa-hoc,A00,Điểm thi THPT,2025,24.1,Công nghệ Kỹ thuật hóa học (đào tạo bằng tiếng Anh)
141698,SPK,cong-nghe-ky-thuat-hoa-hoc,A01,Điểm thi THPT,2025,25.08,Công nghệ Kỹ thuật hóa học (đào tạo bằng tiếng Anh)
141699,SPK,cong-nghe-ky-thuat-hoa-hoc,C01,Điểm thi THPT,2025,23.32,Công nghệ Kỹ thuật hóa học (đào tạo bằng tiếng Anh)
141700,SPK,cong-nghe-ky-thuat-hoa-hoc,D01,Điểm thi THPT,2025,25.48,Công nghệ Kỹ thuật hóa học (đào tạo bằng tiếng Anh)
141701,SPK,cong-nghe-ky-thuat-in,A00,Điểm học bạ,2021,22.0,Công nghệ kỹ thuật in (CLC tiếng Việt)
141702,SPK,cong-nghe-ky-thuat-in,A01,Điểm học bạ,2021,22.0,Công nghệ kỹ thuật in (CLC tiếng Việt)
141703,SPK,cong-nghe-ky-thuat-in,D01,Điểm học bạ,2021,22.0,Công nghệ kỹ thuật in (CLC tiếng Việt)
141704,SPK,cong-nghe-ky-thuat-in,D90,Điểm học bạ,2021,22.0,Công nghệ kỹ thuật in (CLC tiếng Việt)
141705,SPK,cong-nghe-ky-thuat-in,A00,Điểm thi THPT,2021,24.25,Công nghệ kỹ thuật in
141706,SPK,cong-nghe-ky-thuat-in,A01,Điểm thi THPT,2021,24.75,Công nghệ kỹ thuật in
141707,SPK,cong-nghe-ky-thuat-in,D01,Điểm thi THPT,2021,24.75,Công nghệ kỹ thuật in
141708,SPK,cong-nghe-ky-thuat-in,D90,Điểm thi THPT,2021,24.75,Công nghệ kỹ thuật in
141709,SPK,cong-nghe-ky-thuat-in,A00,Điểm học bạ,2022,26.5,Công nghệ kỹ thuật in
141710,SPK,cong-nghe-ky-thuat-in,A01,Điểm học bạ,2022,26.5,Công nghệ kỹ thuật in
141711,SPK,cong-nghe-ky-thuat-in,D01,Điểm học bạ,2022,26.5,Công nghệ kỹ thuật in
141712,SPK,cong-nghe-ky-thuat-in,D90,Điểm học bạ,2022,26.5,Công nghệ kỹ thuật in
141713,SPK,cong-nghe-ky-thuat-in,A00,Điểm thi THPT,2022,17.1,Công nghệ kỹ thuật in
141714,SPK,cong-nghe-ky-thuat-in,A01,Điểm thi THPT,2022,17.1,Công nghệ kỹ thuật in
141715,SPK,cong-nghe-ky-thuat-in,D01,Điểm thi THPT,2022,17.1,Công nghệ kỹ thuật in
141716,SPK,cong-nghe-ky-thuat-in,D90,Điểm thi THPT,2022,17.1,Công nghệ kỹ thuật in
141717,SPK,cong-nghe-ky-thuat-in,A00,Điểm học bạ,2023,21.5,Công nghệ kỹ thuật in
141718,SPK,cong-nghe-ky-thuat-in,A01,Điểm học bạ,2023,21.5,Công nghệ kỹ thuật in
141719,SPK,cong-nghe-ky-thuat-in,D01,Điểm học bạ,2023,21.5,Công nghệ kỹ thuật in
141720,SPK,cong-nghe-ky-thuat-in,D90,Điểm học bạ,2023,21.5,Công nghệ kỹ thuật in
141721,SPK,cong-nghe-ky-thuat-in,A00,Điểm thi THPT,2023,20.5,Công nghệ kỹ thuật in
141722,SPK,cong-nghe-ky-thuat-in,A01,Điểm thi THPT,2023,20.5,Công nghệ kỹ thuật in
141723,SPK,cong-nghe-ky-thuat-in,D01,Điểm thi THPT,2023,20.5,Công nghệ kỹ thuật in
141724,SPK,cong-nghe-ky-thuat-in,D90,Điểm thi THPT,2023,20.5,Công nghệ kỹ thuật in
141725,SPK,cong-nghe-ky-thuat-in,A00,Điểm học bạ,2024,22.5,Công nghệ kỹ thuật in (Tiếng Việt)
141726,SPK,cong-nghe-ky-thuat-in,A01,Điểm học bạ,2024,22.5,Công nghệ kỹ thuật in (Tiếng Việt)
141727,SPK,cong-nghe-ky-thuat-in,D01,Điểm học bạ,2024,22.5,Công nghệ kỹ thuật in (Tiếng Việt)
141728,SPK,cong-nghe-ky-thuat-in,D90,Điểm học bạ,2024,22.5,Công nghệ kỹ thuật in (Tiếng Việt)
141729,SPK,cong-nghe-ky-thuat-in,D96,Điểm học bạ,2024,22.5,Công nghệ kỹ thuật in (Tiếng Việt)
141730,SPK,cong-nghe-ky-thuat-in,A00,Điểm thi THPT,2024,22.0,Công nghệ kỹ thuật in (đào tạo bằng tiếng Việt)
141731,SPK,cong-nghe-ky-thuat-in,A01,Điểm thi THPT,2024,22.0,Công nghệ kỹ thuật in (đào tạo bằng tiếng Việt)
141732,SPK,cong-nghe-ky-thuat-in,D01,Điểm thi THPT,2024,22.0,Công nghệ kỹ thuật in (đào tạo bằng tiếng Việt)
141733,SPK,cong-nghe-ky-thuat-in,D90,Điểm thi THPT,2024,22.0,Công nghệ kỹ thuật in (đào tạo bằng tiếng Việt)
141734,SPK,cong-nghe-ky-thuat-in,A00,Điểm học bạ,2025,24.99,Công nghệ Kỹ thuật in (đào tạo bằng tiếng Việt)
141735,SPK,cong-nghe-ky-thuat-in,A01,Điểm học bạ,2025,24.99,Công nghệ Kỹ thuật in (đào tạo bằng tiếng Việt)
141736,SPK,cong-nghe-ky-thuat-in,C01,Điểm học bạ,2025,24.99,Công nghệ Kỹ thuật in (đào tạo bằng tiếng Việt)
141737,SPK,cong-nghe-ky-thuat-in,D01,Điểm học bạ,2025,24.99,Công nghệ Kỹ thuật in (đào tạo bằng tiếng Việt)
141738,SPK,cong-nghe-ky-thuat-in,A00,Điểm thi THPT,2025,22.1,Công nghệ Kỹ thuật in (đào tạo bằng tiếng Việt)
141739,SPK,cong-nghe-ky-thuat-in,A01,Điểm thi THPT,2025,23.08,Công nghệ Kỹ thuật in (đào tạo bằng tiếng Việt)
141740,SPK,cong-nghe-ky-thuat-in,C01,Điểm thi THPT,2025,21.32,Công nghệ Kỹ thuật in (đào tạo bằng tiếng Việt)
141741,SPK,cong-nghe-ky-thuat-in,D01,Điểm thi THPT,2025,23.48,Công nghệ Kỹ thuật in (đào tạo bằng tiếng Việt)
141742,SPK,cong-nghe-ky-thuat-may-tinh,A00,Điểm học bạ,2021,25.5,Công nghệ kỹ thuật máy tính (CLC tiếng Anh)
141743,SPK,cong-nghe-ky-thuat-may-tinh,A01,Điểm học bạ,2021,25.5,Công nghệ kỹ thuật máy tính (CLC tiếng Anh)
141744,SPK,cong-nghe-ky-thuat-may-tinh,D01,Điểm học bạ,2021,25.5,Công nghệ kỹ thuật máy tính (CLC tiếng Anh)
141745,SPK,cong-nghe-ky-thuat-may-tinh,D90,Điểm học bạ,2021,25.5,Công nghệ kỹ thuật máy tính (CLC tiếng Anh)
141746,SPK,cong-nghe-ky-thuat-may-tinh,A00,Điểm thi THPT,2021,26.5,Công nghệ kỹ thuật máy tính
141747,SPK,cong-nghe-ky-thuat-may-tinh,A01,Điểm thi THPT,2021,27.0,Công nghệ kỹ thuật máy tính
141748,SPK,cong-nghe-ky-thuat-may-tinh,D01,Điểm thi THPT,2021,27.0,Công nghệ kỹ thuật máy tính
141749,SPK,cong-nghe-ky-thuat-may-tinh,D90,Điểm thi THPT,2021,27.0,Công nghệ kỹ thuật máy tính
141750,SPK,cong-nghe-ky-thuat-may-tinh,A00,Điểm học bạ,2022,29.5,Công nghệ kỹ thuật máy tính
141751,SPK,cong-nghe-ky-thuat-may-tinh,A01,Điểm học bạ,2022,29.5,Công nghệ kỹ thuật máy tính
141752,SPK,cong-nghe-ky-thuat-may-tinh,D01,Điểm học bạ,2022,29.5,Công nghệ kỹ thuật máy tính
141753,SPK,cong-nghe-ky-thuat-may-tinh,D90,Điểm học bạ,2022,29.5,Công nghệ kỹ thuật máy tính
141754,SPK,cong-nghe-ky-thuat-may-tinh,A00,Điểm thi THPT,2022,25.75,Công nghệ kỹ thuật máy tính
141755,SPK,cong-nghe-ky-thuat-may-tinh,A01,Điểm thi THPT,2022,25.75,Công nghệ kỹ thuật máy tính
141756,SPK,cong-nghe-ky-thuat-may-tinh,D01,Điểm thi THPT,2022,25.75,Công nghệ kỹ thuật máy tính
141757,SPK,cong-nghe-ky-thuat-may-tinh,D90,Điểm thi THPT,2022,25.75,Công nghệ kỹ thuật máy tính
141758,SPK,cong-nghe-ky-thuat-may-tinh,A00,Điểm học bạ,2023,27.25,Công nghệ kỹ thuật máy tính
141759,SPK,cong-nghe-ky-thuat-may-tinh,A01,Điểm học bạ,2023,27.25,Công nghệ kỹ thuật máy tính
141760,SPK,cong-nghe-ky-thuat-may-tinh,D01,Điểm học bạ,2023,27.25,Công nghệ kỹ thuật máy tính
141761,SPK,cong-nghe-ky-thuat-may-tinh,D90,Điểm học bạ,2023,27.25,Công nghệ kỹ thuật máy tính
141762,SPK,cong-nghe-ky-thuat-may-tinh,A00,Điểm thi THPT,2023,26.15,Công nghệ kỹ thuật máy tính
141763,SPK,cong-nghe-ky-thuat-may-tinh,A01,Điểm thi THPT,2023,26.15,Công nghệ kỹ thuật máy tính
141764,SPK,cong-nghe-ky-thuat-may-tinh,D01,Điểm thi THPT,2023,26.15,Công nghệ kỹ thuật máy tính
141765,SPK,cong-nghe-ky-thuat-may-tinh,D90,Điểm thi THPT,2023,26.15,Công nghệ kỹ thuật máy tính
141766,SPK,cong-nghe-ky-thuat-may-tinh,A00,Điểm học bạ,2024,23.5,Công nghệ kỹ thuật máy tính (Tiếng Anh)
141767,SPK,cong-nghe-ky-thuat-may-tinh,A01,Điểm học bạ,2024,23.5,Công nghệ kỹ thuật máy tính (Tiếng Anh)
141768,SPK,cong-nghe-ky-thuat-may-tinh,D01,Điểm học bạ,2024,23.5,Công nghệ kỹ thuật máy tính (Tiếng Anh)
141769,SPK,cong-nghe-ky-thuat-may-tinh,D90,Điểm học bạ,2024,23.5,Công nghệ kỹ thuật máy tính (Tiếng Anh)
141770,SPK,cong-nghe-ky-thuat-may-tinh,D96,Điểm học bạ,2024,23.5,Công nghệ kỹ thuật máy tính (Tiếng Anh)
141771,SPK,cong-nghe-ky-thuat-may-tinh,A00,Điểm thi THPT,2024,25.4,Công nghệ kỹ thuật máy tính (đào tạo bằng tiếng Anh)
141772,SPK,cong-nghe-ky-thuat-may-tinh,A01,Điểm thi THPT,2024,25.4,Công nghệ kỹ thuật máy tính (đào tạo bằng tiếng Anh)
141773,SPK,cong-nghe-ky-thuat-may-tinh,D01,Điểm thi THPT,2024,25.4,Công nghệ kỹ thuật máy tính (đào tạo bằng tiếng Anh)
141774,SPK,cong-nghe-ky-thuat-may-tinh,D90,Điểm thi THPT,2024,25.4,Công nghệ kỹ thuật máy tính (đào tạo bằng tiếng Anh)
141775,SPK,cong-nghe-ky-thuat-may-tinh,A00,Điểm học bạ,2025,27.47,Công nghệ Kỹ thuật máy tính (đào tạo bằng tiếng Anh)
141776,SPK,cong-nghe-ky-thuat-may-tinh,A01,Điểm học bạ,2025,27.47,Công nghệ Kỹ thuật máy tính (đào tạo bằng tiếng Anh)
141777,SPK,cong-nghe-ky-thuat-may-tinh,C01,Điểm học bạ,2025,27.47,Công nghệ Kỹ thuật máy tính (đào tạo bằng tiếng Anh)
141778,SPK,cong-nghe-ky-thuat-may-tinh,D01,Điểm học bạ,2025,27.47,Công nghệ Kỹ thuật máy tính (đào tạo bằng tiếng Anh)
141779,SPK,cong-nghe-ky-thuat-may-tinh,A00,Điểm thi THPT,2025,25.45,Công nghệ Kỹ thuật máy tính (đào tạo bằng tiếng Anh)
141780,SPK,cong-nghe-ky-thuat-may-tinh,A01,Điểm thi THPT,2025,26.43,Công nghệ Kỹ thuật máy tính (đào tạo bằng tiếng Anh)
141781,SPK,cong-nghe-ky-thuat-may-tinh,C01,Điểm thi THPT,2025,24.67,Công nghệ Kỹ thuật máy tính (đào tạo bằng tiếng Anh)
141782,SPK,cong-nghe-ky-thuat-may-tinh,D01,Điểm thi THPT,2025,26.83,Công nghệ Kỹ thuật máy tính (đào tạo bằng tiếng Anh)
141783,SPK,cong-nghe-ky-thuat-moi-truong,A00,Điểm học bạ,2021,22.0,Công nghệ kỹ thuật môi trường (CLC tiếng Việt)
141784,SPK,cong-nghe-ky-thuat-moi-truong,B00,Điểm học bạ,2021,22.0,Công nghệ kỹ thuật môi trường (CLC tiếng Việt)
141785,SPK,cong-nghe-ky-thuat-moi-truong,D07,Điểm học bạ,2021,22.0,Công nghệ kỹ thuật môi trường (CLC tiếng Việt)
141786,SPK,cong-nghe-ky-thuat-moi-truong,D90,Điểm học bạ,2021,22.0,Công nghệ kỹ thuật môi trường (CLC tiếng Việt)
141787,SPK,cong-nghe-ky-thuat-moi-truong,A00,Điểm thi THPT,2021,23.5,Công nghệ kỹ thuật môi trường
141788,SPK,cong-nghe-ky-thuat-moi-truong,B00,Điểm thi THPT,2021,23.5,Công nghệ kỹ thuật môi trường
141789,SPK,cong-nghe-ky-thuat-moi-truong,D07,Điểm thi THPT,2021,24.0,Công nghệ kỹ thuật môi trường
141790,SPK,cong-nghe-ky-thuat-moi-truong,D90,Điểm thi THPT,2021,24.0,Công nghệ kỹ thuật môi trường
141791,SPK,cong-nghe-ky-thuat-moi-truong,A00,Điểm học bạ,2022,26.0,Công nghệ kỹ thuật môi trường
141792,SPK,cong-nghe-ky-thuat-moi-truong,B00,Điểm học bạ,2022,26.0,Công nghệ kỹ thuật môi trường
141793,SPK,cong-nghe-ky-thuat-moi-truong,D07,Điểm học bạ,2022,26.0,Công nghệ kỹ thuật môi trường
141794,SPK,cong-nghe-ky-thuat-moi-truong,D90,Điểm học bạ,2022,26.0,Công nghệ kỹ thuật môi trường
141795,SPK,cong-nghe-ky-thuat-moi-truong,A00,Điểm thi THPT,2022,17.0,Công nghệ kỹ thuật môi trường
141796,SPK,cong-nghe-ky-thuat-moi-truong,B00,Điểm thi THPT,2022,17.0,Công nghệ kỹ thuật môi trường
141797,SPK,cong-nghe-ky-thuat-moi-truong,D07,Điểm thi THPT,2022,17.0,Công nghệ kỹ thuật môi trường
141798,SPK,cong-nghe-ky-thuat-moi-truong,D90,Điểm thi THPT,2022,17.0,Công nghệ kỹ thuật môi trường
141799,SPK,cong-nghe-ky-thuat-moi-truong,A00,Điểm học bạ,2023,21.0,Công nghệ kỹ thuật môi trường
141800,SPK,cong-nghe-ky-thuat-moi-truong,B00,Điểm học bạ,2023,21.0,Công nghệ kỹ thuật môi trường
141801,SPK,cong-nghe-ky-thuat-moi-truong,D07,Điểm học bạ,2023,21.0,Công nghệ kỹ thuật môi trường
141802,SPK,cong-nghe-ky-thuat-moi-truong,D90,Điểm học bạ,2023,21.0,Công nghệ kỹ thuật môi trường
141803,SPK,cong-nghe-ky-thuat-moi-truong,A00,Điểm thi THPT,2023,20.1,Công nghệ kỹ thuật môi trường
141804,SPK,cong-nghe-ky-thuat-moi-truong,B00,Điểm thi THPT,2023,20.1,Công nghệ kỹ thuật môi trường
141805,SPK,cong-nghe-ky-thuat-moi-truong,D07,Điểm thi THPT,2023,20.1,Công nghệ kỹ thuật môi trường
141806,SPK,cong-nghe-ky-thuat-moi-truong,D90,Điểm thi THPT,2023,20.1,Công nghệ kỹ thuật môi trường
141807,SPK,cong-nghe-ky-thuat-moi-truong,A00,Điểm học bạ,2024,22.0,Công nghệ kỹ thuật môi trường (Tiếng Việt)
141808,SPK,cong-nghe-ky-thuat-moi-truong,A01,Điểm học bạ,2024,22.0,Công nghệ kỹ thuật môi trường (Tiếng Việt)
141809,SPK,cong-nghe-ky-thuat-moi-truong,B00,Điểm học bạ,2024,22.5,Công nghệ kỹ thuật môi trường (Tiếng Việt)
141810,SPK,cong-nghe-ky-thuat-moi-truong,D01,Điểm học bạ,2024,22.0,Công nghệ kỹ thuật môi trường (Tiếng Việt)
141811,SPK,cong-nghe-ky-thuat-moi-truong,D07,Điểm học bạ,2024,22.5,Công nghệ kỹ thuật môi trường (Tiếng Việt)
141812,SPK,cong-nghe-ky-thuat-moi-truong,D90,Điểm học bạ,2024,22.0,Công nghệ kỹ thuật môi trường (Tiếng Việt)
141813,SPK,cong-nghe-ky-thuat-moi-truong,D96,Điểm học bạ,2024,22.0,Công nghệ kỹ thuật môi trường (Tiếng Việt)
141814,SPK,cong-nghe-ky-thuat-moi-truong,A00,Điểm thi THPT,2024,22.0,Công nghệ kỹ thuật môi trường (đào tạo bằng tiếng Việt)
141815,SPK,cong-nghe-ky-thuat-moi-truong,B00,Điểm thi THPT,2024,22.0,Công nghệ kỹ thuật môi trường (đào tạo bằng tiếng Việt)
141816,SPK,cong-nghe-ky-thuat-moi-truong,D07,Điểm thi THPT,2024,22.0,Công nghệ kỹ thuật môi trường (đào tạo bằng tiếng Việt)
141817,SPK,cong-nghe-ky-thuat-moi-truong,D90,Điểm thi THPT,2024,22.0,Công nghệ kỹ thuật môi trường (đào tạo bằng tiếng Việt)
141818,SPK,cong-nghe-ky-thuat-moi-truong,A00,Điểm học bạ,2025,25.84,Công nghệ Kỹ thuật môi trường (đào tạo bằng tiếng Việt)
141819,SPK,cong-nghe-ky-thuat-moi-truong,B00,Điểm học bạ,2025,25.84,Công nghệ Kỹ thuật môi trường (đào tạo bằng tiếng Việt)
141820,SPK,cong-nghe-ky-thuat-moi-truong,C02,Điểm học bạ,2025,25.84,Công nghệ Kỹ thuật môi trường (đào tạo bằng tiếng Việt)
141821,SPK,cong-nghe-ky-thuat-moi-truong,D07,Điểm học bạ,2025,25.84,Công nghệ Kỹ thuật môi trường (đào tạo bằng tiếng Việt)
141822,SPK,cong-nghe-ky-thuat-moi-truong,A00,Điểm thi THPT,2025,23.1,Công nghệ Kỹ thuật môi trường (đào tạo bằng tiếng Việt)
141823,SPK,cong-nghe-ky-thuat-moi-truong,A01,Điểm thi THPT,2025,24.08,Công nghệ Kỹ thuật môi trường (đào tạo bằng tiếng Việt)
141824,SPK,cong-nghe-ky-thuat-moi-truong,C01,Điểm thi THPT,2025,22.32,Công nghệ Kỹ thuật môi trường (đào tạo bằng tiếng Việt)
141825,SPK,cong-nghe-ky-thuat-moi-truong,D01,Điểm thi THPT,2025,24.48,Công nghệ Kỹ thuật môi trường (đào tạo bằng tiếng Việt)
141826,SPK,cong-nghe-ky-thuat-nhiet,A00,Điểm học bạ,2021,21.0,Công nghệ kỹ thuật nhiệt (CLC tiếng Anh)
141827,SPK,cong-nghe-ky-thuat-nhiet,A01,Điểm học bạ,2021,21.0,Công nghệ kỹ thuật nhiệt (CLC tiếng Anh)
141828,SPK,cong-nghe-ky-thuat-nhiet,D01,Điểm học bạ,2021,21.0,Công nghệ kỹ thuật nhiệt (CLC tiếng Anh)
141829,SPK,cong-nghe-ky-thuat-nhiet,D90,Điểm học bạ,2021,21.0,Công nghệ kỹ thuật nhiệt (CLC tiếng Anh)
141830,SPK,cong-nghe-ky-thuat-nhiet,A00,Điểm thi THPT,2021,25.15,Công nghệ kỹ thuật nhiệt
141831,SPK,cong-nghe-ky-thuat-nhiet,A01,Điểm thi THPT,2021,25.65,Công nghệ kỹ thuật nhiệt
141832,SPK,cong-nghe-ky-thuat-nhiet,D01,Điểm thi THPT,2021,25.65,Công nghệ kỹ thuật nhiệt
141833,SPK,cong-nghe-ky-thuat-nhiet,D90,Điểm thi THPT,2021,25.65,Công nghệ kỹ thuật nhiệt
141834,SPK,cong-nghe-ky-thuat-nhiet,A00,Điểm học bạ,2022,25.0,Công nghệ kỹ thuật nhiệt
141835,SPK,cong-nghe-ky-thuat-nhiet,A01,Điểm học bạ,2022,25.0,Công nghệ kỹ thuật nhiệt
141836,SPK,cong-nghe-ky-thuat-nhiet,D01,Điểm học bạ,2022,25.0,Công nghệ kỹ thuật nhiệt
141837,SPK,cong-nghe-ky-thuat-nhiet,D90,Điểm học bạ,2022,25.0,Công nghệ kỹ thuật nhiệt
141838,SPK,cong-nghe-ky-thuat-nhiet,A00,Điểm thi THPT,2022,18.7,Công nghệ kỹ thuật nhiệt
141839,SPK,cong-nghe-ky-thuat-nhiet,A01,Điểm thi THPT,2022,18.7,Công nghệ kỹ thuật nhiệt
141840,SPK,cong-nghe-ky-thuat-nhiet,D01,Điểm thi THPT,2022,18.7,Công nghệ kỹ thuật nhiệt
141841,SPK,cong-nghe-ky-thuat-nhiet,D90,Điểm thi THPT,2022,18.7,Công nghệ kỹ thuật nhiệt
141842,SPK,cong-nghe-ky-thuat-nhiet,A00,Điểm học bạ,2023,23.25,Công nghệ kỹ thuật nhiệt
141843,SPK,cong-nghe-ky-thuat-nhiet,A01,Điểm học bạ,2023,23.25,Công nghệ kỹ thuật nhiệt
141844,SPK,cong-nghe-ky-thuat-nhiet,D01,Điểm học bạ,2023,23.25,Công nghệ kỹ thuật nhiệt
141845,SPK,cong-nghe-ky-thuat-nhiet,D90,Điểm học bạ,2023,23.25,Công nghệ kỹ thuật nhiệt
141846,SPK,cong-nghe-ky-thuat-nhiet,A00,Điểm thi THPT,2023,23.33,Công nghệ kỹ thuật nhiệt
141847,SPK,cong-nghe-ky-thuat-nhiet,A01,Điểm thi THPT,2023,23.33,Công nghệ kỹ thuật nhiệt
141848,SPK,cong-nghe-ky-thuat-nhiet,D01,Điểm thi THPT,2023,23.33,Công nghệ kỹ thuật nhiệt
141849,SPK,cong-nghe-ky-thuat-nhiet,D90,Điểm thi THPT,2023,23.33,Công nghệ kỹ thuật nhiệt
141850,SPK,cong-nghe-ky-thuat-nhiet,A00,Điểm học bạ,2024,22.5,Công nghệ kỹ thuật nhiệt (Tiếng Anh)
141851,SPK,cong-nghe-ky-thuat-nhiet,A01,Điểm học bạ,2024,22.5,Công nghệ kỹ thuật nhiệt (Tiếng Anh)
141852,SPK,cong-nghe-ky-thuat-nhiet,D01,Điểm học bạ,2024,22.5,Công nghệ kỹ thuật nhiệt (Tiếng Anh)
141853,SPK,cong-nghe-ky-thuat-nhiet,D90,Điểm học bạ,2024,22.5,Công nghệ kỹ thuật nhiệt (Tiếng Anh)
141854,SPK,cong-nghe-ky-thuat-nhiet,D96,Điểm học bạ,2024,22.5,Công nghệ kỹ thuật nhiệt (Tiếng Anh)
141855,SPK,cong-nghe-ky-thuat-nhiet,A00,Điểm thi THPT,2024,21.0,Công nghệ kỹ thuật nhiệt (đào tạo bằng tiếng Anh)
141856,SPK,cong-nghe-ky-thuat-nhiet,A01,Điểm thi THPT,2024,21.0,Công nghệ kỹ thuật nhiệt (đào tạo bằng tiếng Anh)
141857,SPK,cong-nghe-ky-thuat-nhiet,D01,Điểm thi THPT,2024,21.0,Công nghệ kỹ thuật nhiệt (đào tạo bằng tiếng Anh)
141858,SPK,cong-nghe-ky-thuat-nhiet,D90,Điểm thi THPT,2024,21.0,Công nghệ kỹ thuật nhiệt (đào tạo bằng tiếng Anh)
141859,SPK,cong-nghe-ky-thuat-nhiet,A00,Điểm học bạ,2025,25.19,Công nghệ Kỹ thuật nhiệt (đào tạo bằng tiếng Anh)
141860,SPK,cong-nghe-ky-thuat-nhiet,A01,Điểm học bạ,2025,25.19,Công nghệ Kỹ thuật nhiệt (đào tạo bằng tiếng Anh)
141861,SPK,cong-nghe-ky-thuat-nhiet,C01,Điểm học bạ,2025,25.19,Công nghệ Kỹ thuật nhiệt (đào tạo bằng tiếng Anh)
141862,SPK,cong-nghe-ky-thuat-nhiet,D01,Điểm học bạ,2025,25.19,Công nghệ Kỹ thuật nhiệt (đào tạo bằng tiếng Anh)
141863,SPK,cong-nghe-ky-thuat-nhiet,A00,Điểm thi THPT,2025,22.3,Công nghệ Kỹ thuật nhiệt (đào tạo bằng tiếng Anh)
141864,SPK,cong-nghe-ky-thuat-nhiet,A01,Điểm thi THPT,2025,23.28,Công nghệ Kỹ thuật nhiệt (đào tạo bằng tiếng Anh)
141865,SPK,cong-nghe-ky-thuat-nhiet,C01,Điểm thi THPT,2025,23.92,Công nghệ Kỹ thuật nhiệt (đào tạo bằng tiếng Nhật)
141866,SPK,cong-nghe-ky-thuat-nhiet,D01,Điểm thi THPT,2025,23.68,Công nghệ Kỹ thuật nhiệt (đào tạo bằng tiếng Anh)
141867,SPK,cong-nghe-ky-thuat-o-to,A00,Điểm học bạ,2021,26.25,Công nghệ kỹ thuật ô tô (CLC tiếng Anh)
141868,SPK,cong-nghe-ky-thuat-o-to,A01,Điểm học bạ,2021,26.25,Công nghệ kỹ thuật ô tô (CLC tiếng Anh)
141869,SPK,cong-nghe-ky-thuat-o-to,D01,Điểm học bạ,2021,26.25,Công nghệ kỹ thuật ô tô (CLC tiếng Anh)
141870,SPK,cong-nghe-ky-thuat-o-to,D90,Điểm học bạ,2021,26.25,Công nghệ kỹ thuật ô tô (CLC tiếng Anh)
141871,SPK,cong-nghe-ky-thuat-o-to,A00,Điểm thi THPT,2021,28.25,Công nghệ kỹ thuật ô tô
141872,SPK,cong-nghe-ky-thuat-o-to,A01,Điểm thi THPT,2021,28.75,Công nghệ kỹ thuật ô tô
141873,SPK,cong-nghe-ky-thuat-o-to,D01,Điểm thi THPT,2021,28.75,Công nghệ kỹ thuật ô tô
141874,SPK,cong-nghe-ky-thuat-o-to,D90,Điểm thi THPT,2021,28.75,Công nghệ kỹ thuật ô tô
141875,SPK,cong-nghe-ky-thuat-o-to,A00,Điểm học bạ,2022,29.0,Công nghệ kỹ thuật ô tô
141876,SPK,cong-nghe-ky-thuat-o-to,A01,Điểm học bạ,2022,29.0,Công nghệ kỹ thuật ô tô
141877,SPK,cong-nghe-ky-thuat-o-to,D01,Điểm học bạ,2022,29.0,Công nghệ kỹ thuật ô tô
141878,SPK,cong-nghe-ky-thuat-o-to,D90,Điểm học bạ,2022,29.0,Công nghệ kỹ thuật ô tô
141879,SPK,cong-nghe-ky-thuat-o-to,A00,Điểm thi THPT,2022,25.35,Công nghệ kỹ thuật ô tô
141880,SPK,cong-nghe-ky-thuat-o-to,A01,Điểm thi THPT,2022,25.35,Công nghệ kỹ thuật ô tô
141881,SPK,cong-nghe-ky-thuat-o-to,D01,Điểm thi THPT,2022,25.35,Công nghệ kỹ thuật ô tô
141882,SPK,cong-nghe-ky-thuat-o-to,D90,Điểm thi THPT,2022,25.35,Công nghệ kỹ thuật ô tô
141883,SPK,cong-nghe-ky-thuat-o-to,A00,Điểm học bạ,2023,27.0,Công nghệ kỹ thuật ô tô
141884,SPK,cong-nghe-ky-thuat-o-to,A01,Điểm học bạ,2023,27.0,Công nghệ kỹ thuật ô tô
141885,SPK,cong-nghe-ky-thuat-o-to,D01,Điểm học bạ,2023,27.0,Công nghệ kỹ thuật ô tô
141886,SPK,cong-nghe-ky-thuat-o-to,D90,Điểm học bạ,2023,27.0,Công nghệ kỹ thuật ô tô
141887,SPK,cong-nghe-ky-thuat-o-to,A00,Điểm thi THPT,2023,26.65,Công nghệ kỹ thuật ô tô
141888,SPK,cong-nghe-ky-thuat-o-to,A01,Điểm thi THPT,2023,26.65,Công nghệ kỹ thuật ô tô
141889,SPK,cong-nghe-ky-thuat-o-to,D01,Điểm thi THPT,2023,26.65,Công nghệ kỹ thuật ô tô
141890,SPK,cong-nghe-ky-thuat-o-to,D90,Điểm thi THPT,2023,26.65,Công nghệ kỹ thuật ô tô
141891,SPK,cong-nghe-ky-thuat-o-to,A00,Điểm học bạ,2024,23.5,Công nghệ kỹ thuật ô tô (Tiếng Anh)
141892,SPK,cong-nghe-ky-thuat-o-to,A01,Điểm học bạ,2024,23.5,Công nghệ kỹ thuật ô tô (Tiếng Anh)
141893,SPK,cong-nghe-ky-thuat-o-to,D01,Điểm học bạ,2024,23.5,Công nghệ kỹ thuật ô tô (Tiếng Anh)
141894,SPK,cong-nghe-ky-thuat-o-to,D90,Điểm học bạ,2024,23.5,Công nghệ kỹ thuật ô tô (Tiếng Anh)
141895,SPK,cong-nghe-ky-thuat-o-to,D96,Điểm học bạ,2024,23.5,Công nghệ kỹ thuật ô tô (Tiếng Anh)
141896,SPK,cong-nghe-ky-thuat-o-to,A00,Điểm thi THPT,2024,24.75,Công nghệ kỹ thuật ô tô (đào tạo bằng tiếng Anh)
141897,SPK,cong-nghe-ky-thuat-o-to,A01,Điểm thi THPT,2024,24.75,Công nghệ kỹ thuật ô tô (đào tạo bằng tiếng Anh)
141898,SPK,cong-nghe-ky-thuat-o-to,D01,Điểm thi THPT,2024,24.75,Công nghệ kỹ thuật ô tô (đào tạo bằng tiếng Anh)
141899,SPK,cong-nghe-ky-thuat-o-to,D90,Điểm thi THPT,2024,24.75,Công nghệ kỹ thuật ô tô (đào tạo bằng tiếng Anh)
141900,SPK,cong-nghe-ky-thuat-o-to,A00,Điểm học bạ,2025,26.57,Công nghệ Kỹ thuật ô tô * (đào tạo bằng tiếng Anh)
141901,SPK,cong-nghe-ky-thuat-o-to,A01,Điểm học bạ,2025,26.57,Công nghệ Kỹ thuật ô tô * (đào tạo bằng tiếng Anh)
141902,SPK,cong-nghe-ky-thuat-o-to,C01,Điểm học bạ,2025,26.57,Công nghệ Kỹ thuật ô tô * (đào tạo bằng tiếng Anh)
141903,SPK,cong-nghe-ky-thuat-o-to,D01,Điểm học bạ,2025,26.57,Công nghệ Kỹ thuật ô tô * (đào tạo bằng tiếng Anh)
141904,SPK,cong-nghe-ky-thuat-o-to,A00,Điểm thi THPT,2025,24.15,Công nghệ Kỹ thuật ô tô * (đào tạo bằng tiếng Anh)
141905,SPK,cong-nghe-ky-thuat-o-to,A01,Điểm thi THPT,2025,25.13,Công nghệ Kỹ thuật ô tô * (đào tạo bằng tiếng Anh)
141906,SPK,cong-nghe-ky-thuat-o-to,C01,Điểm thi THPT,2025,23.37,Công nghệ Kỹ thuật ô tô * (đào tạo bằng tiếng Anh)
141907,SPK,cong-nghe-ky-thuat-o-to,D01,Điểm thi THPT,2025,25.53,Công nghệ Kỹ thuật ô tô * (đào tạo bằng tiếng Anh)
141908,SPK,cong-nghe-may,A00,Điểm học bạ,2021,21.0,Công nghệ may (CLC tiếng Việt)
141909,SPK,cong-nghe-may,A01,Điểm học bạ,2021,21.0,Công nghệ may (CLC tiếng Việt)
141910,SPK,cong-nghe-may,D01,Điểm học bạ,2021,21.0,Công nghệ may (CLC tiếng Việt)
141911,SPK,cong-nghe-may,D90,Điểm học bạ,2021,21.0,Công nghệ may (CLC tiếng Việt)
141912,SPK,cong-nghe-may,A00,Điểm thi THPT,2021,24.5,Công nghệ may
141913,SPK,cong-nghe-may,A01,Điểm thi THPT,2021,25.0,Công nghệ may
141914,SPK,cong-nghe-may,D01,Điểm thi THPT,2021,25.0,Công nghệ may
141915,SPK,cong-nghe-may,D90,Điểm thi THPT,2021,25.0,Công nghệ may
141916,SPK,cong-nghe-may,A00,Điểm học bạ,2022,25.0,Công nghệ may
141917,SPK,cong-nghe-may,A01,Điểm học bạ,2022,25.0,Công nghệ may
141918,SPK,cong-nghe-may,D01,Điểm học bạ,2022,25.0,Công nghệ may
141919,SPK,cong-nghe-may,D90,Điểm học bạ,2022,25.0,Công nghệ may
141920,SPK,cong-nghe-may,A00,Điểm thi THPT,2022,23.25,Công nghệ may
141921,SPK,cong-nghe-may,A01,Điểm thi THPT,2022,23.25,Công nghệ may
141922,SPK,cong-nghe-may,D01,Điểm thi THPT,2022,23.25,Công nghệ may
141923,SPK,cong-nghe-may,D90,Điểm thi THPT,2022,23.25,Công nghệ may
141924,SPK,cong-nghe-may,A00,Điểm học bạ,2023,21.75,Công nghệ may
141925,SPK,cong-nghe-may,A01,Điểm học bạ,2023,21.75,Công nghệ may
141926,SPK,cong-nghe-may,D01,Điểm học bạ,2023,21.75,Công nghệ may
141927,SPK,cong-nghe-may,D90,Điểm học bạ,2023,21.75,Công nghệ may
141928,SPK,cong-nghe-may,A00,Điểm thi THPT,2023,21.0,Công nghệ may
141929,SPK,cong-nghe-may,A01,Điểm thi THPT,2023,21.0,Công nghệ may
141930,SPK,cong-nghe-may,D01,Điểm thi THPT,2023,21.0,Công nghệ may
141931,SPK,cong-nghe-may,D90,Điểm thi THPT,2023,21.0,Công nghệ may
141932,SPK,cong-nghe-may,A00,Điểm học bạ,2024,22.5,Công nghệ may (Tiếng Việt)
141933,SPK,cong-nghe-may,A01,Điểm học bạ,2024,22.5,Công nghệ may (Tiếng Việt)
141934,SPK,cong-nghe-may,D01,Điểm học bạ,2024,22.5,Công nghệ may (Tiếng Việt)
141935,SPK,cong-nghe-may,D90,Điểm học bạ,2024,22.5,Công nghệ may (Tiếng Việt)
141936,SPK,cong-nghe-may,D96,Điểm học bạ,2024,22.5,Công nghệ may (Tiếng Việt)
141937,SPK,cong-nghe-may,A00,Điểm thi THPT,2024,21.41,Công nghệ may (đào tạo bằng tiếng Việt)
141938,SPK,cong-nghe-may,A01,Điểm thi THPT,2024,21.41,Công nghệ may (đào tạo bằng tiếng Việt)
141939,SPK,cong-nghe-may,D01,Điểm thi THPT,2024,21.41,Công nghệ may (đào tạo bằng tiếng Việt)
141940,SPK,cong-nghe-may,D90,Điểm thi THPT,2024,21.41,Công nghệ may (đào tạo bằng tiếng Việt)
141941,SPK,cong-nghe-may,A00,Điểm học bạ,2025,24.88,Công nghệ may (đào tạo bằng tiếng Việt)
141942,SPK,cong-nghe-may,A01,Điểm học bạ,2025,24.88,Công nghệ may (đào tạo bằng tiếng Việt)
141943,SPK,cong-nghe-may,C01,Điểm học bạ,2025,24.88,Công nghệ may (đào tạo bằng tiếng Việt)
141944,SPK,cong-nghe-may,D01,Điểm học bạ,2025,24.88,Công nghệ may (đào tạo bằng tiếng Việt)
141945,SPK,cong-nghe-may,A00,Điểm thi THPT,2025,22.0,Công nghệ may (đào tạo bằng tiếng Việt)
141946,SPK,cong-nghe-may,A01,Điểm thi THPT,2025,22.98,Công nghệ may (đào tạo bằng tiếng Việt)
141947,SPK,cong-nghe-may,C01,Điểm thi THPT,2025,21.22,Công nghệ may (đào tạo bằng tiếng Việt)
141948,SPK,cong-nghe-may,D01,Điểm thi THPT,2025,23.38,Công nghệ may (đào tạo bằng tiếng Việt)
141949,SPK,cong-nghe-tai-chinh,A00,Điểm học bạ,2025,26.95,Công nghệ tài chính (đào tạo bằng tiếng Việt)
141950,SPK,cong-nghe-tai-chinh,A01,Điểm học bạ,2025,26.95,Công nghệ tài chính (đào tạo bằng tiếng Việt)
141951,SPK,cong-nghe-tai-chinh,D01,Điểm học bạ,2025,26.95,Công nghệ tài chính (đào tạo bằng tiếng Việt)
141952,SPK,cong-nghe-tai-chinh,A00,Điểm thi THPT,2025,24.7,Công nghệ tài chính (đào tạo bằng tiếng Việt)
141953,SPK,cong-nghe-tai-chinh,A01,Điểm thi THPT,2025,25.68,Công nghệ tài chính (đào tạo bằng tiếng Việt)
141954,SPK,cong-nghe-tai-chinh,D01,Điểm thi THPT,2025,26.08,Công nghệ tài chính (đào tạo bằng tiếng Việt)
141955,SPK,cong-nghe-thong-tin,A00,Điểm học bạ,2021,27.5,Công nghệ thông tin (CLC tiếng Anh)
141956,SPK,cong-nghe-thong-tin,A01,Điểm học bạ,2021,27.5,Công nghệ thông tin (CLC tiếng Anh)
141957,SPK,cong-nghe-thong-tin,D01,Điểm học bạ,2021,27.5,Công nghệ thông tin (CLC tiếng Anh)
141958,SPK,cong-nghe-thong-tin,D90,Điểm học bạ,2021,27.5,Công nghệ thông tin (CLC tiếng Anh)
141959,SPK,cong-nghe-thong-tin,A00,Điểm thi THPT,2021,28.25,Công nghệ thông tin
141960,SPK,cong-nghe-thong-tin,A01,Điểm thi THPT,2021,28.75,Công nghệ thông tin
141961,SPK,cong-nghe-thong-tin,D01,Điểm thi THPT,2021,28.75,Công nghệ thông tin
141962,SPK,cong-nghe-thong-tin,D90,Điểm thi THPT,2021,28.75,Công nghệ thông tin
141963,SPK,cong-nghe-thong-tin,A00,Điểm học bạ,2022,29.75,Công nghệ thông tin
141964,SPK,cong-nghe-thong-tin,A01,Điểm học bạ,2022,29.75,Công nghệ thông tin
141965,SPK,cong-nghe-thong-tin,D01,Điểm học bạ,2022,29.75,Công nghệ thông tin
141966,SPK,cong-nghe-thong-tin,D90,Điểm học bạ,2022,29.75,Công nghệ thông tin
141967,SPK,cong-nghe-thong-tin,A00,Điểm thi THPT,2022,26.75,Công nghệ thông tin
141968,SPK,cong-nghe-thong-tin,A01,Điểm thi THPT,2022,26.75,Công nghệ thông tin
141969,SPK,cong-nghe-thong-tin,D01,Điểm thi THPT,2022,26.75,Công nghệ thông tin
141970,SPK,cong-nghe-thong-tin,D90,Điểm thi THPT,2022,26.75,Công nghệ thông tin
141971,SPK,cong-nghe-thong-tin,A00,Điểm học bạ,2023,28.75,Công nghệ thông tin
141972,SPK,cong-nghe-thong-tin,A01,Điểm học bạ,2023,28.75,Công nghệ thông tin
141973,SPK,cong-nghe-thong-tin,D01,Điểm học bạ,2023,28.75,Công nghệ thông tin
141974,SPK,cong-nghe-thong-tin,D90,Điểm học bạ,2023,28.75,Công nghệ thông tin
141975,SPK,cong-nghe-thong-tin,A00,Điểm thi THPT,2023,26.64,Công nghệ thông tin
141976,SPK,cong-nghe-thong-tin,A01,Điểm thi THPT,2023,26.64,Công nghệ thông tin
141977,SPK,cong-nghe-thong-tin,D01,Điểm thi THPT,2023,26.64,Công nghệ thông tin
141978,SPK,cong-nghe-thong-tin,D90,Điểm thi THPT,2023,26.64,Công nghệ thông tin
141979,SPK,cong-nghe-thong-tin,A00,Điểm học bạ,2024,25.0,Công nghệ thông tin (Tiếng Anh)
141980,SPK,cong-nghe-thong-tin,A01,Điểm học bạ,2024,25.0,Công nghệ thông tin (Tiếng Anh)
141981,SPK,cong-nghe-thong-tin,D01,Điểm học bạ,2024,25.0,Công nghệ thông tin (Tiếng Anh)
141982,SPK,cong-nghe-thong-tin,D90,Điểm học bạ,2024,25.0,Công nghệ thông tin (Tiếng Anh)
141983,SPK,cong-nghe-thong-tin,D96,Điểm học bạ,2024,25.0,Công nghệ thông tin (Tiếng Anh)
141984,SPK,cong-nghe-thong-tin,A00,Điểm thi THPT,2024,25.65,Công nghệ thông tin (đào tạo bằng tiếng Anh)
141985,SPK,cong-nghe-thong-tin,A01,Điểm thi THPT,2024,25.65,Công nghệ thông tin (đào tạo bằng tiếng Anh)
141986,SPK,cong-nghe-thong-tin,D01,Điểm thi THPT,2024,25.65,Công nghệ thông tin (đào tạo bằng tiếng Anh)
141987,SPK,cong-nghe-thong-tin,D90,Điểm thi THPT,2024,25.65,Công nghệ thông tin (đào tạo bằng tiếng Anh)
141988,SPK,cong-nghe-thong-tin,A00,Điểm học bạ,2025,27.8,Công nghệ thông tin (đào tạo bằng tiếng Anh)
141989,SPK,cong-nghe-thong-tin,A01,Điểm học bạ,2025,27.8,Công nghệ thông tin (đào tạo bằng tiếng Anh)
141990,SPK,cong-nghe-thong-tin,C01,Điểm học bạ,2025,27.8,Công nghệ thông tin (đào tạo bằng tiếng Anh)
141991,SPK,cong-nghe-thong-tin,D01,Điểm học bạ,2025,27.8,Công nghệ thông tin (đào tạo bằng tiếng Anh)
141992,SPK,cong-nghe-thong-tin,A00,Điểm thi THPT,2025,26.4,Công nghệ thông tin (đào tạo bằng tiếng Anh)
141993,SPK,cong-nghe-thong-tin,A01,Điểm thi THPT,2025,27.38,Công nghệ thông tin (đào tạo bằng tiếng Anh)
141994,SPK,cong-nghe-thong-tin,C01,Điểm thi THPT,2025,25.62,Công nghệ thông tin (đào tạo bằng tiếng Anh)
141995,SPK,cong-nghe-thong-tin,D01,Điểm thi THPT,2025,27.78,Công nghệ thông tin (đào tạo bằng tiếng Anh)
141996,SPK,cong-nghe-thuc-pham,A00,Điểm học bạ,2021,23.5,Công nghệ thực phẩm (CLC tiếng Anh)
141997,SPK,cong-nghe-thuc-pham,B00,Điểm học bạ,2021,23.5,Công nghệ thực phẩm (CLC tiếng Anh)
141998,SPK,cong-nghe-thuc-pham,D07,Điểm học bạ,2021,23.5,Công nghệ thực phẩm (CLC tiếng Anh)
141999,SPK,cong-nghe-thuc-pham,D90,Điểm học bạ,2021,23.5,Công nghệ thực phẩm (CLC tiếng Anh)
142000,SPK,cong-nghe-thuc-pham,A00,Điểm thi THPT,2021,26.0,Công nghệ thực phẩm
142001,SPK,cong-nghe-thuc-pham,B00,Điểm thi THPT,2021,26.0,Công nghệ thực phẩm
142002,SPK,cong-nghe-thuc-pham,D07,Điểm thi THPT,2021,26.5,Công nghệ thực phẩm
142003,SPK,cong-nghe-thuc-pham,D90,Điểm thi THPT,2021,26.5,Công nghệ thực phẩm
142004,SPK,cong-nghe-thuc-pham,A00,Điểm học bạ,2022,29.0,Công nghệ thực phẩm
142005,SPK,cong-nghe-thuc-pham,B00,Điểm học bạ,2022,29.0,Công nghệ thực phẩm
142006,SPK,cong-nghe-thuc-pham,D07,Điểm học bạ,2022,29.0,Công nghệ thực phẩm
142007,SPK,cong-nghe-thuc-pham,D90,Điểm học bạ,2022,29.0,Công nghệ thực phẩm
142008,SPK,cong-nghe-thuc-pham,A00,Điểm thi THPT,2022,20.1,Công nghệ thực phẩm
142009,SPK,cong-nghe-thuc-pham,B00,Điểm thi THPT,2022,20.1,Công nghệ thực phẩm
142010,SPK,cong-nghe-thuc-pham,D07,Điểm thi THPT,2022,20.1,Công nghệ thực phẩm
142011,SPK,cong-nghe-thuc-pham,D90,Điểm thi THPT,2022,20.1,Công nghệ thực phẩm
142012,SPK,cong-nghe-thuc-pham,A00,Điểm học bạ,2023,25.0,Công nghệ thực phẩm
142013,SPK,cong-nghe-thuc-pham,B00,Điểm học bạ,2023,25.0,Công nghệ thực phẩm
142014,SPK,cong-nghe-thuc-pham,D07,Điểm học bạ,2023,25.0,Công nghệ thực phẩm
142015,SPK,cong-nghe-thuc-pham,D90,Điểm học bạ,2023,25.0,Công nghệ thực phẩm
142016,SPK,cong-nghe-thuc-pham,A00,Điểm thi THPT,2023,24.3,Công nghệ thực phẩm
142017,SPK,cong-nghe-thuc-pham,B00,Điểm thi THPT,2023,24.3,Công nghệ thực phẩm
142018,SPK,cong-nghe-thuc-pham,D07,Điểm thi THPT,2023,24.3,Công nghệ thực phẩm
142019,SPK,cong-nghe-thuc-pham,D90,Điểm thi THPT,2023,24.3,Công nghệ thực phẩm
142020,SPK,cong-nghe-thuc-pham,A00,Điểm học bạ,2024,21.0,Công nghệ thực phẩm (Tiếng Anh)
142021,SPK,cong-nghe-thuc-pham,A01,Điểm học bạ,2024,21.0,Công nghệ thực phẩm (Tiếng Anh)
142022,SPK,cong-nghe-thuc-pham,B00,Điểm học bạ,2024,22.5,Công nghệ thực phẩm (Tiếng Anh)
142023,SPK,cong-nghe-thuc-pham,D01,Điểm học bạ,2024,21.0,Công nghệ thực phẩm (Tiếng Anh)
142024,SPK,cong-nghe-thuc-pham,D07,Điểm học bạ,2024,22.5,Công nghệ thực phẩm (Tiếng Anh)
142025,SPK,cong-nghe-thuc-pham,D90,Điểm học bạ,2024,21.0,Công nghệ thực phẩm (Tiếng Anh)
142026,SPK,cong-nghe-thuc-pham,D96,Điểm học bạ,2024,21.0,Công nghệ thực phẩm (Tiếng Anh)
142027,SPK,cong-nghe-thuc-pham,A00,Điểm thi THPT,2024,22.5,Công nghệ thực phẩm (đào tạo bằng tiếng Anh)
142028,SPK,cong-nghe-thuc-pham,B00,Điểm thi THPT,2024,22.5,Công nghệ thực phẩm (đào tạo bằng tiếng Anh)
142029,SPK,cong-nghe-thuc-pham,D07,Điểm thi THPT,2024,22.5,Công nghệ thực phẩm (đào tạo bằng tiếng Anh)
142030,SPK,cong-nghe-thuc-pham,D90,Điểm thi THPT,2024,22.5,Công nghệ thực phẩm (đào tạo bằng tiếng Anh)
142031,SPK,cong-nghe-thuc-pham,A00,Điểm học bạ,2025,24.88,Công nghệ thực phẩm (đào tạo bằng tiếng Anh)
142032,SPK,cong-nghe-thuc-pham,B00,Điểm học bạ,2025,24.88,Công nghệ thực phẩm (đào tạo bằng tiếng Anh)
142033,SPK,cong-nghe-thuc-pham,C02,Điểm học bạ,2025,24.88,Công nghệ thực phẩm (đào tạo bằng tiếng Anh)
142034,SPK,cong-nghe-thuc-pham,D07,Điểm học bạ,2025,24.88,Công nghệ thực phẩm (đào tạo bằng tiếng Anh)
142035,SPK,cong-nghe-thuc-pham,A00,Điểm thi THPT,2025,22.0,Công nghệ thực phẩm (đào tạo bằng tiếng Anh)
142036,SPK,cong-nghe-thuc-pham,B00,Điểm thi THPT,2025,22.99,Công nghệ thực phẩm (đào tạo bằng tiếng Anh)
142037,SPK,cong-nghe-thuc-pham,C02,Điểm thi THPT,2025,22.4,Công nghệ thực phẩm (đào tạo bằng tiếng Anh)
142038,SPK,cong-nghe-thuc-pham,D07,Điểm thi THPT,2025,23.76,Công nghệ thực phẩm (đào tạo bằng tiếng Anh)
142039,SPK,cong-nghe-truyen-thong,C03,Điểm học bạ,2025,26.95,Công nghệ truyền thông (Truyền thông số và Công nghệ đa phương tiện) (đào tạo bằng tiếng Việt)
142040,SPK,cong-nghe-truyen-thong,D01,Điểm học bạ,2025,26.95,Công nghệ truyền thông (Truyền thông số và Công nghệ đa phương tiện) (đào tạo bằng tiếng Việt)
142041,SPK,cong-nghe-truyen-thong,X02,Điểm học bạ,2025,26.95,Công nghệ truyền thông (Truyền thông số và Công nghệ đa phương tiện) (đào tạo bằng tiếng Việt)
142042,SPK,cong-nghe-truyen-thong,C03,Điểm thi THPT,2025,23.25,Công nghệ truyền thông (Truyền thông số và Công nghệ đa phương tiện) (đào tạo bằng tiếng Việt)
142043,SPK,cong-nghe-truyen-thong,D01,Điểm thi THPT,2025,24.7,Công nghệ truyền thông (Truyền thông số và Công nghệ đa phương tiện) (đào tạo bằng tiếng Việt)
142044,SPK,cong-nghe-truyen-thong,X02,Điểm thi THPT,2025,22.67,Công nghệ truyền thông (Truyền thông số và Công nghệ đa phương tiện) (đào tạo bằng tiếng Việt)
142045,SPK,cong-nghe-vat-lieu,A00,Điểm học bạ,2021,22.0,Công nghệ vật liệu (Đại trà)
142046,SPK,cong-nghe-vat-lieu,A01,Điểm học bạ,2021,22.0,Công nghệ vật liệu (Đại trà)
142047,SPK,cong-nghe-vat-lieu,D01,Điểm học bạ,2021,22.0,Công nghệ vật liệu (Đại trà)
142048,SPK,cong-nghe-vat-lieu,D90,Điểm học bạ,2021,22.0,Công nghệ vật liệu (Đại trà)
142049,SPK,cong-nghe-vat-lieu,A00,Điểm thi THPT,2021,23.75,Công nghệ vật liệu
142050,SPK,cong-nghe-vat-lieu,A01,Điểm thi THPT,2021,24.25,Công nghệ vật liệu
142051,SPK,cong-nghe-vat-lieu,D07,Điểm thi THPT,2021,24.25,Công nghệ vật liệu
142052,SPK,cong-nghe-vat-lieu,D90,Điểm thi THPT,2021,24.25,Công nghệ vật liệu
142053,SPK,cong-nghe-vat-lieu,A00,Điểm học bạ,2022,25.5,Công nghệ vật liệu
142054,SPK,cong-nghe-vat-lieu,A01,Điểm học bạ,2022,25.5,Công nghệ vật liệu
142055,SPK,cong-nghe-vat-lieu,D07,Điểm học bạ,2022,25.5,Công nghệ vật liệu
142056,SPK,cong-nghe-vat-lieu,D90,Điểm học bạ,2022,25.5,Công nghệ vật liệu
142057,SPK,cong-nghe-vat-lieu,A00,Điểm thi THPT,2022,17.0,Công nghệ vật liệu
142058,SPK,cong-nghe-vat-lieu,A01,Điểm thi THPT,2022,17.0,Công nghệ vật liệu
142059,SPK,cong-nghe-vat-lieu,D07,Điểm thi THPT,2022,17.0,Công nghệ vật liệu
142060,SPK,cong-nghe-vat-lieu,D90,Điểm thi THPT,2022,17.0,Công nghệ vật liệu
142061,SPK,cong-nghe-vat-lieu,A00,Điểm học bạ,2023,20.0,Công nghệ vật liệu
142062,SPK,cong-nghe-vat-lieu,A01,Điểm học bạ,2023,20.0,Công nghệ vật liệu
142063,SPK,cong-nghe-vat-lieu,D07,Điểm học bạ,2023,20.0,Công nghệ vật liệu
142064,SPK,cong-nghe-vat-lieu,D90,Điểm học bạ,2023,20.0,Công nghệ vật liệu
142065,SPK,cong-nghe-vat-lieu,A00,Điểm thi THPT,2023,20.0,Công nghệ vật liệu
142066,SPK,cong-nghe-vat-lieu,A01,Điểm thi THPT,2023,20.0,Công nghệ vật liệu
142067,SPK,cong-nghe-vat-lieu,D07,Điểm thi THPT,2023,20.0,Công nghệ vật liệu
142068,SPK,cong-nghe-vat-lieu,D90,Điểm thi THPT,2023,20.0,Công nghệ vật liệu
142069,SPK,cong-nghe-vat-lieu,A00,Điểm học bạ,2024,21.0,Công nghệ vật liệu (Tiếng Việt)
142070,SPK,cong-nghe-vat-lieu,A01,Điểm học bạ,2024,21.0,Công nghệ vật liệu (Tiếng Việt)
142071,SPK,cong-nghe-vat-lieu,D01,Điểm học bạ,2024,22.5,Công nghệ vật liệu (Tiếng Việt)
142072,SPK,cong-nghe-vat-lieu,D07,Điểm học bạ,2024,21.0,Công nghệ vật liệu (Tiếng Việt)
142073,SPK,cong-nghe-vat-lieu,D90,Điểm học bạ,2024,21.0,Công nghệ vật liệu (Tiếng Việt)
142074,SPK,cong-nghe-vat-lieu,D96,Điểm học bạ,2024,22.5,Công nghệ vật liệu (Tiếng Việt)
142075,SPK,cong-nghe-vat-lieu,A00,Điểm thi THPT,2024,23.33,Công nghệ vật liệu (đào tạo bằng tiếng Việt)
142076,SPK,cong-nghe-vat-lieu,A01,Điểm thi THPT,2024,23.33,Công nghệ vật liệu (đào tạo bằng tiếng Việt)
142077,SPK,cong-nghe-vat-lieu,D07,Điểm thi THPT,2024,23.33,Công nghệ vật liệu (đào tạo bằng tiếng Việt)
142078,SPK,cong-nghe-vat-lieu,D90,Điểm thi THPT,2024,23.33,Công nghệ vật liệu (đào tạo bằng tiếng Việt)
142079,SPK,cong-nghe-vat-lieu,A00,Điểm học bạ,2025,26.84,Công nghệ vật liệu (đào tạo bằng tiếng Anh)
142080,SPK,cong-nghe-vat-lieu,A01,Điểm học bạ,2025,26.84,Công nghệ vật liệu (đào tạo bằng tiếng Anh)
142081,SPK,cong-nghe-vat-lieu,D07,Điểm học bạ,2025,26.84,Công nghệ vật liệu (đào tạo bằng tiếng Anh)
142082,SPK,cong-nghe-vat-lieu,A00,Điểm thi THPT,2025,24.55,Công nghệ vật liệu (đào tạo bằng tiếng Anh)
142083,SPK,cong-nghe-vat-lieu,A01,Điểm thi THPT,2025,25.53,Công nghệ vật liệu (đào tạo bằng tiếng Anh)
142084,SPK,cong-nghe-vat-lieu,C01,Điểm thi THPT,2025,23.77,Công nghệ vật liệu (đào tạo bằng tiếng Anh)
142085,SPK,cong-nghe-vat-lieu,D01,Điểm thi THPT,2025,25.15,Công nghệ vật liệu (đào tạo bằng tiếng Anh)
142086,SPK,he-thong-ky-thuat-cong-trinh-xay-dung,A00,Điểm học bạ,2021,22.0,Hệ thống kỹ thuật công trình xây dựng (Đại trà)
142087,SPK,he-thong-ky-thuat-cong-trinh-xay-dung,A01,Điểm học bạ,2021,22.0,Hệ thống kỹ thuật công trình xây dựng (Đại trà)
142088,SPK,he-thong-ky-thuat-cong-trinh-xay-dung,D01,Điểm học bạ,2021,22.0,Hệ thống kỹ thuật công trình xây dựng (Đại trà)
142089,SPK,he-thong-ky-thuat-cong-trinh-xay-dung,D90,Điểm học bạ,2021,22.0,Hệ thống kỹ thuật công trình xây dựng (Đại trà)
142090,SPK,he-thong-ky-thuat-cong-trinh-xay-dung,A00,Điểm thi THPT,2021,23.75,Hệ thống kỹ thuật công trình xây dựng
142091,SPK,he-thong-ky-thuat-cong-trinh-xay-dung,A01,Điểm thi THPT,2021,24.25,Hệ thống kỹ thuật công trình xây dựng
142092,SPK,he-thong-ky-thuat-cong-trinh-xay-dung,D01,Điểm thi THPT,2021,24.25,Hệ thống kỹ thuật công trình xây dựng
142093,SPK,he-thong-ky-thuat-cong-trinh-xay-dung,D90,Điểm thi THPT,2021,24.25,Hệ thống kỹ thuật công trình xây dựng
142094,SPK,he-thong-ky-thuat-cong-trinh-xay-dung,A00,Điểm học bạ,2022,23.0,Hệ thống kỹ thuật công trình xây dựng
142095,SPK,he-thong-ky-thuat-cong-trinh-xay-dung,A01,Điểm học bạ,2022,23.0,Hệ thống kỹ thuật công trình xây dựng
142096,SPK,he-thong-ky-thuat-cong-trinh-xay-dung,D01,Điểm học bạ,2022,23.0,Hệ thống kỹ thuật công trình xây dựng
142097,SPK,he-thong-ky-thuat-cong-trinh-xay-dung,D90,Điểm học bạ,2022,23.0,Hệ thống kỹ thuật công trình xây dựng
142098,SPK,he-thong-ky-thuat-cong-trinh-xay-dung,A00,Điểm thi THPT,2022,18.1,Hệ thống kỹ thuật công trình xây dựng
142099,SPK,he-thong-ky-thuat-cong-trinh-xay-dung,A01,Điểm thi THPT,2022,18.1,Hệ thống kỹ thuật công trình xây dựng
142100,SPK,he-thong-ky-thuat-cong-trinh-xay-dung,D01,Điểm thi THPT,2022,18.1,Hệ thống kỹ thuật công trình xây dựng
142101,SPK,he-thong-ky-thuat-cong-trinh-xay-dung,D90,Điểm thi THPT,2022,18.1,Hệ thống kỹ thuật công trình xây dựng
142102,SPK,he-thong-ky-thuat-cong-trinh-xay-dung,A00,Điểm học bạ,2023,22.0,Hệ thống kỹ thuật công trình xây dựng
142103,SPK,he-thong-ky-thuat-cong-trinh-xay-dung,A01,Điểm học bạ,2023,22.0,Hệ thống kỹ thuật công trình xây dựng
142104,SPK,he-thong-ky-thuat-cong-trinh-xay-dung,D01,Điểm học bạ,2023,22.0,Hệ thống kỹ thuật công trình xây dựng
142105,SPK,he-thong-ky-thuat-cong-trinh-xay-dung,D90,Điểm học bạ,2023,22.0,Hệ thống kỹ thuật công trình xây dựng
142106,SPK,he-thong-ky-thuat-cong-trinh-xay-dung,A00,Điểm thi THPT,2023,21.0,Hệ thống kỹ thuật công trình xây dựng
142107,SPK,he-thong-ky-thuat-cong-trinh-xay-dung,A01,Điểm thi THPT,2023,21.0,Hệ thống kỹ thuật công trình xây dựng
142108,SPK,he-thong-ky-thuat-cong-trinh-xay-dung,D01,Điểm thi THPT,2023,21.0,Hệ thống kỹ thuật công trình xây dựng
142109,SPK,he-thong-ky-thuat-cong-trinh-xay-dung,D90,Điểm thi THPT,2023,21.0,Hệ thống kỹ thuật công trình xây dựng
142110,SPK,he-thong-ky-thuat-cong-trinh-xay-dung,A00,Điểm học bạ,2024,23.0,Hệ thông kỹ thuật công trình xây dựng (Tiêng Việt)
142111,SPK,he-thong-ky-thuat-cong-trinh-xay-dung,A01,Điểm học bạ,2024,23.0,Hệ thông kỹ thuật công trình xây dựng (Tiêng Việt)
142112,SPK,he-thong-ky-thuat-cong-trinh-xay-dung,D01,Điểm học bạ,2024,23.0,Hệ thông kỹ thuật công trình xây dựng (Tiêng Việt)
142113,SPK,he-thong-ky-thuat-cong-trinh-xay-dung,D90,Điểm học bạ,2024,23.0,Hệ thông kỹ thuật công trình xây dựng (Tiêng Việt)
142114,SPK,he-thong-ky-thuat-cong-trinh-xay-dung,D96,Điểm học bạ,2024,23.0,Hệ thông kỹ thuật công trình xây dựng (Tiêng Việt)
142115,SPK,he-thong-ky-thuat-cong-trinh-xay-dung,A00,Điểm thi THPT,2024,22.22,Hệ thống kỹ thuật công trình xây dựng (đào tạo bằng tiếng Việt)
142116,SPK,he-thong-ky-thuat-cong-trinh-xay-dung,A01,Điểm thi THPT,2024,22.22,Hệ thống kỹ thuật công trình xây dựng (đào tạo bằng tiếng Việt)
142117,SPK,he-thong-ky-thuat-cong-trinh-xay-dung,D01,Điểm thi THPT,2024,22.22,Hệ thống kỹ thuật công trình xây dựng (đào tạo bằng tiếng Việt)
142118,SPK,he-thong-ky-thuat-cong-trinh-xay-dung,D90,Điểm thi THPT,2024,22.22,Hệ thống kỹ thuật công trình xây dựng (đào tạo bằng tiếng Việt)
142119,SPK,he-thong-ky-thuat-cong-trinh-xay-dung,A00,Điểm học bạ,2025,25.16,Hệ thống kỹ thuật công trình xây dựng (đào tạo bằng tiếng Việt)
142120,SPK,he-thong-ky-thuat-cong-trinh-xay-dung,A01,Điểm học bạ,2025,25.16,Hệ thống kỹ thuật công trình xây dựng (đào tạo bằng tiếng Việt)
142121,SPK,he-thong-ky-thuat-cong-trinh-xay-dung,C01,Điểm học bạ,2025,25.16,Hệ thống kỹ thuật công trình xây dựng (đào tạo bằng tiếng Việt)
142122,SPK,he-thong-ky-thuat-cong-trinh-xay-dung,D01,Điểm học bạ,2025,25.16,Hệ thống kỹ thuật công trình xây dựng (đào tạo bằng tiếng Việt)
142123,SPK,he-thong-ky-thuat-cong-trinh-xay-dung,A00,Điểm thi THPT,2025,22.27,Hệ thống kỹ thuật công trình xây dựng (đào tạo bằng tiếng Việt)
142124,SPK,he-thong-ky-thuat-cong-trinh-xay-dung,A01,Điểm thi THPT,2025,23.25,Hệ thống kỹ thuật công trình xây dựng (đào tạo bằng tiếng Việt)
142125,SPK,he-thong-ky-thuat-cong-trinh-xay-dung,C01,Điểm thi THPT,2025,21.49,Hệ thống kỹ thuật công trình xây dựng (đào tạo bằng tiếng Việt)
142126,SPK,he-thong-ky-thuat-cong-trinh-xay-dung,D01,Điểm thi THPT,2025,23.65,Hệ thống kỹ thuật công trình xây dựng (đào tạo bằng tiếng Việt)
142127,SPK,he-thong-nhung-va-iot,A00,Điểm học bạ,2021,27.0,Hệ thống nhúng và IoT
142128,SPK,he-thong-nhung-va-iot,A01,Điểm học bạ,2021,27.0,Hệ thống nhúng và IoT
142129,SPK,he-thong-nhung-va-iot,D01,Điểm học bạ,2021,27.0,Hệ thống nhúng và IoT
142130,SPK,he-thong-nhung-va-iot,D90,Điểm học bạ,2021,27.0,Hệ thống nhúng và IoT
142131,SPK,he-thong-nhung-va-iot,A00,Điểm thi THPT,2021,26.0,Hệ thống nhúng và IoT
142132,SPK,he-thong-nhung-va-iot,A01,Điểm thi THPT,2021,26.5,Hệ thống nhúng và IoT
142133,SPK,he-thong-nhung-va-iot,D01,Điểm thi THPT,2021,26.5,Hệ thống nhúng và IoT
142134,SPK,he-thong-nhung-va-iot,D90,Điểm thi THPT,2021,26.5,Hệ thống nhúng và IoT
142135,SPK,he-thong-nhung-va-iot,A00,Điểm học bạ,2022,28.75,Hệ thống nhúng và IoT
142136,SPK,he-thong-nhung-va-iot,A01,Điểm học bạ,2022,28.75,Hệ thống nhúng và IoT
142137,SPK,he-thong-nhung-va-iot,D01,Điểm học bạ,2022,28.75,Hệ thống nhúng và IoT
142138,SPK,he-thong-nhung-va-iot,D90,Điểm học bạ,2022,28.75,Hệ thống nhúng và IoT
142139,SPK,he-thong-nhung-va-iot,A00,Điểm thi THPT,2022,24.75,Hệ thống những và IoT
142140,SPK,he-thong-nhung-va-iot,A01,Điểm thi THPT,2022,24.75,Hệ thống những và IoT
142141,SPK,he-thong-nhung-va-iot,D01,Điểm thi THPT,2022,24.75,Hệ thống những và IoT
142142,SPK,he-thong-nhung-va-iot,D90,Điểm thi THPT,2022,24.75,Hệ thống những và IoT
142143,SPK,he-thong-nhung-va-iot,A00,Điểm học bạ,2023,27.0,Hệ thống nhúng và IoT
142144,SPK,he-thong-nhung-va-iot,A01,Điểm học bạ,2023,27.0,Hệ thống nhúng và IoT
142145,SPK,he-thong-nhung-va-iot,D01,Điểm học bạ,2023,27.0,Hệ thống nhúng và IoT
142146,SPK,he-thong-nhung-va-iot,D90,Điểm học bạ,2023,27.0,Hệ thống nhúng và IoT
142147,SPK,he-thong-nhung-va-iot,A00,Điểm thi THPT,2023,25.8,Hệ thống nhúng và IoT
142148,SPK,he-thong-nhung-va-iot,A01,Điểm thi THPT,2023,25.8,Hệ thống nhúng và IoT
142149,SPK,he-thong-nhung-va-iot,D01,Điểm thi THPT,2023,25.8,Hệ thống nhúng và IoT
142150,SPK,he-thong-nhung-va-iot,D90,Điểm thi THPT,2023,25.8,Hệ thống nhúng và IoT
142151,SPK,he-thong-nhung-va-iot,A00,Điểm thi THPT,2024,25.65,Hệ thống nhúng và IoT (đào tạo bằng tiếng Việt)
142152,SPK,he-thong-nhung-va-iot,A01,Điểm thi THPT,2024,25.65,Hệ thống nhúng và IoT (đào tạo bằng tiếng Việt)
142153,SPK,he-thong-nhung-va-iot,D01,Điểm thi THPT,2024,25.65,Hệ thống nhúng và IoT (đào tạo bằng tiếng Việt)
142154,SPK,he-thong-nhung-va-iot,D90,Điểm thi THPT,2024,25.65,Hệ thống nhúng và IoT (đào tạo bằng tiếng Việt)
142155,SPK,he-thong-nhung-va-iot,A00,Điểm học bạ,2025,27.63,Hệ thống nhúng và IoT (đào tạo bằng tiếng Việt)
142156,SPK,he-thong-nhung-va-iot,A01,Điểm học bạ,2025,27.63,Hệ thống nhúng và IoT (đào tạo bằng tiếng Việt)
142157,SPK,he-thong-nhung-va-iot,C01,Điểm học bạ,2025,27.63,Hệ thống nhúng và IoT (đào tạo bằng tiếng Việt)
142158,SPK,he-thong-nhung-va-iot,D01,Điểm học bạ,2025,27.63,Hệ thống nhúng và IoT (đào tạo bằng tiếng Việt)
142159,SPK,he-thong-nhung-va-iot,A00,Điểm thi THPT,2025,25.9,Hệ thống nhúng và IoT (đào tạo bằng tiếng Việt)
142160,SPK,he-thong-nhung-va-iot,A01,Điểm thi THPT,2025,26.88,Hệ thống nhúng và IoT (đào tạo bằng tiếng Việt)
142161,SPK,he-thong-nhung-va-iot,C01,Điểm thi THPT,2025,25.12,Hệ thống nhúng và IoT (đào tạo bằng tiếng Việt)
142162,SPK,he-thong-nhung-va-iot,D01,Điểm thi THPT,2025,27.28,Hệ thống nhúng và IoT (đào tạo bằng tiếng Việt)
142163,SPK,he-thong-nhung-va-lot,A00,Điểm học bạ,2024,25.15,Hệ thống nhúng và loT (Tiêng Việt)
142164,SPK,he-thong-nhung-va-lot,A01,Điểm học bạ,2024,25.15,Hệ thống nhúng và loT (Tiêng Việt)
142165,SPK,he-thong-nhung-va-lot,D01,Điểm học bạ,2024,25.15,Hệ thống nhúng và loT (Tiêng Việt)
142166,SPK,he-thong-nhung-va-lot,D90,Điểm học bạ,2024,25.15,Hệ thống nhúng và loT (Tiêng Việt)
142167,SPK,he-thong-nhung-va-lot,D96,Điểm học bạ,2024,25.15,Hệ thống nhúng và loT (Tiêng Việt)
142168,SPK,ke-toan,A00,Điểm học bạ,2021,23.0,Kế toán (CLC tiếng Việt)
142169,SPK,ke-toan,A01,Điểm học bạ,2021,23.0,Kế toán (CLC tiếng Việt)
142170,SPK,ke-toan,D01,Điểm học bạ,2021,23.0,Kế toán (CLC tiếng Việt)
142171,SPK,ke-toan,D90,Điểm học bạ,2021,23.0,Kế toán (CLC tiếng Việt)
142172,SPK,ke-toan,A00,Điểm thi THPT,2021,24.75,Kế toán
142173,SPK,ke-toan,A01,Điểm thi THPT,2021,25.25,Kế toán
142174,SPK,ke-toan,D01,Điểm thi THPT,2021,25.25,Kế toán
142175,SPK,ke-toan,D90,Điểm thi THPT,2021,25.25,Kế toán
142176,SPK,ke-toan,A00,Điểm học bạ,2022,29.25,Kế toán
142177,SPK,ke-toan,A01,Điểm học bạ,2022,29.25,Kế toán
142178,SPK,ke-toan,D01,Điểm học bạ,2022,29.25,Kế toán
142179,SPK,ke-toan,D90,Điểm học bạ,2022,29.25,Kế toán
142180,SPK,ke-toan,A00,Điểm thi THPT,2022,25.0,Kế toán
142181,SPK,ke-toan,A01,Điểm thi THPT,2022,25.0,Kế toán
142182,SPK,ke-toan,D01,Điểm thi THPT,2022,25.0,Kế toán
142183,SPK,ke-toan,D90,Điểm thi THPT,2022,25.0,Kế toán
142184,SPK,ke-toan,A00,Điểm học bạ,2023,25.5,Kế toán
142185,SPK,ke-toan,A01,Điểm học bạ,2023,25.5,Kế toán
142186,SPK,ke-toan,D01,Điểm học bạ,2023,25.5,Kế toán
142187,SPK,ke-toan,D90,Điểm học bạ,2023,25.5,Kế toán
142188,SPK,ke-toan,A00,Điểm thi THPT,2023,26.0,Kế toán
142189,SPK,ke-toan,A01,Điểm thi THPT,2023,26.0,Kế toán
142190,SPK,ke-toan,D01,Điểm thi THPT,2023,26.0,Kế toán
142191,SPK,ke-toan,D90,Điểm thi THPT,2023,26.0,Kế toán
142192,SPK,ke-toan,A00,Điểm học bạ,2024,23.5,Kế toán (Tiếng Việt)
142193,SPK,ke-toan,A01,Điểm học bạ,2024,23.5,Kế toán (Tiếng Việt)
142194,SPK,ke-toan,D01,Điểm học bạ,2024,23.5,Kế toán (Tiếng Việt)
142195,SPK,ke-toan,D90,Điểm học bạ,2024,23.5,Kế toán (Tiếng Việt)
142196,SPK,ke-toan,D96,Điểm học bạ,2024,23.5,Kế toán (Tiếng Việt)
142197,SPK,ke-toan,A00,Điểm thi THPT,2024,22.75,Kế toán (đào tạo bằng tiếng Việt)
142198,SPK,ke-toan,A01,Điểm thi THPT,2024,22.75,Kế toán (đào tạo bằng tiếng Việt)
142199,SPK,ke-toan,D01,Điểm thi THPT,2024,22.75,Kế toán (đào tạo bằng tiếng Việt)
142200,SPK,ke-toan,D90,Điểm thi THPT,2024,22.75,Kế toán (đào tạo bằng tiếng Việt)
142201,SPK,ke-toan,A00,Điểm học bạ,2025,26.22,Kế toán (đào tạo bằng tiếng Anh)
142202,SPK,ke-toan,A01,Điểm học bạ,2025,26.22,Kế toán (đào tạo bằng tiếng Anh)
142203,SPK,ke-toan,C01,Điểm học bạ,2025,26.22,Kế toán (đào tạo bằng tiếng Anh)
142204,SPK,ke-toan,D01,Điểm học bạ,2025,26.22,Kế toán (đào tạo bằng tiếng Anh)
142205,SPK,ke-toan,A00,Điểm thi THPT,2025,23.65,Kế toán (đào tạo bằng tiếng Anh)
142206,SPK,ke-toan,A01,Điểm thi THPT,2025,24.63,Kế toán (đào tạo bằng tiếng Anh)
142207,SPK,ke-toan,C01,Điểm thi THPT,2025,22.87,Kế toán (đào tạo bằng tiếng Anh)
142208,SPK,ke-toan,D01,Điểm thi THPT,2025,25.03,Kế toán (đào tạo bằng tiếng Anh)
142209,SPK,ke-toan-quoc-te,A00,Điểm thi THPT,2021,16.0,Kế toán quốc tế ( Northampton - Anh)
142210,SPK,ke-toan-quoc-te,A01,Điểm thi THPT,2021,16.0,Kế toán quốc tế ( Northampton - Anh)
142211,SPK,ke-toan-quoc-te,D01,Điểm thi THPT,2021,16.0,Kế toán quốc tế ( Northampton - Anh)
142212,SPK,ke-toan-quoc-te,D90,Điểm thi THPT,2021,16.0,Kế toán quốc tế ( Northampton - Anh)
142213,SPK,ke-toan-va-quan-tri-tai-chinh,A00,Điểm thi THPT,2021,16.0,Kế toán và quản trị tài chính (Sunderland - Anh)
142214,SPK,ke-toan-va-quan-tri-tai-chinh,A01,Điểm thi THPT,2021,16.0,Kế toán và quản trị tài chính (Sunderland - Anh)
142215,SPK,ke-toan-va-quan-tri-tai-chinh,D01,Điểm thi THPT,2021,16.0,Kế toán và quản trị tài chính (Sunderland - Anh)
142216,SPK,ke-toan-va-quan-tri-tai-chinh,D90,Điểm thi THPT,2021,16.0,Kế toán và quản trị tài chính (Sunderland - Anh)
142217,SPK,kien-truc,V03,Điểm thi THPT,2021,22.5,Kiến trúc
142218,SPK,kien-truc,V04,Điểm thi THPT,2021,22.5,Kiến trúc
142219,SPK,kien-truc,V05,Điểm thi THPT,2021,23.0,Kiến trúc
142220,SPK,kien-truc,V06,Điểm thi THPT,2021,23.0,Kiến trúc
142221,SPK,kien-truc,V03,Điểm học bạ,2022,23.0,Kiến trúc
142222,SPK,kien-truc,V04,Điểm học bạ,2022,23.0,Kiến trúc
142223,SPK,kien-truc,V05,Điểm học bạ,2022,23.0,Kiến trúc
142224,SPK,kien-truc,V06,Điểm học bạ,2022,23.0,Kiến trúc
142225,SPK,kien-truc,V03,Điểm thi THPT,2022,22.0,Kiến trúc
142226,SPK,kien-truc,V04,Điểm thi THPT,2022,22.0,Kiến trúc
142227,SPK,kien-truc,V05,Điểm thi THPT,2022,22.0,Kiến trúc
142228,SPK,kien-truc,V06,Điểm thi THPT,2022,22.0,Kiến trúc
142229,SPK,kien-truc,V03,Điểm học bạ,2023,23.0,Kiến trúc
142230,SPK,kien-truc,V04,Điểm học bạ,2023,23.0,Kiến trúc
142231,SPK,kien-truc,V05,Điểm học bạ,2023,23.0,Kiến trúc
142232,SPK,kien-truc,V06,Điểm học bạ,2023,23.0,Kiến trúc
142233,SPK,kien-truc,V03,Điểm thi THPT,2023,23.33,Kiến trúc
142234,SPK,kien-truc,V04,Điểm thi THPT,2023,23.33,Kiến trúc
142235,SPK,kien-truc,V05,Điểm thi THPT,2023,23.33,Kiến trúc
142236,SPK,kien-truc,V06,Điểm thi THPT,2023,23.33,Kiến trúc
142237,SPK,kien-truc,V03,Điểm thi THPT,2024,22.97,Kiến trúc (đào tạo bằng tiếng Việt)
142238,SPK,kien-truc,V04,Điểm thi THPT,2024,22.97,Kiến trúc (đào tạo bằng tiếng Việt)
142239,SPK,kien-truc,V05,Điểm thi THPT,2024,22.97,Kiến trúc (đào tạo bằng tiếng Việt)
142240,SPK,kien-truc,V06,Điểm thi THPT,2024,22.97,Kiến trúc (đào tạo bằng tiếng Việt)
142241,SPK,kien-truc,V03,Điểm học bạ,2025,24.63,Kiến trúc (đào tạo bằng tiếng Việt)
142242,SPK,kien-truc,V04,Điểm học bạ,2025,24.63,Kiến trúc (đào tạo bằng tiếng Việt)
142243,SPK,kien-truc,V05,Điểm học bạ,2025,24.63,Kiến trúc (đào tạo bằng tiếng Việt)
142244,SPK,kien-truc,V06,Điểm học bạ,2025,24.63,Kiến trúc (đào tạo bằng tiếng Việt)
142245,SPK,kien-truc,V12,Điểm học bạ,2025,24.63,Kiến trúc (đào tạo bằng tiếng Việt)
142246,SPK,kien-truc,V03,Điểm thi THPT,2025,21.75,Kiến trúc (đào tạo bằng tiếng Việt)
142247,SPK,kien-truc,V04,Điểm thi THPT,2025,21.35,Kiến trúc (đào tạo bằng tiếng Việt)
142248,SPK,kien-truc,V05,Điểm thi THPT,2025,23.1,Kiến trúc (đào tạo bằng tiếng Việt)
142249,SPK,kien-truc,V06,Điểm thi THPT,2025,22.1,Kiến trúc (đào tạo bằng tiếng Việt)
142250,SPK,kien-truc,V12,Điểm thi THPT,2025,21.75,Kiến trúc (đào tạo bằng tiếng Việt)
142251,SPK,kien-truc-noi-that,V03,Điểm thi THPT,2021,22.5,Kiến trúc nội thất
142252,SPK,kien-truc-noi-that,V04,Điểm thi THPT,2021,22.5,Kiến trúc nội thất
142253,SPK,kien-truc-noi-that,V05,Điểm thi THPT,2021,23.0,Kiến trúc nội thất
142254,SPK,kien-truc-noi-that,V06,Điểm thi THPT,2021,23.0,Kiến trúc nội thất
142255,SPK,kien-truc-noi-that,V03,Điểm học bạ,2022,22.25,Kiến trúc nội thất
142256,SPK,kien-truc-noi-that,V04,Điểm học bạ,2022,22.25,Kiến trúc nội thất
142257,SPK,kien-truc-noi-that,V05,Điểm học bạ,2022,22.25,Kiến trúc nội thất
142258,SPK,kien-truc-noi-that,V06,Điểm học bạ,2022,22.25,Kiến trúc nội thất
142259,SPK,kien-truc-noi-that,V03,Điểm thi THPT,2022,21.5,Kiến trúc nội thất
142260,SPK,kien-truc-noi-that,V04,Điểm thi THPT,2022,21.5,Kiến trúc nội thất
142261,SPK,kien-truc-noi-that,V05,Điểm thi THPT,2022,21.5,Kiến trúc nội thất
142262,SPK,kien-truc-noi-that,V06,Điểm thi THPT,2022,21.5,Kiến trúc nội thất
142263,SPK,kien-truc-noi-that,V03,Điểm học bạ,2023,21.0,Kiến trúc nội thất
142264,SPK,kien-truc-noi-that,V04,Điểm học bạ,2023,21.0,Kiến trúc nội thất
142265,SPK,kien-truc-noi-that,V05,Điểm học bạ,2023,21.0,Kiến trúc nội thất
142266,SPK,kien-truc-noi-that,V06,Điểm học bạ,2023,21.0,Kiến trúc nội thất
142267,SPK,kien-truc-noi-that,V03,Điểm thi THPT,2023,24.2,Kiến trúc nội thất
142268,SPK,kien-truc-noi-that,V04,Điểm thi THPT,2023,24.2,Kiến trúc nội thất
142269,SPK,kien-truc-noi-that,V05,Điểm thi THPT,2023,24.2,Kiến trúc nội thất
142270,SPK,kien-truc-noi-that,V06,Điểm thi THPT,2023,24.2,Kiến trúc nội thất
142271,SPK,kien-truc-noi-that,V03,Điểm thi THPT,2024,22.77,Kiến trúc nội thất (đào tạo bằng tiếng Việt)
142272,SPK,kien-truc-noi-that,V04,Điểm thi THPT,2024,22.77,Kiến trúc nội thất (đào tạo bằng tiếng Việt)
142273,SPK,kien-truc-noi-that,V05,Điểm thi THPT,2024,22.77,Kiến trúc nội thất (đào tạo bằng tiếng Việt)
142274,SPK,kien-truc-noi-that,V06,Điểm thi THPT,2024,22.77,Kiến trúc nội thất (đào tạo bằng tiếng Việt)
142275,SPK,kien-truc-noi-that,V03,Điểm học bạ,2025,24.06,Kiến trúc nội thất (đào tạo bằng tiếng Việt)
142276,SPK,kien-truc-noi-that,V04,Điểm học bạ,2025,24.06,Kiến trúc nội thất (đào tạo bằng tiếng Việt)
142277,SPK,kien-truc-noi-that,V05,Điểm học bạ,2025,24.06,Kiến trúc nội thất (đào tạo bằng tiếng Việt)
142278,SPK,kien-truc-noi-that,V06,Điểm học bạ,2025,24.06,Kiến trúc nội thất (đào tạo bằng tiếng Việt)
142279,SPK,kien-truc-noi-that,V12,Điểm học bạ,2025,24.06,Kiến trúc nội thất (đào tạo bằng tiếng Việt)
142280,SPK,kien-truc-noi-that,V03,Điểm thi THPT,2025,21.2,Kiến trúc nội thất (đào tạo bằng tiếng Việt)
142281,SPK,kien-truc-noi-that,V04,Điểm thi THPT,2025,20.8,Kiến trúc nội thất (đào tạo bằng tiếng Việt)
142282,SPK,kien-truc-noi-that,V05,Điểm thi THPT,2025,22.55,Kiến trúc nội thất (đào tạo bằng tiếng Việt)
142283,SPK,kien-truc-noi-that,V06,Điểm thi THPT,2025,21.55,Kiến trúc nội thất (đào tạo bằng tiếng Việt)
142284,SPK,kien-truc-noi-that,V12,Điểm thi THPT,2025,21.2,Kiến trúc nội thất (đào tạo bằng tiếng Việt)
142285,SPK,kinh-doanh-quoc-te,A00,Điểm học bạ,2021,28.75,Kinh doanh Quốc tế (Đại trà)
142286,SPK,kinh-doanh-quoc-te,A01,Điểm học bạ,2021,28.75,Kinh doanh Quốc tế (Đại trà)
142287,SPK,kinh-doanh-quoc-te,D01,Điểm học bạ,2021,28.75,Kinh doanh Quốc tế (Đại trà)
142288,SPK,kinh-doanh-quoc-te,D90,Điểm học bạ,2021,28.75,Kinh doanh Quốc tế (Đại trà)
142289,SPK,kinh-doanh-quoc-te,A00,Điểm thi THPT,2021,25.25,Kinh doanh quốc tế
142290,SPK,kinh-doanh-quoc-te,A01,Điểm thi THPT,2021,25.75,Kinh doanh quốc tế
142291,SPK,kinh-doanh-quoc-te,D01,Điểm thi THPT,2021,25.75,Kinh doanh quốc tế
142292,SPK,kinh-doanh-quoc-te,D90,Điểm thi THPT,2021,25.75,Kinh doanh quốc tế
142293,SPK,kinh-doanh-quoc-te,A00,Điểm học bạ,2022,29.75,Kinh doanh quốc tế
142294,SPK,kinh-doanh-quoc-te,A01,Điểm học bạ,2022,29.75,Kinh doanh quốc tế
142295,SPK,kinh-doanh-quoc-te,D01,Điểm học bạ,2022,29.75,Kinh doanh quốc tế
142296,SPK,kinh-doanh-quoc-te,D90,Điểm học bạ,2022,29.75,Kinh doanh quốc tế
142297,SPK,kinh-doanh-quoc-te,A00,Điểm thi THPT,2022,25.25,Kinh doanh quốc tế
142298,SPK,kinh-doanh-quoc-te,A01,Điểm thi THPT,2022,25.25,Kinh doanh quốc tế
142299,SPK,kinh-doanh-quoc-te,D01,Điểm thi THPT,2022,25.25,Kinh doanh quốc tế
142300,SPK,kinh-doanh-quoc-te,D90,Điểm thi THPT,2022,25.25,Kinh doanh quốc tế
142301,SPK,kinh-doanh-quoc-te,A00,Điểm học bạ,2023,27.0,Kinh doanh Quốc tế
142302,SPK,kinh-doanh-quoc-te,A01,Điểm học bạ,2023,27.0,Kinh doanh Quốc tế
142303,SPK,kinh-doanh-quoc-te,D01,Điểm học bạ,2023,27.0,Kinh doanh Quốc tế
142304,SPK,kinh-doanh-quoc-te,D90,Điểm học bạ,2023,27.0,Kinh doanh Quốc tế
142305,SPK,kinh-doanh-quoc-te,A00,Điểm thi THPT,2023,27.25,Kinh doanh Quốc tế
142306,SPK,kinh-doanh-quoc-te,A01,Điểm thi THPT,2023,27.25,Kinh doanh Quốc tế
142307,SPK,kinh-doanh-quoc-te,D01,Điểm thi THPT,2023,27.25,Kinh doanh Quốc tế
142308,SPK,kinh-doanh-quoc-te,D90,Điểm thi THPT,2023,27.25,Kinh doanh Quốc tế
142309,SPK,kinh-doanh-quoc-te,A00,Điểm học bạ,2024,25.0,Kinh doanh quốc tế (Tiếng Việt)
142310,SPK,kinh-doanh-quoc-te,A01,Điểm học bạ,2024,25.0,Kinh doanh quốc tế (Tiếng Việt)
142311,SPK,kinh-doanh-quoc-te,D01,Điểm học bạ,2024,25.0,Kinh doanh quốc tế (Tiếng Việt)
142312,SPK,kinh-doanh-quoc-te,D90,Điểm học bạ,2024,25.0,Kinh doanh quốc tế (Tiếng Việt)
142313,SPK,kinh-doanh-quoc-te,D96,Điểm học bạ,2024,25.0,Kinh doanh quốc tế (Tiếng Việt)
142314,SPK,kinh-doanh-quoc-te,A00,Điểm thi THPT,2024,22.75,Kinh doanh Quốc tế (đào tạo bằng tiếng Việt)
142315,SPK,kinh-doanh-quoc-te,A01,Điểm thi THPT,2024,22.75,Kinh doanh Quốc tế (đào tạo bằng tiếng Việt)
142316,SPK,kinh-doanh-quoc-te,D01,Điểm thi THPT,2024,22.75,Kinh doanh Quốc tế (đào tạo bằng tiếng Việt)
142317,SPK,kinh-doanh-quoc-te,D90,Điểm thi THPT,2024,22.75,Kinh doanh Quốc tế (đào tạo bằng tiếng Việt)
142318,SPK,kinh-doanh-quoc-te,A00,Điểm học bạ,2025,26.81,Kinh doanh Quốc tế (đào tạo tại phân hiệu Bình Phước)
142319,SPK,kinh-doanh-quoc-te,A01,Điểm học bạ,2025,26.81,Kinh doanh Quốc tế (đào tạo tại phân hiệu Bình Phước)
142320,SPK,kinh-doanh-quoc-te,C01,Điểm học bạ,2025,26.81,Kinh doanh Quốc tế (đào tạo tại phân hiệu Bình Phước)
142321,SPK,kinh-doanh-quoc-te,D01,Điểm học bạ,2025,26.81,Kinh doanh Quốc tế (đào tạo tại phân hiệu Bình Phước)
142322,SPK,kinh-doanh-quoc-te,A00,Điểm thi THPT,2025,24.5,Kinh doanh Quốc tế (đào tạo tại phân hiệu Bình Phước)
142323,SPK,kinh-doanh-quoc-te,A01,Điểm thi THPT,2025,25.48,Kinh doanh Quốc tế (đào tạo tại phân hiệu Bình Phước)
142324,SPK,kinh-doanh-quoc-te,C01,Điểm thi THPT,2025,23.72,Kinh doanh Quốc tế (đào tạo tại phân hiệu Bình Phước)
142325,SPK,kinh-doanh-quoc-te,D01,Điểm thi THPT,2025,25.88,Kinh doanh Quốc tế (đào tạo tại phân hiệu Bình Phước)
142326,SPK,ky-nghe-go-va-noi-that,A00,Điểm học bạ,2021,22.0,Kỹ nghệ gỗ và nội thất (Đại trà)
142327,SPK,ky-nghe-go-va-noi-that,A01,Điểm học bạ,2021,22.0,Kỹ nghệ gỗ và nội thất (Đại trà)
142328,SPK,ky-nghe-go-va-noi-that,D01,Điểm học bạ,2021,22.0,Kỹ nghệ gỗ và nội thất (Đại trà)
142329,SPK,ky-nghe-go-va-noi-that,D90,Điểm học bạ,2021,22.0,Kỹ nghệ gỗ và nội thất (Đại trà)
142330,SPK,ky-nghe-go-va-noi-that,A00,Điểm học bạ,2024,22.5,Kỹ nghệ gỗ và nội thất (Tiếng Việt)
142331,SPK,ky-nghe-go-va-noi-that,A01,Điểm học bạ,2024,22.5,Kỹ nghệ gỗ và nội thất (Tiếng Việt)
142332,SPK,ky-nghe-go-va-noi-that,D01,Điểm học bạ,2024,22.5,Kỹ nghệ gỗ và nội thất (Tiếng Việt)
142333,SPK,ky-nghe-go-va-noi-that,D90,Điểm học bạ,2024,22.5,Kỹ nghệ gỗ và nội thất (Tiếng Việt)
142334,SPK,ky-nghe-go-va-noi-that,D96,Điểm học bạ,2024,22.5,Kỹ nghệ gỗ và nội thất (Tiếng Việt)
142335,SPK,ky-nghe-go-va-noi-that,A00,Điểm thi THPT,2024,20.5,Kỹ nghệ gỗ và nội thất (đào tạo bằng tiếng Việt)
142336,SPK,ky-nghe-go-va-noi-that,A01,Điểm thi THPT,2024,20.5,Kỹ nghệ gỗ và nội thất (đào tạo bằng tiếng Việt)
142337,SPK,ky-nghe-go-va-noi-that,D01,Điểm thi THPT,2024,20.5,Kỹ nghệ gỗ và nội thất (đào tạo bằng tiếng Việt)
142338,SPK,ky-nghe-go-va-noi-that,D90,Điểm thi THPT,2024,20.5,Kỹ nghệ gỗ và nội thất (đào tạo bằng tiếng Việt)
142339,SPK,ky-nghe-go-va-noi-that,A00,Điểm học bạ,2025,23.96,Kỹ nghệ gỗ và nội thất (đào tạo bằng tiếng Việt)
142340,SPK,ky-nghe-go-va-noi-that,A01,Điểm học bạ,2025,23.96,Kỹ nghệ gỗ và nội thất (đào tạo bằng tiếng Việt)
142341,SPK,ky-nghe-go-va-noi-that,C01,Điểm học bạ,2025,23.96,Kỹ nghệ gỗ và nội thất (đào tạo bằng tiếng Việt)
142342,SPK,ky-nghe-go-va-noi-that,D01,Điểm học bạ,2025,23.96,Kỹ nghệ gỗ và nội thất (đào tạo bằng tiếng Việt)
142343,SPK,ky-nghe-go-va-noi-that,A00,Điểm thi THPT,2025,21.1,Kỹ nghệ gỗ và nội thất (đào tạo bằng tiếng Việt)
142344,SPK,ky-nghe-go-va-noi-that,A01,Điểm thi THPT,2025,22.08,Kỹ nghệ gỗ và nội thất (đào tạo bằng tiếng Việt)
142345,SPK,ky-nghe-go-va-noi-that,C01,Điểm thi THPT,2025,20.32,Kỹ nghệ gỗ và nội thất (đào tạo bằng tiếng Việt)
142346,SPK,ky-nghe-go-va-noi-that,D01,Điểm thi THPT,2025,22.48,Kỹ nghệ gỗ và nội thất (đào tạo bằng tiếng Việt)
142347,SPK,ky-thuat-che-tao-may-va-cong-nghiep,A00,Điểm thi THPT,2021,16.0,Kỹ thuật chế tạo máy và công nghiệp (Kettering - Mỹ)
142348,SPK,ky-thuat-che-tao-may-va-cong-nghiep,A01,Điểm thi THPT,2021,16.0,Kỹ thuật chế tạo máy và công nghiệp (Kettering - Mỹ)
142349,SPK,ky-thuat-che-tao-may-va-cong-nghiep,D01,Điểm thi THPT,2021,16.0,Kỹ thuật chế tạo máy và công nghiệp (Kettering - Mỹ)
142350,SPK,ky-thuat-che-tao-may-va-cong-nghiep,D90,Điểm thi THPT,2021,16.0,Kỹ thuật chế tạo máy và công nghiệp (Kettering - Mỹ)
142351,SPK,ky-thuat-co-dien-tu,A00,Điểm thi THPT,2021,16.0,Kỹ thuật cơ điện tử (Middlesex - Anh)
142352,SPK,ky-thuat-co-dien-tu,A01,Điểm thi THPT,2021,16.0,Kỹ thuật cơ điện tử (Middlesex - Anh)
142353,SPK,ky-thuat-co-dien-tu,D01,Điểm thi THPT,2021,16.0,Kỹ thuật cơ điện tử (Middlesex - Anh)
142354,SPK,ky-thuat-co-dien-tu,D90,Điểm thi THPT,2021,16.0,Kỹ thuật cơ điện tử (Middlesex - Anh)
142355,SPK,ky-thuat-co-khi,A00,Điểm thi THPT,2021,16.0,Kỹ thuật cơ khí (Kettering - Mỹ)
142356,SPK,ky-thuat-co-khi,A01,Điểm thi THPT,2021,16.0,Kỹ thuật cơ khí (Kettering - Mỹ)
142357,SPK,ky-thuat-co-khi,D01,Điểm thi THPT,2021,16.0,Kỹ thuật cơ khí (Kettering - Mỹ)
142358,SPK,ky-thuat-co-khi,D90,Điểm thi THPT,2021,16.0,Kỹ thuật cơ khí (Kettering - Mỹ)
142359,SPK,ky-thuat-cong-nghiep,A00,Điểm học bạ,2021,22.5,Kỹ thuật công nghiệp (Đại trà)
142360,SPK,ky-thuat-cong-nghiep,A01,Điểm học bạ,2021,22.5,Kỹ thuật công nghiệp (Đại trà)
142361,SPK,ky-thuat-cong-nghiep,D01,Điểm học bạ,2021,22.5,Kỹ thuật công nghiệp (Đại trà)
142362,SPK,ky-thuat-cong-nghiep,D90,Điểm học bạ,2021,22.5,Kỹ thuật công nghiệp (Đại trà)
142363,SPK,ky-thuat-cong-nghiep,A00,Điểm thi THPT,2021,24.75,Kỹ thuật công nghiệp
142364,SPK,ky-thuat-cong-nghiep,A01,Điểm thi THPT,2021,25.25,Kỹ thuật công nghiệp
142365,SPK,ky-thuat-cong-nghiep,D01,Điểm thi THPT,2021,25.25,Kỹ thuật công nghiệp
142366,SPK,ky-thuat-cong-nghiep,D90,Điểm thi THPT,2021,25.25,Kỹ thuật công nghiệp
142367,SPK,ky-thuat-cong-nghiep,A00,Điểm học bạ,2022,25.5,Kỹ thuật công nghiệp
142368,SPK,ky-thuat-cong-nghiep,A01,Điểm học bạ,2022,25.5,Kỹ thuật công nghiệp
142369,SPK,ky-thuat-cong-nghiep,D01,Điểm học bạ,2022,25.5,Kỹ thuật công nghiệp
142370,SPK,ky-thuat-cong-nghiep,D90,Điểm học bạ,2022,25.5,Kỹ thuật công nghiệp
142371,SPK,ky-thuat-cong-nghiep,A00,Điểm thi THPT,2022,17.0,Kỹ thuật công nghiệp
142372,SPK,ky-thuat-cong-nghiep,A01,Điểm thi THPT,2022,17.0,Kỹ thuật công nghiệp
142373,SPK,ky-thuat-cong-nghiep,D01,Điểm thi THPT,2022,17.0,Kỹ thuật công nghiệp
142374,SPK,ky-thuat-cong-nghiep,D90,Điểm thi THPT,2022,17.0,Kỹ thuật công nghiệp
142375,SPK,ky-thuat-cong-nghiep,A00,Điểm học bạ,2023,20.5,Kỹ thuật công nghiệp
142376,SPK,ky-thuat-cong-nghiep,A01,Điểm học bạ,2023,20.5,Kỹ thuật công nghiệp
142377,SPK,ky-thuat-cong-nghiep,D01,Điểm học bạ,2023,20.5,Kỹ thuật công nghiệp
142378,SPK,ky-thuat-cong-nghiep,D90,Điểm học bạ,2023,20.5,Kỹ thuật công nghiệp
142379,SPK,ky-thuat-cong-nghiep,A00,Điểm thi THPT,2023,22.3,Kỹ thuật công nghiệp
142380,SPK,ky-thuat-cong-nghiep,A01,Điểm thi THPT,2023,22.3,Kỹ thuật công nghiệp
142381,SPK,ky-thuat-cong-nghiep,D01,Điểm thi THPT,2023,22.3,Kỹ thuật công nghiệp
142382,SPK,ky-thuat-cong-nghiep,D90,Điểm thi THPT,2023,22.3,Kỹ thuật công nghiệp
142383,SPK,ky-thuat-cong-nghiep,A00,Điểm học bạ,2024,22.5,Kỹ thuật công nghiệp (Tiếng Việt)
142384,SPK,ky-thuat-cong-nghiep,A01,Điểm học bạ,2024,22.5,Kỹ thuật công nghiệp (Tiếng Việt)
142385,SPK,ky-thuat-cong-nghiep,D01,Điểm học bạ,2024,22.5,Kỹ thuật công nghiệp (Tiếng Việt)
142386,SPK,ky-thuat-cong-nghiep,D90,Điểm học bạ,2024,22.5,Kỹ thuật công nghiệp (Tiếng Việt)
142387,SPK,ky-thuat-cong-nghiep,D96,Điểm học bạ,2024,22.5,Kỹ thuật công nghiệp (Tiếng Việt)
142388,SPK,ky-thuat-cong-nghiep,A00,Điểm thi THPT,2024,23.88,Kỹ thuật công nghiệp (đào tạo bằng tiếng Việt)
142389,SPK,ky-thuat-cong-nghiep,A01,Điểm thi THPT,2024,23.88,Kỹ thuật công nghiệp (đào tạo bằng tiếng Việt)
142390,SPK,ky-thuat-cong-nghiep,D01,Điểm thi THPT,2024,23.88,Kỹ thuật công nghiệp (đào tạo bằng tiếng Việt)
142391,SPK,ky-thuat-cong-nghiep,D90,Điểm thi THPT,2024,23.88,Kỹ thuật công nghiệp (đào tạo bằng tiếng Việt)
142392,SPK,ky-thuat-cong-nghiep,A00,Điểm học bạ,2025,26.53,Kỹ thuật công nghiệp (đào tạo bằng tiếng Việt)
142393,SPK,ky-thuat-cong-nghiep,A01,Điểm học bạ,2025,26.53,Kỹ thuật công nghiệp (đào tạo bằng tiếng Việt)
142394,SPK,ky-thuat-cong-nghiep,C01,Điểm học bạ,2025,26.53,Kỹ thuật công nghiệp (đào tạo bằng tiếng Việt)
142395,SPK,ky-thuat-cong-nghiep,D01,Điểm học bạ,2025,26.53,Kỹ thuật công nghiệp (đào tạo bằng tiếng Việt)
142396,SPK,ky-thuat-cong-nghiep,A00,Điểm thi THPT,2025,24.1,Kỹ thuật công nghiệp (đào tạo bằng tiếng Việt)
142397,SPK,ky-thuat-cong-nghiep,A01,Điểm thi THPT,2025,25.08,Kỹ thuật công nghiệp (đào tạo bằng tiếng Việt)
142398,SPK,ky-thuat-cong-nghiep,C01,Điểm thi THPT,2025,23.32,Kỹ thuật công nghiệp (đào tạo bằng tiếng Việt)
142399,SPK,ky-thuat-cong-nghiep,D01,Điểm thi THPT,2025,25.48,Kỹ thuật công nghiệp (đào tạo bằng tiếng Việt)
142400,SPK,ky-thuat-cong-nghiep-dai-tra,A00,Điểm học bạ,2021,23.5,Kỹ thuật công nghiệp Đại trà)
142401,SPK,ky-thuat-cong-nghiep-dai-tra,A01,Điểm học bạ,2021,23.5,Kỹ thuật công nghiệp Đại trà)
142402,SPK,ky-thuat-cong-nghiep-dai-tra,D01,Điểm học bạ,2021,23.5,Kỹ thuật công nghiệp Đại trà)
142403,SPK,ky-thuat-cong-nghiep-dai-tra,D90,Điểm học bạ,2021,23.5,Kỹ thuật công nghiệp Đại trà)
142404,SPK,ky-thuat-dien-dien-tu,A00,Điểm thi THPT,2021,16.0,Kỹ thuật điện - điện tử (Sunderland - Anh)
142405,SPK,ky-thuat-dien-dien-tu,A01,Điểm thi THPT,2021,16.0,Kỹ thuật điện - điện tử (Sunderland - Anh)
142406,SPK,ky-thuat-dien-dien-tu,D01,Điểm thi THPT,2021,16.0,Kỹ thuật điện - điện tử (Sunderland - Anh)
142407,SPK,ky-thuat-dien-dien-tu,D90,Điểm thi THPT,2021,16.0,Kỹ thuật điện - điện tử (Sunderland - Anh)
142408,SPK,ky-thuat-du-lieu,A00,Điểm học bạ,2021,27.0,Kỹ thuật dữ liệu (Đại trà)
142409,SPK,ky-thuat-du-lieu,A01,Điểm học bạ,2021,27.0,Kỹ thuật dữ liệu (Đại trà)
142410,SPK,ky-thuat-du-lieu,D01,Điểm học bạ,2021,27.0,Kỹ thuật dữ liệu (Đại trà)
142411,SPK,ky-thuat-du-lieu,D90,Điểm học bạ,2021,27.0,Kỹ thuật dữ liệu (Đại trà)
142412,SPK,ky-thuat-du-lieu,A00,Điểm thi THPT,2021,26.25,Kỹ thuật dữ liệu
142413,SPK,ky-thuat-du-lieu,A01,Điểm thi THPT,2021,26.75,Kỹ thuật dữ liệu
142414,SPK,ky-thuat-du-lieu,D01,Điểm thi THPT,2021,26.75,Kỹ thuật dữ liệu
142415,SPK,ky-thuat-du-lieu,D90,Điểm thi THPT,2021,26.75,Kỹ thuật dữ liệu
142416,SPK,ky-thuat-du-lieu,A00,Điểm học bạ,2022,29.0,Kỹ thuật dữ liệu
142417,SPK,ky-thuat-du-lieu,A01,Điểm học bạ,2022,29.0,Kỹ thuật dữ liệu
142418,SPK,ky-thuat-du-lieu,D01,Điểm học bạ,2022,29.0,Kỹ thuật dữ liệu
142419,SPK,ky-thuat-du-lieu,D90,Điểm học bạ,2022,29.0,Kỹ thuật dữ liệu
142420,SPK,ky-thuat-du-lieu,A00,Điểm thi THPT,2022,26.1,Kỹ thuật dữ liệu
142421,SPK,ky-thuat-du-lieu,A01,Điểm thi THPT,2022,26.1,Kỹ thuật dữ liệu
142422,SPK,ky-thuat-du-lieu,D01,Điểm thi THPT,2022,26.1,Kỹ thuật dữ liệu
142423,SPK,ky-thuat-du-lieu,D90,Điểm thi THPT,2022,26.1,Kỹ thuật dữ liệu
142424,SPK,ky-thuat-du-lieu,A00,Điểm học bạ,2023,28.0,Kỹ thuật dữ liệu
142425,SPK,ky-thuat-du-lieu,A01,Điểm học bạ,2023,28.0,Kỹ thuật dữ liệu
142426,SPK,ky-thuat-du-lieu,D01,Điểm học bạ,2023,28.0,Kỹ thuật dữ liệu
142427,SPK,ky-thuat-du-lieu,D90,Điểm học bạ,2023,28.0,Kỹ thuật dữ liệu
142428,SPK,ky-thuat-du-lieu,A00,Điểm thi THPT,2023,26.81,Kỹ thuật dữ liệu
142429,SPK,ky-thuat-du-lieu,A01,Điểm thi THPT,2023,26.81,Kỹ thuật dữ liệu
142430,SPK,ky-thuat-du-lieu,D01,Điểm thi THPT,2023,26.81,Kỹ thuật dữ liệu
142431,SPK,ky-thuat-du-lieu,D90,Điểm thi THPT,2023,26.81,Kỹ thuật dữ liệu
142432,SPK,ky-thuat-du-lieu,A00,Điểm học bạ,2024,24.0,Kỹ thuật dữ liệu (Tiếng Việt)
142433,SPK,ky-thuat-du-lieu,A01,Điểm học bạ,2024,24.0,Kỹ thuật dữ liệu (Tiếng Việt)
142434,SPK,ky-thuat-du-lieu,D01,Điểm học bạ,2024,24.0,Kỹ thuật dữ liệu (Tiếng Việt)
142435,SPK,ky-thuat-du-lieu,D90,Điểm học bạ,2024,24.0,Kỹ thuật dữ liệu (Tiếng Việt)
142436,SPK,ky-thuat-du-lieu,D96,Điểm học bạ,2024,24.0,Kỹ thuật dữ liệu (Tiếng Việt)
142437,SPK,ky-thuat-du-lieu,A00,Điểm thi THPT,2024,24.05,Kỹ thuật dữ liệu (đào tạo bằng tiếng Việt)
142438,SPK,ky-thuat-du-lieu,A01,Điểm thi THPT,2024,24.05,Kỹ thuật dữ liệu (đào tạo bằng tiếng Việt)
142439,SPK,ky-thuat-du-lieu,D01,Điểm thi THPT,2024,24.05,Kỹ thuật dữ liệu (đào tạo bằng tiếng Việt)
142440,SPK,ky-thuat-du-lieu,D90,Điểm thi THPT,2024,24.05,Kỹ thuật dữ liệu (đào tạo bằng tiếng Việt)
142441,SPK,ky-thuat-du-lieu,A00,Điểm học bạ,2025,27.7,Kỹ thuật dữ liệu (đào tạo bằng tiếng Việt)
142442,SPK,ky-thuat-du-lieu,A01,Điểm học bạ,2025,27.7,Kỹ thuật dữ liệu (đào tạo bằng tiếng Việt)
142443,SPK,ky-thuat-du-lieu,C01,Điểm học bạ,2025,27.7,Kỹ thuật dữ liệu (đào tạo bằng tiếng Việt)
142444,SPK,ky-thuat-du-lieu,D01,Điểm học bạ,2025,27.7,Kỹ thuật dữ liệu (đào tạo bằng tiếng Việt)
142445,SPK,ky-thuat-du-lieu,A00,Điểm thi THPT,2025,26.1,Kỹ thuật dữ liệu (đào tạo bằng tiếng Việt)
142446,SPK,ky-thuat-du-lieu,A01,Điểm thi THPT,2025,27.08,Kỹ thuật dữ liệu (đào tạo bằng tiếng Việt)
142447,SPK,ky-thuat-du-lieu,C01,Điểm thi THPT,2025,25.32,Kỹ thuật dữ liệu (đào tạo bằng tiếng Việt)
142448,SPK,ky-thuat-du-lieu,D01,Điểm thi THPT,2025,27.48,Kỹ thuật dữ liệu (đào tạo bằng tiếng Việt)
142449,SPK,ky-thuat-go-va-noi-that,A00,Điểm thi THPT,2021,23.75,Kỹ thuật gỗ và nội thất
142450,SPK,ky-thuat-go-va-noi-that,A01,Điểm thi THPT,2021,24.25,Kỹ thuật gỗ và nội thất
142451,SPK,ky-thuat-go-va-noi-that,D01,Điểm thi THPT,2021,24.25,Kỹ thuật gỗ và nội thất
142452,SPK,ky-thuat-go-va-noi-that,D90,Điểm thi THPT,2021,24.25,Kỹ thuật gỗ và nội thất
142453,SPK,ky-thuat-go-va-noi-that,A00,Điểm học bạ,2022,24.0,Kỹ thuật gỗ và nội thất
142454,SPK,ky-thuat-go-va-noi-that,A01,Điểm học bạ,2022,24.0,Kỹ thuật gỗ và nội thất
142455,SPK,ky-thuat-go-va-noi-that,D01,Điểm học bạ,2022,24.0,Kỹ thuật gỗ và nội thất
142456,SPK,ky-thuat-go-va-noi-that,D90,Điểm học bạ,2022,24.0,Kỹ thuật gỗ và nội thất
142457,SPK,ky-thuat-go-va-noi-that,A00,Điểm thi THPT,2022,17.0,Kỹ thuật gỗ và nội thất
142458,SPK,ky-thuat-go-va-noi-that,A01,Điểm thi THPT,2022,17.0,Kỹ thuật gỗ và nội thất
142459,SPK,ky-thuat-go-va-noi-that,D01,Điểm thi THPT,2022,17.0,Kỹ thuật gỗ và nội thất
142460,SPK,ky-thuat-go-va-noi-that,D90,Điểm thi THPT,2022,17.0,Kỹ thuật gỗ và nội thất
142461,SPK,ky-thuat-go-va-noi-that,A00,Điểm học bạ,2023,20.0,Kỹ thuật gỗ và nội thất
142462,SPK,ky-thuat-go-va-noi-that,A01,Điểm học bạ,2023,20.0,Kỹ thuật gỗ và nội thất
142463,SPK,ky-thuat-go-va-noi-that,D01,Điểm học bạ,2023,20.0,Kỹ thuật gỗ và nội thất
142464,SPK,ky-thuat-go-va-noi-that,D90,Điểm học bạ,2023,20.0,Kỹ thuật gỗ và nội thất
142465,SPK,ky-thuat-go-va-noi-that,A00,Điểm thi THPT,2023,19.0,Kỹ thuật gỗ và nội thất
142466,SPK,ky-thuat-go-va-noi-that,A01,Điểm thi THPT,2023,19.0,Kỹ thuật gỗ và nội thất
142467,SPK,ky-thuat-go-va-noi-that,D01,Điểm thi THPT,2023,19.0,Kỹ thuật gỗ và nội thất
142468,SPK,ky-thuat-go-va-noi-that,D90,Điểm thi THPT,2023,19.0,Kỹ thuật gỗ và nội thất
142469,SPK,ky-thuat-may-tinh,A00,Điểm thi THPT,2021,16.0,Kỹ thuật máy tính (Kettering - Mỹ)
142470,SPK,ky-thuat-may-tinh,A01,Điểm thi THPT,2021,16.0,Kỹ thuật máy tính (Kettering - Mỹ)
142471,SPK,ky-thuat-may-tinh,D01,Điểm thi THPT,2021,16.0,Kỹ thuật máy tính (Kettering - Mỹ)
142472,SPK,ky-thuat-may-tinh,D90,Điểm thi THPT,2021,16.0,Kỹ thuật máy tính (Kettering - Mỹ)
142473,SPK,ky-thuat-xay-dung,A00,Điểm thi THPT,2021,16.0,Kỹ thuật xây dựng (Adelaide - Úc)
142474,SPK,ky-thuat-xay-dung,A01,Điểm thi THPT,2021,16.0,Kỹ thuật xây dựng (Adelaide - Úc)
142475,SPK,ky-thuat-xay-dung,D01,Điểm thi THPT,2021,16.0,Kỹ thuật xây dựng (Adelaide - Úc)
142476,SPK,ky-thuat-xay-dung,D90,Điểm thi THPT,2021,16.0,Kỹ thuật xây dựng (Adelaide - Úc)
142477,SPK,ky-thuat-xay-dung-cong-trinh-giao-thong,A00,Điểm học bạ,2021,22.0,Kỹ thuật xây dựng công trình giao thông (Đại trà)
142478,SPK,ky-thuat-xay-dung-cong-trinh-giao-thong,A01,Điểm học bạ,2021,22.0,Kỹ thuật xây dựng công trình giao thông (Đại trà)
142479,SPK,ky-thuat-xay-dung-cong-trinh-giao-thong,D01,Điểm học bạ,2021,22.0,Kỹ thuật xây dựng công trình giao thông (Đại trà)
142480,SPK,ky-thuat-xay-dung-cong-trinh-giao-thong,D90,Điểm học bạ,2021,22.0,Kỹ thuật xây dựng công trình giao thông (Đại trà)
142481,SPK,ky-thuat-xay-dung-cong-trinh-giao-thong,A00,Điểm thi THPT,2021,23.5,Kỹ thuật xây dựng công trình giao thông
142482,SPK,ky-thuat-xay-dung-cong-trinh-giao-thong,A01,Điểm thi THPT,2021,24.0,Kỹ thuật xây dựng công trình giao thông
142483,SPK,ky-thuat-xay-dung-cong-trinh-giao-thong,D01,Điểm thi THPT,2021,24.0,Kỹ thuật xây dựng công trình giao thông
142484,SPK,ky-thuat-xay-dung-cong-trinh-giao-thong,D90,Điểm thi THPT,2021,24.0,Kỹ thuật xây dựng công trình giao thông
142485,SPK,ky-thuat-xay-dung-cong-trinh-giao-thong,A00,Điểm học bạ,2022,25.0,Kỹ thuật xây dựng công trình giao thông
142486,SPK,ky-thuat-xay-dung-cong-trinh-giao-thong,A01,Điểm học bạ,2022,25.0,Kỹ thuật xây dựng công trình giao thông
142487,SPK,ky-thuat-xay-dung-cong-trinh-giao-thong,D01,Điểm học bạ,2022,25.0,Kỹ thuật xây dựng công trình giao thông
142488,SPK,ky-thuat-xay-dung-cong-trinh-giao-thong,D90,Điểm học bạ,2022,25.0,Kỹ thuật xây dựng công trình giao thông
142489,SPK,ky-thuat-xay-dung-cong-trinh-giao-thong,A00,Điểm thi THPT,2022,17.0,Kỹ thuật xây dựng công trình giao thông
142490,SPK,ky-thuat-xay-dung-cong-trinh-giao-thong,A01,Điểm thi THPT,2022,17.0,Kỹ thuật xây dựng công trình giao thông
142491,SPK,ky-thuat-xay-dung-cong-trinh-giao-thong,D01,Điểm thi THPT,2022,17.0,Kỹ thuật xây dựng công trình giao thông
142492,SPK,ky-thuat-xay-dung-cong-trinh-giao-thong,D90,Điểm thi THPT,2022,17.0,Kỹ thuật xây dựng công trình giao thông
142493,SPK,ky-thuat-xay-dung-cong-trinh-giao-thong,A00,Điểm học bạ,2023,22.5,Kỹ thuật xây dựng công trình giao thông
142494,SPK,ky-thuat-xay-dung-cong-trinh-giao-thong,A01,Điểm học bạ,2023,22.5,Kỹ thuật xây dựng công trình giao thông
142495,SPK,ky-thuat-xay-dung-cong-trinh-giao-thong,D01,Điểm học bạ,2023,22.5,Kỹ thuật xây dựng công trình giao thông
142496,SPK,ky-thuat-xay-dung-cong-trinh-giao-thong,D90,Điểm học bạ,2023,22.5,Kỹ thuật xây dựng công trình giao thông
142497,SPK,ky-thuat-xay-dung-cong-trinh-giao-thong,A00,Điểm thi THPT,2023,20.55,Kỹ thuật xây dựng công trình giao thông
142498,SPK,ky-thuat-xay-dung-cong-trinh-giao-thong,A01,Điểm thi THPT,2023,20.55,Kỹ thuật xây dựng công trình giao thông
142499,SPK,ky-thuat-xay-dung-cong-trinh-giao-thong,D01,Điểm thi THPT,2023,20.55,Kỹ thuật xây dựng công trình giao thông
142500,SPK,ky-thuat-xay-dung-cong-trinh-giao-thong,D90,Điểm thi THPT,2023,20.55,Kỹ thuật xây dựng công trình giao thông
142501,SPK,ky-thuat-xay-dung-cong-trinh-giao-thong,A00,Điểm học bạ,2024,22.5,Kỹ thuật xây dựng công trình giao thông (Tiếng Việt)
142502,SPK,ky-thuat-xay-dung-cong-trinh-giao-thong,A01,Điểm học bạ,2024,22.5,Kỹ thuật xây dựng công trình giao thông (Tiếng Việt)
142503,SPK,ky-thuat-xay-dung-cong-trinh-giao-thong,D01,Điểm học bạ,2024,22.5,Kỹ thuật xây dựng công trình giao thông (Tiếng Việt)
142504,SPK,ky-thuat-xay-dung-cong-trinh-giao-thong,D90,Điểm học bạ,2024,22.5,Kỹ thuật xây dựng công trình giao thông (Tiếng Việt)
142505,SPK,ky-thuat-xay-dung-cong-trinh-giao-thong,D96,Điểm học bạ,2024,22.5,Kỹ thuật xây dựng công trình giao thông (Tiếng Việt)
142506,SPK,ky-thuat-xay-dung-cong-trinh-giao-thong,A00,Điểm thi THPT,2024,21.55,Kỹ thuật xây dựng công trình giao thông (đào tạo bằng tiếng Việt)
142507,SPK,ky-thuat-xay-dung-cong-trinh-giao-thong,A01,Điểm thi THPT,2024,21.55,Kỹ thuật xây dựng công trình giao thông (đào tạo bằng tiếng Việt)
142508,SPK,ky-thuat-xay-dung-cong-trinh-giao-thong,D01,Điểm thi THPT,2024,21.55,Kỹ thuật xây dựng công trình giao thông (đào tạo bằng tiếng Việt)
142509,SPK,ky-thuat-xay-dung-cong-trinh-giao-thong,D90,Điểm thi THPT,2024,21.55,Kỹ thuật xây dựng công trình giao thông (đào tạo bằng tiếng Việt)
142510,SPK,ky-thuat-xay-dung-cong-trinh-giao-thong,A00,Điểm học bạ,2025,25.4,Kỹ thuật xây dựng công trình giao thông * (đào tạo bằng tiếng Việt)
142511,SPK,ky-thuat-xay-dung-cong-trinh-giao-thong,A01,Điểm học bạ,2025,25.4,Kỹ thuật xây dựng công trình giao thông * (đào tạo bằng tiếng Việt)
142512,SPK,ky-thuat-xay-dung-cong-trinh-giao-thong,C01,Điểm học bạ,2025,25.4,Kỹ thuật xây dựng công trình giao thông * (đào tạo bằng tiếng Việt)
142513,SPK,ky-thuat-xay-dung-cong-trinh-giao-thong,D01,Điểm học bạ,2025,25.4,Kỹ thuật xây dựng công trình giao thông * (đào tạo bằng tiếng Việt)
142514,SPK,ky-thuat-xay-dung-cong-trinh-giao-thong,A00,Điểm thi THPT,2025,22.5,Kỹ thuật xây dựng công trình giao thông * (đào tạo bằng tiếng Việt)
142515,SPK,ky-thuat-xay-dung-cong-trinh-giao-thong,A01,Điểm thi THPT,2025,23.48,Kỹ thuật xây dựng công trình giao thông * (đào tạo bằng tiếng Việt)
142516,SPK,ky-thuat-xay-dung-cong-trinh-giao-thong,C01,Điểm thi THPT,2025,21.72,Kỹ thuật xây dựng công trình giao thông * (đào tạo bằng tiếng Việt)
142517,SPK,ky-thuat-xay-dung-cong-trinh-giao-thong,D01,Điểm thi THPT,2025,23.88,Kỹ thuật xây dựng công trình giao thông * (đào tạo bằng tiếng Việt)
142518,SPK,ky-thuat-y-sinh,A00,Điểm học bạ,2021,27.0,Kỹ thuật y sinh (Điện tử y sinh) (Đại trà)
142519,SPK,ky-thuat-y-sinh,A01,Điểm học bạ,2021,27.0,Kỹ thuật y sinh (Điện tử y sinh) (Đại trà)
142520,SPK,ky-thuat-y-sinh,D01,Điểm học bạ,2021,27.0,Kỹ thuật y sinh (Điện tử y sinh) (Đại trà)
142521,SPK,ky-thuat-y-sinh,D90,Điểm học bạ,2021,27.0,Kỹ thuật y sinh (Điện tử y sinh) (Đại trà)
142522,SPK,ky-thuat-y-sinh,A00,Điểm thi THPT,2021,25.0,Kỹ thuật y sinh (Điện tử y sinh)
142523,SPK,ky-thuat-y-sinh,A01,Điểm thi THPT,2021,25.5,Kỹ thuật y sinh (Điện tử y sinh)
142524,SPK,ky-thuat-y-sinh,D01,Điểm thi THPT,2021,25.5,Kỹ thuật y sinh (Điện tử y sinh)
142525,SPK,ky-thuat-y-sinh,D90,Điểm thi THPT,2021,25.5,Kỹ thuật y sinh (Điện tử y sinh)
142526,SPK,ky-thuat-y-sinh,A00,Điểm học bạ,2022,29.25,Kỹ thuật y sinh
142527,SPK,ky-thuat-y-sinh,A01,Điểm học bạ,2022,29.25,Kỹ thuật y sinh
142528,SPK,ky-thuat-y-sinh,D01,Điểm học bạ,2022,29.25,Kỹ thuật y sinh
142529,SPK,ky-thuat-y-sinh,D90,Điểm học bạ,2022,29.25,Kỹ thuật y sinh
142530,SPK,ky-thuat-y-sinh,A00,Điểm thi THPT,2022,20.0,Kỹ thuật y sinh
142531,SPK,ky-thuat-y-sinh,A01,Điểm thi THPT,2022,20.0,Kỹ thuật y sinh
142532,SPK,ky-thuat-y-sinh,D01,Điểm thi THPT,2022,20.0,Kỹ thuật y sinh
142533,SPK,ky-thuat-y-sinh,D90,Điểm thi THPT,2022,20.0,Kỹ thuật y sinh
142534,SPK,ky-thuat-y-sinh,A00,Điểm học bạ,2023,25.5,Kỹ thuật y sinh
142535,SPK,ky-thuat-y-sinh,A01,Điểm học bạ,2023,25.5,Kỹ thuật y sinh
142536,SPK,ky-thuat-y-sinh,D01,Điểm học bạ,2023,25.5,Kỹ thuật y sinh
142537,SPK,ky-thuat-y-sinh,D90,Điểm học bạ,2023,25.5,Kỹ thuật y sinh
142538,SPK,ky-thuat-y-sinh,A00,Điểm thi THPT,2023,23.5,Kỹ thuật y sinh
142539,SPK,ky-thuat-y-sinh,A01,Điểm thi THPT,2023,23.5,Kỹ thuật y sinh
142540,SPK,ky-thuat-y-sinh,D01,Điểm thi THPT,2023,23.5,Kỹ thuật y sinh
142541,SPK,ky-thuat-y-sinh,D90,Điểm thi THPT,2023,23.5,Kỹ thuật y sinh
142542,SPK,ky-thuat-y-sinh,A00,Điểm học bạ,2024,22.5,Kỹ thuật y sinh (Điện tử y sinh) (Tiếng Việt)
142543,SPK,ky-thuat-y-sinh,A01,Điểm học bạ,2024,22.5,Kỹ thuật y sinh (Điện tử y sinh) (Tiếng Việt)
142544,SPK,ky-thuat-y-sinh,D01,Điểm học bạ,2024,22.5,Kỹ thuật y sinh (Điện tử y sinh) (Tiếng Việt)
142545,SPK,ky-thuat-y-sinh,D90,Điểm học bạ,2024,22.5,Kỹ thuật y sinh (Điện tử y sinh) (Tiếng Việt)
142546,SPK,ky-thuat-y-sinh,D96,Điểm học bạ,2024,22.5,Kỹ thuật y sinh (Điện tử y sinh) (Tiếng Việt)
142547,SPK,ky-thuat-y-sinh,A00,Điểm thi THPT,2024,24.15,Kỹ thuật y sinh (Điện tử y sinh) (đào tạo bằng tiếng Việt)
142548,SPK,ky-thuat-y-sinh,A01,Điểm thi THPT,2024,24.15,Kỹ thuật y sinh (Điện tử y sinh) (đào tạo bằng tiếng Việt)
142549,SPK,ky-thuat-y-sinh,D01,Điểm thi THPT,2024,24.15,Kỹ thuật y sinh (Điện tử y sinh) (đào tạo bằng tiếng Việt)
142550,SPK,ky-thuat-y-sinh,D90,Điểm thi THPT,2024,24.15,Kỹ thuật y sinh (Điện tử y sinh) (đào tạo bằng tiếng Việt)
142551,SPK,ky-thuat-y-sinh,A00,Điểm học bạ,2025,25.04,Kỹ thuật y sinh (Điện tử y sinh) (đào tạo bằng tiếng Anh)
142552,SPK,ky-thuat-y-sinh,A01,Điểm học bạ,2025,25.04,Kỹ thuật y sinh (Điện tử y sinh) (đào tạo bằng tiếng Anh)
142553,SPK,ky-thuat-y-sinh,C01,Điểm học bạ,2025,25.04,Kỹ thuật y sinh (Điện tử y sinh) (đào tạo bằng tiếng Anh)
142554,SPK,ky-thuat-y-sinh,D01,Điểm học bạ,2025,25.04,Kỹ thuật y sinh (Điện tử y sinh) (đào tạo bằng tiếng Anh)
142555,SPK,ky-thuat-y-sinh,A00,Điểm thi THPT,2025,22.15,Kỹ thuật y sinh (Điện tử y sinh) (đào tạo bằng tiếng Anh)
142556,SPK,ky-thuat-y-sinh,A01,Điểm thi THPT,2025,23.13,Kỹ thuật y sinh (Điện tử y sinh) (đào tạo bằng tiếng Anh)
142557,SPK,ky-thuat-y-sinh,C01,Điểm thi THPT,2025,21.37,Kỹ thuật y sinh (Điện tử y sinh) (đào tạo bằng tiếng Anh)
142558,SPK,ky-thuat-y-sinh,D01,Điểm thi THPT,2025,23.53,Kỹ thuật y sinh (Điện tử y sinh) (đào tạo bằng tiếng Anh)
142559,SPK,logistic-va-quan-ly-chuoi-cung-ung,A00,Điểm học bạ,2021,29.0,Logistic và quản lý chuỗi cung ứng (Đại trà)
142560,SPK,logistic-va-quan-ly-chuoi-cung-ung,A01,Điểm học bạ,2021,29.0,Logistic và quản lý chuỗi cung ứng (Đại trà)
142561,SPK,logistic-va-quan-ly-chuoi-cung-ung,D01,Điểm học bạ,2021,29.0,Logistic và quản lý chuỗi cung ứng (Đại trà)
142562,SPK,logistic-va-quan-ly-chuoi-cung-ung,D90,Điểm học bạ,2021,29.0,Logistic và quản lý chuỗi cung ứng (Đại trà)
142563,SPK,logistic-va-quan-ly-chuoi-cung-ung,A00,Điểm thi THPT,2021,28.25,Logistic và quản lý chuỗi cung ứng
142564,SPK,logistic-va-quan-ly-chuoi-cung-ung,A01,Điểm thi THPT,2021,28.75,Logistic và quản lý chuỗi cung ứng
142565,SPK,logistic-va-quan-ly-chuoi-cung-ung,D01,Điểm thi THPT,2021,28.75,Logistic và quản lý chuỗi cung ứng
142566,SPK,logistic-va-quan-ly-chuoi-cung-ung,D90,Điểm thi THPT,2021,28.75,Logistic và quản lý chuỗi cung ứng
142567,SPK,logistic-va-tai-chinh-thuong-mai,A00,Điểm thi THPT,2021,16.0,Logistic và Tài chính thương mại (Northampton - Anh)
142568,SPK,logistic-va-tai-chinh-thuong-mai,A01,Điểm thi THPT,2021,16.0,Logistic và Tài chính thương mại (Northampton - Anh)
142569,SPK,logistic-va-tai-chinh-thuong-mai,D01,Điểm thi THPT,2021,16.0,Logistic và Tài chính thương mại (Northampton - Anh)
142570,SPK,logistic-va-tai-chinh-thuong-mai,D90,Điểm thi THPT,2021,16.0,Logistic và Tài chính thương mại (Northampton - Anh)
142571,SPK,logistics-va-quan-ly-chuoi-cung-ung,A00,Điểm học bạ,2022,29.75,Logistics và quản lý chuỗi cung ứng
142572,SPK,logistics-va-quan-ly-chuoi-cung-ung,A01,Điểm học bạ,2022,29.75,Logistics và quản lý chuỗi cung ứng
142573,SPK,logistics-va-quan-ly-chuoi-cung-ung,D01,Điểm học bạ,2022,29.75,Logistics và quản lý chuỗi cung ứng
142574,SPK,logistics-va-quan-ly-chuoi-cung-ung,D90,Điểm học bạ,2022,29.75,Logistics và quản lý chuỗi cung ứng
142575,SPK,logistics-va-quan-ly-chuoi-cung-ung,A00,Điểm thi THPT,2022,24.5,Logistics và quản lý chuỗi cung ứng
142576,SPK,logistics-va-quan-ly-chuoi-cung-ung,A01,Điểm thi THPT,2022,24.5,Logistics và quản lý chuỗi cung ứng
142577,SPK,logistics-va-quan-ly-chuoi-cung-ung,D01,Điểm thi THPT,2022,24.5,Logistics và quản lý chuỗi cung ứng
142578,SPK,logistics-va-quan-ly-chuoi-cung-ung,D90,Điểm thi THPT,2022,24.5,Logistics và quản lý chuỗi cung ứng
142579,SPK,logistics-va-quan-ly-chuoi-cung-ung,A00,Điểm học bạ,2023,28.25,Logistics và quản lý chuỗi cung ứng
142580,SPK,logistics-va-quan-ly-chuoi-cung-ung,A01,Điểm học bạ,2023,28.25,Logistics và quản lý chuỗi cung ứng
142581,SPK,logistics-va-quan-ly-chuoi-cung-ung,D01,Điểm học bạ,2023,28.25,Logistics và quản lý chuỗi cung ứng
142582,SPK,logistics-va-quan-ly-chuoi-cung-ung,D90,Điểm học bạ,2023,28.25,Logistics và quản lý chuỗi cung ứng
142583,SPK,logistics-va-quan-ly-chuoi-cung-ung,A00,Điểm thi THPT,2023,25.75,Logistics và quản lý chuỗi cung ứng
142584,SPK,logistics-va-quan-ly-chuoi-cung-ung,A01,Điểm thi THPT,2023,25.75,Logistics và quản lý chuỗi cung ứng
142585,SPK,logistics-va-quan-ly-chuoi-cung-ung,D01,Điểm thi THPT,2023,25.75,Logistics và quản lý chuỗi cung ứng
142586,SPK,logistics-va-quan-ly-chuoi-cung-ung,D90,Điểm thi THPT,2023,25.75,Logistics và quản lý chuỗi cung ứng
142587,SPK,logistics-va-quan-ly-chuoi-cung-ung,A00,Điểm học bạ,2024,26.5,Logistics và quản lý chuỗi cung ứng (Tiếng Việt)
142588,SPK,logistics-va-quan-ly-chuoi-cung-ung,A01,Điểm học bạ,2024,26.5,Logistics và quản lý chuỗi cung ứng (Tiếng Việt)
142589,SPK,logistics-va-quan-ly-chuoi-cung-ung,D01,Điểm học bạ,2024,26.5,Logistics và quản lý chuỗi cung ứng (Tiếng Việt)
142590,SPK,logistics-va-quan-ly-chuoi-cung-ung,D90,Điểm học bạ,2024,26.5,Logistics và quản lý chuỗi cung ứng (Tiếng Việt)
142591,SPK,logistics-va-quan-ly-chuoi-cung-ung,D96,Điểm học bạ,2024,26.5,Logistics và quản lý chuỗi cung ứng (Tiếng Việt)
142592,SPK,logistics-va-quan-ly-chuoi-cung-ung,A00,Điểm thi THPT,2024,25.21,Logistics và quản lý chuỗi cung ứng (đào tạo bằng tiếng Việt)
142593,SPK,logistics-va-quan-ly-chuoi-cung-ung,A01,Điểm thi THPT,2024,25.21,Logistics và quản lý chuỗi cung ứng (đào tạo bằng tiếng Việt)
142594,SPK,logistics-va-quan-ly-chuoi-cung-ung,D01,Điểm thi THPT,2024,25.21,Logistics và quản lý chuỗi cung ứng (đào tạo bằng tiếng Việt)
142595,SPK,logistics-va-quan-ly-chuoi-cung-ung,D90,Điểm thi THPT,2024,25.21,Logistics và quản lý chuỗi cung ứng (đào tạo bằng tiếng Việt)
142596,SPK,logistics-va-quan-ly-chuoi-cung-ung,A00,Điểm học bạ,2025,27.16,Logistics và quản lý chuỗi cung ứng (đào tạo tại phân hiệu Bình Phước)
142597,SPK,logistics-va-quan-ly-chuoi-cung-ung,A01,Điểm học bạ,2025,27.16,Logistics và quản lý chuỗi cung ứng (đào tạo tại phân hiệu Bình Phước)
142598,SPK,logistics-va-quan-ly-chuoi-cung-ung,C01,Điểm học bạ,2025,27.16,Logistics và quản lý chuỗi cung ứng (đào tạo tại phân hiệu Bình Phước)
142599,SPK,logistics-va-quan-ly-chuoi-cung-ung,D01,Điểm học bạ,2025,27.16,Logistics và quản lý chuỗi cung ứng (đào tạo tại phân hiệu Bình Phước)
142600,SPK,logistics-va-quan-ly-chuoi-cung-ung,A00,Điểm thi THPT,2025,25.0,Logistics và quản lý chuỗi cung ứng (đào tạo tại phân hiệu Bình Phước)
142601,SPK,logistics-va-quan-ly-chuoi-cung-ung,A01,Điểm thi THPT,2025,25.98,Logistics và quản lý chuỗi cung ứng (đào tạo tại phân hiệu Bình Phước)
142602,SPK,logistics-va-quan-ly-chuoi-cung-ung,C01,Điểm thi THPT,2025,24.22,Logistics và quản lý chuỗi cung ứng (đào tạo tại phân hiệu Bình Phước)
142603,SPK,logistics-va-quan-ly-chuoi-cung-ung,D01,Điểm thi THPT,2025,26.38,Logistics và quản lý chuỗi cung ứng (đào tạo tại phân hiệu Bình Phước)
142604,SPK,luat,A00,Điểm học bạ,2023,27.0,Luật
142605,SPK,luat,A01,Điểm học bạ,2023,27.0,Luật
142606,SPK,luat,C00,Điểm học bạ,2023,27.0,Luật
142607,SPK,luat,D01,Điểm học bạ,2023,27.0,Luật
142608,SPK,luat,A00,Điểm thi THPT,2023,22.75,Luật
142609,SPK,luat,A01,Điểm thi THPT,2023,22.75,Luật
142610,SPK,luat,C00,Điểm thi THPT,2023,22.75,Luật
142611,SPK,luat,D01,Điểm thi THPT,2023,22.75,Luật
142612,SPK,luat,A00,Điểm học bạ,2024,22.5,Luật (Tiếng Việt)
142613,SPK,luat,A01,Điểm học bạ,2024,22.5,Luật (Tiếng Việt)
142614,SPK,luat,C00,Điểm học bạ,2024,22.5,Luật (Tiếng Việt)
142615,SPK,luat,D01,Điểm học bạ,2024,22.5,Luật (Tiếng Việt)
142616,SPK,luat,A00,Điểm thi THPT,2024,25.12,Luật (đào tạo bằng tiếng Việt)
142617,SPK,luat,A01,Điểm thi THPT,2024,25.12,Luật (đào tạo bằng tiếng Việt)
142618,SPK,luat,C00,Điểm thi THPT,2024,25.12,Luật (đào tạo bằng tiếng Việt)
142619,SPK,luat,D01,Điểm thi THPT,2024,25.12,Luật (đào tạo bằng tiếng Việt)
142620,SPK,luat,A00,Điểm học bạ,2025,26.97,Luật (đào tạo bằng tiếng Việt)
142621,SPK,luat,C00,Điểm học bạ,2025,26.97,Luật (đào tạo bằng tiếng Việt)
142622,SPK,luat,D01,Điểm học bạ,2025,26.97,Luật (đào tạo bằng tiếng Việt)
142623,SPK,luat,D14,Điểm học bạ,2025,26.97,Luật (đào tạo bằng tiếng Việt)
142624,SPK,luat,X70,Điểm học bạ,2025,26.97,Luật (đào tạo bằng tiếng Việt)
142625,SPK,luat,X74,Điểm học bạ,2025,26.97,Luật (đào tạo bằng tiếng Việt)
142626,SPK,luat,X78,Điểm học bạ,2025,26.97,Luật (đào tạo bằng tiếng Việt)
142627,SPK,luat,A00,Điểm thi THPT,2025,26.2,Luật (đào tạo bằng tiếng Việt)
142628,SPK,luat,C00,Điểm thi THPT,2025,24.73,Luật (đào tạo bằng tiếng Việt)
142629,SPK,luat,D01,Điểm thi THPT,2025,27.58,Luật (đào tạo bằng tiếng Việt)
142630,SPK,luat,D14,Điểm thi THPT,2025,26.49,Luật (đào tạo bằng tiếng Việt)
142631,SPK,luat,X70,Điểm thi THPT,2025,24.05,Luật (đào tạo bằng tiếng Việt)
142632,SPK,luat,X74,Điểm thi THPT,2025,23.74,Luật (đào tạo bằng tiếng Việt)
142633,SPK,luat,X78,Điểm thi THPT,2025,25.5,Luật (đào tạo bằng tiếng Việt)
142634,SPK,moi-truong-va-phat-trien-ben-vung,A01,Điểm học bạ,2025,24.11,Quản lý tài nguyên & môi trường (chuyên ngành Môi trường và Phát triển bền vững) (đào tạo bằng tiếng Việt)
142635,SPK,moi-truong-va-phat-trien-ben-vung,B08,Điểm học bạ,2025,24.11,Quản lý tài nguyên & môi trường (chuyên ngành Môi trường và Phát triển bền vững) (đào tạo bằng tiếng Việt)
142636,SPK,moi-truong-va-phat-trien-ben-vung,D01,Điểm học bạ,2025,24.11,Quản lý tài nguyên & môi trường (chuyên ngành Môi trường và Phát triển bền vững) (đào tạo bằng tiếng Việt)
142637,SPK,moi-truong-va-phat-trien-ben-vung,D07,Điểm học bạ,2025,24.11,Quản lý tài nguyên & môi trường (chuyên ngành Môi trường và Phát triển bền vững) (đào tạo bằng tiếng Việt)
142638,SPK,moi-truong-va-phat-trien-ben-vung,X25,Điểm học bạ,2025,24.11,Quản lý tài nguyên & môi trường (chuyên ngành Môi trường và Phát triển bền vững) (đào tạo bằng tiếng Việt)
142639,SPK,moi-truong-va-phat-trien-ben-vung,A01,Điểm thi THPT,2025,21.25,Quản lý tài nguyên & môi trường (chuyên ngành Môi trường và Phát triển bền vững) (đào tạo bằng tiếng Việt)
142640,SPK,moi-truong-va-phat-trien-ben-vung,B08,Điểm thi THPT,2025,22.24,Quản lý tài nguyên & môi trường (chuyên ngành Môi trường và Phát triển bền vững) (đào tạo bằng tiếng Việt)
142641,SPK,moi-truong-va-phat-trien-ben-vung,D01,Điểm thi THPT,2025,21.65,Quản lý tài nguyên & môi trường (chuyên ngành Môi trường và Phát triển bền vững) (đào tạo bằng tiếng Việt)
142642,SPK,moi-truong-va-phat-trien-ben-vung,D07,Điểm thi THPT,2025,22.03,Quản lý tài nguyên & môi trường (chuyên ngành Môi trường và Phát triển bền vững) (đào tạo bằng tiếng Việt)
142643,SPK,moi-truong-va-phat-trien-ben-vung,X25,Điểm thi THPT,2025,20.57,Quản lý tài nguyên & môi trường (chuyên ngành Môi trường và Phát triển bền vững) (đào tạo bằng tiếng Việt)
142644,SPK,nang-luong-tai-tao,A00,Điểm học bạ,2021,23.5,Năng lượng tái tạo (Đại trà)
142645,SPK,nang-luong-tai-tao,A01,Điểm học bạ,2021,23.5,Năng lượng tái tạo (Đại trà)
142646,SPK,nang-luong-tai-tao,D01,Điểm học bạ,2021,23.5,Năng lượng tái tạo (Đại trà)
142647,SPK,nang-luong-tai-tao,D90,Điểm học bạ,2021,23.5,Năng lượng tái tạo (Đại trà)
142648,SPK,nang-luong-tai-tao,A00,Điểm thi THPT,2021,24.75,Năng lượng tái tạo
142649,SPK,nang-luong-tai-tao,A01,Điểm thi THPT,2021,25.25,Năng lượng tái tạo
142650,SPK,nang-luong-tai-tao,D01,Điểm thi THPT,2021,25.25,Năng lượng tái tạo
142651,SPK,nang-luong-tai-tao,D90,Điểm thi THPT,2021,25.25,Năng lượng tái tạo
142652,SPK,nang-luong-tai-tao,A00,Điểm học bạ,2022,25.5,Năng lượng tái tạo
142653,SPK,nang-luong-tai-tao,A01,Điểm học bạ,2022,25.5,Năng lượng tái tạo
142654,SPK,nang-luong-tai-tao,D01,Điểm học bạ,2022,25.5,Năng lượng tái tạo
142655,SPK,nang-luong-tai-tao,D90,Điểm học bạ,2022,25.5,Năng lượng tái tạo
142656,SPK,nang-luong-tai-tao,A00,Điểm thi THPT,2022,21.0,Năng lượng tái tạo
142657,SPK,nang-luong-tai-tao,A01,Điểm thi THPT,2022,21.0,Năng lượng tái tạo
142658,SPK,nang-luong-tai-tao,D01,Điểm thi THPT,2022,21.0,Năng lượng tái tạo
142659,SPK,nang-luong-tai-tao,D90,Điểm thi THPT,2022,21.0,Năng lượng tái tạo
142660,SPK,nang-luong-tai-tao,A00,Điểm học bạ,2023,22.75,Năng lượng tái tạo
142661,SPK,nang-luong-tai-tao,A01,Điểm học bạ,2023,22.75,Năng lượng tái tạo
142662,SPK,nang-luong-tai-tao,D01,Điểm học bạ,2023,22.75,Năng lượng tái tạo
142663,SPK,nang-luong-tai-tao,D90,Điểm học bạ,2023,22.75,Năng lượng tái tạo
142664,SPK,nang-luong-tai-tao,A00,Điểm thi THPT,2023,22.4,Năng lượng tái tạo
142665,SPK,nang-luong-tai-tao,A01,Điểm thi THPT,2023,22.4,Năng lượng tái tạo
142666,SPK,nang-luong-tai-tao,D01,Điểm thi THPT,2023,22.4,Năng lượng tái tạo
142667,SPK,nang-luong-tai-tao,D90,Điểm thi THPT,2023,22.4,Năng lượng tái tạo
142668,SPK,nang-luong-tai-tao,A00,Điểm học bạ,2024,21.75,Nâng lượng tái tạo (Tiếng Việt)
142669,SPK,nang-luong-tai-tao,A01,Điểm học bạ,2024,21.75,Nâng lượng tái tạo (Tiếng Việt)
142670,SPK,nang-luong-tai-tao,D01,Điểm học bạ,2024,21.75,Nâng lượng tái tạo (Tiếng Việt)
142671,SPK,nang-luong-tai-tao,D90,Điểm học bạ,2024,21.75,Nâng lượng tái tạo (Tiếng Việt)
142672,SPK,nang-luong-tai-tao,D96,Điểm học bạ,2024,21.75,Nâng lượng tái tạo (Tiếng Việt)
142673,SPK,nang-luong-tai-tao,A00,Điểm thi THPT,2024,23.15,Năng lượng tái tạo (đào tạo bằng tiếng Việt)
142674,SPK,nang-luong-tai-tao,A01,Điểm thi THPT,2024,23.15,Năng lượng tái tạo (đào tạo bằng tiếng Việt)
142675,SPK,nang-luong-tai-tao,D01,Điểm thi THPT,2024,23.15,Năng lượng tái tạo (đào tạo bằng tiếng Việt)
142676,SPK,nang-luong-tai-tao,D90,Điểm thi THPT,2024,23.15,Năng lượng tái tạo (đào tạo bằng tiếng Việt)
142677,SPK,nang-luong-tai-tao,A00,Điểm học bạ,2025,26.47,Năng lượng tái tạo (đào tạo bằng tiếng Việt)
142678,SPK,nang-luong-tai-tao,A01,Điểm học bạ,2025,26.47,Năng lượng tái tạo (đào tạo bằng tiếng Việt)
142679,SPK,nang-luong-tai-tao,C01,Điểm học bạ,2025,26.47,Năng lượng tái tạo (đào tạo bằng tiếng Việt)
142680,SPK,nang-luong-tai-tao,D01,Điểm học bạ,2025,26.47,Năng lượng tái tạo (đào tạo bằng tiếng Việt)
142681,SPK,nang-luong-tai-tao,A00,Điểm thi THPT,2025,24.0,Năng lượng tái tạo (đào tạo bằng tiếng Việt)
142682,SPK,nang-luong-tai-tao,A01,Điểm thi THPT,2025,24.98,Năng lượng tái tạo (đào tạo bằng tiếng Việt)
142683,SPK,nang-luong-tai-tao,C01,Điểm thi THPT,2025,23.22,Năng lượng tái tạo (đào tạo bằng tiếng Việt)
142684,SPK,nang-luong-tai-tao,D01,Điểm thi THPT,2025,25.38,Năng lượng tái tạo (đào tạo bằng tiếng Việt)
142685,SPK,ngon-ngu-anh,D01,Điểm học bạ,2021,28.0,Ngôn ngữ Anh (Đại trà)
142686,SPK,ngon-ngu-anh,D96,Điểm học bạ,2021,28.0,Ngôn ngữ Anh (Đại trà)
142687,SPK,ngon-ngu-anh,D01,Điểm thi THPT,2021,26.25,Ngôn ngữ Anh
142688,SPK,ngon-ngu-anh,D96,Điểm thi THPT,2021,26.25,Ngôn ngữ Anh
142689,SPK,ngon-ngu-anh,D01,Điểm học bạ,2022,28.5,Ngôn ngữ Anh
142690,SPK,ngon-ngu-anh,D96,Điểm học bạ,2022,28.5,Ngôn ngữ Anh
142691,SPK,ngon-ngu-anh,D01,Điểm thi THPT,2022,22.75,Ngôn ngữ Anh
142692,SPK,ngon-ngu-anh,D96,Điểm thi THPT,2022,22.75,Ngôn ngữ Anh
142693,SPK,ngon-ngu-anh,A00,Điểm học bạ,2023,26.0,Ngôn ngữ Anh
142694,SPK,ngon-ngu-anh,A01,Điểm học bạ,2023,26.0,Ngôn ngữ Anh
142695,SPK,ngon-ngu-anh,D01,Điểm học bạ,2023,26.0,Ngôn ngữ Anh
142696,SPK,ngon-ngu-anh,D90,Điểm học bạ,2023,26.0,Ngôn ngữ Anh
142697,SPK,ngon-ngu-anh,D01,Điểm thi THPT,2023,25.03,Ngôn ngữ Anh
142698,SPK,ngon-ngu-anh,D96,Điểm thi THPT,2023,25.03,Ngôn ngữ Anh
142699,SPK,ngon-ngu-anh,D01,Điểm học bạ,2024,25.0,Ngôn ngữ Anh (Tiếng Việt)
142700,SPK,ngon-ngu-anh,D96,Điểm học bạ,2024,25.0,Ngôn ngữ Anh (Tiếng Việt)
142701,SPK,ngon-ngu-anh,D01,Điểm thi THPT,2024,24.57,Ngôn ngữ Anh (đào tạo bằng tiếng Việt)
142702,SPK,ngon-ngu-anh,D96,Điểm thi THPT,2024,24.57,Ngôn ngữ Anh (đào tạo bằng tiếng Việt)
142703,SPK,ngon-ngu-anh,D01,Điểm học bạ,2025,26.47,Ngôn ngữ Anh (đào tạo tại phân hiệu Bình Phước)
142704,SPK,ngon-ngu-anh,D09,Điểm học bạ,2025,26.47,Ngôn ngữ Anh (đào tạo tại phân hiệu Bình Phước)
142705,SPK,ngon-ngu-anh,D10,Điểm học bạ,2025,26.47,Ngôn ngữ Anh (đào tạo tại phân hiệu Bình Phước)
142706,SPK,ngon-ngu-anh,X26,Điểm học bạ,2025,26.47,Ngôn ngữ Anh (đào tạo tại phân hiệu Bình Phước)
142707,SPK,ngon-ngu-anh,D01,Điểm thi THPT,2025,24.0,Ngôn ngữ Anh (đào tạo tại phân hiệu Bình Phước)
142708,SPK,ngon-ngu-anh,D09,Điểm thi THPT,2025,24.0,Ngôn ngữ Anh (đào tạo tại phân hiệu Bình Phước)
142709,SPK,ngon-ngu-anh,D10,Điểm thi THPT,2025,23.6,Ngôn ngữ Anh (đào tạo tại phân hiệu Bình Phước)
142710,SPK,ngon-ngu-anh,X26,Điểm thi THPT,2025,23.32,Ngôn ngữ Anh (đào tạo tại phân hiệu Bình Phước)
142711,SPK,quan-ly-cong-nghiep,A00,Điểm học bạ,2021,23.0,Quản lý công nghiệp (CLC tiếng Anh)
142712,SPK,quan-ly-cong-nghiep,A01,Điểm học bạ,2021,23.0,Quản lý công nghiệp (CLC tiếng Anh)
142713,SPK,quan-ly-cong-nghiep,D01,Điểm học bạ,2021,23.0,Quản lý công nghiệp (CLC tiếng Anh)
142714,SPK,quan-ly-cong-nghiep,D90,Điểm học bạ,2021,23.0,Quản lý công nghiệp (CLC tiếng Anh)
142715,SPK,quan-ly-cong-nghiep,A00,Điểm thi THPT,2021,25.75,Quản lý công nghiệp
142716,SPK,quan-ly-cong-nghiep,A01,Điểm thi THPT,2021,26.25,Quản lý công nghiệp
142717,SPK,quan-ly-cong-nghiep,D01,Điểm thi THPT,2021,26.25,Quản lý công nghiệp
142718,SPK,quan-ly-cong-nghiep,D90,Điểm thi THPT,2021,26.25,Quản lý công nghiệp
142719,SPK,quan-ly-cong-nghiep,A00,Điểm học bạ,2022,28.75,Quản lý công nghiệp
142720,SPK,quan-ly-cong-nghiep,A01,Điểm học bạ,2022,28.75,Quản lý công nghiệp
142721,SPK,quan-ly-cong-nghiep,D01,Điểm học bạ,2022,28.75,Quản lý công nghiệp
142722,SPK,quan-ly-cong-nghiep,D90,Điểm học bạ,2022,28.75,Quản lý công nghiệp
142723,SPK,quan-ly-cong-nghiep,A00,Điểm thi THPT,2022,23.75,Quản lý công nghiệp
142724,SPK,quan-ly-cong-nghiep,A01,Điểm thi THPT,2022,23.75,Quản lý công nghiệp
142725,SPK,quan-ly-cong-nghiep,D01,Điểm thi THPT,2022,23.75,Quản lý công nghiệp
142726,SPK,quan-ly-cong-nghiep,D90,Điểm thi THPT,2022,23.75,Quản lý công nghiệp
142727,SPK,quan-ly-cong-nghiep,A00,Điểm học bạ,2023,25.5,Quản lý công nghiệp
142728,SPK,quan-ly-cong-nghiep,A01,Điểm học bạ,2023,25.5,Quản lý công nghiệp
142729,SPK,quan-ly-cong-nghiep,D01,Điểm học bạ,2023,25.5,Quản lý công nghiệp
142730,SPK,quan-ly-cong-nghiep,D90,Điểm học bạ,2023,25.5,Quản lý công nghiệp
142731,SPK,quan-ly-cong-nghiep,A00,Điểm thi THPT,2023,25.7,Quản lý công nghiệp
142732,SPK,quan-ly-cong-nghiep,A01,Điểm thi THPT,2023,25.7,Quản lý công nghiệp
142733,SPK,quan-ly-cong-nghiep,D01,Điểm thi THPT,2023,25.7,Quản lý công nghiệp
142734,SPK,quan-ly-cong-nghiep,D90,Điểm thi THPT,2023,25.7,Quản lý công nghiệp
142735,SPK,quan-ly-cong-nghiep,A00,Điểm học bạ,2024,22.5,Quản lý công nghiệp (Tiếng Anh)
142736,SPK,quan-ly-cong-nghiep,A01,Điểm học bạ,2024,22.5,Quản lý công nghiệp (Tiếng Anh)
142737,SPK,quan-ly-cong-nghiep,D01,Điểm học bạ,2024,22.5,Quản lý công nghiệp (Tiếng Anh)
142738,SPK,quan-ly-cong-nghiep,D90,Điểm học bạ,2024,22.5,Quản lý công nghiệp (Tiếng Anh)
142739,SPK,quan-ly-cong-nghiep,D96,Điểm học bạ,2024,22.5,Quản lý công nghiệp (Tiếng Anh)
142740,SPK,quan-ly-cong-nghiep,A00,Điểm thi THPT,2024,23.05,Quản lý công nghiệp (đào tạo bằng tiếng Anh)
142741,SPK,quan-ly-cong-nghiep,A01,Điểm thi THPT,2024,23.05,Quản lý công nghiệp (đào tạo bằng tiếng Anh)
142742,SPK,quan-ly-cong-nghiep,D01,Điểm thi THPT,2024,23.05,Quản lý công nghiệp (đào tạo bằng tiếng Anh)
142743,SPK,quan-ly-cong-nghiep,D90,Điểm thi THPT,2024,23.05,Quản lý công nghiệp (đào tạo bằng tiếng Anh)
142744,SPK,quan-ly-cong-nghiep,A00,Điểm học bạ,2025,24.88,Quản lý công nghiệp (đào tạo bằng tiếng Anh)
142745,SPK,quan-ly-cong-nghiep,A01,Điểm học bạ,2025,24.88,Quản lý công nghiệp (đào tạo bằng tiếng Anh)
142746,SPK,quan-ly-cong-nghiep,C01,Điểm học bạ,2025,24.88,Quản lý công nghiệp (đào tạo bằng tiếng Anh)
142747,SPK,quan-ly-cong-nghiep,D01,Điểm học bạ,2025,24.88,Quản lý công nghiệp (đào tạo bằng tiếng Anh)
142748,SPK,quan-ly-cong-nghiep,A00,Điểm thi THPT,2025,22.0,Quản lý công nghiệp (đào tạo bằng tiếng Anh)
142749,SPK,quan-ly-cong-nghiep,A01,Điểm thi THPT,2025,22.98,Quản lý công nghiệp (đào tạo bằng tiếng Anh)
142750,SPK,quan-ly-cong-nghiep,C01,Điểm thi THPT,2025,21.22,Quản lý công nghiệp (đào tạo bằng tiếng Anh)
142751,SPK,quan-ly-cong-nghiep,D01,Điểm thi THPT,2025,23.38,Quản lý công nghiệp (đào tạo bằng tiếng Anh)
142752,SPK,quan-ly-nha-hang-va-khach-san,A01,Điểm thi THPT,2021,16.0,Quản lý nhà hàng và khách sạn (Northampton - Anh)
142753,SPK,quan-ly-nha-hang-va-khach-san,C00,Điểm thi THPT,2021,16.0,Quản lý nhà hàng và khách sạn (Northampton - Anh)
142754,SPK,quan-ly-nha-hang-va-khach-san,D01,Điểm thi THPT,2021,16.0,Quản lý nhà hàng và khách sạn (Northampton - Anh)
142755,SPK,quan-ly-nha-hang-va-khach-san,D15,Điểm thi THPT,2021,16.0,Quản lý nhà hàng và khách sạn (Northampton - Anh)
142756,SPK,quan-ly-va-van-hanh-ha-tang,A00,Điểm học bạ,2021,21.0,Quản lý và vận hành hạ tầng
142757,SPK,quan-ly-va-van-hanh-ha-tang,A01,Điểm học bạ,2021,21.0,Quản lý và vận hành hạ tầng
142758,SPK,quan-ly-va-van-hanh-ha-tang,D01,Điểm học bạ,2021,21.0,Quản lý và vận hành hạ tầng
142759,SPK,quan-ly-va-van-hanh-ha-tang,D90,Điểm học bạ,2021,21.0,Quản lý và vận hành hạ tầng
142760,SPK,quan-ly-va-van-hanh-ha-tang,A00,Điểm thi THPT,2021,19.0,Quản lý và vận hành hạ tầng
142761,SPK,quan-ly-va-van-hanh-ha-tang,A01,Điểm thi THPT,2021,19.5,Quản lý và vận hành hạ tầng
142762,SPK,quan-ly-va-van-hanh-ha-tang,D01,Điểm thi THPT,2021,19.5,Quản lý và vận hành hạ tầng
142763,SPK,quan-ly-va-van-hanh-ha-tang,D90,Điểm thi THPT,2021,19.5,Quản lý và vận hành hạ tầng
142764,SPK,quan-ly-va-van-hanh-ha-tang,A00,Điểm học bạ,2022,25.25,Quản lý và vận hành hạ tầng
142765,SPK,quan-ly-va-van-hanh-ha-tang,A01,Điểm học bạ,2022,25.25,Quản lý và vận hành hạ tầng
142766,SPK,quan-ly-va-van-hanh-ha-tang,D01,Điểm học bạ,2022,25.25,Quản lý và vận hành hạ tầng
142767,SPK,quan-ly-va-van-hanh-ha-tang,D90,Điểm học bạ,2022,25.25,Quản lý và vận hành hạ tầng
142768,SPK,quan-ly-va-van-hanh-ha-tang,A00,Điểm thi THPT,2022,17.7,Quản lý và vận hành hạ tầng
142769,SPK,quan-ly-va-van-hanh-ha-tang,A01,Điểm thi THPT,2022,17.7,Quản lý và vận hành hạ tầng
142770,SPK,quan-ly-va-van-hanh-ha-tang,D01,Điểm thi THPT,2022,17.7,Quản lý và vận hành hạ tầng
142771,SPK,quan-ly-va-van-hanh-ha-tang,D90,Điểm thi THPT,2022,17.7,Quản lý và vận hành hạ tầng
142772,SPK,quan-ly-va-van-hanh-ha-tang,A00,Điểm học bạ,2023,20.0,Quản lý và vận hành hạ tầng
142773,SPK,quan-ly-va-van-hanh-ha-tang,A01,Điểm học bạ,2023,20.0,Quản lý và vận hành hạ tầng
142774,SPK,quan-ly-va-van-hanh-ha-tang,D01,Điểm học bạ,2023,20.0,Quản lý và vận hành hạ tầng
142775,SPK,quan-ly-va-van-hanh-ha-tang,D90,Điểm học bạ,2023,20.0,Quản lý và vận hành hạ tầng
142776,SPK,quan-ly-va-van-hanh-ha-tang,A00,Điểm thi THPT,2023,19.85,Quản lý và vận hành hạ tầng
142777,SPK,quan-ly-va-van-hanh-ha-tang,A01,Điểm thi THPT,2023,19.85,Quản lý và vận hành hạ tầng
142778,SPK,quan-ly-va-van-hanh-ha-tang,D01,Điểm thi THPT,2023,19.85,Quản lý và vận hành hạ tầng
142779,SPK,quan-ly-va-van-hanh-ha-tang,D90,Điểm thi THPT,2023,19.85,Quản lý và vận hành hạ tầng
142780,SPK,quan-ly-va-van-hanh-ha-tang,A00,Điểm học bạ,2024,22.5,Quản lý và vận hành hạ tầng (Tiếng Việt)
142781,SPK,quan-ly-va-van-hanh-ha-tang,A01,Điểm học bạ,2024,22.5,Quản lý và vận hành hạ tầng (Tiếng Việt)
142782,SPK,quan-ly-va-van-hanh-ha-tang,D01,Điểm học bạ,2024,22.5,Quản lý và vận hành hạ tầng (Tiếng Việt)
142783,SPK,quan-ly-va-van-hanh-ha-tang,D90,Điểm học bạ,2024,22.5,Quản lý và vận hành hạ tầng (Tiếng Việt)
142784,SPK,quan-ly-va-van-hanh-ha-tang,D96,Điểm học bạ,2024,22.5,Quản lý và vận hành hạ tầng (Tiếng Việt)
142785,SPK,quan-ly-va-van-hanh-ha-tang,A00,Điểm thi THPT,2024,21.22,Quản lý và vận hành hạ tầng (đào tạo bằng tiếng Việt)
142786,SPK,quan-ly-va-van-hanh-ha-tang,A01,Điểm thi THPT,2024,21.22,Quản lý và vận hành hạ tầng (đào tạo bằng tiếng Việt)
142787,SPK,quan-ly-va-van-hanh-ha-tang,D01,Điểm thi THPT,2024,21.22,Quản lý và vận hành hạ tầng (đào tạo bằng tiếng Việt)
142788,SPK,quan-ly-va-van-hanh-ha-tang,D90,Điểm thi THPT,2024,21.22,Quản lý và vận hành hạ tầng (đào tạo bằng tiếng Việt)
142789,SPK,quan-ly-va-van-hanh-ha-tang,A00,Điểm học bạ,2025,24.88,Quản lý và vận hành hạ tầng (đào tạo bằng tiếng Việt)
142790,SPK,quan-ly-va-van-hanh-ha-tang,A01,Điểm học bạ,2025,24.88,Quản lý và vận hành hạ tầng (đào tạo bằng tiếng Việt)
142791,SPK,quan-ly-va-van-hanh-ha-tang,C01,Điểm học bạ,2025,24.88,Quản lý và vận hành hạ tầng (đào tạo bằng tiếng Việt)
142792,SPK,quan-ly-va-van-hanh-ha-tang,D01,Điểm học bạ,2025,24.88,Quản lý và vận hành hạ tầng (đào tạo bằng tiếng Việt)
142793,SPK,quan-ly-va-van-hanh-ha-tang,A00,Điểm thi THPT,2025,22.0,Quản lý và vận hành hạ tầng (đào tạo bằng tiếng Việt)
142794,SPK,quan-ly-va-van-hanh-ha-tang,A01,Điểm thi THPT,2025,22.98,Quản lý và vận hành hạ tầng (đào tạo bằng tiếng Việt)
142795,SPK,quan-ly-va-van-hanh-ha-tang,C01,Điểm thi THPT,2025,21.22,Quản lý và vận hành hạ tầng (đào tạo bằng tiếng Việt)
142796,SPK,quan-ly-va-van-hanh-ha-tang,D01,Điểm thi THPT,2025,23.38,Quản lý và vận hành hạ tầng (đào tạo bằng tiếng Việt)
142797,SPK,quan-ly-xay-dung,A00,Điểm học bạ,2021,25.0,Quản lý xây dựng (Đại trà)
142798,SPK,quan-ly-xay-dung,A01,Điểm học bạ,2021,25.0,Quản lý xây dựng (Đại trà)
142799,SPK,quan-ly-xay-dung,D01,Điểm học bạ,2021,25.0,Quản lý xây dựng (Đại trà)
142800,SPK,quan-ly-xay-dung,D90,Điểm học bạ,2021,25.0,Quản lý xây dựng (Đại trà)
142801,SPK,quan-ly-xay-dung,A00,Điểm thi THPT,2021,24.0,Quản lý xây dựng
142802,SPK,quan-ly-xay-dung,A01,Điểm thi THPT,2021,24.5,Quản lý xây dựng
142803,SPK,quan-ly-xay-dung,D01,Điểm thi THPT,2021,24.5,Quản lý xây dựng
142804,SPK,quan-ly-xay-dung,D90,Điểm thi THPT,2021,24.5,Quản lý xây dựng
142805,SPK,quan-ly-xay-dung,A00,Điểm học bạ,2022,25.5,Quản lý xây dựng
142806,SPK,quan-ly-xay-dung,A01,Điểm học bạ,2022,25.5,Quản lý xây dựng
142807,SPK,quan-ly-xay-dung,D01,Điểm học bạ,2022,25.5,Quản lý xây dựng
142808,SPK,quan-ly-xay-dung,D90,Điểm học bạ,2022,25.5,Quản lý xây dựng
142809,SPK,quan-ly-xay-dung,A00,Điểm thi THPT,2022,21.0,Quản lý xây dựng
142810,SPK,quan-ly-xay-dung,A01,Điểm thi THPT,2022,21.0,Quản lý xây dựng
142811,SPK,quan-ly-xay-dung,D01,Điểm thi THPT,2022,21.0,Quản lý xây dựng
142812,SPK,quan-ly-xay-dung,D90,Điểm thi THPT,2022,21.0,Quản lý xây dựng
142813,SPK,quan-ly-xay-dung,A00,Điểm học bạ,2023,23.5,Quản lý xây dựng
142814,SPK,quan-ly-xay-dung,A01,Điểm học bạ,2023,23.5,Quản lý xây dựng
142815,SPK,quan-ly-xay-dung,D01,Điểm học bạ,2023,23.5,Quản lý xây dựng
142816,SPK,quan-ly-xay-dung,D90,Điểm học bạ,2023,23.5,Quản lý xây dựng
142817,SPK,quan-ly-xay-dung,A00,Điểm thi THPT,2023,22.6,Quản lý xây dựng
142818,SPK,quan-ly-xay-dung,A01,Điểm thi THPT,2023,22.6,Quản lý xây dựng
142819,SPK,quan-ly-xay-dung,D01,Điểm thi THPT,2023,22.6,Quản lý xây dựng
142820,SPK,quan-ly-xay-dung,D90,Điểm thi THPT,2023,22.6,Quản lý xây dựng
142821,SPK,quan-ly-xay-dung,A00,Điểm học bạ,2024,22.5,Quản lý xây dựng (Tiếng Việt)
142822,SPK,quan-ly-xay-dung,A01,Điểm học bạ,2024,22.5,Quản lý xây dựng (Tiếng Việt)
142823,SPK,quan-ly-xay-dung,D01,Điểm học bạ,2024,22.5,Quản lý xây dựng (Tiếng Việt)
142824,SPK,quan-ly-xay-dung,D90,Điểm học bạ,2024,22.5,Quản lý xây dựng (Tiếng Việt)
142825,SPK,quan-ly-xay-dung,D96,Điểm học bạ,2024,22.5,Quản lý xây dựng (Tiếng Việt)
142826,SPK,quan-ly-xay-dung,A00,Điểm thi THPT,2024,22.17,Quản lý xây dựng (đào tạo bằng tiếng Việt)
142827,SPK,quan-ly-xay-dung,A01,Điểm thi THPT,2024,22.17,Quản lý xây dựng (đào tạo bằng tiếng Việt)
142828,SPK,quan-ly-xay-dung,D01,Điểm thi THPT,2024,22.17,Quản lý xây dựng (đào tạo bằng tiếng Việt)
142829,SPK,quan-ly-xay-dung,D90,Điểm thi THPT,2024,22.17,Quản lý xây dựng (đào tạo bằng tiếng Việt)
142830,SPK,quan-ly-xay-dung,A00,Điểm học bạ,2025,25.4,Quản lý xây dựng (đào tạo tại phân hiệu Bình Phước)
142831,SPK,quan-ly-xay-dung,A01,Điểm học bạ,2025,25.4,Quản lý xây dựng (đào tạo tại phân hiệu Bình Phước)
142832,SPK,quan-ly-xay-dung,C01,Điểm học bạ,2025,25.4,Quản lý xây dựng (đào tạo tại phân hiệu Bình Phước)
142833,SPK,quan-ly-xay-dung,D01,Điểm học bạ,2025,25.4,Quản lý xây dựng (đào tạo tại phân hiệu Bình Phước)
142834,SPK,quan-ly-xay-dung,A00,Điểm thi THPT,2025,22.5,Quản lý xây dựng (đào tạo tại phân hiệu Bình Phước)
142835,SPK,quan-ly-xay-dung,A01,Điểm thi THPT,2025,23.48,Quản lý xây dựng (đào tạo tại phân hiệu Bình Phước)
142836,SPK,quan-ly-xay-dung,C01,Điểm thi THPT,2025,21.72,Quản lý xây dựng (đào tạo tại phân hiệu Bình Phước)
142837,SPK,quan-ly-xay-dung,D01,Điểm thi THPT,2025,23.88,Quản lý xây dựng (đào tạo tại phân hiệu Bình Phước)
142838,SPK,quan-tri-kinh-doanh,A00,Điểm thi THPT,2021,16.0,Quản trị kinh doanh (Kettering - Mỹ)
142839,SPK,quan-tri-kinh-doanh,A01,Điểm thi THPT,2021,16.0,Quản trị kinh doanh (Kettering - Mỹ)
142840,SPK,quan-tri-kinh-doanh,D01,Điểm thi THPT,2021,16.0,Quản trị kinh doanh (Kettering - Mỹ)
142841,SPK,quan-tri-kinh-doanh,D90,Điểm thi THPT,2021,16.0,Quản trị kinh doanh (Kettering - Mỹ)
142842,SPK,quan-tri-kinh-doanh,A00,Điểm học bạ,2025,26.98,Quản trị kinh doanh (đào tạo bằng tiếng Việt)
142843,SPK,quan-tri-kinh-doanh,A01,Điểm học bạ,2025,26.98,Quản trị kinh doanh (đào tạo bằng tiếng Việt)
142844,SPK,quan-tri-kinh-doanh,D01,Điểm học bạ,2025,26.98,Quản trị kinh doanh (đào tạo bằng tiếng Việt)
142845,SPK,quan-tri-kinh-doanh,A00,Điểm thi THPT,2025,24.74,Quản trị kinh doanh (đào tạo bằng tiếng Việt)
142846,SPK,quan-tri-kinh-doanh,A01,Điểm thi THPT,2025,25.72,Quản trị kinh doanh (đào tạo bằng tiếng Việt)
142847,SPK,quan-tri-kinh-doanh,D01,Điểm thi THPT,2025,26.12,Quản trị kinh doanh (đào tạo bằng tiếng Việt)
142848,SPK,quan-tri-marketing,A00,Điểm thi THPT,2021,16.0,Quản trị Marketing (Northampton - Anh)
142849,SPK,quan-tri-marketing,A01,Điểm thi THPT,2021,16.0,Quản trị Marketing (Northampton - Anh)
142850,SPK,quan-tri-marketing,D01,Điểm thi THPT,2021,16.0,Quản trị Marketing (Northampton - Anh)
142851,SPK,quan-tri-marketing,D90,Điểm thi THPT,2021,16.0,Quản trị Marketing (Northampton - Anh)
142852,SPK,quan-tri-nh-va-dv-an-uong,A00,Điểm học bạ,2025,26.02,Quản trị NH và DV ăn uống (đào tạo bằng tiếng Việt)
142853,SPK,quan-tri-nh-va-dv-an-uong,A01,Điểm học bạ,2025,26.02,Quản trị NH và DV ăn uống (đào tạo bằng tiếng Việt)
142854,SPK,quan-tri-nh-va-dv-an-uong,C02,Điểm học bạ,2025,26.02,Quản trị NH và DV ăn uống (đào tạo bằng tiếng Việt)
142855,SPK,quan-tri-nh-va-dv-an-uong,D01,Điểm học bạ,2025,26.02,Quản trị NH và DV ăn uống (đào tạo bằng tiếng Việt)
142856,SPK,quan-tri-nh-va-dv-an-uong,D07,Điểm học bạ,2025,26.02,Quản trị NH và DV ăn uống (đào tạo bằng tiếng Việt)
142857,SPK,quan-tri-nh-va-dv-an-uong,A00,Điểm thi THPT,2025,23.35,Quản trị NH và DV ăn uống (đào tạo bằng tiếng Việt)
142858,SPK,quan-tri-nh-va-dv-an-uong,A01,Điểm thi THPT,2025,24.33,Quản trị NH và DV ăn uống (đào tạo bằng tiếng Việt)
142859,SPK,quan-tri-nh-va-dv-an-uong,C02,Điểm thi THPT,2025,23.75,Quản trị NH và DV ăn uống (đào tạo bằng tiếng Việt)
142860,SPK,quan-tri-nh-va-dv-an-uong,D01,Điểm thi THPT,2025,24.73,Quản trị NH và DV ăn uống (đào tạo bằng tiếng Việt)
142861,SPK,quan-tri-nh-va-dv-an-uong,D07,Điểm thi THPT,2025,25.11,Quản trị NH và DV ăn uống (đào tạo bằng tiếng Việt)
142862,SPK,quan-tri-nha-hang-va-dich-vu-an-uong,A00,Điểm học bạ,2021,26.0,Quản trị nhà hàng và dịch vụ ăn uống (Đại trà)
142863,SPK,quan-tri-nha-hang-va-dich-vu-an-uong,A01,Điểm học bạ,2021,26.0,Quản trị nhà hàng và dịch vụ ăn uống (Đại trà)
142864,SPK,quan-tri-nha-hang-va-dich-vu-an-uong,D01,Điểm học bạ,2021,26.0,Quản trị nhà hàng và dịch vụ ăn uống (Đại trà)
142865,SPK,quan-tri-nha-hang-va-dich-vu-an-uong,D07,Điểm học bạ,2021,26.0,Quản trị nhà hàng và dịch vụ ăn uống (Đại trà)
142866,SPK,quan-tri-nha-hang-va-dich-vu-an-uong,A00,Điểm thi THPT,2021,24.25,Quản trị nhà hàng và dịch vụ ăn uống
142867,SPK,quan-tri-nha-hang-va-dich-vu-an-uong,A01,Điểm thi THPT,2021,24.75,Quản trị nhà hàng và dịch vụ ăn uống
142868,SPK,quan-tri-nha-hang-va-dich-vu-an-uong,D01,Điểm thi THPT,2021,24.75,Quản trị nhà hàng và dịch vụ ăn uống
142869,SPK,quan-tri-nha-hang-va-dich-vu-an-uong,D07,Điểm thi THPT,2021,24.75,Quản trị nhà hàng và dịch vụ ăn uống
142870,SPK,quan-tri-nha-hang-va-dich-vu-an-uong,A00,Điểm học bạ,2022,28.75,Quản trị nhà hàng và dịch vụ ăn uống
142871,SPK,quan-tri-nha-hang-va-dich-vu-an-uong,A01,Điểm học bạ,2022,28.75,Quản trị nhà hàng và dịch vụ ăn uống
142872,SPK,quan-tri-nha-hang-va-dich-vu-an-uong,D01,Điểm học bạ,2022,28.75,Quản trị nhà hàng và dịch vụ ăn uống
142873,SPK,quan-tri-nha-hang-va-dich-vu-an-uong,D07,Điểm học bạ,2022,28.75,Quản trị nhà hàng và dịch vụ ăn uống
142874,SPK,quan-tri-nha-hang-va-dich-vu-an-uong,A00,Điểm thi THPT,2022,20.75,Quản trị nhà hàng và dịch vụ ăn uống
142875,SPK,quan-tri-nha-hang-va-dich-vu-an-uong,A01,Điểm thi THPT,2022,20.75,Quản trị nhà hàng và dịch vụ ăn uống
142876,SPK,quan-tri-nha-hang-va-dich-vu-an-uong,D01,Điểm thi THPT,2022,20.75,Quản trị nhà hàng và dịch vụ ăn uống
142877,SPK,quan-tri-nha-hang-va-dich-vu-an-uong,D07,Điểm thi THPT,2022,20.75,Quản trị nhà hàng và dịch vụ ăn uống
142878,SPK,quan-tri-nha-hang-va-dich-vu-an-uong,A00,Điểm học bạ,2023,24.25,Quản trị nhà hàng và dịch vụ ăn uống
142879,SPK,quan-tri-nha-hang-va-dich-vu-an-uong,A01,Điểm học bạ,2023,24.25,Quản trị nhà hàng và dịch vụ ăn uống
142880,SPK,quan-tri-nha-hang-va-dich-vu-an-uong,D01,Điểm học bạ,2023,24.25,Quản trị nhà hàng và dịch vụ ăn uống
142881,SPK,quan-tri-nha-hang-va-dich-vu-an-uong,D07,Điểm học bạ,2023,24.25,Quản trị nhà hàng và dịch vụ ăn uống
142882,SPK,quan-tri-nha-hang-va-dich-vu-an-uong,A00,Điểm thi THPT,2023,23.35,Quản trị nhà hàng và dịch vụ ăn uống
142883,SPK,quan-tri-nha-hang-va-dich-vu-an-uong,A01,Điểm thi THPT,2023,23.35,Quản trị nhà hàng và dịch vụ ăn uống
142884,SPK,quan-tri-nha-hang-va-dich-vu-an-uong,D01,Điểm thi THPT,2023,23.35,Quản trị nhà hàng và dịch vụ ăn uống
142885,SPK,quan-tri-nha-hang-va-dich-vu-an-uong,D07,Điểm thi THPT,2023,23.35,Quản trị nhà hàng và dịch vụ ăn uống
142886,SPK,quan-tri-nha-hang-va-dich-vu-an-uong,A00,Điểm học bạ,2024,25.5,Quản trị nhà hàng và dịch vụ ăn uống (Tiếng Việt)
142887,SPK,quan-tri-nha-hang-va-dich-vu-an-uong,A01,Điểm học bạ,2024,25.5,Quản trị nhà hàng và dịch vụ ăn uống (Tiếng Việt)
142888,SPK,quan-tri-nha-hang-va-dich-vu-an-uong,D01,Điểm học bạ,2024,25.5,Quản trị nhà hàng và dịch vụ ăn uống (Tiếng Việt)
142889,SPK,quan-tri-nha-hang-va-dich-vu-an-uong,D07,Điểm học bạ,2024,25.5,Quản trị nhà hàng và dịch vụ ăn uống (Tiếng Việt)
142890,SPK,quan-tri-nha-hang-va-dich-vu-an-uong,D90,Điểm học bạ,2024,22.5,Quản trị nhà hàng và dịch vụ ăn uống (Tiếng Việt)
142891,SPK,quan-tri-nha-hang-va-dich-vu-an-uong,D96,Điểm học bạ,2024,22.5,Quản trị nhà hàng và dịch vụ ăn uống (Tiếng Việt)
142892,SPK,quan-tri-nha-hang-va-dich-vu-an-uong,A00,Điểm thi THPT,2024,23.27,Quản trị nhà hàng và dịch vụ ăn uống (đào tạo bằng tiếng Việt)
142893,SPK,quan-tri-nha-hang-va-dich-vu-an-uong,A01,Điểm thi THPT,2024,23.27,Quản trị nhà hàng và dịch vụ ăn uống (đào tạo bằng tiếng Việt)
142894,SPK,quan-tri-nha-hang-va-dich-vu-an-uong,D01,Điểm thi THPT,2024,23.27,Quản trị nhà hàng và dịch vụ ăn uống (đào tạo bằng tiếng Việt)
142895,SPK,quan-tri-nha-hang-va-dich-vu-an-uong,D07,Điểm thi THPT,2024,23.27,Quản trị nhà hàng và dịch vụ ăn uống (đào tạo bằng tiếng Việt)
142896,SPK,robot-va-tri-tue-nhan-tao,A00,Điểm thi THPT,2021,26.5,Robot và trí tuệ nhân tạo
142897,SPK,robot-va-tri-tue-nhan-tao,A01,Điểm thi THPT,2021,27.0,Robot và trí tuệ nhân tạo
142898,SPK,robot-va-tri-tue-nhan-tao,D01,Điểm thi THPT,2021,27.0,Robot và trí tuệ nhân tạo
142899,SPK,robot-va-tri-tue-nhan-tao,D90,Điểm thi THPT,2021,27.0,Robot và trí tuệ nhân tạo
142900,SPK,robot-va-tri-tue-nhan-tao,A00,Điểm thi THPT,2022,26.0,Robot và trí tuệ nhân tạo
142901,SPK,robot-va-tri-tue-nhan-tao,A01,Điểm thi THPT,2022,26.0,Robot và trí tuệ nhân tạo
142902,SPK,robot-va-tri-tue-nhan-tao,D01,Điểm thi THPT,2022,26.0,Robot và trí tuệ nhân tạo
142903,SPK,robot-va-tri-tue-nhan-tao,D90,Điểm thi THPT,2022,26.0,Robot và trí tuệ nhân tạo
142904,SPK,robot-va-tri-tue-nhan-tao,A00,Điểm học bạ,2023,28.25,Robot và trí tuệ nhân tạo
142905,SPK,robot-va-tri-tue-nhan-tao,A01,Điểm học bạ,2023,28.25,Robot và trí tuệ nhân tạo
142906,SPK,robot-va-tri-tue-nhan-tao,D01,Điểm học bạ,2023,28.25,Robot và trí tuệ nhân tạo
142907,SPK,robot-va-tri-tue-nhan-tao,D90,Điểm học bạ,2023,28.25,Robot và trí tuệ nhân tạo
142908,SPK,robot-va-tri-tue-nhan-tao,A00,Điểm thi THPT,2023,26.0,Robot và trí tuệ nhân tạo
142909,SPK,robot-va-tri-tue-nhan-tao,A01,Điểm thi THPT,2023,26.0,Robot và trí tuệ nhân tạo
142910,SPK,robot-va-tri-tue-nhan-tao,D01,Điểm thi THPT,2023,26.0,Robot và trí tuệ nhân tạo
142911,SPK,robot-va-tri-tue-nhan-tao,D90,Điểm thi THPT,2023,26.0,Robot và trí tuệ nhân tạo
142912,SPK,robot-va-tri-tue-nhan-tao,A00,Điểm học bạ,2024,25.0,Robot và trí tuệ nhân tạo (Tiếng Việt)
142913,SPK,robot-va-tri-tue-nhan-tao,A01,Điểm học bạ,2024,25.0,Robot và trí tuệ nhân tạo (Tiếng Việt)
142914,SPK,robot-va-tri-tue-nhan-tao,D01,Điểm học bạ,2024,25.0,Robot và trí tuệ nhân tạo (Tiếng Việt)
142915,SPK,robot-va-tri-tue-nhan-tao,D90,Điểm học bạ,2024,25.0,Robot và trí tuệ nhân tạo (Tiếng Việt)
142916,SPK,robot-va-tri-tue-nhan-tao,D96,Điểm học bạ,2024,25.0,Robot và trí tuệ nhân tạo (Tiếng Việt)
142917,SPK,robot-va-tri-tue-nhan-tao,A00,Điểm thi THPT,2024,25.66,Robot và trí tuệ nhân tạo (đào tạo bằng tiếng Việt)
142918,SPK,robot-va-tri-tue-nhan-tao,A01,Điểm thi THPT,2024,25.66,Robot và trí tuệ nhân tạo (đào tạo bằng tiếng Việt)
142919,SPK,robot-va-tri-tue-nhan-tao,D01,Điểm thi THPT,2024,25.66,Robot và trí tuệ nhân tạo (đào tạo bằng tiếng Việt)
142920,SPK,robot-va-tri-tue-nhan-tao,D90,Điểm thi THPT,2024,25.66,Robot và trí tuệ nhân tạo (đào tạo bằng tiếng Việt)
142921,SPK,robot-va-tri-tue-nhan-tao,A00,Điểm học bạ,2025,28.17,Robot và trí tuệ nhân tạo (đào tạo bằng tiếng Việt)
142922,SPK,robot-va-tri-tue-nhan-tao,A01,Điểm học bạ,2025,28.17,Robot và trí tuệ nhân tạo (đào tạo bằng tiếng Việt)
142923,SPK,robot-va-tri-tue-nhan-tao,C01,Điểm học bạ,2025,28.17,Robot và trí tuệ nhân tạo (đào tạo bằng tiếng Việt)
142924,SPK,robot-va-tri-tue-nhan-tao,D01,Điểm học bạ,2025,28.17,Robot và trí tuệ nhân tạo (đào tạo bằng tiếng Việt)
142925,SPK,robot-va-tri-tue-nhan-tao,A00,Điểm thi THPT,2025,27.5,Robot và trí tuệ nhân tạo (đào tạo bằng tiếng Việt)
142926,SPK,robot-va-tri-tue-nhan-tao,A01,Điểm thi THPT,2025,28.48,Robot và trí tuệ nhân tạo (đào tạo bằng tiếng Việt)
142927,SPK,robot-va-tri-tue-nhan-tao,C01,Điểm thi THPT,2025,26.72,Robot và trí tuệ nhân tạo (đào tạo bằng tiếng Việt)
142928,SPK,robot-va-tri-tue-nhan-tao,D01,Điểm thi THPT,2025,28.88,Robot và trí tuệ nhân tạo (đào tạo bằng tiếng Việt)
142929,SPK,su-pham-cong-nghe,A00,Điểm học bạ,2023,20.25,Sư phạm Công nghệ
142930,SPK,su-pham-cong-nghe,A01,Điểm học bạ,2023,20.25,Sư phạm Công nghệ
142931,SPK,su-pham-cong-nghe,D01,Điểm học bạ,2023,20.25,Sư phạm Công nghệ
142932,SPK,su-pham-cong-nghe,D90,Điểm học bạ,2023,20.25,Sư phạm Công nghệ
142933,SPK,su-pham-cong-nghe,A00,Điểm thi THPT,2023,19.7,Sư phạm Công nghệ
142934,SPK,su-pham-cong-nghe,A01,Điểm thi THPT,2023,19.7,Sư phạm Công nghệ
142935,SPK,su-pham-cong-nghe,D01,Điểm thi THPT,2023,19.7,Sư phạm Công nghệ
142936,SPK,su-pham-cong-nghe,D90,Điểm thi THPT,2023,19.7,Sư phạm Công nghệ
142937,SPK,su-pham-cong-nghe,A00,Điểm học bạ,2024,24.0,Sư phạm công nghệ (Tiếng Việt)
142938,SPK,su-pham-cong-nghe,A01,Điểm học bạ,2024,24.0,Sư phạm công nghệ (Tiếng Việt)
142939,SPK,su-pham-cong-nghe,D01,Điểm học bạ,2024,24.0,Sư phạm công nghệ (Tiếng Việt)
142940,SPK,su-pham-cong-nghe,D90,Điểm học bạ,2024,24.0,Sư phạm công nghệ (Tiếng Việt)
142941,SPK,su-pham-cong-nghe,D96,Điểm học bạ,2024,24.0,Sư phạm công nghệ (Tiếng Việt)
142942,SPK,su-pham-cong-nghe,A00,Điểm thi THPT,2024,24.15,Sư phạm Công nghệ (đào tạo bằng tiếng Việt)
142943,SPK,su-pham-cong-nghe,A01,Điểm thi THPT,2024,24.15,Sư phạm Công nghệ (đào tạo bằng tiếng Việt)
142944,SPK,su-pham-cong-nghe,D01,Điểm thi THPT,2024,24.15,Sư phạm Công nghệ (đào tạo bằng tiếng Việt)
142945,SPK,su-pham-cong-nghe,D90,Điểm thi THPT,2024,24.15,Sư phạm Công nghệ (đào tạo bằng tiếng Việt)
142946,SPK,su-pham-cong-nghe,A00,Điểm học bạ,2025,27.93,Sư phạm công nghệ (đào tạo bằng tiếng Việt)
142947,SPK,su-pham-cong-nghe,A01,Điểm học bạ,2025,27.93,Sư phạm công nghệ (đào tạo bằng tiếng Việt)
142948,SPK,su-pham-cong-nghe,C01,Điểm học bạ,2025,27.93,Sư phạm công nghệ (đào tạo bằng tiếng Việt)
142949,SPK,su-pham-cong-nghe,D01,Điểm học bạ,2025,27.93,Sư phạm công nghệ (đào tạo bằng tiếng Việt)
142950,SPK,su-pham-cong-nghe,A00,Điểm thi THPT,2025,26.79,Sư phạm công nghệ (đào tạo bằng tiếng Việt)
142951,SPK,su-pham-cong-nghe,A01,Điểm thi THPT,2025,27.77,Sư phạm công nghệ (đào tạo bằng tiếng Việt)
142952,SPK,su-pham-cong-nghe,C01,Điểm thi THPT,2025,26.01,Sư phạm công nghệ (đào tạo bằng tiếng Việt)
142953,SPK,su-pham-cong-nghe,D01,Điểm thi THPT,2025,28.27,Sư phạm công nghệ (đào tạo bằng tiếng Việt)
142954,SPK,su-pham-tieng-anh,D01,Điểm học bạ,2021,29.0,Sư phạm tiếng Anh (Đại trà)
142955,SPK,su-pham-tieng-anh,D96,Điểm học bạ,2021,29.0,Sư phạm tiếng Anh (Đại trà)
142956,SPK,su-pham-tieng-anh,D01,Điểm thi THPT,2021,27.25,Sư phạm Tiếng Anh
142957,SPK,su-pham-tieng-anh,D96,Điểm thi THPT,2021,27.25,Sư phạm Tiếng Anh
142958,SPK,su-pham-tieng-anh,D01,Điểm học bạ,2022,29.0,Sư phạm Tiếng Anh
142959,SPK,su-pham-tieng-anh,D96,Điểm học bạ,2022,29.0,Sư phạm Tiếng Anh
142960,SPK,su-pham-tieng-anh,D01,Điểm thi THPT,2022,26.08,Sư phạm Tiếng Anh
142961,SPK,su-pham-tieng-anh,D96,Điểm thi THPT,2022,26.08,Sư phạm Tiếng Anh
142962,SPK,su-pham-tieng-anh,A00,Điểm học bạ,2023,29.0,Sư phạm Tiếng Anh
142963,SPK,su-pham-tieng-anh,A01,Điểm học bạ,2023,29.0,Sư phạm Tiếng Anh
142964,SPK,su-pham-tieng-anh,D01,Điểm học bạ,2023,29.0,Sư phạm Tiếng Anh
142965,SPK,su-pham-tieng-anh,D90,Điểm học bạ,2023,29.0,Sư phạm Tiếng Anh
142966,SPK,su-pham-tieng-anh,D01,Điểm thi THPT,2023,27.2,Sư phạm Tiếng Anh
142967,SPK,su-pham-tieng-anh,D96,Điểm thi THPT,2023,27.2,Sư phạm Tiếng Anh
142968,SPK,su-pham-tieng-anh,D01,Điểm học bạ,2024,26.5,Sư phạm tiếng Anh (Tiếng Việt)
142969,SPK,su-pham-tieng-anh,D96,Điểm học bạ,2024,26.5,Sư phạm tiếng Anh (Tiếng Việt)
142970,SPK,su-pham-tieng-anh,D01,Điểm thi THPT,2024,27.5,Sư phạm tiếng Anh (đào tạo bằng tiếng Việt)
142971,SPK,su-pham-tieng-anh,D96,Điểm thi THPT,2024,27.5,Sư phạm tiếng Anh (đào tạo bằng tiếng Việt)
142972,SPK,su-pham-tieng-anh,D01,Điểm học bạ,2025,29.57,Sư phạm tiếng Anh (đào tạo bằng tiếng Việt)
142973,SPK,su-pham-tieng-anh,D09,Điểm học bạ,2025,29.57,Sư phạm tiếng Anh (đào tạo bằng tiếng Việt)
142974,SPK,su-pham-tieng-anh,D10,Điểm học bạ,2025,29.57,Sư phạm tiếng Anh (đào tạo bằng tiếng Việt)
142975,SPK,su-pham-tieng-anh,X26,Điểm học bạ,2025,29.57,Sư phạm tiếng Anh (đào tạo bằng tiếng Việt)
142976,SPK,su-pham-tieng-anh,D01,Điểm thi THPT,2025,29.57,Sư phạm tiếng Anh (đào tạo bằng tiếng Việt)
142977,SPK,su-pham-tieng-anh,D09,Điểm thi THPT,2025,29.57,Sư phạm tiếng Anh (đào tạo bằng tiếng Việt)
142978,SPK,su-pham-tieng-anh,D10,Điểm thi THPT,2025,29.17,Sư phạm tiếng Anh (đào tạo bằng tiếng Việt)
142979,SPK,su-pham-tieng-anh,X26,Điểm thi THPT,2025,28.89,Sư phạm tiếng Anh (đào tạo bằng tiếng Việt)
142980,SPK,tai-chinh-ngan-hang,A00,Điểm thi THPT,2021,16.0,Tài chính ngân hàng (Sunderland - Anh)
142981,SPK,tai-chinh-ngan-hang,A01,Điểm thi THPT,2021,16.0,Tài chính ngân hàng (Sunderland - Anh)
142982,SPK,tai-chinh-ngan-hang,D01,Điểm thi THPT,2021,16.0,Tài chính ngân hàng (Sunderland - Anh)
142983,SPK,tai-chinh-ngan-hang,D90,Điểm thi THPT,2021,16.0,Tài chính ngân hàng (Sunderland - Anh)
142984,SPK,tam-ly-hoc-giao-duc,A00,Điểm học bạ,2024,27.0,Tàm lý học giáo dục (Tiếng Việt)
142985,SPK,tam-ly-hoc-giao-duc,A01,Điểm học bạ,2024,27.0,Tàm lý học giáo dục (Tiếng Việt)
142986,SPK,tam-ly-hoc-giao-duc,C00,Điểm học bạ,2024,23.0,Tâm lý học giáo dục (Tiếng Việt)
142987,SPK,tam-ly-hoc-giao-duc,C20,Điểm học bạ,2024,23.0,Tâm lý học giáo dục (Tiếng Việt)
142988,SPK,tam-ly-hoc-giao-duc,D01,Điểm học bạ,2024,27.0,Tàm lý học giáo dục (Tiếng Việt)
142989,SPK,tam-ly-hoc-giao-duc,D14,Điểm học bạ,2024,23.0,Tâm lý học giáo dục (Tiếng Việt)
142990,SPK,tam-ly-hoc-giao-duc,D90,Điểm học bạ,2024,27.0,Tàm lý học giáo dục (Tiếng Việt)
142991,SPK,tam-ly-hoc-giao-duc,D96,Điểm học bạ,2024,27.0,Tàm lý học giáo dục (Tiếng Việt)
142992,SPK,tam-ly-hoc-giao-duc,C00,Điểm thi THPT,2024,25.15,Tâm lý học giáo dục (đào tạo bằng tiếng Việt)
142993,SPK,tam-ly-hoc-giao-duc,C20,Điểm thi THPT,2024,25.15,Tâm lý học giáo dục (đào tạo bằng tiếng Việt)
142994,SPK,tam-ly-hoc-giao-duc,D01,Điểm thi THPT,2024,25.15,Tâm lý học giáo dục (đào tạo bằng tiếng Việt)
142995,SPK,tam-ly-hoc-giao-duc,D14,Điểm thi THPT,2024,25.15,Tâm lý học giáo dục (đào tạo bằng tiếng Việt)
142996,SPK,tam-ly-hoc-giao-duc,C00,Điểm học bạ,2025,27.28,Tâm lý học giáo dục (đào tạo bằng tiếng Việt)
142997,SPK,tam-ly-hoc-giao-duc,D01,Điểm học bạ,2025,27.28,Tâm lý học giáo dục (đào tạo bằng tiếng Việt)
142998,SPK,tam-ly-hoc-giao-duc,D14,Điểm học bạ,2025,27.28,Tâm lý học giáo dục (đào tạo bằng tiếng Việt)
142999,SPK,tam-ly-hoc-giao-duc,X70,Điểm học bạ,2025,27.28,Tâm lý học giáo dục (đào tạo bằng tiếng Việt)
143000,SPK,tam-ly-hoc-giao-duc,X74,Điểm học bạ,2025,27.28,Tâm lý học giáo dục (đào tạo bằng tiếng Việt)
143001,SPK,tam-ly-hoc-giao-duc,X78,Điểm học bạ,2025,27.28,Tâm lý học giáo dục (đào tạo bằng tiếng Việt)
143002,SPK,tam-ly-hoc-giao-duc,C00,Điểm thi THPT,2025,25.18,Tâm lý học giáo dục (đào tạo bằng tiếng Việt)
143003,SPK,tam-ly-hoc-giao-duc,D01,Điểm thi THPT,2025,28.03,Tâm lý học giáo dục (đào tạo bằng tiếng Việt)
143004,SPK,tam-ly-hoc-giao-duc,D14,Điểm thi THPT,2025,26.94,Tâm lý học giáo dục (đào tạo bằng tiếng Việt)
143005,SPK,tam-ly-hoc-giao-duc,X70,Điểm thi THPT,2025,24.5,Tâm lý học giáo dục (đào tạo bằng tiếng Việt)
143006,SPK,tam-ly-hoc-giao-duc,X74,Điểm thi THPT,2025,24.19,Tâm lý học giáo dục (đào tạo bằng tiếng Việt)
143007,SPK,tam-ly-hoc-giao-duc,X78,Điểm thi THPT,2025,25.95,Tâm lý học giáo dục (đào tạo bằng tiếng Việt)
143008,SPK,thiet-ke-do-hoa,V01,Điểm thi THPT,2021,24.25,Thiết kế đồ họa
143009,SPK,thiet-ke-do-hoa,V02,Điểm thi THPT,2021,24.75,Thiết kế đồ họa
143010,SPK,thiet-ke-do-hoa,V07,Điểm thi THPT,2021,24.25,Thiết kế đồ họa
143011,SPK,thiet-ke-do-hoa,V08,Điểm thi THPT,2021,24.75,Thiết kế đồ họa
143012,SPK,thiet-ke-do-hoa,V01,Điểm học bạ,2022,24.25,Thiết kế đồ họa
143013,SPK,thiet-ke-do-hoa,V02,Điểm học bạ,2022,24.25,Thiết kế đồ họa
143014,SPK,thiet-ke-do-hoa,V07,Điểm học bạ,2022,24.25,Thiết kế đồ họa
143015,SPK,thiet-ke-do-hoa,V08,Điểm học bạ,2022,24.25,Thiết kế đồ họa
143016,SPK,thiet-ke-do-hoa,V01,Điểm thi THPT,2022,24.5,Thiết kế đồ họa
143017,SPK,thiet-ke-do-hoa,V02,Điểm thi THPT,2022,24.5,Thiết kế đồ họa
143018,SPK,thiet-ke-do-hoa,V07,Điểm thi THPT,2022,24.5,Thiết kế đồ họa
143019,SPK,thiet-ke-do-hoa,V08,Điểm thi THPT,2022,24.5,Thiết kế đồ họa
143020,SPK,thiet-ke-do-hoa,V01,Điểm học bạ,2023,25.0,Thiết kế đồ họa
143021,SPK,thiet-ke-do-hoa,V02,Điểm học bạ,2023,25.0,Thiết kế đồ họa
143022,SPK,thiet-ke-do-hoa,V07,Điểm học bạ,2023,25.0,Thiết kế đồ họa
143023,SPK,thiet-ke-do-hoa,V08,Điểm học bạ,2023,25.0,Thiết kế đồ họa
143024,SPK,thiet-ke-do-hoa,V01,Điểm thi THPT,2023,24.3,Thiết kế đồ họa
143025,SPK,thiet-ke-do-hoa,V02,Điểm thi THPT,2023,24.3,Thiết kế đồ họa
143026,SPK,thiet-ke-do-hoa,V07,Điểm thi THPT,2023,24.3,Thiết kế đồ họa
143027,SPK,thiet-ke-do-hoa,V08,Điểm thi THPT,2023,24.3,Thiết kế đồ họa
143028,SPK,thiet-ke-do-hoa,V01,Điểm thi THPT,2024,26.5,Thiết kế đồ họa (đào tạo bằng tiếng Việt)
143029,SPK,thiet-ke-do-hoa,V02,Điểm thi THPT,2024,26.5,Thiết kế đồ họa (đào tạo bằng tiếng Việt)
143030,SPK,thiet-ke-do-hoa,V07,Điểm thi THPT,2024,26.5,Thiết kế đồ họa (đào tạo bằng tiếng Việt)
143031,SPK,thiet-ke-do-hoa,V08,Điểm thi THPT,2024,26.5,Thiết kế đồ họa (đào tạo bằng tiếng Việt)
143032,SPK,thiet-ke-do-hoa,V01,Điểm học bạ,2025,26.88,Thiết kế đồ họa (đào tạo bằng tiếng Việt)
143033,SPK,thiet-ke-do-hoa,V02,Điểm học bạ,2025,26.88,Thiết kế đồ họa (đào tạo bằng tiếng Việt)
143034,SPK,thiet-ke-do-hoa,V07,Điểm học bạ,2025,26.88,Thiết kế đồ họa (đào tạo bằng tiếng Việt)
143035,SPK,thiet-ke-do-hoa,V08,Điểm học bạ,2025,26.88,Thiết kế đồ họa (đào tạo bằng tiếng Việt)
143036,SPK,thiet-ke-do-hoa,V10,Điểm học bạ,2025,26.88,Thiết kế đồ họa (đào tạo bằng tiếng Việt)
143037,SPK,thiet-ke-do-hoa,V01,Điểm thi THPT,2025,24.6,Thiết kế đồ họa (đào tạo bằng tiếng Việt)
143038,SPK,thiet-ke-do-hoa,V02,Điểm thi THPT,2025,25.95,Thiết kế đồ họa (đào tạo bằng tiếng Việt)
143039,SPK,thiet-ke-do-hoa,V07,Điểm thi THPT,2025,24.3,Thiết kế đồ họa (đào tạo bằng tiếng Việt)
143040,SPK,thiet-ke-do-hoa,V08,Điểm thi THPT,2025,24.95,Thiết kế đồ họa (đào tạo bằng tiếng Việt)
143041,SPK,thiet-ke-do-hoa,V10,Điểm thi THPT,2025,23.2,Thiết kế đồ họa (đào tạo bằng tiếng Việt)
143042,SPK,thiet-ke-thoi-trang,V01,Điểm thi THPT,2021,21.25,Thiết kế thời trang
143043,SPK,thiet-ke-thoi-trang,V02,Điểm thi THPT,2021,21.75,Thiết kế thời trang
143044,SPK,thiet-ke-thoi-trang,V07,Điểm thi THPT,2021,21.25,Thiết kế thời trang
143045,SPK,thiet-ke-thoi-trang,V09,Điểm thi THPT,2021,21.25,Thiết kế thời trang
143046,SPK,thiet-ke-thoi-trang,V01,Điểm học bạ,2022,21.0,Thiết kế thời trang
143047,SPK,thiet-ke-thoi-trang,V02,Điểm học bạ,2022,21.0,Thiết kế thời trang
143048,SPK,thiet-ke-thoi-trang,V07,Điểm học bạ,2022,21.0,Thiết kế thời trang
143049,SPK,thiet-ke-thoi-trang,V09,Điểm học bạ,2022,21.0,Thiết kế thời trang
143050,SPK,thiet-ke-thoi-trang,V01,Điểm thi THPT,2022,21.6,Thiết kế thời trang
143051,SPK,thiet-ke-thoi-trang,V02,Điểm thi THPT,2022,21.6,Thiết kế thời trang
143052,SPK,thiet-ke-thoi-trang,V07,Điểm thi THPT,2022,21.6,Thiết kế thời trang
143053,SPK,thiet-ke-thoi-trang,V09,Điểm thi THPT,2022,21.6,Thiết kế thời trang
143054,SPK,thiet-ke-thoi-trang,V01,Điểm học bạ,2023,21.5,Thiết kế thời trang
143055,SPK,thiet-ke-thoi-trang,V02,Điểm học bạ,2023,21.5,Thiết kế thời trang
143056,SPK,thiet-ke-thoi-trang,V07,Điểm học bạ,2023,21.5,Thiết kế thời trang
143057,SPK,thiet-ke-thoi-trang,V09,Điểm học bạ,2023,21.5,Thiết kế thời trang
143058,SPK,thiet-ke-thoi-trang,V01,Điểm thi THPT,2023,23.1,Thiết kế thời trang
143059,SPK,thiet-ke-thoi-trang,V02,Điểm thi THPT,2023,23.1,Thiết kế thời trang
143060,SPK,thiet-ke-thoi-trang,V07,Điểm thi THPT,2023,23.1,Thiết kế thời trang
143061,SPK,thiet-ke-thoi-trang,V09,Điểm thi THPT,2023,23.1,Thiết kế thời trang
143062,SPK,thiet-ke-thoi-trang,V01,Điểm thi THPT,2024,24.8,Thiết kế thời trang (đào tạo bằng tiếng Việt)
143063,SPK,thiet-ke-thoi-trang,V02,Điểm thi THPT,2024,24.8,Thiết kế thời trang (đào tạo bằng tiếng Việt)
143064,SPK,thiet-ke-thoi-trang,V07,Điểm thi THPT,2024,24.8,Thiết kế thời trang (đào tạo bằng tiếng Việt)
143065,SPK,thiet-ke-thoi-trang,V09,Điểm thi THPT,2024,24.8,Thiết kế thời trang (đào tạo bằng tiếng Việt)
143066,SPK,thiet-ke-thoi-trang,V01,Điểm học bạ,2025,25.57,Thiết kế thời trang (đào tạo bằng tiếng Việt)
143067,SPK,thiet-ke-thoi-trang,V07,Điểm học bạ,2025,25.57,Thiết kế thời trang (đào tạo bằng tiếng Việt)
143068,SPK,thiet-ke-thoi-trang,V08,Điểm học bạ,2025,25.57,Thiết kế thời trang (đào tạo bằng tiếng Việt)
143069,SPK,thiet-ke-thoi-trang,V11,Điểm học bạ,2025,25.57,Thiết kế thời trang (đào tạo bằng tiếng Việt)
143070,SPK,thiet-ke-thoi-trang,V01,Điểm thi THPT,2025,22.7,Thiết kế thời trang (đào tạo bằng tiếng Việt)
143071,SPK,thiet-ke-thoi-trang,V07,Điểm thi THPT,2025,22.4,Thiết kế thời trang (đào tạo bằng tiếng Việt)
143072,SPK,thiet-ke-thoi-trang,V08,Điểm thi THPT,2025,23.05,Thiết kế thời trang (đào tạo bằng tiếng Việt)
143073,SPK,thiet-ke-thoi-trang,V09,Điểm thi THPT,2025,23.4,Thiết kế thời trang (đào tạo bằng tiếng Việt)
143074,SPK,thiet-ke-thoi-trang,V11,Điểm thi THPT,2025,21.6,Thiết kế thời trang (đào tạo bằng tiếng Việt)
143075,SPK,thuong-mai-dien-tu,A00,Điểm học bạ,2021,27.75,Thương mại điện tử (CLC Tiếng Việt)
143076,SPK,thuong-mai-dien-tu,A01,Điểm học bạ,2021,27.75,Thương mại điện tử (CLC Tiếng Việt)
143077,SPK,thuong-mai-dien-tu,D01,Điểm học bạ,2021,27.75,Thương mại điện tử (CLC Tiếng Việt)
143078,SPK,thuong-mai-dien-tu,D90,Điểm học bạ,2021,27.75,Thương mại điện tử (CLC Tiếng Việt)
143079,SPK,thuong-mai-dien-tu,A00,Điểm thi THPT,2021,26.0,Thương mại điện tử
143080,SPK,thuong-mai-dien-tu,A01,Điểm thi THPT,2021,26.5,Thương mại điện tử
143081,SPK,thuong-mai-dien-tu,D01,Điểm thi THPT,2021,26.5,Thương mại điện tử
143082,SPK,thuong-mai-dien-tu,D90,Điểm thi THPT,2021,26.5,Thương mại điện tử
143083,SPK,thuong-mai-dien-tu,A00,Điểm học bạ,2022,29.75,Thương mại điện tử
143084,SPK,thuong-mai-dien-tu,A01,Điểm học bạ,2022,29.75,Thương mại điện tử
143085,SPK,thuong-mai-dien-tu,D01,Điểm học bạ,2022,29.75,Thương mại điện tử
143086,SPK,thuong-mai-dien-tu,D90,Điểm học bạ,2022,29.75,Thương mại điện tử
143087,SPK,thuong-mai-dien-tu,A00,Điểm thi THPT,2022,26.0,Thương mại điện tử
143088,SPK,thuong-mai-dien-tu,A01,Điểm thi THPT,2022,26.0,Thương mại điện tử
143089,SPK,thuong-mai-dien-tu,D01,Điểm thi THPT,2022,26.0,Thương mại điện tử
143090,SPK,thuong-mai-dien-tu,D90,Điểm thi THPT,2022,26.0,Thương mại điện tử
143091,SPK,thuong-mai-dien-tu,A00,Điểm học bạ,2023,28.0,Thương mại điện tử
143092,SPK,thuong-mai-dien-tu,A01,Điểm học bạ,2023,28.0,Thương mại điện tử
143093,SPK,thuong-mai-dien-tu,D01,Điểm học bạ,2023,28.0,Thương mại điện tử
143094,SPK,thuong-mai-dien-tu,D90,Điểm học bạ,2023,28.0,Thương mại điện tử
143095,SPK,thuong-mai-dien-tu,A00,Điểm thi THPT,2023,27.0,Thương mại điện tử
143096,SPK,thuong-mai-dien-tu,A01,Điểm thi THPT,2023,27.0,Thương mại điện tử
143097,SPK,thuong-mai-dien-tu,D01,Điểm thi THPT,2023,27.0,Thương mại điện tử
143098,SPK,thuong-mai-dien-tu,D90,Điểm thi THPT,2023,27.0,Thương mại điện tử
143099,SPK,thuong-mai-dien-tu,A00,Điểm học bạ,2024,26.5,Thương mại điện tử (Tiếng Việt)
143100,SPK,thuong-mai-dien-tu,A01,Điểm học bạ,2024,26.5,Thương mại điện tử (Tiếng Việt)
143101,SPK,thuong-mai-dien-tu,D01,Điểm học bạ,2024,26.5,Thương mại điện tử (Tiếng Việt)
143102,SPK,thuong-mai-dien-tu,D90,Điểm học bạ,2024,26.5,Thương mại điện tử (Tiếng Việt)
143103,SPK,thuong-mai-dien-tu,D96,Điểm học bạ,2024,26.5,Thương mại điện tử (Tiếng Việt)
143104,SPK,thuong-mai-dien-tu,A00,Điểm thi THPT,2024,23.0,Thương mại điện tử (đào tạo bằng tiếng Việt)
143105,SPK,thuong-mai-dien-tu,A01,Điểm thi THPT,2024,23.0,Thương mại điện tử (đào tạo bằng tiếng Việt)
143106,SPK,thuong-mai-dien-tu,D01,Điểm thi THPT,2024,23.0,Thương mại điện tử (đào tạo bằng tiếng Việt)
143107,SPK,thuong-mai-dien-tu,D90,Điểm thi THPT,2024,23.0,Thương mại điện tử (đào tạo bằng tiếng Việt)
143108,SPK,thuong-mai-dien-tu,A00,Điểm học bạ,2025,25.7,Thương mại điện tử (đào tạo bằng tiếng Việt)
143109,SPK,thuong-mai-dien-tu,A01,Điểm học bạ,2025,25.7,Thương mại điện tử (đào tạo bằng tiếng Việt)
143110,SPK,thuong-mai-dien-tu,C01,Điểm học bạ,2025,25.7,Thương mại điện tử (đào tạo bằng tiếng Việt)
143111,SPK,thuong-mai-dien-tu,D01,Điểm học bạ,2025,25.7,Thương mại điện tử (đào tạo bằng tiếng Việt)
143112,SPK,thuong-mai-dien-tu,A00,Điểm thi THPT,2025,24.7,Thương mại điện tử (đào tạo tại phân hiệu Bình Phước)
143113,SPK,thuong-mai-dien-tu,A01,Điểm thi THPT,2025,25.68,Thương mại điện tử (đào tạo tại phân hiệu Bình Phước)
143114,SPK,thuong-mai-dien-tu,C01,Điểm thi THPT,2025,23.92,Thương mại điện tử (đào tạo tại phân hiệu Bình Phước)
143115,SPK,thuong-mai-dien-tu,D01,Điểm thi THPT,2025,26.08,Thương mại điện tử (đào tạo tại phân hiệu Bình Phước)
143116,SPK,vat-ly-ky-thuat,A00,Điểm học bạ,2025,28.65,"Vật lý kỹ thuật (định hướng công nghệ bán dẫn và cảm biến, đo lường) (đào tạo bằng tiếng Việt)"
143117,SPK,vat-ly-ky-thuat,A01,Điểm học bạ,2025,28.65,"Vật lý kỹ thuật (định hướng công nghệ bán dẫn và cảm biến, đo lường) (đào tạo bằng tiếng Việt)"
143118,SPK,vat-ly-ky-thuat,A02,Điểm học bạ,2025,28.65,"Vật lý kỹ thuật (định hướng công nghệ bán dẫn và cảm biến, đo lường) (đào tạo bằng tiếng Việt)"
143119,SPK,vat-ly-ky-thuat,X06,Điểm học bạ,2025,28.65,"Vật lý kỹ thuật (định hướng công nghệ bán dẫn và cảm biến, đo lường) (đào tạo bằng tiếng Việt)"
143120,SPK,vat-ly-ky-thuat,A00,Điểm thi THPT,2025,28.65,"Vật lý kỹ thuật (định hướng công nghệ bán dẫn và cảm biến, đo lường) (đào tạo bằng tiếng Việt)"
143121,SPK,vat-ly-ky-thuat,A01,Điểm thi THPT,2025,29.63,"Vật lý kỹ thuật (định hướng công nghệ bán dẫn và cảm biến, đo lường) (đào tạo bằng tiếng Việt)"
143122,SPK,vat-ly-ky-thuat,A02,Điểm thi THPT,2025,28.87,"Vật lý kỹ thuật (định hướng công nghệ bán dẫn và cảm biến, đo lường) (đào tạo bằng tiếng Việt)"
143123,SPK,vat-ly-ky-thuat,X06,Điểm thi THPT,2025,27.6,"Vật lý kỹ thuật (định hướng công nghệ bán dẫn và cảm biến, đo lường) (đào tạo bằng tiếng Việt)"
143124,SPS,cong-nghe-giao-duc,A01,Điểm thi THPT,2025,19.25,Công nghệ giáo dục
143125,SPS,cong-nghe-giao-duc,B08,Điểm thi THPT,2025,20.0,Công nghệ giáo dục
143126,SPS,cong-nghe-giao-duc,D07,Điểm thi THPT,2025,19.75,Công nghệ giáo dục
143127,SPS,cong-nghe-giao-duc,X26,Điểm thi THPT,2025,19.25,Công nghệ giáo dục
143128,SPS,cong-nghe-thong-tin,A00,Điểm học bạ,2021,27.55,Công nghệ thông tin
143129,SPS,cong-nghe-thong-tin,A01,Điểm học bạ,2021,27.55,Công nghệ thông tin
143130,SPS,cong-nghe-thong-tin,A00,Điểm thi THPT,2021,24.0,Công nghệ thông tin
143131,SPS,cong-nghe-thong-tin,A01,Điểm thi THPT,2021,24.0,Công nghệ thông tin
143132,SPS,cong-nghe-thong-tin,A00,Điểm học bạ,2022,25.92,Công nghệ thông tin
143133,SPS,cong-nghe-thong-tin,A01,Điểm học bạ,2022,25.92,Công nghệ thông tin
143134,SPS,cong-nghe-thong-tin,A00,Điểm thi THPT,2022,24.1,Công nghệ thông tin
143135,SPS,cong-nghe-thong-tin,A01,Điểm thi THPT,2022,24.1,Công nghệ thông tin
143136,SPS,cong-nghe-thong-tin,A00,Điểm học bạ,2023,28.24,Công nghệ thông tin
143137,SPS,cong-nghe-thong-tin,A01,Điểm học bạ,2023,28.24,Công nghệ thông tin
143138,SPS,cong-nghe-thong-tin,B08,Điểm học bạ,2023,28.24,Công nghệ thông tin
143139,SPS,cong-nghe-thong-tin,A00,Điểm thi THPT,2023,23.34,Công nghệ thông tin
143140,SPS,cong-nghe-thong-tin,A01,Điểm thi THPT,2023,23.34,Công nghệ thông tin
143141,SPS,cong-nghe-thong-tin,B08,Điểm thi THPT,2023,23.34,Công nghệ thông tin
143142,SPS,cong-nghe-thong-tin,A00,Điểm học bạ,2024,27.96,Công nghệ thông tin
143143,SPS,cong-nghe-thong-tin,A01,Điểm học bạ,2024,27.96,Công nghệ thông tin
143144,SPS,cong-nghe-thong-tin,B08,Điểm học bạ,2024,27.96,Công nghệ thông tin
143145,SPS,cong-nghe-thong-tin,A00,Điểm thi THPT,2024,23.05,Công nghệ thông tin
143146,SPS,cong-nghe-thong-tin,A01,Điểm thi THPT,2024,23.05,Công nghệ thông tin
143147,SPS,cong-nghe-thong-tin,B08,Điểm thi THPT,2024,23.05,Công nghệ thông tin
143148,SPS,cong-nghe-thong-tin,A01,Điểm thi THPT,2025,19.0,Công nghệ thông tin
143149,SPS,cong-nghe-thong-tin,B08,Điểm thi THPT,2025,19.75,Công nghệ thông tin
143150,SPS,cong-nghe-thong-tin,D07,Điểm thi THPT,2025,19.5,Công nghệ thông tin
143151,SPS,cong-nghe-thong-tin,X26,Điểm thi THPT,2025,19.0,Công nghệ thông tin
143152,SPS,cong-tac-xa-hoi,A00,Điểm học bạ,2021,26.67,Công tác xã hội
143153,SPS,cong-tac-xa-hoi,C00,Điểm học bạ,2021,26.67,Công tác xã hội
143154,SPS,cong-tac-xa-hoi,D01,Điểm học bạ,2021,26.67,Công tác xã hội
143155,SPS,cong-tac-xa-hoi,A00,Điểm thi THPT,2021,22.5,Công tác xã hội
143156,SPS,cong-tac-xa-hoi,C00,Điểm thi THPT,2021,22.5,Công tác xã hội
143157,SPS,cong-tac-xa-hoi,D01,Điểm thi THPT,2021,22.5,Công tác xã hội
143158,SPS,cong-tac-xa-hoi,A00,Điểm học bạ,2022,22.8,Công tác xã hội
143159,SPS,cong-tac-xa-hoi,C00,Điểm học bạ,2022,22.8,Công tác xã hội
143160,SPS,cong-tac-xa-hoi,D01,Điểm học bạ,2022,22.8,Công tác xã hội
143161,SPS,cong-tac-xa-hoi,A00,Điểm thi THPT,2022,20.4,Công tác xã hội
143162,SPS,cong-tac-xa-hoi,C00,Điểm thi THPT,2022,20.4,Công tác xã hội
143163,SPS,cong-tac-xa-hoi,D01,Điểm thi THPT,2022,20.4,Công tác xã hội
143164,SPS,cong-tac-xa-hoi,A00,Điểm học bạ,2023,27.02,Công tác xã hội
143165,SPS,cong-tac-xa-hoi,C00,Điểm học bạ,2023,27.02,Công tác xã hội
143166,SPS,cong-tac-xa-hoi,D01,Điểm học bạ,2023,27.02,Công tác xã hội
143167,SPS,cong-tac-xa-hoi,A00,Điểm thi THPT,2023,22.0,Công tác xã hội
143168,SPS,cong-tac-xa-hoi,C00,Điểm thi THPT,2023,22.0,Công tác xã hội
143169,SPS,cong-tac-xa-hoi,D01,Điểm thi THPT,2023,22.0,Công tác xã hội
143170,SPS,cong-tac-xa-hoi,A00,Điểm học bạ,2024,26.83,Công tác xã hội
143171,SPS,cong-tac-xa-hoi,C00,Điểm học bạ,2024,26.83,Công tác xã hội
143172,SPS,cong-tac-xa-hoi,D01,Điểm học bạ,2024,26.83,Công tác xã hội
143173,SPS,cong-tac-xa-hoi,A00,Điểm thi THPT,2024,24.44,Công tác xã hội
143174,SPS,cong-tac-xa-hoi,C00,Điểm thi THPT,2024,24.44,Công tác xã hội
143175,SPS,cong-tac-xa-hoi,D01,Điểm thi THPT,2024,24.44,Công tác xã hội
143176,SPS,cong-tac-xa-hoi,A00,Điểm thi THPT,2025,27.13,Công tác xã hội
143177,SPS,cong-tac-xa-hoi,C00,Điểm thi THPT,2025,25.63,Công tác xã hội
143178,SPS,cong-tac-xa-hoi,C19,Điểm thi THPT,2025,25.38,Công tác xã hội
143179,SPS,cong-tac-xa-hoi,D14,Điểm thi THPT,2025,26.13,Công tác xã hội
143180,SPS,cong-tac-xa-hoi,X70,Điểm thi THPT,2025,25.38,Công tác xã hội
143181,SPS,dia-ly-hoc,C00,Điểm học bạ,2023,27.58,Địa lý học
143182,SPS,dia-ly-hoc,D10,Điểm học bạ,2023,27.58,Địa lý học
143183,SPS,dia-ly-hoc,D15,Điểm học bạ,2023,27.58,Địa lý học
143184,SPS,dia-ly-hoc,D78,Điểm học bạ,2023,27.58,Địa lý học
143185,SPS,dia-ly-hoc,C00,Điểm thi THPT,2023,19.75,Địa lý học
143186,SPS,dia-ly-hoc,D10,Điểm thi THPT,2023,19.75,Địa lý học
143187,SPS,dia-ly-hoc,D15,Điểm thi THPT,2023,19.75,Địa lý học
143188,SPS,dia-ly-hoc,D78,Điểm thi THPT,2023,19.75,Địa lý học
143189,SPS,dia-ly-hoc,C00,Điểm học bạ,2024,27.03,Địa lý học
143190,SPS,dia-ly-hoc,D10,Điểm học bạ,2024,27.03,Địa lý học
143191,SPS,dia-ly-hoc,D15,Điểm học bạ,2024,27.03,Địa lý học
143192,SPS,dia-ly-hoc,D78,Điểm học bạ,2024,27.03,Địa lý học
143193,SPS,dia-ly-hoc,C00,Điểm thi THPT,2024,25.17,Địa lý học
143194,SPS,dia-ly-hoc,D10,Điểm thi THPT,2024,25.17,Địa lý học
143195,SPS,dia-ly-hoc,D15,Điểm thi THPT,2024,25.17,Địa lý học
143196,SPS,dia-ly-hoc,D78,Điểm thi THPT,2024,25.17,Địa lý học
143197,SPS,dia-ly-hoc,C00,Điểm thi THPT,2025,26.73,Địa lý học
143198,SPS,dia-ly-hoc,C04,Điểm thi THPT,2025,26.98,Địa lý học
143199,SPS,dia-ly-hoc,C20,Điểm thi THPT,2025,26.48,Địa lý học
143200,SPS,dia-ly-hoc,D15,Điểm thi THPT,2025,27.23,Địa lý học
143201,SPS,dia-ly-hoc,X74,Điểm thi THPT,2025,26.48,Địa lý học
143202,SPS,du-lich,C00,Điểm thi THPT,2023,22.0,Du lịch
143203,SPS,du-lich,C04,Điểm thi THPT,2023,22.0,Du lịch
143204,SPS,du-lich,D01,Điểm thi THPT,2023,22.0,Du lịch
143205,SPS,du-lich,D78,Điểm thi THPT,2023,22.0,Du lịch
143206,SPS,du-lich,C00,Điểm học bạ,2024,27.5,Du lịch
143207,SPS,du-lich,C04,Điểm học bạ,2024,27.5,Du lịch
143208,SPS,du-lich,D01,Điểm học bạ,2024,27.5,Du lịch
143209,SPS,du-lich,D78,Điểm học bạ,2024,27.5,Du lịch
143210,SPS,du-lich,C00,Điểm thi THPT,2024,25.25,Du lịch
143211,SPS,du-lich,C04,Điểm thi THPT,2024,25.25,Du lịch
143212,SPS,du-lich,D01,Điểm thi THPT,2024,25.25,Du lịch
143213,SPS,du-lich,D78,Điểm thi THPT,2024,25.25,Du lịch
143214,SPS,du-lich,C00,Điểm thi THPT,2025,25.89,Du lịch
143215,SPS,du-lich,D01,Điểm thi THPT,2025,27.39,Du lịch
143216,SPS,du-lich,D14,Điểm thi THPT,2025,26.39,Du lịch
143217,SPS,du-lich,D15,Điểm thi THPT,2025,26.39,Du lịch
143218,SPS,giao-duc-chinh-tri,C00,Điểm học bạ,2021,27.9,Giáo dục Chính trị
143219,SPS,giao-duc-chinh-tri,C19,Điểm học bạ,2021,27.9,Giáo dục Chính trị
143220,SPS,giao-duc-chinh-tri,D01,Điểm học bạ,2021,27.9,Giáo dục Chính trị
143221,SPS,giao-duc-chinh-tri,C00,Điểm thi THPT,2021,25.75,Giáo dục Chính trị
143222,SPS,giao-duc-chinh-tri,C19,Điểm thi THPT,2021,25.75,Giáo dục Chính trị
143223,SPS,giao-duc-chinh-tri,D01,Điểm thi THPT,2021,25.75,Giáo dục Chính trị
143224,SPS,giao-duc-chinh-tri,C00,Điểm học bạ,2023,28.0,Giáo dục Chính trị
143225,SPS,giao-duc-chinh-tri,C19,Điểm học bạ,2023,28.0,Giáo dục Chính trị
143226,SPS,giao-duc-chinh-tri,D01,Điểm học bạ,2023,28.0,Giáo dục Chính trị
143227,SPS,giao-duc-chinh-tri,C00,Điểm thi THPT,2023,26.04,Giáo dục Chính trị
143228,SPS,giao-duc-chinh-tri,C19,Điểm thi THPT,2023,26.04,Giáo dục Chính trị
143229,SPS,giao-duc-chinh-tri,D01,Điểm thi THPT,2023,26.04,Giáo dục Chính trị
143230,SPS,giao-duc-chinh-tri,C00,Điểm học bạ,2024,28.22,Giáo dục Chính trị
143231,SPS,giao-duc-chinh-tri,C19,Điểm học bạ,2024,28.22,Giáo dục Chính trị
143232,SPS,giao-duc-chinh-tri,D01,Điểm học bạ,2024,28.22,Giáo dục Chính trị
143233,SPS,giao-duc-chinh-tri,C00,Điểm thi THPT,2024,27.58,Giáo dục Chính trị
143234,SPS,giao-duc-chinh-tri,C19,Điểm thi THPT,2024,27.58,Giáo dục Chính trị
143235,SPS,giao-duc-chinh-tri,D01,Điểm thi THPT,2024,27.58,Giáo dục Chính trị
143236,SPS,giao-duc-chinh-tri,C14,Điểm thi THPT,2025,27.37,Giáo dục Chính trị
143237,SPS,giao-duc-chinh-tri,C19,Điểm thi THPT,2025,27.12,Giáo dục Chính trị
143238,SPS,giao-duc-chinh-tri,D66,Điểm thi THPT,2025,27.62,Giáo dục Chính trị
143239,SPS,giao-duc-chinh-tri,X01,Điểm thi THPT,2025,27.37,Giáo dục Chính trị
143240,SPS,giao-duc-chinh-tri,X70,Điểm thi THPT,2025,27.12,Giáo dục Chính trị
143241,SPS,giao-duc-chinh-tri,X78,Điểm thi THPT,2025,27.62,Giáo dục Chính trị
143242,SPS,giao-duc-cong-dan,C00,Điểm học bạ,2022,26.88,Giáo dục Công dân
143243,SPS,giao-duc-cong-dan,C19,Điểm học bạ,2022,26.88,Giáo dục Công dân
143244,SPS,giao-duc-cong-dan,D01,Điểm học bạ,2022,26.88,Giáo dục Công dân
143245,SPS,giao-duc-cong-dan,C00,Điểm thi THPT,2022,25.5,Giáo dục Công dân
143246,SPS,giao-duc-cong-dan,C19,Điểm thi THPT,2022,25.5,Giáo dục Công dân
143247,SPS,giao-duc-cong-dan,D01,Điểm thi THPT,2022,25.5,Giáo dục Công dân
143248,SPS,giao-duc-cong-dan,C00,Điểm học bạ,2023,28.25,Giáo dục công dân
143249,SPS,giao-duc-cong-dan,C19,Điểm học bạ,2023,28.25,Giáo dục công dân
143250,SPS,giao-duc-cong-dan,D01,Điểm học bạ,2023,28.25,Giáo dục công dân
143251,SPS,giao-duc-cong-dan,C00,Điểm thi THPT,2023,26.75,Giáo dục công dân
143252,SPS,giao-duc-cong-dan,C19,Điểm thi THPT,2023,26.75,Giáo dục công dân
143253,SPS,giao-duc-cong-dan,D01,Điểm thi THPT,2023,26.75,Giáo dục công dân
143254,SPS,giao-duc-cong-dan,C00,Điểm học bạ,2024,28.03,Giáo dục công dân
143255,SPS,giao-duc-cong-dan,C19,Điểm học bạ,2024,28.03,Giáo dục công dân
143256,SPS,giao-duc-cong-dan,D01,Điểm học bạ,2024,28.03,Giáo dục công dân
143257,SPS,giao-duc-cong-dan,C00,Điểm thi THPT,2024,27.34,Giáo dục công dân
143258,SPS,giao-duc-cong-dan,C19,Điểm thi THPT,2024,27.34,Giáo dục công dân
143259,SPS,giao-duc-cong-dan,D01,Điểm thi THPT,2024,27.34,Giáo dục công dân
143260,SPS,giao-duc-cong-dan,C14,Điểm thi THPT,2025,27.08,Giáo dục Công dân
143261,SPS,giao-duc-cong-dan,C19,Điểm thi THPT,2025,26.83,Giáo dục Công dân
143262,SPS,giao-duc-cong-dan,D66,Điểm thi THPT,2025,27.33,Giáo dục Công dân
143263,SPS,giao-duc-cong-dan,X01,Điểm thi THPT,2025,27.08,Giáo dục Công dân
143264,SPS,giao-duc-cong-dan,X70,Điểm thi THPT,2025,26.83,Giáo dục Công dân
143265,SPS,giao-duc-cong-dan,X78,Điểm thi THPT,2025,27.33,Giáo dục Công dân
143266,SPS,giao-duc-dac-biet,C00,Điểm học bạ,2021,25.7,Giáo dục Đặc biệt
143267,SPS,giao-duc-dac-biet,C15,Điểm học bạ,2021,25.7,Giáo dục Đặc biệt
143268,SPS,giao-duc-dac-biet,D01,Điểm học bạ,2021,25.7,Giáo dục Đặc biệt
143269,SPS,giao-duc-dac-biet,C00,Điểm thi THPT,2021,23.4,Giáo dục Đặc biệt
143270,SPS,giao-duc-dac-biet,C15,Điểm thi THPT,2021,23.4,Giáo dục Đặc biệt
143271,SPS,giao-duc-dac-biet,D01,Điểm thi THPT,2021,23.4,Giáo dục Đặc biệt
143272,SPS,giao-duc-dac-biet,C00,Điểm học bạ,2022,26.8,Giáo dục Đặc biệt
143273,SPS,giao-duc-dac-biet,C15,Điểm học bạ,2022,26.8,Giáo dục Đặc biệt
143274,SPS,giao-duc-dac-biet,D01,Điểm học bạ,2022,26.8,Giáo dục Đặc biệt
143275,SPS,giao-duc-dac-biet,C00,Điểm thi THPT,2022,21.75,Giáo dục Đặc biệt
143276,SPS,giao-duc-dac-biet,C15,Điểm thi THPT,2022,21.75,Giáo dục Đặc biệt
143277,SPS,giao-duc-dac-biet,D01,Điểm thi THPT,2022,21.75,Giáo dục Đặc biệt
143278,SPS,giao-duc-dac-biet,C00,Điểm học bạ,2023,27.45,Giáo dục Đặc biệt
143279,SPS,giao-duc-dac-biet,C15,Điểm học bạ,2023,27.45,Giáo dục Đặc biệt
143280,SPS,giao-duc-dac-biet,D01,Điểm học bạ,2023,27.45,Giáo dục Đặc biệt
143281,SPS,giao-duc-dac-biet,C00,Điểm thi THPT,2023,25.01,Giáo dục Đặc biệt
143282,SPS,giao-duc-dac-biet,C15,Điểm thi THPT,2023,25.01,Giáo dục Đặc biệt
143283,SPS,giao-duc-dac-biet,D01,Điểm thi THPT,2023,25.01,Giáo dục Đặc biệt
143284,SPS,giao-duc-dac-biet,C00,Điểm học bạ,2024,27.72,Giáo dục Đặc biệt
143285,SPS,giao-duc-dac-biet,C15,Điểm học bạ,2024,27.72,Giáo dục Đặc biệt
143286,SPS,giao-duc-dac-biet,D01,Điểm học bạ,2024,27.72,Giáo dục Đặc biệt
143287,SPS,giao-duc-dac-biet,C00,Điểm thi THPT,2024,26.5,Giáo dục Đặc biệt
143288,SPS,giao-duc-dac-biet,C15,Điểm thi THPT,2024,26.5,Giáo dục Đặc biệt
143289,SPS,giao-duc-dac-biet,D01,Điểm thi THPT,2024,26.5,Giáo dục Đặc biệt
143290,SPS,giao-duc-dac-biet,C00,Điểm thi THPT,2025,27.2,Giáo dục Đặc biệt
143291,SPS,giao-duc-dac-biet,C03,Điểm thi THPT,2025,27.7,Giáo dục Đặc biệt
143292,SPS,giao-duc-dac-biet,C19,Điểm thi THPT,2025,26.95,Giáo dục Đặc biệt
143293,SPS,giao-duc-dac-biet,D01,Điểm thi THPT,2025,28.7,Giáo dục Đặc biệt
143294,SPS,giao-duc-dac-biet,X70,Điểm thi THPT,2025,27.45,Giáo dục Đặc biệt
143295,SPS,giao-duc-hoc,B00,Điểm học bạ,2021,24.0,Giáo dục học
143296,SPS,giao-duc-hoc,C00,Điểm học bạ,2021,24.0,Giáo dục học
143297,SPS,giao-duc-hoc,C01,Điểm học bạ,2021,24.0,Giáo dục học
143298,SPS,giao-duc-hoc,D01,Điểm học bạ,2021,24.0,Giáo dục học
143299,SPS,giao-duc-hoc,B00,Điểm thi THPT,2021,19.5,Giáo dục học
143300,SPS,giao-duc-hoc,C00,Điểm thi THPT,2021,19.5,Giáo dục học
143301,SPS,giao-duc-hoc,C01,Điểm thi THPT,2021,19.5,Giáo dục học
143302,SPS,giao-duc-hoc,D01,Điểm thi THPT,2021,19.5,Giáo dục học
143303,SPS,giao-duc-hoc,B00,Điểm học bạ,2022,25.32,Giáo dục học
143304,SPS,giao-duc-hoc,C00,Điểm học bạ,2022,25.32,Giáo dục học
143305,SPS,giao-duc-hoc,C01,Điểm học bạ,2022,25.32,Giáo dục học
143306,SPS,giao-duc-hoc,D01,Điểm học bạ,2022,25.32,Giáo dục học
143307,SPS,giao-duc-hoc,B00,Điểm thi THPT,2022,22.4,Giáo dục học
143308,SPS,giao-duc-hoc,C00,Điểm thi THPT,2022,22.4,Giáo dục học
143309,SPS,giao-duc-hoc,C01,Điểm thi THPT,2022,22.4,Giáo dục học
143310,SPS,giao-duc-hoc,D01,Điểm thi THPT,2022,22.4,Giáo dục học
143311,SPS,giao-duc-hoc,B00,Điểm học bạ,2023,27.05,Giáo dục học
143312,SPS,giao-duc-hoc,C00,Điểm học bạ,2023,27.05,Giáo dục học
143313,SPS,giao-duc-hoc,C01,Điểm học bạ,2023,27.05,Giáo dục học
143314,SPS,giao-duc-hoc,D01,Điểm học bạ,2023,27.05,Giáo dục học
143315,SPS,giao-duc-hoc,A00,Điểm thi THPT,2023,23.5,Giáo dục học
143316,SPS,giao-duc-hoc,A01,Điểm thi THPT,2023,23.5,Giáo dục học
143317,SPS,giao-duc-hoc,C14,Điểm thi THPT,2023,23.5,Giáo dục học
143318,SPS,giao-duc-hoc,D01,Điểm thi THPT,2023,23.5,Giáo dục học
143319,SPS,giao-duc-hoc,A00,Điểm học bạ,2024,27.55,Giáo dục học
143320,SPS,giao-duc-hoc,A01,Điểm học bạ,2024,27.55,Giáo dục học
143321,SPS,giao-duc-hoc,C14,Điểm học bạ,2024,27.55,Giáo dục học
143322,SPS,giao-duc-hoc,D01,Điểm học bạ,2024,27.55,Giáo dục học
143323,SPS,giao-duc-hoc,A00,Điểm thi THPT,2024,24.82,Giáo dục học
143324,SPS,giao-duc-hoc,A01,Điểm thi THPT,2024,24.82,Giáo dục học
143325,SPS,giao-duc-hoc,C14,Điểm thi THPT,2024,24.82,Giáo dục học
143326,SPS,giao-duc-hoc,D01,Điểm thi THPT,2024,24.82,Giáo dục học
143327,SPS,giao-duc-hoc,A00,Điểm thi THPT,2025,22.35,Giáo dục học
143328,SPS,giao-duc-hoc,C03,Điểm thi THPT,2025,22.6,Giáo dục học
143329,SPS,giao-duc-hoc,C14,Điểm thi THPT,2025,22.35,Giáo dục học
143330,SPS,giao-duc-hoc,D01,Điểm thi THPT,2025,23.35,Giáo dục học
143331,SPS,giao-duc-hoc,X01,Điểm thi THPT,2025,22.35,Giáo dục học
143332,SPS,giao-duc-mam-non,M00,Điểm học bạ,2021,24.0,Giáo dục Mầm non
143333,SPS,giao-duc-mam-non,M00,Điểm thi THPT,2021,22.05,Giáo dục Mầm non
143334,SPS,giao-duc-mam-non,M00,Điểm học bạ,2022,24.48,Giáo dục Mầm non
143335,SPS,giao-duc-mam-non,M00,Điểm thi THPT,2022,20.03,Giáo dục Mầm non
143336,SPS,giao-duc-mam-non,M02,Điểm học bạ,2023,24.24,Giáo dục Mầm non
143337,SPS,giao-duc-mam-non,M03,Điểm học bạ,2023,24.24,Giáo dục Mầm non
143338,SPS,giao-duc-mam-non,M02,Điểm thi THPT,2023,24.21,Giáo dục Mầm non
143339,SPS,giao-duc-mam-non,M03,Điểm thi THPT,2023,24.21,Giáo dục Mầm non
143340,SPS,giao-duc-mam-non,M02,Điểm học bạ,2024,21.43,Giáo dục Mầm non (trình độ CĐ)
143341,SPS,giao-duc-mam-non,M03,Điểm học bạ,2024,21.43,Giáo dục Mầm non (trình độ CĐ)
143342,SPS,giao-duc-mam-non,M02,Điểm thi THPT,2024,18.7,Giáo dục Mầm non (trình độ CĐ)
143343,SPS,giao-duc-mam-non,M03,Điểm thi THPT,2024,18.7,Giáo dục Mầm non (trình độ CĐ)
143344,SPS,giao-duc-mam-non,M02,Điểm thi THPT,2025,26.3,Giáo dục Mầm non
143345,SPS,giao-duc-mam-non,M03,Điểm thi THPT,2025,26.05,Giáo dục Mầm non
143346,SPS,giao-duc-quoc-phong-an-ninh,A08,Điểm học bạ,2021,25.48,Giáo dục Quốc phòng - An ninh
143347,SPS,giao-duc-quoc-phong-an-ninh,C00,Điểm học bạ,2021,25.48,Giáo dục Quốc phòng - An ninh
143348,SPS,giao-duc-quoc-phong-an-ninh,C19,Điểm học bạ,2021,25.48,Giáo dục Quốc phòng - An ninh
143349,SPS,giao-duc-quoc-phong-an-ninh,A08,Điểm thi THPT,2021,24.4,Giáo dục Quốc phòng - An ninh
143350,SPS,giao-duc-quoc-phong-an-ninh,C00,Điểm thi THPT,2021,24.4,Giáo dục Quốc phòng - An ninh
143351,SPS,giao-duc-quoc-phong-an-ninh,C19,Điểm thi THPT,2021,24.4,Giáo dục Quốc phòng - An ninh
143352,SPS,giao-duc-quoc-phong-an-ninh,A08,Điểm học bạ,2022,26.1,Giáo dục Quốc phòng - An ninh
143353,SPS,giao-duc-quoc-phong-an-ninh,C00,Điểm học bạ,2022,26.1,Giáo dục Quốc phòng - An ninh
143354,SPS,giao-duc-quoc-phong-an-ninh,C19,Điểm học bạ,2022,26.1,Giáo dục Quốc phòng - An ninh
143355,SPS,giao-duc-quoc-phong-an-ninh,A08,Điểm thi THPT,2022,24.05,Giáo dục Quốc phòng - An ninh
143356,SPS,giao-duc-quoc-phong-an-ninh,C00,Điểm thi THPT,2022,24.05,Giáo dục Quốc phòng - An ninh
143357,SPS,giao-duc-quoc-phong-an-ninh,C19,Điểm thi THPT,2022,24.05,Giáo dục Quốc phòng - An ninh
143358,SPS,giao-duc-quoc-phong-an-ninh,A08,Điểm học bạ,2023,27.83,Giáo dục Quốc phòng - An ninh
143359,SPS,giao-duc-quoc-phong-an-ninh,C00,Điểm học bạ,2023,27.83,Giáo dục Quốc phòng - An ninh
143360,SPS,giao-duc-quoc-phong-an-ninh,C19,Điểm học bạ,2023,27.83,Giáo dục Quốc phòng - An ninh
143361,SPS,giao-duc-quoc-phong-an-ninh,A08,Điểm thi THPT,2023,25.71,Giáo dục Quốc phòng - An ninh
143362,SPS,giao-duc-quoc-phong-an-ninh,C00,Điểm thi THPT,2023,25.71,Giáo dục Quốc phòng - An ninh
143363,SPS,giao-duc-quoc-phong-an-ninh,C19,Điểm thi THPT,2023,25.71,Giáo dục Quốc phòng - An ninh
143364,SPS,giao-duc-quoc-phong-an-ninh,A08,Điểm học bạ,2024,28.01,Giáo dục Quốc phòng - An ninh
143365,SPS,giao-duc-quoc-phong-an-ninh,C00,Điểm học bạ,2024,28.01,Giáo dục Quốc phòng - An ninh
143366,SPS,giao-duc-quoc-phong-an-ninh,C19,Điểm học bạ,2024,28.01,Giáo dục Quốc phòng - An ninh
143367,SPS,giao-duc-quoc-phong-an-ninh,A08,Điểm thi THPT,2024,27.28,Giáo dục Quốc phòng - An ninh
143368,SPS,giao-duc-quoc-phong-an-ninh,C00,Điểm thi THPT,2024,27.28,Giáo dục Quốc phòng - An ninh
143369,SPS,giao-duc-quoc-phong-an-ninh,C19,Điểm thi THPT,2024,27.28,Giáo dục Quốc phòng - An ninh
143370,SPS,giao-duc-quoc-phong-an-ninh,Q01,Điểm thi THPT,2025,20.25,Giáo dục Quốc phòng - An ninh
143371,SPS,giao-duc-quoc-phong-an-ninh,Q02,Điểm thi THPT,2025,20.0,Giáo dục Quốc phòng - An ninh
143372,SPS,giao-duc-the-chat,M08,Điểm học bạ,2021,25.37,Giáo dục Thể chất
143373,SPS,giao-duc-the-chat,T01,Điểm học bạ,2021,25.37,Giáo dục Thể chất
143374,SPS,giao-duc-the-chat,M08,Điểm thi THPT,2021,23.75,Giáo dục Thể chất
143375,SPS,giao-duc-the-chat,T01,Điểm thi THPT,2021,23.75,Giáo dục Thể chất
143376,SPS,giao-duc-the-chat,M08,Điểm học bạ,2022,27.03,Giáo dục Thể chất
143377,SPS,giao-duc-the-chat,T01,Điểm học bạ,2022,27.03,Giáo dục Thể chất
143378,SPS,giao-duc-the-chat,M08,Điểm thi THPT,2022,22.75,Giáo dục Thể chất
143379,SPS,giao-duc-the-chat,T01,Điểm thi THPT,2022,22.75,Giáo dục Thể chất
143380,SPS,giao-duc-the-chat,M08,Điểm học bạ,2023,25.23,Giáo dục Thể chất
143381,SPS,giao-duc-the-chat,T01,Điểm học bạ,2023,25.23,Giáo dục Thể chất
143382,SPS,giao-duc-the-chat,M08,Điểm thi THPT,2023,26.1,Giáo dục Thể chất
143383,SPS,giao-duc-the-chat,T01,Điểm thi THPT,2023,26.1,Giáo dục Thể chất
143384,SPS,giao-duc-the-chat,M08,Điểm học bạ,2024,26.05,Giáo dục Thể chất
143385,SPS,giao-duc-the-chat,T01,Điểm học bạ,2024,26.05,Giáo dục Thể chất
143386,SPS,giao-duc-the-chat,M08,Điểm thi THPT,2024,24.77,Giáo dục Thể chất
143387,SPS,giao-duc-the-chat,T01,Điểm thi THPT,2024,24.77,Giáo dục Thể chất
143388,SPS,giao-duc-the-chat,M08,Điểm thi THPT,2025,24.68,Giáo dục Thể chất
143389,SPS,giao-duc-the-chat,T01,Điểm thi THPT,2025,24.93,Giáo dục Thể chất
143390,SPS,giao-duc-tieu-hoc,A00,Điểm học bạ,2021,28.18,Giáo dục Tiểu học
143391,SPS,giao-duc-tieu-hoc,A01,Điểm học bạ,2021,28.18,Giáo dục Tiểu học
143392,SPS,giao-duc-tieu-hoc,D01,Điểm học bạ,2021,28.18,Giáo dục Tiểu học
143393,SPS,giao-duc-tieu-hoc,A00,Điểm thi THPT,2021,25.4,Giáo dục Tiểu học
143394,SPS,giao-duc-tieu-hoc,A01,Điểm thi THPT,2021,25.4,Giáo dục Tiểu học
143395,SPS,giao-duc-tieu-hoc,D01,Điểm thi THPT,2021,25.4,Giáo dục Tiểu học
143396,SPS,giao-duc-tieu-hoc,A00,Điểm học bạ,2022,28.3,Giáo dục Tiểu học
143397,SPS,giao-duc-tieu-hoc,A01,Điểm học bạ,2022,28.3,Giáo dục Tiểu học
143398,SPS,giao-duc-tieu-hoc,D01,Điểm học bạ,2022,28.3,Giáo dục Tiểu học
143399,SPS,giao-duc-tieu-hoc,A00,Điểm thi THPT,2022,24.25,Giáo dục Tiểu học
143400,SPS,giao-duc-tieu-hoc,A01,Điểm thi THPT,2022,24.25,Giáo dục Tiểu học
143401,SPS,giao-duc-tieu-hoc,D01,Điểm thi THPT,2022,24.25,Giáo dục Tiểu học
143402,SPS,giao-duc-tieu-hoc,A00,Điểm học bạ,2023,28.65,Giáo dục Tiểu học
143403,SPS,giao-duc-tieu-hoc,A01,Điểm học bạ,2023,28.65,Giáo dục Tiểu học
143404,SPS,giao-duc-tieu-hoc,D01,Điểm học bạ,2023,28.65,Giáo dục Tiểu học
143405,SPS,giao-duc-tieu-hoc,A00,Điểm thi THPT,2023,24.9,Giáo dục tiểu học
143406,SPS,giao-duc-tieu-hoc,A01,Điểm thi THPT,2023,24.9,Giáo dục tiểu học
143407,SPS,giao-duc-tieu-hoc,D01,Điểm thi THPT,2023,24.9,Giáo dục tiểu học
143408,SPS,giao-duc-tieu-hoc,A00,Điểm học bạ,2024,28.01,Giáo dục Tiểu học
143409,SPS,giao-duc-tieu-hoc,A01,Điểm học bạ,2024,28.01,Giáo dục Tiểu học
143410,SPS,giao-duc-tieu-hoc,D01,Điểm học bạ,2024,28.01,Giáo dục Tiểu học
143411,SPS,giao-duc-tieu-hoc,A00,Điểm thi THPT,2024,24.73,Giáo dục Tiểu học
143412,SPS,giao-duc-tieu-hoc,A01,Điểm thi THPT,2024,24.73,Giáo dục Tiểu học
143413,SPS,giao-duc-tieu-hoc,D01,Điểm thi THPT,2024,24.73,Giáo dục Tiểu học
143414,SPS,giao-duc-tieu-hoc,A00,Điểm thi THPT,2025,24.21,Giáo dục Tiểu học
143415,SPS,giao-duc-tieu-hoc,A01,Điểm thi THPT,2025,24.71,Giáo dục Tiểu học
143416,SPS,giao-duc-tieu-hoc,D01,Điểm thi THPT,2025,25.21,Giáo dục Tiểu học
143417,SPS,hoa-hoc,A00,Điểm học bạ,2021,27.5,Hóa học
143418,SPS,hoa-hoc,B00,Điểm học bạ,2021,27.5,Hóa học
143419,SPS,hoa-hoc,D07,Điểm học bạ,2021,27.5,Hóa học
143420,SPS,hoa-hoc,A00,Điểm thi THPT,2021,23.25,Hóa học
143421,SPS,hoa-hoc,B00,Điểm thi THPT,2021,23.25,Hóa học
143422,SPS,hoa-hoc,D07,Điểm thi THPT,2021,23.25,Hóa học
143423,SPS,hoa-hoc,A00,Điểm học bạ,2022,23.7,Hóa học
143424,SPS,hoa-hoc,B00,Điểm học bạ,2022,23.7,Hóa học
143425,SPS,hoa-hoc,D07,Điểm học bạ,2022,23.7,Hóa học
143426,SPS,hoa-hoc,A00,Điểm thi THPT,2022,23.0,Hóa học
143427,SPS,hoa-hoc,B00,Điểm thi THPT,2022,23.0,Hóa học
143428,SPS,hoa-hoc,D07,Điểm thi THPT,2022,23.0,Hóa học
143429,SPS,hoa-hoc,A00,Điểm học bạ,2023,28.14,Hóa học
143430,SPS,hoa-hoc,B00,Điểm học bạ,2023,28.14,Hóa học
143431,SPS,hoa-hoc,D07,Điểm học bạ,2023,28.14,Hóa học
143432,SPS,hoa-hoc,A00,Điểm thi THPT,2023,23.47,Hoá học
143433,SPS,hoa-hoc,B00,Điểm thi THPT,2023,23.47,Hoá học
143434,SPS,hoa-hoc,D07,Điểm thi THPT,2023,23.47,Hoá học
143435,SPS,hoa-hoc,A00,Điểm học bạ,2024,28.25,Hoá học
143436,SPS,hoa-hoc,B00,Điểm học bạ,2024,28.25,Hoá học
143437,SPS,hoa-hoc,D07,Điểm học bạ,2024,28.25,Hoá học
143438,SPS,hoa-hoc,A00,Điểm thi THPT,2024,24.65,Hoá học
143439,SPS,hoa-hoc,B00,Điểm thi THPT,2024,24.65,Hoá học
143440,SPS,hoa-hoc,D07,Điểm thi THPT,2024,24.65,Hoá học
143441,SPS,hoa-hoc,A00,Điểm thi THPT,2025,24.75,Hoá học
143442,SPS,hoa-hoc,B00,Điểm thi THPT,2025,25.75,Hoá học
143443,SPS,hoa-hoc,D07,Điểm thi THPT,2025,26.25,Hoá học
143444,SPS,hoa-hoc,X10,Điểm thi THPT,2025,24.75,Hoá học
143445,SPS,ngon-ngu-anh,D01,Điểm học bạ,2021,27.92,Ngôn ngữ Anh
143446,SPS,ngon-ngu-anh,D01,Điểm thi THPT,2021,26.0,Ngôn ngữ Anh
143447,SPS,ngon-ngu-anh,D01,Điểm học bạ,2022,26.85,Ngôn ngữ Anh
143448,SPS,ngon-ngu-anh,D01,Điểm thi THPT,2022,25.5,Ngôn ngữ Anh
143449,SPS,ngon-ngu-anh,D01,Điểm học bạ,2023,28.25,Ngôn ngữ Anh
143450,SPS,ngon-ngu-anh,D01,Điểm thi THPT,2023,25.1,Ngôn ngữ Anh
143451,SPS,ngon-ngu-anh,D01,Điểm học bạ,2024,28.1,Ngôn ngữ Anh
143452,SPS,ngon-ngu-anh,D01,Điểm thi THPT,2024,25.86,Ngôn ngữ Anh
143453,SPS,ngon-ngu-anh,D01,Điểm thi THPT,2025,24.8,Ngôn ngữ Anh
143454,SPS,ngon-ngu-anh,X79,Điểm thi THPT,2025,24.55,Ngôn ngữ Anh
143455,SPS,ngon-ngu-han-quoc,D01,Điểm học bạ,2021,27.7,Ngôn ngữ Hàn Quốc
143456,SPS,ngon-ngu-han-quoc,D78,Điểm học bạ,2021,27.7,Ngôn ngữ Hàn Quốc
143457,SPS,ngon-ngu-han-quoc,D96,Điểm học bạ,2021,27.7,Ngôn ngữ Hàn Quốc
143458,SPS,ngon-ngu-han-quoc,D01,Điểm thi THPT,2021,25.8,Ngôn ngữ Hàn Quốc
143459,SPS,ngon-ngu-han-quoc,D78,Điểm thi THPT,2021,25.8,Ngôn ngữ Hàn Quốc
143460,SPS,ngon-ngu-han-quoc,D96,Điểm thi THPT,2021,25.8,Ngôn ngữ Hàn Quốc
143461,SPS,ngon-ngu-han-quoc,D01,Điểm học bạ,2022,27.94,Ngôn ngữ Hàn Quốc
143462,SPS,ngon-ngu-han-quoc,D78,Điểm học bạ,2022,27.94,Ngôn ngữ Hàn Quốc
143463,SPS,ngon-ngu-han-quoc,D96,Điểm học bạ,2022,27.94,Ngôn ngữ Hàn Quốc
143464,SPS,ngon-ngu-han-quoc,D01,Điểm thi THPT,2022,24.97,Ngôn ngữ Hàn Quốc
143465,SPS,ngon-ngu-han-quoc,D78,Điểm thi THPT,2022,24.97,Ngôn ngữ Hàn Quốc
143466,SPS,ngon-ngu-han-quoc,D96,Điểm thi THPT,2022,24.97,Ngôn ngữ Hàn Quốc
143467,SPS,ngon-ngu-han-quoc,D01,Điểm học bạ,2023,28.19,Ngôn ngữ Hàn quốc
143468,SPS,ngon-ngu-han-quoc,D78,Điểm học bạ,2023,28.19,Ngôn ngữ Hàn quốc
143469,SPS,ngon-ngu-han-quoc,D96,Điểm học bạ,2023,28.19,Ngôn ngữ Hàn quốc
143470,SPS,ngon-ngu-han-quoc,D01,Điểm thi THPT,2023,24.9,Ngôn ngữ Hàn quốc
143471,SPS,ngon-ngu-han-quoc,D78,Điểm thi THPT,2023,24.9,Ngôn ngữ Hàn quốc
143472,SPS,ngon-ngu-han-quoc,D96,Điểm thi THPT,2023,24.9,Ngôn ngữ Hàn quốc
143473,SPS,ngon-ngu-han-quoc,D01,Điểm học bạ,2024,27.57,Ngôn ngữ Hàn quốc
143474,SPS,ngon-ngu-han-quoc,D78,Điểm học bạ,2024,27.57,Ngôn ngữ Hàn quốc
143475,SPS,ngon-ngu-han-quoc,D96,Điểm học bạ,2024,27.57,Ngôn ngữ Hàn quốc
143476,SPS,ngon-ngu-han-quoc,D01,Điểm thi THPT,2024,25.02,Ngôn ngữ Hàn quốc
143477,SPS,ngon-ngu-han-quoc,D78,Điểm thi THPT,2024,25.02,Ngôn ngữ Hàn quốc
143478,SPS,ngon-ngu-han-quoc,D96,Điểm thi THPT,2024,25.02,Ngôn ngữ Hàn quốc
143479,SPS,ngon-ngu-han-quoc,D01,Điểm thi THPT,2025,22.0,Ngôn ngữ Hàn quốc
143480,SPS,ngon-ngu-han-quoc,D14,Điểm thi THPT,2025,21.75,Ngôn ngữ Hàn quốc
143481,SPS,ngon-ngu-nga,D01,Điểm học bạ,2021,24.82,Ngôn ngữ Nga
143482,SPS,ngon-ngu-nga,D02,Điểm học bạ,2021,24.82,Ngôn ngữ Nga
143483,SPS,ngon-ngu-nga,D78,Điểm học bạ,2021,24.82,Ngôn ngữ Nga
143484,SPS,ngon-ngu-nga,D80,Điểm học bạ,2021,24.82,Ngôn ngữ Nga
143485,SPS,ngon-ngu-nga,D01,Điểm thi THPT,2021,20.53,Ngôn ngữ Nga
143486,SPS,ngon-ngu-nga,D02,Điểm thi THPT,2021,20.53,Ngôn ngữ Nga
143487,SPS,ngon-ngu-nga,D78,Điểm thi THPT,2021,20.53,Ngôn ngữ Nga
143488,SPS,ngon-ngu-nga,D80,Điểm thi THPT,2021,20.53,Ngôn ngữ Nga
143489,SPS,ngon-ngu-nga,D01,Điểm học bạ,2022,27.12,Ngôn ngữ Nga
143490,SPS,ngon-ngu-nga,D02,Điểm học bạ,2022,27.12,Ngôn ngữ Nga
143491,SPS,ngon-ngu-nga,D78,Điểm học bạ,2022,27.12,Ngôn ngữ Nga
143492,SPS,ngon-ngu-nga,D80,Điểm học bạ,2022,27.12,Ngôn ngữ Nga
143493,SPS,ngon-ngu-nga,D01,Điểm thi THPT,2022,20.05,Ngôn ngữ Nga
143494,SPS,ngon-ngu-nga,D02,Điểm thi THPT,2022,20.05,Ngôn ngữ Nga
143495,SPS,ngon-ngu-nga,D78,Điểm thi THPT,2022,20.05,Ngôn ngữ Nga
143496,SPS,ngon-ngu-nga,D80,Điểm thi THPT,2022,20.05,Ngôn ngữ Nga
143497,SPS,ngon-ngu-nga,D01,Điểm học bạ,2023,25.8,Ngôn ngữ Nga
143498,SPS,ngon-ngu-nga,D02,Điểm học bạ,2023,25.8,Ngôn ngữ Nga
143499,SPS,ngon-ngu-nga,D78,Điểm học bạ,2023,25.8,Ngôn ngữ Nga
143500,SPS,ngon-ngu-nga,D80,Điểm học bạ,2023,25.8,Ngôn ngữ Nga
143501,SPS,ngon-ngu-nga,D01,Điểm thi THPT,2023,19.0,Ngôn ngữ Nga
143502,SPS,ngon-ngu-nga,D02,Điểm thi THPT,2023,19.0,Ngôn ngữ Nga
143503,SPS,ngon-ngu-nga,D78,Điểm thi THPT,2023,19.0,Ngôn ngữ Nga
143504,SPS,ngon-ngu-nga,D80,Điểm thi THPT,2023,19.0,Ngôn ngữ Nga
143505,SPS,ngon-ngu-nga,D01,Điểm học bạ,2024,26.2,Ngôn ngữ Nga
143506,SPS,ngon-ngu-nga,D02,Điểm học bạ,2024,26.2,Ngôn ngữ Nga
143507,SPS,ngon-ngu-nga,D78,Điểm học bạ,2024,26.2,Ngôn ngữ Nga
143508,SPS,ngon-ngu-nga,D80,Điểm học bạ,2024,26.2,Ngôn ngữ Nga
143509,SPS,ngon-ngu-nga,D01,Điểm thi THPT,2024,22.0,Ngôn ngữ Nga
143510,SPS,ngon-ngu-nga,D02,Điểm thi THPT,2024,22.0,Ngôn ngữ Nga
143511,SPS,ngon-ngu-nga,D78,Điểm thi THPT,2024,22.0,Ngôn ngữ Nga
143512,SPS,ngon-ngu-nga,D80,Điểm thi THPT,2024,22.0,Ngôn ngữ Nga
143513,SPS,ngon-ngu-nga,D01,Điểm thi THPT,2025,18.25,Ngôn ngữ Nga
143514,SPS,ngon-ngu-nga,D02,Điểm thi THPT,2025,18.25,Ngôn ngữ Nga
143515,SPS,ngon-ngu-nga,D14,Điểm thi THPT,2025,18.0,Ngôn ngữ Nga
143516,SPS,ngon-ngu-nga,D66,Điểm thi THPT,2025,17.5,Ngôn ngữ Nga
143517,SPS,ngon-ngu-nga,X78,Điểm thi THPT,2025,17.5,Ngôn ngữ Nga
143518,SPS,ngon-ngu-nhat,D01,Điểm học bạ,2021,26.38,Ngôn ngữ Nhật
143519,SPS,ngon-ngu-nhat,D06,Điểm học bạ,2021,26.38,Ngôn ngữ Nhật
143520,SPS,ngon-ngu-nhat,D01,Điểm thi THPT,2021,24.9,Ngôn ngữ Nhật
143521,SPS,ngon-ngu-nhat,D06,Điểm thi THPT,2021,24.9,Ngôn ngữ Nhật
143522,SPS,ngon-ngu-nhat,D01,Điểm học bạ,2022,26.27,Ngôn ngữ Nhật
143523,SPS,ngon-ngu-nhat,D06,Điểm học bạ,2022,26.27,Ngôn ngữ Nhật
143524,SPS,ngon-ngu-nhat,D01,Điểm thi THPT,2022,24.0,Ngôn ngữ Nhật
143525,SPS,ngon-ngu-nhat,D06,Điểm thi THPT,2022,24.0,Ngôn ngữ Nhật
143526,SPS,ngon-ngu-nhat,D01,Điểm học bạ,2023,27.17,Ngôn ngữ Nhật
143527,SPS,ngon-ngu-nhat,D06,Điểm học bạ,2023,27.17,Ngôn ngữ Nhật
143528,SPS,ngon-ngu-nhat,D01,Điểm thi THPT,2023,23.1,Ngôn ngữ Nhật
143529,SPS,ngon-ngu-nhat,D06,Điểm thi THPT,2023,23.1,Ngôn ngữ Nhật
143530,SPS,ngon-ngu-nhat,D01,Điểm học bạ,2024,26.65,Ngôn ngữ Nhật
143531,SPS,ngon-ngu-nhat,D06,Điểm học bạ,2024,26.65,Ngôn ngữ Nhật
143532,SPS,ngon-ngu-nhat,D01,Điểm thi THPT,2024,23.77,Ngôn ngữ Nhật
143533,SPS,ngon-ngu-nhat,D06,Điểm thi THPT,2024,23.77,Ngôn ngữ Nhật
143534,SPS,ngon-ngu-nhat,D01,Điểm thi THPT,2025,21.0,Ngôn ngữ Nhật
143535,SPS,ngon-ngu-nhat,D06,Điểm thi THPT,2025,21.0,Ngôn ngữ Nhật
143536,SPS,ngon-ngu-phap,D01,Điểm học bạ,2021,25.77,Ngôn ngữ Pháp
143537,SPS,ngon-ngu-phap,D03,Điểm học bạ,2021,25.77,Ngôn ngữ Pháp
143538,SPS,ngon-ngu-phap,D01,Điểm thi THPT,2021,22.8,Ngôn ngữ Pháp
143539,SPS,ngon-ngu-phap,D03,Điểm thi THPT,2021,22.8,Ngôn ngữ Pháp
143540,SPS,ngon-ngu-phap,D01,Điểm học bạ,2022,22.75,Ngôn ngữ Pháp
143541,SPS,ngon-ngu-phap,D03,Điểm học bạ,2022,22.75,Ngôn ngữ Pháp
143542,SPS,ngon-ngu-phap,D01,Điểm thi THPT,2022,22.35,Ngôn ngữ Pháp
143543,SPS,ngon-ngu-phap,D03,Điểm thi THPT,2022,22.35,Ngôn ngữ Pháp
143544,SPS,ngon-ngu-phap,D01,Điểm học bạ,2023,26.71,Ngôn ngữ Pháp
143545,SPS,ngon-ngu-phap,D03,Điểm học bạ,2023,26.71,Ngôn ngữ Pháp
143546,SPS,ngon-ngu-phap,D01,Điểm thi THPT,2023,20.7,Ngôn ngữ Pháp
143547,SPS,ngon-ngu-phap,D03,Điểm thi THPT,2023,20.7,Ngôn ngữ Pháp
143548,SPS,ngon-ngu-phap,D01,Điểm học bạ,2024,25.4,Ngôn ngữ Pháp
143549,SPS,ngon-ngu-phap,D03,Điểm học bạ,2024,25.4,Ngôn ngữ Pháp
143550,SPS,ngon-ngu-phap,D01,Điểm thi THPT,2024,22.7,Ngôn ngữ Pháp
143551,SPS,ngon-ngu-phap,D03,Điểm thi THPT,2024,22.7,Ngôn ngữ Pháp
143552,SPS,ngon-ngu-phap,D01,Điểm thi THPT,2025,19.0,Ngôn ngữ Pháp
143553,SPS,ngon-ngu-phap,D03,Điểm thi THPT,2025,19.0,Ngôn ngữ Pháp
143554,SPS,ngon-ngu-trung-quoc,D01,Điểm học bạ,2021,26.78,Ngôn ngữ Trung Quốc
143555,SPS,ngon-ngu-trung-quoc,D04,Điểm học bạ,2021,26.78,Ngôn ngữ Trung Quốc
143556,SPS,ngon-ngu-trung-quoc,D01,Điểm thi THPT,2021,25.2,Ngôn ngữ Trung Quốc
143557,SPS,ngon-ngu-trung-quoc,D04,Điểm thi THPT,2021,25.2,Ngôn ngữ Trung Quốc
143558,SPS,ngon-ngu-trung-quoc,D01,Điểm học bạ,2022,26.48,Ngôn ngữ Trung Quốc
143559,SPS,ngon-ngu-trung-quoc,D04,Điểm học bạ,2022,26.48,Ngôn ngữ Trung Quốc
143560,SPS,ngon-ngu-trung-quoc,D01,Điểm thi THPT,2022,24.6,Ngôn ngữ Trung Quốc
143561,SPS,ngon-ngu-trung-quoc,D04,Điểm thi THPT,2022,24.6,Ngôn ngữ Trung Quốc
143562,SPS,ngon-ngu-trung-quoc,D01,Điểm học bạ,2023,27.57,Ngôn ngữ Trung Quốc
143563,SPS,ngon-ngu-trung-quoc,D04,Điểm học bạ,2023,27.57,Ngôn ngữ Trung Quốc
143564,SPS,ngon-ngu-trung-quoc,D01,Điểm thi THPT,2023,24.54,Ngôn ngữ Trung Quốc
143565,SPS,ngon-ngu-trung-quoc,D04,Điểm thi THPT,2023,24.54,Ngôn ngữ Trung Quốc
143566,SPS,ngon-ngu-trung-quoc,D01,Điểm học bạ,2024,27.53,Ngôn ngữ Trung Quốc
143567,SPS,ngon-ngu-trung-quoc,D04,Điểm học bạ,2024,27.53,Ngôn ngữ Trung Quốc
143568,SPS,ngon-ngu-trung-quoc,D01,Điểm thi THPT,2024,25.05,Ngôn ngữ Trung Quốc
143569,SPS,ngon-ngu-trung-quoc,D04,Điểm thi THPT,2024,25.05,Ngôn ngữ Trung Quốc
143570,SPS,ngon-ngu-trung-quoc,D01,Điểm thi THPT,2025,22.75,Ngôn ngữ Trung Quốc
143571,SPS,ngon-ngu-trung-quoc,D04,Điểm thi THPT,2025,22.75,Ngôn ngữ Trung Quốc
143572,SPS,quan-ly-giao-duc,A00,Điểm học bạ,2021,27.5,Quản lý giáo dục
143573,SPS,quan-ly-giao-duc,C00,Điểm học bạ,2021,27.5,Quản lý giáo dục
143574,SPS,quan-ly-giao-duc,D01,Điểm học bạ,2021,27.5,Quản lý giáo dục
143575,SPS,quan-ly-giao-duc,A00,Điểm thi THPT,2021,23.3,Quản lý giáo dục
143576,SPS,quan-ly-giao-duc,C00,Điểm thi THPT,2021,23.3,Quản lý giáo dục
143577,SPS,quan-ly-giao-duc,D01,Điểm thi THPT,2021,23.3,Quản lý giáo dục
143578,SPS,quan-ly-giao-duc,B00,Điểm học bạ,2023,27.84,Quản lý giáo dục
143579,SPS,quan-ly-giao-duc,C00,Điểm học bạ,2023,27.84,Quản lý giáo dục
143580,SPS,quan-ly-giao-duc,C01,Điểm học bạ,2023,27.84,Quản lý giáo dục
143581,SPS,quan-ly-giao-duc,D01,Điểm học bạ,2023,27.84,Quản lý giáo dục
143582,SPS,quan-ly-giao-duc,A00,Điểm thi THPT,2023,23.1,Quản lý giáo dục
143583,SPS,quan-ly-giao-duc,A01,Điểm thi THPT,2023,23.1,Quản lý giáo dục
143584,SPS,quan-ly-giao-duc,C14,Điểm thi THPT,2023,23.1,Quản lý giáo dục
143585,SPS,quan-ly-giao-duc,D01,Điểm thi THPT,2023,23.1,Quản lý giáo dục
143586,SPS,quan-ly-giao-duc,A00,Điểm học bạ,2024,27.81,Quản lý giáo dục
143587,SPS,quan-ly-giao-duc,A01,Điểm học bạ,2024,27.81,Quản lý giáo dục
143588,SPS,quan-ly-giao-duc,C14,Điểm học bạ,2024,27.81,Quản lý giáo dục
143589,SPS,quan-ly-giao-duc,D01,Điểm học bạ,2024,27.81,Quản lý giáo dục
143590,SPS,quan-ly-giao-duc,A00,Điểm thi THPT,2024,25.22,Quản lý giáo dục
143591,SPS,quan-ly-giao-duc,A01,Điểm thi THPT,2024,25.22,Quản lý giáo dục
143592,SPS,quan-ly-giao-duc,C14,Điểm thi THPT,2024,25.22,Quản lý giáo dục
143593,SPS,quan-ly-giao-duc,D01,Điểm thi THPT,2024,25.22,Quản lý giáo dục
143594,SPS,quan-ly-giao-duc,A00,Điểm thi THPT,2025,23.42,Quản lý giáo dục
143595,SPS,quan-ly-giao-duc,C03,Điểm thi THPT,2025,23.67,Quản lý giáo dục
143596,SPS,quan-ly-giao-duc,C14,Điểm thi THPT,2025,23.42,Quản lý giáo dục
143597,SPS,quan-ly-giao-duc,D01,Điểm thi THPT,2025,24.42,Quản lý giáo dục
143598,SPS,quan-ly-giao-duc,X01,Điểm thi THPT,2025,23.42,Quản lý giáo dục
143599,SPS,quoc-te-hoc,D01,Điểm học bạ,2021,26.57,Quốc tế học
143600,SPS,quoc-te-hoc,D14,Điểm học bạ,2021,26.57,Quốc tế học
143601,SPS,quoc-te-hoc,D78,Điểm học bạ,2021,26.57,Quốc tế học
143602,SPS,quoc-te-hoc,D01,Điểm thi THPT,2021,24.6,Quốc tế học
143603,SPS,quoc-te-hoc,D14,Điểm thi THPT,2021,24.6,Quốc tế học
143604,SPS,quoc-te-hoc,D78,Điểm thi THPT,2021,24.6,Quốc tế học
143605,SPS,quoc-te-hoc,D01,Điểm học bạ,2022,25.64,Quốc tế học
143606,SPS,quoc-te-hoc,D14,Điểm học bạ,2022,25.64,Quốc tế học
143607,SPS,quoc-te-hoc,D78,Điểm học bạ,2022,25.64,Quốc tế học
143608,SPS,quoc-te-hoc,D01,Điểm thi THPT,2022,23.75,Quốc tế học
143609,SPS,quoc-te-hoc,D14,Điểm thi THPT,2022,23.75,Quốc tế học
143610,SPS,quoc-te-hoc,D78,Điểm thi THPT,2022,23.75,Quốc tế học
143611,SPS,quoc-te-hoc,D01,Điểm học bạ,2023,27.31,Quốc tế học
143612,SPS,quoc-te-hoc,D14,Điểm học bạ,2023,27.31,Quốc tế học
143613,SPS,quoc-te-hoc,D78,Điểm học bạ,2023,27.31,Quốc tế học
143614,SPS,quoc-te-hoc,D01,Điểm thi THPT,2023,23.5,Quốc tế học
143615,SPS,quoc-te-hoc,D14,Điểm thi THPT,2023,23.5,Quốc tế học
143616,SPS,quoc-te-hoc,D78,Điểm thi THPT,2023,23.5,Quốc tế học
143617,SPS,quoc-te-hoc,D01,Điểm học bạ,2024,26.37,Quốc tế học
143618,SPS,quoc-te-hoc,D14,Điểm học bạ,2024,26.37,Quốc tế học
143619,SPS,quoc-te-hoc,D78,Điểm học bạ,2024,26.37,Quốc tế học
143620,SPS,quoc-te-hoc,D01,Điểm thi THPT,2024,24.42,Quốc tế học
143621,SPS,quoc-te-hoc,D14,Điểm thi THPT,2024,24.42,Quốc tế học
143622,SPS,quoc-te-hoc,D78,Điểm thi THPT,2024,24.42,Quốc tế học
143623,SPS,quoc-te-hoc,D09,Điểm thi THPT,2025,21.5,Quốc tế học
143624,SPS,quoc-te-hoc,D14,Điểm thi THPT,2025,21.25,Quốc tế học
143625,SPS,sinh-hoc-ung-dung,B00,Điểm thi THPT,2023,19.0,Sinh học ứng dụng
143626,SPS,sinh-hoc-ung-dung,D08,Điểm thi THPT,2023,19.0,Sinh học ứng dụng
143627,SPS,sinh-hoc-ung-dung,B00,Điểm học bạ,2024,27.95,Sinh học ứng dụng
143628,SPS,sinh-hoc-ung-dung,D08,Điểm học bạ,2024,27.95,Sinh học ứng dụng
143629,SPS,sinh-hoc-ung-dung,B00,Điểm thi THPT,2024,21.9,Sinh học ứng dụng
143630,SPS,sinh-hoc-ung-dung,D08,Điểm thi THPT,2024,21.9,Sinh học ứng dụng
143631,SPS,sinh-hoc-ung-dung,B00,Điểm thi THPT,2025,19.5,Sinh học ứng dụng
143632,SPS,sinh-hoc-ung-dung,D08,Điểm thi THPT,2025,20.0,Sinh học ứng dụng
143633,SPS,sinh-hoc-ung-dung,X14,Điểm thi THPT,2025,19.5,Sinh học ứng dụng
143634,SPS,sinh-hoc-ung-dung,X16,Điểm thi THPT,2025,19.25,Sinh học ứng dụng
143635,SPS,su-pham-cong-nghe,A00,Điểm học bạ,2022,23.18,Sư phạm Công nghệ
143636,SPS,su-pham-cong-nghe,A02,Điểm học bạ,2022,23.18,Sư phạm Công nghệ
143637,SPS,su-pham-cong-nghe,B00,Điểm học bạ,2022,23.18,Sư phạm Công nghệ
143638,SPS,su-pham-cong-nghe,D90,Điểm học bạ,2022,23.18,Sư phạm Công nghệ
143639,SPS,su-pham-cong-nghe,A00,Điểm thi THPT,2022,21.6,Sư phạm Công nghệ
143640,SPS,su-pham-cong-nghe,A02,Điểm thi THPT,2022,21.6,Sư phạm Công nghệ
143641,SPS,su-pham-cong-nghe,B00,Điểm thi THPT,2022,21.6,Sư phạm Công nghệ
143642,SPS,su-pham-cong-nghe,D90,Điểm thi THPT,2022,21.6,Sư phạm Công nghệ
143643,SPS,su-pham-cong-nghe,A00,Điểm học bạ,2023,27.83,Sư phạm công nghệ
143644,SPS,su-pham-cong-nghe,A01,Điểm học bạ,2023,27.83,Sư phạm công nghệ
143645,SPS,su-pham-cong-nghe,A02,Điểm học bạ,2023,27.83,Sư phạm công nghệ
143646,SPS,su-pham-cong-nghe,D90,Điểm học bạ,2023,27.83,Sư phạm công nghệ
143647,SPS,su-pham-cong-nghe,A00,Điểm thi THPT,2023,22.4,Sư phạm công nghệ
143648,SPS,su-pham-cong-nghe,A01,Điểm thi THPT,2023,22.4,Sư phạm công nghệ
143649,SPS,su-pham-cong-nghe,A02,Điểm thi THPT,2023,22.4,Sư phạm công nghệ
143650,SPS,su-pham-cong-nghe,D90,Điểm thi THPT,2023,22.4,Sư phạm công nghệ
143651,SPS,su-pham-cong-nghe,A00,Điểm học bạ,2024,27.5,Sư phạm công nghệ
143652,SPS,su-pham-cong-nghe,A01,Điểm học bạ,2024,27.5,Sư phạm công nghệ
143653,SPS,su-pham-cong-nghe,A02,Điểm học bạ,2024,27.5,Sư phạm công nghệ
143654,SPS,su-pham-cong-nghe,D90,Điểm học bạ,2024,27.5,Sư phạm công nghệ
143655,SPS,su-pham-cong-nghe,A00,Điểm thi THPT,2024,24.31,Sư phạm công nghệ
143656,SPS,su-pham-cong-nghe,A01,Điểm thi THPT,2024,24.31,Sư phạm công nghệ
143657,SPS,su-pham-cong-nghe,A02,Điểm thi THPT,2024,24.31,Sư phạm công nghệ
143658,SPS,su-pham-cong-nghe,D90,Điểm thi THPT,2024,24.31,Sư phạm công nghệ
143659,SPS,su-pham-cong-nghe,A01,Điểm thi THPT,2025,22.85,Sư phạm công nghệ
143660,SPS,su-pham-cong-nghe,A02,Điểm thi THPT,2025,22.6,Sư phạm công nghệ
143661,SPS,su-pham-cong-nghe,X07,Điểm thi THPT,2025,22.6,Sư phạm công nghệ
143662,SPS,su-pham-cong-nghe,X08,Điểm thi THPT,2025,22.1,Sư phạm công nghệ
143663,SPS,su-pham-dia-ly,C00,Điểm học bạ,2021,27.2,Sư phạm Địa lý
143664,SPS,su-pham-dia-ly,C04,Điểm học bạ,2021,27.2,Sư phạm Địa lý
143665,SPS,su-pham-dia-ly,D78,Điểm học bạ,2021,27.2,Sư phạm Địa lý
143666,SPS,su-pham-dia-ly,C00,Điểm thi THPT,2021,25.2,Sư phạm Địa lý
143667,SPS,su-pham-dia-ly,C04,Điểm thi THPT,2021,25.2,Sư phạm Địa lý
143668,SPS,su-pham-dia-ly,D78,Điểm thi THPT,2021,25.2,Sư phạm Địa lý
143669,SPS,su-pham-dia-ly,C00,Điểm học bạ,2022,27.92,Sư phạm Địa lý
143670,SPS,su-pham-dia-ly,C04,Điểm học bạ,2022,27.92,Sư phạm Địa lý
143671,SPS,su-pham-dia-ly,D15,Điểm học bạ,2022,27.92,Sư phạm Địa lý
143672,SPS,su-pham-dia-ly,D78,Điểm học bạ,2022,27.92,Sư phạm Địa lý
143673,SPS,su-pham-dia-ly,C00,Điểm thi THPT,2022,26.5,Sư phạm Địa lý
143674,SPS,su-pham-dia-ly,C04,Điểm thi THPT,2022,26.5,Sư phạm Địa lý
143675,SPS,su-pham-dia-ly,D15,Điểm thi THPT,2022,26.5,Sư phạm Địa lý
143676,SPS,su-pham-dia-ly,D78,Điểm thi THPT,2022,26.5,Sư phạm Địa lý
143677,SPS,su-pham-dia-ly,C00,Điểm học bạ,2023,28.38,Sư phạm Địa lý
143678,SPS,su-pham-dia-ly,C04,Điểm học bạ,2023,28.38,Sư phạm Địa lý
143679,SPS,su-pham-dia-ly,D15,Điểm học bạ,2023,28.38,Sư phạm Địa lý
143680,SPS,su-pham-dia-ly,D78,Điểm học bạ,2023,28.38,Sư phạm Địa lý
143681,SPS,su-pham-dia-ly,C00,Điểm thi THPT,2023,26.15,Sư phạm Địa lý
143682,SPS,su-pham-dia-ly,C04,Điểm thi THPT,2023,26.15,Sư phạm Địa lý
143683,SPS,su-pham-dia-ly,D15,Điểm thi THPT,2023,26.15,Sư phạm Địa lý
143684,SPS,su-pham-dia-ly,D78,Điểm thi THPT,2023,26.15,Sư phạm Địa lý
143685,SPS,su-pham-dia-ly,C00,Điểm học bạ,2024,28.57,Sư phạm Địa lý
143686,SPS,su-pham-dia-ly,C04,Điểm học bạ,2024,28.57,Sư phạm Địa lý
143687,SPS,su-pham-dia-ly,D15,Điểm học bạ,2024,28.57,Sư phạm Địa lý
143688,SPS,su-pham-dia-ly,D78,Điểm học bạ,2024,28.57,Sư phạm Địa lý
143689,SPS,su-pham-dia-ly,C00,Điểm thi THPT,2024,28.37,Sư phạm Địa lý
143690,SPS,su-pham-dia-ly,C04,Điểm thi THPT,2024,28.37,Sư phạm Địa lý
143691,SPS,su-pham-dia-ly,D15,Điểm thi THPT,2024,28.37,Sư phạm Địa lý
143692,SPS,su-pham-dia-ly,D78,Điểm thi THPT,2024,28.37,Sư phạm Địa lý
143693,SPS,su-pham-dia-ly,C00,Điểm thi THPT,2025,28.83,Sư phạm Địa lý
143694,SPS,su-pham-dia-ly,C04,Điểm thi THPT,2025,29.08,Sư phạm Địa lý
143695,SPS,su-pham-dia-ly,C20,Điểm thi THPT,2025,28.58,Sư phạm Địa lý
143696,SPS,su-pham-dia-ly,D15,Điểm thi THPT,2025,29.33,Sư phạm Địa lý
143697,SPS,su-pham-dia-ly,X74,Điểm thi THPT,2025,28.58,Sư phạm Địa lý
143698,SPS,su-pham-hoa-hoc,A00,Điểm học bạ,2021,29.75,Sư phạm Hóa học
143699,SPS,su-pham-hoa-hoc,B00,Điểm học bạ,2021,29.75,Sư phạm Hóa học
143700,SPS,su-pham-hoa-hoc,D07,Điểm học bạ,2021,29.75,Sư phạm Hóa học
143701,SPS,su-pham-hoa-hoc,A00,Điểm thi THPT,2021,27.0,Sư phạm Hóa học
143702,SPS,su-pham-hoa-hoc,B00,Điểm thi THPT,2021,27.0,Sư phạm Hóa học
143703,SPS,su-pham-hoa-hoc,D07,Điểm thi THPT,2021,27.0,Sư phạm Hóa học
143704,SPS,su-pham-hoa-hoc,A00,Điểm học bạ,2022,29.75,Sư phạm Hóa học
143705,SPS,su-pham-hoa-hoc,B00,Điểm học bạ,2022,29.75,Sư phạm Hóa học
143706,SPS,su-pham-hoa-hoc,D07,Điểm học bạ,2022,29.75,Sư phạm Hóa học
143707,SPS,su-pham-hoa-hoc,A00,Điểm thi THPT,2022,27.35,Sư phạm Hóa học
143708,SPS,su-pham-hoa-hoc,B00,Điểm thi THPT,2022,27.35,Sư phạm Hóa học
143709,SPS,su-pham-hoa-hoc,D07,Điểm thi THPT,2022,27.35,Sư phạm Hóa học
143710,SPS,su-pham-hoa-hoc,A00,Điểm học bạ,2023,29.73,Sư phạm Hóa học
143711,SPS,su-pham-hoa-hoc,B00,Điểm học bạ,2023,29.73,Sư phạm Hóa học
143712,SPS,su-pham-hoa-hoc,D07,Điểm học bạ,2023,29.73,Sư phạm Hóa học
143713,SPS,su-pham-hoa-hoc,A00,Điểm thi THPT,2023,26.55,Sư phạm Hoá học
143714,SPS,su-pham-hoa-hoc,B00,Điểm thi THPT,2023,26.55,Sư phạm Hoá học
143715,SPS,su-pham-hoa-hoc,D07,Điểm thi THPT,2023,26.55,Sư phạm Hoá học
143716,SPS,su-pham-hoa-hoc,A00,Điểm học bạ,2024,29.81,Sư phạm Hoá học
143717,SPS,su-pham-hoa-hoc,B00,Điểm học bạ,2024,29.81,Sư phạm Hoá học
143718,SPS,su-pham-hoa-hoc,D07,Điểm học bạ,2024,29.81,Sư phạm Hoá học
143719,SPS,su-pham-hoa-hoc,A00,Điểm thi THPT,2024,27.67,Sư phạm Hoá học
143720,SPS,su-pham-hoa-hoc,B00,Điểm thi THPT,2024,27.67,Sư phạm Hoá học
143721,SPS,su-pham-hoa-hoc,D07,Điểm thi THPT,2024,27.67,Sư phạm Hoá học
143722,SPS,su-pham-hoa-hoc,A00,Điểm thi THPT,2025,29.38,Sư phạm Hoá học
143723,SPS,su-pham-hoa-hoc,B00,Điểm thi THPT,2025,30.38,Sư phạm Hoá học
143724,SPS,su-pham-hoa-hoc,D07,Điểm thi THPT,2025,30.88,Sư phạm Hoá học
143725,SPS,su-pham-khoa-hoc-tu-nhien,A00,Điểm học bạ,2021,28.4,Sư phạm Khoa học tự nhiên
143726,SPS,su-pham-khoa-hoc-tu-nhien,B00,Điểm học bạ,2021,28.4,Sư phạm Khoa học tự nhiên
143727,SPS,su-pham-khoa-hoc-tu-nhien,D90,Điểm học bạ,2021,28.4,Sư phạm Khoa học tự nhiên
143728,SPS,su-pham-khoa-hoc-tu-nhien,A00,Điểm thi THPT,2021,24.4,Sư phạm Khoa học tự nhiên
143729,SPS,su-pham-khoa-hoc-tu-nhien,B00,Điểm thi THPT,2021,24.4,Sư phạm Khoa học tự nhiên
143730,SPS,su-pham-khoa-hoc-tu-nhien,D90,Điểm thi THPT,2021,24.4,Sư phạm Khoa học tự nhiên
143731,SPS,su-pham-khoa-hoc-tu-nhien,A00,Điểm học bạ,2022,27.83,Sư phạm Khoa học tự nhiên
143732,SPS,su-pham-khoa-hoc-tu-nhien,A02,Điểm học bạ,2022,27.83,Sư phạm Khoa học tự nhiên
143733,SPS,su-pham-khoa-hoc-tu-nhien,B00,Điểm học bạ,2022,27.83,Sư phạm Khoa học tự nhiên
143734,SPS,su-pham-khoa-hoc-tu-nhien,D90,Điểm học bạ,2022,27.83,Sư phạm Khoa học tự nhiên
143735,SPS,su-pham-khoa-hoc-tu-nhien,A00,Điểm thi THPT,2022,24.0,Sư phạm Khoa học tự nhiên
143736,SPS,su-pham-khoa-hoc-tu-nhien,A02,Điểm thi THPT,2022,24.0,Sư phạm Khoa học tự nhiên
143737,SPS,su-pham-khoa-hoc-tu-nhien,B00,Điểm thi THPT,2022,24.0,Sư phạm Khoa học tự nhiên
143738,SPS,su-pham-khoa-hoc-tu-nhien,D90,Điểm thi THPT,2022,24.0,Sư phạm Khoa học tự nhiên
143739,SPS,su-pham-khoa-hoc-tu-nhien,A00,Điểm học bạ,2023,28.92,Sư phạm khoa học tự nhiên
143740,SPS,su-pham-khoa-hoc-tu-nhien,A02,Điểm học bạ,2023,28.92,Sư phạm khoa học tự nhiên
143741,SPS,su-pham-khoa-hoc-tu-nhien,B00,Điểm học bạ,2023,28.92,Sư phạm khoa học tự nhiên
143742,SPS,su-pham-khoa-hoc-tu-nhien,D90,Điểm học bạ,2023,28.92,Sư phạm khoa học tự nhiên
143743,SPS,su-pham-khoa-hoc-tu-nhien,A00,Điểm thi THPT,2023,24.56,Sư phạm khoa học tự nhiên
143744,SPS,su-pham-khoa-hoc-tu-nhien,A02,Điểm thi THPT,2023,24.56,Sư phạm khoa học tự nhiên
143745,SPS,su-pham-khoa-hoc-tu-nhien,B00,Điểm thi THPT,2023,24.56,Sư phạm khoa học tự nhiên
143746,SPS,su-pham-khoa-hoc-tu-nhien,D90,Điểm thi THPT,2023,24.56,Sư phạm khoa học tự nhiên
143747,SPS,su-pham-khoa-hoc-tu-nhien,A00,Điểm học bạ,2024,28.68,Sư phạm khoa học tự nhiên
143748,SPS,su-pham-khoa-hoc-tu-nhien,A02,Điểm học bạ,2024,28.68,Sư phạm khoa học tự nhiên
143749,SPS,su-pham-khoa-hoc-tu-nhien,B00,Điểm học bạ,2024,28.68,Sư phạm khoa học tự nhiên
143750,SPS,su-pham-khoa-hoc-tu-nhien,D90,Điểm học bạ,2024,28.68,Sư phạm khoa học tự nhiên
143751,SPS,su-pham-khoa-hoc-tu-nhien,A00,Điểm thi THPT,2024,25.6,Sư phạm khoa học tự nhiên
143752,SPS,su-pham-khoa-hoc-tu-nhien,A02,Điểm thi THPT,2024,25.6,Sư phạm khoa học tự nhiên
143753,SPS,su-pham-khoa-hoc-tu-nhien,B00,Điểm thi THPT,2024,25.6,Sư phạm khoa học tự nhiên
143754,SPS,su-pham-khoa-hoc-tu-nhien,D90,Điểm thi THPT,2024,25.6,Sư phạm khoa học tự nhiên
143755,SPS,su-pham-khoa-hoc-tu-nhien,A00,Điểm thi THPT,2025,23.12,Sư phạm khoa học tự nhiên
143756,SPS,su-pham-khoa-hoc-tu-nhien,A02,Điểm thi THPT,2025,23.37,Sư phạm khoa học tự nhiên
143757,SPS,su-pham-khoa-hoc-tu-nhien,B00,Điểm thi THPT,2025,24.12,Sư phạm khoa học tự nhiên
143758,SPS,su-pham-lich-su,C00,Điểm học bạ,2021,27.8,Sư phạm Lịch sử
143759,SPS,su-pham-lich-su,D14,Điểm học bạ,2021,27.8,Sư phạm Lịch sử
143760,SPS,su-pham-lich-su,C00,Điểm thi THPT,2021,26.0,Sư phạm Lịch sử
143761,SPS,su-pham-lich-su,D14,Điểm thi THPT,2021,26.0,Sư phạm Lịch sử
143762,SPS,su-pham-lich-su,C00,Điểm học bạ,2022,28.08,Sư phạm Lịch sử
143763,SPS,su-pham-lich-su,C14,Điểm học bạ,2022,28.08,Sư phạm Lịch sử
143764,SPS,su-pham-lich-su,C00,Điểm thi THPT,2022,26.83,Sư phạm Lịch sử
143765,SPS,su-pham-lich-su,C14,Điểm thi THPT,2022,26.83,Sư phạm Lịch sử
143766,SPS,su-pham-lich-su,C00,Điểm học bạ,2023,28.5,Sư phạm Lịch sử
143767,SPS,su-pham-lich-su,D14,Điểm học bạ,2023,28.5,Sư phạm Lịch sử
143768,SPS,su-pham-lich-su,C00,Điểm thi THPT,2023,26.85,Sư phạm Lịch sử
143769,SPS,su-pham-lich-su,D14,Điểm thi THPT,2023,26.85,Sư phạm Lịch sử
143770,SPS,su-pham-lich-su,C00,Điểm học bạ,2024,29.05,Sư phạm Lịch sử
143771,SPS,su-pham-lich-su,D14,Điểm học bạ,2024,29.05,Sư phạm Lịch sử
143772,SPS,su-pham-lich-su,C00,Điểm thi THPT,2024,28.6,Sư phạm Lịch sử
143773,SPS,su-pham-lich-su,D14,Điểm thi THPT,2024,28.6,Sư phạm Lịch sử
143774,SPS,su-pham-lich-su,C00,Điểm thi THPT,2025,28.73,Sư phạm Lịch sử
143775,SPS,su-pham-lich-su,C19,Điểm thi THPT,2025,28.48,Sư phạm Lịch sử
143776,SPS,su-pham-lich-su,D14,Điểm thi THPT,2025,29.23,Sư phạm Lịch sử
143777,SPS,su-pham-lich-su,X70,Điểm thi THPT,2025,28.48,Sư phạm Lịch sử
143778,SPS,su-pham-lich-su-dia-li,C00,Điểm học bạ,2022,27.12,Sư phạm Lịch sử - Địa Lí
143779,SPS,su-pham-lich-su-dia-li,C19,Điểm học bạ,2022,27.12,Sư phạm Lịch sử - Địa Lí
143780,SPS,su-pham-lich-su-dia-li,C20,Điểm học bạ,2022,27.12,Sư phạm Lịch sử - Địa Lí
143781,SPS,su-pham-lich-su-dia-li,D78,Điểm học bạ,2022,27.12,Sư phạm Lịch sử - Địa Lí
143782,SPS,su-pham-lich-su-dia-li,C00,Điểm thi THPT,2022,25.0,Sư phạm Lịch sử - Địa Lí
143783,SPS,su-pham-lich-su-dia-li,C19,Điểm thi THPT,2022,25.0,Sư phạm Lịch sử - Địa Lí
143784,SPS,su-pham-lich-su-dia-li,C20,Điểm thi THPT,2022,25.0,Sư phạm Lịch sử - Địa Lí
143785,SPS,su-pham-lich-su-dia-li,D78,Điểm thi THPT,2022,25.0,Sư phạm Lịch sử - Địa Lí
143786,SPS,su-pham-lich-su-dia-ly,C00,Điểm học bạ,2021,25.63,Sư phạm Lịch sử - Địa lý
143787,SPS,su-pham-lich-su-dia-ly,C19,Điểm học bạ,2021,25.63,Sư phạm Lịch sử - Địa lý
143788,SPS,su-pham-lich-su-dia-ly,C20,Điểm học bạ,2021,25.63,Sư phạm Lịch sử - Địa lý
143789,SPS,su-pham-lich-su-dia-ly,C00,Điểm thi THPT,2021,25.0,Sư phạm Lịch sử - Địa lý
143790,SPS,su-pham-lich-su-dia-ly,C19,Điểm thi THPT,2021,25.0,Sư phạm Lịch sử - Địa lý
143791,SPS,su-pham-lich-su-dia-ly,C20,Điểm thi THPT,2021,25.0,Sư phạm Lịch sử - Địa lý
143792,SPS,su-pham-lich-su-dia-ly,C00,Điểm học bạ,2023,27.63,Sư phạm Lịch sử - Địa lý
143793,SPS,su-pham-lich-su-dia-ly,C19,Điểm học bạ,2023,27.63,Sư phạm Lịch sử - Địa lý
143794,SPS,su-pham-lich-su-dia-ly,C20,Điểm học bạ,2023,27.63,Sư phạm Lịch sử - Địa lý
143795,SPS,su-pham-lich-su-dia-ly,D78,Điểm học bạ,2023,27.63,Sư phạm Lịch sử - Địa lý
143796,SPS,su-pham-lich-su-dia-ly,C00,Điểm thi THPT,2023,26.03,Sư phạm Lịch sử - Địa lý
143797,SPS,su-pham-lich-su-dia-ly,C19,Điểm thi THPT,2023,26.03,Sư phạm Lịch sử - Địa lý
143798,SPS,su-pham-lich-su-dia-ly,C20,Điểm thi THPT,2023,26.03,Sư phạm Lịch sử - Địa lý
143799,SPS,su-pham-lich-su-dia-ly,D78,Điểm thi THPT,2023,26.03,Sư phạm Lịch sử - Địa lý
143800,SPS,su-pham-lich-su-dia-ly,C00,Điểm học bạ,2024,28.23,Sư phạm Lịch sử - Địa lý
143801,SPS,su-pham-lich-su-dia-ly,C19,Điểm học bạ,2024,28.23,Sư phạm Lịch sử - Địa lý
143802,SPS,su-pham-lich-su-dia-ly,C20,Điểm học bạ,2024,28.23,Sư phạm Lịch sử - Địa lý
143803,SPS,su-pham-lich-su-dia-ly,D78,Điểm học bạ,2024,28.23,Sư phạm Lịch sử - Địa lý
143804,SPS,su-pham-lich-su-dia-ly,C00,Điểm thi THPT,2024,27.75,Sư phạm Lịch sử - Địa lý
143805,SPS,su-pham-lich-su-dia-ly,C19,Điểm thi THPT,2024,27.75,Sư phạm Lịch sử - Địa lý
143806,SPS,su-pham-lich-su-dia-ly,C20,Điểm thi THPT,2024,27.75,Sư phạm Lịch sử - Địa lý
143807,SPS,su-pham-lich-su-dia-ly,D78,Điểm thi THPT,2024,27.75,Sư phạm Lịch sử - Địa lý
143808,SPS,su-pham-lich-su-dia-ly,A07,Điểm thi THPT,2025,27.39,Sư phạm Lịch sử - Địa lý
143809,SPS,su-pham-lich-su-dia-ly,C00,Điểm thi THPT,2025,27.14,Sư phạm Lịch sử - Địa lý
143810,SPS,su-pham-lich-su-dia-ly,C19,Điểm thi THPT,2025,26.89,Sư phạm Lịch sử - Địa lý
143811,SPS,su-pham-lich-su-dia-ly,C20,Điểm thi THPT,2025,26.89,Sư phạm Lịch sử - Địa lý
143812,SPS,su-pham-lich-su-dia-ly,X70,Điểm thi THPT,2025,26.89,Sư phạm Lịch sử - Địa lý
143813,SPS,su-pham-lich-su-dia-ly,X74,Điểm thi THPT,2025,26.89,Sư phạm Lịch sử - Địa lý
143814,SPS,su-pham-ngu-van,C00,Điểm học bạ,2021,28.57,Sư phạm Ngữ văn
143815,SPS,su-pham-ngu-van,D01,Điểm học bạ,2021,28.57,Sư phạm Ngữ văn
143816,SPS,su-pham-ngu-van,D78,Điểm học bạ,2021,28.57,Sư phạm Ngữ văn
143817,SPS,su-pham-ngu-van,C00,Điểm thi THPT,2021,27.0,Sư phạm Ngữ văn
143818,SPS,su-pham-ngu-van,D01,Điểm thi THPT,2021,27.0,Sư phạm Ngữ văn
143819,SPS,su-pham-ngu-van,D78,Điểm thi THPT,2021,27.0,Sư phạm Ngữ văn
143820,SPS,su-pham-ngu-van,C00,Điểm học bạ,2022,28.93,Sư phạm Ngữ văn
143821,SPS,su-pham-ngu-van,D01,Điểm học bạ,2022,28.93,Sư phạm Ngữ văn
143822,SPS,su-pham-ngu-van,D78,Điểm học bạ,2022,28.93,Sư phạm Ngữ văn
143823,SPS,su-pham-ngu-van,C00,Điểm thi THPT,2022,28.25,Sư phạm Ngữ văn
143824,SPS,su-pham-ngu-van,D01,Điểm thi THPT,2022,28.25,Sư phạm Ngữ văn
143825,SPS,su-pham-ngu-van,D78,Điểm thi THPT,2022,28.25,Sư phạm Ngữ văn
143826,SPS,su-pham-ngu-van,C00,Điểm học bạ,2023,28.82,Sư phạm Ngữ văn
143827,SPS,su-pham-ngu-van,D01,Điểm học bạ,2023,28.82,Sư phạm Ngữ văn
143828,SPS,su-pham-ngu-van,D78,Điểm học bạ,2023,28.82,Sư phạm Ngữ văn
143829,SPS,su-pham-ngu-van,C00,Điểm thi THPT,2023,27.0,Sư phạm Ngữ văn
143830,SPS,su-pham-ngu-van,D01,Điểm thi THPT,2023,27.0,Sư phạm Ngữ văn
143831,SPS,su-pham-ngu-van,D78,Điểm thi THPT,2023,27.0,Sư phạm Ngữ văn
143832,SPS,su-pham-ngu-van,C00,Điểm học bạ,2024,28.43,Sư phạm Ngữ văn
143833,SPS,su-pham-ngu-van,D01,Điểm học bạ,2024,28.43,Sư phạm Ngữ văn
143834,SPS,su-pham-ngu-van,D78,Điểm học bạ,2024,28.43,Sư phạm Ngữ văn
143835,SPS,su-pham-ngu-van,C00,Điểm thi THPT,2024,27.2,Sư phạm Ngữ văn
143836,SPS,su-pham-ngu-van,D01,Điểm thi THPT,2024,27.2,Sư phạm Ngữ văn
143837,SPS,su-pham-ngu-van,D78,Điểm thi THPT,2024,27.2,Sư phạm Ngữ văn
143838,SPS,su-pham-ngu-van,C00,Điểm thi THPT,2025,27.98,Sư phạm Ngữ văn
143839,SPS,su-pham-ngu-van,D01,Điểm thi THPT,2025,29.48,Sư phạm Ngữ văn
143840,SPS,su-pham-ngu-van,D14,Điểm thi THPT,2025,28.48,Sư phạm Ngữ văn
143841,SPS,su-pham-sinh-hoc,B00,Điểm học bạ,2021,28.67,Sư phạm Sinh học
143842,SPS,su-pham-sinh-hoc,D08,Điểm học bạ,2021,28.67,Sư phạm Sinh học
143843,SPS,su-pham-sinh-hoc,B00,Điểm thi THPT,2021,25.0,Sư phạm Sinh học
143844,SPS,su-pham-sinh-hoc,D08,Điểm thi THPT,2021,25.0,Sư phạm Sinh học
143845,SPS,su-pham-sinh-hoc,B00,Điểm học bạ,2022,28.7,Sư phạm Sinh học
143846,SPS,su-pham-sinh-hoc,D08,Điểm học bạ,2022,28.7,Sư phạm Sinh học
143847,SPS,su-pham-sinh-hoc,B00,Điểm thi THPT,2022,24.8,Sư phạm Sinh học
143848,SPS,su-pham-sinh-hoc,D08,Điểm thi THPT,2022,24.8,Sư phạm Sinh học
143849,SPS,su-pham-sinh-hoc,B00,Điểm học bạ,2023,29.28,Sư phạm Sinh học
143850,SPS,su-pham-sinh-hoc,D08,Điểm học bạ,2023,29.28,Sư phạm Sinh học
143851,SPS,su-pham-sinh-hoc,B00,Điểm thi THPT,2023,24.9,Sư phạm Sinh học
143852,SPS,su-pham-sinh-hoc,D08,Điểm thi THPT,2023,24.9,Sư phạm Sinh học
143853,SPS,su-pham-sinh-hoc,B00,Điểm học bạ,2024,29.46,Sư phạm Sinh học
143854,SPS,su-pham-sinh-hoc,D08,Điểm học bạ,2024,29.46,Sư phạm Sinh học
143855,SPS,su-pham-sinh-hoc,B00,Điểm thi THPT,2024,26.22,Sư phạm Sinh học
143856,SPS,su-pham-sinh-hoc,D08,Điểm thi THPT,2024,26.22,Sư phạm Sinh học
143857,SPS,su-pham-sinh-hoc,B00,Điểm thi THPT,2025,26.21,Sư phạm Sinh học
143858,SPS,su-pham-sinh-hoc,D08,Điểm thi THPT,2025,26.71,Sư phạm Sinh học
143859,SPS,su-pham-tieng-anh,D01,Điểm học bạ,2021,28.28,Sư phạm Tiếng Anh
143860,SPS,su-pham-tieng-anh,D01,Điểm thi THPT,2021,27.15,Sư phạm Tiếng Anh
143861,SPS,su-pham-tieng-anh,D01,Điểm học bạ,2022,27.92,Sư phạm Tiếng Anh
143862,SPS,su-pham-tieng-anh,D01,Điểm thi THPT,2022,26.5,Sư phạm Tiếng Anh
143863,SPS,su-pham-tieng-anh,D01,Điểm học bạ,2023,28.6,Sư phạm Tiếng Anh
143864,SPS,su-pham-tieng-anh,D01,Điểm thi THPT,2023,26.62,Sư phạm Tiếng Anh
143865,SPS,su-pham-tieng-anh,D01,Điểm học bạ,2024,28.07,Sư phạm Tiếng Anh
143866,SPS,su-pham-tieng-anh,D01,Điểm thi THPT,2024,25.47,Sư phạm Tiếng Anh
143867,SPS,su-pham-tieng-anh,D01,Điểm thi THPT,2025,25.62,Sư phạm Tiếng Anh
143868,SPS,su-pham-tieng-anh,X79,Điểm thi THPT,2025,25.37,Sư phạm Tiếng Anh
143869,SPS,su-pham-tieng-nga,D01,Điểm học bạ,2023,25.72,Sư phạm Tiếng Nga
143870,SPS,su-pham-tieng-nga,D02,Điểm học bạ,2023,25.72,Sư phạm Tiếng Nga
143871,SPS,su-pham-tieng-nga,D78,Điểm học bạ,2023,25.72,Sư phạm Tiếng Nga
143872,SPS,su-pham-tieng-nga,D80,Điểm học bạ,2023,25.72,Sư phạm Tiếng Nga
143873,SPS,su-pham-tieng-nga,D01,Điểm thi THPT,2023,19.4,Sư phạm Tiếng Nga
143874,SPS,su-pham-tieng-nga,D02,Điểm thi THPT,2023,19.4,Sư phạm Tiếng Nga
143875,SPS,su-pham-tieng-nga,D78,Điểm thi THPT,2023,19.4,Sư phạm Tiếng Nga
143876,SPS,su-pham-tieng-nga,D80,Điểm thi THPT,2023,19.4,Sư phạm Tiếng Nga
143877,SPS,su-pham-tieng-nga,D01,Điểm học bạ,2024,26.57,Sư phạm Tiếng Nga
143878,SPS,su-pham-tieng-nga,D02,Điểm học bạ,2024,26.57,Sư phạm Tiếng Nga
143879,SPS,su-pham-tieng-nga,D78,Điểm học bạ,2024,26.57,Sư phạm Tiếng Nga
143880,SPS,su-pham-tieng-nga,D80,Điểm học bạ,2024,26.57,Sư phạm Tiếng Nga
143881,SPS,su-pham-tieng-nga,D01,Điểm thi THPT,2024,23.69,Sư phạm Tiếng Nga
143882,SPS,su-pham-tieng-nga,D02,Điểm thi THPT,2024,23.69,Sư phạm Tiếng Nga
143883,SPS,su-pham-tieng-nga,D78,Điểm thi THPT,2024,23.69,Sư phạm Tiếng Nga
143884,SPS,su-pham-tieng-nga,D80,Điểm thi THPT,2024,23.69,Sư phạm Tiếng Nga
143885,SPS,su-pham-tieng-nga,D01,Điểm thi THPT,2025,21.9,Sư phạm Tiếng Nga
143886,SPS,su-pham-tieng-nga,D02,Điểm thi THPT,2025,21.9,Sư phạm Tiếng Nga
143887,SPS,su-pham-tieng-nga,D14,Điểm thi THPT,2025,21.65,Sư phạm Tiếng Nga
143888,SPS,su-pham-tieng-nga,D66,Điểm thi THPT,2025,21.15,Sư phạm Tiếng Nga
143889,SPS,su-pham-tieng-nga,X78,Điểm thi THPT,2025,21.15,Sư phạm Tiếng Nga
143890,SPS,su-pham-tieng-phap,D01,Điểm học bạ,2023,27.46,Sư phạm Tiếng Pháp
143891,SPS,su-pham-tieng-phap,D03,Điểm học bạ,2023,27.46,Sư phạm Tiếng Pháp
143892,SPS,su-pham-tieng-phap,D01,Điểm thi THPT,2023,22.7,Sư phạm Tiếng Pháp
143893,SPS,su-pham-tieng-phap,D03,Điểm thi THPT,2023,22.7,Sư phạm Tiếng Pháp
143894,SPS,su-pham-tieng-phap,D01,Điểm học bạ,2024,25.99,Sư phạm Tiếng Pháp
143895,SPS,su-pham-tieng-phap,D03,Điểm học bạ,2024,25.99,Sư phạm Tiếng Pháp
143896,SPS,su-pham-tieng-phap,D01,Điểm thi THPT,2024,24.93,Sư phạm Tiếng Pháp
143897,SPS,su-pham-tieng-phap,D03,Điểm thi THPT,2024,24.93,Sư phạm Tiếng Pháp
143898,SPS,su-pham-tieng-phap,D01,Điểm thi THPT,2025,21.75,Sư phạm Tiếng Pháp
143899,SPS,su-pham-tieng-phap,D03,Điểm thi THPT,2025,21.75,Sư phạm Tiếng Pháp
143900,SPS,su-pham-tieng-trung-quoc,D01,Điểm học bạ,2021,27.75,Sư phạm Tiếng Trung Quốc
143901,SPS,su-pham-tieng-trung-quoc,D04,Điểm học bạ,2021,27.75,Sư phạm Tiếng Trung Quốc
143902,SPS,su-pham-tieng-trung-quoc,D01,Điểm thi THPT,2021,25.5,Sư phạm Tiếng Trung Quốc
143903,SPS,su-pham-tieng-trung-quoc,D04,Điểm thi THPT,2021,25.5,Sư phạm Tiếng Trung Quốc
143904,SPS,su-pham-tieng-trung-quoc,D01,Điểm học bạ,2022,27.6,Sư phạm Tiếng Trung Quốc
143905,SPS,su-pham-tieng-trung-quoc,D04,Điểm học bạ,2022,27.6,Sư phạm Tiếng Trung Quốc
143906,SPS,su-pham-tieng-trung-quoc,D01,Điểm thi THPT,2022,25.1,Sư phạm Tiếng Trung Quốc
143907,SPS,su-pham-tieng-trung-quoc,D04,Điểm thi THPT,2022,25.1,Sư phạm Tiếng Trung Quốc
143908,SPS,su-pham-tieng-trung-quoc,D01,Điểm học bạ,2023,28.13,Sư phạm Tiếng Trung Quốc
143909,SPS,su-pham-tieng-trung-quoc,D04,Điểm học bạ,2023,28.13,Sư phạm Tiếng Trung Quốc
143910,SPS,su-pham-tieng-trung-quoc,D01,Điểm thi THPT,2023,25.83,Sư phạm Tiếng Trung Quốc
143911,SPS,su-pham-tieng-trung-quoc,D04,Điểm thi THPT,2023,25.83,Sư phạm Tiếng Trung Quốc
143912,SPS,su-pham-tieng-trung-quoc,D01,Điểm học bạ,2024,28.16,Sư phạm Tiếng Trung Quốc
143913,SPS,su-pham-tieng-trung-quoc,D04,Điểm học bạ,2024,28.16,Sư phạm Tiếng Trung Quốc
143914,SPS,su-pham-tieng-trung-quoc,D01,Điểm thi THPT,2024,26.44,Sư phạm Tiếng Trung Quốc
143915,SPS,su-pham-tieng-trung-quoc,D04,Điểm thi THPT,2024,26.44,Sư phạm Tiếng Trung Quốc
143916,SPS,su-pham-tieng-trung-quoc,D01,Điểm thi THPT,2025,25.39,Sư phạm Tiếng Trung Quốc
143917,SPS,su-pham-tieng-trung-quoc,D04,Điểm thi THPT,2025,25.39,Sư phạm Tiếng Trung Quốc
143918,SPS,su-pham-tin-hoc,A00,Điểm học bạ,2021,26.98,Sư phạm Tin học
143919,SPS,su-pham-tin-hoc,A01,Điểm học bạ,2021,26.98,Sư phạm Tin học
143920,SPS,su-pham-tin-hoc,A00,Điểm thi THPT,2021,23.0,Sư phạm Tin học
143921,SPS,su-pham-tin-hoc,A01,Điểm thi THPT,2021,23.0,Sư phạm Tin học
143922,SPS,su-pham-tin-hoc,A00,Điểm học bạ,2022,27.18,Sư phạm Tin học
143923,SPS,su-pham-tin-hoc,A01,Điểm học bạ,2022,27.18,Sư phạm Tin học
143924,SPS,su-pham-tin-hoc,B08,Điểm học bạ,2022,27.18,Sư phạm Tin học
143925,SPS,su-pham-tin-hoc,A00,Điểm thi THPT,2022,22.5,Sư phạm Tin học
143926,SPS,su-pham-tin-hoc,A01,Điểm thi THPT,2022,22.5,Sư phạm Tin học
143927,SPS,su-pham-tin-hoc,B08,Điểm thi THPT,2022,22.5,Sư phạm Tin học
143928,SPS,su-pham-tin-hoc,A00,Điểm học bạ,2023,27.92,Sư phạm Tin học
143929,SPS,su-pham-tin-hoc,A01,Điểm học bạ,2023,27.92,Sư phạm Tin học
143930,SPS,su-pham-tin-hoc,B08,Điểm học bạ,2023,27.92,Sư phạm Tin học
143931,SPS,su-pham-tin-hoc,A00,Điểm thi THPT,2023,22.75,Sư phạm Tin học
143932,SPS,su-pham-tin-hoc,A01,Điểm thi THPT,2023,22.75,Sư phạm Tin học
143933,SPS,su-pham-tin-hoc,B08,Điểm thi THPT,2023,22.75,Sư phạm Tin học
143934,SPS,su-pham-tin-hoc,A00,Điểm học bạ,2024,27.7,Sư phạm Tin học
143935,SPS,su-pham-tin-hoc,A01,Điểm học bạ,2024,27.7,Sư phạm Tin học
143936,SPS,su-pham-tin-hoc,B08,Điểm học bạ,2024,27.7,Sư phạm Tin học
143937,SPS,su-pham-tin-hoc,A00,Điểm thi THPT,2024,24.73,Sư phạm Tin học
143938,SPS,su-pham-tin-hoc,A01,Điểm thi THPT,2024,24.73,Sư phạm Tin học
143939,SPS,su-pham-tin-hoc,B08,Điểm thi THPT,2024,24.73,Sư phạm Tin học
143940,SPS,su-pham-tin-hoc,A01,Điểm thi THPT,2025,23.23,Sư phạm Tin học
143941,SPS,su-pham-tin-hoc,B08,Điểm thi THPT,2025,23.98,Sư phạm Tin học
143942,SPS,su-pham-tin-hoc,D07,Điểm thi THPT,2025,23.73,Sư phạm Tin học
143943,SPS,su-pham-tin-hoc,X26,Điểm thi THPT,2025,23.23,Sư phạm Tin học
143944,SPS,su-pham-toan-hoc,A00,Điểm học bạ,2021,29.52,Sư phạm Toán học
143945,SPS,su-pham-toan-hoc,A01,Điểm học bạ,2021,29.52,Sư phạm Toán học
143946,SPS,su-pham-toan-hoc,A00,Điểm thi THPT,2021,26.7,Sư phạm Toán học
143947,SPS,su-pham-toan-hoc,A01,Điểm thi THPT,2021,26.7,Sư phạm Toán học
143948,SPS,su-pham-toan-hoc,A00,Điểm học bạ,2022,29.75,Sư phạm Toán học
143949,SPS,su-pham-toan-hoc,A01,Điểm học bạ,2022,29.75,Sư phạm Toán học
143950,SPS,su-pham-toan-hoc,A00,Điểm thi THPT,2022,27.0,Sư phạm Toán học
143951,SPS,su-pham-toan-hoc,A01,Điểm thi THPT,2022,27.0,Sư phạm Toán học
143952,SPS,su-pham-toan-hoc,A00,Điểm học bạ,2023,29.55,Sư phạm Toán học
143953,SPS,su-pham-toan-hoc,A01,Điểm học bạ,2023,29.55,Sư phạm Toán học
143954,SPS,su-pham-toan-hoc,A00,Điểm thi THPT,2023,26.5,Sư phạm Toán học
143955,SPS,su-pham-toan-hoc,A01,Điểm thi THPT,2023,26.5,Sư phạm Toán học
143956,SPS,su-pham-toan-hoc,A00,Điểm học bạ,2024,29.19,Sư phạm Toán học
143957,SPS,su-pham-toan-hoc,A01,Điểm học bạ,2024,29.19,Sư phạm Toán học
143958,SPS,su-pham-toan-hoc,A00,Điểm thi THPT,2024,26.18,Sư phạm Toán học
143959,SPS,su-pham-toan-hoc,A01,Điểm thi THPT,2024,26.18,Sư phạm Toán học
143960,SPS,su-pham-toan-hoc,A00,Điểm thi THPT,2025,28.25,Sư phạm Toán học
143961,SPS,su-pham-toan-hoc,A01,Điểm thi THPT,2025,28.07,Sư phạm Toán học
143962,SPS,su-pham-toan-hoc,X06,Điểm thi THPT,2025,28.25,Sư phạm Toán học
143963,SPS,su-pham-vat-ly,A00,Điểm học bạ,2021,29.07,Sư phạm Vật lý
143964,SPS,su-pham-vat-ly,A01,Điểm học bạ,2021,29.07,Sư phạm Vật lý
143965,SPS,su-pham-vat-ly,C01,Điểm học bạ,2021,29.07,Sư phạm Vật lý
143966,SPS,su-pham-vat-ly,A00,Điểm thi THPT,2021,25.8,Sư phạm Vật lý
143967,SPS,su-pham-vat-ly,A01,Điểm thi THPT,2021,25.8,Sư phạm Vật lý
143968,SPS,su-pham-vat-ly,C01,Điểm thi THPT,2021,25.8,Sư phạm Vật lý
143969,SPS,su-pham-vat-ly,A00,Điểm học bạ,2022,29.5,Sư phạm Vật lý
143970,SPS,su-pham-vat-ly,A01,Điểm học bạ,2022,29.5,Sư phạm Vật lý
143971,SPS,su-pham-vat-ly,C01,Điểm học bạ,2022,29.5,Sư phạm Vật lý
143972,SPS,su-pham-vat-ly,A00,Điểm thi THPT,2022,26.5,Sư phạm Vật lý
143973,SPS,su-pham-vat-ly,A01,Điểm thi THPT,2022,26.5,Sư phạm Vật lý
143974,SPS,su-pham-vat-ly,C01,Điểm thi THPT,2022,26.5,Sư phạm Vật lý
143975,SPS,su-pham-vat-ly,A00,Điểm học bạ,2023,29.5,Sư phạm Vật lý
143976,SPS,su-pham-vat-ly,A01,Điểm học bạ,2023,29.5,Sư phạm Vật lý
143977,SPS,su-pham-vat-ly,C01,Điểm học bạ,2023,29.5,Sư phạm Vật lý
143978,SPS,su-pham-vat-ly,A00,Điểm thi THPT,2023,26.1,Sư phạm Vật lý
143979,SPS,su-pham-vat-ly,A01,Điểm thi THPT,2023,26.1,Sư phạm Vật lý
143980,SPS,su-pham-vat-ly,C01,Điểm thi THPT,2023,26.1,Sư phạm Vật lý
143981,SPS,su-pham-vat-ly,A00,Điểm học bạ,2024,29.48,Sư phạm Vật lý
143982,SPS,su-pham-vat-ly,A01,Điểm học bạ,2024,29.48,Sư phạm Vật lý
143983,SPS,su-pham-vat-ly,C01,Điểm học bạ,2024,29.48,Sư phạm Vật lý
143984,SPS,su-pham-vat-ly,A00,Điểm thi THPT,2024,27.25,Sư phạm Vật lý
143985,SPS,su-pham-vat-ly,A01,Điểm thi THPT,2024,27.25,Sư phạm Vật lý
143986,SPS,su-pham-vat-ly,C01,Điểm thi THPT,2024,27.25,Sư phạm Vật lý
143987,SPS,su-pham-vat-ly,A00,Điểm thi THPT,2025,28.42,Sư phạm Vật lý
143988,SPS,su-pham-vat-ly,A01,Điểm thi THPT,2025,28.92,Sư phạm Vật lý
143989,SPS,su-pham-vat-ly,C01,Điểm thi THPT,2025,28.17,Sư phạm Vật lý
143990,SPS,tam-ly-hoc,B00,Điểm học bạ,2021,28.0,Tâm lý học
143991,SPS,tam-ly-hoc,C00,Điểm học bạ,2021,28.0,Tâm lý học
143992,SPS,tam-ly-hoc,D01,Điểm học bạ,2021,28.0,Tâm lý học
143993,SPS,tam-ly-hoc,B00,Điểm thi THPT,2021,25.5,Tâm lý học
143994,SPS,tam-ly-hoc,C00,Điểm thi THPT,2021,25.5,Tâm lý học
143995,SPS,tam-ly-hoc,D01,Điểm thi THPT,2021,25.5,Tâm lý học
143996,SPS,tam-ly-hoc,B00,Điểm học bạ,2022,27.73,Tâm lý học
143997,SPS,tam-ly-hoc,C00,Điểm học bạ,2022,27.73,Tâm lý học
143998,SPS,tam-ly-hoc,D01,Điểm học bạ,2022,27.73,Tâm lý học
143999,SPS,tam-ly-hoc,B00,Điểm thi THPT,2022,25.75,Tâm lý học
144000,SPS,tam-ly-hoc,C00,Điểm thi THPT,2022,25.75,Tâm lý học
144001,SPS,tam-ly-hoc,D01,Điểm thi THPT,2022,25.75,Tâm lý học
144002,SPS,tam-ly-hoc,B00,Điểm học bạ,2023,28.44,Tâm lý học
144003,SPS,tam-ly-hoc,D01,Điểm học bạ,2023,28.44,Tâm lý học
144004,SPS,tam-ly-hoc,B00,Điểm thi THPT,2023,25.5,Tâm lý học
144005,SPS,tam-ly-hoc,C00,Điểm thi THPT,2023,25.5,Tâm lý học
144006,SPS,tam-ly-hoc,D01,Điểm thi THPT,2023,25.5,Tâm lý học
144007,SPS,tam-ly-hoc,B00,Điểm học bạ,2024,28.57,Tâm lý học
144008,SPS,tam-ly-hoc,C00,Điểm học bạ,2024,28.57,Tâm lý học
144009,SPS,tam-ly-hoc,D01,Điểm học bạ,2024,28.57,Tâm lý học
144010,SPS,tam-ly-hoc,B00,Điểm thi THPT,2024,27.1,Tâm lý học
144011,SPS,tam-ly-hoc,C00,Điểm thi THPT,2024,27.1,Tâm lý học
144012,SPS,tam-ly-hoc,D01,Điểm thi THPT,2024,27.1,Tâm lý học
144013,SPS,tam-ly-hoc,C00,Điểm thi THPT,2025,26.5,Tâm lý học
144014,SPS,tam-ly-hoc,C03,Điểm thi THPT,2025,27.5,Tâm lý học
144015,SPS,tam-ly-hoc,C04,Điểm thi THPT,2025,27.5,Tâm lý học
144016,SPS,tam-ly-hoc,D01,Điểm thi THPT,2025,28.0,Tâm lý học
144017,SPS,tam-ly-hoc-giao-duc,A00,Điểm học bạ,2021,27.1,Tâm lý học giáo dục
144018,SPS,tam-ly-hoc-giao-duc,C00,Điểm học bạ,2021,27.1,Tâm lý học giáo dục
144019,SPS,tam-ly-hoc-giao-duc,D01,Điểm học bạ,2021,27.1,Tâm lý học giáo dục
144020,SPS,tam-ly-hoc-giao-duc,A00,Điểm thi THPT,2021,23.7,Tâm lý học giáo dục
144021,SPS,tam-ly-hoc-giao-duc,C00,Điểm thi THPT,2021,23.7,Tâm lý học giáo dục
144022,SPS,tam-ly-hoc-giao-duc,D01,Điểm thi THPT,2021,23.7,Tâm lý học giáo dục
144023,SPS,tam-ly-hoc-giao-duc,A00,Điểm học bạ,2022,25.85,Tâm lý học giáo dục
144024,SPS,tam-ly-hoc-giao-duc,C00,Điểm học bạ,2022,25.85,Tâm lý học giáo dục
144025,SPS,tam-ly-hoc-giao-duc,D01,Điểm học bạ,2022,25.85,Tâm lý học giáo dục
144026,SPS,tam-ly-hoc-giao-duc,A00,Điểm thi THPT,2022,24.0,Tâm lý học giáo dục
144027,SPS,tam-ly-hoc-giao-duc,C00,Điểm thi THPT,2022,24.0,Tâm lý học giáo dục
144028,SPS,tam-ly-hoc-giao-duc,D01,Điểm thi THPT,2022,24.0,Tâm lý học giáo dục
144029,SPS,tam-ly-hoc-giao-duc,A00,Điểm học bạ,2023,27.78,Tâm lý học giáo dục
144030,SPS,tam-ly-hoc-giao-duc,C00,Điểm học bạ,2023,27.78,Tâm lý học giáo dục
144031,SPS,tam-ly-hoc-giao-duc,D01,Điểm học bạ,2023,27.78,Tâm lý học giáo dục
144032,SPS,tam-ly-hoc-giao-duc,A00,Điểm thi THPT,2023,24.17,Tâm lý học giáo dục
144033,SPS,tam-ly-hoc-giao-duc,C00,Điểm thi THPT,2023,24.17,Tâm lý học giáo dục
144034,SPS,tam-ly-hoc-giao-duc,D01,Điểm thi THPT,2023,24.17,Tâm lý học giáo dục
144035,SPS,tam-ly-hoc-giao-duc,A00,Điểm học bạ,2024,27.74,Tâm lý học giáo dục
144036,SPS,tam-ly-hoc-giao-duc,C00,Điểm học bạ,2024,27.74,Tâm lý học giáo dục
144037,SPS,tam-ly-hoc-giao-duc,D01,Điểm học bạ,2024,27.74,Tâm lý học giáo dục
144038,SPS,tam-ly-hoc-giao-duc,A00,Điểm thi THPT,2024,26.03,Tâm lý học giáo dục
144039,SPS,tam-ly-hoc-giao-duc,C00,Điểm thi THPT,2024,26.03,Tâm lý học giáo dục
144040,SPS,tam-ly-hoc-giao-duc,D01,Điểm thi THPT,2024,26.03,Tâm lý học giáo dục
144041,SPS,tam-ly-hoc-giao-duc,C00,Điểm thi THPT,2025,25.82,Tâm lý học giáo dục
144042,SPS,tam-ly-hoc-giao-duc,C03,Điểm thi THPT,2025,26.82,Tâm lý học giáo dục
144043,SPS,tam-ly-hoc-giao-duc,C04,Điểm thi THPT,2025,26.82,Tâm lý học giáo dục
144044,SPS,tam-ly-hoc-giao-duc,D01,Điểm thi THPT,2025,27.32,Tâm lý học giáo dục
144045,SPS,toan-ung-dung,A00,Điểm thi THPT,2025,26.17,Toán ứng dụng
144046,SPS,toan-ung-dung,A01,Điểm thi THPT,2025,26.67,Toán ứng dụng
144047,SPS,toan-ung-dung,X06,Điểm thi THPT,2025,26.17,Toán ứng dụng
144048,SPS,toan-ung-dung,X07,Điểm thi THPT,2025,26.17,Toán ứng dụng
144049,SPS,van-hoc,C00,Điểm học bạ,2021,27.12,Văn học
144050,SPS,van-hoc,D01,Điểm học bạ,2021,27.12,Văn học
144051,SPS,van-hoc,D78,Điểm học bạ,2021,27.12,Văn học
144052,SPS,van-hoc,C00,Điểm thi THPT,2021,24.3,Văn học
144053,SPS,van-hoc,D01,Điểm thi THPT,2021,24.3,Văn học
144054,SPS,van-hoc,D78,Điểm thi THPT,2021,24.3,Văn học
144055,SPS,van-hoc,C00,Điểm học bạ,2022,26.62,Văn học
144056,SPS,van-hoc,D01,Điểm học bạ,2022,26.62,Văn học
144057,SPS,van-hoc,D78,Điểm học bạ,2022,26.62,Văn học
144058,SPS,van-hoc,C00,Điểm thi THPT,2022,24.7,Văn học
144059,SPS,van-hoc,D01,Điểm thi THPT,2022,24.7,Văn học
144060,SPS,van-hoc,D78,Điểm thi THPT,2022,24.7,Văn học
144061,SPS,van-hoc,C00,Điểm học bạ,2023,28.26,Văn học
144062,SPS,van-hoc,D01,Điểm học bạ,2023,28.26,Văn học
144063,SPS,van-hoc,D78,Điểm học bạ,2023,28.26,Văn học
144064,SPS,van-hoc,C00,Điểm thi THPT,2023,24.6,Văn học
144065,SPS,van-hoc,D01,Điểm thi THPT,2023,24.6,Văn học
144066,SPS,van-hoc,D78,Điểm thi THPT,2023,24.6,Văn học
144067,SPS,van-hoc,C00,Điểm học bạ,2024,28.17,Văn học
144068,SPS,van-hoc,D01,Điểm học bạ,2024,28.17,Văn học
144069,SPS,van-hoc,D78,Điểm học bạ,2024,28.17,Văn học
144070,SPS,van-hoc,C00,Điểm thi THPT,2024,26.62,Văn học
144071,SPS,van-hoc,D01,Điểm thi THPT,2024,26.62,Văn học
144072,SPS,van-hoc,D78,Điểm thi THPT,2024,26.62,Văn học
144073,SPS,van-hoc,C00,Điểm thi THPT,2025,27.47,Văn học
144074,SPS,van-hoc,D01,Điểm thi THPT,2025,28.97,Văn học
144075,SPS,van-hoc,D14,Điểm thi THPT,2025,27.97,Văn học
144076,SPS,vat-ly-hoc,A00,Điểm học bạ,2022,24.08,Vật lý học
144077,SPS,vat-ly-hoc,A01,Điểm học bạ,2022,24.08,Vật lý học
144078,SPS,vat-ly-hoc,A00,Điểm thi THPT,2022,21.05,Vật lý học
144079,SPS,vat-ly-hoc,A01,Điểm thi THPT,2022,21.05,Vật lý học
144080,SPS,vat-ly-hoc,A00,Điểm học bạ,2023,28.13,Vật lý học
144081,SPS,vat-ly-hoc,A01,Điểm học bạ,2023,28.13,Vật lý học
144082,SPS,vat-ly-hoc,D90,Điểm học bạ,2023,28.13,Vật lý học
144083,SPS,vat-ly-hoc,A00,Điểm thi THPT,2023,22.55,Vật lý học
144084,SPS,vat-ly-hoc,A01,Điểm thi THPT,2023,22.55,Vật lý học
144085,SPS,vat-ly-hoc,D90,Điểm thi THPT,2023,22.55,Vật lý học
144086,SPS,vat-ly-hoc,A00,Điểm học bạ,2024,28.32,Vật lý học
144087,SPS,vat-ly-hoc,A01,Điểm học bạ,2024,28.32,Vật lý học
144088,SPS,vat-ly-hoc,D90,Điểm học bạ,2024,28.32,Vật lý học
144089,SPS,vat-ly-hoc,A00,Điểm thi THPT,2024,24.44,Vật lý học
144090,SPS,vat-ly-hoc,A01,Điểm thi THPT,2024,24.44,Vật lý học
144091,SPS,vat-ly-hoc,D90,Điểm thi THPT,2024,24.44,Vật lý học
144092,SPS,vat-ly-hoc,A00,Điểm thi THPT,2025,24.25,Vật lý học
144093,SPS,vat-ly-hoc,A01,Điểm thi THPT,2025,24.75,Vật lý học
144094,SPS,vat-ly-hoc,X07,Điểm thi THPT,2025,24.5,Vật lý học
144095,SPS,vat-ly-hoc,X08,Điểm thi THPT,2025,24.0,Vật lý học
144096,SPS,viet-nam-hoc,C00,Điểm học bạ,2021,26.58,Việt Nam học
144097,SPS,viet-nam-hoc,D01,Điểm học bạ,2021,26.58,Việt Nam học
144098,SPS,viet-nam-hoc,D78,Điểm học bạ,2021,26.58,Việt Nam học
144099,SPS,viet-nam-hoc,C00,Điểm thi THPT,2021,22.92,Việt Nam học
144100,SPS,viet-nam-hoc,D01,Điểm thi THPT,2021,22.92,Việt Nam học
144101,SPS,viet-nam-hoc,D78,Điểm thi THPT,2021,22.92,Việt Nam học
144102,SPS,viet-nam-hoc,C00,Điểm học bạ,2022,25.7,Việt Nam học
144103,SPS,viet-nam-hoc,D01,Điểm học bạ,2022,25.7,Việt Nam học
144104,SPS,viet-nam-hoc,D78,Điểm học bạ,2022,25.7,Việt Nam học
144105,SPS,viet-nam-hoc,C00,Điểm thi THPT,2022,23.3,Việt Nam học
144106,SPS,viet-nam-hoc,D01,Điểm thi THPT,2022,23.3,Việt Nam học
144107,SPS,viet-nam-hoc,D78,Điểm thi THPT,2022,23.3,Việt Nam học
144108,SPS,viet-nam-hoc,C00,Điểm học bạ,2023,27.51,Việt Nam học
144109,SPS,viet-nam-hoc,D01,Điểm học bạ,2023,27.51,Việt Nam học
144110,SPS,viet-nam-hoc,D78,Điểm học bạ,2023,27.51,Việt Nam học
144111,SPS,viet-nam-hoc,C00,Điểm thi THPT,2023,23.0,Việt Nam học
144112,SPS,viet-nam-hoc,D01,Điểm thi THPT,2023,23.0,Việt Nam học
144113,SPS,viet-nam-hoc,D78,Điểm thi THPT,2023,23.0,Việt Nam học
144114,SPS,viet-nam-hoc,C00,Điểm học bạ,2024,27.2,Việt Nam học
144115,SPS,viet-nam-hoc,D01,Điểm học bạ,2024,27.2,Việt Nam học
144116,SPS,viet-nam-hoc,D78,Điểm học bạ,2024,27.2,Việt Nam học
144117,SPS,viet-nam-hoc,C00,Điểm thi THPT,2024,25.28,Việt Nam học
144118,SPS,viet-nam-hoc,D01,Điểm thi THPT,2024,25.28,Việt Nam học
144119,SPS,viet-nam-hoc,D78,Điểm thi THPT,2024,25.28,Việt Nam học
144120,SPS,viet-nam-hoc,C00,Điểm thi THPT,2025,25.95,Việt Nam học
144121,SPS,viet-nam-hoc,D01,Điểm thi THPT,2025,27.45,Việt Nam học
144122,SPS,viet-nam-hoc,D14,Điểm thi THPT,2025,26.45,Việt Nam học
144123,STS,giao-duc-the-chat,T00,Điểm học bạ,2022,23.35,Giáo dục thể chất
144124,STS,giao-duc-the-chat,T03,Điểm học bạ,2022,23.35,Giáo dục thể chất
144125,STS,giao-duc-the-chat,T05,Điểm học bạ,2022,23.35,Giáo dục thể chất
144126,STS,giao-duc-the-chat,T08,Điểm học bạ,2022,23.35,Giáo dục thể chất
144127,STS,giao-duc-the-chat,T00,Điểm thi THPT,2022,22.75,Giáo dục thể chất
144128,STS,giao-duc-the-chat,T03,Điểm thi THPT,2022,22.75,Giáo dục thể chất
144129,STS,giao-duc-the-chat,T05,Điểm thi THPT,2022,22.75,Giáo dục thể chất
144130,STS,giao-duc-the-chat,T08,Điểm thi THPT,2022,22.75,Giáo dục thể chất
144131,STS,giao-duc-the-chat,T00,Điểm thi THPT,2024,23.75,Giáo dục thể chất
144132,STS,giao-duc-the-chat,T02,Điểm thi THPT,2024,23.75,Giáo dục thể chất
144133,STS,giao-duc-the-chat,T05,Điểm thi THPT,2024,23.75,Giáo dục thể chất
144134,STS,giao-duc-the-chat,T08,Điểm thi THPT,2024,23.75,Giáo dục thể chất
144135,STS,giao-duc-the-chat,T00,Điểm học bạ,2025,27.45,Giáo dục thể chất
144136,STS,giao-duc-the-chat,T02,Điểm học bạ,2025,27.45,Giáo dục thể chất
144137,STS,giao-duc-the-chat,T05,Điểm học bạ,2025,27.45,Giáo dục thể chất
144138,STS,giao-duc-the-chat,T08,Điểm học bạ,2025,27.45,Giáo dục thể chất
144139,STS,giao-duc-the-chat,T09,Điểm học bạ,2025,27.45,Giáo dục thể chất
144140,STS,giao-duc-the-chat,T10,Điểm học bạ,2025,27.45,Giáo dục thể chất
144141,STS,giao-duc-the-chat,T00,Điểm thi THPT,2025,26.0,Giáo dục thể chất
144142,STS,giao-duc-the-chat,T02,Điểm thi THPT,2025,26.0,Giáo dục thể chất
144143,STS,giao-duc-the-chat,T05,Điểm thi THPT,2025,26.0,Giáo dục thể chất
144144,STS,giao-duc-the-chat,T08,Điểm thi THPT,2025,26.0,Giáo dục thể chất
144145,STS,giao-duc-the-chat,T09,Điểm thi THPT,2025,26.0,Giáo dục thể chất
144146,STS,giao-duc-the-chat,T10,Điểm thi THPT,2025,26.0,Giáo dục thể chất
144147,STS,huan-luyen-the-thao,T00,Điểm học bạ,2025,25.65,Huấn luyện Thể thao
144148,STS,huan-luyen-the-thao,T02,Điểm học bạ,2025,25.65,Huấn luyện Thể thao
144149,STS,huan-luyen-the-thao,T05,Điểm học bạ,2025,25.65,Huấn luyện Thể thao
144150,STS,huan-luyen-the-thao,T08,Điểm học bạ,2025,25.65,Huấn luyện Thể thao
144151,STS,huan-luyen-the-thao,T09,Điểm học bạ,2025,25.65,Huấn luyện Thể thao
144152,STS,huan-luyen-the-thao,T10,Điểm học bạ,2025,25.65,Huấn luyện Thể thao
144153,STS,huan-luyen-the-thao,T00,Điểm thi THPT,2025,24.65,Huấn luyện Thể thao
144154,STS,huan-luyen-the-thao,T02,Điểm thi THPT,2025,24.65,Huấn luyện Thể thao
144155,STS,huan-luyen-the-thao,T05,Điểm thi THPT,2025,24.65,Huấn luyện Thể thao
144156,STS,huan-luyen-the-thao,T08,Điểm thi THPT,2025,24.65,Huấn luyện Thể thao
144157,STS,huan-luyen-the-thao,T09,Điểm thi THPT,2025,24.65,Huấn luyện Thể thao
144158,STS,huan-luyen-the-thao,T10,Điểm thi THPT,2025,24.65,Huấn luyện Thể thao
144159,STS,quan-ly-the-duc-the-thao,T00,Điểm học bạ,2025,23.85,Quản lý thể dục thể thao
144160,STS,quan-ly-the-duc-the-thao,T02,Điểm học bạ,2025,23.85,Quản lý thể dục thể thao
144161,STS,quan-ly-the-duc-the-thao,T05,Điểm học bạ,2025,23.85,Quản lý thể dục thể thao
144162,STS,quan-ly-the-duc-the-thao,T08,Điểm học bạ,2025,23.85,Quản lý thể dục thể thao
144163,STS,quan-ly-the-duc-the-thao,T09,Điểm học bạ,2025,23.85,Quản lý thể dục thể thao
144164,STS,quan-ly-the-duc-the-thao,T10,Điểm học bạ,2025,23.85,Quản lý thể dục thể thao
144165,STS,quan-ly-the-duc-the-thao,T00,Điểm thi THPT,2025,22.85,Quản lý thể dục thể thao
144166,STS,quan-ly-the-duc-the-thao,T02,Điểm thi THPT,2025,22.85,Quản lý thể dục thể thao
144167,STS,quan-ly-the-duc-the-thao,T05,Điểm thi THPT,2025,22.85,Quản lý thể dục thể thao
144168,STS,quan-ly-the-duc-the-thao,T08,Điểm thi THPT,2025,22.85,Quản lý thể dục thể thao
144169,STS,quan-ly-the-duc-the-thao,T09,Điểm thi THPT,2025,22.85,Quản lý thể dục thể thao
144170,STS,quan-ly-the-duc-the-thao,T10,Điểm thi THPT,2025,22.85,Quản lý thể dục thể thao
144171,TBD,cong-nghe-sinh-hoc,A00,Điểm thi THPT,2021,19.0,Công nghệ sinh học
144172,TBD,cong-nghe-sinh-hoc,A02,Điểm thi THPT,2021,19.0,Công nghệ sinh học
144173,TBD,cong-nghe-sinh-hoc,B00,Điểm thi THPT,2021,19.0,Công nghệ sinh học
144174,TBD,cong-nghe-sinh-hoc,D07,Điểm thi THPT,2021,19.0,Công nghệ sinh học
144175,TBD,cong-nghe-thong-tin,A00,Điểm thi THPT,2021,19.0,Công nghệ thông tin
144176,TBD,cong-nghe-thong-tin,A01,Điểm thi THPT,2021,19.0,Công nghệ thông tin
144177,TBD,cong-nghe-thong-tin,C01,Điểm thi THPT,2021,19.0,Công nghệ thông tin
144178,TBD,cong-nghe-thong-tin,D01,Điểm thi THPT,2021,19.0,Công nghệ thông tin
144179,TBD,cong-nghe-thong-tin,A00,Điểm học bạ,2022,6.0,Công nghệ thông tin
144180,TBD,cong-nghe-thong-tin,A01,Điểm học bạ,2022,6.0,Công nghệ thông tin
144181,TBD,cong-nghe-thong-tin,D01,Điểm học bạ,2022,6.0,Công nghệ thông tin
144182,TBD,cong-nghe-thong-tin,D03,Điểm học bạ,2022,6.0,Công nghệ thông tin
144183,TBD,cong-nghe-thong-tin,D06,Điểm học bạ,2022,6.0,Công nghệ thông tin
144184,TBD,cong-nghe-thong-tin,D07,Điểm học bạ,2022,6.0,Công nghệ thông tin
144185,TBD,cong-nghe-thong-tin,D23,Điểm học bạ,2022,6.0,Công nghệ thông tin
144186,TBD,cong-nghe-thong-tin,D24,Điểm học bạ,2022,6.0,Công nghệ thông tin
144187,TBD,cong-nghe-thong-tin,D28,Điểm học bạ,2022,6.0,Công nghệ thông tin
144188,TBD,cong-nghe-thong-tin,D29,Điểm học bạ,2022,6.0,Công nghệ thông tin
144189,TBD,cong-nghe-thong-tin,A00,Điểm thi THPT,2022,15.0,Công nghệ thông tin
144190,TBD,cong-nghe-thong-tin,A01,Điểm thi THPT,2022,15.0,Công nghệ thông tin
144191,TBD,cong-nghe-thong-tin,D01,Điểm thi THPT,2022,15.0,Công nghệ thông tin
144192,TBD,cong-nghe-thong-tin,D03,Điểm thi THPT,2022,15.0,Công nghệ thông tin
144193,TBD,cong-nghe-thong-tin,D06,Điểm thi THPT,2022,15.0,Công nghệ thông tin
144194,TBD,cong-nghe-thong-tin,D07,Điểm thi THPT,2022,15.0,Công nghệ thông tin
144195,TBD,cong-nghe-thong-tin,D23,Điểm thi THPT,2022,15.0,Công nghệ thông tin
144196,TBD,cong-nghe-thong-tin,D24,Điểm thi THPT,2022,15.0,Công nghệ thông tin
144197,TBD,cong-nghe-thong-tin,D28,Điểm thi THPT,2022,15.0,Công nghệ thông tin
144198,TBD,cong-nghe-thong-tin,D29,Điểm thi THPT,2022,15.0,Công nghệ thông tin
144199,TBD,cong-nghe-thong-tin,A00,Điểm học bạ,2023,18.0,Công nghệ thông tin
144200,TBD,cong-nghe-thong-tin,A01,Điểm học bạ,2023,18.0,Công nghệ thông tin
144201,TBD,cong-nghe-thong-tin,D01,Điểm học bạ,2023,18.0,Công nghệ thông tin
144202,TBD,cong-nghe-thong-tin,D03,Điểm học bạ,2023,18.0,Công nghệ thông tin
144203,TBD,cong-nghe-thong-tin,D06,Điểm học bạ,2023,18.0,Công nghệ thông tin
144204,TBD,cong-nghe-thong-tin,D23,Điểm học bạ,2023,18.0,Công nghệ thông tin
144205,TBD,cong-nghe-thong-tin,D24,Điểm học bạ,2023,18.0,Công nghệ thông tin
144206,TBD,cong-nghe-thong-tin,D28,Điểm học bạ,2023,18.0,Công nghệ thông tin
144207,TBD,cong-nghe-thong-tin,D29,Điểm học bạ,2023,18.0,Công nghệ thông tin
144208,TBD,cong-nghe-thong-tin,A00,Điểm thi THPT,2023,15.0,Công nghệ thông tin
144209,TBD,cong-nghe-thong-tin,A01,Điểm thi THPT,2023,15.0,Công nghệ thông tin
144210,TBD,cong-nghe-thong-tin,D01,Điểm thi THPT,2023,15.0,Công nghệ thông tin
144211,TBD,cong-nghe-thong-tin,D03,Điểm thi THPT,2023,15.0,Công nghệ thông tin
144212,TBD,cong-nghe-thong-tin,D06,Điểm thi THPT,2023,15.0,Công nghệ thông tin
144213,TBD,cong-nghe-thong-tin,D23,Điểm thi THPT,2023,15.0,Công nghệ thông tin
144214,TBD,cong-nghe-thong-tin,D24,Điểm thi THPT,2023,15.0,Công nghệ thông tin
144215,TBD,cong-nghe-thong-tin,D28,Điểm thi THPT,2023,15.0,Công nghệ thông tin
144216,TBD,cong-nghe-thong-tin,D29,Điểm thi THPT,2023,15.0,Công nghệ thông tin
144217,TBD,cong-nghe-thong-tin,A00,Điểm học bạ,2024,18.0,Công nghệ thông tin
144218,TBD,cong-nghe-thong-tin,A01,Điểm học bạ,2024,18.0,Công nghệ thông tin
144219,TBD,cong-nghe-thong-tin,D01,Điểm học bạ,2024,18.0,Công nghệ thông tin
144220,TBD,cong-nghe-thong-tin,D03,Điểm học bạ,2024,18.0,Công nghệ thông tin
144221,TBD,cong-nghe-thong-tin,D06,Điểm học bạ,2024,18.0,Công nghệ thông tin
144222,TBD,cong-nghe-thong-tin,D07,Điểm học bạ,2024,18.0,Công nghệ thông tin
144223,TBD,cong-nghe-thong-tin,D23,Điểm học bạ,2024,18.0,Công nghệ thông tin
144224,TBD,cong-nghe-thong-tin,D24,Điểm học bạ,2024,18.0,Công nghệ thông tin
144225,TBD,cong-nghe-thong-tin,D28,Điểm học bạ,2024,18.0,Công nghệ thông tin
144226,TBD,cong-nghe-thong-tin,D29,Điểm học bạ,2024,18.0,Công nghệ thông tin
144227,TBD,cong-nghe-thong-tin,A00,Điểm thi THPT,2024,15.0,Công nghệ thông tin
144228,TBD,cong-nghe-thong-tin,A01,Điểm thi THPT,2024,15.0,Công nghệ thông tin
144229,TBD,cong-nghe-thong-tin,D01,Điểm thi THPT,2024,15.0,Công nghệ thông tin
144230,TBD,cong-nghe-thong-tin,D03,Điểm thi THPT,2024,15.0,Công nghệ thông tin
144231,TBD,cong-nghe-thong-tin,D06,Điểm thi THPT,2024,15.0,Công nghệ thông tin
144232,TBD,cong-nghe-thong-tin,D07,Điểm thi THPT,2024,15.0,Công nghệ thông tin
144233,TBD,cong-nghe-thong-tin,D23,Điểm thi THPT,2024,15.0,Công nghệ thông tin
144234,TBD,cong-nghe-thong-tin,D24,Điểm thi THPT,2024,15.0,Công nghệ thông tin
144235,TBD,cong-nghe-thong-tin,D28,Điểm thi THPT,2024,15.0,Công nghệ thông tin
144236,TBD,cong-nghe-thong-tin,D29,Điểm thi THPT,2024,15.0,Công nghệ thông tin
144237,TBD,cong-nghe-thong-tin,A00,Điểm học bạ,2025,18.0,Công nghệ thông tin
144238,TBD,cong-nghe-thong-tin,A01,Điểm học bạ,2025,18.0,Công nghệ thông tin
144239,TBD,cong-nghe-thong-tin,D01,Điểm học bạ,2025,18.0,Công nghệ thông tin
144240,TBD,cong-nghe-thong-tin,D03,Điểm học bạ,2025,18.0,Công nghệ thông tin
144241,TBD,cong-nghe-thong-tin,D04,Điểm học bạ,2025,18.0,Công nghệ thông tin
144242,TBD,cong-nghe-thong-tin,D07,Điểm học bạ,2025,18.0,Công nghệ thông tin
144243,TBD,cong-nghe-thong-tin,D24,Điểm học bạ,2025,18.0,Công nghệ thông tin
144244,TBD,cong-nghe-thong-tin,D25,Điểm học bạ,2025,18.0,Công nghệ thông tin
144245,TBD,cong-nghe-thong-tin,D29,Điểm học bạ,2025,18.0,Công nghệ thông tin
144246,TBD,cong-nghe-thong-tin,D30,Điểm học bạ,2025,18.0,Công nghệ thông tin
144247,TBD,cong-nghe-thong-tin,X02,Điểm học bạ,2025,18.0,Công nghệ thông tin
144248,TBD,cong-nghe-thong-tin,X03,Điểm học bạ,2025,18.0,Công nghệ thông tin
144249,TBD,cong-nghe-thong-tin,X26,Điểm học bạ,2025,18.0,Công nghệ thông tin
144250,TBD,cong-nghe-thong-tin,X56,Điểm học bạ,2025,18.0,Công nghệ thông tin
144251,TBD,cong-nghe-thong-tin,A00,Điểm thi THPT,2025,15.0,Công nghệ thông tin
144252,TBD,cong-nghe-thong-tin,A01,Điểm thi THPT,2025,15.0,Công nghệ thông tin
144253,TBD,cong-nghe-thong-tin,D01,Điểm thi THPT,2025,15.0,Công nghệ thông tin
144254,TBD,cong-nghe-thong-tin,D03,Điểm thi THPT,2025,15.0,Công nghệ thông tin
144255,TBD,cong-nghe-thong-tin,D04,Điểm thi THPT,2025,15.0,Công nghệ thông tin
144256,TBD,cong-nghe-thong-tin,D07,Điểm thi THPT,2025,15.0,Công nghệ thông tin
144257,TBD,cong-nghe-thong-tin,D24,Điểm thi THPT,2025,15.0,Công nghệ thông tin
144258,TBD,cong-nghe-thong-tin,D25,Điểm thi THPT,2025,15.0,Công nghệ thông tin
144259,TBD,cong-nghe-thong-tin,D29,Điểm thi THPT,2025,15.0,Công nghệ thông tin
144260,TBD,cong-nghe-thong-tin,D30,Điểm thi THPT,2025,15.0,Công nghệ thông tin
144261,TBD,cong-nghe-thong-tin,X02,Điểm thi THPT,2025,15.0,Công nghệ thông tin
144262,TBD,cong-nghe-thong-tin,X03,Điểm thi THPT,2025,15.0,Công nghệ thông tin
144263,TBD,cong-nghe-thong-tin,X26,Điểm thi THPT,2025,15.0,Công nghệ thông tin
144264,TBD,cong-nghe-thong-tin,X56,Điểm thi THPT,2025,15.0,Công nghệ thông tin
144265,TBD,cong-nghe-thuc-pham,A00,Điểm thi THPT,2021,16.5,Công nghệ thực phẩm
144266,TBD,cong-nghe-thuc-pham,A02,Điểm thi THPT,2021,16.5,Công nghệ thực phẩm
144267,TBD,cong-nghe-thuc-pham,B00,Điểm thi THPT,2021,16.5,Công nghệ thực phẩm
144268,TBD,cong-nghe-thuc-pham,D07,Điểm thi THPT,2021,16.5,Công nghệ thực phẩm
144269,TBD,dong-phuong-hoc,A01,Điểm thi THPT,2021,18.0,Đông phương học
144270,TBD,dong-phuong-hoc,C00,Điểm thi THPT,2021,18.0,Đông phương học
144271,TBD,dong-phuong-hoc,D01,Điểm thi THPT,2021,18.0,Đông phương học
144272,TBD,dong-phuong-hoc,D15,Điểm thi THPT,2021,18.0,Đông phương học
144273,TBD,dong-phuong-hoc,C00,Điểm học bạ,2022,6.0,Đông Phương học
144274,TBD,dong-phuong-hoc,C19,Điểm học bạ,2022,6.0,Đông Phương học
144275,TBD,dong-phuong-hoc,C20,Điểm học bạ,2022,6.0,Đông Phương học
144276,TBD,dong-phuong-hoc,D01,Điểm học bạ,2022,6.0,Đông Phương học
144277,TBD,dong-phuong-hoc,C00,Điểm thi THPT,2022,15.0,Đông Phương học
144278,TBD,dong-phuong-hoc,C19,Điểm thi THPT,2022,15.0,Đông Phương học
144279,TBD,dong-phuong-hoc,C20,Điểm thi THPT,2022,15.0,Đông Phương học
144280,TBD,dong-phuong-hoc,D01,Điểm thi THPT,2022,15.0,Đông Phương học
144281,TBD,dong-phuong-hoc,C00,Điểm học bạ,2023,18.0,Đông phương học
144282,TBD,dong-phuong-hoc,C19,Điểm học bạ,2023,18.0,Đông phương học
144283,TBD,dong-phuong-hoc,C20,Điểm học bạ,2023,18.0,Đông phương học
144284,TBD,dong-phuong-hoc,D01,Điểm học bạ,2023,18.0,Đông phương học
144285,TBD,dong-phuong-hoc,C00,Điểm thi THPT,2023,15.0,Đông phương học
144286,TBD,dong-phuong-hoc,C19,Điểm thi THPT,2023,15.0,Đông phương học
144287,TBD,dong-phuong-hoc,C20,Điểm thi THPT,2023,15.0,Đông phương học
144288,TBD,dong-phuong-hoc,D01,Điểm thi THPT,2023,15.0,Đông phương học
144289,TBD,dong-phuong-hoc,C00,Điểm học bạ,2024,6.0,"Đông phương học (Tiếng Hàn Quốc, Tiếng Trung Quốc)"
144290,TBD,dong-phuong-hoc,C19,Điểm học bạ,2024,6.0,"Đông phương học (Tiếng Hàn Quốc, Tiếng Trung Quốc)"
144291,TBD,dong-phuong-hoc,C20,Điểm học bạ,2024,6.0,"Đông phương học (Tiếng Hàn Quốc, Tiếng Trung Quốc)"
144292,TBD,dong-phuong-hoc,D01,Điểm học bạ,2024,6.0,"Đông phương học (Tiếng Hàn Quốc, Tiếng Trung Quốc)"
144293,TBD,dong-phuong-hoc,C00,Điểm thi THPT,2024,15.0,Đông Phương học (Tiếng Trung Quốc - Tiếng Hàn Quốc)
144294,TBD,dong-phuong-hoc,C19,Điểm thi THPT,2024,15.0,Đông Phương học (Tiếng Trung Quốc - Tiếng Hàn Quốc)
144295,TBD,dong-phuong-hoc,C20,Điểm thi THPT,2024,15.0,Đông Phương học (Tiếng Trung Quốc - Tiếng Hàn Quốc)
144296,TBD,dong-phuong-hoc,D01,Điểm thi THPT,2024,15.0,Đông Phương học (Tiếng Trung Quốc - Tiếng Hàn Quốc)
144297,TBD,dong-phuong-hoc,C00,Điểm học bạ,2025,18.0,Đông Phương học
144298,TBD,dong-phuong-hoc,C14,Điểm học bạ,2025,18.0,Đông Phương học
144299,TBD,dong-phuong-hoc,C19,Điểm học bạ,2025,18.0,Đông Phương học
144300,TBD,dong-phuong-hoc,C20,Điểm học bạ,2025,18.0,Đông Phương học
144301,TBD,dong-phuong-hoc,C00,Điểm thi THPT,2025,15.0,Đông Phương học
144302,TBD,dong-phuong-hoc,C14,Điểm thi THPT,2025,15.0,Đông Phương học
144303,TBD,dong-phuong-hoc,C19,Điểm thi THPT,2025,15.0,Đông Phương học
144304,TBD,dong-phuong-hoc,C20,Điểm thi THPT,2025,15.0,Đông Phương học
144305,TBD,du-lich,A00,Điểm thi THPT,2021,18.0,Du lịch
144306,TBD,du-lich,C00,Điểm thi THPT,2021,18.0,Du lịch
144307,TBD,du-lich,C04,Điểm thi THPT,2021,18.0,Du lịch
144308,TBD,du-lich,D01,Điểm thi THPT,2021,18.0,Du lịch
144309,TBD,du-lich,A07,Điểm học bạ,2022,6.0,Du lịch
144310,TBD,du-lich,C00,Điểm học bạ,2022,6.0,Du lịch
144311,TBD,du-lich,D01,Điểm học bạ,2022,6.0,Du lịch
144312,TBD,du-lich,D03,Điểm học bạ,2022,6.0,Du lịch
144313,TBD,du-lich,D14,Điểm học bạ,2022,6.0,Du lịch
144314,TBD,du-lich,A07,Điểm thi THPT,2022,15.0,Du lịch
144315,TBD,du-lich,C00,Điểm thi THPT,2022,15.0,Du lịch
144316,TBD,du-lich,D01,Điểm thi THPT,2022,15.0,Du lịch
144317,TBD,du-lich,D03,Điểm thi THPT,2022,15.0,Du lịch
144318,TBD,du-lich,D14,Điểm thi THPT,2022,15.0,Du lịch
144319,TBD,du-lich,A01,Điểm học bạ,2023,18.0,Du lịch
144320,TBD,du-lich,A07,Điểm học bạ,2023,18.0,Du lịch
144321,TBD,du-lich,D01,Điểm học bạ,2023,18.0,Du lịch
144322,TBD,du-lich,D03,Điểm học bạ,2023,18.0,Du lịch
144323,TBD,du-lich,D14,Điểm học bạ,2023,18.0,Du lịch
144324,TBD,du-lich,A01,Điểm thi THPT,2023,15.0,Du lịch
144325,TBD,du-lich,A07,Điểm thi THPT,2023,15.0,Du lịch
144326,TBD,du-lich,D01,Điểm thi THPT,2023,15.0,Du lịch
144327,TBD,du-lich,D03,Điểm thi THPT,2023,15.0,Du lịch
144328,TBD,du-lich,D14,Điểm thi THPT,2023,15.0,Du lịch
144329,TBD,du-lich,A01,Điểm học bạ,2024,6.0,Du lịch
144330,TBD,du-lich,A07,Điểm học bạ,2024,6.0,Du lịch
144331,TBD,du-lich,D01,Điểm học bạ,2024,6.0,Du lịch
144332,TBD,du-lich,D03,Điểm học bạ,2024,6.0,Du lịch
144333,TBD,du-lich,D06,Điểm học bạ,2024,18.0,Du lịch
144334,TBD,du-lich,D14,Điểm học bạ,2024,6.0,Du lịch
144335,TBD,du-lich,A01,Điểm thi THPT,2024,15.0,Du lịch
144336,TBD,du-lich,A07,Điểm thi THPT,2024,15.0,Du lịch
144337,TBD,du-lich,D01,Điểm thi THPT,2024,15.0,Du lịch
144338,TBD,du-lich,D03,Điểm thi THPT,2024,15.0,Du lịch
144339,TBD,du-lich,D06,Điểm thi THPT,2024,15.0,Du lịch
144340,TBD,du-lich,D14,Điểm thi THPT,2024,15.0,Du lịch
144341,TBD,du-lich,A08,Điểm học bạ,2025,18.0,Du lịch
144342,TBD,du-lich,C00,Điểm học bạ,2025,18.0,Du lịch
144343,TBD,du-lich,C19,Điểm học bạ,2025,18.0,Du lịch
144344,TBD,du-lich,D01,Điểm học bạ,2025,18.0,Du lịch
144345,TBD,du-lich,D03,Điểm học bạ,2025,18.0,Du lịch
144346,TBD,du-lich,D04,Điểm học bạ,2025,18.0,Du lịch
144347,TBD,du-lich,D84,Điểm học bạ,2025,18.0,Du lịch
144348,TBD,du-lich,A08,Điểm thi THPT,2025,15.0,Du lịch
144349,TBD,du-lich,C00,Điểm thi THPT,2025,15.0,Du lịch
144350,TBD,du-lich,C19,Điểm thi THPT,2025,15.0,Du lịch
144351,TBD,du-lich,D01,Điểm thi THPT,2025,15.0,Du lịch
144352,TBD,du-lich,D03,Điểm thi THPT,2025,15.0,Du lịch
144353,TBD,du-lich,D04,Điểm thi THPT,2025,15.0,Du lịch
144354,TBD,du-lich,D84,Điểm thi THPT,2025,15.0,Du lịch
144355,TBD,ke-toan,A00,Điểm thi THPT,2021,19.0,Kế toán
144356,TBD,ke-toan,A01,Điểm thi THPT,2021,19.0,Kế toán
144357,TBD,ke-toan,C04,Điểm thi THPT,2021,19.0,Kế toán
144358,TBD,ke-toan,D01,Điểm thi THPT,2021,19.0,Kế toán
144359,TBD,ke-toan,A00,Điểm học bạ,2022,6.0,Kế toán
144360,TBD,ke-toan,A01,Điểm học bạ,2022,6.0,Kế toán
144361,TBD,ke-toan,A08,Điểm học bạ,2022,6.0,Kế toán
144362,TBD,ke-toan,A09,Điểm học bạ,2022,6.0,Kế toán
144363,TBD,ke-toan,A00,Điểm thi THPT,2022,15.0,Kế toán
144364,TBD,ke-toan,A01,Điểm thi THPT,2022,15.0,Kế toán
144365,TBD,ke-toan,A08,Điểm thi THPT,2022,15.0,Kế toán
144366,TBD,ke-toan,A09,Điểm thi THPT,2022,15.0,Kế toán
144367,TBD,ke-toan,A00,Điểm học bạ,2023,18.0,Kế toán
144368,TBD,ke-toan,A01,Điểm học bạ,2023,18.0,Kế toán
144369,TBD,ke-toan,A09,Điểm học bạ,2023,18.0,Kế toán
144370,TBD,ke-toan,D01,Điểm học bạ,2023,18.0,Kế toán
144371,TBD,ke-toan,A00,Điểm thi THPT,2023,15.0,Kế toán
144372,TBD,ke-toan,A01,Điểm thi THPT,2023,15.0,Kế toán
144373,TBD,ke-toan,A09,Điểm thi THPT,2023,15.0,Kế toán
144374,TBD,ke-toan,D01,Điểm thi THPT,2023,15.0,Kế toán
144375,TBD,ke-toan,A00,Điểm học bạ,2024,6.0,Kế toán
144376,TBD,ke-toan,A01,Điểm học bạ,2024,6.0,Kế toán
144377,TBD,ke-toan,A09,Điểm học bạ,2024,6.0,Kế toán
144378,TBD,ke-toan,D01,Điểm học bạ,2024,6.0,Kế toán
144379,TBD,ke-toan,A00,Điểm thi THPT,2024,15.0,Kế toán
144380,TBD,ke-toan,A01,Điểm thi THPT,2024,15.0,Kế toán
144381,TBD,ke-toan,A09,Điểm thi THPT,2024,15.0,Kế toán
144382,TBD,ke-toan,D01,Điểm thi THPT,2024,15.0,Kế toán
144383,TBD,ke-toan,A00,Điểm học bạ,2025,18.0,Kế toán
144384,TBD,ke-toan,A01,Điểm học bạ,2025,18.0,Kế toán
144385,TBD,ke-toan,A09,Điểm học bạ,2025,18.0,Kế toán
144386,TBD,ke-toan,C14,Điểm học bạ,2025,18.0,Kế toán
144387,TBD,ke-toan,C19,Điểm học bạ,2025,18.0,Kế toán
144388,TBD,ke-toan,D01,Điểm học bạ,2025,18.0,Kế toán
144389,TBD,ke-toan,D03,Điểm học bạ,2025,18.0,Kế toán
144390,TBD,ke-toan,D04,Điểm học bạ,2025,18.0,Kế toán
144391,TBD,ke-toan,D07,Điểm học bạ,2025,18.0,Kế toán
144392,TBD,ke-toan,D24,Điểm học bạ,2025,18.0,Kế toán
144393,TBD,ke-toan,D25,Điểm học bạ,2025,18.0,Kế toán
144394,TBD,ke-toan,D29,Điểm học bạ,2025,18.0,Kế toán
144395,TBD,ke-toan,D30,Điểm học bạ,2025,18.0,Kế toán
144396,TBD,ke-toan,X02,Điểm học bạ,2025,18.0,Kế toán
144397,TBD,ke-toan,X03,Điểm học bạ,2025,18.0,Kế toán
144398,TBD,ke-toan,X26,Điểm học bạ,2025,18.0,Kế toán
144399,TBD,ke-toan,A00,Điểm thi THPT,2025,15.0,Kế toán
144400,TBD,ke-toan,A01,Điểm thi THPT,2025,15.0,Kế toán
144401,TBD,ke-toan,A09,Điểm thi THPT,2025,15.0,Kế toán
144402,TBD,ke-toan,C14,Điểm thi THPT,2025,15.0,Kế toán
144403,TBD,ke-toan,C19,Điểm thi THPT,2025,15.0,Kế toán
144404,TBD,ke-toan,D01,Điểm thi THPT,2025,15.0,Kế toán
144405,TBD,ke-toan,D03,Điểm thi THPT,2025,15.0,Kế toán
144406,TBD,ke-toan,D04,Điểm thi THPT,2025,15.0,Kế toán
144407,TBD,ke-toan,D07,Điểm thi THPT,2025,15.0,Kế toán
144408,TBD,ke-toan,D24,Điểm thi THPT,2025,15.0,Kế toán
144409,TBD,ke-toan,D25,Điểm thi THPT,2025,15.0,Kế toán
144410,TBD,ke-toan,D29,Điểm thi THPT,2025,15.0,Kế toán
144411,TBD,ke-toan,D30,Điểm thi THPT,2025,15.0,Kế toán
144412,TBD,ke-toan,X02,Điểm thi THPT,2025,15.0,Kế toán
144413,TBD,ke-toan,X03,Điểm thi THPT,2025,15.0,Kế toán
144414,TBD,ke-toan,X26,Điểm thi THPT,2025,15.0,Kế toán
144415,TBD,khoa-hoc-may-tinh,A00,Điểm thi THPT,2021,16.05,Khoa học máy tính
144416,TBD,khoa-hoc-may-tinh,A01,Điểm thi THPT,2021,16.05,Khoa học máy tính
144417,TBD,khoa-hoc-may-tinh,C01,Điểm thi THPT,2021,16.05,Khoa học máy tính
144418,TBD,khoa-hoc-may-tinh,D01,Điểm thi THPT,2021,16.05,Khoa học máy tính
144419,TBD,kinh-doanh-quoc-te,A00,Điểm học bạ,2023,18.0,Kinh doanh quốc tế
144420,TBD,kinh-doanh-quoc-te,A01,Điểm học bạ,2023,18.0,Kinh doanh quốc tế
144421,TBD,kinh-doanh-quoc-te,A09,Điểm học bạ,2023,18.0,Kinh doanh quốc tế
144422,TBD,kinh-doanh-quoc-te,D01,Điểm học bạ,2023,18.0,Kinh doanh quốc tế
144423,TBD,kinh-doanh-quoc-te,A00,Điểm thi THPT,2023,15.0,Kinh doanh quốc tế
144424,TBD,kinh-doanh-quoc-te,A01,Điểm thi THPT,2023,15.0,Kinh doanh quốc tế
144425,TBD,kinh-doanh-quoc-te,A09,Điểm thi THPT,2023,15.0,Kinh doanh quốc tế
144426,TBD,kinh-doanh-quoc-te,D01,Điểm thi THPT,2023,15.0,Kinh doanh quốc tế
144427,TBD,ky-thuat-dien-tu-vien-thong,A00,Điểm thi THPT,2021,16.05,Kỹ thuật điện tử - viễn thông
144428,TBD,ky-thuat-dien-tu-vien-thong,A01,Điểm thi THPT,2021,16.05,Kỹ thuật điện tử - viễn thông
144429,TBD,ky-thuat-dien-tu-vien-thong,C01,Điểm thi THPT,2021,16.05,Kỹ thuật điện tử - viễn thông
144430,TBD,ky-thuat-dien-tu-vien-thong,D01,Điểm thi THPT,2021,16.05,Kỹ thuật điện tử - viễn thông
144431,TBD,ky-thuat-phan-mem,A00,Điểm học bạ,2024,6.0,Kỹ thuật phần mềm
144432,TBD,ky-thuat-phan-mem,A01,Điểm học bạ,2024,6.0,Kỹ thuật phần mềm
144433,TBD,ky-thuat-phan-mem,D01,Điểm học bạ,2024,6.0,Kỹ thuật phần mềm
144434,TBD,ky-thuat-phan-mem,D03,Điểm học bạ,2024,6.0,Kỹ thuật phần mềm
144435,TBD,ky-thuat-phan-mem,D06,Điểm học bạ,2024,6.0,Kỹ thuật phần mềm
144436,TBD,ky-thuat-phan-mem,D07,Điểm học bạ,2024,6.0,Kỹ thuật phần mềm
144437,TBD,ky-thuat-phan-mem,D23,Điểm học bạ,2024,6.0,Kỹ thuật phần mềm
144438,TBD,ky-thuat-phan-mem,D24,Điểm học bạ,2024,6.0,Kỹ thuật phần mềm
144439,TBD,ky-thuat-phan-mem,D28,Điểm học bạ,2024,6.0,Kỹ thuật phần mềm
144440,TBD,ky-thuat-phan-mem,D29,Điểm học bạ,2024,6.0,Kỹ thuật phần mềm
144441,TBD,ky-thuat-phan-mem,A00,Điểm thi THPT,2024,15.0,Kỹ thuật phần mềm
144442,TBD,ky-thuat-phan-mem,A01,Điểm thi THPT,2024,15.0,Kỹ thuật phần mềm
144443,TBD,ky-thuat-phan-mem,D01,Điểm thi THPT,2024,15.0,Kỹ thuật phần mềm
144444,TBD,ky-thuat-phan-mem,D03,Điểm thi THPT,2024,15.0,Kỹ thuật phần mềm
144445,TBD,ky-thuat-phan-mem,D06,Điểm thi THPT,2024,15.0,Kỹ thuật phần mềm
144446,TBD,ky-thuat-phan-mem,D07,Điểm thi THPT,2024,15.0,Kỹ thuật phần mềm
144447,TBD,ky-thuat-phan-mem,D23,Điểm thi THPT,2024,15.0,Kỹ thuật phần mềm
144448,TBD,ky-thuat-phan-mem,D24,Điểm thi THPT,2024,15.0,Kỹ thuật phần mềm
144449,TBD,ky-thuat-phan-mem,D28,Điểm thi THPT,2024,15.0,Kỹ thuật phần mềm
144450,TBD,ky-thuat-phan-mem,D29,Điểm thi THPT,2024,15.0,Kỹ thuật phần mềm
144451,TBD,ky-thuat-phan-mem,A00,Điểm học bạ,2025,18.0,Kỹ thuật phần mềm
144452,TBD,ky-thuat-phan-mem,A01,Điểm học bạ,2025,18.0,Kỹ thuật phần mềm
144453,TBD,ky-thuat-phan-mem,D01,Điểm học bạ,2025,18.0,Kỹ thuật phần mềm
144454,TBD,ky-thuat-phan-mem,D03,Điểm học bạ,2025,18.0,Kỹ thuật phần mềm
144455,TBD,ky-thuat-phan-mem,D04,Điểm học bạ,2025,18.0,Kỹ thuật phần mềm
144456,TBD,ky-thuat-phan-mem,D07,Điểm học bạ,2025,18.0,Kỹ thuật phần mềm
144457,TBD,ky-thuat-phan-mem,D24,Điểm học bạ,2025,18.0,Kỹ thuật phần mềm
144458,TBD,ky-thuat-phan-mem,D25,Điểm học bạ,2025,18.0,Kỹ thuật phần mềm
144459,TBD,ky-thuat-phan-mem,D29,Điểm học bạ,2025,18.0,Kỹ thuật phần mềm
144460,TBD,ky-thuat-phan-mem,D30,Điểm học bạ,2025,18.0,Kỹ thuật phần mềm
144461,TBD,ky-thuat-phan-mem,X02,Điểm học bạ,2025,18.0,Kỹ thuật phần mềm
144462,TBD,ky-thuat-phan-mem,X03,Điểm học bạ,2025,18.0,Kỹ thuật phần mềm
144463,TBD,ky-thuat-phan-mem,X26,Điểm học bạ,2025,18.0,Kỹ thuật phần mềm
144464,TBD,ky-thuat-phan-mem,X56,Điểm học bạ,2025,18.0,Kỹ thuật phần mềm
144465,TBD,ky-thuat-phan-mem,A00,Điểm thi THPT,2025,15.0,Kỹ thuật phần mềm
144466,TBD,ky-thuat-phan-mem,A01,Điểm thi THPT,2025,15.0,Kỹ thuật phần mềm
144467,TBD,ky-thuat-phan-mem,D01,Điểm thi THPT,2025,15.0,Kỹ thuật phần mềm
144468,TBD,ky-thuat-phan-mem,D03,Điểm thi THPT,2025,15.0,Kỹ thuật phần mềm
144469,TBD,ky-thuat-phan-mem,D04,Điểm thi THPT,2025,15.0,Kỹ thuật phần mềm
144470,TBD,ky-thuat-phan-mem,D07,Điểm thi THPT,2025,15.0,Kỹ thuật phần mềm
144471,TBD,ky-thuat-phan-mem,D24,Điểm thi THPT,2025,15.0,Kỹ thuật phần mềm
144472,TBD,ky-thuat-phan-mem,D25,Điểm thi THPT,2025,15.0,Kỹ thuật phần mềm
144473,TBD,ky-thuat-phan-mem,D29,Điểm thi THPT,2025,15.0,Kỹ thuật phần mềm
144474,TBD,ky-thuat-phan-mem,D30,Điểm thi THPT,2025,15.0,Kỹ thuật phần mềm
144475,TBD,ky-thuat-phan-mem,X02,Điểm thi THPT,2025,15.0,Kỹ thuật phần mềm
144476,TBD,ky-thuat-phan-mem,X03,Điểm thi THPT,2025,15.0,Kỹ thuật phần mềm
144477,TBD,ky-thuat-phan-mem,X26,Điểm thi THPT,2025,15.0,Kỹ thuật phần mềm
144478,TBD,ky-thuat-phan-mem,X56,Điểm thi THPT,2025,15.0,Kỹ thuật phần mềm
144479,TBD,logistic-va-quan-ly-chuoi-cung-ung,A00,Điểm học bạ,2024,6.0,Logistic và Quản lý chuỗi cung ứng
144480,TBD,logistic-va-quan-ly-chuoi-cung-ung,A01,Điểm học bạ,2024,6.0,Logistic và Quản lý chuỗi cung ứng
144481,TBD,logistic-va-quan-ly-chuoi-cung-ung,A09,Điểm học bạ,2024,6.0,Logistic và Quản lý chuỗi cung ứng
144482,TBD,logistic-va-quan-ly-chuoi-cung-ung,D01,Điểm học bạ,2024,6.0,Logistic và Quản lý chuỗi cung ứng
144483,TBD,logistics-va-quan-ly-chuoi-cung-ung,A00,Điểm thi THPT,2021,19.0,Logistics và Quản lý chuỗi cung ứng
144484,TBD,logistics-va-quan-ly-chuoi-cung-ung,A01,Điểm thi THPT,2021,19.0,Logistics và Quản lý chuỗi cung ứng
144485,TBD,logistics-va-quan-ly-chuoi-cung-ung,C04,Điểm thi THPT,2021,19.0,Logistics và Quản lý chuỗi cung ứng
144486,TBD,logistics-va-quan-ly-chuoi-cung-ung,D01,Điểm thi THPT,2021,19.0,Logistics và Quản lý chuỗi cung ứng
144487,TBD,logistics-va-quan-ly-chuoi-cung-ung,A00,Điểm học bạ,2023,18.0,Logistics và quản lý chuỗi cung ứng
144488,TBD,logistics-va-quan-ly-chuoi-cung-ung,A01,Điểm học bạ,2023,18.0,Logistics và quản lý chuỗi cung ứng
144489,TBD,logistics-va-quan-ly-chuoi-cung-ung,A09,Điểm học bạ,2023,18.0,Logistics và quản lý chuỗi cung ứng
144490,TBD,logistics-va-quan-ly-chuoi-cung-ung,D01,Điểm học bạ,2023,18.0,Logistics và quản lý chuỗi cung ứng
144491,TBD,logistics-va-quan-ly-chuoi-cung-ung,A00,Điểm thi THPT,2023,15.0,Logistics và quản lý chuỗi cung ứng
144492,TBD,logistics-va-quan-ly-chuoi-cung-ung,A01,Điểm thi THPT,2023,15.0,Logistics và quản lý chuỗi cung ứng
144493,TBD,logistics-va-quan-ly-chuoi-cung-ung,A09,Điểm thi THPT,2023,15.0,Logistics và quản lý chuỗi cung ứng
144494,TBD,logistics-va-quan-ly-chuoi-cung-ung,D01,Điểm thi THPT,2023,15.0,Logistics và quản lý chuỗi cung ứng
144495,TBD,logistics-va-quan-ly-chuoi-cung-ung,A00,Điểm học bạ,2024,18.0,Logistics và Quản lý chuỗi cung ứng
144496,TBD,logistics-va-quan-ly-chuoi-cung-ung,A01,Điểm học bạ,2024,18.0,Logistics và Quản lý chuỗi cung ứng
144497,TBD,logistics-va-quan-ly-chuoi-cung-ung,A09,Điểm học bạ,2024,18.0,Logistics và Quản lý chuỗi cung ứng
144498,TBD,logistics-va-quan-ly-chuoi-cung-ung,D01,Điểm học bạ,2024,18.0,Logistics và Quản lý chuỗi cung ứng
144499,TBD,logistics-va-quan-ly-chuoi-cung-ung,A00,Điểm thi THPT,2024,15.0,Logistics và Quản lý chuỗi cung ứng
144500,TBD,logistics-va-quan-ly-chuoi-cung-ung,A01,Điểm thi THPT,2024,15.0,Logistics và Quản lý chuỗi cung ứng
144501,TBD,logistics-va-quan-ly-chuoi-cung-ung,A09,Điểm thi THPT,2024,15.0,Logistics và Quản lý chuỗi cung ứng
144502,TBD,logistics-va-quan-ly-chuoi-cung-ung,D01,Điểm thi THPT,2024,15.0,Logistics và Quản lý chuỗi cung ứng
144503,TBD,logistics-va-quan-ly-chuoi-cung-ung,A00,Điểm học bạ,2025,18.0,Logistics và Quản lý chuỗi cung ứng
144504,TBD,logistics-va-quan-ly-chuoi-cung-ung,A01,Điểm học bạ,2025,18.0,Logistics và Quản lý chuỗi cung ứng
144505,TBD,logistics-va-quan-ly-chuoi-cung-ung,A09,Điểm học bạ,2025,18.0,Logistics và Quản lý chuỗi cung ứng
144506,TBD,logistics-va-quan-ly-chuoi-cung-ung,C14,Điểm học bạ,2025,18.0,Logistics và Quản lý chuỗi cung ứng
144507,TBD,logistics-va-quan-ly-chuoi-cung-ung,C19,Điểm học bạ,2025,18.0,Logistics và Quản lý chuỗi cung ứng
144508,TBD,logistics-va-quan-ly-chuoi-cung-ung,D01,Điểm học bạ,2025,18.0,Logistics và Quản lý chuỗi cung ứng
144509,TBD,logistics-va-quan-ly-chuoi-cung-ung,D03,Điểm học bạ,2025,18.0,Logistics và Quản lý chuỗi cung ứng
144510,TBD,logistics-va-quan-ly-chuoi-cung-ung,D04,Điểm học bạ,2025,18.0,Logistics và Quản lý chuỗi cung ứng
144511,TBD,logistics-va-quan-ly-chuoi-cung-ung,D07,Điểm học bạ,2025,18.0,Logistics và Quản lý chuỗi cung ứng
144512,TBD,logistics-va-quan-ly-chuoi-cung-ung,D24,Điểm học bạ,2025,18.0,Logistics và Quản lý chuỗi cung ứng
144513,TBD,logistics-va-quan-ly-chuoi-cung-ung,D25,Điểm học bạ,2025,18.0,Logistics và Quản lý chuỗi cung ứng
144514,TBD,logistics-va-quan-ly-chuoi-cung-ung,D29,Điểm học bạ,2025,18.0,Logistics và Quản lý chuỗi cung ứng
144515,TBD,logistics-va-quan-ly-chuoi-cung-ung,D30,Điểm học bạ,2025,18.0,Logistics và Quản lý chuỗi cung ứng
144516,TBD,logistics-va-quan-ly-chuoi-cung-ung,X02,Điểm học bạ,2025,18.0,Logistics và Quản lý chuỗi cung ứng
144517,TBD,logistics-va-quan-ly-chuoi-cung-ung,X03,Điểm học bạ,2025,18.0,Logistics và Quản lý chuỗi cung ứng
144518,TBD,logistics-va-quan-ly-chuoi-cung-ung,X26,Điểm học bạ,2025,18.0,Logistics và Quản lý chuỗi cung ứng
144519,TBD,logistics-va-quan-ly-chuoi-cung-ung,A00,Điểm thi THPT,2025,15.0,Logistics và Quản lý chuỗi cung ứng
144520,TBD,logistics-va-quan-ly-chuoi-cung-ung,A01,Điểm thi THPT,2025,15.0,Logistics và Quản lý chuỗi cung ứng
144521,TBD,logistics-va-quan-ly-chuoi-cung-ung,A09,Điểm thi THPT,2025,15.0,Logistics và Quản lý chuỗi cung ứng
144522,TBD,logistics-va-quan-ly-chuoi-cung-ung,C14,Điểm thi THPT,2025,15.0,Logistics và Quản lý chuỗi cung ứng
144523,TBD,logistics-va-quan-ly-chuoi-cung-ung,C19,Điểm thi THPT,2025,15.0,Logistics và Quản lý chuỗi cung ứng
144524,TBD,logistics-va-quan-ly-chuoi-cung-ung,D01,Điểm thi THPT,2025,15.0,Logistics và Quản lý chuỗi cung ứng
144525,TBD,logistics-va-quan-ly-chuoi-cung-ung,D03,Điểm thi THPT,2025,15.0,Logistics và Quản lý chuỗi cung ứng
144526,TBD,logistics-va-quan-ly-chuoi-cung-ung,D04,Điểm thi THPT,2025,15.0,Logistics và Quản lý chuỗi cung ứng
144527,TBD,logistics-va-quan-ly-chuoi-cung-ung,D07,Điểm thi THPT,2025,15.0,Logistics và Quản lý chuỗi cung ứng
144528,TBD,logistics-va-quan-ly-chuoi-cung-ung,D24,Điểm thi THPT,2025,15.0,Logistics và Quản lý chuỗi cung ứng
144529,TBD,logistics-va-quan-ly-chuoi-cung-ung,D25,Điểm thi THPT,2025,15.0,Logistics và Quản lý chuỗi cung ứng
144530,TBD,logistics-va-quan-ly-chuoi-cung-ung,D29,Điểm thi THPT,2025,15.0,Logistics và Quản lý chuỗi cung ứng
144531,TBD,logistics-va-quan-ly-chuoi-cung-ung,D30,Điểm thi THPT,2025,15.0,Logistics và Quản lý chuỗi cung ứng
144532,TBD,logistics-va-quan-ly-chuoi-cung-ung,X02,Điểm thi THPT,2025,15.0,Logistics và Quản lý chuỗi cung ứng
144533,TBD,logistics-va-quan-ly-chuoi-cung-ung,X03,Điểm thi THPT,2025,15.0,Logistics và Quản lý chuỗi cung ứng
144534,TBD,logistics-va-quan-ly-chuoi-cung-ung,X26,Điểm thi THPT,2025,15.0,Logistics và Quản lý chuỗi cung ứng
144535,TBD,luat,C00,Điểm học bạ,2022,6.0,Luật
144536,TBD,luat,C19,Điểm học bạ,2022,6.0,Luật
144537,TBD,luat,C20,Điểm học bạ,2022,6.0,Luật
144538,TBD,luat,D01,Điểm học bạ,2022,6.0,Luật
144539,TBD,luat,C00,Điểm thi THPT,2022,15.0,Luật
144540,TBD,luat,C19,Điểm thi THPT,2022,15.0,Luật
144541,TBD,luat,C20,Điểm thi THPT,2022,15.0,Luật
144542,TBD,luat,D01,Điểm thi THPT,2022,15.0,Luật
144543,TBD,luat,A00,Điểm học bạ,2023,18.0,Luật
144544,TBD,luat,A07,Điểm học bạ,2023,18.0,Luật
144545,TBD,luat,C20,Điểm học bạ,2023,18.0,Luật
144546,TBD,luat,D01,Điểm học bạ,2023,18.0,Luật
144547,TBD,luat,A00,Điểm thi THPT,2023,15.0,Luật
144548,TBD,luat,A07,Điểm thi THPT,2023,15.0,Luật
144549,TBD,luat,C20,Điểm thi THPT,2023,15.0,Luật
144550,TBD,luat,D01,Điểm thi THPT,2023,15.0,Luật
144551,TBD,luat,A00,Điểm học bạ,2024,6.0,Luật
144552,TBD,luat,A07,Điểm học bạ,2024,6.0,Luật
144553,TBD,luat,C20,Điểm học bạ,2024,6.0,Luật
144554,TBD,luat,D01,Điểm học bạ,2024,6.0,Luật
144555,TBD,luat,A00,Điểm thi THPT,2024,15.0,Luật
144556,TBD,luat,A07,Điểm thi THPT,2024,15.0,Luật
144557,TBD,luat,C20,Điểm thi THPT,2024,15.0,Luật
144558,TBD,luat,D01,Điểm thi THPT,2024,15.0,Luật
144559,TBD,luat,A08,Điểm học bạ,2025,18.0,Luật
144560,TBD,luat,C19,Điểm học bạ,2025,18.0,Luật
144561,TBD,luat,C20,Điểm học bạ,2025,18.0,Luật
144562,TBD,luat,D01,Điểm học bạ,2025,18.0,Luật
144563,TBD,luat,A08,Điểm thi THPT,2025,18.0,Luật
144564,TBD,luat,C19,Điểm thi THPT,2025,18.0,Luật
144565,TBD,luat,C20,Điểm thi THPT,2025,18.0,Luật
144566,TBD,luat,D01,Điểm thi THPT,2025,18.0,Luật
144567,TBD,marketing,A00,Điểm học bạ,2023,18.0,Marketing
144568,TBD,marketing,A01,Điểm học bạ,2023,18.0,Marketing
144569,TBD,marketing,A09,Điểm học bạ,2023,18.0,Marketing
144570,TBD,marketing,D01,Điểm học bạ,2023,18.0,Marketing
144571,TBD,marketing,A00,Điểm thi THPT,2023,15.0,Marketing
144572,TBD,marketing,A01,Điểm thi THPT,2023,15.0,Marketing
144573,TBD,marketing,A09,Điểm thi THPT,2023,15.0,Marketing
144574,TBD,marketing,D01,Điểm thi THPT,2023,15.0,Marketing
144575,TBD,marketing,A00,Điểm học bạ,2024,18.0,Marketing
144576,TBD,marketing,A01,Điểm học bạ,2024,18.0,Marketing
144577,TBD,marketing,A09,Điểm học bạ,2024,18.0,Marketing
144578,TBD,marketing,D01,Điểm học bạ,2024,18.0,Marketing
144579,TBD,marketing,A00,Điểm thi THPT,2024,15.0,Marketing
144580,TBD,marketing,A01,Điểm thi THPT,2024,15.0,Marketing
144581,TBD,marketing,A09,Điểm thi THPT,2024,15.0,Marketing
144582,TBD,marketing,D01,Điểm thi THPT,2024,15.0,Marketing
144583,TBD,marketing,A00,Điểm học bạ,2025,18.0,Marketing
144584,TBD,marketing,A01,Điểm học bạ,2025,18.0,Marketing
144585,TBD,marketing,A09,Điểm học bạ,2025,18.0,Marketing
144586,TBD,marketing,C14,Điểm học bạ,2025,18.0,Marketing
144587,TBD,marketing,C19,Điểm học bạ,2025,18.0,Marketing
144588,TBD,marketing,D01,Điểm học bạ,2025,18.0,Marketing
144589,TBD,marketing,D03,Điểm học bạ,2025,18.0,Marketing
144590,TBD,marketing,D04,Điểm học bạ,2025,18.0,Marketing
144591,TBD,marketing,D07,Điểm học bạ,2025,18.0,Marketing
144592,TBD,marketing,D24,Điểm học bạ,2025,18.0,Marketing
144593,TBD,marketing,D25,Điểm học bạ,2025,18.0,Marketing
144594,TBD,marketing,D29,Điểm học bạ,2025,18.0,Marketing
144595,TBD,marketing,D30,Điểm học bạ,2025,18.0,Marketing
144596,TBD,marketing,X02,Điểm học bạ,2025,18.0,Marketing
144597,TBD,marketing,X03,Điểm học bạ,2025,18.0,Marketing
144598,TBD,marketing,X26,Điểm học bạ,2025,18.0,Marketing
144599,TBD,marketing,A00,Điểm thi THPT,2025,15.0,Marketing
144600,TBD,marketing,A01,Điểm thi THPT,2025,15.0,Marketing
144601,TBD,marketing,A09,Điểm thi THPT,2025,15.0,Marketing
144602,TBD,marketing,C14,Điểm thi THPT,2025,15.0,Marketing
144603,TBD,marketing,C19,Điểm thi THPT,2025,15.0,Marketing
144604,TBD,marketing,D01,Điểm thi THPT,2025,15.0,Marketing
144605,TBD,marketing,D03,Điểm thi THPT,2025,15.0,Marketing
144606,TBD,marketing,D04,Điểm thi THPT,2025,15.0,Marketing
144607,TBD,marketing,D07,Điểm thi THPT,2025,15.0,Marketing
144608,TBD,marketing,D24,Điểm thi THPT,2025,15.0,Marketing
144609,TBD,marketing,D25,Điểm thi THPT,2025,15.0,Marketing
144610,TBD,marketing,D29,Điểm thi THPT,2025,15.0,Marketing
144611,TBD,marketing,D30,Điểm thi THPT,2025,15.0,Marketing
144612,TBD,marketing,X02,Điểm thi THPT,2025,15.0,Marketing
144613,TBD,marketing,X03,Điểm thi THPT,2025,15.0,Marketing
144614,TBD,marketing,X26,Điểm thi THPT,2025,15.0,Marketing
144615,TBD,ngon-ngu-anh,A01,Điểm thi THPT,2021,19.0,Ngôn ngữ Anh
144616,TBD,ngon-ngu-anh,D01,Điểm thi THPT,2021,19.0,Ngôn ngữ Anh
144617,TBD,ngon-ngu-anh,D10,Điểm thi THPT,2021,19.0,Ngôn ngữ Anh
144618,TBD,ngon-ngu-anh,D15,Điểm thi THPT,2021,19.0,Ngôn ngữ Anh
144619,TBD,ngon-ngu-anh,C00,Điểm học bạ,2022,6.0,Ngôn ngữ Anh
144620,TBD,ngon-ngu-anh,C19,Điểm học bạ,2022,6.0,Ngôn ngữ Anh
144621,TBD,ngon-ngu-anh,C20,Điểm học bạ,2022,6.0,Ngôn ngữ Anh
144622,TBD,ngon-ngu-anh,D01,Điểm học bạ,2022,6.0,Ngôn ngữ Anh
144623,TBD,ngon-ngu-anh,C00,Điểm thi THPT,2022,15.0,Ngôn ngữ Anh
144624,TBD,ngon-ngu-anh,C19,Điểm thi THPT,2022,15.0,Ngôn ngữ Anh
144625,TBD,ngon-ngu-anh,C20,Điểm thi THPT,2022,15.0,Ngôn ngữ Anh
144626,TBD,ngon-ngu-anh,D01,Điểm thi THPT,2022,15.0,Ngôn ngữ Anh
144627,TBD,ngon-ngu-anh,D01,Điểm học bạ,2023,18.0,Ngôn ngữ Anh
144628,TBD,ngon-ngu-anh,D14,Điểm học bạ,2023,18.0,Ngôn ngữ Anh
144629,TBD,ngon-ngu-anh,D66,Điểm học bạ,2023,18.0,Ngôn ngữ Anh
144630,TBD,ngon-ngu-anh,D84,Điểm học bạ,2023,18.0,Ngôn ngữ Anh
144631,TBD,ngon-ngu-anh,D01,Điểm thi THPT,2023,15.0,Ngôn ngữ Anh
144632,TBD,ngon-ngu-anh,D14,Điểm thi THPT,2023,15.0,Ngôn ngữ Anh
144633,TBD,ngon-ngu-anh,D66,Điểm thi THPT,2023,15.0,Ngôn ngữ Anh
144634,TBD,ngon-ngu-anh,D84,Điểm thi THPT,2023,15.0,Ngôn ngữ Anh
144635,TBD,ngon-ngu-anh,D01,Điểm học bạ,2024,6.0,Ngôn ngữ Anh
144636,TBD,ngon-ngu-anh,D14,Điểm học bạ,2024,6.0,Ngôn ngữ Anh
144637,TBD,ngon-ngu-anh,D66,Điểm học bạ,2024,6.0,Ngôn ngữ Anh
144638,TBD,ngon-ngu-anh,D84,Điểm học bạ,2024,6.0,Ngôn ngữ Anh
144639,TBD,ngon-ngu-anh,D01,Điểm thi THPT,2024,15.0,Ngôn ngữ Anh
144640,TBD,ngon-ngu-anh,D14,Điểm thi THPT,2024,15.0,Ngôn ngữ Anh
144641,TBD,ngon-ngu-anh,D66,Điểm thi THPT,2024,15.0,Ngôn ngữ Anh
144642,TBD,ngon-ngu-anh,D84,Điểm thi THPT,2024,15.0,Ngôn ngữ Anh
144643,TBD,ngon-ngu-anh,D01,Điểm học bạ,2025,18.0,Ngôn ngữ Anh
144644,TBD,ngon-ngu-anh,D14,Điểm học bạ,2025,18.0,Ngôn ngữ Anh
144645,TBD,ngon-ngu-anh,D66,Điểm học bạ,2025,18.0,Ngôn ngữ Anh
144646,TBD,ngon-ngu-anh,D84,Điểm học bạ,2025,18.0,Ngôn ngữ Anh
144647,TBD,ngon-ngu-anh,D01,Điểm thi THPT,2025,15.0,Ngôn ngữ Anh
144648,TBD,ngon-ngu-anh,D14,Điểm thi THPT,2025,15.0,Ngôn ngữ Anh
144649,TBD,ngon-ngu-anh,D66,Điểm thi THPT,2025,15.0,Ngôn ngữ Anh
144650,TBD,ngon-ngu-anh,D84,Điểm thi THPT,2025,15.0,Ngôn ngữ Anh
144651,TBD,ngon-ngu-nhat,A01,Điểm thi THPT,2021,17.5,Ngôn ngữ Nhật
144652,TBD,ngon-ngu-nhat,D01,Điểm thi THPT,2021,17.5,Ngôn ngữ Nhật
144653,TBD,ngon-ngu-nhat,D10,Điểm thi THPT,2021,17.5,Ngôn ngữ Nhật
144654,TBD,ngon-ngu-nhat,D15,Điểm thi THPT,2021,17.5,Ngôn ngữ Nhật
144655,TBD,ngon-ngu-phap,A01,Điểm thi THPT,2021,20.5,Ngôn ngữ Pháp
144656,TBD,ngon-ngu-phap,D01,Điểm thi THPT,2021,20.5,Ngôn ngữ Pháp
144657,TBD,ngon-ngu-phap,D10,Điểm thi THPT,2021,20.5,Ngôn ngữ Pháp
144658,TBD,ngon-ngu-phap,D15,Điểm thi THPT,2021,20.5,Ngôn ngữ Pháp
144659,TBD,ngon-ngu-trung-quoc,A01,Điểm thi THPT,2021,19.0,Ngôn ngữ Trung Quốc
144660,TBD,ngon-ngu-trung-quoc,D01,Điểm thi THPT,2021,19.0,Ngôn ngữ Trung Quốc
144661,TBD,ngon-ngu-trung-quoc,D10,Điểm thi THPT,2021,19.0,Ngôn ngữ Trung Quốc
144662,TBD,ngon-ngu-trung-quoc,D15,Điểm thi THPT,2021,19.0,Ngôn ngữ Trung Quốc
144663,TBD,quan-he-cong-chung,C00,Điểm thi THPT,2021,18.0,Quan hệ công chúng
144664,TBD,quan-he-cong-chung,D01,Điểm thi THPT,2021,18.0,Quan hệ công chúng
144665,TBD,quan-he-cong-chung,D14,Điểm thi THPT,2021,18.0,Quan hệ công chúng
144666,TBD,quan-he-cong-chung,D15,Điểm thi THPT,2021,18.0,Quan hệ công chúng
144667,TBD,quan-ly-nha-nuoc,A08,Điểm học bạ,2025,18.0,Quản lý nhà nước
144668,TBD,quan-ly-nha-nuoc,C19,Điểm học bạ,2025,18.0,Quản lý nhà nước
144669,TBD,quan-ly-nha-nuoc,C20,Điểm học bạ,2025,18.0,Quản lý nhà nước
144670,TBD,quan-ly-nha-nuoc,D01,Điểm học bạ,2025,18.0,Quản lý nhà nước
144671,TBD,quan-ly-nha-nuoc,A08,Điểm thi THPT,2025,15.0,Quản lý nhà nước
144672,TBD,quan-ly-nha-nuoc,C19,Điểm thi THPT,2025,15.0,Quản lý nhà nước
144673,TBD,quan-ly-nha-nuoc,C20,Điểm thi THPT,2025,15.0,Quản lý nhà nước
144674,TBD,quan-ly-nha-nuoc,D01,Điểm thi THPT,2025,15.0,Quản lý nhà nước
144675,TBD,quan-tri-dich-vu-du-lich-va-lu-hanh,A00,Điểm thi THPT,2021,18.0,Quản trị dịch vụ du lịch và lữ hành
144676,TBD,quan-tri-dich-vu-du-lich-va-lu-hanh,C00,Điểm thi THPT,2021,18.0,Quản trị dịch vụ du lịch và lữ hành
144677,TBD,quan-tri-dich-vu-du-lich-va-lu-hanh,C04,Điểm thi THPT,2021,18.0,Quản trị dịch vụ du lịch và lữ hành
144678,TBD,quan-tri-dich-vu-du-lich-va-lu-hanh,D01,Điểm thi THPT,2021,18.0,Quản trị dịch vụ du lịch và lữ hành
144679,TBD,quan-tri-khach-san,A00,Điểm thi THPT,2021,18.0,Quản trị khách sạn
144680,TBD,quan-tri-khach-san,C00,Điểm thi THPT,2021,18.0,Quản trị khách sạn
144681,TBD,quan-tri-khach-san,C04,Điểm thi THPT,2021,18.0,Quản trị khách sạn
144682,TBD,quan-tri-khach-san,D01,Điểm thi THPT,2021,18.0,Quản trị khách sạn
144683,TBD,quan-tri-khach-san,A01,Điểm học bạ,2023,18.0,Quản trị khách sạn
144684,TBD,quan-tri-khach-san,A07,Điểm học bạ,2023,18.0,Quản trị khách sạn
144685,TBD,quan-tri-khach-san,D01,Điểm học bạ,2023,18.0,Quản trị khách sạn
144686,TBD,quan-tri-khach-san,D03,Điểm học bạ,2023,18.0,Quản trị khách sạn
144687,TBD,quan-tri-khach-san,D14,Điểm học bạ,2023,18.0,Quản trị khách sạn
144688,TBD,quan-tri-khach-san,A01,Điểm thi THPT,2023,15.0,Quản trị khách sạn
144689,TBD,quan-tri-khach-san,A07,Điểm thi THPT,2023,15.0,Quản trị khách sạn
144690,TBD,quan-tri-khach-san,D01,Điểm thi THPT,2023,15.0,Quản trị khách sạn
144691,TBD,quan-tri-khach-san,D03,Điểm thi THPT,2023,15.0,Quản trị khách sạn
144692,TBD,quan-tri-khach-san,D14,Điểm thi THPT,2023,15.0,Quản trị khách sạn
144693,TBD,quan-tri-khach-san,A01,Điểm học bạ,2024,6.0,Quản trị khách sạn
144694,TBD,quan-tri-khach-san,A07,Điểm học bạ,2024,6.0,Quản trị khách sạn
144695,TBD,quan-tri-khach-san,D01,Điểm học bạ,2024,6.0,Quản trị khách sạn
144696,TBD,quan-tri-khach-san,D03,Điểm học bạ,2024,6.0,Quản trị khách sạn
144697,TBD,quan-tri-khach-san,D06,Điểm học bạ,2024,18.0,Quản trị khách sạn
144698,TBD,quan-tri-khach-san,D14,Điểm học bạ,2024,6.0,Quản trị khách sạn
144699,TBD,quan-tri-khach-san,A01,Điểm thi THPT,2024,15.0,Quản trị khách sạn
144700,TBD,quan-tri-khach-san,A07,Điểm thi THPT,2024,15.0,Quản trị khách sạn
144701,TBD,quan-tri-khach-san,D01,Điểm thi THPT,2024,15.0,Quản trị khách sạn
144702,TBD,quan-tri-khach-san,D03,Điểm thi THPT,2024,15.0,Quản trị khách sạn
144703,TBD,quan-tri-khach-san,D06,Điểm thi THPT,2024,15.0,Quản trị khách sạn
144704,TBD,quan-tri-khach-san,D14,Điểm thi THPT,2024,15.0,Quản trị khách sạn
144705,TBD,quan-tri-khach-san,A08,Điểm học bạ,2025,18.0,Quản trị khách sạn
144706,TBD,quan-tri-khach-san,C00,Điểm học bạ,2025,18.0,Quản trị khách sạn
144707,TBD,quan-tri-khach-san,C19,Điểm học bạ,2025,18.0,Quản trị khách sạn
144708,TBD,quan-tri-khach-san,D01,Điểm học bạ,2025,18.0,Quản trị khách sạn
144709,TBD,quan-tri-khach-san,D03,Điểm học bạ,2025,18.0,Quản trị khách sạn
144710,TBD,quan-tri-khach-san,D04,Điểm học bạ,2025,18.0,Quản trị khách sạn
144711,TBD,quan-tri-khach-san,D84,Điểm học bạ,2025,18.0,Quản trị khách sạn
144712,TBD,quan-tri-khach-san,A08,Điểm thi THPT,2025,15.0,Quản trị khách sạn
144713,TBD,quan-tri-khach-san,C00,Điểm thi THPT,2025,15.0,Quản trị khách sạn
144714,TBD,quan-tri-khach-san,C19,Điểm thi THPT,2025,15.0,Quản trị khách sạn
144715,TBD,quan-tri-khach-san,D01,Điểm thi THPT,2025,15.0,Quản trị khách sạn
144716,TBD,quan-tri-khach-san,D03,Điểm thi THPT,2025,15.0,Quản trị khách sạn
144717,TBD,quan-tri-khach-san,D04,Điểm thi THPT,2025,15.0,Quản trị khách sạn
144718,TBD,quan-tri-khach-san,D84,Điểm thi THPT,2025,15.0,Quản trị khách sạn
144719,TBD,quan-tri-kinh-doanh,A00,Điểm thi THPT,2021,19.0,Quản trị kinh doanh
144720,TBD,quan-tri-kinh-doanh,A01,Điểm thi THPT,2021,19.0,Quản trị kinh doanh
144721,TBD,quan-tri-kinh-doanh,C04,Điểm thi THPT,2021,19.0,Quản trị kinh doanh
144722,TBD,quan-tri-kinh-doanh,D01,Điểm thi THPT,2021,19.0,Quản trị kinh doanh
144723,TBD,quan-tri-kinh-doanh,A00,Điểm học bạ,2022,6.0,Quản trị kinh doanh
144724,TBD,quan-tri-kinh-doanh,A01,Điểm học bạ,2022,6.0,Quản trị kinh doanh
144725,TBD,quan-tri-kinh-doanh,A08,Điểm học bạ,2022,6.0,Quản trị kinh doanh
144726,TBD,quan-tri-kinh-doanh,A09,Điểm học bạ,2022,6.0,Quản trị kinh doanh
144727,TBD,quan-tri-kinh-doanh,A00,Điểm thi THPT,2022,15.0,Quản trị kinh doanh
144728,TBD,quan-tri-kinh-doanh,A01,Điểm thi THPT,2022,15.0,Quản trị kinh doanh
144729,TBD,quan-tri-kinh-doanh,A08,Điểm thi THPT,2022,15.0,Quản trị kinh doanh
144730,TBD,quan-tri-kinh-doanh,A09,Điểm thi THPT,2022,15.0,Quản trị kinh doanh
144731,TBD,quan-tri-kinh-doanh,A00,Điểm học bạ,2023,18.0,Quản trị kinh doanh
144732,TBD,quan-tri-kinh-doanh,A01,Điểm học bạ,2023,18.0,Quản trị kinh doanh
144733,TBD,quan-tri-kinh-doanh,A09,Điểm học bạ,2023,18.0,Quản trị kinh doanh
144734,TBD,quan-tri-kinh-doanh,D01,Điểm học bạ,2023,18.0,Quản trị kinh doanh
144735,TBD,quan-tri-kinh-doanh,A00,Điểm thi THPT,2023,15.0,Quản trị kinh doanh
144736,TBD,quan-tri-kinh-doanh,A01,Điểm thi THPT,2023,15.0,Quản trị kinh doanh
144737,TBD,quan-tri-kinh-doanh,A09,Điểm thi THPT,2023,15.0,Quản trị kinh doanh
144738,TBD,quan-tri-kinh-doanh,D01,Điểm thi THPT,2023,15.0,Quản trị kinh doanh
144739,TBD,quan-tri-kinh-doanh,A00,Điểm học bạ,2024,18.0,Quản trị kinh doanh
144740,TBD,quan-tri-kinh-doanh,A01,Điểm học bạ,2024,18.0,Quản trị kinh doanh
144741,TBD,quan-tri-kinh-doanh,A09,Điểm học bạ,2024,18.0,Quản trị kinh doanh
144742,TBD,quan-tri-kinh-doanh,D01,Điểm học bạ,2024,18.0,Quản trị kinh doanh
144743,TBD,quan-tri-kinh-doanh,A00,Điểm thi THPT,2024,15.0,Quản trị kinh doanh
144744,TBD,quan-tri-kinh-doanh,A01,Điểm thi THPT,2024,15.0,Quản trị kinh doanh
144745,TBD,quan-tri-kinh-doanh,A09,Điểm thi THPT,2024,15.0,Quản trị kinh doanh
144746,TBD,quan-tri-kinh-doanh,D01,Điểm thi THPT,2024,15.0,Quản trị kinh doanh
144747,TBD,quan-tri-kinh-doanh,A00,Điểm học bạ,2025,18.0,Quản trị kinh doanh
144748,TBD,quan-tri-kinh-doanh,A01,Điểm học bạ,2025,18.0,Quản trị kinh doanh
144749,TBD,quan-tri-kinh-doanh,A09,Điểm học bạ,2025,18.0,Quản trị kinh doanh
144750,TBD,quan-tri-kinh-doanh,C14,Điểm học bạ,2025,18.0,Quản trị kinh doanh
144751,TBD,quan-tri-kinh-doanh,C19,Điểm học bạ,2025,18.0,Quản trị kinh doanh
144752,TBD,quan-tri-kinh-doanh,D01,Điểm học bạ,2025,18.0,Quản trị kinh doanh
144753,TBD,quan-tri-kinh-doanh,D03,Điểm học bạ,2025,18.0,Quản trị kinh doanh
144754,TBD,quan-tri-kinh-doanh,D04,Điểm học bạ,2025,18.0,Quản trị kinh doanh
144755,TBD,quan-tri-kinh-doanh,D07,Điểm học bạ,2025,18.0,Quản trị kinh doanh
144756,TBD,quan-tri-kinh-doanh,D24,Điểm học bạ,2025,18.0,Quản trị kinh doanh
144757,TBD,quan-tri-kinh-doanh,D25,Điểm học bạ,2025,18.0,Quản trị kinh doanh
144758,TBD,quan-tri-kinh-doanh,D29,Điểm học bạ,2025,18.0,Quản trị kinh doanh
144759,TBD,quan-tri-kinh-doanh,D30,Điểm học bạ,2025,18.0,Quản trị kinh doanh
144760,TBD,quan-tri-kinh-doanh,X02,Điểm học bạ,2025,18.0,Quản trị kinh doanh
144761,TBD,quan-tri-kinh-doanh,X03,Điểm học bạ,2025,18.0,Quản trị kinh doanh
144762,TBD,quan-tri-kinh-doanh,X26,Điểm học bạ,2025,18.0,Quản trị kinh doanh
144763,TBD,quan-tri-kinh-doanh,A00,Điểm thi THPT,2025,15.0,Quản trị kinh doanh
144764,TBD,quan-tri-kinh-doanh,A01,Điểm thi THPT,2025,15.0,Quản trị kinh doanh
144765,TBD,quan-tri-kinh-doanh,A09,Điểm thi THPT,2025,15.0,Quản trị kinh doanh
144766,TBD,quan-tri-kinh-doanh,C14,Điểm thi THPT,2025,15.0,Quản trị kinh doanh
144767,TBD,quan-tri-kinh-doanh,C19,Điểm thi THPT,2025,15.0,Quản trị kinh doanh
144768,TBD,quan-tri-kinh-doanh,D01,Điểm thi THPT,2025,15.0,Quản trị kinh doanh
144769,TBD,quan-tri-kinh-doanh,D03,Điểm thi THPT,2025,15.0,Quản trị kinh doanh
144770,TBD,quan-tri-kinh-doanh,D04,Điểm thi THPT,2025,15.0,Quản trị kinh doanh
144771,TBD,quan-tri-kinh-doanh,D07,Điểm thi THPT,2025,15.0,Quản trị kinh doanh
144772,TBD,quan-tri-kinh-doanh,D24,Điểm thi THPT,2025,15.0,Quản trị kinh doanh
144773,TBD,quan-tri-kinh-doanh,D25,Điểm thi THPT,2025,15.0,Quản trị kinh doanh
144774,TBD,quan-tri-kinh-doanh,D29,Điểm thi THPT,2025,15.0,Quản trị kinh doanh
144775,TBD,quan-tri-kinh-doanh,D30,Điểm thi THPT,2025,15.0,Quản trị kinh doanh
144776,TBD,quan-tri-kinh-doanh,X02,Điểm thi THPT,2025,15.0,Quản trị kinh doanh
144777,TBD,quan-tri-kinh-doanh,X03,Điểm thi THPT,2025,15.0,Quản trị kinh doanh
144778,TBD,quan-tri-kinh-doanh,X26,Điểm thi THPT,2025,15.0,Quản trị kinh doanh
144779,TBD,tai-chinh-ngan-hang,A00,Điểm thi THPT,2021,19.0,Tài chính - Ngân hàng
144780,TBD,tai-chinh-ngan-hang,A01,Điểm thi THPT,2021,19.0,Tài chính - Ngân hàng
144781,TBD,tai-chinh-ngan-hang,C04,Điểm thi THPT,2021,19.0,Tài chính - Ngân hàng
144782,TBD,tai-chinh-ngan-hang,D01,Điểm thi THPT,2021,19.0,Tài chính - Ngân hàng
144783,TBD,tai-chinh-ngan-hang,A00,Điểm học bạ,2022,6.0,Tài chính - Ngân hàng
144784,TBD,tai-chinh-ngan-hang,A01,Điểm học bạ,2022,6.0,Tài chính - Ngân hàng
144785,TBD,tai-chinh-ngan-hang,A08,Điểm học bạ,2022,6.0,Tài chính - Ngân hàng
144786,TBD,tai-chinh-ngan-hang,A09,Điểm học bạ,2022,6.0,Tài chính - Ngân hàng
144787,TBD,tai-chinh-ngan-hang,A00,Điểm thi THPT,2022,15.0,Tài chính - Ngân hàng
144788,TBD,tai-chinh-ngan-hang,A01,Điểm thi THPT,2022,15.0,Tài chính - Ngân hàng
144789,TBD,tai-chinh-ngan-hang,A08,Điểm thi THPT,2022,15.0,Tài chính - Ngân hàng
144790,TBD,tai-chinh-ngan-hang,A09,Điểm thi THPT,2022,15.0,Tài chính - Ngân hàng
144791,TBD,tai-chinh-ngan-hang,A00,Điểm học bạ,2023,18.0,Tài chính - Ngân hàng
144792,TBD,tai-chinh-ngan-hang,A01,Điểm học bạ,2023,18.0,Tài chính - Ngân hàng
144793,TBD,tai-chinh-ngan-hang,A09,Điểm học bạ,2023,18.0,Tài chính - Ngân hàng
144794,TBD,tai-chinh-ngan-hang,D01,Điểm học bạ,2023,18.0,Tài chính - Ngân hàng
144795,TBD,tai-chinh-ngan-hang,A00,Điểm thi THPT,2023,15.0,Tài chính - Ngân hàng
144796,TBD,tai-chinh-ngan-hang,A01,Điểm thi THPT,2023,15.0,Tài chính - Ngân hàng
144797,TBD,tai-chinh-ngan-hang,A09,Điểm thi THPT,2023,15.0,Tài chính - Ngân hàng
144798,TBD,tai-chinh-ngan-hang,D01,Điểm thi THPT,2023,15.0,Tài chính - Ngân hàng
144799,TBD,tai-chinh-ngan-hang,A00,Điểm học bạ,2024,6.0,Tài chính - Ngân hàng
144800,TBD,tai-chinh-ngan-hang,A01,Điểm học bạ,2024,6.0,Tài chính - Ngân hàng
144801,TBD,tai-chinh-ngan-hang,A09,Điểm học bạ,2024,6.0,Tài chính - Ngân hàng
144802,TBD,tai-chinh-ngan-hang,D01,Điểm học bạ,2024,6.0,Tài chính - Ngân hàng
144803,TBD,tai-chinh-ngan-hang,A00,Điểm thi THPT,2024,15.0,Tài chính - Ngân hàng
144804,TBD,tai-chinh-ngan-hang,A01,Điểm thi THPT,2024,15.0,Tài chính - Ngân hàng
144805,TBD,tai-chinh-ngan-hang,A09,Điểm thi THPT,2024,15.0,Tài chính - Ngân hàng
144806,TBD,tai-chinh-ngan-hang,D01,Điểm thi THPT,2024,15.0,Tài chính - Ngân hàng
144807,TBD,tai-chinh-ngan-hang,A00,Điểm học bạ,2025,18.0,Tài chính – Ngân hàng
144808,TBD,tai-chinh-ngan-hang,A01,Điểm học bạ,2025,18.0,Tài chính – Ngân hàng
144809,TBD,tai-chinh-ngan-hang,A09,Điểm học bạ,2025,18.0,Tài chính – Ngân hàng
144810,TBD,tai-chinh-ngan-hang,C14,Điểm học bạ,2025,18.0,Tài chính – Ngân hàng
144811,TBD,tai-chinh-ngan-hang,C19,Điểm học bạ,2025,18.0,Tài chính – Ngân hàng
144812,TBD,tai-chinh-ngan-hang,D01,Điểm học bạ,2025,18.0,Tài chính – Ngân hàng
144813,TBD,tai-chinh-ngan-hang,D03,Điểm học bạ,2025,18.0,Tài chính – Ngân hàng
144814,TBD,tai-chinh-ngan-hang,D04,Điểm học bạ,2025,18.0,Tài chính – Ngân hàng
144815,TBD,tai-chinh-ngan-hang,D07,Điểm học bạ,2025,18.0,Tài chính – Ngân hàng
144816,TBD,tai-chinh-ngan-hang,D24,Điểm học bạ,2025,18.0,Tài chính – Ngân hàng
144817,TBD,tai-chinh-ngan-hang,D25,Điểm học bạ,2025,18.0,Tài chính – Ngân hàng
144818,TBD,tai-chinh-ngan-hang,D29,Điểm học bạ,2025,18.0,Tài chính – Ngân hàng
144819,TBD,tai-chinh-ngan-hang,D30,Điểm học bạ,2025,18.0,Tài chính – Ngân hàng
144820,TBD,tai-chinh-ngan-hang,X02,Điểm học bạ,2025,18.0,Tài chính – Ngân hàng
144821,TBD,tai-chinh-ngan-hang,X03,Điểm học bạ,2025,18.0,Tài chính – Ngân hàng
144822,TBD,tai-chinh-ngan-hang,X26,Điểm học bạ,2025,18.0,Tài chính – Ngân hàng
144823,TBD,tai-chinh-ngan-hang,A00,Điểm thi THPT,2025,15.0,Tài chính – Ngân hàng
144824,TBD,tai-chinh-ngan-hang,A01,Điểm thi THPT,2025,15.0,Tài chính – Ngân hàng
144825,TBD,tai-chinh-ngan-hang,A09,Điểm thi THPT,2025,15.0,Tài chính – Ngân hàng
144826,TBD,tai-chinh-ngan-hang,C14,Điểm thi THPT,2025,15.0,Tài chính – Ngân hàng
144827,TBD,tai-chinh-ngan-hang,C19,Điểm thi THPT,2025,15.0,Tài chính – Ngân hàng
144828,TBD,tai-chinh-ngan-hang,D01,Điểm thi THPT,2025,15.0,Tài chính – Ngân hàng
144829,TBD,tai-chinh-ngan-hang,D03,Điểm thi THPT,2025,15.0,Tài chính – Ngân hàng
144830,TBD,tai-chinh-ngan-hang,D04,Điểm thi THPT,2025,15.0,Tài chính – Ngân hàng
144831,TBD,tai-chinh-ngan-hang,D07,Điểm thi THPT,2025,15.0,Tài chính – Ngân hàng
144832,TBD,tai-chinh-ngan-hang,D24,Điểm thi THPT,2025,15.0,Tài chính – Ngân hàng
144833,TBD,tai-chinh-ngan-hang,D25,Điểm thi THPT,2025,15.0,Tài chính – Ngân hàng
144834,TBD,tai-chinh-ngan-hang,D29,Điểm thi THPT,2025,15.0,Tài chính – Ngân hàng
144835,TBD,tai-chinh-ngan-hang,D30,Điểm thi THPT,2025,15.0,Tài chính – Ngân hàng
144836,TBD,tai-chinh-ngan-hang,X02,Điểm thi THPT,2025,15.0,Tài chính – Ngân hàng
144837,TBD,tai-chinh-ngan-hang,X03,Điểm thi THPT,2025,15.0,Tài chính – Ngân hàng
144838,TBD,tai-chinh-ngan-hang,X26,Điểm thi THPT,2025,15.0,Tài chính – Ngân hàng
144839,TBD,tam-ly-hoc,A00,Điểm thi THPT,2021,18.5,Tâm lý học
144840,TBD,tam-ly-hoc,B00,Điểm thi THPT,2021,18.5,Tâm lý học
144841,TBD,tam-ly-hoc,C00,Điểm thi THPT,2021,18.5,Tâm lý học
144842,TBD,tam-ly-hoc,D01,Điểm thi THPT,2021,18.5,Tâm lý học
144843,TBD,thiet-ke-do-hoa,A00,Điểm học bạ,2024,18.0,Thiết kế đồ họa
144844,TBD,thiet-ke-do-hoa,A01,Điểm học bạ,2024,18.0,Thiết kế đồ họa
144845,TBD,thiet-ke-do-hoa,C03,Điểm học bạ,2024,6.0,Thiết kế đồ họa
144846,TBD,thiet-ke-do-hoa,D01,Điểm học bạ,2024,18.0,Thiết kế đồ họa
144847,TBD,thiet-ke-do-hoa,H06,Điểm học bạ,2024,18.0,Thiết kế đồ họa
144848,TBD,thiet-ke-do-hoa,A00,Điểm thi THPT,2024,15.0,Thiết kế đồ họa
144849,TBD,thiet-ke-do-hoa,A01,Điểm thi THPT,2024,15.0,Thiết kế đồ họa
144850,TBD,thiet-ke-do-hoa,D01,Điểm thi THPT,2024,15.0,Thiết kế đồ họa
144851,TBD,thiet-ke-do-hoa,H06,Điểm thi THPT,2024,15.0,Thiết kế đồ họa
144852,TBD,thiet-ke-do-hoa,A01,Điểm học bạ,2025,18.0,Thiết kế đồ họa
144853,TBD,thiet-ke-do-hoa,C03,Điểm học bạ,2025,18.0,Thiết kế đồ họa
144854,TBD,thiet-ke-do-hoa,D01,Điểm học bạ,2025,18.0,Thiết kế đồ họa
144855,TBD,thiet-ke-do-hoa,D14,Điểm học bạ,2025,18.0,Thiết kế đồ họa
144856,TBD,thiet-ke-do-hoa,X02,Điểm học bạ,2025,18.0,Thiết kế đồ họa
144857,TBD,thiet-ke-do-hoa,A01,Điểm thi THPT,2025,15.0,Thiết kế đồ họa
144858,TBD,thiet-ke-do-hoa,C03,Điểm thi THPT,2025,15.0,Thiết kế đồ họa
144859,TBD,thiet-ke-do-hoa,D01,Điểm thi THPT,2025,15.0,Thiết kế đồ họa
144860,TBD,thiet-ke-do-hoa,D14,Điểm thi THPT,2025,15.0,Thiết kế đồ họa
144861,TBD,thiet-ke-do-hoa,X02,Điểm thi THPT,2025,15.0,Thiết kế đồ họa
144862,TBD,tri-tue-nhan-tao,A00,Điểm học bạ,2023,18.0,Trí tuệ nhân tạo
144863,TBD,tri-tue-nhan-tao,A01,Điểm học bạ,2023,18.0,Trí tuệ nhân tạo
144864,TBD,tri-tue-nhan-tao,D01,Điểm học bạ,2023,18.0,Trí tuệ nhân tạo
144865,TBD,tri-tue-nhan-tao,D03,Điểm học bạ,2023,18.0,Trí tuệ nhân tạo
144866,TBD,tri-tue-nhan-tao,D06,Điểm học bạ,2023,18.0,Trí tuệ nhân tạo
144867,TBD,tri-tue-nhan-tao,D23,Điểm học bạ,2023,18.0,Trí tuệ nhân tạo
144868,TBD,tri-tue-nhan-tao,D24,Điểm học bạ,2023,18.0,Trí tuệ nhân tạo
144869,TBD,tri-tue-nhan-tao,D28,Điểm học bạ,2023,18.0,Trí tuệ nhân tạo
144870,TBD,tri-tue-nhan-tao,D29,Điểm học bạ,2023,18.0,Trí tuệ nhân tạo
144871,TBD,tri-tue-nhan-tao,A00,Điểm thi THPT,2023,15.0,Trí tuệ nhân tạo
144872,TBD,tri-tue-nhan-tao,A01,Điểm thi THPT,2023,15.0,Trí tuệ nhân tạo
144873,TBD,tri-tue-nhan-tao,D01,Điểm thi THPT,2023,15.0,Trí tuệ nhân tạo
144874,TBD,tri-tue-nhan-tao,D03,Điểm thi THPT,2023,15.0,Trí tuệ nhân tạo
144875,TBD,tri-tue-nhan-tao,D06,Điểm thi THPT,2023,15.0,Trí tuệ nhân tạo
144876,TBD,tri-tue-nhan-tao,D23,Điểm thi THPT,2023,15.0,Trí tuệ nhân tạo
144877,TBD,tri-tue-nhan-tao,D24,Điểm thi THPT,2023,15.0,Trí tuệ nhân tạo
144878,TBD,tri-tue-nhan-tao,D28,Điểm thi THPT,2023,15.0,Trí tuệ nhân tạo
144879,TBD,tri-tue-nhan-tao,D29,Điểm thi THPT,2023,15.0,Trí tuệ nhân tạo
144880,TBD,tri-tue-nhan-tao,A00,Điểm học bạ,2024,6.0,Trí tuệ nhân tạo
144881,TBD,tri-tue-nhan-tao,A01,Điểm học bạ,2024,6.0,Trí tuệ nhân tạo
144882,TBD,tri-tue-nhan-tao,D01,Điểm học bạ,2024,6.0,Trí tuệ nhân tạo
144883,TBD,tri-tue-nhan-tao,D03,Điểm học bạ,2024,6.0,Trí tuệ nhân tạo
144884,TBD,tri-tue-nhan-tao,D06,Điểm học bạ,2024,6.0,Trí tuệ nhân tạo
144885,TBD,tri-tue-nhan-tao,D07,Điểm học bạ,2024,6.0,Trí tuệ nhân tạo
144886,TBD,tri-tue-nhan-tao,D23,Điểm học bạ,2024,6.0,Trí tuệ nhân tạo
144887,TBD,tri-tue-nhan-tao,D24,Điểm học bạ,2024,6.0,Trí tuệ nhân tạo
144888,TBD,tri-tue-nhan-tao,D28,Điểm học bạ,2024,6.0,Trí tuệ nhân tạo
144889,TBD,tri-tue-nhan-tao,D29,Điểm học bạ,2024,6.0,Trí tuệ nhân tạo
144890,TBD,tri-tue-nhan-tao,A00,Điểm thi THPT,2024,15.0,Trí tuệ nhân tạo
144891,TBD,tri-tue-nhan-tao,A01,Điểm thi THPT,2024,15.0,Trí tuệ nhân tạo
144892,TBD,tri-tue-nhan-tao,D01,Điểm thi THPT,2024,15.0,Trí tuệ nhân tạo
144893,TBD,tri-tue-nhan-tao,D03,Điểm thi THPT,2024,15.0,Trí tuệ nhân tạo
144894,TBD,tri-tue-nhan-tao,D06,Điểm thi THPT,2024,15.0,Trí tuệ nhân tạo
144895,TBD,tri-tue-nhan-tao,D07,Điểm thi THPT,2024,15.0,Trí tuệ nhân tạo
144896,TBD,tri-tue-nhan-tao,D23,Điểm thi THPT,2024,15.0,Trí tuệ nhân tạo
144897,TBD,tri-tue-nhan-tao,D24,Điểm thi THPT,2024,15.0,Trí tuệ nhân tạo
144898,TBD,tri-tue-nhan-tao,D28,Điểm thi THPT,2024,15.0,Trí tuệ nhân tạo
144899,TBD,tri-tue-nhan-tao,D29,Điểm thi THPT,2024,15.0,Trí tuệ nhân tạo
144900,TBD,tri-tue-nhan-tao,A00,Điểm học bạ,2025,18.0,Trí tuệ nhân tạo
144901,TBD,tri-tue-nhan-tao,A01,Điểm học bạ,2025,18.0,Trí tuệ nhân tạo
144902,TBD,tri-tue-nhan-tao,D01,Điểm học bạ,2025,18.0,Trí tuệ nhân tạo
144903,TBD,tri-tue-nhan-tao,D03,Điểm học bạ,2025,18.0,Trí tuệ nhân tạo
144904,TBD,tri-tue-nhan-tao,D04,Điểm học bạ,2025,18.0,Trí tuệ nhân tạo
144905,TBD,tri-tue-nhan-tao,D07,Điểm học bạ,2025,18.0,Trí tuệ nhân tạo
144906,TBD,tri-tue-nhan-tao,D24,Điểm học bạ,2025,18.0,Trí tuệ nhân tạo
144907,TBD,tri-tue-nhan-tao,D25,Điểm học bạ,2025,18.0,Trí tuệ nhân tạo
144908,TBD,tri-tue-nhan-tao,D29,Điểm học bạ,2025,18.0,Trí tuệ nhân tạo
144909,TBD,tri-tue-nhan-tao,D30,Điểm học bạ,2025,18.0,Trí tuệ nhân tạo
144910,TBD,tri-tue-nhan-tao,X02,Điểm học bạ,2025,18.0,Trí tuệ nhân tạo
144911,TBD,tri-tue-nhan-tao,X03,Điểm học bạ,2025,18.0,Trí tuệ nhân tạo
144912,TBD,tri-tue-nhan-tao,X26,Điểm học bạ,2025,18.0,Trí tuệ nhân tạo
144913,TBD,tri-tue-nhan-tao,X56,Điểm học bạ,2025,18.0,Trí tuệ nhân tạo
144914,TBD,tri-tue-nhan-tao,A00,Điểm thi THPT,2025,15.0,Trí tuệ nhân tạo
144915,TBD,tri-tue-nhan-tao,A01,Điểm thi THPT,2025,15.0,Trí tuệ nhân tạo
144916,TBD,tri-tue-nhan-tao,D01,Điểm thi THPT,2025,15.0,Trí tuệ nhân tạo
144917,TBD,tri-tue-nhan-tao,D03,Điểm thi THPT,2025,15.0,Trí tuệ nhân tạo
144918,TBD,tri-tue-nhan-tao,D04,Điểm thi THPT,2025,15.0,Trí tuệ nhân tạo
144919,TBD,tri-tue-nhan-tao,D07,Điểm thi THPT,2025,15.0,Trí tuệ nhân tạo
144920,TBD,tri-tue-nhan-tao,D24,Điểm thi THPT,2025,15.0,Trí tuệ nhân tạo
144921,TBD,tri-tue-nhan-tao,D25,Điểm thi THPT,2025,15.0,Trí tuệ nhân tạo
144922,TBD,tri-tue-nhan-tao,D29,Điểm thi THPT,2025,15.0,Trí tuệ nhân tạo
144923,TBD,tri-tue-nhan-tao,D30,Điểm thi THPT,2025,15.0,Trí tuệ nhân tạo
144924,TBD,tri-tue-nhan-tao,X02,Điểm thi THPT,2025,15.0,Trí tuệ nhân tạo
144925,TBD,tri-tue-nhan-tao,X03,Điểm thi THPT,2025,15.0,Trí tuệ nhân tạo
144926,TBD,tri-tue-nhan-tao,X26,Điểm thi THPT,2025,15.0,Trí tuệ nhân tạo
144927,TBD,tri-tue-nhan-tao,X56,Điểm thi THPT,2025,15.0,Trí tuệ nhân tạo
144928,TBD,truyen-thong-da-phuong-tien,A01,Điểm học bạ,2024,6.0,Truyền thông đa phương tiện
144929,TBD,truyen-thong-da-phuong-tien,C00,Điểm học bạ,2024,6.0,Truyền thông đa phương tiện
144930,TBD,truyen-thong-da-phuong-tien,D01,Điểm học bạ,2024,6.0,Truyền thông đa phương tiện
144931,TBD,truyen-thong-da-phuong-tien,D14,Điểm học bạ,2024,6.0,Truyền thông đa phương tiện
144932,TBD,truyen-thong-da-phuong-tien,A01,Điểm thi THPT,2024,15.0,Truyền thông đa phương tiện
144933,TBD,truyen-thong-da-phuong-tien,C00,Điểm thi THPT,2024,15.0,Truyền thông đa phương tiện
144934,TBD,truyen-thong-da-phuong-tien,D01,Điểm thi THPT,2024,15.0,Truyền thông đa phương tiện
144935,TBD,truyen-thong-da-phuong-tien,D14,Điểm thi THPT,2024,15.0,Truyền thông đa phương tiện
144936,TBD,truyen-thong-da-phuong-tien,A01,Điểm học bạ,2025,18.0,Truyền thông đa phương tiện
144937,TBD,truyen-thong-da-phuong-tien,C19,Điểm học bạ,2025,18.0,Truyền thông đa phương tiện
144938,TBD,truyen-thong-da-phuong-tien,D01,Điểm học bạ,2025,18.0,Truyền thông đa phương tiện
144939,TBD,truyen-thong-da-phuong-tien,D14,Điểm học bạ,2025,18.0,Truyền thông đa phương tiện
144940,TBD,truyen-thong-da-phuong-tien,A01,Điểm thi THPT,2025,15.0,Truyền thông đa phương tiện
144941,TBD,truyen-thong-da-phuong-tien,C19,Điểm thi THPT,2025,15.0,Truyền thông đa phương tiện
144942,TBD,truyen-thong-da-phuong-tien,D01,Điểm thi THPT,2025,15.0,Truyền thông đa phương tiện
144943,TBD,truyen-thong-da-phuong-tien,D14,Điểm thi THPT,2025,15.0,Truyền thông đa phương tiện
144944,TBD,van-hoa-hoc,C00,Điểm thi THPT,2021,20.0,Văn hóa học
144945,TBD,van-hoa-hoc,D01,Điểm thi THPT,2021,20.0,Văn hóa học
144946,TBD,van-hoa-hoc,D14,Điểm thi THPT,2021,20.0,Văn hóa học
144947,TBD,van-hoa-hoc,D15,Điểm thi THPT,2021,20.0,Văn hóa học
144948,TBD,van-hoc,C00,Điểm thi THPT,2021,16.0,Văn học
144949,TBD,van-hoc,D01,Điểm thi THPT,2021,16.0,Văn học
144950,TBD,van-hoc,D14,Điểm thi THPT,2021,16.0,Văn học
144951,TBD,van-hoc,D15,Điểm thi THPT,2021,16.0,Văn học
144952,TBD,viet-nam-hoc,C00,Điểm thi THPT,2021,20.0,Việt Nam học
144953,TBD,viet-nam-hoc,D01,Điểm thi THPT,2021,20.0,Việt Nam học
144954,TBD,viet-nam-hoc,D14,Điểm thi THPT,2021,20.0,Việt Nam học
144955,TBD,viet-nam-hoc,D15,Điểm thi THPT,2021,20.0,Việt Nam học
144956,TBD,xa-hoi-hoc,A00,Điểm thi THPT,2021,16.0,Xã hội học
144957,TBD,xa-hoi-hoc,C00,Điểm thi THPT,2021,16.0,Xã hội học
144958,TBD,xa-hoi-hoc,C04,Điểm thi THPT,2021,16.0,Xã hội học
144959,TBD,xa-hoi-hoc,D01,Điểm thi THPT,2021,16.0,Xã hội học
144960,TCT,an-toan-thong-tin,A00,Điểm học bạ,2022,28.0,An toàn thông tin
144961,TCT,an-toan-thong-tin,A01,Điểm học bạ,2022,28.0,An toàn thông tin
144962,TCT,an-toan-thong-tin,A00,Điểm thi THPT,2022,24.75,An toàn thông tin
144963,TCT,an-toan-thong-tin,A01,Điểm thi THPT,2022,24.75,An toàn thông tin
144964,TCT,an-toan-thong-tin,A00,Điểm học bạ,2023,28.25,An toàn thông tin
144965,TCT,an-toan-thong-tin,A01,Điểm học bạ,2023,28.25,An toàn thông tin
144966,TCT,an-toan-thong-tin,A00,Điểm thi THPT,2023,23.6,An toàn thông tin
144967,TCT,an-toan-thong-tin,A01,Điểm thi THPT,2023,23.6,An toàn thông tin
144968,TCT,an-toan-thong-tin,A00,Điểm học bạ,2024,27.5,An toàn thông tin
144969,TCT,an-toan-thong-tin,A01,Điểm học bạ,2024,27.5,An toàn thông tin
144970,TCT,an-toan-thong-tin,A00,Điểm thi THPT,2024,23.75,An toàn thông tin
144971,TCT,an-toan-thong-tin,A01,Điểm thi THPT,2024,23.75,An toàn thông tin
144972,TCT,an-toan-thong-tin,A00,Điểm học bạ,2025,22.5,An toàn thông tin
144973,TCT,an-toan-thong-tin,A01,Điểm học bạ,2025,22.5,An toàn thông tin
144974,TCT,an-toan-thong-tin,X06,Điểm học bạ,2025,22.5,An toàn thông tin
144975,TCT,an-toan-thong-tin,X26,Điểm học bạ,2025,22.5,An toàn thông tin
144976,TCT,an-toan-thong-tin,A00,Điểm thi THPT,2025,22.5,An toàn thông tin
144977,TCT,an-toan-thong-tin,A01,Điểm thi THPT,2025,22.5,An toàn thông tin
144978,TCT,an-toan-thong-tin,X06,Điểm thi THPT,2025,22.5,An toàn thông tin
144979,TCT,an-toan-thong-tin,X26,Điểm thi THPT,2025,22.5,An toàn thông tin
144980,TCT,bao-chi,C00,Điểm học bạ,2024,27.7,Báo chí
144981,TCT,bao-chi,D01,Điểm học bạ,2024,27.7,Báo chí
144982,TCT,bao-chi,D14,Điểm học bạ,2024,27.7,Báo chí
144983,TCT,bao-chi,D15,Điểm học bạ,2024,27.7,Báo chí
144984,TCT,bao-chi,C00,Điểm thi THPT,2024,26.87,Báo chí
144985,TCT,bao-chi,D01,Điểm thi THPT,2024,26.87,Báo chí
144986,TCT,bao-chi,D14,Điểm thi THPT,2024,26.87,Báo chí
144987,TCT,bao-chi,D15,Điểm thi THPT,2024,26.87,Báo chí
144988,TCT,bao-chi,C00,Điểm học bạ,2025,26.75,Báo chí
144989,TCT,bao-chi,D01,Điểm học bạ,2025,26.75,Báo chí
144990,TCT,bao-chi,D14,Điểm học bạ,2025,26.75,Báo chí
144991,TCT,bao-chi,D15,Điểm học bạ,2025,26.75,Báo chí
144992,TCT,bao-chi,C00,Điểm thi THPT,2025,26.75,Báo chí
144993,TCT,bao-chi,D01,Điểm thi THPT,2025,26.75,Báo chí
144994,TCT,bao-chi,D14,Điểm thi THPT,2025,26.75,Báo chí
144995,TCT,bao-chi,D15,Điểm thi THPT,2025,26.75,Báo chí
144996,TCT,bao-ve-thuc-vat,B00,Điểm học bạ,2021,23.0,Bảo vệ thực vật
144997,TCT,bao-ve-thuc-vat,D07,Điểm học bạ,2021,23.0,Bảo vệ thực vật
144998,TCT,bao-ve-thuc-vat,D08,Điểm học bạ,2021,23.0,Bảo vệ thực vật
144999,TCT,bao-ve-thuc-vat,B00,Điểm thi THPT,2021,21.75,Bảo vệ thực vật
145000,TCT,bao-ve-thuc-vat,B08,Điểm thi THPT,2021,21.75,Bảo vệ thực vật
145001,TCT,bao-ve-thuc-vat,D07,Điểm thi THPT,2021,21.75,Bảo vệ thực vật
145002,TCT,bao-ve-thuc-vat,B00,Điểm học bạ,2022,25.5,Bảo vệ thực vật
145003,TCT,bao-ve-thuc-vat,B08,Điểm học bạ,2022,25.5,Bảo vệ thực vật
145004,TCT,bao-ve-thuc-vat,D07,Điểm học bạ,2022,25.5,Bảo vệ thực vật
145005,TCT,bao-ve-thuc-vat,B00,Điểm thi THPT,2022,16.0,Bảo vệ thực vật
145006,TCT,bao-ve-thuc-vat,B08,Điểm thi THPT,2022,16.0,Bảo vệ thực vật
145007,TCT,bao-ve-thuc-vat,D07,Điểm thi THPT,2022,16.0,Bảo vệ thực vật
145008,TCT,bao-ve-thuc-vat,B00,Điểm học bạ,2023,21.25,Bảo vệ thực vật
145009,TCT,bao-ve-thuc-vat,B08,Điểm học bạ,2023,21.25,Bảo vệ thực vật
145010,TCT,bao-ve-thuc-vat,D07,Điểm học bạ,2023,21.25,Bảo vệ thực vật
145011,TCT,bao-ve-thuc-vat,B00,Điểm thi THPT,2023,18.55,Bảo vệ thực vật
145012,TCT,bao-ve-thuc-vat,B08,Điểm thi THPT,2023,18.55,Bảo vệ thực vật
145013,TCT,bao-ve-thuc-vat,D07,Điểm thi THPT,2023,18.55,Bảo vệ thực vật
145014,TCT,bao-ve-thuc-vat,B00,Điểm học bạ,2024,24.25,Bảo vệ thực vật
145015,TCT,bao-ve-thuc-vat,B08,Điểm học bạ,2024,24.25,Bảo vệ thực vật
145016,TCT,bao-ve-thuc-vat,D07,Điểm học bạ,2024,24.25,Bảo vệ thực vật
145017,TCT,bao-ve-thuc-vat,B00,Điểm thi THPT,2024,15.0,Bảo vệ thực vật
145018,TCT,bao-ve-thuc-vat,B08,Điểm thi THPT,2024,15.0,Bảo vệ thực vật
145019,TCT,bao-ve-thuc-vat,D07,Điểm thi THPT,2024,15.0,Bảo vệ thực vật
145020,TCT,bao-ve-thuc-vat,A00,Điểm học bạ,2025,15.0,Bảo vệ thực vật
145021,TCT,bao-ve-thuc-vat,B00,Điểm học bạ,2025,15.0,Bảo vệ thực vật
145022,TCT,bao-ve-thuc-vat,B08,Điểm học bạ,2025,15.0,Bảo vệ thực vật
145023,TCT,bao-ve-thuc-vat,D07,Điểm học bạ,2025,15.0,Bảo vệ thực vật
145024,TCT,bao-ve-thuc-vat,A00,Điểm thi THPT,2025,15.0,Bảo vệ thực vật
145025,TCT,bao-ve-thuc-vat,B00,Điểm thi THPT,2025,15.0,Bảo vệ thực vật
145026,TCT,bao-ve-thuc-vat,B08,Điểm thi THPT,2025,15.0,Bảo vệ thực vật
145027,TCT,bao-ve-thuc-vat,D07,Điểm thi THPT,2025,15.0,Bảo vệ thực vật
145028,TCT,benh-hoc-thuy-san,A00,Điểm học bạ,2021,19.5,Bệnh học thủy sản
145029,TCT,benh-hoc-thuy-san,B00,Điểm học bạ,2021,19.5,Bệnh học thủy sản
145030,TCT,benh-hoc-thuy-san,D07,Điểm học bạ,2021,19.5,Bệnh học thủy sản
145031,TCT,benh-hoc-thuy-san,D08,Điểm học bạ,2021,19.5,Bệnh học thủy sản
145032,TCT,benh-hoc-thuy-san,A00,Điểm thi THPT,2021,20.25,Bệnh học thủy sản
145033,TCT,benh-hoc-thuy-san,B00,Điểm thi THPT,2021,20.25,Bệnh học thủy sản
145034,TCT,benh-hoc-thuy-san,B08,Điểm thi THPT,2021,20.25,Bệnh học thủy sản
145035,TCT,benh-hoc-thuy-san,D07,Điểm thi THPT,2021,20.25,Bệnh học thủy sản
145036,TCT,benh-hoc-thuy-san,A00,Điểm học bạ,2022,22.75,Bệnh học thủy sản
145037,TCT,benh-hoc-thuy-san,B00,Điểm học bạ,2022,22.75,Bệnh học thủy sản
145038,TCT,benh-hoc-thuy-san,B08,Điểm học bạ,2022,22.75,Bệnh học thủy sản
145039,TCT,benh-hoc-thuy-san,D07,Điểm học bạ,2022,22.75,Bệnh học thủy sản
145040,TCT,benh-hoc-thuy-san,A00,Điểm thi THPT,2022,15.5,Bệnh học thủy sản
145041,TCT,benh-hoc-thuy-san,B00,Điểm thi THPT,2022,15.5,Bệnh học thủy sản
145042,TCT,benh-hoc-thuy-san,B08,Điểm thi THPT,2022,15.5,Bệnh học thủy sản
145043,TCT,benh-hoc-thuy-san,D07,Điểm thi THPT,2022,15.5,Bệnh học thủy sản
145044,TCT,benh-hoc-thuy-san,A00,Điểm học bạ,2023,18.0,Bệnh học thủy sản
145045,TCT,benh-hoc-thuy-san,B00,Điểm học bạ,2023,18.0,Bệnh học thủy sản
145046,TCT,benh-hoc-thuy-san,B08,Điểm học bạ,2023,18.0,Bệnh học thủy sản
145047,TCT,benh-hoc-thuy-san,D07,Điểm học bạ,2023,18.0,Bệnh học thủy sản
145048,TCT,benh-hoc-thuy-san,A00,Điểm thi THPT,2023,15.0,Bệnh học thủy sản
145049,TCT,benh-hoc-thuy-san,B00,Điểm thi THPT,2023,15.0,Bệnh học thủy sản
145050,TCT,benh-hoc-thuy-san,B08,Điểm thi THPT,2023,15.0,Bệnh học thủy sản
145051,TCT,benh-hoc-thuy-san,D07,Điểm thi THPT,2023,15.0,Bệnh học thủy sản
145052,TCT,benh-hoc-thuy-san,A00,Điểm học bạ,2024,19.75,Bệnh học thủy sản
145053,TCT,benh-hoc-thuy-san,B00,Điểm học bạ,2024,19.75,Bệnh học thủy sản
145054,TCT,benh-hoc-thuy-san,B08,Điểm học bạ,2024,19.75,Bệnh học thủy sản
145055,TCT,benh-hoc-thuy-san,D07,Điểm học bạ,2024,19.75,Bệnh học thủy sản
145056,TCT,benh-hoc-thuy-san,A00,Điểm thi THPT,2024,15.0,Bệnh học thủy sản
145057,TCT,benh-hoc-thuy-san,B00,Điểm thi THPT,2024,15.0,Bệnh học thủy sản
145058,TCT,benh-hoc-thuy-san,B08,Điểm thi THPT,2024,15.0,Bệnh học thủy sản
145059,TCT,benh-hoc-thuy-san,D07,Điểm thi THPT,2024,15.0,Bệnh học thủy sản
145060,TCT,benh-hoc-thuy-san,A00,Điểm học bạ,2025,15.0,Bệnh học thủy sản
145061,TCT,benh-hoc-thuy-san,B00,Điểm học bạ,2025,15.0,Bệnh học thủy sản
145062,TCT,benh-hoc-thuy-san,B08,Điểm học bạ,2025,15.0,Bệnh học thủy sản
145063,TCT,benh-hoc-thuy-san,D07,Điểm học bạ,2025,15.0,Bệnh học thủy sản
145064,TCT,benh-hoc-thuy-san,A00,Điểm thi THPT,2025,15.0,Bệnh học thủy sản
145065,TCT,benh-hoc-thuy-san,B00,Điểm thi THPT,2025,15.0,Bệnh học thủy sản
145066,TCT,benh-hoc-thuy-san,B08,Điểm thi THPT,2025,15.0,Bệnh học thủy sản
145067,TCT,benh-hoc-thuy-san,D07,Điểm thi THPT,2025,15.0,Bệnh học thủy sản
145068,TCT,chan-nuoi,A00,Điểm học bạ,2021,20.0,Chăn nuôi
145069,TCT,chan-nuoi,A02,Điểm học bạ,2021,20.0,Chăn nuôi
145070,TCT,chan-nuoi,B00,Điểm học bạ,2021,20.0,Chăn nuôi
145071,TCT,chan-nuoi,D08,Điểm học bạ,2021,20.0,Chăn nuôi
145072,TCT,chan-nuoi,A00,Điểm thi THPT,2021,21.0,Chăn nuôi
145073,TCT,chan-nuoi,A02,Điểm thi THPT,2021,21.0,Chăn nuôi
145074,TCT,chan-nuoi,B00,Điểm thi THPT,2021,21.0,Chăn nuôi
145075,TCT,chan-nuoi,B08,Điểm thi THPT,2021,21.0,Chăn nuôi
145076,TCT,chan-nuoi,A00,Điểm học bạ,2022,23.75,Chăn nuôi
145077,TCT,chan-nuoi,A02,Điểm học bạ,2022,23.75,Chăn nuôi
145078,TCT,chan-nuoi,B00,Điểm học bạ,2022,23.75,Chăn nuôi
145079,TCT,chan-nuoi,B08,Điểm học bạ,2022,23.75,Chăn nuôi
145080,TCT,chan-nuoi,A00,Điểm thi THPT,2022,15.75,Chăn nuôi
145081,TCT,chan-nuoi,A02,Điểm thi THPT,2022,15.75,Chăn nuôi
145082,TCT,chan-nuoi,B00,Điểm thi THPT,2022,15.75,Chăn nuôi
145083,TCT,chan-nuoi,B08,Điểm thi THPT,2022,15.75,Chăn nuôi
145084,TCT,chan-nuoi,A00,Điểm học bạ,2023,18.0,Chăn nuôi
145085,TCT,chan-nuoi,A02,Điểm học bạ,2023,18.0,Chăn nuôi
145086,TCT,chan-nuoi,B00,Điểm học bạ,2023,18.0,Chăn nuôi
145087,TCT,chan-nuoi,B08,Điểm học bạ,2023,18.0,Chăn nuôi
145088,TCT,chan-nuoi,A00,Điểm thi THPT,2023,15.0,Chăn nuôi
145089,TCT,chan-nuoi,A02,Điểm thi THPT,2023,15.0,Chăn nuôi
145090,TCT,chan-nuoi,B00,Điểm thi THPT,2023,15.0,Chăn nuôi
145091,TCT,chan-nuoi,B08,Điểm thi THPT,2023,15.0,Chăn nuôi
145092,TCT,chan-nuoi,A00,Điểm học bạ,2024,20.0,Chăn nuôi
145093,TCT,chan-nuoi,A02,Điểm học bạ,2024,20.0,Chăn nuôi
145094,TCT,chan-nuoi,B00,Điểm học bạ,2024,20.0,Chăn nuôi
145095,TCT,chan-nuoi,B08,Điểm học bạ,2024,20.0,Chăn nuôi
145096,TCT,chan-nuoi,A00,Điểm thi THPT,2024,15.0,Chăn nuôi
145097,TCT,chan-nuoi,A02,Điểm thi THPT,2024,15.0,Chăn nuôi
145098,TCT,chan-nuoi,B00,Điểm thi THPT,2024,15.0,Chăn nuôi
145099,TCT,chan-nuoi,B08,Điểm thi THPT,2024,15.0,Chăn nuôi
145100,TCT,chan-nuoi,A00,Điểm học bạ,2025,15.0,Chăn nuôi
145101,TCT,chan-nuoi,A02,Điểm học bạ,2025,15.0,Chăn nuôi
145102,TCT,chan-nuoi,B00,Điểm học bạ,2025,15.0,Chăn nuôi
145103,TCT,chan-nuoi,B08,Điểm học bạ,2025,15.0,Chăn nuôi
145104,TCT,chan-nuoi,A00,Điểm thi THPT,2025,15.0,Chăn nuôi
145105,TCT,chan-nuoi,A02,Điểm thi THPT,2025,15.0,Chăn nuôi
145106,TCT,chan-nuoi,B00,Điểm thi THPT,2025,15.0,Chăn nuôi
145107,TCT,chan-nuoi,B08,Điểm thi THPT,2025,15.0,Chăn nuôi
145108,TCT,chinh-tri-hoc,C00,Điểm học bạ,2021,26.0,Chính trị học
145109,TCT,chinh-tri-hoc,C19,Điểm học bạ,2021,26.0,Chính trị học
145110,TCT,chinh-tri-hoc,D14,Điểm học bạ,2021,26.0,Chính trị học
145111,TCT,chinh-tri-hoc,D15,Điểm học bạ,2021,26.0,Chính trị học
145112,TCT,chinh-tri-hoc,C00,Điểm thi THPT,2021,25.5,Chính trị học
145113,TCT,chinh-tri-hoc,C19,Điểm thi THPT,2021,25.5,Chính trị học
145114,TCT,chinh-tri-hoc,D14,Điểm thi THPT,2021,25.5,Chính trị học
145115,TCT,chinh-tri-hoc,D15,Điểm thi THPT,2021,25.5,Chính trị học
145116,TCT,chinh-tri-hoc,C00,Điểm học bạ,2022,25.0,Chính trị học
145117,TCT,chinh-tri-hoc,C19,Điểm học bạ,2022,25.0,Chính trị học
145118,TCT,chinh-tri-hoc,D14,Điểm học bạ,2022,25.0,Chính trị học
145119,TCT,chinh-tri-hoc,D15,Điểm học bạ,2022,25.0,Chính trị học
145120,TCT,chinh-tri-hoc,C00,Điểm thi THPT,2022,25.75,Chính trị học
145121,TCT,chinh-tri-hoc,C19,Điểm thi THPT,2022,25.75,Chính trị học
145122,TCT,chinh-tri-hoc,D14,Điểm thi THPT,2022,25.75,Chính trị học
145123,TCT,chinh-tri-hoc,D15,Điểm thi THPT,2022,25.75,Chính trị học
145124,TCT,chinh-tri-hoc,C00,Điểm học bạ,2023,26.7,Chính trị học
145125,TCT,chinh-tri-hoc,C19,Điểm học bạ,2023,26.7,Chính trị học
145126,TCT,chinh-tri-hoc,D14,Điểm học bạ,2023,26.7,Chính trị học
145127,TCT,chinh-tri-hoc,D15,Điểm học bạ,2023,26.7,Chính trị học
145128,TCT,chinh-tri-hoc,C00,Điểm thi THPT,2023,25.85,Chính trị học
145129,TCT,chinh-tri-hoc,C19,Điểm thi THPT,2023,25.85,Chính trị học
145130,TCT,chinh-tri-hoc,D14,Điểm thi THPT,2023,25.85,Chính trị học
145131,TCT,chinh-tri-hoc,D15,Điểm thi THPT,2023,25.85,Chính trị học
145132,TCT,chinh-tri-hoc,C00,Điểm học bạ,2024,25.75,Chính trị học
145133,TCT,chinh-tri-hoc,C19,Điểm học bạ,2024,25.75,Chính trị học
145134,TCT,chinh-tri-hoc,D14,Điểm học bạ,2024,25.75,Chính trị học
145135,TCT,chinh-tri-hoc,D15,Điểm học bạ,2024,25.75,Chính trị học
145136,TCT,chinh-tri-hoc,C00,Điểm thi THPT,2024,25.9,Chính trị học
145137,TCT,chinh-tri-hoc,C19,Điểm thi THPT,2024,25.9,Chính trị học
145138,TCT,chinh-tri-hoc,D14,Điểm thi THPT,2024,25.9,Chính trị học
145139,TCT,chinh-tri-hoc,D15,Điểm thi THPT,2024,25.9,Chính trị học
145140,TCT,chinh-tri-hoc,C00,Điểm học bạ,2025,26.29,Chính trị học
145141,TCT,chinh-tri-hoc,C19,Điểm học bạ,2025,26.29,Chính trị học
145142,TCT,chinh-tri-hoc,D14,Điểm học bạ,2025,26.29,Chính trị học
145143,TCT,chinh-tri-hoc,D15,Điểm học bạ,2025,26.29,Chính trị học
145144,TCT,chinh-tri-hoc,C00,Điểm thi THPT,2025,26.29,Chính trị học
145145,TCT,chinh-tri-hoc,C19,Điểm thi THPT,2025,26.29,Chính trị học
145146,TCT,chinh-tri-hoc,D14,Điểm thi THPT,2025,26.29,Chính trị học
145147,TCT,chinh-tri-hoc,D15,Điểm thi THPT,2025,26.29,Chính trị học
145148,TCT,cong-nghe-che-bien-thuy-san,A00,Điểm học bạ,2021,24.25,Công nghệ chế biến thủy sản
145149,TCT,cong-nghe-che-bien-thuy-san,A01,Điểm học bạ,2021,24.25,Công nghệ chế biến thủy sản
145150,TCT,cong-nghe-che-bien-thuy-san,B00,Điểm học bạ,2021,24.25,Công nghệ chế biến thủy sản
145151,TCT,cong-nghe-che-bien-thuy-san,D07,Điểm học bạ,2021,24.25,Công nghệ chế biến thủy sản
145152,TCT,cong-nghe-che-bien-thuy-san,A00,Điểm thi THPT,2021,23.5,Công nghệ chế biến thủy sản
145153,TCT,cong-nghe-che-bien-thuy-san,A01,Điểm thi THPT,2021,23.5,Công nghệ chế biến thủy sản
145154,TCT,cong-nghe-che-bien-thuy-san,B00,Điểm thi THPT,2021,23.5,Công nghệ chế biến thủy sản
145155,TCT,cong-nghe-che-bien-thuy-san,D07,Điểm thi THPT,2021,23.5,Công nghệ chế biến thủy sản
145156,TCT,cong-nghe-che-bien-thuy-san,A00,Điểm học bạ,2022,26.25,Công nghệ chế biến thủy sản
145157,TCT,cong-nghe-che-bien-thuy-san,A01,Điểm học bạ,2022,26.25,Công nghệ chế biến thủy sản
145158,TCT,cong-nghe-che-bien-thuy-san,B00,Điểm học bạ,2022,26.25,Công nghệ chế biến thủy sản
145159,TCT,cong-nghe-che-bien-thuy-san,D07,Điểm học bạ,2022,26.25,Công nghệ chế biến thủy sản
145160,TCT,cong-nghe-che-bien-thuy-san,A00,Điểm thi THPT,2022,17.75,Công nghệ chế biến thủy sản
145161,TCT,cong-nghe-che-bien-thuy-san,A01,Điểm thi THPT,2022,17.75,Công nghệ chế biến thủy sản
145162,TCT,cong-nghe-che-bien-thuy-san,B00,Điểm thi THPT,2022,17.75,Công nghệ chế biến thủy sản
145163,TCT,cong-nghe-che-bien-thuy-san,D07,Điểm thi THPT,2022,17.75,Công nghệ chế biến thủy sản
145164,TCT,cong-nghe-che-bien-thuy-san,A00,Điểm học bạ,2023,22.25,Công nghệ chế biến thủy sản
145165,TCT,cong-nghe-che-bien-thuy-san,A01,Điểm học bạ,2023,22.25,Công nghệ chế biến thủy sản
145166,TCT,cong-nghe-che-bien-thuy-san,B00,Điểm học bạ,2023,22.25,Công nghệ chế biến thủy sản
145167,TCT,cong-nghe-che-bien-thuy-san,D07,Điểm học bạ,2023,22.25,Công nghệ chế biến thủy sản
145168,TCT,cong-nghe-che-bien-thuy-san,A00,Điểm thi THPT,2023,21.25,Công nghệ chế biến thủy sản
145169,TCT,cong-nghe-che-bien-thuy-san,A01,Điểm thi THPT,2023,21.25,Công nghệ chế biến thủy sản
145170,TCT,cong-nghe-che-bien-thuy-san,B00,Điểm thi THPT,2023,21.25,Công nghệ chế biến thủy sản
145171,TCT,cong-nghe-che-bien-thuy-san,D07,Điểm thi THPT,2023,21.25,Công nghệ chế biến thủy sản
145172,TCT,cong-nghe-che-bien-thuy-san,A00,Điểm học bạ,2024,24.5,Công nghệ chế biến thủy sản
145173,TCT,cong-nghe-che-bien-thuy-san,A01,Điểm học bạ,2024,24.5,Công nghệ chế biến thủy sản
145174,TCT,cong-nghe-che-bien-thuy-san,B00,Điểm học bạ,2024,24.5,Công nghệ chế biến thủy sản
145175,TCT,cong-nghe-che-bien-thuy-san,D07,Điểm học bạ,2024,24.5,Công nghệ chế biến thủy sản
145176,TCT,cong-nghe-che-bien-thuy-san,A00,Điểm thi THPT,2024,16.0,Công nghệ chế biến thủy sản
145177,TCT,cong-nghe-che-bien-thuy-san,A01,Điểm thi THPT,2024,16.0,Công nghệ chế biến thủy sản
145178,TCT,cong-nghe-che-bien-thuy-san,B00,Điểm thi THPT,2024,16.0,Công nghệ chế biến thủy sản
145179,TCT,cong-nghe-che-bien-thuy-san,D07,Điểm thi THPT,2024,16.0,Công nghệ chế biến thủy sản
145180,TCT,cong-nghe-che-bien-thuy-san,A00,Điểm học bạ,2025,15.4,Công nghệ chế biến thủy sản
145181,TCT,cong-nghe-che-bien-thuy-san,A01,Điểm học bạ,2025,15.4,Công nghệ chế biến thủy sản
145182,TCT,cong-nghe-che-bien-thuy-san,B00,Điểm học bạ,2025,15.4,Công nghệ chế biến thủy sản
145183,TCT,cong-nghe-che-bien-thuy-san,D07,Điểm học bạ,2025,15.4,Công nghệ chế biến thủy sản
145184,TCT,cong-nghe-che-bien-thuy-san,A00,Điểm thi THPT,2025,15.4,Công nghệ chế biến thủy sản
145185,TCT,cong-nghe-che-bien-thuy-san,A01,Điểm thi THPT,2025,15.4,Công nghệ chế biến thủy sản
145186,TCT,cong-nghe-che-bien-thuy-san,B00,Điểm thi THPT,2025,15.4,Công nghệ chế biến thủy sản
145187,TCT,cong-nghe-che-bien-thuy-san,D07,Điểm thi THPT,2025,15.4,Công nghệ chế biến thủy sản
145188,TCT,cong-nghe-ky-thuat-hoa-hoc,A00,Điểm học bạ,2021,26.0,Công nghệ kỹ thuật hóa học
145189,TCT,cong-nghe-ky-thuat-hoa-hoc,A01,Điểm học bạ,2021,26.0,Công nghệ kỹ thuật hóa học
145190,TCT,cong-nghe-ky-thuat-hoa-hoc,B00,Điểm học bạ,2021,26.0,Công nghệ kỹ thuật hóa học
145191,TCT,cong-nghe-ky-thuat-hoa-hoc,D07,Điểm học bạ,2021,26.0,Công nghệ kỹ thuật hóa học
145192,TCT,cong-nghe-ky-thuat-hoa-hoc,D08,Điểm học bạ,2021,19.5,Công nghệ kỹ thuật hóa học (CTCLC)
145193,TCT,cong-nghe-ky-thuat-hoa-hoc,A00,Điểm thi THPT,2021,24.0,Công nghệ kỹ thuật hóa học
145194,TCT,cong-nghe-ky-thuat-hoa-hoc,A01,Điểm thi THPT,2021,24.0,Công nghệ kỹ thuật hóa học
145195,TCT,cong-nghe-ky-thuat-hoa-hoc,B00,Điểm thi THPT,2021,24.0,Công nghệ kỹ thuật hóa học
145196,TCT,cong-nghe-ky-thuat-hoa-hoc,B08,Điểm thi THPT,2021,16.75,Công nghệ kỹ thuật hóa học (CTCLC)
145197,TCT,cong-nghe-ky-thuat-hoa-hoc,D07,Điểm thi THPT,2021,24.0,Công nghệ kỹ thuật hóa học
145198,TCT,cong-nghe-ky-thuat-hoa-hoc,A00,Điểm học bạ,2022,28.0,Công nghệ kỹ thuật hóa học
145199,TCT,cong-nghe-ky-thuat-hoa-hoc,A01,Điểm học bạ,2022,28.0,Công nghệ kỹ thuật hóa học
145200,TCT,cong-nghe-ky-thuat-hoa-hoc,B00,Điểm học bạ,2022,28.0,Công nghệ kỹ thuật hóa học
145201,TCT,cong-nghe-ky-thuat-hoa-hoc,B08,Điểm học bạ,2022,23.0,Công nghệ kỹ thuật hóa học (CTCLC)
145202,TCT,cong-nghe-ky-thuat-hoa-hoc,D07,Điểm học bạ,2022,28.0,Công nghệ kỹ thuật hóa học
145203,TCT,cong-nghe-ky-thuat-hoa-hoc,A00,Điểm thi THPT,2022,23.5,Công nghệ kỹ thuật hóa học
145204,TCT,cong-nghe-ky-thuat-hoa-hoc,A01,Điểm thi THPT,2022,23.5,Công nghệ kỹ thuật hóa học
145205,TCT,cong-nghe-ky-thuat-hoa-hoc,B00,Điểm thi THPT,2022,23.5,Công nghệ kỹ thuật hóa học
145206,TCT,cong-nghe-ky-thuat-hoa-hoc,B08,Điểm thi THPT,2022,19.25,Công nghệ kỹ thuật hóa học (CTCLC)
145207,TCT,cong-nghe-ky-thuat-hoa-hoc,D07,Điểm thi THPT,2022,23.5,Công nghệ kỹ thuật hóa học
145208,TCT,cong-nghe-ky-thuat-hoa-hoc,A00,Điểm học bạ,2023,27.75,Công nghệ kỹ thuật hóa học
145209,TCT,cong-nghe-ky-thuat-hoa-hoc,A01,Điểm học bạ,2023,27.75,Công nghệ kỹ thuật hóa học
145210,TCT,cong-nghe-ky-thuat-hoa-hoc,B00,Điểm học bạ,2023,27.75,Công nghệ kỹ thuật hóa học
145211,TCT,cong-nghe-ky-thuat-hoa-hoc,B08,Điểm học bạ,2023,25.25,Công nghệ kỹ thuật hóa học (CTCLC)
145212,TCT,cong-nghe-ky-thuat-hoa-hoc,D07,Điểm học bạ,2023,27.75,Công nghệ kỹ thuật hóa học
145213,TCT,cong-nghe-ky-thuat-hoa-hoc,A00,Điểm thi THPT,2023,23.95,Công nghệ kỹ thuật hóa học
145214,TCT,cong-nghe-ky-thuat-hoa-hoc,A01,Điểm thi THPT,2023,23.95,Công nghệ kỹ thuật hóa học
145215,TCT,cong-nghe-ky-thuat-hoa-hoc,B00,Điểm thi THPT,2023,23.95,Công nghệ kỹ thuật hóa học
145216,TCT,cong-nghe-ky-thuat-hoa-hoc,B08,Điểm thi THPT,2023,21.5,Công nghệ kỹ thuật hóa học (CTCLC)
145217,TCT,cong-nghe-ky-thuat-hoa-hoc,D07,Điểm thi THPT,2023,23.95,Công nghệ kỹ thuật hóa học
145218,TCT,cong-nghe-ky-thuat-hoa-hoc,A00,Điểm học bạ,2024,27.7,Công nghệ kỹ thuật hóa học
145219,TCT,cong-nghe-ky-thuat-hoa-hoc,A01,Điểm học bạ,2024,27.7,Công nghệ kỹ thuật hóa học
145220,TCT,cong-nghe-ky-thuat-hoa-hoc,B00,Điểm học bạ,2024,27.7,Công nghệ kỹ thuật hóa học
145221,TCT,cong-nghe-ky-thuat-hoa-hoc,B08,Điểm học bạ,2024,25.25,Công nghệ kỹ thuật hóa học (CTCLC)
145222,TCT,cong-nghe-ky-thuat-hoa-hoc,D07,Điểm học bạ,2024,27.7,Công nghệ kỹ thuật hóa học
145223,TCT,cong-nghe-ky-thuat-hoa-hoc,A00,Điểm thi THPT,2024,23.55,Công nghệ kỹ thuật hóa học
145224,TCT,cong-nghe-ky-thuat-hoa-hoc,A01,Điểm thi THPT,2024,23.55,Công nghệ kỹ thuật hóa học
145225,TCT,cong-nghe-ky-thuat-hoa-hoc,B00,Điểm thi THPT,2024,23.55,Công nghệ kỹ thuật hóa học
145226,TCT,cong-nghe-ky-thuat-hoa-hoc,B08,Điểm thi THPT,2024,21.05,Công nghệ kỹ thuật hóa học (CTCLC)
145227,TCT,cong-nghe-ky-thuat-hoa-hoc,D07,Điểm thi THPT,2024,23.55,Công nghệ kỹ thuật hóa học
145228,TCT,cong-nghe-ky-thuat-hoa-hoc,A00,Điểm học bạ,2025,22.59,Công nghệ kỹ thuật hóa học
145229,TCT,cong-nghe-ky-thuat-hoa-hoc,A01,Điểm học bạ,2025,22.59,Công nghệ kỹ thuật hóa học
145230,TCT,cong-nghe-ky-thuat-hoa-hoc,B00,Điểm học bạ,2025,22.59,Công nghệ kỹ thuật hóa học
145231,TCT,cong-nghe-ky-thuat-hoa-hoc,B08,Điểm học bạ,2025,15.0,Công nghệ kỹ thuật hóa học (CTCLC)
145232,TCT,cong-nghe-ky-thuat-hoa-hoc,D07,Điểm học bạ,2025,22.59,Công nghệ kỹ thuật hóa học
145233,TCT,cong-nghe-ky-thuat-hoa-hoc,X27,Điểm học bạ,2025,15.0,Công nghệ kỹ thuật hóa học (CTCLC)
145234,TCT,cong-nghe-ky-thuat-hoa-hoc,A00,Điểm thi THPT,2025,22.59,Công nghệ kỹ thuật hóa học
145235,TCT,cong-nghe-ky-thuat-hoa-hoc,A01,Điểm thi THPT,2025,22.59,Công nghệ kỹ thuật hóa học
145236,TCT,cong-nghe-ky-thuat-hoa-hoc,B00,Điểm thi THPT,2025,22.59,Công nghệ kỹ thuật hóa học
145237,TCT,cong-nghe-ky-thuat-hoa-hoc,B08,Điểm thi THPT,2025,15.0,Công nghệ kỹ thuật hóa học (CTCLC)
145238,TCT,cong-nghe-ky-thuat-hoa-hoc,D07,Điểm thi THPT,2025,22.59,Công nghệ kỹ thuật hóa học
145239,TCT,cong-nghe-ky-thuat-hoa-hoc,X27,Điểm thi THPT,2025,15.0,Công nghệ kỹ thuật hóa học (CTCLC)
145240,TCT,cong-nghe-rau-hoa-qua-va-canh-quan,A00,Điểm học bạ,2021,19.5,Công nghệ rau hoa quả và cảnh quan
145241,TCT,cong-nghe-rau-hoa-qua-va-canh-quan,B00,Điểm học bạ,2021,19.5,Công nghệ rau hoa quả và cảnh quan
145242,TCT,cong-nghe-rau-hoa-qua-va-canh-quan,D07,Điểm học bạ,2021,19.5,Công nghệ rau hoa quả và cảnh quan
145243,TCT,cong-nghe-rau-hoa-qua-va-canh-quan,D08,Điểm học bạ,2021,19.5,Công nghệ rau hoa quả và cảnh quan
145244,TCT,cong-nghe-rau-hoa-qua-va-canh-quan,A00,Điểm thi THPT,2021,15.0,Công nghệ rau hoa quả và cảnh quan
145245,TCT,cong-nghe-rau-hoa-qua-va-canh-quan,B00,Điểm thi THPT,2021,15.0,Công nghệ rau hoa quả và cảnh quan
145246,TCT,cong-nghe-rau-hoa-qua-va-canh-quan,B08,Điểm thi THPT,2021,15.0,Công nghệ rau hoa quả và cảnh quan
145247,TCT,cong-nghe-rau-hoa-qua-va-canh-quan,D07,Điểm thi THPT,2021,15.0,Công nghệ rau hoa quả và cảnh quan
145248,TCT,cong-nghe-rau-hoa-qua-va-canh-quan,A00,Điểm học bạ,2022,19.5,Công nghệ rau hoa quả và cảnh quan
145249,TCT,cong-nghe-rau-hoa-qua-va-canh-quan,B00,Điểm học bạ,2022,19.5,Công nghệ rau hoa quả và cảnh quan
145250,TCT,cong-nghe-rau-hoa-qua-va-canh-quan,B08,Điểm học bạ,2022,19.5,Công nghệ rau hoa quả và cảnh quan
145251,TCT,cong-nghe-rau-hoa-qua-va-canh-quan,D07,Điểm học bạ,2022,19.5,Công nghệ rau hoa quả và cảnh quan
145252,TCT,cong-nghe-rau-hoa-qua-va-canh-quan,A00,Điểm thi THPT,2022,15.25,Công nghệ rau hoa quả và cảnh quan
145253,TCT,cong-nghe-rau-hoa-qua-va-canh-quan,B00,Điểm thi THPT,2022,15.25,Công nghệ rau hoa quả và cảnh quan
145254,TCT,cong-nghe-rau-hoa-qua-va-canh-quan,B08,Điểm thi THPT,2022,15.25,Công nghệ rau hoa quả và cảnh quan
145255,TCT,cong-nghe-rau-hoa-qua-va-canh-quan,D07,Điểm thi THPT,2022,15.25,Công nghệ rau hoa quả và cảnh quan
145256,TCT,cong-nghe-rau-hoa-qua-va-canh-quan,A00,Điểm học bạ,2023,21.0,Công nghệ rau hoa quả và cảnh quan
145257,TCT,cong-nghe-rau-hoa-qua-va-canh-quan,B00,Điểm học bạ,2023,21.0,Công nghệ rau hoa quả và cảnh quan
145258,TCT,cong-nghe-rau-hoa-qua-va-canh-quan,B08,Điểm học bạ,2023,21.0,Công nghệ rau hoa quả và cảnh quan
145259,TCT,cong-nghe-rau-hoa-qua-va-canh-quan,D07,Điểm học bạ,2023,21.0,Công nghệ rau hoa quả và cảnh quan
145260,TCT,cong-nghe-rau-hoa-qua-va-canh-quan,A00,Điểm thi THPT,2023,15.0,Công nghệ rau hoa quả và cảnh quan
145261,TCT,cong-nghe-rau-hoa-qua-va-canh-quan,B00,Điểm thi THPT,2023,15.0,Công nghệ rau hoa quả và cảnh quan
145262,TCT,cong-nghe-rau-hoa-qua-va-canh-quan,B08,Điểm thi THPT,2023,15.0,Công nghệ rau hoa quả và cảnh quan
145263,TCT,cong-nghe-rau-hoa-qua-va-canh-quan,D07,Điểm thi THPT,2023,15.0,Công nghệ rau hoa quả và cảnh quan
145264,TCT,cong-nghe-rau-hoa-qua-va-canh-quan,A00,Điểm học bạ,2024,18.0,Công nghệ rau hoa quả và cảnh quan
145265,TCT,cong-nghe-rau-hoa-qua-va-canh-quan,B00,Điểm học bạ,2024,18.0,Công nghệ rau hoa quả và cảnh quan
145266,TCT,cong-nghe-rau-hoa-qua-va-canh-quan,B08,Điểm học bạ,2024,18.0,Công nghệ rau hoa quả và cảnh quan
145267,TCT,cong-nghe-rau-hoa-qua-va-canh-quan,D07,Điểm học bạ,2024,18.0,Công nghệ rau hoa quả và cảnh quan
145268,TCT,cong-nghe-rau-hoa-qua-va-canh-quan,A00,Điểm thi THPT,2024,15.0,Công nghệ rau hoa quả và cảnh quan
145269,TCT,cong-nghe-rau-hoa-qua-va-canh-quan,B00,Điểm thi THPT,2024,15.0,Công nghệ rau hoa quả và cảnh quan
145270,TCT,cong-nghe-rau-hoa-qua-va-canh-quan,B08,Điểm thi THPT,2024,15.0,Công nghệ rau hoa quả và cảnh quan
145271,TCT,cong-nghe-rau-hoa-qua-va-canh-quan,D07,Điểm thi THPT,2024,15.0,Công nghệ rau hoa quả và cảnh quan
145272,TCT,cong-nghe-rau-hoa-qua-va-canh-quan,A00,Điểm học bạ,2025,15.0,Công nghệ rau hoa quả và cảnh quan
145273,TCT,cong-nghe-rau-hoa-qua-va-canh-quan,B00,Điểm học bạ,2025,15.0,Công nghệ rau hoa quả và cảnh quan
145274,TCT,cong-nghe-rau-hoa-qua-va-canh-quan,B08,Điểm học bạ,2025,15.0,Công nghệ rau hoa quả và cảnh quan
145275,TCT,cong-nghe-rau-hoa-qua-va-canh-quan,D07,Điểm học bạ,2025,15.0,Công nghệ rau hoa quả và cảnh quan
145276,TCT,cong-nghe-rau-hoa-qua-va-canh-quan,A00,Điểm thi THPT,2025,15.0,Công nghệ rau hoa quả và cảnh quan
145277,TCT,cong-nghe-rau-hoa-qua-va-canh-quan,B00,Điểm thi THPT,2025,15.0,Công nghệ rau hoa quả và cảnh quan
145278,TCT,cong-nghe-rau-hoa-qua-va-canh-quan,B08,Điểm thi THPT,2025,15.0,Công nghệ rau hoa quả và cảnh quan
145279,TCT,cong-nghe-rau-hoa-qua-va-canh-quan,D07,Điểm thi THPT,2025,15.0,Công nghệ rau hoa quả và cảnh quan
145280,TCT,cong-nghe-sau-thu-hoach,A00,Điểm học bạ,2021,19.5,Công nghệ sau thu hoạch
145281,TCT,cong-nghe-sau-thu-hoach,A01,Điểm học bạ,2021,19.5,Công nghệ sau thu hoạch
145282,TCT,cong-nghe-sau-thu-hoach,B00,Điểm học bạ,2021,19.5,Công nghệ sau thu hoạch
145283,TCT,cong-nghe-sau-thu-hoach,D07,Điểm học bạ,2021,19.5,Công nghệ sau thu hoạch
145284,TCT,cong-nghe-sau-thu-hoach,A00,Điểm thi THPT,2021,22.0,Công nghệ sau thu hoạch
145285,TCT,cong-nghe-sau-thu-hoach,A01,Điểm thi THPT,2021,22.0,Công nghệ sau thu hoạch
145286,TCT,cong-nghe-sau-thu-hoach,B00,Điểm thi THPT,2021,22.0,Công nghệ sau thu hoạch
145287,TCT,cong-nghe-sau-thu-hoach,D07,Điểm thi THPT,2021,22.0,Công nghệ sau thu hoạch
145288,TCT,cong-nghe-sau-thu-hoach,A00,Điểm học bạ,2022,23.75,Công nghệ sau thu hoạch
145289,TCT,cong-nghe-sau-thu-hoach,A01,Điểm học bạ,2022,23.75,Công nghệ sau thu hoạch
145290,TCT,cong-nghe-sau-thu-hoach,B00,Điểm học bạ,2022,23.75,Công nghệ sau thu hoạch
145291,TCT,cong-nghe-sau-thu-hoach,D07,Điểm học bạ,2022,23.75,Công nghệ sau thu hoạch
145292,TCT,cong-nghe-sau-thu-hoach,A00,Điểm thi THPT,2022,19.0,Công nghệ sau thu hoạch
145293,TCT,cong-nghe-sau-thu-hoach,A01,Điểm thi THPT,2022,19.0,Công nghệ sau thu hoạch
145294,TCT,cong-nghe-sau-thu-hoach,B00,Điểm thi THPT,2022,19.0,Công nghệ sau thu hoạch
145295,TCT,cong-nghe-sau-thu-hoach,D07,Điểm thi THPT,2022,19.0,Công nghệ sau thu hoạch
145296,TCT,cong-nghe-sau-thu-hoach,A00,Điểm học bạ,2023,22.75,Công nghệ sau thu hoạch
145297,TCT,cong-nghe-sau-thu-hoach,A01,Điểm học bạ,2023,22.75,Công nghệ sau thu hoạch
145298,TCT,cong-nghe-sau-thu-hoach,B00,Điểm học bạ,2023,22.75,Công nghệ sau thu hoạch
145299,TCT,cong-nghe-sau-thu-hoach,D07,Điểm học bạ,2023,22.75,Công nghệ sau thu hoạch
145300,TCT,cong-nghe-sau-thu-hoach,A00,Điểm thi THPT,2023,22.0,Công nghệ sau thu hoạch
145301,TCT,cong-nghe-sau-thu-hoach,A01,Điểm thi THPT,2023,22.0,Công nghệ sau thu hoạch
145302,TCT,cong-nghe-sau-thu-hoach,B00,Điểm thi THPT,2023,22.0,Công nghệ sau thu hoạch
145303,TCT,cong-nghe-sau-thu-hoach,D07,Điểm thi THPT,2023,22.0,Công nghệ sau thu hoạch
145304,TCT,cong-nghe-sau-thu-hoach,A00,Điểm học bạ,2024,23.25,Công nghệ sau thu hoạch
145305,TCT,cong-nghe-sau-thu-hoach,A01,Điểm học bạ,2024,23.25,Công nghệ sau thu hoạch
145306,TCT,cong-nghe-sau-thu-hoach,B00,Điểm học bạ,2024,23.25,Công nghệ sau thu hoạch
145307,TCT,cong-nghe-sau-thu-hoach,D07,Điểm học bạ,2024,23.25,Công nghệ sau thu hoạch
145308,TCT,cong-nghe-sau-thu-hoach,A00,Điểm thi THPT,2024,15.0,Công nghệ sau thu hoạch
145309,TCT,cong-nghe-sau-thu-hoach,A01,Điểm thi THPT,2024,15.0,Công nghệ sau thu hoạch
145310,TCT,cong-nghe-sau-thu-hoach,B00,Điểm thi THPT,2024,15.0,Công nghệ sau thu hoạch
145311,TCT,cong-nghe-sau-thu-hoach,D07,Điểm thi THPT,2024,15.0,Công nghệ sau thu hoạch
145312,TCT,cong-nghe-sau-thu-hoach,A00,Điểm học bạ,2025,15.0,Công nghệ sau thu hoạch
145313,TCT,cong-nghe-sau-thu-hoach,A01,Điểm học bạ,2025,15.0,Công nghệ sau thu hoạch
145314,TCT,cong-nghe-sau-thu-hoach,B00,Điểm học bạ,2025,15.0,Công nghệ sau thu hoạch
145315,TCT,cong-nghe-sau-thu-hoach,D07,Điểm học bạ,2025,15.0,Công nghệ sau thu hoạch
145316,TCT,cong-nghe-sau-thu-hoach,A00,Điểm thi THPT,2025,15.0,Công nghệ sau thu hoạch
145317,TCT,cong-nghe-sau-thu-hoach,A01,Điểm thi THPT,2025,15.0,Công nghệ sau thu hoạch
145318,TCT,cong-nghe-sau-thu-hoach,B00,Điểm thi THPT,2025,15.0,Công nghệ sau thu hoạch
145319,TCT,cong-nghe-sau-thu-hoach,D07,Điểm thi THPT,2025,15.0,Công nghệ sau thu hoạch
145320,TCT,cong-nghe-sinh-hoc,A00,Điểm học bạ,2021,25.75,Công nghệ sinh học
145321,TCT,cong-nghe-sinh-hoc,A01,Điểm học bạ,2021,21.0,Công nghệ sinh học (CTTT)
145322,TCT,cong-nghe-sinh-hoc,B00,Điểm học bạ,2021,25.75,Công nghệ sinh học
145323,TCT,cong-nghe-sinh-hoc,D07,Điểm học bạ,2021,25.75,Công nghệ sinh học
145324,TCT,cong-nghe-sinh-hoc,D08,Điểm học bạ,2021,25.75,Công nghệ sinh học
145325,TCT,cong-nghe-sinh-hoc,A00,Điểm thi THPT,2021,24.5,Công nghệ sinh học
145326,TCT,cong-nghe-sinh-hoc,A01,Điểm thi THPT,2021,19.5,Công nghệ sinh học (CTTT)
145327,TCT,cong-nghe-sinh-hoc,B00,Điểm thi THPT,2021,24.5,Công nghệ sinh học
145328,TCT,cong-nghe-sinh-hoc,B08,Điểm thi THPT,2021,24.5,Công nghệ sinh học
145329,TCT,cong-nghe-sinh-hoc,D07,Điểm thi THPT,2021,24.5,Công nghệ sinh học
145330,TCT,cong-nghe-sinh-hoc,A00,Điểm học bạ,2022,28.0,Công nghệ sinh học
145331,TCT,cong-nghe-sinh-hoc,A01,Điểm học bạ,2022,25.25,Công nghệ sinh học (CTTT)
145332,TCT,cong-nghe-sinh-hoc,B00,Điểm học bạ,2022,28.0,Công nghệ sinh học
145333,TCT,cong-nghe-sinh-hoc,B08,Điểm học bạ,2022,28.0,Công nghệ sinh học
145334,TCT,cong-nghe-sinh-hoc,D07,Điểm học bạ,2022,28.0,Công nghệ sinh học
145335,TCT,cong-nghe-sinh-hoc,A00,Điểm thi THPT,2022,23.5,Công nghệ sinh học
145336,TCT,cong-nghe-sinh-hoc,A01,Điểm thi THPT,2022,20.0,Công nghệ sinh học (CTTT)
145337,TCT,cong-nghe-sinh-hoc,B00,Điểm thi THPT,2022,23.5,Công nghệ sinh học
145338,TCT,cong-nghe-sinh-hoc,B08,Điểm thi THPT,2022,23.5,Công nghệ sinh học
145339,TCT,cong-nghe-sinh-hoc,D07,Điểm thi THPT,2022,23.5,Công nghệ sinh học
145340,TCT,cong-nghe-sinh-hoc,A00,Điểm học bạ,2023,27.75,Công nghệ sinh học
145341,TCT,cong-nghe-sinh-hoc,A01,Điểm học bạ,2023,26.75,Công nghệ sinh học (CTTT)
145342,TCT,cong-nghe-sinh-hoc,B00,Điểm học bạ,2023,27.75,Công nghệ sinh học
145343,TCT,cong-nghe-sinh-hoc,B08,Điểm học bạ,2023,27.75,Công nghệ sinh học
145344,TCT,cong-nghe-sinh-hoc,D07,Điểm học bạ,2023,27.75,Công nghệ sinh học
145345,TCT,cong-nghe-sinh-hoc,A00,Điểm thi THPT,2023,23.64,Công nghệ sinh học
145346,TCT,cong-nghe-sinh-hoc,A01,Điểm thi THPT,2023,21.7,Công nghệ sinh học (CTTT)
145347,TCT,cong-nghe-sinh-hoc,B00,Điểm thi THPT,2023,23.64,Công nghệ sinh học
145348,TCT,cong-nghe-sinh-hoc,B08,Điểm thi THPT,2023,23.64,Công nghệ sinh học
145349,TCT,cong-nghe-sinh-hoc,D07,Điểm thi THPT,2023,23.64,Công nghệ sinh học
145350,TCT,cong-nghe-sinh-hoc,A00,Điểm học bạ,2024,27.25,Công nghệ sinh học
145351,TCT,cong-nghe-sinh-hoc,A01,Điểm học bạ,2024,26.5,Công nghệ sinh học (CTTT)
145352,TCT,cong-nghe-sinh-hoc,B00,Điểm học bạ,2024,27.25,Công nghệ sinh học
145353,TCT,cong-nghe-sinh-hoc,B08,Điểm học bạ,2024,27.25,Công nghệ sinh học
145354,TCT,cong-nghe-sinh-hoc,D07,Điểm học bạ,2024,27.25,Công nghệ sinh học
145355,TCT,cong-nghe-sinh-hoc,A00,Điểm thi THPT,2024,20.0,Công nghệ sinh học
145356,TCT,cong-nghe-sinh-hoc,A01,Điểm thi THPT,2024,20.75,Công nghệ sinh học (CTTT)
145357,TCT,cong-nghe-sinh-hoc,B00,Điểm thi THPT,2024,20.0,Công nghệ sinh học
145358,TCT,cong-nghe-sinh-hoc,B08,Điểm thi THPT,2024,20.0,Công nghệ sinh học
145359,TCT,cong-nghe-sinh-hoc,D07,Điểm thi THPT,2024,20.0,Công nghệ sinh học
145360,TCT,cong-nghe-sinh-hoc,A00,Điểm học bạ,2025,20.2,Công nghệ sinh học
145361,TCT,cong-nghe-sinh-hoc,A01,Điểm học bạ,2025,18.68,Công nghệ sinh học (CTTT)
145362,TCT,cong-nghe-sinh-hoc,B00,Điểm học bạ,2025,20.2,Công nghệ sinh học
145363,TCT,cong-nghe-sinh-hoc,B08,Điểm học bạ,2025,20.2,Công nghệ sinh học
145364,TCT,cong-nghe-sinh-hoc,D07,Điểm học bạ,2025,20.2,Công nghệ sinh học
145365,TCT,cong-nghe-sinh-hoc,X28,Điểm học bạ,2025,18.68,Công nghệ sinh học (CTTT)
145366,TCT,cong-nghe-sinh-hoc,A00,Điểm thi THPT,2025,20.2,Công nghệ sinh học
145367,TCT,cong-nghe-sinh-hoc,A01,Điểm thi THPT,2025,18.68,Công nghệ sinh học (CTTT)
145368,TCT,cong-nghe-sinh-hoc,B00,Điểm thi THPT,2025,20.2,Công nghệ sinh học
145369,TCT,cong-nghe-sinh-hoc,B08,Điểm thi THPT,2025,20.2,Công nghệ sinh học
145370,TCT,cong-nghe-sinh-hoc,D07,Điểm thi THPT,2025,20.2,Công nghệ sinh học
145371,TCT,cong-nghe-sinh-hoc,X28,Điểm thi THPT,2025,18.68,Công nghệ sinh học (CTTT)
145372,TCT,cong-nghe-thong-tin,A00,Điểm học bạ,2021,28.5,Công nghệ thông tin
145373,TCT,cong-nghe-thong-tin,A01,Điểm học bạ,2021,28.5,Công nghệ thông tin
145374,TCT,cong-nghe-thong-tin,D01,Điểm học bạ,2021,25.75,Công nghệ thông tin (CTCLC)
145375,TCT,cong-nghe-thong-tin,D07,Điểm học bạ,2021,25.75,Công nghệ thông tin (CTCLC)
145376,TCT,cong-nghe-thong-tin,A00,Điểm thi THPT,2021,25.75,Công nghệ thông tin
145377,TCT,cong-nghe-thong-tin,A01,Điểm thi THPT,2021,25.75,Công nghệ thông tin
145378,TCT,cong-nghe-thong-tin,D01,Điểm thi THPT,2021,24.0,Công nghệ thông tin (CTCLC)
145379,TCT,cong-nghe-thong-tin,D07,Điểm thi THPT,2021,24.0,Công nghệ thông tin (CTCLC)
145380,TCT,cong-nghe-thong-tin,A00,Điểm học bạ,2022,29.25,Công nghệ thông tin
145381,TCT,cong-nghe-thong-tin,A01,Điểm học bạ,2022,29.25,Công nghệ thông tin
145382,TCT,cong-nghe-thong-tin,D01,Điểm học bạ,2022,27.75,Công nghệ thông tin (CTCLC)
145383,TCT,cong-nghe-thong-tin,D07,Điểm học bạ,2022,27.75,Công nghệ thông tin (CTCLC)
145384,TCT,cong-nghe-thong-tin,A00,Điểm thi THPT,2022,26.5,Công nghệ thông tin
145385,TCT,cong-nghe-thong-tin,A01,Điểm thi THPT,2022,26.5,Công nghệ thông tin
145386,TCT,cong-nghe-thong-tin,D01,Điểm thi THPT,2022,24.5,Công nghệ thông tin (CTCLC)
145387,TCT,cong-nghe-thong-tin,D07,Điểm thi THPT,2022,24.5,Công nghệ thông tin (CTCLC)
145388,TCT,cong-nghe-thong-tin,A00,Điểm học bạ,2023,29.0,Công nghệ thông tin
145389,TCT,cong-nghe-thong-tin,A01,Điểm học bạ,2023,29.0,Công nghệ thông tin
145390,TCT,cong-nghe-thong-tin,D01,Điểm học bạ,2023,28.0,Công nghệ thông tin (CTCLC)
145391,TCT,cong-nghe-thong-tin,D07,Điểm học bạ,2023,28.0,Công nghệ thông tin (CTCLC)
145392,TCT,cong-nghe-thong-tin,A00,Điểm thi THPT,2023,25.16,Công nghệ thông tin
145393,TCT,cong-nghe-thong-tin,A01,Điểm thi THPT,2023,25.16,Công nghệ thông tin
145394,TCT,cong-nghe-thong-tin,D01,Điểm thi THPT,2023,24.1,Công nghệ thông tin (CTCLC)
145395,TCT,cong-nghe-thong-tin,D07,Điểm thi THPT,2023,24.1,Công nghệ thông tin (CTCLC)
145396,TCT,cong-nghe-thong-tin,A00,Điểm học bạ,2024,28.6,Công nghệ thông tin
145397,TCT,cong-nghe-thong-tin,A01,Điểm học bạ,2024,28.6,Công nghệ thông tin
145398,TCT,cong-nghe-thong-tin,D01,Điểm học bạ,2024,27.0,Công nghệ thông tin (CTCLC)
145399,TCT,cong-nghe-thong-tin,D07,Điểm học bạ,2024,27.0,Công nghệ thông tin (CTCLC)
145400,TCT,cong-nghe-thong-tin,A00,Điểm thi THPT,2024,25.35,Công nghệ thông tin
145401,TCT,cong-nghe-thong-tin,A01,Điểm thi THPT,2024,25.35,Công nghệ thông tin
145402,TCT,cong-nghe-thong-tin,D01,Điểm thi THPT,2024,23.7,Công nghệ thông tin (CTCLC)
145403,TCT,cong-nghe-thong-tin,D07,Điểm thi THPT,2024,23.7,Công nghệ thông tin (CTCLC)
145404,TCT,cong-nghe-thong-tin,A00,Điểm học bạ,2025,24.78,Công nghệ thông tin
145405,TCT,cong-nghe-thong-tin,A01,Điểm học bạ,2025,24.78,Công nghệ thông tin
145406,TCT,cong-nghe-thong-tin,D01,Điểm học bạ,2025,20.25,Công nghệ thông tin (CTCLC)
145407,TCT,cong-nghe-thong-tin,D07,Điểm học bạ,2025,20.25,Công nghệ thông tin (CTCLC)
145408,TCT,cong-nghe-thong-tin,X06,Điểm học bạ,2025,24.78,Công nghệ thông tin
145409,TCT,cong-nghe-thong-tin,X26,Điểm học bạ,2025,24.78,Công nghệ thông tin
145410,TCT,cong-nghe-thong-tin,A00,Điểm thi THPT,2025,24.78,Công nghệ thông tin
145411,TCT,cong-nghe-thong-tin,A01,Điểm thi THPT,2025,24.78,Công nghệ thông tin
145412,TCT,cong-nghe-thong-tin,D01,Điểm thi THPT,2025,20.25,Công nghệ thông tin (CTCLC)
145413,TCT,cong-nghe-thong-tin,D07,Điểm thi THPT,2025,20.25,Công nghệ thông tin (CTCLC)
145414,TCT,cong-nghe-thong-tin,X06,Điểm thi THPT,2025,24.78,Công nghệ thông tin
145415,TCT,cong-nghe-thong-tin,X26,Điểm thi THPT,2025,24.78,Công nghệ thông tin
145416,TCT,cong-nghe-thong-tin-hoc-tai-khu-hoa-an,A00,Điểm học bạ,2025,21.15,Công nghệ thông tin - học tại khu Hòa An
145417,TCT,cong-nghe-thong-tin-hoc-tai-khu-hoa-an,A01,Điểm học bạ,2025,21.15,Công nghệ thông tin - học tại khu Hòa An
145418,TCT,cong-nghe-thong-tin-hoc-tai-khu-hoa-an,X06,Điểm học bạ,2025,21.15,Công nghệ thông tin - học tại khu Hòa An
145419,TCT,cong-nghe-thong-tin-hoc-tai-khu-hoa-an,X26,Điểm học bạ,2025,21.15,Công nghệ thông tin - học tại khu Hòa An
145420,TCT,cong-nghe-thong-tin-hoc-tai-khu-hoa-an,A00,Điểm thi THPT,2025,21.15,Công nghệ thông tin - học tại khu Hòa An
145421,TCT,cong-nghe-thong-tin-hoc-tai-khu-hoa-an,A01,Điểm thi THPT,2025,21.15,Công nghệ thông tin - học tại khu Hòa An
145422,TCT,cong-nghe-thong-tin-hoc-tai-khu-hoa-an,X06,Điểm thi THPT,2025,21.15,Công nghệ thông tin - học tại khu Hòa An
145423,TCT,cong-nghe-thong-tin-hoc-tai-khu-hoa-an,X26,Điểm thi THPT,2025,21.15,Công nghệ thông tin - học tại khu Hòa An
145424,TCT,cong-nghe-thuc-pham,A00,Điểm học bạ,2021,28.0,Công nghệ thực phẩm
145425,TCT,cong-nghe-thuc-pham,A01,Điểm học bạ,2021,28.0,Công nghệ thực phẩm
145426,TCT,cong-nghe-thuc-pham,B00,Điểm học bạ,2021,28.0,Công nghệ thực phẩm
145427,TCT,cong-nghe-thuc-pham,D07,Điểm học bạ,2021,28.0,Công nghệ thực phẩm
145428,TCT,cong-nghe-thuc-pham,D08,Điểm học bạ,2021,24.25,Công nghệ thực phẩm (CTCLC)
145429,TCT,cong-nghe-thuc-pham,A00,Điểm thi THPT,2021,25.0,Công nghệ thực phẩm
145430,TCT,cong-nghe-thuc-pham,A01,Điểm thi THPT,2021,25.0,Công nghệ thực phẩm
145431,TCT,cong-nghe-thuc-pham,B00,Điểm thi THPT,2021,25.0,Công nghệ thực phẩm
145432,TCT,cong-nghe-thuc-pham,B08,Điểm thi THPT,2021,20.75,Công nghệ thực phẩm (CTCLC)
145433,TCT,cong-nghe-thuc-pham,D07,Điểm thi THPT,2021,25.0,Công nghệ thực phẩm
145434,TCT,cong-nghe-thuc-pham,A00,Điểm học bạ,2022,28.25,Công nghệ thực phẩm
145435,TCT,cong-nghe-thuc-pham,A01,Điểm học bạ,2022,28.25,Công nghệ thực phẩm
145436,TCT,cong-nghe-thuc-pham,B00,Điểm học bạ,2022,28.25,Công nghệ thực phẩm
145437,TCT,cong-nghe-thuc-pham,B08,Điểm học bạ,2022,25.5,Công nghệ thực phẩm (CTCLC)
145438,TCT,cong-nghe-thuc-pham,D07,Điểm học bạ,2022,28.25,Công nghệ thực phẩm
145439,TCT,cong-nghe-thuc-pham,A00,Điểm thi THPT,2022,23.5,Công nghệ thực phẩm
145440,TCT,cong-nghe-thuc-pham,A01,Điểm thi THPT,2022,23.5,Công nghệ thực phẩm
145441,TCT,cong-nghe-thuc-pham,B00,Điểm thi THPT,2022,23.5,Công nghệ thực phẩm
145442,TCT,cong-nghe-thuc-pham,B08,Điểm thi THPT,2022,19.25,Công nghệ thực phẩm (CTCLC)
145443,TCT,cong-nghe-thuc-pham,D07,Điểm thi THPT,2022,23.5,Công nghệ thực phẩm
145444,TCT,cong-nghe-thuc-pham,A00,Điểm học bạ,2023,27.5,Công nghệ thực phẩm
145445,TCT,cong-nghe-thuc-pham,A01,Điểm học bạ,2023,27.5,Công nghệ thực phẩm
145446,TCT,cong-nghe-thuc-pham,B00,Điểm học bạ,2023,27.5,Công nghệ thực phẩm
145447,TCT,cong-nghe-thuc-pham,B08,Điểm học bạ,2023,25.25,Công nghệ thực phẩm (CTCLC)
145448,TCT,cong-nghe-thuc-pham,D07,Điểm học bạ,2023,27.5,Công nghệ thực phẩm
145449,TCT,cong-nghe-thuc-pham,A00,Điểm thi THPT,2023,23.83,Công nghệ thực phẩm
145450,TCT,cong-nghe-thuc-pham,A01,Điểm thi THPT,2023,23.83,Công nghệ thực phẩm
145451,TCT,cong-nghe-thuc-pham,B00,Điểm thi THPT,2023,23.83,Công nghệ thực phẩm
145452,TCT,cong-nghe-thuc-pham,B08,Điểm thi THPT,2023,20.0,Công nghệ thực phẩm (CTCLC)
145453,TCT,cong-nghe-thuc-pham,D07,Điểm thi THPT,2023,23.83,Công nghệ thực phẩm
145454,TCT,cong-nghe-thuc-pham,A00,Điểm học bạ,2024,27.3,Công nghệ thực phẩm
145455,TCT,cong-nghe-thuc-pham,A01,Điểm học bạ,2024,27.3,Công nghệ thực phẩm
145456,TCT,cong-nghe-thuc-pham,B00,Điểm học bạ,2024,27.3,Công nghệ thực phẩm
145457,TCT,cong-nghe-thuc-pham,B08,Điểm học bạ,2024,23.0,Công nghệ thực phẩm (CTCLC)
145458,TCT,cong-nghe-thuc-pham,D07,Điểm học bạ,2024,27.3,Công nghệ thực phẩm
145459,TCT,cong-nghe-thuc-pham,A00,Điểm thi THPT,2024,20.5,Công nghệ thực phẩm
145460,TCT,cong-nghe-thuc-pham,A01,Điểm thi THPT,2024,20.5,Công nghệ thực phẩm
145461,TCT,cong-nghe-thuc-pham,B00,Điểm thi THPT,2024,20.5,Công nghệ thực phẩm
145462,TCT,cong-nghe-thuc-pham,B08,Điểm thi THPT,2024,20.0,Công nghệ thực phẩm (CTCLC)
145463,TCT,cong-nghe-thuc-pham,D07,Điểm thi THPT,2024,20.5,Công nghệ thực phẩm
145464,TCT,cong-nghe-thuc-pham,A00,Điểm học bạ,2025,20.28,Công nghệ thực phẩm
145465,TCT,cong-nghe-thuc-pham,A01,Điểm học bạ,2025,20.28,Công nghệ thực phẩm
145466,TCT,cong-nghe-thuc-pham,B00,Điểm học bạ,2025,20.28,Công nghệ thực phẩm
145467,TCT,cong-nghe-thuc-pham,B08,Điểm học bạ,2025,16.67,Công nghệ thực phẩm (CTCLC)
145468,TCT,cong-nghe-thuc-pham,D07,Điểm học bạ,2025,20.28,Công nghệ thực phẩm
145469,TCT,cong-nghe-thuc-pham,X27,Điểm học bạ,2025,16.67,Công nghệ thực phẩm (CTCLC)
145470,TCT,cong-nghe-thuc-pham,A00,Điểm thi THPT,2025,20.28,Công nghệ thực phẩm
145471,TCT,cong-nghe-thuc-pham,A01,Điểm thi THPT,2025,20.28,Công nghệ thực phẩm
145472,TCT,cong-nghe-thuc-pham,B00,Điểm thi THPT,2025,20.28,Công nghệ thực phẩm
145473,TCT,cong-nghe-thuc-pham,B08,Điểm thi THPT,2025,16.67,Công nghệ thực phẩm (CTCLC)
145474,TCT,cong-nghe-thuc-pham,D07,Điểm thi THPT,2025,20.28,Công nghệ thực phẩm
145475,TCT,cong-nghe-thuc-pham,X27,Điểm thi THPT,2025,16.67,Công nghệ thực phẩm (CTCLC)
145476,TCT,dam-bao-chat-luong-va-an-toan-thuc-pham,A00,Điểm học bạ,2025,17.0,Đảm bảo chất lượng và an toàn thực phẩm
145477,TCT,dam-bao-chat-luong-va-an-toan-thuc-pham,A01,Điểm học bạ,2025,17.0,Đảm bảo chất lượng và an toàn thực phẩm
145478,TCT,dam-bao-chat-luong-va-an-toan-thuc-pham,B00,Điểm học bạ,2025,17.0,Đảm bảo chất lượng và an toàn thực phẩm
145479,TCT,dam-bao-chat-luong-va-an-toan-thuc-pham,D07,Điểm học bạ,2025,17.0,Đảm bảo chất lượng và an toàn thực phẩm
145480,TCT,dam-bao-chat-luong-va-an-toan-thuc-pham,A00,Điểm thi THPT,2025,17.0,Đảm bảo chất lượng và an toàn thực phẩm
145481,TCT,dam-bao-chat-luong-va-an-toan-thuc-pham,A01,Điểm thi THPT,2025,17.0,Đảm bảo chất lượng và an toàn thực phẩm
145482,TCT,dam-bao-chat-luong-va-an-toan-thuc-pham,B00,Điểm thi THPT,2025,17.0,Đảm bảo chất lượng và an toàn thực phẩm
145483,TCT,dam-bao-chat-luong-va-an-toan-thuc-pham,D07,Điểm thi THPT,2025,17.0,Đảm bảo chất lượng và an toàn thực phẩm
145484,TCT,du-lich,C00,Điểm học bạ,2024,27.5,Du lịch
145485,TCT,du-lich,D01,Điểm học bạ,2024,27.5,Du lịch
145486,TCT,du-lich,D14,Điểm học bạ,2024,27.5,Du lịch
145487,TCT,du-lich,D15,Điểm học bạ,2024,27.5,Du lịch
145488,TCT,du-lich,C00,Điểm thi THPT,2024,26.8,Du lịch
145489,TCT,du-lich,D01,Điểm thi THPT,2024,26.8,Du lịch
145490,TCT,du-lich,D14,Điểm thi THPT,2024,26.8,Du lịch
145491,TCT,du-lich,D15,Điểm thi THPT,2024,26.8,Du lịch
145492,TCT,du-lich,C00,Điểm học bạ,2025,26.73,Du lịch
145493,TCT,du-lich,D01,Điểm học bạ,2025,26.73,Du lịch
145494,TCT,du-lich,D14,Điểm học bạ,2025,26.73,Du lịch
145495,TCT,du-lich,D15,Điểm học bạ,2025,26.73,Du lịch
145496,TCT,du-lich,C00,Điểm thi THPT,2025,26.73,Du lịch
145497,TCT,du-lich,D01,Điểm thi THPT,2025,26.73,Du lịch
145498,TCT,du-lich,D14,Điểm thi THPT,2025,26.73,Du lịch
145499,TCT,du-lich,D15,Điểm thi THPT,2025,26.73,Du lịch
145500,TCT,du-lich-hoc-tai-khu-hoa-an,C00,Điểm học bạ,2025,25.5,Du lịch - học tại khu Hòa An
145501,TCT,du-lich-hoc-tai-khu-hoa-an,D01,Điểm học bạ,2025,25.5,Du lịch - học tại khu Hòa An
145502,TCT,du-lich-hoc-tai-khu-hoa-an,D14,Điểm học bạ,2025,25.5,Du lịch - học tại khu Hòa An
145503,TCT,du-lich-hoc-tai-khu-hoa-an,D15,Điểm học bạ,2025,25.5,Du lịch - học tại khu Hòa An
145504,TCT,du-lich-hoc-tai-khu-hoa-an,C00,Điểm thi THPT,2025,25.5,Du lịch - học tại khu Hòa An
145505,TCT,du-lich-hoc-tai-khu-hoa-an,D01,Điểm thi THPT,2025,25.5,Du lịch - học tại khu Hòa An
145506,TCT,du-lich-hoc-tai-khu-hoa-an,D14,Điểm thi THPT,2025,25.5,Du lịch - học tại khu Hòa An
145507,TCT,du-lich-hoc-tai-khu-hoa-an,D15,Điểm thi THPT,2025,25.5,Du lịch - học tại khu Hòa An
145508,TCT,du-lich-hoc-tai-khu-soc-trang,C00,Điểm học bạ,2025,24.35,Du lịch - học tại khu Sóc Trăng
145509,TCT,du-lich-hoc-tai-khu-soc-trang,D01,Điểm học bạ,2025,24.35,Du lịch - học tại khu Sóc Trăng
145510,TCT,du-lich-hoc-tai-khu-soc-trang,D14,Điểm học bạ,2025,24.35,Du lịch - học tại khu Sóc Trăng
145511,TCT,du-lich-hoc-tai-khu-soc-trang,D15,Điểm học bạ,2025,24.35,Du lịch - học tại khu Sóc Trăng
145512,TCT,du-lich-hoc-tai-khu-soc-trang,C00,Điểm thi THPT,2025,24.35,Du lịch - học tại khu Sóc Trăng
145513,TCT,du-lich-hoc-tai-khu-soc-trang,D01,Điểm thi THPT,2025,24.35,Du lịch - học tại khu Sóc Trăng
145514,TCT,du-lich-hoc-tai-khu-soc-trang,D14,Điểm thi THPT,2025,24.35,Du lịch - học tại khu Sóc Trăng
145515,TCT,du-lich-hoc-tai-khu-soc-trang,D15,Điểm thi THPT,2025,24.35,Du lịch - học tại khu Sóc Trăng
145516,TCT,giao-duc-cong-dan,C00,Điểm học bạ,2021,25.25,Giáo dục Công dân
145517,TCT,giao-duc-cong-dan,C19,Điểm học bạ,2021,25.25,Giáo dục Công dân
145518,TCT,giao-duc-cong-dan,D14,Điểm học bạ,2021,25.25,Giáo dục Công dân
145519,TCT,giao-duc-cong-dan,D15,Điểm học bạ,2021,25.25,Giáo dục Công dân
145520,TCT,giao-duc-cong-dan,C00,Điểm thi THPT,2021,25.0,Giáo dục Công dân
145521,TCT,giao-duc-cong-dan,C19,Điểm thi THPT,2021,25.0,Giáo dục Công dân
145522,TCT,giao-duc-cong-dan,D14,Điểm thi THPT,2021,25.0,Giáo dục Công dân
145523,TCT,giao-duc-cong-dan,D15,Điểm thi THPT,2021,25.0,Giáo dục Công dân
145524,TCT,giao-duc-cong-dan,C00,Điểm thi THPT,2022,26.0,Giáo dục công dân
145525,TCT,giao-duc-cong-dan,C19,Điểm thi THPT,2022,26.0,Giáo dục công dân
145526,TCT,giao-duc-cong-dan,D14,Điểm thi THPT,2022,26.0,Giáo dục công dân
145527,TCT,giao-duc-cong-dan,D15,Điểm thi THPT,2022,26.0,Giáo dục công dân
145528,TCT,giao-duc-cong-dan,C00,Điểm học bạ,2023,27.5,Giáo dục Công dân
145529,TCT,giao-duc-cong-dan,C19,Điểm học bạ,2023,27.5,Giáo dục Công dân
145530,TCT,giao-duc-cong-dan,D14,Điểm học bạ,2023,27.5,Giáo dục Công dân
145531,TCT,giao-duc-cong-dan,D15,Điểm học bạ,2023,27.5,Giáo dục Công dân
145532,TCT,giao-duc-cong-dan,C00,Điểm thi THPT,2023,26.86,Giáo dục Công dân
145533,TCT,giao-duc-cong-dan,C19,Điểm thi THPT,2023,26.86,Giáo dục Công dân
145534,TCT,giao-duc-cong-dan,D14,Điểm thi THPT,2023,26.86,Giáo dục Công dân
145535,TCT,giao-duc-cong-dan,D15,Điểm thi THPT,2023,26.86,Giáo dục Công dân
145536,TCT,giao-duc-cong-dan,C00,Điểm học bạ,2024,27.6,Giáo dục Công dân
145537,TCT,giao-duc-cong-dan,C19,Điểm học bạ,2024,27.6,Giáo dục Công dân
145538,TCT,giao-duc-cong-dan,D14,Điểm học bạ,2024,27.6,Giáo dục Công dân
145539,TCT,giao-duc-cong-dan,D15,Điểm học bạ,2024,27.6,Giáo dục Công dân
145540,TCT,giao-duc-cong-dan,C00,Điểm thi THPT,2024,27.31,Giáo dục Công dân
145541,TCT,giao-duc-cong-dan,C19,Điểm thi THPT,2024,27.31,Giáo dục Công dân
145542,TCT,giao-duc-cong-dan,D14,Điểm thi THPT,2024,27.31,Giáo dục Công dân
145543,TCT,giao-duc-cong-dan,D15,Điểm thi THPT,2024,27.31,Giáo dục Công dân
145544,TCT,giao-duc-cong-dan,C00,Điểm học bạ,2025,27.71,Giáo dục Công dân
145545,TCT,giao-duc-cong-dan,C19,Điểm học bạ,2025,27.71,Giáo dục Công dân
145546,TCT,giao-duc-cong-dan,D14,Điểm học bạ,2025,27.71,Giáo dục Công dân
145547,TCT,giao-duc-cong-dan,D15,Điểm học bạ,2025,27.71,Giáo dục Công dân
145548,TCT,giao-duc-cong-dan,C00,Điểm thi THPT,2025,27.71,Giáo dục Công dân
145549,TCT,giao-duc-cong-dan,C19,Điểm thi THPT,2025,27.71,Giáo dục Công dân
145550,TCT,giao-duc-cong-dan,D14,Điểm thi THPT,2025,27.71,Giáo dục Công dân
145551,TCT,giao-duc-cong-dan,D15,Điểm thi THPT,2025,27.71,Giáo dục Công dân
145552,TCT,giao-duc-mam-non,M01,Điểm học bạ,2024,26.6,Giáo dục Mầm non
145553,TCT,giao-duc-mam-non,M06,Điểm học bạ,2024,26.6,Giáo dục Mầm non
145554,TCT,giao-duc-mam-non,M11,Điểm học bạ,2024,26.6,Giáo dục Mầm non
145555,TCT,giao-duc-mam-non,M01,Điểm thi THPT,2024,25.95,Giáo dục Mầm non
145556,TCT,giao-duc-mam-non,M06,Điểm thi THPT,2024,25.95,Giáo dục Mầm non
145557,TCT,giao-duc-mam-non,M11,Điểm thi THPT,2024,25.95,Giáo dục Mầm non
145558,TCT,giao-duc-mam-non,M01,Điểm học bạ,2025,25.87,Giáo dục mầm non
145559,TCT,giao-duc-mam-non,M05,Điểm học bạ,2025,25.87,Giáo dục mầm non
145560,TCT,giao-duc-mam-non,M06,Điểm học bạ,2025,25.87,Giáo dục mầm non
145561,TCT,giao-duc-mam-non,M11,Điểm học bạ,2025,25.87,Giáo dục mầm non
145562,TCT,giao-duc-mam-non,M01,Điểm thi THPT,2025,25.87,Giáo dục mầm non
145563,TCT,giao-duc-mam-non,M05,Điểm thi THPT,2025,25.87,Giáo dục mầm non
145564,TCT,giao-duc-mam-non,M06,Điểm thi THPT,2025,25.87,Giáo dục mầm non
145565,TCT,giao-duc-mam-non,M11,Điểm thi THPT,2025,25.87,Giáo dục mầm non
145566,TCT,giao-duc-the-chat,T00,Điểm thi THPT,2021,24.25,Giáo dục thể chất
145567,TCT,giao-duc-the-chat,T01,Điểm thi THPT,2021,24.25,Giáo dục thể chất
145568,TCT,giao-duc-the-chat,T06,Điểm thi THPT,2021,24.25,Giáo dục thể chất
145569,TCT,giao-duc-the-chat,T00,Điểm thi THPT,2022,20.25,Giáo dục thể chất
145570,TCT,giao-duc-the-chat,T01,Điểm thi THPT,2022,20.25,Giáo dục thể chất
145571,TCT,giao-duc-the-chat,T06,Điểm thi THPT,2022,20.25,Giáo dục thể chất
145572,TCT,giao-duc-the-chat,T00,Điểm học bạ,2023,24.5,Giáo dục thể chất
145573,TCT,giao-duc-the-chat,T01,Điểm học bạ,2023,24.5,Giáo dục thể chất
145574,TCT,giao-duc-the-chat,T06,Điểm học bạ,2023,24.5,Giáo dục thể chất
145575,TCT,giao-duc-the-chat,T00,Điểm thi THPT,2023,23.5,Giáo dục thể chất
145576,TCT,giao-duc-the-chat,T01,Điểm thi THPT,2023,23.5,Giáo dục thể chất
145577,TCT,giao-duc-the-chat,T06,Điểm thi THPT,2023,23.5,Giáo dục thể chất
145578,TCT,giao-duc-the-chat,T00,Điểm học bạ,2024,27.2,Giáo dục thể chất
145579,TCT,giao-duc-the-chat,T01,Điểm học bạ,2024,27.2,Giáo dục thể chất
145580,TCT,giao-duc-the-chat,T06,Điểm học bạ,2024,27.2,Giáo dục thể chất
145581,TCT,giao-duc-the-chat,T00,Điểm thi THPT,2024,25.6,Giáo dục thể chất
145582,TCT,giao-duc-the-chat,T01,Điểm thi THPT,2024,25.6,Giáo dục thể chất
145583,TCT,giao-duc-the-chat,T06,Điểm thi THPT,2024,25.6,Giáo dục thể chất
145584,TCT,giao-duc-the-chat,T00,Điểm học bạ,2025,23.23,Giáo dục Thể chất
145585,TCT,giao-duc-the-chat,T01,Điểm học bạ,2025,23.23,Giáo dục Thể chất
145586,TCT,giao-duc-the-chat,T06,Điểm học bạ,2025,23.23,Giáo dục Thể chất
145587,TCT,giao-duc-the-chat,T10,Điểm học bạ,2025,23.23,Giáo dục Thể chất
145588,TCT,giao-duc-the-chat,T00,Điểm thi THPT,2025,23.23,Giáo dục Thể chất
145589,TCT,giao-duc-the-chat,T01,Điểm thi THPT,2025,23.23,Giáo dục Thể chất
145590,TCT,giao-duc-the-chat,T06,Điểm thi THPT,2025,23.23,Giáo dục Thể chất
145591,TCT,giao-duc-the-chat,T10,Điểm thi THPT,2025,23.23,Giáo dục Thể chất
145592,TCT,giao-duc-tieu-hoc,A00,Điểm học bạ,2021,27.75,Giáo dục Tiểu học
145593,TCT,giao-duc-tieu-hoc,C01,Điểm học bạ,2021,27.75,Giáo dục Tiểu học
145594,TCT,giao-duc-tieu-hoc,D01,Điểm học bạ,2021,27.75,Giáo dục Tiểu học
145595,TCT,giao-duc-tieu-hoc,D03,Điểm học bạ,2021,27.75,Giáo dục Tiểu học
145596,TCT,giao-duc-tieu-hoc,A00,Điểm thi THPT,2021,24.5,Giáo dục Tiểu học
145597,TCT,giao-duc-tieu-hoc,C01,Điểm thi THPT,2021,24.5,Giáo dục Tiểu học
145598,TCT,giao-duc-tieu-hoc,D01,Điểm thi THPT,2021,24.5,Giáo dục Tiểu học
145599,TCT,giao-duc-tieu-hoc,D03,Điểm thi THPT,2021,24.5,Giáo dục Tiểu học
145600,TCT,giao-duc-tieu-hoc,A00,Điểm thi THPT,2022,23.9,Giáo dục tiểu học
145601,TCT,giao-duc-tieu-hoc,C01,Điểm thi THPT,2022,23.9,Giáo dục tiểu học
145602,TCT,giao-duc-tieu-hoc,D01,Điểm thi THPT,2022,23.9,Giáo dục tiểu học
145603,TCT,giao-duc-tieu-hoc,D03,Điểm thi THPT,2022,23.9,Giáo dục tiểu học
145604,TCT,giao-duc-tieu-hoc,A00,Điểm học bạ,2023,28.2,Giáo dục Tiểu học
145605,TCT,giao-duc-tieu-hoc,C01,Điểm học bạ,2023,28.2,Giáo dục Tiểu học
145606,TCT,giao-duc-tieu-hoc,D01,Điểm học bạ,2023,28.2,Giáo dục Tiểu học
145607,TCT,giao-duc-tieu-hoc,D03,Điểm học bạ,2023,28.2,Giáo dục Tiểu học
145608,TCT,giao-duc-tieu-hoc,A00,Điểm thi THPT,2023,24.41,Giáo dục Tiểu học
145609,TCT,giao-duc-tieu-hoc,C01,Điểm thi THPT,2023,24.41,Giáo dục Tiểu học
145610,TCT,giao-duc-tieu-hoc,D01,Điểm thi THPT,2023,24.41,Giáo dục Tiểu học
145611,TCT,giao-duc-tieu-hoc,D03,Điểm thi THPT,2023,24.41,Giáo dục Tiểu học
145612,TCT,giao-duc-tieu-hoc,A00,Điểm học bạ,2024,28.6,Giáo dục Tiểu học
145613,TCT,giao-duc-tieu-hoc,C01,Điểm học bạ,2024,28.6,Giáo dục Tiểu học
145614,TCT,giao-duc-tieu-hoc,D01,Điểm học bạ,2024,28.6,Giáo dục Tiểu học
145615,TCT,giao-duc-tieu-hoc,D03,Điểm học bạ,2024,28.6,Giáo dục Tiểu học
145616,TCT,giao-duc-tieu-hoc,A00,Điểm thi THPT,2024,25.65,Giáo dục Tiểu học
145617,TCT,giao-duc-tieu-hoc,C01,Điểm thi THPT,2024,25.65,Giáo dục Tiểu học
145618,TCT,giao-duc-tieu-hoc,D01,Điểm thi THPT,2024,25.65,Giáo dục Tiểu học
145619,TCT,giao-duc-tieu-hoc,D03,Điểm thi THPT,2024,25.65,Giáo dục Tiểu học
145620,TCT,giao-duc-tieu-hoc,A00,Điểm học bạ,2025,26.09,Giáo dục Tiểu học
145621,TCT,giao-duc-tieu-hoc,C01,Điểm học bạ,2025,26.09,Giáo dục Tiểu học
145622,TCT,giao-duc-tieu-hoc,D01,Điểm học bạ,2025,26.09,Giáo dục Tiểu học
145623,TCT,giao-duc-tieu-hoc,D03,Điểm học bạ,2025,26.09,Giáo dục Tiểu học
145624,TCT,giao-duc-tieu-hoc,A00,Điểm thi THPT,2025,26.09,Giáo dục Tiểu học
145625,TCT,giao-duc-tieu-hoc,C01,Điểm thi THPT,2025,26.09,Giáo dục Tiểu học
145626,TCT,giao-duc-tieu-hoc,D01,Điểm thi THPT,2025,26.09,Giáo dục Tiểu học
145627,TCT,giao-duc-tieu-hoc,D03,Điểm thi THPT,2025,26.09,Giáo dục Tiểu học
145628,TCT,he-thong-thong-tin,A00,Điểm học bạ,2021,25.75,Hệ thống thông tin
145629,TCT,he-thong-thong-tin,A01,Điểm học bạ,2021,25.75,Hệ thống thông tin
145630,TCT,he-thong-thong-tin,A00,Điểm thi THPT,2021,24.25,Hệ thống thông tin
145631,TCT,he-thong-thong-tin,A01,Điểm thi THPT,2021,24.25,Hệ thống thông tin
145632,TCT,he-thong-thong-tin,A00,Điểm học bạ,2022,27.5,Hệ thống thông tin
145633,TCT,he-thong-thong-tin,A01,Điểm học bạ,2022,27.5,Hệ thống thông tin
145634,TCT,he-thong-thong-tin,A00,Điểm thi THPT,2022,24.75,Hệ thống thông tin
145635,TCT,he-thong-thong-tin,A01,Điểm thi THPT,2022,24.75,Hệ thống thông tin
145636,TCT,he-thong-thong-tin,A00,Điểm học bạ,2023,27.5,Hệ thống thông tin
145637,TCT,he-thong-thong-tin,A01,Điểm học bạ,2023,27.5,Hệ thống thông tin
145638,TCT,he-thong-thong-tin,A00,Điểm thi THPT,2023,22.65,Hệ thống thông tin
145639,TCT,he-thong-thong-tin,A01,Điểm thi THPT,2023,22.65,Hệ thống thông tin
145640,TCT,he-thong-thong-tin,A00,Điểm học bạ,2024,27.0,Hệ thống thông tin
145641,TCT,he-thong-thong-tin,A01,Điểm học bạ,2024,27.0,Hệ thống thông tin
145642,TCT,he-thong-thong-tin,D01,Điểm học bạ,2024,23.0,Hệ thống thông tin (CTCLC)
145643,TCT,he-thong-thong-tin,D07,Điểm học bạ,2024,23.0,Hệ thống thông tin (CTCLC)
145644,TCT,he-thong-thong-tin,A00,Điểm thi THPT,2024,23.48,Hệ thống thông tin
145645,TCT,he-thong-thong-tin,A01,Điểm thi THPT,2024,23.48,Hệ thống thông tin
145646,TCT,he-thong-thong-tin,D01,Điểm thi THPT,2024,22.8,Hệ thống thông tin (CTCLC)
145647,TCT,he-thong-thong-tin,D07,Điểm thi THPT,2024,22.8,Hệ thống thông tin (CTCLC)
145648,TCT,he-thong-thong-tin,A00,Điểm học bạ,2025,21.38,Hệ thống thông tin
145649,TCT,he-thong-thong-tin,A01,Điểm học bạ,2025,21.38,Hệ thống thông tin
145650,TCT,he-thong-thong-tin,D01,Điểm học bạ,2025,18.8,Hệ thống thông tin (CTCLC)
145651,TCT,he-thong-thong-tin,D07,Điểm học bạ,2025,18.8,Hệ thống thông tin (CTCLC)
145652,TCT,he-thong-thong-tin,X06,Điểm học bạ,2025,21.38,Hệ thống thông tin
145653,TCT,he-thong-thong-tin,X26,Điểm học bạ,2025,21.38,Hệ thống thông tin
145654,TCT,he-thong-thong-tin,A00,Điểm thi THPT,2025,21.38,Hệ thống thông tin
145655,TCT,he-thong-thong-tin,A01,Điểm thi THPT,2025,21.38,Hệ thống thông tin
145656,TCT,he-thong-thong-tin,D01,Điểm thi THPT,2025,18.8,Hệ thống thông tin (CTCLC)
145657,TCT,he-thong-thong-tin,D07,Điểm thi THPT,2025,18.8,Hệ thống thông tin (CTCLC)
145658,TCT,he-thong-thong-tin,X06,Điểm thi THPT,2025,21.38,Hệ thống thông tin
145659,TCT,he-thong-thong-tin,X26,Điểm thi THPT,2025,21.38,Hệ thống thông tin
145660,TCT,hoa-duoc,A00,Điểm học bạ,2021,28.0,Hóa dược
145661,TCT,hoa-duoc,B00,Điểm học bạ,2021,28.0,Hóa dược
145662,TCT,hoa-duoc,D07,Điểm học bạ,2021,28.0,Hóa dược
145663,TCT,hoa-duoc,A00,Điểm thi THPT,2021,25.25,Hóa dược
145664,TCT,hoa-duoc,B00,Điểm thi THPT,2021,25.25,Hóa dược
145665,TCT,hoa-duoc,C02,Điểm thi THPT,2021,25.25,Hóa dược
145666,TCT,hoa-duoc,D07,Điểm thi THPT,2021,25.25,Hóa dược
145667,TCT,hoa-duoc,A00,Điểm học bạ,2022,28.75,Hóa dược
145668,TCT,hoa-duoc,B00,Điểm học bạ,2022,28.75,Hóa dược
145669,TCT,hoa-duoc,C02,Điểm học bạ,2022,28.75,Hóa dược
145670,TCT,hoa-duoc,D07,Điểm học bạ,2022,28.75,Hóa dược
145671,TCT,hoa-duoc,A00,Điểm thi THPT,2022,24.9,Hóa dược
145672,TCT,hoa-duoc,B00,Điểm thi THPT,2022,24.9,Hóa dược
145673,TCT,hoa-duoc,C02,Điểm thi THPT,2022,24.9,Hóa dược
145674,TCT,hoa-duoc,D07,Điểm thi THPT,2022,24.9,Hóa dược
145675,TCT,hoa-duoc,A00,Điểm học bạ,2023,28.0,Hóa dược
145676,TCT,hoa-duoc,B00,Điểm học bạ,2023,28.0,Hóa dược
145677,TCT,hoa-duoc,C02,Điểm học bạ,2023,28.0,Hóa dược
145678,TCT,hoa-duoc,D07,Điểm học bạ,2023,28.0,Hóa dược
145679,TCT,hoa-duoc,A00,Điểm thi THPT,2023,24.5,Hóa dược
145680,TCT,hoa-duoc,B00,Điểm thi THPT,2023,24.5,Hóa dược
145681,TCT,hoa-duoc,C02,Điểm thi THPT,2023,24.5,Hóa dược
145682,TCT,hoa-duoc,D07,Điểm thi THPT,2023,24.5,Hóa dược
145683,TCT,hoa-duoc,A00,Điểm học bạ,2024,28.5,Hóa dược
145684,TCT,hoa-duoc,B00,Điểm học bạ,2024,28.5,Hóa dược
145685,TCT,hoa-duoc,C02,Điểm học bạ,2024,28.5,Hóa dược
145686,TCT,hoa-duoc,D07,Điểm học bạ,2024,28.5,Hóa dược
145687,TCT,hoa-duoc,A00,Điểm thi THPT,2024,24.5,Hóa dược
145688,TCT,hoa-duoc,B00,Điểm thi THPT,2024,24.5,Hóa dược
145689,TCT,hoa-duoc,C02,Điểm thi THPT,2024,24.5,Hóa dược
145690,TCT,hoa-duoc,D07,Điểm thi THPT,2024,24.5,Hóa dược
145691,TCT,hoa-duoc,A00,Điểm học bạ,2025,22.76,Hóa dược
145692,TCT,hoa-duoc,B00,Điểm học bạ,2025,22.76,Hóa dược
145693,TCT,hoa-duoc,C02,Điểm học bạ,2025,22.76,Hóa dược
145694,TCT,hoa-duoc,D07,Điểm học bạ,2025,22.76,Hóa dược
145695,TCT,hoa-duoc,A00,Điểm thi THPT,2025,22.76,Hóa dược
145696,TCT,hoa-duoc,B00,Điểm thi THPT,2025,22.76,Hóa dược
145697,TCT,hoa-duoc,C02,Điểm thi THPT,2025,22.76,Hóa dược
145698,TCT,hoa-duoc,D07,Điểm thi THPT,2025,22.76,Hóa dược
145699,TCT,hoa-hoc,A00,Điểm học bạ,2021,21.5,Hóa học
145700,TCT,hoa-hoc,B00,Điểm học bạ,2021,21.5,Hóa học
145701,TCT,hoa-hoc,D07,Điểm học bạ,2021,21.5,Hóa học
145702,TCT,hoa-hoc,A00,Điểm thi THPT,2021,23.25,Hóa học
145703,TCT,hoa-hoc,B00,Điểm thi THPT,2021,23.25,Hóa học
145704,TCT,hoa-hoc,C02,Điểm thi THPT,2021,23.25,Hóa học
145705,TCT,hoa-hoc,D07,Điểm thi THPT,2021,23.25,Hóa học
145706,TCT,hoa-hoc,A00,Điểm học bạ,2022,26.5,Hóa học
145707,TCT,hoa-hoc,B00,Điểm học bạ,2022,26.5,Hóa học
145708,TCT,hoa-hoc,C02,Điểm học bạ,2022,26.5,Hóa học
145709,TCT,hoa-hoc,D07,Điểm học bạ,2022,26.5,Hóa học
145710,TCT,hoa-hoc,A00,Điểm thi THPT,2022,22.5,Hóa học
145711,TCT,hoa-hoc,B00,Điểm thi THPT,2022,22.5,Hóa học
145712,TCT,hoa-hoc,C02,Điểm thi THPT,2022,22.5,Hóa học
145713,TCT,hoa-hoc,D07,Điểm thi THPT,2022,22.5,Hóa học
145714,TCT,hoa-hoc,A00,Điểm học bạ,2023,26.25,Hóa học
145715,TCT,hoa-hoc,B00,Điểm học bạ,2023,26.25,Hóa học
145716,TCT,hoa-hoc,C02,Điểm học bạ,2023,26.25,Hóa học
145717,TCT,hoa-hoc,D07,Điểm học bạ,2023,26.25,Hóa học
145718,TCT,hoa-hoc,A00,Điểm thi THPT,2023,23.15,Hóa học
145719,TCT,hoa-hoc,B00,Điểm thi THPT,2023,23.15,Hóa học
145720,TCT,hoa-hoc,C02,Điểm thi THPT,2023,23.15,Hóa học
145721,TCT,hoa-hoc,D07,Điểm thi THPT,2023,23.15,Hóa học
145722,TCT,hoa-hoc,A00,Điểm học bạ,2024,26.0,Hóa học
145723,TCT,hoa-hoc,B00,Điểm học bạ,2024,26.0,Hóa học
145724,TCT,hoa-hoc,C02,Điểm học bạ,2024,26.0,Hóa học
145725,TCT,hoa-hoc,D07,Điểm học bạ,2024,26.0,Hóa học
145726,TCT,hoa-hoc,A00,Điểm thi THPT,2024,23.15,Hóa học
145727,TCT,hoa-hoc,B00,Điểm thi THPT,2024,23.15,Hóa học
145728,TCT,hoa-hoc,C02,Điểm thi THPT,2024,23.15,Hóa học
145729,TCT,hoa-hoc,D07,Điểm thi THPT,2024,23.15,Hóa học
145730,TCT,hoa-hoc,A00,Điểm học bạ,2025,22.28,Hóa học
145731,TCT,hoa-hoc,B00,Điểm học bạ,2025,22.28,Hóa học
145732,TCT,hoa-hoc,C02,Điểm học bạ,2025,22.28,Hóa học
145733,TCT,hoa-hoc,D07,Điểm học bạ,2025,22.28,Hóa học
145734,TCT,hoa-hoc,A00,Điểm thi THPT,2025,22.28,Hóa học
145735,TCT,hoa-hoc,B00,Điểm thi THPT,2025,22.28,Hóa học
145736,TCT,hoa-hoc,C02,Điểm thi THPT,2025,22.28,Hóa học
145737,TCT,hoa-hoc,D07,Điểm thi THPT,2025,22.28,Hóa học
145738,TCT,huong-dan-vien-du-lich,C00,Điểm học bạ,2022,27.75,Việt Nam học (Chuyên ngành Hướng dẫn viên du lịch)
145739,TCT,huong-dan-vien-du-lich,D01,Điểm học bạ,2022,27.75,Việt Nam học (Chuyên ngành Hướng dẫn viên du lịch)
145740,TCT,huong-dan-vien-du-lich,D14,Điểm học bạ,2022,27.75,Việt Nam học (Chuyên ngành Hướng dẫn viên du lịch)
145741,TCT,huong-dan-vien-du-lich,D15,Điểm học bạ,2022,27.75,Việt Nam học (Chuyên ngành Hướng dẫn viên du lịch)
145742,TCT,huong-dan-vien-du-lich,C00,Điểm thi THPT,2022,26.0,Việt Nam học chuyên ngành Hướng dẫn viên du lịch
145743,TCT,huong-dan-vien-du-lich,D01,Điểm thi THPT,2022,26.0,Việt Nam học chuyên ngành Hướng dẫn viên du lịch
145744,TCT,huong-dan-vien-du-lich,D14,Điểm thi THPT,2022,26.0,Việt Nam học chuyên ngành Hướng dẫn viên du lịch
145745,TCT,huong-dan-vien-du-lich,D15,Điểm thi THPT,2022,26.0,Việt Nam học chuyên ngành Hướng dẫn viên du lịch
145746,TCT,huong-dan-vien-du-lich,C00,Điểm học bạ,2023,27.25,Việt Nam học (Chuyên ngành Hướng dẫn viên du lịch)
145747,TCT,huong-dan-vien-du-lich,D01,Điểm học bạ,2023,27.25,Việt Nam học (Chuyên ngành Hướng dẫn viên du lịch)
145748,TCT,huong-dan-vien-du-lich,D14,Điểm học bạ,2023,27.25,Việt Nam học (Chuyên ngành Hướng dẫn viên du lịch)
145749,TCT,huong-dan-vien-du-lich,D15,Điểm học bạ,2023,27.25,Việt Nam học (Chuyên ngành Hướng dẫn viên du lịch)
145750,TCT,huong-dan-vien-du-lich,C00,Điểm thi THPT,2023,24.63,Việt Nam học Chuyên ngành Hướng dẫn viên du lịch.
145751,TCT,huong-dan-vien-du-lich,D01,Điểm thi THPT,2023,24.63,Việt Nam học Chuyên ngành Hướng dẫn viên du lịch.
145752,TCT,huong-dan-vien-du-lich,D14,Điểm thi THPT,2023,24.63,Việt Nam học Chuyên ngành Hướng dẫn viên du lịch.
145753,TCT,huong-dan-vien-du-lich,D15,Điểm thi THPT,2023,24.63,Việt Nam học Chuyên ngành Hướng dẫn viên du lịch.
145754,TCT,ke-toan,A00,Điểm học bạ,2021,28.5,Kế toán
145755,TCT,ke-toan,A01,Điểm học bạ,2021,28.5,Kế toán
145756,TCT,ke-toan,C02,Điểm học bạ,2021,28.5,Kế toán
145757,TCT,ke-toan,D01,Điểm học bạ,2021,28.5,Kế toán
145758,TCT,ke-toan,A00,Điểm thi THPT,2021,25.5,Kế toán
145759,TCT,ke-toan,A01,Điểm thi THPT,2021,25.5,Kế toán
145760,TCT,ke-toan,C02,Điểm thi THPT,2021,25.5,Kế toán
145761,TCT,ke-toan,D01,Điểm thi THPT,2021,25.5,Kế toán
145762,TCT,ke-toan,A00,Điểm học bạ,2022,28.75,Kế toán
145763,TCT,ke-toan,A01,Điểm học bạ,2022,28.75,Kế toán
145764,TCT,ke-toan,C02,Điểm học bạ,2022,28.75,Kế toán
145765,TCT,ke-toan,D01,Điểm học bạ,2022,28.75,Kế toán
145766,TCT,ke-toan,A00,Điểm thi THPT,2022,25.0,Kế toán
145767,TCT,ke-toan,A01,Điểm thi THPT,2022,25.0,Kế toán
145768,TCT,ke-toan,C02,Điểm thi THPT,2022,25.0,Kế toán
145769,TCT,ke-toan,D01,Điểm thi THPT,2022,25.0,Kế toán
145770,TCT,ke-toan,A00,Điểm học bạ,2023,28.0,Kế toán
145771,TCT,ke-toan,A01,Điểm học bạ,2023,28.0,Kế toán
145772,TCT,ke-toan,C02,Điểm học bạ,2023,28.0,Kế toán
145773,TCT,ke-toan,D01,Điểm học bạ,2023,28.0,Kế toán
145774,TCT,ke-toan,A00,Điểm thi THPT,2023,24.76,Kế toán
145775,TCT,ke-toan,A01,Điểm thi THPT,2023,24.76,Kế toán
145776,TCT,ke-toan,C02,Điểm thi THPT,2023,24.76,Kế toán
145777,TCT,ke-toan,D01,Điểm thi THPT,2023,24.76,Kế toán
145778,TCT,ke-toan,A00,Điểm học bạ,2024,27.8,Ke toán
145779,TCT,ke-toan,A01,Điểm học bạ,2024,27.8,Ke toán
145780,TCT,ke-toan,C02,Điểm học bạ,2024,27.8,Ke toán
145781,TCT,ke-toan,D01,Điểm học bạ,2024,27.8,Ke toán
145782,TCT,ke-toan,A00,Điểm thi THPT,2024,24.2,Kế toán
145783,TCT,ke-toan,A01,Điểm thi THPT,2024,24.2,Kế toán
145784,TCT,ke-toan,C02,Điểm thi THPT,2024,24.2,Kế toán
145785,TCT,ke-toan,D01,Điểm thi THPT,2024,24.2,Kế toán
145786,TCT,ke-toan,A00,Điểm học bạ,2025,22.61,Kế toán
145787,TCT,ke-toan,A01,Điểm học bạ,2025,22.61,Kế toán
145788,TCT,ke-toan,C02,Điểm học bạ,2025,22.61,Kế toán
145789,TCT,ke-toan,D01,Điểm học bạ,2025,22.61,Kế toán
145790,TCT,ke-toan,A00,Điểm thi THPT,2025,22.61,Kế toán
145791,TCT,ke-toan,A01,Điểm thi THPT,2025,22.61,Kế toán
145792,TCT,ke-toan,C02,Điểm thi THPT,2025,22.61,Kế toán
145793,TCT,ke-toan,D01,Điểm thi THPT,2025,22.61,Kế toán
145794,TCT,ke-toan-hoc-tai-khu-soc-trang,A00,Điểm học bạ,2025,18.38,Kế toán - học tại khu Sóc Trăng
145795,TCT,ke-toan-hoc-tai-khu-soc-trang,A01,Điểm học bạ,2025,18.38,Kế toán - học tại khu Sóc Trăng
145796,TCT,ke-toan-hoc-tai-khu-soc-trang,C02,Điểm học bạ,2025,18.38,Kế toán - học tại khu Sóc Trăng
145797,TCT,ke-toan-hoc-tai-khu-soc-trang,D01,Điểm học bạ,2025,18.38,Kế toán - học tại khu Sóc Trăng
145798,TCT,ke-toan-hoc-tai-khu-soc-trang,A00,Điểm thi THPT,2025,18.38,Kế toán - học tại khu Sóc Trăng
145799,TCT,ke-toan-hoc-tai-khu-soc-trang,A01,Điểm thi THPT,2025,18.38,Kế toán - học tại khu Sóc Trăng
145800,TCT,ke-toan-hoc-tai-khu-soc-trang,C02,Điểm thi THPT,2025,18.38,Kế toán - học tại khu Sóc Trăng
145801,TCT,ke-toan-hoc-tai-khu-soc-trang,D01,Điểm thi THPT,2025,18.38,Kế toán - học tại khu Sóc Trăng
145802,TCT,khoa-hoc-cay-trong,A02,Điểm học bạ,2021,19.5,Khoa học cây trồng
145803,TCT,khoa-hoc-cay-trong,B00,Điểm học bạ,2021,19.5,Khoa học cây trồng
145804,TCT,khoa-hoc-cay-trong,D07,Điểm học bạ,2021,19.5,Khoa học cây trồng
145805,TCT,khoa-hoc-cay-trong,D08,Điểm học bạ,2021,19.5,Khoa học cây trồng
145806,TCT,khoa-hoc-cay-trong,A02,Điểm thi THPT,2021,19.25,Khoa học cây trồng
145807,TCT,khoa-hoc-cay-trong,B00,Điểm thi THPT,2021,19.25,Khoa học cây trồng
145808,TCT,khoa-hoc-cay-trong,B08,Điểm thi THPT,2021,19.25,Khoa học cây trồng
145809,TCT,khoa-hoc-cay-trong,D07,Điểm thi THPT,2021,19.25,Khoa học cây trồng
145810,TCT,khoa-hoc-cay-trong,A02,Điểm học bạ,2025,15.0,Khoa học cây trồng
145811,TCT,khoa-hoc-cay-trong,B00,Điểm học bạ,2025,15.0,Khoa học cây trồng
145812,TCT,khoa-hoc-cay-trong,B08,Điểm học bạ,2025,15.0,Khoa học cây trồng
145813,TCT,khoa-hoc-cay-trong,D07,Điểm học bạ,2025,15.0,Khoa học cây trồng
145814,TCT,khoa-hoc-cay-trong,A02,Điểm thi THPT,2025,15.0,Khoa học cây trồng
145815,TCT,khoa-hoc-cay-trong,B00,Điểm thi THPT,2025,15.0,Khoa học cây trồng
145816,TCT,khoa-hoc-cay-trong,B08,Điểm thi THPT,2025,15.0,Khoa học cây trồng
145817,TCT,khoa-hoc-cay-trong,D07,Điểm thi THPT,2025,15.0,Khoa học cây trồng
145818,TCT,khoa-hoc-cay-trong-2-chuyen-nganh-khoa-hoc-cay-trong-nong-nghiep-cong-nghe-cao,A02,Điểm học bạ,2022,22.25,"Khoa học cây trồng, 2 chuyên ngành: Khoa học cây trồng; Nông nghiệp công nghệ cao"
145819,TCT,khoa-hoc-cay-trong-2-chuyen-nganh-khoa-hoc-cay-trong-nong-nghiep-cong-nghe-cao,B00,Điểm học bạ,2022,22.25,"Khoa học cây trồng, 2 chuyên ngành: Khoa học cây trồng; Nông nghiệp công nghệ cao"
145820,TCT,khoa-hoc-cay-trong-2-chuyen-nganh-khoa-hoc-cay-trong-nong-nghiep-cong-nghe-cao,B08,Điểm học bạ,2022,22.25,"Khoa học cây trồng, 2 chuyên ngành: Khoa học cây trồng; Nông nghiệp công nghệ cao"
145821,TCT,khoa-hoc-cay-trong-2-chuyen-nganh-khoa-hoc-cay-trong-nong-nghiep-cong-nghe-cao,D07,Điểm học bạ,2022,22.25,"Khoa học cây trồng, 2 chuyên ngành: Khoa học cây trồng; Nông nghiệp công nghệ cao"
145822,TCT,khoa-hoc-cay-trong-2-chuyen-nganh-khoa-hoc-cay-trong-nong-nghiep-cong-nghe-cao,A02,Điểm thi THPT,2022,15.0,Khoa học cây trồng; 2 chuyên ngành: - Khoa học cây trồng; - Nông nghiệp công nghệ cao.
145823,TCT,khoa-hoc-cay-trong-2-chuyen-nganh-khoa-hoc-cay-trong-nong-nghiep-cong-nghe-cao,B00,Điểm thi THPT,2022,15.0,Khoa học cây trồng; 2 chuyên ngành: - Khoa học cây trồng; - Nông nghiệp công nghệ cao.
145824,TCT,khoa-hoc-cay-trong-2-chuyen-nganh-khoa-hoc-cay-trong-nong-nghiep-cong-nghe-cao,B08,Điểm thi THPT,2022,15.0,Khoa học cây trồng; 2 chuyên ngành: - Khoa học cây trồng; - Nông nghiệp công nghệ cao.
145825,TCT,khoa-hoc-cay-trong-2-chuyen-nganh-khoa-hoc-cay-trong-nong-nghiep-cong-nghe-cao,D07,Điểm thi THPT,2022,15.0,Khoa học cây trồng; 2 chuyên ngành: - Khoa học cây trồng; - Nông nghiệp công nghệ cao.
145826,TCT,khoa-hoc-cay-trong-2-chuyen-nganh-khoa-hoc-cay-trong-nong-nghiep-cong-nghe-cao,A02,Điểm học bạ,2023,20.0,"Khoa học cây trồng, 2 chuyên ngành: Khoa học cây trồng; Nông nghiệp công nghệ cao"
145827,TCT,khoa-hoc-cay-trong-2-chuyen-nganh-khoa-hoc-cay-trong-nong-nghiep-cong-nghe-cao,B00,Điểm học bạ,2023,20.0,"Khoa học cây trồng, 2 chuyên ngành: Khoa học cây trồng; Nông nghiệp công nghệ cao"
145828,TCT,khoa-hoc-cay-trong-2-chuyen-nganh-khoa-hoc-cay-trong-nong-nghiep-cong-nghe-cao,B08,Điểm học bạ,2023,20.0,"Khoa học cây trồng, 2 chuyên ngành: Khoa học cây trồng; Nông nghiệp công nghệ cao"
145829,TCT,khoa-hoc-cay-trong-2-chuyen-nganh-khoa-hoc-cay-trong-nong-nghiep-cong-nghe-cao,D07,Điểm học bạ,2023,20.0,"Khoa học cây trồng, 2 chuyên ngành: Khoa học cây trồng; Nông nghiệp công nghệ cao"
145830,TCT,khoa-hoc-cay-trong-2-chuyen-nganh-khoa-hoc-cay-trong-nong-nghiep-cong-nghe-cao,A02,Điểm thi THPT,2023,15.0,"Khoa học cây trồng, 2 chuyên ngành: - Khoa học cây trồng: - Nông nghiệp công nghệ cao."
145831,TCT,khoa-hoc-cay-trong-2-chuyen-nganh-khoa-hoc-cay-trong-nong-nghiep-cong-nghe-cao,B00,Điểm thi THPT,2023,15.0,"Khoa học cây trồng, 2 chuyên ngành: - Khoa học cây trồng: - Nông nghiệp công nghệ cao."
145832,TCT,khoa-hoc-cay-trong-2-chuyen-nganh-khoa-hoc-cay-trong-nong-nghiep-cong-nghe-cao,B08,Điểm thi THPT,2023,15.0,"Khoa học cây trồng, 2 chuyên ngành: - Khoa học cây trồng: - Nông nghiệp công nghệ cao."
145833,TCT,khoa-hoc-cay-trong-2-chuyen-nganh-khoa-hoc-cay-trong-nong-nghiep-cong-nghe-cao,D07,Điểm thi THPT,2023,15.0,"Khoa học cây trồng, 2 chuyên ngành: - Khoa học cây trồng: - Nông nghiệp công nghệ cao."
145834,TCT,khoa-hoc-cay-trong-2-chuyen-nganh-khoa-hoc-cay-trong-nong-nghiep-cong-nghe-cao,A02,Điểm học bạ,2024,19.5,"Khoa học cây trồng, 2 chuyên ngành: - Khoa học cây trồng; - Nông nghiệp công nghệ cao."
145835,TCT,khoa-hoc-cay-trong-2-chuyen-nganh-khoa-hoc-cay-trong-nong-nghiep-cong-nghe-cao,B00,Điểm học bạ,2024,19.5,"Khoa học cây trồng, 2 chuyên ngành: - Khoa học cây trồng; - Nông nghiệp công nghệ cao."
145836,TCT,khoa-hoc-cay-trong-2-chuyen-nganh-khoa-hoc-cay-trong-nong-nghiep-cong-nghe-cao,B08,Điểm học bạ,2024,19.5,"Khoa học cây trồng, 2 chuyên ngành: - Khoa học cây trồng; - Nông nghiệp công nghệ cao."
145837,TCT,khoa-hoc-cay-trong-2-chuyen-nganh-khoa-hoc-cay-trong-nong-nghiep-cong-nghe-cao,D07,Điểm học bạ,2024,19.5,"Khoa học cây trồng, 2 chuyên ngành: - Khoa học cây trồng; - Nông nghiệp công nghệ cao."
145838,TCT,khoa-hoc-cay-trong-2-chuyen-nganh-khoa-hoc-cay-trong-nong-nghiep-cong-nghe-cao,A02,Điểm thi THPT,2024,15.0,"Khoa học cây trồng, 2 chuyên ngành: - Khoa học cây trồng; - Nông nghiệp công nghệ cao."
145839,TCT,khoa-hoc-cay-trong-2-chuyen-nganh-khoa-hoc-cay-trong-nong-nghiep-cong-nghe-cao,B00,Điểm thi THPT,2024,15.0,"Khoa học cây trồng, 2 chuyên ngành: - Khoa học cây trồng; - Nông nghiệp công nghệ cao."
145840,TCT,khoa-hoc-cay-trong-2-chuyen-nganh-khoa-hoc-cay-trong-nong-nghiep-cong-nghe-cao,B08,Điểm thi THPT,2024,15.0,"Khoa học cây trồng, 2 chuyên ngành: - Khoa học cây trồng; - Nông nghiệp công nghệ cao."
145841,TCT,khoa-hoc-cay-trong-2-chuyen-nganh-khoa-hoc-cay-trong-nong-nghiep-cong-nghe-cao,D07,Điểm thi THPT,2024,15.0,"Khoa học cây trồng, 2 chuyên ngành: - Khoa học cây trồng; - Nông nghiệp công nghệ cao."
145842,TCT,khoa-hoc-dat,A00,Điểm học bạ,2021,19.5,Khoa học đất
145843,TCT,khoa-hoc-dat,B00,Điểm học bạ,2021,19.5,Khoa học đất
145844,TCT,khoa-hoc-dat,D07,Điểm học bạ,2021,19.5,Khoa học đất
145845,TCT,khoa-hoc-dat,D08,Điểm học bạ,2021,19.5,Khoa học đất
145846,TCT,khoa-hoc-dat,A00,Điểm thi THPT,2021,15.5,Khoa học đất
145847,TCT,khoa-hoc-dat,B00,Điểm thi THPT,2021,15.5,Khoa học đất
145848,TCT,khoa-hoc-dat,B08,Điểm thi THPT,2021,15.5,Khoa học đất
145849,TCT,khoa-hoc-dat,D07,Điểm thi THPT,2021,15.5,Khoa học đất
145850,TCT,khoa-hoc-dat,A00,Điểm học bạ,2024,18.0,Khoa học đất (Quản lý đất và công nghệ phân bón)
145851,TCT,khoa-hoc-dat,B00,Điểm học bạ,2024,18.0,Khoa học đất (Quản lý đất và công nghệ phân bón)
145852,TCT,khoa-hoc-dat,B08,Điểm học bạ,2024,18.0,Khoa học đất (Quản lý đất và công nghệ phân bón)
145853,TCT,khoa-hoc-dat,D07,Điểm học bạ,2024,18.0,Khoa học đất (Quản lý đất và công nghệ phân bón)
145854,TCT,khoa-hoc-dat,A00,Điểm thi THPT,2024,15.0,Khoa học đất (Quản lý đất và công nghệ phân bón)
145855,TCT,khoa-hoc-dat,B00,Điểm thi THPT,2024,15.0,Khoa học đất (Quản lý đất và công nghệ phân bón)
145856,TCT,khoa-hoc-dat,B08,Điểm thi THPT,2024,15.0,Khoa học đất (Quản lý đất và công nghệ phân bón)
145857,TCT,khoa-hoc-dat,D07,Điểm thi THPT,2024,15.0,Khoa học đất (Quản lý đất và công nghệ phân bón)
145858,TCT,khoa-hoc-dat,A00,Điểm học bạ,2025,15.0,Khoa học đất
145859,TCT,khoa-hoc-dat,B00,Điểm học bạ,2025,15.0,Khoa học đất
145860,TCT,khoa-hoc-dat,B08,Điểm học bạ,2025,15.0,Khoa học đất
145861,TCT,khoa-hoc-dat,D07,Điểm học bạ,2025,15.0,Khoa học đất
145862,TCT,khoa-hoc-dat,A00,Điểm thi THPT,2025,15.0,Khoa học đất
145863,TCT,khoa-hoc-dat,B00,Điểm thi THPT,2025,15.0,Khoa học đất
145864,TCT,khoa-hoc-dat,B08,Điểm thi THPT,2025,15.0,Khoa học đất
145865,TCT,khoa-hoc-dat,D07,Điểm thi THPT,2025,15.0,Khoa học đất
145866,TCT,khoa-hoc-may-tinh,A00,Điểm học bạ,2021,27.0,Khoa học máy tính
145867,TCT,khoa-hoc-may-tinh,A01,Điểm học bạ,2021,27.0,Khoa học máy tính
145868,TCT,khoa-hoc-may-tinh,A00,Điểm thi THPT,2021,25.0,Khoa học máy tính
145869,TCT,khoa-hoc-may-tinh,A01,Điểm thi THPT,2021,25.0,Khoa học máy tính
145870,TCT,khoa-hoc-may-tinh,A00,Điểm học bạ,2022,28.5,Khoa học máy tính
145871,TCT,khoa-hoc-may-tinh,A01,Điểm học bạ,2022,28.5,Khoa học máy tính
145872,TCT,khoa-hoc-may-tinh,A00,Điểm thi THPT,2022,25.4,Khoa học máy tính
145873,TCT,khoa-hoc-may-tinh,A01,Điểm thi THPT,2022,25.4,Khoa học máy tính
145874,TCT,khoa-hoc-may-tinh,A00,Điểm học bạ,2023,28.25,Khoa học máy tính
145875,TCT,khoa-hoc-may-tinh,A01,Điểm học bạ,2023,28.25,Khoa học máy tính
145876,TCT,khoa-hoc-may-tinh,A00,Điểm thi THPT,2023,24.4,Khoa học máy tính
145877,TCT,khoa-hoc-may-tinh,A01,Điểm thi THPT,2023,24.4,Khoa học máy tính
145878,TCT,khoa-hoc-may-tinh,A00,Điểm học bạ,2024,28.25,Khoa học máy tính
145879,TCT,khoa-hoc-may-tinh,A01,Điểm học bạ,2024,28.25,Khoa học máy tính
145880,TCT,khoa-hoc-may-tinh,A00,Điểm thi THPT,2024,24.43,Khoa học máy tính
145881,TCT,khoa-hoc-may-tinh,A01,Điểm thi THPT,2024,24.43,Khoa học máy tính
145882,TCT,khoa-hoc-may-tinh,A00,Điểm học bạ,2025,23.07,Khoa học máy tính
145883,TCT,khoa-hoc-may-tinh,A01,Điểm học bạ,2025,23.07,Khoa học máy tính
145884,TCT,khoa-hoc-may-tinh,X06,Điểm học bạ,2025,23.07,Khoa học máy tính
145885,TCT,khoa-hoc-may-tinh,X26,Điểm học bạ,2025,23.07,Khoa học máy tính
145886,TCT,khoa-hoc-may-tinh,A00,Điểm thi THPT,2025,23.07,Khoa học máy tính
145887,TCT,khoa-hoc-may-tinh,A01,Điểm thi THPT,2025,23.07,Khoa học máy tính
145888,TCT,khoa-hoc-may-tinh,X06,Điểm thi THPT,2025,23.07,Khoa học máy tính
145889,TCT,khoa-hoc-may-tinh,X26,Điểm thi THPT,2025,23.07,Khoa học máy tính
145890,TCT,khoa-hoc-moi-truong,A00,Điểm học bạ,2021,19.5,Khoa học môi trường
145891,TCT,khoa-hoc-moi-truong,B00,Điểm học bạ,2021,19.5,Khoa học môi trường
145892,TCT,khoa-hoc-moi-truong,D07,Điểm học bạ,2021,19.5,Khoa học môi trường
145893,TCT,khoa-hoc-moi-truong,A00,Điểm thi THPT,2021,19.25,Khoa học môi trường
145894,TCT,khoa-hoc-moi-truong,A02,Điểm thi THPT,2021,19.25,Khoa học môi trường
145895,TCT,khoa-hoc-moi-truong,B00,Điểm thi THPT,2021,19.25,Khoa học môi trường
145896,TCT,khoa-hoc-moi-truong,D07,Điểm thi THPT,2021,19.25,Khoa học môi trường
145897,TCT,khoa-hoc-moi-truong,A00,Điểm học bạ,2022,22.5,Khoa học môi trường
145898,TCT,khoa-hoc-moi-truong,A02,Điểm học bạ,2022,22.5,Khoa học môi trường
145899,TCT,khoa-hoc-moi-truong,B00,Điểm học bạ,2022,22.5,Khoa học môi trường
145900,TCT,khoa-hoc-moi-truong,D07,Điểm học bạ,2022,22.5,Khoa học môi trường
145901,TCT,khoa-hoc-moi-truong,A00,Điểm thi THPT,2022,20.0,Khoa học môi trường
145902,TCT,khoa-hoc-moi-truong,A02,Điểm thi THPT,2022,20.0,Khoa học môi trường
145903,TCT,khoa-hoc-moi-truong,B00,Điểm thi THPT,2022,20.0,Khoa học môi trường
145904,TCT,khoa-hoc-moi-truong,D07,Điểm thi THPT,2022,20.0,Khoa học môi trường
145905,TCT,khoa-hoc-moi-truong,A00,Điểm học bạ,2023,23.0,Khoa học môi trường
145906,TCT,khoa-hoc-moi-truong,A02,Điểm học bạ,2023,23.0,Khoa học môi trường
145907,TCT,khoa-hoc-moi-truong,B00,Điểm học bạ,2023,23.0,Khoa học môi trường
145908,TCT,khoa-hoc-moi-truong,D07,Điểm học bạ,2023,23.0,Khoa học môi trường
145909,TCT,khoa-hoc-moi-truong,A00,Điểm thi THPT,2023,20.0,Khoa học môi trường
145910,TCT,khoa-hoc-moi-truong,A02,Điểm thi THPT,2023,20.0,Khoa học môi trường
145911,TCT,khoa-hoc-moi-truong,B00,Điểm thi THPT,2023,20.0,Khoa học môi trường
145912,TCT,khoa-hoc-moi-truong,D07,Điểm thi THPT,2023,20.0,Khoa học môi trường
145913,TCT,khoa-hoc-moi-truong,A00,Điểm học bạ,2024,18.75,Khoa học môi trường
145914,TCT,khoa-hoc-moi-truong,A02,Điểm học bạ,2024,18.75,Khoa học môi trường
145915,TCT,khoa-hoc-moi-truong,B00,Điểm học bạ,2024,18.75,Khoa học môi trường
145916,TCT,khoa-hoc-moi-truong,D07,Điểm học bạ,2024,18.75,Khoa học môi trường
145917,TCT,khoa-hoc-moi-truong,A00,Điểm thi THPT,2024,15.0,Khoa học môi trường
145918,TCT,khoa-hoc-moi-truong,A02,Điểm thi THPT,2024,15.0,Khoa học môi trường
145919,TCT,khoa-hoc-moi-truong,B00,Điểm thi THPT,2024,15.0,Khoa học môi trường
145920,TCT,khoa-hoc-moi-truong,D07,Điểm thi THPT,2024,15.0,Khoa học môi trường
145921,TCT,khoa-hoc-moi-truong,A00,Điểm học bạ,2025,15.0,Khoa học môi trường
145922,TCT,khoa-hoc-moi-truong,A02,Điểm học bạ,2025,15.0,Khoa học môi trường
145923,TCT,khoa-hoc-moi-truong,B00,Điểm học bạ,2025,15.0,Khoa học môi trường
145924,TCT,khoa-hoc-moi-truong,D07,Điểm học bạ,2025,15.0,Khoa học môi trường
145925,TCT,khoa-hoc-moi-truong,A00,Điểm thi THPT,2025,15.0,Khoa học môi trường
145926,TCT,khoa-hoc-moi-truong,A02,Điểm thi THPT,2025,15.0,Khoa học môi trường
145927,TCT,khoa-hoc-moi-truong,B00,Điểm thi THPT,2025,15.0,Khoa học môi trường
145928,TCT,khoa-hoc-moi-truong,D07,Điểm thi THPT,2025,15.0,Khoa học môi trường
145929,TCT,kiem-toan,A00,Điểm học bạ,2021,27.5,Kiểm toán
145930,TCT,kiem-toan,A01,Điểm học bạ,2021,27.5,Kiểm toán
145931,TCT,kiem-toan,C02,Điểm học bạ,2021,27.5,Kiểm toán
145932,TCT,kiem-toan,D01,Điểm học bạ,2021,27.5,Kiểm toán
145933,TCT,kiem-toan,A00,Điểm thi THPT,2021,25.25,Kiểm toán
145934,TCT,kiem-toan,A01,Điểm thi THPT,2021,25.25,Kiểm toán
145935,TCT,kiem-toan,C02,Điểm thi THPT,2021,25.25,Kiểm toán
145936,TCT,kiem-toan,D01,Điểm thi THPT,2021,25.25,Kiểm toán
145937,TCT,kiem-toan,A00,Điểm học bạ,2022,28.0,Kiểm toán
145938,TCT,kiem-toan,A01,Điểm học bạ,2022,28.0,Kiểm toán
145939,TCT,kiem-toan,C02,Điểm học bạ,2022,28.0,Kiểm toán
145940,TCT,kiem-toan,D01,Điểm học bạ,2022,28.0,Kiểm toán
145941,TCT,kiem-toan,A00,Điểm thi THPT,2022,24.0,Kiểm toán
145942,TCT,kiem-toan,A01,Điểm thi THPT,2022,24.0,Kiểm toán
145943,TCT,kiem-toan,C02,Điểm thi THPT,2022,24.0,Kiểm toán
145944,TCT,kiem-toan,D01,Điểm thi THPT,2022,24.0,Kiểm toán
145945,TCT,kiem-toan,A00,Điểm học bạ,2023,27.25,Kiểm toán
145946,TCT,kiem-toan,A01,Điểm học bạ,2023,27.25,Kiểm toán
145947,TCT,kiem-toan,C02,Điểm học bạ,2023,27.25,Kiểm toán
145948,TCT,kiem-toan,D01,Điểm học bạ,2023,27.25,Kiểm toán
145949,TCT,kiem-toan,A00,Điểm thi THPT,2023,24.58,Kiểm toán
145950,TCT,kiem-toan,A01,Điểm thi THPT,2023,24.58,Kiểm toán
145951,TCT,kiem-toan,C02,Điểm thi THPT,2023,24.58,Kiểm toán
145952,TCT,kiem-toan,D01,Điểm thi THPT,2023,24.58,Kiểm toán
145953,TCT,kiem-toan,A00,Điểm học bạ,2024,27.85,Kiểm toán
145954,TCT,kiem-toan,A01,Điểm học bạ,2024,27.85,Kiểm toán
145955,TCT,kiem-toan,C02,Điểm học bạ,2024,27.85,Kiểm toán
145956,TCT,kiem-toan,D01,Điểm học bạ,2024,27.85,Kiểm toán
145957,TCT,kiem-toan,A00,Điểm thi THPT,2024,23.7,Kiểm toán
145958,TCT,kiem-toan,A01,Điểm thi THPT,2024,23.7,Kiểm toán
145959,TCT,kiem-toan,C02,Điểm thi THPT,2024,23.7,Kiểm toán
145960,TCT,kiem-toan,D01,Điểm thi THPT,2024,23.7,Kiểm toán
145961,TCT,kiem-toan,A00,Điểm học bạ,2025,21.75,Kiểm toán
145962,TCT,kiem-toan,A01,Điểm học bạ,2025,21.75,Kiểm toán
145963,TCT,kiem-toan,C02,Điểm học bạ,2025,21.75,Kiểm toán
145964,TCT,kiem-toan,D01,Điểm học bạ,2025,21.75,Kiểm toán
145965,TCT,kiem-toan,A00,Điểm thi THPT,2025,21.75,Kiểm toán
145966,TCT,kiem-toan,A01,Điểm thi THPT,2025,21.75,Kiểm toán
145967,TCT,kiem-toan,C02,Điểm thi THPT,2025,21.75,Kiểm toán
145968,TCT,kiem-toan,D01,Điểm thi THPT,2025,21.75,Kiểm toán
145969,TCT,kien-truc,V00,Điểm học bạ,2023,21.5,Kiến trúc
145970,TCT,kien-truc,V01,Điểm học bạ,2023,21.5,Kiến trúc
145971,TCT,kien-truc,V02,Điểm học bạ,2023,21.5,Kiến trúc
145972,TCT,kien-truc,V03,Điểm học bạ,2023,21.5,Kiến trúc
145973,TCT,kien-truc,V00,Điểm thi THPT,2023,18.0,Kiến trúc
145974,TCT,kien-truc,V01,Điểm thi THPT,2023,18.0,Kiến trúc
145975,TCT,kien-truc,V02,Điểm thi THPT,2023,18.0,Kiến trúc
145976,TCT,kien-truc,V03,Điểm thi THPT,2023,18.0,Kiến trúc
145977,TCT,kien-truc,V00,Điểm học bạ,2024,24.0,Kiến trúc
145978,TCT,kien-truc,V01,Điểm học bạ,2024,24.0,Kiến trúc
145979,TCT,kien-truc,V02,Điểm học bạ,2024,24.0,Kiến trúc
145980,TCT,kien-truc,V03,Điểm học bạ,2024,24.0,Kiến trúc
145981,TCT,kien-truc,V00,Điểm thi THPT,2024,21.5,Kiến trúc
145982,TCT,kien-truc,V01,Điểm thi THPT,2024,21.5,Kiến trúc
145983,TCT,kien-truc,V02,Điểm thi THPT,2024,21.5,Kiến trúc
145984,TCT,kien-truc,V03,Điểm thi THPT,2024,21.5,Kiến trúc
145985,TCT,kien-truc,V00,Điểm học bạ,2025,18.1,Kiến trúc
145986,TCT,kien-truc,V01,Điểm học bạ,2025,18.1,Kiến trúc
145987,TCT,kien-truc,V02,Điểm học bạ,2025,18.1,Kiến trúc
145988,TCT,kien-truc,V03,Điểm học bạ,2025,18.1,Kiến trúc
145989,TCT,kien-truc,V00,Điểm thi THPT,2025,18.1,Kiến trúc
145990,TCT,kien-truc,V01,Điểm thi THPT,2025,18.1,Kiến trúc
145991,TCT,kien-truc,V02,Điểm thi THPT,2025,18.1,Kiến trúc
145992,TCT,kien-truc,V03,Điểm thi THPT,2025,18.1,Kiến trúc
145993,TCT,kinh-doanh-nong-nghiep,A00,Điểm học bạ,2021,19.5,Kinh doanh nông nghiệp (học tại Khu Hòa An)
145994,TCT,kinh-doanh-nong-nghiep,A01,Điểm học bạ,2021,19.5,Kinh doanh nông nghiệp (học tại Khu Hòa An)
145995,TCT,kinh-doanh-nong-nghiep,C02,Điểm học bạ,2021,19.5,Kinh doanh nông nghiệp (học tại Khu Hòa An)
145996,TCT,kinh-doanh-nong-nghiep,D01,Điểm học bạ,2021,19.5,Kinh doanh nông nghiệp (học tại Khu Hòa An)
145997,TCT,kinh-doanh-nong-nghiep,A00,Điểm thi THPT,2021,18.25,Kinh doanh nông nghiệp (học tại Khu Hòa An)
145998,TCT,kinh-doanh-nong-nghiep,A01,Điểm thi THPT,2021,18.25,Kinh doanh nông nghiệp (học tại Khu Hòa An)
145999,TCT,kinh-doanh-nong-nghiep,C02,Điểm thi THPT,2021,18.25,Kinh doanh nông nghiệp (học tại Khu Hòa An)
146000,TCT,kinh-doanh-nong-nghiep,D01,Điểm thi THPT,2021,18.25,Kinh doanh nông nghiệp (học tại Khu Hòa An)
146001,TCT,kinh-doanh-nong-nghiep,A00,Điểm học bạ,2022,19.5,Kinh doanh nông nghiệp (Khu Hòa An)
146002,TCT,kinh-doanh-nong-nghiep,A01,Điểm học bạ,2022,19.5,Kinh doanh nông nghiệp (Khu Hòa An)
146003,TCT,kinh-doanh-nong-nghiep,C02,Điểm học bạ,2022,19.5,Kinh doanh nông nghiệp (Khu Hòa An)
146004,TCT,kinh-doanh-nong-nghiep,D01,Điểm học bạ,2022,19.5,Kinh doanh nông nghiệp (Khu Hòa An)
146005,TCT,kinh-doanh-nong-nghiep,A00,Điểm thi THPT,2022,15.25,Kinh doanh nông nghiệp (học tại Khu Hòa An)
146006,TCT,kinh-doanh-nong-nghiep,A01,Điểm thi THPT,2022,15.25,Kinh doanh nông nghiệp (học tại Khu Hòa An)
146007,TCT,kinh-doanh-nong-nghiep,C02,Điểm thi THPT,2022,15.25,Kinh doanh nông nghiệp (học tại Khu Hòa An)
146008,TCT,kinh-doanh-nong-nghiep,D01,Điểm thi THPT,2022,15.25,Kinh doanh nông nghiệp (học tại Khu Hòa An)
146009,TCT,kinh-doanh-nong-nghiep,A00,Điểm học bạ,2023,18.0,Kinh doanh nông nghiệp (Khu Hòa An)
146010,TCT,kinh-doanh-nong-nghiep,A01,Điểm học bạ,2023,18.0,Kinh doanh nông nghiệp (Khu Hòa An)
146011,TCT,kinh-doanh-nong-nghiep,C02,Điểm học bạ,2023,18.0,Kinh doanh nông nghiệp (Khu Hòa An)
146012,TCT,kinh-doanh-nong-nghiep,D01,Điểm học bạ,2023,18.0,Kinh doanh nông nghiệp (Khu Hòa An)
146013,TCT,kinh-doanh-nong-nghiep,A00,Điểm thi THPT,2023,15.0,Kinh doanh nông nghiệp (Khu Hòa An)
146014,TCT,kinh-doanh-nong-nghiep,A01,Điểm thi THPT,2023,15.0,Kinh doanh nông nghiệp (Khu Hòa An)
146015,TCT,kinh-doanh-nong-nghiep,C02,Điểm thi THPT,2023,15.0,Kinh doanh nông nghiệp (Khu Hòa An)
146016,TCT,kinh-doanh-nong-nghiep,D01,Điểm thi THPT,2023,15.0,Kinh doanh nông nghiệp (Khu Hòa An)
146017,TCT,kinh-doanh-nong-nghiep,A00,Điểm học bạ,2024,18.0,Kinh doanh nông nghiệp (Khu Hòa An)
146018,TCT,kinh-doanh-nong-nghiep,A01,Điểm học bạ,2024,18.0,Kinh doanh nông nghiệp (Khu Hòa An)
146019,TCT,kinh-doanh-nong-nghiep,C02,Điểm học bạ,2024,18.0,Kinh doanh nông nghiệp (Khu Hòa An)
146020,TCT,kinh-doanh-nong-nghiep,D01,Điểm học bạ,2024,18.0,Kinh doanh nông nghiệp (Khu Hòa An)
146021,TCT,kinh-doanh-nong-nghiep,A00,Điểm thi THPT,2024,15.0,Kinh doanh nông nghiệp (Khu Hòa An)
146022,TCT,kinh-doanh-nong-nghiep,A01,Điểm thi THPT,2024,15.0,Kinh doanh nông nghiệp (Khu Hòa An)
146023,TCT,kinh-doanh-nong-nghiep,C02,Điểm thi THPT,2024,15.0,Kinh doanh nông nghiệp (Khu Hòa An)
146024,TCT,kinh-doanh-nong-nghiep,D01,Điểm thi THPT,2024,15.0,Kinh doanh nông nghiệp (Khu Hòa An)
146025,TCT,kinh-doanh-nong-nghiep-hoc-tai-khu-hoa-an,A00,Điểm học bạ,2025,15.0,Kinh doanh nông nghiệp - học tại khu Hòa An
146026,TCT,kinh-doanh-nong-nghiep-hoc-tai-khu-hoa-an,A01,Điểm học bạ,2025,15.0,Kinh doanh nông nghiệp - học tại khu Hòa An
146027,TCT,kinh-doanh-nong-nghiep-hoc-tai-khu-hoa-an,C02,Điểm học bạ,2025,15.0,Kinh doanh nông nghiệp - học tại khu Hòa An
146028,TCT,kinh-doanh-nong-nghiep-hoc-tai-khu-hoa-an,D01,Điểm học bạ,2025,15.0,Kinh doanh nông nghiệp - học tại khu Hòa An
146029,TCT,kinh-doanh-nong-nghiep-hoc-tai-khu-hoa-an,A00,Điểm thi THPT,2025,15.0,Kinh doanh nông nghiệp - học tại khu Hòa An
146030,TCT,kinh-doanh-nong-nghiep-hoc-tai-khu-hoa-an,A01,Điểm thi THPT,2025,15.0,Kinh doanh nông nghiệp - học tại khu Hòa An
146031,TCT,kinh-doanh-nong-nghiep-hoc-tai-khu-hoa-an,C02,Điểm thi THPT,2025,15.0,Kinh doanh nông nghiệp - học tại khu Hòa An
146032,TCT,kinh-doanh-nong-nghiep-hoc-tai-khu-hoa-an,D01,Điểm thi THPT,2025,15.0,Kinh doanh nông nghiệp - học tại khu Hòa An
146033,TCT,kinh-doanh-quoc-te,A00,Điểm học bạ,2021,29.0,Kinh doanh quốc tế
146034,TCT,kinh-doanh-quoc-te,A01,Điểm học bạ,2021,29.0,Kinh doanh quốc tế
146035,TCT,kinh-doanh-quoc-te,C02,Điểm học bạ,2021,29.0,Kinh doanh quốc tế
146036,TCT,kinh-doanh-quoc-te,D01,Điểm học bạ,2021,29.0,Kinh doanh quốc tế
146037,TCT,kinh-doanh-quoc-te,D07,Điểm học bạ,2021,27.0,Kinh doanh quốc tế (CTCLC)
146038,TCT,kinh-doanh-quoc-te,A00,Điểm thi THPT,2021,26.5,Kinh doanh quốc tế
146039,TCT,kinh-doanh-quoc-te,A01,Điểm thi THPT,2021,26.5,Kinh doanh quốc tế
146040,TCT,kinh-doanh-quoc-te,C02,Điểm thi THPT,2021,26.5,Kinh doanh quốc tế
146041,TCT,kinh-doanh-quoc-te,D01,Điểm thi THPT,2021,26.5,Kinh doanh quốc tế
146042,TCT,kinh-doanh-quoc-te,D07,Điểm thi THPT,2021,25.0,Kinh doanh quốc tế (CTCLC)
146043,TCT,kinh-doanh-quoc-te,A00,Điểm học bạ,2022,29.25,Kinh doanh quốc tế
146044,TCT,kinh-doanh-quoc-te,A01,Điểm học bạ,2022,29.25,Kinh doanh quốc tế
146045,TCT,kinh-doanh-quoc-te,C02,Điểm học bạ,2022,29.25,Kinh doanh quốc tế
146046,TCT,kinh-doanh-quoc-te,D01,Điểm học bạ,2022,29.25,Kinh doanh quốc tế
146047,TCT,kinh-doanh-quoc-te,D07,Điểm học bạ,2022,27.75,Kinh doanh quốc tế (CTCLC)
146048,TCT,kinh-doanh-quoc-te,A00,Điểm thi THPT,2022,24.5,Kinh doanh quốc tế
146049,TCT,kinh-doanh-quoc-te,A01,Điểm thi THPT,2022,24.5,Kinh doanh quốc tế
146050,TCT,kinh-doanh-quoc-te,C02,Điểm thi THPT,2022,24.5,Kinh doanh quốc tế
146051,TCT,kinh-doanh-quoc-te,D01,Điểm thi THPT,2022,24.5,Kinh doanh quốc tế
146052,TCT,kinh-doanh-quoc-te,D07,Điểm thi THPT,2022,23.75,Kinh doanh quốc tế (CTCLC)
146053,TCT,kinh-doanh-quoc-te,A00,Điểm học bạ,2023,28.5,Kinh doanh quốc tế
146054,TCT,kinh-doanh-quoc-te,A01,Điểm học bạ,2023,28.5,Kinh doanh quốc tế
146055,TCT,kinh-doanh-quoc-te,C02,Điểm học bạ,2023,28.5,Kinh doanh quốc tế
146056,TCT,kinh-doanh-quoc-te,D01,Điểm học bạ,2023,28.5,Kinh doanh quốc tế
146057,TCT,kinh-doanh-quoc-te,D07,Điểm học bạ,2023,27.5,Kinh doanh quốc tế (CTCLC)
146058,TCT,kinh-doanh-quoc-te,A00,Điểm thi THPT,2023,25.1,Kinh doanh quốc tế
146059,TCT,kinh-doanh-quoc-te,A01,Điểm thi THPT,2023,25.1,Kinh doanh quốc tế
146060,TCT,kinh-doanh-quoc-te,C02,Điểm thi THPT,2023,25.1,Kinh doanh quốc tế
146061,TCT,kinh-doanh-quoc-te,D01,Điểm thi THPT,2023,25.1,Kinh doanh quốc tế
146062,TCT,kinh-doanh-quoc-te,D07,Điểm thi THPT,2023,24.2,Kinh doanh quốc tế (CTCLC)
146063,TCT,kinh-doanh-quoc-te,A00,Điểm học bạ,2024,28.5,Kinh doanh quốc tế
146064,TCT,kinh-doanh-quoc-te,A01,Điểm học bạ,2024,28.5,Kinh doanh quốc tế
146065,TCT,kinh-doanh-quoc-te,C02,Điểm học bạ,2024,28.5,Kinh doanh quốc tế
146066,TCT,kinh-doanh-quoc-te,D01,Điểm học bạ,2024,28.5,Kinh doanh quốc tế
146067,TCT,kinh-doanh-quoc-te,D07,Điểm học bạ,2024,27.6,Kinh doanh quốc tế (CTCLC)
146068,TCT,kinh-doanh-quoc-te,A00,Điểm thi THPT,2024,24.8,Kinh doanh quốc tế
146069,TCT,kinh-doanh-quoc-te,A01,Điểm thi THPT,2024,24.8,Kinh doanh quốc tế
146070,TCT,kinh-doanh-quoc-te,C02,Điểm thi THPT,2024,24.8,Kinh doanh quốc tế
146071,TCT,kinh-doanh-quoc-te,D01,Điểm thi THPT,2024,24.8,Kinh doanh quốc tế
146072,TCT,kinh-doanh-quoc-te,D07,Điểm thi THPT,2024,23.7,Kinh doanh quốc tế (CTCLC)
146073,TCT,kinh-doanh-quoc-te,A00,Điểm học bạ,2025,22.47,Kinh doanh quốc tế
146074,TCT,kinh-doanh-quoc-te,A01,Điểm học bạ,2025,22.47,Kinh doanh quốc tế
146075,TCT,kinh-doanh-quoc-te,C02,Điểm học bạ,2025,22.47,Kinh doanh quốc tế
146076,TCT,kinh-doanh-quoc-te,D01,Điểm học bạ,2025,22.47,Kinh doanh quốc tế
146077,TCT,kinh-doanh-quoc-te,D07,Điểm học bạ,2025,20.75,Kinh doanh quốc tế (CTCLC)
146078,TCT,kinh-doanh-quoc-te,X26,Điểm học bạ,2025,20.75,Kinh doanh quốc tế (CTCLC)
146079,TCT,kinh-doanh-quoc-te,A00,Điểm thi THPT,2025,22.47,Kinh doanh quốc tế
146080,TCT,kinh-doanh-quoc-te,A01,Điểm thi THPT,2025,22.47,Kinh doanh quốc tế
146081,TCT,kinh-doanh-quoc-te,C02,Điểm thi THPT,2025,22.47,Kinh doanh quốc tế
146082,TCT,kinh-doanh-quoc-te,D01,Điểm thi THPT,2025,22.47,Kinh doanh quốc tế
146083,TCT,kinh-doanh-quoc-te,D07,Điểm thi THPT,2025,20.75,Kinh doanh quốc tế (CTCLC)
146084,TCT,kinh-doanh-quoc-te,X26,Điểm thi THPT,2025,20.75,Kinh doanh quốc tế (CTCLC)
146085,TCT,kinh-doanh-thuong-mai,A00,Điểm học bạ,2021,28.25,Kinh doanh thương mại
146086,TCT,kinh-doanh-thuong-mai,A01,Điểm học bạ,2021,28.25,Kinh doanh thương mại
146087,TCT,kinh-doanh-thuong-mai,C02,Điểm học bạ,2021,28.25,Kinh doanh thương mại
146088,TCT,kinh-doanh-thuong-mai,D01,Điểm học bạ,2021,28.25,Kinh doanh thương mại
146089,TCT,kinh-doanh-thuong-mai,A00,Điểm thi THPT,2021,25.75,Kinh doanh thương mại
146090,TCT,kinh-doanh-thuong-mai,A01,Điểm thi THPT,2021,25.75,Kinh doanh thương mại
146091,TCT,kinh-doanh-thuong-mai,C02,Điểm thi THPT,2021,25.75,Kinh doanh thương mại
146092,TCT,kinh-doanh-thuong-mai,D01,Điểm thi THPT,2021,25.75,Kinh doanh thương mại
146093,TCT,kinh-doanh-thuong-mai,A00,Điểm học bạ,2022,28.75,Kinh doanh thương mại
146094,TCT,kinh-doanh-thuong-mai,A01,Điểm học bạ,2022,28.75,Kinh doanh thương mại
146095,TCT,kinh-doanh-thuong-mai,C02,Điểm học bạ,2022,28.75,Kinh doanh thương mại
146096,TCT,kinh-doanh-thuong-mai,D01,Điểm học bạ,2022,28.75,Kinh doanh thương mại
146097,TCT,kinh-doanh-thuong-mai,A00,Điểm thi THPT,2022,24.25,Kinh doanh thương mại
146098,TCT,kinh-doanh-thuong-mai,A01,Điểm thi THPT,2022,24.25,Kinh doanh thương mại
146099,TCT,kinh-doanh-thuong-mai,C02,Điểm thi THPT,2022,24.25,Kinh doanh thương mại
146100,TCT,kinh-doanh-thuong-mai,D01,Điểm thi THPT,2022,24.25,Kinh doanh thương mại
146101,TCT,kinh-doanh-thuong-mai,A00,Điểm học bạ,2023,27.75,Kinh doanh thương mại
146102,TCT,kinh-doanh-thuong-mai,A01,Điểm học bạ,2023,27.75,Kinh doanh thương mại
146103,TCT,kinh-doanh-thuong-mai,C02,Điểm học bạ,2023,27.75,Kinh doanh thương mại
146104,TCT,kinh-doanh-thuong-mai,D01,Điểm học bạ,2023,27.75,Kinh doanh thương mại
146105,TCT,kinh-doanh-thuong-mai,A00,Điểm thi THPT,2023,24.61,Kinh doanh thương mại
146106,TCT,kinh-doanh-thuong-mai,A01,Điểm thi THPT,2023,24.61,Kinh doanh thương mại
146107,TCT,kinh-doanh-thuong-mai,C02,Điểm thi THPT,2023,24.61,Kinh doanh thương mại
146108,TCT,kinh-doanh-thuong-mai,D01,Điểm thi THPT,2023,24.61,Kinh doanh thương mại
146109,TCT,kinh-doanh-thuong-mai,A00,Điểm học bạ,2024,28.0,Kinh doanh thương mại
146110,TCT,kinh-doanh-thuong-mai,A01,Điểm học bạ,2024,28.0,Kinh doanh thương mại
146111,TCT,kinh-doanh-thuong-mai,C02,Điểm học bạ,2024,28.0,Kinh doanh thương mại
146112,TCT,kinh-doanh-thuong-mai,D01,Điểm học bạ,2024,28.0,Kinh doanh thương mại
146113,TCT,kinh-doanh-thuong-mai,A00,Điểm thi THPT,2024,24.5,Kinh doanh thương mại
146114,TCT,kinh-doanh-thuong-mai,A01,Điểm thi THPT,2024,24.5,Kinh doanh thương mại
146115,TCT,kinh-doanh-thuong-mai,C02,Điểm thi THPT,2024,24.5,Kinh doanh thương mại
146116,TCT,kinh-doanh-thuong-mai,D01,Điểm thi THPT,2024,24.5,Kinh doanh thương mại
146117,TCT,kinh-doanh-thuong-mai,A00,Điểm học bạ,2025,21.75,Kinh doanh thương mại
146118,TCT,kinh-doanh-thuong-mai,A01,Điểm học bạ,2025,21.75,Kinh doanh thương mại
146119,TCT,kinh-doanh-thuong-mai,C02,Điểm học bạ,2025,21.75,Kinh doanh thương mại
146120,TCT,kinh-doanh-thuong-mai,D01,Điểm học bạ,2025,21.75,Kinh doanh thương mại
146121,TCT,kinh-doanh-thuong-mai,A00,Điểm thi THPT,2025,21.75,Kinh doanh thương mại
146122,TCT,kinh-doanh-thuong-mai,A01,Điểm thi THPT,2025,21.75,Kinh doanh thương mại
146123,TCT,kinh-doanh-thuong-mai,C02,Điểm thi THPT,2025,21.75,Kinh doanh thương mại
146124,TCT,kinh-doanh-thuong-mai,D01,Điểm thi THPT,2025,21.75,Kinh doanh thương mại
146125,TCT,kinh-te,A00,Điểm học bạ,2021,28.25,Kinh tế
146126,TCT,kinh-te,A01,Điểm học bạ,2021,28.25,Kinh tế
146127,TCT,kinh-te,C02,Điểm học bạ,2021,28.25,Kinh tế
146128,TCT,kinh-te,D01,Điểm học bạ,2021,28.25,Kinh tế
146129,TCT,kinh-te,A00,Điểm thi THPT,2021,25.5,Kinh tế
146130,TCT,kinh-te,A01,Điểm thi THPT,2021,25.5,Kinh tế
146131,TCT,kinh-te,C02,Điểm thi THPT,2021,25.5,Kinh tế
146132,TCT,kinh-te,D01,Điểm thi THPT,2021,25.5,Kinh tế
146133,TCT,kinh-te,A00,Điểm học bạ,2022,28.25,Kinh tế
146134,TCT,kinh-te,A01,Điểm học bạ,2022,28.25,Kinh tế
146135,TCT,kinh-te,C02,Điểm học bạ,2022,28.25,Kinh tế
146136,TCT,kinh-te,D01,Điểm học bạ,2022,28.25,Kinh tế
146137,TCT,kinh-te,A00,Điểm thi THPT,2022,24.4,Kinh tế
146138,TCT,kinh-te,A01,Điểm thi THPT,2022,24.4,Kinh tế
146139,TCT,kinh-te,C02,Điểm thi THPT,2022,24.4,Kinh tế
146140,TCT,kinh-te,D01,Điểm thi THPT,2022,24.4,Kinh tế
146141,TCT,kinh-te,A00,Điểm học bạ,2023,27.75,Kinh tế
146142,TCT,kinh-te,A01,Điểm học bạ,2023,27.75,Kinh tế
146143,TCT,kinh-te,C02,Điểm học bạ,2023,27.75,Kinh tế
146144,TCT,kinh-te,D01,Điểm học bạ,2023,27.75,Kinh tế
146145,TCT,kinh-te,A00,Điểm thi THPT,2023,24.26,Kinh tế
146146,TCT,kinh-te,A01,Điểm thi THPT,2023,24.26,Kinh tế
146147,TCT,kinh-te,C02,Điểm thi THPT,2023,24.26,Kinh tế
146148,TCT,kinh-te,D01,Điểm thi THPT,2023,24.26,Kinh tế
146149,TCT,kinh-te,A00,Điểm học bạ,2024,27.7,Kinh tế
146150,TCT,kinh-te,A01,Điểm học bạ,2024,27.7,Kinh tế
146151,TCT,kinh-te,C02,Điểm học bạ,2024,27.7,Kinh tế
146152,TCT,kinh-te,D01,Điểm học bạ,2024,27.7,Kinh tế
146153,TCT,kinh-te,A00,Điểm thi THPT,2024,24.1,Kinh tế
146154,TCT,kinh-te,A01,Điểm thi THPT,2024,24.1,Kinh tế
146155,TCT,kinh-te,C02,Điểm thi THPT,2024,24.1,Kinh tế
146156,TCT,kinh-te,D01,Điểm thi THPT,2024,24.1,Kinh tế
146157,TCT,kinh-te,A00,Điểm học bạ,2025,21.61,Kinh tế
146158,TCT,kinh-te,A01,Điểm học bạ,2025,21.61,Kinh tế
146159,TCT,kinh-te,C02,Điểm học bạ,2025,21.61,Kinh tế
146160,TCT,kinh-te,D01,Điểm học bạ,2025,21.61,Kinh tế
146161,TCT,kinh-te,A00,Điểm thi THPT,2025,21.61,Kinh tế
146162,TCT,kinh-te,A01,Điểm thi THPT,2025,21.61,Kinh tế
146163,TCT,kinh-te,C02,Điểm thi THPT,2025,21.61,Kinh tế
146164,TCT,kinh-te,D01,Điểm thi THPT,2025,21.61,Kinh tế
146165,TCT,kinh-te-nong-nghiep,A00,Điểm học bạ,2021,26.0,Kinh tế nông nghiệp
146166,TCT,kinh-te-nong-nghiep,A01,Điểm học bạ,2021,26.0,Kinh tế nông nghiệp
146167,TCT,kinh-te-nong-nghiep,C02,Điểm học bạ,2021,26.0,Kinh tế nông nghiệp
146168,TCT,kinh-te-nong-nghiep,D01,Điểm học bạ,2021,26.0,Kinh tế nông nghiệp
146169,TCT,kinh-te-nong-nghiep,A00,Điểm thi THPT,2021,24.5,Kinh tế nông nghiệp
146170,TCT,kinh-te-nong-nghiep,A01,Điểm thi THPT,2021,24.5,Kinh tế nông nghiệp
146171,TCT,kinh-te-nong-nghiep,C02,Điểm thi THPT,2021,24.5,Kinh tế nông nghiệp
146172,TCT,kinh-te-nong-nghiep,D01,Điểm thi THPT,2021,24.5,Kinh tế nông nghiệp
146173,TCT,kinh-te-nong-nghiep,A00,Điểm học bạ,2022,26.0,Kinh tế nông nghiệp
146174,TCT,kinh-te-nong-nghiep,A01,Điểm học bạ,2022,26.0,Kinh tế nông nghiệp
146175,TCT,kinh-te-nong-nghiep,C02,Điểm học bạ,2022,26.0,Kinh tế nông nghiệp
146176,TCT,kinh-te-nong-nghiep,D01,Điểm học bạ,2022,26.0,Kinh tế nông nghiệp
146177,TCT,kinh-te-nong-nghiep,A00,Điểm thi THPT,2022,16.0,Kinh tế nông nghiệp
146178,TCT,kinh-te-nong-nghiep,A01,Điểm thi THPT,2022,16.0,Kinh tế nông nghiệp
146179,TCT,kinh-te-nong-nghiep,C02,Điểm thi THPT,2022,16.0,Kinh tế nông nghiệp
146180,TCT,kinh-te-nong-nghiep,D01,Điểm thi THPT,2022,16.0,Kinh tế nông nghiệp
146181,TCT,kinh-te-nong-nghiep,A00,Điểm học bạ,2023,22.5,Kinh tế nông nghiệp
146182,TCT,kinh-te-nong-nghiep,A01,Điểm học bạ,2023,22.5,Kinh tế nông nghiệp
146183,TCT,kinh-te-nong-nghiep,C02,Điểm học bạ,2023,22.5,Kinh tế nông nghiệp
146184,TCT,kinh-te-nong-nghiep,D01,Điểm học bạ,2023,22.5,Kinh tế nông nghiệp
146185,TCT,kinh-te-nong-nghiep,A00,Điểm thi THPT,2023,22.35,Kinh tế nông nghiệp
146186,TCT,kinh-te-nong-nghiep,A01,Điểm thi THPT,2023,22.35,Kinh tế nông nghiệp
146187,TCT,kinh-te-nong-nghiep,C02,Điểm thi THPT,2023,22.35,Kinh tế nông nghiệp
146188,TCT,kinh-te-nong-nghiep,D01,Điểm thi THPT,2023,22.35,Kinh tế nông nghiệp
146189,TCT,kinh-te-nong-nghiep,A00,Điểm học bạ,2024,25.5,Kinh tế nông nghiệp
146190,TCT,kinh-te-nong-nghiep,A01,Điểm học bạ,2024,25.5,Kinh tế nông nghiệp
146191,TCT,kinh-te-nong-nghiep,C02,Điểm học bạ,2024,25.5,Kinh tế nông nghiệp
146192,TCT,kinh-te-nong-nghiep,D01,Điểm học bạ,2024,25.5,Kinh tế nông nghiệp
146193,TCT,kinh-te-nong-nghiep,A00,Điểm thi THPT,2024,21.0,Kinh tế nông nghiệp
146194,TCT,kinh-te-nong-nghiep,A01,Điểm thi THPT,2024,21.0,Kinh tế nông nghiệp
146195,TCT,kinh-te-nong-nghiep,C02,Điểm thi THPT,2024,21.0,Kinh tế nông nghiệp
146196,TCT,kinh-te-nong-nghiep,D01,Điểm thi THPT,2024,21.0,Kinh tế nông nghiệp
146197,TCT,kinh-te-nong-nghiep,A00,Điểm học bạ,2025,16.0,Kinh tế nông nghiệp
146198,TCT,kinh-te-nong-nghiep,A01,Điểm học bạ,2025,16.0,Kinh tế nông nghiệp
146199,TCT,kinh-te-nong-nghiep,C02,Điểm học bạ,2025,16.0,Kinh tế nông nghiệp
146200,TCT,kinh-te-nong-nghiep,D01,Điểm học bạ,2025,16.0,Kinh tế nông nghiệp
146201,TCT,kinh-te-nong-nghiep,A00,Điểm thi THPT,2025,16.0,Kinh tế nông nghiệp
146202,TCT,kinh-te-nong-nghiep,A01,Điểm thi THPT,2025,16.0,Kinh tế nông nghiệp
146203,TCT,kinh-te-nong-nghiep,C02,Điểm thi THPT,2025,16.0,Kinh tế nông nghiệp
146204,TCT,kinh-te-nong-nghiep,D01,Điểm thi THPT,2025,16.0,Kinh tế nông nghiệp
146205,TCT,kinh-te-nong-nghiep-hoc-tai-khu-hoa-an,A00,Điểm học bạ,2025,15.0,Kinh tế nông nghiệp - học tại khu Hòa An
146206,TCT,kinh-te-nong-nghiep-hoc-tai-khu-hoa-an,A01,Điểm học bạ,2025,15.0,Kinh tế nông nghiệp - học tại khu Hòa An
146207,TCT,kinh-te-nong-nghiep-hoc-tai-khu-hoa-an,C02,Điểm học bạ,2025,15.0,Kinh tế nông nghiệp - học tại khu Hòa An
146208,TCT,kinh-te-nong-nghiep-hoc-tai-khu-hoa-an,D01,Điểm học bạ,2025,15.0,Kinh tế nông nghiệp - học tại khu Hòa An
146209,TCT,kinh-te-nong-nghiep-hoc-tai-khu-hoa-an,A00,Điểm thi THPT,2025,15.0,Kinh tế nông nghiệp - học tại khu Hòa An
146210,TCT,kinh-te-nong-nghiep-hoc-tai-khu-hoa-an,A01,Điểm thi THPT,2025,15.0,Kinh tế nông nghiệp - học tại khu Hòa An
146211,TCT,kinh-te-nong-nghiep-hoc-tai-khu-hoa-an,C02,Điểm thi THPT,2025,15.0,Kinh tế nông nghiệp - học tại khu Hòa An
146212,TCT,kinh-te-nong-nghiep-hoc-tai-khu-hoa-an,D01,Điểm thi THPT,2025,15.0,Kinh tế nông nghiệp - học tại khu Hòa An
146213,TCT,kinh-te-tai-nguyen-thien-nhien,A00,Điểm học bạ,2021,24.5,Kinh tế tài nguyên thiên nhiên
146214,TCT,kinh-te-tai-nguyen-thien-nhien,A01,Điểm học bạ,2021,24.5,Kinh tế tài nguyên thiên nhiên
146215,TCT,kinh-te-tai-nguyen-thien-nhien,C02,Điểm học bạ,2021,24.5,Kinh tế tài nguyên thiên nhiên
146216,TCT,kinh-te-tai-nguyen-thien-nhien,D01,Điểm học bạ,2021,24.5,Kinh tế tài nguyên thiên nhiên
146217,TCT,kinh-te-tai-nguyen-thien-nhien,A00,Điểm thi THPT,2021,24.0,Kinh tế tài nguyên thiên nhiên
146218,TCT,kinh-te-tai-nguyen-thien-nhien,A01,Điểm thi THPT,2021,24.0,Kinh tế tài nguyên thiên nhiên
146219,TCT,kinh-te-tai-nguyen-thien-nhien,C02,Điểm thi THPT,2021,24.0,Kinh tế tài nguyên thiên nhiên
146220,TCT,kinh-te-tai-nguyen-thien-nhien,D01,Điểm thi THPT,2021,24.0,Kinh tế tài nguyên thiên nhiên
146221,TCT,kinh-te-tai-nguyen-thien-nhien,A00,Điểm học bạ,2022,25.25,Kinh tế tài nguyên thiên nhiên
146222,TCT,kinh-te-tai-nguyen-thien-nhien,A01,Điểm học bạ,2022,25.25,Kinh tế tài nguyên thiên nhiên
146223,TCT,kinh-te-tai-nguyen-thien-nhien,C02,Điểm học bạ,2022,25.25,Kinh tế tài nguyên thiên nhiên
146224,TCT,kinh-te-tai-nguyen-thien-nhien,D01,Điểm học bạ,2022,25.25,Kinh tế tài nguyên thiên nhiên
146225,TCT,kinh-te-tai-nguyen-thien-nhien,A00,Điểm thi THPT,2022,16.25,Kinh tế tài nguyên thiên nhiên
146226,TCT,kinh-te-tai-nguyen-thien-nhien,A01,Điểm thi THPT,2022,16.25,Kinh tế tài nguyên thiên nhiên
146227,TCT,kinh-te-tai-nguyen-thien-nhien,C02,Điểm thi THPT,2022,16.25,Kinh tế tài nguyên thiên nhiên
146228,TCT,kinh-te-tai-nguyen-thien-nhien,D01,Điểm thi THPT,2022,16.25,Kinh tế tài nguyên thiên nhiên
146229,TCT,kinh-te-tai-nguyen-thien-nhien,A00,Điểm học bạ,2023,22.5,Kinh tế tài nguyên thiên nhiên
146230,TCT,kinh-te-tai-nguyen-thien-nhien,A01,Điểm học bạ,2023,22.5,Kinh tế tài nguyên thiên nhiên
146231,TCT,kinh-te-tai-nguyen-thien-nhien,C02,Điểm học bạ,2023,22.5,Kinh tế tài nguyên thiên nhiên
146232,TCT,kinh-te-tai-nguyen-thien-nhien,D01,Điểm học bạ,2023,22.5,Kinh tế tài nguyên thiên nhiên
146233,TCT,kinh-te-tai-nguyen-thien-nhien,A00,Điểm thi THPT,2023,22.05,Kinh tế tài nguyên thiên nhiên
146234,TCT,kinh-te-tai-nguyen-thien-nhien,A01,Điểm thi THPT,2023,22.05,Kinh tế tài nguyên thiên nhiên
146235,TCT,kinh-te-tai-nguyen-thien-nhien,C02,Điểm thi THPT,2023,22.05,Kinh tế tài nguyên thiên nhiên
146236,TCT,kinh-te-tai-nguyen-thien-nhien,D01,Điểm thi THPT,2023,22.05,Kinh tế tài nguyên thiên nhiên
146237,TCT,kinh-te-tai-nguyen-thien-nhien,A00,Điểm học bạ,2024,22.5,Kinh tế tài nguyên thiên nhiên
146238,TCT,kinh-te-tai-nguyen-thien-nhien,A01,Điểm học bạ,2024,22.5,Kinh tế tài nguyên thiên nhiên
146239,TCT,kinh-te-tai-nguyen-thien-nhien,C02,Điểm học bạ,2024,22.5,Kinh tế tài nguyên thiên nhiên
146240,TCT,kinh-te-tai-nguyen-thien-nhien,D01,Điểm học bạ,2024,22.5,Kinh tế tài nguyên thiên nhiên
146241,TCT,kinh-te-tai-nguyen-thien-nhien,A00,Điểm thi THPT,2024,22.5,Kinh tế tài nguyên thiên nhiên
146242,TCT,kinh-te-tai-nguyen-thien-nhien,A01,Điểm thi THPT,2024,22.5,Kinh tế tài nguyên thiên nhiên
146243,TCT,kinh-te-tai-nguyen-thien-nhien,C02,Điểm thi THPT,2024,22.5,Kinh tế tài nguyên thiên nhiên
146244,TCT,kinh-te-tai-nguyen-thien-nhien,D01,Điểm thi THPT,2024,22.5,Kinh tế tài nguyên thiên nhiên
146245,TCT,kinh-te-tai-nguyen-thien-nhien,A00,Điểm học bạ,2025,18.05,Kinh tế tài nguyên thiên nhiên
146246,TCT,kinh-te-tai-nguyen-thien-nhien,A01,Điểm học bạ,2025,18.05,Kinh tế tài nguyên thiên nhiên
146247,TCT,kinh-te-tai-nguyen-thien-nhien,C02,Điểm học bạ,2025,18.05,Kinh tế tài nguyên thiên nhiên
146248,TCT,kinh-te-tai-nguyen-thien-nhien,D01,Điểm học bạ,2025,18.05,Kinh tế tài nguyên thiên nhiên
146249,TCT,kinh-te-tai-nguyen-thien-nhien,A00,Điểm thi THPT,2025,18.05,Kinh tế tài nguyên thiên nhiên
146250,TCT,kinh-te-tai-nguyen-thien-nhien,A01,Điểm thi THPT,2025,18.05,Kinh tế tài nguyên thiên nhiên
146251,TCT,kinh-te-tai-nguyen-thien-nhien,C02,Điểm thi THPT,2025,18.05,Kinh tế tài nguyên thiên nhiên
146252,TCT,kinh-te-tai-nguyen-thien-nhien,D01,Điểm thi THPT,2025,18.05,Kinh tế tài nguyên thiên nhiên
146253,TCT,ky-thuat-cap-thoat-nuoc,A00,Điểm học bạ,2022,19.5,Kỹ thuật cấp thoát nước
146254,TCT,ky-thuat-cap-thoat-nuoc,A01,Điểm học bạ,2022,19.5,Kỹ thuật cấp thoát nước
146255,TCT,ky-thuat-cap-thoat-nuoc,B08,Điểm học bạ,2022,19.5,Kỹ thuật cấp thoát nước
146256,TCT,ky-thuat-cap-thoat-nuoc,D07,Điểm học bạ,2022,19.5,Kỹ thuật cấp thoát nước
146257,TCT,ky-thuat-cap-thoat-nuoc,A00,Điểm thi THPT,2022,16.75,Kỹ thuật cấp thoát nước
146258,TCT,ky-thuat-cap-thoat-nuoc,A01,Điểm thi THPT,2022,16.75,Kỹ thuật cấp thoát nước
146259,TCT,ky-thuat-cap-thoat-nuoc,B08,Điểm thi THPT,2022,16.75,Kỹ thuật cấp thoát nước
146260,TCT,ky-thuat-cap-thoat-nuoc,D07,Điểm thi THPT,2022,16.75,Kỹ thuật cấp thoát nước
146261,TCT,ky-thuat-cap-thoat-nuoc,A00,Điểm học bạ,2023,20.0,Kỹ thuật cấp thoát nước
146262,TCT,ky-thuat-cap-thoat-nuoc,A01,Điểm học bạ,2023,20.0,Kỹ thuật cấp thoát nước
146263,TCT,ky-thuat-cap-thoat-nuoc,B08,Điểm học bạ,2023,20.0,Kỹ thuật cấp thoát nước
146264,TCT,ky-thuat-cap-thoat-nuoc,D07,Điểm học bạ,2023,20.0,Kỹ thuật cấp thoát nước
146265,TCT,ky-thuat-cap-thoat-nuoc,A00,Điểm thi THPT,2023,20.0,Kỹ thuật cấp thoát nước
146266,TCT,ky-thuat-cap-thoat-nuoc,A01,Điểm thi THPT,2023,20.0,Kỹ thuật cấp thoát nước
146267,TCT,ky-thuat-cap-thoat-nuoc,B08,Điểm thi THPT,2023,20.0,Kỹ thuật cấp thoát nước
146268,TCT,ky-thuat-cap-thoat-nuoc,D07,Điểm thi THPT,2023,20.0,Kỹ thuật cấp thoát nước
146269,TCT,ky-thuat-cap-thoat-nuoc,A00,Điểm học bạ,2024,18.0,Kỹ thuật cấp thoát nước
146270,TCT,ky-thuat-cap-thoat-nuoc,A01,Điểm học bạ,2024,18.0,Kỹ thuật cấp thoát nước
146271,TCT,ky-thuat-cap-thoat-nuoc,B08,Điểm học bạ,2024,18.0,Kỹ thuật cấp thoát nước
146272,TCT,ky-thuat-cap-thoat-nuoc,D07,Điểm học bạ,2024,18.0,Kỹ thuật cấp thoát nước
146273,TCT,ky-thuat-cap-thoat-nuoc,A00,Điểm thi THPT,2024,15.0,Kỹ thuật cấp thoát nước
146274,TCT,ky-thuat-cap-thoat-nuoc,A01,Điểm thi THPT,2024,15.0,Kỹ thuật cấp thoát nước
146275,TCT,ky-thuat-cap-thoat-nuoc,B08,Điểm thi THPT,2024,15.0,Kỹ thuật cấp thoát nước
146276,TCT,ky-thuat-cap-thoat-nuoc,D07,Điểm thi THPT,2024,15.0,Kỹ thuật cấp thoát nước
146277,TCT,ky-thuat-cap-thoat-nuoc,A00,Điểm học bạ,2025,15.0,Kỹ thuật cấp thoát nước
146278,TCT,ky-thuat-cap-thoat-nuoc,A01,Điểm học bạ,2025,15.0,Kỹ thuật cấp thoát nước
146279,TCT,ky-thuat-cap-thoat-nuoc,B08,Điểm học bạ,2025,15.0,Kỹ thuật cấp thoát nước
146280,TCT,ky-thuat-cap-thoat-nuoc,D07,Điểm học bạ,2025,15.0,Kỹ thuật cấp thoát nước
146281,TCT,ky-thuat-cap-thoat-nuoc,A00,Điểm thi THPT,2025,15.0,Kỹ thuật cấp thoát nước
146282,TCT,ky-thuat-cap-thoat-nuoc,A01,Điểm thi THPT,2025,15.0,Kỹ thuật cấp thoát nước
146283,TCT,ky-thuat-cap-thoat-nuoc,B08,Điểm thi THPT,2025,15.0,Kỹ thuật cấp thoát nước
146284,TCT,ky-thuat-cap-thoat-nuoc,D07,Điểm thi THPT,2025,15.0,Kỹ thuật cấp thoát nước
146285,TCT,ky-thuat-co-dien-tu,A00,Điểm học bạ,2021,25.5,Kỹ thuật cơ điện tử
146286,TCT,ky-thuat-co-dien-tu,A01,Điểm học bạ,2021,25.5,Kỹ thuật cơ điện tử
146287,TCT,ky-thuat-co-dien-tu,A00,Điểm thi THPT,2021,24.25,Kỹ thuật cơ điện tử
146288,TCT,ky-thuat-co-dien-tu,A01,Điểm thi THPT,2021,24.25,Kỹ thuật cơ điện tử
146289,TCT,ky-thuat-co-dien-tu,A00,Điểm học bạ,2022,27.0,Kỹ thuật cơ điện tử
146290,TCT,ky-thuat-co-dien-tu,A01,Điểm học bạ,2022,27.0,Kỹ thuật cơ điện tử
146291,TCT,ky-thuat-co-dien-tu,A00,Điểm thi THPT,2022,23.0,Kỹ thuật cơ điện tử
146292,TCT,ky-thuat-co-dien-tu,A01,Điểm thi THPT,2022,23.0,Kỹ thuật cơ điện tử
146293,TCT,ky-thuat-co-dien-tu,A00,Điểm học bạ,2023,26.5,Kỹ thuật cơ điện tử
146294,TCT,ky-thuat-co-dien-tu,A01,Điểm học bạ,2023,26.5,Kỹ thuật cơ điện tử
146295,TCT,ky-thuat-co-dien-tu,A00,Điểm thi THPT,2023,23.1,Kỹ thuật cơ điện tử
146296,TCT,ky-thuat-co-dien-tu,A01,Điểm thi THPT,2023,23.1,Kỹ thuật cơ điện tử
146297,TCT,ky-thuat-co-dien-tu,A00,Điểm học bạ,2024,27.2,Kỹ thuật cơ điện tử
146298,TCT,ky-thuat-co-dien-tu,A01,Điểm học bạ,2024,27.2,Kỹ thuật cơ điện tử
146299,TCT,ky-thuat-co-dien-tu,A00,Điểm thi THPT,2024,23.63,Kỹ thuật cơ điện tử
146300,TCT,ky-thuat-co-dien-tu,A01,Điểm thi THPT,2024,23.63,Kỹ thuật cơ điện tử
146301,TCT,ky-thuat-co-dien-tu,A00,Điểm học bạ,2025,22.35,Kỹ thuật cơ điện tử
146302,TCT,ky-thuat-co-dien-tu,A01,Điểm học bạ,2025,22.35,Kỹ thuật cơ điện tử
146303,TCT,ky-thuat-co-dien-tu,D07,Điểm học bạ,2025,22.35,Kỹ thuật cơ điện tử
146304,TCT,ky-thuat-co-dien-tu,X06,Điểm học bạ,2025,22.35,Kỹ thuật cơ điện tử
146305,TCT,ky-thuat-co-dien-tu,A00,Điểm thi THPT,2025,22.35,Kỹ thuật cơ điện tử
146306,TCT,ky-thuat-co-dien-tu,A01,Điểm thi THPT,2025,22.35,Kỹ thuật cơ điện tử
146307,TCT,ky-thuat-co-dien-tu,D07,Điểm thi THPT,2025,22.35,Kỹ thuật cơ điện tử
146308,TCT,ky-thuat-co-dien-tu,X06,Điểm thi THPT,2025,22.35,Kỹ thuật cơ điện tử
146309,TCT,ky-thuat-co-khi,A00,Điểm học bạ,2021,26.75,Kỹ thuật cơ khí
146310,TCT,ky-thuat-co-khi,A01,Điểm học bạ,2021,26.75,Kỹ thuật cơ khí
146311,TCT,ky-thuat-co-khi,A00,Điểm thi THPT,2021,24.5,Kỹ thuật cơ khí
146312,TCT,ky-thuat-co-khi,A01,Điểm thi THPT,2021,24.5,Kỹ thuật cơ khí
146313,TCT,ky-thuat-co-khi,A00,Điểm học bạ,2024,26.75,Kỹ thuật cơ khí (Cơ khí chế tạo máy)
146314,TCT,ky-thuat-co-khi,A01,Điểm học bạ,2024,26.75,Kỹ thuật cơ khí (Cơ khí chế tạo máy)
146315,TCT,ky-thuat-co-khi,A00,Điểm thi THPT,2024,23.53,Kỹ thuật cơ khí (Cơ khí chế tạo máy)
146316,TCT,ky-thuat-co-khi,A01,Điểm thi THPT,2024,23.53,Kỹ thuật cơ khí (Cơ khí chế tạo máy)
146317,TCT,ky-thuat-co-khi,A00,Điểm học bạ,2025,22.05,Kỹ thuật cơ khí
146318,TCT,ky-thuat-co-khi,A01,Điểm học bạ,2025,22.05,Kỹ thuật cơ khí
146319,TCT,ky-thuat-co-khi,X06,Điểm học bạ,2025,22.05,Kỹ thuật cơ khí
146320,TCT,ky-thuat-co-khi,X07,Điểm học bạ,2025,22.05,Kỹ thuật cơ khí
146321,TCT,ky-thuat-co-khi,A00,Điểm thi THPT,2025,22.05,Kỹ thuật cơ khí
146322,TCT,ky-thuat-co-khi,A01,Điểm thi THPT,2025,22.05,Kỹ thuật cơ khí
146323,TCT,ky-thuat-co-khi,X06,Điểm thi THPT,2025,22.05,Kỹ thuật cơ khí
146324,TCT,ky-thuat-co-khi,X07,Điểm thi THPT,2025,22.05,Kỹ thuật cơ khí
146325,TCT,ky-thuat-co-khi-2-chuyen-nganh-co-khi-che-tao-may-co-khi-o-to,A00,Điểm học bạ,2022,27.5,"Kỹ thuật cơ khí, 2 chuyên ngành: Cơ khí chế tạo máy; Cơ khí ô tô,"
146326,TCT,ky-thuat-co-khi-2-chuyen-nganh-co-khi-che-tao-may-co-khi-o-to,A01,Điểm học bạ,2022,27.5,"Kỹ thuật cơ khí, 2 chuyên ngành: Cơ khí chế tạo máy; Cơ khí ô tô,"
146327,TCT,ky-thuat-co-khi-2-chuyen-nganh-co-khi-che-tao-may-co-khi-o-to,A00,Điểm thi THPT,2022,23.8,Kỹ thuật cơ khí; 2 chuyên ngành: Cơ khí chế tạo máy; Cơ khí ô tô.
146328,TCT,ky-thuat-co-khi-2-chuyen-nganh-co-khi-che-tao-may-co-khi-o-to,A01,Điểm thi THPT,2022,23.8,Kỹ thuật cơ khí; 2 chuyên ngành: Cơ khí chế tạo máy; Cơ khí ô tô.
146329,TCT,ky-thuat-co-khi-2-chuyen-nganh-co-khi-che-tao-may-co-khi-o-to,A00,Điểm học bạ,2023,27.0,"Kỹ thuật cơ khí, 2 chuyên ngành: Cơ khí chế tạo máy; Cơ khí ô tô,"
146330,TCT,ky-thuat-co-khi-2-chuyen-nganh-co-khi-che-tao-may-co-khi-o-to,A01,Điểm học bạ,2023,27.0,"Kỹ thuật cơ khí, 2 chuyên ngành: Cơ khí chế tạo máy; Cơ khí ô tô,"
146331,TCT,ky-thuat-co-khi-2-chuyen-nganh-co-khi-che-tao-may-co-khi-o-to,A00,Điểm thi THPT,2023,23.33,"Kỹ thuật cơ khí, 2 chuyên ngành: - Cơ khi chế tạo máy; - Cơ khí ô tô."
146332,TCT,ky-thuat-co-khi-2-chuyen-nganh-co-khi-che-tao-may-co-khi-o-to,A01,Điểm thi THPT,2023,23.33,"Kỹ thuật cơ khí, 2 chuyên ngành: - Cơ khi chế tạo máy; - Cơ khí ô tô."
146333,TCT,ky-thuat-dien,A00,Điểm học bạ,2021,25.25,Kỹ thuật điện
146334,TCT,ky-thuat-dien,A01,Điểm học bạ,2021,25.25,Kỹ thuật điện
146335,TCT,ky-thuat-dien,D01,Điểm học bạ,2021,19.5,Kỹ thuật điện (CTCLC)
146336,TCT,ky-thuat-dien,D07,Điểm học bạ,2021,25.25,Kỹ thuật điện
146337,TCT,ky-thuat-dien,A00,Điểm thi THPT,2021,23.75,Kỹ thuật điện
146338,TCT,ky-thuat-dien,A01,Điểm thi THPT,2021,23.75,Kỹ thuật điện
146339,TCT,ky-thuat-dien,D01,Điểm thi THPT,2021,19.5,Kỹ thuật điện (CTCLC)
146340,TCT,ky-thuat-dien,D07,Điểm thi THPT,2021,23.75,Kỹ thuật điện
146341,TCT,ky-thuat-dien,A00,Điểm học bạ,2022,26.75,Kỹ thuật điện
146342,TCT,ky-thuat-dien,A01,Điểm học bạ,2022,26.75,Kỹ thuật điện
146343,TCT,ky-thuat-dien,D01,Điểm học bạ,2022,21.75,Kỹ thuật điện (CTCLC)
146344,TCT,ky-thuat-dien,D07,Điểm học bạ,2022,26.75,Kỹ thuật điện
146345,TCT,ky-thuat-dien,A00,Điểm thi THPT,2022,23.7,Kỹ thuật điện
146346,TCT,ky-thuat-dien,A01,Điểm thi THPT,2022,23.7,Kỹ thuật điện
146347,TCT,ky-thuat-dien,D01,Điểm thi THPT,2022,21.5,Kỹ thuật điện (CTCLC)
146348,TCT,ky-thuat-dien,D07,Điểm thi THPT,2022,23.7,Kỹ thuật điện
146349,TCT,ky-thuat-dien,A00,Điểm học bạ,2023,26.75,Kỹ thuật điện
146350,TCT,ky-thuat-dien,A01,Điểm học bạ,2023,26.75,Kỹ thuật điện
146351,TCT,ky-thuat-dien,D01,Điểm học bạ,2023,24.25,Kỹ thuật điện (CTCLC)
146352,TCT,ky-thuat-dien,D07,Điểm học bạ,2023,26.75,Kỹ thuật điện
146353,TCT,ky-thuat-dien,A00,Điểm thi THPT,2023,22.75,Kỹ thuật điện
146354,TCT,ky-thuat-dien,A01,Điểm thi THPT,2023,22.75,Kỹ thuật điện
146355,TCT,ky-thuat-dien,D01,Điểm thi THPT,2023,21.25,Kỹ thuật điện (CTCLC)
146356,TCT,ky-thuat-dien,D07,Điểm thi THPT,2023,22.75,Kỹ thuật điện
146357,TCT,ky-thuat-dien,A00,Điểm học bạ,2024,26.5,Kỹ thuật điện
146358,TCT,ky-thuat-dien,A01,Điểm học bạ,2024,26.5,Kỹ thuật điện
146359,TCT,ky-thuat-dien,D01,Điểm học bạ,2024,24.8,Kỹ thuật điện (CTCLC)
146360,TCT,ky-thuat-dien,D07,Điểm học bạ,2024,26.5,Kỹ thuật điện
146361,TCT,ky-thuat-dien,A00,Điểm thi THPT,2024,23.4,Kỹ thuật điện
146362,TCT,ky-thuat-dien,A01,Điểm thi THPT,2024,23.4,Kỹ thuật điện
146363,TCT,ky-thuat-dien,D01,Điểm thi THPT,2024,21.9,Kỹ thuật điện (CTCLC)
146364,TCT,ky-thuat-dien,D07,Điểm thi THPT,2024,23.4,Kỹ thuật điện
146365,TCT,ky-thuat-dien,A00,Điểm học bạ,2025,21.8,Kỹ thuật điện
146366,TCT,ky-thuat-dien,A01,Điểm học bạ,2025,21.8,Kỹ thuật điện
146367,TCT,ky-thuat-dien,D01,Điểm học bạ,2025,17.6,Kỹ thuật điện (CTCLC)
146368,TCT,ky-thuat-dien,D07,Điểm học bạ,2025,21.8,Kỹ thuật điện
146369,TCT,ky-thuat-dien,X06,Điểm học bạ,2025,21.8,Kỹ thuật điện
146370,TCT,ky-thuat-dien,X27,Điểm học bạ,2025,17.6,Kỹ thuật điện (CTCLC)
146371,TCT,ky-thuat-dien,A00,Điểm thi THPT,2025,21.8,Kỹ thuật điện
146372,TCT,ky-thuat-dien,A01,Điểm thi THPT,2025,21.8,Kỹ thuật điện
146373,TCT,ky-thuat-dien,D01,Điểm thi THPT,2025,17.6,Kỹ thuật điện (CTCLC)
146374,TCT,ky-thuat-dien,D07,Điểm thi THPT,2025,21.8,Kỹ thuật điện
146375,TCT,ky-thuat-dien,X06,Điểm thi THPT,2025,21.8,Kỹ thuật điện
146376,TCT,ky-thuat-dien,X27,Điểm thi THPT,2025,17.6,Kỹ thuật điện (CTCLC)
146377,TCT,ky-thuat-dien-tu-vien-thong,A00,Điểm học bạ,2021,23.5,Kỹ thuật điện tử - viễn thông
146378,TCT,ky-thuat-dien-tu-vien-thong,A01,Điểm học bạ,2021,23.5,Kỹ thuật điện tử - viễn thông
146379,TCT,ky-thuat-dien-tu-vien-thong,A00,Điểm thi THPT,2021,23.0,Kỹ thuật điện tử - viễn thông
146380,TCT,ky-thuat-dien-tu-vien-thong,A01,Điểm thi THPT,2021,23.0,Kỹ thuật điện tử - viễn thông
146381,TCT,ky-thuat-dien-tu-vien-thong,A00,Điểm học bạ,2022,26.25,Kỹ thuật điện tử - viễn thông
146382,TCT,ky-thuat-dien-tu-vien-thong,A01,Điểm học bạ,2022,26.25,Kỹ thuật điện tử - viễn thông
146383,TCT,ky-thuat-dien-tu-vien-thong,A00,Điểm thi THPT,2022,23.4,Kỹ thuật điện tử - viễn thông
146384,TCT,ky-thuat-dien-tu-vien-thong,A01,Điểm thi THPT,2022,23.4,Kỹ thuật điện tử - viễn thông
146385,TCT,ky-thuat-dien-tu-vien-thong,A00,Điểm học bạ,2023,26.75,Kỹ thuật điện tử - viễn thông
146386,TCT,ky-thuat-dien-tu-vien-thong,A01,Điểm học bạ,2023,26.75,Kỹ thuật điện tử - viễn thông
146387,TCT,ky-thuat-dien-tu-vien-thong,A00,Điểm thi THPT,2023,22.15,Kỹ thuật điện tử - viễn thông
146388,TCT,ky-thuat-dien-tu-vien-thong,A01,Điểm thi THPT,2023,22.15,Kỹ thuật điện tử - viễn thông
146389,TCT,ky-thuat-dien-tu-vien-thong,A00,Điểm thi THPT,2024,23.0,Kỹ thuật điện tử - viễn thông
146390,TCT,ky-thuat-dien-tu-vien-thong,A01,Điểm thi THPT,2024,23.0,Kỹ thuật điện tử - viễn thông
146391,TCT,ky-thuat-dien-tu-vien-thong,A00,Điểm học bạ,2025,20.95,Kỹ thuật điện tử - viễn thông
146392,TCT,ky-thuat-dien-tu-vien-thong,A01,Điểm học bạ,2025,20.95,Kỹ thuật điện tử - viễn thông
146393,TCT,ky-thuat-dien-tu-vien-thong,X06,Điểm học bạ,2025,20.95,Kỹ thuật điện tử - viễn thông
146394,TCT,ky-thuat-dien-tu-vien-thong,X07,Điểm học bạ,2025,20.95,Kỹ thuật điện tử - viễn thông
146395,TCT,ky-thuat-dien-tu-vien-thong,A00,Điểm thi THPT,2025,20.95,Kỹ thuật điện tử - viễn thông
146396,TCT,ky-thuat-dien-tu-vien-thong,A01,Điểm thi THPT,2025,20.95,Kỹ thuật điện tử - viễn thông
146397,TCT,ky-thuat-dien-tu-vien-thong,X06,Điểm thi THPT,2025,20.95,Kỹ thuật điện tử - viễn thông
146398,TCT,ky-thuat-dien-tu-vien-thong,X07,Điểm thi THPT,2025,20.95,Kỹ thuật điện tử - viễn thông
146399,TCT,ky-thuat-dieu-khien-va-tu-dong-hoa,A00,Điểm học bạ,2021,26.0,Kỹ thuật điều khiển và Tự động hóa
146400,TCT,ky-thuat-dieu-khien-va-tu-dong-hoa,A01,Điểm học bạ,2021,26.0,Kỹ thuật điều khiển và Tự động hóa
146401,TCT,ky-thuat-dieu-khien-va-tu-dong-hoa,A00,Điểm thi THPT,2021,24.25,Kỹ thuật điều khiển và Tự động hóa
146402,TCT,ky-thuat-dieu-khien-va-tu-dong-hoa,A01,Điểm thi THPT,2021,24.25,Kỹ thuật điều khiển và Tự động hóa
146403,TCT,ky-thuat-dieu-khien-va-tu-dong-hoa,A00,Điểm học bạ,2022,27.75,Kỹ thuật điều khiển và Tự động hóa
146404,TCT,ky-thuat-dieu-khien-va-tu-dong-hoa,A01,Điểm học bạ,2022,27.75,Kỹ thuật điều khiển và Tự động hóa
146405,TCT,ky-thuat-dieu-khien-va-tu-dong-hoa,A00,Điểm thi THPT,2022,24.25,Kỹ thuật điều khiển và tự động hóa
146406,TCT,ky-thuat-dieu-khien-va-tu-dong-hoa,A01,Điểm thi THPT,2022,24.25,Kỹ thuật điều khiển và tự động hóa
146407,TCT,ky-thuat-dieu-khien-va-tu-dong-hoa,A00,Điểm học bạ,2023,27.5,Kỹ thuật điều khiển và Tự động hóa
146408,TCT,ky-thuat-dieu-khien-va-tu-dong-hoa,A01,Điểm học bạ,2023,27.5,Kỹ thuật điều khiển và Tự động hóa
146409,TCT,ky-thuat-dieu-khien-va-tu-dong-hoa,A00,Điểm thi THPT,2023,23.3,Kỹ thuật điều khiển và tự động hóa
146410,TCT,ky-thuat-dieu-khien-va-tu-dong-hoa,A01,Điểm thi THPT,2023,23.3,Kỹ thuật điều khiển và tự động hóa
146411,TCT,ky-thuat-dieu-khien-va-tu-dong-hoa,D01,Điểm thi THPT,2023,22.1,Kỹ thuật điều khiển và tự động hóa (CTCLC)
146412,TCT,ky-thuat-dieu-khien-va-tu-dong-hoa,D07,Điểm thi THPT,2023,22.1,Kỹ thuật điều khiển và tự động hóa (CTCLC)
146413,TCT,ky-thuat-dieu-khien-va-tu-dong-hoa,A00,Điểm học bạ,2024,27.5,Kỹ thuật điều khiển và tự động hóa
146414,TCT,ky-thuat-dieu-khien-va-tu-dong-hoa,A01,Điểm học bạ,2024,27.5,Kỹ thuật điều khiển và tự động hóa
146415,TCT,ky-thuat-dieu-khien-va-tu-dong-hoa,D01,Điểm học bạ,2024,25.8,Kỹ thuật điều khiển và tự động hóa (CTCLC)
146416,TCT,ky-thuat-dieu-khien-va-tu-dong-hoa,D07,Điểm học bạ,2024,25.8,Kỹ thuật điều khiển và tự động hóa (CTCLC)
146417,TCT,ky-thuat-dieu-khien-va-tu-dong-hoa,A00,Điểm thi THPT,2024,24.05,Kỹ thuật điều khiển và tự động hóa
146418,TCT,ky-thuat-dieu-khien-va-tu-dong-hoa,A01,Điểm thi THPT,2024,24.05,Kỹ thuật điều khiển và tự động hóa
146419,TCT,ky-thuat-dieu-khien-va-tu-dong-hoa,D01,Điểm thi THPT,2024,22.45,Kỹ thuật điều khiển và tự dộng hóa (CTCLC)
146420,TCT,ky-thuat-dieu-khien-va-tu-dong-hoa,D07,Điểm thi THPT,2024,22.45,Kỹ thuật điều khiển và tự dộng hóa (CTCLC)
146421,TCT,ky-thuat-dieu-khien-va-tu-dong-hoa,A00,Điểm học bạ,2025,23.35,Kỹ thuật điều khiển và tự động hóa
146422,TCT,ky-thuat-dieu-khien-va-tu-dong-hoa,A01,Điểm học bạ,2025,23.35,Kỹ thuật điều khiển và tự động hóa
146423,TCT,ky-thuat-dieu-khien-va-tu-dong-hoa,D01,Điểm học bạ,2025,18.65,Kỹ thuật điều khiển và tự động hóa (CTCLC)
146424,TCT,ky-thuat-dieu-khien-va-tu-dong-hoa,D07,Điểm học bạ,2025,23.35,Kỹ thuật điều khiển và tự động hóa
146425,TCT,ky-thuat-dieu-khien-va-tu-dong-hoa,X06,Điểm học bạ,2025,23.35,Kỹ thuật điều khiển và tự động hóa
146426,TCT,ky-thuat-dieu-khien-va-tu-dong-hoa,X26,Điểm học bạ,2025,18.65,Kỹ thuật điều khiển và tự động hóa (CTCLC)
146427,TCT,ky-thuat-dieu-khien-va-tu-dong-hoa,A00,Điểm thi THPT,2025,23.35,Kỹ thuật điều khiển và tự động hóa
146428,TCT,ky-thuat-dieu-khien-va-tu-dong-hoa,A01,Điểm thi THPT,2025,23.35,Kỹ thuật điều khiển và tự động hóa
146429,TCT,ky-thuat-dieu-khien-va-tu-dong-hoa,D01,Điểm thi THPT,2025,18.65,Kỹ thuật điều khiển và tự động hóa (CTCLC)
146430,TCT,ky-thuat-dieu-khien-va-tu-dong-hoa,D07,Điểm thi THPT,2025,23.35,Kỹ thuật điều khiển và tự động hóa
146431,TCT,ky-thuat-dieu-khien-va-tu-dong-hoa,X06,Điểm thi THPT,2025,23.35,Kỹ thuật điều khiển và tự động hóa
146432,TCT,ky-thuat-dieu-khien-va-tu-dong-hoa,X26,Điểm thi THPT,2025,18.65,Kỹ thuật điều khiển và tự động hóa (CTCLC)
146433,TCT,ky-thuat-may-tinh,A00,Điểm học bạ,2021,24.5,Kỹ thuật máy tính
146434,TCT,ky-thuat-may-tinh,A01,Điểm học bạ,2021,24.5,Kỹ thuật máy tính
146435,TCT,ky-thuat-may-tinh,A00,Điểm thi THPT,2021,23.75,Kỹ thuật máy tính
146436,TCT,ky-thuat-may-tinh,A01,Điểm thi THPT,2021,23.75,Kỹ thuật máy tính
146437,TCT,ky-thuat-may-tinh,A00,Điểm học bạ,2022,27.25,Kỹ thuật máy tính
146438,TCT,ky-thuat-may-tinh,A01,Điểm học bạ,2022,27.25,Kỹ thuật máy tính
146439,TCT,ky-thuat-may-tinh,A00,Điểm thi THPT,2022,24.5,Kỹ thuật máy tính
146440,TCT,ky-thuat-may-tinh,A01,Điểm thi THPT,2022,24.5,Kỹ thuật máy tính
146441,TCT,ky-thuat-may-tinh,A00,Điểm học bạ,2023,27.25,Kỹ thuật máy tính
146442,TCT,ky-thuat-may-tinh,A01,Điểm học bạ,2023,27.25,Kỹ thuật máy tính
146443,TCT,ky-thuat-may-tinh,A00,Điểm thi THPT,2023,22.8,Kỹ thuật máy tính
146444,TCT,ky-thuat-may-tinh,A01,Điểm thi THPT,2023,22.8,Kỹ thuật máy tính
146445,TCT,ky-thuat-may-tinh,A00,Điểm học bạ,2024,27.9,Kỹ thuật máy tính (Thiết kế vi mạch bán dẫn)
146446,TCT,ky-thuat-may-tinh,A01,Điểm học bạ,2024,27.9,Kỹ thuật máy tính (Thiết kế vi mạch bán dẫn)
146447,TCT,ky-thuat-may-tinh,A00,Điểm thi THPT,2024,24.28,Kỹ thuật máy tính (Thiết kế vi mạch bán dẫn)
146448,TCT,ky-thuat-may-tinh,A01,Điểm thi THPT,2024,24.28,Kỹ thuật máy tính (Thiết kế vi mạch bán dẫn)
146449,TCT,ky-thuat-may-tinh,A00,Điểm học bạ,2025,24.0,Kỹ thuật máy tính (Thiết kế vi mạch bán dẫn)
146450,TCT,ky-thuat-may-tinh,A01,Điểm học bạ,2025,24.0,Kỹ thuật máy tính (Thiết kế vi mạch bán dẫn)
146451,TCT,ky-thuat-may-tinh,X06,Điểm học bạ,2025,24.0,Kỹ thuật máy tính (Thiết kế vi mạch bán dẫn)
146452,TCT,ky-thuat-may-tinh,X07,Điểm học bạ,2025,24.0,Kỹ thuật máy tính (Thiết kế vi mạch bán dẫn)
146453,TCT,ky-thuat-may-tinh,A00,Điểm thi THPT,2025,24.0,Kỹ thuật máy tính (Thiết kế vi mạch bán dẫn)
146454,TCT,ky-thuat-may-tinh,A01,Điểm thi THPT,2025,24.0,Kỹ thuật máy tính (Thiết kế vi mạch bán dẫn)
146455,TCT,ky-thuat-may-tinh,X06,Điểm thi THPT,2025,24.0,Kỹ thuật máy tính (Thiết kế vi mạch bán dẫn)
146456,TCT,ky-thuat-may-tinh,X07,Điểm thi THPT,2025,24.0,Kỹ thuật máy tính (Thiết kế vi mạch bán dẫn)
146457,TCT,ky-thuat-moi-truong,A00,Điểm học bạ,2021,19.5,Kỹ thuật môi trường
146458,TCT,ky-thuat-moi-truong,A01,Điểm học bạ,2021,19.5,Kỹ thuật môi trường
146459,TCT,ky-thuat-moi-truong,B00,Điểm học bạ,2021,19.5,Kỹ thuật môi trường
146460,TCT,ky-thuat-moi-truong,D07,Điểm học bạ,2021,19.5,Kỹ thuật môi trường
146461,TCT,ky-thuat-moi-truong,A00,Điểm thi THPT,2021,19.0,Kỹ thuật môi trường
146462,TCT,ky-thuat-moi-truong,A01,Điểm thi THPT,2021,19.0,Kỹ thuật môi trường
146463,TCT,ky-thuat-moi-truong,B00,Điểm thi THPT,2021,19.0,Kỹ thuật môi trường
146464,TCT,ky-thuat-moi-truong,D07,Điểm thi THPT,2021,19.0,Kỹ thuật môi trường
146465,TCT,ky-thuat-moi-truong,A00,Điểm học bạ,2022,22.0,Kỹ thuật môi trường
146466,TCT,ky-thuat-moi-truong,A01,Điểm học bạ,2022,22.0,Kỹ thuật môi trường
146467,TCT,ky-thuat-moi-truong,B00,Điểm học bạ,2022,22.0,Kỹ thuật môi trường
146468,TCT,ky-thuat-moi-truong,D07,Điểm học bạ,2022,22.0,Kỹ thuật môi trường
146469,TCT,ky-thuat-moi-truong,A00,Điểm thi THPT,2022,20.75,Kỹ thuật môi trường
146470,TCT,ky-thuat-moi-truong,A01,Điểm thi THPT,2022,20.75,Kỹ thuật môi trường
146471,TCT,ky-thuat-moi-truong,B00,Điểm thi THPT,2022,20.75,Kỹ thuật môi trường
146472,TCT,ky-thuat-moi-truong,D07,Điểm thi THPT,2022,20.75,Kỹ thuật môi trường
146473,TCT,ky-thuat-moi-truong,A00,Điểm học bạ,2023,23.25,Kỹ thuật môi trường
146474,TCT,ky-thuat-moi-truong,A01,Điểm học bạ,2023,23.25,Kỹ thuật môi trường
146475,TCT,ky-thuat-moi-truong,B00,Điểm học bạ,2023,23.25,Kỹ thuật môi trường
146476,TCT,ky-thuat-moi-truong,D07,Điểm học bạ,2023,23.25,Kỹ thuật môi trường
146477,TCT,ky-thuat-moi-truong,A00,Điểm thi THPT,2023,20.2,Kỹ thuật môi trường
146478,TCT,ky-thuat-moi-truong,A01,Điểm thi THPT,2023,20.2,Kỹ thuật môi trường
146479,TCT,ky-thuat-moi-truong,B00,Điểm thi THPT,2023,20.2,Kỹ thuật môi trường
146480,TCT,ky-thuat-moi-truong,D07,Điểm thi THPT,2023,20.2,Kỹ thuật môi trường
146481,TCT,ky-thuat-moi-truong,A00,Điểm học bạ,2024,18.0,Kỹ thuật môi trường
146482,TCT,ky-thuat-moi-truong,A01,Điểm học bạ,2024,18.0,Kỹ thuật môi trường
146483,TCT,ky-thuat-moi-truong,B00,Điểm học bạ,2024,18.0,Kỹ thuật môi trường
146484,TCT,ky-thuat-moi-truong,D07,Điểm học bạ,2024,18.0,Kỹ thuật môi trường
146485,TCT,ky-thuat-moi-truong,A00,Điểm thi THPT,2024,15.0,Kỹ thuật môi trường
146486,TCT,ky-thuat-moi-truong,A01,Điểm thi THPT,2024,15.0,Kỹ thuật môi trường
146487,TCT,ky-thuat-moi-truong,B00,Điểm thi THPT,2024,15.0,Kỹ thuật môi trường
146488,TCT,ky-thuat-moi-truong,D07,Điểm thi THPT,2024,15.0,Kỹ thuật môi trường
146489,TCT,ky-thuat-moi-truong,A00,Điểm học bạ,2025,15.0,Kỹ thuật môi trường
146490,TCT,ky-thuat-moi-truong,A01,Điểm học bạ,2025,15.0,Kỹ thuật môi trường
146491,TCT,ky-thuat-moi-truong,B00,Điểm học bạ,2025,15.0,Kỹ thuật môi trường
146492,TCT,ky-thuat-moi-truong,D07,Điểm học bạ,2025,15.0,Kỹ thuật môi trường
146493,TCT,ky-thuat-moi-truong,A00,Điểm thi THPT,2025,15.0,Kỹ thuật môi trường
146494,TCT,ky-thuat-moi-truong,A01,Điểm thi THPT,2025,15.0,Kỹ thuật môi trường
146495,TCT,ky-thuat-moi-truong,B00,Điểm thi THPT,2025,15.0,Kỹ thuật môi trường
146496,TCT,ky-thuat-moi-truong,D07,Điểm thi THPT,2025,15.0,Kỹ thuật môi trường
146497,TCT,ky-thuat-o-to,A00,Điểm học bạ,2024,27.6,Kỹ thuật ô tô
146498,TCT,ky-thuat-o-to,A01,Điểm học bạ,2024,27.6,Kỹ thuật ô tô
146499,TCT,ky-thuat-o-to,A00,Điểm thi THPT,2024,24.2,Kỹ thuật ô tô
146500,TCT,ky-thuat-o-to,A01,Điểm thi THPT,2024,24.2,Kỹ thuật ô tô
146501,TCT,ky-thuat-o-to,A00,Điểm học bạ,2025,22.15,Kỹ thuật ô tô
146502,TCT,ky-thuat-o-to,A01,Điểm học bạ,2025,22.15,Kỹ thuật ô tô
146503,TCT,ky-thuat-o-to,X06,Điểm học bạ,2025,22.15,Kỹ thuật ô tô
146504,TCT,ky-thuat-o-to,X07,Điểm học bạ,2025,22.15,Kỹ thuật ô tô
146505,TCT,ky-thuat-o-to,A00,Điểm thi THPT,2025,22.15,Kỹ thuật ô tô
146506,TCT,ky-thuat-o-to,A01,Điểm thi THPT,2025,22.15,Kỹ thuật ô tô
146507,TCT,ky-thuat-o-to,X06,Điểm thi THPT,2025,22.15,Kỹ thuật ô tô
146508,TCT,ky-thuat-o-to,X07,Điểm thi THPT,2025,22.15,Kỹ thuật ô tô
146509,TCT,ky-thuat-phan-mem,A00,Điểm học bạ,2021,27.5,Kỹ thuật phần mềm
146510,TCT,ky-thuat-phan-mem,A01,Điểm học bạ,2021,27.5,Kỹ thuật phần mềm
146511,TCT,ky-thuat-phan-mem,A00,Điểm thi THPT,2021,25.25,Kỹ thuật phần mềm
146512,TCT,ky-thuat-phan-mem,A01,Điểm thi THPT,2021,25.25,Kỹ thuật phần mềm
146513,TCT,ky-thuat-phan-mem,A00,Điểm học bạ,2022,28.75,Kỹ thuật phần mềm
146514,TCT,ky-thuat-phan-mem,A01,Điểm học bạ,2022,28.75,Kỹ thuật phần mềm
146515,TCT,ky-thuat-phan-mem,D01,Điểm học bạ,2022,26.5,Kỹ thuật phần mềm (CTCLC)
146516,TCT,ky-thuat-phan-mem,D07,Điểm học bạ,2022,26.5,Kỹ thuật phần mềm (CTCLC)
146517,TCT,ky-thuat-phan-mem,A00,Điểm thi THPT,2022,26.3,Kỹ thuật phần mềm
146518,TCT,ky-thuat-phan-mem,A01,Điểm thi THPT,2022,26.3,Kỹ thuật phần mềm
146519,TCT,ky-thuat-phan-mem,D01,Điểm thi THPT,2022,23.75,Kỹ thuật phần mềm (CLCLC)
146520,TCT,ky-thuat-phan-mem,D07,Điểm thi THPT,2022,23.75,Kỹ thuật phần mềm (CLCLC)
146521,TCT,ky-thuat-phan-mem,A00,Điểm học bạ,2023,28.5,Kỹ thuật phần mềm
146522,TCT,ky-thuat-phan-mem,A01,Điểm học bạ,2023,28.5,Kỹ thuật phần mềm
146523,TCT,ky-thuat-phan-mem,D01,Điểm học bạ,2023,27.5,Kỹ thuật phần mềm (CTCLC)
146524,TCT,ky-thuat-phan-mem,D07,Điểm học bạ,2023,27.5,Kỹ thuật phần mềm (CTCLC)
146525,TCT,ky-thuat-phan-mem,A00,Điểm thi THPT,2023,24.8,Kỹ thuật phần mềm
146526,TCT,ky-thuat-phan-mem,A01,Điểm thi THPT,2023,24.8,Kỹ thuật phần mềm
146527,TCT,ky-thuat-phan-mem,D01,Điểm thi THPT,2023,23.4,Kỹ thuật phần mềm (CTCLC)
146528,TCT,ky-thuat-phan-mem,D07,Điểm thi THPT,2023,23.4,Kỹ thuật phần mềm (CTCLC)
146529,TCT,ky-thuat-phan-mem,A00,Điểm học bạ,2024,28.25,Kỹ thuật phần mềm
146530,TCT,ky-thuat-phan-mem,A01,Điểm học bạ,2024,28.25,Kỹ thuật phần mềm
146531,TCT,ky-thuat-phan-mem,D01,Điểm học bạ,2024,26.0,Kỹ thuật phần mềm (CTCLC)
146532,TCT,ky-thuat-phan-mem,D07,Điểm học bạ,2024,26.0,Kỹ thuật phần mềm (CTCLC)
146533,TCT,ky-thuat-phan-mem,A00,Điểm thi THPT,2024,24.83,Kỹ thuật phần mềm
146534,TCT,ky-thuat-phan-mem,A01,Điểm thi THPT,2024,24.83,Kỹ thuật phần mềm
146535,TCT,ky-thuat-phan-mem,D01,Điểm thi THPT,2024,22.9,Kỹ thuật phần mềm (CTCLC)
146536,TCT,ky-thuat-phan-mem,D07,Điểm thi THPT,2024,22.9,Kỹ thuật phần mềm (CTCLC)
146537,TCT,ky-thuat-phan-mem,A00,Điểm học bạ,2025,23.05,Kỹ thuật phần mềm
146538,TCT,ky-thuat-phan-mem,A01,Điểm học bạ,2025,23.05,Kỹ thuật phần mềm
146539,TCT,ky-thuat-phan-mem,D01,Điểm học bạ,2025,19.4,Kỹ thuật phần mềm (CTCLC)
146540,TCT,ky-thuat-phan-mem,D07,Điểm học bạ,2025,19.4,Kỹ thuật phần mềm (CTCLC)
146541,TCT,ky-thuat-phan-mem,X06,Điểm học bạ,2025,23.05,Kỹ thuật phần mềm
146542,TCT,ky-thuat-phan-mem,X26,Điểm học bạ,2025,23.05,Kỹ thuật phần mềm
146543,TCT,ky-thuat-phan-mem,A00,Điểm thi THPT,2025,23.05,Kỹ thuật phần mềm
146544,TCT,ky-thuat-phan-mem,A01,Điểm thi THPT,2025,23.05,Kỹ thuật phần mềm
146545,TCT,ky-thuat-phan-mem,D01,Điểm thi THPT,2025,19.4,Kỹ thuật phần mềm (CTCLC)
146546,TCT,ky-thuat-phan-mem,D07,Điểm thi THPT,2025,19.4,Kỹ thuật phần mềm (CTCLC)
146547,TCT,ky-thuat-phan-mem,X06,Điểm thi THPT,2025,23.05,Kỹ thuật phần mềm
146548,TCT,ky-thuat-phan-mem,X26,Điểm thi THPT,2025,23.05,Kỹ thuật phần mềm
146549,TCT,ky-thuat-vat-lieu,A00,Điểm học bạ,2021,20.75,Kỹ thuật vật liệu
146550,TCT,ky-thuat-vat-lieu,A01,Điểm học bạ,2021,20.75,Kỹ thuật vật liệu
146551,TCT,ky-thuat-vat-lieu,B00,Điểm học bạ,2021,20.75,Kỹ thuật vật liệu
146552,TCT,ky-thuat-vat-lieu,D07,Điểm học bạ,2021,20.75,Kỹ thuật vật liệu
146553,TCT,ky-thuat-vat-lieu,A00,Điểm thi THPT,2021,21.75,Kỹ thuật vật liệu
146554,TCT,ky-thuat-vat-lieu,A01,Điểm thi THPT,2021,21.75,Kỹ thuật vật liệu
146555,TCT,ky-thuat-vat-lieu,B00,Điểm thi THPT,2021,21.75,Kỹ thuật vật liệu
146556,TCT,ky-thuat-vat-lieu,D07,Điểm thi THPT,2021,21.75,Kỹ thuật vật liệu
146557,TCT,ky-thuat-vat-lieu,A00,Điểm học bạ,2022,23.0,Kỹ thuật vật liệu
146558,TCT,ky-thuat-vat-lieu,A01,Điểm học bạ,2022,23.0,Kỹ thuật vật liệu
146559,TCT,ky-thuat-vat-lieu,B00,Điểm học bạ,2022,23.0,Kỹ thuật vật liệu
146560,TCT,ky-thuat-vat-lieu,D07,Điểm học bạ,2022,23.0,Kỹ thuật vật liệu
146561,TCT,ky-thuat-vat-lieu,A00,Điểm thi THPT,2022,23.0,Kỹ thuật vật liệu
146562,TCT,ky-thuat-vat-lieu,A01,Điểm thi THPT,2022,23.0,Kỹ thuật vật liệu
146563,TCT,ky-thuat-vat-lieu,B00,Điểm thi THPT,2022,23.0,Kỹ thuật vật liệu
146564,TCT,ky-thuat-vat-lieu,D07,Điểm thi THPT,2022,23.0,Kỹ thuật vật liệu
146565,TCT,ky-thuat-vat-lieu,A00,Điểm học bạ,2023,24.75,Kỹ thuật vật liệu
146566,TCT,ky-thuat-vat-lieu,A01,Điểm học bạ,2023,24.75,Kỹ thuật vật liệu
146567,TCT,ky-thuat-vat-lieu,B00,Điểm học bạ,2023,24.75,Kỹ thuật vật liệu
146568,TCT,ky-thuat-vat-lieu,D07,Điểm học bạ,2023,24.75,Kỹ thuật vật liệu
146569,TCT,ky-thuat-vat-lieu,A00,Điểm thi THPT,2023,21.35,Kỹ thuật vật liệu
146570,TCT,ky-thuat-vat-lieu,A01,Điểm thi THPT,2023,21.35,Kỹ thuật vật liệu
146571,TCT,ky-thuat-vat-lieu,B00,Điểm thi THPT,2023,21.35,Kỹ thuật vật liệu
146572,TCT,ky-thuat-vat-lieu,D07,Điểm thi THPT,2023,21.35,Kỹ thuật vật liệu
146573,TCT,ky-thuat-vat-lieu,A00,Điểm học bạ,2024,24.75,Kỹ thuật vật liệu
146574,TCT,ky-thuat-vat-lieu,A01,Điểm học bạ,2024,24.75,Kỹ thuật vật liệu
146575,TCT,ky-thuat-vat-lieu,B00,Điểm học bạ,2024,24.75,Kỹ thuật vật liệu
146576,TCT,ky-thuat-vat-lieu,D07,Điểm học bạ,2024,24.75,Kỹ thuật vật liệu
146577,TCT,ky-thuat-vat-lieu,A00,Điểm thi THPT,2024,22.15,Kỹ thuật vật liệu
146578,TCT,ky-thuat-vat-lieu,A01,Điểm thi THPT,2024,22.15,Kỹ thuật vật liệu
146579,TCT,ky-thuat-vat-lieu,B00,Điểm thi THPT,2024,22.15,Kỹ thuật vật liệu
146580,TCT,ky-thuat-vat-lieu,D07,Điểm thi THPT,2024,22.15,Kỹ thuật vật liệu
146581,TCT,ky-thuat-vat-lieu,A00,Điểm học bạ,2025,19.7,Kỹ thuật vật liệu
146582,TCT,ky-thuat-vat-lieu,A01,Điểm học bạ,2025,19.7,Kỹ thuật vật liệu
146583,TCT,ky-thuat-vat-lieu,B00,Điểm học bạ,2025,19.7,Kỹ thuật vật liệu
146584,TCT,ky-thuat-vat-lieu,D07,Điểm học bạ,2025,19.7,Kỹ thuật vật liệu
146585,TCT,ky-thuat-vat-lieu,A00,Điểm thi THPT,2025,19.7,Kỹ thuật vật liệu
146586,TCT,ky-thuat-vat-lieu,A01,Điểm thi THPT,2025,19.7,Kỹ thuật vật liệu
146587,TCT,ky-thuat-vat-lieu,B00,Điểm thi THPT,2025,19.7,Kỹ thuật vật liệu
146588,TCT,ky-thuat-vat-lieu,D07,Điểm thi THPT,2025,19.7,Kỹ thuật vật liệu
146589,TCT,ky-thuat-xay-dung,A00,Điểm học bạ,2021,25.25,Kỹ thuật xây dựng
146590,TCT,ky-thuat-xay-dung,A01,Điểm học bạ,2021,25.25,Kỹ thuật xây dựng
146591,TCT,ky-thuat-xay-dung,D01,Điểm học bạ,2021,22.0,Kỹ thuật xây dựng (CTCLC)
146592,TCT,ky-thuat-xay-dung,D07,Điểm học bạ,2021,22.0,Kỹ thuật xây dựng (CTCLC)
146593,TCT,ky-thuat-xay-dung,A00,Điểm thi THPT,2021,23.5,Kỹ thuật xây dựng
146594,TCT,ky-thuat-xay-dung,A01,Điểm thi THPT,2021,23.5,Kỹ thuật xây dựng
146595,TCT,ky-thuat-xay-dung,D01,Điểm thi THPT,2021,20.75,Kỹ thuật xây dựng (CTCLC)
146596,TCT,ky-thuat-xay-dung,D07,Điểm thi THPT,2021,20.75,Kỹ thuật xây dựng (CTCLC)
146597,TCT,ky-thuat-xay-dung,A00,Điểm học bạ,2022,26.75,Kỹ thuật xây dựng
146598,TCT,ky-thuat-xay-dung,A01,Điểm học bạ,2022,26.75,Kỹ thuật xây dựng
146599,TCT,ky-thuat-xay-dung,D01,Điểm học bạ,2022,23.5,Kỹ thuật xây dựng (CTCLC)
146600,TCT,ky-thuat-xay-dung,D07,Điểm học bạ,2022,23.5,Kỹ thuật xây dựng (CTCLC)
146601,TCT,ky-thuat-xay-dung,A00,Điểm thi THPT,2022,22.7,Kỹ thuật xây dựng
146602,TCT,ky-thuat-xay-dung,A01,Điểm thi THPT,2022,22.7,Kỹ thuật xây dựng
146603,TCT,ky-thuat-xay-dung,D01,Điểm thi THPT,2022,20.0,Kỹ thuật xây dựng (CTCLC)
146604,TCT,ky-thuat-xay-dung,D07,Điểm thi THPT,2022,20.0,Kỹ thuật xây dựng (CTCLC)
146605,TCT,ky-thuat-xay-dung,A00,Điểm học bạ,2023,26.25,Kỹ thuật xây dựng
146606,TCT,ky-thuat-xay-dung,A01,Điểm học bạ,2023,26.25,Kỹ thuật xây dựng
146607,TCT,ky-thuat-xay-dung,D01,Điểm học bạ,2023,24.75,Kỹ thuật xây dựng (CTCLC)
146608,TCT,ky-thuat-xay-dung,D07,Điểm học bạ,2023,24.75,Kỹ thuật xây dựng (CTCLC)
146609,TCT,ky-thuat-xay-dung,A00,Điểm thi THPT,2023,22.5,Kỹ thuật xây dựng
146610,TCT,ky-thuat-xay-dung,A01,Điểm thi THPT,2023,22.5,Kỹ thuật xây dựng
146611,TCT,ky-thuat-xay-dung,D01,Điểm thi THPT,2023,20.6,Kỹ thuật xây dựng (CTCLC)
146612,TCT,ky-thuat-xay-dung,D07,Điểm thi THPT,2023,20.6,Kỹ thuật xây dựng (CTCLC)
146613,TCT,ky-thuat-xay-dung,A00,Điểm học bạ,2024,26.0,Kỹ thuật xây dựng
146614,TCT,ky-thuat-xay-dung,A01,Điểm học bạ,2024,26.0,Kỹ thuật xây dựng
146615,TCT,ky-thuat-xay-dung,D01,Điểm học bạ,2024,24.25,Kỹ thuật xây dựng (CTCLC)
146616,TCT,ky-thuat-xay-dung,D07,Điểm học bạ,2024,24.25,Kỹ thuật xây dựng (CTCLC)
146617,TCT,ky-thuat-xay-dung,A00,Điểm thi THPT,2024,21.2,Kỹ thuật xây dựng
146618,TCT,ky-thuat-xay-dung,A01,Điểm thi THPT,2024,21.2,Kỹ thuật xây dựng
146619,TCT,ky-thuat-xay-dung,D01,Điểm thi THPT,2024,20.0,Kỹ thuật xây dựng (CTCLC)
146620,TCT,ky-thuat-xay-dung,D07,Điểm thi THPT,2024,20.0,Kỹ thuật xây dựng (CTCLC)
146621,TCT,ky-thuat-xay-dung,A00,Điểm học bạ,2025,16.1,Kỹ thuật xây dựng
146622,TCT,ky-thuat-xay-dung,A01,Điểm học bạ,2025,16.1,Kỹ thuật xây dựng
146623,TCT,ky-thuat-xay-dung,D01,Điểm học bạ,2025,15.15,Kỹ thuật xây dựng (CTCLC)
146624,TCT,ky-thuat-xay-dung,D07,Điểm học bạ,2025,15.15,Kỹ thuật xây dựng (CTCLC)
146625,TCT,ky-thuat-xay-dung,V00,Điểm học bạ,2025,16.1,Kỹ thuật xây dựng
146626,TCT,ky-thuat-xay-dung,V02,Điểm học bạ,2025,15.15,Kỹ thuật xây dựng (CTCLC)
146627,TCT,ky-thuat-xay-dung,X07,Điểm học bạ,2025,16.1,Kỹ thuật xây dựng
146628,TCT,ky-thuat-xay-dung,A00,Điểm thi THPT,2025,16.1,Kỹ thuật xây dựng
146629,TCT,ky-thuat-xay-dung,A01,Điểm thi THPT,2025,16.1,Kỹ thuật xây dựng
146630,TCT,ky-thuat-xay-dung,D01,Điểm thi THPT,2025,15.15,Kỹ thuật xây dựng (CTCLC)
146631,TCT,ky-thuat-xay-dung,D07,Điểm thi THPT,2025,15.15,Kỹ thuật xây dựng (CTCLC)
146632,TCT,ky-thuat-xay-dung,V00,Điểm thi THPT,2025,16.1,Kỹ thuật xây dựng
146633,TCT,ky-thuat-xay-dung,V02,Điểm thi THPT,2025,15.15,Kỹ thuật xây dựng (CTCLC)
146634,TCT,ky-thuat-xay-dung,X07,Điểm thi THPT,2025,16.1,Kỹ thuật xây dựng
146635,TCT,ky-thuat-xay-dung-cong-trinh-giao-thong,A00,Điểm học bạ,2021,21.25,Kỹ thuật xây dựng công trình giao thông
146636,TCT,ky-thuat-xay-dung-cong-trinh-giao-thong,A01,Điểm học bạ,2021,21.25,Kỹ thuật xây dựng công trình giao thông
146637,TCT,ky-thuat-xay-dung-cong-trinh-giao-thong,A00,Điểm thi THPT,2021,22.25,Kỹ thuật xây dựng công trình giao thông
146638,TCT,ky-thuat-xay-dung-cong-trinh-giao-thong,A01,Điểm thi THPT,2021,22.25,Kỹ thuật xây dựng công trình giao thông
146639,TCT,ky-thuat-xay-dung-cong-trinh-giao-thong,A00,Điểm học bạ,2022,24.25,Kỹ thuật xây dựng công trình giao thông
146640,TCT,ky-thuat-xay-dung-cong-trinh-giao-thong,A01,Điểm học bạ,2022,24.25,Kỹ thuật xây dựng công trình giao thông
146641,TCT,ky-thuat-xay-dung-cong-trinh-giao-thong,A00,Điểm thi THPT,2022,20.0,Kỹ thuật xây dựng công trình giao thông
146642,TCT,ky-thuat-xay-dung-cong-trinh-giao-thong,A01,Điểm thi THPT,2022,20.0,Kỹ thuật xây dựng công trình giao thông
146643,TCT,ky-thuat-xay-dung-cong-trinh-giao-thong,A00,Điểm học bạ,2023,23.5,Kỹ thuật xây dựng công trình giao thông
146644,TCT,ky-thuat-xay-dung-cong-trinh-giao-thong,A01,Điểm học bạ,2023,23.5,Kỹ thuật xây dựng công trình giao thông
146645,TCT,ky-thuat-xay-dung-cong-trinh-giao-thong,A00,Điểm thi THPT,2023,21.6,Kỹ thuật xây dựng công trình giao thông
146646,TCT,ky-thuat-xay-dung-cong-trinh-giao-thong,A01,Điểm thi THPT,2023,21.6,Kỹ thuật xây dựng công trình giao thông
146647,TCT,ky-thuat-xay-dung-cong-trinh-giao-thong,A00,Điểm học bạ,2024,21.0,Kỹ thuật xây dựng công trình giao thông
146648,TCT,ky-thuat-xay-dung-cong-trinh-giao-thong,A01,Điểm học bạ,2024,21.0,Kỹ thuật xây dựng công trình giao thông
146649,TCT,ky-thuat-xay-dung-cong-trinh-giao-thong,A00,Điểm thi THPT,2024,15.0,Kỹ thuật xây dựng công trình giao thông
146650,TCT,ky-thuat-xay-dung-cong-trinh-giao-thong,A01,Điểm thi THPT,2024,15.0,Kỹ thuật xây dựng công trình giao thông
146651,TCT,ky-thuat-xay-dung-cong-trinh-giao-thong,A00,Điểm học bạ,2025,15.0,Kỹ thuật xây dựng công trình giao thông
146652,TCT,ky-thuat-xay-dung-cong-trinh-giao-thong,A01,Điểm học bạ,2025,15.0,Kỹ thuật xây dựng công trình giao thông
146653,TCT,ky-thuat-xay-dung-cong-trinh-giao-thong,V00,Điểm học bạ,2025,15.0,Kỹ thuật xây dựng công trình giao thông
146654,TCT,ky-thuat-xay-dung-cong-trinh-giao-thong,X07,Điểm học bạ,2025,15.0,Kỹ thuật xây dựng công trình giao thông
146655,TCT,ky-thuat-xay-dung-cong-trinh-giao-thong,A00,Điểm thi THPT,2025,15.0,Kỹ thuật xây dựng công trình giao thông
146656,TCT,ky-thuat-xay-dung-cong-trinh-giao-thong,A01,Điểm thi THPT,2025,15.0,Kỹ thuật xây dựng công trình giao thông
146657,TCT,ky-thuat-xay-dung-cong-trinh-giao-thong,V00,Điểm thi THPT,2025,15.0,Kỹ thuật xây dựng công trình giao thông
146658,TCT,ky-thuat-xay-dung-cong-trinh-giao-thong,X07,Điểm thi THPT,2025,15.0,Kỹ thuật xây dựng công trình giao thông
146659,TCT,ky-thuat-xay-dung-cong-trinh-thuy,A00,Điểm học bạ,2021,19.5,Kỹ thuật xây dựng công trình thủy
146660,TCT,ky-thuat-xay-dung-cong-trinh-thuy,A01,Điểm học bạ,2021,19.5,Kỹ thuật xây dựng công trình thủy
146661,TCT,ky-thuat-xay-dung-cong-trinh-thuy,A00,Điểm thi THPT,2021,18.0,Kỹ thuật xây dựng công trình thủy
146662,TCT,ky-thuat-xay-dung-cong-trinh-thuy,A01,Điểm thi THPT,2021,18.0,Kỹ thuật xây dựng công trình thủy
146663,TCT,ky-thuat-xay-dung-cong-trinh-thuy,A00,Điểm học bạ,2022,19.5,Kỹ thuật xây dựng công trình thủy
146664,TCT,ky-thuat-xay-dung-cong-trinh-thuy,A01,Điểm học bạ,2022,19.5,Kỹ thuật xây dựng công trình thủy
146665,TCT,ky-thuat-xay-dung-cong-trinh-thuy,A00,Điểm thi THPT,2022,20.0,Kỹ thuật xây dựng công trình thủy
146666,TCT,ky-thuat-xay-dung-cong-trinh-thuy,A01,Điểm thi THPT,2022,20.0,Kỹ thuật xây dựng công trình thủy
146667,TCT,ky-thuat-xay-dung-cong-trinh-thuy,A00,Điểm học bạ,2023,21.0,Kỹ thuật xây dựng công trình thủy
146668,TCT,ky-thuat-xay-dung-cong-trinh-thuy,A01,Điểm học bạ,2023,21.0,Kỹ thuật xây dựng công trình thủy
146669,TCT,ky-thuat-xay-dung-cong-trinh-thuy,A00,Điểm thi THPT,2023,15.45,Kỹ thuật xây dựng còng trình thủy
146670,TCT,ky-thuat-xay-dung-cong-trinh-thuy,A01,Điểm thi THPT,2023,15.45,Kỹ thuật xây dựng còng trình thủy
146671,TCT,ky-thuat-xay-dung-cong-trinh-thuy,A00,Điểm học bạ,2024,18.0,Kỹ thuật xây dựng công trình thủy
146672,TCT,ky-thuat-xay-dung-cong-trinh-thuy,A01,Điểm học bạ,2024,18.0,Kỹ thuật xây dựng công trình thủy
146673,TCT,ky-thuat-xay-dung-cong-trinh-thuy,A00,Điểm thi THPT,2024,15.0,Kỹ thuật xây dựng công trình thủy
146674,TCT,ky-thuat-xay-dung-cong-trinh-thuy,A01,Điểm thi THPT,2024,15.0,Kỹ thuật xây dựng công trình thủy
146675,TCT,ky-thuat-xay-dung-cong-trinh-thuy,A00,Điểm học bạ,2025,15.0,Kỹ thuật xây dựng công trình thủy
146676,TCT,ky-thuat-xay-dung-cong-trinh-thuy,A01,Điểm học bạ,2025,15.0,Kỹ thuật xây dựng công trình thủy
146677,TCT,ky-thuat-xay-dung-cong-trinh-thuy,V00,Điểm học bạ,2025,15.0,Kỹ thuật xây dựng công trình thủy
146678,TCT,ky-thuat-xay-dung-cong-trinh-thuy,X07,Điểm học bạ,2025,15.0,Kỹ thuật xây dựng công trình thủy
146679,TCT,ky-thuat-xay-dung-cong-trinh-thuy,A00,Điểm thi THPT,2025,15.0,Kỹ thuật xây dựng công trình thủy
146680,TCT,ky-thuat-xay-dung-cong-trinh-thuy,A01,Điểm thi THPT,2025,15.0,Kỹ thuật xây dựng công trình thủy
146681,TCT,ky-thuat-xay-dung-cong-trinh-thuy,V00,Điểm thi THPT,2025,15.0,Kỹ thuật xây dựng công trình thủy
146682,TCT,ky-thuat-xay-dung-cong-trinh-thuy,X07,Điểm thi THPT,2025,15.0,Kỹ thuật xây dựng công trình thủy
146683,TCT,ky-thuat-y-sinh,A00,Điểm học bạ,2024,27.5,Kỹ thuật y sinh
146684,TCT,ky-thuat-y-sinh,A01,Điểm học bạ,2024,27.5,Kỹ thuật y sinh
146685,TCT,ky-thuat-y-sinh,A02,Điểm học bạ,2024,27.5,Kỹ thuật y sinh
146686,TCT,ky-thuat-y-sinh,B08,Điểm học bạ,2024,27.5,Kỹ thuật y sinh
146687,TCT,ky-thuat-y-sinh,A00,Điểm thi THPT,2024,22.8,Kỹ thuật y sinh
146688,TCT,ky-thuat-y-sinh,A01,Điểm thi THPT,2024,22.8,Kỹ thuật y sinh
146689,TCT,ky-thuat-y-sinh,A02,Điểm thi THPT,2024,22.8,Kỹ thuật y sinh
146690,TCT,ky-thuat-y-sinh,B08,Điểm thi THPT,2024,22.8,Kỹ thuật y sinh
146691,TCT,ky-thuat-y-sinh,A00,Điểm học bạ,2025,21.0,Kỹ thuật y sinh
146692,TCT,ky-thuat-y-sinh,A01,Điểm học bạ,2025,21.0,Kỹ thuật y sinh
146693,TCT,ky-thuat-y-sinh,A02,Điểm học bạ,2025,21.0,Kỹ thuật y sinh
146694,TCT,ky-thuat-y-sinh,B08,Điểm học bạ,2025,21.0,Kỹ thuật y sinh
146695,TCT,ky-thuat-y-sinh,A00,Điểm thi THPT,2025,21.0,Kỹ thuật y sinh
146696,TCT,ky-thuat-y-sinh,A01,Điểm thi THPT,2025,21.0,Kỹ thuật y sinh
146697,TCT,ky-thuat-y-sinh,A02,Điểm thi THPT,2025,21.0,Kỹ thuật y sinh
146698,TCT,ky-thuat-y-sinh,B08,Điểm thi THPT,2025,21.0,Kỹ thuật y sinh
146699,TCT,logistics-va-quan-ly-chuoi-cung-ung,A00,Điểm học bạ,2022,29.0,Logistics và Quản lý chuỗi cung ứng
146700,TCT,logistics-va-quan-ly-chuoi-cung-ung,A01,Điểm học bạ,2022,29.0,Logistics và Quản lý chuỗi cung ứng
146701,TCT,logistics-va-quan-ly-chuoi-cung-ung,D01,Điểm học bạ,2022,29.0,Logistics và Quản lý chuỗi cung ứng
146702,TCT,logistics-va-quan-ly-chuoi-cung-ung,A00,Điểm thi THPT,2022,25.0,Logistics và quản lý chuỗi cung ứng
146703,TCT,logistics-va-quan-ly-chuoi-cung-ung,A01,Điểm thi THPT,2022,25.0,Logistics và quản lý chuỗi cung ứng
146704,TCT,logistics-va-quan-ly-chuoi-cung-ung,D01,Điểm thi THPT,2022,25.0,Logistics và quản lý chuỗi cung ứng
146705,TCT,logistics-va-quan-ly-chuoi-cung-ung,A00,Điểm học bạ,2023,28.5,Logistics và Quản lý chuỗi cung ứng
146706,TCT,logistics-va-quan-ly-chuoi-cung-ung,A01,Điểm học bạ,2023,28.5,Logistics và Quản lý chuỗi cung ứng
146707,TCT,logistics-va-quan-ly-chuoi-cung-ung,D01,Điểm học bạ,2023,28.5,Logistics và Quản lý chuỗi cung ứng
146708,TCT,logistics-va-quan-ly-chuoi-cung-ung,A00,Điểm thi THPT,2023,24.75,Logistics và Quản lý chuỗi cung ứng
146709,TCT,logistics-va-quan-ly-chuoi-cung-ung,A01,Điểm thi THPT,2023,24.75,Logistics và Quản lý chuỗi cung ứng
146710,TCT,logistics-va-quan-ly-chuoi-cung-ung,D01,Điểm thi THPT,2023,24.75,Logistics và Quản lý chuỗi cung ứng
146711,TCT,logistics-va-quan-ly-chuoi-cung-ung,A00,Điểm học bạ,2024,28.8,Logistics và Quản lý chuỗi cung ứng
146712,TCT,logistics-va-quan-ly-chuoi-cung-ung,D01,Điểm học bạ,2024,28.8,Logistics và Quản lý chuỗi cung ứng
146713,TCT,logistics-va-quan-ly-chuoi-cung-ung,A00,Điểm thi THPT,2024,25.1,Logistics và Quản lý chuỗi cung ứng
146714,TCT,logistics-va-quan-ly-chuoi-cung-ung,A01,Điểm thi THPT,2024,25.1,Logistics và Quản lý chuỗi cung ứng
146715,TCT,logistics-va-quan-ly-chuoi-cung-ung,D01,Điểm thi THPT,2024,25.1,Logistics và Quản lý chuỗi cung ứng
146716,TCT,logistics-va-quan-ly-chuoi-cung-ung,A00,Điểm học bạ,2025,23.65,Logistics và Quản lý chuỗi cung ứng
146717,TCT,logistics-va-quan-ly-chuoi-cung-ung,A01,Điểm học bạ,2025,23.65,Logistics và Quản lý chuỗi cung ứng
146718,TCT,logistics-va-quan-ly-chuoi-cung-ung,D01,Điểm học bạ,2025,23.65,Logistics và Quản lý chuỗi cung ứng
146719,TCT,logistics-va-quan-ly-chuoi-cung-ung,X27,Điểm học bạ,2025,23.65,Logistics và Quản lý chuỗi cung ứng
146720,TCT,logistics-va-quan-ly-chuoi-cung-ung,A00,Điểm thi THPT,2025,23.65,Logistics và Quản lý chuỗi cung ứng
146721,TCT,logistics-va-quan-ly-chuoi-cung-ung,A01,Điểm thi THPT,2025,23.65,Logistics và Quản lý chuỗi cung ứng
146722,TCT,logistics-va-quan-ly-chuoi-cung-ung,D01,Điểm thi THPT,2025,23.65,Logistics và Quản lý chuỗi cung ứng
146723,TCT,logistics-va-quan-ly-chuoi-cung-ung,X27,Điểm thi THPT,2025,23.65,Logistics và Quản lý chuỗi cung ứng
146724,TCT,logistics-va-quan-ly-chuoi-cung-ung-hoc-tai-khu-soc-trang,A00,Điểm học bạ,2025,18.5,Logistics và Quản lý chuỗi cung ứng - học tại khu Sóc Trăng
146725,TCT,logistics-va-quan-ly-chuoi-cung-ung-hoc-tai-khu-soc-trang,A01,Điểm học bạ,2025,18.5,Logistics và Quản lý chuỗi cung ứng - học tại khu Sóc Trăng
146726,TCT,logistics-va-quan-ly-chuoi-cung-ung-hoc-tai-khu-soc-trang,D01,Điểm học bạ,2025,18.5,Logistics và Quản lý chuỗi cung ứng - học tại khu Sóc Trăng
146727,TCT,logistics-va-quan-ly-chuoi-cung-ung-hoc-tai-khu-soc-trang,X27,Điểm học bạ,2025,18.5,Logistics và Quản lý chuỗi cung ứng - học tại khu Sóc Trăng
146728,TCT,logistics-va-quan-ly-chuoi-cung-ung-hoc-tai-khu-soc-trang,A00,Điểm thi THPT,2025,18.5,Logistics và Quản lý chuỗi cung ứng - học tại khu Sóc Trăng
146729,TCT,logistics-va-quan-ly-chuoi-cung-ung-hoc-tai-khu-soc-trang,A01,Điểm thi THPT,2025,18.5,Logistics và Quản lý chuỗi cung ứng - học tại khu Sóc Trăng
146730,TCT,logistics-va-quan-ly-chuoi-cung-ung-hoc-tai-khu-soc-trang,D01,Điểm thi THPT,2025,18.5,Logistics và Quản lý chuỗi cung ứng - học tại khu Sóc Trăng
146731,TCT,logistics-va-quan-ly-chuoi-cung-ung-hoc-tai-khu-soc-trang,X27,Điểm thi THPT,2025,18.5,Logistics và Quản lý chuỗi cung ứng - học tại khu Sóc Trăng
146732,TCT,luat,A00,Điểm học bạ,2021,27.25,Luật
146733,TCT,luat,C00,Điểm học bạ,2021,27.25,Luật
146734,TCT,luat,D01,Điểm học bạ,2021,27.25,Luật
146735,TCT,luat,D03,Điểm học bạ,2021,27.25,Luật
146736,TCT,luat,A00,Điểm thi THPT,2021,25.5,Luật
146737,TCT,luat,C00,Điểm thi THPT,2021,25.5,Luật
146738,TCT,luat,D01,Điểm thi THPT,2021,25.5,Luật
146739,TCT,luat,D03,Điểm thi THPT,2021,25.5,Luật
146740,TCT,luat,A00,Điểm thi THPT,2024,26.01,Luật
146741,TCT,luat,C00,Điểm thi THPT,2024,26.01,Luật
146742,TCT,luat,D01,Điểm thi THPT,2024,26.01,Luật
146743,TCT,luat,D03,Điểm thi THPT,2024,26.01,Luật
146744,TCT,luat,A00,Điểm học bạ,2025,25.97,Luật
146745,TCT,luat,C00,Điểm học bạ,2025,25.97,Luật
146746,TCT,luat,D01,Điểm học bạ,2025,25.97,Luật
146747,TCT,luat,D03,Điểm học bạ,2025,25.97,Luật
146748,TCT,luat,A00,Điểm thi THPT,2025,25.97,Luật
146749,TCT,luat,C00,Điểm thi THPT,2025,25.97,Luật
146750,TCT,luat,D01,Điểm thi THPT,2025,25.97,Luật
146751,TCT,luat,D03,Điểm thi THPT,2025,25.97,Luật
146752,TCT,luat-2-chuyen-nganh-luat-hanh-chinh-luat-tu-phap,A00,Điểm học bạ,2023,26.75,"Luật, 2 chuyên ngành: Luật hành chính; Luật tư pháp,"
146753,TCT,luat-2-chuyen-nganh-luat-hanh-chinh-luat-tu-phap,C00,Điểm học bạ,2023,26.75,"Luật, 2 chuyên ngành: Luật hành chính; Luật tư pháp,"
146754,TCT,luat-2-chuyen-nganh-luat-hanh-chinh-luat-tu-phap,D01,Điểm học bạ,2023,26.75,"Luật, 2 chuyên ngành: Luật hành chính; Luật tư pháp,"
146755,TCT,luat-2-chuyen-nganh-luat-hanh-chinh-luat-tu-phap,D03,Điểm học bạ,2023,26.75,"Luật, 2 chuyên ngành: Luật hành chính; Luật tư pháp,"
146756,TCT,luat-2-chuyen-nganh-luat-hanh-chinh-luat-tu-phap,A00,Điểm thi THPT,2023,25.1,"Luật, 2 chuyên ngành: - Luật hành chính; - Luật tư pháp."
146757,TCT,luat-2-chuyen-nganh-luat-hanh-chinh-luat-tu-phap,C00,Điểm thi THPT,2023,25.1,"Luật, 2 chuyên ngành: - Luật hành chính; - Luật tư pháp."
146758,TCT,luat-2-chuyen-nganh-luat-hanh-chinh-luat-tu-phap,D01,Điểm thi THPT,2023,25.1,"Luật, 2 chuyên ngành: - Luật hành chính; - Luật tư pháp."
146759,TCT,luat-2-chuyen-nganh-luat-hanh-chinh-luat-tu-phap,D03,Điểm thi THPT,2023,25.1,"Luật, 2 chuyên ngành: - Luật hành chính; - Luật tư pháp."
146760,TCT,luat-2-chuyen-nganh-luat-hanh-chinh-luat-tu-phap,A00,Điểm học bạ,2024,27.2,"Luật, 2 chuyên ngành: - Luật hành chính; - Luật tư pháp."
146761,TCT,luat-2-chuyen-nganh-luat-hanh-chinh-luat-tu-phap,C00,Điểm học bạ,2024,27.2,"Luật, 2 chuyên ngành: - Luật hành chính; - Luật tư pháp."
146762,TCT,luat-2-chuyen-nganh-luat-hanh-chinh-luat-tu-phap,D01,Điểm học bạ,2024,27.2,"Luật, 2 chuyên ngành: - Luật hành chính; - Luật tư pháp."
146763,TCT,luat-2-chuyen-nganh-luat-hanh-chinh-luat-tu-phap,D03,Điểm học bạ,2024,27.2,"Luật, 2 chuyên ngành: - Luật hành chính; - Luật tư pháp."
146764,TCT,luat-3-chuyen-nganh-luat-hanh-chinh-luat-thuong-mai-luat-tu-phap,A00,Điểm học bạ,2022,27.75,"Luật, 3 chuyên ngành: Luật hành chính; Luật thương mại; Luật tư pháp,"
146765,TCT,luat-3-chuyen-nganh-luat-hanh-chinh-luat-thuong-mai-luat-tu-phap,C00,Điểm học bạ,2022,27.75,"Luật, 3 chuyên ngành: Luật hành chính; Luật thương mại; Luật tư pháp,"
146766,TCT,luat-3-chuyen-nganh-luat-hanh-chinh-luat-thuong-mai-luat-tu-phap,D01,Điểm học bạ,2022,27.75,"Luật, 3 chuyên ngành: Luật hành chính; Luật thương mại; Luật tư pháp,"
146767,TCT,luat-3-chuyen-nganh-luat-hanh-chinh-luat-thuong-mai-luat-tu-phap,D03,Điểm học bạ,2022,27.75,"Luật, 3 chuyên ngành: Luật hành chính; Luật thương mại; Luật tư pháp,"
146768,TCT,luat-3-chuyen-nganh-luat-hanh-chinh-luat-thuong-mai-luat-tu-phap,A00,Điểm thi THPT,2022,25.75,Luật; 3 chuyên ngành: - Luật hành chính; - Luật thương mại; - Luật tư pháp.
146769,TCT,luat-3-chuyen-nganh-luat-hanh-chinh-luat-thuong-mai-luat-tu-phap,C00,Điểm thi THPT,2022,25.75,Luật; 3 chuyên ngành: - Luật hành chính; - Luật thương mại; - Luật tư pháp.
146770,TCT,luat-3-chuyen-nganh-luat-hanh-chinh-luat-thuong-mai-luat-tu-phap,D01,Điểm thi THPT,2022,25.75,Luật; 3 chuyên ngành: - Luật hành chính; - Luật thương mại; - Luật tư pháp.
146771,TCT,luat-3-chuyen-nganh-luat-hanh-chinh-luat-thuong-mai-luat-tu-phap,D03,Điểm thi THPT,2022,25.75,Luật; 3 chuyên ngành: - Luật hành chính; - Luật thương mại; - Luật tư pháp.
146772,TCT,luat-dan-su-va-to-tung-dan-su,A00,Điểm học bạ,2025,25.69,Luật dân sự và tố tụng dân sự
146773,TCT,luat-dan-su-va-to-tung-dan-su,C00,Điểm học bạ,2025,25.69,Luật dân sự và tố tụng dân sự
146774,TCT,luat-dan-su-va-to-tung-dan-su,D01,Điểm học bạ,2025,25.69,Luật dân sự và tố tụng dân sự
146775,TCT,luat-dan-su-va-to-tung-dan-su,D03,Điểm học bạ,2025,25.69,Luật dân sự và tố tụng dân sự
146776,TCT,luat-dan-su-va-to-tung-dan-su,A00,Điểm thi THPT,2025,25.69,Luật dân sự và tố tụng dân sự
146777,TCT,luat-dan-su-va-to-tung-dan-su,C00,Điểm thi THPT,2025,25.69,Luật dân sự và tố tụng dân sự
146778,TCT,luat-dan-su-va-to-tung-dan-su,D01,Điểm thi THPT,2025,25.69,Luật dân sự và tố tụng dân sự
146779,TCT,luat-dan-su-va-to-tung-dan-su,D03,Điểm thi THPT,2025,25.69,Luật dân sự và tố tụng dân sự
146780,TCT,luat-hanh-chinh,A00,Điểm học bạ,2022,25.5,Luật (Khu Hòa An) Chuyên ngành Luật Hành chính
146781,TCT,luat-hanh-chinh,C00,Điểm học bạ,2022,25.5,Luật (Khu Hòa An) Chuyên ngành Luật Hành chính
146782,TCT,luat-hanh-chinh,D01,Điểm học bạ,2022,25.5,Luật (Khu Hòa An) Chuyên ngành Luật Hành chính
146783,TCT,luat-hanh-chinh,D03,Điểm học bạ,2022,25.5,Luật (Khu Hòa An) Chuyên ngành Luật Hành chính
146784,TCT,luat-hanh-chinh,A00,Điểm thi THPT,2022,25.15,Luật (học tại Khu Hòa An) chuyên ngành Luật Hành chính
146785,TCT,luat-hanh-chinh,C00,Điểm thi THPT,2022,25.15,Luật (học tại Khu Hòa An) chuyên ngành Luật Hành chính
146786,TCT,luat-hanh-chinh,D01,Điểm thi THPT,2022,25.15,Luật (học tại Khu Hòa An) chuyên ngành Luật Hành chính
146787,TCT,luat-hanh-chinh,D03,Điểm thi THPT,2022,25.15,Luật (học tại Khu Hòa An) chuyên ngành Luật Hành chính
146788,TCT,luat-hanh-chinh,A00,Điểm học bạ,2023,26.25,Luật (Khu Hòa An) Chuyên ngành Luật Hành chính
146789,TCT,luat-hanh-chinh,C00,Điểm học bạ,2023,26.25,Luật (Khu Hòa An) Chuyên ngành Luật Hành chính
146790,TCT,luat-hanh-chinh,D01,Điểm học bạ,2023,26.25,Luật (Khu Hòa An) Chuyên ngành Luật Hành chính
146791,TCT,luat-hanh-chinh,D03,Điểm học bạ,2023,26.25,Luật (Khu Hòa An) Chuyên ngành Luật Hành chính
146792,TCT,luat-hanh-chinh,A00,Điểm thi THPT,2023,22.5,Luật (Khu Hòa An) Chuyên ngành Luật hành chính.
146793,TCT,luat-hanh-chinh,C00,Điểm thi THPT,2023,22.5,Luật (Khu Hòa An) Chuyên ngành Luật hành chính.
146794,TCT,luat-hanh-chinh,D01,Điểm thi THPT,2023,22.5,Luật (Khu Hòa An) Chuyên ngành Luật hành chính.
146795,TCT,luat-hanh-chinh,D03,Điểm thi THPT,2023,22.5,Luật (Khu Hòa An) Chuyên ngành Luật hành chính.
146796,TCT,luat-hanh-chinh,A00,Điểm học bạ,2024,25.5,Luật (Khu Hòa An) Chuyên ngành Luật hành chính.
146797,TCT,luat-hanh-chinh,C00,Điểm học bạ,2024,25.5,Luật (Khu Hòa An) Chuyên ngành Luật hành chính.
146798,TCT,luat-hanh-chinh,D01,Điểm học bạ,2024,25.5,Luật (Khu Hòa An) Chuyên ngành Luật hành chính.
146799,TCT,luat-hanh-chinh,D03,Điểm học bạ,2024,25.5,Luật (Khu Hòa An) Chuyên ngành Luật hành chính.
146800,TCT,luat-hoc-tai-khu-hoa-an,A00,Điểm học bạ,2025,25.1,Luật - học tại khu Hòa An
146801,TCT,luat-hoc-tai-khu-hoa-an,C00,Điểm học bạ,2025,25.1,Luật - học tại khu Hòa An
146802,TCT,luat-hoc-tai-khu-hoa-an,D01,Điểm học bạ,2025,25.1,Luật - học tại khu Hòa An
146803,TCT,luat-hoc-tai-khu-hoa-an,D03,Điểm học bạ,2025,25.1,Luật - học tại khu Hòa An
146804,TCT,luat-hoc-tai-khu-hoa-an,A00,Điểm thi THPT,2025,25.1,Luật - học tại khu Hòa An
146805,TCT,luat-hoc-tai-khu-hoa-an,C00,Điểm thi THPT,2025,25.1,Luật - học tại khu Hòa An
146806,TCT,luat-hoc-tai-khu-hoa-an,D01,Điểm thi THPT,2025,25.1,Luật - học tại khu Hòa An
146807,TCT,luat-hoc-tai-khu-hoa-an,D03,Điểm thi THPT,2025,25.1,Luật - học tại khu Hòa An
146808,TCT,luat-hoc-tai-khu-soc-trang,A00,Điểm học bạ,2025,24.27,Luật - học tại khu Sóc Trăng
146809,TCT,luat-hoc-tai-khu-soc-trang,C00,Điểm học bạ,2025,24.27,Luật - học tại khu Sóc Trăng
146810,TCT,luat-hoc-tai-khu-soc-trang,D01,Điểm học bạ,2025,24.27,Luật - học tại khu Sóc Trăng
146811,TCT,luat-hoc-tai-khu-soc-trang,D03,Điểm học bạ,2025,24.27,Luật - học tại khu Sóc Trăng
146812,TCT,luat-hoc-tai-khu-soc-trang,A00,Điểm thi THPT,2025,24.27,Luật - học tại khu Sóc Trăng
146813,TCT,luat-hoc-tai-khu-soc-trang,C00,Điểm thi THPT,2025,24.27,Luật - học tại khu Sóc Trăng
146814,TCT,luat-hoc-tai-khu-soc-trang,D01,Điểm thi THPT,2025,24.27,Luật - học tại khu Sóc Trăng
146815,TCT,luat-hoc-tai-khu-soc-trang,D03,Điểm thi THPT,2025,24.27,Luật - học tại khu Sóc Trăng
146816,TCT,luat-kinh-te,A00,Điểm học bạ,2023,27.5,Luật kinh tế
146817,TCT,luat-kinh-te,C00,Điểm học bạ,2023,27.5,Luật kinh tế
146818,TCT,luat-kinh-te,D01,Điểm học bạ,2023,27.5,Luật kinh tế
146819,TCT,luat-kinh-te,D03,Điểm học bạ,2023,27.5,Luật kinh tế
146820,TCT,luat-kinh-te,A00,Điểm thi THPT,2023,25.85,Luật kinh tế
146821,TCT,luat-kinh-te,C00,Điểm thi THPT,2023,25.85,Luật kinh tế
146822,TCT,luat-kinh-te,D01,Điểm thi THPT,2023,25.85,Luật kinh tế
146823,TCT,luat-kinh-te,D03,Điểm thi THPT,2023,25.85,Luật kinh tế
146824,TCT,luat-kinh-te,A00,Điểm học bạ,2024,27.8,Luật kinh tế
146825,TCT,luat-kinh-te,C00,Điểm học bạ,2024,27.8,Luật kinh tế
146826,TCT,luat-kinh-te,D01,Điểm học bạ,2024,27.8,Luật kinh tế
146827,TCT,luat-kinh-te,D03,Điểm học bạ,2024,27.8,Luật kinh tế
146828,TCT,luat-kinh-te,A00,Điểm thi THPT,2024,26.85,Luật kinh tế
146829,TCT,luat-kinh-te,C00,Điểm thi THPT,2024,26.85,Luật kinh tế
146830,TCT,luat-kinh-te,D01,Điểm thi THPT,2024,26.85,Luật kinh tế
146831,TCT,luat-kinh-te,D03,Điểm thi THPT,2024,26.85,Luật kinh tế
146832,TCT,luat-kinh-te,A00,Điểm học bạ,2025,26.39,Luật kinh tế
146833,TCT,luat-kinh-te,C00,Điểm học bạ,2025,26.39,Luật kinh tế
146834,TCT,luat-kinh-te,D01,Điểm học bạ,2025,26.39,Luật kinh tế
146835,TCT,luat-kinh-te,D03,Điểm học bạ,2025,26.39,Luật kinh tế
146836,TCT,luat-kinh-te,A00,Điểm thi THPT,2025,26.39,Luật kinh tế
146837,TCT,luat-kinh-te,C00,Điểm thi THPT,2025,26.39,Luật kinh tế
146838,TCT,luat-kinh-te,D01,Điểm thi THPT,2025,26.39,Luật kinh tế
146839,TCT,luat-kinh-te,D03,Điểm thi THPT,2025,26.39,Luật kinh tế
146840,TCT,mang-may-tinh-va-truyen-thong-du-lieu,A00,Điểm học bạ,2021,25.25,Mạng máy tính và truyền thống dữ liệu
146841,TCT,mang-may-tinh-va-truyen-thong-du-lieu,A01,Điểm học bạ,2021,25.25,Mạng máy tính và truyền thống dữ liệu
146842,TCT,mang-may-tinh-va-truyen-thong-du-lieu,A00,Điểm thi THPT,2021,24.0,Mạng máy tính và truyền thống dữ liệu
146843,TCT,mang-may-tinh-va-truyen-thong-du-lieu,A01,Điểm thi THPT,2021,24.0,Mạng máy tính và truyền thống dữ liệu
146844,TCT,mang-may-tinh-va-truyen-thong-du-lieu,A00,Điểm học bạ,2022,27.5,Mạng máy tính và truyền thông dữ liệu
146845,TCT,mang-may-tinh-va-truyen-thong-du-lieu,A01,Điểm học bạ,2022,27.5,Mạng máy tính và truyền thông dữ liệu
146846,TCT,mang-may-tinh-va-truyen-thong-du-lieu,A00,Điểm thi THPT,2022,24.25,Mạng máy tính và truyền thông dữ liệu
146847,TCT,mang-may-tinh-va-truyen-thong-du-lieu,A01,Điểm thi THPT,2022,24.25,Mạng máy tính và truyền thông dữ liệu
146848,TCT,mang-may-tinh-va-truyen-thong-du-lieu,A00,Điểm học bạ,2023,27.25,Mạng máy tính và truyền thông dữ liệu
146849,TCT,mang-may-tinh-va-truyen-thong-du-lieu,A01,Điểm học bạ,2023,27.25,Mạng máy tính và truyền thông dữ liệu
146850,TCT,mang-may-tinh-va-truyen-thong-du-lieu,A00,Điểm thi THPT,2023,22.85,Mạng máy tính và truyền thông dữ liệu
146851,TCT,mang-may-tinh-va-truyen-thong-du-lieu,A01,Điểm thi THPT,2023,22.85,Mạng máy tính và truyền thông dữ liệu
146852,TCT,mang-may-tinh-va-truyen-thong-du-lieu,A00,Điểm học bạ,2024,27.0,Mạng máy tính và truyền thông dữ liệu
146853,TCT,mang-may-tinh-va-truyen-thong-du-lieu,A01,Điểm học bạ,2024,27.0,Mạng máy tính và truyền thông dữ liệu
146854,TCT,mang-may-tinh-va-truyen-thong-du-lieu,A00,Điểm thi THPT,2024,22.9,Mạng máy tính và truyền thông dữ liệu
146855,TCT,mang-may-tinh-va-truyen-thong-du-lieu,A01,Điểm thi THPT,2024,22.9,Mạng máy tính và truyền thông dữ liệu
146856,TCT,mang-may-tinh-va-truyen-thong-du-lieu,A00,Điểm học bạ,2025,21.01,Mạng máy tính và truyền thông dữ liệu
146857,TCT,mang-may-tinh-va-truyen-thong-du-lieu,A01,Điểm học bạ,2025,21.01,Mạng máy tính và truyền thông dữ liệu
146858,TCT,mang-may-tinh-va-truyen-thong-du-lieu,D01,Điểm học bạ,2025,17.75,Mạng máy tính và truyền thông dữ liệu (CTCLC)
146859,TCT,mang-may-tinh-va-truyen-thong-du-lieu,D07,Điểm học bạ,2025,17.75,Mạng máy tính và truyền thông dữ liệu (CTCLC)
146860,TCT,mang-may-tinh-va-truyen-thong-du-lieu,X06,Điểm học bạ,2025,21.01,Mạng máy tính và truyền thông dữ liệu
146861,TCT,mang-may-tinh-va-truyen-thong-du-lieu,X26,Điểm học bạ,2025,21.01,Mạng máy tính và truyền thông dữ liệu
146862,TCT,mang-may-tinh-va-truyen-thong-du-lieu,A00,Điểm thi THPT,2025,21.01,Mạng máy tính và truyền thông dữ liệu
146863,TCT,mang-may-tinh-va-truyen-thong-du-lieu,A01,Điểm thi THPT,2025,21.01,Mạng máy tính và truyền thông dữ liệu
146864,TCT,mang-may-tinh-va-truyen-thong-du-lieu,D01,Điểm thi THPT,2025,17.75,Mạng máy tính và truyền thông dữ liệu (CTCLC)
146865,TCT,mang-may-tinh-va-truyen-thong-du-lieu,D07,Điểm thi THPT,2025,17.75,Mạng máy tính và truyền thông dữ liệu (CTCLC)
146866,TCT,mang-may-tinh-va-truyen-thong-du-lieu,X06,Điểm thi THPT,2025,21.01,Mạng máy tính và truyền thông dữ liệu
146867,TCT,mang-may-tinh-va-truyen-thong-du-lieu,X26,Điểm thi THPT,2025,21.01,Mạng máy tính và truyền thông dữ liệu
146868,TCT,marketing,A00,Điểm học bạ,2021,29.0,Marketing
146869,TCT,marketing,A01,Điểm học bạ,2021,29.0,Marketing
146870,TCT,marketing,C02,Điểm học bạ,2021,29.0,Marketing
146871,TCT,marketing,D01,Điểm học bạ,2021,29.0,Marketing
146872,TCT,marketing,A00,Điểm thi THPT,2021,26.25,Marketing
146873,TCT,marketing,A01,Điểm thi THPT,2021,26.25,Marketing
146874,TCT,marketing,C02,Điểm thi THPT,2021,26.25,Marketing
146875,TCT,marketing,D01,Điểm thi THPT,2021,26.25,Marketing
146876,TCT,marketing,A00,Điểm học bạ,2022,29.25,Marketing
146877,TCT,marketing,A01,Điểm học bạ,2022,29.25,Marketing
146878,TCT,marketing,C02,Điểm học bạ,2022,29.25,Marketing
146879,TCT,marketing,D01,Điểm học bạ,2022,29.25,Marketing
146880,TCT,marketing,A00,Điểm thi THPT,2022,25.25,Marketing
146881,TCT,marketing,A01,Điểm thi THPT,2022,25.25,Marketing
146882,TCT,marketing,C02,Điểm thi THPT,2022,25.25,Marketing
146883,TCT,marketing,D01,Điểm thi THPT,2022,25.25,Marketing
146884,TCT,marketing,A00,Điểm học bạ,2023,28.5,Marketing
146885,TCT,marketing,A01,Điểm học bạ,2023,28.5,Marketing
146886,TCT,marketing,C02,Điểm học bạ,2023,28.5,Marketing
146887,TCT,marketing,D01,Điểm học bạ,2023,28.5,Marketing
146888,TCT,marketing,A00,Điểm thi THPT,2023,25.35,Marketing
146889,TCT,marketing,A01,Điểm thi THPT,2023,25.35,Marketing
146890,TCT,marketing,C02,Điểm thi THPT,2023,25.35,Marketing
146891,TCT,marketing,D01,Điểm thi THPT,2023,25.35,Marketing
146892,TCT,marketing,A00,Điểm học bạ,2024,28.3,Marketing
146893,TCT,marketing,A01,Điểm học bạ,2024,28.3,Marketing
146894,TCT,marketing,C02,Điểm học bạ,2024,28.3,Marketing
146895,TCT,marketing,D01,Điểm học bạ,2024,28.3,Marketing
146896,TCT,marketing,A00,Điểm thi THPT,2024,24.6,Marketing
146897,TCT,marketing,A01,Điểm thi THPT,2024,24.6,Marketing
146898,TCT,marketing,C02,Điểm thi THPT,2024,24.6,Marketing
146899,TCT,marketing,D01,Điểm thi THPT,2024,24.6,Marketing
146900,TCT,marketing,A00,Điểm học bạ,2025,22.96,Marketing
146901,TCT,marketing,A01,Điểm học bạ,2025,22.96,Marketing
146902,TCT,marketing,C02,Điểm học bạ,2025,22.96,Marketing
146903,TCT,marketing,D01,Điểm học bạ,2025,22.96,Marketing
146904,TCT,marketing,A00,Điểm thi THPT,2025,22.96,Marketing
146905,TCT,marketing,A01,Điểm thi THPT,2025,22.96,Marketing
146906,TCT,marketing,C02,Điểm thi THPT,2025,22.96,Marketing
146907,TCT,marketing,D01,Điểm thi THPT,2025,22.96,Marketing
146908,TCT,ngon-ngu-anh,D01,Điểm học bạ,2021,27.75,Ngôn ngữ Anh
146909,TCT,ngon-ngu-anh,D14,Điểm học bạ,2021,27.75,Ngôn ngữ Anh
146910,TCT,ngon-ngu-anh,D15,Điểm học bạ,2021,27.75,Ngôn ngữ Anh
146911,TCT,ngon-ngu-anh,D01,Điểm thi THPT,2021,26.5,Ngôn ngữ Anh
146912,TCT,ngon-ngu-anh,D14,Điểm thi THPT,2021,26.5,Ngôn ngữ Anh
146913,TCT,ngon-ngu-anh,D15,Điểm thi THPT,2021,26.5,Ngôn ngữ Anh
146914,TCT,ngon-ngu-anh,D01,Điểm học bạ,2022,26.0,Ngôn ngữ Anh (CTCLC)
146915,TCT,ngon-ngu-anh,D14,Điểm học bạ,2022,26.0,Ngôn ngữ Anh (CTCLC)
146916,TCT,ngon-ngu-anh,D15,Điểm học bạ,2022,26.0,Ngôn ngữ Anh (CTCLC)
146917,TCT,ngon-ngu-anh,D01,Điểm thi THPT,2022,24.5,Ngôn ngữ Anh (CTCLC)
146918,TCT,ngon-ngu-anh,D14,Điểm thi THPT,2022,24.5,Ngôn ngữ Anh (CTCLC)
146919,TCT,ngon-ngu-anh,D15,Điểm thi THPT,2022,24.5,Ngôn ngữ Anh (CTCLC)
146920,TCT,ngon-ngu-anh,D01,Điểm học bạ,2023,27.0,Ngôn ngữ Anh (CTCLC)
146921,TCT,ngon-ngu-anh,D14,Điểm học bạ,2023,27.0,Ngôn ngữ Anh (CTCLC)
146922,TCT,ngon-ngu-anh,D15,Điểm học bạ,2023,27.0,Ngôn ngữ Anh (CTCLC)
146923,TCT,ngon-ngu-anh,D01,Điểm thi THPT,2023,25.25,Ngôn ngữ Anh
146924,TCT,ngon-ngu-anh,D14,Điểm thi THPT,2023,25.25,Ngôn ngữ Anh
146925,TCT,ngon-ngu-anh,D15,Điểm thi THPT,2023,25.25,Ngôn ngữ Anh
146926,TCT,ngon-ngu-anh,D01,Điểm học bạ,2024,27.4,Ngôn ngữ Anh (CTCLC)
146927,TCT,ngon-ngu-anh,D14,Điểm học bạ,2024,27.4,Ngôn ngữ Anh (CTCLC)
146928,TCT,ngon-ngu-anh,D15,Điểm học bạ,2024,27.4,Ngôn ngữ Anh (CTCLC)
146929,TCT,ngon-ngu-anh,D01,Điểm thi THPT,2024,25.2,Ngôn ngữ Anh
146930,TCT,ngon-ngu-anh,D14,Điểm thi THPT,2024,25.2,Ngôn ngữ Anh
146931,TCT,ngon-ngu-anh,D15,Điểm thi THPT,2024,25.2,Ngôn ngữ Anh
146932,TCT,ngon-ngu-anh,D01,Điểm học bạ,2025,24.48,Ngôn ngữ Anh
146933,TCT,ngon-ngu-anh,D09,Điểm học bạ,2025,24.48,Ngôn ngữ Anh
146934,TCT,ngon-ngu-anh,D14,Điểm học bạ,2025,24.48,Ngôn ngữ Anh
146935,TCT,ngon-ngu-anh,D15,Điểm học bạ,2025,24.48,Ngôn ngữ Anh
146936,TCT,ngon-ngu-anh,D01,Điểm thi THPT,2025,24.48,Ngôn ngữ Anh
146937,TCT,ngon-ngu-anh,D09,Điểm thi THPT,2025,24.48,Ngôn ngữ Anh
146938,TCT,ngon-ngu-anh,D14,Điểm thi THPT,2025,24.48,Ngôn ngữ Anh
146939,TCT,ngon-ngu-anh,D15,Điểm thi THPT,2025,24.48,Ngôn ngữ Anh
146940,TCT,ngon-ngu-anh-2-chuyen-nganh-ngon-ngu-anh-phien-dich-bien-dich-tieng-anh,D01,Điểm học bạ,2022,28.25,"Ngôn ngữ Anh, 2 chuyên ngành: Ngôn ngữ Anh; Phiên dịch – Biên dịch tiếng Anh"
146941,TCT,ngon-ngu-anh-2-chuyen-nganh-ngon-ngu-anh-phien-dich-bien-dich-tieng-anh,D14,Điểm học bạ,2022,28.25,"Ngôn ngữ Anh, 2 chuyên ngành: Ngôn ngữ Anh; Phiên dịch – Biên dịch tiếng Anh"
146942,TCT,ngon-ngu-anh-2-chuyen-nganh-ngon-ngu-anh-phien-dich-bien-dich-tieng-anh,D15,Điểm học bạ,2022,28.25,"Ngôn ngữ Anh, 2 chuyên ngành: Ngôn ngữ Anh; Phiên dịch – Biên dịch tiếng Anh"
146943,TCT,ngon-ngu-anh-2-chuyen-nganh-ngon-ngu-anh-phien-dich-bien-dich-tieng-anh,D01,Điểm thi THPT,2022,26.0,Ngôn ngữ Anh; 2 chuyên ngành: - Ngôn ngữ Anh; - Phiên dịch – Biên dịch tiếng Anh.
146944,TCT,ngon-ngu-anh-2-chuyen-nganh-ngon-ngu-anh-phien-dich-bien-dich-tieng-anh,D14,Điểm thi THPT,2022,26.0,Ngôn ngữ Anh; 2 chuyên ngành: - Ngôn ngữ Anh; - Phiên dịch – Biên dịch tiếng Anh.
146945,TCT,ngon-ngu-anh-2-chuyen-nganh-ngon-ngu-anh-phien-dich-bien-dich-tieng-anh,D15,Điểm thi THPT,2022,26.0,Ngôn ngữ Anh; 2 chuyên ngành: - Ngôn ngữ Anh; - Phiên dịch – Biên dịch tiếng Anh.
146946,TCT,ngon-ngu-anh-2-chuyen-nganh-ngon-ngu-anh-phien-dich-bien-dich-tieng-anh,D01,Điểm học bạ,2023,27.6,"Ngôn ngữ Anh, 2 chuyên ngành: Ngôn ngữ Anh; Phiên dịch – Biên dịch tiếng Anh"
146947,TCT,ngon-ngu-anh-2-chuyen-nganh-ngon-ngu-anh-phien-dich-bien-dich-tieng-anh,D14,Điểm học bạ,2023,27.6,"Ngôn ngữ Anh, 2 chuyên ngành: Ngôn ngữ Anh; Phiên dịch – Biên dịch tiếng Anh"
146948,TCT,ngon-ngu-anh-2-chuyen-nganh-ngon-ngu-anh-phien-dich-bien-dich-tieng-anh,D15,Điểm học bạ,2023,27.6,"Ngôn ngữ Anh, 2 chuyên ngành: Ngôn ngữ Anh; Phiên dịch – Biên dịch tiếng Anh"
146949,TCT,ngon-ngu-anh-2-chuyen-nganh-ngon-ngu-anh-phien-dich-bien-dich-tieng-anh,D01,Điểm học bạ,2024,27.7,"Ngôn ngữ Anh, 2 chuyên ngành: - Ngôn ngữ Anh; - Phiên dịch - Biên dịch tiếng Anh."
146950,TCT,ngon-ngu-anh-2-chuyen-nganh-ngon-ngu-anh-phien-dich-bien-dich-tieng-anh,D14,Điểm học bạ,2024,27.7,"Ngôn ngữ Anh, 2 chuyên ngành: - Ngôn ngữ Anh; - Phiên dịch - Biên dịch tiếng Anh."
146951,TCT,ngon-ngu-anh-2-chuyen-nganh-ngon-ngu-anh-phien-dich-bien-dich-tieng-anh,D15,Điểm học bạ,2024,27.7,"Ngôn ngữ Anh, 2 chuyên ngành: - Ngôn ngữ Anh; - Phiên dịch - Biên dịch tiếng Anh."
146952,TCT,ngon-ngu-anh-hoc-tai-khu-hoa-an,D01,Điểm học bạ,2025,23.0,Ngôn ngữ Anh - học tại khu Hòa An
146953,TCT,ngon-ngu-anh-hoc-tai-khu-hoa-an,D09,Điểm học bạ,2025,23.0,Ngôn ngữ Anh - học tại khu Hòa An
146954,TCT,ngon-ngu-anh-hoc-tai-khu-hoa-an,D14,Điểm học bạ,2025,23.0,Ngôn ngữ Anh - học tại khu Hòa An
146955,TCT,ngon-ngu-anh-hoc-tai-khu-hoa-an,D15,Điểm học bạ,2025,23.0,Ngôn ngữ Anh - học tại khu Hòa An
146956,TCT,ngon-ngu-anh-hoc-tai-khu-hoa-an,D01,Điểm thi THPT,2025,23.0,Ngôn ngữ Anh - học tại khu Hòa An
146957,TCT,ngon-ngu-anh-hoc-tai-khu-hoa-an,D09,Điểm thi THPT,2025,23.0,Ngôn ngữ Anh - học tại khu Hòa An
146958,TCT,ngon-ngu-anh-hoc-tai-khu-hoa-an,D14,Điểm thi THPT,2025,23.0,Ngôn ngữ Anh - học tại khu Hòa An
146959,TCT,ngon-ngu-anh-hoc-tai-khu-hoa-an,D15,Điểm thi THPT,2025,23.0,Ngôn ngữ Anh - học tại khu Hòa An
146960,TCT,ngon-ngu-phap,D01,Điểm học bạ,2021,24.0,Ngôn ngữ Pháp
146961,TCT,ngon-ngu-phap,D03,Điểm học bạ,2021,24.0,Ngôn ngữ Pháp
146962,TCT,ngon-ngu-phap,D14,Điểm học bạ,2021,24.0,Ngôn ngữ Pháp
146963,TCT,ngon-ngu-phap,D64,Điểm học bạ,2021,24.0,Ngôn ngữ Pháp
146964,TCT,ngon-ngu-phap,D01,Điểm thi THPT,2021,23.5,Ngôn ngữ Pháp
146965,TCT,ngon-ngu-phap,D03,Điểm thi THPT,2021,23.5,Ngôn ngữ Pháp
146966,TCT,ngon-ngu-phap,D14,Điểm thi THPT,2021,23.5,Ngôn ngữ Pháp
146967,TCT,ngon-ngu-phap,D64,Điểm thi THPT,2021,23.5,Ngôn ngữ Pháp
146968,TCT,ngon-ngu-phap,D01,Điểm học bạ,2022,24.5,Ngôn ngữ Pháp
146969,TCT,ngon-ngu-phap,D03,Điểm học bạ,2022,24.5,Ngôn ngữ Pháp
146970,TCT,ngon-ngu-phap,D14,Điểm học bạ,2022,24.5,Ngôn ngữ Pháp
146971,TCT,ngon-ngu-phap,D64,Điểm học bạ,2022,24.5,Ngôn ngữ Pháp
146972,TCT,ngon-ngu-phap,D01,Điểm thi THPT,2022,23.0,Ngôn ngữ Pháp
146973,TCT,ngon-ngu-phap,D03,Điểm thi THPT,2022,23.0,Ngôn ngữ Pháp
146974,TCT,ngon-ngu-phap,D14,Điểm thi THPT,2022,23.0,Ngôn ngữ Pháp
146975,TCT,ngon-ngu-phap,D64,Điểm thi THPT,2022,23.0,Ngôn ngữ Pháp
146976,TCT,ngon-ngu-phap,D01,Điểm học bạ,2023,25.25,Ngôn ngữ Pháp
146977,TCT,ngon-ngu-phap,D03,Điểm học bạ,2023,25.25,Ngôn ngữ Pháp
146978,TCT,ngon-ngu-phap,D14,Điểm học bạ,2023,25.25,Ngôn ngữ Pháp
146979,TCT,ngon-ngu-phap,D64,Điểm học bạ,2023,25.25,Ngôn ngữ Pháp
146980,TCT,ngon-ngu-phap,D01,Điểm thi THPT,2023,21.75,Ngôn ngữ Pháp
146981,TCT,ngon-ngu-phap,D03,Điểm thi THPT,2023,21.75,Ngôn ngữ Pháp
146982,TCT,ngon-ngu-phap,D14,Điểm thi THPT,2023,21.75,Ngôn ngữ Pháp
146983,TCT,ngon-ngu-phap,D64,Điểm thi THPT,2023,21.75,Ngôn ngữ Pháp
146984,TCT,ngon-ngu-phap,D01,Điểm học bạ,2024,18.0,Ngôn ngữ Pháp
146985,TCT,ngon-ngu-phap,D03,Điểm học bạ,2024,18.0,Ngôn ngữ Pháp
146986,TCT,ngon-ngu-phap,D14,Điểm học bạ,2024,18.0,Ngôn ngữ Pháp
146987,TCT,ngon-ngu-phap,D64,Điểm học bạ,2024,18.0,Ngôn ngữ Pháp
146988,TCT,ngon-ngu-phap,D01,Điểm thi THPT,2024,21.0,Ngôn ngữ Pháp
146989,TCT,ngon-ngu-phap,D03,Điểm thi THPT,2024,21.0,Ngôn ngữ Pháp
146990,TCT,ngon-ngu-phap,D14,Điểm thi THPT,2024,21.0,Ngôn ngữ Pháp
146991,TCT,ngon-ngu-phap,D64,Điểm thi THPT,2024,21.0,Ngôn ngữ Pháp
146992,TCT,ngon-ngu-phap,D01,Điểm học bạ,2025,20.6,Ngôn ngữ Pháp
146993,TCT,ngon-ngu-phap,D03,Điểm học bạ,2025,20.6,Ngôn ngữ Pháp
146994,TCT,ngon-ngu-phap,D14,Điểm học bạ,2025,20.6,Ngôn ngữ Pháp
146995,TCT,ngon-ngu-phap,D64,Điểm học bạ,2025,20.6,Ngôn ngữ Pháp
146996,TCT,ngon-ngu-phap,D01,Điểm thi THPT,2025,20.6,Ngôn ngữ Pháp
146997,TCT,ngon-ngu-phap,D03,Điểm thi THPT,2025,20.6,Ngôn ngữ Pháp
146998,TCT,ngon-ngu-phap,D14,Điểm thi THPT,2025,20.6,Ngôn ngữ Pháp
146999,TCT,ngon-ngu-phap,D64,Điểm thi THPT,2025,20.6,Ngôn ngữ Pháp
147000,TCT,nong-hoc,B00,Điểm học bạ,2021,21.75,Nông học
147001,TCT,nong-hoc,D07,Điểm học bạ,2021,21.75,Nông học
147002,TCT,nong-hoc,D08,Điểm học bạ,2021,21.75,Nông học
147003,TCT,nong-hoc,B00,Điểm thi THPT,2021,19.5,Nông học
147004,TCT,nong-hoc,B08,Điểm thi THPT,2021,19.5,Nông học
147005,TCT,nong-hoc,D07,Điểm thi THPT,2021,19.5,Nông học
147006,TCT,nong-hoc,B00,Điểm học bạ,2022,24.0,Nông học
147007,TCT,nong-hoc,B08,Điểm học bạ,2022,24.0,Nông học
147008,TCT,nong-hoc,D07,Điểm học bạ,2022,24.0,Nông học
147009,TCT,nong-hoc,B00,Điểm thi THPT,2022,15.25,Nông học
147010,TCT,nong-hoc,B08,Điểm thi THPT,2022,15.25,Nông học
147011,TCT,nong-hoc,D07,Điểm thi THPT,2022,15.25,Nông học
147012,TCT,nong-hoc,B00,Điểm học bạ,2023,18.0,Nông học
147013,TCT,nong-hoc,B08,Điểm học bạ,2023,18.0,Nông học
147014,TCT,nong-hoc,D07,Điểm học bạ,2023,18.0,Nông học
147015,TCT,nong-hoc,B00,Điểm thi THPT,2023,15.0,Nông học
147016,TCT,nong-hoc,B08,Điểm thi THPT,2023,15.0,Nông học
147017,TCT,nong-hoc,D07,Điểm thi THPT,2023,15.0,Nông học
147018,TCT,nong-hoc,B00,Điểm học bạ,2024,21.75,Nông học
147019,TCT,nong-hoc,B08,Điểm học bạ,2024,21.75,Nông học
147020,TCT,nong-hoc,D07,Điểm học bạ,2024,21.75,Nông học
147021,TCT,nong-hoc,B00,Điểm thi THPT,2024,15.0,Nông học
147022,TCT,nong-hoc,B08,Điểm thi THPT,2024,15.0,Nông học
147023,TCT,nong-hoc,D07,Điểm thi THPT,2024,15.0,Nông học
147024,TCT,nong-hoc,A00,Điểm học bạ,2025,15.0,Nông học
147025,TCT,nong-hoc,B00,Điểm học bạ,2025,15.0,Nông học
147026,TCT,nong-hoc,B08,Điểm học bạ,2025,15.0,Nông học
147027,TCT,nong-hoc,D07,Điểm học bạ,2025,15.0,Nông học
147028,TCT,nong-hoc,A00,Điểm thi THPT,2025,15.0,Nông học
147029,TCT,nong-hoc,B00,Điểm thi THPT,2025,15.0,Nông học
147030,TCT,nong-hoc,B08,Điểm thi THPT,2025,15.0,Nông học
147031,TCT,nong-hoc,D07,Điểm thi THPT,2025,15.0,Nông học
147032,TCT,nuoi-trong-thuy-san,A00,Điểm học bạ,2021,22.5,Nuôi trồng thủy sản
147033,TCT,nuoi-trong-thuy-san,A01,Điểm học bạ,2021,19.5,Nuôi trồng thủy sản (CTTT)
147034,TCT,nuoi-trong-thuy-san,B00,Điểm học bạ,2021,22.5,Nuôi trồng thủy sản
147035,TCT,nuoi-trong-thuy-san,D07,Điểm học bạ,2021,22.5,Nuôi trồng thủy sản
147036,TCT,nuoi-trong-thuy-san,D08,Điểm học bạ,2021,22.5,Nuôi trồng thủy sản
147037,TCT,nuoi-trong-thuy-san,A00,Điểm thi THPT,2021,22.25,Nuôi trồng thủy sản
147038,TCT,nuoi-trong-thuy-san,A01,Điểm thi THPT,2021,15.0,Nuôi trồng thủy sản (CTTT)
147039,TCT,nuoi-trong-thuy-san,B00,Điểm thi THPT,2021,22.25,Nuôi trồng thủy sản
147040,TCT,nuoi-trong-thuy-san,B08,Điểm thi THPT,2021,22.25,Nuôi trồng thủy sản
147041,TCT,nuoi-trong-thuy-san,D07,Điểm thi THPT,2021,22.25,Nuôi trồng thủy sản
147042,TCT,nuoi-trong-thuy-san,A00,Điểm học bạ,2022,25.0,Nuôi trồng thủy sản
147043,TCT,nuoi-trong-thuy-san,A01,Điểm học bạ,2022,20.5,Nuôi trồng thủy sản (CTTT)
147044,TCT,nuoi-trong-thuy-san,B00,Điểm học bạ,2022,25.0,Nuôi trồng thủy sản
147045,TCT,nuoi-trong-thuy-san,B08,Điểm học bạ,2022,25.0,Nuôi trồng thủy sản
147046,TCT,nuoi-trong-thuy-san,D07,Điểm học bạ,2022,25.0,Nuôi trồng thủy sản
147047,TCT,nuoi-trong-thuy-san,A00,Điểm thi THPT,2022,16.0,Nuôi trồng thủy sản
147048,TCT,nuoi-trong-thuy-san,A01,Điểm thi THPT,2022,15.25,Nuôi trồng thủy sản (CTTT)
147049,TCT,nuoi-trong-thuy-san,B00,Điểm thi THPT,2022,16.0,Nuôi trồng thủy sản
147050,TCT,nuoi-trong-thuy-san,B08,Điểm thi THPT,2022,16.0,Nuôi trồng thủy sản
147051,TCT,nuoi-trong-thuy-san,D07,Điểm thi THPT,2022,16.0,Nuôi trồng thủy sản
147052,TCT,nuoi-trong-thuy-san,A00,Điểm học bạ,2023,21.0,Nuôi trồng thủy sản
147053,TCT,nuoi-trong-thuy-san,A01,Điểm học bạ,2023,21.5,Nuôi trồng thủy sản (CTTT)
147054,TCT,nuoi-trong-thuy-san,B00,Điểm học bạ,2023,21.0,Nuôi trồng thủy sản
147055,TCT,nuoi-trong-thuy-san,B08,Điểm học bạ,2023,21.0,Nuôi trồng thủy sản
147056,TCT,nuoi-trong-thuy-san,D07,Điểm học bạ,2023,21.0,Nuôi trồng thủy sản
147057,TCT,nuoi-trong-thuy-san,A00,Điểm thi THPT,2023,16.75,Nuôi trồng thủy sản
147058,TCT,nuoi-trong-thuy-san,A01,Điểm thi THPT,2023,15.0,Nuôi trồng thủy sản (CTTT)
147059,TCT,nuoi-trong-thuy-san,B00,Điểm thi THPT,2023,16.75,Nuôi trồng thủy sản
147060,TCT,nuoi-trong-thuy-san,B08,Điểm thi THPT,2023,16.75,Nuôi trồng thủy sản
147061,TCT,nuoi-trong-thuy-san,D07,Điểm thi THPT,2023,16.75,Nuôi trồng thủy sản
147062,TCT,nuoi-trong-thuy-san,A00,Điểm học bạ,2024,21.5,Nuôi trồng thủy sản
147063,TCT,nuoi-trong-thuy-san,A01,Điểm học bạ,2024,21.0,Nuôi trồng thủy sản (CTTT)
147064,TCT,nuoi-trong-thuy-san,B00,Điểm học bạ,2024,21.5,Nuôi trồng thủy sản
147065,TCT,nuoi-trong-thuy-san,B08,Điểm học bạ,2024,21.5,Nuôi trồng thủy sản
147066,TCT,nuoi-trong-thuy-san,D07,Điểm học bạ,2024,21.5,Nuôi trồng thủy sản
147067,TCT,nuoi-trong-thuy-san,A00,Điểm thi THPT,2024,15.0,Nuôi trồng thủy sản
147068,TCT,nuoi-trong-thuy-san,A01,Điểm thi THPT,2024,15.0,Nuôi trồng thủy sản (CTTT)
147069,TCT,nuoi-trong-thuy-san,B00,Điểm thi THPT,2024,15.0,Nuôi trồng thủy sản
147070,TCT,nuoi-trong-thuy-san,B08,Điểm thi THPT,2024,15.0,Nuôi trồng thủy sản
147071,TCT,nuoi-trong-thuy-san,D07,Điểm thi THPT,2024,15.0,Nuôi trồng thủy sản
147072,TCT,nuoi-trong-thuy-san,A00,Điểm học bạ,2025,15.0,Nuôi trồng thủy sản
147073,TCT,nuoi-trong-thuy-san,A01,Điểm học bạ,2025,15.0,Nuôi trồng thủy sản (CTTT)
147074,TCT,nuoi-trong-thuy-san,B00,Điểm học bạ,2025,15.0,Nuôi trồng thủy sản
147075,TCT,nuoi-trong-thuy-san,B08,Điểm học bạ,2025,15.0,Nuôi trồng thủy sản
147076,TCT,nuoi-trong-thuy-san,D07,Điểm học bạ,2025,15.0,Nuôi trồng thủy sản
147077,TCT,nuoi-trong-thuy-san,X28,Điểm học bạ,2025,15.0,Nuôi trồng thủy sản (CTTT)
147078,TCT,nuoi-trong-thuy-san,A00,Điểm thi THPT,2025,15.0,Nuôi trồng thủy sản
147079,TCT,nuoi-trong-thuy-san,A01,Điểm thi THPT,2025,15.0,Nuôi trồng thủy sản (CTTT)
147080,TCT,nuoi-trong-thuy-san,B00,Điểm thi THPT,2025,15.0,Nuôi trồng thủy sản
147081,TCT,nuoi-trong-thuy-san,B08,Điểm thi THPT,2025,15.0,Nuôi trồng thủy sản
147082,TCT,nuoi-trong-thuy-san,D07,Điểm thi THPT,2025,15.0,Nuôi trồng thủy sản
147083,TCT,nuoi-trong-thuy-san,X28,Điểm thi THPT,2025,15.0,Nuôi trồng thủy sản (CTTT)
147084,TCT,quan-ly-cong-nghiep,A00,Điểm học bạ,2021,26.75,Quản lý công nghiệp
147085,TCT,quan-ly-cong-nghiep,A01,Điểm học bạ,2021,26.75,Quản lý công nghiệp
147086,TCT,quan-ly-cong-nghiep,D01,Điểm học bạ,2021,26.75,Quản lý công nghiệp
147087,TCT,quan-ly-cong-nghiep,A00,Điểm thi THPT,2021,24.75,Quản lý công nghiệp
147088,TCT,quan-ly-cong-nghiep,A01,Điểm thi THPT,2021,24.75,Quản lý công nghiệp
147089,TCT,quan-ly-cong-nghiep,D01,Điểm thi THPT,2021,24.75,Quản lý công nghiệp
147090,TCT,quan-ly-cong-nghiep,A00,Điểm học bạ,2022,27.75,Quản lý công nghiệp
147091,TCT,quan-ly-cong-nghiep,A01,Điểm học bạ,2022,27.75,Quản lý công nghiệp
147092,TCT,quan-ly-cong-nghiep,D01,Điểm học bạ,2022,27.75,Quản lý công nghiệp
147093,TCT,quan-ly-cong-nghiep,A00,Điểm thi THPT,2022,23.25,Quản lý công nghiệp
147094,TCT,quan-ly-cong-nghiep,A01,Điểm thi THPT,2022,23.25,Quản lý công nghiệp
147095,TCT,quan-ly-cong-nghiep,D01,Điểm thi THPT,2022,23.25,Quản lý công nghiệp
147096,TCT,quan-ly-cong-nghiep,A00,Điểm học bạ,2023,27.0,Quản lý công nghiệp
147097,TCT,quan-ly-cong-nghiep,A01,Điểm học bạ,2023,27.0,Quản lý công nghiệp
147098,TCT,quan-ly-cong-nghiep,D01,Điểm học bạ,2023,27.0,Quản lý công nghiệp
147099,TCT,quan-ly-cong-nghiep,A00,Điểm thi THPT,2023,23.61,Quản lý công nghiệp
147100,TCT,quan-ly-cong-nghiep,A01,Điểm thi THPT,2023,23.61,Quản lý công nghiệp
147101,TCT,quan-ly-cong-nghiep,D01,Điểm thi THPT,2023,23.61,Quản lý công nghiệp
147102,TCT,quan-ly-cong-nghiep,A00,Điểm học bạ,2024,26.9,Quản lý công nghiệp
147103,TCT,quan-ly-cong-nghiep,D01,Điểm học bạ,2024,26.9,Quản lý công nghiệp
147104,TCT,quan-ly-cong-nghiep,A00,Điểm thi THPT,2024,23.0,Quản lý công nghiệp
147105,TCT,quan-ly-cong-nghiep,A01,Điểm thi THPT,2024,23.0,Quản lý công nghiệp
147106,TCT,quan-ly-cong-nghiep,D01,Điểm thi THPT,2024,23.0,Quản lý công nghiệp
147107,TCT,quan-ly-cong-nghiep,A00,Điểm học bạ,2025,20.61,Quản lý công nghiệp
147108,TCT,quan-ly-cong-nghiep,A01,Điểm học bạ,2025,20.61,Quản lý công nghiệp
147109,TCT,quan-ly-cong-nghiep,D01,Điểm học bạ,2025,20.61,Quản lý công nghiệp
147110,TCT,quan-ly-cong-nghiep,X27,Điểm học bạ,2025,20.61,Quản lý công nghiệp
147111,TCT,quan-ly-cong-nghiep,A00,Điểm thi THPT,2025,20.61,Quản lý công nghiệp
147112,TCT,quan-ly-cong-nghiep,A01,Điểm thi THPT,2025,20.61,Quản lý công nghiệp
147113,TCT,quan-ly-cong-nghiep,D01,Điểm thi THPT,2025,20.61,Quản lý công nghiệp
147114,TCT,quan-ly-cong-nghiep,X27,Điểm thi THPT,2025,20.61,Quản lý công nghiệp
147115,TCT,quan-ly-dat-dai,A00,Điểm học bạ,2021,25.25,Quản lý đất đai
147116,TCT,quan-ly-dat-dai,A01,Điểm học bạ,2021,25.25,Quản lý đất đai
147117,TCT,quan-ly-dat-dai,B00,Điểm học bạ,2021,25.25,Quản lý đất đai
147118,TCT,quan-ly-dat-dai,D07,Điểm học bạ,2021,25.25,Quản lý đất đai
147119,TCT,quan-ly-dat-dai,A00,Điểm thi THPT,2021,23.0,Quản lý đất đai
147120,TCT,quan-ly-dat-dai,A01,Điểm thi THPT,2021,23.0,Quản lý đất đai
147121,TCT,quan-ly-dat-dai,B00,Điểm thi THPT,2021,23.0,Quản lý đất đai
147122,TCT,quan-ly-dat-dai,D07,Điểm thi THPT,2021,23.0,Quản lý đất đai
147123,TCT,quan-ly-dat-dai,A00,Điểm học bạ,2022,26.25,Quản lý đất đai
147124,TCT,quan-ly-dat-dai,A01,Điểm học bạ,2022,26.25,Quản lý đất đai
147125,TCT,quan-ly-dat-dai,B00,Điểm học bạ,2022,26.25,Quản lý đất đai
147126,TCT,quan-ly-dat-dai,D07,Điểm học bạ,2022,26.25,Quản lý đất đai
147127,TCT,quan-ly-dat-dai,A00,Điểm thi THPT,2022,16.25,Quản lý đất đai
147128,TCT,quan-ly-dat-dai,A01,Điểm thi THPT,2022,16.25,Quản lý đất đai
147129,TCT,quan-ly-dat-dai,B00,Điểm thi THPT,2022,16.25,Quản lý đất đai
147130,TCT,quan-ly-dat-dai,D07,Điểm thi THPT,2022,16.25,Quản lý đất đai
147131,TCT,quan-ly-dat-dai,A00,Điểm học bạ,2023,24.0,Quản lý đất đai
147132,TCT,quan-ly-dat-dai,A01,Điểm học bạ,2023,24.0,Quản lý đất đai
147133,TCT,quan-ly-dat-dai,B00,Điểm học bạ,2023,24.0,Quản lý đất đai
147134,TCT,quan-ly-dat-dai,D07,Điểm học bạ,2023,24.0,Quản lý đất đai
147135,TCT,quan-ly-dat-dai,A00,Điểm thi THPT,2023,20.45,Quản lý đất đai
147136,TCT,quan-ly-dat-dai,A01,Điểm thi THPT,2023,20.45,Quản lý đất đai
147137,TCT,quan-ly-dat-dai,B00,Điểm thi THPT,2023,20.45,Quản lý đất đai
147138,TCT,quan-ly-dat-dai,D07,Điểm thi THPT,2023,20.45,Quản lý đất đai
147139,TCT,quan-ly-dat-dai,A00,Điểm học bạ,2024,25.5,Quản lý đất đai
147140,TCT,quan-ly-dat-dai,A01,Điểm học bạ,2024,25.5,Quản lý đất đai
147141,TCT,quan-ly-dat-dai,B00,Điểm học bạ,2024,25.5,Quản lý đất đai
147142,TCT,quan-ly-dat-dai,D07,Điểm học bạ,2024,25.5,Quản lý đất đai
147143,TCT,quan-ly-dat-dai,A00,Điểm thi THPT,2024,21.7,Quản lý đất đai
147144,TCT,quan-ly-dat-dai,A01,Điểm thi THPT,2024,21.7,Quản lý đất đai
147145,TCT,quan-ly-dat-dai,B00,Điểm thi THPT,2024,21.7,Quản lý đất đai
147146,TCT,quan-ly-dat-dai,D07,Điểm thi THPT,2024,21.7,Quản lý đất đai
147147,TCT,quan-ly-dat-dai,A00,Điểm học bạ,2025,16.9,Quản lý đất đai
147148,TCT,quan-ly-dat-dai,A01,Điểm học bạ,2025,16.9,Quản lý đất đai
147149,TCT,quan-ly-dat-dai,B00,Điểm học bạ,2025,16.9,Quản lý đất đai
147150,TCT,quan-ly-dat-dai,D07,Điểm học bạ,2025,16.9,Quản lý đất đai
147151,TCT,quan-ly-dat-dai,A00,Điểm thi THPT,2025,16.9,Quản lý đất đai
147152,TCT,quan-ly-dat-dai,A01,Điểm thi THPT,2025,16.9,Quản lý đất đai
147153,TCT,quan-ly-dat-dai,B00,Điểm thi THPT,2025,16.9,Quản lý đất đai
147154,TCT,quan-ly-dat-dai,D07,Điểm thi THPT,2025,16.9,Quản lý đất đai
147155,TCT,quan-ly-dat-va-cn-phan-bon,A00,Điểm học bạ,2022,19.5,Khoa học đất (Chuyên ngành Quản lý đất và CN phân bón)
147156,TCT,quan-ly-dat-va-cn-phan-bon,B00,Điểm học bạ,2022,19.5,Khoa học đất (Chuyên ngành Quản lý đất và CN phân bón)
147157,TCT,quan-ly-dat-va-cn-phan-bon,B08,Điểm học bạ,2022,19.5,Khoa học đất (Chuyên ngành Quản lý đất và CN phân bón)
147158,TCT,quan-ly-dat-va-cn-phan-bon,D07,Điểm học bạ,2022,19.5,Khoa học đất (Chuyên ngành Quản lý đất và CN phân bón)
147159,TCT,quan-ly-dat-va-cn-phan-bon,A00,Điểm học bạ,2023,21.0,Khoa học đất (Chuyên ngành Quản lý đất và CN phân bón)
147160,TCT,quan-ly-dat-va-cn-phan-bon,B00,Điểm học bạ,2023,21.0,Khoa học đất (Chuyên ngành Quản lý đất và CN phân bón)
147161,TCT,quan-ly-dat-va-cn-phan-bon,B08,Điểm học bạ,2023,21.0,Khoa học đất (Chuyên ngành Quản lý đất và CN phân bón)
147162,TCT,quan-ly-dat-va-cn-phan-bon,D07,Điểm học bạ,2023,21.0,Khoa học đất (Chuyên ngành Quản lý đất và CN phân bón)
147163,TCT,quan-ly-dat-va-cong-nghe-phan-bon,A00,Điểm thi THPT,2022,15.5,Khoa học đất; chuyên ngành Quản lý đất và công nghệ phân bón
147164,TCT,quan-ly-dat-va-cong-nghe-phan-bon,B00,Điểm thi THPT,2022,15.5,Khoa học đất; chuyên ngành Quản lý đất và công nghệ phân bón
147165,TCT,quan-ly-dat-va-cong-nghe-phan-bon,B08,Điểm thi THPT,2022,15.5,Khoa học đất; chuyên ngành Quản lý đất và công nghệ phân bón
147166,TCT,quan-ly-dat-va-cong-nghe-phan-bon,D07,Điểm thi THPT,2022,15.5,Khoa học đất; chuyên ngành Quản lý đất và công nghệ phân bón
147167,TCT,quan-ly-dat-va-cong-nghe-phan-bon,A00,Điểm thi THPT,2023,15.0,"Khoa học đất, chuyên ngành Quản lý đất và công nghệ phân bón."
147168,TCT,quan-ly-dat-va-cong-nghe-phan-bon,B00,Điểm thi THPT,2023,15.0,"Khoa học đất, chuyên ngành Quản lý đất và công nghệ phân bón."
147169,TCT,quan-ly-dat-va-cong-nghe-phan-bon,B08,Điểm thi THPT,2023,15.0,"Khoa học đất, chuyên ngành Quản lý đất và công nghệ phân bón."
147170,TCT,quan-ly-dat-va-cong-nghe-phan-bon,D07,Điểm thi THPT,2023,15.0,"Khoa học đất, chuyên ngành Quản lý đất và công nghệ phân bón."
147171,TCT,quan-ly-tai-nguyen-va-moi-truong,A00,Điểm học bạ,2021,23.0,Quản lý tài nguyên và môi trường
147172,TCT,quan-ly-tai-nguyen-va-moi-truong,A01,Điểm học bạ,2021,23.0,Quản lý tài nguyên và môi trường
147173,TCT,quan-ly-tai-nguyen-va-moi-truong,B00,Điểm học bạ,2021,23.0,Quản lý tài nguyên và môi trường
147174,TCT,quan-ly-tai-nguyen-va-moi-truong,D07,Điểm học bạ,2021,23.0,Quản lý tài nguyên và môi trường
147175,TCT,quan-ly-tai-nguyen-va-moi-truong,A00,Điểm thi THPT,2021,23.0,Quản lý tài nguyên và môi trường
147176,TCT,quan-ly-tai-nguyen-va-moi-truong,A01,Điểm thi THPT,2021,23.0,Quản lý tài nguyên và môi trường
147177,TCT,quan-ly-tai-nguyen-va-moi-truong,B00,Điểm thi THPT,2021,23.0,Quản lý tài nguyên và môi trường
147178,TCT,quan-ly-tai-nguyen-va-moi-truong,D07,Điểm thi THPT,2021,23.0,Quản lý tài nguyên và môi trường
147179,TCT,quan-ly-tai-nguyen-va-moi-truong,A00,Điểm học bạ,2022,25.75,Quản lý tài nguyên và môi trường
147180,TCT,quan-ly-tai-nguyen-va-moi-truong,A01,Điểm học bạ,2022,25.75,Quản lý tài nguyên và môi trường
147181,TCT,quan-ly-tai-nguyen-va-moi-truong,B00,Điểm học bạ,2022,25.75,Quản lý tài nguyên và môi trường
147182,TCT,quan-ly-tai-nguyen-va-moi-truong,D07,Điểm học bạ,2022,25.75,Quản lý tài nguyên và môi trường
147183,TCT,quan-ly-tai-nguyen-va-moi-truong,A00,Điểm thi THPT,2022,17.5,Quản lý tài nguyên và môi trường
147184,TCT,quan-ly-tai-nguyen-va-moi-truong,A01,Điểm thi THPT,2022,17.5,Quản lý tài nguyên và môi trường
147185,TCT,quan-ly-tai-nguyen-va-moi-truong,B00,Điểm thi THPT,2022,17.5,Quản lý tài nguyên và môi trường
147186,TCT,quan-ly-tai-nguyen-va-moi-truong,D07,Điểm thi THPT,2022,17.5,Quản lý tài nguyên và môi trường
147187,TCT,quan-ly-tai-nguyen-va-moi-truong,A00,Điểm học bạ,2023,24.0,Quản lý tài nguyên và môi trường
147188,TCT,quan-ly-tai-nguyen-va-moi-truong,A01,Điểm học bạ,2023,24.0,Quản lý tài nguyên và môi trường
147189,TCT,quan-ly-tai-nguyen-va-moi-truong,B00,Điểm học bạ,2023,24.0,Quản lý tài nguyên và môi trường
147190,TCT,quan-ly-tai-nguyen-va-moi-truong,D07,Điểm học bạ,2023,24.0,Quản lý tài nguyên và môi trường
147191,TCT,quan-ly-tai-nguyen-va-moi-truong,A00,Điểm thi THPT,2023,19.8,Quản lý tài nguyên và môi trường
147192,TCT,quan-ly-tai-nguyen-va-moi-truong,A01,Điểm thi THPT,2023,19.8,Quản lý tài nguyên và môi trường
147193,TCT,quan-ly-tai-nguyen-va-moi-truong,B00,Điểm thi THPT,2023,19.8,Quản lý tài nguyên và môi trường
147194,TCT,quan-ly-tai-nguyen-va-moi-truong,D07,Điểm thi THPT,2023,19.8,Quản lý tài nguyên và môi trường
147195,TCT,quan-ly-tai-nguyen-va-moi-truong,A00,Điểm học bạ,2024,24.5,Quản lý tài nguyên và môi trường
147196,TCT,quan-ly-tai-nguyen-va-moi-truong,A01,Điểm học bạ,2024,24.5,Quản lý tài nguyên và môi trường
147197,TCT,quan-ly-tai-nguyen-va-moi-truong,B00,Điểm học bạ,2024,24.5,Quản lý tài nguyên và môi trường
147198,TCT,quan-ly-tai-nguyen-va-moi-truong,D07,Điểm học bạ,2024,24.5,Quản lý tài nguyên và môi trường
147199,TCT,quan-ly-tai-nguyen-va-moi-truong,A00,Điểm thi THPT,2024,18.0,Quản lý tài nguyên và môi trường
147200,TCT,quan-ly-tai-nguyen-va-moi-truong,A01,Điểm thi THPT,2024,18.0,Quản lý tài nguyên và môi trường
147201,TCT,quan-ly-tai-nguyen-va-moi-truong,B00,Điểm thi THPT,2024,18.0,Quản lý tài nguyên và môi trường
147202,TCT,quan-ly-tai-nguyen-va-moi-truong,D07,Điểm thi THPT,2024,18.0,Quản lý tài nguyên và môi trường
147203,TCT,quan-ly-tai-nguyen-va-moi-truong,A00,Điểm học bạ,2025,17.1,Quản lý tài nguyên và môi trường
147204,TCT,quan-ly-tai-nguyen-va-moi-truong,A01,Điểm học bạ,2025,17.1,Quản lý tài nguyên và môi trường
147205,TCT,quan-ly-tai-nguyen-va-moi-truong,B00,Điểm học bạ,2025,17.1,Quản lý tài nguyên và môi trường
147206,TCT,quan-ly-tai-nguyen-va-moi-truong,D07,Điểm học bạ,2025,17.1,Quản lý tài nguyên và môi trường
147207,TCT,quan-ly-tai-nguyen-va-moi-truong,A00,Điểm thi THPT,2025,17.1,Quản lý tài nguyên và môi trường
147208,TCT,quan-ly-tai-nguyen-va-moi-truong,A01,Điểm thi THPT,2025,17.1,Quản lý tài nguyên và môi trường
147209,TCT,quan-ly-tai-nguyen-va-moi-truong,B00,Điểm thi THPT,2025,17.1,Quản lý tài nguyên và môi trường
147210,TCT,quan-ly-tai-nguyen-va-moi-truong,D07,Điểm thi THPT,2025,17.1,Quản lý tài nguyên và môi trường
147211,TCT,quan-ly-thuy-san,A00,Điểm học bạ,2021,19.5,Quản lý thủy sản
147212,TCT,quan-ly-thuy-san,B00,Điểm học bạ,2021,19.5,Quản lý thủy sản
147213,TCT,quan-ly-thuy-san,D07,Điểm học bạ,2021,19.5,Quản lý thủy sản
147214,TCT,quan-ly-thuy-san,D08,Điểm học bạ,2021,19.5,Quản lý thủy sản
147215,TCT,quan-ly-thuy-san,A00,Điểm thi THPT,2021,21.5,Quản lý thủy sản
147216,TCT,quan-ly-thuy-san,B00,Điểm thi THPT,2021,21.5,Quản lý thủy sản
147217,TCT,quan-ly-thuy-san,B08,Điểm thi THPT,2021,21.5,Quản lý thủy sản
147218,TCT,quan-ly-thuy-san,D07,Điểm thi THPT,2021,21.5,Quản lý thủy sản
147219,TCT,quan-ly-thuy-san,A00,Điểm học bạ,2022,24.0,Quản lý thủy sản
147220,TCT,quan-ly-thuy-san,B00,Điểm học bạ,2022,24.0,Quản lý thủy sản
147221,TCT,quan-ly-thuy-san,B08,Điểm học bạ,2022,24.0,Quản lý thủy sản
147222,TCT,quan-ly-thuy-san,D07,Điểm học bạ,2022,24.0,Quản lý thủy sản
147223,TCT,quan-ly-thuy-san,A00,Điểm thi THPT,2022,16.0,Quản lý thủy sản
147224,TCT,quan-ly-thuy-san,B00,Điểm thi THPT,2022,16.0,Quản lý thủy sản
147225,TCT,quan-ly-thuy-san,B08,Điểm thi THPT,2022,16.0,Quản lý thủy sản
147226,TCT,quan-ly-thuy-san,D07,Điểm thi THPT,2022,16.0,Quản lý thủy sản
147227,TCT,quan-ly-thuy-san,A00,Điểm học bạ,2023,18.0,Quản lý thủy sản
147228,TCT,quan-ly-thuy-san,B00,Điểm học bạ,2023,18.0,Quản lý thủy sản
147229,TCT,quan-ly-thuy-san,B08,Điểm học bạ,2023,18.0,Quản lý thủy sản
147230,TCT,quan-ly-thuy-san,D07,Điểm học bạ,2023,18.0,Quản lý thủy sản
147231,TCT,quan-ly-thuy-san,A00,Điểm thi THPT,2023,15.0,Quản lý thủy sản
147232,TCT,quan-ly-thuy-san,B00,Điểm thi THPT,2023,15.0,Quản lý thủy sản
147233,TCT,quan-ly-thuy-san,B08,Điểm thi THPT,2023,15.0,Quản lý thủy sản
147234,TCT,quan-ly-thuy-san,D07,Điểm thi THPT,2023,15.0,Quản lý thủy sản
147235,TCT,quan-ly-thuy-san,A00,Điểm học bạ,2024,21.0,Quản lý thủy sản
147236,TCT,quan-ly-thuy-san,B00,Điểm học bạ,2024,21.0,Quản lý thủy sản
147237,TCT,quan-ly-thuy-san,B08,Điểm học bạ,2024,21.0,Quản lý thủy sản
147238,TCT,quan-ly-thuy-san,D07,Điểm học bạ,2024,21.0,Quản lý thủy sản
147239,TCT,quan-ly-thuy-san,A00,Điểm thi THPT,2024,15.0,Quản lý thủy sản
147240,TCT,quan-ly-thuy-san,B00,Điểm thi THPT,2024,15.0,Quản lý thủy sản
147241,TCT,quan-ly-thuy-san,B08,Điểm thi THPT,2024,15.0,Quản lý thủy sản
147242,TCT,quan-ly-thuy-san,D07,Điểm thi THPT,2024,15.0,Quản lý thủy sản
147243,TCT,quan-ly-thuy-san,A00,Điểm học bạ,2025,15.0,Quản lý thủy sản
147244,TCT,quan-ly-thuy-san,B00,Điểm học bạ,2025,15.0,Quản lý thủy sản
147245,TCT,quan-ly-thuy-san,B08,Điểm học bạ,2025,15.0,Quản lý thủy sản
147246,TCT,quan-ly-thuy-san,D07,Điểm học bạ,2025,15.0,Quản lý thủy sản
147247,TCT,quan-ly-thuy-san,A00,Điểm thi THPT,2025,15.0,Quản lý thủy sản
147248,TCT,quan-ly-thuy-san,B00,Điểm thi THPT,2025,15.0,Quản lý thủy sản
147249,TCT,quan-ly-thuy-san,B08,Điểm thi THPT,2025,15.0,Quản lý thủy sản
147250,TCT,quan-ly-thuy-san,D07,Điểm thi THPT,2025,15.0,Quản lý thủy sản
147251,TCT,quan-tri-dich-vu-du-lich-va-lu-hanh,A00,Điểm học bạ,2021,28.0,Quản trị dịch vụ du lịch và lữ hành
147252,TCT,quan-tri-dich-vu-du-lich-va-lu-hanh,A01,Điểm học bạ,2021,28.0,Quản trị dịch vụ du lịch và lữ hành
147253,TCT,quan-tri-dich-vu-du-lich-va-lu-hanh,C02,Điểm học bạ,2021,28.0,Quản trị dịch vụ du lịch và lữ hành
147254,TCT,quan-tri-dich-vu-du-lich-va-lu-hanh,D01,Điểm học bạ,2021,28.0,Quản trị dịch vụ du lịch và lữ hành
147255,TCT,quan-tri-dich-vu-du-lich-va-lu-hanh,A00,Điểm thi THPT,2021,25.0,Quản trị dịch vụ du lịch và lữ hành
147256,TCT,quan-tri-dich-vu-du-lich-va-lu-hanh,A01,Điểm thi THPT,2021,25.0,Quản trị dịch vụ du lịch và lữ hành
147257,TCT,quan-tri-dich-vu-du-lich-va-lu-hanh,C02,Điểm thi THPT,2021,25.0,Quản trị dịch vụ du lịch và lữ hành
147258,TCT,quan-tri-dich-vu-du-lich-va-lu-hanh,D01,Điểm thi THPT,2021,25.0,Quản trị dịch vụ du lịch và lữ hành
147259,TCT,quan-tri-dich-vu-du-lich-va-lu-hanh,A00,Điểm học bạ,2022,28.25,Quản trị dịch vụ du lịch và lữ hành
147260,TCT,quan-tri-dich-vu-du-lich-va-lu-hanh,A01,Điểm học bạ,2022,28.25,Quản trị dịch vụ du lịch và lữ hành
147261,TCT,quan-tri-dich-vu-du-lich-va-lu-hanh,C02,Điểm học bạ,2022,28.25,Quản trị dịch vụ du lịch và lữ hành
147262,TCT,quan-tri-dich-vu-du-lich-va-lu-hanh,D01,Điểm học bạ,2022,28.25,Quản trị dịch vụ du lịch và lữ hành
147263,TCT,quan-tri-dich-vu-du-lich-va-lu-hanh,D07,Điểm học bạ,2022,24.75,Quản trị dịch vụ du lịch và lữ hành (CTCLC)
147264,TCT,quan-tri-dich-vu-du-lich-va-lu-hanh,A00,Điểm thi THPT,2022,24.4,Quản trị dịch vụ du lịch và lữ hành
147265,TCT,quan-tri-dich-vu-du-lich-va-lu-hanh,A01,Điểm thi THPT,2022,24.4,Quản trị dịch vụ du lịch và lữ hành
147266,TCT,quan-tri-dich-vu-du-lich-va-lu-hanh,C02,Điểm thi THPT,2022,24.4,Quản trị dịch vụ du lịch và lữ hành
147267,TCT,quan-tri-dich-vu-du-lich-va-lu-hanh,D01,Điểm thi THPT,2022,24.4,Quản trị dịch vụ du lịch và lữ hành
147268,TCT,quan-tri-dich-vu-du-lich-va-lu-hanh,D07,Điểm thi THPT,2022,20.5,Quản trị dịch vụ du lịch và lữ hành (CTCLC)
147269,TCT,quan-tri-dich-vu-du-lich-va-lu-hanh,A00,Điểm học bạ,2023,27.5,Quản trị dịch vụ du lịch và lữ hành
147270,TCT,quan-tri-dich-vu-du-lich-va-lu-hanh,A01,Điểm học bạ,2023,27.5,Quản trị dịch vụ du lịch và lữ hành
147271,TCT,quan-tri-dich-vu-du-lich-va-lu-hanh,C02,Điểm học bạ,2023,27.5,Quản trị dịch vụ du lịch và lữ hành
147272,TCT,quan-tri-dich-vu-du-lich-va-lu-hanh,D01,Điểm học bạ,2023,27.5,Quản trị dịch vụ du lịch và lữ hành
147273,TCT,quan-tri-dich-vu-du-lich-va-lu-hanh,D07,Điểm học bạ,2023,26.5,Quản trị dịch vụ du lịch và lữ hành (CTCLC)
147274,TCT,quan-tri-dich-vu-du-lich-va-lu-hanh,A00,Điểm thi THPT,2023,24.0,Quản trị dịch vụ du lịch và lữ hành
147275,TCT,quan-tri-dich-vu-du-lich-va-lu-hanh,A01,Điểm thi THPT,2023,24.0,Quản trị dịch vụ du lịch và lữ hành
147276,TCT,quan-tri-dich-vu-du-lich-va-lu-hanh,C02,Điểm thi THPT,2023,24.0,Quản trị dịch vụ du lịch và lữ hành
147277,TCT,quan-tri-dich-vu-du-lich-va-lu-hanh,D01,Điểm thi THPT,2023,24.0,Quản trị dịch vụ du lịch và lữ hành
147278,TCT,quan-tri-dich-vu-du-lich-va-lu-hanh,D07,Điểm thi THPT,2023,22.95,Quản trị dịch vụ du lịch và lữ hành (CTCLC)
147279,TCT,quan-tri-dich-vu-du-lich-va-lu-hanh,A00,Điểm học bạ,2024,27.5,Quản trị dịch vụ du lịch và lữ hành
147280,TCT,quan-tri-dich-vu-du-lich-va-lu-hanh,A01,Điểm học bạ,2024,27.5,Quản trị dịch vụ du lịch và lữ hành
147281,TCT,quan-tri-dich-vu-du-lich-va-lu-hanh,C02,Điểm học bạ,2024,27.5,Quản trị dịch vụ du lịch và lữ hành
147282,TCT,quan-tri-dich-vu-du-lich-va-lu-hanh,D01,Điểm học bạ,2024,27.5,Quản trị dịch vụ du lịch và lữ hành
147283,TCT,quan-tri-dich-vu-du-lich-va-lu-hanh,D07,Điểm học bạ,2024,26.4,Quản trị dịch vụ du lịch và lữ hành (CTCLC)
147284,TCT,quan-tri-dich-vu-du-lich-va-lu-hanh,A00,Điểm thi THPT,2024,24.1,Quản trị dịch vụ du lịch và lữ hành
147285,TCT,quan-tri-dich-vu-du-lich-va-lu-hanh,A01,Điểm thi THPT,2024,24.1,Quản trị dịch vụ du lịch và lữ hành
147286,TCT,quan-tri-dich-vu-du-lich-va-lu-hanh,C02,Điểm thi THPT,2024,24.1,Quản trị dịch vụ du lịch và lữ hành
147287,TCT,quan-tri-dich-vu-du-lich-va-lu-hanh,D01,Điểm thi THPT,2024,24.1,Quản trị dịch vụ du lịch và lữ hành
147288,TCT,quan-tri-dich-vu-du-lich-va-lu-hanh,D07,Điểm thi THPT,2024,22.9,Quản trị dịch vụ du lịch và lữ hành (CTCLC)
147289,TCT,quan-tri-dich-vu-du-lich-va-lu-hanh,A00,Điểm học bạ,2025,21.4,Quản trị dịch vụ du lịch và lữ hành
147290,TCT,quan-tri-dich-vu-du-lich-va-lu-hanh,A01,Điểm học bạ,2025,21.4,Quản trị dịch vụ du lịch và lữ hành
147291,TCT,quan-tri-dich-vu-du-lich-va-lu-hanh,C02,Điểm học bạ,2025,21.4,Quản trị dịch vụ du lịch và lữ hành
147292,TCT,quan-tri-dich-vu-du-lich-va-lu-hanh,D01,Điểm học bạ,2025,21.4,Quản trị dịch vụ du lịch và lữ hành
147293,TCT,quan-tri-dich-vu-du-lich-va-lu-hanh,D07,Điểm học bạ,2025,19.1,Quản trị dịch vụ du lịch và lữ hành (CTCLC)
147294,TCT,quan-tri-dich-vu-du-lich-va-lu-hanh,X26,Điểm học bạ,2025,19.1,Quản trị dịch vụ du lịch và lữ hành (CTCLC)
147295,TCT,quan-tri-dich-vu-du-lich-va-lu-hanh,A00,Điểm thi THPT,2025,21.4,Quản trị dịch vụ du lịch và lữ hành
147296,TCT,quan-tri-dich-vu-du-lich-va-lu-hanh,A01,Điểm thi THPT,2025,21.4,Quản trị dịch vụ du lịch và lữ hành
147297,TCT,quan-tri-dich-vu-du-lich-va-lu-hanh,C02,Điểm thi THPT,2025,21.4,Quản trị dịch vụ du lịch và lữ hành
147298,TCT,quan-tri-dich-vu-du-lich-va-lu-hanh,D01,Điểm thi THPT,2025,21.4,Quản trị dịch vụ du lịch và lữ hành
147299,TCT,quan-tri-dich-vu-du-lich-va-lu-hanh,D07,Điểm thi THPT,2025,19.1,Quản trị dịch vụ du lịch và lữ hành (CTCLC)
147300,TCT,quan-tri-dich-vu-du-lich-va-lu-hanh,X26,Điểm thi THPT,2025,19.1,Quản trị dịch vụ du lịch và lữ hành (CTCLC)
147301,TCT,quan-tri-kinh-doanh,A00,Điểm học bạ,2021,28.75,Quản trị kinh doanh
147302,TCT,quan-tri-kinh-doanh,A01,Điểm học bạ,2021,28.75,Quản trị kinh doanh
147303,TCT,quan-tri-kinh-doanh,C02,Điểm học bạ,2021,28.75,Quản trị kinh doanh
147304,TCT,quan-tri-kinh-doanh,D01,Điểm học bạ,2021,28.75,Quản trị kinh doanh
147305,TCT,quan-tri-kinh-doanh,A00,Điểm thi THPT,2021,25.75,Quản trị kinh doanh
147306,TCT,quan-tri-kinh-doanh,A01,Điểm thi THPT,2021,25.75,Quản trị kinh doanh
147307,TCT,quan-tri-kinh-doanh,C02,Điểm thi THPT,2021,25.75,Quản trị kinh doanh
147308,TCT,quan-tri-kinh-doanh,D01,Điểm thi THPT,2021,25.75,Quản trị kinh doanh
147309,TCT,quan-tri-kinh-doanh,A00,Điểm học bạ,2022,29.0,Quản trị kinh doanh
147310,TCT,quan-tri-kinh-doanh,A01,Điểm học bạ,2022,29.0,Quản trị kinh doanh
147311,TCT,quan-tri-kinh-doanh,C02,Điểm học bạ,2022,29.0,Quản trị kinh doanh
147312,TCT,quan-tri-kinh-doanh,D01,Điểm học bạ,2022,29.0,Quản trị kinh doanh
147313,TCT,quan-tri-kinh-doanh,D07,Điểm học bạ,2022,26.5,Quản trị kinh doanh (CTCLC)
147314,TCT,quan-tri-kinh-doanh,A00,Điểm thi THPT,2022,24.75,Quản trị kinh doanh
147315,TCT,quan-tri-kinh-doanh,A01,Điểm thi THPT,2022,24.75,Quản trị kinh doanh
147316,TCT,quan-tri-kinh-doanh,C02,Điểm thi THPT,2022,24.75,Quản trị kinh doanh
147317,TCT,quan-tri-kinh-doanh,D01,Điểm thi THPT,2022,24.75,Quản trị kinh doanh
147318,TCT,quan-tri-kinh-doanh,D07,Điểm thi THPT,2022,21.75,Quản trị kinh doanh (CTCLC)
147319,TCT,quan-tri-kinh-doanh,A00,Điểm học bạ,2023,28.0,Quản trị kinh doanh
147320,TCT,quan-tri-kinh-doanh,A01,Điểm học bạ,2023,28.0,Quản trị kinh doanh
147321,TCT,quan-tri-kinh-doanh,C02,Điểm học bạ,2023,28.0,Quản trị kinh doanh
147322,TCT,quan-tri-kinh-doanh,D01,Điểm học bạ,2023,28.0,Quản trị kinh doanh
147323,TCT,quan-tri-kinh-doanh,D07,Điểm học bạ,2023,26.75,Quản trị kinh doanh (CTCLC)
147324,TCT,quan-tri-kinh-doanh,A00,Điểm thi THPT,2023,24.35,Quản trị kinh doanh
147325,TCT,quan-tri-kinh-doanh,A01,Điểm thi THPT,2023,24.35,Quản trị kinh doanh
147326,TCT,quan-tri-kinh-doanh,C02,Điểm thi THPT,2023,24.35,Quản trị kinh doanh
147327,TCT,quan-tri-kinh-doanh,D01,Điểm thi THPT,2023,24.35,Quản trị kinh doanh
147328,TCT,quan-tri-kinh-doanh,D07,Điểm thi THPT,2023,23.2,Quản trị kinh doanh (CTCLC)
147329,TCT,quan-tri-kinh-doanh,A00,Điểm học bạ,2024,27.6,Quản trị kinh doanh
147330,TCT,quan-tri-kinh-doanh,A01,Điểm học bạ,2024,27.6,Quản trị kinh doanh
147331,TCT,quan-tri-kinh-doanh,C02,Điểm học bạ,2024,27.6,Quản trị kinh doanh
147332,TCT,quan-tri-kinh-doanh,D01,Điểm học bạ,2024,27.6,Quản trị kinh doanh
147333,TCT,quan-tri-kinh-doanh,D07,Điểm học bạ,2024,25.75,Quản trị kinh doanh (CTCLC)
147334,TCT,quan-tri-kinh-doanh,A00,Điểm thi THPT,2024,24.05,Quản trị kinh doanh
147335,TCT,quan-tri-kinh-doanh,A01,Điểm thi THPT,2024,24.05,Quản trị kinh doanh
147336,TCT,quan-tri-kinh-doanh,C02,Điểm thi THPT,2024,24.05,Quản trị kinh doanh
147337,TCT,quan-tri-kinh-doanh,D01,Điểm thi THPT,2024,24.05,Quản trị kinh doanh
147338,TCT,quan-tri-kinh-doanh,D07,Điểm thi THPT,2024,23.1,Quản trị kinh doanh (CTCLC)
147339,TCT,quan-tri-kinh-doanh,A00,Điểm học bạ,2025,21.5,Quản trị kinh doanh
147340,TCT,quan-tri-kinh-doanh,A01,Điểm học bạ,2025,21.5,Quản trị kinh doanh
147341,TCT,quan-tri-kinh-doanh,C02,Điểm học bạ,2025,21.5,Quản trị kinh doanh
147342,TCT,quan-tri-kinh-doanh,D01,Điểm học bạ,2025,21.5,Quản trị kinh doanh
147343,TCT,quan-tri-kinh-doanh,D07,Điểm học bạ,2025,19.62,Quản trị kinh doanh (CTCLC)
147344,TCT,quan-tri-kinh-doanh,X26,Điểm học bạ,2025,19.62,Quản trị kinh doanh (CTCLC)
147345,TCT,quan-tri-kinh-doanh,A00,Điểm thi THPT,2025,21.5,Quản trị kinh doanh
147346,TCT,quan-tri-kinh-doanh,A01,Điểm thi THPT,2025,21.5,Quản trị kinh doanh
147347,TCT,quan-tri-kinh-doanh,C02,Điểm thi THPT,2025,21.5,Quản trị kinh doanh
147348,TCT,quan-tri-kinh-doanh,D01,Điểm thi THPT,2025,21.5,Quản trị kinh doanh
147349,TCT,quan-tri-kinh-doanh,D07,Điểm thi THPT,2025,19.62,Quản trị kinh doanh (CTCLC)
147350,TCT,quan-tri-kinh-doanh,X26,Điểm thi THPT,2025,19.62,Quản trị kinh doanh (CTCLC)
147351,TCT,quan-tri-kinh-doanh-hoc-tai-khu-hoa-an,A00,Điểm học bạ,2025,18.95,Quản trị kinh doanh - học tại khu Hòa An
147352,TCT,quan-tri-kinh-doanh-hoc-tai-khu-hoa-an,A01,Điểm học bạ,2025,18.95,Quản trị kinh doanh - học tại khu Hòa An
147353,TCT,quan-tri-kinh-doanh-hoc-tai-khu-hoa-an,C02,Điểm học bạ,2025,18.95,Quản trị kinh doanh - học tại khu Hòa An
147354,TCT,quan-tri-kinh-doanh-hoc-tai-khu-hoa-an,D01,Điểm học bạ,2025,18.95,Quản trị kinh doanh - học tại khu Hòa An
147355,TCT,quan-tri-kinh-doanh-hoc-tai-khu-hoa-an,A00,Điểm thi THPT,2025,18.95,Quản trị kinh doanh - học tại khu Hòa An
147356,TCT,quan-tri-kinh-doanh-hoc-tai-khu-hoa-an,A01,Điểm thi THPT,2025,18.95,Quản trị kinh doanh - học tại khu Hòa An
147357,TCT,quan-tri-kinh-doanh-hoc-tai-khu-hoa-an,C02,Điểm thi THPT,2025,18.95,Quản trị kinh doanh - học tại khu Hòa An
147358,TCT,quan-tri-kinh-doanh-hoc-tai-khu-hoa-an,D01,Điểm thi THPT,2025,18.95,Quản trị kinh doanh - học tại khu Hòa An
147359,TCT,quy-hoach-vung-va-do-thi,A00,Điểm học bạ,2023,21.0,Quy hoạch vùng và đô thị
147360,TCT,quy-hoach-vung-va-do-thi,A01,Điểm học bạ,2023,21.0,Quy hoạch vùng và đô thị
147361,TCT,quy-hoach-vung-va-do-thi,B00,Điểm học bạ,2023,21.0,Quy hoạch vùng và đô thị
147362,TCT,quy-hoach-vung-va-do-thi,D07,Điểm học bạ,2023,21.0,Quy hoạch vùng và đô thị
147363,TCT,quy-hoach-vung-va-do-thi,A00,Điểm thi THPT,2023,18.0,Quy hoạch vùng và đô thị
147364,TCT,quy-hoach-vung-va-do-thi,A01,Điểm thi THPT,2023,18.0,Quy hoạch vùng và đô thị
147365,TCT,quy-hoach-vung-va-do-thi,B00,Điểm thi THPT,2023,18.0,Quy hoạch vùng và đô thị
147366,TCT,quy-hoach-vung-va-do-thi,D07,Điểm thi THPT,2023,18.0,Quy hoạch vùng và đô thị
147367,TCT,quy-hoach-vung-va-do-thi,A00,Điểm học bạ,2024,22.25,Quy hoạch vùng và đô thị
147368,TCT,quy-hoach-vung-va-do-thi,A01,Điểm học bạ,2024,22.25,Quy hoạch vùng và đô thị
147369,TCT,quy-hoach-vung-va-do-thi,B00,Điểm học bạ,2024,22.25,Quy hoạch vùng và đô thị
147370,TCT,quy-hoach-vung-va-do-thi,D07,Điểm học bạ,2024,22.25,Quy hoạch vùng và đô thị
147371,TCT,quy-hoach-vung-va-do-thi,A00,Điểm thi THPT,2024,18.0,Quy hoạch vùng và đô thị
147372,TCT,quy-hoach-vung-va-do-thi,A01,Điểm thi THPT,2024,18.0,Quy hoạch vùng và đô thị
147373,TCT,quy-hoach-vung-va-do-thi,B00,Điểm thi THPT,2024,18.0,Quy hoạch vùng và đô thị
147374,TCT,quy-hoach-vung-va-do-thi,D07,Điểm thi THPT,2024,18.0,Quy hoạch vùng và đô thị
147375,TCT,quy-hoach-vung-va-do-thi,A00,Điểm học bạ,2025,15.0,Quy hoạch vùng và đô thị
147376,TCT,quy-hoach-vung-va-do-thi,A01,Điểm học bạ,2025,15.0,Quy hoạch vùng và đô thị
147377,TCT,quy-hoach-vung-va-do-thi,B00,Điểm học bạ,2025,15.0,Quy hoạch vùng và đô thị
147378,TCT,quy-hoach-vung-va-do-thi,D07,Điểm học bạ,2025,15.0,Quy hoạch vùng và đô thị
147379,TCT,quy-hoach-vung-va-do-thi,A00,Điểm thi THPT,2025,15.0,Quy hoạch vùng và đô thị
147380,TCT,quy-hoach-vung-va-do-thi,A01,Điểm thi THPT,2025,15.0,Quy hoạch vùng và đô thị
147381,TCT,quy-hoach-vung-va-do-thi,B00,Điểm thi THPT,2025,15.0,Quy hoạch vùng và đô thị
147382,TCT,quy-hoach-vung-va-do-thi,D07,Điểm thi THPT,2025,15.0,Quy hoạch vùng và đô thị
147383,TCT,sinh-hoc,B00,Điểm học bạ,2021,19.5,Sinh học
147384,TCT,sinh-hoc,D08,Điểm học bạ,2021,19.5,Sinh học
147385,TCT,sinh-hoc,A02,Điểm thi THPT,2021,19.0,Sinh học
147386,TCT,sinh-hoc,B00,Điểm thi THPT,2021,19.0,Sinh học
147387,TCT,sinh-hoc,B03,Điểm thi THPT,2021,19.0,Sinh học
147388,TCT,sinh-hoc,B08,Điểm thi THPT,2021,19.0,Sinh học
147389,TCT,sinh-hoc,A02,Điểm học bạ,2022,22.0,Sinh học
147390,TCT,sinh-hoc,B00,Điểm học bạ,2022,22.0,Sinh học
147391,TCT,sinh-hoc,B03,Điểm học bạ,2022,22.0,Sinh học
147392,TCT,sinh-hoc,B08,Điểm học bạ,2022,22.0,Sinh học
147393,TCT,sinh-hoc,A02,Điểm thi THPT,2022,22.75,Sinh học
147394,TCT,sinh-hoc,B00,Điểm thi THPT,2022,22.75,Sinh học
147395,TCT,sinh-hoc,B03,Điểm thi THPT,2022,22.75,Sinh học
147396,TCT,sinh-hoc,B08,Điểm thi THPT,2022,22.75,Sinh học
147397,TCT,sinh-hoc,A02,Điểm học bạ,2023,25.0,Sinh học
147398,TCT,sinh-hoc,B00,Điểm học bạ,2023,25.0,Sinh học
147399,TCT,sinh-hoc,B03,Điểm học bạ,2023,25.0,Sinh học
147400,TCT,sinh-hoc,B08,Điểm học bạ,2023,25.0,Sinh học
147401,TCT,sinh-hoc,A02,Điểm thi THPT,2023,23.3,Sinh học
147402,TCT,sinh-hoc,B00,Điểm thi THPT,2023,23.3,Sinh học
147403,TCT,sinh-hoc,B03,Điểm thi THPT,2023,23.3,Sinh học
147404,TCT,sinh-hoc,B08,Điểm thi THPT,2023,23.3,Sinh học
147405,TCT,sinh-hoc,A02,Điểm học bạ,2024,24.5,Sinh học
147406,TCT,sinh-hoc,B00,Điểm học bạ,2024,24.5,Sinh học
147407,TCT,sinh-hoc,B03,Điểm học bạ,2024,24.5,Sinh học
147408,TCT,sinh-hoc,B08,Điểm học bạ,2024,24.5,Sinh học
147409,TCT,sinh-hoc,A02,Điểm thi THPT,2024,15.0,Sinh học
147410,TCT,sinh-hoc,B00,Điểm thi THPT,2024,15.0,Sinh học
147411,TCT,sinh-hoc,B03,Điểm thi THPT,2024,15.0,Sinh học
147412,TCT,sinh-hoc,B08,Điểm thi THPT,2024,15.0,Sinh học
147413,TCT,sinh-hoc,A02,Điểm học bạ,2025,19.61,Sinh học
147414,TCT,sinh-hoc,B00,Điểm học bạ,2025,19.61,Sinh học
147415,TCT,sinh-hoc,B03,Điểm học bạ,2025,19.61,Sinh học
147416,TCT,sinh-hoc,B08,Điểm học bạ,2025,19.61,Sinh học
147417,TCT,sinh-hoc,A02,Điểm thi THPT,2025,19.61,Sinh học
147418,TCT,sinh-hoc,B00,Điểm thi THPT,2025,19.61,Sinh học
147419,TCT,sinh-hoc,B03,Điểm thi THPT,2025,19.61,Sinh học
147420,TCT,sinh-hoc,B08,Điểm thi THPT,2025,19.61,Sinh học
147421,TCT,sinh-hoc-ung-dung,A00,Điểm học bạ,2021,19.5,Sinh học ứng dụng
147422,TCT,sinh-hoc-ung-dung,A01,Điểm học bạ,2021,19.5,Sinh học ứng dụng
147423,TCT,sinh-hoc-ung-dung,B00,Điểm học bạ,2021,19.5,Sinh học ứng dụng
147424,TCT,sinh-hoc-ung-dung,B08,Điểm học bạ,2021,19.5,Sinh học ứng dụng
147425,TCT,sinh-hoc-ung-dung,A00,Điểm thi THPT,2021,19.0,Sinh học ứng dụng
147426,TCT,sinh-hoc-ung-dung,A01,Điểm thi THPT,2021,19.0,Sinh học ứng dụng
147427,TCT,sinh-hoc-ung-dung,B00,Điểm thi THPT,2021,19.0,Sinh học ứng dụng
147428,TCT,sinh-hoc-ung-dung,B08,Điểm thi THPT,2021,19.0,Sinh học ứng dụng
147429,TCT,sinh-hoc-ung-dung,A00,Điểm học bạ,2022,22.0,Sinh học ứng dụng
147430,TCT,sinh-hoc-ung-dung,A01,Điểm học bạ,2022,22.0,Sinh học ứng dụng
147431,TCT,sinh-hoc-ung-dung,B00,Điểm học bạ,2022,22.0,Sinh học ứng dụng
147432,TCT,sinh-hoc-ung-dung,B08,Điểm học bạ,2022,22.0,Sinh học ứng dụng
147433,TCT,sinh-hoc-ung-dung,A00,Điểm thi THPT,2022,23.0,Sinh học ứng dụng
147434,TCT,sinh-hoc-ung-dung,A01,Điểm thi THPT,2022,23.0,Sinh học ứng dụng
147435,TCT,sinh-hoc-ung-dung,B00,Điểm thi THPT,2022,23.0,Sinh học ứng dụng
147436,TCT,sinh-hoc-ung-dung,B08,Điểm thi THPT,2022,23.0,Sinh học ứng dụng
147437,TCT,sinh-hoc-ung-dung,A00,Điểm học bạ,2023,25.0,Sinh học ứng dụng
147438,TCT,sinh-hoc-ung-dung,A01,Điểm học bạ,2023,25.0,Sinh học ứng dụng
147439,TCT,sinh-hoc-ung-dung,B00,Điểm học bạ,2023,25.0,Sinh học ứng dụng
147440,TCT,sinh-hoc-ung-dung,B08,Điểm học bạ,2023,25.0,Sinh học ứng dụng
147441,TCT,sinh-hoc-ung-dung,A00,Điểm thi THPT,2023,21.75,Sinh học ứng dụng
147442,TCT,sinh-hoc-ung-dung,A01,Điểm thi THPT,2023,21.75,Sinh học ứng dụng
147443,TCT,sinh-hoc-ung-dung,B00,Điểm thi THPT,2023,21.75,Sinh học ứng dụng
147444,TCT,sinh-hoc-ung-dung,B08,Điểm thi THPT,2023,21.75,Sinh học ứng dụng
147445,TCT,sinh-hoc-ung-dung,A00,Điểm học bạ,2024,25.0,Sinh học ứng dụng
147446,TCT,sinh-hoc-ung-dung,A01,Điểm học bạ,2024,25.0,Sinh học ứng dụng
147447,TCT,sinh-hoc-ung-dung,B00,Điểm học bạ,2024,25.0,Sinh học ứng dụng
147448,TCT,sinh-hoc-ung-dung,B08,Điểm học bạ,2024,25.0,Sinh học ứng dụng
147449,TCT,sinh-hoc-ung-dung,A00,Điểm thi THPT,2024,15.0,Sinh học ứng dụng
147450,TCT,sinh-hoc-ung-dung,A01,Điểm thi THPT,2024,15.0,Sinh học ứng dụng
147451,TCT,sinh-hoc-ung-dung,B00,Điểm thi THPT,2024,15.0,Sinh học ứng dụng
147452,TCT,sinh-hoc-ung-dung,B08,Điểm thi THPT,2024,15.0,Sinh học ứng dụng
147453,TCT,sinh-hoc-ung-dung,A00,Điểm học bạ,2025,17.15,Sinh học ứng dụng
147454,TCT,sinh-hoc-ung-dung,A01,Điểm học bạ,2025,17.15,Sinh học ứng dụng
147455,TCT,sinh-hoc-ung-dung,B00,Điểm học bạ,2025,17.15,Sinh học ứng dụng
147456,TCT,sinh-hoc-ung-dung,B08,Điểm học bạ,2025,17.15,Sinh học ứng dụng
147457,TCT,sinh-hoc-ung-dung,A00,Điểm thi THPT,2025,17.15,Sinh học ứng dụng
147458,TCT,sinh-hoc-ung-dung,A01,Điểm thi THPT,2025,17.15,Sinh học ứng dụng
147459,TCT,sinh-hoc-ung-dung,B00,Điểm thi THPT,2025,17.15,Sinh học ứng dụng
147460,TCT,sinh-hoc-ung-dung,B08,Điểm thi THPT,2025,17.15,Sinh học ứng dụng
147461,TCT,su-pham-dia-ly,C00,Điểm học bạ,2021,26.0,Sư phạm Địa lý
147462,TCT,su-pham-dia-ly,C04,Điểm học bạ,2021,26.0,Sư phạm Địa lý
147463,TCT,su-pham-dia-ly,D15,Điểm học bạ,2021,26.0,Sư phạm Địa lý
147464,TCT,su-pham-dia-ly,D44,Điểm học bạ,2021,26.0,Sư phạm Địa lý
147465,TCT,su-pham-dia-ly,C00,Điểm thi THPT,2021,24.75,Sư phạm Địa lý
147466,TCT,su-pham-dia-ly,C04,Điểm thi THPT,2021,24.75,Sư phạm Địa lý
147467,TCT,su-pham-dia-ly,D15,Điểm thi THPT,2021,24.75,Sư phạm Địa lý
147468,TCT,su-pham-dia-ly,D44,Điểm thi THPT,2021,24.75,Sư phạm Địa lý
147469,TCT,su-pham-dia-ly,C00,Điểm thi THPT,2022,26.25,Sư phạm Địa lý
147470,TCT,su-pham-dia-ly,C04,Điểm thi THPT,2022,26.25,Sư phạm Địa lý
147471,TCT,su-pham-dia-ly,D15,Điểm thi THPT,2022,26.25,Sư phạm Địa lý
147472,TCT,su-pham-dia-ly,D44,Điểm thi THPT,2022,26.25,Sư phạm Địa lý
147473,TCT,su-pham-dia-ly,C00,Điểm học bạ,2023,27.25,Sư phạm Địa lý
147474,TCT,su-pham-dia-ly,C04,Điểm học bạ,2023,27.25,Sư phạm Địa lý
147475,TCT,su-pham-dia-ly,D15,Điểm học bạ,2023,27.25,Sư phạm Địa lý
147476,TCT,su-pham-dia-ly,D44,Điểm học bạ,2023,27.25,Sư phạm Địa lý
147477,TCT,su-pham-dia-ly,C00,Điểm thi THPT,2023,26.23,Sư phạm Địa lý
147478,TCT,su-pham-dia-ly,C04,Điểm thi THPT,2023,26.23,Sư phạm Địa lý
147479,TCT,su-pham-dia-ly,D15,Điểm thi THPT,2023,26.23,Sư phạm Địa lý
147480,TCT,su-pham-dia-ly,D44,Điểm thi THPT,2023,26.23,Sư phạm Địa lý
147481,TCT,su-pham-dia-ly,C00,Điểm học bạ,2024,28.1,Sư phạm Địa lý
147482,TCT,su-pham-dia-ly,C04,Điểm học bạ,2024,28.1,Sư phạm Địa lý
147483,TCT,su-pham-dia-ly,D15,Điểm học bạ,2024,28.1,Sư phạm Địa lý
147484,TCT,su-pham-dia-ly,D44,Điểm học bạ,2024,28.1,Sư phạm Địa lý
147485,TCT,su-pham-dia-ly,C00,Điểm thi THPT,2024,27.9,Sư phạm Địa lý
147486,TCT,su-pham-dia-ly,C04,Điểm thi THPT,2024,27.9,Sư phạm Địa lý
147487,TCT,su-pham-dia-ly,D15,Điểm thi THPT,2024,27.9,Sư phạm Địa lý
147488,TCT,su-pham-dia-ly,D44,Điểm thi THPT,2024,27.9,Sư phạm Địa lý
147489,TCT,su-pham-dia-ly,C00,Điểm học bạ,2025,28.32,Sư phạm Địa lý
147490,TCT,su-pham-dia-ly,C04,Điểm học bạ,2025,28.32,Sư phạm Địa lý
147491,TCT,su-pham-dia-ly,D15,Điểm học bạ,2025,28.32,Sư phạm Địa lý
147492,TCT,su-pham-dia-ly,D44,Điểm học bạ,2025,28.32,Sư phạm Địa lý
147493,TCT,su-pham-dia-ly,C00,Điểm thi THPT,2025,28.32,Sư phạm Địa lý
147494,TCT,su-pham-dia-ly,C04,Điểm thi THPT,2025,28.32,Sư phạm Địa lý
147495,TCT,su-pham-dia-ly,D15,Điểm thi THPT,2025,28.32,Sư phạm Địa lý
147496,TCT,su-pham-dia-ly,D44,Điểm thi THPT,2025,28.32,Sư phạm Địa lý
147497,TCT,su-pham-hoa-hoc,A00,Điểm học bạ,2021,29.0,Sư phạm Hóa học
147498,TCT,su-pham-hoa-hoc,B00,Điểm học bạ,2021,29.0,Sư phạm Hóa học
147499,TCT,su-pham-hoa-hoc,D07,Điểm học bạ,2021,29.0,Sư phạm Hóa học
147500,TCT,su-pham-hoa-hoc,D24,Điểm học bạ,2021,29.0,Sư phạm Hóa học
147501,TCT,su-pham-hoa-hoc,A00,Điểm thi THPT,2021,25.75,Sư phạm Hóa học
147502,TCT,su-pham-hoa-hoc,B00,Điểm thi THPT,2021,25.75,Sư phạm Hóa học
147503,TCT,su-pham-hoa-hoc,D07,Điểm thi THPT,2021,25.75,Sư phạm Hóa học
147504,TCT,su-pham-hoa-hoc,D24,Điểm thi THPT,2021,25.75,Sư phạm Hóa học
147505,TCT,su-pham-hoa-hoc,A00,Điểm thi THPT,2022,25.5,Sư phạm Hóa học
147506,TCT,su-pham-hoa-hoc,B00,Điểm thi THPT,2022,25.5,Sư phạm Hóa học
147507,TCT,su-pham-hoa-hoc,D07,Điểm thi THPT,2022,25.5,Sư phạm Hóa học
147508,TCT,su-pham-hoa-hoc,D24,Điểm thi THPT,2022,25.5,Sư phạm Hóa học
147509,TCT,su-pham-hoa-hoc,A00,Điểm học bạ,2023,29.1,Sư phạm Hóa học
147510,TCT,su-pham-hoa-hoc,B00,Điểm học bạ,2023,29.1,Sư phạm Hóa học
147511,TCT,su-pham-hoa-hoc,D07,Điểm học bạ,2023,29.1,Sư phạm Hóa học
147512,TCT,su-pham-hoa-hoc,D24,Điểm học bạ,2023,29.1,Sư phạm Hóa học
147513,TCT,su-pham-hoa-hoc,A00,Điểm thi THPT,2023,25.76,Sư phạm Hóa học
147514,TCT,su-pham-hoa-hoc,B00,Điểm thi THPT,2023,25.76,Sư phạm Hóa học
147515,TCT,su-pham-hoa-hoc,D07,Điểm thi THPT,2023,25.76,Sư phạm Hóa học
147516,TCT,su-pham-hoa-hoc,D24,Điểm thi THPT,2023,25.76,Sư phạm Hóa học
147517,TCT,su-pham-hoa-hoc,A00,Điểm học bạ,2024,29.5,Sư phạm Hóa học
147518,TCT,su-pham-hoa-hoc,B00,Điểm học bạ,2024,29.5,Sư phạm Hóa học
147519,TCT,su-pham-hoa-hoc,D07,Điểm học bạ,2024,29.5,Sư phạm Hóa học
147520,TCT,su-pham-hoa-hoc,D24,Điểm học bạ,2024,29.5,Sư phạm Hóa học
147521,TCT,su-pham-hoa-hoc,A00,Điểm thi THPT,2024,26.6,Sư phạm Hóa học
147522,TCT,su-pham-hoa-hoc,B00,Điểm thi THPT,2024,26.6,Sư phạm Hóa học
147523,TCT,su-pham-hoa-hoc,D07,Điểm thi THPT,2024,26.6,Sư phạm Hóa học
147524,TCT,su-pham-hoa-hoc,D24,Điểm thi THPT,2024,26.6,Sư phạm Hóa học
147525,TCT,su-pham-hoa-hoc,A00,Điểm học bạ,2025,27.23,Sư phạm Hóa học
147526,TCT,su-pham-hoa-hoc,B00,Điểm học bạ,2025,27.23,Sư phạm Hóa học
147527,TCT,su-pham-hoa-hoc,D07,Điểm học bạ,2025,27.23,Sư phạm Hóa học
147528,TCT,su-pham-hoa-hoc,D24,Điểm học bạ,2025,27.23,Sư phạm Hóa học
147529,TCT,su-pham-hoa-hoc,A00,Điểm thi THPT,2025,27.23,Sư phạm Hóa học
147530,TCT,su-pham-hoa-hoc,B00,Điểm thi THPT,2025,27.23,Sư phạm Hóa học
147531,TCT,su-pham-hoa-hoc,D07,Điểm thi THPT,2025,27.23,Sư phạm Hóa học
147532,TCT,su-pham-hoa-hoc,D24,Điểm thi THPT,2025,27.23,Sư phạm Hóa học
147533,TCT,su-pham-khoa-hoc-tu-nhien,A00,Điểm học bạ,2024,29.2,Sư phạm Khoa học tự nhiên
147534,TCT,su-pham-khoa-hoc-tu-nhien,A01,Điểm học bạ,2024,29.2,Sư phạm Khoa học tự nhiên
147535,TCT,su-pham-khoa-hoc-tu-nhien,A02,Điểm học bạ,2024,29.2,Sư phạm Khoa học tự nhiên
147536,TCT,su-pham-khoa-hoc-tu-nhien,B00,Điểm học bạ,2024,29.2,Sư phạm Khoa học tự nhiên
147537,TCT,su-pham-khoa-hoc-tu-nhien,A00,Điểm thi THPT,2024,25.81,Sư phạm Khoa học tự nhiên
147538,TCT,su-pham-khoa-hoc-tu-nhien,A01,Điểm thi THPT,2024,25.81,Sư phạm Khoa học tự nhiên
147539,TCT,su-pham-khoa-hoc-tu-nhien,A02,Điểm thi THPT,2024,25.81,Sư phạm Khoa học tự nhiên
147540,TCT,su-pham-khoa-hoc-tu-nhien,B00,Điểm thi THPT,2024,25.81,Sư phạm Khoa học tự nhiên
147541,TCT,su-pham-khoa-hoc-tu-nhien,A00,Điểm học bạ,2025,25.99,Sư phạm Khoa học tự nhiên
147542,TCT,su-pham-khoa-hoc-tu-nhien,A01,Điểm học bạ,2025,25.99,Sư phạm Khoa học tự nhiên
147543,TCT,su-pham-khoa-hoc-tu-nhien,A02,Điểm học bạ,2025,25.99,Sư phạm Khoa học tự nhiên
147544,TCT,su-pham-khoa-hoc-tu-nhien,B00,Điểm học bạ,2025,25.99,Sư phạm Khoa học tự nhiên
147545,TCT,su-pham-khoa-hoc-tu-nhien,A00,Điểm thi THPT,2025,25.99,Sư phạm Khoa học tự nhiên
147546,TCT,su-pham-khoa-hoc-tu-nhien,A01,Điểm thi THPT,2025,25.99,Sư phạm Khoa học tự nhiên
147547,TCT,su-pham-khoa-hoc-tu-nhien,A02,Điểm thi THPT,2025,25.99,Sư phạm Khoa học tự nhiên
147548,TCT,su-pham-khoa-hoc-tu-nhien,B00,Điểm thi THPT,2025,25.99,Sư phạm Khoa học tự nhiên
147549,TCT,su-pham-lich-su,C00,Điểm học bạ,2021,26.0,Sư phạm Lịch sử
147550,TCT,su-pham-lich-su,D14,Điểm học bạ,2021,26.0,Sư phạm Lịch sử
147551,TCT,su-pham-lich-su,D64,Điểm học bạ,2021,26.0,Sư phạm Lịch sử
147552,TCT,su-pham-lich-su,C00,Điểm thi THPT,2021,25.0,Sư phạm Lịch sử
147553,TCT,su-pham-lich-su,D14,Điểm thi THPT,2021,25.0,Sư phạm Lịch sử
147554,TCT,su-pham-lich-su,D64,Điểm thi THPT,2021,25.0,Sư phạm Lịch sử
147555,TCT,su-pham-lich-su,C00,Điểm thi THPT,2022,27.0,Sư phạm Lịch sử
147556,TCT,su-pham-lich-su,D14,Điểm thi THPT,2022,27.0,Sư phạm Lịch sử
147557,TCT,su-pham-lich-su,D64,Điểm thi THPT,2022,27.0,Sư phạm Lịch sử
147558,TCT,su-pham-lich-su,C00,Điểm học bạ,2023,27.65,Sư phạm Lịch sử
147559,TCT,su-pham-lich-su,D14,Điểm học bạ,2023,27.65,Sư phạm Lịch sử
147560,TCT,su-pham-lich-su,D64,Điểm học bạ,2023,27.65,Sư phạm Lịch sử
147561,TCT,su-pham-lich-su,C00,Điểm thi THPT,2023,26.75,Sư phạm Lịch Sử
147562,TCT,su-pham-lich-su,D14,Điểm thi THPT,2023,26.75,Sư phạm Lịch Sử
147563,TCT,su-pham-lich-su,D64,Điểm thi THPT,2023,26.75,Sư phạm Lịch Sử
147564,TCT,su-pham-lich-su,C00,Điểm học bạ,2024,28.3,Sư phạm Lịch sử
147565,TCT,su-pham-lich-su,D14,Điểm học bạ,2024,28.3,Sư phạm Lịch sử
147566,TCT,su-pham-lich-su,D64,Điểm học bạ,2024,28.3,Sư phạm Lịch sử
147567,TCT,su-pham-lich-su,C00,Điểm thi THPT,2024,28.43,Sư phạm Lịch sử
147568,TCT,su-pham-lich-su,D14,Điểm thi THPT,2024,28.43,Sư phạm Lịch sử
147569,TCT,su-pham-lich-su,D64,Điểm thi THPT,2024,28.43,Sư phạm Lịch sử
147570,TCT,su-pham-lich-su,C00,Điểm học bạ,2025,28.61,Sư phạm Lịch sử
147571,TCT,su-pham-lich-su,C19,Điểm học bạ,2025,28.61,Sư phạm Lịch sử
147572,TCT,su-pham-lich-su,D14,Điểm học bạ,2025,28.61,Sư phạm Lịch sử
147573,TCT,su-pham-lich-su,D64,Điểm học bạ,2025,28.61,Sư phạm Lịch sử
147574,TCT,su-pham-lich-su,C00,Điểm thi THPT,2025,28.61,Sư phạm Lịch sử
147575,TCT,su-pham-lich-su,C19,Điểm thi THPT,2025,28.61,Sư phạm Lịch sử
147576,TCT,su-pham-lich-su,D14,Điểm thi THPT,2025,28.61,Sư phạm Lịch sử
147577,TCT,su-pham-lich-su,D64,Điểm thi THPT,2025,28.61,Sư phạm Lịch sử
147578,TCT,su-pham-lich-su-dia-ly,C00,Điểm học bạ,2025,28.46,Sư phạm Lịch sử - Địa lý
147579,TCT,su-pham-lich-su-dia-ly,C19,Điểm học bạ,2025,28.46,Sư phạm Lịch sử - Địa lý
147580,TCT,su-pham-lich-su-dia-ly,C20,Điểm học bạ,2025,28.46,Sư phạm Lịch sử - Địa lý
147581,TCT,su-pham-lich-su-dia-ly,D14,Điểm học bạ,2025,28.46,Sư phạm Lịch sử - Địa lý
147582,TCT,su-pham-lich-su-dia-ly,C00,Điểm thi THPT,2025,28.46,Sư phạm Lịch sử - Địa lý
147583,TCT,su-pham-lich-su-dia-ly,C19,Điểm thi THPT,2025,28.46,Sư phạm Lịch sử - Địa lý
147584,TCT,su-pham-lich-su-dia-ly,C20,Điểm thi THPT,2025,28.46,Sư phạm Lịch sử - Địa lý
147585,TCT,su-pham-lich-su-dia-ly,D14,Điểm thi THPT,2025,28.46,Sư phạm Lịch sử - Địa lý
147586,TCT,su-pham-ngu-van,C00,Điểm học bạ,2021,27.75,Sư phạm Ngữ văn
147587,TCT,su-pham-ngu-van,D14,Điểm học bạ,2021,27.75,Sư phạm Ngữ văn
147588,TCT,su-pham-ngu-van,D15,Điểm học bạ,2021,27.75,Sư phạm Ngữ văn
147589,TCT,su-pham-ngu-van,C00,Điểm thi THPT,2021,26.0,Sư phạm Ngữ văn
147590,TCT,su-pham-ngu-van,D14,Điểm thi THPT,2021,26.0,Sư phạm Ngữ văn
147591,TCT,su-pham-ngu-van,D15,Điểm thi THPT,2021,26.0,Sư phạm Ngữ văn
147592,TCT,su-pham-ngu-van,C00,Điểm thi THPT,2022,26.5,Sư phạm Ngữ văn
147593,TCT,su-pham-ngu-van,D14,Điểm thi THPT,2022,26.5,Sư phạm Ngữ văn
147594,TCT,su-pham-ngu-van,D15,Điểm thi THPT,2022,26.5,Sư phạm Ngữ văn
147595,TCT,su-pham-ngu-van,C00,Điểm học bạ,2023,27.8,Sư phạm Ngữ văn
147596,TCT,su-pham-ngu-van,D14,Điểm học bạ,2023,27.8,Sư phạm Ngữ văn
147597,TCT,su-pham-ngu-van,D15,Điểm học bạ,2023,27.8,Sư phạm Ngữ văn
147598,TCT,su-pham-ngu-van,C00,Điểm thi THPT,2023,26.63,Sư phạm Ngữ văn
147599,TCT,su-pham-ngu-van,D14,Điểm thi THPT,2023,26.63,Sư phạm Ngữ văn
147600,TCT,su-pham-ngu-van,D15,Điểm thi THPT,2023,26.63,Sư phạm Ngữ văn
147601,TCT,su-pham-ngu-van,C00,Điểm học bạ,2024,28.4,Sư phạm Ngữ văn
147602,TCT,su-pham-ngu-van,D14,Điểm học bạ,2024,28.4,Sư phạm Ngữ văn
147603,TCT,su-pham-ngu-van,D15,Điểm học bạ,2024,28.4,Sư phạm Ngữ văn
147604,TCT,su-pham-ngu-van,C00,Điểm thi THPT,2024,27.83,Sư phạm Ngữ văn
147605,TCT,su-pham-ngu-van,D14,Điểm thi THPT,2024,27.83,Sư phạm Ngữ văn
147606,TCT,su-pham-ngu-van,D15,Điểm thi THPT,2024,27.83,Sư phạm Ngữ văn
147607,TCT,su-pham-ngu-van,C00,Điểm học bạ,2025,28.23,Sư phạm Ngữ văn
147608,TCT,su-pham-ngu-van,D01,Điểm học bạ,2025,28.23,Sư phạm Ngữ văn
147609,TCT,su-pham-ngu-van,D14,Điểm học bạ,2025,28.23,Sư phạm Ngữ văn
147610,TCT,su-pham-ngu-van,D15,Điểm học bạ,2025,28.23,Sư phạm Ngữ văn
147611,TCT,su-pham-ngu-van,C00,Điểm thi THPT,2025,28.23,Sư phạm Ngữ văn
147612,TCT,su-pham-ngu-van,D01,Điểm thi THPT,2025,28.23,Sư phạm Ngữ văn
147613,TCT,su-pham-ngu-van,D14,Điểm thi THPT,2025,28.23,Sư phạm Ngữ văn
147614,TCT,su-pham-ngu-van,D15,Điểm thi THPT,2025,28.23,Sư phạm Ngữ văn
147615,TCT,su-pham-sinh-hoc,B00,Điểm học bạ,2021,25.0,Sư phạm Sinh học
147616,TCT,su-pham-sinh-hoc,D08,Điểm học bạ,2021,25.0,Sư phạm Sinh học
147617,TCT,su-pham-sinh-hoc,B00,Điểm thi THPT,2021,23.75,Sư phạm Sinh học
147618,TCT,su-pham-sinh-hoc,B08,Điểm thi THPT,2021,23.75,Sư phạm Sinh học
147619,TCT,su-pham-sinh-hoc,B00,Điểm thi THPT,2022,23.9,Sư phạm Sinh học
147620,TCT,su-pham-sinh-hoc,B08,Điểm thi THPT,2022,23.9,Sư phạm Sinh học
147621,TCT,su-pham-sinh-hoc,B00,Điểm học bạ,2023,28.5,Sư phạm Sinh học
147622,TCT,su-pham-sinh-hoc,B08,Điểm học bạ,2023,28.5,Sư phạm Sinh học
147623,TCT,su-pham-sinh-hoc,B00,Điểm thi THPT,2023,24.45,Sư phạm Sinh học
147624,TCT,su-pham-sinh-hoc,B08,Điểm thi THPT,2023,24.45,Sư phạm Sinh học
147625,TCT,su-pham-sinh-hoc,B00,Điểm học bạ,2024,29.12,Sư phạm Sinh học
147626,TCT,su-pham-sinh-hoc,B08,Điểm học bạ,2024,29.12,Sư phạm Sinh học
147627,TCT,su-pham-sinh-hoc,B00,Điểm thi THPT,2024,25.38,Sư phạm Sinh học
147628,TCT,su-pham-sinh-hoc,B08,Điểm thi THPT,2024,25.38,Sư phạm Sinh học
147629,TCT,su-pham-sinh-hoc,A02,Điểm học bạ,2025,25.52,Sư phạm Sinh học
147630,TCT,su-pham-sinh-hoc,B00,Điểm học bạ,2025,25.52,Sư phạm Sinh học
147631,TCT,su-pham-sinh-hoc,B03,Điểm học bạ,2025,25.52,Sư phạm Sinh học
147632,TCT,su-pham-sinh-hoc,B08,Điểm học bạ,2025,25.52,Sư phạm Sinh học
147633,TCT,su-pham-sinh-hoc,A02,Điểm thi THPT,2025,25.52,Sư phạm Sinh học
147634,TCT,su-pham-sinh-hoc,B00,Điểm thi THPT,2025,25.52,Sư phạm Sinh học
147635,TCT,su-pham-sinh-hoc,B03,Điểm thi THPT,2025,25.52,Sư phạm Sinh học
147636,TCT,su-pham-sinh-hoc,B08,Điểm thi THPT,2025,25.52,Sư phạm Sinh học
147637,TCT,su-pham-tieng-anh,D01,Điểm học bạ,2021,28.0,Sư phạm tiếng Anh
147638,TCT,su-pham-tieng-anh,D14,Điểm học bạ,2021,28.0,Sư phạm tiếng Anh
147639,TCT,su-pham-tieng-anh,D15,Điểm học bạ,2021,28.0,Sư phạm tiếng Anh
147640,TCT,su-pham-tieng-anh,D01,Điểm thi THPT,2021,26.5,Sư phạm tiếng Anh
147641,TCT,su-pham-tieng-anh,D14,Điểm thi THPT,2021,26.5,Sư phạm tiếng Anh
147642,TCT,su-pham-tieng-anh,D15,Điểm thi THPT,2021,26.5,Sư phạm tiếng Anh
147643,TCT,su-pham-tieng-anh,D01,Điểm thi THPT,2022,25.75,Sư phạm tiếng Anh
147644,TCT,su-pham-tieng-anh,D14,Điểm thi THPT,2022,25.75,Sư phạm tiếng Anh
147645,TCT,su-pham-tieng-anh,D15,Điểm thi THPT,2022,25.75,Sư phạm tiếng Anh
147646,TCT,su-pham-tieng-anh,D01,Điểm học bạ,2023,28.0,Sư phạm Tiếng Anh
147647,TCT,su-pham-tieng-anh,D14,Điểm học bạ,2023,28.0,Sư phạm Tiếng Anh
147648,TCT,su-pham-tieng-anh,D15,Điểm học bạ,2023,28.0,Sư phạm Tiếng Anh
147649,TCT,su-pham-tieng-anh,D01,Điểm thi THPT,2023,26.1,Sư phạm tiếng Anh
147650,TCT,su-pham-tieng-anh,D14,Điểm thi THPT,2023,26.1,Sư phạm tiếng Anh
147651,TCT,su-pham-tieng-anh,D15,Điểm thi THPT,2023,26.1,Sư phạm tiếng Anh
147652,TCT,su-pham-tieng-anh,D01,Điểm học bạ,2024,28.45,Sư phạm tiếng Anh
147653,TCT,su-pham-tieng-anh,D14,Điểm học bạ,2024,28.45,Sư phạm tiếng Anh
147654,TCT,su-pham-tieng-anh,D15,Điểm học bạ,2024,28.45,Sư phạm tiếng Anh
147655,TCT,su-pham-tieng-anh,D01,Điểm thi THPT,2024,26.93,Sư phạm tiếng Anh
147656,TCT,su-pham-tieng-anh,D14,Điểm thi THPT,2024,26.93,Sư phạm tiếng Anh
147657,TCT,su-pham-tieng-anh,D15,Điểm thi THPT,2024,26.93,Sư phạm tiếng Anh
147658,TCT,su-pham-tieng-anh,D01,Điểm học bạ,2025,26.78,Sư phạm Tiếng Anh
147659,TCT,su-pham-tieng-anh,D14,Điểm học bạ,2025,26.78,Sư phạm Tiếng Anh
147660,TCT,su-pham-tieng-anh,D15,Điểm học bạ,2025,26.78,Sư phạm Tiếng Anh
147661,TCT,su-pham-tieng-anh,D66,Điểm học bạ,2025,26.78,Sư phạm Tiếng Anh
147662,TCT,su-pham-tieng-anh,D01,Điểm thi THPT,2025,26.78,Sư phạm Tiếng Anh
147663,TCT,su-pham-tieng-anh,D14,Điểm thi THPT,2025,26.78,Sư phạm Tiếng Anh
147664,TCT,su-pham-tieng-anh,D15,Điểm thi THPT,2025,26.78,Sư phạm Tiếng Anh
147665,TCT,su-pham-tieng-anh,D66,Điểm thi THPT,2025,26.78,Sư phạm Tiếng Anh
147666,TCT,su-pham-tieng-phap,D01,Điểm học bạ,2021,24.25,Sư phạm tiếng Pháp
147667,TCT,su-pham-tieng-phap,D03,Điểm học bạ,2021,24.25,Sư phạm tiếng Pháp
147668,TCT,su-pham-tieng-phap,D14,Điểm học bạ,2021,24.25,Sư phạm tiếng Pháp
147669,TCT,su-pham-tieng-phap,D64,Điểm học bạ,2021,24.25,Sư phạm tiếng Pháp
147670,TCT,su-pham-tieng-phap,D01,Điểm thi THPT,2021,21.75,Sư phạm tiếng Pháp
147671,TCT,su-pham-tieng-phap,D03,Điểm thi THPT,2021,21.75,Sư phạm tiếng Pháp
147672,TCT,su-pham-tieng-phap,D14,Điểm thi THPT,2021,21.75,Sư phạm tiếng Pháp
147673,TCT,su-pham-tieng-phap,D64,Điểm thi THPT,2021,21.75,Sư phạm tiếng Pháp
147674,TCT,su-pham-tieng-phap,D01,Điểm thi THPT,2022,22.0,Sư phạm tiếng Pháp
147675,TCT,su-pham-tieng-phap,D03,Điểm thi THPT,2022,22.0,Sư phạm tiếng Pháp
147676,TCT,su-pham-tieng-phap,D14,Điểm thi THPT,2022,22.0,Sư phạm tiếng Pháp
147677,TCT,su-pham-tieng-phap,D64,Điểm thi THPT,2022,22.0,Sư phạm tiếng Pháp
147678,TCT,su-pham-tieng-phap,D01,Điểm học bạ,2023,22.0,Sư phạm Tiếng Pháp
147679,TCT,su-pham-tieng-phap,D03,Điểm học bạ,2023,22.0,Sư phạm Tiếng Pháp
147680,TCT,su-pham-tieng-phap,D14,Điểm học bạ,2023,22.0,Sư phạm Tiếng Pháp
147681,TCT,su-pham-tieng-phap,D64,Điểm học bạ,2023,22.0,Sư phạm Tiếng Pháp
147682,TCT,su-pham-tieng-phap,D01,Điểm thi THPT,2023,23.1,Sư phạm tiếng Pháp
147683,TCT,su-pham-tieng-phap,D03,Điểm thi THPT,2023,23.1,Sư phạm tiếng Pháp
147684,TCT,su-pham-tieng-phap,D14,Điểm thi THPT,2023,23.1,Sư phạm tiếng Pháp
147685,TCT,su-pham-tieng-phap,D64,Điểm thi THPT,2023,23.1,Sư phạm tiếng Pháp
147686,TCT,su-pham-tieng-phap,D01,Điểm học bạ,2024,26.25,Sư phạm tiếng Pháp
147687,TCT,su-pham-tieng-phap,D03,Điểm học bạ,2024,26.25,Sư phạm tiếng Pháp
147688,TCT,su-pham-tieng-phap,D14,Điểm học bạ,2024,26.25,Sư phạm tiếng Pháp
147689,TCT,su-pham-tieng-phap,D64,Điểm học bạ,2024,26.25,Sư phạm tiếng Pháp
147690,TCT,su-pham-tieng-phap,D01,Điểm thi THPT,2024,23.7,Sư phạm tiếng Pháp
147691,TCT,su-pham-tieng-phap,D03,Điểm thi THPT,2024,23.7,Sư phạm tiếng Pháp
147692,TCT,su-pham-tieng-phap,D14,Điểm thi THPT,2024,23.7,Sư phạm tiếng Pháp
147693,TCT,su-pham-tieng-phap,D64,Điểm thi THPT,2024,23.7,Sư phạm tiếng Pháp
147694,TCT,su-pham-tieng-phap,D01,Điểm học bạ,2025,22.51,Sư phạm Tiếng Pháp
147695,TCT,su-pham-tieng-phap,D03,Điểm học bạ,2025,22.51,Sư phạm Tiếng Pháp
147696,TCT,su-pham-tieng-phap,D14,Điểm học bạ,2025,22.51,Sư phạm Tiếng Pháp
147697,TCT,su-pham-tieng-phap,D64,Điểm học bạ,2025,22.51,Sư phạm Tiếng Pháp
147698,TCT,su-pham-tieng-phap,D01,Điểm thi THPT,2025,22.51,Sư phạm Tiếng Pháp
147699,TCT,su-pham-tieng-phap,D03,Điểm thi THPT,2025,22.51,Sư phạm Tiếng Pháp
147700,TCT,su-pham-tieng-phap,D14,Điểm thi THPT,2025,22.51,Sư phạm Tiếng Pháp
147701,TCT,su-pham-tieng-phap,D64,Điểm thi THPT,2025,22.51,Sư phạm Tiếng Pháp
147702,TCT,su-pham-tin-hoc,A00,Điểm học bạ,2021,24.0,Sư phạm Tin học
147703,TCT,su-pham-tin-hoc,A01,Điểm học bạ,2021,24.0,Sư phạm Tin học
147704,TCT,su-pham-tin-hoc,D01,Điểm học bạ,2021,24.0,Sư phạm Tin học
147705,TCT,su-pham-tin-hoc,D07,Điểm học bạ,2021,24.0,Sư phạm Tin học
147706,TCT,su-pham-tin-hoc,A00,Điểm thi THPT,2021,23.0,Sư phạm Tin học
147707,TCT,su-pham-tin-hoc,A01,Điểm thi THPT,2021,23.0,Sư phạm Tin học
147708,TCT,su-pham-tin-hoc,D01,Điểm thi THPT,2021,23.0,Sư phạm Tin học
147709,TCT,su-pham-tin-hoc,D07,Điểm thi THPT,2021,23.0,Sư phạm Tin học
147710,TCT,su-pham-tin-hoc,A00,Điểm thi THPT,2022,22.5,Sư phạm Tin học
147711,TCT,su-pham-tin-hoc,A01,Điểm thi THPT,2022,22.5,Sư phạm Tin học
147712,TCT,su-pham-tin-hoc,D01,Điểm thi THPT,2022,22.5,Sư phạm Tin học
147713,TCT,su-pham-tin-hoc,D07,Điểm thi THPT,2022,22.5,Sư phạm Tin học
147714,TCT,su-pham-tin-hoc,A00,Điểm học bạ,2023,27.25,Sư phạm Tin học
147715,TCT,su-pham-tin-hoc,A01,Điểm học bạ,2023,27.25,Sư phạm Tin học
147716,TCT,su-pham-tin-hoc,D01,Điểm học bạ,2023,27.25,Sư phạm Tin học
147717,TCT,su-pham-tin-hoc,D07,Điểm học bạ,2023,27.25,Sư phạm Tin học
147718,TCT,su-pham-tin-hoc,A00,Điểm thi THPT,2023,23.25,Sư phạm Tin học
147719,TCT,su-pham-tin-hoc,A01,Điểm thi THPT,2023,23.25,Sư phạm Tin học
147720,TCT,su-pham-tin-hoc,D01,Điểm thi THPT,2023,23.25,Sư phạm Tin học
147721,TCT,su-pham-tin-hoc,D07,Điểm thi THPT,2023,23.25,Sư phạm Tin học
147722,TCT,su-pham-tin-hoc,A00,Điểm học bạ,2024,27.6,Sư phạm Tin học
147723,TCT,su-pham-tin-hoc,A01,Điểm học bạ,2024,27.6,Sư phạm Tin học
147724,TCT,su-pham-tin-hoc,D01,Điểm học bạ,2024,27.6,Sư phạm Tin học
147725,TCT,su-pham-tin-hoc,D07,Điểm học bạ,2024,27.6,Sư phạm Tin học
147726,TCT,su-pham-tin-hoc,A00,Điểm thi THPT,2024,24.56,Sư phạm Tin học
147727,TCT,su-pham-tin-hoc,A01,Điểm thi THPT,2024,24.56,Sư phạm Tin học
147728,TCT,su-pham-tin-hoc,D01,Điểm thi THPT,2024,24.56,Sư phạm Tin học
147729,TCT,su-pham-tin-hoc,D07,Điểm thi THPT,2024,24.56,Sư phạm Tin học
147730,TCT,su-pham-tin-hoc,A00,Điểm học bạ,2025,24.5,Sư phạm Tin học
147731,TCT,su-pham-tin-hoc,A01,Điểm học bạ,2025,24.5,Sư phạm Tin học
147732,TCT,su-pham-tin-hoc,D01,Điểm học bạ,2025,24.5,Sư phạm Tin học
147733,TCT,su-pham-tin-hoc,D07,Điểm học bạ,2025,24.5,Sư phạm Tin học
147734,TCT,su-pham-tin-hoc,A00,Điểm thi THPT,2025,24.5,Sư phạm Tin học
147735,TCT,su-pham-tin-hoc,A01,Điểm thi THPT,2025,24.5,Sư phạm Tin học
147736,TCT,su-pham-tin-hoc,D01,Điểm thi THPT,2025,24.5,Sư phạm Tin học
147737,TCT,su-pham-tin-hoc,D07,Điểm thi THPT,2025,24.5,Sư phạm Tin học
147738,TCT,su-pham-toan-hoc,A00,Điểm học bạ,2021,29.25,Sư phạm Toán học
147739,TCT,su-pham-toan-hoc,A01,Điểm học bạ,2021,29.25,Sư phạm Toán học
147740,TCT,su-pham-toan-hoc,D07,Điểm học bạ,2021,29.25,Sư phạm Toán học
147741,TCT,su-pham-toan-hoc,D08,Điểm học bạ,2021,29.25,Sư phạm Toán học
147742,TCT,su-pham-toan-hoc,A00,Điểm thi THPT,2021,25.5,Sư phạm Toán học
147743,TCT,su-pham-toan-hoc,A01,Điểm thi THPT,2021,25.5,Sư phạm Toán học
147744,TCT,su-pham-toan-hoc,B08,Điểm thi THPT,2021,25.5,Sư phạm Toán học
147745,TCT,su-pham-toan-hoc,D07,Điểm thi THPT,2021,25.5,Sư phạm Toán học
147746,TCT,su-pham-toan-hoc,A00,Điểm thi THPT,2022,26.0,Sư phạm Toán học
147747,TCT,su-pham-toan-hoc,A01,Điểm thi THPT,2022,26.0,Sư phạm Toán học
147748,TCT,su-pham-toan-hoc,B08,Điểm thi THPT,2022,26.0,Sư phạm Toán học
147749,TCT,su-pham-toan-hoc,D07,Điểm thi THPT,2022,26.0,Sư phạm Toán học
147750,TCT,su-pham-toan-hoc,A00,Điểm học bạ,2023,29.25,Sư phạm Toán học
147751,TCT,su-pham-toan-hoc,A01,Điểm học bạ,2023,29.25,Sư phạm Toán học
147752,TCT,su-pham-toan-hoc,B08,Điểm học bạ,2023,29.25,Sư phạm Toán học
147753,TCT,su-pham-toan-hoc,D07,Điểm học bạ,2023,29.25,Sư phạm Toán học
147754,TCT,su-pham-toan-hoc,A00,Điểm thi THPT,2023,26.18,Sư phạm Toán học
147755,TCT,su-pham-toan-hoc,A01,Điểm thi THPT,2023,26.18,Sư phạm Toán học
147756,TCT,su-pham-toan-hoc,B08,Điểm thi THPT,2023,26.18,Sư phạm Toán học
147757,TCT,su-pham-toan-hoc,D07,Điểm thi THPT,2023,26.18,Sư phạm Toán học
147758,TCT,su-pham-toan-hoc,A00,Điểm học bạ,2024,29.6,Sư phạm Toán học
147759,TCT,su-pham-toan-hoc,A01,Điểm học bạ,2024,29.6,Sư phạm Toán học
147760,TCT,su-pham-toan-hoc,B08,Điểm học bạ,2024,29.6,Sư phạm Toán học
147761,TCT,su-pham-toan-hoc,D07,Điểm học bạ,2024,29.6,Sư phạm Toán học
147762,TCT,su-pham-toan-hoc,A00,Điểm thi THPT,2024,26.79,Sư phạm Toán học
147763,TCT,su-pham-toan-hoc,A01,Điểm thi THPT,2024,26.79,Sư phạm Toán học
147764,TCT,su-pham-toan-hoc,B08,Điểm thi THPT,2024,26.79,Sư phạm Toán học
147765,TCT,su-pham-toan-hoc,D07,Điểm thi THPT,2024,26.79,Sư phạm Toán học
147766,TCT,su-pham-toan-hoc,A00,Điểm học bạ,2025,27.67,Sư phạm Toán học
147767,TCT,su-pham-toan-hoc,A01,Điểm học bạ,2025,27.67,Sư phạm Toán học
147768,TCT,su-pham-toan-hoc,B08,Điểm học bạ,2025,27.67,Sư phạm Toán học
147769,TCT,su-pham-toan-hoc,D07,Điểm học bạ,2025,27.67,Sư phạm Toán học
147770,TCT,su-pham-toan-hoc,A00,Điểm thi THPT,2025,27.67,Sư phạm Toán học
147771,TCT,su-pham-toan-hoc,A01,Điểm thi THPT,2025,27.67,Sư phạm Toán học
147772,TCT,su-pham-toan-hoc,B08,Điểm thi THPT,2025,27.67,Sư phạm Toán học
147773,TCT,su-pham-toan-hoc,D07,Điểm thi THPT,2025,27.67,Sư phạm Toán học
147774,TCT,su-pham-vat-ly,A00,Điểm học bạ,2021,27.75,Sư phạm Vật lý
147775,TCT,su-pham-vat-ly,A01,Điểm học bạ,2021,27.75,Sư phạm Vật lý
147776,TCT,su-pham-vat-ly,A02,Điểm học bạ,2021,27.75,Sư phạm Vật lý
147777,TCT,su-pham-vat-ly,D29,Điểm học bạ,2021,27.75,Sư phạm Vật lý
147778,TCT,su-pham-vat-ly,A00,Điểm thi THPT,2021,24.5,Sư phạm Vật lý
147779,TCT,su-pham-vat-ly,A01,Điểm thi THPT,2021,24.5,Sư phạm Vật lý
147780,TCT,su-pham-vat-ly,A02,Điểm thi THPT,2021,24.5,Sư phạm Vật lý
147781,TCT,su-pham-vat-ly,D29,Điểm thi THPT,2021,24.5,Sư phạm Vật lý
147782,TCT,su-pham-vat-ly,A00,Điểm thi THPT,2022,25.3,Sư phạm Vật lý
147783,TCT,su-pham-vat-ly,A01,Điểm thi THPT,2022,25.3,Sư phạm Vật lý
147784,TCT,su-pham-vat-ly,A02,Điểm thi THPT,2022,25.3,Sư phạm Vật lý
147785,TCT,su-pham-vat-ly,D29,Điểm thi THPT,2022,25.3,Sư phạm Vật lý
147786,TCT,su-pham-vat-ly,A00,Điểm học bạ,2023,28.75,Sư phạm Vật lý
147787,TCT,su-pham-vat-ly,A01,Điểm học bạ,2023,28.75,Sư phạm Vật lý
147788,TCT,su-pham-vat-ly,A02,Điểm học bạ,2023,28.75,Sư phạm Vật lý
147789,TCT,su-pham-vat-ly,D29,Điểm học bạ,2023,28.75,Sư phạm Vật lý
147790,TCT,su-pham-vat-ly,A00,Điểm thi THPT,2023,25.65,Sư phạm Vật lý
147791,TCT,su-pham-vat-ly,A01,Điểm thi THPT,2023,25.65,Sư phạm Vật lý
147792,TCT,su-pham-vat-ly,A02,Điểm thi THPT,2023,25.65,Sư phạm Vật lý
147793,TCT,su-pham-vat-ly,D29,Điểm thi THPT,2023,25.65,Sư phạm Vật lý
147794,TCT,su-pham-vat-ly,A00,Điểm học bạ,2024,29.25,Sư phạm Vật lý
147795,TCT,su-pham-vat-ly,A01,Điểm học bạ,2024,29.25,Sư phạm Vật lý
147796,TCT,su-pham-vat-ly,A02,Điểm học bạ,2024,29.25,Sư phạm Vật lý
147797,TCT,su-pham-vat-ly,D29,Điểm học bạ,2024,29.25,Sư phạm Vật lý
147798,TCT,su-pham-vat-ly,A00,Điểm thi THPT,2024,26.22,Sư phạm Vật lý
147799,TCT,su-pham-vat-ly,A01,Điểm thi THPT,2024,26.22,Sư phạm Vật lý
147800,TCT,su-pham-vat-ly,A02,Điểm thi THPT,2024,26.22,Sư phạm Vật lý
147801,TCT,su-pham-vat-ly,D29,Điểm thi THPT,2024,26.22,Sư phạm Vật lý
147802,TCT,su-pham-vat-ly,A00,Điểm học bạ,2025,27.19,Sư phạm Vật lý
147803,TCT,su-pham-vat-ly,A01,Điểm học bạ,2025,27.19,Sư phạm Vật lý
147804,TCT,su-pham-vat-ly,A02,Điểm học bạ,2025,27.19,Sư phạm Vật lý
147805,TCT,su-pham-vat-ly,D29,Điểm học bạ,2025,27.19,Sư phạm Vật lý
147806,TCT,su-pham-vat-ly,A00,Điểm thi THPT,2025,27.19,Sư phạm Vật lý
147807,TCT,su-pham-vat-ly,A01,Điểm thi THPT,2025,27.19,Sư phạm Vật lý
147808,TCT,su-pham-vat-ly,A02,Điểm thi THPT,2025,27.19,Sư phạm Vật lý
147809,TCT,su-pham-vat-ly,D29,Điểm thi THPT,2025,27.19,Sư phạm Vật lý
147810,TCT,tai-chinh-ngan-hang,A00,Điểm học bạ,2021,28.75,Tài chính - Ngân hàng
147811,TCT,tai-chinh-ngan-hang,A01,Điểm học bạ,2021,28.75,Tài chính - Ngân hàng
147812,TCT,tai-chinh-ngan-hang,C02,Điểm học bạ,2021,28.75,Tài chính - Ngân hàng
147813,TCT,tai-chinh-ngan-hang,D01,Điểm học bạ,2021,28.75,Tài chính - Ngân hàng
147814,TCT,tai-chinh-ngan-hang,D07,Điểm học bạ,2021,26.25,Tài chính – Ngân hàng (CTCLC)
147815,TCT,tai-chinh-ngan-hang,A00,Điểm thi THPT,2021,25.75,Tài chính - Ngân hàng
147816,TCT,tai-chinh-ngan-hang,A01,Điểm thi THPT,2021,25.75,Tài chính - Ngân hàng
147817,TCT,tai-chinh-ngan-hang,C02,Điểm thi THPT,2021,25.75,Tài chính - Ngân hàng
147818,TCT,tai-chinh-ngan-hang,D01,Điểm thi THPT,2021,25.75,Tài chính - Ngân hàng
147819,TCT,tai-chinh-ngan-hang,D07,Điểm thi THPT,2021,24.5,Tài chính – Ngân hàng (CTCLC)
147820,TCT,tai-chinh-ngan-hang,A00,Điểm học bạ,2022,29.25,Tài chính - Ngân hàng
147821,TCT,tai-chinh-ngan-hang,A01,Điểm học bạ,2022,29.25,Tài chính - Ngân hàng
147822,TCT,tai-chinh-ngan-hang,C02,Điểm học bạ,2022,29.25,Tài chính - Ngân hàng
147823,TCT,tai-chinh-ngan-hang,D01,Điểm học bạ,2022,29.25,Tài chính - Ngân hàng
147824,TCT,tai-chinh-ngan-hang,D07,Điểm học bạ,2022,26.5,Tài chính – Ngân hàng (CTCLC)
147825,TCT,tai-chinh-ngan-hang,A00,Điểm thi THPT,2022,25.0,Tài chính - Ngân hàng
147826,TCT,tai-chinh-ngan-hang,A01,Điểm thi THPT,2022,25.0,Tài chính - Ngân hàng
147827,TCT,tai-chinh-ngan-hang,C02,Điểm thi THPT,2022,25.0,Tài chính - Ngân hàng
147828,TCT,tai-chinh-ngan-hang,D01,Điểm thi THPT,2022,25.0,Tài chính - Ngân hàng
147829,TCT,tai-chinh-ngan-hang,D07,Điểm thi THPT,2022,21.5,Tài chính – Ngân hàng (CTCLC)
147830,TCT,tai-chinh-ngan-hang,A00,Điểm học bạ,2023,28.25,Tài chính - Ngân hàng
147831,TCT,tai-chinh-ngan-hang,A01,Điểm học bạ,2023,28.25,Tài chính - Ngân hàng
147832,TCT,tai-chinh-ngan-hang,C02,Điểm học bạ,2023,28.25,Tài chính - Ngân hàng
147833,TCT,tai-chinh-ngan-hang,D01,Điểm học bạ,2023,28.25,Tài chính - Ngân hàng
147834,TCT,tai-chinh-ngan-hang,D07,Điểm học bạ,2023,26.75,Tài chính – Ngân hàng (CTCLC)
147835,TCT,tai-chinh-ngan-hang,A00,Điểm thi THPT,2023,25.0,Tài chính - Ngân hàng
147836,TCT,tai-chinh-ngan-hang,A01,Điểm thi THPT,2023,25.0,Tài chính - Ngân hàng
147837,TCT,tai-chinh-ngan-hang,C02,Điểm thi THPT,2023,25.0,Tài chính - Ngân hàng
147838,TCT,tai-chinh-ngan-hang,D01,Điểm thi THPT,2023,25.0,Tài chính - Ngân hàng
147839,TCT,tai-chinh-ngan-hang,D07,Điểm thi THPT,2023,23.1,Tài chính - Ngân hàng (CTCLC)
147840,TCT,tai-chinh-ngan-hang,A00,Điểm học bạ,2024,28.4,Tài chính - Ngân hàng
147841,TCT,tai-chinh-ngan-hang,A01,Điểm học bạ,2024,28.4,Tài chính - Ngân hàng
147842,TCT,tai-chinh-ngan-hang,C02,Điểm học bạ,2024,28.4,Tài chính - Ngân hàng
147843,TCT,tai-chinh-ngan-hang,D01,Điểm học bạ,2024,28.4,Tài chính - Ngân hàng
147844,TCT,tai-chinh-ngan-hang,D07,Điểm học bạ,2024,26.6,Tài chính - Ngân hàng (CTCLC)
147845,TCT,tai-chinh-ngan-hang,A00,Điểm thi THPT,2024,24.8,Tài chính - Ngân hàng
147846,TCT,tai-chinh-ngan-hang,A01,Điểm thi THPT,2024,24.8,Tài chính - Ngân hàng
147847,TCT,tai-chinh-ngan-hang,C02,Điểm thi THPT,2024,24.8,Tài chính - Ngân hàng
147848,TCT,tai-chinh-ngan-hang,D01,Điểm thi THPT,2024,24.8,Tài chính - Ngân hàng
147849,TCT,tai-chinh-ngan-hang,D07,Điểm thi THPT,2024,23.5,Tài chính - Ngân hàng (CTCLC)
147850,TCT,tai-chinh-ngan-hang,A00,Điểm học bạ,2025,22.9,Tài chính - Ngân hàng
147851,TCT,tai-chinh-ngan-hang,A01,Điểm học bạ,2025,22.9,Tài chính - Ngân hàng
147852,TCT,tai-chinh-ngan-hang,C02,Điểm học bạ,2025,22.9,Tài chính - Ngân hàng
147853,TCT,tai-chinh-ngan-hang,D01,Điểm học bạ,2025,22.9,Tài chính - Ngân hàng
147854,TCT,tai-chinh-ngan-hang,D07,Điểm học bạ,2025,20.1,Tài chính - Ngân hàng (CTCLC)
147855,TCT,tai-chinh-ngan-hang,X26,Điểm học bạ,2025,20.1,Tài chính - Ngân hàng (CTCLC)
147856,TCT,tai-chinh-ngan-hang,A00,Điểm thi THPT,2025,22.9,Tài chính - Ngân hàng
147857,TCT,tai-chinh-ngan-hang,A01,Điểm thi THPT,2025,22.9,Tài chính - Ngân hàng
147858,TCT,tai-chinh-ngan-hang,C02,Điểm thi THPT,2025,22.9,Tài chính - Ngân hàng
147859,TCT,tai-chinh-ngan-hang,D01,Điểm thi THPT,2025,22.9,Tài chính - Ngân hàng
147860,TCT,tai-chinh-ngan-hang,D07,Điểm thi THPT,2025,20.1,Tài chính - Ngân hàng (CTCLC)
147861,TCT,tai-chinh-ngan-hang,X26,Điểm thi THPT,2025,20.1,Tài chính - Ngân hàng (CTCLC)
147862,TCT,tam-ly-hoc-giao-duc,C00,Điểm học bạ,2025,26.75,Tâm lý học giáo dục
147863,TCT,tam-ly-hoc-giao-duc,C14,Điểm học bạ,2025,26.75,Tâm lý học giáo dục
147864,TCT,tam-ly-hoc-giao-duc,C20,Điểm học bạ,2025,26.75,Tâm lý học giáo dục
147865,TCT,tam-ly-hoc-giao-duc,D14,Điểm học bạ,2025,26.75,Tâm lý học giáo dục
147866,TCT,tam-ly-hoc-giao-duc,C00,Điểm thi THPT,2025,26.75,Tâm lý học giáo dục
147867,TCT,tam-ly-hoc-giao-duc,C14,Điểm thi THPT,2025,26.75,Tâm lý học giáo dục
147868,TCT,tam-ly-hoc-giao-duc,C20,Điểm thi THPT,2025,26.75,Tâm lý học giáo dục
147869,TCT,tam-ly-hoc-giao-duc,D14,Điểm thi THPT,2025,26.75,Tâm lý học giáo dục
147870,TCT,thong-ke,A00,Điểm học bạ,2022,19.5,Thống kê
147871,TCT,thong-ke,A01,Điểm học bạ,2022,19.5,Thống kê
147872,TCT,thong-ke,A02,Điểm học bạ,2022,19.5,Thống kê
147873,TCT,thong-ke,B00,Điểm học bạ,2022,19.5,Thống kê
147874,TCT,thong-ke,A00,Điểm thi THPT,2022,21.0,Thống kê
147875,TCT,thong-ke,A01,Điểm thi THPT,2022,21.0,Thống kê
147876,TCT,thong-ke,A02,Điểm thi THPT,2022,21.0,Thống kê
147877,TCT,thong-ke,B00,Điểm thi THPT,2022,21.0,Thống kê
147878,TCT,thong-ke,A00,Điểm học bạ,2023,24.5,Thống kê
147879,TCT,thong-ke,A01,Điểm học bạ,2023,24.5,Thống kê
147880,TCT,thong-ke,A02,Điểm học bạ,2023,24.5,Thống kê
147881,TCT,thong-ke,B00,Điểm học bạ,2023,24.5,Thống kê
147882,TCT,thong-ke,A00,Điểm thi THPT,2023,22.4,Thống kê
147883,TCT,thong-ke,A01,Điểm thi THPT,2023,22.4,Thống kê
147884,TCT,thong-ke,A02,Điểm thi THPT,2023,22.4,Thống kê
147885,TCT,thong-ke,B00,Điểm thi THPT,2023,22.4,Thống kê
147886,TCT,thong-ke,A00,Điểm học bạ,2024,25.5,Thống kê
147887,TCT,thong-ke,A01,Điểm học bạ,2024,25.5,Thống kê
147888,TCT,thong-ke,A02,Điểm học bạ,2024,25.5,Thống kê
147889,TCT,thong-ke,B00,Điểm học bạ,2024,25.5,Thống kê
147890,TCT,thong-ke,A00,Điểm thi THPT,2024,21.6,Thống kê
147891,TCT,thong-ke,A01,Điểm thi THPT,2024,21.6,Thống kê
147892,TCT,thong-ke,A02,Điểm thi THPT,2024,21.6,Thống kê
147893,TCT,thong-ke,B00,Điểm thi THPT,2024,21.6,Thống kê
147894,TCT,thong-ke,A00,Điểm học bạ,2025,18.41,Thống kê
147895,TCT,thong-ke,A01,Điểm học bạ,2025,18.41,Thống kê
147896,TCT,thong-ke,A02,Điểm học bạ,2025,18.41,Thống kê
147897,TCT,thong-ke,B00,Điểm học bạ,2025,18.41,Thống kê
147898,TCT,thong-ke,A00,Điểm thi THPT,2025,18.41,Thống kê
147899,TCT,thong-ke,A01,Điểm thi THPT,2025,18.41,Thống kê
147900,TCT,thong-ke,A02,Điểm thi THPT,2025,18.41,Thống kê
147901,TCT,thong-ke,B00,Điểm thi THPT,2025,18.41,Thống kê
147902,TCT,thong-tin-thu-vien,A01,Điểm học bạ,2021,21.5,Thông tin - thư viện
147903,TCT,thong-tin-thu-vien,D01,Điểm học bạ,2021,21.5,Thông tin - thư viện
147904,TCT,thong-tin-thu-vien,D03,Điểm học bạ,2021,21.5,Thông tin - thư viện
147905,TCT,thong-tin-thu-vien,D29,Điểm học bạ,2021,21.5,Thông tin - thư viện
147906,TCT,thong-tin-thu-vien,A01,Điểm thi THPT,2021,22.75,Thông tin - thư viện
147907,TCT,thong-tin-thu-vien,D01,Điểm thi THPT,2021,22.75,Thông tin - thư viện
147908,TCT,thong-tin-thu-vien,D03,Điểm thi THPT,2021,22.75,Thông tin - thư viện
147909,TCT,thong-tin-thu-vien,D29,Điểm thi THPT,2021,22.75,Thông tin - thư viện
147910,TCT,thong-tin-thu-vien,A01,Điểm học bạ,2022,22.0,Thông tin - thư viện
147911,TCT,thong-tin-thu-vien,D01,Điểm học bạ,2022,22.0,Thông tin - thư viện
147912,TCT,thong-tin-thu-vien,D03,Điểm học bạ,2022,22.0,Thông tin - thư viện
147913,TCT,thong-tin-thu-vien,D29,Điểm học bạ,2022,22.0,Thông tin - thư viện
147914,TCT,thong-tin-thu-vien,A01,Điểm thi THPT,2022,20.0,Thông tin - thư viện
147915,TCT,thong-tin-thu-vien,D01,Điểm thi THPT,2022,20.0,Thông tin - thư viện
147916,TCT,thong-tin-thu-vien,D03,Điểm thi THPT,2022,20.0,Thông tin - thư viện
147917,TCT,thong-tin-thu-vien,D29,Điểm thi THPT,2022,20.0,Thông tin - thư viện
147918,TCT,thong-tin-thu-vien,A01,Điểm học bạ,2023,23.25,Thông tin - thư viện
147919,TCT,thong-tin-thu-vien,D01,Điểm học bạ,2023,23.25,Thông tin - thư viện
147920,TCT,thong-tin-thu-vien,D03,Điểm học bạ,2023,23.25,Thông tin - thư viện
147921,TCT,thong-tin-thu-vien,D29,Điểm học bạ,2023,23.25,Thông tin - thư viện
147922,TCT,thong-tin-thu-vien,A01,Điểm thi THPT,2023,21.5,Thông tin - thư viện
147923,TCT,thong-tin-thu-vien,D01,Điểm thi THPT,2023,21.5,Thông tin - thư viện
147924,TCT,thong-tin-thu-vien,D03,Điểm thi THPT,2023,21.5,Thông tin - thư viện
147925,TCT,thong-tin-thu-vien,D29,Điểm thi THPT,2023,21.5,Thông tin - thư viện
147926,TCT,thong-tin-thu-vien,A01,Điểm học bạ,2024,23.0,Thông tin - thư viện
147927,TCT,thong-tin-thu-vien,D01,Điểm học bạ,2024,23.0,Thông tin - thư viện
147928,TCT,thong-tin-thu-vien,D03,Điểm học bạ,2024,23.0,Thông tin - thư viện
147929,TCT,thong-tin-thu-vien,D29,Điểm học bạ,2024,23.0,Thông tin - thư viện
147930,TCT,thong-tin-thu-vien,A01,Điểm thi THPT,2024,22.15,Thông tin - thư viện
147931,TCT,thong-tin-thu-vien,D01,Điểm thi THPT,2024,22.15,Thông tin - thư viện
147932,TCT,thong-tin-thu-vien,D03,Điểm thi THPT,2024,22.15,Thông tin - thư viện
147933,TCT,thong-tin-thu-vien,D29,Điểm thi THPT,2024,22.15,Thông tin - thư viện
147934,TCT,thong-tin-thu-vien,A01,Điểm học bạ,2025,17.81,Thông tin - thư viện
147935,TCT,thong-tin-thu-vien,D01,Điểm học bạ,2025,17.81,Thông tin - thư viện
147936,TCT,thong-tin-thu-vien,D03,Điểm học bạ,2025,17.81,Thông tin - thư viện
147937,TCT,thong-tin-thu-vien,D29,Điểm học bạ,2025,17.81,Thông tin - thư viện
147938,TCT,thong-tin-thu-vien,A01,Điểm thi THPT,2025,17.81,Thông tin - thư viện
147939,TCT,thong-tin-thu-vien,D01,Điểm thi THPT,2025,17.81,Thông tin - thư viện
147940,TCT,thong-tin-thu-vien,D03,Điểm thi THPT,2025,17.81,Thông tin - thư viện
147941,TCT,thong-tin-thu-vien,D29,Điểm thi THPT,2025,17.81,Thông tin - thư viện
147942,TCT,thu-y,A00,Điểm học bạ,2021,27.75,Thú y
147943,TCT,thu-y,B00,Điểm học bạ,2021,27.75,Thú y
147944,TCT,thu-y,D07,Điểm học bạ,2021,27.75,Thú y
147945,TCT,thu-y,D08,Điểm học bạ,2021,27.75,Thú y
147946,TCT,thu-y,A02,Điểm thi THPT,2021,24.5,Thú y
147947,TCT,thu-y,B00,Điểm thi THPT,2021,24.5,Thú y
147948,TCT,thu-y,B08,Điểm thi THPT,2021,24.5,Thú y
147949,TCT,thu-y,D07,Điểm thi THPT,2021,24.5,Thú y
147950,TCT,thu-y,A02,Điểm học bạ,2022,28.0,Thú y
147951,TCT,thu-y,B00,Điểm học bạ,2022,28.0,Thú y
147952,TCT,thu-y,B08,Điểm học bạ,2022,28.0,Thú y
147953,TCT,thu-y,D07,Điểm học bạ,2022,28.0,Thú y
147954,TCT,thu-y,A02,Điểm thi THPT,2022,21.6,Thú y
147955,TCT,thu-y,B00,Điểm thi THPT,2022,21.6,Thú y
147956,TCT,thu-y,B08,Điểm thi THPT,2022,21.6,Thú y
147957,TCT,thu-y,D07,Điểm thi THPT,2022,21.6,Thú y
147958,TCT,thu-y,A02,Điểm học bạ,2023,27.25,Thú y
147959,TCT,thu-y,B00,Điểm học bạ,2023,27.25,Thú y
147960,TCT,thu-y,B08,Điểm học bạ,2023,27.25,Thú y
147961,TCT,thu-y,D07,Điểm học bạ,2023,27.25,Thú y
147962,TCT,thu-y,A02,Điểm thi THPT,2023,23.7,Thú y
147963,TCT,thu-y,B00,Điểm thi THPT,2023,23.7,Thú y
147964,TCT,thu-y,B08,Điểm thi THPT,2023,23.7,Thú y
147965,TCT,thu-y,D07,Điểm thi THPT,2023,23.7,Thú y
147966,TCT,thu-y,A02,Điểm học bạ,2024,27.5,Thú y
147967,TCT,thu-y,B00,Điểm học bạ,2024,27.5,Thú y
147968,TCT,thu-y,B08,Điểm học bạ,2024,27.5,Thú y
147969,TCT,thu-y,D07,Điểm học bạ,2024,27.5,Thú y
147970,TCT,thu-y,A02,Điểm thi THPT,2024,23.3,Thú y
147971,TCT,thu-y,B00,Điểm thi THPT,2024,23.3,Thú y
147972,TCT,thu-y,B08,Điểm thi THPT,2024,23.3,Thú y
147973,TCT,thu-y,D07,Điểm thi THPT,2024,23.3,Thú y
147974,TCT,thu-y,A01,Điểm học bạ,2025,18.0,Thú y (CTCLC)
147975,TCT,thu-y,A02,Điểm học bạ,2025,20.0,Thú y
147976,TCT,thu-y,B00,Điểm học bạ,2025,20.0,Thú y
147977,TCT,thu-y,B08,Điểm học bạ,2025,20.0,Thú y
147978,TCT,thu-y,D07,Điểm học bạ,2025,20.0,Thú y
147979,TCT,thu-y,X27,Điểm học bạ,2025,18.0,Thú y (CTCLC)
147980,TCT,thu-y,A01,Điểm thi THPT,2025,18.0,Thú y (CTCLC)
147981,TCT,thu-y,A02,Điểm thi THPT,2025,20.0,Thú y
147982,TCT,thu-y,B00,Điểm thi THPT,2025,20.0,Thú y
147983,TCT,thu-y,B08,Điểm thi THPT,2025,20.0,Thú y
147984,TCT,thu-y,D07,Điểm thi THPT,2025,20.0,Thú y
147985,TCT,thu-y,X27,Điểm thi THPT,2025,18.0,Thú y (CTCLC)
147986,TCT,thuong-mai-dien-tu,A00,Điểm học bạ,2025,22.23,Thương mại điện tử
147987,TCT,thuong-mai-dien-tu,A01,Điểm học bạ,2025,22.23,Thương mại điện tử
147988,TCT,thuong-mai-dien-tu,C02,Điểm học bạ,2025,22.23,Thương mại điện tử
147989,TCT,thuong-mai-dien-tu,D01,Điểm học bạ,2025,22.23,Thương mại điện tử
147990,TCT,thuong-mai-dien-tu,A00,Điểm thi THPT,2025,22.23,Thương mại điện tử
147991,TCT,thuong-mai-dien-tu,A01,Điểm thi THPT,2025,22.23,Thương mại điện tử
147992,TCT,thuong-mai-dien-tu,C02,Điểm thi THPT,2025,22.23,Thương mại điện tử
147993,TCT,thuong-mai-dien-tu,D01,Điểm thi THPT,2025,22.23,Thương mại điện tử
147994,TCT,toan-ung-dung,A00,Điểm học bạ,2021,22.0,Toán ứng dụng
147995,TCT,toan-ung-dung,A01,Điểm học bạ,2021,22.0,Toán ứng dụng
147996,TCT,toan-ung-dung,B00,Điểm học bạ,2021,22.0,Toán ứng dụng
147997,TCT,toan-ung-dung,A00,Điểm thi THPT,2021,22.75,Toán ứng dụng
147998,TCT,toan-ung-dung,A01,Điểm thi THPT,2021,22.75,Toán ứng dụng
147999,TCT,toan-ung-dung,B00,Điểm thi THPT,2021,22.75,Toán ứng dụng
148000,TCT,toan-ung-dung,A00,Điểm học bạ,2022,25.5,Toán ứng dụng
148001,TCT,toan-ung-dung,A01,Điểm học bạ,2022,25.5,Toán ứng dụng
148002,TCT,toan-ung-dung,A02,Điểm học bạ,2022,25.5,Toán ứng dụng
148003,TCT,toan-ung-dung,B00,Điểm học bạ,2022,25.5,Toán ứng dụng
148004,TCT,toan-ung-dung,A00,Điểm thi THPT,2022,22.75,Toán ứng dụng
148005,TCT,toan-ung-dung,A01,Điểm thi THPT,2022,22.75,Toán ứng dụng
148006,TCT,toan-ung-dung,A02,Điểm thi THPT,2022,22.75,Toán ứng dụng
148007,TCT,toan-ung-dung,B00,Điểm thi THPT,2022,22.75,Toán ứng dụng
148008,TCT,toan-ung-dung,A00,Điểm học bạ,2023,26.0,Toán ứng dụng
148009,TCT,toan-ung-dung,A01,Điểm học bạ,2023,26.0,Toán ứng dụng
148010,TCT,toan-ung-dung,A02,Điểm học bạ,2023,26.0,Toán ứng dụng
148011,TCT,toan-ung-dung,B00,Điểm học bạ,2023,26.0,Toán ứng dụng
148012,TCT,toan-ung-dung,A00,Điểm thi THPT,2023,22.85,Toán ứng dụng
148013,TCT,toan-ung-dung,A01,Điểm thi THPT,2023,22.85,Toán ứng dụng
148014,TCT,toan-ung-dung,A02,Điểm thi THPT,2023,22.85,Toán ứng dụng
148015,TCT,toan-ung-dung,B00,Điểm thi THPT,2023,22.85,Toán ứng dụng
148016,TCT,toan-ung-dung,A00,Điểm học bạ,2024,26.5,Toán ứng dụng
148017,TCT,toan-ung-dung,A01,Điểm học bạ,2024,26.5,Toán ứng dụng
148018,TCT,toan-ung-dung,A02,Điểm học bạ,2024,26.5,Toán ứng dụng
148019,TCT,toan-ung-dung,B00,Điểm học bạ,2024,26.5,Toán ứng dụng
148020,TCT,toan-ung-dung,A00,Điểm thi THPT,2024,23.23,Toán ứng dụng
148021,TCT,toan-ung-dung,A01,Điểm thi THPT,2024,23.23,Toán ứng dụng
148022,TCT,toan-ung-dung,A02,Điểm thi THPT,2024,23.23,Toán ứng dụng
148023,TCT,toan-ung-dung,B00,Điểm thi THPT,2024,23.23,Toán ứng dụng
148024,TCT,toan-ung-dung,A00,Điểm học bạ,2025,21.77,Toán ứng dụng
148025,TCT,toan-ung-dung,A01,Điểm học bạ,2025,21.77,Toán ứng dụng
148026,TCT,toan-ung-dung,A02,Điểm học bạ,2025,21.77,Toán ứng dụng
148027,TCT,toan-ung-dung,B00,Điểm học bạ,2025,21.77,Toán ứng dụng
148028,TCT,toan-ung-dung,A00,Điểm thi THPT,2025,21.77,Toán ứng dụng
148029,TCT,toan-ung-dung,A01,Điểm thi THPT,2025,21.77,Toán ứng dụng
148030,TCT,toan-ung-dung,A02,Điểm thi THPT,2025,21.77,Toán ứng dụng
148031,TCT,toan-ung-dung,B00,Điểm thi THPT,2025,21.77,Toán ứng dụng
148032,TCT,tri-tue-nhan-tao,A00,Điểm học bạ,2025,23.04,Trí tuệ nhân tạo
148033,TCT,tri-tue-nhan-tao,A01,Điểm học bạ,2025,23.04,Trí tuệ nhân tạo
148034,TCT,tri-tue-nhan-tao,X06,Điểm học bạ,2025,23.04,Trí tuệ nhân tạo
148035,TCT,tri-tue-nhan-tao,X26,Điểm học bạ,2025,23.04,Trí tuệ nhân tạo
148036,TCT,tri-tue-nhan-tao,A00,Điểm thi THPT,2025,23.04,Trí tuệ nhân tạo
148037,TCT,tri-tue-nhan-tao,A01,Điểm thi THPT,2025,23.04,Trí tuệ nhân tạo
148038,TCT,tri-tue-nhan-tao,X06,Điểm thi THPT,2025,23.04,Trí tuệ nhân tạo
148039,TCT,tri-tue-nhan-tao,X26,Điểm thi THPT,2025,23.04,Trí tuệ nhân tạo
148040,TCT,triet-hoc,C00,Điểm học bạ,2021,24.0,Triết học
148041,TCT,triet-hoc,C19,Điểm học bạ,2021,24.0,Triết học
148042,TCT,triet-hoc,D14,Điểm học bạ,2021,24.0,Triết học
148043,TCT,triet-hoc,D15,Điểm học bạ,2021,24.0,Triết học
148044,TCT,triet-hoc,C00,Điểm thi THPT,2021,24.25,Triết học
148045,TCT,triet-hoc,C19,Điểm thi THPT,2021,24.25,Triết học
148046,TCT,triet-hoc,D14,Điểm thi THPT,2021,24.25,Triết học
148047,TCT,triet-hoc,D15,Điểm thi THPT,2021,24.25,Triết học
148048,TCT,triet-hoc,C00,Điểm học bạ,2022,25.0,Triết học
148049,TCT,triet-hoc,C19,Điểm học bạ,2022,25.0,Triết học
148050,TCT,triet-hoc,D14,Điểm học bạ,2022,25.0,Triết học
148051,TCT,triet-hoc,D15,Điểm học bạ,2022,25.0,Triết học
148052,TCT,triet-hoc,C00,Điểm thi THPT,2022,25.5,Triết học
148053,TCT,triet-hoc,C19,Điểm thi THPT,2022,25.5,Triết học
148054,TCT,triet-hoc,D14,Điểm thi THPT,2022,25.5,Triết học
148055,TCT,triet-hoc,D15,Điểm thi THPT,2022,25.5,Triết học
148056,TCT,triet-hoc,C00,Điểm học bạ,2023,26.0,Triết học
148057,TCT,triet-hoc,C19,Điểm học bạ,2023,26.0,Triết học
148058,TCT,triet-hoc,D14,Điểm học bạ,2023,26.0,Triết học
148059,TCT,triet-hoc,D15,Điểm học bạ,2023,26.0,Triết học
148060,TCT,triet-hoc,C00,Điểm thi THPT,2023,25.1,Triết học
148061,TCT,triet-hoc,C19,Điểm thi THPT,2023,25.1,Triết học
148062,TCT,triet-hoc,D14,Điểm thi THPT,2023,25.1,Triết học
148063,TCT,triet-hoc,D15,Điểm thi THPT,2023,25.1,Triết học
148064,TCT,triet-hoc,C00,Điểm học bạ,2024,18.0,Triết học
148065,TCT,triet-hoc,C19,Điểm học bạ,2024,18.0,Triết học
148066,TCT,triet-hoc,D14,Điểm học bạ,2024,18.0,Triết học
148067,TCT,triet-hoc,D15,Điểm học bạ,2024,18.0,Triết học
148068,TCT,triet-hoc,C00,Điểm thi THPT,2024,25.51,Triết học
148069,TCT,triet-hoc,C19,Điểm thi THPT,2024,25.51,Triết học
148070,TCT,triet-hoc,D14,Điểm thi THPT,2024,25.51,Triết học
148071,TCT,triet-hoc,D15,Điểm thi THPT,2024,25.51,Triết học
148072,TCT,triet-hoc,C00,Điểm học bạ,2025,25.41,Triết học
148073,TCT,triet-hoc,C19,Điểm học bạ,2025,25.41,Triết học
148074,TCT,triet-hoc,D14,Điểm học bạ,2025,25.41,Triết học
148075,TCT,triet-hoc,D15,Điểm học bạ,2025,25.41,Triết học
148076,TCT,triet-hoc,C00,Điểm thi THPT,2025,25.41,Triết học
148077,TCT,triet-hoc,C19,Điểm thi THPT,2025,25.41,Triết học
148078,TCT,triet-hoc,D14,Điểm thi THPT,2025,25.41,Triết học
148079,TCT,triet-hoc,D15,Điểm thi THPT,2025,25.41,Triết học
148080,TCT,truyen-thong-da-phuong-tien,A00,Điểm học bạ,2022,28.5,Truyền thông đa phương tiện
148081,TCT,truyen-thong-da-phuong-tien,A01,Điểm học bạ,2022,28.5,Truyền thông đa phương tiện
148082,TCT,truyen-thong-da-phuong-tien,D01,Điểm học bạ,2022,28.5,Truyền thông đa phương tiện
148083,TCT,truyen-thong-da-phuong-tien,A00,Điểm thi THPT,2022,24.75,Truyền thông đa phương tiện
148084,TCT,truyen-thong-da-phuong-tien,A01,Điểm thi THPT,2022,24.75,Truyền thông đa phương tiện
148085,TCT,truyen-thong-da-phuong-tien,D01,Điểm thi THPT,2022,24.75,Truyền thông đa phương tiện
148086,TCT,truyen-thong-da-phuong-tien,A00,Điểm học bạ,2023,28.0,Truyền thông đa phương tiện
148087,TCT,truyen-thong-da-phuong-tien,A01,Điểm học bạ,2023,28.0,Truyền thông đa phương tiện
148088,TCT,truyen-thong-da-phuong-tien,D01,Điểm học bạ,2023,28.0,Truyền thông đa phương tiện
148089,TCT,truyen-thong-da-phuong-tien,A00,Điểm thi THPT,2023,24.8,Truyền thông đa phương tiện
148090,TCT,truyen-thong-da-phuong-tien,A01,Điểm thi THPT,2023,24.8,Truyền thông đa phương tiện
148091,TCT,truyen-thong-da-phuong-tien,D01,Điểm thi THPT,2023,24.8,Truyền thông đa phương tiện
148092,TCT,truyen-thong-da-phuong-tien,A00,Điểm học bạ,2024,28.3,Truyền thông đa phương tiện
148093,TCT,truyen-thong-da-phuong-tien,A01,Điểm học bạ,2024,28.3,Truyền thông đa phương tiện
148094,TCT,truyen-thong-da-phuong-tien,D01,Điểm học bạ,2024,28.3,Truyền thông đa phương tiện
148095,TCT,truyen-thong-da-phuong-tien,A00,Điểm thi THPT,2024,24.94,Truyền thông đa phương tiện
148096,TCT,truyen-thong-da-phuong-tien,A01,Điểm thi THPT,2024,24.94,Truyền thông đa phương tiện
148097,TCT,truyen-thong-da-phuong-tien,D01,Điểm thi THPT,2024,24.94,Truyền thông đa phương tiện
148098,TCT,truyen-thong-da-phuong-tien,A00,Điểm học bạ,2025,24.11,Truyền thông đa phương tiện
148099,TCT,truyen-thong-da-phuong-tien,A01,Điểm học bạ,2025,24.11,Truyền thông đa phương tiện
148100,TCT,truyen-thong-da-phuong-tien,D01,Điểm học bạ,2025,24.11,Truyền thông đa phương tiện
148101,TCT,truyen-thong-da-phuong-tien,X02,Điểm học bạ,2025,24.11,Truyền thông đa phương tiện
148102,TCT,truyen-thong-da-phuong-tien,A00,Điểm thi THPT,2025,24.11,Truyền thông đa phương tiện
148103,TCT,truyen-thong-da-phuong-tien,A01,Điểm thi THPT,2025,24.11,Truyền thông đa phương tiện
148104,TCT,truyen-thong-da-phuong-tien,D01,Điểm thi THPT,2025,24.11,Truyền thông đa phương tiện
148105,TCT,truyen-thong-da-phuong-tien,X02,Điểm thi THPT,2025,24.11,Truyền thông đa phương tiện
148106,TCT,van-hoc,C00,Điểm học bạ,2021,25.75,Văn học
148107,TCT,van-hoc,D14,Điểm học bạ,2021,25.75,Văn học
148108,TCT,van-hoc,D15,Điểm học bạ,2021,25.75,Văn học
148109,TCT,van-hoc,C00,Điểm thi THPT,2021,24.75,Văn học
148110,TCT,van-hoc,D01,Điểm thi THPT,2021,24.75,Văn học
148111,TCT,van-hoc,D14,Điểm thi THPT,2021,24.75,Văn học
148112,TCT,van-hoc,D15,Điểm thi THPT,2021,24.75,Văn học
148113,TCT,van-hoc,C00,Điểm học bạ,2022,26.75,Văn học
148114,TCT,van-hoc,D01,Điểm học bạ,2022,26.75,Văn học
148115,TCT,van-hoc,D14,Điểm học bạ,2022,26.75,Văn học
148116,TCT,van-hoc,D15,Điểm học bạ,2022,26.75,Văn học
148117,TCT,van-hoc,C00,Điểm thi THPT,2022,25.0,Văn học
148118,TCT,van-hoc,D01,Điểm thi THPT,2022,25.0,Văn học
148119,TCT,van-hoc,D14,Điểm thi THPT,2022,25.0,Văn học
148120,TCT,van-hoc,D15,Điểm thi THPT,2022,25.0,Văn học
148121,TCT,van-hoc,C00,Điểm học bạ,2023,26.75,Văn học
148122,TCT,van-hoc,D01,Điểm học bạ,2023,26.75,Văn học
148123,TCT,van-hoc,D14,Điểm học bạ,2023,26.75,Văn học
148124,TCT,van-hoc,D15,Điểm học bạ,2023,26.75,Văn học
148125,TCT,van-hoc,C00,Điểm thi THPT,2023,24.16,Văn học
148126,TCT,van-hoc,D01,Điểm thi THPT,2023,24.16,Văn học
148127,TCT,van-hoc,D14,Điểm thi THPT,2023,24.16,Văn học
148128,TCT,van-hoc,D15,Điểm thi THPT,2023,24.16,Văn học
148129,TCT,van-hoc,C00,Điểm học bạ,2024,27.1,Văn học
148130,TCT,van-hoc,D01,Điểm học bạ,2024,27.1,Văn học
148131,TCT,van-hoc,D14,Điểm học bạ,2024,27.1,Văn học
148132,TCT,van-hoc,D15,Điểm học bạ,2024,27.1,Văn học
148133,TCT,van-hoc,C00,Điểm thi THPT,2024,26.1,Văn học
148134,TCT,van-hoc,D01,Điểm thi THPT,2024,26.1,Văn học
148135,TCT,van-hoc,D14,Điểm thi THPT,2024,26.1,Văn học
148136,TCT,van-hoc,D15,Điểm thi THPT,2024,26.1,Văn học
148137,TCT,van-hoc,C00,Điểm học bạ,2025,26.5,Văn học
148138,TCT,van-hoc,D01,Điểm học bạ,2025,26.5,Văn học
148139,TCT,van-hoc,D14,Điểm học bạ,2025,26.5,Văn học
148140,TCT,van-hoc,D15,Điểm học bạ,2025,26.5,Văn học
148141,TCT,van-hoc,C00,Điểm thi THPT,2025,26.5,Văn học
148142,TCT,van-hoc,D01,Điểm thi THPT,2025,26.5,Văn học
148143,TCT,van-hoc,D14,Điểm thi THPT,2025,26.5,Văn học
148144,TCT,van-hoc,D15,Điểm thi THPT,2025,26.5,Văn học
148145,TCT,vat-ly-ky-thuat,A00,Điểm học bạ,2021,19.5,Vật lý kỹ thuật
148146,TCT,vat-ly-ky-thuat,A01,Điểm học bạ,2021,19.5,Vật lý kỹ thuật
148147,TCT,vat-ly-ky-thuat,A02,Điểm học bạ,2021,19.5,Vật lý kỹ thuật
148148,TCT,vat-ly-ky-thuat,A00,Điểm thi THPT,2021,18.25,Vật lý kỹ thuật
148149,TCT,vat-ly-ky-thuat,A01,Điểm thi THPT,2021,18.25,Vật lý kỹ thuật
148150,TCT,vat-ly-ky-thuat,A02,Điểm thi THPT,2021,18.25,Vật lý kỹ thuật
148151,TCT,vat-ly-ky-thuat,C01,Điểm thi THPT,2021,18.25,Vật lý kỹ thuật
148152,TCT,vat-ly-ky-thuat,A00,Điểm học bạ,2022,21.0,Vật lý kỹ thuật
148153,TCT,vat-ly-ky-thuat,A01,Điểm học bạ,2022,21.0,Vật lý kỹ thuật
148154,TCT,vat-ly-ky-thuat,A02,Điểm học bạ,2022,21.0,Vật lý kỹ thuật
148155,TCT,vat-ly-ky-thuat,C01,Điểm học bạ,2022,21.0,Vật lý kỹ thuật
148156,TCT,vat-ly-ky-thuat,A00,Điểm thi THPT,2022,23.5,Vật lý kỹ thuật
148157,TCT,vat-ly-ky-thuat,A01,Điểm thi THPT,2022,23.5,Vật lý kỹ thuật
148158,TCT,vat-ly-ky-thuat,A02,Điểm thi THPT,2022,23.5,Vật lý kỹ thuật
148159,TCT,vat-ly-ky-thuat,C01,Điểm thi THPT,2022,23.5,Vật lý kỹ thuật
148160,TCT,vat-ly-ky-thuat,A00,Điểm học bạ,2023,24.5,Vật lý kỹ thuật
148161,TCT,vat-ly-ky-thuat,A01,Điểm học bạ,2023,24.5,Vật lý kỹ thuật
148162,TCT,vat-ly-ky-thuat,A02,Điểm học bạ,2023,24.5,Vật lý kỹ thuật
148163,TCT,vat-ly-ky-thuat,C01,Điểm học bạ,2023,24.5,Vật lý kỹ thuật
148164,TCT,vat-ly-ky-thuat,A00,Điểm thi THPT,2023,18.0,Vật lý kỹ thuật
148165,TCT,vat-ly-ky-thuat,A01,Điểm thi THPT,2023,18.0,Vật lý kỹ thuật
148166,TCT,vat-ly-ky-thuat,A02,Điểm thi THPT,2023,18.0,Vật lý kỹ thuật
148167,TCT,vat-ly-ky-thuat,C01,Điểm thi THPT,2023,18.0,Vật lý kỹ thuật
148168,TCT,vat-ly-ky-thuat,A00,Điểm học bạ,2024,18.0,Vật lý kỹ thuật
148169,TCT,vat-ly-ky-thuat,A01,Điểm học bạ,2024,18.0,Vật lý kỹ thuật
148170,TCT,vat-ly-ky-thuat,A02,Điểm học bạ,2024,18.0,Vật lý kỹ thuật
148171,TCT,vat-ly-ky-thuat,C01,Điểm học bạ,2024,18.0,Vật lý kỹ thuật
148172,TCT,vat-ly-ky-thuat,A00,Điểm thi THPT,2024,21.0,Vật lý Kỹ thuật
148173,TCT,vat-ly-ky-thuat,A01,Điểm thi THPT,2024,21.0,Vật lý Kỹ thuật
148174,TCT,vat-ly-ky-thuat,A02,Điểm thi THPT,2024,21.0,Vật lý Kỹ thuật
148175,TCT,vat-ly-ky-thuat,C01,Điểm thi THPT,2024,21.0,Vật lý Kỹ thuật
148176,TCT,vat-ly-ky-thuat,A00,Điểm học bạ,2025,21.55,Vật lý kỹ thuật
148177,TCT,vat-ly-ky-thuat,A01,Điểm học bạ,2025,21.55,Vật lý kỹ thuật
148178,TCT,vat-ly-ky-thuat,A02,Điểm học bạ,2025,21.55,Vật lý kỹ thuật
148179,TCT,vat-ly-ky-thuat,C01,Điểm học bạ,2025,21.55,Vật lý kỹ thuật
148180,TCT,vat-ly-ky-thuat,A00,Điểm thi THPT,2025,21.55,Vật lý kỹ thuật
148181,TCT,vat-ly-ky-thuat,A01,Điểm thi THPT,2025,21.55,Vật lý kỹ thuật
148182,TCT,vat-ly-ky-thuat,A02,Điểm thi THPT,2025,21.55,Vật lý kỹ thuật
148183,TCT,vat-ly-ky-thuat,C01,Điểm thi THPT,2025,21.55,Vật lý kỹ thuật
148184,TCT,viet-nam-hoc,C00,Điểm học bạ,2021,27.25,Việt Nam học
148185,TCT,viet-nam-hoc,D01,Điểm học bạ,2021,27.25,Việt Nam học
148186,TCT,viet-nam-hoc,D14,Điểm học bạ,2021,27.25,Việt Nam học
148187,TCT,viet-nam-hoc,D15,Điểm học bạ,2021,27.25,Việt Nam học
148188,TCT,viet-nam-hoc,C00,Điểm thi THPT,2021,25.5,Việt Nam học
148189,TCT,viet-nam-hoc,D01,Điểm thi THPT,2021,25.5,Việt Nam học
148190,TCT,viet-nam-hoc,D14,Điểm thi THPT,2021,25.5,Việt Nam học
148191,TCT,viet-nam-hoc,D15,Điểm thi THPT,2021,25.5,Việt Nam học
148192,TCT,xa-hoi-hoc,A01,Điểm học bạ,2021,26.25,Xã hội học
148193,TCT,xa-hoi-hoc,C00,Điểm học bạ,2021,26.25,Xã hội học
148194,TCT,xa-hoi-hoc,C19,Điểm học bạ,2021,26.25,Xã hội học
148195,TCT,xa-hoi-hoc,D01,Điểm học bạ,2021,26.25,Xã hội học
148196,TCT,xa-hoi-hoc,A01,Điểm thi THPT,2021,25.75,Xã hội học
148197,TCT,xa-hoi-hoc,C00,Điểm thi THPT,2021,25.75,Xã hội học
148198,TCT,xa-hoi-hoc,C19,Điểm thi THPT,2021,25.75,Xã hội học
148199,TCT,xa-hoi-hoc,D01,Điểm thi THPT,2021,25.75,Xã hội học
148200,TCT,xa-hoi-hoc,A01,Điểm học bạ,2022,26.5,Xã hội học
148201,TCT,xa-hoi-hoc,C00,Điểm học bạ,2022,26.5,Xã hội học
148202,TCT,xa-hoi-hoc,C19,Điểm học bạ,2022,26.5,Xã hội học
148203,TCT,xa-hoi-hoc,D01,Điểm học bạ,2022,26.5,Xã hội học
148204,TCT,xa-hoi-hoc,A01,Điểm thi THPT,2022,25.75,Xã hội học
148205,TCT,xa-hoi-hoc,C00,Điểm thi THPT,2022,25.75,Xã hội học
148206,TCT,xa-hoi-hoc,C19,Điểm thi THPT,2022,25.75,Xã hội học
148207,TCT,xa-hoi-hoc,D01,Điểm thi THPT,2022,25.75,Xã hội học
148208,TCT,xa-hoi-hoc,A01,Điểm học bạ,2023,26.75,Xã hội học
148209,TCT,xa-hoi-hoc,C00,Điểm học bạ,2023,26.75,Xã hội học
148210,TCT,xa-hoi-hoc,C19,Điểm học bạ,2023,26.75,Xã hội học
148211,TCT,xa-hoi-hoc,D01,Điểm học bạ,2023,26.75,Xã hội học
148212,TCT,xa-hoi-hoc,A01,Điểm thi THPT,2023,26.1,Xã hội học
148213,TCT,xa-hoi-hoc,C00,Điểm thi THPT,2023,26.1,Xã hội học
148214,TCT,xa-hoi-hoc,C19,Điểm thi THPT,2023,26.1,Xã hội học
148215,TCT,xa-hoi-hoc,D01,Điểm thi THPT,2023,26.1,Xã hội học
148216,TCT,xa-hoi-hoc,A01,Điểm học bạ,2024,27.3,Xã hội học
148217,TCT,xa-hoi-hoc,C00,Điểm học bạ,2024,27.3,Xã hội học
148218,TCT,xa-hoi-hoc,C19,Điểm học bạ,2024,27.3,Xã hội học
148219,TCT,xa-hoi-hoc,D01,Điểm học bạ,2024,27.3,Xã hội học
148220,TCT,xa-hoi-hoc,A01,Điểm thi THPT,2024,26.19,Xã hội học
148221,TCT,xa-hoi-hoc,C00,Điểm thi THPT,2024,26.19,Xã hội học
148222,TCT,xa-hoi-hoc,C19,Điểm thi THPT,2024,26.19,Xã hội học
148223,TCT,xa-hoi-hoc,D01,Điểm thi THPT,2024,26.19,Xã hội học
148224,TCT,xa-hoi-hoc,A01,Điểm học bạ,2025,26.12,Xã hội học
148225,TCT,xa-hoi-hoc,C00,Điểm học bạ,2025,26.12,Xã hội học
148226,TCT,xa-hoi-hoc,C19,Điểm học bạ,2025,26.12,Xã hội học
148227,TCT,xa-hoi-hoc,D01,Điểm học bạ,2025,26.12,Xã hội học
148228,TCT,xa-hoi-hoc,A01,Điểm thi THPT,2025,26.12,Xã hội học
148229,TCT,xa-hoi-hoc,C00,Điểm thi THPT,2025,26.12,Xã hội học
148230,TCT,xa-hoi-hoc,C19,Điểm thi THPT,2025,26.12,Xã hội học
148231,TCT,xa-hoi-hoc,D01,Điểm thi THPT,2025,26.12,Xã hội học
148232,TCU,cong-nghe-thong-tin,A00,Điểm thi THPT,2025,20.85,Công nghệ thông tin
148233,TCU,cong-nghe-thong-tin,A01,Điểm thi THPT,2025,20.85,Công nghệ thông tin
148234,TCU,cong-nghe-thong-tin,C01,Điểm thi THPT,2025,20.85,Công nghệ thông tin
148235,TCU,cong-nghe-thong-tin,D01,Điểm thi THPT,2025,20.85,Công nghệ thông tin
148236,TCU,ky-thuat-dien-tu-vien-thong,A00,Điểm thi THPT,2025,19.5,Kỹ thuật Điện tử - Viễn thông
148237,TCU,ky-thuat-dien-tu-vien-thong,A01,Điểm thi THPT,2025,19.5,Kỹ thuật Điện tử - Viễn thông
148238,TCU,ky-thuat-dien-tu-vien-thong,C01,Điểm thi THPT,2025,19.5,Kỹ thuật Điện tử - Viễn thông
148239,TCU,ky-thuat-dien-tu-vien-thong,D01,Điểm thi THPT,2025,19.5,Kỹ thuật Điện tử - Viễn thông
148240,TDB,giao-duc-the-chat,M08,Điểm học bạ,2022,18.0,Giáo dục thể chất
148241,TDB,giao-duc-the-chat,T00,Điểm học bạ,2022,18.0,Giáo dục thể chất
148242,TDB,giao-duc-the-chat,T01,Điểm học bạ,2022,18.0,Giáo dục thể chất
148243,TDB,giao-duc-the-chat,T05,Điểm học bạ,2022,18.0,Giáo dục thể chất
148244,TDB,giao-duc-the-chat,M08,Điểm thi THPT,2022,18.0,Giáo dục thể chất
148245,TDB,giao-duc-the-chat,T00,Điểm thi THPT,2022,18.0,Giáo dục thể chất
148246,TDB,giao-duc-the-chat,T01,Điểm thi THPT,2022,18.0,Giáo dục thể chất
148247,TDB,giao-duc-the-chat,T05,Điểm thi THPT,2022,18.0,Giáo dục thể chất
148248,TDB,giao-duc-the-chat,T00,Điểm học bạ,2025,27.39,Giáo dục thể chất
148249,TDB,giao-duc-the-chat,T01,Điểm học bạ,2025,27.39,Giáo dục thể chất
148250,TDB,giao-duc-the-chat,T02,Điểm học bạ,2025,27.39,Giáo dục thể chất
148251,TDB,giao-duc-the-chat,T05,Điểm học bạ,2025,27.39,Giáo dục thể chất
148252,TDB,giao-duc-the-chat,T06,Điểm học bạ,2025,27.39,Giáo dục thể chất
148253,TDB,giao-duc-the-chat,T00,Điểm thi THPT,2025,27.39,Giáo dục thể chất
148254,TDB,giao-duc-the-chat,T01,Điểm thi THPT,2025,27.39,Giáo dục thể chất
148255,TDB,giao-duc-the-chat,T02,Điểm thi THPT,2025,27.39,Giáo dục thể chất
148256,TDB,giao-duc-the-chat,T05,Điểm thi THPT,2025,27.39,Giáo dục thể chất
148257,TDB,giao-duc-the-chat,T06,Điểm thi THPT,2025,27.39,Giáo dục thể chất
148258,TDB,huan-luyen-the-thao,M08,Điểm học bạ,2022,15.0,Huấn luyện thể thao
148259,TDB,huan-luyen-the-thao,T00,Điểm học bạ,2022,15.0,Huấn luyện thể thao
148260,TDB,huan-luyen-the-thao,T01,Điểm học bạ,2022,15.0,Huấn luyện thể thao
148261,TDB,huan-luyen-the-thao,T05,Điểm học bạ,2022,15.0,Huấn luyện thể thao
148262,TDB,huan-luyen-the-thao,M08,Điểm thi THPT,2022,15.0,Huấn luyện thể thao
148263,TDB,huan-luyen-the-thao,T00,Điểm thi THPT,2022,15.0,Huấn luyện thể thao
148264,TDB,huan-luyen-the-thao,T01,Điểm thi THPT,2022,15.0,Huấn luyện thể thao
148265,TDB,huan-luyen-the-thao,T05,Điểm thi THPT,2022,15.0,Huấn luyện thể thao
148266,TDB,huan-luyen-the-thao,T00,Điểm thi THPT,2023,18.7,Huấn luyện thể thao
148267,TDB,huan-luyen-the-thao,T01,Điểm thi THPT,2023,18.7,Huấn luyện thể thao
148268,TDB,huan-luyen-the-thao,T02,Điểm thi THPT,2023,18.7,Huấn luyện thể thao
148269,TDB,huan-luyen-the-thao,T05,Điểm thi THPT,2023,18.7,Huấn luyện thể thao
148270,TDB,huan-luyen-the-thao,T00,Điểm thi THPT,2024,18.35,Huấn luyện thể thao
148271,TDB,huan-luyen-the-thao,T01,Điểm thi THPT,2024,18.35,Huấn luyện thể thao
148272,TDB,huan-luyen-the-thao,T02,Điểm thi THPT,2024,18.35,Huấn luyện thể thao
148273,TDB,huan-luyen-the-thao,T05,Điểm thi THPT,2024,18.35,Huấn luyện thể thao
148274,TDB,huan-luyen-the-thao,T00,Điểm học bạ,2025,18.0,Huấn luyện thể thao
148275,TDB,huan-luyen-the-thao,T01,Điểm học bạ,2025,18.0,Huấn luyện thể thao
148276,TDB,huan-luyen-the-thao,T02,Điểm học bạ,2025,18.0,Huấn luyện thể thao
148277,TDB,huan-luyen-the-thao,T05,Điểm học bạ,2025,18.0,Huấn luyện thể thao
148278,TDB,huan-luyen-the-thao,T06,Điểm học bạ,2025,18.0,Huấn luyện thể thao
148279,TDB,huan-luyen-the-thao,T00,Điểm thi THPT,2025,18.0,Huấn luyện thể thao
148280,TDB,huan-luyen-the-thao,T01,Điểm thi THPT,2025,18.0,Huấn luyện thể thao
148281,TDB,huan-luyen-the-thao,T02,Điểm thi THPT,2025,18.0,Huấn luyện thể thao
148282,TDB,huan-luyen-the-thao,T05,Điểm thi THPT,2025,18.0,Huấn luyện thể thao
148283,TDB,huan-luyen-the-thao,T06,Điểm thi THPT,2025,18.0,Huấn luyện thể thao
148284,TDB,quan-ly-tdtt,M08,Điểm học bạ,2022,15.0,Quản lý TDTT
148285,TDB,quan-ly-tdtt,T00,Điểm học bạ,2022,15.0,Quản lý TDTT
148286,TDB,quan-ly-tdtt,T01,Điểm học bạ,2022,15.0,Quản lý TDTT
148287,TDB,quan-ly-tdtt,T05,Điểm học bạ,2022,15.0,Quản lý TDTT
148288,TDB,quan-ly-tdtt,M08,Điểm thi THPT,2022,15.0,Quản lý TDTT
148289,TDB,quan-ly-tdtt,T00,Điểm thi THPT,2022,15.0,Quản lý TDTT
148290,TDB,quan-ly-tdtt,T01,Điểm thi THPT,2022,15.0,Quản lý TDTT
148291,TDB,quan-ly-tdtt,T05,Điểm thi THPT,2022,15.0,Quản lý TDTT
148292,TDB,quan-ly-tdtt,T00,Điểm thi THPT,2023,18.7,Quản lý TDTT
148293,TDB,quan-ly-tdtt,T01,Điểm thi THPT,2023,18.7,Quản lý TDTT
148294,TDB,quan-ly-tdtt,T02,Điểm thi THPT,2023,18.7,Quản lý TDTT
148295,TDB,quan-ly-tdtt,T05,Điểm thi THPT,2023,18.7,Quản lý TDTT
148296,TDB,quan-ly-tdtt,T00,Điểm thi THPT,2024,18.35,Quản lý TDTT
148297,TDB,quan-ly-tdtt,T01,Điểm thi THPT,2024,18.35,Quản lý TDTT
148298,TDB,quan-ly-tdtt,T02,Điểm thi THPT,2024,18.35,Quản lý TDTT
148299,TDB,quan-ly-tdtt,T05,Điểm thi THPT,2024,18.35,Quản lý TDTT
148300,TDB,quan-ly-tdtt,T00,Điểm học bạ,2025,24.5,Quản lý TDTT
148301,TDB,quan-ly-tdtt,T01,Điểm học bạ,2025,24.5,Quản lý TDTT
148302,TDB,quan-ly-tdtt,T02,Điểm học bạ,2025,24.5,Quản lý TDTT
148303,TDB,quan-ly-tdtt,T05,Điểm học bạ,2025,24.5,Quản lý TDTT
148304,TDB,quan-ly-tdtt,T06,Điểm học bạ,2025,24.5,Quản lý TDTT
148305,TDB,quan-ly-tdtt,T00,Điểm thi THPT,2025,24.5,Quản lý TDTT
148306,TDB,quan-ly-tdtt,T01,Điểm thi THPT,2025,24.5,Quản lý TDTT
148307,TDB,quan-ly-tdtt,T02,Điểm thi THPT,2025,24.5,Quản lý TDTT
148308,TDB,quan-ly-tdtt,T05,Điểm thi THPT,2025,24.5,Quản lý TDTT
148309,TDB,quan-ly-tdtt,T06,Điểm thi THPT,2025,24.5,Quản lý TDTT
148310,TDB,y-sinh-hoc-tdtt,M08,Điểm học bạ,2022,15.0,Y sinh học TDTT
148311,TDB,y-sinh-hoc-tdtt,T00,Điểm học bạ,2022,15.0,Y sinh học TDTT
148312,TDB,y-sinh-hoc-tdtt,T01,Điểm học bạ,2022,15.0,Y sinh học TDTT
148313,TDB,y-sinh-hoc-tdtt,T05,Điểm học bạ,2022,15.0,Y sinh học TDTT
148314,TDB,y-sinh-hoc-tdtt,M08,Điểm thi THPT,2022,15.0,Y sinh học TDTT
148315,TDB,y-sinh-hoc-tdtt,T00,Điểm thi THPT,2022,15.0,Y sinh học TDTT
148316,TDB,y-sinh-hoc-tdtt,T01,Điểm thi THPT,2022,15.0,Y sinh học TDTT
148317,TDB,y-sinh-hoc-tdtt,T05,Điểm thi THPT,2022,15.0,Y sinh học TDTT
148318,TDB,y-sinh-hoc-tdtt,T00,Điểm thi THPT,2023,18.7,Y sinh học TDTT
148319,TDB,y-sinh-hoc-tdtt,T01,Điểm thi THPT,2023,18.7,Y sinh học TDTT
148320,TDB,y-sinh-hoc-tdtt,T02,Điểm thi THPT,2023,18.7,Y sinh học TDTT
148321,TDB,y-sinh-hoc-tdtt,T05,Điểm thi THPT,2023,18.7,Y sinh học TDTT
148322,TDB,y-sinh-hoc-tdtt,T00,Điểm thi THPT,2024,18.35,Y sinh học TDTT
148323,TDB,y-sinh-hoc-tdtt,T01,Điểm thi THPT,2024,18.35,Y sinh học TDTT
148324,TDB,y-sinh-hoc-tdtt,T02,Điểm thi THPT,2024,18.35,Y sinh học TDTT
148325,TDB,y-sinh-hoc-tdtt,T05,Điểm thi THPT,2024,18.35,Y sinh học TDTT
148326,TDB,y-sinh-hoc-tdtt,T00,Điểm học bạ,2025,18.0,Y sinh học TDTT
148327,TDB,y-sinh-hoc-tdtt,T01,Điểm học bạ,2025,18.0,Y sinh học TDTT
148328,TDB,y-sinh-hoc-tdtt,T02,Điểm học bạ,2025,18.0,Y sinh học TDTT
148329,TDB,y-sinh-hoc-tdtt,T05,Điểm học bạ,2025,18.0,Y sinh học TDTT
148330,TDB,y-sinh-hoc-tdtt,T06,Điểm học bạ,2025,18.0,Y sinh học TDTT
148331,TDB,y-sinh-hoc-tdtt,T00,Điểm thi THPT,2025,18.0,Y sinh học TDTT
148332,TDB,y-sinh-hoc-tdtt,T01,Điểm thi THPT,2025,18.0,Y sinh học TDTT
148333,TDB,y-sinh-hoc-tdtt,T02,Điểm thi THPT,2025,18.0,Y sinh học TDTT
148334,TDB,y-sinh-hoc-tdtt,T05,Điểm thi THPT,2025,18.0,Y sinh học TDTT
148335,TDB,y-sinh-hoc-tdtt,T06,Điểm thi THPT,2025,18.0,Y sinh học TDTT
148336,TDD,cong-nghe-dien-dien-tu,A00,Điểm học bạ,2023,18.0,"Công nghệ Điện, Điện tử"
148337,TDD,cong-nghe-dien-dien-tu,A01,Điểm học bạ,2023,18.0,"Công nghệ Điện, Điện tử"
148338,TDD,cong-nghe-dien-dien-tu,B00,Điểm học bạ,2023,18.0,"Công nghệ Điện, Điện tử"
148339,TDD,cong-nghe-dien-dien-tu,D01,Điểm học bạ,2023,18.0,"Công nghệ Điện, Điện tử"
148340,TDD,cong-nghe-dien-dien-tu,A00,Điểm thi THPT,2023,16.5,"Công nghệ Điện, Điện tử"
148341,TDD,cong-nghe-dien-dien-tu,A01,Điểm thi THPT,2023,16.5,"Công nghệ Điện, Điện tử"
148342,TDD,cong-nghe-dien-dien-tu,B00,Điểm thi THPT,2023,16.5,"Công nghệ Điện, Điện tử"
148343,TDD,cong-nghe-dien-dien-tu,D01,Điểm thi THPT,2023,16.5,"Công nghệ Điện, Điện tử"
148344,TDD,cong-nghe-ky-thuat-dien-dien-tu,A00,Điểm học bạ,2021,18.0,"Công nghệ kỹ thuật Điện, Điện tử: Định hướng điện tự động hoá; Định hướng kỹ thuật điện, điện tử"
148345,TDD,cong-nghe-ky-thuat-dien-dien-tu,A01,Điểm học bạ,2021,18.0,"Công nghệ kỹ thuật Điện, Điện tử: Định hướng điện tự động hoá; Định hướng kỹ thuật điện, điện tử"
148346,TDD,cong-nghe-ky-thuat-dien-dien-tu,D07,Điểm học bạ,2021,18.0,"Công nghệ kỹ thuật Điện, Điện tử: Định hướng điện tự động hoá; Định hướng kỹ thuật điện, điện tử"
148347,TDD,cong-nghe-ky-thuat-dien-dien-tu,D90,Điểm học bạ,2021,18.0,"Công nghệ kỹ thuật Điện, Điện tử: Định hướng điện tự động hoá; Định hướng kỹ thuật điện, điện tử"
148348,TDD,cong-nghe-ky-thuat-dien-dien-tu,A00,Điểm thi THPT,2021,15.0,"Công nghệ kỹ thuật Điện, Điện tử: Định hướng điện tự động hoá; Định hướng kỹ thuật điện, điện tử"
148349,TDD,cong-nghe-ky-thuat-dien-dien-tu,A01,Điểm thi THPT,2021,15.0,"Công nghệ kỹ thuật Điện, Điện tử: Định hướng điện tự động hoá; Định hướng kỹ thuật điện, điện tử"
148350,TDD,cong-nghe-ky-thuat-dien-dien-tu,D07,Điểm thi THPT,2021,15.0,"Công nghệ kỹ thuật Điện, Điện tử: Định hướng điện tự động hoá; Định hướng kỹ thuật điện, điện tử"
148351,TDD,cong-nghe-ky-thuat-dien-dien-tu,D90,Điểm thi THPT,2021,15.0,"Công nghệ kỹ thuật Điện, Điện tử: Định hướng điện tự động hoá; Định hướng kỹ thuật điện, điện tử"
148352,TDD,cong-nghe-ky-thuat-dien-dien-tu,A00,Điểm thi THPT,2022,15.0,Công nghệ kỹ thuật Điện - Điện tử
148353,TDD,cong-nghe-ky-thuat-dien-dien-tu,A01,Điểm thi THPT,2022,15.0,Công nghệ kỹ thuật Điện - Điện tử
148354,TDD,cong-nghe-ky-thuat-dien-dien-tu,B00,Điểm thi THPT,2022,15.0,Công nghệ kỹ thuật Điện - Điện tử
148355,TDD,cong-nghe-ky-thuat-dien-dien-tu,D01,Điểm thi THPT,2022,15.0,Công nghệ kỹ thuật Điện - Điện tử
148356,TDD,cong-nghe-ky-thuat-dien-dien-tu,A00,Điểm thi THPT,2024,16.5,Công nghệ kỹ thuật điện - điện tử
148357,TDD,cong-nghe-ky-thuat-dien-dien-tu,A01,Điểm thi THPT,2024,16.5,Công nghệ kỹ thuật điện - điện tử
148358,TDD,cong-nghe-ky-thuat-dien-dien-tu,B00,Điểm thi THPT,2024,16.5,Công nghệ kỹ thuật điện - điện tử
148359,TDD,cong-nghe-ky-thuat-dien-dien-tu,D01,Điểm thi THPT,2024,16.5,Công nghệ kỹ thuật điện - điện tử
148360,TDD,cong-nghe-ky-thuat-dien-dien-tu,A00,Điểm học bạ,2025,18.0,"Công nghệ kỹ thuật Điện, Điện tử"
148361,TDD,cong-nghe-ky-thuat-dien-dien-tu,A01,Điểm học bạ,2025,18.0,"Công nghệ kỹ thuật Điện, Điện tử"
148362,TDD,cong-nghe-ky-thuat-dien-dien-tu,C03,Điểm học bạ,2025,18.0,"Công nghệ kỹ thuật Điện, Điện tử"
148363,TDD,cong-nghe-ky-thuat-dien-dien-tu,D01,Điểm học bạ,2025,18.0,"Công nghệ kỹ thuật Điện, Điện tử"
148364,TDD,cong-nghe-ky-thuat-dien-dien-tu,D07,Điểm học bạ,2025,18.0,"Công nghệ kỹ thuật Điện, Điện tử"
148365,TDD,cong-nghe-ky-thuat-dien-dien-tu,A00,Điểm thi THPT,2025,16.0,"Công nghệ kỹ thuật Điện, Điện tử"
148366,TDD,cong-nghe-ky-thuat-dien-dien-tu,A01,Điểm thi THPT,2025,16.0,"Công nghệ kỹ thuật Điện, Điện tử"
148367,TDD,cong-nghe-ky-thuat-dien-dien-tu,C03,Điểm thi THPT,2025,16.0,"Công nghệ kỹ thuật Điện, Điện tử"
148368,TDD,cong-nghe-ky-thuat-dien-dien-tu,D01,Điểm thi THPT,2025,16.0,"Công nghệ kỹ thuật Điện, Điện tử"
148369,TDD,cong-nghe-ky-thuat-dien-dien-tu,D07,Điểm thi THPT,2025,16.0,"Công nghệ kỹ thuật Điện, Điện tử"
148370,TDD,cong-nghe-ky-thuat-o-to,A00,Điểm học bạ,2021,18.0,Công nghệ kỹ thuật Ô tô: Định hướng kỹ thuật viên Ô tô; Định hướng kỹ thuật điện và điều khiển tự động hoá trên Ô tô; Định hướng kỹ thuật Ô tô sử dụng năng lượng mới
148371,TDD,cong-nghe-ky-thuat-o-to,A01,Điểm học bạ,2021,18.0,Công nghệ kỹ thuật Ô tô: Định hướng kỹ thuật viên Ô tô; Định hướng kỹ thuật điện và điều khiển tự động hoá trên Ô tô; Định hướng kỹ thuật Ô tô sử dụng năng lượng mới
148372,TDD,cong-nghe-ky-thuat-o-to,D07,Điểm học bạ,2021,18.0,Công nghệ kỹ thuật Ô tô: Định hướng kỹ thuật viên Ô tô; Định hướng kỹ thuật điện và điều khiển tự động hoá trên Ô tô; Định hướng kỹ thuật Ô tô sử dụng năng lượng mới
148373,TDD,cong-nghe-ky-thuat-o-to,D90,Điểm học bạ,2021,18.0,Công nghệ kỹ thuật Ô tô: Định hướng kỹ thuật viên Ô tô; Định hướng kỹ thuật điện và điều khiển tự động hoá trên Ô tô; Định hướng kỹ thuật Ô tô sử dụng năng lượng mới
148374,TDD,cong-nghe-ky-thuat-o-to,A00,Điểm thi THPT,2021,15.0,Công nghệ kỹ thuật Ô tô: Định hướng kỹ thuật viên Ô tô; Định hướng kỹ thuật điện và điều khiển tự động hoá trên Ô tô; Định hướng kỹ thuật Ô tô sử dụng năng lượng mới
148375,TDD,cong-nghe-ky-thuat-o-to,A01,Điểm thi THPT,2021,15.0,Công nghệ kỹ thuật Ô tô: Định hướng kỹ thuật viên Ô tô; Định hướng kỹ thuật điện và điều khiển tự động hoá trên Ô tô; Định hướng kỹ thuật Ô tô sử dụng năng lượng mới
148376,TDD,cong-nghe-ky-thuat-o-to,D07,Điểm thi THPT,2021,15.0,Công nghệ kỹ thuật Ô tô: Định hướng kỹ thuật viên Ô tô; Định hướng kỹ thuật điện và điều khiển tự động hoá trên Ô tô; Định hướng kỹ thuật Ô tô sử dụng năng lượng mới
148377,TDD,cong-nghe-ky-thuat-o-to,D90,Điểm thi THPT,2021,15.0,Công nghệ kỹ thuật Ô tô: Định hướng kỹ thuật viên Ô tô; Định hướng kỹ thuật điện và điều khiển tự động hoá trên Ô tô; Định hướng kỹ thuật Ô tô sử dụng năng lượng mới
148378,TDD,cong-nghe-ky-thuat-o-to,A00,Điểm thi THPT,2022,15.0,Công nghệ kỹ thuật ô tô
148379,TDD,cong-nghe-ky-thuat-o-to,A01,Điểm thi THPT,2022,15.0,Công nghệ kỹ thuật ô tô
148380,TDD,cong-nghe-ky-thuat-o-to,B00,Điểm thi THPT,2022,15.0,Công nghệ kỹ thuật ô tô
148381,TDD,cong-nghe-ky-thuat-o-to,D01,Điểm thi THPT,2022,15.0,Công nghệ kỹ thuật ô tô
148382,TDD,cong-nghe-ky-thuat-o-to,A00,Điểm học bạ,2023,18.0,Công nghệ Kỹ thuật Ô tô
148383,TDD,cong-nghe-ky-thuat-o-to,A01,Điểm học bạ,2023,18.0,Công nghệ Kỹ thuật Ô tô
148384,TDD,cong-nghe-ky-thuat-o-to,B00,Điểm học bạ,2023,18.0,Công nghệ Kỹ thuật Ô tô
148385,TDD,cong-nghe-ky-thuat-o-to,D01,Điểm học bạ,2023,18.0,Công nghệ Kỹ thuật Ô tô
148386,TDD,cong-nghe-ky-thuat-o-to,A00,Điểm thi THPT,2023,16.5,Công nghệ Kỹ thuật Ô tô
148387,TDD,cong-nghe-ky-thuat-o-to,A01,Điểm thi THPT,2023,16.5,Công nghệ Kỹ thuật Ô tô
148388,TDD,cong-nghe-ky-thuat-o-to,B00,Điểm thi THPT,2023,16.5,Công nghệ Kỹ thuật Ô tô
148389,TDD,cong-nghe-ky-thuat-o-to,D01,Điểm thi THPT,2023,16.5,Công nghệ Kỹ thuật Ô tô
148390,TDD,cong-nghe-ky-thuat-o-to,A00,Điểm thi THPT,2024,17.0,Công nghệ kỹ thuật ô tô
148391,TDD,cong-nghe-ky-thuat-o-to,A01,Điểm thi THPT,2024,17.0,Công nghệ kỹ thuật ô tô
148392,TDD,cong-nghe-ky-thuat-o-to,B00,Điểm thi THPT,2024,17.0,Công nghệ kỹ thuật ô tô
148393,TDD,cong-nghe-ky-thuat-o-to,D01,Điểm thi THPT,2024,17.0,Công nghệ kỹ thuật ô tô
148394,TDD,cong-nghe-ky-thuat-o-to,A00,Điểm học bạ,2025,18.0,Công nghệ kỹ thuật Ô tô
148395,TDD,cong-nghe-ky-thuat-o-to,A01,Điểm học bạ,2025,18.0,Công nghệ kỹ thuật Ô tô
148396,TDD,cong-nghe-ky-thuat-o-to,C03,Điểm học bạ,2025,18.0,Công nghệ kỹ thuật Ô tô
148397,TDD,cong-nghe-ky-thuat-o-to,D01,Điểm học bạ,2025,18.0,Công nghệ kỹ thuật Ô tô
148398,TDD,cong-nghe-ky-thuat-o-to,D07,Điểm học bạ,2025,18.0,Công nghệ kỹ thuật Ô tô
148399,TDD,cong-nghe-ky-thuat-o-to,A00,Điểm thi THPT,2025,16.0,Công nghệ kỹ thuật Ô tô
148400,TDD,cong-nghe-ky-thuat-o-to,A01,Điểm thi THPT,2025,16.0,Công nghệ kỹ thuật Ô tô
148401,TDD,cong-nghe-ky-thuat-o-to,C03,Điểm thi THPT,2025,16.0,Công nghệ kỹ thuật Ô tô
148402,TDD,cong-nghe-ky-thuat-o-to,D01,Điểm thi THPT,2025,16.0,Công nghệ kỹ thuật Ô tô
148403,TDD,cong-nghe-ky-thuat-o-to,D07,Điểm thi THPT,2025,16.0,Công nghệ kỹ thuật Ô tô
148404,TDD,cong-nghe-thong-tin,A00,Điểm học bạ,2021,18.0,Công nghệ thông tin: Định hướng công nghệ phần mềm; Định hướng hệ thống thông tin; Định hướng mạng máy tính và truyền thông; Định hướng phát triển web và lập trình mobile
148405,TDD,cong-nghe-thong-tin,A01,Điểm học bạ,2021,18.0,Công nghệ thông tin: Định hướng công nghệ phần mềm; Định hướng hệ thống thông tin; Định hướng mạng máy tính và truyền thông; Định hướng phát triển web và lập trình mobile
148406,TDD,cong-nghe-thong-tin,D07,Điểm học bạ,2021,18.0,Công nghệ thông tin: Định hướng công nghệ phần mềm; Định hướng hệ thống thông tin; Định hướng mạng máy tính và truyền thông; Định hướng phát triển web và lập trình mobile
148407,TDD,cong-nghe-thong-tin,D90,Điểm học bạ,2021,18.0,Công nghệ thông tin: Định hướng công nghệ phần mềm; Định hướng hệ thống thông tin; Định hướng mạng máy tính và truyền thông; Định hướng phát triển web và lập trình mobile
148408,TDD,cong-nghe-thong-tin,A00,Điểm thi THPT,2021,15.0,Công nghệ thông tin: Định hướng công nghệ phần mềm; Định hướng hệ thống thông tin; Định hướng mạng máy tính và truyền thông; Định hướng phát triển web và lập trình mobile
148409,TDD,cong-nghe-thong-tin,A01,Điểm thi THPT,2021,15.0,Công nghệ thông tin: Định hướng công nghệ phần mềm; Định hướng hệ thống thông tin; Định hướng mạng máy tính và truyền thông; Định hướng phát triển web và lập trình mobile
148410,TDD,cong-nghe-thong-tin,D07,Điểm thi THPT,2021,15.0,Công nghệ thông tin: Định hướng công nghệ phần mềm; Định hướng hệ thống thông tin; Định hướng mạng máy tính và truyền thông; Định hướng phát triển web và lập trình mobile
148411,TDD,cong-nghe-thong-tin,D90,Điểm thi THPT,2021,15.0,Công nghệ thông tin: Định hướng công nghệ phần mềm; Định hướng hệ thống thông tin; Định hướng mạng máy tính và truyền thông; Định hướng phát triển web và lập trình mobile
148412,TDD,cong-nghe-thong-tin,A00,Điểm thi THPT,2022,15.0,Công nghệ thông tin
148413,TDD,cong-nghe-thong-tin,A01,Điểm thi THPT,2022,15.0,Công nghệ thông tin
148414,TDD,cong-nghe-thong-tin,B00,Điểm thi THPT,2022,15.0,Công nghệ thông tin
148415,TDD,cong-nghe-thong-tin,D01,Điểm thi THPT,2022,15.0,Công nghệ thông tin
148416,TDD,cong-nghe-thong-tin,A00,Điểm học bạ,2023,18.0,Công nghệ thông tin
148417,TDD,cong-nghe-thong-tin,A01,Điểm học bạ,2023,18.0,Công nghệ thông tin
148418,TDD,cong-nghe-thong-tin,B00,Điểm học bạ,2023,18.0,Công nghệ thông tin
148419,TDD,cong-nghe-thong-tin,D01,Điểm học bạ,2023,18.0,Công nghệ thông tin
148420,TDD,cong-nghe-thong-tin,A00,Điểm thi THPT,2023,16.5,Công nghệ thông tin
148421,TDD,cong-nghe-thong-tin,A01,Điểm thi THPT,2023,16.5,Công nghệ thông tin
148422,TDD,cong-nghe-thong-tin,B00,Điểm thi THPT,2023,16.5,Công nghệ thông tin
148423,TDD,cong-nghe-thong-tin,D01,Điểm thi THPT,2023,16.5,Công nghệ thông tin
148424,TDD,cong-nghe-thong-tin,A00,Điểm thi THPT,2024,17.0,Công nghệ thông tin
148425,TDD,cong-nghe-thong-tin,A01,Điểm thi THPT,2024,17.0,Công nghệ thông tin
148426,TDD,cong-nghe-thong-tin,B00,Điểm thi THPT,2024,17.0,Công nghệ thông tin
148427,TDD,cong-nghe-thong-tin,D01,Điểm thi THPT,2024,17.0,Công nghệ thông tin
148428,TDD,cong-nghe-thong-tin,A00,Điểm học bạ,2025,18.0,Công nghệ thông tin
148429,TDD,cong-nghe-thong-tin,A01,Điểm học bạ,2025,18.0,Công nghệ thông tin
148430,TDD,cong-nghe-thong-tin,C03,Điểm học bạ,2025,18.0,Công nghệ thông tin
148431,TDD,cong-nghe-thong-tin,D01,Điểm học bạ,2025,18.0,Công nghệ thông tin
148432,TDD,cong-nghe-thong-tin,D07,Điểm học bạ,2025,18.0,Công nghệ thông tin
148433,TDD,cong-nghe-thong-tin,A00,Điểm thi THPT,2025,16.0,Công nghệ thông tin
148434,TDD,cong-nghe-thong-tin,A01,Điểm thi THPT,2025,16.0,Công nghệ thông tin
148435,TDD,cong-nghe-thong-tin,C03,Điểm thi THPT,2025,16.0,Công nghệ thông tin
148436,TDD,cong-nghe-thong-tin,D01,Điểm thi THPT,2025,16.0,Công nghệ thông tin
148437,TDD,cong-nghe-thong-tin,D07,Điểm thi THPT,2025,16.0,Công nghệ thông tin
148438,TDD,dieu-duong,A00,Điểm học bạ,2025,18.0,Điều dưỡng
148439,TDD,dieu-duong,A02,Điểm học bạ,2025,18.0,Điều dưỡng
148440,TDD,dieu-duong,A03,Điểm học bạ,2025,18.0,Điều dưỡng
148441,TDD,dieu-duong,B00,Điểm học bạ,2025,18.0,Điều dưỡng
148442,TDD,dieu-duong,B08,Điểm học bạ,2025,18.0,Điều dưỡng
148443,TDD,dieu-duong,D07,Điểm học bạ,2025,18.0,Điều dưỡng
148444,TDD,dieu-duong,A00,Điểm thi THPT,2025,17.0,Điều dưỡng
148445,TDD,dieu-duong,A02,Điểm thi THPT,2025,17.0,Điều dưỡng
148446,TDD,dieu-duong,A03,Điểm thi THPT,2025,17.0,Điều dưỡng
148447,TDD,dieu-duong,B00,Điểm thi THPT,2025,17.0,Điều dưỡng
148448,TDD,dieu-duong,B08,Điểm thi THPT,2025,17.0,Điều dưỡng
148449,TDD,dieu-duong,D07,Điểm thi THPT,2025,17.0,Điều dưỡng
148450,TDD,duoc-hoc,A00,Điểm học bạ,2021,24.0,Dược học
148451,TDD,duoc-hoc,B00,Điểm học bạ,2021,24.0,Dược học
148452,TDD,duoc-hoc,A00,Điểm thi THPT,2021,21.0,Dược học
148453,TDD,duoc-hoc,A11,Điểm thi THPT,2021,21.0,Dược học
148454,TDD,duoc-hoc,B00,Điểm thi THPT,2021,21.0,Dược học
148455,TDD,duoc-hoc,D07,Điểm thi THPT,2021,21.0,Dược học
148456,TDD,duoc-hoc,A00,Điểm thi THPT,2022,15.0,Dược học
148457,TDD,duoc-hoc,A11,Điểm thi THPT,2022,15.0,Dược học
148458,TDD,duoc-hoc,B00,Điểm thi THPT,2022,15.0,Dược học
148459,TDD,duoc-hoc,D07,Điểm thi THPT,2022,15.0,Dược học
148460,TDD,duoc-hoc,A00,Điểm học bạ,2023,24.0,Dược học
148461,TDD,duoc-hoc,A11,Điểm học bạ,2023,24.0,Dược học
148462,TDD,duoc-hoc,B00,Điểm học bạ,2023,24.0,Dược học
148463,TDD,duoc-hoc,D07,Điểm học bạ,2023,24.0,Dược học
148464,TDD,duoc-hoc,A00,Điểm thi THPT,2023,21.0,Dược học
148465,TDD,duoc-hoc,A11,Điểm thi THPT,2023,21.0,Dược học
148466,TDD,duoc-hoc,B00,Điểm thi THPT,2023,21.0,Dược học
148467,TDD,duoc-hoc,D07,Điểm thi THPT,2023,21.0,Dược học
148468,TDD,duoc-hoc,A00,Điểm thi THPT,2024,21.0,Dược học
148469,TDD,duoc-hoc,A11,Điểm thi THPT,2024,21.0,Dược học
148470,TDD,duoc-hoc,B00,Điểm thi THPT,2024,21.0,Dược học
148471,TDD,duoc-hoc,D07,Điểm thi THPT,2024,21.0,Dược học
148472,TDD,duoc-hoc,A00,Điểm học bạ,2025,24.0,Dược học
148473,TDD,duoc-hoc,A02,Điểm học bạ,2025,24.0,Dược học
148474,TDD,duoc-hoc,A03,Điểm học bạ,2025,24.0,Dược học
148475,TDD,duoc-hoc,B00,Điểm học bạ,2025,24.0,Dược học
148476,TDD,duoc-hoc,B08,Điểm học bạ,2025,24.0,Dược học
148477,TDD,duoc-hoc,D07,Điểm học bạ,2025,24.0,Dược học
148478,TDD,duoc-hoc,A00,Điểm thi THPT,2025,19.0,Dược học
148479,TDD,duoc-hoc,A02,Điểm thi THPT,2025,19.0,Dược học
148480,TDD,duoc-hoc,A03,Điểm thi THPT,2025,19.0,Dược học
148481,TDD,duoc-hoc,B00,Điểm thi THPT,2025,19.0,Dược học
148482,TDD,duoc-hoc,B08,Điểm thi THPT,2025,19.0,Dược học
148483,TDD,duoc-hoc,D07,Điểm thi THPT,2025,19.0,Dược học
148484,TDD,giao-duc-hoc,A00,Điểm học bạ,2023,18.0,Giáo dục học
148485,TDD,giao-duc-hoc,C00,Điểm học bạ,2023,18.0,Giáo dục học
148486,TDD,giao-duc-hoc,D01,Điểm học bạ,2023,18.0,Giáo dục học
148487,TDD,giao-duc-hoc,D14,Điểm học bạ,2023,18.0,Giáo dục học
148488,TDD,giao-duc-hoc,A00,Điểm thi THPT,2023,16.5,Giáo dục học
148489,TDD,giao-duc-hoc,C00,Điểm thi THPT,2023,16.5,Giáo dục học
148490,TDD,giao-duc-hoc,D01,Điểm thi THPT,2023,16.5,Giáo dục học
148491,TDD,giao-duc-hoc,D14,Điểm thi THPT,2023,16.5,Giáo dục học
148492,TDD,giao-duc-hoc,A00,Điểm thi THPT,2024,16.5,Giáo dục học
148493,TDD,giao-duc-hoc,C00,Điểm thi THPT,2024,16.5,Giáo dục học
148494,TDD,giao-duc-hoc,D01,Điểm thi THPT,2024,16.5,Giáo dục học
148495,TDD,giao-duc-hoc,D14,Điểm thi THPT,2024,16.5,Giáo dục học
148496,TDD,giao-duc-hoc,A00,Điểm học bạ,2025,18.0,Giáo dục học
148497,TDD,giao-duc-hoc,A01,Điểm học bạ,2025,18.0,Giáo dục học
148498,TDD,giao-duc-hoc,C00,Điểm học bạ,2025,18.0,Giáo dục học
148499,TDD,giao-duc-hoc,D01,Điểm học bạ,2025,18.0,Giáo dục học
148500,TDD,giao-duc-hoc,D09,Điểm học bạ,2025,18.0,Giáo dục học
148501,TDD,giao-duc-hoc,A00,Điểm thi THPT,2025,16.0,Giáo dục học
148502,TDD,giao-duc-hoc,A01,Điểm thi THPT,2025,16.0,Giáo dục học
148503,TDD,giao-duc-hoc,C00,Điểm thi THPT,2025,16.0,Giáo dục học
148504,TDD,giao-duc-hoc,D01,Điểm thi THPT,2025,16.0,Giáo dục học
148505,TDD,giao-duc-hoc,D09,Điểm thi THPT,2025,16.0,Giáo dục học
148506,TDD,ke-toan,A00,Điểm học bạ,2021,18.0,Kế toán
148507,TDD,ke-toan,A01,Điểm học bạ,2021,18.0,Kế toán
148508,TDD,ke-toan,D07,Điểm học bạ,2021,18.0,Kế toán
148509,TDD,ke-toan,D90,Điểm học bạ,2021,18.0,Kế toán
148510,TDD,ke-toan,A00,Điểm thi THPT,2021,15.0,Kế toán
148511,TDD,ke-toan,A01,Điểm thi THPT,2021,15.0,Kế toán
148512,TDD,ke-toan,D07,Điểm thi THPT,2021,15.0,Kế toán
148513,TDD,ke-toan,D90,Điểm thi THPT,2021,15.0,Kế toán
148514,TDD,ke-toan,A00,Điểm thi THPT,2022,15.0,Kế toán
148515,TDD,ke-toan,A01,Điểm thi THPT,2022,15.0,Kế toán
148516,TDD,ke-toan,B00,Điểm thi THPT,2022,15.0,Kế toán
148517,TDD,ke-toan,D01,Điểm thi THPT,2022,15.0,Kế toán
148518,TDD,ke-toan,A00,Điểm học bạ,2023,18.0,Kế toán
148519,TDD,ke-toan,A01,Điểm học bạ,2023,18.0,Kế toán
148520,TDD,ke-toan,B00,Điểm học bạ,2023,18.0,Kế toán
148521,TDD,ke-toan,D01,Điểm học bạ,2023,18.0,Kế toán
148522,TDD,ke-toan,A00,Điểm thi THPT,2023,16.5,Kế toán
148523,TDD,ke-toan,A01,Điểm thi THPT,2023,16.5,Kế toán
148524,TDD,ke-toan,B00,Điểm thi THPT,2023,16.5,Kế toán
148525,TDD,ke-toan,D01,Điểm thi THPT,2023,16.5,Kế toán
148526,TDD,ke-toan,A00,Điểm thi THPT,2024,17.0,Kế toán
148527,TDD,ke-toan,A01,Điểm thi THPT,2024,17.0,Kế toán
148528,TDD,ke-toan,B00,Điểm thi THPT,2024,17.0,Kế toán
148529,TDD,ke-toan,D01,Điểm thi THPT,2024,17.0,Kế toán
148530,TDD,ke-toan,A00,Điểm học bạ,2025,18.0,Kế toán
148531,TDD,ke-toan,A01,Điểm học bạ,2025,18.0,Kế toán
148532,TDD,ke-toan,C00,Điểm học bạ,2025,18.0,Kế toán
148533,TDD,ke-toan,C03,Điểm học bạ,2025,18.0,Kế toán
148534,TDD,ke-toan,D01,Điểm học bạ,2025,18.0,Kế toán
148535,TDD,ke-toan,D09,Điểm học bạ,2025,18.0,Kế toán
148536,TDD,ke-toan,A00,Điểm thi THPT,2025,16.0,Kế toán
148537,TDD,ke-toan,A01,Điểm thi THPT,2025,16.0,Kế toán
148538,TDD,ke-toan,C00,Điểm thi THPT,2025,16.0,Kế toán
148539,TDD,ke-toan,C03,Điểm thi THPT,2025,16.0,Kế toán
148540,TDD,ke-toan,D01,Điểm thi THPT,2025,16.0,Kế toán
148541,TDD,ke-toan,D09,Điểm thi THPT,2025,16.0,Kế toán
148542,TDD,luat,A00,Điểm thi THPT,2022,15.0,Luật
148543,TDD,luat,A01,Điểm thi THPT,2022,15.0,Luật
148544,TDD,luat,C00,Điểm thi THPT,2022,15.0,Luật
148545,TDD,luat,D01,Điểm thi THPT,2022,15.0,Luật
148546,TDD,luat,A00,Điểm học bạ,2023,18.0,Luật
148547,TDD,luat,A01,Điểm học bạ,2023,18.0,Luật
148548,TDD,luat,C00,Điểm học bạ,2023,18.0,Luật
148549,TDD,luat,D01,Điểm học bạ,2023,18.0,Luật
148550,TDD,luat,A00,Điểm thi THPT,2023,16.5,Luật
148551,TDD,luat,A01,Điểm thi THPT,2023,16.5,Luật
148552,TDD,luat,C00,Điểm thi THPT,2023,16.5,Luật
148553,TDD,luat,D01,Điểm thi THPT,2023,16.5,Luật
148554,TDD,luat,A00,Điểm thi THPT,2024,17.0,Luật
148555,TDD,luat,A01,Điểm thi THPT,2024,17.0,Luật
148556,TDD,luat,C00,Điểm thi THPT,2024,17.0,Luật
148557,TDD,luat,D01,Điểm thi THPT,2024,17.0,Luật
148558,TDD,luat,A00,Điểm học bạ,2025,18.0,Luật
148559,TDD,luat,A01,Điểm học bạ,2025,18.0,Luật
148560,TDD,luat,C00,Điểm học bạ,2025,18.0,Luật
148561,TDD,luat,C03,Điểm học bạ,2025,18.0,Luật
148562,TDD,luat,D01,Điểm học bạ,2025,18.0,Luật
148563,TDD,luat,D09,Điểm học bạ,2025,18.0,Luật
148564,TDD,luat,A00,Điểm thi THPT,2025,16.0,Luật
148565,TDD,luat,A01,Điểm thi THPT,2025,16.0,Luật
148566,TDD,luat,C00,Điểm thi THPT,2025,16.0,Luật
148567,TDD,luat,C03,Điểm thi THPT,2025,16.0,Luật
148568,TDD,luat,D01,Điểm thi THPT,2025,16.0,Luật
148569,TDD,luat,D09,Điểm thi THPT,2025,16.0,Luật
148570,TDD,luat-kinh-te,A00,Điểm thi THPT,2022,15.0,Luật kinh tế
148571,TDD,luat-kinh-te,A01,Điểm thi THPT,2022,15.0,Luật kinh tế
148572,TDD,luat-kinh-te,C00,Điểm thi THPT,2022,15.0,Luật kinh tế
148573,TDD,luat-kinh-te,D01,Điểm thi THPT,2022,15.0,Luật kinh tế
148574,TDD,ngon-ngu-anh,D01,Điểm học bạ,2021,18.0,Ngôn ngữ Anh: Định hướng Tiếng Anh du lịch; Định hướng Tiếng Anh sư phạm
148575,TDD,ngon-ngu-anh,D07,Điểm học bạ,2021,18.0,Ngôn ngữ Anh: Định hướng Tiếng Anh du lịch; Định hướng Tiếng Anh sư phạm
148576,TDD,ngon-ngu-anh,D14,Điểm học bạ,2021,18.0,Ngôn ngữ Anh: Định hướng Tiếng Anh du lịch; Định hướng Tiếng Anh sư phạm
148577,TDD,ngon-ngu-anh,D15,Điểm học bạ,2021,18.0,Ngôn ngữ Anh: Định hướng Tiếng Anh du lịch; Định hướng Tiếng Anh sư phạm
148578,TDD,ngon-ngu-anh,D01,Điểm thi THPT,2021,15.0,Ngôn ngữ Anh: Định hướng Tiếng Anh du lịch; Định hướng Tiếng Anh sư phạm
148579,TDD,ngon-ngu-anh,D07,Điểm thi THPT,2021,15.0,Ngôn ngữ Anh: Định hướng Tiếng Anh du lịch; Định hướng Tiếng Anh sư phạm
148580,TDD,ngon-ngu-anh,D14,Điểm thi THPT,2021,15.0,Ngôn ngữ Anh: Định hướng Tiếng Anh du lịch; Định hướng Tiếng Anh sư phạm
148581,TDD,ngon-ngu-anh,D15,Điểm thi THPT,2021,15.0,Ngôn ngữ Anh: Định hướng Tiếng Anh du lịch; Định hướng Tiếng Anh sư phạm
148582,TDD,ngon-ngu-anh,D01,Điểm thi THPT,2022,15.0,Ngôn ngữ Anh
148583,TDD,ngon-ngu-anh,D07,Điểm thi THPT,2022,15.0,Ngôn ngữ Anh
148584,TDD,ngon-ngu-anh,D14,Điểm thi THPT,2022,15.0,Ngôn ngữ Anh
148585,TDD,ngon-ngu-anh,D15,Điểm thi THPT,2022,15.0,Ngôn ngữ Anh
148586,TDD,ngon-ngu-anh,D01,Điểm học bạ,2023,18.0,Ngôn ngữ Anh
148587,TDD,ngon-ngu-anh,D07,Điểm học bạ,2023,18.0,Ngôn ngữ Anh
148588,TDD,ngon-ngu-anh,D14,Điểm học bạ,2023,18.0,Ngôn ngữ Anh
148589,TDD,ngon-ngu-anh,D15,Điểm học bạ,2023,18.0,Ngôn ngữ Anh
148590,TDD,ngon-ngu-anh,D01,Điểm thi THPT,2023,16.5,Ngôn ngữ Anh
148591,TDD,ngon-ngu-anh,D07,Điểm thi THPT,2023,16.5,Ngôn ngữ Anh
148592,TDD,ngon-ngu-anh,D14,Điểm thi THPT,2023,16.5,Ngôn ngữ Anh
148593,TDD,ngon-ngu-anh,D15,Điểm thi THPT,2023,16.5,Ngôn ngữ Anh
148594,TDD,ngon-ngu-anh,D01,Điểm thi THPT,2024,17.0,Ngôn ngữ Anh
148595,TDD,ngon-ngu-anh,D07,Điểm thi THPT,2024,17.0,Ngôn ngữ Anh
148596,TDD,ngon-ngu-anh,D14,Điểm thi THPT,2024,17.0,Ngôn ngữ Anh
148597,TDD,ngon-ngu-anh,D15,Điểm thi THPT,2024,17.0,Ngôn ngữ Anh
148598,TDD,ngon-ngu-anh,A00,Điểm học bạ,2025,18.0,Ngôn ngữ Anh
148599,TDD,ngon-ngu-anh,D01,Điểm học bạ,2025,18.0,Ngôn ngữ Anh
148600,TDD,ngon-ngu-anh,D04,Điểm học bạ,2025,18.0,Ngôn ngữ Anh
148601,TDD,ngon-ngu-anh,D09,Điểm học bạ,2025,18.0,Ngôn ngữ Anh
148602,TDD,ngon-ngu-anh,D14,Điểm học bạ,2025,18.0,Ngôn ngữ Anh
148603,TDD,ngon-ngu-anh,D15,Điểm học bạ,2025,18.0,Ngôn ngữ Anh
148604,TDD,ngon-ngu-anh,A00,Điểm thi THPT,2025,16.0,Ngôn ngữ Anh
148605,TDD,ngon-ngu-anh,D01,Điểm thi THPT,2025,16.0,Ngôn ngữ Anh
148606,TDD,ngon-ngu-anh,D04,Điểm thi THPT,2025,16.0,Ngôn ngữ Anh
148607,TDD,ngon-ngu-anh,D09,Điểm thi THPT,2025,16.0,Ngôn ngữ Anh
148608,TDD,ngon-ngu-anh,D14,Điểm thi THPT,2025,16.0,Ngôn ngữ Anh
148609,TDD,ngon-ngu-anh,D15,Điểm thi THPT,2025,16.0,Ngôn ngữ Anh
148610,TDD,ngon-ngu-trung-quoc,C00,Điểm thi THPT,2024,17.0,Ngôn ngữ Trung Quốc
148611,TDD,ngon-ngu-trung-quoc,D01,Điểm thi THPT,2024,17.0,Ngôn ngữ Trung Quốc
148612,TDD,ngon-ngu-trung-quoc,D14,Điểm thi THPT,2024,17.0,Ngôn ngữ Trung Quốc
148613,TDD,ngon-ngu-trung-quoc,D15,Điểm thi THPT,2024,17.0,Ngôn ngữ Trung Quốc
148614,TDD,ngon-ngu-trung-quoc,A00,Điểm học bạ,2025,18.0,Ngôn ngữ Trung Quốc
148615,TDD,ngon-ngu-trung-quoc,D01,Điểm học bạ,2025,18.0,Ngôn ngữ Trung Quốc
148616,TDD,ngon-ngu-trung-quoc,D04,Điểm học bạ,2025,18.0,Ngôn ngữ Trung Quốc
148617,TDD,ngon-ngu-trung-quoc,D09,Điểm học bạ,2025,18.0,Ngôn ngữ Trung Quốc
148618,TDD,ngon-ngu-trung-quoc,D14,Điểm học bạ,2025,18.0,Ngôn ngữ Trung Quốc
148619,TDD,ngon-ngu-trung-quoc,D15,Điểm học bạ,2025,18.0,Ngôn ngữ Trung Quốc
148620,TDD,ngon-ngu-trung-quoc,A00,Điểm thi THPT,2025,16.0,Ngôn ngữ Trung Quốc
148621,TDD,ngon-ngu-trung-quoc,D01,Điểm thi THPT,2025,16.0,Ngôn ngữ Trung Quốc
148622,TDD,ngon-ngu-trung-quoc,D04,Điểm thi THPT,2025,16.0,Ngôn ngữ Trung Quốc
148623,TDD,ngon-ngu-trung-quoc,D09,Điểm thi THPT,2025,16.0,Ngôn ngữ Trung Quốc
148624,TDD,ngon-ngu-trung-quoc,D14,Điểm thi THPT,2025,16.0,Ngôn ngữ Trung Quốc
148625,TDD,ngon-ngu-trung-quoc,D15,Điểm thi THPT,2025,16.0,Ngôn ngữ Trung Quốc
148626,TDD,quan-tri-khach-san,A01,Điểm học bạ,2021,18.0,Quản trị Khách sạn
148627,TDD,quan-tri-khach-san,C00,Điểm học bạ,2021,18.0,Quản trị Khách sạn
148628,TDD,quan-tri-khach-san,D01,Điểm học bạ,2021,18.0,Quản trị Khách sạn
148629,TDD,quan-tri-khach-san,D96,Điểm học bạ,2021,18.0,Quản trị Khách sạn
148630,TDD,quan-tri-khach-san,A01,Điểm thi THPT,2021,15.0,Quản trị Khách sạn
148631,TDD,quan-tri-khach-san,C00,Điểm thi THPT,2021,15.0,Quản trị Khách sạn
148632,TDD,quan-tri-khach-san,D01,Điểm thi THPT,2021,15.0,Quản trị Khách sạn
148633,TDD,quan-tri-khach-san,D96,Điểm thi THPT,2021,15.0,Quản trị Khách sạn
148634,TDD,quan-tri-khach-san,A00,Điểm thi THPT,2022,15.0,Quản trị khách sạn
148635,TDD,quan-tri-khach-san,A01,Điểm thi THPT,2022,15.0,Quản trị khách sạn
148636,TDD,quan-tri-khach-san,B00,Điểm thi THPT,2022,15.0,Quản trị khách sạn
148637,TDD,quan-tri-khach-san,D01,Điểm thi THPT,2022,15.0,Quản trị khách sạn
148638,TDD,quan-tri-khach-san,A00,Điểm học bạ,2023,18.0,Quản trị Khách sạn
148639,TDD,quan-tri-khach-san,A01,Điểm học bạ,2023,18.0,Quản trị Khách sạn
148640,TDD,quan-tri-khach-san,C00,Điểm học bạ,2023,18.0,Quản trị Khách sạn
148641,TDD,quan-tri-khach-san,D01,Điểm học bạ,2023,18.0,Quản trị Khách sạn
148642,TDD,quan-tri-khach-san,A00,Điểm thi THPT,2023,16.5,Quản trị Khách sạn
148643,TDD,quan-tri-khach-san,A01,Điểm thi THPT,2023,16.5,Quản trị Khách sạn
148644,TDD,quan-tri-khach-san,C00,Điểm thi THPT,2023,16.5,Quản trị Khách sạn
148645,TDD,quan-tri-khach-san,D01,Điểm thi THPT,2023,16.5,Quản trị Khách sạn
148646,TDD,quan-tri-khach-san,A00,Điểm thi THPT,2024,17.0,Quản trị khách sạn
148647,TDD,quan-tri-khach-san,A01,Điểm thi THPT,2024,17.0,Quản trị khách sạn
148648,TDD,quan-tri-khach-san,C00,Điểm thi THPT,2024,17.0,Quản trị khách sạn
148649,TDD,quan-tri-khach-san,D01,Điểm thi THPT,2024,17.0,Quản trị khách sạn
148650,TDD,quan-tri-khach-san,A00,Điểm học bạ,2025,18.0,Quản trị khách sạn
148651,TDD,quan-tri-khach-san,A01,Điểm học bạ,2025,18.0,Quản trị khách sạn
148652,TDD,quan-tri-khach-san,C00,Điểm học bạ,2025,18.0,Quản trị khách sạn
148653,TDD,quan-tri-khach-san,D01,Điểm học bạ,2025,18.0,Quản trị khách sạn
148654,TDD,quan-tri-khach-san,D09,Điểm học bạ,2025,18.0,Quản trị khách sạn
148655,TDD,quan-tri-khach-san,A00,Điểm thi THPT,2025,16.0,Quản trị khách sạn
148656,TDD,quan-tri-khach-san,A01,Điểm thi THPT,2025,16.0,Quản trị khách sạn
148657,TDD,quan-tri-khach-san,C00,Điểm thi THPT,2025,16.0,Quản trị khách sạn
148658,TDD,quan-tri-khach-san,D01,Điểm thi THPT,2025,16.0,Quản trị khách sạn
148659,TDD,quan-tri-khach-san,D09,Điểm thi THPT,2025,16.0,Quản trị khách sạn
148660,TDD,quan-tri-kinh-doanh,A00,Điểm thi THPT,2022,15.0,Quản trị kinh doanh
148661,TDD,quan-tri-kinh-doanh,A01,Điểm thi THPT,2022,15.0,Quản trị kinh doanh
148662,TDD,quan-tri-kinh-doanh,B00,Điểm thi THPT,2022,15.0,Quản trị kinh doanh
148663,TDD,quan-tri-kinh-doanh,D01,Điểm thi THPT,2022,15.0,Quản trị kinh doanh
148664,TDD,quan-tri-kinh-doanh,A00,Điểm học bạ,2023,18.0,Quản trị Kinh doanh
148665,TDD,quan-tri-kinh-doanh,A01,Điểm học bạ,2023,18.0,Quản trị Kinh doanh
148666,TDD,quan-tri-kinh-doanh,C00,Điểm học bạ,2023,18.0,Quản trị Kinh doanh
148667,TDD,quan-tri-kinh-doanh,D01,Điểm học bạ,2023,18.0,Quản trị Kinh doanh
148668,TDD,quan-tri-kinh-doanh,A00,Điểm thi THPT,2023,16.5,Quản trị Kinh doanh
148669,TDD,quan-tri-kinh-doanh,A01,Điểm thi THPT,2023,16.5,Quản trị Kinh doanh
148670,TDD,quan-tri-kinh-doanh,C00,Điểm thi THPT,2023,16.5,Quản trị Kinh doanh
148671,TDD,quan-tri-kinh-doanh,D01,Điểm thi THPT,2023,16.5,Quản trị Kinh doanh
148672,TDD,quan-tri-kinh-doanh,A00,Điểm thi THPT,2024,17.0,Quản trị kinh doanh
148673,TDD,quan-tri-kinh-doanh,A01,Điểm thi THPT,2024,17.0,Quản trị kinh doanh
148674,TDD,quan-tri-kinh-doanh,C00,Điểm thi THPT,2024,17.0,Quản trị kinh doanh
148675,TDD,quan-tri-kinh-doanh,D01,Điểm thi THPT,2024,17.0,Quản trị kinh doanh
148676,TDD,quan-tri-kinh-doanh,A00,Điểm học bạ,2025,18.0,Quản trị Kinh doanh
148677,TDD,quan-tri-kinh-doanh,A01,Điểm học bạ,2025,18.0,Quản trị Kinh doanh
148678,TDD,quan-tri-kinh-doanh,C00,Điểm học bạ,2025,18.0,Quản trị Kinh doanh
148679,TDD,quan-tri-kinh-doanh,C03,Điểm học bạ,2025,18.0,Quản trị Kinh doanh
148680,TDD,quan-tri-kinh-doanh,D01,Điểm học bạ,2025,18.0,Quản trị Kinh doanh
148681,TDD,quan-tri-kinh-doanh,D09,Điểm học bạ,2025,18.0,Quản trị Kinh doanh
148682,TDD,quan-tri-kinh-doanh,A00,Điểm thi THPT,2025,16.0,Quản trị Kinh doanh
148683,TDD,quan-tri-kinh-doanh,A01,Điểm thi THPT,2025,16.0,Quản trị Kinh doanh
148684,TDD,quan-tri-kinh-doanh,C00,Điểm thi THPT,2025,16.0,Quản trị Kinh doanh
148685,TDD,quan-tri-kinh-doanh,C03,Điểm thi THPT,2025,16.0,Quản trị Kinh doanh
148686,TDD,quan-tri-kinh-doanh,D01,Điểm thi THPT,2025,16.0,Quản trị Kinh doanh
148687,TDD,quan-tri-kinh-doanh,D09,Điểm thi THPT,2025,16.0,Quản trị Kinh doanh
148688,TDD,quan-tri-kinh-doanh-dinh-huong-digital-marketing,A00,Điểm học bạ,2021,18.0,Quản trị Kinh doanh: Định hướng Digital Marketing
148689,TDD,quan-tri-kinh-doanh-dinh-huong-digital-marketing,A01,Điểm học bạ,2021,18.0,Quản trị Kinh doanh: Định hướng Digital Marketing
148690,TDD,quan-tri-kinh-doanh-dinh-huong-digital-marketing,D07,Điểm học bạ,2021,18.0,Quản trị Kinh doanh: Định hướng Digital Marketing
148691,TDD,quan-tri-kinh-doanh-dinh-huong-digital-marketing,D90,Điểm học bạ,2021,18.0,Quản trị Kinh doanh: Định hướng Digital Marketing
148692,TDD,quan-tri-kinh-doanh-dinh-huong-digital-marketing,A00,Điểm thi THPT,2021,15.0,Quản trị Kinh doanh: Định hướng Digital Marketing
148693,TDD,quan-tri-kinh-doanh-dinh-huong-digital-marketing,A01,Điểm thi THPT,2021,15.0,Quản trị Kinh doanh: Định hướng Digital Marketing
148694,TDD,quan-tri-kinh-doanh-dinh-huong-digital-marketing,D07,Điểm thi THPT,2021,15.0,Quản trị Kinh doanh: Định hướng Digital Marketing
148695,TDD,quan-tri-kinh-doanh-dinh-huong-digital-marketing,D90,Điểm thi THPT,2021,15.0,Quản trị Kinh doanh: Định hướng Digital Marketing
148696,TDD,quan-tri-van-phong,A01,Điểm học bạ,2021,18.0,Quản trị Văn phòng: Định hướng hành chính văn thư
148697,TDD,quan-tri-van-phong,C00,Điểm học bạ,2021,18.0,Quản trị Văn phòng: Định hướng hành chính văn thư
148698,TDD,quan-tri-van-phong,D01,Điểm học bạ,2021,18.0,Quản trị Văn phòng: Định hướng hành chính văn thư
148699,TDD,quan-tri-van-phong,D96,Điểm học bạ,2021,18.0,Quản trị Văn phòng: Định hướng hành chính văn thư
148700,TDD,quan-tri-van-phong,A01,Điểm thi THPT,2021,15.0,Quản trị Văn phòng: Định hướng hành chính văn thư
148701,TDD,quan-tri-van-phong,C00,Điểm thi THPT,2021,15.0,Quản trị Văn phòng: Định hướng hành chính văn thư
148702,TDD,quan-tri-van-phong,D01,Điểm thi THPT,2021,15.0,Quản trị Văn phòng: Định hướng hành chính văn thư
148703,TDD,quan-tri-van-phong,D96,Điểm thi THPT,2021,15.0,Quản trị Văn phòng: Định hướng hành chính văn thư
148704,TDD,quan-tri-van-phong,A00,Điểm thi THPT,2022,15.0,Quản trị văn phòng
148705,TDD,quan-tri-van-phong,A01,Điểm thi THPT,2022,15.0,Quản trị văn phòng
148706,TDD,quan-tri-van-phong,B00,Điểm thi THPT,2022,15.0,Quản trị văn phòng
148707,TDD,quan-tri-van-phong,D01,Điểm thi THPT,2022,15.0,Quản trị văn phòng
148708,TDD,quan-tri-van-phong,A00,Điểm học bạ,2023,18.0,Quản trị Văn phòng
148709,TDD,quan-tri-van-phong,A01,Điểm học bạ,2023,18.0,Quản trị Văn phòng
148710,TDD,quan-tri-van-phong,C00,Điểm học bạ,2023,18.0,Quản trị Văn phòng
148711,TDD,quan-tri-van-phong,D01,Điểm học bạ,2023,18.0,Quản trị Văn phòng
148712,TDD,quan-tri-van-phong,A00,Điểm thi THPT,2023,16.5,Quản trị Văn phòng
148713,TDD,quan-tri-van-phong,A01,Điểm thi THPT,2023,16.5,Quản trị Văn phòng
148714,TDD,quan-tri-van-phong,C00,Điểm thi THPT,2023,16.5,Quản trị Văn phòng
148715,TDD,quan-tri-van-phong,D01,Điểm thi THPT,2023,16.5,Quản trị Văn phòng
148716,TDD,quan-tri-van-phong,A00,Điểm thi THPT,2024,17.0,Quản trị văn phòng
148717,TDD,quan-tri-van-phong,A01,Điểm thi THPT,2024,17.0,Quản trị văn phòng
148718,TDD,quan-tri-van-phong,C00,Điểm thi THPT,2024,17.0,Quản trị văn phòng
148719,TDD,quan-tri-van-phong,D01,Điểm thi THPT,2024,17.0,Quản trị văn phòng
148720,TDD,quan-tri-van-phong,A00,Điểm học bạ,2025,18.0,Quản trị Văn phòng
148721,TDD,quan-tri-van-phong,A01,Điểm học bạ,2025,18.0,Quản trị Văn phòng
148722,TDD,quan-tri-van-phong,C00,Điểm học bạ,2025,18.0,Quản trị Văn phòng
148723,TDD,quan-tri-van-phong,C03,Điểm học bạ,2025,18.0,Quản trị Văn phòng
148724,TDD,quan-tri-van-phong,D01,Điểm học bạ,2025,18.0,Quản trị Văn phòng
148725,TDD,quan-tri-van-phong,D09,Điểm học bạ,2025,18.0,Quản trị Văn phòng
148726,TDD,quan-tri-van-phong,A00,Điểm thi THPT,2025,16.0,Quản trị Văn phòng
148727,TDD,quan-tri-van-phong,A01,Điểm thi THPT,2025,16.0,Quản trị Văn phòng
148728,TDD,quan-tri-van-phong,C00,Điểm thi THPT,2025,16.0,Quản trị Văn phòng
148729,TDD,quan-tri-van-phong,C03,Điểm thi THPT,2025,16.0,Quản trị Văn phòng
148730,TDD,quan-tri-van-phong,D01,Điểm thi THPT,2025,16.0,Quản trị Văn phòng
148731,TDD,quan-tri-van-phong,D09,Điểm thi THPT,2025,16.0,Quản trị Văn phòng
148732,TDD,viet-nam-hoc,A01,Điểm học bạ,2021,18.0,Việt Nam học: Định hướng Hướng dẫn du lịch; Định hướng văn hóa và lịch sử Việt Nam
148733,TDD,viet-nam-hoc,C00,Điểm học bạ,2021,18.0,Việt Nam học: Định hướng Hướng dẫn du lịch; Định hướng văn hóa và lịch sử Việt Nam
148734,TDD,viet-nam-hoc,D01,Điểm học bạ,2021,18.0,Việt Nam học: Định hướng Hướng dẫn du lịch; Định hướng văn hóa và lịch sử Việt Nam
148735,TDD,viet-nam-hoc,D96,Điểm học bạ,2021,18.0,Việt Nam học: Định hướng Hướng dẫn du lịch; Định hướng văn hóa và lịch sử Việt Nam
148736,TDD,viet-nam-hoc,A01,Điểm thi THPT,2021,15.0,Việt Nam học: Định hướng Hướng dẫn du lịch; Định hướng văn hóa và lịch sử Việt Nam
148737,TDD,viet-nam-hoc,C00,Điểm thi THPT,2021,15.0,Việt Nam học: Định hướng Hướng dẫn du lịch; Định hướng văn hóa và lịch sử Việt Nam
148738,TDD,viet-nam-hoc,D01,Điểm thi THPT,2021,15.0,Việt Nam học: Định hướng Hướng dẫn du lịch; Định hướng văn hóa và lịch sử Việt Nam
148739,TDD,viet-nam-hoc,D96,Điểm thi THPT,2021,15.0,Việt Nam học: Định hướng Hướng dẫn du lịch; Định hướng văn hóa và lịch sử Việt Nam
148740,TDD,viet-nam-hoc,A00,Điểm thi THPT,2022,15.0,Việt Nam học
148741,TDD,viet-nam-hoc,A01,Điểm thi THPT,2022,15.0,Việt Nam học
148742,TDD,viet-nam-hoc,B00,Điểm thi THPT,2022,15.0,Việt Nam học
148743,TDD,viet-nam-hoc,D01,Điểm thi THPT,2022,15.0,Việt Nam học
148744,TDD,viet-nam-hoc,A00,Điểm học bạ,2023,18.0,Việt Nam học
148745,TDD,viet-nam-hoc,A01,Điểm học bạ,2023,18.0,Việt Nam học
148746,TDD,viet-nam-hoc,C00,Điểm học bạ,2023,18.0,Việt Nam học
148747,TDD,viet-nam-hoc,D01,Điểm học bạ,2023,18.0,Việt Nam học
148748,TDD,viet-nam-hoc,A00,Điểm thi THPT,2023,16.5,Việt Nam học
148749,TDD,viet-nam-hoc,A01,Điểm thi THPT,2023,16.5,Việt Nam học
148750,TDD,viet-nam-hoc,C00,Điểm thi THPT,2023,16.5,Việt Nam học
148751,TDD,viet-nam-hoc,D01,Điểm thi THPT,2023,16.5,Việt Nam học
148752,TDD,viet-nam-hoc,A00,Điểm thi THPT,2024,17.0,Việt Nam học
148753,TDD,viet-nam-hoc,A01,Điểm thi THPT,2024,17.0,Việt Nam học
148754,TDD,viet-nam-hoc,C00,Điểm thi THPT,2024,17.0,Việt Nam học
148755,TDD,viet-nam-hoc,D01,Điểm thi THPT,2024,17.0,Việt Nam học
148756,TDD,viet-nam-hoc,A00,Điểm học bạ,2025,18.0,Việt Nam học (Hướng dẫn du lịch)
148757,TDD,viet-nam-hoc,A01,Điểm học bạ,2025,18.0,Việt Nam học (Hướng dẫn du lịch)
148758,TDD,viet-nam-hoc,C00,Điểm học bạ,2025,18.0,Việt Nam học (Hướng dẫn du lịch)
148759,TDD,viet-nam-hoc,D01,Điểm học bạ,2025,18.0,Việt Nam học (Hướng dẫn du lịch)
148760,TDD,viet-nam-hoc,D09,Điểm học bạ,2025,18.0,Việt Nam học (Hướng dẫn du lịch)
148761,TDD,viet-nam-hoc,A00,Điểm thi THPT,2025,16.0,Việt Nam học (Hướng dẫn du lịch)
148762,TDD,viet-nam-hoc,A01,Điểm thi THPT,2025,16.0,Việt Nam học (Hướng dẫn du lịch)
148763,TDD,viet-nam-hoc,C00,Điểm thi THPT,2025,16.0,Việt Nam học (Hướng dẫn du lịch)
148764,TDD,viet-nam-hoc,D01,Điểm thi THPT,2025,16.0,Việt Nam học (Hướng dẫn du lịch)
148765,TDD,viet-nam-hoc,D09,Điểm thi THPT,2025,16.0,Việt Nam học (Hướng dẫn du lịch)
148766,TDH,giao-duc-quoc-phong-va-an-ninh,C00,Điểm học bạ,2022,28.0,Giáo dục quốc phòng và an ninh
148767,TDH,giao-duc-quoc-phong-va-an-ninh,C19,Điểm học bạ,2022,28.0,Giáo dục quốc phòng và an ninh
148768,TDH,giao-duc-quoc-phong-va-an-ninh,C20,Điểm học bạ,2022,28.0,Giáo dục quốc phòng và an ninh
148769,TDH,giao-duc-quoc-phong-va-an-ninh,D66,Điểm học bạ,2022,28.0,Giáo dục quốc phòng và an ninh
148770,TDH,giao-duc-quoc-phong-va-an-ninh,C00,Điểm thi THPT,2022,28.0,Giáo dục quốc phòng và an ninh
148771,TDH,giao-duc-quoc-phong-va-an-ninh,C19,Điểm thi THPT,2022,28.0,Giáo dục quốc phòng và an ninh
148772,TDH,giao-duc-quoc-phong-va-an-ninh,C20,Điểm thi THPT,2022,28.0,Giáo dục quốc phòng và an ninh
148773,TDH,giao-duc-quoc-phong-va-an-ninh,D66,Điểm thi THPT,2022,28.0,Giáo dục quốc phòng và an ninh
148774,TDH,giao-duc-quoc-phong-va-an-ninh,C00,Điểm học bạ,2024,35.99,Giáo dục Quốc phòng và An ninh
148775,TDH,giao-duc-quoc-phong-va-an-ninh,C19,Điểm học bạ,2024,35.99,Giáo dục Quốc phòng và An ninh
148776,TDH,giao-duc-quoc-phong-va-an-ninh,C20,Điểm học bạ,2024,35.99,Giáo dục Quốc phòng và An ninh
148777,TDH,giao-duc-quoc-phong-va-an-ninh,D66,Điểm học bạ,2024,35.99,Giáo dục Quốc phòng và An ninh
148778,TDH,giao-duc-quoc-phong-va-an-ninh,C00,Điểm thi THPT,2024,36.03,Giáo dục Quốc phòng và An ninh
148779,TDH,giao-duc-quoc-phong-va-an-ninh,C19,Điểm thi THPT,2024,36.03,Giáo dục Quốc phòng và An ninh
148780,TDH,giao-duc-quoc-phong-va-an-ninh,C20,Điểm thi THPT,2024,36.03,Giáo dục Quốc phòng và An ninh
148781,TDH,giao-duc-quoc-phong-va-an-ninh,D66,Điểm thi THPT,2024,36.03,Giáo dục Quốc phòng và An ninh
148782,TDH,giao-duc-quoc-phong-va-an-ninh,C00,Điểm học bạ,2025,37.21,Giáo dục Quốc phòng và An ninh
148783,TDH,giao-duc-quoc-phong-va-an-ninh,C19,Điểm học bạ,2025,37.21,Giáo dục Quốc phòng và An ninh
148784,TDH,giao-duc-quoc-phong-va-an-ninh,C20,Điểm học bạ,2025,37.21,Giáo dục Quốc phòng và An ninh
148785,TDH,giao-duc-quoc-phong-va-an-ninh,D66,Điểm học bạ,2025,37.21,Giáo dục Quốc phòng và An ninh
148786,TDH,giao-duc-quoc-phong-va-an-ninh,C00,Điểm thi THPT,2025,37.21,Giáo dục Quốc phòng và An ninh
148787,TDH,giao-duc-quoc-phong-va-an-ninh,C19,Điểm thi THPT,2025,37.21,Giáo dục Quốc phòng và An ninh
148788,TDH,giao-duc-quoc-phong-va-an-ninh,C20,Điểm thi THPT,2025,37.21,Giáo dục Quốc phòng và An ninh
148789,TDH,giao-duc-quoc-phong-va-an-ninh,D66,Điểm thi THPT,2025,37.21,Giáo dục Quốc phòng và An ninh
148790,TDH,giao-duc-the-chat,T00,Điểm học bạ,2022,25.42,Giáo dục thể chất
148791,TDH,giao-duc-the-chat,T02,Điểm học bạ,2022,25.42,Giáo dục thể chất
148792,TDH,giao-duc-the-chat,T05,Điểm học bạ,2022,25.42,Giáo dục thể chất
148793,TDH,giao-duc-the-chat,T08,Điểm học bạ,2022,25.42,Giáo dục thể chất
148794,TDH,giao-duc-the-chat,T00,Điểm thi THPT,2022,26.0,Giáo dục thể chất
148795,TDH,giao-duc-the-chat,T02,Điểm thi THPT,2022,26.0,Giáo dục thể chất
148796,TDH,giao-duc-the-chat,T05,Điểm thi THPT,2022,26.0,Giáo dục thể chất
148797,TDH,giao-duc-the-chat,T08,Điểm thi THPT,2022,26.0,Giáo dục thể chất
148798,TDL,ck-dien-tu-vien-thong,A00,Điểm học bạ,2021,18.0,CK. Điện tử - Viễn thông
148799,TDL,ck-dien-tu-vien-thong,A01,Điểm học bạ,2021,18.0,CK. Điện tử - Viễn thông
148800,TDL,ck-dien-tu-vien-thong,A12,Điểm học bạ,2021,18.0,CK. Điện tử - Viễn thông
148801,TDL,ck-dien-tu-vien-thong,D90,Điểm học bạ,2021,18.0,CK. Điện tử - Viễn thông
148802,TDL,ck-dien-tu-vien-thong,A00,Điểm thi THPT,2021,16.0,CK. Điện tử - Viễn thông
148803,TDL,ck-dien-tu-vien-thong,A01,Điểm thi THPT,2021,16.0,CK. Điện tử - Viễn thông
148804,TDL,ck-dien-tu-vien-thong,A12,Điểm thi THPT,2021,16.0,CK. Điện tử - Viễn thông
148805,TDL,ck-dien-tu-vien-thong,D90,Điểm thi THPT,2021,16.0,CK. Điện tử - Viễn thông
148806,TDL,cn-kt-dieu-khien-va-tu-dong-hoa,A00,Điểm học bạ,2021,18.0,CN KT điều khiển và tự động hóa
148807,TDL,cn-kt-dieu-khien-va-tu-dong-hoa,A01,Điểm học bạ,2021,18.0,CN KT điều khiển và tự động hóa
148808,TDL,cn-kt-dieu-khien-va-tu-dong-hoa,A12,Điểm học bạ,2021,18.0,CN KT điều khiển và tự động hóa
148809,TDL,cn-kt-dieu-khien-va-tu-dong-hoa,D90,Điểm học bạ,2021,18.0,CN KT điều khiển và tự động hóa
148810,TDL,cn-kt-dieu-khien-va-tu-dong-hoa,A00,Điểm thi THPT,2021,16.0,CN KT điều khiển và tự động hóa
148811,TDL,cn-kt-dieu-khien-va-tu-dong-hoa,A01,Điểm thi THPT,2021,16.0,CN KT điều khiển và tự động hóa
148812,TDL,cn-kt-dieu-khien-va-tu-dong-hoa,A12,Điểm thi THPT,2021,16.0,CN KT điều khiển và tự động hóa
148813,TDL,cn-kt-dieu-khien-va-tu-dong-hoa,D90,Điểm thi THPT,2021,16.0,CN KT điều khiển và tự động hóa
148814,TDL,cnkt-dien-tu-vien-thong,A00,Điểm học bạ,2022,18.0,CNKT Điện tử - Viễn thông
148815,TDL,cnkt-dien-tu-vien-thong,A01,Điểm học bạ,2022,18.0,CNKT Điện tử - Viễn thông
148816,TDL,cnkt-dien-tu-vien-thong,A12,Điểm học bạ,2022,18.0,CNKT Điện tử - Viễn thông
148817,TDL,cnkt-dien-tu-vien-thong,D90,Điểm học bạ,2022,18.0,CNKT Điện tử - Viễn thông
148818,TDL,cnkt-dien-tu-vien-thong,A00,Điểm thi THPT,2022,16.0,CNKT Điện tử - Viễn thông
148819,TDL,cnkt-dien-tu-vien-thong,A01,Điểm thi THPT,2022,16.0,CNKT Điện tử - Viễn thông
148820,TDL,cnkt-dien-tu-vien-thong,A12,Điểm thi THPT,2022,16.0,CNKT Điện tử - Viễn thông
148821,TDL,cnkt-dien-tu-vien-thong,D90,Điểm thi THPT,2022,16.0,CNKT Điện tử - Viễn thông
148822,TDL,cnkt-dieu-khien-va-tu-dong-hoa,A00,Điểm học bạ,2022,18.0,CNKT điều khiển và tự động hóa
148823,TDL,cnkt-dieu-khien-va-tu-dong-hoa,A01,Điểm học bạ,2022,18.0,CNKT điều khiển và tự động hóa
148824,TDL,cnkt-dieu-khien-va-tu-dong-hoa,A12,Điểm học bạ,2022,18.0,CNKT điều khiển và tự động hóa
148825,TDL,cnkt-dieu-khien-va-tu-dong-hoa,D90,Điểm học bạ,2022,18.0,CNKT điều khiển và tự động hóa
148826,TDL,cnkt-dieu-khien-va-tu-dong-hoa,A00,Điểm thi THPT,2022,16.0,CNKT điều khiển và tự động hóa
148827,TDL,cnkt-dieu-khien-va-tu-dong-hoa,A01,Điểm thi THPT,2022,16.0,CNKT điều khiển và tự động hóa
148828,TDL,cnkt-dieu-khien-va-tu-dong-hoa,A12,Điểm thi THPT,2022,16.0,CNKT điều khiển và tự động hóa
148829,TDL,cnkt-dieu-khien-va-tu-dong-hoa,D90,Điểm thi THPT,2022,16.0,CNKT điều khiển và tự động hóa
148830,TDL,cong-nghe-ky-thuat-dien-tu-vien-thong,A00,Điểm học bạ,2023,18.0,Công nghệ kỹ thuật Điện tử - Viễn thông
148831,TDL,cong-nghe-ky-thuat-dien-tu-vien-thong,A01,Điểm học bạ,2023,18.0,Công nghệ kỹ thuật Điện tử - Viễn thông
148832,TDL,cong-nghe-ky-thuat-dien-tu-vien-thong,A12,Điểm học bạ,2023,18.0,Công nghệ kỹ thuật Điện tử - Viễn thông
148833,TDL,cong-nghe-ky-thuat-dien-tu-vien-thong,D90,Điểm học bạ,2023,18.0,Công nghệ kỹ thuật Điện tử - Viễn thông
148834,TDL,cong-nghe-ky-thuat-dien-tu-vien-thong,A00,Điểm thi THPT,2023,16.0,Công nghệ kỹ thuật Điện tử - Viễn thông
148835,TDL,cong-nghe-ky-thuat-dien-tu-vien-thong,A01,Điểm thi THPT,2023,16.0,Công nghệ kỹ thuật Điện tử - Viễn thông
148836,TDL,cong-nghe-ky-thuat-dien-tu-vien-thong,A12,Điểm thi THPT,2023,16.0,Công nghệ kỹ thuật Điện tử - Viễn thông
148837,TDL,cong-nghe-ky-thuat-dien-tu-vien-thong,D90,Điểm thi THPT,2023,16.0,Công nghệ kỹ thuật Điện tử - Viễn thông
148838,TDL,cong-nghe-ky-thuat-dien-tu-vien-thong,A00,Điểm học bạ,2024,19.0,Công nghệ Kỹ thuật Điện tử - Viễn thông
148839,TDL,cong-nghe-ky-thuat-dien-tu-vien-thong,A01,Điểm học bạ,2024,19.0,Công nghệ Kỹ thuật Điện tử - Viễn thông
148840,TDL,cong-nghe-ky-thuat-dien-tu-vien-thong,A12,Điểm học bạ,2024,19.0,Công nghệ Kỹ thuật Điện tử - Viễn thông
148841,TDL,cong-nghe-ky-thuat-dien-tu-vien-thong,D90,Điểm học bạ,2024,19.0,Công nghệ Kỹ thuật Điện tử - Viễn thông
148842,TDL,cong-nghe-ky-thuat-dien-tu-vien-thong,A00,Điểm thi THPT,2024,17.0,Công nghệ Kỹ thuật Điện tử - Viễn thông
148843,TDL,cong-nghe-ky-thuat-dien-tu-vien-thong,A01,Điểm thi THPT,2024,17.0,Công nghệ Kỹ thuật Điện tử - Viễn thông
148844,TDL,cong-nghe-ky-thuat-dien-tu-vien-thong,A12,Điểm thi THPT,2024,17.0,Công nghệ Kỹ thuật Điện tử - Viễn thông
148845,TDL,cong-nghe-ky-thuat-dien-tu-vien-thong,D90,Điểm thi THPT,2024,17.0,Công nghệ Kỹ thuật Điện tử - Viễn thông
148846,TDL,cong-nghe-ky-thuat-dien-tu-vien-thong,A00,Điểm học bạ,2025,20.5,Công nghệ kỹ thuật Điện tử - Viễn thông
148847,TDL,cong-nghe-ky-thuat-dien-tu-vien-thong,A01,Điểm học bạ,2025,20.5,Công nghệ kỹ thuật Điện tử - Viễn thông
148848,TDL,cong-nghe-ky-thuat-dien-tu-vien-thong,A02,Điểm học bạ,2025,20.5,Công nghệ kỹ thuật Điện tử - Viễn thông
148849,TDL,cong-nghe-ky-thuat-dien-tu-vien-thong,X06,Điểm học bạ,2025,20.5,Công nghệ kỹ thuật Điện tử - Viễn thông
148850,TDL,cong-nghe-ky-thuat-dien-tu-vien-thong,X07,Điểm học bạ,2025,20.5,Công nghệ kỹ thuật Điện tử - Viễn thông
148851,TDL,cong-nghe-ky-thuat-dien-tu-vien-thong,A00,Điểm thi THPT,2025,17.5,Công nghệ kỹ thuật Điện tử - Viễn thông
148852,TDL,cong-nghe-ky-thuat-dien-tu-vien-thong,A01,Điểm thi THPT,2025,17.5,Công nghệ kỹ thuật Điện tử - Viễn thông
148853,TDL,cong-nghe-ky-thuat-dien-tu-vien-thong,A02,Điểm thi THPT,2025,17.5,Công nghệ kỹ thuật Điện tử - Viễn thông
148854,TDL,cong-nghe-ky-thuat-dien-tu-vien-thong,X06,Điểm thi THPT,2025,17.5,Công nghệ kỹ thuật Điện tử - Viễn thông
148855,TDL,cong-nghe-ky-thuat-dien-tu-vien-thong,X07,Điểm thi THPT,2025,17.5,Công nghệ kỹ thuật Điện tử - Viễn thông
148856,TDL,cong-nghe-ky-thuat-dieu-khien-va-tu-dong-hoa,A00,Điểm học bạ,2023,18.0,Công nghệ kỹ thuật điều khiển và tự động hóa
148857,TDL,cong-nghe-ky-thuat-dieu-khien-va-tu-dong-hoa,A01,Điểm học bạ,2023,18.0,Công nghệ kỹ thuật điều khiển và tự động hóa
148858,TDL,cong-nghe-ky-thuat-dieu-khien-va-tu-dong-hoa,A12,Điểm học bạ,2023,18.0,Công nghệ kỹ thuật điều khiển và tự động hóa
148859,TDL,cong-nghe-ky-thuat-dieu-khien-va-tu-dong-hoa,D90,Điểm học bạ,2023,18.0,Công nghệ kỹ thuật điều khiển và tự động hóa
148860,TDL,cong-nghe-ky-thuat-dieu-khien-va-tu-dong-hoa,A00,Điểm thi THPT,2023,16.0,Công nghệ kỹ thuật điều khiển và tự động hóa
148861,TDL,cong-nghe-ky-thuat-dieu-khien-va-tu-dong-hoa,A01,Điểm thi THPT,2023,16.0,Công nghệ kỹ thuật điều khiển và tự động hóa
148862,TDL,cong-nghe-ky-thuat-dieu-khien-va-tu-dong-hoa,A12,Điểm thi THPT,2023,16.0,Công nghệ kỹ thuật điều khiển và tự động hóa
148863,TDL,cong-nghe-ky-thuat-dieu-khien-va-tu-dong-hoa,D90,Điểm thi THPT,2023,16.0,Công nghệ kỹ thuật điều khiển và tự động hóa
148864,TDL,cong-nghe-ky-thuat-dieu-khien-va-tu-dong-hoa,A00,Điểm học bạ,2024,19.0,Công nghệ kỹ thuật điều khiển và tự động hóa
148865,TDL,cong-nghe-ky-thuat-dieu-khien-va-tu-dong-hoa,A01,Điểm học bạ,2024,19.0,Công nghệ kỹ thuật điều khiển và tự động hóa
148866,TDL,cong-nghe-ky-thuat-dieu-khien-va-tu-dong-hoa,A12,Điểm học bạ,2024,19.0,Công nghệ kỹ thuật điều khiển và tự động hóa
148867,TDL,cong-nghe-ky-thuat-dieu-khien-va-tu-dong-hoa,D90,Điểm học bạ,2024,19.0,Công nghệ kỹ thuật điều khiển và tự động hóa
148868,TDL,cong-nghe-ky-thuat-dieu-khien-va-tu-dong-hoa,A00,Điểm thi THPT,2024,17.0,Công nghệ kỹ thuật điều khiển và tự động hóa
148869,TDL,cong-nghe-ky-thuat-dieu-khien-va-tu-dong-hoa,A01,Điểm thi THPT,2024,17.0,Công nghệ kỹ thuật điều khiển và tự động hóa
148870,TDL,cong-nghe-ky-thuat-dieu-khien-va-tu-dong-hoa,A12,Điểm thi THPT,2024,17.0,Công nghệ kỹ thuật điều khiển và tự động hóa
148871,TDL,cong-nghe-ky-thuat-dieu-khien-va-tu-dong-hoa,D90,Điểm thi THPT,2024,17.0,Công nghệ kỹ thuật điều khiển và tự động hóa
148872,TDL,cong-nghe-ky-thuat-dieu-khien-va-tu-dong-hoa,A00,Điểm học bạ,2025,21.0,Công nghệ kỹ thuật điều khiển và tự động hóa
148873,TDL,cong-nghe-ky-thuat-dieu-khien-va-tu-dong-hoa,A01,Điểm học bạ,2025,21.0,Công nghệ kỹ thuật điều khiển và tự động hóa
148874,TDL,cong-nghe-ky-thuat-dieu-khien-va-tu-dong-hoa,A02,Điểm học bạ,2025,21.0,Công nghệ kỹ thuật điều khiển và tự động hóa
148875,TDL,cong-nghe-ky-thuat-dieu-khien-va-tu-dong-hoa,X06,Điểm học bạ,2025,21.0,Công nghệ kỹ thuật điều khiển và tự động hóa
148876,TDL,cong-nghe-ky-thuat-dieu-khien-va-tu-dong-hoa,X07,Điểm học bạ,2025,21.0,Công nghệ kỹ thuật điều khiển và tự động hóa
148877,TDL,cong-nghe-ky-thuat-dieu-khien-va-tu-dong-hoa,A00,Điểm thi THPT,2025,18.0,Công nghệ kỹ thuật điều khiển và tự động hóa
148878,TDL,cong-nghe-ky-thuat-dieu-khien-va-tu-dong-hoa,A01,Điểm thi THPT,2025,18.0,Công nghệ kỹ thuật điều khiển và tự động hóa
148879,TDL,cong-nghe-ky-thuat-dieu-khien-va-tu-dong-hoa,A02,Điểm thi THPT,2025,18.0,Công nghệ kỹ thuật điều khiển và tự động hóa
148880,TDL,cong-nghe-ky-thuat-dieu-khien-va-tu-dong-hoa,X06,Điểm thi THPT,2025,18.0,Công nghệ kỹ thuật điều khiển và tự động hóa
148881,TDL,cong-nghe-ky-thuat-dieu-khien-va-tu-dong-hoa,X07,Điểm thi THPT,2025,18.0,Công nghệ kỹ thuật điều khiển và tự động hóa
148882,TDL,cong-nghe-ky-thuat-moi-truong,A00,Điểm học bạ,2021,18.0,Công nghệ kỹ thuật môi trường
148883,TDL,cong-nghe-ky-thuat-moi-truong,B00,Điểm học bạ,2021,18.0,Công nghệ kỹ thuật môi trường
148884,TDL,cong-nghe-ky-thuat-moi-truong,D07,Điểm học bạ,2021,18.0,Công nghệ kỹ thuật môi trường
148885,TDL,cong-nghe-ky-thuat-moi-truong,D90,Điểm học bạ,2021,18.0,Công nghệ kỹ thuật môi trường
148886,TDL,cong-nghe-ky-thuat-moi-truong,A00,Điểm thi THPT,2021,16.0,Công nghệ kỹ thuật môi trường
148887,TDL,cong-nghe-ky-thuat-moi-truong,B00,Điểm thi THPT,2021,16.0,Công nghệ kỹ thuật môi trường
148888,TDL,cong-nghe-ky-thuat-moi-truong,D07,Điểm thi THPT,2021,16.0,Công nghệ kỹ thuật môi trường
148889,TDL,cong-nghe-ky-thuat-moi-truong,D90,Điểm thi THPT,2021,16.0,Công nghệ kỹ thuật môi trường
148890,TDL,cong-nghe-ky-thuat-moi-truong,A00,Điểm học bạ,2022,18.0,Công nghệ kỹ thuật môi trường
148891,TDL,cong-nghe-ky-thuat-moi-truong,B00,Điểm học bạ,2022,18.0,Công nghệ kỹ thuật môi trường
148892,TDL,cong-nghe-ky-thuat-moi-truong,D07,Điểm học bạ,2022,18.0,Công nghệ kỹ thuật môi trường
148893,TDL,cong-nghe-ky-thuat-moi-truong,D90,Điểm học bạ,2022,18.0,Công nghệ kỹ thuật môi trường
148894,TDL,cong-nghe-ky-thuat-moi-truong,A00,Điểm thi THPT,2022,16.0,Công nghệ kỹ thuật môi trường
148895,TDL,cong-nghe-ky-thuat-moi-truong,B00,Điểm thi THPT,2022,16.0,Công nghệ kỹ thuật môi trường
148896,TDL,cong-nghe-ky-thuat-moi-truong,D07,Điểm thi THPT,2022,16.0,Công nghệ kỹ thuật môi trường
148897,TDL,cong-nghe-ky-thuat-moi-truong,D90,Điểm thi THPT,2022,16.0,Công nghệ kỹ thuật môi trường
148898,TDL,cong-nghe-ky-thuat-moi-truong,A00,Điểm học bạ,2023,18.0,Công nghệ kỹ thuật môi trường
148899,TDL,cong-nghe-ky-thuat-moi-truong,B00,Điểm học bạ,2023,18.0,Công nghệ kỹ thuật môi trường
148900,TDL,cong-nghe-ky-thuat-moi-truong,D07,Điểm học bạ,2023,18.0,Công nghệ kỹ thuật môi trường
148901,TDL,cong-nghe-ky-thuat-moi-truong,D90,Điểm học bạ,2023,18.0,Công nghệ kỹ thuật môi trường
148902,TDL,cong-nghe-ky-thuat-moi-truong,A00,Điểm thi THPT,2023,16.0,Công nghệ kỹ thuật môi trường
148903,TDL,cong-nghe-ky-thuat-moi-truong,B00,Điểm thi THPT,2023,16.0,Công nghệ kỹ thuật môi trường
148904,TDL,cong-nghe-ky-thuat-moi-truong,D07,Điểm thi THPT,2023,16.0,Công nghệ kỹ thuật môi trường
148905,TDL,cong-nghe-ky-thuat-moi-truong,D90,Điểm thi THPT,2023,16.0,Công nghệ kỹ thuật môi trường
148906,TDL,cong-nghe-ky-thuat-moi-truong,A00,Điểm học bạ,2024,19.0,Công nghệ kỹ thuật môi trường
148907,TDL,cong-nghe-ky-thuat-moi-truong,B00,Điểm học bạ,2024,19.0,Công nghệ kỹ thuật môi trường
148908,TDL,cong-nghe-ky-thuat-moi-truong,D07,Điểm học bạ,2024,19.0,Công nghệ kỹ thuật môi trường
148909,TDL,cong-nghe-ky-thuat-moi-truong,D90,Điểm học bạ,2024,19.0,Công nghệ kỹ thuật môi trường
148910,TDL,cong-nghe-ky-thuat-moi-truong,A00,Điểm thi THPT,2024,17.0,Công nghệ kỹ thuật môi trường
148911,TDL,cong-nghe-ky-thuat-moi-truong,B00,Điểm thi THPT,2024,17.0,Công nghệ kỹ thuật môi trường
148912,TDL,cong-nghe-ky-thuat-moi-truong,D07,Điểm thi THPT,2024,17.0,Công nghệ kỹ thuật môi trường
148913,TDL,cong-nghe-ky-thuat-moi-truong,D90,Điểm thi THPT,2024,17.0,Công nghệ kỹ thuật môi trường
148914,TDL,cong-nghe-ky-thuat-moi-truong,A00,Điểm học bạ,2025,20.0,Công nghệ kỹ thuật môi trường
148915,TDL,cong-nghe-ky-thuat-moi-truong,A02,Điểm học bạ,2025,20.0,Công nghệ kỹ thuật môi trường
148916,TDL,cong-nghe-ky-thuat-moi-truong,A06,Điểm học bạ,2025,20.0,Công nghệ kỹ thuật môi trường
148917,TDL,cong-nghe-ky-thuat-moi-truong,B00,Điểm học bạ,2025,20.0,Công nghệ kỹ thuật môi trường
148918,TDL,cong-nghe-ky-thuat-moi-truong,B02,Điểm học bạ,2025,20.0,Công nghệ kỹ thuật môi trường
148919,TDL,cong-nghe-ky-thuat-moi-truong,B08,Điểm học bạ,2025,20.0,Công nghệ kỹ thuật môi trường
148920,TDL,cong-nghe-ky-thuat-moi-truong,D07,Điểm học bạ,2025,20.0,Công nghệ kỹ thuật môi trường
148921,TDL,cong-nghe-ky-thuat-moi-truong,X09,Điểm học bạ,2025,20.0,Công nghệ kỹ thuật môi trường
148922,TDL,cong-nghe-ky-thuat-moi-truong,X10,Điểm học bạ,2025,20.0,Công nghệ kỹ thuật môi trường
148923,TDL,cong-nghe-ky-thuat-moi-truong,X11,Điểm học bạ,2025,20.0,Công nghệ kỹ thuật môi trường
148924,TDL,cong-nghe-ky-thuat-moi-truong,X12,Điểm học bạ,2025,20.0,Công nghệ kỹ thuật môi trường
148925,TDL,cong-nghe-ky-thuat-moi-truong,X14,Điểm học bạ,2025,20.0,Công nghệ kỹ thuật môi trường
148926,TDL,cong-nghe-ky-thuat-moi-truong,X15,Điểm học bạ,2025,20.0,Công nghệ kỹ thuật môi trường
148927,TDL,cong-nghe-ky-thuat-moi-truong,X16,Điểm học bạ,2025,20.0,Công nghệ kỹ thuật môi trường
148928,TDL,cong-nghe-ky-thuat-moi-truong,A00,Điểm thi THPT,2025,17.0,Công nghệ kỹ thuật môi trường
148929,TDL,cong-nghe-ky-thuat-moi-truong,A02,Điểm thi THPT,2025,17.0,Công nghệ kỹ thuật môi trường
148930,TDL,cong-nghe-ky-thuat-moi-truong,A06,Điểm thi THPT,2025,17.0,Công nghệ kỹ thuật môi trường
148931,TDL,cong-nghe-ky-thuat-moi-truong,B00,Điểm thi THPT,2025,17.0,Công nghệ kỹ thuật môi trường
148932,TDL,cong-nghe-ky-thuat-moi-truong,B02,Điểm thi THPT,2025,17.0,Công nghệ kỹ thuật môi trường
148933,TDL,cong-nghe-ky-thuat-moi-truong,B08,Điểm thi THPT,2025,17.0,Công nghệ kỹ thuật môi trường
148934,TDL,cong-nghe-ky-thuat-moi-truong,D07,Điểm thi THPT,2025,17.0,Công nghệ kỹ thuật môi trường
148935,TDL,cong-nghe-ky-thuat-moi-truong,X09,Điểm thi THPT,2025,17.0,Công nghệ kỹ thuật môi trường
148936,TDL,cong-nghe-ky-thuat-moi-truong,X10,Điểm thi THPT,2025,17.0,Công nghệ kỹ thuật môi trường
148937,TDL,cong-nghe-ky-thuat-moi-truong,X11,Điểm thi THPT,2025,17.0,Công nghệ kỹ thuật môi trường
148938,TDL,cong-nghe-ky-thuat-moi-truong,X12,Điểm thi THPT,2025,17.0,Công nghệ kỹ thuật môi trường
148939,TDL,cong-nghe-ky-thuat-moi-truong,X14,Điểm thi THPT,2025,17.0,Công nghệ kỹ thuật môi trường
148940,TDL,cong-nghe-ky-thuat-moi-truong,X15,Điểm thi THPT,2025,17.0,Công nghệ kỹ thuật môi trường
148941,TDL,cong-nghe-ky-thuat-moi-truong,X16,Điểm thi THPT,2025,17.0,Công nghệ kỹ thuật môi trường
148942,TDL,cong-nghe-sau-thu-hoach,A00,Điểm học bạ,2021,18.0,Công nghệ sau thu hoạch
148943,TDL,cong-nghe-sau-thu-hoach,B00,Điểm học bạ,2021,18.0,Công nghệ sau thu hoạch
148944,TDL,cong-nghe-sau-thu-hoach,B08,Điểm học bạ,2021,18.0,Công nghệ sau thu hoạch
148945,TDL,cong-nghe-sau-thu-hoach,D90,Điểm học bạ,2021,18.0,Công nghệ sau thu hoạch
148946,TDL,cong-nghe-sau-thu-hoach,A00,Điểm thi THPT,2021,16.0,Công nghệ sau thu hoạch
148947,TDL,cong-nghe-sau-thu-hoach,B00,Điểm thi THPT,2021,16.0,Công nghệ sau thu hoạch
148948,TDL,cong-nghe-sau-thu-hoach,B08,Điểm thi THPT,2021,16.0,Công nghệ sau thu hoạch
148949,TDL,cong-nghe-sau-thu-hoach,D90,Điểm thi THPT,2021,16.0,Công nghệ sau thu hoạch
148950,TDL,cong-nghe-sau-thu-hoach,A00,Điểm học bạ,2022,18.0,Công nghệ sau thu hoạch
148951,TDL,cong-nghe-sau-thu-hoach,B00,Điểm học bạ,2022,18.0,Công nghệ sau thu hoạch
148952,TDL,cong-nghe-sau-thu-hoach,B08,Điểm học bạ,2022,18.0,Công nghệ sau thu hoạch
148953,TDL,cong-nghe-sau-thu-hoach,D90,Điểm học bạ,2022,18.0,Công nghệ sau thu hoạch
148954,TDL,cong-nghe-sau-thu-hoach,A00,Điểm thi THPT,2022,16.0,Công nghệ sau thu hoạch
148955,TDL,cong-nghe-sau-thu-hoach,B00,Điểm thi THPT,2022,16.0,Công nghệ sau thu hoạch
148956,TDL,cong-nghe-sau-thu-hoach,B08,Điểm thi THPT,2022,16.0,Công nghệ sau thu hoạch
148957,TDL,cong-nghe-sau-thu-hoach,D90,Điểm thi THPT,2022,16.0,Công nghệ sau thu hoạch
148958,TDL,cong-nghe-sau-thu-hoach,A00,Điểm học bạ,2023,18.0,Công nghệ sau thu hoạch
148959,TDL,cong-nghe-sau-thu-hoach,B00,Điểm học bạ,2023,18.0,Công nghệ sau thu hoạch
148960,TDL,cong-nghe-sau-thu-hoach,B08,Điểm học bạ,2023,18.0,Công nghệ sau thu hoạch
148961,TDL,cong-nghe-sau-thu-hoach,D90,Điểm học bạ,2023,18.0,Công nghệ sau thu hoạch
148962,TDL,cong-nghe-sau-thu-hoach,A00,Điểm thi THPT,2023,16.0,Công nghệ sau thu hoạch
148963,TDL,cong-nghe-sau-thu-hoach,B00,Điểm thi THPT,2023,16.0,Công nghệ sau thu hoạch
148964,TDL,cong-nghe-sau-thu-hoach,B08,Điểm thi THPT,2023,16.0,Công nghệ sau thu hoạch
148965,TDL,cong-nghe-sau-thu-hoach,D90,Điểm thi THPT,2023,16.0,Công nghệ sau thu hoạch
148966,TDL,cong-nghe-sau-thu-hoach,A00,Điểm học bạ,2024,19.0,Công nghệ Sau thu hoạch
148967,TDL,cong-nghe-sau-thu-hoach,B00,Điểm học bạ,2024,19.0,Công nghệ Sau thu hoạch
148968,TDL,cong-nghe-sau-thu-hoach,B08,Điểm học bạ,2024,19.0,Công nghệ Sau thu hoạch
148969,TDL,cong-nghe-sau-thu-hoach,D90,Điểm học bạ,2024,19.0,Công nghệ Sau thu hoạch
148970,TDL,cong-nghe-sau-thu-hoach,A00,Điểm thi THPT,2024,17.0,Công nghệ Sau thu hoạch
148971,TDL,cong-nghe-sau-thu-hoach,B00,Điểm thi THPT,2024,17.0,Công nghệ Sau thu hoạch
148972,TDL,cong-nghe-sau-thu-hoach,B08,Điểm thi THPT,2024,17.0,Công nghệ Sau thu hoạch
148973,TDL,cong-nghe-sau-thu-hoach,D90,Điểm thi THPT,2024,17.0,Công nghệ Sau thu hoạch
148974,TDL,cong-nghe-sau-thu-hoach,A00,Điểm học bạ,2025,20.0,Công nghệ sau thu hoạch
148975,TDL,cong-nghe-sau-thu-hoach,A02,Điểm học bạ,2025,20.0,Công nghệ sau thu hoạch
148976,TDL,cong-nghe-sau-thu-hoach,B00,Điểm học bạ,2025,20.0,Công nghệ sau thu hoạch
148977,TDL,cong-nghe-sau-thu-hoach,B08,Điểm học bạ,2025,20.0,Công nghệ sau thu hoạch
148978,TDL,cong-nghe-sau-thu-hoach,D07,Điểm học bạ,2025,20.0,Công nghệ sau thu hoạch
148979,TDL,cong-nghe-sau-thu-hoach,X08,Điểm học bạ,2025,20.0,Công nghệ sau thu hoạch
148980,TDL,cong-nghe-sau-thu-hoach,X09,Điểm học bạ,2025,20.0,Công nghệ sau thu hoạch
148981,TDL,cong-nghe-sau-thu-hoach,X10,Điểm học bạ,2025,20.0,Công nghệ sau thu hoạch
148982,TDL,cong-nghe-sau-thu-hoach,X12,Điểm học bạ,2025,20.0,Công nghệ sau thu hoạch
148983,TDL,cong-nghe-sau-thu-hoach,X13,Điểm học bạ,2025,20.0,Công nghệ sau thu hoạch
148984,TDL,cong-nghe-sau-thu-hoach,X14,Điểm học bạ,2025,20.0,Công nghệ sau thu hoạch
148985,TDL,cong-nghe-sau-thu-hoach,X16,Điểm học bạ,2025,20.0,Công nghệ sau thu hoạch
148986,TDL,cong-nghe-sau-thu-hoach,X28,Điểm học bạ,2025,20.0,Công nghệ sau thu hoạch
148987,TDL,cong-nghe-sau-thu-hoach,X55,Điểm học bạ,2025,20.0,Công nghệ sau thu hoạch
148988,TDL,cong-nghe-sau-thu-hoach,X57,Điểm học bạ,2025,20.0,Công nghệ sau thu hoạch
148989,TDL,cong-nghe-sau-thu-hoach,A00,Điểm thi THPT,2025,17.0,Công nghệ sau thu hoạch
148990,TDL,cong-nghe-sau-thu-hoach,A02,Điểm thi THPT,2025,17.0,Công nghệ sau thu hoạch
148991,TDL,cong-nghe-sau-thu-hoach,B00,Điểm thi THPT,2025,17.0,Công nghệ sau thu hoạch
148992,TDL,cong-nghe-sau-thu-hoach,B08,Điểm thi THPT,2025,17.0,Công nghệ sau thu hoạch
148993,TDL,cong-nghe-sau-thu-hoach,D07,Điểm thi THPT,2025,17.0,Công nghệ sau thu hoạch
148994,TDL,cong-nghe-sau-thu-hoach,X08,Điểm thi THPT,2025,17.0,Công nghệ sau thu hoạch
148995,TDL,cong-nghe-sau-thu-hoach,X09,Điểm thi THPT,2025,17.0,Công nghệ sau thu hoạch
148996,TDL,cong-nghe-sau-thu-hoach,X10,Điểm thi THPT,2025,17.0,Công nghệ sau thu hoạch
148997,TDL,cong-nghe-sau-thu-hoach,X12,Điểm thi THPT,2025,17.0,Công nghệ sau thu hoạch
148998,TDL,cong-nghe-sau-thu-hoach,X13,Điểm thi THPT,2025,17.0,Công nghệ sau thu hoạch
148999,TDL,cong-nghe-sau-thu-hoach,X14,Điểm thi THPT,2025,17.0,Công nghệ sau thu hoạch
149000,TDL,cong-nghe-sau-thu-hoach,X16,Điểm thi THPT,2025,17.0,Công nghệ sau thu hoạch
149001,TDL,cong-nghe-sau-thu-hoach,X28,Điểm thi THPT,2025,17.0,Công nghệ sau thu hoạch
149002,TDL,cong-nghe-sau-thu-hoach,X55,Điểm thi THPT,2025,17.0,Công nghệ sau thu hoạch
149003,TDL,cong-nghe-sau-thu-hoach,X57,Điểm thi THPT,2025,17.0,Công nghệ sau thu hoạch
149004,TDL,cong-nghe-sinh-hoc,A00,Điểm học bạ,2021,18.0,Công nghệ sinh học
149005,TDL,cong-nghe-sinh-hoc,B00,Điểm học bạ,2021,18.0,Công nghệ sinh học
149006,TDL,cong-nghe-sinh-hoc,B08,Điểm học bạ,2021,18.0,Công nghệ sinh học
149007,TDL,cong-nghe-sinh-hoc,D90,Điểm học bạ,2021,18.0,Công nghệ sinh học
149008,TDL,cong-nghe-sinh-hoc,A00,Điểm thi THPT,2021,16.0,Công nghệ sinh học
149009,TDL,cong-nghe-sinh-hoc,B00,Điểm thi THPT,2021,16.0,Công nghệ sinh học
149010,TDL,cong-nghe-sinh-hoc,B08,Điểm thi THPT,2021,16.0,Công nghệ sinh học
149011,TDL,cong-nghe-sinh-hoc,D90,Điểm thi THPT,2021,16.0,Công nghệ sinh học
149012,TDL,cong-nghe-sinh-hoc,A00,Điểm học bạ,2022,18.0,Công nghệ sinh học
149013,TDL,cong-nghe-sinh-hoc,B00,Điểm học bạ,2022,18.0,Công nghệ sinh học
149014,TDL,cong-nghe-sinh-hoc,B08,Điểm học bạ,2022,18.0,Công nghệ sinh học
149015,TDL,cong-nghe-sinh-hoc,D90,Điểm học bạ,2022,18.0,Công nghệ sinh học
149016,TDL,cong-nghe-sinh-hoc,A00,Điểm thi THPT,2022,16.0,Công nghệ sinh học
149017,TDL,cong-nghe-sinh-hoc,B00,Điểm thi THPT,2022,16.0,Công nghệ sinh học
149018,TDL,cong-nghe-sinh-hoc,B08,Điểm thi THPT,2022,16.0,Công nghệ sinh học
149019,TDL,cong-nghe-sinh-hoc,D90,Điểm thi THPT,2022,16.0,Công nghệ sinh học
149020,TDL,cong-nghe-sinh-hoc,A00,Điểm học bạ,2023,18.0,Công nghệ sinh học
149021,TDL,cong-nghe-sinh-hoc,B00,Điểm học bạ,2023,18.0,Công nghệ sinh học
149022,TDL,cong-nghe-sinh-hoc,B08,Điểm học bạ,2023,18.0,Công nghệ sinh học
149023,TDL,cong-nghe-sinh-hoc,D90,Điểm học bạ,2023,18.0,Công nghệ sinh học
149024,TDL,cong-nghe-sinh-hoc,A00,Điểm thi THPT,2023,16.0,Công nghệ sinh học
149025,TDL,cong-nghe-sinh-hoc,B00,Điểm thi THPT,2023,16.0,Công nghệ sinh học
149026,TDL,cong-nghe-sinh-hoc,B08,Điểm thi THPT,2023,16.0,Công nghệ sinh học
149027,TDL,cong-nghe-sinh-hoc,D90,Điểm thi THPT,2023,16.0,Công nghệ sinh học
149028,TDL,cong-nghe-sinh-hoc,A00,Điểm học bạ,2024,19.0,Công nghệ Sinh học
149029,TDL,cong-nghe-sinh-hoc,B00,Điểm học bạ,2024,19.0,Công nghệ Sinh học
149030,TDL,cong-nghe-sinh-hoc,B08,Điểm học bạ,2024,19.0,Công nghệ Sinh học
149031,TDL,cong-nghe-sinh-hoc,D90,Điểm học bạ,2024,19.0,Công nghệ Sinh học
149032,TDL,cong-nghe-sinh-hoc,A00,Điểm thi THPT,2024,17.0,Công nghệ Sinh học
149033,TDL,cong-nghe-sinh-hoc,B00,Điểm thi THPT,2024,17.0,Công nghệ Sinh học
149034,TDL,cong-nghe-sinh-hoc,B08,Điểm thi THPT,2024,17.0,Công nghệ Sinh học
149035,TDL,cong-nghe-sinh-hoc,D90,Điểm thi THPT,2024,17.0,Công nghệ Sinh học
149036,TDL,cong-nghe-sinh-hoc,A00,Điểm học bạ,2025,20.0,Công nghệ sinh học
149037,TDL,cong-nghe-sinh-hoc,A02,Điểm học bạ,2025,20.0,Công nghệ sinh học
149038,TDL,cong-nghe-sinh-hoc,A06,Điểm học bạ,2025,20.0,Công nghệ sinh học
149039,TDL,cong-nghe-sinh-hoc,B00,Điểm học bạ,2025,20.0,Công nghệ sinh học
149040,TDL,cong-nghe-sinh-hoc,B02,Điểm học bạ,2025,20.0,Công nghệ sinh học
149041,TDL,cong-nghe-sinh-hoc,B08,Điểm học bạ,2025,20.0,Công nghệ sinh học
149042,TDL,cong-nghe-sinh-hoc,D07,Điểm học bạ,2025,20.0,Công nghệ sinh học
149043,TDL,cong-nghe-sinh-hoc,X08,Điểm học bạ,2025,20.0,Công nghệ sinh học
149044,TDL,cong-nghe-sinh-hoc,X10,Điểm học bạ,2025,20.0,Công nghệ sinh học
149045,TDL,cong-nghe-sinh-hoc,X12,Điểm học bạ,2025,20.0,Công nghệ sinh học
149046,TDL,cong-nghe-sinh-hoc,X14,Điểm học bạ,2025,20.0,Công nghệ sinh học
149047,TDL,cong-nghe-sinh-hoc,X16,Điểm học bạ,2025,20.0,Công nghệ sinh học
149048,TDL,cong-nghe-sinh-hoc,X24,Điểm học bạ,2025,20.0,Công nghệ sinh học
149049,TDL,cong-nghe-sinh-hoc,X28,Điểm học bạ,2025,20.0,Công nghệ sinh học
149050,TDL,cong-nghe-sinh-hoc,X57,Điểm học bạ,2025,20.0,Công nghệ sinh học
149051,TDL,cong-nghe-sinh-hoc,A00,Điểm thi THPT,2025,17.0,Công nghệ sinh học
149052,TDL,cong-nghe-sinh-hoc,A02,Điểm thi THPT,2025,17.0,Công nghệ sinh học
149053,TDL,cong-nghe-sinh-hoc,A06,Điểm thi THPT,2025,17.0,Công nghệ sinh học
149054,TDL,cong-nghe-sinh-hoc,B00,Điểm thi THPT,2025,17.0,Công nghệ sinh học
149055,TDL,cong-nghe-sinh-hoc,B02,Điểm thi THPT,2025,17.0,Công nghệ sinh học
149056,TDL,cong-nghe-sinh-hoc,B08,Điểm thi THPT,2025,17.0,Công nghệ sinh học
149057,TDL,cong-nghe-sinh-hoc,D07,Điểm thi THPT,2025,17.0,Công nghệ sinh học
149058,TDL,cong-nghe-sinh-hoc,X08,Điểm thi THPT,2025,17.0,Công nghệ sinh học
149059,TDL,cong-nghe-sinh-hoc,X10,Điểm thi THPT,2025,17.0,Công nghệ sinh học
149060,TDL,cong-nghe-sinh-hoc,X12,Điểm thi THPT,2025,17.0,Công nghệ sinh học
149061,TDL,cong-nghe-sinh-hoc,X14,Điểm thi THPT,2025,17.0,Công nghệ sinh học
149062,TDL,cong-nghe-sinh-hoc,X16,Điểm thi THPT,2025,17.0,Công nghệ sinh học
149063,TDL,cong-nghe-sinh-hoc,X24,Điểm thi THPT,2025,17.0,Công nghệ sinh học
149064,TDL,cong-nghe-sinh-hoc,X28,Điểm thi THPT,2025,17.0,Công nghệ sinh học
149065,TDL,cong-nghe-sinh-hoc,X57,Điểm thi THPT,2025,17.0,Công nghệ sinh học
149066,TDL,cong-nghe-thong-tin,A00,Điểm học bạ,2021,18.0,Công nghệ thông tin
149067,TDL,cong-nghe-thong-tin,D07,Điểm học bạ,2021,18.0,Công nghệ thông tin
149068,TDL,cong-nghe-thong-tin,D90,Điểm học bạ,2021,18.0,Công nghệ thông tin
149069,TDL,cong-nghe-thong-tin,A00,Điểm thi THPT,2021,16.0,Công nghệ thông tin
149070,TDL,cong-nghe-thong-tin,D07,Điểm thi THPT,2021,16.0,Công nghệ thông tin
149071,TDL,cong-nghe-thong-tin,D90,Điểm thi THPT,2021,16.0,Công nghệ thông tin
149072,TDL,cong-nghe-thong-tin,A00,Điểm học bạ,2022,23.0,Công nghệ thông tin
149073,TDL,cong-nghe-thong-tin,D07,Điểm học bạ,2022,23.0,Công nghệ thông tin
149074,TDL,cong-nghe-thong-tin,D90,Điểm học bạ,2022,23.0,Công nghệ thông tin
149075,TDL,cong-nghe-thong-tin,A00,Điểm thi THPT,2022,16.0,Công nghệ thông tin
149076,TDL,cong-nghe-thong-tin,D07,Điểm thi THPT,2022,16.0,Công nghệ thông tin
149077,TDL,cong-nghe-thong-tin,D90,Điểm thi THPT,2022,16.0,Công nghệ thông tin
149078,TDL,cong-nghe-thong-tin,A00,Điểm học bạ,2023,21.0,Công nghệ thông tin
149079,TDL,cong-nghe-thong-tin,A01,Điểm học bạ,2023,21.0,Công nghệ thông tin
149080,TDL,cong-nghe-thong-tin,D07,Điểm học bạ,2023,21.0,Công nghệ thông tin
149081,TDL,cong-nghe-thong-tin,D90,Điểm học bạ,2023,21.0,Công nghệ thông tin
149082,TDL,cong-nghe-thong-tin,A00,Điểm thi THPT,2023,16.0,Công nghệ thông tin
149083,TDL,cong-nghe-thong-tin,A01,Điểm thi THPT,2023,16.0,Công nghệ thông tin
149084,TDL,cong-nghe-thong-tin,D07,Điểm thi THPT,2023,16.0,Công nghệ thông tin
149085,TDL,cong-nghe-thong-tin,D90,Điểm thi THPT,2023,16.0,Công nghệ thông tin
149086,TDL,cong-nghe-thong-tin,A00,Điểm học bạ,2024,24.0,Công nghệ Thông tin
149087,TDL,cong-nghe-thong-tin,A01,Điểm học bạ,2024,24.0,Công nghệ Thông tin
149088,TDL,cong-nghe-thong-tin,D07,Điểm học bạ,2024,24.0,Công nghệ Thông tin
149089,TDL,cong-nghe-thong-tin,D90,Điểm học bạ,2024,24.0,Công nghệ Thông tin
149090,TDL,cong-nghe-thong-tin,A00,Điểm thi THPT,2024,17.0,Công nghệ Thông tin
149091,TDL,cong-nghe-thong-tin,A01,Điểm thi THPT,2024,17.0,Công nghệ Thông tin
149092,TDL,cong-nghe-thong-tin,D07,Điểm thi THPT,2024,17.0,Công nghệ Thông tin
149093,TDL,cong-nghe-thong-tin,D90,Điểm thi THPT,2024,17.0,Công nghệ Thông tin
149094,TDL,cong-nghe-thong-tin,A00,Điểm học bạ,2025,20.0,Công nghệ thông tin
149095,TDL,cong-nghe-thong-tin,A01,Điểm học bạ,2025,20.0,Công nghệ thông tin
149096,TDL,cong-nghe-thong-tin,A02,Điểm học bạ,2025,20.0,Công nghệ thông tin
149097,TDL,cong-nghe-thong-tin,D07,Điểm học bạ,2025,20.0,Công nghệ thông tin
149098,TDL,cong-nghe-thong-tin,X06,Điểm học bạ,2025,20.0,Công nghệ thông tin
149099,TDL,cong-nghe-thong-tin,X07,Điểm học bạ,2025,20.0,Công nghệ thông tin
149100,TDL,cong-nghe-thong-tin,X10,Điểm học bạ,2025,20.0,Công nghệ thông tin
149101,TDL,cong-nghe-thong-tin,X11,Điểm học bạ,2025,20.0,Công nghệ thông tin
149102,TDL,cong-nghe-thong-tin,X26,Điểm học bạ,2025,20.0,Công nghệ thông tin
149103,TDL,cong-nghe-thong-tin,X27,Điểm học bạ,2025,20.0,Công nghệ thông tin
149104,TDL,cong-nghe-thong-tin,X56,Điểm học bạ,2025,20.0,Công nghệ thông tin
149105,TDL,cong-nghe-thong-tin,A00,Điểm thi THPT,2025,17.0,Công nghệ thông tin
149106,TDL,cong-nghe-thong-tin,A01,Điểm thi THPT,2025,17.0,Công nghệ thông tin
149107,TDL,cong-nghe-thong-tin,A02,Điểm thi THPT,2025,17.0,Công nghệ thông tin
149108,TDL,cong-nghe-thong-tin,D07,Điểm thi THPT,2025,17.0,Công nghệ thông tin
149109,TDL,cong-nghe-thong-tin,X06,Điểm thi THPT,2025,17.0,Công nghệ thông tin
149110,TDL,cong-nghe-thong-tin,X07,Điểm thi THPT,2025,17.0,Công nghệ thông tin
149111,TDL,cong-nghe-thong-tin,X10,Điểm thi THPT,2025,17.0,Công nghệ thông tin
149112,TDL,cong-nghe-thong-tin,X11,Điểm thi THPT,2025,17.0,Công nghệ thông tin
149113,TDL,cong-nghe-thong-tin,X26,Điểm thi THPT,2025,17.0,Công nghệ thông tin
149114,TDL,cong-nghe-thong-tin,X27,Điểm thi THPT,2025,17.0,Công nghệ thông tin
149115,TDL,cong-nghe-thong-tin,X56,Điểm thi THPT,2025,17.0,Công nghệ thông tin
149116,TDL,cong-nghe-thuc-pham,A00,Điểm học bạ,2021,18.0,Công nghệ thực phẩm
149117,TDL,cong-nghe-thuc-pham,A02,Điểm học bạ,2021,18.0,Công nghệ thực phẩm
149118,TDL,cong-nghe-thuc-pham,B00,Điểm học bạ,2021,18.0,Công nghệ thực phẩm
149119,TDL,cong-nghe-thuc-pham,D07,Điểm học bạ,2021,18.0,Công nghệ thực phẩm
149120,TDL,cong-nghe-thuc-pham,A00,Điểm thi THPT,2021,16.0,Công nghệ thực phẩm
149121,TDL,cong-nghe-thuc-pham,A02,Điểm thi THPT,2021,16.0,Công nghệ thực phẩm
149122,TDL,cong-nghe-thuc-pham,B00,Điểm thi THPT,2021,16.0,Công nghệ thực phẩm
149123,TDL,cong-nghe-thuc-pham,D07,Điểm thi THPT,2021,16.0,Công nghệ thực phẩm
149124,TDL,cong-nghe-thuc-pham,A00,Điểm học bạ,2022,18.0,Công nghệ thực phẩm
149125,TDL,cong-nghe-thuc-pham,B00,Điểm học bạ,2022,18.0,Công nghệ thực phẩm
149126,TDL,cong-nghe-thuc-pham,D07,Điểm học bạ,2022,18.0,Công nghệ thực phẩm
149127,TDL,cong-nghe-thuc-pham,D90,Điểm học bạ,2022,18.0,Công nghệ thực phẩm
149128,TDL,cong-nghe-thuc-pham,A00,Điểm thi THPT,2022,16.0,Công nghệ thực phẩm
149129,TDL,cong-nghe-thuc-pham,B00,Điểm thi THPT,2022,16.0,Công nghệ thực phẩm
149130,TDL,cong-nghe-thuc-pham,D07,Điểm thi THPT,2022,16.0,Công nghệ thực phẩm
149131,TDL,cong-nghe-thuc-pham,D90,Điểm thi THPT,2022,16.0,Công nghệ thực phẩm
149132,TDL,cong-nghe-thuc-pham,A00,Điểm học bạ,2023,18.0,Công nghệ thực phẩm
149133,TDL,cong-nghe-thuc-pham,A02,Điểm học bạ,2023,18.0,Công nghệ thực phẩm
149134,TDL,cong-nghe-thuc-pham,B00,Điểm học bạ,2023,18.0,Công nghệ thực phẩm
149135,TDL,cong-nghe-thuc-pham,D07,Điểm học bạ,2023,18.0,Công nghệ thực phẩm
149136,TDL,cong-nghe-thuc-pham,A00,Điểm thi THPT,2023,16.0,Công nghệ thực phẩm
149137,TDL,cong-nghe-thuc-pham,A02,Điểm thi THPT,2023,16.0,Công nghệ thực phẩm
149138,TDL,cong-nghe-thuc-pham,B00,Điểm thi THPT,2023,16.0,Công nghệ thực phẩm
149139,TDL,cong-nghe-thuc-pham,D07,Điểm thi THPT,2023,16.0,Công nghệ thực phẩm
149140,TDL,cong-nghe-thuc-pham,A00,Điểm học bạ,2024,19.0,Công nghệ thực phẩm
149141,TDL,cong-nghe-thuc-pham,A02,Điểm học bạ,2024,19.0,Công nghệ thực phẩm
149142,TDL,cong-nghe-thuc-pham,B00,Điểm học bạ,2024,19.0,Công nghệ thực phẩm
149143,TDL,cong-nghe-thuc-pham,D07,Điểm học bạ,2024,19.0,Công nghệ thực phẩm
149144,TDL,cong-nghe-thuc-pham,A00,Điểm thi THPT,2024,17.0,Công nghệ thực phẩm
149145,TDL,cong-nghe-thuc-pham,A02,Điểm thi THPT,2024,17.0,Công nghệ thực phẩm
149146,TDL,cong-nghe-thuc-pham,B00,Điểm thi THPT,2024,17.0,Công nghệ thực phẩm
149147,TDL,cong-nghe-thuc-pham,D07,Điểm thi THPT,2024,17.0,Công nghệ thực phẩm
149148,TDL,cong-nghe-thuc-pham,A00,Điểm học bạ,2025,22.0,Công nghệ thực phẩm
149149,TDL,cong-nghe-thuc-pham,A02,Điểm học bạ,2025,22.0,Công nghệ thực phẩm
149150,TDL,cong-nghe-thuc-pham,B00,Điểm học bạ,2025,22.0,Công nghệ thực phẩm
149151,TDL,cong-nghe-thuc-pham,B08,Điểm học bạ,2025,22.0,Công nghệ thực phẩm
149152,TDL,cong-nghe-thuc-pham,D07,Điểm học bạ,2025,22.0,Công nghệ thực phẩm
149153,TDL,cong-nghe-thuc-pham,X08,Điểm học bạ,2025,22.0,Công nghệ thực phẩm
149154,TDL,cong-nghe-thuc-pham,X09,Điểm học bạ,2025,22.0,Công nghệ thực phẩm
149155,TDL,cong-nghe-thuc-pham,X10,Điểm học bạ,2025,22.0,Công nghệ thực phẩm
149156,TDL,cong-nghe-thuc-pham,X12,Điểm học bạ,2025,22.0,Công nghệ thực phẩm
149157,TDL,cong-nghe-thuc-pham,X13,Điểm học bạ,2025,22.0,Công nghệ thực phẩm
149158,TDL,cong-nghe-thuc-pham,X14,Điểm học bạ,2025,22.0,Công nghệ thực phẩm
149159,TDL,cong-nghe-thuc-pham,X16,Điểm học bạ,2025,22.0,Công nghệ thực phẩm
149160,TDL,cong-nghe-thuc-pham,X28,Điểm học bạ,2025,22.0,Công nghệ thực phẩm
149161,TDL,cong-nghe-thuc-pham,X55,Điểm học bạ,2025,22.0,Công nghệ thực phẩm
149162,TDL,cong-nghe-thuc-pham,X57,Điểm học bạ,2025,22.0,Công nghệ thực phẩm
149163,TDL,cong-nghe-thuc-pham,A00,Điểm thi THPT,2025,19.0,Công nghệ thực phẩm
149164,TDL,cong-nghe-thuc-pham,A02,Điểm thi THPT,2025,19.0,Công nghệ thực phẩm
149165,TDL,cong-nghe-thuc-pham,B00,Điểm thi THPT,2025,19.0,Công nghệ thực phẩm
149166,TDL,cong-nghe-thuc-pham,B08,Điểm thi THPT,2025,19.0,Công nghệ thực phẩm
149167,TDL,cong-nghe-thuc-pham,D07,Điểm thi THPT,2025,19.0,Công nghệ thực phẩm
149168,TDL,cong-nghe-thuc-pham,X08,Điểm thi THPT,2025,19.0,Công nghệ thực phẩm
149169,TDL,cong-nghe-thuc-pham,X09,Điểm thi THPT,2025,19.0,Công nghệ thực phẩm
149170,TDL,cong-nghe-thuc-pham,X10,Điểm thi THPT,2025,19.0,Công nghệ thực phẩm
149171,TDL,cong-nghe-thuc-pham,X12,Điểm thi THPT,2025,19.0,Công nghệ thực phẩm
149172,TDL,cong-nghe-thuc-pham,X13,Điểm thi THPT,2025,19.0,Công nghệ thực phẩm
149173,TDL,cong-nghe-thuc-pham,X14,Điểm thi THPT,2025,19.0,Công nghệ thực phẩm
149174,TDL,cong-nghe-thuc-pham,X16,Điểm thi THPT,2025,19.0,Công nghệ thực phẩm
149175,TDL,cong-nghe-thuc-pham,X28,Điểm thi THPT,2025,19.0,Công nghệ thực phẩm
149176,TDL,cong-nghe-thuc-pham,X55,Điểm thi THPT,2025,19.0,Công nghệ thực phẩm
149177,TDL,cong-nghe-thuc-pham,X57,Điểm thi THPT,2025,19.0,Công nghệ thực phẩm
149178,TDL,cong-tac-xa-hoi,C00,Điểm học bạ,2021,18.0,Công tác xã hội
149179,TDL,cong-tac-xa-hoi,C19,Điểm học bạ,2021,18.0,Công tác xã hội
149180,TDL,cong-tac-xa-hoi,C20,Điểm học bạ,2021,18.0,Công tác xã hội
149181,TDL,cong-tac-xa-hoi,D66,Điểm học bạ,2021,18.0,Công tác xã hội
149182,TDL,cong-tac-xa-hoi,C00,Điểm thi THPT,2021,16.0,Công tác xã hội
149183,TDL,cong-tac-xa-hoi,C19,Điểm thi THPT,2021,16.0,Công tác xã hội
149184,TDL,cong-tac-xa-hoi,C20,Điểm thi THPT,2021,16.0,Công tác xã hội
149185,TDL,cong-tac-xa-hoi,D66,Điểm thi THPT,2021,16.0,Công tác xã hội
149186,TDL,cong-tac-xa-hoi,C00,Điểm học bạ,2022,18.0,Công tác xã hội
149187,TDL,cong-tac-xa-hoi,C19,Điểm học bạ,2022,18.0,Công tác xã hội
149188,TDL,cong-tac-xa-hoi,C20,Điểm học bạ,2022,18.0,Công tác xã hội
149189,TDL,cong-tac-xa-hoi,D66,Điểm học bạ,2022,18.0,Công tác xã hội
149190,TDL,cong-tac-xa-hoi,C00,Điểm thi THPT,2022,16.0,Công tác xã hội
149191,TDL,cong-tac-xa-hoi,C19,Điểm thi THPT,2022,16.0,Công tác xã hội
149192,TDL,cong-tac-xa-hoi,C20,Điểm thi THPT,2022,16.0,Công tác xã hội
149193,TDL,cong-tac-xa-hoi,D66,Điểm thi THPT,2022,16.0,Công tác xã hội
149194,TDL,cong-tac-xa-hoi,C00,Điểm học bạ,2023,18.0,Công tác xã hội
149195,TDL,cong-tac-xa-hoi,C20,Điểm học bạ,2023,18.0,Công tác xã hội
149196,TDL,cong-tac-xa-hoi,D01,Điểm học bạ,2023,18.0,Công tác xã hội
149197,TDL,cong-tac-xa-hoi,D14,Điểm học bạ,2023,18.0,Công tác xã hội
149198,TDL,cong-tac-xa-hoi,C00,Điểm thi THPT,2023,16.0,Công tác xã hội
149199,TDL,cong-tac-xa-hoi,C20,Điểm thi THPT,2023,16.0,Công tác xã hội
149200,TDL,cong-tac-xa-hoi,D01,Điểm thi THPT,2023,16.0,Công tác xã hội
149201,TDL,cong-tac-xa-hoi,D14,Điểm thi THPT,2023,16.0,Công tác xã hội
149202,TDL,cong-tac-xa-hoi,C00,Điểm học bạ,2024,19.0,Công tác xã hội
149203,TDL,cong-tac-xa-hoi,C20,Điểm học bạ,2024,19.0,Công tác xã hội
149204,TDL,cong-tac-xa-hoi,D01,Điểm học bạ,2024,19.0,Công tác xã hội
149205,TDL,cong-tac-xa-hoi,D14,Điểm học bạ,2024,19.0,Công tác xã hội
149206,TDL,cong-tac-xa-hoi,C00,Điểm thi THPT,2024,17.0,Công tác xã hội
149207,TDL,cong-tac-xa-hoi,C20,Điểm thi THPT,2024,17.0,Công tác xã hội
149208,TDL,cong-tac-xa-hoi,D01,Điểm thi THPT,2024,17.0,Công tác xã hội
149209,TDL,cong-tac-xa-hoi,D14,Điểm thi THPT,2024,17.0,Công tác xã hội
149210,TDL,cong-tac-xa-hoi,C00,Điểm học bạ,2025,21.5,Công tác xã hội
149211,TDL,cong-tac-xa-hoi,C03,Điểm học bạ,2025,21.5,Công tác xã hội
149212,TDL,cong-tac-xa-hoi,C04,Điểm học bạ,2025,21.5,Công tác xã hội
149213,TDL,cong-tac-xa-hoi,D01,Điểm học bạ,2025,21.5,Công tác xã hội
149214,TDL,cong-tac-xa-hoi,D09,Điểm học bạ,2025,21.5,Công tác xã hội
149215,TDL,cong-tac-xa-hoi,D15,Điểm học bạ,2025,21.5,Công tác xã hội
149216,TDL,cong-tac-xa-hoi,X01,Điểm học bạ,2025,21.5,Công tác xã hội
149217,TDL,cong-tac-xa-hoi,X02,Điểm học bạ,2025,21.5,Công tác xã hội
149218,TDL,cong-tac-xa-hoi,X70,Điểm học bạ,2025,21.5,Công tác xã hội
149219,TDL,cong-tac-xa-hoi,X71,Điểm học bạ,2025,21.5,Công tác xã hội
149220,TDL,cong-tac-xa-hoi,X74,Điểm học bạ,2025,21.5,Công tác xã hội
149221,TDL,cong-tac-xa-hoi,X75,Điểm học bạ,2025,21.5,Công tác xã hội
149222,TDL,cong-tac-xa-hoi,X78,Điểm học bạ,2025,21.5,Công tác xã hội
149223,TDL,cong-tac-xa-hoi,X79,Điểm học bạ,2025,21.5,Công tác xã hội
149224,TDL,cong-tac-xa-hoi,Y07,Điểm học bạ,2025,21.5,Công tác xã hội
149225,TDL,cong-tac-xa-hoi,C00,Điểm thi THPT,2025,18.5,Công tác xã hội
149226,TDL,cong-tac-xa-hoi,C03,Điểm thi THPT,2025,18.5,Công tác xã hội
149227,TDL,cong-tac-xa-hoi,C04,Điểm thi THPT,2025,18.5,Công tác xã hội
149228,TDL,cong-tac-xa-hoi,D01,Điểm thi THPT,2025,18.5,Công tác xã hội
149229,TDL,cong-tac-xa-hoi,D09,Điểm thi THPT,2025,18.5,Công tác xã hội
149230,TDL,cong-tac-xa-hoi,D15,Điểm thi THPT,2025,18.5,Công tác xã hội
149231,TDL,cong-tac-xa-hoi,X01,Điểm thi THPT,2025,18.5,Công tác xã hội
149232,TDL,cong-tac-xa-hoi,X02,Điểm thi THPT,2025,18.5,Công tác xã hội
149233,TDL,cong-tac-xa-hoi,X70,Điểm thi THPT,2025,18.5,Công tác xã hội
149234,TDL,cong-tac-xa-hoi,X71,Điểm thi THPT,2025,18.5,Công tác xã hội
149235,TDL,cong-tac-xa-hoi,X74,Điểm thi THPT,2025,18.5,Công tác xã hội
149236,TDL,cong-tac-xa-hoi,X75,Điểm thi THPT,2025,18.5,Công tác xã hội
149237,TDL,cong-tac-xa-hoi,X78,Điểm thi THPT,2025,18.5,Công tác xã hội
149238,TDL,cong-tac-xa-hoi,X79,Điểm thi THPT,2025,18.5,Công tác xã hội
149239,TDL,cong-tac-xa-hoi,Y07,Điểm thi THPT,2025,18.5,Công tác xã hội
149240,TDL,dan-so-va-phat-trien,C00,Điểm học bạ,2021,18.0,Dân số và Phát triển
149241,TDL,dan-so-va-phat-trien,C19,Điểm học bạ,2021,18.0,Dân số và Phát triển
149242,TDL,dan-so-va-phat-trien,C20,Điểm học bạ,2021,18.0,Dân số và Phát triển
149243,TDL,dan-so-va-phat-trien,D66,Điểm học bạ,2021,18.0,Dân số và Phát triển
149244,TDL,dan-so-va-phat-trien,C00,Điểm thi THPT,2021,16.0,Dân số và Phát triển
149245,TDL,dan-so-va-phat-trien,C19,Điểm thi THPT,2021,16.0,Dân số và Phát triển
149246,TDL,dan-so-va-phat-trien,C20,Điểm thi THPT,2021,16.0,Dân số và Phát triển
149247,TDL,dan-so-va-phat-trien,D66,Điểm thi THPT,2021,16.0,Dân số và Phát triển
149248,TDL,dan-so-va-phat-trien,C00,Điểm học bạ,2022,18.0,Dân số và Phát triển
149249,TDL,dan-so-va-phat-trien,C19,Điểm học bạ,2022,18.0,Dân số và Phát triển
149250,TDL,dan-so-va-phat-trien,C20,Điểm học bạ,2022,18.0,Dân số và Phát triển
149251,TDL,dan-so-va-phat-trien,D66,Điểm học bạ,2022,18.0,Dân số và Phát triển
149252,TDL,dan-so-va-phat-trien,C00,Điểm thi THPT,2022,16.0,Dân số và Phát triển
149253,TDL,dan-so-va-phat-trien,C19,Điểm thi THPT,2022,16.0,Dân số và Phát triển
149254,TDL,dan-so-va-phat-trien,C20,Điểm thi THPT,2022,16.0,Dân số và Phát triển
149255,TDL,dan-so-va-phat-trien,D66,Điểm thi THPT,2022,16.0,Dân số và Phát triển
149256,TDL,dan-so-va-phat-trien,C00,Điểm học bạ,2023,18.0,Dân số và Phát triển
149257,TDL,dan-so-va-phat-trien,C20,Điểm học bạ,2023,18.0,Dân số và Phát triển
149258,TDL,dan-so-va-phat-trien,D01,Điểm học bạ,2023,18.0,Dân số và Phát triển
149259,TDL,dan-so-va-phat-trien,D14,Điểm học bạ,2023,18.0,Dân số và Phát triển
149260,TDL,dan-so-va-phat-trien,C00,Điểm thi THPT,2023,16.0,Dân số và Phát triển
149261,TDL,dan-so-va-phat-trien,C20,Điểm thi THPT,2023,16.0,Dân số và Phát triển
149262,TDL,dan-so-va-phat-trien,D01,Điểm thi THPT,2023,16.0,Dân số và Phát triển
149263,TDL,dan-so-va-phat-trien,D14,Điểm thi THPT,2023,16.0,Dân số và Phát triển
149264,TDL,dong-phuong-hoc,C00,Điểm học bạ,2021,21.0,Đông phương học
149265,TDL,dong-phuong-hoc,D01,Điểm học bạ,2021,21.0,Đông phương học
149266,TDL,dong-phuong-hoc,D78,Điểm học bạ,2021,21.0,Đông phương học
149267,TDL,dong-phuong-hoc,D96,Điểm học bạ,2021,21.0,Đông phương học
149268,TDL,dong-phuong-hoc,C00,Điểm thi THPT,2021,16.0,Đông phương học
149269,TDL,dong-phuong-hoc,D01,Điểm thi THPT,2021,16.0,Đông phương học
149270,TDL,dong-phuong-hoc,D78,Điểm thi THPT,2021,16.0,Đông phương học
149271,TDL,dong-phuong-hoc,D96,Điểm thi THPT,2021,16.0,Đông phương học
149272,TDL,dong-phuong-hoc,C00,Điểm học bạ,2022,24.0,"Đông phương học (Hàn Quốc học, Nhật Bản học)"
149273,TDL,dong-phuong-hoc,D01,Điểm học bạ,2022,24.0,"Đông phương học (Hàn Quốc học, Nhật Bản học)"
149274,TDL,dong-phuong-hoc,D78,Điểm học bạ,2022,24.0,"Đông phương học (Hàn Quốc học, Nhật Bản học)"
149275,TDL,dong-phuong-hoc,D96,Điểm học bạ,2022,24.0,"Đông phương học (Hàn Quốc học, Nhật Bản học)"
149276,TDL,dong-phuong-hoc,C00,Điểm thi THPT,2022,16.5,"Đông phương học (Hàn Quốc học, Nhật Bản học)"
149277,TDL,dong-phuong-hoc,D01,Điểm thi THPT,2022,16.5,"Đông phương học (Hàn Quốc học, Nhật Bản học)"
149278,TDL,dong-phuong-hoc,D78,Điểm thi THPT,2022,16.5,"Đông phương học (Hàn Quốc học, Nhật Bản học)"
149279,TDL,dong-phuong-hoc,D96,Điểm thi THPT,2022,16.5,"Đông phương học (Hàn Quốc học, Nhật Bản học)"
149280,TDL,dong-phuong-hoc,C00,Điểm học bạ,2023,23.0,"Đông phương học (Hàn Quốc học, Nhật Bản học)"
149281,TDL,dong-phuong-hoc,D01,Điểm học bạ,2023,23.0,"Đông phương học (Hàn Quốc học, Nhật Bản học)"
149282,TDL,dong-phuong-hoc,D78,Điểm học bạ,2023,23.0,"Đông phương học (Hàn Quốc học, Nhật Bản học)"
149283,TDL,dong-phuong-hoc,D96,Điểm học bạ,2023,23.0,"Đông phương học (Hàn Quốc học, Nhật Bản học)"
149284,TDL,dong-phuong-hoc,C00,Điểm thi THPT,2023,16.5,"Đông phương học (Hàn Quốc học, Nhật Bản học)"
149285,TDL,dong-phuong-hoc,D01,Điểm thi THPT,2023,16.5,"Đông phương học (Hàn Quốc học, Nhật Bản học)"
149286,TDL,dong-phuong-hoc,D78,Điểm thi THPT,2023,16.5,"Đông phương học (Hàn Quốc học, Nhật Bản học)"
149287,TDL,dong-phuong-hoc,D96,Điểm thi THPT,2023,16.5,"Đông phương học (Hàn Quốc học, Nhật Bản học)"
149288,TDL,dong-phuong-hoc,C00,Điểm học bạ,2024,23.0,Đông phương học (Hàn Quốc học; Nhật Bản học)
149289,TDL,dong-phuong-hoc,D01,Điểm học bạ,2024,23.0,Đông phương học (Hàn Quốc học; Nhật Bản học)
149290,TDL,dong-phuong-hoc,D78,Điểm học bạ,2024,23.0,Đông phương học (Hàn Quốc học; Nhật Bản học)
149291,TDL,dong-phuong-hoc,D96,Điểm học bạ,2024,23.0,Đông phương học (Hàn Quốc học; Nhật Bản học)
149292,TDL,dong-phuong-hoc,C00,Điểm thi THPT,2024,17.0,Đông phương học (Hàn Quốc học; Nhật Bản học)
149293,TDL,dong-phuong-hoc,D01,Điểm thi THPT,2024,17.0,Đông phương học (Hàn Quốc học; Nhật Bản học)
149294,TDL,dong-phuong-hoc,D78,Điểm thi THPT,2024,17.0,Đông phương học (Hàn Quốc học; Nhật Bản học)
149295,TDL,dong-phuong-hoc,D96,Điểm thi THPT,2024,17.0,Đông phương học (Hàn Quốc học; Nhật Bản học)
149296,TDL,dong-phuong-hoc,C00,Điểm học bạ,2025,19.5,"Đông phương học (Hàn Quốc học, Nhật Bản học)"
149297,TDL,dong-phuong-hoc,C03,Điểm học bạ,2025,19.5,"Đông phương học (Hàn Quốc học, Nhật Bản học)"
149298,TDL,dong-phuong-hoc,C04,Điểm học bạ,2025,19.5,"Đông phương học (Hàn Quốc học, Nhật Bản học)"
149299,TDL,dong-phuong-hoc,D01,Điểm học bạ,2025,19.5,"Đông phương học (Hàn Quốc học, Nhật Bản học)"
149300,TDL,dong-phuong-hoc,D09,Điểm học bạ,2025,19.5,"Đông phương học (Hàn Quốc học, Nhật Bản học)"
149301,TDL,dong-phuong-hoc,D15,Điểm học bạ,2025,19.5,"Đông phương học (Hàn Quốc học, Nhật Bản học)"
149302,TDL,dong-phuong-hoc,X01,Điểm học bạ,2025,19.5,"Đông phương học (Hàn Quốc học, Nhật Bản học)"
149303,TDL,dong-phuong-hoc,X02,Điểm học bạ,2025,19.5,"Đông phương học (Hàn Quốc học, Nhật Bản học)"
149304,TDL,dong-phuong-hoc,X70,Điểm học bạ,2025,19.5,"Đông phương học (Hàn Quốc học, Nhật Bản học)"
149305,TDL,dong-phuong-hoc,X71,Điểm học bạ,2025,19.5,"Đông phương học (Hàn Quốc học, Nhật Bản học)"
149306,TDL,dong-phuong-hoc,X74,Điểm học bạ,2025,19.5,"Đông phương học (Hàn Quốc học, Nhật Bản học)"
149307,TDL,dong-phuong-hoc,X75,Điểm học bạ,2025,19.5,"Đông phương học (Hàn Quốc học, Nhật Bản học)"
149308,TDL,dong-phuong-hoc,X78,Điểm học bạ,2025,19.5,"Đông phương học (Hàn Quốc học, Nhật Bản học)"
149309,TDL,dong-phuong-hoc,X79,Điểm học bạ,2025,19.5,"Đông phương học (Hàn Quốc học, Nhật Bản học)"
149310,TDL,dong-phuong-hoc,Y07,Điểm học bạ,2025,19.5,"Đông phương học (Hàn Quốc học, Nhật Bản học)"
149311,TDL,dong-phuong-hoc,C00,Điểm thi THPT,2025,16.5,"Đông phương học (Hàn Quốc học, Nhật Bản học)"
149312,TDL,dong-phuong-hoc,C03,Điểm thi THPT,2025,16.5,"Đông phương học (Hàn Quốc học, Nhật Bản học)"
149313,TDL,dong-phuong-hoc,C04,Điểm thi THPT,2025,16.5,"Đông phương học (Hàn Quốc học, Nhật Bản học)"
149314,TDL,dong-phuong-hoc,D01,Điểm thi THPT,2025,16.5,"Đông phương học (Hàn Quốc học, Nhật Bản học)"
149315,TDL,dong-phuong-hoc,D09,Điểm thi THPT,2025,16.5,"Đông phương học (Hàn Quốc học, Nhật Bản học)"
149316,TDL,dong-phuong-hoc,D15,Điểm thi THPT,2025,16.5,"Đông phương học (Hàn Quốc học, Nhật Bản học)"
149317,TDL,dong-phuong-hoc,X01,Điểm thi THPT,2025,16.5,"Đông phương học (Hàn Quốc học, Nhật Bản học)"
149318,TDL,dong-phuong-hoc,X02,Điểm thi THPT,2025,16.5,"Đông phương học (Hàn Quốc học, Nhật Bản học)"
149319,TDL,dong-phuong-hoc,X70,Điểm thi THPT,2025,16.5,"Đông phương học (Hàn Quốc học, Nhật Bản học)"
149320,TDL,dong-phuong-hoc,X71,Điểm thi THPT,2025,16.5,"Đông phương học (Hàn Quốc học, Nhật Bản học)"
149321,TDL,dong-phuong-hoc,X74,Điểm thi THPT,2025,16.5,"Đông phương học (Hàn Quốc học, Nhật Bản học)"
149322,TDL,dong-phuong-hoc,X75,Điểm thi THPT,2025,16.5,"Đông phương học (Hàn Quốc học, Nhật Bản học)"
149323,TDL,dong-phuong-hoc,X78,Điểm thi THPT,2025,16.5,"Đông phương học (Hàn Quốc học, Nhật Bản học)"
149324,TDL,dong-phuong-hoc,X79,Điểm thi THPT,2025,16.5,"Đông phương học (Hàn Quốc học, Nhật Bản học)"
149325,TDL,dong-phuong-hoc,Y07,Điểm thi THPT,2025,16.5,"Đông phương học (Hàn Quốc học, Nhật Bản học)"
149326,TDL,du-lich-van-hoa,C00,Điểm học bạ,2025,23.0,Du lịch văn hóa
149327,TDL,du-lich-van-hoa,C03,Điểm học bạ,2025,23.0,Du lịch văn hóa
149328,TDL,du-lich-van-hoa,C04,Điểm học bạ,2025,23.0,Du lịch văn hóa
149329,TDL,du-lich-van-hoa,D01,Điểm học bạ,2025,23.0,Du lịch văn hóa
149330,TDL,du-lich-van-hoa,D09,Điểm học bạ,2025,23.0,Du lịch văn hóa
149331,TDL,du-lich-van-hoa,D15,Điểm học bạ,2025,23.0,Du lịch văn hóa
149332,TDL,du-lich-van-hoa,X01,Điểm học bạ,2025,23.0,Du lịch văn hóa
149333,TDL,du-lich-van-hoa,X02,Điểm học bạ,2025,23.0,Du lịch văn hóa
149334,TDL,du-lich-van-hoa,X70,Điểm học bạ,2025,23.0,Du lịch văn hóa
149335,TDL,du-lich-van-hoa,X71,Điểm học bạ,2025,23.0,Du lịch văn hóa
149336,TDL,du-lich-van-hoa,X74,Điểm học bạ,2025,23.0,Du lịch văn hóa
149337,TDL,du-lich-van-hoa,X75,Điểm học bạ,2025,23.0,Du lịch văn hóa
149338,TDL,du-lich-van-hoa,X78,Điểm học bạ,2025,23.0,Du lịch văn hóa
149339,TDL,du-lich-van-hoa,X79,Điểm học bạ,2025,23.0,Du lịch văn hóa
149340,TDL,du-lich-van-hoa,Y07,Điểm học bạ,2025,23.0,Du lịch văn hóa
149341,TDL,du-lich-van-hoa,C00,Điểm thi THPT,2025,20.0,Du lịch văn hóa
149342,TDL,du-lich-van-hoa,C03,Điểm thi THPT,2025,20.0,Du lịch văn hóa
149343,TDL,du-lich-van-hoa,C04,Điểm thi THPT,2025,20.0,Du lịch văn hóa
149344,TDL,du-lich-van-hoa,D01,Điểm thi THPT,2025,20.0,Du lịch văn hóa
149345,TDL,du-lich-van-hoa,D09,Điểm thi THPT,2025,20.0,Du lịch văn hóa
149346,TDL,du-lich-van-hoa,D15,Điểm thi THPT,2025,20.0,Du lịch văn hóa
149347,TDL,du-lich-van-hoa,X01,Điểm thi THPT,2025,20.0,Du lịch văn hóa
149348,TDL,du-lich-van-hoa,X02,Điểm thi THPT,2025,20.0,Du lịch văn hóa
149349,TDL,du-lich-van-hoa,X70,Điểm thi THPT,2025,20.0,Du lịch văn hóa
149350,TDL,du-lich-van-hoa,X71,Điểm thi THPT,2025,20.0,Du lịch văn hóa
149351,TDL,du-lich-van-hoa,X74,Điểm thi THPT,2025,20.0,Du lịch văn hóa
149352,TDL,du-lich-van-hoa,X75,Điểm thi THPT,2025,20.0,Du lịch văn hóa
149353,TDL,du-lich-van-hoa,X78,Điểm thi THPT,2025,20.0,Du lịch văn hóa
149354,TDL,du-lich-van-hoa,X79,Điểm thi THPT,2025,20.0,Du lịch văn hóa
149355,TDL,du-lich-van-hoa,Y07,Điểm thi THPT,2025,20.0,Du lịch văn hóa
149356,TDL,giao-duc-tieu-hoc,A16,Điểm học bạ,2021,24.0,Giáo dục Tiểu học
149357,TDL,giao-duc-tieu-hoc,C14,Điểm học bạ,2021,24.0,Giáo dục Tiểu học
149358,TDL,giao-duc-tieu-hoc,C15,Điểm học bạ,2021,24.0,Giáo dục Tiểu học
149359,TDL,giao-duc-tieu-hoc,D01,Điểm học bạ,2021,24.0,Giáo dục Tiểu học
149360,TDL,giao-duc-tieu-hoc,A16,Điểm thi THPT,2021,24.0,Giáo dục Tiểu học
149361,TDL,giao-duc-tieu-hoc,C14,Điểm thi THPT,2021,24.0,Giáo dục Tiểu học
149362,TDL,giao-duc-tieu-hoc,C15,Điểm thi THPT,2021,24.0,Giáo dục Tiểu học
149363,TDL,giao-duc-tieu-hoc,D01,Điểm thi THPT,2021,24.0,Giáo dục Tiểu học
149364,TDL,giao-duc-tieu-hoc,A16,Điểm học bạ,2022,26.0,Giáo dục Tiểu học
149365,TDL,giao-duc-tieu-hoc,C14,Điểm học bạ,2022,26.0,Giáo dục Tiểu học
149366,TDL,giao-duc-tieu-hoc,C15,Điểm học bạ,2022,26.0,Giáo dục Tiểu học
149367,TDL,giao-duc-tieu-hoc,D01,Điểm học bạ,2022,26.0,Giáo dục Tiểu học
149368,TDL,giao-duc-tieu-hoc,A16,Điểm thi THPT,2022,23.5,Giáo dục Tiểu học
149369,TDL,giao-duc-tieu-hoc,C14,Điểm thi THPT,2022,23.5,Giáo dục Tiểu học
149370,TDL,giao-duc-tieu-hoc,C15,Điểm thi THPT,2022,23.5,Giáo dục Tiểu học
149371,TDL,giao-duc-tieu-hoc,D01,Điểm thi THPT,2022,23.5,Giáo dục Tiểu học
149372,TDL,giao-duc-tieu-hoc,A16,Điểm học bạ,2023,28.0,Giáo dục Tiểu học
149373,TDL,giao-duc-tieu-hoc,C14,Điểm học bạ,2023,28.0,Giáo dục Tiểu học
149374,TDL,giao-duc-tieu-hoc,C15,Điểm học bạ,2023,28.0,Giáo dục Tiểu học
149375,TDL,giao-duc-tieu-hoc,D01,Điểm học bạ,2023,28.0,Giáo dục Tiểu học
149376,TDL,giao-duc-tieu-hoc,A16,Điểm thi THPT,2023,25.25,Giáo dục Tiểu học
149377,TDL,giao-duc-tieu-hoc,C14,Điểm thi THPT,2023,25.25,Giáo dục Tiểu học
149378,TDL,giao-duc-tieu-hoc,C15,Điểm thi THPT,2023,25.25,Giáo dục Tiểu học
149379,TDL,giao-duc-tieu-hoc,D01,Điểm thi THPT,2023,25.25,Giáo dục Tiểu học
149380,TDL,giao-duc-tieu-hoc,A16,Điểm học bạ,2024,28.0,Giáo dục tiểu học
149381,TDL,giao-duc-tieu-hoc,C14,Điểm học bạ,2024,28.0,Giáo dục tiểu học
149382,TDL,giao-duc-tieu-hoc,C15,Điểm học bạ,2024,28.0,Giáo dục tiểu học
149383,TDL,giao-duc-tieu-hoc,D01,Điểm học bạ,2024,28.0,Giáo dục tiểu học
149384,TDL,giao-duc-tieu-hoc,A16,Điểm thi THPT,2024,26.0,Giáo dục tiểu học
149385,TDL,giao-duc-tieu-hoc,C14,Điểm thi THPT,2024,26.0,Giáo dục tiểu học
149386,TDL,giao-duc-tieu-hoc,C15,Điểm thi THPT,2024,26.0,Giáo dục tiểu học
149387,TDL,giao-duc-tieu-hoc,D01,Điểm thi THPT,2024,26.0,Giáo dục tiểu học
149388,TDL,giao-duc-tieu-hoc,B03,Điểm học bạ,2025,27.67,Giáo dục Tiểu học
149389,TDL,giao-duc-tieu-hoc,C01,Điểm học bạ,2025,27.67,Giáo dục Tiểu học
149390,TDL,giao-duc-tieu-hoc,C02,Điểm học bạ,2025,27.67,Giáo dục Tiểu học
149391,TDL,giao-duc-tieu-hoc,C03,Điểm học bạ,2025,27.67,Giáo dục Tiểu học
149392,TDL,giao-duc-tieu-hoc,C04,Điểm học bạ,2025,27.67,Giáo dục Tiểu học
149393,TDL,giao-duc-tieu-hoc,D01,Điểm học bạ,2025,27.67,Giáo dục Tiểu học
149394,TDL,giao-duc-tieu-hoc,X01,Điểm học bạ,2025,27.67,Giáo dục Tiểu học
149395,TDL,giao-duc-tieu-hoc,X02,Điểm học bạ,2025,27.67,Giáo dục Tiểu học
149396,TDL,giao-duc-tieu-hoc,B03,Điểm thi THPT,2025,26.5,Giáo dục Tiểu học
149397,TDL,giao-duc-tieu-hoc,C01,Điểm thi THPT,2025,26.5,Giáo dục Tiểu học
149398,TDL,giao-duc-tieu-hoc,C02,Điểm thi THPT,2025,26.5,Giáo dục Tiểu học
149399,TDL,giao-duc-tieu-hoc,C03,Điểm thi THPT,2025,26.5,Giáo dục Tiểu học
149400,TDL,giao-duc-tieu-hoc,C04,Điểm thi THPT,2025,26.5,Giáo dục Tiểu học
149401,TDL,giao-duc-tieu-hoc,D01,Điểm thi THPT,2025,26.5,Giáo dục Tiểu học
149402,TDL,giao-duc-tieu-hoc,X01,Điểm thi THPT,2025,26.5,Giáo dục Tiểu học
149403,TDL,giao-duc-tieu-hoc,X02,Điểm thi THPT,2025,26.5,Giáo dục Tiểu học
149404,TDL,hoa-duoc,A00,Điểm học bạ,2021,18.0,Hóa học (Chuyên ngành Hóa dược)
149405,TDL,hoa-duoc,B00,Điểm học bạ,2021,18.0,Hóa học (Chuyên ngành Hóa dược)
149406,TDL,hoa-duoc,D07,Điểm học bạ,2021,18.0,Hóa học (Chuyên ngành Hóa dược)
149407,TDL,hoa-duoc,D90,Điểm học bạ,2021,18.0,Hóa học (Chuyên ngành Hóa dược)
149408,TDL,hoa-duoc,A00,Điểm thi THPT,2021,16.0,Hóa học (Chuyên ngành Hóa dược)
149409,TDL,hoa-duoc,B00,Điểm thi THPT,2021,16.0,Hóa học (Chuyên ngành Hóa dược)
149410,TDL,hoa-duoc,D07,Điểm thi THPT,2021,16.0,Hóa học (Chuyên ngành Hóa dược)
149411,TDL,hoa-duoc,D90,Điểm thi THPT,2021,16.0,Hóa học (Chuyên ngành Hóa dược)
149412,TDL,hoa-duoc,A00,Điểm học bạ,2022,22.0,Hóa dược
149413,TDL,hoa-duoc,B00,Điểm học bạ,2022,22.0,Hóa dược
149414,TDL,hoa-duoc,D07,Điểm học bạ,2022,22.0,Hóa dược
149415,TDL,hoa-duoc,D90,Điểm học bạ,2022,22.0,Hóa dược
149416,TDL,hoa-duoc,A00,Điểm thi THPT,2022,16.0,Hóa dược
149417,TDL,hoa-duoc,B00,Điểm thi THPT,2022,16.0,Hóa dược
149418,TDL,hoa-duoc,D07,Điểm thi THPT,2022,16.0,Hóa dược
149419,TDL,hoa-duoc,D90,Điểm thi THPT,2022,16.0,Hóa dược
149420,TDL,hoa-duoc,A00,Điểm học bạ,2023,22.0,Hóa dược
149421,TDL,hoa-duoc,B00,Điểm học bạ,2023,22.0,Hóa dược
149422,TDL,hoa-duoc,D07,Điểm học bạ,2023,22.0,Hóa dược
149423,TDL,hoa-duoc,D90,Điểm học bạ,2023,22.0,Hóa dược
149424,TDL,hoa-duoc,A00,Điểm thi THPT,2023,16.0,Hóa dược
149425,TDL,hoa-duoc,B00,Điểm thi THPT,2023,16.0,Hóa dược
149426,TDL,hoa-duoc,D07,Điểm thi THPT,2023,16.0,Hóa dược
149427,TDL,hoa-duoc,D90,Điểm thi THPT,2023,16.0,Hóa dược
149428,TDL,hoa-duoc,A00,Điểm học bạ,2024,22.0,Hóa dược
149429,TDL,hoa-duoc,B00,Điểm học bạ,2024,22.0,Hóa dược
149430,TDL,hoa-duoc,D07,Điểm học bạ,2024,22.0,Hóa dược
149431,TDL,hoa-duoc,D90,Điểm học bạ,2024,22.0,Hóa dược
149432,TDL,hoa-duoc,A00,Điểm thi THPT,2024,17.0,Hóa dược
149433,TDL,hoa-duoc,B00,Điểm thi THPT,2024,17.0,Hóa dược
149434,TDL,hoa-duoc,D07,Điểm thi THPT,2024,17.0,Hóa dược
149435,TDL,hoa-duoc,D90,Điểm thi THPT,2024,17.0,Hóa dược
149436,TDL,hoa-duoc,A00,Điểm học bạ,2025,20.5,Hóa dược
149437,TDL,hoa-duoc,B00,Điểm học bạ,2025,20.5,Hóa dược
149438,TDL,hoa-duoc,D07,Điểm học bạ,2025,20.5,Hóa dược
149439,TDL,hoa-duoc,X10,Điểm học bạ,2025,20.5,Hóa dược
149440,TDL,hoa-duoc,X11,Điểm học bạ,2025,20.5,Hóa dược
149441,TDL,hoa-duoc,A00,Điểm thi THPT,2025,17.5,Hóa dược
149442,TDL,hoa-duoc,B00,Điểm thi THPT,2025,17.5,Hóa dược
149443,TDL,hoa-duoc,D07,Điểm thi THPT,2025,17.5,Hóa dược
149444,TDL,hoa-duoc,X10,Điểm thi THPT,2025,17.5,Hóa dược
149445,TDL,hoa-duoc,X11,Điểm thi THPT,2025,17.5,Hóa dược
149446,TDL,hoa-hoc,A00,Điểm học bạ,2022,18.0,Hóa học
149447,TDL,hoa-hoc,B00,Điểm học bạ,2022,18.0,Hóa học
149448,TDL,hoa-hoc,D07,Điểm học bạ,2022,18.0,Hóa học
149449,TDL,hoa-hoc,D90,Điểm học bạ,2022,18.0,Hóa học
149450,TDL,hoa-hoc,A00,Điểm thi THPT,2022,16.0,Hóa học
149451,TDL,hoa-hoc,B00,Điểm thi THPT,2022,16.0,Hóa học
149452,TDL,hoa-hoc,D07,Điểm thi THPT,2022,16.0,Hóa học
149453,TDL,hoa-hoc,D90,Điểm thi THPT,2022,16.0,Hóa học
149454,TDL,hoa-hoc,A00,Điểm học bạ,2023,18.0,Hóa học
149455,TDL,hoa-hoc,B00,Điểm học bạ,2023,18.0,Hóa học
149456,TDL,hoa-hoc,D07,Điểm học bạ,2023,18.0,Hóa học
149457,TDL,hoa-hoc,D90,Điểm học bạ,2023,18.0,Hóa học
149458,TDL,hoa-hoc,A00,Điểm thi THPT,2023,16.0,Hóa học
149459,TDL,hoa-hoc,B00,Điểm thi THPT,2023,16.0,Hóa học
149460,TDL,hoa-hoc,D07,Điểm thi THPT,2023,16.0,Hóa học
149461,TDL,hoa-hoc,D90,Điểm thi THPT,2023,16.0,Hóa học
149462,TDL,hoa-hoc,A00,Điểm học bạ,2024,19.0,Hóa học
149463,TDL,hoa-hoc,B00,Điểm học bạ,2024,19.0,Hóa học
149464,TDL,hoa-hoc,D07,Điểm học bạ,2024,19.0,Hóa học
149465,TDL,hoa-hoc,D90,Điểm học bạ,2024,19.0,Hóa học
149466,TDL,hoa-hoc,A00,Điểm thi THPT,2024,17.0,Hóa học
149467,TDL,hoa-hoc,B00,Điểm thi THPT,2024,17.0,Hóa học
149468,TDL,hoa-hoc,D07,Điểm thi THPT,2024,17.0,Hóa học
149469,TDL,hoa-hoc,D90,Điểm thi THPT,2024,17.0,Hóa học
149470,TDL,hoa-hoc,A00,Điểm học bạ,2025,20.5,Hóa học
149471,TDL,hoa-hoc,B00,Điểm học bạ,2025,20.5,Hóa học
149472,TDL,hoa-hoc,D07,Điểm học bạ,2025,20.5,Hóa học
149473,TDL,hoa-hoc,X10,Điểm học bạ,2025,20.5,Hóa học
149474,TDL,hoa-hoc,X11,Điểm học bạ,2025,20.5,Hóa học
149475,TDL,hoa-hoc,A00,Điểm thi THPT,2025,17.5,Hóa học
149476,TDL,hoa-hoc,B00,Điểm thi THPT,2025,17.5,Hóa học
149477,TDL,hoa-hoc,D07,Điểm thi THPT,2025,17.5,Hóa học
149478,TDL,hoa-hoc,X10,Điểm thi THPT,2025,17.5,Hóa học
149479,TDL,hoa-hoc,X11,Điểm thi THPT,2025,17.5,Hóa học
149480,TDL,ke-toan,A00,Điểm học bạ,2021,22.0,Kế toán
149481,TDL,ke-toan,A01,Điểm học bạ,2021,22.0,Kế toán
149482,TDL,ke-toan,D01,Điểm học bạ,2021,22.0,Kế toán
149483,TDL,ke-toan,D96,Điểm học bạ,2021,22.0,Kế toán
149484,TDL,ke-toan,A00,Điểm thi THPT,2021,16.0,Kế toán
149485,TDL,ke-toan,A01,Điểm thi THPT,2021,16.0,Kế toán
149486,TDL,ke-toan,D01,Điểm thi THPT,2021,16.0,Kế toán
149487,TDL,ke-toan,D96,Điểm thi THPT,2021,16.0,Kế toán
149488,TDL,ke-toan,A00,Điểm học bạ,2022,25.0,Kế toán
149489,TDL,ke-toan,A01,Điểm học bạ,2022,25.0,Kế toán
149490,TDL,ke-toan,D01,Điểm học bạ,2022,25.0,Kế toán
149491,TDL,ke-toan,D96,Điểm học bạ,2022,25.0,Kế toán
149492,TDL,ke-toan,A00,Điểm thi THPT,2022,16.0,Kế toán
149493,TDL,ke-toan,A01,Điểm thi THPT,2022,16.0,Kế toán
149494,TDL,ke-toan,D01,Điểm thi THPT,2022,16.0,Kế toán
149495,TDL,ke-toan,D96,Điểm thi THPT,2022,16.0,Kế toán
149496,TDL,ke-toan,A00,Điểm học bạ,2023,24.0,Kế toán
149497,TDL,ke-toan,A01,Điểm học bạ,2023,24.0,Kế toán
149498,TDL,ke-toan,D01,Điểm học bạ,2023,24.0,Kế toán
149499,TDL,ke-toan,D96,Điểm học bạ,2023,24.0,Kế toán
149500,TDL,ke-toan,A00,Điểm thi THPT,2023,16.0,Kế toán
149501,TDL,ke-toan,A01,Điểm thi THPT,2023,16.0,Kế toán
149502,TDL,ke-toan,D01,Điểm thi THPT,2023,16.0,Kế toán
149503,TDL,ke-toan,D96,Điểm thi THPT,2023,16.0,Kế toán
149504,TDL,ke-toan,A00,Điểm học bạ,2024,24.0,Kế toán
149505,TDL,ke-toan,A01,Điểm học bạ,2024,24.0,Kế toán
149506,TDL,ke-toan,D01,Điểm học bạ,2024,24.0,Kế toán
149507,TDL,ke-toan,D96,Điểm học bạ,2024,24.0,Kế toán
149508,TDL,ke-toan,A00,Điểm thi THPT,2024,17.5,Kế toán
149509,TDL,ke-toan,A01,Điểm thi THPT,2024,17.5,Kế toán
149510,TDL,ke-toan,D01,Điểm thi THPT,2024,17.5,Kế toán
149511,TDL,ke-toan,D96,Điểm thi THPT,2024,17.5,Kế toán
149512,TDL,ke-toan,A00,Điểm học bạ,2025,23.0,Kế toán
149513,TDL,ke-toan,A01,Điểm học bạ,2025,23.0,Kế toán
149514,TDL,ke-toan,C01,Điểm học bạ,2025,23.0,Kế toán
149515,TDL,ke-toan,C04,Điểm học bạ,2025,23.0,Kế toán
149516,TDL,ke-toan,D01,Điểm học bạ,2025,23.0,Kế toán
149517,TDL,ke-toan,X01,Điểm học bạ,2025,23.0,Kế toán
149518,TDL,ke-toan,X02,Điểm học bạ,2025,23.0,Kế toán
149519,TDL,ke-toan,X05,Điểm học bạ,2025,23.0,Kế toán
149520,TDL,ke-toan,X06,Điểm học bạ,2025,23.0,Kế toán
149521,TDL,ke-toan,X09,Điểm học bạ,2025,23.0,Kế toán
149522,TDL,ke-toan,X21,Điểm học bạ,2025,23.0,Kế toán
149523,TDL,ke-toan,X25,Điểm học bạ,2025,23.0,Kế toán
149524,TDL,ke-toan,X26,Điểm học bạ,2025,23.0,Kế toán
149525,TDL,ke-toan,X53,Điểm học bạ,2025,23.0,Kế toán
149526,TDL,ke-toan,A00,Điểm thi THPT,2025,20.0,Kế toán
149527,TDL,ke-toan,A01,Điểm thi THPT,2025,20.0,Kế toán
149528,TDL,ke-toan,C01,Điểm thi THPT,2025,20.0,Kế toán
149529,TDL,ke-toan,C04,Điểm thi THPT,2025,20.0,Kế toán
149530,TDL,ke-toan,D01,Điểm thi THPT,2025,20.0,Kế toán
149531,TDL,ke-toan,X01,Điểm thi THPT,2025,20.0,Kế toán
149532,TDL,ke-toan,X02,Điểm thi THPT,2025,20.0,Kế toán
149533,TDL,ke-toan,X05,Điểm thi THPT,2025,20.0,Kế toán
149534,TDL,ke-toan,X06,Điểm thi THPT,2025,20.0,Kế toán
149535,TDL,ke-toan,X09,Điểm thi THPT,2025,20.0,Kế toán
149536,TDL,ke-toan,X21,Điểm thi THPT,2025,20.0,Kế toán
149537,TDL,ke-toan,X25,Điểm thi THPT,2025,20.0,Kế toán
149538,TDL,ke-toan,X26,Điểm thi THPT,2025,20.0,Kế toán
149539,TDL,ke-toan,X53,Điểm thi THPT,2025,20.0,Kế toán
149540,TDL,khoa-hoc-du-lieu,A00,Điểm học bạ,2021,18.0,Khoa học dữ liệu
149541,TDL,khoa-hoc-du-lieu,A01,Điểm học bạ,2021,18.0,Khoa học dữ liệu
149542,TDL,khoa-hoc-du-lieu,D07,Điểm học bạ,2021,18.0,Khoa học dữ liệu
149543,TDL,khoa-hoc-du-lieu,D90,Điểm học bạ,2021,18.0,Khoa học dữ liệu
149544,TDL,khoa-hoc-du-lieu,A00,Điểm thi THPT,2021,16.0,Khoa học dữ liệu
149545,TDL,khoa-hoc-du-lieu,A01,Điểm thi THPT,2021,16.0,Khoa học dữ liệu
149546,TDL,khoa-hoc-du-lieu,D07,Điểm thi THPT,2021,16.0,Khoa học dữ liệu
149547,TDL,khoa-hoc-du-lieu,D90,Điểm thi THPT,2021,16.0,Khoa học dữ liệu
149548,TDL,khoa-hoc-du-lieu,A00,Điểm học bạ,2022,18.0,Khoa học dữ liệu
149549,TDL,khoa-hoc-du-lieu,A01,Điểm học bạ,2022,18.0,Khoa học dữ liệu
149550,TDL,khoa-hoc-du-lieu,D07,Điểm học bạ,2022,18.0,Khoa học dữ liệu
149551,TDL,khoa-hoc-du-lieu,D90,Điểm học bạ,2022,18.0,Khoa học dữ liệu
149552,TDL,khoa-hoc-du-lieu,A00,Điểm thi THPT,2022,16.0,Khoa học dữ liệu
149553,TDL,khoa-hoc-du-lieu,A01,Điểm thi THPT,2022,16.0,Khoa học dữ liệu
149554,TDL,khoa-hoc-du-lieu,D07,Điểm thi THPT,2022,16.0,Khoa học dữ liệu
149555,TDL,khoa-hoc-du-lieu,D90,Điểm thi THPT,2022,16.0,Khoa học dữ liệu
149556,TDL,khoa-hoc-du-lieu,A00,Điểm học bạ,2023,18.0,Khoa học dữ liệu
149557,TDL,khoa-hoc-du-lieu,A01,Điểm học bạ,2023,18.0,Khoa học dữ liệu
149558,TDL,khoa-hoc-du-lieu,D07,Điểm học bạ,2023,18.0,Khoa học dữ liệu
149559,TDL,khoa-hoc-du-lieu,D90,Điểm học bạ,2023,18.0,Khoa học dữ liệu
149560,TDL,khoa-hoc-du-lieu,A00,Điểm thi THPT,2023,16.0,Khoa học dữ liệu
149561,TDL,khoa-hoc-du-lieu,A01,Điểm thi THPT,2023,16.0,Khoa học dữ liệu
149562,TDL,khoa-hoc-du-lieu,D07,Điểm thi THPT,2023,16.0,Khoa học dữ liệu
149563,TDL,khoa-hoc-du-lieu,D90,Điểm thi THPT,2023,16.0,Khoa học dữ liệu
149564,TDL,khoa-hoc-du-lieu,A00,Điểm học bạ,2024,19.0,Khoa học dữ liệu
149565,TDL,khoa-hoc-du-lieu,A01,Điểm học bạ,2024,19.0,Khoa học dữ liệu
149566,TDL,khoa-hoc-du-lieu,D07,Điểm học bạ,2024,19.0,Khoa học dữ liệu
149567,TDL,khoa-hoc-du-lieu,D90,Điểm học bạ,2024,19.0,Khoa học dữ liệu
149568,TDL,khoa-hoc-du-lieu,A00,Điểm thi THPT,2024,17.0,Khoa học dữ liệu
149569,TDL,khoa-hoc-du-lieu,A01,Điểm thi THPT,2024,17.0,Khoa học dữ liệu
149570,TDL,khoa-hoc-du-lieu,D07,Điểm thi THPT,2024,17.0,Khoa học dữ liệu
149571,TDL,khoa-hoc-du-lieu,D90,Điểm thi THPT,2024,17.0,Khoa học dữ liệu
149572,TDL,khoa-hoc-du-lieu,A00,Điểm học bạ,2025,20.0,Khoa học dữ liệu
149573,TDL,khoa-hoc-du-lieu,A01,Điểm học bạ,2025,20.0,Khoa học dữ liệu
149574,TDL,khoa-hoc-du-lieu,A02,Điểm học bạ,2025,20.0,Khoa học dữ liệu
149575,TDL,khoa-hoc-du-lieu,D07,Điểm học bạ,2025,20.0,Khoa học dữ liệu
149576,TDL,khoa-hoc-du-lieu,X06,Điểm học bạ,2025,20.0,Khoa học dữ liệu
149577,TDL,khoa-hoc-du-lieu,X07,Điểm học bạ,2025,20.0,Khoa học dữ liệu
149578,TDL,khoa-hoc-du-lieu,X10,Điểm học bạ,2025,20.0,Khoa học dữ liệu
149579,TDL,khoa-hoc-du-lieu,X11,Điểm học bạ,2025,20.0,Khoa học dữ liệu
149580,TDL,khoa-hoc-du-lieu,X26,Điểm học bạ,2025,20.0,Khoa học dữ liệu
149581,TDL,khoa-hoc-du-lieu,X27,Điểm học bạ,2025,20.0,Khoa học dữ liệu
149582,TDL,khoa-hoc-du-lieu,X56,Điểm học bạ,2025,20.0,Khoa học dữ liệu
149583,TDL,khoa-hoc-du-lieu,A00,Điểm thi THPT,2025,17.0,Khoa học dữ liệu
149584,TDL,khoa-hoc-du-lieu,A01,Điểm thi THPT,2025,17.0,Khoa học dữ liệu
149585,TDL,khoa-hoc-du-lieu,A02,Điểm thi THPT,2025,17.0,Khoa học dữ liệu
149586,TDL,khoa-hoc-du-lieu,D07,Điểm thi THPT,2025,17.0,Khoa học dữ liệu
149587,TDL,khoa-hoc-du-lieu,X06,Điểm thi THPT,2025,17.0,Khoa học dữ liệu
149588,TDL,khoa-hoc-du-lieu,X07,Điểm thi THPT,2025,17.0,Khoa học dữ liệu
149589,TDL,khoa-hoc-du-lieu,X10,Điểm thi THPT,2025,17.0,Khoa học dữ liệu
149590,TDL,khoa-hoc-du-lieu,X11,Điểm thi THPT,2025,17.0,Khoa học dữ liệu
149591,TDL,khoa-hoc-du-lieu,X26,Điểm thi THPT,2025,17.0,Khoa học dữ liệu
149592,TDL,khoa-hoc-du-lieu,X27,Điểm thi THPT,2025,17.0,Khoa học dữ liệu
149593,TDL,khoa-hoc-du-lieu,X56,Điểm thi THPT,2025,17.0,Khoa học dữ liệu
149594,TDL,khoa-hoc-moi-truong,A00,Điểm học bạ,2021,18.0,Khoa học môi trường
149595,TDL,khoa-hoc-moi-truong,B00,Điểm học bạ,2021,18.0,Khoa học môi trường
149596,TDL,khoa-hoc-moi-truong,B08,Điểm học bạ,2021,18.0,Khoa học môi trường
149597,TDL,khoa-hoc-moi-truong,D90,Điểm học bạ,2021,18.0,Khoa học môi trường
149598,TDL,khoa-hoc-moi-truong,A00,Điểm thi THPT,2021,16.0,Khoa học môi trường
149599,TDL,khoa-hoc-moi-truong,B00,Điểm thi THPT,2021,16.0,Khoa học môi trường
149600,TDL,khoa-hoc-moi-truong,B08,Điểm thi THPT,2021,16.0,Khoa học môi trường
149601,TDL,khoa-hoc-moi-truong,D90,Điểm thi THPT,2021,16.0,Khoa học môi trường
149602,TDL,ky-thuat-hat-nhan,A00,Điểm học bạ,2021,18.0,Kỹ thuật hạt nhân
149603,TDL,ky-thuat-hat-nhan,A01,Điểm học bạ,2021,18.0,Kỹ thuật hạt nhân
149604,TDL,ky-thuat-hat-nhan,D01,Điểm học bạ,2021,18.0,Kỹ thuật hạt nhân
149605,TDL,ky-thuat-hat-nhan,D90,Điểm học bạ,2021,18.0,Kỹ thuật hạt nhân
149606,TDL,ky-thuat-hat-nhan,A00,Điểm thi THPT,2021,16.0,Kỹ thuật hạt nhân
149607,TDL,ky-thuat-hat-nhan,A01,Điểm thi THPT,2021,16.0,Kỹ thuật hạt nhân
149608,TDL,ky-thuat-hat-nhan,D01,Điểm thi THPT,2021,16.0,Kỹ thuật hạt nhân
149609,TDL,ky-thuat-hat-nhan,D90,Điểm thi THPT,2021,16.0,Kỹ thuật hạt nhân
149610,TDL,ky-thuat-hat-nhan,A00,Điểm học bạ,2022,18.0,Kỹ thuật hạt nhân
149611,TDL,ky-thuat-hat-nhan,A01,Điểm học bạ,2022,18.0,Kỹ thuật hạt nhân
149612,TDL,ky-thuat-hat-nhan,D01,Điểm học bạ,2022,18.0,Kỹ thuật hạt nhân
149613,TDL,ky-thuat-hat-nhan,D90,Điểm học bạ,2022,18.0,Kỹ thuật hạt nhân
149614,TDL,ky-thuat-hat-nhan,A00,Điểm thi THPT,2022,16.0,Kỹ thuật hạt nhân
149615,TDL,ky-thuat-hat-nhan,A01,Điểm thi THPT,2022,16.0,Kỹ thuật hạt nhân
149616,TDL,ky-thuat-hat-nhan,D01,Điểm thi THPT,2022,16.0,Kỹ thuật hạt nhân
149617,TDL,ky-thuat-hat-nhan,D90,Điểm thi THPT,2022,16.0,Kỹ thuật hạt nhân
149618,TDL,ky-thuat-hat-nhan,A00,Điểm học bạ,2023,18.0,Kỹ thuật hạt nhân
149619,TDL,ky-thuat-hat-nhan,A01,Điểm học bạ,2023,18.0,Kỹ thuật hạt nhân
149620,TDL,ky-thuat-hat-nhan,D01,Điểm học bạ,2023,18.0,Kỹ thuật hạt nhân
149621,TDL,ky-thuat-hat-nhan,D90,Điểm học bạ,2023,18.0,Kỹ thuật hạt nhân
149622,TDL,ky-thuat-hat-nhan,A00,Điểm thi THPT,2023,16.0,Kỹ thuật hạt nhân
149623,TDL,ky-thuat-hat-nhan,A01,Điểm thi THPT,2023,16.0,Kỹ thuật hạt nhân
149624,TDL,ky-thuat-hat-nhan,D01,Điểm thi THPT,2023,16.0,Kỹ thuật hạt nhân
149625,TDL,ky-thuat-hat-nhan,D90,Điểm thi THPT,2023,16.0,Kỹ thuật hạt nhân
149626,TDL,ky-thuat-hat-nhan,A00,Điểm học bạ,2024,19.0,Kỹ thuật hạt nhân
149627,TDL,ky-thuat-hat-nhan,A01,Điểm học bạ,2024,19.0,Kỹ thuật hạt nhân
149628,TDL,ky-thuat-hat-nhan,D01,Điểm học bạ,2024,19.0,Kỹ thuật hạt nhân
149629,TDL,ky-thuat-hat-nhan,D90,Điểm học bạ,2024,19.0,Kỹ thuật hạt nhân
149630,TDL,ky-thuat-hat-nhan,A00,Điểm thi THPT,2024,17.0,Kỳ thuật hạt nhân
149631,TDL,ky-thuat-hat-nhan,A01,Điểm thi THPT,2024,17.0,Kỳ thuật hạt nhân
149632,TDL,ky-thuat-hat-nhan,D01,Điểm thi THPT,2024,17.0,Kỳ thuật hạt nhân
149633,TDL,ky-thuat-hat-nhan,D90,Điểm thi THPT,2024,17.0,Kỳ thuật hạt nhân
149634,TDL,ky-thuat-hat-nhan,A00,Điểm học bạ,2025,24.0,Kỹ thuật hạt nhân
149635,TDL,ky-thuat-hat-nhan,A01,Điểm học bạ,2025,24.0,Kỹ thuật hạt nhân
149636,TDL,ky-thuat-hat-nhan,A02,Điểm học bạ,2025,24.0,Kỹ thuật hạt nhân
149637,TDL,ky-thuat-hat-nhan,X06,Điểm học bạ,2025,24.0,Kỹ thuật hạt nhân
149638,TDL,ky-thuat-hat-nhan,X07,Điểm học bạ,2025,24.0,Kỹ thuật hạt nhân
149639,TDL,ky-thuat-hat-nhan,A00,Điểm thi THPT,2025,21.0,Kỹ thuật hạt nhân
149640,TDL,ky-thuat-hat-nhan,A01,Điểm thi THPT,2025,21.0,Kỹ thuật hạt nhân
149641,TDL,ky-thuat-hat-nhan,A02,Điểm thi THPT,2025,21.0,Kỹ thuật hạt nhân
149642,TDL,ky-thuat-hat-nhan,X06,Điểm thi THPT,2025,21.0,Kỹ thuật hạt nhân
149643,TDL,ky-thuat-hat-nhan,X07,Điểm thi THPT,2025,21.0,Kỹ thuật hạt nhân
149644,TDL,lich-su,C00,Điểm học bạ,2021,18.0,Lịch sử
149645,TDL,lich-su,C19,Điểm học bạ,2021,18.0,Lịch sử
149646,TDL,lich-su,C20,Điểm học bạ,2021,18.0,Lịch sử
149647,TDL,lich-su,D14,Điểm học bạ,2021,18.0,Lịch sử
149648,TDL,lich-su,C00,Điểm thi THPT,2021,16.0,Lịch sử
149649,TDL,lich-su,C19,Điểm thi THPT,2021,16.0,Lịch sử
149650,TDL,lich-su,C20,Điểm thi THPT,2021,16.0,Lịch sử
149651,TDL,lich-su,D14,Điểm thi THPT,2021,16.0,Lịch sử
149652,TDL,lich-su,C00,Điểm học bạ,2022,18.0,Lịch sử
149653,TDL,lich-su,C19,Điểm học bạ,2022,18.0,Lịch sử
149654,TDL,lich-su,C20,Điểm học bạ,2022,18.0,Lịch sử
149655,TDL,lich-su,D14,Điểm học bạ,2022,18.0,Lịch sử
149656,TDL,lich-su,C00,Điểm thi THPT,2022,16.0,Lịch sử
149657,TDL,lich-su,C19,Điểm thi THPT,2022,16.0,Lịch sử
149658,TDL,lich-su,C20,Điểm thi THPT,2022,16.0,Lịch sử
149659,TDL,lich-su,D14,Điểm thi THPT,2022,16.0,Lịch sử
149660,TDL,lich-su,C00,Điểm học bạ,2023,18.0,Lịch sử
149661,TDL,lich-su,C19,Điểm học bạ,2023,18.0,Lịch sử
149662,TDL,lich-su,C20,Điểm học bạ,2023,18.0,Lịch sử
149663,TDL,lich-su,D14,Điểm học bạ,2023,18.0,Lịch sử
149664,TDL,lich-su,C00,Điểm thi THPT,2023,16.0,Lịch sử
149665,TDL,lich-su,C19,Điểm thi THPT,2023,16.0,Lịch sử
149666,TDL,lich-su,C20,Điểm thi THPT,2023,16.0,Lịch sử
149667,TDL,lich-su,D14,Điểm thi THPT,2023,16.0,Lịch sử
149668,TDL,lich-su,C00,Điểm học bạ,2024,19.0,Lịch sử
149669,TDL,lich-su,C19,Điểm học bạ,2024,19.0,Lịch sử
149670,TDL,lich-su,C20,Điểm học bạ,2024,19.0,Lịch sử
149671,TDL,lich-su,D14,Điểm học bạ,2024,19.0,Lịch sử
149672,TDL,lich-su,C00,Điểm thi THPT,2024,17.0,Lịch sử
149673,TDL,lich-su,C19,Điểm thi THPT,2024,17.0,Lịch sử
149674,TDL,lich-su,C20,Điểm thi THPT,2024,17.0,Lịch sử
149675,TDL,lich-su,D14,Điểm thi THPT,2024,17.0,Lịch sử
149676,TDL,lich-su,C00,Điểm học bạ,2025,23.0,Lịch sử
149677,TDL,lich-su,D14,Điểm học bạ,2025,23.0,Lịch sử
149678,TDL,lich-su,X70,Điểm học bạ,2025,23.0,Lịch sử
149679,TDL,lich-su,X71,Điểm học bạ,2025,23.0,Lịch sử
149680,TDL,lich-su,X72,Điểm học bạ,2025,23.0,Lịch sử
149681,TDL,lich-su,X73,Điểm học bạ,2025,23.0,Lịch sử
149682,TDL,lich-su,C00,Điểm thi THPT,2025,20.0,Lịch sử
149683,TDL,lich-su,D14,Điểm thi THPT,2025,20.0,Lịch sử
149684,TDL,lich-su,X70,Điểm thi THPT,2025,20.0,Lịch sử
149685,TDL,lich-su,X71,Điểm thi THPT,2025,20.0,Lịch sử
149686,TDL,lich-su,X72,Điểm thi THPT,2025,20.0,Lịch sử
149687,TDL,lich-su,X73,Điểm thi THPT,2025,20.0,Lịch sử
149688,TDL,luat,A00,Điểm học bạ,2021,22.0,Luật
149689,TDL,luat,C00,Điểm học bạ,2021,22.0,Luật
149690,TDL,luat,C20,Điểm học bạ,2021,22.0,Luật
149691,TDL,luat,D01,Điểm học bạ,2021,22.0,Luật
149692,TDL,luat,A00,Điểm thi THPT,2021,17.5,Luật
149693,TDL,luat,C00,Điểm thi THPT,2021,17.5,Luật
149694,TDL,luat,C20,Điểm thi THPT,2021,17.5,Luật
149695,TDL,luat,D01,Điểm thi THPT,2021,17.5,Luật
149696,TDL,luat,A00,Điểm học bạ,2022,25.0,Luật
149697,TDL,luat,C00,Điểm học bạ,2022,25.0,Luật
149698,TDL,luat,C20,Điểm học bạ,2022,25.0,Luật
149699,TDL,luat,D01,Điểm học bạ,2022,25.0,Luật
149700,TDL,luat,A00,Điểm thi THPT,2022,18.0,Luật
149701,TDL,luat,C00,Điểm thi THPT,2022,18.0,Luật
149702,TDL,luat,C20,Điểm thi THPT,2022,18.0,Luật
149703,TDL,luat,D01,Điểm thi THPT,2022,18.0,Luật
149704,TDL,luat,A00,Điểm học bạ,2023,23.0,Luật
149705,TDL,luat,C00,Điểm học bạ,2023,23.0,Luật
149706,TDL,luat,C20,Điểm học bạ,2023,23.0,Luật
149707,TDL,luat,D01,Điểm học bạ,2023,23.0,Luật
149708,TDL,luat,A00,Điểm thi THPT,2023,18.0,Luật
149709,TDL,luat,C00,Điểm thi THPT,2023,18.0,Luật
149710,TDL,luat,C20,Điểm thi THPT,2023,18.0,Luật
149711,TDL,luat,D01,Điểm thi THPT,2023,18.0,Luật
149712,TDL,luat,A00,Điểm học bạ,2024,25.5,Luật
149713,TDL,luat,C00,Điểm học bạ,2024,25.5,Luật
149714,TDL,luat,C20,Điểm học bạ,2024,25.5,Luật
149715,TDL,luat,D01,Điểm học bạ,2024,25.5,Luật
149716,TDL,luat,A00,Điểm thi THPT,2024,22.0,Luật
149717,TDL,luat,C00,Điểm thi THPT,2024,22.0,Luật
149718,TDL,luat,C20,Điểm thi THPT,2024,22.0,Luật
149719,TDL,luat,D01,Điểm thi THPT,2024,22.0,Luật
149720,TDL,luat,C00,Điểm học bạ,2025,25.33,Luật
149721,TDL,luat,C03,Điểm học bạ,2025,25.33,Luật
149722,TDL,luat,C04,Điểm học bạ,2025,25.33,Luật
149723,TDL,luat,D01,Điểm học bạ,2025,25.33,Luật
149724,TDL,luat,D09,Điểm học bạ,2025,25.33,Luật
149725,TDL,luat,D15,Điểm học bạ,2025,25.33,Luật
149726,TDL,luat,X01,Điểm học bạ,2025,25.33,Luật
149727,TDL,luat,X02,Điểm học bạ,2025,25.33,Luật
149728,TDL,luat,X70,Điểm học bạ,2025,25.33,Luật
149729,TDL,luat,X71,Điểm học bạ,2025,25.33,Luật
149730,TDL,luat,X74,Điểm học bạ,2025,25.33,Luật
149731,TDL,luat,X75,Điểm học bạ,2025,25.33,Luật
149732,TDL,luat,X78,Điểm học bạ,2025,25.33,Luật
149733,TDL,luat,X79,Điểm học bạ,2025,25.33,Luật
149734,TDL,luat,Y07,Điểm học bạ,2025,25.33,Luật
149735,TDL,luat,C00,Điểm thi THPT,2025,23.0,Luật
149736,TDL,luat,C03,Điểm thi THPT,2025,23.0,Luật
149737,TDL,luat,C04,Điểm thi THPT,2025,23.0,Luật
149738,TDL,luat,D01,Điểm thi THPT,2025,23.0,Luật
149739,TDL,luat,D09,Điểm thi THPT,2025,23.0,Luật
149740,TDL,luat,D15,Điểm thi THPT,2025,23.0,Luật
149741,TDL,luat,X01,Điểm thi THPT,2025,23.0,Luật
149742,TDL,luat,X02,Điểm thi THPT,2025,23.0,Luật
149743,TDL,luat,X70,Điểm thi THPT,2025,23.0,Luật
149744,TDL,luat,X71,Điểm thi THPT,2025,23.0,Luật
149745,TDL,luat,X74,Điểm thi THPT,2025,23.0,Luật
149746,TDL,luat,X75,Điểm thi THPT,2025,23.0,Luật
149747,TDL,luat,X78,Điểm thi THPT,2025,23.0,Luật
149748,TDL,luat,X79,Điểm thi THPT,2025,23.0,Luật
149749,TDL,luat,Y07,Điểm thi THPT,2025,23.0,Luật
149750,TDL,luat-hinh-su-va-to-tung-hinh-su,A00,Điểm học bạ,2022,24.0,Luật hình sự và tố tụng hình sự
149751,TDL,luat-hinh-su-va-to-tung-hinh-su,C00,Điểm học bạ,2022,24.0,Luật hình sự và tố tụng hình sự
149752,TDL,luat-hinh-su-va-to-tung-hinh-su,C20,Điểm học bạ,2022,24.0,Luật hình sự và tố tụng hình sự
149753,TDL,luat-hinh-su-va-to-tung-hinh-su,D01,Điểm học bạ,2022,24.0,Luật hình sự và tố tụng hình sự
149754,TDL,luat-hinh-su-va-to-tung-hinh-su,A00,Điểm thi THPT,2022,16.0,Luật hình sự và tố tụng hình sự
149755,TDL,luat-hinh-su-va-to-tung-hinh-su,C00,Điểm thi THPT,2022,16.0,Luật hình sự và tố tụng hình sự
149756,TDL,luat-hinh-su-va-to-tung-hinh-su,C20,Điểm thi THPT,2022,16.0,Luật hình sự và tố tụng hình sự
149757,TDL,luat-hinh-su-va-to-tung-hinh-su,D01,Điểm thi THPT,2022,16.0,Luật hình sự và tố tụng hình sự
149758,TDL,luat-hinh-su-va-to-tung-hinh-su,A00,Điểm học bạ,2023,23.0,Luật hình sự và tố tụng hình sự
149759,TDL,luat-hinh-su-va-to-tung-hinh-su,C00,Điểm học bạ,2023,23.0,Luật hình sự và tố tụng hình sự
149760,TDL,luat-hinh-su-va-to-tung-hinh-su,C20,Điểm học bạ,2023,23.0,Luật hình sự và tố tụng hình sự
149761,TDL,luat-hinh-su-va-to-tung-hinh-su,D01,Điểm học bạ,2023,23.0,Luật hình sự và tố tụng hình sự
149762,TDL,luat-hinh-su-va-to-tung-hinh-su,A00,Điểm thi THPT,2023,16.0,Luật hình sự và tố tụng hình sự
149763,TDL,luat-hinh-su-va-to-tung-hinh-su,C00,Điểm thi THPT,2023,16.0,Luật hình sự và tố tụng hình sự
149764,TDL,luat-hinh-su-va-to-tung-hinh-su,C20,Điểm thi THPT,2023,16.0,Luật hình sự và tố tụng hình sự
149765,TDL,luat-hinh-su-va-to-tung-hinh-su,D01,Điểm thi THPT,2023,16.0,Luật hình sự và tố tụng hình sự
149766,TDL,luat-hinh-su-va-to-tung-hinh-su,A00,Điểm học bạ,2024,23.0,Luật hình sự và tố tụng hình sự
149767,TDL,luat-hinh-su-va-to-tung-hinh-su,C00,Điểm học bạ,2024,23.0,Luật hình sự và tố tụng hình sự
149768,TDL,luat-hinh-su-va-to-tung-hinh-su,C20,Điểm học bạ,2024,23.0,Luật hình sự và tố tụng hình sự
149769,TDL,luat-hinh-su-va-to-tung-hinh-su,D01,Điểm học bạ,2024,23.0,Luật hình sự và tố tụng hình sự
149770,TDL,luat-hinh-su-va-to-tung-hinh-su,A00,Điểm thi THPT,2024,20.0,Luật hình sự và tố tụng hình sự
149771,TDL,luat-hinh-su-va-to-tung-hinh-su,C00,Điểm thi THPT,2024,20.0,Luật hình sự và tố tụng hình sự
149772,TDL,luat-hinh-su-va-to-tung-hinh-su,C20,Điểm thi THPT,2024,20.0,Luật hình sự và tố tụng hình sự
149773,TDL,luat-hinh-su-va-to-tung-hinh-su,D01,Điểm thi THPT,2024,20.0,Luật hình sự và tố tụng hình sự
149774,TDL,luat-hinh-su-va-to-tung-hinh-su,C00,Điểm học bạ,2025,24.0,Luật hình sự và tố tụng hình sự
149775,TDL,luat-hinh-su-va-to-tung-hinh-su,C03,Điểm học bạ,2025,24.0,Luật hình sự và tố tụng hình sự
149776,TDL,luat-hinh-su-va-to-tung-hinh-su,C04,Điểm học bạ,2025,24.0,Luật hình sự và tố tụng hình sự
149777,TDL,luat-hinh-su-va-to-tung-hinh-su,D01,Điểm học bạ,2025,24.0,Luật hình sự và tố tụng hình sự
149778,TDL,luat-hinh-su-va-to-tung-hinh-su,D09,Điểm học bạ,2025,24.0,Luật hình sự và tố tụng hình sự
149779,TDL,luat-hinh-su-va-to-tung-hinh-su,D15,Điểm học bạ,2025,24.0,Luật hình sự và tố tụng hình sự
149780,TDL,luat-hinh-su-va-to-tung-hinh-su,X01,Điểm học bạ,2025,24.0,Luật hình sự và tố tụng hình sự
149781,TDL,luat-hinh-su-va-to-tung-hinh-su,X02,Điểm học bạ,2025,24.0,Luật hình sự và tố tụng hình sự
149782,TDL,luat-hinh-su-va-to-tung-hinh-su,X70,Điểm học bạ,2025,24.0,Luật hình sự và tố tụng hình sự
149783,TDL,luat-hinh-su-va-to-tung-hinh-su,X71,Điểm học bạ,2025,24.0,Luật hình sự và tố tụng hình sự
149784,TDL,luat-hinh-su-va-to-tung-hinh-su,X74,Điểm học bạ,2025,24.0,Luật hình sự và tố tụng hình sự
149785,TDL,luat-hinh-su-va-to-tung-hinh-su,X75,Điểm học bạ,2025,24.0,Luật hình sự và tố tụng hình sự
149786,TDL,luat-hinh-su-va-to-tung-hinh-su,X78,Điểm học bạ,2025,24.0,Luật hình sự và tố tụng hình sự
149787,TDL,luat-hinh-su-va-to-tung-hinh-su,X79,Điểm học bạ,2025,24.0,Luật hình sự và tố tụng hình sự
149788,TDL,luat-hinh-su-va-to-tung-hinh-su,Y07,Điểm học bạ,2025,24.0,Luật hình sự và tố tụng hình sự
149789,TDL,luat-hinh-su-va-to-tung-hinh-su,C00,Điểm thi THPT,2025,21.0,Luật hình sự và tố tụng hình sự
149790,TDL,luat-hinh-su-va-to-tung-hinh-su,C03,Điểm thi THPT,2025,21.0,Luật hình sự và tố tụng hình sự
149791,TDL,luat-hinh-su-va-to-tung-hinh-su,C04,Điểm thi THPT,2025,21.0,Luật hình sự và tố tụng hình sự
149792,TDL,luat-hinh-su-va-to-tung-hinh-su,D01,Điểm thi THPT,2025,21.0,Luật hình sự và tố tụng hình sự
149793,TDL,luat-hinh-su-va-to-tung-hinh-su,D09,Điểm thi THPT,2025,21.0,Luật hình sự và tố tụng hình sự
149794,TDL,luat-hinh-su-va-to-tung-hinh-su,D15,Điểm thi THPT,2025,21.0,Luật hình sự và tố tụng hình sự
149795,TDL,luat-hinh-su-va-to-tung-hinh-su,X01,Điểm thi THPT,2025,21.0,Luật hình sự và tố tụng hình sự
149796,TDL,luat-hinh-su-va-to-tung-hinh-su,X02,Điểm thi THPT,2025,21.0,Luật hình sự và tố tụng hình sự
149797,TDL,luat-hinh-su-va-to-tung-hinh-su,X70,Điểm thi THPT,2025,21.0,Luật hình sự và tố tụng hình sự
149798,TDL,luat-hinh-su-va-to-tung-hinh-su,X71,Điểm thi THPT,2025,21.0,Luật hình sự và tố tụng hình sự
149799,TDL,luat-hinh-su-va-to-tung-hinh-su,X74,Điểm thi THPT,2025,21.0,Luật hình sự và tố tụng hình sự
149800,TDL,luat-hinh-su-va-to-tung-hinh-su,X75,Điểm thi THPT,2025,21.0,Luật hình sự và tố tụng hình sự
149801,TDL,luat-hinh-su-va-to-tung-hinh-su,X78,Điểm thi THPT,2025,21.0,Luật hình sự và tố tụng hình sự
149802,TDL,luat-hinh-su-va-to-tung-hinh-su,X79,Điểm thi THPT,2025,21.0,Luật hình sự và tố tụng hình sự
149803,TDL,luat-hinh-su-va-to-tung-hinh-su,Y07,Điểm thi THPT,2025,21.0,Luật hình sự và tố tụng hình sự
149804,TDL,ngon-ngu-anh,D01,Điểm học bạ,2021,21.0,Ngôn ngữ Anh
149805,TDL,ngon-ngu-anh,D72,Điểm học bạ,2021,21.0,Ngôn ngữ Anh
149806,TDL,ngon-ngu-anh,D96,Điểm học bạ,2021,21.0,Ngôn ngữ Anh
149807,TDL,ngon-ngu-anh,D01,Điểm thi THPT,2021,16.5,Ngôn ngữ Anh
149808,TDL,ngon-ngu-anh,D72,Điểm thi THPT,2021,16.5,Ngôn ngữ Anh
149809,TDL,ngon-ngu-anh,D96,Điểm thi THPT,2021,16.5,Ngôn ngữ Anh
149810,TDL,ngon-ngu-anh,D01,Điểm học bạ,2022,23.0,Ngôn ngữ Anh
149811,TDL,ngon-ngu-anh,D72,Điểm học bạ,2022,23.0,Ngôn ngữ Anh
149812,TDL,ngon-ngu-anh,D96,Điểm học bạ,2022,23.0,Ngôn ngữ Anh
149813,TDL,ngon-ngu-anh,D01,Điểm thi THPT,2022,16.5,Ngôn ngữ Anh
149814,TDL,ngon-ngu-anh,D72,Điểm thi THPT,2022,16.5,Ngôn ngữ Anh
149815,TDL,ngon-ngu-anh,D96,Điểm thi THPT,2022,16.5,Ngôn ngữ Anh
149816,TDL,ngon-ngu-anh,D01,Điểm học bạ,2023,22.0,Ngôn ngữ Anh
149817,TDL,ngon-ngu-anh,D72,Điểm học bạ,2023,22.0,Ngôn ngữ Anh
149818,TDL,ngon-ngu-anh,D96,Điểm học bạ,2023,22.0,Ngôn ngữ Anh
149819,TDL,ngon-ngu-anh,D01,Điểm thi THPT,2023,16.5,Ngôn ngữ Anh
149820,TDL,ngon-ngu-anh,D72,Điểm thi THPT,2023,16.5,Ngôn ngữ Anh
149821,TDL,ngon-ngu-anh,D96,Điểm thi THPT,2023,16.5,Ngôn ngữ Anh
149822,TDL,ngon-ngu-anh,D01,Điểm học bạ,2024,24.5,Ngôn ngữ Anh
149823,TDL,ngon-ngu-anh,D72,Điểm học bạ,2024,24.5,Ngôn ngữ Anh
149824,TDL,ngon-ngu-anh,D96,Điểm học bạ,2024,24.5,Ngôn ngữ Anh
149825,TDL,ngon-ngu-anh,D01,Điểm thi THPT,2024,17.5,Ngôn ngữ Anh
149826,TDL,ngon-ngu-anh,D72,Điểm thi THPT,2024,17.5,Ngôn ngữ Anh
149827,TDL,ngon-ngu-anh,D96,Điểm thi THPT,2024,17.5,Ngôn ngữ Anh
149828,TDL,ngon-ngu-anh,D01,Điểm học bạ,2025,23.5,Ngôn ngữ Anh
149829,TDL,ngon-ngu-anh,D09,Điểm học bạ,2025,23.5,Ngôn ngữ Anh
149830,TDL,ngon-ngu-anh,D10,Điểm học bạ,2025,23.5,Ngôn ngữ Anh
149831,TDL,ngon-ngu-anh,X25,Điểm học bạ,2025,23.5,Ngôn ngữ Anh
149832,TDL,ngon-ngu-anh,X26,Điểm học bạ,2025,23.5,Ngôn ngữ Anh
149833,TDL,ngon-ngu-anh,D01,Điểm thi THPT,2025,20.5,Ngôn ngữ Anh
149834,TDL,ngon-ngu-anh,D09,Điểm thi THPT,2025,20.5,Ngôn ngữ Anh
149835,TDL,ngon-ngu-anh,D10,Điểm thi THPT,2025,20.5,Ngôn ngữ Anh
149836,TDL,ngon-ngu-anh,X25,Điểm thi THPT,2025,20.5,Ngôn ngữ Anh
149837,TDL,ngon-ngu-anh,X26,Điểm thi THPT,2025,20.5,Ngôn ngữ Anh
149838,TDL,nong-hoc,B00,Điểm học bạ,2021,18.0,Nông học
149839,TDL,nong-hoc,B08,Điểm học bạ,2021,18.0,Nông học
149840,TDL,nong-hoc,D07,Điểm học bạ,2021,18.0,Nông học
149841,TDL,nong-hoc,D90,Điểm học bạ,2021,18.0,Nông học
149842,TDL,nong-hoc,B00,Điểm thi THPT,2021,16.0,Nông học
149843,TDL,nong-hoc,B08,Điểm thi THPT,2021,16.0,Nông học
149844,TDL,nong-hoc,D07,Điểm thi THPT,2021,16.0,Nông học
149845,TDL,nong-hoc,D90,Điểm thi THPT,2021,16.0,Nông học
149846,TDL,nong-hoc,B00,Điểm học bạ,2022,18.0,Nông học
149847,TDL,nong-hoc,B08,Điểm học bạ,2022,18.0,Nông học
149848,TDL,nong-hoc,D07,Điểm học bạ,2022,18.0,Nông học
149849,TDL,nong-hoc,D90,Điểm học bạ,2022,18.0,Nông học
149850,TDL,nong-hoc,B00,Điểm thi THPT,2022,16.0,Nông học
149851,TDL,nong-hoc,B08,Điểm thi THPT,2022,16.0,Nông học
149852,TDL,nong-hoc,D07,Điểm thi THPT,2022,16.0,Nông học
149853,TDL,nong-hoc,D90,Điểm thi THPT,2022,16.0,Nông học
149854,TDL,nong-hoc,B00,Điểm học bạ,2023,18.0,Nông học
149855,TDL,nong-hoc,B08,Điểm học bạ,2023,18.0,Nông học
149856,TDL,nong-hoc,D07,Điểm học bạ,2023,18.0,Nông học
149857,TDL,nong-hoc,D90,Điểm học bạ,2023,18.0,Nông học
149858,TDL,nong-hoc,B00,Điểm thi THPT,2023,16.0,Nông học
149859,TDL,nong-hoc,B08,Điểm thi THPT,2023,16.0,Nông học
149860,TDL,nong-hoc,D07,Điểm thi THPT,2023,16.0,Nông học
149861,TDL,nong-hoc,D90,Điểm thi THPT,2023,16.0,Nông học
149862,TDL,nong-hoc,B00,Điểm học bạ,2024,19.0,Nông học
149863,TDL,nong-hoc,B08,Điểm học bạ,2024,19.0,Nông học
149864,TDL,nong-hoc,D07,Điểm học bạ,2024,19.0,Nông học
149865,TDL,nong-hoc,D90,Điểm học bạ,2024,19.0,Nông học
149866,TDL,nong-hoc,B00,Điểm thi THPT,2024,17.0,Nông học
149867,TDL,nong-hoc,B08,Điểm thi THPT,2024,17.0,Nông học
149868,TDL,nong-hoc,D07,Điểm thi THPT,2024,17.0,Nông học
149869,TDL,nong-hoc,D90,Điểm thi THPT,2024,17.0,Nông học
149870,TDL,nong-hoc,A00,Điểm học bạ,2025,20.0,Nông học
149871,TDL,nong-hoc,A02,Điểm học bạ,2025,20.0,Nông học
149872,TDL,nong-hoc,A06,Điểm học bạ,2025,20.0,Nông học
149873,TDL,nong-hoc,B00,Điểm học bạ,2025,20.0,Nông học
149874,TDL,nong-hoc,B02,Điểm học bạ,2025,20.0,Nông học
149875,TDL,nong-hoc,B08,Điểm học bạ,2025,20.0,Nông học
149876,TDL,nong-hoc,D07,Điểm học bạ,2025,20.0,Nông học
149877,TDL,nong-hoc,X08,Điểm học bạ,2025,20.0,Nông học
149878,TDL,nong-hoc,X09,Điểm học bạ,2025,20.0,Nông học
149879,TDL,nong-hoc,X10,Điểm học bạ,2025,20.0,Nông học
149880,TDL,nong-hoc,X12,Điểm học bạ,2025,20.0,Nông học
149881,TDL,nong-hoc,X13,Điểm học bạ,2025,20.0,Nông học
149882,TDL,nong-hoc,X14,Điểm học bạ,2025,20.0,Nông học
149883,TDL,nong-hoc,X16,Điểm học bạ,2025,20.0,Nông học
149884,TDL,nong-hoc,X24,Điểm học bạ,2025,20.0,Nông học
149885,TDL,nong-hoc,X28,Điểm học bạ,2025,20.0,Nông học
149886,TDL,nong-hoc,X55,Điểm học bạ,2025,20.0,Nông học
149887,TDL,nong-hoc,X57,Điểm học bạ,2025,20.0,Nông học
149888,TDL,nong-hoc,A00,Điểm thi THPT,2025,17.0,Nông học
149889,TDL,nong-hoc,A02,Điểm thi THPT,2025,17.0,Nông học
149890,TDL,nong-hoc,A06,Điểm thi THPT,2025,17.0,Nông học
149891,TDL,nong-hoc,B00,Điểm thi THPT,2025,17.0,Nông học
149892,TDL,nong-hoc,B02,Điểm thi THPT,2025,17.0,Nông học
149893,TDL,nong-hoc,B08,Điểm thi THPT,2025,17.0,Nông học
149894,TDL,nong-hoc,D07,Điểm thi THPT,2025,17.0,Nông học
149895,TDL,nong-hoc,X08,Điểm thi THPT,2025,17.0,Nông học
149896,TDL,nong-hoc,X09,Điểm thi THPT,2025,17.0,Nông học
149897,TDL,nong-hoc,X10,Điểm thi THPT,2025,17.0,Nông học
149898,TDL,nong-hoc,X12,Điểm thi THPT,2025,17.0,Nông học
149899,TDL,nong-hoc,X13,Điểm thi THPT,2025,17.0,Nông học
149900,TDL,nong-hoc,X14,Điểm thi THPT,2025,17.0,Nông học
149901,TDL,nong-hoc,X16,Điểm thi THPT,2025,17.0,Nông học
149902,TDL,nong-hoc,X24,Điểm thi THPT,2025,17.0,Nông học
149903,TDL,nong-hoc,X28,Điểm thi THPT,2025,17.0,Nông học
149904,TDL,nong-hoc,X55,Điểm thi THPT,2025,17.0,Nông học
149905,TDL,nong-hoc,X57,Điểm thi THPT,2025,17.0,Nông học
149906,TDL,quan-tri-dich-vu-du-lich-va-lu-hanh,C00,Điểm học bạ,2021,22.0,Quản trị dịch vụ du lịch và lữ hành
149907,TDL,quan-tri-dich-vu-du-lich-va-lu-hanh,C20,Điểm học bạ,2021,22.0,Quản trị dịch vụ du lịch và lữ hành
149908,TDL,quan-tri-dich-vu-du-lich-va-lu-hanh,D01,Điểm học bạ,2021,22.0,Quản trị dịch vụ du lịch và lữ hành
149909,TDL,quan-tri-dich-vu-du-lich-va-lu-hanh,D78,Điểm học bạ,2021,22.0,Quản trị dịch vụ du lịch và lữ hành
149910,TDL,quan-tri-dich-vu-du-lich-va-lu-hanh,C00,Điểm thi THPT,2021,17.5,Quản trị dịch vụ du lịch và lữ hành
149911,TDL,quan-tri-dich-vu-du-lich-va-lu-hanh,C20,Điểm thi THPT,2021,17.5,Quản trị dịch vụ du lịch và lữ hành
149912,TDL,quan-tri-dich-vu-du-lich-va-lu-hanh,D01,Điểm thi THPT,2021,17.5,Quản trị dịch vụ du lịch và lữ hành
149913,TDL,quan-tri-dich-vu-du-lich-va-lu-hanh,D78,Điểm thi THPT,2021,17.5,Quản trị dịch vụ du lịch và lữ hành
149914,TDL,quan-tri-dich-vu-du-lich-va-lu-hanh,C00,Điểm học bạ,2022,24.0,Quản trị dịch vụ du lịch và lữ hành
149915,TDL,quan-tri-dich-vu-du-lich-va-lu-hanh,C20,Điểm học bạ,2022,24.0,Quản trị dịch vụ du lịch và lữ hành
149916,TDL,quan-tri-dich-vu-du-lich-va-lu-hanh,D01,Điểm học bạ,2022,24.0,Quản trị dịch vụ du lịch và lữ hành
149917,TDL,quan-tri-dich-vu-du-lich-va-lu-hanh,D78,Điểm học bạ,2022,24.0,Quản trị dịch vụ du lịch và lữ hành
149918,TDL,quan-tri-dich-vu-du-lich-va-lu-hanh,C00,Điểm thi THPT,2022,18.0,Quản trị dịch vụ du lịch và lữ hành
149919,TDL,quan-tri-dich-vu-du-lich-va-lu-hanh,C20,Điểm thi THPT,2022,18.0,Quản trị dịch vụ du lịch và lữ hành
149920,TDL,quan-tri-dich-vu-du-lich-va-lu-hanh,D01,Điểm thi THPT,2022,18.0,Quản trị dịch vụ du lịch và lữ hành
149921,TDL,quan-tri-dich-vu-du-lich-va-lu-hanh,D78,Điểm thi THPT,2022,18.0,Quản trị dịch vụ du lịch và lữ hành
149922,TDL,quan-tri-dich-vu-du-lich-va-lu-hanh,C00,Điểm học bạ,2023,23.0,Quản trị dịch vụ du lịch và lữ hành
149923,TDL,quan-tri-dich-vu-du-lich-va-lu-hanh,C20,Điểm học bạ,2023,23.0,Quản trị dịch vụ du lịch và lữ hành
149924,TDL,quan-tri-dich-vu-du-lich-va-lu-hanh,D01,Điểm học bạ,2023,23.0,Quản trị dịch vụ du lịch và lữ hành
149925,TDL,quan-tri-dich-vu-du-lich-va-lu-hanh,D78,Điểm học bạ,2023,23.0,Quản trị dịch vụ du lịch và lữ hành
149926,TDL,quan-tri-dich-vu-du-lich-va-lu-hanh,C00,Điểm thi THPT,2023,18.0,Quản trị dịch vụ du lịch và lữ hành
149927,TDL,quan-tri-dich-vu-du-lich-va-lu-hanh,C20,Điểm thi THPT,2023,18.0,Quản trị dịch vụ du lịch và lữ hành
149928,TDL,quan-tri-dich-vu-du-lich-va-lu-hanh,D01,Điểm thi THPT,2023,18.0,Quản trị dịch vụ du lịch và lữ hành
149929,TDL,quan-tri-dich-vu-du-lich-va-lu-hanh,D78,Điểm thi THPT,2023,18.0,Quản trị dịch vụ du lịch và lữ hành
149930,TDL,quan-tri-dich-vu-du-lich-va-lu-hanh,C00,Điểm học bạ,2024,25.0,Quản trị dịch vụ du lịch và lữ hành
149931,TDL,quan-tri-dich-vu-du-lich-va-lu-hanh,C20,Điểm học bạ,2024,25.0,Quản trị dịch vụ du lịch và lữ hành
149932,TDL,quan-tri-dich-vu-du-lich-va-lu-hanh,D01,Điểm học bạ,2024,25.0,Quản trị dịch vụ du lịch và lữ hành
149933,TDL,quan-tri-dich-vu-du-lich-va-lu-hanh,D78,Điểm học bạ,2024,25.0,Quản trị dịch vụ du lịch và lữ hành
149934,TDL,quan-tri-dich-vu-du-lich-va-lu-hanh,C00,Điểm thi THPT,2024,20.5,Quản trị dịch vụ du lịch và lữ hành
149935,TDL,quan-tri-dich-vu-du-lich-va-lu-hanh,C20,Điểm thi THPT,2024,20.5,Quản trị dịch vụ du lịch và lữ hành
149936,TDL,quan-tri-dich-vu-du-lich-va-lu-hanh,D01,Điểm thi THPT,2024,20.5,Quản trị dịch vụ du lịch và lữ hành
149937,TDL,quan-tri-dich-vu-du-lich-va-lu-hanh,D78,Điểm thi THPT,2024,20.5,Quản trị dịch vụ du lịch và lữ hành
149938,TDL,quan-tri-dich-vu-du-lich-va-lu-hanh,C00,Điểm học bạ,2025,24.67,Quản trị dịch vụ du lịch và lữ hành
149939,TDL,quan-tri-dich-vu-du-lich-va-lu-hanh,C03,Điểm học bạ,2025,24.67,Quản trị dịch vụ du lịch và lữ hành
149940,TDL,quan-tri-dich-vu-du-lich-va-lu-hanh,C04,Điểm học bạ,2025,24.67,Quản trị dịch vụ du lịch và lữ hành
149941,TDL,quan-tri-dich-vu-du-lich-va-lu-hanh,D01,Điểm học bạ,2025,24.67,Quản trị dịch vụ du lịch và lữ hành
149942,TDL,quan-tri-dich-vu-du-lich-va-lu-hanh,D09,Điểm học bạ,2025,24.67,Quản trị dịch vụ du lịch và lữ hành
149943,TDL,quan-tri-dich-vu-du-lich-va-lu-hanh,D15,Điểm học bạ,2025,24.67,Quản trị dịch vụ du lịch và lữ hành
149944,TDL,quan-tri-dich-vu-du-lich-va-lu-hanh,X01,Điểm học bạ,2025,24.67,Quản trị dịch vụ du lịch và lữ hành
149945,TDL,quan-tri-dich-vu-du-lich-va-lu-hanh,X02,Điểm học bạ,2025,24.67,Quản trị dịch vụ du lịch và lữ hành
149946,TDL,quan-tri-dich-vu-du-lich-va-lu-hanh,X70,Điểm học bạ,2025,24.67,Quản trị dịch vụ du lịch và lữ hành
149947,TDL,quan-tri-dich-vu-du-lich-va-lu-hanh,X71,Điểm học bạ,2025,24.67,Quản trị dịch vụ du lịch và lữ hành
149948,TDL,quan-tri-dich-vu-du-lich-va-lu-hanh,X74,Điểm học bạ,2025,24.67,Quản trị dịch vụ du lịch và lữ hành
149949,TDL,quan-tri-dich-vu-du-lich-va-lu-hanh,X75,Điểm học bạ,2025,24.67,Quản trị dịch vụ du lịch và lữ hành
149950,TDL,quan-tri-dich-vu-du-lich-va-lu-hanh,X78,Điểm học bạ,2025,24.67,Quản trị dịch vụ du lịch và lữ hành
149951,TDL,quan-tri-dich-vu-du-lich-va-lu-hanh,X79,Điểm học bạ,2025,24.67,Quản trị dịch vụ du lịch và lữ hành
149952,TDL,quan-tri-dich-vu-du-lich-va-lu-hanh,Y07,Điểm học bạ,2025,24.67,Quản trị dịch vụ du lịch và lữ hành
149953,TDL,quan-tri-dich-vu-du-lich-va-lu-hanh,C00,Điểm thi THPT,2025,22.0,Quản trị dịch vụ du lịch và lữ hành
149954,TDL,quan-tri-dich-vu-du-lich-va-lu-hanh,C03,Điểm thi THPT,2025,22.0,Quản trị dịch vụ du lịch và lữ hành
149955,TDL,quan-tri-dich-vu-du-lich-va-lu-hanh,C04,Điểm thi THPT,2025,22.0,Quản trị dịch vụ du lịch và lữ hành
149956,TDL,quan-tri-dich-vu-du-lich-va-lu-hanh,D01,Điểm thi THPT,2025,22.0,Quản trị dịch vụ du lịch và lữ hành
149957,TDL,quan-tri-dich-vu-du-lich-va-lu-hanh,D09,Điểm thi THPT,2025,22.0,Quản trị dịch vụ du lịch và lữ hành
149958,TDL,quan-tri-dich-vu-du-lich-va-lu-hanh,D15,Điểm thi THPT,2025,22.0,Quản trị dịch vụ du lịch và lữ hành
149959,TDL,quan-tri-dich-vu-du-lich-va-lu-hanh,X01,Điểm thi THPT,2025,22.0,Quản trị dịch vụ du lịch và lữ hành
149960,TDL,quan-tri-dich-vu-du-lich-va-lu-hanh,X02,Điểm thi THPT,2025,22.0,Quản trị dịch vụ du lịch và lữ hành
149961,TDL,quan-tri-dich-vu-du-lich-va-lu-hanh,X70,Điểm thi THPT,2025,22.0,Quản trị dịch vụ du lịch và lữ hành
149962,TDL,quan-tri-dich-vu-du-lich-va-lu-hanh,X71,Điểm thi THPT,2025,22.0,Quản trị dịch vụ du lịch và lữ hành
149963,TDL,quan-tri-dich-vu-du-lich-va-lu-hanh,X74,Điểm thi THPT,2025,22.0,Quản trị dịch vụ du lịch và lữ hành
149964,TDL,quan-tri-dich-vu-du-lich-va-lu-hanh,X75,Điểm thi THPT,2025,22.0,Quản trị dịch vụ du lịch và lữ hành
149965,TDL,quan-tri-dich-vu-du-lich-va-lu-hanh,X78,Điểm thi THPT,2025,22.0,Quản trị dịch vụ du lịch và lữ hành
149966,TDL,quan-tri-dich-vu-du-lich-va-lu-hanh,X79,Điểm thi THPT,2025,22.0,Quản trị dịch vụ du lịch và lữ hành
149967,TDL,quan-tri-dich-vu-du-lich-va-lu-hanh,Y07,Điểm thi THPT,2025,22.0,Quản trị dịch vụ du lịch và lữ hành
149968,TDL,quan-tri-kinh-doanh,A00,Điểm học bạ,2021,22.5,Quản trị kinh doanh
149969,TDL,quan-tri-kinh-doanh,A01,Điểm học bạ,2021,22.5,Quản trị kinh doanh
149970,TDL,quan-tri-kinh-doanh,D01,Điểm học bạ,2021,22.5,Quản trị kinh doanh
149971,TDL,quan-tri-kinh-doanh,D96,Điểm học bạ,2021,22.5,Quản trị kinh doanh
149972,TDL,quan-tri-kinh-doanh,A00,Điểm thi THPT,2021,17.5,Quản trị kinh doanh
149973,TDL,quan-tri-kinh-doanh,A01,Điểm thi THPT,2021,17.5,Quản trị kinh doanh
149974,TDL,quan-tri-kinh-doanh,D01,Điểm thi THPT,2021,17.5,Quản trị kinh doanh
149975,TDL,quan-tri-kinh-doanh,D96,Điểm thi THPT,2021,17.5,Quản trị kinh doanh
149976,TDL,quan-tri-kinh-doanh,A00,Điểm học bạ,2022,24.5,Quản trị kinh doanh
149977,TDL,quan-tri-kinh-doanh,A01,Điểm học bạ,2022,24.5,Quản trị kinh doanh
149978,TDL,quan-tri-kinh-doanh,D01,Điểm học bạ,2022,24.5,Quản trị kinh doanh
149979,TDL,quan-tri-kinh-doanh,D96,Điểm học bạ,2022,24.5,Quản trị kinh doanh
149980,TDL,quan-tri-kinh-doanh,A00,Điểm thi THPT,2022,18.0,Quản trị kinh doanh
149981,TDL,quan-tri-kinh-doanh,A01,Điểm thi THPT,2022,18.0,Quản trị kinh doanh
149982,TDL,quan-tri-kinh-doanh,D01,Điểm thi THPT,2022,18.0,Quản trị kinh doanh
149983,TDL,quan-tri-kinh-doanh,D96,Điểm thi THPT,2022,18.0,Quản trị kinh doanh
149984,TDL,quan-tri-kinh-doanh,A00,Điểm học bạ,2023,24.0,Quản trị kinh doanh
149985,TDL,quan-tri-kinh-doanh,A01,Điểm học bạ,2023,24.0,Quản trị kinh doanh
149986,TDL,quan-tri-kinh-doanh,D01,Điểm học bạ,2023,24.0,Quản trị kinh doanh
149987,TDL,quan-tri-kinh-doanh,D96,Điểm học bạ,2023,24.0,Quản trị kinh doanh
149988,TDL,quan-tri-kinh-doanh,A00,Điểm thi THPT,2023,18.0,Quản trị kinh doanh
149989,TDL,quan-tri-kinh-doanh,A01,Điểm thi THPT,2023,18.0,Quản trị kinh doanh
149990,TDL,quan-tri-kinh-doanh,D01,Điểm thi THPT,2023,18.0,Quản trị kinh doanh
149991,TDL,quan-tri-kinh-doanh,D96,Điểm thi THPT,2023,18.0,Quản trị kinh doanh
149992,TDL,quan-tri-kinh-doanh,A00,Điểm học bạ,2024,25.0,Quản trị kinh doanh
149993,TDL,quan-tri-kinh-doanh,A01,Điểm học bạ,2024,25.0,Quản trị kinh doanh
149994,TDL,quan-tri-kinh-doanh,D01,Điểm học bạ,2024,25.0,Quản trị kinh doanh
149995,TDL,quan-tri-kinh-doanh,D96,Điểm học bạ,2024,25.0,Quản trị kinh doanh
149996,TDL,quan-tri-kinh-doanh,A00,Điểm thi THPT,2024,18.0,Quản trị Kinh doanh
149997,TDL,quan-tri-kinh-doanh,A01,Điểm thi THPT,2024,18.0,Quản trị Kinh doanh
149998,TDL,quan-tri-kinh-doanh,D01,Điểm thi THPT,2024,18.0,Quản trị Kinh doanh
149999,TDL,quan-tri-kinh-doanh,D96,Điểm thi THPT,2024,18.0,Quản trị Kinh doanh
150000,TDL,quan-tri-kinh-doanh,A00,Điểm học bạ,2025,24.0,Quản trị kinh doanh
150001,TDL,quan-tri-kinh-doanh,A01,Điểm học bạ,2025,24.0,Quản trị kinh doanh
150002,TDL,quan-tri-kinh-doanh,C01,Điểm học bạ,2025,24.0,Quản trị kinh doanh
150003,TDL,quan-tri-kinh-doanh,C04,Điểm học bạ,2025,24.0,Quản trị kinh doanh
150004,TDL,quan-tri-kinh-doanh,D01,Điểm học bạ,2025,24.0,Quản trị kinh doanh
150005,TDL,quan-tri-kinh-doanh,X01,Điểm học bạ,2025,24.0,Quản trị kinh doanh
150006,TDL,quan-tri-kinh-doanh,X02,Điểm học bạ,2025,24.0,Quản trị kinh doanh
150007,TDL,quan-tri-kinh-doanh,X05,Điểm học bạ,2025,24.0,Quản trị kinh doanh
150008,TDL,quan-tri-kinh-doanh,X06,Điểm học bạ,2025,24.0,Quản trị kinh doanh
150009,TDL,quan-tri-kinh-doanh,X09,Điểm học bạ,2025,24.0,Quản trị kinh doanh
150010,TDL,quan-tri-kinh-doanh,X21,Điểm học bạ,2025,24.0,Quản trị kinh doanh
150011,TDL,quan-tri-kinh-doanh,X25,Điểm học bạ,2025,24.0,Quản trị kinh doanh
150012,TDL,quan-tri-kinh-doanh,X26,Điểm học bạ,2025,24.0,Quản trị kinh doanh
150013,TDL,quan-tri-kinh-doanh,X53,Điểm học bạ,2025,24.0,Quản trị kinh doanh
150014,TDL,quan-tri-kinh-doanh,A00,Điểm thi THPT,2025,21.0,Quản trị kinh doanh
150015,TDL,quan-tri-kinh-doanh,A01,Điểm thi THPT,2025,21.0,Quản trị kinh doanh
150016,TDL,quan-tri-kinh-doanh,C01,Điểm thi THPT,2025,21.0,Quản trị kinh doanh
150017,TDL,quan-tri-kinh-doanh,C04,Điểm thi THPT,2025,21.0,Quản trị kinh doanh
150018,TDL,quan-tri-kinh-doanh,D01,Điểm thi THPT,2025,21.0,Quản trị kinh doanh
150019,TDL,quan-tri-kinh-doanh,X01,Điểm thi THPT,2025,21.0,Quản trị kinh doanh
150020,TDL,quan-tri-kinh-doanh,X02,Điểm thi THPT,2025,21.0,Quản trị kinh doanh
150021,TDL,quan-tri-kinh-doanh,X05,Điểm thi THPT,2025,21.0,Quản trị kinh doanh
150022,TDL,quan-tri-kinh-doanh,X06,Điểm thi THPT,2025,21.0,Quản trị kinh doanh
150023,TDL,quan-tri-kinh-doanh,X09,Điểm thi THPT,2025,21.0,Quản trị kinh doanh
150024,TDL,quan-tri-kinh-doanh,X21,Điểm thi THPT,2025,21.0,Quản trị kinh doanh
150025,TDL,quan-tri-kinh-doanh,X25,Điểm thi THPT,2025,21.0,Quản trị kinh doanh
150026,TDL,quan-tri-kinh-doanh,X26,Điểm thi THPT,2025,21.0,Quản trị kinh doanh
150027,TDL,quan-tri-kinh-doanh,X53,Điểm thi THPT,2025,21.0,Quản trị kinh doanh
150028,TDL,quoc-te-hoc,C00,Điểm học bạ,2021,18.0,Quốc tế học
150029,TDL,quoc-te-hoc,C20,Điểm học bạ,2021,18.0,Quốc tế học
150030,TDL,quoc-te-hoc,D01,Điểm học bạ,2021,18.0,Quốc tế học
150031,TDL,quoc-te-hoc,D78,Điểm học bạ,2021,18.0,Quốc tế học
150032,TDL,quoc-te-hoc,C00,Điểm thi THPT,2021,16.0,Quốc tế học
150033,TDL,quoc-te-hoc,C20,Điểm thi THPT,2021,16.0,Quốc tế học
150034,TDL,quoc-te-hoc,D01,Điểm thi THPT,2021,16.0,Quốc tế học
150035,TDL,quoc-te-hoc,D78,Điểm thi THPT,2021,16.0,Quốc tế học
150036,TDL,quoc-te-hoc,C00,Điểm học bạ,2022,18.0,Quốc tế học
150037,TDL,quoc-te-hoc,C20,Điểm học bạ,2022,18.0,Quốc tế học
150038,TDL,quoc-te-hoc,D01,Điểm học bạ,2022,18.0,Quốc tế học
150039,TDL,quoc-te-hoc,D78,Điểm học bạ,2022,18.0,Quốc tế học
150040,TDL,quoc-te-hoc,C00,Điểm thi THPT,2022,16.0,Quốc tế học
150041,TDL,quoc-te-hoc,C20,Điểm thi THPT,2022,16.0,Quốc tế học
150042,TDL,quoc-te-hoc,D01,Điểm thi THPT,2022,16.0,Quốc tế học
150043,TDL,quoc-te-hoc,D78,Điểm thi THPT,2022,16.0,Quốc tế học
150044,TDL,quoc-te-hoc,C00,Điểm học bạ,2023,18.0,Quốc tế học
150045,TDL,quoc-te-hoc,C20,Điểm học bạ,2023,18.0,Quốc tế học
150046,TDL,quoc-te-hoc,D01,Điểm học bạ,2023,18.0,Quốc tế học
150047,TDL,quoc-te-hoc,D78,Điểm học bạ,2023,18.0,Quốc tế học
150048,TDL,quoc-te-hoc,C00,Điểm thi THPT,2023,16.0,Quốc tế học
150049,TDL,quoc-te-hoc,C20,Điểm thi THPT,2023,16.0,Quốc tế học
150050,TDL,quoc-te-hoc,D01,Điểm thi THPT,2023,16.0,Quốc tế học
150051,TDL,quoc-te-hoc,D78,Điểm thi THPT,2023,16.0,Quốc tế học
150052,TDL,quoc-te-hoc,C00,Điểm học bạ,2024,19.0,Quốc tế học
150053,TDL,quoc-te-hoc,C20,Điểm học bạ,2024,19.0,Quốc tế học
150054,TDL,quoc-te-hoc,D01,Điểm học bạ,2024,19.0,Quốc tế học
150055,TDL,quoc-te-hoc,D78,Điểm học bạ,2024,19.0,Quốc tế học
150056,TDL,quoc-te-hoc,C00,Điểm thi THPT,2024,17.0,Quốc tế học
150057,TDL,quoc-te-hoc,C20,Điểm thi THPT,2024,17.0,Quốc tế học
150058,TDL,quoc-te-hoc,D01,Điểm thi THPT,2024,17.0,Quốc tế học
150059,TDL,quoc-te-hoc,D78,Điểm thi THPT,2024,17.0,Quốc tế học
150060,TDL,quoc-te-hoc,D01,Điểm học bạ,2025,19.0,Quốc tế học
150061,TDL,quoc-te-hoc,D14,Điểm học bạ,2025,19.0,Quốc tế học
150062,TDL,quoc-te-hoc,D15,Điểm học bạ,2025,19.0,Quốc tế học
150063,TDL,quoc-te-hoc,X78,Điểm học bạ,2025,19.0,Quốc tế học
150064,TDL,quoc-te-hoc,X79,Điểm học bạ,2025,19.0,Quốc tế học
150065,TDL,quoc-te-hoc,X80,Điểm học bạ,2025,19.0,Quốc tế học
150066,TDL,quoc-te-hoc,X81,Điểm học bạ,2025,19.0,Quốc tế học
150067,TDL,quoc-te-hoc,D01,Điểm thi THPT,2025,16.0,Quốc tế học
150068,TDL,quoc-te-hoc,D14,Điểm thi THPT,2025,16.0,Quốc tế học
150069,TDL,quoc-te-hoc,D15,Điểm thi THPT,2025,16.0,Quốc tế học
150070,TDL,quoc-te-hoc,X78,Điểm thi THPT,2025,16.0,Quốc tế học
150071,TDL,quoc-te-hoc,X79,Điểm thi THPT,2025,16.0,Quốc tế học
150072,TDL,quoc-te-hoc,X80,Điểm thi THPT,2025,16.0,Quốc tế học
150073,TDL,quoc-te-hoc,X81,Điểm thi THPT,2025,16.0,Quốc tế học
150074,TDL,sinh-hoc,A00,Điểm học bạ,2021,18.0,Sinh học (Sinh học thông minh)
150075,TDL,sinh-hoc,B00,Điểm học bạ,2021,18.0,Sinh học (Sinh học thông minh)
150076,TDL,sinh-hoc,B08,Điểm học bạ,2021,18.0,Sinh học (Sinh học thông minh)
150077,TDL,sinh-hoc,D90,Điểm học bạ,2021,18.0,Sinh học (Sinh học thông minh)
150078,TDL,sinh-hoc,A00,Điểm thi THPT,2021,16.0,Sinh học (Sinh học thông minh)
150079,TDL,sinh-hoc,B00,Điểm thi THPT,2021,16.0,Sinh học (Sinh học thông minh)
150080,TDL,sinh-hoc,B08,Điểm thi THPT,2021,16.0,Sinh học (Sinh học thông minh)
150081,TDL,sinh-hoc,D90,Điểm thi THPT,2021,16.0,Sinh học (Sinh học thông minh)
150082,TDL,sinh-hoc,A00,Điểm học bạ,2022,23.0,Sinh học (Chất lượng cao)
150083,TDL,sinh-hoc,B00,Điểm học bạ,2022,23.0,Sinh học (Chất lượng cao)
150084,TDL,sinh-hoc,B08,Điểm học bạ,2022,23.0,Sinh học (Chất lượng cao)
150085,TDL,sinh-hoc,D90,Điểm học bạ,2022,23.0,Sinh học (Chất lượng cao)
150086,TDL,sinh-hoc,A00,Điểm thi THPT,2022,16.0,Sinh học (Chất lượng cao)
150087,TDL,sinh-hoc,B00,Điểm thi THPT,2022,16.0,Sinh học (Chất lượng cao)
150088,TDL,sinh-hoc,B08,Điểm thi THPT,2022,16.0,Sinh học (Chất lượng cao)
150089,TDL,sinh-hoc,D90,Điểm thi THPT,2022,16.0,Sinh học (Chất lượng cao)
150090,TDL,sinh-hoc,A00,Điểm học bạ,2023,20.0,Sinh học
150091,TDL,sinh-hoc,B00,Điểm học bạ,2023,20.0,Sinh học
150092,TDL,sinh-hoc,B08,Điểm học bạ,2023,20.0,Sinh học
150093,TDL,sinh-hoc,D90,Điểm học bạ,2023,20.0,Sinh học
150094,TDL,sinh-hoc,A00,Điểm thi THPT,2023,16.0,Sinh học
150095,TDL,sinh-hoc,B00,Điểm thi THPT,2023,16.0,Sinh học
150096,TDL,sinh-hoc,B08,Điểm thi THPT,2023,16.0,Sinh học
150097,TDL,sinh-hoc,D90,Điểm thi THPT,2023,16.0,Sinh học
150098,TDL,sinh-hoc,A00,Điểm học bạ,2024,20.0,Sinh học
150099,TDL,sinh-hoc,B00,Điểm học bạ,2024,20.0,Sinh học
150100,TDL,sinh-hoc,B08,Điểm học bạ,2024,20.0,Sinh học
150101,TDL,sinh-hoc,D90,Điểm học bạ,2024,20.0,Sinh học
150102,TDL,sinh-hoc,A00,Điểm thi THPT,2024,17.0,Sinh học
150103,TDL,sinh-hoc,B00,Điểm thi THPT,2024,17.0,Sinh học
150104,TDL,sinh-hoc,B08,Điểm thi THPT,2024,17.0,Sinh học
150105,TDL,sinh-hoc,D90,Điểm thi THPT,2024,17.0,Sinh học
150106,TDL,sinh-hoc,A00,Điểm học bạ,2025,20.0,Sinh học
150107,TDL,sinh-hoc,A02,Điểm học bạ,2025,20.0,Sinh học
150108,TDL,sinh-hoc,A06,Điểm học bạ,2025,20.0,Sinh học
150109,TDL,sinh-hoc,B00,Điểm học bạ,2025,20.0,Sinh học
150110,TDL,sinh-hoc,B02,Điểm học bạ,2025,20.0,Sinh học
150111,TDL,sinh-hoc,B08,Điểm học bạ,2025,20.0,Sinh học
150112,TDL,sinh-hoc,D07,Điểm học bạ,2025,20.0,Sinh học
150113,TDL,sinh-hoc,X08,Điểm học bạ,2025,20.0,Sinh học
150114,TDL,sinh-hoc,X10,Điểm học bạ,2025,20.0,Sinh học
150115,TDL,sinh-hoc,X12,Điểm học bạ,2025,20.0,Sinh học
150116,TDL,sinh-hoc,X14,Điểm học bạ,2025,20.0,Sinh học
150117,TDL,sinh-hoc,X16,Điểm học bạ,2025,20.0,Sinh học
150118,TDL,sinh-hoc,X24,Điểm học bạ,2025,20.0,Sinh học
150119,TDL,sinh-hoc,X28,Điểm học bạ,2025,20.0,Sinh học
150120,TDL,sinh-hoc,X57,Điểm học bạ,2025,20.0,Sinh học
150121,TDL,sinh-hoc,A00,Điểm thi THPT,2025,17.0,Sinh học
150122,TDL,sinh-hoc,A02,Điểm thi THPT,2025,17.0,Sinh học
150123,TDL,sinh-hoc,A06,Điểm thi THPT,2025,17.0,Sinh học
150124,TDL,sinh-hoc,B00,Điểm thi THPT,2025,17.0,Sinh học
150125,TDL,sinh-hoc,B02,Điểm thi THPT,2025,17.0,Sinh học
150126,TDL,sinh-hoc,B08,Điểm thi THPT,2025,17.0,Sinh học
150127,TDL,sinh-hoc,D07,Điểm thi THPT,2025,17.0,Sinh học
150128,TDL,sinh-hoc,X08,Điểm thi THPT,2025,17.0,Sinh học
150129,TDL,sinh-hoc,X10,Điểm thi THPT,2025,17.0,Sinh học
150130,TDL,sinh-hoc,X12,Điểm thi THPT,2025,17.0,Sinh học
150131,TDL,sinh-hoc,X14,Điểm thi THPT,2025,17.0,Sinh học
150132,TDL,sinh-hoc,X16,Điểm thi THPT,2025,17.0,Sinh học
150133,TDL,sinh-hoc,X24,Điểm thi THPT,2025,17.0,Sinh học
150134,TDL,sinh-hoc,X28,Điểm thi THPT,2025,17.0,Sinh học
150135,TDL,sinh-hoc,X57,Điểm thi THPT,2025,17.0,Sinh học
150136,TDL,su-pham-hoa-hoc,A00,Điểm học bạ,2021,25.0,Sư phạm Hóa học
150137,TDL,su-pham-hoa-hoc,B00,Điểm học bạ,2021,25.0,Sư phạm Hóa học
150138,TDL,su-pham-hoa-hoc,D07,Điểm học bạ,2021,25.0,Sư phạm Hóa học
150139,TDL,su-pham-hoa-hoc,D90,Điểm học bạ,2021,25.0,Sư phạm Hóa học
150140,TDL,su-pham-hoa-hoc,A00,Điểm thi THPT,2021,19.0,Sư phạm Hóa học
150141,TDL,su-pham-hoa-hoc,B00,Điểm thi THPT,2021,19.0,Sư phạm Hóa học
150142,TDL,su-pham-hoa-hoc,D07,Điểm thi THPT,2021,19.0,Sư phạm Hóa học
150143,TDL,su-pham-hoa-hoc,D90,Điểm thi THPT,2021,19.0,Sư phạm Hóa học
150144,TDL,su-pham-hoa-hoc,A00,Điểm học bạ,2022,28.0,Sư phạm Hóa học
150145,TDL,su-pham-hoa-hoc,B00,Điểm học bạ,2022,28.0,Sư phạm Hóa học
150146,TDL,su-pham-hoa-hoc,D07,Điểm học bạ,2022,28.0,Sư phạm Hóa học
150147,TDL,su-pham-hoa-hoc,D90,Điểm học bạ,2022,28.0,Sư phạm Hóa học
150148,TDL,su-pham-hoa-hoc,A00,Điểm thi THPT,2022,23.0,Sư phạm Hóa học
150149,TDL,su-pham-hoa-hoc,B00,Điểm thi THPT,2022,23.0,Sư phạm Hóa học
150150,TDL,su-pham-hoa-hoc,D07,Điểm thi THPT,2022,23.0,Sư phạm Hóa học
150151,TDL,su-pham-hoa-hoc,D90,Điểm thi THPT,2022,23.0,Sư phạm Hóa học
150152,TDL,su-pham-hoa-hoc,A00,Điểm học bạ,2023,28.0,Sư phạm Hóa học
150153,TDL,su-pham-hoa-hoc,B00,Điểm học bạ,2023,28.0,Sư phạm Hóa học
150154,TDL,su-pham-hoa-hoc,D07,Điểm học bạ,2023,28.0,Sư phạm Hóa học
150155,TDL,su-pham-hoa-hoc,D90,Điểm học bạ,2023,28.0,Sư phạm Hóa học
150156,TDL,su-pham-hoa-hoc,A00,Điểm thi THPT,2023,24.0,Sư phạm Hóa học
150157,TDL,su-pham-hoa-hoc,B00,Điểm thi THPT,2023,24.0,Sư phạm Hóa học
150158,TDL,su-pham-hoa-hoc,D07,Điểm thi THPT,2023,24.0,Sư phạm Hóa học
150159,TDL,su-pham-hoa-hoc,D90,Điểm thi THPT,2023,24.0,Sư phạm Hóa học
150160,TDL,su-pham-hoa-hoc,A00,Điểm học bạ,2024,28.75,Sư phạm Hóa học
150161,TDL,su-pham-hoa-hoc,B00,Điểm học bạ,2024,28.75,Sư phạm Hóa học
150162,TDL,su-pham-hoa-hoc,D07,Điểm học bạ,2024,28.75,Sư phạm Hóa học
150163,TDL,su-pham-hoa-hoc,D90,Điểm học bạ,2024,28.75,Sư phạm Hóa học
150164,TDL,su-pham-hoa-hoc,A00,Điểm thi THPT,2024,25.25,Sư phạm Hóa học
150165,TDL,su-pham-hoa-hoc,B00,Điểm thi THPT,2024,25.25,Sư phạm Hóa học
150166,TDL,su-pham-hoa-hoc,D07,Điểm thi THPT,2024,25.25,Sư phạm Hóa học
150167,TDL,su-pham-hoa-hoc,D90,Điểm thi THPT,2024,25.25,Sư phạm Hóa học
150168,TDL,su-pham-hoa-hoc,A00,Điểm học bạ,2025,28.67,Sư phạm Hóa học
150169,TDL,su-pham-hoa-hoc,B00,Điểm học bạ,2025,28.67,Sư phạm Hóa học
150170,TDL,su-pham-hoa-hoc,D07,Điểm học bạ,2025,28.67,Sư phạm Hóa học
150171,TDL,su-pham-hoa-hoc,X10,Điểm học bạ,2025,28.67,Sư phạm Hóa học
150172,TDL,su-pham-hoa-hoc,X11,Điểm học bạ,2025,28.67,Sư phạm Hóa học
150173,TDL,su-pham-hoa-hoc,A00,Điểm thi THPT,2025,28.0,Sư phạm Hóa học
150174,TDL,su-pham-hoa-hoc,B00,Điểm thi THPT,2025,28.0,Sư phạm Hóa học
150175,TDL,su-pham-hoa-hoc,D07,Điểm thi THPT,2025,28.0,Sư phạm Hóa học
150176,TDL,su-pham-hoa-hoc,X10,Điểm thi THPT,2025,28.0,Sư phạm Hóa học
150177,TDL,su-pham-hoa-hoc,X11,Điểm thi THPT,2025,28.0,Sư phạm Hóa học
150178,TDL,su-pham-lich-su,C00,Điểm học bạ,2021,24.0,Sư phạm Lịch sử
150179,TDL,su-pham-lich-su,C19,Điểm học bạ,2021,24.0,Sư phạm Lịch sử
150180,TDL,su-pham-lich-su,C20,Điểm học bạ,2021,24.0,Sư phạm Lịch sử
150181,TDL,su-pham-lich-su,D14,Điểm học bạ,2021,24.0,Sư phạm Lịch sử
150182,TDL,su-pham-lich-su,C00,Điểm thi THPT,2021,19.0,Sư phạm Lịch sử
150183,TDL,su-pham-lich-su,C19,Điểm thi THPT,2021,19.0,Sư phạm Lịch sử
150184,TDL,su-pham-lich-su,C20,Điểm thi THPT,2021,19.0,Sư phạm Lịch sử
150185,TDL,su-pham-lich-su,D14,Điểm thi THPT,2021,19.0,Sư phạm Lịch sử
150186,TDL,su-pham-lich-su,C00,Điểm học bạ,2022,24.0,Sư phạm Lịch sử
150187,TDL,su-pham-lich-su,C19,Điểm học bạ,2022,24.0,Sư phạm Lịch sử
150188,TDL,su-pham-lich-su,C20,Điểm học bạ,2022,24.0,Sư phạm Lịch sử
150189,TDL,su-pham-lich-su,D14,Điểm học bạ,2022,24.0,Sư phạm Lịch sử
150190,TDL,su-pham-lich-su,C00,Điểm thi THPT,2022,25.0,Sư phạm Lịch sử
150191,TDL,su-pham-lich-su,C19,Điểm thi THPT,2022,25.0,Sư phạm Lịch sử
150192,TDL,su-pham-lich-su,C20,Điểm thi THPT,2022,25.0,Sư phạm Lịch sử
150193,TDL,su-pham-lich-su,D14,Điểm thi THPT,2022,25.0,Sư phạm Lịch sử
150194,TDL,su-pham-lich-su,C00,Điểm học bạ,2023,26.0,Sư phạm Lịch Sử
150195,TDL,su-pham-lich-su,C19,Điểm học bạ,2023,26.0,Sư phạm Lịch Sử
150196,TDL,su-pham-lich-su,C20,Điểm học bạ,2023,26.0,Sư phạm Lịch Sử
150197,TDL,su-pham-lich-su,D14,Điểm học bạ,2023,26.0,Sư phạm Lịch Sử
150198,TDL,su-pham-lich-su,C00,Điểm thi THPT,2023,26.75,Sư phạm Lịch Sử
150199,TDL,su-pham-lich-su,C19,Điểm thi THPT,2023,26.75,Sư phạm Lịch Sử
150200,TDL,su-pham-lich-su,C20,Điểm thi THPT,2023,26.75,Sư phạm Lịch Sử
150201,TDL,su-pham-lich-su,D14,Điểm thi THPT,2023,26.75,Sư phạm Lịch Sử
150202,TDL,su-pham-lich-su,C00,Điểm học bạ,2024,28.75,Sư phạm Lịch sử
150203,TDL,su-pham-lich-su,C19,Điểm học bạ,2024,28.75,Sư phạm Lịch sử
150204,TDL,su-pham-lich-su,C20,Điểm học bạ,2024,28.75,Sư phạm Lịch sử
150205,TDL,su-pham-lich-su,D14,Điểm học bạ,2024,28.75,Sư phạm Lịch sử
150206,TDL,su-pham-lich-su,C00,Điểm thi THPT,2024,27.25,Sư phạm Lịch sử
150207,TDL,su-pham-lich-su,C19,Điểm thi THPT,2024,27.25,Sư phạm Lịch sử
150208,TDL,su-pham-lich-su,C20,Điểm thi THPT,2024,27.25,Sư phạm Lịch sử
150209,TDL,su-pham-lich-su,D14,Điểm thi THPT,2024,27.25,Sư phạm Lịch sử
150210,TDL,su-pham-lich-su,C00,Điểm học bạ,2025,28.5,Sư phạm Lịch sử
150211,TDL,su-pham-lich-su,D14,Điểm học bạ,2025,28.5,Sư phạm Lịch sử
150212,TDL,su-pham-lich-su,X70,Điểm học bạ,2025,28.5,Sư phạm Lịch sử
150213,TDL,su-pham-lich-su,X71,Điểm học bạ,2025,28.5,Sư phạm Lịch sử
150214,TDL,su-pham-lich-su,X72,Điểm học bạ,2025,28.5,Sư phạm Lịch sử
150215,TDL,su-pham-lich-su,X73,Điểm học bạ,2025,28.5,Sư phạm Lịch sử
150216,TDL,su-pham-lich-su,C00,Điểm thi THPT,2025,27.75,Sư phạm Lịch sử
150217,TDL,su-pham-lich-su,D14,Điểm thi THPT,2025,27.75,Sư phạm Lịch sử
150218,TDL,su-pham-lich-su,X70,Điểm thi THPT,2025,27.75,Sư phạm Lịch sử
150219,TDL,su-pham-lich-su,X71,Điểm thi THPT,2025,27.75,Sư phạm Lịch sử
150220,TDL,su-pham-lich-su,X72,Điểm thi THPT,2025,27.75,Sư phạm Lịch sử
150221,TDL,su-pham-lich-su,X73,Điểm thi THPT,2025,27.75,Sư phạm Lịch sử
150222,TDL,su-pham-ngu-van,C00,Điểm học bạ,2021,25.0,Sư phạm Ngữ văn
150223,TDL,su-pham-ngu-van,C20,Điểm học bạ,2021,25.0,Sư phạm Ngữ văn
150224,TDL,su-pham-ngu-van,D14,Điểm học bạ,2021,25.0,Sư phạm Ngữ văn
150225,TDL,su-pham-ngu-van,D15,Điểm học bạ,2021,25.0,Sư phạm Ngữ văn
150226,TDL,su-pham-ngu-van,C00,Điểm thi THPT,2021,24.5,Sư phạm Ngữ văn
150227,TDL,su-pham-ngu-van,C20,Điểm thi THPT,2021,24.5,Sư phạm Ngữ văn
150228,TDL,su-pham-ngu-van,D14,Điểm thi THPT,2021,24.5,Sư phạm Ngữ văn
150229,TDL,su-pham-ngu-van,D15,Điểm thi THPT,2021,24.5,Sư phạm Ngữ văn
150230,TDL,su-pham-ngu-van,C00,Điểm học bạ,2022,27.0,Sư phạm Ngữ văn
150231,TDL,su-pham-ngu-van,C20,Điểm học bạ,2022,27.0,Sư phạm Ngữ văn
150232,TDL,su-pham-ngu-van,D14,Điểm học bạ,2022,27.0,Sư phạm Ngữ văn
150233,TDL,su-pham-ngu-van,D15,Điểm học bạ,2022,27.0,Sư phạm Ngữ văn
150234,TDL,su-pham-ngu-van,C00,Điểm thi THPT,2022,26.0,Sư phạm Ngữ văn
150235,TDL,su-pham-ngu-van,C20,Điểm thi THPT,2022,26.0,Sư phạm Ngữ văn
150236,TDL,su-pham-ngu-van,D14,Điểm thi THPT,2022,26.0,Sư phạm Ngữ văn
150237,TDL,su-pham-ngu-van,D15,Điểm thi THPT,2022,26.0,Sư phạm Ngữ văn
150238,TDL,su-pham-ngu-van,C00,Điểm học bạ,2023,28.0,Sư phạm Ngữ Văn
150239,TDL,su-pham-ngu-van,C20,Điểm học bạ,2023,28.0,Sư phạm Ngữ Văn
150240,TDL,su-pham-ngu-van,D14,Điểm học bạ,2023,28.0,Sư phạm Ngữ Văn
150241,TDL,su-pham-ngu-van,D15,Điểm học bạ,2023,28.0,Sư phạm Ngữ Văn
150242,TDL,su-pham-ngu-van,C00,Điểm thi THPT,2023,26.0,Sư phạm Ngữ Văn
150243,TDL,su-pham-ngu-van,C20,Điểm thi THPT,2023,26.0,Sư phạm Ngữ Văn
150244,TDL,su-pham-ngu-van,D14,Điểm thi THPT,2023,26.0,Sư phạm Ngữ Văn
150245,TDL,su-pham-ngu-van,D15,Điểm thi THPT,2023,26.0,Sư phạm Ngữ Văn
150246,TDL,su-pham-ngu-van,C00,Điểm học bạ,2024,28.75,Sư phạm Ngữ văn
150247,TDL,su-pham-ngu-van,C20,Điểm học bạ,2024,28.75,Sư phạm Ngữ văn
150248,TDL,su-pham-ngu-van,D14,Điểm học bạ,2024,28.75,Sư phạm Ngữ văn
150249,TDL,su-pham-ngu-van,D15,Điểm học bạ,2024,28.75,Sư phạm Ngữ văn
150250,TDL,su-pham-ngu-van,C00,Điểm thi THPT,2024,27.75,Sư phạm Ngữ văn
150251,TDL,su-pham-ngu-van,C20,Điểm thi THPT,2024,27.75,Sư phạm Ngữ văn
150252,TDL,su-pham-ngu-van,D14,Điểm thi THPT,2024,27.75,Sư phạm Ngữ văn
150253,TDL,su-pham-ngu-van,D15,Điểm thi THPT,2024,27.75,Sư phạm Ngữ văn
150254,TDL,su-pham-ngu-van,C00,Điểm học bạ,2025,28.5,Sư phạm Ngữ văn
150255,TDL,su-pham-ngu-van,D14,Điểm học bạ,2025,28.5,Sư phạm Ngữ văn
150256,TDL,su-pham-ngu-van,X70,Điểm học bạ,2025,28.5,Sư phạm Ngữ văn
150257,TDL,su-pham-ngu-van,X71,Điểm học bạ,2025,28.5,Sư phạm Ngữ văn
150258,TDL,su-pham-ngu-van,X74,Điểm học bạ,2025,28.5,Sư phạm Ngữ văn
150259,TDL,su-pham-ngu-van,X75,Điểm học bạ,2025,28.5,Sư phạm Ngữ văn
150260,TDL,su-pham-ngu-van,X79,Điểm học bạ,2025,28.5,Sư phạm Ngữ văn
150261,TDL,su-pham-ngu-van,Y07,Điểm học bạ,2025,28.5,Sư phạm Ngữ văn
150262,TDL,su-pham-ngu-van,C00,Điểm thi THPT,2025,27.75,Sư phạm Ngữ văn
150263,TDL,su-pham-ngu-van,D14,Điểm thi THPT,2025,27.75,Sư phạm Ngữ văn
150264,TDL,su-pham-ngu-van,X70,Điểm thi THPT,2025,27.75,Sư phạm Ngữ văn
150265,TDL,su-pham-ngu-van,X71,Điểm thi THPT,2025,27.75,Sư phạm Ngữ văn
150266,TDL,su-pham-ngu-van,X74,Điểm thi THPT,2025,27.75,Sư phạm Ngữ văn
150267,TDL,su-pham-ngu-van,X75,Điểm thi THPT,2025,27.75,Sư phạm Ngữ văn
150268,TDL,su-pham-ngu-van,X79,Điểm thi THPT,2025,27.75,Sư phạm Ngữ văn
150269,TDL,su-pham-ngu-van,Y07,Điểm thi THPT,2025,27.75,Sư phạm Ngữ văn
150270,TDL,su-pham-sinh-hoc,A00,Điểm học bạ,2021,27.0,Sư phạm Sinh học
150271,TDL,su-pham-sinh-hoc,B00,Điểm học bạ,2021,27.0,Sư phạm Sinh học
150272,TDL,su-pham-sinh-hoc,B08,Điểm học bạ,2021,27.0,Sư phạm Sinh học
150273,TDL,su-pham-sinh-hoc,D90,Điểm học bạ,2021,27.0,Sư phạm Sinh học
150274,TDL,su-pham-sinh-hoc,A00,Điểm thi THPT,2021,19.0,Sư phạm Sinh học
150275,TDL,su-pham-sinh-hoc,B00,Điểm thi THPT,2021,19.0,Sư phạm Sinh học
150276,TDL,su-pham-sinh-hoc,B08,Điểm thi THPT,2021,19.0,Sư phạm Sinh học
150277,TDL,su-pham-sinh-hoc,D90,Điểm thi THPT,2021,19.0,Sư phạm Sinh học
150278,TDL,su-pham-sinh-hoc,A00,Điểm học bạ,2022,24.0,Sư phạm Sinh học
150279,TDL,su-pham-sinh-hoc,B00,Điểm học bạ,2022,24.0,Sư phạm Sinh học
150280,TDL,su-pham-sinh-hoc,B08,Điểm học bạ,2022,24.0,Sư phạm Sinh học
150281,TDL,su-pham-sinh-hoc,D90,Điểm học bạ,2022,24.0,Sư phạm Sinh học
150282,TDL,su-pham-sinh-hoc,A00,Điểm thi THPT,2022,19.0,Sư phạm Sinh học
150283,TDL,su-pham-sinh-hoc,B00,Điểm thi THPT,2022,19.0,Sư phạm Sinh học
150284,TDL,su-pham-sinh-hoc,B08,Điểm thi THPT,2022,19.0,Sư phạm Sinh học
150285,TDL,su-pham-sinh-hoc,D90,Điểm thi THPT,2022,19.0,Sư phạm Sinh học
150286,TDL,su-pham-sinh-hoc,A00,Điểm học bạ,2023,24.0,Sư phạm Sinh học
150287,TDL,su-pham-sinh-hoc,B00,Điểm học bạ,2023,24.0,Sư phạm Sinh học
150288,TDL,su-pham-sinh-hoc,B08,Điểm học bạ,2023,24.0,Sư phạm Sinh học
150289,TDL,su-pham-sinh-hoc,D90,Điểm học bạ,2023,24.0,Sư phạm Sinh học
150290,TDL,su-pham-sinh-hoc,A00,Điểm thi THPT,2023,20.25,Sư phạm Sinh học
150291,TDL,su-pham-sinh-hoc,B00,Điểm thi THPT,2023,20.25,Sư phạm Sinh học
150292,TDL,su-pham-sinh-hoc,B08,Điểm thi THPT,2023,20.25,Sư phạm Sinh học
150293,TDL,su-pham-sinh-hoc,D90,Điểm thi THPT,2023,20.25,Sư phạm Sinh học
150294,TDL,su-pham-sinh-hoc,A00,Điểm học bạ,2024,28.0,Sư phạm Sinh học
150295,TDL,su-pham-sinh-hoc,B00,Điểm học bạ,2024,28.0,Sư phạm Sinh học
150296,TDL,su-pham-sinh-hoc,B08,Điểm học bạ,2024,28.0,Sư phạm Sinh học
150297,TDL,su-pham-sinh-hoc,D90,Điểm học bạ,2024,28.0,Sư phạm Sinh học
150298,TDL,su-pham-sinh-hoc,A00,Điểm thi THPT,2024,24.25,Sư phạm Sinh học
150299,TDL,su-pham-sinh-hoc,B00,Điểm thi THPT,2024,24.25,Sư phạm Sinh học
150300,TDL,su-pham-sinh-hoc,B08,Điểm thi THPT,2024,24.25,Sư phạm Sinh học
150301,TDL,su-pham-sinh-hoc,D90,Điểm thi THPT,2024,24.25,Sư phạm Sinh học
150302,TDL,su-pham-sinh-hoc,A00,Điểm học bạ,2025,28.17,Sư phạm Sinh học
150303,TDL,su-pham-sinh-hoc,A02,Điểm học bạ,2025,28.17,Sư phạm Sinh học
150304,TDL,su-pham-sinh-hoc,A05,Điểm học bạ,2025,28.17,Sư phạm Sinh học
150305,TDL,su-pham-sinh-hoc,A06,Điểm học bạ,2025,28.17,Sư phạm Sinh học
150306,TDL,su-pham-sinh-hoc,B00,Điểm học bạ,2025,28.17,Sư phạm Sinh học
150307,TDL,su-pham-sinh-hoc,B01,Điểm học bạ,2025,28.17,Sư phạm Sinh học
150308,TDL,su-pham-sinh-hoc,B02,Điểm học bạ,2025,28.17,Sư phạm Sinh học
150309,TDL,su-pham-sinh-hoc,B08,Điểm học bạ,2025,28.17,Sư phạm Sinh học
150310,TDL,su-pham-sinh-hoc,D07,Điểm học bạ,2025,28.17,Sư phạm Sinh học
150311,TDL,su-pham-sinh-hoc,X10,Điểm học bạ,2025,28.17,Sư phạm Sinh học
150312,TDL,su-pham-sinh-hoc,X12,Điểm học bạ,2025,28.17,Sư phạm Sinh học
150313,TDL,su-pham-sinh-hoc,X14,Điểm học bạ,2025,28.17,Sư phạm Sinh học
150314,TDL,su-pham-sinh-hoc,X16,Điểm học bạ,2025,28.17,Sư phạm Sinh học
150315,TDL,su-pham-sinh-hoc,A00,Điểm thi THPT,2025,27.25,Sư phạm Sinh học
150316,TDL,su-pham-sinh-hoc,A02,Điểm thi THPT,2025,27.25,Sư phạm Sinh học
150317,TDL,su-pham-sinh-hoc,A05,Điểm thi THPT,2025,27.25,Sư phạm Sinh học
150318,TDL,su-pham-sinh-hoc,A06,Điểm thi THPT,2025,27.25,Sư phạm Sinh học
150319,TDL,su-pham-sinh-hoc,B00,Điểm thi THPT,2025,27.25,Sư phạm Sinh học
150320,TDL,su-pham-sinh-hoc,B01,Điểm thi THPT,2025,27.25,Sư phạm Sinh học
150321,TDL,su-pham-sinh-hoc,B02,Điểm thi THPT,2025,27.25,Sư phạm Sinh học
150322,TDL,su-pham-sinh-hoc,B08,Điểm thi THPT,2025,27.25,Sư phạm Sinh học
150323,TDL,su-pham-sinh-hoc,D07,Điểm thi THPT,2025,27.25,Sư phạm Sinh học
150324,TDL,su-pham-sinh-hoc,X10,Điểm thi THPT,2025,27.25,Sư phạm Sinh học
150325,TDL,su-pham-sinh-hoc,X12,Điểm thi THPT,2025,27.25,Sư phạm Sinh học
150326,TDL,su-pham-sinh-hoc,X14,Điểm thi THPT,2025,27.25,Sư phạm Sinh học
150327,TDL,su-pham-sinh-hoc,X16,Điểm thi THPT,2025,27.25,Sư phạm Sinh học
150328,TDL,su-pham-tieng-anh,D01,Điểm học bạ,2021,26.5,Sư phạm Tiếng Anh
150329,TDL,su-pham-tieng-anh,D72,Điểm học bạ,2021,26.5,Sư phạm Tiếng Anh
150330,TDL,su-pham-tieng-anh,D96,Điểm học bạ,2021,26.5,Sư phạm Tiếng Anh
150331,TDL,su-pham-tieng-anh,D01,Điểm thi THPT,2021,24.5,Sư phạm Tiếng Anh
150332,TDL,su-pham-tieng-anh,D72,Điểm thi THPT,2021,24.5,Sư phạm Tiếng Anh
150333,TDL,su-pham-tieng-anh,D96,Điểm thi THPT,2021,24.5,Sư phạm Tiếng Anh
150334,TDL,su-pham-tieng-anh,D01,Điểm học bạ,2022,27.5,Sư phạm Tiếng Anh
150335,TDL,su-pham-tieng-anh,D72,Điểm học bạ,2022,27.5,Sư phạm Tiếng Anh
150336,TDL,su-pham-tieng-anh,D96,Điểm học bạ,2022,27.5,Sư phạm Tiếng Anh
150337,TDL,su-pham-tieng-anh,D01,Điểm thi THPT,2022,24.5,Sư phạm Tiếng Anh
150338,TDL,su-pham-tieng-anh,D72,Điểm thi THPT,2022,24.5,Sư phạm Tiếng Anh
150339,TDL,su-pham-tieng-anh,D96,Điểm thi THPT,2022,24.5,Sư phạm Tiếng Anh
150340,TDL,su-pham-tieng-anh,D01,Điểm học bạ,2023,29.0,Sư phạm Tiếng Anh
150341,TDL,su-pham-tieng-anh,D72,Điểm học bạ,2023,29.0,Sư phạm Tiếng Anh
150342,TDL,su-pham-tieng-anh,D96,Điểm học bạ,2023,29.0,Sư phạm Tiếng Anh
150343,TDL,su-pham-tieng-anh,D01,Điểm thi THPT,2023,27.0,Sư phạm Tiếng Anh
150344,TDL,su-pham-tieng-anh,D72,Điểm thi THPT,2023,27.0,Sư phạm Tiếng Anh
150345,TDL,su-pham-tieng-anh,D96,Điểm thi THPT,2023,27.0,Sư phạm Tiếng Anh
150346,TDL,su-pham-tieng-anh,D01,Điểm học bạ,2024,28.5,Sư phạm Tiếng Anh
150347,TDL,su-pham-tieng-anh,D72,Điểm học bạ,2024,28.5,Sư phạm Tiếng Anh
150348,TDL,su-pham-tieng-anh,D96,Điểm học bạ,2024,28.5,Sư phạm Tiếng Anh
150349,TDL,su-pham-tieng-anh,D01,Điểm thi THPT,2024,25.5,Sư phạm Tiếng Anh
150350,TDL,su-pham-tieng-anh,D72,Điểm thi THPT,2024,25.5,Sư phạm Tiếng Anh
150351,TDL,su-pham-tieng-anh,D96,Điểm thi THPT,2024,25.5,Sư phạm Tiếng Anh
150352,TDL,su-pham-tieng-anh,D01,Điểm học bạ,2025,28.5,Sư phạm Tiếng Anh
150353,TDL,su-pham-tieng-anh,D09,Điểm học bạ,2025,28.5,Sư phạm Tiếng Anh
150354,TDL,su-pham-tieng-anh,D10,Điểm học bạ,2025,28.5,Sư phạm Tiếng Anh
150355,TDL,su-pham-tieng-anh,X25,Điểm học bạ,2025,28.5,Sư phạm Tiếng Anh
150356,TDL,su-pham-tieng-anh,X26,Điểm học bạ,2025,28.5,Sư phạm Tiếng Anh
150357,TDL,su-pham-tieng-anh,X27,Điểm học bạ,2025,28.5,Sư phạm Tiếng Anh
150358,TDL,su-pham-tieng-anh,X28,Điểm học bạ,2025,28.5,Sư phạm Tiếng Anh
150359,TDL,su-pham-tieng-anh,D01,Điểm thi THPT,2025,27.75,Sư phạm Tiếng Anh
150360,TDL,su-pham-tieng-anh,D09,Điểm thi THPT,2025,27.75,Sư phạm Tiếng Anh
150361,TDL,su-pham-tieng-anh,D10,Điểm thi THPT,2025,27.75,Sư phạm Tiếng Anh
150362,TDL,su-pham-tieng-anh,X25,Điểm thi THPT,2025,27.75,Sư phạm Tiếng Anh
150363,TDL,su-pham-tieng-anh,X26,Điểm thi THPT,2025,27.75,Sư phạm Tiếng Anh
150364,TDL,su-pham-tieng-anh,X27,Điểm thi THPT,2025,27.75,Sư phạm Tiếng Anh
150365,TDL,su-pham-tieng-anh,X28,Điểm thi THPT,2025,27.75,Sư phạm Tiếng Anh
150366,TDL,su-pham-tin-hoc,A00,Điểm học bạ,2021,25.0,Sư phạm Tin học
150367,TDL,su-pham-tin-hoc,A01,Điểm học bạ,2021,25.0,Sư phạm Tin học
150368,TDL,su-pham-tin-hoc,D07,Điểm học bạ,2021,25.0,Sư phạm Tin học
150369,TDL,su-pham-tin-hoc,D90,Điểm học bạ,2021,25.0,Sư phạm Tin học
150370,TDL,su-pham-tin-hoc,A00,Điểm thi THPT,2021,23.0,Sư phạm Tin học
150371,TDL,su-pham-tin-hoc,A01,Điểm thi THPT,2021,23.0,Sư phạm Tin học
150372,TDL,su-pham-tin-hoc,D07,Điểm thi THPT,2021,23.0,Sư phạm Tin học
150373,TDL,su-pham-tin-hoc,D90,Điểm thi THPT,2021,23.0,Sư phạm Tin học
150374,TDL,su-pham-tin-hoc,A00,Điểm học bạ,2022,24.0,Sư phạm Tin học
150375,TDL,su-pham-tin-hoc,A01,Điểm học bạ,2022,24.0,Sư phạm Tin học
150376,TDL,su-pham-tin-hoc,D07,Điểm học bạ,2022,24.0,Sư phạm Tin học
150377,TDL,su-pham-tin-hoc,D90,Điểm học bạ,2022,24.0,Sư phạm Tin học
150378,TDL,su-pham-tin-hoc,A00,Điểm thi THPT,2022,19.0,Sư phạm Tin học
150379,TDL,su-pham-tin-hoc,A01,Điểm thi THPT,2022,19.0,Sư phạm Tin học
150380,TDL,su-pham-tin-hoc,D07,Điểm thi THPT,2022,19.0,Sư phạm Tin học
150381,TDL,su-pham-tin-hoc,D90,Điểm thi THPT,2022,19.0,Sư phạm Tin học
150382,TDL,su-pham-tin-hoc,A00,Điểm học bạ,2023,24.0,Sư phạm Tin học
150383,TDL,su-pham-tin-hoc,A01,Điểm học bạ,2023,24.0,Sư phạm Tin học
150384,TDL,su-pham-tin-hoc,A00,Điểm thi THPT,2023,19.0,Sư phạm Tin học
150385,TDL,su-pham-tin-hoc,A01,Điểm thi THPT,2023,19.0,Sư phạm Tin học
150386,TDL,su-pham-tin-hoc,A00,Điểm học bạ,2024,27.5,Sư phạm Tin học
150387,TDL,su-pham-tin-hoc,A01,Điểm học bạ,2024,27.5,Sư phạm Tin học
150388,TDL,su-pham-tin-hoc,D07,Điểm học bạ,2024,27.5,Sư phạm Tin học
150389,TDL,su-pham-tin-hoc,D90,Điểm học bạ,2024,27.5,Sư phạm Tin học
150390,TDL,su-pham-tin-hoc,A00,Điểm thi THPT,2024,23.8,Sư phạm Tin học
150391,TDL,su-pham-tin-hoc,A01,Điểm thi THPT,2024,23.8,Sư phạm Tin học
150392,TDL,su-pham-tin-hoc,D07,Điểm thi THPT,2024,23.8,Sư phạm Tin học
150393,TDL,su-pham-tin-hoc,D90,Điểm thi THPT,2024,23.8,Sư phạm Tin học
150394,TDL,su-pham-tin-hoc,A00,Điểm học bạ,2025,28.07,Sư phạm Tin học
150395,TDL,su-pham-tin-hoc,A01,Điểm học bạ,2025,28.07,Sư phạm Tin học
150396,TDL,su-pham-tin-hoc,A02,Điểm học bạ,2025,28.07,Sư phạm Tin học
150397,TDL,su-pham-tin-hoc,D07,Điểm học bạ,2025,28.07,Sư phạm Tin học
150398,TDL,su-pham-tin-hoc,X06,Điểm học bạ,2025,28.07,Sư phạm Tin học
150399,TDL,su-pham-tin-hoc,X07,Điểm học bạ,2025,28.07,Sư phạm Tin học
150400,TDL,su-pham-tin-hoc,X10,Điểm học bạ,2025,28.07,Sư phạm Tin học
150401,TDL,su-pham-tin-hoc,X11,Điểm học bạ,2025,28.07,Sư phạm Tin học
150402,TDL,su-pham-tin-hoc,X26,Điểm học bạ,2025,28.07,Sư phạm Tin học
150403,TDL,su-pham-tin-hoc,X27,Điểm học bạ,2025,28.07,Sư phạm Tin học
150404,TDL,su-pham-tin-hoc,X56,Điểm học bạ,2025,28.07,Sư phạm Tin học
150405,TDL,su-pham-tin-hoc,A00,Điểm thi THPT,2025,27.1,Sư phạm Tin học
150406,TDL,su-pham-tin-hoc,A01,Điểm thi THPT,2025,27.1,Sư phạm Tin học
150407,TDL,su-pham-tin-hoc,A02,Điểm thi THPT,2025,27.1,Sư phạm Tin học
150408,TDL,su-pham-tin-hoc,D07,Điểm thi THPT,2025,27.1,Sư phạm Tin học
150409,TDL,su-pham-tin-hoc,X06,Điểm thi THPT,2025,27.1,Sư phạm Tin học
150410,TDL,su-pham-tin-hoc,X07,Điểm thi THPT,2025,27.1,Sư phạm Tin học
150411,TDL,su-pham-tin-hoc,X10,Điểm thi THPT,2025,27.1,Sư phạm Tin học
150412,TDL,su-pham-tin-hoc,X11,Điểm thi THPT,2025,27.1,Sư phạm Tin học
150413,TDL,su-pham-tin-hoc,X26,Điểm thi THPT,2025,27.1,Sư phạm Tin học
150414,TDL,su-pham-tin-hoc,X27,Điểm thi THPT,2025,27.1,Sư phạm Tin học
150415,TDL,su-pham-tin-hoc,X56,Điểm thi THPT,2025,27.1,Sư phạm Tin học
150416,TDL,su-pham-toan-hoc,A00,Điểm học bạ,2021,25.5,Sư phạm Toán học
150417,TDL,su-pham-toan-hoc,A01,Điểm học bạ,2021,25.5,Sư phạm Toán học
150418,TDL,su-pham-toan-hoc,D07,Điểm học bạ,2021,25.5,Sư phạm Toán học
150419,TDL,su-pham-toan-hoc,D90,Điểm học bạ,2021,25.5,Sư phạm Toán học
150420,TDL,su-pham-toan-hoc,A00,Điểm thi THPT,2021,24.0,Sư phạm Toán học
150421,TDL,su-pham-toan-hoc,A01,Điểm thi THPT,2021,24.0,Sư phạm Toán học
150422,TDL,su-pham-toan-hoc,D07,Điểm thi THPT,2021,24.0,Sư phạm Toán học
150423,TDL,su-pham-toan-hoc,D90,Điểm thi THPT,2021,24.0,Sư phạm Toán học
150424,TDL,su-pham-toan-hoc,A00,Điểm học bạ,2022,27.5,Sư phạm Toán học
150425,TDL,su-pham-toan-hoc,A01,Điểm học bạ,2022,27.5,Sư phạm Toán học
150426,TDL,su-pham-toan-hoc,D07,Điểm học bạ,2022,27.5,Sư phạm Toán học
150427,TDL,su-pham-toan-hoc,D90,Điểm học bạ,2022,27.5,Sư phạm Toán học
150428,TDL,su-pham-toan-hoc,A00,Điểm thi THPT,2022,25.0,Sư phạm Toán học
150429,TDL,su-pham-toan-hoc,A01,Điểm thi THPT,2022,25.0,Sư phạm Toán học
150430,TDL,su-pham-toan-hoc,D07,Điểm thi THPT,2022,25.0,Sư phạm Toán học
150431,TDL,su-pham-toan-hoc,D90,Điểm thi THPT,2022,25.0,Sư phạm Toán học
150432,TDL,su-pham-toan-hoc,A00,Điểm học bạ,2023,29.0,Sư phạm Toán học
150433,TDL,su-pham-toan-hoc,A01,Điểm học bạ,2023,29.0,Sư phạm Toán học
150434,TDL,su-pham-toan-hoc,D07,Điểm học bạ,2023,29.0,Sư phạm Toán học
150435,TDL,su-pham-toan-hoc,D90,Điểm học bạ,2023,29.0,Sư phạm Toán học
150436,TDL,su-pham-toan-hoc,A00,Điểm thi THPT,2023,26.5,Sư phạm Toán học
150437,TDL,su-pham-toan-hoc,A01,Điểm thi THPT,2023,26.5,Sư phạm Toán học
150438,TDL,su-pham-toan-hoc,D07,Điểm thi THPT,2023,26.5,Sư phạm Toán học
150439,TDL,su-pham-toan-hoc,D90,Điểm thi THPT,2023,26.5,Sư phạm Toán học
150440,TDL,su-pham-toan-hoc,A00,Điểm học bạ,2024,29.25,Sư phạm Toán học
150441,TDL,su-pham-toan-hoc,A01,Điểm học bạ,2024,29.25,Sư phạm Toán học
150442,TDL,su-pham-toan-hoc,D07,Điểm học bạ,2024,29.25,Sư phạm Toán học
150443,TDL,su-pham-toan-hoc,D90,Điểm học bạ,2024,29.25,Sư phạm Toán học
150444,TDL,su-pham-toan-hoc,A00,Điểm thi THPT,2024,25.8,Sư phạm Toán học
150445,TDL,su-pham-toan-hoc,A01,Điểm thi THPT,2024,25.8,Sư phạm Toán học
150446,TDL,su-pham-toan-hoc,D07,Điểm thi THPT,2024,25.8,Sư phạm Toán học
150447,TDL,su-pham-toan-hoc,D90,Điểm thi THPT,2024,25.8,Sư phạm Toán học
150448,TDL,su-pham-toan-hoc,A00,Điểm học bạ,2025,29.0,Sư phạm Toán học
150449,TDL,su-pham-toan-hoc,A01,Điểm học bạ,2025,29.0,Sư phạm Toán học
150450,TDL,su-pham-toan-hoc,A02,Điểm học bạ,2025,29.0,Sư phạm Toán học
150451,TDL,su-pham-toan-hoc,D07,Điểm học bạ,2025,29.0,Sư phạm Toán học
150452,TDL,su-pham-toan-hoc,X06,Điểm học bạ,2025,29.0,Sư phạm Toán học
150453,TDL,su-pham-toan-hoc,X07,Điểm học bạ,2025,29.0,Sư phạm Toán học
150454,TDL,su-pham-toan-hoc,X10,Điểm học bạ,2025,29.0,Sư phạm Toán học
150455,TDL,su-pham-toan-hoc,X11,Điểm học bạ,2025,29.0,Sư phạm Toán học
150456,TDL,su-pham-toan-hoc,X26,Điểm học bạ,2025,29.0,Sư phạm Toán học
150457,TDL,su-pham-toan-hoc,X27,Điểm học bạ,2025,29.0,Sư phạm Toán học
150458,TDL,su-pham-toan-hoc,X56,Điểm học bạ,2025,29.0,Sư phạm Toán học
150459,TDL,su-pham-toan-hoc,A00,Điểm thi THPT,2025,28.5,Sư phạm Toán học
150460,TDL,su-pham-toan-hoc,A01,Điểm thi THPT,2025,28.5,Sư phạm Toán học
150461,TDL,su-pham-toan-hoc,A02,Điểm thi THPT,2025,28.5,Sư phạm Toán học
150462,TDL,su-pham-toan-hoc,D07,Điểm thi THPT,2025,28.5,Sư phạm Toán học
150463,TDL,su-pham-toan-hoc,X06,Điểm thi THPT,2025,28.5,Sư phạm Toán học
150464,TDL,su-pham-toan-hoc,X07,Điểm thi THPT,2025,28.5,Sư phạm Toán học
150465,TDL,su-pham-toan-hoc,X10,Điểm thi THPT,2025,28.5,Sư phạm Toán học
150466,TDL,su-pham-toan-hoc,X11,Điểm thi THPT,2025,28.5,Sư phạm Toán học
150467,TDL,su-pham-toan-hoc,X26,Điểm thi THPT,2025,28.5,Sư phạm Toán học
150468,TDL,su-pham-toan-hoc,X27,Điểm thi THPT,2025,28.5,Sư phạm Toán học
150469,TDL,su-pham-toan-hoc,X56,Điểm thi THPT,2025,28.5,Sư phạm Toán học
150470,TDL,su-pham-vat-ly,A00,Điểm học bạ,2021,24.0,Sư phạm Vật lý
150471,TDL,su-pham-vat-ly,A01,Điểm học bạ,2021,24.0,Sư phạm Vật lý
150472,TDL,su-pham-vat-ly,A12,Điểm học bạ,2021,24.0,Sư phạm Vật lý
150473,TDL,su-pham-vat-ly,D90,Điểm học bạ,2021,24.0,Sư phạm Vật lý
150474,TDL,su-pham-vat-ly,A00,Điểm thi THPT,2021,19.0,Sư phạm Vật lý
150475,TDL,su-pham-vat-ly,A01,Điểm thi THPT,2021,19.0,Sư phạm Vật lý
150476,TDL,su-pham-vat-ly,A12,Điểm thi THPT,2021,19.0,Sư phạm Vật lý
150477,TDL,su-pham-vat-ly,D90,Điểm thi THPT,2021,19.0,Sư phạm Vật lý
150478,TDL,su-pham-vat-ly,A00,Điểm học bạ,2022,27.0,Sư phạm Vật lý
150479,TDL,su-pham-vat-ly,A01,Điểm học bạ,2022,27.0,Sư phạm Vật lý
150480,TDL,su-pham-vat-ly,A12,Điểm học bạ,2022,27.0,Sư phạm Vật lý
150481,TDL,su-pham-vat-ly,D90,Điểm học bạ,2022,27.0,Sư phạm Vật lý
150482,TDL,su-pham-vat-ly,A00,Điểm thi THPT,2022,21.0,Sư phạm Vật lý
150483,TDL,su-pham-vat-ly,A01,Điểm thi THPT,2022,21.0,Sư phạm Vật lý
150484,TDL,su-pham-vat-ly,A12,Điểm thi THPT,2022,21.0,Sư phạm Vật lý
150485,TDL,su-pham-vat-ly,D90,Điểm thi THPT,2022,21.0,Sư phạm Vật lý
150486,TDL,su-pham-vat-ly,A00,Điểm học bạ,2023,27.0,Sư phạm Vật lý
150487,TDL,su-pham-vat-ly,A01,Điểm học bạ,2023,27.0,Sư phạm Vật lý
150488,TDL,su-pham-vat-ly,A12,Điểm học bạ,2023,27.0,Sư phạm Vật lý
150489,TDL,su-pham-vat-ly,D90,Điểm học bạ,2023,27.0,Sư phạm Vật lý
150490,TDL,su-pham-vat-ly,A00,Điểm thi THPT,2023,24.0,Sư phạm Vật lý
150491,TDL,su-pham-vat-ly,A01,Điểm thi THPT,2023,24.0,Sư phạm Vật lý
150492,TDL,su-pham-vat-ly,A12,Điểm thi THPT,2023,24.0,Sư phạm Vật lý
150493,TDL,su-pham-vat-ly,D90,Điểm thi THPT,2023,24.0,Sư phạm Vật lý
150494,TDL,su-pham-vat-ly,A00,Điểm học bạ,2024,28.5,Sư phạm Vật lý
150495,TDL,su-pham-vat-ly,A01,Điểm học bạ,2024,28.5,Sư phạm Vật lý
150496,TDL,su-pham-vat-ly,A12,Điểm học bạ,2024,28.5,Sư phạm Vật lý
150497,TDL,su-pham-vat-ly,D90,Điểm học bạ,2024,28.5,Sư phạm Vật lý
150498,TDL,su-pham-vat-ly,A00,Điểm thi THPT,2024,25.25,Sư phạm Vật lý
150499,TDL,su-pham-vat-ly,A01,Điểm thi THPT,2024,25.25,Sư phạm Vật lý
150500,TDL,su-pham-vat-ly,A12,Điểm thi THPT,2024,25.25,Sư phạm Vật lý
150501,TDL,su-pham-vat-ly,D90,Điểm thi THPT,2024,25.25,Sư phạm Vật lý
150502,TDL,su-pham-vat-ly,A00,Điểm học bạ,2025,28.83,Sư phạm Vật lý
150503,TDL,su-pham-vat-ly,A01,Điểm học bạ,2025,28.83,Sư phạm Vật lý
150504,TDL,su-pham-vat-ly,A02,Điểm học bạ,2025,28.83,Sư phạm Vật lý
150505,TDL,su-pham-vat-ly,X06,Điểm học bạ,2025,28.83,Sư phạm Vật lý
150506,TDL,su-pham-vat-ly,X07,Điểm học bạ,2025,28.83,Sư phạm Vật lý
150507,TDL,su-pham-vat-ly,A00,Điểm thi THPT,2025,28.25,Sư phạm Vật lý
150508,TDL,su-pham-vat-ly,A01,Điểm thi THPT,2025,28.25,Sư phạm Vật lý
150509,TDL,su-pham-vat-ly,A02,Điểm thi THPT,2025,28.25,Sư phạm Vật lý
150510,TDL,su-pham-vat-ly,X06,Điểm thi THPT,2025,28.25,Sư phạm Vật lý
150511,TDL,su-pham-vat-ly,X07,Điểm thi THPT,2025,28.25,Sư phạm Vật lý
150512,TDL,tai-chinh-ngan-hang,A00,Điểm học bạ,2021,21.0,Tài chính – Ngân hàng
150513,TDL,tai-chinh-ngan-hang,A01,Điểm học bạ,2021,21.0,Tài chính – Ngân hàng
150514,TDL,tai-chinh-ngan-hang,D01,Điểm học bạ,2021,21.0,Tài chính – Ngân hàng
150515,TDL,tai-chinh-ngan-hang,D96,Điểm học bạ,2021,21.0,Tài chính – Ngân hàng
150516,TDL,tai-chinh-ngan-hang,A00,Điểm thi THPT,2021,16.0,Tài chính – Ngân hàng
150517,TDL,tai-chinh-ngan-hang,A01,Điểm thi THPT,2021,16.0,Tài chính – Ngân hàng
150518,TDL,tai-chinh-ngan-hang,D01,Điểm thi THPT,2021,16.0,Tài chính – Ngân hàng
150519,TDL,tai-chinh-ngan-hang,D96,Điểm thi THPT,2021,16.0,Tài chính – Ngân hàng
150520,TDL,tai-chinh-ngan-hang,A00,Điểm học bạ,2022,25.0,Tài chính – Ngân hàng
150521,TDL,tai-chinh-ngan-hang,A01,Điểm học bạ,2022,25.0,Tài chính – Ngân hàng
150522,TDL,tai-chinh-ngan-hang,D01,Điểm học bạ,2022,25.0,Tài chính – Ngân hàng
150523,TDL,tai-chinh-ngan-hang,D96,Điểm học bạ,2022,25.0,Tài chính – Ngân hàng
150524,TDL,tai-chinh-ngan-hang,A00,Điểm thi THPT,2022,16.0,Tài chính – Ngân hàng
150525,TDL,tai-chinh-ngan-hang,A01,Điểm thi THPT,2022,16.0,Tài chính – Ngân hàng
150526,TDL,tai-chinh-ngan-hang,D01,Điểm thi THPT,2022,16.0,Tài chính – Ngân hàng
150527,TDL,tai-chinh-ngan-hang,D96,Điểm thi THPT,2022,16.0,Tài chính – Ngân hàng
150528,TDL,tai-chinh-ngan-hang,A00,Điểm học bạ,2023,23.0,Tài chính - Ngân hàng
150529,TDL,tai-chinh-ngan-hang,A01,Điểm học bạ,2023,23.0,Tài chính - Ngân hàng
150530,TDL,tai-chinh-ngan-hang,D01,Điểm học bạ,2023,23.0,Tài chính - Ngân hàng
150531,TDL,tai-chinh-ngan-hang,D96,Điểm học bạ,2023,23.0,Tài chính - Ngân hàng
150532,TDL,tai-chinh-ngan-hang,A00,Điểm thi THPT,2023,16.0,Tài chính - Ngân hàng
150533,TDL,tai-chinh-ngan-hang,A01,Điểm thi THPT,2023,16.0,Tài chính - Ngân hàng
150534,TDL,tai-chinh-ngan-hang,D01,Điểm thi THPT,2023,16.0,Tài chính - Ngân hàng
150535,TDL,tai-chinh-ngan-hang,D96,Điểm thi THPT,2023,16.0,Tài chính - Ngân hàng
150536,TDL,tai-chinh-ngan-hang,A00,Điểm học bạ,2024,26.0,Tài chính - Ngân hàng
150537,TDL,tai-chinh-ngan-hang,A01,Điểm học bạ,2024,26.0,Tài chính - Ngân hàng
150538,TDL,tai-chinh-ngan-hang,D01,Điểm học bạ,2024,26.0,Tài chính - Ngân hàng
150539,TDL,tai-chinh-ngan-hang,D96,Điểm học bạ,2024,26.0,Tài chính - Ngân hàng
150540,TDL,tai-chinh-ngan-hang,A00,Điểm thi THPT,2024,19.0,Tài chính - Ngân hàng
150541,TDL,tai-chinh-ngan-hang,A01,Điểm thi THPT,2024,19.0,Tài chính - Ngân hàng
150542,TDL,tai-chinh-ngan-hang,D01,Điểm thi THPT,2024,19.0,Tài chính - Ngân hàng
150543,TDL,tai-chinh-ngan-hang,D96,Điểm thi THPT,2024,19.0,Tài chính - Ngân hàng
150544,TDL,tai-chinh-ngan-hang,A00,Điểm học bạ,2025,23.0,Tài chính – Ngân hàng
150545,TDL,tai-chinh-ngan-hang,A01,Điểm học bạ,2025,23.0,Tài chính – Ngân hàng
150546,TDL,tai-chinh-ngan-hang,C01,Điểm học bạ,2025,23.0,Tài chính – Ngân hàng
150547,TDL,tai-chinh-ngan-hang,C04,Điểm học bạ,2025,23.0,Tài chính – Ngân hàng
150548,TDL,tai-chinh-ngan-hang,D01,Điểm học bạ,2025,23.0,Tài chính – Ngân hàng
150549,TDL,tai-chinh-ngan-hang,X01,Điểm học bạ,2025,23.0,Tài chính – Ngân hàng
150550,TDL,tai-chinh-ngan-hang,X02,Điểm học bạ,2025,23.0,Tài chính – Ngân hàng
150551,TDL,tai-chinh-ngan-hang,X05,Điểm học bạ,2025,23.0,Tài chính – Ngân hàng
150552,TDL,tai-chinh-ngan-hang,X06,Điểm học bạ,2025,23.0,Tài chính – Ngân hàng
150553,TDL,tai-chinh-ngan-hang,X09,Điểm học bạ,2025,23.0,Tài chính – Ngân hàng
150554,TDL,tai-chinh-ngan-hang,X21,Điểm học bạ,2025,23.0,Tài chính – Ngân hàng
150555,TDL,tai-chinh-ngan-hang,X25,Điểm học bạ,2025,23.0,Tài chính – Ngân hàng
150556,TDL,tai-chinh-ngan-hang,X26,Điểm học bạ,2025,23.0,Tài chính – Ngân hàng
150557,TDL,tai-chinh-ngan-hang,X53,Điểm học bạ,2025,23.0,Tài chính – Ngân hàng
150558,TDL,tai-chinh-ngan-hang,A00,Điểm thi THPT,2025,20.0,Tài chính – Ngân hàng
150559,TDL,tai-chinh-ngan-hang,A01,Điểm thi THPT,2025,20.0,Tài chính – Ngân hàng
150560,TDL,tai-chinh-ngan-hang,C01,Điểm thi THPT,2025,20.0,Tài chính – Ngân hàng
150561,TDL,tai-chinh-ngan-hang,C04,Điểm thi THPT,2025,20.0,Tài chính – Ngân hàng
150562,TDL,tai-chinh-ngan-hang,D01,Điểm thi THPT,2025,20.0,Tài chính – Ngân hàng
150563,TDL,tai-chinh-ngan-hang,X01,Điểm thi THPT,2025,20.0,Tài chính – Ngân hàng
150564,TDL,tai-chinh-ngan-hang,X02,Điểm thi THPT,2025,20.0,Tài chính – Ngân hàng
150565,TDL,tai-chinh-ngan-hang,X05,Điểm thi THPT,2025,20.0,Tài chính – Ngân hàng
150566,TDL,tai-chinh-ngan-hang,X06,Điểm thi THPT,2025,20.0,Tài chính – Ngân hàng
150567,TDL,tai-chinh-ngan-hang,X09,Điểm thi THPT,2025,20.0,Tài chính – Ngân hàng
150568,TDL,tai-chinh-ngan-hang,X21,Điểm thi THPT,2025,20.0,Tài chính – Ngân hàng
150569,TDL,tai-chinh-ngan-hang,X25,Điểm thi THPT,2025,20.0,Tài chính – Ngân hàng
150570,TDL,tai-chinh-ngan-hang,X26,Điểm thi THPT,2025,20.0,Tài chính – Ngân hàng
150571,TDL,tai-chinh-ngan-hang,X53,Điểm thi THPT,2025,20.0,Tài chính – Ngân hàng
150572,TDL,toan-hoc,A00,Điểm học bạ,2021,18.0,Toán học
150573,TDL,toan-hoc,A01,Điểm học bạ,2021,18.0,Toán học
150574,TDL,toan-hoc,D07,Điểm học bạ,2021,18.0,Toán học
150575,TDL,toan-hoc,D90,Điểm học bạ,2021,18.0,Toán học
150576,TDL,toan-hoc,A00,Điểm thi THPT,2021,16.0,Toán học
150577,TDL,toan-hoc,A01,Điểm thi THPT,2021,16.0,Toán học
150578,TDL,toan-hoc,D07,Điểm thi THPT,2021,16.0,Toán học
150579,TDL,toan-hoc,D90,Điểm thi THPT,2021,16.0,Toán học
150580,TDL,toan-hoc,A00,Điểm học bạ,2022,18.0,Toán học (Toán - Tin học)
150581,TDL,toan-hoc,A01,Điểm học bạ,2022,18.0,Toán học (Toán - Tin học)
150582,TDL,toan-hoc,D07,Điểm học bạ,2022,18.0,Toán học (Toán - Tin học)
150583,TDL,toan-hoc,D90,Điểm học bạ,2022,18.0,Toán học (Toán - Tin học)
150584,TDL,toan-hoc,A00,Điểm thi THPT,2022,16.0,Toán học (Toán - Tin học)
150585,TDL,toan-hoc,A01,Điểm thi THPT,2022,16.0,Toán học (Toán - Tin học)
150586,TDL,toan-hoc,D07,Điểm thi THPT,2022,16.0,Toán học (Toán - Tin học)
150587,TDL,toan-hoc,D90,Điểm thi THPT,2022,16.0,Toán học (Toán - Tin học)
150588,TDL,toan-hoc,A00,Điểm học bạ,2023,18.0,Toán học
150589,TDL,toan-hoc,A01,Điểm học bạ,2023,18.0,Toán học
150590,TDL,toan-hoc,D07,Điểm học bạ,2023,18.0,Toán học
150591,TDL,toan-hoc,D90,Điểm học bạ,2023,18.0,Toán học
150592,TDL,toan-hoc,A00,Điểm thi THPT,2023,16.0,Toán học
150593,TDL,toan-hoc,A01,Điểm thi THPT,2023,16.0,Toán học
150594,TDL,toan-hoc,D07,Điểm thi THPT,2023,16.0,Toán học
150595,TDL,toan-hoc,D90,Điểm thi THPT,2023,16.0,Toán học
150596,TDL,toan-hoc,A00,Điểm học bạ,2024,19.0,Toán học (Toán - Tin học)
150597,TDL,toan-hoc,A01,Điểm học bạ,2024,19.0,Toán học (Toán - Tin học)
150598,TDL,toan-hoc,D07,Điểm học bạ,2024,19.0,Toán học (Toán - Tin học)
150599,TDL,toan-hoc,D90,Điểm học bạ,2024,19.0,Toán học (Toán - Tin học)
150600,TDL,toan-hoc,A00,Điểm thi THPT,2024,17.0,Toán học (Toán - Tin học)
150601,TDL,toan-hoc,A01,Điểm thi THPT,2024,17.0,Toán học (Toán - Tin học)
150602,TDL,toan-hoc,D07,Điểm thi THPT,2024,17.0,Toán học (Toán - Tin học)
150603,TDL,toan-hoc,D90,Điểm thi THPT,2024,17.0,Toán học (Toán - Tin học)
150604,TDL,toan-hoc,A00,Điểm học bạ,2025,24.67,Toán học (Toán – Tin học)
150605,TDL,toan-hoc,A01,Điểm học bạ,2025,24.67,Toán học (Toán – Tin học)
150606,TDL,toan-hoc,A02,Điểm học bạ,2025,24.67,Toán học (Toán – Tin học)
150607,TDL,toan-hoc,D07,Điểm học bạ,2025,24.67,Toán học (Toán – Tin học)
150608,TDL,toan-hoc,X06,Điểm học bạ,2025,24.67,Toán học (Toán – Tin học)
150609,TDL,toan-hoc,X07,Điểm học bạ,2025,24.67,Toán học (Toán – Tin học)
150610,TDL,toan-hoc,X10,Điểm học bạ,2025,24.67,Toán học (Toán – Tin học)
150611,TDL,toan-hoc,X11,Điểm học bạ,2025,24.67,Toán học (Toán – Tin học)
150612,TDL,toan-hoc,X26,Điểm học bạ,2025,24.67,Toán học (Toán – Tin học)
150613,TDL,toan-hoc,X27,Điểm học bạ,2025,24.67,Toán học (Toán – Tin học)
150614,TDL,toan-hoc,X56,Điểm học bạ,2025,24.67,Toán học (Toán – Tin học)
150615,TDL,toan-hoc,A00,Điểm thi THPT,2025,22.0,Toán học (Toán – Tin học)
150616,TDL,toan-hoc,A01,Điểm thi THPT,2025,22.0,Toán học (Toán – Tin học)
150617,TDL,toan-hoc,A02,Điểm thi THPT,2025,22.0,Toán học (Toán – Tin học)
150618,TDL,toan-hoc,D07,Điểm thi THPT,2025,22.0,Toán học (Toán – Tin học)
150619,TDL,toan-hoc,X06,Điểm thi THPT,2025,22.0,Toán học (Toán – Tin học)
150620,TDL,toan-hoc,X07,Điểm thi THPT,2025,22.0,Toán học (Toán – Tin học)
150621,TDL,toan-hoc,X10,Điểm thi THPT,2025,22.0,Toán học (Toán – Tin học)
150622,TDL,toan-hoc,X11,Điểm thi THPT,2025,22.0,Toán học (Toán – Tin học)
150623,TDL,toan-hoc,X26,Điểm thi THPT,2025,22.0,Toán học (Toán – Tin học)
150624,TDL,toan-hoc,X27,Điểm thi THPT,2025,22.0,Toán học (Toán – Tin học)
150625,TDL,toan-hoc,X56,Điểm thi THPT,2025,22.0,Toán học (Toán – Tin học)
150626,TDL,trung-quoc-hoc,C20,Điểm học bạ,2021,21.0,Trung Quốc học
150627,TDL,trung-quoc-hoc,D01,Điểm học bạ,2021,21.0,Trung Quốc học
150628,TDL,trung-quoc-hoc,D78,Điểm học bạ,2021,21.0,Trung Quốc học
150629,TDL,trung-quoc-hoc,D96,Điểm học bạ,2021,21.0,Trung Quốc học
150630,TDL,trung-quoc-hoc,C20,Điểm thi THPT,2021,16.0,Trung Quốc học
150631,TDL,trung-quoc-hoc,D01,Điểm thi THPT,2021,16.0,Trung Quốc học
150632,TDL,trung-quoc-hoc,D78,Điểm thi THPT,2021,16.0,Trung Quốc học
150633,TDL,trung-quoc-hoc,D96,Điểm thi THPT,2021,16.0,Trung Quốc học
150634,TDL,trung-quoc-hoc,C00,Điểm học bạ,2022,24.0,Trung Quốc học
150635,TDL,trung-quoc-hoc,C20,Điểm học bạ,2022,24.0,Trung Quốc học
150636,TDL,trung-quoc-hoc,D14,Điểm học bạ,2022,24.0,Trung Quốc học
150637,TDL,trung-quoc-hoc,D15,Điểm học bạ,2022,24.0,Trung Quốc học
150638,TDL,trung-quoc-hoc,C00,Điểm thi THPT,2022,16.0,Trung Quốc học
150639,TDL,trung-quoc-hoc,C20,Điểm thi THPT,2022,16.0,Trung Quốc học
150640,TDL,trung-quoc-hoc,D14,Điểm thi THPT,2022,16.0,Trung Quốc học
150641,TDL,trung-quoc-hoc,D15,Điểm thi THPT,2022,16.0,Trung Quốc học
150642,TDL,trung-quoc-hoc,C00,Điểm học bạ,2023,23.0,Trung Quốc học
150643,TDL,trung-quoc-hoc,C20,Điểm học bạ,2023,23.0,Trung Quốc học
150644,TDL,trung-quoc-hoc,D14,Điểm học bạ,2023,23.0,Trung Quốc học
150645,TDL,trung-quoc-hoc,D15,Điểm học bạ,2023,23.0,Trung Quốc học
150646,TDL,trung-quoc-hoc,C00,Điểm thi THPT,2023,16.0,Trung Quốc học
150647,TDL,trung-quoc-hoc,C20,Điểm thi THPT,2023,16.0,Trung Quốc học
150648,TDL,trung-quoc-hoc,D14,Điểm thi THPT,2023,16.0,Trung Quốc học
150649,TDL,trung-quoc-hoc,D15,Điểm thi THPT,2023,16.0,Trung Quốc học
150650,TDL,trung-quoc-hoc,C00,Điểm học bạ,2024,23.0,Trung Quốc học
150651,TDL,trung-quoc-hoc,C20,Điểm học bạ,2024,23.0,Trung Quốc học
150652,TDL,trung-quoc-hoc,D14,Điểm học bạ,2024,23.0,Trung Quốc học
150653,TDL,trung-quoc-hoc,D15,Điểm học bạ,2024,23.0,Trung Quốc học
150654,TDL,trung-quoc-hoc,C00,Điểm thi THPT,2024,21.0,Trung Quốc học
150655,TDL,trung-quoc-hoc,C20,Điểm thi THPT,2024,21.0,Trung Quốc học
150656,TDL,trung-quoc-hoc,D14,Điểm thi THPT,2024,21.0,Trung Quốc học
150657,TDL,trung-quoc-hoc,D15,Điểm thi THPT,2024,21.0,Trung Quốc học
150658,TDL,trung-quoc-hoc,C00,Điểm học bạ,2025,24.0,Trung Quốc học
150659,TDL,trung-quoc-hoc,C03,Điểm học bạ,2025,24.0,Trung Quốc học
150660,TDL,trung-quoc-hoc,C04,Điểm học bạ,2025,24.0,Trung Quốc học
150661,TDL,trung-quoc-hoc,D01,Điểm học bạ,2025,24.0,Trung Quốc học
150662,TDL,trung-quoc-hoc,D09,Điểm học bạ,2025,24.0,Trung Quốc học
150663,TDL,trung-quoc-hoc,D15,Điểm học bạ,2025,24.0,Trung Quốc học
150664,TDL,trung-quoc-hoc,X01,Điểm học bạ,2025,24.0,Trung Quốc học
150665,TDL,trung-quoc-hoc,X02,Điểm học bạ,2025,24.0,Trung Quốc học
150666,TDL,trung-quoc-hoc,X70,Điểm học bạ,2025,24.0,Trung Quốc học
150667,TDL,trung-quoc-hoc,X71,Điểm học bạ,2025,24.0,Trung Quốc học
150668,TDL,trung-quoc-hoc,X74,Điểm học bạ,2025,24.0,Trung Quốc học
150669,TDL,trung-quoc-hoc,X75,Điểm học bạ,2025,24.0,Trung Quốc học
150670,TDL,trung-quoc-hoc,X78,Điểm học bạ,2025,24.0,Trung Quốc học
150671,TDL,trung-quoc-hoc,X79,Điểm học bạ,2025,24.0,Trung Quốc học
150672,TDL,trung-quoc-hoc,Y07,Điểm học bạ,2025,24.0,Trung Quốc học
150673,TDL,trung-quoc-hoc,C00,Điểm thi THPT,2025,21.0,Trung Quốc học
150674,TDL,trung-quoc-hoc,C03,Điểm thi THPT,2025,21.0,Trung Quốc học
150675,TDL,trung-quoc-hoc,C04,Điểm thi THPT,2025,21.0,Trung Quốc học
150676,TDL,trung-quoc-hoc,D01,Điểm thi THPT,2025,21.0,Trung Quốc học
150677,TDL,trung-quoc-hoc,D09,Điểm thi THPT,2025,21.0,Trung Quốc học
150678,TDL,trung-quoc-hoc,D15,Điểm thi THPT,2025,21.0,Trung Quốc học
150679,TDL,trung-quoc-hoc,X01,Điểm thi THPT,2025,21.0,Trung Quốc học
150680,TDL,trung-quoc-hoc,X02,Điểm thi THPT,2025,21.0,Trung Quốc học
150681,TDL,trung-quoc-hoc,X70,Điểm thi THPT,2025,21.0,Trung Quốc học
150682,TDL,trung-quoc-hoc,X71,Điểm thi THPT,2025,21.0,Trung Quốc học
150683,TDL,trung-quoc-hoc,X74,Điểm thi THPT,2025,21.0,Trung Quốc học
150684,TDL,trung-quoc-hoc,X75,Điểm thi THPT,2025,21.0,Trung Quốc học
150685,TDL,trung-quoc-hoc,X78,Điểm thi THPT,2025,21.0,Trung Quốc học
150686,TDL,trung-quoc-hoc,X79,Điểm thi THPT,2025,21.0,Trung Quốc học
150687,TDL,trung-quoc-hoc,Y07,Điểm thi THPT,2025,21.0,Trung Quốc học
150688,TDL,van-hoa-du-lich,C20,Điểm học bạ,2021,18.0,Văn hóa Du lịch
150689,TDL,van-hoa-du-lich,D01,Điểm học bạ,2021,18.0,Văn hóa Du lịch
150690,TDL,van-hoa-du-lich,D78,Điểm học bạ,2021,18.0,Văn hóa Du lịch
150691,TDL,van-hoa-du-lich,D96,Điểm học bạ,2021,18.0,Văn hóa Du lịch
150692,TDL,van-hoa-du-lich,C20,Điểm thi THPT,2021,16.0,Văn hóa Du lịch
150693,TDL,van-hoa-du-lich,D01,Điểm thi THPT,2021,16.0,Văn hóa Du lịch
150694,TDL,van-hoa-du-lich,D78,Điểm thi THPT,2021,16.0,Văn hóa Du lịch
150695,TDL,van-hoa-du-lich,D96,Điểm thi THPT,2021,16.0,Văn hóa Du lịch
150696,TDL,van-hoa-du-lich,C00,Điểm học bạ,2022,20.0,Văn hóa Du lịch
150697,TDL,van-hoa-du-lich,C20,Điểm học bạ,2022,20.0,Văn hóa Du lịch
150698,TDL,van-hoa-du-lich,D14,Điểm học bạ,2022,20.0,Văn hóa Du lịch
150699,TDL,van-hoa-du-lich,D15,Điểm học bạ,2022,20.0,Văn hóa Du lịch
150700,TDL,van-hoa-du-lich,C00,Điểm thi THPT,2022,16.0,Văn hóa Du lịch
150701,TDL,van-hoa-du-lich,C20,Điểm thi THPT,2022,16.0,Văn hóa Du lịch
150702,TDL,van-hoa-du-lich,D14,Điểm thi THPT,2022,16.0,Văn hóa Du lịch
150703,TDL,van-hoa-du-lich,D15,Điểm thi THPT,2022,16.0,Văn hóa Du lịch
150704,TDL,van-hoa-du-lich,C00,Điểm học bạ,2023,20.0,Văn hóa du lịch
150705,TDL,van-hoa-du-lich,C20,Điểm học bạ,2023,20.0,Văn hóa du lịch
150706,TDL,van-hoa-du-lich,D14,Điểm học bạ,2023,20.0,Văn hóa du lịch
150707,TDL,van-hoa-du-lich,D15,Điểm học bạ,2023,20.0,Văn hóa du lịch
150708,TDL,van-hoa-du-lich,C00,Điểm thi THPT,2023,16.0,Văn hóa du lịch
150709,TDL,van-hoa-du-lich,C20,Điểm thi THPT,2023,16.0,Văn hóa du lịch
150710,TDL,van-hoa-du-lich,D14,Điểm thi THPT,2023,16.0,Văn hóa du lịch
150711,TDL,van-hoa-du-lich,D15,Điểm thi THPT,2023,16.0,Văn hóa du lịch
150712,TDL,van-hoa-du-lich,C00,Điểm học bạ,2024,20.0,Văn hóa Du lịch
150713,TDL,van-hoa-du-lich,C20,Điểm học bạ,2024,20.0,Văn hóa Du lịch
150714,TDL,van-hoa-du-lich,D14,Điểm học bạ,2024,20.0,Văn hóa Du lịch
150715,TDL,van-hoa-du-lich,D15,Điểm học bạ,2024,20.0,Văn hóa Du lịch
150716,TDL,van-hoa-du-lich,C00,Điểm thi THPT,2024,17.0,Văn hóa Du lịch
150717,TDL,van-hoa-du-lich,C20,Điểm thi THPT,2024,17.0,Văn hóa Du lịch
150718,TDL,van-hoa-du-lich,D14,Điểm thi THPT,2024,17.0,Văn hóa Du lịch
150719,TDL,van-hoa-du-lich,D15,Điểm thi THPT,2024,17.0,Văn hóa Du lịch
150720,TDL,van-hoa-hoc,C20,Điểm học bạ,2021,18.0,Văn hóa học
150721,TDL,van-hoa-hoc,D01,Điểm học bạ,2021,18.0,Văn hóa học
150722,TDL,van-hoa-hoc,D78,Điểm học bạ,2021,18.0,Văn hóa học
150723,TDL,van-hoa-hoc,D96,Điểm học bạ,2021,18.0,Văn hóa học
150724,TDL,van-hoa-hoc,C20,Điểm thi THPT,2021,16.0,Văn hóa học
150725,TDL,van-hoa-hoc,D01,Điểm thi THPT,2021,16.0,Văn hóa học
150726,TDL,van-hoa-hoc,D78,Điểm thi THPT,2021,16.0,Văn hóa học
150727,TDL,van-hoa-hoc,D96,Điểm thi THPT,2021,16.0,Văn hóa học
150728,TDL,van-hoc,C20,Điểm học bạ,2021,18.0,Văn học
150729,TDL,van-hoc,D01,Điểm học bạ,2021,18.0,Văn học
150730,TDL,van-hoc,D78,Điểm học bạ,2021,18.0,Văn học
150731,TDL,van-hoc,D96,Điểm học bạ,2021,18.0,Văn học
150732,TDL,van-hoc,C20,Điểm thi THPT,2021,16.0,Văn học
150733,TDL,van-hoc,D01,Điểm thi THPT,2021,16.0,Văn học
150734,TDL,van-hoc,D78,Điểm thi THPT,2021,16.0,Văn học
150735,TDL,van-hoc,D96,Điểm thi THPT,2021,16.0,Văn học
150736,TDL,van-hoc,C00,Điểm học bạ,2022,18.0,"Văn học (Ngữ văn tổng hơp, Ngữ văn báo chí)"
150737,TDL,van-hoc,C20,Điểm học bạ,2022,18.0,"Văn học (Ngữ văn tổng hơp, Ngữ văn báo chí)"
150738,TDL,van-hoc,D14,Điểm học bạ,2022,18.0,"Văn học (Ngữ văn tổng hơp, Ngữ văn báo chí)"
150739,TDL,van-hoc,D15,Điểm học bạ,2022,18.0,"Văn học (Ngữ văn tổng hơp, Ngữ văn báo chí)"
150740,TDL,van-hoc,C00,Điểm thi THPT,2022,16.0,"Văn học (Ngữ văn tổng hơp, Ngữ văn báo chí)"
150741,TDL,van-hoc,C20,Điểm thi THPT,2022,16.0,"Văn học (Ngữ văn tổng hơp, Ngữ văn báo chí)"
150742,TDL,van-hoc,D14,Điểm thi THPT,2022,16.0,"Văn học (Ngữ văn tổng hơp, Ngữ văn báo chí)"
150743,TDL,van-hoc,D15,Điểm thi THPT,2022,16.0,"Văn học (Ngữ văn tổng hơp, Ngữ văn báo chí)"
150744,TDL,van-hoc,C00,Điểm học bạ,2023,18.0,Văn học
150745,TDL,van-hoc,C20,Điểm học bạ,2023,18.0,Văn học
150746,TDL,van-hoc,D14,Điểm học bạ,2023,18.0,Văn học
150747,TDL,van-hoc,D15,Điểm học bạ,2023,18.0,Văn học
150748,TDL,van-hoc,C00,Điểm thi THPT,2023,16.0,Văn học
150749,TDL,van-hoc,C20,Điểm thi THPT,2023,16.0,Văn học
150750,TDL,van-hoc,D14,Điểm thi THPT,2023,16.0,Văn học
150751,TDL,van-hoc,D15,Điểm thi THPT,2023,16.0,Văn học
150752,TDL,van-hoc,C00,Điểm học bạ,2024,19.0,Văn học
150753,TDL,van-hoc,C20,Điểm học bạ,2024,19.0,Văn học
150754,TDL,van-hoc,D14,Điểm học bạ,2024,19.0,Văn học
150755,TDL,van-hoc,D15,Điểm học bạ,2024,19.0,Văn học
150756,TDL,van-hoc,C00,Điểm thi THPT,2024,19.0,Văn học (Ngữ văn tổng hợp; Ngữ văn báo chí)
150757,TDL,van-hoc,C20,Điểm thi THPT,2024,19.0,Văn học (Ngữ văn tổng hợp; Ngữ văn báo chí)
150758,TDL,van-hoc,D14,Điểm thi THPT,2024,19.0,Văn học (Ngữ văn tổng hợp; Ngữ văn báo chí)
150759,TDL,van-hoc,D15,Điểm thi THPT,2024,19.0,Văn học (Ngữ văn tổng hợp; Ngữ văn báo chí)
150760,TDL,van-hoc,C00,Điểm học bạ,2025,24.0,"Văn học (Ngữ văn tổng hợp, Ngữ văn báo chí)"
150761,TDL,van-hoc,D14,Điểm học bạ,2025,24.0,"Văn học (Ngữ văn tổng hợp, Ngữ văn báo chí)"
150762,TDL,van-hoc,D15,Điểm học bạ,2025,24.0,"Văn học (Ngữ văn tổng hợp, Ngữ văn báo chí)"
150763,TDL,van-hoc,X70,Điểm học bạ,2025,24.0,"Văn học (Ngữ văn tổng hợp, Ngữ văn báo chí)"
150764,TDL,van-hoc,X71,Điểm học bạ,2025,24.0,"Văn học (Ngữ văn tổng hợp, Ngữ văn báo chí)"
150765,TDL,van-hoc,X74,Điểm học bạ,2025,24.0,"Văn học (Ngữ văn tổng hợp, Ngữ văn báo chí)"
150766,TDL,van-hoc,X75,Điểm học bạ,2025,24.0,"Văn học (Ngữ văn tổng hợp, Ngữ văn báo chí)"
150767,TDL,van-hoc,X78,Điểm học bạ,2025,24.0,"Văn học (Ngữ văn tổng hợp, Ngữ văn báo chí)"
150768,TDL,van-hoc,X79,Điểm học bạ,2025,24.0,"Văn học (Ngữ văn tổng hợp, Ngữ văn báo chí)"
150769,TDL,van-hoc,Y07,Điểm học bạ,2025,24.0,"Văn học (Ngữ văn tổng hợp, Ngữ văn báo chí)"
150770,TDL,van-hoc,C00,Điểm thi THPT,2025,21.0,"Văn học (Ngữ văn tổng hợp, Ngữ văn báo chí)"
150771,TDL,van-hoc,D14,Điểm thi THPT,2025,21.0,"Văn học (Ngữ văn tổng hợp, Ngữ văn báo chí)"
150772,TDL,van-hoc,D15,Điểm thi THPT,2025,21.0,"Văn học (Ngữ văn tổng hợp, Ngữ văn báo chí)"
150773,TDL,van-hoc,X70,Điểm thi THPT,2025,21.0,"Văn học (Ngữ văn tổng hợp, Ngữ văn báo chí)"
150774,TDL,van-hoc,X71,Điểm thi THPT,2025,21.0,"Văn học (Ngữ văn tổng hợp, Ngữ văn báo chí)"
150775,TDL,van-hoc,X74,Điểm thi THPT,2025,21.0,"Văn học (Ngữ văn tổng hợp, Ngữ văn báo chí)"
150776,TDL,van-hoc,X75,Điểm thi THPT,2025,21.0,"Văn học (Ngữ văn tổng hợp, Ngữ văn báo chí)"
150777,TDL,van-hoc,X78,Điểm thi THPT,2025,21.0,"Văn học (Ngữ văn tổng hợp, Ngữ văn báo chí)"
150778,TDL,van-hoc,X79,Điểm thi THPT,2025,21.0,"Văn học (Ngữ văn tổng hợp, Ngữ văn báo chí)"
150779,TDL,van-hoc,Y07,Điểm thi THPT,2025,21.0,"Văn học (Ngữ văn tổng hợp, Ngữ văn báo chí)"
150780,TDL,vat-ly-hoc,A00,Điểm học bạ,2021,18.0,Vật lý học
150781,TDL,vat-ly-hoc,A01,Điểm học bạ,2021,18.0,Vật lý học
150782,TDL,vat-ly-hoc,A12,Điểm học bạ,2021,18.0,Vật lý học
150783,TDL,vat-ly-hoc,D90,Điểm học bạ,2021,18.0,Vật lý học
150784,TDL,vat-ly-hoc,A00,Điểm thi THPT,2021,16.0,Vật lý học
150785,TDL,vat-ly-hoc,A01,Điểm thi THPT,2021,16.0,Vật lý học
150786,TDL,vat-ly-hoc,A12,Điểm thi THPT,2021,16.0,Vật lý học
150787,TDL,vat-ly-hoc,D90,Điểm thi THPT,2021,16.0,Vật lý học
150788,TDL,vat-ly-hoc,A00,Điểm học bạ,2022,18.0,Vật lý học
150789,TDL,vat-ly-hoc,A01,Điểm học bạ,2022,18.0,Vật lý học
150790,TDL,vat-ly-hoc,A12,Điểm học bạ,2022,18.0,Vật lý học
150791,TDL,vat-ly-hoc,D90,Điểm học bạ,2022,18.0,Vật lý học
150792,TDL,vat-ly-hoc,A00,Điểm thi THPT,2022,16.0,Vật lý học
150793,TDL,vat-ly-hoc,A01,Điểm thi THPT,2022,16.0,Vật lý học
150794,TDL,vat-ly-hoc,A12,Điểm thi THPT,2022,16.0,Vật lý học
150795,TDL,vat-ly-hoc,D90,Điểm thi THPT,2022,16.0,Vật lý học
150796,TDL,vat-ly-hoc,A00,Điểm học bạ,2023,18.0,Vật lý học
150797,TDL,vat-ly-hoc,A01,Điểm học bạ,2023,18.0,Vật lý học
150798,TDL,vat-ly-hoc,A12,Điểm học bạ,2023,18.0,Vật lý học
150799,TDL,vat-ly-hoc,D90,Điểm học bạ,2023,18.0,Vật lý học
150800,TDL,vat-ly-hoc,A00,Điểm thi THPT,2023,16.0,Vật lý học
150801,TDL,vat-ly-hoc,A01,Điểm thi THPT,2023,16.0,Vật lý học
150802,TDL,vat-ly-hoc,A12,Điểm thi THPT,2023,16.0,Vật lý học
150803,TDL,vat-ly-hoc,D90,Điểm thi THPT,2023,16.0,Vật lý học
150804,TDL,vat-ly-hoc,A00,Điểm học bạ,2024,19.0,Vật lý học
150805,TDL,vat-ly-hoc,A01,Điểm học bạ,2024,19.0,Vật lý học
150806,TDL,vat-ly-hoc,A12,Điểm học bạ,2024,19.0,Vật lý học
150807,TDL,vat-ly-hoc,D90,Điểm học bạ,2024,19.0,Vật lý học
150808,TDL,vat-ly-hoc,A00,Điểm thi THPT,2024,17.0,Vật lý học
150809,TDL,vat-ly-hoc,A01,Điểm thi THPT,2024,17.0,Vật lý học
150810,TDL,vat-ly-hoc,A12,Điểm thi THPT,2024,17.0,Vật lý học
150811,TDL,vat-ly-hoc,D90,Điểm thi THPT,2024,17.0,Vật lý học
150812,TDL,vat-ly-hoc,A00,Điểm học bạ,2025,20.5,Vật lý học
150813,TDL,vat-ly-hoc,A01,Điểm học bạ,2025,20.5,Vật lý học
150814,TDL,vat-ly-hoc,A02,Điểm học bạ,2025,20.5,Vật lý học
150815,TDL,vat-ly-hoc,X06,Điểm học bạ,2025,20.5,Vật lý học
150816,TDL,vat-ly-hoc,X07,Điểm học bạ,2025,20.5,Vật lý học
150817,TDL,vat-ly-hoc,A00,Điểm thi THPT,2025,17.5,Vật lý học
150818,TDL,vat-ly-hoc,A01,Điểm thi THPT,2025,17.5,Vật lý học
150819,TDL,vat-ly-hoc,A02,Điểm thi THPT,2025,17.5,Vật lý học
150820,TDL,vat-ly-hoc,X06,Điểm thi THPT,2025,17.5,Vật lý học
150821,TDL,vat-ly-hoc,X07,Điểm thi THPT,2025,17.5,Vật lý học
150822,TDL,viet-nam-hoc,C00,Điểm học bạ,2021,18.0,Việt Nam học
150823,TDL,viet-nam-hoc,C20,Điểm học bạ,2021,18.0,Việt Nam học
150824,TDL,viet-nam-hoc,D14,Điểm học bạ,2021,18.0,Việt Nam học
150825,TDL,viet-nam-hoc,D15,Điểm học bạ,2021,18.0,Việt Nam học
150826,TDL,viet-nam-hoc,C00,Điểm thi THPT,2021,16.0,Việt Nam học
150827,TDL,viet-nam-hoc,C20,Điểm thi THPT,2021,16.0,Việt Nam học
150828,TDL,viet-nam-hoc,D14,Điểm thi THPT,2021,16.0,Việt Nam học
150829,TDL,viet-nam-hoc,D15,Điểm thi THPT,2021,16.0,Việt Nam học
150830,TDL,viet-nam-hoc,C00,Điểm học bạ,2022,18.0,Việt Nam học
150831,TDL,viet-nam-hoc,C20,Điểm học bạ,2022,18.0,Việt Nam học
150832,TDL,viet-nam-hoc,D14,Điểm học bạ,2022,18.0,Việt Nam học
150833,TDL,viet-nam-hoc,D15,Điểm học bạ,2022,18.0,Việt Nam học
150834,TDL,viet-nam-hoc,C00,Điểm thi THPT,2022,16.0,Việt Nam học
150835,TDL,viet-nam-hoc,C20,Điểm thi THPT,2022,16.0,Việt Nam học
150836,TDL,viet-nam-hoc,D14,Điểm thi THPT,2022,16.0,Việt Nam học
150837,TDL,viet-nam-hoc,D15,Điểm thi THPT,2022,16.0,Việt Nam học
150838,TDL,viet-nam-hoc,C00,Điểm học bạ,2023,18.0,Việt Nam Học
150839,TDL,viet-nam-hoc,C20,Điểm học bạ,2023,18.0,Việt Nam Học
150840,TDL,viet-nam-hoc,D14,Điểm học bạ,2023,18.0,Việt Nam Học
150841,TDL,viet-nam-hoc,D15,Điểm học bạ,2023,18.0,Việt Nam Học
150842,TDL,viet-nam-hoc,C00,Điểm thi THPT,2023,16.0,Việt Nam Học
150843,TDL,viet-nam-hoc,C20,Điểm thi THPT,2023,16.0,Việt Nam Học
150844,TDL,viet-nam-hoc,D14,Điểm thi THPT,2023,16.0,Việt Nam Học
150845,TDL,viet-nam-hoc,D15,Điểm thi THPT,2023,16.0,Việt Nam Học
150846,TDL,viet-nam-hoc,C00,Điểm học bạ,2024,19.0,Việt Nam học
150847,TDL,viet-nam-hoc,C20,Điểm học bạ,2024,19.0,Việt Nam học
150848,TDL,viet-nam-hoc,D14,Điểm học bạ,2024,19.0,Việt Nam học
150849,TDL,viet-nam-hoc,D15,Điểm học bạ,2024,19.0,Việt Nam học
150850,TDL,viet-nam-hoc,C00,Điểm thi THPT,2024,17.0,Việt Nam học
150851,TDL,viet-nam-hoc,C20,Điểm thi THPT,2024,17.0,Việt Nam học
150852,TDL,viet-nam-hoc,D14,Điểm thi THPT,2024,17.0,Việt Nam học
150853,TDL,viet-nam-hoc,D15,Điểm thi THPT,2024,17.0,Việt Nam học
150854,TDL,viet-nam-hoc,C00,Điểm học bạ,2025,19.5,Việt Nam học
150855,TDL,viet-nam-hoc,C03,Điểm học bạ,2025,19.5,Việt Nam học
150856,TDL,viet-nam-hoc,C04,Điểm học bạ,2025,19.5,Việt Nam học
150857,TDL,viet-nam-hoc,D01,Điểm học bạ,2025,19.5,Việt Nam học
150858,TDL,viet-nam-hoc,D09,Điểm học bạ,2025,19.5,Việt Nam học
150859,TDL,viet-nam-hoc,D15,Điểm học bạ,2025,19.5,Việt Nam học
150860,TDL,viet-nam-hoc,X01,Điểm học bạ,2025,19.5,Việt Nam học
150861,TDL,viet-nam-hoc,X02,Điểm học bạ,2025,19.5,Việt Nam học
150862,TDL,viet-nam-hoc,X70,Điểm học bạ,2025,19.5,Việt Nam học
150863,TDL,viet-nam-hoc,X71,Điểm học bạ,2025,19.5,Việt Nam học
150864,TDL,viet-nam-hoc,X74,Điểm học bạ,2025,19.5,Việt Nam học
150865,TDL,viet-nam-hoc,X75,Điểm học bạ,2025,19.5,Việt Nam học
150866,TDL,viet-nam-hoc,X78,Điểm học bạ,2025,19.5,Việt Nam học
150867,TDL,viet-nam-hoc,X79,Điểm học bạ,2025,19.5,Việt Nam học
150868,TDL,viet-nam-hoc,Y07,Điểm học bạ,2025,19.5,Việt Nam học
150869,TDL,viet-nam-hoc,C00,Điểm thi THPT,2025,16.5,Việt Nam học
150870,TDL,viet-nam-hoc,C03,Điểm thi THPT,2025,16.5,Việt Nam học
150871,TDL,viet-nam-hoc,C04,Điểm thi THPT,2025,16.5,Việt Nam học
150872,TDL,viet-nam-hoc,D01,Điểm thi THPT,2025,16.5,Việt Nam học
150873,TDL,viet-nam-hoc,D09,Điểm thi THPT,2025,16.5,Việt Nam học
150874,TDL,viet-nam-hoc,D15,Điểm thi THPT,2025,16.5,Việt Nam học
150875,TDL,viet-nam-hoc,X01,Điểm thi THPT,2025,16.5,Việt Nam học
150876,TDL,viet-nam-hoc,X02,Điểm thi THPT,2025,16.5,Việt Nam học
150877,TDL,viet-nam-hoc,X70,Điểm thi THPT,2025,16.5,Việt Nam học
150878,TDL,viet-nam-hoc,X71,Điểm thi THPT,2025,16.5,Việt Nam học
150879,TDL,viet-nam-hoc,X74,Điểm thi THPT,2025,16.5,Việt Nam học
150880,TDL,viet-nam-hoc,X75,Điểm thi THPT,2025,16.5,Việt Nam học
150881,TDL,viet-nam-hoc,X78,Điểm thi THPT,2025,16.5,Việt Nam học
150882,TDL,viet-nam-hoc,X79,Điểm thi THPT,2025,16.5,Việt Nam học
150883,TDL,viet-nam-hoc,Y07,Điểm thi THPT,2025,16.5,Việt Nam học
150884,TDL,xa-hoi-hoc,C00,Điểm học bạ,2021,18.0,Xã hội học
150885,TDL,xa-hoi-hoc,C19,Điểm học bạ,2021,18.0,Xã hội học
150886,TDL,xa-hoi-hoc,C20,Điểm học bạ,2021,18.0,Xã hội học
150887,TDL,xa-hoi-hoc,D66,Điểm học bạ,2021,18.0,Xã hội học
150888,TDL,xa-hoi-hoc,C00,Điểm thi THPT,2021,16.0,Xã hội học
150889,TDL,xa-hoi-hoc,C19,Điểm thi THPT,2021,16.0,Xã hội học
150890,TDL,xa-hoi-hoc,C20,Điểm thi THPT,2021,16.0,Xã hội học
150891,TDL,xa-hoi-hoc,D66,Điểm thi THPT,2021,16.0,Xã hội học
150892,TDL,xa-hoi-hoc,C00,Điểm học bạ,2022,18.0,Xã hội học
150893,TDL,xa-hoi-hoc,C19,Điểm học bạ,2022,18.0,Xã hội học
150894,TDL,xa-hoi-hoc,C20,Điểm học bạ,2022,18.0,Xã hội học
150895,TDL,xa-hoi-hoc,D66,Điểm học bạ,2022,18.0,Xã hội học
150896,TDL,xa-hoi-hoc,C00,Điểm thi THPT,2022,16.0,Xã hội học
150897,TDL,xa-hoi-hoc,C19,Điểm thi THPT,2022,16.0,Xã hội học
150898,TDL,xa-hoi-hoc,C20,Điểm thi THPT,2022,16.0,Xã hội học
150899,TDL,xa-hoi-hoc,D66,Điểm thi THPT,2022,16.0,Xã hội học
150900,TDL,xa-hoi-hoc,C00,Điểm học bạ,2023,18.0,Xã hội học
150901,TDL,xa-hoi-hoc,C20,Điểm học bạ,2023,18.0,Xã hội học
150902,TDL,xa-hoi-hoc,D01,Điểm học bạ,2023,18.0,Xã hội học
150903,TDL,xa-hoi-hoc,D14,Điểm học bạ,2023,18.0,Xã hội học
150904,TDL,xa-hoi-hoc,C00,Điểm thi THPT,2023,16.0,Xã hội học
150905,TDL,xa-hoi-hoc,C20,Điểm thi THPT,2023,16.0,Xã hội học
150906,TDL,xa-hoi-hoc,D01,Điểm thi THPT,2023,16.0,Xã hội học
150907,TDL,xa-hoi-hoc,D14,Điểm thi THPT,2023,16.0,Xã hội học
150908,TDL,xa-hoi-hoc,C00,Điểm học bạ,2024,19.0,Xã hội học
150909,TDL,xa-hoi-hoc,C20,Điểm học bạ,2024,19.0,Xã hội học
150910,TDL,xa-hoi-hoc,D01,Điểm học bạ,2024,19.0,Xã hội học
150911,TDL,xa-hoi-hoc,D14,Điểm học bạ,2024,19.0,Xã hội học
150912,TDL,xa-hoi-hoc,C00,Điểm thi THPT,2024,17.0,Xã hội học
150913,TDL,xa-hoi-hoc,C20,Điểm thi THPT,2024,17.0,Xã hội học
150914,TDL,xa-hoi-hoc,D01,Điểm thi THPT,2024,17.0,Xã hội học
150915,TDL,xa-hoi-hoc,D14,Điểm thi THPT,2024,17.0,Xã hội học
150916,TDL,xa-hoi-hoc,C00,Điểm học bạ,2025,20.0,Xã hội học
150917,TDL,xa-hoi-hoc,C03,Điểm học bạ,2025,20.0,Xã hội học
150918,TDL,xa-hoi-hoc,C04,Điểm học bạ,2025,20.0,Xã hội học
150919,TDL,xa-hoi-hoc,D01,Điểm học bạ,2025,20.0,Xã hội học
150920,TDL,xa-hoi-hoc,D09,Điểm học bạ,2025,20.0,Xã hội học
150921,TDL,xa-hoi-hoc,D15,Điểm học bạ,2025,20.0,Xã hội học
150922,TDL,xa-hoi-hoc,X01,Điểm học bạ,2025,20.0,Xã hội học
150923,TDL,xa-hoi-hoc,X02,Điểm học bạ,2025,20.0,Xã hội học
150924,TDL,xa-hoi-hoc,X70,Điểm học bạ,2025,20.0,Xã hội học
150925,TDL,xa-hoi-hoc,X71,Điểm học bạ,2025,20.0,Xã hội học
150926,TDL,xa-hoi-hoc,X74,Điểm học bạ,2025,20.0,Xã hội học
150927,TDL,xa-hoi-hoc,X75,Điểm học bạ,2025,20.0,Xã hội học
150928,TDL,xa-hoi-hoc,X78,Điểm học bạ,2025,20.0,Xã hội học
150929,TDL,xa-hoi-hoc,X79,Điểm học bạ,2025,20.0,Xã hội học
150930,TDL,xa-hoi-hoc,Y07,Điểm học bạ,2025,20.0,Xã hội học
150931,TDL,xa-hoi-hoc,C00,Điểm thi THPT,2025,17.0,Xã hội học
150932,TDL,xa-hoi-hoc,C03,Điểm thi THPT,2025,17.0,Xã hội học
150933,TDL,xa-hoi-hoc,C04,Điểm thi THPT,2025,17.0,Xã hội học
150934,TDL,xa-hoi-hoc,D01,Điểm thi THPT,2025,17.0,Xã hội học
150935,TDL,xa-hoi-hoc,D09,Điểm thi THPT,2025,17.0,Xã hội học
150936,TDL,xa-hoi-hoc,D15,Điểm thi THPT,2025,17.0,Xã hội học
150937,TDL,xa-hoi-hoc,X01,Điểm thi THPT,2025,17.0,Xã hội học
150938,TDL,xa-hoi-hoc,X02,Điểm thi THPT,2025,17.0,Xã hội học
150939,TDL,xa-hoi-hoc,X70,Điểm thi THPT,2025,17.0,Xã hội học
150940,TDL,xa-hoi-hoc,X71,Điểm thi THPT,2025,17.0,Xã hội học
150941,TDL,xa-hoi-hoc,X74,Điểm thi THPT,2025,17.0,Xã hội học
150942,TDL,xa-hoi-hoc,X75,Điểm thi THPT,2025,17.0,Xã hội học
150943,TDL,xa-hoi-hoc,X78,Điểm thi THPT,2025,17.0,Xã hội học
150944,TDL,xa-hoi-hoc,X79,Điểm thi THPT,2025,17.0,Xã hội học
150945,TDL,xa-hoi-hoc,Y07,Điểm thi THPT,2025,17.0,Xã hội học
150946,TDM,am-nhac,M03,Điểm học bạ,2021,17.0,Âm nhạc
150947,TDM,am-nhac,M05,Điểm học bạ,2021,17.0,Âm nhạc
150948,TDM,am-nhac,M07,Điểm học bạ,2021,17.0,Âm nhạc
150949,TDM,am-nhac,M11,Điểm học bạ,2021,17.0,Âm nhạc
150950,TDM,am-nhac,M03,Điểm thi THPT,2021,15.0,Âm nhạc
150951,TDM,am-nhac,M05,Điểm thi THPT,2021,15.0,Âm nhạc
150952,TDM,am-nhac,M07,Điểm thi THPT,2021,15.0,Âm nhạc
150953,TDM,am-nhac,M11,Điểm thi THPT,2021,15.0,Âm nhạc
150954,TDM,am-nhac,M03,Điểm học bạ,2022,17.0,Âm nhạc
150955,TDM,am-nhac,M06,Điểm học bạ,2022,17.0,Âm nhạc
150956,TDM,am-nhac,M10,Điểm học bạ,2022,17.0,Âm nhạc
150957,TDM,am-nhac,N03,Điểm học bạ,2022,17.0,Âm nhạc
150958,TDM,am-nhac,M03,Điểm thi THPT,2022,16.0,Âm nhạc
150959,TDM,am-nhac,M06,Điểm thi THPT,2022,16.0,Âm nhạc
150960,TDM,am-nhac,M10,Điểm thi THPT,2022,16.0,Âm nhạc
150961,TDM,am-nhac,N03,Điểm thi THPT,2022,16.0,Âm nhạc
150962,TDM,am-nhac,M03,Điểm học bạ,2024,8.0,Âm nhạc
150963,TDM,am-nhac,M06,Điểm học bạ,2024,8.0,Âm nhạc
150964,TDM,am-nhac,M10,Điểm học bạ,2024,8.0,Âm nhạc
150965,TDM,am-nhac,N03,Điểm học bạ,2024,8.0,Âm nhạc
150966,TDM,am-nhac,M03,Điểm thi THPT,2024,15.0,Âm nhạc
150967,TDM,am-nhac,M06,Điểm thi THPT,2024,15.0,Âm nhạc
150968,TDM,am-nhac,M10,Điểm thi THPT,2024,15.0,Âm nhạc
150969,TDM,am-nhac,N03,Điểm thi THPT,2024,15.0,Âm nhạc
150970,TDM,am-nhac,N01,Điểm học bạ,2025,15.75,Âm nhạc
150971,TDM,am-nhac,N02,Điểm học bạ,2025,15.75,Âm nhạc
150972,TDM,am-nhac,N03,Điểm học bạ,2025,15.75,Âm nhạc
150973,TDM,am-nhac,N04,Điểm học bạ,2025,15.75,Âm nhạc
150974,TDM,am-nhac,N05,Điểm học bạ,2025,15.75,Âm nhạc
150975,TDM,am-nhac,N06,Điểm học bạ,2025,15.75,Âm nhạc
150976,TDM,am-nhac,N07,Điểm học bạ,2025,15.75,Âm nhạc
150977,TDM,am-nhac,N01,Điểm thi THPT,2025,15.0,Âm nhạc
150978,TDM,am-nhac,N02,Điểm thi THPT,2025,15.0,Âm nhạc
150979,TDM,am-nhac,N03,Điểm thi THPT,2025,15.0,Âm nhạc
150980,TDM,am-nhac,N04,Điểm thi THPT,2025,15.0,Âm nhạc
150981,TDM,am-nhac,N05,Điểm thi THPT,2025,15.0,Âm nhạc
150982,TDM,am-nhac,N06,Điểm thi THPT,2025,15.0,Âm nhạc
150983,TDM,am-nhac,N07,Điểm thi THPT,2025,15.0,Âm nhạc
150984,TDM,chinh-tri-hoc,C00,Điểm học bạ,2021,17.0,Chính trị học
150985,TDM,chinh-tri-hoc,C14,Điểm học bạ,2021,17.0,Chính trị học
150986,TDM,chinh-tri-hoc,C19,Điểm học bạ,2021,17.0,Chính trị học
150987,TDM,chinh-tri-hoc,D01,Điểm học bạ,2021,17.0,Chính trị học
150988,TDM,chinh-tri-hoc,C00,Điểm thi THPT,2021,15.0,Chính trị học
150989,TDM,chinh-tri-hoc,C14,Điểm thi THPT,2021,15.0,Chính trị học
150990,TDM,chinh-tri-hoc,C19,Điểm thi THPT,2021,15.0,Chính trị học
150991,TDM,chinh-tri-hoc,D01,Điểm thi THPT,2021,15.0,Chính trị học
150992,TDM,cong-nghe-che-bien-lam-san,A00,Điểm học bạ,2025,15.75,Công nghệ chế biến lâm sản
150993,TDM,cong-nghe-che-bien-lam-san,A01,Điểm học bạ,2025,15.75,Công nghệ chế biến lâm sản
150994,TDM,cong-nghe-che-bien-lam-san,C01,Điểm học bạ,2025,15.75,Công nghệ chế biến lâm sản
150995,TDM,cong-nghe-che-bien-lam-san,C02,Điểm học bạ,2025,15.75,Công nghệ chế biến lâm sản
150996,TDM,cong-nghe-che-bien-lam-san,D01,Điểm học bạ,2025,15.75,Công nghệ chế biến lâm sản
150997,TDM,cong-nghe-che-bien-lam-san,D07,Điểm học bạ,2025,15.75,Công nghệ chế biến lâm sản
150998,TDM,cong-nghe-che-bien-lam-san,X01,Điểm học bạ,2025,15.75,Công nghệ chế biến lâm sản
150999,TDM,cong-nghe-che-bien-lam-san,X02,Điểm học bạ,2025,15.75,Công nghệ chế biến lâm sản
151000,TDM,cong-nghe-che-bien-lam-san,X05,Điểm học bạ,2025,15.75,Công nghệ chế biến lâm sản
151001,TDM,cong-nghe-che-bien-lam-san,X12,Điểm học bạ,2025,15.75,Công nghệ chế biến lâm sản
151002,TDM,cong-nghe-che-bien-lam-san,A00,Điểm thi THPT,2025,15.0,Công nghệ chế biến lâm sản
151003,TDM,cong-nghe-che-bien-lam-san,A01,Điểm thi THPT,2025,15.0,Công nghệ chế biến lâm sản
151004,TDM,cong-nghe-che-bien-lam-san,C01,Điểm thi THPT,2025,15.0,Công nghệ chế biến lâm sản
151005,TDM,cong-nghe-che-bien-lam-san,C02,Điểm thi THPT,2025,15.0,Công nghệ chế biến lâm sản
151006,TDM,cong-nghe-che-bien-lam-san,D01,Điểm thi THPT,2025,15.0,Công nghệ chế biến lâm sản
151007,TDM,cong-nghe-che-bien-lam-san,D07,Điểm thi THPT,2025,15.0,Công nghệ chế biến lâm sản
151008,TDM,cong-nghe-che-bien-lam-san,X01,Điểm thi THPT,2025,15.0,Công nghệ chế biến lâm sản
151009,TDM,cong-nghe-che-bien-lam-san,X02,Điểm thi THPT,2025,15.0,Công nghệ chế biến lâm sản
151010,TDM,cong-nghe-che-bien-lam-san,X05,Điểm thi THPT,2025,15.0,Công nghệ chế biến lâm sản
151011,TDM,cong-nghe-che-bien-lam-san,X12,Điểm thi THPT,2025,15.0,Công nghệ chế biến lâm sản
151012,TDM,cong-nghe-ky-thuat-o-to,A00,Điểm học bạ,2021,20.0,Công nghệ kỹ thuật ô tô
151013,TDM,cong-nghe-ky-thuat-o-to,A01,Điểm học bạ,2021,20.0,Công nghệ kỹ thuật ô tô
151014,TDM,cong-nghe-ky-thuat-o-to,D01,Điểm học bạ,2021,20.0,Công nghệ kỹ thuật ô tô
151015,TDM,cong-nghe-ky-thuat-o-to,D90,Điểm học bạ,2021,20.0,Công nghệ kỹ thuật ô tô
151016,TDM,cong-nghe-ky-thuat-o-to,A00,Điểm thi THPT,2021,18.0,Công nghệ kỹ thuật ô tô
151017,TDM,cong-nghe-ky-thuat-o-to,A01,Điểm thi THPT,2021,18.0,Công nghệ kỹ thuật ô tô
151018,TDM,cong-nghe-ky-thuat-o-to,D01,Điểm thi THPT,2021,18.0,Công nghệ kỹ thuật ô tô
151019,TDM,cong-nghe-ky-thuat-o-to,D90,Điểm thi THPT,2021,18.0,Công nghệ kỹ thuật ô tô
151020,TDM,cong-nghe-ky-thuat-o-to,A00,Điểm học bạ,2022,21.0,Công nghệ kỹ thuật ô tô
151021,TDM,cong-nghe-ky-thuat-o-to,A01,Điểm học bạ,2022,21.0,Công nghệ kỹ thuật ô tô
151022,TDM,cong-nghe-ky-thuat-o-to,D01,Điểm học bạ,2022,21.0,Công nghệ kỹ thuật ô tô
151023,TDM,cong-nghe-ky-thuat-o-to,D90,Điểm học bạ,2022,21.0,Công nghệ kỹ thuật ô tô
151024,TDM,cong-nghe-ky-thuat-o-to,A00,Điểm thi THPT,2022,18.5,Công nghệ kỹ thuật ô tô
151025,TDM,cong-nghe-ky-thuat-o-to,A01,Điểm thi THPT,2022,18.5,Công nghệ kỹ thuật ô tô
151026,TDM,cong-nghe-ky-thuat-o-to,D01,Điểm thi THPT,2022,18.5,Công nghệ kỹ thuật ô tô
151027,TDM,cong-nghe-ky-thuat-o-to,D90,Điểm thi THPT,2022,18.5,Công nghệ kỹ thuật ô tô
151028,TDM,cong-nghe-ky-thuat-o-to,A00,Điểm học bạ,2023,24.7,Công nghệ kỹ thuật ô tô
151029,TDM,cong-nghe-ky-thuat-o-to,A01,Điểm học bạ,2023,24.7,Công nghệ kỹ thuật ô tô
151030,TDM,cong-nghe-ky-thuat-o-to,C01,Điểm học bạ,2023,24.7,Công nghệ kỹ thuật ô tô
151031,TDM,cong-nghe-ky-thuat-o-to,D90,Điểm học bạ,2023,24.7,Công nghệ kỹ thuật ô tô
151032,TDM,cong-nghe-ky-thuat-o-to,A00,Điểm thi THPT,2023,20.0,Công nghệ kỹ thuật ô tô
151033,TDM,cong-nghe-ky-thuat-o-to,A01,Điểm thi THPT,2023,20.0,Công nghệ kỹ thuật ô tô
151034,TDM,cong-nghe-ky-thuat-o-to,D01,Điểm thi THPT,2023,20.0,Công nghệ kỹ thuật ô tô
151035,TDM,cong-nghe-ky-thuat-o-to,D90,Điểm thi THPT,2023,20.0,Công nghệ kỹ thuật ô tô
151036,TDM,cong-nghe-ky-thuat-o-to,A00,Điểm học bạ,2024,23.5,Công nghệ kỹ thuật ô tô
151037,TDM,cong-nghe-ky-thuat-o-to,A01,Điểm học bạ,2024,23.5,Công nghệ kỹ thuật ô tô
151038,TDM,cong-nghe-ky-thuat-o-to,D01,Điểm học bạ,2024,23.5,Công nghệ kỹ thuật ô tô
151039,TDM,cong-nghe-ky-thuat-o-to,D90,Điểm học bạ,2024,23.5,Công nghệ kỹ thuật ô tô
151040,TDM,cong-nghe-ky-thuat-o-to,A00,Điểm thi THPT,2024,20.3,Công nghệ kỹ thuật ô tô
151041,TDM,cong-nghe-ky-thuat-o-to,A01,Điểm thi THPT,2024,20.3,Công nghệ kỹ thuật ô tô
151042,TDM,cong-nghe-ky-thuat-o-to,C01,Điểm thi THPT,2024,20.3,Công nghệ kỹ thuật ô tô
151043,TDM,cong-nghe-ky-thuat-o-to,D90,Điểm thi THPT,2024,20.3,Công nghệ kỹ thuật ô tô
151044,TDM,cong-nghe-ky-thuat-o-to,A00,Điểm học bạ,2025,22.0,Công nghệ kỹ thuật ô tô
151045,TDM,cong-nghe-ky-thuat-o-to,A01,Điểm học bạ,2025,22.0,Công nghệ kỹ thuật ô tô
151046,TDM,cong-nghe-ky-thuat-o-to,A02,Điểm học bạ,2025,22.0,Công nghệ kỹ thuật ô tô
151047,TDM,cong-nghe-ky-thuat-o-to,C01,Điểm học bạ,2025,22.0,Công nghệ kỹ thuật ô tô
151048,TDM,cong-nghe-ky-thuat-o-to,D01,Điểm học bạ,2025,22.0,Công nghệ kỹ thuật ô tô
151049,TDM,cong-nghe-ky-thuat-o-to,X01,Điểm học bạ,2025,22.0,Công nghệ kỹ thuật ô tô
151050,TDM,cong-nghe-ky-thuat-o-to,X02,Điểm học bạ,2025,22.0,Công nghệ kỹ thuật ô tô
151051,TDM,cong-nghe-ky-thuat-o-to,X03,Điểm học bạ,2025,22.0,Công nghệ kỹ thuật ô tô
151052,TDM,cong-nghe-ky-thuat-o-to,X05,Điểm học bạ,2025,22.0,Công nghệ kỹ thuật ô tô
151053,TDM,cong-nghe-ky-thuat-o-to,X07,Điểm học bạ,2025,22.0,Công nghệ kỹ thuật ô tô
151054,TDM,cong-nghe-ky-thuat-o-to,A00,Điểm thi THPT,2025,21.25,Công nghệ kỹ thuật ô tô
151055,TDM,cong-nghe-ky-thuat-o-to,A01,Điểm thi THPT,2025,21.25,Công nghệ kỹ thuật ô tô
151056,TDM,cong-nghe-ky-thuat-o-to,A02,Điểm thi THPT,2025,21.25,Công nghệ kỹ thuật ô tô
151057,TDM,cong-nghe-ky-thuat-o-to,C01,Điểm thi THPT,2025,21.25,Công nghệ kỹ thuật ô tô
151058,TDM,cong-nghe-ky-thuat-o-to,D01,Điểm thi THPT,2025,21.25,Công nghệ kỹ thuật ô tô
151059,TDM,cong-nghe-ky-thuat-o-to,X01,Điểm thi THPT,2025,21.25,Công nghệ kỹ thuật ô tô
151060,TDM,cong-nghe-ky-thuat-o-to,X02,Điểm thi THPT,2025,21.25,Công nghệ kỹ thuật ô tô
151061,TDM,cong-nghe-ky-thuat-o-to,X03,Điểm thi THPT,2025,21.25,Công nghệ kỹ thuật ô tô
151062,TDM,cong-nghe-ky-thuat-o-to,X05,Điểm thi THPT,2025,21.25,Công nghệ kỹ thuật ô tô
151063,TDM,cong-nghe-ky-thuat-o-to,X07,Điểm thi THPT,2025,21.25,Công nghệ kỹ thuật ô tô
151064,TDM,cong-nghe-sinh-hoc,A00,Điểm học bạ,2021,16.0,Công nghệ Sinh học
151065,TDM,cong-nghe-sinh-hoc,B00,Điểm học bạ,2021,16.0,Công nghệ Sinh học
151066,TDM,cong-nghe-sinh-hoc,B08,Điểm học bạ,2021,16.0,Công nghệ Sinh học
151067,TDM,cong-nghe-sinh-hoc,D01,Điểm học bạ,2021,16.0,Công nghệ Sinh học
151068,TDM,cong-nghe-sinh-hoc,A00,Điểm thi THPT,2021,15.0,Công nghệ Sinh học
151069,TDM,cong-nghe-sinh-hoc,B00,Điểm thi THPT,2021,15.0,Công nghệ Sinh học
151070,TDM,cong-nghe-sinh-hoc,B08,Điểm thi THPT,2021,15.0,Công nghệ Sinh học
151071,TDM,cong-nghe-sinh-hoc,D01,Điểm thi THPT,2021,15.0,Công nghệ Sinh học
151072,TDM,cong-nghe-sinh-hoc,A00,Điểm học bạ,2022,16.0,Công nghệ Sinh học
151073,TDM,cong-nghe-sinh-hoc,B00,Điểm học bạ,2022,16.0,Công nghệ Sinh học
151074,TDM,cong-nghe-sinh-hoc,B08,Điểm học bạ,2022,16.0,Công nghệ Sinh học
151075,TDM,cong-nghe-sinh-hoc,D01,Điểm học bạ,2022,16.0,Công nghệ Sinh học
151076,TDM,cong-nghe-sinh-hoc,A00,Điểm thi THPT,2022,15.0,Công nghệ Sinh học
151077,TDM,cong-nghe-sinh-hoc,B00,Điểm thi THPT,2022,15.0,Công nghệ Sinh học
151078,TDM,cong-nghe-sinh-hoc,B08,Điểm thi THPT,2022,15.0,Công nghệ Sinh học
151079,TDM,cong-nghe-sinh-hoc,D01,Điểm thi THPT,2022,15.0,Công nghệ Sinh học
151080,TDM,cong-nghe-sinh-hoc,A00,Điểm học bạ,2023,24.5,Công nghệ Sinh học
151081,TDM,cong-nghe-sinh-hoc,B00,Điểm học bạ,2023,24.5,Công nghệ Sinh học
151082,TDM,cong-nghe-sinh-hoc,B08,Điểm học bạ,2023,24.5,Công nghệ Sinh học
151083,TDM,cong-nghe-sinh-hoc,D01,Điểm học bạ,2023,24.5,Công nghệ Sinh học
151084,TDM,cong-nghe-sinh-hoc,A00,Điểm thi THPT,2023,15.5,Công nghệ Sinh học_______
151085,TDM,cong-nghe-sinh-hoc,B00,Điểm thi THPT,2023,15.5,Công nghệ Sinh học_______
151086,TDM,cong-nghe-sinh-hoc,B08,Điểm thi THPT,2023,15.5,Công nghệ Sinh học_______
151087,TDM,cong-nghe-sinh-hoc,D01,Điểm thi THPT,2023,15.5,Công nghệ Sinh học_______
151088,TDM,cong-nghe-sinh-hoc,A00,Điểm học bạ,2024,19.0,Công nghệ Sinh học
151089,TDM,cong-nghe-sinh-hoc,B00,Điểm học bạ,2024,19.0,Công nghệ Sinh học
151090,TDM,cong-nghe-sinh-hoc,B08,Điểm học bạ,2024,19.0,Công nghệ Sinh học
151091,TDM,cong-nghe-sinh-hoc,D01,Điểm học bạ,2024,19.0,Công nghệ Sinh học
151092,TDM,cong-nghe-sinh-hoc,A00,Điểm thi THPT,2024,15.0,Công nghệ sinh học
151093,TDM,cong-nghe-sinh-hoc,B00,Điểm thi THPT,2024,15.0,Công nghệ sinh học
151094,TDM,cong-nghe-sinh-hoc,B08,Điểm thi THPT,2024,15.0,Công nghệ sinh học
151095,TDM,cong-nghe-sinh-hoc,D01,Điểm thi THPT,2024,15.0,Công nghệ sinh học
151096,TDM,cong-nghe-sinh-hoc,A02,Điểm học bạ,2025,15.75,Công nghệ sinh học
151097,TDM,cong-nghe-sinh-hoc,B00,Điểm học bạ,2025,15.75,Công nghệ sinh học
151098,TDM,cong-nghe-sinh-hoc,B01,Điểm học bạ,2025,15.75,Công nghệ sinh học
151099,TDM,cong-nghe-sinh-hoc,B02,Điểm học bạ,2025,15.75,Công nghệ sinh học
151100,TDM,cong-nghe-sinh-hoc,B03,Điểm học bạ,2025,15.75,Công nghệ sinh học
151101,TDM,cong-nghe-sinh-hoc,B08,Điểm học bạ,2025,15.75,Công nghệ sinh học
151102,TDM,cong-nghe-sinh-hoc,X13,Điểm học bạ,2025,15.75,Công nghệ sinh học
151103,TDM,cong-nghe-sinh-hoc,X14,Điểm học bạ,2025,15.75,Công nghệ sinh học
151104,TDM,cong-nghe-sinh-hoc,X15,Điểm học bạ,2025,15.75,Công nghệ sinh học
151105,TDM,cong-nghe-sinh-hoc,X16,Điểm học bạ,2025,15.75,Công nghệ sinh học
151106,TDM,cong-nghe-sinh-hoc,A02,Điểm thi THPT,2025,15.0,Công nghệ sinh học
151107,TDM,cong-nghe-sinh-hoc,B00,Điểm thi THPT,2025,15.0,Công nghệ sinh học
151108,TDM,cong-nghe-sinh-hoc,B01,Điểm thi THPT,2025,15.0,Công nghệ sinh học
151109,TDM,cong-nghe-sinh-hoc,B02,Điểm thi THPT,2025,15.0,Công nghệ sinh học
151110,TDM,cong-nghe-sinh-hoc,B03,Điểm thi THPT,2025,15.0,Công nghệ sinh học
151111,TDM,cong-nghe-sinh-hoc,B08,Điểm thi THPT,2025,15.0,Công nghệ sinh học
151112,TDM,cong-nghe-sinh-hoc,X13,Điểm thi THPT,2025,15.0,Công nghệ sinh học
151113,TDM,cong-nghe-sinh-hoc,X14,Điểm thi THPT,2025,15.0,Công nghệ sinh học
151114,TDM,cong-nghe-sinh-hoc,X15,Điểm thi THPT,2025,15.0,Công nghệ sinh học
151115,TDM,cong-nghe-sinh-hoc,X16,Điểm thi THPT,2025,15.0,Công nghệ sinh học
151116,TDM,cong-nghe-thong-tin,A00,Điểm học bạ,2021,19.5,Công nghệ Thông tin
151117,TDM,cong-nghe-thong-tin,A01,Điểm học bạ,2021,19.5,Công nghệ Thông tin
151118,TDM,cong-nghe-thong-tin,C01,Điểm học bạ,2021,19.5,Công nghệ Thông tin
151119,TDM,cong-nghe-thong-tin,D90,Điểm học bạ,2021,19.5,Công nghệ Thông tin
151120,TDM,cong-nghe-thong-tin,A00,Điểm thi THPT,2021,18.0,Công nghệ Thông tin
151121,TDM,cong-nghe-thong-tin,A01,Điểm thi THPT,2021,18.0,Công nghệ Thông tin
151122,TDM,cong-nghe-thong-tin,C01,Điểm thi THPT,2021,18.0,Công nghệ Thông tin
151123,TDM,cong-nghe-thong-tin,D90,Điểm thi THPT,2021,18.0,Công nghệ Thông tin
151124,TDM,cong-nghe-thong-tin,A00,Điểm học bạ,2022,23.0,Công nghệ Thông tin
151125,TDM,cong-nghe-thong-tin,A01,Điểm học bạ,2022,23.0,Công nghệ Thông tin
151126,TDM,cong-nghe-thong-tin,C01,Điểm học bạ,2022,23.0,Công nghệ Thông tin
151127,TDM,cong-nghe-thong-tin,D90,Điểm học bạ,2022,23.0,Công nghệ Thông tin
151128,TDM,cong-nghe-thong-tin,A00,Điểm thi THPT,2022,18.0,Công nghệ Thông tin
151129,TDM,cong-nghe-thong-tin,A01,Điểm thi THPT,2022,18.0,Công nghệ Thông tin
151130,TDM,cong-nghe-thong-tin,C01,Điểm thi THPT,2022,18.0,Công nghệ Thông tin
151131,TDM,cong-nghe-thong-tin,D90,Điểm thi THPT,2022,18.0,Công nghệ Thông tin
151132,TDM,cong-nghe-thong-tin,A00,Điểm học bạ,2023,25.0,Công nghệ Thông tin
151133,TDM,cong-nghe-thong-tin,A01,Điểm học bạ,2023,25.0,Công nghệ Thông tin
151134,TDM,cong-nghe-thong-tin,C01,Điểm học bạ,2023,25.0,Công nghệ Thông tin
151135,TDM,cong-nghe-thong-tin,D90,Điểm học bạ,2023,25.0,Công nghệ Thông tin
151136,TDM,cong-nghe-thong-tin,A00,Điểm thi THPT,2023,18.25,Công nghệ Thông tin
151137,TDM,cong-nghe-thong-tin,A01,Điểm thi THPT,2023,18.25,Công nghệ Thông tin
151138,TDM,cong-nghe-thong-tin,C01,Điểm thi THPT,2023,18.25,Công nghệ Thông tin
151139,TDM,cong-nghe-thong-tin,D90,Điểm thi THPT,2023,18.25,Công nghệ Thông tin
151140,TDM,cong-nghe-thong-tin,A00,Điểm học bạ,2024,24.0,Công nghệ Thông tin
151141,TDM,cong-nghe-thong-tin,A01,Điểm học bạ,2024,24.0,Công nghệ Thông tin
151142,TDM,cong-nghe-thong-tin,D01,Điểm học bạ,2024,24.0,Công nghệ Thông tin
151143,TDM,cong-nghe-thong-tin,D90,Điểm học bạ,2024,24.0,Công nghệ Thông tin
151144,TDM,cong-nghe-thong-tin,A00,Điểm thi THPT,2024,18.0,Công nghệ thông tin
151145,TDM,cong-nghe-thong-tin,A01,Điểm thi THPT,2024,18.0,Công nghệ thông tin
151146,TDM,cong-nghe-thong-tin,C01,Điểm thi THPT,2024,18.0,Công nghệ thông tin
151147,TDM,cong-nghe-thong-tin,D90,Điểm thi THPT,2024,18.0,Công nghệ thông tin
151148,TDM,cong-nghe-thong-tin,A00,Điểm học bạ,2025,16.5,Công nghệ thông tin
151149,TDM,cong-nghe-thong-tin,A01,Điểm học bạ,2025,16.5,Công nghệ thông tin
151150,TDM,cong-nghe-thong-tin,A02,Điểm học bạ,2025,16.5,Công nghệ thông tin
151151,TDM,cong-nghe-thong-tin,A03,Điểm học bạ,2025,16.5,Công nghệ thông tin
151152,TDM,cong-nghe-thong-tin,A04,Điểm học bạ,2025,16.5,Công nghệ thông tin
151153,TDM,cong-nghe-thong-tin,C01,Điểm học bạ,2025,16.5,Công nghệ thông tin
151154,TDM,cong-nghe-thong-tin,D01,Điểm học bạ,2025,16.5,Công nghệ thông tin
151155,TDM,cong-nghe-thong-tin,X01,Điểm học bạ,2025,16.5,Công nghệ thông tin
151156,TDM,cong-nghe-thong-tin,X02,Điểm học bạ,2025,16.5,Công nghệ thông tin
151157,TDM,cong-nghe-thong-tin,X03,Điểm học bạ,2025,16.5,Công nghệ thông tin
151158,TDM,cong-nghe-thong-tin,A00,Điểm thi THPT,2025,15.75,Công nghệ thông tin
151159,TDM,cong-nghe-thong-tin,A01,Điểm thi THPT,2025,15.75,Công nghệ thông tin
151160,TDM,cong-nghe-thong-tin,A02,Điểm thi THPT,2025,15.75,Công nghệ thông tin
151161,TDM,cong-nghe-thong-tin,A03,Điểm thi THPT,2025,15.75,Công nghệ thông tin
151162,TDM,cong-nghe-thong-tin,A04,Điểm thi THPT,2025,15.75,Công nghệ thông tin
151163,TDM,cong-nghe-thong-tin,C01,Điểm thi THPT,2025,15.75,Công nghệ thông tin
151164,TDM,cong-nghe-thong-tin,D01,Điểm thi THPT,2025,15.75,Công nghệ thông tin
151165,TDM,cong-nghe-thong-tin,X01,Điểm thi THPT,2025,15.75,Công nghệ thông tin
151166,TDM,cong-nghe-thong-tin,X02,Điểm thi THPT,2025,15.75,Công nghệ thông tin
151167,TDM,cong-nghe-thong-tin,X03,Điểm thi THPT,2025,15.75,Công nghệ thông tin
151168,TDM,cong-nghe-thuc-pham,A00,Điểm học bạ,2021,18.0,Công nghệ Thực phẩm
151169,TDM,cong-nghe-thuc-pham,A02,Điểm học bạ,2021,18.0,Công nghệ Thực phẩm
151170,TDM,cong-nghe-thuc-pham,B00,Điểm học bạ,2021,18.0,Công nghệ Thực phẩm
151171,TDM,cong-nghe-thuc-pham,B08,Điểm học bạ,2021,18.0,Công nghệ Thực phẩm
151172,TDM,cong-nghe-thuc-pham,A00,Điểm thi THPT,2021,15.0,Công nghệ Thực phẩm
151173,TDM,cong-nghe-thuc-pham,A02,Điểm thi THPT,2021,15.0,Công nghệ Thực phẩm
151174,TDM,cong-nghe-thuc-pham,B00,Điểm thi THPT,2021,15.0,Công nghệ Thực phẩm
151175,TDM,cong-nghe-thuc-pham,B08,Điểm thi THPT,2021,15.0,Công nghệ Thực phẩm
151176,TDM,cong-nghe-thuc-pham,A00,Điểm học bạ,2022,18.0,Công nghệ Thực phẩm
151177,TDM,cong-nghe-thuc-pham,A02,Điểm học bạ,2022,18.0,Công nghệ Thực phẩm
151178,TDM,cong-nghe-thuc-pham,B00,Điểm học bạ,2022,18.0,Công nghệ Thực phẩm
151179,TDM,cong-nghe-thuc-pham,B08,Điểm học bạ,2022,18.0,Công nghệ Thực phẩm
151180,TDM,cong-nghe-thuc-pham,A00,Điểm thi THPT,2022,15.5,Công nghệ Thực phẩm
151181,TDM,cong-nghe-thuc-pham,A02,Điểm thi THPT,2022,15.5,Công nghệ Thực phẩm
151182,TDM,cong-nghe-thuc-pham,B00,Điểm thi THPT,2022,15.5,Công nghệ Thực phẩm
151183,TDM,cong-nghe-thuc-pham,B08,Điểm thi THPT,2022,15.5,Công nghệ Thực phẩm
151184,TDM,cong-nghe-thuc-pham,A00,Điểm học bạ,2023,24.5,Công nghệ thực phẩm
151185,TDM,cong-nghe-thuc-pham,A02,Điểm học bạ,2023,24.5,Công nghệ thực phẩm
151186,TDM,cong-nghe-thuc-pham,B00,Điểm học bạ,2023,24.5,Công nghệ thực phẩm
151187,TDM,cong-nghe-thuc-pham,B08,Điểm học bạ,2023,24.5,Công nghệ thực phẩm
151188,TDM,cong-nghe-thuc-pham,A00,Điểm thi THPT,2023,17.0,Công nghệ thực phẩm
151189,TDM,cong-nghe-thuc-pham,A02,Điểm thi THPT,2023,17.0,Công nghệ thực phẩm
151190,TDM,cong-nghe-thuc-pham,B00,Điểm thi THPT,2023,17.0,Công nghệ thực phẩm
151191,TDM,cong-nghe-thuc-pham,B08,Điểm thi THPT,2023,17.0,Công nghệ thực phẩm
151192,TDM,cong-nghe-thuc-pham,A00,Điểm học bạ,2024,19.0,Công nghệ thực phẩm
151193,TDM,cong-nghe-thuc-pham,A02,Điểm học bạ,2024,19.0,Công nghệ thực phẩm
151194,TDM,cong-nghe-thuc-pham,B00,Điểm học bạ,2024,19.0,Công nghệ thực phẩm
151195,TDM,cong-nghe-thuc-pham,B08,Điểm học bạ,2024,19.0,Công nghệ thực phẩm
151196,TDM,cong-nghe-thuc-pham,A00,Điểm thi THPT,2024,15.0,Công nghệ thực phẩm
151197,TDM,cong-nghe-thuc-pham,A02,Điểm thi THPT,2024,15.0,Công nghệ thực phẩm
151198,TDM,cong-nghe-thuc-pham,B00,Điểm thi THPT,2024,15.0,Công nghệ thực phẩm
151199,TDM,cong-nghe-thuc-pham,B08,Điểm thi THPT,2024,15.0,Công nghệ thực phẩm
151200,TDM,cong-nghe-thuc-pham,A00,Điểm học bạ,2025,15.75,Công nghệ thực phẩm
151201,TDM,cong-nghe-thuc-pham,B00,Điểm học bạ,2025,15.75,Công nghệ thực phẩm
151202,TDM,cong-nghe-thuc-pham,B02,Điểm học bạ,2025,15.75,Công nghệ thực phẩm
151203,TDM,cong-nghe-thuc-pham,B03,Điểm học bạ,2025,15.75,Công nghệ thực phẩm
151204,TDM,cong-nghe-thuc-pham,B08,Điểm học bạ,2025,15.75,Công nghệ thực phẩm
151205,TDM,cong-nghe-thuc-pham,C02,Điểm học bạ,2025,15.75,Công nghệ thực phẩm
151206,TDM,cong-nghe-thuc-pham,D07,Điểm học bạ,2025,15.75,Công nghệ thực phẩm
151207,TDM,cong-nghe-thuc-pham,X09,Điểm học bạ,2025,15.75,Công nghệ thực phẩm
151208,TDM,cong-nghe-thuc-pham,X10,Điểm học bạ,2025,15.75,Công nghệ thực phẩm
151209,TDM,cong-nghe-thuc-pham,X12,Điểm học bạ,2025,15.75,Công nghệ thực phẩm
151210,TDM,cong-nghe-thuc-pham,A00,Điểm thi THPT,2025,15.0,Công nghệ thực phẩm
151211,TDM,cong-nghe-thuc-pham,B00,Điểm thi THPT,2025,15.0,Công nghệ thực phẩm
151212,TDM,cong-nghe-thuc-pham,B02,Điểm thi THPT,2025,15.0,Công nghệ thực phẩm
151213,TDM,cong-nghe-thuc-pham,B03,Điểm thi THPT,2025,15.0,Công nghệ thực phẩm
151214,TDM,cong-nghe-thuc-pham,B08,Điểm thi THPT,2025,15.0,Công nghệ thực phẩm
151215,TDM,cong-nghe-thuc-pham,C02,Điểm thi THPT,2025,15.0,Công nghệ thực phẩm
151216,TDM,cong-nghe-thuc-pham,D07,Điểm thi THPT,2025,15.0,Công nghệ thực phẩm
151217,TDM,cong-nghe-thuc-pham,X09,Điểm thi THPT,2025,15.0,Công nghệ thực phẩm
151218,TDM,cong-nghe-thuc-pham,X10,Điểm thi THPT,2025,15.0,Công nghệ thực phẩm
151219,TDM,cong-nghe-thuc-pham,X12,Điểm thi THPT,2025,15.0,Công nghệ thực phẩm
151220,TDM,cong-tac-xa-hoi,C00,Điểm học bạ,2021,18.0,Công tác xã hội
151221,TDM,cong-tac-xa-hoi,C15,Điểm học bạ,2021,18.0,Công tác xã hội
151222,TDM,cong-tac-xa-hoi,C19,Điểm học bạ,2021,18.0,Công tác xã hội
151223,TDM,cong-tac-xa-hoi,D01,Điểm học bạ,2021,18.0,Công tác xã hội
151224,TDM,cong-tac-xa-hoi,C00,Điểm thi THPT,2021,15.0,Công tác xã hội
151225,TDM,cong-tac-xa-hoi,C15,Điểm thi THPT,2021,15.0,Công tác xã hội
151226,TDM,cong-tac-xa-hoi,C19,Điểm thi THPT,2021,15.0,Công tác xã hội
151227,TDM,cong-tac-xa-hoi,D01,Điểm thi THPT,2021,15.0,Công tác xã hội
151228,TDM,cong-tac-xa-hoi,C00,Điểm học bạ,2022,18.0,Công tác xã hội
151229,TDM,cong-tac-xa-hoi,C15,Điểm học bạ,2022,18.0,Công tác xã hội
151230,TDM,cong-tac-xa-hoi,C19,Điểm học bạ,2022,18.0,Công tác xã hội
151231,TDM,cong-tac-xa-hoi,D01,Điểm học bạ,2022,18.0,Công tác xã hội
151232,TDM,cong-tac-xa-hoi,C00,Điểm thi THPT,2022,15.5,Công tác xã hội
151233,TDM,cong-tac-xa-hoi,C15,Điểm thi THPT,2022,15.5,Công tác xã hội
151234,TDM,cong-tac-xa-hoi,C19,Điểm thi THPT,2022,15.5,Công tác xã hội
151235,TDM,cong-tac-xa-hoi,D01,Điểm thi THPT,2022,15.5,Công tác xã hội
151236,TDM,cong-tac-xa-hoi,C00,Điểm học bạ,2023,25.0,Công tác Xã Hội
151237,TDM,cong-tac-xa-hoi,C15,Điểm học bạ,2023,25.0,Công tác Xã Hội
151238,TDM,cong-tac-xa-hoi,C19,Điểm học bạ,2023,25.0,Công tác Xã Hội
151239,TDM,cong-tac-xa-hoi,D01,Điểm học bạ,2023,25.0,Công tác Xã Hội
151240,TDM,cong-tac-xa-hoi,C00,Điểm thi THPT,2023,17.25,Công tác xã hội
151241,TDM,cong-tac-xa-hoi,C15,Điểm thi THPT,2023,17.25,Công tác xã hội
151242,TDM,cong-tac-xa-hoi,C19,Điểm thi THPT,2023,17.25,Công tác xã hội
151243,TDM,cong-tac-xa-hoi,D01,Điểm thi THPT,2023,17.25,Công tác xã hội
151244,TDM,cong-tac-xa-hoi,C00,Điểm học bạ,2024,21.0,Công tác Xã hội
151245,TDM,cong-tac-xa-hoi,C15,Điểm học bạ,2024,21.0,Công tác Xã hội
151246,TDM,cong-tac-xa-hoi,C19,Điểm học bạ,2024,21.0,Công tác Xã hội
151247,TDM,cong-tac-xa-hoi,D01,Điểm học bạ,2024,21.0,Công tác Xã hội
151248,TDM,cong-tac-xa-hoi,C00,Điểm thi THPT,2024,21.0,Công tác xã hội
151249,TDM,cong-tac-xa-hoi,C15,Điểm thi THPT,2024,21.0,Công tác xã hội
151250,TDM,cong-tac-xa-hoi,C19,Điểm thi THPT,2024,21.0,Công tác xã hội
151251,TDM,cong-tac-xa-hoi,D01,Điểm thi THPT,2024,21.0,Công tác xã hội
151252,TDM,cong-tac-xa-hoi,C00,Điểm học bạ,2025,23.5,Công tác xã hội
151253,TDM,cong-tac-xa-hoi,C03,Điểm học bạ,2025,23.5,Công tác xã hội
151254,TDM,cong-tac-xa-hoi,C04,Điểm học bạ,2025,23.5,Công tác xã hội
151255,TDM,cong-tac-xa-hoi,C07,Điểm học bạ,2025,23.5,Công tác xã hội
151256,TDM,cong-tac-xa-hoi,D01,Điểm học bạ,2025,23.5,Công tác xã hội
151257,TDM,cong-tac-xa-hoi,D14,Điểm học bạ,2025,23.5,Công tác xã hội
151258,TDM,cong-tac-xa-hoi,D15,Điểm học bạ,2025,23.5,Công tác xã hội
151259,TDM,cong-tac-xa-hoi,X01,Điểm học bạ,2025,23.5,Công tác xã hội
151260,TDM,cong-tac-xa-hoi,X70,Điểm học bạ,2025,23.5,Công tác xã hội
151261,TDM,cong-tac-xa-hoi,X74,Điểm học bạ,2025,23.5,Công tác xã hội
151262,TDM,cong-tac-xa-hoi,C00,Điểm thi THPT,2025,22.75,Công tác xã hội
151263,TDM,cong-tac-xa-hoi,C03,Điểm thi THPT,2025,22.75,Công tác xã hội
151264,TDM,cong-tac-xa-hoi,C04,Điểm thi THPT,2025,22.75,Công tác xã hội
151265,TDM,cong-tac-xa-hoi,C07,Điểm thi THPT,2025,22.75,Công tác xã hội
151266,TDM,cong-tac-xa-hoi,D01,Điểm thi THPT,2025,22.75,Công tác xã hội
151267,TDM,cong-tac-xa-hoi,D14,Điểm thi THPT,2025,22.75,Công tác xã hội
151268,TDM,cong-tac-xa-hoi,D15,Điểm thi THPT,2025,22.75,Công tác xã hội
151269,TDM,cong-tac-xa-hoi,X01,Điểm thi THPT,2025,22.75,Công tác xã hội
151270,TDM,cong-tac-xa-hoi,X70,Điểm thi THPT,2025,22.75,Công tác xã hội
151271,TDM,cong-tac-xa-hoi,X74,Điểm thi THPT,2025,22.75,Công tác xã hội
151272,TDM,dam-bao-chat-luong-va-an-toan-thuc-pham,A00,Điểm học bạ,2021,18.0,Đảm bảo chất lượng và an toàn thực phẩm
151273,TDM,dam-bao-chat-luong-va-an-toan-thuc-pham,A02,Điểm học bạ,2021,18.0,Đảm bảo chất lượng và an toàn thực phẩm
151274,TDM,dam-bao-chat-luong-va-an-toan-thuc-pham,B00,Điểm học bạ,2021,18.0,Đảm bảo chất lượng và an toàn thực phẩm
151275,TDM,dam-bao-chat-luong-va-an-toan-thuc-pham,B08,Điểm học bạ,2021,18.0,Đảm bảo chất lượng và an toàn thực phẩm
151276,TDM,dam-bao-chat-luong-va-an-toan-thuc-pham,A00,Điểm thi THPT,2021,15.0,Đảm bảo chất lượng và an toàn thực phẩm
151277,TDM,dam-bao-chat-luong-va-an-toan-thuc-pham,A02,Điểm thi THPT,2021,15.0,Đảm bảo chất lượng và an toàn thực phẩm
151278,TDM,dam-bao-chat-luong-va-an-toan-thuc-pham,B00,Điểm thi THPT,2021,15.0,Đảm bảo chất lượng và an toàn thực phẩm
151279,TDM,dam-bao-chat-luong-va-an-toan-thuc-pham,B08,Điểm thi THPT,2021,15.0,Đảm bảo chất lượng và an toàn thực phẩm
151280,TDM,dinh-duong,A00,Điểm học bạ,2021,15.0,Dinh dưỡng
151281,TDM,dinh-duong,B00,Điểm học bạ,2021,15.0,Dinh dưỡng
151282,TDM,dinh-duong,D01,Điểm học bạ,2021,15.0,Dinh dưỡng
151283,TDM,dinh-duong,D90,Điểm học bạ,2021,15.0,Dinh dưỡng
151284,TDM,dinh-duong,A00,Điểm thi THPT,2021,15.0,Dinh dưỡng
151285,TDM,dinh-duong,B00,Điểm thi THPT,2021,15.0,Dinh dưỡng
151286,TDM,dinh-duong,D01,Điểm thi THPT,2021,15.0,Dinh dưỡng
151287,TDM,dinh-duong,D90,Điểm thi THPT,2021,15.0,Dinh dưỡng
151288,TDM,du-lich,D01,Điểm học bạ,2021,19.0,Du lịch
151289,TDM,du-lich,D14,Điểm học bạ,2021,19.0,Du lịch
151290,TDM,du-lich,D15,Điểm học bạ,2021,19.0,Du lịch
151291,TDM,du-lich,D78,Điểm học bạ,2021,19.0,Du lịch
151292,TDM,du-lich,D01,Điểm thi THPT,2021,16.5,Du lịch
151293,TDM,du-lich,D14,Điểm thi THPT,2021,16.5,Du lịch
151294,TDM,du-lich,D15,Điểm thi THPT,2021,16.5,Du lịch
151295,TDM,du-lich,D78,Điểm thi THPT,2021,16.5,Du lịch
151296,TDM,du-lich,D01,Điểm học bạ,2022,19.0,Du lịch
151297,TDM,du-lich,D14,Điểm học bạ,2022,19.0,Du lịch
151298,TDM,du-lich,D15,Điểm học bạ,2022,19.0,Du lịch
151299,TDM,du-lich,D78,Điểm học bạ,2022,19.0,Du lịch
151300,TDM,du-lich,D01,Điểm thi THPT,2022,16.0,Du lịch
151301,TDM,du-lich,D14,Điểm thi THPT,2022,16.0,Du lịch
151302,TDM,du-lich,D15,Điểm thi THPT,2022,16.0,Du lịch
151303,TDM,du-lich,D78,Điểm thi THPT,2022,16.0,Du lịch
151304,TDM,du-lich,D01,Điểm học bạ,2023,24.4,Du lịch
151305,TDM,du-lich,D14,Điểm học bạ,2023,24.4,Du lịch
151306,TDM,du-lich,D15,Điểm học bạ,2023,24.4,Du lịch
151307,TDM,du-lich,D78,Điểm học bạ,2023,24.4,Du lịch
151308,TDM,du-lich,D01,Điểm thi THPT,2023,18.5,Du lịch
151309,TDM,du-lich,D14,Điểm thi THPT,2023,18.5,Du lịch
151310,TDM,du-lich,D15,Điểm thi THPT,2023,18.5,Du lịch
151311,TDM,du-lich,D78,Điểm thi THPT,2023,18.5,Du lịch
151312,TDM,du-lich,D01,Điểm học bạ,2024,22.0,Du lịch
151313,TDM,du-lich,D14,Điểm học bạ,2024,22.0,Du lịch
151314,TDM,du-lich,D15,Điểm học bạ,2024,22.0,Du lịch
151315,TDM,du-lich,D78,Điểm học bạ,2024,22.0,Du lịch
151316,TDM,du-lich,D01,Điểm thi THPT,2024,21.0,Du lịch
151317,TDM,du-lich,D14,Điểm thi THPT,2024,21.0,Du lịch
151318,TDM,du-lich,D15,Điểm thi THPT,2024,21.0,Du lịch
151319,TDM,du-lich,D78,Điểm thi THPT,2024,21.0,Du lịch
151320,TDM,du-lich,C00,Điểm học bạ,2025,23.5,Du lịch
151321,TDM,du-lich,C03,Điểm học bạ,2025,23.5,Du lịch
151322,TDM,du-lich,C04,Điểm học bạ,2025,23.5,Du lịch
151323,TDM,du-lich,C07,Điểm học bạ,2025,23.5,Du lịch
151324,TDM,du-lich,D01,Điểm học bạ,2025,23.5,Du lịch
151325,TDM,du-lich,D14,Điểm học bạ,2025,23.5,Du lịch
151326,TDM,du-lich,D15,Điểm học bạ,2025,23.5,Du lịch
151327,TDM,du-lich,X01,Điểm học bạ,2025,23.5,Du lịch
151328,TDM,du-lich,X70,Điểm học bạ,2025,23.5,Du lịch
151329,TDM,du-lich,X74,Điểm học bạ,2025,23.5,Du lịch
151330,TDM,du-lich,C00,Điểm thi THPT,2025,22.75,Du lịch
151331,TDM,du-lich,C03,Điểm thi THPT,2025,22.75,Du lịch
151332,TDM,du-lich,C04,Điểm thi THPT,2025,22.75,Du lịch
151333,TDM,du-lich,C07,Điểm thi THPT,2025,22.75,Du lịch
151334,TDM,du-lich,D01,Điểm thi THPT,2025,22.75,Du lịch
151335,TDM,du-lich,D14,Điểm thi THPT,2025,22.75,Du lịch
151336,TDM,du-lich,D15,Điểm thi THPT,2025,22.75,Du lịch
151337,TDM,du-lich,X01,Điểm thi THPT,2025,22.75,Du lịch
151338,TDM,du-lich,X70,Điểm thi THPT,2025,22.75,Du lịch
151339,TDM,du-lich,X74,Điểm thi THPT,2025,22.75,Du lịch
151340,TDM,giao-duc-hoc,C00,Điểm học bạ,2021,17.0,Giáo dục học
151341,TDM,giao-duc-hoc,C14,Điểm học bạ,2021,17.0,Giáo dục học
151342,TDM,giao-duc-hoc,C15,Điểm học bạ,2021,17.0,Giáo dục học
151343,TDM,giao-duc-hoc,D01,Điểm học bạ,2021,17.0,Giáo dục học
151344,TDM,giao-duc-hoc,C00,Điểm thi THPT,2021,15.0,Giáo dục học
151345,TDM,giao-duc-hoc,C14,Điểm thi THPT,2021,15.0,Giáo dục học
151346,TDM,giao-duc-hoc,C15,Điểm thi THPT,2021,15.0,Giáo dục học
151347,TDM,giao-duc-hoc,D01,Điểm thi THPT,2021,15.0,Giáo dục học
151348,TDM,giao-duc-hoc,C00,Điểm học bạ,2022,17.0,Giáo dục học
151349,TDM,giao-duc-hoc,C14,Điểm học bạ,2022,17.0,Giáo dục học
151350,TDM,giao-duc-hoc,C15,Điểm học bạ,2022,17.0,Giáo dục học
151351,TDM,giao-duc-hoc,D01,Điểm học bạ,2022,17.0,Giáo dục học
151352,TDM,giao-duc-hoc,C00,Điểm thi THPT,2022,15.0,Giáo dục học
151353,TDM,giao-duc-hoc,C14,Điểm thi THPT,2022,15.0,Giáo dục học
151354,TDM,giao-duc-hoc,C15,Điểm thi THPT,2022,15.0,Giáo dục học
151355,TDM,giao-duc-hoc,D01,Điểm thi THPT,2022,15.0,Giáo dục học
151356,TDM,giao-duc-hoc,C00,Điểm học bạ,2024,23.0,Giáo dục học
151357,TDM,giao-duc-hoc,C14,Điểm học bạ,2024,23.0,Giáo dục học
151358,TDM,giao-duc-hoc,C15,Điểm học bạ,2024,23.0,Giáo dục học
151359,TDM,giao-duc-hoc,D01,Điểm học bạ,2024,23.0,Giáo dục học
151360,TDM,giao-duc-hoc,C00,Điểm thi THPT,2024,23.0,Giáo dục học
151361,TDM,giao-duc-hoc,C14,Điểm thi THPT,2024,23.0,Giáo dục học
151362,TDM,giao-duc-hoc,C15,Điểm thi THPT,2024,23.0,Giáo dục học
151363,TDM,giao-duc-hoc,D01,Điểm thi THPT,2024,23.0,Giáo dục học
151364,TDM,giao-duc-hoc,C00,Điểm học bạ,2025,23.75,Giáo dục học
151365,TDM,giao-duc-hoc,C03,Điểm học bạ,2025,23.75,Giáo dục học
151366,TDM,giao-duc-hoc,C04,Điểm học bạ,2025,23.75,Giáo dục học
151367,TDM,giao-duc-hoc,C07,Điểm học bạ,2025,23.75,Giáo dục học
151368,TDM,giao-duc-hoc,D01,Điểm học bạ,2025,23.75,Giáo dục học
151369,TDM,giao-duc-hoc,D14,Điểm học bạ,2025,23.75,Giáo dục học
151370,TDM,giao-duc-hoc,D15,Điểm học bạ,2025,23.75,Giáo dục học
151371,TDM,giao-duc-hoc,X01,Điểm học bạ,2025,23.75,Giáo dục học
151372,TDM,giao-duc-hoc,X70,Điểm học bạ,2025,23.75,Giáo dục học
151373,TDM,giao-duc-hoc,X74,Điểm học bạ,2025,23.75,Giáo dục học
151374,TDM,giao-duc-hoc,C00,Điểm thi THPT,2025,23.0,Giáo dục học
151375,TDM,giao-duc-hoc,C03,Điểm thi THPT,2025,23.0,Giáo dục học
151376,TDM,giao-duc-hoc,C04,Điểm thi THPT,2025,23.0,Giáo dục học
151377,TDM,giao-duc-hoc,C07,Điểm thi THPT,2025,23.0,Giáo dục học
151378,TDM,giao-duc-hoc,D01,Điểm thi THPT,2025,23.0,Giáo dục học
151379,TDM,giao-duc-hoc,D14,Điểm thi THPT,2025,23.0,Giáo dục học
151380,TDM,giao-duc-hoc,D15,Điểm thi THPT,2025,23.0,Giáo dục học
151381,TDM,giao-duc-hoc,X01,Điểm thi THPT,2025,23.0,Giáo dục học
151382,TDM,giao-duc-hoc,X70,Điểm thi THPT,2025,23.0,Giáo dục học
151383,TDM,giao-duc-hoc,X74,Điểm thi THPT,2025,23.0,Giáo dục học
151384,TDM,giao-duc-mam-non,M00,Điểm học bạ,2021,24.0,Giáo dục Mầm non
151385,TDM,giao-duc-mam-non,M05,Điểm học bạ,2021,24.0,Giáo dục Mầm non
151386,TDM,giao-duc-mam-non,M07,Điểm học bạ,2021,24.0,Giáo dục Mầm non
151387,TDM,giao-duc-mam-non,M11,Điểm học bạ,2021,24.0,Giáo dục Mầm non
151388,TDM,giao-duc-mam-non,M00,Điểm thi THPT,2021,19.0,Giáo dục Mầm non
151389,TDM,giao-duc-mam-non,M05,Điểm thi THPT,2021,19.0,Giáo dục Mầm non
151390,TDM,giao-duc-mam-non,M07,Điểm thi THPT,2021,19.0,Giáo dục Mầm non
151391,TDM,giao-duc-mam-non,M11,Điểm thi THPT,2021,19.0,Giáo dục Mầm non
151392,TDM,giao-duc-mam-non,M00,Điểm học bạ,2022,24.0,Giáo dục Mầm non
151393,TDM,giao-duc-mam-non,M05,Điểm học bạ,2022,24.0,Giáo dục Mầm non
151394,TDM,giao-duc-mam-non,M07,Điểm học bạ,2022,24.0,Giáo dục Mầm non
151395,TDM,giao-duc-mam-non,M11,Điểm học bạ,2022,24.0,Giáo dục Mầm non
151396,TDM,giao-duc-mam-non,M00,Điểm thi THPT,2022,20.0,Giáo dục Mầm non
151397,TDM,giao-duc-mam-non,M05,Điểm thi THPT,2022,20.0,Giáo dục Mầm non
151398,TDM,giao-duc-mam-non,M07,Điểm thi THPT,2022,20.0,Giáo dục Mầm non
151399,TDM,giao-duc-mam-non,M11,Điểm thi THPT,2022,20.0,Giáo dục Mầm non
151400,TDM,giao-duc-mam-non,M00,Điểm thi THPT,2023,19.0,Giáo dục Mầm non
151401,TDM,giao-duc-mam-non,M05,Điểm thi THPT,2023,19.0,Giáo dục Mầm non
151402,TDM,giao-duc-mam-non,M07,Điểm thi THPT,2023,19.0,Giáo dục Mầm non
151403,TDM,giao-duc-mam-non,M11,Điểm thi THPT,2023,19.0,Giáo dục Mầm non
151404,TDM,giao-duc-mam-non,M00,Điểm thi THPT,2024,23.04,Giáo dục Mầm non
151405,TDM,giao-duc-mam-non,M05,Điểm thi THPT,2024,23.04,Giáo dục Mầm non
151406,TDM,giao-duc-mam-non,M07,Điểm thi THPT,2024,23.04,Giáo dục Mầm non
151407,TDM,giao-duc-mam-non,M11,Điểm thi THPT,2024,23.04,Giáo dục Mầm non
151408,TDM,giao-duc-mam-non,M00,Điểm thi THPT,2025,24.2,Giáo dục Mầm non
151409,TDM,giao-duc-mam-non,M01,Điểm thi THPT,2025,24.2,Giáo dục Mầm non
151410,TDM,giao-duc-mam-non,M02,Điểm thi THPT,2025,24.2,Giáo dục Mầm non
151411,TDM,giao-duc-mam-non,M03,Điểm thi THPT,2025,24.2,Giáo dục Mầm non
151412,TDM,giao-duc-mam-non,M04,Điểm thi THPT,2025,24.2,Giáo dục Mầm non
151413,TDM,giao-duc-mam-non,M05,Điểm thi THPT,2025,24.2,Giáo dục Mầm non
151414,TDM,giao-duc-mam-non,M06,Điểm thi THPT,2025,24.2,Giáo dục Mầm non
151415,TDM,giao-duc-tieu-hoc,A00,Điểm học bạ,2021,28.5,Giáo dục Tiểu học
151416,TDM,giao-duc-tieu-hoc,A16,Điểm học bạ,2021,28.5,Giáo dục Tiểu học
151417,TDM,giao-duc-tieu-hoc,C00,Điểm học bạ,2021,28.5,Giáo dục Tiểu học
151418,TDM,giao-duc-tieu-hoc,D01,Điểm học bạ,2021,28.5,Giáo dục Tiểu học
151419,TDM,giao-duc-tieu-hoc,A00,Điểm thi THPT,2021,25.0,Giáo dục Tiểu học
151420,TDM,giao-duc-tieu-hoc,A16,Điểm thi THPT,2021,25.0,Giáo dục Tiểu học
151421,TDM,giao-duc-tieu-hoc,C00,Điểm thi THPT,2021,25.0,Giáo dục Tiểu học
151422,TDM,giao-duc-tieu-hoc,D01,Điểm thi THPT,2021,25.0,Giáo dục Tiểu học
151423,TDM,giao-duc-tieu-hoc,A00,Điểm học bạ,2022,28.5,Giáo dục Tiểu học
151424,TDM,giao-duc-tieu-hoc,A16,Điểm học bạ,2022,28.5,Giáo dục Tiểu học
151425,TDM,giao-duc-tieu-hoc,C00,Điểm học bạ,2022,28.5,Giáo dục Tiểu học
151426,TDM,giao-duc-tieu-hoc,D01,Điểm học bạ,2022,28.5,Giáo dục Tiểu học
151427,TDM,giao-duc-tieu-hoc,A00,Điểm thi THPT,2022,25.0,Giáo dục Tiểu học
151428,TDM,giao-duc-tieu-hoc,A16,Điểm thi THPT,2022,25.0,Giáo dục Tiểu học
151429,TDM,giao-duc-tieu-hoc,C00,Điểm thi THPT,2022,25.0,Giáo dục Tiểu học
151430,TDM,giao-duc-tieu-hoc,D01,Điểm thi THPT,2022,25.0,Giáo dục Tiểu học
151431,TDM,giao-duc-tieu-hoc,A00,Điểm thi THPT,2023,23.75,Giáo dục Tiểu học
151432,TDM,giao-duc-tieu-hoc,A16,Điểm thi THPT,2023,23.75,Giáo dục Tiểu học
151433,TDM,giao-duc-tieu-hoc,C00,Điểm thi THPT,2023,23.75,Giáo dục Tiểu học
151434,TDM,giao-duc-tieu-hoc,D01,Điểm thi THPT,2023,23.75,Giáo dục Tiểu học
151435,TDM,giao-duc-tieu-hoc,A00,Điểm thi THPT,2024,26.47,Giáo dục Tiểu học
151436,TDM,giao-duc-tieu-hoc,A16,Điểm thi THPT,2024,26.47,Giáo dục Tiểu học
151437,TDM,giao-duc-tieu-hoc,C00,Điểm thi THPT,2024,26.47,Giáo dục Tiểu học
151438,TDM,giao-duc-tieu-hoc,D01,Điểm thi THPT,2024,26.47,Giáo dục Tiểu học
151439,TDM,giao-duc-tieu-hoc,A00,Điểm thi THPT,2025,24.35,Giáo dục Tiểu học
151440,TDM,giao-duc-tieu-hoc,A01,Điểm thi THPT,2025,24.35,Giáo dục Tiểu học
151441,TDM,giao-duc-tieu-hoc,C01,Điểm thi THPT,2025,24.35,Giáo dục Tiểu học
151442,TDM,giao-duc-tieu-hoc,C02,Điểm thi THPT,2025,24.35,Giáo dục Tiểu học
151443,TDM,giao-duc-tieu-hoc,C03,Điểm thi THPT,2025,24.35,Giáo dục Tiểu học
151444,TDM,giao-duc-tieu-hoc,C04,Điểm thi THPT,2025,24.35,Giáo dục Tiểu học
151445,TDM,giao-duc-tieu-hoc,D01,Điểm thi THPT,2025,24.35,Giáo dục Tiểu học
151446,TDM,giao-duc-tieu-hoc,D09,Điểm thi THPT,2025,24.35,Giáo dục Tiểu học
151447,TDM,giao-duc-tieu-hoc,D10,Điểm thi THPT,2025,24.35,Giáo dục Tiểu học
151448,TDM,giao-duc-tieu-hoc,X01,Điểm thi THPT,2025,24.35,Giáo dục Tiểu học
151449,TDM,he-thong-thong-tin,A00,Điểm học bạ,2021,18.0,Hệ thống Thông tin
151450,TDM,he-thong-thong-tin,A01,Điểm học bạ,2021,18.0,Hệ thống Thông tin
151451,TDM,he-thong-thong-tin,C01,Điểm học bạ,2021,18.0,Hệ thống Thông tin
151452,TDM,he-thong-thong-tin,D90,Điểm học bạ,2021,18.0,Hệ thống Thông tin
151453,TDM,he-thong-thong-tin,A00,Điểm thi THPT,2021,15.0,Hệ thống Thông tin
151454,TDM,he-thong-thong-tin,A01,Điểm thi THPT,2021,15.0,Hệ thống Thông tin
151455,TDM,he-thong-thong-tin,C01,Điểm thi THPT,2021,15.0,Hệ thống Thông tin
151456,TDM,he-thong-thong-tin,D90,Điểm thi THPT,2021,15.0,Hệ thống Thông tin
151457,TDM,hoa-hoc,A00,Điểm học bạ,2021,17.0,Hóa học
151458,TDM,hoa-hoc,A16,Điểm học bạ,2021,17.0,Hóa học
151459,TDM,hoa-hoc,B00,Điểm học bạ,2021,17.0,Hóa học
151460,TDM,hoa-hoc,D07,Điểm học bạ,2021,17.0,Hóa học
151461,TDM,hoa-hoc,A00,Điểm thi THPT,2021,15.0,Hóa học
151462,TDM,hoa-hoc,A16,Điểm thi THPT,2021,15.0,Hóa học
151463,TDM,hoa-hoc,B00,Điểm thi THPT,2021,15.0,Hóa học
151464,TDM,hoa-hoc,D07,Điểm thi THPT,2021,15.0,Hóa học
151465,TDM,hoa-hoc,A00,Điểm học bạ,2022,17.0,Hóa học
151466,TDM,hoa-hoc,A16,Điểm học bạ,2022,17.0,Hóa học
151467,TDM,hoa-hoc,B00,Điểm học bạ,2022,17.0,Hóa học
151468,TDM,hoa-hoc,D07,Điểm học bạ,2022,17.0,Hóa học
151469,TDM,hoa-hoc,A00,Điểm thi THPT,2022,16.0,Hóa học
151470,TDM,hoa-hoc,A16,Điểm thi THPT,2022,16.0,Hóa học
151471,TDM,hoa-hoc,B00,Điểm thi THPT,2022,16.0,Hóa học
151472,TDM,hoa-hoc,D07,Điểm thi THPT,2022,16.0,Hóa học
151473,TDM,hoa-hoc,A00,Điểm học bạ,2023,24.4,Hóa học
151474,TDM,hoa-hoc,A16,Điểm học bạ,2023,24.4,Hóa học
151475,TDM,hoa-hoc,B00,Điểm học bạ,2023,24.4,Hóa học
151476,TDM,hoa-hoc,D07,Điểm học bạ,2023,24.4,Hóa học
151477,TDM,hoa-hoc,A00,Điểm thi THPT,2023,15.5,Hóa học
151478,TDM,hoa-hoc,A16,Điểm thi THPT,2023,15.5,Hóa học
151479,TDM,hoa-hoc,B00,Điểm thi THPT,2023,15.5,Hóa học
151480,TDM,hoa-hoc,D07,Điểm thi THPT,2023,15.5,Hóa học
151481,TDM,hoa-hoc,A00,Điểm học bạ,2024,8.0,Hóa học
151482,TDM,hoa-hoc,A16,Điểm học bạ,2024,8.0,Hóa học
151483,TDM,hoa-hoc,B00,Điểm học bạ,2024,8.0,Hóa học
151484,TDM,hoa-hoc,D07,Điểm học bạ,2024,8.0,Hóa học
151485,TDM,hoa-hoc,A00,Điểm thi THPT,2024,15.0,Hóa học
151486,TDM,hoa-hoc,A16,Điểm thi THPT,2024,15.0,Hóa học
151487,TDM,hoa-hoc,B00,Điểm thi THPT,2024,15.0,Hóa học
151488,TDM,hoa-hoc,D07,Điểm thi THPT,2024,15.0,Hóa học
151489,TDM,hoa-hoc,A00,Điểm học bạ,2025,18.0,Hoá học
151490,TDM,hoa-hoc,A05,Điểm học bạ,2025,18.0,Hoá học
151491,TDM,hoa-hoc,A06,Điểm học bạ,2025,18.0,Hoá học
151492,TDM,hoa-hoc,B00,Điểm học bạ,2025,18.0,Hoá học
151493,TDM,hoa-hoc,C02,Điểm học bạ,2025,18.0,Hoá học
151494,TDM,hoa-hoc,D07,Điểm học bạ,2025,18.0,Hoá học
151495,TDM,hoa-hoc,X09,Điểm học bạ,2025,18.0,Hoá học
151496,TDM,hoa-hoc,X10,Điểm học bạ,2025,18.0,Hoá học
151497,TDM,hoa-hoc,X11,Điểm học bạ,2025,18.0,Hoá học
151498,TDM,hoa-hoc,X12,Điểm học bạ,2025,18.0,Hoá học
151499,TDM,hoa-hoc,A00,Điểm thi THPT,2025,17.25,Hoá học
151500,TDM,hoa-hoc,A05,Điểm thi THPT,2025,17.25,Hoá học
151501,TDM,hoa-hoc,A06,Điểm thi THPT,2025,17.25,Hoá học
151502,TDM,hoa-hoc,B00,Điểm thi THPT,2025,17.25,Hoá học
151503,TDM,hoa-hoc,C02,Điểm thi THPT,2025,17.25,Hoá học
151504,TDM,hoa-hoc,D07,Điểm thi THPT,2025,17.25,Hoá học
151505,TDM,hoa-hoc,X09,Điểm thi THPT,2025,17.25,Hoá học
151506,TDM,hoa-hoc,X10,Điểm thi THPT,2025,17.25,Hoá học
151507,TDM,hoa-hoc,X11,Điểm thi THPT,2025,17.25,Hoá học
151508,TDM,hoa-hoc,X12,Điểm thi THPT,2025,17.25,Hoá học
151509,TDM,ke-toan,A00,Điểm học bạ,2021,20.0,Kế toán
151510,TDM,ke-toan,A01,Điểm học bạ,2021,20.0,Kế toán
151511,TDM,ke-toan,A16,Điểm học bạ,2021,20.0,Kế toán
151512,TDM,ke-toan,D01,Điểm học bạ,2021,20.0,Kế toán
151513,TDM,ke-toan,A00,Điểm thi THPT,2021,17.5,Kế toán
151514,TDM,ke-toan,A01,Điểm thi THPT,2021,17.5,Kế toán
151515,TDM,ke-toan,A16,Điểm thi THPT,2021,17.5,Kế toán
151516,TDM,ke-toan,D01,Điểm thi THPT,2021,17.5,Kế toán
151517,TDM,ke-toan,A00,Điểm học bạ,2022,22.0,Kế toán
151518,TDM,ke-toan,A01,Điểm học bạ,2022,22.0,Kế toán
151519,TDM,ke-toan,A16,Điểm học bạ,2022,22.0,Kế toán
151520,TDM,ke-toan,D01,Điểm học bạ,2022,22.0,Kế toán
151521,TDM,ke-toan,A00,Điểm thi THPT,2022,19.0,Kế toán
151522,TDM,ke-toan,A01,Điểm thi THPT,2022,19.0,Kế toán
151523,TDM,ke-toan,A16,Điểm thi THPT,2022,19.0,Kế toán
151524,TDM,ke-toan,D01,Điểm thi THPT,2022,19.0,Kế toán
151525,TDM,ke-toan,A00,Điểm học bạ,2023,25.3,Kế toán
151526,TDM,ke-toan,A01,Điểm học bạ,2023,25.3,Kế toán
151527,TDM,ke-toan,A16,Điểm học bạ,2023,25.3,Kế toán
151528,TDM,ke-toan,D01,Điểm học bạ,2023,25.3,Kế toán
151529,TDM,ke-toan,A00,Điểm thi THPT,2023,21.0,Kể toán
151530,TDM,ke-toan,A01,Điểm thi THPT,2023,21.0,Kể toán
151531,TDM,ke-toan,A16,Điểm thi THPT,2023,21.0,Kể toán
151532,TDM,ke-toan,D01,Điểm thi THPT,2023,21.0,Kể toán
151533,TDM,ke-toan,A00,Điểm học bạ,2024,8.3,Kế toán
151534,TDM,ke-toan,A01,Điểm học bạ,2024,8.3,Kế toán
151535,TDM,ke-toan,A16,Điểm học bạ,2024,8.3,Kế toán
151536,TDM,ke-toan,D01,Điểm học bạ,2024,8.3,Kế toán
151537,TDM,ke-toan,A00,Điểm thi THPT,2024,22.0,Kế toán
151538,TDM,ke-toan,A01,Điểm thi THPT,2024,22.0,Kế toán
151539,TDM,ke-toan,A16,Điểm thi THPT,2024,22.0,Kế toán
151540,TDM,ke-toan,D01,Điểm thi THPT,2024,22.0,Kế toán
151541,TDM,ke-toan,A00,Điểm học bạ,2025,23.75,Kế toán
151542,TDM,ke-toan,A01,Điểm học bạ,2025,23.75,Kế toán
151543,TDM,ke-toan,A02,Điểm học bạ,2025,23.75,Kế toán
151544,TDM,ke-toan,C01,Điểm học bạ,2025,23.75,Kế toán
151545,TDM,ke-toan,D01,Điểm học bạ,2025,23.75,Kế toán
151546,TDM,ke-toan,D07,Điểm học bạ,2025,23.75,Kế toán
151547,TDM,ke-toan,X01,Điểm học bạ,2025,23.75,Kế toán
151548,TDM,ke-toan,X02,Điểm học bạ,2025,23.75,Kế toán
151549,TDM,ke-toan,X03,Điểm học bạ,2025,23.75,Kế toán
151550,TDM,ke-toan,X09,Điểm học bạ,2025,23.75,Kế toán
151551,TDM,ke-toan,A00,Điểm thi THPT,2025,23.0,Kế toán
151552,TDM,ke-toan,A01,Điểm thi THPT,2025,23.0,Kế toán
151553,TDM,ke-toan,A02,Điểm thi THPT,2025,23.0,Kế toán
151554,TDM,ke-toan,C01,Điểm thi THPT,2025,23.0,Kế toán
151555,TDM,ke-toan,D01,Điểm thi THPT,2025,23.0,Kế toán
151556,TDM,ke-toan,D07,Điểm thi THPT,2025,23.0,Kế toán
151557,TDM,ke-toan,X01,Điểm thi THPT,2025,23.0,Kế toán
151558,TDM,ke-toan,X02,Điểm thi THPT,2025,23.0,Kế toán
151559,TDM,ke-toan,X03,Điểm thi THPT,2025,23.0,Kế toán
151560,TDM,ke-toan,X09,Điểm thi THPT,2025,23.0,Kế toán
151561,TDM,kiem-toan,A00,Điểm học bạ,2022,18.0,Kiểm toán
151562,TDM,kiem-toan,A01,Điểm học bạ,2022,18.0,Kiểm toán
151563,TDM,kiem-toan,A16,Điểm học bạ,2022,18.0,Kiểm toán
151564,TDM,kiem-toan,D01,Điểm học bạ,2022,18.0,Kiểm toán
151565,TDM,kiem-toan,A00,Điểm thi THPT,2022,16.5,Kiểm toán
151566,TDM,kiem-toan,A01,Điểm thi THPT,2022,16.5,Kiểm toán
151567,TDM,kiem-toan,A16,Điểm thi THPT,2022,16.5,Kiểm toán
151568,TDM,kiem-toan,D01,Điểm thi THPT,2022,16.5,Kiểm toán
151569,TDM,kiem-toan,A00,Điểm học bạ,2023,26.5,Kiểm toán
151570,TDM,kiem-toan,A01,Điểm học bạ,2023,26.5,Kiểm toán
151571,TDM,kiem-toan,A16,Điểm học bạ,2023,26.5,Kiểm toán
151572,TDM,kiem-toan,D01,Điểm học bạ,2023,26.5,Kiểm toán
151573,TDM,kiem-toan,A00,Điểm thi THPT,2023,18.0,Kiểm toán
151574,TDM,kiem-toan,A01,Điểm thi THPT,2023,18.0,Kiểm toán
151575,TDM,kiem-toan,A16,Điểm thi THPT,2023,18.0,Kiểm toán
151576,TDM,kiem-toan,D01,Điểm thi THPT,2023,18.0,Kiểm toán
151577,TDM,kiem-toan,A00,Điểm học bạ,2024,24.0,Kiểm toán
151578,TDM,kiem-toan,A01,Điểm học bạ,2024,24.0,Kiểm toán
151579,TDM,kiem-toan,A16,Điểm học bạ,2024,24.0,Kiểm toán
151580,TDM,kiem-toan,D01,Điểm học bạ,2024,24.0,Kiểm toán
151581,TDM,kiem-toan,A00,Điểm thi THPT,2024,20.2,Kiểm toán
151582,TDM,kiem-toan,A01,Điểm thi THPT,2024,20.2,Kiểm toán
151583,TDM,kiem-toan,A16,Điểm thi THPT,2024,20.2,Kiểm toán
151584,TDM,kiem-toan,D01,Điểm thi THPT,2024,20.2,Kiểm toán
151585,TDM,kiem-toan,A00,Điểm học bạ,2025,22.75,Kiểm toán
151586,TDM,kiem-toan,A01,Điểm học bạ,2025,22.75,Kiểm toán
151587,TDM,kiem-toan,A02,Điểm học bạ,2025,22.75,Kiểm toán
151588,TDM,kiem-toan,C01,Điểm học bạ,2025,22.75,Kiểm toán
151589,TDM,kiem-toan,D01,Điểm học bạ,2025,22.75,Kiểm toán
151590,TDM,kiem-toan,D07,Điểm học bạ,2025,22.75,Kiểm toán
151591,TDM,kiem-toan,X01,Điểm học bạ,2025,22.75,Kiểm toán
151592,TDM,kiem-toan,X02,Điểm học bạ,2025,22.75,Kiểm toán
151593,TDM,kiem-toan,X03,Điểm học bạ,2025,22.75,Kiểm toán
151594,TDM,kiem-toan,X09,Điểm học bạ,2025,22.75,Kiểm toán
151595,TDM,kiem-toan,A00,Điểm thi THPT,2025,22.0,Kiểm toán
151596,TDM,kiem-toan,A01,Điểm thi THPT,2025,22.0,Kiểm toán
151597,TDM,kiem-toan,A02,Điểm thi THPT,2025,22.0,Kiểm toán
151598,TDM,kiem-toan,C01,Điểm thi THPT,2025,22.0,Kiểm toán
151599,TDM,kiem-toan,D01,Điểm thi THPT,2025,22.0,Kiểm toán
151600,TDM,kiem-toan,D07,Điểm thi THPT,2025,22.0,Kiểm toán
151601,TDM,kiem-toan,X01,Điểm thi THPT,2025,22.0,Kiểm toán
151602,TDM,kiem-toan,X02,Điểm thi THPT,2025,22.0,Kiểm toán
151603,TDM,kiem-toan,X03,Điểm thi THPT,2025,22.0,Kiểm toán
151604,TDM,kiem-toan,X09,Điểm thi THPT,2025,22.0,Kiểm toán
151605,TDM,kien-truc,A00,Điểm học bạ,2021,17.0,Kiến trúc
151606,TDM,kien-truc,A16,Điểm học bạ,2021,17.0,Kiến trúc
151607,TDM,kien-truc,V00,Điểm học bạ,2021,17.0,Kiến trúc
151608,TDM,kien-truc,V01,Điểm học bạ,2021,17.0,Kiến trúc
151609,TDM,kien-truc,A00,Điểm thi THPT,2021,15.0,Kiến trúc
151610,TDM,kien-truc,A16,Điểm thi THPT,2021,15.0,Kiến trúc
151611,TDM,kien-truc,V00,Điểm thi THPT,2021,15.0,Kiến trúc
151612,TDM,kien-truc,V01,Điểm thi THPT,2021,15.0,Kiến trúc
151613,TDM,kien-truc,A00,Điểm học bạ,2022,17.0,Kiến trúc
151614,TDM,kien-truc,A16,Điểm học bạ,2022,17.0,Kiến trúc
151615,TDM,kien-truc,V00,Điểm học bạ,2022,17.0,Kiến trúc
151616,TDM,kien-truc,V01,Điểm học bạ,2022,17.0,Kiến trúc
151617,TDM,kien-truc,A00,Điểm thi THPT,2022,16.0,Kiến trúc
151618,TDM,kien-truc,A16,Điểm thi THPT,2022,16.0,Kiến trúc
151619,TDM,kien-truc,V00,Điểm thi THPT,2022,16.0,Kiến trúc
151620,TDM,kien-truc,V01,Điểm thi THPT,2022,16.0,Kiến trúc
151621,TDM,kien-truc,A00,Điểm học bạ,2023,23.5,Kiến trúc
151622,TDM,kien-truc,A16,Điểm học bạ,2023,23.5,Kiến trúc
151623,TDM,kien-truc,V00,Điểm học bạ,2023,23.5,Kiến trúc
151624,TDM,kien-truc,V01,Điểm học bạ,2023,23.5,Kiến trúc
151625,TDM,kien-truc,A00,Điểm thi THPT,2023,16.0,Kiến trúc
151626,TDM,kien-truc,A16,Điểm thi THPT,2023,16.0,Kiến trúc
151627,TDM,kien-truc,V00,Điểm thi THPT,2023,16.0,Kiến trúc
151628,TDM,kien-truc,V01,Điểm thi THPT,2023,16.0,Kiến trúc
151629,TDM,kien-truc,A00,Điểm học bạ,2024,20.0,Kiến trúc
151630,TDM,kien-truc,A16,Điểm học bạ,2024,20.0,Kiến trúc
151631,TDM,kien-truc,V00,Điểm học bạ,2024,20.0,Kiến trúc
151632,TDM,kien-truc,V01,Điểm học bạ,2024,20.0,Kiến trúc
151633,TDM,kien-truc,A00,Điểm thi THPT,2024,15.0,Kiến trúc
151634,TDM,kien-truc,A16,Điểm thi THPT,2024,15.0,Kiến trúc
151635,TDM,kien-truc,V00,Điểm thi THPT,2024,15.0,Kiến trúc
151636,TDM,kien-truc,V01,Điểm thi THPT,2024,15.0,Kiến trúc
151637,TDM,kien-truc,A00,Điểm học bạ,2025,15.75,Kiến trúc
151638,TDM,kien-truc,A01,Điểm học bạ,2025,15.75,Kiến trúc
151639,TDM,kien-truc,C01,Điểm học bạ,2025,15.75,Kiến trúc
151640,TDM,kien-truc,C03,Điểm học bạ,2025,15.75,Kiến trúc
151641,TDM,kien-truc,D01,Điểm học bạ,2025,15.75,Kiến trúc
151642,TDM,kien-truc,V00,Điểm học bạ,2025,15.75,Kiến trúc
151643,TDM,kien-truc,V01,Điểm học bạ,2025,15.75,Kiến trúc
151644,TDM,kien-truc,V02,Điểm học bạ,2025,15.75,Kiến trúc
151645,TDM,kien-truc,X01,Điểm học bạ,2025,15.75,Kiến trúc
151646,TDM,kien-truc,X02,Điểm học bạ,2025,15.75,Kiến trúc
151647,TDM,kien-truc,A00,Điểm thi THPT,2025,15.0,Kiến trúc
151648,TDM,kien-truc,A01,Điểm thi THPT,2025,15.0,Kiến trúc
151649,TDM,kien-truc,C01,Điểm thi THPT,2025,15.0,Kiến trúc
151650,TDM,kien-truc,C03,Điểm thi THPT,2025,15.0,Kiến trúc
151651,TDM,kien-truc,D01,Điểm thi THPT,2025,15.0,Kiến trúc
151652,TDM,kien-truc,V00,Điểm thi THPT,2025,15.0,Kiến trúc
151653,TDM,kien-truc,V01,Điểm thi THPT,2025,15.0,Kiến trúc
151654,TDM,kien-truc,V02,Điểm thi THPT,2025,15.0,Kiến trúc
151655,TDM,kien-truc,X01,Điểm thi THPT,2025,15.0,Kiến trúc
151656,TDM,kien-truc,X02,Điểm thi THPT,2025,15.0,Kiến trúc
151657,TDM,ky-nghe-go,A00,Điểm học bạ,2021,15.0,Kỹ nghệ gỗ (Công nghệ Chế biến lâm sản)
151658,TDM,ky-nghe-go,A01,Điểm học bạ,2021,15.0,Kỹ nghệ gỗ (Công nghệ Chế biến lâm sản)
151659,TDM,ky-nghe-go,B00,Điểm học bạ,2021,15.0,Kỹ nghệ gỗ (Công nghệ Chế biến lâm sản)
151660,TDM,ky-nghe-go,D01,Điểm học bạ,2021,15.0,Kỹ nghệ gỗ (Công nghệ Chế biến lâm sản)
151661,TDM,ky-nghe-go,A00,Điểm thi THPT,2021,15.0,Kỹ nghệ gỗ (Công nghệ Chế biến lâm sản)
151662,TDM,ky-nghe-go,A01,Điểm thi THPT,2021,15.0,Kỹ nghệ gỗ (Công nghệ Chế biến lâm sản)
151663,TDM,ky-nghe-go,B00,Điểm thi THPT,2021,15.0,Kỹ nghệ gỗ (Công nghệ Chế biến lâm sản)
151664,TDM,ky-nghe-go,D01,Điểm thi THPT,2021,15.0,Kỹ nghệ gỗ (Công nghệ Chế biến lâm sản)
151665,TDM,ky-nghe-go,A00,Điểm học bạ,2022,15.0,Kỹ nghệ gỗ (Công nghệ Chế biến lâm sản)
151666,TDM,ky-nghe-go,A01,Điểm học bạ,2022,15.0,Kỹ nghệ gỗ (Công nghệ Chế biến lâm sản)
151667,TDM,ky-nghe-go,B00,Điểm học bạ,2022,15.0,Kỹ nghệ gỗ (Công nghệ Chế biến lâm sản)
151668,TDM,ky-nghe-go,D01,Điểm học bạ,2022,15.0,Kỹ nghệ gỗ (Công nghệ Chế biến lâm sản)
151669,TDM,ky-nghe-go,A00,Điểm thi THPT,2022,15.5,Kỹ nghệ gỗ (Công nghệ Chế biến lâm sản)
151670,TDM,ky-nghe-go,A01,Điểm thi THPT,2022,15.5,Kỹ nghệ gỗ (Công nghệ Chế biến lâm sản)
151671,TDM,ky-nghe-go,B00,Điểm thi THPT,2022,15.5,Kỹ nghệ gỗ (Công nghệ Chế biến lâm sản)
151672,TDM,ky-nghe-go,D01,Điểm thi THPT,2022,15.5,Kỹ nghệ gỗ (Công nghệ Chế biến lâm sản)
151673,TDM,ky-thuat-co-dien-tu,A00,Điểm học bạ,2021,17.0,Kỹ thuật Cơ điện tử
151674,TDM,ky-thuat-co-dien-tu,A01,Điểm học bạ,2021,17.0,Kỹ thuật Cơ điện tử
151675,TDM,ky-thuat-co-dien-tu,C01,Điểm học bạ,2021,17.0,Kỹ thuật Cơ điện tử
151676,TDM,ky-thuat-co-dien-tu,D90,Điểm học bạ,2021,17.0,Kỹ thuật Cơ điện tử
151677,TDM,ky-thuat-co-dien-tu,A00,Điểm thi THPT,2021,15.0,Kỹ thuật Cơ điện tử
151678,TDM,ky-thuat-co-dien-tu,A01,Điểm thi THPT,2021,15.0,Kỹ thuật Cơ điện tử
151679,TDM,ky-thuat-co-dien-tu,C01,Điểm thi THPT,2021,15.0,Kỹ thuật Cơ điện tử
151680,TDM,ky-thuat-co-dien-tu,D90,Điểm thi THPT,2021,15.0,Kỹ thuật Cơ điện tử
151681,TDM,ky-thuat-co-dien-tu,A00,Điểm học bạ,2022,17.0,Kỹ thuật Cơ điện tử
151682,TDM,ky-thuat-co-dien-tu,A01,Điểm học bạ,2022,17.0,Kỹ thuật Cơ điện tử
151683,TDM,ky-thuat-co-dien-tu,C01,Điểm học bạ,2022,17.0,Kỹ thuật Cơ điện tử
151684,TDM,ky-thuat-co-dien-tu,D90,Điểm học bạ,2022,17.0,Kỹ thuật Cơ điện tử
151685,TDM,ky-thuat-co-dien-tu,A00,Điểm thi THPT,2022,16.0,Kỹ thuật Cơ điện tử
151686,TDM,ky-thuat-co-dien-tu,A01,Điểm thi THPT,2022,16.0,Kỹ thuật Cơ điện tử
151687,TDM,ky-thuat-co-dien-tu,C01,Điểm thi THPT,2022,16.0,Kỹ thuật Cơ điện tử
151688,TDM,ky-thuat-co-dien-tu,D90,Điểm thi THPT,2022,16.0,Kỹ thuật Cơ điện tử
151689,TDM,ky-thuat-co-dien-tu,A00,Điểm học bạ,2023,23.2,Kỹ thuật cơ điện tử
151690,TDM,ky-thuat-co-dien-tu,A01,Điểm học bạ,2023,23.2,Kỹ thuật cơ điện tử
151691,TDM,ky-thuat-co-dien-tu,C01,Điểm học bạ,2023,23.2,Kỹ thuật cơ điện tử
151692,TDM,ky-thuat-co-dien-tu,D90,Điểm học bạ,2023,23.2,Kỹ thuật cơ điện tử
151693,TDM,ky-thuat-co-dien-tu,A00,Điểm thi THPT,2023,16.0,Kỹ thuật Cơ điện tử
151694,TDM,ky-thuat-co-dien-tu,A01,Điểm thi THPT,2023,16.0,Kỹ thuật Cơ điện tử
151695,TDM,ky-thuat-co-dien-tu,C01,Điểm thi THPT,2023,16.0,Kỹ thuật Cơ điện tử
151696,TDM,ky-thuat-co-dien-tu,D90,Điểm thi THPT,2023,16.0,Kỹ thuật Cơ điện tử
151697,TDM,ky-thuat-co-dien-tu,A00,Điểm học bạ,2024,20.0,Kỹ thuật Cơ điện tử
151698,TDM,ky-thuat-co-dien-tu,A01,Điểm học bạ,2024,20.0,Kỹ thuật Cơ điện tử
151699,TDM,ky-thuat-co-dien-tu,D01,Điểm học bạ,2024,20.0,Kỹ thuật Cơ điện tử
151700,TDM,ky-thuat-co-dien-tu,D90,Điểm học bạ,2024,20.0,Kỹ thuật Cơ điện tử
151701,TDM,ky-thuat-co-dien-tu,A00,Điểm thi THPT,2024,18.5,Kỹ thuật cơ điện tử
151702,TDM,ky-thuat-co-dien-tu,A01,Điểm thi THPT,2024,18.5,Kỹ thuật cơ điện tử
151703,TDM,ky-thuat-co-dien-tu,C01,Điểm thi THPT,2024,18.5,Kỹ thuật cơ điện tử
151704,TDM,ky-thuat-co-dien-tu,D90,Điểm thi THPT,2024,18.5,Kỹ thuật cơ điện tử
151705,TDM,ky-thuat-co-dien-tu,A00,Điểm học bạ,2025,22.5,Kỹ thuật cơ điện tử
151706,TDM,ky-thuat-co-dien-tu,A01,Điểm học bạ,2025,22.5,Kỹ thuật cơ điện tử
151707,TDM,ky-thuat-co-dien-tu,A02,Điểm học bạ,2025,22.5,Kỹ thuật cơ điện tử
151708,TDM,ky-thuat-co-dien-tu,A03,Điểm học bạ,2025,22.5,Kỹ thuật cơ điện tử
151709,TDM,ky-thuat-co-dien-tu,A04,Điểm học bạ,2025,22.5,Kỹ thuật cơ điện tử
151710,TDM,ky-thuat-co-dien-tu,C01,Điểm học bạ,2025,22.5,Kỹ thuật cơ điện tử
151711,TDM,ky-thuat-co-dien-tu,D01,Điểm học bạ,2025,22.5,Kỹ thuật cơ điện tử
151712,TDM,ky-thuat-co-dien-tu,X02,Điểm học bạ,2025,22.5,Kỹ thuật cơ điện tử
151713,TDM,ky-thuat-co-dien-tu,X05,Điểm học bạ,2025,22.5,Kỹ thuật cơ điện tử
151714,TDM,ky-thuat-co-dien-tu,X07,Điểm học bạ,2025,22.5,Kỹ thuật cơ điện tử
151715,TDM,ky-thuat-co-dien-tu,A00,Điểm thi THPT,2025,21.75,Kỹ thuật cơ điện tử
151716,TDM,ky-thuat-co-dien-tu,A01,Điểm thi THPT,2025,21.75,Kỹ thuật cơ điện tử
151717,TDM,ky-thuat-co-dien-tu,A02,Điểm thi THPT,2025,21.75,Kỹ thuật cơ điện tử
151718,TDM,ky-thuat-co-dien-tu,A03,Điểm thi THPT,2025,21.75,Kỹ thuật cơ điện tử
151719,TDM,ky-thuat-co-dien-tu,A04,Điểm thi THPT,2025,21.75,Kỹ thuật cơ điện tử
151720,TDM,ky-thuat-co-dien-tu,C01,Điểm thi THPT,2025,21.75,Kỹ thuật cơ điện tử
151721,TDM,ky-thuat-co-dien-tu,D01,Điểm thi THPT,2025,21.75,Kỹ thuật cơ điện tử
151722,TDM,ky-thuat-co-dien-tu,X02,Điểm thi THPT,2025,21.75,Kỹ thuật cơ điện tử
151723,TDM,ky-thuat-co-dien-tu,X05,Điểm thi THPT,2025,21.75,Kỹ thuật cơ điện tử
151724,TDM,ky-thuat-co-dien-tu,X07,Điểm thi THPT,2025,21.75,Kỹ thuật cơ điện tử
151725,TDM,ky-thuat-dien,A00,Điểm học bạ,2021,17.0,Kỹ thuật Điện
151726,TDM,ky-thuat-dien,A01,Điểm học bạ,2021,17.0,Kỹ thuật Điện
151727,TDM,ky-thuat-dien,C01,Điểm học bạ,2021,17.0,Kỹ thuật Điện
151728,TDM,ky-thuat-dien,D90,Điểm học bạ,2021,17.0,Kỹ thuật Điện
151729,TDM,ky-thuat-dien,A00,Điểm thi THPT,2021,15.0,Kỹ thuật Điện
151730,TDM,ky-thuat-dien,A01,Điểm thi THPT,2021,15.0,Kỹ thuật Điện
151731,TDM,ky-thuat-dien,C01,Điểm thi THPT,2021,15.0,Kỹ thuật Điện
151732,TDM,ky-thuat-dien,D90,Điểm thi THPT,2021,15.0,Kỹ thuật Điện
151733,TDM,ky-thuat-dien,A00,Điểm học bạ,2022,17.0,Kỹ thuật Điện
151734,TDM,ky-thuat-dien,A01,Điểm học bạ,2022,17.0,Kỹ thuật Điện
151735,TDM,ky-thuat-dien,C01,Điểm học bạ,2022,17.0,Kỹ thuật Điện
151736,TDM,ky-thuat-dien,D90,Điểm học bạ,2022,17.0,Kỹ thuật Điện
151737,TDM,ky-thuat-dien,A00,Điểm thi THPT,2022,15.5,Kỹ thuật Điện
151738,TDM,ky-thuat-dien,A01,Điểm thi THPT,2022,15.5,Kỹ thuật Điện
151739,TDM,ky-thuat-dien,C01,Điểm thi THPT,2022,15.5,Kỹ thuật Điện
151740,TDM,ky-thuat-dien,D90,Điểm thi THPT,2022,15.5,Kỹ thuật Điện
151741,TDM,ky-thuat-dien,A00,Điểm học bạ,2023,22.2,Kỹ thuật Điện
151742,TDM,ky-thuat-dien,A01,Điểm học bạ,2023,22.2,Kỹ thuật Điện
151743,TDM,ky-thuat-dien,C01,Điểm học bạ,2023,22.2,Kỹ thuật Điện
151744,TDM,ky-thuat-dien,D90,Điểm học bạ,2023,22.2,Kỹ thuật Điện
151745,TDM,ky-thuat-dien,A00,Điểm thi THPT,2023,16.0,Kỹ thuật điện
151746,TDM,ky-thuat-dien,A01,Điểm thi THPT,2023,16.0,Kỹ thuật điện
151747,TDM,ky-thuat-dien,C01,Điểm thi THPT,2023,16.0,Kỹ thuật điện
151748,TDM,ky-thuat-dien,D90,Điểm thi THPT,2023,16.0,Kỹ thuật điện
151749,TDM,ky-thuat-dien,A00,Điểm học bạ,2024,21.0,Kỹ thuật Điện
151750,TDM,ky-thuat-dien,A01,Điểm học bạ,2024,21.0,Kỹ thuật Điện
151751,TDM,ky-thuat-dien,D01,Điểm học bạ,2024,21.0,Kỹ thuật Điện
151752,TDM,ky-thuat-dien,D90,Điểm học bạ,2024,21.0,Kỹ thuật Điện
151753,TDM,ky-thuat-dien,A00,Điểm thi THPT,2024,15.0,Kỹ thuật điện
151754,TDM,ky-thuat-dien,A01,Điểm thi THPT,2024,15.0,Kỹ thuật điện
151755,TDM,ky-thuat-dien,C01,Điểm thi THPT,2024,15.0,Kỹ thuật điện
151756,TDM,ky-thuat-dien,D90,Điểm thi THPT,2024,15.0,Kỹ thuật điện
151757,TDM,ky-thuat-dien,A00,Điểm học bạ,2025,16.5,Kỹ thuật điện
151758,TDM,ky-thuat-dien,A01,Điểm học bạ,2025,16.5,Kỹ thuật điện
151759,TDM,ky-thuat-dien,A02,Điểm học bạ,2025,16.5,Kỹ thuật điện
151760,TDM,ky-thuat-dien,A03,Điểm học bạ,2025,16.5,Kỹ thuật điện
151761,TDM,ky-thuat-dien,A04,Điểm học bạ,2025,16.5,Kỹ thuật điện
151762,TDM,ky-thuat-dien,C01,Điểm học bạ,2025,16.5,Kỹ thuật điện
151763,TDM,ky-thuat-dien,D01,Điểm học bạ,2025,16.5,Kỹ thuật điện
151764,TDM,ky-thuat-dien,X02,Điểm học bạ,2025,16.5,Kỹ thuật điện
151765,TDM,ky-thuat-dien,X05,Điểm học bạ,2025,16.5,Kỹ thuật điện
151766,TDM,ky-thuat-dien,X07,Điểm học bạ,2025,16.5,Kỹ thuật điện
151767,TDM,ky-thuat-dien,A00,Điểm thi THPT,2025,15.75,Kỹ thuật điện
151768,TDM,ky-thuat-dien,A01,Điểm thi THPT,2025,15.75,Kỹ thuật điện
151769,TDM,ky-thuat-dien,A02,Điểm thi THPT,2025,15.75,Kỹ thuật điện
151770,TDM,ky-thuat-dien,A03,Điểm thi THPT,2025,15.75,Kỹ thuật điện
151771,TDM,ky-thuat-dien,A04,Điểm thi THPT,2025,15.75,Kỹ thuật điện
151772,TDM,ky-thuat-dien,C01,Điểm thi THPT,2025,15.75,Kỹ thuật điện
151773,TDM,ky-thuat-dien,D01,Điểm thi THPT,2025,15.75,Kỹ thuật điện
151774,TDM,ky-thuat-dien,X02,Điểm thi THPT,2025,15.75,Kỹ thuật điện
151775,TDM,ky-thuat-dien,X05,Điểm thi THPT,2025,15.75,Kỹ thuật điện
151776,TDM,ky-thuat-dien,X07,Điểm thi THPT,2025,15.75,Kỹ thuật điện
151777,TDM,ky-thuat-dien-tu-vien-thong,A00,Điểm học bạ,2021,18.0,Kỹ thuật điện tử - Viễn thông
151778,TDM,ky-thuat-dien-tu-vien-thong,A01,Điểm học bạ,2021,18.0,Kỹ thuật điện tử - Viễn thông
151779,TDM,ky-thuat-dien-tu-vien-thong,C01,Điểm học bạ,2021,18.0,Kỹ thuật điện tử - Viễn thông
151780,TDM,ky-thuat-dien-tu-vien-thong,D90,Điểm học bạ,2021,18.0,Kỹ thuật điện tử - Viễn thông
151781,TDM,ky-thuat-dien-tu-vien-thong,A00,Điểm thi THPT,2021,15.0,Kỹ thuật điện tử - Viễn thông
151782,TDM,ky-thuat-dien-tu-vien-thong,A01,Điểm thi THPT,2021,15.0,Kỹ thuật điện tử - Viễn thông
151783,TDM,ky-thuat-dien-tu-vien-thong,C01,Điểm thi THPT,2021,15.0,Kỹ thuật điện tử - Viễn thông
151784,TDM,ky-thuat-dien-tu-vien-thong,D90,Điểm thi THPT,2021,15.0,Kỹ thuật điện tử - Viễn thông
151785,TDM,ky-thuat-dien-tu-vien-thong,A00,Điểm học bạ,2022,18.0,Kỹ thuật điện tử - Viễn thông
151786,TDM,ky-thuat-dien-tu-vien-thong,A01,Điểm học bạ,2022,18.0,Kỹ thuật điện tử - Viễn thông
151787,TDM,ky-thuat-dien-tu-vien-thong,C01,Điểm học bạ,2022,18.0,Kỹ thuật điện tử - Viễn thông
151788,TDM,ky-thuat-dien-tu-vien-thong,D90,Điểm học bạ,2022,18.0,Kỹ thuật điện tử - Viễn thông
151789,TDM,ky-thuat-dien-tu-vien-thong,A00,Điểm thi THPT,2022,15.0,Kỹ thuật điện tử - Viễn thông
151790,TDM,ky-thuat-dien-tu-vien-thong,A01,Điểm thi THPT,2022,15.0,Kỹ thuật điện tử - Viễn thông
151791,TDM,ky-thuat-dien-tu-vien-thong,C01,Điểm thi THPT,2022,15.0,Kỹ thuật điện tử - Viễn thông
151792,TDM,ky-thuat-dien-tu-vien-thong,D90,Điểm thi THPT,2022,15.0,Kỹ thuật điện tử - Viễn thông
151793,TDM,ky-thuat-dieu-khien-va-tu-dong-hoa,A00,Điểm học bạ,2021,17.0,Kỹ thuật Điều khiển và tự động hóa
151794,TDM,ky-thuat-dieu-khien-va-tu-dong-hoa,A01,Điểm học bạ,2021,17.0,Kỹ thuật Điều khiển và tự động hóa
151795,TDM,ky-thuat-dieu-khien-va-tu-dong-hoa,C01,Điểm học bạ,2021,17.0,Kỹ thuật Điều khiển và tự động hóa
151796,TDM,ky-thuat-dieu-khien-va-tu-dong-hoa,D90,Điểm học bạ,2021,17.0,Kỹ thuật Điều khiển và tự động hóa
151797,TDM,ky-thuat-dieu-khien-va-tu-dong-hoa,A00,Điểm thi THPT,2021,15.0,Kỹ thuật Điều khiển và tự động hóa
151798,TDM,ky-thuat-dieu-khien-va-tu-dong-hoa,A01,Điểm thi THPT,2021,15.0,Kỹ thuật Điều khiển và tự động hóa
151799,TDM,ky-thuat-dieu-khien-va-tu-dong-hoa,C01,Điểm thi THPT,2021,15.0,Kỹ thuật Điều khiển và tự động hóa
151800,TDM,ky-thuat-dieu-khien-va-tu-dong-hoa,D90,Điểm thi THPT,2021,15.0,Kỹ thuật Điều khiển và tự động hóa
151801,TDM,ky-thuat-dieu-khien-va-tu-dong-hoa,A00,Điểm học bạ,2022,17.0,Kỹ thuật Điều khiển và tự động hóa
151802,TDM,ky-thuat-dieu-khien-va-tu-dong-hoa,A01,Điểm học bạ,2022,17.0,Kỹ thuật Điều khiển và tự động hóa
151803,TDM,ky-thuat-dieu-khien-va-tu-dong-hoa,C01,Điểm học bạ,2022,17.0,Kỹ thuật Điều khiển và tự động hóa
151804,TDM,ky-thuat-dieu-khien-va-tu-dong-hoa,D90,Điểm học bạ,2022,17.0,Kỹ thuật Điều khiển và tự động hóa
151805,TDM,ky-thuat-dieu-khien-va-tu-dong-hoa,A00,Điểm thi THPT,2022,16.0,Kỹ thuật Điều khiển và tự động hóa
151806,TDM,ky-thuat-dieu-khien-va-tu-dong-hoa,A01,Điểm thi THPT,2022,16.0,Kỹ thuật Điều khiển và tự động hóa
151807,TDM,ky-thuat-dieu-khien-va-tu-dong-hoa,C01,Điểm thi THPT,2022,16.0,Kỹ thuật Điều khiển và tự động hóa
151808,TDM,ky-thuat-dieu-khien-va-tu-dong-hoa,D90,Điểm thi THPT,2022,16.0,Kỹ thuật Điều khiển và tự động hóa
151809,TDM,ky-thuat-dieu-khien-va-tu-dong-hoa,A00,Điểm học bạ,2023,23.0,Kỹ thuật điều khiển và tự động hóa
151810,TDM,ky-thuat-dieu-khien-va-tu-dong-hoa,A01,Điểm học bạ,2023,23.0,Kỹ thuật điều khiển và tự động hóa
151811,TDM,ky-thuat-dieu-khien-va-tu-dong-hoa,C01,Điểm học bạ,2023,23.0,Kỹ thuật điều khiển và tự động hóa
151812,TDM,ky-thuat-dieu-khien-va-tu-dong-hoa,D90,Điểm học bạ,2023,23.0,Kỹ thuật điều khiển và tự động hóa
151813,TDM,ky-thuat-dieu-khien-va-tu-dong-hoa,A00,Điểm thi THPT,2023,16.0,Kỹ thuật Điều khiến và tự động hóa
151814,TDM,ky-thuat-dieu-khien-va-tu-dong-hoa,A01,Điểm thi THPT,2023,16.0,Kỹ thuật Điều khiến và tự động hóa
151815,TDM,ky-thuat-dieu-khien-va-tu-dong-hoa,C01,Điểm thi THPT,2023,16.0,Kỹ thuật Điều khiến và tự động hóa
151816,TDM,ky-thuat-dieu-khien-va-tu-dong-hoa,D90,Điểm thi THPT,2023,16.0,Kỹ thuật Điều khiến và tự động hóa
151817,TDM,ky-thuat-dieu-khien-va-tu-dong-hoa,A00,Điểm học bạ,2024,20.0,Kỹ thuật Điều khiển và tự động hóa
151818,TDM,ky-thuat-dieu-khien-va-tu-dong-hoa,A01,Điểm học bạ,2024,20.0,Kỹ thuật Điều khiển và tự động hóa
151819,TDM,ky-thuat-dieu-khien-va-tu-dong-hoa,D01,Điểm học bạ,2024,20.0,Kỹ thuật Điều khiển và tự động hóa
151820,TDM,ky-thuat-dieu-khien-va-tu-dong-hoa,D90,Điểm học bạ,2024,20.0,Kỹ thuật Điều khiển và tự động hóa
151821,TDM,ky-thuat-dieu-khien-va-tu-dong-hoa,A00,Điểm thi THPT,2024,15.0,Kỹ thuật điều khiển và tự động hóa
151822,TDM,ky-thuat-dieu-khien-va-tu-dong-hoa,A01,Điểm thi THPT,2024,15.0,Kỹ thuật điều khiển và tự động hóa
151823,TDM,ky-thuat-dieu-khien-va-tu-dong-hoa,C01,Điểm thi THPT,2024,15.0,Kỹ thuật điều khiển và tự động hóa
151824,TDM,ky-thuat-dieu-khien-va-tu-dong-hoa,D90,Điểm thi THPT,2024,15.0,Kỹ thuật điều khiển và tự động hóa
151825,TDM,ky-thuat-dieu-khien-va-tu-dong-hoa,A00,Điểm học bạ,2025,21.25,Kỹ thuật điều khiển và tự động hoá
151826,TDM,ky-thuat-dieu-khien-va-tu-dong-hoa,A01,Điểm học bạ,2025,21.25,Kỹ thuật điều khiển và tự động hoá
151827,TDM,ky-thuat-dieu-khien-va-tu-dong-hoa,A02,Điểm học bạ,2025,21.25,Kỹ thuật điều khiển và tự động hoá
151828,TDM,ky-thuat-dieu-khien-va-tu-dong-hoa,A03,Điểm học bạ,2025,21.25,Kỹ thuật điều khiển và tự động hoá
151829,TDM,ky-thuat-dieu-khien-va-tu-dong-hoa,A04,Điểm học bạ,2025,21.25,Kỹ thuật điều khiển và tự động hoá
151830,TDM,ky-thuat-dieu-khien-va-tu-dong-hoa,C01,Điểm học bạ,2025,21.25,Kỹ thuật điều khiển và tự động hoá
151831,TDM,ky-thuat-dieu-khien-va-tu-dong-hoa,D01,Điểm học bạ,2025,21.25,Kỹ thuật điều khiển và tự động hoá
151832,TDM,ky-thuat-dieu-khien-va-tu-dong-hoa,X02,Điểm học bạ,2025,21.25,Kỹ thuật điều khiển và tự động hoá
151833,TDM,ky-thuat-dieu-khien-va-tu-dong-hoa,X05,Điểm học bạ,2025,21.25,Kỹ thuật điều khiển và tự động hoá
151834,TDM,ky-thuat-dieu-khien-va-tu-dong-hoa,X07,Điểm học bạ,2025,21.25,Kỹ thuật điều khiển và tự động hoá
151835,TDM,ky-thuat-dieu-khien-va-tu-dong-hoa,A00,Điểm thi THPT,2025,20.5,Kỹ thuật điều khiển và tự động hoá
151836,TDM,ky-thuat-dieu-khien-va-tu-dong-hoa,A01,Điểm thi THPT,2025,20.5,Kỹ thuật điều khiển và tự động hoá
151837,TDM,ky-thuat-dieu-khien-va-tu-dong-hoa,A02,Điểm thi THPT,2025,20.5,Kỹ thuật điều khiển và tự động hoá
151838,TDM,ky-thuat-dieu-khien-va-tu-dong-hoa,A03,Điểm thi THPT,2025,20.5,Kỹ thuật điều khiển và tự động hoá
151839,TDM,ky-thuat-dieu-khien-va-tu-dong-hoa,A04,Điểm thi THPT,2025,20.5,Kỹ thuật điều khiển và tự động hoá
151840,TDM,ky-thuat-dieu-khien-va-tu-dong-hoa,C01,Điểm thi THPT,2025,20.5,Kỹ thuật điều khiển và tự động hoá
151841,TDM,ky-thuat-dieu-khien-va-tu-dong-hoa,D01,Điểm thi THPT,2025,20.5,Kỹ thuật điều khiển và tự động hoá
151842,TDM,ky-thuat-dieu-khien-va-tu-dong-hoa,X02,Điểm thi THPT,2025,20.5,Kỹ thuật điều khiển và tự động hoá
151843,TDM,ky-thuat-dieu-khien-va-tu-dong-hoa,X05,Điểm thi THPT,2025,20.5,Kỹ thuật điều khiển và tự động hoá
151844,TDM,ky-thuat-dieu-khien-va-tu-dong-hoa,X07,Điểm thi THPT,2025,20.5,Kỹ thuật điều khiển và tự động hoá
151845,TDM,ky-thuat-moi-truong,A00,Điểm học bạ,2021,15.0,Kỹ thuật Môi trường
151846,TDM,ky-thuat-moi-truong,B00,Điểm học bạ,2021,15.0,Kỹ thuật Môi trường
151847,TDM,ky-thuat-moi-truong,B08,Điểm học bạ,2021,15.0,Kỹ thuật Môi trường
151848,TDM,ky-thuat-moi-truong,D01,Điểm học bạ,2021,15.0,Kỹ thuật Môi trường
151849,TDM,ky-thuat-moi-truong,A00,Điểm thi THPT,2021,15.0,Kỹ thuật Môi trường
151850,TDM,ky-thuat-moi-truong,B00,Điểm thi THPT,2021,15.0,Kỹ thuật Môi trường
151851,TDM,ky-thuat-moi-truong,B08,Điểm thi THPT,2021,15.0,Kỹ thuật Môi trường
151852,TDM,ky-thuat-moi-truong,D01,Điểm thi THPT,2021,15.0,Kỹ thuật Môi trường
151853,TDM,ky-thuat-moi-truong,A00,Điểm học bạ,2022,15.0,Kỹ thuật Môi trường
151854,TDM,ky-thuat-moi-truong,B00,Điểm học bạ,2022,15.0,Kỹ thuật Môi trường
151855,TDM,ky-thuat-moi-truong,B08,Điểm học bạ,2022,15.0,Kỹ thuật Môi trường
151856,TDM,ky-thuat-moi-truong,D01,Điểm học bạ,2022,15.0,Kỹ thuật Môi trường
151857,TDM,ky-thuat-moi-truong,A00,Điểm thi THPT,2022,15.0,Kỹ thuật Môi trường
151858,TDM,ky-thuat-moi-truong,B00,Điểm thi THPT,2022,15.0,Kỹ thuật Môi trường
151859,TDM,ky-thuat-moi-truong,B08,Điểm thi THPT,2022,15.0,Kỹ thuật Môi trường
151860,TDM,ky-thuat-moi-truong,D01,Điểm thi THPT,2022,15.0,Kỹ thuật Môi trường
151861,TDM,ky-thuat-moi-truong,A00,Điểm học bạ,2023,18.0,Kỹ thuật môi trường
151862,TDM,ky-thuat-moi-truong,B00,Điểm học bạ,2023,18.0,Kỹ thuật môi trường
151863,TDM,ky-thuat-moi-truong,B08,Điểm học bạ,2023,18.0,Kỹ thuật môi trường
151864,TDM,ky-thuat-moi-truong,D01,Điểm học bạ,2023,18.0,Kỹ thuật môi trường
151865,TDM,ky-thuat-moi-truong,A00,Điểm thi THPT,2023,15.5,Kỹ thuật Môi trường
151866,TDM,ky-thuat-moi-truong,B00,Điểm thi THPT,2023,15.5,Kỹ thuật Môi trường
151867,TDM,ky-thuat-moi-truong,B08,Điểm thi THPT,2023,15.5,Kỹ thuật Môi trường
151868,TDM,ky-thuat-moi-truong,D01,Điểm thi THPT,2023,15.5,Kỹ thuật Môi trường
151869,TDM,ky-thuat-moi-truong,A00,Điểm học bạ,2024,19.0,Kỹ thuật Môi trường
151870,TDM,ky-thuat-moi-truong,B00,Điểm học bạ,2024,19.0,Kỹ thuật Môi trường
151871,TDM,ky-thuat-moi-truong,B08,Điểm học bạ,2024,19.0,Kỹ thuật Môi trường
151872,TDM,ky-thuat-moi-truong,D01,Điểm học bạ,2024,19.0,Kỹ thuật Môi trường
151873,TDM,ky-thuat-moi-truong,A00,Điểm thi THPT,2024,15.0,Kỹ thuật môi trường
151874,TDM,ky-thuat-moi-truong,B00,Điểm thi THPT,2024,15.0,Kỹ thuật môi trường
151875,TDM,ky-thuat-moi-truong,B08,Điểm thi THPT,2024,15.0,Kỹ thuật môi trường
151876,TDM,ky-thuat-moi-truong,D01,Điểm thi THPT,2024,15.0,Kỹ thuật môi trường
151877,TDM,ky-thuat-moi-truong,A00,Điểm học bạ,2025,15.75,Kỹ thuật môi trường
151878,TDM,ky-thuat-moi-truong,B00,Điểm học bạ,2025,15.75,Kỹ thuật môi trường
151879,TDM,ky-thuat-moi-truong,B02,Điểm học bạ,2025,15.75,Kỹ thuật môi trường
151880,TDM,ky-thuat-moi-truong,B03,Điểm học bạ,2025,15.75,Kỹ thuật môi trường
151881,TDM,ky-thuat-moi-truong,B08,Điểm học bạ,2025,15.75,Kỹ thuật môi trường
151882,TDM,ky-thuat-moi-truong,C02,Điểm học bạ,2025,15.75,Kỹ thuật môi trường
151883,TDM,ky-thuat-moi-truong,D07,Điểm học bạ,2025,15.75,Kỹ thuật môi trường
151884,TDM,ky-thuat-moi-truong,X09,Điểm học bạ,2025,15.75,Kỹ thuật môi trường
151885,TDM,ky-thuat-moi-truong,X10,Điểm học bạ,2025,15.75,Kỹ thuật môi trường
151886,TDM,ky-thuat-moi-truong,X12,Điểm học bạ,2025,15.75,Kỹ thuật môi trường
151887,TDM,ky-thuat-moi-truong,A00,Điểm thi THPT,2025,15.0,Kỹ thuật môi trường
151888,TDM,ky-thuat-moi-truong,B00,Điểm thi THPT,2025,15.0,Kỹ thuật môi trường
151889,TDM,ky-thuat-moi-truong,B02,Điểm thi THPT,2025,15.0,Kỹ thuật môi trường
151890,TDM,ky-thuat-moi-truong,B03,Điểm thi THPT,2025,15.0,Kỹ thuật môi trường
151891,TDM,ky-thuat-moi-truong,B08,Điểm thi THPT,2025,15.0,Kỹ thuật môi trường
151892,TDM,ky-thuat-moi-truong,C02,Điểm thi THPT,2025,15.0,Kỹ thuật môi trường
151893,TDM,ky-thuat-moi-truong,D07,Điểm thi THPT,2025,15.0,Kỹ thuật môi trường
151894,TDM,ky-thuat-moi-truong,X09,Điểm thi THPT,2025,15.0,Kỹ thuật môi trường
151895,TDM,ky-thuat-moi-truong,X10,Điểm thi THPT,2025,15.0,Kỹ thuật môi trường
151896,TDM,ky-thuat-moi-truong,X12,Điểm thi THPT,2025,15.0,Kỹ thuật môi trường
151897,TDM,ky-thuat-phan-mem,A00,Điểm học bạ,2021,18.0,Kỹ thuật Phần mềm
151898,TDM,ky-thuat-phan-mem,A01,Điểm học bạ,2021,18.0,Kỹ thuật Phần mềm
151899,TDM,ky-thuat-phan-mem,C01,Điểm học bạ,2021,18.0,Kỹ thuật Phần mềm
151900,TDM,ky-thuat-phan-mem,D90,Điểm học bạ,2021,18.0,Kỹ thuật Phần mềm
151901,TDM,ky-thuat-phan-mem,A00,Điểm thi THPT,2021,16.0,Kỹ thuật Phần mềm
151902,TDM,ky-thuat-phan-mem,A01,Điểm thi THPT,2021,16.0,Kỹ thuật Phần mềm
151903,TDM,ky-thuat-phan-mem,C01,Điểm thi THPT,2021,16.0,Kỹ thuật Phần mềm
151904,TDM,ky-thuat-phan-mem,D90,Điểm thi THPT,2021,16.0,Kỹ thuật Phần mềm
151905,TDM,ky-thuat-phan-mem,A00,Điểm học bạ,2022,18.0,Kỹ thuật Phần mềm
151906,TDM,ky-thuat-phan-mem,A01,Điểm học bạ,2022,18.0,Kỹ thuật Phần mềm
151907,TDM,ky-thuat-phan-mem,C01,Điểm học bạ,2022,18.0,Kỹ thuật Phần mềm
151908,TDM,ky-thuat-phan-mem,D90,Điểm học bạ,2022,18.0,Kỹ thuật Phần mềm
151909,TDM,ky-thuat-phan-mem,A00,Điểm thi THPT,2022,16.0,Kỹ thuật Phần mềm
151910,TDM,ky-thuat-phan-mem,A01,Điểm thi THPT,2022,16.0,Kỹ thuật Phần mềm
151911,TDM,ky-thuat-phan-mem,C01,Điểm thi THPT,2022,16.0,Kỹ thuật Phần mềm
151912,TDM,ky-thuat-phan-mem,D90,Điểm thi THPT,2022,16.0,Kỹ thuật Phần mềm
151913,TDM,ky-thuat-phan-mem,A00,Điểm học bạ,2023,24.2,Kỹ thuật Phần mềm
151914,TDM,ky-thuat-phan-mem,A01,Điểm học bạ,2023,24.2,Kỹ thuật Phần mềm
151915,TDM,ky-thuat-phan-mem,C01,Điểm học bạ,2023,24.2,Kỹ thuật Phần mềm
151916,TDM,ky-thuat-phan-mem,D90,Điểm học bạ,2023,24.2,Kỹ thuật Phần mềm
151917,TDM,ky-thuat-phan-mem,A00,Điểm thi THPT,2023,16.0,Kỹ thuật Phần mềm
151918,TDM,ky-thuat-phan-mem,A01,Điểm thi THPT,2023,16.0,Kỹ thuật Phần mềm
151919,TDM,ky-thuat-phan-mem,C01,Điểm thi THPT,2023,16.0,Kỹ thuật Phần mềm
151920,TDM,ky-thuat-phan-mem,D90,Điểm thi THPT,2023,16.0,Kỹ thuật Phần mềm
151921,TDM,ky-thuat-phan-mem,A00,Điểm học bạ,2024,21.0,Kỹ thuật Phần mềm
151922,TDM,ky-thuat-phan-mem,A01,Điểm học bạ,2024,21.0,Kỹ thuật Phần mềm
151923,TDM,ky-thuat-phan-mem,D01,Điểm học bạ,2024,21.0,Kỹ thuật Phần mềm
151924,TDM,ky-thuat-phan-mem,D90,Điểm học bạ,2024,21.0,Kỹ thuật Phần mềm
151925,TDM,ky-thuat-phan-mem,A00,Điểm thi THPT,2024,17.0,Kỳ thuật phần mềm
151926,TDM,ky-thuat-phan-mem,A01,Điểm thi THPT,2024,17.0,Kỳ thuật phần mềm
151927,TDM,ky-thuat-phan-mem,C01,Điểm thi THPT,2024,17.0,Kỳ thuật phần mềm
151928,TDM,ky-thuat-phan-mem,D90,Điểm thi THPT,2024,17.0,Kỳ thuật phần mềm
151929,TDM,ky-thuat-phan-mem,A00,Điểm học bạ,2025,20.25,Kỹ thuật phần mềm
151930,TDM,ky-thuat-phan-mem,A01,Điểm học bạ,2025,20.25,Kỹ thuật phần mềm
151931,TDM,ky-thuat-phan-mem,A02,Điểm học bạ,2025,20.25,Kỹ thuật phần mềm
151932,TDM,ky-thuat-phan-mem,A03,Điểm học bạ,2025,20.25,Kỹ thuật phần mềm
151933,TDM,ky-thuat-phan-mem,A04,Điểm học bạ,2025,20.25,Kỹ thuật phần mềm
151934,TDM,ky-thuat-phan-mem,C01,Điểm học bạ,2025,20.25,Kỹ thuật phần mềm
151935,TDM,ky-thuat-phan-mem,D01,Điểm học bạ,2025,20.25,Kỹ thuật phần mềm
151936,TDM,ky-thuat-phan-mem,X01,Điểm học bạ,2025,20.25,Kỹ thuật phần mềm
151937,TDM,ky-thuat-phan-mem,X02,Điểm học bạ,2025,20.25,Kỹ thuật phần mềm
151938,TDM,ky-thuat-phan-mem,X03,Điểm học bạ,2025,20.25,Kỹ thuật phần mềm
151939,TDM,ky-thuat-phan-mem,A00,Điểm thi THPT,2025,19.5,Kỹ thuật phần mềm
151940,TDM,ky-thuat-phan-mem,A01,Điểm thi THPT,2025,19.5,Kỹ thuật phần mềm
151941,TDM,ky-thuat-phan-mem,A02,Điểm thi THPT,2025,19.5,Kỹ thuật phần mềm
151942,TDM,ky-thuat-phan-mem,A03,Điểm thi THPT,2025,19.5,Kỹ thuật phần mềm
151943,TDM,ky-thuat-phan-mem,A04,Điểm thi THPT,2025,19.5,Kỹ thuật phần mềm
151944,TDM,ky-thuat-phan-mem,C01,Điểm thi THPT,2025,19.5,Kỹ thuật phần mềm
151945,TDM,ky-thuat-phan-mem,D01,Điểm thi THPT,2025,19.5,Kỹ thuật phần mềm
151946,TDM,ky-thuat-phan-mem,X01,Điểm thi THPT,2025,19.5,Kỹ thuật phần mềm
151947,TDM,ky-thuat-phan-mem,X02,Điểm thi THPT,2025,19.5,Kỹ thuật phần mềm
151948,TDM,ky-thuat-phan-mem,X03,Điểm thi THPT,2025,19.5,Kỹ thuật phần mềm
151949,TDM,ky-thuat-xay-dung,A00,Điểm học bạ,2021,18.0,Kỹ thuật Xây dựng
151950,TDM,ky-thuat-xay-dung,A01,Điểm học bạ,2021,18.0,Kỹ thuật Xây dựng
151951,TDM,ky-thuat-xay-dung,C01,Điểm học bạ,2021,18.0,Kỹ thuật Xây dựng
151952,TDM,ky-thuat-xay-dung,D90,Điểm học bạ,2021,18.0,Kỹ thuật Xây dựng
151953,TDM,ky-thuat-xay-dung,A00,Điểm thi THPT,2021,15.0,Kỹ thuật Xây dựng
151954,TDM,ky-thuat-xay-dung,A01,Điểm thi THPT,2021,15.0,Kỹ thuật Xây dựng
151955,TDM,ky-thuat-xay-dung,C01,Điểm thi THPT,2021,15.0,Kỹ thuật Xây dựng
151956,TDM,ky-thuat-xay-dung,D90,Điểm thi THPT,2021,15.0,Kỹ thuật Xây dựng
151957,TDM,ky-thuat-xay-dung,A00,Điểm học bạ,2022,18.0,Kỹ thuật Xây dựng
151958,TDM,ky-thuat-xay-dung,A01,Điểm học bạ,2022,18.0,Kỹ thuật Xây dựng
151959,TDM,ky-thuat-xay-dung,C01,Điểm học bạ,2022,18.0,Kỹ thuật Xây dựng
151960,TDM,ky-thuat-xay-dung,D90,Điểm học bạ,2022,18.0,Kỹ thuật Xây dựng
151961,TDM,ky-thuat-xay-dung,A00,Điểm thi THPT,2022,15.5,Kỹ thuật Xây dựng
151962,TDM,ky-thuat-xay-dung,A01,Điểm thi THPT,2022,15.5,Kỹ thuật Xây dựng
151963,TDM,ky-thuat-xay-dung,C01,Điểm thi THPT,2022,15.5,Kỹ thuật Xây dựng
151964,TDM,ky-thuat-xay-dung,D90,Điểm thi THPT,2022,15.5,Kỹ thuật Xây dựng
151965,TDM,ky-thuat-xay-dung,A00,Điểm học bạ,2023,21.5,Kỹ thuật Xây dựng
151966,TDM,ky-thuat-xay-dung,A01,Điểm học bạ,2023,21.5,Kỹ thuật Xây dựng
151967,TDM,ky-thuat-xay-dung,C01,Điểm học bạ,2023,21.5,Kỹ thuật Xây dựng
151968,TDM,ky-thuat-xay-dung,D90,Điểm học bạ,2023,21.5,Kỹ thuật Xây dựng
151969,TDM,ky-thuat-xay-dung,A00,Điểm thi THPT,2023,16.0,Kỹ thuật Xây dựng
151970,TDM,ky-thuat-xay-dung,A01,Điểm thi THPT,2023,16.0,Kỹ thuật Xây dựng
151971,TDM,ky-thuat-xay-dung,C01,Điểm thi THPT,2023,16.0,Kỹ thuật Xây dựng
151972,TDM,ky-thuat-xay-dung,D90,Điểm thi THPT,2023,16.0,Kỹ thuật Xây dựng
151973,TDM,ky-thuat-xay-dung,A00,Điểm học bạ,2024,19.0,Kỹ thuật Xây dựng
151974,TDM,ky-thuat-xay-dung,A01,Điểm học bạ,2024,19.0,Kỹ thuật Xây dựng
151975,TDM,ky-thuat-xay-dung,D01,Điểm học bạ,2024,19.0,Kỹ thuật Xây dựng
151976,TDM,ky-thuat-xay-dung,D90,Điểm học bạ,2024,19.0,Kỹ thuật Xây dựng
151977,TDM,ky-thuat-xay-dung,A00,Điểm thi THPT,2024,15.0,Kỹ thuật xây dựng
151978,TDM,ky-thuat-xay-dung,A01,Điểm thi THPT,2024,15.0,Kỹ thuật xây dựng
151979,TDM,ky-thuat-xay-dung,C01,Điểm thi THPT,2024,15.0,Kỹ thuật xây dựng
151980,TDM,ky-thuat-xay-dung,D90,Điểm thi THPT,2024,15.0,Kỹ thuật xây dựng
151981,TDM,ky-thuat-xay-dung,A00,Điểm học bạ,2025,15.75,Kỹ thuật xây dựng
151982,TDM,ky-thuat-xay-dung,A01,Điểm học bạ,2025,15.75,Kỹ thuật xây dựng
151983,TDM,ky-thuat-xay-dung,C01,Điểm học bạ,2025,15.75,Kỹ thuật xây dựng
151984,TDM,ky-thuat-xay-dung,C02,Điểm học bạ,2025,15.75,Kỹ thuật xây dựng
151985,TDM,ky-thuat-xay-dung,D01,Điểm học bạ,2025,15.75,Kỹ thuật xây dựng
151986,TDM,ky-thuat-xay-dung,D07,Điểm học bạ,2025,15.75,Kỹ thuật xây dựng
151987,TDM,ky-thuat-xay-dung,X01,Điểm học bạ,2025,15.75,Kỹ thuật xây dựng
151988,TDM,ky-thuat-xay-dung,X02,Điểm học bạ,2025,15.75,Kỹ thuật xây dựng
151989,TDM,ky-thuat-xay-dung,X05,Điểm học bạ,2025,15.75,Kỹ thuật xây dựng
151990,TDM,ky-thuat-xay-dung,X12,Điểm học bạ,2025,15.75,Kỹ thuật xây dựng
151991,TDM,ky-thuat-xay-dung,A00,Điểm thi THPT,2025,15.0,Kỹ thuật xây dựng
151992,TDM,ky-thuat-xay-dung,A01,Điểm thi THPT,2025,15.0,Kỹ thuật xây dựng
151993,TDM,ky-thuat-xay-dung,C01,Điểm thi THPT,2025,15.0,Kỹ thuật xây dựng
151994,TDM,ky-thuat-xay-dung,C02,Điểm thi THPT,2025,15.0,Kỹ thuật xây dựng
151995,TDM,ky-thuat-xay-dung,D01,Điểm thi THPT,2025,15.0,Kỹ thuật xây dựng
151996,TDM,ky-thuat-xay-dung,D07,Điểm thi THPT,2025,15.0,Kỹ thuật xây dựng
151997,TDM,ky-thuat-xay-dung,X01,Điểm thi THPT,2025,15.0,Kỹ thuật xây dựng
151998,TDM,ky-thuat-xay-dung,X02,Điểm thi THPT,2025,15.0,Kỹ thuật xây dựng
151999,TDM,ky-thuat-xay-dung,X05,Điểm thi THPT,2025,15.0,Kỹ thuật xây dựng
152000,TDM,ky-thuat-xay-dung,X12,Điểm thi THPT,2025,15.0,Kỹ thuật xây dựng
152001,TDM,logistics-va-quan-ly-chuoi-cung-ung,A00,Điểm học bạ,2021,20.0,Logistics và Quản lý chuỗi cung ứng
152002,TDM,logistics-va-quan-ly-chuoi-cung-ung,A01,Điểm học bạ,2021,20.0,Logistics và Quản lý chuỗi cung ứng
152003,TDM,logistics-va-quan-ly-chuoi-cung-ung,D01,Điểm học bạ,2021,20.0,Logistics và Quản lý chuỗi cung ứng
152004,TDM,logistics-va-quan-ly-chuoi-cung-ung,D90,Điểm học bạ,2021,20.0,Logistics và Quản lý chuỗi cung ứng
152005,TDM,logistics-va-quan-ly-chuoi-cung-ung,A00,Điểm thi THPT,2021,17.5,Logistics và Quản lý chuỗi cung ứng
152006,TDM,logistics-va-quan-ly-chuoi-cung-ung,A01,Điểm thi THPT,2021,17.5,Logistics và Quản lý chuỗi cung ứng
152007,TDM,logistics-va-quan-ly-chuoi-cung-ung,D01,Điểm thi THPT,2021,17.5,Logistics và Quản lý chuỗi cung ứng
152008,TDM,logistics-va-quan-ly-chuoi-cung-ung,D90,Điểm thi THPT,2021,17.5,Logistics và Quản lý chuỗi cung ứng
152009,TDM,logistics-va-quan-ly-chuoi-cung-ung,A00,Điểm học bạ,2022,22.0,Logistics và Quản lý chuỗi cung ứng
152010,TDM,logistics-va-quan-ly-chuoi-cung-ung,A01,Điểm học bạ,2022,22.0,Logistics và Quản lý chuỗi cung ứng
152011,TDM,logistics-va-quan-ly-chuoi-cung-ung,D01,Điểm học bạ,2022,22.0,Logistics và Quản lý chuỗi cung ứng
152012,TDM,logistics-va-quan-ly-chuoi-cung-ung,D90,Điểm học bạ,2022,22.0,Logistics và Quản lý chuỗi cung ứng
152013,TDM,logistics-va-quan-ly-chuoi-cung-ung,A00,Điểm thi THPT,2022,19.0,Logistics và Quản lý chuỗi cung ứng
152014,TDM,logistics-va-quan-ly-chuoi-cung-ung,A01,Điểm thi THPT,2022,19.0,Logistics và Quản lý chuỗi cung ứng
152015,TDM,logistics-va-quan-ly-chuoi-cung-ung,D01,Điểm thi THPT,2022,19.0,Logistics và Quản lý chuỗi cung ứng
152016,TDM,logistics-va-quan-ly-chuoi-cung-ung,D90,Điểm thi THPT,2022,19.0,Logistics và Quản lý chuỗi cung ứng
152017,TDM,logistics-va-quan-ly-chuoi-cung-ung,A00,Điểm học bạ,2023,26.1,Logistics và Quản lý chuỗi cung ứng
152018,TDM,logistics-va-quan-ly-chuoi-cung-ung,A01,Điểm học bạ,2023,26.1,Logistics và Quản lý chuỗi cung ứng
152019,TDM,logistics-va-quan-ly-chuoi-cung-ung,C01,Điểm học bạ,2023,26.1,Logistics và Quản lý chuỗi cung ứng
152020,TDM,logistics-va-quan-ly-chuoi-cung-ung,D90,Điểm học bạ,2023,26.1,Logistics và Quản lý chuỗi cung ứng
152021,TDM,logistics-va-quan-ly-chuoi-cung-ung,A00,Điểm thi THPT,2023,21.75,Logistics và Quản lý chuỗi cung ứng
152022,TDM,logistics-va-quan-ly-chuoi-cung-ung,A01,Điểm thi THPT,2023,21.75,Logistics và Quản lý chuỗi cung ứng
152023,TDM,logistics-va-quan-ly-chuoi-cung-ung,D01,Điểm thi THPT,2023,21.75,Logistics và Quản lý chuỗi cung ứng
152024,TDM,logistics-va-quan-ly-chuoi-cung-ung,D90,Điểm thi THPT,2023,21.75,Logistics và Quản lý chuỗi cung ứng
152025,TDM,logistics-va-quan-ly-chuoi-cung-ung,A00,Điểm học bạ,2024,25.6,Logistics và Quản lý chuỗi cung ứng
152026,TDM,logistics-va-quan-ly-chuoi-cung-ung,A01,Điểm học bạ,2024,25.6,Logistics và Quản lý chuỗi cung ứng
152027,TDM,logistics-va-quan-ly-chuoi-cung-ung,D01,Điểm học bạ,2024,25.6,Logistics và Quản lý chuỗi cung ứng
152028,TDM,logistics-va-quan-ly-chuoi-cung-ung,D90,Điểm học bạ,2024,25.6,Logistics và Quản lý chuỗi cung ứng
152029,TDM,logistics-va-quan-ly-chuoi-cung-ung,A00,Điểm thi THPT,2024,22.3,Logistics và Quản lý chuỗi cung ứng
152030,TDM,logistics-va-quan-ly-chuoi-cung-ung,A01,Điểm thi THPT,2024,22.3,Logistics và Quản lý chuỗi cung ứng
152031,TDM,logistics-va-quan-ly-chuoi-cung-ung,D01,Điểm thi THPT,2024,22.3,Logistics và Quản lý chuỗi cung ứng
152032,TDM,logistics-va-quan-ly-chuoi-cung-ung,D90,Điểm thi THPT,2024,22.3,Logistics và Quản lý chuỗi cung ứng
152033,TDM,logistics-va-quan-ly-chuoi-cung-ung,A00,Điểm học bạ,2025,25.25,Logistics và quản lý chuỗi cung ứng
152034,TDM,logistics-va-quan-ly-chuoi-cung-ung,A01,Điểm học bạ,2025,25.25,Logistics và quản lý chuỗi cung ứng
152035,TDM,logistics-va-quan-ly-chuoi-cung-ung,A02,Điểm học bạ,2025,25.25,Logistics và quản lý chuỗi cung ứng
152036,TDM,logistics-va-quan-ly-chuoi-cung-ung,C01,Điểm học bạ,2025,25.25,Logistics và quản lý chuỗi cung ứng
152037,TDM,logistics-va-quan-ly-chuoi-cung-ung,D01,Điểm học bạ,2025,25.25,Logistics và quản lý chuỗi cung ứng
152038,TDM,logistics-va-quan-ly-chuoi-cung-ung,D07,Điểm học bạ,2025,25.25,Logistics và quản lý chuỗi cung ứng
152039,TDM,logistics-va-quan-ly-chuoi-cung-ung,X01,Điểm học bạ,2025,25.25,Logistics và quản lý chuỗi cung ứng
152040,TDM,logistics-va-quan-ly-chuoi-cung-ung,X02,Điểm học bạ,2025,25.25,Logistics và quản lý chuỗi cung ứng
152041,TDM,logistics-va-quan-ly-chuoi-cung-ung,X03,Điểm học bạ,2025,25.25,Logistics và quản lý chuỗi cung ứng
152042,TDM,logistics-va-quan-ly-chuoi-cung-ung,X09,Điểm học bạ,2025,25.25,Logistics và quản lý chuỗi cung ứng
152043,TDM,logistics-va-quan-ly-chuoi-cung-ung,A00,Điểm thi THPT,2025,24.5,Logistics và quản lý chuỗi cung ứng
152044,TDM,logistics-va-quan-ly-chuoi-cung-ung,A01,Điểm thi THPT,2025,24.5,Logistics và quản lý chuỗi cung ứng
152045,TDM,logistics-va-quan-ly-chuoi-cung-ung,A02,Điểm thi THPT,2025,24.5,Logistics và quản lý chuỗi cung ứng
152046,TDM,logistics-va-quan-ly-chuoi-cung-ung,C01,Điểm thi THPT,2025,24.5,Logistics và quản lý chuỗi cung ứng
152047,TDM,logistics-va-quan-ly-chuoi-cung-ung,D01,Điểm thi THPT,2025,24.5,Logistics và quản lý chuỗi cung ứng
152048,TDM,logistics-va-quan-ly-chuoi-cung-ung,D07,Điểm thi THPT,2025,24.5,Logistics và quản lý chuỗi cung ứng
152049,TDM,logistics-va-quan-ly-chuoi-cung-ung,X01,Điểm thi THPT,2025,24.5,Logistics và quản lý chuỗi cung ứng
152050,TDM,logistics-va-quan-ly-chuoi-cung-ung,X02,Điểm thi THPT,2025,24.5,Logistics và quản lý chuỗi cung ứng
152051,TDM,logistics-va-quan-ly-chuoi-cung-ung,X03,Điểm thi THPT,2025,24.5,Logistics và quản lý chuỗi cung ứng
152052,TDM,logistics-va-quan-ly-chuoi-cung-ung,X09,Điểm thi THPT,2025,24.5,Logistics và quản lý chuỗi cung ứng
152053,TDM,luat,A16,Điểm học bạ,2021,20.0,Luật
152054,TDM,luat,C00,Điểm học bạ,2021,20.0,Luật
152055,TDM,luat,C14,Điểm học bạ,2021,20.0,Luật
152056,TDM,luat,D01,Điểm học bạ,2021,20.0,Luật
152057,TDM,luat,A16,Điểm thi THPT,2021,17.5,Luật
152058,TDM,luat,C00,Điểm thi THPT,2021,17.5,Luật
152059,TDM,luat,C14,Điểm thi THPT,2021,17.5,Luật
152060,TDM,luat,D01,Điểm thi THPT,2021,17.5,Luật
152061,TDM,luat,A16,Điểm học bạ,2022,21.25,Luật
152062,TDM,luat,C00,Điểm học bạ,2022,21.25,Luật
152063,TDM,luat,C14,Điểm học bạ,2022,21.25,Luật
152064,TDM,luat,D01,Điểm học bạ,2022,21.25,Luật
152065,TDM,luat,A16,Điểm thi THPT,2022,18.5,Luật
152066,TDM,luat,C00,Điểm thi THPT,2022,18.5,Luật
152067,TDM,luat,C14,Điểm thi THPT,2022,18.5,Luật
152068,TDM,luat,D01,Điểm thi THPT,2022,18.5,Luật
152069,TDM,luat,A16,Điểm học bạ,2023,25.6,Luật
152070,TDM,luat,C00,Điểm học bạ,2023,25.6,Luật
152071,TDM,luat,C14,Điểm học bạ,2023,25.6,Luật
152072,TDM,luat,D01,Điểm học bạ,2023,25.6,Luật
152073,TDM,luat,A16,Điểm thi THPT,2023,23.25,Luật
152074,TDM,luat,C00,Điểm thi THPT,2023,23.25,Luật
152075,TDM,luat,C14,Điểm thi THPT,2023,23.25,Luật
152076,TDM,luat,D01,Điểm thi THPT,2023,23.25,Luật
152077,TDM,luat,A16,Điểm học bạ,2024,8.2,Luật
152078,TDM,luat,C00,Điểm học bạ,2024,8.2,Luật
152079,TDM,luat,C14,Điểm học bạ,2024,8.2,Luật
152080,TDM,luat,D01,Điểm học bạ,2024,8.2,Luật
152081,TDM,luat,A16,Điểm thi THPT,2024,24.0,Luật
152082,TDM,luat,C00,Điểm thi THPT,2024,24.0,Luật
152083,TDM,luat,C14,Điểm thi THPT,2024,24.0,Luật
152084,TDM,luat,D01,Điểm thi THPT,2024,24.0,Luật
152085,TDM,luat,C00,Điểm học bạ,2025,23.5,Luật
152086,TDM,luat,C03,Điểm học bạ,2025,23.5,Luật
152087,TDM,luat,C04,Điểm học bạ,2025,23.5,Luật
152088,TDM,luat,C07,Điểm học bạ,2025,23.5,Luật
152089,TDM,luat,D01,Điểm học bạ,2025,23.5,Luật
152090,TDM,luat,D14,Điểm học bạ,2025,23.5,Luật
152091,TDM,luat,D15,Điểm học bạ,2025,23.5,Luật
152092,TDM,luat,X01,Điểm học bạ,2025,23.5,Luật
152093,TDM,luat,X70,Điểm học bạ,2025,23.5,Luật
152094,TDM,luat,X74,Điểm học bạ,2025,23.5,Luật
152095,TDM,luat,C00,Điểm thi THPT,2025,22.75,Luật
152096,TDM,luat,C03,Điểm thi THPT,2025,22.75,Luật
152097,TDM,luat,C04,Điểm thi THPT,2025,22.75,Luật
152098,TDM,luat,C07,Điểm thi THPT,2025,22.75,Luật
152099,TDM,luat,D01,Điểm thi THPT,2025,22.75,Luật
152100,TDM,luat,D14,Điểm thi THPT,2025,22.75,Luật
152101,TDM,luat,D15,Điểm thi THPT,2025,22.75,Luật
152102,TDM,luat,X01,Điểm thi THPT,2025,22.75,Luật
152103,TDM,luat,X70,Điểm thi THPT,2025,22.75,Luật
152104,TDM,luat,X74,Điểm thi THPT,2025,22.75,Luật
152105,TDM,marketing,A00,Điểm học bạ,2022,23.0,Marketing
152106,TDM,marketing,A01,Điểm học bạ,2022,23.0,Marketing
152107,TDM,marketing,A16,Điểm học bạ,2022,23.0,Marketing
152108,TDM,marketing,D01,Điểm học bạ,2022,23.0,Marketing
152109,TDM,marketing,A00,Điểm thi THPT,2022,23.0,Marketing
152110,TDM,marketing,A01,Điểm thi THPT,2022,23.0,Marketing
152111,TDM,marketing,A16,Điểm thi THPT,2022,23.0,Marketing
152112,TDM,marketing,D01,Điểm thi THPT,2022,23.0,Marketing
152113,TDM,marketing,A00,Điểm học bạ,2023,27.5,Marketing
152114,TDM,marketing,A01,Điểm học bạ,2023,27.5,Marketing
152115,TDM,marketing,A16,Điểm học bạ,2023,27.5,Marketing
152116,TDM,marketing,D01,Điểm học bạ,2023,27.5,Marketing
152117,TDM,marketing,A00,Điểm thi THPT,2023,22.5,Marketing
152118,TDM,marketing,A01,Điểm thi THPT,2023,22.5,Marketing
152119,TDM,marketing,A16,Điểm thi THPT,2023,22.5,Marketing
152120,TDM,marketing,D01,Điểm thi THPT,2023,22.5,Marketing
152121,TDM,marketing,A00,Điểm học bạ,2024,26.5,Marketing
152122,TDM,marketing,A01,Điểm học bạ,2024,26.5,Marketing
152123,TDM,marketing,A16,Điểm học bạ,2024,26.5,Marketing
152124,TDM,marketing,D01,Điểm học bạ,2024,26.5,Marketing
152125,TDM,marketing,A00,Điểm thi THPT,2024,23.1,Marketing
152126,TDM,marketing,A01,Điểm thi THPT,2024,23.1,Marketing
152127,TDM,marketing,A16,Điểm thi THPT,2024,23.1,Marketing
152128,TDM,marketing,D01,Điểm thi THPT,2024,23.1,Marketing
152129,TDM,marketing,A00,Điểm học bạ,2025,25.25,Marketing
152130,TDM,marketing,A01,Điểm học bạ,2025,25.25,Marketing
152131,TDM,marketing,A02,Điểm học bạ,2025,25.25,Marketing
152132,TDM,marketing,C01,Điểm học bạ,2025,25.25,Marketing
152133,TDM,marketing,D01,Điểm học bạ,2025,25.25,Marketing
152134,TDM,marketing,D07,Điểm học bạ,2025,25.25,Marketing
152135,TDM,marketing,X01,Điểm học bạ,2025,25.25,Marketing
152136,TDM,marketing,X02,Điểm học bạ,2025,25.25,Marketing
152137,TDM,marketing,X03,Điểm học bạ,2025,25.25,Marketing
152138,TDM,marketing,X09,Điểm học bạ,2025,25.25,Marketing
152139,TDM,marketing,A00,Điểm thi THPT,2025,24.5,Marketing
152140,TDM,marketing,A01,Điểm thi THPT,2025,24.5,Marketing
152141,TDM,marketing,A02,Điểm thi THPT,2025,24.5,Marketing
152142,TDM,marketing,C01,Điểm thi THPT,2025,24.5,Marketing
152143,TDM,marketing,D01,Điểm thi THPT,2025,24.5,Marketing
152144,TDM,marketing,D07,Điểm thi THPT,2025,24.5,Marketing
152145,TDM,marketing,X01,Điểm thi THPT,2025,24.5,Marketing
152146,TDM,marketing,X02,Điểm thi THPT,2025,24.5,Marketing
152147,TDM,marketing,X03,Điểm thi THPT,2025,24.5,Marketing
152148,TDM,marketing,X09,Điểm thi THPT,2025,24.5,Marketing
152149,TDM,my-thuat,D01,Điểm học bạ,2022,16.0,Mỹ thuật (Mỹ thuật ứng dụng)
152150,TDM,my-thuat,V00,Điểm học bạ,2022,16.0,Mỹ thuật (Mỹ thuật ứng dụng)
152151,TDM,my-thuat,V01,Điểm học bạ,2022,16.0,Mỹ thuật (Mỹ thuật ứng dụng)
152152,TDM,my-thuat,V05,Điểm học bạ,2022,16.0,Mỹ thuật (Mỹ thuật ứng dụng)
152153,TDM,my-thuat,D01,Điểm thi THPT,2022,15.25,Mỹ thuật (Mỹ thuật ứng dụng)
152154,TDM,my-thuat,V00,Điểm thi THPT,2022,15.25,Mỹ thuật (Mỹ thuật ứng dụng)
152155,TDM,my-thuat,V01,Điểm thi THPT,2022,15.25,Mỹ thuật (Mỹ thuật ứng dụng)
152156,TDM,my-thuat,V05,Điểm thi THPT,2022,15.25,Mỹ thuật (Mỹ thuật ứng dụng)
152157,TDM,my-thuat-ung-dung,D01,Điểm học bạ,2021,16.0,Mỹ thuật ứng dụng (Mỹ thuật)
152158,TDM,my-thuat-ung-dung,V00,Điểm học bạ,2021,16.0,Mỹ thuật ứng dụng (Mỹ thuật)
152159,TDM,my-thuat-ung-dung,V01,Điểm học bạ,2021,16.0,Mỹ thuật ứng dụng (Mỹ thuật)
152160,TDM,my-thuat-ung-dung,V05,Điểm học bạ,2021,16.0,Mỹ thuật ứng dụng (Mỹ thuật)
152161,TDM,my-thuat-ung-dung,D01,Điểm thi THPT,2021,15.0,Mỹ thuật ứng dụng (Mỹ thuật)
152162,TDM,my-thuat-ung-dung,V00,Điểm thi THPT,2021,15.0,Mỹ thuật ứng dụng (Mỹ thuật)
152163,TDM,my-thuat-ung-dung,V01,Điểm thi THPT,2021,15.0,Mỹ thuật ứng dụng (Mỹ thuật)
152164,TDM,my-thuat-ung-dung,V05,Điểm thi THPT,2021,15.0,Mỹ thuật ứng dụng (Mỹ thuật)
152165,TDM,ngon-ngu-anh,A01,Điểm học bạ,2021,20.0,Ngôn ngữ Anh
152166,TDM,ngon-ngu-anh,D01,Điểm học bạ,2021,20.0,Ngôn ngữ Anh
152167,TDM,ngon-ngu-anh,D15,Điểm học bạ,2021,20.0,Ngôn ngữ Anh
152168,TDM,ngon-ngu-anh,D78,Điểm học bạ,2021,20.0,Ngôn ngữ Anh
152169,TDM,ngon-ngu-anh,A01,Điểm thi THPT,2021,17.5,Ngôn ngữ Anh
152170,TDM,ngon-ngu-anh,D01,Điểm thi THPT,2021,17.5,Ngôn ngữ Anh
152171,TDM,ngon-ngu-anh,D15,Điểm thi THPT,2021,17.5,Ngôn ngữ Anh
152172,TDM,ngon-ngu-anh,D78,Điểm thi THPT,2021,17.5,Ngôn ngữ Anh
152173,TDM,ngon-ngu-anh,A01,Điểm học bạ,2022,22.0,Ngôn ngữ Anh
152174,TDM,ngon-ngu-anh,D01,Điểm học bạ,2022,22.0,Ngôn ngữ Anh
152175,TDM,ngon-ngu-anh,D15,Điểm học bạ,2022,22.0,Ngôn ngữ Anh
152176,TDM,ngon-ngu-anh,D78,Điểm học bạ,2022,22.0,Ngôn ngữ Anh
152177,TDM,ngon-ngu-anh,A01,Điểm thi THPT,2022,18.0,Ngôn ngữ Anh
152178,TDM,ngon-ngu-anh,D01,Điểm thi THPT,2022,18.0,Ngôn ngữ Anh
152179,TDM,ngon-ngu-anh,D15,Điểm thi THPT,2022,18.0,Ngôn ngữ Anh
152180,TDM,ngon-ngu-anh,D78,Điểm thi THPT,2022,18.0,Ngôn ngữ Anh
152181,TDM,ngon-ngu-anh,A01,Điểm học bạ,2023,24.7,Ngôn ngữ Anh
152182,TDM,ngon-ngu-anh,D01,Điểm học bạ,2023,24.7,Ngôn ngữ Anh
152183,TDM,ngon-ngu-anh,D15,Điểm học bạ,2023,24.7,Ngôn ngữ Anh
152184,TDM,ngon-ngu-anh,D78,Điểm học bạ,2023,24.7,Ngôn ngữ Anh
152185,TDM,ngon-ngu-anh,A01,Điểm thi THPT,2023,20.5,Ngôn ngữ Anh
152186,TDM,ngon-ngu-anh,D01,Điểm thi THPT,2023,20.5,Ngôn ngữ Anh
152187,TDM,ngon-ngu-anh,D15,Điểm thi THPT,2023,20.5,Ngôn ngữ Anh
152188,TDM,ngon-ngu-anh,D78,Điểm thi THPT,2023,20.5,Ngôn ngữ Anh
152189,TDM,ngon-ngu-anh,A01,Điểm học bạ,2024,25.0,Ngôn ngữ Anh
152190,TDM,ngon-ngu-anh,D01,Điểm học bạ,2024,25.0,Ngôn ngữ Anh
152191,TDM,ngon-ngu-anh,D15,Điểm học bạ,2024,25.0,Ngôn ngữ Anh
152192,TDM,ngon-ngu-anh,D78,Điểm học bạ,2024,25.0,Ngôn ngữ Anh
152193,TDM,ngon-ngu-anh,A01,Điểm thi THPT,2024,22.9,Ngôn ngữ Anh
152194,TDM,ngon-ngu-anh,D01,Điểm thi THPT,2024,22.9,Ngôn ngữ Anh
152195,TDM,ngon-ngu-anh,D15,Điểm thi THPT,2024,22.9,Ngôn ngữ Anh
152196,TDM,ngon-ngu-anh,D78,Điểm thi THPT,2024,22.9,Ngôn ngữ Anh
152197,TDM,ngon-ngu-anh,D01,Điểm học bạ,2025,23.0,Ngôn ngữ Anh
152198,TDM,ngon-ngu-anh,D11,Điểm học bạ,2025,23.0,Ngôn ngữ Anh
152199,TDM,ngon-ngu-anh,D12,Điểm học bạ,2025,23.0,Ngôn ngữ Anh
152200,TDM,ngon-ngu-anh,D13,Điểm học bạ,2025,23.0,Ngôn ngữ Anh
152201,TDM,ngon-ngu-anh,D14,Điểm học bạ,2025,23.0,Ngôn ngữ Anh
152202,TDM,ngon-ngu-anh,D15,Điểm học bạ,2025,23.0,Ngôn ngữ Anh
152203,TDM,ngon-ngu-anh,X78,Điểm học bạ,2025,23.0,Ngôn ngữ Anh
152204,TDM,ngon-ngu-anh,X79,Điểm học bạ,2025,23.0,Ngôn ngữ Anh
152205,TDM,ngon-ngu-anh,X80,Điểm học bạ,2025,23.0,Ngôn ngữ Anh
152206,TDM,ngon-ngu-anh,X81,Điểm học bạ,2025,23.0,Ngôn ngữ Anh
152207,TDM,ngon-ngu-anh,D01,Điểm thi THPT,2025,22.25,Ngôn ngữ Anh
152208,TDM,ngon-ngu-anh,D11,Điểm thi THPT,2025,22.25,Ngôn ngữ Anh
152209,TDM,ngon-ngu-anh,D12,Điểm thi THPT,2025,22.25,Ngôn ngữ Anh
152210,TDM,ngon-ngu-anh,D13,Điểm thi THPT,2025,22.25,Ngôn ngữ Anh
152211,TDM,ngon-ngu-anh,D14,Điểm thi THPT,2025,22.25,Ngôn ngữ Anh
152212,TDM,ngon-ngu-anh,D15,Điểm thi THPT,2025,22.25,Ngôn ngữ Anh
152213,TDM,ngon-ngu-anh,X78,Điểm thi THPT,2025,22.25,Ngôn ngữ Anh
152214,TDM,ngon-ngu-anh,X79,Điểm thi THPT,2025,22.25,Ngôn ngữ Anh
152215,TDM,ngon-ngu-anh,X80,Điểm thi THPT,2025,22.25,Ngôn ngữ Anh
152216,TDM,ngon-ngu-anh,X81,Điểm thi THPT,2025,22.25,Ngôn ngữ Anh
152217,TDM,ngon-ngu-han-quoc,A01,Điểm học bạ,2021,20.0,Ngôn ngữ Hàn Quốc
152218,TDM,ngon-ngu-han-quoc,D01,Điểm học bạ,2021,20.0,Ngôn ngữ Hàn Quốc
152219,TDM,ngon-ngu-han-quoc,D15,Điểm học bạ,2021,20.0,Ngôn ngữ Hàn Quốc
152220,TDM,ngon-ngu-han-quoc,D78,Điểm học bạ,2021,20.0,Ngôn ngữ Hàn Quốc
152221,TDM,ngon-ngu-han-quoc,A01,Điểm thi THPT,2021,18.0,Ngôn ngữ Hàn Quốc
152222,TDM,ngon-ngu-han-quoc,D01,Điểm thi THPT,2021,18.0,Ngôn ngữ Hàn Quốc
152223,TDM,ngon-ngu-han-quoc,D15,Điểm thi THPT,2021,18.0,Ngôn ngữ Hàn Quốc
152224,TDM,ngon-ngu-han-quoc,D78,Điểm thi THPT,2021,18.0,Ngôn ngữ Hàn Quốc
152225,TDM,ngon-ngu-han-quoc,A01,Điểm học bạ,2022,21.0,Ngôn ngữ Hàn Quốc
152226,TDM,ngon-ngu-han-quoc,D01,Điểm học bạ,2022,21.0,Ngôn ngữ Hàn Quốc
152227,TDM,ngon-ngu-han-quoc,D15,Điểm học bạ,2022,21.0,Ngôn ngữ Hàn Quốc
152228,TDM,ngon-ngu-han-quoc,D78,Điểm học bạ,2022,21.0,Ngôn ngữ Hàn Quốc
152229,TDM,ngon-ngu-han-quoc,A01,Điểm thi THPT,2022,19.0,Ngôn ngữ Hàn Quốc
152230,TDM,ngon-ngu-han-quoc,D01,Điểm thi THPT,2022,19.0,Ngôn ngữ Hàn Quốc
152231,TDM,ngon-ngu-han-quoc,D15,Điểm thi THPT,2022,19.0,Ngôn ngữ Hàn Quốc
152232,TDM,ngon-ngu-han-quoc,D78,Điểm thi THPT,2022,19.0,Ngôn ngữ Hàn Quốc
152233,TDM,ngon-ngu-han-quoc,A01,Điểm học bạ,2023,24.6,Ngôn ngữ Hàn Quốc
152234,TDM,ngon-ngu-han-quoc,D01,Điểm học bạ,2023,24.6,Ngôn ngữ Hàn Quốc
152235,TDM,ngon-ngu-han-quoc,D15,Điểm học bạ,2023,24.6,Ngôn ngữ Hàn Quốc
152236,TDM,ngon-ngu-han-quoc,D78,Điểm học bạ,2023,24.6,Ngôn ngữ Hàn Quốc
152237,TDM,ngon-ngu-han-quoc,A01,Điểm thi THPT,2023,21.0,Ngôn ngữ Hàn Quốc
152238,TDM,ngon-ngu-han-quoc,D01,Điểm thi THPT,2023,21.0,Ngôn ngữ Hàn Quốc
152239,TDM,ngon-ngu-han-quoc,D15,Điểm thi THPT,2023,21.0,Ngôn ngữ Hàn Quốc
152240,TDM,ngon-ngu-han-quoc,D78,Điểm thi THPT,2023,21.0,Ngôn ngữ Hàn Quốc
152241,TDM,ngon-ngu-han-quoc,A01,Điểm học bạ,2024,25.0,Ngôn ngữ Hàn Quốc
152242,TDM,ngon-ngu-han-quoc,D01,Điểm học bạ,2024,25.0,Ngôn ngữ Hàn Quốc
152243,TDM,ngon-ngu-han-quoc,D15,Điểm học bạ,2024,25.0,Ngôn ngữ Hàn Quốc
152244,TDM,ngon-ngu-han-quoc,D78,Điểm học bạ,2024,25.0,Ngôn ngữ Hàn Quốc
152245,TDM,ngon-ngu-han-quoc,A01,Điểm thi THPT,2024,21.5,Ngôn ngữ Hàn Quốc
152246,TDM,ngon-ngu-han-quoc,D01,Điểm thi THPT,2024,21.5,Ngôn ngữ Hàn Quốc
152247,TDM,ngon-ngu-han-quoc,D15,Điểm thi THPT,2024,21.5,Ngôn ngữ Hàn Quốc
152248,TDM,ngon-ngu-han-quoc,D78,Điểm thi THPT,2024,21.5,Ngôn ngữ Hàn Quốc
152249,TDM,ngon-ngu-han-quoc,D01,Điểm học bạ,2025,22.75,Ngôn ngữ Hàn Quốc
152250,TDM,ngon-ngu-han-quoc,D11,Điểm học bạ,2025,22.75,Ngôn ngữ Hàn Quốc
152251,TDM,ngon-ngu-han-quoc,D12,Điểm học bạ,2025,22.75,Ngôn ngữ Hàn Quốc
152252,TDM,ngon-ngu-han-quoc,D13,Điểm học bạ,2025,22.75,Ngôn ngữ Hàn Quốc
152253,TDM,ngon-ngu-han-quoc,D14,Điểm học bạ,2025,22.75,Ngôn ngữ Hàn Quốc
152254,TDM,ngon-ngu-han-quoc,D15,Điểm học bạ,2025,22.75,Ngôn ngữ Hàn Quốc
152255,TDM,ngon-ngu-han-quoc,X78,Điểm học bạ,2025,22.75,Ngôn ngữ Hàn Quốc
152256,TDM,ngon-ngu-han-quoc,X79,Điểm học bạ,2025,22.75,Ngôn ngữ Hàn Quốc
152257,TDM,ngon-ngu-han-quoc,X81,Điểm học bạ,2025,22.75,Ngôn ngữ Hàn Quốc
152258,TDM,ngon-ngu-han-quoc,D01,Điểm thi THPT,2025,22.0,Ngôn ngữ Hàn Quốc
152259,TDM,ngon-ngu-han-quoc,D11,Điểm thi THPT,2025,22.0,Ngôn ngữ Hàn Quốc
152260,TDM,ngon-ngu-han-quoc,D12,Điểm thi THPT,2025,22.0,Ngôn ngữ Hàn Quốc
152261,TDM,ngon-ngu-han-quoc,D13,Điểm thi THPT,2025,22.0,Ngôn ngữ Hàn Quốc
152262,TDM,ngon-ngu-han-quoc,D14,Điểm thi THPT,2025,22.0,Ngôn ngữ Hàn Quốc
152263,TDM,ngon-ngu-han-quoc,D15,Điểm thi THPT,2025,22.0,Ngôn ngữ Hàn Quốc
152264,TDM,ngon-ngu-han-quoc,X78,Điểm thi THPT,2025,22.0,Ngôn ngữ Hàn Quốc
152265,TDM,ngon-ngu-han-quoc,X79,Điểm thi THPT,2025,22.0,Ngôn ngữ Hàn Quốc
152266,TDM,ngon-ngu-han-quoc,X81,Điểm thi THPT,2025,22.0,Ngôn ngữ Hàn Quốc
152267,TDM,ngon-ngu-trung-quoc,A01,Điểm học bạ,2021,20.0,Ngôn ngữ Trung Quốc
152268,TDM,ngon-ngu-trung-quoc,D01,Điểm học bạ,2021,20.0,Ngôn ngữ Trung Quốc
152269,TDM,ngon-ngu-trung-quoc,D04,Điểm học bạ,2021,20.0,Ngôn ngữ Trung Quốc
152270,TDM,ngon-ngu-trung-quoc,D78,Điểm học bạ,2021,20.0,Ngôn ngữ Trung Quốc
152271,TDM,ngon-ngu-trung-quoc,A01,Điểm thi THPT,2021,17.5,Ngôn ngữ Trung Quốc
152272,TDM,ngon-ngu-trung-quoc,D01,Điểm thi THPT,2021,17.5,Ngôn ngữ Trung Quốc
152273,TDM,ngon-ngu-trung-quoc,D04,Điểm thi THPT,2021,17.5,Ngôn ngữ Trung Quốc
152274,TDM,ngon-ngu-trung-quoc,D78,Điểm thi THPT,2021,17.5,Ngôn ngữ Trung Quốc
152275,TDM,ngon-ngu-trung-quoc,A01,Điểm học bạ,2022,22.0,Ngôn ngữ Trung Quốc
152276,TDM,ngon-ngu-trung-quoc,D01,Điểm học bạ,2022,22.0,Ngôn ngữ Trung Quốc
152277,TDM,ngon-ngu-trung-quoc,D04,Điểm học bạ,2022,22.0,Ngôn ngữ Trung Quốc
152278,TDM,ngon-ngu-trung-quoc,D78,Điểm học bạ,2022,22.0,Ngôn ngữ Trung Quốc
152279,TDM,ngon-ngu-trung-quoc,A01,Điểm thi THPT,2022,18.0,Ngôn ngữ Trung Quốc
152280,TDM,ngon-ngu-trung-quoc,D01,Điểm thi THPT,2022,18.0,Ngôn ngữ Trung Quốc
152281,TDM,ngon-ngu-trung-quoc,D04,Điểm thi THPT,2022,18.0,Ngôn ngữ Trung Quốc
152282,TDM,ngon-ngu-trung-quoc,D78,Điểm thi THPT,2022,18.0,Ngôn ngữ Trung Quốc
152283,TDM,ngon-ngu-trung-quoc,A01,Điểm học bạ,2023,26.2,Ngôn ngữ Trung Quốc
152284,TDM,ngon-ngu-trung-quoc,D01,Điểm học bạ,2023,26.2,Ngôn ngữ Trung Quốc
152285,TDM,ngon-ngu-trung-quoc,D04,Điểm học bạ,2023,26.2,Ngôn ngữ Trung Quốc
152286,TDM,ngon-ngu-trung-quoc,D78,Điểm học bạ,2023,26.2,Ngôn ngữ Trung Quốc
152287,TDM,ngon-ngu-trung-quoc,A01,Điểm thi THPT,2023,22.75,Ngôn ngữ Trung Quốc
152288,TDM,ngon-ngu-trung-quoc,D01,Điểm thi THPT,2023,22.75,Ngôn ngữ Trung Quốc
152289,TDM,ngon-ngu-trung-quoc,D04,Điểm thi THPT,2023,22.75,Ngôn ngữ Trung Quốc
152290,TDM,ngon-ngu-trung-quoc,D78,Điểm thi THPT,2023,22.75,Ngôn ngữ Trung Quốc
152291,TDM,ngon-ngu-trung-quoc,A01,Điểm học bạ,2024,25.0,Ngôn ngữ Trung Quốc
152292,TDM,ngon-ngu-trung-quoc,D01,Điểm học bạ,2024,25.0,Ngôn ngữ Trung Quốc
152293,TDM,ngon-ngu-trung-quoc,D04,Điểm học bạ,2024,25.0,Ngôn ngữ Trung Quốc
152294,TDM,ngon-ngu-trung-quoc,D78,Điểm học bạ,2024,25.0,Ngôn ngữ Trung Quốc
152295,TDM,ngon-ngu-trung-quoc,A01,Điểm thi THPT,2024,23.3,Ngôn ngữ Trung Quốc
152296,TDM,ngon-ngu-trung-quoc,D01,Điểm thi THPT,2024,23.3,Ngôn ngữ Trung Quốc
152297,TDM,ngon-ngu-trung-quoc,D04,Điểm thi THPT,2024,23.3,Ngôn ngữ Trung Quốc
152298,TDM,ngon-ngu-trung-quoc,D78,Điểm thi THPT,2024,23.3,Ngôn ngữ Trung Quốc
152299,TDM,ngon-ngu-trung-quoc,D01,Điểm học bạ,2025,24.75,Ngôn ngữ Trung Quốc
152300,TDM,ngon-ngu-trung-quoc,D04,Điểm học bạ,2025,24.75,Ngôn ngữ Trung Quốc
152301,TDM,ngon-ngu-trung-quoc,D11,Điểm học bạ,2025,24.75,Ngôn ngữ Trung Quốc
152302,TDM,ngon-ngu-trung-quoc,D12,Điểm học bạ,2025,24.75,Ngôn ngữ Trung Quốc
152303,TDM,ngon-ngu-trung-quoc,D13,Điểm học bạ,2025,24.75,Ngôn ngữ Trung Quốc
152304,TDM,ngon-ngu-trung-quoc,D14,Điểm học bạ,2025,24.75,Ngôn ngữ Trung Quốc
152305,TDM,ngon-ngu-trung-quoc,D15,Điểm học bạ,2025,24.75,Ngôn ngữ Trung Quốc
152306,TDM,ngon-ngu-trung-quoc,X78,Điểm học bạ,2025,24.75,Ngôn ngữ Trung Quốc
152307,TDM,ngon-ngu-trung-quoc,X79,Điểm học bạ,2025,24.75,Ngôn ngữ Trung Quốc
152308,TDM,ngon-ngu-trung-quoc,X81,Điểm học bạ,2025,24.75,Ngôn ngữ Trung Quốc
152309,TDM,ngon-ngu-trung-quoc,D01,Điểm thi THPT,2025,24.0,Ngôn ngữ Trung Quốc
152310,TDM,ngon-ngu-trung-quoc,D04,Điểm thi THPT,2025,24.0,Ngôn ngữ Trung Quốc
152311,TDM,ngon-ngu-trung-quoc,D11,Điểm thi THPT,2025,24.0,Ngôn ngữ Trung Quốc
152312,TDM,ngon-ngu-trung-quoc,D12,Điểm thi THPT,2025,24.0,Ngôn ngữ Trung Quốc
152313,TDM,ngon-ngu-trung-quoc,D13,Điểm thi THPT,2025,24.0,Ngôn ngữ Trung Quốc
152314,TDM,ngon-ngu-trung-quoc,D14,Điểm thi THPT,2025,24.0,Ngôn ngữ Trung Quốc
152315,TDM,ngon-ngu-trung-quoc,D15,Điểm thi THPT,2025,24.0,Ngôn ngữ Trung Quốc
152316,TDM,ngon-ngu-trung-quoc,X78,Điểm thi THPT,2025,24.0,Ngôn ngữ Trung Quốc
152317,TDM,ngon-ngu-trung-quoc,X79,Điểm thi THPT,2025,24.0,Ngôn ngữ Trung Quốc
152318,TDM,ngon-ngu-trung-quoc,X81,Điểm thi THPT,2025,24.0,Ngôn ngữ Trung Quốc
152319,TDM,quan-he-quoc-te,A00,Điểm học bạ,2021,18.0,Quan hệ quốc tế
152320,TDM,quan-he-quoc-te,C00,Điểm học bạ,2021,18.0,Quan hệ quốc tế
152321,TDM,quan-he-quoc-te,D01,Điểm học bạ,2021,18.0,Quan hệ quốc tế
152322,TDM,quan-he-quoc-te,D78,Điểm học bạ,2021,18.0,Quan hệ quốc tế
152323,TDM,quan-he-quoc-te,A00,Điểm thi THPT,2021,15.0,Quan hệ quốc tế
152324,TDM,quan-he-quoc-te,C00,Điểm thi THPT,2021,15.0,Quan hệ quốc tế
152325,TDM,quan-he-quoc-te,D01,Điểm thi THPT,2021,15.0,Quan hệ quốc tế
152326,TDM,quan-he-quoc-te,D78,Điểm thi THPT,2021,15.0,Quan hệ quốc tế
152327,TDM,quan-he-quoc-te,A00,Điểm học bạ,2022,18.0,Quan hệ quốc tế
152328,TDM,quan-he-quoc-te,C00,Điểm học bạ,2022,18.0,Quan hệ quốc tế
152329,TDM,quan-he-quoc-te,D01,Điểm học bạ,2022,18.0,Quan hệ quốc tế
152330,TDM,quan-he-quoc-te,D78,Điểm học bạ,2022,18.0,Quan hệ quốc tế
152331,TDM,quan-he-quoc-te,A00,Điểm thi THPT,2022,16.0,Quan hệ quốc tế
152332,TDM,quan-he-quoc-te,C00,Điểm thi THPT,2022,16.0,Quan hệ quốc tế
152333,TDM,quan-he-quoc-te,D01,Điểm thi THPT,2022,16.0,Quan hệ quốc tế
152334,TDM,quan-he-quoc-te,D78,Điểm thi THPT,2022,16.0,Quan hệ quốc tế
152335,TDM,quan-he-quoc-te,A00,Điểm học bạ,2023,25.0,Quan hệ Quốc tế
152336,TDM,quan-he-quoc-te,C00,Điểm học bạ,2023,25.0,Quan hệ Quốc tế
152337,TDM,quan-he-quoc-te,D01,Điểm học bạ,2023,25.0,Quan hệ Quốc tế
152338,TDM,quan-he-quoc-te,D78,Điểm học bạ,2023,25.0,Quan hệ Quốc tế
152339,TDM,quan-he-quoc-te,A00,Điểm thi THPT,2023,18.5,Quan hệ quốc tế
152340,TDM,quan-he-quoc-te,C00,Điểm thi THPT,2023,18.5,Quan hệ quốc tế
152341,TDM,quan-he-quoc-te,D01,Điểm thi THPT,2023,18.5,Quan hệ quốc tế
152342,TDM,quan-he-quoc-te,D78,Điểm thi THPT,2023,18.5,Quan hệ quốc tế
152343,TDM,quan-he-quoc-te,C00,Điểm học bạ,2024,22.0,Quan hệ quốc tế
152344,TDM,quan-he-quoc-te,C14,Điểm học bạ,2024,22.0,Quan hệ quốc tế
152345,TDM,quan-he-quoc-te,D01,Điểm học bạ,2024,22.0,Quan hệ quốc tế
152346,TDM,quan-he-quoc-te,D78,Điểm học bạ,2024,22.0,Quan hệ quốc tế
152347,TDM,quan-he-quoc-te,A00,Điểm thi THPT,2024,22.3,Quan hệ quốc tế
152348,TDM,quan-he-quoc-te,C00,Điểm thi THPT,2024,22.3,Quan hệ quốc tế
152349,TDM,quan-he-quoc-te,D01,Điểm thi THPT,2024,22.3,Quan hệ quốc tế
152350,TDM,quan-he-quoc-te,D78,Điểm thi THPT,2024,22.3,Quan hệ quốc tế
152351,TDM,quan-he-quoc-te,C00,Điểm học bạ,2025,18.75,Quan hệ quốc tế
152352,TDM,quan-he-quoc-te,C03,Điểm học bạ,2025,18.75,Quan hệ quốc tế
152353,TDM,quan-he-quoc-te,C04,Điểm học bạ,2025,18.75,Quan hệ quốc tế
152354,TDM,quan-he-quoc-te,C07,Điểm học bạ,2025,18.75,Quan hệ quốc tế
152355,TDM,quan-he-quoc-te,D01,Điểm học bạ,2025,18.75,Quan hệ quốc tế
152356,TDM,quan-he-quoc-te,D14,Điểm học bạ,2025,18.75,Quan hệ quốc tế
152357,TDM,quan-he-quoc-te,D15,Điểm học bạ,2025,18.75,Quan hệ quốc tế
152358,TDM,quan-he-quoc-te,X01,Điểm học bạ,2025,18.75,Quan hệ quốc tế
152359,TDM,quan-he-quoc-te,X70,Điểm học bạ,2025,18.75,Quan hệ quốc tế
152360,TDM,quan-he-quoc-te,X74,Điểm học bạ,2025,18.75,Quan hệ quốc tế
152361,TDM,quan-he-quoc-te,C00,Điểm thi THPT,2025,18.0,Quan hệ quốc tế
152362,TDM,quan-he-quoc-te,C03,Điểm thi THPT,2025,18.0,Quan hệ quốc tế
152363,TDM,quan-he-quoc-te,C04,Điểm thi THPT,2025,18.0,Quan hệ quốc tế
152364,TDM,quan-he-quoc-te,C07,Điểm thi THPT,2025,18.0,Quan hệ quốc tế
152365,TDM,quan-he-quoc-te,D01,Điểm thi THPT,2025,18.0,Quan hệ quốc tế
152366,TDM,quan-he-quoc-te,D14,Điểm thi THPT,2025,18.0,Quan hệ quốc tế
152367,TDM,quan-he-quoc-te,D15,Điểm thi THPT,2025,18.0,Quan hệ quốc tế
152368,TDM,quan-he-quoc-te,X01,Điểm thi THPT,2025,18.0,Quan hệ quốc tế
152369,TDM,quan-he-quoc-te,X70,Điểm thi THPT,2025,18.0,Quan hệ quốc tế
152370,TDM,quan-he-quoc-te,X74,Điểm thi THPT,2025,18.0,Quan hệ quốc tế
152371,TDM,quan-ly-cong,A01,Điểm học bạ,2022,16.0,Quản lý công
152372,TDM,quan-ly-cong,C00,Điểm học bạ,2022,16.0,Quản lý công
152373,TDM,quan-ly-cong,C15,Điểm học bạ,2022,16.0,Quản lý công
152374,TDM,quan-ly-cong,D01,Điểm học bạ,2022,16.0,Quản lý công
152375,TDM,quan-ly-cong,A01,Điểm thi THPT,2022,16.0,Quản lý công
152376,TDM,quan-ly-cong,C00,Điểm thi THPT,2022,16.0,Quản lý công
152377,TDM,quan-ly-cong,C15,Điểm thi THPT,2022,16.0,Quản lý công
152378,TDM,quan-ly-cong,D01,Điểm thi THPT,2022,16.0,Quản lý công
152379,TDM,quan-ly-cong-nghiep,A00,Điểm học bạ,2021,17.0,Quản lý Công nghiệp
152380,TDM,quan-ly-cong-nghiep,A01,Điểm học bạ,2021,17.0,Quản lý Công nghiệp
152381,TDM,quan-ly-cong-nghiep,A16,Điểm học bạ,2021,17.0,Quản lý Công nghiệp
152382,TDM,quan-ly-cong-nghiep,C01,Điểm học bạ,2021,17.0,Quản lý Công nghiệp
152383,TDM,quan-ly-cong-nghiep,A00,Điểm thi THPT,2021,15.0,Quản lý Công nghiệp
152384,TDM,quan-ly-cong-nghiep,A01,Điểm thi THPT,2021,15.0,Quản lý Công nghiệp
152385,TDM,quan-ly-cong-nghiep,A16,Điểm thi THPT,2021,15.0,Quản lý Công nghiệp
152386,TDM,quan-ly-cong-nghiep,C01,Điểm thi THPT,2021,15.0,Quản lý Công nghiệp
152387,TDM,quan-ly-cong-nghiep,A00,Điểm học bạ,2022,17.0,Quản lý Công nghiệp
152388,TDM,quan-ly-cong-nghiep,A01,Điểm học bạ,2022,17.0,Quản lý Công nghiệp
152389,TDM,quan-ly-cong-nghiep,A16,Điểm học bạ,2022,17.0,Quản lý Công nghiệp
152390,TDM,quan-ly-cong-nghiep,C01,Điểm học bạ,2022,17.0,Quản lý Công nghiệp
152391,TDM,quan-ly-cong-nghiep,A00,Điểm thi THPT,2022,16.0,Quản lý Công nghiệp
152392,TDM,quan-ly-cong-nghiep,A01,Điểm thi THPT,2022,16.0,Quản lý Công nghiệp
152393,TDM,quan-ly-cong-nghiep,A16,Điểm thi THPT,2022,16.0,Quản lý Công nghiệp
152394,TDM,quan-ly-cong-nghiep,C01,Điểm thi THPT,2022,16.0,Quản lý Công nghiệp
152395,TDM,quan-ly-cong-nghiep,A00,Điểm học bạ,2023,22.0,Quản lý Công nghiệp
152396,TDM,quan-ly-cong-nghiep,A01,Điểm học bạ,2023,22.0,Quản lý Công nghiệp
152397,TDM,quan-ly-cong-nghiep,A16,Điểm học bạ,2023,22.0,Quản lý Công nghiệp
152398,TDM,quan-ly-cong-nghiep,C01,Điểm học bạ,2023,22.0,Quản lý Công nghiệp
152399,TDM,quan-ly-cong-nghiep,A00,Điểm thi THPT,2023,18.0,Quản lý công nghiệp
152400,TDM,quan-ly-cong-nghiep,A01,Điểm thi THPT,2023,18.0,Quản lý công nghiệp
152401,TDM,quan-ly-cong-nghiep,A16,Điểm thi THPT,2023,18.0,Quản lý công nghiệp
152402,TDM,quan-ly-cong-nghiep,C01,Điểm thi THPT,2023,18.0,Quản lý công nghiệp
152403,TDM,quan-ly-cong-nghiep,A00,Điểm học bạ,2024,22.0,Quản lý công nghiệp
152404,TDM,quan-ly-cong-nghiep,A01,Điểm học bạ,2024,22.0,Quản lý công nghiệp
152405,TDM,quan-ly-cong-nghiep,A16,Điểm học bạ,2024,22.0,Quản lý công nghiệp
152406,TDM,quan-ly-cong-nghiep,C01,Điểm học bạ,2024,22.0,Quản lý công nghiệp
152407,TDM,quan-ly-cong-nghiep,A00,Điểm thi THPT,2024,16.5,Quản lý công nghiệp
152408,TDM,quan-ly-cong-nghiep,A01,Điểm thi THPT,2024,16.5,Quản lý công nghiệp
152409,TDM,quan-ly-cong-nghiep,A16,Điểm thi THPT,2024,16.5,Quản lý công nghiệp
152410,TDM,quan-ly-cong-nghiep,C01,Điểm thi THPT,2024,16.5,Quản lý công nghiệp
152411,TDM,quan-ly-cong-nghiep,A00,Điểm học bạ,2025,23.0,Quản lý công nghiệp
152412,TDM,quan-ly-cong-nghiep,A01,Điểm học bạ,2025,23.0,Quản lý công nghiệp
152413,TDM,quan-ly-cong-nghiep,A02,Điểm học bạ,2025,23.0,Quản lý công nghiệp
152414,TDM,quan-ly-cong-nghiep,C01,Điểm học bạ,2025,23.0,Quản lý công nghiệp
152415,TDM,quan-ly-cong-nghiep,D01,Điểm học bạ,2025,23.0,Quản lý công nghiệp
152416,TDM,quan-ly-cong-nghiep,D07,Điểm học bạ,2025,23.0,Quản lý công nghiệp
152417,TDM,quan-ly-cong-nghiep,X01,Điểm học bạ,2025,23.0,Quản lý công nghiệp
152418,TDM,quan-ly-cong-nghiep,X02,Điểm học bạ,2025,23.0,Quản lý công nghiệp
152419,TDM,quan-ly-cong-nghiep,X03,Điểm học bạ,2025,23.0,Quản lý công nghiệp
152420,TDM,quan-ly-cong-nghiep,X09,Điểm học bạ,2025,23.0,Quản lý công nghiệp
152421,TDM,quan-ly-cong-nghiep,A00,Điểm thi THPT,2025,22.25,Quản lý công nghiệp
152422,TDM,quan-ly-cong-nghiep,A01,Điểm thi THPT,2025,22.25,Quản lý công nghiệp
152423,TDM,quan-ly-cong-nghiep,A02,Điểm thi THPT,2025,22.25,Quản lý công nghiệp
152424,TDM,quan-ly-cong-nghiep,C01,Điểm thi THPT,2025,22.25,Quản lý công nghiệp
152425,TDM,quan-ly-cong-nghiep,D01,Điểm thi THPT,2025,22.25,Quản lý công nghiệp
152426,TDM,quan-ly-cong-nghiep,D07,Điểm thi THPT,2025,22.25,Quản lý công nghiệp
152427,TDM,quan-ly-cong-nghiep,X01,Điểm thi THPT,2025,22.25,Quản lý công nghiệp
152428,TDM,quan-ly-cong-nghiep,X02,Điểm thi THPT,2025,22.25,Quản lý công nghiệp
152429,TDM,quan-ly-cong-nghiep,X03,Điểm thi THPT,2025,22.25,Quản lý công nghiệp
152430,TDM,quan-ly-cong-nghiep,X09,Điểm thi THPT,2025,22.25,Quản lý công nghiệp
152431,TDM,quan-ly-dat-dai,A00,Điểm học bạ,2021,18.0,Quản lý Đất đai
152432,TDM,quan-ly-dat-dai,B00,Điểm học bạ,2021,18.0,Quản lý Đất đai
152433,TDM,quan-ly-dat-dai,B08,Điểm học bạ,2021,18.0,Quản lý Đất đai
152434,TDM,quan-ly-dat-dai,D01,Điểm học bạ,2021,18.0,Quản lý Đất đai
152435,TDM,quan-ly-dat-dai,A00,Điểm thi THPT,2021,15.0,Quản lý Đất đai
152436,TDM,quan-ly-dat-dai,B00,Điểm thi THPT,2021,15.0,Quản lý Đất đai
152437,TDM,quan-ly-dat-dai,B08,Điểm thi THPT,2021,15.0,Quản lý Đất đai
152438,TDM,quan-ly-dat-dai,D01,Điểm thi THPT,2021,15.0,Quản lý Đất đai
152439,TDM,quan-ly-dat-dai,A00,Điểm học bạ,2022,18.0,Quản lý Đất đai
152440,TDM,quan-ly-dat-dai,B00,Điểm học bạ,2022,18.0,Quản lý Đất đai
152441,TDM,quan-ly-dat-dai,B08,Điểm học bạ,2022,18.0,Quản lý Đất đai
152442,TDM,quan-ly-dat-dai,D01,Điểm học bạ,2022,18.0,Quản lý Đất đai
152443,TDM,quan-ly-dat-dai,A00,Điểm thi THPT,2022,15.5,Quản lý Đất đai
152444,TDM,quan-ly-dat-dai,B00,Điểm thi THPT,2022,15.5,Quản lý Đất đai
152445,TDM,quan-ly-dat-dai,B08,Điểm thi THPT,2022,15.5,Quản lý Đất đai
152446,TDM,quan-ly-dat-dai,D01,Điểm thi THPT,2022,15.5,Quản lý Đất đai
152447,TDM,quan-ly-dat-dai,A00,Điểm học bạ,2023,21.6,Quản lý Đất đai
152448,TDM,quan-ly-dat-dai,B00,Điểm học bạ,2023,21.6,Quản lý Đất đai
152449,TDM,quan-ly-dat-dai,B08,Điểm học bạ,2023,21.6,Quản lý Đất đai
152450,TDM,quan-ly-dat-dai,D01,Điểm học bạ,2023,21.6,Quản lý Đất đai
152451,TDM,quan-ly-dat-dai,A00,Điểm thi THPT,2023,15.5,Quản lý đất đai
152452,TDM,quan-ly-dat-dai,B00,Điểm thi THPT,2023,15.5,Quản lý đất đai
152453,TDM,quan-ly-dat-dai,B08,Điểm thi THPT,2023,15.5,Quản lý đất đai
152454,TDM,quan-ly-dat-dai,D01,Điểm thi THPT,2023,15.5,Quản lý đất đai
152455,TDM,quan-ly-dat-dai,A00,Điểm học bạ,2024,20.0,Quản lý đất đai
152456,TDM,quan-ly-dat-dai,B00,Điểm học bạ,2024,20.0,Quản lý đất đai
152457,TDM,quan-ly-dat-dai,B08,Điểm học bạ,2024,20.0,Quản lý đất đai
152458,TDM,quan-ly-dat-dai,D01,Điểm học bạ,2024,20.0,Quản lý đất đai
152459,TDM,quan-ly-dat-dai,A00,Điểm thi THPT,2024,15.5,Quản lý đất đai
152460,TDM,quan-ly-dat-dai,B00,Điểm thi THPT,2024,15.5,Quản lý đất đai
152461,TDM,quan-ly-dat-dai,B08,Điểm thi THPT,2024,15.5,Quản lý đất đai
152462,TDM,quan-ly-dat-dai,D01,Điểm thi THPT,2024,15.5,Quản lý đất đai
152463,TDM,quan-ly-dat-dai,A00,Điểm học bạ,2025,15.75,Quản lý đất đai
152464,TDM,quan-ly-dat-dai,A01,Điểm học bạ,2025,15.75,Quản lý đất đai
152465,TDM,quan-ly-dat-dai,B00,Điểm học bạ,2025,15.75,Quản lý đất đai
152466,TDM,quan-ly-dat-dai,B02,Điểm học bạ,2025,15.75,Quản lý đất đai
152467,TDM,quan-ly-dat-dai,B03,Điểm học bạ,2025,15.75,Quản lý đất đai
152468,TDM,quan-ly-dat-dai,B08,Điểm học bạ,2025,15.75,Quản lý đất đai
152469,TDM,quan-ly-dat-dai,C02,Điểm học bạ,2025,15.75,Quản lý đất đai
152470,TDM,quan-ly-dat-dai,D01,Điểm học bạ,2025,15.75,Quản lý đất đai
152471,TDM,quan-ly-dat-dai,D07,Điểm học bạ,2025,15.75,Quản lý đất đai
152472,TDM,quan-ly-dat-dai,X12,Điểm học bạ,2025,15.75,Quản lý đất đai
152473,TDM,quan-ly-dat-dai,A00,Điểm thi THPT,2025,15.0,Quản lý đất đai
152474,TDM,quan-ly-dat-dai,A01,Điểm thi THPT,2025,15.0,Quản lý đất đai
152475,TDM,quan-ly-dat-dai,B00,Điểm thi THPT,2025,15.0,Quản lý đất đai
152476,TDM,quan-ly-dat-dai,B02,Điểm thi THPT,2025,15.0,Quản lý đất đai
152477,TDM,quan-ly-dat-dai,B03,Điểm thi THPT,2025,15.0,Quản lý đất đai
152478,TDM,quan-ly-dat-dai,B08,Điểm thi THPT,2025,15.0,Quản lý đất đai
152479,TDM,quan-ly-dat-dai,C02,Điểm thi THPT,2025,15.0,Quản lý đất đai
152480,TDM,quan-ly-dat-dai,D01,Điểm thi THPT,2025,15.0,Quản lý đất đai
152481,TDM,quan-ly-dat-dai,D07,Điểm thi THPT,2025,15.0,Quản lý đất đai
152482,TDM,quan-ly-dat-dai,X12,Điểm thi THPT,2025,15.0,Quản lý đất đai
152483,TDM,quan-ly-do-thi,A00,Điểm học bạ,2021,18.0,Quản lý Đô thị
152484,TDM,quan-ly-do-thi,A16,Điểm học bạ,2021,18.0,Quản lý Đô thị
152485,TDM,quan-ly-do-thi,D01,Điểm học bạ,2021,18.0,Quản lý Đô thị
152486,TDM,quan-ly-do-thi,V00,Điểm học bạ,2021,18.0,Quản lý Đô thị
152487,TDM,quan-ly-do-thi,A00,Điểm thi THPT,2021,15.0,Quản lý Đô thị
152488,TDM,quan-ly-do-thi,A16,Điểm thi THPT,2021,15.0,Quản lý Đô thị
152489,TDM,quan-ly-do-thi,D01,Điểm thi THPT,2021,15.0,Quản lý Đô thị
152490,TDM,quan-ly-do-thi,V00,Điểm thi THPT,2021,15.0,Quản lý Đô thị
152491,TDM,quan-ly-nha-nuoc,A16,Điểm học bạ,2021,19.0,Quản lý Nhà nước
152492,TDM,quan-ly-nha-nuoc,C00,Điểm học bạ,2021,19.0,Quản lý Nhà nước
152493,TDM,quan-ly-nha-nuoc,C14,Điểm học bạ,2021,19.0,Quản lý Nhà nước
152494,TDM,quan-ly-nha-nuoc,D01,Điểm học bạ,2021,19.0,Quản lý Nhà nước
152495,TDM,quan-ly-nha-nuoc,A16,Điểm thi THPT,2021,15.5,Quản lý Nhà nước
152496,TDM,quan-ly-nha-nuoc,C00,Điểm thi THPT,2021,15.5,Quản lý Nhà nước
152497,TDM,quan-ly-nha-nuoc,C14,Điểm thi THPT,2021,15.5,Quản lý Nhà nước
152498,TDM,quan-ly-nha-nuoc,D01,Điểm thi THPT,2021,15.5,Quản lý Nhà nước
152499,TDM,quan-ly-nha-nuoc,A16,Điểm học bạ,2022,19.0,Quản lý Nhà nước
152500,TDM,quan-ly-nha-nuoc,C00,Điểm học bạ,2022,19.0,Quản lý Nhà nước
152501,TDM,quan-ly-nha-nuoc,C14,Điểm học bạ,2022,19.0,Quản lý Nhà nước
152502,TDM,quan-ly-nha-nuoc,D01,Điểm học bạ,2022,19.0,Quản lý Nhà nước
152503,TDM,quan-ly-nha-nuoc,A16,Điểm thi THPT,2022,17.0,Quản lý Nhà nước
152504,TDM,quan-ly-nha-nuoc,C00,Điểm thi THPT,2022,17.0,Quản lý Nhà nước
152505,TDM,quan-ly-nha-nuoc,C14,Điểm thi THPT,2022,17.0,Quản lý Nhà nước
152506,TDM,quan-ly-nha-nuoc,D01,Điểm thi THPT,2022,17.0,Quản lý Nhà nước
152507,TDM,quan-ly-nha-nuoc,A16,Điểm học bạ,2023,23.5,Quản lý nhà nước
152508,TDM,quan-ly-nha-nuoc,C00,Điểm học bạ,2023,23.5,Quản lý nhà nước
152509,TDM,quan-ly-nha-nuoc,C14,Điểm học bạ,2023,23.5,Quản lý nhà nước
152510,TDM,quan-ly-nha-nuoc,D01,Điểm học bạ,2023,23.5,Quản lý nhà nước
152511,TDM,quan-ly-nha-nuoc,A16,Điểm thi THPT,2023,18.0,Quản lý Nhà nước
152512,TDM,quan-ly-nha-nuoc,C00,Điểm thi THPT,2023,18.0,Quản lý Nhà nước
152513,TDM,quan-ly-nha-nuoc,C14,Điểm thi THPT,2023,18.0,Quản lý Nhà nước
152514,TDM,quan-ly-nha-nuoc,D01,Điểm thi THPT,2023,18.0,Quản lý Nhà nước
152515,TDM,quan-ly-nha-nuoc,A16,Điểm học bạ,2024,8.0,Quản lý Nhà nước
152516,TDM,quan-ly-nha-nuoc,C00,Điểm học bạ,2024,8.0,Quản lý Nhà nước
152517,TDM,quan-ly-nha-nuoc,C14,Điểm học bạ,2024,8.0,Quản lý Nhà nước
152518,TDM,quan-ly-nha-nuoc,D01,Điểm học bạ,2024,8.0,Quản lý Nhà nước
152519,TDM,quan-ly-nha-nuoc,A16,Điểm thi THPT,2024,22.3,Quản lý nhà nước
152520,TDM,quan-ly-nha-nuoc,C00,Điểm thi THPT,2024,22.3,Quản lý nhà nước
152521,TDM,quan-ly-nha-nuoc,C14,Điểm thi THPT,2024,22.3,Quản lý nhà nước
152522,TDM,quan-ly-nha-nuoc,D01,Điểm thi THPT,2024,22.3,Quản lý nhà nước
152523,TDM,quan-ly-nha-nuoc,C00,Điểm học bạ,2025,24.0,Quản lý nhà nước
152524,TDM,quan-ly-nha-nuoc,C03,Điểm học bạ,2025,24.0,Quản lý nhà nước
152525,TDM,quan-ly-nha-nuoc,C04,Điểm học bạ,2025,24.0,Quản lý nhà nước
152526,TDM,quan-ly-nha-nuoc,C07,Điểm học bạ,2025,24.0,Quản lý nhà nước
152527,TDM,quan-ly-nha-nuoc,D01,Điểm học bạ,2025,24.0,Quản lý nhà nước
152528,TDM,quan-ly-nha-nuoc,D14,Điểm học bạ,2025,24.0,Quản lý nhà nước
152529,TDM,quan-ly-nha-nuoc,D15,Điểm học bạ,2025,24.0,Quản lý nhà nước
152530,TDM,quan-ly-nha-nuoc,X01,Điểm học bạ,2025,24.0,Quản lý nhà nước
152531,TDM,quan-ly-nha-nuoc,X70,Điểm học bạ,2025,24.0,Quản lý nhà nước
152532,TDM,quan-ly-nha-nuoc,X74,Điểm học bạ,2025,24.0,Quản lý nhà nước
152533,TDM,quan-ly-nha-nuoc,C00,Điểm thi THPT,2025,23.25,Quản lý nhà nước
152534,TDM,quan-ly-nha-nuoc,C03,Điểm thi THPT,2025,23.25,Quản lý nhà nước
152535,TDM,quan-ly-nha-nuoc,C04,Điểm thi THPT,2025,23.25,Quản lý nhà nước
152536,TDM,quan-ly-nha-nuoc,C07,Điểm thi THPT,2025,23.25,Quản lý nhà nước
152537,TDM,quan-ly-nha-nuoc,D01,Điểm thi THPT,2025,23.25,Quản lý nhà nước
152538,TDM,quan-ly-nha-nuoc,D14,Điểm thi THPT,2025,23.25,Quản lý nhà nước
152539,TDM,quan-ly-nha-nuoc,D15,Điểm thi THPT,2025,23.25,Quản lý nhà nước
152540,TDM,quan-ly-nha-nuoc,X01,Điểm thi THPT,2025,23.25,Quản lý nhà nước
152541,TDM,quan-ly-nha-nuoc,X70,Điểm thi THPT,2025,23.25,Quản lý nhà nước
152542,TDM,quan-ly-nha-nuoc,X74,Điểm thi THPT,2025,23.25,Quản lý nhà nước
152543,TDM,quan-ly-tai-nguyen-va-moi-truong,A00,Điểm học bạ,2021,16.0,Quản lý Tài nguyên và Môi trường
152544,TDM,quan-ly-tai-nguyen-va-moi-truong,B00,Điểm học bạ,2021,16.0,Quản lý Tài nguyên và Môi trường
152545,TDM,quan-ly-tai-nguyen-va-moi-truong,B08,Điểm học bạ,2021,16.0,Quản lý Tài nguyên và Môi trường
152546,TDM,quan-ly-tai-nguyen-va-moi-truong,D01,Điểm học bạ,2021,16.0,Quản lý Tài nguyên và Môi trường
152547,TDM,quan-ly-tai-nguyen-va-moi-truong,A00,Điểm thi THPT,2021,15.0,Quản lý Tài nguyên và Môi trường
152548,TDM,quan-ly-tai-nguyen-va-moi-truong,B00,Điểm thi THPT,2021,15.0,Quản lý Tài nguyên và Môi trường
152549,TDM,quan-ly-tai-nguyen-va-moi-truong,B08,Điểm thi THPT,2021,15.0,Quản lý Tài nguyên và Môi trường
152550,TDM,quan-ly-tai-nguyen-va-moi-truong,D01,Điểm thi THPT,2021,15.0,Quản lý Tài nguyên và Môi trường
152551,TDM,quan-ly-tai-nguyen-va-moi-truong,A00,Điểm học bạ,2022,16.0,Quản lý Tài nguyên và Môi trường
152552,TDM,quan-ly-tai-nguyen-va-moi-truong,B00,Điểm học bạ,2022,16.0,Quản lý Tài nguyên và Môi trường
152553,TDM,quan-ly-tai-nguyen-va-moi-truong,B08,Điểm học bạ,2022,16.0,Quản lý Tài nguyên và Môi trường
152554,TDM,quan-ly-tai-nguyen-va-moi-truong,D01,Điểm học bạ,2022,16.0,Quản lý Tài nguyên và Môi trường
152555,TDM,quan-ly-tai-nguyen-va-moi-truong,A00,Điểm thi THPT,2022,15.5,Quản lý Tài nguyên và Môi trường
152556,TDM,quan-ly-tai-nguyen-va-moi-truong,B00,Điểm thi THPT,2022,15.5,Quản lý Tài nguyên và Môi trường
152557,TDM,quan-ly-tai-nguyen-va-moi-truong,B08,Điểm thi THPT,2022,15.5,Quản lý Tài nguyên và Môi trường
152558,TDM,quan-ly-tai-nguyen-va-moi-truong,D01,Điểm thi THPT,2022,15.5,Quản lý Tài nguyên và Môi trường
152559,TDM,quan-ly-tai-nguyen-va-moi-truong,A00,Điểm học bạ,2023,22.7,Quản lý Tài nguyên và Môi trường
152560,TDM,quan-ly-tai-nguyen-va-moi-truong,B00,Điểm học bạ,2023,22.7,Quản lý Tài nguyên và Môi trường
152561,TDM,quan-ly-tai-nguyen-va-moi-truong,B08,Điểm học bạ,2023,22.7,Quản lý Tài nguyên và Môi trường
152562,TDM,quan-ly-tai-nguyen-va-moi-truong,D01,Điểm học bạ,2023,22.7,Quản lý Tài nguyên và Môi trường
152563,TDM,quan-ly-tai-nguyen-va-moi-truong,A00,Điểm thi THPT,2023,15.5,Quản lý Tài nguyên và Môi trường
152564,TDM,quan-ly-tai-nguyen-va-moi-truong,B00,Điểm thi THPT,2023,15.5,Quản lý Tài nguyên và Môi trường
152565,TDM,quan-ly-tai-nguyen-va-moi-truong,B08,Điểm thi THPT,2023,15.5,Quản lý Tài nguyên và Môi trường
152566,TDM,quan-ly-tai-nguyen-va-moi-truong,D01,Điểm thi THPT,2023,15.5,Quản lý Tài nguyên và Môi trường
152567,TDM,quan-ly-tai-nguyen-va-moi-truong,A00,Điểm học bạ,2024,8.0,Quản lý Tài nguyên và Môi trường
152568,TDM,quan-ly-tai-nguyen-va-moi-truong,B00,Điểm học bạ,2024,8.0,Quản lý Tài nguyên và Môi trường
152569,TDM,quan-ly-tai-nguyen-va-moi-truong,B08,Điểm học bạ,2024,8.0,Quản lý Tài nguyên và Môi trường
152570,TDM,quan-ly-tai-nguyen-va-moi-truong,D01,Điểm học bạ,2024,8.0,Quản lý Tài nguyên và Môi trường
152571,TDM,quan-ly-tai-nguyen-va-moi-truong,A00,Điểm thi THPT,2024,18.5,Quản lý Tài nguyên và Môi trường
152572,TDM,quan-ly-tai-nguyen-va-moi-truong,B00,Điểm thi THPT,2024,18.5,Quản lý Tài nguyên và Môi trường
152573,TDM,quan-ly-tai-nguyen-va-moi-truong,B08,Điểm thi THPT,2024,18.5,Quản lý Tài nguyên và Môi trường
152574,TDM,quan-ly-tai-nguyen-va-moi-truong,D01,Điểm thi THPT,2024,18.5,Quản lý Tài nguyên và Môi trường
152575,TDM,quan-ly-tai-nguyen-va-moi-truong,A00,Điểm học bạ,2025,15.75,Quản lý tài nguyên và môi trường
152576,TDM,quan-ly-tai-nguyen-va-moi-truong,A01,Điểm học bạ,2025,15.75,Quản lý tài nguyên và môi trường
152577,TDM,quan-ly-tai-nguyen-va-moi-truong,B00,Điểm học bạ,2025,15.75,Quản lý tài nguyên và môi trường
152578,TDM,quan-ly-tai-nguyen-va-moi-truong,B02,Điểm học bạ,2025,15.75,Quản lý tài nguyên và môi trường
152579,TDM,quan-ly-tai-nguyen-va-moi-truong,B03,Điểm học bạ,2025,15.75,Quản lý tài nguyên và môi trường
152580,TDM,quan-ly-tai-nguyen-va-moi-truong,B08,Điểm học bạ,2025,15.75,Quản lý tài nguyên và môi trường
152581,TDM,quan-ly-tai-nguyen-va-moi-truong,C02,Điểm học bạ,2025,15.75,Quản lý tài nguyên và môi trường
152582,TDM,quan-ly-tai-nguyen-va-moi-truong,D01,Điểm học bạ,2025,15.75,Quản lý tài nguyên và môi trường
152583,TDM,quan-ly-tai-nguyen-va-moi-truong,D07,Điểm học bạ,2025,15.75,Quản lý tài nguyên và môi trường
152584,TDM,quan-ly-tai-nguyen-va-moi-truong,X12,Điểm học bạ,2025,15.75,Quản lý tài nguyên và môi trường
152585,TDM,quan-ly-tai-nguyen-va-moi-truong,A00,Điểm thi THPT,2025,15.0,Quản lý tài nguyên và môi trường
152586,TDM,quan-ly-tai-nguyen-va-moi-truong,A01,Điểm thi THPT,2025,15.0,Quản lý tài nguyên và môi trường
152587,TDM,quan-ly-tai-nguyen-va-moi-truong,B00,Điểm thi THPT,2025,15.0,Quản lý tài nguyên và môi trường
152588,TDM,quan-ly-tai-nguyen-va-moi-truong,B02,Điểm thi THPT,2025,15.0,Quản lý tài nguyên và môi trường
152589,TDM,quan-ly-tai-nguyen-va-moi-truong,B03,Điểm thi THPT,2025,15.0,Quản lý tài nguyên và môi trường
152590,TDM,quan-ly-tai-nguyen-va-moi-truong,B08,Điểm thi THPT,2025,15.0,Quản lý tài nguyên và môi trường
152591,TDM,quan-ly-tai-nguyen-va-moi-truong,C02,Điểm thi THPT,2025,15.0,Quản lý tài nguyên và môi trường
152592,TDM,quan-ly-tai-nguyen-va-moi-truong,D01,Điểm thi THPT,2025,15.0,Quản lý tài nguyên và môi trường
152593,TDM,quan-ly-tai-nguyen-va-moi-truong,D07,Điểm thi THPT,2025,15.0,Quản lý tài nguyên và môi trường
152594,TDM,quan-ly-tai-nguyen-va-moi-truong,X12,Điểm thi THPT,2025,15.0,Quản lý tài nguyên và môi trường
152595,TDM,quan-ly-van-hoa,C00,Điểm học bạ,2022,18.0,Quản lý văn hóa
152596,TDM,quan-ly-van-hoa,C14,Điểm học bạ,2022,18.0,Quản lý văn hóa
152597,TDM,quan-ly-van-hoa,C15,Điểm học bạ,2022,18.0,Quản lý văn hóa
152598,TDM,quan-ly-van-hoa,D01,Điểm học bạ,2022,18.0,Quản lý văn hóa
152599,TDM,quan-ly-van-hoa,C00,Điểm thi THPT,2022,16.0,Quản lý văn hóa
152600,TDM,quan-ly-van-hoa,C14,Điểm thi THPT,2022,16.0,Quản lý văn hóa
152601,TDM,quan-ly-van-hoa,C15,Điểm thi THPT,2022,16.0,Quản lý văn hóa
152602,TDM,quan-ly-van-hoa,D01,Điểm thi THPT,2022,16.0,Quản lý văn hóa
152603,TDM,quan-tri-kinh-doanh,A00,Điểm học bạ,2021,22.5,Quản trị Kinh doanh
152604,TDM,quan-tri-kinh-doanh,A01,Điểm học bạ,2021,22.5,Quản trị Kinh doanh
152605,TDM,quan-tri-kinh-doanh,A16,Điểm học bạ,2021,22.5,Quản trị Kinh doanh
152606,TDM,quan-tri-kinh-doanh,D01,Điểm học bạ,2021,22.5,Quản trị Kinh doanh
152607,TDM,quan-tri-kinh-doanh,A00,Điểm thi THPT,2021,17.5,Quản trị Kinh doanh
152608,TDM,quan-tri-kinh-doanh,A01,Điểm thi THPT,2021,17.5,Quản trị Kinh doanh
152609,TDM,quan-tri-kinh-doanh,A16,Điểm thi THPT,2021,17.5,Quản trị Kinh doanh
152610,TDM,quan-tri-kinh-doanh,D01,Điểm thi THPT,2021,17.5,Quản trị Kinh doanh
152611,TDM,quan-tri-kinh-doanh,A00,Điểm học bạ,2022,23.0,Quản trị Kinh doanh
152612,TDM,quan-tri-kinh-doanh,A01,Điểm học bạ,2022,23.0,Quản trị Kinh doanh
152613,TDM,quan-tri-kinh-doanh,A16,Điểm học bạ,2022,23.0,Quản trị Kinh doanh
152614,TDM,quan-tri-kinh-doanh,D01,Điểm học bạ,2022,23.0,Quản trị Kinh doanh
152615,TDM,quan-tri-kinh-doanh,A00,Điểm thi THPT,2022,18.5,Quản trị Kinh doanh
152616,TDM,quan-tri-kinh-doanh,A01,Điểm thi THPT,2022,18.5,Quản trị Kinh doanh
152617,TDM,quan-tri-kinh-doanh,A16,Điểm thi THPT,2022,18.5,Quản trị Kinh doanh
152618,TDM,quan-tri-kinh-doanh,D01,Điểm thi THPT,2022,18.5,Quản trị Kinh doanh
152619,TDM,quan-tri-kinh-doanh,A00,Điểm học bạ,2023,24.5,Quản trị Kinh doanh
152620,TDM,quan-tri-kinh-doanh,A01,Điểm học bạ,2023,24.5,Quản trị Kinh doanh
152621,TDM,quan-tri-kinh-doanh,A16,Điểm học bạ,2023,24.5,Quản trị Kinh doanh
152622,TDM,quan-tri-kinh-doanh,D01,Điểm học bạ,2023,24.5,Quản trị Kinh doanh
152623,TDM,quan-tri-kinh-doanh,A00,Điểm thi THPT,2023,19.25,Quản trị Kinh doanh
152624,TDM,quan-tri-kinh-doanh,A01,Điểm thi THPT,2023,19.25,Quản trị Kinh doanh
152625,TDM,quan-tri-kinh-doanh,A16,Điểm thi THPT,2023,19.25,Quản trị Kinh doanh
152626,TDM,quan-tri-kinh-doanh,D01,Điểm thi THPT,2023,19.25,Quản trị Kinh doanh
152627,TDM,quan-tri-kinh-doanh,A00,Điểm học bạ,2024,24.5,Quản trị Kinh doanh
152628,TDM,quan-tri-kinh-doanh,A01,Điểm học bạ,2024,24.5,Quản trị Kinh doanh
152629,TDM,quan-tri-kinh-doanh,A16,Điểm học bạ,2024,24.5,Quản trị Kinh doanh
152630,TDM,quan-tri-kinh-doanh,D01,Điểm học bạ,2024,24.5,Quản trị Kinh doanh
152631,TDM,quan-tri-kinh-doanh,A00,Điểm thi THPT,2024,21.4,Quản trị kinh doanh
152632,TDM,quan-tri-kinh-doanh,A01,Điểm thi THPT,2024,21.4,Quản trị kinh doanh
152633,TDM,quan-tri-kinh-doanh,A16,Điểm thi THPT,2024,21.4,Quản trị kinh doanh
152634,TDM,quan-tri-kinh-doanh,D01,Điểm thi THPT,2024,21.4,Quản trị kinh doanh
152635,TDM,quan-tri-kinh-doanh,A00,Điểm học bạ,2025,23.0,Quản trị kinh doanh
152636,TDM,quan-tri-kinh-doanh,A01,Điểm học bạ,2025,23.0,Quản trị kinh doanh
152637,TDM,quan-tri-kinh-doanh,A02,Điểm học bạ,2025,23.0,Quản trị kinh doanh
152638,TDM,quan-tri-kinh-doanh,C01,Điểm học bạ,2025,23.0,Quản trị kinh doanh
152639,TDM,quan-tri-kinh-doanh,D01,Điểm học bạ,2025,23.0,Quản trị kinh doanh
152640,TDM,quan-tri-kinh-doanh,D07,Điểm học bạ,2025,23.0,Quản trị kinh doanh
152641,TDM,quan-tri-kinh-doanh,X01,Điểm học bạ,2025,23.0,Quản trị kinh doanh
152642,TDM,quan-tri-kinh-doanh,X02,Điểm học bạ,2025,23.0,Quản trị kinh doanh
152643,TDM,quan-tri-kinh-doanh,X03,Điểm học bạ,2025,23.0,Quản trị kinh doanh
152644,TDM,quan-tri-kinh-doanh,X09,Điểm học bạ,2025,23.0,Quản trị kinh doanh
152645,TDM,quan-tri-kinh-doanh,A00,Điểm thi THPT,2025,22.25,Quản trị kinh doanh
152646,TDM,quan-tri-kinh-doanh,A01,Điểm thi THPT,2025,22.25,Quản trị kinh doanh
152647,TDM,quan-tri-kinh-doanh,A02,Điểm thi THPT,2025,22.25,Quản trị kinh doanh
152648,TDM,quan-tri-kinh-doanh,C01,Điểm thi THPT,2025,22.25,Quản trị kinh doanh
152649,TDM,quan-tri-kinh-doanh,D01,Điểm thi THPT,2025,22.25,Quản trị kinh doanh
152650,TDM,quan-tri-kinh-doanh,D07,Điểm thi THPT,2025,22.25,Quản trị kinh doanh
152651,TDM,quan-tri-kinh-doanh,X01,Điểm thi THPT,2025,22.25,Quản trị kinh doanh
152652,TDM,quan-tri-kinh-doanh,X02,Điểm thi THPT,2025,22.25,Quản trị kinh doanh
152653,TDM,quan-tri-kinh-doanh,X03,Điểm thi THPT,2025,22.25,Quản trị kinh doanh
152654,TDM,quan-tri-kinh-doanh,X09,Điểm thi THPT,2025,22.25,Quản trị kinh doanh
152655,TDM,quy-hoach-vung-va-do-thi,A00,Điểm học bạ,2021,15.0,Quy hoạch Vùng và Đô thị
152656,TDM,quy-hoach-vung-va-do-thi,A16,Điểm học bạ,2021,15.0,Quy hoạch Vùng và Đô thị
152657,TDM,quy-hoach-vung-va-do-thi,D01,Điểm học bạ,2021,15.0,Quy hoạch Vùng và Đô thị
152658,TDM,quy-hoach-vung-va-do-thi,V00,Điểm học bạ,2021,15.0,Quy hoạch Vùng và Đô thị
152659,TDM,quy-hoach-vung-va-do-thi,A00,Điểm thi THPT,2021,15.0,Quy hoạch Vùng và Đô thị
152660,TDM,quy-hoach-vung-va-do-thi,A16,Điểm thi THPT,2021,15.0,Quy hoạch Vùng và Đô thị
152661,TDM,quy-hoach-vung-va-do-thi,D01,Điểm thi THPT,2021,15.0,Quy hoạch Vùng và Đô thị
152662,TDM,quy-hoach-vung-va-do-thi,V00,Điểm thi THPT,2021,15.0,Quy hoạch Vùng và Đô thị
152663,TDM,su-pham-lich-su,C00,Điểm học bạ,2021,24.0,Sư phạm Lịch sử
152664,TDM,su-pham-lich-su,C14,Điểm học bạ,2021,24.0,Sư phạm Lịch sử
152665,TDM,su-pham-lich-su,C15,Điểm học bạ,2021,24.0,Sư phạm Lịch sử
152666,TDM,su-pham-lich-su,D01,Điểm học bạ,2021,24.0,Sư phạm Lịch sử
152667,TDM,su-pham-lich-su,C00,Điểm thi THPT,2021,19.0,Sư phạm Lịch sử
152668,TDM,su-pham-lich-su,C14,Điểm thi THPT,2021,19.0,Sư phạm Lịch sử
152669,TDM,su-pham-lich-su,C15,Điểm thi THPT,2021,19.0,Sư phạm Lịch sử
152670,TDM,su-pham-lich-su,D01,Điểm thi THPT,2021,19.0,Sư phạm Lịch sử
152671,TDM,su-pham-lich-su,C00,Điểm học bạ,2022,24.0,Sư phạm Lịch sử
152672,TDM,su-pham-lich-su,C14,Điểm học bạ,2022,24.0,Sư phạm Lịch sử
152673,TDM,su-pham-lich-su,C15,Điểm học bạ,2022,24.0,Sư phạm Lịch sử
152674,TDM,su-pham-lich-su,D01,Điểm học bạ,2022,24.0,Sư phạm Lịch sử
152675,TDM,su-pham-lich-su,C00,Điểm thi THPT,2022,24.0,Sư phạm Lịch sử
152676,TDM,su-pham-lich-su,C14,Điểm thi THPT,2022,24.0,Sư phạm Lịch sử
152677,TDM,su-pham-lich-su,C15,Điểm thi THPT,2022,24.0,Sư phạm Lịch sử
152678,TDM,su-pham-lich-su,D01,Điểm thi THPT,2022,24.0,Sư phạm Lịch sử
152679,TDM,su-pham-ngu-van,C00,Điểm học bạ,2021,24.0,Sư phạm Ngữ Văn
152680,TDM,su-pham-ngu-van,C15,Điểm học bạ,2021,24.0,Sư phạm Ngữ Văn
152681,TDM,su-pham-ngu-van,D01,Điểm học bạ,2021,24.0,Sư phạm Ngữ Văn
152682,TDM,su-pham-ngu-van,D14,Điểm học bạ,2021,24.0,Sư phạm Ngữ Văn
152683,TDM,su-pham-ngu-van,C00,Điểm thi THPT,2021,19.0,Sư phạm Ngữ Văn
152684,TDM,su-pham-ngu-van,C15,Điểm thi THPT,2021,19.0,Sư phạm Ngữ Văn
152685,TDM,su-pham-ngu-van,D01,Điểm thi THPT,2021,19.0,Sư phạm Ngữ Văn
152686,TDM,su-pham-ngu-van,D14,Điểm thi THPT,2021,19.0,Sư phạm Ngữ Văn
152687,TDM,su-pham-ngu-van,C00,Điểm học bạ,2022,27.0,Sư phạm Ngữ Văn
152688,TDM,su-pham-ngu-van,C15,Điểm học bạ,2022,27.0,Sư phạm Ngữ Văn
152689,TDM,su-pham-ngu-van,D01,Điểm học bạ,2022,27.0,Sư phạm Ngữ Văn
152690,TDM,su-pham-ngu-van,D14,Điểm học bạ,2022,27.0,Sư phạm Ngữ Văn
152691,TDM,su-pham-ngu-van,C00,Điểm thi THPT,2022,24.0,Sư phạm Ngữ Văn
152692,TDM,su-pham-ngu-van,C15,Điểm thi THPT,2022,24.0,Sư phạm Ngữ Văn
152693,TDM,su-pham-ngu-van,D01,Điểm thi THPT,2022,24.0,Sư phạm Ngữ Văn
152694,TDM,su-pham-ngu-van,D14,Điểm thi THPT,2022,24.0,Sư phạm Ngữ Văn
152695,TDM,su-pham-ngu-van,C00,Điểm thi THPT,2023,23.75,Sư phạm Ngữ Văn
152696,TDM,su-pham-ngu-van,C15,Điểm thi THPT,2023,23.75,Sư phạm Ngữ Văn
152697,TDM,su-pham-ngu-van,D01,Điểm thi THPT,2023,23.75,Sư phạm Ngữ Văn
152698,TDM,su-pham-ngu-van,D14,Điểm thi THPT,2023,23.75,Sư phạm Ngữ Văn
152699,TDM,su-pham-ngu-van,C00,Điểm thi THPT,2025,26.86,Sư phạm Ngữ văn
152700,TDM,su-pham-ngu-van,C03,Điểm thi THPT,2025,26.86,Sư phạm Ngữ văn
152701,TDM,su-pham-ngu-van,C04,Điểm thi THPT,2025,26.86,Sư phạm Ngữ văn
152702,TDM,su-pham-ngu-van,C07,Điểm thi THPT,2025,26.86,Sư phạm Ngữ văn
152703,TDM,su-pham-ngu-van,C10,Điểm thi THPT,2025,26.86,Sư phạm Ngữ văn
152704,TDM,su-pham-ngu-van,D01,Điểm thi THPT,2025,26.86,Sư phạm Ngữ văn
152705,TDM,su-pham-ngu-van,D14,Điểm thi THPT,2025,26.86,Sư phạm Ngữ văn
152706,TDM,su-pham-ngu-van,D15,Điểm thi THPT,2025,26.86,Sư phạm Ngữ văn
152707,TDM,su-pham-ngu-van,X70,Điểm thi THPT,2025,26.86,Sư phạm Ngữ văn
152708,TDM,su-pham-ngu-van,X74,Điểm thi THPT,2025,26.86,Sư phạm Ngữ văn
152709,TDM,tai-chinh-ngan-hang,A00,Điểm học bạ,2021,19.0,Tài chính - Ngân hàng
152710,TDM,tai-chinh-ngan-hang,A01,Điểm học bạ,2021,19.0,Tài chính - Ngân hàng
152711,TDM,tai-chinh-ngan-hang,A16,Điểm học bạ,2021,19.0,Tài chính - Ngân hàng
152712,TDM,tai-chinh-ngan-hang,D01,Điểm học bạ,2021,19.0,Tài chính - Ngân hàng
152713,TDM,tai-chinh-ngan-hang,A00,Điểm thi THPT,2021,16.5,Tài chính - Ngân hàng
152714,TDM,tai-chinh-ngan-hang,A01,Điểm thi THPT,2021,16.5,Tài chính - Ngân hàng
152715,TDM,tai-chinh-ngan-hang,A16,Điểm thi THPT,2021,16.5,Tài chính - Ngân hàng
152716,TDM,tai-chinh-ngan-hang,D01,Điểm thi THPT,2021,16.5,Tài chính - Ngân hàng
152717,TDM,tai-chinh-ngan-hang,A00,Điểm học bạ,2022,21.0,Tài chính - Ngân hàng
152718,TDM,tai-chinh-ngan-hang,A01,Điểm học bạ,2022,21.0,Tài chính - Ngân hàng
152719,TDM,tai-chinh-ngan-hang,A16,Điểm học bạ,2022,21.0,Tài chính - Ngân hàng
152720,TDM,tai-chinh-ngan-hang,D01,Điểm học bạ,2022,21.0,Tài chính - Ngân hàng
152721,TDM,tai-chinh-ngan-hang,A00,Điểm thi THPT,2022,17.0,Tài chính - Ngân hàng
152722,TDM,tai-chinh-ngan-hang,A01,Điểm thi THPT,2022,17.0,Tài chính - Ngân hàng
152723,TDM,tai-chinh-ngan-hang,A16,Điểm thi THPT,2022,17.0,Tài chính - Ngân hàng
152724,TDM,tai-chinh-ngan-hang,D01,Điểm thi THPT,2022,17.0,Tài chính - Ngân hàng
152725,TDM,tai-chinh-ngan-hang,A00,Điểm học bạ,2023,24.8,Tài chính - Ngân hàng
152726,TDM,tai-chinh-ngan-hang,A01,Điểm học bạ,2023,24.8,Tài chính - Ngân hàng
152727,TDM,tai-chinh-ngan-hang,A16,Điểm học bạ,2023,24.8,Tài chính - Ngân hàng
152728,TDM,tai-chinh-ngan-hang,D01,Điểm học bạ,2023,24.8,Tài chính - Ngân hàng
152729,TDM,tai-chinh-ngan-hang,A00,Điểm thi THPT,2023,19.25,Tài chính - Ngân hàng
152730,TDM,tai-chinh-ngan-hang,A01,Điểm thi THPT,2023,19.25,Tài chính - Ngân hàng
152731,TDM,tai-chinh-ngan-hang,A16,Điểm thi THPT,2023,19.25,Tài chính - Ngân hàng
152732,TDM,tai-chinh-ngan-hang,D01,Điểm thi THPT,2023,19.25,Tài chính - Ngân hàng
152733,TDM,tai-chinh-ngan-hang,A00,Điểm học bạ,2024,24.5,Tài chính - Ngân hàng
152734,TDM,tai-chinh-ngan-hang,A01,Điểm học bạ,2024,24.5,Tài chính - Ngân hàng
152735,TDM,tai-chinh-ngan-hang,A16,Điểm học bạ,2024,24.5,Tài chính - Ngân hàng
152736,TDM,tai-chinh-ngan-hang,D01,Điểm học bạ,2024,24.5,Tài chính - Ngân hàng
152737,TDM,tai-chinh-ngan-hang,A00,Điểm thi THPT,2024,21.4,Tài chính - Ngân hàng
152738,TDM,tai-chinh-ngan-hang,A01,Điểm thi THPT,2024,21.4,Tài chính - Ngân hàng
152739,TDM,tai-chinh-ngan-hang,A16,Điểm thi THPT,2024,21.4,Tài chính - Ngân hàng
152740,TDM,tai-chinh-ngan-hang,D01,Điểm thi THPT,2024,21.4,Tài chính - Ngân hàng
152741,TDM,tai-chinh-ngan-hang,A00,Điểm học bạ,2025,23.5,Tài chính - Ngân hàng
152742,TDM,tai-chinh-ngan-hang,A01,Điểm học bạ,2025,23.5,Tài chính - Ngân hàng
152743,TDM,tai-chinh-ngan-hang,A02,Điểm học bạ,2025,23.5,Tài chính - Ngân hàng
152744,TDM,tai-chinh-ngan-hang,C01,Điểm học bạ,2025,23.5,Tài chính - Ngân hàng
152745,TDM,tai-chinh-ngan-hang,D01,Điểm học bạ,2025,23.5,Tài chính - Ngân hàng
152746,TDM,tai-chinh-ngan-hang,D07,Điểm học bạ,2025,23.5,Tài chính - Ngân hàng
152747,TDM,tai-chinh-ngan-hang,X01,Điểm học bạ,2025,23.5,Tài chính - Ngân hàng
152748,TDM,tai-chinh-ngan-hang,X02,Điểm học bạ,2025,23.5,Tài chính - Ngân hàng
152749,TDM,tai-chinh-ngan-hang,X03,Điểm học bạ,2025,23.5,Tài chính - Ngân hàng
152750,TDM,tai-chinh-ngan-hang,X09,Điểm học bạ,2025,23.5,Tài chính - Ngân hàng
152751,TDM,tai-chinh-ngan-hang,A00,Điểm thi THPT,2025,22.75,Tài chính - Ngân hàng
152752,TDM,tai-chinh-ngan-hang,A01,Điểm thi THPT,2025,22.75,Tài chính - Ngân hàng
152753,TDM,tai-chinh-ngan-hang,A02,Điểm thi THPT,2025,22.75,Tài chính - Ngân hàng
152754,TDM,tai-chinh-ngan-hang,C01,Điểm thi THPT,2025,22.75,Tài chính - Ngân hàng
152755,TDM,tai-chinh-ngan-hang,D01,Điểm thi THPT,2025,22.75,Tài chính - Ngân hàng
152756,TDM,tai-chinh-ngan-hang,D07,Điểm thi THPT,2025,22.75,Tài chính - Ngân hàng
152757,TDM,tai-chinh-ngan-hang,X01,Điểm thi THPT,2025,22.75,Tài chính - Ngân hàng
152758,TDM,tai-chinh-ngan-hang,X02,Điểm thi THPT,2025,22.75,Tài chính - Ngân hàng
152759,TDM,tai-chinh-ngan-hang,X03,Điểm thi THPT,2025,22.75,Tài chính - Ngân hàng
152760,TDM,tai-chinh-ngan-hang,X09,Điểm thi THPT,2025,22.75,Tài chính - Ngân hàng
152761,TDM,tam-ly-hoc,B08,Điểm học bạ,2021,18.0,Tâm lý học
152762,TDM,tam-ly-hoc,C00,Điểm học bạ,2021,18.0,Tâm lý học
152763,TDM,tam-ly-hoc,C14,Điểm học bạ,2021,18.0,Tâm lý học
152764,TDM,tam-ly-hoc,D01,Điểm học bạ,2021,18.0,Tâm lý học
152765,TDM,tam-ly-hoc,B08,Điểm thi THPT,2021,15.0,Tâm lý học
152766,TDM,tam-ly-hoc,C00,Điểm thi THPT,2021,15.0,Tâm lý học
152767,TDM,tam-ly-hoc,C14,Điểm thi THPT,2021,15.0,Tâm lý học
152768,TDM,tam-ly-hoc,D01,Điểm thi THPT,2021,15.0,Tâm lý học
152769,TDM,tam-ly-hoc,B08,Điểm học bạ,2022,18.0,Tâm lý học
152770,TDM,tam-ly-hoc,C00,Điểm học bạ,2022,18.0,Tâm lý học
152771,TDM,tam-ly-hoc,C14,Điểm học bạ,2022,18.0,Tâm lý học
152772,TDM,tam-ly-hoc,D01,Điểm học bạ,2022,18.0,Tâm lý học
152773,TDM,tam-ly-hoc,B08,Điểm thi THPT,2022,15.5,Tâm lý học
152774,TDM,tam-ly-hoc,C00,Điểm thi THPT,2022,15.5,Tâm lý học
152775,TDM,tam-ly-hoc,C14,Điểm thi THPT,2022,15.5,Tâm lý học
152776,TDM,tam-ly-hoc,D01,Điểm thi THPT,2022,15.5,Tâm lý học
152777,TDM,tam-ly-hoc,B08,Điểm học bạ,2023,26.0,Tâm lý học
152778,TDM,tam-ly-hoc,C00,Điểm học bạ,2023,26.0,Tâm lý học
152779,TDM,tam-ly-hoc,C14,Điểm học bạ,2023,26.0,Tâm lý học
152780,TDM,tam-ly-hoc,D01,Điểm học bạ,2023,26.0,Tâm lý học
152781,TDM,tam-ly-hoc,B08,Điểm thi THPT,2023,22.25,Tâm lý học
152782,TDM,tam-ly-hoc,C00,Điểm thi THPT,2023,22.25,Tâm lý học
152783,TDM,tam-ly-hoc,C14,Điểm thi THPT,2023,22.25,Tâm lý học
152784,TDM,tam-ly-hoc,D01,Điểm thi THPT,2023,22.25,Tâm lý học
152785,TDM,tam-ly-hoc,B08,Điểm học bạ,2024,22.0,Tâm lý học
152786,TDM,tam-ly-hoc,C00,Điểm học bạ,2024,22.0,Tâm lý học
152787,TDM,tam-ly-hoc,C14,Điểm học bạ,2024,22.0,Tâm lý học
152788,TDM,tam-ly-hoc,D01,Điểm học bạ,2024,22.0,Tâm lý học
152789,TDM,tam-ly-hoc,B08,Điểm thi THPT,2024,25.0,Tâm lý học
152790,TDM,tam-ly-hoc,C00,Điểm thi THPT,2024,25.0,Tâm lý học
152791,TDM,tam-ly-hoc,C14,Điểm thi THPT,2024,25.0,Tâm lý học
152792,TDM,tam-ly-hoc,D01,Điểm thi THPT,2024,25.0,Tâm lý học
152793,TDM,tam-ly-hoc,C00,Điểm học bạ,2025,23.5,Tâm lý học
152794,TDM,tam-ly-hoc,C03,Điểm học bạ,2025,23.5,Tâm lý học
152795,TDM,tam-ly-hoc,C04,Điểm học bạ,2025,23.5,Tâm lý học
152796,TDM,tam-ly-hoc,C07,Điểm học bạ,2025,23.5,Tâm lý học
152797,TDM,tam-ly-hoc,D01,Điểm học bạ,2025,23.5,Tâm lý học
152798,TDM,tam-ly-hoc,D14,Điểm học bạ,2025,23.5,Tâm lý học
152799,TDM,tam-ly-hoc,D15,Điểm học bạ,2025,23.5,Tâm lý học
152800,TDM,tam-ly-hoc,X01,Điểm học bạ,2025,23.5,Tâm lý học
152801,TDM,tam-ly-hoc,X70,Điểm học bạ,2025,23.5,Tâm lý học
152802,TDM,tam-ly-hoc,X74,Điểm học bạ,2025,23.5,Tâm lý học
152803,TDM,tam-ly-hoc,C00,Điểm thi THPT,2025,22.75,Tâm lý học
152804,TDM,tam-ly-hoc,C03,Điểm thi THPT,2025,22.75,Tâm lý học
152805,TDM,tam-ly-hoc,C04,Điểm thi THPT,2025,22.75,Tâm lý học
152806,TDM,tam-ly-hoc,C07,Điểm thi THPT,2025,22.75,Tâm lý học
152807,TDM,tam-ly-hoc,D01,Điểm thi THPT,2025,22.75,Tâm lý học
152808,TDM,tam-ly-hoc,D14,Điểm thi THPT,2025,22.75,Tâm lý học
152809,TDM,tam-ly-hoc,D15,Điểm thi THPT,2025,22.75,Tâm lý học
152810,TDM,tam-ly-hoc,X01,Điểm thi THPT,2025,22.75,Tâm lý học
152811,TDM,tam-ly-hoc,X70,Điểm thi THPT,2025,22.75,Tâm lý học
152812,TDM,tam-ly-hoc,X74,Điểm thi THPT,2025,22.75,Tâm lý học
152813,TDM,thiet-ke-do-hoa,A00,Điểm học bạ,2021,18.5,Thiết kế Đồ họa
152814,TDM,thiet-ke-do-hoa,D01,Điểm học bạ,2021,18.5,Thiết kế Đồ họa
152815,TDM,thiet-ke-do-hoa,V00,Điểm học bạ,2021,18.5,Thiết kế Đồ họa
152816,TDM,thiet-ke-do-hoa,V01,Điểm học bạ,2021,18.5,Thiết kế Đồ họa
152817,TDM,thiet-ke-do-hoa,A00,Điểm thi THPT,2021,16.0,Thiết kế Đồ họa
152818,TDM,thiet-ke-do-hoa,D01,Điểm thi THPT,2021,16.0,Thiết kế Đồ họa
152819,TDM,thiet-ke-do-hoa,V00,Điểm thi THPT,2021,16.0,Thiết kế Đồ họa
152820,TDM,thiet-ke-do-hoa,V01,Điểm thi THPT,2021,16.0,Thiết kế Đồ họa
152821,TDM,thiet-ke-do-hoa,A00,Điểm học bạ,2022,19.0,Thiết kế Đồ họa
152822,TDM,thiet-ke-do-hoa,D01,Điểm học bạ,2022,19.0,Thiết kế Đồ họa
152823,TDM,thiet-ke-do-hoa,V00,Điểm học bạ,2022,19.0,Thiết kế Đồ họa
152824,TDM,thiet-ke-do-hoa,V01,Điểm học bạ,2022,19.0,Thiết kế Đồ họa
152825,TDM,thiet-ke-do-hoa,A00,Điểm thi THPT,2022,17.0,Thiết kế Đồ họa
152826,TDM,thiet-ke-do-hoa,D01,Điểm thi THPT,2022,17.0,Thiết kế Đồ họa
152827,TDM,thiet-ke-do-hoa,V00,Điểm thi THPT,2022,17.0,Thiết kế Đồ họa
152828,TDM,thiet-ke-do-hoa,V01,Điểm thi THPT,2022,17.0,Thiết kế Đồ họa
152829,TDM,thiet-ke-do-hoa,A00,Điểm học bạ,2023,26.0,Thiết kế đồ họa
152830,TDM,thiet-ke-do-hoa,D01,Điểm học bạ,2023,26.0,Thiết kế đồ họa
152831,TDM,thiet-ke-do-hoa,V00,Điểm học bạ,2023,26.0,Thiết kế đồ họa
152832,TDM,thiet-ke-do-hoa,V01,Điểm học bạ,2023,26.0,Thiết kế đồ họa
152833,TDM,thiet-ke-do-hoa,A00,Điểm thi THPT,2023,21.75,Thiết kế đồ họa
152834,TDM,thiet-ke-do-hoa,D01,Điểm thi THPT,2023,21.75,Thiết kế đồ họa
152835,TDM,thiet-ke-do-hoa,V00,Điểm thi THPT,2023,21.75,Thiết kế đồ họa
152836,TDM,thiet-ke-do-hoa,V01,Điểm thi THPT,2023,21.75,Thiết kế đồ họa
152837,TDM,thiet-ke-do-hoa,A00,Điểm học bạ,2024,8.4,Thiết kế đồ họa
152838,TDM,thiet-ke-do-hoa,D01,Điểm học bạ,2024,8.4,Thiết kế đồ họa
152839,TDM,thiet-ke-do-hoa,V00,Điểm học bạ,2024,8.4,Thiết kế đồ họa
152840,TDM,thiet-ke-do-hoa,V01,Điểm học bạ,2024,8.4,Thiết kế đồ họa
152841,TDM,thiet-ke-do-hoa,A00,Điểm thi THPT,2024,20.5,Thiết kế đồ họa
152842,TDM,thiet-ke-do-hoa,D01,Điểm thi THPT,2024,20.5,Thiết kế đồ họa
152843,TDM,thiet-ke-do-hoa,V00,Điểm thi THPT,2024,20.5,Thiết kế đồ họa
152844,TDM,thiet-ke-do-hoa,V01,Điểm thi THPT,2024,20.5,Thiết kế đồ họa
152845,TDM,thiet-ke-do-hoa,A00,Điểm học bạ,2025,24.0,Thiết kế đồ họa
152846,TDM,thiet-ke-do-hoa,A01,Điểm học bạ,2025,24.0,Thiết kế đồ họa
152847,TDM,thiet-ke-do-hoa,C01,Điểm học bạ,2025,24.0,Thiết kế đồ họa
152848,TDM,thiet-ke-do-hoa,C03,Điểm học bạ,2025,24.0,Thiết kế đồ họa
152849,TDM,thiet-ke-do-hoa,D01,Điểm học bạ,2025,24.0,Thiết kế đồ họa
152850,TDM,thiet-ke-do-hoa,V00,Điểm học bạ,2025,24.0,Thiết kế đồ họa
152851,TDM,thiet-ke-do-hoa,V01,Điểm học bạ,2025,24.0,Thiết kế đồ họa
152852,TDM,thiet-ke-do-hoa,V02,Điểm học bạ,2025,24.0,Thiết kế đồ họa
152853,TDM,thiet-ke-do-hoa,X01,Điểm học bạ,2025,24.0,Thiết kế đồ họa
152854,TDM,thiet-ke-do-hoa,X02,Điểm học bạ,2025,24.0,Thiết kế đồ họa
152855,TDM,thiet-ke-do-hoa,A00,Điểm thi THPT,2025,23.25,Thiết kế đồ họa
152856,TDM,thiet-ke-do-hoa,A01,Điểm thi THPT,2025,23.25,Thiết kế đồ họa
152857,TDM,thiet-ke-do-hoa,C01,Điểm thi THPT,2025,23.25,Thiết kế đồ họa
152858,TDM,thiet-ke-do-hoa,C03,Điểm thi THPT,2025,23.25,Thiết kế đồ họa
152859,TDM,thiet-ke-do-hoa,D01,Điểm thi THPT,2025,23.25,Thiết kế đồ họa
152860,TDM,thiet-ke-do-hoa,V00,Điểm thi THPT,2025,23.25,Thiết kế đồ họa
152861,TDM,thiet-ke-do-hoa,V01,Điểm thi THPT,2025,23.25,Thiết kế đồ họa
152862,TDM,thiet-ke-do-hoa,V02,Điểm thi THPT,2025,23.25,Thiết kế đồ họa
152863,TDM,thiet-ke-do-hoa,X01,Điểm thi THPT,2025,23.25,Thiết kế đồ họa
152864,TDM,thiet-ke-do-hoa,X02,Điểm thi THPT,2025,23.25,Thiết kế đồ họa
152865,TDM,thuong-mai-dien-tu,A00,Điểm học bạ,2022,18.0,Thương mại điện tử
152866,TDM,thuong-mai-dien-tu,A01,Điểm học bạ,2022,18.0,Thương mại điện tử
152867,TDM,thuong-mai-dien-tu,D01,Điểm học bạ,2022,18.0,Thương mại điện tử
152868,TDM,thuong-mai-dien-tu,D07,Điểm học bạ,2022,18.0,Thương mại điện tử
152869,TDM,thuong-mai-dien-tu,A00,Điểm thi THPT,2022,18.5,Thương mại điện tử
152870,TDM,thuong-mai-dien-tu,A01,Điểm thi THPT,2022,18.5,Thương mại điện tử
152871,TDM,thuong-mai-dien-tu,D01,Điểm thi THPT,2022,18.5,Thương mại điện tử
152872,TDM,thuong-mai-dien-tu,D07,Điểm thi THPT,2022,18.5,Thương mại điện tử
152873,TDM,thuong-mai-dien-tu,A00,Điểm học bạ,2023,27.0,Thương mại điện tử
152874,TDM,thuong-mai-dien-tu,A01,Điểm học bạ,2023,27.0,Thương mại điện tử
152875,TDM,thuong-mai-dien-tu,D01,Điểm học bạ,2023,27.0,Thương mại điện tử
152876,TDM,thuong-mai-dien-tu,D07,Điểm học bạ,2023,27.0,Thương mại điện tử
152877,TDM,thuong-mai-dien-tu,A00,Điểm thi THPT,2023,21.5,Thương mại điện tử
152878,TDM,thuong-mai-dien-tu,A01,Điểm thi THPT,2023,21.5,Thương mại điện tử
152879,TDM,thuong-mai-dien-tu,D01,Điểm thi THPT,2023,21.5,Thương mại điện tử
152880,TDM,thuong-mai-dien-tu,D07,Điểm thi THPT,2023,21.5,Thương mại điện tử
152881,TDM,thuong-mai-dien-tu,A00,Điểm học bạ,2024,8.5,Thương mại điện tử
152882,TDM,thuong-mai-dien-tu,A01,Điểm học bạ,2024,8.5,Thương mại điện tử
152883,TDM,thuong-mai-dien-tu,D01,Điểm học bạ,2024,8.5,Thương mại điện tử
152884,TDM,thuong-mai-dien-tu,D07,Điểm học bạ,2024,8.5,Thương mại điện tử
152885,TDM,thuong-mai-dien-tu,A00,Điểm thi THPT,2024,21.6,Thương mại điện tử
152886,TDM,thuong-mai-dien-tu,A01,Điểm thi THPT,2024,21.6,Thương mại điện tử
152887,TDM,thuong-mai-dien-tu,D01,Điểm thi THPT,2024,21.6,Thương mại điện tử
152888,TDM,thuong-mai-dien-tu,D07,Điểm thi THPT,2024,21.6,Thương mại điện tử
152889,TDM,thuong-mai-dien-tu,A00,Điểm học bạ,2025,23.0,Thương mại điện tử
152890,TDM,thuong-mai-dien-tu,A01,Điểm học bạ,2025,23.0,Thương mại điện tử
152891,TDM,thuong-mai-dien-tu,A02,Điểm học bạ,2025,23.0,Thương mại điện tử
152892,TDM,thuong-mai-dien-tu,C01,Điểm học bạ,2025,23.0,Thương mại điện tử
152893,TDM,thuong-mai-dien-tu,D01,Điểm học bạ,2025,23.0,Thương mại điện tử
152894,TDM,thuong-mai-dien-tu,D07,Điểm học bạ,2025,23.0,Thương mại điện tử
152895,TDM,thuong-mai-dien-tu,X01,Điểm học bạ,2025,23.0,Thương mại điện tử
152896,TDM,thuong-mai-dien-tu,X02,Điểm học bạ,2025,23.0,Thương mại điện tử
152897,TDM,thuong-mai-dien-tu,X03,Điểm học bạ,2025,23.0,Thương mại điện tử
152898,TDM,thuong-mai-dien-tu,X09,Điểm học bạ,2025,23.0,Thương mại điện tử
152899,TDM,thuong-mai-dien-tu,A00,Điểm thi THPT,2025,22.25,Thương mại điện tử
152900,TDM,thuong-mai-dien-tu,A01,Điểm thi THPT,2025,22.25,Thương mại điện tử
152901,TDM,thuong-mai-dien-tu,A02,Điểm thi THPT,2025,22.25,Thương mại điện tử
152902,TDM,thuong-mai-dien-tu,C01,Điểm thi THPT,2025,22.25,Thương mại điện tử
152903,TDM,thuong-mai-dien-tu,D01,Điểm thi THPT,2025,22.25,Thương mại điện tử
152904,TDM,thuong-mai-dien-tu,D07,Điểm thi THPT,2025,22.25,Thương mại điện tử
152905,TDM,thuong-mai-dien-tu,X01,Điểm thi THPT,2025,22.25,Thương mại điện tử
152906,TDM,thuong-mai-dien-tu,X02,Điểm thi THPT,2025,22.25,Thương mại điện tử
152907,TDM,thuong-mai-dien-tu,X03,Điểm thi THPT,2025,22.25,Thương mại điện tử
152908,TDM,thuong-mai-dien-tu,X09,Điểm thi THPT,2025,22.25,Thương mại điện tử
152909,TDM,toan-hoc,A00,Điểm học bạ,2021,18.0,Toán học
152910,TDM,toan-hoc,A01,Điểm học bạ,2021,18.0,Toán học
152911,TDM,toan-hoc,A16,Điểm học bạ,2021,18.0,Toán học
152912,TDM,toan-hoc,D07,Điểm học bạ,2021,18.0,Toán học
152913,TDM,toan-hoc,A00,Điểm thi THPT,2021,15.0,Toán học
152914,TDM,toan-hoc,A01,Điểm thi THPT,2021,15.0,Toán học
152915,TDM,toan-hoc,A16,Điểm thi THPT,2021,15.0,Toán học
152916,TDM,toan-hoc,D07,Điểm thi THPT,2021,15.0,Toán học
152917,TDM,toan-hoc,A00,Điểm học bạ,2022,18.0,Toán học
152918,TDM,toan-hoc,A01,Điểm học bạ,2022,18.0,Toán học
152919,TDM,toan-hoc,A16,Điểm học bạ,2022,18.0,Toán học
152920,TDM,toan-hoc,D07,Điểm học bạ,2022,18.0,Toán học
152921,TDM,toan-hoc,A00,Điểm thi THPT,2022,15.0,Toán học
152922,TDM,toan-hoc,A01,Điểm thi THPT,2022,15.0,Toán học
152923,TDM,toan-hoc,A16,Điểm thi THPT,2022,15.0,Toán học
152924,TDM,toan-hoc,D07,Điểm thi THPT,2022,15.0,Toán học
152925,TDM,toan-hoc,A00,Điểm học bạ,2023,26.3,Toán học
152926,TDM,toan-hoc,A01,Điểm học bạ,2023,26.3,Toán học
152927,TDM,toan-hoc,A16,Điểm học bạ,2023,26.3,Toán học
152928,TDM,toan-hoc,D07,Điểm học bạ,2023,26.3,Toán học
152929,TDM,toan-hoc,A00,Điểm thi THPT,2023,15.5,Toán học
152930,TDM,toan-hoc,A01,Điểm thi THPT,2023,15.5,Toán học
152931,TDM,toan-hoc,A16,Điểm thi THPT,2023,15.5,Toán học
152932,TDM,toan-hoc,D07,Điểm thi THPT,2023,15.5,Toán học
152933,TDM,toan-hoc,A00,Điểm học bạ,2024,22.0,Toán học
152934,TDM,toan-hoc,A16,Điểm học bạ,2024,22.0,Toán học
152935,TDM,toan-hoc,B00,Điểm học bạ,2024,22.0,Toán học
152936,TDM,toan-hoc,D07,Điểm học bạ,2024,22.0,Toán học
152937,TDM,toan-hoc,A00,Điểm thi THPT,2024,23.0,Toán học
152938,TDM,toan-hoc,A01,Điểm thi THPT,2024,23.0,Toán học
152939,TDM,toan-hoc,A16,Điểm thi THPT,2024,23.0,Toán học
152940,TDM,toan-hoc,D07,Điểm thi THPT,2024,23.0,Toán học
152941,TDM,toan-hoc,A00,Điểm học bạ,2025,25.25,Toán học
152942,TDM,toan-hoc,A01,Điểm học bạ,2025,25.25,Toán học
152943,TDM,toan-hoc,A02,Điểm học bạ,2025,25.25,Toán học
152944,TDM,toan-hoc,C01,Điểm học bạ,2025,25.25,Toán học
152945,TDM,toan-hoc,D01,Điểm học bạ,2025,25.25,Toán học
152946,TDM,toan-hoc,D07,Điểm học bạ,2025,25.25,Toán học
152947,TDM,toan-hoc,X02,Điểm học bạ,2025,25.25,Toán học
152948,TDM,toan-hoc,X03,Điểm học bạ,2025,25.25,Toán học
152949,TDM,toan-hoc,X05,Điểm học bạ,2025,25.25,Toán học
152950,TDM,toan-hoc,X16,Điểm học bạ,2025,25.25,Toán học
152951,TDM,toan-hoc,A00,Điểm thi THPT,2025,24.5,Toán học
152952,TDM,toan-hoc,A01,Điểm thi THPT,2025,24.5,Toán học
152953,TDM,toan-hoc,A02,Điểm thi THPT,2025,24.5,Toán học
152954,TDM,toan-hoc,C01,Điểm thi THPT,2025,24.5,Toán học
152955,TDM,toan-hoc,D01,Điểm thi THPT,2025,24.5,Toán học
152956,TDM,toan-hoc,D07,Điểm thi THPT,2025,24.5,Toán học
152957,TDM,toan-hoc,X02,Điểm thi THPT,2025,24.5,Toán học
152958,TDM,toan-hoc,X03,Điểm thi THPT,2025,24.5,Toán học
152959,TDM,toan-hoc,X05,Điểm thi THPT,2025,24.5,Toán học
152960,TDM,toan-hoc,X16,Điểm thi THPT,2025,24.5,Toán học
152961,TDM,tri-tue-nhan-tao-va-khoa-hoc-du-lieu,A00,Điểm học bạ,2021,18.0,Trí tuệ nhân tạo và khoa học dữ liệu
152962,TDM,tri-tue-nhan-tao-va-khoa-hoc-du-lieu,A01,Điểm học bạ,2021,18.0,Trí tuệ nhân tạo và khoa học dữ liệu
152963,TDM,tri-tue-nhan-tao-va-khoa-hoc-du-lieu,C01,Điểm học bạ,2021,18.0,Trí tuệ nhân tạo và khoa học dữ liệu
152964,TDM,tri-tue-nhan-tao-va-khoa-hoc-du-lieu,D90,Điểm học bạ,2021,18.0,Trí tuệ nhân tạo và khoa học dữ liệu
152965,TDM,tri-tue-nhan-tao-va-khoa-hoc-du-lieu,A00,Điểm thi THPT,2021,15.0,Trí tuệ nhân tạo và khoa học dữ liệu
152966,TDM,tri-tue-nhan-tao-va-khoa-hoc-du-lieu,A01,Điểm thi THPT,2021,15.0,Trí tuệ nhân tạo và khoa học dữ liệu
152967,TDM,tri-tue-nhan-tao-va-khoa-hoc-du-lieu,C01,Điểm thi THPT,2021,15.0,Trí tuệ nhân tạo và khoa học dữ liệu
152968,TDM,tri-tue-nhan-tao-va-khoa-hoc-du-lieu,D90,Điểm thi THPT,2021,15.0,Trí tuệ nhân tạo và khoa học dữ liệu
152969,TDM,tri-tue-nhan-tao-va-khoa-hoc-du-lieu,A00,Điểm học bạ,2022,18.0,Trí tuệ nhân tạo và khoa học dữ liệu
152970,TDM,tri-tue-nhan-tao-va-khoa-hoc-du-lieu,A01,Điểm học bạ,2022,18.0,Trí tuệ nhân tạo và khoa học dữ liệu
152971,TDM,tri-tue-nhan-tao-va-khoa-hoc-du-lieu,C01,Điểm học bạ,2022,18.0,Trí tuệ nhân tạo và khoa học dữ liệu
152972,TDM,tri-tue-nhan-tao-va-khoa-hoc-du-lieu,D90,Điểm học bạ,2022,18.0,Trí tuệ nhân tạo và khoa học dữ liệu
152973,TDM,tri-tue-nhan-tao-va-khoa-hoc-du-lieu,A00,Điểm thi THPT,2022,16.0,Trí tuệ nhân tạo và khoa học dữ liệu
152974,TDM,tri-tue-nhan-tao-va-khoa-hoc-du-lieu,A01,Điểm thi THPT,2022,16.0,Trí tuệ nhân tạo và khoa học dữ liệu
152975,TDM,tri-tue-nhan-tao-va-khoa-hoc-du-lieu,C01,Điểm thi THPT,2022,16.0,Trí tuệ nhân tạo và khoa học dữ liệu
152976,TDM,tri-tue-nhan-tao-va-khoa-hoc-du-lieu,D90,Điểm thi THPT,2022,16.0,Trí tuệ nhân tạo và khoa học dữ liệu
152977,TDM,truyen-thong-da-phuong-tien,C00,Điểm học bạ,2021,19.0,Truyền thông đa phương tiện
152978,TDM,truyen-thong-da-phuong-tien,D01,Điểm học bạ,2021,19.0,Truyền thông đa phương tiện
152979,TDM,truyen-thong-da-phuong-tien,D09,Điểm học bạ,2021,19.0,Truyền thông đa phương tiện
152980,TDM,truyen-thong-da-phuong-tien,V01,Điểm học bạ,2021,19.0,Truyền thông đa phương tiện
152981,TDM,truyen-thong-da-phuong-tien,C00,Điểm thi THPT,2021,17.0,Truyền thông đa phương tiện
152982,TDM,truyen-thong-da-phuong-tien,D01,Điểm thi THPT,2021,17.0,Truyền thông đa phương tiện
152983,TDM,truyen-thong-da-phuong-tien,D09,Điểm thi THPT,2021,17.0,Truyền thông đa phương tiện
152984,TDM,truyen-thong-da-phuong-tien,V01,Điểm thi THPT,2021,17.0,Truyền thông đa phương tiện
152985,TDM,truyen-thong-da-phuong-tien,C00,Điểm học bạ,2022,20.0,Truyền thông đa phương tiện
152986,TDM,truyen-thong-da-phuong-tien,D01,Điểm học bạ,2022,20.0,Truyền thông đa phương tiện
152987,TDM,truyen-thong-da-phuong-tien,D09,Điểm học bạ,2022,20.0,Truyền thông đa phương tiện
152988,TDM,truyen-thong-da-phuong-tien,V01,Điểm học bạ,2022,20.0,Truyền thông đa phương tiện
152989,TDM,truyen-thong-da-phuong-tien,C00,Điểm thi THPT,2022,23.0,Truyền thông đa phương tiện
152990,TDM,truyen-thong-da-phuong-tien,D01,Điểm thi THPT,2022,23.0,Truyền thông đa phương tiện
152991,TDM,truyen-thong-da-phuong-tien,D09,Điểm thi THPT,2022,23.0,Truyền thông đa phương tiện
152992,TDM,truyen-thong-da-phuong-tien,V01,Điểm thi THPT,2022,23.0,Truyền thông đa phương tiện
152993,TDM,truyen-thong-da-phuong-tien,C00,Điểm học bạ,2023,25.6,Truyền thông đa phương tiện
152994,TDM,truyen-thong-da-phuong-tien,D01,Điểm học bạ,2023,25.6,Truyền thông đa phương tiện
152995,TDM,truyen-thong-da-phuong-tien,D09,Điểm học bạ,2023,25.6,Truyền thông đa phương tiện
152996,TDM,truyen-thong-da-phuong-tien,V01,Điểm học bạ,2023,25.6,Truyền thông đa phương tiện
152997,TDM,truyen-thong-da-phuong-tien,C00,Điểm thi THPT,2023,23.0,Truyền thông đa phương tiện
152998,TDM,truyen-thong-da-phuong-tien,D01,Điểm thi THPT,2023,23.0,Truyền thông đa phương tiện
152999,TDM,truyen-thong-da-phuong-tien,D09,Điểm thi THPT,2023,23.0,Truyền thông đa phương tiện
153000,TDM,truyen-thong-da-phuong-tien,V01,Điểm thi THPT,2023,23.0,Truyền thông đa phương tiện
153001,TDM,truyen-thong-da-phuong-tien,C00,Điểm học bạ,2024,8.7,Truyền thông đa phương tiện
153002,TDM,truyen-thong-da-phuong-tien,D01,Điểm học bạ,2024,8.7,Truyền thông đa phương tiện
153003,TDM,truyen-thong-da-phuong-tien,D09,Điểm học bạ,2024,8.7,Truyền thông đa phương tiện
153004,TDM,truyen-thong-da-phuong-tien,V01,Điểm học bạ,2024,8.7,Truyền thông đa phương tiện
153005,TDM,truyen-thong-da-phuong-tien,C00,Điểm thi THPT,2024,25.0,Truyền thông đa phương tiện
153006,TDM,truyen-thong-da-phuong-tien,D01,Điểm thi THPT,2024,25.0,Truyền thông đa phương tiện
153007,TDM,truyen-thong-da-phuong-tien,D09,Điểm thi THPT,2024,25.0,Truyền thông đa phương tiện
153008,TDM,truyen-thong-da-phuong-tien,V01,Điểm thi THPT,2024,25.0,Truyền thông đa phương tiện
153009,TDM,truyen-thong-da-phuong-tien,C00,Điểm học bạ,2025,26.5,Truyền thông đa phương tiện
153010,TDM,truyen-thong-da-phuong-tien,C01,Điểm học bạ,2025,26.5,Truyền thông đa phương tiện
153011,TDM,truyen-thong-da-phuong-tien,C03,Điểm học bạ,2025,26.5,Truyền thông đa phương tiện
153012,TDM,truyen-thong-da-phuong-tien,C04,Điểm học bạ,2025,26.5,Truyền thông đa phương tiện
153013,TDM,truyen-thong-da-phuong-tien,D01,Điểm học bạ,2025,26.5,Truyền thông đa phương tiện
153014,TDM,truyen-thong-da-phuong-tien,D14,Điểm học bạ,2025,26.5,Truyền thông đa phương tiện
153015,TDM,truyen-thong-da-phuong-tien,D15,Điểm học bạ,2025,26.5,Truyền thông đa phương tiện
153016,TDM,truyen-thong-da-phuong-tien,X01,Điểm học bạ,2025,26.5,Truyền thông đa phương tiện
153017,TDM,truyen-thong-da-phuong-tien,X70,Điểm học bạ,2025,26.5,Truyền thông đa phương tiện
153018,TDM,truyen-thong-da-phuong-tien,X74,Điểm học bạ,2025,26.5,Truyền thông đa phương tiện
153019,TDM,truyen-thong-da-phuong-tien,C00,Điểm thi THPT,2025,25.75,Truyền thông đa phương tiện
153020,TDM,truyen-thong-da-phuong-tien,C01,Điểm thi THPT,2025,25.75,Truyền thông đa phương tiện
153021,TDM,truyen-thong-da-phuong-tien,C03,Điểm thi THPT,2025,25.75,Truyền thông đa phương tiện
153022,TDM,truyen-thong-da-phuong-tien,C04,Điểm thi THPT,2025,25.75,Truyền thông đa phương tiện
153023,TDM,truyen-thong-da-phuong-tien,D01,Điểm thi THPT,2025,25.75,Truyền thông đa phương tiện
153024,TDM,truyen-thong-da-phuong-tien,D14,Điểm thi THPT,2025,25.75,Truyền thông đa phương tiện
153025,TDM,truyen-thong-da-phuong-tien,D15,Điểm thi THPT,2025,25.75,Truyền thông đa phương tiện
153026,TDM,truyen-thong-da-phuong-tien,X01,Điểm thi THPT,2025,25.75,Truyền thông đa phương tiện
153027,TDM,truyen-thong-da-phuong-tien,X70,Điểm thi THPT,2025,25.75,Truyền thông đa phương tiện
153028,TDM,truyen-thong-da-phuong-tien,X74,Điểm thi THPT,2025,25.75,Truyền thông đa phương tiện
153029,TDM,van-hoa-hoc,C00,Điểm học bạ,2021,16.0,Văn hóa học
153030,TDM,van-hoa-hoc,C14,Điểm học bạ,2021,16.0,Văn hóa học
153031,TDM,van-hoa-hoc,C15,Điểm học bạ,2021,16.0,Văn hóa học
153032,TDM,van-hoa-hoc,D01,Điểm học bạ,2021,16.0,Văn hóa học
153033,TDM,van-hoa-hoc,C00,Điểm thi THPT,2021,15.0,Văn hóa học
153034,TDM,van-hoa-hoc,C14,Điểm thi THPT,2021,15.0,Văn hóa học
153035,TDM,van-hoa-hoc,C15,Điểm thi THPT,2021,15.0,Văn hóa học
153036,TDM,van-hoa-hoc,D01,Điểm thi THPT,2021,15.0,Văn hóa học
153037,TDS,giao-duc-the-chat,T00,Điểm thi THPT,2021,24.0,Giáo dục thể chất
153038,TDS,giao-duc-the-chat,T04,Điểm thi THPT,2021,24.0,Giáo dục thể chất
153039,TDS,giao-duc-the-chat,T05,Điểm thi THPT,2021,24.0,Giáo dục thể chất
153040,TDS,giao-duc-the-chat,T06,Điểm thi THPT,2021,24.0,Giáo dục thể chất
153041,TDS,giao-duc-the-chat,T00,Điểm học bạ,2023,35.0,Giáo dục thể chất
153042,TDS,giao-duc-the-chat,T04,Điểm học bạ,2023,35.0,Giáo dục thể chất
153043,TDS,giao-duc-the-chat,T05,Điểm học bạ,2023,35.0,Giáo dục thể chất
153044,TDS,giao-duc-the-chat,T06,Điểm học bạ,2023,35.0,Giáo dục thể chất
153045,TDS,giao-duc-the-chat,T00,Điểm thi THPT,2023,35.0,Giáo dục thể chất
153046,TDS,giao-duc-the-chat,T04,Điểm thi THPT,2023,35.0,Giáo dục thể chất
153047,TDS,giao-duc-the-chat,T05,Điểm thi THPT,2023,35.0,Giáo dục thể chất
153048,TDS,giao-duc-the-chat,T06,Điểm thi THPT,2023,35.0,Giáo dục thể chất
153049,TDS,giao-duc-the-chat,T00,Điểm học bạ,2025,35.36,Giáo dục thể chất
153050,TDS,giao-duc-the-chat,T01,Điểm học bạ,2025,35.36,Giáo dục thể chất
153051,TDS,giao-duc-the-chat,T04,Điểm học bạ,2025,35.36,Giáo dục thể chất
153052,TDS,giao-duc-the-chat,T06,Điểm học bạ,2025,35.36,Giáo dục thể chất
153053,TDS,giao-duc-the-chat,T00,Điểm thi THPT,2025,35.36,Giáo dục thể chất
153054,TDS,giao-duc-the-chat,T01,Điểm thi THPT,2025,35.36,Giáo dục thể chất
153055,TDS,giao-duc-the-chat,T04,Điểm thi THPT,2025,35.36,Giáo dục thể chất
153056,TDS,giao-duc-the-chat,T06,Điểm thi THPT,2025,35.36,Giáo dục thể chất
153057,TDS,huan-luyen-the-thao,T00,Điểm thi THPT,2021,24.0,Huấn luyện thể thao
153058,TDS,huan-luyen-the-thao,T04,Điểm thi THPT,2021,24.0,Huấn luyện thể thao
153059,TDS,huan-luyen-the-thao,T05,Điểm thi THPT,2021,24.0,Huấn luyện thể thao
153060,TDS,huan-luyen-the-thao,T06,Điểm thi THPT,2021,24.0,Huấn luyện thể thao
153061,TDS,huan-luyen-the-thao,T00,Điểm học bạ,2023,23.0,Huấn luyện thể thao
153062,TDS,huan-luyen-the-thao,T04,Điểm học bạ,2023,23.0,Huấn luyện thể thao
153063,TDS,huan-luyen-the-thao,T05,Điểm học bạ,2023,23.0,Huấn luyện thể thao
153064,TDS,huan-luyen-the-thao,T06,Điểm học bạ,2023,23.0,Huấn luyện thể thao
153065,TDS,huan-luyen-the-thao,T00,Điểm thi THPT,2023,23.0,Huấn luyện thể thao
153066,TDS,huan-luyen-the-thao,T04,Điểm thi THPT,2023,23.0,Huấn luyện thể thao
153067,TDS,huan-luyen-the-thao,T05,Điểm thi THPT,2023,23.0,Huấn luyện thể thao
153068,TDS,huan-luyen-the-thao,T06,Điểm thi THPT,2023,23.0,Huấn luyện thể thao
153069,TDS,huan-luyen-the-thao,T00,Điểm thi THPT,2024,24.0,Huấn luyện thể thao
153070,TDS,huan-luyen-the-thao,T04,Điểm thi THPT,2024,24.0,Huấn luyện thể thao
153071,TDS,huan-luyen-the-thao,T05,Điểm thi THPT,2024,24.0,Huấn luyện thể thao
153072,TDS,huan-luyen-the-thao,T06,Điểm thi THPT,2024,24.0,Huấn luyện thể thao
153073,TDS,huan-luyen-the-thao,T00,Điểm học bạ,2025,21.0,Huấn luyện thể thao
153074,TDS,huan-luyen-the-thao,T01,Điểm học bạ,2025,21.0,Huấn luyện thể thao
153075,TDS,huan-luyen-the-thao,T04,Điểm học bạ,2025,21.0,Huấn luyện thể thao
153076,TDS,huan-luyen-the-thao,T06,Điểm học bạ,2025,21.0,Huấn luyện thể thao
153077,TDS,huan-luyen-the-thao,T00,Điểm thi THPT,2025,21.0,Huấn luyện thể thao
153078,TDS,huan-luyen-the-thao,T01,Điểm thi THPT,2025,21.0,Huấn luyện thể thao
153079,TDS,huan-luyen-the-thao,T04,Điểm thi THPT,2025,21.0,Huấn luyện thể thao
153080,TDS,huan-luyen-the-thao,T06,Điểm thi THPT,2025,21.0,Huấn luyện thể thao
153081,TDS,ouan-ly-the-duc-the-thao,T00,Điểm học bạ,2025,21.0,Ọuản lý thể dục thể thao
153082,TDS,ouan-ly-the-duc-the-thao,T01,Điểm học bạ,2025,21.0,Ọuản lý thể dục thể thao
153083,TDS,ouan-ly-the-duc-the-thao,T04,Điểm học bạ,2025,21.0,Ọuản lý thể dục thể thao
153084,TDS,ouan-ly-the-duc-the-thao,T06,Điểm học bạ,2025,21.0,Ọuản lý thể dục thể thao
153085,TDS,ouan-ly-the-duc-the-thao,T00,Điểm thi THPT,2025,21.0,Ọuản lý thể dục thể thao
153086,TDS,ouan-ly-the-duc-the-thao,T01,Điểm thi THPT,2025,21.0,Ọuản lý thể dục thể thao
153087,TDS,ouan-ly-the-duc-the-thao,T04,Điểm thi THPT,2025,21.0,Ọuản lý thể dục thể thao
153088,TDS,ouan-ly-the-duc-the-thao,T06,Điểm thi THPT,2025,21.0,Ọuản lý thể dục thể thao
153089,TDS,quan-ly-tdtt,T00,Điểm thi THPT,2021,21.0,Quản lý TDTT
153090,TDS,quan-ly-tdtt,T03,Điểm thi THPT,2021,21.0,Quản lý TDTT
153091,TDS,quan-ly-tdtt,T05,Điểm thi THPT,2021,21.0,Quản lý TDTT
153092,TDS,quan-ly-tdtt,T06,Điểm thi THPT,2021,21.0,Quản lý TDTT
153093,TDS,quan-ly-the-duc-the-thao,T00,Điểm học bạ,2023,23.0,Quản lý thể dục thể thao
153094,TDS,quan-ly-the-duc-the-thao,T03,Điểm học bạ,2023,23.0,Quản lý thể dục thể thao
153095,TDS,quan-ly-the-duc-the-thao,T05,Điểm học bạ,2023,23.0,Quản lý thể dục thể thao
153096,TDS,quan-ly-the-duc-the-thao,T06,Điểm học bạ,2023,23.0,Quản lý thể dục thể thao
153097,TDS,quan-ly-the-duc-the-thao,T00,Điểm thi THPT,2023,23.0,Quản lý thể dục thể thao
153098,TDS,quan-ly-the-duc-the-thao,T03,Điểm thi THPT,2023,23.0,Quản lý thể dục thể thao
153099,TDS,quan-ly-the-duc-the-thao,T05,Điểm thi THPT,2023,23.0,Quản lý thể dục thể thao
153100,TDS,quan-ly-the-duc-the-thao,T06,Điểm thi THPT,2023,23.0,Quản lý thể dục thể thao
153101,TDS,quan-ly-the-duc-the-thao,T00,Điểm thi THPT,2024,24.0,Quản lý thể dục thể thao
153102,TDS,quan-ly-the-duc-the-thao,T04,Điểm thi THPT,2024,24.0,Quản lý thể dục thể thao
153103,TDS,quan-ly-the-duc-the-thao,T05,Điểm thi THPT,2024,24.0,Quản lý thể dục thể thao
153104,TDS,quan-ly-the-duc-the-thao,T06,Điểm thi THPT,2024,24.0,Quản lý thể dục thể thao
153105,TDS,y-sinh-hoc-tdtt,T00,Điểm thi THPT,2021,21.0,Y sinh học TDTT
153106,TDS,y-sinh-hoc-tdtt,T03,Điểm thi THPT,2021,21.0,Y sinh học TDTT
153107,TDS,y-sinh-hoc-tdtt,T05,Điểm thi THPT,2021,21.0,Y sinh học TDTT
153108,TDS,y-sinh-hoc-tdtt,T06,Điểm thi THPT,2021,21.0,Y sinh học TDTT
153109,TDS,y-sinh-hoc-the-duc-the-thao,T00,Điểm học bạ,2023,23.0,Y sinh học thể dục thể thao
153110,TDS,y-sinh-hoc-the-duc-the-thao,T03,Điểm học bạ,2023,23.0,Y sinh học thể dục thể thao
153111,TDS,y-sinh-hoc-the-duc-the-thao,T05,Điểm học bạ,2023,23.0,Y sinh học thể dục thể thao
153112,TDS,y-sinh-hoc-the-duc-the-thao,T06,Điểm học bạ,2023,23.0,Y sinh học thể dục thể thao
153113,TDS,y-sinh-hoc-the-duc-the-thao,T00,Điểm thi THPT,2023,23.0,Y sinh học thể dục thể thao
153114,TDS,y-sinh-hoc-the-duc-the-thao,T03,Điểm thi THPT,2023,23.0,Y sinh học thể dục thể thao
153115,TDS,y-sinh-hoc-the-duc-the-thao,T05,Điểm thi THPT,2023,23.0,Y sinh học thể dục thể thao
153116,TDS,y-sinh-hoc-the-duc-the-thao,T06,Điểm thi THPT,2023,23.0,Y sinh học thể dục thể thao
153117,TDS,y-sinh-hoc-the-duc-the-thao,T00,Điểm thi THPT,2024,24.0,Y sinh học thể dục thể thao
153118,TDS,y-sinh-hoc-the-duc-the-thao,T04,Điểm thi THPT,2024,24.0,Y sinh học thể dục thể thao
153119,TDS,y-sinh-hoc-the-duc-the-thao,T05,Điểm thi THPT,2024,24.0,Y sinh học thể dục thể thao
153120,TDS,y-sinh-hoc-the-duc-the-thao,T06,Điểm thi THPT,2024,24.0,Y sinh học thể dục thể thao
153121,TDS,y-sinh-hoc-the-duc-the-thao,T00,Điểm học bạ,2025,21.0,Y sinh học thể dục thể thao
153122,TDS,y-sinh-hoc-the-duc-the-thao,T01,Điểm học bạ,2025,21.0,Y sinh học thể dục thể thao
153123,TDS,y-sinh-hoc-the-duc-the-thao,T04,Điểm học bạ,2025,21.0,Y sinh học thể dục thể thao
153124,TDS,y-sinh-hoc-the-duc-the-thao,T06,Điểm học bạ,2025,21.0,Y sinh học thể dục thể thao
153125,TDS,y-sinh-hoc-the-duc-the-thao,T00,Điểm thi THPT,2025,21.0,Y sinh học thể dục thể thao
153126,TDS,y-sinh-hoc-the-duc-the-thao,T01,Điểm thi THPT,2025,21.0,Y sinh học thể dục thể thao
153127,TDS,y-sinh-hoc-the-duc-the-thao,T04,Điểm thi THPT,2025,21.0,Y sinh học thể dục thể thao
153128,TDS,y-sinh-hoc-the-duc-the-thao,T06,Điểm thi THPT,2025,21.0,Y sinh học thể dục thể thao
153129,TDV,bao-chi,A00,Điểm thi THPT,2021,17.0,Bảo chí
153130,TDV,bao-chi,A01,Điểm thi THPT,2021,17.0,Bảo chí
153131,TDV,bao-chi,C00,Điểm thi THPT,2021,17.0,Bảo chí
153132,TDV,bao-chi,D01,Điểm thi THPT,2021,17.0,Bảo chí
153133,TDV,bao-ve-thuc-vat,B00,Điểm học bạ,2025,19.0,Nông học - Chuyên ngành Bảo vệ thực vật
153134,TDV,bao-ve-thuc-vat,B08,Điểm học bạ,2025,19.0,Nông học - Chuyên ngành Bảo vệ thực vật
153135,TDV,bao-ve-thuc-vat,C02,Điểm học bạ,2025,19.0,Nông học - Chuyên ngành Bảo vệ thực vật
153136,TDV,bao-ve-thuc-vat,C03,Điểm học bạ,2025,19.0,Nông học - Chuyên ngành Bảo vệ thực vật
153137,TDV,bao-ve-thuc-vat,C14,Điểm học bạ,2025,19.0,Nông học - Chuyên ngành Bảo vệ thực vật
153138,TDV,bao-ve-thuc-vat,D01,Điểm học bạ,2025,19.0,Nông học - Chuyên ngành Bảo vệ thực vật
153139,TDV,bao-ve-thuc-vat,B00,Điểm thi THPT,2025,16.0,Nông học - Chuyên ngành Bảo vệ thực vật
153140,TDV,bao-ve-thuc-vat,B08,Điểm thi THPT,2025,16.0,Nông học - Chuyên ngành Bảo vệ thực vật
153141,TDV,bao-ve-thuc-vat,C02,Điểm thi THPT,2025,16.0,Nông học - Chuyên ngành Bảo vệ thực vật
153142,TDV,bao-ve-thuc-vat,C03,Điểm thi THPT,2025,16.0,Nông học - Chuyên ngành Bảo vệ thực vật
153143,TDV,bao-ve-thuc-vat,C14,Điểm thi THPT,2025,16.0,Nông học - Chuyên ngành Bảo vệ thực vật
153144,TDV,bao-ve-thuc-vat,D01,Điểm thi THPT,2025,16.0,Nông học - Chuyên ngành Bảo vệ thực vật
153145,TDV,chan-nuoi,A00,Điểm thi THPT,2021,16.0,Chăn nuôi
153146,TDV,chan-nuoi,B00,Điểm thi THPT,2021,16.0,Chăn nuôi
153147,TDV,chan-nuoi,B08,Điểm thi THPT,2021,16.0,Chăn nuôi
153148,TDV,chan-nuoi,D01,Điểm thi THPT,2021,16.0,Chăn nuôi
153149,TDV,chan-nuoi,A00,Điểm học bạ,2022,18.0,Chăn nuôi
153150,TDV,chan-nuoi,B00,Điểm học bạ,2022,18.0,Chăn nuôi
153151,TDV,chan-nuoi,B08,Điểm học bạ,2022,18.0,Chăn nuôi
153152,TDV,chan-nuoi,D01,Điểm học bạ,2022,18.0,Chăn nuôi
153153,TDV,chan-nuoi,A00,Điểm thi THPT,2022,17.0,Chăn nuôi
153154,TDV,chan-nuoi,B00,Điểm thi THPT,2022,17.0,Chăn nuôi
153155,TDV,chan-nuoi,B08,Điểm thi THPT,2022,17.0,Chăn nuôi
153156,TDV,chan-nuoi,D01,Điểm thi THPT,2022,17.0,Chăn nuôi
153157,TDV,chan-nuoi,A00,Điểm học bạ,2023,18.0,Chăn nuôi
153158,TDV,chan-nuoi,B00,Điểm học bạ,2023,18.0,Chăn nuôi
153159,TDV,chan-nuoi,B08,Điểm học bạ,2023,18.0,Chăn nuôi
153160,TDV,chan-nuoi,D01,Điểm học bạ,2023,18.0,Chăn nuôi
153161,TDV,chan-nuoi,A00,Điểm thi THPT,2023,17.0,Chăn nuôi
153162,TDV,chan-nuoi,B00,Điểm thi THPT,2023,17.0,Chăn nuôi
153163,TDV,chan-nuoi,B08,Điểm thi THPT,2023,17.0,Chăn nuôi
153164,TDV,chan-nuoi,D01,Điểm thi THPT,2023,17.0,Chăn nuôi
153165,TDV,chan-nuoi,A00,Điểm thi THPT,2024,16.0,Chăn nuôi
153166,TDV,chan-nuoi,B00,Điểm thi THPT,2024,16.0,Chăn nuôi
153167,TDV,chan-nuoi,B08,Điểm thi THPT,2024,16.0,Chăn nuôi
153168,TDV,chan-nuoi,D01,Điểm thi THPT,2024,16.0,Chăn nuôi
153169,TDV,chan-nuoi,B00,Điểm học bạ,2025,19.0,Chăn nuôi
153170,TDV,chan-nuoi,B04,Điểm học bạ,2025,19.0,Chăn nuôi
153171,TDV,chan-nuoi,C03,Điểm học bạ,2025,19.0,Chăn nuôi
153172,TDV,chan-nuoi,C14,Điểm học bạ,2025,19.0,Chăn nuôi
153173,TDV,chan-nuoi,D01,Điểm học bạ,2025,19.0,Chăn nuôi
153174,TDV,chan-nuoi,B00,Điểm thi THPT,2025,16.0,Chăn nuôi
153175,TDV,chan-nuoi,B04,Điểm thi THPT,2025,16.0,Chăn nuôi
153176,TDV,chan-nuoi,C03,Điểm thi THPT,2025,16.0,Chăn nuôi
153177,TDV,chan-nuoi,C14,Điểm thi THPT,2025,16.0,Chăn nuôi
153178,TDV,chan-nuoi,D01,Điểm thi THPT,2025,16.0,Chăn nuôi
153179,TDV,chinh-tri-hoc,A01,Điểm thi THPT,2021,16.0,Chính trị học
153180,TDV,chinh-tri-hoc,C00,Điểm thi THPT,2021,16.0,Chính trị học
153181,TDV,chinh-tri-hoc,C19,Điểm thi THPT,2021,16.0,Chính trị học
153182,TDV,chinh-tri-hoc,D01,Điểm thi THPT,2021,16.0,Chính trị học
153183,TDV,chinh-tri-hoc,A01,Điểm học bạ,2022,20.0,Chính trị học
153184,TDV,chinh-tri-hoc,C00,Điểm học bạ,2022,20.0,Chính trị học
153185,TDV,chinh-tri-hoc,C19,Điểm học bạ,2022,20.0,Chính trị học
153186,TDV,chinh-tri-hoc,D01,Điểm học bạ,2022,20.0,Chính trị học
153187,TDV,chinh-tri-hoc,A01,Điểm thi THPT,2022,20.0,Chính trị học
153188,TDV,chinh-tri-hoc,C00,Điểm thi THPT,2022,20.0,Chính trị học
153189,TDV,chinh-tri-hoc,C19,Điểm thi THPT,2022,20.0,Chính trị học
153190,TDV,chinh-tri-hoc,D01,Điểm thi THPT,2022,20.0,Chính trị học
153191,TDV,chinh-tri-hoc,A01,Điểm học bạ,2023,21.0,Chính trị học
153192,TDV,chinh-tri-hoc,C00,Điểm học bạ,2023,21.0,Chính trị học
153193,TDV,chinh-tri-hoc,C19,Điểm học bạ,2023,21.0,Chính trị học
153194,TDV,chinh-tri-hoc,D01,Điểm học bạ,2023,21.0,Chính trị học
153195,TDV,chinh-tri-hoc,A01,Điểm thi THPT,2023,19.0,Chính trị học
153196,TDV,chinh-tri-hoc,C00,Điểm thi THPT,2023,19.0,Chính trị học
153197,TDV,chinh-tri-hoc,C19,Điểm thi THPT,2023,19.0,Chính trị học
153198,TDV,chinh-tri-hoc,D01,Điểm thi THPT,2023,19.0,Chính trị học
153199,TDV,chinh-tri-hoc,A01,Điểm học bạ,2024,21.0,Chính trị học
153200,TDV,chinh-tri-hoc,C00,Điểm học bạ,2024,21.0,Chính trị học
153201,TDV,chinh-tri-hoc,C19,Điểm học bạ,2024,21.0,Chính trị học
153202,TDV,chinh-tri-hoc,D01,Điểm học bạ,2024,21.0,Chính trị học
153203,TDV,chinh-tri-hoc,A01,Điểm thi THPT,2024,18.0,Chính trị học
153204,TDV,chinh-tri-hoc,C00,Điểm thi THPT,2024,18.0,Chính trị học
153205,TDV,chinh-tri-hoc,C19,Điểm thi THPT,2024,18.0,Chính trị học
153206,TDV,chinh-tri-hoc,D01,Điểm thi THPT,2024,18.0,Chính trị học
153207,TDV,chinh-tri-hoc,C00,Điểm học bạ,2025,24.0,Chính trị học
153208,TDV,chinh-tri-hoc,C03,Điểm học bạ,2025,24.0,Chính trị học
153209,TDV,chinh-tri-hoc,C19,Điểm học bạ,2025,24.0,Chính trị học
153210,TDV,chinh-tri-hoc,D14,Điểm học bạ,2025,24.0,Chính trị học
153211,TDV,chinh-tri-hoc,C00,Điểm thi THPT,2025,21.0,Chính trị học
153212,TDV,chinh-tri-hoc,C03,Điểm thi THPT,2025,21.0,Chính trị học
153213,TDV,chinh-tri-hoc,C19,Điểm thi THPT,2025,21.0,Chính trị học
153214,TDV,chinh-tri-hoc,D14,Điểm thi THPT,2025,21.0,Chính trị học
153215,TDV,cong-nghe-ky-thuat-dien-dien-tu,A00,Điểm thi THPT,2021,17.0,"Công nghệ kỹ thuật điện, điện tử"
153216,TDV,cong-nghe-ky-thuat-dien-dien-tu,A01,Điểm thi THPT,2021,17.0,"Công nghệ kỹ thuật điện, điện tử"
153217,TDV,cong-nghe-ky-thuat-dien-dien-tu,B00,Điểm thi THPT,2021,17.0,"Công nghệ kỹ thuật điện, điện tử"
153218,TDV,cong-nghe-ky-thuat-dien-dien-tu,D01,Điểm thi THPT,2021,17.0,"Công nghệ kỹ thuật điện, điện tử"
153219,TDV,cong-nghe-ky-thuat-dien-dien-tu,A00,Điểm học bạ,2022,18.0,"Công nghệ kỹ thuật điện, điện tử"
153220,TDV,cong-nghe-ky-thuat-dien-dien-tu,A01,Điểm học bạ,2022,18.0,"Công nghệ kỹ thuật điện, điện tử"
153221,TDV,cong-nghe-ky-thuat-dien-dien-tu,B00,Điểm học bạ,2022,18.0,"Công nghệ kỹ thuật điện, điện tử"
153222,TDV,cong-nghe-ky-thuat-dien-dien-tu,D01,Điểm học bạ,2022,18.0,"Công nghệ kỹ thuật điện, điện tử"
153223,TDV,cong-nghe-ky-thuat-dien-dien-tu,A00,Điểm thi THPT,2022,18.0,"Công nghệ kỹ thuật điện, điện tử"
153224,TDV,cong-nghe-ky-thuat-dien-dien-tu,A01,Điểm thi THPT,2022,18.0,"Công nghệ kỹ thuật điện, điện tử"
153225,TDV,cong-nghe-ky-thuat-dien-dien-tu,B00,Điểm thi THPT,2022,18.0,"Công nghệ kỹ thuật điện, điện tử"
153226,TDV,cong-nghe-ky-thuat-dien-dien-tu,D01,Điểm thi THPT,2022,18.0,"Công nghệ kỹ thuật điện, điện tử"
153227,TDV,cong-nghe-ky-thuat-dien-dien-tu,A00,Điểm học bạ,2023,23.0,"Công nghệ kỹ thuật điện, điện tử"
153228,TDV,cong-nghe-ky-thuat-dien-dien-tu,A01,Điểm học bạ,2023,23.0,"Công nghệ kỹ thuật điện, điện tử"
153229,TDV,cong-nghe-ky-thuat-dien-dien-tu,B00,Điểm học bạ,2023,23.0,"Công nghệ kỹ thuật điện, điện tử"
153230,TDV,cong-nghe-ky-thuat-dien-dien-tu,D01,Điểm học bạ,2023,23.0,"Công nghệ kỹ thuật điện, điện tử"
153231,TDV,cong-nghe-ky-thuat-dien-dien-tu,A00,Điểm thi THPT,2023,19.0,"Công nghệ kỹ thuật điện, điện tử"
153232,TDV,cong-nghe-ky-thuat-dien-dien-tu,A01,Điểm thi THPT,2023,19.0,"Công nghệ kỹ thuật điện, điện tử"
153233,TDV,cong-nghe-ky-thuat-dien-dien-tu,B00,Điểm thi THPT,2023,19.0,"Công nghệ kỹ thuật điện, điện tử"
153234,TDV,cong-nghe-ky-thuat-dien-dien-tu,D01,Điểm thi THPT,2023,19.0,"Công nghệ kỹ thuật điện, điện tử"
153235,TDV,cong-nghe-ky-thuat-dien-dien-tu,A00,Điểm học bạ,2024,21.0,Công nghệ kỹ thuật điện; điện tử
153236,TDV,cong-nghe-ky-thuat-dien-dien-tu,A01,Điểm học bạ,2024,21.0,Công nghệ kỹ thuật điện; điện tử
153237,TDV,cong-nghe-ky-thuat-dien-dien-tu,B00,Điểm học bạ,2024,21.0,Công nghệ kỹ thuật điện; điện tử
153238,TDV,cong-nghe-ky-thuat-dien-dien-tu,D01,Điểm học bạ,2024,21.0,Công nghệ kỹ thuật điện; điện tử
153239,TDV,cong-nghe-ky-thuat-dien-dien-tu,A00,Điểm thi THPT,2024,17.0,Công nghệ kỹ thuật điện; điện tử
153240,TDV,cong-nghe-ky-thuat-dien-dien-tu,A01,Điểm thi THPT,2024,17.0,Công nghệ kỹ thuật điện; điện tử
153241,TDV,cong-nghe-ky-thuat-dien-dien-tu,B00,Điểm thi THPT,2024,17.0,Công nghệ kỹ thuật điện; điện tử
153242,TDV,cong-nghe-ky-thuat-dien-dien-tu,D01,Điểm thi THPT,2024,17.0,Công nghệ kỹ thuật điện; điện tử
153243,TDV,cong-nghe-ky-thuat-dien-dien-tu,A00,Điểm học bạ,2025,23.0,"Công nghệ kỹ thuật điện, điện tử"
153244,TDV,cong-nghe-ky-thuat-dien-dien-tu,A01,Điểm học bạ,2025,23.0,"Công nghệ kỹ thuật điện, điện tử"
153245,TDV,cong-nghe-ky-thuat-dien-dien-tu,A04,Điểm học bạ,2025,23.0,"Công nghệ kỹ thuật điện, điện tử"
153246,TDV,cong-nghe-ky-thuat-dien-dien-tu,C01,Điểm học bạ,2025,23.0,"Công nghệ kỹ thuật điện, điện tử"
153247,TDV,cong-nghe-ky-thuat-dien-dien-tu,A00,Điểm thi THPT,2025,20.0,"Công nghệ kỹ thuật điện, điện tử"
153248,TDV,cong-nghe-ky-thuat-dien-dien-tu,A01,Điểm thi THPT,2025,20.0,"Công nghệ kỹ thuật điện, điện tử"
153249,TDV,cong-nghe-ky-thuat-dien-dien-tu,A04,Điểm thi THPT,2025,20.0,"Công nghệ kỹ thuật điện, điện tử"
153250,TDV,cong-nghe-ky-thuat-dien-dien-tu,C01,Điểm thi THPT,2025,20.0,"Công nghệ kỹ thuật điện, điện tử"
153251,TDV,cong-nghe-ky-thuat-dieu-khien-va-tu-dong-hoa,A00,Điểm học bạ,2025,24.0,Công nghệ kỹ thuật điều khiển và tự động hoá
153252,TDV,cong-nghe-ky-thuat-dieu-khien-va-tu-dong-hoa,A01,Điểm học bạ,2025,24.0,Công nghệ kỹ thuật điều khiển và tự động hoá
153253,TDV,cong-nghe-ky-thuat-dieu-khien-va-tu-dong-hoa,A02,Điểm học bạ,2025,24.0,Công nghệ kỹ thuật điều khiển và tự động hoá
153254,TDV,cong-nghe-ky-thuat-dieu-khien-va-tu-dong-hoa,C01,Điểm học bạ,2025,24.0,Công nghệ kỹ thuật điều khiển và tự động hoá
153255,TDV,cong-nghe-ky-thuat-dieu-khien-va-tu-dong-hoa,A00,Điểm thi THPT,2025,21.0,Công nghệ kỹ thuật điều khiển và tự động hoá
153256,TDV,cong-nghe-ky-thuat-dieu-khien-va-tu-dong-hoa,A01,Điểm thi THPT,2025,21.0,Công nghệ kỹ thuật điều khiển và tự động hoá
153257,TDV,cong-nghe-ky-thuat-dieu-khien-va-tu-dong-hoa,A02,Điểm thi THPT,2025,21.0,Công nghệ kỹ thuật điều khiển và tự động hoá
153258,TDV,cong-nghe-ky-thuat-dieu-khien-va-tu-dong-hoa,C01,Điểm thi THPT,2025,21.0,Công nghệ kỹ thuật điều khiển và tự động hoá
153259,TDV,cong-nghe-ky-thuat-nhiet,A00,Điểm thi THPT,2021,16.0,Công nghệ kỹ thuật nhiệt
153260,TDV,cong-nghe-ky-thuat-nhiet,A01,Điểm thi THPT,2021,16.0,Công nghệ kỹ thuật nhiệt
153261,TDV,cong-nghe-ky-thuat-nhiet,B00,Điểm thi THPT,2021,16.0,Công nghệ kỹ thuật nhiệt
153262,TDV,cong-nghe-ky-thuat-nhiet,D01,Điểm thi THPT,2021,16.0,Công nghệ kỹ thuật nhiệt
153263,TDV,cong-nghe-ky-thuat-nhiet,A00,Điểm học bạ,2022,27.0,Công nghệ kỹ thuật nhiệt
153264,TDV,cong-nghe-ky-thuat-nhiet,A01,Điểm học bạ,2022,27.0,Công nghệ kỹ thuật nhiệt
153265,TDV,cong-nghe-ky-thuat-nhiet,B00,Điểm học bạ,2022,27.0,Công nghệ kỹ thuật nhiệt
153266,TDV,cong-nghe-ky-thuat-nhiet,D01,Điểm học bạ,2022,27.0,Công nghệ kỹ thuật nhiệt
153267,TDV,cong-nghe-ky-thuat-nhiet,A00,Điểm thi THPT,2022,24.0,Công nghệ kỹ thuật nhiệt
153268,TDV,cong-nghe-ky-thuat-nhiet,A01,Điểm thi THPT,2022,24.0,Công nghệ kỹ thuật nhiệt
153269,TDV,cong-nghe-ky-thuat-nhiet,B00,Điểm thi THPT,2022,24.0,Công nghệ kỹ thuật nhiệt
153270,TDV,cong-nghe-ky-thuat-nhiet,D01,Điểm thi THPT,2022,24.0,Công nghệ kỹ thuật nhiệt
153271,TDV,cong-nghe-ky-thuat-nhiet,A00,Điểm học bạ,2023,27.0,Công nghệ kỹ thuật nhiệt
153272,TDV,cong-nghe-ky-thuat-nhiet,A01,Điểm học bạ,2023,27.0,Công nghệ kỹ thuật nhiệt
153273,TDV,cong-nghe-ky-thuat-nhiet,B00,Điểm học bạ,2023,27.0,Công nghệ kỹ thuật nhiệt
153274,TDV,cong-nghe-ky-thuat-nhiet,D01,Điểm học bạ,2023,27.0,Công nghệ kỹ thuật nhiệt
153275,TDV,cong-nghe-ky-thuat-nhiet,A00,Điểm thi THPT,2023,26.0,Công nghệ kỹ thuật nhiệt
153276,TDV,cong-nghe-ky-thuat-nhiet,A01,Điểm thi THPT,2023,26.0,Công nghệ kỹ thuật nhiệt
153277,TDV,cong-nghe-ky-thuat-nhiet,B00,Điểm thi THPT,2023,26.0,Công nghệ kỹ thuật nhiệt
153278,TDV,cong-nghe-ky-thuat-nhiet,D01,Điểm thi THPT,2023,26.0,Công nghệ kỹ thuật nhiệt
153279,TDV,cong-nghe-ky-thuat-nhiet,A00,Điểm học bạ,2024,20.0,Công nghệ kỹ thuật nhiệt
153280,TDV,cong-nghe-ky-thuat-nhiet,A01,Điểm học bạ,2024,20.0,Công nghệ kỹ thuật nhiệt
153281,TDV,cong-nghe-ky-thuat-nhiet,B00,Điểm học bạ,2024,20.0,Công nghệ kỹ thuật nhiệt
153282,TDV,cong-nghe-ky-thuat-nhiet,D01,Điểm học bạ,2024,20.0,Công nghệ kỹ thuật nhiệt
153283,TDV,cong-nghe-ky-thuat-nhiet,A00,Điểm thi THPT,2024,17.0,Công nghệ kỹ thuật nhiệt
153284,TDV,cong-nghe-ky-thuat-nhiet,A01,Điểm thi THPT,2024,17.0,Công nghệ kỹ thuật nhiệt
153285,TDV,cong-nghe-ky-thuat-nhiet,B00,Điểm thi THPT,2024,17.0,Công nghệ kỹ thuật nhiệt
153286,TDV,cong-nghe-ky-thuat-nhiet,D01,Điểm thi THPT,2024,17.0,Công nghệ kỹ thuật nhiệt
153287,TDV,cong-nghe-ky-thuat-o-to,A00,Điểm thi THPT,2021,18.0,Công nghệ kỹ thuật ô tô
153288,TDV,cong-nghe-ky-thuat-o-to,A01,Điểm thi THPT,2021,18.0,Công nghệ kỹ thuật ô tô
153289,TDV,cong-nghe-ky-thuat-o-to,B00,Điểm thi THPT,2021,18.0,Công nghệ kỹ thuật ô tô
153290,TDV,cong-nghe-ky-thuat-o-to,D01,Điểm thi THPT,2021,18.0,Công nghệ kỹ thuật ô tô
153291,TDV,cong-nghe-ky-thuat-o-to,A00,Điểm học bạ,2022,20.0,Công nghệ kỹ thuật ô tô
153292,TDV,cong-nghe-ky-thuat-o-to,A01,Điểm học bạ,2022,20.0,Công nghệ kỹ thuật ô tô
153293,TDV,cong-nghe-ky-thuat-o-to,B00,Điểm học bạ,2022,20.0,Công nghệ kỹ thuật ô tô
153294,TDV,cong-nghe-ky-thuat-o-to,D01,Điểm học bạ,2022,20.0,Công nghệ kỹ thuật ô tô
153295,TDV,cong-nghe-ky-thuat-o-to,A00,Điểm thi THPT,2022,19.0,Công nghệ kỹ thuật ô tô
153296,TDV,cong-nghe-ky-thuat-o-to,A01,Điểm thi THPT,2022,19.0,Công nghệ kỹ thuật ô tô
153297,TDV,cong-nghe-ky-thuat-o-to,B00,Điểm thi THPT,2022,19.0,Công nghệ kỹ thuật ô tô
153298,TDV,cong-nghe-ky-thuat-o-to,D01,Điểm thi THPT,2022,19.0,Công nghệ kỹ thuật ô tô
153299,TDV,cong-nghe-ky-thuat-o-to,A00,Điểm học bạ,2023,23.0,Công nghệ kỹ thuật ô tô
153300,TDV,cong-nghe-ky-thuat-o-to,A01,Điểm học bạ,2023,23.0,Công nghệ kỹ thuật ô tô
153301,TDV,cong-nghe-ky-thuat-o-to,B00,Điểm học bạ,2023,23.0,Công nghệ kỹ thuật ô tô
153302,TDV,cong-nghe-ky-thuat-o-to,D01,Điểm học bạ,2023,23.0,Công nghệ kỹ thuật ô tô
153303,TDV,cong-nghe-ky-thuat-o-to,A00,Điểm thi THPT,2023,19.0,Công nghệ kỹ thuật ô tô
153304,TDV,cong-nghe-ky-thuat-o-to,A01,Điểm thi THPT,2023,19.0,Công nghệ kỹ thuật ô tô
153305,TDV,cong-nghe-ky-thuat-o-to,B00,Điểm thi THPT,2023,19.0,Công nghệ kỹ thuật ô tô
153306,TDV,cong-nghe-ky-thuat-o-to,D01,Điểm thi THPT,2023,19.0,Công nghệ kỹ thuật ô tô
153307,TDV,cong-nghe-ky-thuat-o-to,A00,Điểm học bạ,2024,23.5,Công nghệ kỹ thuật ô tô
153308,TDV,cong-nghe-ky-thuat-o-to,A01,Điểm học bạ,2024,23.5,Công nghệ kỹ thuật ô tô
153309,TDV,cong-nghe-ky-thuat-o-to,B00,Điểm học bạ,2024,23.5,Công nghệ kỹ thuật ô tô
153310,TDV,cong-nghe-ky-thuat-o-to,D01,Điểm học bạ,2024,23.5,Công nghệ kỹ thuật ô tô
153311,TDV,cong-nghe-ky-thuat-o-to,A00,Điểm thi THPT,2024,19.0,Công nghệ kỹ thuật ô tô
153312,TDV,cong-nghe-ky-thuat-o-to,A01,Điểm thi THPT,2024,19.0,Công nghệ kỹ thuật ô tô
153313,TDV,cong-nghe-ky-thuat-o-to,B00,Điểm thi THPT,2024,19.0,Công nghệ kỹ thuật ô tô
153314,TDV,cong-nghe-ky-thuat-o-to,D01,Điểm thi THPT,2024,19.0,Công nghệ kỹ thuật ô tô
153315,TDV,cong-nghe-ky-thuat-o-to,A00,Điểm học bạ,2025,23.5,Công nghệ kỹ thuật ô tô
153316,TDV,cong-nghe-ky-thuat-o-to,A01,Điểm học bạ,2025,23.5,Công nghệ kỹ thuật ô tô
153317,TDV,cong-nghe-ky-thuat-o-to,A02,Điểm học bạ,2025,23.5,Công nghệ kỹ thuật ô tô
153318,TDV,cong-nghe-ky-thuat-o-to,C01,Điểm học bạ,2025,23.5,Công nghệ kỹ thuật ô tô
153319,TDV,cong-nghe-ky-thuat-o-to,A00,Điểm thi THPT,2025,20.5,Công nghệ kỹ thuật ô tô
153320,TDV,cong-nghe-ky-thuat-o-to,A01,Điểm thi THPT,2025,20.5,Công nghệ kỹ thuật ô tô
153321,TDV,cong-nghe-ky-thuat-o-to,A02,Điểm thi THPT,2025,20.5,Công nghệ kỹ thuật ô tô
153322,TDV,cong-nghe-ky-thuat-o-to,C01,Điểm thi THPT,2025,20.5,Công nghệ kỹ thuật ô tô
153323,TDV,cong-nghe-sinh-hoc,B00,Điểm thi THPT,2021,16.0,Công nghệ sinh học
153324,TDV,cong-nghe-sinh-hoc,B02,Điểm thi THPT,2021,16.0,Công nghệ sinh học
153325,TDV,cong-nghe-sinh-hoc,B04,Điểm thi THPT,2021,16.0,Công nghệ sinh học
153326,TDV,cong-nghe-sinh-hoc,B08,Điểm thi THPT,2021,16.0,Công nghệ sinh học
153327,TDV,cong-nghe-sinh-hoc,A01,Điểm học bạ,2022,28.0,Công nghệ sinh học
153328,TDV,cong-nghe-sinh-hoc,A02,Điểm học bạ,2022,28.0,Công nghệ sinh học
153329,TDV,cong-nghe-sinh-hoc,B00,Điểm học bạ,2022,28.0,Công nghệ sinh học
153330,TDV,cong-nghe-sinh-hoc,B08,Điểm học bạ,2022,28.0,Công nghệ sinh học
153331,TDV,cong-nghe-sinh-hoc,A01,Điểm thi THPT,2022,25.0,Công nghệ sinh học
153332,TDV,cong-nghe-sinh-hoc,A02,Điểm thi THPT,2022,25.0,Công nghệ sinh học
153333,TDV,cong-nghe-sinh-hoc,B00,Điểm thi THPT,2022,25.0,Công nghệ sinh học
153334,TDV,cong-nghe-sinh-hoc,B08,Điểm thi THPT,2022,25.0,Công nghệ sinh học
153335,TDV,cong-nghe-sinh-hoc,A00,Điểm học bạ,2023,19.0,Công nghệ sinh học
153336,TDV,cong-nghe-sinh-hoc,A01,Điểm học bạ,2023,19.0,Công nghệ sinh học
153337,TDV,cong-nghe-sinh-hoc,A02,Điểm học bạ,2023,19.0,Công nghệ sinh học
153338,TDV,cong-nghe-sinh-hoc,B08,Điểm học bạ,2023,19.0,Công nghệ sinh học
153339,TDV,cong-nghe-sinh-hoc,A00,Điểm thi THPT,2023,18.0,Công nghệ sinh học
153340,TDV,cong-nghe-sinh-hoc,A01,Điểm thi THPT,2023,18.0,Công nghệ sinh học
153341,TDV,cong-nghe-sinh-hoc,A02,Điểm thi THPT,2023,18.0,Công nghệ sinh học
153342,TDV,cong-nghe-sinh-hoc,B08,Điểm thi THPT,2023,18.0,Công nghệ sinh học
153343,TDV,cong-nghe-sinh-hoc,A01,Điểm học bạ,2024,21.0,Công nghệ sinh học
153344,TDV,cong-nghe-sinh-hoc,A02,Điểm học bạ,2024,21.0,Công nghệ sinh học
153345,TDV,cong-nghe-sinh-hoc,B00,Điểm học bạ,2024,21.0,Công nghệ sinh học
153346,TDV,cong-nghe-sinh-hoc,B08,Điểm học bạ,2024,21.0,Công nghệ sinh học
153347,TDV,cong-nghe-sinh-hoc,A01,Điểm thi THPT,2024,17.0,Công nghệ sinh học
153348,TDV,cong-nghe-sinh-hoc,A02,Điểm thi THPT,2024,17.0,Công nghệ sinh học
153349,TDV,cong-nghe-sinh-hoc,B00,Điểm thi THPT,2024,17.0,Công nghệ sinh học
153350,TDV,cong-nghe-sinh-hoc,B08,Điểm thi THPT,2024,17.0,Công nghệ sinh học
153351,TDV,cong-nghe-sinh-hoc,A00,Điểm học bạ,2025,21.0,Công nghệ sinh học (Chuyên ngành: Kỹ thuật xét nghiệm y học và Kỹ thuật xử lí ô nhiễm môi trường)
153352,TDV,cong-nghe-sinh-hoc,A11,Điểm học bạ,2025,21.0,Công nghệ sinh học (Chuyên ngành: Kỹ thuật xét nghiệm y học và Kỹ thuật xử lí ô nhiễm môi trường)
153353,TDV,cong-nghe-sinh-hoc,B00,Điểm học bạ,2025,21.0,Công nghệ sinh học (Chuyên ngành: Kỹ thuật xét nghiệm y học và Kỹ thuật xử lí ô nhiễm môi trường)
153354,TDV,cong-nghe-sinh-hoc,D07,Điểm học bạ,2025,21.0,Công nghệ sinh học (Chuyên ngành: Kỹ thuật xét nghiệm y học và Kỹ thuật xử lí ô nhiễm môi trường)
153355,TDV,cong-nghe-sinh-hoc,A00,Điểm thi THPT,2025,18.0,Công nghệ sinh học (Chuyên ngành: Kỹ thuật xét nghiệm y học và Kỹ thuật xử lí ô nhiễm môi trường)
153356,TDV,cong-nghe-sinh-hoc,A11,Điểm thi THPT,2025,18.0,Công nghệ sinh học (Chuyên ngành: Kỹ thuật xét nghiệm y học và Kỹ thuật xử lí ô nhiễm môi trường)
153357,TDV,cong-nghe-sinh-hoc,B00,Điểm thi THPT,2025,18.0,Công nghệ sinh học (Chuyên ngành: Kỹ thuật xét nghiệm y học và Kỹ thuật xử lí ô nhiễm môi trường)
153358,TDV,cong-nghe-sinh-hoc,D07,Điểm thi THPT,2025,18.0,Công nghệ sinh học (Chuyên ngành: Kỹ thuật xét nghiệm y học và Kỹ thuật xử lí ô nhiễm môi trường)
153359,TDV,cong-nghe-tai-chinh,A00,Điểm học bạ,2025,20.0,Công nghệ tài chính
153360,TDV,cong-nghe-tai-chinh,A01,Điểm học bạ,2025,20.0,Công nghệ tài chính
153361,TDV,cong-nghe-tai-chinh,C01,Điểm học bạ,2025,20.0,Công nghệ tài chính
153362,TDV,cong-nghe-tai-chinh,D01,Điểm học bạ,2025,20.0,Công nghệ tài chính
153363,TDV,cong-nghe-tai-chinh,A00,Điểm thi THPT,2025,17.0,Công nghệ tài chính
153364,TDV,cong-nghe-tai-chinh,A01,Điểm thi THPT,2025,17.0,Công nghệ tài chính
153365,TDV,cong-nghe-tai-chinh,C01,Điểm thi THPT,2025,17.0,Công nghệ tài chính
153366,TDV,cong-nghe-tai-chinh,D01,Điểm thi THPT,2025,17.0,Công nghệ tài chính
153367,TDV,cong-nghe-thong-tin,A00,Điểm thi THPT,2021,18.0,Công nghệ thông tin
153368,TDV,cong-nghe-thong-tin,A01,Điểm thi THPT,2021,18.0,Công nghệ thông tin
153369,TDV,cong-nghe-thong-tin,D01,Điểm thi THPT,2021,18.0,Công nghệ thông tin
153370,TDV,cong-nghe-thong-tin,D07,Điểm thi THPT,2021,18.0,Công nghệ thông tin
153371,TDV,cong-nghe-thong-tin,A00,Điểm học bạ,2022,22.0,Công nghệ thông tin
153372,TDV,cong-nghe-thong-tin,A01,Điểm học bạ,2022,22.0,Công nghệ thông tin
153373,TDV,cong-nghe-thong-tin,D01,Điểm học bạ,2022,22.0,Công nghệ thông tin
153374,TDV,cong-nghe-thong-tin,D07,Điểm học bạ,2022,22.0,Công nghệ thông tin
153375,TDV,cong-nghe-thong-tin,A00,Điểm thi THPT,2022,20.0,Công nghệ thông tin
153376,TDV,cong-nghe-thong-tin,A01,Điểm thi THPT,2022,20.0,Công nghệ thông tin
153377,TDV,cong-nghe-thong-tin,D01,Điểm thi THPT,2022,20.0,Công nghệ thông tin
153378,TDV,cong-nghe-thong-tin,D07,Điểm thi THPT,2022,20.0,Công nghệ thông tin
153379,TDV,cong-nghe-thong-tin,A00,Điểm học bạ,2023,24.0,Công nghệ thông tin
153380,TDV,cong-nghe-thong-tin,A01,Điểm học bạ,2023,24.0,Công nghệ thông tin
153381,TDV,cong-nghe-thong-tin,D01,Điểm học bạ,2023,24.0,Công nghệ thông tin
153382,TDV,cong-nghe-thong-tin,D07,Điểm học bạ,2023,24.0,Công nghệ thông tin
153383,TDV,cong-nghe-thong-tin,A00,Điểm thi THPT,2023,20.0,Công nghệ thông tin
153384,TDV,cong-nghe-thong-tin,A01,Điểm thi THPT,2023,20.0,Công nghệ thông tin
153385,TDV,cong-nghe-thong-tin,D01,Điểm thi THPT,2023,20.0,Công nghệ thông tin
153386,TDV,cong-nghe-thong-tin,D07,Điểm thi THPT,2023,20.0,Công nghệ thông tin
153387,TDV,cong-nghe-thong-tin,A00,Điểm học bạ,2024,25.0,Công nghệ thông tin
153388,TDV,cong-nghe-thong-tin,A01,Điểm học bạ,2024,25.0,Công nghệ thông tin
153389,TDV,cong-nghe-thong-tin,D01,Điểm học bạ,2024,25.0,Công nghệ thông tin
153390,TDV,cong-nghe-thong-tin,D07,Điểm học bạ,2024,25.0,Công nghệ thông tin
153391,TDV,cong-nghe-thong-tin,A00,Điểm thi THPT,2024,19.0,Công nghệ thông tin
153392,TDV,cong-nghe-thong-tin,A01,Điểm thi THPT,2024,19.0,Công nghệ thông tin
153393,TDV,cong-nghe-thong-tin,D01,Điểm thi THPT,2024,19.0,Công nghệ thông tin
153394,TDV,cong-nghe-thong-tin,D07,Điểm thi THPT,2024,19.0,Công nghệ thông tin
153395,TDV,cong-nghe-thong-tin,A01,Điểm học bạ,2025,23.0,Công nghệ thông tin
153396,TDV,cong-nghe-thong-tin,D07,Điểm học bạ,2025,23.0,Công nghệ thông tin
153397,TDV,cong-nghe-thong-tin,D08,Điểm học bạ,2025,23.0,Công nghệ thông tin
153398,TDV,cong-nghe-thong-tin,X26,Điểm học bạ,2025,23.0,Công nghệ thông tin
153399,TDV,cong-nghe-thong-tin,A01,Điểm thi THPT,2025,20.0,Công nghệ thông tin
153400,TDV,cong-nghe-thong-tin,D07,Điểm thi THPT,2025,20.0,Công nghệ thông tin
153401,TDV,cong-nghe-thong-tin,D08,Điểm thi THPT,2025,20.0,Công nghệ thông tin
153402,TDV,cong-nghe-thong-tin,X26,Điểm thi THPT,2025,20.0,Công nghệ thông tin
153403,TDV,cong-nghe-thong-tin-chat-luong-cao,A00,Điểm thi THPT,2021,18.0,Công nghệ thông tin chất lượng cao
153404,TDV,cong-nghe-thong-tin-chat-luong-cao,A01,Điểm thi THPT,2021,18.0,Công nghệ thông tin chất lượng cao
153405,TDV,cong-nghe-thong-tin-chat-luong-cao,D01,Điểm thi THPT,2021,18.0,Công nghệ thông tin chất lượng cao
153406,TDV,cong-nghe-thong-tin-chat-luong-cao,D07,Điểm thi THPT,2021,18.0,Công nghệ thông tin chất lượng cao
153407,TDV,cong-nghe-thong-tin-chat-luong-cao,A00,Điểm học bạ,2022,23.0,Công nghệ thông tin chất lượng cao
153408,TDV,cong-nghe-thong-tin-chat-luong-cao,A01,Điểm học bạ,2022,23.0,Công nghệ thông tin chất lượng cao
153409,TDV,cong-nghe-thong-tin-chat-luong-cao,D01,Điểm học bạ,2022,23.0,Công nghệ thông tin chất lượng cao
153410,TDV,cong-nghe-thong-tin-chat-luong-cao,D07,Điểm học bạ,2022,23.0,Công nghệ thông tin chất lượng cao
153411,TDV,cong-nghe-thong-tin-chat-luong-cao,A00,Điểm thi THPT,2022,21.0,Công nghệ thông tin chất lượng cao
153412,TDV,cong-nghe-thong-tin-chat-luong-cao,A01,Điểm thi THPT,2022,21.0,Công nghệ thông tin chất lượng cao
153413,TDV,cong-nghe-thong-tin-chat-luong-cao,D01,Điểm thi THPT,2022,21.0,Công nghệ thông tin chất lượng cao
153414,TDV,cong-nghe-thong-tin-chat-luong-cao,D07,Điểm thi THPT,2022,21.0,Công nghệ thông tin chất lượng cao
153415,TDV,cong-nghe-thong-tin-chat-luong-cao,A00,Điểm thi THPT,2023,21.0,Công nghệ thông tin chất lượng cao
153416,TDV,cong-nghe-thong-tin-chat-luong-cao,A01,Điểm thi THPT,2023,21.0,Công nghệ thông tin chất lượng cao
153417,TDV,cong-nghe-thong-tin-chat-luong-cao,D01,Điểm thi THPT,2023,21.0,Công nghệ thông tin chất lượng cao
153418,TDV,cong-nghe-thong-tin-chat-luong-cao,D07,Điểm thi THPT,2023,21.0,Công nghệ thông tin chất lượng cao
153419,TDV,cong-nghe-thuc-pham,A00,Điểm thi THPT,2021,16.0,Công nghệ thực phẩm
153420,TDV,cong-nghe-thuc-pham,A01,Điểm thi THPT,2021,16.0,Công nghệ thực phẩm
153421,TDV,cong-nghe-thuc-pham,B00,Điểm thi THPT,2021,16.0,Công nghệ thực phẩm
153422,TDV,cong-nghe-thuc-pham,D07,Điểm thi THPT,2021,16.0,Công nghệ thực phẩm
153423,TDV,cong-nghe-thuc-pham,A00,Điểm học bạ,2022,18.0,Công nghệ thực phẩm
153424,TDV,cong-nghe-thuc-pham,A01,Điểm học bạ,2022,18.0,Công nghệ thực phẩm
153425,TDV,cong-nghe-thuc-pham,B00,Điểm học bạ,2022,18.0,Công nghệ thực phẩm
153426,TDV,cong-nghe-thuc-pham,D07,Điểm học bạ,2022,18.0,Công nghệ thực phẩm
153427,TDV,cong-nghe-thuc-pham,A00,Điểm thi THPT,2022,18.0,Công nghệ thực phẩm
153428,TDV,cong-nghe-thuc-pham,A01,Điểm thi THPT,2022,18.0,Công nghệ thực phẩm
153429,TDV,cong-nghe-thuc-pham,B00,Điểm thi THPT,2022,18.0,Công nghệ thực phẩm
153430,TDV,cong-nghe-thuc-pham,D07,Điểm thi THPT,2022,18.0,Công nghệ thực phẩm
153431,TDV,cong-nghe-thuc-pham,A00,Điểm học bạ,2023,19.0,Công nghệ thực phẩm
153432,TDV,cong-nghe-thuc-pham,A01,Điểm học bạ,2023,19.0,Công nghệ thực phẩm
153433,TDV,cong-nghe-thuc-pham,B00,Điểm học bạ,2023,19.0,Công nghệ thực phẩm
153434,TDV,cong-nghe-thuc-pham,D07,Điểm học bạ,2023,19.0,Công nghệ thực phẩm
153435,TDV,cong-nghe-thuc-pham,A00,Điểm thi THPT,2023,18.0,Công nghệ thực phẩm
153436,TDV,cong-nghe-thuc-pham,A01,Điểm thi THPT,2023,18.0,Công nghệ thực phẩm
153437,TDV,cong-nghe-thuc-pham,B00,Điểm thi THPT,2023,18.0,Công nghệ thực phẩm
153438,TDV,cong-nghe-thuc-pham,D07,Điểm thi THPT,2023,18.0,Công nghệ thực phẩm
153439,TDV,cong-nghe-thuc-pham,A00,Điểm học bạ,2024,21.0,Công nghệ thực phẩm
153440,TDV,cong-nghe-thuc-pham,A01,Điểm học bạ,2024,21.0,Công nghệ thực phẩm
153441,TDV,cong-nghe-thuc-pham,B00,Điểm học bạ,2024,21.0,Công nghệ thực phẩm
153442,TDV,cong-nghe-thuc-pham,D07,Điểm học bạ,2024,21.0,Công nghệ thực phẩm
153443,TDV,cong-nghe-thuc-pham,A00,Điểm thi THPT,2024,17.0,Công nghệ thực phẩm
153444,TDV,cong-nghe-thuc-pham,A01,Điểm thi THPT,2024,17.0,Công nghệ thực phẩm
153445,TDV,cong-nghe-thuc-pham,B00,Điểm thi THPT,2024,17.0,Công nghệ thực phẩm
153446,TDV,cong-nghe-thuc-pham,D07,Điểm thi THPT,2024,17.0,Công nghệ thực phẩm
153447,TDV,cong-nghe-thuc-pham,A00,Điểm học bạ,2025,20.0,Công nghệ thực phẩm
153448,TDV,cong-nghe-thuc-pham,A11,Điểm học bạ,2025,20.0,Công nghệ thực phẩm
153449,TDV,cong-nghe-thuc-pham,B00,Điểm học bạ,2025,20.0,Công nghệ thực phẩm
153450,TDV,cong-nghe-thuc-pham,D07,Điểm học bạ,2025,20.0,Công nghệ thực phẩm
153451,TDV,cong-nghe-thuc-pham,A00,Điểm thi THPT,2025,17.0,Công nghệ thực phẩm
153452,TDV,cong-nghe-thuc-pham,A11,Điểm thi THPT,2025,17.0,Công nghệ thực phẩm
153453,TDV,cong-nghe-thuc-pham,B00,Điểm thi THPT,2025,17.0,Công nghệ thực phẩm
153454,TDV,cong-nghe-thuc-pham,D07,Điểm thi THPT,2025,17.0,Công nghệ thực phẩm
153455,TDV,cong-tac-xa-hoi,A00,Điểm thi THPT,2021,16.0,Công tác xã hội
153456,TDV,cong-tac-xa-hoi,A01,Điểm thi THPT,2021,16.0,Công tác xã hội
153457,TDV,cong-tac-xa-hoi,C00,Điểm thi THPT,2021,16.0,Công tác xã hội
153458,TDV,cong-tac-xa-hoi,D01,Điểm thi THPT,2021,16.0,Công tác xã hội
153459,TDV,cong-tac-xa-hoi,A00,Điểm học bạ,2022,18.0,Công tác xã hội
153460,TDV,cong-tac-xa-hoi,A01,Điểm học bạ,2022,18.0,Công tác xã hội
153461,TDV,cong-tac-xa-hoi,C00,Điểm học bạ,2022,18.0,Công tác xã hội
153462,TDV,cong-tac-xa-hoi,D01,Điểm học bạ,2022,18.0,Công tác xã hội
153463,TDV,cong-tac-xa-hoi,A00,Điểm thi THPT,2022,18.0,Công tác xã hội
153464,TDV,cong-tac-xa-hoi,A01,Điểm thi THPT,2022,18.0,Công tác xã hội
153465,TDV,cong-tac-xa-hoi,C00,Điểm thi THPT,2022,18.0,Công tác xã hội
153466,TDV,cong-tac-xa-hoi,D01,Điểm thi THPT,2022,18.0,Công tác xã hội
153467,TDV,cong-tac-xa-hoi,A00,Điểm học bạ,2023,19.0,Công tác xã hội
153468,TDV,cong-tac-xa-hoi,A01,Điểm học bạ,2023,19.0,Công tác xã hội
153469,TDV,cong-tac-xa-hoi,C00,Điểm học bạ,2023,19.0,Công tác xã hội
153470,TDV,cong-tac-xa-hoi,D01,Điểm học bạ,2023,19.0,Công tác xã hội
153471,TDV,cong-tac-xa-hoi,A00,Điểm thi THPT,2023,18.0,Công tác xã hội
153472,TDV,cong-tac-xa-hoi,A01,Điểm thi THPT,2023,18.0,Công tác xã hội
153473,TDV,cong-tac-xa-hoi,C00,Điểm thi THPT,2023,18.0,Công tác xã hội
153474,TDV,cong-tac-xa-hoi,D01,Điểm thi THPT,2023,18.0,Công tác xã hội
153475,TDV,cong-tac-xa-hoi,A00,Điểm học bạ,2024,21.0,Công tác xã hội
153476,TDV,cong-tac-xa-hoi,A01,Điểm học bạ,2024,21.0,Công tác xã hội
153477,TDV,cong-tac-xa-hoi,C00,Điểm học bạ,2024,21.0,Công tác xã hội
153478,TDV,cong-tac-xa-hoi,D01,Điểm học bạ,2024,21.0,Công tác xã hội
153479,TDV,cong-tac-xa-hoi,A00,Điểm thi THPT,2024,18.0,Công tác xã hội
153480,TDV,cong-tac-xa-hoi,A01,Điểm thi THPT,2024,18.0,Công tác xã hội
153481,TDV,cong-tac-xa-hoi,C00,Điểm thi THPT,2024,18.0,Công tác xã hội
153482,TDV,cong-tac-xa-hoi,D01,Điểm thi THPT,2024,18.0,Công tác xã hội
153483,TDV,cong-tac-xa-hoi,C00,Điểm học bạ,2025,22.0,Công tác xã hội
153484,TDV,cong-tac-xa-hoi,C03,Điểm học bạ,2025,22.0,Công tác xã hội
153485,TDV,cong-tac-xa-hoi,C19,Điểm học bạ,2025,22.0,Công tác xã hội
153486,TDV,cong-tac-xa-hoi,D14,Điểm học bạ,2025,22.0,Công tác xã hội
153487,TDV,cong-tac-xa-hoi,C00,Điểm thi THPT,2025,19.0,Công tác xã hội
153488,TDV,cong-tac-xa-hoi,C03,Điểm thi THPT,2025,19.0,Công tác xã hội
153489,TDV,cong-tac-xa-hoi,C19,Điểm thi THPT,2025,19.0,Công tác xã hội
153490,TDV,cong-tac-xa-hoi,D14,Điểm thi THPT,2025,19.0,Công tác xã hội
153491,TDV,dien-lanh,A00,Điểm học bạ,2025,21.0,Công nghệ kỹ thuật nhiệt (Chuyên ngành Điện lạnh)
153492,TDV,dien-lanh,A01,Điểm học bạ,2025,21.0,Công nghệ kỹ thuật nhiệt (Chuyên ngành Điện lạnh)
153493,TDV,dien-lanh,A04,Điểm học bạ,2025,21.0,Công nghệ kỹ thuật nhiệt (Chuyên ngành Điện lạnh)
153494,TDV,dien-lanh,C01,Điểm học bạ,2025,21.0,Công nghệ kỹ thuật nhiệt (Chuyên ngành Điện lạnh)
153495,TDV,dien-lanh,A00,Điểm thi THPT,2025,18.0,Công nghệ kỹ thuật nhiệt (Chuyên ngành Điện lạnh)
153496,TDV,dien-lanh,A01,Điểm thi THPT,2025,18.0,Công nghệ kỹ thuật nhiệt (Chuyên ngành Điện lạnh)
153497,TDV,dien-lanh,A04,Điểm thi THPT,2025,18.0,Công nghệ kỹ thuật nhiệt (Chuyên ngành Điện lạnh)
153498,TDV,dien-lanh,C01,Điểm thi THPT,2025,18.0,Công nghệ kỹ thuật nhiệt (Chuyên ngành Điện lạnh)
153499,TDV,dieu-duong,B00,Điểm thi THPT,2021,19.0,Điều dưỡng
153500,TDV,dieu-duong,B08,Điểm thi THPT,2021,19.0,Điều dưỡng
153501,TDV,dieu-duong,D07,Điểm thi THPT,2021,19.0,Điều dưỡng
153502,TDV,dieu-duong,D13,Điểm thi THPT,2021,19.0,Điều dưỡng
153503,TDV,dieu-duong,B00,Điểm học bạ,2022,19.5,Điều dưỡng
153504,TDV,dieu-duong,C08,Điểm học bạ,2022,19.5,Điều dưỡng
153505,TDV,dieu-duong,D08,Điểm học bạ,2022,19.5,Điều dưỡng
153506,TDV,dieu-duong,D13,Điểm học bạ,2022,19.5,Điều dưỡng
153507,TDV,dieu-duong,B00,Điểm thi THPT,2022,19.0,Điều dưỡng
153508,TDV,dieu-duong,C08,Điểm thi THPT,2022,19.0,Điều dưỡng
153509,TDV,dieu-duong,D08,Điểm thi THPT,2022,19.0,Điều dưỡng
153510,TDV,dieu-duong,D13,Điểm thi THPT,2022,19.0,Điều dưỡng
153511,TDV,dieu-duong,B00,Điểm học bạ,2023,22.0,Điều dưỡng
153512,TDV,dieu-duong,C08,Điểm học bạ,2023,22.0,Điều dưỡng
153513,TDV,dieu-duong,D08,Điểm học bạ,2023,22.0,Điều dưỡng
153514,TDV,dieu-duong,D13,Điểm học bạ,2023,22.0,Điều dưỡng
153515,TDV,dieu-duong,B00,Điểm thi THPT,2023,20.0,Điều dưỡng
153516,TDV,dieu-duong,C08,Điểm thi THPT,2023,20.0,Điều dưỡng
153517,TDV,dieu-duong,D08,Điểm thi THPT,2023,20.0,Điều dưỡng
153518,TDV,dieu-duong,D13,Điểm thi THPT,2023,20.0,Điều dưỡng
153519,TDV,dieu-duong,B00,Điểm học bạ,2024,23.5,Điều dưỡng
153520,TDV,dieu-duong,C08,Điểm học bạ,2024,23.5,Điều dưỡng
153521,TDV,dieu-duong,D08,Điểm học bạ,2024,23.5,Điều dưỡng
153522,TDV,dieu-duong,D13,Điểm học bạ,2024,23.5,Điều dưỡng
153523,TDV,dieu-duong,B00,Điểm thi THPT,2024,20.0,Điều dưỡng
153524,TDV,dieu-duong,C08,Điểm thi THPT,2024,20.0,Điều dưỡng
153525,TDV,dieu-duong,D08,Điểm thi THPT,2024,20.0,Điều dưỡng
153526,TDV,dieu-duong,D13,Điểm thi THPT,2024,20.0,Điều dưỡng
153527,TDV,dieu-duong,B00,Điểm học bạ,2025,23.0,Điều dưỡng
153528,TDV,dieu-duong,B03,Điểm học bạ,2025,23.0,Điều dưỡng
153529,TDV,dieu-duong,B04,Điểm học bạ,2025,23.0,Điều dưỡng
153530,TDV,dieu-duong,D08,Điểm học bạ,2025,23.0,Điều dưỡng
153531,TDV,dieu-duong,B00,Điểm thi THPT,2025,20.0,Điều dưỡng
153532,TDV,dieu-duong,B03,Điểm thi THPT,2025,20.0,Điều dưỡng
153533,TDV,dieu-duong,B04,Điểm thi THPT,2025,20.0,Điều dưỡng
153534,TDV,dieu-duong,D08,Điểm thi THPT,2025,20.0,Điều dưỡng
153535,TDV,du-lich,A00,Điểm thi THPT,2021,16.0,Du lịch
153536,TDV,du-lich,A01,Điểm thi THPT,2021,16.0,Du lịch
153537,TDV,du-lich,C00,Điểm thi THPT,2021,16.0,Du lịch
153538,TDV,du-lich,D01,Điểm thi THPT,2021,16.0,Du lịch
153539,TDV,du-lich,A00,Điểm học bạ,2022,18.0,Việt Nam học (chuyên ngành Du lịch)
153540,TDV,du-lich,A01,Điểm học bạ,2022,18.0,Việt Nam học (chuyên ngành Du lịch)
153541,TDV,du-lich,C00,Điểm học bạ,2022,18.0,Việt Nam học (chuyên ngành Du lịch)
153542,TDV,du-lich,D01,Điểm học bạ,2022,18.0,Việt Nam học (chuyên ngành Du lịch)
153543,TDV,du-lich,A00,Điểm thi THPT,2022,18.0,Việt Nam học (chuyên ngành Du lịch)
153544,TDV,du-lich,A01,Điểm thi THPT,2022,18.0,Việt Nam học (chuyên ngành Du lịch)
153545,TDV,du-lich,C00,Điểm thi THPT,2022,18.0,Việt Nam học (chuyên ngành Du lịch)
153546,TDV,du-lich,D01,Điểm thi THPT,2022,18.0,Việt Nam học (chuyên ngành Du lịch)
153547,TDV,du-lich,A00,Điểm học bạ,2023,21.0,Việt Nam học (Chuyên ngành Du lịch)
153548,TDV,du-lich,A01,Điểm học bạ,2023,21.0,Việt Nam học (Chuyên ngành Du lịch)
153549,TDV,du-lich,C00,Điểm học bạ,2023,21.0,Việt Nam học (Chuyên ngành Du lịch)
153550,TDV,du-lich,D01,Điểm học bạ,2023,21.0,Việt Nam học (Chuyên ngành Du lịch)
153551,TDV,du-lich,A00,Điểm thi THPT,2023,19.0,Việt Nam học (Chuyên ngành Du lịch)
153552,TDV,du-lich,A01,Điểm thi THPT,2023,19.0,Việt Nam học (Chuyên ngành Du lịch)
153553,TDV,du-lich,C00,Điểm thi THPT,2023,19.0,Việt Nam học (Chuyên ngành Du lịch)
153554,TDV,du-lich,D01,Điểm thi THPT,2023,19.0,Việt Nam học (Chuyên ngành Du lịch)
153555,TDV,du-lich,A00,Điểm học bạ,2024,21.0,Việt Nam học (Chuyên ngành Du lịch)
153556,TDV,du-lich,A01,Điểm học bạ,2024,21.0,Việt Nam học (Chuyên ngành Du lịch)
153557,TDV,du-lich,C00,Điểm học bạ,2024,21.0,Việt Nam học (Chuyên ngành Du lịch)
153558,TDV,du-lich,D01,Điểm học bạ,2024,21.0,Việt Nam học (Chuyên ngành Du lịch)
153559,TDV,du-lich,A00,Điểm thi THPT,2024,18.0,Việt Nam học (Chuyên ngành Du lịch)
153560,TDV,du-lich,A01,Điểm thi THPT,2024,18.0,Việt Nam học (Chuyên ngành Du lịch)
153561,TDV,du-lich,C00,Điểm thi THPT,2024,18.0,Việt Nam học (Chuyên ngành Du lịch)
153562,TDV,du-lich,D01,Điểm thi THPT,2024,18.0,Việt Nam học (Chuyên ngành Du lịch)
153563,TDV,du-lich,C00,Điểm học bạ,2025,25.0,Việt Nam học (Chuyên ngành Du lịch)
153564,TDV,du-lich,C03,Điểm học bạ,2025,25.0,Việt Nam học (Chuyên ngành Du lịch)
153565,TDV,du-lich,C19,Điểm học bạ,2025,25.0,Việt Nam học (Chuyên ngành Du lịch)
153566,TDV,du-lich,D14,Điểm học bạ,2025,25.0,Việt Nam học (Chuyên ngành Du lịch)
153567,TDV,du-lich,C00,Điểm thi THPT,2025,22.0,Việt Nam học (Chuyên ngành Du lịch)
153568,TDV,du-lich,C03,Điểm thi THPT,2025,22.0,Việt Nam học (Chuyên ngành Du lịch)
153569,TDV,du-lich,C19,Điểm thi THPT,2025,22.0,Việt Nam học (Chuyên ngành Du lịch)
153570,TDV,du-lich,D14,Điểm thi THPT,2025,22.0,Việt Nam học (Chuyên ngành Du lịch)
153571,TDV,giao-duc-chinh-tri,C00,Điểm thi THPT,2021,21.0,Giáo dục Chính trị
153572,TDV,giao-duc-chinh-tri,C19,Điểm thi THPT,2021,21.0,Giáo dục Chính trị
153573,TDV,giao-duc-chinh-tri,C20,Điểm thi THPT,2021,21.0,Giáo dục Chính trị
153574,TDV,giao-duc-chinh-tri,D01,Điểm thi THPT,2021,21.0,Giáo dục Chính trị
153575,TDV,giao-duc-chinh-tri,C00,Điểm học bạ,2022,26.0,Giáo dục Chính trị
153576,TDV,giao-duc-chinh-tri,C19,Điểm học bạ,2022,26.0,Giáo dục Chính trị
153577,TDV,giao-duc-chinh-tri,C20,Điểm học bạ,2022,26.0,Giáo dục Chính trị
153578,TDV,giao-duc-chinh-tri,D66,Điểm học bạ,2022,26.0,Giáo dục Chính trị
153579,TDV,giao-duc-chinh-tri,C00,Điểm thi THPT,2022,22.0,Giáo dục Chính trị
153580,TDV,giao-duc-chinh-tri,C19,Điểm thi THPT,2022,22.0,Giáo dục Chính trị
153581,TDV,giao-duc-chinh-tri,C20,Điểm thi THPT,2022,22.0,Giáo dục Chính trị
153582,TDV,giao-duc-chinh-tri,D66,Điểm thi THPT,2022,22.0,Giáo dục Chính trị
153583,TDV,giao-duc-chinh-tri,C00,Điểm học bạ,2023,28.0,Giáo dục Chính trị
153584,TDV,giao-duc-chinh-tri,C19,Điểm học bạ,2023,28.0,Giáo dục Chính trị
153585,TDV,giao-duc-chinh-tri,C20,Điểm học bạ,2023,28.0,Giáo dục Chính trị
153586,TDV,giao-duc-chinh-tri,D66,Điểm học bạ,2023,28.0,Giáo dục Chính trị
153587,TDV,giao-duc-chinh-tri,C00,Điểm thi THPT,2023,26.5,Giáo dục Chính trị
153588,TDV,giao-duc-chinh-tri,C19,Điểm thi THPT,2023,26.5,Giáo dục Chính trị
153589,TDV,giao-duc-chinh-tri,C20,Điểm thi THPT,2023,26.5,Giáo dục Chính trị
153590,TDV,giao-duc-chinh-tri,D66,Điểm thi THPT,2023,26.5,Giáo dục Chính trị
153591,TDV,giao-duc-chinh-tri,C00,Điểm thi THPT,2024,27.8,Giáo dục Chính trị
153592,TDV,giao-duc-chinh-tri,C19,Điểm thi THPT,2024,27.8,Giáo dục Chính trị
153593,TDV,giao-duc-chinh-tri,C20,Điểm thi THPT,2024,27.8,Giáo dục Chính trị
153594,TDV,giao-duc-chinh-tri,D66,Điểm thi THPT,2024,27.8,Giáo dục Chính trị
153595,TDV,giao-duc-chinh-tri,C14,Điểm thi THPT,2025,25.67,Giáo dục Chính trị
153596,TDV,giao-duc-chinh-tri,C19,Điểm thi THPT,2025,27.17,Giáo dục Chính trị
153597,TDV,giao-duc-chinh-tri,C20,Điểm thi THPT,2025,27.17,Giáo dục Chính trị
153598,TDV,giao-duc-chinh-tri,D66,Điểm thi THPT,2025,26.17,Giáo dục Chính trị
153599,TDV,giao-duc-mam-non,M00,Điểm thi THPT,2021,26.0,Giáo dục Mầm non
153600,TDV,giao-duc-mam-non,M01,Điểm thi THPT,2021,26.0,Giáo dục Mầm non
153601,TDV,giao-duc-mam-non,M10,Điểm thi THPT,2021,26.0,Giáo dục Mầm non
153602,TDV,giao-duc-mam-non,M13,Điểm thi THPT,2021,26.0,Giáo dục Mầm non
153603,TDV,giao-duc-mam-non,M00,Điểm học bạ,2023,24.0,Giáo dục Mầm non
153604,TDV,giao-duc-mam-non,M01,Điểm học bạ,2023,24.0,Giáo dục Mầm non
153605,TDV,giao-duc-mam-non,M10,Điểm học bạ,2023,24.0,Giáo dục Mầm non
153606,TDV,giao-duc-mam-non,M13,Điểm học bạ,2023,24.0,Giáo dục Mầm non
153607,TDV,giao-duc-mam-non,M00,Điểm thi THPT,2023,21.0,Giáo dục Mầm non
153608,TDV,giao-duc-mam-non,M01,Điểm thi THPT,2023,21.0,Giáo dục Mầm non
153609,TDV,giao-duc-mam-non,M10,Điểm thi THPT,2023,21.0,Giáo dục Mầm non
153610,TDV,giao-duc-mam-non,M13,Điểm thi THPT,2023,21.0,Giáo dục Mầm non
153611,TDV,giao-duc-qp-an,A00,Điểm thi THPT,2021,19.0,Giáo dục QP-AN
153612,TDV,giao-duc-qp-an,C00,Điểm thi THPT,2021,19.0,Giáo dục QP-AN
153613,TDV,giao-duc-qp-an,C19,Điểm thi THPT,2021,19.0,Giáo dục QP-AN
153614,TDV,giao-duc-qp-an,D01,Điểm thi THPT,2021,19.0,Giáo dục QP-AN
153615,TDV,giao-duc-quoc-phong-an-ninh,A00,Điểm học bạ,2022,26.0,Giáo dục Quốc phòng - An ninh
153616,TDV,giao-duc-quoc-phong-an-ninh,C00,Điểm học bạ,2022,26.0,Giáo dục Quốc phòng - An ninh
153617,TDV,giao-duc-quoc-phong-an-ninh,C19,Điểm học bạ,2022,26.0,Giáo dục Quốc phòng - An ninh
153618,TDV,giao-duc-quoc-phong-an-ninh,D01,Điểm học bạ,2022,26.0,Giáo dục Quốc phòng - An ninh
153619,TDV,giao-duc-quoc-phong-an-ninh,A00,Điểm thi THPT,2022,21.0,Giáo dục Quốc phòng - An ninh
153620,TDV,giao-duc-quoc-phong-an-ninh,C00,Điểm thi THPT,2022,21.0,Giáo dục Quốc phòng - An ninh
153621,TDV,giao-duc-quoc-phong-an-ninh,C19,Điểm thi THPT,2022,21.0,Giáo dục Quốc phòng - An ninh
153622,TDV,giao-duc-quoc-phong-an-ninh,D01,Điểm thi THPT,2022,21.0,Giáo dục Quốc phòng - An ninh
153623,TDV,giao-duc-quoc-phong-an-ninh,A00,Điểm học bạ,2023,27.5,Giáo dục Quốc phòng - An ninh
153624,TDV,giao-duc-quoc-phong-an-ninh,C00,Điểm học bạ,2023,27.5,Giáo dục Quốc phòng - An ninh
153625,TDV,giao-duc-quoc-phong-an-ninh,C19,Điểm học bạ,2023,27.5,Giáo dục Quốc phòng - An ninh
153626,TDV,giao-duc-quoc-phong-an-ninh,D01,Điểm học bạ,2023,27.5,Giáo dục Quốc phòng - An ninh
153627,TDV,giao-duc-quoc-phong-an-ninh,A00,Điểm thi THPT,2023,25.7,Giáo dục Quốc phòng - An ninh
153628,TDV,giao-duc-quoc-phong-an-ninh,C00,Điểm thi THPT,2023,25.7,Giáo dục Quốc phòng - An ninh
153629,TDV,giao-duc-quoc-phong-an-ninh,C19,Điểm thi THPT,2023,25.7,Giáo dục Quốc phòng - An ninh
153630,TDV,giao-duc-quoc-phong-an-ninh,D01,Điểm thi THPT,2023,25.7,Giáo dục Quốc phòng - An ninh
153631,TDV,giao-duc-quoc-phong-an-ninh,A00,Điểm thi THPT,2024,26.5,Giáo dục Quốc phòng -An ninh
153632,TDV,giao-duc-quoc-phong-an-ninh,C00,Điểm thi THPT,2024,26.5,Giáo dục Quốc phòng -An ninh
153633,TDV,giao-duc-quoc-phong-an-ninh,C19,Điểm thi THPT,2024,26.5,Giáo dục Quốc phòng -An ninh
153634,TDV,giao-duc-quoc-phong-an-ninh,D01,Điểm thi THPT,2024,26.5,Giáo dục Quốc phòng -An ninh
153635,TDV,giao-duc-quoc-phong-an-ninh,C00,Điểm thi THPT,2025,27.4,Giáo dục Quốc phòng - An ninh
153636,TDV,giao-duc-quoc-phong-an-ninh,C03,Điểm thi THPT,2025,26.4,Giáo dục Quốc phòng - An ninh
153637,TDV,giao-duc-quoc-phong-an-ninh,C12,Điểm thi THPT,2025,26.4,Giáo dục Quốc phòng - An ninh
153638,TDV,giao-duc-quoc-phong-an-ninh,C19,Điểm thi THPT,2025,27.4,Giáo dục Quốc phòng - An ninh
153639,TDV,giao-duc-the-chat,T00,Điểm thi THPT,2021,30.0,Giáo dục Thể chất
153640,TDV,giao-duc-the-chat,T01,Điểm thi THPT,2021,30.0,Giáo dục Thể chất
153641,TDV,giao-duc-the-chat,T02,Điểm thi THPT,2021,30.0,Giáo dục Thể chất
153642,TDV,giao-duc-the-chat,T05,Điểm thi THPT,2021,30.0,Giáo dục Thể chất
153643,TDV,giao-duc-the-chat,T00,Điểm học bạ,2023,26.0,Giáo dục Thể chất
153644,TDV,giao-duc-the-chat,T01,Điểm học bạ,2023,26.0,Giáo dục Thể chất
153645,TDV,giao-duc-the-chat,T02,Điểm học bạ,2023,26.0,Giáo dục Thể chất
153646,TDV,giao-duc-the-chat,T05,Điểm học bạ,2023,26.0,Giáo dục Thể chất
153647,TDV,giao-duc-the-chat,T00,Điểm thi THPT,2023,24.75,Giáo dục Thể chất
153648,TDV,giao-duc-the-chat,T01,Điểm thi THPT,2023,24.75,Giáo dục Thể chất
153649,TDV,giao-duc-the-chat,T02,Điểm thi THPT,2023,24.75,Giáo dục Thể chất
153650,TDV,giao-duc-the-chat,T05,Điểm thi THPT,2023,24.75,Giáo dục Thể chất
153651,TDV,giao-duc-tieu-hoc,A00,Điểm thi THPT,2021,26.0,Giáo dục Tiểu học
153652,TDV,giao-duc-tieu-hoc,C00,Điểm thi THPT,2021,26.0,Giáo dục Tiểu học
153653,TDV,giao-duc-tieu-hoc,C20,Điểm thi THPT,2021,26.0,Giáo dục Tiểu học
153654,TDV,giao-duc-tieu-hoc,D01,Điểm thi THPT,2021,26.0,Giáo dục Tiểu học
153655,TDV,giao-duc-tieu-hoc,A00,Điểm học bạ,2022,28.5,Giáo dục Tiểu học
153656,TDV,giao-duc-tieu-hoc,A01,Điểm học bạ,2022,28.5,Giáo dục Tiểu học
153657,TDV,giao-duc-tieu-hoc,C00,Điểm học bạ,2022,28.5,Giáo dục Tiểu học
153658,TDV,giao-duc-tieu-hoc,D01,Điểm học bạ,2022,28.5,Giáo dục Tiểu học
153659,TDV,giao-duc-tieu-hoc,A00,Điểm thi THPT,2022,25.5,Giáo dục Tiểu học
153660,TDV,giao-duc-tieu-hoc,A01,Điểm thi THPT,2022,25.5,Giáo dục Tiểu học
153661,TDV,giao-duc-tieu-hoc,C00,Điểm thi THPT,2022,25.5,Giáo dục Tiểu học
153662,TDV,giao-duc-tieu-hoc,D01,Điểm thi THPT,2022,25.5,Giáo dục Tiểu học
153663,TDV,giao-duc-tieu-hoc,A00,Điểm học bạ,2023,29.2,Giáo dục Tiểu học
153664,TDV,giao-duc-tieu-hoc,A01,Điểm học bạ,2023,29.2,Giáo dục Tiểu học
153665,TDV,giao-duc-tieu-hoc,C00,Điểm học bạ,2023,29.2,Giáo dục Tiểu học
153666,TDV,giao-duc-tieu-hoc,D01,Điểm học bạ,2023,29.2,Giáo dục Tiểu học
153667,TDV,giao-duc-tieu-hoc,A00,Điểm thi THPT,2023,25.65,Giáo dục Tiểu học
153668,TDV,giao-duc-tieu-hoc,A01,Điểm thi THPT,2023,25.65,Giáo dục Tiểu học
153669,TDV,giao-duc-tieu-hoc,C00,Điểm thi THPT,2023,25.65,Giáo dục Tiểu học
153670,TDV,giao-duc-tieu-hoc,D01,Điểm thi THPT,2023,25.65,Giáo dục Tiểu học
153671,TDV,giao-duc-tieu-hoc,A00,Điểm thi THPT,2024,28.12,Giáo dục Tiểu học
153672,TDV,giao-duc-tieu-hoc,A01,Điểm thi THPT,2024,28.12,Giáo dục Tiểu học
153673,TDV,giao-duc-tieu-hoc,C00,Điểm thi THPT,2024,28.12,Giáo dục Tiểu học
153674,TDV,giao-duc-tieu-hoc,D01,Điểm thi THPT,2024,28.12,Giáo dục Tiểu học
153675,TDV,giao-duc-tieu-hoc,C01,Điểm thi THPT,2025,25.56,Giáo dục Tiểu học
153676,TDV,giao-duc-tieu-hoc,C03,Điểm thi THPT,2025,25.56,Giáo dục Tiểu học
153677,TDV,giao-duc-tieu-hoc,C04,Điểm thi THPT,2025,25.56,Giáo dục Tiểu học
153678,TDV,giao-duc-tieu-hoc,D01,Điểm thi THPT,2025,24.56,Giáo dục Tiểu học
153679,TDV,ke-toan,A00,Điểm thi THPT,2021,18.0,Kế toán
153680,TDV,ke-toan,A01,Điểm thi THPT,2021,18.0,Kế toán
153681,TDV,ke-toan,D01,Điểm thi THPT,2021,18.0,Kế toán
153682,TDV,ke-toan,D07,Điểm thi THPT,2021,18.0,Kế toán
153683,TDV,ke-toan,A00,Điểm học bạ,2022,22.0,Kế toán
153684,TDV,ke-toan,A01,Điểm học bạ,2022,22.0,Kế toán
153685,TDV,ke-toan,D01,Điểm học bạ,2022,22.0,Kế toán
153686,TDV,ke-toan,D07,Điểm học bạ,2022,22.0,Kế toán
153687,TDV,ke-toan,A00,Điểm thi THPT,2022,19.0,Kế toán
153688,TDV,ke-toan,A01,Điểm thi THPT,2022,19.0,Kế toán
153689,TDV,ke-toan,D01,Điểm thi THPT,2022,19.0,Kế toán
153690,TDV,ke-toan,D07,Điểm thi THPT,2022,19.0,Kế toán
153691,TDV,ke-toan,A00,Điểm học bạ,2023,23.0,Kế toán
153692,TDV,ke-toan,A01,Điểm học bạ,2023,23.0,Kế toán
153693,TDV,ke-toan,D01,Điểm học bạ,2023,23.0,Kế toán
153694,TDV,ke-toan,D07,Điểm học bạ,2023,23.0,Kế toán
153695,TDV,ke-toan,A00,Điểm thi THPT,2023,19.0,Kế toán
153696,TDV,ke-toan,A01,Điểm thi THPT,2023,19.0,Kế toán
153697,TDV,ke-toan,D01,Điểm thi THPT,2023,19.0,Kế toán
153698,TDV,ke-toan,D07,Điểm thi THPT,2023,19.0,Kế toán
153699,TDV,ke-toan,A00,Điểm học bạ,2024,23.5,Kế toán
153700,TDV,ke-toan,A01,Điểm học bạ,2024,23.5,Kế toán
153701,TDV,ke-toan,B00,Điểm học bạ,2024,23.5,Kế toán
153702,TDV,ke-toan,D01,Điểm học bạ,2024,23.5,Kế toán
153703,TDV,ke-toan,A00,Điểm thi THPT,2024,20.0,Kế toán
153704,TDV,ke-toan,A01,Điểm thi THPT,2024,20.0,Kế toán
153705,TDV,ke-toan,D01,Điểm thi THPT,2024,20.0,Kế toán
153706,TDV,ke-toan,D07,Điểm thi THPT,2024,20.0,Kế toán
153707,TDV,ke-toan,A00,Điểm học bạ,2025,23.5,Kế toán
153708,TDV,ke-toan,A01,Điểm học bạ,2025,23.5,Kế toán
153709,TDV,ke-toan,C01,Điểm học bạ,2025,23.5,Kế toán
153710,TDV,ke-toan,D01,Điểm học bạ,2025,23.5,Kế toán
153711,TDV,ke-toan,A00,Điểm thi THPT,2025,20.5,Kế toán
153712,TDV,ke-toan,A01,Điểm thi THPT,2025,20.5,Kế toán
153713,TDV,ke-toan,C01,Điểm thi THPT,2025,20.5,Kế toán
153714,TDV,ke-toan,D01,Điểm thi THPT,2025,20.5,Kế toán
153715,TDV,khoa-hoc-cay-trong,A00,Điểm học bạ,2024,21.0,Khoa học cây trồng
153716,TDV,khoa-hoc-cay-trong,B00,Điểm học bạ,2024,21.0,Khoa học cây trồng
153717,TDV,khoa-hoc-cay-trong,B08,Điểm học bạ,2024,21.0,Khoa học cây trồng
153718,TDV,khoa-hoc-cay-trong,D01,Điểm học bạ,2024,21.0,Khoa học cây trồng
153719,TDV,khoa-hoc-cay-trong,A00,Điểm thi THPT,2024,16.0,Khoa học cây trồng
153720,TDV,khoa-hoc-cay-trong,B00,Điểm thi THPT,2024,16.0,Khoa học cây trồng
153721,TDV,khoa-hoc-cay-trong,B08,Điểm thi THPT,2024,16.0,Khoa học cây trồng
153722,TDV,khoa-hoc-cay-trong,D01,Điểm thi THPT,2024,16.0,Khoa học cây trồng
153723,TDV,khoa-hoc-cay-trong,B00,Điểm học bạ,2025,19.0,Khoa học cây trồng
153724,TDV,khoa-hoc-cay-trong,B08,Điểm học bạ,2025,19.0,Khoa học cây trồng
153725,TDV,khoa-hoc-cay-trong,C02,Điểm học bạ,2025,19.0,Khoa học cây trồng
153726,TDV,khoa-hoc-cay-trong,C03,Điểm học bạ,2025,19.0,Khoa học cây trồng
153727,TDV,khoa-hoc-cay-trong,C14,Điểm học bạ,2025,19.0,Khoa học cây trồng
153728,TDV,khoa-hoc-cay-trong,D01,Điểm học bạ,2025,19.0,Khoa học cây trồng
153729,TDV,khoa-hoc-cay-trong,B00,Điểm thi THPT,2025,16.0,Khoa học cây trồng
153730,TDV,khoa-hoc-cay-trong,B08,Điểm thi THPT,2025,16.0,Khoa học cây trồng
153731,TDV,khoa-hoc-cay-trong,C02,Điểm thi THPT,2025,16.0,Khoa học cây trồng
153732,TDV,khoa-hoc-cay-trong,C03,Điểm thi THPT,2025,16.0,Khoa học cây trồng
153733,TDV,khoa-hoc-cay-trong,C14,Điểm thi THPT,2025,16.0,Khoa học cây trồng
153734,TDV,khoa-hoc-cay-trong,D01,Điểm thi THPT,2025,16.0,Khoa học cây trồng
153735,TDV,khoa-hoc-du-lieu-va-thong-ke,A00,Điểm thi THPT,2021,16.0,Khoa học dữ liệu và thống kê
153736,TDV,khoa-hoc-du-lieu-va-thong-ke,A01,Điểm thi THPT,2021,16.0,Khoa học dữ liệu và thống kê
153737,TDV,khoa-hoc-du-lieu-va-thong-ke,B00,Điểm thi THPT,2021,16.0,Khoa học dữ liệu và thống kê
153738,TDV,khoa-hoc-du-lieu-va-thong-ke,D01,Điểm thi THPT,2021,16.0,Khoa học dữ liệu và thống kê
153739,TDV,khoa-hoc-may-tinh,A00,Điểm thi THPT,2021,18.0,Khoa học máy tính
153740,TDV,khoa-hoc-may-tinh,A01,Điểm thi THPT,2021,18.0,Khoa học máy tính
153741,TDV,khoa-hoc-may-tinh,D01,Điểm thi THPT,2021,18.0,Khoa học máy tính
153742,TDV,khoa-hoc-may-tinh,D07,Điểm thi THPT,2021,18.0,Khoa học máy tính
153743,TDV,khoa-hoc-may-tinh,A00,Điểm học bạ,2022,18.0,Khoa học máy tính
153744,TDV,khoa-hoc-may-tinh,A01,Điểm học bạ,2022,18.0,Khoa học máy tính
153745,TDV,khoa-hoc-may-tinh,D01,Điểm học bạ,2022,18.0,Khoa học máy tính
153746,TDV,khoa-hoc-may-tinh,D07,Điểm học bạ,2022,18.0,Khoa học máy tính
153747,TDV,khoa-hoc-may-tinh,A00,Điểm thi THPT,2022,18.0,Khoa học máy tính
153748,TDV,khoa-hoc-may-tinh,A01,Điểm thi THPT,2022,18.0,Khoa học máy tính
153749,TDV,khoa-hoc-may-tinh,D01,Điểm thi THPT,2022,18.0,Khoa học máy tính
153750,TDV,khoa-hoc-may-tinh,D07,Điểm thi THPT,2022,18.0,Khoa học máy tính
153751,TDV,khoa-hoc-may-tinh,A00,Điểm học bạ,2023,24.0,Khoa học máy tính
153752,TDV,khoa-hoc-may-tinh,A01,Điểm học bạ,2023,24.0,Khoa học máy tính
153753,TDV,khoa-hoc-may-tinh,D01,Điểm học bạ,2023,24.0,Khoa học máy tính
153754,TDV,khoa-hoc-may-tinh,D07,Điểm học bạ,2023,24.0,Khoa học máy tính
153755,TDV,khoa-hoc-may-tinh,A00,Điểm thi THPT,2023,18.0,Khoa học máy tính
153756,TDV,khoa-hoc-may-tinh,A01,Điểm thi THPT,2023,18.0,Khoa học máy tính
153757,TDV,khoa-hoc-may-tinh,D01,Điểm thi THPT,2023,18.0,Khoa học máy tính
153758,TDV,khoa-hoc-may-tinh,D07,Điểm thi THPT,2023,18.0,Khoa học máy tính
153759,TDV,khoa-hoc-may-tinh,A00,Điểm học bạ,2024,24.0,Khoa học máy tính
153760,TDV,khoa-hoc-may-tinh,A01,Điểm học bạ,2024,24.0,Khoa học máy tính
153761,TDV,khoa-hoc-may-tinh,D01,Điểm học bạ,2024,24.0,Khoa học máy tính
153762,TDV,khoa-hoc-may-tinh,D07,Điểm học bạ,2024,24.0,Khoa học máy tính
153763,TDV,khoa-hoc-may-tinh,A00,Điểm thi THPT,2024,18.0,Khoa học máy tính
153764,TDV,khoa-hoc-may-tinh,A01,Điểm thi THPT,2024,18.0,Khoa học máy tính
153765,TDV,khoa-hoc-may-tinh,D01,Điểm thi THPT,2024,18.0,Khoa học máy tính
153766,TDV,khoa-hoc-may-tinh,D07,Điểm thi THPT,2024,18.0,Khoa học máy tính
153767,TDV,khoa-hoc-may-tinh,A01,Điểm học bạ,2025,22.5,Khoa học máy tính
153768,TDV,khoa-hoc-may-tinh,D07,Điểm học bạ,2025,22.5,Khoa học máy tính
153769,TDV,khoa-hoc-may-tinh,D08,Điểm học bạ,2025,22.5,Khoa học máy tính
153770,TDV,khoa-hoc-may-tinh,X26,Điểm học bạ,2025,22.5,Khoa học máy tính
153771,TDV,khoa-hoc-may-tinh,A01,Điểm thi THPT,2025,19.5,Khoa học máy tính
153772,TDV,khoa-hoc-may-tinh,D07,Điểm thi THPT,2025,19.5,Khoa học máy tính
153773,TDV,khoa-hoc-may-tinh,D08,Điểm thi THPT,2025,19.5,Khoa học máy tính
153774,TDV,khoa-hoc-may-tinh,X26,Điểm thi THPT,2025,19.5,Khoa học máy tính
153775,TDV,kien-truc,A00,Điểm học bạ,2024,21.0,Kiến trúc
153776,TDV,kien-truc,C01,Điểm học bạ,2025,21.0,Kiến trúc
153777,TDV,kien-truc,C03,Điểm học bạ,2025,21.0,Kiến trúc
153778,TDV,kien-truc,C04,Điểm học bạ,2025,21.0,Kiến trúc
153779,TDV,kien-truc,D01,Điểm học bạ,2025,21.0,Kiến trúc
153780,TDV,kien-truc,V01,Điểm học bạ,2025,21.0,Kiến trúc
153781,TDV,kien-truc,C01,Điểm thi THPT,2025,18.0,Kiến trúc
153782,TDV,kien-truc,C03,Điểm thi THPT,2025,18.0,Kiến trúc
153783,TDV,kien-truc,C04,Điểm thi THPT,2025,18.0,Kiến trúc
153784,TDV,kien-truc,D01,Điểm thi THPT,2025,18.0,Kiến trúc
153785,TDV,kinh-te,A00,Điểm thi THPT,2021,17.0,Kinh tế
153786,TDV,kinh-te,A01,Điểm thi THPT,2021,17.0,Kinh tế
153787,TDV,kinh-te,B00,Điểm thi THPT,2021,17.0,Kinh tế
153788,TDV,kinh-te,D01,Điểm thi THPT,2021,17.0,Kinh tế
153789,TDV,kinh-te,A00,Điểm học bạ,2022,20.0,Kinh tế
153790,TDV,kinh-te,A01,Điểm học bạ,2022,20.0,Kinh tế
153791,TDV,kinh-te,B00,Điểm học bạ,2022,20.0,Kinh tế
153792,TDV,kinh-te,D01,Điểm học bạ,2022,20.0,Kinh tế
153793,TDV,kinh-te,A00,Điểm thi THPT,2022,20.0,Kinh tế
153794,TDV,kinh-te,A01,Điểm thi THPT,2022,20.0,Kinh tế
153795,TDV,kinh-te,B00,Điểm thi THPT,2022,20.0,Kinh tế
153796,TDV,kinh-te,D01,Điểm thi THPT,2022,20.0,Kinh tế
153797,TDV,kinh-te,A00,Điểm học bạ,2023,22.0,Kinh tế
153798,TDV,kinh-te,A01,Điểm học bạ,2023,22.0,Kinh tế
153799,TDV,kinh-te,B00,Điểm học bạ,2023,22.0,Kinh tế
153800,TDV,kinh-te,D01,Điểm học bạ,2023,22.0,Kinh tế
153801,TDV,kinh-te,A00,Điểm thi THPT,2023,19.0,Kinh tế
153802,TDV,kinh-te,A01,Điểm thi THPT,2023,19.0,Kinh tế
153803,TDV,kinh-te,B00,Điểm thi THPT,2023,19.0,Kinh tế
153804,TDV,kinh-te,D01,Điểm thi THPT,2023,19.0,Kinh tế
153805,TDV,kinh-te,A00,Điểm học bạ,2025,23.0,Kinh tế (chuyên ngành: Kinh tế đầu tư và Quản lý kinh tế)
153806,TDV,kinh-te,A01,Điểm học bạ,2025,23.0,Kinh tế (chuyên ngành: Kinh tế đầu tư và Quản lý kinh tế)
153807,TDV,kinh-te,C01,Điểm học bạ,2025,23.0,Kinh tế (chuyên ngành: Kinh tế đầu tư và Quản lý kinh tế)
153808,TDV,kinh-te,D01,Điểm học bạ,2025,23.0,Kinh tế (chuyên ngành: Kinh tế đầu tư và Quản lý kinh tế)
153809,TDV,kinh-te,A00,Điểm thi THPT,2025,18.0,Kinh tế (chuyên ngành: Kinh tế đầu tư và Quản lý kinh tế)
153810,TDV,kinh-te,A01,Điểm thi THPT,2025,18.0,Kinh tế (chuyên ngành: Kinh tế đầu tư và Quản lý kinh tế)
153811,TDV,kinh-te,C01,Điểm thi THPT,2025,18.0,Kinh tế (chuyên ngành: Kinh tế đầu tư và Quản lý kinh tế)
153812,TDV,kinh-te,D01,Điểm thi THPT,2025,18.0,Kinh tế (chuyên ngành: Kinh tế đầu tư và Quản lý kinh tế)
153813,TDV,kinh-te-dau-tu-va-chuyen-nganh-quan-ly-kinh-te,A00,Điểm học bạ,2024,22.5,Kinh tế (Chuyên ngành Kinh tế đầu tư và chuyên ngành Quản lý kinh tế)
153814,TDV,kinh-te-dau-tu-va-chuyen-nganh-quan-ly-kinh-te,A01,Điểm học bạ,2024,22.5,Kinh tế (Chuyên ngành Kinh tế đầu tư và chuyên ngành Quản lý kinh tế)
153815,TDV,kinh-te-dau-tu-va-chuyen-nganh-quan-ly-kinh-te,B00,Điểm học bạ,2024,22.5,Kinh tế (Chuyên ngành Kinh tế đầu tư và chuyên ngành Quản lý kinh tế)
153816,TDV,kinh-te-dau-tu-va-chuyen-nganh-quan-ly-kinh-te,D01,Điểm học bạ,2024,22.5,Kinh tế (Chuyên ngành Kinh tế đầu tư và chuyên ngành Quản lý kinh tế)
153817,TDV,kinh-te-dau-tu-va-chuyen-nganh-quan-ly-kinh-te,A00,Điểm thi THPT,2024,18.5,Kinh tế (Chuyên ngành Kình tế đầu tư và chuyên ngành Quán lý kinh tế)
153818,TDV,kinh-te-dau-tu-va-chuyen-nganh-quan-ly-kinh-te,A01,Điểm thi THPT,2024,18.5,Kinh tế (Chuyên ngành Kình tế đầu tư và chuyên ngành Quán lý kinh tế)
153819,TDV,kinh-te-dau-tu-va-chuyen-nganh-quan-ly-kinh-te,B00,Điểm thi THPT,2024,18.5,Kinh tế (Chuyên ngành Kình tế đầu tư và chuyên ngành Quán lý kinh tế)
153820,TDV,kinh-te-dau-tu-va-chuyen-nganh-quan-ly-kinh-te,D01,Điểm thi THPT,2024,18.5,Kinh tế (Chuyên ngành Kình tế đầu tư và chuyên ngành Quán lý kinh tế)
153821,TDV,kinh-te-dau-tu-xay-dung-kinh-te-van-tai-va-logistic-quan-ly-du-an-cong-trinh-xay-dung,A00,Điểm thi THPT,2024,16.0,Kinh tế xây dựng (Chuyên ngành : Kinh tế đầu tư xây dựng; Kinh tế vận tải và logistic; Quản lý dự án công trình xây dựng)
153822,TDV,kinh-te-dau-tu-xay-dung-kinh-te-van-tai-va-logistic-quan-ly-du-an-cong-trinh-xay-dung,A01,Điểm thi THPT,2024,16.0,Kinh tế xây dựng (Chuyên ngành : Kinh tế đầu tư xây dựng; Kinh tế vận tải và logistic; Quản lý dự án công trình xây dựng)
153823,TDV,kinh-te-dau-tu-xay-dung-kinh-te-van-tai-va-logistic-quan-ly-du-an-cong-trinh-xay-dung,B00,Điểm thi THPT,2024,16.0,Kinh tế xây dựng (Chuyên ngành : Kinh tế đầu tư xây dựng; Kinh tế vận tải và logistic; Quản lý dự án công trình xây dựng)
153824,TDV,kinh-te-dau-tu-xay-dung-kinh-te-van-tai-va-logistic-quan-ly-du-an-cong-trinh-xay-dung,D01,Điểm thi THPT,2024,16.0,Kinh tế xây dựng (Chuyên ngành : Kinh tế đầu tư xây dựng; Kinh tế vận tải và logistic; Quản lý dự án công trình xây dựng)
153825,TDV,kinh-te-so,A00,Điểm học bạ,2025,21.5,Kinh tế số
153826,TDV,kinh-te-so,A01,Điểm học bạ,2025,21.5,Kinh tế số
153827,TDV,kinh-te-so,C01,Điểm học bạ,2025,21.5,Kinh tế số
153828,TDV,kinh-te-so,D01,Điểm học bạ,2025,21.5,Kinh tế số
153829,TDV,kinh-te-so,A00,Điểm thi THPT,2025,18.5,Kinh tế số
153830,TDV,kinh-te-so,A01,Điểm thi THPT,2025,18.5,Kinh tế số
153831,TDV,kinh-te-so,C01,Điểm thi THPT,2025,18.5,Kinh tế số
153832,TDV,kinh-te-so,D01,Điểm thi THPT,2025,18.5,Kinh tế số
153833,TDV,kinh-te-va-kinh-doanh-so,A00,Điểm học bạ,2024,22.0,Kinh tế số (chuyên ngành Kinh tế và Kinh doanh số)
153834,TDV,kinh-te-va-kinh-doanh-so,A01,Điểm học bạ,2024,22.0,Kinh tế số (chuyên ngành Kinh tế và Kinh doanh số)
153835,TDV,kinh-te-va-kinh-doanh-so,B00,Điểm học bạ,2024,22.0,Kinh tế số (chuyên ngành Kinh tế và Kinh doanh số)
153836,TDV,kinh-te-va-kinh-doanh-so,D01,Điểm học bạ,2024,22.0,Kinh tế số (chuyên ngành Kinh tế và Kinh doanh số)
153837,TDV,kinh-te-va-kinh-doanh-so,A00,Điểm thi THPT,2024,18.5,Kinh tế số (chuyên ngành Kinh tế và Kinh doanh so)
153838,TDV,kinh-te-va-kinh-doanh-so,A01,Điểm thi THPT,2024,18.5,Kinh tế số (chuyên ngành Kinh tế và Kinh doanh so)
153839,TDV,kinh-te-va-kinh-doanh-so,B00,Điểm thi THPT,2024,18.5,Kinh tế số (chuyên ngành Kinh tế và Kinh doanh so)
153840,TDV,kinh-te-va-kinh-doanh-so,D01,Điểm thi THPT,2024,18.5,Kinh tế số (chuyên ngành Kinh tế và Kinh doanh so)
153841,TDV,kinh-te-xay-dung,A00,Điểm thi THPT,2021,16.0,Kinh tế xây dựng
153842,TDV,kinh-te-xay-dung,A01,Điểm thi THPT,2021,16.0,Kinh tế xây dựng
153843,TDV,kinh-te-xay-dung,B00,Điểm thi THPT,2021,16.0,Kinh tế xây dựng
153844,TDV,kinh-te-xay-dung,D01,Điểm thi THPT,2021,16.0,Kinh tế xây dựng
153845,TDV,kinh-te-xay-dung,A00,Điểm học bạ,2022,18.0,Kinh tế xây dựng
153846,TDV,kinh-te-xay-dung,A01,Điểm học bạ,2022,18.0,Kinh tế xây dựng
153847,TDV,kinh-te-xay-dung,B00,Điểm học bạ,2022,18.0,Kinh tế xây dựng
153848,TDV,kinh-te-xay-dung,D01,Điểm học bạ,2022,18.0,Kinh tế xây dựng
153849,TDV,kinh-te-xay-dung,A00,Điểm thi THPT,2022,17.0,Kinh tế xây dựng
153850,TDV,kinh-te-xay-dung,A01,Điểm thi THPT,2022,17.0,Kinh tế xây dựng
153851,TDV,kinh-te-xay-dung,B00,Điểm thi THPT,2022,17.0,Kinh tế xây dựng
153852,TDV,kinh-te-xay-dung,D01,Điểm thi THPT,2022,17.0,Kinh tế xây dựng
153853,TDV,kinh-te-xay-dung,A00,Điểm học bạ,2023,18.0,Kinh tế xây dựng
153854,TDV,kinh-te-xay-dung,A01,Điểm học bạ,2023,18.0,Kinh tế xây dựng
153855,TDV,kinh-te-xay-dung,B00,Điểm học bạ,2023,18.0,Kinh tế xây dựng
153856,TDV,kinh-te-xay-dung,D01,Điểm học bạ,2023,18.0,Kinh tế xây dựng
153857,TDV,kinh-te-xay-dung,A00,Điểm thi THPT,2023,17.0,Kinh tế xây dựng
153858,TDV,kinh-te-xay-dung,A01,Điểm thi THPT,2023,17.0,Kinh tế xây dựng
153859,TDV,kinh-te-xay-dung,B00,Điểm thi THPT,2023,17.0,Kinh tế xây dựng
153860,TDV,kinh-te-xay-dung,D01,Điểm thi THPT,2023,17.0,Kinh tế xây dựng
153861,TDV,kinh-te-xay-dung,A00,Điểm học bạ,2024,21.0,Kinh tế xây dựng (Chuyên ngành: Kinh tế đầu tư xây dựng; Kinh tế vận tải và logistic; Quản lý dự án công trình xây dựng)
153862,TDV,kinh-te-xay-dung,A01,Điểm học bạ,2024,21.0,Kinh tế xây dựng (Chuyên ngành: Kinh tế đầu tư xây dựng; Kinh tế vận tải và logistic; Quản lý dự án công trình xây dựng)
153863,TDV,kinh-te-xay-dung,B00,Điểm học bạ,2024,21.0,Kinh tế xây dựng (Chuyên ngành: Kinh tế đầu tư xây dựng; Kinh tế vận tải và logistic; Quản lý dự án công trình xây dựng)
153864,TDV,kinh-te-xay-dung,D01,Điểm học bạ,2024,21.0,Kinh tế xây dựng (Chuyên ngành: Kinh tế đầu tư xây dựng; Kinh tế vận tải và logistic; Quản lý dự án công trình xây dựng)
153865,TDV,kinh-te-xay-dung,C01,Điểm học bạ,2025,21.0,"Kinh tế xây dựng (Chuyên ngành: Kinh tế đầu tư xây dựng, Kinh tế vận tải và logistic, Quản lí dự án công trình xây dựng)"
153866,TDV,kinh-te-xay-dung,C04,Điểm học bạ,2025,21.0,"Kinh tế xây dựng (Chuyên ngành: Kinh tế đầu tư xây dựng, Kinh tế vận tải và logistic, Quản lí dự án công trình xây dựng)"
153867,TDV,kinh-te-xay-dung,C14,Điểm học bạ,2025,21.0,"Kinh tế xây dựng (Chuyên ngành: Kinh tế đầu tư xây dựng, Kinh tế vận tải và logistic, Quản lí dự án công trình xây dựng)"
153868,TDV,kinh-te-xay-dung,D01,Điểm học bạ,2025,21.0,"Kinh tế xây dựng (Chuyên ngành: Kinh tế đầu tư xây dựng, Kinh tế vận tải và logistic, Quản lí dự án công trình xây dựng)"
153869,TDV,kinh-te-xay-dung,C01,Điểm thi THPT,2025,18.0,"Kinh tế xây dựng (Chuyên ngành: Kinh tế đầu tư xây dựng, Kinh tế vận tải và logistic, Quản lí dự án công trình xây dựng)"
153870,TDV,kinh-te-xay-dung,C04,Điểm thi THPT,2025,18.0,"Kinh tế xây dựng (Chuyên ngành: Kinh tế đầu tư xây dựng, Kinh tế vận tải và logistic, Quản lí dự án công trình xây dựng)"
153871,TDV,kinh-te-xay-dung,C14,Điểm thi THPT,2025,18.0,"Kinh tế xây dựng (Chuyên ngành: Kinh tế đầu tư xây dựng, Kinh tế vận tải và logistic, Quản lí dự án công trình xây dựng)"
153872,TDV,kinh-te-xay-dung,D01,Điểm thi THPT,2025,18.0,"Kinh tế xây dựng (Chuyên ngành: Kinh tế đầu tư xây dựng, Kinh tế vận tải và logistic, Quản lí dự án công trình xây dựng)"
153873,TDV,ky-thuat-dien-tu-chuyen-nganh-ky-thuat-vien-thong,B03,Điểm học bạ,2025,21.0,Kỹ thuật điện tử - viễn thông (Chuyên ngành kỹ thuật điện tử; chuyên ngành kỹ thuật viễn thông)
153874,TDV,ky-thuat-dien-tu-chuyen-nganh-ky-thuat-vien-thong,C01,Điểm học bạ,2025,21.0,Kỹ thuật điện tử - viễn thông (Chuyên ngành kỹ thuật điện tử; chuyên ngành kỹ thuật viễn thông)
153875,TDV,ky-thuat-dien-tu-chuyen-nganh-ky-thuat-vien-thong,C02,Điểm học bạ,2025,21.0,Kỹ thuật điện tử - viễn thông (Chuyên ngành kỹ thuật điện tử; chuyên ngành kỹ thuật viễn thông)
153876,TDV,ky-thuat-dien-tu-chuyen-nganh-ky-thuat-vien-thong,D01,Điểm học bạ,2025,21.0,Kỹ thuật điện tử - viễn thông (Chuyên ngành kỹ thuật điện tử; chuyên ngành kỹ thuật viễn thông)
153877,TDV,ky-thuat-dien-tu-chuyen-nganh-ky-thuat-vien-thong,B03,Điểm thi THPT,2025,18.0,Kỹ thuật điện tử - viễn thông (Chuyên ngành kỹ thuật điện tử; chuyên ngành kỹ thuật viễn thông)
153878,TDV,ky-thuat-dien-tu-chuyen-nganh-ky-thuat-vien-thong,C01,Điểm thi THPT,2025,18.0,Kỹ thuật điện tử - viễn thông (Chuyên ngành kỹ thuật điện tử; chuyên ngành kỹ thuật viễn thông)
153879,TDV,ky-thuat-dien-tu-chuyen-nganh-ky-thuat-vien-thong,C02,Điểm thi THPT,2025,18.0,Kỹ thuật điện tử - viễn thông (Chuyên ngành kỹ thuật điện tử; chuyên ngành kỹ thuật viễn thông)
153880,TDV,ky-thuat-dien-tu-chuyen-nganh-ky-thuat-vien-thong,D01,Điểm thi THPT,2025,18.0,Kỹ thuật điện tử - viễn thông (Chuyên ngành kỹ thuật điện tử; chuyên ngành kỹ thuật viễn thông)
153881,TDV,ky-thuat-dien-tu-vien-thong,A00,Điểm thi THPT,2021,18.0,Kỹ thuật điện tử - Viễn thông
153882,TDV,ky-thuat-dien-tu-vien-thong,A01,Điểm thi THPT,2021,18.0,Kỹ thuật điện tử - Viễn thông
153883,TDV,ky-thuat-dien-tu-vien-thong,B00,Điểm thi THPT,2021,18.0,Kỹ thuật điện tử - Viễn thông
153884,TDV,ky-thuat-dien-tu-vien-thong,D01,Điểm thi THPT,2021,18.0,Kỹ thuật điện tử - Viễn thông
153885,TDV,ky-thuat-dien-tu-vien-thong,A00,Điểm học bạ,2022,18.0,Kỹ thuật điện tử - viễn thông
153886,TDV,ky-thuat-dien-tu-vien-thong,A01,Điểm học bạ,2022,18.0,Kỹ thuật điện tử - viễn thông
153887,TDV,ky-thuat-dien-tu-vien-thong,B00,Điểm học bạ,2022,18.0,Kỹ thuật điện tử - viễn thông
153888,TDV,ky-thuat-dien-tu-vien-thong,D01,Điểm học bạ,2022,18.0,Kỹ thuật điện tử - viễn thông
153889,TDV,ky-thuat-dien-tu-vien-thong,A00,Điểm thi THPT,2022,17.0,Kỹ thuật điện tử - viễn thông
153890,TDV,ky-thuat-dien-tu-vien-thong,A01,Điểm thi THPT,2022,17.0,Kỹ thuật điện tử - viễn thông
153891,TDV,ky-thuat-dien-tu-vien-thong,B00,Điểm thi THPT,2022,17.0,Kỹ thuật điện tử - viễn thông
153892,TDV,ky-thuat-dien-tu-vien-thong,D01,Điểm thi THPT,2022,17.0,Kỹ thuật điện tử - viễn thông
153893,TDV,ky-thuat-dien-tu-vien-thong,A00,Điểm học bạ,2023,22.0,Kỹ thuật điện tử - viễn thông
153894,TDV,ky-thuat-dien-tu-vien-thong,A01,Điểm học bạ,2023,22.0,Kỹ thuật điện tử - viễn thông
153895,TDV,ky-thuat-dien-tu-vien-thong,B00,Điểm học bạ,2023,22.0,Kỹ thuật điện tử - viễn thông
153896,TDV,ky-thuat-dien-tu-vien-thong,D01,Điểm học bạ,2023,22.0,Kỹ thuật điện tử - viễn thông
153897,TDV,ky-thuat-dien-tu-vien-thong,A00,Điểm thi THPT,2023,17.0,Kỹ thuật điện tử - viễn thông
153898,TDV,ky-thuat-dien-tu-vien-thong,A01,Điểm thi THPT,2023,17.0,Kỹ thuật điện tử - viễn thông
153899,TDV,ky-thuat-dien-tu-vien-thong,B00,Điểm thi THPT,2023,17.0,Kỹ thuật điện tử - viễn thông
153900,TDV,ky-thuat-dien-tu-vien-thong,D01,Điểm thi THPT,2023,17.0,Kỹ thuật điện tử - viễn thông
153901,TDV,ky-thuat-dien-tu-vien-thong,A00,Điểm học bạ,2024,22.0,Kỹ thuật điện tử - viễn thông
153902,TDV,ky-thuat-dien-tu-vien-thong,A01,Điểm học bạ,2024,22.0,Kỹ thuật điện tử - viễn thông
153903,TDV,ky-thuat-dien-tu-vien-thong,B00,Điểm học bạ,2024,22.0,Kỹ thuật điện tử - viễn thông
153904,TDV,ky-thuat-dien-tu-vien-thong,D01,Điểm học bạ,2024,22.0,Kỹ thuật điện tử - viễn thông
153905,TDV,ky-thuat-dien-tu-vien-thong,A00,Điểm thi THPT,2024,17.0,Kỹ thuật điện tử - viễn thông
153906,TDV,ky-thuat-dien-tu-vien-thong,A01,Điểm thi THPT,2024,17.0,Kỹ thuật điện tử - viễn thông
153907,TDV,ky-thuat-dien-tu-vien-thong,B00,Điểm thi THPT,2024,17.0,Kỹ thuật điện tử - viễn thông
153908,TDV,ky-thuat-dien-tu-vien-thong,D01,Điểm thi THPT,2024,17.0,Kỹ thuật điện tử - viễn thông
153909,TDV,ky-thuat-dieu-khien-va-tu-dong-hoa,A00,Điểm thi THPT,2021,18.0,Kỹ thuật điều khiển và tự động hóa
153910,TDV,ky-thuat-dieu-khien-va-tu-dong-hoa,A01,Điểm thi THPT,2021,18.0,Kỹ thuật điều khiển và tự động hóa
153911,TDV,ky-thuat-dieu-khien-va-tu-dong-hoa,B00,Điểm thi THPT,2021,18.0,Kỹ thuật điều khiển và tự động hóa
153912,TDV,ky-thuat-dieu-khien-va-tu-dong-hoa,D01,Điểm thi THPT,2021,18.0,Kỹ thuật điều khiển và tự động hóa
153913,TDV,ky-thuat-dieu-khien-va-tu-dong-hoa,A00,Điểm học bạ,2022,20.0,Kỹ thuật điều khiển và tự động hóa
153914,TDV,ky-thuat-dieu-khien-va-tu-dong-hoa,A01,Điểm học bạ,2022,20.0,Kỹ thuật điều khiển và tự động hóa
153915,TDV,ky-thuat-dieu-khien-va-tu-dong-hoa,B00,Điểm học bạ,2022,20.0,Kỹ thuật điều khiển và tự động hóa
153916,TDV,ky-thuat-dieu-khien-va-tu-dong-hoa,D01,Điểm học bạ,2022,20.0,Kỹ thuật điều khiển và tự động hóa
153917,TDV,ky-thuat-dieu-khien-va-tu-dong-hoa,A00,Điểm thi THPT,2022,19.0,Kỹ thuật điều khiển và tự động hóa
153918,TDV,ky-thuat-dieu-khien-va-tu-dong-hoa,A01,Điểm thi THPT,2022,19.0,Kỹ thuật điều khiển và tự động hóa
153919,TDV,ky-thuat-dieu-khien-va-tu-dong-hoa,B00,Điểm thi THPT,2022,19.0,Kỹ thuật điều khiển và tự động hóa
153920,TDV,ky-thuat-dieu-khien-va-tu-dong-hoa,D01,Điểm thi THPT,2022,19.0,Kỹ thuật điều khiển và tự động hóa
153921,TDV,ky-thuat-dieu-khien-va-tu-dong-hoa,A00,Điểm học bạ,2023,23.0,Kỹ thuật điều khiển và tự động hóa
153922,TDV,ky-thuat-dieu-khien-va-tu-dong-hoa,A01,Điểm học bạ,2023,23.0,Kỹ thuật điều khiển và tự động hóa
153923,TDV,ky-thuat-dieu-khien-va-tu-dong-hoa,B00,Điểm học bạ,2023,23.0,Kỹ thuật điều khiển và tự động hóa
153924,TDV,ky-thuat-dieu-khien-va-tu-dong-hoa,D01,Điểm học bạ,2023,23.0,Kỹ thuật điều khiển và tự động hóa
153925,TDV,ky-thuat-dieu-khien-va-tu-dong-hoa,A00,Điểm thi THPT,2023,19.0,Kỹ thuật điều khiển và tự động hóa
153926,TDV,ky-thuat-dieu-khien-va-tu-dong-hoa,A01,Điểm thi THPT,2023,19.0,Kỹ thuật điều khiển và tự động hóa
153927,TDV,ky-thuat-dieu-khien-va-tu-dong-hoa,B00,Điểm thi THPT,2023,19.0,Kỹ thuật điều khiển và tự động hóa
153928,TDV,ky-thuat-dieu-khien-va-tu-dong-hoa,D01,Điểm thi THPT,2023,19.0,Kỹ thuật điều khiển và tự động hóa
153929,TDV,ky-thuat-dieu-khien-va-tu-dong-hoa,A00,Điểm học bạ,2024,23.5,Kỹ thuật điều khiển và tự động hóa
153930,TDV,ky-thuat-dieu-khien-va-tu-dong-hoa,A01,Điểm học bạ,2024,23.5,Kỹ thuật điều khiển và tự động hóa
153931,TDV,ky-thuat-dieu-khien-va-tu-dong-hoa,B00,Điểm học bạ,2024,23.5,Kỹ thuật điều khiển và tự động hóa
153932,TDV,ky-thuat-dieu-khien-va-tu-dong-hoa,D01,Điểm học bạ,2024,23.5,Kỹ thuật điều khiển và tự động hóa
153933,TDV,ky-thuat-dieu-khien-va-tu-dong-hoa,A00,Điểm thi THPT,2024,19.0,Kỹ thuật điều khiển và tự động hóa
153934,TDV,ky-thuat-dieu-khien-va-tu-dong-hoa,A01,Điểm thi THPT,2024,19.0,Kỹ thuật điều khiển và tự động hóa
153935,TDV,ky-thuat-dieu-khien-va-tu-dong-hoa,B00,Điểm thi THPT,2024,19.0,Kỹ thuật điều khiển và tự động hóa
153936,TDV,ky-thuat-dieu-khien-va-tu-dong-hoa,D01,Điểm thi THPT,2024,19.0,Kỹ thuật điều khiển và tự động hóa
153937,TDV,ky-thuat-dieu-khien-va-tu-dong-hoa,A00,Điểm học bạ,2025,24.0,Kỹ thuật điều khiển và tự động hoá
153938,TDV,ky-thuat-dieu-khien-va-tu-dong-hoa,A01,Điểm học bạ,2025,24.0,Kỹ thuật điều khiển và tự động hoá
153939,TDV,ky-thuat-dieu-khien-va-tu-dong-hoa,A02,Điểm học bạ,2025,24.0,Kỹ thuật điều khiển và tự động hoá
153940,TDV,ky-thuat-dieu-khien-va-tu-dong-hoa,C01,Điểm học bạ,2025,24.0,Kỹ thuật điều khiển và tự động hoá
153941,TDV,ky-thuat-dieu-khien-va-tu-dong-hoa,A00,Điểm thi THPT,2025,21.0,Kỹ thuật điều khiển và tự động hoá
153942,TDV,ky-thuat-dieu-khien-va-tu-dong-hoa,A01,Điểm thi THPT,2025,21.0,Kỹ thuật điều khiển và tự động hoá
153943,TDV,ky-thuat-dieu-khien-va-tu-dong-hoa,A02,Điểm thi THPT,2025,21.0,Kỹ thuật điều khiển và tự động hoá
153944,TDV,ky-thuat-dieu-khien-va-tu-dong-hoa,C01,Điểm thi THPT,2025,21.0,Kỹ thuật điều khiển và tự động hoá
153945,TDV,ky-thuat-phan-mem,A00,Điểm thi THPT,2021,18.0,Kỹ thuật phần mềm
153946,TDV,ky-thuat-phan-mem,A01,Điểm thi THPT,2021,18.0,Kỹ thuật phần mềm
153947,TDV,ky-thuat-phan-mem,D01,Điểm thi THPT,2021,18.0,Kỹ thuật phần mềm
153948,TDV,ky-thuat-phan-mem,D07,Điểm thi THPT,2021,18.0,Kỹ thuật phần mềm
153949,TDV,ky-thuat-xay-dung,A00,Điểm thi THPT,2021,17.0,Kỹ thuật xây dựng
153950,TDV,ky-thuat-xay-dung,A01,Điểm thi THPT,2021,17.0,Kỹ thuật xây dựng
153951,TDV,ky-thuat-xay-dung,B00,Điểm thi THPT,2021,17.0,Kỹ thuật xây dựng
153952,TDV,ky-thuat-xay-dung,D01,Điểm thi THPT,2021,17.0,Kỹ thuật xây dựng
153953,TDV,ky-thuat-xay-dung,A00,Điểm học bạ,2022,18.0,Kỹ thuật xây dựng
153954,TDV,ky-thuat-xay-dung,A01,Điểm học bạ,2022,18.0,Kỹ thuật xây dựng
153955,TDV,ky-thuat-xay-dung,B00,Điểm học bạ,2022,18.0,Kỹ thuật xây dựng
153956,TDV,ky-thuat-xay-dung,D01,Điểm học bạ,2022,18.0,Kỹ thuật xây dựng
153957,TDV,ky-thuat-xay-dung,A00,Điểm thi THPT,2022,17.0,Kỹ thuật xây dựng
153958,TDV,ky-thuat-xay-dung,A01,Điểm thi THPT,2022,17.0,Kỹ thuật xây dựng
153959,TDV,ky-thuat-xay-dung,B00,Điểm thi THPT,2022,17.0,Kỹ thuật xây dựng
153960,TDV,ky-thuat-xay-dung,D01,Điểm thi THPT,2022,17.0,Kỹ thuật xây dựng
153961,TDV,ky-thuat-xay-dung,A00,Điểm học bạ,2023,18.0,Kỹ thuật xây dựng
153962,TDV,ky-thuat-xay-dung,A01,Điểm học bạ,2023,18.0,Kỹ thuật xây dựng
153963,TDV,ky-thuat-xay-dung,B00,Điểm học bạ,2023,18.0,Kỹ thuật xây dựng
153964,TDV,ky-thuat-xay-dung,D01,Điểm học bạ,2023,18.0,Kỹ thuật xây dựng
153965,TDV,ky-thuat-xay-dung,A00,Điểm thi THPT,2023,17.0,Kỹ thuật xây dựng
153966,TDV,ky-thuat-xay-dung,A01,Điểm thi THPT,2023,17.0,Kỹ thuật xây dựng
153967,TDV,ky-thuat-xay-dung,B00,Điểm thi THPT,2023,17.0,Kỹ thuật xây dựng
153968,TDV,ky-thuat-xay-dung,D01,Điểm thi THPT,2023,17.0,Kỹ thuật xây dựng
153969,TDV,ky-thuat-xay-dung,A00,Điểm học bạ,2024,20.0,Kỹ thuật xây dựng (chuyên ngành: Xây dựng công trình dân dụng và công nghiệp; Kêt câu công trình; Công nghệ kỹ thuật xây dựng)
153970,TDV,ky-thuat-xay-dung,A01,Điểm học bạ,2024,20.0,Kỹ thuật xây dựng (chuyên ngành: Xây dựng công trình dân dụng và công nghiệp; Kêt câu công trình; Công nghệ kỹ thuật xây dựng)
153971,TDV,ky-thuat-xay-dung,B00,Điểm học bạ,2024,20.0,Kỹ thuật xây dựng (chuyên ngành: Xây dựng công trình dân dụng và công nghiệp; Kêt câu công trình; Công nghệ kỹ thuật xây dựng)
153972,TDV,ky-thuat-xay-dung,D01,Điểm học bạ,2024,20.0,Kỹ thuật xây dựng (chuyên ngành: Xây dựng công trình dân dụng và công nghiệp; Kêt câu công trình; Công nghệ kỹ thuật xây dựng)
153973,TDV,ky-thuat-xay-dung,A00,Điểm thi THPT,2024,16.0,Kỹ thuật xây dựng (chuyên ngành: Xây dựng công trình dân dụng và công nghiệp; Kết cấu công trình; Công nghệ kỹ thuật xây dựng)
153974,TDV,ky-thuat-xay-dung,A01,Điểm thi THPT,2024,16.0,Kỹ thuật xây dựng (chuyên ngành: Xây dựng công trình dân dụng và công nghiệp; Kết cấu công trình; Công nghệ kỹ thuật xây dựng)
153975,TDV,ky-thuat-xay-dung,B00,Điểm thi THPT,2024,16.0,Kỹ thuật xây dựng (chuyên ngành: Xây dựng công trình dân dụng và công nghiệp; Kết cấu công trình; Công nghệ kỹ thuật xây dựng)
153976,TDV,ky-thuat-xay-dung,D01,Điểm thi THPT,2024,16.0,Kỹ thuật xây dựng (chuyên ngành: Xây dựng công trình dân dụng và công nghiệp; Kết cấu công trình; Công nghệ kỹ thuật xây dựng)
153977,TDV,ky-thuat-xay-dung,C01,Điểm học bạ,2025,21.0,Kỹ thuật xây dựng (Chuyên ngành: Xây dựng dân dụng và công nghiệp; Kết cấu công trình; Công nghệ kỹ thuật xây dựng)
153978,TDV,ky-thuat-xay-dung,C04,Điểm học bạ,2025,21.0,Kỹ thuật xây dựng (Chuyên ngành: Xây dựng dân dụng và công nghiệp; Kết cấu công trình; Công nghệ kỹ thuật xây dựng)
153979,TDV,ky-thuat-xay-dung,C14,Điểm học bạ,2025,21.0,Kỹ thuật xây dựng (Chuyên ngành: Xây dựng dân dụng và công nghiệp; Kết cấu công trình; Công nghệ kỹ thuật xây dựng)
153980,TDV,ky-thuat-xay-dung,D01,Điểm học bạ,2025,21.0,Kỹ thuật xây dựng (Chuyên ngành: Xây dựng dân dụng và công nghiệp; Kết cấu công trình; Công nghệ kỹ thuật xây dựng)
153981,TDV,ky-thuat-xay-dung,C01,Điểm thi THPT,2025,18.0,Kỹ thuật xây dựng (Chuyên ngành: Xây dựng dân dụng và công nghiệp; Kết cấu công trình; Công nghệ kỹ thuật xây dựng)
153982,TDV,ky-thuat-xay-dung,C04,Điểm thi THPT,2025,18.0,Kỹ thuật xây dựng (Chuyên ngành: Xây dựng dân dụng và công nghiệp; Kết cấu công trình; Công nghệ kỹ thuật xây dựng)
153983,TDV,ky-thuat-xay-dung,C14,Điểm thi THPT,2025,18.0,Kỹ thuật xây dựng (Chuyên ngành: Xây dựng dân dụng và công nghiệp; Kết cấu công trình; Công nghệ kỹ thuật xây dựng)
153984,TDV,ky-thuat-xay-dung,D01,Điểm thi THPT,2025,18.0,Kỹ thuật xây dựng (Chuyên ngành: Xây dựng dân dụng và công nghiệp; Kết cấu công trình; Công nghệ kỹ thuật xây dựng)
153985,TDV,ky-thuat-xay-dung-cong-trinh-giao-thong,A00,Điểm thi THPT,2021,16.0,Kỹ thuật xây dựng công trình giao thông
153986,TDV,ky-thuat-xay-dung-cong-trinh-giao-thong,A01,Điểm thi THPT,2021,16.0,Kỹ thuật xây dựng công trình giao thông
153987,TDV,ky-thuat-xay-dung-cong-trinh-giao-thong,B00,Điểm thi THPT,2021,16.0,Kỹ thuật xây dựng công trình giao thông
153988,TDV,ky-thuat-xay-dung-cong-trinh-giao-thong,D01,Điểm thi THPT,2021,16.0,Kỹ thuật xây dựng công trình giao thông
153989,TDV,ky-thuat-xay-dung-cong-trinh-giao-thong,A00,Điểm học bạ,2022,18.0,Kỹ thuật xây dựng công trình giao thông
153990,TDV,ky-thuat-xay-dung-cong-trinh-giao-thong,A01,Điểm học bạ,2022,18.0,Kỹ thuật xây dựng công trình giao thông
153991,TDV,ky-thuat-xay-dung-cong-trinh-giao-thong,B00,Điểm học bạ,2022,18.0,Kỹ thuật xây dựng công trình giao thông
153992,TDV,ky-thuat-xay-dung-cong-trinh-giao-thong,D01,Điểm học bạ,2022,18.0,Kỹ thuật xây dựng công trình giao thông
153993,TDV,ky-thuat-xay-dung-cong-trinh-giao-thong,A00,Điểm thi THPT,2022,17.0,Kỹ thuật xây dựng công trình giao thông
153994,TDV,ky-thuat-xay-dung-cong-trinh-giao-thong,A01,Điểm thi THPT,2022,17.0,Kỹ thuật xây dựng công trình giao thông
153995,TDV,ky-thuat-xay-dung-cong-trinh-giao-thong,B00,Điểm thi THPT,2022,17.0,Kỹ thuật xây dựng công trình giao thông
153996,TDV,ky-thuat-xay-dung-cong-trinh-giao-thong,D01,Điểm thi THPT,2022,17.0,Kỹ thuật xây dựng công trình giao thông
153997,TDV,ky-thuat-xay-dung-cong-trinh-giao-thong,A00,Điểm học bạ,2023,18.0,Kỹ thuật xây dựng công trình giao thông
153998,TDV,ky-thuat-xay-dung-cong-trinh-giao-thong,A01,Điểm học bạ,2023,18.0,Kỹ thuật xây dựng công trình giao thông
153999,TDV,ky-thuat-xay-dung-cong-trinh-giao-thong,B00,Điểm học bạ,2023,18.0,Kỹ thuật xây dựng công trình giao thông
154000,TDV,ky-thuat-xay-dung-cong-trinh-giao-thong,D01,Điểm học bạ,2023,18.0,Kỹ thuật xây dựng công trình giao thông
154001,TDV,ky-thuat-xay-dung-cong-trinh-giao-thong,A00,Điểm thi THPT,2023,17.0,Kỹ thuật xây dựng công trình giao thông
154002,TDV,ky-thuat-xay-dung-cong-trinh-giao-thong,A01,Điểm thi THPT,2023,17.0,Kỹ thuật xây dựng công trình giao thông
154003,TDV,ky-thuat-xay-dung-cong-trinh-giao-thong,B00,Điểm thi THPT,2023,17.0,Kỹ thuật xây dựng công trình giao thông
154004,TDV,ky-thuat-xay-dung-cong-trinh-giao-thong,D01,Điểm thi THPT,2023,17.0,Kỹ thuật xây dựng công trình giao thông
154005,TDV,ky-thuat-xay-dung-cong-trinh-giao-thong,A00,Điểm học bạ,2024,20.0,Kỳ thuật xây dựng công trình giao thông (chuyên ngành: Kỹ thuật xây dựng câu đường; Kỳ thuật xây dựng công trình ngầm; Kỹ thuật hạ tầng đô thị)
154006,TDV,ky-thuat-xay-dung-cong-trinh-giao-thong,A01,Điểm học bạ,2024,20.0,Kỳ thuật xây dựng công trình giao thông (chuyên ngành: Kỹ thuật xây dựng câu đường; Kỳ thuật xây dựng công trình ngầm; Kỹ thuật hạ tầng đô thị)
154007,TDV,ky-thuat-xay-dung-cong-trinh-giao-thong,B00,Điểm học bạ,2024,20.0,Kỳ thuật xây dựng công trình giao thông (chuyên ngành: Kỹ thuật xây dựng câu đường; Kỳ thuật xây dựng công trình ngầm; Kỹ thuật hạ tầng đô thị)
154008,TDV,ky-thuat-xay-dung-cong-trinh-giao-thong,D01,Điểm học bạ,2024,20.0,Kỳ thuật xây dựng công trình giao thông (chuyên ngành: Kỹ thuật xây dựng câu đường; Kỳ thuật xây dựng công trình ngầm; Kỹ thuật hạ tầng đô thị)
154009,TDV,ky-thuat-xay-dung-cong-trinh-giao-thong,A00,Điểm thi THPT,2024,16.0,Kỹ thuật xây dựng công trình giao thông (chuyên ngành: Kỹ thuật xây dựng cầu đường; Kỹ thuật xây dựng công trình ngầm; Kỹ thuật hạ tầng đô thị)
154010,TDV,ky-thuat-xay-dung-cong-trinh-giao-thong,A01,Điểm thi THPT,2024,16.0,Kỹ thuật xây dựng công trình giao thông (chuyên ngành: Kỹ thuật xây dựng cầu đường; Kỹ thuật xây dựng công trình ngầm; Kỹ thuật hạ tầng đô thị)
154011,TDV,ky-thuat-xay-dung-cong-trinh-giao-thong,B00,Điểm thi THPT,2024,16.0,Kỹ thuật xây dựng công trình giao thông (chuyên ngành: Kỹ thuật xây dựng cầu đường; Kỹ thuật xây dựng công trình ngầm; Kỹ thuật hạ tầng đô thị)
154012,TDV,ky-thuat-xay-dung-cong-trinh-giao-thong,D01,Điểm thi THPT,2024,16.0,Kỹ thuật xây dựng công trình giao thông (chuyên ngành: Kỹ thuật xây dựng cầu đường; Kỹ thuật xây dựng công trình ngầm; Kỹ thuật hạ tầng đô thị)
154013,TDV,ky-thuat-xay-dung-cong-trinh-giao-thong,C01,Điểm học bạ,2025,20.0,Kỹ thuật xây dựng công trình giao thông (Chuyên ngành: Kỹ thuật xây dựng cầu đường; Kỹ thuật xây dựng công trình ngầm; Kỹ thuật hạ tầng đô thị)
154014,TDV,ky-thuat-xay-dung-cong-trinh-giao-thong,C04,Điểm học bạ,2025,20.0,Kỹ thuật xây dựng công trình giao thông (Chuyên ngành: Kỹ thuật xây dựng cầu đường; Kỹ thuật xây dựng công trình ngầm; Kỹ thuật hạ tầng đô thị)
154015,TDV,ky-thuat-xay-dung-cong-trinh-giao-thong,C14,Điểm học bạ,2025,20.0,Kỹ thuật xây dựng công trình giao thông (Chuyên ngành: Kỹ thuật xây dựng cầu đường; Kỹ thuật xây dựng công trình ngầm; Kỹ thuật hạ tầng đô thị)
154016,TDV,ky-thuat-xay-dung-cong-trinh-giao-thong,D01,Điểm học bạ,2025,20.0,Kỹ thuật xây dựng công trình giao thông (Chuyên ngành: Kỹ thuật xây dựng cầu đường; Kỹ thuật xây dựng công trình ngầm; Kỹ thuật hạ tầng đô thị)
154017,TDV,ky-thuat-xay-dung-cong-trinh-giao-thong,C01,Điểm thi THPT,2025,17.0,Kỹ thuật xây dựng công trình giao thông (Chuyên ngành: Kỹ thuật xây dựng cầu đường; Kỹ thuật xây dựng công trình ngầm; Kỹ thuật hạ tầng đô thị)
154018,TDV,ky-thuat-xay-dung-cong-trinh-giao-thong,C04,Điểm thi THPT,2025,17.0,Kỹ thuật xây dựng công trình giao thông (Chuyên ngành: Kỹ thuật xây dựng cầu đường; Kỹ thuật xây dựng công trình ngầm; Kỹ thuật hạ tầng đô thị)
154019,TDV,ky-thuat-xay-dung-cong-trinh-giao-thong,C14,Điểm thi THPT,2025,17.0,Kỹ thuật xây dựng công trình giao thông (Chuyên ngành: Kỹ thuật xây dựng cầu đường; Kỹ thuật xây dựng công trình ngầm; Kỹ thuật hạ tầng đô thị)
154020,TDV,ky-thuat-xay-dung-cong-trinh-giao-thong,D01,Điểm thi THPT,2025,17.0,Kỹ thuật xây dựng công trình giao thông (Chuyên ngành: Kỹ thuật xây dựng cầu đường; Kỹ thuật xây dựng công trình ngầm; Kỹ thuật hạ tầng đô thị)
154021,TDV,ky-thuat-xay-dung-cong-trinh-thuy,A00,Điểm thi THPT,2021,22.0,Kỹ thuật xây dựng công trình thủy
154022,TDV,ky-thuat-xay-dung-cong-trinh-thuy,A01,Điểm thi THPT,2021,22.0,Kỹ thuật xây dựng công trình thủy
154023,TDV,ky-thuat-xay-dung-cong-trinh-thuy,B00,Điểm thi THPT,2021,22.0,Kỹ thuật xây dựng công trình thủy
154024,TDV,ky-thuat-xay-dung-cong-trinh-thuy,D01,Điểm thi THPT,2021,22.0,Kỹ thuật xây dựng công trình thủy
154025,TDV,luat,A00,Điểm thi THPT,2021,17.0,Luật
154026,TDV,luat,A01,Điểm thi THPT,2021,17.0,Luật
154027,TDV,luat,C00,Điểm thi THPT,2021,17.0,Luật
154028,TDV,luat,D01,Điểm thi THPT,2021,17.0,Luật
154029,TDV,luat,A00,Điểm học bạ,2022,19.0,Luật
154030,TDV,luat,A01,Điểm học bạ,2022,19.0,Luật
154031,TDV,luat,C00,Điểm học bạ,2022,19.0,Luật
154032,TDV,luat,D01,Điểm học bạ,2022,19.0,Luật
154033,TDV,luat,A00,Điểm thi THPT,2022,19.0,Luật
154034,TDV,luat,A01,Điểm thi THPT,2022,19.0,Luật
154035,TDV,luat,C00,Điểm thi THPT,2022,19.0,Luật
154036,TDV,luat,D01,Điểm thi THPT,2022,19.0,Luật
154037,TDV,luat,A00,Điểm học bạ,2023,20.0,Luật
154038,TDV,luat,A01,Điểm học bạ,2023,20.0,Luật
154039,TDV,luat,C00,Điểm học bạ,2023,20.0,Luật
154040,TDV,luat,D01,Điểm học bạ,2023,20.0,Luật
154041,TDV,luat,A00,Điểm thi THPT,2023,19.0,Luật
154042,TDV,luat,A01,Điểm thi THPT,2023,19.0,Luật
154043,TDV,luat,C00,Điểm thi THPT,2023,19.0,Luật
154044,TDV,luat,D01,Điểm thi THPT,2023,19.0,Luật
154045,TDV,luat,A00,Điểm học bạ,2024,22.0,Luật
154046,TDV,luat,A01,Điểm học bạ,2024,22.0,Luật
154047,TDV,luat,C00,Điểm học bạ,2024,22.0,Luật
154048,TDV,luat,D01,Điểm học bạ,2024,22.0,Luật
154049,TDV,luat,A00,Điểm thi THPT,2024,18.0,Luật
154050,TDV,luat,A01,Điểm thi THPT,2024,18.0,Luật
154051,TDV,luat,C00,Điểm thi THPT,2024,18.0,Luật
154052,TDV,luat,D01,Điểm thi THPT,2024,18.0,Luật
154053,TDV,luat,C00,Điểm học bạ,2025,24.5,Luật
154054,TDV,luat,C03,Điểm học bạ,2025,24.5,Luật
154055,TDV,luat,C19,Điểm học bạ,2025,24.5,Luật
154056,TDV,luat,D14,Điểm học bạ,2025,24.5,Luật
154057,TDV,luat,C00,Điểm thi THPT,2025,21.5,Luật
154058,TDV,luat,C03,Điểm thi THPT,2025,21.5,Luật
154059,TDV,luat,C19,Điểm thi THPT,2025,21.5,Luật
154060,TDV,luat,D14,Điểm thi THPT,2025,21.5,Luật
154061,TDV,luat-dan-su-va-to-tung-dan-su,C14,Điểm học bạ,2025,21.0,Luật dân sự và tố tụng dân sự
154062,TDV,luat-dan-su-va-to-tung-dan-su,C19,Điểm học bạ,2025,21.0,Luật dân sự và tố tụng dân sự
154063,TDV,luat-dan-su-va-to-tung-dan-su,C20,Điểm học bạ,2025,21.0,Luật dân sự và tố tụng dân sự
154064,TDV,luat-dan-su-va-to-tung-dan-su,D66,Điểm học bạ,2025,21.0,Luật dân sự và tố tụng dân sự
154065,TDV,luat-dan-su-va-to-tung-dan-su,C14,Điểm thi THPT,2025,18.0,Luật dân sự và tố tụng dân sự
154066,TDV,luat-dan-su-va-to-tung-dan-su,C19,Điểm thi THPT,2025,18.0,Luật dân sự và tố tụng dân sự
154067,TDV,luat-dan-su-va-to-tung-dan-su,C20,Điểm thi THPT,2025,18.0,Luật dân sự và tố tụng dân sự
154068,TDV,luat-dan-su-va-to-tung-dan-su,D66,Điểm thi THPT,2025,18.0,Luật dân sự và tố tụng dân sự
154069,TDV,luat-hien-phap-va-luat-hanh-chinh,C14,Điểm học bạ,2025,21.0,Luật hiến pháp và luật hành chính
154070,TDV,luat-hien-phap-va-luat-hanh-chinh,C19,Điểm học bạ,2025,21.0,Luật hiến pháp và luật hành chính
154071,TDV,luat-hien-phap-va-luat-hanh-chinh,C20,Điểm học bạ,2025,21.0,Luật hiến pháp và luật hành chính
154072,TDV,luat-hien-phap-va-luat-hanh-chinh,D66,Điểm học bạ,2025,21.0,Luật hiến pháp và luật hành chính
154073,TDV,luat-hien-phap-va-luat-hanh-chinh,C14,Điểm thi THPT,2025,18.0,Luật hiến pháp và luật hành chính
154074,TDV,luat-hien-phap-va-luat-hanh-chinh,C19,Điểm thi THPT,2025,18.0,Luật hiến pháp và luật hành chính
154075,TDV,luat-hien-phap-va-luat-hanh-chinh,C20,Điểm thi THPT,2025,18.0,Luật hiến pháp và luật hành chính
154076,TDV,luat-hien-phap-va-luat-hanh-chinh,D66,Điểm thi THPT,2025,18.0,Luật hiến pháp và luật hành chính
154077,TDV,luat-kinh-te,A00,Điểm thi THPT,2021,17.0,Luật kinh tế
154078,TDV,luat-kinh-te,A01,Điểm thi THPT,2021,17.0,Luật kinh tế
154079,TDV,luat-kinh-te,C00,Điểm thi THPT,2021,17.0,Luật kinh tế
154080,TDV,luat-kinh-te,D01,Điểm thi THPT,2021,17.0,Luật kinh tế
154081,TDV,luat-kinh-te,A00,Điểm học bạ,2022,19.0,Luật kinh tế
154082,TDV,luat-kinh-te,A01,Điểm học bạ,2022,19.0,Luật kinh tế
154083,TDV,luat-kinh-te,C00,Điểm học bạ,2022,19.0,Luật kinh tế
154084,TDV,luat-kinh-te,D01,Điểm học bạ,2022,19.0,Luật kinh tế
154085,TDV,luat-kinh-te,A00,Điểm thi THPT,2022,19.0,Luật kinh tế
154086,TDV,luat-kinh-te,A01,Điểm thi THPT,2022,19.0,Luật kinh tế
154087,TDV,luat-kinh-te,C00,Điểm thi THPT,2022,19.0,Luật kinh tế
154088,TDV,luat-kinh-te,D01,Điểm thi THPT,2022,19.0,Luật kinh tế
154089,TDV,luat-kinh-te,A00,Điểm học bạ,2023,20.0,Luật kinh tế
154090,TDV,luat-kinh-te,A01,Điểm học bạ,2023,20.0,Luật kinh tế
154091,TDV,luat-kinh-te,C00,Điểm học bạ,2023,20.0,Luật kinh tế
154092,TDV,luat-kinh-te,D01,Điểm học bạ,2023,20.0,Luật kinh tế
154093,TDV,luat-kinh-te,A00,Điểm thi THPT,2023,19.0,Luật kinh tế
154094,TDV,luat-kinh-te,A01,Điểm thi THPT,2023,19.0,Luật kinh tế
154095,TDV,luat-kinh-te,C00,Điểm thi THPT,2023,19.0,Luật kinh tế
154096,TDV,luat-kinh-te,D01,Điểm thi THPT,2023,19.0,Luật kinh tế
154097,TDV,luat-kinh-te,A00,Điểm học bạ,2024,22.0,Luật kinh tế
154098,TDV,luat-kinh-te,A01,Điểm học bạ,2024,22.0,Luật kinh tế
154099,TDV,luat-kinh-te,C00,Điểm học bạ,2024,22.0,Luật kinh tế
154100,TDV,luat-kinh-te,D01,Điểm học bạ,2024,22.0,Luật kinh tế
154101,TDV,luat-kinh-te,A00,Điểm thi THPT,2024,18.0,Luật kinh tế
154102,TDV,luat-kinh-te,A01,Điểm thi THPT,2024,18.0,Luật kinh tế
154103,TDV,luat-kinh-te,C00,Điểm thi THPT,2024,18.0,Luật kinh tế
154104,TDV,luat-kinh-te,D01,Điểm thi THPT,2024,18.0,Luật kinh tế
154105,TDV,luat-kinh-te,C14,Điểm học bạ,2025,24.0,Luật kinh tế
154106,TDV,luat-kinh-te,C19,Điểm học bạ,2025,24.0,Luật kinh tế
154107,TDV,luat-kinh-te,C20,Điểm học bạ,2025,24.0,Luật kinh tế
154108,TDV,luat-kinh-te,D66,Điểm học bạ,2025,24.0,Luật kinh tế
154109,TDV,luat-kinh-te,C14,Điểm thi THPT,2025,21.0,Luật kinh tế
154110,TDV,luat-kinh-te,C19,Điểm thi THPT,2025,21.0,Luật kinh tế
154111,TDV,luat-kinh-te,C20,Điểm thi THPT,2025,21.0,Luật kinh tế
154112,TDV,luat-kinh-te,D66,Điểm thi THPT,2025,21.0,Luật kinh tế
154113,TDV,ngon-ngu-anh,D01,Điểm thi THPT,2021,22.0,Ngôn ngữ Anh
154114,TDV,ngon-ngu-anh,D14,Điểm thi THPT,2021,22.0,Ngôn ngữ Anh
154115,TDV,ngon-ngu-anh,D15,Điểm thi THPT,2021,22.0,Ngôn ngữ Anh
154116,TDV,ngon-ngu-anh,D66,Điểm thi THPT,2021,22.0,Ngôn ngữ Anh
154117,TDV,ngon-ngu-anh,A01,Điểm học bạ,2023,26.0,Ngôn ngữ Anh
154118,TDV,ngon-ngu-anh,D01,Điểm học bạ,2023,26.0,Ngôn ngữ Anh
154119,TDV,ngon-ngu-anh,D14,Điểm học bạ,2023,26.0,Ngôn ngữ Anh
154120,TDV,ngon-ngu-anh,D15,Điểm học bạ,2023,26.0,Ngôn ngữ Anh
154121,TDV,ngon-ngu-anh,A01,Điểm thi THPT,2023,23.75,Ngôn ngữ Anh
154122,TDV,ngon-ngu-anh,D01,Điểm thi THPT,2023,23.75,Ngôn ngữ Anh
154123,TDV,ngon-ngu-anh,D14,Điểm thi THPT,2023,23.75,Ngôn ngữ Anh
154124,TDV,ngon-ngu-anh,D15,Điểm thi THPT,2023,23.75,Ngôn ngữ Anh
154125,TDV,ngon-ngu-anh,A00,Điểm học bạ,2024,25.0,Ngôn ngữ Anh
154126,TDV,ngon-ngu-anh,A01,Điểm học bạ,2024,25.0,Ngôn ngữ Anh
154127,TDV,ngon-ngu-anh,D01,Điểm học bạ,2024,25.0,Ngôn ngữ Anh
154128,TDV,ngon-ngu-anh,D07,Điểm học bạ,2024,25.0,Ngôn ngữ Anh
154129,TDV,ngon-ngu-anh,A01,Điểm thi THPT,2024,24.8,Ngôn ngữ Anh
154130,TDV,ngon-ngu-anh,D01,Điểm thi THPT,2024,24.8,Ngôn ngữ Anh
154131,TDV,ngon-ngu-anh,D14,Điểm thi THPT,2024,24.8,Ngôn ngữ Anh
154132,TDV,ngon-ngu-anh,D15,Điểm thi THPT,2024,24.8,Ngôn ngữ Anh
154133,TDV,ngon-ngu-anh,D01,Điểm học bạ,2025,26.6,Ngôn ngữ Anh
154134,TDV,ngon-ngu-anh,D14,Điểm học bạ,2025,26.6,Ngôn ngữ Anh
154135,TDV,ngon-ngu-anh,D15,Điểm học bạ,2025,26.6,Ngôn ngữ Anh
154136,TDV,ngon-ngu-anh,D01,Điểm thi THPT,2025,23.6,Ngôn ngữ Anh
154137,TDV,ngon-ngu-anh,D14,Điểm thi THPT,2025,23.6,Ngôn ngữ Anh
154138,TDV,ngon-ngu-anh,D15,Điểm thi THPT,2025,23.6,Ngôn ngữ Anh
154139,TDV,ngon-ngu-trung-quoc,D01,Điểm học bạ,2025,27.2,Ngôn ngữ Trung Quốc
154140,TDV,ngon-ngu-trung-quoc,D04,Điểm học bạ,2025,27.2,Ngôn ngữ Trung Quốc
154141,TDV,ngon-ngu-trung-quoc,D14,Điểm học bạ,2025,27.2,Ngôn ngữ Trung Quốc
154142,TDV,ngon-ngu-trung-quoc,D15,Điểm học bạ,2025,27.2,Ngôn ngữ Trung Quốc
154143,TDV,ngon-ngu-trung-quoc,D01,Điểm thi THPT,2025,24.2,Ngôn ngữ Trung Quốc
154144,TDV,ngon-ngu-trung-quoc,D04,Điểm thi THPT,2025,24.2,Ngôn ngữ Trung Quốc
154145,TDV,ngon-ngu-trung-quoc,D14,Điểm thi THPT,2025,24.2,Ngôn ngữ Trung Quốc
154146,TDV,ngon-ngu-trung-quoc,D15,Điểm thi THPT,2025,24.2,Ngôn ngữ Trung Quốc
154147,TDV,nong-hoc,A00,Điểm thi THPT,2021,16.0,Nông học
154148,TDV,nong-hoc,B00,Điểm thi THPT,2021,16.0,Nông học
154149,TDV,nong-hoc,B08,Điểm thi THPT,2021,16.0,Nông học
154150,TDV,nong-hoc,D01,Điểm thi THPT,2021,16.0,Nông học
154151,TDV,nong-hoc,A00,Điểm học bạ,2022,18.0,Nông học
154152,TDV,nong-hoc,B00,Điểm học bạ,2022,18.0,Nông học
154153,TDV,nong-hoc,B08,Điểm học bạ,2022,18.0,Nông học
154154,TDV,nong-hoc,D01,Điểm học bạ,2022,18.0,Nông học
154155,TDV,nong-hoc,A00,Điểm thi THPT,2022,17.0,Nông học
154156,TDV,nong-hoc,B00,Điểm thi THPT,2022,17.0,Nông học
154157,TDV,nong-hoc,B08,Điểm thi THPT,2022,17.0,Nông học
154158,TDV,nong-hoc,D01,Điểm thi THPT,2022,17.0,Nông học
154159,TDV,nong-hoc,A00,Điểm học bạ,2023,18.0,Nông học
154160,TDV,nong-hoc,B00,Điểm học bạ,2023,18.0,Nông học
154161,TDV,nong-hoc,B08,Điểm học bạ,2023,18.0,Nông học
154162,TDV,nong-hoc,D01,Điểm học bạ,2023,18.0,Nông học
154163,TDV,nong-hoc,A00,Điểm thi THPT,2023,17.0,Nông học
154164,TDV,nong-hoc,B00,Điểm thi THPT,2023,17.0,Nông học
154165,TDV,nong-hoc,B08,Điểm thi THPT,2023,17.0,Nông học
154166,TDV,nong-hoc,D01,Điểm thi THPT,2023,17.0,Nông học
154167,TDV,nong-hoc,A00,Điểm học bạ,2024,21.0,Nông học
154168,TDV,nong-hoc,B00,Điểm học bạ,2024,21.0,Nông học
154169,TDV,nong-hoc,B08,Điểm học bạ,2024,21.0,Nông học
154170,TDV,nong-hoc,D01,Điểm học bạ,2024,21.0,Nông học
154171,TDV,nong-hoc,A00,Điểm thi THPT,2024,16.0,Nông học
154172,TDV,nong-hoc,B00,Điểm thi THPT,2024,16.0,Nông học
154173,TDV,nong-hoc,B08,Điểm thi THPT,2024,16.0,Nông học
154174,TDV,nong-hoc,D01,Điểm thi THPT,2024,16.0,Nông học
154175,TDV,nuoi-trong-thuy-san,A00,Điểm thi THPT,2021,16.0,Nuôi trồng thủy sản
154176,TDV,nuoi-trong-thuy-san,B00,Điểm thi THPT,2021,16.0,Nuôi trồng thủy sản
154177,TDV,nuoi-trong-thuy-san,B08,Điểm thi THPT,2021,16.0,Nuôi trồng thủy sản
154178,TDV,nuoi-trong-thuy-san,D01,Điểm thi THPT,2021,16.0,Nuôi trồng thủy sản
154179,TDV,nuoi-trong-thuy-san,A00,Điểm học bạ,2022,18.0,Nuôi trồng thủy sản
154180,TDV,nuoi-trong-thuy-san,B00,Điểm học bạ,2022,18.0,Nuôi trồng thủy sản
154181,TDV,nuoi-trong-thuy-san,B08,Điểm học bạ,2022,18.0,Nuôi trồng thủy sản
154182,TDV,nuoi-trong-thuy-san,D01,Điểm học bạ,2022,18.0,Nuôi trồng thủy sản
154183,TDV,nuoi-trong-thuy-san,A00,Điểm thi THPT,2022,17.0,Nuôi trồng thủy sản
154184,TDV,nuoi-trong-thuy-san,B00,Điểm thi THPT,2022,17.0,Nuôi trồng thủy sản
154185,TDV,nuoi-trong-thuy-san,B08,Điểm thi THPT,2022,17.0,Nuôi trồng thủy sản
154186,TDV,nuoi-trong-thuy-san,D01,Điểm thi THPT,2022,17.0,Nuôi trồng thủy sản
154187,TDV,nuoi-trong-thuy-san,A00,Điểm học bạ,2023,18.0,Nuôi trồng thủy sản
154188,TDV,nuoi-trong-thuy-san,B00,Điểm học bạ,2023,18.0,Nuôi trồng thủy sản
154189,TDV,nuoi-trong-thuy-san,B08,Điểm học bạ,2023,18.0,Nuôi trồng thủy sản
154190,TDV,nuoi-trong-thuy-san,D01,Điểm học bạ,2023,18.0,Nuôi trồng thủy sản
154191,TDV,nuoi-trong-thuy-san,A00,Điểm thi THPT,2023,18.0,Nuôi trồng thủy sản
154192,TDV,nuoi-trong-thuy-san,B00,Điểm thi THPT,2023,18.0,Nuôi trồng thủy sản
154193,TDV,nuoi-trong-thuy-san,B08,Điểm thi THPT,2023,18.0,Nuôi trồng thủy sản
154194,TDV,nuoi-trong-thuy-san,D01,Điểm thi THPT,2023,18.0,Nuôi trồng thủy sản
154195,TDV,nuoi-trong-thuy-san,A00,Điểm học bạ,2024,21.0,Nuôi trồng thủy sản
154196,TDV,nuoi-trong-thuy-san,B00,Điểm học bạ,2024,21.0,Nuôi trồng thủy sản
154197,TDV,nuoi-trong-thuy-san,B08,Điểm học bạ,2024,21.0,Nuôi trồng thủy sản
154198,TDV,nuoi-trong-thuy-san,D01,Điểm học bạ,2024,21.0,Nuôi trồng thủy sản
154199,TDV,nuoi-trong-thuy-san,A00,Điểm thi THPT,2024,16.0,Nuôi trồng thủy sản
154200,TDV,nuoi-trong-thuy-san,B00,Điểm thi THPT,2024,16.0,Nuôi trồng thủy sản
154201,TDV,nuoi-trong-thuy-san,B08,Điểm thi THPT,2024,16.0,Nuôi trồng thủy sản
154202,TDV,nuoi-trong-thuy-san,D01,Điểm thi THPT,2024,16.0,Nuôi trồng thủy sản
154203,TDV,nuoi-trong-thuy-san,A00,Điểm học bạ,2025,19.0,Nuôi trồng thuỷ sản
154204,TDV,nuoi-trong-thuy-san,B00,Điểm học bạ,2025,19.0,Nuôi trồng thuỷ sản
154205,TDV,nuoi-trong-thuy-san,C04,Điểm học bạ,2025,19.0,Nuôi trồng thuỷ sản
154206,TDV,nuoi-trong-thuy-san,C14,Điểm học bạ,2025,19.0,Nuôi trồng thuỷ sản
154207,TDV,nuoi-trong-thuy-san,D01,Điểm học bạ,2025,19.0,Nuôi trồng thuỷ sản
154208,TDV,nuoi-trong-thuy-san,A00,Điểm thi THPT,2025,16.0,Nuôi trồng thuỷ sản
154209,TDV,nuoi-trong-thuy-san,B00,Điểm thi THPT,2025,16.0,Nuôi trồng thuỷ sản
154210,TDV,nuoi-trong-thuy-san,C04,Điểm thi THPT,2025,16.0,Nuôi trồng thuỷ sản
154211,TDV,nuoi-trong-thuy-san,C14,Điểm thi THPT,2025,16.0,Nuôi trồng thuỷ sản
154212,TDV,nuoi-trong-thuy-san,D01,Điểm thi THPT,2025,16.0,Nuôi trồng thuỷ sản
154213,TDV,quan-ly-dat-dai,A00,Điểm thi THPT,2021,16.0,Quản lý đất đai
154214,TDV,quan-ly-dat-dai,B00,Điểm thi THPT,2021,16.0,Quản lý đất đai
154215,TDV,quan-ly-dat-dai,B08,Điểm thi THPT,2021,16.0,Quản lý đất đai
154216,TDV,quan-ly-dat-dai,D01,Điểm thi THPT,2021,16.0,Quản lý đất đai
154217,TDV,quan-ly-dat-dai,A00,Điểm học bạ,2022,18.0,Quản lý đất đai
154218,TDV,quan-ly-dat-dai,B00,Điểm học bạ,2022,18.0,Quản lý đất đai
154219,TDV,quan-ly-dat-dai,B08,Điểm học bạ,2022,18.0,Quản lý đất đai
154220,TDV,quan-ly-dat-dai,D01,Điểm học bạ,2022,18.0,Quản lý đất đai
154221,TDV,quan-ly-dat-dai,A00,Điểm thi THPT,2022,17.0,Quản lý đất đai
154222,TDV,quan-ly-dat-dai,B00,Điểm thi THPT,2022,17.0,Quản lý đất đai
154223,TDV,quan-ly-dat-dai,B08,Điểm thi THPT,2022,17.0,Quản lý đất đai
154224,TDV,quan-ly-dat-dai,D01,Điểm thi THPT,2022,17.0,Quản lý đất đai
154225,TDV,quan-ly-dat-dai,A00,Điểm học bạ,2024,21.0,Quán lý đất đai (Chuyên ngành: Quán lý đất đai; Quán lý phát triển đô thị và bất động sản)
154226,TDV,quan-ly-dat-dai,B00,Điểm học bạ,2024,21.0,Quán lý đất đai (Chuyên ngành: Quán lý đất đai; Quán lý phát triển đô thị và bất động sản)
154227,TDV,quan-ly-dat-dai,B08,Điểm học bạ,2024,21.0,Quán lý đất đai (Chuyên ngành: Quán lý đất đai; Quán lý phát triển đô thị và bất động sản)
154228,TDV,quan-ly-dat-dai,D01,Điểm học bạ,2024,21.0,Quán lý đất đai (Chuyên ngành: Quán lý đất đai; Quán lý phát triển đô thị và bất động sản)
154229,TDV,quan-ly-dat-dai,A00,Điểm thi THPT,2024,16.0,Quản lý đất đai (Chuyên ngành: Quản lý đất đai; Quản lý phát triển đô thị và bất động sán)
154230,TDV,quan-ly-dat-dai,B00,Điểm thi THPT,2024,16.0,Quản lý đất đai (Chuyên ngành: Quản lý đất đai; Quản lý phát triển đô thị và bất động sán)
154231,TDV,quan-ly-dat-dai,B08,Điểm thi THPT,2024,16.0,Quản lý đất đai (Chuyên ngành: Quản lý đất đai; Quản lý phát triển đô thị và bất động sán)
154232,TDV,quan-ly-dat-dai,D01,Điểm thi THPT,2024,16.0,Quản lý đất đai (Chuyên ngành: Quản lý đất đai; Quản lý phát triển đô thị và bất động sán)
154233,TDV,quan-ly-dat-dai,A00,Điểm học bạ,2025,19.0,Quản lý đất đai (Chuyên ngành: Quản lý phát triển đô thị & bất động sản)
154234,TDV,quan-ly-dat-dai,A09,Điểm học bạ,2025,19.0,Quản lý đất đai (Chuyên ngành: Quản lý phát triển đô thị & bất động sản)
154235,TDV,quan-ly-dat-dai,C04,Điểm học bạ,2025,19.0,Quản lý đất đai (Chuyên ngành: Quản lý phát triển đô thị & bất động sản)
154236,TDV,quan-ly-dat-dai,C14,Điểm học bạ,2025,19.0,Quản lý đất đai (Chuyên ngành: Quản lý phát triển đô thị & bất động sản)
154237,TDV,quan-ly-dat-dai,D01,Điểm học bạ,2025,19.0,Quản lý đất đai (Chuyên ngành: Quản lý phát triển đô thị & bất động sản)
154238,TDV,quan-ly-dat-dai,A00,Điểm thi THPT,2025,16.0,Quản lý đất đai (Chuyên ngành: Quản lý phát triển đô thị & bất động sản)
154239,TDV,quan-ly-dat-dai,A09,Điểm thi THPT,2025,16.0,Quản lý đất đai (Chuyên ngành: Quản lý phát triển đô thị & bất động sản)
154240,TDV,quan-ly-dat-dai,C04,Điểm thi THPT,2025,16.0,Quản lý đất đai (Chuyên ngành: Quản lý phát triển đô thị & bất động sản)
154241,TDV,quan-ly-dat-dai,C14,Điểm thi THPT,2025,16.0,Quản lý đất đai (Chuyên ngành: Quản lý phát triển đô thị & bất động sản)
154242,TDV,quan-ly-dat-dai,D01,Điểm thi THPT,2025,16.0,Quản lý đất đai (Chuyên ngành: Quản lý phát triển đô thị & bất động sản)
154243,TDV,quan-ly-dat-dai-chuyen-nganh-quan-ly-phat-trien-do-thi-va-bat-dong-san,A00,Điểm học bạ,2023,18.0,Quản lý đất đai (chuyên ngành Quân lý đất đai; chuyên ngành Quản lý phát triển đô thị và bất động sản)
154244,TDV,quan-ly-dat-dai-chuyen-nganh-quan-ly-phat-trien-do-thi-va-bat-dong-san,B00,Điểm học bạ,2023,18.0,Quản lý đất đai (chuyên ngành Quân lý đất đai; chuyên ngành Quản lý phát triển đô thị và bất động sản)
154245,TDV,quan-ly-dat-dai-chuyen-nganh-quan-ly-phat-trien-do-thi-va-bat-dong-san,B08,Điểm học bạ,2023,18.0,Quản lý đất đai (chuyên ngành Quân lý đất đai; chuyên ngành Quản lý phát triển đô thị và bất động sản)
154246,TDV,quan-ly-dat-dai-chuyen-nganh-quan-ly-phat-trien-do-thi-va-bat-dong-san,D01,Điểm học bạ,2023,18.0,Quản lý đất đai (chuyên ngành Quân lý đất đai; chuyên ngành Quản lý phát triển đô thị và bất động sản)
154247,TDV,quan-ly-dat-dai-chuyen-nganh-quan-ly-phat-trien-do-thi-va-bat-dong-san,A00,Điểm thi THPT,2023,17.0,Quản lý đất đai (chuyên ngành Quân lý đất đai; chuyên ngành Quản lý phát triển đô thị và bất động sản)
154248,TDV,quan-ly-dat-dai-chuyen-nganh-quan-ly-phat-trien-do-thi-va-bat-dong-san,B00,Điểm thi THPT,2023,17.0,Quản lý đất đai (chuyên ngành Quân lý đất đai; chuyên ngành Quản lý phát triển đô thị và bất động sản)
154249,TDV,quan-ly-dat-dai-chuyen-nganh-quan-ly-phat-trien-do-thi-va-bat-dong-san,B08,Điểm thi THPT,2023,17.0,Quản lý đất đai (chuyên ngành Quân lý đất đai; chuyên ngành Quản lý phát triển đô thị và bất động sản)
154250,TDV,quan-ly-dat-dai-chuyen-nganh-quan-ly-phat-trien-do-thi-va-bat-dong-san,D01,Điểm thi THPT,2023,17.0,Quản lý đất đai (chuyên ngành Quân lý đất đai; chuyên ngành Quản lý phát triển đô thị và bất động sản)
154251,TDV,quan-ly-giao-duc,A00,Điểm thi THPT,2021,16.0,Quản lý giáo dục
154252,TDV,quan-ly-giao-duc,A01,Điểm thi THPT,2021,16.0,Quản lý giáo dục
154253,TDV,quan-ly-giao-duc,C00,Điểm thi THPT,2021,16.0,Quản lý giáo dục
154254,TDV,quan-ly-giao-duc,D01,Điểm thi THPT,2021,16.0,Quản lý giáo dục
154255,TDV,quan-ly-giao-duc,A00,Điểm học bạ,2022,18.0,Quản lý giáo dục
154256,TDV,quan-ly-giao-duc,A01,Điểm học bạ,2022,18.0,Quản lý giáo dục
154257,TDV,quan-ly-giao-duc,C00,Điểm học bạ,2022,18.0,Quản lý giáo dục
154258,TDV,quan-ly-giao-duc,D01,Điểm học bạ,2022,18.0,Quản lý giáo dục
154259,TDV,quan-ly-giao-duc,A00,Điểm thi THPT,2022,18.0,Quản lý giáo dục
154260,TDV,quan-ly-giao-duc,A01,Điểm thi THPT,2022,18.0,Quản lý giáo dục
154261,TDV,quan-ly-giao-duc,C00,Điểm thi THPT,2022,18.0,Quản lý giáo dục
154262,TDV,quan-ly-giao-duc,D01,Điểm thi THPT,2022,18.0,Quản lý giáo dục
154263,TDV,quan-ly-giao-duc,A00,Điểm học bạ,2023,26.0,Quản lý giáo dục
154264,TDV,quan-ly-giao-duc,A01,Điểm học bạ,2023,26.0,Quản lý giáo dục
154265,TDV,quan-ly-giao-duc,C00,Điểm học bạ,2023,26.0,Quản lý giáo dục
154266,TDV,quan-ly-giao-duc,D01,Điểm học bạ,2023,26.0,Quản lý giáo dục
154267,TDV,quan-ly-giao-duc,A00,Điểm thi THPT,2023,23.25,Quản lý giáo dục
154268,TDV,quan-ly-giao-duc,A01,Điểm thi THPT,2023,23.25,Quản lý giáo dục
154269,TDV,quan-ly-giao-duc,C00,Điểm thi THPT,2023,23.25,Quản lý giáo dục
154270,TDV,quan-ly-giao-duc,D01,Điểm thi THPT,2023,23.25,Quản lý giáo dục
154271,TDV,quan-ly-giao-duc,A00,Điểm học bạ,2024,24.0,Quản lý giáo dục
154272,TDV,quan-ly-giao-duc,A01,Điểm học bạ,2024,24.0,Quản lý giáo dục
154273,TDV,quan-ly-giao-duc,C00,Điểm học bạ,2024,24.0,Quản lý giáo dục
154274,TDV,quan-ly-giao-duc,D01,Điểm học bạ,2024,24.0,Quản lý giáo dục
154275,TDV,quan-ly-giao-duc,A00,Điểm thi THPT,2024,24.0,Quản lý Giáo dục
154276,TDV,quan-ly-giao-duc,A01,Điểm thi THPT,2024,24.0,Quản lý Giáo dục
154277,TDV,quan-ly-giao-duc,C00,Điểm thi THPT,2024,24.0,Quản lý Giáo dục
154278,TDV,quan-ly-giao-duc,D01,Điểm thi THPT,2024,24.0,Quản lý Giáo dục
154279,TDV,quan-ly-giao-duc,C00,Điểm học bạ,2025,28.5,Quản lý giáo dục
154280,TDV,quan-ly-giao-duc,C19,Điểm học bạ,2025,28.5,Quản lý giáo dục
154281,TDV,quan-ly-giao-duc,C20,Điểm học bạ,2025,28.5,Quản lý giáo dục
154282,TDV,quan-ly-giao-duc,D15,Điểm học bạ,2025,28.5,Quản lý giáo dục
154283,TDV,quan-ly-giao-duc,C00,Điểm thi THPT,2025,25.5,Quản lý giáo dục
154284,TDV,quan-ly-giao-duc,C19,Điểm thi THPT,2025,25.5,Quản lý giáo dục
154285,TDV,quan-ly-giao-duc,C20,Điểm thi THPT,2025,25.5,Quản lý giáo dục
154286,TDV,quan-ly-giao-duc,D15,Điểm thi THPT,2025,25.5,Quản lý giáo dục
154287,TDV,quan-ly-nha-nuoc,A00,Điểm thi THPT,2021,16.0,Quản lý nhà nước
154288,TDV,quan-ly-nha-nuoc,A01,Điểm thi THPT,2021,16.0,Quản lý nhà nước
154289,TDV,quan-ly-nha-nuoc,C00,Điểm thi THPT,2021,16.0,Quản lý nhà nước
154290,TDV,quan-ly-nha-nuoc,D01,Điểm thi THPT,2021,16.0,Quản lý nhà nước
154291,TDV,quan-ly-nha-nuoc,A00,Điểm học bạ,2022,18.0,Quản lý nhà nước
154292,TDV,quan-ly-nha-nuoc,A01,Điểm học bạ,2022,18.0,Quản lý nhà nước
154293,TDV,quan-ly-nha-nuoc,C00,Điểm học bạ,2022,18.0,Quản lý nhà nước
154294,TDV,quan-ly-nha-nuoc,D01,Điểm học bạ,2022,18.0,Quản lý nhà nước
154295,TDV,quan-ly-nha-nuoc,A00,Điểm thi THPT,2022,18.0,Quản lý nhà nước
154296,TDV,quan-ly-nha-nuoc,A01,Điểm thi THPT,2022,18.0,Quản lý nhà nước
154297,TDV,quan-ly-nha-nuoc,C00,Điểm thi THPT,2022,18.0,Quản lý nhà nước
154298,TDV,quan-ly-nha-nuoc,D01,Điểm thi THPT,2022,18.0,Quản lý nhà nước
154299,TDV,quan-ly-nha-nuoc,A00,Điểm học bạ,2023,21.0,Quản lý nhà nước
154300,TDV,quan-ly-nha-nuoc,A01,Điểm học bạ,2023,21.0,Quản lý nhà nước
154301,TDV,quan-ly-nha-nuoc,C00,Điểm học bạ,2023,21.0,Quản lý nhà nước
154302,TDV,quan-ly-nha-nuoc,D01,Điểm học bạ,2023,21.0,Quản lý nhà nước
154303,TDV,quan-ly-nha-nuoc,A00,Điểm thi THPT,2023,19.0,Quản lý nhà nước
154304,TDV,quan-ly-nha-nuoc,A01,Điểm thi THPT,2023,19.0,Quản lý nhà nước
154305,TDV,quan-ly-nha-nuoc,C00,Điểm thi THPT,2023,19.0,Quản lý nhà nước
154306,TDV,quan-ly-nha-nuoc,D01,Điểm thi THPT,2023,19.0,Quản lý nhà nước
154307,TDV,quan-ly-nha-nuoc,A00,Điểm học bạ,2024,21.0,Quản lý nhà nước
154308,TDV,quan-ly-nha-nuoc,A01,Điểm học bạ,2024,21.0,Quản lý nhà nước
154309,TDV,quan-ly-nha-nuoc,C00,Điểm học bạ,2024,21.0,Quản lý nhà nước
154310,TDV,quan-ly-nha-nuoc,D01,Điểm học bạ,2024,21.0,Quản lý nhà nước
154311,TDV,quan-ly-nha-nuoc,A00,Điểm thi THPT,2024,18.0,Quán lý nhà nước
154312,TDV,quan-ly-nha-nuoc,A01,Điểm thi THPT,2024,18.0,Quán lý nhà nước
154313,TDV,quan-ly-nha-nuoc,C00,Điểm thi THPT,2024,18.0,Quán lý nhà nước
154314,TDV,quan-ly-nha-nuoc,D01,Điểm thi THPT,2024,18.0,Quán lý nhà nước
154315,TDV,quan-ly-nha-nuoc,C00,Điểm học bạ,2025,24.0,Quản lý nhà nước
154316,TDV,quan-ly-nha-nuoc,C03,Điểm học bạ,2025,24.0,Quản lý nhà nước
154317,TDV,quan-ly-nha-nuoc,C19,Điểm học bạ,2025,24.0,Quản lý nhà nước
154318,TDV,quan-ly-nha-nuoc,D14,Điểm học bạ,2025,24.0,Quản lý nhà nước
154319,TDV,quan-ly-nha-nuoc,C00,Điểm thi THPT,2025,21.0,Quản lý nhà nước
154320,TDV,quan-ly-nha-nuoc,C03,Điểm thi THPT,2025,21.0,Quản lý nhà nước
154321,TDV,quan-ly-nha-nuoc,C19,Điểm thi THPT,2025,21.0,Quản lý nhà nước
154322,TDV,quan-ly-nha-nuoc,D14,Điểm thi THPT,2025,21.0,Quản lý nhà nước
154323,TDV,quan-ly-tai-nguyen-va-moi-truong,A00,Điểm thi THPT,2021,16.0,Quản lý tài nguyên và môi trường
154324,TDV,quan-ly-tai-nguyen-va-moi-truong,B00,Điểm thi THPT,2021,16.0,Quản lý tài nguyên và môi trường
154325,TDV,quan-ly-tai-nguyen-va-moi-truong,B08,Điểm thi THPT,2021,16.0,Quản lý tài nguyên và môi trường
154326,TDV,quan-ly-tai-nguyen-va-moi-truong,D01,Điểm thi THPT,2021,16.0,Quản lý tài nguyên và môi trường
154327,TDV,quan-ly-tai-nguyen-va-moi-truong,A00,Điểm học bạ,2022,18.0,Quản lý tài nguyên và môi trường
154328,TDV,quan-ly-tai-nguyen-va-moi-truong,B00,Điểm học bạ,2022,18.0,Quản lý tài nguyên và môi trường
154329,TDV,quan-ly-tai-nguyen-va-moi-truong,B08,Điểm học bạ,2022,18.0,Quản lý tài nguyên và môi trường
154330,TDV,quan-ly-tai-nguyen-va-moi-truong,D01,Điểm học bạ,2022,18.0,Quản lý tài nguyên và môi trường
154331,TDV,quan-ly-tai-nguyen-va-moi-truong,A00,Điểm thi THPT,2022,17.0,Quản lý tài nguyên và môi trường
154332,TDV,quan-ly-tai-nguyen-va-moi-truong,B00,Điểm thi THPT,2022,17.0,Quản lý tài nguyên và môi trường
154333,TDV,quan-ly-tai-nguyen-va-moi-truong,B08,Điểm thi THPT,2022,17.0,Quản lý tài nguyên và môi trường
154334,TDV,quan-ly-tai-nguyen-va-moi-truong,D01,Điểm thi THPT,2022,17.0,Quản lý tài nguyên và môi trường
154335,TDV,quan-ly-tai-nguyen-va-moi-truong,A00,Điểm học bạ,2023,18.0,Quản lý tài nguyên và môi trường
154336,TDV,quan-ly-tai-nguyen-va-moi-truong,B00,Điểm học bạ,2023,18.0,Quản lý tài nguyên và môi trường
154337,TDV,quan-ly-tai-nguyen-va-moi-truong,B08,Điểm học bạ,2023,18.0,Quản lý tài nguyên và môi trường
154338,TDV,quan-ly-tai-nguyen-va-moi-truong,D01,Điểm học bạ,2023,18.0,Quản lý tài nguyên và môi trường
154339,TDV,quan-ly-tai-nguyen-va-moi-truong,A00,Điểm thi THPT,2023,17.0,Quản lý tài nguyên và môi trường
154340,TDV,quan-ly-tai-nguyen-va-moi-truong,B00,Điểm thi THPT,2023,17.0,Quản lý tài nguyên và môi trường
154341,TDV,quan-ly-tai-nguyen-va-moi-truong,B08,Điểm thi THPT,2023,17.0,Quản lý tài nguyên và môi trường
154342,TDV,quan-ly-tai-nguyen-va-moi-truong,D01,Điểm thi THPT,2023,17.0,Quản lý tài nguyên và môi trường
154343,TDV,quan-ly-tai-nguyen-va-moi-truong,A00,Điểm học bạ,2024,21.0,Quản lý tài nguyên và môi trường
154344,TDV,quan-ly-tai-nguyen-va-moi-truong,B00,Điểm học bạ,2024,21.0,Quản lý tài nguyên và môi trường
154345,TDV,quan-ly-tai-nguyen-va-moi-truong,B08,Điểm học bạ,2024,21.0,Quản lý tài nguyên và môi trường
154346,TDV,quan-ly-tai-nguyen-va-moi-truong,D01,Điểm học bạ,2024,21.0,Quản lý tài nguyên và môi trường
154347,TDV,quan-ly-tai-nguyen-va-moi-truong,A00,Điểm thi THPT,2024,16.0,Quản lý tài nguyên và môi trường
154348,TDV,quan-ly-tai-nguyen-va-moi-truong,B00,Điểm thi THPT,2024,16.0,Quản lý tài nguyên và môi trường
154349,TDV,quan-ly-tai-nguyen-va-moi-truong,B08,Điểm thi THPT,2024,16.0,Quản lý tài nguyên và môi trường
154350,TDV,quan-ly-tai-nguyen-va-moi-truong,D01,Điểm thi THPT,2024,16.0,Quản lý tài nguyên và môi trường
154351,TDV,quan-ly-tai-nguyen-va-moi-truong,A00,Điểm học bạ,2025,19.0,Quản lý tài nguyên và môi trường
154352,TDV,quan-ly-tai-nguyen-va-moi-truong,A09,Điểm học bạ,2025,19.0,Quản lý tài nguyên và môi trường
154353,TDV,quan-ly-tai-nguyen-va-moi-truong,C03,Điểm học bạ,2025,19.0,Quản lý tài nguyên và môi trường
154354,TDV,quan-ly-tai-nguyen-va-moi-truong,C14,Điểm học bạ,2025,19.0,Quản lý tài nguyên và môi trường
154355,TDV,quan-ly-tai-nguyen-va-moi-truong,D01,Điểm học bạ,2025,19.0,Quản lý tài nguyên và môi trường
154356,TDV,quan-ly-tai-nguyen-va-moi-truong,A00,Điểm thi THPT,2025,16.0,Quản lý tài nguyên và môi trường
154357,TDV,quan-ly-tai-nguyen-va-moi-truong,A09,Điểm thi THPT,2025,16.0,Quản lý tài nguyên và môi trường
154358,TDV,quan-ly-tai-nguyen-va-moi-truong,C03,Điểm thi THPT,2025,16.0,Quản lý tài nguyên và môi trường
154359,TDV,quan-ly-tai-nguyen-va-moi-truong,C14,Điểm thi THPT,2025,16.0,Quản lý tài nguyên và môi trường
154360,TDV,quan-ly-tai-nguyen-va-moi-truong,D01,Điểm thi THPT,2025,16.0,Quản lý tài nguyên và môi trường
154361,TDV,quan-ly-van-hoa,A00,Điểm thi THPT,2021,16.0,Quản lý văn hóa
154362,TDV,quan-ly-van-hoa,A01,Điểm thi THPT,2021,16.0,Quản lý văn hóa
154363,TDV,quan-ly-van-hoa,C00,Điểm thi THPT,2021,16.0,Quản lý văn hóa
154364,TDV,quan-ly-van-hoa,D01,Điểm thi THPT,2021,16.0,Quản lý văn hóa
154365,TDV,quan-ly-van-hoa,A00,Điểm học bạ,2022,20.0,Quản lý văn hóa
154366,TDV,quan-ly-van-hoa,A01,Điểm học bạ,2022,20.0,Quản lý văn hóa
154367,TDV,quan-ly-van-hoa,C00,Điểm học bạ,2022,20.0,Quản lý văn hóa
154368,TDV,quan-ly-van-hoa,D01,Điểm học bạ,2022,20.0,Quản lý văn hóa
154369,TDV,quan-ly-van-hoa,A00,Điểm thi THPT,2022,20.0,Quản lý văn hóa
154370,TDV,quan-ly-van-hoa,A01,Điểm thi THPT,2022,20.0,Quản lý văn hóa
154371,TDV,quan-ly-van-hoa,C00,Điểm thi THPT,2022,20.0,Quản lý văn hóa
154372,TDV,quan-ly-van-hoa,D01,Điểm thi THPT,2022,20.0,Quản lý văn hóa
154373,TDV,quan-ly-van-hoa,A00,Điểm học bạ,2023,21.0,Quản lý văn hóa
154374,TDV,quan-ly-van-hoa,A01,Điểm học bạ,2023,21.0,Quản lý văn hóa
154375,TDV,quan-ly-van-hoa,C00,Điểm học bạ,2023,21.0,Quản lý văn hóa
154376,TDV,quan-ly-van-hoa,D01,Điểm học bạ,2023,21.0,Quản lý văn hóa
154377,TDV,quan-ly-van-hoa,A00,Điểm thi THPT,2023,19.0,Quản lý văn hóa
154378,TDV,quan-ly-van-hoa,A01,Điểm thi THPT,2023,19.0,Quản lý văn hóa
154379,TDV,quan-ly-van-hoa,C00,Điểm thi THPT,2023,19.0,Quản lý văn hóa
154380,TDV,quan-ly-van-hoa,D01,Điểm thi THPT,2023,19.0,Quản lý văn hóa
154381,TDV,quan-ly-van-hoa,A00,Điểm học bạ,2024,21.0,Quản lý văn hóa
154382,TDV,quan-ly-van-hoa,A01,Điểm học bạ,2024,21.0,Quản lý văn hóa
154383,TDV,quan-ly-van-hoa,C00,Điểm học bạ,2024,21.0,Quản lý văn hóa
154384,TDV,quan-ly-van-hoa,D01,Điểm học bạ,2024,21.0,Quản lý văn hóa
154385,TDV,quan-ly-van-hoa,A00,Điểm thi THPT,2024,18.0,Quán lý văn hóa
154386,TDV,quan-ly-van-hoa,A01,Điểm thi THPT,2024,18.0,Quán lý văn hóa
154387,TDV,quan-ly-van-hoa,C00,Điểm thi THPT,2024,18.0,Quán lý văn hóa
154388,TDV,quan-ly-van-hoa,D01,Điểm thi THPT,2024,18.0,Quán lý văn hóa
154389,TDV,quan-ly-van-hoa,C00,Điểm học bạ,2025,21.0,Quản lý văn hoá
154390,TDV,quan-ly-van-hoa,C03,Điểm học bạ,2025,21.0,Quản lý văn hoá
154391,TDV,quan-ly-van-hoa,C19,Điểm học bạ,2025,21.0,Quản lý văn hoá
154392,TDV,quan-ly-van-hoa,D14,Điểm học bạ,2025,21.0,Quản lý văn hoá
154393,TDV,quan-ly-van-hoa,C00,Điểm thi THPT,2025,18.0,Quản lý văn hoá
154394,TDV,quan-ly-van-hoa,C03,Điểm thi THPT,2025,18.0,Quản lý văn hoá
154395,TDV,quan-ly-van-hoa,C19,Điểm thi THPT,2025,18.0,Quản lý văn hoá
154396,TDV,quan-ly-van-hoa,D14,Điểm thi THPT,2025,18.0,Quản lý văn hoá
154397,TDV,quan-tri-kinh-doanh,A00,Điểm thi THPT,2021,17.0,Quản trị kinh doanh
154398,TDV,quan-tri-kinh-doanh,A01,Điểm thi THPT,2021,17.0,Quản trị kinh doanh
154399,TDV,quan-tri-kinh-doanh,D01,Điểm thi THPT,2021,17.0,Quản trị kinh doanh
154400,TDV,quan-tri-kinh-doanh,D07,Điểm thi THPT,2021,17.0,Quản trị kinh doanh
154401,TDV,quan-tri-kinh-doanh,A00,Điểm học bạ,2022,20.0,Quản trị kinh doanh
154402,TDV,quan-tri-kinh-doanh,A01,Điểm học bạ,2022,20.0,Quản trị kinh doanh
154403,TDV,quan-tri-kinh-doanh,D01,Điểm học bạ,2022,20.0,Quản trị kinh doanh
154404,TDV,quan-tri-kinh-doanh,D07,Điểm học bạ,2022,20.0,Quản trị kinh doanh
154405,TDV,quan-tri-kinh-doanh,A00,Điểm thi THPT,2022,19.0,Quản trị kinh doanh
154406,TDV,quan-tri-kinh-doanh,A01,Điểm thi THPT,2022,19.0,Quản trị kinh doanh
154407,TDV,quan-tri-kinh-doanh,D01,Điểm thi THPT,2022,19.0,Quản trị kinh doanh
154408,TDV,quan-tri-kinh-doanh,D07,Điểm thi THPT,2022,19.0,Quản trị kinh doanh
154409,TDV,quan-tri-kinh-doanh,A00,Điểm học bạ,2023,23.0,Quản trị kinh doanh
154410,TDV,quan-tri-kinh-doanh,A01,Điểm học bạ,2023,23.0,Quản trị kinh doanh
154411,TDV,quan-tri-kinh-doanh,D01,Điểm học bạ,2023,23.0,Quản trị kinh doanh
154412,TDV,quan-tri-kinh-doanh,D07,Điểm học bạ,2023,23.0,Quản trị kinh doanh
154413,TDV,quan-tri-kinh-doanh,A00,Điểm thi THPT,2023,19.0,Quản trị kinh doanh
154414,TDV,quan-tri-kinh-doanh,A01,Điểm thi THPT,2023,19.0,Quản trị kinh doanh
154415,TDV,quan-tri-kinh-doanh,D01,Điểm thi THPT,2023,19.0,Quản trị kinh doanh
154416,TDV,quan-tri-kinh-doanh,D07,Điểm thi THPT,2023,19.0,Quản trị kinh doanh
154417,TDV,quan-tri-kinh-doanh,A00,Điểm học bạ,2024,24.0,Quản trị kinh doanh
154418,TDV,quan-tri-kinh-doanh,A01,Điểm học bạ,2024,24.0,Quản trị kinh doanh
154419,TDV,quan-tri-kinh-doanh,D01,Điểm học bạ,2024,24.0,Quản trị kinh doanh
154420,TDV,quan-tri-kinh-doanh,D07,Điểm học bạ,2024,24.0,Quản trị kinh doanh
154421,TDV,quan-tri-kinh-doanh,A00,Điểm thi THPT,2024,19.0,Quản trị kinh doanh
154422,TDV,quan-tri-kinh-doanh,A01,Điểm thi THPT,2024,19.0,Quản trị kinh doanh
154423,TDV,quan-tri-kinh-doanh,D01,Điểm thi THPT,2024,19.0,Quản trị kinh doanh
154424,TDV,quan-tri-kinh-doanh,D07,Điểm thi THPT,2024,19.0,Quản trị kinh doanh
154425,TDV,quan-tri-kinh-doanh,A00,Điểm học bạ,2025,24.0,Quản trị kinh doanh
154426,TDV,quan-tri-kinh-doanh,A01,Điểm học bạ,2025,24.0,Quản trị kinh doanh
154427,TDV,quan-tri-kinh-doanh,C01,Điểm học bạ,2025,24.0,Quản trị kinh doanh
154428,TDV,quan-tri-kinh-doanh,D01,Điểm học bạ,2025,24.0,Quản trị kinh doanh
154429,TDV,quan-tri-kinh-doanh,A00,Điểm thi THPT,2025,21.0,Quản trị kinh doanh
154430,TDV,quan-tri-kinh-doanh,A01,Điểm thi THPT,2025,21.0,Quản trị kinh doanh
154431,TDV,quan-tri-kinh-doanh,C01,Điểm thi THPT,2025,21.0,Quản trị kinh doanh
154432,TDV,quan-tri-kinh-doanh,D01,Điểm thi THPT,2025,21.0,Quản trị kinh doanh
154433,TDV,quan-tri-kinh-doanh-chat-luong-cao,A00,Điểm thi THPT,2021,18.0,Quản trị kinh doanh chất lượng cao
154434,TDV,quan-tri-kinh-doanh-chat-luong-cao,A01,Điểm thi THPT,2021,18.0,Quản trị kinh doanh chất lượng cao
154435,TDV,quan-tri-kinh-doanh-chat-luong-cao,D01,Điểm thi THPT,2021,18.0,Quản trị kinh doanh chất lượng cao
154436,TDV,quan-tri-kinh-doanh-chat-luong-cao,D07,Điểm thi THPT,2021,18.0,Quản trị kinh doanh chất lượng cao
154437,TDV,quan-tri-kinh-doanh-chat-luong-cao,A00,Điểm học bạ,2022,21.0,Quản trị kinh doanh chất lượng cao
154438,TDV,quan-tri-kinh-doanh-chat-luong-cao,A01,Điểm học bạ,2022,21.0,Quản trị kinh doanh chất lượng cao
154439,TDV,quan-tri-kinh-doanh-chat-luong-cao,D01,Điểm học bạ,2022,21.0,Quản trị kinh doanh chất lượng cao
154440,TDV,quan-tri-kinh-doanh-chat-luong-cao,D07,Điểm học bạ,2022,21.0,Quản trị kinh doanh chất lượng cao
154441,TDV,quan-tri-kinh-doanh-chat-luong-cao,A00,Điểm thi THPT,2022,20.0,Quản trị kinh doanh chất lượng cao
154442,TDV,quan-tri-kinh-doanh-chat-luong-cao,A01,Điểm thi THPT,2022,20.0,Quản trị kinh doanh chất lượng cao
154443,TDV,quan-tri-kinh-doanh-chat-luong-cao,D01,Điểm thi THPT,2022,20.0,Quản trị kinh doanh chất lượng cao
154444,TDV,quan-tri-kinh-doanh-chat-luong-cao,D07,Điểm thi THPT,2022,20.0,Quản trị kinh doanh chất lượng cao
154445,TDV,quan-tri-kinh-doanh-chat-luong-cao,A00,Điểm học bạ,2023,23.0,Quản trị kinh doanh chất lượng cao
154446,TDV,quan-tri-kinh-doanh-chat-luong-cao,A01,Điểm học bạ,2023,23.0,Quản trị kinh doanh chất lượng cao
154447,TDV,quan-tri-kinh-doanh-chat-luong-cao,D01,Điểm học bạ,2023,23.0,Quản trị kinh doanh chất lượng cao
154448,TDV,quan-tri-kinh-doanh-chat-luong-cao,D07,Điểm học bạ,2023,23.0,Quản trị kinh doanh chất lượng cao
154449,TDV,quan-tri-kinh-doanh-chat-luong-cao,A00,Điểm thi THPT,2023,20.0,Quản trị kinh doanh chất lượng cao
154450,TDV,quan-tri-kinh-doanh-chat-luong-cao,A01,Điểm thi THPT,2023,20.0,Quản trị kinh doanh chất lượng cao
154451,TDV,quan-tri-kinh-doanh-chat-luong-cao,D01,Điểm thi THPT,2023,20.0,Quản trị kinh doanh chất lượng cao
154452,TDV,quan-tri-kinh-doanh-chat-luong-cao,D07,Điểm thi THPT,2023,20.0,Quản trị kinh doanh chất lượng cao
154453,TDV,quoc-te-hoc,D01,Điểm học bạ,2024,21.0,Quốc tế học
154454,TDV,quoc-te-hoc,D14,Điểm học bạ,2024,21.0,Quốc tế học
154455,TDV,quoc-te-hoc,D15,Điểm học bạ,2024,21.0,Quốc tế học
154456,TDV,quoc-te-hoc,D66,Điểm học bạ,2024,21.0,Quốc tế học
154457,TDV,quoc-te-hoc,D01,Điểm thi THPT,2024,18.0,Quốc tế học
154458,TDV,quoc-te-hoc,D14,Điểm thi THPT,2024,18.0,Quốc tế học
154459,TDV,quoc-te-hoc,D15,Điểm thi THPT,2024,18.0,Quốc tế học
154460,TDV,quoc-te-hoc,D66,Điểm thi THPT,2024,18.0,Quốc tế học
154461,TDV,quoc-te-hoc,D01,Điểm học bạ,2025,21.0,Quốc tế học
154462,TDV,quoc-te-hoc,D14,Điểm học bạ,2025,21.0,Quốc tế học
154463,TDV,quoc-te-hoc,D15,Điểm học bạ,2025,21.0,Quốc tế học
154464,TDV,quoc-te-hoc,D66,Điểm học bạ,2025,21.0,Quốc tế học
154465,TDV,quoc-te-hoc,D01,Điểm thi THPT,2025,18.0,Quốc tế học
154466,TDV,quoc-te-hoc,D14,Điểm thi THPT,2025,18.0,Quốc tế học
154467,TDV,quoc-te-hoc,D15,Điểm thi THPT,2025,18.0,Quốc tế học
154468,TDV,quoc-te-hoc,D66,Điểm thi THPT,2025,18.0,Quốc tế học
154469,TDV,su-pham-dia-ly,C00,Điểm thi THPT,2021,22.0,Sư phạm Địa lý
154470,TDV,su-pham-dia-ly,C04,Điểm thi THPT,2021,22.0,Sư phạm Địa lý
154471,TDV,su-pham-dia-ly,C20,Điểm thi THPT,2021,22.0,Sư phạm Địa lý
154472,TDV,su-pham-dia-ly,D15,Điểm thi THPT,2021,22.0,Sư phạm Địa lý
154473,TDV,su-pham-dia-ly,C00,Điểm học bạ,2022,26.0,Sư phạm Địa lý
154474,TDV,su-pham-dia-ly,C04,Điểm học bạ,2022,26.0,Sư phạm Địa lý
154475,TDV,su-pham-dia-ly,C20,Điểm học bạ,2022,26.0,Sư phạm Địa lý
154476,TDV,su-pham-dia-ly,D15,Điểm học bạ,2022,26.0,Sư phạm Địa lý
154477,TDV,su-pham-dia-ly,C00,Điểm thi THPT,2022,25.5,Sư phạm Địa lý
154478,TDV,su-pham-dia-ly,C04,Điểm thi THPT,2022,25.5,Sư phạm Địa lý
154479,TDV,su-pham-dia-ly,C20,Điểm thi THPT,2022,25.5,Sư phạm Địa lý
154480,TDV,su-pham-dia-ly,D15,Điểm thi THPT,2022,25.5,Sư phạm Địa lý
154481,TDV,su-pham-dia-ly,C00,Điểm học bạ,2023,29.0,Sư phạm Địa lý
154482,TDV,su-pham-dia-ly,C04,Điểm học bạ,2023,29.0,Sư phạm Địa lý
154483,TDV,su-pham-dia-ly,C20,Điểm học bạ,2023,29.0,Sư phạm Địa lý
154484,TDV,su-pham-dia-ly,D15,Điểm học bạ,2023,29.0,Sư phạm Địa lý
154485,TDV,su-pham-dia-ly,C00,Điểm thi THPT,2023,26.55,Sư phạm Địa lý
154486,TDV,su-pham-dia-ly,C04,Điểm thi THPT,2023,26.55,Sư phạm Địa lý
154487,TDV,su-pham-dia-ly,C20,Điểm thi THPT,2023,26.55,Sư phạm Địa lý
154488,TDV,su-pham-dia-ly,D15,Điểm thi THPT,2023,26.55,Sư phạm Địa lý
154489,TDV,su-pham-dia-ly,C00,Điểm thi THPT,2024,28.5,Sư phạm Địa lý
154490,TDV,su-pham-dia-ly,C04,Điểm thi THPT,2024,28.5,Sư phạm Địa lý
154491,TDV,su-pham-dia-ly,C20,Điểm thi THPT,2024,28.5,Sư phạm Địa lý
154492,TDV,su-pham-dia-ly,D15,Điểm thi THPT,2024,28.5,Sư phạm Địa lý
154493,TDV,su-pham-dia-ly,C00,Điểm thi THPT,2025,28.2,Sư phạm Địa lý
154494,TDV,su-pham-dia-ly,C04,Điểm thi THPT,2025,27.2,Sư phạm Địa lý
154495,TDV,su-pham-dia-ly,D15,Điểm thi THPT,2025,27.2,Sư phạm Địa lý
154496,TDV,su-pham-hoa-hoc,A00,Điểm thi THPT,2021,20.0,Sư phạm Hóa học
154497,TDV,su-pham-hoa-hoc,A01,Điểm thi THPT,2021,20.0,Sư phạm Hóa học
154498,TDV,su-pham-hoa-hoc,B00,Điểm thi THPT,2021,20.0,Sư phạm Hóa học
154499,TDV,su-pham-hoa-hoc,D07,Điểm thi THPT,2021,20.0,Sư phạm Hóa học
154500,TDV,su-pham-hoa-hoc,A00,Điểm học bạ,2022,27.5,Sư phạm Hóa học
154501,TDV,su-pham-hoa-hoc,B00,Điểm học bạ,2022,27.5,Sư phạm Hóa học
154502,TDV,su-pham-hoa-hoc,C02,Điểm học bạ,2022,27.5,Sư phạm Hóa học
154503,TDV,su-pham-hoa-hoc,D07,Điểm học bạ,2022,27.5,Sư phạm Hóa học
154504,TDV,su-pham-hoa-hoc,A00,Điểm thi THPT,2022,23.5,Sư phạm Hóa học
154505,TDV,su-pham-hoa-hoc,B00,Điểm thi THPT,2022,23.5,Sư phạm Hóa học
154506,TDV,su-pham-hoa-hoc,C02,Điểm thi THPT,2022,23.5,Sư phạm Hóa học
154507,TDV,su-pham-hoa-hoc,D07,Điểm thi THPT,2022,23.5,Sư phạm Hóa học
154508,TDV,su-pham-hoa-hoc,A00,Điểm học bạ,2023,29.25,Sư phạm Hóa học
154509,TDV,su-pham-hoa-hoc,B00,Điểm học bạ,2023,29.25,Sư phạm Hóa học
154510,TDV,su-pham-hoa-hoc,C02,Điểm học bạ,2023,29.25,Sư phạm Hóa học
154511,TDV,su-pham-hoa-hoc,D07,Điểm học bạ,2023,29.25,Sư phạm Hóa học
154512,TDV,su-pham-hoa-hoc,A00,Điểm thi THPT,2023,24.8,Sư phạm Hóa học
154513,TDV,su-pham-hoa-hoc,B00,Điểm thi THPT,2023,24.8,Sư phạm Hóa học
154514,TDV,su-pham-hoa-hoc,C02,Điểm thi THPT,2023,24.8,Sư phạm Hóa học
154515,TDV,su-pham-hoa-hoc,D07,Điểm thi THPT,2023,24.8,Sư phạm Hóa học
154516,TDV,su-pham-hoa-hoc,A00,Điểm thi THPT,2024,26.4,Sư phạm Hóa học
154517,TDV,su-pham-hoa-hoc,B00,Điểm thi THPT,2024,26.4,Sư phạm Hóa học
154518,TDV,su-pham-hoa-hoc,C02,Điểm thi THPT,2024,26.4,Sư phạm Hóa học
154519,TDV,su-pham-hoa-hoc,D07,Điểm thi THPT,2024,26.4,Sư phạm Hóa học
154520,TDV,su-pham-hoa-hoc,A00,Điểm thi THPT,2025,26.0,Sư phạm Hoá học
154521,TDV,su-pham-hoa-hoc,B00,Điểm thi THPT,2025,25.5,Sư phạm Hoá học
154522,TDV,su-pham-hoa-hoc,D07,Điểm thi THPT,2025,25.0,Sư phạm Hoá học
154523,TDV,su-pham-khoa-hoc-tu-nhien,A00,Điểm thi THPT,2024,25.3,Sư phạm Khoa học tự nhiên
154524,TDV,su-pham-khoa-hoc-tu-nhien,A02,Điểm thi THPT,2024,25.3,Sư phạm Khoa học tự nhiên
154525,TDV,su-pham-khoa-hoc-tu-nhien,B00,Điểm thi THPT,2024,25.3,Sư phạm Khoa học tự nhiên
154526,TDV,su-pham-khoa-hoc-tu-nhien,A00,Điểm thi THPT,2025,24.16,Sư phạm khoa học tự nhiên
154527,TDV,su-pham-khoa-hoc-tu-nhien,B00,Điểm thi THPT,2025,23.66,Sư phạm khoa học tự nhiên
154528,TDV,su-pham-khoa-hoc-tu-nhien,D07,Điểm thi THPT,2025,23.16,Sư phạm khoa học tự nhiên
154529,TDV,su-pham-lich-su,C00,Điểm thi THPT,2021,21.0,Sư phạm Lịch sử
154530,TDV,su-pham-lich-su,C19,Điểm thi THPT,2021,21.0,Sư phạm Lịch sử
154531,TDV,su-pham-lich-su,C20,Điểm thi THPT,2021,21.0,Sư phạm Lịch sử
154532,TDV,su-pham-lich-su,D14,Điểm thi THPT,2021,21.0,Sư phạm Lịch sử
154533,TDV,su-pham-lich-su,C00,Điểm học bạ,2022,26.0,Sư phạm Lịch sử
154534,TDV,su-pham-lich-su,C19,Điểm học bạ,2022,26.0,Sư phạm Lịch sử
154535,TDV,su-pham-lich-su,C20,Điểm học bạ,2022,26.0,Sư phạm Lịch sử
154536,TDV,su-pham-lich-su,D14,Điểm học bạ,2022,26.0,Sư phạm Lịch sử
154537,TDV,su-pham-lich-su,C00,Điểm thi THPT,2022,25.75,Sư phạm Lịch sử
154538,TDV,su-pham-lich-su,C19,Điểm thi THPT,2022,25.75,Sư phạm Lịch sử
154539,TDV,su-pham-lich-su,C20,Điểm thi THPT,2022,25.75,Sư phạm Lịch sử
154540,TDV,su-pham-lich-su,D14,Điểm thi THPT,2022,25.75,Sư phạm Lịch sử
154541,TDV,su-pham-lich-su,C00,Điểm học bạ,2023,29.0,Sư phạm Lịch sử
154542,TDV,su-pham-lich-su,C19,Điểm học bạ,2023,29.0,Sư phạm Lịch sử
154543,TDV,su-pham-lich-su,C20,Điểm học bạ,2023,29.0,Sư phạm Lịch sử
154544,TDV,su-pham-lich-su,D14,Điểm học bạ,2023,29.0,Sư phạm Lịch sử
154545,TDV,su-pham-lich-su,C00,Điểm thi THPT,2023,28.12,Sư phạm Lịch sử
154546,TDV,su-pham-lich-su,C19,Điểm thi THPT,2023,28.12,Sư phạm Lịch sử
154547,TDV,su-pham-lich-su,C20,Điểm thi THPT,2023,28.12,Sư phạm Lịch sử
154548,TDV,su-pham-lich-su,D14,Điểm thi THPT,2023,28.12,Sư phạm Lịch sử
154549,TDV,su-pham-lich-su,C00,Điểm thi THPT,2024,28.71,Sư phạm Lịch sử
154550,TDV,su-pham-lich-su,C19,Điểm thi THPT,2024,28.71,Sư phạm Lịch sử
154551,TDV,su-pham-lich-su,C20,Điểm thi THPT,2024,28.71,Sư phạm Lịch sử
154552,TDV,su-pham-lich-su,D14,Điểm thi THPT,2024,28.71,Sư phạm Lịch sử
154553,TDV,su-pham-lich-su,A07,Điểm thi THPT,2025,27.4,Sư phạm Lịch sử
154554,TDV,su-pham-lich-su,C00,Điểm thi THPT,2025,28.4,Sư phạm Lịch sử
154555,TDV,su-pham-lich-su,C19,Điểm thi THPT,2025,28.4,Sư phạm Lịch sử
154556,TDV,su-pham-lich-su,D14,Điểm thi THPT,2025,27.4,Sư phạm Lịch sử
154557,TDV,su-pham-lich-su-dia-li,A07,Điểm thi THPT,2025,26.9,Sư phạm Lịch sử - Địa lí
154558,TDV,su-pham-lich-su-dia-li,C00,Điểm thi THPT,2025,27.9,Sư phạm Lịch sử - Địa lí
154559,TDV,su-pham-lich-su-dia-li,C19,Điểm thi THPT,2025,27.9,Sư phạm Lịch sử - Địa lí
154560,TDV,su-pham-lich-su-dia-li,C20,Điểm thi THPT,2025,28.4,Sư phạm Lịch sử - Địa lí
154561,TDV,su-pham-lich-su-dia-ly,C00,Điểm thi THPT,2024,28.25,Sư phạm Lịch sừ - Địa lý
154562,TDV,su-pham-lich-su-dia-ly,C19,Điểm thi THPT,2024,28.25,Sư phạm Lịch sừ - Địa lý
154563,TDV,su-pham-lich-su-dia-ly,C20,Điểm thi THPT,2024,28.25,Sư phạm Lịch sừ - Địa lý
154564,TDV,su-pham-lich-su-dia-ly,D14,Điểm thi THPT,2024,28.25,Sư phạm Lịch sừ - Địa lý
154565,TDV,su-pham-ngu-van,C00,Điểm thi THPT,2021,24.0,Sư phạm Ngữ văn
154566,TDV,su-pham-ngu-van,C20,Điểm thi THPT,2021,24.0,Sư phạm Ngữ văn
154567,TDV,su-pham-ngu-van,D01,Điểm thi THPT,2021,24.0,Sư phạm Ngữ văn
154568,TDV,su-pham-ngu-van,D15,Điểm thi THPT,2021,24.0,Sư phạm Ngữ văn
154569,TDV,su-pham-ngu-van,C00,Điểm học bạ,2022,28.0,Sư phạm Ngữ văn
154570,TDV,su-pham-ngu-van,C20,Điểm học bạ,2022,28.0,Sư phạm Ngữ văn
154571,TDV,su-pham-ngu-van,D01,Điểm học bạ,2022,28.0,Sư phạm Ngữ văn
154572,TDV,su-pham-ngu-van,D15,Điểm học bạ,2022,28.0,Sư phạm Ngữ văn
154573,TDV,su-pham-ngu-van,C00,Điểm thi THPT,2022,26.25,Sư phạm Ngữ văn
154574,TDV,su-pham-ngu-van,C20,Điểm thi THPT,2022,26.25,Sư phạm Ngữ văn
154575,TDV,su-pham-ngu-van,D01,Điểm thi THPT,2022,26.25,Sư phạm Ngữ văn
154576,TDV,su-pham-ngu-van,D15,Điểm thi THPT,2022,26.25,Sư phạm Ngữ văn
154577,TDV,su-pham-ngu-van,C00,Điểm học bạ,2023,29.0,Sư phạm Ngữ văn
154578,TDV,su-pham-ngu-van,C20,Điểm học bạ,2023,29.0,Sư phạm Ngữ văn
154579,TDV,su-pham-ngu-van,D01,Điểm học bạ,2023,29.0,Sư phạm Ngữ văn
154580,TDV,su-pham-ngu-van,D15,Điểm học bạ,2023,29.0,Sư phạm Ngữ văn
154581,TDV,su-pham-ngu-van,C00,Điểm thi THPT,2023,26.7,Sư phạm Ngữ văn
154582,TDV,su-pham-ngu-van,C20,Điểm thi THPT,2023,26.7,Sư phạm Ngữ văn
154583,TDV,su-pham-ngu-van,D01,Điểm thi THPT,2023,26.7,Sư phạm Ngữ văn
154584,TDV,su-pham-ngu-van,D15,Điểm thi THPT,2023,26.7,Sư phạm Ngữ văn
154585,TDV,su-pham-ngu-van,C00,Điểm thi THPT,2024,28.46,Sư phạm Ngữ văn
154586,TDV,su-pham-ngu-van,C20,Điểm thi THPT,2024,28.46,Sư phạm Ngữ văn
154587,TDV,su-pham-ngu-van,D01,Điểm thi THPT,2024,28.46,Sư phạm Ngữ văn
154588,TDV,su-pham-ngu-van,D15,Điểm thi THPT,2024,28.46,Sư phạm Ngữ văn
154589,TDV,su-pham-ngu-van,C00,Điểm thi THPT,2025,27.92,Sư phạm Ngữ văn
154590,TDV,su-pham-ngu-van,C19,Điểm thi THPT,2025,27.92,Sư phạm Ngữ văn
154591,TDV,su-pham-ngu-van,D14,Điểm thi THPT,2025,26.92,Sư phạm Ngữ văn
154592,TDV,su-pham-sinh-hoc,A00,Điểm thi THPT,2021,19.0,Sư phạm Sinh học
154593,TDV,su-pham-sinh-hoc,A01,Điểm thi THPT,2021,19.0,Sư phạm Sinh học
154594,TDV,su-pham-sinh-hoc,B00,Điểm thi THPT,2021,19.0,Sư phạm Sinh học
154595,TDV,su-pham-sinh-hoc,B08,Điểm thi THPT,2021,19.0,Sư phạm Sinh học
154596,TDV,su-pham-sinh-hoc,A02,Điểm học bạ,2022,24.0,Sư phạm Sinh học
154597,TDV,su-pham-sinh-hoc,B00,Điểm học bạ,2022,24.0,Sư phạm Sinh học
154598,TDV,su-pham-sinh-hoc,B03,Điểm học bạ,2022,24.0,Sư phạm Sinh học
154599,TDV,su-pham-sinh-hoc,B08,Điểm học bạ,2022,24.0,Sư phạm Sinh học
154600,TDV,su-pham-sinh-hoc,A02,Điểm thi THPT,2022,19.0,Sư phạm Sinh học
154601,TDV,su-pham-sinh-hoc,B00,Điểm thi THPT,2022,19.0,Sư phạm Sinh học
154602,TDV,su-pham-sinh-hoc,B03,Điểm thi THPT,2022,19.0,Sư phạm Sinh học
154603,TDV,su-pham-sinh-hoc,B08,Điểm thi THPT,2022,19.0,Sư phạm Sinh học
154604,TDV,su-pham-sinh-hoc,A02,Điểm học bạ,2023,27.5,Sư phạm Sinh học
154605,TDV,su-pham-sinh-hoc,B00,Điểm học bạ,2023,27.5,Sư phạm Sinh học
154606,TDV,su-pham-sinh-hoc,B03,Điểm học bạ,2023,27.5,Sư phạm Sinh học
154607,TDV,su-pham-sinh-hoc,B08,Điểm học bạ,2023,27.5,Sư phạm Sinh học
154608,TDV,su-pham-sinh-hoc,A02,Điểm thi THPT,2023,23.55,Sư phạm Sinh học
154609,TDV,su-pham-sinh-hoc,B00,Điểm thi THPT,2023,23.55,Sư phạm Sinh học
154610,TDV,su-pham-sinh-hoc,B03,Điểm thi THPT,2023,23.55,Sư phạm Sinh học
154611,TDV,su-pham-sinh-hoc,B08,Điểm thi THPT,2023,23.55,Sư phạm Sinh học
154612,TDV,su-pham-sinh-hoc,A02,Điểm thi THPT,2024,25.25,Sư phạm Sinh học
154613,TDV,su-pham-sinh-hoc,B00,Điểm thi THPT,2024,25.25,Sư phạm Sinh học
154614,TDV,su-pham-sinh-hoc,B03,Điểm thi THPT,2024,25.25,Sư phạm Sinh học
154615,TDV,su-pham-sinh-hoc,B08,Điểm thi THPT,2024,25.25,Sư phạm Sinh học
154616,TDV,su-pham-sinh-hoc,A02,Điểm thi THPT,2025,23.9,Sư phạm Sinh học
154617,TDV,su-pham-sinh-hoc,B00,Điểm thi THPT,2025,23.9,Sư phạm Sinh học
154618,TDV,su-pham-sinh-hoc,B03,Điểm thi THPT,2025,23.9,Sư phạm Sinh học
154619,TDV,su-pham-sinh-hoc,B08,Điểm thi THPT,2025,22.9,Sư phạm Sinh học
154620,TDV,su-pham-tieng-anh,D01,Điểm thi THPT,2021,29.0,Sư phạm Tiếng Anh
154621,TDV,su-pham-tieng-anh,D14,Điểm thi THPT,2021,29.0,Sư phạm Tiếng Anh
154622,TDV,su-pham-tieng-anh,D15,Điểm thi THPT,2021,29.0,Sư phạm Tiếng Anh
154623,TDV,su-pham-tieng-anh,D66,Điểm thi THPT,2021,29.0,Sư phạm Tiếng Anh
154624,TDV,su-pham-tieng-anh,A01,Điểm học bạ,2023,29.0,Sư phạm Tiếng Anh
154625,TDV,su-pham-tieng-anh,D01,Điểm học bạ,2023,29.0,Sư phạm Tiếng Anh
154626,TDV,su-pham-tieng-anh,D14,Điểm học bạ,2023,29.0,Sư phạm Tiếng Anh
154627,TDV,su-pham-tieng-anh,D15,Điểm học bạ,2023,29.0,Sư phạm Tiếng Anh
154628,TDV,su-pham-tieng-anh,A01,Điểm thi THPT,2023,25.3,Sư phạm Tiếng Anh
154629,TDV,su-pham-tieng-anh,D01,Điểm thi THPT,2023,25.3,Sư phạm Tiếng Anh
154630,TDV,su-pham-tieng-anh,D14,Điểm thi THPT,2023,25.3,Sư phạm Tiếng Anh
154631,TDV,su-pham-tieng-anh,D15,Điểm thi THPT,2023,25.3,Sư phạm Tiếng Anh
154632,TDV,su-pham-tieng-anh,A01,Điểm thi THPT,2024,26.46,Sư phạm Tiếng Anh
154633,TDV,su-pham-tieng-anh,D01,Điểm thi THPT,2024,26.46,Sư phạm Tiếng Anh
154634,TDV,su-pham-tieng-anh,D14,Điểm thi THPT,2024,26.46,Sư phạm Tiếng Anh
154635,TDV,su-pham-tieng-anh,D15,Điểm thi THPT,2024,26.46,Sư phạm Tiếng Anh
154636,TDV,su-pham-tieng-anh,D01,Điểm thi THPT,2025,23.73,Sư phạm Tiếng Anh
154637,TDV,su-pham-tieng-anh,D14,Điểm thi THPT,2025,24.73,Sư phạm Tiếng Anh
154638,TDV,su-pham-tieng-anh,D15,Điểm thi THPT,2025,24.73,Sư phạm Tiếng Anh
154639,TDV,su-pham-tin-hoc,A00,Điểm thi THPT,2021,19.0,Sư phạm Tin học
154640,TDV,su-pham-tin-hoc,A01,Điểm thi THPT,2021,19.0,Sư phạm Tin học
154641,TDV,su-pham-tin-hoc,D01,Điểm thi THPT,2021,19.0,Sư phạm Tin học
154642,TDV,su-pham-tin-hoc,D07,Điểm thi THPT,2021,19.0,Sư phạm Tin học
154643,TDV,su-pham-tin-hoc,A00,Điểm học bạ,2022,24.0,Sư phạm Tin học
154644,TDV,su-pham-tin-hoc,A01,Điểm học bạ,2022,24.0,Sư phạm Tin học
154645,TDV,su-pham-tin-hoc,D01,Điểm học bạ,2022,24.0,Sư phạm Tin học
154646,TDV,su-pham-tin-hoc,D07,Điểm học bạ,2022,24.0,Sư phạm Tin học
154647,TDV,su-pham-tin-hoc,A00,Điểm thi THPT,2022,20.0,Sư phạm Tin học
154648,TDV,su-pham-tin-hoc,A01,Điểm thi THPT,2022,20.0,Sư phạm Tin học
154649,TDV,su-pham-tin-hoc,D01,Điểm thi THPT,2022,20.0,Sư phạm Tin học
154650,TDV,su-pham-tin-hoc,D07,Điểm thi THPT,2022,20.0,Sư phạm Tin học
154651,TDV,su-pham-tin-hoc,A00,Điểm học bạ,2023,28.0,Sư phạm Tin học
154652,TDV,su-pham-tin-hoc,A01,Điểm học bạ,2023,28.0,Sư phạm Tin học
154653,TDV,su-pham-tin-hoc,D01,Điểm học bạ,2023,28.0,Sư phạm Tin học
154654,TDV,su-pham-tin-hoc,D07,Điểm học bạ,2023,28.0,Sư phạm Tin học
154655,TDV,su-pham-tin-hoc,A00,Điểm thi THPT,2023,22.25,Sư phạm Tin học
154656,TDV,su-pham-tin-hoc,A01,Điểm thi THPT,2023,22.25,Sư phạm Tin học
154657,TDV,su-pham-tin-hoc,D01,Điểm thi THPT,2023,22.25,Sư phạm Tin học
154658,TDV,su-pham-tin-hoc,D07,Điểm thi THPT,2023,22.25,Sư phạm Tin học
154659,TDV,su-pham-tin-hoc,A00,Điểm thi THPT,2024,24.45,Sư phạm Tin học
154660,TDV,su-pham-tin-hoc,A01,Điểm thi THPT,2024,24.45,Sư phạm Tin học
154661,TDV,su-pham-tin-hoc,D01,Điểm thi THPT,2024,24.45,Sư phạm Tin học
154662,TDV,su-pham-tin-hoc,D07,Điểm thi THPT,2024,24.45,Sư phạm Tin học
154663,TDV,su-pham-tin-hoc,A01,Điểm thi THPT,2025,21.15,Sư phạm Tin học
154664,TDV,su-pham-tin-hoc,D01,Điểm thi THPT,2025,21.15,Sư phạm Tin học
154665,TDV,su-pham-tin-hoc,D07,Điểm thi THPT,2025,21.15,Sư phạm Tin học
154666,TDV,su-pham-tin-hoc,X26,Điểm thi THPT,2025,21.15,Sư phạm Tin học
154667,TDV,su-pham-toan-hoc,A00,Điểm thi THPT,2021,23.0,Sư phạm Toán học
154668,TDV,su-pham-toan-hoc,A01,Điểm thi THPT,2021,23.0,Sư phạm Toán học
154669,TDV,su-pham-toan-hoc,B00,Điểm thi THPT,2021,23.0,Sư phạm Toán học
154670,TDV,su-pham-toan-hoc,D01,Điểm thi THPT,2021,23.0,Sư phạm Toán học
154671,TDV,su-pham-toan-hoc,A00,Điểm học bạ,2022,29.0,Sư phạm Toán học
154672,TDV,su-pham-toan-hoc,A01,Điểm học bạ,2022,29.0,Sư phạm Toán học
154673,TDV,su-pham-toan-hoc,B00,Điểm học bạ,2022,29.0,Sư phạm Toán học
154674,TDV,su-pham-toan-hoc,D01,Điểm học bạ,2022,29.0,Sư phạm Toán học
154675,TDV,su-pham-toan-hoc,A00,Điểm thi THPT,2022,24.5,Sư phạm Toán học
154676,TDV,su-pham-toan-hoc,A01,Điểm thi THPT,2022,24.5,Sư phạm Toán học
154677,TDV,su-pham-toan-hoc,B00,Điểm thi THPT,2022,24.5,Sư phạm Toán học
154678,TDV,su-pham-toan-hoc,D01,Điểm thi THPT,2022,24.5,Sư phạm Toán học
154679,TDV,su-pham-toan-hoc,A00,Điểm học bạ,2023,29.5,Sư phạm Toán học
154680,TDV,su-pham-toan-hoc,A01,Điểm học bạ,2023,29.5,Sư phạm Toán học
154681,TDV,su-pham-toan-hoc,B00,Điểm học bạ,2023,29.5,Sư phạm Toán học
154682,TDV,su-pham-toan-hoc,D01,Điểm học bạ,2023,29.5,Sư phạm Toán học
154683,TDV,su-pham-toan-hoc,A00,Điểm thi THPT,2023,25.0,Sư phạm Toán học
154684,TDV,su-pham-toan-hoc,A01,Điểm thi THPT,2023,25.0,Sư phạm Toán học
154685,TDV,su-pham-toan-hoc,B00,Điểm thi THPT,2023,25.0,Sư phạm Toán học
154686,TDV,su-pham-toan-hoc,D01,Điểm thi THPT,2023,25.0,Sư phạm Toán học
154687,TDV,su-pham-toan-hoc,A00,Điểm thi THPT,2024,26.2,Sư phạm Toán học
154688,TDV,su-pham-toan-hoc,A01,Điểm thi THPT,2024,26.2,Sư phạm Toán học
154689,TDV,su-pham-toan-hoc,B00,Điểm thi THPT,2024,26.2,Sư phạm Toán học
154690,TDV,su-pham-toan-hoc,D01,Điểm thi THPT,2024,26.2,Sư phạm Toán học
154691,TDV,su-pham-toan-hoc,A00,Điểm thi THPT,2025,26.5,Sư phạm Toán học
154692,TDV,su-pham-toan-hoc,A01,Điểm thi THPT,2025,25.5,Sư phạm Toán học
154693,TDV,su-pham-toan-hoc,A02,Điểm thi THPT,2025,26.0,Sư phạm Toán học
154694,TDV,su-pham-toan-hoc,B00,Điểm thi THPT,2025,26.0,Sư phạm Toán học
154695,TDV,su-pham-toan-hoc-chat-luong-cao,A00,Điểm thi THPT,2021,25.0,Sư phạm Toán học chất lượng cao
154696,TDV,su-pham-toan-hoc-chat-luong-cao,A01,Điểm thi THPT,2021,25.0,Sư phạm Toán học chất lượng cao
154697,TDV,su-pham-toan-hoc-chat-luong-cao,B00,Điểm thi THPT,2021,25.0,Sư phạm Toán học chất lượng cao
154698,TDV,su-pham-toan-hoc-chat-luong-cao,D01,Điểm thi THPT,2021,25.0,Sư phạm Toán học chất lượng cao
154699,TDV,su-pham-toan-hoc-chat-luong-cao,A00,Điểm học bạ,2022,29.5,Sư phạm Toán học chất lượng cao
154700,TDV,su-pham-toan-hoc-chat-luong-cao,B00,Điểm học bạ,2022,29.5,Sư phạm Toán học chất lượng cao
154701,TDV,su-pham-toan-hoc-chat-luong-cao,B08,Điểm học bạ,2022,29.5,Sư phạm Toán học chất lượng cao
154702,TDV,su-pham-toan-hoc-chat-luong-cao,D01,Điểm học bạ,2022,29.5,Sư phạm Toán học chất lượng cao
154703,TDV,su-pham-toan-hoc-chat-luong-cao,A00,Điểm thi THPT,2022,25.75,Sư phạm Toán học chất lượng cao
154704,TDV,su-pham-toan-hoc-chat-luong-cao,B00,Điểm thi THPT,2022,25.75,Sư phạm Toán học chất lượng cao
154705,TDV,su-pham-toan-hoc-chat-luong-cao,B08,Điểm thi THPT,2022,25.75,Sư phạm Toán học chất lượng cao
154706,TDV,su-pham-toan-hoc-chat-luong-cao,D01,Điểm thi THPT,2022,25.75,Sư phạm Toán học chất lượng cao
154707,TDV,su-pham-toan-hoc-chat-luong-cao,A00,Điểm thi THPT,2023,25.5,Sư phạm Toán học chất lượng cao
154708,TDV,su-pham-toan-hoc-chat-luong-cao,A01,Điểm thi THPT,2023,25.5,Sư phạm Toán học chất lượng cao
154709,TDV,su-pham-toan-hoc-chat-luong-cao,B00,Điểm thi THPT,2023,25.5,Sư phạm Toán học chất lượng cao
154710,TDV,su-pham-toan-hoc-chat-luong-cao,D01,Điểm thi THPT,2023,25.5,Sư phạm Toán học chất lượng cao
154711,TDV,su-pham-vat-ly,A00,Điểm thi THPT,2021,19.0,Sư Phạm Vật lý
154712,TDV,su-pham-vat-ly,A01,Điểm thi THPT,2021,19.0,Sư Phạm Vật lý
154713,TDV,su-pham-vat-ly,A10,Điểm thi THPT,2021,19.0,Sư Phạm Vật lý
154714,TDV,su-pham-vat-ly,B00,Điểm thi THPT,2021,19.0,Sư Phạm Vật lý
154715,TDV,su-pham-vat-ly,A00,Điểm học bạ,2022,26.0,Sư phạm Vật lý
154716,TDV,su-pham-vat-ly,A01,Điểm học bạ,2022,26.0,Sư phạm Vật lý
154717,TDV,su-pham-vat-ly,B00,Điểm học bạ,2022,26.0,Sư phạm Vật lý
154718,TDV,su-pham-vat-ly,D07,Điểm học bạ,2022,26.0,Sư phạm Vật lý
154719,TDV,su-pham-vat-ly,A00,Điểm thi THPT,2022,22.5,Sư phạm Vật lý
154720,TDV,su-pham-vat-ly,A01,Điểm thi THPT,2022,22.5,Sư phạm Vật lý
154721,TDV,su-pham-vat-ly,B00,Điểm thi THPT,2022,22.5,Sư phạm Vật lý
154722,TDV,su-pham-vat-ly,D07,Điểm thi THPT,2022,22.5,Sư phạm Vật lý
154723,TDV,su-pham-vat-ly,A00,Điểm học bạ,2023,28.65,Sư phạm Vật lý
154724,TDV,su-pham-vat-ly,A01,Điểm học bạ,2023,28.65,Sư phạm Vật lý
154725,TDV,su-pham-vat-ly,B00,Điểm học bạ,2023,28.65,Sư phạm Vật lý
154726,TDV,su-pham-vat-ly,D07,Điểm học bạ,2023,28.65,Sư phạm Vật lý
154727,TDV,su-pham-vat-ly,A00,Điểm thi THPT,2023,24.4,Sư phạm Vật lý
154728,TDV,su-pham-vat-ly,A01,Điểm thi THPT,2023,24.4,Sư phạm Vật lý
154729,TDV,su-pham-vat-ly,B00,Điểm thi THPT,2023,24.4,Sư phạm Vật lý
154730,TDV,su-pham-vat-ly,D07,Điểm thi THPT,2023,24.4,Sư phạm Vật lý
154731,TDV,su-pham-vat-ly,A00,Điểm thi THPT,2024,25.9,Sư phạm Vật lý
154732,TDV,su-pham-vat-ly,A01,Điểm thi THPT,2024,25.9,Sư phạm Vật lý
154733,TDV,su-pham-vat-ly,B00,Điểm thi THPT,2024,25.9,Sư phạm Vật lý
154734,TDV,su-pham-vat-ly,D07,Điểm thi THPT,2024,25.9,Sư phạm Vật lý
154735,TDV,su-pham-vat-ly,A00,Điểm thi THPT,2025,26.5,Sư phạm Vật lý
154736,TDV,su-pham-vat-ly,A01,Điểm thi THPT,2025,25.5,Sư phạm Vật lý
154737,TDV,su-pham-vat-ly,A02,Điểm thi THPT,2025,26.0,Sư phạm Vật lý
154738,TDV,su-pham-vat-ly,C01,Điểm thi THPT,2025,26.5,Sư phạm Vật lý
154739,TDV,tai-chinh-doanh-nghiep-chuyen-nganh-ngan-hang-thuong-mai,A00,Điểm học bạ,2024,23.0,Tài chính ngân hàng (Chuyên ngành Tài chính doanh nghiệp; chuyên ngành Ngân hàng thương mại)
154740,TDV,tai-chinh-doanh-nghiep-chuyen-nganh-ngan-hang-thuong-mai,A01,Điểm học bạ,2024,23.0,Tài chính ngân hàng (Chuyên ngành Tài chính doanh nghiệp; chuyên ngành Ngân hàng thương mại)
154741,TDV,tai-chinh-doanh-nghiep-chuyen-nganh-ngan-hang-thuong-mai,D01,Điểm học bạ,2024,23.0,Tài chính ngân hàng (Chuyên ngành Tài chính doanh nghiệp; chuyên ngành Ngân hàng thương mại)
154742,TDV,tai-chinh-doanh-nghiep-chuyen-nganh-ngan-hang-thuong-mai,D07,Điểm học bạ,2024,23.0,Tài chính ngân hàng (Chuyên ngành Tài chính doanh nghiệp; chuyên ngành Ngân hàng thương mại)
154743,TDV,tai-chinh-doanh-nghiep-chuyen-nganh-ngan-hang-thuong-mai,A00,Điểm thi THPT,2024,18.5,Tài chính ngân hàng (Chuyên ngành Tài chính doanh nghiệp; chuyên ngành Ngân hàng thương mại)
154744,TDV,tai-chinh-doanh-nghiep-chuyen-nganh-ngan-hang-thuong-mai,A01,Điểm thi THPT,2024,18.5,Tài chính ngân hàng (Chuyên ngành Tài chính doanh nghiệp; chuyên ngành Ngân hàng thương mại)
154745,TDV,tai-chinh-doanh-nghiep-chuyen-nganh-ngan-hang-thuong-mai,D01,Điểm thi THPT,2024,18.5,Tài chính ngân hàng (Chuyên ngành Tài chính doanh nghiệp; chuyên ngành Ngân hàng thương mại)
154746,TDV,tai-chinh-doanh-nghiep-chuyen-nganh-ngan-hang-thuong-mai,D07,Điểm thi THPT,2024,18.5,Tài chính ngân hàng (Chuyên ngành Tài chính doanh nghiệp; chuyên ngành Ngân hàng thương mại)
154747,TDV,tai-chinh-ngan-hang,A00,Điểm thi THPT,2021,17.0,Tài chính ngân hàng
154748,TDV,tai-chinh-ngan-hang,A01,Điểm thi THPT,2021,17.0,Tài chính ngân hàng
154749,TDV,tai-chinh-ngan-hang,D01,Điểm thi THPT,2021,17.0,Tài chính ngân hàng
154750,TDV,tai-chinh-ngan-hang,D07,Điểm thi THPT,2021,17.0,Tài chính ngân hàng
154751,TDV,tai-chinh-ngan-hang,A00,Điểm học bạ,2022,18.0,Tài chính - Ngân hàng
154752,TDV,tai-chinh-ngan-hang,A01,Điểm học bạ,2022,18.0,Tài chính - Ngân hàng
154753,TDV,tai-chinh-ngan-hang,D01,Điểm học bạ,2022,18.0,Tài chính - Ngân hàng
154754,TDV,tai-chinh-ngan-hang,D07,Điểm học bạ,2022,18.0,Tài chính - Ngân hàng
154755,TDV,tai-chinh-ngan-hang,A00,Điểm thi THPT,2022,18.0,Tài chính - Ngân hàng
154756,TDV,tai-chinh-ngan-hang,A01,Điểm thi THPT,2022,18.0,Tài chính - Ngân hàng
154757,TDV,tai-chinh-ngan-hang,D01,Điểm thi THPT,2022,18.0,Tài chính - Ngân hàng
154758,TDV,tai-chinh-ngan-hang,D07,Điểm thi THPT,2022,18.0,Tài chính - Ngân hàng
154759,TDV,tai-chinh-ngan-hang,A00,Điểm học bạ,2023,22.0,Tài chính - Ngân hàng
154760,TDV,tai-chinh-ngan-hang,A01,Điểm học bạ,2023,22.0,Tài chính - Ngân hàng
154761,TDV,tai-chinh-ngan-hang,D01,Điểm học bạ,2023,22.0,Tài chính - Ngân hàng
154762,TDV,tai-chinh-ngan-hang,D07,Điểm học bạ,2023,22.0,Tài chính - Ngân hàng
154763,TDV,tai-chinh-ngan-hang,A00,Điểm thi THPT,2023,19.0,Tài chính - Ngân hàng
154764,TDV,tai-chinh-ngan-hang,A01,Điểm thi THPT,2023,19.0,Tài chính - Ngân hàng
154765,TDV,tai-chinh-ngan-hang,D01,Điểm thi THPT,2023,19.0,Tài chính - Ngân hàng
154766,TDV,tai-chinh-ngan-hang,D07,Điểm thi THPT,2023,19.0,Tài chính - Ngân hàng
154767,TDV,tai-chinh-ngan-hang,A00,Điểm học bạ,2025,23.0,Tài chính - Ngân hàng (chuyên ngành: Tài chính doanh nghiệp và Ngân hàng thương mại)
154768,TDV,tai-chinh-ngan-hang,A01,Điểm học bạ,2025,23.0,Tài chính - Ngân hàng (chuyên ngành: Tài chính doanh nghiệp và Ngân hàng thương mại)
154769,TDV,tai-chinh-ngan-hang,C01,Điểm học bạ,2025,23.0,Tài chính - Ngân hàng (chuyên ngành: Tài chính doanh nghiệp và Ngân hàng thương mại)
154770,TDV,tai-chinh-ngan-hang,D01,Điểm học bạ,2025,23.0,Tài chính - Ngân hàng (chuyên ngành: Tài chính doanh nghiệp và Ngân hàng thương mại)
154771,TDV,tai-chinh-ngan-hang,A00,Điểm thi THPT,2025,20.0,Tài chính - Ngân hàng (chuyên ngành: Tài chính doanh nghiệp và Ngân hàng thương mại)
154772,TDV,tai-chinh-ngan-hang,A01,Điểm thi THPT,2025,20.0,Tài chính - Ngân hàng (chuyên ngành: Tài chính doanh nghiệp và Ngân hàng thương mại)
154773,TDV,tai-chinh-ngan-hang,C01,Điểm thi THPT,2025,20.0,Tài chính - Ngân hàng (chuyên ngành: Tài chính doanh nghiệp và Ngân hàng thương mại)
154774,TDV,tai-chinh-ngan-hang,D01,Điểm thi THPT,2025,20.0,Tài chính - Ngân hàng (chuyên ngành: Tài chính doanh nghiệp và Ngân hàng thương mại)
154775,TDV,tam-ly-hoc-giao-duc,A00,Điểm học bạ,2024,23.5,Tâm lý học giáo dục
154776,TDV,tam-ly-hoc-giao-duc,A01,Điểm học bạ,2024,23.5,Tâm lý học giáo dục
154777,TDV,tam-ly-hoc-giao-duc,C00,Điểm học bạ,2024,23.5,Tâm lý học giáo dục
154778,TDV,tam-ly-hoc-giao-duc,D01,Điểm học bạ,2024,23.5,Tâm lý học giáo dục
154779,TDV,tam-ly-hoc-giao-duc,A00,Điểm thi THPT,2024,22.0,Tâm lý học giáo dục
154780,TDV,tam-ly-hoc-giao-duc,A01,Điểm thi THPT,2024,22.0,Tâm lý học giáo dục
154781,TDV,tam-ly-hoc-giao-duc,C00,Điểm thi THPT,2024,22.0,Tâm lý học giáo dục
154782,TDV,tam-ly-hoc-giao-duc,D01,Điểm thi THPT,2024,22.0,Tâm lý học giáo dục
154783,TDV,tam-ly-hoc-giao-duc,B03,Điểm học bạ,2025,27.0,Tâm lý học giáo dục
154784,TDV,tam-ly-hoc-giao-duc,C00,Điểm học bạ,2025,27.0,Tâm lý học giáo dục
154785,TDV,tam-ly-hoc-giao-duc,C19,Điểm học bạ,2025,27.0,Tâm lý học giáo dục
154786,TDV,tam-ly-hoc-giao-duc,D01,Điểm học bạ,2025,27.0,Tâm lý học giáo dục
154787,TDV,tam-ly-hoc-giao-duc,B03,Điểm thi THPT,2025,24.5,Tâm lý học giáo dục
154788,TDV,tam-ly-hoc-giao-duc,C00,Điểm thi THPT,2025,25.5,Tâm lý học giáo dục
154789,TDV,tam-ly-hoc-giao-duc,C19,Điểm thi THPT,2025,25.5,Tâm lý học giáo dục
154790,TDV,tam-ly-hoc-giao-duc,D01,Điểm thi THPT,2025,24.0,Tâm lý học giáo dục
154791,TDV,thiet-ke-vi-mach,B03,Điểm học bạ,2025,21.0,Công nghệ kỹ thuật điện tử - viễn thông (Chuyên ngành Thiết kế vi mạch)
154792,TDV,thiet-ke-vi-mach,C01,Điểm học bạ,2025,21.0,Công nghệ kỹ thuật điện tử - viễn thông (Chuyên ngành Thiết kế vi mạch)
154793,TDV,thiet-ke-vi-mach,C02,Điểm học bạ,2025,21.0,Công nghệ kỹ thuật điện tử - viễn thông (Chuyên ngành Thiết kế vi mạch)
154794,TDV,thiet-ke-vi-mach,D01,Điểm học bạ,2025,21.0,Công nghệ kỹ thuật điện tử - viễn thông (Chuyên ngành Thiết kế vi mạch)
154795,TDV,thiet-ke-vi-mach,B03,Điểm thi THPT,2025,18.0,Công nghệ kỹ thuật điện tử - viễn thông (Chuyên ngành Thiết kế vi mạch)
154796,TDV,thiet-ke-vi-mach,C01,Điểm thi THPT,2025,18.0,Công nghệ kỹ thuật điện tử - viễn thông (Chuyên ngành Thiết kế vi mạch)
154797,TDV,thiet-ke-vi-mach,C02,Điểm thi THPT,2025,18.0,Công nghệ kỹ thuật điện tử - viễn thông (Chuyên ngành Thiết kế vi mạch)
154798,TDV,thiet-ke-vi-mach,D01,Điểm thi THPT,2025,18.0,Công nghệ kỹ thuật điện tử - viễn thông (Chuyên ngành Thiết kế vi mạch)
154799,TDV,thu-y,A00,Điểm học bạ,2024,21.0,Thú y
154800,TDV,thu-y,B00,Điểm học bạ,2024,21.0,Thú y
154801,TDV,thu-y,B08,Điểm học bạ,2024,21.0,Thú y
154802,TDV,thu-y,D01,Điểm học bạ,2024,21.0,Thú y
154803,TDV,thu-y,A00,Điểm thi THPT,2024,16.0,Thú y
154804,TDV,thu-y,B00,Điểm thi THPT,2024,16.0,Thú y
154805,TDV,thu-y,B08,Điểm thi THPT,2024,16.0,Thú y
154806,TDV,thu-y,D01,Điểm thi THPT,2024,16.0,Thú y
154807,TDV,thu-y,B00,Điểm học bạ,2025,20.0,Thú y
154808,TDV,thu-y,B04,Điểm học bạ,2025,20.0,Thú y
154809,TDV,thu-y,C03,Điểm học bạ,2025,20.0,Thú y
154810,TDV,thu-y,C14,Điểm học bạ,2025,20.0,Thú y
154811,TDV,thu-y,D01,Điểm học bạ,2025,20.0,Thú y
154812,TDV,thu-y,B00,Điểm thi THPT,2025,17.0,Thú y
154813,TDV,thu-y,B04,Điểm thi THPT,2025,17.0,Thú y
154814,TDV,thu-y,C03,Điểm thi THPT,2025,17.0,Thú y
154815,TDV,thu-y,C14,Điểm thi THPT,2025,17.0,Thú y
154816,TDV,thu-y,D01,Điểm thi THPT,2025,17.0,Thú y
154817,TDV,thuong-mai-dien-tu,A00,Điểm thi THPT,2021,17.0,Thương mại điện tử
154818,TDV,thuong-mai-dien-tu,A01,Điểm thi THPT,2021,17.0,Thương mại điện tử
154819,TDV,thuong-mai-dien-tu,D01,Điểm thi THPT,2021,17.0,Thương mại điện tử
154820,TDV,thuong-mai-dien-tu,D07,Điểm thi THPT,2021,17.0,Thương mại điện tử
154821,TDV,thuong-mai-dien-tu,A00,Điểm học bạ,2024,23.0,Thương mại điện tử
154822,TDV,thuong-mai-dien-tu,A01,Điểm học bạ,2024,23.0,Thương mại điện tử
154823,TDV,thuong-mai-dien-tu,D01,Điểm học bạ,2024,23.0,Thương mại điện tử
154824,TDV,thuong-mai-dien-tu,D07,Điểm học bạ,2024,23.0,Thương mại điện tử
154825,TDV,thuong-mai-dien-tu,A00,Điểm thi THPT,2024,18.5,Thương mại điện tử
154826,TDV,thuong-mai-dien-tu,A01,Điểm thi THPT,2024,18.5,Thương mại điện tử
154827,TDV,thuong-mai-dien-tu,D01,Điểm thi THPT,2024,18.5,Thương mại điện tử
154828,TDV,thuong-mai-dien-tu,D07,Điểm thi THPT,2024,18.5,Thương mại điện tử
154829,TDV,thuong-mai-dien-tu,A00,Điểm học bạ,2025,24.0,Thương mại điện tử
154830,TDV,thuong-mai-dien-tu,A01,Điểm học bạ,2025,24.0,Thương mại điện tử
154831,TDV,thuong-mai-dien-tu,C01,Điểm học bạ,2025,24.0,Thương mại điện tử
154832,TDV,thuong-mai-dien-tu,D01,Điểm học bạ,2025,24.0,Thương mại điện tử
154833,TDV,thuong-mai-dien-tu,A00,Điểm thi THPT,2025,21.0,Thương mại điện tử
154834,TDV,thuong-mai-dien-tu,A01,Điểm thi THPT,2025,21.0,Thương mại điện tử
154835,TDV,thuong-mai-dien-tu,C01,Điểm thi THPT,2025,21.0,Thương mại điện tử
154836,TDV,thuong-mai-dien-tu,D01,Điểm thi THPT,2025,21.0,Thương mại điện tử
154837,TDV,tri-tue-nhan-tao,A01,Điểm học bạ,2025,24.0,Công nghệ thông tin (Chuyên ngành Trí tuệ nhân tạo)
154838,TDV,tri-tue-nhan-tao,D07,Điểm học bạ,2025,24.0,Công nghệ thông tin (Chuyên ngành Trí tuệ nhân tạo)
154839,TDV,tri-tue-nhan-tao,D08,Điểm học bạ,2025,24.0,Công nghệ thông tin (Chuyên ngành Trí tuệ nhân tạo)
154840,TDV,tri-tue-nhan-tao,X26,Điểm học bạ,2025,24.0,Công nghệ thông tin (Chuyên ngành Trí tuệ nhân tạo)
154841,TDV,tri-tue-nhan-tao,A01,Điểm thi THPT,2025,21.0,Công nghệ thông tin (Chuyên ngành Trí tuệ nhân tạo)
154842,TDV,tri-tue-nhan-tao,D07,Điểm thi THPT,2025,21.0,Công nghệ thông tin (Chuyên ngành Trí tuệ nhân tạo)
154843,TDV,tri-tue-nhan-tao,D08,Điểm thi THPT,2025,21.0,Công nghệ thông tin (Chuyên ngành Trí tuệ nhân tạo)
154844,TDV,tri-tue-nhan-tao,X26,Điểm thi THPT,2025,21.0,Công nghệ thông tin (Chuyên ngành Trí tuệ nhân tạo)
154845,TDV,viet-nam-hoc,A00,Điểm thi THPT,2021,16.0,Việt Nam học
154846,TDV,viet-nam-hoc,A01,Điểm thi THPT,2021,16.0,Việt Nam học
154847,TDV,viet-nam-hoc,C00,Điểm thi THPT,2021,16.0,Việt Nam học
154848,TDV,viet-nam-hoc,D01,Điểm thi THPT,2021,16.0,Việt Nam học
154849,TGH,chi-huy-tham-muu-tang-thiet-giap,A00,Điểm thi THPT,2021,23.54,Chỉ huy tham mưu Tăng - Thiết giáp
154850,TGH,chi-huy-tham-muu-tang-thiet-giap,A01,Điểm thi THPT,2021,23.54,Chỉ huy tham mưu Tăng - Thiết giáp
154851,TGH,chi-huy-tham-muu-tang-thiet-giap,A00,Điểm thi THPT,2022,22.7,Chỉ huy tham mưu Tăng - Thiết giáp
154852,TGH,chi-huy-tham-muu-tang-thiet-giap,A01,Điểm thi THPT,2022,22.7,Chỉ huy tham mưu Tăng - Thiết giáp
154853,TGH,chi-huy-tham-muu-tang-thiet-giap,A00,Điểm thi THPT,2023,22.8,Ngành Chỉ huy tham mưu Tăng Thiết giáp
154854,TGH,chi-huy-tham-muu-tang-thiet-giap,A01,Điểm thi THPT,2023,22.8,Ngành Chỉ huy tham mưu Tăng Thiết giáp
154855,TGH,chi-huy-tham-muu-tang-thiet-giap,A00,Điểm học bạ,2024,23.98,Chỉ huy tham mưu Tăng Thiết giáp
154856,TGH,chi-huy-tham-muu-tang-thiet-giap,A01,Điểm học bạ,2024,23.98,Chỉ huy tham mưu Tăng Thiết giáp
154857,TGH,chi-huy-tham-muu-tang-thiet-giap,A00,Điểm thi THPT,2024,22.45,Ngành Chỉ huy tham mưu Tăng Thiết giáp
154858,TGH,chi-huy-tham-muu-tang-thiet-giap,A01,Điểm thi THPT,2024,22.45,Ngành Chỉ huy tham mưu Tăng Thiết giáp
154859,TGH,chi-huy-tham-muu-tang-thiet-giap,A00,Điểm thi THPT,2025,24.05,Chỉ huy tham mưu Tăng Thiết giáp (Thí sinh nam miền Bắc)
154860,TGH,chi-huy-tham-muu-tang-thiet-giap,A01,Điểm thi THPT,2025,24.05,Chỉ huy tham mưu Tăng Thiết giáp (Thí sinh nam miền Bắc)
154861,TGH,chi-huy-tham-muu-tang-thiet-giap,C01,Điểm thi THPT,2025,24.05,Chỉ huy tham mưu Tăng Thiết giáp (Thí sinh nam miền Bắc)
154862,THP,cong-nghe-che-tao-may,A00,Điểm học bạ,2021,17.0,Công nghệ chế tạo máy (Cơ khí chế tạo máy)
154863,THP,cong-nghe-che-tao-may,A01,Điểm học bạ,2021,17.0,Công nghệ chế tạo máy (Cơ khí chế tạo máy)
154864,THP,cong-nghe-che-tao-may,C01,Điểm học bạ,2021,17.0,Công nghệ chế tạo máy (Cơ khí chế tạo máy)
154865,THP,cong-nghe-che-tao-may,D01,Điểm học bạ,2021,17.0,Công nghệ chế tạo máy (Cơ khí chế tạo máy)
154866,THP,cong-nghe-che-tao-may,A00,Điểm thi THPT,2021,14.0,Công nghệ chế tạo máy (Cơ khí chế tạo máy)
154867,THP,cong-nghe-che-tao-may,A01,Điểm thi THPT,2021,14.0,Công nghệ chế tạo máy (Cơ khí chế tạo máy)
154868,THP,cong-nghe-che-tao-may,C01,Điểm thi THPT,2021,14.0,Công nghệ chế tạo máy (Cơ khí chế tạo máy)
154869,THP,cong-nghe-che-tao-may,D01,Điểm thi THPT,2021,14.0,Công nghệ chế tạo máy (Cơ khí chế tạo máy)
154870,THP,cong-nghe-che-tao-may,A00,Điểm học bạ,2022,17.0,Công nghệ chế tạo máy
154871,THP,cong-nghe-che-tao-may,A01,Điểm học bạ,2022,17.0,Công nghệ chế tạo máy
154872,THP,cong-nghe-che-tao-may,C01,Điểm học bạ,2022,17.0,Công nghệ chế tạo máy
154873,THP,cong-nghe-che-tao-may,D01,Điểm học bạ,2022,17.0,Công nghệ chế tạo máy
154874,THP,cong-nghe-che-tao-may,A00,Điểm thi THPT,2022,14.0,Công nghệ chế tạo máy
154875,THP,cong-nghe-che-tao-may,A01,Điểm thi THPT,2022,14.0,Công nghệ chế tạo máy
154876,THP,cong-nghe-che-tao-may,C01,Điểm thi THPT,2022,14.0,Công nghệ chế tạo máy
154877,THP,cong-nghe-che-tao-may,D01,Điểm thi THPT,2022,14.0,Công nghệ chế tạo máy
154878,THP,cong-nghe-che-tao-may,A00,Điểm học bạ,2023,16.5,Công nghệ chế tạo máy
154879,THP,cong-nghe-che-tao-may,A01,Điểm học bạ,2023,16.5,Công nghệ chế tạo máy
154880,THP,cong-nghe-che-tao-may,C01,Điểm học bạ,2023,16.5,Công nghệ chế tạo máy
154881,THP,cong-nghe-che-tao-may,D01,Điểm học bạ,2023,16.5,Công nghệ chế tạo máy
154882,THP,cong-nghe-che-tao-may,A00,Điểm thi THPT,2023,15.0,Công nghệ chế tạo máy
154883,THP,cong-nghe-che-tao-may,A01,Điểm thi THPT,2023,15.0,Công nghệ chế tạo máy
154884,THP,cong-nghe-che-tao-may,C01,Điểm thi THPT,2023,15.0,Công nghệ chế tạo máy
154885,THP,cong-nghe-che-tao-may,D01,Điểm thi THPT,2023,15.0,Công nghệ chế tạo máy
154886,THP,cong-nghe-che-tao-may,A00,Điểm học bạ,2024,21.0,Công nghệ chế tạo máy
154887,THP,cong-nghe-che-tao-may,A01,Điểm học bạ,2024,21.0,Công nghệ chế tạo máy
154888,THP,cong-nghe-che-tao-may,C01,Điểm học bạ,2024,21.0,Công nghệ chế tạo máy
154889,THP,cong-nghe-che-tao-may,D01,Điểm học bạ,2024,21.0,Công nghệ chế tạo máy
154890,THP,cong-nghe-che-tao-may,A00,Điểm thi THPT,2024,17.0,Công nghệ chế tạo máy
154891,THP,cong-nghe-che-tao-may,A01,Điểm thi THPT,2024,17.0,Công nghệ chế tạo máy
154892,THP,cong-nghe-che-tao-may,C01,Điểm thi THPT,2024,17.0,Công nghệ chế tạo máy
154893,THP,cong-nghe-che-tao-may,D01,Điểm thi THPT,2024,17.0,Công nghệ chế tạo máy
154894,THP,cong-nghe-che-tao-may,A00,Điểm học bạ,2025,18.5,Công nghệ chế tạo máy
154895,THP,cong-nghe-che-tao-may,A01,Điểm học bạ,2025,18.5,Công nghệ chế tạo máy
154896,THP,cong-nghe-che-tao-may,C01,Điểm học bạ,2025,18.5,Công nghệ chế tạo máy
154897,THP,cong-nghe-che-tao-may,C02,Điểm học bạ,2025,18.5,Công nghệ chế tạo máy
154898,THP,cong-nghe-che-tao-may,D01,Điểm học bạ,2025,18.5,Công nghệ chế tạo máy
154899,THP,cong-nghe-che-tao-may,A00,Điểm thi THPT,2025,18.5,Công nghệ chế tạo máy
154900,THP,cong-nghe-che-tao-may,A01,Điểm thi THPT,2025,18.5,Công nghệ chế tạo máy
154901,THP,cong-nghe-che-tao-may,C01,Điểm thi THPT,2025,18.5,Công nghệ chế tạo máy
154902,THP,cong-nghe-che-tao-may,C02,Điểm thi THPT,2025,18.5,Công nghệ chế tạo máy
154903,THP,cong-nghe-che-tao-may,D01,Điểm thi THPT,2025,18.5,Công nghệ chế tạo máy
154904,THP,cong-nghe-dien-tu-vi-mach-va-ban-dan,A00,Điểm học bạ,2025,19.25,"Công nghệ điện tử, vi mạch và bán dẫn (CLC)"
154905,THP,cong-nghe-dien-tu-vi-mach-va-ban-dan,A01,Điểm học bạ,2025,19.25,"Công nghệ điện tử, vi mạch và bán dẫn (CLC)"
154906,THP,cong-nghe-dien-tu-vi-mach-va-ban-dan,C01,Điểm học bạ,2025,19.25,"Công nghệ điện tử, vi mạch và bán dẫn (CLC)"
154907,THP,cong-nghe-dien-tu-vi-mach-va-ban-dan,C02,Điểm học bạ,2025,19.25,"Công nghệ điện tử, vi mạch và bán dẫn (CLC)"
154908,THP,cong-nghe-dien-tu-vi-mach-va-ban-dan,D01,Điểm học bạ,2025,19.25,"Công nghệ điện tử, vi mạch và bán dẫn (CLC)"
154909,THP,cong-nghe-dien-tu-vi-mach-va-ban-dan,A00,Điểm thi THPT,2025,19.25,"Công nghệ điện tử, vi mạch và bán dẫn (CLC)"
154910,THP,cong-nghe-dien-tu-vi-mach-va-ban-dan,A01,Điểm thi THPT,2025,19.25,"Công nghệ điện tử, vi mạch và bán dẫn (CLC)"
154911,THP,cong-nghe-dien-tu-vi-mach-va-ban-dan,C01,Điểm thi THPT,2025,19.25,"Công nghệ điện tử, vi mạch và bán dẫn (CLC)"
154912,THP,cong-nghe-dien-tu-vi-mach-va-ban-dan,C02,Điểm thi THPT,2025,19.25,"Công nghệ điện tử, vi mạch và bán dẫn (CLC)"
154913,THP,cong-nghe-dien-tu-vi-mach-va-ban-dan,D01,Điểm thi THPT,2025,19.25,"Công nghệ điện tử, vi mạch và bán dẫn (CLC)"
154914,THP,cong-nghe-ky-thuat-co-dien-tu,A00,Điểm học bạ,2021,17.0,Công nghệ kỹ thuật cơ điện tử
154915,THP,cong-nghe-ky-thuat-co-dien-tu,A01,Điểm học bạ,2021,17.0,Công nghệ kỹ thuật cơ điện tử
154916,THP,cong-nghe-ky-thuat-co-dien-tu,C01,Điểm học bạ,2021,17.0,Công nghệ kỹ thuật cơ điện tử
154917,THP,cong-nghe-ky-thuat-co-dien-tu,D01,Điểm học bạ,2021,17.0,Công nghệ kỹ thuật cơ điện tử
154918,THP,cong-nghe-ky-thuat-co-dien-tu,A00,Điểm thi THPT,2021,14.0,Công nghệ kỹ thuật cơ điện tử
154919,THP,cong-nghe-ky-thuat-co-dien-tu,A01,Điểm thi THPT,2021,14.0,Công nghệ kỹ thuật cơ điện tử
154920,THP,cong-nghe-ky-thuat-co-dien-tu,C01,Điểm thi THPT,2021,14.0,Công nghệ kỹ thuật cơ điện tử
154921,THP,cong-nghe-ky-thuat-co-dien-tu,D01,Điểm thi THPT,2021,14.0,Công nghệ kỹ thuật cơ điện tử
154922,THP,cong-nghe-ky-thuat-co-dien-tu,A00,Điểm học bạ,2022,17.0,Công nghệ kỹ thuật cơ điện tử
154923,THP,cong-nghe-ky-thuat-co-dien-tu,A01,Điểm học bạ,2022,17.0,Công nghệ kỹ thuật cơ điện tử
154924,THP,cong-nghe-ky-thuat-co-dien-tu,C01,Điểm học bạ,2022,17.0,Công nghệ kỹ thuật cơ điện tử
154925,THP,cong-nghe-ky-thuat-co-dien-tu,D01,Điểm học bạ,2022,17.0,Công nghệ kỹ thuật cơ điện tử
154926,THP,cong-nghe-ky-thuat-co-dien-tu,A00,Điểm thi THPT,2022,14.0,Công nghệ kỹ thuật cơ điện tử
154927,THP,cong-nghe-ky-thuat-co-dien-tu,A01,Điểm thi THPT,2022,14.0,Công nghệ kỹ thuật cơ điện tử
154928,THP,cong-nghe-ky-thuat-co-dien-tu,C01,Điểm thi THPT,2022,14.0,Công nghệ kỹ thuật cơ điện tử
154929,THP,cong-nghe-ky-thuat-co-dien-tu,D01,Điểm thi THPT,2022,14.0,Công nghệ kỹ thuật cơ điện tử
154930,THP,cong-nghe-ky-thuat-co-dien-tu,A00,Điểm học bạ,2023,16.5,Công nghệ kỹ thuật cơ điện tử
154931,THP,cong-nghe-ky-thuat-co-dien-tu,A01,Điểm học bạ,2023,16.5,Công nghệ kỹ thuật cơ điện tử
154932,THP,cong-nghe-ky-thuat-co-dien-tu,C01,Điểm học bạ,2023,16.5,Công nghệ kỹ thuật cơ điện tử
154933,THP,cong-nghe-ky-thuat-co-dien-tu,D01,Điểm học bạ,2023,16.5,Công nghệ kỹ thuật cơ điện tử
154934,THP,cong-nghe-ky-thuat-co-dien-tu,A00,Điểm thi THPT,2023,15.0,Công nghệ kỹ thuật cơ điện tử
154935,THP,cong-nghe-ky-thuat-co-dien-tu,A01,Điểm thi THPT,2023,15.0,Công nghệ kỹ thuật cơ điện tử
154936,THP,cong-nghe-ky-thuat-co-dien-tu,C01,Điểm thi THPT,2023,15.0,Công nghệ kỹ thuật cơ điện tử
154937,THP,cong-nghe-ky-thuat-co-dien-tu,D01,Điểm thi THPT,2023,15.0,Công nghệ kỹ thuật cơ điện tử
154938,THP,cong-nghe-ky-thuat-co-dien-tu,A00,Điểm học bạ,2024,22.0,Công nghệ kỹ thuật cơ điện tử
154939,THP,cong-nghe-ky-thuat-co-dien-tu,A01,Điểm học bạ,2024,22.0,Công nghệ kỹ thuật cơ điện tử
154940,THP,cong-nghe-ky-thuat-co-dien-tu,C01,Điểm học bạ,2024,22.0,Công nghệ kỹ thuật cơ điện tử
154941,THP,cong-nghe-ky-thuat-co-dien-tu,D01,Điểm học bạ,2024,22.0,Công nghệ kỹ thuật cơ điện tử
154942,THP,cong-nghe-ky-thuat-co-dien-tu,A00,Điểm thi THPT,2024,18.0,Công nghệ kỹ thuật cơ điện tử
154943,THP,cong-nghe-ky-thuat-co-dien-tu,A01,Điểm thi THPT,2024,18.0,Công nghệ kỹ thuật cơ điện tử
154944,THP,cong-nghe-ky-thuat-co-dien-tu,C01,Điểm thi THPT,2024,18.0,Công nghệ kỹ thuật cơ điện tử
154945,THP,cong-nghe-ky-thuat-co-dien-tu,D01,Điểm thi THPT,2024,18.0,Công nghệ kỹ thuật cơ điện tử
154946,THP,cong-nghe-ky-thuat-co-dien-tu,A00,Điểm học bạ,2025,19.25,Công nghệ kỹ thuật cơ điện tử
154947,THP,cong-nghe-ky-thuat-co-dien-tu,A01,Điểm học bạ,2025,19.25,Công nghệ kỹ thuật cơ điện tử
154948,THP,cong-nghe-ky-thuat-co-dien-tu,C01,Điểm học bạ,2025,19.25,Công nghệ kỹ thuật cơ điện tử
154949,THP,cong-nghe-ky-thuat-co-dien-tu,C02,Điểm học bạ,2025,19.25,Công nghệ kỹ thuật cơ điện tử
154950,THP,cong-nghe-ky-thuat-co-dien-tu,D01,Điểm học bạ,2025,19.25,Công nghệ kỹ thuật cơ điện tử
154951,THP,cong-nghe-ky-thuat-co-dien-tu,A00,Điểm thi THPT,2025,19.25,Công nghệ kỹ thuật cơ điện tử
154952,THP,cong-nghe-ky-thuat-co-dien-tu,A01,Điểm thi THPT,2025,19.25,Công nghệ kỹ thuật cơ điện tử
154953,THP,cong-nghe-ky-thuat-co-dien-tu,C01,Điểm thi THPT,2025,19.25,Công nghệ kỹ thuật cơ điện tử
154954,THP,cong-nghe-ky-thuat-co-dien-tu,C02,Điểm thi THPT,2025,19.25,Công nghệ kỹ thuật cơ điện tử
154955,THP,cong-nghe-ky-thuat-co-dien-tu,D01,Điểm thi THPT,2025,19.25,Công nghệ kỹ thuật cơ điện tử
154956,THP,cong-nghe-ky-thuat-dien-dien-tu,A00,Điểm học bạ,2021,17.0,"Công nghệ kỹ thuật điện, Điện tử"
154957,THP,cong-nghe-ky-thuat-dien-dien-tu,A01,Điểm học bạ,2021,17.0,"Công nghệ kỹ thuật điện, Điện tử"
154958,THP,cong-nghe-ky-thuat-dien-dien-tu,C01,Điểm học bạ,2021,17.0,"Công nghệ kỹ thuật điện, Điện tử"
154959,THP,cong-nghe-ky-thuat-dien-dien-tu,D01,Điểm học bạ,2021,17.0,"Công nghệ kỹ thuật điện, Điện tử"
154960,THP,cong-nghe-ky-thuat-dien-dien-tu,A00,Điểm thi THPT,2021,14.0,"Công nghệ kỹ thuật điện, Điện tử"
154961,THP,cong-nghe-ky-thuat-dien-dien-tu,A01,Điểm thi THPT,2021,14.0,"Công nghệ kỹ thuật điện, Điện tử"
154962,THP,cong-nghe-ky-thuat-dien-dien-tu,C01,Điểm thi THPT,2021,14.0,"Công nghệ kỹ thuật điện, Điện tử"
154963,THP,cong-nghe-ky-thuat-dien-dien-tu,D01,Điểm thi THPT,2021,14.0,"Công nghệ kỹ thuật điện, Điện tử"
154964,THP,cong-nghe-ky-thuat-dien-dien-tu,A00,Điểm học bạ,2022,20.0,"Công nghệ kỹ thuật điện, Điện tử"
154965,THP,cong-nghe-ky-thuat-dien-dien-tu,A01,Điểm học bạ,2022,20.0,"Công nghệ kỹ thuật điện, Điện tử"
154966,THP,cong-nghe-ky-thuat-dien-dien-tu,C01,Điểm học bạ,2022,20.0,"Công nghệ kỹ thuật điện, Điện tử"
154967,THP,cong-nghe-ky-thuat-dien-dien-tu,D01,Điểm học bạ,2022,20.0,"Công nghệ kỹ thuật điện, Điện tử"
154968,THP,cong-nghe-ky-thuat-dien-dien-tu,A00,Điểm thi THPT,2022,15.0,"Công nghệ kỹ thuật điện, Điện tử"
154969,THP,cong-nghe-ky-thuat-dien-dien-tu,A01,Điểm thi THPT,2022,15.0,"Công nghệ kỹ thuật điện, Điện tử"
154970,THP,cong-nghe-ky-thuat-dien-dien-tu,C01,Điểm thi THPT,2022,15.0,"Công nghệ kỹ thuật điện, Điện tử"
154971,THP,cong-nghe-ky-thuat-dien-dien-tu,D01,Điểm thi THPT,2022,15.0,"Công nghệ kỹ thuật điện, Điện tử"
154972,THP,cong-nghe-ky-thuat-dien-dien-tu,A00,Điểm học bạ,2023,20.0,"Công nghệ kỹ thuật điện, điện tử"
154973,THP,cong-nghe-ky-thuat-dien-dien-tu,A01,Điểm học bạ,2023,20.0,"Công nghệ kỹ thuật điện, điện tử"
154974,THP,cong-nghe-ky-thuat-dien-dien-tu,C01,Điểm học bạ,2023,20.0,"Công nghệ kỹ thuật điện, điện tử"
154975,THP,cong-nghe-ky-thuat-dien-dien-tu,D01,Điểm học bạ,2023,20.0,"Công nghệ kỹ thuật điện, điện tử"
154976,THP,cong-nghe-ky-thuat-dien-dien-tu,A00,Điểm thi THPT,2023,16.0,"Công nghệ kỹ thuật điện, điện tử"
154977,THP,cong-nghe-ky-thuat-dien-dien-tu,A01,Điểm thi THPT,2023,16.0,"Công nghệ kỹ thuật điện, điện tử"
154978,THP,cong-nghe-ky-thuat-dien-dien-tu,C01,Điểm thi THPT,2023,16.0,"Công nghệ kỹ thuật điện, điện tử"
154979,THP,cong-nghe-ky-thuat-dien-dien-tu,D01,Điểm thi THPT,2023,16.0,"Công nghệ kỹ thuật điện, điện tử"
154980,THP,cong-nghe-ky-thuat-dien-dien-tu,A00,Điểm học bạ,2024,22.0,"Công nghệ kỹ thuật điện, điện tử"
154981,THP,cong-nghe-ky-thuat-dien-dien-tu,A01,Điểm học bạ,2024,22.0,"Công nghệ kỹ thuật điện, điện tử"
154982,THP,cong-nghe-ky-thuat-dien-dien-tu,A16,Điểm học bạ,2024,22.0,"Công nghệ kỹ thuật điện, điện tử"
154983,THP,cong-nghe-ky-thuat-dien-dien-tu,C01,Điểm học bạ,2024,22.0,"Công nghệ kỹ thuật điện, điện tử"
154984,THP,cong-nghe-ky-thuat-dien-dien-tu,A00,Điểm thi THPT,2024,18.0,"Công nghệ kỹ thuật điện, điện tử"
154985,THP,cong-nghe-ky-thuat-dien-dien-tu,A01,Điểm thi THPT,2024,18.0,"Công nghệ kỹ thuật điện, điện tử"
154986,THP,cong-nghe-ky-thuat-dien-dien-tu,A16,Điểm thi THPT,2024,18.0,"Công nghệ kỹ thuật điện, điện tử"
154987,THP,cong-nghe-ky-thuat-dien-dien-tu,C01,Điểm thi THPT,2024,18.0,"Công nghệ kỹ thuật điện, điện tử"
154988,THP,cong-nghe-ky-thuat-dieu-khien-va-tu-dong-hoa,A00,Điểm học bạ,2021,17.0,Công nghệ kỹ thuật điều khiển và tự động hóa
154989,THP,cong-nghe-ky-thuat-dieu-khien-va-tu-dong-hoa,A01,Điểm học bạ,2021,17.0,Công nghệ kỹ thuật điều khiển và tự động hóa
154990,THP,cong-nghe-ky-thuat-dieu-khien-va-tu-dong-hoa,C01,Điểm học bạ,2021,17.0,Công nghệ kỹ thuật điều khiển và tự động hóa
154991,THP,cong-nghe-ky-thuat-dieu-khien-va-tu-dong-hoa,D01,Điểm học bạ,2021,17.0,Công nghệ kỹ thuật điều khiển và tự động hóa
154992,THP,cong-nghe-ky-thuat-dieu-khien-va-tu-dong-hoa,A00,Điểm thi THPT,2021,14.0,Công nghệ kỹ thuật điều khiển và tự động hóa
154993,THP,cong-nghe-ky-thuat-dieu-khien-va-tu-dong-hoa,A01,Điểm thi THPT,2021,14.0,Công nghệ kỹ thuật điều khiển và tự động hóa
154994,THP,cong-nghe-ky-thuat-dieu-khien-va-tu-dong-hoa,C01,Điểm thi THPT,2021,14.0,Công nghệ kỹ thuật điều khiển và tự động hóa
154995,THP,cong-nghe-ky-thuat-dieu-khien-va-tu-dong-hoa,D01,Điểm thi THPT,2021,14.0,Công nghệ kỹ thuật điều khiển và tự động hóa
154996,THP,cong-nghe-ky-thuat-dieu-khien-va-tu-dong-hoa,A00,Điểm học bạ,2022,20.0,Công nghệ kỹ thuật điều khiển và tự động hóa
154997,THP,cong-nghe-ky-thuat-dieu-khien-va-tu-dong-hoa,A01,Điểm học bạ,2022,20.0,Công nghệ kỹ thuật điều khiển và tự động hóa
154998,THP,cong-nghe-ky-thuat-dieu-khien-va-tu-dong-hoa,C01,Điểm học bạ,2022,20.0,Công nghệ kỹ thuật điều khiển và tự động hóa
154999,THP,cong-nghe-ky-thuat-dieu-khien-va-tu-dong-hoa,D01,Điểm học bạ,2022,20.0,Công nghệ kỹ thuật điều khiển và tự động hóa
155000,THP,cong-nghe-ky-thuat-dieu-khien-va-tu-dong-hoa,A00,Điểm thi THPT,2022,15.0,Công nghệ kỹ thuật điều khiển và tự động hóa
155001,THP,cong-nghe-ky-thuat-dieu-khien-va-tu-dong-hoa,A01,Điểm thi THPT,2022,15.0,Công nghệ kỹ thuật điều khiển và tự động hóa
155002,THP,cong-nghe-ky-thuat-dieu-khien-va-tu-dong-hoa,C01,Điểm thi THPT,2022,15.0,Công nghệ kỹ thuật điều khiển và tự động hóa
155003,THP,cong-nghe-ky-thuat-dieu-khien-va-tu-dong-hoa,D01,Điểm thi THPT,2022,15.0,Công nghệ kỹ thuật điều khiển và tự động hóa
155004,THP,cong-nghe-ky-thuat-dieu-khien-va-tu-dong-hoa,A00,Điểm học bạ,2023,20.0,Công nghệ kỹ thuật điều khiển và tự động hóa
155005,THP,cong-nghe-ky-thuat-dieu-khien-va-tu-dong-hoa,A01,Điểm học bạ,2023,20.0,Công nghệ kỹ thuật điều khiển và tự động hóa
155006,THP,cong-nghe-ky-thuat-dieu-khien-va-tu-dong-hoa,C01,Điểm học bạ,2023,20.0,Công nghệ kỹ thuật điều khiển và tự động hóa
155007,THP,cong-nghe-ky-thuat-dieu-khien-va-tu-dong-hoa,D01,Điểm học bạ,2023,20.0,Công nghệ kỹ thuật điều khiển và tự động hóa
155008,THP,cong-nghe-ky-thuat-dieu-khien-va-tu-dong-hoa,A00,Điểm thi THPT,2023,16.0,Công nghệ kỹ thuật điều khiển và tự động hóa
155009,THP,cong-nghe-ky-thuat-dieu-khien-va-tu-dong-hoa,A01,Điểm thi THPT,2023,16.0,Công nghệ kỹ thuật điều khiển và tự động hóa
155010,THP,cong-nghe-ky-thuat-dieu-khien-va-tu-dong-hoa,C01,Điểm thi THPT,2023,16.0,Công nghệ kỹ thuật điều khiển và tự động hóa
155011,THP,cong-nghe-ky-thuat-dieu-khien-va-tu-dong-hoa,D01,Điểm thi THPT,2023,16.0,Công nghệ kỹ thuật điều khiển và tự động hóa
155012,THP,cong-nghe-ky-thuat-dieu-khien-va-tu-dong-hoa,A00,Điểm học bạ,2024,21.0,Công nghệ kỹ thuật điều khiển và tự động hóa
155013,THP,cong-nghe-ky-thuat-dieu-khien-va-tu-dong-hoa,A01,Điểm học bạ,2024,21.0,Công nghệ kỹ thuật điều khiển và tự động hóa
155014,THP,cong-nghe-ky-thuat-dieu-khien-va-tu-dong-hoa,A16,Điểm học bạ,2024,21.0,Công nghệ kỹ thuật điều khiển và tự động hóa
155015,THP,cong-nghe-ky-thuat-dieu-khien-va-tu-dong-hoa,C01,Điểm học bạ,2024,21.0,Công nghệ kỹ thuật điều khiển và tự động hóa
155016,THP,cong-nghe-ky-thuat-dieu-khien-va-tu-dong-hoa,A00,Điểm thi THPT,2024,17.0,Công nghệ kỹ thuật điều khiển và tự động hóa
155017,THP,cong-nghe-ky-thuat-dieu-khien-va-tu-dong-hoa,A01,Điểm thi THPT,2024,17.0,Công nghệ kỹ thuật điều khiển và tự động hóa
155018,THP,cong-nghe-ky-thuat-dieu-khien-va-tu-dong-hoa,A16,Điểm thi THPT,2024,17.0,Công nghệ kỹ thuật điều khiển và tự động hóa
155019,THP,cong-nghe-ky-thuat-dieu-khien-va-tu-dong-hoa,C01,Điểm thi THPT,2024,17.0,Công nghệ kỹ thuật điều khiển và tự động hóa
155020,THP,cong-nghe-ky-thuat-xay-dung,A00,Điểm học bạ,2021,17.0,Công nghệ kỹ thuật xây dựng (Kỹ sư Xây dựng dân dụng và công nghiệp)
155021,THP,cong-nghe-ky-thuat-xay-dung,A01,Điểm học bạ,2021,17.0,Công nghệ kỹ thuật xây dựng (Kỹ sư Xây dựng dân dụng và công nghiệp)
155022,THP,cong-nghe-ky-thuat-xay-dung,C01,Điểm học bạ,2021,17.0,Công nghệ kỹ thuật xây dựng (Kỹ sư Xây dựng dân dụng và công nghiệp)
155023,THP,cong-nghe-ky-thuat-xay-dung,D01,Điểm học bạ,2021,17.0,Công nghệ kỹ thuật xây dựng (Kỹ sư Xây dựng dân dụng và công nghiệp)
155024,THP,cong-nghe-ky-thuat-xay-dung,A00,Điểm thi THPT,2021,14.0,Công nghệ kỹ thuật xây dựng (Kỹ sư Xây dựng dân dụng và công nghiệp)
155025,THP,cong-nghe-ky-thuat-xay-dung,A01,Điểm thi THPT,2021,14.0,Công nghệ kỹ thuật xây dựng (Kỹ sư Xây dựng dân dụng và công nghiệp)
155026,THP,cong-nghe-ky-thuat-xay-dung,C01,Điểm thi THPT,2021,14.0,Công nghệ kỹ thuật xây dựng (Kỹ sư Xây dựng dân dụng và công nghiệp)
155027,THP,cong-nghe-ky-thuat-xay-dung,D01,Điểm thi THPT,2021,14.0,Công nghệ kỹ thuật xây dựng (Kỹ sư Xây dựng dân dụng và công nghiệp)
155028,THP,cong-nghe-ky-thuat-xay-dung,A00,Điểm học bạ,2022,17.0,Công nghệ kỹ thuật xây dựng
155029,THP,cong-nghe-ky-thuat-xay-dung,A01,Điểm học bạ,2022,17.0,Công nghệ kỹ thuật xây dựng
155030,THP,cong-nghe-ky-thuat-xay-dung,C01,Điểm học bạ,2022,17.0,Công nghệ kỹ thuật xây dựng
155031,THP,cong-nghe-ky-thuat-xay-dung,D01,Điểm học bạ,2022,17.0,Công nghệ kỹ thuật xây dựng
155032,THP,cong-nghe-ky-thuat-xay-dung,A00,Điểm thi THPT,2022,14.0,Công nghệ kỹ thuật xây dựng
155033,THP,cong-nghe-ky-thuat-xay-dung,A01,Điểm thi THPT,2022,14.0,Công nghệ kỹ thuật xây dựng
155034,THP,cong-nghe-ky-thuat-xay-dung,C01,Điểm thi THPT,2022,14.0,Công nghệ kỹ thuật xây dựng
155035,THP,cong-nghe-ky-thuat-xay-dung,D01,Điểm thi THPT,2022,14.0,Công nghệ kỹ thuật xây dựng
155036,THP,cong-nghe-ky-thuat-xay-dung,A00,Điểm học bạ,2023,16.5,Công nghệ kỹ thuật xây dựng
155037,THP,cong-nghe-ky-thuat-xay-dung,A01,Điểm học bạ,2023,16.5,Công nghệ kỹ thuật xây dựng
155038,THP,cong-nghe-ky-thuat-xay-dung,C01,Điểm học bạ,2023,16.5,Công nghệ kỹ thuật xây dựng
155039,THP,cong-nghe-ky-thuat-xay-dung,D01,Điểm học bạ,2023,16.5,Công nghệ kỹ thuật xây dựng
155040,THP,cong-nghe-ky-thuat-xay-dung,A00,Điểm thi THPT,2023,15.0,Công nghệ kỹ thuật xây dựng
155041,THP,cong-nghe-ky-thuat-xay-dung,A01,Điểm thi THPT,2023,15.0,Công nghệ kỹ thuật xây dựng
155042,THP,cong-nghe-ky-thuat-xay-dung,C01,Điểm thi THPT,2023,15.0,Công nghệ kỹ thuật xây dựng
155043,THP,cong-nghe-ky-thuat-xay-dung,D01,Điểm thi THPT,2023,15.0,Công nghệ kỹ thuật xây dựng
155044,THP,cong-nghe-ky-thuat-xay-dung,A00,Điểm học bạ,2024,21.0,Công nghệ kỹ thuật xây dựng
155045,THP,cong-nghe-ky-thuat-xay-dung,A01,Điểm học bạ,2024,21.0,Công nghệ kỹ thuật xây dựng
155046,THP,cong-nghe-ky-thuat-xay-dung,C01,Điểm học bạ,2024,21.0,Công nghệ kỹ thuật xây dựng
155047,THP,cong-nghe-ky-thuat-xay-dung,D01,Điểm học bạ,2024,21.0,Công nghệ kỹ thuật xây dựng
155048,THP,cong-nghe-ky-thuat-xay-dung,A00,Điểm thi THPT,2024,17.0,Công nghệ kỹ thuật xây dựng
155049,THP,cong-nghe-ky-thuat-xay-dung,A01,Điểm thi THPT,2024,17.0,Công nghệ kỹ thuật xây dựng
155050,THP,cong-nghe-ky-thuat-xay-dung,C01,Điểm thi THPT,2024,17.0,Công nghệ kỹ thuật xây dựng
155051,THP,cong-nghe-ky-thuat-xay-dung,D01,Điểm thi THPT,2024,17.0,Công nghệ kỹ thuật xây dựng
155052,THP,cong-nghe-thong-tin,A00,Điểm học bạ,2021,20.0,Công nghệ thông tin
155053,THP,cong-nghe-thong-tin,A01,Điểm học bạ,2021,20.0,Công nghệ thông tin
155054,THP,cong-nghe-thong-tin,C01,Điểm học bạ,2021,20.0,Công nghệ thông tin
155055,THP,cong-nghe-thong-tin,D01,Điểm học bạ,2021,20.0,Công nghệ thông tin
155056,THP,cong-nghe-thong-tin,A00,Điểm thi THPT,2021,15.0,Công nghệ thông tin
155057,THP,cong-nghe-thong-tin,A01,Điểm thi THPT,2021,15.0,Công nghệ thông tin
155058,THP,cong-nghe-thong-tin,C01,Điểm thi THPT,2021,15.0,Công nghệ thông tin
155059,THP,cong-nghe-thong-tin,D01,Điểm thi THPT,2021,15.0,Công nghệ thông tin
155060,THP,cong-nghe-thong-tin,A00,Điểm học bạ,2022,23.0,Công nghệ thông tin
155061,THP,cong-nghe-thong-tin,A01,Điểm học bạ,2022,23.0,Công nghệ thông tin
155062,THP,cong-nghe-thong-tin,C01,Điểm học bạ,2022,23.0,Công nghệ thông tin
155063,THP,cong-nghe-thong-tin,D01,Điểm học bạ,2022,23.0,Công nghệ thông tin
155064,THP,cong-nghe-thong-tin,A00,Điểm thi THPT,2022,17.5,Công nghệ thông tin
155065,THP,cong-nghe-thong-tin,A01,Điểm thi THPT,2022,17.5,Công nghệ thông tin
155066,THP,cong-nghe-thong-tin,C01,Điểm thi THPT,2022,17.5,Công nghệ thông tin
155067,THP,cong-nghe-thong-tin,D01,Điểm thi THPT,2022,17.5,Công nghệ thông tin
155068,THP,cong-nghe-thong-tin,A00,Điểm học bạ,2023,24.5,Công nghệ thông tin
155069,THP,cong-nghe-thong-tin,A01,Điểm học bạ,2023,24.5,Công nghệ thông tin
155070,THP,cong-nghe-thong-tin,C01,Điểm học bạ,2023,24.5,Công nghệ thông tin
155071,THP,cong-nghe-thong-tin,D01,Điểm học bạ,2023,24.5,Công nghệ thông tin
155072,THP,cong-nghe-thong-tin,A00,Điểm thi THPT,2023,21.5,Công nghệ thông tin
155073,THP,cong-nghe-thong-tin,A01,Điểm thi THPT,2023,21.5,Công nghệ thông tin
155074,THP,cong-nghe-thong-tin,C01,Điểm thi THPT,2023,21.5,Công nghệ thông tin
155075,THP,cong-nghe-thong-tin,D01,Điểm thi THPT,2023,21.5,Công nghệ thông tin
155076,THP,cong-nghe-thong-tin,A00,Điểm học bạ,2024,22.0,Công nghệ thông tin
155077,THP,cong-nghe-thong-tin,A01,Điểm học bạ,2024,22.0,Công nghệ thông tin
155078,THP,cong-nghe-thong-tin,C01,Điểm học bạ,2024,22.0,Công nghệ thông tin
155079,THP,cong-nghe-thong-tin,D01,Điểm học bạ,2024,22.0,Công nghệ thông tin
155080,THP,cong-nghe-thong-tin,A00,Điểm thi THPT,2024,19.0,Công nghệ thông tin
155081,THP,cong-nghe-thong-tin,A01,Điểm thi THPT,2024,19.0,Công nghệ thông tin
155082,THP,cong-nghe-thong-tin,C01,Điểm thi THPT,2024,19.0,Công nghệ thông tin
155083,THP,cong-nghe-thong-tin,D01,Điểm thi THPT,2024,19.0,Công nghệ thông tin
155084,THP,cong-nghe-thong-tin,A00,Điểm học bạ,2025,20.0,Công nghệ thông tin
155085,THP,cong-nghe-thong-tin,A01,Điểm học bạ,2025,20.0,Công nghệ thông tin
155086,THP,cong-nghe-thong-tin,C01,Điểm học bạ,2025,20.0,Công nghệ thông tin
155087,THP,cong-nghe-thong-tin,C02,Điểm học bạ,2025,20.0,Công nghệ thông tin
155088,THP,cong-nghe-thong-tin,D01,Điểm học bạ,2025,20.0,Công nghệ thông tin
155089,THP,cong-nghe-thong-tin,A00,Điểm thi THPT,2025,20.0,Công nghệ thông tin
155090,THP,cong-nghe-thong-tin,A01,Điểm thi THPT,2025,20.0,Công nghệ thông tin
155091,THP,cong-nghe-thong-tin,C01,Điểm thi THPT,2025,20.0,Công nghệ thông tin
155092,THP,cong-nghe-thong-tin,C02,Điểm thi THPT,2025,20.0,Công nghệ thông tin
155093,THP,cong-nghe-thong-tin,D01,Điểm thi THPT,2025,20.0,Công nghệ thông tin
155094,THP,cong-tac-xa-hoi,C00,Điểm học bạ,2021,17.0,Công tác xã hội
155095,THP,cong-tac-xa-hoi,C01,Điểm học bạ,2021,17.0,Công tác xã hội
155096,THP,cong-tac-xa-hoi,C02,Điểm học bạ,2021,17.0,Công tác xã hội
155097,THP,cong-tac-xa-hoi,D01,Điểm học bạ,2021,17.0,Công tác xã hội
155098,THP,cong-tac-xa-hoi,C00,Điểm thi THPT,2021,14.0,Công tác xã hội
155099,THP,cong-tac-xa-hoi,C01,Điểm thi THPT,2021,14.0,Công tác xã hội
155100,THP,cong-tac-xa-hoi,C02,Điểm thi THPT,2021,14.0,Công tác xã hội
155101,THP,cong-tac-xa-hoi,D01,Điểm thi THPT,2021,14.0,Công tác xã hội
155102,THP,cong-tac-xa-hoi,C00,Điểm học bạ,2022,17.0,Công tác xã hội
155103,THP,cong-tac-xa-hoi,D01,Điểm học bạ,2022,17.0,Công tác xã hội
155104,THP,cong-tac-xa-hoi,D14,Điểm học bạ,2022,17.0,Công tác xã hội
155105,THP,cong-tac-xa-hoi,D15,Điểm học bạ,2022,17.0,Công tác xã hội
155106,THP,cong-tac-xa-hoi,C00,Điểm thi THPT,2022,14.0,Công tác xã hội
155107,THP,cong-tac-xa-hoi,D01,Điểm thi THPT,2022,14.0,Công tác xã hội
155108,THP,cong-tac-xa-hoi,D14,Điểm thi THPT,2022,14.0,Công tác xã hội
155109,THP,cong-tac-xa-hoi,D15,Điểm thi THPT,2022,14.0,Công tác xã hội
155110,THP,cong-tac-xa-hoi,C00,Điểm học bạ,2023,16.5,Công tác xã hội
155111,THP,cong-tac-xa-hoi,D01,Điểm học bạ,2023,16.5,Công tác xã hội
155112,THP,cong-tac-xa-hoi,D14,Điểm học bạ,2023,16.5,Công tác xã hội
155113,THP,cong-tac-xa-hoi,D15,Điểm học bạ,2023,16.5,Công tác xã hội
155114,THP,cong-tac-xa-hoi,C00,Điểm thi THPT,2023,15.0,Công tác xã hội
155115,THP,cong-tac-xa-hoi,D01,Điểm thi THPT,2023,15.0,Công tác xã hội
155116,THP,cong-tac-xa-hoi,D14,Điểm thi THPT,2023,15.0,Công tác xã hội
155117,THP,cong-tac-xa-hoi,D15,Điểm thi THPT,2023,15.0,Công tác xã hội
155118,THP,cong-tac-xa-hoi,C00,Điểm học bạ,2024,21.0,Công tác xã hội
155119,THP,cong-tac-xa-hoi,D01,Điểm học bạ,2024,21.0,Công tác xã hội
155120,THP,cong-tac-xa-hoi,D14,Điểm học bạ,2024,21.0,Công tác xã hội
155121,THP,cong-tac-xa-hoi,D15,Điểm học bạ,2024,21.0,Công tác xã hội
155122,THP,cong-tac-xa-hoi,C00,Điểm thi THPT,2024,17.0,Công tác xã hội
155123,THP,cong-tac-xa-hoi,D01,Điểm thi THPT,2024,17.0,Công tác xã hội
155124,THP,cong-tac-xa-hoi,D14,Điểm thi THPT,2024,17.0,Công tác xã hội
155125,THP,cong-tac-xa-hoi,D15,Điểm thi THPT,2024,17.0,Công tác xã hội
155126,THP,cong-tac-xa-hoi,C00,Điểm học bạ,2025,22.0,Công tác xã hội
155127,THP,cong-tac-xa-hoi,C03,Điểm học bạ,2025,22.0,Công tác xã hội
155128,THP,cong-tac-xa-hoi,C04,Điểm học bạ,2025,22.0,Công tác xã hội
155129,THP,cong-tac-xa-hoi,D01,Điểm học bạ,2025,22.0,Công tác xã hội
155130,THP,cong-tac-xa-hoi,D14,Điểm học bạ,2025,22.0,Công tác xã hội
155131,THP,cong-tac-xa-hoi,D15,Điểm học bạ,2025,22.0,Công tác xã hội
155132,THP,cong-tac-xa-hoi,C00,Điểm thi THPT,2025,22.0,Công tác xã hội
155133,THP,cong-tac-xa-hoi,C03,Điểm thi THPT,2025,22.0,Công tác xã hội
155134,THP,cong-tac-xa-hoi,C04,Điểm thi THPT,2025,22.0,Công tác xã hội
155135,THP,cong-tac-xa-hoi,D01,Điểm thi THPT,2025,22.0,Công tác xã hội
155136,THP,cong-tac-xa-hoi,D14,Điểm thi THPT,2025,22.0,Công tác xã hội
155137,THP,cong-tac-xa-hoi,D15,Điểm thi THPT,2025,22.0,Công tác xã hội
155138,THP,dien-cong-nghiep-va-dan-dung,A00,Điểm học bạ,2025,18.5,Điện công nghiệp và dân dụng
155139,THP,dien-cong-nghiep-va-dan-dung,A01,Điểm học bạ,2025,18.5,Điện công nghiệp và dân dụng
155140,THP,dien-cong-nghiep-va-dan-dung,C01,Điểm học bạ,2025,18.5,Điện công nghiệp và dân dụng
155141,THP,dien-cong-nghiep-va-dan-dung,C02,Điểm học bạ,2025,18.5,Điện công nghiệp và dân dụng
155142,THP,dien-cong-nghiep-va-dan-dung,D01,Điểm học bạ,2025,18.5,Điện công nghiệp và dân dụng
155143,THP,dien-cong-nghiep-va-dan-dung,A00,Điểm thi THPT,2025,18.5,Điện công nghiệp và dân dụng
155144,THP,dien-cong-nghiep-va-dan-dung,A01,Điểm thi THPT,2025,18.5,Điện công nghiệp và dân dụng
155145,THP,dien-cong-nghiep-va-dan-dung,C01,Điểm thi THPT,2025,18.5,Điện công nghiệp và dân dụng
155146,THP,dien-cong-nghiep-va-dan-dung,C02,Điểm thi THPT,2025,18.5,Điện công nghiệp và dân dụng
155147,THP,dien-cong-nghiep-va-dan-dung,D01,Điểm thi THPT,2025,18.5,Điện công nghiệp và dân dụng
155148,THP,dien-tu-dong-cong-nghiep,A00,Điểm học bạ,2025,19.25,Điện tự động công nghiệp
155149,THP,dien-tu-dong-cong-nghiep,A01,Điểm học bạ,2025,19.25,Điện tự động công nghiệp
155150,THP,dien-tu-dong-cong-nghiep,C01,Điểm học bạ,2025,19.25,Điện tự động công nghiệp
155151,THP,dien-tu-dong-cong-nghiep,C02,Điểm học bạ,2025,19.25,Điện tự động công nghiệp
155152,THP,dien-tu-dong-cong-nghiep,D01,Điểm học bạ,2025,19.25,Điện tự động công nghiệp
155153,THP,dien-tu-dong-cong-nghiep,A00,Điểm thi THPT,2025,19.25,Điện tự động công nghiệp
155154,THP,dien-tu-dong-cong-nghiep,A01,Điểm thi THPT,2025,19.25,Điện tự động công nghiệp
155155,THP,dien-tu-dong-cong-nghiep,C01,Điểm thi THPT,2025,19.25,Điện tự động công nghiệp
155156,THP,dien-tu-dong-cong-nghiep,C02,Điểm thi THPT,2025,19.25,Điện tự động công nghiệp
155157,THP,dien-tu-dong-cong-nghiep,D01,Điểm thi THPT,2025,19.25,Điện tự động công nghiệp
155158,THP,giao-duc-chinh-tri,A00,Điểm thi THPT,2021,19.0,Giáo dục Chính trị
155159,THP,giao-duc-chinh-tri,B00,Điểm thi THPT,2021,19.0,Giáo dục Chính trị
155160,THP,giao-duc-chinh-tri,C14,Điểm thi THPT,2021,19.0,Giáo dục Chính trị
155161,THP,giao-duc-chinh-tri,C15,Điểm thi THPT,2021,19.0,Giáo dục Chính trị
155162,THP,giao-duc-chinh-tri,A00,Điểm thi THPT,2022,19.0,Giáo dục Chính trị
155163,THP,giao-duc-chinh-tri,B00,Điểm thi THPT,2022,19.0,Giáo dục Chính trị
155164,THP,giao-duc-chinh-tri,C14,Điểm thi THPT,2022,19.0,Giáo dục Chính trị
155165,THP,giao-duc-chinh-tri,C15,Điểm thi THPT,2022,19.0,Giáo dục Chính trị
155166,THP,giao-duc-mam-non,M00,Điểm thi THPT,2021,17.0,Giáo dục Mầm non (Cao đẳng)
155167,THP,giao-duc-mam-non,M01,Điểm thi THPT,2021,17.0,Giáo dục Mầm non (Cao đẳng)
155168,THP,giao-duc-mam-non,M02,Điểm thi THPT,2021,17.0,Giáo dục Mầm non (Cao đẳng)
155169,THP,giao-duc-mam-non,M00,Điểm thi THPT,2022,22.0,Giáo dục Mầm non (Cao đẳng)
155170,THP,giao-duc-mam-non,M01,Điểm thi THPT,2022,22.0,Giáo dục Mầm non (Cao đẳng)
155171,THP,giao-duc-mam-non,M02,Điểm thi THPT,2022,22.0,Giáo dục Mầm non (Cao đẳng)
155172,THP,giao-duc-mam-non,M00,Điểm thi THPT,2023,17.0,Giáo dục Mầm non (Cao đẳng)
155173,THP,giao-duc-mam-non,M01,Điểm thi THPT,2023,17.0,Giáo dục Mầm non (Cao đẳng)
155174,THP,giao-duc-mam-non,M03,Điểm thi THPT,2023,17.0,Giáo dục Mầm non (Cao đẳng)
155175,THP,giao-duc-mam-non,M04,Điểm thi THPT,2023,17.0,Giáo dục Mầm non (Cao đẳng)
155176,THP,giao-duc-mam-non,M00,Điểm thi THPT,2024,21.5,Giáo dục Mầm non
155177,THP,giao-duc-mam-non,M01,Điểm thi THPT,2024,21.5,Giáo dục Mầm non
155178,THP,giao-duc-mam-non,M03,Điểm thi THPT,2024,21.5,Giáo dục Mầm non
155179,THP,giao-duc-mam-non,M04,Điểm thi THPT,2024,21.5,Giáo dục Mầm non
155180,THP,giao-duc-mam-non,M00,Điểm thi THPT,2025,22.75,Giáo dục Mầm non
155181,THP,giao-duc-mam-non,M01,Điểm thi THPT,2025,22.75,Giáo dục Mầm non
155182,THP,giao-duc-mam-non,M03,Điểm thi THPT,2025,22.75,Giáo dục Mầm non
155183,THP,giao-duc-mam-non,M04,Điểm thi THPT,2025,22.75,Giáo dục Mầm non
155184,THP,giao-duc-the-chat,T00,Điểm thi THPT,2021,20.0,Giáo dục Thể chất
155185,THP,giao-duc-the-chat,T01,Điểm thi THPT,2021,20.0,Giáo dục Thể chất
155186,THP,giao-duc-the-chat,T00,Điểm học bạ,2022,20.0,Giáo dục Thể chất
155187,THP,giao-duc-the-chat,T01,Điểm học bạ,2022,20.0,Giáo dục Thể chất
155188,THP,giao-duc-the-chat,T00,Điểm thi THPT,2022,22.0,Giáo dục Thể chất
155189,THP,giao-duc-the-chat,T01,Điểm thi THPT,2022,22.0,Giáo dục Thể chất
155190,THP,giao-duc-the-chat,T00,Điểm học bạ,2023,20.0,Giáo dục Thể chất
155191,THP,giao-duc-the-chat,T01,Điểm học bạ,2023,20.0,Giáo dục Thể chất
155192,THP,giao-duc-the-chat,T00,Điểm thi THPT,2023,22.0,Giáo dục Thể chất
155193,THP,giao-duc-the-chat,T01,Điểm thi THPT,2023,22.0,Giáo dục Thể chất
155194,THP,giao-duc-the-chat,T00,Điểm học bạ,2024,30.0,Giáo dục Thể chất
155195,THP,giao-duc-the-chat,T01,Điểm học bạ,2024,30.0,Giáo dục Thể chất
155196,THP,giao-duc-the-chat,T00,Điểm thi THPT,2024,29.0,Giáo dục Thể chất
155197,THP,giao-duc-the-chat,T01,Điểm thi THPT,2024,29.0,Giáo dục Thể chất
155198,THP,giao-duc-the-chat,T00,Điểm học bạ,2025,33.25,Giáo dục Thể chất
155199,THP,giao-duc-the-chat,T01,Điểm học bạ,2025,33.25,Giáo dục Thể chất
155200,THP,giao-duc-the-chat,T02,Điểm học bạ,2025,33.25,Giáo dục Thể chất
155201,THP,giao-duc-the-chat,T05,Điểm học bạ,2025,33.25,Giáo dục Thể chất
155202,THP,giao-duc-the-chat,T00,Điểm thi THPT,2025,33.25,Giáo dục Thể chất
155203,THP,giao-duc-the-chat,T01,Điểm thi THPT,2025,33.25,Giáo dục Thể chất
155204,THP,giao-duc-the-chat,T02,Điểm thi THPT,2025,33.25,Giáo dục Thể chất
155205,THP,giao-duc-the-chat,T05,Điểm thi THPT,2025,33.25,Giáo dục Thể chất
155206,THP,giao-duc-tieu-hoc,A00,Điểm thi THPT,2021,19.0,Giáo dục Tiểu học
155207,THP,giao-duc-tieu-hoc,C01,Điểm thi THPT,2021,19.0,Giáo dục Tiểu học
155208,THP,giao-duc-tieu-hoc,C02,Điểm thi THPT,2021,19.0,Giáo dục Tiểu học
155209,THP,giao-duc-tieu-hoc,D01,Điểm thi THPT,2021,19.0,Giáo dục Tiểu học
155210,THP,giao-duc-tieu-hoc,A00,Điểm thi THPT,2022,19.0,Giáo dục Tiểu học
155211,THP,giao-duc-tieu-hoc,C01,Điểm thi THPT,2022,19.0,Giáo dục Tiểu học
155212,THP,giao-duc-tieu-hoc,C02,Điểm thi THPT,2022,19.0,Giáo dục Tiểu học
155213,THP,giao-duc-tieu-hoc,D01,Điểm thi THPT,2022,19.0,Giáo dục Tiểu học
155214,THP,giao-duc-tieu-hoc,A00,Điểm thi THPT,2023,22.0,Giáo dục Tiểu học
155215,THP,giao-duc-tieu-hoc,C01,Điểm thi THPT,2023,22.0,Giáo dục Tiểu học
155216,THP,giao-duc-tieu-hoc,C02,Điểm thi THPT,2023,22.0,Giáo dục Tiểu học
155217,THP,giao-duc-tieu-hoc,D01,Điểm thi THPT,2023,22.0,Giáo dục Tiểu học
155218,THP,giao-duc-tieu-hoc,A00,Điểm thi THPT,2024,24.5,Giáo dục Tiểu học
155219,THP,giao-duc-tieu-hoc,C01,Điểm thi THPT,2024,24.5,Giáo dục Tiểu học
155220,THP,giao-duc-tieu-hoc,C02,Điểm thi THPT,2024,24.5,Giáo dục Tiểu học
155221,THP,giao-duc-tieu-hoc,D01,Điểm thi THPT,2024,24.5,Giáo dục Tiểu học
155222,THP,giao-duc-tieu-hoc,A01,Điểm thi THPT,2025,24.5,Giáo dục Tiểu học
155223,THP,giao-duc-tieu-hoc,C01,Điểm thi THPT,2025,24.5,Giáo dục Tiểu học
155224,THP,giao-duc-tieu-hoc,C02,Điểm thi THPT,2025,24.5,Giáo dục Tiểu học
155225,THP,giao-duc-tieu-hoc,C03,Điểm thi THPT,2025,24.5,Giáo dục Tiểu học
155226,THP,giao-duc-tieu-hoc,C04,Điểm thi THPT,2025,24.5,Giáo dục Tiểu học
155227,THP,giao-duc-tieu-hoc,D01,Điểm thi THPT,2025,24.5,Giáo dục Tiểu học
155228,THP,huong-dan-du-lich,C00,Điểm học bạ,2025,22.25,Hướng dẫn du lịch
155229,THP,huong-dan-du-lich,C03,Điểm học bạ,2025,22.25,Hướng dẫn du lịch
155230,THP,huong-dan-du-lich,C04,Điểm học bạ,2025,22.25,Hướng dẫn du lịch
155231,THP,huong-dan-du-lich,D01,Điểm học bạ,2025,22.25,Hướng dẫn du lịch
155232,THP,huong-dan-du-lich,D14,Điểm học bạ,2025,22.25,Hướng dẫn du lịch
155233,THP,huong-dan-du-lich,D15,Điểm học bạ,2025,22.25,Hướng dẫn du lịch
155234,THP,huong-dan-du-lich,C00,Điểm thi THPT,2025,22.25,Hướng dẫn du lịch
155235,THP,huong-dan-du-lich,C03,Điểm thi THPT,2025,22.25,Hướng dẫn du lịch
155236,THP,huong-dan-du-lich,C04,Điểm thi THPT,2025,22.25,Hướng dẫn du lịch
155237,THP,huong-dan-du-lich,D01,Điểm thi THPT,2025,22.25,Hướng dẫn du lịch
155238,THP,huong-dan-du-lich,D14,Điểm thi THPT,2025,22.25,Hướng dẫn du lịch
155239,THP,huong-dan-du-lich,D15,Điểm thi THPT,2025,22.25,Hướng dẫn du lịch
155240,THP,ke-toan,A00,Điểm học bạ,2021,17.0,Kế toán (các chuyên ngành: Kế toán doanh nghiệp; Kế toán kiểm toán)
155241,THP,ke-toan,A01,Điểm học bạ,2021,17.0,Kế toán (các chuyên ngành: Kế toán doanh nghiệp; Kế toán kiểm toán)
155242,THP,ke-toan,C01,Điểm học bạ,2021,17.0,Kế toán (các chuyên ngành: Kế toán doanh nghiệp; Kế toán kiểm toán)
155243,THP,ke-toan,D01,Điểm học bạ,2021,17.0,Kế toán (các chuyên ngành: Kế toán doanh nghiệp; Kế toán kiểm toán)
155244,THP,ke-toan,A00,Điểm học bạ,2022,20.0,Kế toán
155245,THP,ke-toan,A01,Điểm học bạ,2022,20.0,Kế toán
155246,THP,ke-toan,C01,Điểm học bạ,2022,20.0,Kế toán
155247,THP,ke-toan,D01,Điểm học bạ,2022,20.0,Kế toán
155248,THP,ke-toan,A00,Điểm thi THPT,2022,18.0,Kế toán
155249,THP,ke-toan,A01,Điểm thi THPT,2022,18.0,Kế toán
155250,THP,ke-toan,C01,Điểm thi THPT,2022,18.0,Kế toán
155251,THP,ke-toan,D01,Điểm thi THPT,2022,18.0,Kế toán
155252,THP,ke-toan,A00,Điểm học bạ,2023,17.0,Kế toán
155253,THP,ke-toan,A01,Điểm học bạ,2023,17.0,Kế toán
155254,THP,ke-toan,C01,Điểm học bạ,2023,17.0,Kế toán
155255,THP,ke-toan,D01,Điểm học bạ,2023,17.0,Kế toán
155256,THP,ke-toan,A00,Điểm thi THPT,2023,15.0,Kế toán
155257,THP,ke-toan,A01,Điểm thi THPT,2023,15.0,Kế toán
155258,THP,ke-toan,C01,Điểm thi THPT,2023,15.0,Kế toán
155259,THP,ke-toan,D01,Điểm thi THPT,2023,15.0,Kế toán
155260,THP,ke-toan,A00,Điểm học bạ,2024,23.0,Kế toán
155261,THP,ke-toan,A01,Điểm học bạ,2024,23.0,Kế toán
155262,THP,ke-toan,C01,Điểm học bạ,2024,23.0,Kế toán
155263,THP,ke-toan,D01,Điểm học bạ,2024,23.0,Kế toán
155264,THP,ke-toan,A00,Điểm thi THPT,2024,20.0,Kế toán
155265,THP,ke-toan,A01,Điểm thi THPT,2024,20.0,Kế toán
155266,THP,ke-toan,C01,Điểm thi THPT,2024,20.0,Kế toán
155267,THP,ke-toan,D01,Điểm thi THPT,2024,20.0,Kế toán
155268,THP,ke-toan-doanh-nghiep,A00,Điểm học bạ,2025,20.5,Kế toán doanh nghiệp
155269,THP,ke-toan-doanh-nghiep,A01,Điểm học bạ,2025,20.5,Kế toán doanh nghiệp
155270,THP,ke-toan-doanh-nghiep,C01,Điểm học bạ,2025,20.5,Kế toán doanh nghiệp
155271,THP,ke-toan-doanh-nghiep,C02,Điểm học bạ,2025,20.5,Kế toán doanh nghiệp
155272,THP,ke-toan-doanh-nghiep,D01,Điểm học bạ,2025,20.5,Kế toán doanh nghiệp
155273,THP,ke-toan-doanh-nghiep,D07,Điểm học bạ,2025,20.5,Kế toán doanh nghiệp
155274,THP,ke-toan-doanh-nghiep,A00,Điểm thi THPT,2025,20.5,Kế toán doanh nghiệp
155275,THP,ke-toan-doanh-nghiep,A01,Điểm thi THPT,2025,20.5,Kế toán doanh nghiệp
155276,THP,ke-toan-doanh-nghiep,C01,Điểm thi THPT,2025,20.5,Kế toán doanh nghiệp
155277,THP,ke-toan-doanh-nghiep,C02,Điểm thi THPT,2025,20.5,Kế toán doanh nghiệp
155278,THP,ke-toan-doanh-nghiep,D01,Điểm thi THPT,2025,20.5,Kế toán doanh nghiệp
155279,THP,ke-toan-doanh-nghiep,D07,Điểm thi THPT,2025,20.5,Kế toán doanh nghiệp
155280,THP,ke-toan-doanh-nghiep-theo,A00,Điểm học bạ,2025,19.0,Kế toán doanh nghiệp theo định hướng ACCA (CLC)
155281,THP,ke-toan-doanh-nghiep-theo,A01,Điểm học bạ,2025,19.0,Kế toán doanh nghiệp theo định hướng ACCA (CLC)
155282,THP,ke-toan-doanh-nghiep-theo,C01,Điểm học bạ,2025,19.0,Kế toán doanh nghiệp theo định hướng ACCA (CLC)
155283,THP,ke-toan-doanh-nghiep-theo,C02,Điểm học bạ,2025,19.0,Kế toán doanh nghiệp theo định hướng ACCA (CLC)
155284,THP,ke-toan-doanh-nghiep-theo,D01,Điểm học bạ,2025,19.0,Kế toán doanh nghiệp theo định hướng ACCA (CLC)
155285,THP,ke-toan-doanh-nghiep-theo,D07,Điểm học bạ,2025,19.0,Kế toán doanh nghiệp theo định hướng ACCA (CLC)
155286,THP,ke-toan-doanh-nghiep-theo,A00,Điểm thi THPT,2025,19.0,Kế toán doanh nghiệp theo định hướng ACCA (CLC)
155287,THP,ke-toan-doanh-nghiep-theo,A01,Điểm thi THPT,2025,19.0,Kế toán doanh nghiệp theo định hướng ACCA (CLC)
155288,THP,ke-toan-doanh-nghiep-theo,C01,Điểm thi THPT,2025,19.0,Kế toán doanh nghiệp theo định hướng ACCA (CLC)
155289,THP,ke-toan-doanh-nghiep-theo,C02,Điểm thi THPT,2025,19.0,Kế toán doanh nghiệp theo định hướng ACCA (CLC)
155290,THP,ke-toan-doanh-nghiep-theo,D01,Điểm thi THPT,2025,19.0,Kế toán doanh nghiệp theo định hướng ACCA (CLC)
155291,THP,ke-toan-doanh-nghiep-theo,D07,Điểm thi THPT,2025,19.0,Kế toán doanh nghiệp theo định hướng ACCA (CLC)
155292,THP,ke-toan-kiem-toan,A00,Điểm học bạ,2025,21.25,Kế toán - Kiểm toán
155293,THP,ke-toan-kiem-toan,A01,Điểm học bạ,2025,21.25,Kế toán - Kiểm toán
155294,THP,ke-toan-kiem-toan,C01,Điểm học bạ,2025,21.25,Kế toán - Kiểm toán
155295,THP,ke-toan-kiem-toan,C02,Điểm học bạ,2025,21.25,Kế toán - Kiểm toán
155296,THP,ke-toan-kiem-toan,D01,Điểm học bạ,2025,21.25,Kế toán - Kiểm toán
155297,THP,ke-toan-kiem-toan,D07,Điểm học bạ,2025,21.25,Kế toán - Kiểm toán
155298,THP,ke-toan-kiem-toan,A00,Điểm thi THPT,2025,21.25,Kế toán - Kiểm toán
155299,THP,ke-toan-kiem-toan,A01,Điểm thi THPT,2025,21.25,Kế toán - Kiểm toán
155300,THP,ke-toan-kiem-toan,C01,Điểm thi THPT,2025,21.25,Kế toán - Kiểm toán
155301,THP,ke-toan-kiem-toan,C02,Điểm thi THPT,2025,21.25,Kế toán - Kiểm toán
155302,THP,ke-toan-kiem-toan,D01,Điểm thi THPT,2025,21.25,Kế toán - Kiểm toán
155303,THP,ke-toan-kiem-toan,D07,Điểm thi THPT,2025,21.25,Kế toán - Kiểm toán
155304,THP,ke-toan-toan,A00,Điểm thi THPT,2021,14.0,Kế toán toán (các chuyên ngành: Kế toán doanh nghiệp; Kế toán kiểm toán)
155305,THP,ke-toan-toan,A01,Điểm thi THPT,2021,14.0,Kế toán toán (các chuyên ngành: Kế toán doanh nghiệp; Kế toán kiểm toán)
155306,THP,ke-toan-toan,C01,Điểm thi THPT,2021,14.0,Kế toán toán (các chuyên ngành: Kế toán doanh nghiệp; Kế toán kiểm toán)
155307,THP,ke-toan-toan,D01,Điểm thi THPT,2021,14.0,Kế toán toán (các chuyên ngành: Kế toán doanh nghiệp; Kế toán kiểm toán)
155308,THP,khoa-hoc-cay-trong,A00,Điểm học bạ,2021,17.0,Khoa học cây trồng
155309,THP,khoa-hoc-cay-trong,B00,Điểm học bạ,2021,17.0,Khoa học cây trồng
155310,THP,khoa-hoc-cay-trong,C02,Điểm học bạ,2021,17.0,Khoa học cây trồng
155311,THP,khoa-hoc-cay-trong,D01,Điểm học bạ,2021,17.0,Khoa học cây trồng
155312,THP,khoa-hoc-cay-trong,A00,Điểm thi THPT,2021,14.0,Khoa học cây trồng
155313,THP,khoa-hoc-cay-trong,B00,Điểm thi THPT,2021,14.0,Khoa học cây trồng
155314,THP,khoa-hoc-cay-trong,C02,Điểm thi THPT,2021,14.0,Khoa học cây trồng
155315,THP,khoa-hoc-cay-trong,D01,Điểm thi THPT,2021,14.0,Khoa học cây trồng
155316,THP,kien-truc,A00,Điểm học bạ,2021,17.0,Kiến trúc
155317,THP,kien-truc,A01,Điểm học bạ,2021,17.0,Kiến trúc
155318,THP,kien-truc,V00,Điểm học bạ,2021,17.0,Kiến trúc
155319,THP,kien-truc,V01,Điểm học bạ,2021,17.0,Kiến trúc
155320,THP,kien-truc,A00,Điểm thi THPT,2021,14.0,Kiến trúc
155321,THP,kien-truc,A01,Điểm thi THPT,2021,14.0,Kiến trúc
155322,THP,kien-truc,V00,Điểm thi THPT,2021,14.0,Kiến trúc
155323,THP,kien-truc,V01,Điểm thi THPT,2021,14.0,Kiến trúc
155324,THP,kien-truc,A00,Điểm học bạ,2022,17.0,Kiến trúc
155325,THP,kien-truc,A01,Điểm học bạ,2022,17.0,Kiến trúc
155326,THP,kien-truc,A00,Điểm thi THPT,2022,14.0,Kiến trúc
155327,THP,kien-truc,A01,Điểm thi THPT,2022,14.0,Kiến trúc
155328,THP,kien-truc,A00,Điểm học bạ,2023,16.5,Kiến trúc
155329,THP,kien-truc,A01,Điểm học bạ,2023,16.5,Kiến trúc
155330,THP,kien-truc,D01,Điểm học bạ,2023,16.5,Kiến trúc
155331,THP,kien-truc,V01,Điểm học bạ,2023,16.5,Kiến trúc
155332,THP,kien-truc,A00,Điểm thi THPT,2023,15.0,Kiến trúc
155333,THP,kien-truc,A01,Điểm thi THPT,2023,15.0,Kiến trúc
155334,THP,kien-truc,D01,Điểm thi THPT,2023,15.0,Kiến trúc
155335,THP,kien-truc,V01,Điểm thi THPT,2023,15.0,Kiến trúc
155336,THP,kien-truc,A00,Điểm học bạ,2024,21.0,Kiến trúc
155337,THP,kien-truc,A01,Điểm học bạ,2024,21.0,Kiến trúc
155338,THP,kien-truc,D01,Điểm học bạ,2024,21.0,Kiến trúc
155339,THP,kien-truc,V01,Điểm học bạ,2024,21.0,Kiến trúc
155340,THP,kien-truc,A00,Điểm thi THPT,2024,17.0,Kiến trúc
155341,THP,kien-truc,A01,Điểm thi THPT,2024,17.0,Kiến trúc
155342,THP,kien-truc,D01,Điểm thi THPT,2024,17.0,Kiến trúc
155343,THP,kien-truc,V01,Điểm thi THPT,2024,17.0,Kiến trúc
155344,THP,kien-truc,A00,Điểm học bạ,2025,17.25,Kiến trúc
155345,THP,kien-truc,A01,Điểm học bạ,2025,17.25,Kiến trúc
155346,THP,kien-truc,D01,Điểm học bạ,2025,17.25,Kiến trúc
155347,THP,kien-truc,V01,Điểm học bạ,2025,17.25,Kiến trúc
155348,THP,kien-truc,A00,Điểm thi THPT,2025,17.25,Kiến trúc
155349,THP,kien-truc,A01,Điểm thi THPT,2025,17.25,Kiến trúc
155350,THP,kien-truc,D01,Điểm thi THPT,2025,17.25,Kiến trúc
155351,THP,kien-truc,V01,Điểm thi THPT,2025,17.25,Kiến trúc
155352,THP,kinh-doanh-so-va-doi-moi-sang-tao,A00,Điểm học bạ,2025,20.25,Kinh doanh số và đổi mới sáng tạo (CLC)
155353,THP,kinh-doanh-so-va-doi-moi-sang-tao,A01,Điểm học bạ,2025,20.25,Kinh doanh số và đổi mới sáng tạo (CLC)
155354,THP,kinh-doanh-so-va-doi-moi-sang-tao,C01,Điểm học bạ,2025,20.25,Kinh doanh số và đổi mới sáng tạo (CLC)
155355,THP,kinh-doanh-so-va-doi-moi-sang-tao,C03,Điểm học bạ,2025,20.25,Kinh doanh số và đổi mới sáng tạo (CLC)
155356,THP,kinh-doanh-so-va-doi-moi-sang-tao,C04,Điểm học bạ,2025,20.25,Kinh doanh số và đổi mới sáng tạo (CLC)
155357,THP,kinh-doanh-so-va-doi-moi-sang-tao,D01,Điểm học bạ,2025,20.25,Kinh doanh số và đổi mới sáng tạo (CLC)
155358,THP,kinh-doanh-so-va-doi-moi-sang-tao,A00,Điểm thi THPT,2025,20.25,Kinh doanh số và đổi mới sáng tạo (CLC)
155359,THP,kinh-doanh-so-va-doi-moi-sang-tao,A01,Điểm thi THPT,2025,20.25,Kinh doanh số và đổi mới sáng tạo (CLC)
155360,THP,kinh-doanh-so-va-doi-moi-sang-tao,C01,Điểm thi THPT,2025,20.25,Kinh doanh số và đổi mới sáng tạo (CLC)
155361,THP,kinh-doanh-so-va-doi-moi-sang-tao,C03,Điểm thi THPT,2025,20.25,Kinh doanh số và đổi mới sáng tạo (CLC)
155362,THP,kinh-doanh-so-va-doi-moi-sang-tao,C04,Điểm thi THPT,2025,20.25,Kinh doanh số và đổi mới sáng tạo (CLC)
155363,THP,kinh-doanh-so-va-doi-moi-sang-tao,D01,Điểm thi THPT,2025,20.25,Kinh doanh số và đổi mới sáng tạo (CLC)
155364,THP,kinh-te,A00,Điểm học bạ,2021,17.0,Kinh tế
155365,THP,kinh-te,A01,Điểm học bạ,2021,17.0,Kinh tế
155366,THP,kinh-te,C01,Điểm học bạ,2021,17.0,Kinh tế
155367,THP,kinh-te,D01,Điểm học bạ,2021,17.0,Kinh tế
155368,THP,kinh-te,A00,Điểm thi THPT,2021,14.0,Kinh tế
155369,THP,kinh-te,A01,Điểm thi THPT,2021,14.0,Kinh tế
155370,THP,kinh-te,C01,Điểm thi THPT,2021,14.0,Kinh tế
155371,THP,kinh-te,D01,Điểm thi THPT,2021,14.0,Kinh tế
155372,THP,kinh-te,A00,Điểm học bạ,2022,17.0,Kinh tế
155373,THP,kinh-te,A01,Điểm học bạ,2022,17.0,Kinh tế
155374,THP,kinh-te,C01,Điểm học bạ,2022,17.0,Kinh tế
155375,THP,kinh-te,D01,Điểm học bạ,2022,17.0,Kinh tế
155376,THP,kinh-te,A00,Điểm thi THPT,2022,14.0,Kinh tế
155377,THP,kinh-te,A01,Điểm thi THPT,2022,14.0,Kinh tế
155378,THP,kinh-te,C01,Điểm thi THPT,2022,14.0,Kinh tế
155379,THP,kinh-te,D01,Điểm thi THPT,2022,14.0,Kinh tế
155380,THP,kinh-te,A00,Điểm học bạ,2023,21.0,Kinh tế
155381,THP,kinh-te,A01,Điểm học bạ,2023,21.0,Kinh tế
155382,THP,kinh-te,C01,Điểm học bạ,2023,21.0,Kinh tế
155383,THP,kinh-te,D01,Điểm học bạ,2023,21.0,Kinh tế
155384,THP,kinh-te,A00,Điểm thi THPT,2023,17.0,Kinh tế
155385,THP,kinh-te,A01,Điểm thi THPT,2023,17.0,Kinh tế
155386,THP,kinh-te,C01,Điểm thi THPT,2023,17.0,Kinh tế
155387,THP,kinh-te,D01,Điểm thi THPT,2023,17.0,Kinh tế
155388,THP,kinh-te,A00,Điểm học bạ,2024,24.0,Kinh tế
155389,THP,kinh-te,A01,Điểm học bạ,2024,24.0,Kinh tế
155390,THP,kinh-te,C01,Điểm học bạ,2024,24.0,Kinh tế
155391,THP,kinh-te,D01,Điểm học bạ,2024,24.0,Kinh tế
155392,THP,kinh-te,A00,Điểm thi THPT,2024,20.5,Kinh tế
155393,THP,kinh-te,A01,Điểm thi THPT,2024,20.5,Kinh tế
155394,THP,kinh-te,C01,Điểm thi THPT,2024,20.5,Kinh tế
155395,THP,kinh-te,D01,Điểm thi THPT,2024,20.5,Kinh tế
155396,THP,kinh-te-ngoai-thuong,A00,Điểm học bạ,2025,22.5,Kinh tế ngoại thương
155397,THP,kinh-te-ngoai-thuong,A01,Điểm học bạ,2025,22.5,Kinh tế ngoại thương
155398,THP,kinh-te-ngoai-thuong,C01,Điểm học bạ,2025,22.5,Kinh tế ngoại thương
155399,THP,kinh-te-ngoai-thuong,C03,Điểm học bạ,2025,22.5,Kinh tế ngoại thương
155400,THP,kinh-te-ngoai-thuong,C04,Điểm học bạ,2025,22.5,Kinh tế ngoại thương
155401,THP,kinh-te-ngoai-thuong,D01,Điểm học bạ,2025,22.5,Kinh tế ngoại thương
155402,THP,kinh-te-ngoai-thuong,A00,Điểm thi THPT,2025,22.5,Kinh tế ngoại thương
155403,THP,kinh-te-ngoai-thuong,A01,Điểm thi THPT,2025,22.5,Kinh tế ngoại thương
155404,THP,kinh-te-ngoai-thuong,C01,Điểm thi THPT,2025,22.5,Kinh tế ngoại thương
155405,THP,kinh-te-ngoai-thuong,C03,Điểm thi THPT,2025,22.5,Kinh tế ngoại thương
155406,THP,kinh-te-ngoai-thuong,C04,Điểm thi THPT,2025,22.5,Kinh tế ngoại thương
155407,THP,kinh-te-ngoai-thuong,D01,Điểm thi THPT,2025,22.5,Kinh tế ngoại thương
155408,THP,logistics-va-van-tai-da-phuong-thuc,A00,Điểm học bạ,2025,23.0,Logistics và vận tải đa phương thức
155409,THP,logistics-va-van-tai-da-phuong-thuc,A01,Điểm học bạ,2025,23.0,Logistics và vận tải đa phương thức
155410,THP,logistics-va-van-tai-da-phuong-thuc,C01,Điểm học bạ,2025,23.0,Logistics và vận tải đa phương thức
155411,THP,logistics-va-van-tai-da-phuong-thuc,C03,Điểm học bạ,2025,23.0,Logistics và vận tải đa phương thức
155412,THP,logistics-va-van-tai-da-phuong-thuc,C04,Điểm học bạ,2025,23.0,Logistics và vận tải đa phương thức
155413,THP,logistics-va-van-tai-da-phuong-thuc,D01,Điểm học bạ,2025,23.0,Logistics và vận tải đa phương thức
155414,THP,logistics-va-van-tai-da-phuong-thuc,A00,Điểm thi THPT,2025,23.0,Logistics và vận tải đa phương thức
155415,THP,logistics-va-van-tai-da-phuong-thuc,A01,Điểm thi THPT,2025,23.0,Logistics và vận tải đa phương thức
155416,THP,logistics-va-van-tai-da-phuong-thuc,C01,Điểm thi THPT,2025,23.0,Logistics và vận tải đa phương thức
155417,THP,logistics-va-van-tai-da-phuong-thuc,C03,Điểm thi THPT,2025,23.0,Logistics và vận tải đa phương thức
155418,THP,logistics-va-van-tai-da-phuong-thuc,C04,Điểm thi THPT,2025,23.0,Logistics và vận tải đa phương thức
155419,THP,logistics-va-van-tai-da-phuong-thuc,D01,Điểm thi THPT,2025,23.0,Logistics và vận tải đa phương thức
155420,THP,luat,A00,Điểm học bạ,2024,26.0,Luật
155421,THP,luat,C00,Điểm học bạ,2024,26.0,Luật
155422,THP,luat,C03,Điểm học bạ,2024,26.0,Luật
155423,THP,luat,D01,Điểm học bạ,2024,26.0,Luật
155424,THP,luat,A00,Điểm thi THPT,2024,24.5,Luật
155425,THP,luat,C00,Điểm thi THPT,2024,24.5,Luật
155426,THP,luat,C03,Điểm thi THPT,2024,24.5,Luật
155427,THP,luat,D01,Điểm thi THPT,2024,24.5,Luật
155428,THP,luat,A00,Điểm học bạ,2025,24.5,Luật
155429,THP,luat,C00,Điểm học bạ,2025,24.5,Luật
155430,THP,luat,C03,Điểm học bạ,2025,24.5,Luật
155431,THP,luat,C04,Điểm học bạ,2025,24.5,Luật
155432,THP,luat,D01,Điểm học bạ,2025,24.5,Luật
155433,THP,luat,D07,Điểm học bạ,2025,24.5,Luật
155434,THP,luat,A00,Điểm thi THPT,2025,24.5,Luật
155435,THP,luat,C00,Điểm thi THPT,2025,24.5,Luật
155436,THP,luat,C03,Điểm thi THPT,2025,24.5,Luật
155437,THP,luat,C04,Điểm thi THPT,2025,24.5,Luật
155438,THP,luat,D01,Điểm thi THPT,2025,24.5,Luật
155439,THP,luat,X01,Điểm thi THPT,2025,24.5,Luật
155440,THP,marketing-so,A00,Điểm học bạ,2025,22.0,Marketing số
155441,THP,marketing-so,A01,Điểm học bạ,2025,22.0,Marketing số
155442,THP,marketing-so,C01,Điểm học bạ,2025,22.0,Marketing số
155443,THP,marketing-so,C03,Điểm học bạ,2025,22.0,Marketing số
155444,THP,marketing-so,C04,Điểm học bạ,2025,22.0,Marketing số
155445,THP,marketing-so,D01,Điểm học bạ,2025,22.0,Marketing số
155446,THP,marketing-so,A00,Điểm thi THPT,2025,22.0,Marketing số
155447,THP,marketing-so,A01,Điểm thi THPT,2025,22.0,Marketing số
155448,THP,marketing-so,C01,Điểm thi THPT,2025,22.0,Marketing số
155449,THP,marketing-so,C03,Điểm thi THPT,2025,22.0,Marketing số
155450,THP,marketing-so,C04,Điểm thi THPT,2025,22.0,Marketing số
155451,THP,marketing-so,D01,Điểm thi THPT,2025,22.0,Marketing số
155452,THP,ngon-ngu-anh,A01,Điểm thi THPT,2021,17.0,Ngôn ngữ Anh
155453,THP,ngon-ngu-anh,D01,Điểm thi THPT,2021,17.0,Ngôn ngữ Anh
155454,THP,ngon-ngu-anh,D06,Điểm thi THPT,2021,17.0,Ngôn ngữ Anh
155455,THP,ngon-ngu-anh,D15,Điểm thi THPT,2021,17.0,Ngôn ngữ Anh
155456,THP,ngon-ngu-anh,A01,Điểm thi THPT,2022,27.0,Ngôn ngữ Anh
155457,THP,ngon-ngu-anh,D01,Điểm thi THPT,2022,27.0,Ngôn ngữ Anh
155458,THP,ngon-ngu-anh,D06,Điểm thi THPT,2022,27.0,Ngôn ngữ Anh
155459,THP,ngon-ngu-anh,D15,Điểm thi THPT,2022,27.0,Ngôn ngữ Anh
155460,THP,ngon-ngu-anh,A01,Điểm thi THPT,2023,24.0,Ngôn ngữ Anh
155461,THP,ngon-ngu-anh,D01,Điểm thi THPT,2023,24.0,Ngôn ngữ Anh
155462,THP,ngon-ngu-anh,D06,Điểm thi THPT,2023,24.0,Ngôn ngữ Anh
155463,THP,ngon-ngu-anh,D15,Điểm thi THPT,2023,24.0,Ngôn ngữ Anh
155464,THP,ngon-ngu-anh,A01,Điểm thi THPT,2024,28.25,Ngôn ngữ Anh
155465,THP,ngon-ngu-anh,D01,Điểm thi THPT,2024,28.25,Ngôn ngữ Anh
155466,THP,ngon-ngu-anh,D06,Điểm thi THPT,2024,28.25,Ngôn ngữ Anh
155467,THP,ngon-ngu-anh,D15,Điểm thi THPT,2024,28.25,Ngôn ngữ Anh
155468,THP,ngon-ngu-anh,D01,Điểm thi THPT,2025,26.5,Ngôn ngữ Anh
155469,THP,ngon-ngu-anh,D09,Điểm thi THPT,2025,26.5,Ngôn ngữ Anh
155470,THP,ngon-ngu-anh,D10,Điểm thi THPT,2025,26.5,Ngôn ngữ Anh
155471,THP,ngon-ngu-anh,D14,Điểm thi THPT,2025,26.5,Ngôn ngữ Anh
155472,THP,ngon-ngu-anh,D15,Điểm thi THPT,2025,26.5,Ngôn ngữ Anh
155473,THP,ngon-ngu-trung-quoc,D01,Điểm thi THPT,2021,21.0,Ngôn ngữ Trung Quốc
155474,THP,ngon-ngu-trung-quoc,D03,Điểm thi THPT,2021,21.0,Ngôn ngữ Trung Quốc
155475,THP,ngon-ngu-trung-quoc,D04,Điểm thi THPT,2021,21.0,Ngôn ngữ Trung Quốc
155476,THP,ngon-ngu-trung-quoc,D06,Điểm thi THPT,2021,21.0,Ngôn ngữ Trung Quốc
155477,THP,ngon-ngu-trung-quoc,D01,Điểm thi THPT,2022,29.5,Ngôn ngữ Trung Quốc
155478,THP,ngon-ngu-trung-quoc,D03,Điểm thi THPT,2022,29.5,Ngôn ngữ Trung Quốc
155479,THP,ngon-ngu-trung-quoc,D04,Điểm thi THPT,2022,29.5,Ngôn ngữ Trung Quốc
155480,THP,ngon-ngu-trung-quoc,D06,Điểm thi THPT,2022,29.5,Ngôn ngữ Trung Quốc
155481,THP,ngon-ngu-trung-quoc,D01,Điểm thi THPT,2023,27.5,Ngôn ngữ Trung Quốc
155482,THP,ngon-ngu-trung-quoc,D03,Điểm thi THPT,2023,27.5,Ngôn ngữ Trung Quốc
155483,THP,ngon-ngu-trung-quoc,D04,Điểm thi THPT,2023,27.5,Ngôn ngữ Trung Quốc
155484,THP,ngon-ngu-trung-quoc,D06,Điểm thi THPT,2023,27.5,Ngôn ngữ Trung Quốc
155485,THP,ngon-ngu-trung-quoc,D01,Điểm thi THPT,2024,31.0,Ngôn ngữ Trung Quốc
155486,THP,ngon-ngu-trung-quoc,D03,Điểm thi THPT,2024,31.0,Ngôn ngữ Trung Quốc
155487,THP,ngon-ngu-trung-quoc,D04,Điểm thi THPT,2024,31.0,Ngôn ngữ Trung Quốc
155488,THP,ngon-ngu-trung-quoc,D06,Điểm thi THPT,2024,31.0,Ngôn ngữ Trung Quốc
155489,THP,ngon-ngu-trung-quoc,D01,Điểm thi THPT,2025,27.0,Ngôn ngữ Trung Quốc
155490,THP,ngon-ngu-trung-quoc,D04,Điểm thi THPT,2025,27.0,Ngôn ngữ Trung Quốc
155491,THP,ngon-ngu-trung-quoc,D09,Điểm thi THPT,2025,27.0,Ngôn ngữ Trung Quốc
155492,THP,ngon-ngu-trung-quoc,D14,Điểm thi THPT,2025,27.0,Ngôn ngữ Trung Quốc
155493,THP,ngon-ngu-trung-quoc,D15,Điểm thi THPT,2025,27.0,Ngôn ngữ Trung Quốc
155494,THP,ngon-ngu-trung-quoc,D45,Điểm thi THPT,2025,27.0,Ngôn ngữ Trung Quốc
155495,THP,quan-ly-kinh-te,A00,Điểm học bạ,2025,22.0,Quản lý kinh tế
155496,THP,quan-ly-kinh-te,A01,Điểm học bạ,2025,22.0,Quản lý kinh tế
155497,THP,quan-ly-kinh-te,C01,Điểm học bạ,2025,22.0,Quản lý kinh tế
155498,THP,quan-ly-kinh-te,C03,Điểm học bạ,2025,22.0,Quản lý kinh tế
155499,THP,quan-ly-kinh-te,C04,Điểm học bạ,2025,22.0,Quản lý kinh tế
155500,THP,quan-ly-kinh-te,D01,Điểm học bạ,2025,22.0,Quản lý kinh tế
155501,THP,quan-ly-kinh-te,A00,Điểm thi THPT,2025,22.0,Quản lý kinh tế
155502,THP,quan-ly-kinh-te,A01,Điểm thi THPT,2025,22.0,Quản lý kinh tế
155503,THP,quan-ly-kinh-te,C01,Điểm thi THPT,2025,22.0,Quản lý kinh tế
155504,THP,quan-ly-kinh-te,C03,Điểm thi THPT,2025,22.0,Quản lý kinh tế
155505,THP,quan-ly-kinh-te,C04,Điểm thi THPT,2025,22.0,Quản lý kinh tế
155506,THP,quan-ly-kinh-te,D01,Điểm thi THPT,2025,22.0,Quản lý kinh tế
155507,THP,quan-tri-dich-vu-du-lich-va-1u-hanh,C00,Điểm học bạ,2023,19.0,Quản trị dịch vụ du lịch và 1ữ hành
155508,THP,quan-tri-dich-vu-du-lich-va-1u-hanh,D01,Điểm học bạ,2023,19.0,Quản trị dịch vụ du lịch và 1ữ hành
155509,THP,quan-tri-dich-vu-du-lich-va-1u-hanh,D06,Điểm học bạ,2023,19.0,Quản trị dịch vụ du lịch và 1ữ hành
155510,THP,quan-tri-dich-vu-du-lich-va-1u-hanh,D15,Điểm học bạ,2023,19.0,Quản trị dịch vụ du lịch và 1ữ hành
155511,THP,quan-tri-dich-vu-du-lich-va-1u-hanh,C00,Điểm thi THPT,2023,16.0,Quản trị dịch vụ du lịch và 1ữ hành
155512,THP,quan-tri-dich-vu-du-lich-va-1u-hanh,D01,Điểm thi THPT,2023,16.0,Quản trị dịch vụ du lịch và 1ữ hành
155513,THP,quan-tri-dich-vu-du-lich-va-1u-hanh,D06,Điểm thi THPT,2023,16.0,Quản trị dịch vụ du lịch và 1ữ hành
155514,THP,quan-tri-dich-vu-du-lich-va-1u-hanh,D15,Điểm thi THPT,2023,16.0,Quản trị dịch vụ du lịch và 1ữ hành
155515,THP,quan-tri-dich-vu-du-lich-va-lu-hanh,C00,Điểm học bạ,2021,17.0,Quản trị dịch vụ du lịch và lữ hành
155516,THP,quan-tri-dich-vu-du-lich-va-lu-hanh,D01,Điểm học bạ,2021,17.0,Quản trị dịch vụ du lịch và lữ hành
155517,THP,quan-tri-dich-vu-du-lich-va-lu-hanh,D06,Điểm học bạ,2021,17.0,Quản trị dịch vụ du lịch và lữ hành
155518,THP,quan-tri-dich-vu-du-lich-va-lu-hanh,D15,Điểm học bạ,2021,17.0,Quản trị dịch vụ du lịch và lữ hành
155519,THP,quan-tri-dich-vu-du-lich-va-lu-hanh,C00,Điểm thi THPT,2021,14.0,Quản trị dịch vụ du lịch và lữ hành
155520,THP,quan-tri-dich-vu-du-lich-va-lu-hanh,D01,Điểm thi THPT,2021,14.0,Quản trị dịch vụ du lịch và lữ hành
155521,THP,quan-tri-dich-vu-du-lich-va-lu-hanh,D06,Điểm thi THPT,2021,14.0,Quản trị dịch vụ du lịch và lữ hành
155522,THP,quan-tri-dich-vu-du-lich-va-lu-hanh,D15,Điểm thi THPT,2021,14.0,Quản trị dịch vụ du lịch và lữ hành
155523,THP,quan-tri-dich-vu-du-lich-va-lu-hanh,C00,Điểm học bạ,2022,17.0,Quản trị dịch vụ du lịch và lữ hành
155524,THP,quan-tri-dich-vu-du-lich-va-lu-hanh,D01,Điểm học bạ,2022,17.0,Quản trị dịch vụ du lịch và lữ hành
155525,THP,quan-tri-dich-vu-du-lich-va-lu-hanh,D06,Điểm học bạ,2022,17.0,Quản trị dịch vụ du lịch và lữ hành
155526,THP,quan-tri-dich-vu-du-lich-va-lu-hanh,D15,Điểm học bạ,2022,17.0,Quản trị dịch vụ du lịch và lữ hành
155527,THP,quan-tri-dich-vu-du-lich-va-lu-hanh,C00,Điểm thi THPT,2022,16.0,Quản trị dịch vụ du lịch và lữ hành
155528,THP,quan-tri-dich-vu-du-lich-va-lu-hanh,D01,Điểm thi THPT,2022,16.0,Quản trị dịch vụ du lịch và lữ hành
155529,THP,quan-tri-dich-vu-du-lich-va-lu-hanh,D06,Điểm thi THPT,2022,16.0,Quản trị dịch vụ du lịch và lữ hành
155530,THP,quan-tri-dich-vu-du-lich-va-lu-hanh,D15,Điểm thi THPT,2022,16.0,Quản trị dịch vụ du lịch và lữ hành
155531,THP,quan-tri-dich-vu-du-lich-va-lu-hanh,C00,Điểm học bạ,2024,25.0,Quản trị dịch vụ du lịch và lữ hành
155532,THP,quan-tri-dich-vu-du-lich-va-lu-hanh,D01,Điểm học bạ,2024,25.0,Quản trị dịch vụ du lịch và lữ hành
155533,THP,quan-tri-dich-vu-du-lich-va-lu-hanh,D06,Điểm học bạ,2024,25.0,Quản trị dịch vụ du lịch và lữ hành
155534,THP,quan-tri-dich-vu-du-lich-va-lu-hanh,D15,Điểm học bạ,2024,25.0,Quản trị dịch vụ du lịch và lữ hành
155535,THP,quan-tri-dich-vu-du-lich-va-lu-hanh,C00,Điểm thi THPT,2024,23.5,Quản trị dịch vụ du lịch và lữ hành
155536,THP,quan-tri-dich-vu-du-lich-va-lu-hanh,D01,Điểm thi THPT,2024,23.5,Quản trị dịch vụ du lịch và lữ hành
155537,THP,quan-tri-dich-vu-du-lich-va-lu-hanh,D06,Điểm thi THPT,2024,23.5,Quản trị dịch vụ du lịch và lữ hành
155538,THP,quan-tri-dich-vu-du-lich-va-lu-hanh,D15,Điểm thi THPT,2024,23.5,Quản trị dịch vụ du lịch và lữ hành
155539,THP,quan-tri-dich-vu-du-lich-va-lu-hanh,C00,Điểm học bạ,2025,24.0,Quản trị dịch vụ du lịch và lữ hành
155540,THP,quan-tri-dich-vu-du-lich-va-lu-hanh,C03,Điểm học bạ,2025,24.0,Quản trị dịch vụ du lịch và lữ hành
155541,THP,quan-tri-dich-vu-du-lich-va-lu-hanh,C04,Điểm học bạ,2025,24.0,Quản trị dịch vụ du lịch và lữ hành
155542,THP,quan-tri-dich-vu-du-lich-va-lu-hanh,D01,Điểm học bạ,2025,24.0,Quản trị dịch vụ du lịch và lữ hành
155543,THP,quan-tri-dich-vu-du-lich-va-lu-hanh,D14,Điểm học bạ,2025,24.0,Quản trị dịch vụ du lịch và lữ hành
155544,THP,quan-tri-dich-vu-du-lich-va-lu-hanh,D15,Điểm học bạ,2025,24.0,Quản trị dịch vụ du lịch và lữ hành
155545,THP,quan-tri-dich-vu-du-lich-va-lu-hanh,C00,Điểm thi THPT,2025,24.0,Quản trị dịch vụ du lịch và lữ hành
155546,THP,quan-tri-dich-vu-du-lich-va-lu-hanh,C03,Điểm thi THPT,2025,24.0,Quản trị dịch vụ du lịch và lữ hành
155547,THP,quan-tri-dich-vu-du-lich-va-lu-hanh,C04,Điểm thi THPT,2025,24.0,Quản trị dịch vụ du lịch và lữ hành
155548,THP,quan-tri-dich-vu-du-lich-va-lu-hanh,D01,Điểm thi THPT,2025,24.0,Quản trị dịch vụ du lịch và lữ hành
155549,THP,quan-tri-dich-vu-du-lich-va-lu-hanh,D14,Điểm thi THPT,2025,24.0,Quản trị dịch vụ du lịch và lữ hành
155550,THP,quan-tri-dich-vu-du-lich-va-lu-hanh,D15,Điểm thi THPT,2025,24.0,Quản trị dịch vụ du lịch và lữ hành
155551,THP,quan-tri-kinh-doanh,A00,Điểm học bạ,2021,20.0,Quản trị kinh doanh
155552,THP,quan-tri-kinh-doanh,A01,Điểm học bạ,2021,20.0,Quản trị kinh doanh
155553,THP,quan-tri-kinh-doanh,C01,Điểm học bạ,2021,20.0,Quản trị kinh doanh
155554,THP,quan-tri-kinh-doanh,D01,Điểm học bạ,2021,20.0,Quản trị kinh doanh
155555,THP,quan-tri-kinh-doanh,A00,Điểm thi THPT,2021,15.0,Quản trị kinh doanh
155556,THP,quan-tri-kinh-doanh,A01,Điểm thi THPT,2021,15.0,Quản trị kinh doanh
155557,THP,quan-tri-kinh-doanh,C01,Điểm thi THPT,2021,15.0,Quản trị kinh doanh
155558,THP,quan-tri-kinh-doanh,D01,Điểm thi THPT,2021,15.0,Quản trị kinh doanh
155559,THP,quan-tri-kinh-doanh,A00,Điểm học bạ,2022,24.0,Quản trị kinh doanh
155560,THP,quan-tri-kinh-doanh,A01,Điểm học bạ,2022,24.0,Quản trị kinh doanh
155561,THP,quan-tri-kinh-doanh,C01,Điểm học bạ,2022,24.0,Quản trị kinh doanh
155562,THP,quan-tri-kinh-doanh,D01,Điểm học bạ,2022,24.0,Quản trị kinh doanh
155563,THP,quan-tri-kinh-doanh,A00,Điểm thi THPT,2022,19.0,Quản trị kinh doanh
155564,THP,quan-tri-kinh-doanh,A01,Điểm thi THPT,2022,19.0,Quản trị kinh doanh
155565,THP,quan-tri-kinh-doanh,C01,Điểm thi THPT,2022,19.0,Quản trị kinh doanh
155566,THP,quan-tri-kinh-doanh,D01,Điểm thi THPT,2022,19.0,Quản trị kinh doanh
155567,THP,quan-tri-kinh-doanh,A00,Điểm học bạ,2023,21.0,Quản trị kinh doanh
155568,THP,quan-tri-kinh-doanh,A01,Điểm học bạ,2023,21.0,Quản trị kinh doanh
155569,THP,quan-tri-kinh-doanh,C01,Điểm học bạ,2023,21.0,Quản trị kinh doanh
155570,THP,quan-tri-kinh-doanh,D01,Điểm học bạ,2023,21.0,Quản trị kinh doanh
155571,THP,quan-tri-kinh-doanh,A00,Điểm thi THPT,2023,17.0,Quản trị kinh doanh
155572,THP,quan-tri-kinh-doanh,A01,Điểm thi THPT,2023,17.0,Quản trị kinh doanh
155573,THP,quan-tri-kinh-doanh,C01,Điểm thi THPT,2023,17.0,Quản trị kinh doanh
155574,THP,quan-tri-kinh-doanh,D01,Điểm thi THPT,2023,17.0,Quản trị kinh doanh
155575,THP,quan-tri-kinh-doanh,A00,Điểm học bạ,2024,23.0,Quản trị kinh doanh
155576,THP,quan-tri-kinh-doanh,A01,Điểm học bạ,2024,23.0,Quản trị kinh doanh
155577,THP,quan-tri-kinh-doanh,C01,Điểm học bạ,2024,23.0,Quản trị kinh doanh
155578,THP,quan-tri-kinh-doanh,D01,Điểm học bạ,2024,23.0,Quản trị kinh doanh
155579,THP,quan-tri-kinh-doanh,A00,Điểm thi THPT,2024,20.0,Quản trị kinh doanh
155580,THP,quan-tri-kinh-doanh,A01,Điểm thi THPT,2024,20.0,Quản trị kinh doanh
155581,THP,quan-tri-kinh-doanh,C01,Điểm thi THPT,2024,20.0,Quản trị kinh doanh
155582,THP,quan-tri-kinh-doanh,D01,Điểm thi THPT,2024,20.0,Quản trị kinh doanh
155583,THP,quan-tri-kinh-doanh,A00,Điểm học bạ,2025,22.0,Quản trị kinh doanh
155584,THP,quan-tri-kinh-doanh,A01,Điểm học bạ,2025,22.0,Quản trị kinh doanh
155585,THP,quan-tri-kinh-doanh,C01,Điểm học bạ,2025,22.0,Quản trị kinh doanh
155586,THP,quan-tri-kinh-doanh,C03,Điểm học bạ,2025,22.0,Quản trị kinh doanh
155587,THP,quan-tri-kinh-doanh,C04,Điểm học bạ,2025,22.0,Quản trị kinh doanh
155588,THP,quan-tri-kinh-doanh,D01,Điểm học bạ,2025,22.0,Quản trị kinh doanh
155589,THP,quan-tri-kinh-doanh,A00,Điểm thi THPT,2025,22.0,Quản trị kinh doanh
155590,THP,quan-tri-kinh-doanh,A01,Điểm thi THPT,2025,22.0,Quản trị kinh doanh
155591,THP,quan-tri-kinh-doanh,C01,Điểm thi THPT,2025,22.0,Quản trị kinh doanh
155592,THP,quan-tri-kinh-doanh,C03,Điểm thi THPT,2025,22.0,Quản trị kinh doanh
155593,THP,quan-tri-kinh-doanh,C04,Điểm thi THPT,2025,22.0,Quản trị kinh doanh
155594,THP,quan-tri-kinh-doanh,D01,Điểm thi THPT,2025,22.0,Quản trị kinh doanh
155595,THP,quan-tri-lu-hanh-khach-san,C00,Điểm học bạ,2025,23.5,"Quản trị lữ hành, khách sạn"
155596,THP,quan-tri-lu-hanh-khach-san,C03,Điểm học bạ,2025,23.5,"Quản trị lữ hành, khách sạn"
155597,THP,quan-tri-lu-hanh-khach-san,C04,Điểm học bạ,2025,23.5,"Quản trị lữ hành, khách sạn"
155598,THP,quan-tri-lu-hanh-khach-san,D01,Điểm học bạ,2025,23.5,"Quản trị lữ hành, khách sạn"
155599,THP,quan-tri-lu-hanh-khach-san,D14,Điểm học bạ,2025,23.5,"Quản trị lữ hành, khách sạn"
155600,THP,quan-tri-lu-hanh-khach-san,D15,Điểm học bạ,2025,23.5,"Quản trị lữ hành, khách sạn"
155601,THP,quan-tri-lu-hanh-khach-san,C00,Điểm thi THPT,2025,23.5,"Quản trị lữ hành, khách sạn"
155602,THP,quan-tri-lu-hanh-khach-san,C03,Điểm thi THPT,2025,23.5,"Quản trị lữ hành, khách sạn"
155603,THP,quan-tri-lu-hanh-khach-san,C04,Điểm thi THPT,2025,23.5,"Quản trị lữ hành, khách sạn"
155604,THP,quan-tri-lu-hanh-khach-san,D01,Điểm thi THPT,2025,23.5,"Quản trị lữ hành, khách sạn"
155605,THP,quan-tri-lu-hanh-khach-san,D14,Điểm thi THPT,2025,23.5,"Quản trị lữ hành, khách sạn"
155606,THP,quan-tri-lu-hanh-khach-san,D15,Điểm thi THPT,2025,23.5,"Quản trị lữ hành, khách sạn"
155607,THP,quan-tri-tai-chinh-ke-toan,A00,Điểm học bạ,2025,22.0,Quản trị tài chính kế toán
155608,THP,quan-tri-tai-chinh-ke-toan,A01,Điểm học bạ,2025,22.0,Quản trị tài chính kế toán
155609,THP,quan-tri-tai-chinh-ke-toan,C01,Điểm học bạ,2025,22.0,Quản trị tài chính kế toán
155610,THP,quan-tri-tai-chinh-ke-toan,C03,Điểm học bạ,2025,22.0,Quản trị tài chính kế toán
155611,THP,quan-tri-tai-chinh-ke-toan,C04,Điểm học bạ,2025,22.0,Quản trị tài chính kế toán
155612,THP,quan-tri-tai-chinh-ke-toan,D01,Điểm học bạ,2025,22.0,Quản trị tài chính kế toán
155613,THP,quan-tri-tai-chinh-ke-toan,A00,Điểm thi THPT,2025,22.0,Quản trị tài chính kế toán
155614,THP,quan-tri-tai-chinh-ke-toan,A01,Điểm thi THPT,2025,22.0,Quản trị tài chính kế toán
155615,THP,quan-tri-tai-chinh-ke-toan,C01,Điểm thi THPT,2025,22.0,Quản trị tài chính kế toán
155616,THP,quan-tri-tai-chinh-ke-toan,C03,Điểm thi THPT,2025,22.0,Quản trị tài chính kế toán
155617,THP,quan-tri-tai-chinh-ke-toan,C04,Điểm thi THPT,2025,22.0,Quản trị tài chính kế toán
155618,THP,quan-tri-tai-chinh-ke-toan,D01,Điểm thi THPT,2025,22.0,Quản trị tài chính kế toán
155619,THP,su-pham-hoa-hoc,A00,Điểm thi THPT,2021,19.0,Sư phạm Hóa học
155620,THP,su-pham-hoa-hoc,A01,Điểm thi THPT,2021,19.0,Sư phạm Hóa học
155621,THP,su-pham-hoa-hoc,C01,Điểm thi THPT,2021,19.0,Sư phạm Hóa học
155622,THP,su-pham-hoa-hoc,D01,Điểm thi THPT,2021,19.0,Sư phạm Hóa học
155623,THP,su-pham-ngu-van,C00,Điểm thi THPT,2021,19.0,"Sư phạm Ngữ văn (các chuyên ngành: Ngữ văn, Ngữ văn - Địa lí; Ngữ Văn - Lịch sử; Ngữ văn - Giáo dục công dân; Ngữ văn - Công tác Đội)"
155624,THP,su-pham-ngu-van,D01,Điểm thi THPT,2021,19.0,"Sư phạm Ngữ văn (các chuyên ngành: Ngữ văn, Ngữ văn - Địa lí; Ngữ Văn - Lịch sử; Ngữ văn - Giáo dục công dân; Ngữ văn - Công tác Đội)"
155625,THP,su-pham-ngu-van,D14,Điểm thi THPT,2021,19.0,"Sư phạm Ngữ văn (các chuyên ngành: Ngữ văn, Ngữ văn - Địa lí; Ngữ Văn - Lịch sử; Ngữ văn - Giáo dục công dân; Ngữ văn - Công tác Đội)"
155626,THP,su-pham-ngu-van,D15,Điểm thi THPT,2021,19.0,"Sư phạm Ngữ văn (các chuyên ngành: Ngữ văn, Ngữ văn - Địa lí; Ngữ Văn - Lịch sử; Ngữ văn - Giáo dục công dân; Ngữ văn - Công tác Đội)"
155627,THP,su-pham-ngu-van,C00,Điểm thi THPT,2022,23.5,Sư phạm Ngữ văn
155628,THP,su-pham-ngu-van,D01,Điểm thi THPT,2022,23.5,Sư phạm Ngữ văn
155629,THP,su-pham-ngu-van,D14,Điểm thi THPT,2022,23.5,Sư phạm Ngữ văn
155630,THP,su-pham-ngu-van,D15,Điểm thi THPT,2022,23.5,Sư phạm Ngữ văn
155631,THP,su-pham-ngu-van,C00,Điểm thi THPT,2023,23.5,Sư phạm Ngữ văn
155632,THP,su-pham-ngu-van,D01,Điểm thi THPT,2023,23.5,Sư phạm Ngữ văn
155633,THP,su-pham-ngu-van,D14,Điểm thi THPT,2023,23.5,Sư phạm Ngữ văn
155634,THP,su-pham-ngu-van,D15,Điểm thi THPT,2023,23.5,Sư phạm Ngữ văn
155635,THP,su-pham-ngu-van,C00,Điểm thi THPT,2024,26.5,Sư phạm Ngữ văn
155636,THP,su-pham-ngu-van,D01,Điểm thi THPT,2024,26.5,Sư phạm Ngữ văn
155637,THP,su-pham-ngu-van,D14,Điểm thi THPT,2024,26.5,Sư phạm Ngữ văn
155638,THP,su-pham-ngu-van,D15,Điểm thi THPT,2024,26.5,Sư phạm Ngữ văn
155639,THP,su-pham-ngu-van,C00,Điểm thi THPT,2025,26.0,Sư phạm Ngữ văn
155640,THP,su-pham-ngu-van,C03,Điểm thi THPT,2025,26.0,Sư phạm Ngữ văn
155641,THP,su-pham-ngu-van,C04,Điểm thi THPT,2025,26.0,Sư phạm Ngữ văn
155642,THP,su-pham-ngu-van,D01,Điểm thi THPT,2025,26.0,Sư phạm Ngữ văn
155643,THP,su-pham-ngu-van,D14,Điểm thi THPT,2025,26.0,Sư phạm Ngữ văn
155644,THP,su-pham-ngu-van,D15,Điểm thi THPT,2025,26.0,Sư phạm Ngữ văn
155645,THP,su-pham-tieng-anh,A01,Điểm thi THPT,2021,22.0,"Sư phạm Tiếng Anh (các chuyên ngành: SP Tiếng Anh, SP Tiếng Anh – Tiếng Nhật)"
155646,THP,su-pham-tieng-anh,D01,Điểm thi THPT,2021,22.0,"Sư phạm Tiếng Anh (các chuyên ngành: SP Tiếng Anh, SP Tiếng Anh – Tiếng Nhật)"
155647,THP,su-pham-tieng-anh,D06,Điểm thi THPT,2021,22.0,"Sư phạm Tiếng Anh (các chuyên ngành: SP Tiếng Anh, SP Tiếng Anh – Tiếng Nhật)"
155648,THP,su-pham-tieng-anh,D15,Điểm thi THPT,2021,22.0,"Sư phạm Tiếng Anh (các chuyên ngành: SP Tiếng Anh, SP Tiếng Anh – Tiếng Nhật)"
155649,THP,su-pham-tieng-anh,A01,Điểm thi THPT,2022,26.5,Sư phạm Tiếng Anh
155650,THP,su-pham-tieng-anh,D01,Điểm thi THPT,2022,26.5,Sư phạm Tiếng Anh
155651,THP,su-pham-tieng-anh,D06,Điểm thi THPT,2022,26.5,Sư phạm Tiếng Anh
155652,THP,su-pham-tieng-anh,D15,Điểm thi THPT,2022,26.5,Sư phạm Tiếng Anh
155653,THP,su-pham-tieng-anh,A01,Điểm thi THPT,2023,30.5,Sư phạm Tiếng Anh
155654,THP,su-pham-tieng-anh,D01,Điểm thi THPT,2023,30.5,Sư phạm Tiếng Anh
155655,THP,su-pham-tieng-anh,D06,Điểm thi THPT,2023,30.5,Sư phạm Tiếng Anh
155656,THP,su-pham-tieng-anh,D15,Điểm thi THPT,2023,30.5,Sư phạm Tiếng Anh
155657,THP,su-pham-tieng-anh,A01,Điểm thi THPT,2024,33.5,Sư phạm Tiếng Anh
155658,THP,su-pham-tieng-anh,D01,Điểm thi THPT,2024,33.5,Sư phạm Tiếng Anh
155659,THP,su-pham-tieng-anh,D06,Điểm thi THPT,2024,33.5,Sư phạm Tiếng Anh
155660,THP,su-pham-tieng-anh,D15,Điểm thi THPT,2024,33.5,Sư phạm Tiếng Anh
155661,THP,su-pham-tieng-anh,D01,Điểm thi THPT,2025,32.0,Sư phạm Tiếng Anh
155662,THP,su-pham-tieng-anh,D06,Điểm thi THPT,2025,32.0,Sư phạm Tiếng Anh
155663,THP,su-pham-tieng-anh,D09,Điểm thi THPT,2025,32.0,Sư phạm Tiếng Anh
155664,THP,su-pham-tieng-anh,D10,Điểm thi THPT,2025,32.0,Sư phạm Tiếng Anh
155665,THP,su-pham-tieng-anh,D14,Điểm thi THPT,2025,32.0,Sư phạm Tiếng Anh
155666,THP,su-pham-tieng-anh,D15,Điểm thi THPT,2025,32.0,Sư phạm Tiếng Anh
155667,THP,su-pham-tin-hoc,A00,Điểm thi THPT,2021,19.0,Sư phạm Tin học
155668,THP,su-pham-tin-hoc,A01,Điểm thi THPT,2021,19.0,Sư phạm Tin học
155669,THP,su-pham-tin-hoc,C01,Điểm thi THPT,2021,19.0,Sư phạm Tin học
155670,THP,su-pham-tin-hoc,D01,Điểm thi THPT,2021,19.0,Sư phạm Tin học
155671,THP,su-pham-toan-hoc,A00,Điểm thi THPT,2021,19.0,Sư phạm Toán học (các chuyên ngành: SP Toán học; SP Toán - Vật lý; SP Toán - Hóa học)
155672,THP,su-pham-toan-hoc,A01,Điểm thi THPT,2021,19.0,Sư phạm Toán học (các chuyên ngành: SP Toán học; SP Toán - Vật lý; SP Toán - Hóa học)
155673,THP,su-pham-toan-hoc,C01,Điểm thi THPT,2021,19.0,Sư phạm Toán học (các chuyên ngành: SP Toán học; SP Toán - Vật lý; SP Toán - Hóa học)
155674,THP,su-pham-toan-hoc,D01,Điểm thi THPT,2021,19.0,Sư phạm Toán học (các chuyên ngành: SP Toán học; SP Toán - Vật lý; SP Toán - Hóa học)
155675,THP,su-pham-toan-hoc,A00,Điểm thi THPT,2022,21.5,Sư phạm Toán học
155676,THP,su-pham-toan-hoc,A01,Điểm thi THPT,2022,21.5,Sư phạm Toán học
155677,THP,su-pham-toan-hoc,C01,Điểm thi THPT,2022,21.5,Sư phạm Toán học
155678,THP,su-pham-toan-hoc,D01,Điểm thi THPT,2022,21.5,Sư phạm Toán học
155679,THP,su-pham-toan-hoc,A00,Điểm thi THPT,2023,23.5,Sư phạm Toán học
155680,THP,su-pham-toan-hoc,A01,Điểm thi THPT,2023,23.5,Sư phạm Toán học
155681,THP,su-pham-toan-hoc,C01,Điểm thi THPT,2023,23.5,Sư phạm Toán học
155682,THP,su-pham-toan-hoc,D01,Điểm thi THPT,2023,23.5,Sư phạm Toán học
155683,THP,su-pham-toan-hoc,A00,Điểm thi THPT,2024,25.75,Sư phạm Toán học
155684,THP,su-pham-toan-hoc,A01,Điểm thi THPT,2024,25.75,Sư phạm Toán học
155685,THP,su-pham-toan-hoc,C01,Điểm thi THPT,2024,25.75,Sư phạm Toán học
155686,THP,su-pham-toan-hoc,D01,Điểm thi THPT,2024,25.75,Sư phạm Toán học
155687,THP,su-pham-toan-hoc,A00,Điểm thi THPT,2025,25.0,Sư phạm Toán học
155688,THP,su-pham-toan-hoc,A01,Điểm thi THPT,2025,25.0,Sư phạm Toán học
155689,THP,su-pham-toan-hoc,C01,Điểm thi THPT,2025,25.0,Sư phạm Toán học
155690,THP,su-pham-toan-hoc,C02,Điểm thi THPT,2025,25.0,Sư phạm Toán học
155691,THP,su-pham-toan-hoc,D07,Điểm thi THPT,2025,25.0,Sư phạm Toán học
155692,THP,su-pham-vat-ly,A00,Điểm thi THPT,2021,19.0,Sư phạm Vật lý
155693,THP,su-pham-vat-ly,A01,Điểm thi THPT,2021,19.0,Sư phạm Vật lý
155694,THP,su-pham-vat-ly,C01,Điểm thi THPT,2021,19.0,Sư phạm Vật lý
155695,THP,su-pham-vat-ly,D01,Điểm thi THPT,2021,19.0,Sư phạm Vật lý
155696,THP,tai-chinh-doanh-nghiep,A00,Điểm học bạ,2025,19.25,Tài chính doanh nghiệp
155697,THP,tai-chinh-doanh-nghiep,A01,Điểm học bạ,2025,19.25,Tài chính doanh nghiệp
155698,THP,tai-chinh-doanh-nghiep,C01,Điểm học bạ,2025,19.25,Tài chính doanh nghiệp
155699,THP,tai-chinh-doanh-nghiep,C02,Điểm học bạ,2025,19.25,Tài chính doanh nghiệp
155700,THP,tai-chinh-doanh-nghiep,D01,Điểm học bạ,2025,19.25,Tài chính doanh nghiệp
155701,THP,tai-chinh-doanh-nghiep,D07,Điểm học bạ,2025,19.25,Tài chính doanh nghiệp
155702,THP,tai-chinh-doanh-nghiep,A00,Điểm thi THPT,2025,19.25,Tài chính doanh nghiệp
155703,THP,tai-chinh-doanh-nghiep,A01,Điểm thi THPT,2025,19.25,Tài chính doanh nghiệp
155704,THP,tai-chinh-doanh-nghiep,C01,Điểm thi THPT,2025,19.25,Tài chính doanh nghiệp
155705,THP,tai-chinh-doanh-nghiep,C02,Điểm thi THPT,2025,19.25,Tài chính doanh nghiệp
155706,THP,tai-chinh-doanh-nghiep,D01,Điểm thi THPT,2025,19.25,Tài chính doanh nghiệp
155707,THP,tai-chinh-doanh-nghiep,D07,Điểm thi THPT,2025,19.25,Tài chính doanh nghiệp
155708,THP,tai-chinh-ngan-hang,A00,Điểm học bạ,2022,17.0,Tài chính - Ngân hàng
155709,THP,tai-chinh-ngan-hang,A01,Điểm học bạ,2022,17.0,Tài chính - Ngân hàng
155710,THP,tai-chinh-ngan-hang,C01,Điểm học bạ,2022,17.0,Tài chính - Ngân hàng
155711,THP,tai-chinh-ngan-hang,D01,Điểm học bạ,2022,17.0,Tài chính - Ngân hàng
155712,THP,tai-chinh-ngan-hang,A00,Điểm thi THPT,2022,14.0,Tài chính - Ngân hàng
155713,THP,tai-chinh-ngan-hang,A01,Điểm thi THPT,2022,14.0,Tài chính - Ngân hàng
155714,THP,tai-chinh-ngan-hang,C01,Điểm thi THPT,2022,14.0,Tài chính - Ngân hàng
155715,THP,tai-chinh-ngan-hang,D01,Điểm thi THPT,2022,14.0,Tài chính - Ngân hàng
155716,THP,tai-chinh-ngan-hang,A00,Điểm học bạ,2023,16.5,Tài chính - Ngân hàng
155717,THP,tai-chinh-ngan-hang,A01,Điểm học bạ,2023,16.5,Tài chính - Ngân hàng
155718,THP,tai-chinh-ngan-hang,C01,Điểm học bạ,2023,16.5,Tài chính - Ngân hàng
155719,THP,tai-chinh-ngan-hang,D01,Điểm học bạ,2023,16.5,Tài chính - Ngân hàng
155720,THP,tai-chinh-ngan-hang,A00,Điểm thi THPT,2023,15.0,Tài chính - Ngân hàng
155721,THP,tai-chinh-ngan-hang,A01,Điểm thi THPT,2023,15.0,Tài chính - Ngân hàng
155722,THP,tai-chinh-ngan-hang,C01,Điểm thi THPT,2023,15.0,Tài chính - Ngân hàng
155723,THP,tai-chinh-ngan-hang,D01,Điểm thi THPT,2023,15.0,Tài chính - Ngân hàng
155724,THP,tai-chinh-ngan-hang,A00,Điểm học bạ,2024,24.0,Tài chính - Ngân hàng
155725,THP,tai-chinh-ngan-hang,A01,Điểm học bạ,2024,24.0,Tài chính - Ngân hàng
155726,THP,tai-chinh-ngan-hang,C01,Điểm học bạ,2024,24.0,Tài chính - Ngân hàng
155727,THP,tai-chinh-ngan-hang,D01,Điểm học bạ,2024,24.0,Tài chính - Ngân hàng
155728,THP,tai-chinh-ngan-hang,A00,Điểm thi THPT,2024,19.5,Tài chính - Ngân hàng
155729,THP,tai-chinh-ngan-hang,A01,Điểm thi THPT,2024,19.5,Tài chính - Ngân hàng
155730,THP,tai-chinh-ngan-hang,C01,Điểm thi THPT,2024,19.5,Tài chính - Ngân hàng
155731,THP,tai-chinh-ngan-hang,D01,Điểm thi THPT,2024,19.5,Tài chính - Ngân hàng
155732,THP,tai-chinh-ngan-hang-cac-chuyen-nganh-tai-chinh-doanh-nghiep-ngan-hang,A00,Điểm học bạ,2021,17.0,"Tài chính - Ngân hàng (các chuyên ngành: Tài chính doanh nghiệp, Ngân hàng;"
155733,THP,tai-chinh-ngan-hang-cac-chuyen-nganh-tai-chinh-doanh-nghiep-ngan-hang,A01,Điểm học bạ,2021,17.0,"Tài chính - Ngân hàng (các chuyên ngành: Tài chính doanh nghiệp, Ngân hàng;"
155734,THP,tai-chinh-ngan-hang-cac-chuyen-nganh-tai-chinh-doanh-nghiep-ngan-hang,C01,Điểm học bạ,2021,17.0,"Tài chính - Ngân hàng (các chuyên ngành: Tài chính doanh nghiệp, Ngân hàng;"
155735,THP,tai-chinh-ngan-hang-cac-chuyen-nganh-tai-chinh-doanh-nghiep-ngan-hang,D01,Điểm học bạ,2021,17.0,"Tài chính - Ngân hàng (các chuyên ngành: Tài chính doanh nghiệp, Ngân hàng;"
155736,THP,tai-chinh-ngan-hang-cac-chuyen-nganh-tai-chinh-doanh-nghiep-ngan-hang,A00,Điểm thi THPT,2021,14.0,"Tài chính - Ngân hàng (các chuyên ngành: Tài chính doanh nghiệp, Ngân hàng;"
155737,THP,tai-chinh-ngan-hang-cac-chuyen-nganh-tai-chinh-doanh-nghiep-ngan-hang,A01,Điểm thi THPT,2021,14.0,"Tài chính - Ngân hàng (các chuyên ngành: Tài chính doanh nghiệp, Ngân hàng;"
155738,THP,tai-chinh-ngan-hang-cac-chuyen-nganh-tai-chinh-doanh-nghiep-ngan-hang,C01,Điểm thi THPT,2021,14.0,"Tài chính - Ngân hàng (các chuyên ngành: Tài chính doanh nghiệp, Ngân hàng;"
155739,THP,tai-chinh-ngan-hang-cac-chuyen-nganh-tai-chinh-doanh-nghiep-ngan-hang,D01,Điểm thi THPT,2021,14.0,"Tài chính - Ngân hàng (các chuyên ngành: Tài chính doanh nghiệp, Ngân hàng;"
155740,THP,thiet-ke-game-va-multimedia,A00,Điểm học bạ,2025,20.0,Thiết kế game và Multimedia (CLC)
155741,THP,thiet-ke-game-va-multimedia,A01,Điểm học bạ,2025,20.0,Thiết kế game và Multimedia (CLC)
155742,THP,thiet-ke-game-va-multimedia,C01,Điểm học bạ,2025,20.0,Thiết kế game và Multimedia (CLC)
155743,THP,thiet-ke-game-va-multimedia,C02,Điểm học bạ,2025,20.0,Thiết kế game và Multimedia (CLC)
155744,THP,thiet-ke-game-va-multimedia,D01,Điểm học bạ,2025,20.0,Thiết kế game và Multimedia (CLC)
155745,THP,thiet-ke-game-va-multimedia,A00,Điểm thi THPT,2025,20.0,Thiết kế game và Multimedia (CLC)
155746,THP,thiet-ke-game-va-multimedia,A01,Điểm thi THPT,2025,20.0,Thiết kế game và Multimedia (CLC)
155747,THP,thiet-ke-game-va-multimedia,C01,Điểm thi THPT,2025,20.0,Thiết kế game và Multimedia (CLC)
155748,THP,thiet-ke-game-va-multimedia,C02,Điểm thi THPT,2025,20.0,Thiết kế game và Multimedia (CLC)
155749,THP,thiet-ke-game-va-multimedia,D01,Điểm thi THPT,2025,20.0,Thiết kế game và Multimedia (CLC)
155750,THP,thuong-mai-dien-tu,A00,Điểm học bạ,2021,17.0,Thương mại điện tử
155751,THP,thuong-mai-dien-tu,A01,Điểm học bạ,2021,17.0,Thương mại điện tử
155752,THP,thuong-mai-dien-tu,C01,Điểm học bạ,2021,17.0,Thương mại điện tử
155753,THP,thuong-mai-dien-tu,D01,Điểm học bạ,2021,17.0,Thương mại điện tử
155754,THP,thuong-mai-dien-tu,A00,Điểm thi THPT,2021,14.0,Thương mại điện tử
155755,THP,thuong-mai-dien-tu,A01,Điểm thi THPT,2021,14.0,Thương mại điện tử
155756,THP,thuong-mai-dien-tu,C01,Điểm thi THPT,2021,14.0,Thương mại điện tử
155757,THP,thuong-mai-dien-tu,D01,Điểm thi THPT,2021,14.0,Thương mại điện tử
155758,THP,thuong-mai-dien-tu,A00,Điểm học bạ,2022,17.0,Thương mại điện tử
155759,THP,thuong-mai-dien-tu,A01,Điểm học bạ,2022,17.0,Thương mại điện tử
155760,THP,thuong-mai-dien-tu,C01,Điểm học bạ,2022,17.0,Thương mại điện tử
155761,THP,thuong-mai-dien-tu,D01,Điểm học bạ,2022,17.0,Thương mại điện tử
155762,THP,thuong-mai-dien-tu,A00,Điểm thi THPT,2022,14.0,Thương mại điện tử
155763,THP,thuong-mai-dien-tu,A01,Điểm thi THPT,2022,14.0,Thương mại điện tử
155764,THP,thuong-mai-dien-tu,C01,Điểm thi THPT,2022,14.0,Thương mại điện tử
155765,THP,thuong-mai-dien-tu,D01,Điểm thi THPT,2022,14.0,Thương mại điện tử
155766,THP,thuong-mai-dien-tu,A00,Điểm học bạ,2023,19.0,Thương mại điện tử
155767,THP,thuong-mai-dien-tu,A01,Điểm học bạ,2023,19.0,Thương mại điện tử
155768,THP,thuong-mai-dien-tu,C01,Điểm học bạ,2023,19.0,Thương mại điện tử
155769,THP,thuong-mai-dien-tu,D01,Điểm học bạ,2023,19.0,Thương mại điện tử
155770,THP,thuong-mai-dien-tu,A00,Điểm thi THPT,2023,15.0,Thương mại điện tử
155771,THP,thuong-mai-dien-tu,A01,Điểm thi THPT,2023,15.0,Thương mại điện tử
155772,THP,thuong-mai-dien-tu,C01,Điểm thi THPT,2023,15.0,Thương mại điện tử
155773,THP,thuong-mai-dien-tu,D01,Điểm thi THPT,2023,15.0,Thương mại điện tử
155774,THP,thuong-mai-dien-tu,A00,Điểm học bạ,2024,21.0,Thương mại điện tử
155775,THP,thuong-mai-dien-tu,A01,Điểm học bạ,2024,21.0,Thương mại điện tử
155776,THP,thuong-mai-dien-tu,C01,Điểm học bạ,2024,21.0,Thương mại điện tử
155777,THP,thuong-mai-dien-tu,D01,Điểm học bạ,2024,21.0,Thương mại điện tử
155778,THP,thuong-mai-dien-tu,A00,Điểm thi THPT,2024,19.0,Thương mại điện tử
155779,THP,thuong-mai-dien-tu,A01,Điểm thi THPT,2024,19.0,Thương mại điện tử
155780,THP,thuong-mai-dien-tu,C01,Điểm thi THPT,2024,19.0,Thương mại điện tử
155781,THP,thuong-mai-dien-tu,D01,Điểm thi THPT,2024,19.0,Thương mại điện tử
155782,THP,thuong-mai-dien-tu,A00,Điểm học bạ,2025,22.0,Thương mại điện tử
155783,THP,thuong-mai-dien-tu,A01,Điểm học bạ,2025,22.0,Thương mại điện tử
155784,THP,thuong-mai-dien-tu,C01,Điểm học bạ,2025,22.0,Thương mại điện tử
155785,THP,thuong-mai-dien-tu,C03,Điểm học bạ,2025,22.0,Thương mại điện tử
155786,THP,thuong-mai-dien-tu,C04,Điểm học bạ,2025,22.0,Thương mại điện tử
155787,THP,thuong-mai-dien-tu,D01,Điểm học bạ,2025,22.0,Thương mại điện tử
155788,THP,thuong-mai-dien-tu,A00,Điểm thi THPT,2025,22.0,Thương mại điện tử
155789,THP,thuong-mai-dien-tu,A01,Điểm thi THPT,2025,22.0,Thương mại điện tử
155790,THP,thuong-mai-dien-tu,C01,Điểm thi THPT,2025,22.0,Thương mại điện tử
155791,THP,thuong-mai-dien-tu,C03,Điểm thi THPT,2025,22.0,Thương mại điện tử
155792,THP,thuong-mai-dien-tu,C04,Điểm thi THPT,2025,22.0,Thương mại điện tử
155793,THP,thuong-mai-dien-tu,D01,Điểm thi THPT,2025,22.0,Thương mại điện tử
155794,THP,tri-tue-nhan-tao-va-khoa-hoc-du-lieu,A00,Điểm học bạ,2025,20.0,Trí tuệ nhân tạo và Khoa học dữ liệu
155795,THP,tri-tue-nhan-tao-va-khoa-hoc-du-lieu,A01,Điểm học bạ,2025,20.0,Trí tuệ nhân tạo và Khoa học dữ liệu
155796,THP,tri-tue-nhan-tao-va-khoa-hoc-du-lieu,C01,Điểm học bạ,2025,20.0,Trí tuệ nhân tạo và Khoa học dữ liệu
155797,THP,tri-tue-nhan-tao-va-khoa-hoc-du-lieu,C02,Điểm học bạ,2025,20.0,Trí tuệ nhân tạo và Khoa học dữ liệu
155798,THP,tri-tue-nhan-tao-va-khoa-hoc-du-lieu,D01,Điểm học bạ,2025,20.0,Trí tuệ nhân tạo và Khoa học dữ liệu
155799,THP,tri-tue-nhan-tao-va-khoa-hoc-du-lieu,A00,Điểm thi THPT,2025,20.0,Trí tuệ nhân tạo và Khoa học dữ liệu
155800,THP,tri-tue-nhan-tao-va-khoa-hoc-du-lieu,A01,Điểm thi THPT,2025,20.0,Trí tuệ nhân tạo và Khoa học dữ liệu
155801,THP,tri-tue-nhan-tao-va-khoa-hoc-du-lieu,C01,Điểm thi THPT,2025,20.0,Trí tuệ nhân tạo và Khoa học dữ liệu
155802,THP,tri-tue-nhan-tao-va-khoa-hoc-du-lieu,C02,Điểm thi THPT,2025,20.0,Trí tuệ nhân tạo và Khoa học dữ liệu
155803,THP,tri-tue-nhan-tao-va-khoa-hoc-du-lieu,D01,Điểm thi THPT,2025,20.0,Trí tuệ nhân tạo và Khoa học dữ liệu
155804,THP,van-hoc,C00,Điểm học bạ,2021,17.0,Văn học
155805,THP,van-hoc,D01,Điểm học bạ,2021,17.0,Văn học
155806,THP,van-hoc,D14,Điểm học bạ,2021,17.0,Văn học
155807,THP,van-hoc,D15,Điểm học bạ,2021,17.0,Văn học
155808,THP,van-hoc,C00,Điểm thi THPT,2021,14.0,Văn học
155809,THP,van-hoc,D01,Điểm thi THPT,2021,14.0,Văn học
155810,THP,van-hoc,D14,Điểm thi THPT,2021,14.0,Văn học
155811,THP,van-hoc,D15,Điểm thi THPT,2021,14.0,Văn học
155812,THP,van-hoc,C00,Điểm học bạ,2022,17.0,Văn học
155813,THP,van-hoc,D01,Điểm học bạ,2022,17.0,Văn học
155814,THP,van-hoc,D14,Điểm học bạ,2022,17.0,Văn học
155815,THP,van-hoc,D15,Điểm học bạ,2022,17.0,Văn học
155816,THP,van-hoc,C00,Điểm thi THPT,2022,14.0,Văn học
155817,THP,van-hoc,D01,Điểm thi THPT,2022,14.0,Văn học
155818,THP,van-hoc,D14,Điểm thi THPT,2022,14.0,Văn học
155819,THP,van-hoc,D15,Điểm thi THPT,2022,14.0,Văn học
155820,THP,viet-nam-hoc,C00,Điểm học bạ,2021,17.0,"Việt Nam học (Văn hóa du lịch, quản trị du lịch)"
155821,THP,viet-nam-hoc,D01,Điểm học bạ,2021,17.0,"Việt Nam học (Văn hóa du lịch, quản trị du lịch)"
155822,THP,viet-nam-hoc,D06,Điểm học bạ,2021,17.0,"Việt Nam học (Văn hóa du lịch, quản trị du lịch)"
155823,THP,viet-nam-hoc,D15,Điểm học bạ,2021,17.0,"Việt Nam học (Văn hóa du lịch, quản trị du lịch)"
155824,THP,viet-nam-hoc,C00,Điểm thi THPT,2021,14.0,"Việt Nam học (Văn hóa du lịch, quản trị du lịch)"
155825,THP,viet-nam-hoc,D01,Điểm thi THPT,2021,14.0,"Việt Nam học (Văn hóa du lịch, quản trị du lịch)"
155826,THP,viet-nam-hoc,D06,Điểm thi THPT,2021,14.0,"Việt Nam học (Văn hóa du lịch, quản trị du lịch)"
155827,THP,viet-nam-hoc,D15,Điểm thi THPT,2021,14.0,"Việt Nam học (Văn hóa du lịch, quản trị du lịch)"
155828,THP,viet-nam-hoc,C00,Điểm học bạ,2022,17.0,Việt Nam học
155829,THP,viet-nam-hoc,D01,Điểm học bạ,2022,17.0,Việt Nam học
155830,THP,viet-nam-hoc,D06,Điểm học bạ,2022,17.0,Việt Nam học
155831,THP,viet-nam-hoc,D15,Điểm học bạ,2022,17.0,Việt Nam học
155832,THP,viet-nam-hoc,C00,Điểm thi THPT,2022,14.0,Việt Nam học
155833,THP,viet-nam-hoc,D01,Điểm thi THPT,2022,14.0,Việt Nam học
155834,THP,viet-nam-hoc,D06,Điểm thi THPT,2022,14.0,Việt Nam học
155835,THP,viet-nam-hoc,D15,Điểm thi THPT,2022,14.0,Việt Nam học
155836,THP,viet-nam-hoc,C00,Điểm học bạ,2023,16.5,Việt Nam học
155837,THP,viet-nam-hoc,D01,Điểm học bạ,2023,16.5,Việt Nam học
155838,THP,viet-nam-hoc,D06,Điểm học bạ,2023,16.5,Việt Nam học
155839,THP,viet-nam-hoc,D15,Điểm học bạ,2023,16.5,Việt Nam học
155840,THP,viet-nam-hoc,C00,Điểm thi THPT,2023,15.0,Việt Nam học
155841,THP,viet-nam-hoc,D01,Điểm thi THPT,2023,15.0,Việt Nam học
155842,THP,viet-nam-hoc,D06,Điểm thi THPT,2023,15.0,Việt Nam học
155843,THP,viet-nam-hoc,D15,Điểm thi THPT,2023,15.0,Việt Nam học
155844,THP,viet-nam-hoc,C00,Điểm học bạ,2024,21.0,Việt Nam học
155845,THP,viet-nam-hoc,D01,Điểm học bạ,2024,21.0,Việt Nam học
155846,THP,viet-nam-hoc,D06,Điểm học bạ,2024,21.0,Việt Nam học
155847,THP,viet-nam-hoc,D15,Điểm học bạ,2024,21.0,Việt Nam học
155848,THP,viet-nam-hoc,C00,Điểm thi THPT,2024,17.0,Việt Nam học
155849,THP,viet-nam-hoc,D01,Điểm thi THPT,2024,17.0,Việt Nam học
155850,THP,viet-nam-hoc,D06,Điểm thi THPT,2024,17.0,Việt Nam học
155851,THP,viet-nam-hoc,D15,Điểm thi THPT,2024,17.0,Việt Nam học
155852,THP,xay-dung-dan-dung-va-cong-nghiep,A00,Điểm học bạ,2025,17.0,Xây dựng dân dụng và công nghiệp
155853,THP,xay-dung-dan-dung-va-cong-nghiep,A01,Điểm học bạ,2025,17.0,Xây dựng dân dụng và công nghiệp
155854,THP,xay-dung-dan-dung-va-cong-nghiep,C01,Điểm học bạ,2025,17.0,Xây dựng dân dụng và công nghiệp
155855,THP,xay-dung-dan-dung-va-cong-nghiep,C02,Điểm học bạ,2025,17.0,Xây dựng dân dụng và công nghiệp
155856,THP,xay-dung-dan-dung-va-cong-nghiep,D01,Điểm học bạ,2025,17.0,Xây dựng dân dụng và công nghiệp
155857,THP,xay-dung-dan-dung-va-cong-nghiep,A00,Điểm thi THPT,2025,17.0,Xây dựng dân dụng và công nghiệp
155858,THP,xay-dung-dan-dung-va-cong-nghiep,A01,Điểm thi THPT,2025,17.0,Xây dựng dân dụng và công nghiệp
155859,THP,xay-dung-dan-dung-va-cong-nghiep,C01,Điểm thi THPT,2025,17.0,Xây dựng dân dụng và công nghiệp
155860,THP,xay-dung-dan-dung-va-cong-nghiep,C02,Điểm thi THPT,2025,17.0,Xây dựng dân dụng và công nghiệp
155861,THP,xay-dung-dan-dung-va-cong-nghiep,D01,Điểm thi THPT,2025,17.0,Xây dựng dân dụng và công nghiệp
155862,THU,dieu-duong,A00,Điểm thi THPT,2021,19.0,Điều dưỡng
155863,THU,dieu-duong,A01,Điểm thi THPT,2021,19.0,Điều dưỡng
155864,THU,dieu-duong,B00,Điểm thi THPT,2021,19.0,Điều dưỡng
155865,THU,dieu-duong,B08,Điểm thi THPT,2021,19.0,Điều dưỡng
155866,THU,dieu-duong,A00,Điểm thi THPT,2022,19.0,Điều dưỡng
155867,THU,dieu-duong,A01,Điểm thi THPT,2022,19.0,Điều dưỡng
155868,THU,dieu-duong,B00,Điểm thi THPT,2022,19.0,Điều dưỡng
155869,THU,dieu-duong,B08,Điểm thi THPT,2022,19.0,Điều dưỡng
155870,THU,dieu-duong,A00,Điểm thi THPT,2023,19.0,Điều dưỡng
155871,THU,dieu-duong,A01,Điểm thi THPT,2023,19.0,Điều dưỡng
155872,THU,dieu-duong,B00,Điểm thi THPT,2023,19.0,Điều dưỡng
155873,THU,dieu-duong,B08,Điểm thi THPT,2023,19.0,Điều dưỡng
155874,THU,dieu-duong,A00,Điểm thi THPT,2024,19.0,Điều dưỡng
155875,THU,dieu-duong,A01,Điểm thi THPT,2024,19.0,Điều dưỡng
155876,THU,dieu-duong,B00,Điểm thi THPT,2024,19.0,Điều dưỡng
155877,THU,dieu-duong,B08,Điểm thi THPT,2024,19.0,Điều dưỡng
155878,THU,dieu-duong,A00,Điểm học bạ,2025,19.5,Điều dưỡng
155879,THU,dieu-duong,A01,Điểm học bạ,2025,19.5,Điều dưỡng
155880,THU,dieu-duong,A02,Điểm học bạ,2025,19.5,Điều dưỡng
155881,THU,dieu-duong,B00,Điểm học bạ,2025,19.5,Điều dưỡng
155882,THU,dieu-duong,B08,Điểm học bạ,2025,19.5,Điều dưỡng
155883,THU,dieu-duong,D07,Điểm học bạ,2025,19.5,Điều dưỡng
155884,THU,dieu-duong,D23,Điểm học bạ,2025,19.5,Điều dưỡng
155885,THU,dieu-duong,D28,Điểm học bạ,2025,19.5,Điều dưỡng
155886,THU,dieu-duong,D33,Điểm học bạ,2025,19.5,Điều dưỡng
155887,THU,dieu-duong,A00,Điểm thi THPT,2025,17.0,Điều dưỡng
155888,THU,dieu-duong,A01,Điểm thi THPT,2025,17.0,Điều dưỡng
155889,THU,dieu-duong,A02,Điểm thi THPT,2025,17.0,Điều dưỡng
155890,THU,dieu-duong,B00,Điểm thi THPT,2025,17.0,Điều dưỡng
155891,THU,dieu-duong,B08,Điểm thi THPT,2025,17.0,Điều dưỡng
155892,THU,dieu-duong,D07,Điểm thi THPT,2025,17.0,Điều dưỡng
155893,THU,dieu-duong,D23,Điểm thi THPT,2025,17.0,Điều dưỡng
155894,THU,dieu-duong,D28,Điểm thi THPT,2025,17.0,Điều dưỡng
155895,THU,dieu-duong,D33,Điểm thi THPT,2025,17.0,Điều dưỡng
155896,THU,ky-thuat-hinh-anh-y-hoc,A00,Điểm thi THPT,2021,19.0,Kỹ thuật Hình ảnh y học
155897,THU,ky-thuat-hinh-anh-y-hoc,A01,Điểm thi THPT,2021,19.0,Kỹ thuật Hình ảnh y học
155898,THU,ky-thuat-hinh-anh-y-hoc,B00,Điểm thi THPT,2021,19.0,Kỹ thuật Hình ảnh y học
155899,THU,ky-thuat-hinh-anh-y-hoc,B08,Điểm thi THPT,2021,19.0,Kỹ thuật Hình ảnh y học
155900,THU,ky-thuat-hinh-anh-y-hoc,A00,Điểm thi THPT,2022,19.0,Kỹ thuật Hình ảnh y học
155901,THU,ky-thuat-hinh-anh-y-hoc,A01,Điểm thi THPT,2022,19.0,Kỹ thuật Hình ảnh y học
155902,THU,ky-thuat-hinh-anh-y-hoc,B00,Điểm thi THPT,2022,19.0,Kỹ thuật Hình ảnh y học
155903,THU,ky-thuat-hinh-anh-y-hoc,B08,Điểm thi THPT,2022,19.0,Kỹ thuật Hình ảnh y học
155904,THU,ky-thuat-hinh-anh-y-hoc,A00,Điểm thi THPT,2023,19.0,Kỹ thuật Hình ảnh y học
155905,THU,ky-thuat-hinh-anh-y-hoc,A01,Điểm thi THPT,2023,19.0,Kỹ thuật Hình ảnh y học
155906,THU,ky-thuat-hinh-anh-y-hoc,B00,Điểm thi THPT,2023,19.0,Kỹ thuật Hình ảnh y học
155907,THU,ky-thuat-hinh-anh-y-hoc,B08,Điểm thi THPT,2023,19.0,Kỹ thuật Hình ảnh y học
155908,THU,ky-thuat-hinh-anh-y-hoc,A00,Điểm thi THPT,2024,19.0,Kỹ thuật Hình ảnh y học
155909,THU,ky-thuat-hinh-anh-y-hoc,A01,Điểm thi THPT,2024,19.0,Kỹ thuật Hình ảnh y học
155910,THU,ky-thuat-hinh-anh-y-hoc,B00,Điểm thi THPT,2024,19.0,Kỹ thuật Hình ảnh y học
155911,THU,ky-thuat-hinh-anh-y-hoc,B08,Điểm thi THPT,2024,19.0,Kỹ thuật Hình ảnh y học
155912,THU,ky-thuat-hinh-anh-y-hoc,A00,Điểm học bạ,2025,19.5,Kỹ thuật hình ảnh y học
155913,THU,ky-thuat-hinh-anh-y-hoc,A01,Điểm học bạ,2025,19.5,Kỹ thuật hình ảnh y học
155914,THU,ky-thuat-hinh-anh-y-hoc,A02,Điểm học bạ,2025,19.5,Kỹ thuật hình ảnh y học
155915,THU,ky-thuat-hinh-anh-y-hoc,B00,Điểm học bạ,2025,19.5,Kỹ thuật hình ảnh y học
155916,THU,ky-thuat-hinh-anh-y-hoc,B08,Điểm học bạ,2025,19.5,Kỹ thuật hình ảnh y học
155917,THU,ky-thuat-hinh-anh-y-hoc,D07,Điểm học bạ,2025,19.5,Kỹ thuật hình ảnh y học
155918,THU,ky-thuat-hinh-anh-y-hoc,D23,Điểm học bạ,2025,19.5,Kỹ thuật hình ảnh y học
155919,THU,ky-thuat-hinh-anh-y-hoc,D28,Điểm học bạ,2025,19.5,Kỹ thuật hình ảnh y học
155920,THU,ky-thuat-hinh-anh-y-hoc,X26,Điểm học bạ,2025,19.5,Kỹ thuật hình ảnh y học
155921,THU,ky-thuat-hinh-anh-y-hoc,A00,Điểm thi THPT,2025,17.0,Kỹ thuật hình ảnh y học
155922,THU,ky-thuat-hinh-anh-y-hoc,A01,Điểm thi THPT,2025,17.0,Kỹ thuật hình ảnh y học
155923,THU,ky-thuat-hinh-anh-y-hoc,A02,Điểm thi THPT,2025,17.0,Kỹ thuật hình ảnh y học
155924,THU,ky-thuat-hinh-anh-y-hoc,B00,Điểm thi THPT,2025,17.0,Kỹ thuật hình ảnh y học
155925,THU,ky-thuat-hinh-anh-y-hoc,B08,Điểm thi THPT,2025,17.0,Kỹ thuật hình ảnh y học
155926,THU,ky-thuat-hinh-anh-y-hoc,D07,Điểm thi THPT,2025,17.0,Kỹ thuật hình ảnh y học
155927,THU,ky-thuat-hinh-anh-y-hoc,D23,Điểm thi THPT,2025,17.0,Kỹ thuật hình ảnh y học
155928,THU,ky-thuat-hinh-anh-y-hoc,D28,Điểm thi THPT,2025,17.0,Kỹ thuật hình ảnh y học
155929,THU,ky-thuat-hinh-anh-y-hoc,X26,Điểm thi THPT,2025,17.0,Kỹ thuật hình ảnh y học
155930,THU,ky-thuat-phuc-hoi-chuc-nang,A00,Điểm thi THPT,2021,19.0,Kỹ thuật Phục hồi chức năng
155931,THU,ky-thuat-phuc-hoi-chuc-nang,A01,Điểm thi THPT,2021,19.0,Kỹ thuật Phục hồi chức năng
155932,THU,ky-thuat-phuc-hoi-chuc-nang,B00,Điểm thi THPT,2021,19.0,Kỹ thuật Phục hồi chức năng
155933,THU,ky-thuat-phuc-hoi-chuc-nang,B08,Điểm thi THPT,2021,19.0,Kỹ thuật Phục hồi chức năng
155934,THU,ky-thuat-phuc-hoi-chuc-nang,A00,Điểm thi THPT,2022,19.0,Kỹ thuật Phục hồi chức năng
155935,THU,ky-thuat-phuc-hoi-chuc-nang,A01,Điểm thi THPT,2022,19.0,Kỹ thuật Phục hồi chức năng
155936,THU,ky-thuat-phuc-hoi-chuc-nang,B00,Điểm thi THPT,2022,19.0,Kỹ thuật Phục hồi chức năng
155937,THU,ky-thuat-phuc-hoi-chuc-nang,B08,Điểm thi THPT,2022,19.0,Kỹ thuật Phục hồi chức năng
155938,THU,ky-thuat-phuc-hoi-chuc-nang,A00,Điểm thi THPT,2023,19.0,Kỹ thuật Phục hồi chức năng
155939,THU,ky-thuat-phuc-hoi-chuc-nang,A01,Điểm thi THPT,2023,19.0,Kỹ thuật Phục hồi chức năng
155940,THU,ky-thuat-phuc-hoi-chuc-nang,B00,Điểm thi THPT,2023,19.0,Kỹ thuật Phục hồi chức năng
155941,THU,ky-thuat-phuc-hoi-chuc-nang,B08,Điểm thi THPT,2023,19.0,Kỹ thuật Phục hồi chức năng
155942,THU,ky-thuat-phuc-hoi-chuc-nang,A00,Điểm thi THPT,2024,19.0,Kỹ thuật Phục hồi chức năng
155943,THU,ky-thuat-phuc-hoi-chuc-nang,A01,Điểm thi THPT,2024,19.0,Kỹ thuật Phục hồi chức năng
155944,THU,ky-thuat-phuc-hoi-chuc-nang,B00,Điểm thi THPT,2024,19.0,Kỹ thuật Phục hồi chức năng
155945,THU,ky-thuat-phuc-hoi-chuc-nang,B08,Điểm thi THPT,2024,19.0,Kỹ thuật Phục hồi chức năng
155946,THU,ky-thuat-phuc-hoi-chuc-nang,A00,Điểm học bạ,2025,19.5,Kỹ thuật phục hồi chức năng
155947,THU,ky-thuat-phuc-hoi-chuc-nang,A01,Điểm học bạ,2025,19.5,Kỹ thuật phục hồi chức năng
155948,THU,ky-thuat-phuc-hoi-chuc-nang,A02,Điểm học bạ,2025,19.5,Kỹ thuật phục hồi chức năng
155949,THU,ky-thuat-phuc-hoi-chuc-nang,B00,Điểm học bạ,2025,19.5,Kỹ thuật phục hồi chức năng
155950,THU,ky-thuat-phuc-hoi-chuc-nang,B08,Điểm học bạ,2025,19.5,Kỹ thuật phục hồi chức năng
155951,THU,ky-thuat-phuc-hoi-chuc-nang,D07,Điểm học bạ,2025,19.5,Kỹ thuật phục hồi chức năng
155952,THU,ky-thuat-phuc-hoi-chuc-nang,D23,Điểm học bạ,2025,19.5,Kỹ thuật phục hồi chức năng
155953,THU,ky-thuat-phuc-hoi-chuc-nang,D28,Điểm học bạ,2025,19.5,Kỹ thuật phục hồi chức năng
155954,THU,ky-thuat-phuc-hoi-chuc-nang,D33,Điểm học bạ,2025,19.5,Kỹ thuật phục hồi chức năng
155955,THU,ky-thuat-phuc-hoi-chuc-nang,A00,Điểm thi THPT,2025,17.0,Kỹ thuật phục hồi chức năng
155956,THU,ky-thuat-phuc-hoi-chuc-nang,A01,Điểm thi THPT,2025,17.0,Kỹ thuật phục hồi chức năng
155957,THU,ky-thuat-phuc-hoi-chuc-nang,A02,Điểm thi THPT,2025,17.0,Kỹ thuật phục hồi chức năng
155958,THU,ky-thuat-phuc-hoi-chuc-nang,B00,Điểm thi THPT,2025,17.0,Kỹ thuật phục hồi chức năng
155959,THU,ky-thuat-phuc-hoi-chuc-nang,B08,Điểm thi THPT,2025,17.0,Kỹ thuật phục hồi chức năng
155960,THU,ky-thuat-phuc-hoi-chuc-nang,D07,Điểm thi THPT,2025,17.0,Kỹ thuật phục hồi chức năng
155961,THU,ky-thuat-phuc-hoi-chuc-nang,D23,Điểm thi THPT,2025,17.0,Kỹ thuật phục hồi chức năng
155962,THU,ky-thuat-phuc-hoi-chuc-nang,D28,Điểm thi THPT,2025,17.0,Kỹ thuật phục hồi chức năng
155963,THU,ky-thuat-phuc-hoi-chuc-nang,D33,Điểm thi THPT,2025,17.0,Kỹ thuật phục hồi chức năng
155964,THU,ky-thuat-xet-nghiem-y-hoc,A00,Điểm thi THPT,2021,19.0,Kỹ thuật Xét nghiệm y học
155965,THU,ky-thuat-xet-nghiem-y-hoc,A01,Điểm thi THPT,2021,19.0,Kỹ thuật Xét nghiệm y học
155966,THU,ky-thuat-xet-nghiem-y-hoc,B00,Điểm thi THPT,2021,19.0,Kỹ thuật Xét nghiệm y học
155967,THU,ky-thuat-xet-nghiem-y-hoc,B08,Điểm thi THPT,2021,19.0,Kỹ thuật Xét nghiệm y học
155968,THU,ky-thuat-xet-nghiem-y-hoc,A00,Điểm thi THPT,2022,19.0,Kỹ thuật Xét nghiệm y học
155969,THU,ky-thuat-xet-nghiem-y-hoc,A01,Điểm thi THPT,2022,19.0,Kỹ thuật Xét nghiệm y học
155970,THU,ky-thuat-xet-nghiem-y-hoc,B00,Điểm thi THPT,2022,19.0,Kỹ thuật Xét nghiệm y học
155971,THU,ky-thuat-xet-nghiem-y-hoc,B08,Điểm thi THPT,2022,19.0,Kỹ thuật Xét nghiệm y học
155972,THU,ky-thuat-xet-nghiem-y-hoc,A00,Điểm thi THPT,2023,19.0,Kỹ thuật Xét nghiệm y học
155973,THU,ky-thuat-xet-nghiem-y-hoc,A01,Điểm thi THPT,2023,19.0,Kỹ thuật Xét nghiệm y học
155974,THU,ky-thuat-xet-nghiem-y-hoc,B00,Điểm thi THPT,2023,19.0,Kỹ thuật Xét nghiệm y học
155975,THU,ky-thuat-xet-nghiem-y-hoc,B08,Điểm thi THPT,2023,19.0,Kỹ thuật Xét nghiệm y học
155976,THU,ky-thuat-xet-nghiem-y-hoc,A00,Điểm thi THPT,2024,19.0,Kỹ thuật Xét nghiệm y học
155977,THU,ky-thuat-xet-nghiem-y-hoc,A01,Điểm thi THPT,2024,19.0,Kỹ thuật Xét nghiệm y học
155978,THU,ky-thuat-xet-nghiem-y-hoc,B00,Điểm thi THPT,2024,19.0,Kỹ thuật Xét nghiệm y học
155979,THU,ky-thuat-xet-nghiem-y-hoc,B08,Điểm thi THPT,2024,19.0,Kỹ thuật Xét nghiệm y học
155980,THU,ky-thuat-xet-nghiem-y-hoc,A00,Điểm học bạ,2025,19.5,Kỹ thuật xét nghiệm y học
155981,THU,ky-thuat-xet-nghiem-y-hoc,A02,Điểm học bạ,2025,19.5,Kỹ thuật xét nghiệm y học
155982,THU,ky-thuat-xet-nghiem-y-hoc,B00,Điểm học bạ,2025,19.5,Kỹ thuật xét nghiệm y học
155983,THU,ky-thuat-xet-nghiem-y-hoc,B08,Điểm học bạ,2025,19.5,Kỹ thuật xét nghiệm y học
155984,THU,ky-thuat-xet-nghiem-y-hoc,D07,Điểm học bạ,2025,19.5,Kỹ thuật xét nghiệm y học
155985,THU,ky-thuat-xet-nghiem-y-hoc,D23,Điểm học bạ,2025,19.5,Kỹ thuật xét nghiệm y học
155986,THU,ky-thuat-xet-nghiem-y-hoc,D33,Điểm học bạ,2025,19.5,Kỹ thuật xét nghiệm y học
155987,THU,ky-thuat-xet-nghiem-y-hoc,X10,Điểm học bạ,2025,19.5,Kỹ thuật xét nghiệm y học
155988,THU,ky-thuat-xet-nghiem-y-hoc,X14,Điểm học bạ,2025,19.5,Kỹ thuật xét nghiệm y học
155989,THU,ky-thuat-xet-nghiem-y-hoc,A00,Điểm thi THPT,2025,17.0,Kỹ thuật xét nghiệm y học
155990,THU,ky-thuat-xet-nghiem-y-hoc,A02,Điểm thi THPT,2025,17.0,Kỹ thuật xét nghiệm y học
155991,THU,ky-thuat-xet-nghiem-y-hoc,B00,Điểm thi THPT,2025,17.0,Kỹ thuật xét nghiệm y học
155992,THU,ky-thuat-xet-nghiem-y-hoc,B08,Điểm thi THPT,2025,17.0,Kỹ thuật xét nghiệm y học
155993,THU,ky-thuat-xet-nghiem-y-hoc,D07,Điểm thi THPT,2025,17.0,Kỹ thuật xét nghiệm y học
155994,THU,ky-thuat-xet-nghiem-y-hoc,D23,Điểm thi THPT,2025,17.0,Kỹ thuật xét nghiệm y học
155995,THU,ky-thuat-xet-nghiem-y-hoc,D33,Điểm thi THPT,2025,17.0,Kỹ thuật xét nghiệm y học
155996,THU,ky-thuat-xet-nghiem-y-hoc,X10,Điểm thi THPT,2025,17.0,Kỹ thuật xét nghiệm y học
155997,THU,ky-thuat-xet-nghiem-y-hoc,X14,Điểm thi THPT,2025,17.0,Kỹ thuật xét nghiệm y học
155998,THV,chan-nuoi,A00,Điểm thi THPT,2021,17.0,Chăn nuôi
155999,THV,chan-nuoi,B00,Điểm thi THPT,2021,17.0,Chăn nuôi
156000,THV,chan-nuoi,D07,Điểm thi THPT,2021,17.0,Chăn nuôi
156001,THV,chan-nuoi,D08,Điểm thi THPT,2021,17.0,Chăn nuôi
156002,THV,chan-nuoi,A00,Điểm học bạ,2022,18.0,Chăn nuôi
156003,THV,chan-nuoi,B00,Điểm học bạ,2022,18.0,Chăn nuôi
156004,THV,chan-nuoi,D07,Điểm học bạ,2022,18.0,Chăn nuôi
156005,THV,chan-nuoi,D08,Điểm học bạ,2022,18.0,Chăn nuôi
156006,THV,chan-nuoi,A00,Điểm thi THPT,2022,16.0,Chăn nuôi
156007,THV,chan-nuoi,B00,Điểm thi THPT,2022,16.0,Chăn nuôi
156008,THV,chan-nuoi,D07,Điểm thi THPT,2022,16.0,Chăn nuôi
156009,THV,chan-nuoi,D08,Điểm thi THPT,2022,16.0,Chăn nuôi
156010,THV,chan-nuoi,D01,Điểm học bạ,2025,18.9,Chăn nuôi
156011,THV,chan-nuoi,X04,Điểm học bạ,2025,18.9,Chăn nuôi
156012,THV,chan-nuoi,X14,Điểm học bạ,2025,18.9,Chăn nuôi
156013,THV,chan-nuoi,X55,Điểm học bạ,2025,18.9,Chăn nuôi
156014,THV,chan-nuoi,D01,Điểm thi THPT,2025,18.0,Chăn nuôi
156015,THV,chan-nuoi,X04,Điểm thi THPT,2025,18.0,Chăn nuôi
156016,THV,chan-nuoi,X14,Điểm thi THPT,2025,18.0,Chăn nuôi
156017,THV,chan-nuoi,X55,Điểm thi THPT,2025,18.0,Chăn nuôi
156018,THV,cong-nghe-ky-thuat-co-khi,A00,Điểm thi THPT,2021,16.0,Công nghệ Kỹ thuật Cơ khí
156019,THV,cong-nghe-ky-thuat-co-khi,A01,Điểm thi THPT,2021,16.0,Công nghệ Kỹ thuật Cơ khí
156020,THV,cong-nghe-ky-thuat-co-khi,B00,Điểm thi THPT,2021,16.0,Công nghệ Kỹ thuật Cơ khí
156021,THV,cong-nghe-ky-thuat-co-khi,D01,Điểm thi THPT,2021,16.0,Công nghệ Kỹ thuật Cơ khí
156022,THV,cong-nghe-ky-thuat-co-khi,A00,Điểm học bạ,2022,18.0,Công nghệ Kỹ thuật Cơ khí
156023,THV,cong-nghe-ky-thuat-co-khi,A01,Điểm học bạ,2022,18.0,Công nghệ Kỹ thuật Cơ khí
156024,THV,cong-nghe-ky-thuat-co-khi,B00,Điểm học bạ,2022,18.0,Công nghệ Kỹ thuật Cơ khí
156025,THV,cong-nghe-ky-thuat-co-khi,D01,Điểm học bạ,2022,18.0,Công nghệ Kỹ thuật Cơ khí
156026,THV,cong-nghe-ky-thuat-co-khi,A00,Điểm thi THPT,2022,16.0,Công nghệ Kỹ thuật Cơ khí
156027,THV,cong-nghe-ky-thuat-co-khi,A01,Điểm thi THPT,2022,16.0,Công nghệ Kỹ thuật Cơ khí
156028,THV,cong-nghe-ky-thuat-co-khi,B00,Điểm thi THPT,2022,16.0,Công nghệ Kỹ thuật Cơ khí
156029,THV,cong-nghe-ky-thuat-co-khi,D01,Điểm thi THPT,2022,16.0,Công nghệ Kỹ thuật Cơ khí
156030,THV,cong-nghe-ky-thuat-co-khi,A00,Điểm học bạ,2023,18.0,Công nghệ Kỹ thuật Cơ khí
156031,THV,cong-nghe-ky-thuat-co-khi,A01,Điểm học bạ,2023,18.0,Công nghệ Kỹ thuật Cơ khí
156032,THV,cong-nghe-ky-thuat-co-khi,B00,Điểm học bạ,2023,18.0,Công nghệ Kỹ thuật Cơ khí
156033,THV,cong-nghe-ky-thuat-co-khi,D01,Điểm học bạ,2023,18.0,Công nghệ Kỹ thuật Cơ khí
156034,THV,cong-nghe-ky-thuat-co-khi,A00,Điểm thi THPT,2023,16.0,Công nghệ Kỹ thuật Cơ khí
156035,THV,cong-nghe-ky-thuat-co-khi,A01,Điểm thi THPT,2023,16.0,Công nghệ Kỹ thuật Cơ khí
156036,THV,cong-nghe-ky-thuat-co-khi,B00,Điểm thi THPT,2023,16.0,Công nghệ Kỹ thuật Cơ khí
156037,THV,cong-nghe-ky-thuat-co-khi,D01,Điểm thi THPT,2023,16.0,Công nghệ Kỹ thuật Cơ khí
156038,THV,cong-nghe-ky-thuat-co-khi,A00,Điểm học bạ,2024,20.0,Công nghệ Kỹ thuật Cơ khí
156039,THV,cong-nghe-ky-thuat-co-khi,A01,Điểm học bạ,2024,20.0,Công nghệ Kỹ thuật Cơ khí
156040,THV,cong-nghe-ky-thuat-co-khi,A10,Điểm học bạ,2024,20.0,Công nghệ Kỹ thuật Cơ khí
156041,THV,cong-nghe-ky-thuat-co-khi,D01,Điểm học bạ,2024,20.0,Công nghệ Kỹ thuật Cơ khí
156042,THV,cong-nghe-ky-thuat-co-khi,A00,Điểm thi THPT,2024,18.0,Công nghệ Kỹ thuật Cơ khí
156043,THV,cong-nghe-ky-thuat-co-khi,A01,Điểm thi THPT,2024,18.0,Công nghệ Kỹ thuật Cơ khí
156044,THV,cong-nghe-ky-thuat-co-khi,A10,Điểm thi THPT,2024,18.0,Công nghệ Kỹ thuật Cơ khí
156045,THV,cong-nghe-ky-thuat-co-khi,D01,Điểm thi THPT,2024,18.0,Công nghệ Kỹ thuật Cơ khí
156046,THV,cong-nghe-ky-thuat-co-khi,A01,Điểm học bạ,2025,18.9,Công nghệ Kỹ thuật Cơ khí
156047,THV,cong-nghe-ky-thuat-co-khi,D01,Điểm học bạ,2025,18.9,Công nghệ Kỹ thuật Cơ khí
156048,THV,cong-nghe-ky-thuat-co-khi,X06,Điểm học bạ,2025,18.9,Công nghệ Kỹ thuật Cơ khí
156049,THV,cong-nghe-ky-thuat-co-khi,X25,Điểm học bạ,2025,18.9,Công nghệ Kỹ thuật Cơ khí
156050,THV,cong-nghe-ky-thuat-co-khi,A01,Điểm thi THPT,2025,18.0,Công nghệ Kỹ thuật Cơ khí
156051,THV,cong-nghe-ky-thuat-co-khi,D01,Điểm thi THPT,2025,18.0,Công nghệ Kỹ thuật Cơ khí
156052,THV,cong-nghe-ky-thuat-co-khi,X06,Điểm thi THPT,2025,18.0,Công nghệ Kỹ thuật Cơ khí
156053,THV,cong-nghe-ky-thuat-co-khi,X25,Điểm thi THPT,2025,18.0,Công nghệ Kỹ thuật Cơ khí
156054,THV,cong-nghe-ky-thuat-dien-dien-tu,A00,Điểm thi THPT,2021,16.0,"Công nghệ Kỹ thuật điện, điện tử"
156055,THV,cong-nghe-ky-thuat-dien-dien-tu,A01,Điểm thi THPT,2021,16.0,"Công nghệ Kỹ thuật điện, điện tử"
156056,THV,cong-nghe-ky-thuat-dien-dien-tu,B00,Điểm thi THPT,2021,16.0,"Công nghệ Kỹ thuật điện, điện tử"
156057,THV,cong-nghe-ky-thuat-dien-dien-tu,D01,Điểm thi THPT,2021,16.0,"Công nghệ Kỹ thuật điện, điện tử"
156058,THV,cong-nghe-ky-thuat-dien-dien-tu,A00,Điểm học bạ,2022,18.0,"Công nghệ Kỹ thuật điện, điện tử"
156059,THV,cong-nghe-ky-thuat-dien-dien-tu,A01,Điểm học bạ,2022,18.0,"Công nghệ Kỹ thuật điện, điện tử"
156060,THV,cong-nghe-ky-thuat-dien-dien-tu,B00,Điểm học bạ,2022,18.0,"Công nghệ Kỹ thuật điện, điện tử"
156061,THV,cong-nghe-ky-thuat-dien-dien-tu,D01,Điểm học bạ,2022,18.0,"Công nghệ Kỹ thuật điện, điện tử"
156062,THV,cong-nghe-ky-thuat-dien-dien-tu,A00,Điểm thi THPT,2022,16.0,"Công nghệ Kỹ thuật điện, điện tử"
156063,THV,cong-nghe-ky-thuat-dien-dien-tu,A01,Điểm thi THPT,2022,16.0,"Công nghệ Kỹ thuật điện, điện tử"
156064,THV,cong-nghe-ky-thuat-dien-dien-tu,B00,Điểm thi THPT,2022,16.0,"Công nghệ Kỹ thuật điện, điện tử"
156065,THV,cong-nghe-ky-thuat-dien-dien-tu,D01,Điểm thi THPT,2022,16.0,"Công nghệ Kỹ thuật điện, điện tử"
156066,THV,cong-nghe-ky-thuat-dien-dien-tu,A00,Điểm học bạ,2023,18.0,"Công nghệ Kỹ thuật điện, điện tử"
156067,THV,cong-nghe-ky-thuat-dien-dien-tu,A01,Điểm học bạ,2023,18.0,"Công nghệ Kỹ thuật điện, điện tử"
156068,THV,cong-nghe-ky-thuat-dien-dien-tu,B00,Điểm học bạ,2023,18.0,"Công nghệ Kỹ thuật điện, điện tử"
156069,THV,cong-nghe-ky-thuat-dien-dien-tu,D01,Điểm học bạ,2023,18.0,"Công nghệ Kỹ thuật điện, điện tử"
156070,THV,cong-nghe-ky-thuat-dien-dien-tu,A00,Điểm thi THPT,2023,17.0,"Công nghệ Kỹ thuật điện, điện tử"
156071,THV,cong-nghe-ky-thuat-dien-dien-tu,A01,Điểm thi THPT,2023,17.0,"Công nghệ Kỹ thuật điện, điện tử"
156072,THV,cong-nghe-ky-thuat-dien-dien-tu,B00,Điểm thi THPT,2023,17.0,"Công nghệ Kỹ thuật điện, điện tử"
156073,THV,cong-nghe-ky-thuat-dien-dien-tu,D01,Điểm thi THPT,2023,17.0,"Công nghệ Kỹ thuật điện, điện tử"
156074,THV,cong-nghe-ky-thuat-dien-dien-tu,A00,Điểm học bạ,2024,20.0,"Công nghệ Kỹ thuật điện, điện tử"
156075,THV,cong-nghe-ky-thuat-dien-dien-tu,A01,Điểm học bạ,2024,20.0,"Công nghệ Kỹ thuật điện, điện tử"
156076,THV,cong-nghe-ky-thuat-dien-dien-tu,D01,Điểm học bạ,2024,20.0,"Công nghệ Kỹ thuật điện, điện tử"
156077,THV,cong-nghe-ky-thuat-dien-dien-tu,A00,Điểm thi THPT,2024,18.0,"Công nghệ Kỹ thuật điện, điện tử"
156078,THV,cong-nghe-ky-thuat-dien-dien-tu,A01,Điểm thi THPT,2024,18.0,"Công nghệ Kỹ thuật điện, điện tử"
156079,THV,cong-nghe-ky-thuat-dien-dien-tu,D01,Điểm thi THPT,2024,18.0,"Công nghệ Kỹ thuật điện, điện tử"
156080,THV,cong-nghe-ky-thuat-dien-dien-tu,A01,Điểm học bạ,2025,18.9,"Công nghệ Kỹ thuật điện, điện tử"
156081,THV,cong-nghe-ky-thuat-dien-dien-tu,D01,Điểm học bạ,2025,18.9,"Công nghệ Kỹ thuật điện, điện tử"
156082,THV,cong-nghe-ky-thuat-dien-dien-tu,X06,Điểm học bạ,2025,18.9,"Công nghệ Kỹ thuật điện, điện tử"
156083,THV,cong-nghe-ky-thuat-dien-dien-tu,X25,Điểm học bạ,2025,18.9,"Công nghệ Kỹ thuật điện, điện tử"
156084,THV,cong-nghe-ky-thuat-dien-dien-tu,A01,Điểm thi THPT,2025,18.0,"Công nghệ Kỹ thuật điện, điện tử"
156085,THV,cong-nghe-ky-thuat-dien-dien-tu,D01,Điểm thi THPT,2025,18.0,"Công nghệ Kỹ thuật điện, điện tử"
156086,THV,cong-nghe-ky-thuat-dien-dien-tu,X06,Điểm thi THPT,2025,18.0,"Công nghệ Kỹ thuật điện, điện tử"
156087,THV,cong-nghe-ky-thuat-dien-dien-tu,X25,Điểm thi THPT,2025,18.0,"Công nghệ Kỹ thuật điện, điện tử"
156088,THV,cong-nghe-thong-tin,A00,Điểm thi THPT,2021,16.0,Công nghệ thông tin
156089,THV,cong-nghe-thong-tin,A01,Điểm thi THPT,2021,16.0,Công nghệ thông tin
156090,THV,cong-nghe-thong-tin,B00,Điểm thi THPT,2021,16.0,Công nghệ thông tin
156091,THV,cong-nghe-thong-tin,D01,Điểm thi THPT,2021,16.0,Công nghệ thông tin
156092,THV,cong-nghe-thong-tin,A00,Điểm học bạ,2022,18.0,Công nghệ thông tin
156093,THV,cong-nghe-thong-tin,A01,Điểm học bạ,2022,18.0,Công nghệ thông tin
156094,THV,cong-nghe-thong-tin,B00,Điểm học bạ,2022,18.0,Công nghệ thông tin
156095,THV,cong-nghe-thong-tin,D01,Điểm học bạ,2022,18.0,Công nghệ thông tin
156096,THV,cong-nghe-thong-tin,A00,Điểm thi THPT,2022,16.0,Công nghệ thông tin
156097,THV,cong-nghe-thong-tin,A01,Điểm thi THPT,2022,16.0,Công nghệ thông tin
156098,THV,cong-nghe-thong-tin,B00,Điểm thi THPT,2022,16.0,Công nghệ thông tin
156099,THV,cong-nghe-thong-tin,D01,Điểm thi THPT,2022,16.0,Công nghệ thông tin
156100,THV,cong-nghe-thong-tin,A00,Điểm học bạ,2023,18.0,Công nghệ thông tin
156101,THV,cong-nghe-thong-tin,A01,Điểm học bạ,2023,18.0,Công nghệ thông tin
156102,THV,cong-nghe-thong-tin,B00,Điểm học bạ,2023,18.0,Công nghệ thông tin
156103,THV,cong-nghe-thong-tin,D01,Điểm học bạ,2023,18.0,Công nghệ thông tin
156104,THV,cong-nghe-thong-tin,A00,Điểm thi THPT,2023,17.0,Công nghệ thông tin
156105,THV,cong-nghe-thong-tin,A01,Điểm thi THPT,2023,17.0,Công nghệ thông tin
156106,THV,cong-nghe-thong-tin,B00,Điểm thi THPT,2023,17.0,Công nghệ thông tin
156107,THV,cong-nghe-thong-tin,D01,Điểm thi THPT,2023,17.0,Công nghệ thông tin
156108,THV,cong-nghe-thong-tin,A00,Điểm học bạ,2024,20.0,Công nghệ thông tin
156109,THV,cong-nghe-thong-tin,A01,Điểm học bạ,2024,20.0,Công nghệ thông tin
156110,THV,cong-nghe-thong-tin,A10,Điểm học bạ,2024,20.0,Công nghệ thông tin
156111,THV,cong-nghe-thong-tin,D01,Điểm học bạ,2024,20.0,Công nghệ thông tin
156112,THV,cong-nghe-thong-tin,A00,Điểm thi THPT,2024,18.0,Công nghệ thông tin
156113,THV,cong-nghe-thong-tin,A01,Điểm thi THPT,2024,18.0,Công nghệ thông tin
156114,THV,cong-nghe-thong-tin,A10,Điểm thi THPT,2024,18.0,Công nghệ thông tin
156115,THV,cong-nghe-thong-tin,D01,Điểm thi THPT,2024,18.0,Công nghệ thông tin
156116,THV,cong-nghe-thong-tin,D01,Điểm học bạ,2025,18.9,Công nghệ thông tin
156117,THV,cong-nghe-thong-tin,X02,Điểm học bạ,2025,18.9,Công nghệ thông tin
156118,THV,cong-nghe-thong-tin,X25,Điểm học bạ,2025,18.9,Công nghệ thông tin
156119,THV,cong-nghe-thong-tin,X26,Điểm học bạ,2025,18.9,Công nghệ thông tin
156120,THV,cong-nghe-thong-tin,D01,Điểm thi THPT,2025,18.0,Công nghệ thông tin
156121,THV,cong-nghe-thong-tin,X02,Điểm thi THPT,2025,18.0,Công nghệ thông tin
156122,THV,cong-nghe-thong-tin,X25,Điểm thi THPT,2025,18.0,Công nghệ thông tin
156123,THV,cong-nghe-thong-tin,X26,Điểm thi THPT,2025,18.0,Công nghệ thông tin
156124,THV,cong-tac-xa-hoi,C00,Điểm thi THPT,2021,17.0,Công tác Xã hội
156125,THV,cong-tac-xa-hoi,C20,Điểm thi THPT,2021,17.0,Công tác Xã hội
156126,THV,cong-tac-xa-hoi,D01,Điểm thi THPT,2021,17.0,Công tác Xã hội
156127,THV,cong-tac-xa-hoi,D15,Điểm thi THPT,2021,17.0,Công tác Xã hội
156128,THV,cong-tac-xa-hoi,C00,Điểm học bạ,2024,20.0,Công tác xã hội
156129,THV,cong-tac-xa-hoi,C20,Điểm học bạ,2024,20.0,Công tác xã hội
156130,THV,cong-tac-xa-hoi,D01,Điểm học bạ,2024,20.0,Công tác xã hội
156131,THV,cong-tac-xa-hoi,D15,Điểm học bạ,2024,20.0,Công tác xã hội
156132,THV,cong-tac-xa-hoi,C00,Điểm thi THPT,2024,18.0,Công tác xã hội
156133,THV,cong-tac-xa-hoi,C20,Điểm thi THPT,2024,18.0,Công tác xã hội
156134,THV,cong-tac-xa-hoi,D01,Điểm thi THPT,2024,18.0,Công tác xã hội
156135,THV,cong-tac-xa-hoi,D15,Điểm thi THPT,2024,18.0,Công tác xã hội
156136,THV,cong-tac-xa-hoi,C00,Điểm học bạ,2025,19.42,Công tác xã hội
156137,THV,cong-tac-xa-hoi,D01,Điểm học bạ,2025,19.42,Công tác xã hội
156138,THV,cong-tac-xa-hoi,X70,Điểm học bạ,2025,19.42,Công tác xã hội
156139,THV,cong-tac-xa-hoi,X74,Điểm học bạ,2025,19.42,Công tác xã hội
156140,THV,cong-tac-xa-hoi,C00,Điểm thi THPT,2025,18.5,Công tác xã hội
156141,THV,cong-tac-xa-hoi,D01,Điểm thi THPT,2025,18.5,Công tác xã hội
156142,THV,cong-tac-xa-hoi,X70,Điểm thi THPT,2025,18.5,Công tác xã hội
156143,THV,cong-tac-xa-hoi,X74,Điểm thi THPT,2025,18.5,Công tác xã hội
156144,THV,dieu-duong,A00,Điểm thi THPT,2021,19.0,Điều dưỡng
156145,THV,dieu-duong,B00,Điểm thi THPT,2021,19.0,Điều dưỡng
156146,THV,dieu-duong,D07,Điểm thi THPT,2021,19.0,Điều dưỡng
156147,THV,dieu-duong,D08,Điểm thi THPT,2021,19.0,Điều dưỡng
156148,THV,dieu-duong,A00,Điểm học bạ,2022,20.0,Điều dưỡng
156149,THV,dieu-duong,B00,Điểm học bạ,2022,20.0,Điều dưỡng
156150,THV,dieu-duong,D07,Điểm học bạ,2022,20.0,Điều dưỡng
156151,THV,dieu-duong,D08,Điểm học bạ,2022,20.0,Điều dưỡng
156152,THV,dieu-duong,A00,Điểm thi THPT,2022,19.0,Điều dưỡng
156153,THV,dieu-duong,B00,Điểm thi THPT,2022,19.0,Điều dưỡng
156154,THV,dieu-duong,D07,Điểm thi THPT,2022,19.0,Điều dưỡng
156155,THV,dieu-duong,D08,Điểm thi THPT,2022,19.0,Điều dưỡng
156156,THV,dieu-duong,A00,Điểm học bạ,2023,19.5,Điều dưỡng
156157,THV,dieu-duong,B00,Điểm học bạ,2023,19.5,Điều dưỡng
156158,THV,dieu-duong,D07,Điểm học bạ,2023,19.5,Điều dưỡng
156159,THV,dieu-duong,D08,Điểm học bạ,2023,19.5,Điều dưỡng
156160,THV,dieu-duong,A00,Điểm thi THPT,2023,19.0,Điều dưỡng
156161,THV,dieu-duong,B00,Điểm thi THPT,2023,19.0,Điều dưỡng
156162,THV,dieu-duong,D07,Điểm thi THPT,2023,19.0,Điều dưỡng
156163,THV,dieu-duong,D08,Điểm thi THPT,2023,19.0,Điều dưỡng
156164,THV,dieu-duong,A00,Điểm học bạ,2024,20.0,Điều dưỡng
156165,THV,dieu-duong,B00,Điểm học bạ,2024,20.0,Điều dưỡng
156166,THV,dieu-duong,D07,Điểm học bạ,2024,20.0,Điều dưỡng
156167,THV,dieu-duong,D08,Điểm học bạ,2024,20.0,Điều dưỡng
156168,THV,dieu-duong,A00,Điểm thi THPT,2024,19.0,Điều dưỡng
156169,THV,dieu-duong,B00,Điểm thi THPT,2024,19.0,Điều dưỡng
156170,THV,dieu-duong,D07,Điểm thi THPT,2024,19.0,Điều dưỡng
156171,THV,dieu-duong,D08,Điểm thi THPT,2024,19.0,Điều dưỡng
156172,THV,dieu-duong,B00,Điểm học bạ,2025,22.05,Điều dưỡng
156173,THV,dieu-duong,B03,Điểm học bạ,2025,22.05,Điều dưỡng
156174,THV,dieu-duong,D01,Điểm học bạ,2025,22.05,Điều dưỡng
156175,THV,dieu-duong,X14,Điểm học bạ,2025,22.05,Điều dưỡng
156176,THV,dieu-duong,B00,Điểm thi THPT,2025,21.0,Điều dưỡng
156177,THV,dieu-duong,B03,Điểm thi THPT,2025,21.0,Điều dưỡng
156178,THV,dieu-duong,D01,Điểm thi THPT,2025,21.0,Điều dưỡng
156179,THV,dieu-duong,X14,Điểm thi THPT,2025,21.0,Điều dưỡng
156180,THV,du-lich,C00,Điểm thi THPT,2021,17.0,Du lịch
156181,THV,du-lich,C20,Điểm thi THPT,2021,17.0,Du lịch
156182,THV,du-lich,D01,Điểm thi THPT,2021,17.0,Du lịch
156183,THV,du-lich,D15,Điểm thi THPT,2021,17.0,Du lịch
156184,THV,du-lich,C00,Điểm học bạ,2022,18.0,Du lịch
156185,THV,du-lich,C20,Điểm học bạ,2022,18.0,Du lịch
156186,THV,du-lich,D01,Điểm học bạ,2022,18.0,Du lịch
156187,THV,du-lich,D15,Điểm học bạ,2022,18.0,Du lịch
156188,THV,du-lich,C00,Điểm thi THPT,2022,17.0,Du lịch
156189,THV,du-lich,C20,Điểm thi THPT,2022,17.0,Du lịch
156190,THV,du-lich,D01,Điểm thi THPT,2022,17.0,Du lịch
156191,THV,du-lich,D15,Điểm thi THPT,2022,17.0,Du lịch
156192,THV,du-lich,C00,Điểm học bạ,2025,19.42,Du lịch
156193,THV,du-lich,D01,Điểm học bạ,2025,19.42,Du lịch
156194,THV,du-lich,X70,Điểm học bạ,2025,19.42,Du lịch
156195,THV,du-lich,X74,Điểm học bạ,2025,19.42,Du lịch
156196,THV,du-lich,C00,Điểm thi THPT,2025,18.5,Du lịch
156197,THV,du-lich,D01,Điểm thi THPT,2025,18.5,Du lịch
156198,THV,du-lich,X70,Điểm thi THPT,2025,18.5,Du lịch
156199,THV,du-lich,X74,Điểm thi THPT,2025,18.5,Du lịch
156200,THV,giao-duc-mam-non,M00,Điểm thi THPT,2021,32.0,Giáo dục Mầm non
156201,THV,giao-duc-mam-non,M01,Điểm thi THPT,2021,32.0,Giáo dục Mầm non
156202,THV,giao-duc-mam-non,M07,Điểm thi THPT,2021,32.0,Giáo dục Mầm non
156203,THV,giao-duc-mam-non,M09,Điểm thi THPT,2021,32.0,Giáo dục Mầm non
156204,THV,giao-duc-mam-non,M00,Điểm học bạ,2022,32.0,Giáo dục Mầm non
156205,THV,giao-duc-mam-non,M01,Điểm học bạ,2022,32.0,Giáo dục Mầm non
156206,THV,giao-duc-mam-non,M07,Điểm học bạ,2022,32.0,Giáo dục Mầm non
156207,THV,giao-duc-mam-non,M09,Điểm học bạ,2022,32.0,Giáo dục Mầm non
156208,THV,giao-duc-mam-non,M00,Điểm thi THPT,2022,26.0,Giáo dục Mầm non
156209,THV,giao-duc-mam-non,M01,Điểm thi THPT,2022,26.0,Giáo dục Mầm non
156210,THV,giao-duc-mam-non,M07,Điểm thi THPT,2022,26.0,Giáo dục Mầm non
156211,THV,giao-duc-mam-non,M09,Điểm thi THPT,2022,26.0,Giáo dục Mầm non
156212,THV,giao-duc-mam-non,M00,Điểm học bạ,2023,32.0,Giáo dục Mầm non
156213,THV,giao-duc-mam-non,M01,Điểm học bạ,2023,32.0,Giáo dục Mầm non
156214,THV,giao-duc-mam-non,M07,Điểm học bạ,2023,32.0,Giáo dục Mầm non
156215,THV,giao-duc-mam-non,M09,Điểm học bạ,2023,32.0,Giáo dục Mầm non
156216,THV,giao-duc-mam-non,M00,Điểm thi THPT,2023,31.9,Giáo dục Mầm non
156217,THV,giao-duc-mam-non,M01,Điểm thi THPT,2023,31.9,Giáo dục Mầm non
156218,THV,giao-duc-mam-non,M07,Điểm thi THPT,2023,31.9,Giáo dục Mầm non
156219,THV,giao-duc-mam-non,M09,Điểm thi THPT,2023,31.9,Giáo dục Mầm non
156220,THV,giao-duc-mam-non,M00,Điểm thi THPT,2024,33.47,Giáo dục Mầm non
156221,THV,giao-duc-mam-non,M01,Điểm thi THPT,2024,33.47,Giáo dục Mầm non
156222,THV,giao-duc-mam-non,M07,Điểm thi THPT,2024,33.47,Giáo dục Mầm non
156223,THV,giao-duc-mam-non,M09,Điểm thi THPT,2024,33.47,Giáo dục Mầm non
156224,THV,giao-duc-the-chat,T00,Điểm thi THPT,2021,32.0,Giáo dục Thể chất
156225,THV,giao-duc-the-chat,T02,Điểm thi THPT,2021,32.0,Giáo dục Thể chất
156226,THV,giao-duc-the-chat,T05,Điểm thi THPT,2021,32.0,Giáo dục Thể chất
156227,THV,giao-duc-the-chat,T07,Điểm thi THPT,2021,32.0,Giáo dục Thể chất
156228,THV,giao-duc-the-chat,T00,Điểm học bạ,2022,26.0,Giáo dục Thể chất
156229,THV,giao-duc-the-chat,T02,Điểm học bạ,2022,26.0,Giáo dục Thể chất
156230,THV,giao-duc-the-chat,T05,Điểm học bạ,2022,26.0,Giáo dục Thể chất
156231,THV,giao-duc-the-chat,T07,Điểm học bạ,2022,26.0,Giáo dục Thể chất
156232,THV,giao-duc-the-chat,T00,Điểm thi THPT,2022,24.0,Giáo dục Thể chất
156233,THV,giao-duc-the-chat,T02,Điểm thi THPT,2022,24.0,Giáo dục Thể chất
156234,THV,giao-duc-the-chat,T05,Điểm thi THPT,2022,24.0,Giáo dục Thể chất
156235,THV,giao-duc-the-chat,T07,Điểm thi THPT,2022,24.0,Giáo dục Thể chất
156236,THV,giao-duc-the-chat,T00,Điểm học bạ,2023,32.0,Giáo dục Thể chất
156237,THV,giao-duc-the-chat,T02,Điểm học bạ,2023,32.0,Giáo dục Thể chất
156238,THV,giao-duc-the-chat,T05,Điểm học bạ,2023,32.0,Giáo dục Thể chất
156239,THV,giao-duc-the-chat,T07,Điểm học bạ,2023,32.0,Giáo dục Thể chất
156240,THV,giao-duc-the-chat,T00,Điểm thi THPT,2023,31.75,Giáo dục Thể chất
156241,THV,giao-duc-the-chat,T02,Điểm thi THPT,2023,31.75,Giáo dục Thể chất
156242,THV,giao-duc-the-chat,T05,Điểm thi THPT,2023,31.75,Giáo dục Thể chất
156243,THV,giao-duc-the-chat,T07,Điểm thi THPT,2023,31.75,Giáo dục Thể chất
156244,THV,giao-duc-the-chat,T00,Điểm học bạ,2024,32.0,Giáo dục Thể chất
156245,THV,giao-duc-the-chat,T02,Điểm học bạ,2024,32.0,Giáo dục Thể chất
156246,THV,giao-duc-the-chat,T05,Điểm học bạ,2024,32.0,Giáo dục Thể chất
156247,THV,giao-duc-the-chat,T07,Điểm học bạ,2024,32.0,Giáo dục Thể chất
156248,THV,giao-duc-the-chat,T00,Điểm thi THPT,2024,34.0,Giáo dục Thể chất
156249,THV,giao-duc-the-chat,T02,Điểm thi THPT,2024,34.0,Giáo dục Thể chất
156250,THV,giao-duc-the-chat,T05,Điểm thi THPT,2024,34.0,Giáo dục Thể chất
156251,THV,giao-duc-the-chat,T07,Điểm thi THPT,2024,34.0,Giáo dục Thể chất
156252,THV,giao-duc-tieu-hoc,A00,Điểm thi THPT,2021,26.0,Giáo dục Tiểu học
156253,THV,giao-duc-tieu-hoc,C00,Điểm thi THPT,2021,26.0,Giáo dục Tiểu học
156254,THV,giao-duc-tieu-hoc,C19,Điểm thi THPT,2021,26.0,Giáo dục Tiểu học
156255,THV,giao-duc-tieu-hoc,D01,Điểm thi THPT,2021,26.0,Giáo dục Tiểu học
156256,THV,giao-duc-tieu-hoc,A00,Điểm học bạ,2022,26.45,Giáo dục Tiểu học
156257,THV,giao-duc-tieu-hoc,C00,Điểm học bạ,2022,26.45,Giáo dục Tiểu học
156258,THV,giao-duc-tieu-hoc,C19,Điểm học bạ,2022,26.45,Giáo dục Tiểu học
156259,THV,giao-duc-tieu-hoc,D01,Điểm học bạ,2022,26.45,Giáo dục Tiểu học
156260,THV,giao-duc-tieu-hoc,A00,Điểm thi THPT,2022,26.5,Giáo dục Tiểu học
156261,THV,giao-duc-tieu-hoc,C00,Điểm thi THPT,2022,26.5,Giáo dục Tiểu học
156262,THV,giao-duc-tieu-hoc,C19,Điểm thi THPT,2022,26.5,Giáo dục Tiểu học
156263,THV,giao-duc-tieu-hoc,D01,Điểm thi THPT,2022,26.5,Giáo dục Tiểu học
156264,THV,giao-duc-tieu-hoc,A00,Điểm học bạ,2023,27.1,Giáo dục Tiểu học
156265,THV,giao-duc-tieu-hoc,C00,Điểm học bạ,2023,27.1,Giáo dục Tiểu học
156266,THV,giao-duc-tieu-hoc,C19,Điểm học bạ,2023,27.1,Giáo dục Tiểu học
156267,THV,giao-duc-tieu-hoc,D01,Điểm học bạ,2023,27.1,Giáo dục Tiểu học
156268,THV,giao-duc-tieu-hoc,A00,Điểm thi THPT,2023,26.75,Giáo dục Tiểu học
156269,THV,giao-duc-tieu-hoc,C00,Điểm thi THPT,2023,26.75,Giáo dục Tiểu học
156270,THV,giao-duc-tieu-hoc,C19,Điểm thi THPT,2023,26.75,Giáo dục Tiểu học
156271,THV,giao-duc-tieu-hoc,D01,Điểm thi THPT,2023,26.75,Giáo dục Tiểu học
156272,THV,giao-duc-tieu-hoc,A00,Điểm học bạ,2024,27.6,Giáo dục Tiểu học
156273,THV,giao-duc-tieu-hoc,C00,Điểm học bạ,2024,27.6,Giáo dục Tiểu học
156274,THV,giao-duc-tieu-hoc,C19,Điểm học bạ,2024,27.6,Giáo dục Tiểu học
156275,THV,giao-duc-tieu-hoc,D01,Điểm học bạ,2024,27.6,Giáo dục Tiểu học
156276,THV,giao-duc-tieu-hoc,A00,Điểm thi THPT,2024,28.13,Giáo dục Tiểu học
156277,THV,giao-duc-tieu-hoc,C00,Điểm thi THPT,2024,28.13,Giáo dục Tiểu học
156278,THV,giao-duc-tieu-hoc,C19,Điểm thi THPT,2024,28.13,Giáo dục Tiểu học
156279,THV,giao-duc-tieu-hoc,D01,Điểm thi THPT,2024,28.13,Giáo dục Tiểu học
156280,THV,giao-duc-tieu-hoc,C01,Điểm học bạ,2025,27.15,Giáo dục Tiểu học
156281,THV,giao-duc-tieu-hoc,C03,Điểm học bạ,2025,27.15,Giáo dục Tiểu học
156282,THV,giao-duc-tieu-hoc,D01,Điểm học bạ,2025,27.15,Giáo dục Tiểu học
156283,THV,giao-duc-tieu-hoc,X01,Điểm học bạ,2025,27.15,Giáo dục Tiểu học
156284,THV,giao-duc-tieu-hoc,C01,Điểm thi THPT,2025,25.86,Giáo dục Tiểu học
156285,THV,giao-duc-tieu-hoc,C03,Điểm thi THPT,2025,25.86,Giáo dục Tiểu học
156286,THV,giao-duc-tieu-hoc,D01,Điểm thi THPT,2025,25.86,Giáo dục Tiểu học
156287,THV,giao-duc-tieu-hoc,X01,Điểm thi THPT,2025,25.86,Giáo dục Tiểu học
156288,THV,ke-toan,A00,Điểm thi THPT,2021,17.0,Kế toán
156289,THV,ke-toan,A01,Điểm thi THPT,2021,17.0,Kế toán
156290,THV,ke-toan,A09,Điểm thi THPT,2021,17.0,Kế toán
156291,THV,ke-toan,D01,Điểm thi THPT,2021,17.0,Kế toán
156292,THV,ke-toan,A00,Điểm học bạ,2022,18.0,Kế Toán
156293,THV,ke-toan,A01,Điểm học bạ,2022,18.0,Kế Toán
156294,THV,ke-toan,A09,Điểm học bạ,2022,18.0,Kế Toán
156295,THV,ke-toan,D01,Điểm học bạ,2022,18.0,Kế Toán
156296,THV,ke-toan,A00,Điểm thi THPT,2022,17.0,Kế Toán
156297,THV,ke-toan,A01,Điểm thi THPT,2022,17.0,Kế Toán
156298,THV,ke-toan,A09,Điểm thi THPT,2022,17.0,Kế Toán
156299,THV,ke-toan,D01,Điểm thi THPT,2022,17.0,Kế Toán
156300,THV,ke-toan,A00,Điểm học bạ,2023,18.0,Kế Toán
156301,THV,ke-toan,A01,Điểm học bạ,2023,18.0,Kế Toán
156302,THV,ke-toan,A09,Điểm học bạ,2023,18.0,Kế Toán
156303,THV,ke-toan,D01,Điểm học bạ,2023,18.0,Kế Toán
156304,THV,ke-toan,A00,Điểm thi THPT,2023,17.0,Kế Toán
156305,THV,ke-toan,A01,Điểm thi THPT,2023,17.0,Kế Toán
156306,THV,ke-toan,A09,Điểm thi THPT,2023,17.0,Kế Toán
156307,THV,ke-toan,D01,Điểm thi THPT,2023,17.0,Kế Toán
156308,THV,ke-toan,A00,Điểm học bạ,2024,20.0,Kế toán
156309,THV,ke-toan,A01,Điểm học bạ,2024,20.0,Kế toán
156310,THV,ke-toan,A09,Điểm học bạ,2024,20.0,Kế toán
156311,THV,ke-toan,D01,Điểm học bạ,2024,20.0,Kế toán
156312,THV,ke-toan,A00,Điểm thi THPT,2024,18.0,Kế toán
156313,THV,ke-toan,A01,Điểm thi THPT,2024,18.0,Kế toán
156314,THV,ke-toan,A09,Điểm thi THPT,2024,18.0,Kế toán
156315,THV,ke-toan,D01,Điểm thi THPT,2024,18.0,Kế toán
156316,THV,ke-toan,D01,Điểm học bạ,2025,19.53,Kế Toán
156317,THV,ke-toan,X01,Điểm học bạ,2025,19.53,Kế Toán
156318,THV,ke-toan,X25,Điểm học bạ,2025,19.53,Kế Toán
156319,THV,ke-toan,X53,Điểm học bạ,2025,19.53,Kế Toán
156320,THV,ke-toan,D01,Điểm thi THPT,2025,18.6,Kế Toán
156321,THV,ke-toan,X01,Điểm thi THPT,2025,18.6,Kế Toán
156322,THV,ke-toan,X25,Điểm thi THPT,2025,18.6,Kế Toán
156323,THV,ke-toan,X53,Điểm thi THPT,2025,18.6,Kế Toán
156324,THV,khoa-hoc-cay-trong,A00,Điểm thi THPT,2021,17.0,Khoa học Cây trồng
156325,THV,khoa-hoc-cay-trong,B00,Điểm thi THPT,2021,17.0,Khoa học Cây trồng
156326,THV,khoa-hoc-cay-trong,D07,Điểm thi THPT,2021,17.0,Khoa học Cây trồng
156327,THV,khoa-hoc-cay-trong,D08,Điểm thi THPT,2021,17.0,Khoa học Cây trồng
156328,THV,khoa-hoc-cay-trong,A00,Điểm học bạ,2022,18.0,Khoa học cây trồng
156329,THV,khoa-hoc-cay-trong,B00,Điểm học bạ,2022,18.0,Khoa học cây trồng
156330,THV,khoa-hoc-cay-trong,D07,Điểm học bạ,2022,18.0,Khoa học cây trồng
156331,THV,khoa-hoc-cay-trong,D08,Điểm học bạ,2022,18.0,Khoa học cây trồng
156332,THV,khoa-hoc-cay-trong,A00,Điểm thi THPT,2022,16.0,Khoa học cây trồng
156333,THV,khoa-hoc-cay-trong,B00,Điểm thi THPT,2022,16.0,Khoa học cây trồng
156334,THV,khoa-hoc-cay-trong,D07,Điểm thi THPT,2022,16.0,Khoa học cây trồng
156335,THV,khoa-hoc-cay-trong,D08,Điểm thi THPT,2022,16.0,Khoa học cây trồng
156336,THV,khoa-hoc-cay-trong,D01,Điểm học bạ,2025,18.9,Khoa học cây trồng
156337,THV,khoa-hoc-cay-trong,X04,Điểm học bạ,2025,18.9,Khoa học cây trồng
156338,THV,khoa-hoc-cay-trong,X14,Điểm học bạ,2025,18.9,Khoa học cây trồng
156339,THV,khoa-hoc-cay-trong,X55,Điểm học bạ,2025,18.9,Khoa học cây trồng
156340,THV,khoa-hoc-cay-trong,D01,Điểm thi THPT,2025,18.0,Khoa học cây trồng
156341,THV,khoa-hoc-cay-trong,X04,Điểm thi THPT,2025,18.0,Khoa học cây trồng
156342,THV,khoa-hoc-cay-trong,X14,Điểm thi THPT,2025,18.0,Khoa học cây trồng
156343,THV,khoa-hoc-cay-trong,X55,Điểm thi THPT,2025,18.0,Khoa học cây trồng
156344,THV,kinh-te,A00,Điểm thi THPT,2021,17.0,Kinh tế
156345,THV,kinh-te,A01,Điểm thi THPT,2021,17.0,Kinh tế
156346,THV,kinh-te,A09,Điểm thi THPT,2021,17.0,Kinh tế
156347,THV,kinh-te,D01,Điểm thi THPT,2021,17.0,Kinh tế
156348,THV,kinh-te,A00,Điểm học bạ,2022,18.0,Kinh tế
156349,THV,kinh-te,A01,Điểm học bạ,2022,18.0,Kinh tế
156350,THV,kinh-te,A09,Điểm học bạ,2022,18.0,Kinh tế
156351,THV,kinh-te,D01,Điểm học bạ,2022,18.0,Kinh tế
156352,THV,kinh-te,A00,Điểm thi THPT,2022,16.0,Kinh tế
156353,THV,kinh-te,A01,Điểm thi THPT,2022,16.0,Kinh tế
156354,THV,kinh-te,A09,Điểm thi THPT,2022,16.0,Kinh tế
156355,THV,kinh-te,D01,Điểm thi THPT,2022,16.0,Kinh tế
156356,THV,kinh-te,A00,Điểm học bạ,2023,18.0,Kinh tế
156357,THV,kinh-te,A01,Điểm học bạ,2023,18.0,Kinh tế
156358,THV,kinh-te,A09,Điểm học bạ,2023,18.0,Kinh tế
156359,THV,kinh-te,D01,Điểm học bạ,2023,18.0,Kinh tế
156360,THV,kinh-te,A00,Điểm thi THPT,2023,17.0,Kinh tế
156361,THV,kinh-te,A01,Điểm thi THPT,2023,17.0,Kinh tế
156362,THV,kinh-te,A09,Điểm thi THPT,2023,17.0,Kinh tế
156363,THV,kinh-te,D01,Điểm thi THPT,2023,17.0,Kinh tế
156364,THV,kinh-te,A00,Điểm học bạ,2024,20.0,Kinh tế
156365,THV,kinh-te,A01,Điểm học bạ,2024,20.0,Kinh tế
156366,THV,kinh-te,A09,Điểm học bạ,2024,20.0,Kinh tế
156367,THV,kinh-te,D01,Điểm học bạ,2024,20.0,Kinh tế
156368,THV,kinh-te,A00,Điểm thi THPT,2024,18.0,Kinh tế
156369,THV,kinh-te,A01,Điểm thi THPT,2024,18.0,Kinh tế
156370,THV,kinh-te,A09,Điểm thi THPT,2024,18.0,Kinh tế
156371,THV,kinh-te,D01,Điểm thi THPT,2024,18.0,Kinh tế
156372,THV,kinh-te,D01,Điểm học bạ,2025,19.64,Kinh tế
156373,THV,kinh-te,X01,Điểm học bạ,2025,19.64,Kinh tế
156374,THV,kinh-te,X25,Điểm học bạ,2025,19.64,Kinh tế
156375,THV,kinh-te,X53,Điểm học bạ,2025,19.64,Kinh tế
156376,THV,kinh-te,D01,Điểm thi THPT,2025,18.7,Kinh tế
156377,THV,kinh-te,X01,Điểm thi THPT,2025,18.7,Kinh tế
156378,THV,kinh-te,X25,Điểm thi THPT,2025,18.7,Kinh tế
156379,THV,kinh-te,X53,Điểm thi THPT,2025,18.7,Kinh tế
156380,THV,ngon-ngu-anh,D01,Điểm thi THPT,2021,19.0,Ngôn ngữ Anh
156381,THV,ngon-ngu-anh,D11,Điểm thi THPT,2021,19.0,Ngôn ngữ Anh
156382,THV,ngon-ngu-anh,D14,Điểm thi THPT,2021,19.0,Ngôn ngữ Anh
156383,THV,ngon-ngu-anh,D15,Điểm thi THPT,2021,19.0,Ngôn ngữ Anh
156384,THV,ngon-ngu-anh,D01,Điểm học bạ,2022,18.0,Ngôn ngữ Anh
156385,THV,ngon-ngu-anh,D11,Điểm học bạ,2022,18.0,Ngôn ngữ Anh
156386,THV,ngon-ngu-anh,D14,Điểm học bạ,2022,18.0,Ngôn ngữ Anh
156387,THV,ngon-ngu-anh,D15,Điểm học bạ,2022,18.0,Ngôn ngữ Anh
156388,THV,ngon-ngu-anh,D01,Điểm thi THPT,2022,17.0,Ngôn ngữ Anh
156389,THV,ngon-ngu-anh,D11,Điểm thi THPT,2022,17.0,Ngôn ngữ Anh
156390,THV,ngon-ngu-anh,D14,Điểm thi THPT,2022,17.0,Ngôn ngữ Anh
156391,THV,ngon-ngu-anh,D15,Điểm thi THPT,2022,17.0,Ngôn ngữ Anh
156392,THV,ngon-ngu-anh,D01,Điểm học bạ,2023,18.0,Ngôn ngữ Anh
156393,THV,ngon-ngu-anh,D11,Điểm học bạ,2023,18.0,Ngôn ngữ Anh
156394,THV,ngon-ngu-anh,D14,Điểm học bạ,2023,18.0,Ngôn ngữ Anh
156395,THV,ngon-ngu-anh,D15,Điểm học bạ,2023,18.0,Ngôn ngữ Anh
156396,THV,ngon-ngu-anh,D01,Điểm thi THPT,2023,17.0,Ngôn ngữ Anh
156397,THV,ngon-ngu-anh,D11,Điểm thi THPT,2023,17.0,Ngôn ngữ Anh
156398,THV,ngon-ngu-anh,D14,Điểm thi THPT,2023,17.0,Ngôn ngữ Anh
156399,THV,ngon-ngu-anh,D15,Điểm thi THPT,2023,17.0,Ngôn ngữ Anh
156400,THV,ngon-ngu-anh,D01,Điểm học bạ,2024,20.0,Ngôn ngữ Anh
156401,THV,ngon-ngu-anh,D11,Điểm học bạ,2024,20.0,Ngôn ngữ Anh
156402,THV,ngon-ngu-anh,D14,Điểm học bạ,2024,20.0,Ngôn ngữ Anh
156403,THV,ngon-ngu-anh,D15,Điểm học bạ,2024,20.0,Ngôn ngữ Anh
156404,THV,ngon-ngu-anh,D01,Điểm thi THPT,2024,19.0,Ngôn ngữ Anh
156405,THV,ngon-ngu-anh,D11,Điểm thi THPT,2024,19.0,Ngôn ngữ Anh
156406,THV,ngon-ngu-anh,D14,Điểm thi THPT,2024,19.0,Ngôn ngữ Anh
156407,THV,ngon-ngu-anh,D15,Điểm thi THPT,2024,19.0,Ngôn ngữ Anh
156408,THV,ngon-ngu-anh,D01,Điểm học bạ,2025,22.05,Ngôn ngữ Anh
156409,THV,ngon-ngu-anh,D14,Điểm học bạ,2025,22.05,Ngôn ngữ Anh
156410,THV,ngon-ngu-anh,D15,Điểm học bạ,2025,22.05,Ngôn ngữ Anh
156411,THV,ngon-ngu-anh,X78,Điểm học bạ,2025,22.05,Ngôn ngữ Anh
156412,THV,ngon-ngu-anh,D01,Điểm thi THPT,2025,21.0,Ngôn ngữ Anh
156413,THV,ngon-ngu-anh,D14,Điểm thi THPT,2025,21.0,Ngôn ngữ Anh
156414,THV,ngon-ngu-anh,D15,Điểm thi THPT,2025,21.0,Ngôn ngữ Anh
156415,THV,ngon-ngu-anh,X78,Điểm thi THPT,2025,21.0,Ngôn ngữ Anh
156416,THV,ngon-ngu-trung-quoc,D01,Điểm thi THPT,2021,19.0,Ngôn ngữ Trung Quốc
156417,THV,ngon-ngu-trung-quoc,D11,Điểm thi THPT,2021,19.0,Ngôn ngữ Trung Quốc
156418,THV,ngon-ngu-trung-quoc,D14,Điểm thi THPT,2021,19.0,Ngôn ngữ Trung Quốc
156419,THV,ngon-ngu-trung-quoc,D15,Điểm thi THPT,2021,19.0,Ngôn ngữ Trung Quốc
156420,THV,ngon-ngu-trung-quoc,D01,Điểm học bạ,2022,18.0,Ngôn ngữ Trung Quốc
156421,THV,ngon-ngu-trung-quoc,D11,Điểm học bạ,2022,18.0,Ngôn ngữ Trung Quốc
156422,THV,ngon-ngu-trung-quoc,D14,Điểm học bạ,2022,18.0,Ngôn ngữ Trung Quốc
156423,THV,ngon-ngu-trung-quoc,D15,Điểm học bạ,2022,18.0,Ngôn ngữ Trung Quốc
156424,THV,ngon-ngu-trung-quoc,D01,Điểm thi THPT,2022,17.0,Ngôn ngữ Trung Quốc
156425,THV,ngon-ngu-trung-quoc,D11,Điểm thi THPT,2022,17.0,Ngôn ngữ Trung Quốc
156426,THV,ngon-ngu-trung-quoc,D14,Điểm thi THPT,2022,17.0,Ngôn ngữ Trung Quốc
156427,THV,ngon-ngu-trung-quoc,D15,Điểm thi THPT,2022,17.0,Ngôn ngữ Trung Quốc
156428,THV,ngon-ngu-trung-quoc,D01,Điểm học bạ,2023,18.0,Ngôn ngữ Trung Quốc
156429,THV,ngon-ngu-trung-quoc,D11,Điểm học bạ,2023,18.0,Ngôn ngữ Trung Quốc
156430,THV,ngon-ngu-trung-quoc,D14,Điểm học bạ,2023,18.0,Ngôn ngữ Trung Quốc
156431,THV,ngon-ngu-trung-quoc,D15,Điểm học bạ,2023,18.0,Ngôn ngữ Trung Quốc
156432,THV,ngon-ngu-trung-quoc,D01,Điểm thi THPT,2023,17.0,Ngôn ngữ Trung Quốc
156433,THV,ngon-ngu-trung-quoc,D11,Điểm thi THPT,2023,17.0,Ngôn ngữ Trung Quốc
156434,THV,ngon-ngu-trung-quoc,D14,Điểm thi THPT,2023,17.0,Ngôn ngữ Trung Quốc
156435,THV,ngon-ngu-trung-quoc,D15,Điểm thi THPT,2023,17.0,Ngôn ngữ Trung Quốc
156436,THV,ngon-ngu-trung-quoc,D01,Điểm học bạ,2024,21.0,Ngôn ngữ Trung Quốc
156437,THV,ngon-ngu-trung-quoc,D04,Điểm học bạ,2024,21.0,Ngôn ngữ Trung Quốc
156438,THV,ngon-ngu-trung-quoc,D15,Điểm học bạ,2024,21.0,Ngôn ngữ Trung Quốc
156439,THV,ngon-ngu-trung-quoc,D45,Điểm học bạ,2024,21.0,Ngôn ngữ Trung Quốc
156440,THV,ngon-ngu-trung-quoc,D01,Điểm thi THPT,2024,21.0,Ngôn ngữ Trung Quốc
156441,THV,ngon-ngu-trung-quoc,D04,Điểm thi THPT,2024,21.0,Ngôn ngữ Trung Quốc
156442,THV,ngon-ngu-trung-quoc,D15,Điểm thi THPT,2024,21.0,Ngôn ngữ Trung Quốc
156443,THV,ngon-ngu-trung-quoc,D45,Điểm thi THPT,2024,21.0,Ngôn ngữ Trung Quốc
156444,THV,ngon-ngu-trung-quoc,D01,Điểm học bạ,2025,23.62,Ngôn ngữ Trung Quốc
156445,THV,ngon-ngu-trung-quoc,D04,Điểm học bạ,2025,23.62,Ngôn ngữ Trung Quốc
156446,THV,ngon-ngu-trung-quoc,D14,Điểm học bạ,2025,23.62,Ngôn ngữ Trung Quốc
156447,THV,ngon-ngu-trung-quoc,X78,Điểm học bạ,2025,23.62,Ngôn ngữ Trung Quốc
156448,THV,ngon-ngu-trung-quoc,D01,Điểm thi THPT,2025,22.5,Ngôn ngữ Trung Quốc
156449,THV,ngon-ngu-trung-quoc,D04,Điểm thi THPT,2025,22.5,Ngôn ngữ Trung Quốc
156450,THV,ngon-ngu-trung-quoc,D14,Điểm thi THPT,2025,22.5,Ngôn ngữ Trung Quốc
156451,THV,ngon-ngu-trung-quoc,X78,Điểm thi THPT,2025,22.5,Ngôn ngữ Trung Quốc
156452,THV,quan-tri-dich-vu-di-lich-va-lu-hanh,C00,Điểm học bạ,2023,18.0,Quản trị dịch vụ di lịch và lữ hành
156453,THV,quan-tri-dich-vu-di-lich-va-lu-hanh,C20,Điểm học bạ,2023,18.0,Quản trị dịch vụ di lịch và lữ hành
156454,THV,quan-tri-dich-vu-di-lich-va-lu-hanh,D01,Điểm học bạ,2023,18.0,Quản trị dịch vụ di lịch và lữ hành
156455,THV,quan-tri-dich-vu-di-lich-va-lu-hanh,D15,Điểm học bạ,2023,18.0,Quản trị dịch vụ di lịch và lữ hành
156456,THV,quan-tri-dich-vu-du-lich-va-lu-hanh,C00,Điểm thi THPT,2021,17.0,Quản trị dịch vụ du lịch và lữ hành
156457,THV,quan-tri-dich-vu-du-lich-va-lu-hanh,C20,Điểm thi THPT,2021,17.0,Quản trị dịch vụ du lịch và lữ hành
156458,THV,quan-tri-dich-vu-du-lich-va-lu-hanh,D01,Điểm thi THPT,2021,17.0,Quản trị dịch vụ du lịch và lữ hành
156459,THV,quan-tri-dich-vu-du-lich-va-lu-hanh,D15,Điểm thi THPT,2021,17.0,Quản trị dịch vụ du lịch và lữ hành
156460,THV,quan-tri-dich-vu-du-lich-va-lu-hanh,C00,Điểm học bạ,2022,18.0,Quản trị dịch vụ du lịch và lữ hành
156461,THV,quan-tri-dich-vu-du-lich-va-lu-hanh,C20,Điểm học bạ,2022,18.0,Quản trị dịch vụ du lịch và lữ hành
156462,THV,quan-tri-dich-vu-du-lich-va-lu-hanh,D01,Điểm học bạ,2022,18.0,Quản trị dịch vụ du lịch và lữ hành
156463,THV,quan-tri-dich-vu-du-lich-va-lu-hanh,D15,Điểm học bạ,2022,18.0,Quản trị dịch vụ du lịch và lữ hành
156464,THV,quan-tri-dich-vu-du-lich-va-lu-hanh,C00,Điểm thi THPT,2022,17.0,Quản trị dịch vụ du lịch và lữ hành
156465,THV,quan-tri-dich-vu-du-lich-va-lu-hanh,C20,Điểm thi THPT,2022,17.0,Quản trị dịch vụ du lịch và lữ hành
156466,THV,quan-tri-dich-vu-du-lich-va-lu-hanh,D01,Điểm thi THPT,2022,17.0,Quản trị dịch vụ du lịch và lữ hành
156467,THV,quan-tri-dich-vu-du-lich-va-lu-hanh,D15,Điểm thi THPT,2022,17.0,Quản trị dịch vụ du lịch và lữ hành
156468,THV,quan-tri-dich-vu-du-lich-va-lu-hanh,C00,Điểm học bạ,2023,18.0,Quản trị dịch vụ du lịch và lữ hành
156469,THV,quan-tri-dich-vu-du-lich-va-lu-hanh,C20,Điểm học bạ,2023,18.0,Quản trị dịch vụ du lịch và lữ hành
156470,THV,quan-tri-dich-vu-du-lich-va-lu-hanh,D01,Điểm học bạ,2023,18.0,Quản trị dịch vụ du lịch và lữ hành
156471,THV,quan-tri-dich-vu-du-lich-va-lu-hanh,D15,Điểm học bạ,2023,18.0,Quản trị dịch vụ du lịch và lữ hành
156472,THV,quan-tri-dich-vu-du-lich-va-lu-hanh,C00,Điểm thi THPT,2023,16.0,Quản trị dịch vụ du lịch và lữ hành
156473,THV,quan-tri-dich-vu-du-lich-va-lu-hanh,C20,Điểm thi THPT,2023,16.0,Quản trị dịch vụ du lịch và lữ hành
156474,THV,quan-tri-dich-vu-du-lich-va-lu-hanh,D01,Điểm thi THPT,2023,16.0,Quản trị dịch vụ du lịch và lữ hành
156475,THV,quan-tri-dich-vu-du-lich-va-lu-hanh,D15,Điểm thi THPT,2023,16.0,Quản trị dịch vụ du lịch và lữ hành
156476,THV,quan-tri-dich-vu-du-lich-va-lu-hanh,C00,Điểm học bạ,2024,20.0,Quản trị dịch vụ du lịch và lữ hành
156477,THV,quan-tri-dich-vu-du-lich-va-lu-hanh,C20,Điểm học bạ,2024,20.0,Quản trị dịch vụ du lịch và lữ hành
156478,THV,quan-tri-dich-vu-du-lich-va-lu-hanh,D01,Điểm học bạ,2024,20.0,Quản trị dịch vụ du lịch và lữ hành
156479,THV,quan-tri-dich-vu-du-lich-va-lu-hanh,D15,Điểm học bạ,2024,20.0,Quản trị dịch vụ du lịch và lữ hành
156480,THV,quan-tri-dich-vu-du-lich-va-lu-hanh,C00,Điểm thi THPT,2024,18.0,Quản trị dịch vụ du lịch và lữ hành
156481,THV,quan-tri-dich-vu-du-lich-va-lu-hanh,C20,Điểm thi THPT,2024,18.0,Quản trị dịch vụ du lịch và lữ hành
156482,THV,quan-tri-dich-vu-du-lich-va-lu-hanh,D01,Điểm thi THPT,2024,18.0,Quản trị dịch vụ du lịch và lữ hành
156483,THV,quan-tri-dich-vu-du-lich-va-lu-hanh,D15,Điểm thi THPT,2024,18.0,Quản trị dịch vụ du lịch và lữ hành
156484,THV,quan-tri-dich-vu-du-lich-va-lu-hanh,C00,Điểm học bạ,2025,23.1,Quản trị dịch vụ du lịch và lữ hành
156485,THV,quan-tri-dich-vu-du-lich-va-lu-hanh,D01,Điểm học bạ,2025,23.1,Quản trị dịch vụ du lịch và lữ hành
156486,THV,quan-tri-dich-vu-du-lich-va-lu-hanh,X70,Điểm học bạ,2025,23.1,Quản trị dịch vụ du lịch và lữ hành
156487,THV,quan-tri-dich-vu-du-lich-va-lu-hanh,X74,Điểm học bạ,2025,23.1,Quản trị dịch vụ du lịch và lữ hành
156488,THV,quan-tri-dich-vu-du-lich-va-lu-hanh,C00,Điểm thi THPT,2025,22.0,Quản trị dịch vụ du lịch và lữ hành
156489,THV,quan-tri-dich-vu-du-lich-va-lu-hanh,D01,Điểm thi THPT,2025,22.0,Quản trị dịch vụ du lịch và lữ hành
156490,THV,quan-tri-dich-vu-du-lich-va-lu-hanh,X70,Điểm thi THPT,2025,22.0,Quản trị dịch vụ du lịch và lữ hành
156491,THV,quan-tri-dich-vu-du-lich-va-lu-hanh,X74,Điểm thi THPT,2025,22.0,Quản trị dịch vụ du lịch và lữ hành
156492,THV,quan-tri-kinh-doanh,A00,Điểm thi THPT,2021,17.0,Quản trị kinh doanh
156493,THV,quan-tri-kinh-doanh,A01,Điểm thi THPT,2021,17.0,Quản trị kinh doanh
156494,THV,quan-tri-kinh-doanh,A09,Điểm thi THPT,2021,17.0,Quản trị kinh doanh
156495,THV,quan-tri-kinh-doanh,D01,Điểm thi THPT,2021,17.0,Quản trị kinh doanh
156496,THV,quan-tri-kinh-doanh,A00,Điểm học bạ,2022,18.0,Quản Trị kinh doanh
156497,THV,quan-tri-kinh-doanh,A01,Điểm học bạ,2022,18.0,Quản Trị kinh doanh
156498,THV,quan-tri-kinh-doanh,A09,Điểm học bạ,2022,18.0,Quản Trị kinh doanh
156499,THV,quan-tri-kinh-doanh,D01,Điểm học bạ,2022,18.0,Quản Trị kinh doanh
156500,THV,quan-tri-kinh-doanh,A00,Điểm thi THPT,2022,17.0,Quản Trị kinh doanh
156501,THV,quan-tri-kinh-doanh,A01,Điểm thi THPT,2022,17.0,Quản Trị kinh doanh
156502,THV,quan-tri-kinh-doanh,A09,Điểm thi THPT,2022,17.0,Quản Trị kinh doanh
156503,THV,quan-tri-kinh-doanh,D01,Điểm thi THPT,2022,17.0,Quản Trị kinh doanh
156504,THV,quan-tri-kinh-doanh,A00,Điểm học bạ,2023,18.0,Quản trị kinh doanh
156505,THV,quan-tri-kinh-doanh,A01,Điểm học bạ,2023,18.0,Quản trị kinh doanh
156506,THV,quan-tri-kinh-doanh,A09,Điểm học bạ,2023,18.0,Quản trị kinh doanh
156507,THV,quan-tri-kinh-doanh,D01,Điểm học bạ,2023,18.0,Quản trị kinh doanh
156508,THV,quan-tri-kinh-doanh,A00,Điểm thi THPT,2023,17.0,Quản Trị kinh doanh
156509,THV,quan-tri-kinh-doanh,A01,Điểm thi THPT,2023,17.0,Quản Trị kinh doanh
156510,THV,quan-tri-kinh-doanh,A09,Điểm thi THPT,2023,17.0,Quản Trị kinh doanh
156511,THV,quan-tri-kinh-doanh,D01,Điểm thi THPT,2023,17.0,Quản Trị kinh doanh
156512,THV,quan-tri-kinh-doanh,A00,Điểm học bạ,2024,20.0,Quản trị kinh doanh
156513,THV,quan-tri-kinh-doanh,A01,Điểm học bạ,2024,20.0,Quản trị kinh doanh
156514,THV,quan-tri-kinh-doanh,A09,Điểm học bạ,2024,20.0,Quản trị kinh doanh
156515,THV,quan-tri-kinh-doanh,D01,Điểm học bạ,2024,20.0,Quản trị kinh doanh
156516,THV,quan-tri-kinh-doanh,A00,Điểm thi THPT,2024,18.0,Quản trị kinh doanh
156517,THV,quan-tri-kinh-doanh,A01,Điểm thi THPT,2024,18.0,Quản trị kinh doanh
156518,THV,quan-tri-kinh-doanh,A09,Điểm thi THPT,2024,18.0,Quản trị kinh doanh
156519,THV,quan-tri-kinh-doanh,D01,Điểm thi THPT,2024,18.0,Quản trị kinh doanh
156520,THV,quan-tri-kinh-doanh,D01,Điểm học bạ,2025,21.0,Quản Trị kinh doanh
156521,THV,quan-tri-kinh-doanh,X01,Điểm học bạ,2025,21.0,Quản Trị kinh doanh
156522,THV,quan-tri-kinh-doanh,X25,Điểm học bạ,2025,21.0,Quản Trị kinh doanh
156523,THV,quan-tri-kinh-doanh,X53,Điểm học bạ,2025,21.0,Quản Trị kinh doanh
156524,THV,quan-tri-kinh-doanh,D01,Điểm thi THPT,2025,20.0,Quản Trị kinh doanh
156525,THV,quan-tri-kinh-doanh,X01,Điểm thi THPT,2025,20.0,Quản Trị kinh doanh
156526,THV,quan-tri-kinh-doanh,X25,Điểm thi THPT,2025,20.0,Quản Trị kinh doanh
156527,THV,quan-tri-kinh-doanh,X53,Điểm thi THPT,2025,20.0,Quản Trị kinh doanh
156528,THV,su-pham-am-nhac,N00,Điểm thi THPT,2021,32.0,Sư phạm Âm nhạc
156529,THV,su-pham-am-nhac,N01,Điểm thi THPT,2021,32.0,Sư phạm Âm nhạc
156530,THV,su-pham-am-nhac,N00,Điểm học bạ,2022,26.0,Sư phạm Âm nhạc
156531,THV,su-pham-am-nhac,N01,Điểm học bạ,2022,26.0,Sư phạm Âm nhạc
156532,THV,su-pham-am-nhac,N00,Điểm thi THPT,2022,24.0,Sư phạm Âm nhạc
156533,THV,su-pham-am-nhac,N01,Điểm thi THPT,2022,24.0,Sư phạm Âm nhạc
156534,THV,su-pham-am-nhac,N00,Điểm học bạ,2023,29.0,Sư phạm Âm nhạc
156535,THV,su-pham-am-nhac,N01,Điểm học bạ,2023,29.0,Sư phạm Âm nhạc
156536,THV,su-pham-am-nhac,N00,Điểm thi THPT,2023,29.0,Sư phạm Âm nhạc
156537,THV,su-pham-am-nhac,N01,Điểm thi THPT,2023,29.0,Sư phạm Âm nhạc
156538,THV,su-pham-am-nhac,N00,Điểm học bạ,2024,30.0,Sư phạm Âm nhạc
156539,THV,su-pham-am-nhac,N01,Điểm học bạ,2024,30.0,Sư phạm Âm nhạc
156540,THV,su-pham-am-nhac,N00,Điểm thi THPT,2024,33.0,Sư phạm Âm nhạc
156541,THV,su-pham-am-nhac,N01,Điểm thi THPT,2024,33.0,Sư phạm Âm nhạc
156542,THV,su-pham-dia-ly,C00,Điểm thi THPT,2021,20.0,Sư phạm Địa lý
156543,THV,su-pham-dia-ly,C04,Điểm thi THPT,2021,20.0,Sư phạm Địa lý
156544,THV,su-pham-dia-ly,C20,Điểm thi THPT,2021,20.0,Sư phạm Địa lý
156545,THV,su-pham-dia-ly,D15,Điểm thi THPT,2021,20.0,Sư phạm Địa lý
156546,THV,su-pham-hoa-hoc,A00,Điểm thi THPT,2021,24.0,Sư phạm Hóa học
156547,THV,su-pham-hoa-hoc,B00,Điểm thi THPT,2021,24.0,Sư phạm Hóa học
156548,THV,su-pham-hoa-hoc,C02,Điểm thi THPT,2021,24.0,Sư phạm Hóa học
156549,THV,su-pham-hoa-hoc,D07,Điểm thi THPT,2021,24.0,Sư phạm Hóa học
156550,THV,su-pham-khoa-hoc-tu-nhien,A00,Điểm học bạ,2025,27.84,Sư phạm Khoa học tự nhiên
156551,THV,su-pham-khoa-hoc-tu-nhien,A01,Điểm học bạ,2025,27.84,Sư phạm Khoa học tự nhiên
156552,THV,su-pham-khoa-hoc-tu-nhien,B00,Điểm học bạ,2025,27.84,Sư phạm Khoa học tự nhiên
156553,THV,su-pham-khoa-hoc-tu-nhien,X14,Điểm học bạ,2025,27.84,Sư phạm Khoa học tự nhiên
156554,THV,su-pham-khoa-hoc-tu-nhien,A00,Điểm thi THPT,2025,26.51,Sư phạm Khoa học tự nhiên
156555,THV,su-pham-khoa-hoc-tu-nhien,A01,Điểm thi THPT,2025,26.51,Sư phạm Khoa học tự nhiên
156556,THV,su-pham-khoa-hoc-tu-nhien,B00,Điểm thi THPT,2025,26.51,Sư phạm Khoa học tự nhiên
156557,THV,su-pham-khoa-hoc-tu-nhien,X14,Điểm thi THPT,2025,26.51,Sư phạm Khoa học tự nhiên
156558,THV,su-pham-lich-su,C00,Điểm thi THPT,2021,25.75,Sư phạm Lịch sử
156559,THV,su-pham-lich-su,C03,Điểm thi THPT,2021,25.75,Sư phạm Lịch sử
156560,THV,su-pham-lich-su,C19,Điểm thi THPT,2021,25.75,Sư phạm Lịch sử
156561,THV,su-pham-lich-su,D14,Điểm thi THPT,2021,25.75,Sư phạm Lịch sử
156562,THV,su-pham-lich-su-dia-ly,C00,Điểm học bạ,2025,28.96,Sư phạm Lịch sử - Địa lý
156563,THV,su-pham-lich-su-dia-ly,D14,Điểm học bạ,2025,28.96,Sư phạm Lịch sử - Địa lý
156564,THV,su-pham-lich-su-dia-ly,X70,Điểm học bạ,2025,28.96,Sư phạm Lịch sử - Địa lý
156565,THV,su-pham-lich-su-dia-ly,X74,Điểm học bạ,2025,28.96,Sư phạm Lịch sử - Địa lý
156566,THV,su-pham-lich-su-dia-ly,C00,Điểm thi THPT,2025,27.58,Sư phạm Lịch sử - Địa lý
156567,THV,su-pham-lich-su-dia-ly,D14,Điểm thi THPT,2025,27.58,Sư phạm Lịch sử - Địa lý
156568,THV,su-pham-lich-su-dia-ly,X70,Điểm thi THPT,2025,27.58,Sư phạm Lịch sử - Địa lý
156569,THV,su-pham-lich-su-dia-ly,X74,Điểm thi THPT,2025,27.58,Sư phạm Lịch sử - Địa lý
156570,THV,su-pham-mam-non,M00,Điểm học bạ,2024,32.0,Sư phạm Mầm non
156571,THV,su-pham-mam-non,M01,Điểm học bạ,2024,32.0,Sư phạm Mầm non
156572,THV,su-pham-mam-non,M07,Điểm học bạ,2024,32.0,Sư phạm Mầm non
156573,THV,su-pham-mam-non,M09,Điểm học bạ,2024,32.0,Sư phạm Mầm non
156574,THV,su-pham-my-thuat,V00,Điểm thi THPT,2021,32.0,Sư phạm Mỹ thuật
156575,THV,su-pham-my-thuat,V01,Điểm thi THPT,2021,32.0,Sư phạm Mỹ thuật
156576,THV,su-pham-my-thuat,V02,Điểm thi THPT,2021,32.0,Sư phạm Mỹ thuật
156577,THV,su-pham-my-thuat,V03,Điểm thi THPT,2021,32.0,Sư phạm Mỹ thuật
156578,THV,su-pham-ngu-van,C00,Điểm thi THPT,2021,25.75,Sư phạm Ngữ Văn
156579,THV,su-pham-ngu-van,C19,Điểm thi THPT,2021,25.75,Sư phạm Ngữ Văn
156580,THV,su-pham-ngu-van,C20,Điểm thi THPT,2021,25.75,Sư phạm Ngữ Văn
156581,THV,su-pham-ngu-van,D14,Điểm thi THPT,2021,25.75,Sư phạm Ngữ Văn
156582,THV,su-pham-ngu-van,C00,Điểm học bạ,2022,25.0,Sư phạm Ngữ văn
156583,THV,su-pham-ngu-van,C19,Điểm học bạ,2022,25.0,Sư phạm Ngữ văn
156584,THV,su-pham-ngu-van,C20,Điểm học bạ,2022,25.0,Sư phạm Ngữ văn
156585,THV,su-pham-ngu-van,D14,Điểm học bạ,2022,25.0,Sư phạm Ngữ văn
156586,THV,su-pham-ngu-van,C00,Điểm thi THPT,2022,26.25,Sư phạm Ngữ văn
156587,THV,su-pham-ngu-van,C19,Điểm thi THPT,2022,26.25,Sư phạm Ngữ văn
156588,THV,su-pham-ngu-van,C20,Điểm thi THPT,2022,26.25,Sư phạm Ngữ văn
156589,THV,su-pham-ngu-van,D14,Điểm thi THPT,2022,26.25,Sư phạm Ngữ văn
156590,THV,su-pham-ngu-van,C00,Điểm học bạ,2023,27.25,Sư phạm Ngữ văn
156591,THV,su-pham-ngu-van,C19,Điểm học bạ,2023,27.25,Sư phạm Ngữ văn
156592,THV,su-pham-ngu-van,C20,Điểm học bạ,2023,27.25,Sư phạm Ngữ văn
156593,THV,su-pham-ngu-van,D14,Điểm học bạ,2023,27.25,Sư phạm Ngữ văn
156594,THV,su-pham-ngu-van,C00,Điểm thi THPT,2023,27.45,Sư phạm Ngữ văn
156595,THV,su-pham-ngu-van,C19,Điểm thi THPT,2023,27.45,Sư phạm Ngữ văn
156596,THV,su-pham-ngu-van,C20,Điểm thi THPT,2023,27.45,Sư phạm Ngữ văn
156597,THV,su-pham-ngu-van,D14,Điểm thi THPT,2023,27.45,Sư phạm Ngữ văn
156598,THV,su-pham-ngu-van,C00,Điểm học bạ,2024,28.2,Sư phạm Ngữ văn
156599,THV,su-pham-ngu-van,C19,Điểm học bạ,2024,28.2,Sư phạm Ngữ văn
156600,THV,su-pham-ngu-van,C20,Điểm học bạ,2024,28.2,Sư phạm Ngữ văn
156601,THV,su-pham-ngu-van,D14,Điểm học bạ,2024,28.2,Sư phạm Ngữ văn
156602,THV,su-pham-ngu-van,C00,Điểm thi THPT,2024,28.44,Sư phạm Ngữ văn
156603,THV,su-pham-ngu-van,C19,Điểm thi THPT,2024,28.44,Sư phạm Ngữ văn
156604,THV,su-pham-ngu-van,C20,Điểm thi THPT,2024,28.44,Sư phạm Ngữ văn
156605,THV,su-pham-ngu-van,D14,Điểm thi THPT,2024,28.44,Sư phạm Ngữ văn
156606,THV,su-pham-ngu-van,C00,Điểm học bạ,2025,29.3,Sư phạm Ngữ văn
156607,THV,su-pham-ngu-van,D14,Điểm học bạ,2025,29.3,Sư phạm Ngữ văn
156608,THV,su-pham-ngu-van,X70,Điểm học bạ,2025,29.3,Sư phạm Ngữ văn
156609,THV,su-pham-ngu-van,X74,Điểm học bạ,2025,29.3,Sư phạm Ngữ văn
156610,THV,su-pham-ngu-van,C00,Điểm thi THPT,2025,27.9,Sư phạm Ngữ văn
156611,THV,su-pham-ngu-van,D14,Điểm thi THPT,2025,27.9,Sư phạm Ngữ văn
156612,THV,su-pham-ngu-van,X70,Điểm thi THPT,2025,27.9,Sư phạm Ngữ văn
156613,THV,su-pham-ngu-van,X74,Điểm thi THPT,2025,27.9,Sư phạm Ngữ văn
156614,THV,su-pham-sinh-hoc,A02,Điểm thi THPT,2021,24.0,Sư phạm Sinh học
156615,THV,su-pham-sinh-hoc,B00,Điểm thi THPT,2021,24.0,Sư phạm Sinh học
156616,THV,su-pham-sinh-hoc,B03,Điểm thi THPT,2021,24.0,Sư phạm Sinh học
156617,THV,su-pham-sinh-hoc,D08,Điểm thi THPT,2021,24.0,Sư phạm Sinh học
156618,THV,su-pham-tieng-anh,D01,Điểm thi THPT,2021,24.75,Sư phạm Tiếng Anh
156619,THV,su-pham-tieng-anh,D11,Điểm thi THPT,2021,24.75,Sư phạm Tiếng Anh
156620,THV,su-pham-tieng-anh,D14,Điểm thi THPT,2021,24.75,Sư phạm Tiếng Anh
156621,THV,su-pham-tieng-anh,D15,Điểm thi THPT,2021,24.75,Sư phạm Tiếng Anh
156622,THV,su-pham-tieng-anh,D01,Điểm học bạ,2022,25.5,Sư phạm Tiếng Anh
156623,THV,su-pham-tieng-anh,D11,Điểm học bạ,2022,25.5,Sư phạm Tiếng Anh
156624,THV,su-pham-tieng-anh,D14,Điểm học bạ,2022,25.5,Sư phạm Tiếng Anh
156625,THV,su-pham-tieng-anh,D15,Điểm học bạ,2022,25.5,Sư phạm Tiếng Anh
156626,THV,su-pham-tieng-anh,D01,Điểm thi THPT,2022,25.25,Sư phạm Tiếng Anh
156627,THV,su-pham-tieng-anh,D11,Điểm thi THPT,2022,25.25,Sư phạm Tiếng Anh
156628,THV,su-pham-tieng-anh,D14,Điểm thi THPT,2022,25.25,Sư phạm Tiếng Anh
156629,THV,su-pham-tieng-anh,D15,Điểm thi THPT,2022,25.25,Sư phạm Tiếng Anh
156630,THV,su-pham-tieng-anh,D01,Điểm học bạ,2023,27.1,Sư phạm Tiếng Anh
156631,THV,su-pham-tieng-anh,D11,Điểm học bạ,2023,27.1,Sư phạm Tiếng Anh
156632,THV,su-pham-tieng-anh,D14,Điểm học bạ,2023,27.1,Sư phạm Tiếng Anh
156633,THV,su-pham-tieng-anh,D15,Điểm học bạ,2023,27.1,Sư phạm Tiếng Anh
156634,THV,su-pham-tieng-anh,D01,Điểm thi THPT,2023,25.3,Sư phạm Tiếng Anh
156635,THV,su-pham-tieng-anh,D11,Điểm thi THPT,2023,25.3,Sư phạm Tiếng Anh
156636,THV,su-pham-tieng-anh,D14,Điểm thi THPT,2023,25.3,Sư phạm Tiếng Anh
156637,THV,su-pham-tieng-anh,D15,Điểm thi THPT,2023,25.3,Sư phạm Tiếng Anh
156638,THV,su-pham-tieng-anh,D01,Điểm học bạ,2024,28.0,Sư phạm Tiếng Anh
156639,THV,su-pham-tieng-anh,D11,Điểm học bạ,2024,28.0,Sư phạm Tiếng Anh
156640,THV,su-pham-tieng-anh,D14,Điểm học bạ,2024,28.0,Sư phạm Tiếng Anh
156641,THV,su-pham-tieng-anh,D15,Điểm học bạ,2024,28.0,Sư phạm Tiếng Anh
156642,THV,su-pham-tieng-anh,D01,Điểm thi THPT,2024,26.6,Sư phạm Tiếng Anh
156643,THV,su-pham-tieng-anh,D11,Điểm thi THPT,2024,26.6,Sư phạm Tiếng Anh
156644,THV,su-pham-tieng-anh,D14,Điểm thi THPT,2024,26.6,Sư phạm Tiếng Anh
156645,THV,su-pham-tieng-anh,D15,Điểm thi THPT,2024,26.6,Sư phạm Tiếng Anh
156646,THV,su-pham-tieng-anh,D01,Điểm học bạ,2025,28.05,Sư phạm Tiếng Anh
156647,THV,su-pham-tieng-anh,D14,Điểm học bạ,2025,28.05,Sư phạm Tiếng Anh
156648,THV,su-pham-tieng-anh,D15,Điểm học bạ,2025,28.05,Sư phạm Tiếng Anh
156649,THV,su-pham-tieng-anh,X78,Điểm học bạ,2025,28.05,Sư phạm Tiếng Anh
156650,THV,su-pham-tieng-anh,D01,Điểm thi THPT,2025,26.71,Sư phạm Tiếng Anh
156651,THV,su-pham-tieng-anh,D14,Điểm thi THPT,2025,26.71,Sư phạm Tiếng Anh
156652,THV,su-pham-tieng-anh,D15,Điểm thi THPT,2025,26.71,Sư phạm Tiếng Anh
156653,THV,su-pham-tieng-anh,X78,Điểm thi THPT,2025,26.71,Sư phạm Tiếng Anh
156654,THV,su-pham-toan,A00,Điểm học bạ,2025,28.27,Sư phạm Toán (Toán tin)
156655,THV,su-pham-toan,D01,Điểm học bạ,2025,28.27,Sư phạm Toán (Toán tin)
156656,THV,su-pham-toan,X06,Điểm học bạ,2025,28.27,Sư phạm Toán (Toán tin)
156657,THV,su-pham-toan,X25,Điểm học bạ,2025,28.27,Sư phạm Toán (Toán tin)
156658,THV,su-pham-toan,A00,Điểm thi THPT,2025,26.92,Sư phạm Toán (Toán tin)
156659,THV,su-pham-toan,D01,Điểm thi THPT,2025,26.92,Sư phạm Toán (Toán tin)
156660,THV,su-pham-toan,X06,Điểm thi THPT,2025,26.92,Sư phạm Toán (Toán tin)
156661,THV,su-pham-toan,X25,Điểm thi THPT,2025,26.92,Sư phạm Toán (Toán tin)
156662,THV,su-pham-toan-hoc,A00,Điểm thi THPT,2021,24.0,Sư phạm Toán học
156663,THV,su-pham-toan-hoc,A01,Điểm thi THPT,2021,24.0,Sư phạm Toán học
156664,THV,su-pham-toan-hoc,D01,Điểm thi THPT,2021,24.0,Sư phạm Toán học
156665,THV,su-pham-toan-hoc,D84,Điểm thi THPT,2021,24.0,Sư phạm Toán học
156666,THV,su-pham-toan-hoc,A00,Điểm học bạ,2022,26.0,Sư phạm Toán học
156667,THV,su-pham-toan-hoc,A01,Điểm học bạ,2022,26.0,Sư phạm Toán học
156668,THV,su-pham-toan-hoc,D01,Điểm học bạ,2022,26.0,Sư phạm Toán học
156669,THV,su-pham-toan-hoc,D84,Điểm học bạ,2022,26.0,Sư phạm Toán học
156670,THV,su-pham-toan-hoc,A00,Điểm thi THPT,2022,24.5,Sư phạm Toán học
156671,THV,su-pham-toan-hoc,A01,Điểm thi THPT,2022,24.5,Sư phạm Toán học
156672,THV,su-pham-toan-hoc,D01,Điểm thi THPT,2022,24.5,Sư phạm Toán học
156673,THV,su-pham-toan-hoc,D84,Điểm thi THPT,2022,24.5,Sư phạm Toán học
156674,THV,su-pham-toan-hoc,A00,Điểm học bạ,2023,27.6,Sư phạm Toán học
156675,THV,su-pham-toan-hoc,A01,Điểm học bạ,2023,27.6,Sư phạm Toán học
156676,THV,su-pham-toan-hoc,D01,Điểm học bạ,2023,27.6,Sư phạm Toán học
156677,THV,su-pham-toan-hoc,D84,Điểm học bạ,2023,27.6,Sư phạm Toán học
156678,THV,su-pham-toan-hoc,A00,Điểm thi THPT,2023,24.75,Sư phạm Toán học
156679,THV,su-pham-toan-hoc,A01,Điểm thi THPT,2023,24.75,Sư phạm Toán học
156680,THV,su-pham-toan-hoc,D01,Điểm thi THPT,2023,24.75,Sư phạm Toán học
156681,THV,su-pham-toan-hoc,D84,Điểm thi THPT,2023,24.75,Sư phạm Toán học
156682,THV,su-pham-toan-hoc,A00,Điểm học bạ,2024,28.23,Sư phạm Toán học
156683,THV,su-pham-toan-hoc,A01,Điểm học bạ,2024,28.23,Sư phạm Toán học
156684,THV,su-pham-toan-hoc,D01,Điểm học bạ,2024,28.23,Sư phạm Toán học
156685,THV,su-pham-toan-hoc,D84,Điểm học bạ,2024,28.23,Sư phạm Toán học
156686,THV,su-pham-toan-hoc,A00,Điểm thi THPT,2024,26.5,Sư phạm Toán học
156687,THV,su-pham-toan-hoc,A01,Điểm thi THPT,2024,26.5,Sư phạm Toán học
156688,THV,su-pham-toan-hoc,D01,Điểm thi THPT,2024,26.5,Sư phạm Toán học
156689,THV,su-pham-toan-hoc,D84,Điểm thi THPT,2024,26.5,Sư phạm Toán học
156690,THV,su-pham-vat-ly,A00,Điểm thi THPT,2021,24.0,Sư phạm Vật lý
156691,THV,su-pham-vat-ly,A01,Điểm thi THPT,2021,24.0,Sư phạm Vật lý
156692,THV,su-pham-vat-ly,A02,Điểm thi THPT,2021,24.0,Sư phạm Vật lý
156693,THV,su-pham-vat-ly,A10,Điểm thi THPT,2021,24.0,Sư phạm Vật lý
156694,THV,tai-chinh-ngan-hang,A00,Điểm thi THPT,2021,17.0,Tài chính – Ngân hàng
156695,THV,tai-chinh-ngan-hang,A01,Điểm thi THPT,2021,17.0,Tài chính – Ngân hàng
156696,THV,tai-chinh-ngan-hang,A09,Điểm thi THPT,2021,17.0,Tài chính – Ngân hàng
156697,THV,tai-chinh-ngan-hang,D01,Điểm thi THPT,2021,17.0,Tài chính – Ngân hàng
156698,THV,tai-chinh-ngan-hang,A00,Điểm học bạ,2022,18.0,Tài chính - Ngân hàng
156699,THV,tai-chinh-ngan-hang,A01,Điểm học bạ,2022,18.0,Tài chính - Ngân hàng
156700,THV,tai-chinh-ngan-hang,A09,Điểm học bạ,2022,18.0,Tài chính - Ngân hàng
156701,THV,tai-chinh-ngan-hang,D01,Điểm học bạ,2022,18.0,Tài chính - Ngân hàng
156702,THV,tai-chinh-ngan-hang,A00,Điểm thi THPT,2022,17.0,Tài chính - Ngân hàng
156703,THV,tai-chinh-ngan-hang,A01,Điểm thi THPT,2022,17.0,Tài chính - Ngân hàng
156704,THV,tai-chinh-ngan-hang,A09,Điểm thi THPT,2022,17.0,Tài chính - Ngân hàng
156705,THV,tai-chinh-ngan-hang,D01,Điểm thi THPT,2022,17.0,Tài chính - Ngân hàng
156706,THV,tai-chinh-ngan-hang,A00,Điểm học bạ,2023,18.0,Tài chính - Ngân hàng
156707,THV,tai-chinh-ngan-hang,A01,Điểm học bạ,2023,18.0,Tài chính - Ngân hàng
156708,THV,tai-chinh-ngan-hang,A09,Điểm học bạ,2023,18.0,Tài chính - Ngân hàng
156709,THV,tai-chinh-ngan-hang,D01,Điểm học bạ,2023,18.0,Tài chính - Ngân hàng
156710,THV,tai-chinh-ngan-hang,A00,Điểm thi THPT,2023,17.0,Tài chính-Ngân hàng
156711,THV,tai-chinh-ngan-hang,A01,Điểm thi THPT,2023,17.0,Tài chính-Ngân hàng
156712,THV,tai-chinh-ngan-hang,A09,Điểm thi THPT,2023,17.0,Tài chính-Ngân hàng
156713,THV,tai-chinh-ngan-hang,D01,Điểm thi THPT,2023,17.0,Tài chính-Ngân hàng
156714,THV,tai-chinh-ngan-hang,A00,Điểm học bạ,2024,20.0,Tài chính - Ngân hàng
156715,THV,tai-chinh-ngan-hang,A01,Điểm học bạ,2024,20.0,Tài chính - Ngân hàng
156716,THV,tai-chinh-ngan-hang,A09,Điểm học bạ,2024,20.0,Tài chính - Ngân hàng
156717,THV,tai-chinh-ngan-hang,D01,Điểm học bạ,2024,20.0,Tài chính - Ngân hàng
156718,THV,tai-chinh-ngan-hang,A00,Điểm thi THPT,2024,18.0,Tài chính - Ngân hàng
156719,THV,tai-chinh-ngan-hang,A01,Điểm thi THPT,2024,18.0,Tài chính - Ngân hàng
156720,THV,tai-chinh-ngan-hang,A09,Điểm thi THPT,2024,18.0,Tài chính - Ngân hàng
156721,THV,tai-chinh-ngan-hang,D01,Điểm thi THPT,2024,18.0,Tài chính - Ngân hàng
156722,THV,tai-chinh-ngan-hang,D01,Điểm học bạ,2025,19.53,Tài chính - Ngân hàng
156723,THV,tai-chinh-ngan-hang,X01,Điểm học bạ,2025,19.53,Tài chính - Ngân hàng
156724,THV,tai-chinh-ngan-hang,X25,Điểm học bạ,2025,19.53,Tài chính - Ngân hàng
156725,THV,tai-chinh-ngan-hang,X53,Điểm học bạ,2025,19.53,Tài chính - Ngân hàng
156726,THV,tai-chinh-ngan-hang,D01,Điểm thi THPT,2025,18.6,Tài chính - Ngân hàng
156727,THV,tai-chinh-ngan-hang,X01,Điểm thi THPT,2025,18.6,Tài chính - Ngân hàng
156728,THV,tai-chinh-ngan-hang,X25,Điểm thi THPT,2025,18.6,Tài chính - Ngân hàng
156729,THV,tai-chinh-ngan-hang,X53,Điểm thi THPT,2025,18.6,Tài chính - Ngân hàng
156730,THV,thu-y,A00,Điểm thi THPT,2021,17.0,Thú y
156731,THV,thu-y,B00,Điểm thi THPT,2021,17.0,Thú y
156732,THV,thu-y,D07,Điểm thi THPT,2021,17.0,Thú y
156733,THV,thu-y,D08,Điểm thi THPT,2021,17.0,Thú y
156734,THV,thu-y,A00,Điểm học bạ,2022,18.0,Thú y
156735,THV,thu-y,B00,Điểm học bạ,2022,18.0,Thú y
156736,THV,thu-y,D07,Điểm học bạ,2022,18.0,Thú y
156737,THV,thu-y,D08,Điểm học bạ,2022,18.0,Thú y
156738,THV,thu-y,A00,Điểm thi THPT,2022,17.0,Thú y
156739,THV,thu-y,B00,Điểm thi THPT,2022,17.0,Thú y
156740,THV,thu-y,D07,Điểm thi THPT,2022,17.0,Thú y
156741,THV,thu-y,D08,Điểm thi THPT,2022,17.0,Thú y
156742,THV,thu-y,A00,Điểm học bạ,2023,18.0,Thú y
156743,THV,thu-y,B00,Điểm học bạ,2023,18.0,Thú y
156744,THV,thu-y,D07,Điểm học bạ,2023,18.0,Thú y
156745,THV,thu-y,D08,Điểm học bạ,2023,18.0,Thú y
156746,THV,thu-y,B00,Điểm thi THPT,2023,16.0,Thú y
156747,THV,thu-y,D07,Điểm thi THPT,2023,16.0,Thú y
156748,THV,thu-y,D08,Điểm thi THPT,2023,16.0,Thú y
156749,THV,thu-y,A00,Điểm học bạ,2024,18.5,Thú y
156750,THV,thu-y,B00,Điểm học bạ,2024,18.5,Thú y
156751,THV,thu-y,D07,Điểm học bạ,2024,18.5,Thú y
156752,THV,thu-y,D08,Điểm học bạ,2024,18.5,Thú y
156753,THV,thu-y,A00,Điểm thi THPT,2024,18.0,Thú y
156754,THV,thu-y,B00,Điểm thi THPT,2024,18.0,Thú y
156755,THV,thu-y,D07,Điểm thi THPT,2024,18.0,Thú y
156756,THV,thu-y,D08,Điểm thi THPT,2024,18.0,Thú y
156757,THV,thu-y,D01,Điểm học bạ,2025,18.9,Thú y
156758,THV,thu-y,X04,Điểm học bạ,2025,18.9,Thú y
156759,THV,thu-y,X14,Điểm học bạ,2025,18.9,Thú y
156760,THV,thu-y,X55,Điểm học bạ,2025,18.9,Thú y
156761,THV,thu-y,D01,Điểm thi THPT,2025,18.0,Thú y
156762,THV,thu-y,X04,Điểm thi THPT,2025,18.0,Thú y
156763,THV,thu-y,X14,Điểm thi THPT,2025,18.0,Thú y
156764,THV,thu-y,X55,Điểm thi THPT,2025,18.0,Thú y
156765,TKG,chan-nuoi,A00,Điểm thi THPT,2021,14.0,Chăn nuôi
156766,TKG,chan-nuoi,A01,Điểm thi THPT,2021,14.0,Chăn nuôi
156767,TKG,chan-nuoi,B00,Điểm thi THPT,2021,14.0,Chăn nuôi
156768,TKG,chan-nuoi,D07,Điểm thi THPT,2021,14.0,Chăn nuôi
156769,TKG,chan-nuoi,A00,Điểm học bạ,2022,15.0,Chăn nuôi
156770,TKG,chan-nuoi,B00,Điểm học bạ,2022,15.0,Chăn nuôi
156771,TKG,chan-nuoi,B02,Điểm học bạ,2022,15.0,Chăn nuôi
156772,TKG,chan-nuoi,C08,Điểm học bạ,2022,15.0,Chăn nuôi
156773,TKG,chan-nuoi,A00,Điểm thi THPT,2022,14.0,Chăn nuôi
156774,TKG,chan-nuoi,B00,Điểm thi THPT,2022,14.0,Chăn nuôi
156775,TKG,chan-nuoi,B02,Điểm thi THPT,2022,14.0,Chăn nuôi
156776,TKG,chan-nuoi,C08,Điểm thi THPT,2022,14.0,Chăn nuôi
156777,TKG,chan-nuoi,A00,Điểm học bạ,2023,15.0,Chăn nuôi
156778,TKG,chan-nuoi,B00,Điểm học bạ,2023,15.0,Chăn nuôi
156779,TKG,chan-nuoi,B02,Điểm học bạ,2023,15.0,Chăn nuôi
156780,TKG,chan-nuoi,C08,Điểm học bạ,2023,15.0,Chăn nuôi
156781,TKG,chan-nuoi,A00,Điểm thi THPT,2023,14.0,Chăn nuôi
156782,TKG,chan-nuoi,B00,Điểm thi THPT,2023,14.0,Chăn nuôi
156783,TKG,chan-nuoi,B02,Điểm thi THPT,2023,14.0,Chăn nuôi
156784,TKG,chan-nuoi,C08,Điểm thi THPT,2023,14.0,Chăn nuôi
156785,TKG,chan-nuoi,A00,Điểm học bạ,2024,15.0,Chăn nuôi
156786,TKG,chan-nuoi,B00,Điểm học bạ,2024,15.0,Chăn nuôi
156787,TKG,chan-nuoi,B02,Điểm học bạ,2024,15.0,Chăn nuôi
156788,TKG,chan-nuoi,C08,Điểm học bạ,2024,15.0,Chăn nuôi
156789,TKG,chan-nuoi,A00,Điểm thi THPT,2024,14.25,Chăn nuôi
156790,TKG,chan-nuoi,B00,Điểm thi THPT,2024,14.25,Chăn nuôi
156791,TKG,chan-nuoi,B02,Điểm thi THPT,2024,14.25,Chăn nuôi
156792,TKG,chan-nuoi,C08,Điểm thi THPT,2024,14.25,Chăn nuôi
156793,TKG,chan-nuoi,A02,Điểm học bạ,2025,19.9,Chăn nuôi
156794,TKG,chan-nuoi,B00,Điểm học bạ,2025,19.9,Chăn nuôi
156795,TKG,chan-nuoi,B01,Điểm học bạ,2025,19.9,Chăn nuôi
156796,TKG,chan-nuoi,B03,Điểm học bạ,2025,19.9,Chăn nuôi
156797,TKG,chan-nuoi,B08,Điểm học bạ,2025,19.9,Chăn nuôi
156798,TKG,chan-nuoi,C13,Điểm học bạ,2025,19.9,Chăn nuôi
156799,TKG,chan-nuoi,A02,Điểm thi THPT,2025,15.0,Chăn nuôi
156800,TKG,chan-nuoi,B00,Điểm thi THPT,2025,15.0,Chăn nuôi
156801,TKG,chan-nuoi,B01,Điểm thi THPT,2025,15.0,Chăn nuôi
156802,TKG,chan-nuoi,B03,Điểm thi THPT,2025,15.0,Chăn nuôi
156803,TKG,chan-nuoi,B08,Điểm thi THPT,2025,15.0,Chăn nuôi
156804,TKG,chan-nuoi,C13,Điểm thi THPT,2025,15.0,Chăn nuôi
156805,TKG,cong-nghe-ky-thuat-moi-truong,A00,Điểm thi THPT,2021,14.0,Công nghệ kỹ thuật môi trường
156806,TKG,cong-nghe-ky-thuat-moi-truong,A01,Điểm thi THPT,2021,14.0,Công nghệ kỹ thuật môi trường
156807,TKG,cong-nghe-ky-thuat-moi-truong,B00,Điểm thi THPT,2021,14.0,Công nghệ kỹ thuật môi trường
156808,TKG,cong-nghe-ky-thuat-moi-truong,D07,Điểm thi THPT,2021,14.0,Công nghệ kỹ thuật môi trường
156809,TKG,cong-nghe-ky-thuat-moi-truong,A07,Điểm học bạ,2022,15.0,Công nghệ kỹ thuật môi trường
156810,TKG,cong-nghe-ky-thuat-moi-truong,A09,Điểm học bạ,2022,15.0,Công nghệ kỹ thuật môi trường
156811,TKG,cong-nghe-ky-thuat-moi-truong,C04,Điểm học bạ,2022,15.0,Công nghệ kỹ thuật môi trường
156812,TKG,cong-nghe-ky-thuat-moi-truong,D07,Điểm học bạ,2022,15.0,Công nghệ kỹ thuật môi trường
156813,TKG,cong-nghe-ky-thuat-moi-truong,A07,Điểm thi THPT,2022,14.0,Công nghệ kỹ thuật môi trường
156814,TKG,cong-nghe-ky-thuat-moi-truong,A09,Điểm thi THPT,2022,14.0,Công nghệ kỹ thuật môi trường
156815,TKG,cong-nghe-ky-thuat-moi-truong,C04,Điểm thi THPT,2022,14.0,Công nghệ kỹ thuật môi trường
156816,TKG,cong-nghe-ky-thuat-moi-truong,D07,Điểm thi THPT,2022,14.0,Công nghệ kỹ thuật môi trường
156817,TKG,cong-nghe-ky-thuat-moi-truong,A07,Điểm học bạ,2023,15.0,Công nghệ kỹ thuật môi trường
156818,TKG,cong-nghe-ky-thuat-moi-truong,A09,Điểm học bạ,2023,15.0,Công nghệ kỹ thuật môi trường
156819,TKG,cong-nghe-ky-thuat-moi-truong,C04,Điểm học bạ,2023,15.0,Công nghệ kỹ thuật môi trường
156820,TKG,cong-nghe-ky-thuat-moi-truong,C14,Điểm học bạ,2023,15.0,Công nghệ kỹ thuật môi trường
156821,TKG,cong-nghe-ky-thuat-moi-truong,A07,Điểm thi THPT,2023,14.0,Công nghệ kỹ thuật môi trường
156822,TKG,cong-nghe-ky-thuat-moi-truong,A09,Điểm thi THPT,2023,14.0,Công nghệ kỹ thuật môi trường
156823,TKG,cong-nghe-ky-thuat-moi-truong,C04,Điểm thi THPT,2023,14.0,Công nghệ kỹ thuật môi trường
156824,TKG,cong-nghe-ky-thuat-moi-truong,C14,Điểm thi THPT,2023,14.0,Công nghệ kỹ thuật môi trường
156825,TKG,cong-nghe-ky-thuat-moi-truong,A07,Điểm học bạ,2024,15.0,Công nghệ kỹ thuật môi trường
156826,TKG,cong-nghe-ky-thuat-moi-truong,A09,Điểm học bạ,2024,15.0,Công nghệ kỹ thuật môi trường
156827,TKG,cong-nghe-ky-thuat-moi-truong,C04,Điểm học bạ,2024,15.0,Công nghệ kỹ thuật môi trường
156828,TKG,cong-nghe-ky-thuat-moi-truong,C14,Điểm học bạ,2024,15.0,Công nghệ kỹ thuật môi trường
156829,TKG,cong-nghe-ky-thuat-moi-truong,A07,Điểm thi THPT,2024,14.4,Công nghệ kỹ thuật môi trường
156830,TKG,cong-nghe-ky-thuat-moi-truong,A09,Điểm thi THPT,2024,14.4,Công nghệ kỹ thuật môi trường
156831,TKG,cong-nghe-ky-thuat-moi-truong,C04,Điểm thi THPT,2024,14.4,Công nghệ kỹ thuật môi trường
156832,TKG,cong-nghe-ky-thuat-moi-truong,C14,Điểm thi THPT,2024,14.4,Công nghệ kỹ thuật môi trường
156833,TKG,cong-nghe-ky-thuat-moi-truong,A00,Điểm học bạ,2025,19.8,Công nghệ kỹ thuật môi trường
156834,TKG,cong-nghe-ky-thuat-moi-truong,A07,Điểm học bạ,2025,19.8,Công nghệ kỹ thuật môi trường
156835,TKG,cong-nghe-ky-thuat-moi-truong,A09,Điểm học bạ,2025,19.8,Công nghệ kỹ thuật môi trường
156836,TKG,cong-nghe-ky-thuat-moi-truong,C03,Điểm học bạ,2025,19.8,Công nghệ kỹ thuật môi trường
156837,TKG,cong-nghe-ky-thuat-moi-truong,C04,Điểm học bạ,2025,19.8,Công nghệ kỹ thuật môi trường
156838,TKG,cong-nghe-ky-thuat-moi-truong,D01,Điểm học bạ,2025,19.8,Công nghệ kỹ thuật môi trường
156839,TKG,cong-nghe-ky-thuat-moi-truong,X21,Điểm học bạ,2025,19.8,Công nghệ kỹ thuật môi trường
156840,TKG,cong-nghe-ky-thuat-moi-truong,A00,Điểm thi THPT,2025,15.0,Công nghệ kỹ thuật môi trường
156841,TKG,cong-nghe-ky-thuat-moi-truong,A07,Điểm thi THPT,2025,15.0,Công nghệ kỹ thuật môi trường
156842,TKG,cong-nghe-ky-thuat-moi-truong,A09,Điểm thi THPT,2025,15.0,Công nghệ kỹ thuật môi trường
156843,TKG,cong-nghe-ky-thuat-moi-truong,C03,Điểm thi THPT,2025,15.0,Công nghệ kỹ thuật môi trường
156844,TKG,cong-nghe-ky-thuat-moi-truong,C04,Điểm thi THPT,2025,15.0,Công nghệ kỹ thuật môi trường
156845,TKG,cong-nghe-ky-thuat-moi-truong,D01,Điểm thi THPT,2025,15.0,Công nghệ kỹ thuật môi trường
156846,TKG,cong-nghe-ky-thuat-moi-truong,X21,Điểm thi THPT,2025,15.0,Công nghệ kỹ thuật môi trường
156847,TKG,cong-nghe-ky-thuat-o-to,A00,Điểm học bạ,2022,16.0,Công nghệ kỹ thuật ô tô
156848,TKG,cong-nghe-ky-thuat-o-to,A01,Điểm học bạ,2022,16.0,Công nghệ kỹ thuật ô tô
156849,TKG,cong-nghe-ky-thuat-o-to,C01,Điểm học bạ,2022,16.0,Công nghệ kỹ thuật ô tô
156850,TKG,cong-nghe-ky-thuat-o-to,D01,Điểm học bạ,2022,16.0,Công nghệ kỹ thuật ô tô
156851,TKG,cong-nghe-ky-thuat-o-to,A00,Điểm thi THPT,2022,14.0,Công nghệ kỹ thuật ô tô
156852,TKG,cong-nghe-ky-thuat-o-to,A01,Điểm thi THPT,2022,14.0,Công nghệ kỹ thuật ô tô
156853,TKG,cong-nghe-ky-thuat-o-to,C01,Điểm thi THPT,2022,14.0,Công nghệ kỹ thuật ô tô
156854,TKG,cong-nghe-ky-thuat-o-to,D01,Điểm thi THPT,2022,14.0,Công nghệ kỹ thuật ô tô
156855,TKG,cong-nghe-ky-thuat-o-to,A00,Điểm học bạ,2023,16.0,Công nghệ kỹ thuật ô tô
156856,TKG,cong-nghe-ky-thuat-o-to,A01,Điểm học bạ,2023,16.0,Công nghệ kỹ thuật ô tô
156857,TKG,cong-nghe-ky-thuat-o-to,C01,Điểm học bạ,2023,16.0,Công nghệ kỹ thuật ô tô
156858,TKG,cong-nghe-ky-thuat-o-to,D01,Điểm học bạ,2023,16.0,Công nghệ kỹ thuật ô tô
156859,TKG,cong-nghe-ky-thuat-o-to,A00,Điểm thi THPT,2023,15.0,Công nghệ kỹ thuật ô tô
156860,TKG,cong-nghe-ky-thuat-o-to,A01,Điểm thi THPT,2023,15.0,Công nghệ kỹ thuật ô tô
156861,TKG,cong-nghe-ky-thuat-o-to,C01,Điểm thi THPT,2023,15.0,Công nghệ kỹ thuật ô tô
156862,TKG,cong-nghe-ky-thuat-o-to,D01,Điểm thi THPT,2023,15.0,Công nghệ kỹ thuật ô tô
156863,TKG,cong-nghe-ky-thuat-o-to,A00,Điểm học bạ,2024,17.0,Công nghệ kỹ thuật ô tô
156864,TKG,cong-nghe-ky-thuat-o-to,A01,Điểm học bạ,2024,17.0,Công nghệ kỹ thuật ô tô
156865,TKG,cong-nghe-ky-thuat-o-to,C01,Điểm học bạ,2024,17.0,Công nghệ kỹ thuật ô tô
156866,TKG,cong-nghe-ky-thuat-o-to,D01,Điểm học bạ,2024,17.0,Công nghệ kỹ thuật ô tô
156867,TKG,cong-nghe-ky-thuat-o-to,A00,Điểm thi THPT,2024,15.1,Công nghệ kỹ thuật ô tô
156868,TKG,cong-nghe-ky-thuat-o-to,A01,Điểm thi THPT,2024,15.1,Công nghệ kỹ thuật ô tô
156869,TKG,cong-nghe-ky-thuat-o-to,C01,Điểm thi THPT,2024,15.1,Công nghệ kỹ thuật ô tô
156870,TKG,cong-nghe-ky-thuat-o-to,D01,Điểm thi THPT,2024,15.1,Công nghệ kỹ thuật ô tô
156871,TKG,cong-nghe-ky-thuat-o-to,A00,Điểm học bạ,2025,19.35,Công nghệ kỹ thuật ô tô
156872,TKG,cong-nghe-ky-thuat-o-to,A01,Điểm học bạ,2025,19.35,Công nghệ kỹ thuật ô tô
156873,TKG,cong-nghe-ky-thuat-o-to,A08,Điểm học bạ,2025,19.35,Công nghệ kỹ thuật ô tô
156874,TKG,cong-nghe-ky-thuat-o-to,A09,Điểm học bạ,2025,19.35,Công nghệ kỹ thuật ô tô
156875,TKG,cong-nghe-ky-thuat-o-to,D01,Điểm học bạ,2025,19.35,Công nghệ kỹ thuật ô tô
156876,TKG,cong-nghe-ky-thuat-o-to,D09,Điểm học bạ,2025,19.35,Công nghệ kỹ thuật ô tô
156877,TKG,cong-nghe-ky-thuat-o-to,X17,Điểm học bạ,2025,19.35,Công nghệ kỹ thuật ô tô
156878,TKG,cong-nghe-ky-thuat-o-to,X21,Điểm học bạ,2025,19.35,Công nghệ kỹ thuật ô tô
156879,TKG,cong-nghe-ky-thuat-o-to,A00,Điểm thi THPT,2025,15.5,Công nghệ kỹ thuật ô tô
156880,TKG,cong-nghe-ky-thuat-o-to,A01,Điểm thi THPT,2025,15.5,Công nghệ kỹ thuật ô tô
156881,TKG,cong-nghe-ky-thuat-o-to,A08,Điểm thi THPT,2025,15.5,Công nghệ kỹ thuật ô tô
156882,TKG,cong-nghe-ky-thuat-o-to,A09,Điểm thi THPT,2025,15.5,Công nghệ kỹ thuật ô tô
156883,TKG,cong-nghe-ky-thuat-o-to,D01,Điểm thi THPT,2025,15.5,Công nghệ kỹ thuật ô tô
156884,TKG,cong-nghe-ky-thuat-o-to,D09,Điểm thi THPT,2025,15.5,Công nghệ kỹ thuật ô tô
156885,TKG,cong-nghe-ky-thuat-o-to,X17,Điểm thi THPT,2025,15.5,Công nghệ kỹ thuật ô tô
156886,TKG,cong-nghe-ky-thuat-o-to,X21,Điểm thi THPT,2025,15.5,Công nghệ kỹ thuật ô tô
156887,TKG,cong-nghe-ky-thuat-xay-dung,A00,Điểm thi THPT,2021,14.0,Công nghệ kỹ thuật xây dựng
156888,TKG,cong-nghe-ky-thuat-xay-dung,A01,Điểm thi THPT,2021,14.0,Công nghệ kỹ thuật xây dựng
156889,TKG,cong-nghe-ky-thuat-xay-dung,D07,Điểm thi THPT,2021,14.0,Công nghệ kỹ thuật xây dựng
156890,TKG,cong-nghe-ky-thuat-xay-dung,A00,Điểm học bạ,2022,16.0,Công nghệ kỹ thuật xây dựng
156891,TKG,cong-nghe-ky-thuat-xay-dung,A01,Điểm học bạ,2022,16.0,Công nghệ kỹ thuật xây dựng
156892,TKG,cong-nghe-ky-thuat-xay-dung,D01,Điểm học bạ,2022,16.0,Công nghệ kỹ thuật xây dựng
156893,TKG,cong-nghe-ky-thuat-xay-dung,D07,Điểm học bạ,2022,16.0,Công nghệ kỹ thuật xây dựng
156894,TKG,cong-nghe-ky-thuat-xay-dung,A00,Điểm thi THPT,2022,14.0,Công nghệ kỹ thuật xây dựng
156895,TKG,cong-nghe-ky-thuat-xay-dung,A01,Điểm thi THPT,2022,14.0,Công nghệ kỹ thuật xây dựng
156896,TKG,cong-nghe-ky-thuat-xay-dung,D01,Điểm thi THPT,2022,14.0,Công nghệ kỹ thuật xây dựng
156897,TKG,cong-nghe-ky-thuat-xay-dung,D07,Điểm thi THPT,2022,14.0,Công nghệ kỹ thuật xây dựng
156898,TKG,cong-nghe-ky-thuat-xay-dung,A00,Điểm học bạ,2023,16.0,Công nghệ kỹ thuật xây dựng
156899,TKG,cong-nghe-ky-thuat-xay-dung,A01,Điểm học bạ,2023,16.0,Công nghệ kỹ thuật xây dựng
156900,TKG,cong-nghe-ky-thuat-xay-dung,D01,Điểm học bạ,2023,16.0,Công nghệ kỹ thuật xây dựng
156901,TKG,cong-nghe-ky-thuat-xay-dung,D07,Điểm học bạ,2023,16.0,Công nghệ kỹ thuật xây dựng
156902,TKG,cong-nghe-ky-thuat-xay-dung,A00,Điểm thi THPT,2023,15.0,Công nghệ kỹ thuật xây dựng
156903,TKG,cong-nghe-ky-thuat-xay-dung,A01,Điểm thi THPT,2023,15.0,Công nghệ kỹ thuật xây dựng
156904,TKG,cong-nghe-ky-thuat-xay-dung,D01,Điểm thi THPT,2023,15.0,Công nghệ kỹ thuật xây dựng
156905,TKG,cong-nghe-ky-thuat-xay-dung,D07,Điểm thi THPT,2023,15.0,Công nghệ kỹ thuật xây dựng
156906,TKG,cong-nghe-ky-thuat-xay-dung,A00,Điểm học bạ,2024,16.0,Công nghệ kỹ thuật xây dựng
156907,TKG,cong-nghe-ky-thuat-xay-dung,A01,Điểm học bạ,2024,16.0,Công nghệ kỹ thuật xây dựng
156908,TKG,cong-nghe-ky-thuat-xay-dung,D01,Điểm học bạ,2024,16.0,Công nghệ kỹ thuật xây dựng
156909,TKG,cong-nghe-ky-thuat-xay-dung,D07,Điểm học bạ,2024,16.0,Công nghệ kỹ thuật xây dựng
156910,TKG,cong-nghe-ky-thuat-xay-dung,A00,Điểm thi THPT,2024,15.45,Công nghệ kỹ thuật xây dựng
156911,TKG,cong-nghe-ky-thuat-xay-dung,A01,Điểm thi THPT,2024,15.45,Công nghệ kỹ thuật xây dựng
156912,TKG,cong-nghe-ky-thuat-xay-dung,D01,Điểm thi THPT,2024,15.45,Công nghệ kỹ thuật xây dựng
156913,TKG,cong-nghe-ky-thuat-xay-dung,D07,Điểm thi THPT,2024,15.45,Công nghệ kỹ thuật xây dựng
156914,TKG,cong-nghe-ky-thuat-xay-dung,A00,Điểm học bạ,2025,18.25,Công nghệ kỹ thuật xây dựng
156915,TKG,cong-nghe-ky-thuat-xay-dung,A01,Điểm học bạ,2025,18.25,Công nghệ kỹ thuật xây dựng
156916,TKG,cong-nghe-ky-thuat-xay-dung,A08,Điểm học bạ,2025,18.25,Công nghệ kỹ thuật xây dựng
156917,TKG,cong-nghe-ky-thuat-xay-dung,A09,Điểm học bạ,2025,18.25,Công nghệ kỹ thuật xây dựng
156918,TKG,cong-nghe-ky-thuat-xay-dung,D01,Điểm học bạ,2025,18.25,Công nghệ kỹ thuật xây dựng
156919,TKG,cong-nghe-ky-thuat-xay-dung,D09,Điểm học bạ,2025,18.25,Công nghệ kỹ thuật xây dựng
156920,TKG,cong-nghe-ky-thuat-xay-dung,X17,Điểm học bạ,2025,18.25,Công nghệ kỹ thuật xây dựng
156921,TKG,cong-nghe-ky-thuat-xay-dung,X21,Điểm học bạ,2025,18.25,Công nghệ kỹ thuật xây dựng
156922,TKG,cong-nghe-ky-thuat-xay-dung,A00,Điểm thi THPT,2025,15.0,Công nghệ kỹ thuật xây dựng
156923,TKG,cong-nghe-ky-thuat-xay-dung,A01,Điểm thi THPT,2025,15.0,Công nghệ kỹ thuật xây dựng
156924,TKG,cong-nghe-ky-thuat-xay-dung,A08,Điểm thi THPT,2025,15.0,Công nghệ kỹ thuật xây dựng
156925,TKG,cong-nghe-ky-thuat-xay-dung,A09,Điểm thi THPT,2025,15.0,Công nghệ kỹ thuật xây dựng
156926,TKG,cong-nghe-ky-thuat-xay-dung,D01,Điểm thi THPT,2025,15.0,Công nghệ kỹ thuật xây dựng
156927,TKG,cong-nghe-ky-thuat-xay-dung,D09,Điểm thi THPT,2025,15.0,Công nghệ kỹ thuật xây dựng
156928,TKG,cong-nghe-ky-thuat-xay-dung,X17,Điểm thi THPT,2025,15.0,Công nghệ kỹ thuật xây dựng
156929,TKG,cong-nghe-ky-thuat-xay-dung,X21,Điểm thi THPT,2025,15.0,Công nghệ kỹ thuật xây dựng
156930,TKG,cong-nghe-sinh-hoc,A00,Điểm thi THPT,2021,14.0,Công nghệ sinh học
156931,TKG,cong-nghe-sinh-hoc,A01,Điểm thi THPT,2021,14.0,Công nghệ sinh học
156932,TKG,cong-nghe-sinh-hoc,B00,Điểm thi THPT,2021,14.0,Công nghệ sinh học
156933,TKG,cong-nghe-sinh-hoc,D07,Điểm thi THPT,2021,14.0,Công nghệ sinh học
156934,TKG,cong-nghe-sinh-hoc,A11,Điểm học bạ,2022,15.0,Công nghệ sinh học
156935,TKG,cong-nghe-sinh-hoc,B02,Điểm học bạ,2022,15.0,Công nghệ sinh học
156936,TKG,cong-nghe-sinh-hoc,B04,Điểm học bạ,2022,15.0,Công nghệ sinh học
156937,TKG,cong-nghe-sinh-hoc,C13,Điểm học bạ,2022,15.0,Công nghệ sinh học
156938,TKG,cong-nghe-sinh-hoc,A11,Điểm thi THPT,2022,14.0,Công nghệ sinh học
156939,TKG,cong-nghe-sinh-hoc,B02,Điểm thi THPT,2022,14.0,Công nghệ sinh học
156940,TKG,cong-nghe-sinh-hoc,B04,Điểm thi THPT,2022,14.0,Công nghệ sinh học
156941,TKG,cong-nghe-sinh-hoc,C13,Điểm thi THPT,2022,14.0,Công nghệ sinh học
156942,TKG,cong-nghe-sinh-hoc,A11,Điểm học bạ,2023,15.0,Công nghệ sinh học
156943,TKG,cong-nghe-sinh-hoc,B02,Điểm học bạ,2023,15.0,Công nghệ sinh học
156944,TKG,cong-nghe-sinh-hoc,B04,Điểm học bạ,2023,15.0,Công nghệ sinh học
156945,TKG,cong-nghe-sinh-hoc,C13,Điểm học bạ,2023,15.0,Công nghệ sinh học
156946,TKG,cong-nghe-sinh-hoc,A11,Điểm thi THPT,2023,14.0,Công nghệ sinh học
156947,TKG,cong-nghe-sinh-hoc,B02,Điểm thi THPT,2023,14.0,Công nghệ sinh học
156948,TKG,cong-nghe-sinh-hoc,B04,Điểm thi THPT,2023,14.0,Công nghệ sinh học
156949,TKG,cong-nghe-sinh-hoc,C13,Điểm thi THPT,2023,14.0,Công nghệ sinh học
156950,TKG,cong-nghe-sinh-hoc,A11,Điểm học bạ,2024,15.0,Công nghệ sinh học
156951,TKG,cong-nghe-sinh-hoc,B02,Điểm học bạ,2024,15.0,Công nghệ sinh học
156952,TKG,cong-nghe-sinh-hoc,B04,Điểm học bạ,2024,15.0,Công nghệ sinh học
156953,TKG,cong-nghe-sinh-hoc,C13,Điểm học bạ,2024,15.0,Công nghệ sinh học
156954,TKG,cong-nghe-sinh-hoc,A11,Điểm thi THPT,2024,14.0,Công nghệ sinh học
156955,TKG,cong-nghe-sinh-hoc,B02,Điểm thi THPT,2024,14.0,Công nghệ sinh học
156956,TKG,cong-nghe-sinh-hoc,B04,Điểm thi THPT,2024,14.0,Công nghệ sinh học
156957,TKG,cong-nghe-sinh-hoc,C13,Điểm thi THPT,2024,14.0,Công nghệ sinh học
156958,TKG,cong-nghe-sinh-hoc,B00,Điểm học bạ,2025,20.6,Công nghệ sinh học
156959,TKG,cong-nghe-sinh-hoc,B01,Điểm học bạ,2025,20.6,Công nghệ sinh học
156960,TKG,cong-nghe-sinh-hoc,B03,Điểm học bạ,2025,20.6,Công nghệ sinh học
156961,TKG,cong-nghe-sinh-hoc,B04,Điểm học bạ,2025,20.6,Công nghệ sinh học
156962,TKG,cong-nghe-sinh-hoc,B08,Điểm học bạ,2025,20.6,Công nghệ sinh học
156963,TKG,cong-nghe-sinh-hoc,C08,Điểm học bạ,2025,20.6,Công nghệ sinh học
156964,TKG,cong-nghe-sinh-hoc,X13,Điểm học bạ,2025,20.6,Công nghệ sinh học
156965,TKG,cong-nghe-sinh-hoc,B00,Điểm thi THPT,2025,15.0,Công nghệ sinh học
156966,TKG,cong-nghe-sinh-hoc,B01,Điểm thi THPT,2025,15.0,Công nghệ sinh học
156967,TKG,cong-nghe-sinh-hoc,B03,Điểm thi THPT,2025,15.0,Công nghệ sinh học
156968,TKG,cong-nghe-sinh-hoc,B04,Điểm thi THPT,2025,15.0,Công nghệ sinh học
156969,TKG,cong-nghe-sinh-hoc,B08,Điểm thi THPT,2025,15.0,Công nghệ sinh học
156970,TKG,cong-nghe-sinh-hoc,C08,Điểm thi THPT,2025,15.0,Công nghệ sinh học
156971,TKG,cong-nghe-sinh-hoc,X13,Điểm thi THPT,2025,15.0,Công nghệ sinh học
156972,TKG,cong-nghe-thong-tin,A00,Điểm thi THPT,2021,14.0,Công nghệ thông tin
156973,TKG,cong-nghe-thong-tin,A01,Điểm thi THPT,2021,14.0,Công nghệ thông tin
156974,TKG,cong-nghe-thong-tin,D01,Điểm thi THPT,2021,14.0,Công nghệ thông tin
156975,TKG,cong-nghe-thong-tin,D07,Điểm thi THPT,2021,14.0,Công nghệ thông tin
156976,TKG,cong-nghe-thong-tin,A00,Điểm học bạ,2022,17.0,Công nghệ thông tin
156977,TKG,cong-nghe-thong-tin,A01,Điểm học bạ,2022,17.0,Công nghệ thông tin
156978,TKG,cong-nghe-thong-tin,D01,Điểm học bạ,2022,17.0,Công nghệ thông tin
156979,TKG,cong-nghe-thong-tin,D07,Điểm học bạ,2022,17.0,Công nghệ thông tin
156980,TKG,cong-nghe-thong-tin,A00,Điểm thi THPT,2022,14.0,Công nghệ thông tin
156981,TKG,cong-nghe-thong-tin,A01,Điểm thi THPT,2022,14.0,Công nghệ thông tin
156982,TKG,cong-nghe-thong-tin,D01,Điểm thi THPT,2022,14.0,Công nghệ thông tin
156983,TKG,cong-nghe-thong-tin,D07,Điểm thi THPT,2022,14.0,Công nghệ thông tin
156984,TKG,cong-nghe-thong-tin,A00,Điểm học bạ,2023,16.0,Công nghệ thông tin
156985,TKG,cong-nghe-thong-tin,A01,Điểm học bạ,2023,16.0,Công nghệ thông tin
156986,TKG,cong-nghe-thong-tin,D01,Điểm học bạ,2023,16.0,Công nghệ thông tin
156987,TKG,cong-nghe-thong-tin,D07,Điểm học bạ,2023,16.0,Công nghệ thông tin
156988,TKG,cong-nghe-thong-tin,A00,Điểm thi THPT,2023,17.5,Công nghệ thông tin
156989,TKG,cong-nghe-thong-tin,A01,Điểm thi THPT,2023,17.5,Công nghệ thông tin
156990,TKG,cong-nghe-thong-tin,D01,Điểm thi THPT,2023,17.5,Công nghệ thông tin
156991,TKG,cong-nghe-thong-tin,D07,Điểm thi THPT,2023,17.5,Công nghệ thông tin
156992,TKG,cong-nghe-thong-tin,A00,Điểm học bạ,2024,16.5,Công nghệ thông tin
156993,TKG,cong-nghe-thong-tin,A01,Điểm học bạ,2024,16.5,Công nghệ thông tin
156994,TKG,cong-nghe-thong-tin,D01,Điểm học bạ,2024,16.5,Công nghệ thông tin
156995,TKG,cong-nghe-thong-tin,D07,Điểm học bạ,2024,16.5,Công nghệ thông tin
156996,TKG,cong-nghe-thong-tin,A00,Điểm thi THPT,2024,15.15,Công nghệ thông tin
156997,TKG,cong-nghe-thong-tin,A01,Điểm thi THPT,2024,15.15,Công nghệ thông tin
156998,TKG,cong-nghe-thong-tin,D01,Điểm thi THPT,2024,15.15,Công nghệ thông tin
156999,TKG,cong-nghe-thong-tin,D07,Điểm thi THPT,2024,15.15,Công nghệ thông tin
157000,TKG,cong-nghe-thong-tin,A00,Điểm học bạ,2025,20.8,Công nghệ thông tin
157001,TKG,cong-nghe-thong-tin,A01,Điểm học bạ,2025,20.8,Công nghệ thông tin
157002,TKG,cong-nghe-thong-tin,A08,Điểm học bạ,2025,20.8,Công nghệ thông tin
157003,TKG,cong-nghe-thong-tin,A09,Điểm học bạ,2025,20.8,Công nghệ thông tin
157004,TKG,cong-nghe-thong-tin,D01,Điểm học bạ,2025,20.8,Công nghệ thông tin
157005,TKG,cong-nghe-thong-tin,D09,Điểm học bạ,2025,20.8,Công nghệ thông tin
157006,TKG,cong-nghe-thong-tin,X17,Điểm học bạ,2025,20.8,Công nghệ thông tin
157007,TKG,cong-nghe-thong-tin,X21,Điểm học bạ,2025,20.8,Công nghệ thông tin
157008,TKG,cong-nghe-thong-tin,A00,Điểm thi THPT,2025,17.0,Công nghệ thông tin
157009,TKG,cong-nghe-thong-tin,A01,Điểm thi THPT,2025,17.0,Công nghệ thông tin
157010,TKG,cong-nghe-thong-tin,A08,Điểm thi THPT,2025,17.0,Công nghệ thông tin
157011,TKG,cong-nghe-thong-tin,A09,Điểm thi THPT,2025,17.0,Công nghệ thông tin
157012,TKG,cong-nghe-thong-tin,D01,Điểm thi THPT,2025,17.0,Công nghệ thông tin
157013,TKG,cong-nghe-thong-tin,D09,Điểm thi THPT,2025,17.0,Công nghệ thông tin
157014,TKG,cong-nghe-thong-tin,X17,Điểm thi THPT,2025,17.0,Công nghệ thông tin
157015,TKG,cong-nghe-thong-tin,X21,Điểm thi THPT,2025,17.0,Công nghệ thông tin
157016,TKG,cong-nghe-thuc-pham,A00,Điểm thi THPT,2021,14.0,Công nghệ thực phẩm
157017,TKG,cong-nghe-thuc-pham,A01,Điểm thi THPT,2021,14.0,Công nghệ thực phẩm
157018,TKG,cong-nghe-thuc-pham,B00,Điểm thi THPT,2021,14.0,Công nghệ thực phẩm
157019,TKG,cong-nghe-thuc-pham,D07,Điểm thi THPT,2021,14.0,Công nghệ thực phẩm
157020,TKG,cong-nghe-thuc-pham,A00,Điểm học bạ,2022,16.0,Công nghệ thực phẩm
157021,TKG,cong-nghe-thuc-pham,A01,Điểm học bạ,2022,16.0,Công nghệ thực phẩm
157022,TKG,cong-nghe-thuc-pham,B00,Điểm học bạ,2022,16.0,Công nghệ thực phẩm
157023,TKG,cong-nghe-thuc-pham,D07,Điểm học bạ,2022,16.0,Công nghệ thực phẩm
157024,TKG,cong-nghe-thuc-pham,A00,Điểm thi THPT,2022,14.0,Công nghệ thực phẩm
157025,TKG,cong-nghe-thuc-pham,A01,Điểm thi THPT,2022,14.0,Công nghệ thực phẩm
157026,TKG,cong-nghe-thuc-pham,B00,Điểm thi THPT,2022,14.0,Công nghệ thực phẩm
157027,TKG,cong-nghe-thuc-pham,D07,Điểm thi THPT,2022,14.0,Công nghệ thực phẩm
157028,TKG,cong-nghe-thuc-pham,A00,Điểm học bạ,2023,16.0,Công nghệ thực phẩm
157029,TKG,cong-nghe-thuc-pham,A01,Điểm học bạ,2023,16.0,Công nghệ thực phẩm
157030,TKG,cong-nghe-thuc-pham,B00,Điểm học bạ,2023,16.0,Công nghệ thực phẩm
157031,TKG,cong-nghe-thuc-pham,D07,Điểm học bạ,2023,16.0,Công nghệ thực phẩm
157032,TKG,cong-nghe-thuc-pham,A00,Điểm thi THPT,2023,15.0,Công nghệ thực phẩm
157033,TKG,cong-nghe-thuc-pham,A01,Điểm thi THPT,2023,15.0,Công nghệ thực phẩm
157034,TKG,cong-nghe-thuc-pham,B00,Điểm thi THPT,2023,15.0,Công nghệ thực phẩm
157035,TKG,cong-nghe-thuc-pham,D07,Điểm thi THPT,2023,15.0,Công nghệ thực phẩm
157036,TKG,cong-nghe-thuc-pham,A00,Điểm học bạ,2024,18.0,Công nghệ thực phẩm
157037,TKG,cong-nghe-thuc-pham,A01,Điểm học bạ,2024,18.0,Công nghệ thực phẩm
157038,TKG,cong-nghe-thuc-pham,B00,Điểm học bạ,2024,18.0,Công nghệ thực phẩm
157039,TKG,cong-nghe-thuc-pham,D07,Điểm học bạ,2024,18.0,Công nghệ thực phẩm
157040,TKG,cong-nghe-thuc-pham,A00,Điểm thi THPT,2024,17.0,Công nghệ thực phẩm
157041,TKG,cong-nghe-thuc-pham,A01,Điểm thi THPT,2024,17.0,Công nghệ thực phẩm
157042,TKG,cong-nghe-thuc-pham,B00,Điểm thi THPT,2024,17.0,Công nghệ thực phẩm
157043,TKG,cong-nghe-thuc-pham,D07,Điểm thi THPT,2024,17.0,Công nghệ thực phẩm
157044,TKG,cong-nghe-thuc-pham,A00,Điểm học bạ,2025,18.25,Công nghệ thực phẩm
157045,TKG,cong-nghe-thuc-pham,A02,Điểm học bạ,2025,18.25,Công nghệ thực phẩm
157046,TKG,cong-nghe-thuc-pham,B00,Điểm học bạ,2025,18.25,Công nghệ thực phẩm
157047,TKG,cong-nghe-thuc-pham,B01,Điểm học bạ,2025,18.25,Công nghệ thực phẩm
157048,TKG,cong-nghe-thuc-pham,B03,Điểm học bạ,2025,18.25,Công nghệ thực phẩm
157049,TKG,cong-nghe-thuc-pham,D07,Điểm học bạ,2025,18.25,Công nghệ thực phẩm
157050,TKG,cong-nghe-thuc-pham,A00,Điểm thi THPT,2025,15.0,Công nghệ thực phẩm
157051,TKG,cong-nghe-thuc-pham,A02,Điểm thi THPT,2025,15.0,Công nghệ thực phẩm
157052,TKG,cong-nghe-thuc-pham,B00,Điểm thi THPT,2025,15.0,Công nghệ thực phẩm
157053,TKG,cong-nghe-thuc-pham,B01,Điểm thi THPT,2025,15.0,Công nghệ thực phẩm
157054,TKG,cong-nghe-thuc-pham,B03,Điểm thi THPT,2025,15.0,Công nghệ thực phẩm
157055,TKG,cong-nghe-thuc-pham,D07,Điểm thi THPT,2025,15.0,Công nghệ thực phẩm
157056,TKG,du-lich,A00,Điểm thi THPT,2021,14.0,Du lịch
157057,TKG,du-lich,A01,Điểm thi THPT,2021,14.0,Du lịch
157058,TKG,du-lich,D01,Điểm thi THPT,2021,14.0,Du lịch
157059,TKG,du-lich,D07,Điểm thi THPT,2021,14.0,Du lịch
157060,TKG,du-lich,C20,Điểm học bạ,2022,16.0,Du lịch
157061,TKG,du-lich,D01,Điểm học bạ,2022,16.0,Du lịch
157062,TKG,du-lich,D14,Điểm học bạ,2022,16.0,Du lịch
157063,TKG,du-lich,D15,Điểm học bạ,2022,16.0,Du lịch
157064,TKG,du-lich,C20,Điểm thi THPT,2022,14.0,Du lịch
157065,TKG,du-lich,D01,Điểm thi THPT,2022,14.0,Du lịch
157066,TKG,du-lich,D14,Điểm thi THPT,2022,14.0,Du lịch
157067,TKG,du-lich,D15,Điểm thi THPT,2022,14.0,Du lịch
157068,TKG,du-lich,C20,Điểm học bạ,2023,16.0,Du lịch
157069,TKG,du-lich,D01,Điểm học bạ,2023,16.0,Du lịch
157070,TKG,du-lich,D14,Điểm học bạ,2023,16.0,Du lịch
157071,TKG,du-lich,D15,Điểm học bạ,2023,16.0,Du lịch
157072,TKG,du-lich,C20,Điểm thi THPT,2023,15.0,Du lịch
157073,TKG,du-lich,D01,Điểm thi THPT,2023,15.0,Du lịch
157074,TKG,du-lich,D14,Điểm thi THPT,2023,15.0,Du lịch
157075,TKG,du-lich,D15,Điểm thi THPT,2023,15.0,Du lịch
157076,TKG,du-lich,C20,Điểm học bạ,2024,17.0,Du lịch
157077,TKG,du-lich,D01,Điểm học bạ,2024,17.0,Du lịch
157078,TKG,du-lich,D14,Điểm học bạ,2024,17.0,Du lịch
157079,TKG,du-lich,D15,Điểm học bạ,2024,17.0,Du lịch
157080,TKG,du-lich,C20,Điểm thi THPT,2024,17.0,Du lịch
157081,TKG,du-lich,D01,Điểm thi THPT,2024,17.0,Du lịch
157082,TKG,du-lich,D14,Điểm thi THPT,2024,17.0,Du lịch
157083,TKG,du-lich,D15,Điểm thi THPT,2024,17.0,Du lịch
157084,TKG,du-lich,C00,Điểm học bạ,2025,21.7,Du lịch
157085,TKG,du-lich,C03,Điểm học bạ,2025,21.7,Du lịch
157086,TKG,du-lich,C04,Điểm học bạ,2025,21.7,Du lịch
157087,TKG,du-lich,C14,Điểm học bạ,2025,21.7,Du lịch
157088,TKG,du-lich,C20,Điểm học bạ,2025,21.7,Du lịch
157089,TKG,du-lich,D01,Điểm học bạ,2025,21.7,Du lịch
157090,TKG,du-lich,X01,Điểm học bạ,2025,21.7,Du lịch
157091,TKG,du-lich,X74,Điểm học bạ,2025,21.7,Du lịch
157092,TKG,du-lich,C00,Điểm thi THPT,2025,18.0,Du lịch
157093,TKG,du-lich,C03,Điểm thi THPT,2025,18.0,Du lịch
157094,TKG,du-lich,C04,Điểm thi THPT,2025,18.0,Du lịch
157095,TKG,du-lich,C14,Điểm thi THPT,2025,18.0,Du lịch
157096,TKG,du-lich,C20,Điểm thi THPT,2025,18.0,Du lịch
157097,TKG,du-lich,D01,Điểm thi THPT,2025,18.0,Du lịch
157098,TKG,du-lich,X01,Điểm thi THPT,2025,18.0,Du lịch
157099,TKG,du-lich,X74,Điểm thi THPT,2025,18.0,Du lịch
157100,TKG,giao-duc-mam-non,M00,Điểm học bạ,2024,24.49,Giáo dục mầm non
157101,TKG,giao-duc-mam-non,M00,Điểm thi THPT,2024,25.57,Giáo dục mầm non
157102,TKG,giao-duc-mam-non,A00,Điểm học bạ,2025,26.08,Giáo dục Mầm non
157103,TKG,giao-duc-mam-non,A01,Điểm học bạ,2025,26.08,Giáo dục Mầm non
157104,TKG,giao-duc-mam-non,A09,Điểm học bạ,2025,26.08,Giáo dục Mầm non
157105,TKG,giao-duc-mam-non,C03,Điểm học bạ,2025,26.08,Giáo dục Mầm non
157106,TKG,giao-duc-mam-non,C14,Điểm học bạ,2025,26.08,Giáo dục Mầm non
157107,TKG,giao-duc-mam-non,D01,Điểm học bạ,2025,26.08,Giáo dục Mầm non
157108,TKG,giao-duc-mam-non,X01,Điểm học bạ,2025,26.08,Giáo dục Mầm non
157109,TKG,giao-duc-mam-non,X21,Điểm học bạ,2025,26.08,Giáo dục Mầm non
157110,TKG,giao-duc-mam-non,A00,Điểm thi THPT,2025,22.45,Giáo dục Mầm non
157111,TKG,giao-duc-mam-non,A01,Điểm thi THPT,2025,22.45,Giáo dục Mầm non
157112,TKG,giao-duc-mam-non,A09,Điểm thi THPT,2025,22.45,Giáo dục Mầm non
157113,TKG,giao-duc-mam-non,C03,Điểm thi THPT,2025,22.45,Giáo dục Mầm non
157114,TKG,giao-duc-mam-non,C14,Điểm thi THPT,2025,22.45,Giáo dục Mầm non
157115,TKG,giao-duc-mam-non,D01,Điểm thi THPT,2025,22.45,Giáo dục Mầm non
157116,TKG,giao-duc-mam-non,X01,Điểm thi THPT,2025,22.45,Giáo dục Mầm non
157117,TKG,giao-duc-mam-non,X21,Điểm thi THPT,2025,22.45,Giáo dục Mầm non
157118,TKG,giao-duc-tieu-hoc,A00,Điểm học bạ,2022,24.0,Giáo dục Tiểu học
157119,TKG,giao-duc-tieu-hoc,C02,Điểm học bạ,2022,24.0,Giáo dục Tiểu học
157120,TKG,giao-duc-tieu-hoc,C20,Điểm học bạ,2022,24.0,Giáo dục Tiểu học
157121,TKG,giao-duc-tieu-hoc,D01,Điểm học bạ,2022,24.0,Giáo dục Tiểu học
157122,TKG,giao-duc-tieu-hoc,A00,Điểm thi THPT,2022,19.0,Giáo dục Tiểu học
157123,TKG,giao-duc-tieu-hoc,C02,Điểm thi THPT,2022,19.0,Giáo dục Tiểu học
157124,TKG,giao-duc-tieu-hoc,C20,Điểm thi THPT,2022,19.0,Giáo dục Tiểu học
157125,TKG,giao-duc-tieu-hoc,D01,Điểm thi THPT,2022,19.0,Giáo dục Tiểu học
157126,TKG,giao-duc-tieu-hoc,A00,Điểm học bạ,2023,24.0,Giáo dục Tiểu học
157127,TKG,giao-duc-tieu-hoc,C02,Điểm học bạ,2023,24.0,Giáo dục Tiểu học
157128,TKG,giao-duc-tieu-hoc,C20,Điểm học bạ,2023,24.0,Giáo dục Tiểu học
157129,TKG,giao-duc-tieu-hoc,D01,Điểm học bạ,2023,24.0,Giáo dục Tiểu học
157130,TKG,giao-duc-tieu-hoc,A00,Điểm thi THPT,2023,26.04,Giáo dục Tiểu học
157131,TKG,giao-duc-tieu-hoc,C02,Điểm thi THPT,2023,26.04,Giáo dục Tiểu học
157132,TKG,giao-duc-tieu-hoc,C20,Điểm thi THPT,2023,26.04,Giáo dục Tiểu học
157133,TKG,giao-duc-tieu-hoc,D01,Điểm thi THPT,2023,26.04,Giáo dục Tiểu học
157134,TKG,giao-duc-tieu-hoc,A00,Điểm học bạ,2024,27.39,Giáo dục tiểu học
157135,TKG,giao-duc-tieu-hoc,C02,Điểm học bạ,2024,27.39,Giáo dục tiểu học
157136,TKG,giao-duc-tieu-hoc,C20,Điểm học bạ,2024,27.39,Giáo dục tiểu học
157137,TKG,giao-duc-tieu-hoc,D01,Điểm học bạ,2024,27.39,Giáo dục tiểu học
157138,TKG,giao-duc-tieu-hoc,A00,Điểm thi THPT,2024,27.53,Giáo dục tiểu học
157139,TKG,giao-duc-tieu-hoc,C02,Điểm thi THPT,2024,27.53,Giáo dục tiểu học
157140,TKG,giao-duc-tieu-hoc,C20,Điểm thi THPT,2024,27.53,Giáo dục tiểu học
157141,TKG,giao-duc-tieu-hoc,D01,Điểm thi THPT,2024,27.53,Giáo dục tiểu học
157142,TKG,giao-duc-tieu-hoc,A00,Điểm học bạ,2025,28.11,Giáo dục Tiểu học
157143,TKG,giao-duc-tieu-hoc,A01,Điểm học bạ,2025,28.11,Giáo dục Tiểu học
157144,TKG,giao-duc-tieu-hoc,A09,Điểm học bạ,2025,28.11,Giáo dục Tiểu học
157145,TKG,giao-duc-tieu-hoc,C03,Điểm học bạ,2025,28.11,Giáo dục Tiểu học
157146,TKG,giao-duc-tieu-hoc,C14,Điểm học bạ,2025,28.11,Giáo dục Tiểu học
157147,TKG,giao-duc-tieu-hoc,D01,Điểm học bạ,2025,28.11,Giáo dục Tiểu học
157148,TKG,giao-duc-tieu-hoc,X01,Điểm học bạ,2025,28.11,Giáo dục Tiểu học
157149,TKG,giao-duc-tieu-hoc,X21,Điểm học bạ,2025,28.11,Giáo dục Tiểu học
157150,TKG,giao-duc-tieu-hoc,A00,Điểm thi THPT,2025,24.4,Giáo dục Tiểu học
157151,TKG,giao-duc-tieu-hoc,A01,Điểm thi THPT,2025,24.4,Giáo dục Tiểu học
157152,TKG,giao-duc-tieu-hoc,A09,Điểm thi THPT,2025,24.4,Giáo dục Tiểu học
157153,TKG,giao-duc-tieu-hoc,C03,Điểm thi THPT,2025,24.4,Giáo dục Tiểu học
157154,TKG,giao-duc-tieu-hoc,C14,Điểm thi THPT,2025,24.4,Giáo dục Tiểu học
157155,TKG,giao-duc-tieu-hoc,D01,Điểm thi THPT,2025,24.4,Giáo dục Tiểu học
157156,TKG,giao-duc-tieu-hoc,X01,Điểm thi THPT,2025,24.4,Giáo dục Tiểu học
157157,TKG,giao-duc-tieu-hoc,X21,Điểm thi THPT,2025,24.4,Giáo dục Tiểu học
157158,TKG,ke-toan,A00,Điểm thi THPT,2021,14.0,Kế toán
157159,TKG,ke-toan,A01,Điểm thi THPT,2021,14.0,Kế toán
157160,TKG,ke-toan,D01,Điểm thi THPT,2021,14.0,Kế toán
157161,TKG,ke-toan,D07,Điểm thi THPT,2021,14.0,Kế toán
157162,TKG,ke-toan,A00,Điểm học bạ,2022,16.0,Kế toán
157163,TKG,ke-toan,A01,Điểm học bạ,2022,16.0,Kế toán
157164,TKG,ke-toan,D01,Điểm học bạ,2022,16.0,Kế toán
157165,TKG,ke-toan,D07,Điểm học bạ,2022,16.0,Kế toán
157166,TKG,ke-toan,A00,Điểm thi THPT,2022,14.0,Kế toán
157167,TKG,ke-toan,A01,Điểm thi THPT,2022,14.0,Kế toán
157168,TKG,ke-toan,D01,Điểm thi THPT,2022,14.0,Kế toán
157169,TKG,ke-toan,D07,Điểm thi THPT,2022,14.0,Kế toán
157170,TKG,ke-toan,A00,Điểm học bạ,2023,16.0,Kế toán
157171,TKG,ke-toan,A01,Điểm học bạ,2023,16.0,Kế toán
157172,TKG,ke-toan,D01,Điểm học bạ,2023,16.0,Kế toán
157173,TKG,ke-toan,D07,Điểm học bạ,2023,16.0,Kế toán
157174,TKG,ke-toan,A00,Điểm thi THPT,2023,15.0,Kế toán
157175,TKG,ke-toan,A01,Điểm thi THPT,2023,15.0,Kế toán
157176,TKG,ke-toan,D01,Điểm thi THPT,2023,15.0,Kế toán
157177,TKG,ke-toan,D07,Điểm thi THPT,2023,15.0,Kế toán
157178,TKG,ke-toan,A00,Điểm học bạ,2024,17.0,Kế toán
157179,TKG,ke-toan,A01,Điểm học bạ,2024,17.0,Kế toán
157180,TKG,ke-toan,D01,Điểm học bạ,2024,17.0,Kế toán
157181,TKG,ke-toan,D07,Điểm học bạ,2024,17.0,Kế toán
157182,TKG,ke-toan,A00,Điểm thi THPT,2024,16.05,Kế toán
157183,TKG,ke-toan,A01,Điểm thi THPT,2024,16.05,Kế toán
157184,TKG,ke-toan,D01,Điểm thi THPT,2024,16.05,Kế toán
157185,TKG,ke-toan,D07,Điểm thi THPT,2024,16.05,Kế toán
157186,TKG,ke-toan,A00,Điểm học bạ,2025,18.15,Kế toán
157187,TKG,ke-toan,A01,Điểm học bạ,2025,18.15,Kế toán
157188,TKG,ke-toan,A08,Điểm học bạ,2025,18.15,Kế toán
157189,TKG,ke-toan,A09,Điểm học bạ,2025,18.15,Kế toán
157190,TKG,ke-toan,D01,Điểm học bạ,2025,18.15,Kế toán
157191,TKG,ke-toan,D09,Điểm học bạ,2025,18.15,Kế toán
157192,TKG,ke-toan,X17,Điểm học bạ,2025,18.15,Kế toán
157193,TKG,ke-toan,X21,Điểm học bạ,2025,18.15,Kế toán
157194,TKG,ke-toan,A00,Điểm thi THPT,2025,15.0,Kế toán
157195,TKG,ke-toan,A01,Điểm thi THPT,2025,15.0,Kế toán
157196,TKG,ke-toan,A08,Điểm thi THPT,2025,15.0,Kế toán
157197,TKG,ke-toan,A09,Điểm thi THPT,2025,15.0,Kế toán
157198,TKG,ke-toan,D01,Điểm thi THPT,2025,15.0,Kế toán
157199,TKG,ke-toan,D09,Điểm thi THPT,2025,15.0,Kế toán
157200,TKG,ke-toan,X17,Điểm thi THPT,2025,15.0,Kế toán
157201,TKG,ke-toan,X21,Điểm thi THPT,2025,15.0,Kế toán
157202,TKG,khoa-hoc-cay-trong,A00,Điểm thi THPT,2021,14.0,Khoa học cây trồng
157203,TKG,khoa-hoc-cay-trong,A01,Điểm thi THPT,2021,14.0,Khoa học cây trồng
157204,TKG,khoa-hoc-cay-trong,B00,Điểm thi THPT,2021,14.0,Khoa học cây trồng
157205,TKG,khoa-hoc-cay-trong,D07,Điểm thi THPT,2021,14.0,Khoa học cây trồng
157206,TKG,khoa-hoc-cay-trong,A00,Điểm học bạ,2022,15.0,Khoa học cây trồng
157207,TKG,khoa-hoc-cay-trong,A02,Điểm học bạ,2022,15.0,Khoa học cây trồng
157208,TKG,khoa-hoc-cay-trong,B04,Điểm học bạ,2022,15.0,Khoa học cây trồng
157209,TKG,khoa-hoc-cay-trong,C13,Điểm học bạ,2022,15.0,Khoa học cây trồng
157210,TKG,khoa-hoc-cay-trong,A00,Điểm thi THPT,2022,14.0,Khoa học cây trồng
157211,TKG,khoa-hoc-cay-trong,A02,Điểm thi THPT,2022,14.0,Khoa học cây trồng
157212,TKG,khoa-hoc-cay-trong,B04,Điểm thi THPT,2022,14.0,Khoa học cây trồng
157213,TKG,khoa-hoc-cay-trong,C13,Điểm thi THPT,2022,14.0,Khoa học cây trồng
157214,TKG,khoa-hoc-cay-trong,A00,Điểm học bạ,2023,15.0,Khoa học cây trồng
157215,TKG,khoa-hoc-cay-trong,A02,Điểm học bạ,2023,15.0,Khoa học cây trồng
157216,TKG,khoa-hoc-cay-trong,B04,Điểm học bạ,2023,15.0,Khoa học cây trồng
157217,TKG,khoa-hoc-cay-trong,C13,Điểm học bạ,2023,15.0,Khoa học cây trồng
157218,TKG,khoa-hoc-cay-trong,A00,Điểm thi THPT,2023,14.0,Khoa học cây trồng
157219,TKG,khoa-hoc-cay-trong,A02,Điểm thi THPT,2023,14.0,Khoa học cây trồng
157220,TKG,khoa-hoc-cay-trong,B04,Điểm thi THPT,2023,14.0,Khoa học cây trồng
157221,TKG,khoa-hoc-cay-trong,C13,Điểm thi THPT,2023,14.0,Khoa học cây trồng
157222,TKG,khoa-hoc-cay-trong,A00,Điểm học bạ,2024,15.0,Khoa học cây trồng
157223,TKG,khoa-hoc-cay-trong,A02,Điểm học bạ,2024,15.0,Khoa học cây trồng
157224,TKG,khoa-hoc-cay-trong,B04,Điểm học bạ,2024,15.0,Khoa học cây trồng
157225,TKG,khoa-hoc-cay-trong,C13,Điểm học bạ,2024,15.0,Khoa học cây trồng
157226,TKG,khoa-hoc-cay-trong,A00,Điểm thi THPT,2024,14.25,Khoa học cây trồng
157227,TKG,khoa-hoc-cay-trong,A02,Điểm thi THPT,2024,14.25,Khoa học cây trồng
157228,TKG,khoa-hoc-cay-trong,B04,Điểm thi THPT,2024,14.25,Khoa học cây trồng
157229,TKG,khoa-hoc-cay-trong,C13,Điểm thi THPT,2024,14.25,Khoa học cây trồng
157230,TKG,khoa-hoc-cay-trong,A02,Điểm học bạ,2025,20.25,Khoa học cây trồng
157231,TKG,khoa-hoc-cay-trong,B00,Điểm học bạ,2025,20.25,Khoa học cây trồng
157232,TKG,khoa-hoc-cay-trong,B03,Điểm học bạ,2025,20.25,Khoa học cây trồng
157233,TKG,khoa-hoc-cay-trong,B04,Điểm học bạ,2025,20.25,Khoa học cây trồng
157234,TKG,khoa-hoc-cay-trong,C08,Điểm học bạ,2025,20.25,Khoa học cây trồng
157235,TKG,khoa-hoc-cay-trong,C13,Điểm học bạ,2025,20.25,Khoa học cây trồng
157236,TKG,khoa-hoc-cay-trong,X13,Điểm học bạ,2025,20.25,Khoa học cây trồng
157237,TKG,khoa-hoc-cay-trong,A02,Điểm thi THPT,2025,15.0,Khoa học cây trồng
157238,TKG,khoa-hoc-cay-trong,B00,Điểm thi THPT,2025,15.0,Khoa học cây trồng
157239,TKG,khoa-hoc-cay-trong,B03,Điểm thi THPT,2025,15.0,Khoa học cây trồng
157240,TKG,khoa-hoc-cay-trong,B04,Điểm thi THPT,2025,15.0,Khoa học cây trồng
157241,TKG,khoa-hoc-cay-trong,C08,Điểm thi THPT,2025,15.0,Khoa học cây trồng
157242,TKG,khoa-hoc-cay-trong,C13,Điểm thi THPT,2025,15.0,Khoa học cây trồng
157243,TKG,khoa-hoc-cay-trong,X13,Điểm thi THPT,2025,15.0,Khoa học cây trồng
157244,TKG,kinh-doanh-nong-nghiep,A00,Điểm học bạ,2023,15.0,Kinh doanh nông nghiệp
157245,TKG,kinh-doanh-nong-nghiep,B00,Điểm học bạ,2023,15.0,Kinh doanh nông nghiệp
157246,TKG,kinh-doanh-nong-nghiep,C02,Điểm học bạ,2023,15.0,Kinh doanh nông nghiệp
157247,TKG,kinh-doanh-nong-nghiep,D08,Điểm học bạ,2023,15.0,Kinh doanh nông nghiệp
157248,TKG,kinh-doanh-nong-nghiep,A00,Điểm thi THPT,2023,14.0,Kinh doanh nông nghiệp
157249,TKG,kinh-doanh-nong-nghiep,B00,Điểm thi THPT,2023,14.0,Kinh doanh nông nghiệp
157250,TKG,kinh-doanh-nong-nghiep,C02,Điểm thi THPT,2023,14.0,Kinh doanh nông nghiệp
157251,TKG,kinh-doanh-nong-nghiep,D08,Điểm thi THPT,2023,14.0,Kinh doanh nông nghiệp
157252,TKG,kinh-doanh-nong-nghiep,A00,Điểm học bạ,2024,15.0,Kinh doanh nông nghiệp
157253,TKG,kinh-doanh-nong-nghiep,B00,Điểm học bạ,2024,15.0,Kinh doanh nông nghiệp
157254,TKG,kinh-doanh-nong-nghiep,C02,Điểm học bạ,2024,15.0,Kinh doanh nông nghiệp
157255,TKG,kinh-doanh-nong-nghiep,D08,Điểm học bạ,2024,15.0,Kinh doanh nông nghiệp
157256,TKG,kinh-doanh-nong-nghiep,A00,Điểm thi THPT,2024,14.25,Kinh doanh nông nghiệp
157257,TKG,kinh-doanh-nong-nghiep,B00,Điểm thi THPT,2024,14.25,Kinh doanh nông nghiệp
157258,TKG,kinh-doanh-nong-nghiep,C02,Điểm thi THPT,2024,14.25,Kinh doanh nông nghiệp
157259,TKG,kinh-doanh-nong-nghiep,D08,Điểm thi THPT,2024,14.25,Kinh doanh nông nghiệp
157260,TKG,kinh-doanh-quoc-te,A00,Điểm học bạ,2023,16.0,Kinh doanh quốc tế
157261,TKG,kinh-doanh-quoc-te,A01,Điểm học bạ,2023,16.0,Kinh doanh quốc tế
157262,TKG,kinh-doanh-quoc-te,D01,Điểm học bạ,2023,16.0,Kinh doanh quốc tế
157263,TKG,kinh-doanh-quoc-te,D07,Điểm học bạ,2023,16.0,Kinh doanh quốc tế
157264,TKG,kinh-doanh-quoc-te,A00,Điểm thi THPT,2023,15.0,Kinh doanh Quốc tế
157265,TKG,kinh-doanh-quoc-te,A01,Điểm thi THPT,2023,15.0,Kinh doanh Quốc tế
157266,TKG,kinh-doanh-quoc-te,D01,Điểm thi THPT,2023,15.0,Kinh doanh Quốc tế
157267,TKG,kinh-doanh-quoc-te,D07,Điểm thi THPT,2023,15.0,Kinh doanh Quốc tế
157268,TKG,kinh-doanh-quoc-te,A00,Điểm học bạ,2024,17.0,Kinh doanh quốc tế
157269,TKG,kinh-doanh-quoc-te,A01,Điểm học bạ,2024,17.0,Kinh doanh quốc tế
157270,TKG,kinh-doanh-quoc-te,D01,Điểm học bạ,2024,17.0,Kinh doanh quốc tế
157271,TKG,kinh-doanh-quoc-te,D07,Điểm học bạ,2024,17.0,Kinh doanh quốc tế
157272,TKG,kinh-doanh-quoc-te,A00,Điểm thi THPT,2024,17.0,Kinh doanh quốc tế
157273,TKG,kinh-doanh-quoc-te,A01,Điểm thi THPT,2024,17.0,Kinh doanh quốc tế
157274,TKG,kinh-doanh-quoc-te,D01,Điểm thi THPT,2024,17.0,Kinh doanh quốc tế
157275,TKG,kinh-doanh-quoc-te,D07,Điểm thi THPT,2024,17.0,Kinh doanh quốc tế
157276,TKG,kinh-doanh-quoc-te,A00,Điểm học bạ,2025,20.35,Kinh doanh Quốc tế
157277,TKG,kinh-doanh-quoc-te,A01,Điểm học bạ,2025,20.35,Kinh doanh Quốc tế
157278,TKG,kinh-doanh-quoc-te,A08,Điểm học bạ,2025,20.35,Kinh doanh Quốc tế
157279,TKG,kinh-doanh-quoc-te,A09,Điểm học bạ,2025,20.35,Kinh doanh Quốc tế
157280,TKG,kinh-doanh-quoc-te,D01,Điểm học bạ,2025,20.35,Kinh doanh Quốc tế
157281,TKG,kinh-doanh-quoc-te,D09,Điểm học bạ,2025,20.35,Kinh doanh Quốc tế
157282,TKG,kinh-doanh-quoc-te,X17,Điểm học bạ,2025,20.35,Kinh doanh Quốc tế
157283,TKG,kinh-doanh-quoc-te,X21,Điểm học bạ,2025,20.35,Kinh doanh Quốc tế
157284,TKG,kinh-doanh-quoc-te,A00,Điểm thi THPT,2025,15.0,Kinh doanh Quốc tế
157285,TKG,kinh-doanh-quoc-te,A01,Điểm thi THPT,2025,15.0,Kinh doanh Quốc tế
157286,TKG,kinh-doanh-quoc-te,A08,Điểm thi THPT,2025,15.0,Kinh doanh Quốc tế
157287,TKG,kinh-doanh-quoc-te,A09,Điểm thi THPT,2025,15.0,Kinh doanh Quốc tế
157288,TKG,kinh-doanh-quoc-te,D01,Điểm thi THPT,2025,15.0,Kinh doanh Quốc tế
157289,TKG,kinh-doanh-quoc-te,D09,Điểm thi THPT,2025,15.0,Kinh doanh Quốc tế
157290,TKG,kinh-doanh-quoc-te,X17,Điểm thi THPT,2025,15.0,Kinh doanh Quốc tế
157291,TKG,kinh-doanh-quoc-te,X21,Điểm thi THPT,2025,15.0,Kinh doanh Quốc tế
157292,TKG,ky-thuat-dieu-khien-va-tu-dong-hoa,A00,Điểm học bạ,2022,16.0,Kỹ thuật Điều khiển và tự động hóa
157293,TKG,ky-thuat-dieu-khien-va-tu-dong-hoa,A01,Điểm học bạ,2022,16.0,Kỹ thuật Điều khiển và tự động hóa
157294,TKG,ky-thuat-dieu-khien-va-tu-dong-hoa,C01,Điểm học bạ,2022,16.0,Kỹ thuật Điều khiển và tự động hóa
157295,TKG,ky-thuat-dieu-khien-va-tu-dong-hoa,D01,Điểm học bạ,2022,16.0,Kỹ thuật Điều khiển và tự động hóa
157296,TKG,ky-thuat-dieu-khien-va-tu-dong-hoa,A00,Điểm thi THPT,2022,14.0,Kỹ thuật Điều khiển và tự động hóa
157297,TKG,ky-thuat-dieu-khien-va-tu-dong-hoa,A01,Điểm thi THPT,2022,14.0,Kỹ thuật Điều khiển và tự động hóa
157298,TKG,ky-thuat-dieu-khien-va-tu-dong-hoa,C01,Điểm thi THPT,2022,14.0,Kỹ thuật Điều khiển và tự động hóa
157299,TKG,ky-thuat-dieu-khien-va-tu-dong-hoa,D01,Điểm thi THPT,2022,14.0,Kỹ thuật Điều khiển và tự động hóa
157300,TKG,ky-thuat-dieu-khien-va-tu-dong-hoa,A00,Điểm học bạ,2023,16.0,Kỹ thuật Điều khiển và tự động hóa
157301,TKG,ky-thuat-dieu-khien-va-tu-dong-hoa,A01,Điểm học bạ,2023,16.0,Kỹ thuật Điều khiển và tự động hóa
157302,TKG,ky-thuat-dieu-khien-va-tu-dong-hoa,C01,Điểm học bạ,2023,16.0,Kỹ thuật Điều khiển và tự động hóa
157303,TKG,ky-thuat-dieu-khien-va-tu-dong-hoa,D01,Điểm học bạ,2023,16.0,Kỹ thuật Điều khiển và tự động hóa
157304,TKG,ky-thuat-dieu-khien-va-tu-dong-hoa,A00,Điểm thi THPT,2023,15.0,Kỹ thuật điều khiển và tự động hóa
157305,TKG,ky-thuat-dieu-khien-va-tu-dong-hoa,A01,Điểm thi THPT,2023,15.0,Kỹ thuật điều khiển và tự động hóa
157306,TKG,ky-thuat-dieu-khien-va-tu-dong-hoa,C01,Điểm thi THPT,2023,15.0,Kỹ thuật điều khiển và tự động hóa
157307,TKG,ky-thuat-dieu-khien-va-tu-dong-hoa,D01,Điểm thi THPT,2023,15.0,Kỹ thuật điều khiển và tự động hóa
157308,TKG,ky-thuat-dieu-khien-va-tu-dong-hoa,A00,Điểm học bạ,2024,17.0,Kỹ thuật điều khiển và tự động hóa
157309,TKG,ky-thuat-dieu-khien-va-tu-dong-hoa,A01,Điểm học bạ,2024,17.0,Kỹ thuật điều khiển và tự động hóa
157310,TKG,ky-thuat-dieu-khien-va-tu-dong-hoa,C01,Điểm học bạ,2024,17.0,Kỹ thuật điều khiển và tự động hóa
157311,TKG,ky-thuat-dieu-khien-va-tu-dong-hoa,D01,Điểm học bạ,2024,17.0,Kỹ thuật điều khiển và tự động hóa
157312,TKG,ky-thuat-dieu-khien-va-tu-dong-hoa,A00,Điểm thi THPT,2024,17.0,Kỹ thuật điều khiển và tự động hóa
157313,TKG,ky-thuat-dieu-khien-va-tu-dong-hoa,A01,Điểm thi THPT,2024,17.0,Kỹ thuật điều khiển và tự động hóa
157314,TKG,ky-thuat-dieu-khien-va-tu-dong-hoa,C01,Điểm thi THPT,2024,17.0,Kỹ thuật điều khiển và tự động hóa
157315,TKG,ky-thuat-dieu-khien-va-tu-dong-hoa,D01,Điểm thi THPT,2024,17.0,Kỹ thuật điều khiển và tự động hóa
157316,TKG,ky-thuat-dieu-khien-va-tu-dong-hoa,A00,Điểm học bạ,2025,18.15,Kỹ thuật điều khiển và tự động hóa
157317,TKG,ky-thuat-dieu-khien-va-tu-dong-hoa,A01,Điểm học bạ,2025,18.15,Kỹ thuật điều khiển và tự động hóa
157318,TKG,ky-thuat-dieu-khien-va-tu-dong-hoa,A08,Điểm học bạ,2025,18.15,Kỹ thuật điều khiển và tự động hóa
157319,TKG,ky-thuat-dieu-khien-va-tu-dong-hoa,A09,Điểm học bạ,2025,18.15,Kỹ thuật điều khiển và tự động hóa
157320,TKG,ky-thuat-dieu-khien-va-tu-dong-hoa,D01,Điểm học bạ,2025,18.15,Kỹ thuật điều khiển và tự động hóa
157321,TKG,ky-thuat-dieu-khien-va-tu-dong-hoa,D09,Điểm học bạ,2025,18.15,Kỹ thuật điều khiển và tự động hóa
157322,TKG,ky-thuat-dieu-khien-va-tu-dong-hoa,X17,Điểm học bạ,2025,18.15,Kỹ thuật điều khiển và tự động hóa
157323,TKG,ky-thuat-dieu-khien-va-tu-dong-hoa,X21,Điểm học bạ,2025,18.15,Kỹ thuật điều khiển và tự động hóa
157324,TKG,ky-thuat-dieu-khien-va-tu-dong-hoa,A00,Điểm thi THPT,2025,15.0,Kỹ thuật điều khiển và tự động hóa
157325,TKG,ky-thuat-dieu-khien-va-tu-dong-hoa,A01,Điểm thi THPT,2025,15.0,Kỹ thuật điều khiển và tự động hóa
157326,TKG,ky-thuat-dieu-khien-va-tu-dong-hoa,A08,Điểm thi THPT,2025,15.0,Kỹ thuật điều khiển và tự động hóa
157327,TKG,ky-thuat-dieu-khien-va-tu-dong-hoa,A09,Điểm thi THPT,2025,15.0,Kỹ thuật điều khiển và tự động hóa
157328,TKG,ky-thuat-dieu-khien-va-tu-dong-hoa,D01,Điểm thi THPT,2025,15.0,Kỹ thuật điều khiển và tự động hóa
157329,TKG,ky-thuat-dieu-khien-va-tu-dong-hoa,D09,Điểm thi THPT,2025,15.0,Kỹ thuật điều khiển và tự động hóa
157330,TKG,ky-thuat-dieu-khien-va-tu-dong-hoa,X17,Điểm thi THPT,2025,15.0,Kỹ thuật điều khiển và tự động hóa
157331,TKG,ky-thuat-dieu-khien-va-tu-dong-hoa,X21,Điểm thi THPT,2025,15.0,Kỹ thuật điều khiển và tự động hóa
157332,TKG,luat,A00,Điểm thi THPT,2021,14.0,Luật
157333,TKG,luat,C00,Điểm thi THPT,2021,14.0,Luật
157334,TKG,luat,D01,Điểm thi THPT,2021,14.0,Luật
157335,TKG,luat,D14,Điểm thi THPT,2021,14.0,Luật
157336,TKG,luat,A00,Điểm học bạ,2022,16.0,Luật
157337,TKG,luat,C00,Điểm học bạ,2022,16.0,Luật
157338,TKG,luat,D01,Điểm học bạ,2022,16.0,Luật
157339,TKG,luat,D14,Điểm học bạ,2022,16.0,Luật
157340,TKG,luat,A00,Điểm thi THPT,2022,14.0,Luật
157341,TKG,luat,C00,Điểm thi THPT,2022,14.0,Luật
157342,TKG,luat,D01,Điểm thi THPT,2022,14.0,Luật
157343,TKG,luat,D14,Điểm thi THPT,2022,14.0,Luật
157344,TKG,luat,A00,Điểm học bạ,2023,16.0,Luật
157345,TKG,luat,C00,Điểm học bạ,2023,16.0,Luật
157346,TKG,luat,D01,Điểm học bạ,2023,16.0,Luật
157347,TKG,luat,D14,Điểm học bạ,2023,16.0,Luật
157348,TKG,luat,A00,Điểm thi THPT,2023,15.0,Luật
157349,TKG,luat,C00,Điểm thi THPT,2023,15.0,Luật
157350,TKG,luat,D01,Điểm thi THPT,2023,15.0,Luật
157351,TKG,luat,D14,Điểm thi THPT,2023,15.0,Luật
157352,TKG,luat,A00,Điểm học bạ,2024,16.0,Luật
157353,TKG,luat,C00,Điểm học bạ,2024,16.0,Luật
157354,TKG,luat,D01,Điểm học bạ,2024,16.0,Luật
157355,TKG,luat,D14,Điểm học bạ,2024,16.0,Luật
157356,TKG,luat,A00,Điểm thi THPT,2024,16.5,Luật
157357,TKG,luat,C00,Điểm thi THPT,2024,16.5,Luật
157358,TKG,luat,D01,Điểm thi THPT,2024,16.5,Luật
157359,TKG,luat,D14,Điểm thi THPT,2024,16.5,Luật
157360,TKG,luat,C00,Điểm học bạ,2025,22.75,Luật
157361,TKG,luat,C03,Điểm học bạ,2025,22.75,Luật
157362,TKG,luat,C04,Điểm học bạ,2025,22.75,Luật
157363,TKG,luat,C19,Điểm học bạ,2025,22.75,Luật
157364,TKG,luat,C20,Điểm học bạ,2025,22.75,Luật
157365,TKG,luat,D01,Điểm học bạ,2025,22.75,Luật
157366,TKG,luat,X70,Điểm học bạ,2025,22.75,Luật
157367,TKG,luat,X74,Điểm học bạ,2025,22.75,Luật
157368,TKG,luat,C00,Điểm thi THPT,2025,19.2,Luật
157369,TKG,luat,C03,Điểm thi THPT,2025,19.2,Luật
157370,TKG,luat,C04,Điểm thi THPT,2025,19.2,Luật
157371,TKG,luat,C19,Điểm thi THPT,2025,19.2,Luật
157372,TKG,luat,C20,Điểm thi THPT,2025,19.2,Luật
157373,TKG,luat,D01,Điểm thi THPT,2025,19.2,Luật
157374,TKG,luat,X70,Điểm thi THPT,2025,19.2,Luật
157375,TKG,luat,X74,Điểm thi THPT,2025,19.2,Luật
157376,TKG,ngon-ngu-anh,D01,Điểm thi THPT,2021,14.0,Ngôn ngữ Anh
157377,TKG,ngon-ngu-anh,D14,Điểm thi THPT,2021,14.0,Ngôn ngữ Anh
157378,TKG,ngon-ngu-anh,D15,Điểm thi THPT,2021,14.0,Ngôn ngữ Anh
157379,TKG,ngon-ngu-anh,D01,Điểm học bạ,2022,16.0,Ngôn ngữ Anh
157380,TKG,ngon-ngu-anh,D09,Điểm học bạ,2022,16.0,Ngôn ngữ Anh
157381,TKG,ngon-ngu-anh,D14,Điểm học bạ,2022,16.0,Ngôn ngữ Anh
157382,TKG,ngon-ngu-anh,D15,Điểm học bạ,2022,16.0,Ngôn ngữ Anh
157383,TKG,ngon-ngu-anh,D01,Điểm thi THPT,2022,14.0,Ngôn ngữ Anh
157384,TKG,ngon-ngu-anh,D09,Điểm thi THPT,2022,14.0,Ngôn ngữ Anh
157385,TKG,ngon-ngu-anh,D14,Điểm thi THPT,2022,14.0,Ngôn ngữ Anh
157386,TKG,ngon-ngu-anh,D15,Điểm thi THPT,2022,14.0,Ngôn ngữ Anh
157387,TKG,ngon-ngu-anh,D01,Điểm học bạ,2023,16.0,Ngôn ngữ Anh
157388,TKG,ngon-ngu-anh,D09,Điểm học bạ,2023,16.0,Ngôn ngữ Anh
157389,TKG,ngon-ngu-anh,D14,Điểm học bạ,2023,16.0,Ngôn ngữ Anh
157390,TKG,ngon-ngu-anh,D15,Điểm học bạ,2023,16.0,Ngôn ngữ Anh
157391,TKG,ngon-ngu-anh,D01,Điểm thi THPT,2023,15.0,Ngôn ngữ Anh
157392,TKG,ngon-ngu-anh,D09,Điểm thi THPT,2023,15.0,Ngôn ngữ Anh
157393,TKG,ngon-ngu-anh,D14,Điểm thi THPT,2023,15.0,Ngôn ngữ Anh
157394,TKG,ngon-ngu-anh,D15,Điểm thi THPT,2023,15.0,Ngôn ngữ Anh
157395,TKG,ngon-ngu-anh,D01,Điểm học bạ,2024,16.5,Ngôn ngữ Anh
157396,TKG,ngon-ngu-anh,D09,Điểm học bạ,2024,16.5,Ngôn ngữ Anh
157397,TKG,ngon-ngu-anh,D14,Điểm học bạ,2024,16.5,Ngôn ngữ Anh
157398,TKG,ngon-ngu-anh,D15,Điểm học bạ,2024,16.5,Ngôn ngữ Anh
157399,TKG,ngon-ngu-anh,D01,Điểm thi THPT,2024,15.75,Ngôn ngữ Anh
157400,TKG,ngon-ngu-anh,D09,Điểm thi THPT,2024,15.75,Ngôn ngữ Anh
157401,TKG,ngon-ngu-anh,D14,Điểm thi THPT,2024,15.75,Ngôn ngữ Anh
157402,TKG,ngon-ngu-anh,D15,Điểm thi THPT,2024,15.75,Ngôn ngữ Anh
157403,TKG,ngon-ngu-anh,D01,Điểm học bạ,2025,20.15,Ngôn ngữ Anh
157404,TKG,ngon-ngu-anh,D09,Điểm học bạ,2025,20.15,Ngôn ngữ Anh
157405,TKG,ngon-ngu-anh,D11,Điểm học bạ,2025,20.15,Ngôn ngữ Anh
157406,TKG,ngon-ngu-anh,D14,Điểm học bạ,2025,20.15,Ngôn ngữ Anh
157407,TKG,ngon-ngu-anh,D15,Điểm học bạ,2025,20.15,Ngôn ngữ Anh
157408,TKG,ngon-ngu-anh,D66,Điểm học bạ,2025,20.15,Ngôn ngữ Anh
157409,TKG,ngon-ngu-anh,X78,Điểm học bạ,2025,20.15,Ngôn ngữ Anh
157410,TKG,ngon-ngu-anh,D01,Điểm thi THPT,2025,16.0,Ngôn ngữ Anh
157411,TKG,ngon-ngu-anh,D09,Điểm thi THPT,2025,16.0,Ngôn ngữ Anh
157412,TKG,ngon-ngu-anh,D11,Điểm thi THPT,2025,16.0,Ngôn ngữ Anh
157413,TKG,ngon-ngu-anh,D14,Điểm thi THPT,2025,16.0,Ngôn ngữ Anh
157414,TKG,ngon-ngu-anh,D15,Điểm thi THPT,2025,16.0,Ngôn ngữ Anh
157415,TKG,ngon-ngu-anh,D66,Điểm thi THPT,2025,16.0,Ngôn ngữ Anh
157416,TKG,ngon-ngu-anh,X78,Điểm thi THPT,2025,16.0,Ngôn ngữ Anh
157417,TKG,nuoi-trong-thuy-san,A00,Điểm thi THPT,2021,14.0,Nuôi trồng thuỷ sản
157418,TKG,nuoi-trong-thuy-san,A01,Điểm thi THPT,2021,14.0,Nuôi trồng thuỷ sản
157419,TKG,nuoi-trong-thuy-san,B00,Điểm thi THPT,2021,14.0,Nuôi trồng thuỷ sản
157420,TKG,nuoi-trong-thuy-san,D07,Điểm thi THPT,2021,14.0,Nuôi trồng thuỷ sản
157421,TKG,nuoi-trong-thuy-san,A00,Điểm học bạ,2022,15.0,Nuôi trồng thủy sản
157422,TKG,nuoi-trong-thuy-san,B00,Điểm học bạ,2022,15.0,Nuôi trồng thủy sản
157423,TKG,nuoi-trong-thuy-san,B02,Điểm học bạ,2022,15.0,Nuôi trồng thủy sản
157424,TKG,nuoi-trong-thuy-san,C08,Điểm học bạ,2022,15.0,Nuôi trồng thủy sản
157425,TKG,nuoi-trong-thuy-san,A00,Điểm thi THPT,2022,14.0,Nuôi trồng thủy sản
157426,TKG,nuoi-trong-thuy-san,B00,Điểm thi THPT,2022,14.0,Nuôi trồng thủy sản
157427,TKG,nuoi-trong-thuy-san,B02,Điểm thi THPT,2022,14.0,Nuôi trồng thủy sản
157428,TKG,nuoi-trong-thuy-san,C08,Điểm thi THPT,2022,14.0,Nuôi trồng thủy sản
157429,TKG,nuoi-trong-thuy-san,A00,Điểm học bạ,2023,15.0,Nuôi trồng thủy sản
157430,TKG,nuoi-trong-thuy-san,B00,Điểm học bạ,2023,15.0,Nuôi trồng thủy sản
157431,TKG,nuoi-trong-thuy-san,B02,Điểm học bạ,2023,15.0,Nuôi trồng thủy sản
157432,TKG,nuoi-trong-thuy-san,C08,Điểm học bạ,2023,15.0,Nuôi trồng thủy sản
157433,TKG,nuoi-trong-thuy-san,A00,Điểm thi THPT,2023,14.0,Nuôi trồng thủy sản
157434,TKG,nuoi-trong-thuy-san,B00,Điểm thi THPT,2023,14.0,Nuôi trồng thủy sản
157435,TKG,nuoi-trong-thuy-san,B02,Điểm thi THPT,2023,14.0,Nuôi trồng thủy sản
157436,TKG,nuoi-trong-thuy-san,C08,Điểm thi THPT,2023,14.0,Nuôi trồng thủy sản
157437,TKG,nuoi-trong-thuy-san,A00,Điểm học bạ,2024,15.0,Nuôi trồng thủy sản
157438,TKG,nuoi-trong-thuy-san,B00,Điểm học bạ,2024,15.0,Nuôi trồng thủy sản
157439,TKG,nuoi-trong-thuy-san,B02,Điểm học bạ,2024,15.0,Nuôi trồng thủy sản
157440,TKG,nuoi-trong-thuy-san,C08,Điểm học bạ,2024,15.0,Nuôi trồng thủy sản
157441,TKG,nuoi-trong-thuy-san,A00,Điểm thi THPT,2024,17.5,Nuôi trồng thủy sản
157442,TKG,nuoi-trong-thuy-san,B00,Điểm thi THPT,2024,17.5,Nuôi trồng thủy sản
157443,TKG,nuoi-trong-thuy-san,B02,Điểm thi THPT,2024,17.5,Nuôi trồng thủy sản
157444,TKG,nuoi-trong-thuy-san,C08,Điểm thi THPT,2024,17.5,Nuôi trồng thủy sản
157445,TKG,nuoi-trong-thuy-san,A02,Điểm học bạ,2025,19.6,Nuôi trồng thủy sản
157446,TKG,nuoi-trong-thuy-san,B00,Điểm học bạ,2025,19.6,Nuôi trồng thủy sản
157447,TKG,nuoi-trong-thuy-san,B01,Điểm học bạ,2025,19.6,Nuôi trồng thủy sản
157448,TKG,nuoi-trong-thuy-san,B03,Điểm học bạ,2025,19.6,Nuôi trồng thủy sản
157449,TKG,nuoi-trong-thuy-san,B04,Điểm học bạ,2025,19.6,Nuôi trồng thủy sản
157450,TKG,nuoi-trong-thuy-san,B08,Điểm học bạ,2025,19.6,Nuôi trồng thủy sản
157451,TKG,nuoi-trong-thuy-san,A02,Điểm thi THPT,2025,15.0,Nuôi trồng thủy sản
157452,TKG,nuoi-trong-thuy-san,B00,Điểm thi THPT,2025,15.0,Nuôi trồng thủy sản
157453,TKG,nuoi-trong-thuy-san,B01,Điểm thi THPT,2025,15.0,Nuôi trồng thủy sản
157454,TKG,nuoi-trong-thuy-san,B03,Điểm thi THPT,2025,15.0,Nuôi trồng thủy sản
157455,TKG,nuoi-trong-thuy-san,B04,Điểm thi THPT,2025,15.0,Nuôi trồng thủy sản
157456,TKG,nuoi-trong-thuy-san,B08,Điểm thi THPT,2025,15.0,Nuôi trồng thủy sản
157457,TKG,quan-ly-tai-nguyen-moi-truong,A09,Điểm học bạ,2024,17.0,Quản lý tài nguyên môi trường
157458,TKG,quan-ly-tai-nguyen-moi-truong,B04,Điểm học bạ,2024,17.0,Quản lý tài nguyên môi trường
157459,TKG,quan-ly-tai-nguyen-moi-truong,C20,Điểm học bạ,2024,17.0,Quản lý tài nguyên môi trường
157460,TKG,quan-ly-tai-nguyen-moi-truong,D15,Điểm học bạ,2024,17.0,Quản lý tài nguyên môi trường
157461,TKG,quan-ly-tai-nguyen-moi-truong,A09,Điểm thi THPT,2024,17.0,Quản lý tài nguyên môi trường
157462,TKG,quan-ly-tai-nguyen-moi-truong,B04,Điểm thi THPT,2024,17.0,Quản lý tài nguyên môi trường
157463,TKG,quan-ly-tai-nguyen-moi-truong,C20,Điểm thi THPT,2024,17.0,Quản lý tài nguyên môi trường
157464,TKG,quan-ly-tai-nguyen-moi-truong,D15,Điểm thi THPT,2024,17.0,Quản lý tài nguyên môi trường
157465,TKG,quan-ly-tai-nguyen-va-moi-truong,A00,Điểm thi THPT,2021,14.0,Quản lý tài nguyên và môi trường
157466,TKG,quan-ly-tai-nguyen-va-moi-truong,A01,Điểm thi THPT,2021,14.0,Quản lý tài nguyên và môi trường
157467,TKG,quan-ly-tai-nguyen-va-moi-truong,B00,Điểm thi THPT,2021,14.0,Quản lý tài nguyên và môi trường
157468,TKG,quan-ly-tai-nguyen-va-moi-truong,D07,Điểm thi THPT,2021,14.0,Quản lý tài nguyên và môi trường
157469,TKG,quan-ly-tai-nguyen-va-moi-truong,A09,Điểm học bạ,2022,15.0,Quản lý tài nguyên và môi trường
157470,TKG,quan-ly-tai-nguyen-va-moi-truong,B04,Điểm học bạ,2022,15.0,Quản lý tài nguyên và môi trường
157471,TKG,quan-ly-tai-nguyen-va-moi-truong,C14,Điểm học bạ,2022,15.0,Quản lý tài nguyên và môi trường
157472,TKG,quan-ly-tai-nguyen-va-moi-truong,C20,Điểm học bạ,2022,15.0,Quản lý tài nguyên và môi trường
157473,TKG,quan-ly-tai-nguyen-va-moi-truong,A09,Điểm thi THPT,2022,14.0,Quản lý tài nguyên và môi trường
157474,TKG,quan-ly-tai-nguyen-va-moi-truong,B04,Điểm thi THPT,2022,14.0,Quản lý tài nguyên và môi trường
157475,TKG,quan-ly-tai-nguyen-va-moi-truong,C14,Điểm thi THPT,2022,14.0,Quản lý tài nguyên và môi trường
157476,TKG,quan-ly-tai-nguyen-va-moi-truong,C20,Điểm thi THPT,2022,14.0,Quản lý tài nguyên và môi trường
157477,TKG,quan-ly-tai-nguyen-va-moi-truong,A09,Điểm học bạ,2023,15.0,Quản lý tài nguyên và môi trường
157478,TKG,quan-ly-tai-nguyen-va-moi-truong,B04,Điểm học bạ,2023,15.0,Quản lý tài nguyên và môi trường
157479,TKG,quan-ly-tai-nguyen-va-moi-truong,C20,Điểm học bạ,2023,15.0,Quản lý tài nguyên và môi trường
157480,TKG,quan-ly-tai-nguyen-va-moi-truong,D15,Điểm học bạ,2023,15.0,Quản lý tài nguyên và môi trường
157481,TKG,quan-ly-tai-nguyen-va-moi-truong,A09,Điểm thi THPT,2023,14.0,Quản lý tài nguyên và môi trường
157482,TKG,quan-ly-tai-nguyen-va-moi-truong,B04,Điểm thi THPT,2023,14.0,Quản lý tài nguyên và môi trường
157483,TKG,quan-ly-tai-nguyen-va-moi-truong,C20,Điểm thi THPT,2023,14.0,Quản lý tài nguyên và môi trường
157484,TKG,quan-ly-tai-nguyen-va-moi-truong,D15,Điểm thi THPT,2023,14.0,Quản lý tài nguyên và môi trường
157485,TKG,quan-ly-tai-nguyen-va-moi-truong,A09,Điểm học bạ,2025,18.55,Quản lý tài nguyên và môi trường
157486,TKG,quan-ly-tai-nguyen-va-moi-truong,C00,Điểm học bạ,2025,18.55,Quản lý tài nguyên và môi trường
157487,TKG,quan-ly-tai-nguyen-va-moi-truong,C04,Điểm học bạ,2025,18.55,Quản lý tài nguyên và môi trường
157488,TKG,quan-ly-tai-nguyen-va-moi-truong,C20,Điểm học bạ,2025,18.55,Quản lý tài nguyên và môi trường
157489,TKG,quan-ly-tai-nguyen-va-moi-truong,D01,Điểm học bạ,2025,18.55,Quản lý tài nguyên và môi trường
157490,TKG,quan-ly-tai-nguyen-va-moi-truong,D15,Điểm học bạ,2025,18.55,Quản lý tài nguyên và môi trường
157491,TKG,quan-ly-tai-nguyen-va-moi-truong,X21,Điểm học bạ,2025,18.55,Quản lý tài nguyên và môi trường
157492,TKG,quan-ly-tai-nguyen-va-moi-truong,X74,Điểm học bạ,2025,18.55,Quản lý tài nguyên và môi trường
157493,TKG,quan-ly-tai-nguyen-va-moi-truong,A09,Điểm thi THPT,2025,15.0,Quản lý tài nguyên và môi trường
157494,TKG,quan-ly-tai-nguyen-va-moi-truong,C00,Điểm thi THPT,2025,15.0,Quản lý tài nguyên và môi trường
157495,TKG,quan-ly-tai-nguyen-va-moi-truong,C04,Điểm thi THPT,2025,15.0,Quản lý tài nguyên và môi trường
157496,TKG,quan-ly-tai-nguyen-va-moi-truong,C20,Điểm thi THPT,2025,15.0,Quản lý tài nguyên và môi trường
157497,TKG,quan-ly-tai-nguyen-va-moi-truong,D01,Điểm thi THPT,2025,15.0,Quản lý tài nguyên và môi trường
157498,TKG,quan-ly-tai-nguyen-va-moi-truong,D15,Điểm thi THPT,2025,15.0,Quản lý tài nguyên và môi trường
157499,TKG,quan-ly-tai-nguyen-va-moi-truong,X21,Điểm thi THPT,2025,15.0,Quản lý tài nguyên và môi trường
157500,TKG,quan-ly-tai-nguyen-va-moi-truong,X74,Điểm thi THPT,2025,15.0,Quản lý tài nguyên và môi trường
157501,TKG,quan-tri-kinh-doanh,A00,Điểm thi THPT,2021,16.0,Quản trị kinh doanh
157502,TKG,quan-tri-kinh-doanh,A01,Điểm thi THPT,2021,16.0,Quản trị kinh doanh
157503,TKG,quan-tri-kinh-doanh,D01,Điểm thi THPT,2021,16.0,Quản trị kinh doanh
157504,TKG,quan-tri-kinh-doanh,D07,Điểm thi THPT,2021,16.0,Quản trị kinh doanh
157505,TKG,quan-tri-kinh-doanh,A00,Điểm học bạ,2022,18.0,Quản trị kinh doanh
157506,TKG,quan-tri-kinh-doanh,A01,Điểm học bạ,2022,18.0,Quản trị kinh doanh
157507,TKG,quan-tri-kinh-doanh,D01,Điểm học bạ,2022,18.0,Quản trị kinh doanh
157508,TKG,quan-tri-kinh-doanh,D07,Điểm học bạ,2022,18.0,Quản trị kinh doanh
157509,TKG,quan-tri-kinh-doanh,A00,Điểm thi THPT,2022,14.0,Quản trị kinh doanh
157510,TKG,quan-tri-kinh-doanh,A01,Điểm thi THPT,2022,14.0,Quản trị kinh doanh
157511,TKG,quan-tri-kinh-doanh,D01,Điểm thi THPT,2022,14.0,Quản trị kinh doanh
157512,TKG,quan-tri-kinh-doanh,D07,Điểm thi THPT,2022,14.0,Quản trị kinh doanh
157513,TKG,quan-tri-kinh-doanh,A00,Điểm học bạ,2023,16.0,Quản trị kinh doanh
157514,TKG,quan-tri-kinh-doanh,A01,Điểm học bạ,2023,16.0,Quản trị kinh doanh
157515,TKG,quan-tri-kinh-doanh,D01,Điểm học bạ,2023,16.0,Quản trị kinh doanh
157516,TKG,quan-tri-kinh-doanh,D07,Điểm học bạ,2023,16.0,Quản trị kinh doanh
157517,TKG,quan-tri-kinh-doanh,A00,Điểm thi THPT,2023,15.0,Quản trị kinh doanh
157518,TKG,quan-tri-kinh-doanh,A01,Điểm thi THPT,2023,15.0,Quản trị kinh doanh
157519,TKG,quan-tri-kinh-doanh,D01,Điểm thi THPT,2023,15.0,Quản trị kinh doanh
157520,TKG,quan-tri-kinh-doanh,D07,Điểm thi THPT,2023,15.0,Quản trị kinh doanh
157521,TKG,quan-tri-kinh-doanh,A00,Điểm học bạ,2024,16.5,Quản trị kinh doanh
157522,TKG,quan-tri-kinh-doanh,A01,Điểm học bạ,2024,16.5,Quản trị kinh doanh
157523,TKG,quan-tri-kinh-doanh,D01,Điểm học bạ,2024,16.5,Quản trị kinh doanh
157524,TKG,quan-tri-kinh-doanh,D07,Điểm học bạ,2024,16.5,Quản trị kinh doanh
157525,TKG,quan-tri-kinh-doanh,A00,Điểm thi THPT,2024,14.95,Quản trị kinh doanh
157526,TKG,quan-tri-kinh-doanh,A01,Điểm thi THPT,2024,14.95,Quản trị kinh doanh
157527,TKG,quan-tri-kinh-doanh,D01,Điểm thi THPT,2024,14.95,Quản trị kinh doanh
157528,TKG,quan-tri-kinh-doanh,D07,Điểm thi THPT,2024,14.95,Quản trị kinh doanh
157529,TKG,quan-tri-kinh-doanh,A00,Điểm học bạ,2025,19.25,Quản trị kinh doanh
157530,TKG,quan-tri-kinh-doanh,A01,Điểm học bạ,2025,19.25,Quản trị kinh doanh
157531,TKG,quan-tri-kinh-doanh,A08,Điểm học bạ,2025,19.25,Quản trị kinh doanh
157532,TKG,quan-tri-kinh-doanh,A09,Điểm học bạ,2025,19.25,Quản trị kinh doanh
157533,TKG,quan-tri-kinh-doanh,D01,Điểm học bạ,2025,19.25,Quản trị kinh doanh
157534,TKG,quan-tri-kinh-doanh,D09,Điểm học bạ,2025,19.25,Quản trị kinh doanh
157535,TKG,quan-tri-kinh-doanh,X17,Điểm học bạ,2025,19.25,Quản trị kinh doanh
157536,TKG,quan-tri-kinh-doanh,X21,Điểm học bạ,2025,19.25,Quản trị kinh doanh
157537,TKG,quan-tri-kinh-doanh,A00,Điểm thi THPT,2025,15.5,Quản trị kinh doanh
157538,TKG,quan-tri-kinh-doanh,A01,Điểm thi THPT,2025,15.5,Quản trị kinh doanh
157539,TKG,quan-tri-kinh-doanh,A08,Điểm thi THPT,2025,15.5,Quản trị kinh doanh
157540,TKG,quan-tri-kinh-doanh,A09,Điểm thi THPT,2025,15.5,Quản trị kinh doanh
157541,TKG,quan-tri-kinh-doanh,D01,Điểm thi THPT,2025,15.5,Quản trị kinh doanh
157542,TKG,quan-tri-kinh-doanh,D09,Điểm thi THPT,2025,15.5,Quản trị kinh doanh
157543,TKG,quan-tri-kinh-doanh,X17,Điểm thi THPT,2025,15.5,Quản trị kinh doanh
157544,TKG,quan-tri-kinh-doanh,X21,Điểm thi THPT,2025,15.5,Quản trị kinh doanh
157545,TKG,su-pham-toan-hoc,A00,Điểm thi THPT,2021,19.0,Sư phạm toán học
157546,TKG,su-pham-toan-hoc,A01,Điểm thi THPT,2021,19.0,Sư phạm toán học
157547,TKG,su-pham-toan-hoc,D01,Điểm thi THPT,2021,19.0,Sư phạm toán học
157548,TKG,su-pham-toan-hoc,D07,Điểm thi THPT,2021,19.0,Sư phạm toán học
157549,TKG,su-pham-toan-hoc,A00,Điểm học bạ,2022,24.0,Sư phạm Toán học
157550,TKG,su-pham-toan-hoc,A01,Điểm học bạ,2022,24.0,Sư phạm Toán học
157551,TKG,su-pham-toan-hoc,D01,Điểm học bạ,2022,24.0,Sư phạm Toán học
157552,TKG,su-pham-toan-hoc,D07,Điểm học bạ,2022,24.0,Sư phạm Toán học
157553,TKG,su-pham-toan-hoc,A00,Điểm thi THPT,2022,19.0,Sư phạm Toán học
157554,TKG,su-pham-toan-hoc,A01,Điểm thi THPT,2022,19.0,Sư phạm Toán học
157555,TKG,su-pham-toan-hoc,D01,Điểm thi THPT,2022,19.0,Sư phạm Toán học
157556,TKG,su-pham-toan-hoc,D07,Điểm thi THPT,2022,19.0,Sư phạm Toán học
157557,TKG,su-pham-toan-hoc,A00,Điểm học bạ,2023,24.0,Sư phạm Toán học
157558,TKG,su-pham-toan-hoc,A01,Điểm học bạ,2023,24.0,Sư phạm Toán học
157559,TKG,su-pham-toan-hoc,D01,Điểm học bạ,2023,24.0,Sư phạm Toán học
157560,TKG,su-pham-toan-hoc,D07,Điểm học bạ,2023,24.0,Sư phạm Toán học
157561,TKG,su-pham-toan-hoc,A00,Điểm thi THPT,2023,24.44,Sư phạm Toán học
157562,TKG,su-pham-toan-hoc,A01,Điểm thi THPT,2023,24.44,Sư phạm Toán học
157563,TKG,su-pham-toan-hoc,D01,Điểm thi THPT,2023,24.44,Sư phạm Toán học
157564,TKG,su-pham-toan-hoc,D07,Điểm thi THPT,2023,24.44,Sư phạm Toán học
157565,TKG,su-pham-toan-hoc,A00,Điểm học bạ,2024,28.16,Sư phạm Toán học
157566,TKG,su-pham-toan-hoc,A01,Điểm học bạ,2024,28.16,Sư phạm Toán học
157567,TKG,su-pham-toan-hoc,D01,Điểm học bạ,2024,28.16,Sư phạm Toán học
157568,TKG,su-pham-toan-hoc,D07,Điểm học bạ,2024,28.16,Sư phạm Toán học
157569,TKG,su-pham-toan-hoc,A00,Điểm thi THPT,2024,25.88,Sư phạm Toán học
157570,TKG,su-pham-toan-hoc,A01,Điểm thi THPT,2024,25.88,Sư phạm Toán học
157571,TKG,su-pham-toan-hoc,D01,Điểm thi THPT,2024,25.88,Sư phạm Toán học
157572,TKG,su-pham-toan-hoc,D07,Điểm thi THPT,2024,25.88,Sư phạm Toán học
157573,TKG,su-pham-toan-hoc,A00,Điểm học bạ,2025,28.4,Sư phạm Toán học
157574,TKG,su-pham-toan-hoc,A01,Điểm học bạ,2025,28.4,Sư phạm Toán học
157575,TKG,su-pham-toan-hoc,A08,Điểm học bạ,2025,28.4,Sư phạm Toán học
157576,TKG,su-pham-toan-hoc,A09,Điểm học bạ,2025,28.4,Sư phạm Toán học
157577,TKG,su-pham-toan-hoc,D01,Điểm học bạ,2025,28.4,Sư phạm Toán học
157578,TKG,su-pham-toan-hoc,D09,Điểm học bạ,2025,28.4,Sư phạm Toán học
157579,TKG,su-pham-toan-hoc,X17,Điểm học bạ,2025,28.4,Sư phạm Toán học
157580,TKG,su-pham-toan-hoc,X21,Điểm học bạ,2025,28.4,Sư phạm Toán học
157581,TKG,su-pham-toan-hoc,A00,Điểm thi THPT,2025,24.85,Sư phạm Toán học
157582,TKG,su-pham-toan-hoc,A01,Điểm thi THPT,2025,24.85,Sư phạm Toán học
157583,TKG,su-pham-toan-hoc,A08,Điểm thi THPT,2025,24.85,Sư phạm Toán học
157584,TKG,su-pham-toan-hoc,A09,Điểm thi THPT,2025,24.85,Sư phạm Toán học
157585,TKG,su-pham-toan-hoc,D01,Điểm thi THPT,2025,24.85,Sư phạm Toán học
157586,TKG,su-pham-toan-hoc,D09,Điểm thi THPT,2025,24.85,Sư phạm Toán học
157587,TKG,su-pham-toan-hoc,X17,Điểm thi THPT,2025,24.85,Sư phạm Toán học
157588,TKG,su-pham-toan-hoc,X21,Điểm thi THPT,2025,24.85,Sư phạm Toán học
157589,TKG,tai-chinh-ngan-hang,A00,Điểm thi THPT,2021,14.0,Tài chính - Ngân hàng
157590,TKG,tai-chinh-ngan-hang,A01,Điểm thi THPT,2021,14.0,Tài chính - Ngân hàng
157591,TKG,tai-chinh-ngan-hang,D01,Điểm thi THPT,2021,14.0,Tài chính - Ngân hàng
157592,TKG,tai-chinh-ngan-hang,D07,Điểm thi THPT,2021,14.0,Tài chính - Ngân hàng
157593,TKG,tai-chinh-ngan-hang,A00,Điểm học bạ,2022,16.0,Tài chính - Ngân hàng
157594,TKG,tai-chinh-ngan-hang,A01,Điểm học bạ,2022,16.0,Tài chính - Ngân hàng
157595,TKG,tai-chinh-ngan-hang,C01,Điểm học bạ,2022,16.0,Tài chính - Ngân hàng
157596,TKG,tai-chinh-ngan-hang,D01,Điểm học bạ,2022,16.0,Tài chính - Ngân hàng
157597,TKG,tai-chinh-ngan-hang,A00,Điểm thi THPT,2022,14.0,Tài chính - Ngân hàng
157598,TKG,tai-chinh-ngan-hang,A01,Điểm thi THPT,2022,14.0,Tài chính - Ngân hàng
157599,TKG,tai-chinh-ngan-hang,C01,Điểm thi THPT,2022,14.0,Tài chính - Ngân hàng
157600,TKG,tai-chinh-ngan-hang,D01,Điểm thi THPT,2022,14.0,Tài chính - Ngân hàng
157601,TKG,tai-chinh-ngan-hang,A00,Điểm học bạ,2023,16.0,Tài chính - Ngân hàng
157602,TKG,tai-chinh-ngan-hang,A01,Điểm học bạ,2023,16.0,Tài chính - Ngân hàng
157603,TKG,tai-chinh-ngan-hang,C01,Điểm học bạ,2023,16.0,Tài chính - Ngân hàng
157604,TKG,tai-chinh-ngan-hang,D01,Điểm học bạ,2023,16.0,Tài chính - Ngân hàng
157605,TKG,tai-chinh-ngan-hang,A00,Điểm thi THPT,2023,15.0,Tài chính - Ngân hàng
157606,TKG,tai-chinh-ngan-hang,A01,Điểm thi THPT,2023,15.0,Tài chính - Ngân hàng
157607,TKG,tai-chinh-ngan-hang,C01,Điểm thi THPT,2023,15.0,Tài chính - Ngân hàng
157608,TKG,tai-chinh-ngan-hang,D01,Điểm thi THPT,2023,15.0,Tài chính - Ngân hàng
157609,TKG,tai-chinh-ngan-hang,A00,Điểm học bạ,2024,17.0,Tài chính ngân hàng
157610,TKG,tai-chinh-ngan-hang,A01,Điểm học bạ,2024,17.0,Tài chính ngân hàng
157611,TKG,tai-chinh-ngan-hang,D01,Điểm học bạ,2024,17.0,Tài chính ngân hàng
157612,TKG,tai-chinh-ngan-hang,D07,Điểm học bạ,2024,17.0,Tài chính ngân hàng
157613,TKG,tai-chinh-ngan-hang,A00,Điểm thi THPT,2024,15.05,Tài chính ngân hàng
157614,TKG,tai-chinh-ngan-hang,A01,Điểm thi THPT,2024,15.05,Tài chính ngân hàng
157615,TKG,tai-chinh-ngan-hang,D01,Điểm thi THPT,2024,15.05,Tài chính ngân hàng
157616,TKG,tai-chinh-ngan-hang,D07,Điểm thi THPT,2024,15.05,Tài chính ngân hàng
157617,TKG,tai-chinh-ngan-hang,A00,Điểm học bạ,2025,17.75,Tài chính - Ngân hàng
157618,TKG,tai-chinh-ngan-hang,A01,Điểm học bạ,2025,17.75,Tài chính - Ngân hàng
157619,TKG,tai-chinh-ngan-hang,A08,Điểm học bạ,2025,17.75,Tài chính - Ngân hàng
157620,TKG,tai-chinh-ngan-hang,A09,Điểm học bạ,2025,17.75,Tài chính - Ngân hàng
157621,TKG,tai-chinh-ngan-hang,D01,Điểm học bạ,2025,17.75,Tài chính - Ngân hàng
157622,TKG,tai-chinh-ngan-hang,D09,Điểm học bạ,2025,17.75,Tài chính - Ngân hàng
157623,TKG,tai-chinh-ngan-hang,X17,Điểm học bạ,2025,17.75,Tài chính - Ngân hàng
157624,TKG,tai-chinh-ngan-hang,X21,Điểm học bạ,2025,17.75,Tài chính - Ngân hàng
157625,TKG,tai-chinh-ngan-hang,A00,Điểm thi THPT,2025,15.0,Tài chính - Ngân hàng
157626,TKG,tai-chinh-ngan-hang,A01,Điểm thi THPT,2025,15.0,Tài chính - Ngân hàng
157627,TKG,tai-chinh-ngan-hang,A08,Điểm thi THPT,2025,15.0,Tài chính - Ngân hàng
157628,TKG,tai-chinh-ngan-hang,A09,Điểm thi THPT,2025,15.0,Tài chính - Ngân hàng
157629,TKG,tai-chinh-ngan-hang,D01,Điểm thi THPT,2025,15.0,Tài chính - Ngân hàng
157630,TKG,tai-chinh-ngan-hang,D09,Điểm thi THPT,2025,15.0,Tài chính - Ngân hàng
157631,TKG,tai-chinh-ngan-hang,X17,Điểm thi THPT,2025,15.0,Tài chính - Ngân hàng
157632,TKG,tai-chinh-ngan-hang,X21,Điểm thi THPT,2025,15.0,Tài chính - Ngân hàng
157633,TKG,thuong-mai-dien-tu,A00,Điểm học bạ,2024,17.0,Thương mại điện tử
157634,TKG,thuong-mai-dien-tu,A01,Điểm học bạ,2024,17.0,Thương mại điện tử
157635,TKG,thuong-mai-dien-tu,D01,Điểm học bạ,2024,17.0,Thương mại điện tử
157636,TKG,thuong-mai-dien-tu,D07,Điểm học bạ,2024,17.0,Thương mại điện tử
157637,TKG,thuong-mai-dien-tu,A00,Điểm thi THPT,2024,15.45,Thương mại điện tử
157638,TKG,thuong-mai-dien-tu,A01,Điểm thi THPT,2024,15.45,Thương mại điện tử
157639,TKG,thuong-mai-dien-tu,D01,Điểm thi THPT,2024,15.45,Thương mại điện tử
157640,TKG,thuong-mai-dien-tu,D07,Điểm thi THPT,2024,15.45,Thương mại điện tử
157641,TKG,thuong-mai-dien-tu,A00,Điểm học bạ,2025,18.1,Thương mại điện tử
157642,TKG,thuong-mai-dien-tu,A01,Điểm học bạ,2025,18.1,Thương mại điện tử
157643,TKG,thuong-mai-dien-tu,A08,Điểm học bạ,2025,18.1,Thương mại điện tử
157644,TKG,thuong-mai-dien-tu,A09,Điểm học bạ,2025,18.1,Thương mại điện tử
157645,TKG,thuong-mai-dien-tu,D01,Điểm học bạ,2025,18.1,Thương mại điện tử
157646,TKG,thuong-mai-dien-tu,D09,Điểm học bạ,2025,18.1,Thương mại điện tử
157647,TKG,thuong-mai-dien-tu,X17,Điểm học bạ,2025,18.1,Thương mại điện tử
157648,TKG,thuong-mai-dien-tu,X21,Điểm học bạ,2025,18.1,Thương mại điện tử
157649,TKG,thuong-mai-dien-tu,A00,Điểm thi THPT,2025,15.0,Thương mại điện tử
157650,TKG,thuong-mai-dien-tu,A01,Điểm thi THPT,2025,15.0,Thương mại điện tử
157651,TKG,thuong-mai-dien-tu,A08,Điểm thi THPT,2025,15.0,Thương mại điện tử
157652,TKG,thuong-mai-dien-tu,A09,Điểm thi THPT,2025,15.0,Thương mại điện tử
157653,TKG,thuong-mai-dien-tu,D01,Điểm thi THPT,2025,15.0,Thương mại điện tử
157654,TKG,thuong-mai-dien-tu,D09,Điểm thi THPT,2025,15.0,Thương mại điện tử
157655,TKG,thuong-mai-dien-tu,X17,Điểm thi THPT,2025,15.0,Thương mại điện tử
157656,TKG,thuong-mai-dien-tu,X21,Điểm thi THPT,2025,15.0,Thương mại điện tử
157657,TKG,tieng-viet-va-van-hoa-viet-nam,A00,Điểm thi THPT,2021,14.0,Tiếng việt và Văn hoá Việt Nam
157658,TKG,tieng-viet-va-van-hoa-viet-nam,A01,Điểm thi THPT,2021,14.0,Tiếng việt và Văn hoá Việt Nam
157659,TKG,tieng-viet-va-van-hoa-viet-nam,D01,Điểm thi THPT,2021,14.0,Tiếng việt và Văn hoá Việt Nam
157660,TKG,tieng-viet-va-van-hoa-viet-nam,D07,Điểm thi THPT,2021,14.0,Tiếng việt và Văn hoá Việt Nam
157661,TKG,tieng-viet-va-van-hoa-viet-nam,C00,Điểm học bạ,2022,16.0,Tiếng Việt và Văn hóa Việt Nam
157662,TKG,tieng-viet-va-van-hoa-viet-nam,D01,Điểm học bạ,2022,16.0,Tiếng Việt và Văn hóa Việt Nam
157663,TKG,tieng-viet-va-van-hoa-viet-nam,D14,Điểm học bạ,2022,16.0,Tiếng Việt và Văn hóa Việt Nam
157664,TKG,tieng-viet-va-van-hoa-viet-nam,D15,Điểm học bạ,2022,16.0,Tiếng Việt và Văn hóa Việt Nam
157665,TKG,tieng-viet-va-van-hoa-viet-nam,C00,Điểm thi THPT,2022,14.0,Tiếng Việt và Văn hóa Việt Nam
157666,TKG,tieng-viet-va-van-hoa-viet-nam,D01,Điểm thi THPT,2022,14.0,Tiếng Việt và Văn hóa Việt Nam
157667,TKG,tieng-viet-va-van-hoa-viet-nam,D14,Điểm thi THPT,2022,14.0,Tiếng Việt và Văn hóa Việt Nam
157668,TKG,tieng-viet-va-van-hoa-viet-nam,D15,Điểm thi THPT,2022,14.0,Tiếng Việt và Văn hóa Việt Nam
157669,TKG,tieng-viet-va-van-hoa-viet-nam,C00,Điểm học bạ,2023,16.0,Tiếng Việt và Văn hóa Việt Nam
157670,TKG,tieng-viet-va-van-hoa-viet-nam,D01,Điểm học bạ,2023,16.0,Tiếng Việt và Văn hóa Việt Nam
157671,TKG,tieng-viet-va-van-hoa-viet-nam,D14,Điểm học bạ,2023,16.0,Tiếng Việt và Văn hóa Việt Nam
157672,TKG,tieng-viet-va-van-hoa-viet-nam,D15,Điểm học bạ,2023,16.0,Tiếng Việt và Văn hóa Việt Nam
157673,TKG,tieng-viet-va-van-hoa-viet-nam,C00,Điểm thi THPT,2023,15.0,Tiếng Việt và văn hóa Việt Nam
157674,TKG,tieng-viet-va-van-hoa-viet-nam,D01,Điểm thi THPT,2023,15.0,Tiếng Việt và văn hóa Việt Nam
157675,TKG,tieng-viet-va-van-hoa-viet-nam,D14,Điểm thi THPT,2023,15.0,Tiếng Việt và văn hóa Việt Nam
157676,TKG,tieng-viet-va-van-hoa-viet-nam,D15,Điểm thi THPT,2023,15.0,Tiếng Việt và văn hóa Việt Nam
157677,TKG,tieng-viet-va-van-hoa-viet-nam,C00,Điểm học bạ,2024,17.0,Tiếng Việt và văn hóa Việt Nam
157678,TKG,tieng-viet-va-van-hoa-viet-nam,D01,Điểm học bạ,2024,17.0,Tiếng Việt và văn hóa Việt Nam
157679,TKG,tieng-viet-va-van-hoa-viet-nam,D14,Điểm học bạ,2024,17.0,Tiếng Việt và văn hóa Việt Nam
157680,TKG,tieng-viet-va-van-hoa-viet-nam,D15,Điểm học bạ,2024,17.0,Tiếng Việt và văn hóa Việt Nam
157681,TKG,tieng-viet-va-van-hoa-viet-nam,C00,Điểm thi THPT,2024,17.0,Tiếng Việt và văn hóa Việt Nam
157682,TKG,tieng-viet-va-van-hoa-viet-nam,D01,Điểm thi THPT,2024,17.0,Tiếng Việt và văn hóa Việt Nam
157683,TKG,tieng-viet-va-van-hoa-viet-nam,D14,Điểm thi THPT,2024,17.0,Tiếng Việt và văn hóa Việt Nam
157684,TKG,tieng-viet-va-van-hoa-viet-nam,D15,Điểm thi THPT,2024,17.0,Tiếng Việt và văn hóa Việt Nam
157685,TKG,tieng-viet-va-van-hoa-viet-nam,C00,Điểm học bạ,2025,24.21,Tiếng Việt và văn hóa Việt Nam
157686,TKG,tieng-viet-va-van-hoa-viet-nam,C03,Điểm học bạ,2025,24.21,Tiếng Việt và văn hóa Việt Nam
157687,TKG,tieng-viet-va-van-hoa-viet-nam,C14,Điểm học bạ,2025,24.21,Tiếng Việt và văn hóa Việt Nam
157688,TKG,tieng-viet-va-van-hoa-viet-nam,C19,Điểm học bạ,2025,24.21,Tiếng Việt và văn hóa Việt Nam
157689,TKG,tieng-viet-va-van-hoa-viet-nam,C20,Điểm học bạ,2025,24.21,Tiếng Việt và văn hóa Việt Nam
157690,TKG,tieng-viet-va-van-hoa-viet-nam,D01,Điểm học bạ,2025,24.21,Tiếng Việt và văn hóa Việt Nam
157691,TKG,tieng-viet-va-van-hoa-viet-nam,X01,Điểm học bạ,2025,24.21,Tiếng Việt và văn hóa Việt Nam
157692,TKG,tieng-viet-va-van-hoa-viet-nam,X70,Điểm học bạ,2025,24.21,Tiếng Việt và văn hóa Việt Nam
157693,TKG,tieng-viet-va-van-hoa-viet-nam,X74,Điểm học bạ,2025,24.21,Tiếng Việt và văn hóa Việt Nam
157694,TKG,tieng-viet-va-van-hoa-viet-nam,C00,Điểm thi THPT,2025,20.6,Tiếng Việt và văn hóa Việt Nam
157695,TKG,tieng-viet-va-van-hoa-viet-nam,C03,Điểm thi THPT,2025,20.6,Tiếng Việt và văn hóa Việt Nam
157696,TKG,tieng-viet-va-van-hoa-viet-nam,C14,Điểm thi THPT,2025,20.6,Tiếng Việt và văn hóa Việt Nam
157697,TKG,tieng-viet-va-van-hoa-viet-nam,C19,Điểm thi THPT,2025,20.6,Tiếng Việt và văn hóa Việt Nam
157698,TKG,tieng-viet-va-van-hoa-viet-nam,C20,Điểm thi THPT,2025,20.6,Tiếng Việt và văn hóa Việt Nam
157699,TKG,tieng-viet-va-van-hoa-viet-nam,D01,Điểm thi THPT,2025,20.6,Tiếng Việt và văn hóa Việt Nam
157700,TKG,tieng-viet-va-van-hoa-viet-nam,X01,Điểm thi THPT,2025,20.6,Tiếng Việt và văn hóa Việt Nam
157701,TKG,tieng-viet-va-van-hoa-viet-nam,X70,Điểm thi THPT,2025,20.6,Tiếng Việt và văn hóa Việt Nam
157702,TKG,tieng-viet-va-van-hoa-viet-nam,X74,Điểm thi THPT,2025,20.6,Tiếng Việt và văn hóa Việt Nam
157703,TKG,truyen-thong-da-phuong-tien,A00,Điểm học bạ,2024,18.0,Truyền thông đa phương tiện
157704,TKG,truyen-thong-da-phuong-tien,A01,Điểm học bạ,2024,18.0,Truyền thông đa phương tiện
157705,TKG,truyen-thong-da-phuong-tien,C00,Điểm học bạ,2024,18.0,Truyền thông đa phương tiện
157706,TKG,truyen-thong-da-phuong-tien,D01,Điểm học bạ,2024,18.0,Truyền thông đa phương tiện
157707,TKG,truyen-thong-da-phuong-tien,A00,Điểm thi THPT,2024,17.0,Truyền thông đa phương tiện
157708,TKG,truyen-thong-da-phuong-tien,A01,Điểm thi THPT,2024,17.0,Truyền thông đa phương tiện
157709,TKG,truyen-thong-da-phuong-tien,C00,Điểm thi THPT,2024,17.0,Truyền thông đa phương tiện
157710,TKG,truyen-thong-da-phuong-tien,D01,Điểm thi THPT,2024,17.0,Truyền thông đa phương tiện
157711,TKG,truyen-thong-da-phuong-tien,A00,Điểm học bạ,2025,21.8,Truyền thông đa phương tiện
157712,TKG,truyen-thong-da-phuong-tien,A01,Điểm học bạ,2025,21.8,Truyền thông đa phương tiện
157713,TKG,truyen-thong-da-phuong-tien,C00,Điểm học bạ,2025,21.8,Truyền thông đa phương tiện
157714,TKG,truyen-thong-da-phuong-tien,C14,Điểm học bạ,2025,21.8,Truyền thông đa phương tiện
157715,TKG,truyen-thong-da-phuong-tien,C20,Điểm học bạ,2025,21.8,Truyền thông đa phương tiện
157716,TKG,truyen-thong-da-phuong-tien,D01,Điểm học bạ,2025,21.8,Truyền thông đa phương tiện
157717,TKG,truyen-thong-da-phuong-tien,X01,Điểm học bạ,2025,21.8,Truyền thông đa phương tiện
157718,TKG,truyen-thong-da-phuong-tien,X74,Điểm học bạ,2025,21.8,Truyền thông đa phương tiện
157719,TKG,truyen-thong-da-phuong-tien,A00,Điểm thi THPT,2025,18.85,Truyền thông đa phương tiện
157720,TKG,truyen-thong-da-phuong-tien,A01,Điểm thi THPT,2025,18.85,Truyền thông đa phương tiện
157721,TKG,truyen-thong-da-phuong-tien,C00,Điểm thi THPT,2025,18.85,Truyền thông đa phương tiện
157722,TKG,truyen-thong-da-phuong-tien,C14,Điểm thi THPT,2025,18.85,Truyền thông đa phương tiện
157723,TKG,truyen-thong-da-phuong-tien,C20,Điểm thi THPT,2025,18.85,Truyền thông đa phương tiện
157724,TKG,truyen-thong-da-phuong-tien,D01,Điểm thi THPT,2025,18.85,Truyền thông đa phương tiện
157725,TKG,truyen-thong-da-phuong-tien,X01,Điểm thi THPT,2025,18.85,Truyền thông đa phương tiện
157726,TKG,truyen-thong-da-phuong-tien,X74,Điểm thi THPT,2025,18.85,Truyền thông đa phương tiện
157727,TLA,an-ninh-mang,A00,Điểm học bạ,2022,25.0,An ninh mạng
157728,TLA,an-ninh-mang,A01,Điểm học bạ,2022,25.0,An ninh mạng
157729,TLA,an-ninh-mang,D01,Điểm học bạ,2022,25.0,An ninh mạng
157730,TLA,an-ninh-mang,D07,Điểm học bạ,2022,25.0,An ninh mạng
157731,TLA,an-ninh-mang,A00,Điểm thi THPT,2022,25.25,An ninh mạng
157732,TLA,an-ninh-mang,A01,Điểm thi THPT,2022,25.25,An ninh mạng
157733,TLA,an-ninh-mang,D01,Điểm thi THPT,2022,25.25,An ninh mạng
157734,TLA,an-ninh-mang,D07,Điểm thi THPT,2022,25.25,An ninh mạng
157735,TLA,an-ninh-mang,A00,Điểm học bạ,2023,28.5,An ninh mạng
157736,TLA,an-ninh-mang,A01,Điểm học bạ,2023,28.5,An ninh mạng
157737,TLA,an-ninh-mang,D01,Điểm học bạ,2023,28.5,An ninh mạng
157738,TLA,an-ninh-mang,D07,Điểm học bạ,2023,28.5,An ninh mạng
157739,TLA,an-ninh-mang,A00,Điểm thi THPT,2023,24.21,An ninh mạng
157740,TLA,an-ninh-mang,A01,Điểm thi THPT,2023,24.21,An ninh mạng
157741,TLA,an-ninh-mang,D01,Điểm thi THPT,2023,24.21,An ninh mạng
157742,TLA,an-ninh-mang,D07,Điểm thi THPT,2023,24.21,An ninh mạng
157743,TLA,an-ninh-mang,A00,Điểm học bạ,2024,28.23,An ninh mạng
157744,TLA,an-ninh-mang,A01,Điểm học bạ,2024,28.23,An ninh mạng
157745,TLA,an-ninh-mang,D01,Điểm học bạ,2024,28.23,An ninh mạng
157746,TLA,an-ninh-mang,D07,Điểm học bạ,2024,28.23,An ninh mạng
157747,TLA,an-ninh-mang,A00,Điểm thi THPT,2024,24.17,An ninh mạng
157748,TLA,an-ninh-mang,A01,Điểm thi THPT,2024,24.17,An ninh mạng
157749,TLA,an-ninh-mang,D01,Điểm thi THPT,2024,24.17,An ninh mạng
157750,TLA,an-ninh-mang,D07,Điểm thi THPT,2024,24.17,An ninh mạng
157751,TLA,an-ninh-mang,A00,Điểm học bạ,2025,26.54,An ninh mạng
157752,TLA,an-ninh-mang,A01,Điểm học bạ,2025,26.54,An ninh mạng
157753,TLA,an-ninh-mang,C01,Điểm học bạ,2025,26.54,An ninh mạng
157754,TLA,an-ninh-mang,D01,Điểm học bạ,2025,26.54,An ninh mạng
157755,TLA,an-ninh-mang,D07,Điểm học bạ,2025,26.54,An ninh mạng
157756,TLA,an-ninh-mang,X02,Điểm học bạ,2025,26.54,An ninh mạng
157757,TLA,an-ninh-mang,X06,Điểm học bạ,2025,26.54,An ninh mạng
157758,TLA,an-ninh-mang,X26,Điểm học bạ,2025,26.54,An ninh mạng
157759,TLA,an-ninh-mang,A00,Điểm thi THPT,2025,22.04,An ninh mạng
157760,TLA,an-ninh-mang,A01,Điểm thi THPT,2025,22.04,An ninh mạng
157761,TLA,an-ninh-mang,C01,Điểm thi THPT,2025,22.04,An ninh mạng
157762,TLA,an-ninh-mang,D01,Điểm thi THPT,2025,22.04,An ninh mạng
157763,TLA,an-ninh-mang,D07,Điểm thi THPT,2025,22.04,An ninh mạng
157764,TLA,an-ninh-mang,X02,Điểm thi THPT,2025,22.04,An ninh mạng
157765,TLA,an-ninh-mang,X06,Điểm thi THPT,2025,22.04,An ninh mạng
157766,TLA,an-ninh-mang,X26,Điểm thi THPT,2025,22.04,An ninh mạng
157767,TLA,chuong-trinh-cong-nghe-tai-chinh,A00,Điểm học bạ,2025,24.36,Chương trình Công nghệ tài chính
157768,TLA,chuong-trinh-cong-nghe-tai-chinh,A01,Điểm học bạ,2025,24.36,Chương trình Công nghệ tài chính
157769,TLA,chuong-trinh-cong-nghe-tai-chinh,D01,Điểm học bạ,2025,24.36,Chương trình Công nghệ tài chính
157770,TLA,chuong-trinh-cong-nghe-tai-chinh,D07,Điểm học bạ,2025,24.36,Chương trình Công nghệ tài chính
157771,TLA,chuong-trinh-cong-nghe-tai-chinh,X02,Điểm học bạ,2025,24.36,Chương trình Công nghệ tài chính
157772,TLA,chuong-trinh-cong-nghe-tai-chinh,X26,Điểm học bạ,2025,24.36,Chương trình Công nghệ tài chính
157773,TLA,chuong-trinh-cong-nghe-tai-chinh,A00,Điểm thi THPT,2025,19.5,Chương trình Công nghệ tài chính
157774,TLA,chuong-trinh-cong-nghe-tai-chinh,A01,Điểm thi THPT,2025,19.5,Chương trình Công nghệ tài chính
157775,TLA,chuong-trinh-cong-nghe-tai-chinh,D01,Điểm thi THPT,2025,19.5,Chương trình Công nghệ tài chính
157776,TLA,chuong-trinh-cong-nghe-tai-chinh,D07,Điểm thi THPT,2025,19.5,Chương trình Công nghệ tài chính
157777,TLA,chuong-trinh-cong-nghe-tai-chinh,X02,Điểm thi THPT,2025,19.5,Chương trình Công nghệ tài chính
157778,TLA,chuong-trinh-cong-nghe-tai-chinh,X26,Điểm thi THPT,2025,19.5,Chương trình Công nghệ tài chính
157779,TLA,chuong-trinh-ke-toan-tich-hop-chung-chi-quoc-te,A00,Điểm học bạ,2025,22.82,Chương trình Kế toán tích hợp chứng chỉ quốc tể
157780,TLA,chuong-trinh-ke-toan-tich-hop-chung-chi-quoc-te,A01,Điểm học bạ,2025,22.82,Chương trình Kế toán tích hợp chứng chỉ quốc tể
157781,TLA,chuong-trinh-ke-toan-tich-hop-chung-chi-quoc-te,D01,Điểm học bạ,2025,22.82,Chương trình Kế toán tích hợp chứng chỉ quốc tể
157782,TLA,chuong-trinh-ke-toan-tich-hop-chung-chi-quoc-te,D07,Điểm học bạ,2025,22.82,Chương trình Kế toán tích hợp chứng chỉ quốc tể
157783,TLA,chuong-trinh-ke-toan-tich-hop-chung-chi-quoc-te,X02,Điểm học bạ,2025,22.82,Chương trình Kế toán tích hợp chứng chỉ quốc tể
157784,TLA,chuong-trinh-ke-toan-tich-hop-chung-chi-quoc-te,X26,Điểm học bạ,2025,22.82,Chương trình Kế toán tích hợp chứng chỉ quốc tể
157785,TLA,chuong-trinh-ke-toan-tich-hop-chung-chi-quoc-te,A00,Điểm thi THPT,2025,18.09,Chương trình Kế toán tích hợp chứng chỉ quốc Tế
157786,TLA,chuong-trinh-ke-toan-tich-hop-chung-chi-quoc-te,A01,Điểm thi THPT,2025,18.09,Chương trình Kế toán tích hợp chứng chỉ quốc Tế
157787,TLA,chuong-trinh-ke-toan-tich-hop-chung-chi-quoc-te,D01,Điểm thi THPT,2025,18.09,Chương trình Kế toán tích hợp chứng chỉ quốc Tế
157788,TLA,chuong-trinh-ke-toan-tich-hop-chung-chi-quoc-te,D07,Điểm thi THPT,2025,18.09,Chương trình Kế toán tích hợp chứng chỉ quốc Tế
157789,TLA,chuong-trinh-ke-toan-tich-hop-chung-chi-quoc-te,X02,Điểm thi THPT,2025,18.09,Chương trình Kế toán tích hợp chứng chỉ quốc Tế
157790,TLA,chuong-trinh-ke-toan-tich-hop-chung-chi-quoc-te,X26,Điểm thi THPT,2025,18.09,Chương trình Kế toán tích hợp chứng chỉ quốc Tế
157791,TLA,cong-nghe-che-tao-may,A00,Điểm học bạ,2025,25.43,"Công nghệ chế tạo máy (Công nghệ sản xuất tiên tiến, tự động hóa thiết kế cơ khí)"
157792,TLA,cong-nghe-che-tao-may,A01,Điểm học bạ,2025,25.43,"Công nghệ chế tạo máy (Công nghệ sản xuất tiên tiến, tự động hóa thiết kế cơ khí)"
157793,TLA,cong-nghe-che-tao-may,C01,Điểm học bạ,2025,25.43,"Công nghệ chế tạo máy (Công nghệ sản xuất tiên tiến, tự động hóa thiết kế cơ khí)"
157794,TLA,cong-nghe-che-tao-may,D01,Điểm học bạ,2025,25.43,"Công nghệ chế tạo máy (Công nghệ sản xuất tiên tiến, tự động hóa thiết kế cơ khí)"
157795,TLA,cong-nghe-che-tao-may,D07,Điểm học bạ,2025,25.43,"Công nghệ chế tạo máy (Công nghệ sản xuất tiên tiến, tự động hóa thiết kế cơ khí)"
157796,TLA,cong-nghe-che-tao-may,X02,Điểm học bạ,2025,25.43,"Công nghệ chế tạo máy (Công nghệ sản xuất tiên tiến, tự động hóa thiết kế cơ khí)"
157797,TLA,cong-nghe-che-tao-may,X06,Điểm học bạ,2025,25.43,"Công nghệ chế tạo máy (Công nghệ sản xuất tiên tiến, tự động hóa thiết kế cơ khí)"
157798,TLA,cong-nghe-che-tao-may,X26,Điểm học bạ,2025,25.43,"Công nghệ chế tạo máy (Công nghệ sản xuất tiên tiến, tự động hóa thiết kế cơ khí)"
157799,TLA,cong-nghe-che-tao-may,A00,Điểm thi THPT,2025,20.75,"Công nghệ chế tạo máy (Công nghệ sản xuất tiên tiến, tự động hóa thiết kế cơ khí)"
157800,TLA,cong-nghe-che-tao-may,A01,Điểm thi THPT,2025,20.75,"Công nghệ chế tạo máy (Công nghệ sản xuất tiên tiến, tự động hóa thiết kế cơ khí)"
157801,TLA,cong-nghe-che-tao-may,C01,Điểm thi THPT,2025,20.75,"Công nghệ chế tạo máy (Công nghệ sản xuất tiên tiến, tự động hóa thiết kế cơ khí)"
157802,TLA,cong-nghe-che-tao-may,D01,Điểm thi THPT,2025,20.75,"Công nghệ chế tạo máy (Công nghệ sản xuất tiên tiến, tự động hóa thiết kế cơ khí)"
157803,TLA,cong-nghe-che-tao-may,D07,Điểm thi THPT,2025,20.75,"Công nghệ chế tạo máy (Công nghệ sản xuất tiên tiến, tự động hóa thiết kế cơ khí)"
157804,TLA,cong-nghe-che-tao-may,X02,Điểm thi THPT,2025,20.75,"Công nghệ chế tạo máy (Công nghệ sản xuất tiên tiến, tự động hóa thiết kế cơ khí)"
157805,TLA,cong-nghe-che-tao-may,X06,Điểm thi THPT,2025,20.75,"Công nghệ chế tạo máy (Công nghệ sản xuất tiên tiến, tự động hóa thiết kế cơ khí)"
157806,TLA,cong-nghe-che-tao-may,X26,Điểm thi THPT,2025,20.75,"Công nghệ chế tạo máy (Công nghệ sản xuất tiên tiến, tự động hóa thiết kế cơ khí)"
157807,TLA,cong-nghe-ky-thuat-xay-dung,A00,Điểm học bạ,2021,18.13,Công nghệ kỹ thuật xây dựng
157808,TLA,cong-nghe-ky-thuat-xay-dung,A01,Điểm học bạ,2021,18.13,Công nghệ kỹ thuật xây dựng
157809,TLA,cong-nghe-ky-thuat-xay-dung,D01,Điểm học bạ,2021,18.13,Công nghệ kỹ thuật xây dựng
157810,TLA,cong-nghe-ky-thuat-xay-dung,D07,Điểm học bạ,2021,18.13,Công nghệ kỹ thuật xây dựng
157811,TLA,cong-nghe-ky-thuat-xay-dung,A00,Điểm thi THPT,2021,16.15,Công nghệ kỹ thuật xây dựng
157812,TLA,cong-nghe-ky-thuat-xay-dung,A01,Điểm thi THPT,2021,16.15,Công nghệ kỹ thuật xây dựng
157813,TLA,cong-nghe-ky-thuat-xay-dung,D01,Điểm thi THPT,2021,16.15,Công nghệ kỹ thuật xây dựng
157814,TLA,cong-nghe-ky-thuat-xay-dung,D07,Điểm thi THPT,2021,16.15,Công nghệ kỹ thuật xây dựng
157815,TLA,cong-nghe-ky-thuat-xay-dung,A00,Điểm học bạ,2022,19.1,Công nghệ kỹ thuật xây dựng
157816,TLA,cong-nghe-ky-thuat-xay-dung,A01,Điểm học bạ,2022,19.1,Công nghệ kỹ thuật xây dựng
157817,TLA,cong-nghe-ky-thuat-xay-dung,D01,Điểm học bạ,2022,19.1,Công nghệ kỹ thuật xây dựng
157818,TLA,cong-nghe-ky-thuat-xay-dung,D07,Điểm học bạ,2022,19.1,Công nghệ kỹ thuật xây dựng
157819,TLA,cong-nghe-ky-thuat-xay-dung,A00,Điểm thi THPT,2022,21.75,Công nghệ kỹ thuật xây dựng
157820,TLA,cong-nghe-ky-thuat-xay-dung,A01,Điểm thi THPT,2022,21.75,Công nghệ kỹ thuật xây dựng
157821,TLA,cong-nghe-ky-thuat-xay-dung,D01,Điểm thi THPT,2022,21.75,Công nghệ kỹ thuật xây dựng
157822,TLA,cong-nghe-ky-thuat-xay-dung,D07,Điểm thi THPT,2022,21.75,Công nghệ kỹ thuật xây dựng
157823,TLA,cong-nghe-ky-thuat-xay-dung,A00,Điểm học bạ,2023,24.0,Công nghệ kỹ thuật xây dựng
157824,TLA,cong-nghe-ky-thuat-xay-dung,A01,Điểm học bạ,2023,24.0,Công nghệ kỹ thuật xây dựng
157825,TLA,cong-nghe-ky-thuat-xay-dung,D01,Điểm học bạ,2023,24.0,Công nghệ kỹ thuật xây dựng
157826,TLA,cong-nghe-ky-thuat-xay-dung,D07,Điểm học bạ,2023,24.0,Công nghệ kỹ thuật xây dựng
157827,TLA,cong-nghe-ky-thuat-xay-dung,A00,Điểm thi THPT,2023,22.45,Công nghệ kỹ thuật xây dựng
157828,TLA,cong-nghe-ky-thuat-xay-dung,A01,Điểm thi THPT,2023,22.45,Công nghệ kỹ thuật xây dựng
157829,TLA,cong-nghe-ky-thuat-xay-dung,D01,Điểm thi THPT,2023,22.45,Công nghệ kỹ thuật xây dựng
157830,TLA,cong-nghe-ky-thuat-xay-dung,D07,Điểm thi THPT,2023,22.45,Công nghệ kỹ thuật xây dựng
157831,TLA,cong-nghe-ky-thuat-xay-dung,A00,Điểm học bạ,2024,24.0,Công nghệ kỹ thuật xây dựng
157832,TLA,cong-nghe-ky-thuat-xay-dung,A01,Điểm học bạ,2024,24.0,Công nghệ kỹ thuật xây dựng
157833,TLA,cong-nghe-ky-thuat-xay-dung,D01,Điểm học bạ,2024,24.0,Công nghệ kỹ thuật xây dựng
157834,TLA,cong-nghe-ky-thuat-xay-dung,D07,Điểm học bạ,2024,24.0,Công nghệ kỹ thuật xây dựng
157835,TLA,cong-nghe-ky-thuat-xay-dung,A00,Điểm thi THPT,2024,23.0,Công nghệ kỹ thuật xây dựng
157836,TLA,cong-nghe-ky-thuat-xay-dung,A01,Điểm thi THPT,2024,23.0,Công nghệ kỹ thuật xây dựng
157837,TLA,cong-nghe-ky-thuat-xay-dung,D01,Điểm thi THPT,2024,23.0,Công nghệ kỹ thuật xây dựng
157838,TLA,cong-nghe-ky-thuat-xay-dung,D07,Điểm thi THPT,2024,23.0,Công nghệ kỹ thuật xây dựng
157839,TLA,cong-nghe-ky-thuat-xay-dung,A00,Điểm học bạ,2025,24.34,Công nghệ kỹ thuật xây dựng
157840,TLA,cong-nghe-ky-thuat-xay-dung,A01,Điểm học bạ,2025,24.34,Công nghệ kỹ thuật xây dựng
157841,TLA,cong-nghe-ky-thuat-xay-dung,C01,Điểm học bạ,2025,24.34,Công nghệ kỹ thuật xây dựng
157842,TLA,cong-nghe-ky-thuat-xay-dung,C02,Điểm học bạ,2025,24.34,Công nghệ kỹ thuật xây dựng
157843,TLA,cong-nghe-ky-thuat-xay-dung,D01,Điểm học bạ,2025,24.34,Công nghệ kỹ thuật xây dựng
157844,TLA,cong-nghe-ky-thuat-xay-dung,D07,Điểm học bạ,2025,24.34,Công nghệ kỹ thuật xây dựng
157845,TLA,cong-nghe-ky-thuat-xay-dung,X02,Điểm học bạ,2025,24.34,Công nghệ kỹ thuật xây dựng
157846,TLA,cong-nghe-ky-thuat-xay-dung,X06,Điểm học bạ,2025,24.34,Công nghệ kỹ thuật xây dựng
157847,TLA,cong-nghe-ky-thuat-xay-dung,A00,Điểm thi THPT,2025,19.48,Công nghệ kỹ thuật xây dựng
157848,TLA,cong-nghe-ky-thuat-xay-dung,A01,Điểm thi THPT,2025,19.48,Công nghệ kỹ thuật xây dựng
157849,TLA,cong-nghe-ky-thuat-xay-dung,C01,Điểm thi THPT,2025,19.48,Công nghệ kỹ thuật xây dựng
157850,TLA,cong-nghe-ky-thuat-xay-dung,C02,Điểm thi THPT,2025,19.48,Công nghệ kỹ thuật xây dựng
157851,TLA,cong-nghe-ky-thuat-xay-dung,D01,Điểm thi THPT,2025,19.48,Công nghệ kỹ thuật xây dựng
157852,TLA,cong-nghe-ky-thuat-xay-dung,D07,Điểm thi THPT,2025,19.48,Công nghệ kỹ thuật xây dựng
157853,TLA,cong-nghe-ky-thuat-xay-dung,X02,Điểm thi THPT,2025,19.48,Công nghệ kỹ thuật xây dựng
157854,TLA,cong-nghe-ky-thuat-xay-dung,X06,Điểm thi THPT,2025,19.48,Công nghệ kỹ thuật xây dựng
157855,TLA,cong-nghe-sinh-hoc,A00,Điểm học bạ,2021,18.07,Công nghệ sinh học
157856,TLA,cong-nghe-sinh-hoc,A02,Điểm học bạ,2021,18.07,Công nghệ sinh học
157857,TLA,cong-nghe-sinh-hoc,B00,Điểm học bạ,2021,18.07,Công nghệ sinh học
157858,TLA,cong-nghe-sinh-hoc,D08,Điểm học bạ,2021,18.07,Công nghệ sinh học
157859,TLA,cong-nghe-sinh-hoc,A00,Điểm thi THPT,2021,16.05,Công nghệ sinh học
157860,TLA,cong-nghe-sinh-hoc,A02,Điểm thi THPT,2021,16.05,Công nghệ sinh học
157861,TLA,cong-nghe-sinh-hoc,B00,Điểm thi THPT,2021,16.05,Công nghệ sinh học
157862,TLA,cong-nghe-sinh-hoc,D08,Điểm thi THPT,2021,16.05,Công nghệ sinh học
157863,TLA,cong-nghe-sinh-hoc,A00,Điểm học bạ,2022,19.18,Công nghệ sinh học
157864,TLA,cong-nghe-sinh-hoc,A02,Điểm học bạ,2022,19.18,Công nghệ sinh học
157865,TLA,cong-nghe-sinh-hoc,B00,Điểm học bạ,2022,19.18,Công nghệ sinh học
157866,TLA,cong-nghe-sinh-hoc,D08,Điểm học bạ,2022,19.18,Công nghệ sinh học
157867,TLA,cong-nghe-sinh-hoc,A00,Điểm thi THPT,2022,18.2,Công nghệ sinh học
157868,TLA,cong-nghe-sinh-hoc,A02,Điểm thi THPT,2022,18.2,Công nghệ sinh học
157869,TLA,cong-nghe-sinh-hoc,B00,Điểm thi THPT,2022,18.2,Công nghệ sinh học
157870,TLA,cong-nghe-sinh-hoc,D08,Điểm thi THPT,2022,18.2,Công nghệ sinh học
157871,TLA,cong-nghe-sinh-hoc,A00,Điểm học bạ,2023,25.0,Công nghệ sinh học
157872,TLA,cong-nghe-sinh-hoc,A02,Điểm học bạ,2023,25.0,Công nghệ sinh học
157873,TLA,cong-nghe-sinh-hoc,B00,Điểm học bạ,2023,25.0,Công nghệ sinh học
157874,TLA,cong-nghe-sinh-hoc,D08,Điểm học bạ,2023,25.0,Công nghệ sinh học
157875,TLA,cong-nghe-sinh-hoc,A00,Điểm thi THPT,2023,20.95,Công nghệ sinh học
157876,TLA,cong-nghe-sinh-hoc,A02,Điểm thi THPT,2023,20.95,Công nghệ sinh học
157877,TLA,cong-nghe-sinh-hoc,B00,Điểm thi THPT,2023,20.95,Công nghệ sinh học
157878,TLA,cong-nghe-sinh-hoc,D08,Điểm thi THPT,2023,20.95,Công nghệ sinh học
157879,TLA,cong-nghe-sinh-hoc,A00,Điểm học bạ,2024,23.55,Công nghệ sinh học
157880,TLA,cong-nghe-sinh-hoc,A02,Điểm học bạ,2024,23.55,Công nghệ sinh học
157881,TLA,cong-nghe-sinh-hoc,B00,Điểm học bạ,2024,23.55,Công nghệ sinh học
157882,TLA,cong-nghe-sinh-hoc,D08,Điểm học bạ,2024,23.55,Công nghệ sinh học
157883,TLA,cong-nghe-sinh-hoc,A00,Điểm thi THPT,2024,23.14,Công nghệ sinh học
157884,TLA,cong-nghe-sinh-hoc,A02,Điểm thi THPT,2024,23.14,Công nghệ sinh học
157885,TLA,cong-nghe-sinh-hoc,B00,Điểm thi THPT,2024,23.14,Công nghệ sinh học
157886,TLA,cong-nghe-sinh-hoc,D08,Điểm thi THPT,2024,23.14,Công nghệ sinh học
157887,TLA,cong-nghe-sinh-hoc,A02,Điểm học bạ,2025,23.72,Công nghệ sinh học
157888,TLA,cong-nghe-sinh-hoc,B00,Điểm học bạ,2025,23.72,Công nghệ sinh học
157889,TLA,cong-nghe-sinh-hoc,B01,Điểm học bạ,2025,23.72,Công nghệ sinh học
157890,TLA,cong-nghe-sinh-hoc,B02,Điểm học bạ,2025,23.72,Công nghệ sinh học
157891,TLA,cong-nghe-sinh-hoc,B03,Điểm học bạ,2025,23.72,Công nghệ sinh học
157892,TLA,cong-nghe-sinh-hoc,D08,Điểm học bạ,2025,23.72,Công nghệ sinh học
157893,TLA,cong-nghe-sinh-hoc,X13,Điểm học bạ,2025,23.72,Công nghệ sinh học
157894,TLA,cong-nghe-sinh-hoc,X14,Điểm học bạ,2025,23.72,Công nghệ sinh học
157895,TLA,cong-nghe-sinh-hoc,A02,Điểm thi THPT,2025,18.76,Công nghệ sinh học
157896,TLA,cong-nghe-sinh-hoc,B00,Điểm thi THPT,2025,18.76,Công nghệ sinh học
157897,TLA,cong-nghe-sinh-hoc,B01,Điểm thi THPT,2025,18.76,Công nghệ sinh học
157898,TLA,cong-nghe-sinh-hoc,B02,Điểm thi THPT,2025,18.76,Công nghệ sinh học
157899,TLA,cong-nghe-sinh-hoc,B03,Điểm thi THPT,2025,18.76,Công nghệ sinh học
157900,TLA,cong-nghe-sinh-hoc,D08,Điểm thi THPT,2025,18.76,Công nghệ sinh học
157901,TLA,cong-nghe-sinh-hoc,X13,Điểm thi THPT,2025,18.76,Công nghệ sinh học
157902,TLA,cong-nghe-sinh-hoc,X14,Điểm thi THPT,2025,18.76,Công nghệ sinh học
157903,TLA,cong-nghe-thong-tin,A00,Điểm học bạ,2021,25.5,Công nghệ thông tin
157904,TLA,cong-nghe-thong-tin,A01,Điểm học bạ,2021,25.5,Công nghệ thông tin
157905,TLA,cong-nghe-thong-tin,D01,Điểm học bạ,2021,25.5,Công nghệ thông tin
157906,TLA,cong-nghe-thong-tin,D07,Điểm học bạ,2021,25.5,Công nghệ thông tin
157907,TLA,cong-nghe-thong-tin,A00,Điểm thi THPT,2021,25.25,Công nghệ thông tin
157908,TLA,cong-nghe-thong-tin,A01,Điểm thi THPT,2021,25.25,Công nghệ thông tin
157909,TLA,cong-nghe-thong-tin,D01,Điểm thi THPT,2021,25.25,Công nghệ thông tin
157910,TLA,cong-nghe-thong-tin,D07,Điểm thi THPT,2021,25.25,Công nghệ thông tin
157911,TLA,cong-nghe-thong-tin,A00,Điểm học bạ,2022,27.0,Công nghệ thông tin
157912,TLA,cong-nghe-thong-tin,A01,Điểm học bạ,2022,27.0,Công nghệ thông tin
157913,TLA,cong-nghe-thong-tin,D01,Điểm học bạ,2022,27.0,Công nghệ thông tin
157914,TLA,cong-nghe-thong-tin,D07,Điểm học bạ,2022,27.0,Công nghệ thông tin
157915,TLA,cong-nghe-thong-tin,A00,Điểm thi THPT,2022,26.6,Công nghệ thông tin
157916,TLA,cong-nghe-thong-tin,A01,Điểm thi THPT,2022,26.6,Công nghệ thông tin
157917,TLA,cong-nghe-thong-tin,D01,Điểm thi THPT,2022,26.6,Công nghệ thông tin
157918,TLA,cong-nghe-thong-tin,D07,Điểm thi THPT,2022,26.6,Công nghệ thông tin
157919,TLA,cong-nghe-thong-tin,A00,Điểm học bạ,2023,29.5,Công nghệ thông tin
157920,TLA,cong-nghe-thong-tin,A01,Điểm học bạ,2023,29.5,Công nghệ thông tin
157921,TLA,cong-nghe-thong-tin,D01,Điểm học bạ,2023,29.5,Công nghệ thông tin
157922,TLA,cong-nghe-thong-tin,D07,Điểm học bạ,2023,29.5,Công nghệ thông tin
157923,TLA,cong-nghe-thong-tin,A00,Điểm thi THPT,2023,25.89,Công nghệ thông tin
157924,TLA,cong-nghe-thong-tin,A01,Điểm thi THPT,2023,25.89,Công nghệ thông tin
157925,TLA,cong-nghe-thong-tin,D01,Điểm thi THPT,2023,25.89,Công nghệ thông tin
157926,TLA,cong-nghe-thong-tin,D07,Điểm thi THPT,2023,25.89,Công nghệ thông tin
157927,TLA,cong-nghe-thong-tin,A00,Điểm học bạ,2024,29.0,Công nghệ thông tin
157928,TLA,cong-nghe-thong-tin,A01,Điểm học bạ,2024,29.0,Công nghệ thông tin
157929,TLA,cong-nghe-thong-tin,D01,Điểm học bạ,2024,29.0,Công nghệ thông tin
157930,TLA,cong-nghe-thong-tin,D07,Điểm học bạ,2024,29.0,Công nghệ thông tin
157931,TLA,cong-nghe-thong-tin,A00,Điểm thi THPT,2024,25.25,Công nghệ thông tin
157932,TLA,cong-nghe-thong-tin,A01,Điểm thi THPT,2024,25.25,Công nghệ thông tin
157933,TLA,cong-nghe-thong-tin,D01,Điểm thi THPT,2024,25.25,Công nghệ thông tin
157934,TLA,cong-nghe-thong-tin,D07,Điểm thi THPT,2024,25.25,Công nghệ thông tin
157935,TLA,cong-nghe-thong-tin,A00,Điểm học bạ,2025,27.89,Công nghệ thông tin
157936,TLA,cong-nghe-thong-tin,A01,Điểm học bạ,2025,27.89,Công nghệ thông tin
157937,TLA,cong-nghe-thong-tin,C01,Điểm học bạ,2025,27.89,Công nghệ thông tin
157938,TLA,cong-nghe-thong-tin,D01,Điểm học bạ,2025,27.89,Công nghệ thông tin
157939,TLA,cong-nghe-thong-tin,D07,Điểm học bạ,2025,27.89,Công nghệ thông tin
157940,TLA,cong-nghe-thong-tin,X02,Điểm học bạ,2025,27.89,Công nghệ thông tin
157941,TLA,cong-nghe-thong-tin,X06,Điểm học bạ,2025,27.89,Công nghệ thông tin
157942,TLA,cong-nghe-thong-tin,X26,Điểm học bạ,2025,27.89,Công nghệ thông tin
157943,TLA,cong-nghe-thong-tin,A00,Điểm thi THPT,2025,23.23,Công nghệ thông tin
157944,TLA,cong-nghe-thong-tin,A01,Điểm thi THPT,2025,23.23,Công nghệ thông tin
157945,TLA,cong-nghe-thong-tin,C01,Điểm thi THPT,2025,23.23,Công nghệ thông tin
157946,TLA,cong-nghe-thong-tin,D01,Điểm thi THPT,2025,23.23,Công nghệ thông tin
157947,TLA,cong-nghe-thong-tin,D07,Điểm thi THPT,2025,23.23,Công nghệ thông tin
157948,TLA,cong-nghe-thong-tin,X02,Điểm thi THPT,2025,23.23,Công nghệ thông tin
157949,TLA,cong-nghe-thong-tin,X06,Điểm thi THPT,2025,23.23,Công nghệ thông tin
157950,TLA,cong-nghe-thong-tin,X26,Điểm thi THPT,2025,23.23,Công nghệ thông tin
157951,TLA,he-thong-thong-tin,A00,Điểm học bạ,2021,24.0,Hệ thống thông tin
157952,TLA,he-thong-thong-tin,A01,Điểm học bạ,2021,24.0,Hệ thống thông tin
157953,TLA,he-thong-thong-tin,D01,Điểm học bạ,2021,24.0,Hệ thống thông tin
157954,TLA,he-thong-thong-tin,D07,Điểm học bạ,2021,24.0,Hệ thống thông tin
157955,TLA,he-thong-thong-tin,A00,Điểm thi THPT,2021,24.45,Hệ thống thông tin
157956,TLA,he-thong-thong-tin,A01,Điểm thi THPT,2021,24.45,Hệ thống thông tin
157957,TLA,he-thong-thong-tin,D01,Điểm thi THPT,2021,24.45,Hệ thống thông tin
157958,TLA,he-thong-thong-tin,D07,Điểm thi THPT,2021,24.45,Hệ thống thông tin
157959,TLA,he-thong-thong-tin,A00,Điểm học bạ,2022,24.5,Hệ thống thông tin
157960,TLA,he-thong-thong-tin,A01,Điểm học bạ,2022,24.5,Hệ thống thông tin
157961,TLA,he-thong-thong-tin,D01,Điểm học bạ,2022,24.5,Hệ thống thông tin
157962,TLA,he-thong-thong-tin,D07,Điểm học bạ,2022,24.5,Hệ thống thông tin
157963,TLA,he-thong-thong-tin,A00,Điểm thi THPT,2022,25.55,Hệ thống thông tin
157964,TLA,he-thong-thong-tin,A01,Điểm thi THPT,2022,25.55,Hệ thống thông tin
157965,TLA,he-thong-thong-tin,D01,Điểm thi THPT,2022,25.55,Hệ thống thông tin
157966,TLA,he-thong-thong-tin,D07,Điểm thi THPT,2022,25.55,Hệ thống thông tin
157967,TLA,he-thong-thong-tin,A00,Điểm học bạ,2023,28.51,Hệ thống thông tin
157968,TLA,he-thong-thong-tin,A01,Điểm học bạ,2023,28.51,Hệ thống thông tin
157969,TLA,he-thong-thong-tin,D01,Điểm học bạ,2023,28.51,Hệ thống thông tin
157970,TLA,he-thong-thong-tin,D07,Điểm học bạ,2023,28.51,Hệ thống thông tin
157971,TLA,he-thong-thong-tin,A00,Điểm thi THPT,2023,24.31,Hệ thống thông tin
157972,TLA,he-thong-thong-tin,A01,Điểm thi THPT,2023,24.31,Hệ thống thông tin
157973,TLA,he-thong-thong-tin,D01,Điểm thi THPT,2023,24.31,Hệ thống thông tin
157974,TLA,he-thong-thong-tin,D07,Điểm thi THPT,2023,24.31,Hệ thống thông tin
157975,TLA,he-thong-thong-tin,A00,Điểm học bạ,2024,27.67,Hệ thống thông tin
157976,TLA,he-thong-thong-tin,A01,Điểm học bạ,2024,27.67,Hệ thống thông tin
157977,TLA,he-thong-thong-tin,D01,Điểm học bạ,2024,27.67,Hệ thống thông tin
157978,TLA,he-thong-thong-tin,D07,Điểm học bạ,2024,27.67,Hệ thống thông tin
157979,TLA,he-thong-thong-tin,A00,Điểm thi THPT,2024,24.54,Hệ thống thông tin
157980,TLA,he-thong-thong-tin,A01,Điểm thi THPT,2024,24.54,Hệ thống thông tin
157981,TLA,he-thong-thong-tin,D01,Điểm thi THPT,2024,24.54,Hệ thống thông tin
157982,TLA,he-thong-thong-tin,D07,Điểm thi THPT,2024,24.54,Hệ thống thông tin
157983,TLA,he-thong-thong-tin,A00,Điểm học bạ,2025,26.29,Hệ thống thông tin
157984,TLA,he-thong-thong-tin,A01,Điểm học bạ,2025,26.29,Hệ thống thông tin
157985,TLA,he-thong-thong-tin,C01,Điểm học bạ,2025,26.29,Hệ thống thông tin
157986,TLA,he-thong-thong-tin,D01,Điểm học bạ,2025,26.29,Hệ thống thông tin
157987,TLA,he-thong-thong-tin,D07,Điểm học bạ,2025,26.29,Hệ thống thông tin
157988,TLA,he-thong-thong-tin,X02,Điểm học bạ,2025,26.29,Hệ thống thông tin
157989,TLA,he-thong-thong-tin,X06,Điểm học bạ,2025,26.29,Hệ thống thông tin
157990,TLA,he-thong-thong-tin,X26,Điểm học bạ,2025,26.29,Hệ thống thông tin
157991,TLA,he-thong-thong-tin,A00,Điểm thi THPT,2025,21.75,Hệ thống thông tin
157992,TLA,he-thong-thong-tin,A01,Điểm thi THPT,2025,21.75,Hệ thống thông tin
157993,TLA,he-thong-thong-tin,C01,Điểm thi THPT,2025,21.75,Hệ thống thông tin
157994,TLA,he-thong-thong-tin,D01,Điểm thi THPT,2025,21.75,Hệ thống thông tin
157995,TLA,he-thong-thong-tin,D07,Điểm thi THPT,2025,21.75,Hệ thống thông tin
157996,TLA,he-thong-thong-tin,X02,Điểm thi THPT,2025,21.75,Hệ thống thông tin
157997,TLA,he-thong-thong-tin,X06,Điểm thi THPT,2025,21.75,Hệ thống thông tin
157998,TLA,he-thong-thong-tin,X26,Điểm thi THPT,2025,21.75,Hệ thống thông tin
157999,TLA,ke-toan,A00,Điểm học bạ,2021,25.5,Kế toán
158000,TLA,ke-toan,A01,Điểm học bạ,2021,25.5,Kế toán
158001,TLA,ke-toan,D01,Điểm học bạ,2021,25.5,Kế toán
158002,TLA,ke-toan,D07,Điểm học bạ,2021,25.5,Kế toán
158003,TLA,ke-toan,A00,Điểm thi THPT,2021,24.65,Kế toán
158004,TLA,ke-toan,A01,Điểm thi THPT,2021,24.65,Kế toán
158005,TLA,ke-toan,D01,Điểm thi THPT,2021,24.65,Kế toán
158006,TLA,ke-toan,D07,Điểm thi THPT,2021,24.65,Kế toán
158007,TLA,ke-toan,A00,Điểm học bạ,2022,26.5,Kế toán
158008,TLA,ke-toan,A01,Điểm học bạ,2022,26.5,Kế toán
158009,TLA,ke-toan,D01,Điểm học bạ,2022,26.5,Kế toán
158010,TLA,ke-toan,D07,Điểm học bạ,2022,26.5,Kế toán
158011,TLA,ke-toan,A00,Điểm thi THPT,2022,24.95,Kế toán
158012,TLA,ke-toan,A01,Điểm thi THPT,2022,24.95,Kế toán
158013,TLA,ke-toan,D01,Điểm thi THPT,2022,24.95,Kế toán
158014,TLA,ke-toan,D07,Điểm thi THPT,2022,24.95,Kế toán
158015,TLA,ke-toan,A00,Điểm học bạ,2023,28.75,Kế toán
158016,TLA,ke-toan,A01,Điểm học bạ,2023,28.75,Kế toán
158017,TLA,ke-toan,D01,Điểm học bạ,2023,28.75,Kế toán
158018,TLA,ke-toan,D07,Điểm học bạ,2023,28.75,Kế toán
158019,TLA,ke-toan,A00,Điểm thi THPT,2023,24.91,Kế toán
158020,TLA,ke-toan,A01,Điểm thi THPT,2023,24.91,Kế toán
158021,TLA,ke-toan,D01,Điểm thi THPT,2023,24.91,Kế toán
158022,TLA,ke-toan,D07,Điểm thi THPT,2023,24.91,Kế toán
158023,TLA,ke-toan,A00,Điểm học bạ,2024,27.5,Kế toán
158024,TLA,ke-toan,A01,Điểm học bạ,2024,27.5,Kế toán
158025,TLA,ke-toan,D01,Điểm học bạ,2024,27.5,Kế toán
158026,TLA,ke-toan,D07,Điểm học bạ,2024,27.5,Kế toán
158027,TLA,ke-toan,A00,Điểm thi THPT,2024,25.02,Kế toán
158028,TLA,ke-toan,A01,Điểm thi THPT,2024,25.02,Kế toán
158029,TLA,ke-toan,D01,Điểm thi THPT,2024,25.02,Kế toán
158030,TLA,ke-toan,D07,Điểm thi THPT,2024,25.02,Kế toán
158031,TLA,ke-toan,A00,Điểm học bạ,2025,26.78,Kế toán
158032,TLA,ke-toan,A01,Điểm học bạ,2025,26.78,Kế toán
158033,TLA,ke-toan,D01,Điểm học bạ,2025,26.78,Kế toán
158034,TLA,ke-toan,D07,Điểm học bạ,2025,26.78,Kế toán
158035,TLA,ke-toan,X02,Điểm học bạ,2025,26.78,Kế toán
158036,TLA,ke-toan,X26,Điểm học bạ,2025,26.78,Kế toán
158037,TLA,ke-toan,A00,Điểm thi THPT,2025,22.25,Kế toán
158038,TLA,ke-toan,A01,Điểm thi THPT,2025,22.25,Kế toán
158039,TLA,ke-toan,D01,Điểm thi THPT,2025,22.25,Kế toán
158040,TLA,ke-toan,D07,Điểm thi THPT,2025,22.25,Kế toán
158041,TLA,ke-toan,X02,Điểm thi THPT,2025,22.25,Kế toán
158042,TLA,ke-toan,X26,Điểm thi THPT,2025,22.25,Kế toán
158043,TLA,kiem-toan,A00,Điểm học bạ,2022,25.02,Kiểm toán
158044,TLA,kiem-toan,A01,Điểm học bạ,2022,25.02,Kiểm toán
158045,TLA,kiem-toan,D01,Điểm học bạ,2022,25.02,Kiểm toán
158046,TLA,kiem-toan,D07,Điểm học bạ,2022,25.02,Kiểm toán
158047,TLA,kiem-toan,A00,Điểm thi THPT,2022,24.9,Kiểm toán
158048,TLA,kiem-toan,A01,Điểm thi THPT,2022,24.9,Kiểm toán
158049,TLA,kiem-toan,D01,Điểm thi THPT,2022,24.9,Kiểm toán
158050,TLA,kiem-toan,D07,Điểm thi THPT,2022,24.9,Kiểm toán
158051,TLA,kiem-toan,A00,Điểm học bạ,2023,28.76,Kiểm toán
158052,TLA,kiem-toan,A01,Điểm học bạ,2023,28.76,Kiểm toán
158053,TLA,kiem-toan,D01,Điểm học bạ,2023,28.76,Kiểm toán
158054,TLA,kiem-toan,D07,Điểm học bạ,2023,28.76,Kiểm toán
158055,TLA,kiem-toan,A00,Điểm thi THPT,2023,23.91,Kiểm toán
158056,TLA,kiem-toan,A01,Điểm thi THPT,2023,23.91,Kiểm toán
158057,TLA,kiem-toan,D01,Điểm thi THPT,2023,23.91,Kiểm toán
158058,TLA,kiem-toan,D07,Điểm thi THPT,2023,23.91,Kiểm toán
158059,TLA,kiem-toan,A00,Điểm học bạ,2024,27.0,Kiểm toán
158060,TLA,kiem-toan,A01,Điểm học bạ,2024,27.0,Kiểm toán
158061,TLA,kiem-toan,D01,Điểm học bạ,2024,27.0,Kiểm toán
158062,TLA,kiem-toan,D07,Điểm học bạ,2024,27.0,Kiểm toán
158063,TLA,kiem-toan,A00,Điểm thi THPT,2024,24.68,Kiểm toán
158064,TLA,kiem-toan,A01,Điểm thi THPT,2024,24.68,Kiểm toán
158065,TLA,kiem-toan,D01,Điểm thi THPT,2024,24.68,Kiểm toán
158066,TLA,kiem-toan,D07,Điểm thi THPT,2024,24.68,Kiểm toán
158067,TLA,kiem-toan,A00,Điểm học bạ,2025,26.02,Kiểm toán
158068,TLA,kiem-toan,A01,Điểm học bạ,2025,26.02,Kiểm toán
158069,TLA,kiem-toan,D01,Điểm học bạ,2025,26.02,Kiểm toán
158070,TLA,kiem-toan,D07,Điểm học bạ,2025,26.02,Kiểm toán
158071,TLA,kiem-toan,X02,Điểm học bạ,2025,26.02,Kiểm toán
158072,TLA,kiem-toan,X26,Điểm học bạ,2025,26.02,Kiểm toán
158073,TLA,kiem-toan,A00,Điểm thi THPT,2025,21.44,Kiểm toán
158074,TLA,kiem-toan,A01,Điểm thi THPT,2025,21.44,Kiểm toán
158075,TLA,kiem-toan,D01,Điểm thi THPT,2025,21.44,Kiểm toán
158076,TLA,kiem-toan,D07,Điểm thi THPT,2025,21.44,Kiểm toán
158077,TLA,kiem-toan,X02,Điểm thi THPT,2025,21.44,Kiểm toán
158078,TLA,kiem-toan,X26,Điểm thi THPT,2025,21.44,Kiểm toán
158079,TLA,kinh-te,A00,Điểm học bạ,2021,25.0,Kinh tế
158080,TLA,kinh-te,A01,Điểm học bạ,2021,25.0,Kinh tế
158081,TLA,kinh-te,D01,Điểm học bạ,2021,25.0,Kinh tế
158082,TLA,kinh-te,D07,Điểm học bạ,2021,25.0,Kinh tế
158083,TLA,kinh-te,A00,Điểm thi THPT,2021,24.6,Kinh tế
158084,TLA,kinh-te,A01,Điểm thi THPT,2021,24.6,Kinh tế
158085,TLA,kinh-te,D01,Điểm thi THPT,2021,24.6,Kinh tế
158086,TLA,kinh-te,D07,Điểm thi THPT,2021,24.6,Kinh tế
158087,TLA,kinh-te,A00,Điểm học bạ,2022,26.0,Kinh tế
158088,TLA,kinh-te,A01,Điểm học bạ,2022,26.0,Kinh tế
158089,TLA,kinh-te,D01,Điểm học bạ,2022,26.0,Kinh tế
158090,TLA,kinh-te,D07,Điểm học bạ,2022,26.0,Kinh tế
158091,TLA,kinh-te,A00,Điểm thi THPT,2022,25.7,Kinh tế
158092,TLA,kinh-te,A01,Điểm thi THPT,2022,25.7,Kinh tế
158093,TLA,kinh-te,D01,Điểm thi THPT,2022,25.7,Kinh tế
158094,TLA,kinh-te,D07,Điểm thi THPT,2022,25.7,Kinh tế
158095,TLA,kinh-te,A00,Điểm học bạ,2023,28.75,Kinh tế
158096,TLA,kinh-te,A01,Điểm học bạ,2023,28.75,Kinh tế
158097,TLA,kinh-te,D01,Điểm học bạ,2023,28.75,Kinh tế
158098,TLA,kinh-te,D07,Điểm học bạ,2023,28.75,Kinh tế
158099,TLA,kinh-te,A00,Điểm thi THPT,2023,24.2,Kinh tế
158100,TLA,kinh-te,A01,Điểm thi THPT,2023,24.2,Kinh tế
158101,TLA,kinh-te,D01,Điểm thi THPT,2023,24.2,Kinh tế
158102,TLA,kinh-te,D07,Điểm thi THPT,2023,24.2,Kinh tế
158103,TLA,kinh-te,A00,Điểm học bạ,2024,27.26,Kinh tế
158104,TLA,kinh-te,A01,Điểm học bạ,2024,27.26,Kinh tế
158105,TLA,kinh-te,D01,Điểm học bạ,2024,27.26,Kinh tế
158106,TLA,kinh-te,D07,Điểm học bạ,2024,27.26,Kinh tế
158107,TLA,kinh-te,A00,Điểm thi THPT,2024,24.73,Kinh tế
158108,TLA,kinh-te,A01,Điểm thi THPT,2024,24.73,Kinh tế
158109,TLA,kinh-te,D01,Điểm thi THPT,2024,24.73,Kinh tế
158110,TLA,kinh-te,D07,Điểm thi THPT,2024,24.73,Kinh tế
158111,TLA,kinh-te,A00,Điểm học bạ,2025,26.42,Kinh tế
158112,TLA,kinh-te,A01,Điểm học bạ,2025,26.42,Kinh tế
158113,TLA,kinh-te,D01,Điểm học bạ,2025,26.42,Kinh tế
158114,TLA,kinh-te,D07,Điểm học bạ,2025,26.42,Kinh tế
158115,TLA,kinh-te,X02,Điểm học bạ,2025,26.42,Kinh tế
158116,TLA,kinh-te,X26,Điểm học bạ,2025,26.42,Kinh tế
158117,TLA,kinh-te,A00,Điểm thi THPT,2025,21.91,Kinh tế
158118,TLA,kinh-te,A01,Điểm thi THPT,2025,21.91,Kinh tế
158119,TLA,kinh-te,D01,Điểm thi THPT,2025,21.91,Kinh tế
158120,TLA,kinh-te,D07,Điểm thi THPT,2025,21.91,Kinh tế
158121,TLA,kinh-te,X02,Điểm thi THPT,2025,21.91,Kinh tế
158122,TLA,kinh-te,X26,Điểm thi THPT,2025,21.91,Kinh tế
158123,TLA,kinh-te-so,A00,Điểm học bạ,2022,24.04,Kinh tế số
158124,TLA,kinh-te-so,A01,Điểm học bạ,2022,24.04,Kinh tế số
158125,TLA,kinh-te-so,D01,Điểm học bạ,2022,24.04,Kinh tế số
158126,TLA,kinh-te-so,D07,Điểm học bạ,2022,24.04,Kinh tế số
158127,TLA,kinh-te-so,A00,Điểm thi THPT,2022,25.15,Kinh tế số
158128,TLA,kinh-te-so,A01,Điểm thi THPT,2022,25.15,Kinh tế số
158129,TLA,kinh-te-so,D01,Điểm thi THPT,2022,25.15,Kinh tế số
158130,TLA,kinh-te-so,D07,Điểm thi THPT,2022,25.15,Kinh tế số
158131,TLA,kinh-te-so,A00,Điểm học bạ,2023,28.0,Kinh tế số
158132,TLA,kinh-te-so,A01,Điểm học bạ,2023,28.0,Kinh tế số
158133,TLA,kinh-te-so,D01,Điểm học bạ,2023,28.0,Kinh tế số
158134,TLA,kinh-te-so,D07,Điểm học bạ,2023,28.0,Kinh tế số
158135,TLA,kinh-te-so,A00,Điểm thi THPT,2023,24.49,Kinh tế số
158136,TLA,kinh-te-so,A01,Điểm thi THPT,2023,24.49,Kinh tế số
158137,TLA,kinh-te-so,D01,Điểm thi THPT,2023,24.49,Kinh tế số
158138,TLA,kinh-te-so,D07,Điểm thi THPT,2023,24.49,Kinh tế số
158139,TLA,kinh-te-so,A00,Điểm học bạ,2024,26.75,Kinh tế số
158140,TLA,kinh-te-so,A01,Điểm học bạ,2024,26.75,Kinh tế số
158141,TLA,kinh-te-so,D01,Điểm học bạ,2024,26.75,Kinh tế số
158142,TLA,kinh-te-so,D07,Điểm học bạ,2024,26.75,Kinh tế số
158143,TLA,kinh-te-so,A00,Điểm thi THPT,2024,25.0,Kinh tế số
158144,TLA,kinh-te-so,A01,Điểm thi THPT,2024,25.0,Kinh tế số
158145,TLA,kinh-te-so,D01,Điểm thi THPT,2024,25.0,Kinh tế số
158146,TLA,kinh-te-so,D07,Điểm thi THPT,2024,25.0,Kinh tế số
158147,TLA,kinh-te-so,A00,Điểm học bạ,2025,26.62,Kinh tế số
158148,TLA,kinh-te-so,A01,Điểm học bạ,2025,26.62,Kinh tế số
158149,TLA,kinh-te-so,D01,Điểm học bạ,2025,26.62,Kinh tế số
158150,TLA,kinh-te-so,D07,Điểm học bạ,2025,26.62,Kinh tế số
158151,TLA,kinh-te-so,X02,Điểm học bạ,2025,26.62,Kinh tế số
158152,TLA,kinh-te-so,X26,Điểm học bạ,2025,26.62,Kinh tế số
158153,TLA,kinh-te-so,A00,Điểm thi THPT,2025,22.11,Kinh tế số
158154,TLA,kinh-te-so,A01,Điểm thi THPT,2025,22.11,Kinh tế số
158155,TLA,kinh-te-so,D01,Điểm thi THPT,2025,22.11,Kinh tế số
158156,TLA,kinh-te-so,D07,Điểm thi THPT,2025,22.11,Kinh tế số
158157,TLA,kinh-te-so,X02,Điểm thi THPT,2025,22.11,Kinh tế số
158158,TLA,kinh-te-so,X26,Điểm thi THPT,2025,22.11,Kinh tế số
158159,TLA,kinh-te-xay-dung,A00,Điểm học bạ,2021,22.76,Kinh tế xây dựng
158160,TLA,kinh-te-xay-dung,A01,Điểm học bạ,2021,22.76,Kinh tế xây dựng
158161,TLA,kinh-te-xay-dung,D01,Điểm học bạ,2021,22.76,Kinh tế xây dựng
158162,TLA,kinh-te-xay-dung,D07,Điểm học bạ,2021,22.76,Kinh tế xây dựng
158163,TLA,kinh-te-xay-dung,A00,Điểm thi THPT,2021,19.7,Kinh tế xây dựng
158164,TLA,kinh-te-xay-dung,A01,Điểm thi THPT,2021,19.7,Kinh tế xây dựng
158165,TLA,kinh-te-xay-dung,D01,Điểm thi THPT,2021,19.7,Kinh tế xây dựng
158166,TLA,kinh-te-xay-dung,D07,Điểm thi THPT,2021,19.7,Kinh tế xây dựng
158167,TLA,kinh-te-xay-dung,A00,Điểm học bạ,2022,23.0,Kinh tế xây dựng
158168,TLA,kinh-te-xay-dung,A01,Điểm học bạ,2022,23.0,Kinh tế xây dựng
158169,TLA,kinh-te-xay-dung,D01,Điểm học bạ,2022,23.0,Kinh tế xây dựng
158170,TLA,kinh-te-xay-dung,D07,Điểm học bạ,2022,23.0,Kinh tế xây dựng
158171,TLA,kinh-te-xay-dung,A00,Điểm thi THPT,2022,23.05,Kinh tế xây dựng
158172,TLA,kinh-te-xay-dung,A01,Điểm thi THPT,2022,23.05,Kinh tế xây dựng
158173,TLA,kinh-te-xay-dung,D01,Điểm thi THPT,2022,23.05,Kinh tế xây dựng
158174,TLA,kinh-te-xay-dung,D07,Điểm thi THPT,2022,23.05,Kinh tế xây dựng
158175,TLA,kinh-te-xay-dung,A00,Điểm học bạ,2023,26.5,Kinh tế xây dựng
158176,TLA,kinh-te-xay-dung,A01,Điểm học bạ,2023,26.5,Kinh tế xây dựng
158177,TLA,kinh-te-xay-dung,D01,Điểm học bạ,2023,26.5,Kinh tế xây dựng
158178,TLA,kinh-te-xay-dung,D07,Điểm học bạ,2023,26.5,Kinh tế xây dựng
158179,TLA,kinh-te-xay-dung,A00,Điểm thi THPT,2023,23.25,Kinh tế xây dựng
158180,TLA,kinh-te-xay-dung,A01,Điểm thi THPT,2023,23.25,Kinh tế xây dựng
158181,TLA,kinh-te-xay-dung,D01,Điểm thi THPT,2023,23.25,Kinh tế xây dựng
158182,TLA,kinh-te-xay-dung,D07,Điểm thi THPT,2023,23.25,Kinh tế xây dựng
158183,TLA,kinh-te-xay-dung,A00,Điểm học bạ,2024,25.0,Kinh tế xây dựng
158184,TLA,kinh-te-xay-dung,A01,Điểm học bạ,2024,25.0,Kinh tế xây dựng
158185,TLA,kinh-te-xay-dung,D01,Điểm học bạ,2024,25.0,Kinh tế xây dựng
158186,TLA,kinh-te-xay-dung,D07,Điểm học bạ,2024,25.0,Kinh tế xây dựng
158187,TLA,kinh-te-xay-dung,A00,Điểm thi THPT,2024,23.75,Kinh tế xây dựng
158188,TLA,kinh-te-xay-dung,A01,Điểm thi THPT,2024,23.75,Kinh tế xây dựng
158189,TLA,kinh-te-xay-dung,D01,Điểm thi THPT,2024,23.75,Kinh tế xây dựng
158190,TLA,kinh-te-xay-dung,D07,Điểm thi THPT,2024,23.75,Kinh tế xây dựng
158191,TLA,kinh-te-xay-dung,A00,Điểm học bạ,2025,25.41,Kinh tế xây dựng
158192,TLA,kinh-te-xay-dung,A01,Điểm học bạ,2025,25.41,Kinh tế xây dựng
158193,TLA,kinh-te-xay-dung,D01,Điểm học bạ,2025,25.41,Kinh tế xây dựng
158194,TLA,kinh-te-xay-dung,D07,Điểm học bạ,2025,25.41,Kinh tế xây dựng
158195,TLA,kinh-te-xay-dung,X02,Điểm học bạ,2025,25.41,Kinh tế xây dựng
158196,TLA,kinh-te-xay-dung,X26,Điểm học bạ,2025,25.41,Kinh tế xây dựng
158197,TLA,kinh-te-xay-dung,A00,Điểm thi THPT,2025,20.73,Kinh tế xây dựng
158198,TLA,kinh-te-xay-dung,A01,Điểm thi THPT,2025,20.73,Kinh tế xây dựng
158199,TLA,kinh-te-xay-dung,D01,Điểm thi THPT,2025,20.73,Kinh tế xây dựng
158200,TLA,kinh-te-xay-dung,D07,Điểm thi THPT,2025,20.73,Kinh tế xây dựng
158201,TLA,kinh-te-xay-dung,X02,Điểm thi THPT,2025,20.73,Kinh tế xây dựng
158202,TLA,kinh-te-xay-dung,X26,Điểm thi THPT,2025,20.73,Kinh tế xây dựng
158203,TLA,ky-thuat-cap-thoat-nuoc,A00,Điểm học bạ,2021,18.04,Kỹ thuật cấp thoát nước
158204,TLA,ky-thuat-cap-thoat-nuoc,A01,Điểm học bạ,2021,18.04,Kỹ thuật cấp thoát nước
158205,TLA,ky-thuat-cap-thoat-nuoc,D01,Điểm học bạ,2021,18.04,Kỹ thuật cấp thoát nước
158206,TLA,ky-thuat-cap-thoat-nuoc,D07,Điểm học bạ,2021,18.04,Kỹ thuật cấp thoát nước
158207,TLA,ky-thuat-cap-thoat-nuoc,A00,Điểm thi THPT,2021,16.0,Kỹ thuật cấp thoát nước
158208,TLA,ky-thuat-cap-thoat-nuoc,A01,Điểm thi THPT,2021,16.0,Kỹ thuật cấp thoát nước
158209,TLA,ky-thuat-cap-thoat-nuoc,D01,Điểm thi THPT,2021,16.0,Kỹ thuật cấp thoát nước
158210,TLA,ky-thuat-cap-thoat-nuoc,D07,Điểm thi THPT,2021,16.0,Kỹ thuật cấp thoát nước
158211,TLA,ky-thuat-cap-thoat-nuoc,A00,Điểm học bạ,2022,19.06,Kỹ thuật cấp thoát nước
158212,TLA,ky-thuat-cap-thoat-nuoc,A01,Điểm học bạ,2022,19.06,Kỹ thuật cấp thoát nước
158213,TLA,ky-thuat-cap-thoat-nuoc,D01,Điểm học bạ,2022,19.06,Kỹ thuật cấp thoát nước
158214,TLA,ky-thuat-cap-thoat-nuoc,D07,Điểm học bạ,2022,19.06,Kỹ thuật cấp thoát nước
158215,TLA,ky-thuat-cap-thoat-nuoc,A00,Điểm thi THPT,2022,17.0,Kỹ thuật cấp thoát nước
158216,TLA,ky-thuat-cap-thoat-nuoc,A01,Điểm thi THPT,2022,17.0,Kỹ thuật cấp thoát nước
158217,TLA,ky-thuat-cap-thoat-nuoc,D01,Điểm thi THPT,2022,17.0,Kỹ thuật cấp thoát nước
158218,TLA,ky-thuat-cap-thoat-nuoc,D07,Điểm thi THPT,2022,17.0,Kỹ thuật cấp thoát nước
158219,TLA,ky-thuat-cap-thoat-nuoc,A00,Điểm học bạ,2023,21.02,Kỹ thuật cấp thoát nước
158220,TLA,ky-thuat-cap-thoat-nuoc,A01,Điểm học bạ,2023,21.02,Kỹ thuật cấp thoát nước
158221,TLA,ky-thuat-cap-thoat-nuoc,D01,Điểm học bạ,2023,21.02,Kỹ thuật cấp thoát nước
158222,TLA,ky-thuat-cap-thoat-nuoc,D07,Điểm học bạ,2023,21.02,Kỹ thuật cấp thoát nước
158223,TLA,ky-thuat-cap-thoat-nuoc,A00,Điểm thi THPT,2023,18.15,Kỹ thuật cấp thoát nước
158224,TLA,ky-thuat-cap-thoat-nuoc,A01,Điểm thi THPT,2023,18.15,Kỹ thuật cấp thoát nước
158225,TLA,ky-thuat-cap-thoat-nuoc,D01,Điểm thi THPT,2023,18.15,Kỹ thuật cấp thoát nước
158226,TLA,ky-thuat-cap-thoat-nuoc,D07,Điểm thi THPT,2023,18.15,Kỹ thuật cấp thoát nước
158227,TLA,ky-thuat-cap-thoat-nuoc,A00,Điểm học bạ,2024,20.52,Kỹ thuật cấp thoát nước
158228,TLA,ky-thuat-cap-thoat-nuoc,A01,Điểm học bạ,2024,20.52,Kỹ thuật cấp thoát nước
158229,TLA,ky-thuat-cap-thoat-nuoc,D01,Điểm học bạ,2024,20.52,Kỹ thuật cấp thoát nước
158230,TLA,ky-thuat-cap-thoat-nuoc,D07,Điểm học bạ,2024,20.52,Kỹ thuật cấp thoát nước
158231,TLA,ky-thuat-cap-thoat-nuoc,A00,Điểm thi THPT,2024,20.5,Kỹ thuật cấp thoát nước
158232,TLA,ky-thuat-cap-thoat-nuoc,A01,Điểm thi THPT,2024,20.5,Kỹ thuật cấp thoát nước
158233,TLA,ky-thuat-cap-thoat-nuoc,D01,Điểm thi THPT,2024,20.5,Kỹ thuật cấp thoát nước
158234,TLA,ky-thuat-cap-thoat-nuoc,D07,Điểm thi THPT,2024,20.5,Kỹ thuật cấp thoát nước
158235,TLA,ky-thuat-cap-thoat-nuoc,A00,Điểm học bạ,2025,22.67,Kỹ thuật cấp thoát nước
158236,TLA,ky-thuat-cap-thoat-nuoc,A01,Điểm học bạ,2025,22.67,Kỹ thuật cấp thoát nước
158237,TLA,ky-thuat-cap-thoat-nuoc,C01,Điểm học bạ,2025,22.67,Kỹ thuật cấp thoát nước
158238,TLA,ky-thuat-cap-thoat-nuoc,C02,Điểm học bạ,2025,22.67,Kỹ thuật cấp thoát nước
158239,TLA,ky-thuat-cap-thoat-nuoc,D01,Điểm học bạ,2025,22.67,Kỹ thuật cấp thoát nước
158240,TLA,ky-thuat-cap-thoat-nuoc,D07,Điểm học bạ,2025,22.67,Kỹ thuật cấp thoát nước
158241,TLA,ky-thuat-cap-thoat-nuoc,X02,Điểm học bạ,2025,22.67,Kỹ thuật cấp thoát nước
158242,TLA,ky-thuat-cap-thoat-nuoc,X06,Điểm học bạ,2025,22.67,Kỹ thuật cấp thoát nước
158243,TLA,ky-thuat-cap-thoat-nuoc,A00,Điểm thi THPT,2025,18.0,Kỹ thuật cấp thoát nước
158244,TLA,ky-thuat-cap-thoat-nuoc,A01,Điểm thi THPT,2025,18.0,Kỹ thuật cấp thoát nước
158245,TLA,ky-thuat-cap-thoat-nuoc,C01,Điểm thi THPT,2025,18.0,Kỹ thuật cấp thoát nước
158246,TLA,ky-thuat-cap-thoat-nuoc,C02,Điểm thi THPT,2025,18.0,Kỹ thuật cấp thoát nước
158247,TLA,ky-thuat-cap-thoat-nuoc,D01,Điểm thi THPT,2025,18.0,Kỹ thuật cấp thoát nước
158248,TLA,ky-thuat-cap-thoat-nuoc,D07,Điểm thi THPT,2025,18.0,Kỹ thuật cấp thoát nước
158249,TLA,ky-thuat-cap-thoat-nuoc,X02,Điểm thi THPT,2025,18.0,Kỹ thuật cấp thoát nước
158250,TLA,ky-thuat-cap-thoat-nuoc,X06,Điểm thi THPT,2025,18.0,Kỹ thuật cấp thoát nước
158251,TLA,ky-thuat-co-dien-tu,A00,Điểm học bạ,2021,23.5,Kỹ thuật cơ điện tử (5)
158252,TLA,ky-thuat-co-dien-tu,A01,Điểm học bạ,2021,23.5,Kỹ thuật cơ điện tử (5)
158253,TLA,ky-thuat-co-dien-tu,D01,Điểm học bạ,2021,23.5,Kỹ thuật cơ điện tử (5)
158254,TLA,ky-thuat-co-dien-tu,D07,Điểm học bạ,2021,23.5,Kỹ thuật cơ điện tử (5)
158255,TLA,ky-thuat-co-dien-tu,A00,Điểm thi THPT,2021,23.45,Kỹ thuật cơ điện tử (5)
158256,TLA,ky-thuat-co-dien-tu,A01,Điểm thi THPT,2021,23.45,Kỹ thuật cơ điện tử (5)
158257,TLA,ky-thuat-co-dien-tu,D01,Điểm thi THPT,2021,23.45,Kỹ thuật cơ điện tử (5)
158258,TLA,ky-thuat-co-dien-tu,D07,Điểm thi THPT,2021,23.45,Kỹ thuật cơ điện tử (5)
158259,TLA,ky-thuat-co-dien-tu,A00,Điểm học bạ,2022,23.5,Kỹ thuật cơ điện tử
158260,TLA,ky-thuat-co-dien-tu,A01,Điểm học bạ,2022,23.5,Kỹ thuật cơ điện tử
158261,TLA,ky-thuat-co-dien-tu,D01,Điểm học bạ,2022,23.5,Kỹ thuật cơ điện tử
158262,TLA,ky-thuat-co-dien-tu,D07,Điểm học bạ,2022,23.5,Kỹ thuật cơ điện tử
158263,TLA,ky-thuat-co-dien-tu,A00,Điểm thi THPT,2022,24.6,Kỹ thuật cơ điện tử
158264,TLA,ky-thuat-co-dien-tu,A01,Điểm thi THPT,2022,24.6,Kỹ thuật cơ điện tử
158265,TLA,ky-thuat-co-dien-tu,D01,Điểm thi THPT,2022,24.6,Kỹ thuật cơ điện tử
158266,TLA,ky-thuat-co-dien-tu,D07,Điểm thi THPT,2022,24.6,Kỹ thuật cơ điện tử
158267,TLA,ky-thuat-co-dien-tu,A00,Điểm học bạ,2023,27.23,Kỹ thuật cơ điện tử
158268,TLA,ky-thuat-co-dien-tu,A01,Điểm học bạ,2023,27.23,Kỹ thuật cơ điện tử
158269,TLA,ky-thuat-co-dien-tu,D01,Điểm học bạ,2023,27.23,Kỹ thuật cơ điện tử
158270,TLA,ky-thuat-co-dien-tu,D07,Điểm học bạ,2023,27.23,Kỹ thuật cơ điện tử
158271,TLA,ky-thuat-co-dien-tu,A00,Điểm thi THPT,2023,24.31,Kỹ thuật cơ điện tử
158272,TLA,ky-thuat-co-dien-tu,A01,Điểm thi THPT,2023,24.31,Kỹ thuật cơ điện tử
158273,TLA,ky-thuat-co-dien-tu,D01,Điểm thi THPT,2023,24.31,Kỹ thuật cơ điện tử
158274,TLA,ky-thuat-co-dien-tu,D07,Điểm thi THPT,2023,24.31,Kỹ thuật cơ điện tử
158275,TLA,ky-thuat-co-dien-tu,A00,Điểm học bạ,2024,26.5,Kỹ thuật cơ điện tử
158276,TLA,ky-thuat-co-dien-tu,A01,Điểm học bạ,2024,26.5,Kỹ thuật cơ điện tử
158277,TLA,ky-thuat-co-dien-tu,D01,Điểm học bạ,2024,26.5,Kỹ thuật cơ điện tử
158278,TLA,ky-thuat-co-dien-tu,D07,Điểm học bạ,2024,26.5,Kỹ thuật cơ điện tử
158279,TLA,ky-thuat-co-dien-tu,A00,Điểm thi THPT,2024,24.83,Kỹ thuật cơ điện tử
158280,TLA,ky-thuat-co-dien-tu,A01,Điểm thi THPT,2024,24.83,Kỹ thuật cơ điện tử
158281,TLA,ky-thuat-co-dien-tu,D01,Điểm thi THPT,2024,24.83,Kỹ thuật cơ điện tử
158282,TLA,ky-thuat-co-dien-tu,D07,Điểm thi THPT,2024,24.83,Kỹ thuật cơ điện tử
158283,TLA,ky-thuat-co-dien-tu,A00,Điểm học bạ,2025,28.0,Kỹ thuật cơ điện tử
158284,TLA,ky-thuat-co-dien-tu,A01,Điểm học bạ,2025,28.0,Kỹ thuật cơ điện tử
158285,TLA,ky-thuat-co-dien-tu,C01,Điểm học bạ,2025,28.0,Kỹ thuật cơ điện tử
158286,TLA,ky-thuat-co-dien-tu,D01,Điểm học bạ,2025,28.0,Kỹ thuật cơ điện tử
158287,TLA,ky-thuat-co-dien-tu,D07,Điểm học bạ,2025,28.0,Kỹ thuật cơ điện tử
158288,TLA,ky-thuat-co-dien-tu,X02,Điểm học bạ,2025,28.0,Kỹ thuật cơ điện tử
158289,TLA,ky-thuat-co-dien-tu,X06,Điểm học bạ,2025,28.0,Kỹ thuật cơ điện tử
158290,TLA,ky-thuat-co-dien-tu,X26,Điểm học bạ,2025,28.0,Kỹ thuật cơ điện tử
158291,TLA,ky-thuat-co-dien-tu,A00,Điểm thi THPT,2025,23.33,Kỹ thuật cơ điện tử
158292,TLA,ky-thuat-co-dien-tu,A01,Điểm thi THPT,2025,23.33,Kỹ thuật cơ điện tử
158293,TLA,ky-thuat-co-dien-tu,C01,Điểm thi THPT,2025,23.33,Kỹ thuật cơ điện tử
158294,TLA,ky-thuat-co-dien-tu,D01,Điểm thi THPT,2025,23.33,Kỹ thuật cơ điện tử
158295,TLA,ky-thuat-co-dien-tu,D07,Điểm thi THPT,2025,23.33,Kỹ thuật cơ điện tử
158296,TLA,ky-thuat-co-dien-tu,X02,Điểm thi THPT,2025,23.33,Kỹ thuật cơ điện tử
158297,TLA,ky-thuat-co-dien-tu,X06,Điểm thi THPT,2025,23.33,Kỹ thuật cơ điện tử
158298,TLA,ky-thuat-co-dien-tu,X26,Điểm thi THPT,2025,23.33,Kỹ thuật cơ điện tử
158299,TLA,ky-thuat-co-khi,A00,Điểm học bạ,2022,22.01,Nhóm ngành Kỹ thuật Cơ khí
158300,TLA,ky-thuat-co-khi,A01,Điểm học bạ,2022,22.01,Nhóm ngành Kỹ thuật Cơ khí
158301,TLA,ky-thuat-co-khi,D01,Điểm học bạ,2022,22.01,Nhóm ngành Kỹ thuật Cơ khí
158302,TLA,ky-thuat-co-khi,D07,Điểm học bạ,2022,22.01,Nhóm ngành Kỹ thuật Cơ khí
158303,TLA,ky-thuat-co-khi,A00,Điểm thi THPT,2022,24.0,Nhóm ngành Kỹ thuật Cơ khí
158304,TLA,ky-thuat-co-khi,A01,Điểm thi THPT,2022,24.0,Nhóm ngành Kỹ thuật Cơ khí
158305,TLA,ky-thuat-co-khi,D01,Điểm thi THPT,2022,24.0,Nhóm ngành Kỹ thuật Cơ khí
158306,TLA,ky-thuat-co-khi,D07,Điểm thi THPT,2022,24.0,Nhóm ngành Kỹ thuật Cơ khí
158307,TLA,ky-thuat-co-khi,A00,Điểm học bạ,2023,24.75,Nhóm ngành Kỹ thuật Cơ khí
158308,TLA,ky-thuat-co-khi,A01,Điểm học bạ,2023,24.75,Nhóm ngành Kỹ thuật Cơ khí
158309,TLA,ky-thuat-co-khi,D01,Điểm học bạ,2023,24.75,Nhóm ngành Kỹ thuật Cơ khí
158310,TLA,ky-thuat-co-khi,D07,Điểm học bạ,2023,24.75,Nhóm ngành Kỹ thuật Cơ khí
158311,TLA,ky-thuat-co-khi,A00,Điểm thi THPT,2023,23.04,"Nhóm ngành Kỹ thuật Cơ khí (Gồm các ngành: Kỹ thuật cơ khí, Công nghệ chế tạo máy)"
158312,TLA,ky-thuat-co-khi,A01,Điểm thi THPT,2023,23.04,"Nhóm ngành Kỹ thuật Cơ khí (Gồm các ngành: Kỹ thuật cơ khí, Công nghệ chế tạo máy)"
158313,TLA,ky-thuat-co-khi,D01,Điểm thi THPT,2023,23.04,"Nhóm ngành Kỹ thuật Cơ khí (Gồm các ngành: Kỹ thuật cơ khí, Công nghệ chế tạo máy)"
158314,TLA,ky-thuat-co-khi,D07,Điểm thi THPT,2023,23.04,"Nhóm ngành Kỹ thuật Cơ khí (Gồm các ngành: Kỹ thuật cơ khí, Công nghệ chế tạo máy)"
158315,TLA,ky-thuat-co-khi,A00,Điểm học bạ,2024,25.0,"Nhóm ngành Kỹ thuật cơ khí (Gồm các ngành: Kỹ thuật cơ khí, Công nghệ chế tạo máy)"
158316,TLA,ky-thuat-co-khi,A01,Điểm học bạ,2024,25.0,"Nhóm ngành Kỹ thuật cơ khí (Gồm các ngành: Kỹ thuật cơ khí, Công nghệ chế tạo máy)"
158317,TLA,ky-thuat-co-khi,D01,Điểm học bạ,2024,25.0,"Nhóm ngành Kỹ thuật cơ khí (Gồm các ngành: Kỹ thuật cơ khí, Công nghệ chế tạo máy)"
158318,TLA,ky-thuat-co-khi,D07,Điểm học bạ,2024,25.0,"Nhóm ngành Kỹ thuật cơ khí (Gồm các ngành: Kỹ thuật cơ khí, Công nghệ chế tạo máy)"
158319,TLA,ky-thuat-co-khi,A00,Điểm thi THPT,2024,24.06,"Nhóm ngành Kỹ thuật Cơ khí (Gồm các ngành: Kỹ thuật cơ khí, Công nghệ chế tạo máy)"
158320,TLA,ky-thuat-co-khi,A01,Điểm thi THPT,2024,24.06,"Nhóm ngành Kỹ thuật Cơ khí (Gồm các ngành: Kỹ thuật cơ khí, Công nghệ chế tạo máy)"
158321,TLA,ky-thuat-co-khi,D01,Điểm thi THPT,2024,24.06,"Nhóm ngành Kỹ thuật Cơ khí (Gồm các ngành: Kỹ thuật cơ khí, Công nghệ chế tạo máy)"
158322,TLA,ky-thuat-co-khi,D07,Điểm thi THPT,2024,24.06,"Nhóm ngành Kỹ thuật Cơ khí (Gồm các ngành: Kỹ thuật cơ khí, Công nghệ chế tạo máy)"
158323,TLA,ky-thuat-co-khi,A00,Điểm học bạ,2025,27.18,Kỹ thuật cơ khí
158324,TLA,ky-thuat-co-khi,A01,Điểm học bạ,2025,27.18,Kỹ thuật cơ khí
158325,TLA,ky-thuat-co-khi,C01,Điểm học bạ,2025,27.18,Kỹ thuật cơ khí
158326,TLA,ky-thuat-co-khi,D01,Điểm học bạ,2025,27.18,Kỹ thuật cơ khí
158327,TLA,ky-thuat-co-khi,D07,Điểm học bạ,2025,27.18,Kỹ thuật cơ khí
158328,TLA,ky-thuat-co-khi,X02,Điểm học bạ,2025,27.18,Kỹ thuật cơ khí
158329,TLA,ky-thuat-co-khi,X06,Điểm học bạ,2025,27.18,Kỹ thuật cơ khí
158330,TLA,ky-thuat-co-khi,X26,Điểm học bạ,2025,27.18,Kỹ thuật cơ khí
158331,TLA,ky-thuat-co-khi,A00,Điểm thi THPT,2025,22.6,Kỹ thuật cơ khí
158332,TLA,ky-thuat-co-khi,A01,Điểm thi THPT,2025,22.6,Kỹ thuật cơ khí
158333,TLA,ky-thuat-co-khi,C01,Điểm thi THPT,2025,22.6,Kỹ thuật cơ khí
158334,TLA,ky-thuat-co-khi,D01,Điểm thi THPT,2025,22.6,Kỹ thuật cơ khí
158335,TLA,ky-thuat-co-khi,D07,Điểm thi THPT,2025,22.6,Kỹ thuật cơ khí
158336,TLA,ky-thuat-co-khi,X02,Điểm thi THPT,2025,22.6,Kỹ thuật cơ khí
158337,TLA,ky-thuat-co-khi,X06,Điểm thi THPT,2025,22.6,Kỹ thuật cơ khí
158338,TLA,ky-thuat-co-khi,X26,Điểm thi THPT,2025,22.6,Kỹ thuật cơ khí
158339,TLA,ky-thuat-co-khi-gom-cac-nganh-ky-thuat-co-khi-cong-nghe-che-tao-may,A00,Điểm học bạ,2021,22.5,"Nhóm ngành Kỹ thuật Cơ khí: Gồm các ngành: Kỹ thuật cơ khí, Công nghệ chế tạo máy"
158340,TLA,ky-thuat-co-khi-gom-cac-nganh-ky-thuat-co-khi-cong-nghe-che-tao-may,A01,Điểm học bạ,2021,22.5,"Nhóm ngành Kỹ thuật Cơ khí: Gồm các ngành: Kỹ thuật cơ khí, Công nghệ chế tạo máy"
158341,TLA,ky-thuat-co-khi-gom-cac-nganh-ky-thuat-co-khi-cong-nghe-che-tao-may,D01,Điểm học bạ,2021,22.5,"Nhóm ngành Kỹ thuật Cơ khí: Gồm các ngành: Kỹ thuật cơ khí, Công nghệ chế tạo máy"
158342,TLA,ky-thuat-co-khi-gom-cac-nganh-ky-thuat-co-khi-cong-nghe-che-tao-may,D07,Điểm học bạ,2021,22.5,"Nhóm ngành Kỹ thuật Cơ khí: Gồm các ngành: Kỹ thuật cơ khí, Công nghệ chế tạo máy"
158343,TLA,ky-thuat-co-khi-gom-cac-nganh-ky-thuat-co-khi-cong-nghe-che-tao-may,A00,Điểm thi THPT,2021,22.05,"Nhóm ngành Kỹ thuật Cơ khí: Gồm các ngành: Kỹ thuật cơ khí, Công nghệ chế tạo máy"
158344,TLA,ky-thuat-co-khi-gom-cac-nganh-ky-thuat-co-khi-cong-nghe-che-tao-may,A01,Điểm thi THPT,2021,22.05,"Nhóm ngành Kỹ thuật Cơ khí: Gồm các ngành: Kỹ thuật cơ khí, Công nghệ chế tạo máy"
158345,TLA,ky-thuat-co-khi-gom-cac-nganh-ky-thuat-co-khi-cong-nghe-che-tao-may,D01,Điểm thi THPT,2021,22.05,"Nhóm ngành Kỹ thuật Cơ khí: Gồm các ngành: Kỹ thuật cơ khí, Công nghệ chế tạo máy"
158346,TLA,ky-thuat-co-khi-gom-cac-nganh-ky-thuat-co-khi-cong-nghe-che-tao-may,D07,Điểm thi THPT,2021,22.05,"Nhóm ngành Kỹ thuật Cơ khí: Gồm các ngành: Kỹ thuật cơ khí, Công nghệ chế tạo máy"
158347,TLA,ky-thuat-co-so-ha-tang,A00,Điểm học bạ,2021,18.3,Kỹ thuật cơ sở hạ tầng
158348,TLA,ky-thuat-co-so-ha-tang,A01,Điểm học bạ,2021,18.3,Kỹ thuật cơ sở hạ tầng
158349,TLA,ky-thuat-co-so-ha-tang,D01,Điểm học bạ,2021,18.3,Kỹ thuật cơ sở hạ tầng
158350,TLA,ky-thuat-co-so-ha-tang,D07,Điểm học bạ,2021,18.3,Kỹ thuật cơ sở hạ tầng
158351,TLA,ky-thuat-co-so-ha-tang,A00,Điểm thi THPT,2021,16.0,Kỹ thuật cơ sở hạ tầng
158352,TLA,ky-thuat-co-so-ha-tang,A01,Điểm thi THPT,2021,16.0,Kỹ thuật cơ sở hạ tầng
158353,TLA,ky-thuat-co-so-ha-tang,D01,Điểm thi THPT,2021,16.0,Kỹ thuật cơ sở hạ tầng
158354,TLA,ky-thuat-co-so-ha-tang,D07,Điểm thi THPT,2021,16.0,Kỹ thuật cơ sở hạ tầng
158355,TLA,ky-thuat-dien,A00,Điểm học bạ,2021,22.5,Kỹ thuật điện (6)
158356,TLA,ky-thuat-dien,A01,Điểm học bạ,2021,22.5,Kỹ thuật điện (6)
158357,TLA,ky-thuat-dien,D01,Điểm học bạ,2021,22.5,Kỹ thuật điện (6)
158358,TLA,ky-thuat-dien,D07,Điểm học bạ,2021,22.5,Kỹ thuật điện (6)
158359,TLA,ky-thuat-dien,A00,Điểm thi THPT,2021,22.2,Kỹ thuật điện (6)
158360,TLA,ky-thuat-dien,A01,Điểm thi THPT,2021,22.2,Kỹ thuật điện (6)
158361,TLA,ky-thuat-dien,D01,Điểm thi THPT,2021,22.2,Kỹ thuật điện (6)
158362,TLA,ky-thuat-dien,D07,Điểm thi THPT,2021,22.2,Kỹ thuật điện (6)
158363,TLA,ky-thuat-dien,A00,Điểm học bạ,2022,22.02,Kỹ thuật điện
158364,TLA,ky-thuat-dien,A01,Điểm học bạ,2022,22.02,Kỹ thuật điện
158365,TLA,ky-thuat-dien,D01,Điểm học bạ,2022,22.02,Kỹ thuật điện
158366,TLA,ky-thuat-dien,D07,Điểm học bạ,2022,22.02,Kỹ thuật điện
158367,TLA,ky-thuat-dien,A00,Điểm thi THPT,2022,24.4,Kỹ thuật điện
158368,TLA,ky-thuat-dien,A01,Điểm thi THPT,2022,24.4,Kỹ thuật điện
158369,TLA,ky-thuat-dien,D01,Điểm thi THPT,2022,24.4,Kỹ thuật điện
158370,TLA,ky-thuat-dien,D07,Điểm thi THPT,2022,24.4,Kỹ thuật điện
158371,TLA,ky-thuat-dien,A00,Điểm học bạ,2023,26.0,Kỹ thuật điện
158372,TLA,ky-thuat-dien,A01,Điểm học bạ,2023,26.0,Kỹ thuật điện
158373,TLA,ky-thuat-dien,D01,Điểm học bạ,2023,26.0,Kỹ thuật điện
158374,TLA,ky-thuat-dien,D07,Điểm học bạ,2023,26.0,Kỹ thuật điện
158375,TLA,ky-thuat-dien,A00,Điểm thi THPT,2023,23.35,Kỹ thuật điện
158376,TLA,ky-thuat-dien,A01,Điểm thi THPT,2023,23.35,Kỹ thuật điện
158377,TLA,ky-thuat-dien,D01,Điểm thi THPT,2023,23.35,Kỹ thuật điện
158378,TLA,ky-thuat-dien,D07,Điểm thi THPT,2023,23.35,Kỹ thuật điện
158379,TLA,ky-thuat-dien,A00,Điểm học bạ,2024,25.5,Kỹ thuật điện
158380,TLA,ky-thuat-dien,A01,Điểm học bạ,2024,25.5,Kỹ thuật điện
158381,TLA,ky-thuat-dien,D01,Điểm học bạ,2024,25.5,Kỹ thuật điện
158382,TLA,ky-thuat-dien,D07,Điểm học bạ,2024,25.5,Kỹ thuật điện
158383,TLA,ky-thuat-dien,A00,Điểm thi THPT,2024,24.17,Kỹ thuật điện
158384,TLA,ky-thuat-dien,A01,Điểm thi THPT,2024,24.17,Kỹ thuật điện
158385,TLA,ky-thuat-dien,D01,Điểm thi THPT,2024,24.17,Kỹ thuật điện
158386,TLA,ky-thuat-dien,D07,Điểm thi THPT,2024,24.17,Kỹ thuật điện
158387,TLA,ky-thuat-dien,A00,Điểm học bạ,2025,26.5,Kỹ thuật điện
158388,TLA,ky-thuat-dien,A01,Điểm học bạ,2025,26.5,Kỹ thuật điện
158389,TLA,ky-thuat-dien,C01,Điểm học bạ,2025,26.5,Kỹ thuật điện
158390,TLA,ky-thuat-dien,D01,Điểm học bạ,2025,26.5,Kỹ thuật điện
158391,TLA,ky-thuat-dien,D07,Điểm học bạ,2025,26.5,Kỹ thuật điện
158392,TLA,ky-thuat-dien,X02,Điểm học bạ,2025,26.5,Kỹ thuật điện
158393,TLA,ky-thuat-dien,X06,Điểm học bạ,2025,26.5,Kỹ thuật điện
158394,TLA,ky-thuat-dien,X26,Điểm học bạ,2025,26.5,Kỹ thuật điện
158395,TLA,ky-thuat-dien,A00,Điểm thi THPT,2025,22.0,Kỹ thuật điện
158396,TLA,ky-thuat-dien,A01,Điểm thi THPT,2025,22.0,Kỹ thuật điện
158397,TLA,ky-thuat-dien,C01,Điểm thi THPT,2025,22.0,Kỹ thuật điện
158398,TLA,ky-thuat-dien,D01,Điểm thi THPT,2025,22.0,Kỹ thuật điện
158399,TLA,ky-thuat-dien,D07,Điểm thi THPT,2025,22.0,Kỹ thuật điện
158400,TLA,ky-thuat-dien,X02,Điểm thi THPT,2025,22.0,Kỹ thuật điện
158401,TLA,ky-thuat-dien,X06,Điểm thi THPT,2025,22.0,Kỹ thuật điện
158402,TLA,ky-thuat-dien,X26,Điểm thi THPT,2025,22.0,Kỹ thuật điện
158403,TLA,ky-thuat-dien-tu-vien-thong,A00,Điểm học bạ,2021,23.0,Kỹ thuật điện tử - viễn thông
158404,TLA,ky-thuat-dien-tu-vien-thong,A01,Điểm học bạ,2021,23.0,Kỹ thuật điện tử - viễn thông
158405,TLA,ky-thuat-dien-tu-vien-thong,D01,Điểm học bạ,2021,23.0,Kỹ thuật điện tử - viễn thông
158406,TLA,ky-thuat-dien-tu-vien-thong,D07,Điểm học bạ,2021,23.0,Kỹ thuật điện tử - viễn thông
158407,TLA,ky-thuat-dien-tu-vien-thong,A00,Điểm thi THPT,2021,22.9,Kỹ thuật điện tử - viễn thông
158408,TLA,ky-thuat-dien-tu-vien-thong,A01,Điểm thi THPT,2021,22.9,Kỹ thuật điện tử - viễn thông
158409,TLA,ky-thuat-dien-tu-vien-thong,D01,Điểm thi THPT,2021,22.9,Kỹ thuật điện tử - viễn thông
158410,TLA,ky-thuat-dien-tu-vien-thong,D07,Điểm thi THPT,2021,22.9,Kỹ thuật điện tử - viễn thông
158411,TLA,ky-thuat-dien-tu-vien-thong,A00,Điểm học bạ,2022,23.5,Kỹ thuật điện tử - viễn thông
158412,TLA,ky-thuat-dien-tu-vien-thong,A01,Điểm học bạ,2022,23.5,Kỹ thuật điện tử - viễn thông
158413,TLA,ky-thuat-dien-tu-vien-thong,D01,Điểm học bạ,2022,23.5,Kỹ thuật điện tử - viễn thông
158414,TLA,ky-thuat-dien-tu-vien-thong,D07,Điểm học bạ,2022,23.5,Kỹ thuật điện tử - viễn thông
158415,TLA,ky-thuat-dien-tu-vien-thong,A00,Điểm thi THPT,2022,24.85,Kỹ thuật điện tử - viễn thông
158416,TLA,ky-thuat-dien-tu-vien-thong,A01,Điểm thi THPT,2022,24.85,Kỹ thuật điện tử - viễn thông
158417,TLA,ky-thuat-dien-tu-vien-thong,D01,Điểm thi THPT,2022,24.85,Kỹ thuật điện tử - viễn thông
158418,TLA,ky-thuat-dien-tu-vien-thong,D07,Điểm thi THPT,2022,24.85,Kỹ thuật điện tử - viễn thông
158419,TLA,ky-thuat-dien-tu-vien-thong,A00,Điểm học bạ,2023,27.5,Kỹ thuật điện tử - viễn thông
158420,TLA,ky-thuat-dien-tu-vien-thong,A01,Điểm học bạ,2023,27.5,Kỹ thuật điện tử - viễn thông
158421,TLA,ky-thuat-dien-tu-vien-thong,D01,Điểm học bạ,2023,27.5,Kỹ thuật điện tử - viễn thông
158422,TLA,ky-thuat-dien-tu-vien-thong,D07,Điểm học bạ,2023,27.5,Kỹ thuật điện tử - viễn thông
158423,TLA,ky-thuat-dien-tu-vien-thong,A00,Điểm thi THPT,2023,24.39,Kỹ thuật điện tử - viễn thông
158424,TLA,ky-thuat-dien-tu-vien-thong,A01,Điểm thi THPT,2023,24.39,Kỹ thuật điện tử - viễn thông
158425,TLA,ky-thuat-dien-tu-vien-thong,D01,Điểm thi THPT,2023,24.39,Kỹ thuật điện tử - viễn thông
158426,TLA,ky-thuat-dien-tu-vien-thong,D07,Điểm thi THPT,2023,24.39,Kỹ thuật điện tử - viễn thông
158427,TLA,ky-thuat-dien-tu-vien-thong,A00,Điểm học bạ,2024,27.0,Kỹ thuật điện tử - viễn thông
158428,TLA,ky-thuat-dien-tu-vien-thong,A01,Điểm học bạ,2024,27.0,Kỹ thuật điện tử - viễn thông
158429,TLA,ky-thuat-dien-tu-vien-thong,D01,Điểm học bạ,2024,27.0,Kỹ thuật điện tử - viễn thông
158430,TLA,ky-thuat-dien-tu-vien-thong,D07,Điểm học bạ,2024,27.0,Kỹ thuật điện tử - viễn thông
158431,TLA,ky-thuat-dien-tu-vien-thong,A00,Điểm thi THPT,2024,24.59,Kỹ thuật điện tử - viễn thông
158432,TLA,ky-thuat-dien-tu-vien-thong,A01,Điểm thi THPT,2024,24.59,Kỹ thuật điện tử - viễn thông
158433,TLA,ky-thuat-dien-tu-vien-thong,D01,Điểm thi THPT,2024,24.59,Kỹ thuật điện tử - viễn thông
158434,TLA,ky-thuat-dien-tu-vien-thong,D07,Điểm thi THPT,2024,24.59,Kỹ thuật điện tử - viễn thông
158435,TLA,ky-thuat-dien-tu-vien-thong,A00,Điểm học bạ,2025,27.06,Kỹ thuật điện tử - viễn thông (gồm các chương trình: Kỹ thuật điện tử -viễn thông; Công nghệ bán dẫn và thiết kế vi mạch)
158436,TLA,ky-thuat-dien-tu-vien-thong,A01,Điểm học bạ,2025,27.06,Kỹ thuật điện tử - viễn thông (gồm các chương trình: Kỹ thuật điện tử -viễn thông; Công nghệ bán dẫn và thiết kế vi mạch)
158437,TLA,ky-thuat-dien-tu-vien-thong,C01,Điểm học bạ,2025,27.06,Kỹ thuật điện tử - viễn thông (gồm các chương trình: Kỹ thuật điện tử -viễn thông; Công nghệ bán dẫn và thiết kế vi mạch)
158438,TLA,ky-thuat-dien-tu-vien-thong,D01,Điểm học bạ,2025,27.06,Kỹ thuật điện tử - viễn thông (gồm các chương trình: Kỹ thuật điện tử -viễn thông; Công nghệ bán dẫn và thiết kế vi mạch)
158439,TLA,ky-thuat-dien-tu-vien-thong,D07,Điểm học bạ,2025,27.06,Kỹ thuật điện tử - viễn thông (gồm các chương trình: Kỹ thuật điện tử -viễn thông; Công nghệ bán dẫn và thiết kế vi mạch)
158440,TLA,ky-thuat-dien-tu-vien-thong,X02,Điểm học bạ,2025,27.06,Kỹ thuật điện tử - viễn thông (gồm các chương trình: Kỹ thuật điện tử -viễn thông; Công nghệ bán dẫn và thiết kế vi mạch)
158441,TLA,ky-thuat-dien-tu-vien-thong,X06,Điểm học bạ,2025,27.06,Kỹ thuật điện tử - viễn thông (gồm các chương trình: Kỹ thuật điện tử -viễn thông; Công nghệ bán dẫn và thiết kế vi mạch)
158442,TLA,ky-thuat-dien-tu-vien-thong,X26,Điểm học bạ,2025,27.06,Kỹ thuật điện tử - viễn thông (gồm các chương trình: Kỹ thuật điện tử -viễn thông; Công nghệ bán dẫn và thiết kế vi mạch)
158443,TLA,ky-thuat-dien-tu-vien-thong,A00,Điểm thi THPT,2025,22.5,Kỹ thuật điện tử - viễn thông (gồm các chương trình: Kỹ thuật điện tử -viễn thông; Công nghệ bán dẫn và thiết kế vi mạch)
158444,TLA,ky-thuat-dien-tu-vien-thong,A01,Điểm thi THPT,2025,22.5,Kỹ thuật điện tử - viễn thông (gồm các chương trình: Kỹ thuật điện tử -viễn thông; Công nghệ bán dẫn và thiết kế vi mạch)
158445,TLA,ky-thuat-dien-tu-vien-thong,C01,Điểm thi THPT,2025,22.5,Kỹ thuật điện tử - viễn thông (gồm các chương trình: Kỹ thuật điện tử -viễn thông; Công nghệ bán dẫn và thiết kế vi mạch)
158446,TLA,ky-thuat-dien-tu-vien-thong,D01,Điểm thi THPT,2025,22.5,Kỹ thuật điện tử - viễn thông (gồm các chương trình: Kỹ thuật điện tử -viễn thông; Công nghệ bán dẫn và thiết kế vi mạch)
158447,TLA,ky-thuat-dien-tu-vien-thong,D07,Điểm thi THPT,2025,22.5,Kỹ thuật điện tử - viễn thông (gồm các chương trình: Kỹ thuật điện tử -viễn thông; Công nghệ bán dẫn và thiết kế vi mạch)
158448,TLA,ky-thuat-dien-tu-vien-thong,X02,Điểm thi THPT,2025,22.5,Kỹ thuật điện tử - viễn thông (gồm các chương trình: Kỹ thuật điện tử -viễn thông; Công nghệ bán dẫn và thiết kế vi mạch)
158449,TLA,ky-thuat-dien-tu-vien-thong,X06,Điểm thi THPT,2025,22.5,Kỹ thuật điện tử - viễn thông (gồm các chương trình: Kỹ thuật điện tử -viễn thông; Công nghệ bán dẫn và thiết kế vi mạch)
158450,TLA,ky-thuat-dien-tu-vien-thong,X26,Điểm thi THPT,2025,22.5,Kỹ thuật điện tử - viễn thông (gồm các chương trình: Kỹ thuật điện tử -viễn thông; Công nghệ bán dẫn và thiết kế vi mạch)
158451,TLA,ky-thuat-dieu-khien-va-tu-dong-hoa,A00,Điểm học bạ,2021,24.51,Kỹ thuật điều khiển và tự động hóa
158452,TLA,ky-thuat-dieu-khien-va-tu-dong-hoa,A01,Điểm học bạ,2021,24.51,Kỹ thuật điều khiển và tự động hóa
158453,TLA,ky-thuat-dieu-khien-va-tu-dong-hoa,D01,Điểm học bạ,2021,24.51,Kỹ thuật điều khiển và tự động hóa
158454,TLA,ky-thuat-dieu-khien-va-tu-dong-hoa,D07,Điểm học bạ,2021,24.51,Kỹ thuật điều khiển và tự động hóa
158455,TLA,ky-thuat-dieu-khien-va-tu-dong-hoa,A00,Điểm thi THPT,2021,24.1,Kỹ thuật điều khiển và tự động hóa
158456,TLA,ky-thuat-dieu-khien-va-tu-dong-hoa,A01,Điểm thi THPT,2021,24.1,Kỹ thuật điều khiển và tự động hóa
158457,TLA,ky-thuat-dieu-khien-va-tu-dong-hoa,D01,Điểm thi THPT,2021,24.1,Kỹ thuật điều khiển và tự động hóa
158458,TLA,ky-thuat-dieu-khien-va-tu-dong-hoa,D07,Điểm thi THPT,2021,24.1,Kỹ thuật điều khiển và tự động hóa
158459,TLA,ky-thuat-dieu-khien-va-tu-dong-hoa,A00,Điểm học bạ,2022,25.5,Kỹ thuật điều khiển và tự động hóa
158460,TLA,ky-thuat-dieu-khien-va-tu-dong-hoa,A01,Điểm học bạ,2022,25.5,Kỹ thuật điều khiển và tự động hóa
158461,TLA,ky-thuat-dieu-khien-va-tu-dong-hoa,D01,Điểm học bạ,2022,25.5,Kỹ thuật điều khiển và tự động hóa
158462,TLA,ky-thuat-dieu-khien-va-tu-dong-hoa,D07,Điểm học bạ,2022,25.5,Kỹ thuật điều khiển và tự động hóa
158463,TLA,ky-thuat-dieu-khien-va-tu-dong-hoa,A00,Điểm thi THPT,2022,25.0,Kỹ thuật điều khiển và tự động hóa
158464,TLA,ky-thuat-dieu-khien-va-tu-dong-hoa,A01,Điểm thi THPT,2022,25.0,Kỹ thuật điều khiển và tự động hóa
158465,TLA,ky-thuat-dieu-khien-va-tu-dong-hoa,D01,Điểm thi THPT,2022,25.0,Kỹ thuật điều khiển và tự động hóa
158466,TLA,ky-thuat-dieu-khien-va-tu-dong-hoa,D07,Điểm thi THPT,2022,25.0,Kỹ thuật điều khiển và tự động hóa
158467,TLA,ky-thuat-dieu-khien-va-tu-dong-hoa,A00,Điểm học bạ,2023,28.0,Kỹ thuật điều khiển và tự động hóa
158468,TLA,ky-thuat-dieu-khien-va-tu-dong-hoa,A01,Điểm học bạ,2023,28.0,Kỹ thuật điều khiển và tự động hóa
158469,TLA,ky-thuat-dieu-khien-va-tu-dong-hoa,D01,Điểm học bạ,2023,28.0,Kỹ thuật điều khiển và tự động hóa
158470,TLA,ky-thuat-dieu-khien-va-tu-dong-hoa,D07,Điểm học bạ,2023,28.0,Kỹ thuật điều khiển và tự động hóa
158471,TLA,ky-thuat-dieu-khien-va-tu-dong-hoa,A00,Điểm thi THPT,2023,25.41,Kỹ thuật điều khiển và tự động hóa
158472,TLA,ky-thuat-dieu-khien-va-tu-dong-hoa,A01,Điểm thi THPT,2023,25.41,Kỹ thuật điều khiển và tự động hóa
158473,TLA,ky-thuat-dieu-khien-va-tu-dong-hoa,D01,Điểm thi THPT,2023,25.41,Kỹ thuật điều khiển và tự động hóa
158474,TLA,ky-thuat-dieu-khien-va-tu-dong-hoa,D07,Điểm thi THPT,2023,25.41,Kỹ thuật điều khiển và tự động hóa
158475,TLA,ky-thuat-dieu-khien-va-tu-dong-hoa,A00,Điểm học bạ,2024,27.75,Kỹ thuật điều khiển và tự động hóa
158476,TLA,ky-thuat-dieu-khien-va-tu-dong-hoa,A01,Điểm học bạ,2024,27.75,Kỹ thuật điều khiển và tự động hóa
158477,TLA,ky-thuat-dieu-khien-va-tu-dong-hoa,D01,Điểm học bạ,2024,27.75,Kỹ thuật điều khiển và tự động hóa
158478,TLA,ky-thuat-dieu-khien-va-tu-dong-hoa,D07,Điểm học bạ,2024,27.75,Kỹ thuật điều khiển và tự động hóa
158479,TLA,ky-thuat-dieu-khien-va-tu-dong-hoa,A00,Điểm thi THPT,2024,25.1,Kỹ thuật điều khiển và tự động hóa
158480,TLA,ky-thuat-dieu-khien-va-tu-dong-hoa,A01,Điểm thi THPT,2024,25.1,Kỹ thuật điều khiển và tự động hóa
158481,TLA,ky-thuat-dieu-khien-va-tu-dong-hoa,D01,Điểm thi THPT,2024,25.1,Kỹ thuật điều khiển và tự động hóa
158482,TLA,ky-thuat-dieu-khien-va-tu-dong-hoa,D07,Điểm thi THPT,2024,25.1,Kỹ thuật điều khiển và tự động hóa
158483,TLA,ky-thuat-dieu-khien-va-tu-dong-hoa,A00,Điểm học bạ,2025,28.87,Kỹ thuật điều khiển và tự động hóa
158484,TLA,ky-thuat-dieu-khien-va-tu-dong-hoa,A01,Điểm học bạ,2025,28.87,Kỹ thuật điều khiển và tự động hóa
158485,TLA,ky-thuat-dieu-khien-va-tu-dong-hoa,C01,Điểm học bạ,2025,28.87,Kỹ thuật điều khiển và tự động hóa
158486,TLA,ky-thuat-dieu-khien-va-tu-dong-hoa,D01,Điểm học bạ,2025,28.87,Kỹ thuật điều khiển và tự động hóa
158487,TLA,ky-thuat-dieu-khien-va-tu-dong-hoa,D07,Điểm học bạ,2025,28.87,Kỹ thuật điều khiển và tự động hóa
158488,TLA,ky-thuat-dieu-khien-va-tu-dong-hoa,X02,Điểm học bạ,2025,28.87,Kỹ thuật điều khiển và tự động hóa
158489,TLA,ky-thuat-dieu-khien-va-tu-dong-hoa,X06,Điểm học bạ,2025,28.87,Kỹ thuật điều khiển và tự động hóa
158490,TLA,ky-thuat-dieu-khien-va-tu-dong-hoa,X26,Điểm học bạ,2025,28.87,Kỹ thuật điều khiển và tự động hóa
158491,TLA,ky-thuat-dieu-khien-va-tu-dong-hoa,A00,Điểm thi THPT,2025,24.1,Kỹ thuật điều khiển và tự động hóa
158492,TLA,ky-thuat-dieu-khien-va-tu-dong-hoa,A01,Điểm thi THPT,2025,24.1,Kỹ thuật điều khiển và tự động hóa
158493,TLA,ky-thuat-dieu-khien-va-tu-dong-hoa,C01,Điểm thi THPT,2025,24.1,Kỹ thuật điều khiển và tự động hóa
158494,TLA,ky-thuat-dieu-khien-va-tu-dong-hoa,D01,Điểm thi THPT,2025,24.1,Kỹ thuật điều khiển và tự động hóa
158495,TLA,ky-thuat-dieu-khien-va-tu-dong-hoa,D07,Điểm thi THPT,2025,24.1,Kỹ thuật điều khiển và tự động hóa
158496,TLA,ky-thuat-dieu-khien-va-tu-dong-hoa,X02,Điểm thi THPT,2025,24.1,Kỹ thuật điều khiển và tự động hóa
158497,TLA,ky-thuat-dieu-khien-va-tu-dong-hoa,X06,Điểm thi THPT,2025,24.1,Kỹ thuật điều khiển và tự động hóa
158498,TLA,ky-thuat-dieu-khien-va-tu-dong-hoa,X26,Điểm thi THPT,2025,24.1,Kỹ thuật điều khiển và tự động hóa
158499,TLA,ky-thuat-hoa-hoc,A00,Điểm học bạ,2021,19.06,Kỹ thuật hóa học
158500,TLA,ky-thuat-hoa-hoc,B00,Điểm học bạ,2021,19.06,Kỹ thuật hóa học
158501,TLA,ky-thuat-hoa-hoc,D07,Điểm học bạ,2021,19.06,Kỹ thuật hóa học
158502,TLA,ky-thuat-hoa-hoc,A00,Điểm thi THPT,2021,16.15,Kỹ thuật hóa học
158503,TLA,ky-thuat-hoa-hoc,B00,Điểm thi THPT,2021,16.15,Kỹ thuật hóa học
158504,TLA,ky-thuat-hoa-hoc,D07,Điểm thi THPT,2021,16.15,Kỹ thuật hóa học
158505,TLA,ky-thuat-hoa-hoc,A00,Điểm học bạ,2022,19.2,Kỹ thuật hóa học
158506,TLA,ky-thuat-hoa-hoc,B00,Điểm học bạ,2022,19.2,Kỹ thuật hóa học
158507,TLA,ky-thuat-hoa-hoc,D07,Điểm học bạ,2022,19.2,Kỹ thuật hóa học
158508,TLA,ky-thuat-hoa-hoc,A00,Điểm thi THPT,2022,17.65,Kỹ thuật hóa học
158509,TLA,ky-thuat-hoa-hoc,B00,Điểm thi THPT,2022,17.65,Kỹ thuật hóa học
158510,TLA,ky-thuat-hoa-hoc,D07,Điểm thi THPT,2022,17.65,Kỹ thuật hóa học
158511,TLA,ky-thuat-hoa-hoc,A00,Điểm học bạ,2023,23.0,Kỹ thuật hóa học
158512,TLA,ky-thuat-hoa-hoc,B00,Điểm học bạ,2023,23.0,Kỹ thuật hóa học
158513,TLA,ky-thuat-hoa-hoc,C02,Điểm học bạ,2023,23.0,Kỹ thuật hóa học
158514,TLA,ky-thuat-hoa-hoc,D07,Điểm học bạ,2023,23.0,Kỹ thuật hóa học
158515,TLA,ky-thuat-hoa-hoc,A00,Điểm thi THPT,2023,20.15,Kỹ thuật hóa học
158516,TLA,ky-thuat-hoa-hoc,B00,Điểm thi THPT,2023,20.15,Kỹ thuật hóa học
158517,TLA,ky-thuat-hoa-hoc,D07,Điểm thi THPT,2023,20.15,Kỹ thuật hóa học
158518,TLA,ky-thuat-hoa-hoc,A00,Điểm học bạ,2024,22.51,Kỹ thuật hóa học
158519,TLA,ky-thuat-hoa-hoc,B00,Điểm học bạ,2024,22.51,Kỹ thuật hóa học
158520,TLA,ky-thuat-hoa-hoc,C02,Điểm học bạ,2024,22.51,Kỹ thuật hóa học
158521,TLA,ky-thuat-hoa-hoc,D07,Điểm học bạ,2024,22.51,Kỹ thuật hóa học
158522,TLA,ky-thuat-hoa-hoc,A00,Điểm thi THPT,2024,23.15,Kỹ thuật hóa học
158523,TLA,ky-thuat-hoa-hoc,B00,Điểm thi THPT,2024,23.15,Kỹ thuật hóa học
158524,TLA,ky-thuat-hoa-hoc,C02,Điểm thi THPT,2024,23.15,Kỹ thuật hóa học
158525,TLA,ky-thuat-hoa-hoc,D07,Điểm thi THPT,2024,23.15,Kỹ thuật hóa học
158526,TLA,ky-thuat-hoa-hoc,A00,Điểm học bạ,2025,25.21,Kỹ thuật hóa học
158527,TLA,ky-thuat-hoa-hoc,B00,Điểm học bạ,2025,25.21,Kỹ thuật hóa học
158528,TLA,ky-thuat-hoa-hoc,C02,Điểm học bạ,2025,25.21,Kỹ thuật hóa học
158529,TLA,ky-thuat-hoa-hoc,C05,Điểm học bạ,2025,25.21,Kỹ thuật hóa học
158530,TLA,ky-thuat-hoa-hoc,D07,Điểm học bạ,2025,25.21,Kỹ thuật hóa học
158531,TLA,ky-thuat-hoa-hoc,X09,Điểm học bạ,2025,25.21,Kỹ thuật hóa học
158532,TLA,ky-thuat-hoa-hoc,X10,Điểm học bạ,2025,25.21,Kỹ thuật hóa học
158533,TLA,ky-thuat-hoa-hoc,A00,Điểm thi THPT,2025,20.5,Kỹ thuật hóa học
158534,TLA,ky-thuat-hoa-hoc,B00,Điểm thi THPT,2025,20.5,Kỹ thuật hóa học
158535,TLA,ky-thuat-hoa-hoc,C02,Điểm thi THPT,2025,20.5,Kỹ thuật hóa học
158536,TLA,ky-thuat-hoa-hoc,C05,Điểm thi THPT,2025,20.5,Kỹ thuật hóa học
158537,TLA,ky-thuat-hoa-hoc,D07,Điểm thi THPT,2025,20.5,Kỹ thuật hóa học
158538,TLA,ky-thuat-hoa-hoc,X09,Điểm thi THPT,2025,20.5,Kỹ thuật hóa học
158539,TLA,ky-thuat-hoa-hoc,X10,Điểm thi THPT,2025,20.5,Kỹ thuật hóa học
158540,TLA,ky-thuat-moi-truong,A00,Điểm học bạ,2021,18.4,Kỹ thuật môi trường
158541,TLA,ky-thuat-moi-truong,A01,Điểm học bạ,2021,18.4,Kỹ thuật môi trường
158542,TLA,ky-thuat-moi-truong,B00,Điểm học bạ,2021,18.4,Kỹ thuật môi trường
158543,TLA,ky-thuat-moi-truong,D01,Điểm học bạ,2021,18.4,Kỹ thuật môi trường
158544,TLA,ky-thuat-moi-truong,A00,Điểm thi THPT,2021,16.05,Kỹ thuật môi trường
158545,TLA,ky-thuat-moi-truong,A01,Điểm thi THPT,2021,16.05,Kỹ thuật môi trường
158546,TLA,ky-thuat-moi-truong,B00,Điểm thi THPT,2021,16.05,Kỹ thuật môi trường
158547,TLA,ky-thuat-moi-truong,D01,Điểm thi THPT,2021,16.05,Kỹ thuật môi trường
158548,TLA,ky-thuat-moi-truong,A00,Điểm học bạ,2022,19.32,Kỹ thuật môi trường
158549,TLA,ky-thuat-moi-truong,A01,Điểm học bạ,2022,19.32,Kỹ thuật môi trường
158550,TLA,ky-thuat-moi-truong,B00,Điểm học bạ,2022,19.32,Kỹ thuật môi trường
158551,TLA,ky-thuat-moi-truong,D01,Điểm học bạ,2022,19.32,Kỹ thuật môi trường
158552,TLA,ky-thuat-moi-truong,A00,Điểm thi THPT,2022,18.4,Kỹ thuật môi trường
158553,TLA,ky-thuat-moi-truong,A01,Điểm thi THPT,2022,18.4,Kỹ thuật môi trường
158554,TLA,ky-thuat-moi-truong,B00,Điểm thi THPT,2022,18.4,Kỹ thuật môi trường
158555,TLA,ky-thuat-moi-truong,D01,Điểm thi THPT,2022,18.4,Kỹ thuật môi trường
158556,TLA,ky-thuat-moi-truong,A00,Điểm học bạ,2023,22.0,Kỹ thuật môi trường
158557,TLA,ky-thuat-moi-truong,A01,Điểm học bạ,2023,22.0,Kỹ thuật môi trường
158558,TLA,ky-thuat-moi-truong,B00,Điểm học bạ,2023,22.0,Kỹ thuật môi trường
158559,TLA,ky-thuat-moi-truong,D01,Điểm học bạ,2023,22.0,Kỹ thuật môi trường
158560,TLA,ky-thuat-moi-truong,A00,Điểm thi THPT,2023,20.05,Kỹ thuật môi trường
158561,TLA,ky-thuat-moi-truong,A01,Điểm thi THPT,2023,20.05,Kỹ thuật môi trường
158562,TLA,ky-thuat-moi-truong,B00,Điểm thi THPT,2023,20.05,Kỹ thuật môi trường
158563,TLA,ky-thuat-moi-truong,D01,Điểm thi THPT,2023,20.05,Kỹ thuật môi trường
158564,TLA,ky-thuat-moi-truong,A00,Điểm học bạ,2024,20.51,Kỹ thuật môi trường
158565,TLA,ky-thuat-moi-truong,A01,Điểm học bạ,2024,20.51,Kỹ thuật môi trường
158566,TLA,ky-thuat-moi-truong,D01,Điểm học bạ,2024,20.51,Kỹ thuật môi trường
158567,TLA,ky-thuat-moi-truong,D07,Điểm học bạ,2024,20.51,Kỹ thuật môi trường
158568,TLA,ky-thuat-moi-truong,A00,Điểm thi THPT,2024,21.7,Kỹ thuật môi trường
158569,TLA,ky-thuat-moi-truong,A01,Điểm thi THPT,2024,21.7,Kỹ thuật môi trường
158570,TLA,ky-thuat-moi-truong,D01,Điểm thi THPT,2024,21.7,Kỹ thuật môi trường
158571,TLA,ky-thuat-moi-truong,D07,Điểm thi THPT,2024,21.7,Kỹ thuật môi trường
158572,TLA,ky-thuat-moi-truong,A00,Điểm học bạ,2025,22.27,Kỹ thuật môi trường
158573,TLA,ky-thuat-moi-truong,A01,Điểm học bạ,2025,22.27,Kỹ thuật môi trường
158574,TLA,ky-thuat-moi-truong,C01,Điểm học bạ,2025,22.27,Kỹ thuật môi trường
158575,TLA,ky-thuat-moi-truong,C02,Điểm học bạ,2025,22.27,Kỹ thuật môi trường
158576,TLA,ky-thuat-moi-truong,D01,Điểm học bạ,2025,22.27,Kỹ thuật môi trường
158577,TLA,ky-thuat-moi-truong,D07,Điểm học bạ,2025,22.27,Kỹ thuật môi trường
158578,TLA,ky-thuat-moi-truong,X02,Điểm học bạ,2025,22.27,Kỹ thuật môi trường
158579,TLA,ky-thuat-moi-truong,X10,Điểm học bạ,2025,22.27,Kỹ thuật môi trường
158580,TLA,ky-thuat-moi-truong,A00,Điểm thi THPT,2025,17.75,Kỹ thuật môi trường
158581,TLA,ky-thuat-moi-truong,A01,Điểm thi THPT,2025,17.75,Kỹ thuật môi trường
158582,TLA,ky-thuat-moi-truong,C01,Điểm thi THPT,2025,17.75,Kỹ thuật môi trường
158583,TLA,ky-thuat-moi-truong,C02,Điểm thi THPT,2025,17.75,Kỹ thuật môi trường
158584,TLA,ky-thuat-moi-truong,D01,Điểm thi THPT,2025,17.75,Kỹ thuật môi trường
158585,TLA,ky-thuat-moi-truong,D07,Điểm thi THPT,2025,17.75,Kỹ thuật môi trường
158586,TLA,ky-thuat-moi-truong,X02,Điểm thi THPT,2025,17.75,Kỹ thuật môi trường
158587,TLA,ky-thuat-moi-truong,X10,Điểm thi THPT,2025,17.75,Kỹ thuật môi trường
158588,TLA,ky-thuat-o-to,A00,Điểm học bạ,2021,24.5,Kỹ thuật ô tô (4)
158589,TLA,ky-thuat-o-to,A01,Điểm học bạ,2021,24.5,Kỹ thuật ô tô (4)
158590,TLA,ky-thuat-o-to,D01,Điểm học bạ,2021,24.5,Kỹ thuật ô tô (4)
158591,TLA,ky-thuat-o-to,D07,Điểm học bạ,2021,24.5,Kỹ thuật ô tô (4)
158592,TLA,ky-thuat-o-to,A00,Điểm thi THPT,2021,24.25,Kỹ thuật ô tô (4)
158593,TLA,ky-thuat-o-to,A01,Điểm thi THPT,2021,24.25,Kỹ thuật ô tô (4)
158594,TLA,ky-thuat-o-to,D01,Điểm thi THPT,2021,24.25,Kỹ thuật ô tô (4)
158595,TLA,ky-thuat-o-to,D07,Điểm thi THPT,2021,24.25,Kỹ thuật ô tô (4)
158596,TLA,ky-thuat-o-to,A00,Điểm học bạ,2022,25.5,Kỹ thuật ô tô
158597,TLA,ky-thuat-o-to,A01,Điểm học bạ,2022,25.5,Kỹ thuật ô tô
158598,TLA,ky-thuat-o-to,D01,Điểm học bạ,2022,25.5,Kỹ thuật ô tô
158599,TLA,ky-thuat-o-to,D07,Điểm học bạ,2022,25.5,Kỹ thuật ô tô
158600,TLA,ky-thuat-o-to,A00,Điểm thi THPT,2022,24.55,Kỹ thuật ô tô
158601,TLA,ky-thuat-o-to,A01,Điểm thi THPT,2022,24.55,Kỹ thuật ô tô
158602,TLA,ky-thuat-o-to,D01,Điểm thi THPT,2022,24.55,Kỹ thuật ô tô
158603,TLA,ky-thuat-o-to,D07,Điểm thi THPT,2022,24.55,Kỹ thuật ô tô
158604,TLA,ky-thuat-o-to,A00,Điểm học bạ,2023,27.67,Kỹ thuật ô tô
158605,TLA,ky-thuat-o-to,A01,Điểm học bạ,2023,27.67,Kỹ thuật ô tô
158606,TLA,ky-thuat-o-to,D01,Điểm học bạ,2023,27.67,Kỹ thuật ô tô
158607,TLA,ky-thuat-o-to,D07,Điểm học bạ,2023,27.67,Kỹ thuật ô tô
158608,TLA,ky-thuat-o-to,A00,Điểm thi THPT,2023,24.3,Kỹ thuật ô tô
158609,TLA,ky-thuat-o-to,A01,Điểm thi THPT,2023,24.3,Kỹ thuật ô tô
158610,TLA,ky-thuat-o-to,D01,Điểm thi THPT,2023,24.3,Kỹ thuật ô tô
158611,TLA,ky-thuat-o-to,D07,Điểm thi THPT,2023,24.3,Kỹ thuật ô tô
158612,TLA,ky-thuat-o-to,A00,Điểm học bạ,2024,27.01,Kỹ thuật ô tô
158613,TLA,ky-thuat-o-to,A01,Điểm học bạ,2024,27.01,Kỹ thuật ô tô
158614,TLA,ky-thuat-o-to,D01,Điểm học bạ,2024,27.01,Kỹ thuật ô tô
158615,TLA,ky-thuat-o-to,D07,Điểm học bạ,2024,27.01,Kỹ thuật ô tô
158616,TLA,ky-thuat-o-to,A00,Điểm thi THPT,2024,24.4,Kỹ thuật ô tô
158617,TLA,ky-thuat-o-to,A01,Điểm thi THPT,2024,24.4,Kỹ thuật ô tô
158618,TLA,ky-thuat-o-to,D01,Điểm thi THPT,2024,24.4,Kỹ thuật ô tô
158619,TLA,ky-thuat-o-to,D07,Điểm thi THPT,2024,24.4,Kỹ thuật ô tô
158620,TLA,ky-thuat-o-to,A00,Điểm học bạ,2025,27.06,Kỹ thuật ô tô
158621,TLA,ky-thuat-o-to,A01,Điểm học bạ,2025,27.06,Kỹ thuật ô tô
158622,TLA,ky-thuat-o-to,C01,Điểm học bạ,2025,27.06,Kỹ thuật ô tô
158623,TLA,ky-thuat-o-to,D01,Điểm học bạ,2025,27.06,Kỹ thuật ô tô
158624,TLA,ky-thuat-o-to,D07,Điểm học bạ,2025,27.06,Kỹ thuật ô tô
158625,TLA,ky-thuat-o-to,X02,Điểm học bạ,2025,27.06,Kỹ thuật ô tô
158626,TLA,ky-thuat-o-to,X06,Điểm học bạ,2025,27.06,Kỹ thuật ô tô
158627,TLA,ky-thuat-o-to,X26,Điểm học bạ,2025,27.06,Kỹ thuật ô tô
158628,TLA,ky-thuat-o-to,A00,Điểm thi THPT,2025,22.5,Kỹ thuật ô tô
158629,TLA,ky-thuat-o-to,A01,Điểm thi THPT,2025,22.5,Kỹ thuật ô tô
158630,TLA,ky-thuat-o-to,C01,Điểm thi THPT,2025,22.5,Kỹ thuật ô tô
158631,TLA,ky-thuat-o-to,D01,Điểm thi THPT,2025,22.5,Kỹ thuật ô tô
158632,TLA,ky-thuat-o-to,D07,Điểm thi THPT,2025,22.5,Kỹ thuật ô tô
158633,TLA,ky-thuat-o-to,X02,Điểm thi THPT,2025,22.5,Kỹ thuật ô tô
158634,TLA,ky-thuat-o-to,X06,Điểm thi THPT,2025,22.5,Kỹ thuật ô tô
158635,TLA,ky-thuat-o-to,X26,Điểm thi THPT,2025,22.5,Kỹ thuật ô tô
158636,TLA,ky-thuat-phan-mem,A00,Điểm học bạ,2021,24.0,Kỹ thuật phần mềm
158637,TLA,ky-thuat-phan-mem,A01,Điểm học bạ,2021,24.0,Kỹ thuật phần mềm
158638,TLA,ky-thuat-phan-mem,D01,Điểm học bạ,2021,24.0,Kỹ thuật phần mềm
158639,TLA,ky-thuat-phan-mem,D07,Điểm học bạ,2021,24.0,Kỹ thuật phần mềm
158640,TLA,ky-thuat-phan-mem,A00,Điểm thi THPT,2021,24.6,Kỹ thuật phần mềm
158641,TLA,ky-thuat-phan-mem,A01,Điểm thi THPT,2021,24.6,Kỹ thuật phần mềm
158642,TLA,ky-thuat-phan-mem,D01,Điểm thi THPT,2021,24.6,Kỹ thuật phần mềm
158643,TLA,ky-thuat-phan-mem,D07,Điểm thi THPT,2021,24.6,Kỹ thuật phần mềm
158644,TLA,ky-thuat-phan-mem,A00,Điểm học bạ,2022,24.53,Kỹ thuật phần mềm
158645,TLA,ky-thuat-phan-mem,A01,Điểm học bạ,2022,24.53,Kỹ thuật phần mềm
158646,TLA,ky-thuat-phan-mem,D01,Điểm học bạ,2022,24.53,Kỹ thuật phần mềm
158647,TLA,ky-thuat-phan-mem,D07,Điểm học bạ,2022,24.53,Kỹ thuật phần mềm
158648,TLA,ky-thuat-phan-mem,A00,Điểm thi THPT,2022,25.8,Kỹ thuật phần mềm
158649,TLA,ky-thuat-phan-mem,A01,Điểm thi THPT,2022,25.8,Kỹ thuật phần mềm
158650,TLA,ky-thuat-phan-mem,D01,Điểm thi THPT,2022,25.8,Kỹ thuật phần mềm
158651,TLA,ky-thuat-phan-mem,D07,Điểm thi THPT,2022,25.8,Kỹ thuật phần mềm
158652,TLA,ky-thuat-phan-mem,A00,Điểm học bạ,2023,28.5,Kỹ thuật phần mềm
158653,TLA,ky-thuat-phan-mem,A01,Điểm học bạ,2023,28.5,Kỹ thuật phần mềm
158654,TLA,ky-thuat-phan-mem,D01,Điểm học bạ,2023,28.5,Kỹ thuật phần mềm
158655,TLA,ky-thuat-phan-mem,D07,Điểm học bạ,2023,28.5,Kỹ thuật phần mềm
158656,TLA,ky-thuat-phan-mem,A00,Điểm thi THPT,2023,24.68,Kỹ thuật phần mềm
158657,TLA,ky-thuat-phan-mem,A01,Điểm thi THPT,2023,24.68,Kỹ thuật phần mềm
158658,TLA,ky-thuat-phan-mem,D01,Điểm thi THPT,2023,24.68,Kỹ thuật phần mềm
158659,TLA,ky-thuat-phan-mem,D07,Điểm thi THPT,2023,24.68,Kỹ thuật phần mềm
158660,TLA,ky-thuat-phan-mem,A00,Điểm học bạ,2024,27.09,Kỹ thuật phần mềm
158661,TLA,ky-thuat-phan-mem,A01,Điểm học bạ,2024,27.09,Kỹ thuật phần mềm
158662,TLA,ky-thuat-phan-mem,D01,Điểm học bạ,2024,27.09,Kỹ thuật phần mềm
158663,TLA,ky-thuat-phan-mem,D07,Điểm học bạ,2024,27.09,Kỹ thuật phần mềm
158664,TLA,ky-thuat-phan-mem,A00,Điểm thi THPT,2024,24.87,Kỹ thuật phần mềm
158665,TLA,ky-thuat-phan-mem,A01,Điểm thi THPT,2024,24.87,Kỹ thuật phần mềm
158666,TLA,ky-thuat-phan-mem,D01,Điểm thi THPT,2024,24.87,Kỹ thuật phần mềm
158667,TLA,ky-thuat-phan-mem,D07,Điểm thi THPT,2024,24.87,Kỹ thuật phần mềm
158668,TLA,ky-thuat-phan-mem,A00,Điểm học bạ,2025,26.11,Kỹ thuật phần mềm
158669,TLA,ky-thuat-phan-mem,A01,Điểm học bạ,2025,26.11,Kỹ thuật phần mềm
158670,TLA,ky-thuat-phan-mem,C01,Điểm học bạ,2025,26.11,Kỹ thuật phần mềm
158671,TLA,ky-thuat-phan-mem,D01,Điểm học bạ,2025,26.11,Kỹ thuật phần mềm
158672,TLA,ky-thuat-phan-mem,D07,Điểm học bạ,2025,26.11,Kỹ thuật phần mềm
158673,TLA,ky-thuat-phan-mem,X02,Điểm học bạ,2025,26.11,Kỹ thuật phần mềm
158674,TLA,ky-thuat-phan-mem,X06,Điểm học bạ,2025,26.11,Kỹ thuật phần mềm
158675,TLA,ky-thuat-phan-mem,X26,Điểm học bạ,2025,26.11,Kỹ thuật phần mềm
158676,TLA,ky-thuat-phan-mem,A00,Điểm thi THPT,2025,21.55,Kỹ thuật phần mềm
158677,TLA,ky-thuat-phan-mem,A01,Điểm thi THPT,2025,21.55,Kỹ thuật phần mềm
158678,TLA,ky-thuat-phan-mem,C01,Điểm thi THPT,2025,21.55,Kỹ thuật phần mềm
158679,TLA,ky-thuat-phan-mem,D01,Điểm thi THPT,2025,21.55,Kỹ thuật phần mềm
158680,TLA,ky-thuat-phan-mem,D07,Điểm thi THPT,2025,21.55,Kỹ thuật phần mềm
158681,TLA,ky-thuat-phan-mem,X02,Điểm thi THPT,2025,21.55,Kỹ thuật phần mềm
158682,TLA,ky-thuat-phan-mem,X06,Điểm thi THPT,2025,21.55,Kỹ thuật phần mềm
158683,TLA,ky-thuat-phan-mem,X26,Điểm thi THPT,2025,21.55,Kỹ thuật phần mềm
158684,TLA,ky-thuat-robot-va-dieu-khien-thong-minh,A00,Điểm học bạ,2022,22.39,Kỹ thuật Robot và Điều khiển thông minh
158685,TLA,ky-thuat-robot-va-dieu-khien-thong-minh,A01,Điểm học bạ,2022,22.39,Kỹ thuật Robot và Điều khiển thông minh
158686,TLA,ky-thuat-robot-va-dieu-khien-thong-minh,D01,Điểm học bạ,2022,22.39,Kỹ thuật Robot và Điều khiển thông minh
158687,TLA,ky-thuat-robot-va-dieu-khien-thong-minh,D07,Điểm học bạ,2022,22.39,Kỹ thuật Robot và Điều khiển thông minh
158688,TLA,ky-thuat-robot-va-dieu-khien-thong-minh,A00,Điểm thi THPT,2022,22.65,Kỹ thuật Robot và Điều khiển thông minh
158689,TLA,ky-thuat-robot-va-dieu-khien-thong-minh,A01,Điểm thi THPT,2022,22.65,Kỹ thuật Robot và Điều khiển thông minh
158690,TLA,ky-thuat-robot-va-dieu-khien-thong-minh,D01,Điểm thi THPT,2022,22.65,Kỹ thuật Robot và Điều khiển thông minh
158691,TLA,ky-thuat-robot-va-dieu-khien-thong-minh,D07,Điểm thi THPT,2022,22.65,Kỹ thuật Robot và Điều khiển thông minh
158692,TLA,ky-thuat-robot-va-dieu-khien-thong-minh,A00,Điểm học bạ,2023,27.0,Kỹ thuật Robot và Điều khiển thông minh
158693,TLA,ky-thuat-robot-va-dieu-khien-thong-minh,A01,Điểm học bạ,2023,27.0,Kỹ thuật Robot và Điều khiển thông minh
158694,TLA,ky-thuat-robot-va-dieu-khien-thong-minh,D01,Điểm học bạ,2023,27.0,Kỹ thuật Robot và Điều khiển thông minh
158695,TLA,ky-thuat-robot-va-dieu-khien-thong-minh,D07,Điểm học bạ,2023,27.0,Kỹ thuật Robot và Điều khiển thông minh
158696,TLA,ky-thuat-robot-va-dieu-khien-thong-minh,A00,Điểm thi THPT,2023,23.72,Kỹ thuật Robot và Điều khiển thông minh
158697,TLA,ky-thuat-robot-va-dieu-khien-thong-minh,A01,Điểm thi THPT,2023,23.72,Kỹ thuật Robot và Điều khiển thông minh
158698,TLA,ky-thuat-robot-va-dieu-khien-thong-minh,D01,Điểm thi THPT,2023,23.72,Kỹ thuật Robot và Điều khiển thông minh
158699,TLA,ky-thuat-robot-va-dieu-khien-thong-minh,D07,Điểm thi THPT,2023,23.72,Kỹ thuật Robot và Điều khiển thông minh
158700,TLA,ky-thuat-robot-va-dieu-khien-thong-minh,A00,Điểm học bạ,2024,24.51,Kỹ thuật Robot và Điều khiển thông minh
158701,TLA,ky-thuat-robot-va-dieu-khien-thong-minh,A01,Điểm học bạ,2024,24.51,Kỹ thuật Robot và Điều khiển thông minh
158702,TLA,ky-thuat-robot-va-dieu-khien-thong-minh,D01,Điểm học bạ,2024,24.51,Kỹ thuật Robot và Điều khiển thông minh
158703,TLA,ky-thuat-robot-va-dieu-khien-thong-minh,D07,Điểm học bạ,2024,24.51,Kỹ thuật Robot và Điều khiển thông minh
158704,TLA,ky-thuat-robot-va-dieu-khien-thong-minh,A00,Điểm thi THPT,2024,24.26,Kỹ thuật Robot và Điều khiển thông minh
158705,TLA,ky-thuat-robot-va-dieu-khien-thong-minh,A01,Điểm thi THPT,2024,24.26,Kỹ thuật Robot và Điều khiển thông minh
158706,TLA,ky-thuat-robot-va-dieu-khien-thong-minh,D01,Điểm thi THPT,2024,24.26,Kỹ thuật Robot và Điều khiển thông minh
158707,TLA,ky-thuat-robot-va-dieu-khien-thong-minh,D07,Điểm thi THPT,2024,24.26,Kỹ thuật Robot và Điều khiển thông minh
158708,TLA,ky-thuat-robot-va-dieu-khien-thong-minh,A00,Điểm học bạ,2025,25.77,Kỹ thuật Robot và Điều khiển thông minh
158709,TLA,ky-thuat-robot-va-dieu-khien-thong-minh,A01,Điểm học bạ,2025,25.77,Kỹ thuật Robot và Điều khiển thông minh
158710,TLA,ky-thuat-robot-va-dieu-khien-thong-minh,C01,Điểm học bạ,2025,25.77,Kỹ thuật Robot và Điều khiển thông minh
158711,TLA,ky-thuat-robot-va-dieu-khien-thong-minh,D01,Điểm học bạ,2025,25.77,Kỹ thuật Robot và Điều khiển thông minh
158712,TLA,ky-thuat-robot-va-dieu-khien-thong-minh,D07,Điểm học bạ,2025,25.77,Kỹ thuật Robot và Điều khiển thông minh
158713,TLA,ky-thuat-robot-va-dieu-khien-thong-minh,X02,Điểm học bạ,2025,25.77,Kỹ thuật Robot và Điều khiển thông minh
158714,TLA,ky-thuat-robot-va-dieu-khien-thong-minh,X06,Điểm học bạ,2025,25.77,Kỹ thuật Robot và Điều khiển thông minh
158715,TLA,ky-thuat-robot-va-dieu-khien-thong-minh,X26,Điểm học bạ,2025,25.77,Kỹ thuật Robot và Điều khiển thông minh
158716,TLA,ky-thuat-robot-va-dieu-khien-thong-minh,A00,Điểm thi THPT,2025,21.15,Kỹ thuật Robot và Điều khiển thông minh
158717,TLA,ky-thuat-robot-va-dieu-khien-thong-minh,A01,Điểm thi THPT,2025,21.15,Kỹ thuật Robot và Điều khiển thông minh
158718,TLA,ky-thuat-robot-va-dieu-khien-thong-minh,C01,Điểm thi THPT,2025,21.15,Kỹ thuật Robot và Điều khiển thông minh
158719,TLA,ky-thuat-robot-va-dieu-khien-thong-minh,D01,Điểm thi THPT,2025,21.15,Kỹ thuật Robot và Điều khiển thông minh
158720,TLA,ky-thuat-robot-va-dieu-khien-thong-minh,D07,Điểm thi THPT,2025,21.15,Kỹ thuật Robot và Điều khiển thông minh
158721,TLA,ky-thuat-robot-va-dieu-khien-thong-minh,X02,Điểm thi THPT,2025,21.15,Kỹ thuật Robot và Điều khiển thông minh
158722,TLA,ky-thuat-robot-va-dieu-khien-thong-minh,X06,Điểm thi THPT,2025,21.15,Kỹ thuật Robot và Điều khiển thông minh
158723,TLA,ky-thuat-robot-va-dieu-khien-thong-minh,X26,Điểm thi THPT,2025,21.15,Kỹ thuật Robot và Điều khiển thông minh
158724,TLA,ky-thuat-tai-nguyen-nuoc,A00,Điểm học bạ,2021,18.03,Kỹ thuật tài nguyên nước
158725,TLA,ky-thuat-tai-nguyen-nuoc,A01,Điểm học bạ,2021,18.03,Kỹ thuật tài nguyên nước
158726,TLA,ky-thuat-tai-nguyen-nuoc,D01,Điểm học bạ,2021,18.03,Kỹ thuật tài nguyên nước
158727,TLA,ky-thuat-tai-nguyen-nuoc,D07,Điểm học bạ,2021,18.03,Kỹ thuật tài nguyên nước
158728,TLA,ky-thuat-tai-nguyen-nuoc,A00,Điểm thi THPT,2021,16.25,Kỹ thuật tài nguyên nước
158729,TLA,ky-thuat-tai-nguyen-nuoc,A01,Điểm thi THPT,2021,16.25,Kỹ thuật tài nguyên nước
158730,TLA,ky-thuat-tai-nguyen-nuoc,D01,Điểm thi THPT,2021,16.25,Kỹ thuật tài nguyên nước
158731,TLA,ky-thuat-tai-nguyen-nuoc,D07,Điểm thi THPT,2021,16.25,Kỹ thuật tài nguyên nước
158732,TLA,ky-thuat-tai-nguyen-nuoc,A00,Điểm học bạ,2022,19.17,"Kỹ thuật tài nguyên nước (Quy hoạch, thiết kế và quản lý công trình thủy lợi)"
158733,TLA,ky-thuat-tai-nguyen-nuoc,A01,Điểm học bạ,2022,19.17,"Kỹ thuật tài nguyên nước (Quy hoạch, thiết kế và quản lý công trình thủy lợi)"
158734,TLA,ky-thuat-tai-nguyen-nuoc,D01,Điểm học bạ,2022,19.17,"Kỹ thuật tài nguyên nước (Quy hoạch, thiết kế và quản lý công trình thủy lợi)"
158735,TLA,ky-thuat-tai-nguyen-nuoc,D07,Điểm học bạ,2022,19.17,"Kỹ thuật tài nguyên nước (Quy hoạch, thiết kế và quản lý công trình thủy lợi)"
158736,TLA,ky-thuat-tai-nguyen-nuoc,A00,Điểm thi THPT,2022,17.35,"Kỹ thuật tài nguyên nước (Quy hoạch, thiết kế và quản lý công trình thủy lợi)"
158737,TLA,ky-thuat-tai-nguyen-nuoc,A01,Điểm thi THPT,2022,17.35,"Kỹ thuật tài nguyên nước (Quy hoạch, thiết kế và quản lý công trình thủy lợi)"
158738,TLA,ky-thuat-tai-nguyen-nuoc,D01,Điểm thi THPT,2022,17.35,"Kỹ thuật tài nguyên nước (Quy hoạch, thiết kế và quản lý công trình thủy lợi)"
158739,TLA,ky-thuat-tai-nguyen-nuoc,D07,Điểm thi THPT,2022,17.35,"Kỹ thuật tài nguyên nước (Quy hoạch, thiết kế và quản lý công trình thủy lợi)"
158740,TLA,ky-thuat-tai-nguyen-nuoc,A00,Điểm học bạ,2023,21.03,Kỹ thuật tài nguyên nước
158741,TLA,ky-thuat-tai-nguyen-nuoc,A01,Điểm học bạ,2023,21.03,Kỹ thuật tài nguyên nước
158742,TLA,ky-thuat-tai-nguyen-nuoc,D01,Điểm học bạ,2023,21.03,Kỹ thuật tài nguyên nước
158743,TLA,ky-thuat-tai-nguyen-nuoc,D07,Điểm học bạ,2023,21.03,Kỹ thuật tài nguyên nước
158744,TLA,ky-thuat-tai-nguyen-nuoc,A00,Điểm thi THPT,2023,18.0,Kỹ thuật tài nguyên nước
158745,TLA,ky-thuat-tai-nguyen-nuoc,A01,Điểm thi THPT,2023,18.0,Kỹ thuật tài nguyên nước
158746,TLA,ky-thuat-tai-nguyen-nuoc,D01,Điểm thi THPT,2023,18.0,Kỹ thuật tài nguyên nước
158747,TLA,ky-thuat-tai-nguyen-nuoc,D07,Điểm thi THPT,2023,18.0,Kỹ thuật tài nguyên nước
158748,TLA,ky-thuat-tai-nguyen-nuoc,A00,Điểm học bạ,2024,20.5,Kỹ thuật tài nguyên nước
158749,TLA,ky-thuat-tai-nguyen-nuoc,A01,Điểm học bạ,2024,20.5,Kỹ thuật tài nguyên nước
158750,TLA,ky-thuat-tai-nguyen-nuoc,D01,Điểm học bạ,2024,20.5,Kỹ thuật tài nguyên nước
158751,TLA,ky-thuat-tai-nguyen-nuoc,D07,Điểm học bạ,2024,20.5,Kỹ thuật tài nguyên nước
158752,TLA,ky-thuat-tai-nguyen-nuoc,A00,Điểm thi THPT,2024,20.5,Kỹ thuật tài nguyên nước
158753,TLA,ky-thuat-tai-nguyen-nuoc,A01,Điểm thi THPT,2024,20.5,Kỹ thuật tài nguyên nước
158754,TLA,ky-thuat-tai-nguyen-nuoc,D01,Điểm thi THPT,2024,20.5,Kỹ thuật tài nguyên nước
158755,TLA,ky-thuat-tai-nguyen-nuoc,D07,Điểm thi THPT,2024,20.5,Kỹ thuật tài nguyên nước
158756,TLA,ky-thuat-tai-nguyen-nuoc,A00,Điểm học bạ,2025,23.48,Kỹ thuật tài nguyên nước
158757,TLA,ky-thuat-tai-nguyen-nuoc,A01,Điểm học bạ,2025,23.48,Kỹ thuật tài nguyên nước
158758,TLA,ky-thuat-tai-nguyen-nuoc,C01,Điểm học bạ,2025,23.48,Kỹ thuật tài nguyên nước
158759,TLA,ky-thuat-tai-nguyen-nuoc,C02,Điểm học bạ,2025,23.48,Kỹ thuật tài nguyên nước
158760,TLA,ky-thuat-tai-nguyen-nuoc,D01,Điểm học bạ,2025,23.48,Kỹ thuật tài nguyên nước
158761,TLA,ky-thuat-tai-nguyen-nuoc,D07,Điểm học bạ,2025,23.48,Kỹ thuật tài nguyên nước
158762,TLA,ky-thuat-tai-nguyen-nuoc,X02,Điểm học bạ,2025,23.48,Kỹ thuật tài nguyên nước
158763,TLA,ky-thuat-tai-nguyen-nuoc,X06,Điểm học bạ,2025,23.48,Kỹ thuật tài nguyên nước
158764,TLA,ky-thuat-tai-nguyen-nuoc,X26,Điểm học bạ,2025,21.59,Chương trình tiên tiến ngành Kỹ thuật tài nguyên nước
158765,TLA,ky-thuat-tai-nguyen-nuoc,A00,Điểm thi THPT,2025,18.49,Kỹ thuật tài nguyên nước
158766,TLA,ky-thuat-tai-nguyen-nuoc,A01,Điểm thi THPT,2025,18.49,Kỹ thuật tài nguyên nước
158767,TLA,ky-thuat-tai-nguyen-nuoc,C01,Điểm thi THPT,2025,18.49,Kỹ thuật tài nguyên nước
158768,TLA,ky-thuat-tai-nguyen-nuoc,C02,Điểm thi THPT,2025,18.49,Kỹ thuật tài nguyên nước
158769,TLA,ky-thuat-tai-nguyen-nuoc,D01,Điểm thi THPT,2025,18.49,Kỹ thuật tài nguyên nước
158770,TLA,ky-thuat-tai-nguyen-nuoc,D07,Điểm thi THPT,2025,18.49,Kỹ thuật tài nguyên nước
158771,TLA,ky-thuat-tai-nguyen-nuoc,X02,Điểm thi THPT,2025,18.49,Kỹ thuật tài nguyên nước
158772,TLA,ky-thuat-tai-nguyen-nuoc,X06,Điểm thi THPT,2025,18.49,Kỹ thuật tài nguyên nước
158773,TLA,ky-thuat-tai-nguyen-nuoc,X26,Điểm thi THPT,2025,17.35,Chương trình tiên tiến ngành Kỹ thuật tài nguyên nước
158774,TLA,ky-thuat-xay-dung,A00,Điểm học bạ,2021,18.53,Kỹ thuật xây dựng
158775,TLA,ky-thuat-xay-dung,A01,Điểm học bạ,2021,18.53,Kỹ thuật xây dựng
158776,TLA,ky-thuat-xay-dung,D01,Điểm học bạ,2021,18.53,Kỹ thuật xây dựng
158777,TLA,ky-thuat-xay-dung,D07,Điểm học bạ,2021,18.53,Kỹ thuật xây dựng
158778,TLA,ky-thuat-xay-dung,A00,Điểm thi THPT,2021,16.0,Kỹ thuật xây dựng
158779,TLA,ky-thuat-xay-dung,A01,Điểm thi THPT,2021,16.0,Kỹ thuật xây dựng
158780,TLA,ky-thuat-xay-dung,D01,Điểm thi THPT,2021,16.0,Kỹ thuật xây dựng
158781,TLA,ky-thuat-xay-dung,D07,Điểm thi THPT,2021,16.0,Kỹ thuật xây dựng
158782,TLA,ky-thuat-xay-dung,A00,Điểm học bạ,2022,19.03,Kỹ thuật xây dựng (chương trình tiên tiến)
158783,TLA,ky-thuat-xay-dung,A01,Điểm học bạ,2022,19.03,Kỹ thuật xây dựng (chương trình tiên tiến)
158784,TLA,ky-thuat-xay-dung,D01,Điểm học bạ,2022,19.03,Kỹ thuật xây dựng (chương trình tiên tiến)
158785,TLA,ky-thuat-xay-dung,D07,Điểm học bạ,2022,19.03,Kỹ thuật xây dựng (chương trình tiên tiến)
158786,TLA,ky-thuat-xay-dung,A00,Điểm thi THPT,2022,20.85,Kỹ thuật xây dựng (chương trình tiên tiến)
158787,TLA,ky-thuat-xay-dung,A01,Điểm thi THPT,2022,20.85,Kỹ thuật xây dựng (chương trình tiên tiến)
158788,TLA,ky-thuat-xay-dung,D01,Điểm thi THPT,2022,20.85,Kỹ thuật xây dựng (chương trình tiên tiến)
158789,TLA,ky-thuat-xay-dung,D07,Điểm thi THPT,2022,20.85,Kỹ thuật xây dựng (chương trình tiên tiến)
158790,TLA,ky-thuat-xay-dung,A00,Điểm học bạ,2023,22.0,Kỹ thuật xây dựng (chương trình tiên tiến)
158791,TLA,ky-thuat-xay-dung,A01,Điểm học bạ,2023,22.0,Kỹ thuật xây dựng (chương trình tiên tiến)
158792,TLA,ky-thuat-xay-dung,D01,Điểm học bạ,2023,22.0,Kỹ thuật xây dựng (chương trình tiên tiến)
158793,TLA,ky-thuat-xay-dung,D07,Điểm học bạ,2023,22.0,Kỹ thuật xây dựng (chương trình tiên tiến)
158794,TLA,ky-thuat-xay-dung,A00,Điểm thi THPT,2023,21.0,Kỹ thuật xây dựng (Chương trình tiên tiến học bằng tiếng Anh)
158795,TLA,ky-thuat-xay-dung,A01,Điểm thi THPT,2023,21.0,Kỹ thuật xây dựng (Chương trình tiên tiến học bằng tiếng Anh)
158796,TLA,ky-thuat-xay-dung,D01,Điểm thi THPT,2023,21.0,Kỹ thuật xây dựng (Chương trình tiên tiến học bằng tiếng Anh)
158797,TLA,ky-thuat-xay-dung,D07,Điểm thi THPT,2023,21.0,Kỹ thuật xây dựng (Chương trình tiên tiến học bằng tiếng Anh)
158798,TLA,ky-thuat-xay-dung,A00,Điểm học bạ,2024,21.52,Kỹ thuật xây dựng (Chương trình tiên tiến học bằng tiếng Anh)
158799,TLA,ky-thuat-xay-dung,A01,Điểm học bạ,2024,21.52,Kỹ thuật xây dựng (Chương trình tiên tiến học bằng tiếng Anh)
158800,TLA,ky-thuat-xay-dung,D01,Điểm học bạ,2024,21.52,Kỹ thuật xây dựng (Chương trình tiên tiến học bằng tiếng Anh)
158801,TLA,ky-thuat-xay-dung,D07,Điểm học bạ,2024,21.52,Kỹ thuật xây dựng (Chương trình tiên tiến học bằng tiếng Anh)
158802,TLA,ky-thuat-xay-dung,A00,Điểm thi THPT,2024,20.5,Kỹ thuật xây dựng (Chương trình tiên tiến học bằng tiếng Anh)
158803,TLA,ky-thuat-xay-dung,A01,Điểm thi THPT,2024,20.5,Kỹ thuật xây dựng (Chương trình tiên tiến học bằng tiếng Anh)
158804,TLA,ky-thuat-xay-dung,D01,Điểm thi THPT,2024,20.5,Kỹ thuật xây dựng (Chương trình tiên tiến học bằng tiếng Anh)
158805,TLA,ky-thuat-xay-dung,D07,Điểm thi THPT,2024,20.5,Kỹ thuật xây dựng (Chương trình tiên tiến học bằng tiếng Anh)
158806,TLA,ky-thuat-xay-dung,A00,Điểm học bạ,2025,21.0,Chương trình tiên tiến ngành Kỹ thuật xây dựng
158807,TLA,ky-thuat-xay-dung,A01,Điểm học bạ,2025,21.0,Chương trình tiên tiến ngành Kỹ thuật xây dựng
158808,TLA,ky-thuat-xay-dung,C01,Điểm học bạ,2025,21.0,Chương trình tiên tiến ngành Kỹ thuật xây dựng
158809,TLA,ky-thuat-xay-dung,D01,Điểm học bạ,2025,21.0,Chương trình tiên tiến ngành Kỹ thuật xây dựng
158810,TLA,ky-thuat-xay-dung,D07,Điểm học bạ,2025,21.0,Chương trình tiên tiến ngành Kỹ thuật xây dựng
158811,TLA,ky-thuat-xay-dung,X02,Điểm học bạ,2025,21.0,Chương trình tiên tiến ngành Kỹ thuật xây dựng
158812,TLA,ky-thuat-xay-dung,X26,Điểm học bạ,2025,21.0,Chương trình tiên tiến ngành Kỹ thuật xây dựng
158813,TLA,ky-thuat-xay-dung,A00,Điểm thi THPT,2025,17.0,Chương trình tiên tiến ngành Kỹ thuật xây dựng
158814,TLA,ky-thuat-xay-dung,A01,Điểm thi THPT,2025,17.0,Chương trình tiên tiến ngành Kỹ thuật xây dựng
158815,TLA,ky-thuat-xay-dung,C01,Điểm thi THPT,2025,17.0,Chương trình tiên tiến ngành Kỹ thuật xây dựng
158816,TLA,ky-thuat-xay-dung,D01,Điểm thi THPT,2025,17.0,Chương trình tiên tiến ngành Kỹ thuật xây dựng
158817,TLA,ky-thuat-xay-dung,D07,Điểm thi THPT,2025,17.0,Chương trình tiên tiến ngành Kỹ thuật xây dựng
158818,TLA,ky-thuat-xay-dung,X02,Điểm thi THPT,2025,17.0,Chương trình tiên tiến ngành Kỹ thuật xây dựng
158819,TLA,ky-thuat-xay-dung,X26,Điểm thi THPT,2025,17.0,Chương trình tiên tiến ngành Kỹ thuật xây dựng
158820,TLA,ky-thuat-xay-dung-cong-trinh-giao-thong,A00,Điểm học bạ,2021,18.01,Kỹ thuật xây dựng công trình giao thông
158821,TLA,ky-thuat-xay-dung-cong-trinh-giao-thong,A01,Điểm học bạ,2021,18.01,Kỹ thuật xây dựng công trình giao thông
158822,TLA,ky-thuat-xay-dung-cong-trinh-giao-thong,D01,Điểm học bạ,2021,18.01,Kỹ thuật xây dựng công trình giao thông
158823,TLA,ky-thuat-xay-dung-cong-trinh-giao-thong,D07,Điểm học bạ,2021,18.01,Kỹ thuật xây dựng công trình giao thông
158824,TLA,ky-thuat-xay-dung-cong-trinh-giao-thong,A00,Điểm thi THPT,2021,16.0,Kỹ thuật xây dựng công trình giao thông
158825,TLA,ky-thuat-xay-dung-cong-trinh-giao-thong,A01,Điểm thi THPT,2021,16.0,Kỹ thuật xây dựng công trình giao thông
158826,TLA,ky-thuat-xay-dung-cong-trinh-giao-thong,D01,Điểm thi THPT,2021,16.0,Kỹ thuật xây dựng công trình giao thông
158827,TLA,ky-thuat-xay-dung-cong-trinh-giao-thong,D07,Điểm thi THPT,2021,16.0,Kỹ thuật xây dựng công trình giao thông
158828,TLA,ky-thuat-xay-dung-cong-trinh-giao-thong,A00,Điểm học bạ,2022,19.1,Kỹ thuật xây dựng công trình giao thông
158829,TLA,ky-thuat-xay-dung-cong-trinh-giao-thong,A01,Điểm học bạ,2022,19.1,Kỹ thuật xây dựng công trình giao thông
158830,TLA,ky-thuat-xay-dung-cong-trinh-giao-thong,D01,Điểm học bạ,2022,19.1,Kỹ thuật xây dựng công trình giao thông
158831,TLA,ky-thuat-xay-dung-cong-trinh-giao-thong,D07,Điểm học bạ,2022,19.1,Kỹ thuật xây dựng công trình giao thông
158832,TLA,ky-thuat-xay-dung-cong-trinh-giao-thong,A00,Điểm thi THPT,2022,17.35,Kỹ thuật xây dựng công trình giao thông
158833,TLA,ky-thuat-xay-dung-cong-trinh-giao-thong,A01,Điểm thi THPT,2022,17.35,Kỹ thuật xây dựng công trình giao thông
158834,TLA,ky-thuat-xay-dung-cong-trinh-giao-thong,D01,Điểm thi THPT,2022,17.35,Kỹ thuật xây dựng công trình giao thông
158835,TLA,ky-thuat-xay-dung-cong-trinh-giao-thong,D07,Điểm thi THPT,2022,17.35,Kỹ thuật xây dựng công trình giao thông
158836,TLA,ky-thuat-xay-dung-cong-trinh-giao-thong,A00,Điểm học bạ,2023,21.0,Kỹ thuật xây dựng công trình giao thông
158837,TLA,ky-thuat-xay-dung-cong-trinh-giao-thong,A01,Điểm học bạ,2023,21.0,Kỹ thuật xây dựng công trình giao thông
158838,TLA,ky-thuat-xay-dung-cong-trinh-giao-thong,D01,Điểm học bạ,2023,21.0,Kỹ thuật xây dựng công trình giao thông
158839,TLA,ky-thuat-xay-dung-cong-trinh-giao-thong,D07,Điểm học bạ,2023,21.0,Kỹ thuật xây dựng công trình giao thông
158840,TLA,ky-thuat-xay-dung-cong-trinh-giao-thong,A00,Điểm thi THPT,2023,19.2,Kỹ thuật xây dựng công trình giao thông
158841,TLA,ky-thuat-xay-dung-cong-trinh-giao-thong,A01,Điểm thi THPT,2023,19.2,Kỹ thuật xây dựng công trình giao thông
158842,TLA,ky-thuat-xay-dung-cong-trinh-giao-thong,D01,Điểm thi THPT,2023,19.2,Kỹ thuật xây dựng công trình giao thông
158843,TLA,ky-thuat-xay-dung-cong-trinh-giao-thong,D07,Điểm thi THPT,2023,19.2,Kỹ thuật xây dựng công trình giao thông
158844,TLA,ky-thuat-xay-dung-cong-trinh-giao-thong,A00,Điểm học bạ,2024,22.0,Kỹ thuật xây dựng công trình giao thông
158845,TLA,ky-thuat-xay-dung-cong-trinh-giao-thong,A01,Điểm học bạ,2024,22.0,Kỹ thuật xây dựng công trình giao thông
158846,TLA,ky-thuat-xay-dung-cong-trinh-giao-thong,D01,Điểm học bạ,2024,22.0,Kỹ thuật xây dựng công trình giao thông
158847,TLA,ky-thuat-xay-dung-cong-trinh-giao-thong,D07,Điểm học bạ,2024,22.0,Kỹ thuật xây dựng công trình giao thông
158848,TLA,ky-thuat-xay-dung-cong-trinh-giao-thong,A00,Điểm thi THPT,2024,21.0,Kỹ thuật xây dựng công trình giao thông
158849,TLA,ky-thuat-xay-dung-cong-trinh-giao-thong,A01,Điểm thi THPT,2024,21.0,Kỹ thuật xây dựng công trình giao thông
158850,TLA,ky-thuat-xay-dung-cong-trinh-giao-thong,D01,Điểm thi THPT,2024,21.0,Kỹ thuật xây dựng công trình giao thông
158851,TLA,ky-thuat-xay-dung-cong-trinh-giao-thong,D07,Điểm thi THPT,2024,21.0,Kỹ thuật xây dựng công trình giao thông
158852,TLA,ky-thuat-xay-dung-cong-trinh-giao-thong,A00,Điểm học bạ,2025,23.5,"Kỹ thuật xây dựng công trình giao thông (gồm các chương trình: Công nghệ và kỹ thuật xây dựng cầu, đường; Công nghệ và kỹ thuật Đường sắt tốc độ cao và đường sắt đô thị)"
158853,TLA,ky-thuat-xay-dung-cong-trinh-giao-thong,A01,Điểm học bạ,2025,23.5,"Kỹ thuật xây dựng công trình giao thông (gồm các chương trình: Công nghệ và kỹ thuật xây dựng cầu, đường; Công nghệ và kỹ thuật Đường sắt tốc độ cao và đường sắt đô thị)"
158854,TLA,ky-thuat-xay-dung-cong-trinh-giao-thong,C01,Điểm học bạ,2025,23.5,"Kỹ thuật xây dựng công trình giao thông (gồm các chương trình: Công nghệ và kỹ thuật xây dựng cầu, đường; Công nghệ và kỹ thuật Đường sắt tốc độ cao và đường sắt đô thị)"
158855,TLA,ky-thuat-xay-dung-cong-trinh-giao-thong,C02,Điểm học bạ,2025,23.5,"Kỹ thuật xây dựng công trình giao thông (gồm các chương trình: Công nghệ và kỹ thuật xây dựng cầu, đường; Công nghệ và kỹ thuật Đường sắt tốc độ cao và đường sắt đô thị)"
158856,TLA,ky-thuat-xay-dung-cong-trinh-giao-thong,D01,Điểm học bạ,2025,23.5,"Kỹ thuật xây dựng công trình giao thông (gồm các chương trình: Công nghệ và kỹ thuật xây dựng cầu, đường; Công nghệ và kỹ thuật Đường sắt tốc độ cao và đường sắt đô thị)"
158857,TLA,ky-thuat-xay-dung-cong-trinh-giao-thong,D07,Điểm học bạ,2025,23.5,"Kỹ thuật xây dựng công trình giao thông (gồm các chương trình: Công nghệ và kỹ thuật xây dựng cầu, đường; Công nghệ và kỹ thuật Đường sắt tốc độ cao và đường sắt đô thị)"
158858,TLA,ky-thuat-xay-dung-cong-trinh-giao-thong,X02,Điểm học bạ,2025,23.5,"Kỹ thuật xây dựng công trình giao thông (gồm các chương trình: Công nghệ và kỹ thuật xây dựng cầu, đường; Công nghệ và kỹ thuật Đường sắt tốc độ cao và đường sắt đô thị)"
158859,TLA,ky-thuat-xay-dung-cong-trinh-giao-thong,X06,Điểm học bạ,2025,23.5,"Kỹ thuật xây dựng công trình giao thông (gồm các chương trình: Công nghệ và kỹ thuật xây dựng cầu, đường; Công nghệ và kỹ thuật Đường sắt tốc độ cao và đường sắt đô thị)"
158860,TLA,ky-thuat-xay-dung-cong-trinh-giao-thong,A00,Điểm thi THPT,2025,18.5,"Kỹ thuật xây dựng công trình giao thông (gồm các chương trình: Công nghệ và kỹ thuật xây dựng cầu, đường; Công nghệ và kỹ thuật Đường sắt tốc độ cao và đường sắt đô thị)"
158861,TLA,ky-thuat-xay-dung-cong-trinh-giao-thong,A01,Điểm thi THPT,2025,18.5,"Kỹ thuật xây dựng công trình giao thông (gồm các chương trình: Công nghệ và kỹ thuật xây dựng cầu, đường; Công nghệ và kỹ thuật Đường sắt tốc độ cao và đường sắt đô thị)"
158862,TLA,ky-thuat-xay-dung-cong-trinh-giao-thong,C01,Điểm thi THPT,2025,18.5,"Kỹ thuật xây dựng công trình giao thông (gồm các chương trình: Công nghệ và kỹ thuật xây dựng cầu, đường; Công nghệ và kỹ thuật Đường sắt tốc độ cao và đường sắt đô thị)"
158863,TLA,ky-thuat-xay-dung-cong-trinh-giao-thong,C02,Điểm thi THPT,2025,18.5,"Kỹ thuật xây dựng công trình giao thông (gồm các chương trình: Công nghệ và kỹ thuật xây dựng cầu, đường; Công nghệ và kỹ thuật Đường sắt tốc độ cao và đường sắt đô thị)"
158864,TLA,ky-thuat-xay-dung-cong-trinh-giao-thong,D01,Điểm thi THPT,2025,18.5,"Kỹ thuật xây dựng công trình giao thông (gồm các chương trình: Công nghệ và kỹ thuật xây dựng cầu, đường; Công nghệ và kỹ thuật Đường sắt tốc độ cao và đường sắt đô thị)"
158865,TLA,ky-thuat-xay-dung-cong-trinh-giao-thong,D07,Điểm thi THPT,2025,18.5,"Kỹ thuật xây dựng công trình giao thông (gồm các chương trình: Công nghệ và kỹ thuật xây dựng cầu, đường; Công nghệ và kỹ thuật Đường sắt tốc độ cao và đường sắt đô thị)"
158866,TLA,ky-thuat-xay-dung-cong-trinh-giao-thong,X02,Điểm thi THPT,2025,18.5,"Kỹ thuật xây dựng công trình giao thông (gồm các chương trình: Công nghệ và kỹ thuật xây dựng cầu, đường; Công nghệ và kỹ thuật Đường sắt tốc độ cao và đường sắt đô thị)"
158867,TLA,ky-thuat-xay-dung-cong-trinh-giao-thong,X06,Điểm thi THPT,2025,18.5,"Kỹ thuật xây dựng công trình giao thông (gồm các chương trình: Công nghệ và kỹ thuật xây dựng cầu, đường; Công nghệ và kỹ thuật Đường sắt tốc độ cao và đường sắt đô thị)"
158868,TLA,ky-thuat-xay-dung-cong-trinh-thuy,A00,Điểm học bạ,2021,18.07,Kỹ thuật xây dựng công trình thủy
158869,TLA,ky-thuat-xay-dung-cong-trinh-thuy,A01,Điểm học bạ,2021,18.07,Kỹ thuật xây dựng công trình thủy
158870,TLA,ky-thuat-xay-dung-cong-trinh-thuy,D01,Điểm học bạ,2021,18.07,Kỹ thuật xây dựng công trình thủy
158871,TLA,ky-thuat-xay-dung-cong-trinh-thuy,D07,Điểm học bạ,2021,18.07,Kỹ thuật xây dựng công trình thủy
158872,TLA,ky-thuat-xay-dung-cong-trinh-thuy,A00,Điểm thi THPT,2021,16.05,Kỹ thuật xây dựng công trình thủy
158873,TLA,ky-thuat-xay-dung-cong-trinh-thuy,A01,Điểm thi THPT,2021,16.05,Kỹ thuật xây dựng công trình thủy
158874,TLA,ky-thuat-xay-dung-cong-trinh-thuy,D01,Điểm thi THPT,2021,16.05,Kỹ thuật xây dựng công trình thủy
158875,TLA,ky-thuat-xay-dung-cong-trinh-thuy,D07,Điểm thi THPT,2021,16.05,Kỹ thuật xây dựng công trình thủy
158876,TLA,ky-thuat-xay-dung-cong-trinh-thuy,A00,Điểm học bạ,2022,19.06,Kỹ thuật xây dựng công trình thủy
158877,TLA,ky-thuat-xay-dung-cong-trinh-thuy,A01,Điểm học bạ,2022,19.06,Kỹ thuật xây dựng công trình thủy
158878,TLA,ky-thuat-xay-dung-cong-trinh-thuy,D01,Điểm học bạ,2022,19.06,Kỹ thuật xây dựng công trình thủy
158879,TLA,ky-thuat-xay-dung-cong-trinh-thuy,D07,Điểm học bạ,2022,19.06,Kỹ thuật xây dựng công trình thủy
158880,TLA,ky-thuat-xay-dung-cong-trinh-thuy,A00,Điểm thi THPT,2022,17.05,Kỹ thuật xây dựng công trình thủy
158881,TLA,ky-thuat-xay-dung-cong-trinh-thuy,A01,Điểm thi THPT,2022,17.05,Kỹ thuật xây dựng công trình thủy
158882,TLA,ky-thuat-xay-dung-cong-trinh-thuy,D01,Điểm thi THPT,2022,17.05,Kỹ thuật xây dựng công trình thủy
158883,TLA,ky-thuat-xay-dung-cong-trinh-thuy,D07,Điểm thi THPT,2022,17.05,Kỹ thuật xây dựng công trình thủy
158884,TLA,ky-thuat-xay-dung-cong-trinh-thuy,A00,Điểm học bạ,2023,21.0,Kỹ thuật xây dựng công trình thủy
158885,TLA,ky-thuat-xay-dung-cong-trinh-thuy,A01,Điểm học bạ,2023,21.0,Kỹ thuật xây dựng công trình thủy
158886,TLA,ky-thuat-xay-dung-cong-trinh-thuy,D01,Điểm học bạ,2023,21.0,Kỹ thuật xây dựng công trình thủy
158887,TLA,ky-thuat-xay-dung-cong-trinh-thuy,D07,Điểm học bạ,2023,21.0,Kỹ thuật xây dựng công trình thủy
158888,TLA,ky-thuat-xay-dung-cong-trinh-thuy,A00,Điểm thi THPT,2023,18.15,Kỹ thuật xây dựng công trình thủy
158889,TLA,ky-thuat-xay-dung-cong-trinh-thuy,A01,Điểm thi THPT,2023,18.15,Kỹ thuật xây dựng công trình thủy
158890,TLA,ky-thuat-xay-dung-cong-trinh-thuy,D01,Điểm thi THPT,2023,18.15,Kỹ thuật xây dựng công trình thủy
158891,TLA,ky-thuat-xay-dung-cong-trinh-thuy,D07,Điểm thi THPT,2023,18.15,Kỹ thuật xây dựng công trình thủy
158892,TLA,ky-thuat-xay-dung-cong-trinh-thuy,A00,Điểm học bạ,2024,20.52,Kỹ thuật xây dựng công trình thủy
158893,TLA,ky-thuat-xay-dung-cong-trinh-thuy,A01,Điểm học bạ,2024,20.52,Kỹ thuật xây dựng công trình thủy
158894,TLA,ky-thuat-xay-dung-cong-trinh-thuy,D01,Điểm học bạ,2024,20.52,Kỹ thuật xây dựng công trình thủy
158895,TLA,ky-thuat-xay-dung-cong-trinh-thuy,D07,Điểm học bạ,2024,20.52,Kỹ thuật xây dựng công trình thủy
158896,TLA,ky-thuat-xay-dung-cong-trinh-thuy,A00,Điểm thi THPT,2024,20.5,Kỹ thuật xây dựng công trình thủy
158897,TLA,ky-thuat-xay-dung-cong-trinh-thuy,A01,Điểm thi THPT,2024,20.5,Kỹ thuật xây dựng công trình thủy
158898,TLA,ky-thuat-xay-dung-cong-trinh-thuy,D01,Điểm thi THPT,2024,20.5,Kỹ thuật xây dựng công trình thủy
158899,TLA,ky-thuat-xay-dung-cong-trinh-thuy,D07,Điểm thi THPT,2024,20.5,Kỹ thuật xây dựng công trình thủy
158900,TLA,ky-thuat-xay-dung-dan-dung-va-cong-nghiep,A00,Điểm học bạ,2021,18.03,Kỹ thuật xây dựng dân dụng và công nghiệp (Kỹ thuật xây dựng)
158901,TLA,ky-thuat-xay-dung-dan-dung-va-cong-nghiep,A01,Điểm học bạ,2021,18.03,Kỹ thuật xây dựng dân dụng và công nghiệp (Kỹ thuật xây dựng)
158902,TLA,ky-thuat-xay-dung-dan-dung-va-cong-nghiep,D01,Điểm học bạ,2021,18.03,Kỹ thuật xây dựng dân dụng và công nghiệp (Kỹ thuật xây dựng)
158903,TLA,ky-thuat-xay-dung-dan-dung-va-cong-nghiep,D07,Điểm học bạ,2021,18.03,Kỹ thuật xây dựng dân dụng và công nghiệp (Kỹ thuật xây dựng)
158904,TLA,ky-thuat-xay-dung-dan-dung-va-cong-nghiep,A00,Điểm thi THPT,2021,19.0,Kỹ thuật xây dựng dân dụng và công nghiệp (Kỹ thuật xây dựng)
158905,TLA,ky-thuat-xay-dung-dan-dung-va-cong-nghiep,A01,Điểm thi THPT,2021,19.0,Kỹ thuật xây dựng dân dụng và công nghiệp (Kỹ thuật xây dựng)
158906,TLA,ky-thuat-xay-dung-dan-dung-va-cong-nghiep,D01,Điểm thi THPT,2021,19.0,Kỹ thuật xây dựng dân dụng và công nghiệp (Kỹ thuật xây dựng)
158907,TLA,ky-thuat-xay-dung-dan-dung-va-cong-nghiep,D07,Điểm thi THPT,2021,19.0,Kỹ thuật xây dựng dân dụng và công nghiệp (Kỹ thuật xây dựng)
158908,TLA,ky-thuat-xay-dung-dan-dung-va-cong-nghiep,A00,Điểm học bạ,2022,19.61,Kỹ thuật xây dựng dân dụng và công nghiệp (Kỹ thuật xây dựng)
158909,TLA,ky-thuat-xay-dung-dan-dung-va-cong-nghiep,A01,Điểm học bạ,2022,19.61,Kỹ thuật xây dựng dân dụng và công nghiệp (Kỹ thuật xây dựng)
158910,TLA,ky-thuat-xay-dung-dan-dung-va-cong-nghiep,D01,Điểm học bạ,2022,19.61,Kỹ thuật xây dựng dân dụng và công nghiệp (Kỹ thuật xây dựng)
158911,TLA,ky-thuat-xay-dung-dan-dung-va-cong-nghiep,D07,Điểm học bạ,2022,19.61,Kỹ thuật xây dựng dân dụng và công nghiệp (Kỹ thuật xây dựng)
158912,TLA,ky-thuat-xay-dung-dan-dung-va-cong-nghiep,A00,Điểm thi THPT,2022,20.75,Kỹ thuật xây dựng dân dụng và công nghiệp (Kỹ thuật xây dựng)
158913,TLA,ky-thuat-xay-dung-dan-dung-va-cong-nghiep,A01,Điểm thi THPT,2022,20.75,Kỹ thuật xây dựng dân dụng và công nghiệp (Kỹ thuật xây dựng)
158914,TLA,ky-thuat-xay-dung-dan-dung-va-cong-nghiep,D01,Điểm thi THPT,2022,20.75,Kỹ thuật xây dựng dân dụng và công nghiệp (Kỹ thuật xây dựng)
158915,TLA,ky-thuat-xay-dung-dan-dung-va-cong-nghiep,D07,Điểm thi THPT,2022,20.75,Kỹ thuật xây dựng dân dụng và công nghiệp (Kỹ thuật xây dựng)
158916,TLA,ky-thuat-xay-dung-dan-dung-va-cong-nghiep,A00,Điểm học bạ,2023,22.0,Kỹ thuật xây dựng dân dụng và công nghiệp (Kỹ thuật xây dựng)
158917,TLA,ky-thuat-xay-dung-dan-dung-va-cong-nghiep,A01,Điểm học bạ,2023,22.0,Kỹ thuật xây dựng dân dụng và công nghiệp (Kỹ thuật xây dựng)
158918,TLA,ky-thuat-xay-dung-dan-dung-va-cong-nghiep,D01,Điểm học bạ,2023,22.0,Kỹ thuật xây dựng dân dụng và công nghiệp (Kỹ thuật xây dựng)
158919,TLA,ky-thuat-xay-dung-dan-dung-va-cong-nghiep,D07,Điểm học bạ,2023,22.0,Kỹ thuật xây dựng dân dụng và công nghiệp (Kỹ thuật xây dựng)
158920,TLA,ky-thuat-xay-dung-dan-dung-va-cong-nghiep,A00,Điểm thi THPT,2023,21.0,Kỹ thuật xây dựng dân dụng và công nghiệp (Kỹ thuật xây dựng)
158921,TLA,ky-thuat-xay-dung-dan-dung-va-cong-nghiep,A01,Điểm thi THPT,2023,21.0,Kỹ thuật xây dựng dân dụng và công nghiệp (Kỹ thuật xây dựng)
158922,TLA,ky-thuat-xay-dung-dan-dung-va-cong-nghiep,D01,Điểm thi THPT,2023,21.0,Kỹ thuật xây dựng dân dụng và công nghiệp (Kỹ thuật xây dựng)
158923,TLA,ky-thuat-xay-dung-dan-dung-va-cong-nghiep,D07,Điểm thi THPT,2023,21.0,Kỹ thuật xây dựng dân dụng và công nghiệp (Kỹ thuật xây dựng)
158924,TLA,ky-thuat-xay-dung-dan-dung-va-cong-nghiep,A00,Điểm học bạ,2024,21.5,Kỹ thuật xây dựng dân dụng và công nghiệp (Kỹ thuật xây dựng)
158925,TLA,ky-thuat-xay-dung-dan-dung-va-cong-nghiep,A01,Điểm học bạ,2024,21.5,Kỹ thuật xây dựng dân dụng và công nghiệp (Kỹ thuật xây dựng)
158926,TLA,ky-thuat-xay-dung-dan-dung-va-cong-nghiep,D01,Điểm học bạ,2024,21.5,Kỹ thuật xây dựng dân dụng và công nghiệp (Kỹ thuật xây dựng)
158927,TLA,ky-thuat-xay-dung-dan-dung-va-cong-nghiep,D07,Điểm học bạ,2024,21.5,Kỹ thuật xây dựng dân dụng và công nghiệp (Kỹ thuật xây dựng)
158928,TLA,ky-thuat-xay-dung-dan-dung-va-cong-nghiep,A00,Điểm thi THPT,2024,22.5,Kỹ thuật xây dựng dân dụng và công nghiệp (Kỹ thuật xây dựng)
158929,TLA,ky-thuat-xay-dung-dan-dung-va-cong-nghiep,A01,Điểm thi THPT,2024,22.5,Kỹ thuật xây dựng dân dụng và công nghiệp (Kỹ thuật xây dựng)
158930,TLA,ky-thuat-xay-dung-dan-dung-va-cong-nghiep,D01,Điểm thi THPT,2024,22.5,Kỹ thuật xây dựng dân dụng và công nghiệp (Kỹ thuật xây dựng)
158931,TLA,ky-thuat-xay-dung-dan-dung-va-cong-nghiep,D07,Điểm thi THPT,2024,22.5,Kỹ thuật xây dựng dân dụng và công nghiệp (Kỹ thuật xây dựng)
158932,TLA,ky-thuat-xay-dung-dan-dung-va-cong-nghiep,A00,Điểm học bạ,2025,23.72,Kỹ thuật xây dựng dân dụng và công nghiệp (Kỹ thuật xây dựng)
158933,TLA,ky-thuat-xay-dung-dan-dung-va-cong-nghiep,A01,Điểm học bạ,2025,23.72,Kỹ thuật xây dựng dân dụng và công nghiệp (Kỹ thuật xây dựng)
158934,TLA,ky-thuat-xay-dung-dan-dung-va-cong-nghiep,C01,Điểm học bạ,2025,23.72,Kỹ thuật xây dựng dân dụng và công nghiệp (Kỹ thuật xây dựng)
158935,TLA,ky-thuat-xay-dung-dan-dung-va-cong-nghiep,C02,Điểm học bạ,2025,23.72,Kỹ thuật xây dựng dân dụng và công nghiệp (Kỹ thuật xây dựng)
158936,TLA,ky-thuat-xay-dung-dan-dung-va-cong-nghiep,D01,Điểm học bạ,2025,23.72,Kỹ thuật xây dựng dân dụng và công nghiệp (Kỹ thuật xây dựng)
158937,TLA,ky-thuat-xay-dung-dan-dung-va-cong-nghiep,D07,Điểm học bạ,2025,23.72,Kỹ thuật xây dựng dân dụng và công nghiệp (Kỹ thuật xây dựng)
158938,TLA,ky-thuat-xay-dung-dan-dung-va-cong-nghiep,X02,Điểm học bạ,2025,23.72,Kỹ thuật xây dựng dân dụng và công nghiệp (Kỹ thuật xây dựng)
158939,TLA,ky-thuat-xay-dung-dan-dung-va-cong-nghiep,X06,Điểm học bạ,2025,23.72,Kỹ thuật xây dựng dân dụng và công nghiệp (Kỹ thuật xây dựng)
158940,TLA,ky-thuat-xay-dung-dan-dung-va-cong-nghiep,A00,Điểm thi THPT,2025,18.76,Kỹ thuật xây dựng dân dụng và công nghiệp (Kỹ thuật xây dựng)
158941,TLA,ky-thuat-xay-dung-dan-dung-va-cong-nghiep,A01,Điểm thi THPT,2025,18.76,Kỹ thuật xây dựng dân dụng và công nghiệp (Kỹ thuật xây dựng)
158942,TLA,ky-thuat-xay-dung-dan-dung-va-cong-nghiep,C01,Điểm thi THPT,2025,18.76,Kỹ thuật xây dựng dân dụng và công nghiệp (Kỹ thuật xây dựng)
158943,TLA,ky-thuat-xay-dung-dan-dung-va-cong-nghiep,C02,Điểm thi THPT,2025,18.76,Kỹ thuật xây dựng dân dụng và công nghiệp (Kỹ thuật xây dựng)
158944,TLA,ky-thuat-xay-dung-dan-dung-va-cong-nghiep,D01,Điểm thi THPT,2025,18.76,Kỹ thuật xây dựng dân dụng và công nghiệp (Kỹ thuật xây dựng)
158945,TLA,ky-thuat-xay-dung-dan-dung-va-cong-nghiep,D07,Điểm thi THPT,2025,18.76,Kỹ thuật xây dựng dân dụng và công nghiệp (Kỹ thuật xây dựng)
158946,TLA,ky-thuat-xay-dung-dan-dung-va-cong-nghiep,X02,Điểm thi THPT,2025,18.76,Kỹ thuật xây dựng dân dụng và công nghiệp (Kỹ thuật xây dựng)
158947,TLA,ky-thuat-xay-dung-dan-dung-va-cong-nghiep,X06,Điểm thi THPT,2025,18.76,Kỹ thuật xây dựng dân dụng và công nghiệp (Kỹ thuật xây dựng)
158948,TLA,logistic-va-quan-ly-chuoi-cung-ung,A00,Điểm học bạ,2022,26.5,Logistic và quản lý chuỗi cung ứng
158949,TLA,logistic-va-quan-ly-chuoi-cung-ung,A01,Điểm học bạ,2022,26.5,Logistic và quản lý chuỗi cung ứng
158950,TLA,logistic-va-quan-ly-chuoi-cung-ung,D01,Điểm học bạ,2022,26.5,Logistic và quản lý chuỗi cung ứng
158951,TLA,logistic-va-quan-ly-chuoi-cung-ung,D07,Điểm học bạ,2022,26.5,Logistic và quản lý chuỗi cung ứng
158952,TLA,logistic-va-quan-ly-chuoi-cung-ung,A00,Điểm thi THPT,2022,25.6,Logistic và quản lý chuỗi cung ứng
158953,TLA,logistic-va-quan-ly-chuoi-cung-ung,A01,Điểm thi THPT,2022,25.6,Logistic và quản lý chuỗi cung ứng
158954,TLA,logistic-va-quan-ly-chuoi-cung-ung,D01,Điểm thi THPT,2022,25.6,Logistic và quản lý chuỗi cung ứng
158955,TLA,logistic-va-quan-ly-chuoi-cung-ung,D07,Điểm thi THPT,2022,25.6,Logistic và quản lý chuỗi cung ứng
158956,TLA,logistic-va-quan-ly-chuoi-cung-ung,A00,Điểm học bạ,2023,29.5,Logistic và quản lý chuỗi cung ứng
158957,TLA,logistic-va-quan-ly-chuoi-cung-ung,A01,Điểm học bạ,2023,29.5,Logistic và quản lý chuỗi cung ứng
158958,TLA,logistic-va-quan-ly-chuoi-cung-ung,D01,Điểm học bạ,2023,29.5,Logistic và quản lý chuỗi cung ứng
158959,TLA,logistic-va-quan-ly-chuoi-cung-ung,D07,Điểm học bạ,2023,29.5,Logistic và quản lý chuỗi cung ứng
158960,TLA,logistics-va-quan-ly-chuoi-cung-ung,A00,Điểm học bạ,2021,25.0,Logistics và quản lý chuỗi cung ứng
158961,TLA,logistics-va-quan-ly-chuoi-cung-ung,A01,Điểm học bạ,2021,25.0,Logistics và quản lý chuỗi cung ứng
158962,TLA,logistics-va-quan-ly-chuoi-cung-ung,D01,Điểm học bạ,2021,25.0,Logistics và quản lý chuỗi cung ứng
158963,TLA,logistics-va-quan-ly-chuoi-cung-ung,D07,Điểm học bạ,2021,25.0,Logistics và quản lý chuỗi cung ứng
158964,TLA,logistics-va-quan-ly-chuoi-cung-ung,A00,Điểm thi THPT,2021,24.7,Logistics và quản lý chuỗi cung ứng
158965,TLA,logistics-va-quan-ly-chuoi-cung-ung,A01,Điểm thi THPT,2021,24.7,Logistics và quản lý chuỗi cung ứng
158966,TLA,logistics-va-quan-ly-chuoi-cung-ung,D01,Điểm thi THPT,2021,24.7,Logistics và quản lý chuỗi cung ứng
158967,TLA,logistics-va-quan-ly-chuoi-cung-ung,D07,Điểm thi THPT,2021,24.7,Logistics và quản lý chuỗi cung ứng
158968,TLA,logistics-va-quan-ly-chuoi-cung-ung,A00,Điểm thi THPT,2023,25.01,Logistics và quán lý chuỗi cung ứng
158969,TLA,logistics-va-quan-ly-chuoi-cung-ung,A01,Điểm thi THPT,2023,25.01,Logistics và quán lý chuỗi cung ứng
158970,TLA,logistics-va-quan-ly-chuoi-cung-ung,D01,Điểm thi THPT,2023,25.01,Logistics và quán lý chuỗi cung ứng
158971,TLA,logistics-va-quan-ly-chuoi-cung-ung,D07,Điểm thi THPT,2023,25.01,Logistics và quán lý chuỗi cung ứng
158972,TLA,logistics-va-quan-ly-chuoi-cung-ung,A00,Điểm học bạ,2024,28.8,Logistics và quản lý chuỗi cung ứng
158973,TLA,logistics-va-quan-ly-chuoi-cung-ung,A01,Điểm học bạ,2024,28.8,Logistics và quản lý chuỗi cung ứng
158974,TLA,logistics-va-quan-ly-chuoi-cung-ung,D01,Điểm học bạ,2024,28.8,Logistics và quản lý chuỗi cung ứng
158975,TLA,logistics-va-quan-ly-chuoi-cung-ung,D07,Điểm học bạ,2024,28.8,Logistics và quản lý chuỗi cung ứng
158976,TLA,logistics-va-quan-ly-chuoi-cung-ung,A00,Điểm thi THPT,2024,25.31,Logistics và quản lý chuỗi cung ứng
158977,TLA,logistics-va-quan-ly-chuoi-cung-ung,A01,Điểm thi THPT,2024,25.31,Logistics và quản lý chuỗi cung ứng
158978,TLA,logistics-va-quan-ly-chuoi-cung-ung,D01,Điểm thi THPT,2024,25.31,Logistics và quản lý chuỗi cung ứng
158979,TLA,logistics-va-quan-ly-chuoi-cung-ung,D07,Điểm thi THPT,2024,25.31,Logistics và quản lý chuỗi cung ứng
158980,TLA,logistics-va-quan-ly-chuoi-cung-ung,A00,Điểm học bạ,2025,27.63,Logistics và quản lý chuỗi cung ứng
158981,TLA,logistics-va-quan-ly-chuoi-cung-ung,A01,Điểm học bạ,2025,27.63,Logistics và quản lý chuỗi cung ứng
158982,TLA,logistics-va-quan-ly-chuoi-cung-ung,D01,Điểm học bạ,2025,27.63,Logistics và quản lý chuỗi cung ứng
158983,TLA,logistics-va-quan-ly-chuoi-cung-ung,D07,Điểm học bạ,2025,27.63,Logistics và quản lý chuỗi cung ứng
158984,TLA,logistics-va-quan-ly-chuoi-cung-ung,X02,Điểm học bạ,2025,27.63,Logistics và quản lý chuỗi cung ứng
158985,TLA,logistics-va-quan-ly-chuoi-cung-ung,X26,Điểm học bạ,2025,27.63,Logistics và quản lý chuỗi cung ứng
158986,TLA,logistics-va-quan-ly-chuoi-cung-ung,A00,Điểm thi THPT,2025,23.0,Logistics và quản lý chuỗi cung ứng
158987,TLA,logistics-va-quan-ly-chuoi-cung-ung,A01,Điểm thi THPT,2025,23.0,Logistics và quản lý chuỗi cung ứng
158988,TLA,logistics-va-quan-ly-chuoi-cung-ung,D01,Điểm thi THPT,2025,23.0,Logistics và quản lý chuỗi cung ứng
158989,TLA,logistics-va-quan-ly-chuoi-cung-ung,D07,Điểm thi THPT,2025,23.0,Logistics và quản lý chuỗi cung ứng
158990,TLA,logistics-va-quan-ly-chuoi-cung-ung,X02,Điểm thi THPT,2025,23.0,Logistics và quản lý chuỗi cung ứng
158991,TLA,logistics-va-quan-ly-chuoi-cung-ung,X26,Điểm thi THPT,2025,23.0,Logistics và quản lý chuỗi cung ứng
158992,TLA,luat,A00,Điểm học bạ,2022,25.0,Luật
158993,TLA,luat,A01,Điểm học bạ,2022,25.0,Luật
158994,TLA,luat,C00,Điểm học bạ,2022,25.0,Luật
158995,TLA,luat,D01,Điểm học bạ,2022,25.0,Luật
158996,TLA,luat,A00,Điểm thi THPT,2022,26.25,Luật
158997,TLA,luat,A01,Điểm thi THPT,2022,26.25,Luật
158998,TLA,luat,C00,Điểm thi THPT,2022,26.25,Luật
158999,TLA,luat,D01,Điểm thi THPT,2022,26.25,Luật
159000,TLA,luat,A00,Điểm học bạ,2023,29.03,Luật
159001,TLA,luat,A01,Điểm học bạ,2023,29.03,Luật
159002,TLA,luat,C00,Điểm học bạ,2023,29.03,Luật
159003,TLA,luat,D01,Điểm học bạ,2023,29.03,Luật
159004,TLA,luat,A00,Điểm thi THPT,2023,23.72,Luật
159005,TLA,luat,A01,Điểm thi THPT,2023,23.72,Luật
159006,TLA,luat,C00,Điểm thi THPT,2023,23.72,Luật
159007,TLA,luat,D01,Điểm thi THPT,2023,23.72,Luật
159008,TLA,luat,A00,Điểm học bạ,2024,27.5,Luật
159009,TLA,luat,A01,Điểm học bạ,2024,27.5,Luật
159010,TLA,luat,C00,Điểm học bạ,2024,27.5,Luật
159011,TLA,luat,D01,Điểm học bạ,2024,27.5,Luật
159012,TLA,luat,A00,Điểm thi THPT,2024,26.03,Luật
159013,TLA,luat,A01,Điểm thi THPT,2024,26.03,Luật
159014,TLA,luat,C00,Điểm thi THPT,2024,26.03,Luật
159015,TLA,luat,D01,Điểm thi THPT,2024,26.03,Luật
159016,TLA,luat,C00,Điểm học bạ,2025,30.0,Luật
159017,TLA,luat,C03,Điểm học bạ,2025,30.0,Luật
159018,TLA,luat,C04,Điểm học bạ,2025,30.0,Luật
159019,TLA,luat,D01,Điểm học bạ,2025,30.0,Luật
159020,TLA,luat,D14,Điểm học bạ,2025,30.0,Luật
159021,TLA,luat,D15,Điểm học bạ,2025,30.0,Luật
159022,TLA,luat,X01,Điểm học bạ,2025,30.0,Luật
159023,TLA,luat,C00,Điểm thi THPT,2025,25.17,Luật
159024,TLA,luat,C03,Điểm thi THPT,2025,25.17,Luật
159025,TLA,luat,C04,Điểm thi THPT,2025,25.17,Luật
159026,TLA,luat,D01,Điểm thi THPT,2025,25.17,Luật
159027,TLA,luat,D14,Điểm thi THPT,2025,25.17,Luật
159028,TLA,luat,D15,Điểm thi THPT,2025,25.17,Luật
159029,TLA,luat,X01,Điểm thi THPT,2025,25.17,Luật
159030,TLA,luat-kinh-te,A00,Điểm học bạ,2023,29.5,Luật kinh tế
159031,TLA,luat-kinh-te,A01,Điểm học bạ,2023,29.5,Luật kinh tế
159032,TLA,luat-kinh-te,C00,Điểm học bạ,2023,29.5,Luật kinh tế
159033,TLA,luat-kinh-te,D01,Điểm học bạ,2023,29.5,Luật kinh tế
159034,TLA,luat-kinh-te,A00,Điểm thi THPT,2023,23.47,Luật kinh tế
159035,TLA,luat-kinh-te,A01,Điểm thi THPT,2023,23.47,Luật kinh tế
159036,TLA,luat-kinh-te,C00,Điểm thi THPT,2023,23.47,Luật kinh tế
159037,TLA,luat-kinh-te,D01,Điểm thi THPT,2023,23.47,Luật kinh tế
159038,TLA,luat-kinh-te,A00,Điểm học bạ,2024,27.5,Luật kinh tế
159039,TLA,luat-kinh-te,A01,Điểm học bạ,2024,27.5,Luật kinh tế
159040,TLA,luat-kinh-te,C00,Điểm học bạ,2024,27.5,Luật kinh tế
159041,TLA,luat-kinh-te,D02,Điểm học bạ,2024,27.5,Luật kinh tế
159042,TLA,luat-kinh-te,A00,Điểm thi THPT,2024,26.62,Luật kinh tế
159043,TLA,luat-kinh-te,A01,Điểm thi THPT,2024,26.62,Luật kinh tế
159044,TLA,luat-kinh-te,C00,Điểm thi THPT,2024,26.62,Luật kinh tế
159045,TLA,luat-kinh-te,D01,Điểm thi THPT,2024,26.62,Luật kinh tế
159046,TLA,luat-kinh-te,C00,Điểm học bạ,2025,30.0,Luật kinh tế
159047,TLA,luat-kinh-te,C03,Điểm học bạ,2025,30.0,Luật kinh tế
159048,TLA,luat-kinh-te,C04,Điểm học bạ,2025,30.0,Luật kinh tế
159049,TLA,luat-kinh-te,D01,Điểm học bạ,2025,30.0,Luật kinh tế
159050,TLA,luat-kinh-te,D14,Điểm học bạ,2025,30.0,Luật kinh tế
159051,TLA,luat-kinh-te,D15,Điểm học bạ,2025,30.0,Luật kinh tế
159052,TLA,luat-kinh-te,X01,Điểm học bạ,2025,30.0,Luật kinh tế
159053,TLA,luat-kinh-te,C00,Điểm thi THPT,2025,25.5,Luật kinh tế
159054,TLA,luat-kinh-te,C03,Điểm thi THPT,2025,25.5,Luật kinh tế
159055,TLA,luat-kinh-te,C04,Điểm thi THPT,2025,25.5,Luật kinh tế
159056,TLA,luat-kinh-te,D01,Điểm thi THPT,2025,25.5,Luật kinh tế
159057,TLA,luat-kinh-te,D14,Điểm thi THPT,2025,25.5,Luật kinh tế
159058,TLA,luat-kinh-te,D15,Điểm thi THPT,2025,25.5,Luật kinh tế
159059,TLA,luat-kinh-te,X01,Điểm thi THPT,2025,25.5,Luật kinh tế
159060,TLA,ngon-ngu-anh,A01,Điểm học bạ,2021,24.0,Ngôn ngữ Anh
159061,TLA,ngon-ngu-anh,D01,Điểm học bạ,2021,24.0,Ngôn ngữ Anh
159062,TLA,ngon-ngu-anh,D07,Điểm học bạ,2021,24.0,Ngôn ngữ Anh
159063,TLA,ngon-ngu-anh,D08,Điểm học bạ,2021,24.0,Ngôn ngữ Anh
159064,TLA,ngon-ngu-anh,A01,Điểm thi THPT,2021,23.55,Ngôn ngữ Anh
159065,TLA,ngon-ngu-anh,D01,Điểm thi THPT,2021,23.55,Ngôn ngữ Anh
159066,TLA,ngon-ngu-anh,D07,Điểm thi THPT,2021,23.55,Ngôn ngữ Anh
159067,TLA,ngon-ngu-anh,D08,Điểm thi THPT,2021,23.55,Ngôn ngữ Anh
159068,TLA,ngon-ngu-anh,A01,Điểm học bạ,2022,24.23,Ngôn ngữ Anh
159069,TLA,ngon-ngu-anh,D01,Điểm học bạ,2022,24.23,Ngôn ngữ Anh
159070,TLA,ngon-ngu-anh,D07,Điểm học bạ,2022,24.23,Ngôn ngữ Anh
159071,TLA,ngon-ngu-anh,D08,Điểm học bạ,2022,24.23,Ngôn ngữ Anh
159072,TLA,ngon-ngu-anh,A01,Điểm thi THPT,2022,25.7,Ngôn ngữ Anh
159073,TLA,ngon-ngu-anh,D01,Điểm thi THPT,2022,25.7,Ngôn ngữ Anh
159074,TLA,ngon-ngu-anh,D07,Điểm thi THPT,2022,25.7,Ngôn ngữ Anh
159075,TLA,ngon-ngu-anh,D08,Điểm thi THPT,2022,25.7,Ngôn ngữ Anh
159076,TLA,ngon-ngu-anh,A01,Điểm học bạ,2023,28.5,Ngôn ngữ Anh
159077,TLA,ngon-ngu-anh,D01,Điểm học bạ,2023,28.5,Ngôn ngữ Anh
159078,TLA,ngon-ngu-anh,D07,Điểm học bạ,2023,28.5,Ngôn ngữ Anh
159079,TLA,ngon-ngu-anh,D08,Điểm học bạ,2023,28.5,Ngôn ngữ Anh
159080,TLA,ngon-ngu-anh,A01,Điểm thi THPT,2023,23.24,Ngôn ngữ Anh
159081,TLA,ngon-ngu-anh,D01,Điểm thi THPT,2023,23.24,Ngôn ngữ Anh
159082,TLA,ngon-ngu-anh,D07,Điểm thi THPT,2023,23.24,Ngôn ngữ Anh
159083,TLA,ngon-ngu-anh,D08,Điểm thi THPT,2023,23.24,Ngôn ngữ Anh
159084,TLA,ngon-ngu-anh,A01,Điểm học bạ,2024,27.25,Ngôn ngữ Anh
159085,TLA,ngon-ngu-anh,D01,Điểm học bạ,2024,27.25,Ngôn ngữ Anh
159086,TLA,ngon-ngu-anh,D07,Điểm học bạ,2024,27.25,Ngôn ngữ Anh
159087,TLA,ngon-ngu-anh,D08,Điểm học bạ,2024,27.25,Ngôn ngữ Anh
159088,TLA,ngon-ngu-anh,A01,Điểm thi THPT,2024,24.82,Ngôn ngữ Anh
159089,TLA,ngon-ngu-anh,D01,Điểm thi THPT,2024,24.82,Ngôn ngữ Anh
159090,TLA,ngon-ngu-anh,D07,Điểm thi THPT,2024,24.82,Ngôn ngữ Anh
159091,TLA,ngon-ngu-anh,D08,Điểm thi THPT,2024,24.82,Ngôn ngữ Anh
159092,TLA,ngon-ngu-anh,A01,Điểm học bạ,2025,27.17,Ngôn ngữ Anh
159093,TLA,ngon-ngu-anh,D01,Điểm học bạ,2025,27.17,Ngôn ngữ Anh
159094,TLA,ngon-ngu-anh,D07,Điểm học bạ,2025,27.17,Ngôn ngữ Anh
159095,TLA,ngon-ngu-anh,D08,Điểm học bạ,2025,27.17,Ngôn ngữ Anh
159096,TLA,ngon-ngu-anh,D09,Điểm học bạ,2025,27.17,Ngôn ngữ Anh
159097,TLA,ngon-ngu-anh,D10,Điểm học bạ,2025,27.17,Ngôn ngữ Anh
159098,TLA,ngon-ngu-anh,D14,Điểm học bạ,2025,27.17,Ngôn ngữ Anh
159099,TLA,ngon-ngu-anh,D15,Điểm học bạ,2025,27.17,Ngôn ngữ Anh
159100,TLA,ngon-ngu-anh,A01,Điểm thi THPT,2025,22.59,Ngôn ngữ Anh
159101,TLA,ngon-ngu-anh,D01,Điểm thi THPT,2025,22.59,Ngôn ngữ Anh
159102,TLA,ngon-ngu-anh,D07,Điểm thi THPT,2025,22.59,Ngôn ngữ Anh
159103,TLA,ngon-ngu-anh,D08,Điểm thi THPT,2025,22.59,Ngôn ngữ Anh
159104,TLA,ngon-ngu-anh,D09,Điểm thi THPT,2025,22.59,Ngôn ngữ Anh
159105,TLA,ngon-ngu-anh,D10,Điểm thi THPT,2025,22.59,Ngôn ngữ Anh
159106,TLA,ngon-ngu-anh,D14,Điểm thi THPT,2025,22.59,Ngôn ngữ Anh
159107,TLA,ngon-ngu-anh,D15,Điểm thi THPT,2025,22.59,Ngôn ngữ Anh
159108,TLA,ngon-ngu-trung-quoc,A01,Điểm học bạ,2023,28.51,Ngôn ngữ Trung Quốc
159109,TLA,ngon-ngu-trung-quoc,D01,Điểm học bạ,2023,28.51,Ngôn ngữ Trung Quốc
159110,TLA,ngon-ngu-trung-quoc,D04,Điểm học bạ,2023,28.51,Ngôn ngữ Trung Quốc
159111,TLA,ngon-ngu-trung-quoc,D07,Điểm học bạ,2023,28.51,Ngôn ngữ Trung Quốc
159112,TLA,ngon-ngu-trung-quoc,A01,Điểm thi THPT,2023,24.45,Ngôn ngữ Trung Quốc
159113,TLA,ngon-ngu-trung-quoc,D01,Điểm thi THPT,2023,24.45,Ngôn ngữ Trung Quốc
159114,TLA,ngon-ngu-trung-quoc,D04,Điểm thi THPT,2023,24.45,Ngôn ngữ Trung Quốc
159115,TLA,ngon-ngu-trung-quoc,D07,Điểm thi THPT,2023,24.45,Ngôn ngữ Trung Quốc
159116,TLA,ngon-ngu-trung-quoc,A01,Điểm học bạ,2024,27.75,Ngôn ngữ Trung Quốc
159117,TLA,ngon-ngu-trung-quoc,D01,Điểm học bạ,2024,27.75,Ngôn ngữ Trung Quốc
159118,TLA,ngon-ngu-trung-quoc,D04,Điểm học bạ,2024,27.75,Ngôn ngữ Trung Quốc
159119,TLA,ngon-ngu-trung-quoc,D07,Điểm học bạ,2024,27.75,Ngôn ngữ Trung Quốc
159120,TLA,ngon-ngu-trung-quoc,A01,Điểm thi THPT,2024,25.42,Ngôn ngữ Trung Quốc
159121,TLA,ngon-ngu-trung-quoc,D01,Điểm thi THPT,2024,25.42,Ngôn ngữ Trung Quốc
159122,TLA,ngon-ngu-trung-quoc,D04,Điểm thi THPT,2024,25.42,Ngôn ngữ Trung Quốc
159123,TLA,ngon-ngu-trung-quoc,D07,Điểm thi THPT,2024,25.42,Ngôn ngữ Trung Quốc
159124,TLA,ngon-ngu-trung-quoc,D01,Điểm học bạ,2025,30.0,Ngôn ngữ Trung Quốc
159125,TLA,ngon-ngu-trung-quoc,D04,Điểm học bạ,2025,30.0,Ngôn ngữ Trung Quốc
159126,TLA,ngon-ngu-trung-quoc,D45,Điểm học bạ,2025,30.0,Ngôn ngữ Trung Quốc
159127,TLA,ngon-ngu-trung-quoc,D55,Điểm học bạ,2025,30.0,Ngôn ngữ Trung Quốc
159128,TLA,ngon-ngu-trung-quoc,D63,Điểm học bạ,2025,30.0,Ngôn ngữ Trung Quốc
159129,TLA,ngon-ngu-trung-quoc,X37,Điểm học bạ,2025,30.0,Ngôn ngữ Trung Quốc
159130,TLA,ngon-ngu-trung-quoc,D01,Điểm thi THPT,2025,25.45,Ngôn ngữ Trung Quốc
159131,TLA,ngon-ngu-trung-quoc,D04,Điểm thi THPT,2025,25.45,Ngôn ngữ Trung Quốc
159132,TLA,ngon-ngu-trung-quoc,D45,Điểm thi THPT,2025,25.45,Ngôn ngữ Trung Quốc
159133,TLA,ngon-ngu-trung-quoc,D55,Điểm thi THPT,2025,25.45,Ngôn ngữ Trung Quốc
159134,TLA,ngon-ngu-trung-quoc,D63,Điểm thi THPT,2025,25.45,Ngôn ngữ Trung Quốc
159135,TLA,ngon-ngu-trung-quoc,X37,Điểm thi THPT,2025,25.45,Ngôn ngữ Trung Quốc
159136,TLA,quan-ly-xay-dung,A00,Điểm học bạ,2021,22.5,Quản lý xây dựng
159137,TLA,quan-ly-xay-dung,A01,Điểm học bạ,2021,22.5,Quản lý xây dựng
159138,TLA,quan-ly-xay-dung,D01,Điểm học bạ,2021,22.5,Quản lý xây dựng
159139,TLA,quan-ly-xay-dung,D07,Điểm học bạ,2021,22.5,Quản lý xây dựng
159140,TLA,quan-ly-xay-dung,A00,Điểm thi THPT,2021,21.7,Quản lý xây dựng
159141,TLA,quan-ly-xay-dung,A01,Điểm thi THPT,2021,21.7,Quản lý xây dựng
159142,TLA,quan-ly-xay-dung,D01,Điểm thi THPT,2021,21.7,Quản lý xây dựng
159143,TLA,quan-ly-xay-dung,D07,Điểm thi THPT,2021,21.7,Quản lý xây dựng
159144,TLA,quan-ly-xay-dung,A00,Điểm học bạ,2022,22.0,Quản lý xây dựng
159145,TLA,quan-ly-xay-dung,A01,Điểm học bạ,2022,22.0,Quản lý xây dựng
159146,TLA,quan-ly-xay-dung,D01,Điểm học bạ,2022,22.0,Quản lý xây dựng
159147,TLA,quan-ly-xay-dung,D07,Điểm học bạ,2022,22.0,Quản lý xây dựng
159148,TLA,quan-ly-xay-dung,A00,Điểm thi THPT,2022,22.05,Quản lý xây dựng
159149,TLA,quan-ly-xay-dung,A01,Điểm thi THPT,2022,22.05,Quản lý xây dựng
159150,TLA,quan-ly-xay-dung,D01,Điểm thi THPT,2022,22.05,Quản lý xây dựng
159151,TLA,quan-ly-xay-dung,D07,Điểm thi THPT,2022,22.05,Quản lý xây dựng
159152,TLA,quan-ly-xay-dung,A00,Điểm học bạ,2023,25.5,Quản lý xây dựng
159153,TLA,quan-ly-xay-dung,A01,Điểm học bạ,2023,25.5,Quản lý xây dựng
159154,TLA,quan-ly-xay-dung,D01,Điểm học bạ,2023,25.5,Quản lý xây dựng
159155,TLA,quan-ly-xay-dung,D07,Điểm học bạ,2023,25.5,Quản lý xây dựng
159156,TLA,quan-ly-xay-dung,A00,Điểm thi THPT,2023,22.1,Quản lý xây dựng
159157,TLA,quan-ly-xay-dung,A01,Điểm thi THPT,2023,22.1,Quản lý xây dựng
159158,TLA,quan-ly-xay-dung,D01,Điểm thi THPT,2023,22.1,Quản lý xây dựng
159159,TLA,quan-ly-xay-dung,D07,Điểm thi THPT,2023,22.1,Quản lý xây dựng
159160,TLA,quan-ly-xay-dung,A00,Điểm học bạ,2024,23.0,Quản lý xây dựng
159161,TLA,quan-ly-xay-dung,A01,Điểm học bạ,2024,23.0,Quản lý xây dựng
159162,TLA,quan-ly-xay-dung,D01,Điểm học bạ,2024,23.0,Quản lý xây dựng
159163,TLA,quan-ly-xay-dung,D07,Điểm học bạ,2024,23.0,Quản lý xây dựng
159164,TLA,quan-ly-xay-dung,A00,Điểm thi THPT,2024,22.75,Quản lý xây dựng
159165,TLA,quan-ly-xay-dung,A01,Điểm thi THPT,2024,22.75,Quản lý xây dựng
159166,TLA,quan-ly-xay-dung,D01,Điểm thi THPT,2024,22.75,Quản lý xây dựng
159167,TLA,quan-ly-xay-dung,D07,Điểm thi THPT,2024,22.75,Quản lý xây dựng
159168,TLA,quan-ly-xay-dung,A00,Điểm học bạ,2025,24.75,Quản lý xây dựng
159169,TLA,quan-ly-xay-dung,A01,Điểm học bạ,2025,24.75,Quản lý xây dựng
159170,TLA,quan-ly-xay-dung,C01,Điểm học bạ,2025,24.75,Quản lý xây dựng
159171,TLA,quan-ly-xay-dung,C02,Điểm học bạ,2025,24.75,Quản lý xây dựng
159172,TLA,quan-ly-xay-dung,D01,Điểm học bạ,2025,24.75,Quản lý xây dựng
159173,TLA,quan-ly-xay-dung,D07,Điểm học bạ,2025,24.75,Quản lý xây dựng
159174,TLA,quan-ly-xay-dung,X02,Điểm học bạ,2025,24.75,Quản lý xây dựng
159175,TLA,quan-ly-xay-dung,X06,Điểm học bạ,2025,24.75,Quản lý xây dựng
159176,TLA,quan-ly-xay-dung,A00,Điểm thi THPT,2025,19.96,Quản lý xây dựng
159177,TLA,quan-ly-xay-dung,A01,Điểm thi THPT,2025,19.96,Quản lý xây dựng
159178,TLA,quan-ly-xay-dung,C01,Điểm thi THPT,2025,19.96,Quản lý xây dựng
159179,TLA,quan-ly-xay-dung,C02,Điểm thi THPT,2025,19.96,Quản lý xây dựng
159180,TLA,quan-ly-xay-dung,D01,Điểm thi THPT,2025,19.96,Quản lý xây dựng
159181,TLA,quan-ly-xay-dung,D07,Điểm thi THPT,2025,19.96,Quản lý xây dựng
159182,TLA,quan-ly-xay-dung,X02,Điểm thi THPT,2025,19.96,Quản lý xây dựng
159183,TLA,quan-ly-xay-dung,X06,Điểm thi THPT,2025,19.96,Quản lý xây dựng
159184,TLA,quan-tri-dich-vu-du-lich-va-lu-hanh,A00,Điểm học bạ,2021,24.5,Quản trị dịch vụ du lịch và lữ hành
159185,TLA,quan-tri-dich-vu-du-lich-va-lu-hanh,A01,Điểm học bạ,2021,24.5,Quản trị dịch vụ du lịch và lữ hành
159186,TLA,quan-tri-dich-vu-du-lich-va-lu-hanh,D01,Điểm học bạ,2021,24.5,Quản trị dịch vụ du lịch và lữ hành
159187,TLA,quan-tri-dich-vu-du-lich-va-lu-hanh,D07,Điểm học bạ,2021,24.5,Quản trị dịch vụ du lịch và lữ hành
159188,TLA,quan-tri-dich-vu-du-lich-va-lu-hanh,A00,Điểm thi THPT,2021,22.8,Quản trị dịch vụ du lịch và lữ hành
159189,TLA,quan-tri-dich-vu-du-lich-va-lu-hanh,A01,Điểm thi THPT,2021,22.8,Quản trị dịch vụ du lịch và lữ hành
159190,TLA,quan-tri-dich-vu-du-lich-va-lu-hanh,D01,Điểm thi THPT,2021,22.8,Quản trị dịch vụ du lịch và lữ hành
159191,TLA,quan-tri-dich-vu-du-lich-va-lu-hanh,D07,Điểm thi THPT,2021,22.8,Quản trị dịch vụ du lịch và lữ hành
159192,TLA,quan-tri-dich-vu-du-lich-va-lu-hanh,A00,Điểm học bạ,2022,25.0,Quản trị dịch vụ du lịch và lữ hành
159193,TLA,quan-tri-dich-vu-du-lich-va-lu-hanh,A01,Điểm học bạ,2022,25.0,Quản trị dịch vụ du lịch và lữ hành
159194,TLA,quan-tri-dich-vu-du-lich-va-lu-hanh,D01,Điểm học bạ,2022,25.0,Quản trị dịch vụ du lịch và lữ hành
159195,TLA,quan-tri-dich-vu-du-lich-va-lu-hanh,D07,Điểm học bạ,2022,25.0,Quản trị dịch vụ du lịch và lữ hành
159196,TLA,quan-tri-dich-vu-du-lich-va-lu-hanh,A00,Điểm thi THPT,2022,25.15,Quản trị dịch vụ du lịch và lữ hành
159197,TLA,quan-tri-dich-vu-du-lich-va-lu-hanh,A01,Điểm thi THPT,2022,25.15,Quản trị dịch vụ du lịch và lữ hành
159198,TLA,quan-tri-dich-vu-du-lich-va-lu-hanh,D01,Điểm thi THPT,2022,25.15,Quản trị dịch vụ du lịch và lữ hành
159199,TLA,quan-tri-dich-vu-du-lich-va-lu-hanh,D07,Điểm thi THPT,2022,25.15,Quản trị dịch vụ du lịch và lữ hành
159200,TLA,quan-tri-dich-vu-du-lich-va-lu-hanh,A00,Điểm học bạ,2023,28.0,Quản trị dịch vụ du lịch và lữ hành
159201,TLA,quan-tri-dich-vu-du-lich-va-lu-hanh,A01,Điểm học bạ,2023,28.0,Quản trị dịch vụ du lịch và lữ hành
159202,TLA,quan-tri-dich-vu-du-lich-va-lu-hanh,D01,Điểm học bạ,2023,28.0,Quản trị dịch vụ du lịch và lữ hành
159203,TLA,quan-tri-dich-vu-du-lich-va-lu-hanh,D07,Điểm học bạ,2023,28.0,Quản trị dịch vụ du lịch và lữ hành
159204,TLA,quan-tri-dich-vu-du-lich-va-lu-hanh,A00,Điểm thi THPT,2023,22.75,Quản trị dịch vụ du lịch vá lữ hành
159205,TLA,quan-tri-dich-vu-du-lich-va-lu-hanh,A01,Điểm thi THPT,2023,22.75,Quản trị dịch vụ du lịch vá lữ hành
159206,TLA,quan-tri-dich-vu-du-lich-va-lu-hanh,D01,Điểm thi THPT,2023,22.75,Quản trị dịch vụ du lịch vá lữ hành
159207,TLA,quan-tri-dich-vu-du-lich-va-lu-hanh,D07,Điểm thi THPT,2023,22.75,Quản trị dịch vụ du lịch vá lữ hành
159208,TLA,quan-tri-dich-vu-du-lich-va-lu-hanh,A01,Điểm học bạ,2024,26.25,Quản trị dịch vụ du lịch và lữ hành
159209,TLA,quan-tri-dich-vu-du-lich-va-lu-hanh,D01,Điểm học bạ,2024,26.25,Quản trị dịch vụ du lịch và lữ hành
159210,TLA,quan-tri-dich-vu-du-lich-va-lu-hanh,D09,Điểm học bạ,2024,26.25,Quản trị dịch vụ du lịch và lữ hành
159211,TLA,quan-tri-dich-vu-du-lich-va-lu-hanh,D10,Điểm học bạ,2024,26.25,Quản trị dịch vụ du lịch và lữ hành
159212,TLA,quan-tri-dich-vu-du-lich-va-lu-hanh,A00,Điểm thi THPT,2024,24.21,Quản trị dịch vụ du lịch và lữ hành
159213,TLA,quan-tri-dich-vu-du-lich-va-lu-hanh,D01,Điểm thi THPT,2024,24.21,Quản trị dịch vụ du lịch và lữ hành
159214,TLA,quan-tri-dich-vu-du-lich-va-lu-hanh,D09,Điểm thi THPT,2024,24.21,Quản trị dịch vụ du lịch và lữ hành
159215,TLA,quan-tri-dich-vu-du-lich-va-lu-hanh,D10,Điểm thi THPT,2024,24.21,Quản trị dịch vụ du lịch và lữ hành
159216,TLA,quan-tri-dich-vu-du-lich-va-lu-hanh,A01,Điểm học bạ,2025,26.05,Quản trị dịch vụ du lịch và lữ hành
159217,TLA,quan-tri-dich-vu-du-lich-va-lu-hanh,D01,Điểm học bạ,2025,26.05,Quản trị dịch vụ du lịch và lữ hành
159218,TLA,quan-tri-dich-vu-du-lich-va-lu-hanh,D07,Điểm học bạ,2025,26.05,Quản trị dịch vụ du lịch và lữ hành
159219,TLA,quan-tri-dich-vu-du-lich-va-lu-hanh,D09,Điểm học bạ,2025,26.05,Quản trị dịch vụ du lịch và lữ hành
159220,TLA,quan-tri-dich-vu-du-lich-va-lu-hanh,D10,Điểm học bạ,2025,26.05,Quản trị dịch vụ du lịch và lữ hành
159221,TLA,quan-tri-dich-vu-du-lich-va-lu-hanh,A01,Điểm thi THPT,2025,21.48,Quản trị dịch vụ du lịch và lữ hành
159222,TLA,quan-tri-dich-vu-du-lich-va-lu-hanh,D01,Điểm thi THPT,2025,21.48,Quản trị dịch vụ du lịch và lữ hành
159223,TLA,quan-tri-dich-vu-du-lich-va-lu-hanh,D07,Điểm thi THPT,2025,21.48,Quản trị dịch vụ du lịch và lữ hành
159224,TLA,quan-tri-dich-vu-du-lich-va-lu-hanh,D09,Điểm thi THPT,2025,21.48,Quản trị dịch vụ du lịch và lữ hành
159225,TLA,quan-tri-dich-vu-du-lich-va-lu-hanh,D10,Điểm thi THPT,2025,21.48,Quản trị dịch vụ du lịch và lữ hành
159226,TLA,quan-tri-kinh-doanh,A00,Điểm học bạ,2021,25.5,Quản trị kinh doanh
159227,TLA,quan-tri-kinh-doanh,A01,Điểm học bạ,2021,25.5,Quản trị kinh doanh
159228,TLA,quan-tri-kinh-doanh,D01,Điểm học bạ,2021,25.5,Quản trị kinh doanh
159229,TLA,quan-tri-kinh-doanh,D07,Điểm học bạ,2021,25.5,Quản trị kinh doanh
159230,TLA,quan-tri-kinh-doanh,A00,Điểm thi THPT,2021,24.9,Quản trị kinh doanh
159231,TLA,quan-tri-kinh-doanh,A01,Điểm thi THPT,2021,24.9,Quản trị kinh doanh
159232,TLA,quan-tri-kinh-doanh,D01,Điểm thi THPT,2021,24.9,Quản trị kinh doanh
159233,TLA,quan-tri-kinh-doanh,D07,Điểm thi THPT,2021,24.9,Quản trị kinh doanh
159234,TLA,quan-tri-kinh-doanh,A00,Điểm học bạ,2022,26.5,Quản trị kinh doanh
159235,TLA,quan-tri-kinh-doanh,A01,Điểm học bạ,2022,26.5,Quản trị kinh doanh
159236,TLA,quan-tri-kinh-doanh,D01,Điểm học bạ,2022,26.5,Quản trị kinh doanh
159237,TLA,quan-tri-kinh-doanh,D07,Điểm học bạ,2022,26.5,Quản trị kinh doanh
159238,TLA,quan-tri-kinh-doanh,A00,Điểm thi THPT,2022,25.0,Quản trị kinh doanh
159239,TLA,quan-tri-kinh-doanh,A01,Điểm thi THPT,2022,25.0,Quản trị kinh doanh
159240,TLA,quan-tri-kinh-doanh,D01,Điểm thi THPT,2022,25.0,Quản trị kinh doanh
159241,TLA,quan-tri-kinh-doanh,D07,Điểm thi THPT,2022,25.0,Quản trị kinh doanh
159242,TLA,quan-tri-kinh-doanh,A00,Điểm học bạ,2023,28.75,Quản trị kinh doanh
159243,TLA,quan-tri-kinh-doanh,A01,Điểm học bạ,2023,28.75,Quản trị kinh doanh
159244,TLA,quan-tri-kinh-doanh,D01,Điểm học bạ,2023,28.75,Quản trị kinh doanh
159245,TLA,quan-tri-kinh-doanh,D07,Điểm học bạ,2023,28.75,Quản trị kinh doanh
159246,TLA,quan-tri-kinh-doanh,A00,Điểm thi THPT,2023,24.55,Quản trị kinh doanh
159247,TLA,quan-tri-kinh-doanh,A01,Điểm thi THPT,2023,24.55,Quản trị kinh doanh
159248,TLA,quan-tri-kinh-doanh,D01,Điểm thi THPT,2023,24.55,Quản trị kinh doanh
159249,TLA,quan-tri-kinh-doanh,D07,Điểm thi THPT,2023,24.55,Quản trị kinh doanh
159250,TLA,quan-tri-kinh-doanh,A00,Điểm học bạ,2024,27.5,Quản trị kinh doanh
159251,TLA,quan-tri-kinh-doanh,A01,Điểm học bạ,2024,27.5,Quản trị kinh doanh
159252,TLA,quan-tri-kinh-doanh,D01,Điểm học bạ,2024,27.5,Quản trị kinh doanh
159253,TLA,quan-tri-kinh-doanh,D07,Điểm học bạ,2024,27.5,Quản trị kinh doanh
159254,TLA,quan-tri-kinh-doanh,A00,Điểm thi THPT,2024,24.68,Quản trị kinh doanh
159255,TLA,quan-tri-kinh-doanh,A01,Điểm thi THPT,2024,24.68,Quản trị kinh doanh
159256,TLA,quan-tri-kinh-doanh,D01,Điểm thi THPT,2024,24.68,Quản trị kinh doanh
159257,TLA,quan-tri-kinh-doanh,D07,Điểm thi THPT,2024,24.68,Quản trị kinh doanh
159258,TLA,quan-tri-kinh-doanh,A00,Điểm học bạ,2025,26.61,Quản trị kinh doanh
159259,TLA,quan-tri-kinh-doanh,A01,Điểm học bạ,2025,26.61,Quản trị kinh doanh
159260,TLA,quan-tri-kinh-doanh,D01,Điểm học bạ,2025,26.61,Quản trị kinh doanh
159261,TLA,quan-tri-kinh-doanh,D07,Điểm học bạ,2025,26.61,Quản trị kinh doanh
159262,TLA,quan-tri-kinh-doanh,X02,Điểm học bạ,2025,26.61,Quản trị kinh doanh
159263,TLA,quan-tri-kinh-doanh,X26,Điểm học bạ,2025,26.61,Quản trị kinh doanh
159264,TLA,quan-tri-kinh-doanh,A00,Điểm thi THPT,2025,22.1,Quản trị kinh doanh
159265,TLA,quan-tri-kinh-doanh,A01,Điểm thi THPT,2025,22.1,Quản trị kinh doanh
159266,TLA,quan-tri-kinh-doanh,D01,Điểm thi THPT,2025,22.1,Quản trị kinh doanh
159267,TLA,quan-tri-kinh-doanh,D07,Điểm thi THPT,2025,22.1,Quản trị kinh doanh
159268,TLA,quan-tri-kinh-doanh,X02,Điểm thi THPT,2025,22.1,Quản trị kinh doanh
159269,TLA,quan-tri-kinh-doanh,X26,Điểm thi THPT,2025,22.1,Quản trị kinh doanh
159270,TLA,tai-chinh-ngan-hang,A00,Điểm học bạ,2022,26.0,Tài chính - Ngân hàng
159271,TLA,tai-chinh-ngan-hang,A01,Điểm học bạ,2022,26.0,Tài chính - Ngân hàng
159272,TLA,tai-chinh-ngan-hang,D01,Điểm học bạ,2022,26.0,Tài chính - Ngân hàng
159273,TLA,tai-chinh-ngan-hang,D07,Điểm học bạ,2022,26.0,Tài chính - Ngân hàng
159274,TLA,tai-chinh-ngan-hang,A00,Điểm thi THPT,2022,24.8,Tài chính - Ngân hàng
159275,TLA,tai-chinh-ngan-hang,A01,Điểm thi THPT,2022,24.8,Tài chính - Ngân hàng
159276,TLA,tai-chinh-ngan-hang,D01,Điểm thi THPT,2022,24.8,Tài chính - Ngân hàng
159277,TLA,tai-chinh-ngan-hang,D07,Điểm thi THPT,2022,24.8,Tài chính - Ngân hàng
159278,TLA,tai-chinh-ngan-hang,A00,Điểm học bạ,2023,28.76,Tài chính - Ngân hàng
159279,TLA,tai-chinh-ngan-hang,A01,Điểm học bạ,2023,28.76,Tài chính - Ngân hàng
159280,TLA,tai-chinh-ngan-hang,D01,Điểm học bạ,2023,28.76,Tài chính - Ngân hàng
159281,TLA,tai-chinh-ngan-hang,D07,Điểm học bạ,2023,28.76,Tài chính - Ngân hàng
159282,TLA,tai-chinh-ngan-hang,A00,Điểm thi THPT,2023,24.73,Tài chính - Ngân hàng
159283,TLA,tai-chinh-ngan-hang,A01,Điểm thi THPT,2023,24.73,Tài chính - Ngân hàng
159284,TLA,tai-chinh-ngan-hang,D01,Điểm thi THPT,2023,24.73,Tài chính - Ngân hàng
159285,TLA,tai-chinh-ngan-hang,D07,Điểm thi THPT,2023,24.73,Tài chính - Ngân hàng
159286,TLA,tai-chinh-ngan-hang,A00,Điểm học bạ,2024,27.75,Tài chính - Ngân hàng
159287,TLA,tai-chinh-ngan-hang,A01,Điểm học bạ,2024,27.75,Tài chính - Ngân hàng
159288,TLA,tai-chinh-ngan-hang,D01,Điểm học bạ,2024,27.75,Tài chính - Ngân hàng
159289,TLA,tai-chinh-ngan-hang,D07,Điểm học bạ,2024,27.75,Tài chính - Ngân hàng
159290,TLA,tai-chinh-ngan-hang,A00,Điểm thi THPT,2024,24.88,Tài chính - Ngân hàng
159291,TLA,tai-chinh-ngan-hang,A01,Điểm thi THPT,2024,24.88,Tài chính - Ngân hàng
159292,TLA,tai-chinh-ngan-hang,D01,Điểm thi THPT,2024,24.88,Tài chính - Ngân hàng
159293,TLA,tai-chinh-ngan-hang,D07,Điểm thi THPT,2024,24.88,Tài chính - Ngân hàng
159294,TLA,tai-chinh-ngan-hang,A00,Điểm học bạ,2025,26.79,Tài chính - Ngân hàng
159295,TLA,tai-chinh-ngan-hang,A01,Điểm học bạ,2025,26.79,Tài chính - Ngân hàng
159296,TLA,tai-chinh-ngan-hang,D01,Điểm học bạ,2025,26.79,Tài chính - Ngân hàng
159297,TLA,tai-chinh-ngan-hang,D07,Điểm học bạ,2025,26.79,Tài chính - Ngân hàng
159298,TLA,tai-chinh-ngan-hang,X02,Điểm học bạ,2025,26.79,Tài chính - Ngân hàng
159299,TLA,tai-chinh-ngan-hang,X26,Điểm học bạ,2025,26.79,Tài chính - Ngân hàng
159300,TLA,tai-chinh-ngan-hang,A00,Điểm thi THPT,2025,22.26,Tài chính - Ngân hàng
159301,TLA,tai-chinh-ngan-hang,A01,Điểm thi THPT,2025,22.26,Tài chính - Ngân hàng
159302,TLA,tai-chinh-ngan-hang,D01,Điểm thi THPT,2025,22.26,Tài chính - Ngân hàng
159303,TLA,tai-chinh-ngan-hang,D07,Điểm thi THPT,2025,22.26,Tài chính - Ngân hàng
159304,TLA,tai-chinh-ngan-hang,X02,Điểm thi THPT,2025,22.26,Tài chính - Ngân hàng
159305,TLA,tai-chinh-ngan-hang,X26,Điểm thi THPT,2025,22.26,Tài chính - Ngân hàng
159306,TLA,tai-nguyen-nuoc-va-moi-truong,A00,Điểm học bạ,2022,19.09,Tài nguyên nước và môi trường (Thủy văn học)
159307,TLA,tai-nguyen-nuoc-va-moi-truong,A01,Điểm học bạ,2022,19.09,Tài nguyên nước và môi trường (Thủy văn học)
159308,TLA,tai-nguyen-nuoc-va-moi-truong,D01,Điểm học bạ,2022,19.09,Tài nguyên nước và môi trường (Thủy văn học)
159309,TLA,tai-nguyen-nuoc-va-moi-truong,D07,Điểm học bạ,2022,19.09,Tài nguyên nước và môi trường (Thủy văn học)
159310,TLA,tai-nguyen-nuoc-va-moi-truong,A00,Điểm thi THPT,2022,17.4,Tài nguyên nước và môi trường (Thủy văn học)
159311,TLA,tai-nguyen-nuoc-va-moi-truong,A01,Điểm thi THPT,2022,17.4,Tài nguyên nước và môi trường (Thủy văn học)
159312,TLA,tai-nguyen-nuoc-va-moi-truong,D01,Điểm thi THPT,2022,17.4,Tài nguyên nước và môi trường (Thủy văn học)
159313,TLA,tai-nguyen-nuoc-va-moi-truong,D07,Điểm thi THPT,2022,17.4,Tài nguyên nước và môi trường (Thủy văn học)
159314,TLA,tai-nguyen-nuoc-va-moi-truong,A00,Điểm học bạ,2023,21.01,Tài nguyên nước và môi trường (Thủy văn học)
159315,TLA,tai-nguyen-nuoc-va-moi-truong,A01,Điểm học bạ,2023,21.01,Tài nguyên nước và môi trường (Thủy văn học)
159316,TLA,tai-nguyen-nuoc-va-moi-truong,D01,Điểm học bạ,2023,21.01,Tài nguyên nước và môi trường (Thủy văn học)
159317,TLA,tai-nguyen-nuoc-va-moi-truong,D07,Điểm học bạ,2023,21.01,Tài nguyên nước và môi trường (Thủy văn học)
159318,TLA,tai-nguyen-nuoc-va-moi-truong,A00,Điểm thi THPT,2023,19.15,Tài nguyên nước và môi trường (Thủy văn học)
159319,TLA,tai-nguyen-nuoc-va-moi-truong,A01,Điểm thi THPT,2023,19.15,Tài nguyên nước và môi trường (Thủy văn học)
159320,TLA,tai-nguyen-nuoc-va-moi-truong,D01,Điểm thi THPT,2023,19.15,Tài nguyên nước và môi trường (Thủy văn học)
159321,TLA,tai-nguyen-nuoc-va-moi-truong,D07,Điểm thi THPT,2023,19.15,Tài nguyên nước và môi trường (Thủy văn học)
159322,TLA,tai-nguyen-nuoc-va-moi-truong,A00,Điểm học bạ,2024,21.0,Tài nguyên nước và môi trường (Thủy văn học)
159323,TLA,tai-nguyen-nuoc-va-moi-truong,A01,Điểm học bạ,2024,21.0,Tài nguyên nước và môi trường (Thủy văn học)
159324,TLA,tai-nguyen-nuoc-va-moi-truong,D01,Điểm học bạ,2024,21.0,Tài nguyên nước và môi trường (Thủy văn học)
159325,TLA,tai-nguyen-nuoc-va-moi-truong,D07,Điểm học bạ,2024,21.0,Tài nguyên nước và môi trường (Thủy văn học)
159326,TLA,tai-nguyen-nuoc-va-moi-truong,A00,Điểm thi THPT,2024,21.0,Tài nguyên nước và môi trường (Thủy văn học)
159327,TLA,tai-nguyen-nuoc-va-moi-truong,A01,Điểm thi THPT,2024,21.0,Tài nguyên nước và môi trường (Thủy văn học)
159328,TLA,tai-nguyen-nuoc-va-moi-truong,D01,Điểm thi THPT,2024,21.0,Tài nguyên nước và môi trường (Thủy văn học)
159329,TLA,tai-nguyen-nuoc-va-moi-truong,D07,Điểm thi THPT,2024,21.0,Tài nguyên nước và môi trường (Thủy văn học)
159330,TLA,tai-nguyen-nuoc-va-moi-truong,A00,Điểm học bạ,2025,22.66,Tài nguyên nước và môi trường (Thủy văn học)
159331,TLA,tai-nguyen-nuoc-va-moi-truong,A01,Điểm học bạ,2025,22.66,Tài nguyên nước và môi trường (Thủy văn học)
159332,TLA,tai-nguyen-nuoc-va-moi-truong,C01,Điểm học bạ,2025,22.66,Tài nguyên nước và môi trường (Thủy văn học)
159333,TLA,tai-nguyen-nuoc-va-moi-truong,C02,Điểm học bạ,2025,22.66,Tài nguyên nước và môi trường (Thủy văn học)
159334,TLA,tai-nguyen-nuoc-va-moi-truong,D01,Điểm học bạ,2025,22.66,Tài nguyên nước và môi trường (Thủy văn học)
159335,TLA,tai-nguyen-nuoc-va-moi-truong,D07,Điểm học bạ,2025,22.66,Tài nguyên nước và môi trường (Thủy văn học)
159336,TLA,tai-nguyen-nuoc-va-moi-truong,X02,Điểm học bạ,2025,22.66,Tài nguyên nước và môi trường (Thủy văn học)
159337,TLA,tai-nguyen-nuoc-va-moi-truong,X06,Điểm học bạ,2025,22.66,Tài nguyên nước và môi trường (Thủy văn học)
159338,TLA,tai-nguyen-nuoc-va-moi-truong,A00,Điểm thi THPT,2025,18.0,Tài nguyên nước và môi trường (Thủy văn học)
159339,TLA,tai-nguyen-nuoc-va-moi-truong,A01,Điểm thi THPT,2025,18.0,Tài nguyên nước và môi trường (Thủy văn học)
159340,TLA,tai-nguyen-nuoc-va-moi-truong,C01,Điểm thi THPT,2025,18.0,Tài nguyên nước và môi trường (Thủy văn học)
159341,TLA,tai-nguyen-nuoc-va-moi-truong,C02,Điểm thi THPT,2025,18.0,Tài nguyên nước và môi trường (Thủy văn học)
159342,TLA,tai-nguyen-nuoc-va-moi-truong,D01,Điểm thi THPT,2025,18.0,Tài nguyên nước và môi trường (Thủy văn học)
159343,TLA,tai-nguyen-nuoc-va-moi-truong,D07,Điểm thi THPT,2025,18.0,Tài nguyên nước và môi trường (Thủy văn học)
159344,TLA,tai-nguyen-nuoc-va-moi-truong,X02,Điểm thi THPT,2025,18.0,Tài nguyên nước và môi trường (Thủy văn học)
159345,TLA,tai-nguyen-nuoc-va-moi-truong,X06,Điểm thi THPT,2025,18.0,Tài nguyên nước và môi trường (Thủy văn học)
159346,TLA,thuong-mai-dien-tu,A00,Điểm học bạ,2021,25.0,Thương mại điện tử
159347,TLA,thuong-mai-dien-tu,A01,Điểm học bạ,2021,25.0,Thương mại điện tử
159348,TLA,thuong-mai-dien-tu,D01,Điểm học bạ,2021,25.0,Thương mại điện tử
159349,TLA,thuong-mai-dien-tu,D07,Điểm học bạ,2021,25.0,Thương mại điện tử
159350,TLA,thuong-mai-dien-tu,A00,Điểm thi THPT,2021,24.65,Thương mại điện tử
159351,TLA,thuong-mai-dien-tu,A01,Điểm thi THPT,2021,24.65,Thương mại điện tử
159352,TLA,thuong-mai-dien-tu,D01,Điểm thi THPT,2021,24.65,Thương mại điện tử
159353,TLA,thuong-mai-dien-tu,D07,Điểm thi THPT,2021,24.65,Thương mại điện tử
159354,TLA,thuong-mai-dien-tu,A00,Điểm học bạ,2022,26.5,Thương mại điện tử
159355,TLA,thuong-mai-dien-tu,A01,Điểm học bạ,2022,26.5,Thương mại điện tử
159356,TLA,thuong-mai-dien-tu,D01,Điểm học bạ,2022,26.5,Thương mại điện tử
159357,TLA,thuong-mai-dien-tu,D07,Điểm học bạ,2022,26.5,Thương mại điện tử
159358,TLA,thuong-mai-dien-tu,A00,Điểm thi THPT,2022,25.4,Thương mại điện tử
159359,TLA,thuong-mai-dien-tu,A01,Điểm thi THPT,2022,25.4,Thương mại điện tử
159360,TLA,thuong-mai-dien-tu,D01,Điểm thi THPT,2022,25.4,Thương mại điện tử
159361,TLA,thuong-mai-dien-tu,D07,Điểm thi THPT,2022,25.4,Thương mại điện tử
159362,TLA,thuong-mai-dien-tu,A00,Điểm học bạ,2023,29.25,Thương mại điện tử
159363,TLA,thuong-mai-dien-tu,A01,Điểm học bạ,2023,29.25,Thương mại điện tử
159364,TLA,thuong-mai-dien-tu,D01,Điểm học bạ,2023,29.25,Thương mại điện tử
159365,TLA,thuong-mai-dien-tu,D07,Điểm học bạ,2023,29.25,Thương mại điện tử
159366,TLA,thuong-mai-dien-tu,A00,Điểm thi THPT,2023,25.0,Thương mại điện tử
159367,TLA,thuong-mai-dien-tu,A01,Điểm thi THPT,2023,25.0,Thương mại điện tử
159368,TLA,thuong-mai-dien-tu,D01,Điểm thi THPT,2023,25.0,Thương mại điện tử
159369,TLA,thuong-mai-dien-tu,D07,Điểm thi THPT,2023,25.0,Thương mại điện tử
159370,TLA,thuong-mai-dien-tu,A00,Điểm học bạ,2024,28.0,Thương mại điện tử
159371,TLA,thuong-mai-dien-tu,A01,Điểm học bạ,2024,28.0,Thương mại điện tử
159372,TLA,thuong-mai-dien-tu,D01,Điểm học bạ,2024,28.0,Thương mại điện tử
159373,TLA,thuong-mai-dien-tu,D07,Điểm học bạ,2024,28.0,Thương mại điện tử
159374,TLA,thuong-mai-dien-tu,A00,Điểm thi THPT,2024,25.36,Thương mại điện tử
159375,TLA,thuong-mai-dien-tu,A01,Điểm thi THPT,2024,25.36,Thương mại điện tử
159376,TLA,thuong-mai-dien-tu,D01,Điểm thi THPT,2024,25.36,Thương mại điện tử
159377,TLA,thuong-mai-dien-tu,D07,Điểm thi THPT,2024,25.36,Thương mại điện tử
159378,TLA,thuong-mai-dien-tu,A00,Điểm học bạ,2025,27.61,Thương mại điện tử
159379,TLA,thuong-mai-dien-tu,A01,Điểm học bạ,2025,27.61,Thương mại điện tử
159380,TLA,thuong-mai-dien-tu,D01,Điểm học bạ,2025,27.61,Thương mại điện tử
159381,TLA,thuong-mai-dien-tu,D07,Điểm học bạ,2025,27.61,Thương mại điện tử
159382,TLA,thuong-mai-dien-tu,X02,Điểm học bạ,2025,27.61,Thương mại điện tử
159383,TLA,thuong-mai-dien-tu,X26,Điểm học bạ,2025,27.61,Thương mại điện tử
159384,TLA,thuong-mai-dien-tu,A00,Điểm thi THPT,2025,22.98,Thương mại điện tử
159385,TLA,thuong-mai-dien-tu,A01,Điểm thi THPT,2025,22.98,Thương mại điện tử
159386,TLA,thuong-mai-dien-tu,D01,Điểm thi THPT,2025,22.98,Thương mại điện tử
159387,TLA,thuong-mai-dien-tu,D07,Điểm thi THPT,2025,22.98,Thương mại điện tử
159388,TLA,thuong-mai-dien-tu,X02,Điểm thi THPT,2025,22.98,Thương mại điện tử
159389,TLA,thuong-mai-dien-tu,X26,Điểm thi THPT,2025,22.98,Thương mại điện tử
159390,TLA,thuy-van-hoc,A00,Điểm học bạ,2021,18.1,Thủy văn học
159391,TLA,thuy-van-hoc,A01,Điểm học bạ,2021,18.1,Thủy văn học
159392,TLA,thuy-van-hoc,D01,Điểm học bạ,2021,18.1,Thủy văn học
159393,TLA,thuy-van-hoc,D07,Điểm học bạ,2021,18.1,Thủy văn học
159394,TLA,thuy-van-hoc,A00,Điểm thi THPT,2021,16.85,Thủy văn học
159395,TLA,thuy-van-hoc,A01,Điểm thi THPT,2021,16.85,Thủy văn học
159396,TLA,thuy-van-hoc,D01,Điểm thi THPT,2021,16.85,Thủy văn học
159397,TLA,thuy-van-hoc,D07,Điểm thi THPT,2021,16.85,Thủy văn học
159398,TLA,tri-tue-nhan-tao-va-khoa-hoc-du-lieu,A00,Điểm học bạ,2021,24.0,Trí tuệ nhân tạo và khoa học dữ liệu
159399,TLA,tri-tue-nhan-tao-va-khoa-hoc-du-lieu,A01,Điểm học bạ,2021,24.0,Trí tuệ nhân tạo và khoa học dữ liệu
159400,TLA,tri-tue-nhan-tao-va-khoa-hoc-du-lieu,D01,Điểm học bạ,2021,24.0,Trí tuệ nhân tạo và khoa học dữ liệu
159401,TLA,tri-tue-nhan-tao-va-khoa-hoc-du-lieu,D07,Điểm học bạ,2021,24.0,Trí tuệ nhân tạo và khoa học dữ liệu
159402,TLA,tri-tue-nhan-tao-va-khoa-hoc-du-lieu,A00,Điểm thi THPT,2021,23.8,Trí tuệ nhân tạo và khoa học dữ liệu
159403,TLA,tri-tue-nhan-tao-va-khoa-hoc-du-lieu,A01,Điểm thi THPT,2021,23.8,Trí tuệ nhân tạo và khoa học dữ liệu
159404,TLA,tri-tue-nhan-tao-va-khoa-hoc-du-lieu,D01,Điểm thi THPT,2021,23.8,Trí tuệ nhân tạo và khoa học dữ liệu
159405,TLA,tri-tue-nhan-tao-va-khoa-hoc-du-lieu,D07,Điểm thi THPT,2021,23.8,Trí tuệ nhân tạo và khoa học dữ liệu
159406,TLA,tri-tue-nhan-tao-va-khoa-hoc-du-lieu,A00,Điểm học bạ,2022,24.01,Trí tuệ nhân tạo và khoa học dữ liệu
159407,TLA,tri-tue-nhan-tao-va-khoa-hoc-du-lieu,A01,Điểm học bạ,2022,24.01,Trí tuệ nhân tạo và khoa học dữ liệu
159408,TLA,tri-tue-nhan-tao-va-khoa-hoc-du-lieu,D01,Điểm học bạ,2022,24.01,Trí tuệ nhân tạo và khoa học dữ liệu
159409,TLA,tri-tue-nhan-tao-va-khoa-hoc-du-lieu,D07,Điểm học bạ,2022,24.01,Trí tuệ nhân tạo và khoa học dữ liệu
159410,TLA,tri-tue-nhan-tao-va-khoa-hoc-du-lieu,A00,Điểm thi THPT,2022,25.2,Trí tuệ nhân tạo và khoa học dữ liệu
159411,TLA,tri-tue-nhan-tao-va-khoa-hoc-du-lieu,A01,Điểm thi THPT,2022,25.2,Trí tuệ nhân tạo và khoa học dữ liệu
159412,TLA,tri-tue-nhan-tao-va-khoa-hoc-du-lieu,D01,Điểm thi THPT,2022,25.2,Trí tuệ nhân tạo và khoa học dữ liệu
159413,TLA,tri-tue-nhan-tao-va-khoa-hoc-du-lieu,D07,Điểm thi THPT,2022,25.2,Trí tuệ nhân tạo và khoa học dữ liệu
159414,TLA,tri-tue-nhan-tao-va-khoa-hoc-du-lieu,A00,Điểm học bạ,2023,28.5,Trí tuệ nhân tạo và khoa học dữ liệu
159415,TLA,tri-tue-nhan-tao-va-khoa-hoc-du-lieu,A01,Điểm học bạ,2023,28.5,Trí tuệ nhân tạo và khoa học dữ liệu
159416,TLA,tri-tue-nhan-tao-va-khoa-hoc-du-lieu,D01,Điểm học bạ,2023,28.5,Trí tuệ nhân tạo và khoa học dữ liệu
159417,TLA,tri-tue-nhan-tao-va-khoa-hoc-du-lieu,D07,Điểm học bạ,2023,28.5,Trí tuệ nhân tạo và khoa học dữ liệu
159418,TLA,tri-tue-nhan-tao-va-khoa-hoc-du-lieu,A00,Điểm thi THPT,2023,23.9,Trí tuệ nhân tạo và khoa học dữ liệu
159419,TLA,tri-tue-nhan-tao-va-khoa-hoc-du-lieu,A01,Điểm thi THPT,2023,23.9,Trí tuệ nhân tạo và khoa học dữ liệu
159420,TLA,tri-tue-nhan-tao-va-khoa-hoc-du-lieu,D01,Điểm thi THPT,2023,23.9,Trí tuệ nhân tạo và khoa học dữ liệu
159421,TLA,tri-tue-nhan-tao-va-khoa-hoc-du-lieu,D07,Điểm thi THPT,2023,23.9,Trí tuệ nhân tạo và khoa học dữ liệu
159422,TLA,tri-tue-nhan-tao-va-khoa-hoc-du-lieu,A00,Điểm học bạ,2024,27.16,Trí tuệ nhân tạo và khoa học dữ liệu
159423,TLA,tri-tue-nhan-tao-va-khoa-hoc-du-lieu,A01,Điểm học bạ,2024,27.16,Trí tuệ nhân tạo và khoa học dữ liệu
159424,TLA,tri-tue-nhan-tao-va-khoa-hoc-du-lieu,D01,Điểm học bạ,2024,27.16,Trí tuệ nhân tạo và khoa học dữ liệu
159425,TLA,tri-tue-nhan-tao-va-khoa-hoc-du-lieu,D07,Điểm học bạ,2024,27.16,Trí tuệ nhân tạo và khoa học dữ liệu
159426,TLA,tri-tue-nhan-tao-va-khoa-hoc-du-lieu,A00,Điểm thi THPT,2024,24.2,Trí tuệ nhân tạo và khoa học dữ liệu
159427,TLA,tri-tue-nhan-tao-va-khoa-hoc-du-lieu,A01,Điểm thi THPT,2024,24.2,Trí tuệ nhân tạo và khoa học dữ liệu
159428,TLA,tri-tue-nhan-tao-va-khoa-hoc-du-lieu,D01,Điểm thi THPT,2024,24.2,Trí tuệ nhân tạo và khoa học dữ liệu
159429,TLA,tri-tue-nhan-tao-va-khoa-hoc-du-lieu,D07,Điểm thi THPT,2024,24.2,Trí tuệ nhân tạo và khoa học dữ liệu
159430,TLA,tri-tue-nhan-tao-va-khoa-hoc-du-lieu,A00,Điểm học bạ,2025,26.63,Trí tuệ nhân tạo và khoa học dữ liệu
159431,TLA,tri-tue-nhan-tao-va-khoa-hoc-du-lieu,A01,Điểm học bạ,2025,26.63,Trí tuệ nhân tạo và khoa học dữ liệu
159432,TLA,tri-tue-nhan-tao-va-khoa-hoc-du-lieu,C01,Điểm học bạ,2025,26.63,Trí tuệ nhân tạo và khoa học dữ liệu
159433,TLA,tri-tue-nhan-tao-va-khoa-hoc-du-lieu,D01,Điểm học bạ,2025,26.63,Trí tuệ nhân tạo và khoa học dữ liệu
159434,TLA,tri-tue-nhan-tao-va-khoa-hoc-du-lieu,D07,Điểm học bạ,2025,26.63,Trí tuệ nhân tạo và khoa học dữ liệu
159435,TLA,tri-tue-nhan-tao-va-khoa-hoc-du-lieu,X02,Điểm học bạ,2025,26.63,Trí tuệ nhân tạo và khoa học dữ liệu
159436,TLA,tri-tue-nhan-tao-va-khoa-hoc-du-lieu,X06,Điểm học bạ,2025,26.63,Trí tuệ nhân tạo và khoa học dữ liệu
159437,TLA,tri-tue-nhan-tao-va-khoa-hoc-du-lieu,X26,Điểm học bạ,2025,26.63,Trí tuệ nhân tạo và khoa học dữ liệu
159438,TLA,tri-tue-nhan-tao-va-khoa-hoc-du-lieu,A00,Điểm thi THPT,2025,22.12,Trí tuệ nhân tạo và khoa học dữ liệu
159439,TLA,tri-tue-nhan-tao-va-khoa-hoc-du-lieu,A01,Điểm thi THPT,2025,22.12,Trí tuệ nhân tạo và khoa học dữ liệu
159440,TLA,tri-tue-nhan-tao-va-khoa-hoc-du-lieu,C01,Điểm thi THPT,2025,22.12,Trí tuệ nhân tạo và khoa học dữ liệu
159441,TLA,tri-tue-nhan-tao-va-khoa-hoc-du-lieu,D01,Điểm thi THPT,2025,22.12,Trí tuệ nhân tạo và khoa học dữ liệu
159442,TLA,tri-tue-nhan-tao-va-khoa-hoc-du-lieu,D07,Điểm thi THPT,2025,22.12,Trí tuệ nhân tạo và khoa học dữ liệu
159443,TLA,tri-tue-nhan-tao-va-khoa-hoc-du-lieu,X02,Điểm thi THPT,2025,22.12,Trí tuệ nhân tạo và khoa học dữ liệu
159444,TLA,tri-tue-nhan-tao-va-khoa-hoc-du-lieu,X06,Điểm thi THPT,2025,22.12,Trí tuệ nhân tạo và khoa học dữ liệu
159445,TLA,tri-tue-nhan-tao-va-khoa-hoc-du-lieu,X26,Điểm thi THPT,2025,22.12,Trí tuệ nhân tạo và khoa học dữ liệu
159446,TLA,xay-dung-va-quan-ly-cong-trinh-thuy,A00,Điểm học bạ,2025,23.46,Xây dựng và quản lý công trình thủy (Kỹ thuật xây dựng công trình thủy)
159447,TLA,xay-dung-va-quan-ly-cong-trinh-thuy,A01,Điểm học bạ,2025,23.46,Xây dựng và quản lý công trình thủy (Kỹ thuật xây dựng công trình thủy)
159448,TLA,xay-dung-va-quan-ly-cong-trinh-thuy,C01,Điểm học bạ,2025,23.46,Xây dựng và quản lý công trình thủy (Kỹ thuật xây dựng công trình thủy)
159449,TLA,xay-dung-va-quan-ly-cong-trinh-thuy,C02,Điểm học bạ,2025,23.46,Xây dựng và quản lý công trình thủy (Kỹ thuật xây dựng công trình thủy)
159450,TLA,xay-dung-va-quan-ly-cong-trinh-thuy,D01,Điểm học bạ,2025,23.46,Xây dựng và quản lý công trình thủy (Kỹ thuật xây dựng công trình thủy)
159451,TLA,xay-dung-va-quan-ly-cong-trinh-thuy,D07,Điểm học bạ,2025,23.46,Xây dựng và quản lý công trình thủy (Kỹ thuật xây dựng công trình thủy)
159452,TLA,xay-dung-va-quan-ly-cong-trinh-thuy,X02,Điểm học bạ,2025,23.46,Xây dựng và quản lý công trình thủy (Kỹ thuật xây dựng công trình thủy)
159453,TLA,xay-dung-va-quan-ly-cong-trinh-thuy,X06,Điểm học bạ,2025,23.46,Xây dựng và quản lý công trình thủy (Kỹ thuật xây dựng công trình thủy)
159454,TLA,xay-dung-va-quan-ly-cong-trinh-thuy,A00,Điểm thi THPT,2025,18.48,Xây dựng và quản lý công trình thủy (Kỹ thuật xây dựng công trình thủy)
159455,TLA,xay-dung-va-quan-ly-cong-trinh-thuy,A01,Điểm thi THPT,2025,18.48,Xây dựng và quản lý công trình thủy (Kỹ thuật xây dựng công trình thủy)
159456,TLA,xay-dung-va-quan-ly-cong-trinh-thuy,C01,Điểm thi THPT,2025,18.48,Xây dựng và quản lý công trình thủy (Kỹ thuật xây dựng công trình thủy)
159457,TLA,xay-dung-va-quan-ly-cong-trinh-thuy,C02,Điểm thi THPT,2025,18.48,Xây dựng và quản lý công trình thủy (Kỹ thuật xây dựng công trình thủy)
159458,TLA,xay-dung-va-quan-ly-cong-trinh-thuy,D01,Điểm thi THPT,2025,18.48,Xây dựng và quản lý công trình thủy (Kỹ thuật xây dựng công trình thủy)
159459,TLA,xay-dung-va-quan-ly-cong-trinh-thuy,D07,Điểm thi THPT,2025,18.48,Xây dựng và quản lý công trình thủy (Kỹ thuật xây dựng công trình thủy)
159460,TLA,xay-dung-va-quan-ly-cong-trinh-thuy,X02,Điểm thi THPT,2025,18.48,Xây dựng và quản lý công trình thủy (Kỹ thuật xây dựng công trình thủy)
159461,TLA,xay-dung-va-quan-ly-cong-trinh-thuy,X06,Điểm thi THPT,2025,18.48,Xây dựng và quản lý công trình thủy (Kỹ thuật xây dựng công trình thủy)
159462,TLA,xay-dung-va-quan-ly-ha-tang-do-thi,A00,Điểm học bạ,2022,19.15,Xây dựng và quản lý hạ tầng đô thị (Kỹ thuật cơ sở hạ tầng)
159463,TLA,xay-dung-va-quan-ly-ha-tang-do-thi,A01,Điểm học bạ,2022,19.15,Xây dựng và quản lý hạ tầng đô thị (Kỹ thuật cơ sở hạ tầng)
159464,TLA,xay-dung-va-quan-ly-ha-tang-do-thi,D01,Điểm học bạ,2022,19.15,Xây dựng và quản lý hạ tầng đô thị (Kỹ thuật cơ sở hạ tầng)
159465,TLA,xay-dung-va-quan-ly-ha-tang-do-thi,D07,Điểm học bạ,2022,19.15,Xây dựng và quản lý hạ tầng đô thị (Kỹ thuật cơ sở hạ tầng)
159466,TLA,xay-dung-va-quan-ly-ha-tang-do-thi,A00,Điểm thi THPT,2022,18.0,Xây dựng và quản lý hạ tầng đô thị (Kỹ thuật cơ sở hạ tầng)
159467,TLA,xay-dung-va-quan-ly-ha-tang-do-thi,A01,Điểm thi THPT,2022,18.0,Xây dựng và quản lý hạ tầng đô thị (Kỹ thuật cơ sở hạ tầng)
159468,TLA,xay-dung-va-quan-ly-ha-tang-do-thi,D01,Điểm thi THPT,2022,18.0,Xây dựng và quản lý hạ tầng đô thị (Kỹ thuật cơ sở hạ tầng)
159469,TLA,xay-dung-va-quan-ly-ha-tang-do-thi,D07,Điểm thi THPT,2022,18.0,Xây dựng và quản lý hạ tầng đô thị (Kỹ thuật cơ sở hạ tầng)
159470,TLA,xay-dung-va-quan-ly-ha-tang-do-thi,A00,Điểm học bạ,2023,22.0,Xây dựng và quản lý hạ tầng đô thị (Kỹ thuật cơ sở hạ tầng)
159471,TLA,xay-dung-va-quan-ly-ha-tang-do-thi,A01,Điểm học bạ,2023,22.0,Xây dựng và quản lý hạ tầng đô thị (Kỹ thuật cơ sở hạ tầng)
159472,TLA,xay-dung-va-quan-ly-ha-tang-do-thi,D01,Điểm học bạ,2023,22.0,Xây dựng và quản lý hạ tầng đô thị (Kỹ thuật cơ sở hạ tầng)
159473,TLA,xay-dung-va-quan-ly-ha-tang-do-thi,D07,Điểm học bạ,2023,22.0,Xây dựng và quản lý hạ tầng đô thị (Kỹ thuật cơ sở hạ tầng)
159474,TLA,xay-dung-va-quan-ly-ha-tang-do-thi,A00,Điểm thi THPT,2023,20.85,Xây dựng và quản lý hạ tầng đô thị (Kỹ thuật cơ sở hạ tầng)
159475,TLA,xay-dung-va-quan-ly-ha-tang-do-thi,A01,Điểm thi THPT,2023,20.85,Xây dựng và quản lý hạ tầng đô thị (Kỹ thuật cơ sở hạ tầng)
159476,TLA,xay-dung-va-quan-ly-ha-tang-do-thi,D01,Điểm thi THPT,2023,20.85,Xây dựng và quản lý hạ tầng đô thị (Kỹ thuật cơ sở hạ tầng)
159477,TLA,xay-dung-va-quan-ly-ha-tang-do-thi,D07,Điểm thi THPT,2023,20.85,Xây dựng và quản lý hạ tầng đô thị (Kỹ thuật cơ sở hạ tầng)
159478,TLA,xay-dung-va-quan-ly-ha-tang-do-thi,A00,Điểm học bạ,2024,22.5,Xây dựng và quản lý hạ tầng đô thị (Kỹ thuật cơ sở hạ tầng)
159479,TLA,xay-dung-va-quan-ly-ha-tang-do-thi,A01,Điểm học bạ,2024,22.5,Xây dựng và quản lý hạ tầng đô thị (Kỹ thuật cơ sở hạ tầng)
159480,TLA,xay-dung-va-quan-ly-ha-tang-do-thi,D01,Điểm học bạ,2024,22.5,Xây dựng và quản lý hạ tầng đô thị (Kỹ thuật cơ sở hạ tầng)
159481,TLA,xay-dung-va-quan-ly-ha-tang-do-thi,D07,Điểm học bạ,2024,22.5,Xây dựng và quản lý hạ tầng đô thị (Kỹ thuật cơ sở hạ tầng)
159482,TLA,xay-dung-va-quan-ly-ha-tang-do-thi,A00,Điểm thi THPT,2024,22.35,Xây dựng và quản lý hạ tầng đô thị (Kỹ thuật cơ sở hạ tầng)
159483,TLA,xay-dung-va-quan-ly-ha-tang-do-thi,A01,Điểm thi THPT,2024,22.35,Xây dựng và quản lý hạ tầng đô thị (Kỹ thuật cơ sở hạ tầng)
159484,TLA,xay-dung-va-quan-ly-ha-tang-do-thi,D01,Điểm thi THPT,2024,22.35,Xây dựng và quản lý hạ tầng đô thị (Kỹ thuật cơ sở hạ tầng)
159485,TLA,xay-dung-va-quan-ly-ha-tang-do-thi,D07,Điểm thi THPT,2024,22.35,Xây dựng và quản lý hạ tầng đô thị (Kỹ thuật cơ sở hạ tầng)
159486,TLA,xay-dung-va-quan-ly-ha-tang-do-thi,A00,Điểm học bạ,2025,23.93,Xây dựng và quản lý hạ tầng đô thị (Kỹ thuật cơ sở hạ tầng)
159487,TLA,xay-dung-va-quan-ly-ha-tang-do-thi,A01,Điểm học bạ,2025,23.93,Xây dựng và quản lý hạ tầng đô thị (Kỹ thuật cơ sở hạ tầng)
159488,TLA,xay-dung-va-quan-ly-ha-tang-do-thi,C01,Điểm học bạ,2025,23.93,Xây dựng và quản lý hạ tầng đô thị (Kỹ thuật cơ sở hạ tầng)
159489,TLA,xay-dung-va-quan-ly-ha-tang-do-thi,C02,Điểm học bạ,2025,23.93,Xây dựng và quản lý hạ tầng đô thị (Kỹ thuật cơ sở hạ tầng)
159490,TLA,xay-dung-va-quan-ly-ha-tang-do-thi,D01,Điểm học bạ,2025,23.93,Xây dựng và quản lý hạ tầng đô thị (Kỹ thuật cơ sở hạ tầng)
159491,TLA,xay-dung-va-quan-ly-ha-tang-do-thi,D07,Điểm học bạ,2025,23.93,Xây dựng và quản lý hạ tầng đô thị (Kỹ thuật cơ sở hạ tầng)
159492,TLA,xay-dung-va-quan-ly-ha-tang-do-thi,X02,Điểm học bạ,2025,23.93,Xây dựng và quản lý hạ tầng đô thị (Kỹ thuật cơ sở hạ tầng)
159493,TLA,xay-dung-va-quan-ly-ha-tang-do-thi,X06,Điểm học bạ,2025,23.93,Xây dựng và quản lý hạ tầng đô thị (Kỹ thuật cơ sở hạ tầng)
159494,TLA,xay-dung-va-quan-ly-ha-tang-do-thi,A00,Điểm thi THPT,2025,19.0,Xây dựng và quản lý hạ tầng đô thị (Kỹ thuật cơ sở hạ tầng)
159495,TLA,xay-dung-va-quan-ly-ha-tang-do-thi,A01,Điểm thi THPT,2025,19.0,Xây dựng và quản lý hạ tầng đô thị (Kỹ thuật cơ sở hạ tầng)
159496,TLA,xay-dung-va-quan-ly-ha-tang-do-thi,C01,Điểm thi THPT,2025,19.0,Xây dựng và quản lý hạ tầng đô thị (Kỹ thuật cơ sở hạ tầng)
159497,TLA,xay-dung-va-quan-ly-ha-tang-do-thi,C02,Điểm thi THPT,2025,19.0,Xây dựng và quản lý hạ tầng đô thị (Kỹ thuật cơ sở hạ tầng)
159498,TLA,xay-dung-va-quan-ly-ha-tang-do-thi,D01,Điểm thi THPT,2025,19.0,Xây dựng và quản lý hạ tầng đô thị (Kỹ thuật cơ sở hạ tầng)
159499,TLA,xay-dung-va-quan-ly-ha-tang-do-thi,D07,Điểm thi THPT,2025,19.0,Xây dựng và quản lý hạ tầng đô thị (Kỹ thuật cơ sở hạ tầng)
159500,TLA,xay-dung-va-quan-ly-ha-tang-do-thi,X02,Điểm thi THPT,2025,19.0,Xây dựng và quản lý hạ tầng đô thị (Kỹ thuật cơ sở hạ tầng)
159501,TLA,xay-dung-va-quan-ly-ha-tang-do-thi,X06,Điểm thi THPT,2025,19.0,Xây dựng và quản lý hạ tầng đô thị (Kỹ thuật cơ sở hạ tầng)
159502,TLS,cong-nghe-ky-thuat-xay-dung,A00,Điểm thi THPT,2024,16.75,Công nghệ kỹ thuật xây dựng
159503,TLS,cong-nghe-ky-thuat-xay-dung,A01,Điểm thi THPT,2024,16.75,Công nghệ kỹ thuật xây dựng
159504,TLS,cong-nghe-ky-thuat-xay-dung,D01,Điểm thi THPT,2024,16.75,Công nghệ kỹ thuật xây dựng
159505,TLS,cong-nghe-ky-thuat-xay-dung,D07,Điểm thi THPT,2024,16.75,Công nghệ kỹ thuật xây dựng
159506,TLS,cong-nghe-ky-thuat-xay-dung,A00,Điểm học bạ,2025,17.3,Công nghệ kỹ thuật xây dựng
159507,TLS,cong-nghe-ky-thuat-xay-dung,A01,Điểm học bạ,2025,17.3,Công nghệ kỹ thuật xây dựng
159508,TLS,cong-nghe-ky-thuat-xay-dung,C01,Điểm học bạ,2025,17.3,Công nghệ kỹ thuật xây dựng
159509,TLS,cong-nghe-ky-thuat-xay-dung,C02,Điểm học bạ,2025,17.3,Công nghệ kỹ thuật xây dựng
159510,TLS,cong-nghe-ky-thuat-xay-dung,D01,Điểm học bạ,2025,17.3,Công nghệ kỹ thuật xây dựng
159511,TLS,cong-nghe-ky-thuat-xay-dung,D07,Điểm học bạ,2025,17.3,Công nghệ kỹ thuật xây dựng
159512,TLS,cong-nghe-ky-thuat-xay-dung,X02,Điểm học bạ,2025,17.3,Công nghệ kỹ thuật xây dựng
159513,TLS,cong-nghe-ky-thuat-xay-dung,X06,Điểm học bạ,2025,17.3,Công nghệ kỹ thuật xây dựng
159514,TLS,cong-nghe-ky-thuat-xay-dung,A00,Điểm thi THPT,2025,15.2,Công nghệ kỹ thuật xây dựng
159515,TLS,cong-nghe-ky-thuat-xay-dung,A01,Điểm thi THPT,2025,15.2,Công nghệ kỹ thuật xây dựng
159516,TLS,cong-nghe-ky-thuat-xay-dung,C01,Điểm thi THPT,2025,15.2,Công nghệ kỹ thuật xây dựng
159517,TLS,cong-nghe-ky-thuat-xay-dung,C02,Điểm thi THPT,2025,15.2,Công nghệ kỹ thuật xây dựng
159518,TLS,cong-nghe-ky-thuat-xay-dung,D01,Điểm thi THPT,2025,15.2,Công nghệ kỹ thuật xây dựng
159519,TLS,cong-nghe-ky-thuat-xay-dung,D07,Điểm thi THPT,2025,15.2,Công nghệ kỹ thuật xây dựng
159520,TLS,cong-nghe-ky-thuat-xay-dung,X02,Điểm thi THPT,2025,15.2,Công nghệ kỹ thuật xây dựng
159521,TLS,cong-nghe-ky-thuat-xay-dung,X06,Điểm thi THPT,2025,15.2,Công nghệ kỹ thuật xây dựng
159522,TLS,cong-nghe-thong-tin,A00,Điểm thi THPT,2024,17.05,Công nghệ thông tin
159523,TLS,cong-nghe-thong-tin,A01,Điểm thi THPT,2024,17.05,Công nghệ thông tin
159524,TLS,cong-nghe-thong-tin,D01,Điểm thi THPT,2024,17.05,Công nghệ thông tin
159525,TLS,cong-nghe-thong-tin,D07,Điểm thi THPT,2024,17.05,Công nghệ thông tin
159526,TLS,cong-nghe-thong-tin,A00,Điểm học bạ,2025,22.9,Công nghệ thông tin
159527,TLS,cong-nghe-thong-tin,A01,Điểm học bạ,2025,22.9,Công nghệ thông tin
159528,TLS,cong-nghe-thong-tin,C01,Điểm học bạ,2025,22.9,Công nghệ thông tin
159529,TLS,cong-nghe-thong-tin,D01,Điểm học bạ,2025,22.9,Công nghệ thông tin
159530,TLS,cong-nghe-thong-tin,D07,Điểm học bạ,2025,22.9,Công nghệ thông tin
159531,TLS,cong-nghe-thong-tin,X02,Điểm học bạ,2025,22.9,Công nghệ thông tin
159532,TLS,cong-nghe-thong-tin,X06,Điểm học bạ,2025,22.9,Công nghệ thông tin
159533,TLS,cong-nghe-thong-tin,X26,Điểm học bạ,2025,22.9,Công nghệ thông tin
159534,TLS,cong-nghe-thong-tin,A00,Điểm thi THPT,2025,19.5,Công nghệ thông tin
159535,TLS,cong-nghe-thong-tin,A01,Điểm thi THPT,2025,19.5,Công nghệ thông tin
159536,TLS,cong-nghe-thong-tin,C01,Điểm thi THPT,2025,19.5,Công nghệ thông tin
159537,TLS,cong-nghe-thong-tin,D01,Điểm thi THPT,2025,19.5,Công nghệ thông tin
159538,TLS,cong-nghe-thong-tin,D07,Điểm thi THPT,2025,19.5,Công nghệ thông tin
159539,TLS,cong-nghe-thong-tin,X02,Điểm thi THPT,2025,19.5,Công nghệ thông tin
159540,TLS,cong-nghe-thong-tin,X06,Điểm thi THPT,2025,19.5,Công nghệ thông tin
159541,TLS,cong-nghe-thong-tin,X26,Điểm thi THPT,2025,19.5,Công nghệ thông tin
159542,TLS,ke-toan,A00,Điểm thi THPT,2024,17.3,Kế toán
159543,TLS,ke-toan,A01,Điểm thi THPT,2024,17.3,Kế toán
159544,TLS,ke-toan,D01,Điểm thi THPT,2024,17.3,Kế toán
159545,TLS,ke-toan,D07,Điểm thi THPT,2024,17.3,Kế toán
159546,TLS,ke-toan,A00,Điểm học bạ,2025,17.0,Kế toán
159547,TLS,ke-toan,A01,Điểm học bạ,2025,17.0,Kế toán
159548,TLS,ke-toan,D01,Điểm học bạ,2025,17.0,Kế toán
159549,TLS,ke-toan,D07,Điểm học bạ,2025,17.0,Kế toán
159550,TLS,ke-toan,X02,Điểm học bạ,2025,17.0,Kế toán
159551,TLS,ke-toan,X26,Điểm học bạ,2025,17.0,Kế toán
159552,TLS,ke-toan,A00,Điểm thi THPT,2025,15.0,Kế toán
159553,TLS,ke-toan,A01,Điểm thi THPT,2025,15.0,Kế toán
159554,TLS,ke-toan,D01,Điểm thi THPT,2025,15.0,Kế toán
159555,TLS,ke-toan,D07,Điểm thi THPT,2025,15.0,Kế toán
159556,TLS,ke-toan,X02,Điểm thi THPT,2025,15.0,Kế toán
159557,TLS,ke-toan,X26,Điểm thi THPT,2025,15.0,Kế toán
159558,TLS,kinh-te-xay-dung,A00,Điểm thi THPT,2024,15.85,Kinh tế xây dựng
159559,TLS,kinh-te-xay-dung,A01,Điểm thi THPT,2024,15.85,Kinh tế xây dựng
159560,TLS,kinh-te-xay-dung,D01,Điểm thi THPT,2024,15.85,Kinh tế xây dựng
159561,TLS,kinh-te-xay-dung,D07,Điểm thi THPT,2024,15.85,Kinh tế xây dựng
159562,TLS,kinh-te-xay-dung,A00,Điểm học bạ,2025,17.0,Kinh tế xây dựng
159563,TLS,kinh-te-xay-dung,A01,Điểm học bạ,2025,17.0,Kinh tế xây dựng
159564,TLS,kinh-te-xay-dung,D01,Điểm học bạ,2025,17.0,Kinh tế xây dựng
159565,TLS,kinh-te-xay-dung,D07,Điểm học bạ,2025,17.0,Kinh tế xây dựng
159566,TLS,kinh-te-xay-dung,X02,Điểm học bạ,2025,17.0,Kinh tế xây dựng
159567,TLS,kinh-te-xay-dung,X26,Điểm học bạ,2025,17.0,Kinh tế xây dựng
159568,TLS,kinh-te-xay-dung,A00,Điểm thi THPT,2025,15.0,Kinh tế xây dựng
159569,TLS,kinh-te-xay-dung,A01,Điểm thi THPT,2025,15.0,Kinh tế xây dựng
159570,TLS,kinh-te-xay-dung,D01,Điểm thi THPT,2025,15.0,Kinh tế xây dựng
159571,TLS,kinh-te-xay-dung,D07,Điểm thi THPT,2025,15.0,Kinh tế xây dựng
159572,TLS,kinh-te-xay-dung,X02,Điểm thi THPT,2025,15.0,Kinh tế xây dựng
159573,TLS,kinh-te-xay-dung,X26,Điểm thi THPT,2025,15.0,Kinh tế xây dựng
159574,TLS,ky-thuat-cap-thoat-nuoc,A00,Điểm thi THPT,2024,15.55,Kỹ thuật cấp thoát nước
159575,TLS,ky-thuat-cap-thoat-nuoc,A01,Điểm thi THPT,2024,15.55,Kỹ thuật cấp thoát nước
159576,TLS,ky-thuat-cap-thoat-nuoc,D01,Điểm thi THPT,2024,15.55,Kỹ thuật cấp thoát nước
159577,TLS,ky-thuat-cap-thoat-nuoc,D07,Điểm thi THPT,2024,15.55,Kỹ thuật cấp thoát nước
159578,TLS,ky-thuat-cap-thoat-nuoc,A00,Điểm học bạ,2025,17.12,Kỹ thuật cấp thoát nước
159579,TLS,ky-thuat-cap-thoat-nuoc,A01,Điểm học bạ,2025,17.12,Kỹ thuật cấp thoát nước
159580,TLS,ky-thuat-cap-thoat-nuoc,C01,Điểm học bạ,2025,17.12,Kỹ thuật cấp thoát nước
159581,TLS,ky-thuat-cap-thoat-nuoc,C02,Điểm học bạ,2025,17.12,Kỹ thuật cấp thoát nước
159582,TLS,ky-thuat-cap-thoat-nuoc,D01,Điểm học bạ,2025,17.12,Kỹ thuật cấp thoát nước
159583,TLS,ky-thuat-cap-thoat-nuoc,D07,Điểm học bạ,2025,17.12,Kỹ thuật cấp thoát nước
159584,TLS,ky-thuat-cap-thoat-nuoc,X02,Điểm học bạ,2025,17.12,Kỹ thuật cấp thoát nước
159585,TLS,ky-thuat-cap-thoat-nuoc,X06,Điểm học bạ,2025,17.12,Kỹ thuật cấp thoát nước
159586,TLS,ky-thuat-cap-thoat-nuoc,A00,Điểm thi THPT,2025,15.08,Kỹ thuật cấp thoát nước
159587,TLS,ky-thuat-cap-thoat-nuoc,A01,Điểm thi THPT,2025,15.08,Kỹ thuật cấp thoát nước
159588,TLS,ky-thuat-cap-thoat-nuoc,C01,Điểm thi THPT,2025,15.08,Kỹ thuật cấp thoát nước
159589,TLS,ky-thuat-cap-thoat-nuoc,C02,Điểm thi THPT,2025,15.08,Kỹ thuật cấp thoát nước
159590,TLS,ky-thuat-cap-thoat-nuoc,D01,Điểm thi THPT,2025,15.08,Kỹ thuật cấp thoát nước
159591,TLS,ky-thuat-cap-thoat-nuoc,D07,Điểm thi THPT,2025,15.08,Kỹ thuật cấp thoát nước
159592,TLS,ky-thuat-cap-thoat-nuoc,X02,Điểm thi THPT,2025,15.08,Kỹ thuật cấp thoát nước
159593,TLS,ky-thuat-cap-thoat-nuoc,X06,Điểm thi THPT,2025,15.08,Kỹ thuật cấp thoát nước
159594,TLS,ky-thuat-tai-nguyen-nuoc,A00,Điểm thi THPT,2024,15.85,"Kỹ thuật tài nguyên nước (Quy hoạch, thiết kế và quản lý công trình thủy lợi)"
159595,TLS,ky-thuat-tai-nguyen-nuoc,A01,Điểm thi THPT,2024,15.85,"Kỹ thuật tài nguyên nước (Quy hoạch, thiết kế và quản lý công trình thủy lợi)"
159596,TLS,ky-thuat-tai-nguyen-nuoc,D01,Điểm thi THPT,2024,15.85,"Kỹ thuật tài nguyên nước (Quy hoạch, thiết kế và quản lý công trình thủy lợi)"
159597,TLS,ky-thuat-tai-nguyen-nuoc,D07,Điểm thi THPT,2024,15.85,"Kỹ thuật tài nguyên nước (Quy hoạch, thiết kế và quản lý công trình thủy lợi)"
159598,TLS,ky-thuat-tai-nguyen-nuoc,A00,Điểm học bạ,2025,17.15,Kỹ thuật tài nguyên nước
159599,TLS,ky-thuat-tai-nguyen-nuoc,A01,Điểm học bạ,2025,17.15,Kỹ thuật tài nguyên nước
159600,TLS,ky-thuat-tai-nguyen-nuoc,C01,Điểm học bạ,2025,17.15,Kỹ thuật tài nguyên nước
159601,TLS,ky-thuat-tai-nguyen-nuoc,C02,Điểm học bạ,2025,17.15,Kỹ thuật tài nguyên nước
159602,TLS,ky-thuat-tai-nguyen-nuoc,D01,Điểm học bạ,2025,17.15,Kỹ thuật tài nguyên nước
159603,TLS,ky-thuat-tai-nguyen-nuoc,D07,Điểm học bạ,2025,17.15,Kỹ thuật tài nguyên nước
159604,TLS,ky-thuat-tai-nguyen-nuoc,X02,Điểm học bạ,2025,17.15,Kỹ thuật tài nguyên nước
159605,TLS,ky-thuat-tai-nguyen-nuoc,X06,Điểm học bạ,2025,17.15,Kỹ thuật tài nguyên nước
159606,TLS,ky-thuat-tai-nguyen-nuoc,A00,Điểm thi THPT,2025,15.1,Kỹ thuật tài nguyên nước
159607,TLS,ky-thuat-tai-nguyen-nuoc,A01,Điểm thi THPT,2025,15.1,Kỹ thuật tài nguyên nước
159608,TLS,ky-thuat-tai-nguyen-nuoc,C01,Điểm thi THPT,2025,15.1,Kỹ thuật tài nguyên nước
159609,TLS,ky-thuat-tai-nguyen-nuoc,C02,Điểm thi THPT,2025,15.1,Kỹ thuật tài nguyên nước
159610,TLS,ky-thuat-tai-nguyen-nuoc,D01,Điểm thi THPT,2025,15.1,Kỹ thuật tài nguyên nước
159611,TLS,ky-thuat-tai-nguyen-nuoc,D07,Điểm thi THPT,2025,15.1,Kỹ thuật tài nguyên nước
159612,TLS,ky-thuat-tai-nguyen-nuoc,X02,Điểm thi THPT,2025,15.1,Kỹ thuật tài nguyên nước
159613,TLS,ky-thuat-tai-nguyen-nuoc,X06,Điểm thi THPT,2025,15.1,Kỹ thuật tài nguyên nước
159614,TLS,ky-thuat-thuy-loi-thong-minh,A00,Điểm học bạ,2025,17.15,Kỹ thuật thủy lợi thông minh
159615,TLS,ky-thuat-thuy-loi-thong-minh,A01,Điểm học bạ,2025,17.15,Kỹ thuật thủy lợi thông minh
159616,TLS,ky-thuat-thuy-loi-thong-minh,C01,Điểm học bạ,2025,17.15,Kỹ thuật thủy lợi thông minh
159617,TLS,ky-thuat-thuy-loi-thong-minh,C02,Điểm học bạ,2025,17.15,Kỹ thuật thủy lợi thông minh
159618,TLS,ky-thuat-thuy-loi-thong-minh,D01,Điểm học bạ,2025,17.15,Kỹ thuật thủy lợi thông minh
159619,TLS,ky-thuat-thuy-loi-thong-minh,D07,Điểm học bạ,2025,17.15,Kỹ thuật thủy lợi thông minh
159620,TLS,ky-thuat-thuy-loi-thong-minh,X02,Điểm học bạ,2025,17.15,Kỹ thuật thủy lợi thông minh
159621,TLS,ky-thuat-thuy-loi-thong-minh,X06,Điểm học bạ,2025,17.15,Kỹ thuật thủy lợi thông minh
159622,TLS,ky-thuat-thuy-loi-thong-minh,A00,Điểm thi THPT,2025,15.1,Kỹ thuật thủy lợi thông minh
159623,TLS,ky-thuat-thuy-loi-thong-minh,A01,Điểm thi THPT,2025,15.1,Kỹ thuật thủy lợi thông minh
159624,TLS,ky-thuat-thuy-loi-thong-minh,C01,Điểm thi THPT,2025,15.1,Kỹ thuật thủy lợi thông minh
159625,TLS,ky-thuat-thuy-loi-thong-minh,C02,Điểm thi THPT,2025,15.1,Kỹ thuật thủy lợi thông minh
159626,TLS,ky-thuat-thuy-loi-thong-minh,D01,Điểm thi THPT,2025,15.1,Kỹ thuật thủy lợi thông minh
159627,TLS,ky-thuat-thuy-loi-thong-minh,D07,Điểm thi THPT,2025,15.1,Kỹ thuật thủy lợi thông minh
159628,TLS,ky-thuat-thuy-loi-thong-minh,X02,Điểm thi THPT,2025,15.1,Kỹ thuật thủy lợi thông minh
159629,TLS,ky-thuat-thuy-loi-thong-minh,X06,Điểm thi THPT,2025,15.1,Kỹ thuật thủy lợi thông minh
159630,TLS,ky-thuat-xay-dung,A00,Điểm thi THPT,2024,15.2,Nhóm ngành Kỹ thuật xây dựng (Kỹ thuật xây dựng dân dụng và công nghiệp; Kỹ thuật xây dựng công trình giao thông)
159631,TLS,ky-thuat-xay-dung,A01,Điểm thi THPT,2024,15.2,Nhóm ngành Kỹ thuật xây dựng (Kỹ thuật xây dựng dân dụng và công nghiệp; Kỹ thuật xây dựng công trình giao thông)
159632,TLS,ky-thuat-xay-dung,D01,Điểm thi THPT,2024,15.2,Nhóm ngành Kỹ thuật xây dựng (Kỹ thuật xây dựng dân dụng và công nghiệp; Kỹ thuật xây dựng công trình giao thông)
159633,TLS,ky-thuat-xay-dung,D07,Điểm thi THPT,2024,15.2,Nhóm ngành Kỹ thuật xây dựng (Kỹ thuật xây dựng dân dụng và công nghiệp; Kỹ thuật xây dựng công trình giao thông)
159634,TLS,ky-thuat-xay-dung,A00,Điểm học bạ,2025,17.0,Nhóm ngành kỹ thuật xây dựng (kỹ thuật xây dựng dân dụng và công nghiệp; kỹ thuật xây dựng công trình giao thông; xây dựng và quản lý hạ tầng đô thị)
159635,TLS,ky-thuat-xay-dung,A01,Điểm học bạ,2025,17.0,Nhóm ngành kỹ thuật xây dựng (kỹ thuật xây dựng dân dụng và công nghiệp; kỹ thuật xây dựng công trình giao thông; xây dựng và quản lý hạ tầng đô thị)
159636,TLS,ky-thuat-xay-dung,C01,Điểm học bạ,2025,17.0,Nhóm ngành kỹ thuật xây dựng (kỹ thuật xây dựng dân dụng và công nghiệp; kỹ thuật xây dựng công trình giao thông; xây dựng và quản lý hạ tầng đô thị)
159637,TLS,ky-thuat-xay-dung,C02,Điểm học bạ,2025,17.0,Nhóm ngành kỹ thuật xây dựng (kỹ thuật xây dựng dân dụng và công nghiệp; kỹ thuật xây dựng công trình giao thông; xây dựng và quản lý hạ tầng đô thị)
159638,TLS,ky-thuat-xay-dung,D01,Điểm học bạ,2025,17.0,Nhóm ngành kỹ thuật xây dựng (kỹ thuật xây dựng dân dụng và công nghiệp; kỹ thuật xây dựng công trình giao thông; xây dựng và quản lý hạ tầng đô thị)
159639,TLS,ky-thuat-xay-dung,D07,Điểm học bạ,2025,17.0,Nhóm ngành kỹ thuật xây dựng (kỹ thuật xây dựng dân dụng và công nghiệp; kỹ thuật xây dựng công trình giao thông; xây dựng và quản lý hạ tầng đô thị)
159640,TLS,ky-thuat-xay-dung,X02,Điểm học bạ,2025,17.0,Nhóm ngành kỹ thuật xây dựng (kỹ thuật xây dựng dân dụng và công nghiệp; kỹ thuật xây dựng công trình giao thông; xây dựng và quản lý hạ tầng đô thị)
159641,TLS,ky-thuat-xay-dung,X06,Điểm học bạ,2025,17.0,Nhóm ngành kỹ thuật xây dựng (kỹ thuật xây dựng dân dụng và công nghiệp; kỹ thuật xây dựng công trình giao thông; xây dựng và quản lý hạ tầng đô thị)
159642,TLS,ky-thuat-xay-dung,A00,Điểm thi THPT,2025,15.0,Nhóm ngành kỹ thuật xây dựng (kỹ thuật xây dựng dân dụng và công nghiệp; kỹ thuật xây dựng công trình giao thông; xây dựng và quản lý hạ tầng đô thị)
159643,TLS,ky-thuat-xay-dung,A01,Điểm thi THPT,2025,15.0,Nhóm ngành kỹ thuật xây dựng (kỹ thuật xây dựng dân dụng và công nghiệp; kỹ thuật xây dựng công trình giao thông; xây dựng và quản lý hạ tầng đô thị)
159644,TLS,ky-thuat-xay-dung,C01,Điểm thi THPT,2025,15.0,Nhóm ngành kỹ thuật xây dựng (kỹ thuật xây dựng dân dụng và công nghiệp; kỹ thuật xây dựng công trình giao thông; xây dựng và quản lý hạ tầng đô thị)
159645,TLS,ky-thuat-xay-dung,C02,Điểm thi THPT,2025,15.0,Nhóm ngành kỹ thuật xây dựng (kỹ thuật xây dựng dân dụng và công nghiệp; kỹ thuật xây dựng công trình giao thông; xây dựng và quản lý hạ tầng đô thị)
159646,TLS,ky-thuat-xay-dung,D01,Điểm thi THPT,2025,15.0,Nhóm ngành kỹ thuật xây dựng (kỹ thuật xây dựng dân dụng và công nghiệp; kỹ thuật xây dựng công trình giao thông; xây dựng và quản lý hạ tầng đô thị)
159647,TLS,ky-thuat-xay-dung,D07,Điểm thi THPT,2025,15.0,Nhóm ngành kỹ thuật xây dựng (kỹ thuật xây dựng dân dụng và công nghiệp; kỹ thuật xây dựng công trình giao thông; xây dựng và quản lý hạ tầng đô thị)
159648,TLS,ky-thuat-xay-dung,X02,Điểm thi THPT,2025,15.0,Nhóm ngành kỹ thuật xây dựng (kỹ thuật xây dựng dân dụng và công nghiệp; kỹ thuật xây dựng công trình giao thông; xây dựng và quản lý hạ tầng đô thị)
159649,TLS,ky-thuat-xay-dung,X06,Điểm thi THPT,2025,15.0,Nhóm ngành kỹ thuật xây dựng (kỹ thuật xây dựng dân dụng và công nghiệp; kỹ thuật xây dựng công trình giao thông; xây dựng và quản lý hạ tầng đô thị)
159650,TLS,ky-thuat-xay-dung-cong-trinh-thuy,A00,Điểm thi THPT,2024,15.35,Kỹ thuật xây dựng công trình thủy
159651,TLS,ky-thuat-xay-dung-cong-trinh-thuy,A01,Điểm thi THPT,2024,15.35,Kỹ thuật xây dựng công trình thủy
159652,TLS,ky-thuat-xay-dung-cong-trinh-thuy,D01,Điểm thi THPT,2024,15.35,Kỹ thuật xây dựng công trình thủy
159653,TLS,ky-thuat-xay-dung-cong-trinh-thuy,D07,Điểm thi THPT,2024,15.35,Kỹ thuật xây dựng công trình thủy
159654,TLS,ky-thuat-xay-dung-cong-trinh-thuy,A00,Điểm học bạ,2025,17.0,Kỹ thuật xây dựng công trình thủy
159655,TLS,ky-thuat-xay-dung-cong-trinh-thuy,A01,Điểm học bạ,2025,17.0,Kỹ thuật xây dựng công trình thủy
159656,TLS,ky-thuat-xay-dung-cong-trinh-thuy,C01,Điểm học bạ,2025,17.0,Kỹ thuật xây dựng công trình thủy
159657,TLS,ky-thuat-xay-dung-cong-trinh-thuy,C02,Điểm học bạ,2025,17.0,Kỹ thuật xây dựng công trình thủy
159658,TLS,ky-thuat-xay-dung-cong-trinh-thuy,D01,Điểm học bạ,2025,17.0,Kỹ thuật xây dựng công trình thủy
159659,TLS,ky-thuat-xay-dung-cong-trinh-thuy,D07,Điểm học bạ,2025,17.0,Kỹ thuật xây dựng công trình thủy
159660,TLS,ky-thuat-xay-dung-cong-trinh-thuy,X02,Điểm học bạ,2025,17.0,Kỹ thuật xây dựng công trình thủy
159661,TLS,ky-thuat-xay-dung-cong-trinh-thuy,X06,Điểm học bạ,2025,17.0,Kỹ thuật xây dựng công trình thủy
159662,TLS,ky-thuat-xay-dung-cong-trinh-thuy,A00,Điểm thi THPT,2025,15.0,Kỹ thuật xây dựng công trình thủy
159663,TLS,ky-thuat-xay-dung-cong-trinh-thuy,A01,Điểm thi THPT,2025,15.0,Kỹ thuật xây dựng công trình thủy
159664,TLS,ky-thuat-xay-dung-cong-trinh-thuy,C01,Điểm thi THPT,2025,15.0,Kỹ thuật xây dựng công trình thủy
159665,TLS,ky-thuat-xay-dung-cong-trinh-thuy,C02,Điểm thi THPT,2025,15.0,Kỹ thuật xây dựng công trình thủy
159666,TLS,ky-thuat-xay-dung-cong-trinh-thuy,D01,Điểm thi THPT,2025,15.0,Kỹ thuật xây dựng công trình thủy
159667,TLS,ky-thuat-xay-dung-cong-trinh-thuy,D07,Điểm thi THPT,2025,15.0,Kỹ thuật xây dựng công trình thủy
159668,TLS,ky-thuat-xay-dung-cong-trinh-thuy,X02,Điểm thi THPT,2025,15.0,Kỹ thuật xây dựng công trình thủy
159669,TLS,ky-thuat-xay-dung-cong-trinh-thuy,X06,Điểm thi THPT,2025,15.0,Kỹ thuật xây dựng công trình thủy
159670,TLS,logistics-va-quan-ly-chuoi-cung-ung,A00,Điểm thi THPT,2024,21.05,Logistics và quản lý chuỗi cung ứng
159671,TLS,logistics-va-quan-ly-chuoi-cung-ung,A01,Điểm thi THPT,2024,21.05,Logistics và quản lý chuỗi cung ứng
159672,TLS,logistics-va-quan-ly-chuoi-cung-ung,D01,Điểm thi THPT,2024,21.05,Logistics và quản lý chuỗi cung ứng
159673,TLS,logistics-va-quan-ly-chuoi-cung-ung,D07,Điểm thi THPT,2024,21.05,Logistics và quản lý chuỗi cung ứng
159674,TLS,logistics-va-quan-ly-chuoi-cung-ung,A00,Điểm học bạ,2025,24.5,Logistics và quản lý chuỗi cung ứng
159675,TLS,logistics-va-quan-ly-chuoi-cung-ung,A01,Điểm học bạ,2025,24.5,Logistics và quản lý chuỗi cung ứng
159676,TLS,logistics-va-quan-ly-chuoi-cung-ung,D01,Điểm học bạ,2025,24.5,Logistics và quản lý chuỗi cung ứng
159677,TLS,logistics-va-quan-ly-chuoi-cung-ung,D07,Điểm học bạ,2025,24.5,Logistics và quản lý chuỗi cung ứng
159678,TLS,logistics-va-quan-ly-chuoi-cung-ung,X02,Điểm học bạ,2025,24.5,Logistics và quản lý chuỗi cung ứng
159679,TLS,logistics-va-quan-ly-chuoi-cung-ung,X26,Điểm học bạ,2025,24.5,Logistics và quản lý chuỗi cung ứng
159680,TLS,logistics-va-quan-ly-chuoi-cung-ung,A00,Điểm thi THPT,2025,21.0,Logistics và quản lý chuỗi cung ứng
159681,TLS,logistics-va-quan-ly-chuoi-cung-ung,A01,Điểm thi THPT,2025,21.0,Logistics và quản lý chuỗi cung ứng
159682,TLS,logistics-va-quan-ly-chuoi-cung-ung,D01,Điểm thi THPT,2025,21.0,Logistics và quản lý chuỗi cung ứng
159683,TLS,logistics-va-quan-ly-chuoi-cung-ung,D07,Điểm thi THPT,2025,21.0,Logistics và quản lý chuỗi cung ứng
159684,TLS,logistics-va-quan-ly-chuoi-cung-ung,X02,Điểm thi THPT,2025,21.0,Logistics và quản lý chuỗi cung ứng
159685,TLS,logistics-va-quan-ly-chuoi-cung-ung,X26,Điểm thi THPT,2025,21.0,Logistics và quản lý chuỗi cung ứng
159686,TLS,luat,C00,Điểm học bạ,2025,24.0,Luật
159687,TLS,luat,C03,Điểm học bạ,2025,24.0,Luật
159688,TLS,luat,C04,Điểm học bạ,2025,24.0,Luật
159689,TLS,luat,D01,Điểm học bạ,2025,24.0,Luật
159690,TLS,luat,D14,Điểm học bạ,2025,24.0,Luật
159691,TLS,luat,D15,Điểm học bạ,2025,24.0,Luật
159692,TLS,luat,X01,Điểm học bạ,2025,24.0,Luật
159693,TLS,luat,C00,Điểm thi THPT,2025,20.5,Luật
159694,TLS,luat,C03,Điểm thi THPT,2025,20.5,Luật
159695,TLS,luat,C04,Điểm thi THPT,2025,20.5,Luật
159696,TLS,luat,D01,Điểm thi THPT,2025,20.5,Luật
159697,TLS,luat,D14,Điểm thi THPT,2025,20.5,Luật
159698,TLS,luat,D15,Điểm thi THPT,2025,20.5,Luật
159699,TLS,luat,X01,Điểm thi THPT,2025,20.5,Luật
159700,TLS,ngon-ngu-anh,A01,Điểm thi THPT,2024,21.75,Ngôn ngữ Anh
159701,TLS,ngon-ngu-anh,D01,Điểm thi THPT,2024,21.75,Ngôn ngữ Anh
159702,TLS,ngon-ngu-anh,D07,Điểm thi THPT,2024,21.75,Ngôn ngữ Anh
159703,TLS,ngon-ngu-anh,D08,Điểm thi THPT,2024,21.75,Ngôn ngữ Anh
159704,TLS,ngon-ngu-anh,A01,Điểm học bạ,2025,22.3,Ngôn ngữ anh
159705,TLS,ngon-ngu-anh,D01,Điểm học bạ,2025,22.3,Ngôn ngữ anh
159706,TLS,ngon-ngu-anh,D07,Điểm học bạ,2025,22.3,Ngôn ngữ anh
159707,TLS,ngon-ngu-anh,D08,Điểm học bạ,2025,22.3,Ngôn ngữ anh
159708,TLS,ngon-ngu-anh,D09,Điểm học bạ,2025,22.3,Ngôn ngữ anh
159709,TLS,ngon-ngu-anh,D10,Điểm học bạ,2025,22.3,Ngôn ngữ anh
159710,TLS,ngon-ngu-anh,D14,Điểm học bạ,2025,22.3,Ngôn ngữ anh
159711,TLS,ngon-ngu-anh,D15,Điểm học bạ,2025,22.3,Ngôn ngữ anh
159712,TLS,ngon-ngu-anh,A01,Điểm thi THPT,2025,19.0,Ngôn ngữ anh
159713,TLS,ngon-ngu-anh,D01,Điểm thi THPT,2025,19.0,Ngôn ngữ anh
159714,TLS,ngon-ngu-anh,D07,Điểm thi THPT,2025,19.0,Ngôn ngữ anh
159715,TLS,ngon-ngu-anh,D08,Điểm thi THPT,2025,19.0,Ngôn ngữ anh
159716,TLS,ngon-ngu-anh,D09,Điểm thi THPT,2025,19.0,Ngôn ngữ anh
159717,TLS,ngon-ngu-anh,D10,Điểm thi THPT,2025,19.0,Ngôn ngữ anh
159718,TLS,ngon-ngu-anh,D14,Điểm thi THPT,2025,19.0,Ngôn ngữ anh
159719,TLS,ngon-ngu-anh,D15,Điểm thi THPT,2025,19.0,Ngôn ngữ anh
159720,TLS,quan-ly-xay-dung,A00,Điểm thi THPT,2024,15.3,Quản lý xây dựng
159721,TLS,quan-ly-xay-dung,A01,Điểm thi THPT,2024,15.3,Quản lý xây dựng
159722,TLS,quan-ly-xay-dung,D01,Điểm thi THPT,2024,15.3,Quản lý xây dựng
159723,TLS,quan-ly-xay-dung,D07,Điểm thi THPT,2024,15.3,Quản lý xây dựng
159724,TLS,quan-ly-xay-dung,A00,Điểm học bạ,2025,17.0,Quản lý xây dựng
159725,TLS,quan-ly-xay-dung,A01,Điểm học bạ,2025,17.0,Quản lý xây dựng
159726,TLS,quan-ly-xay-dung,C01,Điểm học bạ,2025,17.0,Quản lý xây dựng
159727,TLS,quan-ly-xay-dung,C02,Điểm học bạ,2025,17.0,Quản lý xây dựng
159728,TLS,quan-ly-xay-dung,D01,Điểm học bạ,2025,17.0,Quản lý xây dựng
159729,TLS,quan-ly-xay-dung,D07,Điểm học bạ,2025,17.0,Quản lý xây dựng
159730,TLS,quan-ly-xay-dung,X02,Điểm học bạ,2025,17.0,Quản lý xây dựng
159731,TLS,quan-ly-xay-dung,X06,Điểm học bạ,2025,17.0,Quản lý xây dựng
159732,TLS,quan-ly-xay-dung,A00,Điểm thi THPT,2025,15.0,Quản lý xây dựng
159733,TLS,quan-ly-xay-dung,A01,Điểm thi THPT,2025,15.0,Quản lý xây dựng
159734,TLS,quan-ly-xay-dung,C01,Điểm thi THPT,2025,15.0,Quản lý xây dựng
159735,TLS,quan-ly-xay-dung,C02,Điểm thi THPT,2025,15.0,Quản lý xây dựng
159736,TLS,quan-ly-xay-dung,D01,Điểm thi THPT,2025,15.0,Quản lý xây dựng
159737,TLS,quan-ly-xay-dung,D07,Điểm thi THPT,2025,15.0,Quản lý xây dựng
159738,TLS,quan-ly-xay-dung,X02,Điểm thi THPT,2025,15.0,Quản lý xây dựng
159739,TLS,quan-ly-xay-dung,X06,Điểm thi THPT,2025,15.0,Quản lý xây dựng
159740,TLS,quan-tri-kinh-doanh,A00,Điểm thi THPT,2024,17.1,Quản trị kinh doanh
159741,TLS,quan-tri-kinh-doanh,A01,Điểm thi THPT,2024,17.1,Quản trị kinh doanh
159742,TLS,quan-tri-kinh-doanh,D01,Điểm thi THPT,2024,17.1,Quản trị kinh doanh
159743,TLS,quan-tri-kinh-doanh,D07,Điểm thi THPT,2024,17.1,Quản trị kinh doanh
159744,TLS,quan-tri-kinh-doanh,A00,Điểm học bạ,2025,20.0,Quản trị kinh doanh
159745,TLS,quan-tri-kinh-doanh,A01,Điểm học bạ,2025,20.0,Quản trị kinh doanh
159746,TLS,quan-tri-kinh-doanh,D01,Điểm học bạ,2025,20.0,Quản trị kinh doanh
159747,TLS,quan-tri-kinh-doanh,D07,Điểm học bạ,2025,20.0,Quản trị kinh doanh
159748,TLS,quan-tri-kinh-doanh,X02,Điểm học bạ,2025,20.0,Quản trị kinh doanh
159749,TLS,quan-tri-kinh-doanh,X26,Điểm học bạ,2025,20.0,Quản trị kinh doanh
159750,TLS,quan-tri-kinh-doanh,A00,Điểm thi THPT,2025,17.0,Quản trị kinh doanh
159751,TLS,quan-tri-kinh-doanh,A01,Điểm thi THPT,2025,17.0,Quản trị kinh doanh
159752,TLS,quan-tri-kinh-doanh,D01,Điểm thi THPT,2025,17.0,Quản trị kinh doanh
159753,TLS,quan-tri-kinh-doanh,D07,Điểm thi THPT,2025,17.0,Quản trị kinh doanh
159754,TLS,quan-tri-kinh-doanh,X02,Điểm thi THPT,2025,17.0,Quản trị kinh doanh
159755,TLS,quan-tri-kinh-doanh,X26,Điểm thi THPT,2025,17.0,Quản trị kinh doanh
159756,TLS,thuong-mai-dien-tu,A00,Điểm thi THPT,2024,17.7,Thương mại điện tử
159757,TLS,thuong-mai-dien-tu,A01,Điểm thi THPT,2024,17.7,Thương mại điện tử
159758,TLS,thuong-mai-dien-tu,D01,Điểm thi THPT,2024,17.7,Thương mại điện tử
159759,TLS,thuong-mai-dien-tu,D07,Điểm thi THPT,2024,17.7,Thương mại điện tử
159760,TLS,thuong-mai-dien-tu,A00,Điểm học bạ,2025,23.5,Thương mại điện tử
159761,TLS,thuong-mai-dien-tu,A01,Điểm học bạ,2025,23.5,Thương mại điện tử
159762,TLS,thuong-mai-dien-tu,D01,Điểm học bạ,2025,23.5,Thương mại điện tử
159763,TLS,thuong-mai-dien-tu,D07,Điểm học bạ,2025,23.5,Thương mại điện tử
159764,TLS,thuong-mai-dien-tu,X02,Điểm học bạ,2025,23.5,Thương mại điện tử
159765,TLS,thuong-mai-dien-tu,X26,Điểm học bạ,2025,23.5,Thương mại điện tử
159766,TLS,thuong-mai-dien-tu,A00,Điểm thi THPT,2025,20.0,Thương mại điện tử
159767,TLS,thuong-mai-dien-tu,A01,Điểm thi THPT,2025,20.0,Thương mại điện tử
159768,TLS,thuong-mai-dien-tu,D01,Điểm thi THPT,2025,20.0,Thương mại điện tử
159769,TLS,thuong-mai-dien-tu,D07,Điểm thi THPT,2025,20.0,Thương mại điện tử
159770,TLS,thuong-mai-dien-tu,X02,Điểm thi THPT,2025,20.0,Thương mại điện tử
159771,TLS,thuong-mai-dien-tu,X26,Điểm thi THPT,2025,20.0,Thương mại điện tử
159772,TLS,tri-tue-nhan-tao-khoa-hoc-du-lieu,A00,Điểm học bạ,2025,17.07,Trí tuệ nhân tạo & khoa học dữ liệu
159773,TLS,tri-tue-nhan-tao-khoa-hoc-du-lieu,A01,Điểm học bạ,2025,17.07,Trí tuệ nhân tạo & khoa học dữ liệu
159774,TLS,tri-tue-nhan-tao-khoa-hoc-du-lieu,C01,Điểm học bạ,2025,17.07,Trí tuệ nhân tạo & khoa học dữ liệu
159775,TLS,tri-tue-nhan-tao-khoa-hoc-du-lieu,D01,Điểm học bạ,2025,17.07,Trí tuệ nhân tạo & khoa học dữ liệu
159776,TLS,tri-tue-nhan-tao-khoa-hoc-du-lieu,D07,Điểm học bạ,2025,17.07,Trí tuệ nhân tạo & khoa học dữ liệu
159777,TLS,tri-tue-nhan-tao-khoa-hoc-du-lieu,X02,Điểm học bạ,2025,17.07,Trí tuệ nhân tạo & khoa học dữ liệu
159778,TLS,tri-tue-nhan-tao-khoa-hoc-du-lieu,X06,Điểm học bạ,2025,17.07,Trí tuệ nhân tạo & khoa học dữ liệu
159779,TLS,tri-tue-nhan-tao-khoa-hoc-du-lieu,X26,Điểm học bạ,2025,17.07,Trí tuệ nhân tạo & khoa học dữ liệu
159780,TLS,tri-tue-nhan-tao-khoa-hoc-du-lieu,A00,Điểm thi THPT,2025,15.05,Trí tuệ nhân tạo & khoa học dữ liệu
159781,TLS,tri-tue-nhan-tao-khoa-hoc-du-lieu,A01,Điểm thi THPT,2025,15.05,Trí tuệ nhân tạo & khoa học dữ liệu
159782,TLS,tri-tue-nhan-tao-khoa-hoc-du-lieu,C01,Điểm thi THPT,2025,15.05,Trí tuệ nhân tạo & khoa học dữ liệu
159783,TLS,tri-tue-nhan-tao-khoa-hoc-du-lieu,D01,Điểm thi THPT,2025,15.05,Trí tuệ nhân tạo & khoa học dữ liệu
159784,TLS,tri-tue-nhan-tao-khoa-hoc-du-lieu,D07,Điểm thi THPT,2025,15.05,Trí tuệ nhân tạo & khoa học dữ liệu
159785,TLS,tri-tue-nhan-tao-khoa-hoc-du-lieu,X02,Điểm thi THPT,2025,15.05,Trí tuệ nhân tạo & khoa học dữ liệu
159786,TLS,tri-tue-nhan-tao-khoa-hoc-du-lieu,X06,Điểm thi THPT,2025,15.05,Trí tuệ nhân tạo & khoa học dữ liệu
159787,TLS,tri-tue-nhan-tao-khoa-hoc-du-lieu,X26,Điểm thi THPT,2025,15.05,Trí tuệ nhân tạo & khoa học dữ liệu
159788,TLS,tri-tue-nhan-tao-va-khoa-hoc-du-lieu,A00,Điểm thi THPT,2024,18.25,Trí tuệ nhân tạo và khoa học dữ liệu
159789,TLS,tri-tue-nhan-tao-va-khoa-hoc-du-lieu,A01,Điểm thi THPT,2024,18.25,Trí tuệ nhân tạo và khoa học dữ liệu
159790,TLS,tri-tue-nhan-tao-va-khoa-hoc-du-lieu,D01,Điểm thi THPT,2024,18.25,Trí tuệ nhân tạo và khoa học dữ liệu
159791,TLS,tri-tue-nhan-tao-va-khoa-hoc-du-lieu,D07,Điểm thi THPT,2024,18.25,Trí tuệ nhân tạo và khoa học dữ liệu
159792,TLS,xay-dung-va-quan-ly-do-thi-thong-minh,A00,Điểm học bạ,2025,17.15,Xây dựng và quản lý đô thị thông minh
159793,TLS,xay-dung-va-quan-ly-do-thi-thong-minh,A01,Điểm học bạ,2025,17.15,Xây dựng và quản lý đô thị thông minh
159794,TLS,xay-dung-va-quan-ly-do-thi-thong-minh,C01,Điểm học bạ,2025,17.15,Xây dựng và quản lý đô thị thông minh
159795,TLS,xay-dung-va-quan-ly-do-thi-thong-minh,C02,Điểm học bạ,2025,17.15,Xây dựng và quản lý đô thị thông minh
159796,TLS,xay-dung-va-quan-ly-do-thi-thong-minh,D01,Điểm học bạ,2025,17.15,Xây dựng và quản lý đô thị thông minh
159797,TLS,xay-dung-va-quan-ly-do-thi-thong-minh,D07,Điểm học bạ,2025,17.15,Xây dựng và quản lý đô thị thông minh
159798,TLS,xay-dung-va-quan-ly-do-thi-thong-minh,X02,Điểm học bạ,2025,17.15,Xây dựng và quản lý đô thị thông minh
159799,TLS,xay-dung-va-quan-ly-do-thi-thong-minh,X06,Điểm học bạ,2025,17.15,Xây dựng và quản lý đô thị thông minh
159800,TLS,xay-dung-va-quan-ly-do-thi-thong-minh,A00,Điểm thi THPT,2025,15.1,Xây dựng và quản lý đô thị thông minh
159801,TLS,xay-dung-va-quan-ly-do-thi-thong-minh,A01,Điểm thi THPT,2025,15.1,Xây dựng và quản lý đô thị thông minh
159802,TLS,xay-dung-va-quan-ly-do-thi-thong-minh,C01,Điểm thi THPT,2025,15.1,Xây dựng và quản lý đô thị thông minh
159803,TLS,xay-dung-va-quan-ly-do-thi-thong-minh,C02,Điểm thi THPT,2025,15.1,Xây dựng và quản lý đô thị thông minh
159804,TLS,xay-dung-va-quan-ly-do-thi-thong-minh,D01,Điểm thi THPT,2025,15.1,Xây dựng và quản lý đô thị thông minh
159805,TLS,xay-dung-va-quan-ly-do-thi-thong-minh,D07,Điểm thi THPT,2025,15.1,Xây dựng và quản lý đô thị thông minh
159806,TLS,xay-dung-va-quan-ly-do-thi-thong-minh,X02,Điểm thi THPT,2025,15.1,Xây dựng và quản lý đô thị thông minh
159807,TLS,xay-dung-va-quan-ly-do-thi-thong-minh,X06,Điểm thi THPT,2025,15.1,Xây dựng và quản lý đô thị thông minh
159808,TMU,he-thong-thong-tin-quan-ly,A00,Điểm thi THPT,2021,26.2,Hệ thống thông tin quản lý (Quản trị hệ thống thông tin – đào tạo theo cơ chế đặc thù)
159809,TMU,he-thong-thong-tin-quan-ly,A01,Điểm thi THPT,2021,26.2,Hệ thống thông tin quản lý (Quản trị hệ thống thông tin – đào tạo theo cơ chế đặc thù)
159810,TMU,he-thong-thong-tin-quan-ly,D01,Điểm thi THPT,2021,26.2,Hệ thống thông tin quản lý (Quản trị hệ thống thông tin – đào tạo theo cơ chế đặc thù)
159811,TMU,he-thong-thong-tin-quan-ly,D07,Điểm thi THPT,2021,26.2,Hệ thống thông tin quản lý (Quản trị hệ thống thông tin – đào tạo theo cơ chế đặc thù)
159812,TMU,he-thong-thong-tin-quan-ly,A00,Điểm học bạ,2023,25.0,Hệ thống thông tin quản lý
159813,TMU,he-thong-thong-tin-quan-ly,A01,Điểm học bạ,2023,25.0,Hệ thống thông tin quản lý
159814,TMU,he-thong-thong-tin-quan-ly,D01,Điểm học bạ,2023,25.0,Hệ thống thông tin quản lý
159815,TMU,he-thong-thong-tin-quan-ly,D07,Điểm học bạ,2023,25.0,Hệ thống thông tin quản lý
159816,TMU,he-thong-thong-tin-quan-ly,A00,Điểm thi THPT,2023,26.0,Hệ thống thông tin quản lý (Quản trị Hệ thống thông tin)
159817,TMU,he-thong-thong-tin-quan-ly,A01,Điểm thi THPT,2023,26.0,Hệ thống thông tin quản lý (Quản trị Hệ thống thông tin)
159818,TMU,he-thong-thong-tin-quan-ly,D01,Điểm thi THPT,2023,26.0,Hệ thống thông tin quản lý (Quản trị Hệ thống thông tin)
159819,TMU,he-thong-thong-tin-quan-ly,D07,Điểm thi THPT,2023,26.0,Hệ thống thông tin quản lý (Quản trị Hệ thống thông tin)
159820,TMU,he-thong-thong-tin-quan-ly,A00,Điểm học bạ,2024,27.0,Hệ thống thông tin quản lý (Quản trị Hệ thống thông tin)
159821,TMU,he-thong-thong-tin-quan-ly,A01,Điểm học bạ,2024,27.0,Hệ thống thông tin quản lý (Quản trị Hệ thống thông tin)
159822,TMU,he-thong-thong-tin-quan-ly,D01,Điểm học bạ,2024,27.0,Hệ thống thông tin quản lý (Quản trị Hệ thống thông tin)
159823,TMU,he-thong-thong-tin-quan-ly,D07,Điểm học bạ,2024,27.0,Hệ thống thông tin quản lý (Quản trị Hệ thống thông tin)
159824,TMU,he-thong-thong-tin-quan-ly,A00,Điểm thi THPT,2024,26.0,Hệ thống thông tin quản lý (Quản trị Hệ thống thông tin)
159825,TMU,he-thong-thong-tin-quan-ly,A01,Điểm thi THPT,2024,26.0,Hệ thống thông tin quản lý (Quản trị Hệ thống thông tin)
159826,TMU,he-thong-thong-tin-quan-ly,D01,Điểm thi THPT,2024,26.0,Hệ thống thông tin quản lý (Quản trị Hệ thống thông tin)
159827,TMU,he-thong-thong-tin-quan-ly,D07,Điểm thi THPT,2024,26.0,Hệ thống thông tin quản lý (Quản trị Hệ thống thông tin)
159828,TMU,he-thong-thong-tin-quan-ly,A00,Điểm thi THPT,2025,24.8,Hệ thống thông tin quản lý (Quản trị Hệ thống thông tin)
159829,TMU,he-thong-thong-tin-quan-ly,A01,Điểm thi THPT,2025,24.8,Hệ thống thông tin quản lý (Quản trị Hệ thống thông tin)
159830,TMU,he-thong-thong-tin-quan-ly,D01,Điểm thi THPT,2025,24.8,Hệ thống thông tin quản lý (Quản trị Hệ thống thông tin)
159831,TMU,he-thong-thong-tin-quan-ly,D07,Điểm thi THPT,2025,24.8,Hệ thống thông tin quản lý (Quản trị Hệ thống thông tin)
159832,TMU,he-thong-thong-tin-quan-ly,D09,Điểm thi THPT,2025,24.2,Hệ thống thông tin quản lý (Quản trị Hệ thống thông tin - Chương trình định hướng chuyên sâu nghề nghiệp quốc tế - IPOP)
159833,TMU,he-thong-thong-tin-quan-ly,D10,Điểm thi THPT,2025,24.2,Hệ thống thông tin quản lý (Quản trị Hệ thống thông tin - Chương trình định hướng chuyên sâu nghề nghiệp quốc tế - IPOP)
159834,TMU,he-thong-thong-tin-quan-ly,X25,Điểm thi THPT,2025,24.2,Hệ thống thông tin quản lý (Quản trị Hệ thống thông tin - Chương trình định hướng chuyên sâu nghề nghiệp quốc tế - IPOP)
159835,TMU,he-thong-thong-tin-quan-ly,X26,Điểm thi THPT,2025,24.2,Hệ thống thông tin quản lý (Quản trị Hệ thống thông tin - Chương trình định hướng chuyên sâu nghề nghiệp quốc tế - IPOP)
159836,TMU,he-thong-thong-tin-quan-ly,X27,Điểm thi THPT,2025,24.2,Hệ thống thông tin quản lý (Quản trị Hệ thống thông tin - Chương trình định hướng chuyên sâu nghề nghiệp quốc tế - IPOP)
159837,TMU,he-thong-thong-tin-quan-ly,X28,Điểm thi THPT,2025,24.2,Hệ thống thông tin quản lý (Quản trị Hệ thống thông tin - Chương trình định hướng chuyên sâu nghề nghiệp quốc tế - IPOP)
159838,TMU,he-thong-thong-tin-quan-ly-quan-tri,A00,Điểm thi THPT,2021,26.3,Hệ thống thông tin quản lý (Quản trị
159839,TMU,he-thong-thong-tin-quan-ly-quan-tri,A01,Điểm thi THPT,2021,26.3,Hệ thống thông tin quản lý (Quản trị
159840,TMU,he-thong-thong-tin-quan-ly-quan-tri,D01,Điểm thi THPT,2021,26.3,Hệ thống thông tin quản lý (Quản trị
159841,TMU,he-thong-thong-tin-quan-ly-quan-tri,D07,Điểm thi THPT,2021,26.3,Hệ thống thông tin quản lý (Quản trị
159842,TMU,ke-toan,A00,Điểm thi THPT,2021,26.6,Kế toán (Kế toán doanh nghiệp)
159843,TMU,ke-toan,A01,Điểm thi THPT,2021,26.6,Kế toán (Kế toán doanh nghiệp)
159844,TMU,ke-toan,D01,Điểm thi THPT,2021,26.6,Kế toán (Kế toán doanh nghiệp)
159845,TMU,ke-toan,D07,Điểm thi THPT,2021,26.6,Kế toán (Kế toán doanh nghiệp)
159846,TMU,ke-toan,A00,Điểm học bạ,2023,26.5,Kế toán (Kế toán doanh nghiệp)
159847,TMU,ke-toan,A01,Điểm học bạ,2023,26.5,Kế toán (Kế toán doanh nghiệp)
159848,TMU,ke-toan,D01,Điểm học bạ,2023,26.5,Kế toán (Kế toán doanh nghiệp)
159849,TMU,ke-toan,D07,Điểm học bạ,2023,26.5,Kế toán (Kế toán doanh nghiệp)
159850,TMU,ke-toan,A00,Điểm thi THPT,2023,25.9,Kế toán (Kế toán doanh nghiệp)
159851,TMU,ke-toan,A01,Điểm thi THPT,2023,25.9,Kế toán (Kế toán doanh nghiệp)
159852,TMU,ke-toan,D01,Điểm thi THPT,2023,25.9,Kế toán (Kế toán doanh nghiệp)
159853,TMU,ke-toan,D07,Điểm thi THPT,2023,25.9,Kế toán (Kế toán doanh nghiệp)
159854,TMU,ke-toan,A00,Điểm học bạ,2024,28.0,Kế toán (Kế toán doanh nghiệp)
159855,TMU,ke-toan,A01,Điểm học bạ,2024,28.0,Kế toán (Kế toán doanh nghiệp)
159856,TMU,ke-toan,D01,Điểm học bạ,2024,28.0,Kế toán (Kế toán doanh nghiệp)
159857,TMU,ke-toan,D07,Điểm học bạ,2024,28.0,Kế toán (Kế toán doanh nghiệp)
159858,TMU,ke-toan,A00,Điểm thi THPT,2024,26.15,Kế toán (Kế toán doanh nghiệp)
159859,TMU,ke-toan,A01,Điểm thi THPT,2024,26.15,Kế toán (Kế toán doanh nghiệp)
159860,TMU,ke-toan,D01,Điểm thi THPT,2024,26.15,Kế toán (Kế toán doanh nghiệp)
159861,TMU,ke-toan,D07,Điểm thi THPT,2024,26.15,Kế toán (Kế toán doanh nghiệp)
159862,TMU,ke-toan,A00,Điểm thi THPT,2025,25.8,Kế toán (Kế toán doanh nghiệp)
159863,TMU,ke-toan,A01,Điểm thi THPT,2025,25.8,Kế toán (Kế toán doanh nghiệp)
159864,TMU,ke-toan,D01,Điểm thi THPT,2025,25.8,Kế toán (Kế toán doanh nghiệp)
159865,TMU,ke-toan,D07,Điểm thi THPT,2025,25.8,Kế toán (Kế toán doanh nghiệp)
159866,TMU,ke-toan,D09,Điểm thi THPT,2025,24.0,Kế toán (Kế toán tích hợp chứng chỉ quốc tế ICAEW CFAB - Chương trình định hướng chuyên sâu nghề nghiệp quốc tế - IPOP)
159867,TMU,ke-toan,D10,Điểm thi THPT,2025,24.0,Kế toán (Kế toán tích hợp chứng chỉ quốc tế ICAEW CFAB - Chương trình định hướng chuyên sâu nghề nghiệp quốc tế - IPOP)
159868,TMU,ke-toan,X25,Điểm thi THPT,2025,24.0,Kế toán (Kế toán tích hợp chứng chỉ quốc tế ICAEW CFAB - Chương trình định hướng chuyên sâu nghề nghiệp quốc tế - IPOP)
159869,TMU,ke-toan,X26,Điểm thi THPT,2025,24.0,Kế toán (Kế toán tích hợp chứng chỉ quốc tế ICAEW CFAB - Chương trình định hướng chuyên sâu nghề nghiệp quốc tế - IPOP)
159870,TMU,ke-toan,X27,Điểm thi THPT,2025,24.0,Kế toán (Kế toán tích hợp chứng chỉ quốc tế ICAEW CFAB - Chương trình định hướng chuyên sâu nghề nghiệp quốc tế - IPOP)
159871,TMU,ke-toan,X28,Điểm thi THPT,2025,24.0,Kế toán (Kế toán tích hợp chứng chỉ quốc tế ICAEW CFAB - Chương trình định hướng chuyên sâu nghề nghiệp quốc tế - IPOP)
159872,TMU,ke-toan-cong,A00,Điểm thi THPT,2022,25.8,Kế toán công
159873,TMU,ke-toan-cong,A01,Điểm thi THPT,2022,25.8,Kế toán công
159874,TMU,ke-toan-cong,D01,Điểm thi THPT,2022,25.8,Kế toán công
159875,TMU,ke-toan-cong,D07,Điểm thi THPT,2022,25.8,Kế toán công
159876,TMU,ke-toan-doanh-nghiep,A00,Điểm thi THPT,2022,26.2,Kế toán doanh nghiệp
159877,TMU,ke-toan-doanh-nghiep,A01,Điểm thi THPT,2022,26.2,Kế toán doanh nghiệp
159878,TMU,ke-toan-doanh-nghiep,D01,Điểm thi THPT,2022,26.2,Kế toán doanh nghiệp
159879,TMU,ke-toan-doanh-nghiep,D07,Điểm thi THPT,2022,26.2,Kế toán doanh nghiệp
159880,TMU,khoi-nghiep-va-phat-trien-kinh-doanh,A00,Điểm thi THPT,2022,26.1,Khởi nghiệp và phát triển kinh doanh
159881,TMU,khoi-nghiep-va-phat-trien-kinh-doanh,A01,Điểm thi THPT,2022,26.1,Khởi nghiệp và phát triển kinh doanh
159882,TMU,khoi-nghiep-va-phat-trien-kinh-doanh,D01,Điểm thi THPT,2022,26.1,Khởi nghiệp và phát triển kinh doanh
159883,TMU,khoi-nghiep-va-phat-trien-kinh-doanh,D07,Điểm thi THPT,2022,26.1,Khởi nghiệp và phát triển kinh doanh
159884,TMU,kiem-toan,A00,Điểm thi THPT,2021,26.55,Kiểm toán (Kiểm toán)
159885,TMU,kiem-toan,A01,Điểm thi THPT,2021,26.55,Kiểm toán (Kiểm toán)
159886,TMU,kiem-toan,D01,Điểm thi THPT,2021,26.55,Kiểm toán (Kiểm toán)
159887,TMU,kiem-toan,D07,Điểm thi THPT,2021,26.55,Kiểm toán (Kiểm toán)
159888,TMU,kiem-toan,A00,Điểm thi THPT,2022,26.2,Kiểm toán
159889,TMU,kiem-toan,A01,Điểm thi THPT,2022,26.2,Kiểm toán
159890,TMU,kiem-toan,D01,Điểm thi THPT,2022,26.2,Kiểm toán
159891,TMU,kiem-toan,D07,Điểm thi THPT,2022,26.2,Kiểm toán
159892,TMU,kiem-toan,A00,Điểm học bạ,2023,26.5,Kiểm toán
159893,TMU,kiem-toan,A01,Điểm học bạ,2023,26.5,Kiểm toán
159894,TMU,kiem-toan,D01,Điểm học bạ,2023,26.5,Kiểm toán
159895,TMU,kiem-toan,D07,Điểm học bạ,2023,26.5,Kiểm toán
159896,TMU,kiem-toan,A00,Điểm thi THPT,2023,26.2,Kiểm toán (Kiểm toán)
159897,TMU,kiem-toan,A01,Điểm thi THPT,2023,26.2,Kiểm toán (Kiểm toán)
159898,TMU,kiem-toan,D01,Điểm thi THPT,2023,26.2,Kiểm toán (Kiểm toán)
159899,TMU,kiem-toan,D07,Điểm thi THPT,2023,26.2,Kiểm toán (Kiểm toán)
159900,TMU,kiem-toan,A00,Điểm học bạ,2024,28.5,Kiểm toán (Kiểm toán)
159901,TMU,kiem-toan,A01,Điểm học bạ,2024,28.5,Kiểm toán (Kiểm toán)
159902,TMU,kiem-toan,D01,Điểm học bạ,2024,28.5,Kiểm toán (Kiểm toán)
159903,TMU,kiem-toan,D07,Điểm học bạ,2024,28.5,Kiểm toán (Kiểm toán)
159904,TMU,kiem-toan,A00,Điểm thi THPT,2024,26.0,Kiểm toán (Kiểm toán)
159905,TMU,kiem-toan,A01,Điểm thi THPT,2024,26.0,Kiểm toán (Kiểm toán)
159906,TMU,kiem-toan,D01,Điểm thi THPT,2024,26.0,Kiểm toán (Kiểm toán)
159907,TMU,kiem-toan,D07,Điểm thi THPT,2024,26.0,Kiểm toán (Kiểm toán)
159908,TMU,kiem-toan,A00,Điểm thi THPT,2025,25.7,Kiểm toán (Kiểm toán)
159909,TMU,kiem-toan,A01,Điểm thi THPT,2025,25.7,Kiểm toán (Kiểm toán)
159910,TMU,kiem-toan,D01,Điểm thi THPT,2025,25.7,Kiểm toán (Kiểm toán)
159911,TMU,kiem-toan,D07,Điểm thi THPT,2025,25.7,Kiểm toán (Kiểm toán)
159912,TMU,kiem-toan,D09,Điểm thi THPT,2025,24.0,Kiểm toán (Kiểm toán tích hợp chứng chỉ quốc tế ICAEW CFAB - Chương trình định hướng chuyên sâu nghề nghiệp quốc tế - IPOP)
159913,TMU,kiem-toan,D10,Điểm thi THPT,2025,24.0,Kiểm toán (Kiểm toán tích hợp chứng chỉ quốc tế ICAEW CFAB - Chương trình định hướng chuyên sâu nghề nghiệp quốc tế - IPOP)
159914,TMU,kiem-toan,X25,Điểm thi THPT,2025,24.0,Kiểm toán (Kiểm toán tích hợp chứng chỉ quốc tế ICAEW CFAB - Chương trình định hướng chuyên sâu nghề nghiệp quốc tế - IPOP)
159915,TMU,kiem-toan,X26,Điểm thi THPT,2025,24.0,Kiểm toán (Kiểm toán tích hợp chứng chỉ quốc tế ICAEW CFAB - Chương trình định hướng chuyên sâu nghề nghiệp quốc tế - IPOP)
159916,TMU,kiem-toan,X27,Điểm thi THPT,2025,24.0,Kiểm toán (Kiểm toán tích hợp chứng chỉ quốc tế ICAEW CFAB - Chương trình định hướng chuyên sâu nghề nghiệp quốc tế - IPOP)
159917,TMU,kiem-toan,X28,Điểm thi THPT,2025,24.0,Kiểm toán (Kiểm toán tích hợp chứng chỉ quốc tế ICAEW CFAB - Chương trình định hướng chuyên sâu nghề nghiệp quốc tế - IPOP)
159918,TMU,kinh-doanh-quoc-te,A00,Điểm thi THPT,2021,27.1,Kinh doanh quốc tế (Thương mại quốc tế)
159919,TMU,kinh-doanh-quoc-te,A01,Điểm thi THPT,2021,27.1,Kinh doanh quốc tế (Thương mại quốc tế)
159920,TMU,kinh-doanh-quoc-te,D01,Điểm thi THPT,2021,27.1,Kinh doanh quốc tế (Thương mại quốc tế)
159921,TMU,kinh-doanh-quoc-te,D07,Điểm thi THPT,2021,27.1,Kinh doanh quốc tế (Thương mại quốc tế)
159922,TMU,kinh-doanh-quoc-te,A00,Điểm học bạ,2023,26.5,Kinh doanh quốc tế (Thương mại quốc tế)
159923,TMU,kinh-doanh-quoc-te,A01,Điểm học bạ,2023,26.5,Kinh doanh quốc tế (Thương mại quốc tế)
159924,TMU,kinh-doanh-quoc-te,D01,Điểm học bạ,2023,26.5,Kinh doanh quốc tế (Thương mại quốc tế)
159925,TMU,kinh-doanh-quoc-te,D07,Điểm học bạ,2023,26.5,Kinh doanh quốc tế (Thương mại quốc tế)
159926,TMU,kinh-doanh-quoc-te,A00,Điểm thi THPT,2023,27.0,Kinh doanh quốc tế ( Thương mại quốc tế)
159927,TMU,kinh-doanh-quoc-te,A01,Điểm thi THPT,2023,27.0,Kinh doanh quốc tế ( Thương mại quốc tế)
159928,TMU,kinh-doanh-quoc-te,D01,Điểm thi THPT,2023,27.0,Kinh doanh quốc tế ( Thương mại quốc tế)
159929,TMU,kinh-doanh-quoc-te,D07,Điểm thi THPT,2023,27.0,Kinh doanh quốc tế ( Thương mại quốc tế)
159930,TMU,kinh-doanh-quoc-te,A00,Điểm học bạ,2024,29.0,Kinh doanh quốc tế (Thương mại quôc tế)
159931,TMU,kinh-doanh-quoc-te,A01,Điểm học bạ,2024,29.0,Kinh doanh quốc tế (Thương mại quôc tế)
159932,TMU,kinh-doanh-quoc-te,D01,Điểm học bạ,2024,29.0,Kinh doanh quốc tế (Thương mại quôc tế)
159933,TMU,kinh-doanh-quoc-te,D07,Điểm học bạ,2024,29.0,Kinh doanh quốc tế (Thương mại quôc tế)
159934,TMU,kinh-doanh-quoc-te,A00,Điểm thi THPT,2024,26.6,Kinh doanh quốc tế (Thương mại quốc tế)
159935,TMU,kinh-doanh-quoc-te,A01,Điểm thi THPT,2024,26.6,Kinh doanh quốc tế (Thương mại quốc tế)
159936,TMU,kinh-doanh-quoc-te,D01,Điểm thi THPT,2024,26.6,Kinh doanh quốc tế (Thương mại quốc tế)
159937,TMU,kinh-doanh-quoc-te,D07,Điểm thi THPT,2024,26.6,Kinh doanh quốc tế (Thương mại quốc tế)
159938,TMU,kinh-doanh-quoc-te,A00,Điểm thi THPT,2025,26.8,Kinh doanh quốc tế (Thương mại quốc tế)
159939,TMU,kinh-doanh-quoc-te,A01,Điểm thi THPT,2025,26.8,Kinh doanh quốc tế (Thương mại quốc tế)
159940,TMU,kinh-doanh-quoc-te,D01,Điểm thi THPT,2025,26.8,Kinh doanh quốc tế (Thương mại quốc tế)
159941,TMU,kinh-doanh-quoc-te,D07,Điểm thi THPT,2025,26.8,Kinh doanh quốc tế (Thương mại quốc tế)
159942,TMU,kinh-doanh-quoc-te,D09,Điểm thi THPT,2025,26.3,Kinh doanh quốc tế (Thương mại quốc tế - Chương trình định hướng chuyên sâu nghề nghiệp quốc tế - IPOP)
159943,TMU,kinh-doanh-quoc-te,D10,Điểm thi THPT,2025,26.3,Kinh doanh quốc tế (Thương mại quốc tế - Chương trình định hướng chuyên sâu nghề nghiệp quốc tế - IPOP)
159944,TMU,kinh-doanh-quoc-te,X25,Điểm thi THPT,2025,26.3,Kinh doanh quốc tế (Thương mại quốc tế - Chương trình định hướng chuyên sâu nghề nghiệp quốc tế - IPOP)
159945,TMU,kinh-doanh-quoc-te,X26,Điểm thi THPT,2025,26.3,Kinh doanh quốc tế (Thương mại quốc tế - Chương trình định hướng chuyên sâu nghề nghiệp quốc tế - IPOP)
159946,TMU,kinh-doanh-quoc-te,X27,Điểm thi THPT,2025,26.3,Kinh doanh quốc tế (Thương mại quốc tế - Chương trình định hướng chuyên sâu nghề nghiệp quốc tế - IPOP)
159947,TMU,kinh-doanh-quoc-te,X28,Điểm thi THPT,2025,26.3,Kinh doanh quốc tế (Thương mại quốc tế - Chương trình định hướng chuyên sâu nghề nghiệp quốc tế - IPOP)
159948,TMU,kinh-te,A00,Điểm thi THPT,2021,26.35,Kinh tế (Quản lý kinh tế)
159949,TMU,kinh-te,A01,Điểm thi THPT,2021,26.35,Kinh tế (Quản lý kinh tế)
159950,TMU,kinh-te,D01,Điểm thi THPT,2021,26.35,Kinh tế (Quản lý kinh tế)
159951,TMU,kinh-te,D07,Điểm thi THPT,2021,26.35,Kinh tế (Quản lý kinh tế)
159952,TMU,kinh-te,A00,Điểm học bạ,2023,26.5,Kinh tế (Kinh tế quốc tế)
159953,TMU,kinh-te,A01,Điểm học bạ,2023,26.5,Kinh tế (Kinh tế quốc tế)
159954,TMU,kinh-te,D01,Điểm học bạ,2023,26.5,Kinh tế (Kinh tế quốc tế)
159955,TMU,kinh-te,D07,Điểm học bạ,2023,26.5,Kinh tế (Kinh tế quốc tế)
159956,TMU,kinh-te,A00,Điểm thi THPT,2023,25.7,Kinh tế (Quản lý kinh tế)
159957,TMU,kinh-te,A01,Điểm thi THPT,2023,25.7,Kinh tế (Quản lý kinh tế)
159958,TMU,kinh-te,D01,Điểm thi THPT,2023,25.7,Kinh tế (Quản lý kinh tế)
159959,TMU,kinh-te,D07,Điểm thi THPT,2023,25.7,Kinh tế (Quản lý kinh tế)
159960,TMU,kinh-te,A00,Điểm học bạ,2024,27.5,Kinh tế (Quản lý kinh tế)
159961,TMU,kinh-te,A01,Điểm học bạ,2024,27.5,Kinh tế (Quản lý kinh tế)
159962,TMU,kinh-te,D01,Điểm học bạ,2024,27.5,Kinh tế (Quản lý kinh tế)
159963,TMU,kinh-te,D07,Điểm học bạ,2024,27.5,Kinh tế (Quản lý kinh tế)
159964,TMU,kinh-te,A00,Điểm thi THPT,2024,25.9,Kinh tế (Quản lý kinh tế)
159965,TMU,kinh-te,A01,Điểm thi THPT,2024,25.9,Kinh tế (Quản lý kinh tế)
159966,TMU,kinh-te,D01,Điểm thi THPT,2024,25.9,Kinh tế (Quản lý kinh tế)
159967,TMU,kinh-te,D07,Điểm thi THPT,2024,25.9,Kinh tế (Quản lý kinh tế)
159968,TMU,kinh-te,A00,Điểm thi THPT,2025,25.1,Kinh tế (Quản lý kinh tế)
159969,TMU,kinh-te,A01,Điểm thi THPT,2025,25.1,Kinh tế (Quản lý kinh tế)
159970,TMU,kinh-te,D01,Điểm thi THPT,2025,25.1,Kinh tế (Quản lý kinh tế)
159971,TMU,kinh-te,D07,Điểm thi THPT,2025,25.1,Kinh tế (Quản lý kinh tế)
159972,TMU,kinh-te,D09,Điểm thi THPT,2025,24.7,Kinh tế (Kinh tế và Quản lý đầu tư - Chương trình định hướng chuyên sâu nghề nghiệp quốc tế - IPOP)
159973,TMU,kinh-te,D10,Điểm thi THPT,2025,24.7,Kinh tế (Kinh tế và Quản lý đầu tư - Chương trình định hướng chuyên sâu nghề nghiệp quốc tế - IPOP)
159974,TMU,kinh-te,X25,Điểm thi THPT,2025,24.7,Kinh tế (Kinh tế và Quản lý đầu tư - Chương trình định hướng chuyên sâu nghề nghiệp quốc tế - IPOP)
159975,TMU,kinh-te,X26,Điểm thi THPT,2025,24.7,Kinh tế (Kinh tế và Quản lý đầu tư - Chương trình định hướng chuyên sâu nghề nghiệp quốc tế - IPOP)
159976,TMU,kinh-te,X27,Điểm thi THPT,2025,24.7,Kinh tế (Kinh tế và Quản lý đầu tư - Chương trình định hướng chuyên sâu nghề nghiệp quốc tế - IPOP)
159977,TMU,kinh-te,X28,Điểm thi THPT,2025,24.7,Kinh tế (Kinh tế và Quản lý đầu tư - Chương trình định hướng chuyên sâu nghề nghiệp quốc tế - IPOP)
159978,TMU,kinh-te-quoc-te,A00,Điểm thi THPT,2021,26.95,Kinh tế quốc tế (Kinh tế quốc tế)
159979,TMU,kinh-te-quoc-te,A01,Điểm thi THPT,2021,26.95,Kinh tế quốc tế (Kinh tế quốc tế)
159980,TMU,kinh-te-quoc-te,D01,Điểm thi THPT,2021,26.95,Kinh tế quốc tế (Kinh tế quốc tế)
159981,TMU,kinh-te-quoc-te,D07,Điểm thi THPT,2021,26.95,Kinh tế quốc tế (Kinh tế quốc tế)
159982,TMU,kinh-te-quoc-te,A00,Điểm thi THPT,2022,26.5,Kinh tế quốc tế
159983,TMU,kinh-te-quoc-te,A01,Điểm thi THPT,2022,26.5,Kinh tế quốc tế
159984,TMU,kinh-te-quoc-te,D01,Điểm thi THPT,2022,26.5,Kinh tế quốc tế
159985,TMU,kinh-te-quoc-te,D07,Điểm thi THPT,2022,26.5,Kinh tế quốc tế
159986,TMU,kinh-te-quoc-te,A00,Điểm thi THPT,2023,26.7,Kinh tế quốc tế (Kinh tế quốc tế)
159987,TMU,kinh-te-quoc-te,A01,Điểm thi THPT,2023,26.7,Kinh tế quốc tế (Kinh tế quốc tế)
159988,TMU,kinh-te-quoc-te,D01,Điểm thi THPT,2023,26.7,Kinh tế quốc tế (Kinh tế quốc tế)
159989,TMU,kinh-te-quoc-te,D07,Điểm thi THPT,2023,26.7,Kinh tế quốc tế (Kinh tế quốc tế)
159990,TMU,kinh-te-quoc-te,A00,Điểm học bạ,2024,29.0,Kinh tế quốc tế (Kinh tế quốc tế)
159991,TMU,kinh-te-quoc-te,A01,Điểm học bạ,2024,29.0,Kinh tế quốc tế (Kinh tế quốc tế)
159992,TMU,kinh-te-quoc-te,D01,Điểm học bạ,2024,29.0,Kinh tế quốc tế (Kinh tế quốc tế)
159993,TMU,kinh-te-quoc-te,D07,Điểm học bạ,2024,29.0,Kinh tế quốc tế (Kinh tế quốc tế)
159994,TMU,kinh-te-quoc-te,A00,Điểm thi THPT,2024,26.5,Kinh tế quốc tế (Kinh tế quốc tế)
159995,TMU,kinh-te-quoc-te,A01,Điểm thi THPT,2024,26.5,Kinh tế quốc tế (Kinh tế quốc tế)
159996,TMU,kinh-te-quoc-te,D01,Điểm thi THPT,2024,26.5,Kinh tế quốc tế (Kinh tế quốc tế)
159997,TMU,kinh-te-quoc-te,D07,Điểm thi THPT,2024,26.5,Kinh tế quốc tế (Kinh tế quốc tế)
159998,TMU,kinh-te-quoc-te,A00,Điểm thi THPT,2025,26.6,Kinh tế quốc tế (Kinh tế quốc tế)
159999,TMU,kinh-te-quoc-te,A01,Điểm thi THPT,2025,26.6,Kinh tế quốc tế (Kinh tế quốc tế)
160000,TMU,kinh-te-quoc-te,D01,Điểm thi THPT,2025,26.6,Kinh tế quốc tế (Kinh tế quốc tế)
160001,TMU,kinh-te-quoc-te,D07,Điểm thi THPT,2025,26.6,Kinh tế quốc tế (Kinh tế quốc tế)
160002,TMU,kinh-te-so,A00,Điểm học bạ,2023,25.0,Kinh tế số (Phân tích kinh doanh trong môi trường số)
160003,TMU,kinh-te-so,A01,Điểm học bạ,2023,25.0,Kinh tế số (Phân tích kinh doanh trong môi trường số)
160004,TMU,kinh-te-so,D01,Điểm học bạ,2023,25.0,Kinh tế số (Phân tích kinh doanh trong môi trường số)
160005,TMU,kinh-te-so,D07,Điểm học bạ,2023,25.0,Kinh tế số (Phân tích kinh doanh trong môi trường số)
160006,TMU,kinh-te-so,A00,Điểm thi THPT,2023,25.8,Kinh tế số (Phân tích kinh doanh trong môi trường số)
160007,TMU,kinh-te-so,A01,Điểm thi THPT,2023,25.8,Kinh tế số (Phân tích kinh doanh trong môi trường số)
160008,TMU,kinh-te-so,D01,Điểm thi THPT,2023,25.8,Kinh tế số (Phân tích kinh doanh trong môi trường số)
160009,TMU,kinh-te-so,D07,Điểm thi THPT,2023,25.8,Kinh tế số (Phân tích kinh doanh trong môi trường số)
160010,TMU,kinh-te-so,A00,Điểm học bạ,2024,27.0,Kinh tế số (Phân tích kinh doanh trong môi trường số)
160011,TMU,kinh-te-so,A01,Điểm học bạ,2024,27.0,Kinh tế số (Phân tích kinh doanh trong môi trường số)
160012,TMU,kinh-te-so,D01,Điểm học bạ,2024,27.0,Kinh tế số (Phân tích kinh doanh trong môi trường số)
160013,TMU,kinh-te-so,D07,Điểm học bạ,2024,27.0,Kinh tế số (Phân tích kinh doanh trong môi trường số)
160014,TMU,kinh-te-so,A00,Điểm thi THPT,2024,26.1,Kinh tế số (Phân tích kinh doanh trong môi trường số)
160015,TMU,kinh-te-so,A01,Điểm thi THPT,2024,26.1,Kinh tế số (Phân tích kinh doanh trong môi trường số)
160016,TMU,kinh-te-so,D01,Điểm thi THPT,2024,26.1,Kinh tế số (Phân tích kinh doanh trong môi trường số)
160017,TMU,kinh-te-so,D07,Điểm thi THPT,2024,26.1,Kinh tế số (Phân tích kinh doanh trong môi trường số)
160018,TMU,kinh-te-so,A00,Điểm thi THPT,2025,25.1,Kinh tế số (Phân tích kinh doanh trong môi trường số)
160019,TMU,kinh-te-so,A01,Điểm thi THPT,2025,25.1,Kinh tế số (Phân tích kinh doanh trong môi trường số)
160020,TMU,kinh-te-so,D01,Điểm thi THPT,2025,25.1,Kinh tế số (Phân tích kinh doanh trong môi trường số)
160021,TMU,kinh-te-so,D07,Điểm thi THPT,2025,25.1,Kinh tế số (Phân tích kinh doanh trong môi trường số)
160022,TMU,logistics-va-quan-ly-chuoi-cung-ung,A00,Điểm thi THPT,2021,27.4,Logistics và Quản lý chuỗi cung ứng
160023,TMU,logistics-va-quan-ly-chuoi-cung-ung,A01,Điểm thi THPT,2021,27.4,Logistics và Quản lý chuỗi cung ứng
160024,TMU,logistics-va-quan-ly-chuoi-cung-ung,D01,Điểm thi THPT,2021,27.4,Logistics và Quản lý chuỗi cung ứng
160025,TMU,logistics-va-quan-ly-chuoi-cung-ung,D07,Điểm thi THPT,2021,27.4,Logistics và Quản lý chuỗi cung ứng
160026,TMU,logistics-va-quan-ly-chuoi-cung-ung,A00,Điểm thi THPT,2022,27.0,Logistics và quản lý chuỗi cung ứng
160027,TMU,logistics-va-quan-ly-chuoi-cung-ung,A01,Điểm thi THPT,2022,27.0,Logistics và quản lý chuỗi cung ứng
160028,TMU,logistics-va-quan-ly-chuoi-cung-ung,D01,Điểm thi THPT,2022,27.0,Logistics và quản lý chuỗi cung ứng
160029,TMU,logistics-va-quan-ly-chuoi-cung-ung,D07,Điểm thi THPT,2022,27.0,Logistics và quản lý chuỗi cung ứng
160030,TMU,logistics-va-quan-ly-chuoi-cung-ung,A00,Điểm học bạ,2023,27.5,Logistics và Quản lý chuỗi cung ứng
160031,TMU,logistics-va-quan-ly-chuoi-cung-ung,A01,Điểm học bạ,2023,27.5,Logistics và Quản lý chuỗi cung ứng
160032,TMU,logistics-va-quan-ly-chuoi-cung-ung,D01,Điểm học bạ,2023,27.5,Logistics và Quản lý chuỗi cung ứng
160033,TMU,logistics-va-quan-ly-chuoi-cung-ung,D07,Điểm học bạ,2023,27.5,Logistics và Quản lý chuỗi cung ứng
160034,TMU,logistics-va-quan-ly-chuoi-cung-ung,A00,Điểm thi THPT,2023,26.8,Logistics và quản lý chuỗi cung ứng (Logistics và quản lý chuỗi cung ứng )
160035,TMU,logistics-va-quan-ly-chuoi-cung-ung,A01,Điểm thi THPT,2023,26.8,Logistics và quản lý chuỗi cung ứng (Logistics và quản lý chuỗi cung ứng )
160036,TMU,logistics-va-quan-ly-chuoi-cung-ung,D01,Điểm thi THPT,2023,26.8,Logistics và quản lý chuỗi cung ứng (Logistics và quản lý chuỗi cung ứng )
160037,TMU,logistics-va-quan-ly-chuoi-cung-ung,D07,Điểm thi THPT,2023,26.8,Logistics và quản lý chuỗi cung ứng (Logistics và quản lý chuỗi cung ứng )
160038,TMU,logistics-va-quan-ly-chuoi-cung-ung,A00,Điểm học bạ,2024,29.25,Logistics và Quân lý chuỗi cung ứng (Logistics và Quản lý chuỗi cung úng)
160039,TMU,logistics-va-quan-ly-chuoi-cung-ung,A01,Điểm học bạ,2024,29.25,Logistics và Quân lý chuỗi cung ứng (Logistics và Quản lý chuỗi cung úng)
160040,TMU,logistics-va-quan-ly-chuoi-cung-ung,D01,Điểm học bạ,2024,29.25,Logistics và Quân lý chuỗi cung ứng (Logistics và Quản lý chuỗi cung úng)
160041,TMU,logistics-va-quan-ly-chuoi-cung-ung,D07,Điểm học bạ,2024,29.25,Logistics và Quân lý chuỗi cung ứng (Logistics và Quản lý chuỗi cung úng)
160042,TMU,logistics-va-quan-ly-chuoi-cung-ung,A00,Điểm thi THPT,2024,26.9,Logistics và Quản lý chuỗi cung ứng (Logistics và Quản lý chuỗi cung ứng)
160043,TMU,logistics-va-quan-ly-chuoi-cung-ung,A01,Điểm thi THPT,2024,26.9,Logistics và Quản lý chuỗi cung ứng (Logistics và Quản lý chuỗi cung ứng)
160044,TMU,logistics-va-quan-ly-chuoi-cung-ung,D01,Điểm thi THPT,2024,26.9,Logistics và Quản lý chuỗi cung ứng (Logistics và Quản lý chuỗi cung ứng)
160045,TMU,logistics-va-quan-ly-chuoi-cung-ung,D07,Điểm thi THPT,2024,26.9,Logistics và Quản lý chuỗi cung ứng (Logistics và Quản lý chuỗi cung ứng)
160046,TMU,logistics-va-quan-ly-chuoi-cung-ung,A00,Điểm thi THPT,2025,27.8,Logistics và Quản lý chuỗi cung ứng (Logistics và Quản lý chuỗi cung ứng)
160047,TMU,logistics-va-quan-ly-chuoi-cung-ung,A01,Điểm thi THPT,2025,27.8,Logistics và Quản lý chuỗi cung ứng (Logistics và Quản lý chuỗi cung ứng)
160048,TMU,logistics-va-quan-ly-chuoi-cung-ung,D01,Điểm thi THPT,2025,27.8,Logistics và Quản lý chuỗi cung ứng (Logistics và Quản lý chuỗi cung ứng)
160049,TMU,logistics-va-quan-ly-chuoi-cung-ung,D07,Điểm thi THPT,2025,27.8,Logistics và Quản lý chuỗi cung ứng (Logistics và Quản lý chuỗi cung ứng)
160050,TMU,logistics-va-quan-ly-chuoi-cung-ung,D09,Điểm thi THPT,2025,26.6,Logistics và Quản lý chuỗi cung ứng (Logistics và Xuất nhập khẩu - Chương trình định hướng chuyên sâu nghề nghiệp quốc tế - IPOP)
160051,TMU,logistics-va-quan-ly-chuoi-cung-ung,D10,Điểm thi THPT,2025,26.6,Logistics và Quản lý chuỗi cung ứng (Logistics và Xuất nhập khẩu - Chương trình định hướng chuyên sâu nghề nghiệp quốc tế - IPOP)
160052,TMU,logistics-va-quan-ly-chuoi-cung-ung,X25,Điểm thi THPT,2025,26.6,Logistics và Quản lý chuỗi cung ứng (Logistics và Xuất nhập khẩu - Chương trình định hướng chuyên sâu nghề nghiệp quốc tế - IPOP)
160053,TMU,logistics-va-quan-ly-chuoi-cung-ung,X26,Điểm thi THPT,2025,26.6,Logistics và Quản lý chuỗi cung ứng (Logistics và Xuất nhập khẩu - Chương trình định hướng chuyên sâu nghề nghiệp quốc tế - IPOP)
160054,TMU,logistics-va-quan-ly-chuoi-cung-ung,X27,Điểm thi THPT,2025,26.6,Logistics và Quản lý chuỗi cung ứng (Logistics và Xuất nhập khẩu - Chương trình định hướng chuyên sâu nghề nghiệp quốc tế - IPOP)
160055,TMU,logistics-va-quan-ly-chuoi-cung-ung,X28,Điểm thi THPT,2025,26.6,Logistics và Quản lý chuỗi cung ứng (Logistics và Xuất nhập khẩu - Chương trình định hướng chuyên sâu nghề nghiệp quốc tế - IPOP)
160056,TMU,luat-kinh-te,A00,Điểm thi THPT,2021,26.1,Luật kinh tế (Luật kinh tế)
160057,TMU,luat-kinh-te,A01,Điểm thi THPT,2021,26.1,Luật kinh tế (Luật kinh tế)
160058,TMU,luat-kinh-te,D01,Điểm thi THPT,2021,26.1,Luật kinh tế (Luật kinh tế)
160059,TMU,luat-kinh-te,D07,Điểm thi THPT,2021,26.1,Luật kinh tế (Luật kinh tế)
160060,TMU,luat-kinh-te,A00,Điểm thi THPT,2022,25.8,Luật kinh tế
160061,TMU,luat-kinh-te,A01,Điểm thi THPT,2022,25.8,Luật kinh tế
160062,TMU,luat-kinh-te,D01,Điểm thi THPT,2022,25.8,Luật kinh tế
160063,TMU,luat-kinh-te,D07,Điểm thi THPT,2022,25.8,Luật kinh tế
160064,TMU,luat-kinh-te,A00,Điểm học bạ,2023,26.0,Luật kinh tế
160065,TMU,luat-kinh-te,A01,Điểm học bạ,2023,26.0,Luật kinh tế
160066,TMU,luat-kinh-te,D01,Điểm học bạ,2023,26.0,Luật kinh tế
160067,TMU,luat-kinh-te,D07,Điểm học bạ,2023,26.0,Luật kinh tế
160068,TMU,luat-kinh-te,A00,Điểm thi THPT,2023,25.7,Luật kinh tế (Luật kinh tế)
160069,TMU,luat-kinh-te,A01,Điểm thi THPT,2023,25.7,Luật kinh tế (Luật kinh tế)
160070,TMU,luat-kinh-te,D01,Điểm thi THPT,2023,25.7,Luật kinh tế (Luật kinh tế)
160071,TMU,luat-kinh-te,D07,Điểm thi THPT,2023,25.7,Luật kinh tế (Luật kinh tế)
160072,TMU,luat-kinh-te,A00,Điểm học bạ,2024,28.0,Luật kinh tế (Luật kinh tế)
160073,TMU,luat-kinh-te,A01,Điểm học bạ,2024,28.0,Luật kinh tế (Luật kinh tế)
160074,TMU,luat-kinh-te,D01,Điểm học bạ,2024,28.0,Luật kinh tế (Luật kinh tế)
160075,TMU,luat-kinh-te,D07,Điểm học bạ,2024,28.0,Luật kinh tế (Luật kinh tế)
160076,TMU,luat-kinh-te,A00,Điểm thi THPT,2024,25.8,Luật kinh tế (Luật kinh tế)
160077,TMU,luat-kinh-te,A01,Điểm thi THPT,2024,25.8,Luật kinh tế (Luật kinh tế)
160078,TMU,luat-kinh-te,D01,Điểm thi THPT,2024,25.8,Luật kinh tế (Luật kinh tế)
160079,TMU,luat-kinh-te,D07,Điểm thi THPT,2024,25.8,Luật kinh tế (Luật kinh tế)
160080,TMU,luat-kinh-te,A00,Điểm thi THPT,2025,25.4,Luật kinh tế (Luật kinh tế)
160081,TMU,luat-kinh-te,A01,Điểm thi THPT,2025,25.4,Luật kinh tế (Luật kinh tế)
160082,TMU,luat-kinh-te,D01,Điểm thi THPT,2025,25.4,Luật kinh tế (Luật kinh tế)
160083,TMU,luat-kinh-te,D07,Điểm thi THPT,2025,25.4,Luật kinh tế (Luật kinh tế)
160084,TMU,luat-kinh-te,D09,Điểm thi THPT,2025,24.7,Luật kinh tế (Luật kinh doanh - Chương trình định hướng chuyên sâu nghề nghiệp quốc tế - IPOP)
160085,TMU,luat-kinh-te,D10,Điểm thi THPT,2025,24.7,Luật kinh tế (Luật kinh doanh - Chương trình định hướng chuyên sâu nghề nghiệp quốc tế - IPOP)
160086,TMU,luat-kinh-te,X25,Điểm thi THPT,2025,24.7,Luật kinh tế (Luật kinh doanh - Chương trình định hướng chuyên sâu nghề nghiệp quốc tế - IPOP)
160087,TMU,luat-kinh-te,X26,Điểm thi THPT,2025,24.7,Luật kinh tế (Luật kinh doanh - Chương trình định hướng chuyên sâu nghề nghiệp quốc tế - IPOP)
160088,TMU,luat-kinh-te,X27,Điểm thi THPT,2025,24.7,Luật kinh tế (Luật kinh doanh - Chương trình định hướng chuyên sâu nghề nghiệp quốc tế - IPOP)
160089,TMU,luat-kinh-te,X28,Điểm thi THPT,2025,24.7,Luật kinh tế (Luật kinh doanh - Chương trình định hướng chuyên sâu nghề nghiệp quốc tế - IPOP)
160090,TMU,luat-thuong-mai-quoc-te,A00,Điểm thi THPT,2022,25.8,Luật thương mại quốc tế
160091,TMU,luat-thuong-mai-quoc-te,A01,Điểm thi THPT,2022,25.8,Luật thương mại quốc tế
160092,TMU,luat-thuong-mai-quoc-te,D01,Điểm thi THPT,2022,25.8,Luật thương mại quốc tế
160093,TMU,luat-thuong-mai-quoc-te,D07,Điểm thi THPT,2022,25.8,Luật thương mại quốc tế
160094,TMU,marketing,A00,Điểm thi THPT,2021,27.45,Marketing (Marketing thương mại)
160095,TMU,marketing,A01,Điểm thi THPT,2021,27.45,Marketing (Marketing thương mại)
160096,TMU,marketing,D01,Điểm thi THPT,2021,27.45,Marketing (Marketing thương mại)
160097,TMU,marketing,D07,Điểm thi THPT,2021,27.45,Marketing (Marketing thương mại)
160098,TMU,marketing,A00,Điểm học bạ,2023,27.0,Marketing (Marketing thương mại)
160099,TMU,marketing,A01,Điểm học bạ,2023,27.0,Marketing (Marketing thương mại)
160100,TMU,marketing,D01,Điểm học bạ,2023,27.0,Marketing (Marketing thương mại)
160101,TMU,marketing,D07,Điểm học bạ,2023,27.0,Marketing (Marketing thương mại)
160102,TMU,marketing,A00,Điểm thi THPT,2023,27.0,Marketing (Marketing thương mại)
160103,TMU,marketing,A01,Điểm thi THPT,2023,27.0,Marketing (Marketing thương mại)
160104,TMU,marketing,D01,Điểm thi THPT,2023,27.0,Marketing (Marketing thương mại)
160105,TMU,marketing,D07,Điểm thi THPT,2023,27.0,Marketing (Marketing thương mại)
160106,TMU,marketing,A00,Điểm học bạ,2024,29.0,Marketing (Marketing thương mại)
160107,TMU,marketing,A01,Điểm học bạ,2024,29.0,Marketing (Marketing thương mại)
160108,TMU,marketing,D01,Điểm học bạ,2024,29.0,Marketing (Marketing thương mại)
160109,TMU,marketing,D07,Điểm học bạ,2024,29.0,Marketing (Marketing thương mại)
160110,TMU,marketing,A00,Điểm thi THPT,2024,27.0,Marketing (Marketing thương mại)
160111,TMU,marketing,A01,Điểm thi THPT,2024,27.0,Marketing (Marketing thương mại)
160112,TMU,marketing,D01,Điểm thi THPT,2024,27.0,Marketing (Marketing thương mại)
160113,TMU,marketing,D07,Điểm thi THPT,2024,27.0,Marketing (Marketing thương mại)
160114,TMU,marketing,A00,Điểm thi THPT,2025,27.3,Marketing (Marketing Thương mại)
160115,TMU,marketing,A01,Điểm thi THPT,2025,27.3,Marketing (Marketing Thương mại)
160116,TMU,marketing,D01,Điểm thi THPT,2025,27.3,Marketing (Marketing Thương mại)
160117,TMU,marketing,D07,Điểm thi THPT,2025,27.3,Marketing (Marketing Thương mại)
160118,TMU,marketing,D09,Điểm thi THPT,2025,26.3,Marketing (Marketing thương mại - Chương trình định hướng chuyên sâu nghề nghiệp quốc tế - IPOP)
160119,TMU,marketing,D10,Điểm thi THPT,2025,26.3,Marketing (Marketing thương mại - Chương trình định hướng chuyên sâu nghề nghiệp quốc tế - IPOP)
160120,TMU,marketing,X25,Điểm thi THPT,2025,26.3,Marketing (Marketing thương mại - Chương trình định hướng chuyên sâu nghề nghiệp quốc tế - IPOP)
160121,TMU,marketing,X26,Điểm thi THPT,2025,26.3,Marketing (Marketing thương mại - Chương trình định hướng chuyên sâu nghề nghiệp quốc tế - IPOP)
160122,TMU,marketing,X27,Điểm thi THPT,2025,26.3,Marketing (Marketing thương mại - Chương trình định hướng chuyên sâu nghề nghiệp quốc tế - IPOP)
160123,TMU,marketing,X28,Điểm thi THPT,2025,26.3,Marketing (Marketing thương mại - Chương trình định hướng chuyên sâu nghề nghiệp quốc tế - IPOP)
160124,TMU,marketing-so,A00,Điểm thi THPT,2022,26.9,Marketing số
160125,TMU,marketing-so,A01,Điểm thi THPT,2022,26.9,Marketing số
160126,TMU,marketing-so,D01,Điểm thi THPT,2022,26.9,Marketing số
160127,TMU,marketing-so,D07,Điểm thi THPT,2022,26.9,Marketing số
160128,TMU,marketing-thuong-mai,A00,Điểm thi THPT,2022,27.0,Marketing thương mại
160129,TMU,marketing-thuong-mai,A01,Điểm thi THPT,2022,27.0,Marketing thương mại
160130,TMU,marketing-thuong-mai,D01,Điểm thi THPT,2022,27.0,Marketing thương mại
160131,TMU,marketing-thuong-mai,D07,Điểm thi THPT,2022,27.0,Marketing thương mại
160132,TMU,marketing-thuong-mai-san-pham-va-dich-vu-chuong-trinh-dao-tao-song-bang-quoc-te,A01,Điểm thi THPT,2025,24.8,Marketing (Marketing thương mại) - Thương mại sản phẩm và dịch vụ (Bán hàng) - Chương trình đào tạo song bằng quốc tế
160133,TMU,marketing-thuong-mai-san-pham-va-dich-vu-chuong-trinh-dao-tao-song-bang-quoc-te,D01,Điểm thi THPT,2025,24.8,Marketing (Marketing thương mại) - Thương mại sản phẩm và dịch vụ (Bán hàng) - Chương trình đào tạo song bằng quốc tế
160134,TMU,marketing-thuong-mai-san-pham-va-dich-vu-chuong-trinh-dao-tao-song-bang-quoc-te,D07,Điểm thi THPT,2025,24.8,Marketing (Marketing thương mại) - Thương mại sản phẩm và dịch vụ (Bán hàng) - Chương trình đào tạo song bằng quốc tế
160135,TMU,marketing-thuong-mai-san-pham-va-dich-vu-chuong-trinh-dao-tao-song-bang-quoc-te,D09,Điểm thi THPT,2025,24.8,Marketing (Marketing thương mại) - Thương mại sản phẩm và dịch vụ (Bán hàng) - Chương trình đào tạo song bằng quốc tế
160136,TMU,marketing-thuong-mai-san-pham-va-dich-vu-chuong-trinh-dao-tao-song-bang-quoc-te,D10,Điểm thi THPT,2025,24.8,Marketing (Marketing thương mại) - Thương mại sản phẩm và dịch vụ (Bán hàng) - Chương trình đào tạo song bằng quốc tế
160137,TMU,marketing-thuong-mai-san-pham-va-dich-vu-chuong-trinh-dao-tao-song-bang-quoc-te,X25,Điểm thi THPT,2025,24.8,Marketing (Marketing thương mại) - Thương mại sản phẩm và dịch vụ (Bán hàng) - Chương trình đào tạo song bằng quốc tế
160138,TMU,marketing-thuong-mai-san-pham-va-dich-vu-chuong-trinh-dao-tao-song-bang-quoc-te,X26,Điểm thi THPT,2025,24.8,Marketing (Marketing thương mại) - Thương mại sản phẩm và dịch vụ (Bán hàng) - Chương trình đào tạo song bằng quốc tế
160139,TMU,marketing-thuong-mai-san-pham-va-dich-vu-chuong-trinh-dao-tao-song-bang-quoc-te,X27,Điểm thi THPT,2025,24.8,Marketing (Marketing thương mại) - Thương mại sản phẩm và dịch vụ (Bán hàng) - Chương trình đào tạo song bằng quốc tế
160140,TMU,marketing-thuong-mai-san-pham-va-dich-vu-chuong-trinh-dao-tao-song-bang-quoc-te,X28,Điểm thi THPT,2025,24.8,Marketing (Marketing thương mại) - Thương mại sản phẩm và dịch vụ (Bán hàng) - Chương trình đào tạo song bằng quốc tế
160141,TMU,ngon-ngu-anh,A01,Điểm thi THPT,2021,26.7,Ngôn ngữ Anh (Tiếng Anh thương mại)
160142,TMU,ngon-ngu-anh,D01,Điểm thi THPT,2021,26.7,Ngôn ngữ Anh (Tiếng Anh thương mại)
160143,TMU,ngon-ngu-anh,D07,Điểm thi THPT,2021,26.7,Ngôn ngữ Anh (Tiếng Anh thương mại)
160144,TMU,ngon-ngu-anh,A01,Điểm học bạ,2023,26.0,Ngôn ngữ Anh (Tiếng Anh thương mại)
160145,TMU,ngon-ngu-anh,D01,Điểm học bạ,2023,26.0,Ngôn ngữ Anh (Tiếng Anh thương mại)
160146,TMU,ngon-ngu-anh,D07,Điểm học bạ,2023,26.0,Ngôn ngữ Anh (Tiếng Anh thương mại)
160147,TMU,ngon-ngu-anh,A01,Điểm thi THPT,2023,25.8,Ngôn ngữ Anh (Tiếng Anh thương mại)
160148,TMU,ngon-ngu-anh,D01,Điểm thi THPT,2023,25.8,Ngôn ngữ Anh (Tiếng Anh thương mại)
160149,TMU,ngon-ngu-anh,D07,Điểm thi THPT,2023,25.8,Ngôn ngữ Anh (Tiếng Anh thương mại)
160150,TMU,ngon-ngu-anh,A00,Điểm học bạ,2024,27.0,Ngôn ngữ Anh (Tiếng Anh thương mại)
160151,TMU,ngon-ngu-anh,A01,Điểm học bạ,2024,27.0,Ngôn ngữ Anh (Tiếng Anh thương mại)
160152,TMU,ngon-ngu-anh,D01,Điểm học bạ,2024,27.0,Ngôn ngữ Anh (Tiếng Anh thương mại)
160153,TMU,ngon-ngu-anh,D07,Điểm học bạ,2024,27.0,Ngôn ngữ Anh (Tiếng Anh thương mại)
160154,TMU,ngon-ngu-anh,A01,Điểm thi THPT,2024,26.05,Ngôn ngữ Anh (Tiếng Anh thương mại)
160155,TMU,ngon-ngu-anh,D01,Điểm thi THPT,2024,26.05,Ngôn ngữ Anh (Tiếng Anh thương mại)
160156,TMU,ngon-ngu-anh,D07,Điểm thi THPT,2024,26.05,Ngôn ngữ Anh (Tiếng Anh thương mại)
160157,TMU,ngon-ngu-anh,A01,Điểm thi THPT,2025,26.1,Ngôn ngữ Anh (Tiếng Anh thương mại)
160158,TMU,ngon-ngu-anh,D01,Điểm thi THPT,2025,26.1,Ngôn ngữ Anh (Tiếng Anh thương mại)
160159,TMU,ngon-ngu-anh,D07,Điểm thi THPT,2025,26.1,Ngôn ngữ Anh (Tiếng Anh thương mại)
160160,TMU,ngon-ngu-trung-quoc,A00,Điểm học bạ,2023,26.5,Ngôn ngữ Trung Quốc (Tiếng Trung thương mại)
160161,TMU,ngon-ngu-trung-quoc,A01,Điểm học bạ,2023,26.5,Ngôn ngữ Trung Quốc (Tiếng Trung thương mại)
160162,TMU,ngon-ngu-trung-quoc,D01,Điểm học bạ,2023,26.5,Ngôn ngữ Trung Quốc (Tiếng Trung thương mại)
160163,TMU,ngon-ngu-trung-quoc,D04,Điểm học bạ,2023,26.5,Ngôn ngữ Trung Quốc (Tiếng Trung thương mại)
160164,TMU,ngon-ngu-trung-quoc,A00,Điểm thi THPT,2023,26.9,Ngôn ngữ Trung Quốc (Tiếng Trung thương mại)
160165,TMU,ngon-ngu-trung-quoc,A01,Điểm thi THPT,2023,26.9,Ngôn ngữ Trung Quốc (Tiếng Trung thương mại)
160166,TMU,ngon-ngu-trung-quoc,D01,Điểm thi THPT,2023,26.9,Ngôn ngữ Trung Quốc (Tiếng Trung thương mại)
160167,TMU,ngon-ngu-trung-quoc,D04,Điểm thi THPT,2023,26.9,Ngôn ngữ Trung Quốc (Tiếng Trung thương mại)
160168,TMU,ngon-ngu-trung-quoc,A00,Điểm học bạ,2024,28.5,Ngôn ngữ Trung Quốc (Tiếng Trung thương mại)
160169,TMU,ngon-ngu-trung-quoc,A01,Điểm học bạ,2024,28.5,Ngôn ngữ Trung Quốc (Tiếng Trung thương mại)
160170,TMU,ngon-ngu-trung-quoc,D01,Điểm học bạ,2024,28.5,Ngôn ngữ Trung Quốc (Tiếng Trung thương mại)
160171,TMU,ngon-ngu-trung-quoc,D04,Điểm học bạ,2024,28.5,Ngôn ngữ Trung Quốc (Tiếng Trung thương mại)
160172,TMU,ngon-ngu-trung-quoc,A00,Điểm thi THPT,2024,26.5,Ngôn ngữ Trung Quốc (Tiếng Trung thương mại)
160173,TMU,ngon-ngu-trung-quoc,A01,Điểm thi THPT,2024,26.5,Ngôn ngữ Trung Quốc (Tiếng Trung thương mại)
160174,TMU,ngon-ngu-trung-quoc,D01,Điểm thi THPT,2024,26.5,Ngôn ngữ Trung Quốc (Tiếng Trung thương mại)
160175,TMU,ngon-ngu-trung-quoc,D04,Điểm thi THPT,2024,26.5,Ngôn ngữ Trung Quốc (Tiếng Trung thương mại)
160176,TMU,ngon-ngu-trung-quoc,A01,Điểm thi THPT,2025,27.4,Ngôn ngữ Trung Quốc (Tiếng Trung thương mại)
160177,TMU,ngon-ngu-trung-quoc,D01,Điểm thi THPT,2025,27.4,Ngôn ngữ Trung Quốc (Tiếng Trung thương mại)
160178,TMU,ngon-ngu-trung-quoc,D04,Điểm thi THPT,2025,26.8,Ngôn ngữ Trung Quốc (Tiếng Trung thương mại - Chương trình định hướng chuyên sâu nghề nghiệp quốc tế - IPOP)
160179,TMU,ngon-ngu-trung-quoc,D07,Điểm thi THPT,2025,27.4,Ngôn ngữ Trung Quốc (Tiếng Trung thương mại)
160180,TMU,quan-ly-kinh-te,A00,Điểm thi THPT,2022,26.0,Quản lý kinh tế
160181,TMU,quan-ly-kinh-te,A01,Điểm thi THPT,2022,26.0,Quản lý kinh tế
160182,TMU,quan-ly-kinh-te,D01,Điểm thi THPT,2022,26.0,Quản lý kinh tế
160183,TMU,quan-ly-kinh-te,D07,Điểm thi THPT,2022,26.0,Quản lý kinh tế
160184,TMU,quan-tri-dich-vu-du-lich-va-lu-hanh,A00,Điểm thi THPT,2021,26.2,Quản trị dịch vụ du lịch và lữ hành (Quản trị dịch vụ du lịch và lữ hành)
160185,TMU,quan-tri-dich-vu-du-lich-va-lu-hanh,A01,Điểm thi THPT,2021,26.2,Quản trị dịch vụ du lịch và lữ hành (Quản trị dịch vụ du lịch và lữ hành)
160186,TMU,quan-tri-dich-vu-du-lich-va-lu-hanh,D01,Điểm thi THPT,2021,26.2,Quản trị dịch vụ du lịch và lữ hành (Quản trị dịch vụ du lịch và lữ hành)
160187,TMU,quan-tri-dich-vu-du-lich-va-lu-hanh,D07,Điểm thi THPT,2021,26.2,Quản trị dịch vụ du lịch và lữ hành (Quản trị dịch vụ du lịch và lữ hành)
160188,TMU,quan-tri-dich-vu-du-lich-va-lu-hanh,A00,Điểm học bạ,2023,25.0,Quản trị dịch vụ du lịch và lữ hành (CT Định hướng nghề nghiệp)
160189,TMU,quan-tri-dich-vu-du-lich-va-lu-hanh,A01,Điểm học bạ,2023,25.0,Quản trị dịch vụ du lịch và lữ hành (CT Định hướng nghề nghiệp)
160190,TMU,quan-tri-dich-vu-du-lich-va-lu-hanh,D01,Điểm học bạ,2023,25.0,Quản trị dịch vụ du lịch và lữ hành (CT Định hướng nghề nghiệp)
160191,TMU,quan-tri-dich-vu-du-lich-va-lu-hanh,D07,Điểm học bạ,2023,25.0,Quản trị dịch vụ du lịch và lữ hành (CT Định hướng nghề nghiệp)
160192,TMU,quan-tri-dich-vu-du-lich-va-lu-hanh,A00,Điểm thi THPT,2023,25.6,Quản trị dịch vụ du lịch và lữ hành (Quản trị dịch vụ du lịch và lữ hành)
160193,TMU,quan-tri-dich-vu-du-lich-va-lu-hanh,A01,Điểm thi THPT,2023,25.6,Quản trị dịch vụ du lịch và lữ hành (Quản trị dịch vụ du lịch và lữ hành)
160194,TMU,quan-tri-dich-vu-du-lich-va-lu-hanh,D01,Điểm thi THPT,2023,25.6,Quản trị dịch vụ du lịch và lữ hành (Quản trị dịch vụ du lịch và lữ hành)
160195,TMU,quan-tri-dich-vu-du-lich-va-lu-hanh,D07,Điểm thi THPT,2023,25.6,Quản trị dịch vụ du lịch và lữ hành (Quản trị dịch vụ du lịch và lữ hành)
160196,TMU,quan-tri-dich-vu-du-lich-va-lu-hanh,A00,Điểm học bạ,2024,27.0,Quản trị dịch vụ du lịch và lữ hành (Quản trị dịch vụ du lịch và lữ hành - Chương trinh định hướng nghề nghiệp)
160197,TMU,quan-tri-dich-vu-du-lich-va-lu-hanh,A01,Điểm học bạ,2024,27.0,Quản trị dịch vụ du lịch và lữ hành (Quản trị dịch vụ du lịch và lữ hành - Chương trinh định hướng nghề nghiệp)
160198,TMU,quan-tri-dich-vu-du-lich-va-lu-hanh,D01,Điểm học bạ,2024,27.0,Quản trị dịch vụ du lịch và lữ hành (Quản trị dịch vụ du lịch và lữ hành - Chương trinh định hướng nghề nghiệp)
160199,TMU,quan-tri-dich-vu-du-lich-va-lu-hanh,D07,Điểm học bạ,2024,27.0,Quản trị dịch vụ du lịch và lữ hành (Quản trị dịch vụ du lịch và lữ hành - Chương trinh định hướng nghề nghiệp)
160200,TMU,quan-tri-dich-vu-du-lich-va-lu-hanh,A00,Điểm thi THPT,2024,25.5,Quản trị dịch vụ du lịch và lữ hành (Quản trị dịch vụ du lịch và lữ hành - Chương trình định hướng nghề nghiệp)
160201,TMU,quan-tri-dich-vu-du-lich-va-lu-hanh,A01,Điểm thi THPT,2024,25.5,Quản trị dịch vụ du lịch và lữ hành (Quản trị dịch vụ du lịch và lữ hành - Chương trình định hướng nghề nghiệp)
160202,TMU,quan-tri-dich-vu-du-lich-va-lu-hanh,D01,Điểm thi THPT,2024,25.5,Quản trị dịch vụ du lịch và lữ hành (Quản trị dịch vụ du lịch và lữ hành - Chương trình định hướng nghề nghiệp)
160203,TMU,quan-tri-dich-vu-du-lich-va-lu-hanh,D07,Điểm thi THPT,2024,25.5,Quản trị dịch vụ du lịch và lữ hành (Quản trị dịch vụ du lịch và lữ hành - Chương trình định hướng nghề nghiệp)
160204,TMU,quan-tri-dich-vu-du-lich-va-lu-hanh,A00,Điểm thi THPT,2025,24.8,Quản trị dịch vụ du lịch và lữ hành (Quản trị dịch vụ du lịch và lữ hành)
160205,TMU,quan-tri-dich-vu-du-lich-va-lu-hanh,A01,Điểm thi THPT,2025,24.8,Quản trị dịch vụ du lịch và lữ hành (Quản trị dịch vụ du lịch và lữ hành)
160206,TMU,quan-tri-dich-vu-du-lich-va-lu-hanh,D01,Điểm thi THPT,2025,24.8,Quản trị dịch vụ du lịch và lữ hành (Quản trị dịch vụ du lịch và lữ hành)
160207,TMU,quan-tri-dich-vu-du-lich-va-lu-hanh,D07,Điểm thi THPT,2025,24.8,Quản trị dịch vụ du lịch và lữ hành (Quản trị dịch vụ du lịch và lữ hành)
160208,TMU,quan-tri-he-thong-thong-tin,A00,Điểm thi THPT,2022,26.1,Quản trị hệ thống thông tin
160209,TMU,quan-tri-he-thong-thong-tin,A01,Điểm thi THPT,2022,26.1,Quản trị hệ thống thông tin
160210,TMU,quan-tri-he-thong-thong-tin,D01,Điểm thi THPT,2022,26.1,Quản trị hệ thống thông tin
160211,TMU,quan-tri-he-thong-thong-tin,D07,Điểm thi THPT,2022,26.1,Quản trị hệ thống thông tin
160212,TMU,quan-tri-khach-san,A00,Điểm thi THPT,2021,26.15,Quản trị khách sạn (Quản trị khách sạn)
160213,TMU,quan-tri-khach-san,A01,Điểm thi THPT,2021,26.15,Quản trị khách sạn (Quản trị khách sạn)
160214,TMU,quan-tri-khach-san,D01,Điểm thi THPT,2021,26.15,Quản trị khách sạn (Quản trị khách sạn)
160215,TMU,quan-tri-khach-san,D07,Điểm thi THPT,2021,26.15,Quản trị khách sạn (Quản trị khách sạn)
160216,TMU,quan-tri-khach-san,A00,Điểm học bạ,2023,25.5,Quản trị khách sạn (CT Định hướng nghề nghiệp)
160217,TMU,quan-tri-khach-san,A01,Điểm học bạ,2023,25.5,Quản trị khách sạn (CT Định hướng nghề nghiệp)
160218,TMU,quan-tri-khach-san,D01,Điểm học bạ,2023,25.5,Quản trị khách sạn (CT Định hướng nghề nghiệp)
160219,TMU,quan-tri-khach-san,D07,Điểm học bạ,2023,25.5,Quản trị khách sạn (CT Định hướng nghề nghiệp)
160220,TMU,quan-tri-khach-san,A00,Điểm thi THPT,2023,24.5,Quản trị khách sạn (Quản trị khách sạn)
160221,TMU,quan-tri-khach-san,A01,Điểm thi THPT,2023,24.5,Quản trị khách sạn (Quản trị khách sạn)
160222,TMU,quan-tri-khach-san,D01,Điểm thi THPT,2023,24.5,Quản trị khách sạn (Quản trị khách sạn)
160223,TMU,quan-tri-khach-san,D07,Điểm thi THPT,2023,24.5,Quản trị khách sạn (Quản trị khách sạn)
160224,TMU,quan-tri-khach-san,A00,Điểm học bạ,2024,27.0,Quản trị khách sạn (Quản tri khách sạn -Chương trình định hướng nghề nghiệp)
160225,TMU,quan-tri-khach-san,A01,Điểm học bạ,2024,27.0,Quản trị khách sạn (Quản tri khách sạn -Chương trình định hướng nghề nghiệp)
160226,TMU,quan-tri-khach-san,D01,Điểm học bạ,2024,27.0,Quản trị khách sạn (Quản tri khách sạn -Chương trình định hướng nghề nghiệp)
160227,TMU,quan-tri-khach-san,D07,Điểm học bạ,2024,27.0,Quản trị khách sạn (Quản tri khách sạn -Chương trình định hướng nghề nghiệp)
160228,TMU,quan-tri-khach-san,A00,Điểm thi THPT,2024,25.5,Quản trị khách sạn (Quản trị khách sạn - Chương trình định hướng nghề nghiệp)
160229,TMU,quan-tri-khach-san,A01,Điểm thi THPT,2024,25.5,Quản trị khách sạn (Quản trị khách sạn - Chương trình định hướng nghề nghiệp)
160230,TMU,quan-tri-khach-san,D01,Điểm thi THPT,2024,25.5,Quản trị khách sạn (Quản trị khách sạn - Chương trình định hướng nghề nghiệp)
160231,TMU,quan-tri-khach-san,D07,Điểm thi THPT,2024,25.5,Quản trị khách sạn (Quản trị khách sạn - Chương trình định hướng nghề nghiệp)
160232,TMU,quan-tri-khach-san,A00,Điểm thi THPT,2025,25.4,Quản trị khách sạn (Quản trị khách sạn)
160233,TMU,quan-tri-khach-san,A01,Điểm thi THPT,2025,25.4,Quản trị khách sạn (Quản trị khách sạn)
160234,TMU,quan-tri-khach-san,D01,Điểm thi THPT,2025,25.4,Quản trị khách sạn (Quản trị khách sạn)
160235,TMU,quan-tri-khach-san,D07,Điểm thi THPT,2025,25.4,Quản trị khách sạn (Quản trị khách sạn)
160236,TMU,quan-tri-khach-san,D09,Điểm thi THPT,2025,25.1,Quản trị khách sạn (Quản trị khách sạn - Chương trình định hướng chuyên sâu nghề nghiệp quốc tế - IPOP)
160237,TMU,quan-tri-khach-san,D10,Điểm thi THPT,2025,25.1,Quản trị khách sạn (Quản trị khách sạn - Chương trình định hướng chuyên sâu nghề nghiệp quốc tế - IPOP)
160238,TMU,quan-tri-khach-san,X25,Điểm thi THPT,2025,25.1,Quản trị khách sạn (Quản trị khách sạn - Chương trình định hướng chuyên sâu nghề nghiệp quốc tế - IPOP)
160239,TMU,quan-tri-khach-san,X26,Điểm thi THPT,2025,25.1,Quản trị khách sạn (Quản trị khách sạn - Chương trình định hướng chuyên sâu nghề nghiệp quốc tế - IPOP)
160240,TMU,quan-tri-khach-san,X27,Điểm thi THPT,2025,25.1,Quản trị khách sạn (Quản trị khách sạn - Chương trình định hướng chuyên sâu nghề nghiệp quốc tế - IPOP)
160241,TMU,quan-tri-khach-san,X28,Điểm thi THPT,2025,25.1,Quản trị khách sạn (Quản trị khách sạn - Chương trình định hướng chuyên sâu nghề nghiệp quốc tế - IPOP)
160242,TMU,quan-tri-kinh-doanh,A00,Điểm thi THPT,2021,26.7,Quản trị kinh doanh (Quản trị kinh doanh)
160243,TMU,quan-tri-kinh-doanh,A01,Điểm thi THPT,2021,26.7,Quản trị kinh doanh (Quản trị kinh doanh)
160244,TMU,quan-tri-kinh-doanh,D01,Điểm thi THPT,2021,26.7,Quản trị kinh doanh (Quản trị kinh doanh)
160245,TMU,quan-tri-kinh-doanh,D03,Điểm thi THPT,2021,26.0,Quản trị kinh doanh (Tiếng Pháp thương mại)
160246,TMU,quan-tri-kinh-doanh,D04,Điểm thi THPT,2021,26.8,Quản trị kinh doanh (Tiếng Trung thương mại)
160247,TMU,quan-tri-kinh-doanh,D07,Điểm thi THPT,2021,26.7,Quản trị kinh doanh (Quản trị kinh doanh)
160248,TMU,quan-tri-kinh-doanh,A00,Điểm thi THPT,2022,26.35,Quản trị kinh doanh
160249,TMU,quan-tri-kinh-doanh,A01,Điểm thi THPT,2022,26.35,Quản trị kinh doanh
160250,TMU,quan-tri-kinh-doanh,D01,Điểm thi THPT,2022,26.35,Quản trị kinh doanh
160251,TMU,quan-tri-kinh-doanh,D07,Điểm thi THPT,2022,26.35,Quản trị kinh doanh
160252,TMU,quan-tri-kinh-doanh,A00,Điểm học bạ,2023,26.5,Quản trị kinh doanh
160253,TMU,quan-tri-kinh-doanh,A01,Điểm học bạ,2023,26.5,Quản trị kinh doanh
160254,TMU,quan-tri-kinh-doanh,D01,Điểm học bạ,2023,26.5,Quản trị kinh doanh
160255,TMU,quan-tri-kinh-doanh,D03,Điểm học bạ,2023,25.0,Quản trị kinh doanh
160256,TMU,quan-tri-kinh-doanh,D07,Điểm học bạ,2023,26.5,Quản trị kinh doanh
160257,TMU,quan-tri-kinh-doanh,A00,Điểm thi THPT,2023,26.5,Quản trị kinh doanh (Quản trị kinh doanh)
160258,TMU,quan-tri-kinh-doanh,A01,Điểm thi THPT,2023,26.5,Quản trị kinh doanh (Quản trị kinh doanh)
160259,TMU,quan-tri-kinh-doanh,D01,Điểm thi THPT,2023,26.5,Quản trị kinh doanh (Quản trị kinh doanh)
160260,TMU,quan-tri-kinh-doanh,D03,Điểm thi THPT,2023,24.5,Quản trị kinh doanh (Tiếng Pháp thương mại)
160261,TMU,quan-tri-kinh-doanh,D07,Điểm thi THPT,2023,26.5,Quản trị kinh doanh (Quản trị kinh doanh)
160262,TMU,quan-tri-kinh-doanh,A00,Điểm học bạ,2024,27.5,Quản trị kinh doanh (Quản trị kinh doanh)
160263,TMU,quan-tri-kinh-doanh,A01,Điểm học bạ,2024,27.5,Quản trị kinh doanh (Quản trị kinh doanh)
160264,TMU,quan-tri-kinh-doanh,D01,Điểm học bạ,2024,27.5,Quản trị kinh doanh (Quản trị kinh doanh)
160265,TMU,quan-tri-kinh-doanh,D03,Điểm học bạ,2024,27.0,Quản trị kinh doanh (Tiếng Pháp thương mại)
160266,TMU,quan-tri-kinh-doanh,D07,Điểm học bạ,2024,27.5,Quản trị kinh doanh (Quản trị kinh doanh)
160267,TMU,quan-tri-kinh-doanh,A00,Điểm thi THPT,2024,26.1,Quản trị kinh doanh (Quản trị kinh doanh)
160268,TMU,quan-tri-kinh-doanh,A01,Điểm thi THPT,2024,26.1,Quản trị kinh doanh (Quản trị kinh doanh)
160269,TMU,quan-tri-kinh-doanh,D01,Điểm thi THPT,2024,26.1,Quản trị kinh doanh (Quản trị kinh doanh)
160270,TMU,quan-tri-kinh-doanh,D03,Điểm thi THPT,2024,25.5,Quản trị kinh doanh (Tiếng Pháp thương mại)
160271,TMU,quan-tri-kinh-doanh,D07,Điểm thi THPT,2024,26.1,Quản trị kinh doanh (Quản trị kinh doanh)
160272,TMU,quan-tri-kinh-doanh,A00,Điểm thi THPT,2025,25.8,Quản trị kinh doanh (Quản trị kinh doanh)
160273,TMU,quan-tri-kinh-doanh,A01,Điểm thi THPT,2025,25.8,Quản trị kinh doanh (Quản trị kinh doanh)
160274,TMU,quan-tri-kinh-doanh,D01,Điểm thi THPT,2025,25.8,Quản trị kinh doanh (Quản trị kinh doanh)
160275,TMU,quan-tri-kinh-doanh,D03,Điểm thi THPT,2025,22.5,Quản trị kinh doanh (Tiếng Pháp thương mại)
160276,TMU,quan-tri-kinh-doanh,D07,Điểm thi THPT,2025,25.8,Quản trị kinh doanh (Quản trị kinh doanh)
160277,TMU,quan-tri-kinh-doanh,D09,Điểm thi THPT,2025,25.4,Quản trị kinh doanh (Quản trị kinh doanh - Chương trình định hướng chuyên sâu nghề nghiệp quốc tế - IPOP)
160278,TMU,quan-tri-kinh-doanh,D10,Điểm thi THPT,2025,25.4,Quản trị kinh doanh (Quản trị kinh doanh - Chương trình định hướng chuyên sâu nghề nghiệp quốc tế - IPOP)
160279,TMU,quan-tri-kinh-doanh,X25,Điểm thi THPT,2025,25.4,Quản trị kinh doanh (Quản trị kinh doanh - Chương trình định hướng chuyên sâu nghề nghiệp quốc tế - IPOP)
160280,TMU,quan-tri-kinh-doanh,X26,Điểm thi THPT,2025,25.4,Quản trị kinh doanh (Quản trị kinh doanh - Chương trình định hướng chuyên sâu nghề nghiệp quốc tế - IPOP)
160281,TMU,quan-tri-kinh-doanh,X27,Điểm thi THPT,2025,25.4,Quản trị kinh doanh (Quản trị kinh doanh - Chương trình định hướng chuyên sâu nghề nghiệp quốc tế - IPOP)
160282,TMU,quan-tri-kinh-doanh,X28,Điểm thi THPT,2025,25.4,Quản trị kinh doanh (Quản trị kinh doanh - Chương trình định hướng chuyên sâu nghề nghiệp quốc tế - IPOP)
160283,TMU,quan-tri-kinh-doanh-khoi-nghiep-chuong-trinh-dao-tao-song-bang-quoc-te,A01,Điểm thi THPT,2025,22.5,Quản trị kinh doanh (Quản trị kinh doanh) - Khởi nghiệp (Thành lập doanh nghiệp) - Chương trình đào tạo song bằng quốc tế
160284,TMU,quan-tri-kinh-doanh-khoi-nghiep-chuong-trinh-dao-tao-song-bang-quoc-te,D01,Điểm thi THPT,2025,22.5,Quản trị kinh doanh (Quản trị kinh doanh) - Khởi nghiệp (Thành lập doanh nghiệp) - Chương trình đào tạo song bằng quốc tế
160285,TMU,quan-tri-kinh-doanh-khoi-nghiep-chuong-trinh-dao-tao-song-bang-quoc-te,D07,Điểm thi THPT,2025,22.5,Quản trị kinh doanh (Quản trị kinh doanh) - Khởi nghiệp (Thành lập doanh nghiệp) - Chương trình đào tạo song bằng quốc tế
160286,TMU,quan-tri-kinh-doanh-khoi-nghiep-chuong-trinh-dao-tao-song-bang-quoc-te,D09,Điểm thi THPT,2025,22.5,Quản trị kinh doanh (Quản trị kinh doanh) - Khởi nghiệp (Thành lập doanh nghiệp) - Chương trình đào tạo song bằng quốc tế
160287,TMU,quan-tri-kinh-doanh-khoi-nghiep-chuong-trinh-dao-tao-song-bang-quoc-te,D10,Điểm thi THPT,2025,22.5,Quản trị kinh doanh (Quản trị kinh doanh) - Khởi nghiệp (Thành lập doanh nghiệp) - Chương trình đào tạo song bằng quốc tế
160288,TMU,quan-tri-kinh-doanh-khoi-nghiep-chuong-trinh-dao-tao-song-bang-quoc-te,X25,Điểm thi THPT,2025,22.5,Quản trị kinh doanh (Quản trị kinh doanh) - Khởi nghiệp (Thành lập doanh nghiệp) - Chương trình đào tạo song bằng quốc tế
160289,TMU,quan-tri-kinh-doanh-khoi-nghiep-chuong-trinh-dao-tao-song-bang-quoc-te,X26,Điểm thi THPT,2025,22.5,Quản trị kinh doanh (Quản trị kinh doanh) - Khởi nghiệp (Thành lập doanh nghiệp) - Chương trình đào tạo song bằng quốc tế
160290,TMU,quan-tri-kinh-doanh-khoi-nghiep-chuong-trinh-dao-tao-song-bang-quoc-te,X27,Điểm thi THPT,2025,22.5,Quản trị kinh doanh (Quản trị kinh doanh) - Khởi nghiệp (Thành lập doanh nghiệp) - Chương trình đào tạo song bằng quốc tế
160291,TMU,quan-tri-kinh-doanh-khoi-nghiep-chuong-trinh-dao-tao-song-bang-quoc-te,X28,Điểm thi THPT,2025,22.5,Quản trị kinh doanh (Quản trị kinh doanh) - Khởi nghiệp (Thành lập doanh nghiệp) - Chương trình đào tạo song bằng quốc tế
160292,TMU,quan-tri-nhan-luc,A00,Điểm thi THPT,2021,26.55,Quản trị nhân lực (Quản trị nhân lực doanh nghiệp)
160293,TMU,quan-tri-nhan-luc,A01,Điểm thi THPT,2021,26.55,Quản trị nhân lực (Quản trị nhân lực doanh nghiệp)
160294,TMU,quan-tri-nhan-luc,D01,Điểm thi THPT,2021,26.55,Quản trị nhân lực (Quản trị nhân lực doanh nghiệp)
160295,TMU,quan-tri-nhan-luc,D07,Điểm thi THPT,2021,26.55,Quản trị nhân lực (Quản trị nhân lực doanh nghiệp)
160296,TMU,quan-tri-nhan-luc,A00,Điểm học bạ,2023,26.5,Quản trị nhân lực (Quản trị nhân lực doanh nghiệp)
160297,TMU,quan-tri-nhan-luc,A01,Điểm học bạ,2023,26.5,Quản trị nhân lực (Quản trị nhân lực doanh nghiệp)
160298,TMU,quan-tri-nhan-luc,D01,Điểm học bạ,2023,26.5,Quản trị nhân lực (Quản trị nhân lực doanh nghiệp)
160299,TMU,quan-tri-nhan-luc,D07,Điểm học bạ,2023,26.5,Quản trị nhân lực (Quản trị nhân lực doanh nghiệp)
160300,TMU,quan-tri-nhan-luc,A00,Điểm thi THPT,2023,25.9,Quản trị nhân lực (Quản trị nhân lực doanh nghiệp)
160301,TMU,quan-tri-nhan-luc,A01,Điểm thi THPT,2023,25.9,Quản trị nhân lực (Quản trị nhân lực doanh nghiệp)
160302,TMU,quan-tri-nhan-luc,D01,Điểm thi THPT,2023,25.9,Quản trị nhân lực (Quản trị nhân lực doanh nghiệp)
160303,TMU,quan-tri-nhan-luc,D07,Điểm thi THPT,2023,25.9,Quản trị nhân lực (Quản trị nhân lực doanh nghiệp)
160304,TMU,quan-tri-nhan-luc,A00,Điểm học bạ,2024,27.5,Quản trị nhân lực (Quản trị nhân lực doanh nghiệp)
160305,TMU,quan-tri-nhan-luc,A01,Điểm học bạ,2024,27.5,Quản trị nhân lực (Quản trị nhân lực doanh nghiệp)
160306,TMU,quan-tri-nhan-luc,D01,Điểm học bạ,2024,27.5,Quản trị nhân lực (Quản trị nhân lực doanh nghiệp)
160307,TMU,quan-tri-nhan-luc,D07,Điểm học bạ,2024,27.5,Quản trị nhân lực (Quản trị nhân lực doanh nghiệp)
160308,TMU,quan-tri-nhan-luc,A00,Điểm thi THPT,2024,26.15,Quản trị nhân lực (Quản trị nhân lực doanh nghiệp)
160309,TMU,quan-tri-nhan-luc,A01,Điểm thi THPT,2024,26.15,Quản trị nhân lực (Quản trị nhân lực doanh nghiệp)
160310,TMU,quan-tri-nhan-luc,D01,Điểm thi THPT,2024,26.15,Quản trị nhân lực (Quản trị nhân lực doanh nghiệp)
160311,TMU,quan-tri-nhan-luc,D07,Điểm thi THPT,2024,26.15,Quản trị nhân lực (Quản trị nhân lực doanh nghiệp)
160312,TMU,quan-tri-nhan-luc,A00,Điểm thi THPT,2025,25.6,Quản trị nhân lực (Quản trị nhân lực doanh nghiệp)
160313,TMU,quan-tri-nhan-luc,A01,Điểm thi THPT,2025,25.6,Quản trị nhân lực (Quản trị nhân lực doanh nghiệp)
160314,TMU,quan-tri-nhan-luc,D01,Điểm thi THPT,2025,25.6,Quản trị nhân lực (Quản trị nhân lực doanh nghiệp)
160315,TMU,quan-tri-nhan-luc,D07,Điểm thi THPT,2025,25.6,Quản trị nhân lực (Quản trị nhân lực doanh nghiệp)
160316,TMU,quan-tri-nhan-luc,D09,Điểm thi THPT,2025,24.8,Quản trị nhân lực (Quản trị nhân lực doanh nghiệp - Chương trình định hướng chuyên sâu nghề nghiệp quốc tế - IPOP)
160317,TMU,quan-tri-nhan-luc,D10,Điểm thi THPT,2025,24.8,Quản trị nhân lực (Quản trị nhân lực doanh nghiệp - Chương trình định hướng chuyên sâu nghề nghiệp quốc tế - IPOP)
160318,TMU,quan-tri-nhan-luc,X25,Điểm thi THPT,2025,24.8,Quản trị nhân lực (Quản trị nhân lực doanh nghiệp - Chương trình định hướng chuyên sâu nghề nghiệp quốc tế - IPOP)
160319,TMU,quan-tri-nhan-luc,X26,Điểm thi THPT,2025,24.8,Quản trị nhân lực (Quản trị nhân lực doanh nghiệp - Chương trình định hướng chuyên sâu nghề nghiệp quốc tế - IPOP)
160320,TMU,quan-tri-nhan-luc,X27,Điểm thi THPT,2025,24.8,Quản trị nhân lực (Quản trị nhân lực doanh nghiệp - Chương trình định hướng chuyên sâu nghề nghiệp quốc tế - IPOP)
160321,TMU,quan-tri-nhan-luc,X28,Điểm thi THPT,2025,24.8,Quản trị nhân lực (Quản trị nhân lực doanh nghiệp - Chương trình định hướng chuyên sâu nghề nghiệp quốc tế - IPOP)
160322,TMU,quan-tri-nhan-luc-doanh-nghiep,A00,Điểm thi THPT,2022,26.2,Quản trị nhân lực doanh nghiệp
160323,TMU,quan-tri-nhan-luc-doanh-nghiep,A01,Điểm thi THPT,2022,26.2,Quản trị nhân lực doanh nghiệp
160324,TMU,quan-tri-nhan-luc-doanh-nghiep,D01,Điểm thi THPT,2022,26.2,Quản trị nhân lực doanh nghiệp
160325,TMU,quan-tri-nhan-luc-doanh-nghiep,D07,Điểm thi THPT,2022,26.2,Quản trị nhân lực doanh nghiệp
160326,TMU,quan-tri-thuong-hieu,A00,Điểm thi THPT,2022,26.7,Quản trị thương hiệu
160327,TMU,quan-tri-thuong-hieu,A01,Điểm thi THPT,2022,26.7,Quản trị thương hiệu
160328,TMU,quan-tri-thuong-hieu,D01,Điểm thi THPT,2022,26.7,Quản trị thương hiệu
160329,TMU,quan-tri-thuong-hieu,D07,Điểm thi THPT,2022,26.7,Quản trị thương hiệu
160330,TMU,quan-tri-thuong-mai-dien-tu,A00,Điểm thi THPT,2022,27.0,Quản trị thương mại điện tử
160331,TMU,quan-tri-thuong-mai-dien-tu,A01,Điểm thi THPT,2022,27.0,Quản trị thương mại điện tử
160332,TMU,quan-tri-thuong-mai-dien-tu,D01,Điểm thi THPT,2022,27.0,Quản trị thương mại điện tử
160333,TMU,quan-tri-thuong-mai-dien-tu,D07,Điểm thi THPT,2022,27.0,Quản trị thương mại điện tử
160334,TMU,tai-chinh-cong,A00,Điểm thi THPT,2022,25.8,Tài chính công
160335,TMU,tai-chinh-cong,A01,Điểm thi THPT,2022,25.8,Tài chính công
160336,TMU,tai-chinh-cong,D01,Điểm thi THPT,2022,25.8,Tài chính công
160337,TMU,tai-chinh-cong,D07,Điểm thi THPT,2022,25.8,Tài chính công
160338,TMU,tai-chinh-ngan-hang,A00,Điểm thi THPT,2021,26.35,Tài chính - Ngân hàng (Tài chính – Ngân hàng thương mại)
160339,TMU,tai-chinh-ngan-hang,A01,Điểm thi THPT,2021,26.35,Tài chính - Ngân hàng (Tài chính – Ngân hàng thương mại)
160340,TMU,tai-chinh-ngan-hang,D01,Điểm thi THPT,2021,26.35,Tài chính - Ngân hàng (Tài chính – Ngân hàng thương mại)
160341,TMU,tai-chinh-ngan-hang,D07,Điểm thi THPT,2021,26.35,Tài chính - Ngân hàng (Tài chính – Ngân hàng thương mại)
160342,TMU,tai-chinh-ngan-hang,A00,Điểm học bạ,2023,26.5,Tài chính ngân hàng (Tài chính - ngân hàng thương mại)
160343,TMU,tai-chinh-ngan-hang,A01,Điểm học bạ,2023,26.5,Tài chính ngân hàng (Tài chính - ngân hàng thương mại)
160344,TMU,tai-chinh-ngan-hang,D01,Điểm học bạ,2023,26.5,Tài chính ngân hàng (Tài chính - ngân hàng thương mại)
160345,TMU,tai-chinh-ngan-hang,D07,Điểm học bạ,2023,26.5,Tài chính ngân hàng (Tài chính - ngân hàng thương mại)
160346,TMU,tai-chinh-ngan-hang,A00,Điểm thi THPT,2023,25.9,Tài chính - Ngân hàng (Tài chính - Ngân hàng thương mại)
160347,TMU,tai-chinh-ngan-hang,A01,Điểm thi THPT,2023,25.9,Tài chính - Ngân hàng (Tài chính - Ngân hàng thương mại)
160348,TMU,tai-chinh-ngan-hang,D01,Điểm thi THPT,2023,25.9,Tài chính - Ngân hàng (Tài chính - Ngân hàng thương mại)
160349,TMU,tai-chinh-ngan-hang,D07,Điểm thi THPT,2023,25.9,Tài chính - Ngân hàng (Tài chính - Ngân hàng thương mại)
160350,TMU,tai-chinh-ngan-hang,A00,Điểm học bạ,2024,28.5,Tài chính - Ngân hàng (Tài chính - Ngân hàng thương mại)
160351,TMU,tai-chinh-ngan-hang,A01,Điểm học bạ,2024,28.5,Tài chính - Ngân hàng (Tài chính - Ngân hàng thương mại)
160352,TMU,tai-chinh-ngan-hang,D01,Điểm học bạ,2024,28.5,Tài chính - Ngân hàng (Tài chính - Ngân hàng thương mại)
160353,TMU,tai-chinh-ngan-hang,D07,Điểm học bạ,2024,28.5,Tài chính - Ngân hàng (Tài chính - Ngân hàng thương mại)
160354,TMU,tai-chinh-ngan-hang,A00,Điểm thi THPT,2024,26.15,Tài chính - Ngân hàng (Tài chính - Ngân hàng thương mại)
160355,TMU,tai-chinh-ngan-hang,A01,Điểm thi THPT,2024,26.15,Tài chính - Ngân hàng (Tài chính - Ngân hàng thương mại)
160356,TMU,tai-chinh-ngan-hang,D01,Điểm thi THPT,2024,26.15,Tài chính - Ngân hàng (Tài chính - Ngân hàng thương mại)
160357,TMU,tai-chinh-ngan-hang,D07,Điểm thi THPT,2024,26.15,Tài chính - Ngân hàng (Tài chính - Ngân hàng thương mại)
160358,TMU,tai-chinh-ngan-hang,A00,Điểm thi THPT,2025,26.1,Tài chính - Ngân hàng (Tài chính - Ngân hàng thương mại)
160359,TMU,tai-chinh-ngan-hang,A01,Điểm thi THPT,2025,26.1,Tài chính - Ngân hàng (Tài chính - Ngân hàng thương mại)
160360,TMU,tai-chinh-ngan-hang,D01,Điểm thi THPT,2025,26.1,Tài chính - Ngân hàng (Tài chính - Ngân hàng thương mại)
160361,TMU,tai-chinh-ngan-hang,D07,Điểm thi THPT,2025,26.1,Tài chính - Ngân hàng (Tài chính - Ngân hàng thương mại)
160362,TMU,tai-chinh-ngan-hang,D09,Điểm thi THPT,2025,25.4,Tài chính - Ngân hàng (Tài chính - Ngân hàng thương mại - Chương trình định hướng chuyên sâu nghề nghiệp quốc tế - IPOP)
160363,TMU,tai-chinh-ngan-hang,D10,Điểm thi THPT,2025,25.4,Tài chính - Ngân hàng (Tài chính - Ngân hàng thương mại - Chương trình định hướng chuyên sâu nghề nghiệp quốc tế - IPOP)
160364,TMU,tai-chinh-ngan-hang,X25,Điểm thi THPT,2025,25.4,Tài chính - Ngân hàng (Tài chính - Ngân hàng thương mại - Chương trình định hướng chuyên sâu nghề nghiệp quốc tế - IPOP)
160365,TMU,tai-chinh-ngan-hang,X26,Điểm thi THPT,2025,25.4,Tài chính - Ngân hàng (Tài chính - Ngân hàng thương mại - Chương trình định hướng chuyên sâu nghề nghiệp quốc tế - IPOP)
160366,TMU,tai-chinh-ngan-hang,X27,Điểm thi THPT,2025,25.4,Tài chính - Ngân hàng (Tài chính - Ngân hàng thương mại - Chương trình định hướng chuyên sâu nghề nghiệp quốc tế - IPOP)
160367,TMU,tai-chinh-ngan-hang,X28,Điểm thi THPT,2025,25.4,Tài chính - Ngân hàng (Tài chính - Ngân hàng thương mại - Chương trình định hướng chuyên sâu nghề nghiệp quốc tế - IPOP)
160368,TMU,tai-chinh-ngan-hang-thuong-mai,A00,Điểm thi THPT,2022,25.9,Tài chính - Ngân hàng thương mại
160369,TMU,tai-chinh-ngan-hang-thuong-mai,A01,Điểm thi THPT,2022,25.9,Tài chính - Ngân hàng thương mại
160370,TMU,tai-chinh-ngan-hang-thuong-mai,D01,Điểm thi THPT,2022,25.9,Tài chính - Ngân hàng thương mại
160371,TMU,tai-chinh-ngan-hang-thuong-mai,D07,Điểm thi THPT,2022,25.9,Tài chính - Ngân hàng thương mại
160372,TMU,thuong-mai-dien-tu,A00,Điểm thi THPT,2021,27.1,Thương mại điện tử (Quản trị Thương mại điện tử)
160373,TMU,thuong-mai-dien-tu,A01,Điểm thi THPT,2021,27.1,Thương mại điện tử (Quản trị Thương mại điện tử)
160374,TMU,thuong-mai-dien-tu,D01,Điểm thi THPT,2021,27.1,Thương mại điện tử (Quản trị Thương mại điện tử)
160375,TMU,thuong-mai-dien-tu,D07,Điểm thi THPT,2021,27.1,Thương mại điện tử (Quản trị Thương mại điện tử)
160376,TMU,thuong-mai-dien-tu,A00,Điểm học bạ,2023,27.0,Thương mại điện tử (Quản trị thương mại điện tử)
160377,TMU,thuong-mai-dien-tu,A01,Điểm học bạ,2023,27.0,Thương mại điện tử (Quản trị thương mại điện tử)
160378,TMU,thuong-mai-dien-tu,D01,Điểm học bạ,2023,27.0,Thương mại điện tử (Quản trị thương mại điện tử)
160379,TMU,thuong-mai-dien-tu,D07,Điểm học bạ,2023,27.0,Thương mại điện tử (Quản trị thương mại điện tử)
160380,TMU,thuong-mai-dien-tu,A00,Điểm thi THPT,2023,26.7,Thương mại điện tử (Quản trị Thương mại điện tử )
160381,TMU,thuong-mai-dien-tu,A01,Điểm thi THPT,2023,26.7,Thương mại điện tử (Quản trị Thương mại điện tử )
160382,TMU,thuong-mai-dien-tu,D01,Điểm thi THPT,2023,26.7,Thương mại điện tử (Quản trị Thương mại điện tử )
160383,TMU,thuong-mai-dien-tu,D07,Điểm thi THPT,2023,26.7,Thương mại điện tử (Quản trị Thương mại điện tử )
160384,TMU,thuong-mai-dien-tu,A00,Điểm học bạ,2024,29.0,Thương mại điện tử (Quản trị thương mại điện tử)
160385,TMU,thuong-mai-dien-tu,A01,Điểm học bạ,2024,29.0,Thương mại điện tử (Quản trị thương mại điện tử)
160386,TMU,thuong-mai-dien-tu,D01,Điểm học bạ,2024,29.0,Thương mại điện tử (Quản trị thương mại điện tử)
160387,TMU,thuong-mai-dien-tu,D07,Điểm học bạ,2024,29.0,Thương mại điện tử (Quản trị thương mại điện tử)
160388,TMU,thuong-mai-dien-tu,A00,Điểm thi THPT,2024,27.0,Thương mại điện từ (Quản trị Thương mại điện tử)
160389,TMU,thuong-mai-dien-tu,A01,Điểm thi THPT,2024,27.0,Thương mại điện từ (Quản trị Thương mại điện tử)
160390,TMU,thuong-mai-dien-tu,D01,Điểm thi THPT,2024,27.0,Thương mại điện từ (Quản trị Thương mại điện tử)
160391,TMU,thuong-mai-dien-tu,D07,Điểm thi THPT,2024,27.0,Thương mại điện từ (Quản trị Thương mại điện tử)
160392,TMU,thuong-mai-dien-tu,A00,Điểm thi THPT,2025,27.6,Thương mại điện tử (Quản trị thương mại điện tử)
160393,TMU,thuong-mai-dien-tu,A01,Điểm thi THPT,2025,27.6,Thương mại điện tử (Quản trị thương mại điện tử)
160394,TMU,thuong-mai-dien-tu,D01,Điểm thi THPT,2025,27.6,Thương mại điện tử (Quản trị thương mại điện tử)
160395,TMU,thuong-mai-dien-tu,D07,Điểm thi THPT,2025,27.6,Thương mại điện tử (Quản trị thương mại điện tử)
160396,TMU,thuong-mai-dien-tu,D09,Điểm thi THPT,2025,26.5,Thương mại điện tử (Thương mại điện tử - Chương trình định hướng chuyên sâu nghề nghiệp quốc tế - IPOP)
160397,TMU,thuong-mai-dien-tu,D10,Điểm thi THPT,2025,26.5,Thương mại điện tử (Thương mại điện tử - Chương trình định hướng chuyên sâu nghề nghiệp quốc tế - IPOP)
160398,TMU,thuong-mai-dien-tu,X25,Điểm thi THPT,2025,26.5,Thương mại điện tử (Thương mại điện tử - Chương trình định hướng chuyên sâu nghề nghiệp quốc tế - IPOP)
160399,TMU,thuong-mai-dien-tu,X26,Điểm thi THPT,2025,26.5,Thương mại điện tử (Thương mại điện tử - Chương trình định hướng chuyên sâu nghề nghiệp quốc tế - IPOP)
160400,TMU,thuong-mai-dien-tu,X27,Điểm thi THPT,2025,26.5,Thương mại điện tử (Thương mại điện tử - Chương trình định hướng chuyên sâu nghề nghiệp quốc tế - IPOP)
160401,TMU,thuong-mai-dien-tu,X28,Điểm thi THPT,2025,26.5,Thương mại điện tử (Thương mại điện tử - Chương trình định hướng chuyên sâu nghề nghiệp quốc tế - IPOP)
160402,TMU,thuong-mai-quoc-te,A00,Điểm thi THPT,2022,26.6,Thương mại quốc tế
160403,TMU,thuong-mai-quoc-te,A01,Điểm thi THPT,2022,26.6,Thương mại quốc tế
160404,TMU,thuong-mai-quoc-te,D01,Điểm thi THPT,2022,26.6,Thương mại quốc tế
160405,TMU,thuong-mai-quoc-te,D07,Điểm thi THPT,2022,26.6,Thương mại quốc tế
160406,TMU,tieng-anh-thuong-mai,A01,Điểm thi THPT,2022,26.05,Tiếng Anh thương mại
160407,TMU,tieng-anh-thuong-mai,D01,Điểm thi THPT,2022,26.05,Tiếng Anh thương mại
160408,TMU,tieng-anh-thuong-mai,D07,Điểm thi THPT,2022,26.05,Tiếng Anh thương mại
160409,TMU,tieng-phap-thuong-mai,A00,Điểm thi THPT,2022,25.8,Tiếng Pháp thương mại
160410,TMU,tieng-phap-thuong-mai,A01,Điểm thi THPT,2022,25.8,Tiếng Pháp thương mại
160411,TMU,tieng-phap-thuong-mai,D01,Điểm thi THPT,2022,25.8,Tiếng Pháp thương mại
160412,TMU,tieng-phap-thuong-mai,D03,Điểm thi THPT,2022,25.8,Tiếng Pháp thương mại
160413,TMU,tieng-trung-thuong-mai,A00,Điểm thi THPT,2022,26.0,Tiếng Trung thương mại
160414,TMU,tieng-trung-thuong-mai,A01,Điểm thi THPT,2022,26.0,Tiếng Trung thương mại
160415,TMU,tieng-trung-thuong-mai,D01,Điểm thi THPT,2022,26.0,Tiếng Trung thương mại
160416,TMU,tieng-trung-thuong-mai,D04,Điểm thi THPT,2022,26.0,Tiếng Trung thương mại
160417,TQU,chan-nuoi,A00,Điểm học bạ,2021,15.0,Chăn nuôi
160418,TQU,chan-nuoi,A01,Điểm học bạ,2021,15.0,Chăn nuôi
160419,TQU,chan-nuoi,B00,Điểm học bạ,2021,15.0,Chăn nuôi
160420,TQU,chan-nuoi,A00,Điểm thi THPT,2021,15.0,Chăn nuôi
160421,TQU,chan-nuoi,A01,Điểm thi THPT,2021,15.0,Chăn nuôi
160422,TQU,chan-nuoi,B00,Điểm thi THPT,2021,15.0,Chăn nuôi
160423,TQU,chan-nuoi,A00,Điểm học bạ,2022,16.0,Chăn nuôi
160424,TQU,chan-nuoi,A01,Điểm học bạ,2022,16.0,Chăn nuôi
160425,TQU,chan-nuoi,B00,Điểm học bạ,2022,16.0,Chăn nuôi
160426,TQU,chan-nuoi,A00,Điểm thi THPT,2022,15.0,Chăn nuôi
160427,TQU,chan-nuoi,A01,Điểm thi THPT,2022,15.0,Chăn nuôi
160428,TQU,chan-nuoi,B00,Điểm thi THPT,2022,15.0,Chăn nuôi
160429,TQU,chinh-tri-hoc,C00,Điểm học bạ,2021,15.0,Chính trị học
160430,TQU,chinh-tri-hoc,C19,Điểm học bạ,2021,15.0,Chính trị học
160431,TQU,chinh-tri-hoc,C20,Điểm học bạ,2021,15.0,Chính trị học
160432,TQU,chinh-tri-hoc,D01,Điểm học bạ,2021,15.0,Chính trị học
160433,TQU,chinh-tri-hoc,C00,Điểm thi THPT,2021,15.0,Chính trị học
160434,TQU,chinh-tri-hoc,C19,Điểm thi THPT,2021,15.0,Chính trị học
160435,TQU,chinh-tri-hoc,C20,Điểm thi THPT,2021,15.0,Chính trị học
160436,TQU,chinh-tri-hoc,D01,Điểm thi THPT,2021,15.0,Chính trị học
160437,TQU,chinh-tri-hoc,C00,Điểm học bạ,2022,16.0,Chính trị học
160438,TQU,chinh-tri-hoc,C19,Điểm học bạ,2022,16.0,Chính trị học
160439,TQU,chinh-tri-hoc,C20,Điểm học bạ,2022,16.0,Chính trị học
160440,TQU,chinh-tri-hoc,D01,Điểm học bạ,2022,16.0,Chính trị học
160441,TQU,chinh-tri-hoc,C00,Điểm thi THPT,2022,15.0,Chính trị học
160442,TQU,chinh-tri-hoc,C19,Điểm thi THPT,2022,15.0,Chính trị học
160443,TQU,chinh-tri-hoc,C20,Điểm thi THPT,2022,15.0,Chính trị học
160444,TQU,chinh-tri-hoc,D01,Điểm thi THPT,2022,15.0,Chính trị học
160445,TQU,chinh-tri-hoc,C00,Điểm học bạ,2025,19.6,Chính trị học
160446,TQU,chinh-tri-hoc,C03,Điểm học bạ,2025,19.6,Chính trị học
160447,TQU,chinh-tri-hoc,C04,Điểm học bạ,2025,19.6,Chính trị học
160448,TQU,chinh-tri-hoc,C19,Điểm học bạ,2025,19.6,Chính trị học
160449,TQU,chinh-tri-hoc,D01,Điểm học bạ,2025,19.6,Chính trị học
160450,TQU,chinh-tri-hoc,D14,Điểm học bạ,2025,19.6,Chính trị học
160451,TQU,chinh-tri-hoc,D15,Điểm học bạ,2025,19.6,Chính trị học
160452,TQU,chinh-tri-hoc,X01,Điểm học bạ,2025,19.6,Chính trị học
160453,TQU,chinh-tri-hoc,X70,Điểm học bạ,2025,19.6,Chính trị học
160454,TQU,chinh-tri-hoc,X74,Điểm học bạ,2025,19.6,Chính trị học
160455,TQU,chinh-tri-hoc,C00,Điểm thi THPT,2025,19.6,Chính trị học
160456,TQU,chinh-tri-hoc,C03,Điểm thi THPT,2025,19.6,Chính trị học
160457,TQU,chinh-tri-hoc,C04,Điểm thi THPT,2025,19.6,Chính trị học
160458,TQU,chinh-tri-hoc,C19,Điểm thi THPT,2025,19.6,Chính trị học
160459,TQU,chinh-tri-hoc,D01,Điểm thi THPT,2025,19.6,Chính trị học
160460,TQU,chinh-tri-hoc,D14,Điểm thi THPT,2025,19.6,Chính trị học
160461,TQU,chinh-tri-hoc,D15,Điểm thi THPT,2025,19.6,Chính trị học
160462,TQU,chinh-tri-hoc,X01,Điểm thi THPT,2025,19.6,Chính trị học
160463,TQU,chinh-tri-hoc,X70,Điểm thi THPT,2025,19.6,Chính trị học
160464,TQU,chinh-tri-hoc,X74,Điểm thi THPT,2025,19.6,Chính trị học
160465,TQU,cong-nghe-thong-tin,A00,Điểm học bạ,2021,15.0,Công nghệ thông tin
160466,TQU,cong-nghe-thong-tin,A01,Điểm học bạ,2021,15.0,Công nghệ thông tin
160467,TQU,cong-nghe-thong-tin,B00,Điểm học bạ,2021,15.0,Công nghệ thông tin
160468,TQU,cong-nghe-thong-tin,D07,Điểm học bạ,2021,15.0,Công nghệ thông tin
160469,TQU,cong-nghe-thong-tin,A00,Điểm thi THPT,2021,15.0,Công nghệ thông tin
160470,TQU,cong-nghe-thong-tin,A01,Điểm thi THPT,2021,15.0,Công nghệ thông tin
160471,TQU,cong-nghe-thong-tin,B00,Điểm thi THPT,2021,15.0,Công nghệ thông tin
160472,TQU,cong-nghe-thong-tin,D07,Điểm thi THPT,2021,15.0,Công nghệ thông tin
160473,TQU,cong-nghe-thong-tin,A00,Điểm học bạ,2022,16.0,Công nghệ thông tin
160474,TQU,cong-nghe-thong-tin,A01,Điểm học bạ,2022,16.0,Công nghệ thông tin
160475,TQU,cong-nghe-thong-tin,B00,Điểm học bạ,2022,16.0,Công nghệ thông tin
160476,TQU,cong-nghe-thong-tin,D07,Điểm học bạ,2022,16.0,Công nghệ thông tin
160477,TQU,cong-nghe-thong-tin,A00,Điểm thi THPT,2022,15.0,Công nghệ thông tin
160478,TQU,cong-nghe-thong-tin,A01,Điểm thi THPT,2022,15.0,Công nghệ thông tin
160479,TQU,cong-nghe-thong-tin,B00,Điểm thi THPT,2022,15.0,Công nghệ thông tin
160480,TQU,cong-nghe-thong-tin,D07,Điểm thi THPT,2022,15.0,Công nghệ thông tin
160481,TQU,cong-nghe-thong-tin,A00,Điểm học bạ,2023,16.0,Công nghệ thông tin
160482,TQU,cong-nghe-thong-tin,A01,Điểm học bạ,2023,16.0,Công nghệ thông tin
160483,TQU,cong-nghe-thong-tin,B00,Điểm học bạ,2023,16.0,Công nghệ thông tin
160484,TQU,cong-nghe-thong-tin,D07,Điểm học bạ,2023,16.0,Công nghệ thông tin
160485,TQU,cong-nghe-thong-tin,A00,Điểm thi THPT,2023,15.0,Công nghệ thông tin
160486,TQU,cong-nghe-thong-tin,A01,Điểm thi THPT,2023,15.0,Công nghệ thông tin
160487,TQU,cong-nghe-thong-tin,B00,Điểm thi THPT,2023,15.0,Công nghệ thông tin
160488,TQU,cong-nghe-thong-tin,D07,Điểm thi THPT,2023,15.0,Công nghệ thông tin
160489,TQU,cong-nghe-thong-tin,A00,Điểm học bạ,2024,21.6,Công nghệ thông tin
160490,TQU,cong-nghe-thong-tin,A01,Điểm học bạ,2024,21.6,Công nghệ thông tin
160491,TQU,cong-nghe-thong-tin,B00,Điểm học bạ,2024,21.6,Công nghệ thông tin
160492,TQU,cong-nghe-thong-tin,D07,Điểm học bạ,2024,21.6,Công nghệ thông tin
160493,TQU,cong-nghe-thong-tin,A00,Điểm thi THPT,2024,16.0,Công nghệ thông tin
160494,TQU,cong-nghe-thong-tin,A01,Điểm thi THPT,2024,16.0,Công nghệ thông tin
160495,TQU,cong-nghe-thong-tin,B00,Điểm thi THPT,2024,16.0,Công nghệ thông tin
160496,TQU,cong-nghe-thong-tin,D07,Điểm thi THPT,2024,16.0,Công nghệ thông tin
160497,TQU,cong-nghe-thong-tin,A00,Điểm học bạ,2025,16.0,Công nghệ thông tin
160498,TQU,cong-nghe-thong-tin,A01,Điểm học bạ,2025,16.0,Công nghệ thông tin
160499,TQU,cong-nghe-thong-tin,B00,Điểm học bạ,2025,16.0,Công nghệ thông tin
160500,TQU,cong-nghe-thong-tin,D01,Điểm học bạ,2025,16.0,Công nghệ thông tin
160501,TQU,cong-nghe-thong-tin,D07,Điểm học bạ,2025,16.0,Công nghệ thông tin
160502,TQU,cong-nghe-thong-tin,X02,Điểm học bạ,2025,16.0,Công nghệ thông tin
160503,TQU,cong-nghe-thong-tin,X25,Điểm học bạ,2025,16.0,Công nghệ thông tin
160504,TQU,cong-nghe-thong-tin,X26,Điểm học bạ,2025,16.0,Công nghệ thông tin
160505,TQU,cong-nghe-thong-tin,A00,Điểm thi THPT,2025,16.0,Công nghệ thông tin
160506,TQU,cong-nghe-thong-tin,A01,Điểm thi THPT,2025,16.0,Công nghệ thông tin
160507,TQU,cong-nghe-thong-tin,B00,Điểm thi THPT,2025,16.0,Công nghệ thông tin
160508,TQU,cong-nghe-thong-tin,D01,Điểm thi THPT,2025,16.0,Công nghệ thông tin
160509,TQU,cong-nghe-thong-tin,D07,Điểm thi THPT,2025,16.0,Công nghệ thông tin
160510,TQU,cong-nghe-thong-tin,X02,Điểm thi THPT,2025,16.0,Công nghệ thông tin
160511,TQU,cong-nghe-thong-tin,X25,Điểm thi THPT,2025,16.0,Công nghệ thông tin
160512,TQU,cong-nghe-thong-tin,X26,Điểm thi THPT,2025,16.0,Công nghệ thông tin
160513,TQU,cong-tac-xa-hoi,C00,Điểm học bạ,2021,15.0,Công tác xã hội
160514,TQU,cong-tac-xa-hoi,C19,Điểm học bạ,2021,15.0,Công tác xã hội
160515,TQU,cong-tac-xa-hoi,C20,Điểm học bạ,2021,15.0,Công tác xã hội
160516,TQU,cong-tac-xa-hoi,D01,Điểm học bạ,2021,15.0,Công tác xã hội
160517,TQU,cong-tac-xa-hoi,C00,Điểm thi THPT,2021,15.0,Công tác xã hội
160518,TQU,cong-tac-xa-hoi,C19,Điểm thi THPT,2021,15.0,Công tác xã hội
160519,TQU,cong-tac-xa-hoi,C20,Điểm thi THPT,2021,15.0,Công tác xã hội
160520,TQU,cong-tac-xa-hoi,D01,Điểm thi THPT,2021,15.0,Công tác xã hội
160521,TQU,cong-tac-xa-hoi,C00,Điểm học bạ,2022,16.0,Công tác xã hội
160522,TQU,cong-tac-xa-hoi,C19,Điểm học bạ,2022,16.0,Công tác xã hội
160523,TQU,cong-tac-xa-hoi,C20,Điểm học bạ,2022,16.0,Công tác xã hội
160524,TQU,cong-tac-xa-hoi,D01,Điểm học bạ,2022,16.0,Công tác xã hội
160525,TQU,cong-tac-xa-hoi,C00,Điểm thi THPT,2022,15.0,Công tác xã hội
160526,TQU,cong-tac-xa-hoi,C19,Điểm thi THPT,2022,15.0,Công tác xã hội
160527,TQU,cong-tac-xa-hoi,C20,Điểm thi THPT,2022,15.0,Công tác xã hội
160528,TQU,cong-tac-xa-hoi,D01,Điểm thi THPT,2022,15.0,Công tác xã hội
160529,TQU,cong-tac-xa-hoi,C00,Điểm học bạ,2023,16.0,Công tác xã hội
160530,TQU,cong-tac-xa-hoi,C19,Điểm học bạ,2023,16.0,Công tác xã hội
160531,TQU,cong-tac-xa-hoi,C20,Điểm học bạ,2023,16.0,Công tác xã hội
160532,TQU,cong-tac-xa-hoi,D01,Điểm học bạ,2023,16.0,Công tác xã hội
160533,TQU,cong-tac-xa-hoi,C00,Điểm thi THPT,2023,15.0,Công tác xã hội
160534,TQU,cong-tac-xa-hoi,C19,Điểm thi THPT,2023,15.0,Công tác xã hội
160535,TQU,cong-tac-xa-hoi,C20,Điểm thi THPT,2023,15.0,Công tác xã hội
160536,TQU,cong-tac-xa-hoi,D01,Điểm thi THPT,2023,15.0,Công tác xã hội
160537,TQU,cong-tac-xa-hoi,C00,Điểm học bạ,2024,19.9,Công tác xã hội
160538,TQU,cong-tac-xa-hoi,C19,Điểm học bạ,2024,19.9,Công tác xã hội
160539,TQU,cong-tac-xa-hoi,C20,Điểm học bạ,2024,19.9,Công tác xã hội
160540,TQU,cong-tac-xa-hoi,D01,Điểm học bạ,2024,19.9,Công tác xã hội
160541,TQU,cong-tac-xa-hoi,C00,Điểm thi THPT,2024,23.5,Công tác xã hội
160542,TQU,cong-tac-xa-hoi,C19,Điểm thi THPT,2024,23.5,Công tác xã hội
160543,TQU,cong-tac-xa-hoi,C20,Điểm thi THPT,2024,23.5,Công tác xã hội
160544,TQU,cong-tac-xa-hoi,D01,Điểm thi THPT,2024,23.5,Công tác xã hội
160545,TQU,cong-tac-xa-hoi,C00,Điểm học bạ,2025,21.6,Công tác xã hội
160546,TQU,cong-tac-xa-hoi,C03,Điểm học bạ,2025,21.6,Công tác xã hội
160547,TQU,cong-tac-xa-hoi,C04,Điểm học bạ,2025,21.6,Công tác xã hội
160548,TQU,cong-tac-xa-hoi,C19,Điểm học bạ,2025,21.6,Công tác xã hội
160549,TQU,cong-tac-xa-hoi,D01,Điểm học bạ,2025,21.6,Công tác xã hội
160550,TQU,cong-tac-xa-hoi,D14,Điểm học bạ,2025,21.6,Công tác xã hội
160551,TQU,cong-tac-xa-hoi,D15,Điểm học bạ,2025,21.6,Công tác xã hội
160552,TQU,cong-tac-xa-hoi,X01,Điểm học bạ,2025,21.6,Công tác xã hội
160553,TQU,cong-tac-xa-hoi,X70,Điểm học bạ,2025,21.6,Công tác xã hội
160554,TQU,cong-tac-xa-hoi,X74,Điểm học bạ,2025,21.6,Công tác xã hội
160555,TQU,cong-tac-xa-hoi,C00,Điểm thi THPT,2025,21.6,Công tác xã hội
160556,TQU,cong-tac-xa-hoi,C03,Điểm thi THPT,2025,21.6,Công tác xã hội
160557,TQU,cong-tac-xa-hoi,C04,Điểm thi THPT,2025,21.6,Công tác xã hội
160558,TQU,cong-tac-xa-hoi,C19,Điểm thi THPT,2025,21.6,Công tác xã hội
160559,TQU,cong-tac-xa-hoi,D01,Điểm thi THPT,2025,21.6,Công tác xã hội
160560,TQU,cong-tac-xa-hoi,D14,Điểm thi THPT,2025,21.6,Công tác xã hội
160561,TQU,cong-tac-xa-hoi,D15,Điểm thi THPT,2025,21.6,Công tác xã hội
160562,TQU,cong-tac-xa-hoi,X01,Điểm thi THPT,2025,21.6,Công tác xã hội
160563,TQU,cong-tac-xa-hoi,X70,Điểm thi THPT,2025,21.6,Công tác xã hội
160564,TQU,cong-tac-xa-hoi,X74,Điểm thi THPT,2025,21.6,Công tác xã hội
160565,TQU,dieu-duong,B00,Điểm học bạ,2021,22.33,Điều dưỡng
160566,TQU,dieu-duong,B03,Điểm học bạ,2021,22.33,Điều dưỡng
160567,TQU,dieu-duong,C08,Điểm học bạ,2021,22.33,Điều dưỡng
160568,TQU,dieu-duong,D07,Điểm học bạ,2021,22.33,Điều dưỡng
160569,TQU,dieu-duong,B00,Điểm thi THPT,2021,19.0,Điều dưỡng
160570,TQU,dieu-duong,B03,Điểm thi THPT,2021,19.0,Điều dưỡng
160571,TQU,dieu-duong,C08,Điểm thi THPT,2021,19.0,Điều dưỡng
160572,TQU,dieu-duong,D07,Điểm thi THPT,2021,19.0,Điều dưỡng
160573,TQU,dieu-duong,B00,Điểm học bạ,2022,19.0,Điều dưỡng
160574,TQU,dieu-duong,B03,Điểm học bạ,2022,19.0,Điều dưỡng
160575,TQU,dieu-duong,C08,Điểm học bạ,2022,19.0,Điều dưỡng
160576,TQU,dieu-duong,D07,Điểm học bạ,2022,19.0,Điều dưỡng
160577,TQU,dieu-duong,B00,Điểm thi THPT,2022,19.0,Điều dưỡng
160578,TQU,dieu-duong,B03,Điểm thi THPT,2022,19.0,Điều dưỡng
160579,TQU,dieu-duong,C08,Điểm thi THPT,2022,19.0,Điều dưỡng
160580,TQU,dieu-duong,D07,Điểm thi THPT,2022,19.0,Điều dưỡng
160581,TQU,dieu-duong,B00,Điểm học bạ,2023,19.0,Điều dưỡng
160582,TQU,dieu-duong,B03,Điểm học bạ,2023,19.0,Điều dưỡng
160583,TQU,dieu-duong,C08,Điểm học bạ,2023,19.0,Điều dưỡng
160584,TQU,dieu-duong,D07,Điểm học bạ,2023,19.0,Điều dưỡng
160585,TQU,dieu-duong,B00,Điểm thi THPT,2023,19.0,Điều dưỡng
160586,TQU,dieu-duong,B03,Điểm thi THPT,2023,19.0,Điều dưỡng
160587,TQU,dieu-duong,C08,Điểm thi THPT,2023,19.0,Điều dưỡng
160588,TQU,dieu-duong,D07,Điểm thi THPT,2023,19.0,Điều dưỡng
160589,TQU,dieu-duong,B00,Điểm học bạ,2024,21.25,Điều dưỡng
160590,TQU,dieu-duong,B03,Điểm học bạ,2024,21.25,Điều dưỡng
160591,TQU,dieu-duong,C08,Điểm học bạ,2024,21.25,Điều dưỡng
160592,TQU,dieu-duong,D07,Điểm học bạ,2024,21.25,Điều dưỡng
160593,TQU,dieu-duong,B00,Điểm thi THPT,2024,19.0,Điều duỡng
160594,TQU,dieu-duong,B03,Điểm thi THPT,2024,19.0,Điều duỡng
160595,TQU,dieu-duong,C08,Điểm thi THPT,2024,19.0,Điều duỡng
160596,TQU,dieu-duong,D07,Điểm thi THPT,2024,19.0,Điều duỡng
160597,TQU,dieu-duong,A02,Điểm học bạ,2025,17.0,Điều dưỡng
160598,TQU,dieu-duong,B00,Điểm học bạ,2025,17.0,Điều dưỡng
160599,TQU,dieu-duong,B01,Điểm học bạ,2025,17.0,Điều dưỡng
160600,TQU,dieu-duong,B03,Điểm học bạ,2025,17.0,Điều dưỡng
160601,TQU,dieu-duong,B08,Điểm học bạ,2025,17.0,Điều dưỡng
160602,TQU,dieu-duong,C08,Điểm học bạ,2025,17.0,Điều dưỡng
160603,TQU,dieu-duong,A02,Điểm thi THPT,2025,17.0,Điều dưỡng
160604,TQU,dieu-duong,B00,Điểm thi THPT,2025,17.0,Điều dưỡng
160605,TQU,dieu-duong,B01,Điểm thi THPT,2025,17.0,Điều dưỡng
160606,TQU,dieu-duong,B03,Điểm thi THPT,2025,17.0,Điều dưỡng
160607,TQU,dieu-duong,B08,Điểm thi THPT,2025,17.0,Điều dưỡng
160608,TQU,dieu-duong,C08,Điểm thi THPT,2025,17.0,Điều dưỡng
160609,TQU,duoc-hoc,A00,Điểm học bạ,2021,22.0,Dược học
160610,TQU,duoc-hoc,B00,Điểm học bạ,2021,22.0,Dược học
160611,TQU,duoc-hoc,C05,Điểm học bạ,2021,22.0,Dược học
160612,TQU,duoc-hoc,D07,Điểm học bạ,2021,22.0,Dược học
160613,TQU,duoc-hoc,A00,Điểm thi THPT,2021,21.0,Dược học
160614,TQU,duoc-hoc,B00,Điểm thi THPT,2021,21.0,Dược học
160615,TQU,duoc-hoc,C05,Điểm thi THPT,2021,21.0,Dược học
160616,TQU,duoc-hoc,D07,Điểm thi THPT,2021,21.0,Dược học
160617,TQU,duoc-hoc,A00,Điểm học bạ,2022,22.0,Dược học
160618,TQU,duoc-hoc,B00,Điểm học bạ,2022,22.0,Dược học
160619,TQU,duoc-hoc,C05,Điểm học bạ,2022,22.0,Dược học
160620,TQU,duoc-hoc,D07,Điểm học bạ,2022,22.0,Dược học
160621,TQU,duoc-hoc,A00,Điểm thi THPT,2022,21.0,Dược học
160622,TQU,duoc-hoc,B00,Điểm thi THPT,2022,21.0,Dược học
160623,TQU,duoc-hoc,C05,Điểm thi THPT,2022,21.0,Dược học
160624,TQU,duoc-hoc,D07,Điểm thi THPT,2022,21.0,Dược học
160625,TQU,duoc-hoc,A00,Điểm học bạ,2023,23.0,Dược học
160626,TQU,duoc-hoc,B00,Điểm học bạ,2023,23.0,Dược học
160627,TQU,duoc-hoc,C05,Điểm học bạ,2023,23.0,Dược học
160628,TQU,duoc-hoc,D07,Điểm học bạ,2023,23.0,Dược học
160629,TQU,duoc-hoc,A00,Điểm thi THPT,2023,21.0,Dược học
160630,TQU,duoc-hoc,B00,Điểm thi THPT,2023,21.0,Dược học
160631,TQU,duoc-hoc,C05,Điểm thi THPT,2023,21.0,Dược học
160632,TQU,duoc-hoc,D07,Điểm thi THPT,2023,21.0,Dược học
160633,TQU,duoc-hoc,A00,Điểm học bạ,2024,21.0,Dược học
160634,TQU,duoc-hoc,B00,Điểm học bạ,2024,21.0,Dược học
160635,TQU,duoc-hoc,C05,Điểm học bạ,2024,21.0,Dược học
160636,TQU,duoc-hoc,D07,Điểm học bạ,2024,21.0,Dược học
160637,TQU,duoc-hoc,A00,Điểm thi THPT,2024,21.0,Dược học
160638,TQU,duoc-hoc,B00,Điểm thi THPT,2024,21.0,Dược học
160639,TQU,duoc-hoc,C05,Điểm thi THPT,2024,21.0,Dược học
160640,TQU,duoc-hoc,D07,Điểm thi THPT,2024,21.0,Dược học
160641,TQU,duoc-hoc,A00,Điểm học bạ,2025,21.6,Dược học
160642,TQU,duoc-hoc,A05,Điểm học bạ,2025,21.6,Dược học
160643,TQU,duoc-hoc,B00,Điểm học bạ,2025,21.6,Dược học
160644,TQU,duoc-hoc,C02,Điểm học bạ,2025,21.6,Dược học
160645,TQU,duoc-hoc,C05,Điểm học bạ,2025,21.6,Dược học
160646,TQU,duoc-hoc,C08,Điểm học bạ,2025,21.6,Dược học
160647,TQU,duoc-hoc,D07,Điểm học bạ,2025,21.6,Dược học
160648,TQU,duoc-hoc,D12,Điểm học bạ,2025,21.6,Dược học
160649,TQU,duoc-hoc,A00,Điểm thi THPT,2025,21.6,Dược học
160650,TQU,duoc-hoc,A05,Điểm thi THPT,2025,21.6,Dược học
160651,TQU,duoc-hoc,B00,Điểm thi THPT,2025,21.6,Dược học
160652,TQU,duoc-hoc,C02,Điểm thi THPT,2025,21.6,Dược học
160653,TQU,duoc-hoc,C05,Điểm thi THPT,2025,21.6,Dược học
160654,TQU,duoc-hoc,C08,Điểm thi THPT,2025,21.6,Dược học
160655,TQU,duoc-hoc,D07,Điểm thi THPT,2025,21.6,Dược học
160656,TQU,duoc-hoc,D12,Điểm thi THPT,2025,21.6,Dược học
160657,TQU,giao-duc-hoc,C00,Điểm học bạ,2021,15.0,Giáo dục học
160658,TQU,giao-duc-hoc,C19,Điểm học bạ,2021,15.0,Giáo dục học
160659,TQU,giao-duc-hoc,D01,Điểm học bạ,2021,15.0,Giáo dục học
160660,TQU,giao-duc-hoc,C00,Điểm thi THPT,2021,15.0,Giáo dục học
160661,TQU,giao-duc-hoc,C19,Điểm thi THPT,2021,15.0,Giáo dục học
160662,TQU,giao-duc-hoc,D01,Điểm thi THPT,2021,15.0,Giáo dục học
160663,TQU,giao-duc-mam-non,C14,Điểm học bạ,2021,22.33,Giáo dục mầm non
160664,TQU,giao-duc-mam-non,C19,Điểm học bạ,2021,22.33,Giáo dục mầm non
160665,TQU,giao-duc-mam-non,C20,Điểm học bạ,2021,22.33,Giáo dục mầm non
160666,TQU,giao-duc-mam-non,M00,Điểm học bạ,2021,22.33,Giáo dục mầm non
160667,TQU,giao-duc-mam-non,C14,Điểm thi THPT,2021,19.0,Giáo dục mầm non
160668,TQU,giao-duc-mam-non,C19,Điểm thi THPT,2021,19.0,Giáo dục mầm non
160669,TQU,giao-duc-mam-non,C20,Điểm thi THPT,2021,19.0,Giáo dục mầm non
160670,TQU,giao-duc-mam-non,M00,Điểm thi THPT,2021,19.0,Giáo dục mầm non
160671,TQU,giao-duc-mam-non,C00,Điểm học bạ,2022,22.0,Giáo dục mầm non
160672,TQU,giao-duc-mam-non,C14,Điểm học bạ,2022,19.0,Giáo dục mầm non
160673,TQU,giao-duc-mam-non,C19,Điểm học bạ,2022,19.0,Giáo dục mầm non
160674,TQU,giao-duc-mam-non,C20,Điểm học bạ,2022,19.0,Giáo dục mầm non
160675,TQU,giao-duc-mam-non,M00,Điểm học bạ,2022,19.0,Giáo dục mầm non
160676,TQU,giao-duc-mam-non,C00,Điểm thi THPT,2022,19.0,Giáo dục mầm non
160677,TQU,giao-duc-mam-non,C14,Điểm thi THPT,2022,17.0,Giáo dục mầm non
160678,TQU,giao-duc-mam-non,C19,Điểm thi THPT,2022,17.0,Giáo dục mầm non
160679,TQU,giao-duc-mam-non,C20,Điểm thi THPT,2022,17.0,Giáo dục mầm non
160680,TQU,giao-duc-mam-non,M00,Điểm thi THPT,2022,17.0,Giáo dục mầm non
160681,TQU,giao-duc-mam-non,C00,Điểm học bạ,2023,23.0,Giáo dục Mầm non
160682,TQU,giao-duc-mam-non,C14,Điểm học bạ,2023,23.0,Giáo dục Mầm non
160683,TQU,giao-duc-mam-non,C19,Điểm học bạ,2023,23.0,Giáo dục Mầm non
160684,TQU,giao-duc-mam-non,C20,Điểm học bạ,2023,23.0,Giáo dục Mầm non
160685,TQU,giao-duc-mam-non,C00,Điểm thi THPT,2023,19.0,Giáo dục Mầm non
160686,TQU,giao-duc-mam-non,C14,Điểm thi THPT,2023,19.0,Giáo dục Mầm non
160687,TQU,giao-duc-mam-non,C19,Điểm thi THPT,2023,19.0,Giáo dục Mầm non
160688,TQU,giao-duc-mam-non,C20,Điểm thi THPT,2023,19.0,Giáo dục Mầm non
160689,TQU,giao-duc-mam-non,C00,Điểm học bạ,2024,25.09,Giáo dục Mầm non (Trình độ Cao Đẳng)
160690,TQU,giao-duc-mam-non,C14,Điểm học bạ,2024,25.09,Giáo dục Mầm non (Trình độ Cao Đẳng)
160691,TQU,giao-duc-mam-non,C19,Điểm học bạ,2024,25.09,Giáo dục Mầm non (Trình độ Cao Đẳng)
160692,TQU,giao-duc-mam-non,C20,Điểm học bạ,2024,25.09,Giáo dục Mầm non (Trình độ Cao Đẳng)
160693,TQU,giao-duc-mam-non,C00,Điểm thi THPT,2024,24.68,Giáo dục Mầm non (Trình độ Cao Đẳng)
160694,TQU,giao-duc-mam-non,C14,Điểm thi THPT,2024,24.68,Giáo dục Mầm non (Trình độ Cao Đẳng)
160695,TQU,giao-duc-mam-non,C19,Điểm thi THPT,2024,24.68,Giáo dục Mầm non (Trình độ Cao Đẳng)
160696,TQU,giao-duc-mam-non,C20,Điểm thi THPT,2024,24.68,Giáo dục Mầm non (Trình độ Cao Đẳng)
160697,TQU,giao-duc-tieu-hoc,A00,Điểm học bạ,2021,22.33,Giáo dục Tiểu học
160698,TQU,giao-duc-tieu-hoc,C00,Điểm học bạ,2021,22.33,Giáo dục Tiểu học
160699,TQU,giao-duc-tieu-hoc,C19,Điểm học bạ,2021,22.33,Giáo dục Tiểu học
160700,TQU,giao-duc-tieu-hoc,D01,Điểm học bạ,2021,22.33,Giáo dục Tiểu học
160701,TQU,giao-duc-tieu-hoc,A00,Điểm thi THPT,2021,19.0,Giáo dục Tiểu học
160702,TQU,giao-duc-tieu-hoc,C00,Điểm thi THPT,2021,19.0,Giáo dục Tiểu học
160703,TQU,giao-duc-tieu-hoc,C19,Điểm thi THPT,2021,19.0,Giáo dục Tiểu học
160704,TQU,giao-duc-tieu-hoc,D01,Điểm thi THPT,2021,19.0,Giáo dục Tiểu học
160705,TQU,giao-duc-tieu-hoc,A00,Điểm học bạ,2022,22.0,Giáo dục Tiểu học
160706,TQU,giao-duc-tieu-hoc,C00,Điểm học bạ,2022,22.0,Giáo dục Tiểu học
160707,TQU,giao-duc-tieu-hoc,C19,Điểm học bạ,2022,22.0,Giáo dục Tiểu học
160708,TQU,giao-duc-tieu-hoc,D01,Điểm học bạ,2022,22.0,Giáo dục Tiểu học
160709,TQU,giao-duc-tieu-hoc,A00,Điểm thi THPT,2022,19.0,Giáo dục Tiểu học
160710,TQU,giao-duc-tieu-hoc,C00,Điểm thi THPT,2022,19.0,Giáo dục Tiểu học
160711,TQU,giao-duc-tieu-hoc,C19,Điểm thi THPT,2022,19.0,Giáo dục Tiểu học
160712,TQU,giao-duc-tieu-hoc,D01,Điểm thi THPT,2022,19.0,Giáo dục Tiểu học
160713,TQU,giao-duc-tieu-hoc,A00,Điểm học bạ,2023,25.15,Giáo dục tiểu học
160714,TQU,giao-duc-tieu-hoc,C00,Điểm học bạ,2023,25.15,Giáo dục tiểu học
160715,TQU,giao-duc-tieu-hoc,C19,Điểm học bạ,2023,25.15,Giáo dục tiểu học
160716,TQU,giao-duc-tieu-hoc,D01,Điểm học bạ,2023,25.15,Giáo dục tiểu học
160717,TQU,giao-duc-tieu-hoc,A00,Điểm thi THPT,2023,23.94,Giáo dục tiểu học
160718,TQU,giao-duc-tieu-hoc,C00,Điểm thi THPT,2023,23.94,Giáo dục tiểu học
160719,TQU,giao-duc-tieu-hoc,C19,Điểm thi THPT,2023,23.94,Giáo dục tiểu học
160720,TQU,giao-duc-tieu-hoc,D01,Điểm thi THPT,2023,23.94,Giáo dục tiểu học
160721,TQU,giao-duc-tieu-hoc,A00,Điểm học bạ,2024,27.29,Giáo dục Tiểu học
160722,TQU,giao-duc-tieu-hoc,C00,Điểm học bạ,2024,27.29,Giáo dục Tiểu học
160723,TQU,giao-duc-tieu-hoc,C19,Điểm học bạ,2024,27.29,Giáo dục Tiểu học
160724,TQU,giao-duc-tieu-hoc,D01,Điểm học bạ,2024,27.29,Giáo dục Tiểu học
160725,TQU,giao-duc-tieu-hoc,A00,Điểm thi THPT,2024,26.88,Giáo dục Tiểu học
160726,TQU,giao-duc-tieu-hoc,C00,Điểm thi THPT,2024,26.88,Giáo dục Tiểu học
160727,TQU,giao-duc-tieu-hoc,C19,Điểm thi THPT,2024,26.88,Giáo dục Tiểu học
160728,TQU,giao-duc-tieu-hoc,D01,Điểm thi THPT,2024,26.88,Giáo dục Tiểu học
160729,TQU,ke-toan,A00,Điểm học bạ,2021,15.0,Kế toán
160730,TQU,ke-toan,A01,Điểm học bạ,2021,15.0,Kế toán
160731,TQU,ke-toan,D01,Điểm học bạ,2021,15.0,Kế toán
160732,TQU,ke-toan,A00,Điểm thi THPT,2021,15.0,Kế toán
160733,TQU,ke-toan,A01,Điểm thi THPT,2021,15.0,Kế toán
160734,TQU,ke-toan,D01,Điểm thi THPT,2021,15.0,Kế toán
160735,TQU,ke-toan,A00,Điểm học bạ,2022,16.0,Kế toán
160736,TQU,ke-toan,A01,Điểm học bạ,2022,16.0,Kế toán
160737,TQU,ke-toan,D01,Điểm học bạ,2022,16.0,Kế toán
160738,TQU,ke-toan,A00,Điểm thi THPT,2022,15.0,Kế toán
160739,TQU,ke-toan,A01,Điểm thi THPT,2022,15.0,Kế toán
160740,TQU,ke-toan,D01,Điểm thi THPT,2022,15.0,Kế toán
160741,TQU,ke-toan,A00,Điểm học bạ,2023,16.0,Kế toán
160742,TQU,ke-toan,A01,Điểm học bạ,2023,16.0,Kế toán
160743,TQU,ke-toan,D01,Điểm học bạ,2023,16.0,Kế toán
160744,TQU,ke-toan,A00,Điểm thi THPT,2023,15.0,Kế toán
160745,TQU,ke-toan,A01,Điểm thi THPT,2023,15.0,Kế toán
160746,TQU,ke-toan,D01,Điểm thi THPT,2023,15.0,Kế toán
160747,TQU,ke-toan,A00,Điểm học bạ,2024,16.0,Kế toán
160748,TQU,ke-toan,A01,Điểm học bạ,2024,16.0,Kế toán
160749,TQU,ke-toan,D01,Điểm học bạ,2024,16.0,Kế toán
160750,TQU,ke-toan,A00,Điểm thi THPT,2024,15.0,Kế toán
160751,TQU,ke-toan,A01,Điểm thi THPT,2024,15.0,Kế toán
160752,TQU,ke-toan,D01,Điểm thi THPT,2024,15.0,Kế toán
160753,TQU,ke-toan,A00,Điểm học bạ,2025,16.0,Kế toán
160754,TQU,ke-toan,A01,Điểm học bạ,2025,16.0,Kế toán
160755,TQU,ke-toan,C01,Điểm học bạ,2025,16.0,Kế toán
160756,TQU,ke-toan,C02,Điểm học bạ,2025,16.0,Kế toán
160757,TQU,ke-toan,C03,Điểm học bạ,2025,16.0,Kế toán
160758,TQU,ke-toan,D01,Điểm học bạ,2025,16.0,Kế toán
160759,TQU,ke-toan,D09,Điểm học bạ,2025,16.0,Kế toán
160760,TQU,ke-toan,X01,Điểm học bạ,2025,16.0,Kế toán
160761,TQU,ke-toan,X02,Điểm học bạ,2025,16.0,Kế toán
160762,TQU,ke-toan,X25,Điểm học bạ,2025,16.0,Kế toán
160763,TQU,ke-toan,X26,Điểm học bạ,2025,16.0,Kế toán
160764,TQU,ke-toan,A00,Điểm thi THPT,2025,16.0,Kế toán
160765,TQU,ke-toan,A01,Điểm thi THPT,2025,16.0,Kế toán
160766,TQU,ke-toan,C01,Điểm thi THPT,2025,16.0,Kế toán
160767,TQU,ke-toan,C02,Điểm thi THPT,2025,16.0,Kế toán
160768,TQU,ke-toan,C03,Điểm thi THPT,2025,16.0,Kế toán
160769,TQU,ke-toan,D01,Điểm thi THPT,2025,16.0,Kế toán
160770,TQU,ke-toan,D09,Điểm thi THPT,2025,16.0,Kế toán
160771,TQU,ke-toan,X01,Điểm thi THPT,2025,16.0,Kế toán
160772,TQU,ke-toan,X02,Điểm thi THPT,2025,16.0,Kế toán
160773,TQU,ke-toan,X25,Điểm thi THPT,2025,16.0,Kế toán
160774,TQU,ke-toan,X26,Điểm thi THPT,2025,16.0,Kế toán
160775,TQU,khoa-hoc-cay-trong,A00,Điểm học bạ,2021,15.0,Khoa học cây trồng
160776,TQU,khoa-hoc-cay-trong,A01,Điểm học bạ,2021,15.0,Khoa học cây trồng
160777,TQU,khoa-hoc-cay-trong,B00,Điểm học bạ,2021,15.0,Khoa học cây trồng
160778,TQU,khoa-hoc-cay-trong,A00,Điểm thi THPT,2021,15.0,Khoa học cây trồng
160779,TQU,khoa-hoc-cay-trong,A01,Điểm thi THPT,2021,15.0,Khoa học cây trồng
160780,TQU,khoa-hoc-cay-trong,B00,Điểm thi THPT,2021,15.0,Khoa học cây trồng
160781,TQU,khoa-hoc-cay-trong,A00,Điểm học bạ,2022,16.0,Khoa học cây trồng
160782,TQU,khoa-hoc-cay-trong,A01,Điểm học bạ,2022,16.0,Khoa học cây trồng
160783,TQU,khoa-hoc-cay-trong,B00,Điểm học bạ,2022,16.0,Khoa học cây trồng
160784,TQU,khoa-hoc-cay-trong,A00,Điểm thi THPT,2022,15.0,Khoa học cây trồng
160785,TQU,khoa-hoc-cay-trong,A01,Điểm thi THPT,2022,15.0,Khoa học cây trồng
160786,TQU,khoa-hoc-cay-trong,B00,Điểm thi THPT,2022,15.0,Khoa học cây trồng
160787,TQU,khoa-hoc-cay-trong,A00,Điểm học bạ,2023,16.0,Khoa học cây trồng
160788,TQU,khoa-hoc-cay-trong,A01,Điểm học bạ,2023,16.0,Khoa học cây trồng
160789,TQU,khoa-hoc-cay-trong,B00,Điểm học bạ,2023,16.0,Khoa học cây trồng
160790,TQU,khoa-hoc-cay-trong,A00,Điểm thi THPT,2023,15.0,Khoa học cây trồng
160791,TQU,khoa-hoc-cay-trong,A01,Điểm thi THPT,2023,15.0,Khoa học cây trồng
160792,TQU,khoa-hoc-cay-trong,B00,Điểm thi THPT,2023,15.0,Khoa học cây trồng
160793,TQU,kinh-te-dau-tu,A00,Điểm học bạ,2021,15.0,Kinh tế đầu tư
160794,TQU,kinh-te-dau-tu,A01,Điểm học bạ,2021,15.0,Kinh tế đầu tư
160795,TQU,kinh-te-dau-tu,D01,Điểm học bạ,2021,15.0,Kinh tế đầu tư
160796,TQU,kinh-te-dau-tu,D07,Điểm học bạ,2021,15.0,Kinh tế đầu tư
160797,TQU,kinh-te-dau-tu,A00,Điểm thi THPT,2021,15.0,Kinh tế đầu tư
160798,TQU,kinh-te-dau-tu,A01,Điểm thi THPT,2021,15.0,Kinh tế đầu tư
160799,TQU,kinh-te-dau-tu,D01,Điểm thi THPT,2021,15.0,Kinh tế đầu tư
160800,TQU,kinh-te-dau-tu,D07,Điểm thi THPT,2021,15.0,Kinh tế đầu tư
160801,TQU,kinh-te-dau-tu,A00,Điểm học bạ,2022,16.0,Kinh tế đầu tư
160802,TQU,kinh-te-dau-tu,A01,Điểm học bạ,2022,16.0,Kinh tế đầu tư
160803,TQU,kinh-te-dau-tu,D01,Điểm học bạ,2022,16.0,Kinh tế đầu tư
160804,TQU,kinh-te-dau-tu,D07,Điểm học bạ,2022,16.0,Kinh tế đầu tư
160805,TQU,kinh-te-dau-tu,A00,Điểm thi THPT,2022,15.0,Kinh tế đầu tư
160806,TQU,kinh-te-dau-tu,A01,Điểm thi THPT,2022,15.0,Kinh tế đầu tư
160807,TQU,kinh-te-dau-tu,D01,Điểm thi THPT,2022,15.0,Kinh tế đầu tư
160808,TQU,kinh-te-dau-tu,D07,Điểm thi THPT,2022,15.0,Kinh tế đầu tư
160809,TQU,kinh-te-nong-nghiep,A00,Điểm học bạ,2021,15.0,Kinh tế nông nghiệp
160810,TQU,kinh-te-nong-nghiep,A01,Điểm học bạ,2021,15.0,Kinh tế nông nghiệp
160811,TQU,kinh-te-nong-nghiep,B00,Điểm học bạ,2021,15.0,Kinh tế nông nghiệp
160812,TQU,kinh-te-nong-nghiep,D01,Điểm học bạ,2021,15.0,Kinh tế nông nghiệp
160813,TQU,kinh-te-nong-nghiep,A00,Điểm thi THPT,2021,15.0,Kinh tế nông nghiệp
160814,TQU,kinh-te-nong-nghiep,A01,Điểm thi THPT,2021,15.0,Kinh tế nông nghiệp
160815,TQU,kinh-te-nong-nghiep,B00,Điểm thi THPT,2021,15.0,Kinh tế nông nghiệp
160816,TQU,kinh-te-nong-nghiep,D01,Điểm thi THPT,2021,15.0,Kinh tế nông nghiệp
160817,TQU,kinh-te-nong-nghiep,A00,Điểm học bạ,2022,16.0,Kinh tế nông nghiệp
160818,TQU,kinh-te-nong-nghiep,A01,Điểm học bạ,2022,16.0,Kinh tế nông nghiệp
160819,TQU,kinh-te-nong-nghiep,B00,Điểm học bạ,2022,16.0,Kinh tế nông nghiệp
160820,TQU,kinh-te-nong-nghiep,D01,Điểm học bạ,2022,16.0,Kinh tế nông nghiệp
160821,TQU,kinh-te-nong-nghiep,A00,Điểm thi THPT,2022,15.0,Kinh tế nông nghiệp
160822,TQU,kinh-te-nong-nghiep,A01,Điểm thi THPT,2022,15.0,Kinh tế nông nghiệp
160823,TQU,kinh-te-nong-nghiep,B00,Điểm thi THPT,2022,15.0,Kinh tế nông nghiệp
160824,TQU,kinh-te-nong-nghiep,D01,Điểm thi THPT,2022,15.0,Kinh tế nông nghiệp
160825,TQU,kinh-te-nong-nghiep,A00,Điểm học bạ,2025,16.0,Kinh tế nông nghiệp
160826,TQU,kinh-te-nong-nghiep,A01,Điểm học bạ,2025,16.0,Kinh tế nông nghiệp
160827,TQU,kinh-te-nong-nghiep,C01,Điểm học bạ,2025,16.0,Kinh tế nông nghiệp
160828,TQU,kinh-te-nong-nghiep,C02,Điểm học bạ,2025,16.0,Kinh tế nông nghiệp
160829,TQU,kinh-te-nong-nghiep,C03,Điểm học bạ,2025,16.0,Kinh tế nông nghiệp
160830,TQU,kinh-te-nong-nghiep,D01,Điểm học bạ,2025,16.0,Kinh tế nông nghiệp
160831,TQU,kinh-te-nong-nghiep,D09,Điểm học bạ,2025,16.0,Kinh tế nông nghiệp
160832,TQU,kinh-te-nong-nghiep,X01,Điểm học bạ,2025,16.0,Kinh tế nông nghiệp
160833,TQU,kinh-te-nong-nghiep,X02,Điểm học bạ,2025,16.0,Kinh tế nông nghiệp
160834,TQU,kinh-te-nong-nghiep,X25,Điểm học bạ,2025,16.0,Kinh tế nông nghiệp
160835,TQU,kinh-te-nong-nghiep,X26,Điểm học bạ,2025,16.0,Kinh tế nông nghiệp
160836,TQU,kinh-te-nong-nghiep,A00,Điểm thi THPT,2025,16.0,Kinh tế nông nghiệp
160837,TQU,kinh-te-nong-nghiep,A01,Điểm thi THPT,2025,16.0,Kinh tế nông nghiệp
160838,TQU,kinh-te-nong-nghiep,C01,Điểm thi THPT,2025,16.0,Kinh tế nông nghiệp
160839,TQU,kinh-te-nong-nghiep,C02,Điểm thi THPT,2025,16.0,Kinh tế nông nghiệp
160840,TQU,kinh-te-nong-nghiep,C03,Điểm thi THPT,2025,16.0,Kinh tế nông nghiệp
160841,TQU,kinh-te-nong-nghiep,D01,Điểm thi THPT,2025,16.0,Kinh tế nông nghiệp
160842,TQU,kinh-te-nong-nghiep,D09,Điểm thi THPT,2025,16.0,Kinh tế nông nghiệp
160843,TQU,kinh-te-nong-nghiep,X01,Điểm thi THPT,2025,16.0,Kinh tế nông nghiệp
160844,TQU,kinh-te-nong-nghiep,X02,Điểm thi THPT,2025,16.0,Kinh tế nông nghiệp
160845,TQU,kinh-te-nong-nghiep,X25,Điểm thi THPT,2025,16.0,Kinh tế nông nghiệp
160846,TQU,kinh-te-nong-nghiep,X26,Điểm thi THPT,2025,16.0,Kinh tế nông nghiệp
160847,TQU,lam-sinh,A02,Điểm học bạ,2021,15.0,Lâm sinh
160848,TQU,lam-sinh,B00,Điểm học bạ,2021,15.0,Lâm sinh
160849,TQU,lam-sinh,B08,Điểm học bạ,2021,15.0,Lâm sinh
160850,TQU,lam-sinh,C13,Điểm học bạ,2021,15.0,Lâm sinh
160851,TQU,lam-sinh,A02,Điểm thi THPT,2021,15.0,Lâm sinh
160852,TQU,lam-sinh,B00,Điểm thi THPT,2021,15.0,Lâm sinh
160853,TQU,lam-sinh,B08,Điểm thi THPT,2021,15.0,Lâm sinh
160854,TQU,lam-sinh,C13,Điểm thi THPT,2021,15.0,Lâm sinh
160855,TQU,lam-sinh,A02,Điểm học bạ,2022,16.0,Lâm sinh
160856,TQU,lam-sinh,B00,Điểm học bạ,2022,16.0,Lâm sinh
160857,TQU,lam-sinh,B08,Điểm học bạ,2022,16.0,Lâm sinh
160858,TQU,lam-sinh,C13,Điểm học bạ,2022,16.0,Lâm sinh
160859,TQU,lam-sinh,A02,Điểm thi THPT,2022,15.0,Lâm sinh
160860,TQU,lam-sinh,B00,Điểm thi THPT,2022,15.0,Lâm sinh
160861,TQU,lam-sinh,B08,Điểm thi THPT,2022,15.0,Lâm sinh
160862,TQU,lam-sinh,C13,Điểm thi THPT,2022,15.0,Lâm sinh
160863,TQU,lam-sinh,A02,Điểm học bạ,2023,16.0,Lâm sinh
160864,TQU,lam-sinh,B00,Điểm học bạ,2023,16.0,Lâm sinh
160865,TQU,lam-sinh,B08,Điểm học bạ,2023,16.0,Lâm sinh
160866,TQU,lam-sinh,C13,Điểm học bạ,2023,16.0,Lâm sinh
160867,TQU,lam-sinh,A02,Điểm thi THPT,2023,15.0,Lâm sinh
160868,TQU,lam-sinh,B00,Điểm thi THPT,2023,15.0,Lâm sinh
160869,TQU,lam-sinh,B08,Điểm thi THPT,2023,15.0,Lâm sinh
160870,TQU,lam-sinh,C13,Điểm thi THPT,2023,15.0,Lâm sinh
160871,TQU,lam-sinh,A02,Điểm học bạ,2025,16.0,Lâm sinh
160872,TQU,lam-sinh,B00,Điểm học bạ,2025,16.0,Lâm sinh
160873,TQU,lam-sinh,B01,Điểm học bạ,2025,16.0,Lâm sinh
160874,TQU,lam-sinh,B02,Điểm học bạ,2025,16.0,Lâm sinh
160875,TQU,lam-sinh,B03,Điểm học bạ,2025,16.0,Lâm sinh
160876,TQU,lam-sinh,B08,Điểm học bạ,2025,16.0,Lâm sinh
160877,TQU,lam-sinh,C08,Điểm học bạ,2025,16.0,Lâm sinh
160878,TQU,lam-sinh,A02,Điểm thi THPT,2025,16.0,Lâm sinh
160879,TQU,lam-sinh,B00,Điểm thi THPT,2025,16.0,Lâm sinh
160880,TQU,lam-sinh,B01,Điểm thi THPT,2025,16.0,Lâm sinh
160881,TQU,lam-sinh,B02,Điểm thi THPT,2025,16.0,Lâm sinh
160882,TQU,lam-sinh,B03,Điểm thi THPT,2025,16.0,Lâm sinh
160883,TQU,lam-sinh,B08,Điểm thi THPT,2025,16.0,Lâm sinh
160884,TQU,lam-sinh,C08,Điểm thi THPT,2025,16.0,Lâm sinh
160885,TQU,quan-ly-dat-dai,A00,Điểm học bạ,2021,15.0,Quản lý đất đai
160886,TQU,quan-ly-dat-dai,A01,Điểm học bạ,2021,15.0,Quản lý đất đai
160887,TQU,quan-ly-dat-dai,B00,Điểm học bạ,2021,15.0,Quản lý đất đai
160888,TQU,quan-ly-dat-dai,B08,Điểm học bạ,2021,15.0,Quản lý đất đai
160889,TQU,quan-ly-dat-dai,A00,Điểm thi THPT,2021,15.0,Quản lý đất đai
160890,TQU,quan-ly-dat-dai,A01,Điểm thi THPT,2021,15.0,Quản lý đất đai
160891,TQU,quan-ly-dat-dai,B00,Điểm thi THPT,2021,15.0,Quản lý đất đai
160892,TQU,quan-ly-dat-dai,B08,Điểm thi THPT,2021,15.0,Quản lý đất đai
160893,TQU,quan-ly-dat-dai,A00,Điểm học bạ,2022,16.0,Quản lý đất đai
160894,TQU,quan-ly-dat-dai,A01,Điểm học bạ,2022,16.0,Quản lý đất đai
160895,TQU,quan-ly-dat-dai,B00,Điểm học bạ,2022,16.0,Quản lý đất đai
160896,TQU,quan-ly-dat-dai,B08,Điểm học bạ,2022,16.0,Quản lý đất đai
160897,TQU,quan-ly-dat-dai,A00,Điểm thi THPT,2022,15.0,Quản lý đất đai
160898,TQU,quan-ly-dat-dai,A01,Điểm thi THPT,2022,15.0,Quản lý đất đai
160899,TQU,quan-ly-dat-dai,B00,Điểm thi THPT,2022,15.0,Quản lý đất đai
160900,TQU,quan-ly-dat-dai,B08,Điểm thi THPT,2022,15.0,Quản lý đất đai
160901,TQU,quan-ly-van-hoa,C00,Điểm học bạ,2021,15.0,Quản lý văn hóa
160902,TQU,quan-ly-van-hoa,C19,Điểm học bạ,2021,15.0,Quản lý văn hóa
160903,TQU,quan-ly-van-hoa,C20,Điểm học bạ,2021,15.0,Quản lý văn hóa
160904,TQU,quan-ly-van-hoa,D01,Điểm học bạ,2021,15.0,Quản lý văn hóa
160905,TQU,quan-ly-van-hoa,C00,Điểm thi THPT,2021,15.0,Quản lý văn hóa
160906,TQU,quan-ly-van-hoa,C19,Điểm thi THPT,2021,15.0,Quản lý văn hóa
160907,TQU,quan-ly-van-hoa,C20,Điểm thi THPT,2021,15.0,Quản lý văn hóa
160908,TQU,quan-ly-van-hoa,D01,Điểm thi THPT,2021,15.0,Quản lý văn hóa
160909,TQU,quan-ly-van-hoa,C00,Điểm học bạ,2022,16.0,Quản lý văn hóa
160910,TQU,quan-ly-van-hoa,C19,Điểm học bạ,2022,16.0,Quản lý văn hóa
160911,TQU,quan-ly-van-hoa,C20,Điểm học bạ,2022,16.0,Quản lý văn hóa
160912,TQU,quan-ly-van-hoa,D01,Điểm học bạ,2022,16.0,Quản lý văn hóa
160913,TQU,quan-ly-van-hoa,C00,Điểm thi THPT,2022,15.0,Quản lý văn hóa
160914,TQU,quan-ly-van-hoa,C19,Điểm thi THPT,2022,15.0,Quản lý văn hóa
160915,TQU,quan-ly-van-hoa,C20,Điểm thi THPT,2022,15.0,Quản lý văn hóa
160916,TQU,quan-ly-van-hoa,D01,Điểm thi THPT,2022,15.0,Quản lý văn hóa
160917,TQU,quan-ly-van-hoa,C00,Điểm học bạ,2023,16.0,Quản lý Văn hóa
160918,TQU,quan-ly-van-hoa,C19,Điểm học bạ,2023,16.0,Quản lý Văn hóa
160919,TQU,quan-ly-van-hoa,C20,Điểm học bạ,2023,16.0,Quản lý Văn hóa
160920,TQU,quan-ly-van-hoa,D01,Điểm học bạ,2023,16.0,Quản lý Văn hóa
160921,TQU,quan-ly-van-hoa,C00,Điểm thi THPT,2023,15.0,Quản lý Văn hóa
160922,TQU,quan-ly-van-hoa,C19,Điểm thi THPT,2023,15.0,Quản lý Văn hóa
160923,TQU,quan-ly-van-hoa,C20,Điểm thi THPT,2023,15.0,Quản lý Văn hóa
160924,TQU,quan-ly-van-hoa,D01,Điểm thi THPT,2023,15.0,Quản lý Văn hóa
160925,TQU,quan-ly-van-hoa,C00,Điểm học bạ,2024,16.0,Quản lý Văn hóa
160926,TQU,quan-ly-van-hoa,C19,Điểm học bạ,2024,16.0,Quản lý Văn hóa
160927,TQU,quan-ly-van-hoa,C20,Điểm học bạ,2024,16.0,Quản lý Văn hóa
160928,TQU,quan-ly-van-hoa,D01,Điểm học bạ,2024,16.0,Quản lý Văn hóa
160929,TQU,quan-ly-van-hoa,C00,Điểm thi THPT,2024,15.0,Quản lý Văn hóa
160930,TQU,quan-ly-van-hoa,C19,Điểm thi THPT,2024,15.0,Quản lý Văn hóa
160931,TQU,quan-ly-van-hoa,C20,Điểm thi THPT,2024,15.0,Quản lý Văn hóa
160932,TQU,quan-ly-van-hoa,D01,Điểm thi THPT,2024,15.0,Quản lý Văn hóa
160933,TQU,quan-ly-van-hoa,C00,Điểm học bạ,2025,22.6,Quản lý văn hóa
160934,TQU,quan-ly-van-hoa,C03,Điểm học bạ,2025,22.6,Quản lý văn hóa
160935,TQU,quan-ly-van-hoa,C04,Điểm học bạ,2025,22.6,Quản lý văn hóa
160936,TQU,quan-ly-van-hoa,C19,Điểm học bạ,2025,22.6,Quản lý văn hóa
160937,TQU,quan-ly-van-hoa,D01,Điểm học bạ,2025,22.6,Quản lý văn hóa
160938,TQU,quan-ly-van-hoa,D14,Điểm học bạ,2025,22.6,Quản lý văn hóa
160939,TQU,quan-ly-van-hoa,D15,Điểm học bạ,2025,22.6,Quản lý văn hóa
160940,TQU,quan-ly-van-hoa,X01,Điểm học bạ,2025,22.6,Quản lý văn hóa
160941,TQU,quan-ly-van-hoa,X70,Điểm học bạ,2025,22.6,Quản lý văn hóa
160942,TQU,quan-ly-van-hoa,X74,Điểm học bạ,2025,22.6,Quản lý văn hóa
160943,TQU,quan-ly-van-hoa,C00,Điểm thi THPT,2025,22.6,Quản lý văn hóa
160944,TQU,quan-ly-van-hoa,C03,Điểm thi THPT,2025,22.6,Quản lý văn hóa
160945,TQU,quan-ly-van-hoa,C04,Điểm thi THPT,2025,22.6,Quản lý văn hóa
160946,TQU,quan-ly-van-hoa,C19,Điểm thi THPT,2025,22.6,Quản lý văn hóa
160947,TQU,quan-ly-van-hoa,D01,Điểm thi THPT,2025,22.6,Quản lý văn hóa
160948,TQU,quan-ly-van-hoa,D14,Điểm thi THPT,2025,22.6,Quản lý văn hóa
160949,TQU,quan-ly-van-hoa,D15,Điểm thi THPT,2025,22.6,Quản lý văn hóa
160950,TQU,quan-ly-van-hoa,X01,Điểm thi THPT,2025,22.6,Quản lý văn hóa
160951,TQU,quan-ly-van-hoa,X70,Điểm thi THPT,2025,22.6,Quản lý văn hóa
160952,TQU,quan-ly-van-hoa,X74,Điểm thi THPT,2025,22.6,Quản lý văn hóa
160953,TQU,quan-tri-dich-vu-du-lich-va-lu-hanh,C00,Điểm học bạ,2021,15.0,Quản trị Dịch vụ Du lịch và Lữ hành
160954,TQU,quan-tri-dich-vu-du-lich-va-lu-hanh,C19,Điểm học bạ,2021,15.0,Quản trị Dịch vụ Du lịch và Lữ hành
160955,TQU,quan-tri-dich-vu-du-lich-va-lu-hanh,C20,Điểm học bạ,2021,15.0,Quản trị Dịch vụ Du lịch và Lữ hành
160956,TQU,quan-tri-dich-vu-du-lich-va-lu-hanh,D01,Điểm học bạ,2021,15.0,Quản trị Dịch vụ Du lịch và Lữ hành
160957,TQU,quan-tri-dich-vu-du-lich-va-lu-hanh,C00,Điểm thi THPT,2021,15.0,Quản trị Dịch vụ Du lịch và Lữ hành
160958,TQU,quan-tri-dich-vu-du-lich-va-lu-hanh,C19,Điểm thi THPT,2021,15.0,Quản trị Dịch vụ Du lịch và Lữ hành
160959,TQU,quan-tri-dich-vu-du-lich-va-lu-hanh,C20,Điểm thi THPT,2021,15.0,Quản trị Dịch vụ Du lịch và Lữ hành
160960,TQU,quan-tri-dich-vu-du-lich-va-lu-hanh,D01,Điểm thi THPT,2021,15.0,Quản trị Dịch vụ Du lịch và Lữ hành
160961,TQU,quan-tri-dich-vu-du-lich-va-lu-hanh,C00,Điểm học bạ,2022,16.0,Quản trị Dịch vụ Du lịch và Lữ hành
160962,TQU,quan-tri-dich-vu-du-lich-va-lu-hanh,C19,Điểm học bạ,2022,16.0,Quản trị Dịch vụ Du lịch và Lữ hành
160963,TQU,quan-tri-dich-vu-du-lich-va-lu-hanh,C20,Điểm học bạ,2022,16.0,Quản trị Dịch vụ Du lịch và Lữ hành
160964,TQU,quan-tri-dich-vu-du-lich-va-lu-hanh,D01,Điểm học bạ,2022,16.0,Quản trị Dịch vụ Du lịch và Lữ hành
160965,TQU,quan-tri-dich-vu-du-lich-va-lu-hanh,C00,Điểm thi THPT,2022,15.0,Quản trị Dịch vụ Du lịch và Lữ hành
160966,TQU,quan-tri-dich-vu-du-lich-va-lu-hanh,C19,Điểm thi THPT,2022,15.0,Quản trị Dịch vụ Du lịch và Lữ hành
160967,TQU,quan-tri-dich-vu-du-lich-va-lu-hanh,C20,Điểm thi THPT,2022,15.0,Quản trị Dịch vụ Du lịch và Lữ hành
160968,TQU,quan-tri-dich-vu-du-lich-va-lu-hanh,D01,Điểm thi THPT,2022,15.0,Quản trị Dịch vụ Du lịch và Lữ hành
160969,TQU,quan-tri-dich-vu-du-lich-va-lu-hanh,C00,Điểm học bạ,2023,16.0,Quản trị Dịch vụ Du lịch và Lữ hành
160970,TQU,quan-tri-dich-vu-du-lich-va-lu-hanh,C19,Điểm học bạ,2023,16.0,Quản trị Dịch vụ Du lịch và Lữ hành
160971,TQU,quan-tri-dich-vu-du-lich-va-lu-hanh,C20,Điểm học bạ,2023,16.0,Quản trị Dịch vụ Du lịch và Lữ hành
160972,TQU,quan-tri-dich-vu-du-lich-va-lu-hanh,D01,Điểm học bạ,2023,16.0,Quản trị Dịch vụ Du lịch và Lữ hành
160973,TQU,quan-tri-dich-vu-du-lich-va-lu-hanh,C00,Điểm thi THPT,2023,15.0,Quản trị Dịch vụ Du lịch và Lữ hành
160974,TQU,quan-tri-dich-vu-du-lich-va-lu-hanh,C19,Điểm thi THPT,2023,15.0,Quản trị Dịch vụ Du lịch và Lữ hành
160975,TQU,quan-tri-dich-vu-du-lich-va-lu-hanh,C20,Điểm thi THPT,2023,15.0,Quản trị Dịch vụ Du lịch và Lữ hành
160976,TQU,quan-tri-dich-vu-du-lich-va-lu-hanh,D01,Điểm thi THPT,2023,15.0,Quản trị Dịch vụ Du lịch và Lữ hành
160977,TQU,quan-tri-dich-vu-du-lich-va-lu-hanh,C00,Điểm học bạ,2024,22.94,Quản trị Dịch vụ Du lịch và Lữ hành
160978,TQU,quan-tri-dich-vu-du-lich-va-lu-hanh,C19,Điểm học bạ,2024,22.94,Quản trị Dịch vụ Du lịch và Lữ hành
160979,TQU,quan-tri-dich-vu-du-lich-va-lu-hanh,C20,Điểm học bạ,2024,22.94,Quản trị Dịch vụ Du lịch và Lữ hành
160980,TQU,quan-tri-dich-vu-du-lich-va-lu-hanh,D01,Điểm học bạ,2024,22.94,Quản trị Dịch vụ Du lịch và Lữ hành
160981,TQU,quan-tri-dich-vu-du-lich-va-lu-hanh,C00,Điểm thi THPT,2024,24.15,Quản trị Dịch vụ Du lịch và Lữ hành
160982,TQU,quan-tri-dich-vu-du-lich-va-lu-hanh,C19,Điểm thi THPT,2024,24.15,Quản trị Dịch vụ Du lịch và Lữ hành
160983,TQU,quan-tri-dich-vu-du-lich-va-lu-hanh,C20,Điểm thi THPT,2024,24.15,Quản trị Dịch vụ Du lịch và Lữ hành
160984,TQU,quan-tri-dich-vu-du-lich-va-lu-hanh,D01,Điểm thi THPT,2024,24.15,Quản trị Dịch vụ Du lịch và Lữ hành
160985,TQU,quan-tri-dich-vu-du-lich-va-lu-hanh,C00,Điểm học bạ,2025,23.5,Quản trị Dịch vụ du lịch và lữ hành
160986,TQU,quan-tri-dich-vu-du-lich-va-lu-hanh,C03,Điểm học bạ,2025,23.5,Quản trị Dịch vụ du lịch và lữ hành
160987,TQU,quan-tri-dich-vu-du-lich-va-lu-hanh,C04,Điểm học bạ,2025,23.5,Quản trị Dịch vụ du lịch và lữ hành
160988,TQU,quan-tri-dich-vu-du-lich-va-lu-hanh,C19,Điểm học bạ,2025,23.5,Quản trị Dịch vụ du lịch và lữ hành
160989,TQU,quan-tri-dich-vu-du-lich-va-lu-hanh,D01,Điểm học bạ,2025,23.5,Quản trị Dịch vụ du lịch và lữ hành
160990,TQU,quan-tri-dich-vu-du-lich-va-lu-hanh,D14,Điểm học bạ,2025,23.5,Quản trị Dịch vụ du lịch và lữ hành
160991,TQU,quan-tri-dich-vu-du-lich-va-lu-hanh,D15,Điểm học bạ,2025,23.5,Quản trị Dịch vụ du lịch và lữ hành
160992,TQU,quan-tri-dich-vu-du-lich-va-lu-hanh,X01,Điểm học bạ,2025,23.5,Quản trị Dịch vụ du lịch và lữ hành
160993,TQU,quan-tri-dich-vu-du-lich-va-lu-hanh,X70,Điểm học bạ,2025,23.5,Quản trị Dịch vụ du lịch và lữ hành
160994,TQU,quan-tri-dich-vu-du-lich-va-lu-hanh,X74,Điểm học bạ,2025,23.5,Quản trị Dịch vụ du lịch và lữ hành
160995,TQU,quan-tri-dich-vu-du-lich-va-lu-hanh,C00,Điểm thi THPT,2025,23.5,Quản trị Dịch vụ du lịch và lữ hành
160996,TQU,quan-tri-dich-vu-du-lich-va-lu-hanh,C03,Điểm thi THPT,2025,23.5,Quản trị Dịch vụ du lịch và lữ hành
160997,TQU,quan-tri-dich-vu-du-lich-va-lu-hanh,C04,Điểm thi THPT,2025,23.5,Quản trị Dịch vụ du lịch và lữ hành
160998,TQU,quan-tri-dich-vu-du-lich-va-lu-hanh,C19,Điểm thi THPT,2025,23.5,Quản trị Dịch vụ du lịch và lữ hành
160999,TQU,quan-tri-dich-vu-du-lich-va-lu-hanh,D01,Điểm thi THPT,2025,23.5,Quản trị Dịch vụ du lịch và lữ hành
161000,TQU,quan-tri-dich-vu-du-lich-va-lu-hanh,D14,Điểm thi THPT,2025,23.5,Quản trị Dịch vụ du lịch và lữ hành
161001,TQU,quan-tri-dich-vu-du-lich-va-lu-hanh,D15,Điểm thi THPT,2025,23.5,Quản trị Dịch vụ du lịch và lữ hành
161002,TQU,quan-tri-dich-vu-du-lich-va-lu-hanh,X01,Điểm thi THPT,2025,23.5,Quản trị Dịch vụ du lịch và lữ hành
161003,TQU,quan-tri-dich-vu-du-lich-va-lu-hanh,X70,Điểm thi THPT,2025,23.5,Quản trị Dịch vụ du lịch và lữ hành
161004,TQU,quan-tri-dich-vu-du-lich-va-lu-hanh,X74,Điểm thi THPT,2025,23.5,Quản trị Dịch vụ du lịch và lữ hành
161005,TQU,sinh-hoc-ung-dung,A00,Điểm học bạ,2021,15.0,Sinh học ứng dụng
161006,TQU,sinh-hoc-ung-dung,B00,Điểm học bạ,2021,15.0,Sinh học ứng dụng
161007,TQU,sinh-hoc-ung-dung,B03,Điểm học bạ,2021,15.0,Sinh học ứng dụng
161008,TQU,sinh-hoc-ung-dung,B08,Điểm học bạ,2021,15.0,Sinh học ứng dụng
161009,TQU,sinh-hoc-ung-dung,A00,Điểm thi THPT,2021,15.0,Sinh học ứng dụng
161010,TQU,sinh-hoc-ung-dung,B00,Điểm thi THPT,2021,15.0,Sinh học ứng dụng
161011,TQU,sinh-hoc-ung-dung,B03,Điểm thi THPT,2021,15.0,Sinh học ứng dụng
161012,TQU,sinh-hoc-ung-dung,B08,Điểm thi THPT,2021,15.0,Sinh học ứng dụng
161013,TQU,su-pham-khoa-hoc-tu-nhien,A00,Điểm học bạ,2023,23.0,Sư phạm Khoa học Tự nhiên
161014,TQU,su-pham-khoa-hoc-tu-nhien,A02,Điểm học bạ,2023,23.0,Sư phạm Khoa học Tự nhiên
161015,TQU,su-pham-khoa-hoc-tu-nhien,B03,Điểm học bạ,2023,23.0,Sư phạm Khoa học Tự nhiên
161016,TQU,su-pham-khoa-hoc-tu-nhien,B08,Điểm học bạ,2023,23.0,Sư phạm Khoa học Tự nhiên
161017,TQU,su-pham-khoa-hoc-tu-nhien,A00,Điểm thi THPT,2023,19.0,Sư phạm Khoa học Tự nhiên
161018,TQU,su-pham-khoa-hoc-tu-nhien,A02,Điểm thi THPT,2023,19.0,Sư phạm Khoa học Tự nhiên
161019,TQU,su-pham-khoa-hoc-tu-nhien,B03,Điểm thi THPT,2023,19.0,Sư phạm Khoa học Tự nhiên
161020,TQU,su-pham-khoa-hoc-tu-nhien,B08,Điểm thi THPT,2023,19.0,Sư phạm Khoa học Tự nhiên
161021,TQU,su-pham-khoa-hoc-tu-nhien,A00,Điểm học bạ,2024,26.85,Sư phạm Khoa học Tự nhiên
161022,TQU,su-pham-khoa-hoc-tu-nhien,A02,Điểm học bạ,2024,26.85,Sư phạm Khoa học Tự nhiên
161023,TQU,su-pham-khoa-hoc-tu-nhien,B00,Điểm học bạ,2024,26.85,Sư phạm Khoa học Tự nhiên
161024,TQU,su-pham-khoa-hoc-tu-nhien,D08,Điểm học bạ,2024,26.85,Sư phạm Khoa học Tự nhiên
161025,TQU,su-pham-khoa-hoc-tu-nhien,A00,Điểm thi THPT,2024,23.9,Sư phạm Khoa học Tự nhiên
161026,TQU,su-pham-khoa-hoc-tu-nhien,A02,Điểm thi THPT,2024,23.9,Sư phạm Khoa học Tự nhiên
161027,TQU,su-pham-khoa-hoc-tu-nhien,B00,Điểm thi THPT,2024,23.9,Sư phạm Khoa học Tự nhiên
161028,TQU,su-pham-khoa-hoc-tu-nhien,D08,Điểm thi THPT,2024,23.9,Sư phạm Khoa học Tự nhiên
161029,TQU,su-pham-ngu-van,C00,Điểm học bạ,2023,23.0,Sư phạm Ngữ văn
161030,TQU,su-pham-ngu-van,C19,Điểm học bạ,2023,23.0,Sư phạm Ngữ văn
161031,TQU,su-pham-ngu-van,C20,Điểm học bạ,2023,23.0,Sư phạm Ngữ văn
161032,TQU,su-pham-ngu-van,D14,Điểm học bạ,2023,23.0,Sư phạm Ngữ văn
161033,TQU,su-pham-ngu-van,C00,Điểm thi THPT,2023,24.5,Sư phạm Ngữ văn
161034,TQU,su-pham-ngu-van,C19,Điểm thi THPT,2023,24.5,Sư phạm Ngữ văn
161035,TQU,su-pham-ngu-van,C20,Điểm thi THPT,2023,24.5,Sư phạm Ngữ văn
161036,TQU,su-pham-ngu-van,D14,Điểm thi THPT,2023,24.5,Sư phạm Ngữ văn
161037,TQU,su-pham-ngu-van,C00,Điểm học bạ,2024,27.53,Sư phạm Ngữ văn
161038,TQU,su-pham-ngu-van,C19,Điểm học bạ,2024,27.53,Sư phạm Ngữ văn
161039,TQU,su-pham-ngu-van,C20,Điểm học bạ,2024,27.53,Sư phạm Ngữ văn
161040,TQU,su-pham-ngu-van,D14,Điểm học bạ,2024,27.53,Sư phạm Ngữ văn
161041,TQU,su-pham-ngu-van,C00,Điểm thi THPT,2024,27.67,Sư phạm Ngữ văn
161042,TQU,su-pham-ngu-van,C19,Điểm thi THPT,2024,27.67,Sư phạm Ngữ văn
161043,TQU,su-pham-ngu-van,C20,Điểm thi THPT,2024,27.67,Sư phạm Ngữ văn
161044,TQU,su-pham-ngu-van,D14,Điểm thi THPT,2024,27.67,Sư phạm Ngữ văn
161045,TQU,su-pham-sinh-hoc,A00,Điểm học bạ,2021,22.33,Sư phạm Sinh học
161046,TQU,su-pham-sinh-hoc,B00,Điểm học bạ,2021,22.33,Sư phạm Sinh học
161047,TQU,su-pham-sinh-hoc,B03,Điểm học bạ,2021,22.33,Sư phạm Sinh học
161048,TQU,su-pham-sinh-hoc,B08,Điểm học bạ,2021,22.33,Sư phạm Sinh học
161049,TQU,su-pham-sinh-hoc,A00,Điểm thi THPT,2021,19.0,Sư phạm Sinh học
161050,TQU,su-pham-sinh-hoc,B00,Điểm thi THPT,2021,19.0,Sư phạm Sinh học
161051,TQU,su-pham-sinh-hoc,B03,Điểm thi THPT,2021,19.0,Sư phạm Sinh học
161052,TQU,su-pham-sinh-hoc,B08,Điểm thi THPT,2021,19.0,Sư phạm Sinh học
161053,TQU,su-pham-sinh-hoc,A00,Điểm học bạ,2022,22.0,Sư phạm Sinh học
161054,TQU,su-pham-sinh-hoc,B00,Điểm học bạ,2022,22.0,Sư phạm Sinh học
161055,TQU,su-pham-sinh-hoc,B03,Điểm học bạ,2022,22.0,Sư phạm Sinh học
161056,TQU,su-pham-sinh-hoc,B08,Điểm học bạ,2022,22.0,Sư phạm Sinh học
161057,TQU,su-pham-sinh-hoc,A00,Điểm thi THPT,2022,19.0,Sư phạm Sinh học
161058,TQU,su-pham-sinh-hoc,B00,Điểm thi THPT,2022,19.0,Sư phạm Sinh học
161059,TQU,su-pham-sinh-hoc,B03,Điểm thi THPT,2022,19.0,Sư phạm Sinh học
161060,TQU,su-pham-sinh-hoc,B08,Điểm thi THPT,2022,19.0,Sư phạm Sinh học
161061,TQU,su-pham-sinh-hoc,A00,Điểm học bạ,2023,23.0,Sư phạm Sinh học
161062,TQU,su-pham-sinh-hoc,B00,Điểm học bạ,2023,23.0,Sư phạm Sinh học
161063,TQU,su-pham-sinh-hoc,B03,Điểm học bạ,2023,23.0,Sư phạm Sinh học
161064,TQU,su-pham-sinh-hoc,B08,Điểm học bạ,2023,23.0,Sư phạm Sinh học
161065,TQU,su-pham-sinh-hoc,A00,Điểm thi THPT,2023,19.0,Sư phạm Sinh học
161066,TQU,su-pham-sinh-hoc,B00,Điểm thi THPT,2023,19.0,Sư phạm Sinh học
161067,TQU,su-pham-sinh-hoc,B03,Điểm thi THPT,2023,19.0,Sư phạm Sinh học
161068,TQU,su-pham-sinh-hoc,B08,Điểm thi THPT,2023,19.0,Sư phạm Sinh học
161069,TQU,su-pham-toan-hoc,A00,Điểm học bạ,2021,22.33,Sư phạm Toán học
161070,TQU,su-pham-toan-hoc,A01,Điểm học bạ,2021,22.33,Sư phạm Toán học
161071,TQU,su-pham-toan-hoc,B00,Điểm học bạ,2021,22.33,Sư phạm Toán học
161072,TQU,su-pham-toan-hoc,C14,Điểm học bạ,2021,22.33,Sư phạm Toán học
161073,TQU,su-pham-toan-hoc,A00,Điểm thi THPT,2021,19.0,Sư phạm Toán học
161074,TQU,su-pham-toan-hoc,A01,Điểm thi THPT,2021,19.0,Sư phạm Toán học
161075,TQU,su-pham-toan-hoc,B00,Điểm thi THPT,2021,19.0,Sư phạm Toán học
161076,TQU,su-pham-toan-hoc,C14,Điểm thi THPT,2021,19.0,Sư phạm Toán học
161077,TQU,su-pham-toan-hoc,A00,Điểm học bạ,2022,22.0,Sư phạm Toán học
161078,TQU,su-pham-toan-hoc,A01,Điểm học bạ,2022,22.0,Sư phạm Toán học
161079,TQU,su-pham-toan-hoc,B00,Điểm học bạ,2022,22.0,Sư phạm Toán học
161080,TQU,su-pham-toan-hoc,C14,Điểm học bạ,2022,22.0,Sư phạm Toán học
161081,TQU,su-pham-toan-hoc,A00,Điểm thi THPT,2022,19.0,Sư phạm Toán học
161082,TQU,su-pham-toan-hoc,A01,Điểm thi THPT,2022,19.0,Sư phạm Toán học
161083,TQU,su-pham-toan-hoc,B00,Điểm thi THPT,2022,19.0,Sư phạm Toán học
161084,TQU,su-pham-toan-hoc,C14,Điểm thi THPT,2022,19.0,Sư phạm Toán học
161085,TQU,su-pham-toan-hoc,A00,Điểm học bạ,2023,23.0,Sư phạm Toán học
161086,TQU,su-pham-toan-hoc,A01,Điểm học bạ,2023,23.0,Sư phạm Toán học
161087,TQU,su-pham-toan-hoc,B00,Điểm học bạ,2023,23.0,Sư phạm Toán học
161088,TQU,su-pham-toan-hoc,C14,Điểm học bạ,2023,23.0,Sư phạm Toán học
161089,TQU,su-pham-toan-hoc,A00,Điểm thi THPT,2023,20.45,Sư phạm Toán học
161090,TQU,su-pham-toan-hoc,A01,Điểm thi THPT,2023,20.45,Sư phạm Toán học
161091,TQU,su-pham-toan-hoc,B00,Điểm thi THPT,2023,20.45,Sư phạm Toán học
161092,TQU,su-pham-toan-hoc,C14,Điểm thi THPT,2023,20.45,Sư phạm Toán học
161093,TQU,su-pham-toan-hoc,A00,Điểm học bạ,2024,27.53,Sư phạm Toán học
161094,TQU,su-pham-toan-hoc,A01,Điểm học bạ,2024,27.53,Sư phạm Toán học
161095,TQU,su-pham-toan-hoc,B00,Điểm học bạ,2024,27.53,Sư phạm Toán học
161096,TQU,su-pham-toan-hoc,C14,Điểm học bạ,2024,27.53,Sư phạm Toán học
161097,TQU,su-pham-toan-hoc,A00,Điểm thi THPT,2024,25.88,Sư phạm Toán học
161098,TQU,su-pham-toan-hoc,A01,Điểm thi THPT,2024,25.88,Sư phạm Toán học
161099,TQU,su-pham-toan-hoc,B00,Điểm thi THPT,2024,25.88,Sư phạm Toán học
161100,TQU,su-pham-toan-hoc,C14,Điểm thi THPT,2024,25.88,Sư phạm Toán học
161101,TQU,tam-ly-hoc,C00,Điểm học bạ,2021,15.0,Tâm lý học
161102,TQU,tam-ly-hoc,C19,Điểm học bạ,2021,15.0,Tâm lý học
161103,TQU,tam-ly-hoc,C20,Điểm học bạ,2021,15.0,Tâm lý học
161104,TQU,tam-ly-hoc,D01,Điểm học bạ,2021,15.0,Tâm lý học
161105,TQU,tam-ly-hoc,C00,Điểm thi THPT,2021,15.0,Tâm lý học
161106,TQU,tam-ly-hoc,C19,Điểm thi THPT,2021,15.0,Tâm lý học
161107,TQU,tam-ly-hoc,C20,Điểm thi THPT,2021,15.0,Tâm lý học
161108,TQU,tam-ly-hoc,D01,Điểm thi THPT,2021,15.0,Tâm lý học
161109,TQU,tam-ly-hoc,C00,Điểm học bạ,2022,16.0,Tâm lý học
161110,TQU,tam-ly-hoc,C19,Điểm học bạ,2022,16.0,Tâm lý học
161111,TQU,tam-ly-hoc,C20,Điểm học bạ,2022,16.0,Tâm lý học
161112,TQU,tam-ly-hoc,D01,Điểm học bạ,2022,16.0,Tâm lý học
161113,TQU,tam-ly-hoc,C00,Điểm thi THPT,2022,15.0,Tâm lý học
161114,TQU,tam-ly-hoc,C19,Điểm thi THPT,2022,15.0,Tâm lý học
161115,TQU,tam-ly-hoc,C20,Điểm thi THPT,2022,15.0,Tâm lý học
161116,TQU,tam-ly-hoc,D01,Điểm thi THPT,2022,15.0,Tâm lý học
161117,TQU,tam-ly-hoc,C00,Điểm học bạ,2025,22.6,Tâm lý học
161118,TQU,tam-ly-hoc,C03,Điểm học bạ,2025,22.6,Tâm lý học
161119,TQU,tam-ly-hoc,C04,Điểm học bạ,2025,22.6,Tâm lý học
161120,TQU,tam-ly-hoc,C19,Điểm học bạ,2025,22.6,Tâm lý học
161121,TQU,tam-ly-hoc,D01,Điểm học bạ,2025,22.6,Tâm lý học
161122,TQU,tam-ly-hoc,D14,Điểm học bạ,2025,22.6,Tâm lý học
161123,TQU,tam-ly-hoc,D15,Điểm học bạ,2025,22.6,Tâm lý học
161124,TQU,tam-ly-hoc,X01,Điểm học bạ,2025,22.6,Tâm lý học
161125,TQU,tam-ly-hoc,X70,Điểm học bạ,2025,22.6,Tâm lý học
161126,TQU,tam-ly-hoc,X74,Điểm học bạ,2025,22.6,Tâm lý học
161127,TQU,tam-ly-hoc,C00,Điểm thi THPT,2025,22.6,Tâm lý học
161128,TQU,tam-ly-hoc,C03,Điểm thi THPT,2025,22.6,Tâm lý học
161129,TQU,tam-ly-hoc,C04,Điểm thi THPT,2025,22.6,Tâm lý học
161130,TQU,tam-ly-hoc,C19,Điểm thi THPT,2025,22.6,Tâm lý học
161131,TQU,tam-ly-hoc,D01,Điểm thi THPT,2025,22.6,Tâm lý học
161132,TQU,tam-ly-hoc,D14,Điểm thi THPT,2025,22.6,Tâm lý học
161133,TQU,tam-ly-hoc,D15,Điểm thi THPT,2025,22.6,Tâm lý học
161134,TQU,tam-ly-hoc,X01,Điểm thi THPT,2025,22.6,Tâm lý học
161135,TQU,tam-ly-hoc,X70,Điểm thi THPT,2025,22.6,Tâm lý học
161136,TQU,tam-ly-hoc,X74,Điểm thi THPT,2025,22.6,Tâm lý học
161137,TQU,van-hoc,C00,Điểm học bạ,2021,15.0,Văn học
161138,TQU,van-hoc,C19,Điểm học bạ,2021,15.0,Văn học
161139,TQU,van-hoc,C20,Điểm học bạ,2021,15.0,Văn học
161140,TQU,van-hoc,D01,Điểm học bạ,2021,15.0,Văn học
161141,TQU,van-hoc,C00,Điểm thi THPT,2021,15.0,Văn học
161142,TQU,van-hoc,C19,Điểm thi THPT,2021,15.0,Văn học
161143,TQU,van-hoc,C20,Điểm thi THPT,2021,15.0,Văn học
161144,TQU,van-hoc,D01,Điểm thi THPT,2021,15.0,Văn học
161145,TQU,vat-ly-hoc,A00,Điểm học bạ,2021,15.0,Vật lý học
161146,TQU,vat-ly-hoc,A01,Điểm học bạ,2021,15.0,Vật lý học
161147,TQU,vat-ly-hoc,A10,Điểm học bạ,2021,15.0,Vật lý học
161148,TQU,vat-ly-hoc,A00,Điểm thi THPT,2021,15.0,Vật lý học
161149,TQU,vat-ly-hoc,A01,Điểm thi THPT,2021,15.0,Vật lý học
161150,TQU,vat-ly-hoc,A10,Điểm thi THPT,2021,15.0,Vật lý học
161151,TSN,cnkt-dien-dien-tu,A00,Điểm thi THPT,2021,16.0,"Kỹ thuật điện (chuyên ngành CNKT điện, điện tử)"
161152,TSN,cnkt-dien-dien-tu,A01,Điểm thi THPT,2021,16.0,"Kỹ thuật điện (chuyên ngành CNKT điện, điện tử)"
161153,TSN,cnkt-dien-dien-tu,C01,Điểm thi THPT,2021,16.0,"Kỹ thuật điện (chuyên ngành CNKT điện, điện tử)"
161154,TSN,cnkt-dien-dien-tu,D07,Điểm thi THPT,2021,16.0,"Kỹ thuật điện (chuyên ngành CNKT điện, điện tử)"
161155,TSN,co-khi-thuy-san-thong-minh,C01,Điểm thi THPT,2025,18.87,Cơ khí thủy sản thông minh (Chương trình Minh Phú - NTU)
161156,TSN,co-khi-thuy-san-thong-minh,D01,Điểm thi THPT,2025,18.87,Cơ khí thủy sản thông minh (Chương trình Minh Phú - NTU)
161157,TSN,co-khi-thuy-san-thong-minh,X02,Điểm thi THPT,2025,18.87,Cơ khí thủy sản thông minh (Chương trình Minh Phú - NTU)
161158,TSN,co-khi-thuy-san-thong-minh,X03,Điểm thi THPT,2025,18.87,Cơ khí thủy sản thông minh (Chương trình Minh Phú - NTU)
161159,TSN,co-khi-thuy-san-thong-minh,X04,Điểm thi THPT,2025,18.87,Cơ khí thủy sản thông minh (Chương trình Minh Phú - NTU)
161160,TSN,cong-nghe-che-bien-thuy-san,A00,Điểm thi THPT,2021,15.0,Công nghệ chế biến thuỷ sản (2 chuyên ngành: Công nghệ chế biến thủy sản; Công nghệ sau thu hoạch)
161161,TSN,cong-nghe-che-bien-thuy-san,A01,Điểm thi THPT,2021,15.0,Công nghệ chế biến thuỷ sản (2 chuyên ngành: Công nghệ chế biến thủy sản; Công nghệ sau thu hoạch)
161162,TSN,cong-nghe-che-bien-thuy-san,B00,Điểm thi THPT,2021,15.0,Công nghệ chế biến thuỷ sản (2 chuyên ngành: Công nghệ chế biến thủy sản; Công nghệ sau thu hoạch)
161163,TSN,cong-nghe-che-bien-thuy-san,D07,Điểm thi THPT,2021,15.0,Công nghệ chế biến thuỷ sản (2 chuyên ngành: Công nghệ chế biến thủy sản; Công nghệ sau thu hoạch)
161164,TSN,cong-nghe-che-bien-thuy-san,A00,Điểm thi THPT,2022,15.5,Công nghệ chế biến thuỷ sản (2 chuyên ngành: Công nghệ chế biến thủy sản; Công nghệ sau thu hoạch; 1 chương trình đào tạo Minh Phú - NTU)
161165,TSN,cong-nghe-che-bien-thuy-san,A01,Điểm thi THPT,2022,15.5,Công nghệ chế biến thuỷ sản (2 chuyên ngành: Công nghệ chế biến thủy sản; Công nghệ sau thu hoạch; 1 chương trình đào tạo Minh Phú - NTU)
161166,TSN,cong-nghe-che-bien-thuy-san,B00,Điểm thi THPT,2022,15.5,Công nghệ chế biến thuỷ sản (2 chuyên ngành: Công nghệ chế biến thủy sản; Công nghệ sau thu hoạch; 1 chương trình đào tạo Minh Phú - NTU)
161167,TSN,cong-nghe-che-bien-thuy-san,D07,Điểm thi THPT,2022,15.5,Công nghệ chế biến thuỷ sản (2 chuyên ngành: Công nghệ chế biến thủy sản; Công nghệ sau thu hoạch; 1 chương trình đào tạo Minh Phú - NTU)
161168,TSN,cong-nghe-che-bien-thuy-san,A01,Điểm thi THPT,2023,16.0,Công nghệ chế biến thủy sản (02 chuyên ngành: Công nghệ chế biến thủy sản; Công nghệ sau thu hoạch)
161169,TSN,cong-nghe-che-bien-thuy-san,B00,Điểm thi THPT,2023,16.0,Công nghệ chế biến thủy sản (02 chuyên ngành: Công nghệ chế biến thủy sản; Công nghệ sau thu hoạch)
161170,TSN,cong-nghe-che-bien-thuy-san,D01,Điểm thi THPT,2023,16.0,Công nghệ chế biến thủy sản (02 chuyên ngành: Công nghệ chế biến thủy sản; Công nghệ sau thu hoạch)
161171,TSN,cong-nghe-che-bien-thuy-san,D07,Điểm thi THPT,2023,16.0,Công nghệ chế biến thủy sản (02 chuyên ngành: Công nghệ chế biến thủy sản; Công nghệ sau thu hoạch)
161172,TSN,cong-nghe-che-bien-thuy-san,A01,Điểm thi THPT,2024,16.0,Công nghệ chế biến thuỷ sản (02 chuyên ngành: Công nghệ chế biến thủy sản; Công nghệ sau thu hoạch)
161173,TSN,cong-nghe-che-bien-thuy-san,B00,Điểm thi THPT,2024,16.0,Công nghệ chế biến thuỷ sản (02 chuyên ngành: Công nghệ chế biến thủy sản; Công nghệ sau thu hoạch)
161174,TSN,cong-nghe-che-bien-thuy-san,D01,Điểm thi THPT,2024,16.0,Công nghệ chế biến thuỷ sản (02 chuyên ngành: Công nghệ chế biến thủy sản; Công nghệ sau thu hoạch)
161175,TSN,cong-nghe-che-bien-thuy-san,D07,Điểm thi THPT,2024,16.0,Công nghệ chế biến thuỷ sản (02 chuyên ngành: Công nghệ chế biến thủy sản; Công nghệ sau thu hoạch)
161176,TSN,cong-nghe-che-bien-thuy-san,B03,Điểm thi THPT,2025,18.87,Công nghệ chế biến thuỷ sản (02 chuyên ngành: Công nghệ chế biến thủy sản; Công nghệ sau thu hoạch)
161177,TSN,cong-nghe-che-bien-thuy-san,C02,Điểm thi THPT,2025,18.87,Công nghệ chế biến thuỷ sản (02 chuyên ngành: Công nghệ chế biến thủy sản; Công nghệ sau thu hoạch)
161178,TSN,cong-nghe-che-bien-thuy-san,D01,Điểm thi THPT,2025,18.87,Công nghệ chế biến thuỷ sản (02 chuyên ngành: Công nghệ chế biến thủy sản; Công nghệ sau thu hoạch)
161179,TSN,cong-nghe-che-bien-thuy-san,X03,Điểm thi THPT,2025,18.87,Công nghệ chế biến thuỷ sản (02 chuyên ngành: Công nghệ chế biến thủy sản; Công nghệ sau thu hoạch)
161180,TSN,cong-nghe-che-bien-thuy-san,X04,Điểm thi THPT,2025,18.87,Công nghệ chế biến thuỷ sản (02 chuyên ngành: Công nghệ chế biến thủy sản; Công nghệ sau thu hoạch)
161181,TSN,cong-nghe-che-tao-may,A00,Điểm thi THPT,2021,15.0,Công nghệ chế tạo máy
161182,TSN,cong-nghe-che-tao-may,A01,Điểm thi THPT,2021,15.0,Công nghệ chế tạo máy
161183,TSN,cong-nghe-che-tao-may,C01,Điểm thi THPT,2021,15.0,Công nghệ chế tạo máy
161184,TSN,cong-nghe-che-tao-may,D07,Điểm thi THPT,2021,15.0,Công nghệ chế tạo máy
161185,TSN,cong-nghe-che-tao-may,A00,Điểm thi THPT,2022,15.5,Công nghệ chế tạo máy
161186,TSN,cong-nghe-che-tao-may,A01,Điểm thi THPT,2022,15.5,Công nghệ chế tạo máy
161187,TSN,cong-nghe-che-tao-may,C01,Điểm thi THPT,2022,15.5,Công nghệ chế tạo máy
161188,TSN,cong-nghe-che-tao-may,D07,Điểm thi THPT,2022,15.5,Công nghệ chế tạo máy
161189,TSN,cong-nghe-che-tao-may,A00,Điểm thi THPT,2023,16.0,Công nghệ chế tạo máy
161190,TSN,cong-nghe-che-tao-may,A01,Điểm thi THPT,2023,16.0,Công nghệ chế tạo máy
161191,TSN,cong-nghe-che-tao-may,C01,Điểm thi THPT,2023,16.0,Công nghệ chế tạo máy
161192,TSN,cong-nghe-che-tao-may,D07,Điểm thi THPT,2023,16.0,Công nghệ chế tạo máy
161193,TSN,cong-nghe-che-tao-may,A00,Điểm thi THPT,2024,16.0,Công nghệ chế tạo máy
161194,TSN,cong-nghe-che-tao-may,A01,Điểm thi THPT,2024,16.0,Công nghệ chế tạo máy
161195,TSN,cong-nghe-che-tao-may,C01,Điểm thi THPT,2024,16.0,Công nghệ chế tạo máy
161196,TSN,cong-nghe-che-tao-may,D07,Điểm thi THPT,2024,16.0,Công nghệ chế tạo máy
161197,TSN,cong-nghe-che-tao-may,C01,Điểm thi THPT,2025,18.87,Công nghệ chế tạo máy
161198,TSN,cong-nghe-che-tao-may,D01,Điểm thi THPT,2025,18.87,Công nghệ chế tạo máy
161199,TSN,cong-nghe-che-tao-may,X02,Điểm thi THPT,2025,18.87,Công nghệ chế tạo máy
161200,TSN,cong-nghe-che-tao-may,X03,Điểm thi THPT,2025,18.87,Công nghệ chế tạo máy
161201,TSN,cong-nghe-che-tao-may,X04,Điểm thi THPT,2025,18.87,Công nghệ chế tạo máy
161202,TSN,cong-nghe-sinh-hoc,A00,Điểm thi THPT,2021,16.0,Công nghệ sinh học
161203,TSN,cong-nghe-sinh-hoc,A01,Điểm thi THPT,2021,16.0,Công nghệ sinh học
161204,TSN,cong-nghe-sinh-hoc,B00,Điểm thi THPT,2021,16.0,Công nghệ sinh học
161205,TSN,cong-nghe-sinh-hoc,D07,Điểm thi THPT,2021,16.0,Công nghệ sinh học
161206,TSN,cong-nghe-sinh-hoc,A00,Điểm thi THPT,2022,15.5,Công nghệ sinh học
161207,TSN,cong-nghe-sinh-hoc,A01,Điểm thi THPT,2022,15.5,Công nghệ sinh học
161208,TSN,cong-nghe-sinh-hoc,B00,Điểm thi THPT,2022,15.5,Công nghệ sinh học
161209,TSN,cong-nghe-sinh-hoc,D08,Điểm thi THPT,2022,15.5,Công nghệ sinh học
161210,TSN,cong-nghe-sinh-hoc,A00,Điểm thi THPT,2023,16.0,Công nghệ sinh học
161211,TSN,cong-nghe-sinh-hoc,A01,Điểm thi THPT,2023,16.0,Công nghệ sinh học
161212,TSN,cong-nghe-sinh-hoc,B00,Điểm thi THPT,2023,16.0,Công nghệ sinh học
161213,TSN,cong-nghe-sinh-hoc,D08,Điểm thi THPT,2023,16.0,Công nghệ sinh học
161214,TSN,cong-nghe-sinh-hoc,A00,Điểm thi THPT,2024,16.0,Công nghệ sinh học
161215,TSN,cong-nghe-sinh-hoc,A01,Điểm thi THPT,2024,16.0,Công nghệ sinh học
161216,TSN,cong-nghe-sinh-hoc,B00,Điểm thi THPT,2024,16.0,Công nghệ sinh học
161217,TSN,cong-nghe-sinh-hoc,D08,Điểm thi THPT,2024,16.0,Công nghệ sinh học
161218,TSN,cong-nghe-sinh-hoc,B03,Điểm thi THPT,2025,18.87,Công nghệ sinh học
161219,TSN,cong-nghe-sinh-hoc,C02,Điểm thi THPT,2025,18.87,Công nghệ sinh học
161220,TSN,cong-nghe-sinh-hoc,D01,Điểm thi THPT,2025,18.87,Công nghệ sinh học
161221,TSN,cong-nghe-sinh-hoc,X03,Điểm thi THPT,2025,18.87,Công nghệ sinh học
161222,TSN,cong-nghe-sinh-hoc,X04,Điểm thi THPT,2025,18.87,Công nghệ sinh học
161223,TSN,cong-nghe-thong-tin,A01,Điểm thi THPT,2021,19.0,Công nghệ thông tin (3 chuyên ngành: Công nghệ phần mềm; Truyền thông và Mạng máy tính; Tin học ứng dụng trong nông nghiệp và Y dược)
161224,TSN,cong-nghe-thong-tin,D01,Điểm thi THPT,2021,19.0,Công nghệ thông tin (3 chuyên ngành: Công nghệ phần mềm; Truyền thông và Mạng máy tính; Tin học ứng dụng trong nông nghiệp và Y dược)
161225,TSN,cong-nghe-thong-tin,D07,Điểm thi THPT,2021,19.0,Công nghệ thông tin (3 chuyên ngành: Công nghệ phần mềm; Truyền thông và Mạng máy tính; Tin học ứng dụng trong nông nghiệp và Y dược)
161226,TSN,cong-nghe-thong-tin,D96,Điểm thi THPT,2021,19.0,Công nghệ thông tin (3 chuyên ngành: Công nghệ phần mềm; Truyền thông và Mạng máy tính; Tin học ứng dụng trong nông nghiệp và Y dược)
161227,TSN,cong-nghe-thong-tin,A01,Điểm thi THPT,2022,18.0,Công nghệ thông tin (4 chuyên ngành: Công nghệ phần mềm; Hệ thống thông tin; Truyền thông và Mạng máy tính; Tin học ứng dụng trong nông nghiệp và Y dược)
161228,TSN,cong-nghe-thong-tin,D01,Điểm thi THPT,2022,18.0,Công nghệ thông tin (4 chuyên ngành: Công nghệ phần mềm; Hệ thống thông tin; Truyền thông và Mạng máy tính; Tin học ứng dụng trong nông nghiệp và Y dược)
161229,TSN,cong-nghe-thong-tin,D07,Điểm thi THPT,2022,18.0,Công nghệ thông tin (4 chuyên ngành: Công nghệ phần mềm; Hệ thống thông tin; Truyền thông và Mạng máy tính; Tin học ứng dụng trong nông nghiệp và Y dược)
161230,TSN,cong-nghe-thong-tin,D96,Điểm thi THPT,2022,18.0,Công nghệ thông tin (4 chuyên ngành: Công nghệ phần mềm; Hệ thống thông tin; Truyền thông và Mạng máy tính; Tin học ứng dụng trong nông nghiệp và Y dược)
161231,TSN,cong-nghe-thong-tin,A01,Điểm thi THPT,2023,21.0,Công nghệ thông tin ( 03 chuyên ngành: Công nghệ phần mềm; Hệ thống thông tin; Truyền thoogn và Mạng máy tính)
161232,TSN,cong-nghe-thong-tin,D01,Điểm thi THPT,2023,21.0,Công nghệ thông tin ( 03 chuyên ngành: Công nghệ phần mềm; Hệ thống thông tin; Truyền thoogn và Mạng máy tính)
161233,TSN,cong-nghe-thong-tin,D07,Điểm thi THPT,2023,21.0,Công nghệ thông tin ( 03 chuyên ngành: Công nghệ phần mềm; Hệ thống thông tin; Truyền thoogn và Mạng máy tính)
161234,TSN,cong-nghe-thong-tin,D90,Điểm thi THPT,2023,21.0,Công nghệ thông tin ( 03 chuyên ngành: Công nghệ phần mềm; Hệ thống thông tin; Truyền thoogn và Mạng máy tính)
161235,TSN,cong-nghe-thong-tin,A01,Điểm thi THPT,2024,21.0,Công nghệ thông tin (03 chuyên ngành: Công nghệ phần mềm; Hệ thống thông tin; Truyền thông và Mạng máy tính)
161236,TSN,cong-nghe-thong-tin,D01,Điểm thi THPT,2024,21.0,Công nghệ thông tin (03 chuyên ngành: Công nghệ phần mềm; Hệ thống thông tin; Truyền thông và Mạng máy tính)
161237,TSN,cong-nghe-thong-tin,D07,Điểm thi THPT,2024,21.0,Công nghệ thông tin (03 chuyên ngành: Công nghệ phần mềm; Hệ thống thông tin; Truyền thông và Mạng máy tính)
161238,TSN,cong-nghe-thong-tin,D90,Điểm thi THPT,2024,21.0,Công nghệ thông tin (03 chuyên ngành: Công nghệ phần mềm; Hệ thống thông tin; Truyền thông và Mạng máy tính)
161239,TSN,cong-nghe-thong-tin,C01,Điểm thi THPT,2025,20.75,Công nghệ thông tin
161240,TSN,cong-nghe-thong-tin,D01,Điểm thi THPT,2025,20.75,Công nghệ thông tin
161241,TSN,cong-nghe-thong-tin,X02,Điểm thi THPT,2025,20.75,Công nghệ thông tin
161242,TSN,cong-nghe-thong-tin,X03,Điểm thi THPT,2025,20.75,Công nghệ thông tin
161243,TSN,cong-nghe-thong-tin,X04,Điểm thi THPT,2025,20.75,Công nghệ thông tin
161244,TSN,cong-nghe-thong-tin-chuong-trinh,A01,Điểm thi THPT,2021,20.0,"Công nghệ thông tin (chương trình định hướng nghề nghiệp, đào tạo song ngũ Anh- Việt"
161245,TSN,cong-nghe-thong-tin-chuong-trinh,D01,Điểm thi THPT,2021,20.0,"Công nghệ thông tin (chương trình định hướng nghề nghiệp, đào tạo song ngũ Anh- Việt"
161246,TSN,cong-nghe-thong-tin-chuong-trinh,D07,Điểm thi THPT,2021,20.0,"Công nghệ thông tin (chương trình định hướng nghề nghiệp, đào tạo song ngũ Anh- Việt"
161247,TSN,cong-nghe-thong-tin-chuong-trinh,D96,Điểm thi THPT,2021,20.0,"Công nghệ thông tin (chương trình định hướng nghề nghiệp, đào tạo song ngũ Anh- Việt"
161248,TSN,cong-nghe-thong-tin-chuong-trinh,A01,Điểm thi THPT,2022,19.0,"Công nghệ thông tin (chương trình định hướng nghề nghiệp, đào tạo song ngũ Anh- Việt"
161249,TSN,cong-nghe-thong-tin-chuong-trinh,D01,Điểm thi THPT,2022,19.0,"Công nghệ thông tin (chương trình định hướng nghề nghiệp, đào tạo song ngũ Anh- Việt"
161250,TSN,cong-nghe-thong-tin-chuong-trinh,D07,Điểm thi THPT,2022,19.0,"Công nghệ thông tin (chương trình định hướng nghề nghiệp, đào tạo song ngũ Anh- Việt"
161251,TSN,cong-nghe-thong-tin-chuong-trinh,D96,Điểm thi THPT,2022,19.0,"Công nghệ thông tin (chương trình định hướng nghề nghiệp, đào tạo song ngũ Anh- Việt"
161252,TSN,cong-nghe-thong-tin-viet-nhat,C01,Điểm thi THPT,2025,20.75,Công nghệ thông tin Việt Nhật
161253,TSN,cong-nghe-thong-tin-viet-nhat,D01,Điểm thi THPT,2025,20.75,Công nghệ thông tin Việt Nhật
161254,TSN,cong-nghe-thong-tin-viet-nhat,X02,Điểm thi THPT,2025,20.75,Công nghệ thông tin Việt Nhật
161255,TSN,cong-nghe-thong-tin-viet-nhat,X03,Điểm thi THPT,2025,20.75,Công nghệ thông tin Việt Nhật
161256,TSN,cong-nghe-thong-tin-viet-nhat,X04,Điểm thi THPT,2025,20.75,Công nghệ thông tin Việt Nhật
161257,TSN,cong-nghe-thuc-pham,A00,Điểm thi THPT,2021,16.0,Công nghệ thực phẩm (2 chuyên ngành: Công nghệ thực phẩm; Đảm bảo chất lượng và an toàn thực phẩm)
161258,TSN,cong-nghe-thuc-pham,A01,Điểm thi THPT,2021,16.0,Công nghệ thực phẩm (2 chuyên ngành: Công nghệ thực phẩm; Đảm bảo chất lượng và an toàn thực phẩm)
161259,TSN,cong-nghe-thuc-pham,B00,Điểm thi THPT,2021,16.0,Công nghệ thực phẩm (2 chuyên ngành: Công nghệ thực phẩm; Đảm bảo chất lượng và an toàn thực phẩm)
161260,TSN,cong-nghe-thuc-pham,D07,Điểm thi THPT,2021,16.0,Công nghệ thực phẩm (2 chuyên ngành: Công nghệ thực phẩm; Đảm bảo chất lượng và an toàn thực phẩm)
161261,TSN,cong-nghe-thuc-pham,A00,Điểm thi THPT,2022,16.0,Công nghệ thực phẩm (2 chuyên ngành: Công nghệ thực phẩm; Đảm bảo chất lượng và an toàn thực phẩm)
161262,TSN,cong-nghe-thuc-pham,A01,Điểm thi THPT,2022,16.0,Công nghệ thực phẩm (2 chuyên ngành: Công nghệ thực phẩm; Đảm bảo chất lượng và an toàn thực phẩm)
161263,TSN,cong-nghe-thuc-pham,B00,Điểm thi THPT,2022,16.0,Công nghệ thực phẩm (2 chuyên ngành: Công nghệ thực phẩm; Đảm bảo chất lượng và an toàn thực phẩm)
161264,TSN,cong-nghe-thuc-pham,D07,Điểm thi THPT,2022,16.0,Công nghệ thực phẩm (2 chuyên ngành: Công nghệ thực phẩm; Đảm bảo chất lượng và an toàn thực phẩm)
161265,TSN,cong-nghe-thuc-pham,A01,Điểm thi THPT,2023,17.0,Công nghệ thực phẩm (02 chuyên ngành: Công nghệ thực phẩm; Đảm bảo chất lượng và an toàn thực phẩm)
161266,TSN,cong-nghe-thuc-pham,D01,Điểm thi THPT,2023,17.0,Công nghệ thực phẩm (02 chuyên ngành: Công nghệ thực phẩm; Đảm bảo chất lượng và an toàn thực phẩm)
161267,TSN,cong-nghe-thuc-pham,D07,Điểm thi THPT,2023,17.0,Công nghệ thực phẩm (02 chuyên ngành: Công nghệ thực phẩm; Đảm bảo chất lượng và an toàn thực phẩm)
161268,TSN,cong-nghe-thuc-pham,D90,Điểm thi THPT,2023,17.0,Công nghệ thực phẩm (02 chuyên ngành: Công nghệ thực phẩm; Đảm bảo chất lượng và an toàn thực phẩm)
161269,TSN,cong-nghe-thuc-pham,A01,Điểm thi THPT,2024,17.5,Công nghệ thực phẩm (03 chuyên ngành: Công nghệ thực phẩm; Đảm bảo chất lượng và an toàn thực phẩm; Khoa học dinh dưỡng và ẩm thực)
161270,TSN,cong-nghe-thuc-pham,D01,Điểm thi THPT,2024,17.5,Công nghệ thực phẩm (03 chuyên ngành: Công nghệ thực phẩm; Đảm bảo chất lượng và an toàn thực phẩm; Khoa học dinh dưỡng và ẩm thực)
161271,TSN,cong-nghe-thuc-pham,D07,Điểm thi THPT,2024,17.5,Công nghệ thực phẩm (03 chuyên ngành: Công nghệ thực phẩm; Đảm bảo chất lượng và an toàn thực phẩm; Khoa học dinh dưỡng và ẩm thực)
161272,TSN,cong-nghe-thuc-pham,D90,Điểm thi THPT,2024,17.5,Công nghệ thực phẩm (03 chuyên ngành: Công nghệ thực phẩm; Đảm bảo chất lượng và an toàn thực phẩm; Khoa học dinh dưỡng và ẩm thực)
161273,TSN,cong-nghe-thuc-pham,B03,Điểm thi THPT,2025,19.34,Công nghệ thực phẩm (02 chuyên ngành: Công nghệ thực phẩm; Dinh dưỡng và ẩm thực)
161274,TSN,cong-nghe-thuc-pham,C02,Điểm thi THPT,2025,19.34,Công nghệ thực phẩm (02 chuyên ngành: Công nghệ thực phẩm; Dinh dưỡng và ẩm thực)
161275,TSN,cong-nghe-thuc-pham,D01,Điểm thi THPT,2025,19.34,Công nghệ thực phẩm (02 chuyên ngành: Công nghệ thực phẩm; Dinh dưỡng và ẩm thực)
161276,TSN,cong-nghe-thuc-pham,X03,Điểm thi THPT,2025,19.34,Công nghệ thực phẩm (02 chuyên ngành: Công nghệ thực phẩm; Dinh dưỡng và ẩm thực)
161277,TSN,cong-nghe-thuc-pham,X04,Điểm thi THPT,2025,19.34,Công nghệ thực phẩm (02 chuyên ngành: Công nghệ thực phẩm; Dinh dưỡng và ẩm thực)
161278,TSN,dam-bao-chat-luong-va-an-toan-thuc-pham,B03,Điểm thi THPT,2025,18.87,Đảm bảo chất lượng và an toàn thưc phẩm
161279,TSN,dam-bao-chat-luong-va-an-toan-thuc-pham,C02,Điểm thi THPT,2025,18.87,Đảm bảo chất lượng và an toàn thưc phẩm
161280,TSN,dam-bao-chat-luong-va-an-toan-thuc-pham,D01,Điểm thi THPT,2025,18.87,Đảm bảo chất lượng và an toàn thưc phẩm
161281,TSN,dam-bao-chat-luong-va-an-toan-thuc-pham,X03,Điểm thi THPT,2025,18.87,Đảm bảo chất lượng và an toàn thưc phẩm
161282,TSN,dam-bao-chat-luong-va-an-toan-thuc-pham,X04,Điểm thi THPT,2025,18.87,Đảm bảo chất lượng và an toàn thưc phẩm
161283,TSN,he-thong-thong-tin-quan-ly,A01,Điểm thi THPT,2021,17.0,Hệ thống thông tin quản lý
161284,TSN,he-thong-thong-tin-quan-ly,D01,Điểm thi THPT,2021,17.0,Hệ thống thông tin quản lý
161285,TSN,he-thong-thong-tin-quan-ly,D07,Điểm thi THPT,2021,17.0,Hệ thống thông tin quản lý
161286,TSN,he-thong-thong-tin-quan-ly,D96,Điểm thi THPT,2021,17.0,Hệ thống thông tin quản lý
161287,TSN,he-thong-thong-tin-quan-ly,A01,Điểm thi THPT,2022,17.0,Hệ thống thông tin quản lý
161288,TSN,he-thong-thong-tin-quan-ly,D01,Điểm thi THPT,2022,17.0,Hệ thống thông tin quản lý
161289,TSN,he-thong-thong-tin-quan-ly,D07,Điểm thi THPT,2022,17.0,Hệ thống thông tin quản lý
161290,TSN,he-thong-thong-tin-quan-ly,D96,Điểm thi THPT,2022,17.0,Hệ thống thông tin quản lý
161291,TSN,he-thong-thong-tin-quan-ly,A01,Điểm thi THPT,2023,18.0,Hệ thống thông tin quản lý
161292,TSN,he-thong-thong-tin-quan-ly,D01,Điểm thi THPT,2023,18.0,Hệ thống thông tin quản lý
161293,TSN,he-thong-thong-tin-quan-ly,D07,Điểm thi THPT,2023,18.0,Hệ thống thông tin quản lý
161294,TSN,he-thong-thong-tin-quan-ly,D96,Điểm thi THPT,2023,18.0,Hệ thống thông tin quản lý
161295,TSN,he-thong-thong-tin-quan-ly,A01,Điểm thi THPT,2024,17.0,Hệ thống thông tin quản lý
161296,TSN,he-thong-thong-tin-quan-ly,D01,Điểm thi THPT,2024,17.0,Hệ thống thông tin quản lý
161297,TSN,he-thong-thong-tin-quan-ly,D07,Điểm thi THPT,2024,17.0,Hệ thống thông tin quản lý
161298,TSN,he-thong-thong-tin-quan-ly,D96,Điểm thi THPT,2024,17.0,Hệ thống thông tin quản lý
161299,TSN,he-thong-thong-tin-quan-ly,D01,Điểm thi THPT,2025,19.81,Hệ thống thông tin quản lý
161300,TSN,he-thong-thong-tin-quan-ly,X01,Điểm thi THPT,2025,19.81,Hệ thống thông tin quản lý
161301,TSN,he-thong-thong-tin-quan-ly,X02,Điểm thi THPT,2025,19.81,Hệ thống thông tin quản lý
161302,TSN,he-thong-thong-tin-quan-ly,X03,Điểm thi THPT,2025,19.81,Hệ thống thông tin quản lý
161303,TSN,he-thong-thong-tin-quan-ly,X04,Điểm thi THPT,2025,19.81,Hệ thống thông tin quản lý
161304,TSN,ke-toan,A01,Điểm thi THPT,2021,20.0,Kế toán (2 chuyên ngành: Kế toán; Kiểm toán)
161305,TSN,ke-toan,D01,Điểm thi THPT,2021,20.0,Kế toán (2 chuyên ngành: Kế toán; Kiểm toán)
161306,TSN,ke-toan,D07,Điểm thi THPT,2021,20.0,Kế toán (2 chuyên ngành: Kế toán; Kiểm toán)
161307,TSN,ke-toan,D96,Điểm thi THPT,2021,20.0,Kế toán (2 chuyên ngành: Kế toán; Kiểm toán)
161308,TSN,ke-toan,A01,Điểm thi THPT,2022,18.0,Kế toán (2 chuyên ngành: Kế toán; Kiểm toán)
161309,TSN,ke-toan,D01,Điểm thi THPT,2022,18.0,Kế toán (2 chuyên ngành: Kế toán; Kiểm toán)
161310,TSN,ke-toan,D07,Điểm thi THPT,2022,18.0,Kế toán (2 chuyên ngành: Kế toán; Kiểm toán)
161311,TSN,ke-toan,D96,Điểm thi THPT,2022,18.0,Kế toán (2 chuyên ngành: Kế toán; Kiểm toán)
161312,TSN,ke-toan,A01,Điểm thi THPT,2023,20.0,Kế toán (Chương trình song ngữ Anh - Việt)
161313,TSN,ke-toan,D01,Điểm thi THPT,2023,21.0,Kế toán (02 chuyên ngành: Kế toán; Kiểm toán)
161314,TSN,ke-toan,D07,Điểm thi THPT,2023,20.0,Kế toán (Chương trình song ngữ Anh - Việt)
161315,TSN,ke-toan,D14,Điểm thi THPT,2023,21.0,Kế toán (02 chuyên ngành: Kế toán; Kiểm toán)
161316,TSN,ke-toan,D15,Điểm thi THPT,2023,21.0,Kế toán (02 chuyên ngành: Kế toán; Kiểm toán)
161317,TSN,ke-toan,D96,Điểm thi THPT,2023,21.0,Kế toán (02 chuyên ngành: Kế toán; Kiểm toán)
161318,TSN,ke-toan,A01,Điểm thi THPT,2024,20.0,Kế toán (Chương trình đặc biệt)
161319,TSN,ke-toan,D01,Điểm thi THPT,2024,20.0,Kế toán
161320,TSN,ke-toan,D07,Điểm thi THPT,2024,20.0,Kế toán (Chương trình đặc biệt)
161321,TSN,ke-toan,D14,Điểm thi THPT,2024,20.0,Kế toán
161322,TSN,ke-toan,D15,Điểm thi THPT,2024,20.0,Kế toán
161323,TSN,ke-toan,D96,Điểm thi THPT,2024,20.0,Kế toán
161324,TSN,ke-toan,C04,Điểm thi THPT,2025,21.7,Kế toán
161325,TSN,ke-toan,D01,Điểm thi THPT,2025,21.7,Kế toán
161326,TSN,ke-toan,X01,Điểm thi THPT,2025,21.7,Kế toán
161327,TSN,ke-toan,X02,Điểm thi THPT,2025,21.7,Kế toán
161328,TSN,khai-thac-thuy-san,A00,Điểm thi THPT,2021,15.0,Khai thác thuỷ sản
161329,TSN,khai-thac-thuy-san,A01,Điểm thi THPT,2021,15.0,Khai thác thuỷ sản
161330,TSN,khai-thac-thuy-san,B00,Điểm thi THPT,2021,15.0,Khai thác thuỷ sản
161331,TSN,khai-thac-thuy-san,D07,Điểm thi THPT,2021,15.0,Khai thác thuỷ sản
161332,TSN,khai-thac-thuy-san,A00,Điểm thi THPT,2022,15.5,"Khai thác thuỷ sản (03 chuyên ngành: Khai thác thủy sản, Khai thác hàng hải thủy sản, Quản lý Nuôi trồng thủy sản; 01 Chương trình đào tạo Minh Phú - NTU)"
161333,TSN,khai-thac-thuy-san,A01,Điểm thi THPT,2022,15.5,"Khai thác thuỷ sản (03 chuyên ngành: Khai thác thủy sản, Khai thác hàng hải thủy sản, Quản lý Nuôi trồng thủy sản; 01 Chương trình đào tạo Minh Phú - NTU)"
161334,TSN,khai-thac-thuy-san,B00,Điểm thi THPT,2022,15.5,"Khai thác thuỷ sản (03 chuyên ngành: Khai thác thủy sản, Khai thác hàng hải thủy sản, Quản lý Nuôi trồng thủy sản; 01 Chương trình đào tạo Minh Phú - NTU)"
161335,TSN,khai-thac-thuy-san,D07,Điểm thi THPT,2022,15.5,"Khai thác thuỷ sản (03 chuyên ngành: Khai thác thủy sản, Khai thác hàng hải thủy sản, Quản lý Nuôi trồng thủy sản; 01 Chương trình đào tạo Minh Phú - NTU)"
161336,TSN,khoa-hoc-hang-hai,A00,Điểm thi THPT,2021,18.0,Khoa học hàng hải
161337,TSN,khoa-hoc-hang-hai,A01,Điểm thi THPT,2021,18.0,Khoa học hàng hải
161338,TSN,khoa-hoc-hang-hai,C01,Điểm thi THPT,2021,18.0,Khoa học hàng hải
161339,TSN,khoa-hoc-hang-hai,D07,Điểm thi THPT,2021,18.0,Khoa học hàng hải
161340,TSN,khoa-hoc-hang-hai,A00,Điểm thi THPT,2022,17.0,"Khoa học hàng hải (2 chuyên ngành: Khoa học hàng hải,Quản lý hàng hải và Logistics)"
161341,TSN,khoa-hoc-hang-hai,A01,Điểm thi THPT,2022,17.0,"Khoa học hàng hải (2 chuyên ngành: Khoa học hàng hải,Quản lý hàng hải và Logistics)"
161342,TSN,khoa-hoc-hang-hai,C01,Điểm thi THPT,2022,17.0,"Khoa học hàng hải (2 chuyên ngành: Khoa học hàng hải,Quản lý hàng hải và Logistics)"
161343,TSN,khoa-hoc-hang-hai,D07,Điểm thi THPT,2022,17.0,"Khoa học hàng hải (2 chuyên ngành: Khoa học hàng hải,Quản lý hàng hải và Logistics)"
161344,TSN,khoa-hoc-hang-hai,A01,Điểm thi THPT,2023,20.5,Khoa học hàng hải (02 chuyên ngành: Khoa học hàng hải: Quản lý hàng hà và Logistics)
161345,TSN,khoa-hoc-hang-hai,D01,Điểm thi THPT,2023,20.5,Khoa học hàng hải (02 chuyên ngành: Khoa học hàng hải: Quản lý hàng hà và Logistics)
161346,TSN,khoa-hoc-hang-hai,D07,Điểm thi THPT,2023,20.5,Khoa học hàng hải (02 chuyên ngành: Khoa học hàng hải: Quản lý hàng hà và Logistics)
161347,TSN,khoa-hoc-hang-hai,D90,Điểm thi THPT,2023,20.5,Khoa học hàng hải (02 chuyên ngành: Khoa học hàng hải: Quản lý hàng hà và Logistics)
161348,TSN,khoa-hoc-hang-hai,A01,Điểm thi THPT,2024,21.0,Khoa học hàng hải (02 chuyên ngành: Khoa học hàng hải; Quản lý hàng hải và Logistics)
161349,TSN,khoa-hoc-hang-hai,D01,Điểm thi THPT,2024,21.0,Khoa học hàng hải (02 chuyên ngành: Khoa học hàng hải; Quản lý hàng hải và Logistics)
161350,TSN,khoa-hoc-hang-hai,D07,Điểm thi THPT,2024,21.0,Khoa học hàng hải (02 chuyên ngành: Khoa học hàng hải; Quản lý hàng hải và Logistics)
161351,TSN,khoa-hoc-hang-hai,D90,Điểm thi THPT,2024,21.0,Khoa học hàng hải (02 chuyên ngành: Khoa học hàng hải; Quản lý hàng hải và Logistics)
161352,TSN,khoa-hoc-hang-hai,C01,Điểm thi THPT,2025,22.64,Khoa học hàng hải (02 chuyên ngành: Khoa học hàng hải; Quản lý hàng hải và Logistics)
161353,TSN,khoa-hoc-hang-hai,D01,Điểm thi THPT,2025,22.64,Khoa học hàng hải (02 chuyên ngành: Khoa học hàng hải; Quản lý hàng hải và Logistics)
161354,TSN,khoa-hoc-hang-hai,X02,Điểm thi THPT,2025,22.64,Khoa học hàng hải (02 chuyên ngành: Khoa học hàng hải; Quản lý hàng hải và Logistics)
161355,TSN,khoa-hoc-hang-hai,X03,Điểm thi THPT,2025,22.64,Khoa học hàng hải (02 chuyên ngành: Khoa học hàng hải; Quản lý hàng hải và Logistics)
161356,TSN,khoa-hoc-hang-hai,X04,Điểm thi THPT,2025,22.64,Khoa học hàng hải (02 chuyên ngành: Khoa học hàng hải; Quản lý hàng hải và Logistics)
161357,TSN,khoa-hoc-may-tinh,A01,Điểm thi THPT,2024,20.0,Khoa học máy tính (02 chuyên ngành: Trí tuệ nhân tạo; Khoa học dữ liệu)
161358,TSN,khoa-hoc-may-tinh,D01,Điểm thi THPT,2024,20.0,Khoa học máy tính (02 chuyên ngành: Trí tuệ nhân tạo; Khoa học dữ liệu)
161359,TSN,khoa-hoc-may-tinh,D07,Điểm thi THPT,2024,20.0,Khoa học máy tính (02 chuyên ngành: Trí tuệ nhân tạo; Khoa học dữ liệu)
161360,TSN,khoa-hoc-may-tinh,D90,Điểm thi THPT,2024,20.0,Khoa học máy tính (02 chuyên ngành: Trí tuệ nhân tạo; Khoa học dữ liệu)
161361,TSN,khoa-hoc-may-tinh,C01,Điểm thi THPT,2025,20.75,Khoa học máy tính
161362,TSN,khoa-hoc-may-tinh,D01,Điểm thi THPT,2025,20.75,Khoa học máy tính
161363,TSN,khoa-hoc-may-tinh,X02,Điểm thi THPT,2025,20.75,Khoa học máy tính
161364,TSN,khoa-hoc-may-tinh,X03,Điểm thi THPT,2025,20.75,Khoa học máy tính
161365,TSN,khoa-hoc-may-tinh,X04,Điểm thi THPT,2025,20.75,Khoa học máy tính
161366,TSN,khoa-hoc-thuy-san,A00,Điểm thi THPT,2023,16.0,"Khoa học thủy sản (02 chuyên ngành: Khai thác thủy sản, Khoa học thủy sản)"
161367,TSN,khoa-hoc-thuy-san,A01,Điểm thi THPT,2023,16.0,"Khoa học thủy sản (02 chuyên ngành: Khai thác thủy sản, Khoa học thủy sản)"
161368,TSN,khoa-hoc-thuy-san,B00,Điểm thi THPT,2023,16.0,"Khoa học thủy sản (02 chuyên ngành: Khai thác thủy sản, Khoa học thủy sản)"
161369,TSN,khoa-hoc-thuy-san,D07,Điểm thi THPT,2023,16.0,"Khoa học thủy sản (02 chuyên ngành: Khai thác thủy sản, Khoa học thủy sản)"
161370,TSN,khoa-hoc-thuy-san,A00,Điểm thi THPT,2024,16.0,Khoa hoc thủy sản (02 chuyên ngành: Khoa hoc thủy sản; Khai thác thủy sản)
161371,TSN,khoa-hoc-thuy-san,A01,Điểm thi THPT,2024,16.0,Khoa hoc thủy sản (02 chuyên ngành: Khoa hoc thủy sản; Khai thác thủy sản)
161372,TSN,khoa-hoc-thuy-san,B00,Điểm thi THPT,2024,16.0,Khoa hoc thủy sản (02 chuyên ngành: Khoa hoc thủy sản; Khai thác thủy sản)
161373,TSN,khoa-hoc-thuy-san,D07,Điểm thi THPT,2024,16.0,Khoa hoc thủy sản (02 chuyên ngành: Khoa hoc thủy sản; Khai thác thủy sản)
161374,TSN,khoa-hoc-thuy-san,B03,Điểm thi THPT,2025,18.87,"Khoa học thủy sản (02 chuyên ngành: Khoa học thủy sản, Khai thác thủy sản)"
161375,TSN,khoa-hoc-thuy-san,C02,Điểm thi THPT,2025,18.87,"Khoa học thủy sản (02 chuyên ngành: Khoa học thủy sản, Khai thác thủy sản)"
161376,TSN,khoa-hoc-thuy-san,D01,Điểm thi THPT,2025,18.87,"Khoa học thủy sản (02 chuyên ngành: Khoa học thủy sản, Khai thác thủy sản)"
161377,TSN,khoa-hoc-thuy-san,X03,Điểm thi THPT,2025,18.87,"Khoa học thủy sản (02 chuyên ngành: Khoa học thủy sản, Khai thác thủy sản)"
161378,TSN,khoa-hoc-thuy-san,X04,Điểm thi THPT,2025,18.87,"Khoa học thủy sản (02 chuyên ngành: Khoa học thủy sản, Khai thác thủy sản)"
161379,TSN,kiem-toan,D01,Điểm thi THPT,2024,20.0,Kiểm toán
161380,TSN,kiem-toan,D14,Điểm thi THPT,2024,20.0,Kiểm toán
161381,TSN,kiem-toan,D15,Điểm thi THPT,2024,20.0,Kiểm toán
161382,TSN,kiem-toan,D96,Điểm thi THPT,2024,20.0,Kiểm toán
161383,TSN,kiem-toan,C04,Điểm thi THPT,2025,21.7,Kiểm toán
161384,TSN,kiem-toan,D01,Điểm thi THPT,2025,21.7,Kiểm toán
161385,TSN,kiem-toan,X01,Điểm thi THPT,2025,21.7,Kiểm toán
161386,TSN,kiem-toan,X02,Điểm thi THPT,2025,21.7,Kiểm toán
161387,TSN,kinh-doanh-thuong-mai,A01,Điểm thi THPT,2021,22.0,Kinh doanh thương mại
161388,TSN,kinh-doanh-thuong-mai,D01,Điểm thi THPT,2021,22.0,Kinh doanh thương mại
161389,TSN,kinh-doanh-thuong-mai,D07,Điểm thi THPT,2021,22.0,Kinh doanh thương mại
161390,TSN,kinh-doanh-thuong-mai,D96,Điểm thi THPT,2021,22.0,Kinh doanh thương mại
161391,TSN,kinh-doanh-thuong-mai,A01,Điểm thi THPT,2022,19.0,Kinh doanh thương mại
161392,TSN,kinh-doanh-thuong-mai,D01,Điểm thi THPT,2022,19.0,Kinh doanh thương mại
161393,TSN,kinh-doanh-thuong-mai,D07,Điểm thi THPT,2022,19.0,Kinh doanh thương mại
161394,TSN,kinh-doanh-thuong-mai,D96,Điểm thi THPT,2022,19.0,Kinh doanh thương mại
161395,TSN,kinh-doanh-thuong-mai,D01,Điểm thi THPT,2023,23.0,Kinh doanh thương mại
161396,TSN,kinh-doanh-thuong-mai,D14,Điểm thi THPT,2023,23.0,Kinh doanh thương mại
161397,TSN,kinh-doanh-thuong-mai,D15,Điểm thi THPT,2023,23.0,Kinh doanh thương mại
161398,TSN,kinh-doanh-thuong-mai,D96,Điểm thi THPT,2023,23.0,Kinh doanh thương mại
161399,TSN,kinh-doanh-thuong-mai,D01,Điểm thi THPT,2024,22.0,Kinh doanh thương mại
161400,TSN,kinh-doanh-thuong-mai,D14,Điểm thi THPT,2024,22.0,Kinh doanh thương mại
161401,TSN,kinh-doanh-thuong-mai,D15,Điểm thi THPT,2024,22.0,Kinh doanh thương mại
161402,TSN,kinh-doanh-thuong-mai,D96,Điểm thi THPT,2024,22.0,Kinh doanh thương mại
161403,TSN,kinh-doanh-thuong-mai,C04,Điểm thi THPT,2025,22.64,Kinh doanh thương mại
161404,TSN,kinh-doanh-thuong-mai,D01,Điểm thi THPT,2025,22.64,Kinh doanh thương mại
161405,TSN,kinh-doanh-thuong-mai,X01,Điểm thi THPT,2025,22.64,Kinh doanh thương mại
161406,TSN,kinh-doanh-thuong-mai,X02,Điểm thi THPT,2025,22.64,Kinh doanh thương mại
161407,TSN,kinh-te,A01,Điểm thi THPT,2022,17.0,Kinh tế (2 chuyên ngành: Kinh tế thủy sản; Quản lý kinh tế)
161408,TSN,kinh-te,D01,Điểm thi THPT,2022,17.0,Kinh tế (2 chuyên ngành: Kinh tế thủy sản; Quản lý kinh tế)
161409,TSN,kinh-te,D07,Điểm thi THPT,2022,17.0,Kinh tế (2 chuyên ngành: Kinh tế thủy sản; Quản lý kinh tế)
161410,TSN,kinh-te,D96,Điểm thi THPT,2022,17.0,Kinh tế (2 chuyên ngành: Kinh tế thủy sản; Quản lý kinh tế)
161411,TSN,kinh-te,D01,Điểm thi THPT,2023,18.0,Kinh tế (02 chuyên ngành: Kinh tế thủy sản; Quản lý kinh tế)
161412,TSN,kinh-te,D14,Điểm thi THPT,2023,18.0,Kinh tế (02 chuyên ngành: Kinh tế thủy sản; Quản lý kinh tế)
161413,TSN,kinh-te,D15,Điểm thi THPT,2023,18.0,Kinh tế (02 chuyên ngành: Kinh tế thủy sản; Quản lý kinh tế)
161414,TSN,kinh-te,D96,Điểm thi THPT,2023,18.0,Kinh tế (02 chuyên ngành: Kinh tế thủy sản; Quản lý kinh tế)
161415,TSN,kinh-te,D01,Điểm thi THPT,2024,21.0,Kinh tế (02 chuyên ngành: Kinh tế thủy sản; Quản lý kinh tế)
161416,TSN,kinh-te,D14,Điểm thi THPT,2024,21.0,Kinh tế (02 chuyên ngành: Kinh tế thủy sản; Quản lý kinh tế)
161417,TSN,kinh-te,D15,Điểm thi THPT,2024,21.0,Kinh tế (02 chuyên ngành: Kinh tế thủy sản; Quản lý kinh tế)
161418,TSN,kinh-te,D96,Điểm thi THPT,2024,21.0,Kinh tế (02 chuyên ngành: Kinh tế thủy sản; Quản lý kinh tế)
161419,TSN,kinh-te,C04,Điểm thi THPT,2025,19.81,Kinh tế (02 chuyên ngành: Kinh tế thủy sản; Quản lý kinh tế)
161420,TSN,kinh-te,D01,Điểm thi THPT,2025,19.81,Kinh tế (02 chuyên ngành: Kinh tế thủy sản; Quản lý kinh tế)
161421,TSN,kinh-te,X01,Điểm thi THPT,2025,19.81,Kinh tế (02 chuyên ngành: Kinh tế thủy sản; Quản lý kinh tế)
161422,TSN,kinh-te,X02,Điểm thi THPT,2025,19.81,Kinh tế (02 chuyên ngành: Kinh tế thủy sản; Quản lý kinh tế)
161423,TSN,kinh-te-phat-trien,A01,Điểm thi THPT,2021,20.0,Kinh tế phát triển
161424,TSN,kinh-te-phat-trien,D01,Điểm thi THPT,2021,20.0,Kinh tế phát triển
161425,TSN,kinh-te-phat-trien,D07,Điểm thi THPT,2021,20.0,Kinh tế phát triển
161426,TSN,kinh-te-phat-trien,D96,Điểm thi THPT,2021,20.0,Kinh tế phát triển
161427,TSN,kinh-te-phat-trien,A01,Điểm thi THPT,2022,18.0,Kinh tế phát triển
161428,TSN,kinh-te-phat-trien,D01,Điểm thi THPT,2022,18.0,Kinh tế phát triển
161429,TSN,kinh-te-phat-trien,D07,Điểm thi THPT,2022,18.0,Kinh tế phát triển
161430,TSN,kinh-te-phat-trien,D96,Điểm thi THPT,2022,18.0,Kinh tế phát triển
161431,TSN,kinh-te-phat-trien,D01,Điểm thi THPT,2023,20.0,Kinh tế phát triển
161432,TSN,kinh-te-phat-trien,D14,Điểm thi THPT,2023,20.0,Kinh tế phát triển
161433,TSN,kinh-te-phat-trien,D15,Điểm thi THPT,2023,20.0,Kinh tế phát triển
161434,TSN,kinh-te-phat-trien,D96,Điểm thi THPT,2023,20.0,Kinh tế phát triển
161435,TSN,kinh-te-phat-trien,D01,Điểm thi THPT,2024,21.0,Kinh tế phát triển
161436,TSN,kinh-te-phat-trien,D14,Điểm thi THPT,2024,21.0,Kinh tế phát triển
161437,TSN,kinh-te-phat-trien,D15,Điểm thi THPT,2024,21.0,Kinh tế phát triển
161438,TSN,kinh-te-phat-trien,D96,Điểm thi THPT,2024,21.0,Kinh tế phát triển
161439,TSN,kinh-te-phat-trien,C04,Điểm thi THPT,2025,19.81,Kinh tế phát triển
161440,TSN,kinh-te-phat-trien,D01,Điểm thi THPT,2025,19.81,Kinh tế phát triển
161441,TSN,kinh-te-phat-trien,X01,Điểm thi THPT,2025,19.81,Kinh tế phát triển
161442,TSN,kinh-te-phat-trien,X02,Điểm thi THPT,2025,19.81,Kinh tế phát triển
161443,TSN,kinh-te-thuy-san,A01,Điểm thi THPT,2021,18.0,Kinh tế (chuyên ngành Kinh tế thủy sản)
161444,TSN,kinh-te-thuy-san,D01,Điểm thi THPT,2021,18.0,Kinh tế (chuyên ngành Kinh tế thủy sản)
161445,TSN,kinh-te-thuy-san,D07,Điểm thi THPT,2021,18.0,Kinh tế (chuyên ngành Kinh tế thủy sản)
161446,TSN,kinh-te-thuy-san,D96,Điểm thi THPT,2021,18.0,Kinh tế (chuyên ngành Kinh tế thủy sản)
161447,TSN,ky-thuat-bien,A00,Điểm thi THPT,2024,16.5,Kỹ thuật biển
161448,TSN,ky-thuat-bien,A01,Điểm thi THPT,2024,16.5,Kỹ thuật biển
161449,TSN,ky-thuat-bien,C01,Điểm thi THPT,2024,16.5,Kỹ thuật biển
161450,TSN,ky-thuat-bien,D90,Điểm thi THPT,2024,16.5,Kỹ thuật biển
161451,TSN,ky-thuat-bien,C01,Điểm thi THPT,2025,18.87,Kỹ thuật biển
161452,TSN,ky-thuat-bien,D01,Điểm thi THPT,2025,18.87,Kỹ thuật biển
161453,TSN,ky-thuat-bien,X02,Điểm thi THPT,2025,18.87,Kỹ thuật biển
161454,TSN,ky-thuat-bien,X03,Điểm thi THPT,2025,18.87,Kỹ thuật biển
161455,TSN,ky-thuat-bien,X04,Điểm thi THPT,2025,18.87,Kỹ thuật biển
161456,TSN,ky-thuat-co-dien-tu,A00,Điểm thi THPT,2021,16.0,Kỹ thuật cơ điện tử
161457,TSN,ky-thuat-co-dien-tu,A01,Điểm thi THPT,2021,16.0,Kỹ thuật cơ điện tử
161458,TSN,ky-thuat-co-dien-tu,C01,Điểm thi THPT,2021,16.0,Kỹ thuật cơ điện tử
161459,TSN,ky-thuat-co-dien-tu,D07,Điểm thi THPT,2021,16.0,Kỹ thuật cơ điện tử
161460,TSN,ky-thuat-co-dien-tu,A00,Điểm thi THPT,2022,15.5,Kỹ thuật cơ điện tử
161461,TSN,ky-thuat-co-dien-tu,A01,Điểm thi THPT,2022,15.5,Kỹ thuật cơ điện tử
161462,TSN,ky-thuat-co-dien-tu,C01,Điểm thi THPT,2022,15.5,Kỹ thuật cơ điện tử
161463,TSN,ky-thuat-co-dien-tu,D07,Điểm thi THPT,2022,15.5,Kỹ thuật cơ điện tử
161464,TSN,ky-thuat-co-dien-tu,A00,Điểm thi THPT,2024,17.0,Kỹ thuật cơ điện tử
161465,TSN,ky-thuat-co-dien-tu,A01,Điểm thi THPT,2024,17.0,Kỹ thuật cơ điện tử
161466,TSN,ky-thuat-co-dien-tu,C01,Điểm thi THPT,2024,17.0,Kỹ thuật cơ điện tử
161467,TSN,ky-thuat-co-dien-tu,D07,Điểm thi THPT,2024,17.0,Kỹ thuật cơ điện tử
161468,TSN,ky-thuat-co-dien-tu,C01,Điểm thi THPT,2025,19.81,Kỹ thuật cơ điện tử
161469,TSN,ky-thuat-co-dien-tu,D01,Điểm thi THPT,2025,19.81,Kỹ thuật cơ điện tử
161470,TSN,ky-thuat-co-dien-tu,X02,Điểm thi THPT,2025,19.81,Kỹ thuật cơ điện tử
161471,TSN,ky-thuat-co-dien-tu,X03,Điểm thi THPT,2025,19.81,Kỹ thuật cơ điện tử
161472,TSN,ky-thuat-co-dien-tu,X04,Điểm thi THPT,2025,19.81,Kỹ thuật cơ điện tử
161473,TSN,ky-thuat-co-khi,A00,Điểm thi THPT,2022,15.5,"Kỹ thuật cơ khí (2 chuyên ngành: Kỹ thuật môi trường, Quản lý môi trường và an toàn lao dộng)"
161474,TSN,ky-thuat-co-khi,A01,Điểm thi THPT,2022,15.5,"Kỹ thuật cơ khí (2 chuyên ngành: Kỹ thuật môi trường, Quản lý môi trường và an toàn lao dộng)"
161475,TSN,ky-thuat-co-khi,C01,Điểm thi THPT,2022,15.5,"Kỹ thuật cơ khí (2 chuyên ngành: Kỹ thuật môi trường, Quản lý môi trường và an toàn lao dộng)"
161476,TSN,ky-thuat-co-khi,D07,Điểm thi THPT,2022,15.5,"Kỹ thuật cơ khí (2 chuyên ngành: Kỹ thuật môi trường, Quản lý môi trường và an toàn lao dộng)"
161477,TSN,ky-thuat-co-khi,A00,Điểm thi THPT,2023,17.0,Kỹ thuật cơ khí (02 chuyên ngành: Kỹ thuật cơ khí; Thiết kế và chế tạo số)
161478,TSN,ky-thuat-co-khi,A01,Điểm thi THPT,2023,17.0,Kỹ thuật cơ khí (02 chuyên ngành: Kỹ thuật cơ khí; Thiết kế và chế tạo số)
161479,TSN,ky-thuat-co-khi,C01,Điểm thi THPT,2023,17.0,Kỹ thuật cơ khí (02 chuyên ngành: Kỹ thuật cơ khí; Thiết kế và chế tạo số)
161480,TSN,ky-thuat-co-khi,D07,Điểm thi THPT,2023,17.0,Kỹ thuật cơ khí (02 chuyên ngành: Kỹ thuật cơ khí; Thiết kế và chế tạo số)
161481,TSN,ky-thuat-co-khi,A00,Điểm thi THPT,2024,17.5,Kỹ thuật cơ khí (02 chuyên ngành: Kỹ thuật cơ khí; Thiết kế và chế tạo số)
161482,TSN,ky-thuat-co-khi,A01,Điểm thi THPT,2024,17.5,Kỹ thuật cơ khí (02 chuyên ngành: Kỹ thuật cơ khí; Thiết kế và chế tạo số)
161483,TSN,ky-thuat-co-khi,C01,Điểm thi THPT,2024,17.5,Kỹ thuật cơ khí (02 chuyên ngành: Kỹ thuật cơ khí; Thiết kế và chế tạo số)
161484,TSN,ky-thuat-co-khi,D07,Điểm thi THPT,2024,17.5,Kỹ thuật cơ khí (02 chuyên ngành: Kỹ thuật cơ khí; Thiết kế và chế tạo số)
161485,TSN,ky-thuat-co-khi,C01,Điểm thi THPT,2025,19.81,Kỹ thuật cơ khí (02 chuyên ngành: Kỹ thuật cơ khí; Thiết kế và chế tạo số)
161486,TSN,ky-thuat-co-khi,D01,Điểm thi THPT,2025,19.81,Kỹ thuật cơ khí (02 chuyên ngành: Kỹ thuật cơ khí; Thiết kế và chế tạo số)
161487,TSN,ky-thuat-co-khi,X02,Điểm thi THPT,2025,19.81,Kỹ thuật cơ khí (02 chuyên ngành: Kỹ thuật cơ khí; Thiết kế và chế tạo số)
161488,TSN,ky-thuat-co-khi,X03,Điểm thi THPT,2025,19.81,Kỹ thuật cơ khí (02 chuyên ngành: Kỹ thuật cơ khí; Thiết kế và chế tạo số)
161489,TSN,ky-thuat-co-khi,X04,Điểm thi THPT,2025,19.81,Kỹ thuật cơ khí (02 chuyên ngành: Kỹ thuật cơ khí; Thiết kế và chế tạo số)
161490,TSN,ky-thuat-co-khi-dong-luc,A00,Điểm thi THPT,2021,16.0,Kỹ thuật cơ khí động lực
161491,TSN,ky-thuat-co-khi-dong-luc,A01,Điểm thi THPT,2021,16.0,Kỹ thuật cơ khí động lực
161492,TSN,ky-thuat-co-khi-dong-luc,C01,Điểm thi THPT,2021,16.0,Kỹ thuật cơ khí động lực
161493,TSN,ky-thuat-co-khi-dong-luc,D07,Điểm thi THPT,2021,16.0,Kỹ thuật cơ khí động lực
161494,TSN,ky-thuat-co-khi-dong-luc,A00,Điểm thi THPT,2022,15.5,Kỹ thuật cơ khí động lực
161495,TSN,ky-thuat-co-khi-dong-luc,A01,Điểm thi THPT,2022,15.5,Kỹ thuật cơ khí động lực
161496,TSN,ky-thuat-co-khi-dong-luc,C01,Điểm thi THPT,2022,15.5,Kỹ thuật cơ khí động lực
161497,TSN,ky-thuat-co-khi-dong-luc,D07,Điểm thi THPT,2022,15.5,Kỹ thuật cơ khí động lực
161498,TSN,ky-thuat-co-khi-dong-luc,A00,Điểm thi THPT,2023,16.0,Kỹ thuật cơ khí động lực
161499,TSN,ky-thuat-co-khi-dong-luc,A01,Điểm thi THPT,2023,16.0,Kỹ thuật cơ khí động lực
161500,TSN,ky-thuat-co-khi-dong-luc,C01,Điểm thi THPT,2023,16.0,Kỹ thuật cơ khí động lực
161501,TSN,ky-thuat-co-khi-dong-luc,D07,Điểm thi THPT,2023,16.0,Kỹ thuật cơ khí động lực
161502,TSN,ky-thuat-co-khi-dong-luc,A00,Điểm thi THPT,2024,16.5,Kỹ thuật cơ khí động lực
161503,TSN,ky-thuat-co-khi-dong-luc,A01,Điểm thi THPT,2024,16.5,Kỹ thuật cơ khí động lực
161504,TSN,ky-thuat-co-khi-dong-luc,C01,Điểm thi THPT,2024,16.5,Kỹ thuật cơ khí động lực
161505,TSN,ky-thuat-co-khi-dong-luc,D90,Điểm thi THPT,2024,16.5,Kỹ thuật cơ khí động lực
161506,TSN,ky-thuat-co-khi-dong-luc,C01,Điểm thi THPT,2025,18.87,Kỹ thuật cơ khí động lực
161507,TSN,ky-thuat-co-khi-dong-luc,D01,Điểm thi THPT,2025,18.87,Kỹ thuật cơ khí động lực
161508,TSN,ky-thuat-co-khi-dong-luc,X02,Điểm thi THPT,2025,18.87,Kỹ thuật cơ khí động lực
161509,TSN,ky-thuat-co-khi-dong-luc,X03,Điểm thi THPT,2025,18.87,Kỹ thuật cơ khí động lực
161510,TSN,ky-thuat-co-khi-dong-luc,X04,Điểm thi THPT,2025,18.87,Kỹ thuật cơ khí động lực
161511,TSN,ky-thuat-dien,A00,Điểm thi THPT,2022,15.5,"Kỹ thuật điện (2 chuyên ngành: Kỹ thuật điện, điện tử; Kỹ thuật điều khiển và tự động hóa)"
161512,TSN,ky-thuat-dien,A01,Điểm thi THPT,2022,15.5,"Kỹ thuật điện (2 chuyên ngành: Kỹ thuật điện, điện tử; Kỹ thuật điều khiển và tự động hóa)"
161513,TSN,ky-thuat-dien,C01,Điểm thi THPT,2022,15.5,"Kỹ thuật điện (2 chuyên ngành: Kỹ thuật điện, điện tử; Kỹ thuật điều khiển và tự động hóa)"
161514,TSN,ky-thuat-dien,D07,Điểm thi THPT,2022,15.5,"Kỹ thuật điện (2 chuyên ngành: Kỹ thuật điện, điện tử; Kỹ thuật điều khiển và tự động hóa)"
161515,TSN,ky-thuat-dien-dien-tu,A01,Điểm thi THPT,2023,18.0,"Kỹ thuật điện ( chuyên ngành Kỹ thuật điện, điện tử)"
161516,TSN,ky-thuat-dien-dien-tu,D01,Điểm thi THPT,2023,18.0,"Kỹ thuật điện ( chuyên ngành Kỹ thuật điện, điện tử)"
161517,TSN,ky-thuat-dien-dien-tu,D07,Điểm thi THPT,2023,18.0,"Kỹ thuật điện ( chuyên ngành Kỹ thuật điện, điện tử)"
161518,TSN,ky-thuat-dien-dien-tu,D90,Điểm thi THPT,2023,18.0,"Kỹ thuật điện ( chuyên ngành Kỹ thuật điện, điện tử)"
161519,TSN,ky-thuat-dien-dien-tu,A01,Điểm thi THPT,2024,18.5,Kỳ thuật điện (chuyên ngành Kỹ thuật điện; điện tử)
161520,TSN,ky-thuat-dien-dien-tu,D01,Điểm thi THPT,2024,18.5,Kỳ thuật điện (chuyên ngành Kỹ thuật điện; điện tử)
161521,TSN,ky-thuat-dien-dien-tu,D07,Điểm thi THPT,2024,18.5,Kỳ thuật điện (chuyên ngành Kỹ thuật điện; điện tử)
161522,TSN,ky-thuat-dien-dien-tu,D90,Điểm thi THPT,2024,18.5,Kỳ thuật điện (chuyên ngành Kỹ thuật điện; điện tử)
161523,TSN,ky-thuat-dien-dien-tu,C01,Điểm thi THPT,2025,20.28,"Kỹ thuật điện (chuyên ngành Kỹ thuật điện, điện tử)"
161524,TSN,ky-thuat-dien-dien-tu,D01,Điểm thi THPT,2025,20.28,"Kỹ thuật điện (chuyên ngành Kỹ thuật điện, điện tử)"
161525,TSN,ky-thuat-dien-dien-tu,X02,Điểm thi THPT,2025,20.28,"Kỹ thuật điện (chuyên ngành Kỹ thuật điện, điện tử)"
161526,TSN,ky-thuat-dien-dien-tu,X03,Điểm thi THPT,2025,20.28,"Kỹ thuật điện (chuyên ngành Kỹ thuật điện, điện tử)"
161527,TSN,ky-thuat-dien-dien-tu,X04,Điểm thi THPT,2025,20.28,"Kỹ thuật điện (chuyên ngành Kỹ thuật điện, điện tử)"
161528,TSN,ky-thuat-dien-tu,A01,Điểm thi THPT,2023,16.5,Kỹ thuật điện tử
161529,TSN,ky-thuat-dien-tu,D01,Điểm thi THPT,2023,16.5,Kỹ thuật điện tử
161530,TSN,ky-thuat-dien-tu,D07,Điểm thi THPT,2023,16.5,Kỹ thuật điện tử
161531,TSN,ky-thuat-dien-tu,D90,Điểm thi THPT,2023,16.5,Kỹ thuật điện tử
161532,TSN,ky-thuat-dieu-khien-va-tu-dong-hoa,A01,Điểm thi THPT,2023,16.0,Kỹ thuật điều khiển và tự động hóa
161533,TSN,ky-thuat-dieu-khien-va-tu-dong-hoa,D01,Điểm thi THPT,2023,16.0,Kỹ thuật điều khiển và tự động hóa
161534,TSN,ky-thuat-dieu-khien-va-tu-dong-hoa,D07,Điểm thi THPT,2023,16.0,Kỹ thuật điều khiển và tự động hóa
161535,TSN,ky-thuat-dieu-khien-va-tu-dong-hoa,D90,Điểm thi THPT,2023,16.0,Kỹ thuật điều khiển và tự động hóa
161536,TSN,ky-thuat-dieu-khien-va-tu-dong-hoa,A01,Điểm thi THPT,2024,17.0,Kỹ thuật điều khiến và tự động hóa
161537,TSN,ky-thuat-dieu-khien-va-tu-dong-hoa,D01,Điểm thi THPT,2024,17.0,Kỹ thuật điều khiến và tự động hóa
161538,TSN,ky-thuat-dieu-khien-va-tu-dong-hoa,D07,Điểm thi THPT,2024,17.0,Kỹ thuật điều khiến và tự động hóa
161539,TSN,ky-thuat-dieu-khien-va-tu-dong-hoa,D90,Điểm thi THPT,2024,17.0,Kỹ thuật điều khiến và tự động hóa
161540,TSN,ky-thuat-dieu-khien-va-tu-dong-hoa,C01,Điểm thi THPT,2025,19.81,Kỹ thuật điều khiển và tự động hóa
161541,TSN,ky-thuat-dieu-khien-va-tu-dong-hoa,D01,Điểm thi THPT,2025,19.81,Kỹ thuật điều khiển và tự động hóa
161542,TSN,ky-thuat-dieu-khien-va-tu-dong-hoa,X02,Điểm thi THPT,2025,19.81,Kỹ thuật điều khiển và tự động hóa
161543,TSN,ky-thuat-dieu-khien-va-tu-dong-hoa,X03,Điểm thi THPT,2025,19.81,Kỹ thuật điều khiển và tự động hóa
161544,TSN,ky-thuat-dieu-khien-va-tu-dong-hoa,X04,Điểm thi THPT,2025,19.81,Kỹ thuật điều khiển và tự động hóa
161545,TSN,ky-thuat-hoa-hoc,A00,Điểm thi THPT,2021,15.0,Kỹ thuật hoá học
161546,TSN,ky-thuat-hoa-hoc,A01,Điểm thi THPT,2021,15.0,Kỹ thuật hoá học
161547,TSN,ky-thuat-hoa-hoc,B00,Điểm thi THPT,2021,15.0,Kỹ thuật hoá học
161548,TSN,ky-thuat-hoa-hoc,D07,Điểm thi THPT,2021,15.0,Kỹ thuật hoá học
161549,TSN,ky-thuat-hoa-hoc,A00,Điểm thi THPT,2022,15.5,Kỹ thuật hoá học
161550,TSN,ky-thuat-hoa-hoc,A01,Điểm thi THPT,2022,15.5,Kỹ thuật hoá học
161551,TSN,ky-thuat-hoa-hoc,B00,Điểm thi THPT,2022,15.5,Kỹ thuật hoá học
161552,TSN,ky-thuat-hoa-hoc,D07,Điểm thi THPT,2022,15.5,Kỹ thuật hoá học
161553,TSN,ky-thuat-hoa-hoc,A00,Điểm thi THPT,2023,16.0,Kỹ thuật hóa học
161554,TSN,ky-thuat-hoa-hoc,A01,Điểm thi THPT,2023,16.0,Kỹ thuật hóa học
161555,TSN,ky-thuat-hoa-hoc,B00,Điểm thi THPT,2023,16.0,Kỹ thuật hóa học
161556,TSN,ky-thuat-hoa-hoc,D07,Điểm thi THPT,2023,16.0,Kỹ thuật hóa học
161557,TSN,ky-thuat-hoa-hoc,A00,Điểm thi THPT,2024,16.0,Kỹ thuật hoá học
161558,TSN,ky-thuat-hoa-hoc,A01,Điểm thi THPT,2024,16.0,Kỹ thuật hoá học
161559,TSN,ky-thuat-hoa-hoc,B00,Điểm thi THPT,2024,16.0,Kỹ thuật hoá học
161560,TSN,ky-thuat-hoa-hoc,D07,Điểm thi THPT,2024,16.0,Kỹ thuật hoá học
161561,TSN,ky-thuat-hoa-hoc,B03,Điểm thi THPT,2025,18.87,Kỹ thuật hoá học
161562,TSN,ky-thuat-hoa-hoc,C02,Điểm thi THPT,2025,18.87,Kỹ thuật hoá học
161563,TSN,ky-thuat-hoa-hoc,D01,Điểm thi THPT,2025,18.87,Kỹ thuật hoá học
161564,TSN,ky-thuat-hoa-hoc,X03,Điểm thi THPT,2025,18.87,Kỹ thuật hoá học
161565,TSN,ky-thuat-hoa-hoc,X04,Điểm thi THPT,2025,18.87,Kỹ thuật hoá học
161566,TSN,ky-thuat-moi-truong,A00,Điểm thi THPT,2021,16.0,Kỹ thuật môi trường
161567,TSN,ky-thuat-moi-truong,A01,Điểm thi THPT,2021,16.0,Kỹ thuật môi trường
161568,TSN,ky-thuat-moi-truong,B00,Điểm thi THPT,2021,16.0,Kỹ thuật môi trường
161569,TSN,ky-thuat-moi-truong,D07,Điểm thi THPT,2021,16.0,Kỹ thuật môi trường
161570,TSN,ky-thuat-moi-truong,A00,Điểm thi THPT,2022,15.5,"Kỹ thuật môi trường (2 chuyên ngành: Công nghệ thực phẩm, Đảm bảo chất lượng và an toàn thực phẩm)"
161571,TSN,ky-thuat-moi-truong,A01,Điểm thi THPT,2022,15.5,"Kỹ thuật môi trường (2 chuyên ngành: Công nghệ thực phẩm, Đảm bảo chất lượng và an toàn thực phẩm)"
161572,TSN,ky-thuat-moi-truong,B00,Điểm thi THPT,2022,15.5,"Kỹ thuật môi trường (2 chuyên ngành: Công nghệ thực phẩm, Đảm bảo chất lượng và an toàn thực phẩm)"
161573,TSN,ky-thuat-moi-truong,D08,Điểm thi THPT,2022,15.5,"Kỹ thuật môi trường (2 chuyên ngành: Công nghệ thực phẩm, Đảm bảo chất lượng và an toàn thực phẩm)"
161574,TSN,ky-thuat-moi-truong,A00,Điểm thi THPT,2023,16.0,Kỹ thuật môi trường (02 chuyên ngành: Kỹ thuật môi trường; Quản lý môi trường và an toàn vệ sinh lao động)
161575,TSN,ky-thuat-moi-truong,A01,Điểm thi THPT,2023,16.0,Kỹ thuật môi trường (02 chuyên ngành: Kỹ thuật môi trường; Quản lý môi trường và an toàn vệ sinh lao động)
161576,TSN,ky-thuat-moi-truong,B00,Điểm thi THPT,2023,16.0,Kỹ thuật môi trường (02 chuyên ngành: Kỹ thuật môi trường; Quản lý môi trường và an toàn vệ sinh lao động)
161577,TSN,ky-thuat-moi-truong,D08,Điểm thi THPT,2023,16.0,Kỹ thuật môi trường (02 chuyên ngành: Kỹ thuật môi trường; Quản lý môi trường và an toàn vệ sinh lao động)
161578,TSN,ky-thuat-moi-truong,A00,Điểm thi THPT,2024,16.0,Kỹ thuật môi trường (02 chuyên ngành: Kỹ thuật mỏi trường; Quản lý môi trường và an toàn vệ sinh lao động)
161579,TSN,ky-thuat-moi-truong,A01,Điểm thi THPT,2024,16.0,Kỹ thuật môi trường (02 chuyên ngành: Kỹ thuật mỏi trường; Quản lý môi trường và an toàn vệ sinh lao động)
161580,TSN,ky-thuat-moi-truong,B00,Điểm thi THPT,2024,16.0,Kỹ thuật môi trường (02 chuyên ngành: Kỹ thuật mỏi trường; Quản lý môi trường và an toàn vệ sinh lao động)
161581,TSN,ky-thuat-moi-truong,D08,Điểm thi THPT,2024,16.0,Kỹ thuật môi trường (02 chuyên ngành: Kỹ thuật mỏi trường; Quản lý môi trường và an toàn vệ sinh lao động)
161582,TSN,ky-thuat-moi-truong,B03,Điểm thi THPT,2025,18.87,Kỹ thuật môi trường (02 chuyên ngành: Kỹ thuật môi trường; Quản lý môi trường và an toàn vệ sinh lao động)
161583,TSN,ky-thuat-moi-truong,C02,Điểm thi THPT,2025,18.87,Kỹ thuật môi trường (02 chuyên ngành: Kỹ thuật môi trường; Quản lý môi trường và an toàn vệ sinh lao động)
161584,TSN,ky-thuat-moi-truong,D01,Điểm thi THPT,2025,18.87,Kỹ thuật môi trường (02 chuyên ngành: Kỹ thuật môi trường; Quản lý môi trường và an toàn vệ sinh lao động)
161585,TSN,ky-thuat-moi-truong,X03,Điểm thi THPT,2025,18.87,Kỹ thuật môi trường (02 chuyên ngành: Kỹ thuật môi trường; Quản lý môi trường và an toàn vệ sinh lao động)
161586,TSN,ky-thuat-moi-truong,X04,Điểm thi THPT,2025,18.87,Kỹ thuật môi trường (02 chuyên ngành: Kỹ thuật môi trường; Quản lý môi trường và an toàn vệ sinh lao động)
161587,TSN,ky-thuat-nhiet,A00,Điểm thi THPT,2021,15.5,"Kỹ thuật nhiệt (3 chuyên ngành: Kỹ thuật nhiệt lạnh, Máy lạnh, điều hòa không khí và thông gió; Máy lạnh và thiết bị nhiệt thực phẩm)"
161588,TSN,ky-thuat-nhiet,A01,Điểm thi THPT,2021,15.5,"Kỹ thuật nhiệt (3 chuyên ngành: Kỹ thuật nhiệt lạnh, Máy lạnh, điều hòa không khí và thông gió; Máy lạnh và thiết bị nhiệt thực phẩm)"
161589,TSN,ky-thuat-nhiet,C01,Điểm thi THPT,2021,15.5,"Kỹ thuật nhiệt (3 chuyên ngành: Kỹ thuật nhiệt lạnh, Máy lạnh, điều hòa không khí và thông gió; Máy lạnh và thiết bị nhiệt thực phẩm)"
161590,TSN,ky-thuat-nhiet,D07,Điểm thi THPT,2021,15.5,"Kỹ thuật nhiệt (3 chuyên ngành: Kỹ thuật nhiệt lạnh, Máy lạnh, điều hòa không khí và thông gió; Máy lạnh và thiết bị nhiệt thực phẩm)"
161591,TSN,ky-thuat-nhiet,A00,Điểm thi THPT,2022,15.5,"Kỹ thuật nhiệt (3 chuyên ngành: Kỹ thuật nhiệt lạnh, Máy lạnh, điều hòa không khí và thông gió, Máy lạnh và thiết bị nhiệt thực phẩm)"
161592,TSN,ky-thuat-nhiet,A01,Điểm thi THPT,2022,15.5,"Kỹ thuật nhiệt (3 chuyên ngành: Kỹ thuật nhiệt lạnh, Máy lạnh, điều hòa không khí và thông gió, Máy lạnh và thiết bị nhiệt thực phẩm)"
161593,TSN,ky-thuat-nhiet,C01,Điểm thi THPT,2022,15.5,"Kỹ thuật nhiệt (3 chuyên ngành: Kỹ thuật nhiệt lạnh, Máy lạnh, điều hòa không khí và thông gió, Máy lạnh và thiết bị nhiệt thực phẩm)"
161594,TSN,ky-thuat-nhiet,D07,Điểm thi THPT,2022,15.5,"Kỹ thuật nhiệt (3 chuyên ngành: Kỹ thuật nhiệt lạnh, Máy lạnh, điều hòa không khí và thông gió, Máy lạnh và thiết bị nhiệt thực phẩm)"
161595,TSN,ky-thuat-nhiet,A00,Điểm thi THPT,2023,16.0,Kỹ thuật nhiệt
161596,TSN,ky-thuat-nhiet,A01,Điểm thi THPT,2023,16.0,Kỹ thuật nhiệt
161597,TSN,ky-thuat-nhiet,C01,Điểm thi THPT,2023,16.0,Kỹ thuật nhiệt
161598,TSN,ky-thuat-nhiet,D07,Điểm thi THPT,2023,16.0,Kỹ thuật nhiệt
161599,TSN,ky-thuat-nhiet,A00,Điểm thi THPT,2024,17.0,Kỹ thuật nhiệt
161600,TSN,ky-thuat-nhiet,A01,Điểm thi THPT,2024,17.0,Kỹ thuật nhiệt
161601,TSN,ky-thuat-nhiet,C01,Điểm thi THPT,2024,17.0,Kỹ thuật nhiệt
161602,TSN,ky-thuat-nhiet,D07,Điểm thi THPT,2024,17.0,Kỹ thuật nhiệt
161603,TSN,ky-thuat-nhiet,C01,Điểm thi THPT,2025,18.87,Kỹ thuật nhiệt
161604,TSN,ky-thuat-nhiet,D01,Điểm thi THPT,2025,18.87,Kỹ thuật nhiệt
161605,TSN,ky-thuat-nhiet,X02,Điểm thi THPT,2025,18.87,Kỹ thuật nhiệt
161606,TSN,ky-thuat-nhiet,X03,Điểm thi THPT,2025,18.87,Kỹ thuật nhiệt
161607,TSN,ky-thuat-nhiet,X04,Điểm thi THPT,2025,18.87,Kỹ thuật nhiệt
161608,TSN,ky-thuat-o-to,A00,Điểm thi THPT,2021,20.0,Kỹ thuật ô tô
161609,TSN,ky-thuat-o-to,A01,Điểm thi THPT,2021,20.0,Kỹ thuật ô tô
161610,TSN,ky-thuat-o-to,C01,Điểm thi THPT,2021,20.0,Kỹ thuật ô tô
161611,TSN,ky-thuat-o-to,D07,Điểm thi THPT,2021,20.0,Kỹ thuật ô tô
161612,TSN,ky-thuat-o-to,A00,Điểm thi THPT,2022,18.0,Kỹ thuật ô tô
161613,TSN,ky-thuat-o-to,A01,Điểm thi THPT,2022,18.0,Kỹ thuật ô tô
161614,TSN,ky-thuat-o-to,C01,Điểm thi THPT,2022,18.0,Kỹ thuật ô tô
161615,TSN,ky-thuat-o-to,D07,Điểm thi THPT,2022,18.0,Kỹ thuật ô tô
161616,TSN,ky-thuat-o-to,A01,Điểm thi THPT,2023,20.0,Kỹ thuật ô tô
161617,TSN,ky-thuat-o-to,D01,Điểm thi THPT,2023,20.0,Kỹ thuật ô tô
161618,TSN,ky-thuat-o-to,D07,Điểm thi THPT,2023,20.0,Kỹ thuật ô tô
161619,TSN,ky-thuat-o-to,D90,Điểm thi THPT,2023,20.0,Kỹ thuật ô tô
161620,TSN,ky-thuat-o-to,A01,Điểm thi THPT,2024,21.0,Kỹ thuật ô tô
161621,TSN,ky-thuat-o-to,D01,Điểm thi THPT,2024,21.0,Kỹ thuật ô tô
161622,TSN,ky-thuat-o-to,D07,Điểm thi THPT,2024,21.0,Kỹ thuật ô tô
161623,TSN,ky-thuat-o-to,D90,Điểm thi THPT,2024,21.0,Kỹ thuật ô tô
161624,TSN,ky-thuat-o-to,C01,Điểm thi THPT,2025,20.28,Kỹ thuật ô tô
161625,TSN,ky-thuat-o-to,D01,Điểm thi THPT,2025,20.28,Kỹ thuật ô tô
161626,TSN,ky-thuat-o-to,X02,Điểm thi THPT,2025,20.28,Kỹ thuật ô tô
161627,TSN,ky-thuat-o-to,X03,Điểm thi THPT,2025,20.28,Kỹ thuật ô tô
161628,TSN,ky-thuat-o-to,X04,Điểm thi THPT,2025,20.28,Kỹ thuật ô tô
161629,TSN,ky-thuat-tau-thuy,A00,Điểm thi THPT,2021,16.0,Kỹ thuật tàu thủy
161630,TSN,ky-thuat-tau-thuy,A01,Điểm thi THPT,2021,16.0,Kỹ thuật tàu thủy
161631,TSN,ky-thuat-tau-thuy,C01,Điểm thi THPT,2021,16.0,Kỹ thuật tàu thủy
161632,TSN,ky-thuat-tau-thuy,D07,Điểm thi THPT,2021,16.0,Kỹ thuật tàu thủy
161633,TSN,ky-thuat-tau-thuy,A00,Điểm thi THPT,2022,16.0,Kỹ thuật tàu thủy
161634,TSN,ky-thuat-tau-thuy,A01,Điểm thi THPT,2022,16.0,Kỹ thuật tàu thủy
161635,TSN,ky-thuat-tau-thuy,C01,Điểm thi THPT,2022,16.0,Kỹ thuật tàu thủy
161636,TSN,ky-thuat-tau-thuy,D07,Điểm thi THPT,2022,16.0,Kỹ thuật tàu thủy
161637,TSN,ky-thuat-tau-thuy,A00,Điểm thi THPT,2023,16.0,Kỹ thuật tàu thủy
161638,TSN,ky-thuat-tau-thuy,A01,Điểm thi THPT,2023,16.0,Kỹ thuật tàu thủy
161639,TSN,ky-thuat-tau-thuy,C01,Điểm thi THPT,2023,16.0,Kỹ thuật tàu thủy
161640,TSN,ky-thuat-tau-thuy,D07,Điểm thi THPT,2023,16.0,Kỹ thuật tàu thủy
161641,TSN,ky-thuat-tau-thuy,A00,Điểm thi THPT,2024,16.5,Kỹ thuật tàu thủy
161642,TSN,ky-thuat-tau-thuy,A01,Điểm thi THPT,2024,16.5,Kỹ thuật tàu thủy
161643,TSN,ky-thuat-tau-thuy,C01,Điểm thi THPT,2024,16.5,Kỹ thuật tàu thủy
161644,TSN,ky-thuat-tau-thuy,D90,Điểm thi THPT,2024,16.5,Kỹ thuật tàu thủy
161645,TSN,ky-thuat-tau-thuy,C01,Điểm thi THPT,2025,19.34,Kỹ thuật tàu thủy
161646,TSN,ky-thuat-tau-thuy,D01,Điểm thi THPT,2025,19.34,Kỹ thuật tàu thủy
161647,TSN,ky-thuat-tau-thuy,X02,Điểm thi THPT,2025,19.34,Kỹ thuật tàu thủy
161648,TSN,ky-thuat-tau-thuy,X03,Điểm thi THPT,2025,19.34,Kỹ thuật tàu thủy
161649,TSN,ky-thuat-tau-thuy,X04,Điểm thi THPT,2025,19.34,Kỹ thuật tàu thủy
161650,TSN,ky-thuat-xay-dung,A00,Điểm thi THPT,2021,16.0,Kỹ thuật xây dựng (2 chuyên ngành: Kỹ thuật xây dựng; Kỹ thuật xây dựng công trình giao thông)
161651,TSN,ky-thuat-xay-dung,A01,Điểm thi THPT,2021,16.0,Kỹ thuật xây dựng (2 chuyên ngành: Kỹ thuật xây dựng; Kỹ thuật xây dựng công trình giao thông)
161652,TSN,ky-thuat-xay-dung,C01,Điểm thi THPT,2021,16.0,Kỹ thuật xây dựng (2 chuyên ngành: Kỹ thuật xây dựng; Kỹ thuật xây dựng công trình giao thông)
161653,TSN,ky-thuat-xay-dung,D07,Điểm thi THPT,2021,16.0,Kỹ thuật xây dựng (2 chuyên ngành: Kỹ thuật xây dựng; Kỹ thuật xây dựng công trình giao thông)
161654,TSN,ky-thuat-xay-dung,A00,Điểm thi THPT,2022,15.5,Kỹ thuật xây dựng (3 chuyên ngành: Kỹ thuật xây dựng; Quản lý xây dựng; Kỹ thuật xây dựng công trình giao thông)
161655,TSN,ky-thuat-xay-dung,A01,Điểm thi THPT,2022,15.5,Kỹ thuật xây dựng (3 chuyên ngành: Kỹ thuật xây dựng; Quản lý xây dựng; Kỹ thuật xây dựng công trình giao thông)
161656,TSN,ky-thuat-xay-dung,C01,Điểm thi THPT,2022,15.5,Kỹ thuật xây dựng (3 chuyên ngành: Kỹ thuật xây dựng; Quản lý xây dựng; Kỹ thuật xây dựng công trình giao thông)
161657,TSN,ky-thuat-xay-dung,D07,Điểm thi THPT,2022,15.5,Kỹ thuật xây dựng (3 chuyên ngành: Kỹ thuật xây dựng; Quản lý xây dựng; Kỹ thuật xây dựng công trình giao thông)
161658,TSN,ky-thuat-xay-dung,A01,Điểm thi THPT,2023,17.0,Kỹ thuật xây dựng (02 chuyên ngành: Kỹ thuật xây dựng; Quản lý xây dựng)
161659,TSN,ky-thuat-xay-dung,D01,Điểm thi THPT,2023,17.0,Kỹ thuật xây dựng (02 chuyên ngành: Kỹ thuật xây dựng; Quản lý xây dựng)
161660,TSN,ky-thuat-xay-dung,D07,Điểm thi THPT,2023,17.0,Kỹ thuật xây dựng (02 chuyên ngành: Kỹ thuật xây dựng; Quản lý xây dựng)
161661,TSN,ky-thuat-xay-dung,D90,Điểm thi THPT,2023,17.0,Kỹ thuật xây dựng (02 chuyên ngành: Kỹ thuật xây dựng; Quản lý xây dựng)
161662,TSN,ky-thuat-xay-dung,A01,Điểm thi THPT,2024,17.0,Kỹ thuật xây dựng (02 chuyên ngành: Kỹ thuật xây dựng; Quản lý xây dựng)
161663,TSN,ky-thuat-xay-dung,D01,Điểm thi THPT,2024,17.0,Kỹ thuật xây dựng (02 chuyên ngành: Kỹ thuật xây dựng; Quản lý xây dựng)
161664,TSN,ky-thuat-xay-dung,D07,Điểm thi THPT,2024,17.0,Kỹ thuật xây dựng (02 chuyên ngành: Kỹ thuật xây dựng; Quản lý xây dựng)
161665,TSN,ky-thuat-xay-dung,D90,Điểm thi THPT,2024,17.0,Kỹ thuật xây dựng (02 chuyên ngành: Kỹ thuật xây dựng; Quản lý xây dựng)
161666,TSN,ky-thuat-xay-dung,C01,Điểm thi THPT,2025,18.87,Kỹ thuật xây dựng (02 chuyên ngành: Kỹ thuật xây dựng; Quản lý xây dựng)
161667,TSN,ky-thuat-xay-dung,D01,Điểm thi THPT,2025,18.87,Kỹ thuật xây dựng (02 chuyên ngành: Kỹ thuật xây dựng; Quản lý xây dựng)
161668,TSN,ky-thuat-xay-dung,X02,Điểm thi THPT,2025,18.87,Kỹ thuật xây dựng (02 chuyên ngành: Kỹ thuật xây dựng; Quản lý xây dựng)
161669,TSN,ky-thuat-xay-dung,X03,Điểm thi THPT,2025,18.87,Kỹ thuật xây dựng (02 chuyên ngành: Kỹ thuật xây dựng; Quản lý xây dựng)
161670,TSN,ky-thuat-xay-dung,X04,Điểm thi THPT,2025,18.87,Kỹ thuật xây dựng (02 chuyên ngành: Kỹ thuật xây dựng; Quản lý xây dựng)
161671,TSN,ky-thuat-xay-dung-cong-trinh-giao-thong,A01,Điểm thi THPT,2023,16.0,Kỹ thuật xây dựng công trình giao thông
161672,TSN,ky-thuat-xay-dung-cong-trinh-giao-thong,D01,Điểm thi THPT,2023,16.0,Kỹ thuật xây dựng công trình giao thông
161673,TSN,ky-thuat-xay-dung-cong-trinh-giao-thong,D07,Điểm thi THPT,2023,16.0,Kỹ thuật xây dựng công trình giao thông
161674,TSN,ky-thuat-xay-dung-cong-trinh-giao-thong,D90,Điểm thi THPT,2023,16.0,Kỹ thuật xây dựng công trình giao thông
161675,TSN,ky-thuat-xay-dung-cong-trinh-giao-thong,A01,Điểm thi THPT,2024,16.0,Kỹ thuật xây dựng công trình giao thông
161676,TSN,ky-thuat-xay-dung-cong-trinh-giao-thong,D01,Điểm thi THPT,2024,16.0,Kỹ thuật xây dựng công trình giao thông
161677,TSN,ky-thuat-xay-dung-cong-trinh-giao-thong,D07,Điểm thi THPT,2024,16.0,Kỹ thuật xây dựng công trình giao thông
161678,TSN,ky-thuat-xay-dung-cong-trinh-giao-thong,D90,Điểm thi THPT,2024,16.0,Kỹ thuật xây dựng công trình giao thông
161679,TSN,ky-thuat-xay-dung-cong-trinh-giao-thong,C01,Điểm thi THPT,2025,18.87,Kỹ thuật xây dựng công trình giao thông
161680,TSN,ky-thuat-xay-dung-cong-trinh-giao-thong,D01,Điểm thi THPT,2025,18.87,Kỹ thuật xây dựng công trình giao thông
161681,TSN,ky-thuat-xay-dung-cong-trinh-giao-thong,X02,Điểm thi THPT,2025,18.87,Kỹ thuật xây dựng công trình giao thông
161682,TSN,ky-thuat-xay-dung-cong-trinh-giao-thong,X03,Điểm thi THPT,2025,18.87,Kỹ thuật xây dựng công trình giao thông
161683,TSN,ky-thuat-xay-dung-cong-trinh-giao-thong,X04,Điểm thi THPT,2025,18.87,Kỹ thuật xây dựng công trình giao thông
161684,TSN,luat,C00,Điểm thi THPT,2021,21.0,"Luật (02 chuyên ngành: Luật, Luật kinh tế)"
161685,TSN,luat,D01,Điểm thi THPT,2021,21.0,"Luật (02 chuyên ngành: Luật, Luật kinh tế)"
161686,TSN,luat,D07,Điểm thi THPT,2021,21.0,"Luật (02 chuyên ngành: Luật, Luật kinh tế)"
161687,TSN,luat,D96,Điểm thi THPT,2021,21.0,"Luật (02 chuyên ngành: Luật, Luật kinh tế)"
161688,TSN,luat,C00,Điểm thi THPT,2022,19.0,"Luật (02 chuyên ngành: Luật, Luật kinh tế)"
161689,TSN,luat,D01,Điểm thi THPT,2022,19.0,"Luật (02 chuyên ngành: Luật, Luật kinh tế)"
161690,TSN,luat,D07,Điểm thi THPT,2022,19.0,"Luật (02 chuyên ngành: Luật, Luật kinh tế)"
161691,TSN,luat,D96,Điểm thi THPT,2022,19.0,"Luật (02 chuyên ngành: Luật, Luật kinh tế)"
161692,TSN,luat,D01,Điểm thi THPT,2023,19.0,"Luật (02 chuyên ngành: Luật, Luật kinh tế)"
161693,TSN,luat,D14,Điểm thi THPT,2023,19.0,"Luật (02 chuyên ngành: Luật, Luật kinh tế)"
161694,TSN,luat,D15,Điểm thi THPT,2023,19.0,"Luật (02 chuyên ngành: Luật, Luật kinh tế)"
161695,TSN,luat,D96,Điểm thi THPT,2023,19.0,"Luật (02 chuyên ngành: Luật, Luật kinh tế)"
161696,TSN,luat,D01,Điểm thi THPT,2024,21.0,Luật (02 chuyên ngành: Luật; Luật kinh tế)
161697,TSN,luat,D14,Điểm thi THPT,2024,21.0,Luật (02 chuyên ngành: Luật; Luật kinh tế)
161698,TSN,luat,D15,Điểm thi THPT,2024,21.0,Luật (02 chuyên ngành: Luật; Luật kinh tế)
161699,TSN,luat,D96,Điểm thi THPT,2024,21.0,Luật (02 chuyên ngành: Luật; Luật kinh tế)
161700,TSN,luat,C03,Điểm thi THPT,2025,25.47,Luật (02 chuyên ngành: Luật; Luật kinh tế)
161701,TSN,luat,C04,Điểm thi THPT,2025,25.47,Luật (02 chuyên ngành: Luật; Luật kinh tế)
161702,TSN,luat,D01,Điểm thi THPT,2025,25.47,Luật (02 chuyên ngành: Luật; Luật kinh tế)
161703,TSN,luat,X01,Điểm thi THPT,2025,25.47,Luật (02 chuyên ngành: Luật; Luật kinh tế)
161704,TSN,marketing,A01,Điểm thi THPT,2021,23.0,Marketing
161705,TSN,marketing,D01,Điểm thi THPT,2021,23.0,Marketing
161706,TSN,marketing,D07,Điểm thi THPT,2021,23.0,Marketing
161707,TSN,marketing,D96,Điểm thi THPT,2021,23.0,Marketing
161708,TSN,marketing,A01,Điểm thi THPT,2022,20.0,Marketing
161709,TSN,marketing,D01,Điểm thi THPT,2022,20.0,Marketing
161710,TSN,marketing,D07,Điểm thi THPT,2022,20.0,Marketing
161711,TSN,marketing,D96,Điểm thi THPT,2022,20.0,Marketing
161712,TSN,marketing,D01,Điểm thi THPT,2023,23.0,Marketing
161713,TSN,marketing,D14,Điểm thi THPT,2023,23.0,Marketing
161714,TSN,marketing,D15,Điểm thi THPT,2023,23.0,Marketing
161715,TSN,marketing,D96,Điểm thi THPT,2023,23.0,Marketing
161716,TSN,marketing,D01,Điểm thi THPT,2024,23.0,Marketing
161717,TSN,marketing,D14,Điểm thi THPT,2024,23.0,Marketing
161718,TSN,marketing,D15,Điểm thi THPT,2024,23.0,Marketing
161719,TSN,marketing,D96,Điểm thi THPT,2024,23.0,Marketing
161720,TSN,marketing,C04,Điểm thi THPT,2025,25.47,Marketing
161721,TSN,marketing,D01,Điểm thi THPT,2025,25.47,Marketing
161722,TSN,marketing,X01,Điểm thi THPT,2025,25.47,Marketing
161723,TSN,marketing,X02,Điểm thi THPT,2025,25.47,Marketing
161724,TSN,ngon-ngu-anh,A01,Điểm thi THPT,2021,24.0,Ngôn ngữ Anh (4 chuyên ngành:Biên -phiên dịch; Tiếng anh du lịch; Giảng dạy Tiếng Anh; Song ngữ Anh - Trung)
161725,TSN,ngon-ngu-anh,D01,Điểm thi THPT,2021,24.0,Ngôn ngữ Anh (4 chuyên ngành:Biên -phiên dịch; Tiếng anh du lịch; Giảng dạy Tiếng Anh; Song ngữ Anh - Trung)
161726,TSN,ngon-ngu-anh,D14,Điểm thi THPT,2021,24.0,Ngôn ngữ Anh (4 chuyên ngành:Biên -phiên dịch; Tiếng anh du lịch; Giảng dạy Tiếng Anh; Song ngữ Anh - Trung)
161727,TSN,ngon-ngu-anh,D15,Điểm thi THPT,2021,24.0,Ngôn ngữ Anh (4 chuyên ngành:Biên -phiên dịch; Tiếng anh du lịch; Giảng dạy Tiếng Anh; Song ngữ Anh - Trung)
161728,TSN,ngon-ngu-anh,A01,Điểm thi THPT,2022,21.0,Ngôn ngữ Anh (4 chuyên ngành:Biên -phiên dịch; Tiếng anh du lịch; Giảng dạy Tiếng Anh; Song ngữ Anh - Trung)
161729,TSN,ngon-ngu-anh,D01,Điểm thi THPT,2022,21.0,Ngôn ngữ Anh (4 chuyên ngành:Biên -phiên dịch; Tiếng anh du lịch; Giảng dạy Tiếng Anh; Song ngữ Anh - Trung)
161730,TSN,ngon-ngu-anh,D14,Điểm thi THPT,2022,21.0,Ngôn ngữ Anh (4 chuyên ngành:Biên -phiên dịch; Tiếng anh du lịch; Giảng dạy Tiếng Anh; Song ngữ Anh - Trung)
161731,TSN,ngon-ngu-anh,D15,Điểm thi THPT,2022,21.0,Ngôn ngữ Anh (4 chuyên ngành:Biên -phiên dịch; Tiếng anh du lịch; Giảng dạy Tiếng Anh; Song ngữ Anh - Trung)
161732,TSN,ngon-ngu-anh,D01,Điểm thi THPT,2023,23.0,Ngôn ngữ Anh (04 chuyên ngành: Biên - phiên dịch; tiếng Anh du lịch; Giảng dạy tiếng Anh; Song ngữ Anh - Trung)
161733,TSN,ngon-ngu-anh,D14,Điểm thi THPT,2023,23.0,Ngôn ngữ Anh (04 chuyên ngành: Biên - phiên dịch; tiếng Anh du lịch; Giảng dạy tiếng Anh; Song ngữ Anh - Trung)
161734,TSN,ngon-ngu-anh,D15,Điểm thi THPT,2023,23.0,Ngôn ngữ Anh (04 chuyên ngành: Biên - phiên dịch; tiếng Anh du lịch; Giảng dạy tiếng Anh; Song ngữ Anh - Trung)
161735,TSN,ngon-ngu-anh,D96,Điểm thi THPT,2023,23.0,Ngôn ngữ Anh (04 chuyên ngành: Biên - phiên dịch; tiếng Anh du lịch; Giảng dạy tiếng Anh; Song ngữ Anh - Trung)
161736,TSN,ngon-ngu-anh,D01,Điểm thi THPT,2024,23.0,Ngôn ngữ Anh (04 chuyên ngành: Biên - phiên dịch; Tiếng Anh du lịch; Giảng dạy Tiếng Anh; Song ngữ Anh -Trung)
161737,TSN,ngon-ngu-anh,D14,Điểm thi THPT,2024,23.0,Ngôn ngữ Anh (04 chuyên ngành: Biên - phiên dịch; Tiếng Anh du lịch; Giảng dạy Tiếng Anh; Song ngữ Anh -Trung)
161738,TSN,ngon-ngu-anh,D15,Điểm thi THPT,2024,23.0,Ngôn ngữ Anh (04 chuyên ngành: Biên - phiên dịch; Tiếng Anh du lịch; Giảng dạy Tiếng Anh; Song ngữ Anh -Trung)
161739,TSN,ngon-ngu-anh,D96,Điểm thi THPT,2024,23.0,Ngôn ngữ Anh (04 chuyên ngành: Biên - phiên dịch; Tiếng Anh du lịch; Giảng dạy Tiếng Anh; Song ngữ Anh -Trung)
161740,TSN,ngon-ngu-anh,C03,Điểm thi THPT,2025,25.0,Ngôn ngữ Anh (04 chuyên ngành: Biên - phiên dịch; Tiếng Anh du lịch; Giảng dạy Tiếng Anh; Song ngữ Anh -Trung)
161741,TSN,ngon-ngu-anh,C04,Điểm thi THPT,2025,25.0,Ngôn ngữ Anh (04 chuyên ngành: Biên - phiên dịch; Tiếng Anh du lịch; Giảng dạy Tiếng Anh; Song ngữ Anh -Trung)
161742,TSN,ngon-ngu-anh,D01,Điểm thi THPT,2025,23.58,Ngôn ngữ Anh (04 chuyên ngành: Biên - phiên dịch; Tiếng Anh du lịch; Giảng dạy Tiếng Anh; Song ngữ Anh -Trung)
161743,TSN,nuoi-trong-thuy-san,A01,Điểm thi THPT,2021,16.0,"Nuôi trồng thuỷ sản (3 chuyên ngành:Công nghệ Nuôi trồng thủy sản; Quản lý sức khỏe động vật thuỷ sản, Quản lý Nuôi trồng thủy sản)"
161744,TSN,nuoi-trong-thuy-san,B00,Điểm thi THPT,2021,16.0,"Nuôi trồng thuỷ sản (3 chuyên ngành:Công nghệ Nuôi trồng thủy sản; Quản lý sức khỏe động vật thuỷ sản, Quản lý Nuôi trồng thủy sản)"
161745,TSN,nuoi-trong-thuy-san,D01,Điểm thi THPT,2021,16.0,"Nuôi trồng thuỷ sản (3 chuyên ngành:Công nghệ Nuôi trồng thủy sản; Quản lý sức khỏe động vật thuỷ sản, Quản lý Nuôi trồng thủy sản)"
161746,TSN,nuoi-trong-thuy-san,D96,Điểm thi THPT,2021,16.0,"Nuôi trồng thuỷ sản (3 chuyên ngành:Công nghệ Nuôi trồng thủy sản; Quản lý sức khỏe động vật thuỷ sản, Quản lý Nuôi trồng thủy sản)"
161747,TSN,nuoi-trong-thuy-san,A01,Điểm thi THPT,2022,15.5,"Nuôi trồng thuỷ sản (4 chuyên ngành: Công nghệ Nuôi trồng thủy sản, Quản lý sức khỏe động vật thuỷ sản, Quản lý Nuôi trồng thủy sản)"
161748,TSN,nuoi-trong-thuy-san,B00,Điểm thi THPT,2022,15.5,"Nuôi trồng thuỷ sản (4 chuyên ngành: Công nghệ Nuôi trồng thủy sản, Quản lý sức khỏe động vật thuỷ sản, Quản lý Nuôi trồng thủy sản)"
161749,TSN,nuoi-trong-thuy-san,D01,Điểm thi THPT,2022,15.5,"Nuôi trồng thuỷ sản (4 chuyên ngành: Công nghệ Nuôi trồng thủy sản, Quản lý sức khỏe động vật thuỷ sản, Quản lý Nuôi trồng thủy sản)"
161750,TSN,nuoi-trong-thuy-san,D96,Điểm thi THPT,2022,15.5,"Nuôi trồng thuỷ sản (4 chuyên ngành: Công nghệ Nuôi trồng thủy sản, Quản lý sức khỏe động vật thuỷ sản, Quản lý Nuôi trồng thủy sản)"
161751,TSN,nuoi-trong-thuy-san,A01,Điểm thi THPT,2023,16.0,Nuôi trồng thủy sản
161752,TSN,nuoi-trong-thuy-san,B00,Điểm thi THPT,2023,16.0,Nuôi trồng thủy sản
161753,TSN,nuoi-trong-thuy-san,D01,Điểm thi THPT,2023,16.0,Nuôi trồng thủy sản
161754,TSN,nuoi-trong-thuy-san,D07,Điểm thi THPT,2023,16.0,Nuôi trồng thủy sản
161755,TSN,nuoi-trong-thuy-san,A01,Điểm thi THPT,2024,16.0,Nuôi trồng thuỷ sản
161756,TSN,nuoi-trong-thuy-san,B00,Điểm thi THPT,2024,16.0,Nuôi trồng thuỷ sản
161757,TSN,nuoi-trong-thuy-san,D01,Điểm thi THPT,2024,16.0,Nuôi trồng thuỷ sản
161758,TSN,nuoi-trong-thuy-san,D07,Điểm thi THPT,2024,16.0,Nuôi trồng thuỷ sản
161759,TSN,nuoi-trong-thuy-san,B03,Điểm thi THPT,2025,18.87,Nuôi trồng thuỷ sản
161760,TSN,nuoi-trong-thuy-san,C02,Điểm thi THPT,2025,18.87,Nuôi trồng thuỷ sản
161761,TSN,nuoi-trong-thuy-san,D01,Điểm thi THPT,2025,18.87,Nuôi trồng thuỷ sản
161762,TSN,nuoi-trong-thuy-san,X03,Điểm thi THPT,2025,18.87,Nuôi trồng thuỷ sản
161763,TSN,nuoi-trong-thuy-san,X04,Điểm thi THPT,2025,18.87,Nuôi trồng thuỷ sản
161764,TSN,quan-ly-thuy-san,A00,Điểm thi THPT,2021,16.0,Quản lý thuỷ sản
161765,TSN,quan-ly-thuy-san,A01,Điểm thi THPT,2021,16.0,Quản lý thuỷ sản
161766,TSN,quan-ly-thuy-san,B00,Điểm thi THPT,2021,16.0,Quản lý thuỷ sản
161767,TSN,quan-ly-thuy-san,D07,Điểm thi THPT,2021,16.0,Quản lý thuỷ sản
161768,TSN,quan-ly-thuy-san,A00,Điểm thi THPT,2022,16.0,Quản lý thuỷ sản
161769,TSN,quan-ly-thuy-san,A01,Điểm thi THPT,2022,16.0,Quản lý thuỷ sản
161770,TSN,quan-ly-thuy-san,B00,Điểm thi THPT,2022,16.0,Quản lý thuỷ sản
161771,TSN,quan-ly-thuy-san,D07,Điểm thi THPT,2022,16.0,Quản lý thuỷ sản
161772,TSN,quan-ly-thuy-san,A00,Điểm thi THPT,2023,16.0,Quản lý thủy sản
161773,TSN,quan-ly-thuy-san,A01,Điểm thi THPT,2023,16.0,Quản lý thủy sản
161774,TSN,quan-ly-thuy-san,B00,Điểm thi THPT,2023,16.0,Quản lý thủy sản
161775,TSN,quan-ly-thuy-san,D07,Điểm thi THPT,2023,16.0,Quản lý thủy sản
161776,TSN,quan-ly-thuy-san,A00,Điểm thi THPT,2024,16.0,Quản lý thuỷ sản
161777,TSN,quan-ly-thuy-san,A01,Điểm thi THPT,2024,16.0,Quản lý thuỷ sản
161778,TSN,quan-ly-thuy-san,B00,Điểm thi THPT,2024,16.0,Quản lý thuỷ sản
161779,TSN,quan-ly-thuy-san,D07,Điểm thi THPT,2024,16.0,Quản lý thuỷ sản
161780,TSN,quan-ly-thuy-san,B03,Điểm thi THPT,2025,18.87,Quản lý thuỷ sản
161781,TSN,quan-ly-thuy-san,C02,Điểm thi THPT,2025,18.87,Quản lý thuỷ sản
161782,TSN,quan-ly-thuy-san,D01,Điểm thi THPT,2025,18.87,Quản lý thuỷ sản
161783,TSN,quan-ly-thuy-san,X02,Điểm thi THPT,2025,18.87,Quản lý thuỷ sản
161784,TSN,quan-ly-thuy-san,X03,Điểm thi THPT,2025,18.87,Quản lý thuỷ sản
161785,TSN,quan-ly-thuy-san,X04,Điểm thi THPT,2025,18.87,Quản lý thuỷ sản
161786,TSN,quan-tri-dich-vu-du-lich-lu-hanh,A01,Điểm thi THPT,2024,20.0,Quản trị dịch vụ du lịch lữ hành (Chương trình đặc biệt)
161787,TSN,quan-tri-dich-vu-du-lich-lu-hanh,D01,Điểm thi THPT,2024,20.0,Quản trị dịch vụ du lịch lữ hành (Chương trình đặc biệt)
161788,TSN,quan-tri-dich-vu-du-lich-lu-hanh,D07,Điểm thi THPT,2024,20.0,Quản trị dịch vụ du lịch lữ hành (Chương trình đặc biệt)
161789,TSN,quan-tri-dich-vu-du-lich-lu-hanh,D96,Điểm thi THPT,2024,20.0,Quản trị dịch vụ du lịch lữ hành (Chương trình đặc biệt)
161790,TSN,quan-tri-dich-vu-du-lich-lu-hanh,C03,Điểm thi THPT,2025,23.58,Quản trị dịch vụ du lịch lữ hành (Chương trình đặc biệt)
161791,TSN,quan-tri-dich-vu-du-lich-lu-hanh,C04,Điểm thi THPT,2025,23.58,Quản trị dịch vụ du lịch lữ hành (Chương trình đặc biệt)
161792,TSN,quan-tri-dich-vu-du-lich-lu-hanh,D01,Điểm thi THPT,2025,23.58,Quản trị dịch vụ du lịch lữ hành (Chương trình đặc biệt)
161793,TSN,quan-tri-dich-vu-du-lich-lu-hanh,X01,Điểm thi THPT,2025,23.58,Quản trị dịch vụ du lịch lữ hành (Chương trình đặc biệt)
161794,TSN,quan-tri-dich-vu-du-lich-va-lu-hanh,D03,Điểm thi THPT,2021,18.0,Quản trị dịch vụ du lịch và lữ hành (Chương trình song ngữ Pháp-Việt)
161795,TSN,quan-tri-dich-vu-du-lich-va-lu-hanh,D97,Điểm thi THPT,2021,18.0,Quản trị dịch vụ du lịch và lữ hành (Chương trình song ngữ Pháp-Việt)
161796,TSN,quan-tri-dich-vu-du-lich-va-lu-hanh,A01,Điểm thi THPT,2022,18.0,Quản trị dịch vụ du lịch và lữ hành
161797,TSN,quan-tri-dich-vu-du-lich-va-lu-hanh,D01,Điểm thi THPT,2022,18.0,Quản trị dịch vụ du lịch và lữ hành
161798,TSN,quan-tri-dich-vu-du-lich-va-lu-hanh,D03,Điểm thi THPT,2022,16.0,Quản trị dịch vụ du lịch và lữ hành (Chương trình song ngữ Pháp -Việt)
161799,TSN,quan-tri-dich-vu-du-lich-va-lu-hanh,D07,Điểm thi THPT,2022,18.0,Quản trị dịch vụ du lịch và lữ hành
161800,TSN,quan-tri-dich-vu-du-lich-va-lu-hanh,D96,Điểm thi THPT,2022,18.0,Quản trị dịch vụ du lịch và lữ hành
161801,TSN,quan-tri-dich-vu-du-lich-va-lu-hanh,D97,Điểm thi THPT,2022,16.0,Quản trị dịch vụ du lịch và lữ hành (Chương trình song ngữ Pháp -Việt)
161802,TSN,quan-tri-dich-vu-du-lich-va-lu-hanh,D01,Điểm thi THPT,2023,21.0,Quản trị dịch vụ du lịch và lữ hành
161803,TSN,quan-tri-dich-vu-du-lich-va-lu-hanh,D03,Điểm thi THPT,2023,17.0,Quản trị dịch vụ du lịch và lữ hành (Chương trình song ngữ Pháp - Việt)
161804,TSN,quan-tri-dich-vu-du-lich-va-lu-hanh,D14,Điểm thi THPT,2023,21.0,Quản trị dịch vụ du lịch và lữ hành
161805,TSN,quan-tri-dich-vu-du-lich-va-lu-hanh,D15,Điểm thi THPT,2023,21.0,Quản trị dịch vụ du lịch và lữ hành
161806,TSN,quan-tri-dich-vu-du-lich-va-lu-hanh,D96,Điểm thi THPT,2023,21.0,Quản trị dịch vụ du lịch và lữ hành
161807,TSN,quan-tri-dich-vu-du-lich-va-lu-hanh,D97,Điểm thi THPT,2023,17.0,Quản trị dịch vụ du lịch và lữ hành (Chương trình song ngữ Pháp - Việt)
161808,TSN,quan-tri-dich-vu-du-lich-va-lu-hanh,D01,Điểm thi THPT,2024,21.0,Quản trị dịch vụ du lịch và lữ hành
161809,TSN,quan-tri-dich-vu-du-lich-va-lu-hanh,D03,Điểm thi THPT,2024,17.0,Quản trị dịch vụ du lịch và lữ hành (Chương trình song ngữ Pháp-Việt)
161810,TSN,quan-tri-dich-vu-du-lich-va-lu-hanh,D14,Điểm thi THPT,2024,21.0,Quản trị dịch vụ du lịch và lữ hành
161811,TSN,quan-tri-dich-vu-du-lich-va-lu-hanh,D15,Điểm thi THPT,2024,21.0,Quản trị dịch vụ du lịch và lữ hành
161812,TSN,quan-tri-dich-vu-du-lich-va-lu-hanh,D96,Điểm thi THPT,2024,21.0,Quản trị dịch vụ du lịch và lữ hành
161813,TSN,quan-tri-dich-vu-du-lich-va-lu-hanh,D97,Điểm thi THPT,2024,17.0,Quản trị dịch vụ du lịch và lữ hành (Chương trình song ngữ Pháp-Việt)
161814,TSN,quan-tri-dich-vu-du-lich-va-lu-hanh,C03,Điểm thi THPT,2025,23.58,Quản trị dịch vụ du lịch và lữ hành
161815,TSN,quan-tri-dich-vu-du-lich-va-lu-hanh,C04,Điểm thi THPT,2025,23.58,Quản trị dịch vụ du lịch và lữ hành
161816,TSN,quan-tri-dich-vu-du-lich-va-lu-hanh,D01,Điểm thi THPT,2025,23.58,Quản trị dịch vụ du lịch và lữ hành
161817,TSN,quan-tri-dich-vu-du-lich-va-lu-hanh,D03,Điểm thi THPT,2025,21.7,Quản trị dịch vụ du lịch và lữ hành (Chương trình song ngữ Pháp - Việt)
161818,TSN,quan-tri-dich-vu-du-lich-va-lu-hanh,X01,Điểm thi THPT,2025,23.58,Quản trị dịch vụ du lịch và lữ hành
161819,TSN,quan-tri-dich-vu-du-lich-va-lu-hanh,X02,Điểm thi THPT,2025,23.58,Quản trị dịch vụ du lịch và lữ hành
161820,TSN,quan-tri-khach-san,A01,Điểm thi THPT,2021,20.0,Quản trị khách sạn
161821,TSN,quan-tri-khach-san,D01,Điểm thi THPT,2021,20.0,Quản trị khách sạn
161822,TSN,quan-tri-khach-san,D07,Điểm thi THPT,2021,20.0,Quản trị khách sạn
161823,TSN,quan-tri-khach-san,D96,Điểm thi THPT,2021,20.0,Quản trị khách sạn
161824,TSN,quan-tri-khach-san,A01,Điểm thi THPT,2022,18.0,Quản trị khách sạn
161825,TSN,quan-tri-khach-san,D01,Điểm thi THPT,2022,18.0,Quản trị khách sạn
161826,TSN,quan-tri-khach-san,D07,Điểm thi THPT,2022,18.0,Quản trị khách sạn
161827,TSN,quan-tri-khach-san,D96,Điểm thi THPT,2022,18.0,Quản trị khách sạn
161828,TSN,quan-tri-khach-san,A01,Điểm thi THPT,2023,22.0,Quản trị khách sạn (Chương trình song ngữ Anh - Việt)
161829,TSN,quan-tri-khach-san,D01,Điểm thi THPT,2023,22.0,Quản trị khách sạn
161830,TSN,quan-tri-khach-san,D07,Điểm thi THPT,2023,22.0,Quản trị khách sạn (Chương trình song ngữ Anh - Việt)
161831,TSN,quan-tri-khach-san,D14,Điểm thi THPT,2023,22.0,Quản trị khách sạn
161832,TSN,quan-tri-khach-san,D15,Điểm thi THPT,2023,22.0,Quản trị khách sạn
161833,TSN,quan-tri-khach-san,D96,Điểm thi THPT,2023,22.0,Quản trị khách sạn
161834,TSN,quan-tri-khach-san,A01,Điểm thi THPT,2024,20.0,Quản trị khách sạn (Chương trình đặc biệt)
161835,TSN,quan-tri-khach-san,D01,Điểm thi THPT,2024,21.0,Quản trị khách sạn
161836,TSN,quan-tri-khach-san,D07,Điểm thi THPT,2024,20.0,Quản trị khách sạn (Chương trình đặc biệt)
161837,TSN,quan-tri-khach-san,D14,Điểm thi THPT,2024,21.0,Quản trị khách sạn
161838,TSN,quan-tri-khach-san,D15,Điểm thi THPT,2024,21.0,Quản trị khách sạn
161839,TSN,quan-tri-khach-san,D96,Điểm thi THPT,2024,21.0,Quản trị khách sạn
161840,TSN,quan-tri-khach-san,C03,Điểm thi THPT,2025,23.58,Quản trị khách sạn
161841,TSN,quan-tri-khach-san,C04,Điểm thi THPT,2025,23.58,Quản trị khách sạn
161842,TSN,quan-tri-khach-san,D01,Điểm thi THPT,2025,23.58,Quản trị khách sạn
161843,TSN,quan-tri-khach-san,X01,Điểm thi THPT,2025,23.58,Quản trị khách sạn
161844,TSN,quan-tri-khach-san,X02,Điểm thi THPT,2025,23.58,Quản trị khách sạn
161845,TSN,quan-tri-kinh-doanh,A01,Điểm thi THPT,2021,23.0,Quản trị kinh doanh
161846,TSN,quan-tri-kinh-doanh,D01,Điểm thi THPT,2021,23.0,Quản trị kinh doanh
161847,TSN,quan-tri-kinh-doanh,D07,Điểm thi THPT,2021,23.0,Quản trị kinh doanh
161848,TSN,quan-tri-kinh-doanh,D96,Điểm thi THPT,2021,23.0,Quản trị kinh doanh
161849,TSN,quan-tri-kinh-doanh,A01,Điểm thi THPT,2022,20.0,Quản trị kinh doanh
161850,TSN,quan-tri-kinh-doanh,D01,Điểm thi THPT,2022,20.0,Quản trị kinh doanh
161851,TSN,quan-tri-kinh-doanh,D07,Điểm thi THPT,2022,20.0,Quản trị kinh doanh
161852,TSN,quan-tri-kinh-doanh,D96,Điểm thi THPT,2022,20.0,Quản trị kinh doanh
161853,TSN,quan-tri-kinh-doanh,A01,Điểm thi THPT,2023,20.5,Quản trị kinh doanh (Chương trình song ngữ Anh - Việt)
161854,TSN,quan-tri-kinh-doanh,D01,Điểm thi THPT,2023,20.5,Quản trị kinh doanh
161855,TSN,quan-tri-kinh-doanh,D07,Điểm thi THPT,2023,20.5,Quản trị kinh doanh (Chương trình song ngữ Anh - Việt)
161856,TSN,quan-tri-kinh-doanh,D14,Điểm thi THPT,2023,20.5,Quản trị kinh doanh
161857,TSN,quan-tri-kinh-doanh,D15,Điểm thi THPT,2023,20.5,Quản trị kinh doanh
161858,TSN,quan-tri-kinh-doanh,D96,Điểm thi THPT,2023,20.5,Quản trị kinh doanh
161859,TSN,quan-tri-kinh-doanh,A01,Điểm thi THPT,2024,20.0,Quản trị kinh doanh (Chương trình đặc biệt)
161860,TSN,quan-tri-kinh-doanh,D01,Điểm thi THPT,2024,21.0,Quản trị kinh doanh
161861,TSN,quan-tri-kinh-doanh,D07,Điểm thi THPT,2024,20.0,Quản trị kinh doanh (Chương trình đặc biệt)
161862,TSN,quan-tri-kinh-doanh,D14,Điểm thi THPT,2024,21.0,Quản trị kinh doanh
161863,TSN,quan-tri-kinh-doanh,D15,Điểm thi THPT,2024,21.0,Quản trị kinh doanh
161864,TSN,quan-tri-kinh-doanh,D96,Điểm thi THPT,2024,21.0,Quản trị kinh doanh
161865,TSN,quan-tri-kinh-doanh,C04,Điểm thi THPT,2025,22.64,Quản trị kinh doanh
161866,TSN,quan-tri-kinh-doanh,D01,Điểm thi THPT,2025,22.64,Quản trị kinh doanh
161867,TSN,quan-tri-kinh-doanh,X01,Điểm thi THPT,2025,22.64,Quản trị kinh doanh
161868,TSN,quan-tri-kinh-doanh,X02,Điểm thi THPT,2025,22.64,Quản trị kinh doanh
161869,TSN,tai-chinh-ngan-hang,A01,Điểm thi THPT,2021,20.0,Tài chính - ngân hàng
161870,TSN,tai-chinh-ngan-hang,D01,Điểm thi THPT,2021,20.0,Tài chính - ngân hàng
161871,TSN,tai-chinh-ngan-hang,D07,Điểm thi THPT,2021,20.0,Tài chính - ngân hàng
161872,TSN,tai-chinh-ngan-hang,D96,Điểm thi THPT,2021,20.0,Tài chính - ngân hàng
161873,TSN,tai-chinh-ngan-hang,A01,Điểm thi THPT,2022,18.0,Tài chính - ngân hàng (2 chuyên ngành: Tài chính - Ngân hàng; Công nghệ tài chính)
161874,TSN,tai-chinh-ngan-hang,D01,Điểm thi THPT,2022,18.0,Tài chính - ngân hàng (2 chuyên ngành: Tài chính - Ngân hàng; Công nghệ tài chính)
161875,TSN,tai-chinh-ngan-hang,D07,Điểm thi THPT,2022,18.0,Tài chính - ngân hàng (2 chuyên ngành: Tài chính - Ngân hàng; Công nghệ tài chính)
161876,TSN,tai-chinh-ngan-hang,D96,Điểm thi THPT,2022,18.0,Tài chính - ngân hàng (2 chuyên ngành: Tài chính - Ngân hàng; Công nghệ tài chính)
161877,TSN,tai-chinh-ngan-hang,D01,Điểm thi THPT,2023,20.5,Tài chính - Ngân hàng (02 chuyên ngành: Tài chính - Ngân hàng; Công nghệ tài chính)
161878,TSN,tai-chinh-ngan-hang,D14,Điểm thi THPT,2023,20.5,Tài chính - Ngân hàng (02 chuyên ngành: Tài chính - Ngân hàng; Công nghệ tài chính)
161879,TSN,tai-chinh-ngan-hang,D15,Điểm thi THPT,2023,20.5,Tài chính - Ngân hàng (02 chuyên ngành: Tài chính - Ngân hàng; Công nghệ tài chính)
161880,TSN,tai-chinh-ngan-hang,D96,Điểm thi THPT,2023,20.5,Tài chính - Ngân hàng (02 chuyên ngành: Tài chính - Ngân hàng; Công nghệ tài chính)
161881,TSN,tai-chinh-ngan-hang,D01,Điểm thi THPT,2024,21.0,Tài chính - Ngân hàng (02 chuyên ngành: Tài chính - Ngân hàng; Công nghệ tài chính)
161882,TSN,tai-chinh-ngan-hang,D14,Điểm thi THPT,2024,21.0,Tài chính - Ngân hàng (02 chuyên ngành: Tài chính - Ngân hàng; Công nghệ tài chính)
161883,TSN,tai-chinh-ngan-hang,D15,Điểm thi THPT,2024,21.0,Tài chính - Ngân hàng (02 chuyên ngành: Tài chính - Ngân hàng; Công nghệ tài chính)
161884,TSN,tai-chinh-ngan-hang,D96,Điểm thi THPT,2024,21.0,Tài chính - Ngân hàng (02 chuyên ngành: Tài chính - Ngân hàng; Công nghệ tài chính)
161885,TSN,tai-chinh-ngan-hang,C04,Điểm thi THPT,2025,22.64,Tài chính - Ngân hàng (02 chuyên ngành: Tài chính - Ngân hàng; Công nghệ tài chính)
161886,TSN,tai-chinh-ngan-hang,D01,Điểm thi THPT,2025,22.64,Tài chính - Ngân hàng (02 chuyên ngành: Tài chính - Ngân hàng; Công nghệ tài chính)
161887,TSN,tai-chinh-ngan-hang,X01,Điểm thi THPT,2025,22.64,Tài chính - Ngân hàng (02 chuyên ngành: Tài chính - Ngân hàng; Công nghệ tài chính)
161888,TSN,tai-chinh-ngan-hang,X02,Điểm thi THPT,2025,22.64,Tài chính - Ngân hàng (02 chuyên ngành: Tài chính - Ngân hàng; Công nghệ tài chính)
161889,TTB,bao-ve-thuc-vat,A02,Điểm học bạ,2021,18.0,Bảo vệ thực vật
161890,TTB,bao-ve-thuc-vat,B00,Điểm học bạ,2021,18.0,Bảo vệ thực vật
161891,TTB,bao-ve-thuc-vat,B04,Điểm học bạ,2021,18.0,Bảo vệ thực vật
161892,TTB,bao-ve-thuc-vat,D08,Điểm học bạ,2021,18.0,Bảo vệ thực vật
161893,TTB,bao-ve-thuc-vat,A02,Điểm thi THPT,2021,15.0,Bảo vệ thực vật
161894,TTB,bao-ve-thuc-vat,B00,Điểm thi THPT,2021,15.0,Bảo vệ thực vật
161895,TTB,bao-ve-thuc-vat,B04,Điểm thi THPT,2021,15.0,Bảo vệ thực vật
161896,TTB,bao-ve-thuc-vat,D08,Điểm thi THPT,2021,15.0,Bảo vệ thực vật
161897,TTB,bao-ve-thuc-vat,A02,Điểm học bạ,2022,18.0,Bảo vệ thực vật
161898,TTB,bao-ve-thuc-vat,B00,Điểm học bạ,2022,18.0,Bảo vệ thực vật
161899,TTB,bao-ve-thuc-vat,B04,Điểm học bạ,2022,18.0,Bảo vệ thực vật
161900,TTB,bao-ve-thuc-vat,D08,Điểm học bạ,2022,18.0,Bảo vệ thực vật
161901,TTB,bao-ve-thuc-vat,A02,Điểm thi THPT,2022,15.0,Bảo vệ thực vật
161902,TTB,bao-ve-thuc-vat,B00,Điểm thi THPT,2022,15.0,Bảo vệ thực vật
161903,TTB,bao-ve-thuc-vat,B04,Điểm thi THPT,2022,15.0,Bảo vệ thực vật
161904,TTB,bao-ve-thuc-vat,D08,Điểm thi THPT,2022,15.0,Bảo vệ thực vật
161905,TTB,bao-ve-thuc-vat,A02,Điểm học bạ,2023,18.0,Bảo vệ thực vật
161906,TTB,bao-ve-thuc-vat,B00,Điểm học bạ,2023,18.0,Bảo vệ thực vật
161907,TTB,bao-ve-thuc-vat,B04,Điểm học bạ,2023,18.0,Bảo vệ thực vật
161908,TTB,bao-ve-thuc-vat,D08,Điểm học bạ,2023,18.0,Bảo vệ thực vật
161909,TTB,bao-ve-thuc-vat,A02,Điểm thi THPT,2023,15.0,Bảo vệ thực vật
161910,TTB,bao-ve-thuc-vat,B00,Điểm thi THPT,2023,15.0,Bảo vệ thực vật
161911,TTB,bao-ve-thuc-vat,B04,Điểm thi THPT,2023,15.0,Bảo vệ thực vật
161912,TTB,bao-ve-thuc-vat,D08,Điểm thi THPT,2023,15.0,Bảo vệ thực vật
161913,TTB,bao-ve-thuc-vat,A02,Điểm học bạ,2024,18.0,Bảo vệ thực vật
161914,TTB,bao-ve-thuc-vat,B00,Điểm học bạ,2024,18.0,Bảo vệ thực vật
161915,TTB,bao-ve-thuc-vat,B04,Điểm học bạ,2024,18.0,Bảo vệ thực vật
161916,TTB,bao-ve-thuc-vat,D08,Điểm học bạ,2024,18.0,Bảo vệ thực vật
161917,TTB,bao-ve-thuc-vat,A02,Điểm thi THPT,2024,15.0,Bảo vệ thực vật
161918,TTB,bao-ve-thuc-vat,B00,Điểm thi THPT,2024,15.0,Bảo vệ thực vật
161919,TTB,bao-ve-thuc-vat,B04,Điểm thi THPT,2024,15.0,Bảo vệ thực vật
161920,TTB,bao-ve-thuc-vat,D08,Điểm thi THPT,2024,15.0,Bảo vệ thực vật
161921,TTB,bao-ve-thuc-vat,A02,Điểm học bạ,2025,21.0,Bảo vệ thực vật
161922,TTB,bao-ve-thuc-vat,B00,Điểm học bạ,2025,21.0,Bảo vệ thực vật
161923,TTB,bao-ve-thuc-vat,B03,Điểm học bạ,2025,21.0,Bảo vệ thực vật
161924,TTB,bao-ve-thuc-vat,B08,Điểm học bạ,2025,21.0,Bảo vệ thực vật
161925,TTB,bao-ve-thuc-vat,D01,Điểm học bạ,2025,21.0,Bảo vệ thực vật
161926,TTB,bao-ve-thuc-vat,X13,Điểm học bạ,2025,21.0,Bảo vệ thực vật
161927,TTB,bao-ve-thuc-vat,X14,Điểm học bạ,2025,21.0,Bảo vệ thực vật
161928,TTB,bao-ve-thuc-vat,X16,Điểm học bạ,2025,21.0,Bảo vệ thực vật
161929,TTB,bao-ve-thuc-vat,A02,Điểm thi THPT,2025,15.0,Bảo vệ thực vật
161930,TTB,bao-ve-thuc-vat,B00,Điểm thi THPT,2025,15.0,Bảo vệ thực vật
161931,TTB,bao-ve-thuc-vat,B03,Điểm thi THPT,2025,15.0,Bảo vệ thực vật
161932,TTB,bao-ve-thuc-vat,B08,Điểm thi THPT,2025,15.0,Bảo vệ thực vật
161933,TTB,bao-ve-thuc-vat,D01,Điểm thi THPT,2025,15.0,Bảo vệ thực vật
161934,TTB,bao-ve-thuc-vat,X13,Điểm thi THPT,2025,15.0,Bảo vệ thực vật
161935,TTB,bao-ve-thuc-vat,X14,Điểm thi THPT,2025,15.0,Bảo vệ thực vật
161936,TTB,bao-ve-thuc-vat,X16,Điểm thi THPT,2025,15.0,Bảo vệ thực vật
161937,TTB,chan-nuoi,A02,Điểm học bạ,2021,18.0,Chăn nuôi
161938,TTB,chan-nuoi,B00,Điểm học bạ,2021,18.0,Chăn nuôi
161939,TTB,chan-nuoi,B04,Điểm học bạ,2021,18.0,Chăn nuôi
161940,TTB,chan-nuoi,D08,Điểm học bạ,2021,18.0,Chăn nuôi
161941,TTB,chan-nuoi,A02,Điểm thi THPT,2021,15.0,Chăn nuôi
161942,TTB,chan-nuoi,B00,Điểm thi THPT,2021,15.0,Chăn nuôi
161943,TTB,chan-nuoi,B04,Điểm thi THPT,2021,15.0,Chăn nuôi
161944,TTB,chan-nuoi,D08,Điểm thi THPT,2021,15.0,Chăn nuôi
161945,TTB,chan-nuoi,A02,Điểm học bạ,2022,18.0,Chăn nuôi
161946,TTB,chan-nuoi,B00,Điểm học bạ,2022,18.0,Chăn nuôi
161947,TTB,chan-nuoi,B04,Điểm học bạ,2022,18.0,Chăn nuôi
161948,TTB,chan-nuoi,D08,Điểm học bạ,2022,18.0,Chăn nuôi
161949,TTB,chan-nuoi,A02,Điểm thi THPT,2022,15.0,Chăn nuôi
161950,TTB,chan-nuoi,B00,Điểm thi THPT,2022,15.0,Chăn nuôi
161951,TTB,chan-nuoi,B04,Điểm thi THPT,2022,15.0,Chăn nuôi
161952,TTB,chan-nuoi,D08,Điểm thi THPT,2022,15.0,Chăn nuôi
161953,TTB,chan-nuoi,A02,Điểm học bạ,2023,18.0,Chăn nuôi
161954,TTB,chan-nuoi,B00,Điểm học bạ,2023,18.0,Chăn nuôi
161955,TTB,chan-nuoi,B04,Điểm học bạ,2023,18.0,Chăn nuôi
161956,TTB,chan-nuoi,D08,Điểm học bạ,2023,18.0,Chăn nuôi
161957,TTB,chan-nuoi,A02,Điểm thi THPT,2023,15.0,Chăn nuôi
161958,TTB,chan-nuoi,B00,Điểm thi THPT,2023,15.0,Chăn nuôi
161959,TTB,chan-nuoi,B04,Điểm thi THPT,2023,15.0,Chăn nuôi
161960,TTB,chan-nuoi,D08,Điểm thi THPT,2023,15.0,Chăn nuôi
161961,TTB,chan-nuoi,A02,Điểm học bạ,2024,18.0,Chăn nuôi
161962,TTB,chan-nuoi,B00,Điểm học bạ,2024,18.0,Chăn nuôi
161963,TTB,chan-nuoi,B04,Điểm học bạ,2024,18.0,Chăn nuôi
161964,TTB,chan-nuoi,D08,Điểm học bạ,2024,18.0,Chăn nuôi
161965,TTB,chan-nuoi,A02,Điểm thi THPT,2024,15.0,Chăn nuôi
161966,TTB,chan-nuoi,B00,Điểm thi THPT,2024,15.0,Chăn nuôi
161967,TTB,chan-nuoi,B04,Điểm thi THPT,2024,15.0,Chăn nuôi
161968,TTB,chan-nuoi,D08,Điểm thi THPT,2024,15.0,Chăn nuôi
161969,TTB,chan-nuoi,A02,Điểm học bạ,2025,21.0,Chăn nuôi
161970,TTB,chan-nuoi,B00,Điểm học bạ,2025,21.0,Chăn nuôi
161971,TTB,chan-nuoi,B03,Điểm học bạ,2025,21.0,Chăn nuôi
161972,TTB,chan-nuoi,B08,Điểm học bạ,2025,21.0,Chăn nuôi
161973,TTB,chan-nuoi,D01,Điểm học bạ,2025,21.0,Chăn nuôi
161974,TTB,chan-nuoi,X13,Điểm học bạ,2025,21.0,Chăn nuôi
161975,TTB,chan-nuoi,X14,Điểm học bạ,2025,21.0,Chăn nuôi
161976,TTB,chan-nuoi,X16,Điểm học bạ,2025,21.0,Chăn nuôi
161977,TTB,chan-nuoi,A02,Điểm thi THPT,2025,15.0,Chăn nuôi
161978,TTB,chan-nuoi,B00,Điểm thi THPT,2025,15.0,Chăn nuôi
161979,TTB,chan-nuoi,B03,Điểm thi THPT,2025,15.0,Chăn nuôi
161980,TTB,chan-nuoi,B08,Điểm thi THPT,2025,15.0,Chăn nuôi
161981,TTB,chan-nuoi,D01,Điểm thi THPT,2025,15.0,Chăn nuôi
161982,TTB,chan-nuoi,X13,Điểm thi THPT,2025,15.0,Chăn nuôi
161983,TTB,chan-nuoi,X14,Điểm thi THPT,2025,15.0,Chăn nuôi
161984,TTB,chan-nuoi,X16,Điểm thi THPT,2025,15.0,Chăn nuôi
161985,TTB,cong-nghe-thong-tin,A00,Điểm học bạ,2021,18.0,Công nghệ thông tin
161986,TTB,cong-nghe-thong-tin,A01,Điểm học bạ,2021,18.0,Công nghệ thông tin
161987,TTB,cong-nghe-thong-tin,A02,Điểm học bạ,2021,18.0,Công nghệ thông tin
161988,TTB,cong-nghe-thong-tin,D01,Điểm học bạ,2021,18.0,Công nghệ thông tin
161989,TTB,cong-nghe-thong-tin,A00,Điểm thi THPT,2021,15.0,Công nghệ thông tin
161990,TTB,cong-nghe-thong-tin,A01,Điểm thi THPT,2021,15.0,Công nghệ thông tin
161991,TTB,cong-nghe-thong-tin,A02,Điểm thi THPT,2021,15.0,Công nghệ thông tin
161992,TTB,cong-nghe-thong-tin,D01,Điểm thi THPT,2021,15.0,Công nghệ thông tin
161993,TTB,cong-nghe-thong-tin,A00,Điểm học bạ,2022,18.0,Công nghệ thông tin
161994,TTB,cong-nghe-thong-tin,A01,Điểm học bạ,2022,18.0,Công nghệ thông tin
161995,TTB,cong-nghe-thong-tin,A02,Điểm học bạ,2022,18.0,Công nghệ thông tin
161996,TTB,cong-nghe-thong-tin,D01,Điểm học bạ,2022,18.0,Công nghệ thông tin
161997,TTB,cong-nghe-thong-tin,A00,Điểm thi THPT,2022,15.0,Công nghệ thông tin
161998,TTB,cong-nghe-thong-tin,A01,Điểm thi THPT,2022,15.0,Công nghệ thông tin
161999,TTB,cong-nghe-thong-tin,A02,Điểm thi THPT,2022,15.0,Công nghệ thông tin
162000,TTB,cong-nghe-thong-tin,D01,Điểm thi THPT,2022,15.0,Công nghệ thông tin
162001,TTB,cong-nghe-thong-tin,A00,Điểm học bạ,2023,21.0,Công nghệ thông tin
162002,TTB,cong-nghe-thong-tin,A01,Điểm học bạ,2023,21.0,Công nghệ thông tin
162003,TTB,cong-nghe-thong-tin,A02,Điểm học bạ,2023,21.0,Công nghệ thông tin
162004,TTB,cong-nghe-thong-tin,D01,Điểm học bạ,2023,21.0,Công nghệ thông tin
162005,TTB,cong-nghe-thong-tin,A00,Điểm thi THPT,2023,16.0,Công nghệ thông tin
162006,TTB,cong-nghe-thong-tin,A01,Điểm thi THPT,2023,16.0,Công nghệ thông tin
162007,TTB,cong-nghe-thong-tin,A02,Điểm thi THPT,2023,16.0,Công nghệ thông tin
162008,TTB,cong-nghe-thong-tin,D01,Điểm thi THPT,2023,16.0,Công nghệ thông tin
162009,TTB,cong-nghe-thong-tin,A00,Điểm học bạ,2024,25.0,Công nghệ thông tin
162010,TTB,cong-nghe-thong-tin,A01,Điểm học bạ,2024,25.0,Công nghệ thông tin
162011,TTB,cong-nghe-thong-tin,A02,Điểm học bạ,2024,25.0,Công nghệ thông tin
162012,TTB,cong-nghe-thong-tin,D01,Điểm học bạ,2024,25.0,Công nghệ thông tin
162013,TTB,cong-nghe-thong-tin,A00,Điểm thi THPT,2024,18.5,Công nghệ thông tin
162014,TTB,cong-nghe-thong-tin,A01,Điểm thi THPT,2024,18.5,Công nghệ thông tin
162015,TTB,cong-nghe-thong-tin,A02,Điểm thi THPT,2024,18.5,Công nghệ thông tin
162016,TTB,cong-nghe-thong-tin,D01,Điểm thi THPT,2024,18.5,Công nghệ thông tin
162017,TTB,cong-nghe-thong-tin,A00,Điểm học bạ,2025,23.19,Công nghệ thông tin
162018,TTB,cong-nghe-thong-tin,A01,Điểm học bạ,2025,23.19,Công nghệ thông tin
162019,TTB,cong-nghe-thong-tin,B00,Điểm học bạ,2025,23.19,Công nghệ thông tin
162020,TTB,cong-nghe-thong-tin,D01,Điểm học bạ,2025,23.19,Công nghệ thông tin
162021,TTB,cong-nghe-thong-tin,X02,Điểm học bạ,2025,23.19,Công nghệ thông tin
162022,TTB,cong-nghe-thong-tin,X06,Điểm học bạ,2025,23.19,Công nghệ thông tin
162023,TTB,cong-nghe-thong-tin,X26,Điểm học bạ,2025,23.19,Công nghệ thông tin
162024,TTB,cong-nghe-thong-tin,X56,Điểm học bạ,2025,23.19,Công nghệ thông tin
162025,TTB,cong-nghe-thong-tin,A00,Điểm thi THPT,2025,17.68,Công nghệ thông tin
162026,TTB,cong-nghe-thong-tin,A01,Điểm thi THPT,2025,17.68,Công nghệ thông tin
162027,TTB,cong-nghe-thong-tin,B00,Điểm thi THPT,2025,17.68,Công nghệ thông tin
162028,TTB,cong-nghe-thong-tin,D01,Điểm thi THPT,2025,17.68,Công nghệ thông tin
162029,TTB,cong-nghe-thong-tin,X02,Điểm thi THPT,2025,17.68,Công nghệ thông tin
162030,TTB,cong-nghe-thong-tin,X06,Điểm thi THPT,2025,17.68,Công nghệ thông tin
162031,TTB,cong-nghe-thong-tin,X26,Điểm thi THPT,2025,17.68,Công nghệ thông tin
162032,TTB,cong-nghe-thong-tin,X56,Điểm thi THPT,2025,17.68,Công nghệ thông tin
162033,TTB,dinh-duong,A11,Điểm học bạ,2024,19.0,Dinh dưỡng
162034,TTB,dinh-duong,B00,Điểm học bạ,2024,19.0,Dinh dưỡng
162035,TTB,dinh-duong,B04,Điểm học bạ,2024,19.0,Dinh dưỡng
162036,TTB,dinh-duong,C18,Điểm học bạ,2024,19.0,Dinh dưỡng
162037,TTB,dinh-duong,A11,Điểm thi THPT,2024,15.0,Dinh dưỡng
162038,TTB,dinh-duong,B00,Điểm thi THPT,2024,15.0,Dinh dưỡng
162039,TTB,dinh-duong,B04,Điểm thi THPT,2024,15.0,Dinh dưỡng
162040,TTB,dinh-duong,C18,Điểm thi THPT,2024,15.0,Dinh dưỡng
162041,TTB,dinh-duong,A11,Điểm học bạ,2025,21.0,Dinh dưỡng
162042,TTB,dinh-duong,B00,Điểm học bạ,2025,21.0,Dinh dưỡng
162043,TTB,dinh-duong,B04,Điểm học bạ,2025,21.0,Dinh dưỡng
162044,TTB,dinh-duong,B08,Điểm học bạ,2025,21.0,Dinh dưỡng
162045,TTB,dinh-duong,D07,Điểm học bạ,2025,21.0,Dinh dưỡng
162046,TTB,dinh-duong,X09,Điểm học bạ,2025,21.0,Dinh dưỡng
162047,TTB,dinh-duong,X13,Điểm học bạ,2025,21.0,Dinh dưỡng
162048,TTB,dinh-duong,X66,Điểm học bạ,2025,21.0,Dinh dưỡng
162049,TTB,dinh-duong,A11,Điểm thi THPT,2025,15.0,Dinh dưỡng
162050,TTB,dinh-duong,B00,Điểm thi THPT,2025,15.0,Dinh dưỡng
162051,TTB,dinh-duong,B04,Điểm thi THPT,2025,15.0,Dinh dưỡng
162052,TTB,dinh-duong,B08,Điểm thi THPT,2025,15.0,Dinh dưỡng
162053,TTB,dinh-duong,D07,Điểm thi THPT,2025,15.0,Dinh dưỡng
162054,TTB,dinh-duong,X09,Điểm thi THPT,2025,15.0,Dinh dưỡng
162055,TTB,dinh-duong,X13,Điểm thi THPT,2025,15.0,Dinh dưỡng
162056,TTB,dinh-duong,X66,Điểm thi THPT,2025,15.0,Dinh dưỡng
162057,TTB,giao-duc-chinh-tri,C00,Điểm học bạ,2021,21.0,Giáo dục Chính trị
162058,TTB,giao-duc-chinh-tri,C19,Điểm học bạ,2021,21.0,Giáo dục Chính trị
162059,TTB,giao-duc-chinh-tri,C20,Điểm học bạ,2021,21.0,Giáo dục Chính trị
162060,TTB,giao-duc-chinh-tri,D01,Điểm học bạ,2021,21.0,Giáo dục Chính trị
162061,TTB,giao-duc-chinh-tri,C00,Điểm thi THPT,2021,25.0,Giáo dục Chính trị
162062,TTB,giao-duc-chinh-tri,C19,Điểm thi THPT,2021,25.0,Giáo dục Chính trị
162063,TTB,giao-duc-chinh-tri,C20,Điểm thi THPT,2021,25.0,Giáo dục Chính trị
162064,TTB,giao-duc-chinh-tri,D01,Điểm thi THPT,2021,25.0,Giáo dục Chính trị
162065,TTB,giao-duc-chinh-tri,C00,Điểm học bạ,2022,26.0,Giáo dục Chính trị
162066,TTB,giao-duc-chinh-tri,C19,Điểm học bạ,2022,26.0,Giáo dục Chính trị
162067,TTB,giao-duc-chinh-tri,C20,Điểm học bạ,2022,26.0,Giáo dục Chính trị
162068,TTB,giao-duc-chinh-tri,D01,Điểm học bạ,2022,26.0,Giáo dục Chính trị
162069,TTB,giao-duc-chinh-tri,C00,Điểm thi THPT,2022,25.6,Giáo dục Chính trị
162070,TTB,giao-duc-chinh-tri,C19,Điểm thi THPT,2022,25.6,Giáo dục Chính trị
162071,TTB,giao-duc-chinh-tri,C20,Điểm thi THPT,2022,25.6,Giáo dục Chính trị
162072,TTB,giao-duc-chinh-tri,D01,Điểm thi THPT,2022,25.6,Giáo dục Chính trị
162073,TTB,giao-duc-chinh-tri,C00,Điểm học bạ,2023,21.0,Giáo dục Chính trị
162074,TTB,giao-duc-chinh-tri,C19,Điểm học bạ,2023,21.0,Giáo dục Chính trị
162075,TTB,giao-duc-chinh-tri,C20,Điểm học bạ,2023,21.0,Giáo dục Chính trị
162076,TTB,giao-duc-chinh-tri,D01,Điểm học bạ,2023,21.0,Giáo dục Chính trị
162077,TTB,giao-duc-chinh-tri,C00,Điểm thi THPT,2023,26.6,Giáo dục Chính trị
162078,TTB,giao-duc-chinh-tri,C19,Điểm thi THPT,2023,26.6,Giáo dục Chính trị
162079,TTB,giao-duc-chinh-tri,C20,Điểm thi THPT,2023,26.6,Giáo dục Chính trị
162080,TTB,giao-duc-chinh-tri,D01,Điểm thi THPT,2023,26.6,Giáo dục Chính trị
162081,TTB,giao-duc-chinh-tri,C00,Điểm học bạ,2024,27.29,Giáo dục Chính trị
162082,TTB,giao-duc-chinh-tri,C19,Điểm học bạ,2024,27.29,Giáo dục Chính trị
162083,TTB,giao-duc-chinh-tri,C20,Điểm học bạ,2024,27.29,Giáo dục Chính trị
162084,TTB,giao-duc-chinh-tri,D01,Điểm học bạ,2024,27.29,Giáo dục Chính trị
162085,TTB,giao-duc-chinh-tri,C00,Điểm thi THPT,2024,27.78,Giáo dục Chính trị
162086,TTB,giao-duc-chinh-tri,C19,Điểm thi THPT,2024,27.78,Giáo dục Chính trị
162087,TTB,giao-duc-chinh-tri,C20,Điểm thi THPT,2024,27.78,Giáo dục Chính trị
162088,TTB,giao-duc-chinh-tri,D01,Điểm thi THPT,2024,27.78,Giáo dục Chính trị
162089,TTB,giao-duc-chinh-tri,A00,Điểm học bạ,2025,27.22,Giáo dục Chính trị
162090,TTB,giao-duc-chinh-tri,A01,Điểm học bạ,2025,27.22,Giáo dục Chính trị
162091,TTB,giao-duc-chinh-tri,A02,Điểm học bạ,2025,27.22,Giáo dục Chính trị
162092,TTB,giao-duc-chinh-tri,A04,Điểm học bạ,2025,27.22,Giáo dục Chính trị
162093,TTB,giao-duc-chinh-tri,C00,Điểm học bạ,2025,27.22,Giáo dục Chính trị
162094,TTB,giao-duc-chinh-tri,C03,Điểm học bạ,2025,27.22,Giáo dục Chính trị
162095,TTB,giao-duc-chinh-tri,D01,Điểm học bạ,2025,27.22,Giáo dục Chính trị
162096,TTB,giao-duc-chinh-tri,X70,Điểm học bạ,2025,27.22,Giáo dục Chính trị
162097,TTB,giao-duc-chinh-tri,C00,Điểm thi THPT,2025,27.52,Giáo dục Chính trị
162098,TTB,giao-duc-chinh-tri,C14,Điểm thi THPT,2025,27.52,Giáo dục Chính trị
162099,TTB,giao-duc-chinh-tri,C19,Điểm thi THPT,2025,27.52,Giáo dục Chính trị
162100,TTB,giao-duc-chinh-tri,C20,Điểm thi THPT,2025,27.52,Giáo dục Chính trị
162101,TTB,giao-duc-chinh-tri,D01,Điểm thi THPT,2025,27.52,Giáo dục Chính trị
162102,TTB,giao-duc-chinh-tri,X01,Điểm thi THPT,2025,27.52,Giáo dục Chính trị
162103,TTB,giao-duc-chinh-tri,X70,Điểm thi THPT,2025,27.52,Giáo dục Chính trị
162104,TTB,giao-duc-chinh-tri,X74,Điểm thi THPT,2025,27.52,Giáo dục Chính trị
162105,TTB,giao-duc-mam-non,M00,Điểm học bạ,2021,19.0,Giáo dục mầm non (Cao đẳng)
162106,TTB,giao-duc-mam-non,M05,Điểm học bạ,2021,19.0,Giáo dục mầm non (Cao đẳng)
162107,TTB,giao-duc-mam-non,M07,Điểm học bạ,2021,19.0,Giáo dục mầm non (Cao đẳng)
162108,TTB,giao-duc-mam-non,M13,Điểm học bạ,2021,19.0,Giáo dục mầm non (Cao đẳng)
162109,TTB,giao-duc-mam-non,M00,Điểm thi THPT,2021,17.0,Giáo dục mầm non (Cao đẳng)
162110,TTB,giao-duc-mam-non,M05,Điểm thi THPT,2021,17.0,Giáo dục mầm non (Cao đẳng)
162111,TTB,giao-duc-mam-non,M07,Điểm thi THPT,2021,17.0,Giáo dục mầm non (Cao đẳng)
162112,TTB,giao-duc-mam-non,M13,Điểm thi THPT,2021,17.0,Giáo dục mầm non (Cao đẳng)
162113,TTB,giao-duc-mam-non,M00,Điểm học bạ,2022,24.15,Giáo dục mầm non
162114,TTB,giao-duc-mam-non,M05,Điểm học bạ,2022,24.15,Giáo dục mầm non
162115,TTB,giao-duc-mam-non,M07,Điểm học bạ,2022,24.15,Giáo dục mầm non
162116,TTB,giao-duc-mam-non,M13,Điểm học bạ,2022,24.15,Giáo dục mầm non
162117,TTB,giao-duc-mam-non,M00,Điểm thi THPT,2022,21.8,Giáo dục mầm non
162118,TTB,giao-duc-mam-non,M05,Điểm thi THPT,2022,21.8,Giáo dục mầm non
162119,TTB,giao-duc-mam-non,M07,Điểm thi THPT,2022,21.8,Giáo dục mầm non
162120,TTB,giao-duc-mam-non,M13,Điểm thi THPT,2022,21.8,Giáo dục mầm non
162121,TTB,giao-duc-mam-non,M00,Điểm học bạ,2023,21.0,Giáo dục Mầm non
162122,TTB,giao-duc-mam-non,M05,Điểm học bạ,2023,21.0,Giáo dục Mầm non
162123,TTB,giao-duc-mam-non,M07,Điểm học bạ,2023,21.0,Giáo dục Mầm non
162124,TTB,giao-duc-mam-non,M13,Điểm học bạ,2023,21.0,Giáo dục Mầm non
162125,TTB,giao-duc-mam-non,M00,Điểm thi THPT,2023,22.1,Giáo dục Mầm non
162126,TTB,giao-duc-mam-non,M05,Điểm thi THPT,2023,22.1,Giáo dục Mầm non
162127,TTB,giao-duc-mam-non,M07,Điểm thi THPT,2023,22.1,Giáo dục Mầm non
162128,TTB,giao-duc-mam-non,M13,Điểm thi THPT,2023,22.1,Giáo dục Mầm non
162129,TTB,giao-duc-mam-non,M00,Điểm học bạ,2024,21.0,Giáo dục Mầm non
162130,TTB,giao-duc-mam-non,M05,Điểm học bạ,2024,21.0,Giáo dục Mầm non
162131,TTB,giao-duc-mam-non,M07,Điểm học bạ,2024,21.0,Giáo dục Mầm non
162132,TTB,giao-duc-mam-non,M13,Điểm học bạ,2024,21.0,Giáo dục Mầm non
162133,TTB,giao-duc-mam-non,M00,Điểm thi THPT,2024,23.3,Giáo dục Mầm non
162134,TTB,giao-duc-mam-non,M05,Điểm thi THPT,2024,23.3,Giáo dục Mầm non
162135,TTB,giao-duc-mam-non,M07,Điểm thi THPT,2024,23.3,Giáo dục Mầm non
162136,TTB,giao-duc-mam-non,M13,Điểm thi THPT,2024,23.3,Giáo dục Mầm non
162137,TTB,giao-duc-mam-non,T00,Điểm học bạ,2025,27.01,Giáo dục Mầm non
162138,TTB,giao-duc-mam-non,T02,Điểm học bạ,2025,27.01,Giáo dục Mầm non
162139,TTB,giao-duc-mam-non,T03,Điểm học bạ,2025,27.01,Giáo dục Mầm non
162140,TTB,giao-duc-mam-non,T04,Điểm học bạ,2025,27.01,Giáo dục Mầm non
162141,TTB,giao-duc-mam-non,T05,Điểm học bạ,2025,27.01,Giáo dục Mầm non
162142,TTB,giao-duc-mam-non,T09,Điểm học bạ,2025,27.01,Giáo dục Mầm non
162143,TTB,giao-duc-mam-non,T10,Điểm học bạ,2025,27.01,Giáo dục Mầm non
162144,TTB,giao-duc-mam-non,T11,Điểm học bạ,2025,27.01,Giáo dục Mầm non
162145,TTB,giao-duc-mam-non,C00,Điểm thi THPT,2025,27.37,Giáo dục Mầm non
162146,TTB,giao-duc-mam-non,C19,Điểm thi THPT,2025,27.37,Giáo dục Mầm non
162147,TTB,giao-duc-mam-non,D14,Điểm thi THPT,2025,27.37,Giáo dục Mầm non
162148,TTB,giao-duc-mam-non,D15,Điểm thi THPT,2025,27.37,Giáo dục Mầm non
162149,TTB,giao-duc-mam-non,X01,Điểm thi THPT,2025,27.37,Giáo dục Mầm non
162150,TTB,giao-duc-mam-non,X21,Điểm thi THPT,2025,27.37,Giáo dục Mầm non
162151,TTB,giao-duc-mam-non,X70,Điểm thi THPT,2025,27.37,Giáo dục Mầm non
162152,TTB,giao-duc-mam-non,X74,Điểm thi THPT,2025,27.37,Giáo dục Mầm non
162153,TTB,giao-duc-the-chat,T00,Điểm học bạ,2021,19.5,Giáo dục thể chất
162154,TTB,giao-duc-the-chat,T03,Điểm học bạ,2021,19.5,Giáo dục thể chất
162155,TTB,giao-duc-the-chat,T04,Điểm học bạ,2021,19.5,Giáo dục thể chất
162156,TTB,giao-duc-the-chat,T05,Điểm học bạ,2021,19.5,Giáo dục thể chất
162157,TTB,giao-duc-the-chat,T00,Điểm thi THPT,2021,18.0,Giáo dục thể chất
162158,TTB,giao-duc-the-chat,T03,Điểm thi THPT,2021,18.0,Giáo dục thể chất
162159,TTB,giao-duc-the-chat,T04,Điểm thi THPT,2021,18.0,Giáo dục thể chất
162160,TTB,giao-duc-the-chat,T05,Điểm thi THPT,2021,18.0,Giáo dục thể chất
162161,TTB,giao-duc-the-chat,T00,Điểm học bạ,2022,21.25,Giáo dục Thể chất
162162,TTB,giao-duc-the-chat,T03,Điểm học bạ,2022,21.25,Giáo dục Thể chất
162163,TTB,giao-duc-the-chat,T04,Điểm học bạ,2022,21.25,Giáo dục Thể chất
162164,TTB,giao-duc-the-chat,T05,Điểm học bạ,2022,21.25,Giáo dục Thể chất
162165,TTB,giao-duc-the-chat,T00,Điểm thi THPT,2022,18.0,Giáo dục Thể chất
162166,TTB,giao-duc-the-chat,T03,Điểm thi THPT,2022,18.0,Giáo dục Thể chất
162167,TTB,giao-duc-the-chat,T04,Điểm thi THPT,2022,18.0,Giáo dục Thể chất
162168,TTB,giao-duc-the-chat,T05,Điểm thi THPT,2022,18.0,Giáo dục Thể chất
162169,TTB,giao-duc-the-chat,T00,Điểm học bạ,2023,26.1,Giáo dục Thể chất
162170,TTB,giao-duc-the-chat,T03,Điểm học bạ,2023,26.1,Giáo dục Thể chất
162171,TTB,giao-duc-the-chat,T04,Điểm học bạ,2023,26.1,Giáo dục Thể chất
162172,TTB,giao-duc-the-chat,T05,Điểm học bạ,2023,26.1,Giáo dục Thể chất
162173,TTB,giao-duc-the-chat,T00,Điểm thi THPT,2023,23.6,Giáo dục Thể chất
162174,TTB,giao-duc-the-chat,T03,Điểm thi THPT,2023,23.6,Giáo dục Thể chất
162175,TTB,giao-duc-the-chat,T04,Điểm thi THPT,2023,23.6,Giáo dục Thể chất
162176,TTB,giao-duc-the-chat,T05,Điểm thi THPT,2023,23.6,Giáo dục Thể chất
162177,TTB,giao-duc-the-chat,T00,Điểm học bạ,2024,26.6,Giáo dục Thể chất
162178,TTB,giao-duc-the-chat,T03,Điểm học bạ,2024,26.6,Giáo dục Thể chất
162179,TTB,giao-duc-the-chat,T04,Điểm học bạ,2024,26.6,Giáo dục Thể chất
162180,TTB,giao-duc-the-chat,T05,Điểm học bạ,2024,26.6,Giáo dục Thể chất
162181,TTB,giao-duc-the-chat,T00,Điểm thi THPT,2024,25.57,Giáo dục Thể chất
162182,TTB,giao-duc-the-chat,T03,Điểm thi THPT,2024,25.57,Giáo dục Thể chất
162183,TTB,giao-duc-the-chat,T04,Điểm thi THPT,2024,25.57,Giáo dục Thể chất
162184,TTB,giao-duc-the-chat,T05,Điểm thi THPT,2024,25.57,Giáo dục Thể chất
162185,TTB,giao-duc-the-chat,C00,Điểm học bạ,2025,27.19,Giáo dục Thể chất
162186,TTB,giao-duc-the-chat,C14,Điểm học bạ,2025,27.19,Giáo dục Thể chất
162187,TTB,giao-duc-the-chat,C19,Điểm học bạ,2025,27.19,Giáo dục Thể chất
162188,TTB,giao-duc-the-chat,C20,Điểm học bạ,2025,27.19,Giáo dục Thể chất
162189,TTB,giao-duc-the-chat,D01,Điểm học bạ,2025,27.19,Giáo dục Thể chất
162190,TTB,giao-duc-the-chat,X01,Điểm học bạ,2025,27.19,Giáo dục Thể chất
162191,TTB,giao-duc-the-chat,X70,Điểm học bạ,2025,27.19,Giáo dục Thể chất
162192,TTB,giao-duc-the-chat,X74,Điểm học bạ,2025,27.19,Giáo dục Thể chất
162193,TTB,giao-duc-the-chat,T00,Điểm thi THPT,2025,25.57,Giáo dục Thể chất
162194,TTB,giao-duc-the-chat,T02,Điểm thi THPT,2025,25.57,Giáo dục Thể chất
162195,TTB,giao-duc-the-chat,T03,Điểm thi THPT,2025,25.57,Giáo dục Thể chất
162196,TTB,giao-duc-the-chat,T04,Điểm thi THPT,2025,25.57,Giáo dục Thể chất
162197,TTB,giao-duc-the-chat,T05,Điểm thi THPT,2025,25.57,Giáo dục Thể chất
162198,TTB,giao-duc-the-chat,T09,Điểm thi THPT,2025,25.57,Giáo dục Thể chất
162199,TTB,giao-duc-the-chat,T10,Điểm thi THPT,2025,25.57,Giáo dục Thể chất
162200,TTB,giao-duc-the-chat,T11,Điểm thi THPT,2025,25.57,Giáo dục Thể chất
162201,TTB,giao-duc-tieu-hoc,A00,Điểm học bạ,2021,27.5,Giáo dục Tiểu học
162202,TTB,giao-duc-tieu-hoc,A01,Điểm học bạ,2021,27.5,Giáo dục Tiểu học
162203,TTB,giao-duc-tieu-hoc,C00,Điểm học bạ,2021,27.5,Giáo dục Tiểu học
162204,TTB,giao-duc-tieu-hoc,D01,Điểm học bạ,2021,27.5,Giáo dục Tiểu học
162205,TTB,giao-duc-tieu-hoc,A00,Điểm thi THPT,2021,26.0,Giáo dục Tiểu học
162206,TTB,giao-duc-tieu-hoc,A01,Điểm thi THPT,2021,26.0,Giáo dục Tiểu học
162207,TTB,giao-duc-tieu-hoc,C00,Điểm thi THPT,2021,26.0,Giáo dục Tiểu học
162208,TTB,giao-duc-tieu-hoc,D01,Điểm thi THPT,2021,26.0,Giáo dục Tiểu học
162209,TTB,giao-duc-tieu-hoc,A00,Điểm học bạ,2022,22.5,Giáo dục Tiểu học
162210,TTB,giao-duc-tieu-hoc,A01,Điểm học bạ,2022,22.5,Giáo dục Tiểu học
162211,TTB,giao-duc-tieu-hoc,C00,Điểm học bạ,2022,22.5,Giáo dục Tiểu học
162212,TTB,giao-duc-tieu-hoc,D01,Điểm học bạ,2022,22.5,Giáo dục Tiểu học
162213,TTB,giao-duc-tieu-hoc,A00,Điểm thi THPT,2022,25.2,Giáo dục Tiểu học
162214,TTB,giao-duc-tieu-hoc,A01,Điểm thi THPT,2022,25.2,Giáo dục Tiểu học
162215,TTB,giao-duc-tieu-hoc,C00,Điểm thi THPT,2022,25.2,Giáo dục Tiểu học
162216,TTB,giao-duc-tieu-hoc,D01,Điểm thi THPT,2022,25.2,Giáo dục Tiểu học
162217,TTB,giao-duc-tieu-hoc,A00,Điểm học bạ,2023,26.25,Giáo dục Tiểu học
162218,TTB,giao-duc-tieu-hoc,A01,Điểm học bạ,2023,26.25,Giáo dục Tiểu học
162219,TTB,giao-duc-tieu-hoc,C00,Điểm học bạ,2023,26.25,Giáo dục Tiểu học
162220,TTB,giao-duc-tieu-hoc,D01,Điểm học bạ,2023,26.25,Giáo dục Tiểu học
162221,TTB,giao-duc-tieu-hoc,A00,Điểm thi THPT,2023,25.9,Giáo dục Tiểu học
162222,TTB,giao-duc-tieu-hoc,A01,Điểm thi THPT,2023,25.9,Giáo dục Tiểu học
162223,TTB,giao-duc-tieu-hoc,C00,Điểm thi THPT,2023,25.9,Giáo dục Tiểu học
162224,TTB,giao-duc-tieu-hoc,D01,Điểm thi THPT,2023,25.9,Giáo dục Tiểu học
162225,TTB,giao-duc-tieu-hoc,A00,Điểm học bạ,2024,27.41,Giáo dục Tiểu học
162226,TTB,giao-duc-tieu-hoc,A01,Điểm học bạ,2024,27.41,Giáo dục Tiểu học
162227,TTB,giao-duc-tieu-hoc,C00,Điểm học bạ,2024,27.41,Giáo dục Tiểu học
162228,TTB,giao-duc-tieu-hoc,D01,Điểm học bạ,2024,27.41,Giáo dục Tiểu học
162229,TTB,giao-duc-tieu-hoc,A00,Điểm thi THPT,2024,27.5,Giáo dục Tiểu học
162230,TTB,giao-duc-tieu-hoc,A01,Điểm thi THPT,2024,27.5,Giáo dục Tiểu học
162231,TTB,giao-duc-tieu-hoc,C00,Điểm thi THPT,2024,27.5,Giáo dục Tiểu học
162232,TTB,giao-duc-tieu-hoc,D01,Điểm thi THPT,2024,27.5,Giáo dục Tiểu học
162233,TTB,giao-duc-tieu-hoc,C00,Điểm học bạ,2025,27.53,Giáo dục Tiểu học
162234,TTB,giao-duc-tieu-hoc,C19,Điểm học bạ,2025,27.53,Giáo dục Tiểu học
162235,TTB,giao-duc-tieu-hoc,D14,Điểm học bạ,2025,27.53,Giáo dục Tiểu học
162236,TTB,giao-duc-tieu-hoc,D15,Điểm học bạ,2025,27.53,Giáo dục Tiểu học
162237,TTB,giao-duc-tieu-hoc,X01,Điểm học bạ,2025,27.53,Giáo dục Tiểu học
162238,TTB,giao-duc-tieu-hoc,X21,Điểm học bạ,2025,27.53,Giáo dục Tiểu học
162239,TTB,giao-duc-tieu-hoc,X70,Điểm học bạ,2025,27.53,Giáo dục Tiểu học
162240,TTB,giao-duc-tieu-hoc,X74,Điểm học bạ,2025,27.53,Giáo dục Tiểu học
162241,TTB,giao-duc-tieu-hoc,A00,Điểm thi THPT,2025,27.74,Giáo dục Tiểu học
162242,TTB,giao-duc-tieu-hoc,A01,Điểm thi THPT,2025,27.74,Giáo dục Tiểu học
162243,TTB,giao-duc-tieu-hoc,A02,Điểm thi THPT,2025,27.74,Giáo dục Tiểu học
162244,TTB,giao-duc-tieu-hoc,A04,Điểm thi THPT,2025,27.74,Giáo dục Tiểu học
162245,TTB,giao-duc-tieu-hoc,C00,Điểm thi THPT,2025,27.74,Giáo dục Tiểu học
162246,TTB,giao-duc-tieu-hoc,C03,Điểm thi THPT,2025,27.74,Giáo dục Tiểu học
162247,TTB,giao-duc-tieu-hoc,D01,Điểm thi THPT,2025,27.74,Giáo dục Tiểu học
162248,TTB,giao-duc-tieu-hoc,X70,Điểm thi THPT,2025,27.74,Giáo dục Tiểu học
162249,TTB,ke-toan,A00,Điểm học bạ,2021,18.0,Kế toán
162250,TTB,ke-toan,A01,Điểm học bạ,2021,18.0,Kế toán
162251,TTB,ke-toan,A02,Điểm học bạ,2021,18.0,Kế toán
162252,TTB,ke-toan,D01,Điểm học bạ,2021,18.0,Kế toán
162253,TTB,ke-toan,A00,Điểm thi THPT,2021,15.0,Kế toán
162254,TTB,ke-toan,A01,Điểm thi THPT,2021,15.0,Kế toán
162255,TTB,ke-toan,A02,Điểm thi THPT,2021,15.0,Kế toán
162256,TTB,ke-toan,D01,Điểm thi THPT,2021,15.0,Kế toán
162257,TTB,ke-toan,A00,Điểm học bạ,2022,18.0,Kế toán
162258,TTB,ke-toan,A01,Điểm học bạ,2022,18.0,Kế toán
162259,TTB,ke-toan,A02,Điểm học bạ,2022,18.0,Kế toán
162260,TTB,ke-toan,D01,Điểm học bạ,2022,18.0,Kế toán
162261,TTB,ke-toan,A00,Điểm thi THPT,2022,15.0,Kế toán
162262,TTB,ke-toan,A01,Điểm thi THPT,2022,15.0,Kế toán
162263,TTB,ke-toan,A02,Điểm thi THPT,2022,15.0,Kế toán
162264,TTB,ke-toan,D01,Điểm thi THPT,2022,15.0,Kế toán
162265,TTB,ke-toan,A00,Điểm học bạ,2023,18.0,Kế toán
162266,TTB,ke-toan,A01,Điểm học bạ,2023,18.0,Kế toán
162267,TTB,ke-toan,A02,Điểm học bạ,2023,18.0,Kế toán
162268,TTB,ke-toan,D01,Điểm học bạ,2023,18.0,Kế toán
162269,TTB,ke-toan,A00,Điểm thi THPT,2023,15.0,Kế toán
162270,TTB,ke-toan,A01,Điểm thi THPT,2023,15.0,Kế toán
162271,TTB,ke-toan,A02,Điểm thi THPT,2023,15.0,Kế toán
162272,TTB,ke-toan,D01,Điểm thi THPT,2023,15.0,Kế toán
162273,TTB,ke-toan,A00,Điểm học bạ,2024,18.0,Kế toán
162274,TTB,ke-toan,A01,Điểm học bạ,2024,18.0,Kế toán
162275,TTB,ke-toan,A02,Điểm học bạ,2024,18.0,Kế toán
162276,TTB,ke-toan,D01,Điểm học bạ,2024,18.0,Kế toán
162277,TTB,ke-toan,A00,Điểm thi THPT,2024,15.0,Kế toán
162278,TTB,ke-toan,A01,Điểm thi THPT,2024,15.0,Kế toán
162279,TTB,ke-toan,A02,Điểm thi THPT,2024,15.0,Kế toán
162280,TTB,ke-toan,D01,Điểm thi THPT,2024,15.0,Kế toán
162281,TTB,ke-toan,A00,Điểm học bạ,2025,19.68,Kế toán
162282,TTB,ke-toan,A01,Điểm học bạ,2025,19.68,Kế toán
162283,TTB,ke-toan,A02,Điểm học bạ,2025,19.68,Kế toán
162284,TTB,ke-toan,D01,Điểm học bạ,2025,19.68,Kế toán
162285,TTB,ke-toan,X06,Điểm học bạ,2025,19.68,Kế toán
162286,TTB,ke-toan,X09,Điểm học bạ,2025,19.68,Kế toán
162287,TTB,ke-toan,X26,Điểm học bạ,2025,19.68,Kế toán
162288,TTB,ke-toan,X56,Điểm học bạ,2025,19.68,Kế toán
162289,TTB,ke-toan,A00,Điểm thi THPT,2025,15.0,Kế toán
162290,TTB,ke-toan,A01,Điểm thi THPT,2025,15.0,Kế toán
162291,TTB,ke-toan,A02,Điểm thi THPT,2025,15.0,Kế toán
162292,TTB,ke-toan,D01,Điểm thi THPT,2025,15.0,Kế toán
162293,TTB,ke-toan,X06,Điểm thi THPT,2025,15.0,Kế toán
162294,TTB,ke-toan,X09,Điểm thi THPT,2025,15.0,Kế toán
162295,TTB,ke-toan,X26,Điểm thi THPT,2025,15.0,Kế toán
162296,TTB,ke-toan,X56,Điểm thi THPT,2025,15.0,Kế toán
162297,TTB,lam-sinh,A02,Điểm học bạ,2021,18.0,Lâm sinh
162298,TTB,lam-sinh,B00,Điểm học bạ,2021,18.0,Lâm sinh
162299,TTB,lam-sinh,B04,Điểm học bạ,2021,18.0,Lâm sinh
162300,TTB,lam-sinh,D08,Điểm học bạ,2021,18.0,Lâm sinh
162301,TTB,lam-sinh,A02,Điểm thi THPT,2021,15.0,Lâm sinh
162302,TTB,lam-sinh,B00,Điểm thi THPT,2021,15.0,Lâm sinh
162303,TTB,lam-sinh,B04,Điểm thi THPT,2021,15.0,Lâm sinh
162304,TTB,lam-sinh,D08,Điểm thi THPT,2021,15.0,Lâm sinh
162305,TTB,lam-sinh,A02,Điểm học bạ,2022,18.0,Lâm sinh
162306,TTB,lam-sinh,B00,Điểm học bạ,2022,18.0,Lâm sinh
162307,TTB,lam-sinh,B04,Điểm học bạ,2022,18.0,Lâm sinh
162308,TTB,lam-sinh,D08,Điểm học bạ,2022,18.0,Lâm sinh
162309,TTB,lam-sinh,A02,Điểm thi THPT,2022,15.0,Lâm sinh
162310,TTB,lam-sinh,B00,Điểm thi THPT,2022,15.0,Lâm sinh
162311,TTB,lam-sinh,B04,Điểm thi THPT,2022,15.0,Lâm sinh
162312,TTB,lam-sinh,D08,Điểm thi THPT,2022,15.0,Lâm sinh
162313,TTB,lam-sinh,A02,Điểm học bạ,2023,18.0,Lâm sinh
162314,TTB,lam-sinh,B00,Điểm học bạ,2023,18.0,Lâm sinh
162315,TTB,lam-sinh,B04,Điểm học bạ,2023,18.0,Lâm sinh
162316,TTB,lam-sinh,D08,Điểm học bạ,2023,18.0,Lâm sinh
162317,TTB,lam-sinh,A02,Điểm thi THPT,2023,15.0,Lâm sinh
162318,TTB,lam-sinh,B00,Điểm thi THPT,2023,15.0,Lâm sinh
162319,TTB,lam-sinh,B04,Điểm thi THPT,2023,15.0,Lâm sinh
162320,TTB,lam-sinh,D08,Điểm thi THPT,2023,15.0,Lâm sinh
162321,TTB,lam-sinh,A02,Điểm học bạ,2024,18.0,Lâm sinh
162322,TTB,lam-sinh,B00,Điểm học bạ,2024,18.0,Lâm sinh
162323,TTB,lam-sinh,B04,Điểm học bạ,2024,18.0,Lâm sinh
162324,TTB,lam-sinh,D08,Điểm học bạ,2024,18.0,Lâm sinh
162325,TTB,lam-sinh,A02,Điểm thi THPT,2024,15.0,Lâm sinh
162326,TTB,lam-sinh,B00,Điểm thi THPT,2024,15.0,Lâm sinh
162327,TTB,lam-sinh,B04,Điểm thi THPT,2024,15.0,Lâm sinh
162328,TTB,lam-sinh,D08,Điểm thi THPT,2024,15.0,Lâm sinh
162329,TTB,lam-sinh,A02,Điểm học bạ,2025,21.0,Lâm sinh
162330,TTB,lam-sinh,B00,Điểm học bạ,2025,21.0,Lâm sinh
162331,TTB,lam-sinh,B03,Điểm học bạ,2025,21.0,Lâm sinh
162332,TTB,lam-sinh,B08,Điểm học bạ,2025,21.0,Lâm sinh
162333,TTB,lam-sinh,D01,Điểm học bạ,2025,21.0,Lâm sinh
162334,TTB,lam-sinh,X13,Điểm học bạ,2025,21.0,Lâm sinh
162335,TTB,lam-sinh,X14,Điểm học bạ,2025,21.0,Lâm sinh
162336,TTB,lam-sinh,X16,Điểm học bạ,2025,21.0,Lâm sinh
162337,TTB,lam-sinh,A02,Điểm thi THPT,2025,15.0,Lâm sinh
162338,TTB,lam-sinh,B00,Điểm thi THPT,2025,15.0,Lâm sinh
162339,TTB,lam-sinh,B03,Điểm thi THPT,2025,15.0,Lâm sinh
162340,TTB,lam-sinh,B08,Điểm thi THPT,2025,15.0,Lâm sinh
162341,TTB,lam-sinh,D01,Điểm thi THPT,2025,15.0,Lâm sinh
162342,TTB,lam-sinh,X13,Điểm thi THPT,2025,15.0,Lâm sinh
162343,TTB,lam-sinh,X14,Điểm thi THPT,2025,15.0,Lâm sinh
162344,TTB,lam-sinh,X16,Điểm thi THPT,2025,15.0,Lâm sinh
162345,TTB,nong-hoc,A02,Điểm học bạ,2021,18.0,Nông học
162346,TTB,nong-hoc,B00,Điểm học bạ,2021,18.0,Nông học
162347,TTB,nong-hoc,B04,Điểm học bạ,2021,18.0,Nông học
162348,TTB,nong-hoc,D08,Điểm học bạ,2021,18.0,Nông học
162349,TTB,nong-hoc,A02,Điểm thi THPT,2021,15.0,Nông học
162350,TTB,nong-hoc,B00,Điểm thi THPT,2021,15.0,Nông học
162351,TTB,nong-hoc,B04,Điểm thi THPT,2021,15.0,Nông học
162352,TTB,nong-hoc,D08,Điểm thi THPT,2021,15.0,Nông học
162353,TTB,nong-hoc,A02,Điểm học bạ,2022,18.0,Nông học
162354,TTB,nong-hoc,B00,Điểm học bạ,2022,18.0,Nông học
162355,TTB,nong-hoc,B04,Điểm học bạ,2022,18.0,Nông học
162356,TTB,nong-hoc,D08,Điểm học bạ,2022,18.0,Nông học
162357,TTB,nong-hoc,A02,Điểm thi THPT,2022,15.0,Nông học
162358,TTB,nong-hoc,B00,Điểm thi THPT,2022,15.0,Nông học
162359,TTB,nong-hoc,B04,Điểm thi THPT,2022,15.0,Nông học
162360,TTB,nong-hoc,D08,Điểm thi THPT,2022,15.0,Nông học
162361,TTB,nong-hoc,A02,Điểm học bạ,2023,18.0,Nông học
162362,TTB,nong-hoc,B00,Điểm học bạ,2023,18.0,Nông học
162363,TTB,nong-hoc,B04,Điểm học bạ,2023,18.0,Nông học
162364,TTB,nong-hoc,D08,Điểm học bạ,2023,18.0,Nông học
162365,TTB,nong-hoc,A02,Điểm thi THPT,2023,15.0,Nông học
162366,TTB,nong-hoc,B00,Điểm thi THPT,2023,15.0,Nông học
162367,TTB,nong-hoc,B04,Điểm thi THPT,2023,15.0,Nông học
162368,TTB,nong-hoc,D08,Điểm thi THPT,2023,15.0,Nông học
162369,TTB,nong-hoc,A02,Điểm học bạ,2024,18.0,Nông học
162370,TTB,nong-hoc,B00,Điểm học bạ,2024,18.0,Nông học
162371,TTB,nong-hoc,B04,Điểm học bạ,2024,18.0,Nông học
162372,TTB,nong-hoc,D08,Điểm học bạ,2024,18.0,Nông học
162373,TTB,nong-hoc,A02,Điểm thi THPT,2024,15.0,Nông học
162374,TTB,nong-hoc,B00,Điểm thi THPT,2024,15.0,Nông học
162375,TTB,nong-hoc,B04,Điểm thi THPT,2024,15.0,Nông học
162376,TTB,nong-hoc,D08,Điểm thi THPT,2024,15.0,Nông học
162377,TTB,nong-hoc,A02,Điểm học bạ,2025,21.0,Nông học
162378,TTB,nong-hoc,B00,Điểm học bạ,2025,21.0,Nông học
162379,TTB,nong-hoc,B03,Điểm học bạ,2025,21.0,Nông học
162380,TTB,nong-hoc,B08,Điểm học bạ,2025,21.0,Nông học
162381,TTB,nong-hoc,D01,Điểm học bạ,2025,21.0,Nông học
162382,TTB,nong-hoc,X13,Điểm học bạ,2025,21.0,Nông học
162383,TTB,nong-hoc,X14,Điểm học bạ,2025,21.0,Nông học
162384,TTB,nong-hoc,X16,Điểm học bạ,2025,21.0,Nông học
162385,TTB,nong-hoc,A02,Điểm thi THPT,2025,15.0,Nông học
162386,TTB,nong-hoc,B00,Điểm thi THPT,2025,15.0,Nông học
162387,TTB,nong-hoc,B03,Điểm thi THPT,2025,15.0,Nông học
162388,TTB,nong-hoc,B08,Điểm thi THPT,2025,15.0,Nông học
162389,TTB,nong-hoc,D01,Điểm thi THPT,2025,15.0,Nông học
162390,TTB,nong-hoc,X13,Điểm thi THPT,2025,15.0,Nông học
162391,TTB,nong-hoc,X14,Điểm thi THPT,2025,15.0,Nông học
162392,TTB,nong-hoc,X16,Điểm thi THPT,2025,15.0,Nông học
162393,TTB,quan-ly-dich-vu-du-lich-va-lu-hanh,A00,Điểm học bạ,2023,18.0,Quản lý dịch vụ du lịch và lữ hành
162394,TTB,quan-ly-dich-vu-du-lich-va-lu-hanh,A01,Điểm học bạ,2023,18.0,Quản lý dịch vụ du lịch và lữ hành
162395,TTB,quan-ly-dich-vu-du-lich-va-lu-hanh,C00,Điểm học bạ,2023,18.0,Quản lý dịch vụ du lịch và lữ hành
162396,TTB,quan-ly-dich-vu-du-lich-va-lu-hanh,D01,Điểm học bạ,2023,18.0,Quản lý dịch vụ du lịch và lữ hành
162397,TTB,quan-ly-dich-vu-du-lich-va-lu-hanh,A00,Điểm thi THPT,2023,15.0,Quản lý dịch vụ du lịch và lữ hành
162398,TTB,quan-ly-dich-vu-du-lich-va-lu-hanh,A01,Điểm thi THPT,2023,15.0,Quản lý dịch vụ du lịch và lữ hành
162399,TTB,quan-ly-dich-vu-du-lich-va-lu-hanh,C00,Điểm thi THPT,2023,15.0,Quản lý dịch vụ du lịch và lữ hành
162400,TTB,quan-ly-dich-vu-du-lich-va-lu-hanh,D01,Điểm thi THPT,2023,15.0,Quản lý dịch vụ du lịch và lữ hành
162401,TTB,quan-ly-tai-nguyen-rung,A02,Điểm học bạ,2021,18.0,Quản lý tài nguyên rừng
162402,TTB,quan-ly-tai-nguyen-rung,B00,Điểm học bạ,2021,18.0,Quản lý tài nguyên rừng
162403,TTB,quan-ly-tai-nguyen-rung,B04,Điểm học bạ,2021,18.0,Quản lý tài nguyên rừng
162404,TTB,quan-ly-tai-nguyen-rung,D08,Điểm học bạ,2021,18.0,Quản lý tài nguyên rừng
162405,TTB,quan-ly-tai-nguyen-rung,A02,Điểm thi THPT,2021,15.0,Quản lý tài nguyên rừng
162406,TTB,quan-ly-tai-nguyen-rung,B00,Điểm thi THPT,2021,15.0,Quản lý tài nguyên rừng
162407,TTB,quan-ly-tai-nguyen-rung,B04,Điểm thi THPT,2021,15.0,Quản lý tài nguyên rừng
162408,TTB,quan-ly-tai-nguyen-rung,D08,Điểm thi THPT,2021,15.0,Quản lý tài nguyên rừng
162409,TTB,quan-ly-tai-nguyen-rung,A02,Điểm học bạ,2022,18.0,Quản lý tài nguyên rừng
162410,TTB,quan-ly-tai-nguyen-rung,B00,Điểm học bạ,2022,18.0,Quản lý tài nguyên rừng
162411,TTB,quan-ly-tai-nguyen-rung,B04,Điểm học bạ,2022,18.0,Quản lý tài nguyên rừng
162412,TTB,quan-ly-tai-nguyen-rung,D08,Điểm học bạ,2022,18.0,Quản lý tài nguyên rừng
162413,TTB,quan-ly-tai-nguyen-rung,A02,Điểm thi THPT,2022,15.0,Quản lý tài nguyên rừng
162414,TTB,quan-ly-tai-nguyen-rung,B00,Điểm thi THPT,2022,15.0,Quản lý tài nguyên rừng
162415,TTB,quan-ly-tai-nguyen-rung,B04,Điểm thi THPT,2022,15.0,Quản lý tài nguyên rừng
162416,TTB,quan-ly-tai-nguyen-rung,D08,Điểm thi THPT,2022,15.0,Quản lý tài nguyên rừng
162417,TTB,quan-ly-tai-nguyen-rung,A02,Điểm học bạ,2023,18.0,Quản lý tài nguyên rừng
162418,TTB,quan-ly-tai-nguyen-rung,B00,Điểm học bạ,2023,18.0,Quản lý tài nguyên rừng
162419,TTB,quan-ly-tai-nguyen-rung,B04,Điểm học bạ,2023,18.0,Quản lý tài nguyên rừng
162420,TTB,quan-ly-tai-nguyen-rung,D08,Điểm học bạ,2023,18.0,Quản lý tài nguyên rừng
162421,TTB,quan-ly-tai-nguyen-rung,A02,Điểm thi THPT,2023,15.0,Quản lý tài nguyên rừng
162422,TTB,quan-ly-tai-nguyen-rung,B00,Điểm thi THPT,2023,15.0,Quản lý tài nguyên rừng
162423,TTB,quan-ly-tai-nguyen-rung,B04,Điểm thi THPT,2023,15.0,Quản lý tài nguyên rừng
162424,TTB,quan-ly-tai-nguyen-rung,D08,Điểm thi THPT,2023,15.0,Quản lý tài nguyên rừng
162425,TTB,quan-ly-tai-nguyen-rung,A02,Điểm học bạ,2024,18.0,Quản lý tài nguyên rừng
162426,TTB,quan-ly-tai-nguyen-rung,B00,Điểm học bạ,2024,18.0,Quản lý tài nguyên rừng
162427,TTB,quan-ly-tai-nguyen-rung,B04,Điểm học bạ,2024,18.0,Quản lý tài nguyên rừng
162428,TTB,quan-ly-tai-nguyen-rung,D08,Điểm học bạ,2024,18.0,Quản lý tài nguyên rừng
162429,TTB,quan-ly-tai-nguyen-rung,A02,Điểm thi THPT,2024,15.0,Quản lý tài nguyên rừng
162430,TTB,quan-ly-tai-nguyen-rung,B00,Điểm thi THPT,2024,15.0,Quản lý tài nguyên rừng
162431,TTB,quan-ly-tai-nguyen-rung,B04,Điểm thi THPT,2024,15.0,Quản lý tài nguyên rừng
162432,TTB,quan-ly-tai-nguyen-rung,D08,Điểm thi THPT,2024,15.0,Quản lý tài nguyên rừng
162433,TTB,quan-ly-tai-nguyen-rung,A02,Điểm học bạ,2025,21.0,Quản lý tài nguyên rừng
162434,TTB,quan-ly-tai-nguyen-rung,B00,Điểm học bạ,2025,21.0,Quản lý tài nguyên rừng
162435,TTB,quan-ly-tai-nguyen-rung,B03,Điểm học bạ,2025,21.0,Quản lý tài nguyên rừng
162436,TTB,quan-ly-tai-nguyen-rung,B08,Điểm học bạ,2025,21.0,Quản lý tài nguyên rừng
162437,TTB,quan-ly-tai-nguyen-rung,D01,Điểm học bạ,2025,21.0,Quản lý tài nguyên rừng
162438,TTB,quan-ly-tai-nguyen-rung,X13,Điểm học bạ,2025,21.0,Quản lý tài nguyên rừng
162439,TTB,quan-ly-tai-nguyen-rung,X14,Điểm học bạ,2025,21.0,Quản lý tài nguyên rừng
162440,TTB,quan-ly-tai-nguyen-rung,X16,Điểm học bạ,2025,21.0,Quản lý tài nguyên rừng
162441,TTB,quan-ly-tai-nguyen-rung,A02,Điểm thi THPT,2025,15.0,Quản lý tài nguyên rừng
162442,TTB,quan-ly-tai-nguyen-rung,B00,Điểm thi THPT,2025,15.0,Quản lý tài nguyên rừng
162443,TTB,quan-ly-tai-nguyen-rung,B03,Điểm thi THPT,2025,15.0,Quản lý tài nguyên rừng
162444,TTB,quan-ly-tai-nguyen-rung,B08,Điểm thi THPT,2025,15.0,Quản lý tài nguyên rừng
162445,TTB,quan-ly-tai-nguyen-rung,D01,Điểm thi THPT,2025,15.0,Quản lý tài nguyên rừng
162446,TTB,quan-ly-tai-nguyen-rung,X13,Điểm thi THPT,2025,15.0,Quản lý tài nguyên rừng
162447,TTB,quan-ly-tai-nguyen-rung,X14,Điểm thi THPT,2025,15.0,Quản lý tài nguyên rừng
162448,TTB,quan-ly-tai-nguyen-rung,X16,Điểm thi THPT,2025,15.0,Quản lý tài nguyên rừng
162449,TTB,quan-ly-tai-nguyen-va-moi-truong,A00,Điểm học bạ,2021,18.0,Quản lý tài nguyên và môi trường
162450,TTB,quan-ly-tai-nguyen-va-moi-truong,A01,Điểm học bạ,2021,18.0,Quản lý tài nguyên và môi trường
162451,TTB,quan-ly-tai-nguyen-va-moi-truong,A02,Điểm học bạ,2021,18.0,Quản lý tài nguyên và môi trường
162452,TTB,quan-ly-tai-nguyen-va-moi-truong,B00,Điểm học bạ,2021,18.0,Quản lý tài nguyên và môi trường
162453,TTB,quan-ly-tai-nguyen-va-moi-truong,A00,Điểm thi THPT,2021,15.0,Quản lý tài nguyên và môi trường
162454,TTB,quan-ly-tai-nguyen-va-moi-truong,A01,Điểm thi THPT,2021,15.0,Quản lý tài nguyên và môi trường
162455,TTB,quan-ly-tai-nguyen-va-moi-truong,A02,Điểm thi THPT,2021,15.0,Quản lý tài nguyên và môi trường
162456,TTB,quan-ly-tai-nguyen-va-moi-truong,B00,Điểm thi THPT,2021,15.0,Quản lý tài nguyên và môi trường
162457,TTB,quan-ly-tai-nguyen-va-moi-truong,A00,Điểm học bạ,2022,18.0,Quản lý tài nguyên và môi trường
162458,TTB,quan-ly-tai-nguyen-va-moi-truong,A01,Điểm học bạ,2022,18.0,Quản lý tài nguyên và môi trường
162459,TTB,quan-ly-tai-nguyen-va-moi-truong,A02,Điểm học bạ,2022,18.0,Quản lý tài nguyên và môi trường
162460,TTB,quan-ly-tai-nguyen-va-moi-truong,B00,Điểm học bạ,2022,18.0,Quản lý tài nguyên và môi trường
162461,TTB,quan-ly-tai-nguyen-va-moi-truong,A00,Điểm thi THPT,2022,15.0,Quản lý tài nguyên và môi trường
162462,TTB,quan-ly-tai-nguyen-va-moi-truong,A01,Điểm thi THPT,2022,15.0,Quản lý tài nguyên và môi trường
162463,TTB,quan-ly-tai-nguyen-va-moi-truong,A02,Điểm thi THPT,2022,15.0,Quản lý tài nguyên và môi trường
162464,TTB,quan-ly-tai-nguyen-va-moi-truong,B00,Điểm thi THPT,2022,15.0,Quản lý tài nguyên và môi trường
162465,TTB,quan-ly-tai-nguyen-va-moi-truong,A00,Điểm học bạ,2023,18.0,Quản lý tài nguyên và môi trường
162466,TTB,quan-ly-tai-nguyen-va-moi-truong,A01,Điểm học bạ,2023,18.0,Quản lý tài nguyên và môi trường
162467,TTB,quan-ly-tai-nguyen-va-moi-truong,A02,Điểm học bạ,2023,18.0,Quản lý tài nguyên và môi trường
162468,TTB,quan-ly-tai-nguyen-va-moi-truong,B00,Điểm học bạ,2023,18.0,Quản lý tài nguyên và môi trường
162469,TTB,quan-ly-tai-nguyen-va-moi-truong,A00,Điểm thi THPT,2023,15.0,Quản lý tài nguyên và môi trường
162470,TTB,quan-ly-tai-nguyen-va-moi-truong,A01,Điểm thi THPT,2023,15.0,Quản lý tài nguyên và môi trường
162471,TTB,quan-ly-tai-nguyen-va-moi-truong,A02,Điểm thi THPT,2023,15.0,Quản lý tài nguyên và môi trường
162472,TTB,quan-ly-tai-nguyen-va-moi-truong,B00,Điểm thi THPT,2023,15.0,Quản lý tài nguyên và môi trường
162473,TTB,quan-ly-tai-nguyen-va-moi-truong,A00,Điểm học bạ,2024,18.0,Quản lý tài nguyên và môi trường
162474,TTB,quan-ly-tai-nguyen-va-moi-truong,A01,Điểm học bạ,2024,18.0,Quản lý tài nguyên và môi trường
162475,TTB,quan-ly-tai-nguyen-va-moi-truong,A02,Điểm học bạ,2024,18.0,Quản lý tài nguyên và môi trường
162476,TTB,quan-ly-tai-nguyen-va-moi-truong,B00,Điểm học bạ,2024,18.0,Quản lý tài nguyên và môi trường
162477,TTB,quan-ly-tai-nguyen-va-moi-truong,A00,Điểm thi THPT,2024,15.0,Quản lý tài nguyên và môi trường
162478,TTB,quan-ly-tai-nguyen-va-moi-truong,A01,Điểm thi THPT,2024,15.0,Quản lý tài nguyên và môi trường
162479,TTB,quan-ly-tai-nguyen-va-moi-truong,A02,Điểm thi THPT,2024,15.0,Quản lý tài nguyên và môi trường
162480,TTB,quan-ly-tai-nguyen-va-moi-truong,B00,Điểm thi THPT,2024,15.0,Quản lý tài nguyên và môi trường
162481,TTB,quan-ly-tai-nguyen-va-moi-truong,A00,Điểm học bạ,2025,18.9,Quản lý tài nguyên và môi trường
162482,TTB,quan-ly-tai-nguyen-va-moi-truong,A01,Điểm học bạ,2025,18.9,Quản lý tài nguyên và môi trường
162483,TTB,quan-ly-tai-nguyen-va-moi-truong,A02,Điểm học bạ,2025,18.9,Quản lý tài nguyên và môi trường
162484,TTB,quan-ly-tai-nguyen-va-moi-truong,A04,Điểm học bạ,2025,18.9,Quản lý tài nguyên và môi trường
162485,TTB,quan-ly-tai-nguyen-va-moi-truong,B00,Điểm học bạ,2025,18.9,Quản lý tài nguyên và môi trường
162486,TTB,quan-ly-tai-nguyen-va-moi-truong,X01,Điểm học bạ,2025,18.9,Quản lý tài nguyên và môi trường
162487,TTB,quan-ly-tai-nguyen-va-moi-truong,X05,Điểm học bạ,2025,18.9,Quản lý tài nguyên và môi trường
162488,TTB,quan-ly-tai-nguyen-va-moi-truong,X06,Điểm học bạ,2025,18.9,Quản lý tài nguyên và môi trường
162489,TTB,quan-ly-tai-nguyen-va-moi-truong,A00,Điểm thi THPT,2025,15.0,Quản lý tài nguyên và môi trường
162490,TTB,quan-ly-tai-nguyen-va-moi-truong,A01,Điểm thi THPT,2025,15.0,Quản lý tài nguyên và môi trường
162491,TTB,quan-ly-tai-nguyen-va-moi-truong,A02,Điểm thi THPT,2025,15.0,Quản lý tài nguyên và môi trường
162492,TTB,quan-ly-tai-nguyen-va-moi-truong,A04,Điểm thi THPT,2025,15.0,Quản lý tài nguyên và môi trường
162493,TTB,quan-ly-tai-nguyen-va-moi-truong,B00,Điểm thi THPT,2025,15.0,Quản lý tài nguyên và môi trường
162494,TTB,quan-ly-tai-nguyen-va-moi-truong,X01,Điểm thi THPT,2025,15.0,Quản lý tài nguyên và môi trường
162495,TTB,quan-ly-tai-nguyen-va-moi-truong,X05,Điểm thi THPT,2025,15.0,Quản lý tài nguyên và môi trường
162496,TTB,quan-ly-tai-nguyen-va-moi-truong,X06,Điểm thi THPT,2025,15.0,Quản lý tài nguyên và môi trường
162497,TTB,quan-tri-dich-vu-du-lich-va-lu-hanh,A00,Điểm học bạ,2021,18.0,Quản trị dịch vụ du lịch và lữ hành
162498,TTB,quan-tri-dich-vu-du-lich-va-lu-hanh,A01,Điểm học bạ,2021,18.0,Quản trị dịch vụ du lịch và lữ hành
162499,TTB,quan-tri-dich-vu-du-lich-va-lu-hanh,C00,Điểm học bạ,2021,18.0,Quản trị dịch vụ du lịch và lữ hành
162500,TTB,quan-tri-dich-vu-du-lich-va-lu-hanh,D01,Điểm học bạ,2021,18.0,Quản trị dịch vụ du lịch và lữ hành
162501,TTB,quan-tri-dich-vu-du-lich-va-lu-hanh,A00,Điểm thi THPT,2021,15.0,Quản trị dịch vụ du lịch và lữ hành
162502,TTB,quan-tri-dich-vu-du-lich-va-lu-hanh,A01,Điểm thi THPT,2021,15.0,Quản trị dịch vụ du lịch và lữ hành
162503,TTB,quan-tri-dich-vu-du-lich-va-lu-hanh,C00,Điểm thi THPT,2021,15.0,Quản trị dịch vụ du lịch và lữ hành
162504,TTB,quan-tri-dich-vu-du-lich-va-lu-hanh,D01,Điểm thi THPT,2021,15.0,Quản trị dịch vụ du lịch và lữ hành
162505,TTB,quan-tri-dich-vu-du-lich-va-lu-hanh,A00,Điểm học bạ,2022,18.0,Quản trị dịch vụ du lịch và lữ hành
162506,TTB,quan-tri-dich-vu-du-lich-va-lu-hanh,A01,Điểm học bạ,2022,18.0,Quản trị dịch vụ du lịch và lữ hành
162507,TTB,quan-tri-dich-vu-du-lich-va-lu-hanh,C00,Điểm học bạ,2022,18.0,Quản trị dịch vụ du lịch và lữ hành
162508,TTB,quan-tri-dich-vu-du-lich-va-lu-hanh,D01,Điểm học bạ,2022,18.0,Quản trị dịch vụ du lịch và lữ hành
162509,TTB,quan-tri-dich-vu-du-lich-va-lu-hanh,A00,Điểm thi THPT,2022,15.0,Quản trị dịch vụ du lịch và lữ hành
162510,TTB,quan-tri-dich-vu-du-lich-va-lu-hanh,A01,Điểm thi THPT,2022,15.0,Quản trị dịch vụ du lịch và lữ hành
162511,TTB,quan-tri-dich-vu-du-lich-va-lu-hanh,C00,Điểm thi THPT,2022,15.0,Quản trị dịch vụ du lịch và lữ hành
162512,TTB,quan-tri-dich-vu-du-lich-va-lu-hanh,D01,Điểm thi THPT,2022,15.0,Quản trị dịch vụ du lịch và lữ hành
162513,TTB,quan-tri-dich-vu-du-lich-va-lu-hanh,A00,Điểm học bạ,2024,24.0,Quản trị dịch vụ du lịch và lữ hành
162514,TTB,quan-tri-dich-vu-du-lich-va-lu-hanh,A01,Điểm học bạ,2024,24.0,Quản trị dịch vụ du lịch và lữ hành
162515,TTB,quan-tri-dich-vu-du-lich-va-lu-hanh,C00,Điểm học bạ,2024,24.0,Quản trị dịch vụ du lịch và lữ hành
162516,TTB,quan-tri-dich-vu-du-lich-va-lu-hanh,D01,Điểm học bạ,2024,24.0,Quản trị dịch vụ du lịch và lữ hành
162517,TTB,quan-tri-dich-vu-du-lich-va-lu-hanh,A00,Điểm thi THPT,2024,22.0,Quản trị dịch vụ du lịch và lữ hành
162518,TTB,quan-tri-dich-vu-du-lich-va-lu-hanh,A01,Điểm thi THPT,2024,22.0,Quản trị dịch vụ du lịch và lữ hành
162519,TTB,quan-tri-dich-vu-du-lich-va-lu-hanh,C00,Điểm thi THPT,2024,22.0,Quản trị dịch vụ du lịch và lữ hành
162520,TTB,quan-tri-dich-vu-du-lich-va-lu-hanh,D01,Điểm thi THPT,2024,22.0,Quản trị dịch vụ du lịch và lữ hành
162521,TTB,quan-tri-dich-vu-du-lich-va-lu-hanh,C00,Điểm học bạ,2025,24.18,Quản trị dịch vụ du lịch và lữ hành
162522,TTB,quan-tri-dich-vu-du-lich-va-lu-hanh,D01,Điểm học bạ,2025,24.18,Quản trị dịch vụ du lịch và lữ hành
162523,TTB,quan-tri-dich-vu-du-lich-va-lu-hanh,D09,Điểm học bạ,2025,24.18,Quản trị dịch vụ du lịch và lữ hành
162524,TTB,quan-tri-dich-vu-du-lich-va-lu-hanh,D10,Điểm học bạ,2025,24.18,Quản trị dịch vụ du lịch và lữ hành
162525,TTB,quan-tri-dich-vu-du-lich-va-lu-hanh,D14,Điểm học bạ,2025,24.18,Quản trị dịch vụ du lịch và lữ hành
162526,TTB,quan-tri-dich-vu-du-lich-va-lu-hanh,D15,Điểm học bạ,2025,24.18,Quản trị dịch vụ du lịch và lữ hành
162527,TTB,quan-tri-dich-vu-du-lich-va-lu-hanh,X70,Điểm học bạ,2025,24.18,Quản trị dịch vụ du lịch và lữ hành
162528,TTB,quan-tri-dich-vu-du-lich-va-lu-hanh,X74,Điểm học bạ,2025,24.18,Quản trị dịch vụ du lịch và lữ hành
162529,TTB,quan-tri-dich-vu-du-lich-va-lu-hanh,C00,Điểm thi THPT,2025,24.5,Quản trị dịch vụ du lịch và lữ hành
162530,TTB,quan-tri-dich-vu-du-lich-va-lu-hanh,D01,Điểm thi THPT,2025,24.5,Quản trị dịch vụ du lịch và lữ hành
162531,TTB,quan-tri-dich-vu-du-lich-va-lu-hanh,D09,Điểm thi THPT,2025,24.5,Quản trị dịch vụ du lịch và lữ hành
162532,TTB,quan-tri-dich-vu-du-lich-va-lu-hanh,D10,Điểm thi THPT,2025,24.5,Quản trị dịch vụ du lịch và lữ hành
162533,TTB,quan-tri-dich-vu-du-lich-va-lu-hanh,D14,Điểm thi THPT,2025,24.5,Quản trị dịch vụ du lịch và lữ hành
162534,TTB,quan-tri-dich-vu-du-lich-va-lu-hanh,D15,Điểm thi THPT,2025,24.5,Quản trị dịch vụ du lịch và lữ hành
162535,TTB,quan-tri-dich-vu-du-lich-va-lu-hanh,X70,Điểm thi THPT,2025,24.5,Quản trị dịch vụ du lịch và lữ hành
162536,TTB,quan-tri-dich-vu-du-lich-va-lu-hanh,X74,Điểm thi THPT,2025,24.5,Quản trị dịch vụ du lịch và lữ hành
162537,TTB,quan-tri-kinh-doanh,A00,Điểm học bạ,2021,18.0,Quản trị kinh doanh
162538,TTB,quan-tri-kinh-doanh,A01,Điểm học bạ,2021,18.0,Quản trị kinh doanh
162539,TTB,quan-tri-kinh-doanh,A02,Điểm học bạ,2021,18.0,Quản trị kinh doanh
162540,TTB,quan-tri-kinh-doanh,D01,Điểm học bạ,2021,18.0,Quản trị kinh doanh
162541,TTB,quan-tri-kinh-doanh,A00,Điểm thi THPT,2021,15.0,Quản trị kinh doanh
162542,TTB,quan-tri-kinh-doanh,A01,Điểm thi THPT,2021,15.0,Quản trị kinh doanh
162543,TTB,quan-tri-kinh-doanh,A02,Điểm thi THPT,2021,15.0,Quản trị kinh doanh
162544,TTB,quan-tri-kinh-doanh,D01,Điểm thi THPT,2021,15.0,Quản trị kinh doanh
162545,TTB,quan-tri-kinh-doanh,A00,Điểm học bạ,2022,18.0,Quản trị kinh doanh
162546,TTB,quan-tri-kinh-doanh,A01,Điểm học bạ,2022,18.0,Quản trị kinh doanh
162547,TTB,quan-tri-kinh-doanh,A02,Điểm học bạ,2022,18.0,Quản trị kinh doanh
162548,TTB,quan-tri-kinh-doanh,D01,Điểm học bạ,2022,18.0,Quản trị kinh doanh
162549,TTB,quan-tri-kinh-doanh,A00,Điểm thi THPT,2022,15.0,Quản trị kinh doanh
162550,TTB,quan-tri-kinh-doanh,A01,Điểm thi THPT,2022,15.0,Quản trị kinh doanh
162551,TTB,quan-tri-kinh-doanh,A02,Điểm thi THPT,2022,15.0,Quản trị kinh doanh
162552,TTB,quan-tri-kinh-doanh,D01,Điểm thi THPT,2022,15.0,Quản trị kinh doanh
162553,TTB,quan-tri-kinh-doanh,A00,Điểm học bạ,2023,18.0,Quản trị kinh doanh
162554,TTB,quan-tri-kinh-doanh,A01,Điểm học bạ,2023,18.0,Quản trị kinh doanh
162555,TTB,quan-tri-kinh-doanh,A02,Điểm học bạ,2023,18.0,Quản trị kinh doanh
162556,TTB,quan-tri-kinh-doanh,D01,Điểm học bạ,2023,18.0,Quản trị kinh doanh
162557,TTB,quan-tri-kinh-doanh,A00,Điểm thi THPT,2023,15.0,Quản trị kinh doanh
162558,TTB,quan-tri-kinh-doanh,A01,Điểm thi THPT,2023,15.0,Quản trị kinh doanh
162559,TTB,quan-tri-kinh-doanh,A02,Điểm thi THPT,2023,15.0,Quản trị kinh doanh
162560,TTB,quan-tri-kinh-doanh,D01,Điểm thi THPT,2023,15.0,Quản trị kinh doanh
162561,TTB,quan-tri-kinh-doanh,A00,Điểm học bạ,2024,18.0,Quản trị kinh doanh
162562,TTB,quan-tri-kinh-doanh,A01,Điểm học bạ,2024,18.0,Quản trị kinh doanh
162563,TTB,quan-tri-kinh-doanh,A02,Điểm học bạ,2024,18.0,Quản trị kinh doanh
162564,TTB,quan-tri-kinh-doanh,D01,Điểm học bạ,2024,18.0,Quản trị kinh doanh
162565,TTB,quan-tri-kinh-doanh,A00,Điểm thi THPT,2024,15.0,Quản trị kinh doanh
162566,TTB,quan-tri-kinh-doanh,A01,Điểm thi THPT,2024,15.0,Quản trị kinh doanh
162567,TTB,quan-tri-kinh-doanh,A02,Điểm thi THPT,2024,15.0,Quản trị kinh doanh
162568,TTB,quan-tri-kinh-doanh,D01,Điểm thi THPT,2024,15.0,Quản trị kinh doanh
162569,TTB,quan-tri-kinh-doanh,A00,Điểm học bạ,2025,19.68,Quản trị kinh doanh
162570,TTB,quan-tri-kinh-doanh,A01,Điểm học bạ,2025,19.68,Quản trị kinh doanh
162571,TTB,quan-tri-kinh-doanh,A02,Điểm học bạ,2025,19.68,Quản trị kinh doanh
162572,TTB,quan-tri-kinh-doanh,D01,Điểm học bạ,2025,19.68,Quản trị kinh doanh
162573,TTB,quan-tri-kinh-doanh,X06,Điểm học bạ,2025,19.68,Quản trị kinh doanh
162574,TTB,quan-tri-kinh-doanh,X09,Điểm học bạ,2025,19.68,Quản trị kinh doanh
162575,TTB,quan-tri-kinh-doanh,X26,Điểm học bạ,2025,19.68,Quản trị kinh doanh
162576,TTB,quan-tri-kinh-doanh,X56,Điểm học bạ,2025,19.68,Quản trị kinh doanh
162577,TTB,quan-tri-kinh-doanh,A00,Điểm thi THPT,2025,15.0,Quản trị kinh doanh
162578,TTB,quan-tri-kinh-doanh,A01,Điểm thi THPT,2025,15.0,Quản trị kinh doanh
162579,TTB,quan-tri-kinh-doanh,A02,Điểm thi THPT,2025,15.0,Quản trị kinh doanh
162580,TTB,quan-tri-kinh-doanh,D01,Điểm thi THPT,2025,15.0,Quản trị kinh doanh
162581,TTB,quan-tri-kinh-doanh,X06,Điểm thi THPT,2025,15.0,Quản trị kinh doanh
162582,TTB,quan-tri-kinh-doanh,X09,Điểm thi THPT,2025,15.0,Quản trị kinh doanh
162583,TTB,quan-tri-kinh-doanh,X26,Điểm thi THPT,2025,15.0,Quản trị kinh doanh
162584,TTB,quan-tri-kinh-doanh,X56,Điểm thi THPT,2025,15.0,Quản trị kinh doanh
162585,TTB,sinh-hoc-ung-dung,A02,Điểm học bạ,2021,18.0,Sinh học ứng dụng
162586,TTB,sinh-hoc-ung-dung,B00,Điểm học bạ,2021,18.0,Sinh học ứng dụng
162587,TTB,sinh-hoc-ung-dung,B03,Điểm học bạ,2021,18.0,Sinh học ứng dụng
162588,TTB,sinh-hoc-ung-dung,D08,Điểm học bạ,2021,18.0,Sinh học ứng dụng
162589,TTB,sinh-hoc-ung-dung,A02,Điểm thi THPT,2021,15.0,Sinh học ứng dụng
162590,TTB,sinh-hoc-ung-dung,B00,Điểm thi THPT,2021,15.0,Sinh học ứng dụng
162591,TTB,sinh-hoc-ung-dung,B03,Điểm thi THPT,2021,15.0,Sinh học ứng dụng
162592,TTB,sinh-hoc-ung-dung,D08,Điểm thi THPT,2021,15.0,Sinh học ứng dụng
162593,TTB,sp-dia-ly,C00,Điểm học bạ,2023,26.0,SP Địa lý
162594,TTB,sp-dia-ly,C20,Điểm học bạ,2023,26.0,SP Địa lý
162595,TTB,sp-dia-ly,D10,Điểm học bạ,2023,26.0,SP Địa lý
162596,TTB,sp-dia-ly,D15,Điểm học bạ,2023,26.0,SP Địa lý
162597,TTB,sp-dia-ly,C00,Điểm thi THPT,2023,26.3,SP Địa lý
162598,TTB,sp-dia-ly,C20,Điểm thi THPT,2023,26.3,SP Địa lý
162599,TTB,sp-dia-ly,D10,Điểm thi THPT,2023,26.3,SP Địa lý
162600,TTB,sp-dia-ly,D15,Điểm thi THPT,2023,26.3,SP Địa lý
162601,TTB,sp-hoa-hoc,A00,Điểm học bạ,2023,21.0,SP Hóa học
162602,TTB,sp-hoa-hoc,A11,Điểm học bạ,2023,21.0,SP Hóa học
162603,TTB,sp-hoa-hoc,B00,Điểm học bạ,2023,21.0,SP Hóa học
162604,TTB,sp-hoa-hoc,D07,Điểm học bạ,2023,21.0,SP Hóa học
162605,TTB,sp-hoa-hoc,A00,Điểm thi THPT,2023,19.0,SP Hóa học
162606,TTB,sp-hoa-hoc,A11,Điểm thi THPT,2023,19.0,SP Hóa học
162607,TTB,sp-hoa-hoc,B00,Điểm thi THPT,2023,19.0,SP Hóa học
162608,TTB,sp-hoa-hoc,D07,Điểm thi THPT,2023,19.0,SP Hóa học
162609,TTB,sp-lich-su,C00,Điểm học bạ,2023,26.32,SP Lịch sử
162610,TTB,sp-lich-su,C03,Điểm học bạ,2023,26.32,SP Lịch sử
162611,TTB,sp-lich-su,C19,Điểm học bạ,2023,26.32,SP Lịch sử
162612,TTB,sp-lich-su,D14,Điểm học bạ,2023,26.32,SP Lịch sử
162613,TTB,sp-lich-su,C00,Điểm thi THPT,2023,27.4,SP Lịch sử
162614,TTB,sp-lich-su,C03,Điểm thi THPT,2023,27.4,SP Lịch sử
162615,TTB,sp-lich-su,C19,Điểm thi THPT,2023,27.4,SP Lịch sử
162616,TTB,sp-lich-su,D14,Điểm thi THPT,2023,27.4,SP Lịch sử
162617,TTB,sp-ngu-van,C00,Điểm học bạ,2023,26.7,SP Ngữ văn
162618,TTB,sp-ngu-van,C19,Điểm học bạ,2023,26.7,SP Ngữ văn
162619,TTB,sp-ngu-van,D01,Điểm học bạ,2023,26.7,SP Ngữ văn
162620,TTB,sp-ngu-van,D14,Điểm học bạ,2023,26.7,SP Ngữ văn
162621,TTB,sp-ngu-van,C00,Điểm thi THPT,2023,27.0,SP Ngữ văn
162622,TTB,sp-ngu-van,C19,Điểm thi THPT,2023,27.0,SP Ngữ văn
162623,TTB,sp-ngu-van,D01,Điểm thi THPT,2023,27.0,SP Ngữ văn
162624,TTB,sp-ngu-van,D14,Điểm thi THPT,2023,27.0,SP Ngữ văn
162625,TTB,sp-sinh-hoc,A02,Điểm học bạ,2023,21.0,SP Sinh học
162626,TTB,sp-sinh-hoc,B00,Điểm học bạ,2023,21.0,SP Sinh học
162627,TTB,sp-sinh-hoc,B03,Điểm học bạ,2023,21.0,SP Sinh học
162628,TTB,sp-sinh-hoc,D08,Điểm học bạ,2023,21.0,SP Sinh học
162629,TTB,sp-sinh-hoc,A02,Điểm thi THPT,2023,19.0,SP Sinh học
162630,TTB,sp-sinh-hoc,B00,Điểm thi THPT,2023,19.0,SP Sinh học
162631,TTB,sp-sinh-hoc,B03,Điểm thi THPT,2023,19.0,SP Sinh học
162632,TTB,sp-sinh-hoc,D08,Điểm thi THPT,2023,19.0,SP Sinh học
162633,TTB,sp-tieng-anh,A01,Điểm học bạ,2023,26.6,SP Tiếng Anh
162634,TTB,sp-tieng-anh,D01,Điểm học bạ,2023,26.6,SP Tiếng Anh
162635,TTB,sp-tieng-anh,D14,Điểm học bạ,2023,26.6,SP Tiếng Anh
162636,TTB,sp-tieng-anh,D15,Điểm học bạ,2023,26.6,SP Tiếng Anh
162637,TTB,sp-tieng-anh,A01,Điểm thi THPT,2023,23.9,SP Tiếng Anh
162638,TTB,sp-tieng-anh,D01,Điểm thi THPT,2023,23.9,SP Tiếng Anh
162639,TTB,sp-tieng-anh,D14,Điểm thi THPT,2023,23.9,SP Tiếng Anh
162640,TTB,sp-tieng-anh,D15,Điểm thi THPT,2023,23.9,SP Tiếng Anh
162641,TTB,sp-tin-hoc,A00,Điểm học bạ,2023,21.0,SP Tin học
162642,TTB,sp-tin-hoc,A01,Điểm học bạ,2023,21.0,SP Tin học
162643,TTB,sp-tin-hoc,A02,Điểm học bạ,2023,21.0,SP Tin học
162644,TTB,sp-tin-hoc,D01,Điểm học bạ,2023,21.0,SP Tin học
162645,TTB,sp-tin-hoc,A00,Điểm thi THPT,2023,19.0,SP Tin học
162646,TTB,sp-tin-hoc,A01,Điểm thi THPT,2023,19.0,SP Tin học
162647,TTB,sp-tin-hoc,A02,Điểm thi THPT,2023,19.0,SP Tin học
162648,TTB,sp-tin-hoc,D01,Điểm thi THPT,2023,19.0,SP Tin học
162649,TTB,sp-toan-hoc,A00,Điểm học bạ,2023,27.3,SP Toán học
162650,TTB,sp-toan-hoc,A01,Điểm học bạ,2023,27.3,SP Toán học
162651,TTB,sp-toan-hoc,A02,Điểm học bạ,2023,27.3,SP Toán học
162652,TTB,sp-toan-hoc,D01,Điểm học bạ,2023,27.3,SP Toán học
162653,TTB,sp-toan-hoc,A00,Điểm thi THPT,2023,24.2,SP Toán học
162654,TTB,sp-toan-hoc,A01,Điểm thi THPT,2023,24.2,SP Toán học
162655,TTB,sp-toan-hoc,A02,Điểm thi THPT,2023,24.2,SP Toán học
162656,TTB,sp-toan-hoc,D01,Điểm thi THPT,2023,24.2,SP Toán học
162657,TTB,sp-vat-ly,A00,Điểm học bạ,2023,21.0,SP Vật lý
162658,TTB,sp-vat-ly,A01,Điểm học bạ,2023,21.0,SP Vật lý
162659,TTB,sp-vat-ly,A02,Điểm học bạ,2023,21.0,SP Vật lý
162660,TTB,sp-vat-ly,A04,Điểm học bạ,2023,21.0,SP Vật lý
162661,TTB,sp-vat-ly,A00,Điểm thi THPT,2023,19.0,SP Vật lý
162662,TTB,sp-vat-ly,A01,Điểm thi THPT,2023,19.0,SP Vật lý
162663,TTB,sp-vat-ly,A02,Điểm thi THPT,2023,19.0,SP Vật lý
162664,TTB,sp-vat-ly,A04,Điểm thi THPT,2023,19.0,SP Vật lý
162665,TTB,su-pham-dia-li,C00,Điểm học bạ,2022,22.5,Sư phạm Địa lí
162666,TTB,su-pham-dia-li,C20,Điểm học bạ,2022,22.5,Sư phạm Địa lí
162667,TTB,su-pham-dia-li,D10,Điểm học bạ,2022,22.5,Sư phạm Địa lí
162668,TTB,su-pham-dia-li,D15,Điểm học bạ,2022,22.5,Sư phạm Địa lí
162669,TTB,su-pham-dia-li,C00,Điểm thi THPT,2022,26.1,Sư phạm Địa lí
162670,TTB,su-pham-dia-li,C20,Điểm thi THPT,2022,26.1,Sư phạm Địa lí
162671,TTB,su-pham-dia-li,D10,Điểm thi THPT,2022,26.1,Sư phạm Địa lí
162672,TTB,su-pham-dia-li,D15,Điểm thi THPT,2022,26.1,Sư phạm Địa lí
162673,TTB,su-pham-dia-li,C00,Điểm học bạ,2024,27.79,Sư phạm Địa lí
162674,TTB,su-pham-dia-li,C20,Điểm học bạ,2024,27.79,Sư phạm Địa lí
162675,TTB,su-pham-dia-li,D10,Điểm học bạ,2024,27.79,Sư phạm Địa lí
162676,TTB,su-pham-dia-li,D15,Điểm học bạ,2024,27.79,Sư phạm Địa lí
162677,TTB,su-pham-dia-li,C00,Điểm thi THPT,2024,27.96,Sư phạm Địa lí
162678,TTB,su-pham-dia-li,C20,Điểm thi THPT,2024,27.96,Sư phạm Địa lí
162679,TTB,su-pham-dia-li,D10,Điểm thi THPT,2024,27.96,Sư phạm Địa lí
162680,TTB,su-pham-dia-li,D15,Điểm thi THPT,2024,27.96,Sư phạm Địa lí
162681,TTB,su-pham-dia-li,A07,Điểm học bạ,2025,28.04,Sư phạm Địa lí
162682,TTB,su-pham-dia-li,C00,Điểm học bạ,2025,28.04,Sư phạm Địa lí
162683,TTB,su-pham-dia-li,C04,Điểm học bạ,2025,28.04,Sư phạm Địa lí
162684,TTB,su-pham-dia-li,D10,Điểm học bạ,2025,28.04,Sư phạm Địa lí
162685,TTB,su-pham-dia-li,D15,Điểm học bạ,2025,28.04,Sư phạm Địa lí
162686,TTB,su-pham-dia-li,X21,Điểm học bạ,2025,28.04,Sư phạm Địa lí
162687,TTB,su-pham-dia-li,X74,Điểm học bạ,2025,28.04,Sư phạm Địa lí
162688,TTB,su-pham-dia-li,X75,Điểm học bạ,2025,28.04,Sư phạm Địa lí
162689,TTB,su-pham-dia-li,A07,Điểm thi THPT,2025,28.09,Sư phạm Địa lí
162690,TTB,su-pham-dia-li,C00,Điểm thi THPT,2025,28.09,Sư phạm Địa lí
162691,TTB,su-pham-dia-li,C04,Điểm thi THPT,2025,28.09,Sư phạm Địa lí
162692,TTB,su-pham-dia-li,D10,Điểm thi THPT,2025,28.09,Sư phạm Địa lí
162693,TTB,su-pham-dia-li,D15,Điểm thi THPT,2025,28.09,Sư phạm Địa lí
162694,TTB,su-pham-dia-li,X21,Điểm thi THPT,2025,28.09,Sư phạm Địa lí
162695,TTB,su-pham-dia-li,X74,Điểm thi THPT,2025,28.09,Sư phạm Địa lí
162696,TTB,su-pham-dia-li,X75,Điểm thi THPT,2025,28.09,Sư phạm Địa lí
162697,TTB,su-pham-dia-ly,C00,Điểm học bạ,2021,21.0,Sư phạm Địa lý
162698,TTB,su-pham-dia-ly,C20,Điểm học bạ,2021,21.0,Sư phạm Địa lý
162699,TTB,su-pham-dia-ly,D10,Điểm học bạ,2021,21.0,Sư phạm Địa lý
162700,TTB,su-pham-dia-ly,D15,Điểm học bạ,2021,21.0,Sư phạm Địa lý
162701,TTB,su-pham-dia-ly,C00,Điểm thi THPT,2021,24.5,Sư phạm Địa lý
162702,TTB,su-pham-dia-ly,C20,Điểm thi THPT,2021,24.5,Sư phạm Địa lý
162703,TTB,su-pham-dia-ly,D10,Điểm thi THPT,2021,24.5,Sư phạm Địa lý
162704,TTB,su-pham-dia-ly,D15,Điểm thi THPT,2021,24.5,Sư phạm Địa lý
162705,TTB,su-pham-hoa-hoc,A00,Điểm học bạ,2021,21.0,Sư phạm Hóa học
162706,TTB,su-pham-hoa-hoc,B00,Điểm học bạ,2021,21.0,Sư phạm Hóa học
162707,TTB,su-pham-hoa-hoc,C02,Điểm học bạ,2021,21.0,Sư phạm Hóa học
162708,TTB,su-pham-hoa-hoc,D07,Điểm học bạ,2021,21.0,Sư phạm Hóa học
162709,TTB,su-pham-hoa-hoc,A00,Điểm thi THPT,2021,19.0,Sư phạm Hóa học
162710,TTB,su-pham-hoa-hoc,B00,Điểm thi THPT,2021,19.0,Sư phạm Hóa học
162711,TTB,su-pham-hoa-hoc,C02,Điểm thi THPT,2021,19.0,Sư phạm Hóa học
162712,TTB,su-pham-hoa-hoc,D07,Điểm thi THPT,2021,19.0,Sư phạm Hóa học
162713,TTB,su-pham-hoa-hoc,A00,Điểm học bạ,2022,22.5,Sư phạm Hóa học
162714,TTB,su-pham-hoa-hoc,A11,Điểm học bạ,2022,22.5,Sư phạm Hóa học
162715,TTB,su-pham-hoa-hoc,B00,Điểm học bạ,2022,22.5,Sư phạm Hóa học
162716,TTB,su-pham-hoa-hoc,D07,Điểm học bạ,2022,22.5,Sư phạm Hóa học
162717,TTB,su-pham-hoa-hoc,A00,Điểm thi THPT,2022,19.0,Sư phạm Hóa học
162718,TTB,su-pham-hoa-hoc,A11,Điểm thi THPT,2022,19.0,Sư phạm Hóa học
162719,TTB,su-pham-hoa-hoc,B00,Điểm thi THPT,2022,19.0,Sư phạm Hóa học
162720,TTB,su-pham-hoa-hoc,D07,Điểm thi THPT,2022,19.0,Sư phạm Hóa học
162721,TTB,su-pham-hoa-hoc,A00,Điểm học bạ,2024,27.2,Sư phạm Hóa học
162722,TTB,su-pham-hoa-hoc,A11,Điểm học bạ,2024,27.2,Sư phạm Hóa học
162723,TTB,su-pham-hoa-hoc,B00,Điểm học bạ,2024,27.2,Sư phạm Hóa học
162724,TTB,su-pham-hoa-hoc,D07,Điểm học bạ,2024,27.2,Sư phạm Hóa học
162725,TTB,su-pham-hoa-hoc,A00,Điểm thi THPT,2024,24.52,Sư phạm Hóa học
162726,TTB,su-pham-hoa-hoc,A11,Điểm thi THPT,2024,24.52,Sư phạm Hóa học
162727,TTB,su-pham-hoa-hoc,B00,Điểm thi THPT,2024,24.52,Sư phạm Hóa học
162728,TTB,su-pham-hoa-hoc,D07,Điểm thi THPT,2024,24.52,Sư phạm Hóa học
162729,TTB,su-pham-hoa-hoc,A00,Điểm học bạ,2025,27.88,Sư phạm Hóa học
162730,TTB,su-pham-hoa-hoc,A11,Điểm học bạ,2025,27.88,Sư phạm Hóa học
162731,TTB,su-pham-hoa-hoc,B00,Điểm học bạ,2025,27.88,Sư phạm Hóa học
162732,TTB,su-pham-hoa-hoc,C02,Điểm học bạ,2025,27.88,Sư phạm Hóa học
162733,TTB,su-pham-hoa-hoc,D07,Điểm học bạ,2025,27.88,Sư phạm Hóa học
162734,TTB,su-pham-hoa-hoc,X09,Điểm học bạ,2025,27.88,Sư phạm Hóa học
162735,TTB,su-pham-hoa-hoc,X10,Điểm học bạ,2025,27.88,Sư phạm Hóa học
162736,TTB,su-pham-hoa-hoc,X11,Điểm học bạ,2025,27.88,Sư phạm Hóa học
162737,TTB,su-pham-hoa-hoc,A00,Điểm thi THPT,2025,24.7,Sư phạm Hóa học
162738,TTB,su-pham-hoa-hoc,A11,Điểm thi THPT,2025,24.7,Sư phạm Hóa học
162739,TTB,su-pham-hoa-hoc,B00,Điểm thi THPT,2025,24.7,Sư phạm Hóa học
162740,TTB,su-pham-hoa-hoc,C02,Điểm thi THPT,2025,24.7,Sư phạm Hóa học
162741,TTB,su-pham-hoa-hoc,D07,Điểm thi THPT,2025,24.7,Sư phạm Hóa học
162742,TTB,su-pham-hoa-hoc,X09,Điểm thi THPT,2025,24.7,Sư phạm Hóa học
162743,TTB,su-pham-hoa-hoc,X10,Điểm thi THPT,2025,24.7,Sư phạm Hóa học
162744,TTB,su-pham-hoa-hoc,X11,Điểm thi THPT,2025,24.7,Sư phạm Hóa học
162745,TTB,su-pham-lich-su,C00,Điểm học bạ,2021,21.0,Sư phạm Lịch sử
162746,TTB,su-pham-lich-su,C03,Điểm học bạ,2021,21.0,Sư phạm Lịch sử
162747,TTB,su-pham-lich-su,C19,Điểm học bạ,2021,21.0,Sư phạm Lịch sử
162748,TTB,su-pham-lich-su,D14,Điểm học bạ,2021,21.0,Sư phạm Lịch sử
162749,TTB,su-pham-lich-su,C00,Điểm thi THPT,2021,19.0,Sư phạm Lịch sử
162750,TTB,su-pham-lich-su,C03,Điểm thi THPT,2021,19.0,Sư phạm Lịch sử
162751,TTB,su-pham-lich-su,C19,Điểm thi THPT,2021,19.0,Sư phạm Lịch sử
162752,TTB,su-pham-lich-su,D14,Điểm thi THPT,2021,19.0,Sư phạm Lịch sử
162753,TTB,su-pham-lich-su,C00,Điểm học bạ,2022,22.5,Sư phạm Lịch sử
162754,TTB,su-pham-lich-su,C03,Điểm học bạ,2022,22.5,Sư phạm Lịch sử
162755,TTB,su-pham-lich-su,C19,Điểm học bạ,2022,22.5,Sư phạm Lịch sử
162756,TTB,su-pham-lich-su,D14,Điểm học bạ,2022,22.5,Sư phạm Lịch sử
162757,TTB,su-pham-lich-su,C00,Điểm thi THPT,2022,26.3,Sư phạm Lịch sử
162758,TTB,su-pham-lich-su,C03,Điểm thi THPT,2022,26.3,Sư phạm Lịch sử
162759,TTB,su-pham-lich-su,C19,Điểm thi THPT,2022,26.3,Sư phạm Lịch sử
162760,TTB,su-pham-lich-su,D14,Điểm thi THPT,2022,26.3,Sư phạm Lịch sử
162761,TTB,su-pham-lich-su,C00,Điểm học bạ,2024,28.0,Sư phạm Lịch sử
162762,TTB,su-pham-lich-su,C03,Điểm học bạ,2024,28.0,Sư phạm Lịch sử
162763,TTB,su-pham-lich-su,C19,Điểm học bạ,2024,28.0,Sư phạm Lịch sử
162764,TTB,su-pham-lich-su,D14,Điểm học bạ,2024,28.0,Sư phạm Lịch sử
162765,TTB,su-pham-lich-su,C00,Điểm thi THPT,2024,28.0,Sư phạm Lịch sử
162766,TTB,su-pham-lich-su,C03,Điểm thi THPT,2024,28.0,Sư phạm Lịch sử
162767,TTB,su-pham-lich-su,C19,Điểm thi THPT,2024,28.0,Sư phạm Lịch sử
162768,TTB,su-pham-lich-su,D14,Điểm thi THPT,2024,28.0,Sư phạm Lịch sử
162769,TTB,su-pham-lich-su,A07,Điểm học bạ,2025,27.99,Sư phạm Lịch sử
162770,TTB,su-pham-lich-su,C00,Điểm học bạ,2025,27.99,Sư phạm Lịch sử
162771,TTB,su-pham-lich-su,C03,Điểm học bạ,2025,27.99,Sư phạm Lịch sử
162772,TTB,su-pham-lich-su,D09,Điểm học bạ,2025,27.99,Sư phạm Lịch sử
162773,TTB,su-pham-lich-su,D14,Điểm học bạ,2025,27.99,Sư phạm Lịch sử
162774,TTB,su-pham-lich-su,X17,Điểm học bạ,2025,27.99,Sư phạm Lịch sử
162775,TTB,su-pham-lich-su,X70,Điểm học bạ,2025,27.99,Sư phạm Lịch sử
162776,TTB,su-pham-lich-su,X71,Điểm học bạ,2025,27.99,Sư phạm Lịch sử
162777,TTB,su-pham-lich-su,A07,Điểm thi THPT,2025,28.06,Sư phạm Lịch sử
162778,TTB,su-pham-lich-su,C00,Điểm thi THPT,2025,28.06,Sư phạm Lịch sử
162779,TTB,su-pham-lich-su,C03,Điểm thi THPT,2025,28.06,Sư phạm Lịch sử
162780,TTB,su-pham-lich-su,D09,Điểm thi THPT,2025,28.06,Sư phạm Lịch sử
162781,TTB,su-pham-lich-su,D14,Điểm thi THPT,2025,28.06,Sư phạm Lịch sử
162782,TTB,su-pham-lich-su,X17,Điểm thi THPT,2025,28.06,Sư phạm Lịch sử
162783,TTB,su-pham-lich-su,X70,Điểm thi THPT,2025,28.06,Sư phạm Lịch sử
162784,TTB,su-pham-lich-su,X71,Điểm thi THPT,2025,28.06,Sư phạm Lịch sử
162785,TTB,su-pham-ngu-van,C00,Điểm học bạ,2021,21.0,Sư phạm Ngữ văn
162786,TTB,su-pham-ngu-van,C19,Điểm học bạ,2021,21.0,Sư phạm Ngữ văn
162787,TTB,su-pham-ngu-van,D01,Điểm học bạ,2021,21.0,Sư phạm Ngữ văn
162788,TTB,su-pham-ngu-van,D14,Điểm học bạ,2021,21.0,Sư phạm Ngữ văn
162789,TTB,su-pham-ngu-van,C00,Điểm thi THPT,2021,22.0,Sư phạm Ngữ văn
162790,TTB,su-pham-ngu-van,C19,Điểm thi THPT,2021,22.0,Sư phạm Ngữ văn
162791,TTB,su-pham-ngu-van,D01,Điểm thi THPT,2021,22.0,Sư phạm Ngữ văn
162792,TTB,su-pham-ngu-van,D14,Điểm thi THPT,2021,22.0,Sư phạm Ngữ văn
162793,TTB,su-pham-ngu-van,C00,Điểm học bạ,2022,22.5,Sư phạm Ngữ văn
162794,TTB,su-pham-ngu-van,C19,Điểm học bạ,2022,22.5,Sư phạm Ngữ văn
162795,TTB,su-pham-ngu-van,D01,Điểm học bạ,2022,22.5,Sư phạm Ngữ văn
162796,TTB,su-pham-ngu-van,D14,Điểm học bạ,2022,22.5,Sư phạm Ngữ văn
162797,TTB,su-pham-ngu-van,C00,Điểm thi THPT,2022,26.6,Sư phạm Ngữ văn
162798,TTB,su-pham-ngu-van,C19,Điểm thi THPT,2022,26.6,Sư phạm Ngữ văn
162799,TTB,su-pham-ngu-van,D01,Điểm thi THPT,2022,26.6,Sư phạm Ngữ văn
162800,TTB,su-pham-ngu-van,D14,Điểm thi THPT,2022,26.6,Sư phạm Ngữ văn
162801,TTB,su-pham-ngu-van,C00,Điểm học bạ,2024,27.95,Sư phạm Ngữ văn
162802,TTB,su-pham-ngu-van,C19,Điểm học bạ,2024,27.95,Sư phạm Ngữ văn
162803,TTB,su-pham-ngu-van,D01,Điểm học bạ,2024,27.95,Sư phạm Ngữ văn
162804,TTB,su-pham-ngu-van,D14,Điểm học bạ,2024,27.95,Sư phạm Ngữ văn
162805,TTB,su-pham-ngu-van,C00,Điểm thi THPT,2024,28.11,Sư phạm Ngữ văn
162806,TTB,su-pham-ngu-van,C19,Điểm thi THPT,2024,28.11,Sư phạm Ngữ văn
162807,TTB,su-pham-ngu-van,D01,Điểm thi THPT,2024,28.11,Sư phạm Ngữ văn
162808,TTB,su-pham-ngu-van,D14,Điểm thi THPT,2024,28.11,Sư phạm Ngữ văn
162809,TTB,su-pham-ngu-van,C00,Điểm học bạ,2025,28.07,Sư phạm Ngữ văn
162810,TTB,su-pham-ngu-van,D01,Điểm học bạ,2025,28.07,Sư phạm Ngữ văn
162811,TTB,su-pham-ngu-van,D14,Điểm học bạ,2025,28.07,Sư phạm Ngữ văn
162812,TTB,su-pham-ngu-van,D15,Điểm học bạ,2025,28.07,Sư phạm Ngữ văn
162813,TTB,su-pham-ngu-van,D66,Điểm học bạ,2025,28.07,Sư phạm Ngữ văn
162814,TTB,su-pham-ngu-van,X70,Điểm học bạ,2025,28.07,Sư phạm Ngữ văn
162815,TTB,su-pham-ngu-van,X74,Điểm học bạ,2025,28.07,Sư phạm Ngữ văn
162816,TTB,su-pham-ngu-van,X78,Điểm học bạ,2025,28.07,Sư phạm Ngữ văn
162817,TTB,su-pham-ngu-van,C00,Điểm thi THPT,2025,28.11,Sư phạm Ngữ văn
162818,TTB,su-pham-ngu-van,D01,Điểm thi THPT,2025,28.11,Sư phạm Ngữ văn
162819,TTB,su-pham-ngu-van,D14,Điểm thi THPT,2025,28.11,Sư phạm Ngữ văn
162820,TTB,su-pham-ngu-van,D15,Điểm thi THPT,2025,28.11,Sư phạm Ngữ văn
162821,TTB,su-pham-ngu-van,D66,Điểm thi THPT,2025,28.11,Sư phạm Ngữ văn
162822,TTB,su-pham-ngu-van,X70,Điểm thi THPT,2025,28.11,Sư phạm Ngữ văn
162823,TTB,su-pham-ngu-van,X74,Điểm thi THPT,2025,28.11,Sư phạm Ngữ văn
162824,TTB,su-pham-ngu-van,X78,Điểm thi THPT,2025,28.11,Sư phạm Ngữ văn
162825,TTB,su-pham-sinh-hoc,A02,Điểm học bạ,2021,21.0,Sư phạm Sinh học
162826,TTB,su-pham-sinh-hoc,B00,Điểm học bạ,2021,21.0,Sư phạm Sinh học
162827,TTB,su-pham-sinh-hoc,B03,Điểm học bạ,2021,21.0,Sư phạm Sinh học
162828,TTB,su-pham-sinh-hoc,D08,Điểm học bạ,2021,21.0,Sư phạm Sinh học
162829,TTB,su-pham-sinh-hoc,A02,Điểm thi THPT,2021,19.0,Sư phạm Sinh học
162830,TTB,su-pham-sinh-hoc,B00,Điểm thi THPT,2021,19.0,Sư phạm Sinh học
162831,TTB,su-pham-sinh-hoc,B03,Điểm thi THPT,2021,19.0,Sư phạm Sinh học
162832,TTB,su-pham-sinh-hoc,D08,Điểm thi THPT,2021,19.0,Sư phạm Sinh học
162833,TTB,su-pham-sinh-hoc,A02,Điểm học bạ,2022,22.5,Sư phạm Sinh học
162834,TTB,su-pham-sinh-hoc,B00,Điểm học bạ,2022,22.5,Sư phạm Sinh học
162835,TTB,su-pham-sinh-hoc,B03,Điểm học bạ,2022,22.5,Sư phạm Sinh học
162836,TTB,su-pham-sinh-hoc,D08,Điểm học bạ,2022,22.5,Sư phạm Sinh học
162837,TTB,su-pham-sinh-hoc,A02,Điểm thi THPT,2022,19.0,Sư phạm Sinh học
162838,TTB,su-pham-sinh-hoc,B00,Điểm thi THPT,2022,19.0,Sư phạm Sinh học
162839,TTB,su-pham-sinh-hoc,B03,Điểm thi THPT,2022,19.0,Sư phạm Sinh học
162840,TTB,su-pham-sinh-hoc,D08,Điểm thi THPT,2022,19.0,Sư phạm Sinh học
162841,TTB,su-pham-sinh-hoc,A02,Điểm học bạ,2024,26.75,Sư phạm Sinh học
162842,TTB,su-pham-sinh-hoc,B00,Điểm học bạ,2024,26.75,Sư phạm Sinh học
162843,TTB,su-pham-sinh-hoc,B03,Điểm học bạ,2024,26.75,Sư phạm Sinh học
162844,TTB,su-pham-sinh-hoc,D08,Điểm học bạ,2024,26.75,Sư phạm Sinh học
162845,TTB,su-pham-sinh-hoc,A02,Điểm thi THPT,2024,23.95,Sư phạm Sinh học
162846,TTB,su-pham-sinh-hoc,B00,Điểm thi THPT,2024,23.95,Sư phạm Sinh học
162847,TTB,su-pham-sinh-hoc,B03,Điểm thi THPT,2024,23.95,Sư phạm Sinh học
162848,TTB,su-pham-sinh-hoc,D08,Điểm thi THPT,2024,23.95,Sư phạm Sinh học
162849,TTB,su-pham-sinh-hoc,A02,Điểm học bạ,2025,27.41,Sư phạm Sinh học
162850,TTB,su-pham-sinh-hoc,B00,Điểm học bạ,2025,27.41,Sư phạm Sinh học
162851,TTB,su-pham-sinh-hoc,B03,Điểm học bạ,2025,27.41,Sư phạm Sinh học
162852,TTB,su-pham-sinh-hoc,B04,Điểm học bạ,2025,27.41,Sư phạm Sinh học
162853,TTB,su-pham-sinh-hoc,B08,Điểm học bạ,2025,27.41,Sư phạm Sinh học
162854,TTB,su-pham-sinh-hoc,X13,Điểm học bạ,2025,27.41,Sư phạm Sinh học
162855,TTB,su-pham-sinh-hoc,X14,Điểm học bạ,2025,27.41,Sư phạm Sinh học
162856,TTB,su-pham-sinh-hoc,X16,Điểm học bạ,2025,27.41,Sư phạm Sinh học
162857,TTB,su-pham-sinh-hoc,A02,Điểm thi THPT,2025,22.6,Sư phạm Sinh học
162858,TTB,su-pham-sinh-hoc,B00,Điểm thi THPT,2025,22.6,Sư phạm Sinh học
162859,TTB,su-pham-sinh-hoc,B03,Điểm thi THPT,2025,22.6,Sư phạm Sinh học
162860,TTB,su-pham-sinh-hoc,B04,Điểm thi THPT,2025,22.6,Sư phạm Sinh học
162861,TTB,su-pham-sinh-hoc,B08,Điểm thi THPT,2025,22.6,Sư phạm Sinh học
162862,TTB,su-pham-sinh-hoc,X13,Điểm thi THPT,2025,22.6,Sư phạm Sinh học
162863,TTB,su-pham-sinh-hoc,X14,Điểm thi THPT,2025,22.6,Sư phạm Sinh học
162864,TTB,su-pham-sinh-hoc,X16,Điểm thi THPT,2025,22.6,Sư phạm Sinh học
162865,TTB,su-pham-tieng-anh,A01,Điểm học bạ,2021,21.0,Sư phạm Tiếng Anh
162866,TTB,su-pham-tieng-anh,D01,Điểm học bạ,2021,21.0,Sư phạm Tiếng Anh
162867,TTB,su-pham-tieng-anh,D14,Điểm học bạ,2021,21.0,Sư phạm Tiếng Anh
162868,TTB,su-pham-tieng-anh,D15,Điểm học bạ,2021,21.0,Sư phạm Tiếng Anh
162869,TTB,su-pham-tieng-anh,A01,Điểm thi THPT,2021,20.0,Sư phạm Tiếng Anh
162870,TTB,su-pham-tieng-anh,D01,Điểm thi THPT,2021,20.0,Sư phạm Tiếng Anh
162871,TTB,su-pham-tieng-anh,D14,Điểm thi THPT,2021,20.0,Sư phạm Tiếng Anh
162872,TTB,su-pham-tieng-anh,D15,Điểm thi THPT,2021,20.0,Sư phạm Tiếng Anh
162873,TTB,su-pham-tieng-anh,A01,Điểm học bạ,2022,22.5,Sư phạm Tiếng Anh
162874,TTB,su-pham-tieng-anh,D01,Điểm học bạ,2022,22.5,Sư phạm Tiếng Anh
162875,TTB,su-pham-tieng-anh,D14,Điểm học bạ,2022,22.5,Sư phạm Tiếng Anh
162876,TTB,su-pham-tieng-anh,D15,Điểm học bạ,2022,22.5,Sư phạm Tiếng Anh
162877,TTB,su-pham-tieng-anh,A01,Điểm thi THPT,2022,19.0,Sư phạm Tiếng Anh
162878,TTB,su-pham-tieng-anh,D01,Điểm thi THPT,2022,19.0,Sư phạm Tiếng Anh
162879,TTB,su-pham-tieng-anh,D14,Điểm thi THPT,2022,19.0,Sư phạm Tiếng Anh
162880,TTB,su-pham-tieng-anh,D15,Điểm thi THPT,2022,19.0,Sư phạm Tiếng Anh
162881,TTB,su-pham-tieng-anh,A01,Điểm học bạ,2024,27.22,Sư phạm Tiếng Anh
162882,TTB,su-pham-tieng-anh,D01,Điểm học bạ,2024,27.22,Sư phạm Tiếng Anh
162883,TTB,su-pham-tieng-anh,D14,Điểm học bạ,2024,27.22,Sư phạm Tiếng Anh
162884,TTB,su-pham-tieng-anh,D15,Điểm học bạ,2024,27.22,Sư phạm Tiếng Anh
162885,TTB,su-pham-tieng-anh,A01,Điểm thi THPT,2024,25.57,Sư phạm Tiếng Anh
162886,TTB,su-pham-tieng-anh,D01,Điểm thi THPT,2024,25.57,Sư phạm Tiếng Anh
162887,TTB,su-pham-tieng-anh,D14,Điểm thi THPT,2024,25.57,Sư phạm Tiếng Anh
162888,TTB,su-pham-tieng-anh,D15,Điểm thi THPT,2024,25.57,Sư phạm Tiếng Anh
162889,TTB,su-pham-tieng-anh,A01,Điểm học bạ,2025,28.29,Sư phạm Tiếng Anh
162890,TTB,su-pham-tieng-anh,D01,Điểm học bạ,2025,28.29,Sư phạm Tiếng Anh
162891,TTB,su-pham-tieng-anh,D14,Điểm học bạ,2025,28.29,Sư phạm Tiếng Anh
162892,TTB,su-pham-tieng-anh,D15,Điểm học bạ,2025,28.29,Sư phạm Tiếng Anh
162893,TTB,su-pham-tieng-anh,D66,Điểm học bạ,2025,28.29,Sư phạm Tiếng Anh
162894,TTB,su-pham-tieng-anh,X26,Điểm học bạ,2025,28.29,Sư phạm Tiếng Anh
162895,TTB,su-pham-tieng-anh,X78,Điểm học bạ,2025,28.29,Sư phạm Tiếng Anh
162896,TTB,su-pham-tieng-anh,X79,Điểm học bạ,2025,28.29,Sư phạm Tiếng Anh
162897,TTB,su-pham-tieng-anh,A01,Điểm thi THPT,2025,23.81,Sư phạm Tiếng Anh
162898,TTB,su-pham-tieng-anh,D01,Điểm thi THPT,2025,23.81,Sư phạm Tiếng Anh
162899,TTB,su-pham-tieng-anh,D14,Điểm thi THPT,2025,23.81,Sư phạm Tiếng Anh
162900,TTB,su-pham-tieng-anh,D15,Điểm thi THPT,2025,23.81,Sư phạm Tiếng Anh
162901,TTB,su-pham-tieng-anh,D66,Điểm thi THPT,2025,23.81,Sư phạm Tiếng Anh
162902,TTB,su-pham-tieng-anh,X26,Điểm thi THPT,2025,23.81,Sư phạm Tiếng Anh
162903,TTB,su-pham-tieng-anh,X78,Điểm thi THPT,2025,23.81,Sư phạm Tiếng Anh
162904,TTB,su-pham-tieng-anh,X79,Điểm thi THPT,2025,23.81,Sư phạm Tiếng Anh
162905,TTB,su-pham-tin-hoc,A00,Điểm học bạ,2021,21.0,Sư phạm Tin học
162906,TTB,su-pham-tin-hoc,A01,Điểm học bạ,2021,21.0,Sư phạm Tin học
162907,TTB,su-pham-tin-hoc,A02,Điểm học bạ,2021,21.0,Sư phạm Tin học
162908,TTB,su-pham-tin-hoc,D01,Điểm học bạ,2021,21.0,Sư phạm Tin học
162909,TTB,su-pham-tin-hoc,A00,Điểm thi THPT,2021,19.0,Sư phạm Tin học
162910,TTB,su-pham-tin-hoc,A01,Điểm thi THPT,2021,19.0,Sư phạm Tin học
162911,TTB,su-pham-tin-hoc,A02,Điểm thi THPT,2021,19.0,Sư phạm Tin học
162912,TTB,su-pham-tin-hoc,D01,Điểm thi THPT,2021,19.0,Sư phạm Tin học
162913,TTB,su-pham-tin-hoc,A00,Điểm học bạ,2022,22.5,Sư phạm Tin học
162914,TTB,su-pham-tin-hoc,A01,Điểm học bạ,2022,22.5,Sư phạm Tin học
162915,TTB,su-pham-tin-hoc,A02,Điểm học bạ,2022,22.5,Sư phạm Tin học
162916,TTB,su-pham-tin-hoc,D01,Điểm học bạ,2022,22.5,Sư phạm Tin học
162917,TTB,su-pham-tin-hoc,A00,Điểm thi THPT,2022,19.0,Sư phạm Tin học
162918,TTB,su-pham-tin-hoc,A01,Điểm thi THPT,2022,19.0,Sư phạm Tin học
162919,TTB,su-pham-tin-hoc,A02,Điểm thi THPT,2022,19.0,Sư phạm Tin học
162920,TTB,su-pham-tin-hoc,D01,Điểm thi THPT,2022,19.0,Sư phạm Tin học
162921,TTB,su-pham-tin-hoc,A00,Điểm học bạ,2024,26.95,Sư phạm Tin học
162922,TTB,su-pham-tin-hoc,A01,Điểm học bạ,2024,26.95,Sư phạm Tin học
162923,TTB,su-pham-tin-hoc,A02,Điểm học bạ,2024,26.95,Sư phạm Tin học
162924,TTB,su-pham-tin-hoc,D01,Điểm học bạ,2024,26.95,Sư phạm Tin học
162925,TTB,su-pham-tin-hoc,A00,Điểm thi THPT,2024,23.16,Sư phạm Tin học
162926,TTB,su-pham-tin-hoc,A01,Điểm thi THPT,2024,23.16,Sư phạm Tin học
162927,TTB,su-pham-tin-hoc,A02,Điểm thi THPT,2024,23.16,Sư phạm Tin học
162928,TTB,su-pham-tin-hoc,D01,Điểm thi THPT,2024,23.16,Sư phạm Tin học
162929,TTB,su-pham-tin-hoc,A00,Điểm học bạ,2025,27.02,Sư phạm Tin học
162930,TTB,su-pham-tin-hoc,A01,Điểm học bạ,2025,27.02,Sư phạm Tin học
162931,TTB,su-pham-tin-hoc,B00,Điểm học bạ,2025,27.02,Sư phạm Tin học
162932,TTB,su-pham-tin-hoc,D01,Điểm học bạ,2025,27.02,Sư phạm Tin học
162933,TTB,su-pham-tin-hoc,X02,Điểm học bạ,2025,27.02,Sư phạm Tin học
162934,TTB,su-pham-tin-hoc,X06,Điểm học bạ,2025,27.02,Sư phạm Tin học
162935,TTB,su-pham-tin-hoc,X26,Điểm học bạ,2025,27.02,Sư phạm Tin học
162936,TTB,su-pham-tin-hoc,X56,Điểm học bạ,2025,27.02,Sư phạm Tin học
162937,TTB,su-pham-tin-hoc,A00,Điểm thi THPT,2025,21.86,Sư phạm Tin học
162938,TTB,su-pham-tin-hoc,A01,Điểm thi THPT,2025,21.86,Sư phạm Tin học
162939,TTB,su-pham-tin-hoc,B00,Điểm thi THPT,2025,21.86,Sư phạm Tin học
162940,TTB,su-pham-tin-hoc,D01,Điểm thi THPT,2025,21.86,Sư phạm Tin học
162941,TTB,su-pham-tin-hoc,X02,Điểm thi THPT,2025,21.86,Sư phạm Tin học
162942,TTB,su-pham-tin-hoc,X06,Điểm thi THPT,2025,21.86,Sư phạm Tin học
162943,TTB,su-pham-tin-hoc,X26,Điểm thi THPT,2025,21.86,Sư phạm Tin học
162944,TTB,su-pham-tin-hoc,X56,Điểm thi THPT,2025,21.86,Sư phạm Tin học
162945,TTB,su-pham-toan-hoc,A00,Điểm học bạ,2021,21.0,Sư phạm Toán học
162946,TTB,su-pham-toan-hoc,A01,Điểm học bạ,2021,21.0,Sư phạm Toán học
162947,TTB,su-pham-toan-hoc,A02,Điểm học bạ,2021,21.0,Sư phạm Toán học
162948,TTB,su-pham-toan-hoc,D01,Điểm học bạ,2021,21.0,Sư phạm Toán học
162949,TTB,su-pham-toan-hoc,A00,Điểm thi THPT,2021,19.0,Sư phạm Toán học
162950,TTB,su-pham-toan-hoc,A01,Điểm thi THPT,2021,19.0,Sư phạm Toán học
162951,TTB,su-pham-toan-hoc,A02,Điểm thi THPT,2021,19.0,Sư phạm Toán học
162952,TTB,su-pham-toan-hoc,D01,Điểm thi THPT,2021,19.0,Sư phạm Toán học
162953,TTB,su-pham-toan-hoc,A00,Điểm học bạ,2022,26.0,Sư phạm Toán học
162954,TTB,su-pham-toan-hoc,A01,Điểm học bạ,2022,26.0,Sư phạm Toán học
162955,TTB,su-pham-toan-hoc,A02,Điểm học bạ,2022,26.0,Sư phạm Toán học
162956,TTB,su-pham-toan-hoc,D01,Điểm học bạ,2022,26.0,Sư phạm Toán học
162957,TTB,su-pham-toan-hoc,A00,Điểm thi THPT,2022,22.9,Sư phạm Toán học
162958,TTB,su-pham-toan-hoc,A01,Điểm thi THPT,2022,22.9,Sư phạm Toán học
162959,TTB,su-pham-toan-hoc,A02,Điểm thi THPT,2022,22.9,Sư phạm Toán học
162960,TTB,su-pham-toan-hoc,D01,Điểm thi THPT,2022,22.9,Sư phạm Toán học
162961,TTB,su-pham-toan-hoc,A00,Điểm học bạ,2024,27.23,Sư phạm Toán học
162962,TTB,su-pham-toan-hoc,A01,Điểm học bạ,2024,27.23,Sư phạm Toán học
162963,TTB,su-pham-toan-hoc,A02,Điểm học bạ,2024,27.23,Sư phạm Toán học
162964,TTB,su-pham-toan-hoc,D01,Điểm học bạ,2024,27.23,Sư phạm Toán học
162965,TTB,su-pham-toan-hoc,A00,Điểm thi THPT,2024,25.34,Sư phạm Toán học
162966,TTB,su-pham-toan-hoc,A01,Điểm thi THPT,2024,25.34,Sư phạm Toán học
162967,TTB,su-pham-toan-hoc,A02,Điểm thi THPT,2024,25.34,Sư phạm Toán học
162968,TTB,su-pham-toan-hoc,D01,Điểm thi THPT,2024,25.34,Sư phạm Toán học
162969,TTB,su-pham-toan-hoc,A00,Điểm học bạ,2025,28.28,Sư phạm Toán học
162970,TTB,su-pham-toan-hoc,A01,Điểm học bạ,2025,28.28,Sư phạm Toán học
162971,TTB,su-pham-toan-hoc,B00,Điểm học bạ,2025,28.28,Sư phạm Toán học
162972,TTB,su-pham-toan-hoc,C01,Điểm học bạ,2025,28.28,Sư phạm Toán học
162973,TTB,su-pham-toan-hoc,C02,Điểm học bạ,2025,28.28,Sư phạm Toán học
162974,TTB,su-pham-toan-hoc,D01,Điểm học bạ,2025,28.28,Sư phạm Toán học
162975,TTB,su-pham-toan-hoc,D07,Điểm học bạ,2025,28.28,Sư phạm Toán học
162976,TTB,su-pham-toan-hoc,X06,Điểm học bạ,2025,28.28,Sư phạm Toán học
162977,TTB,su-pham-toan-hoc,A00,Điểm thi THPT,2025,25.49,Sư phạm Toán học
162978,TTB,su-pham-toan-hoc,A01,Điểm thi THPT,2025,25.49,Sư phạm Toán học
162979,TTB,su-pham-toan-hoc,B00,Điểm thi THPT,2025,25.49,Sư phạm Toán học
162980,TTB,su-pham-toan-hoc,C01,Điểm thi THPT,2025,25.49,Sư phạm Toán học
162981,TTB,su-pham-toan-hoc,C02,Điểm thi THPT,2025,25.49,Sư phạm Toán học
162982,TTB,su-pham-toan-hoc,D01,Điểm thi THPT,2025,25.49,Sư phạm Toán học
162983,TTB,su-pham-toan-hoc,D07,Điểm thi THPT,2025,25.49,Sư phạm Toán học
162984,TTB,su-pham-toan-hoc,X06,Điểm thi THPT,2025,25.49,Sư phạm Toán học
162985,TTB,su-pham-vat-li,A00,Điểm học bạ,2022,22.5,Sư phạm Vật lí
162986,TTB,su-pham-vat-li,A01,Điểm học bạ,2022,22.5,Sư phạm Vật lí
162987,TTB,su-pham-vat-li,A02,Điểm học bạ,2022,22.5,Sư phạm Vật lí
162988,TTB,su-pham-vat-li,A04,Điểm học bạ,2022,22.5,Sư phạm Vật lí
162989,TTB,su-pham-vat-li,A00,Điểm thi THPT,2022,19.0,Sư phạm Vật lí
162990,TTB,su-pham-vat-li,A01,Điểm thi THPT,2022,19.0,Sư phạm Vật lí
162991,TTB,su-pham-vat-li,A02,Điểm thi THPT,2022,19.0,Sư phạm Vật lí
162992,TTB,su-pham-vat-li,A04,Điểm thi THPT,2022,19.0,Sư phạm Vật lí
162993,TTB,su-pham-vat-li,A00,Điểm học bạ,2024,27.05,Sư phạm Vật lí
162994,TTB,su-pham-vat-li,A01,Điểm học bạ,2024,27.05,Sư phạm Vật lí
162995,TTB,su-pham-vat-li,A02,Điểm học bạ,2024,27.05,Sư phạm Vật lí
162996,TTB,su-pham-vat-li,A04,Điểm học bạ,2024,27.05,Sư phạm Vật lí
162997,TTB,su-pham-vat-li,A00,Điểm thi THPT,2024,23.96,Sư phạm Vật lí
162998,TTB,su-pham-vat-li,A01,Điểm thi THPT,2024,23.96,Sư phạm Vật lí
162999,TTB,su-pham-vat-li,A02,Điểm thi THPT,2024,23.96,Sư phạm Vật lí
163000,TTB,su-pham-vat-li,A04,Điểm thi THPT,2024,23.96,Sư phạm Vật lí
163001,TTB,su-pham-vat-li,A00,Điểm học bạ,2025,27.93,Sư phạm Vật lí
163002,TTB,su-pham-vat-li,A01,Điểm học bạ,2025,27.93,Sư phạm Vật lí
163003,TTB,su-pham-vat-li,A02,Điểm học bạ,2025,27.93,Sư phạm Vật lí
163004,TTB,su-pham-vat-li,A04,Điểm học bạ,2025,27.93,Sư phạm Vật lí
163005,TTB,su-pham-vat-li,C01,Điểm học bạ,2025,27.93,Sư phạm Vật lí
163006,TTB,su-pham-vat-li,X05,Điểm học bạ,2025,27.93,Sư phạm Vật lí
163007,TTB,su-pham-vat-li,X06,Điểm học bạ,2025,27.93,Sư phạm Vật lí
163008,TTB,su-pham-vat-li,X07,Điểm học bạ,2025,27.93,Sư phạm Vật lí
163009,TTB,su-pham-vat-li,A00,Điểm thi THPT,2025,24.8,Sư phạm Vật lí
163010,TTB,su-pham-vat-li,A01,Điểm thi THPT,2025,24.8,Sư phạm Vật lí
163011,TTB,su-pham-vat-li,A02,Điểm thi THPT,2025,24.8,Sư phạm Vật lí
163012,TTB,su-pham-vat-li,A04,Điểm thi THPT,2025,24.8,Sư phạm Vật lí
163013,TTB,su-pham-vat-li,C01,Điểm thi THPT,2025,24.8,Sư phạm Vật lí
163014,TTB,su-pham-vat-li,X05,Điểm thi THPT,2025,24.8,Sư phạm Vật lí
163015,TTB,su-pham-vat-li,X06,Điểm thi THPT,2025,24.8,Sư phạm Vật lí
163016,TTB,su-pham-vat-li,X07,Điểm thi THPT,2025,24.8,Sư phạm Vật lí
163017,TTB,su-pham-vat-ly,A00,Điểm học bạ,2021,21.0,Sư phạm Vật lý
163018,TTB,su-pham-vat-ly,A01,Điểm học bạ,2021,21.0,Sư phạm Vật lý
163019,TTB,su-pham-vat-ly,A10,Điểm học bạ,2021,21.0,Sư phạm Vật lý
163020,TTB,su-pham-vat-ly,C01,Điểm học bạ,2021,21.0,Sư phạm Vật lý
163021,TTB,su-pham-vat-ly,A00,Điểm thi THPT,2021,19.0,Sư phạm Vật lý
163022,TTB,su-pham-vat-ly,A01,Điểm thi THPT,2021,19.0,Sư phạm Vật lý
163023,TTB,su-pham-vat-ly,A10,Điểm thi THPT,2021,19.0,Sư phạm Vật lý
163024,TTB,su-pham-vat-ly,C01,Điểm thi THPT,2021,19.0,Sư phạm Vật lý
163025,TTB,tai-chinh-ngan-hang,A00,Điểm học bạ,2021,18.0,Tài chính - Ngân hàng
163026,TTB,tai-chinh-ngan-hang,A01,Điểm học bạ,2021,18.0,Tài chính - Ngân hàng
163027,TTB,tai-chinh-ngan-hang,A02,Điểm học bạ,2021,18.0,Tài chính - Ngân hàng
163028,TTB,tai-chinh-ngan-hang,D01,Điểm học bạ,2021,18.0,Tài chính - Ngân hàng
163029,TTB,tai-chinh-ngan-hang,A00,Điểm thi THPT,2021,15.0,Tài chính - Ngân hàng
163030,TTB,tai-chinh-ngan-hang,A01,Điểm thi THPT,2021,15.0,Tài chính - Ngân hàng
163031,TTB,tai-chinh-ngan-hang,A02,Điểm thi THPT,2021,15.0,Tài chính - Ngân hàng
163032,TTB,tai-chinh-ngan-hang,D01,Điểm thi THPT,2021,15.0,Tài chính - Ngân hàng
163033,TTB,tai-chinh-ngan-hang,A00,Điểm học bạ,2022,18.0,Tài chính - ngân hàng
163034,TTB,tai-chinh-ngan-hang,A01,Điểm học bạ,2022,18.0,Tài chính - ngân hàng
163035,TTB,tai-chinh-ngan-hang,A02,Điểm học bạ,2022,18.0,Tài chính - ngân hàng
163036,TTB,tai-chinh-ngan-hang,D01,Điểm học bạ,2022,18.0,Tài chính - ngân hàng
163037,TTB,tai-chinh-ngan-hang,A00,Điểm thi THPT,2022,15.0,Tài chính - ngân hàng
163038,TTB,tai-chinh-ngan-hang,A01,Điểm thi THPT,2022,15.0,Tài chính - ngân hàng
163039,TTB,tai-chinh-ngan-hang,A02,Điểm thi THPT,2022,15.0,Tài chính - ngân hàng
163040,TTB,tai-chinh-ngan-hang,D01,Điểm thi THPT,2022,15.0,Tài chính - ngân hàng
163041,TTB,tai-chinh-ngan-hang,A00,Điểm học bạ,2023,18.0,Tài chính - Ngân hàng
163042,TTB,tai-chinh-ngan-hang,A01,Điểm học bạ,2023,18.0,Tài chính - Ngân hàng
163043,TTB,tai-chinh-ngan-hang,A02,Điểm học bạ,2023,18.0,Tài chính - Ngân hàng
163044,TTB,tai-chinh-ngan-hang,D01,Điểm học bạ,2023,18.0,Tài chính - Ngân hàng
163045,TTB,tai-chinh-ngan-hang,A00,Điểm thi THPT,2023,15.0,Tài chính - Ngân hàng
163046,TTB,tai-chinh-ngan-hang,A01,Điểm thi THPT,2023,15.0,Tài chính - Ngân hàng
163047,TTB,tai-chinh-ngan-hang,A02,Điểm thi THPT,2023,15.0,Tài chính - Ngân hàng
163048,TTB,tai-chinh-ngan-hang,D01,Điểm thi THPT,2023,15.0,Tài chính - Ngân hàng
163049,TTB,tai-chinh-ngan-hang,A00,Điểm học bạ,2024,18.0,Tài chính - Ngân hàng
163050,TTB,tai-chinh-ngan-hang,A01,Điểm học bạ,2024,18.0,Tài chính - Ngân hàng
163051,TTB,tai-chinh-ngan-hang,A02,Điểm học bạ,2024,18.0,Tài chính - Ngân hàng
163052,TTB,tai-chinh-ngan-hang,D01,Điểm học bạ,2024,18.0,Tài chính - Ngân hàng
163053,TTB,tai-chinh-ngan-hang,A00,Điểm thi THPT,2024,15.0,Tài chính - Ngân hàng
163054,TTB,tai-chinh-ngan-hang,A01,Điểm thi THPT,2024,15.0,Tài chính - Ngân hàng
163055,TTB,tai-chinh-ngan-hang,A02,Điểm thi THPT,2024,15.0,Tài chính - Ngân hàng
163056,TTB,tai-chinh-ngan-hang,D01,Điểm thi THPT,2024,15.0,Tài chính - Ngân hàng
163057,TTB,tai-chinh-ngan-hang,A00,Điểm học bạ,2025,19.68,Tài chính - Ngân hàng
163058,TTB,tai-chinh-ngan-hang,A01,Điểm học bạ,2025,19.68,Tài chính - Ngân hàng
163059,TTB,tai-chinh-ngan-hang,A02,Điểm học bạ,2025,19.68,Tài chính - Ngân hàng
163060,TTB,tai-chinh-ngan-hang,D01,Điểm học bạ,2025,19.68,Tài chính - Ngân hàng
163061,TTB,tai-chinh-ngan-hang,X06,Điểm học bạ,2025,19.68,Tài chính - Ngân hàng
163062,TTB,tai-chinh-ngan-hang,X09,Điểm học bạ,2025,19.68,Tài chính - Ngân hàng
163063,TTB,tai-chinh-ngan-hang,X26,Điểm học bạ,2025,19.68,Tài chính - Ngân hàng
163064,TTB,tai-chinh-ngan-hang,X56,Điểm học bạ,2025,19.68,Tài chính - Ngân hàng
163065,TTB,tai-chinh-ngan-hang,A00,Điểm thi THPT,2025,15.0,Tài chính - Ngân hàng
163066,TTB,tai-chinh-ngan-hang,A01,Điểm thi THPT,2025,15.0,Tài chính - Ngân hàng
163067,TTB,tai-chinh-ngan-hang,A02,Điểm thi THPT,2025,15.0,Tài chính - Ngân hàng
163068,TTB,tai-chinh-ngan-hang,D01,Điểm thi THPT,2025,15.0,Tài chính - Ngân hàng
163069,TTB,tai-chinh-ngan-hang,X06,Điểm thi THPT,2025,15.0,Tài chính - Ngân hàng
163070,TTB,tai-chinh-ngan-hang,X09,Điểm thi THPT,2025,15.0,Tài chính - Ngân hàng
163071,TTB,tai-chinh-ngan-hang,X26,Điểm thi THPT,2025,15.0,Tài chính - Ngân hàng
163072,TTB,tai-chinh-ngan-hang,X56,Điểm thi THPT,2025,15.0,Tài chính - Ngân hàng
163073,TTD,huan-luyen-the-thao,B03,Điểm học bạ,2025,24.69,Huấn luyện thể thao
163074,TTD,huan-luyen-the-thao,C01,Điểm học bạ,2025,24.69,Huấn luyện thể thao
163075,TTD,huan-luyen-the-thao,C03,Điểm học bạ,2025,24.69,Huấn luyện thể thao
163076,TTD,huan-luyen-the-thao,C04,Điểm học bạ,2025,24.69,Huấn luyện thể thao
163077,TTD,huan-luyen-the-thao,X01,Điểm học bạ,2025,24.69,Huấn luyện thể thao
163078,TTD,huan-luyen-the-thao,X03,Điểm học bạ,2025,24.69,Huấn luyện thể thao
163079,TTD,huan-luyen-the-thao,X04,Điểm học bạ,2025,24.69,Huấn luyện thể thao
163080,TTD,huan-luyen-the-thao,B03,Điểm thi THPT,2025,23.93,Huấn luyện thể thao
163081,TTD,huan-luyen-the-thao,C01,Điểm thi THPT,2025,23.93,Huấn luyện thể thao
163082,TTD,huan-luyen-the-thao,C03,Điểm thi THPT,2025,23.93,Huấn luyện thể thao
163083,TTD,huan-luyen-the-thao,C04,Điểm thi THPT,2025,23.93,Huấn luyện thể thao
163084,TTD,huan-luyen-the-thao,X01,Điểm thi THPT,2025,23.93,Huấn luyện thể thao
163085,TTD,huan-luyen-the-thao,X03,Điểm thi THPT,2025,23.93,Huấn luyện thể thao
163086,TTD,huan-luyen-the-thao,X04,Điểm thi THPT,2025,23.93,Huấn luyện thể thao
163087,TTD,quan-ly-tdtt,B04,Điểm học bạ,2024,22.0,Quản lý TDTT
163088,TTD,quan-ly-tdtt,C14,Điểm học bạ,2024,22.0,Quản lý TDTT
163089,TTD,quan-ly-tdtt,B04,Điểm thi THPT,2024,22.5,Quản lý TDTT
163090,TTD,quan-ly-tdtt,C14,Điểm thi THPT,2024,22.5,Quản lý TDTT
163091,TTD,quan-ly-tdtt,B03,Điểm học bạ,2025,22.1,Quản lý TDTT
163092,TTD,quan-ly-tdtt,C01,Điểm học bạ,2025,22.1,Quản lý TDTT
163093,TTD,quan-ly-tdtt,C03,Điểm học bạ,2025,22.1,Quản lý TDTT
163094,TTD,quan-ly-tdtt,C04,Điểm học bạ,2025,22.1,Quản lý TDTT
163095,TTD,quan-ly-tdtt,X01,Điểm học bạ,2025,22.1,Quản lý TDTT
163096,TTD,quan-ly-tdtt,X03,Điểm học bạ,2025,22.1,Quản lý TDTT
163097,TTD,quan-ly-tdtt,X04,Điểm học bạ,2025,22.1,Quản lý TDTT
163098,TTD,quan-ly-tdtt,B03,Điểm thi THPT,2025,21.5,Quản lý TDTT
163099,TTD,quan-ly-tdtt,C01,Điểm thi THPT,2025,21.5,Quản lý TDTT
163100,TTD,quan-ly-tdtt,C03,Điểm thi THPT,2025,21.5,Quản lý TDTT
163101,TTD,quan-ly-tdtt,C04,Điểm thi THPT,2025,21.5,Quản lý TDTT
163102,TTD,quan-ly-tdtt,X01,Điểm thi THPT,2025,21.5,Quản lý TDTT
163103,TTD,quan-ly-tdtt,X03,Điểm thi THPT,2025,21.5,Quản lý TDTT
163104,TTD,quan-ly-tdtt,X04,Điểm thi THPT,2025,21.5,Quản lý TDTT
163105,TTD,quan-ly-the-duc-the-thao,B04,Điểm học bạ,2022,18.0,Quản lý thể dục thể thao
163106,TTD,quan-ly-the-duc-the-thao,C18,Điểm học bạ,2022,18.0,Quản lý thể dục thể thao
163107,TTD,quan-ly-the-duc-the-thao,B04,Điểm thi THPT,2022,16.0,Quản lý thể dục thể thao
163108,TTD,quan-ly-the-duc-the-thao,C18,Điểm thi THPT,2022,16.0,Quản lý thể dục thể thao
163109,TTG,bao-ve-thuc-vat,A00,Điểm học bạ,2021,18.0,Bảo vệ thực vật
163110,TTG,bao-ve-thuc-vat,A01,Điểm học bạ,2021,18.0,Bảo vệ thực vật
163111,TTG,bao-ve-thuc-vat,B00,Điểm học bạ,2021,18.0,Bảo vệ thực vật
163112,TTG,bao-ve-thuc-vat,B08,Điểm học bạ,2021,18.0,Bảo vệ thực vật
163113,TTG,bao-ve-thuc-vat,A00,Điểm thi THPT,2021,15.0,Bảo vệ thực vật
163114,TTG,bao-ve-thuc-vat,A01,Điểm thi THPT,2021,15.0,Bảo vệ thực vật
163115,TTG,bao-ve-thuc-vat,B00,Điểm thi THPT,2021,15.0,Bảo vệ thực vật
163116,TTG,bao-ve-thuc-vat,B08,Điểm thi THPT,2021,15.0,Bảo vệ thực vật
163117,TTG,bao-ve-thuc-vat,A00,Điểm học bạ,2022,18.0,Bảo vệ thực vật
163118,TTG,bao-ve-thuc-vat,A01,Điểm học bạ,2022,18.0,Bảo vệ thực vật
163119,TTG,bao-ve-thuc-vat,B00,Điểm học bạ,2022,18.0,Bảo vệ thực vật
163120,TTG,bao-ve-thuc-vat,B08,Điểm học bạ,2022,18.0,Bảo vệ thực vật
163121,TTG,bao-ve-thuc-vat,A00,Điểm thi THPT,2022,15.0,Bảo vệ thực vật
163122,TTG,bao-ve-thuc-vat,A01,Điểm thi THPT,2022,15.0,Bảo vệ thực vật
163123,TTG,bao-ve-thuc-vat,B00,Điểm thi THPT,2022,15.0,Bảo vệ thực vật
163124,TTG,bao-ve-thuc-vat,B08,Điểm thi THPT,2022,15.0,Bảo vệ thực vật
163125,TTG,bao-ve-thuc-vat,A00,Điểm học bạ,2023,18.0,Bảo vệ thực vật
163126,TTG,bao-ve-thuc-vat,A01,Điểm học bạ,2023,18.0,Bảo vệ thực vật
163127,TTG,bao-ve-thuc-vat,B00,Điểm học bạ,2023,18.0,Bảo vệ thực vật
163128,TTG,bao-ve-thuc-vat,B08,Điểm học bạ,2023,18.0,Bảo vệ thực vật
163129,TTG,bao-ve-thuc-vat,A00,Điểm thi THPT,2023,15.0,Báo vệ thực vật
163130,TTG,bao-ve-thuc-vat,A01,Điểm thi THPT,2023,15.0,Báo vệ thực vật
163131,TTG,bao-ve-thuc-vat,B00,Điểm thi THPT,2023,15.0,Báo vệ thực vật
163132,TTG,bao-ve-thuc-vat,B08,Điểm thi THPT,2023,15.0,Báo vệ thực vật
163133,TTG,bao-ve-thuc-vat,A00,Điểm học bạ,2024,18.7,Bào vệ thực vật
163134,TTG,bao-ve-thuc-vat,A01,Điểm học bạ,2024,18.7,Bào vệ thực vật
163135,TTG,bao-ve-thuc-vat,B00,Điểm học bạ,2024,18.7,Bào vệ thực vật
163136,TTG,bao-ve-thuc-vat,B08,Điểm học bạ,2024,18.7,Bào vệ thực vật
163137,TTG,bao-ve-thuc-vat,A00,Điểm thi THPT,2024,15.0,Bảo vệ thực vật
163138,TTG,bao-ve-thuc-vat,A01,Điểm thi THPT,2024,15.0,Bảo vệ thực vật
163139,TTG,bao-ve-thuc-vat,B00,Điểm thi THPT,2024,15.0,Bảo vệ thực vật
163140,TTG,bao-ve-thuc-vat,B08,Điểm thi THPT,2024,15.0,Bảo vệ thực vật
163141,TTG,bao-ve-thuc-vat,A00,Điểm học bạ,2025,15.0,Bảo vệ thực vật
163142,TTG,bao-ve-thuc-vat,A01,Điểm học bạ,2025,15.0,Bảo vệ thực vật
163143,TTG,bao-ve-thuc-vat,B00,Điểm học bạ,2025,15.0,Bảo vệ thực vật
163144,TTG,bao-ve-thuc-vat,B03,Điểm học bạ,2025,15.0,Bảo vệ thực vật
163145,TTG,bao-ve-thuc-vat,C01,Điểm học bạ,2025,15.0,Bảo vệ thực vật
163146,TTG,bao-ve-thuc-vat,C02,Điểm học bạ,2025,15.0,Bảo vệ thực vật
163147,TTG,bao-ve-thuc-vat,C04,Điểm học bạ,2025,15.0,Bảo vệ thực vật
163148,TTG,bao-ve-thuc-vat,D01,Điểm học bạ,2025,15.0,Bảo vệ thực vật
163149,TTG,bao-ve-thuc-vat,D07,Điểm học bạ,2025,15.0,Bảo vệ thực vật
163150,TTG,bao-ve-thuc-vat,X04,Điểm học bạ,2025,15.0,Bảo vệ thực vật
163151,TTG,bao-ve-thuc-vat,A00,Điểm thi THPT,2025,15.0,Bảo vệ thực vật
163152,TTG,bao-ve-thuc-vat,A01,Điểm thi THPT,2025,15.0,Bảo vệ thực vật
163153,TTG,bao-ve-thuc-vat,B00,Điểm thi THPT,2025,15.0,Bảo vệ thực vật
163154,TTG,bao-ve-thuc-vat,B03,Điểm thi THPT,2025,15.0,Bảo vệ thực vật
163155,TTG,bao-ve-thuc-vat,C01,Điểm thi THPT,2025,15.0,Bảo vệ thực vật
163156,TTG,bao-ve-thuc-vat,C02,Điểm thi THPT,2025,15.0,Bảo vệ thực vật
163157,TTG,bao-ve-thuc-vat,C04,Điểm thi THPT,2025,15.0,Bảo vệ thực vật
163158,TTG,bao-ve-thuc-vat,D01,Điểm thi THPT,2025,15.0,Bảo vệ thực vật
163159,TTG,bao-ve-thuc-vat,D07,Điểm thi THPT,2025,15.0,Bảo vệ thực vật
163160,TTG,bao-ve-thuc-vat,X04,Điểm thi THPT,2025,15.0,Bảo vệ thực vật
163161,TTG,chan-nuoi,A00,Điểm học bạ,2021,18.0,Chăn nuôi
163162,TTG,chan-nuoi,A01,Điểm học bạ,2021,18.0,Chăn nuôi
163163,TTG,chan-nuoi,B00,Điểm học bạ,2021,18.0,Chăn nuôi
163164,TTG,chan-nuoi,B08,Điểm học bạ,2021,18.0,Chăn nuôi
163165,TTG,chan-nuoi,A00,Điểm thi THPT,2021,15.0,Chăn nuôi
163166,TTG,chan-nuoi,A01,Điểm thi THPT,2021,15.0,Chăn nuôi
163167,TTG,chan-nuoi,B00,Điểm thi THPT,2021,15.0,Chăn nuôi
163168,TTG,chan-nuoi,B08,Điểm thi THPT,2021,15.0,Chăn nuôi
163169,TTG,chan-nuoi,A00,Điểm học bạ,2022,18.0,Chăn nuôi
163170,TTG,chan-nuoi,A01,Điểm học bạ,2022,18.0,Chăn nuôi
163171,TTG,chan-nuoi,B00,Điểm học bạ,2022,18.0,Chăn nuôi
163172,TTG,chan-nuoi,B08,Điểm học bạ,2022,18.0,Chăn nuôi
163173,TTG,chan-nuoi,A00,Điểm thi THPT,2022,15.0,Chăn nuôi
163174,TTG,chan-nuoi,A01,Điểm thi THPT,2022,15.0,Chăn nuôi
163175,TTG,chan-nuoi,B00,Điểm thi THPT,2022,15.0,Chăn nuôi
163176,TTG,chan-nuoi,B08,Điểm thi THPT,2022,15.0,Chăn nuôi
163177,TTG,chan-nuoi,A00,Điểm học bạ,2023,18.0,Chăn nuôi
163178,TTG,chan-nuoi,A01,Điểm học bạ,2023,18.0,Chăn nuôi
163179,TTG,chan-nuoi,B00,Điểm học bạ,2023,18.0,Chăn nuôi
163180,TTG,chan-nuoi,B08,Điểm học bạ,2023,18.0,Chăn nuôi
163181,TTG,chan-nuoi,A00,Điểm thi THPT,2023,15.0,Chăn nuôi
163182,TTG,chan-nuoi,A01,Điểm thi THPT,2023,15.0,Chăn nuôi
163183,TTG,chan-nuoi,B00,Điểm thi THPT,2023,15.0,Chăn nuôi
163184,TTG,chan-nuoi,B08,Điểm thi THPT,2023,15.0,Chăn nuôi
163185,TTG,chan-nuoi,A00,Điểm học bạ,2024,18.0,Chăn nuôi
163186,TTG,chan-nuoi,A01,Điểm học bạ,2024,18.0,Chăn nuôi
163187,TTG,chan-nuoi,B00,Điểm học bạ,2024,18.0,Chăn nuôi
163188,TTG,chan-nuoi,B08,Điểm học bạ,2024,18.0,Chăn nuôi
163189,TTG,chan-nuoi,A00,Điểm thi THPT,2024,15.0,Chăn nuôi
163190,TTG,chan-nuoi,A01,Điểm thi THPT,2024,15.0,Chăn nuôi
163191,TTG,chan-nuoi,B00,Điểm thi THPT,2024,15.0,Chăn nuôi
163192,TTG,chan-nuoi,B08,Điểm thi THPT,2024,15.0,Chăn nuôi
163193,TTG,cong-nghe-ky-thuat-co-dien-tu,A00,Điểm học bạ,2021,18.0,Công nghệ kỹ thuật cơ điện tử
163194,TTG,cong-nghe-ky-thuat-co-dien-tu,A01,Điểm học bạ,2021,18.0,Công nghệ kỹ thuật cơ điện tử
163195,TTG,cong-nghe-ky-thuat-co-dien-tu,D07,Điểm học bạ,2021,18.0,Công nghệ kỹ thuật cơ điện tử
163196,TTG,cong-nghe-ky-thuat-co-dien-tu,D90,Điểm học bạ,2021,18.0,Công nghệ kỹ thuật cơ điện tử
163197,TTG,cong-nghe-ky-thuat-co-dien-tu,A00,Điểm thi THPT,2021,15.0,Công nghệ kỹ thuật cơ điện tử
163198,TTG,cong-nghe-ky-thuat-co-dien-tu,A01,Điểm thi THPT,2021,15.0,Công nghệ kỹ thuật cơ điện tử
163199,TTG,cong-nghe-ky-thuat-co-dien-tu,D07,Điểm thi THPT,2021,15.0,Công nghệ kỹ thuật cơ điện tử
163200,TTG,cong-nghe-ky-thuat-co-dien-tu,D90,Điểm thi THPT,2021,15.0,Công nghệ kỹ thuật cơ điện tử
163201,TTG,cong-nghe-ky-thuat-co-dien-tu,A00,Điểm học bạ,2022,18.0,Công nghệ kỹ thuật cơ điện tử
163202,TTG,cong-nghe-ky-thuat-co-dien-tu,A01,Điểm học bạ,2022,18.0,Công nghệ kỹ thuật cơ điện tử
163203,TTG,cong-nghe-ky-thuat-co-dien-tu,D07,Điểm học bạ,2022,18.0,Công nghệ kỹ thuật cơ điện tử
163204,TTG,cong-nghe-ky-thuat-co-dien-tu,D90,Điểm học bạ,2022,18.0,Công nghệ kỹ thuật cơ điện tử
163205,TTG,cong-nghe-ky-thuat-co-dien-tu,A00,Điểm thi THPT,2022,15.0,Công nghệ kỹ thuật cơ điện tử
163206,TTG,cong-nghe-ky-thuat-co-dien-tu,A01,Điểm thi THPT,2022,15.0,Công nghệ kỹ thuật cơ điện tử
163207,TTG,cong-nghe-ky-thuat-co-dien-tu,D07,Điểm thi THPT,2022,15.0,Công nghệ kỹ thuật cơ điện tử
163208,TTG,cong-nghe-ky-thuat-co-dien-tu,D90,Điểm thi THPT,2022,15.0,Công nghệ kỹ thuật cơ điện tử
163209,TTG,cong-nghe-ky-thuat-co-dien-tu,A00,Điểm học bạ,2023,18.0,Công nghệ kỹ thuật cơ điện tử
163210,TTG,cong-nghe-ky-thuat-co-dien-tu,A01,Điểm học bạ,2023,18.0,Công nghệ kỹ thuật cơ điện tử
163211,TTG,cong-nghe-ky-thuat-co-dien-tu,D07,Điểm học bạ,2023,18.0,Công nghệ kỹ thuật cơ điện tử
163212,TTG,cong-nghe-ky-thuat-co-dien-tu,D90,Điểm học bạ,2023,18.0,Công nghệ kỹ thuật cơ điện tử
163213,TTG,cong-nghe-ky-thuat-co-dien-tu,A00,Điểm thi THPT,2023,15.0,Công nghệ kỹ thuật cơ điện tử
163214,TTG,cong-nghe-ky-thuat-co-dien-tu,A01,Điểm thi THPT,2023,15.0,Công nghệ kỹ thuật cơ điện tử
163215,TTG,cong-nghe-ky-thuat-co-dien-tu,D07,Điểm thi THPT,2023,15.0,Công nghệ kỹ thuật cơ điện tử
163216,TTG,cong-nghe-ky-thuat-co-dien-tu,D90,Điểm thi THPT,2023,15.0,Công nghệ kỹ thuật cơ điện tử
163217,TTG,cong-nghe-ky-thuat-co-dien-tu,A00,Điểm học bạ,2024,18.58,Công nghệ kỹ thuật cơ điện tử
163218,TTG,cong-nghe-ky-thuat-co-dien-tu,A01,Điểm học bạ,2024,18.58,Công nghệ kỹ thuật cơ điện tử
163219,TTG,cong-nghe-ky-thuat-co-dien-tu,D07,Điểm học bạ,2024,18.58,Công nghệ kỹ thuật cơ điện tử
163220,TTG,cong-nghe-ky-thuat-co-dien-tu,D90,Điểm học bạ,2024,18.58,Công nghệ kỹ thuật cơ điện tử
163221,TTG,cong-nghe-ky-thuat-co-dien-tu,A00,Điểm thi THPT,2024,15.0,Công nghệ kỹ thuật cơ điện tử
163222,TTG,cong-nghe-ky-thuat-co-dien-tu,A01,Điểm thi THPT,2024,15.0,Công nghệ kỹ thuật cơ điện tử
163223,TTG,cong-nghe-ky-thuat-co-dien-tu,D07,Điểm thi THPT,2024,15.0,Công nghệ kỹ thuật cơ điện tử
163224,TTG,cong-nghe-ky-thuat-co-dien-tu,D90,Điểm thi THPT,2024,15.0,Công nghệ kỹ thuật cơ điện tử
163225,TTG,cong-nghe-ky-thuat-co-dien-tu,A00,Điểm học bạ,2025,15.0,Công nghệ kỹ thuật cơ - điện tử
163226,TTG,cong-nghe-ky-thuat-co-dien-tu,A01,Điểm học bạ,2025,15.0,Công nghệ kỹ thuật cơ - điện tử
163227,TTG,cong-nghe-ky-thuat-co-dien-tu,C01,Điểm học bạ,2025,15.0,Công nghệ kỹ thuật cơ - điện tử
163228,TTG,cong-nghe-ky-thuat-co-dien-tu,C02,Điểm học bạ,2025,15.0,Công nghệ kỹ thuật cơ - điện tử
163229,TTG,cong-nghe-ky-thuat-co-dien-tu,D01,Điểm học bạ,2025,15.0,Công nghệ kỹ thuật cơ - điện tử
163230,TTG,cong-nghe-ky-thuat-co-dien-tu,D07,Điểm học bạ,2025,15.0,Công nghệ kỹ thuật cơ - điện tử
163231,TTG,cong-nghe-ky-thuat-co-dien-tu,X02,Điểm học bạ,2025,15.0,Công nghệ kỹ thuật cơ - điện tử
163232,TTG,cong-nghe-ky-thuat-co-dien-tu,X03,Điểm học bạ,2025,15.0,Công nghệ kỹ thuật cơ - điện tử
163233,TTG,cong-nghe-ky-thuat-co-dien-tu,X07,Điểm học bạ,2025,15.0,Công nghệ kỹ thuật cơ - điện tử
163234,TTG,cong-nghe-ky-thuat-co-dien-tu,X26,Điểm học bạ,2025,15.0,Công nghệ kỹ thuật cơ - điện tử
163235,TTG,cong-nghe-ky-thuat-co-dien-tu,A00,Điểm thi THPT,2025,15.0,Công nghệ kỹ thuật cơ - điện tử
163236,TTG,cong-nghe-ky-thuat-co-dien-tu,A01,Điểm thi THPT,2025,15.0,Công nghệ kỹ thuật cơ - điện tử
163237,TTG,cong-nghe-ky-thuat-co-dien-tu,C01,Điểm thi THPT,2025,15.0,Công nghệ kỹ thuật cơ - điện tử
163238,TTG,cong-nghe-ky-thuat-co-dien-tu,C02,Điểm thi THPT,2025,15.0,Công nghệ kỹ thuật cơ - điện tử
163239,TTG,cong-nghe-ky-thuat-co-dien-tu,D01,Điểm thi THPT,2025,15.0,Công nghệ kỹ thuật cơ - điện tử
163240,TTG,cong-nghe-ky-thuat-co-dien-tu,D07,Điểm thi THPT,2025,15.0,Công nghệ kỹ thuật cơ - điện tử
163241,TTG,cong-nghe-ky-thuat-co-dien-tu,X02,Điểm thi THPT,2025,15.0,Công nghệ kỹ thuật cơ - điện tử
163242,TTG,cong-nghe-ky-thuat-co-dien-tu,X03,Điểm thi THPT,2025,15.0,Công nghệ kỹ thuật cơ - điện tử
163243,TTG,cong-nghe-ky-thuat-co-dien-tu,X07,Điểm thi THPT,2025,15.0,Công nghệ kỹ thuật cơ - điện tử
163244,TTG,cong-nghe-ky-thuat-co-dien-tu,X26,Điểm thi THPT,2025,15.0,Công nghệ kỹ thuật cơ - điện tử
163245,TTG,cong-nghe-ky-thuat-co-khi,A00,Điểm học bạ,2021,18.0,Công nghệ Kỹ thuật Cơ khí
163246,TTG,cong-nghe-ky-thuat-co-khi,A01,Điểm học bạ,2021,18.0,Công nghệ Kỹ thuật Cơ khí
163247,TTG,cong-nghe-ky-thuat-co-khi,D07,Điểm học bạ,2021,18.0,Công nghệ Kỹ thuật Cơ khí
163248,TTG,cong-nghe-ky-thuat-co-khi,D90,Điểm học bạ,2021,18.0,Công nghệ Kỹ thuật Cơ khí
163249,TTG,cong-nghe-ky-thuat-co-khi,A00,Điểm thi THPT,2021,15.0,Công nghệ Kỹ thuật Cơ khí
163250,TTG,cong-nghe-ky-thuat-co-khi,A01,Điểm thi THPT,2021,15.0,Công nghệ Kỹ thuật Cơ khí
163251,TTG,cong-nghe-ky-thuat-co-khi,D07,Điểm thi THPT,2021,15.0,Công nghệ Kỹ thuật Cơ khí
163252,TTG,cong-nghe-ky-thuat-co-khi,D90,Điểm thi THPT,2021,15.0,Công nghệ Kỹ thuật Cơ khí
163253,TTG,cong-nghe-ky-thuat-co-khi,A00,Điểm học bạ,2022,18.0,Công nghệ Kỹ thuật Cơ khí
163254,TTG,cong-nghe-ky-thuat-co-khi,A01,Điểm học bạ,2022,18.0,Công nghệ Kỹ thuật Cơ khí
163255,TTG,cong-nghe-ky-thuat-co-khi,D07,Điểm học bạ,2022,18.0,Công nghệ Kỹ thuật Cơ khí
163256,TTG,cong-nghe-ky-thuat-co-khi,D90,Điểm học bạ,2022,18.0,Công nghệ Kỹ thuật Cơ khí
163257,TTG,cong-nghe-ky-thuat-co-khi,A00,Điểm thi THPT,2022,15.0,Công nghệ Kỹ thuật Cơ khí
163258,TTG,cong-nghe-ky-thuat-co-khi,A01,Điểm thi THPT,2022,15.0,Công nghệ Kỹ thuật Cơ khí
163259,TTG,cong-nghe-ky-thuat-co-khi,D07,Điểm thi THPT,2022,15.0,Công nghệ Kỹ thuật Cơ khí
163260,TTG,cong-nghe-ky-thuat-co-khi,D90,Điểm thi THPT,2022,15.0,Công nghệ Kỹ thuật Cơ khí
163261,TTG,cong-nghe-ky-thuat-co-khi,A00,Điểm học bạ,2023,18.0,Công nghệ Kỹ thuật Cơ khí
163262,TTG,cong-nghe-ky-thuat-co-khi,A01,Điểm học bạ,2023,18.0,Công nghệ Kỹ thuật Cơ khí
163263,TTG,cong-nghe-ky-thuat-co-khi,D07,Điểm học bạ,2023,18.0,Công nghệ Kỹ thuật Cơ khí
163264,TTG,cong-nghe-ky-thuat-co-khi,D90,Điểm học bạ,2023,18.0,Công nghệ Kỹ thuật Cơ khí
163265,TTG,cong-nghe-ky-thuat-co-khi,A00,Điểm thi THPT,2023,15.0,Công nghệ Kỹ thuật Cơ khí
163266,TTG,cong-nghe-ky-thuat-co-khi,A01,Điểm thi THPT,2023,15.0,Công nghệ Kỹ thuật Cơ khí
163267,TTG,cong-nghe-ky-thuat-co-khi,D07,Điểm thi THPT,2023,15.0,Công nghệ Kỹ thuật Cơ khí
163268,TTG,cong-nghe-ky-thuat-co-khi,D90,Điểm thi THPT,2023,15.0,Công nghệ Kỹ thuật Cơ khí
163269,TTG,cong-nghe-ky-thuat-co-khi,A00,Điểm học bạ,2024,18.0,Công nghệ Kỹ thuật Cơ khí
163270,TTG,cong-nghe-ky-thuat-co-khi,A01,Điểm học bạ,2024,18.0,Công nghệ Kỹ thuật Cơ khí
163271,TTG,cong-nghe-ky-thuat-co-khi,D07,Điểm học bạ,2024,18.0,Công nghệ Kỹ thuật Cơ khí
163272,TTG,cong-nghe-ky-thuat-co-khi,D90,Điểm học bạ,2024,18.0,Công nghệ Kỹ thuật Cơ khí
163273,TTG,cong-nghe-ky-thuat-co-khi,A00,Điểm thi THPT,2024,15.0,Công nghệ Kỹ thuật Cơ khí
163274,TTG,cong-nghe-ky-thuat-co-khi,A01,Điểm thi THPT,2024,15.0,Công nghệ Kỹ thuật Cơ khí
163275,TTG,cong-nghe-ky-thuat-co-khi,D07,Điểm thi THPT,2024,15.0,Công nghệ Kỹ thuật Cơ khí
163276,TTG,cong-nghe-ky-thuat-co-khi,D90,Điểm thi THPT,2024,15.0,Công nghệ Kỹ thuật Cơ khí
163277,TTG,cong-nghe-ky-thuat-co-khi,A00,Điểm học bạ,2025,15.0,Công nghệ kỹ thuật cơ khí
163278,TTG,cong-nghe-ky-thuat-co-khi,A01,Điểm học bạ,2025,15.0,Công nghệ kỹ thuật cơ khí
163279,TTG,cong-nghe-ky-thuat-co-khi,C01,Điểm học bạ,2025,15.0,Công nghệ kỹ thuật cơ khí
163280,TTG,cong-nghe-ky-thuat-co-khi,C02,Điểm học bạ,2025,15.0,Công nghệ kỹ thuật cơ khí
163281,TTG,cong-nghe-ky-thuat-co-khi,D01,Điểm học bạ,2025,15.0,Công nghệ kỹ thuật cơ khí
163282,TTG,cong-nghe-ky-thuat-co-khi,D07,Điểm học bạ,2025,15.0,Công nghệ kỹ thuật cơ khí
163283,TTG,cong-nghe-ky-thuat-co-khi,X02,Điểm học bạ,2025,15.0,Công nghệ kỹ thuật cơ khí
163284,TTG,cong-nghe-ky-thuat-co-khi,X03,Điểm học bạ,2025,15.0,Công nghệ kỹ thuật cơ khí
163285,TTG,cong-nghe-ky-thuat-co-khi,X07,Điểm học bạ,2025,15.0,Công nghệ kỹ thuật cơ khí
163286,TTG,cong-nghe-ky-thuat-co-khi,X26,Điểm học bạ,2025,15.0,Công nghệ kỹ thuật cơ khí
163287,TTG,cong-nghe-ky-thuat-co-khi,A00,Điểm thi THPT,2025,15.0,Công nghệ kỹ thuật cơ khí
163288,TTG,cong-nghe-ky-thuat-co-khi,A01,Điểm thi THPT,2025,15.0,Công nghệ kỹ thuật cơ khí
163289,TTG,cong-nghe-ky-thuat-co-khi,C01,Điểm thi THPT,2025,15.0,Công nghệ kỹ thuật cơ khí
163290,TTG,cong-nghe-ky-thuat-co-khi,C02,Điểm thi THPT,2025,15.0,Công nghệ kỹ thuật cơ khí
163291,TTG,cong-nghe-ky-thuat-co-khi,D01,Điểm thi THPT,2025,15.0,Công nghệ kỹ thuật cơ khí
163292,TTG,cong-nghe-ky-thuat-co-khi,D07,Điểm thi THPT,2025,15.0,Công nghệ kỹ thuật cơ khí
163293,TTG,cong-nghe-ky-thuat-co-khi,X02,Điểm thi THPT,2025,15.0,Công nghệ kỹ thuật cơ khí
163294,TTG,cong-nghe-ky-thuat-co-khi,X03,Điểm thi THPT,2025,15.0,Công nghệ kỹ thuật cơ khí
163295,TTG,cong-nghe-ky-thuat-co-khi,X07,Điểm thi THPT,2025,15.0,Công nghệ kỹ thuật cơ khí
163296,TTG,cong-nghe-ky-thuat-co-khi,X26,Điểm thi THPT,2025,15.0,Công nghệ kỹ thuật cơ khí
163297,TTG,cong-nghe-ky-thuat-dieu-khien-va-tu-dong-hoa,A00,Điểm học bạ,2021,18.0,Công nghệ kỹ thuật điều khiển và tự động hóa
163298,TTG,cong-nghe-ky-thuat-dieu-khien-va-tu-dong-hoa,A01,Điểm học bạ,2021,18.0,Công nghệ kỹ thuật điều khiển và tự động hóa
163299,TTG,cong-nghe-ky-thuat-dieu-khien-va-tu-dong-hoa,D07,Điểm học bạ,2021,18.0,Công nghệ kỹ thuật điều khiển và tự động hóa
163300,TTG,cong-nghe-ky-thuat-dieu-khien-va-tu-dong-hoa,D90,Điểm học bạ,2021,18.0,Công nghệ kỹ thuật điều khiển và tự động hóa
163301,TTG,cong-nghe-ky-thuat-dieu-khien-va-tu-dong-hoa,A00,Điểm thi THPT,2021,15.0,Công nghệ kỹ thuật điều khiển và tự động hóa
163302,TTG,cong-nghe-ky-thuat-dieu-khien-va-tu-dong-hoa,A01,Điểm thi THPT,2021,15.0,Công nghệ kỹ thuật điều khiển và tự động hóa
163303,TTG,cong-nghe-ky-thuat-dieu-khien-va-tu-dong-hoa,D07,Điểm thi THPT,2021,15.0,Công nghệ kỹ thuật điều khiển và tự động hóa
163304,TTG,cong-nghe-ky-thuat-dieu-khien-va-tu-dong-hoa,D90,Điểm thi THPT,2021,15.0,Công nghệ kỹ thuật điều khiển và tự động hóa
163305,TTG,cong-nghe-ky-thuat-dieu-khien-va-tu-dong-hoa,A00,Điểm học bạ,2022,18.0,Công nghệ kỹ thuật điều khiển và tự động hóa
163306,TTG,cong-nghe-ky-thuat-dieu-khien-va-tu-dong-hoa,A01,Điểm học bạ,2022,18.0,Công nghệ kỹ thuật điều khiển và tự động hóa
163307,TTG,cong-nghe-ky-thuat-dieu-khien-va-tu-dong-hoa,D07,Điểm học bạ,2022,18.0,Công nghệ kỹ thuật điều khiển và tự động hóa
163308,TTG,cong-nghe-ky-thuat-dieu-khien-va-tu-dong-hoa,D90,Điểm học bạ,2022,18.0,Công nghệ kỹ thuật điều khiển và tự động hóa
163309,TTG,cong-nghe-ky-thuat-dieu-khien-va-tu-dong-hoa,A00,Điểm thi THPT,2022,15.0,Công nghệ kỹ thuật điều khiển và tự động hóa
163310,TTG,cong-nghe-ky-thuat-dieu-khien-va-tu-dong-hoa,A01,Điểm thi THPT,2022,15.0,Công nghệ kỹ thuật điều khiển và tự động hóa
163311,TTG,cong-nghe-ky-thuat-dieu-khien-va-tu-dong-hoa,D07,Điểm thi THPT,2022,15.0,Công nghệ kỹ thuật điều khiển và tự động hóa
163312,TTG,cong-nghe-ky-thuat-dieu-khien-va-tu-dong-hoa,D90,Điểm thi THPT,2022,15.0,Công nghệ kỹ thuật điều khiển và tự động hóa
163313,TTG,cong-nghe-ky-thuat-dieu-khien-va-tu-dong-hoa,A00,Điểm học bạ,2023,18.0,Công nghệ kỹ thuật điều khiển và tự động hóa
163314,TTG,cong-nghe-ky-thuat-dieu-khien-va-tu-dong-hoa,A01,Điểm học bạ,2023,18.0,Công nghệ kỹ thuật điều khiển và tự động hóa
163315,TTG,cong-nghe-ky-thuat-dieu-khien-va-tu-dong-hoa,D07,Điểm học bạ,2023,18.0,Công nghệ kỹ thuật điều khiển và tự động hóa
163316,TTG,cong-nghe-ky-thuat-dieu-khien-va-tu-dong-hoa,D90,Điểm học bạ,2023,18.0,Công nghệ kỹ thuật điều khiển và tự động hóa
163317,TTG,cong-nghe-ky-thuat-dieu-khien-va-tu-dong-hoa,A00,Điểm thi THPT,2023,15.0,Công nghệ kỹ thuật điều khiển và tự động hóa
163318,TTG,cong-nghe-ky-thuat-dieu-khien-va-tu-dong-hoa,A01,Điểm thi THPT,2023,15.0,Công nghệ kỹ thuật điều khiển và tự động hóa
163319,TTG,cong-nghe-ky-thuat-dieu-khien-va-tu-dong-hoa,D07,Điểm thi THPT,2023,15.0,Công nghệ kỹ thuật điều khiển và tự động hóa
163320,TTG,cong-nghe-ky-thuat-dieu-khien-va-tu-dong-hoa,D90,Điểm thi THPT,2023,15.0,Công nghệ kỹ thuật điều khiển và tự động hóa
163321,TTG,cong-nghe-ky-thuat-dieu-khien-va-tu-dong-hoa,A00,Điểm học bạ,2024,18.0,Công nghệ kỹ thuật điều khiển và tự động hóa
163322,TTG,cong-nghe-ky-thuat-dieu-khien-va-tu-dong-hoa,A01,Điểm học bạ,2024,18.0,Công nghệ kỹ thuật điều khiển và tự động hóa
163323,TTG,cong-nghe-ky-thuat-dieu-khien-va-tu-dong-hoa,D07,Điểm học bạ,2024,18.0,Công nghệ kỹ thuật điều khiển và tự động hóa
163324,TTG,cong-nghe-ky-thuat-dieu-khien-va-tu-dong-hoa,D90,Điểm học bạ,2024,18.0,Công nghệ kỹ thuật điều khiển và tự động hóa
163325,TTG,cong-nghe-ky-thuat-dieu-khien-va-tu-dong-hoa,A00,Điểm thi THPT,2024,15.0,Công nghệ kỹ thuật điều khiển và tự động hóa
163326,TTG,cong-nghe-ky-thuat-dieu-khien-va-tu-dong-hoa,A01,Điểm thi THPT,2024,15.0,Công nghệ kỹ thuật điều khiển và tự động hóa
163327,TTG,cong-nghe-ky-thuat-dieu-khien-va-tu-dong-hoa,D07,Điểm thi THPT,2024,15.0,Công nghệ kỹ thuật điều khiển và tự động hóa
163328,TTG,cong-nghe-ky-thuat-dieu-khien-va-tu-dong-hoa,D90,Điểm thi THPT,2024,15.0,Công nghệ kỹ thuật điều khiển và tự động hóa
163329,TTG,cong-nghe-ky-thuat-dieu-khien-va-tu-dong-hoa,A00,Điểm học bạ,2025,15.0,Công nghệ kỹ thuật điều khiển và tự động hoá
163330,TTG,cong-nghe-ky-thuat-dieu-khien-va-tu-dong-hoa,A01,Điểm học bạ,2025,15.0,Công nghệ kỹ thuật điều khiển và tự động hoá
163331,TTG,cong-nghe-ky-thuat-dieu-khien-va-tu-dong-hoa,C01,Điểm học bạ,2025,15.0,Công nghệ kỹ thuật điều khiển và tự động hoá
163332,TTG,cong-nghe-ky-thuat-dieu-khien-va-tu-dong-hoa,C02,Điểm học bạ,2025,15.0,Công nghệ kỹ thuật điều khiển và tự động hoá
163333,TTG,cong-nghe-ky-thuat-dieu-khien-va-tu-dong-hoa,D01,Điểm học bạ,2025,15.0,Công nghệ kỹ thuật điều khiển và tự động hoá
163334,TTG,cong-nghe-ky-thuat-dieu-khien-va-tu-dong-hoa,D07,Điểm học bạ,2025,15.0,Công nghệ kỹ thuật điều khiển và tự động hoá
163335,TTG,cong-nghe-ky-thuat-dieu-khien-va-tu-dong-hoa,X02,Điểm học bạ,2025,15.0,Công nghệ kỹ thuật điều khiển và tự động hoá
163336,TTG,cong-nghe-ky-thuat-dieu-khien-va-tu-dong-hoa,X03,Điểm học bạ,2025,15.0,Công nghệ kỹ thuật điều khiển và tự động hoá
163337,TTG,cong-nghe-ky-thuat-dieu-khien-va-tu-dong-hoa,X07,Điểm học bạ,2025,15.0,Công nghệ kỹ thuật điều khiển và tự động hoá
163338,TTG,cong-nghe-ky-thuat-dieu-khien-va-tu-dong-hoa,X26,Điểm học bạ,2025,15.0,Công nghệ kỹ thuật điều khiển và tự động hoá
163339,TTG,cong-nghe-ky-thuat-dieu-khien-va-tu-dong-hoa,A00,Điểm thi THPT,2025,15.0,Công nghệ kỹ thuật điều khiển và tự động hoá
163340,TTG,cong-nghe-ky-thuat-dieu-khien-va-tu-dong-hoa,A01,Điểm thi THPT,2025,15.0,Công nghệ kỹ thuật điều khiển và tự động hoá
163341,TTG,cong-nghe-ky-thuat-dieu-khien-va-tu-dong-hoa,C01,Điểm thi THPT,2025,15.0,Công nghệ kỹ thuật điều khiển và tự động hoá
163342,TTG,cong-nghe-ky-thuat-dieu-khien-va-tu-dong-hoa,C02,Điểm thi THPT,2025,15.0,Công nghệ kỹ thuật điều khiển và tự động hoá
163343,TTG,cong-nghe-ky-thuat-dieu-khien-va-tu-dong-hoa,D01,Điểm thi THPT,2025,15.0,Công nghệ kỹ thuật điều khiển và tự động hoá
163344,TTG,cong-nghe-ky-thuat-dieu-khien-va-tu-dong-hoa,D07,Điểm thi THPT,2025,15.0,Công nghệ kỹ thuật điều khiển và tự động hoá
163345,TTG,cong-nghe-ky-thuat-dieu-khien-va-tu-dong-hoa,X02,Điểm thi THPT,2025,15.0,Công nghệ kỹ thuật điều khiển và tự động hoá
163346,TTG,cong-nghe-ky-thuat-dieu-khien-va-tu-dong-hoa,X03,Điểm thi THPT,2025,15.0,Công nghệ kỹ thuật điều khiển và tự động hoá
163347,TTG,cong-nghe-ky-thuat-dieu-khien-va-tu-dong-hoa,X07,Điểm thi THPT,2025,15.0,Công nghệ kỹ thuật điều khiển và tự động hoá
163348,TTG,cong-nghe-ky-thuat-dieu-khien-va-tu-dong-hoa,X26,Điểm thi THPT,2025,15.0,Công nghệ kỹ thuật điều khiển và tự động hoá
163349,TTG,cong-nghe-ky-thuat-xay-dung,A00,Điểm học bạ,2021,18.0,Công nghệ Kỹ thuật Xây dựng
163350,TTG,cong-nghe-ky-thuat-xay-dung,A01,Điểm học bạ,2021,18.0,Công nghệ Kỹ thuật Xây dựng
163351,TTG,cong-nghe-ky-thuat-xay-dung,D07,Điểm học bạ,2021,18.0,Công nghệ Kỹ thuật Xây dựng
163352,TTG,cong-nghe-ky-thuat-xay-dung,D90,Điểm học bạ,2021,18.0,Công nghệ Kỹ thuật Xây dựng
163353,TTG,cong-nghe-ky-thuat-xay-dung,A00,Điểm thi THPT,2021,15.0,Công nghệ Kỹ thuật Xây dựng
163354,TTG,cong-nghe-ky-thuat-xay-dung,A01,Điểm thi THPT,2021,15.0,Công nghệ Kỹ thuật Xây dựng
163355,TTG,cong-nghe-ky-thuat-xay-dung,D07,Điểm thi THPT,2021,15.0,Công nghệ Kỹ thuật Xây dựng
163356,TTG,cong-nghe-ky-thuat-xay-dung,D90,Điểm thi THPT,2021,15.0,Công nghệ Kỹ thuật Xây dựng
163357,TTG,cong-nghe-ky-thuat-xay-dung,A00,Điểm học bạ,2022,18.0,Công nghệ Kỹ thuật Xây dựng
163358,TTG,cong-nghe-ky-thuat-xay-dung,A01,Điểm học bạ,2022,18.0,Công nghệ Kỹ thuật Xây dựng
163359,TTG,cong-nghe-ky-thuat-xay-dung,D07,Điểm học bạ,2022,18.0,Công nghệ Kỹ thuật Xây dựng
163360,TTG,cong-nghe-ky-thuat-xay-dung,D90,Điểm học bạ,2022,18.0,Công nghệ Kỹ thuật Xây dựng
163361,TTG,cong-nghe-ky-thuat-xay-dung,A00,Điểm thi THPT,2022,15.0,Công nghệ Kỹ thuật Xây dựng
163362,TTG,cong-nghe-ky-thuat-xay-dung,A01,Điểm thi THPT,2022,15.0,Công nghệ Kỹ thuật Xây dựng
163363,TTG,cong-nghe-ky-thuat-xay-dung,D07,Điểm thi THPT,2022,15.0,Công nghệ Kỹ thuật Xây dựng
163364,TTG,cong-nghe-ky-thuat-xay-dung,D90,Điểm thi THPT,2022,15.0,Công nghệ Kỹ thuật Xây dựng
163365,TTG,cong-nghe-ky-thuat-xay-dung,A00,Điểm học bạ,2023,18.0,Công nghệ Kỹ thuật Xây dựng
163366,TTG,cong-nghe-ky-thuat-xay-dung,A01,Điểm học bạ,2023,18.0,Công nghệ Kỹ thuật Xây dựng
163367,TTG,cong-nghe-ky-thuat-xay-dung,D07,Điểm học bạ,2023,18.0,Công nghệ Kỹ thuật Xây dựng
163368,TTG,cong-nghe-ky-thuat-xay-dung,D90,Điểm học bạ,2023,18.0,Công nghệ Kỹ thuật Xây dựng
163369,TTG,cong-nghe-ky-thuat-xay-dung,A00,Điểm thi THPT,2023,15.0,Công nghệ Kỹ thuật Xây dựng
163370,TTG,cong-nghe-ky-thuat-xay-dung,A01,Điểm thi THPT,2023,15.0,Công nghệ Kỹ thuật Xây dựng
163371,TTG,cong-nghe-ky-thuat-xay-dung,D07,Điểm thi THPT,2023,15.0,Công nghệ Kỹ thuật Xây dựng
163372,TTG,cong-nghe-ky-thuat-xay-dung,D90,Điểm thi THPT,2023,15.0,Công nghệ Kỹ thuật Xây dựng
163373,TTG,cong-nghe-ky-thuat-xay-dung,A00,Điểm học bạ,2024,18.0,Công nghệ Kỹ thuật Xây dựng
163374,TTG,cong-nghe-ky-thuat-xay-dung,A01,Điểm học bạ,2024,18.0,Công nghệ Kỹ thuật Xây dựng
163375,TTG,cong-nghe-ky-thuat-xay-dung,D07,Điểm học bạ,2024,18.0,Công nghệ Kỹ thuật Xây dựng
163376,TTG,cong-nghe-ky-thuat-xay-dung,D90,Điểm học bạ,2024,18.0,Công nghệ Kỹ thuật Xây dựng
163377,TTG,cong-nghe-ky-thuat-xay-dung,A00,Điểm thi THPT,2024,15.0,Công nghệ Kỹ thuật Xây dựng
163378,TTG,cong-nghe-ky-thuat-xay-dung,A01,Điểm thi THPT,2024,15.0,Công nghệ Kỹ thuật Xây dựng
163379,TTG,cong-nghe-ky-thuat-xay-dung,D07,Điểm thi THPT,2024,15.0,Công nghệ Kỹ thuật Xây dựng
163380,TTG,cong-nghe-ky-thuat-xay-dung,D90,Điểm thi THPT,2024,15.0,Công nghệ Kỹ thuật Xây dựng
163381,TTG,cong-nghe-ky-thuat-xay-dung,A00,Điểm học bạ,2025,15.0,Công nghệ kỹ thuật xây dựng
163382,TTG,cong-nghe-ky-thuat-xay-dung,A01,Điểm học bạ,2025,15.0,Công nghệ kỹ thuật xây dựng
163383,TTG,cong-nghe-ky-thuat-xay-dung,C01,Điểm học bạ,2025,15.0,Công nghệ kỹ thuật xây dựng
163384,TTG,cong-nghe-ky-thuat-xay-dung,C02,Điểm học bạ,2025,15.0,Công nghệ kỹ thuật xây dựng
163385,TTG,cong-nghe-ky-thuat-xay-dung,D01,Điểm học bạ,2025,15.0,Công nghệ kỹ thuật xây dựng
163386,TTG,cong-nghe-ky-thuat-xay-dung,D07,Điểm học bạ,2025,15.0,Công nghệ kỹ thuật xây dựng
163387,TTG,cong-nghe-ky-thuat-xay-dung,X02,Điểm học bạ,2025,15.0,Công nghệ kỹ thuật xây dựng
163388,TTG,cong-nghe-ky-thuat-xay-dung,X03,Điểm học bạ,2025,15.0,Công nghệ kỹ thuật xây dựng
163389,TTG,cong-nghe-ky-thuat-xay-dung,X26,Điểm học bạ,2025,15.0,Công nghệ kỹ thuật xây dựng
163390,TTG,cong-nghe-ky-thuat-xay-dung,A00,Điểm thi THPT,2025,15.0,Công nghệ kỹ thuật xây dựng
163391,TTG,cong-nghe-ky-thuat-xay-dung,A01,Điểm thi THPT,2025,15.0,Công nghệ kỹ thuật xây dựng
163392,TTG,cong-nghe-ky-thuat-xay-dung,C01,Điểm thi THPT,2025,15.0,Công nghệ kỹ thuật xây dựng
163393,TTG,cong-nghe-ky-thuat-xay-dung,C02,Điểm thi THPT,2025,15.0,Công nghệ kỹ thuật xây dựng
163394,TTG,cong-nghe-ky-thuat-xay-dung,D01,Điểm thi THPT,2025,15.0,Công nghệ kỹ thuật xây dựng
163395,TTG,cong-nghe-ky-thuat-xay-dung,D07,Điểm thi THPT,2025,15.0,Công nghệ kỹ thuật xây dựng
163396,TTG,cong-nghe-ky-thuat-xay-dung,X02,Điểm thi THPT,2025,15.0,Công nghệ kỹ thuật xây dựng
163397,TTG,cong-nghe-ky-thuat-xay-dung,X03,Điểm thi THPT,2025,15.0,Công nghệ kỹ thuật xây dựng
163398,TTG,cong-nghe-ky-thuat-xay-dung,X26,Điểm thi THPT,2025,15.0,Công nghệ kỹ thuật xây dựng
163399,TTG,cong-nghe-sinh-hoc,A00,Điểm học bạ,2021,18.0,Công nghệ Sinh học
163400,TTG,cong-nghe-sinh-hoc,A01,Điểm học bạ,2021,18.0,Công nghệ Sinh học
163401,TTG,cong-nghe-sinh-hoc,B00,Điểm học bạ,2021,18.0,Công nghệ Sinh học
163402,TTG,cong-nghe-sinh-hoc,B08,Điểm học bạ,2021,18.0,Công nghệ Sinh học
163403,TTG,cong-nghe-sinh-hoc,A00,Điểm thi THPT,2021,15.0,Công nghệ Sinh học
163404,TTG,cong-nghe-sinh-hoc,A01,Điểm thi THPT,2021,15.0,Công nghệ Sinh học
163405,TTG,cong-nghe-sinh-hoc,B00,Điểm thi THPT,2021,15.0,Công nghệ Sinh học
163406,TTG,cong-nghe-sinh-hoc,B08,Điểm thi THPT,2021,15.0,Công nghệ Sinh học
163407,TTG,cong-nghe-sinh-hoc,A00,Điểm học bạ,2022,18.0,Công nghệ Sinh học
163408,TTG,cong-nghe-sinh-hoc,A01,Điểm học bạ,2022,18.0,Công nghệ Sinh học
163409,TTG,cong-nghe-sinh-hoc,B00,Điểm học bạ,2022,18.0,Công nghệ Sinh học
163410,TTG,cong-nghe-sinh-hoc,B08,Điểm học bạ,2022,18.0,Công nghệ Sinh học
163411,TTG,cong-nghe-sinh-hoc,A00,Điểm thi THPT,2022,15.0,Công nghệ Sinh học
163412,TTG,cong-nghe-sinh-hoc,A01,Điểm thi THPT,2022,15.0,Công nghệ Sinh học
163413,TTG,cong-nghe-sinh-hoc,B00,Điểm thi THPT,2022,15.0,Công nghệ Sinh học
163414,TTG,cong-nghe-sinh-hoc,B08,Điểm thi THPT,2022,15.0,Công nghệ Sinh học
163415,TTG,cong-nghe-sinh-hoc,A00,Điểm học bạ,2023,18.0,Công nghệ Sinh học
163416,TTG,cong-nghe-sinh-hoc,A01,Điểm học bạ,2023,18.0,Công nghệ Sinh học
163417,TTG,cong-nghe-sinh-hoc,B00,Điểm học bạ,2023,18.0,Công nghệ Sinh học
163418,TTG,cong-nghe-sinh-hoc,B08,Điểm học bạ,2023,18.0,Công nghệ Sinh học
163419,TTG,cong-nghe-sinh-hoc,A00,Điểm thi THPT,2023,15.0,Công nghệ Sinh học
163420,TTG,cong-nghe-sinh-hoc,A01,Điểm thi THPT,2023,15.0,Công nghệ Sinh học
163421,TTG,cong-nghe-sinh-hoc,B00,Điểm thi THPT,2023,15.0,Công nghệ Sinh học
163422,TTG,cong-nghe-sinh-hoc,B08,Điểm thi THPT,2023,15.0,Công nghệ Sinh học
163423,TTG,cong-nghe-sinh-hoc,A00,Điểm học bạ,2024,18.0,Công nghệ Sinh học
163424,TTG,cong-nghe-sinh-hoc,A01,Điểm học bạ,2024,18.0,Công nghệ Sinh học
163425,TTG,cong-nghe-sinh-hoc,B00,Điểm học bạ,2024,18.0,Công nghệ Sinh học
163426,TTG,cong-nghe-sinh-hoc,B08,Điểm học bạ,2024,18.0,Công nghệ Sinh học
163427,TTG,cong-nghe-sinh-hoc,A00,Điểm thi THPT,2024,15.0,Công nghệ Sinh học
163428,TTG,cong-nghe-sinh-hoc,A01,Điểm thi THPT,2024,15.0,Công nghệ Sinh học
163429,TTG,cong-nghe-sinh-hoc,B00,Điểm thi THPT,2024,15.0,Công nghệ Sinh học
163430,TTG,cong-nghe-sinh-hoc,B08,Điểm thi THPT,2024,15.0,Công nghệ Sinh học
163431,TTG,cong-nghe-sinh-hoc,A00,Điểm học bạ,2025,15.0,Công nghệ sinh học
163432,TTG,cong-nghe-sinh-hoc,A01,Điểm học bạ,2025,15.0,Công nghệ sinh học
163433,TTG,cong-nghe-sinh-hoc,B00,Điểm học bạ,2025,15.0,Công nghệ sinh học
163434,TTG,cong-nghe-sinh-hoc,B03,Điểm học bạ,2025,15.0,Công nghệ sinh học
163435,TTG,cong-nghe-sinh-hoc,C01,Điểm học bạ,2025,15.0,Công nghệ sinh học
163436,TTG,cong-nghe-sinh-hoc,C02,Điểm học bạ,2025,15.0,Công nghệ sinh học
163437,TTG,cong-nghe-sinh-hoc,C04,Điểm học bạ,2025,15.0,Công nghệ sinh học
163438,TTG,cong-nghe-sinh-hoc,D01,Điểm học bạ,2025,15.0,Công nghệ sinh học
163439,TTG,cong-nghe-sinh-hoc,D07,Điểm học bạ,2025,15.0,Công nghệ sinh học
163440,TTG,cong-nghe-sinh-hoc,X04,Điểm học bạ,2025,15.0,Công nghệ sinh học
163441,TTG,cong-nghe-sinh-hoc,A00,Điểm thi THPT,2025,15.0,Công nghệ sinh học
163442,TTG,cong-nghe-sinh-hoc,A01,Điểm thi THPT,2025,15.0,Công nghệ sinh học
163443,TTG,cong-nghe-sinh-hoc,B00,Điểm thi THPT,2025,15.0,Công nghệ sinh học
163444,TTG,cong-nghe-sinh-hoc,B03,Điểm thi THPT,2025,15.0,Công nghệ sinh học
163445,TTG,cong-nghe-sinh-hoc,C01,Điểm thi THPT,2025,15.0,Công nghệ sinh học
163446,TTG,cong-nghe-sinh-hoc,C02,Điểm thi THPT,2025,15.0,Công nghệ sinh học
163447,TTG,cong-nghe-sinh-hoc,C04,Điểm thi THPT,2025,15.0,Công nghệ sinh học
163448,TTG,cong-nghe-sinh-hoc,D01,Điểm thi THPT,2025,15.0,Công nghệ sinh học
163449,TTG,cong-nghe-sinh-hoc,D07,Điểm thi THPT,2025,15.0,Công nghệ sinh học
163450,TTG,cong-nghe-sinh-hoc,X04,Điểm thi THPT,2025,15.0,Công nghệ sinh học
163451,TTG,cong-nghe-thong-tin,A00,Điểm học bạ,2021,18.0,Công nghệ Thông tin
163452,TTG,cong-nghe-thong-tin,A01,Điểm học bạ,2021,18.0,Công nghệ Thông tin
163453,TTG,cong-nghe-thong-tin,D07,Điểm học bạ,2021,18.0,Công nghệ Thông tin
163454,TTG,cong-nghe-thong-tin,D90,Điểm học bạ,2021,18.0,Công nghệ Thông tin
163455,TTG,cong-nghe-thong-tin,A00,Điểm thi THPT,2021,16.0,Công nghệ Thông tin
163456,TTG,cong-nghe-thong-tin,A01,Điểm thi THPT,2021,16.0,Công nghệ Thông tin
163457,TTG,cong-nghe-thong-tin,D07,Điểm thi THPT,2021,16.0,Công nghệ Thông tin
163458,TTG,cong-nghe-thong-tin,D90,Điểm thi THPT,2021,16.0,Công nghệ Thông tin
163459,TTG,cong-nghe-thong-tin,A00,Điểm học bạ,2022,20.54,Công nghệ Thông tin
163460,TTG,cong-nghe-thong-tin,A01,Điểm học bạ,2022,20.54,Công nghệ Thông tin
163461,TTG,cong-nghe-thong-tin,D07,Điểm học bạ,2022,20.54,Công nghệ Thông tin
163462,TTG,cong-nghe-thong-tin,D90,Điểm học bạ,2022,20.54,Công nghệ Thông tin
163463,TTG,cong-nghe-thong-tin,A00,Điểm thi THPT,2022,18.5,Công nghệ Thông tin
163464,TTG,cong-nghe-thong-tin,A01,Điểm thi THPT,2022,18.5,Công nghệ Thông tin
163465,TTG,cong-nghe-thong-tin,D07,Điểm thi THPT,2022,18.5,Công nghệ Thông tin
163466,TTG,cong-nghe-thong-tin,D90,Điểm thi THPT,2022,18.5,Công nghệ Thông tin
163467,TTG,cong-nghe-thong-tin,A00,Điểm học bạ,2023,19.5,Công nghệ Thông tin
163468,TTG,cong-nghe-thong-tin,A01,Điểm học bạ,2023,19.5,Công nghệ Thông tin
163469,TTG,cong-nghe-thong-tin,D07,Điểm học bạ,2023,19.5,Công nghệ Thông tin
163470,TTG,cong-nghe-thong-tin,D90,Điểm học bạ,2023,19.5,Công nghệ Thông tin
163471,TTG,cong-nghe-thong-tin,A00,Điểm thi THPT,2023,15.0,Công nghệ Thông tin
163472,TTG,cong-nghe-thong-tin,A01,Điểm thi THPT,2023,15.0,Công nghệ Thông tin
163473,TTG,cong-nghe-thong-tin,D07,Điểm thi THPT,2023,15.0,Công nghệ Thông tin
163474,TTG,cong-nghe-thong-tin,D90,Điểm thi THPT,2023,15.0,Công nghệ Thông tin
163475,TTG,cong-nghe-thong-tin,A00,Điểm học bạ,2024,18.0,Công nghệ Thông tin
163476,TTG,cong-nghe-thong-tin,A01,Điểm học bạ,2024,18.0,Công nghệ Thông tin
163477,TTG,cong-nghe-thong-tin,D07,Điểm học bạ,2024,18.0,Công nghệ Thông tin
163478,TTG,cong-nghe-thong-tin,D90,Điểm học bạ,2024,18.0,Công nghệ Thông tin
163479,TTG,cong-nghe-thong-tin,A00,Điểm thi THPT,2024,15.0,Công nghệ Thông tin
163480,TTG,cong-nghe-thong-tin,A01,Điểm thi THPT,2024,15.0,Công nghệ Thông tin
163481,TTG,cong-nghe-thong-tin,D07,Điểm thi THPT,2024,15.0,Công nghệ Thông tin
163482,TTG,cong-nghe-thong-tin,D90,Điểm thi THPT,2024,15.0,Công nghệ Thông tin
163483,TTG,cong-nghe-thong-tin,A00,Điểm học bạ,2025,15.0,Công nghệ thông tin
163484,TTG,cong-nghe-thong-tin,A01,Điểm học bạ,2025,15.0,Công nghệ thông tin
163485,TTG,cong-nghe-thong-tin,C01,Điểm học bạ,2025,15.0,Công nghệ thông tin
163486,TTG,cong-nghe-thong-tin,C02,Điểm học bạ,2025,15.0,Công nghệ thông tin
163487,TTG,cong-nghe-thong-tin,D01,Điểm học bạ,2025,15.0,Công nghệ thông tin
163488,TTG,cong-nghe-thong-tin,D07,Điểm học bạ,2025,15.0,Công nghệ thông tin
163489,TTG,cong-nghe-thong-tin,X02,Điểm học bạ,2025,15.0,Công nghệ thông tin
163490,TTG,cong-nghe-thong-tin,X03,Điểm học bạ,2025,15.0,Công nghệ thông tin
163491,TTG,cong-nghe-thong-tin,X07,Điểm học bạ,2025,15.0,Công nghệ thông tin
163492,TTG,cong-nghe-thong-tin,X26,Điểm học bạ,2025,15.0,Công nghệ thông tin
163493,TTG,cong-nghe-thong-tin,A00,Điểm thi THPT,2025,15.0,Công nghệ thông tin
163494,TTG,cong-nghe-thong-tin,A01,Điểm thi THPT,2025,15.0,Công nghệ thông tin
163495,TTG,cong-nghe-thong-tin,C01,Điểm thi THPT,2025,15.0,Công nghệ thông tin
163496,TTG,cong-nghe-thong-tin,C02,Điểm thi THPT,2025,15.0,Công nghệ thông tin
163497,TTG,cong-nghe-thong-tin,D01,Điểm thi THPT,2025,15.0,Công nghệ thông tin
163498,TTG,cong-nghe-thong-tin,D07,Điểm thi THPT,2025,15.0,Công nghệ thông tin
163499,TTG,cong-nghe-thong-tin,X02,Điểm thi THPT,2025,15.0,Công nghệ thông tin
163500,TTG,cong-nghe-thong-tin,X03,Điểm thi THPT,2025,15.0,Công nghệ thông tin
163501,TTG,cong-nghe-thong-tin,X07,Điểm thi THPT,2025,15.0,Công nghệ thông tin
163502,TTG,cong-nghe-thong-tin,X26,Điểm thi THPT,2025,15.0,Công nghệ thông tin
163503,TTG,cong-nghe-thuc-pham,A00,Điểm học bạ,2021,18.0,Công nghệ Thực phẩm
163504,TTG,cong-nghe-thuc-pham,A01,Điểm học bạ,2021,18.0,Công nghệ Thực phẩm
163505,TTG,cong-nghe-thuc-pham,B00,Điểm học bạ,2021,18.0,Công nghệ Thực phẩm
163506,TTG,cong-nghe-thuc-pham,B08,Điểm học bạ,2021,18.0,Công nghệ Thực phẩm
163507,TTG,cong-nghe-thuc-pham,A00,Điểm thi THPT,2021,15.0,Công nghệ Thực phẩm
163508,TTG,cong-nghe-thuc-pham,A01,Điểm thi THPT,2021,15.0,Công nghệ Thực phẩm
163509,TTG,cong-nghe-thuc-pham,B00,Điểm thi THPT,2021,15.0,Công nghệ Thực phẩm
163510,TTG,cong-nghe-thuc-pham,B08,Điểm thi THPT,2021,15.0,Công nghệ Thực phẩm
163511,TTG,cong-nghe-thuc-pham,A00,Điểm học bạ,2022,18.45,Công nghệ Thực phẩm
163512,TTG,cong-nghe-thuc-pham,A01,Điểm học bạ,2022,18.45,Công nghệ Thực phẩm
163513,TTG,cong-nghe-thuc-pham,B00,Điểm học bạ,2022,18.45,Công nghệ Thực phẩm
163514,TTG,cong-nghe-thuc-pham,B08,Điểm học bạ,2022,18.45,Công nghệ Thực phẩm
163515,TTG,cong-nghe-thuc-pham,A00,Điểm thi THPT,2022,15.0,Công nghệ Thực phẩm
163516,TTG,cong-nghe-thuc-pham,A01,Điểm thi THPT,2022,15.0,Công nghệ Thực phẩm
163517,TTG,cong-nghe-thuc-pham,B00,Điểm thi THPT,2022,15.0,Công nghệ Thực phẩm
163518,TTG,cong-nghe-thuc-pham,B08,Điểm thi THPT,2022,15.0,Công nghệ Thực phẩm
163519,TTG,cong-nghe-thuc-pham,A00,Điểm học bạ,2023,20.47,Công nghệ Thực phẩm
163520,TTG,cong-nghe-thuc-pham,A01,Điểm học bạ,2023,20.47,Công nghệ Thực phẩm
163521,TTG,cong-nghe-thuc-pham,B00,Điểm học bạ,2023,20.47,Công nghệ Thực phẩm
163522,TTG,cong-nghe-thuc-pham,B08,Điểm học bạ,2023,20.47,Công nghệ Thực phẩm
163523,TTG,cong-nghe-thuc-pham,A00,Điểm thi THPT,2023,15.0,Công nghệ Thực phẩm
163524,TTG,cong-nghe-thuc-pham,A01,Điểm thi THPT,2023,15.0,Công nghệ Thực phẩm
163525,TTG,cong-nghe-thuc-pham,B00,Điểm thi THPT,2023,15.0,Công nghệ Thực phẩm
163526,TTG,cong-nghe-thuc-pham,B08,Điểm thi THPT,2023,15.0,Công nghệ Thực phẩm
163527,TTG,cong-nghe-thuc-pham,A00,Điểm học bạ,2024,18.0,Công nghệ Thực phẩm
163528,TTG,cong-nghe-thuc-pham,A01,Điểm học bạ,2024,18.0,Công nghệ Thực phẩm
163529,TTG,cong-nghe-thuc-pham,B00,Điểm học bạ,2024,18.0,Công nghệ Thực phẩm
163530,TTG,cong-nghe-thuc-pham,B08,Điểm học bạ,2024,18.0,Công nghệ Thực phẩm
163531,TTG,cong-nghe-thuc-pham,A00,Điểm thi THPT,2024,15.0,Công nghệ Thực phẩm
163532,TTG,cong-nghe-thuc-pham,A01,Điểm thi THPT,2024,15.0,Công nghệ Thực phẩm
163533,TTG,cong-nghe-thuc-pham,B00,Điểm thi THPT,2024,15.0,Công nghệ Thực phẩm
163534,TTG,cong-nghe-thuc-pham,B08,Điểm thi THPT,2024,15.0,Công nghệ Thực phẩm
163535,TTG,cong-nghe-thuc-pham,A00,Điểm học bạ,2025,15.0,Công nghệ thực phẩm
163536,TTG,cong-nghe-thuc-pham,A01,Điểm học bạ,2025,15.0,Công nghệ thực phẩm
163537,TTG,cong-nghe-thuc-pham,B00,Điểm học bạ,2025,15.0,Công nghệ thực phẩm
163538,TTG,cong-nghe-thuc-pham,B03,Điểm học bạ,2025,15.0,Công nghệ thực phẩm
163539,TTG,cong-nghe-thuc-pham,C01,Điểm học bạ,2025,15.0,Công nghệ thực phẩm
163540,TTG,cong-nghe-thuc-pham,C02,Điểm học bạ,2025,15.0,Công nghệ thực phẩm
163541,TTG,cong-nghe-thuc-pham,C04,Điểm học bạ,2025,15.0,Công nghệ thực phẩm
163542,TTG,cong-nghe-thuc-pham,D01,Điểm học bạ,2025,15.0,Công nghệ thực phẩm
163543,TTG,cong-nghe-thuc-pham,D07,Điểm học bạ,2025,15.0,Công nghệ thực phẩm
163544,TTG,cong-nghe-thuc-pham,X04,Điểm học bạ,2025,15.0,Công nghệ thực phẩm
163545,TTG,cong-nghe-thuc-pham,A00,Điểm thi THPT,2025,15.0,Công nghệ thực phẩm
163546,TTG,cong-nghe-thuc-pham,A01,Điểm thi THPT,2025,15.0,Công nghệ thực phẩm
163547,TTG,cong-nghe-thuc-pham,B00,Điểm thi THPT,2025,15.0,Công nghệ thực phẩm
163548,TTG,cong-nghe-thuc-pham,B03,Điểm thi THPT,2025,15.0,Công nghệ thực phẩm
163549,TTG,cong-nghe-thuc-pham,C01,Điểm thi THPT,2025,15.0,Công nghệ thực phẩm
163550,TTG,cong-nghe-thuc-pham,C02,Điểm thi THPT,2025,15.0,Công nghệ thực phẩm
163551,TTG,cong-nghe-thuc-pham,C04,Điểm thi THPT,2025,15.0,Công nghệ thực phẩm
163552,TTG,cong-nghe-thuc-pham,D01,Điểm thi THPT,2025,15.0,Công nghệ thực phẩm
163553,TTG,cong-nghe-thuc-pham,D07,Điểm thi THPT,2025,15.0,Công nghệ thực phẩm
163554,TTG,cong-nghe-thuc-pham,X04,Điểm thi THPT,2025,15.0,Công nghệ thực phẩm
163555,TTG,du-lich,C00,Điểm học bạ,2021,18.0,Du lịch
163556,TTG,du-lich,D01,Điểm học bạ,2021,18.0,Du lịch
163557,TTG,du-lich,D14,Điểm học bạ,2021,18.0,Du lịch
163558,TTG,du-lich,D78,Điểm học bạ,2021,18.0,Du lịch
163559,TTG,du-lich,C00,Điểm thi THPT,2021,15.0,Du lịch
163560,TTG,du-lich,D01,Điểm thi THPT,2021,15.0,Du lịch
163561,TTG,du-lich,D14,Điểm thi THPT,2021,15.0,Du lịch
163562,TTG,du-lich,D78,Điểm thi THPT,2021,15.0,Du lịch
163563,TTG,du-lich,C00,Điểm học bạ,2022,18.0,Du lịch
163564,TTG,du-lich,D01,Điểm học bạ,2022,18.0,Du lịch
163565,TTG,du-lich,D14,Điểm học bạ,2022,18.0,Du lịch
163566,TTG,du-lich,D78,Điểm học bạ,2022,18.0,Du lịch
163567,TTG,du-lich,C00,Điểm thi THPT,2022,19.0,Du lịch
163568,TTG,du-lich,D01,Điểm thi THPT,2022,19.0,Du lịch
163569,TTG,du-lich,D14,Điểm thi THPT,2022,19.0,Du lịch
163570,TTG,du-lich,D78,Điểm thi THPT,2022,19.0,Du lịch
163571,TTG,du-lich,C00,Điểm học bạ,2023,18.0,Du lịch
163572,TTG,du-lich,D01,Điểm học bạ,2023,18.0,Du lịch
163573,TTG,du-lich,D14,Điểm học bạ,2023,18.0,Du lịch
163574,TTG,du-lich,D78,Điểm học bạ,2023,18.0,Du lịch
163575,TTG,du-lich,C00,Điểm thi THPT,2023,15.0,Du lịch
163576,TTG,du-lich,D01,Điểm thi THPT,2023,15.0,Du lịch
163577,TTG,du-lich,D14,Điểm thi THPT,2023,15.0,Du lịch
163578,TTG,du-lich,D78,Điểm thi THPT,2023,15.0,Du lịch
163579,TTG,du-lich,C00,Điểm học bạ,2024,18.52,Du lịch
163580,TTG,du-lich,D01,Điểm học bạ,2024,18.52,Du lịch
163581,TTG,du-lich,D14,Điểm học bạ,2024,18.52,Du lịch
163582,TTG,du-lich,D78,Điểm học bạ,2024,18.52,Du lịch
163583,TTG,du-lich,C00,Điểm thi THPT,2024,15.0,Du lịch
163584,TTG,du-lich,D01,Điểm thi THPT,2024,15.0,Du lịch
163585,TTG,du-lich,D14,Điểm thi THPT,2024,15.0,Du lịch
163586,TTG,du-lich,D78,Điểm thi THPT,2024,15.0,Du lịch
163587,TTG,du-lich,C00,Điểm học bạ,2025,15.0,Du lịch
163588,TTG,du-lich,C01,Điểm học bạ,2025,15.0,Du lịch
163589,TTG,du-lich,C02,Điểm học bạ,2025,15.0,Du lịch
163590,TTG,du-lich,C03,Điểm học bạ,2025,15.0,Du lịch
163591,TTG,du-lich,C04,Điểm học bạ,2025,15.0,Du lịch
163592,TTG,du-lich,C05,Điểm học bạ,2025,15.0,Du lịch
163593,TTG,du-lich,D01,Điểm học bạ,2025,15.0,Du lịch
163594,TTG,du-lich,X01,Điểm học bạ,2025,15.0,Du lịch
163595,TTG,du-lich,X70,Điểm học bạ,2025,15.0,Du lịch
163596,TTG,du-lich,X74,Điểm học bạ,2025,15.0,Du lịch
163597,TTG,du-lich,C00,Điểm thi THPT,2025,15.0,Du lịch
163598,TTG,du-lich,C01,Điểm thi THPT,2025,15.0,Du lịch
163599,TTG,du-lich,C02,Điểm thi THPT,2025,15.0,Du lịch
163600,TTG,du-lich,C03,Điểm thi THPT,2025,15.0,Du lịch
163601,TTG,du-lich,C04,Điểm thi THPT,2025,15.0,Du lịch
163602,TTG,du-lich,C05,Điểm thi THPT,2025,15.0,Du lịch
163603,TTG,du-lich,D01,Điểm thi THPT,2025,15.0,Du lịch
163604,TTG,du-lich,X01,Điểm thi THPT,2025,15.0,Du lịch
163605,TTG,du-lich,X70,Điểm thi THPT,2025,15.0,Du lịch
163606,TTG,du-lich,X74,Điểm thi THPT,2025,15.0,Du lịch
163607,TTG,giao-duc-mam-non,M01,Điểm học bạ,2021,18.0,Giáo dục mầm non
163608,TTG,giao-duc-mam-non,M09,Điểm học bạ,2021,18.0,Giáo dục mầm non
163609,TTG,giao-duc-mam-non,M01,Điểm thi THPT,2021,17.0,Giáo dục mầm non
163610,TTG,giao-duc-mam-non,M09,Điểm thi THPT,2021,17.0,Giáo dục mầm non
163611,TTG,giao-duc-mam-non,M01,Điểm học bạ,2022,18.0,Giáo dục mầm non
163612,TTG,giao-duc-mam-non,M09,Điểm học bạ,2022,18.0,Giáo dục mầm non
163613,TTG,giao-duc-mam-non,M01,Điểm thi THPT,2022,17.0,Giáo dục mầm non
163614,TTG,giao-duc-mam-non,M09,Điểm thi THPT,2022,17.0,Giáo dục mầm non
163615,TTG,giao-duc-tieu-hoc,A00,Điểm học bạ,2021,25.95,Giáo dục tiểu học
163616,TTG,giao-duc-tieu-hoc,A01,Điểm học bạ,2021,25.95,Giáo dục tiểu học
163617,TTG,giao-duc-tieu-hoc,C00,Điểm học bạ,2021,25.95,Giáo dục tiểu học
163618,TTG,giao-duc-tieu-hoc,D01,Điểm học bạ,2021,25.95,Giáo dục tiểu học
163619,TTG,giao-duc-tieu-hoc,A00,Điểm thi THPT,2021,20.0,Giáo dục tiểu học
163620,TTG,giao-duc-tieu-hoc,A01,Điểm thi THPT,2021,20.0,Giáo dục tiểu học
163621,TTG,giao-duc-tieu-hoc,C00,Điểm thi THPT,2021,20.0,Giáo dục tiểu học
163622,TTG,giao-duc-tieu-hoc,D01,Điểm thi THPT,2021,20.0,Giáo dục tiểu học
163623,TTG,giao-duc-tieu-hoc,A00,Điểm thi THPT,2022,24.0,Giáo dục tiểu học
163624,TTG,giao-duc-tieu-hoc,A01,Điểm thi THPT,2022,24.0,Giáo dục tiểu học
163625,TTG,giao-duc-tieu-hoc,C00,Điểm thi THPT,2022,24.0,Giáo dục tiểu học
163626,TTG,giao-duc-tieu-hoc,D01,Điểm thi THPT,2022,24.0,Giáo dục tiểu học
163627,TTG,ke-toan,A00,Điểm học bạ,2021,23.31,Kế toán
163628,TTG,ke-toan,A01,Điểm học bạ,2021,23.31,Kế toán
163629,TTG,ke-toan,D01,Điểm học bạ,2021,23.31,Kế toán
163630,TTG,ke-toan,D90,Điểm học bạ,2021,23.31,Kế toán
163631,TTG,ke-toan,A00,Điểm thi THPT,2021,17.0,Kế toán
163632,TTG,ke-toan,A01,Điểm thi THPT,2021,17.0,Kế toán
163633,TTG,ke-toan,D01,Điểm thi THPT,2021,17.0,Kế toán
163634,TTG,ke-toan,D90,Điểm thi THPT,2021,17.0,Kế toán
163635,TTG,ke-toan,A00,Điểm học bạ,2022,24.41,Kế toán
163636,TTG,ke-toan,A01,Điểm học bạ,2022,24.41,Kế toán
163637,TTG,ke-toan,D01,Điểm học bạ,2022,24.41,Kế toán
163638,TTG,ke-toan,D90,Điểm học bạ,2022,24.41,Kế toán
163639,TTG,ke-toan,A00,Điểm thi THPT,2022,21.5,Kế toán
163640,TTG,ke-toan,A01,Điểm thi THPT,2022,21.5,Kế toán
163641,TTG,ke-toan,D01,Điểm thi THPT,2022,21.5,Kế toán
163642,TTG,ke-toan,D90,Điểm thi THPT,2022,21.5,Kế toán
163643,TTG,ke-toan,A00,Điểm học bạ,2023,23.37,Kế toán
163644,TTG,ke-toan,A01,Điểm học bạ,2023,23.37,Kế toán
163645,TTG,ke-toan,D01,Điểm học bạ,2023,23.37,Kế toán
163646,TTG,ke-toan,D90,Điểm học bạ,2023,23.37,Kế toán
163647,TTG,ke-toan,A00,Điểm thi THPT,2023,17.5,Kế toán
163648,TTG,ke-toan,A01,Điểm thi THPT,2023,17.5,Kế toán
163649,TTG,ke-toan,D01,Điểm thi THPT,2023,17.5,Kế toán
163650,TTG,ke-toan,D90,Điểm thi THPT,2023,17.5,Kế toán
163651,TTG,ke-toan,A00,Điểm học bạ,2024,18.0,Kế toán
163652,TTG,ke-toan,A01,Điểm học bạ,2024,18.0,Kế toán
163653,TTG,ke-toan,D01,Điểm học bạ,2024,18.0,Kế toán
163654,TTG,ke-toan,D90,Điểm học bạ,2024,18.0,Kế toán
163655,TTG,ke-toan,A00,Điểm thi THPT,2024,16.0,Kế toán
163656,TTG,ke-toan,A01,Điểm thi THPT,2024,16.0,Kế toán
163657,TTG,ke-toan,D01,Điểm thi THPT,2024,16.0,Kế toán
163658,TTG,ke-toan,D90,Điểm thi THPT,2024,16.0,Kế toán
163659,TTG,ke-toan,A00,Điểm học bạ,2025,15.0,Kế toán
163660,TTG,ke-toan,A01,Điểm học bạ,2025,15.0,Kế toán
163661,TTG,ke-toan,C01,Điểm học bạ,2025,15.0,Kế toán
163662,TTG,ke-toan,C02,Điểm học bạ,2025,15.0,Kế toán
163663,TTG,ke-toan,C03,Điểm học bạ,2025,15.0,Kế toán
163664,TTG,ke-toan,C04,Điểm học bạ,2025,15.0,Kế toán
163665,TTG,ke-toan,D01,Điểm học bạ,2025,15.0,Kế toán
163666,TTG,ke-toan,D10,Điểm học bạ,2025,15.0,Kế toán
163667,TTG,ke-toan,X01,Điểm học bạ,2025,15.0,Kế toán
163668,TTG,ke-toan,X21,Điểm học bạ,2025,15.0,Kế toán
163669,TTG,ke-toan,A00,Điểm thi THPT,2025,15.0,Kế toán
163670,TTG,ke-toan,A01,Điểm thi THPT,2025,15.0,Kế toán
163671,TTG,ke-toan,C01,Điểm thi THPT,2025,15.0,Kế toán
163672,TTG,ke-toan,C02,Điểm thi THPT,2025,15.0,Kế toán
163673,TTG,ke-toan,C03,Điểm thi THPT,2025,15.0,Kế toán
163674,TTG,ke-toan,C04,Điểm thi THPT,2025,15.0,Kế toán
163675,TTG,ke-toan,D01,Điểm thi THPT,2025,15.0,Kế toán
163676,TTG,ke-toan,D10,Điểm thi THPT,2025,15.0,Kế toán
163677,TTG,ke-toan,X01,Điểm thi THPT,2025,15.0,Kế toán
163678,TTG,ke-toan,X21,Điểm thi THPT,2025,15.0,Kế toán
163679,TTG,kinh-te,A00,Điểm học bạ,2021,18.0,Kinh tế
163680,TTG,kinh-te,A01,Điểm học bạ,2021,18.0,Kinh tế
163681,TTG,kinh-te,D01,Điểm học bạ,2021,18.0,Kinh tế
163682,TTG,kinh-te,D90,Điểm học bạ,2021,18.0,Kinh tế
163683,TTG,kinh-te,A00,Điểm thi THPT,2021,15.0,Kinh tế
163684,TTG,kinh-te,A01,Điểm thi THPT,2021,15.0,Kinh tế
163685,TTG,kinh-te,D01,Điểm thi THPT,2021,15.0,Kinh tế
163686,TTG,kinh-te,D90,Điểm thi THPT,2021,15.0,Kinh tế
163687,TTG,kinh-te,A00,Điểm học bạ,2022,20.31,Kinh tế
163688,TTG,kinh-te,A01,Điểm học bạ,2022,20.31,Kinh tế
163689,TTG,kinh-te,D01,Điểm học bạ,2022,20.31,Kinh tế
163690,TTG,kinh-te,D90,Điểm học bạ,2022,20.31,Kinh tế
163691,TTG,kinh-te,A00,Điểm thi THPT,2022,21.25,Kinh tế
163692,TTG,kinh-te,A01,Điểm thi THPT,2022,21.25,Kinh tế
163693,TTG,kinh-te,D01,Điểm thi THPT,2022,21.25,Kinh tế
163694,TTG,kinh-te,D90,Điểm thi THPT,2022,21.25,Kinh tế
163695,TTG,kinh-te,A00,Điểm học bạ,2023,20.92,Kinh tế
163696,TTG,kinh-te,A01,Điểm học bạ,2023,20.92,Kinh tế
163697,TTG,kinh-te,D01,Điểm học bạ,2023,20.92,Kinh tế
163698,TTG,kinh-te,D90,Điểm học bạ,2023,20.92,Kinh tế
163699,TTG,kinh-te,A00,Điểm thi THPT,2023,15.0,Kinh tế
163700,TTG,kinh-te,A01,Điểm thi THPT,2023,15.0,Kinh tế
163701,TTG,kinh-te,D01,Điểm thi THPT,2023,15.0,Kinh tế
163702,TTG,kinh-te,D90,Điểm thi THPT,2023,15.0,Kinh tế
163703,TTG,kinh-te,A00,Điểm học bạ,2024,18.0,Kinh tế
163704,TTG,kinh-te,A01,Điểm học bạ,2024,18.0,Kinh tế
163705,TTG,kinh-te,D01,Điểm học bạ,2024,18.0,Kinh tế
163706,TTG,kinh-te,D90,Điểm học bạ,2024,18.0,Kinh tế
163707,TTG,kinh-te,A00,Điểm thi THPT,2024,15.0,Kinh tế
163708,TTG,kinh-te,A01,Điểm thi THPT,2024,15.0,Kinh tế
163709,TTG,kinh-te,D01,Điểm thi THPT,2024,15.0,Kinh tế
163710,TTG,kinh-te,D90,Điểm thi THPT,2024,15.0,Kinh tế
163711,TTG,kinh-te,A00,Điểm học bạ,2025,15.0,Kinh tế
163712,TTG,kinh-te,A01,Điểm học bạ,2025,15.0,Kinh tế
163713,TTG,kinh-te,C01,Điểm học bạ,2025,15.0,Kinh tế
163714,TTG,kinh-te,C02,Điểm học bạ,2025,15.0,Kinh tế
163715,TTG,kinh-te,C03,Điểm học bạ,2025,15.0,Kinh tế
163716,TTG,kinh-te,C04,Điểm học bạ,2025,15.0,Kinh tế
163717,TTG,kinh-te,D01,Điểm học bạ,2025,15.0,Kinh tế
163718,TTG,kinh-te,D10,Điểm học bạ,2025,15.0,Kinh tế
163719,TTG,kinh-te,X01,Điểm học bạ,2025,15.0,Kinh tế
163720,TTG,kinh-te,X21,Điểm học bạ,2025,15.0,Kinh tế
163721,TTG,kinh-te,A00,Điểm thi THPT,2025,15.0,Kinh tế
163722,TTG,kinh-te,A01,Điểm thi THPT,2025,15.0,Kinh tế
163723,TTG,kinh-te,C01,Điểm thi THPT,2025,15.0,Kinh tế
163724,TTG,kinh-te,C02,Điểm thi THPT,2025,15.0,Kinh tế
163725,TTG,kinh-te,C03,Điểm thi THPT,2025,15.0,Kinh tế
163726,TTG,kinh-te,C04,Điểm thi THPT,2025,15.0,Kinh tế
163727,TTG,kinh-te,D01,Điểm thi THPT,2025,15.0,Kinh tế
163728,TTG,kinh-te,D10,Điểm thi THPT,2025,15.0,Kinh tế
163729,TTG,kinh-te,X01,Điểm thi THPT,2025,15.0,Kinh tế
163730,TTG,kinh-te,X21,Điểm thi THPT,2025,15.0,Kinh tế
163731,TTG,luat,A01,Điểm học bạ,2021,23.4,Luật
163732,TTG,luat,C00,Điểm học bạ,2021,23.4,Luật
163733,TTG,luat,D01,Điểm học bạ,2021,23.4,Luật
163734,TTG,luat,D66,Điểm học bạ,2021,23.4,Luật
163735,TTG,luat,A01,Điểm thi THPT,2021,15.0,Luật
163736,TTG,luat,C00,Điểm thi THPT,2021,15.0,Luật
163737,TTG,luat,D01,Điểm thi THPT,2021,15.0,Luật
163738,TTG,luat,D66,Điểm thi THPT,2021,15.0,Luật
163739,TTG,luat,A01,Điểm học bạ,2022,22.44,Luật
163740,TTG,luat,C00,Điểm học bạ,2022,22.44,Luật
163741,TTG,luat,D01,Điểm học bạ,2022,22.44,Luật
163742,TTG,luat,D66,Điểm học bạ,2022,22.44,Luật
163743,TTG,luat,A01,Điểm thi THPT,2022,21.75,Luật
163744,TTG,luat,C00,Điểm thi THPT,2022,21.75,Luật
163745,TTG,luat,D01,Điểm thi THPT,2022,21.75,Luật
163746,TTG,luat,D66,Điểm thi THPT,2022,21.75,Luật
163747,TTG,luat,A01,Điểm học bạ,2023,21.6,Luật
163748,TTG,luat,C00,Điểm học bạ,2023,21.6,Luật
163749,TTG,luat,D01,Điểm học bạ,2023,21.6,Luật
163750,TTG,luat,D66,Điểm học bạ,2023,21.6,Luật
163751,TTG,luat,A01,Điểm thi THPT,2023,16.5,Luật
163752,TTG,luat,C00,Điểm thi THPT,2023,16.5,Luật
163753,TTG,luat,D01,Điểm thi THPT,2023,16.5,Luật
163754,TTG,luat,D66,Điểm thi THPT,2023,16.5,Luật
163755,TTG,luat,A01,Điểm học bạ,2024,19.13,Luật
163756,TTG,luat,C00,Điểm học bạ,2024,19.13,Luật
163757,TTG,luat,D01,Điểm học bạ,2024,19.13,Luật
163758,TTG,luat,D66,Điểm học bạ,2024,19.13,Luật
163759,TTG,luat,A01,Điểm thi THPT,2024,20.5,Luật
163760,TTG,luat,C00,Điểm thi THPT,2024,20.5,Luật
163761,TTG,luat,D01,Điểm thi THPT,2024,20.5,Luật
163762,TTG,luat,D66,Điểm thi THPT,2024,20.5,Luật
163763,TTG,luat,C00,Điểm học bạ,2025,18.0,Luật
163764,TTG,luat,C01,Điểm học bạ,2025,18.0,Luật
163765,TTG,luat,C02,Điểm học bạ,2025,18.0,Luật
163766,TTG,luat,C03,Điểm học bạ,2025,18.0,Luật
163767,TTG,luat,C04,Điểm học bạ,2025,18.0,Luật
163768,TTG,luat,C05,Điểm học bạ,2025,18.0,Luật
163769,TTG,luat,D01,Điểm học bạ,2025,18.0,Luật
163770,TTG,luat,X01,Điểm học bạ,2025,18.0,Luật
163771,TTG,luat,X70,Điểm học bạ,2025,18.0,Luật
163772,TTG,luat,X74,Điểm học bạ,2025,18.0,Luật
163773,TTG,luat,C00,Điểm thi THPT,2025,18.0,Luật
163774,TTG,luat,C01,Điểm thi THPT,2025,18.0,Luật
163775,TTG,luat,C02,Điểm thi THPT,2025,18.0,Luật
163776,TTG,luat,C03,Điểm thi THPT,2025,18.0,Luật
163777,TTG,luat,C04,Điểm thi THPT,2025,18.0,Luật
163778,TTG,luat,C05,Điểm thi THPT,2025,18.0,Luật
163779,TTG,luat,D01,Điểm thi THPT,2025,18.0,Luật
163780,TTG,luat,X01,Điểm thi THPT,2025,18.0,Luật
163781,TTG,luat,X70,Điểm thi THPT,2025,18.0,Luật
163782,TTG,luat,X74,Điểm thi THPT,2025,18.0,Luật
163783,TTG,nuoi-trong-thuy-san,A00,Điểm học bạ,2021,18.0,Nuôi trồng thủy sản
163784,TTG,nuoi-trong-thuy-san,A01,Điểm học bạ,2021,18.0,Nuôi trồng thủy sản
163785,TTG,nuoi-trong-thuy-san,B00,Điểm học bạ,2021,18.0,Nuôi trồng thủy sản
163786,TTG,nuoi-trong-thuy-san,B08,Điểm học bạ,2021,18.0,Nuôi trồng thủy sản
163787,TTG,nuoi-trong-thuy-san,A00,Điểm thi THPT,2021,15.0,Nuôi trồng thủy sản
163788,TTG,nuoi-trong-thuy-san,A01,Điểm thi THPT,2021,15.0,Nuôi trồng thủy sản
163789,TTG,nuoi-trong-thuy-san,B00,Điểm thi THPT,2021,15.0,Nuôi trồng thủy sản
163790,TTG,nuoi-trong-thuy-san,B08,Điểm thi THPT,2021,15.0,Nuôi trồng thủy sản
163791,TTG,nuoi-trong-thuy-san,A00,Điểm học bạ,2022,18.0,Nuôi trồng thủy sản
163792,TTG,nuoi-trong-thuy-san,A01,Điểm học bạ,2022,18.0,Nuôi trồng thủy sản
163793,TTG,nuoi-trong-thuy-san,B00,Điểm học bạ,2022,18.0,Nuôi trồng thủy sản
163794,TTG,nuoi-trong-thuy-san,B08,Điểm học bạ,2022,18.0,Nuôi trồng thủy sản
163795,TTG,nuoi-trong-thuy-san,A00,Điểm thi THPT,2022,15.0,Nuôi trồng thủy sản
163796,TTG,nuoi-trong-thuy-san,A01,Điểm thi THPT,2022,15.0,Nuôi trồng thủy sản
163797,TTG,nuoi-trong-thuy-san,B00,Điểm thi THPT,2022,15.0,Nuôi trồng thủy sản
163798,TTG,nuoi-trong-thuy-san,B08,Điểm thi THPT,2022,15.0,Nuôi trồng thủy sản
163799,TTG,nuoi-trong-thuy-san,A00,Điểm học bạ,2023,18.0,Nuôi trồng thủy sản
163800,TTG,nuoi-trong-thuy-san,A01,Điểm học bạ,2023,18.0,Nuôi trồng thủy sản
163801,TTG,nuoi-trong-thuy-san,B00,Điểm học bạ,2023,18.0,Nuôi trồng thủy sản
163802,TTG,nuoi-trong-thuy-san,B08,Điểm học bạ,2023,18.0,Nuôi trồng thủy sản
163803,TTG,nuoi-trong-thuy-san,A00,Điểm thi THPT,2023,15.0,Nuôi trồng thủy sản
163804,TTG,nuoi-trong-thuy-san,A01,Điểm thi THPT,2023,15.0,Nuôi trồng thủy sản
163805,TTG,nuoi-trong-thuy-san,B00,Điểm thi THPT,2023,15.0,Nuôi trồng thủy sản
163806,TTG,nuoi-trong-thuy-san,B08,Điểm thi THPT,2023,15.0,Nuôi trồng thủy sản
163807,TTG,nuoi-trong-thuy-san,A00,Điểm học bạ,2024,18.0,Nuôi trồng thủy sản
163808,TTG,nuoi-trong-thuy-san,A01,Điểm học bạ,2024,18.0,Nuôi trồng thủy sản
163809,TTG,nuoi-trong-thuy-san,B00,Điểm học bạ,2024,18.0,Nuôi trồng thủy sản
163810,TTG,nuoi-trong-thuy-san,B08,Điểm học bạ,2024,18.0,Nuôi trồng thủy sản
163811,TTG,nuoi-trong-thuy-san,A00,Điểm thi THPT,2024,15.0,Nuôi trồng thủy sản
163812,TTG,nuoi-trong-thuy-san,A01,Điểm thi THPT,2024,15.0,Nuôi trồng thủy sản
163813,TTG,nuoi-trong-thuy-san,B00,Điểm thi THPT,2024,15.0,Nuôi trồng thủy sản
163814,TTG,nuoi-trong-thuy-san,B08,Điểm thi THPT,2024,15.0,Nuôi trồng thủy sản
163815,TTG,nuoi-trong-thuy-san,A00,Điểm học bạ,2025,15.0,Nuôi trồng thuỷ sản
163816,TTG,nuoi-trong-thuy-san,A01,Điểm học bạ,2025,15.0,Nuôi trồng thuỷ sản
163817,TTG,nuoi-trong-thuy-san,B00,Điểm học bạ,2025,15.0,Nuôi trồng thuỷ sản
163818,TTG,nuoi-trong-thuy-san,B03,Điểm học bạ,2025,15.0,Nuôi trồng thuỷ sản
163819,TTG,nuoi-trong-thuy-san,C01,Điểm học bạ,2025,15.0,Nuôi trồng thuỷ sản
163820,TTG,nuoi-trong-thuy-san,C02,Điểm học bạ,2025,15.0,Nuôi trồng thuỷ sản
163821,TTG,nuoi-trong-thuy-san,C04,Điểm học bạ,2025,15.0,Nuôi trồng thuỷ sản
163822,TTG,nuoi-trong-thuy-san,D01,Điểm học bạ,2025,15.0,Nuôi trồng thuỷ sản
163823,TTG,nuoi-trong-thuy-san,D07,Điểm học bạ,2025,15.0,Nuôi trồng thuỷ sản
163824,TTG,nuoi-trong-thuy-san,X04,Điểm học bạ,2025,15.0,Nuôi trồng thuỷ sản
163825,TTG,nuoi-trong-thuy-san,A00,Điểm thi THPT,2025,15.0,Nuôi trồng thuỷ sản
163826,TTG,nuoi-trong-thuy-san,A01,Điểm thi THPT,2025,15.0,Nuôi trồng thuỷ sản
163827,TTG,nuoi-trong-thuy-san,B00,Điểm thi THPT,2025,15.0,Nuôi trồng thuỷ sản
163828,TTG,nuoi-trong-thuy-san,B03,Điểm thi THPT,2025,15.0,Nuôi trồng thuỷ sản
163829,TTG,nuoi-trong-thuy-san,C01,Điểm thi THPT,2025,15.0,Nuôi trồng thuỷ sản
163830,TTG,nuoi-trong-thuy-san,C02,Điểm thi THPT,2025,15.0,Nuôi trồng thuỷ sản
163831,TTG,nuoi-trong-thuy-san,C04,Điểm thi THPT,2025,15.0,Nuôi trồng thuỷ sản
163832,TTG,nuoi-trong-thuy-san,D01,Điểm thi THPT,2025,15.0,Nuôi trồng thuỷ sản
163833,TTG,nuoi-trong-thuy-san,D07,Điểm thi THPT,2025,15.0,Nuôi trồng thuỷ sản
163834,TTG,nuoi-trong-thuy-san,X04,Điểm thi THPT,2025,15.0,Nuôi trồng thuỷ sản
163835,TTG,quan-tri-kinh-doanh,A00,Điểm học bạ,2021,24.13,Quản trị Kinh doanh
163836,TTG,quan-tri-kinh-doanh,A01,Điểm học bạ,2021,24.13,Quản trị Kinh doanh
163837,TTG,quan-tri-kinh-doanh,D01,Điểm học bạ,2021,24.13,Quản trị Kinh doanh
163838,TTG,quan-tri-kinh-doanh,D90,Điểm học bạ,2021,24.13,Quản trị Kinh doanh
163839,TTG,quan-tri-kinh-doanh,A00,Điểm thi THPT,2021,17.0,Quản trị Kinh doanh
163840,TTG,quan-tri-kinh-doanh,A01,Điểm thi THPT,2021,17.0,Quản trị Kinh doanh
163841,TTG,quan-tri-kinh-doanh,D01,Điểm thi THPT,2021,17.0,Quản trị Kinh doanh
163842,TTG,quan-tri-kinh-doanh,D90,Điểm thi THPT,2021,17.0,Quản trị Kinh doanh
163843,TTG,quan-tri-kinh-doanh,A00,Điểm học bạ,2022,24.08,Quản trị Kinh doanh
163844,TTG,quan-tri-kinh-doanh,A01,Điểm học bạ,2022,24.08,Quản trị Kinh doanh
163845,TTG,quan-tri-kinh-doanh,D01,Điểm học bạ,2022,24.08,Quản trị Kinh doanh
163846,TTG,quan-tri-kinh-doanh,D90,Điểm học bạ,2022,24.08,Quản trị Kinh doanh
163847,TTG,quan-tri-kinh-doanh,A00,Điểm thi THPT,2022,20.0,Quản trị Kinh doanh
163848,TTG,quan-tri-kinh-doanh,A01,Điểm thi THPT,2022,20.0,Quản trị Kinh doanh
163849,TTG,quan-tri-kinh-doanh,D01,Điểm thi THPT,2022,20.0,Quản trị Kinh doanh
163850,TTG,quan-tri-kinh-doanh,D90,Điểm thi THPT,2022,20.0,Quản trị Kinh doanh
163851,TTG,quan-tri-kinh-doanh,A00,Điểm học bạ,2023,21.34,Quản trị Kinh doanh
163852,TTG,quan-tri-kinh-doanh,A01,Điểm học bạ,2023,21.34,Quản trị Kinh doanh
163853,TTG,quan-tri-kinh-doanh,D01,Điểm học bạ,2023,21.34,Quản trị Kinh doanh
163854,TTG,quan-tri-kinh-doanh,D90,Điểm học bạ,2023,21.34,Quản trị Kinh doanh
163855,TTG,quan-tri-kinh-doanh,A00,Điểm thi THPT,2023,16.0,Quản trị Kinh doanh
163856,TTG,quan-tri-kinh-doanh,A01,Điểm thi THPT,2023,16.0,Quản trị Kinh doanh
163857,TTG,quan-tri-kinh-doanh,D01,Điểm thi THPT,2023,16.0,Quản trị Kinh doanh
163858,TTG,quan-tri-kinh-doanh,D90,Điểm thi THPT,2023,16.0,Quản trị Kinh doanh
163859,TTG,quan-tri-kinh-doanh,A00,Điểm học bạ,2024,18.0,Quàn trị Kinh doanh
163860,TTG,quan-tri-kinh-doanh,A01,Điểm học bạ,2024,18.0,Quàn trị Kinh doanh
163861,TTG,quan-tri-kinh-doanh,D01,Điểm học bạ,2024,18.0,Quàn trị Kinh doanh
163862,TTG,quan-tri-kinh-doanh,D90,Điểm học bạ,2024,18.0,Quàn trị Kinh doanh
163863,TTG,quan-tri-kinh-doanh,A00,Điểm thi THPT,2024,16.0,Quản trị Kinh doanh
163864,TTG,quan-tri-kinh-doanh,A01,Điểm thi THPT,2024,16.0,Quản trị Kinh doanh
163865,TTG,quan-tri-kinh-doanh,D01,Điểm thi THPT,2024,16.0,Quản trị Kinh doanh
163866,TTG,quan-tri-kinh-doanh,D90,Điểm thi THPT,2024,16.0,Quản trị Kinh doanh
163867,TTG,quan-tri-kinh-doanh,A00,Điểm học bạ,2025,15.0,Quản trị kinh doanh
163868,TTG,quan-tri-kinh-doanh,A01,Điểm học bạ,2025,15.0,Quản trị kinh doanh
163869,TTG,quan-tri-kinh-doanh,C01,Điểm học bạ,2025,15.0,Quản trị kinh doanh
163870,TTG,quan-tri-kinh-doanh,C02,Điểm học bạ,2025,15.0,Quản trị kinh doanh
163871,TTG,quan-tri-kinh-doanh,C03,Điểm học bạ,2025,15.0,Quản trị kinh doanh
163872,TTG,quan-tri-kinh-doanh,C04,Điểm học bạ,2025,15.0,Quản trị kinh doanh
163873,TTG,quan-tri-kinh-doanh,D01,Điểm học bạ,2025,15.0,Quản trị kinh doanh
163874,TTG,quan-tri-kinh-doanh,D10,Điểm học bạ,2025,15.0,Quản trị kinh doanh
163875,TTG,quan-tri-kinh-doanh,X01,Điểm học bạ,2025,15.0,Quản trị kinh doanh
163876,TTG,quan-tri-kinh-doanh,X21,Điểm học bạ,2025,15.0,Quản trị kinh doanh
163877,TTG,quan-tri-kinh-doanh,A00,Điểm thi THPT,2025,15.0,Quản trị kinh doanh
163878,TTG,quan-tri-kinh-doanh,A01,Điểm thi THPT,2025,15.0,Quản trị kinh doanh
163879,TTG,quan-tri-kinh-doanh,C01,Điểm thi THPT,2025,15.0,Quản trị kinh doanh
163880,TTG,quan-tri-kinh-doanh,C02,Điểm thi THPT,2025,15.0,Quản trị kinh doanh
163881,TTG,quan-tri-kinh-doanh,C03,Điểm thi THPT,2025,15.0,Quản trị kinh doanh
163882,TTG,quan-tri-kinh-doanh,C04,Điểm thi THPT,2025,15.0,Quản trị kinh doanh
163883,TTG,quan-tri-kinh-doanh,D01,Điểm thi THPT,2025,15.0,Quản trị kinh doanh
163884,TTG,quan-tri-kinh-doanh,D10,Điểm thi THPT,2025,15.0,Quản trị kinh doanh
163885,TTG,quan-tri-kinh-doanh,X01,Điểm thi THPT,2025,15.0,Quản trị kinh doanh
163886,TTG,quan-tri-kinh-doanh,X21,Điểm thi THPT,2025,15.0,Quản trị kinh doanh
163887,TTG,su-pham-ngu-van,C00,Điểm học bạ,2021,25.48,Sư phạm Ngữ văn
163888,TTG,su-pham-ngu-van,D01,Điểm học bạ,2021,25.48,Sư phạm Ngữ văn
163889,TTG,su-pham-ngu-van,D14,Điểm học bạ,2021,25.48,Sư phạm Ngữ văn
163890,TTG,su-pham-ngu-van,D78,Điểm học bạ,2021,25.48,Sư phạm Ngữ văn
163891,TTG,su-pham-ngu-van,C00,Điểm thi THPT,2021,19.0,Sư phạm Ngữ văn
163892,TTG,su-pham-ngu-van,D01,Điểm thi THPT,2021,19.0,Sư phạm Ngữ văn
163893,TTG,su-pham-ngu-van,D14,Điểm thi THPT,2021,19.0,Sư phạm Ngữ văn
163894,TTG,su-pham-ngu-van,D78,Điểm thi THPT,2021,19.0,Sư phạm Ngữ văn
163895,TTG,su-pham-ngu-van,C00,Điểm thi THPT,2022,23.25,Sư phạm Ngữ văn
163896,TTG,su-pham-ngu-van,D01,Điểm thi THPT,2022,23.25,Sư phạm Ngữ văn
163897,TTG,su-pham-ngu-van,D14,Điểm thi THPT,2022,23.25,Sư phạm Ngữ văn
163898,TTG,su-pham-ngu-van,D78,Điểm thi THPT,2022,23.25,Sư phạm Ngữ văn
163899,TTG,su-pham-toan,A00,Điểm học bạ,2021,27.2,Sư phạm Toán
163900,TTG,su-pham-toan,A01,Điểm học bạ,2021,27.2,Sư phạm Toán
163901,TTG,su-pham-toan,D01,Điểm học bạ,2021,27.2,Sư phạm Toán
163902,TTG,su-pham-toan,D90,Điểm học bạ,2021,27.2,Sư phạm Toán
163903,TTG,su-pham-toan,A00,Điểm thi THPT,2021,19.0,Sư phạm Toán
163904,TTG,su-pham-toan,A01,Điểm thi THPT,2021,19.0,Sư phạm Toán
163905,TTG,su-pham-toan,D01,Điểm thi THPT,2021,19.0,Sư phạm Toán
163906,TTG,su-pham-toan,D90,Điểm thi THPT,2021,19.0,Sư phạm Toán
163907,TTG,su-pham-toan,A00,Điểm thi THPT,2022,23.25,Sư phạm Toán
163908,TTG,su-pham-toan,A01,Điểm thi THPT,2022,23.25,Sư phạm Toán
163909,TTG,su-pham-toan,D01,Điểm thi THPT,2022,23.25,Sư phạm Toán
163910,TTG,su-pham-toan,D90,Điểm thi THPT,2022,23.25,Sư phạm Toán
163911,TTG,tai-chinh-ngan-hang,A00,Điểm học bạ,2021,21.85,Tài chính ngân hàng
163912,TTG,tai-chinh-ngan-hang,A01,Điểm học bạ,2021,21.85,Tài chính ngân hàng
163913,TTG,tai-chinh-ngan-hang,D01,Điểm học bạ,2021,21.85,Tài chính ngân hàng
163914,TTG,tai-chinh-ngan-hang,D90,Điểm học bạ,2021,21.85,Tài chính ngân hàng
163915,TTG,tai-chinh-ngan-hang,A00,Điểm thi THPT,2021,15.0,Tài chính ngân hàng
163916,TTG,tai-chinh-ngan-hang,A01,Điểm thi THPT,2021,15.0,Tài chính ngân hàng
163917,TTG,tai-chinh-ngan-hang,D01,Điểm thi THPT,2021,15.0,Tài chính ngân hàng
163918,TTG,tai-chinh-ngan-hang,D90,Điểm thi THPT,2021,15.0,Tài chính ngân hàng
163919,TTG,tai-chinh-ngan-hang,A00,Điểm học bạ,2022,22.11,Tài chính ngân hàng
163920,TTG,tai-chinh-ngan-hang,A01,Điểm học bạ,2022,22.11,Tài chính ngân hàng
163921,TTG,tai-chinh-ngan-hang,D01,Điểm học bạ,2022,22.11,Tài chính ngân hàng
163922,TTG,tai-chinh-ngan-hang,D90,Điểm học bạ,2022,22.11,Tài chính ngân hàng
163923,TTG,tai-chinh-ngan-hang,A00,Điểm thi THPT,2022,20.0,Tài chính ngân hàng
163924,TTG,tai-chinh-ngan-hang,A01,Điểm thi THPT,2022,20.0,Tài chính ngân hàng
163925,TTG,tai-chinh-ngan-hang,D01,Điểm thi THPT,2022,20.0,Tài chính ngân hàng
163926,TTG,tai-chinh-ngan-hang,D90,Điểm thi THPT,2022,20.0,Tài chính ngân hàng
163927,TTG,tai-chinh-ngan-hang,A00,Điểm học bạ,2023,23.65,Tài chính ngân hàng
163928,TTG,tai-chinh-ngan-hang,A01,Điểm học bạ,2023,23.65,Tài chính ngân hàng
163929,TTG,tai-chinh-ngan-hang,D01,Điểm học bạ,2023,23.65,Tài chính ngân hàng
163930,TTG,tai-chinh-ngan-hang,D90,Điểm học bạ,2023,23.65,Tài chính ngân hàng
163931,TTG,tai-chinh-ngan-hang,A00,Điểm thi THPT,2023,15.0,Tài chính ngân hàng
163932,TTG,tai-chinh-ngan-hang,A01,Điểm thi THPT,2023,15.0,Tài chính ngân hàng
163933,TTG,tai-chinh-ngan-hang,D01,Điểm thi THPT,2023,15.0,Tài chính ngân hàng
163934,TTG,tai-chinh-ngan-hang,D90,Điểm thi THPT,2023,15.0,Tài chính ngân hàng
163935,TTG,tai-chinh-ngan-hang,A00,Điểm học bạ,2024,18.58,Tài chính ngân hàng
163936,TTG,tai-chinh-ngan-hang,A01,Điểm học bạ,2024,18.58,Tài chính ngân hàng
163937,TTG,tai-chinh-ngan-hang,D01,Điểm học bạ,2024,18.58,Tài chính ngân hàng
163938,TTG,tai-chinh-ngan-hang,D90,Điểm học bạ,2024,18.58,Tài chính ngân hàng
163939,TTG,tai-chinh-ngan-hang,A00,Điểm thi THPT,2024,15.0,Tài chính ngân hàng
163940,TTG,tai-chinh-ngan-hang,A01,Điểm thi THPT,2024,15.0,Tài chính ngân hàng
163941,TTG,tai-chinh-ngan-hang,D01,Điểm thi THPT,2024,15.0,Tài chính ngân hàng
163942,TTG,tai-chinh-ngan-hang,D90,Điểm thi THPT,2024,15.0,Tài chính ngân hàng
163943,TTG,tai-chinh-ngan-hang,A00,Điểm học bạ,2025,15.0,Tài chính - Ngân hàng
163944,TTG,tai-chinh-ngan-hang,A01,Điểm học bạ,2025,15.0,Tài chính - Ngân hàng
163945,TTG,tai-chinh-ngan-hang,C01,Điểm học bạ,2025,15.0,Tài chính - Ngân hàng
163946,TTG,tai-chinh-ngan-hang,C02,Điểm học bạ,2025,15.0,Tài chính - Ngân hàng
163947,TTG,tai-chinh-ngan-hang,C03,Điểm học bạ,2025,15.0,Tài chính - Ngân hàng
163948,TTG,tai-chinh-ngan-hang,C04,Điểm học bạ,2025,15.0,Tài chính - Ngân hàng
163949,TTG,tai-chinh-ngan-hang,D01,Điểm học bạ,2025,15.0,Tài chính - Ngân hàng
163950,TTG,tai-chinh-ngan-hang,D10,Điểm học bạ,2025,15.0,Tài chính - Ngân hàng
163951,TTG,tai-chinh-ngan-hang,X01,Điểm học bạ,2025,15.0,Tài chính - Ngân hàng
163952,TTG,tai-chinh-ngan-hang,X21,Điểm học bạ,2025,15.0,Tài chính - Ngân hàng
163953,TTG,tai-chinh-ngan-hang,A00,Điểm thi THPT,2025,15.0,Tài chính - Ngân hàng
163954,TTG,tai-chinh-ngan-hang,A01,Điểm thi THPT,2025,15.0,Tài chính - Ngân hàng
163955,TTG,tai-chinh-ngan-hang,C01,Điểm thi THPT,2025,15.0,Tài chính - Ngân hàng
163956,TTG,tai-chinh-ngan-hang,C02,Điểm thi THPT,2025,15.0,Tài chính - Ngân hàng
163957,TTG,tai-chinh-ngan-hang,C03,Điểm thi THPT,2025,15.0,Tài chính - Ngân hàng
163958,TTG,tai-chinh-ngan-hang,C04,Điểm thi THPT,2025,15.0,Tài chính - Ngân hàng
163959,TTG,tai-chinh-ngan-hang,D01,Điểm thi THPT,2025,15.0,Tài chính - Ngân hàng
163960,TTG,tai-chinh-ngan-hang,D10,Điểm thi THPT,2025,15.0,Tài chính - Ngân hàng
163961,TTG,tai-chinh-ngan-hang,X01,Điểm thi THPT,2025,15.0,Tài chính - Ngân hàng
163962,TTG,tai-chinh-ngan-hang,X21,Điểm thi THPT,2025,15.0,Tài chính - Ngân hàng
163963,TTG,van-hoa-hoc,C00,Điểm học bạ,2021,18.0,Văn hóa học
163964,TTG,van-hoa-hoc,D01,Điểm học bạ,2021,18.0,Văn hóa học
163965,TTG,van-hoa-hoc,D14,Điểm học bạ,2021,18.0,Văn hóa học
163966,TTG,van-hoa-hoc,D78,Điểm học bạ,2021,18.0,Văn hóa học
163967,TTG,van-hoa-hoc,C00,Điểm thi THPT,2021,15.0,Văn hóa học
163968,TTG,van-hoa-hoc,D01,Điểm thi THPT,2021,15.0,Văn hóa học
163969,TTG,van-hoa-hoc,D14,Điểm thi THPT,2021,15.0,Văn hóa học
163970,TTG,van-hoa-hoc,D78,Điểm thi THPT,2021,15.0,Văn hóa học
163971,TTG,van-hoa-hoc,C00,Điểm học bạ,2022,18.0,Văn hóa học
163972,TTG,van-hoa-hoc,D01,Điểm học bạ,2022,18.0,Văn hóa học
163973,TTG,van-hoa-hoc,D14,Điểm học bạ,2022,18.0,Văn hóa học
163974,TTG,van-hoa-hoc,D78,Điểm học bạ,2022,18.0,Văn hóa học
163975,TTG,van-hoa-hoc,C00,Điểm thi THPT,2022,18.5,Văn hóa học
163976,TTG,van-hoa-hoc,D01,Điểm thi THPT,2022,18.5,Văn hóa học
163977,TTG,van-hoa-hoc,D14,Điểm thi THPT,2022,18.5,Văn hóa học
163978,TTG,van-hoa-hoc,D78,Điểm thi THPT,2022,18.5,Văn hóa học
163979,TTG,van-hoa-hoc,C00,Điểm học bạ,2023,18.0,Văn hóa học
163980,TTG,van-hoa-hoc,D01,Điểm học bạ,2023,18.0,Văn hóa học
163981,TTG,van-hoa-hoc,D14,Điểm học bạ,2023,18.0,Văn hóa học
163982,TTG,van-hoa-hoc,D78,Điểm học bạ,2023,18.0,Văn hóa học
163983,TTG,van-hoa-hoc,C00,Điểm thi THPT,2023,15.0,Văn hóa học
163984,TTG,van-hoa-hoc,D01,Điểm thi THPT,2023,15.0,Văn hóa học
163985,TTG,van-hoa-hoc,D14,Điểm thi THPT,2023,15.0,Văn hóa học
163986,TTG,van-hoa-hoc,D78,Điểm thi THPT,2023,15.0,Văn hóa học
163987,TTG,van-hoa-hoc,C00,Điểm học bạ,2024,18.51,Văn hóa học
163988,TTG,van-hoa-hoc,D01,Điểm học bạ,2024,18.51,Văn hóa học
163989,TTG,van-hoa-hoc,D14,Điểm học bạ,2024,18.51,Văn hóa học
163990,TTG,van-hoa-hoc,D78,Điểm học bạ,2024,18.51,Văn hóa học
163991,TTG,van-hoa-hoc,C00,Điểm thi THPT,2024,15.0,Văn hóa học
163992,TTG,van-hoa-hoc,D01,Điểm thi THPT,2024,15.0,Văn hóa học
163993,TTG,van-hoa-hoc,D14,Điểm thi THPT,2024,15.0,Văn hóa học
163994,TTG,van-hoa-hoc,D78,Điểm thi THPT,2024,15.0,Văn hóa học
163995,TTG,van-hoa-hoc,C00,Điểm học bạ,2025,15.0,Văn hoá học
163996,TTG,van-hoa-hoc,C01,Điểm học bạ,2025,15.0,Văn hoá học
163997,TTG,van-hoa-hoc,C02,Điểm học bạ,2025,15.0,Văn hoá học
163998,TTG,van-hoa-hoc,C03,Điểm học bạ,2025,15.0,Văn hoá học
163999,TTG,van-hoa-hoc,C04,Điểm học bạ,2025,15.0,Văn hoá học
164000,TTG,van-hoa-hoc,C05,Điểm học bạ,2025,15.0,Văn hoá học
164001,TTG,van-hoa-hoc,D01,Điểm học bạ,2025,15.0,Văn hoá học
164002,TTG,van-hoa-hoc,X01,Điểm học bạ,2025,15.0,Văn hoá học
164003,TTG,van-hoa-hoc,X70,Điểm học bạ,2025,15.0,Văn hoá học
164004,TTG,van-hoa-hoc,X74,Điểm học bạ,2025,15.0,Văn hoá học
164005,TTG,van-hoa-hoc,C00,Điểm thi THPT,2025,15.0,Văn hoá học
164006,TTG,van-hoa-hoc,C01,Điểm thi THPT,2025,15.0,Văn hoá học
164007,TTG,van-hoa-hoc,C02,Điểm thi THPT,2025,15.0,Văn hoá học
164008,TTG,van-hoa-hoc,C03,Điểm thi THPT,2025,15.0,Văn hoá học
164009,TTG,van-hoa-hoc,C04,Điểm thi THPT,2025,15.0,Văn hoá học
164010,TTG,van-hoa-hoc,C05,Điểm thi THPT,2025,15.0,Văn hoá học
164011,TTG,van-hoa-hoc,D01,Điểm thi THPT,2025,15.0,Văn hoá học
164012,TTG,van-hoa-hoc,X01,Điểm thi THPT,2025,15.0,Văn hoá học
164013,TTG,van-hoa-hoc,X70,Điểm thi THPT,2025,15.0,Văn hoá học
164014,TTG,van-hoa-hoc,X74,Điểm thi THPT,2025,15.0,Văn hoá học
164015,TTH,chi-huy-tham-muu-thong-tin,A00,Điểm thi THPT,2021,23.3,Chỉ huy tham mưu thông tin
164016,TTH,chi-huy-tham-muu-thong-tin,A01,Điểm thi THPT,2021,23.3,Chỉ huy tham mưu thông tin
164017,TTH,chi-huy-tham-muu-thong-tin,A00,Điểm thi THPT,2022,23.2,Chỉ huy tham mưu thông tin
164018,TTH,chi-huy-tham-muu-thong-tin,A01,Điểm thi THPT,2022,23.2,Chỉ huy tham mưu thông tin
164019,TTH,chi-huy-tham-muu-thong-tin,A00,Điểm học bạ,2023,21.2,Ngành Chỉ huy tham mưu thông tin
164020,TTH,chi-huy-tham-muu-thong-tin,A01,Điểm học bạ,2023,21.2,Ngành Chỉ huy tham mưu thông tin
164021,TTH,chi-huy-tham-muu-thong-tin,A00,Điểm thi THPT,2023,22.94,Ngành Chỉ huy tham mưu thông tin
164022,TTH,chi-huy-tham-muu-thong-tin,A01,Điểm thi THPT,2023,22.94,Ngành Chỉ huy tham mưu thông tin
164023,TTH,chi-huy-tham-muu-thong-tin,A00,Điểm học bạ,2024,26.22,Chỉ huy Tham mưu - thông tin
164024,TTH,chi-huy-tham-muu-thong-tin,A01,Điểm học bạ,2024,26.22,Chỉ huy Tham mưu - thông tin
164025,TTH,chi-huy-tham-muu-thong-tin,A00,Điểm thi THPT,2024,23.42,Ngành Chỉ huy tham mưu thông tin
164026,TTH,chi-huy-tham-muu-thong-tin,A01,Điểm thi THPT,2024,23.42,Ngành Chỉ huy tham mưu thông tin
164027,TTH,chi-huy-tham-muu-thong-tin,A00,Điểm thi THPT,2025,23.84,Chỉ huy - Tham mưu Thông tin (miền Bắc)
164028,TTH,chi-huy-tham-muu-thong-tin,A01,Điểm thi THPT,2025,23.84,Chỉ huy - Tham mưu Thông tin (miền Bắc)
164029,TTH,chi-huy-tham-muu-thong-tin,C01,Điểm thi THPT,2025,23.84,Chỉ huy - Tham mưu Thông tin (miền Bắc)
164030,TTH,chi-huy-tham-muu-thong-tin,X06,Điểm thi THPT,2025,23.84,Chỉ huy - Tham mưu Thông tin (miền Bắc)
164031,TTN,bao-ve-thuc-vat,A00,Điểm học bạ,2021,18.0,Bảo vệ thực vật
164032,TTN,bao-ve-thuc-vat,A02,Điểm học bạ,2021,18.0,Bảo vệ thực vật
164033,TTN,bao-ve-thuc-vat,B00,Điểm học bạ,2021,18.0,Bảo vệ thực vật
164034,TTN,bao-ve-thuc-vat,B08,Điểm học bạ,2021,18.0,Bảo vệ thực vật
164035,TTN,bao-ve-thuc-vat,A00,Điểm thi THPT,2021,15.0,Bảo vệ thực vật
164036,TTN,bao-ve-thuc-vat,A02,Điểm thi THPT,2021,15.0,Bảo vệ thực vật
164037,TTN,bao-ve-thuc-vat,B00,Điểm thi THPT,2021,15.0,Bảo vệ thực vật
164038,TTN,bao-ve-thuc-vat,B08,Điểm thi THPT,2021,15.0,Bảo vệ thực vật
164039,TTN,bao-ve-thuc-vat,A00,Điểm học bạ,2022,18.0,Bảo vệ thực vật
164040,TTN,bao-ve-thuc-vat,A02,Điểm học bạ,2022,18.0,Bảo vệ thực vật
164041,TTN,bao-ve-thuc-vat,B00,Điểm học bạ,2022,18.0,Bảo vệ thực vật
164042,TTN,bao-ve-thuc-vat,B08,Điểm học bạ,2022,18.0,Bảo vệ thực vật
164043,TTN,bao-ve-thuc-vat,A00,Điểm thi THPT,2022,15.0,Bảo vệ thực vật
164044,TTN,bao-ve-thuc-vat,A02,Điểm thi THPT,2022,15.0,Bảo vệ thực vật
164045,TTN,bao-ve-thuc-vat,B00,Điểm thi THPT,2022,15.0,Bảo vệ thực vật
164046,TTN,bao-ve-thuc-vat,B08,Điểm thi THPT,2022,15.0,Bảo vệ thực vật
164047,TTN,bao-ve-thuc-vat,A00,Điểm học bạ,2023,18.0,Bảo vệ thực vật
164048,TTN,bao-ve-thuc-vat,A02,Điểm học bạ,2023,18.0,Bảo vệ thực vật
164049,TTN,bao-ve-thuc-vat,B00,Điểm học bạ,2023,18.0,Bảo vệ thực vật
164050,TTN,bao-ve-thuc-vat,B08,Điểm học bạ,2023,18.0,Bảo vệ thực vật
164051,TTN,bao-ve-thuc-vat,A00,Điểm thi THPT,2023,15.0,Bảo vệ thực vật
164052,TTN,bao-ve-thuc-vat,A02,Điểm thi THPT,2023,15.0,Bảo vệ thực vật
164053,TTN,bao-ve-thuc-vat,B00,Điểm thi THPT,2023,15.0,Bảo vệ thực vật
164054,TTN,bao-ve-thuc-vat,B08,Điểm thi THPT,2023,15.0,Bảo vệ thực vật
164055,TTN,bao-ve-thuc-vat,A00,Điểm học bạ,2024,18.0,Bảo vệ thực vật
164056,TTN,bao-ve-thuc-vat,A02,Điểm học bạ,2024,18.0,Bảo vệ thực vật
164057,TTN,bao-ve-thuc-vat,B00,Điểm học bạ,2024,18.0,Bảo vệ thực vật
164058,TTN,bao-ve-thuc-vat,B08,Điểm học bạ,2024,18.0,Bảo vệ thực vật
164059,TTN,bao-ve-thuc-vat,A00,Điểm thi THPT,2024,15.0,Bảo vệ thực vật
164060,TTN,bao-ve-thuc-vat,A02,Điểm thi THPT,2024,15.0,Bảo vệ thực vật
164061,TTN,bao-ve-thuc-vat,B00,Điểm thi THPT,2024,15.0,Bảo vệ thực vật
164062,TTN,bao-ve-thuc-vat,B08,Điểm thi THPT,2024,15.0,Bảo vệ thực vật
164063,TTN,bao-ve-thuc-vat,B00,Điểm học bạ,2025,18.0,Bảo vệ thực vật
164064,TTN,bao-ve-thuc-vat,B08,Điểm học bạ,2025,18.0,Bảo vệ thực vật
164065,TTN,bao-ve-thuc-vat,X08,Điểm học bạ,2025,18.0,Bảo vệ thực vật
164066,TTN,bao-ve-thuc-vat,X12,Điểm học bạ,2025,18.0,Bảo vệ thực vật
164067,TTN,bao-ve-thuc-vat,X16,Điểm học bạ,2025,18.0,Bảo vệ thực vật
164068,TTN,bao-ve-thuc-vat,B00,Điểm thi THPT,2025,15.0,Bảo vệ thực vật
164069,TTN,bao-ve-thuc-vat,B08,Điểm thi THPT,2025,15.0,Bảo vệ thực vật
164070,TTN,bao-ve-thuc-vat,X08,Điểm thi THPT,2025,15.0,Bảo vệ thực vật
164071,TTN,bao-ve-thuc-vat,X12,Điểm thi THPT,2025,15.0,Bảo vệ thực vật
164072,TTN,bao-ve-thuc-vat,X16,Điểm thi THPT,2025,15.0,Bảo vệ thực vật
164073,TTN,chan-nuoi,A02,Điểm học bạ,2021,18.0,Chăn nuôi
164074,TTN,chan-nuoi,B00,Điểm học bạ,2021,18.0,Chăn nuôi
164075,TTN,chan-nuoi,B08,Điểm học bạ,2021,18.0,Chăn nuôi
164076,TTN,chan-nuoi,D13,Điểm học bạ,2021,18.0,Chăn nuôi
164077,TTN,chan-nuoi,A02,Điểm thi THPT,2021,15.0,Chăn nuôi
164078,TTN,chan-nuoi,B00,Điểm thi THPT,2021,15.0,Chăn nuôi
164079,TTN,chan-nuoi,B08,Điểm thi THPT,2021,15.0,Chăn nuôi
164080,TTN,chan-nuoi,D13,Điểm thi THPT,2021,15.0,Chăn nuôi
164081,TTN,chan-nuoi,A02,Điểm học bạ,2022,18.0,Chăn nuôi
164082,TTN,chan-nuoi,B00,Điểm học bạ,2022,18.0,Chăn nuôi
164083,TTN,chan-nuoi,B08,Điểm học bạ,2022,18.0,Chăn nuôi
164084,TTN,chan-nuoi,D13,Điểm học bạ,2022,18.0,Chăn nuôi
164085,TTN,chan-nuoi,A02,Điểm thi THPT,2022,15.0,Chăn nuôi
164086,TTN,chan-nuoi,B00,Điểm thi THPT,2022,15.0,Chăn nuôi
164087,TTN,chan-nuoi,B08,Điểm thi THPT,2022,15.0,Chăn nuôi
164088,TTN,chan-nuoi,D13,Điểm thi THPT,2022,15.0,Chăn nuôi
164089,TTN,chan-nuoi,A00,Điểm học bạ,2023,18.0,Chăn nuôi
164090,TTN,chan-nuoi,A02,Điểm học bạ,2023,18.0,Chăn nuôi
164091,TTN,chan-nuoi,B00,Điểm học bạ,2023,18.0,Chăn nuôi
164092,TTN,chan-nuoi,D07,Điểm học bạ,2023,18.0,Chăn nuôi
164093,TTN,chan-nuoi,A00,Điểm thi THPT,2023,15.0,Chăn nuôi
164094,TTN,chan-nuoi,A02,Điểm thi THPT,2023,15.0,Chăn nuôi
164095,TTN,chan-nuoi,B00,Điểm thi THPT,2023,15.0,Chăn nuôi
164096,TTN,chan-nuoi,D07,Điểm thi THPT,2023,15.0,Chăn nuôi
164097,TTN,chan-nuoi,A02,Điểm học bạ,2024,18.0,Chăn nuôi
164098,TTN,chan-nuoi,B00,Điểm học bạ,2024,18.0,Chăn nuôi
164099,TTN,chan-nuoi,B08,Điểm học bạ,2024,18.0,Chăn nuôi
164100,TTN,chan-nuoi,D13,Điểm học bạ,2024,18.0,Chăn nuôi
164101,TTN,chan-nuoi,A02,Điểm thi THPT,2024,15.0,Chăn nuôi
164102,TTN,chan-nuoi,B00,Điểm thi THPT,2024,15.0,Chăn nuôi
164103,TTN,chan-nuoi,B08,Điểm thi THPT,2024,15.0,Chăn nuôi
164104,TTN,chan-nuoi,D13,Điểm thi THPT,2024,15.0,Chăn nuôi
164105,TTN,chan-nuoi,B00,Điểm học bạ,2025,18.0,Chăn nuôi
164106,TTN,chan-nuoi,B03,Điểm học bạ,2025,18.0,Chăn nuôi
164107,TTN,chan-nuoi,B08,Điểm học bạ,2025,18.0,Chăn nuôi
164108,TTN,chan-nuoi,D07,Điểm học bạ,2025,18.0,Chăn nuôi
164109,TTN,chan-nuoi,X08,Điểm học bạ,2025,18.0,Chăn nuôi
164110,TTN,chan-nuoi,B00,Điểm thi THPT,2025,15.0,Chăn nuôi
164111,TTN,chan-nuoi,B03,Điểm thi THPT,2025,15.0,Chăn nuôi
164112,TTN,chan-nuoi,B08,Điểm thi THPT,2025,15.0,Chăn nuôi
164113,TTN,chan-nuoi,D07,Điểm thi THPT,2025,15.0,Chăn nuôi
164114,TTN,chan-nuoi,X08,Điểm thi THPT,2025,15.0,Chăn nuôi
164115,TTN,cn-kt-moi-truong,A00,Điểm học bạ,2022,23.3,CN KT Môi trường
164116,TTN,cn-kt-moi-truong,A02,Điểm học bạ,2022,23.3,CN KT Môi trường
164117,TTN,cn-kt-moi-truong,B00,Điểm học bạ,2022,23.3,CN KT Môi trường
164118,TTN,cn-kt-moi-truong,B08,Điểm học bạ,2022,23.3,CN KT Môi trường
164119,TTN,cn-kt-moi-truong,A00,Điểm thi THPT,2022,15.0,CN KT Môi trường
164120,TTN,cn-kt-moi-truong,A02,Điểm thi THPT,2022,15.0,CN KT Môi trường
164121,TTN,cn-kt-moi-truong,B00,Điểm thi THPT,2022,15.0,CN KT Môi trường
164122,TTN,cn-kt-moi-truong,B08,Điểm thi THPT,2022,15.0,CN KT Môi trường
164123,TTN,cong-nghe-kt-moi-truong,A00,Điểm học bạ,2021,18.0,Công nghệ KT Môi trường
164124,TTN,cong-nghe-kt-moi-truong,A02,Điểm học bạ,2021,18.0,Công nghệ KT Môi trường
164125,TTN,cong-nghe-kt-moi-truong,B00,Điểm học bạ,2021,18.0,Công nghệ KT Môi trường
164126,TTN,cong-nghe-kt-moi-truong,B08,Điểm học bạ,2021,18.0,Công nghệ KT Môi trường
164127,TTN,cong-nghe-kt-moi-truong,A00,Điểm thi THPT,2021,15.0,Công nghệ KT Môi trường
164128,TTN,cong-nghe-kt-moi-truong,A02,Điểm thi THPT,2021,15.0,Công nghệ KT Môi trường
164129,TTN,cong-nghe-kt-moi-truong,B00,Điểm thi THPT,2021,15.0,Công nghệ KT Môi trường
164130,TTN,cong-nghe-kt-moi-truong,B08,Điểm thi THPT,2021,15.0,Công nghệ KT Môi trường
164131,TTN,cong-nghe-ky-thuat-moi-truong,A00,Điểm học bạ,2023,23.8,Công nghệ kỹ thuật Môi trường
164132,TTN,cong-nghe-ky-thuat-moi-truong,A02,Điểm học bạ,2023,23.8,Công nghệ kỹ thuật Môi trường
164133,TTN,cong-nghe-ky-thuat-moi-truong,B00,Điểm học bạ,2023,23.8,Công nghệ kỹ thuật Môi trường
164134,TTN,cong-nghe-ky-thuat-moi-truong,B08,Điểm học bạ,2023,23.8,Công nghệ kỹ thuật Môi trường
164135,TTN,cong-nghe-ky-thuat-moi-truong,A00,Điểm thi THPT,2023,19.5,Công nghệ kỹ thuật Môi trường
164136,TTN,cong-nghe-ky-thuat-moi-truong,A02,Điểm thi THPT,2023,19.5,Công nghệ kỹ thuật Môi trường
164137,TTN,cong-nghe-ky-thuat-moi-truong,B00,Điểm thi THPT,2023,19.5,Công nghệ kỹ thuật Môi trường
164138,TTN,cong-nghe-ky-thuat-moi-truong,B08,Điểm thi THPT,2023,19.5,Công nghệ kỹ thuật Môi trường
164139,TTN,cong-nghe-sau-thu-hoach,A00,Điểm học bạ,2022,23.0,Công nghệ sau thu hoạch
164140,TTN,cong-nghe-sau-thu-hoach,A02,Điểm học bạ,2022,23.0,Công nghệ sau thu hoạch
164141,TTN,cong-nghe-sau-thu-hoach,B00,Điểm học bạ,2022,23.0,Công nghệ sau thu hoạch
164142,TTN,cong-nghe-sau-thu-hoach,B08,Điểm học bạ,2022,23.0,Công nghệ sau thu hoạch
164143,TTN,cong-nghe-sau-thu-hoach,A00,Điểm thi THPT,2022,15.0,Công nghệ sau thu hoạch
164144,TTN,cong-nghe-sau-thu-hoach,A02,Điểm thi THPT,2022,15.0,Công nghệ sau thu hoạch
164145,TTN,cong-nghe-sau-thu-hoach,B00,Điểm thi THPT,2022,15.0,Công nghệ sau thu hoạch
164146,TTN,cong-nghe-sau-thu-hoach,B08,Điểm thi THPT,2022,15.0,Công nghệ sau thu hoạch
164147,TTN,cong-nghe-sinh-hoc,A00,Điểm học bạ,2021,18.0,Công nghệ sinh học
164148,TTN,cong-nghe-sinh-hoc,A02,Điểm học bạ,2021,18.0,Công nghệ sinh học
164149,TTN,cong-nghe-sinh-hoc,B00,Điểm học bạ,2021,18.0,Công nghệ sinh học
164150,TTN,cong-nghe-sinh-hoc,B08,Điểm học bạ,2021,18.0,Công nghệ sinh học
164151,TTN,cong-nghe-sinh-hoc,A00,Điểm thi THPT,2021,15.0,Công nghệ sinh học
164152,TTN,cong-nghe-sinh-hoc,A02,Điểm thi THPT,2021,15.0,Công nghệ sinh học
164153,TTN,cong-nghe-sinh-hoc,B00,Điểm thi THPT,2021,15.0,Công nghệ sinh học
164154,TTN,cong-nghe-sinh-hoc,B08,Điểm thi THPT,2021,15.0,Công nghệ sinh học
164155,TTN,cong-nghe-sinh-hoc,A00,Điểm học bạ,2022,18.0,Công nghệ sinh học
164156,TTN,cong-nghe-sinh-hoc,A02,Điểm học bạ,2022,18.0,Công nghệ sinh học
164157,TTN,cong-nghe-sinh-hoc,B00,Điểm học bạ,2022,18.0,Công nghệ sinh học
164158,TTN,cong-nghe-sinh-hoc,B08,Điểm học bạ,2022,18.0,Công nghệ sinh học
164159,TTN,cong-nghe-sinh-hoc,A00,Điểm thi THPT,2022,15.0,Công nghệ sinh học
164160,TTN,cong-nghe-sinh-hoc,A02,Điểm thi THPT,2022,15.0,Công nghệ sinh học
164161,TTN,cong-nghe-sinh-hoc,B00,Điểm thi THPT,2022,15.0,Công nghệ sinh học
164162,TTN,cong-nghe-sinh-hoc,B08,Điểm thi THPT,2022,15.0,Công nghệ sinh học
164163,TTN,cong-nghe-sinh-hoc,A00,Điểm học bạ,2023,18.0,Công nghệ sinh học
164164,TTN,cong-nghe-sinh-hoc,A02,Điểm học bạ,2023,18.0,Công nghệ sinh học
164165,TTN,cong-nghe-sinh-hoc,B00,Điểm học bạ,2023,18.0,Công nghệ sinh học
164166,TTN,cong-nghe-sinh-hoc,B08,Điểm học bạ,2023,18.0,Công nghệ sinh học
164167,TTN,cong-nghe-sinh-hoc,A00,Điểm thi THPT,2023,15.0,Công nghệ sinh học
164168,TTN,cong-nghe-sinh-hoc,A02,Điểm thi THPT,2023,15.0,Công nghệ sinh học
164169,TTN,cong-nghe-sinh-hoc,B00,Điểm thi THPT,2023,15.0,Công nghệ sinh học
164170,TTN,cong-nghe-sinh-hoc,B08,Điểm thi THPT,2023,15.0,Công nghệ sinh học
164171,TTN,cong-nghe-sinh-hoc,A00,Điểm học bạ,2024,18.0,Công nghệ sinh học
164172,TTN,cong-nghe-sinh-hoc,A02,Điểm học bạ,2024,18.0,Công nghệ sinh học
164173,TTN,cong-nghe-sinh-hoc,B00,Điểm học bạ,2024,18.0,Công nghệ sinh học
164174,TTN,cong-nghe-sinh-hoc,B08,Điểm học bạ,2024,18.0,Công nghệ sinh học
164175,TTN,cong-nghe-sinh-hoc,A00,Điểm thi THPT,2024,15.0,Công nghệ sinh học
164176,TTN,cong-nghe-sinh-hoc,A02,Điểm thi THPT,2024,15.0,Công nghệ sinh học
164177,TTN,cong-nghe-sinh-hoc,B00,Điểm thi THPT,2024,15.0,Công nghệ sinh học
164178,TTN,cong-nghe-sinh-hoc,B08,Điểm thi THPT,2024,15.0,Công nghệ sinh học
164179,TTN,cong-nghe-sinh-hoc,A02,Điểm học bạ,2025,22.06,Công nghệ sinh học
164180,TTN,cong-nghe-sinh-hoc,B00,Điểm học bạ,2025,22.06,Công nghệ sinh học
164181,TTN,cong-nghe-sinh-hoc,B03,Điểm học bạ,2025,22.06,Công nghệ sinh học
164182,TTN,cong-nghe-sinh-hoc,B08,Điểm học bạ,2025,22.06,Công nghệ sinh học
164183,TTN,cong-nghe-sinh-hoc,A02,Điểm thi THPT,2025,19.06,Công nghệ sinh học
164184,TTN,cong-nghe-sinh-hoc,B00,Điểm thi THPT,2025,19.06,Công nghệ sinh học
164185,TTN,cong-nghe-sinh-hoc,B03,Điểm thi THPT,2025,19.06,Công nghệ sinh học
164186,TTN,cong-nghe-sinh-hoc,B08,Điểm thi THPT,2025,19.06,Công nghệ sinh học
164187,TTN,cong-nghe-sinh-hoc-y-duoc,A00,Điểm học bạ,2024,18.0,Công nghệ sinh học Y Dược
164188,TTN,cong-nghe-sinh-hoc-y-duoc,A02,Điểm học bạ,2024,18.0,Công nghệ sinh học Y Dược
164189,TTN,cong-nghe-sinh-hoc-y-duoc,B00,Điểm học bạ,2024,18.0,Công nghệ sinh học Y Dược
164190,TTN,cong-nghe-sinh-hoc-y-duoc,B08,Điểm học bạ,2024,18.0,Công nghệ sinh học Y Dược
164191,TTN,cong-nghe-sinh-hoc-y-duoc,A00,Điểm thi THPT,2024,15.0,Công nghệ sinh học Y Dược
164192,TTN,cong-nghe-sinh-hoc-y-duoc,A02,Điểm thi THPT,2024,15.0,Công nghệ sinh học Y Dược
164193,TTN,cong-nghe-sinh-hoc-y-duoc,B00,Điểm thi THPT,2024,15.0,Công nghệ sinh học Y Dược
164194,TTN,cong-nghe-sinh-hoc-y-duoc,B08,Điểm thi THPT,2024,15.0,Công nghệ sinh học Y Dược
164195,TTN,cong-nghe-sinh-hoc-y-duoc,A02,Điểm học bạ,2025,21.01,Công nghệ sinh học Y Dược
164196,TTN,cong-nghe-sinh-hoc-y-duoc,B00,Điểm học bạ,2025,21.01,Công nghệ sinh học Y Dược
164197,TTN,cong-nghe-sinh-hoc-y-duoc,B03,Điểm học bạ,2025,21.01,Công nghệ sinh học Y Dược
164198,TTN,cong-nghe-sinh-hoc-y-duoc,B08,Điểm học bạ,2025,21.01,Công nghệ sinh học Y Dược
164199,TTN,cong-nghe-sinh-hoc-y-duoc,A02,Điểm thi THPT,2025,18.01,Công nghệ sinh học Y Dược
164200,TTN,cong-nghe-sinh-hoc-y-duoc,B00,Điểm thi THPT,2025,18.01,Công nghệ sinh học Y Dược
164201,TTN,cong-nghe-sinh-hoc-y-duoc,B03,Điểm thi THPT,2025,18.01,Công nghệ sinh học Y Dược
164202,TTN,cong-nghe-sinh-hoc-y-duoc,B08,Điểm thi THPT,2025,18.01,Công nghệ sinh học Y Dược
164203,TTN,cong-nghe-tai-chinh,A00,Điểm học bạ,2024,18.0,Công nghệ tài chính
164204,TTN,cong-nghe-tai-chinh,A01,Điểm học bạ,2024,18.0,Công nghệ tài chính
164205,TTN,cong-nghe-tai-chinh,D01,Điểm học bạ,2024,18.0,Công nghệ tài chính
164206,TTN,cong-nghe-tai-chinh,D07,Điểm học bạ,2024,18.0,Công nghệ tài chính
164207,TTN,cong-nghe-tai-chinh,A00,Điểm thi THPT,2024,15.0,Công nghệ tài chính
164208,TTN,cong-nghe-tai-chinh,A01,Điểm thi THPT,2024,15.0,Công nghệ tài chính
164209,TTN,cong-nghe-tai-chinh,D01,Điểm thi THPT,2024,15.0,Công nghệ tài chính
164210,TTN,cong-nghe-tai-chinh,D07,Điểm thi THPT,2024,15.0,Công nghệ tài chính
164211,TTN,cong-nghe-tai-chinh,A01,Điểm học bạ,2025,23.47,Công nghệ tài chính
164212,TTN,cong-nghe-tai-chinh,C03,Điểm học bạ,2025,23.47,Công nghệ tài chính
164213,TTN,cong-nghe-tai-chinh,D01,Điểm học bạ,2025,23.47,Công nghệ tài chính
164214,TTN,cong-nghe-tai-chinh,D07,Điểm học bạ,2025,23.47,Công nghệ tài chính
164215,TTN,cong-nghe-tai-chinh,X78,Điểm học bạ,2025,23.47,Công nghệ tài chính
164216,TTN,cong-nghe-tai-chinh,A01,Điểm thi THPT,2025,20.47,Công nghệ tài chính
164217,TTN,cong-nghe-tai-chinh,C03,Điểm thi THPT,2025,20.47,Công nghệ tài chính
164218,TTN,cong-nghe-tai-chinh,D01,Điểm thi THPT,2025,20.47,Công nghệ tài chính
164219,TTN,cong-nghe-tai-chinh,D07,Điểm thi THPT,2025,20.47,Công nghệ tài chính
164220,TTN,cong-nghe-tai-chinh,X78,Điểm thi THPT,2025,20.47,Công nghệ tài chính
164221,TTN,cong-nghe-thong-tin,A00,Điểm học bạ,2021,18.0,Công nghệ thông tin
164222,TTN,cong-nghe-thong-tin,A01,Điểm học bạ,2021,18.0,Công nghệ thông tin
164223,TTN,cong-nghe-thong-tin,A00,Điểm thi THPT,2021,15.0,Công nghệ thông tin
164224,TTN,cong-nghe-thong-tin,A01,Điểm thi THPT,2021,15.0,Công nghệ thông tin
164225,TTN,cong-nghe-thong-tin,A00,Điểm học bạ,2022,22.2,Công nghệ thông tin
164226,TTN,cong-nghe-thong-tin,A01,Điểm học bạ,2022,22.2,Công nghệ thông tin
164227,TTN,cong-nghe-thong-tin,A00,Điểm thi THPT,2022,15.0,Công nghệ thông tin
164228,TTN,cong-nghe-thong-tin,A01,Điểm thi THPT,2022,15.0,Công nghệ thông tin
164229,TTN,cong-nghe-thong-tin,A00,Điểm học bạ,2023,22.75,Công nghệ thông tin
164230,TTN,cong-nghe-thong-tin,A01,Điểm học bạ,2023,22.75,Công nghệ thông tin
164231,TTN,cong-nghe-thong-tin,A00,Điểm thi THPT,2023,18.75,Công nghệ thông tin
164232,TTN,cong-nghe-thong-tin,A01,Điểm thi THPT,2023,18.75,Công nghệ thông tin
164233,TTN,cong-nghe-thong-tin,A00,Điểm học bạ,2024,24.0,Công nghệ thông tin
164234,TTN,cong-nghe-thong-tin,A01,Điểm học bạ,2024,24.0,Công nghệ thông tin
164235,TTN,cong-nghe-thong-tin,A00,Điểm thi THPT,2024,16.85,Công nghệ thông tin
164236,TTN,cong-nghe-thong-tin,A01,Điểm thi THPT,2024,16.85,Công nghệ thông tin
164237,TTN,cong-nghe-thong-tin,A00,Điểm học bạ,2025,23.94,Công nghệ thông tin
164238,TTN,cong-nghe-thong-tin,A01,Điểm học bạ,2025,23.94,Công nghệ thông tin
164239,TTN,cong-nghe-thong-tin,X06,Điểm học bạ,2025,23.94,Công nghệ thông tin
164240,TTN,cong-nghe-thong-tin,X26,Điểm học bạ,2025,23.94,Công nghệ thông tin
164241,TTN,cong-nghe-thong-tin,A00,Điểm thi THPT,2025,20.96,Công nghệ thông tin
164242,TTN,cong-nghe-thong-tin,A01,Điểm thi THPT,2025,20.96,Công nghệ thông tin
164243,TTN,cong-nghe-thong-tin,X06,Điểm thi THPT,2025,20.96,Công nghệ thông tin
164244,TTN,cong-nghe-thong-tin,X26,Điểm thi THPT,2025,20.96,Công nghệ thông tin
164245,TTN,cong-nghe-thuc-pham,A00,Điểm học bạ,2021,18.0,Công nghệ thực phẩm
164246,TTN,cong-nghe-thuc-pham,A02,Điểm học bạ,2021,18.0,Công nghệ thực phẩm
164247,TTN,cong-nghe-thuc-pham,B00,Điểm học bạ,2021,18.0,Công nghệ thực phẩm
164248,TTN,cong-nghe-thuc-pham,B08,Điểm học bạ,2021,18.0,Công nghệ thực phẩm
164249,TTN,cong-nghe-thuc-pham,A00,Điểm thi THPT,2021,15.0,Công nghệ thực phẩm
164250,TTN,cong-nghe-thuc-pham,A02,Điểm thi THPT,2021,15.0,Công nghệ thực phẩm
164251,TTN,cong-nghe-thuc-pham,B00,Điểm thi THPT,2021,15.0,Công nghệ thực phẩm
164252,TTN,cong-nghe-thuc-pham,B08,Điểm thi THPT,2021,15.0,Công nghệ thực phẩm
164253,TTN,cong-nghe-thuc-pham,A00,Điểm học bạ,2022,18.0,Công nghệ thực phẩm
164254,TTN,cong-nghe-thuc-pham,A02,Điểm học bạ,2022,18.0,Công nghệ thực phẩm
164255,TTN,cong-nghe-thuc-pham,B00,Điểm học bạ,2022,18.0,Công nghệ thực phẩm
164256,TTN,cong-nghe-thuc-pham,B08,Điểm học bạ,2022,18.0,Công nghệ thực phẩm
164257,TTN,cong-nghe-thuc-pham,A00,Điểm thi THPT,2022,15.0,Công nghệ thực phẩm
164258,TTN,cong-nghe-thuc-pham,A02,Điểm thi THPT,2022,15.0,Công nghệ thực phẩm
164259,TTN,cong-nghe-thuc-pham,B00,Điểm thi THPT,2022,15.0,Công nghệ thực phẩm
164260,TTN,cong-nghe-thuc-pham,B08,Điểm thi THPT,2022,15.0,Công nghệ thực phẩm
164261,TTN,cong-nghe-thuc-pham,A00,Điểm học bạ,2023,18.0,Công nghệ thực phẩm
164262,TTN,cong-nghe-thuc-pham,A02,Điểm học bạ,2023,18.0,Công nghệ thực phẩm
164263,TTN,cong-nghe-thuc-pham,B00,Điểm học bạ,2023,18.0,Công nghệ thực phẩm
164264,TTN,cong-nghe-thuc-pham,B08,Điểm học bạ,2023,18.0,Công nghệ thực phẩm
164265,TTN,cong-nghe-thuc-pham,A00,Điểm thi THPT,2023,15.0,Công nghệ thực phẩm
164266,TTN,cong-nghe-thuc-pham,A02,Điểm thi THPT,2023,15.0,Công nghệ thực phẩm
164267,TTN,cong-nghe-thuc-pham,B00,Điểm thi THPT,2023,15.0,Công nghệ thực phẩm
164268,TTN,cong-nghe-thuc-pham,B08,Điểm thi THPT,2023,15.0,Công nghệ thực phẩm
164269,TTN,cong-nghe-thuc-pham,A00,Điểm học bạ,2024,18.0,Công nghệ thực phẩm
164270,TTN,cong-nghe-thuc-pham,A02,Điểm học bạ,2024,18.0,Công nghệ thực phẩm
164271,TTN,cong-nghe-thuc-pham,B00,Điểm học bạ,2024,18.0,Công nghệ thực phẩm
164272,TTN,cong-nghe-thuc-pham,B08,Điểm học bạ,2024,18.0,Công nghệ thực phẩm
164273,TTN,cong-nghe-thuc-pham,A00,Điểm thi THPT,2024,15.0,Công nghệ thực phẩm
164274,TTN,cong-nghe-thuc-pham,A02,Điểm thi THPT,2024,15.0,Công nghệ thực phẩm
164275,TTN,cong-nghe-thuc-pham,B00,Điểm thi THPT,2024,15.0,Công nghệ thực phẩm
164276,TTN,cong-nghe-thuc-pham,B08,Điểm thi THPT,2024,15.0,Công nghệ thực phẩm
164277,TTN,cong-nghe-thuc-pham,A00,Điểm học bạ,2025,19.7,Công nghệ thực phẩm
164278,TTN,cong-nghe-thuc-pham,A02,Điểm học bạ,2025,19.7,Công nghệ thực phẩm
164279,TTN,cong-nghe-thuc-pham,B00,Điểm học bạ,2025,19.7,Công nghệ thực phẩm
164280,TTN,cong-nghe-thuc-pham,D07,Điểm học bạ,2025,19.7,Công nghệ thực phẩm
164281,TTN,cong-nghe-thuc-pham,X08,Điểm học bạ,2025,19.7,Công nghệ thực phẩm
164282,TTN,cong-nghe-thuc-pham,A00,Điểm thi THPT,2025,16.7,Công nghệ thực phẩm
164283,TTN,cong-nghe-thuc-pham,A02,Điểm thi THPT,2025,16.7,Công nghệ thực phẩm
164284,TTN,cong-nghe-thuc-pham,B00,Điểm thi THPT,2025,16.7,Công nghệ thực phẩm
164285,TTN,cong-nghe-thuc-pham,D07,Điểm thi THPT,2025,16.7,Công nghệ thực phẩm
164286,TTN,cong-nghe-thuc-pham,X08,Điểm thi THPT,2025,16.7,Công nghệ thực phẩm
164287,TTN,dieu-duong,B00,Điểm học bạ,2021,25.5,Điều dưỡng
164288,TTN,dieu-duong,B00,Điểm thi THPT,2021,21.5,Điều Dưỡng
164289,TTN,dieu-duong,B00,Điểm học bạ,2022,23.75,Điều dưỡng
164290,TTN,dieu-duong,B00,Điểm thi THPT,2022,19.0,Điều dưỡng
164291,TTN,dieu-duong,B00,Điểm học bạ,2023,24.6,Điều dưỡng
164292,TTN,dieu-duong,B00,Điểm thi THPT,2023,21.5,Điều dưỡng
164293,TTN,dieu-duong,B00,Điểm học bạ,2024,26.33,Điều dưỡng
164294,TTN,dieu-duong,B00,Điểm thi THPT,2024,20.85,Điều dưỡng
164295,TTN,dieu-duong,B00,Điểm học bạ,2025,26.09,Điều dưỡng
164296,TTN,dieu-duong,B03,Điểm học bạ,2025,26.09,Điều dưỡng
164297,TTN,dieu-duong,B08,Điểm học bạ,2025,26.09,Điều dưỡng
164298,TTN,dieu-duong,D07,Điểm học bạ,2025,26.09,Điều dưỡng
164299,TTN,dieu-duong,B00,Điểm thi THPT,2025,24.13,Điều dưỡng
164300,TTN,dieu-duong,B03,Điểm thi THPT,2025,24.13,Điều dưỡng
164301,TTN,dieu-duong,B08,Điểm thi THPT,2025,24.13,Điều dưỡng
164302,TTN,dieu-duong,D07,Điểm thi THPT,2025,24.13,Điều dưỡng
164303,TTN,gd-tieu-hoc,A00,Điểm thi THPT,2021,25.85,GD Tiểu học
164304,TTN,gd-tieu-hoc,C00,Điểm thi THPT,2021,25.85,GD Tiểu học
164305,TTN,gd-tieu-hoc,C03,Điểm thi THPT,2021,25.85,GD Tiểu học
164306,TTN,gd-tieu-hoc-tieng-jrai,A00,Điểm học bạ,2021,23.0,GD Tiểu học Tiếng Jrai
164307,TTN,gd-tieu-hoc-tieng-jrai,C00,Điểm học bạ,2021,23.0,GD Tiểu học Tiếng Jrai
164308,TTN,gd-tieu-hoc-tieng-jrai,D01,Điểm học bạ,2021,23.0,GD Tiểu học Tiếng Jrai
164309,TTN,gd-tieu-hoc-tieng-jrai,A00,Điểm thi THPT,2021,19.0,GD Tiểu học Tiếng Jrai
164310,TTN,gd-tieu-hoc-tieng-jrai,C00,Điểm thi THPT,2021,19.0,GD Tiểu học Tiếng Jrai
164311,TTN,gd-tieu-hoc-tieng-jrai,D01,Điểm thi THPT,2021,19.0,GD Tiểu học Tiếng Jrai
164312,TTN,gd-tieu-hoc-tieng-jrai,A00,Điểm học bạ,2022,25.3,GD Tiểu học – Tiếng Jrai
164313,TTN,gd-tieu-hoc-tieng-jrai,C00,Điểm học bạ,2022,25.3,GD Tiểu học – Tiếng Jrai
164314,TTN,gd-tieu-hoc-tieng-jrai,D01,Điểm học bạ,2022,25.3,GD Tiểu học – Tiếng Jrai
164315,TTN,gd-tieu-hoc-tieng-jrai,A00,Điểm thi THPT,2022,21.5,GD Tiểu học – Tiếng Jrai
164316,TTN,gd-tieu-hoc-tieng-jrai,C00,Điểm thi THPT,2022,21.5,GD Tiểu học – Tiếng Jrai
164317,TTN,gd-tieu-hoc-tieng-jrai,D01,Điểm thi THPT,2022,21.5,GD Tiểu học – Tiếng Jrai
164318,TTN,giao-duc-chinh-tri,C00,Điểm học bạ,2021,23.0,Giáo dục Chính trị
164319,TTN,giao-duc-chinh-tri,C19,Điểm học bạ,2021,23.0,Giáo dục Chính trị
164320,TTN,giao-duc-chinh-tri,D01,Điểm học bạ,2021,23.0,Giáo dục Chính trị
164321,TTN,giao-duc-chinh-tri,D66,Điểm học bạ,2021,23.0,Giáo dục Chính trị
164322,TTN,giao-duc-chinh-tri,C00,Điểm thi THPT,2021,23.0,Giáo dục Chính trị
164323,TTN,giao-duc-chinh-tri,C19,Điểm thi THPT,2021,23.0,Giáo dục Chính trị
164324,TTN,giao-duc-chinh-tri,D01,Điểm thi THPT,2021,23.0,Giáo dục Chính trị
164325,TTN,giao-duc-chinh-tri,D66,Điểm thi THPT,2021,23.0,Giáo dục Chính trị
164326,TTN,giao-duc-chinh-tri,C00,Điểm học bạ,2022,23.0,Giáo dục Chính trị
164327,TTN,giao-duc-chinh-tri,C19,Điểm học bạ,2022,23.0,Giáo dục Chính trị
164328,TTN,giao-duc-chinh-tri,D01,Điểm học bạ,2022,23.0,Giáo dục Chính trị
164329,TTN,giao-duc-chinh-tri,D66,Điểm học bạ,2022,23.0,Giáo dục Chính trị
164330,TTN,giao-duc-chinh-tri,C00,Điểm thi THPT,2022,23.0,Giáo dục Chính trị
164331,TTN,giao-duc-chinh-tri,C19,Điểm thi THPT,2022,23.0,Giáo dục Chính trị
164332,TTN,giao-duc-chinh-tri,D01,Điểm thi THPT,2022,23.0,Giáo dục Chính trị
164333,TTN,giao-duc-chinh-tri,D66,Điểm thi THPT,2022,23.0,Giáo dục Chính trị
164334,TTN,giao-duc-chinh-tri,C00,Điểm học bạ,2023,26.0,Giáo dục Chính trị
164335,TTN,giao-duc-chinh-tri,C19,Điểm học bạ,2023,26.0,Giáo dục Chính trị
164336,TTN,giao-duc-chinh-tri,D01,Điểm học bạ,2023,26.0,Giáo dục Chính trị
164337,TTN,giao-duc-chinh-tri,D66,Điểm học bạ,2023,26.0,Giáo dục Chính trị
164338,TTN,giao-duc-chinh-tri,C00,Điểm thi THPT,2023,25.0,Giáo dục Chính trị
164339,TTN,giao-duc-chinh-tri,C19,Điểm thi THPT,2023,25.0,Giáo dục Chính trị
164340,TTN,giao-duc-chinh-tri,D01,Điểm thi THPT,2023,25.0,Giáo dục Chính trị
164341,TTN,giao-duc-chinh-tri,D66,Điểm thi THPT,2023,25.0,Giáo dục Chính trị
164342,TTN,giao-duc-chinh-tri,C00,Điểm học bạ,2024,27.69,Giáo dục Chính trị
164343,TTN,giao-duc-chinh-tri,C19,Điểm học bạ,2024,27.69,Giáo dục Chính trị
164344,TTN,giao-duc-chinh-tri,D01,Điểm học bạ,2024,27.69,Giáo dục Chính trị
164345,TTN,giao-duc-chinh-tri,D66,Điểm học bạ,2024,27.69,Giáo dục Chính trị
164346,TTN,giao-duc-chinh-tri,C00,Điểm thi THPT,2024,26.36,Giáo dục Chính trị
164347,TTN,giao-duc-chinh-tri,C19,Điểm thi THPT,2024,26.36,Giáo dục Chính trị
164348,TTN,giao-duc-chinh-tri,D01,Điểm thi THPT,2024,26.36,Giáo dục Chính trị
164349,TTN,giao-duc-chinh-tri,D66,Điểm thi THPT,2024,26.36,Giáo dục Chính trị
164350,TTN,giao-duc-chinh-tri,C00,Điểm học bạ,2025,27.83,Giáo dục Chính trị
164351,TTN,giao-duc-chinh-tri,C03,Điểm học bạ,2025,27.83,Giáo dục Chính trị
164352,TTN,giao-duc-chinh-tri,D01,Điểm học bạ,2025,27.83,Giáo dục Chính trị
164353,TTN,giao-duc-chinh-tri,D14,Điểm học bạ,2025,27.83,Giáo dục Chính trị
164354,TTN,giao-duc-chinh-tri,X70,Điểm học bạ,2025,27.83,Giáo dục Chính trị
164355,TTN,giao-duc-chinh-tri,C00,Điểm thi THPT,2025,26.75,Giáo dục Chính trị
164356,TTN,giao-duc-chinh-tri,C03,Điểm thi THPT,2025,26.75,Giáo dục Chính trị
164357,TTN,giao-duc-chinh-tri,D01,Điểm thi THPT,2025,26.75,Giáo dục Chính trị
164358,TTN,giao-duc-chinh-tri,D14,Điểm thi THPT,2025,26.75,Giáo dục Chính trị
164359,TTN,giao-duc-chinh-tri,X70,Điểm thi THPT,2025,26.75,Giáo dục Chính trị
164360,TTN,giao-duc-mam-non,M01,Điểm thi THPT,2021,22.35,Giáo dục Mầm non
164361,TTN,giao-duc-mam-non,M09,Điểm thi THPT,2021,22.35,Giáo dục Mầm non
164362,TTN,giao-duc-mam-non,M01,Điểm học bạ,2022,19.0,Giáo dục Mầm non
164363,TTN,giao-duc-mam-non,M09,Điểm học bạ,2022,19.0,Giáo dục Mầm non
164364,TTN,giao-duc-mam-non,M01,Điểm thi THPT,2022,19.0,Giáo dục Mầm non
164365,TTN,giao-duc-mam-non,M09,Điểm thi THPT,2022,19.0,Giáo dục Mầm non
164366,TTN,giao-duc-mam-non,M01,Điểm học bạ,2023,23.0,Giáo dục Mầm non
164367,TTN,giao-duc-mam-non,M09,Điểm học bạ,2023,23.0,Giáo dục Mầm non
164368,TTN,giao-duc-mam-non,M01,Điểm thi THPT,2023,22.1,Giáo dục Mầm non
164369,TTN,giao-duc-mam-non,M09,Điểm thi THPT,2023,22.1,Giáo dục Mầm non
164370,TTN,giao-duc-mam-non,M01,Điểm học bạ,2024,22.15,Giáo dục Mầm non
164371,TTN,giao-duc-mam-non,M09,Điểm học bạ,2024,22.15,Giáo dục Mầm non
164372,TTN,giao-duc-mam-non,M01,Điểm thi THPT,2024,21.25,Giáo dục Mầm non
164373,TTN,giao-duc-mam-non,M09,Điểm thi THPT,2024,21.25,Giáo dục Mầm non
164374,TTN,giao-duc-mam-non,M01,Điểm học bạ,2025,25.51,Giáo dục Mầm non
164375,TTN,giao-duc-mam-non,M09,Điểm học bạ,2025,25.51,Giáo dục Mầm non
164376,TTN,giao-duc-mam-non,M01,Điểm thi THPT,2025,23.26,Giáo dục Mầm non
164377,TTN,giao-duc-mam-non,M09,Điểm thi THPT,2025,23.26,Giáo dục Mầm non
164378,TTN,giao-duc-the-chat,T01,Điểm thi THPT,2021,18.0,Giáo dục Thể chất
164379,TTN,giao-duc-the-chat,T20,Điểm thi THPT,2021,18.0,Giáo dục Thể chất
164380,TTN,giao-duc-the-chat,T01,Điểm học bạ,2022,18.0,Giáo dục Thể chất
164381,TTN,giao-duc-the-chat,T20,Điểm học bạ,2022,18.0,Giáo dục Thể chất
164382,TTN,giao-duc-the-chat,T01,Điểm thi THPT,2022,18.0,Giáo dục Thể chất
164383,TTN,giao-duc-the-chat,T20,Điểm thi THPT,2022,18.0,Giáo dục Thể chất
164384,TTN,giao-duc-the-chat,T01,Điểm học bạ,2023,25.0,Giáo dục Thể chất
164385,TTN,giao-duc-the-chat,T20,Điểm học bạ,2023,25.0,Giáo dục Thể chất
164386,TTN,giao-duc-the-chat,T01,Điểm thi THPT,2023,23.75,Giáo dục Thể chất
164387,TTN,giao-duc-the-chat,T20,Điểm thi THPT,2023,23.75,Giáo dục Thể chất
164388,TTN,giao-duc-the-chat,T01,Điểm học bạ,2024,27.56,Giáo dục Thể chất
164389,TTN,giao-duc-the-chat,T20,Điểm học bạ,2024,27.56,Giáo dục Thể chất
164390,TTN,giao-duc-the-chat,T01,Điểm thi THPT,2024,25.31,Giáo dục Thể chất
164391,TTN,giao-duc-the-chat,T20,Điểm thi THPT,2024,25.31,Giáo dục Thể chất
164392,TTN,giao-duc-the-chat,T01,Điểm học bạ,2025,27.26,Giáo dục Thể chất
164393,TTN,giao-duc-the-chat,T20,Điểm học bạ,2025,27.26,Giáo dục Thể chất
164394,TTN,giao-duc-the-chat,T01,Điểm thi THPT,2025,25.89,Giáo dục Thể chất
164395,TTN,giao-duc-the-chat,T20,Điểm thi THPT,2025,25.89,Giáo dục Thể chất
164396,TTN,giao-duc-tieu-hoc,A00,Điểm học bạ,2021,23.0,Giáo dục Tiểu học
164397,TTN,giao-duc-tieu-hoc,C00,Điểm học bạ,2021,23.0,Giáo dục Tiểu học
164398,TTN,giao-duc-tieu-hoc,C03,Điểm học bạ,2021,23.0,Giáo dục Tiểu học
164399,TTN,giao-duc-tieu-hoc,A00,Điểm học bạ,2022,27.0,Giáo dục Tiểu học
164400,TTN,giao-duc-tieu-hoc,C00,Điểm học bạ,2022,27.0,Giáo dục Tiểu học
164401,TTN,giao-duc-tieu-hoc,C03,Điểm học bạ,2022,27.0,Giáo dục Tiểu học
164402,TTN,giao-duc-tieu-hoc,A00,Điểm thi THPT,2022,24.51,Giáo dục Tiểu học
164403,TTN,giao-duc-tieu-hoc,C00,Điểm thi THPT,2022,24.51,Giáo dục Tiểu học
164404,TTN,giao-duc-tieu-hoc,C03,Điểm thi THPT,2022,24.51,Giáo dục Tiểu học
164405,TTN,giao-duc-tieu-hoc,A00,Điểm học bạ,2023,27.0,Giáo dục Tiểu học
164406,TTN,giao-duc-tieu-hoc,C00,Điểm học bạ,2023,27.0,Giáo dục Tiểu học
164407,TTN,giao-duc-tieu-hoc,C03,Điểm học bạ,2023,27.0,Giáo dục Tiểu học
164408,TTN,giao-duc-tieu-hoc,D01,Điểm học bạ,2023,27.0,Giáo dục Tiểu học
164409,TTN,giao-duc-tieu-hoc,A00,Điểm thi THPT,2023,24.7,Giáo dục Tiểu học
164410,TTN,giao-duc-tieu-hoc,C00,Điểm thi THPT,2023,24.7,Giáo dục Tiểu học
164411,TTN,giao-duc-tieu-hoc,C03,Điểm thi THPT,2023,24.7,Giáo dục Tiểu học
164412,TTN,giao-duc-tieu-hoc,D01,Điểm thi THPT,2023,24.7,Giáo dục Tiểu học
164413,TTN,giao-duc-tieu-hoc,A00,Điểm học bạ,2024,28.44,Giáo dục Tiểu học
164414,TTN,giao-duc-tieu-hoc,C00,Điểm học bạ,2024,28.44,Giáo dục Tiểu học
164415,TTN,giao-duc-tieu-hoc,C03,Điểm học bạ,2024,28.44,Giáo dục Tiểu học
164416,TTN,giao-duc-tieu-hoc,D01,Điểm học bạ,2024,28.44,Giáo dục Tiểu học
164417,TTN,giao-duc-tieu-hoc,A00,Điểm thi THPT,2024,26.4,Giáo dục Tiểu học
164418,TTN,giao-duc-tieu-hoc,C00,Điểm thi THPT,2024,26.4,Giáo dục Tiểu học
164419,TTN,giao-duc-tieu-hoc,C03,Điểm thi THPT,2024,26.4,Giáo dục Tiểu học
164420,TTN,giao-duc-tieu-hoc,D01,Điểm thi THPT,2024,26.4,Giáo dục Tiểu học
164421,TTN,giao-duc-tieu-hoc,A00,Điểm học bạ,2025,28.03,Giáo dục Tiểu học
164422,TTN,giao-duc-tieu-hoc,C00,Điểm học bạ,2025,28.03,Giáo dục Tiểu học
164423,TTN,giao-duc-tieu-hoc,C03,Điểm học bạ,2025,28.03,Giáo dục Tiểu học
164424,TTN,giao-duc-tieu-hoc,D01,Điểm học bạ,2025,28.03,Giáo dục Tiểu học
164425,TTN,giao-duc-tieu-hoc,A00,Điểm thi THPT,2025,27.04,Giáo dục Tiểu học
164426,TTN,giao-duc-tieu-hoc,C00,Điểm thi THPT,2025,27.04,Giáo dục Tiểu học
164427,TTN,giao-duc-tieu-hoc,C03,Điểm thi THPT,2025,27.04,Giáo dục Tiểu học
164428,TTN,giao-duc-tieu-hoc,D01,Điểm thi THPT,2025,27.04,Giáo dục Tiểu học
164429,TTN,giao-duc-tieu-hoc-tieng-jrai,A00,Điểm học bạ,2023,25.55,Giáo dục Tiểu học – Tiếng Jrai
164430,TTN,giao-duc-tieu-hoc-tieng-jrai,C00,Điểm học bạ,2023,25.55,Giáo dục Tiểu học – Tiếng Jrai
164431,TTN,giao-duc-tieu-hoc-tieng-jrai,C03,Điểm học bạ,2023,25.55,Giáo dục Tiểu học – Tiếng Jrai
164432,TTN,giao-duc-tieu-hoc-tieng-jrai,D01,Điểm học bạ,2023,25.55,Giáo dục Tiểu học – Tiếng Jrai
164433,TTN,giao-duc-tieu-hoc-tieng-jrai,A00,Điểm thi THPT,2023,23.25,Giáo dục Tiểu học – Tiếng Jrai
164434,TTN,giao-duc-tieu-hoc-tieng-jrai,C00,Điểm thi THPT,2023,23.25,Giáo dục Tiểu học – Tiếng Jrai
164435,TTN,giao-duc-tieu-hoc-tieng-jrai,C03,Điểm thi THPT,2023,23.25,Giáo dục Tiểu học – Tiếng Jrai
164436,TTN,giao-duc-tieu-hoc-tieng-jrai,D01,Điểm thi THPT,2023,23.25,Giáo dục Tiểu học – Tiếng Jrai
164437,TTN,giao-duc-tieu-hoc-tieng-jrai,A00,Điểm học bạ,2024,27.7,Giáo dục Tiểu học – Tiếng Jrai
164438,TTN,giao-duc-tieu-hoc-tieng-jrai,C00,Điểm học bạ,2024,27.7,Giáo dục Tiểu học – Tiếng Jrai
164439,TTN,giao-duc-tieu-hoc-tieng-jrai,C03,Điểm học bạ,2024,27.7,Giáo dục Tiểu học – Tiếng Jrai
164440,TTN,giao-duc-tieu-hoc-tieng-jrai,D01,Điểm học bạ,2024,27.7,Giáo dục Tiểu học – Tiếng Jrai
164441,TTN,giao-duc-tieu-hoc-tieng-jrai,A00,Điểm thi THPT,2024,25.21,Giáo dục Tiểu học – Tiếng Jrai
164442,TTN,giao-duc-tieu-hoc-tieng-jrai,C00,Điểm thi THPT,2024,25.21,Giáo dục Tiểu học – Tiếng Jrai
164443,TTN,giao-duc-tieu-hoc-tieng-jrai,C03,Điểm thi THPT,2024,25.21,Giáo dục Tiểu học – Tiếng Jrai
164444,TTN,giao-duc-tieu-hoc-tieng-jrai,D01,Điểm thi THPT,2024,25.21,Giáo dục Tiểu học – Tiếng Jrai
164445,TTN,giao-duc-tieu-hoc-tieng-jrai,A00,Điểm học bạ,2025,27.26,Giáo dục Tiểu học – Tiếng Jrai
164446,TTN,giao-duc-tieu-hoc-tieng-jrai,C00,Điểm học bạ,2025,27.26,Giáo dục Tiểu học – Tiếng Jrai
164447,TTN,giao-duc-tieu-hoc-tieng-jrai,C03,Điểm học bạ,2025,27.26,Giáo dục Tiểu học – Tiếng Jrai
164448,TTN,giao-duc-tieu-hoc-tieng-jrai,D01,Điểm học bạ,2025,27.26,Giáo dục Tiểu học – Tiếng Jrai
164449,TTN,giao-duc-tieu-hoc-tieng-jrai,A00,Điểm thi THPT,2025,25.89,Giáo dục Tiểu học – Tiếng Jrai
164450,TTN,giao-duc-tieu-hoc-tieng-jrai,C00,Điểm thi THPT,2025,25.89,Giáo dục Tiểu học – Tiếng Jrai
164451,TTN,giao-duc-tieu-hoc-tieng-jrai,C03,Điểm thi THPT,2025,25.89,Giáo dục Tiểu học – Tiếng Jrai
164452,TTN,giao-duc-tieu-hoc-tieng-jrai,D01,Điểm thi THPT,2025,25.89,Giáo dục Tiểu học – Tiếng Jrai
164453,TTN,ke-toan,A00,Điểm học bạ,2021,18.0,Kế toán
164454,TTN,ke-toan,A01,Điểm học bạ,2021,18.0,Kế toán
164455,TTN,ke-toan,D01,Điểm học bạ,2021,18.0,Kế toán
164456,TTN,ke-toan,D07,Điểm học bạ,2021,18.0,Kế toán
164457,TTN,ke-toan,A00,Điểm thi THPT,2021,17.5,Kế toán
164458,TTN,ke-toan,A01,Điểm thi THPT,2021,17.5,Kế toán
164459,TTN,ke-toan,D01,Điểm thi THPT,2021,17.5,Kế toán
164460,TTN,ke-toan,D07,Điểm thi THPT,2021,17.5,Kế toán
164461,TTN,ke-toan,A00,Điểm học bạ,2022,22.6,Kế toán
164462,TTN,ke-toan,A01,Điểm học bạ,2022,22.6,Kế toán
164463,TTN,ke-toan,D01,Điểm học bạ,2022,22.6,Kế toán
164464,TTN,ke-toan,D07,Điểm học bạ,2022,22.6,Kế toán
164465,TTN,ke-toan,A00,Điểm thi THPT,2022,15.0,Kế toán
164466,TTN,ke-toan,A01,Điểm thi THPT,2022,15.0,Kế toán
164467,TTN,ke-toan,D01,Điểm thi THPT,2022,15.0,Kế toán
164468,TTN,ke-toan,D07,Điểm thi THPT,2022,15.0,Kế toán
164469,TTN,ke-toan,A00,Điểm học bạ,2023,21.35,Kế toán
164470,TTN,ke-toan,A01,Điểm học bạ,2023,21.35,Kế toán
164471,TTN,ke-toan,D01,Điểm học bạ,2023,21.35,Kế toán
164472,TTN,ke-toan,D07,Điểm học bạ,2023,21.35,Kế toán
164473,TTN,ke-toan,A00,Điểm thi THPT,2023,18.95,Kế toán
164474,TTN,ke-toan,A01,Điểm thi THPT,2023,18.95,Kế toán
164475,TTN,ke-toan,D01,Điểm thi THPT,2023,18.95,Kế toán
164476,TTN,ke-toan,D07,Điểm thi THPT,2023,18.95,Kế toán
164477,TTN,ke-toan,A00,Điểm học bạ,2024,23.05,Kế toán
164478,TTN,ke-toan,A01,Điểm học bạ,2024,23.05,Kế toán
164479,TTN,ke-toan,D01,Điểm học bạ,2024,23.05,Kế toán
164480,TTN,ke-toan,D07,Điểm học bạ,2024,23.05,Kế toán
164481,TTN,ke-toan,A00,Điểm thi THPT,2024,18.55,Kế toán
164482,TTN,ke-toan,A01,Điểm thi THPT,2024,18.55,Kế toán
164483,TTN,ke-toan,D01,Điểm thi THPT,2024,18.55,Kế toán
164484,TTN,ke-toan,D07,Điểm thi THPT,2024,18.55,Kế toán
164485,TTN,ke-toan,A01,Điểm học bạ,2025,23.44,Kế toán
164486,TTN,ke-toan,C03,Điểm học bạ,2025,23.44,Kế toán
164487,TTN,ke-toan,D01,Điểm học bạ,2025,23.44,Kế toán
164488,TTN,ke-toan,D07,Điểm học bạ,2025,23.44,Kế toán
164489,TTN,ke-toan,X78,Điểm học bạ,2025,23.44,Kế toán
164490,TTN,ke-toan,A01,Điểm thi THPT,2025,20.44,Kế toán
164491,TTN,ke-toan,C03,Điểm thi THPT,2025,20.44,Kế toán
164492,TTN,ke-toan,D01,Điểm thi THPT,2025,20.44,Kế toán
164493,TTN,ke-toan,D07,Điểm thi THPT,2025,20.44,Kế toán
164494,TTN,ke-toan,X78,Điểm thi THPT,2025,20.44,Kế toán
164495,TTN,khoa-hoc-cay-trong,A00,Điểm học bạ,2021,18.0,Khoa học cây trồng
164496,TTN,khoa-hoc-cay-trong,A02,Điểm học bạ,2021,18.0,Khoa học cây trồng
164497,TTN,khoa-hoc-cay-trong,B00,Điểm học bạ,2021,18.0,Khoa học cây trồng
164498,TTN,khoa-hoc-cay-trong,B08,Điểm học bạ,2021,18.0,Khoa học cây trồng
164499,TTN,khoa-hoc-cay-trong,A00,Điểm thi THPT,2021,15.0,Khoa học cây trồng
164500,TTN,khoa-hoc-cay-trong,A02,Điểm thi THPT,2021,15.0,Khoa học cây trồng
164501,TTN,khoa-hoc-cay-trong,B00,Điểm thi THPT,2021,15.0,Khoa học cây trồng
164502,TTN,khoa-hoc-cay-trong,B08,Điểm thi THPT,2021,15.0,Khoa học cây trồng
164503,TTN,khoa-hoc-cay-trong,A00,Điểm học bạ,2022,18.0,Khoa học cây trồng
164504,TTN,khoa-hoc-cay-trong,A02,Điểm học bạ,2022,18.0,Khoa học cây trồng
164505,TTN,khoa-hoc-cay-trong,B00,Điểm học bạ,2022,18.0,Khoa học cây trồng
164506,TTN,khoa-hoc-cay-trong,B08,Điểm học bạ,2022,18.0,Khoa học cây trồng
164507,TTN,khoa-hoc-cay-trong,A00,Điểm thi THPT,2022,15.0,Khoa học cây trồng
164508,TTN,khoa-hoc-cay-trong,A02,Điểm thi THPT,2022,15.0,Khoa học cây trồng
164509,TTN,khoa-hoc-cay-trong,B00,Điểm thi THPT,2022,15.0,Khoa học cây trồng
164510,TTN,khoa-hoc-cay-trong,B08,Điểm thi THPT,2022,15.0,Khoa học cây trồng
164511,TTN,khoa-hoc-cay-trong,A00,Điểm học bạ,2023,18.0,Khoa học cây trồng
164512,TTN,khoa-hoc-cay-trong,A02,Điểm học bạ,2023,18.0,Khoa học cây trồng
164513,TTN,khoa-hoc-cay-trong,B00,Điểm học bạ,2023,18.0,Khoa học cây trồng
164514,TTN,khoa-hoc-cay-trong,B08,Điểm học bạ,2023,18.0,Khoa học cây trồng
164515,TTN,khoa-hoc-cay-trong,A00,Điểm thi THPT,2023,15.0,Khoa học cây trồng
164516,TTN,khoa-hoc-cay-trong,A02,Điểm thi THPT,2023,15.0,Khoa học cây trồng
164517,TTN,khoa-hoc-cay-trong,B00,Điểm thi THPT,2023,15.0,Khoa học cây trồng
164518,TTN,khoa-hoc-cay-trong,B08,Điểm thi THPT,2023,15.0,Khoa học cây trồng
164519,TTN,khoa-hoc-cay-trong,A00,Điểm học bạ,2024,18.0,Khoa học cây trồng
164520,TTN,khoa-hoc-cay-trong,A02,Điểm học bạ,2024,18.0,Khoa học cây trồng
164521,TTN,khoa-hoc-cay-trong,B00,Điểm học bạ,2024,18.0,Khoa học cây trồng
164522,TTN,khoa-hoc-cay-trong,B08,Điểm học bạ,2024,18.0,Khoa học cây trồng
164523,TTN,khoa-hoc-cay-trong,A00,Điểm thi THPT,2024,15.0,Khoa học cây trồng
164524,TTN,khoa-hoc-cay-trong,A02,Điểm thi THPT,2024,15.0,Khoa học cây trồng
164525,TTN,khoa-hoc-cay-trong,B00,Điểm thi THPT,2024,15.0,Khoa học cây trồng
164526,TTN,khoa-hoc-cay-trong,B08,Điểm thi THPT,2024,15.0,Khoa học cây trồng
164527,TTN,khoa-hoc-cay-trong,B00,Điểm học bạ,2025,18.0,Khoa học cây trồng
164528,TTN,khoa-hoc-cay-trong,B08,Điểm học bạ,2025,18.0,Khoa học cây trồng
164529,TTN,khoa-hoc-cay-trong,X08,Điểm học bạ,2025,18.0,Khoa học cây trồng
164530,TTN,khoa-hoc-cay-trong,X12,Điểm học bạ,2025,18.0,Khoa học cây trồng
164531,TTN,khoa-hoc-cay-trong,X16,Điểm học bạ,2025,18.0,Khoa học cây trồng
164532,TTN,khoa-hoc-cay-trong,B00,Điểm thi THPT,2025,15.0,Khoa học cây trồng
164533,TTN,khoa-hoc-cay-trong,B08,Điểm thi THPT,2025,15.0,Khoa học cây trồng
164534,TTN,khoa-hoc-cay-trong,X08,Điểm thi THPT,2025,15.0,Khoa học cây trồng
164535,TTN,khoa-hoc-cay-trong,X12,Điểm thi THPT,2025,15.0,Khoa học cây trồng
164536,TTN,khoa-hoc-cay-trong,X16,Điểm thi THPT,2025,15.0,Khoa học cây trồng
164537,TTN,kinh-doanh-thuong-mai,A00,Điểm học bạ,2021,18.0,Kinh doanh thương mại
164538,TTN,kinh-doanh-thuong-mai,A01,Điểm học bạ,2021,18.0,Kinh doanh thương mại
164539,TTN,kinh-doanh-thuong-mai,D01,Điểm học bạ,2021,18.0,Kinh doanh thương mại
164540,TTN,kinh-doanh-thuong-mai,D07,Điểm học bạ,2021,18.0,Kinh doanh thương mại
164541,TTN,kinh-doanh-thuong-mai,A00,Điểm thi THPT,2021,15.0,Kinh doanh thương mại
164542,TTN,kinh-doanh-thuong-mai,A01,Điểm thi THPT,2021,15.0,Kinh doanh thương mại
164543,TTN,kinh-doanh-thuong-mai,D01,Điểm thi THPT,2021,15.0,Kinh doanh thương mại
164544,TTN,kinh-doanh-thuong-mai,D07,Điểm thi THPT,2021,15.0,Kinh doanh thương mại
164545,TTN,kinh-doanh-thuong-mai,A00,Điểm học bạ,2022,20.0,Kinh doanh thương mại
164546,TTN,kinh-doanh-thuong-mai,A01,Điểm học bạ,2022,20.0,Kinh doanh thương mại
164547,TTN,kinh-doanh-thuong-mai,D01,Điểm học bạ,2022,20.0,Kinh doanh thương mại
164548,TTN,kinh-doanh-thuong-mai,D07,Điểm học bạ,2022,20.0,Kinh doanh thương mại
164549,TTN,kinh-doanh-thuong-mai,A00,Điểm thi THPT,2022,15.0,Kinh doanh thương mại
164550,TTN,kinh-doanh-thuong-mai,A01,Điểm thi THPT,2022,15.0,Kinh doanh thương mại
164551,TTN,kinh-doanh-thuong-mai,D01,Điểm thi THPT,2022,15.0,Kinh doanh thương mại
164552,TTN,kinh-doanh-thuong-mai,D07,Điểm thi THPT,2022,15.0,Kinh doanh thương mại
164553,TTN,kinh-doanh-thuong-mai,A00,Điểm học bạ,2023,21.0,Kinh doanh thương mại
164554,TTN,kinh-doanh-thuong-mai,A01,Điểm học bạ,2023,21.0,Kinh doanh thương mại
164555,TTN,kinh-doanh-thuong-mai,D01,Điểm học bạ,2023,21.0,Kinh doanh thương mại
164556,TTN,kinh-doanh-thuong-mai,D07,Điểm học bạ,2023,21.0,Kinh doanh thương mại
164557,TTN,kinh-doanh-thuong-mai,A00,Điểm thi THPT,2023,18.15,Kinh doanh thương mại
164558,TTN,kinh-doanh-thuong-mai,A01,Điểm thi THPT,2023,18.15,Kinh doanh thương mại
164559,TTN,kinh-doanh-thuong-mai,D01,Điểm thi THPT,2023,18.15,Kinh doanh thương mại
164560,TTN,kinh-doanh-thuong-mai,D07,Điểm thi THPT,2023,18.15,Kinh doanh thương mại
164561,TTN,kinh-doanh-thuong-mai,A00,Điểm học bạ,2024,24.6,Kinh doanh thương mại
164562,TTN,kinh-doanh-thuong-mai,A01,Điểm học bạ,2024,24.6,Kinh doanh thương mại
164563,TTN,kinh-doanh-thuong-mai,D01,Điểm học bạ,2024,24.6,Kinh doanh thương mại
164564,TTN,kinh-doanh-thuong-mai,D07,Điểm học bạ,2024,24.6,Kinh doanh thương mại
164565,TTN,kinh-doanh-thuong-mai,A00,Điểm thi THPT,2024,20.35,Kinh doanh thương mại
164566,TTN,kinh-doanh-thuong-mai,A01,Điểm thi THPT,2024,20.35,Kinh doanh thương mại
164567,TTN,kinh-doanh-thuong-mai,D01,Điểm thi THPT,2024,20.35,Kinh doanh thương mại
164568,TTN,kinh-doanh-thuong-mai,D07,Điểm thi THPT,2024,20.35,Kinh doanh thương mại
164569,TTN,kinh-doanh-thuong-mai,A01,Điểm học bạ,2025,24.39,Kinh doanh thương mại
164570,TTN,kinh-doanh-thuong-mai,C03,Điểm học bạ,2025,24.39,Kinh doanh thương mại
164571,TTN,kinh-doanh-thuong-mai,D01,Điểm học bạ,2025,24.39,Kinh doanh thương mại
164572,TTN,kinh-doanh-thuong-mai,D07,Điểm học bạ,2025,24.39,Kinh doanh thương mại
164573,TTN,kinh-doanh-thuong-mai,X78,Điểm học bạ,2025,24.39,Kinh doanh thương mại
164574,TTN,kinh-doanh-thuong-mai,A01,Điểm thi THPT,2025,21.58,Kinh doanh thương mại
164575,TTN,kinh-doanh-thuong-mai,C03,Điểm thi THPT,2025,21.58,Kinh doanh thương mại
164576,TTN,kinh-doanh-thuong-mai,D01,Điểm thi THPT,2025,21.58,Kinh doanh thương mại
164577,TTN,kinh-doanh-thuong-mai,D07,Điểm thi THPT,2025,21.58,Kinh doanh thương mại
164578,TTN,kinh-doanh-thuong-mai,X78,Điểm thi THPT,2025,21.58,Kinh doanh thương mại
164579,TTN,kinh-te,A00,Điểm học bạ,2021,18.0,Kinh tế
164580,TTN,kinh-te,A01,Điểm học bạ,2021,18.0,Kinh tế
164581,TTN,kinh-te,D01,Điểm học bạ,2021,18.0,Kinh tế
164582,TTN,kinh-te,D07,Điểm học bạ,2021,18.0,Kinh tế
164583,TTN,kinh-te,A00,Điểm thi THPT,2021,19.0,Kinh tế
164584,TTN,kinh-te,A01,Điểm thi THPT,2021,19.0,Kinh tế
164585,TTN,kinh-te,D01,Điểm thi THPT,2021,19.0,Kinh tế
164586,TTN,kinh-te,D07,Điểm thi THPT,2021,19.0,Kinh tế
164587,TTN,kinh-te,A00,Điểm học bạ,2022,18.0,Kinh tế
164588,TTN,kinh-te,A01,Điểm học bạ,2022,18.0,Kinh tế
164589,TTN,kinh-te,D01,Điểm học bạ,2022,18.0,Kinh tế
164590,TTN,kinh-te,D07,Điểm học bạ,2022,18.0,Kinh tế
164591,TTN,kinh-te,A00,Điểm thi THPT,2022,15.0,Kinh tế
164592,TTN,kinh-te,A01,Điểm thi THPT,2022,15.0,Kinh tế
164593,TTN,kinh-te,D01,Điểm thi THPT,2022,15.0,Kinh tế
164594,TTN,kinh-te,D07,Điểm thi THPT,2022,15.0,Kinh tế
164595,TTN,kinh-te,A00,Điểm học bạ,2023,20.75,Kinh tế
164596,TTN,kinh-te,A01,Điểm học bạ,2023,20.75,Kinh tế
164597,TTN,kinh-te,D01,Điểm học bạ,2023,20.75,Kinh tế
164598,TTN,kinh-te,D07,Điểm học bạ,2023,20.75,Kinh tế
164599,TTN,kinh-te,A00,Điểm thi THPT,2023,18.0,Kinh tế
164600,TTN,kinh-te,A01,Điểm thi THPT,2023,18.0,Kinh tế
164601,TTN,kinh-te,D01,Điểm thi THPT,2023,18.0,Kinh tế
164602,TTN,kinh-te,D07,Điểm thi THPT,2023,18.0,Kinh tế
164603,TTN,kinh-te,A00,Điểm học bạ,2024,22.7,Kinh tế
164604,TTN,kinh-te,A01,Điểm học bạ,2024,22.7,Kinh tế
164605,TTN,kinh-te,D01,Điểm học bạ,2024,22.7,Kinh tế
164606,TTN,kinh-te,D07,Điểm học bạ,2024,22.7,Kinh tế
164607,TTN,kinh-te,A00,Điểm thi THPT,2024,17.55,Kinh tế
164608,TTN,kinh-te,A01,Điểm thi THPT,2024,17.55,Kinh tế
164609,TTN,kinh-te,D01,Điểm thi THPT,2024,17.55,Kinh tế
164610,TTN,kinh-te,D07,Điểm thi THPT,2024,17.55,Kinh tế
164611,TTN,kinh-te,A01,Điểm học bạ,2025,23.36,Kinh tế
164612,TTN,kinh-te,C03,Điểm học bạ,2025,23.36,Kinh tế
164613,TTN,kinh-te,D01,Điểm học bạ,2025,23.36,Kinh tế
164614,TTN,kinh-te,D07,Điểm học bạ,2025,23.36,Kinh tế
164615,TTN,kinh-te,X78,Điểm học bạ,2025,23.36,Kinh tế
164616,TTN,kinh-te,A01,Điểm thi THPT,2025,20.36,Kinh tế
164617,TTN,kinh-te,C03,Điểm thi THPT,2025,20.36,Kinh tế
164618,TTN,kinh-te,D01,Điểm thi THPT,2025,20.36,Kinh tế
164619,TTN,kinh-te,D07,Điểm thi THPT,2025,20.36,Kinh tế
164620,TTN,kinh-te,X78,Điểm thi THPT,2025,20.36,Kinh tế
164621,TTN,kinh-te-nong-nghiep,A00,Điểm học bạ,2021,18.0,Kinh tế nông nghiệp
164622,TTN,kinh-te-nong-nghiep,A01,Điểm học bạ,2021,18.0,Kinh tế nông nghiệp
164623,TTN,kinh-te-nong-nghiep,D01,Điểm học bạ,2021,18.0,Kinh tế nông nghiệp
164624,TTN,kinh-te-nong-nghiep,D07,Điểm học bạ,2021,18.0,Kinh tế nông nghiệp
164625,TTN,kinh-te-nong-nghiep,A00,Điểm thi THPT,2021,15.0,Kinh tế nông nghiệp
164626,TTN,kinh-te-nong-nghiep,A01,Điểm thi THPT,2021,15.0,Kinh tế nông nghiệp
164627,TTN,kinh-te-nong-nghiep,D01,Điểm thi THPT,2021,15.0,Kinh tế nông nghiệp
164628,TTN,kinh-te-nong-nghiep,D07,Điểm thi THPT,2021,15.0,Kinh tế nông nghiệp
164629,TTN,kinh-te-nong-nghiep,A00,Điểm học bạ,2022,18.0,Kinh tế nông nghiệp
164630,TTN,kinh-te-nong-nghiep,A01,Điểm học bạ,2022,18.0,Kinh tế nông nghiệp
164631,TTN,kinh-te-nong-nghiep,D01,Điểm học bạ,2022,18.0,Kinh tế nông nghiệp
164632,TTN,kinh-te-nong-nghiep,D07,Điểm học bạ,2022,18.0,Kinh tế nông nghiệp
164633,TTN,kinh-te-nong-nghiep,A00,Điểm thi THPT,2022,15.0,Kinh tế nông nghiệp
164634,TTN,kinh-te-nong-nghiep,A01,Điểm thi THPT,2022,15.0,Kinh tế nông nghiệp
164635,TTN,kinh-te-nong-nghiep,D01,Điểm thi THPT,2022,15.0,Kinh tế nông nghiệp
164636,TTN,kinh-te-nong-nghiep,D07,Điểm thi THPT,2022,15.0,Kinh tế nông nghiệp
164637,TTN,kinh-te-nong-nghiep,A00,Điểm học bạ,2023,18.0,Kinh tế nông nghiệp
164638,TTN,kinh-te-nong-nghiep,A01,Điểm học bạ,2023,18.0,Kinh tế nông nghiệp
164639,TTN,kinh-te-nong-nghiep,D01,Điểm học bạ,2023,18.0,Kinh tế nông nghiệp
164640,TTN,kinh-te-nong-nghiep,D07,Điểm học bạ,2023,18.0,Kinh tế nông nghiệp
164641,TTN,kinh-te-nong-nghiep,A00,Điểm thi THPT,2023,15.0,Kinh tế nông nghiệp
164642,TTN,kinh-te-nong-nghiep,A01,Điểm thi THPT,2023,15.0,Kinh tế nông nghiệp
164643,TTN,kinh-te-nong-nghiep,D01,Điểm thi THPT,2023,15.0,Kinh tế nông nghiệp
164644,TTN,kinh-te-nong-nghiep,D07,Điểm thi THPT,2023,15.0,Kinh tế nông nghiệp
164645,TTN,kinh-te-nong-nghiep,A00,Điểm học bạ,2024,18.0,Kinh tế nông nghiệp
164646,TTN,kinh-te-nong-nghiep,A01,Điểm học bạ,2024,18.0,Kinh tế nông nghiệp
164647,TTN,kinh-te-nong-nghiep,D01,Điểm học bạ,2024,18.0,Kinh tế nông nghiệp
164648,TTN,kinh-te-nong-nghiep,D07,Điểm học bạ,2024,18.0,Kinh tế nông nghiệp
164649,TTN,kinh-te-nong-nghiep,A00,Điểm thi THPT,2024,15.0,Kinh tế nông nghiệp
164650,TTN,kinh-te-nong-nghiep,A01,Điểm thi THPT,2024,15.0,Kinh tế nông nghiệp
164651,TTN,kinh-te-nong-nghiep,D01,Điểm thi THPT,2024,15.0,Kinh tế nông nghiệp
164652,TTN,kinh-te-nong-nghiep,D07,Điểm thi THPT,2024,15.0,Kinh tế nông nghiệp
164653,TTN,kinh-te-nong-nghiep,A01,Điểm học bạ,2025,22.06,Kinh tế nông nghiệp
164654,TTN,kinh-te-nong-nghiep,C03,Điểm học bạ,2025,22.06,Kinh tế nông nghiệp
164655,TTN,kinh-te-nong-nghiep,D01,Điểm học bạ,2025,22.06,Kinh tế nông nghiệp
164656,TTN,kinh-te-nong-nghiep,D07,Điểm học bạ,2025,22.06,Kinh tế nông nghiệp
164657,TTN,kinh-te-nong-nghiep,X78,Điểm học bạ,2025,22.06,Kinh tế nông nghiệp
164658,TTN,kinh-te-nong-nghiep,A01,Điểm thi THPT,2025,19.06,Kinh tế nông nghiệp
164659,TTN,kinh-te-nong-nghiep,C03,Điểm thi THPT,2025,19.06,Kinh tế nông nghiệp
164660,TTN,kinh-te-nong-nghiep,D01,Điểm thi THPT,2025,19.06,Kinh tế nông nghiệp
164661,TTN,kinh-te-nong-nghiep,D07,Điểm thi THPT,2025,19.06,Kinh tế nông nghiệp
164662,TTN,kinh-te-nong-nghiep,X78,Điểm thi THPT,2025,19.06,Kinh tế nông nghiệp
164663,TTN,kinh-te-phat-trien,A00,Điểm học bạ,2021,18.0,Kinh tế phát triển
164664,TTN,kinh-te-phat-trien,A01,Điểm học bạ,2021,18.0,Kinh tế phát triển
164665,TTN,kinh-te-phat-trien,D01,Điểm học bạ,2021,18.0,Kinh tế phát triển
164666,TTN,kinh-te-phat-trien,D07,Điểm học bạ,2021,18.0,Kinh tế phát triển
164667,TTN,kinh-te-phat-trien,A00,Điểm thi THPT,2021,15.0,Kinh tế phát triển
164668,TTN,kinh-te-phat-trien,A01,Điểm thi THPT,2021,15.0,Kinh tế phát triển
164669,TTN,kinh-te-phat-trien,D01,Điểm thi THPT,2021,15.0,Kinh tế phát triển
164670,TTN,kinh-te-phat-trien,D07,Điểm thi THPT,2021,15.0,Kinh tế phát triển
164671,TTN,kinh-te-phat-trien,A00,Điểm học bạ,2022,18.0,Kinh tế phát triển
164672,TTN,kinh-te-phat-trien,A01,Điểm học bạ,2022,18.0,Kinh tế phát triển
164673,TTN,kinh-te-phat-trien,D01,Điểm học bạ,2022,18.0,Kinh tế phát triển
164674,TTN,kinh-te-phat-trien,D07,Điểm học bạ,2022,18.0,Kinh tế phát triển
164675,TTN,kinh-te-phat-trien,A00,Điểm thi THPT,2022,15.0,Kinh tế phát triển
164676,TTN,kinh-te-phat-trien,A01,Điểm thi THPT,2022,15.0,Kinh tế phát triển
164677,TTN,kinh-te-phat-trien,D01,Điểm thi THPT,2022,15.0,Kinh tế phát triển
164678,TTN,kinh-te-phat-trien,D07,Điểm thi THPT,2022,15.0,Kinh tế phát triển
164679,TTN,kinh-te-phat-trien,A00,Điểm học bạ,2023,18.0,Kinh tế phát triển
164680,TTN,kinh-te-phat-trien,A01,Điểm học bạ,2023,18.0,Kinh tế phát triển
164681,TTN,kinh-te-phat-trien,D01,Điểm học bạ,2023,18.0,Kinh tế phát triển
164682,TTN,kinh-te-phat-trien,D07,Điểm học bạ,2023,18.0,Kinh tế phát triển
164683,TTN,kinh-te-phat-trien,A00,Điểm thi THPT,2023,15.0,Kinh tế phát triển
164684,TTN,kinh-te-phat-trien,A01,Điểm thi THPT,2023,15.0,Kinh tế phát triển
164685,TTN,kinh-te-phat-trien,D01,Điểm thi THPT,2023,15.0,Kinh tế phát triển
164686,TTN,kinh-te-phat-trien,D07,Điểm thi THPT,2023,15.0,Kinh tế phát triển
164687,TTN,kinh-te-phat-trien,A00,Điểm học bạ,2024,20.1,Kinh tế phát triển
164688,TTN,kinh-te-phat-trien,A01,Điểm học bạ,2024,20.1,Kinh tế phát triển
164689,TTN,kinh-te-phat-trien,D01,Điểm học bạ,2024,20.1,Kinh tế phát triển
164690,TTN,kinh-te-phat-trien,D07,Điểm học bạ,2024,20.1,Kinh tế phát triển
164691,TTN,kinh-te-phat-trien,A00,Điểm thi THPT,2024,15.65,Kinh tế phát triển
164692,TTN,kinh-te-phat-trien,A01,Điểm thi THPT,2024,15.65,Kinh tế phát triển
164693,TTN,kinh-te-phat-trien,D01,Điểm thi THPT,2024,15.65,Kinh tế phát triển
164694,TTN,kinh-te-phat-trien,D07,Điểm thi THPT,2024,15.65,Kinh tế phát triển
164695,TTN,kinh-te-phat-trien,A01,Điểm học bạ,2025,22.31,Kinh tế phát triển
164696,TTN,kinh-te-phat-trien,C03,Điểm học bạ,2025,22.31,Kinh tế phát triển
164697,TTN,kinh-te-phat-trien,D01,Điểm học bạ,2025,22.31,Kinh tế phát triển
164698,TTN,kinh-te-phat-trien,D07,Điểm học bạ,2025,22.31,Kinh tế phát triển
164699,TTN,kinh-te-phat-trien,X78,Điểm học bạ,2025,22.31,Kinh tế phát triển
164700,TTN,kinh-te-phat-trien,A01,Điểm thi THPT,2025,19.31,Kinh tế phát triển
164701,TTN,kinh-te-phat-trien,C03,Điểm thi THPT,2025,19.31,Kinh tế phát triển
164702,TTN,kinh-te-phat-trien,D01,Điểm thi THPT,2025,19.31,Kinh tế phát triển
164703,TTN,kinh-te-phat-trien,D07,Điểm thi THPT,2025,19.31,Kinh tế phát triển
164704,TTN,kinh-te-phat-trien,X78,Điểm thi THPT,2025,19.31,Kinh tế phát triển
164705,TTN,kt-xet-nghiem-y-hoc,B00,Điểm thi THPT,2021,22.5,KT xét nghiệm y học
164706,TTN,kt-xet-nghiem-y-hoc,B00,Điểm học bạ,2022,25.8,KT xét nghiệm y học
164707,TTN,kt-xet-nghiem-y-hoc,B00,Điểm thi THPT,2022,22.1,KT xét nghiệm y học
164708,TTN,ky-thuat-xet-nghiem-y-hoc,B00,Điểm học bạ,2021,25.5,Kỹ thuật xét nghiệm y học
164709,TTN,ky-thuat-xet-nghiem-y-hoc,B00,Điểm học bạ,2023,24.25,Kỹ thuật xét nghiệm y học
164710,TTN,ky-thuat-xet-nghiem-y-hoc,B00,Điểm thi THPT,2023,21.35,Kỹ thuật xét nghiệm y học
164711,TTN,ky-thuat-xet-nghiem-y-hoc,B00,Điểm học bạ,2024,26.47,Kỹ thuật xét nghiệm y học
164712,TTN,ky-thuat-xet-nghiem-y-hoc,B00,Điểm thi THPT,2024,21.55,Kỹ thuật xét nghiệm y học
164713,TTN,ky-thuat-xet-nghiem-y-hoc,B00,Điểm học bạ,2025,26.01,Kỹ thuật xét nghiệm y học
164714,TTN,ky-thuat-xet-nghiem-y-hoc,B03,Điểm học bạ,2025,26.01,Kỹ thuật xét nghiệm y học
164715,TTN,ky-thuat-xet-nghiem-y-hoc,B08,Điểm học bạ,2025,26.01,Kỹ thuật xét nghiệm y học
164716,TTN,ky-thuat-xet-nghiem-y-hoc,D07,Điểm học bạ,2025,26.01,Kỹ thuật xét nghiệm y học
164717,TTN,ky-thuat-xet-nghiem-y-hoc,B00,Điểm thi THPT,2025,24.01,Kỹ thuật xét nghiệm y học
164718,TTN,ky-thuat-xet-nghiem-y-hoc,B03,Điểm thi THPT,2025,24.01,Kỹ thuật xét nghiệm y học
164719,TTN,ky-thuat-xet-nghiem-y-hoc,B08,Điểm thi THPT,2025,24.01,Kỹ thuật xét nghiệm y học
164720,TTN,ky-thuat-xet-nghiem-y-hoc,D07,Điểm thi THPT,2025,24.01,Kỹ thuật xét nghiệm y học
164721,TTN,lam-sinh,A00,Điểm học bạ,2021,18.0,Lâm sinh
164722,TTN,lam-sinh,A02,Điểm học bạ,2021,18.0,Lâm sinh
164723,TTN,lam-sinh,B00,Điểm học bạ,2021,18.0,Lâm sinh
164724,TTN,lam-sinh,B08,Điểm học bạ,2021,18.0,Lâm sinh
164725,TTN,lam-sinh,A00,Điểm thi THPT,2021,15.0,Lâm sinh
164726,TTN,lam-sinh,A02,Điểm thi THPT,2021,15.0,Lâm sinh
164727,TTN,lam-sinh,B00,Điểm thi THPT,2021,15.0,Lâm sinh
164728,TTN,lam-sinh,B08,Điểm thi THPT,2021,15.0,Lâm sinh
164729,TTN,lam-sinh,A00,Điểm học bạ,2022,18.0,Lâm sinh
164730,TTN,lam-sinh,A02,Điểm học bạ,2022,18.0,Lâm sinh
164731,TTN,lam-sinh,B00,Điểm học bạ,2022,18.0,Lâm sinh
164732,TTN,lam-sinh,B08,Điểm học bạ,2022,18.0,Lâm sinh
164733,TTN,lam-sinh,A00,Điểm thi THPT,2022,15.0,Lâm sinh
164734,TTN,lam-sinh,A02,Điểm thi THPT,2022,15.0,Lâm sinh
164735,TTN,lam-sinh,B00,Điểm thi THPT,2022,15.0,Lâm sinh
164736,TTN,lam-sinh,B08,Điểm thi THPT,2022,15.0,Lâm sinh
164737,TTN,lam-sinh,A00,Điểm học bạ,2023,18.0,Lâm sinh
164738,TTN,lam-sinh,A02,Điểm học bạ,2023,18.0,Lâm sinh
164739,TTN,lam-sinh,B00,Điểm học bạ,2023,18.0,Lâm sinh
164740,TTN,lam-sinh,B08,Điểm học bạ,2023,18.0,Lâm sinh
164741,TTN,lam-sinh,A00,Điểm thi THPT,2023,15.0,Lâm sinh
164742,TTN,lam-sinh,A02,Điểm thi THPT,2023,15.0,Lâm sinh
164743,TTN,lam-sinh,B00,Điểm thi THPT,2023,15.0,Lâm sinh
164744,TTN,lam-sinh,B08,Điểm thi THPT,2023,15.0,Lâm sinh
164745,TTN,lam-sinh,A00,Điểm học bạ,2024,18.0,Lâm sinh
164746,TTN,lam-sinh,A02,Điểm học bạ,2024,18.0,Lâm sinh
164747,TTN,lam-sinh,B00,Điểm học bạ,2024,18.0,Lâm sinh
164748,TTN,lam-sinh,B08,Điểm học bạ,2024,18.0,Lâm sinh
164749,TTN,lam-sinh,A00,Điểm thi THPT,2024,15.0,Lâm sinh
164750,TTN,lam-sinh,A02,Điểm thi THPT,2024,15.0,Lâm sinh
164751,TTN,lam-sinh,B00,Điểm thi THPT,2024,15.0,Lâm sinh
164752,TTN,lam-sinh,B08,Điểm thi THPT,2024,15.0,Lâm sinh
164753,TTN,lam-sinh,A02,Điểm học bạ,2025,18.0,Lâm sinh
164754,TTN,lam-sinh,B00,Điểm học bạ,2025,18.0,Lâm sinh
164755,TTN,lam-sinh,B08,Điểm học bạ,2025,18.0,Lâm sinh
164756,TTN,lam-sinh,D07,Điểm học bạ,2025,18.0,Lâm sinh
164757,TTN,lam-sinh,X08,Điểm học bạ,2025,18.0,Lâm sinh
164758,TTN,lam-sinh,A02,Điểm thi THPT,2025,15.0,Lâm sinh
164759,TTN,lam-sinh,B00,Điểm thi THPT,2025,15.0,Lâm sinh
164760,TTN,lam-sinh,B08,Điểm thi THPT,2025,15.0,Lâm sinh
164761,TTN,lam-sinh,D07,Điểm thi THPT,2025,15.0,Lâm sinh
164762,TTN,lam-sinh,X08,Điểm thi THPT,2025,15.0,Lâm sinh
164763,TTN,ngon-ngu-anh,D01,Điểm học bạ,2021,18.0,Ngôn ngữ Anh
164764,TTN,ngon-ngu-anh,D14,Điểm học bạ,2021,18.0,Ngôn ngữ Anh
164765,TTN,ngon-ngu-anh,D15,Điểm học bạ,2021,18.0,Ngôn ngữ Anh
164766,TTN,ngon-ngu-anh,D66,Điểm học bạ,2021,18.0,Ngôn ngữ Anh
164767,TTN,ngon-ngu-anh,D01,Điểm thi THPT,2021,21.25,Ngôn ngữ Anh
164768,TTN,ngon-ngu-anh,D14,Điểm thi THPT,2021,21.25,Ngôn ngữ Anh
164769,TTN,ngon-ngu-anh,D15,Điểm thi THPT,2021,21.25,Ngôn ngữ Anh
164770,TTN,ngon-ngu-anh,D66,Điểm thi THPT,2021,21.25,Ngôn ngữ Anh
164771,TTN,ngon-ngu-anh,D01,Điểm học bạ,2022,18.0,Ngôn ngữ Anh
164772,TTN,ngon-ngu-anh,D14,Điểm học bạ,2022,18.0,Ngôn ngữ Anh
164773,TTN,ngon-ngu-anh,D15,Điểm học bạ,2022,18.0,Ngôn ngữ Anh
164774,TTN,ngon-ngu-anh,D66,Điểm học bạ,2022,18.0,Ngôn ngữ Anh
164775,TTN,ngon-ngu-anh,D01,Điểm thi THPT,2022,16.0,Ngôn ngữ Anh
164776,TTN,ngon-ngu-anh,D14,Điểm thi THPT,2022,16.0,Ngôn ngữ Anh
164777,TTN,ngon-ngu-anh,D15,Điểm thi THPT,2022,16.0,Ngôn ngữ Anh
164778,TTN,ngon-ngu-anh,D66,Điểm thi THPT,2022,16.0,Ngôn ngữ Anh
164779,TTN,ngon-ngu-anh,D01,Điểm học bạ,2023,22.45,Ngôn ngữ Anh
164780,TTN,ngon-ngu-anh,D14,Điểm học bạ,2023,22.45,Ngôn ngữ Anh
164781,TTN,ngon-ngu-anh,D15,Điểm học bạ,2023,22.45,Ngôn ngữ Anh
164782,TTN,ngon-ngu-anh,D66,Điểm học bạ,2023,22.45,Ngôn ngữ Anh
164783,TTN,ngon-ngu-anh,D01,Điểm thi THPT,2023,20.0,Ngôn ngữ Anh
164784,TTN,ngon-ngu-anh,D14,Điểm thi THPT,2023,20.0,Ngôn ngữ Anh
164785,TTN,ngon-ngu-anh,D15,Điểm thi THPT,2023,20.0,Ngôn ngữ Anh
164786,TTN,ngon-ngu-anh,D66,Điểm thi THPT,2023,20.0,Ngôn ngữ Anh
164787,TTN,ngon-ngu-anh,D01,Điểm học bạ,2024,23.48,Ngôn ngữ Anh
164788,TTN,ngon-ngu-anh,D14,Điểm học bạ,2024,23.48,Ngôn ngữ Anh
164789,TTN,ngon-ngu-anh,D15,Điểm học bạ,2024,23.48,Ngôn ngữ Anh
164790,TTN,ngon-ngu-anh,D66,Điểm học bạ,2024,23.48,Ngôn ngữ Anh
164791,TTN,ngon-ngu-anh,D01,Điểm thi THPT,2024,20.1,Ngôn ngữ Anh
164792,TTN,ngon-ngu-anh,D14,Điểm thi THPT,2024,20.1,Ngôn ngữ Anh
164793,TTN,ngon-ngu-anh,D15,Điểm thi THPT,2024,20.1,Ngôn ngữ Anh
164794,TTN,ngon-ngu-anh,D66,Điểm thi THPT,2024,20.1,Ngôn ngữ Anh
164795,TTN,ngon-ngu-anh,D01,Điểm học bạ,2025,25.07,Ngôn ngữ Anh
164796,TTN,ngon-ngu-anh,D14,Điểm học bạ,2025,25.07,Ngôn ngữ Anh
164797,TTN,ngon-ngu-anh,D15,Điểm học bạ,2025,25.07,Ngôn ngữ Anh
164798,TTN,ngon-ngu-anh,X78,Điểm học bạ,2025,25.07,Ngôn ngữ Anh
164799,TTN,ngon-ngu-anh,D01,Điểm thi THPT,2025,22.6,Ngôn ngữ Anh
164800,TTN,ngon-ngu-anh,D14,Điểm thi THPT,2025,22.6,Ngôn ngữ Anh
164801,TTN,ngon-ngu-anh,D15,Điểm thi THPT,2025,22.6,Ngôn ngữ Anh
164802,TTN,ngon-ngu-anh,X78,Điểm thi THPT,2025,22.6,Ngôn ngữ Anh
164803,TTN,quan-li-dat-dai,A00,Điểm học bạ,2021,18.0,Quản lí đất đai
164804,TTN,quan-li-dat-dai,A01,Điểm học bạ,2021,18.0,Quản lí đất đai
164805,TTN,quan-li-dat-dai,A02,Điểm học bạ,2021,18.0,Quản lí đất đai
164806,TTN,quan-li-dat-dai,B00,Điểm học bạ,2021,18.0,Quản lí đất đai
164807,TTN,quan-li-dat-dai,A00,Điểm học bạ,2022,18.0,Quản lí đất đai
164808,TTN,quan-li-dat-dai,A01,Điểm học bạ,2022,18.0,Quản lí đất đai
164809,TTN,quan-li-dat-dai,A02,Điểm học bạ,2022,18.0,Quản lí đất đai
164810,TTN,quan-li-dat-dai,B00,Điểm học bạ,2022,18.0,Quản lí đất đai
164811,TTN,quan-li-dat-dai,A00,Điểm thi THPT,2022,15.0,Quản lí đất đai
164812,TTN,quan-li-dat-dai,A01,Điểm thi THPT,2022,15.0,Quản lí đất đai
164813,TTN,quan-li-dat-dai,A02,Điểm thi THPT,2022,15.0,Quản lí đất đai
164814,TTN,quan-li-dat-dai,B00,Điểm thi THPT,2022,15.0,Quản lí đất đai
164815,TTN,quan-li-dat-dai,A00,Điểm học bạ,2023,18.0,Quản lí đất đai
164816,TTN,quan-li-dat-dai,A01,Điểm học bạ,2023,18.0,Quản lí đất đai
164817,TTN,quan-li-dat-dai,A02,Điểm học bạ,2023,18.0,Quản lí đất đai
164818,TTN,quan-li-dat-dai,B00,Điểm học bạ,2023,18.0,Quản lí đất đai
164819,TTN,quan-li-dat-dai,A00,Điểm thi THPT,2023,15.0,Quản lí đất đai
164820,TTN,quan-li-dat-dai,A01,Điểm thi THPT,2023,15.0,Quản lí đất đai
164821,TTN,quan-li-dat-dai,A02,Điểm thi THPT,2023,15.0,Quản lí đất đai
164822,TTN,quan-li-dat-dai,B00,Điểm thi THPT,2023,15.0,Quản lí đất đai
164823,TTN,quan-li-tai-nguyen-rung,A00,Điểm học bạ,2022,24.8,Quản lí tài nguyên rừng
164824,TTN,quan-li-tai-nguyen-rung,A02,Điểm học bạ,2022,24.8,Quản lí tài nguyên rừng
164825,TTN,quan-li-tai-nguyen-rung,B00,Điểm học bạ,2022,24.8,Quản lí tài nguyên rừng
164826,TTN,quan-li-tai-nguyen-rung,B08,Điểm học bạ,2022,24.8,Quản lí tài nguyên rừng
164827,TTN,quan-li-tai-nguyen-rung,A00,Điểm thi THPT,2022,17.0,Quản lí tài nguyên rừng
164828,TTN,quan-li-tai-nguyen-rung,A02,Điểm thi THPT,2022,17.0,Quản lí tài nguyên rừng
164829,TTN,quan-li-tai-nguyen-rung,B00,Điểm thi THPT,2022,17.0,Quản lí tài nguyên rừng
164830,TTN,quan-li-tai-nguyen-rung,B08,Điểm thi THPT,2022,17.0,Quản lí tài nguyên rừng
164831,TTN,quan-ly-dat-dai,A00,Điểm thi THPT,2021,15.0,Quản lý đất đai
164832,TTN,quan-ly-dat-dai,A01,Điểm thi THPT,2021,15.0,Quản lý đất đai
164833,TTN,quan-ly-dat-dai,A02,Điểm thi THPT,2021,15.0,Quản lý đất đai
164834,TTN,quan-ly-dat-dai,B00,Điểm thi THPT,2021,15.0,Quản lý đất đai
164835,TTN,quan-ly-dat-dai,A00,Điểm học bạ,2024,18.0,Quản lý đất đai
164836,TTN,quan-ly-dat-dai,A01,Điểm học bạ,2024,18.0,Quản lý đất đai
164837,TTN,quan-ly-dat-dai,A02,Điểm học bạ,2024,18.0,Quản lý đất đai
164838,TTN,quan-ly-dat-dai,B00,Điểm học bạ,2024,18.0,Quản lý đất đai
164839,TTN,quan-ly-dat-dai,A00,Điểm thi THPT,2024,15.0,Quản lý đất đai
164840,TTN,quan-ly-dat-dai,A01,Điểm thi THPT,2024,15.0,Quản lý đất đai
164841,TTN,quan-ly-dat-dai,A02,Điểm thi THPT,2024,15.0,Quản lý đất đai
164842,TTN,quan-ly-dat-dai,B00,Điểm thi THPT,2024,15.0,Quản lý đất đai
164843,TTN,quan-ly-dat-dai,A00,Điểm học bạ,2025,18.0,Quản lý đất đai
164844,TTN,quan-ly-dat-dai,A01,Điểm học bạ,2025,18.0,Quản lý đất đai
164845,TTN,quan-ly-dat-dai,A02,Điểm học bạ,2025,18.0,Quản lý đất đai
164846,TTN,quan-ly-dat-dai,B00,Điểm học bạ,2025,18.0,Quản lý đất đai
164847,TTN,quan-ly-dat-dai,X08,Điểm học bạ,2025,18.0,Quản lý đất đai
164848,TTN,quan-ly-dat-dai,A00,Điểm thi THPT,2025,15.0,Quản lý đất đai
164849,TTN,quan-ly-dat-dai,A01,Điểm thi THPT,2025,15.0,Quản lý đất đai
164850,TTN,quan-ly-dat-dai,A02,Điểm thi THPT,2025,15.0,Quản lý đất đai
164851,TTN,quan-ly-dat-dai,B00,Điểm thi THPT,2025,15.0,Quản lý đất đai
164852,TTN,quan-ly-dat-dai,X08,Điểm thi THPT,2025,15.0,Quản lý đất đai
164853,TTN,quan-tri-kinh-doanh,A00,Điểm học bạ,2021,21.0,Quản trị kinh doanh
164854,TTN,quan-tri-kinh-doanh,A01,Điểm học bạ,2021,21.0,Quản trị kinh doanh
164855,TTN,quan-tri-kinh-doanh,D01,Điểm học bạ,2021,21.0,Quản trị kinh doanh
164856,TTN,quan-tri-kinh-doanh,D07,Điểm học bạ,2021,21.0,Quản trị kinh doanh
164857,TTN,quan-tri-kinh-doanh,A00,Điểm thi THPT,2021,21.0,Quản trị kinh doanh
164858,TTN,quan-tri-kinh-doanh,A01,Điểm thi THPT,2021,21.0,Quản trị kinh doanh
164859,TTN,quan-tri-kinh-doanh,D01,Điểm thi THPT,2021,21.0,Quản trị kinh doanh
164860,TTN,quan-tri-kinh-doanh,D07,Điểm thi THPT,2021,21.0,Quản trị kinh doanh
164861,TTN,quan-tri-kinh-doanh,A00,Điểm học bạ,2022,21.5,Quản trị kinh doanh
164862,TTN,quan-tri-kinh-doanh,A01,Điểm học bạ,2022,21.5,Quản trị kinh doanh
164863,TTN,quan-tri-kinh-doanh,D01,Điểm học bạ,2022,21.5,Quản trị kinh doanh
164864,TTN,quan-tri-kinh-doanh,D07,Điểm học bạ,2022,21.5,Quản trị kinh doanh
164865,TTN,quan-tri-kinh-doanh,A00,Điểm thi THPT,2022,16.0,Quản trị kinh doanh
164866,TTN,quan-tri-kinh-doanh,A01,Điểm thi THPT,2022,16.0,Quản trị kinh doanh
164867,TTN,quan-tri-kinh-doanh,D01,Điểm thi THPT,2022,16.0,Quản trị kinh doanh
164868,TTN,quan-tri-kinh-doanh,D07,Điểm thi THPT,2022,16.0,Quản trị kinh doanh
164869,TTN,quan-tri-kinh-doanh,A00,Điểm học bạ,2023,22.0,Quản trị kinh doanh
164870,TTN,quan-tri-kinh-doanh,A01,Điểm học bạ,2023,22.0,Quản trị kinh doanh
164871,TTN,quan-tri-kinh-doanh,D01,Điểm học bạ,2023,22.0,Quản trị kinh doanh
164872,TTN,quan-tri-kinh-doanh,D07,Điểm học bạ,2023,22.0,Quản trị kinh doanh
164873,TTN,quan-tri-kinh-doanh,A00,Điểm thi THPT,2023,19.0,Quản trị kinh doanh
164874,TTN,quan-tri-kinh-doanh,A01,Điểm thi THPT,2023,19.0,Quản trị kinh doanh
164875,TTN,quan-tri-kinh-doanh,D01,Điểm thi THPT,2023,19.0,Quản trị kinh doanh
164876,TTN,quan-tri-kinh-doanh,D07,Điểm thi THPT,2023,19.0,Quản trị kinh doanh
164877,TTN,quan-tri-kinh-doanh,A00,Điểm học bạ,2024,22.9,Quản trị kinh doanh
164878,TTN,quan-tri-kinh-doanh,A01,Điểm học bạ,2024,22.9,Quản trị kinh doanh
164879,TTN,quan-tri-kinh-doanh,D01,Điểm học bạ,2024,22.9,Quản trị kinh doanh
164880,TTN,quan-tri-kinh-doanh,D07,Điểm học bạ,2024,22.9,Quản trị kinh doanh
164881,TTN,quan-tri-kinh-doanh,A00,Điểm thi THPT,2024,18.35,Quản trị kinh doanh
164882,TTN,quan-tri-kinh-doanh,A01,Điểm thi THPT,2024,18.35,Quản trị kinh doanh
164883,TTN,quan-tri-kinh-doanh,D01,Điểm thi THPT,2024,18.35,Quản trị kinh doanh
164884,TTN,quan-tri-kinh-doanh,D07,Điểm thi THPT,2024,18.35,Quản trị kinh doanh
164885,TTN,quan-tri-kinh-doanh,A01,Điểm học bạ,2025,23.94,Quản trị kinh doanh
164886,TTN,quan-tri-kinh-doanh,C03,Điểm học bạ,2025,23.94,Quản trị kinh doanh
164887,TTN,quan-tri-kinh-doanh,D01,Điểm học bạ,2025,23.94,Quản trị kinh doanh
164888,TTN,quan-tri-kinh-doanh,D07,Điểm học bạ,2025,23.94,Quản trị kinh doanh
164889,TTN,quan-tri-kinh-doanh,X78,Điểm học bạ,2025,23.94,Quản trị kinh doanh
164890,TTN,quan-tri-kinh-doanh,A01,Điểm thi THPT,2025,20.96,Quản trị kinh doanh
164891,TTN,quan-tri-kinh-doanh,C03,Điểm thi THPT,2025,20.96,Quản trị kinh doanh
164892,TTN,quan-tri-kinh-doanh,D01,Điểm thi THPT,2025,20.96,Quản trị kinh doanh
164893,TTN,quan-tri-kinh-doanh,D07,Điểm thi THPT,2025,20.96,Quản trị kinh doanh
164894,TTN,quan-tri-kinh-doanh,X78,Điểm thi THPT,2025,20.96,Quản trị kinh doanh
164895,TTN,sinh-hoc,A02,Điểm học bạ,2021,18.0,Sinh học
164896,TTN,sinh-hoc,B00,Điểm học bạ,2021,18.0,Sinh học
164897,TTN,sinh-hoc,B03,Điểm học bạ,2021,18.0,Sinh học
164898,TTN,sinh-hoc,B08,Điểm học bạ,2021,18.0,Sinh học
164899,TTN,sinh-hoc,A02,Điểm thi THPT,2021,15.0,Sinh học
164900,TTN,sinh-hoc,B00,Điểm thi THPT,2021,15.0,Sinh học
164901,TTN,sinh-hoc,B03,Điểm thi THPT,2021,15.0,Sinh học
164902,TTN,sinh-hoc,B08,Điểm thi THPT,2021,15.0,Sinh học
164903,TTN,sinh-hoc,A02,Điểm học bạ,2022,25.5,Sinh học
164904,TTN,sinh-hoc,B00,Điểm học bạ,2022,25.5,Sinh học
164905,TTN,sinh-hoc,B03,Điểm học bạ,2022,25.5,Sinh học
164906,TTN,sinh-hoc,B08,Điểm học bạ,2022,25.5,Sinh học
164907,TTN,sinh-hoc,A02,Điểm thi THPT,2022,21.5,Sinh học
164908,TTN,sinh-hoc,B00,Điểm thi THPT,2022,21.5,Sinh học
164909,TTN,sinh-hoc,B03,Điểm thi THPT,2022,21.5,Sinh học
164910,TTN,sinh-hoc,B08,Điểm thi THPT,2022,21.5,Sinh học
164911,TTN,su-pham-hoa-hoc,A00,Điểm học bạ,2021,23.0,Sư phạm Hóa học
164912,TTN,su-pham-hoa-hoc,B00,Điểm học bạ,2021,23.0,Sư phạm Hóa học
164913,TTN,su-pham-hoa-hoc,D07,Điểm học bạ,2021,23.0,Sư phạm Hóa học
164914,TTN,su-pham-hoa-hoc,A00,Điểm thi THPT,2021,20.25,Sư phạm Hóa học
164915,TTN,su-pham-hoa-hoc,B00,Điểm thi THPT,2021,20.25,Sư phạm Hóa học
164916,TTN,su-pham-hoa-hoc,D07,Điểm thi THPT,2021,20.25,Sư phạm Hóa học
164917,TTN,su-pham-hoa-hoc,A00,Điểm học bạ,2022,23.25,Sư phạm Hóa học
164918,TTN,su-pham-hoa-hoc,B00,Điểm học bạ,2022,23.25,Sư phạm Hóa học
164919,TTN,su-pham-hoa-hoc,D07,Điểm học bạ,2022,23.25,Sư phạm Hóa học
164920,TTN,su-pham-hoa-hoc,A00,Điểm thi THPT,2022,22.75,Sư phạm Hóa học
164921,TTN,su-pham-hoa-hoc,B00,Điểm thi THPT,2022,22.75,Sư phạm Hóa học
164922,TTN,su-pham-hoa-hoc,D07,Điểm thi THPT,2022,22.75,Sư phạm Hóa học
164923,TTN,su-pham-hoa-hoc,A00,Điểm học bạ,2023,26.55,Sư phạm Hóa học
164924,TTN,su-pham-hoa-hoc,B00,Điểm học bạ,2023,26.55,Sư phạm Hóa học
164925,TTN,su-pham-hoa-hoc,D07,Điểm học bạ,2023,26.55,Sư phạm Hóa học
164926,TTN,su-pham-hoa-hoc,A00,Điểm thi THPT,2023,23.65,Sư phạm Hóa học
164927,TTN,su-pham-hoa-hoc,B00,Điểm thi THPT,2023,23.65,Sư phạm Hóa học
164928,TTN,su-pham-hoa-hoc,D07,Điểm thi THPT,2023,23.65,Sư phạm Hóa học
164929,TTN,su-pham-hoa-hoc,A00,Điểm học bạ,2024,28.23,Sư phạm Hóa học
164930,TTN,su-pham-hoa-hoc,B00,Điểm học bạ,2024,28.23,Sư phạm Hóa học
164931,TTN,su-pham-hoa-hoc,D07,Điểm học bạ,2024,28.23,Sư phạm Hóa học
164932,TTN,su-pham-hoa-hoc,A00,Điểm thi THPT,2024,25.32,Sư phạm Hoá học
164933,TTN,su-pham-hoa-hoc,B00,Điểm thi THPT,2024,25.32,Sư phạm Hoá học
164934,TTN,su-pham-hoa-hoc,D07,Điểm thi THPT,2024,25.32,Sư phạm Hoá học
164935,TTN,su-pham-hoa-hoc,A00,Điểm học bạ,2025,27.91,Sư phạm Hóa học
164936,TTN,su-pham-hoa-hoc,B00,Điểm học bạ,2025,27.91,Sư phạm Hóa học
164937,TTN,su-pham-hoa-hoc,C02,Điểm học bạ,2025,27.91,Sư phạm Hóa học
164938,TTN,su-pham-hoa-hoc,D07,Điểm học bạ,2025,27.91,Sư phạm Hóa học
164939,TTN,su-pham-hoa-hoc,A00,Điểm thi THPT,2025,26.86,Sư phạm Hóa học
164940,TTN,su-pham-hoa-hoc,B00,Điểm thi THPT,2025,26.86,Sư phạm Hóa học
164941,TTN,su-pham-hoa-hoc,C02,Điểm thi THPT,2025,26.86,Sư phạm Hóa học
164942,TTN,su-pham-hoa-hoc,D07,Điểm thi THPT,2025,26.86,Sư phạm Hóa học
164943,TTN,su-pham-khoa-hoc-tu-nhien,A00,Điểm học bạ,2023,23.0,Sư phạm Khoa học tự nhiên
164944,TTN,su-pham-khoa-hoc-tu-nhien,A02,Điểm học bạ,2023,23.0,Sư phạm Khoa học tự nhiên
164945,TTN,su-pham-khoa-hoc-tu-nhien,A16,Điểm học bạ,2023,23.0,Sư phạm Khoa học tự nhiên
164946,TTN,su-pham-khoa-hoc-tu-nhien,D90,Điểm học bạ,2023,23.0,Sư phạm Khoa học tự nhiên
164947,TTN,su-pham-khoa-hoc-tu-nhien,A00,Điểm thi THPT,2023,19.43,Sư phạm Khoa học tự nhiên
164948,TTN,su-pham-khoa-hoc-tu-nhien,A02,Điểm thi THPT,2023,19.43,Sư phạm Khoa học tự nhiên
164949,TTN,su-pham-khoa-hoc-tu-nhien,A16,Điểm thi THPT,2023,19.43,Sư phạm Khoa học tự nhiên
164950,TTN,su-pham-khoa-hoc-tu-nhien,D90,Điểm thi THPT,2023,19.43,Sư phạm Khoa học tự nhiên
164951,TTN,su-pham-khoa-hoc-tu-nhien,A00,Điểm học bạ,2024,28.25,Sư phạm Khoa học tự nhiên
164952,TTN,su-pham-khoa-hoc-tu-nhien,A02,Điểm học bạ,2024,28.25,Sư phạm Khoa học tự nhiên
164953,TTN,su-pham-khoa-hoc-tu-nhien,A16,Điểm học bạ,2024,28.25,Sư phạm Khoa học tự nhiên
164954,TTN,su-pham-khoa-hoc-tu-nhien,D90,Điểm học bạ,2024,28.25,Sư phạm Khoa học tự nhiên
164955,TTN,su-pham-khoa-hoc-tu-nhien,A00,Điểm thi THPT,2024,24.34,Sư phạm Khoa học tự nhiên
164956,TTN,su-pham-khoa-hoc-tu-nhien,A02,Điểm thi THPT,2024,24.34,Sư phạm Khoa học tự nhiên
164957,TTN,su-pham-khoa-hoc-tu-nhien,A16,Điểm thi THPT,2024,24.34,Sư phạm Khoa học tự nhiên
164958,TTN,su-pham-khoa-hoc-tu-nhien,D90,Điểm thi THPT,2024,24.34,Sư phạm Khoa học tự nhiên
164959,TTN,su-pham-khoa-hoc-tu-nhien,A00,Điểm học bạ,2025,27.49,Sư phạm Khoa học tự nhiên
164960,TTN,su-pham-khoa-hoc-tu-nhien,A02,Điểm học bạ,2025,27.49,Sư phạm Khoa học tự nhiên
164961,TTN,su-pham-khoa-hoc-tu-nhien,B00,Điểm học bạ,2025,27.49,Sư phạm Khoa học tự nhiên
164962,TTN,su-pham-khoa-hoc-tu-nhien,C05,Điểm học bạ,2025,27.49,Sư phạm Khoa học tự nhiên
164963,TTN,su-pham-khoa-hoc-tu-nhien,A00,Điểm thi THPT,2025,26.23,Sư phạm Khoa học tự nhiên
164964,TTN,su-pham-khoa-hoc-tu-nhien,A02,Điểm thi THPT,2025,26.23,Sư phạm Khoa học tự nhiên
164965,TTN,su-pham-khoa-hoc-tu-nhien,B00,Điểm thi THPT,2025,26.23,Sư phạm Khoa học tự nhiên
164966,TTN,su-pham-khoa-hoc-tu-nhien,C05,Điểm thi THPT,2025,26.23,Sư phạm Khoa học tự nhiên
164967,TTN,su-pham-khtn,A00,Điểm học bạ,2022,23.0,Sư phạm KHTN
164968,TTN,su-pham-khtn,A02,Điểm học bạ,2022,23.0,Sư phạm KHTN
164969,TTN,su-pham-khtn,B00,Điểm học bạ,2022,23.0,Sư phạm KHTN
164970,TTN,su-pham-khtn,D90,Điểm học bạ,2022,23.0,Sư phạm KHTN
164971,TTN,su-pham-khtn,A00,Điểm thi THPT,2022,19.0,Sư phạm KHTN
164972,TTN,su-pham-khtn,A02,Điểm thi THPT,2022,19.0,Sư phạm KHTN
164973,TTN,su-pham-khtn,B00,Điểm thi THPT,2022,19.0,Sư phạm KHTN
164974,TTN,su-pham-khtn,D90,Điểm thi THPT,2022,19.0,Sư phạm KHTN
164975,TTN,su-pham-ngu-van,C00,Điểm học bạ,2021,23.0,Sư phạm Ngữ văn
164976,TTN,su-pham-ngu-van,C19,Điểm học bạ,2021,23.0,Sư phạm Ngữ văn
164977,TTN,su-pham-ngu-van,C20,Điểm học bạ,2021,23.0,Sư phạm Ngữ văn
164978,TTN,su-pham-ngu-van,C00,Điểm thi THPT,2021,22.0,Sư phạm Ngữ văn
164979,TTN,su-pham-ngu-van,C19,Điểm thi THPT,2021,22.0,Sư phạm Ngữ văn
164980,TTN,su-pham-ngu-van,C20,Điểm thi THPT,2021,22.0,Sư phạm Ngữ văn
164981,TTN,su-pham-ngu-van,C00,Điểm học bạ,2022,26.1,Sư phạm Ngữ văn
164982,TTN,su-pham-ngu-van,C19,Điểm học bạ,2022,26.1,Sư phạm Ngữ văn
164983,TTN,su-pham-ngu-van,C20,Điểm học bạ,2022,26.1,Sư phạm Ngữ văn
164984,TTN,su-pham-ngu-van,C00,Điểm thi THPT,2022,24.75,Sư phạm Ngữ văn
164985,TTN,su-pham-ngu-van,C19,Điểm thi THPT,2022,24.75,Sư phạm Ngữ văn
164986,TTN,su-pham-ngu-van,C20,Điểm thi THPT,2022,24.75,Sư phạm Ngữ văn
164987,TTN,su-pham-ngu-van,C00,Điểm học bạ,2023,27.5,Sư phạm Ngữ văn
164988,TTN,su-pham-ngu-van,C19,Điểm học bạ,2023,27.5,Sư phạm Ngữ văn
164989,TTN,su-pham-ngu-van,C20,Điểm học bạ,2023,27.5,Sư phạm Ngữ văn
164990,TTN,su-pham-ngu-van,C00,Điểm thi THPT,2023,26.0,Sư phạm Ngữ văn
164991,TTN,su-pham-ngu-van,C19,Điểm thi THPT,2023,26.0,Sư phạm Ngữ văn
164992,TTN,su-pham-ngu-van,C20,Điểm thi THPT,2023,26.0,Sư phạm Ngữ văn
164993,TTN,su-pham-ngu-van,C00,Điểm học bạ,2024,28.04,Sư phạm Ngữ văn
164994,TTN,su-pham-ngu-van,C19,Điểm học bạ,2024,28.04,Sư phạm Ngữ văn
164995,TTN,su-pham-ngu-van,C20,Điểm học bạ,2024,28.04,Sư phạm Ngữ văn
164996,TTN,su-pham-ngu-van,D14,Điểm học bạ,2024,28.04,Sư phạm Ngữ văn
164997,TTN,su-pham-ngu-van,C00,Điểm thi THPT,2024,27.58,Sư phạm Ngữ văn
164998,TTN,su-pham-ngu-van,C19,Điểm thi THPT,2024,27.58,Sư phạm Ngữ văn
164999,TTN,su-pham-ngu-van,C20,Điểm thi THPT,2024,27.58,Sư phạm Ngữ văn
165000,TTN,su-pham-ngu-van,D14,Điểm thi THPT,2024,27.58,Sư phạm Ngữ văn
165001,TTN,su-pham-ngu-van,C00,Điểm học bạ,2025,28.09,Sư phạm Ngữ văn
165002,TTN,su-pham-ngu-van,D14,Điểm học bạ,2025,28.09,Sư phạm Ngữ văn
165003,TTN,su-pham-ngu-van,X70,Điểm học bạ,2025,28.09,Sư phạm Ngữ văn
165004,TTN,su-pham-ngu-van,X74,Điểm học bạ,2025,28.09,Sư phạm Ngữ văn
165005,TTN,su-pham-ngu-van,C00,Điểm thi THPT,2025,27.13,Sư phạm Ngữ văn
165006,TTN,su-pham-ngu-van,D14,Điểm thi THPT,2025,27.13,Sư phạm Ngữ văn
165007,TTN,su-pham-ngu-van,X70,Điểm thi THPT,2025,27.13,Sư phạm Ngữ văn
165008,TTN,su-pham-ngu-van,X74,Điểm thi THPT,2025,27.13,Sư phạm Ngữ văn
165009,TTN,su-pham-sinh-hoc,A02,Điểm học bạ,2021,23.0,Sư phạm Sinh học
165010,TTN,su-pham-sinh-hoc,B00,Điểm học bạ,2021,23.0,Sư phạm Sinh học
165011,TTN,su-pham-sinh-hoc,B03,Điểm học bạ,2021,23.0,Sư phạm Sinh học
165012,TTN,su-pham-sinh-hoc,B08,Điểm học bạ,2021,23.0,Sư phạm Sinh học
165013,TTN,su-pham-sinh-hoc,A02,Điểm thi THPT,2021,19.0,Sư phạm Sinh học
165014,TTN,su-pham-sinh-hoc,B00,Điểm thi THPT,2021,19.0,Sư phạm Sinh học
165015,TTN,su-pham-sinh-hoc,B03,Điểm thi THPT,2021,19.0,Sư phạm Sinh học
165016,TTN,su-pham-sinh-hoc,B08,Điểm thi THPT,2021,19.0,Sư phạm Sinh học
165017,TTN,su-pham-sinh-hoc,A02,Điểm học bạ,2022,23.0,Sư phạm Sinh học
165018,TTN,su-pham-sinh-hoc,B00,Điểm học bạ,2022,23.0,Sư phạm Sinh học
165019,TTN,su-pham-sinh-hoc,B03,Điểm học bạ,2022,23.0,Sư phạm Sinh học
165020,TTN,su-pham-sinh-hoc,B08,Điểm học bạ,2022,23.0,Sư phạm Sinh học
165021,TTN,su-pham-sinh-hoc,A02,Điểm thi THPT,2022,19.0,Sư phạm Sinh học
165022,TTN,su-pham-sinh-hoc,B00,Điểm thi THPT,2022,19.0,Sư phạm Sinh học
165023,TTN,su-pham-sinh-hoc,B03,Điểm thi THPT,2022,19.0,Sư phạm Sinh học
165024,TTN,su-pham-sinh-hoc,B08,Điểm thi THPT,2022,19.0,Sư phạm Sinh học
165025,TTN,su-pham-sinh-hoc,A02,Điểm học bạ,2023,24.0,Sư phạm Sinh học
165026,TTN,su-pham-sinh-hoc,B00,Điểm học bạ,2023,24.0,Sư phạm Sinh học
165027,TTN,su-pham-sinh-hoc,B03,Điểm học bạ,2023,24.0,Sư phạm Sinh học
165028,TTN,su-pham-sinh-hoc,B08,Điểm học bạ,2023,24.0,Sư phạm Sinh học
165029,TTN,su-pham-sinh-hoc,A02,Điểm thi THPT,2023,20.45,Sư phạm Sinh học
165030,TTN,su-pham-sinh-hoc,B00,Điểm thi THPT,2023,20.45,Sư phạm Sinh học
165031,TTN,su-pham-sinh-hoc,B03,Điểm thi THPT,2023,20.45,Sư phạm Sinh học
165032,TTN,su-pham-sinh-hoc,B08,Điểm thi THPT,2023,20.45,Sư phạm Sinh học
165033,TTN,su-pham-sinh-hoc,A02,Điểm học bạ,2024,27.95,Sư phạm Sinh học
165034,TTN,su-pham-sinh-hoc,B00,Điểm học bạ,2024,27.95,Sư phạm Sinh học
165035,TTN,su-pham-sinh-hoc,B03,Điểm học bạ,2024,27.95,Sư phạm Sinh học
165036,TTN,su-pham-sinh-hoc,B08,Điểm học bạ,2024,27.95,Sư phạm Sinh học
165037,TTN,su-pham-sinh-hoc,A02,Điểm thi THPT,2024,24.05,Sư phạm Sinh học
165038,TTN,su-pham-sinh-hoc,B00,Điểm thi THPT,2024,24.05,Sư phạm Sinh học
165039,TTN,su-pham-sinh-hoc,B03,Điểm thi THPT,2024,24.05,Sư phạm Sinh học
165040,TTN,su-pham-sinh-hoc,B08,Điểm thi THPT,2024,24.05,Sư phạm Sinh học
165041,TTN,su-pham-sinh-hoc,A02,Điểm học bạ,2025,27.76,Sư phạm Sinh học
165042,TTN,su-pham-sinh-hoc,B00,Điểm học bạ,2025,27.76,Sư phạm Sinh học
165043,TTN,su-pham-sinh-hoc,B03,Điểm học bạ,2025,27.76,Sư phạm Sinh học
165044,TTN,su-pham-sinh-hoc,B08,Điểm học bạ,2025,27.76,Sư phạm Sinh học
165045,TTN,su-pham-sinh-hoc,A02,Điểm thi THPT,2025,26.64,Sư phạm Sinh học
165046,TTN,su-pham-sinh-hoc,B00,Điểm thi THPT,2025,26.64,Sư phạm Sinh học
165047,TTN,su-pham-sinh-hoc,B03,Điểm thi THPT,2025,26.64,Sư phạm Sinh học
165048,TTN,su-pham-sinh-hoc,B08,Điểm thi THPT,2025,26.64,Sư phạm Sinh học
165049,TTN,su-pham-tieng-anh,D01,Điểm học bạ,2021,25.0,Sư phạm Tiếng Anh
165050,TTN,su-pham-tieng-anh,D14,Điểm học bạ,2021,25.0,Sư phạm Tiếng Anh
165051,TTN,su-pham-tieng-anh,D15,Điểm học bạ,2021,25.0,Sư phạm Tiếng Anh
165052,TTN,su-pham-tieng-anh,D66,Điểm học bạ,2021,25.0,Sư phạm Tiếng Anh
165053,TTN,su-pham-tieng-anh,D01,Điểm thi THPT,2021,25.0,Sư phạm Tiếng Anh
165054,TTN,su-pham-tieng-anh,D14,Điểm thi THPT,2021,25.0,Sư phạm Tiếng Anh
165055,TTN,su-pham-tieng-anh,D15,Điểm thi THPT,2021,25.0,Sư phạm Tiếng Anh
165056,TTN,su-pham-tieng-anh,D66,Điểm thi THPT,2021,25.0,Sư phạm Tiếng Anh
165057,TTN,su-pham-tieng-anh,D01,Điểm học bạ,2022,26.85,Sư phạm Tiếng Anh
165058,TTN,su-pham-tieng-anh,D14,Điểm học bạ,2022,26.85,Sư phạm Tiếng Anh
165059,TTN,su-pham-tieng-anh,D15,Điểm học bạ,2022,26.85,Sư phạm Tiếng Anh
165060,TTN,su-pham-tieng-anh,D66,Điểm học bạ,2022,26.85,Sư phạm Tiếng Anh
165061,TTN,su-pham-tieng-anh,D01,Điểm thi THPT,2022,22.35,Sư phạm Tiếng Anh
165062,TTN,su-pham-tieng-anh,D14,Điểm thi THPT,2022,22.35,Sư phạm Tiếng Anh
165063,TTN,su-pham-tieng-anh,D15,Điểm thi THPT,2022,22.35,Sư phạm Tiếng Anh
165064,TTN,su-pham-tieng-anh,D66,Điểm thi THPT,2022,22.35,Sư phạm Tiếng Anh
165065,TTN,su-pham-tieng-anh,D01,Điểm học bạ,2023,27.55,Sư phạm Tiếng Anh
165066,TTN,su-pham-tieng-anh,D14,Điểm học bạ,2023,27.55,Sư phạm Tiếng Anh
165067,TTN,su-pham-tieng-anh,D15,Điểm học bạ,2023,27.55,Sư phạm Tiếng Anh
165068,TTN,su-pham-tieng-anh,D66,Điểm học bạ,2023,27.55,Sư phạm Tiếng Anh
165069,TTN,su-pham-tieng-anh,D01,Điểm thi THPT,2023,25.55,Sư phạm Tiếng Anh
165070,TTN,su-pham-tieng-anh,D14,Điểm thi THPT,2023,25.55,Sư phạm Tiếng Anh
165071,TTN,su-pham-tieng-anh,D15,Điểm thi THPT,2023,25.55,Sư phạm Tiếng Anh
165072,TTN,su-pham-tieng-anh,D66,Điểm thi THPT,2023,25.55,Sư phạm Tiếng Anh
165073,TTN,su-pham-tieng-anh,D01,Điểm học bạ,2024,27.8,Sư phạm Tiếng Anh
165074,TTN,su-pham-tieng-anh,D14,Điểm học bạ,2024,27.8,Sư phạm Tiếng Anh
165075,TTN,su-pham-tieng-anh,D15,Điểm học bạ,2024,27.8,Sư phạm Tiếng Anh
165076,TTN,su-pham-tieng-anh,D66,Điểm học bạ,2024,27.8,Sư phạm Tiếng Anh
165077,TTN,su-pham-tieng-anh,D01,Điểm thi THPT,2024,26.62,Sư phạm Tiếng Anh
165078,TTN,su-pham-tieng-anh,D14,Điểm thi THPT,2024,26.62,Sư phạm Tiếng Anh
165079,TTN,su-pham-tieng-anh,D15,Điểm thi THPT,2024,26.62,Sư phạm Tiếng Anh
165080,TTN,su-pham-tieng-anh,D66,Điểm thi THPT,2024,26.62,Sư phạm Tiếng Anh
165081,TTN,su-pham-tieng-anh,D01,Điểm học bạ,2025,27.81,Sư phạm Tiếng Anh
165082,TTN,su-pham-tieng-anh,D14,Điểm học bạ,2025,27.81,Sư phạm Tiếng Anh
165083,TTN,su-pham-tieng-anh,D15,Điểm học bạ,2025,27.81,Sư phạm Tiếng Anh
165084,TTN,su-pham-tieng-anh,X78,Điểm học bạ,2025,27.81,Sư phạm Tiếng Anh
165085,TTN,su-pham-tieng-anh,D01,Điểm thi THPT,2025,26.71,Sư phạm Tiếng Anh
165086,TTN,su-pham-tieng-anh,D14,Điểm thi THPT,2025,26.71,Sư phạm Tiếng Anh
165087,TTN,su-pham-tieng-anh,D15,Điểm thi THPT,2025,26.71,Sư phạm Tiếng Anh
165088,TTN,su-pham-tieng-anh,X78,Điểm thi THPT,2025,26.71,Sư phạm Tiếng Anh
165089,TTN,su-pham-toan-hoc,A00,Điểm học bạ,2021,23.0,Sư phạm Toán học
165090,TTN,su-pham-toan-hoc,A01,Điểm học bạ,2021,23.0,Sư phạm Toán học
165091,TTN,su-pham-toan-hoc,A02,Điểm học bạ,2021,23.0,Sư phạm Toán học
165092,TTN,su-pham-toan-hoc,B00,Điểm học bạ,2021,23.0,Sư phạm Toán học
165093,TTN,su-pham-toan-hoc,A00,Điểm thi THPT,2021,22.8,Sư phạm Toán học
165094,TTN,su-pham-toan-hoc,A01,Điểm thi THPT,2021,22.8,Sư phạm Toán học
165095,TTN,su-pham-toan-hoc,A02,Điểm thi THPT,2021,22.8,Sư phạm Toán học
165096,TTN,su-pham-toan-hoc,B00,Điểm thi THPT,2021,22.8,Sư phạm Toán học
165097,TTN,su-pham-toan-hoc,A00,Điểm học bạ,2022,27.6,Sư phạm Toán học
165098,TTN,su-pham-toan-hoc,A01,Điểm học bạ,2022,27.6,Sư phạm Toán học
165099,TTN,su-pham-toan-hoc,A02,Điểm học bạ,2022,27.6,Sư phạm Toán học
165100,TTN,su-pham-toan-hoc,B00,Điểm học bạ,2022,27.6,Sư phạm Toán học
165101,TTN,su-pham-toan-hoc,A00,Điểm thi THPT,2022,23.55,Sư phạm Toán học
165102,TTN,su-pham-toan-hoc,A01,Điểm thi THPT,2022,23.55,Sư phạm Toán học
165103,TTN,su-pham-toan-hoc,A02,Điểm thi THPT,2022,23.55,Sư phạm Toán học
165104,TTN,su-pham-toan-hoc,B00,Điểm thi THPT,2022,23.55,Sư phạm Toán học
165105,TTN,su-pham-toan-hoc,A00,Điểm học bạ,2023,27.7,Sư phạm Toán học
165106,TTN,su-pham-toan-hoc,A01,Điểm học bạ,2023,27.7,Sư phạm Toán học
165107,TTN,su-pham-toan-hoc,A02,Điểm học bạ,2023,27.7,Sư phạm Toán học
165108,TTN,su-pham-toan-hoc,B00,Điểm học bạ,2023,27.7,Sư phạm Toán học
165109,TTN,su-pham-toan-hoc,A00,Điểm thi THPT,2023,24.75,Sư phạm Toán học
165110,TTN,su-pham-toan-hoc,A01,Điểm thi THPT,2023,24.75,Sư phạm Toán học
165111,TTN,su-pham-toan-hoc,A02,Điểm thi THPT,2023,24.75,Sư phạm Toán học
165112,TTN,su-pham-toan-hoc,B00,Điểm thi THPT,2023,24.75,Sư phạm Toán học
165113,TTN,su-pham-toan-hoc,A00,Điểm học bạ,2024,28.88,Sư phạm Toán học
165114,TTN,su-pham-toan-hoc,A01,Điểm học bạ,2024,28.88,Sư phạm Toán học
165115,TTN,su-pham-toan-hoc,A02,Điểm học bạ,2024,28.88,Sư phạm Toán học
165116,TTN,su-pham-toan-hoc,B00,Điểm học bạ,2024,28.88,Sư phạm Toán học
165117,TTN,su-pham-toan-hoc,A00,Điểm thi THPT,2024,25.91,Sư phạm Toán học
165118,TTN,su-pham-toan-hoc,A01,Điểm thi THPT,2024,25.91,Sư phạm Toán học
165119,TTN,su-pham-toan-hoc,A02,Điểm thi THPT,2024,25.91,Sư phạm Toán học
165120,TTN,su-pham-toan-hoc,B00,Điểm thi THPT,2024,25.91,Sư phạm Toán học
165121,TTN,su-pham-toan-hoc,A00,Điểm học bạ,2025,28.61,Sư phạm Toán học
165122,TTN,su-pham-toan-hoc,A01,Điểm học bạ,2025,28.61,Sư phạm Toán học
165123,TTN,su-pham-toan-hoc,A02,Điểm học bạ,2025,28.61,Sư phạm Toán học
165124,TTN,su-pham-toan-hoc,C01,Điểm học bạ,2025,28.61,Sư phạm Toán học
165125,TTN,su-pham-toan-hoc,A00,Điểm thi THPT,2025,27.91,Sư phạm Toán học
165126,TTN,su-pham-toan-hoc,A01,Điểm thi THPT,2025,27.91,Sư phạm Toán học
165127,TTN,su-pham-toan-hoc,A02,Điểm thi THPT,2025,27.91,Sư phạm Toán học
165128,TTN,su-pham-toan-hoc,C01,Điểm thi THPT,2025,27.91,Sư phạm Toán học
165129,TTN,su-pham-vat-li,A00,Điểm học bạ,2021,23.0,Sư phạm Vật lí
165130,TTN,su-pham-vat-li,A01,Điểm học bạ,2021,23.0,Sư phạm Vật lí
165131,TTN,su-pham-vat-li,A02,Điểm học bạ,2021,23.0,Sư phạm Vật lí
165132,TTN,su-pham-vat-li,C01,Điểm học bạ,2021,23.0,Sư phạm Vật lí
165133,TTN,su-pham-vat-li,A00,Điểm thi THPT,2021,19.0,Sư phạm Vật lí
165134,TTN,su-pham-vat-li,A01,Điểm thi THPT,2021,19.0,Sư phạm Vật lí
165135,TTN,su-pham-vat-li,A02,Điểm thi THPT,2021,19.0,Sư phạm Vật lí
165136,TTN,su-pham-vat-li,C01,Điểm thi THPT,2021,19.0,Sư phạm Vật lí
165137,TTN,su-pham-vat-li,A00,Điểm học bạ,2022,23.0,Sư phạm Vật lí
165138,TTN,su-pham-vat-li,A01,Điểm học bạ,2022,23.0,Sư phạm Vật lí
165139,TTN,su-pham-vat-li,A02,Điểm học bạ,2022,23.0,Sư phạm Vật lí
165140,TTN,su-pham-vat-li,C01,Điểm học bạ,2022,23.0,Sư phạm Vật lí
165141,TTN,su-pham-vat-li,A00,Điểm thi THPT,2022,20.75,Sư phạm Vật lí
165142,TTN,su-pham-vat-li,A01,Điểm thi THPT,2022,20.75,Sư phạm Vật lí
165143,TTN,su-pham-vat-li,A02,Điểm thi THPT,2022,20.75,Sư phạm Vật lí
165144,TTN,su-pham-vat-li,C01,Điểm thi THPT,2022,20.75,Sư phạm Vật lí
165145,TTN,su-pham-vat-li,A00,Điểm học bạ,2023,25.9,Sư phạm Vật lí
165146,TTN,su-pham-vat-li,A01,Điểm học bạ,2023,25.9,Sư phạm Vật lí
165147,TTN,su-pham-vat-li,A02,Điểm học bạ,2023,25.9,Sư phạm Vật lí
165148,TTN,su-pham-vat-li,C01,Điểm học bạ,2023,25.9,Sư phạm Vật lí
165149,TTN,su-pham-vat-li,A00,Điểm thi THPT,2023,23.39,Sư phạm Vật lí
165150,TTN,su-pham-vat-li,A01,Điểm thi THPT,2023,23.39,Sư phạm Vật lí
165151,TTN,su-pham-vat-li,A02,Điểm thi THPT,2023,23.39,Sư phạm Vật lí
165152,TTN,su-pham-vat-li,C01,Điểm thi THPT,2023,23.39,Sư phạm Vật lí
165153,TTN,su-pham-vat-ly,A00,Điểm học bạ,2024,28.33,Sư phạm Vật lý
165154,TTN,su-pham-vat-ly,A01,Điểm học bạ,2024,28.33,Sư phạm Vật lý
165155,TTN,su-pham-vat-ly,A02,Điểm học bạ,2024,28.33,Sư phạm Vật lý
165156,TTN,su-pham-vat-ly,C01,Điểm học bạ,2024,28.33,Sư phạm Vật lý
165157,TTN,su-pham-vat-ly,A00,Điểm thi THPT,2024,25.45,Sư phạm Vật lý
165158,TTN,su-pham-vat-ly,A01,Điểm thi THPT,2024,25.45,Sư phạm Vật lý
165159,TTN,su-pham-vat-ly,A02,Điểm thi THPT,2024,25.45,Sư phạm Vật lý
165160,TTN,su-pham-vat-ly,C01,Điểm thi THPT,2024,25.45,Sư phạm Vật lý
165161,TTN,su-pham-vat-ly,A00,Điểm học bạ,2025,28.35,Sư phạm Vật lý
165162,TTN,su-pham-vat-ly,A01,Điểm học bạ,2025,28.35,Sư phạm Vật lý
165163,TTN,su-pham-vat-ly,A02,Điểm học bạ,2025,28.35,Sư phạm Vật lý
165164,TTN,su-pham-vat-ly,C01,Điểm học bạ,2025,28.35,Sư phạm Vật lý
165165,TTN,su-pham-vat-ly,A00,Điểm thi THPT,2025,27.52,Sư phạm Vật lý
165166,TTN,su-pham-vat-ly,A01,Điểm thi THPT,2025,27.52,Sư phạm Vật lý
165167,TTN,su-pham-vat-ly,A02,Điểm thi THPT,2025,27.52,Sư phạm Vật lý
165168,TTN,su-pham-vat-ly,C01,Điểm thi THPT,2025,27.52,Sư phạm Vật lý
165169,TTN,tai-chinh-ngan-hang,A00,Điểm học bạ,2021,18.0,Tài chính – Ngân hàng
165170,TTN,tai-chinh-ngan-hang,A01,Điểm học bạ,2021,18.0,Tài chính – Ngân hàng
165171,TTN,tai-chinh-ngan-hang,D01,Điểm học bạ,2021,18.0,Tài chính – Ngân hàng
165172,TTN,tai-chinh-ngan-hang,D07,Điểm học bạ,2021,18.0,Tài chính – Ngân hàng
165173,TTN,tai-chinh-ngan-hang,A00,Điểm thi THPT,2021,19.5,Tài chính - Ngân hàng
165174,TTN,tai-chinh-ngan-hang,A01,Điểm thi THPT,2021,19.5,Tài chính - Ngân hàng
165175,TTN,tai-chinh-ngan-hang,D01,Điểm thi THPT,2021,19.5,Tài chính - Ngân hàng
165176,TTN,tai-chinh-ngan-hang,D07,Điểm thi THPT,2021,19.5,Tài chính - Ngân hàng
165177,TTN,tai-chinh-ngan-hang,A00,Điểm học bạ,2022,24.0,Tài chính – Ngân hàng
165178,TTN,tai-chinh-ngan-hang,A01,Điểm học bạ,2022,24.0,Tài chính – Ngân hàng
165179,TTN,tai-chinh-ngan-hang,D01,Điểm học bạ,2022,24.0,Tài chính – Ngân hàng
165180,TTN,tai-chinh-ngan-hang,D07,Điểm học bạ,2022,24.0,Tài chính – Ngân hàng
165181,TTN,tai-chinh-ngan-hang,A00,Điểm thi THPT,2022,15.0,Tài chính – Ngân hàng
165182,TTN,tai-chinh-ngan-hang,A01,Điểm thi THPT,2022,15.0,Tài chính – Ngân hàng
165183,TTN,tai-chinh-ngan-hang,D01,Điểm thi THPT,2022,15.0,Tài chính – Ngân hàng
165184,TTN,tai-chinh-ngan-hang,D07,Điểm thi THPT,2022,15.0,Tài chính – Ngân hàng
165185,TTN,tai-chinh-ngan-hang,A00,Điểm học bạ,2023,22.65,Tài chính – Ngân hàng
165186,TTN,tai-chinh-ngan-hang,A01,Điểm học bạ,2023,22.65,Tài chính – Ngân hàng
165187,TTN,tai-chinh-ngan-hang,D01,Điểm học bạ,2023,22.65,Tài chính – Ngân hàng
165188,TTN,tai-chinh-ngan-hang,D07,Điểm học bạ,2023,22.65,Tài chính – Ngân hàng
165189,TTN,tai-chinh-ngan-hang,A00,Điểm thi THPT,2023,19.75,Tài chính – Ngân hàng
165190,TTN,tai-chinh-ngan-hang,A01,Điểm thi THPT,2023,19.75,Tài chính – Ngân hàng
165191,TTN,tai-chinh-ngan-hang,D01,Điểm thi THPT,2023,19.75,Tài chính – Ngân hàng
165192,TTN,tai-chinh-ngan-hang,D07,Điểm thi THPT,2023,19.75,Tài chính – Ngân hàng
165193,TTN,tai-chinh-ngan-hang,A00,Điểm học bạ,2024,24.64,Tài chính – Ngân hàng
165194,TTN,tai-chinh-ngan-hang,A01,Điểm học bạ,2024,24.64,Tài chính – Ngân hàng
165195,TTN,tai-chinh-ngan-hang,D01,Điểm học bạ,2024,24.64,Tài chính – Ngân hàng
165196,TTN,tai-chinh-ngan-hang,D07,Điểm học bạ,2024,24.64,Tài chính – Ngân hàng
165197,TTN,tai-chinh-ngan-hang,A00,Điểm thi THPT,2024,20.55,Tài chính – Ngân hàng
165198,TTN,tai-chinh-ngan-hang,A01,Điểm thi THPT,2024,20.55,Tài chính – Ngân hàng
165199,TTN,tai-chinh-ngan-hang,D01,Điểm thi THPT,2024,20.55,Tài chính – Ngân hàng
165200,TTN,tai-chinh-ngan-hang,D07,Điểm thi THPT,2024,20.55,Tài chính – Ngân hàng
165201,TTN,tai-chinh-ngan-hang,A01,Điểm học bạ,2025,24.51,Tài chính – Ngân hàng
165202,TTN,tai-chinh-ngan-hang,C03,Điểm học bạ,2025,24.51,Tài chính – Ngân hàng
165203,TTN,tai-chinh-ngan-hang,D01,Điểm học bạ,2025,24.51,Tài chính – Ngân hàng
165204,TTN,tai-chinh-ngan-hang,D07,Điểm học bạ,2025,24.51,Tài chính – Ngân hàng
165205,TTN,tai-chinh-ngan-hang,X78,Điểm học bạ,2025,24.51,Tài chính – Ngân hàng
165206,TTN,tai-chinh-ngan-hang,A01,Điểm thi THPT,2025,21.76,Tài chính – Ngân hàng
165207,TTN,tai-chinh-ngan-hang,C03,Điểm thi THPT,2025,21.76,Tài chính – Ngân hàng
165208,TTN,tai-chinh-ngan-hang,D01,Điểm thi THPT,2025,21.76,Tài chính – Ngân hàng
165209,TTN,tai-chinh-ngan-hang,D07,Điểm thi THPT,2025,21.76,Tài chính – Ngân hàng
165210,TTN,tai-chinh-ngan-hang,X78,Điểm thi THPT,2025,21.76,Tài chính – Ngân hàng
165211,TTN,tam-ly-hoc-giao-duc,C00,Điểm học bạ,2024,25.07,Tâm lý học giáo dục
165212,TTN,tam-ly-hoc-giao-duc,C03,Điểm học bạ,2024,25.07,Tâm lý học giáo dục
165213,TTN,tam-ly-hoc-giao-duc,D01,Điểm học bạ,2024,25.07,Tâm lý học giáo dục
165214,TTN,tam-ly-hoc-giao-duc,D14,Điểm học bạ,2024,25.07,Tâm lý học giáo dục
165215,TTN,tam-ly-hoc-giao-duc,C00,Điểm thi THPT,2024,23.25,Tâm lý học giáo dục
165216,TTN,tam-ly-hoc-giao-duc,C03,Điểm thi THPT,2024,23.25,Tâm lý học giáo dục
165217,TTN,tam-ly-hoc-giao-duc,D01,Điểm thi THPT,2024,23.25,Tâm lý học giáo dục
165218,TTN,tam-ly-hoc-giao-duc,D14,Điểm thi THPT,2024,23.25,Tâm lý học giáo dục
165219,TTN,tam-ly-hoc-giao-duc,C00,Điểm học bạ,2025,26.78,Tâm lý học giáo dục
165220,TTN,tam-ly-hoc-giao-duc,C03,Điểm học bạ,2025,26.78,Tâm lý học giáo dục
165221,TTN,tam-ly-hoc-giao-duc,D01,Điểm học bạ,2025,26.78,Tâm lý học giáo dục
165222,TTN,tam-ly-hoc-giao-duc,D14,Điểm học bạ,2025,26.78,Tâm lý học giáo dục
165223,TTN,tam-ly-hoc-giao-duc,C00,Điểm thi THPT,2025,25.17,Tâm lý học giáo dục
165224,TTN,tam-ly-hoc-giao-duc,C03,Điểm thi THPT,2025,25.17,Tâm lý học giáo dục
165225,TTN,tam-ly-hoc-giao-duc,D01,Điểm thi THPT,2025,25.17,Tâm lý học giáo dục
165226,TTN,tam-ly-hoc-giao-duc,D14,Điểm thi THPT,2025,25.17,Tâm lý học giáo dục
165227,TTN,thu-y,A02,Điểm học bạ,2021,18.0,Thú y
165228,TTN,thu-y,B00,Điểm học bạ,2021,18.0,Thú y
165229,TTN,thu-y,B08,Điểm học bạ,2021,18.0,Thú y
165230,TTN,thu-y,D13,Điểm học bạ,2021,18.0,Thú y
165231,TTN,thu-y,A02,Điểm thi THPT,2021,15.0,Thú y
165232,TTN,thu-y,B00,Điểm thi THPT,2021,15.0,Thú y
165233,TTN,thu-y,B08,Điểm thi THPT,2021,15.0,Thú y
165234,TTN,thu-y,D13,Điểm thi THPT,2021,15.0,Thú y
165235,TTN,thu-y,A02,Điểm học bạ,2022,18.0,Thú y
165236,TTN,thu-y,B00,Điểm học bạ,2022,18.0,Thú y
165237,TTN,thu-y,B08,Điểm học bạ,2022,18.0,Thú y
165238,TTN,thu-y,D13,Điểm học bạ,2022,18.0,Thú y
165239,TTN,thu-y,A02,Điểm thi THPT,2022,15.0,Thú y
165240,TTN,thu-y,B00,Điểm thi THPT,2022,15.0,Thú y
165241,TTN,thu-y,B08,Điểm thi THPT,2022,15.0,Thú y
165242,TTN,thu-y,D13,Điểm thi THPT,2022,15.0,Thú y
165243,TTN,thu-y,A00,Điểm học bạ,2023,18.0,Thú y
165244,TTN,thu-y,A02,Điểm học bạ,2023,18.0,Thú y
165245,TTN,thu-y,B00,Điểm học bạ,2023,18.0,Thú y
165246,TTN,thu-y,D07,Điểm học bạ,2023,18.0,Thú y
165247,TTN,thu-y,A00,Điểm thi THPT,2023,15.0,Thú y
165248,TTN,thu-y,A02,Điểm thi THPT,2023,15.0,Thú y
165249,TTN,thu-y,B00,Điểm thi THPT,2023,15.0,Thú y
165250,TTN,thu-y,D07,Điểm thi THPT,2023,15.0,Thú y
165251,TTN,thu-y,A02,Điểm học bạ,2024,21.25,Thú y
165252,TTN,thu-y,B00,Điểm học bạ,2024,21.25,Thú y
165253,TTN,thu-y,B08,Điểm học bạ,2024,21.25,Thú y
165254,TTN,thu-y,D13,Điểm học bạ,2024,21.25,Thú y
165255,TTN,thu-y,A02,Điểm thi THPT,2024,18.15,Thú y
165256,TTN,thu-y,B00,Điểm thi THPT,2024,18.15,Thú y
165257,TTN,thu-y,B08,Điểm thi THPT,2024,18.15,Thú y
165258,TTN,thu-y,D13,Điểm thi THPT,2024,18.15,Thú y
165259,TTN,thu-y,B00,Điểm học bạ,2025,23.11,Thú y
165260,TTN,thu-y,B03,Điểm học bạ,2025,23.11,Thú y
165261,TTN,thu-y,B08,Điểm học bạ,2025,23.11,Thú y
165262,TTN,thu-y,D07,Điểm học bạ,2025,23.11,Thú y
165263,TTN,thu-y,X08,Điểm học bạ,2025,23.11,Thú y
165264,TTN,thu-y,B00,Điểm thi THPT,2025,20.11,Thú y
165265,TTN,thu-y,B03,Điểm thi THPT,2025,20.11,Thú y
165266,TTN,thu-y,B08,Điểm thi THPT,2025,20.11,Thú y
165267,TTN,thu-y,D07,Điểm thi THPT,2025,20.11,Thú y
165268,TTN,thu-y,X08,Điểm thi THPT,2025,20.11,Thú y
165269,TTN,triet-hoc,C00,Điểm học bạ,2021,18.0,Triết học
165270,TTN,triet-hoc,C19,Điểm học bạ,2021,18.0,Triết học
165271,TTN,triet-hoc,D01,Điểm học bạ,2021,18.0,Triết học
165272,TTN,triet-hoc,D66,Điểm học bạ,2021,18.0,Triết học
165273,TTN,triet-hoc,C00,Điểm thi THPT,2021,15.0,Triết học
165274,TTN,triet-hoc,C19,Điểm thi THPT,2021,15.0,Triết học
165275,TTN,triet-hoc,D01,Điểm thi THPT,2021,15.0,Triết học
165276,TTN,triet-hoc,D66,Điểm thi THPT,2021,15.0,Triết học
165277,TTN,triet-hoc,C00,Điểm học bạ,2022,18.0,Triết học
165278,TTN,triet-hoc,C19,Điểm học bạ,2022,18.0,Triết học
165279,TTN,triet-hoc,D01,Điểm học bạ,2022,18.0,Triết học
165280,TTN,triet-hoc,D66,Điểm học bạ,2022,18.0,Triết học
165281,TTN,triet-hoc,C00,Điểm thi THPT,2022,15.0,Triết học
165282,TTN,triet-hoc,C19,Điểm thi THPT,2022,15.0,Triết học
165283,TTN,triet-hoc,D01,Điểm thi THPT,2022,15.0,Triết học
165284,TTN,triet-hoc,D66,Điểm thi THPT,2022,15.0,Triết học
165285,TTN,triet-hoc,C00,Điểm học bạ,2023,18.0,Triết học
165286,TTN,triet-hoc,C19,Điểm học bạ,2023,18.0,Triết học
165287,TTN,triet-hoc,D01,Điểm học bạ,2023,18.0,Triết học
165288,TTN,triet-hoc,D66,Điểm học bạ,2023,18.0,Triết học
165289,TTN,triet-hoc,C00,Điểm thi THPT,2023,15.0,Triết học
165290,TTN,triet-hoc,C19,Điểm thi THPT,2023,15.0,Triết học
165291,TTN,triet-hoc,D01,Điểm thi THPT,2023,15.0,Triết học
165292,TTN,triet-hoc,D66,Điểm thi THPT,2023,15.0,Triết học
165293,TTN,triet-hoc,C00,Điểm học bạ,2024,18.0,Triết học
165294,TTN,triet-hoc,C19,Điểm học bạ,2024,18.0,Triết học
165295,TTN,triet-hoc,D01,Điểm học bạ,2024,18.0,Triết học
165296,TTN,triet-hoc,D66,Điểm học bạ,2024,18.0,Triết học
165297,TTN,triet-hoc,C00,Điểm thi THPT,2024,15.0,Triết học
165298,TTN,triet-hoc,C19,Điểm thi THPT,2024,15.0,Triết học
165299,TTN,triet-hoc,D01,Điểm thi THPT,2024,15.0,Triết học
165300,TTN,triet-hoc,D66,Điểm thi THPT,2024,15.0,Triết học
165301,TTN,triet-hoc,C00,Điểm học bạ,2025,24.57,Triết học
165302,TTN,triet-hoc,C03,Điểm học bạ,2025,24.57,Triết học
165303,TTN,triet-hoc,D01,Điểm học bạ,2025,24.57,Triết học
165304,TTN,triet-hoc,D14,Điểm học bạ,2025,24.57,Triết học
165305,TTN,triet-hoc,X70,Điểm học bạ,2025,24.57,Triết học
165306,TTN,triet-hoc,C00,Điểm thi THPT,2025,21.85,Triết học
165307,TTN,triet-hoc,C03,Điểm thi THPT,2025,21.85,Triết học
165308,TTN,triet-hoc,D01,Điểm thi THPT,2025,21.85,Triết học
165309,TTN,triet-hoc,D14,Điểm thi THPT,2025,21.85,Triết học
165310,TTN,triet-hoc,X70,Điểm thi THPT,2025,21.85,Triết học
165311,TTN,van-hoc,C00,Điểm học bạ,2021,18.0,Văn học
165312,TTN,van-hoc,C19,Điểm học bạ,2021,18.0,Văn học
165313,TTN,van-hoc,C20,Điểm học bạ,2021,18.0,Văn học
165314,TTN,van-hoc,C00,Điểm thi THPT,2021,15.0,Văn học
165315,TTN,van-hoc,C19,Điểm thi THPT,2021,15.0,Văn học
165316,TTN,van-hoc,C20,Điểm thi THPT,2021,15.0,Văn học
165317,TTN,van-hoc,C00,Điểm học bạ,2022,18.0,Văn học
165318,TTN,van-hoc,C19,Điểm học bạ,2022,18.0,Văn học
165319,TTN,van-hoc,C20,Điểm học bạ,2022,18.0,Văn học
165320,TTN,van-hoc,C00,Điểm thi THPT,2022,15.0,Văn học
165321,TTN,van-hoc,C19,Điểm thi THPT,2022,15.0,Văn học
165322,TTN,van-hoc,C20,Điểm thi THPT,2022,15.0,Văn học
165323,TTN,van-hoc,C00,Điểm học bạ,2023,18.0,Văn học
165324,TTN,van-hoc,C19,Điểm học bạ,2023,18.0,Văn học
165325,TTN,van-hoc,C20,Điểm học bạ,2023,18.0,Văn học
165326,TTN,van-hoc,C00,Điểm thi THPT,2023,15.0,Văn học
165327,TTN,van-hoc,C19,Điểm thi THPT,2023,15.0,Văn học
165328,TTN,van-hoc,C20,Điểm thi THPT,2023,15.0,Văn học
165329,TTN,van-hoc,C00,Điểm học bạ,2024,24.78,Văn học
165330,TTN,van-hoc,C19,Điểm học bạ,2024,24.78,Văn học
165331,TTN,van-hoc,C20,Điểm học bạ,2024,24.78,Văn học
165332,TTN,van-hoc,C00,Điểm thi THPT,2024,23.48,Văn học
165333,TTN,van-hoc,C19,Điểm thi THPT,2024,23.48,Văn học
165334,TTN,van-hoc,C20,Điểm thi THPT,2024,23.48,Văn học
165335,TTN,van-hoc,C00,Điểm học bạ,2025,26.78,Văn học
165336,TTN,van-hoc,D14,Điểm học bạ,2025,26.78,Văn học
165337,TTN,van-hoc,D15,Điểm học bạ,2025,26.78,Văn học
165338,TTN,van-hoc,X70,Điểm học bạ,2025,26.78,Văn học
165339,TTN,van-hoc,X74,Điểm học bạ,2025,26.78,Văn học
165340,TTN,van-hoc,C00,Điểm thi THPT,2025,25.17,Văn học
165341,TTN,van-hoc,D14,Điểm thi THPT,2025,25.17,Văn học
165342,TTN,van-hoc,D15,Điểm thi THPT,2025,25.17,Văn học
165343,TTN,van-hoc,X70,Điểm thi THPT,2025,25.17,Văn học
165344,TTN,van-hoc,X74,Điểm thi THPT,2025,25.17,Văn học
165345,TTN,y-da-khoa,B00,Điểm thi THPT,2021,26.0,Y đa khoa
165346,TTN,y-khoa,B00,Điểm thi THPT,2022,24.8,Y khoa
165347,TTN,y-khoa,B00,Điểm thi THPT,2023,24.6,Y khoa
165348,TTN,y-khoa,B00,Điểm thi THPT,2024,25.01,Y khoa
165349,TTN,y-khoa,B00,Điểm thi THPT,2025,21.76,Y khoa
165350,TTN,y-khoa,B03,Điểm thi THPT,2025,21.76,Y khoa
165351,TTN,y-khoa,B08,Điểm thi THPT,2025,21.76,Y khoa
165352,TTN,y-khoa,D07,Điểm thi THPT,2025,21.76,Y khoa
165353,TTU,cong-nghe-sinh-hoc,A00,Điểm thi THPT,2021,15.0,Công nghệ sinh học
165354,TTU,cong-nghe-sinh-hoc,B00,Điểm thi THPT,2021,15.0,Công nghệ sinh học
165355,TTU,cong-nghe-sinh-hoc,B08,Điểm thi THPT,2021,15.0,Công nghệ sinh học
165356,TTU,cong-nghe-sinh-hoc,D01,Điểm thi THPT,2021,15.0,Công nghệ sinh học
165357,TTU,cong-nghe-sinh-hoc,A02,Điểm thi THPT,2022,15.0,Công nghệ sinh học
165358,TTU,cong-nghe-sinh-hoc,B00,Điểm thi THPT,2022,15.0,Công nghệ sinh học
165359,TTU,cong-nghe-sinh-hoc,B03,Điểm thi THPT,2022,15.0,Công nghệ sinh học
165360,TTU,cong-nghe-sinh-hoc,B08,Điểm thi THPT,2022,15.0,Công nghệ sinh học
165361,TTU,cong-nghe-sinh-hoc,A02,Điểm học bạ,2023,18.0,Công nghệ sinh học
165362,TTU,cong-nghe-sinh-hoc,B00,Điểm học bạ,2023,18.0,Công nghệ sinh học
165363,TTU,cong-nghe-sinh-hoc,B03,Điểm học bạ,2023,18.0,Công nghệ sinh học
165364,TTU,cong-nghe-sinh-hoc,B08,Điểm học bạ,2023,18.0,Công nghệ sinh học
165365,TTU,cong-nghe-sinh-hoc,A02,Điểm thi THPT,2023,15.0,Công nghệ sinh học
165366,TTU,cong-nghe-sinh-hoc,B00,Điểm thi THPT,2023,15.0,Công nghệ sinh học
165367,TTU,cong-nghe-sinh-hoc,B03,Điểm thi THPT,2023,15.0,Công nghệ sinh học
165368,TTU,cong-nghe-sinh-hoc,B08,Điểm thi THPT,2023,15.0,Công nghệ sinh học
165369,TTU,cong-nghe-sinh-hoc,A02,Điểm thi THPT,2024,15.0,Công nghệ sinh học
165370,TTU,cong-nghe-sinh-hoc,B00,Điểm thi THPT,2024,15.0,Công nghệ sinh học
165371,TTU,cong-nghe-sinh-hoc,B03,Điểm thi THPT,2024,15.0,Công nghệ sinh học
165372,TTU,cong-nghe-sinh-hoc,B08,Điểm thi THPT,2024,15.0,Công nghệ sinh học
165373,TTU,cong-nghe-sinh-hoc,A02,Điểm học bạ,2025,15.0,Công nghệ sinh học
165374,TTU,cong-nghe-sinh-hoc,B00,Điểm học bạ,2025,15.0,Công nghệ sinh học
165375,TTU,cong-nghe-sinh-hoc,B03,Điểm học bạ,2025,15.0,Công nghệ sinh học
165376,TTU,cong-nghe-sinh-hoc,B08,Điểm học bạ,2025,15.0,Công nghệ sinh học
165377,TTU,cong-nghe-sinh-hoc,X14,Điểm học bạ,2025,15.0,Công nghệ sinh học
165378,TTU,cong-nghe-sinh-hoc,X16,Điểm học bạ,2025,15.0,Công nghệ sinh học
165379,TTU,cong-nghe-sinh-hoc,A02,Điểm thi THPT,2025,15.0,Công nghệ sinh học
165380,TTU,cong-nghe-sinh-hoc,B00,Điểm thi THPT,2025,15.0,Công nghệ sinh học
165381,TTU,cong-nghe-sinh-hoc,B03,Điểm thi THPT,2025,15.0,Công nghệ sinh học
165382,TTU,cong-nghe-sinh-hoc,B08,Điểm thi THPT,2025,15.0,Công nghệ sinh học
165383,TTU,cong-nghe-sinh-hoc,X14,Điểm thi THPT,2025,15.0,Công nghệ sinh học
165384,TTU,cong-nghe-sinh-hoc,X16,Điểm thi THPT,2025,15.0,Công nghệ sinh học
165385,TTU,cong-nghe-thong-tin,A00,Điểm học bạ,2025,15.0,Công nghệ thông tin
165386,TTU,cong-nghe-thong-tin,A01,Điểm học bạ,2025,15.0,Công nghệ thông tin
165387,TTU,cong-nghe-thong-tin,D01,Điểm học bạ,2025,15.0,Công nghệ thông tin
165388,TTU,cong-nghe-thong-tin,D07,Điểm học bạ,2025,15.0,Công nghệ thông tin
165389,TTU,cong-nghe-thong-tin,X07,Điểm học bạ,2025,15.0,Công nghệ thông tin
165390,TTU,cong-nghe-thong-tin,X25,Điểm học bạ,2025,15.0,Công nghệ thông tin
165391,TTU,cong-nghe-thong-tin,X26,Điểm học bạ,2025,15.0,Công nghệ thông tin
165392,TTU,cong-nghe-thong-tin,X27,Điểm học bạ,2025,15.0,Công nghệ thông tin
165393,TTU,cong-nghe-thong-tin,X56,Điểm học bạ,2025,15.0,Công nghệ thông tin
165394,TTU,cong-nghe-thong-tin,A00,Điểm thi THPT,2025,15.0,Công nghệ thông tin
165395,TTU,cong-nghe-thong-tin,A01,Điểm thi THPT,2025,15.0,Công nghệ thông tin
165396,TTU,cong-nghe-thong-tin,D01,Điểm thi THPT,2025,15.0,Công nghệ thông tin
165397,TTU,cong-nghe-thong-tin,D07,Điểm thi THPT,2025,15.0,Công nghệ thông tin
165398,TTU,cong-nghe-thong-tin,X07,Điểm thi THPT,2025,15.0,Công nghệ thông tin
165399,TTU,cong-nghe-thong-tin,X25,Điểm thi THPT,2025,15.0,Công nghệ thông tin
165400,TTU,cong-nghe-thong-tin,X26,Điểm thi THPT,2025,15.0,Công nghệ thông tin
165401,TTU,cong-nghe-thong-tin,X27,Điểm thi THPT,2025,15.0,Công nghệ thông tin
165402,TTU,cong-nghe-thong-tin,X56,Điểm thi THPT,2025,15.0,Công nghệ thông tin
165403,TTU,dieu-duong,A00,Điểm thi THPT,2021,19.0,Điều dưỡng
165404,TTU,dieu-duong,B00,Điểm thi THPT,2021,19.0,Điều dưỡng
165405,TTU,dieu-duong,B08,Điểm thi THPT,2021,19.0,Điều dưỡng
165406,TTU,dieu-duong,D07,Điểm thi THPT,2021,19.0,Điều dưỡng
165407,TTU,dieu-duong,A02,Điểm thi THPT,2022,19.0,Điều dưỡng
165408,TTU,dieu-duong,B00,Điểm thi THPT,2022,19.0,Điều dưỡng
165409,TTU,dieu-duong,B03,Điểm thi THPT,2022,19.0,Điều dưỡng
165410,TTU,dieu-duong,B08,Điểm thi THPT,2022,19.0,Điều dưỡng
165411,TTU,dieu-duong,A02,Điểm học bạ,2023,19.0,Điều dưỡng
165412,TTU,dieu-duong,B00,Điểm học bạ,2023,19.0,Điều dưỡng
165413,TTU,dieu-duong,B03,Điểm học bạ,2023,19.0,Điều dưỡng
165414,TTU,dieu-duong,B08,Điểm học bạ,2023,19.0,Điều dưỡng
165415,TTU,dieu-duong,A02,Điểm thi THPT,2023,19.0,Điều dưỡng
165416,TTU,dieu-duong,B00,Điểm thi THPT,2023,19.0,Điều dưỡng
165417,TTU,dieu-duong,B03,Điểm thi THPT,2023,19.0,Điều dưỡng
165418,TTU,dieu-duong,B08,Điểm thi THPT,2023,19.0,Điều dưỡng
165419,TTU,dieu-duong,A02,Điểm thi THPT,2024,19.0,Điều dưỡng
165420,TTU,dieu-duong,B00,Điểm thi THPT,2024,19.0,Điều dưỡng
165421,TTU,dieu-duong,B08,Điểm thi THPT,2024,19.0,Điều dưỡng
165422,TTU,dieu-duong,A00,Điểm học bạ,2025,17.0,Điều dưỡng
165423,TTU,dieu-duong,A02,Điểm học bạ,2025,17.0,Điều dưỡng
165424,TTU,dieu-duong,B00,Điểm học bạ,2025,17.0,Điều dưỡng
165425,TTU,dieu-duong,B08,Điểm học bạ,2025,17.0,Điều dưỡng
165426,TTU,dieu-duong,D07,Điểm học bạ,2025,17.0,Điều dưỡng
165427,TTU,dieu-duong,A00,Điểm thi THPT,2025,17.0,Điều dưỡng
165428,TTU,dieu-duong,A02,Điểm thi THPT,2025,17.0,Điều dưỡng
165429,TTU,dieu-duong,B00,Điểm thi THPT,2025,17.0,Điều dưỡng
165430,TTU,dieu-duong,B08,Điểm thi THPT,2025,17.0,Điều dưỡng
165431,TTU,dieu-duong,D07,Điểm thi THPT,2025,17.0,Điều dưỡng
165432,TTU,digital-marketing,A00,Điểm học bạ,2025,15.0,Digital Marketing
165433,TTU,digital-marketing,A01,Điểm học bạ,2025,15.0,Digital Marketing
165434,TTU,digital-marketing,C01,Điểm học bạ,2025,15.0,Digital Marketing
165435,TTU,digital-marketing,D01,Điểm học bạ,2025,15.0,Digital Marketing
165436,TTU,digital-marketing,D07,Điểm học bạ,2025,15.0,Digital Marketing
165437,TTU,digital-marketing,X01,Điểm học bạ,2025,15.0,Digital Marketing
165438,TTU,digital-marketing,A00,Điểm thi THPT,2025,15.0,Digital Marketing
165439,TTU,digital-marketing,A01,Điểm thi THPT,2025,15.0,Digital Marketing
165440,TTU,digital-marketing,C01,Điểm thi THPT,2025,15.0,Digital Marketing
165441,TTU,digital-marketing,D01,Điểm thi THPT,2025,15.0,Digital Marketing
165442,TTU,digital-marketing,D07,Điểm thi THPT,2025,15.0,Digital Marketing
165443,TTU,digital-marketing,X01,Điểm thi THPT,2025,15.0,Digital Marketing
165444,TTU,ke-toan,A00,Điểm thi THPT,2022,15.0,Kế toán
165445,TTU,ke-toan,A01,Điểm thi THPT,2022,15.0,Kế toán
165446,TTU,ke-toan,D01,Điểm thi THPT,2022,15.0,Kế toán
165447,TTU,ke-toan,D07,Điểm thi THPT,2022,15.0,Kế toán
165448,TTU,ke-toan,A00,Điểm học bạ,2023,18.0,Kế toán
165449,TTU,ke-toan,A01,Điểm học bạ,2023,18.0,Kế toán
165450,TTU,ke-toan,D01,Điểm học bạ,2023,18.0,Kế toán
165451,TTU,ke-toan,D07,Điểm học bạ,2023,18.0,Kế toán
165452,TTU,ke-toan,A00,Điểm thi THPT,2023,15.0,Kế toán
165453,TTU,ke-toan,A01,Điểm thi THPT,2023,15.0,Kế toán
165454,TTU,ke-toan,D01,Điểm thi THPT,2023,15.0,Kế toán
165455,TTU,ke-toan,D07,Điểm thi THPT,2023,15.0,Kế toán
165456,TTU,ke-toan,A00,Điểm thi THPT,2024,15.0,Kế toán
165457,TTU,ke-toan,A01,Điểm thi THPT,2024,15.0,Kế toán
165458,TTU,ke-toan,D01,Điểm thi THPT,2024,15.0,Kế toán
165459,TTU,ke-toan,D07,Điểm thi THPT,2024,15.0,Kế toán
165460,TTU,ke-toan,A00,Điểm học bạ,2025,15.0,Kế toán
165461,TTU,ke-toan,A01,Điểm học bạ,2025,15.0,Kế toán
165462,TTU,ke-toan,C01,Điểm học bạ,2025,15.0,Kế toán
165463,TTU,ke-toan,D01,Điểm học bạ,2025,15.0,Kế toán
165464,TTU,ke-toan,D07,Điểm học bạ,2025,15.0,Kế toán
165465,TTU,ke-toan,X01,Điểm học bạ,2025,15.0,Kế toán
165466,TTU,ke-toan,A00,Điểm thi THPT,2025,15.0,Kế toán
165467,TTU,ke-toan,A01,Điểm thi THPT,2025,15.0,Kế toán
165468,TTU,ke-toan,C01,Điểm thi THPT,2025,15.0,Kế toán
165469,TTU,ke-toan,D01,Điểm thi THPT,2025,15.0,Kế toán
165470,TTU,ke-toan,D07,Điểm thi THPT,2025,15.0,Kế toán
165471,TTU,ke-toan,X01,Điểm thi THPT,2025,15.0,Kế toán
165472,TTU,khoa-hoc-du-lieu,A00,Điểm học bạ,2025,15.0,Khoa học dữ liệu
165473,TTU,khoa-hoc-du-lieu,A01,Điểm học bạ,2025,15.0,Khoa học dữ liệu
165474,TTU,khoa-hoc-du-lieu,D01,Điểm học bạ,2025,15.0,Khoa học dữ liệu
165475,TTU,khoa-hoc-du-lieu,D07,Điểm học bạ,2025,15.0,Khoa học dữ liệu
165476,TTU,khoa-hoc-du-lieu,X07,Điểm học bạ,2025,15.0,Khoa học dữ liệu
165477,TTU,khoa-hoc-du-lieu,X25,Điểm học bạ,2025,15.0,Khoa học dữ liệu
165478,TTU,khoa-hoc-du-lieu,X26,Điểm học bạ,2025,15.0,Khoa học dữ liệu
165479,TTU,khoa-hoc-du-lieu,X27,Điểm học bạ,2025,15.0,Khoa học dữ liệu
165480,TTU,khoa-hoc-du-lieu,X56,Điểm học bạ,2025,15.0,Khoa học dữ liệu
165481,TTU,khoa-hoc-du-lieu,A00,Điểm thi THPT,2025,15.0,Khoa học dữ liệu
165482,TTU,khoa-hoc-du-lieu,A01,Điểm thi THPT,2025,15.0,Khoa học dữ liệu
165483,TTU,khoa-hoc-du-lieu,D01,Điểm thi THPT,2025,15.0,Khoa học dữ liệu
165484,TTU,khoa-hoc-du-lieu,D07,Điểm thi THPT,2025,15.0,Khoa học dữ liệu
165485,TTU,khoa-hoc-du-lieu,X07,Điểm thi THPT,2025,15.0,Khoa học dữ liệu
165486,TTU,khoa-hoc-du-lieu,X25,Điểm thi THPT,2025,15.0,Khoa học dữ liệu
165487,TTU,khoa-hoc-du-lieu,X26,Điểm thi THPT,2025,15.0,Khoa học dữ liệu
165488,TTU,khoa-hoc-du-lieu,X27,Điểm thi THPT,2025,15.0,Khoa học dữ liệu
165489,TTU,khoa-hoc-du-lieu,X56,Điểm thi THPT,2025,15.0,Khoa học dữ liệu
165490,TTU,khoa-hoc-may-tinh,A00,Điểm thi THPT,2021,15.0,Khoa học máy tính
165491,TTU,khoa-hoc-may-tinh,B00,Điểm thi THPT,2021,15.0,Khoa học máy tính
165492,TTU,khoa-hoc-may-tinh,B08,Điểm thi THPT,2021,15.0,Khoa học máy tính
165493,TTU,khoa-hoc-may-tinh,D01,Điểm thi THPT,2021,15.0,Khoa học máy tính
165494,TTU,khoa-hoc-may-tinh,A00,Điểm thi THPT,2022,15.0,Khoa học máy tính
165495,TTU,khoa-hoc-may-tinh,A01,Điểm thi THPT,2022,15.0,Khoa học máy tính
165496,TTU,khoa-hoc-may-tinh,D01,Điểm thi THPT,2022,15.0,Khoa học máy tính
165497,TTU,khoa-hoc-may-tinh,D07,Điểm thi THPT,2022,15.0,Khoa học máy tính
165498,TTU,khoa-hoc-may-tinh,A00,Điểm học bạ,2023,18.0,Khoa học máy tính
165499,TTU,khoa-hoc-may-tinh,A01,Điểm học bạ,2023,18.0,Khoa học máy tính
165500,TTU,khoa-hoc-may-tinh,D01,Điểm học bạ,2023,18.0,Khoa học máy tính
165501,TTU,khoa-hoc-may-tinh,D07,Điểm học bạ,2023,18.0,Khoa học máy tính
165502,TTU,khoa-hoc-may-tinh,A00,Điểm thi THPT,2023,15.0,Khoa học máy tính
165503,TTU,khoa-hoc-may-tinh,A01,Điểm thi THPT,2023,15.0,Khoa học máy tính
165504,TTU,khoa-hoc-may-tinh,D01,Điểm thi THPT,2023,15.0,Khoa học máy tính
165505,TTU,khoa-hoc-may-tinh,D07,Điểm thi THPT,2023,15.0,Khoa học máy tính
165506,TTU,khoa-hoc-may-tinh,A00,Điểm thi THPT,2024,15.0,Khoa học máy tính
165507,TTU,khoa-hoc-may-tinh,A01,Điểm thi THPT,2024,15.0,Khoa học máy tính
165508,TTU,khoa-hoc-may-tinh,D01,Điểm thi THPT,2024,15.0,Khoa học máy tính
165509,TTU,khoa-hoc-may-tinh,D07,Điểm thi THPT,2024,15.0,Khoa học máy tính
165510,TTU,kinh-doanh-quoc-te,A00,Điểm thi THPT,2021,15.0,Kinh doanh quốc tế
165511,TTU,kinh-doanh-quoc-te,B00,Điểm thi THPT,2021,15.0,Kinh doanh quốc tế
165512,TTU,kinh-doanh-quoc-te,B08,Điểm thi THPT,2021,15.0,Kinh doanh quốc tế
165513,TTU,kinh-doanh-quoc-te,D01,Điểm thi THPT,2021,15.0,Kinh doanh quốc tế
165514,TTU,kinh-doanh-quoc-te,A00,Điểm thi THPT,2022,15.0,Kinh doanh quốc tế
165515,TTU,kinh-doanh-quoc-te,A01,Điểm thi THPT,2022,15.0,Kinh doanh quốc tế
165516,TTU,kinh-doanh-quoc-te,D01,Điểm thi THPT,2022,15.0,Kinh doanh quốc tế
165517,TTU,kinh-doanh-quoc-te,D07,Điểm thi THPT,2022,15.0,Kinh doanh quốc tế
165518,TTU,kinh-doanh-quoc-te,A00,Điểm học bạ,2023,18.0,Kinh doanh quốc tế
165519,TTU,kinh-doanh-quoc-te,A01,Điểm học bạ,2023,18.0,Kinh doanh quốc tế
165520,TTU,kinh-doanh-quoc-te,D01,Điểm học bạ,2023,18.0,Kinh doanh quốc tế
165521,TTU,kinh-doanh-quoc-te,D07,Điểm học bạ,2023,18.0,Kinh doanh quốc tế
165522,TTU,kinh-doanh-quoc-te,A00,Điểm thi THPT,2023,15.0,Kinh doanh quốc tế
165523,TTU,kinh-doanh-quoc-te,A01,Điểm thi THPT,2023,15.0,Kinh doanh quốc tế
165524,TTU,kinh-doanh-quoc-te,D01,Điểm thi THPT,2023,15.0,Kinh doanh quốc tế
165525,TTU,kinh-doanh-quoc-te,D07,Điểm thi THPT,2023,15.0,Kinh doanh quốc tế
165526,TTU,kinh-doanh-quoc-te,A00,Điểm thi THPT,2024,15.0,Kinh doanh quốc tế
165527,TTU,kinh-doanh-quoc-te,A01,Điểm thi THPT,2024,15.0,Kinh doanh quốc tế
165528,TTU,kinh-doanh-quoc-te,D01,Điểm thi THPT,2024,15.0,Kinh doanh quốc tế
165529,TTU,kinh-doanh-quoc-te,D07,Điểm thi THPT,2024,15.0,Kinh doanh quốc tế
165530,TTU,kinh-doanh-quoc-te,A00,Điểm học bạ,2025,15.0,Kinh doanh quốc tế
165531,TTU,kinh-doanh-quoc-te,A01,Điểm học bạ,2025,15.0,Kinh doanh quốc tế
165532,TTU,kinh-doanh-quoc-te,C01,Điểm học bạ,2025,15.0,Kinh doanh quốc tế
165533,TTU,kinh-doanh-quoc-te,D01,Điểm học bạ,2025,15.0,Kinh doanh quốc tế
165534,TTU,kinh-doanh-quoc-te,D07,Điểm học bạ,2025,15.0,Kinh doanh quốc tế
165535,TTU,kinh-doanh-quoc-te,X01,Điểm học bạ,2025,15.0,Kinh doanh quốc tế
165536,TTU,kinh-doanh-quoc-te,A00,Điểm thi THPT,2025,15.0,Kinh doanh quốc tế
165537,TTU,kinh-doanh-quoc-te,A01,Điểm thi THPT,2025,15.0,Kinh doanh quốc tế
165538,TTU,kinh-doanh-quoc-te,C01,Điểm thi THPT,2025,15.0,Kinh doanh quốc tế
165539,TTU,kinh-doanh-quoc-te,D01,Điểm thi THPT,2025,15.0,Kinh doanh quốc tế
165540,TTU,kinh-doanh-quoc-te,D07,Điểm thi THPT,2025,15.0,Kinh doanh quốc tế
165541,TTU,kinh-doanh-quoc-te,X01,Điểm thi THPT,2025,15.0,Kinh doanh quốc tế
165542,TTU,ky-thuat-xet-nghiem-y-hoc,A00,Điểm thi THPT,2021,19.0,Kỹ thuật xét nghiệm y học
165543,TTU,ky-thuat-xet-nghiem-y-hoc,B00,Điểm thi THPT,2021,19.0,Kỹ thuật xét nghiệm y học
165544,TTU,ky-thuat-xet-nghiem-y-hoc,B08,Điểm thi THPT,2021,19.0,Kỹ thuật xét nghiệm y học
165545,TTU,ky-thuat-xet-nghiem-y-hoc,D07,Điểm thi THPT,2021,19.0,Kỹ thuật xét nghiệm y học
165546,TTU,ky-thuat-xet-nghiem-y-hoc,A02,Điểm thi THPT,2022,19.0,Kỹ thuật xét nghiệm y học
165547,TTU,ky-thuat-xet-nghiem-y-hoc,B00,Điểm thi THPT,2022,19.0,Kỹ thuật xét nghiệm y học
165548,TTU,ky-thuat-xet-nghiem-y-hoc,B03,Điểm thi THPT,2022,19.0,Kỹ thuật xét nghiệm y học
165549,TTU,ky-thuat-xet-nghiem-y-hoc,B08,Điểm thi THPT,2022,19.0,Kỹ thuật xét nghiệm y học
165550,TTU,ky-thuat-xet-nghiem-y-hoc,A02,Điểm học bạ,2023,19.0,Kỹ thuật xét nghiệm Y học
165551,TTU,ky-thuat-xet-nghiem-y-hoc,B00,Điểm học bạ,2023,19.0,Kỹ thuật xét nghiệm Y học
165552,TTU,ky-thuat-xet-nghiem-y-hoc,B03,Điểm học bạ,2023,19.0,Kỹ thuật xét nghiệm Y học
165553,TTU,ky-thuat-xet-nghiem-y-hoc,B08,Điểm học bạ,2023,19.0,Kỹ thuật xét nghiệm Y học
165554,TTU,ky-thuat-xet-nghiem-y-hoc,A02,Điểm thi THPT,2023,19.0,Kỹ thuật xét nghiệm Y học
165555,TTU,ky-thuat-xet-nghiem-y-hoc,B00,Điểm thi THPT,2023,19.0,Kỹ thuật xét nghiệm Y học
165556,TTU,ky-thuat-xet-nghiem-y-hoc,B03,Điểm thi THPT,2023,19.0,Kỹ thuật xét nghiệm Y học
165557,TTU,ky-thuat-xet-nghiem-y-hoc,B08,Điểm thi THPT,2023,19.0,Kỹ thuật xét nghiệm Y học
165558,TTU,ky-thuat-xet-nghiem-y-hoc,A02,Điểm thi THPT,2024,19.0,Kỹ thuật xét nghiệm y học
165559,TTU,ky-thuat-xet-nghiem-y-hoc,B00,Điểm thi THPT,2024,19.0,Kỹ thuật xét nghiệm y học
165560,TTU,ky-thuat-xet-nghiem-y-hoc,B08,Điểm thi THPT,2024,19.0,Kỹ thuật xét nghiệm y học
165561,TTU,ky-thuat-xet-nghiem-y-hoc,A00,Điểm học bạ,2025,17.0,Kỹ thuật xét nghiệm Y học
165562,TTU,ky-thuat-xet-nghiem-y-hoc,A02,Điểm học bạ,2025,17.0,Kỹ thuật xét nghiệm Y học
165563,TTU,ky-thuat-xet-nghiem-y-hoc,B00,Điểm học bạ,2025,17.0,Kỹ thuật xét nghiệm Y học
165564,TTU,ky-thuat-xet-nghiem-y-hoc,B08,Điểm học bạ,2025,17.0,Kỹ thuật xét nghiệm Y học
165565,TTU,ky-thuat-xet-nghiem-y-hoc,D07,Điểm học bạ,2025,17.0,Kỹ thuật xét nghiệm Y học
165566,TTU,ky-thuat-xet-nghiem-y-hoc,A00,Điểm thi THPT,2025,17.0,Kỹ thuật xét nghiệm Y học
165567,TTU,ky-thuat-xet-nghiem-y-hoc,A02,Điểm thi THPT,2025,17.0,Kỹ thuật xét nghiệm Y học
165568,TTU,ky-thuat-xet-nghiem-y-hoc,B00,Điểm thi THPT,2025,17.0,Kỹ thuật xét nghiệm Y học
165569,TTU,ky-thuat-xet-nghiem-y-hoc,B08,Điểm thi THPT,2025,17.0,Kỹ thuật xét nghiệm Y học
165570,TTU,ky-thuat-xet-nghiem-y-hoc,D07,Điểm thi THPT,2025,17.0,Kỹ thuật xét nghiệm Y học
165571,TTU,ngon-ngu-anh,A00,Điểm thi THPT,2021,15.0,Ngôn ngữ Anh
165572,TTU,ngon-ngu-anh,B00,Điểm thi THPT,2021,15.0,Ngôn ngữ Anh
165573,TTU,ngon-ngu-anh,B08,Điểm thi THPT,2021,15.0,Ngôn ngữ Anh
165574,TTU,ngon-ngu-anh,D01,Điểm thi THPT,2021,15.0,Ngôn ngữ Anh
165575,TTU,ngon-ngu-anh,A01,Điểm thi THPT,2022,15.0,Ngôn ngữ Anh
165576,TTU,ngon-ngu-anh,D01,Điểm thi THPT,2022,15.0,Ngôn ngữ Anh
165577,TTU,ngon-ngu-anh,D07,Điểm thi THPT,2022,15.0,Ngôn ngữ Anh
165578,TTU,ngon-ngu-anh,D08,Điểm thi THPT,2022,15.0,Ngôn ngữ Anh
165579,TTU,ngon-ngu-anh,A01,Điểm học bạ,2023,18.0,Ngôn ngữ Anh
165580,TTU,ngon-ngu-anh,D01,Điểm học bạ,2023,18.0,Ngôn ngữ Anh
165581,TTU,ngon-ngu-anh,D07,Điểm học bạ,2023,18.0,Ngôn ngữ Anh
165582,TTU,ngon-ngu-anh,D08,Điểm học bạ,2023,18.0,Ngôn ngữ Anh
165583,TTU,ngon-ngu-anh,A01,Điểm thi THPT,2023,15.0,Ngôn ngữ Anh
165584,TTU,ngon-ngu-anh,D01,Điểm thi THPT,2023,15.0,Ngôn ngữ Anh
165585,TTU,ngon-ngu-anh,D07,Điểm thi THPT,2023,15.0,Ngôn ngữ Anh
165586,TTU,ngon-ngu-anh,D08,Điểm thi THPT,2023,15.0,Ngôn ngữ Anh
165587,TTU,ngon-ngu-anh,A01,Điểm thi THPT,2024,15.0,Ngôn ngữ Anh
165588,TTU,ngon-ngu-anh,D01,Điểm thi THPT,2024,15.0,Ngôn ngữ Anh
165589,TTU,ngon-ngu-anh,D07,Điểm thi THPT,2024,15.0,Ngôn ngữ Anh
165590,TTU,ngon-ngu-anh,D08,Điểm thi THPT,2024,15.0,Ngôn ngữ Anh
165591,TTU,ngon-ngu-anh,A01,Điểm học bạ,2025,15.0,Ngôn ngữ Anh
165592,TTU,ngon-ngu-anh,D01,Điểm học bạ,2025,15.0,Ngôn ngữ Anh
165593,TTU,ngon-ngu-anh,D07,Điểm học bạ,2025,15.0,Ngôn ngữ Anh
165594,TTU,ngon-ngu-anh,D08,Điểm học bạ,2025,15.0,Ngôn ngữ Anh
165595,TTU,ngon-ngu-anh,X25,Điểm học bạ,2025,15.0,Ngôn ngữ Anh
165596,TTU,ngon-ngu-anh,A01,Điểm thi THPT,2025,15.0,Ngôn ngữ Anh
165597,TTU,ngon-ngu-anh,D01,Điểm thi THPT,2025,15.0,Ngôn ngữ Anh
165598,TTU,ngon-ngu-anh,D07,Điểm thi THPT,2025,15.0,Ngôn ngữ Anh
165599,TTU,ngon-ngu-anh,D08,Điểm thi THPT,2025,15.0,Ngôn ngữ Anh
165600,TTU,ngon-ngu-anh,X25,Điểm thi THPT,2025,15.0,Ngôn ngữ Anh
165601,TTU,quan-tri-kinh-doanh,A00,Điểm thi THPT,2021,15.0,Quản trị kinh doanh
165602,TTU,quan-tri-kinh-doanh,B00,Điểm thi THPT,2021,15.0,Quản trị kinh doanh
165603,TTU,quan-tri-kinh-doanh,B08,Điểm thi THPT,2021,15.0,Quản trị kinh doanh
165604,TTU,quan-tri-kinh-doanh,D01,Điểm thi THPT,2021,15.0,Quản trị kinh doanh
165605,TTU,quan-tri-kinh-doanh,A00,Điểm thi THPT,2022,15.0,Quản trị kinh doanh
165606,TTU,quan-tri-kinh-doanh,A01,Điểm thi THPT,2022,15.0,Quản trị kinh doanh
165607,TTU,quan-tri-kinh-doanh,D01,Điểm thi THPT,2022,15.0,Quản trị kinh doanh
165608,TTU,quan-tri-kinh-doanh,D07,Điểm thi THPT,2022,15.0,Quản trị kinh doanh
165609,TTU,quan-tri-kinh-doanh,A00,Điểm học bạ,2023,18.0,Quản trị kinh doanh
165610,TTU,quan-tri-kinh-doanh,A01,Điểm học bạ,2023,18.0,Quản trị kinh doanh
165611,TTU,quan-tri-kinh-doanh,D01,Điểm học bạ,2023,18.0,Quản trị kinh doanh
165612,TTU,quan-tri-kinh-doanh,D07,Điểm học bạ,2023,18.0,Quản trị kinh doanh
165613,TTU,quan-tri-kinh-doanh,A00,Điểm thi THPT,2023,15.0,Quàn trị kinh doanh
165614,TTU,quan-tri-kinh-doanh,A01,Điểm thi THPT,2023,15.0,Quàn trị kinh doanh
165615,TTU,quan-tri-kinh-doanh,D01,Điểm thi THPT,2023,15.0,Quàn trị kinh doanh
165616,TTU,quan-tri-kinh-doanh,D07,Điểm thi THPT,2023,15.0,Quàn trị kinh doanh
165617,TTU,quan-tri-kinh-doanh,A00,Điểm thi THPT,2024,15.0,Quản trị kinh doanh
165618,TTU,quan-tri-kinh-doanh,A01,Điểm thi THPT,2024,15.0,Quản trị kinh doanh
165619,TTU,quan-tri-kinh-doanh,D01,Điểm thi THPT,2024,15.0,Quản trị kinh doanh
165620,TTU,quan-tri-kinh-doanh,D07,Điểm thi THPT,2024,15.0,Quản trị kinh doanh
165621,TTU,quan-tri-kinh-doanh,A00,Điểm học bạ,2025,15.0,Quản trị kinh doanh
165622,TTU,quan-tri-kinh-doanh,A01,Điểm học bạ,2025,15.0,Quản trị kinh doanh
165623,TTU,quan-tri-kinh-doanh,C01,Điểm học bạ,2025,15.0,Quản trị kinh doanh
165624,TTU,quan-tri-kinh-doanh,D01,Điểm học bạ,2025,15.0,Quản trị kinh doanh
165625,TTU,quan-tri-kinh-doanh,D07,Điểm học bạ,2025,15.0,Quản trị kinh doanh
165626,TTU,quan-tri-kinh-doanh,X01,Điểm học bạ,2025,15.0,Quản trị kinh doanh
165627,TTU,quan-tri-kinh-doanh,A00,Điểm thi THPT,2025,15.0,Quản trị kinh doanh
165628,TTU,quan-tri-kinh-doanh,A01,Điểm thi THPT,2025,15.0,Quản trị kinh doanh
165629,TTU,quan-tri-kinh-doanh,C01,Điểm thi THPT,2025,15.0,Quản trị kinh doanh
165630,TTU,quan-tri-kinh-doanh,D01,Điểm thi THPT,2025,15.0,Quản trị kinh doanh
165631,TTU,quan-tri-kinh-doanh,D07,Điểm thi THPT,2025,15.0,Quản trị kinh doanh
165632,TTU,quan-tri-kinh-doanh,X01,Điểm thi THPT,2025,15.0,Quản trị kinh doanh
165633,TTU,tai-chinh-ngan-hang,A00,Điểm thi THPT,2022,15.0,Tài chính - Ngân hàng
165634,TTU,tai-chinh-ngan-hang,A01,Điểm thi THPT,2022,15.0,Tài chính - Ngân hàng
165635,TTU,tai-chinh-ngan-hang,D01,Điểm thi THPT,2022,15.0,Tài chính - Ngân hàng
165636,TTU,tai-chinh-ngan-hang,D07,Điểm thi THPT,2022,15.0,Tài chính - Ngân hàng
165637,TTU,tai-chinh-ngan-hang,A00,Điểm học bạ,2023,18.0,Tài chính - Ngân hàng
165638,TTU,tai-chinh-ngan-hang,A01,Điểm học bạ,2023,18.0,Tài chính - Ngân hàng
165639,TTU,tai-chinh-ngan-hang,D01,Điểm học bạ,2023,18.0,Tài chính - Ngân hàng
165640,TTU,tai-chinh-ngan-hang,D07,Điểm học bạ,2023,18.0,Tài chính - Ngân hàng
165641,TTU,tai-chinh-ngan-hang,A00,Điểm thi THPT,2023,15.0,Tài chính - Ngân hàng
165642,TTU,tai-chinh-ngan-hang,A01,Điểm thi THPT,2023,15.0,Tài chính - Ngân hàng
165643,TTU,tai-chinh-ngan-hang,D01,Điểm thi THPT,2023,15.0,Tài chính - Ngân hàng
165644,TTU,tai-chinh-ngan-hang,D07,Điểm thi THPT,2023,15.0,Tài chính - Ngân hàng
165645,TTU,tai-chinh-ngan-hang,A00,Điểm thi THPT,2024,15.0,Tài chính ngân hàng
165646,TTU,tai-chinh-ngan-hang,A01,Điểm thi THPT,2024,15.0,Tài chính ngân hàng
165647,TTU,tai-chinh-ngan-hang,D01,Điểm thi THPT,2024,15.0,Tài chính ngân hàng
165648,TTU,tai-chinh-ngan-hang,D07,Điểm thi THPT,2024,15.0,Tài chính ngân hàng
165649,TTU,tai-chinh-ngan-hang,A00,Điểm học bạ,2025,15.0,Tài chính Ngân hàng
165650,TTU,tai-chinh-ngan-hang,A01,Điểm học bạ,2025,15.0,Tài chính Ngân hàng
165651,TTU,tai-chinh-ngan-hang,C01,Điểm học bạ,2025,15.0,Tài chính Ngân hàng
165652,TTU,tai-chinh-ngan-hang,D01,Điểm học bạ,2025,15.0,Tài chính Ngân hàng
165653,TTU,tai-chinh-ngan-hang,D07,Điểm học bạ,2025,15.0,Tài chính Ngân hàng
165654,TTU,tai-chinh-ngan-hang,X01,Điểm học bạ,2025,15.0,Tài chính Ngân hàng
165655,TTU,tai-chinh-ngan-hang,A00,Điểm thi THPT,2025,15.0,Tài chính Ngân hàng
165656,TTU,tai-chinh-ngan-hang,A01,Điểm thi THPT,2025,15.0,Tài chính Ngân hàng
165657,TTU,tai-chinh-ngan-hang,C01,Điểm thi THPT,2025,15.0,Tài chính Ngân hàng
165658,TTU,tai-chinh-ngan-hang,D01,Điểm thi THPT,2025,15.0,Tài chính Ngân hàng
165659,TTU,tai-chinh-ngan-hang,D07,Điểm thi THPT,2025,15.0,Tài chính Ngân hàng
165660,TTU,tai-chinh-ngan-hang,X01,Điểm thi THPT,2025,15.0,Tài chính Ngân hàng
165661,TTU,tri-tue-nhan-tao,A00,Điểm học bạ,2025,15.0,Trí tuệ nhân tạo
165662,TTU,tri-tue-nhan-tao,A01,Điểm học bạ,2025,15.0,Trí tuệ nhân tạo
165663,TTU,tri-tue-nhan-tao,D01,Điểm học bạ,2025,15.0,Trí tuệ nhân tạo
165664,TTU,tri-tue-nhan-tao,D07,Điểm học bạ,2025,15.0,Trí tuệ nhân tạo
165665,TTU,tri-tue-nhan-tao,X07,Điểm học bạ,2025,15.0,Trí tuệ nhân tạo
165666,TTU,tri-tue-nhan-tao,X25,Điểm học bạ,2025,15.0,Trí tuệ nhân tạo
165667,TTU,tri-tue-nhan-tao,X26,Điểm học bạ,2025,15.0,Trí tuệ nhân tạo
165668,TTU,tri-tue-nhan-tao,X27,Điểm học bạ,2025,15.0,Trí tuệ nhân tạo
165669,TTU,tri-tue-nhan-tao,X56,Điểm học bạ,2025,15.0,Trí tuệ nhân tạo
165670,TTU,tri-tue-nhan-tao,A00,Điểm thi THPT,2025,15.0,Trí tuệ nhân tạo
165671,TTU,tri-tue-nhan-tao,A01,Điểm thi THPT,2025,15.0,Trí tuệ nhân tạo
165672,TTU,tri-tue-nhan-tao,D01,Điểm thi THPT,2025,15.0,Trí tuệ nhân tạo
165673,TTU,tri-tue-nhan-tao,D07,Điểm thi THPT,2025,15.0,Trí tuệ nhân tạo
165674,TTU,tri-tue-nhan-tao,X07,Điểm thi THPT,2025,15.0,Trí tuệ nhân tạo
165675,TTU,tri-tue-nhan-tao,X25,Điểm thi THPT,2025,15.0,Trí tuệ nhân tạo
165676,TTU,tri-tue-nhan-tao,X26,Điểm thi THPT,2025,15.0,Trí tuệ nhân tạo
165677,TTU,tri-tue-nhan-tao,X27,Điểm thi THPT,2025,15.0,Trí tuệ nhân tạo
165678,TTU,tri-tue-nhan-tao,X56,Điểm thi THPT,2025,15.0,Trí tuệ nhân tạo
165679,TTU,y-khoa,A00,Điểm thi THPT,2021,22.0,Y khoa
165680,TTU,y-khoa,B00,Điểm thi THPT,2021,22.0,Y khoa
165681,TTU,y-khoa,B08,Điểm thi THPT,2021,22.0,Y khoa
165682,TTU,y-khoa,D07,Điểm thi THPT,2021,22.0,Y khoa
165683,TTU,y-khoa,A02,Điểm thi THPT,2022,22.0,Y khoa
165684,TTU,y-khoa,B00,Điểm thi THPT,2022,22.0,Y khoa
165685,TTU,y-khoa,B03,Điểm thi THPT,2022,22.0,Y khoa
165686,TTU,y-khoa,B08,Điểm thi THPT,2022,22.0,Y khoa
165687,TTU,y-khoa,A02,Điểm học bạ,2023,23.0,Y khoa (Bác sĩ Đa khoa)
165688,TTU,y-khoa,B00,Điểm học bạ,2023,23.0,Y khoa (Bác sĩ Đa khoa)
165689,TTU,y-khoa,B03,Điểm học bạ,2023,23.0,Y khoa (Bác sĩ Đa khoa)
165690,TTU,y-khoa,B08,Điểm học bạ,2023,23.0,Y khoa (Bác sĩ Đa khoa)
165691,TTU,y-khoa,A02,Điểm thi THPT,2023,22.5,Y khoa (Bác sĩ Đa khoa)
165692,TTU,y-khoa,B00,Điểm thi THPT,2023,22.5,Y khoa (Bác sĩ Đa khoa)
165693,TTU,y-khoa,B03,Điểm thi THPT,2023,22.5,Y khoa (Bác sĩ Đa khoa)
165694,TTU,y-khoa,B08,Điểm thi THPT,2023,22.5,Y khoa (Bác sĩ Đa khoa)
165695,TTU,y-khoa,A02,Điểm thi THPT,2024,22.5,Y khoa (Bác sĩ Đa khoa)
165696,TTU,y-khoa,B00,Điểm thi THPT,2024,22.5,Y khoa (Bác sĩ Đa khoa)
165697,TTU,y-khoa,B08,Điểm thi THPT,2024,22.5,Y khoa (Bác sĩ Đa khoa)
165698,TTU,y-khoa,A02,Điểm học bạ,2025,20.5,Y khoa (Bác sĩ Đa khoa)
165699,TTU,y-khoa,B00,Điểm học bạ,2025,20.5,Y khoa (Bác sĩ Đa khoa)
165700,TTU,y-khoa,B08,Điểm học bạ,2025,20.5,Y khoa (Bác sĩ Đa khoa)
165701,TTU,y-khoa,A02,Điểm thi THPT,2025,20.5,Y khoa (Bác sĩ Đa khoa)
165702,TTU,y-khoa,B00,Điểm thi THPT,2025,20.5,Y khoa (Bác sĩ Đa khoa)
165703,TTU,y-khoa,B08,Điểm thi THPT,2025,20.5,Y khoa (Bác sĩ Đa khoa)
165704,TYS,dieu-duong,B00,Điểm thi THPT,2021,24.0,Điều dưỡng
165705,TYS,dieu-duong,B00,Điểm thi THPT,2022,19.05,Điều dưỡng
165706,TYS,dieu-duong,B00,Điểm thi THPT,2023,22.4,Điểu dưỡng
165707,TYS,dieu-duong,B00,Điểm thi THPT,2024,23.57,Điều dưỡng
165708,TYS,dieu-duong,B03,Điểm thi THPT,2024,23.57,Điều dưỡng
165709,TYS,dieu-duong,B00,Điểm thi THPT,2025,19.6,Điều dưỡng
165710,TYS,dieu-duong,B03,Điểm thi THPT,2025,19.6,Điều dưỡng
165711,TYS,dieu-duong,B08,Điểm thi THPT,2025,19.6,Điều dưỡng
165712,TYS,dinh-duong,B00,Điểm thi THPT,2021,23.45,Dinh dưỡng
165713,TYS,dinh-duong,B00,Điểm thi THPT,2022,19.1,Dinh dưỡng
165714,TYS,dinh-duong,B00,Điểm thi THPT,2023,21.8,Dinh dưỡng
165715,TYS,dinh-duong,B00,Điểm thi THPT,2024,23.2,Dinh dưỡng
165716,TYS,dinh-duong,A00,Điểm thi THPT,2025,18.0,Dinh dưỡng
165717,TYS,dinh-duong,B00,Điểm thi THPT,2025,18.0,Dinh dưỡng
165718,TYS,duoc-hoc,B00,Điểm thi THPT,2021,26.35,Dược học
165719,TYS,duoc-hoc,B00,Điểm thi THPT,2022,25.45,Dược học
165720,TYS,duoc-hoc,B00,Điểm thi THPT,2023,25.25,Dược học
165721,TYS,duoc-hoc,B00,Điểm thi THPT,2024,25.51,Dược học
165722,TYS,duoc-hoc,B00,Điểm thi THPT,2025,22.0,Dược học
165723,TYS,ho-sinh,B00,Điểm thi THPT,2024,22.4,Hộ sinh
165724,TYS,ho-sinh,B00,Điểm thi THPT,2025,19.6,Hộ sinh
165725,TYS,ho-sinh,B03,Điểm thi THPT,2025,19.6,Hộ sinh
165726,TYS,ho-sinh,B08,Điểm thi THPT,2025,19.6,Hộ sinh
165727,TYS,khuc-xa-nhan-khoa,B00,Điểm thi THPT,2021,24.9,Khúc xạ nhãn khoa
165728,TYS,khuc-xa-nhan-khoa,B00,Điểm thi THPT,2022,22.8,Khúc xạ nhãn khoa
165729,TYS,khuc-xa-nhan-khoa,B00,Điểm thi THPT,2023,23.57,Khúc xạ nhãn khoa
165730,TYS,khuc-xa-nhan-khoa,A00,Điểm thi THPT,2024,24.06,Khúc xạ nhãn khoa
165731,TYS,khuc-xa-nhan-khoa,B00,Điểm thi THPT,2024,24.06,Khúc xạ nhãn khoa
165732,TYS,khuc-xa-nhan-khoa,A00,Điểm thi THPT,2025,21.0,Khúc xạ nhãn khoa
165733,TYS,khuc-xa-nhan-khoa,A01,Điểm thi THPT,2025,21.0,Khúc xạ nhãn khoa
165734,TYS,khuc-xa-nhan-khoa,B00,Điểm thi THPT,2025,21.0,Khúc xạ nhãn khoa
165735,TYS,ky-thuat-hinh-anh-y-hoc,B00,Điểm thi THPT,2021,24.7,Kỹ thuật hình ảnh y học
165736,TYS,ky-thuat-hinh-anh-y-hoc,B00,Điểm thi THPT,2022,21.7,Kỹ thuật hình ảnh y học
165737,TYS,ky-thuat-hinh-anh-y-hoc,B00,Điểm thi THPT,2023,23.61,Kỹ thuật hình ảnh y học
165738,TYS,ky-thuat-hinh-anh-y-hoc,A00,Điểm thi THPT,2024,24.1,Kỹ thuật hình ảnh y học
165739,TYS,ky-thuat-hinh-anh-y-hoc,B00,Điểm thi THPT,2024,24.1,Kỹ thuật hình ảnh y học
165740,TYS,ky-thuat-hinh-anh-y-hoc,A00,Điểm thi THPT,2025,20.55,Kỹ thuật hình ảnh y học
165741,TYS,ky-thuat-hinh-anh-y-hoc,B00,Điểm thi THPT,2025,20.55,Kỹ thuật hình ảnh y học
165742,TYS,ky-thuat-phuc-hoi-chuc-nang,B00,Điểm thi THPT,2022,19.2,Kỹ thuật phục hồi chức năng
165743,TYS,ky-thuat-phuc-hoi-chuc-nang,B00,Điểm thi THPT,2023,23.09,Kỹ thuật phục hồi chức năng
165744,TYS,ky-thuat-phuc-hoi-chuc-nang,B00,Điểm thi THPT,2024,24.01,Kỹ thuật phục hồi chức năng
165745,TYS,ky-thuat-phuc-hoi-chuc-nang,A00,Điểm thi THPT,2025,21.25,Kỹ thuật phục hồi chức năng
165746,TYS,ky-thuat-phuc-hoi-chuc-nang,A01,Điểm thi THPT,2025,21.25,Kỹ thuật phục hồi chức năng
165747,TYS,ky-thuat-phuc-hoi-chuc-nang,B00,Điểm thi THPT,2025,21.25,Kỹ thuật phục hồi chức năng
165748,TYS,ky-thuat-xet-nghiem-y-hoc,B00,Điểm thi THPT,2021,25.7,Kỹ thuật xét nghiệm y học
165749,TYS,ky-thuat-xet-nghiem-y-hoc,B00,Điểm thi THPT,2022,24.2,Kỹ thuật xét nghiệm y học
165750,TYS,ky-thuat-xet-nghiem-y-hoc,B00,Điểm thi THPT,2023,24.47,Kỹ thuật xét nghiệm y học
165751,TYS,ky-thuat-xet-nghiem-y-hoc,B00,Điểm thi THPT,2024,24.9,Kỹ thuật xét nghiệm y học
165752,TYS,ky-thuat-xet-nghiem-y-hoc,B00,Điểm thi THPT,2025,21.5,Kỹ thuật xét nghiệm y học
165753,TYS,rang-ham-mat,B00,Điểm thi THPT,2021,27.35,Răng Hàm Mặt
165754,TYS,rang-ham-mat,B00,Điểm thi THPT,2022,26.65,Răng Hàm Mặt
165755,TYS,rang-ham-mat,B00,Điểm thi THPT,2023,26.28,Răng Hàm Mặt
165756,TYS,rang-ham-mat,B00,Điểm thi THPT,2024,26.49,Răng Hàm Mặt
165757,TYS,rang-ham-mat,B00,Điểm thi THPT,2025,25.26,Răng Hàm Mặt
165758,TYS,y-hoc-co-truyen,B00,Điểm thi THPT,2024,24.6,Y học cổ truyền
165759,TYS,y-hoc-co-truyen,B00,Điểm thi THPT,2025,21.1,Y học cổ truyền
165760,TYS,y-khoa,B00,Điểm thi THPT,2021,27.35,Y khoa
165761,TYS,y-khoa,B00,Điểm thi THPT,2022,26.65,Y khoa
165762,TYS,y-khoa,B00,Điểm thi THPT,2023,26.31,Y khoa
165763,TYS,y-khoa,B00,Điểm thi THPT,2024,26.57,Y khoa
165764,TYS,y-khoa,B00,Điểm thi THPT,2025,25.55,Y khoa
165765,TYS,y-te-cong-cong,B00,Điểm thi THPT,2021,21.35,Y tế công cộng
165766,TYS,y-te-cong-cong,B00,Điểm thi THPT,2022,18.8,Y tế công cộng
165767,TYS,y-te-cong-cong,B00,Điểm thi THPT,2023,18.35,Y tế công cộng
165768,TYS,y-te-cong-cong,A00,Điểm thi THPT,2024,21.35,Y tế công cộng
165769,TYS,y-te-cong-cong,B00,Điểm thi THPT,2024,21.35,Y tế công cộng
165770,TYS,y-te-cong-cong,B03,Điểm thi THPT,2024,21.35,Y tế công cộng
165771,TYS,y-te-cong-cong,A00,Điểm thi THPT,2025,18.0,Y tế công cộng
165772,TYS,y-te-cong-cong,B00,Điểm thi THPT,2025,18.0,Y tế công cộng
165773,TYS,y-te-cong-cong,B03,Điểm thi THPT,2025,18.0,Y tế công cộng
165774,TYS,y-te-cong-cong,B08,Điểm thi THPT,2025,18.0,Y tế công cộng
165775,UEF,bat-dong-san,A00,Điểm học bạ,2021,30.0,Bất động sản
165776,UEF,bat-dong-san,A01,Điểm học bạ,2021,30.0,Bất động sản
165777,UEF,bat-dong-san,C00,Điểm học bạ,2021,30.0,Bất động sản
165778,UEF,bat-dong-san,D01,Điểm học bạ,2021,30.0,Bất động sản
165779,UEF,bat-dong-san,A00,Điểm thi THPT,2021,20.0,Bất động sản
165780,UEF,bat-dong-san,A01,Điểm thi THPT,2021,20.0,Bất động sản
165781,UEF,bat-dong-san,C00,Điểm thi THPT,2021,20.0,Bất động sản
165782,UEF,bat-dong-san,D01,Điểm thi THPT,2021,20.0,Bất động sản
165783,UEF,bat-dong-san,A00,Điểm học bạ,2022,18.0,Bất động sản
165784,UEF,bat-dong-san,A01,Điểm học bạ,2022,18.0,Bất động sản
165785,UEF,bat-dong-san,C00,Điểm học bạ,2022,18.0,Bất động sản
165786,UEF,bat-dong-san,D01,Điểm học bạ,2022,18.0,Bất động sản
165787,UEF,bat-dong-san,A00,Điểm thi THPT,2022,19.0,Bất động sản
165788,UEF,bat-dong-san,A01,Điểm thi THPT,2022,19.0,Bất động sản
165789,UEF,bat-dong-san,C00,Điểm thi THPT,2022,19.0,Bất động sản
165790,UEF,bat-dong-san,D01,Điểm thi THPT,2022,19.0,Bất động sản
165791,UEF,bat-dong-san,A00,Điểm học bạ,2023,18.0,Bất động sản
165792,UEF,bat-dong-san,A01,Điểm học bạ,2023,18.0,Bất động sản
165793,UEF,bat-dong-san,C00,Điểm học bạ,2023,18.0,Bất động sản
165794,UEF,bat-dong-san,D01,Điểm học bạ,2023,18.0,Bất động sản
165795,UEF,bat-dong-san,A00,Điểm thi THPT,2023,17.0,Bất động sản
165796,UEF,bat-dong-san,A01,Điểm thi THPT,2023,17.0,Bất động sản
165797,UEF,bat-dong-san,C00,Điểm thi THPT,2023,17.0,Bất động sản
165798,UEF,bat-dong-san,D01,Điểm thi THPT,2023,17.0,Bất động sản
165799,UEF,bat-dong-san,A00,Điểm học bạ,2024,18.0,Bất động sản
165800,UEF,bat-dong-san,A01,Điểm học bạ,2024,18.0,Bất động sản
165801,UEF,bat-dong-san,C00,Điểm học bạ,2024,18.0,Bất động sản
165802,UEF,bat-dong-san,D01,Điểm học bạ,2024,18.0,Bất động sản
165803,UEF,bat-dong-san,A00,Điểm thi THPT,2024,18.0,Bất động sản
165804,UEF,bat-dong-san,A01,Điểm thi THPT,2024,18.0,Bất động sản
165805,UEF,bat-dong-san,C00,Điểm thi THPT,2024,18.0,Bất động sản
165806,UEF,bat-dong-san,D01,Điểm thi THPT,2024,18.0,Bất động sản
165807,UEF,bat-dong-san,C01,Điểm học bạ,2025,18.0,Bất động sản
165808,UEF,bat-dong-san,C03,Điểm học bạ,2025,18.0,Bất động sản
165809,UEF,bat-dong-san,C04,Điểm học bạ,2025,18.0,Bất động sản
165810,UEF,bat-dong-san,C14,Điểm học bạ,2025,18.0,Bất động sản
165811,UEF,bat-dong-san,D01,Điểm học bạ,2025,18.0,Bất động sản
165812,UEF,bat-dong-san,X02,Điểm học bạ,2025,18.0,Bất động sản
165813,UEF,bat-dong-san,C01,Điểm thi THPT,2025,16.0,Bất động sản
165814,UEF,bat-dong-san,C03,Điểm thi THPT,2025,15.0,Bất động sản
165815,UEF,bat-dong-san,C04,Điểm thi THPT,2025,15.0,Bất động sản
165816,UEF,bat-dong-san,C14,Điểm thi THPT,2025,15.0,Bất động sản
165817,UEF,bat-dong-san,D01,Điểm thi THPT,2025,15.0,Bất động sản
165818,UEF,bat-dong-san,X02,Điểm thi THPT,2025,15.0,Bất động sản
165819,UEF,cong-nghe-tai-chinh,A00,Điểm học bạ,2022,18.0,Công nghệ tài chính
165820,UEF,cong-nghe-tai-chinh,A01,Điểm học bạ,2022,18.0,Công nghệ tài chính
165821,UEF,cong-nghe-tai-chinh,C01,Điểm học bạ,2022,18.0,Công nghệ tài chính
165822,UEF,cong-nghe-tai-chinh,D01,Điểm học bạ,2022,18.0,Công nghệ tài chính
165823,UEF,cong-nghe-tai-chinh,A00,Điểm thi THPT,2022,18.0,Công nghệ tài chính
165824,UEF,cong-nghe-tai-chinh,A01,Điểm thi THPT,2022,18.0,Công nghệ tài chính
165825,UEF,cong-nghe-tai-chinh,C01,Điểm thi THPT,2022,18.0,Công nghệ tài chính
165826,UEF,cong-nghe-tai-chinh,D01,Điểm thi THPT,2022,18.0,Công nghệ tài chính
165827,UEF,cong-nghe-tai-chinh,A00,Điểm học bạ,2023,18.0,Công nghệ tài chính
165828,UEF,cong-nghe-tai-chinh,A01,Điểm học bạ,2023,18.0,Công nghệ tài chính
165829,UEF,cong-nghe-tai-chinh,C01,Điểm học bạ,2023,18.0,Công nghệ tài chính
165830,UEF,cong-nghe-tai-chinh,D01,Điểm học bạ,2023,18.0,Công nghệ tài chính
165831,UEF,cong-nghe-tai-chinh,A00,Điểm thi THPT,2023,16.0,Công nghệ tài chính (Fintech)
165832,UEF,cong-nghe-tai-chinh,A01,Điểm thi THPT,2023,16.0,Công nghệ tài chính (Fintech)
165833,UEF,cong-nghe-tai-chinh,C01,Điểm thi THPT,2023,16.0,Công nghệ tài chính (Fintech)
165834,UEF,cong-nghe-tai-chinh,D01,Điểm thi THPT,2023,16.0,Công nghệ tài chính (Fintech)
165835,UEF,cong-nghe-tai-chinh,A00,Điểm học bạ,2024,18.0,Công nghệ tài chính (Fintech)
165836,UEF,cong-nghe-tai-chinh,A01,Điểm học bạ,2024,18.0,Công nghệ tài chính (Fintech)
165837,UEF,cong-nghe-tai-chinh,C01,Điểm học bạ,2024,18.0,Công nghệ tài chính (Fintech)
165838,UEF,cong-nghe-tai-chinh,D01,Điểm học bạ,2024,18.0,Công nghệ tài chính (Fintech)
165839,UEF,cong-nghe-tai-chinh,A00,Điểm thi THPT,2024,16.0,Công nghệ tài chính (Fintech)
165840,UEF,cong-nghe-tai-chinh,A01,Điểm thi THPT,2024,16.0,Công nghệ tài chính (Fintech)
165841,UEF,cong-nghe-tai-chinh,C01,Điểm thi THPT,2024,16.0,Công nghệ tài chính (Fintech)
165842,UEF,cong-nghe-tai-chinh,D01,Điểm thi THPT,2024,16.0,Công nghệ tài chính (Fintech)
165843,UEF,cong-nghe-tai-chinh,C01,Điểm học bạ,2025,18.0,Công nghệ tài chính
165844,UEF,cong-nghe-tai-chinh,C03,Điểm học bạ,2025,18.0,Công nghệ tài chính
165845,UEF,cong-nghe-tai-chinh,C04,Điểm học bạ,2025,18.0,Công nghệ tài chính
165846,UEF,cong-nghe-tai-chinh,C14,Điểm học bạ,2025,18.0,Công nghệ tài chính
165847,UEF,cong-nghe-tai-chinh,D01,Điểm học bạ,2025,18.0,Công nghệ tài chính
165848,UEF,cong-nghe-tai-chinh,X02,Điểm học bạ,2025,18.0,Công nghệ tài chính
165849,UEF,cong-nghe-tai-chinh,C01,Điểm thi THPT,2025,16.0,Công nghệ tài chính
165850,UEF,cong-nghe-tai-chinh,C03,Điểm thi THPT,2025,15.0,Công nghệ tài chính
165851,UEF,cong-nghe-tai-chinh,C04,Điểm thi THPT,2025,15.0,Công nghệ tài chính
165852,UEF,cong-nghe-tai-chinh,C14,Điểm thi THPT,2025,15.0,Công nghệ tài chính
165853,UEF,cong-nghe-tai-chinh,D01,Điểm thi THPT,2025,15.0,Công nghệ tài chính
165854,UEF,cong-nghe-tai-chinh,X02,Điểm thi THPT,2025,15.0,Công nghệ tài chính
165855,UEF,cong-nghe-thong-tin,A00,Điểm học bạ,2021,30.0,Công nghệ thông tin
165856,UEF,cong-nghe-thong-tin,A01,Điểm học bạ,2021,30.0,Công nghệ thông tin
165857,UEF,cong-nghe-thong-tin,C01,Điểm học bạ,2021,30.0,Công nghệ thông tin
165858,UEF,cong-nghe-thong-tin,D01,Điểm học bạ,2021,30.0,Công nghệ thông tin
165859,UEF,cong-nghe-thong-tin,A00,Điểm thi THPT,2021,22.0,Công nghệ thông tin
165860,UEF,cong-nghe-thong-tin,A01,Điểm thi THPT,2021,22.0,Công nghệ thông tin
165861,UEF,cong-nghe-thong-tin,C01,Điểm thi THPT,2021,22.0,Công nghệ thông tin
165862,UEF,cong-nghe-thong-tin,D01,Điểm thi THPT,2021,22.0,Công nghệ thông tin
165863,UEF,cong-nghe-thong-tin,A00,Điểm học bạ,2022,18.0,Công nghệ thông tin
165864,UEF,cong-nghe-thong-tin,A01,Điểm học bạ,2022,18.0,Công nghệ thông tin
165865,UEF,cong-nghe-thong-tin,C01,Điểm học bạ,2022,18.0,Công nghệ thông tin
165866,UEF,cong-nghe-thong-tin,D01,Điểm học bạ,2022,18.0,Công nghệ thông tin
165867,UEF,cong-nghe-thong-tin,A00,Điểm thi THPT,2022,17.0,Công nghệ thông tin
165868,UEF,cong-nghe-thong-tin,A01,Điểm thi THPT,2022,17.0,Công nghệ thông tin
165869,UEF,cong-nghe-thong-tin,C01,Điểm thi THPT,2022,17.0,Công nghệ thông tin
165870,UEF,cong-nghe-thong-tin,D01,Điểm thi THPT,2022,17.0,Công nghệ thông tin
165871,UEF,cong-nghe-thong-tin,A00,Điểm học bạ,2023,18.0,Công nghệ thông tin
165872,UEF,cong-nghe-thong-tin,A01,Điểm học bạ,2023,18.0,Công nghệ thông tin
165873,UEF,cong-nghe-thong-tin,C01,Điểm học bạ,2023,18.0,Công nghệ thông tin
165874,UEF,cong-nghe-thong-tin,D01,Điểm học bạ,2023,18.0,Công nghệ thông tin
165875,UEF,cong-nghe-thong-tin,A00,Điểm thi THPT,2023,18.0,Công nghệ thông tin
165876,UEF,cong-nghe-thong-tin,A01,Điểm thi THPT,2023,18.0,Công nghệ thông tin
165877,UEF,cong-nghe-thong-tin,C01,Điểm thi THPT,2023,18.0,Công nghệ thông tin
165878,UEF,cong-nghe-thong-tin,D01,Điểm thi THPT,2023,18.0,Công nghệ thông tin
165879,UEF,cong-nghe-thong-tin,A00,Điểm học bạ,2024,18.0,Công nghệ thông tin
165880,UEF,cong-nghe-thong-tin,A01,Điểm học bạ,2024,18.0,Công nghệ thông tin
165881,UEF,cong-nghe-thong-tin,C01,Điểm học bạ,2024,18.0,Công nghệ thông tin
165882,UEF,cong-nghe-thong-tin,D01,Điểm học bạ,2024,18.0,Công nghệ thông tin
165883,UEF,cong-nghe-thong-tin,A00,Điểm thi THPT,2024,17.0,Công nghệ thông tin
165884,UEF,cong-nghe-thong-tin,A01,Điểm thi THPT,2024,17.0,Công nghệ thông tin
165885,UEF,cong-nghe-thong-tin,C01,Điểm thi THPT,2024,17.0,Công nghệ thông tin
165886,UEF,cong-nghe-thong-tin,D01,Điểm thi THPT,2024,17.0,Công nghệ thông tin
165887,UEF,cong-nghe-thong-tin,C01,Điểm học bạ,2025,18.0,Công nghệ thông tin
165888,UEF,cong-nghe-thong-tin,C03,Điểm học bạ,2025,18.0,Công nghệ thông tin
165889,UEF,cong-nghe-thong-tin,C04,Điểm học bạ,2025,18.0,Công nghệ thông tin
165890,UEF,cong-nghe-thong-tin,C14,Điểm học bạ,2025,18.0,Công nghệ thông tin
165891,UEF,cong-nghe-thong-tin,D01,Điểm học bạ,2025,18.0,Công nghệ thông tin
165892,UEF,cong-nghe-thong-tin,X02,Điểm học bạ,2025,18.0,Công nghệ thông tin
165893,UEF,cong-nghe-thong-tin,C01,Điểm thi THPT,2025,16.0,Công nghệ thông tin
165894,UEF,cong-nghe-thong-tin,C03,Điểm thi THPT,2025,15.0,Công nghệ thông tin
165895,UEF,cong-nghe-thong-tin,C04,Điểm thi THPT,2025,15.0,Công nghệ thông tin
165896,UEF,cong-nghe-thong-tin,C14,Điểm thi THPT,2025,15.0,Công nghệ thông tin
165897,UEF,cong-nghe-thong-tin,D01,Điểm thi THPT,2025,15.0,Công nghệ thông tin
165898,UEF,cong-nghe-thong-tin,X02,Điểm thi THPT,2025,15.0,Công nghệ thông tin
165899,UEF,cong-nghe-truyen-thong,A00,Điểm học bạ,2021,18.0,Công nghệ truyền thông
165900,UEF,cong-nghe-truyen-thong,A01,Điểm học bạ,2021,18.0,Công nghệ truyền thông
165901,UEF,cong-nghe-truyen-thong,C00,Điểm học bạ,2021,18.0,Công nghệ truyền thông
165902,UEF,cong-nghe-truyen-thong,D01,Điểm học bạ,2021,18.0,Công nghệ truyền thông
165903,UEF,cong-nghe-truyen-thong,A00,Điểm thi THPT,2021,20.0,Công nghệ truyền thông
165904,UEF,cong-nghe-truyen-thong,A01,Điểm thi THPT,2021,20.0,Công nghệ truyền thông
165905,UEF,cong-nghe-truyen-thong,C00,Điểm thi THPT,2021,20.0,Công nghệ truyền thông
165906,UEF,cong-nghe-truyen-thong,D01,Điểm thi THPT,2021,20.0,Công nghệ truyền thông
165907,UEF,cong-nghe-truyen-thong,A00,Điểm học bạ,2022,18.0,Công nghệ truyền thông
165908,UEF,cong-nghe-truyen-thong,A01,Điểm học bạ,2022,18.0,Công nghệ truyền thông
165909,UEF,cong-nghe-truyen-thong,C00,Điểm học bạ,2022,18.0,Công nghệ truyền thông
165910,UEF,cong-nghe-truyen-thong,D01,Điểm học bạ,2022,18.0,Công nghệ truyền thông
165911,UEF,cong-nghe-truyen-thong,A00,Điểm thi THPT,2022,20.0,Công nghệ truyền thông
165912,UEF,cong-nghe-truyen-thong,A01,Điểm thi THPT,2022,20.0,Công nghệ truyền thông
165913,UEF,cong-nghe-truyen-thong,C00,Điểm thi THPT,2022,20.0,Công nghệ truyền thông
165914,UEF,cong-nghe-truyen-thong,D01,Điểm thi THPT,2022,20.0,Công nghệ truyền thông
165915,UEF,cong-nghe-truyen-thong,A00,Điểm học bạ,2023,18.0,Công nghệ truyền thông
165916,UEF,cong-nghe-truyen-thong,A01,Điểm học bạ,2023,18.0,Công nghệ truyền thông
165917,UEF,cong-nghe-truyen-thong,C00,Điểm học bạ,2023,18.0,Công nghệ truyền thông
165918,UEF,cong-nghe-truyen-thong,D01,Điểm học bạ,2023,18.0,Công nghệ truyền thông
165919,UEF,cong-nghe-truyen-thong,A00,Điểm thi THPT,2023,18.0,Công nghệ truyền thông
165920,UEF,cong-nghe-truyen-thong,A01,Điểm thi THPT,2023,18.0,Công nghệ truyền thông
165921,UEF,cong-nghe-truyen-thong,C00,Điểm thi THPT,2023,18.0,Công nghệ truyền thông
165922,UEF,cong-nghe-truyen-thong,D01,Điểm thi THPT,2023,18.0,Công nghệ truyền thông
165923,UEF,cong-nghe-truyen-thong,A00,Điểm học bạ,2024,18.0,Công nghệ truyền thông (Truyền thông số)
165924,UEF,cong-nghe-truyen-thong,A01,Điểm học bạ,2024,18.0,Công nghệ truyền thông (Truyền thông số)
165925,UEF,cong-nghe-truyen-thong,C00,Điểm học bạ,2024,18.0,Công nghệ truyền thông (Truyền thông số)
165926,UEF,cong-nghe-truyen-thong,D01,Điểm học bạ,2024,18.0,Công nghệ truyền thông (Truyền thông số)
165927,UEF,cong-nghe-truyen-thong,A00,Điểm thi THPT,2024,18.0,Công nghệ truyền thông (Truyền thông số)
165928,UEF,cong-nghe-truyen-thong,A01,Điểm thi THPT,2024,18.0,Công nghệ truyền thông (Truyền thông số)
165929,UEF,cong-nghe-truyen-thong,C00,Điểm thi THPT,2024,18.0,Công nghệ truyền thông (Truyền thông số)
165930,UEF,cong-nghe-truyen-thong,D01,Điểm thi THPT,2024,18.0,Công nghệ truyền thông (Truyền thông số)
165931,UEF,cong-nghe-truyen-thong,C01,Điểm học bạ,2025,18.0,Công nghệ truyền thông
165932,UEF,cong-nghe-truyen-thong,C03,Điểm học bạ,2025,18.0,Công nghệ truyền thông
165933,UEF,cong-nghe-truyen-thong,C04,Điểm học bạ,2025,18.0,Công nghệ truyền thông
165934,UEF,cong-nghe-truyen-thong,C14,Điểm học bạ,2025,18.0,Công nghệ truyền thông
165935,UEF,cong-nghe-truyen-thong,D01,Điểm học bạ,2025,18.0,Công nghệ truyền thông
165936,UEF,cong-nghe-truyen-thong,X02,Điểm học bạ,2025,18.0,Công nghệ truyền thông
165937,UEF,cong-nghe-truyen-thong,C01,Điểm thi THPT,2025,16.0,Công nghệ truyền thông
165938,UEF,cong-nghe-truyen-thong,C03,Điểm thi THPT,2025,15.0,Công nghệ truyền thông
165939,UEF,cong-nghe-truyen-thong,C04,Điểm thi THPT,2025,15.0,Công nghệ truyền thông
165940,UEF,cong-nghe-truyen-thong,C14,Điểm thi THPT,2025,15.0,Công nghệ truyền thông
165941,UEF,cong-nghe-truyen-thong,D01,Điểm thi THPT,2025,15.0,Công nghệ truyền thông
165942,UEF,cong-nghe-truyen-thong,X02,Điểm thi THPT,2025,15.0,Công nghệ truyền thông
165943,UEF,digital-marketing,A00,Điểm học bạ,2023,18.0,Digital Marketing
165944,UEF,digital-marketing,A01,Điểm học bạ,2023,18.0,Digital Marketing
165945,UEF,digital-marketing,C00,Điểm học bạ,2023,18.0,Digital Marketing
165946,UEF,digital-marketing,D01,Điểm học bạ,2023,18.0,Digital Marketing
165947,UEF,digital-marketing,A00,Điểm thi THPT,2023,19.0,Digital Marketing
165948,UEF,digital-marketing,A01,Điểm thi THPT,2023,19.0,Digital Marketing
165949,UEF,digital-marketing,C00,Điểm thi THPT,2023,19.0,Digital Marketing
165950,UEF,digital-marketing,D01,Điểm thi THPT,2023,19.0,Digital Marketing
165951,UEF,digital-marketing,A00,Điểm học bạ,2024,18.0,Digital Marketing
165952,UEF,digital-marketing,A01,Điểm học bạ,2024,18.0,Digital Marketing
165953,UEF,digital-marketing,C00,Điểm học bạ,2024,18.0,Digital Marketing
165954,UEF,digital-marketing,D01,Điểm học bạ,2024,18.0,Digital Marketing
165955,UEF,digital-marketing,A00,Điểm thi THPT,2024,17.0,Digital Marketing
165956,UEF,digital-marketing,A01,Điểm thi THPT,2024,17.0,Digital Marketing
165957,UEF,digital-marketing,C00,Điểm thi THPT,2024,17.0,Digital Marketing
165958,UEF,digital-marketing,D01,Điểm thi THPT,2024,17.0,Digital Marketing
165959,UEF,digital-marketing,C01,Điểm học bạ,2025,18.0,Digital Marketing
165960,UEF,digital-marketing,C03,Điểm học bạ,2025,18.0,Digital Marketing
165961,UEF,digital-marketing,C04,Điểm học bạ,2025,18.0,Digital Marketing
165962,UEF,digital-marketing,C14,Điểm học bạ,2025,18.0,Digital Marketing
165963,UEF,digital-marketing,D01,Điểm học bạ,2025,18.0,Digital Marketing
165964,UEF,digital-marketing,X02,Điểm học bạ,2025,18.0,Digital Marketing
165965,UEF,digital-marketing,C01,Điểm thi THPT,2025,16.0,Digital Marketing
165966,UEF,digital-marketing,C03,Điểm thi THPT,2025,15.0,Digital Marketing
165967,UEF,digital-marketing,C04,Điểm thi THPT,2025,15.0,Digital Marketing
165968,UEF,digital-marketing,C14,Điểm thi THPT,2025,15.0,Digital Marketing
165969,UEF,digital-marketing,D01,Điểm thi THPT,2025,15.0,Digital Marketing
165970,UEF,digital-marketing,X02,Điểm thi THPT,2025,15.0,Digital Marketing
165971,UEF,ke-toan,A00,Điểm học bạ,2021,30.0,Kế toán
165972,UEF,ke-toan,A01,Điểm học bạ,2021,30.0,Kế toán
165973,UEF,ke-toan,C01,Điểm học bạ,2021,30.0,Kế toán
165974,UEF,ke-toan,D01,Điểm học bạ,2021,30.0,Kế toán
165975,UEF,ke-toan,A00,Điểm thi THPT,2021,19.0,Kế toán
165976,UEF,ke-toan,A01,Điểm thi THPT,2021,19.0,Kế toán
165977,UEF,ke-toan,C01,Điểm thi THPT,2021,19.0,Kế toán
165978,UEF,ke-toan,D01,Điểm thi THPT,2021,19.0,Kế toán
165979,UEF,ke-toan,A00,Điểm học bạ,2022,18.0,Kế toán
165980,UEF,ke-toan,A01,Điểm học bạ,2022,18.0,Kế toán
165981,UEF,ke-toan,C01,Điểm học bạ,2022,18.0,Kế toán
165982,UEF,ke-toan,D01,Điểm học bạ,2022,18.0,Kế toán
165983,UEF,ke-toan,A00,Điểm thi THPT,2022,17.0,Kế toán
165984,UEF,ke-toan,A01,Điểm thi THPT,2022,17.0,Kế toán
165985,UEF,ke-toan,C01,Điểm thi THPT,2022,17.0,Kế toán
165986,UEF,ke-toan,D01,Điểm thi THPT,2022,17.0,Kế toán
165987,UEF,ke-toan,A00,Điểm học bạ,2023,18.0,Kế toán
165988,UEF,ke-toan,A01,Điểm học bạ,2023,18.0,Kế toán
165989,UEF,ke-toan,C01,Điểm học bạ,2023,18.0,Kế toán
165990,UEF,ke-toan,D01,Điểm học bạ,2023,18.0,Kế toán
165991,UEF,ke-toan,A00,Điểm thi THPT,2023,18.0,Kế toán
165992,UEF,ke-toan,A01,Điểm thi THPT,2023,18.0,Kế toán
165993,UEF,ke-toan,C01,Điểm thi THPT,2023,18.0,Kế toán
165994,UEF,ke-toan,D01,Điểm thi THPT,2023,18.0,Kế toán
165995,UEF,ke-toan,A00,Điểm học bạ,2024,18.0,Kế toán
165996,UEF,ke-toan,A01,Điểm học bạ,2024,18.0,Kế toán
165997,UEF,ke-toan,C01,Điểm học bạ,2024,18.0,Kế toán
165998,UEF,ke-toan,D01,Điểm học bạ,2024,18.0,Kế toán
165999,UEF,ke-toan,A00,Điểm thi THPT,2024,16.0,Kế toán
166000,UEF,ke-toan,A01,Điểm thi THPT,2024,16.0,Kế toán
166001,UEF,ke-toan,C01,Điểm thi THPT,2024,16.0,Kế toán
166002,UEF,ke-toan,D01,Điểm thi THPT,2024,16.0,Kế toán
166003,UEF,ke-toan,C01,Điểm học bạ,2025,18.0,Kế toán
166004,UEF,ke-toan,C03,Điểm học bạ,2025,18.0,Kế toán
166005,UEF,ke-toan,C04,Điểm học bạ,2025,18.0,Kế toán
166006,UEF,ke-toan,C14,Điểm học bạ,2025,18.0,Kế toán
166007,UEF,ke-toan,D01,Điểm học bạ,2025,18.0,Kế toán
166008,UEF,ke-toan,X02,Điểm học bạ,2025,18.0,Kế toán
166009,UEF,ke-toan,C01,Điểm thi THPT,2025,16.0,Kế toán
166010,UEF,ke-toan,C03,Điểm thi THPT,2025,15.0,Kế toán
166011,UEF,ke-toan,C04,Điểm thi THPT,2025,15.0,Kế toán
166012,UEF,ke-toan,C14,Điểm thi THPT,2025,15.0,Kế toán
166013,UEF,ke-toan,D01,Điểm thi THPT,2025,15.0,Kế toán
166014,UEF,ke-toan,X02,Điểm thi THPT,2025,15.0,Kế toán
166015,UEF,khoa-hoc-du-lieu,A00,Điểm học bạ,2021,30.0,Khoa học dữ liệu
166016,UEF,khoa-hoc-du-lieu,A01,Điểm học bạ,2021,30.0,Khoa học dữ liệu
166017,UEF,khoa-hoc-du-lieu,C01,Điểm học bạ,2021,30.0,Khoa học dữ liệu
166018,UEF,khoa-hoc-du-lieu,D01,Điểm học bạ,2021,30.0,Khoa học dữ liệu
166019,UEF,khoa-hoc-du-lieu,A00,Điểm thi THPT,2021,19.0,Khoa học dữ liệu
166020,UEF,khoa-hoc-du-lieu,A01,Điểm thi THPT,2021,19.0,Khoa học dữ liệu
166021,UEF,khoa-hoc-du-lieu,C01,Điểm thi THPT,2021,19.0,Khoa học dữ liệu
166022,UEF,khoa-hoc-du-lieu,D01,Điểm thi THPT,2021,19.0,Khoa học dữ liệu
166023,UEF,khoa-hoc-du-lieu,A00,Điểm học bạ,2022,18.0,Khoa học dữ liệu
166024,UEF,khoa-hoc-du-lieu,A01,Điểm học bạ,2022,18.0,Khoa học dữ liệu
166025,UEF,khoa-hoc-du-lieu,C01,Điểm học bạ,2022,18.0,Khoa học dữ liệu
166026,UEF,khoa-hoc-du-lieu,D01,Điểm học bạ,2022,18.0,Khoa học dữ liệu
166027,UEF,khoa-hoc-du-lieu,A00,Điểm thi THPT,2022,19.0,Khoa học dữ liệu
166028,UEF,khoa-hoc-du-lieu,A01,Điểm thi THPT,2022,19.0,Khoa học dữ liệu
166029,UEF,khoa-hoc-du-lieu,C01,Điểm thi THPT,2022,19.0,Khoa học dữ liệu
166030,UEF,khoa-hoc-du-lieu,D01,Điểm thi THPT,2022,19.0,Khoa học dữ liệu
166031,UEF,khoa-hoc-du-lieu,A00,Điểm học bạ,2023,18.0,Khoa học dữ liệu
166032,UEF,khoa-hoc-du-lieu,A01,Điểm học bạ,2023,18.0,Khoa học dữ liệu
166033,UEF,khoa-hoc-du-lieu,C01,Điểm học bạ,2023,18.0,Khoa học dữ liệu
166034,UEF,khoa-hoc-du-lieu,D01,Điểm học bạ,2023,18.0,Khoa học dữ liệu
166035,UEF,khoa-hoc-du-lieu,A00,Điểm thi THPT,2023,17.0,Khoa học dữ liệu
166036,UEF,khoa-hoc-du-lieu,A01,Điểm thi THPT,2023,17.0,Khoa học dữ liệu
166037,UEF,khoa-hoc-du-lieu,C01,Điểm thi THPT,2023,17.0,Khoa học dữ liệu
166038,UEF,khoa-hoc-du-lieu,D01,Điểm thi THPT,2023,17.0,Khoa học dữ liệu
166039,UEF,khoa-hoc-du-lieu,A00,Điểm học bạ,2024,18.0,Khoa học dữ liệu
166040,UEF,khoa-hoc-du-lieu,A01,Điểm học bạ,2024,18.0,Khoa học dữ liệu
166041,UEF,khoa-hoc-du-lieu,C01,Điểm học bạ,2024,18.0,Khoa học dữ liệu
166042,UEF,khoa-hoc-du-lieu,D01,Điểm học bạ,2024,18.0,Khoa học dữ liệu
166043,UEF,khoa-hoc-du-lieu,A00,Điểm thi THPT,2024,17.0,Khoa học dữ liệu
166044,UEF,khoa-hoc-du-lieu,A01,Điểm thi THPT,2024,17.0,Khoa học dữ liệu
166045,UEF,khoa-hoc-du-lieu,C01,Điểm thi THPT,2024,17.0,Khoa học dữ liệu
166046,UEF,khoa-hoc-du-lieu,D01,Điểm thi THPT,2024,17.0,Khoa học dữ liệu
166047,UEF,khoa-hoc-du-lieu,C01,Điểm học bạ,2025,18.0,Khoa học dữ liệu
166048,UEF,khoa-hoc-du-lieu,C03,Điểm học bạ,2025,18.0,Khoa học dữ liệu
166049,UEF,khoa-hoc-du-lieu,C04,Điểm học bạ,2025,18.0,Khoa học dữ liệu
166050,UEF,khoa-hoc-du-lieu,C14,Điểm học bạ,2025,18.0,Khoa học dữ liệu
166051,UEF,khoa-hoc-du-lieu,D01,Điểm học bạ,2025,18.0,Khoa học dữ liệu
166052,UEF,khoa-hoc-du-lieu,X02,Điểm học bạ,2025,18.0,Khoa học dữ liệu
166053,UEF,khoa-hoc-du-lieu,C01,Điểm thi THPT,2025,16.0,Khoa học dữ liệu
166054,UEF,khoa-hoc-du-lieu,C03,Điểm thi THPT,2025,15.0,Khoa học dữ liệu
166055,UEF,khoa-hoc-du-lieu,C04,Điểm thi THPT,2025,15.0,Khoa học dữ liệu
166056,UEF,khoa-hoc-du-lieu,C14,Điểm thi THPT,2025,15.0,Khoa học dữ liệu
166057,UEF,khoa-hoc-du-lieu,D01,Điểm thi THPT,2025,15.0,Khoa học dữ liệu
166058,UEF,khoa-hoc-du-lieu,X02,Điểm thi THPT,2025,15.0,Khoa học dữ liệu
166059,UEF,kiem-toan,A00,Điểm học bạ,2022,18.0,Kiểm toán
166060,UEF,kiem-toan,A01,Điểm học bạ,2022,18.0,Kiểm toán
166061,UEF,kiem-toan,C01,Điểm học bạ,2022,18.0,Kiểm toán
166062,UEF,kiem-toan,D01,Điểm học bạ,2022,18.0,Kiểm toán
166063,UEF,kiem-toan,A00,Điểm thi THPT,2022,19.0,Kiểm toán
166064,UEF,kiem-toan,A01,Điểm thi THPT,2022,19.0,Kiểm toán
166065,UEF,kiem-toan,C01,Điểm thi THPT,2022,19.0,Kiểm toán
166066,UEF,kiem-toan,D01,Điểm thi THPT,2022,19.0,Kiểm toán
166067,UEF,kiem-toan,A00,Điểm học bạ,2023,18.0,Kiểm toán
166068,UEF,kiem-toan,A01,Điểm học bạ,2023,18.0,Kiểm toán
166069,UEF,kiem-toan,C01,Điểm học bạ,2023,18.0,Kiểm toán
166070,UEF,kiem-toan,D01,Điểm học bạ,2023,18.0,Kiểm toán
166071,UEF,kiem-toan,A00,Điểm thi THPT,2023,18.0,Kiểm toán
166072,UEF,kiem-toan,A01,Điểm thi THPT,2023,18.0,Kiểm toán
166073,UEF,kiem-toan,C01,Điểm thi THPT,2023,18.0,Kiểm toán
166074,UEF,kiem-toan,D01,Điểm thi THPT,2023,18.0,Kiểm toán
166075,UEF,kiem-toan,A00,Điểm học bạ,2024,18.0,Kiểm toán
166076,UEF,kiem-toan,A01,Điểm học bạ,2024,18.0,Kiểm toán
166077,UEF,kiem-toan,C01,Điểm học bạ,2024,18.0,Kiểm toán
166078,UEF,kiem-toan,D01,Điểm học bạ,2024,18.0,Kiểm toán
166079,UEF,kiem-toan,A00,Điểm thi THPT,2024,16.0,Kiểm toán
166080,UEF,kiem-toan,A01,Điểm thi THPT,2024,16.0,Kiểm toán
166081,UEF,kiem-toan,C01,Điểm thi THPT,2024,16.0,Kiểm toán
166082,UEF,kiem-toan,D01,Điểm thi THPT,2024,16.0,Kiểm toán
166083,UEF,kiem-toan,C01,Điểm học bạ,2025,18.0,Kiểm toán
166084,UEF,kiem-toan,C03,Điểm học bạ,2025,18.0,Kiểm toán
166085,UEF,kiem-toan,C04,Điểm học bạ,2025,18.0,Kiểm toán
166086,UEF,kiem-toan,C14,Điểm học bạ,2025,18.0,Kiểm toán
166087,UEF,kiem-toan,D01,Điểm học bạ,2025,18.0,Kiểm toán
166088,UEF,kiem-toan,X02,Điểm học bạ,2025,18.0,Kiểm toán
166089,UEF,kiem-toan,C01,Điểm thi THPT,2025,16.0,Kiểm toán
166090,UEF,kiem-toan,C03,Điểm thi THPT,2025,15.0,Kiểm toán
166091,UEF,kiem-toan,C04,Điểm thi THPT,2025,15.0,Kiểm toán
166092,UEF,kiem-toan,C14,Điểm thi THPT,2025,15.0,Kiểm toán
166093,UEF,kiem-toan,D01,Điểm thi THPT,2025,15.0,Kiểm toán
166094,UEF,kiem-toan,X02,Điểm thi THPT,2025,15.0,Kiểm toán
166095,UEF,kinh-doanh-quoc-te,A00,Điểm học bạ,2021,30.0,Kinh doanh quốc tế
166096,UEF,kinh-doanh-quoc-te,A01,Điểm học bạ,2021,30.0,Kinh doanh quốc tế
166097,UEF,kinh-doanh-quoc-te,C00,Điểm học bạ,2021,30.0,Kinh doanh quốc tế
166098,UEF,kinh-doanh-quoc-te,D01,Điểm học bạ,2021,30.0,Kinh doanh quốc tế
166099,UEF,kinh-doanh-quoc-te,A00,Điểm thi THPT,2021,23.0,Kinh doanh quốc tế
166100,UEF,kinh-doanh-quoc-te,A01,Điểm thi THPT,2021,23.0,Kinh doanh quốc tế
166101,UEF,kinh-doanh-quoc-te,C00,Điểm thi THPT,2021,23.0,Kinh doanh quốc tế
166102,UEF,kinh-doanh-quoc-te,D01,Điểm thi THPT,2021,23.0,Kinh doanh quốc tế
166103,UEF,kinh-doanh-quoc-te,A00,Điểm học bạ,2022,18.0,Kinh doanh quốc tế
166104,UEF,kinh-doanh-quoc-te,A01,Điểm học bạ,2022,18.0,Kinh doanh quốc tế
166105,UEF,kinh-doanh-quoc-te,C00,Điểm học bạ,2022,18.0,Kinh doanh quốc tế
166106,UEF,kinh-doanh-quoc-te,D01,Điểm học bạ,2022,18.0,Kinh doanh quốc tế
166107,UEF,kinh-doanh-quoc-te,A00,Điểm thi THPT,2022,20.0,Kinh doanh quốc tế
166108,UEF,kinh-doanh-quoc-te,A01,Điểm thi THPT,2022,20.0,Kinh doanh quốc tế
166109,UEF,kinh-doanh-quoc-te,C00,Điểm thi THPT,2022,20.0,Kinh doanh quốc tế
166110,UEF,kinh-doanh-quoc-te,D01,Điểm thi THPT,2022,20.0,Kinh doanh quốc tế
166111,UEF,kinh-doanh-quoc-te,A00,Điểm học bạ,2023,18.0,Kinh doanh quốc tế
166112,UEF,kinh-doanh-quoc-te,A01,Điểm học bạ,2023,18.0,Kinh doanh quốc tế
166113,UEF,kinh-doanh-quoc-te,C00,Điểm học bạ,2023,18.0,Kinh doanh quốc tế
166114,UEF,kinh-doanh-quoc-te,D01,Điểm học bạ,2023,18.0,Kinh doanh quốc tế
166115,UEF,kinh-doanh-quoc-te,A00,Điểm thi THPT,2023,21.0,Kinh doanh quốc tế
166116,UEF,kinh-doanh-quoc-te,A01,Điểm thi THPT,2023,21.0,Kinh doanh quốc tế
166117,UEF,kinh-doanh-quoc-te,C00,Điểm thi THPT,2023,21.0,Kinh doanh quốc tế
166118,UEF,kinh-doanh-quoc-te,D01,Điểm thi THPT,2023,21.0,Kinh doanh quốc tế
166119,UEF,kinh-doanh-quoc-te,A00,Điểm học bạ,2024,18.0,Kinh doanh quốc tế
166120,UEF,kinh-doanh-quoc-te,A01,Điểm học bạ,2024,18.0,Kinh doanh quốc tế
166121,UEF,kinh-doanh-quoc-te,C00,Điểm học bạ,2024,18.0,Kinh doanh quốc tế
166122,UEF,kinh-doanh-quoc-te,D01,Điểm học bạ,2024,18.0,Kinh doanh quốc tế
166123,UEF,kinh-doanh-quoc-te,A00,Điểm thi THPT,2024,19.0,Kinh doanh quốc tế
166124,UEF,kinh-doanh-quoc-te,A01,Điểm thi THPT,2024,19.0,Kinh doanh quốc tế
166125,UEF,kinh-doanh-quoc-te,C00,Điểm thi THPT,2024,19.0,Kinh doanh quốc tế
166126,UEF,kinh-doanh-quoc-te,D01,Điểm thi THPT,2024,19.0,Kinh doanh quốc tế
166127,UEF,kinh-doanh-quoc-te,C01,Điểm học bạ,2025,18.0,Kinh doanh quốc tế
166128,UEF,kinh-doanh-quoc-te,C03,Điểm học bạ,2025,18.0,Kinh doanh quốc tế
166129,UEF,kinh-doanh-quoc-te,C04,Điểm học bạ,2025,18.0,Kinh doanh quốc tế
166130,UEF,kinh-doanh-quoc-te,C14,Điểm học bạ,2025,18.0,Kinh doanh quốc tế
166131,UEF,kinh-doanh-quoc-te,D01,Điểm học bạ,2025,18.0,Kinh doanh quốc tế
166132,UEF,kinh-doanh-quoc-te,X02,Điểm học bạ,2025,18.0,Kinh doanh quốc tế
166133,UEF,kinh-doanh-quoc-te,C01,Điểm thi THPT,2025,16.0,Kinh doanh quốc tế
166134,UEF,kinh-doanh-quoc-te,C03,Điểm thi THPT,2025,15.0,Kinh doanh quốc tế
166135,UEF,kinh-doanh-quoc-te,C04,Điểm thi THPT,2025,15.0,Kinh doanh quốc tế
166136,UEF,kinh-doanh-quoc-te,C14,Điểm thi THPT,2025,15.0,Kinh doanh quốc tế
166137,UEF,kinh-doanh-quoc-te,D01,Điểm thi THPT,2025,15.0,Kinh doanh quốc tế
166138,UEF,kinh-doanh-quoc-te,X02,Điểm thi THPT,2025,15.0,Kinh doanh quốc tế
166139,UEF,kinh-doanh-thuong-mai,A00,Điểm học bạ,2021,30.0,Kinh doanh thương mại
166140,UEF,kinh-doanh-thuong-mai,A01,Điểm học bạ,2021,30.0,Kinh doanh thương mại
166141,UEF,kinh-doanh-thuong-mai,C00,Điểm học bạ,2021,30.0,Kinh doanh thương mại
166142,UEF,kinh-doanh-thuong-mai,D01,Điểm học bạ,2021,30.0,Kinh doanh thương mại
166143,UEF,kinh-doanh-thuong-mai,A00,Điểm thi THPT,2021,21.0,Kinh doanh thương mại
166144,UEF,kinh-doanh-thuong-mai,A01,Điểm thi THPT,2021,21.0,Kinh doanh thương mại
166145,UEF,kinh-doanh-thuong-mai,C00,Điểm thi THPT,2021,21.0,Kinh doanh thương mại
166146,UEF,kinh-doanh-thuong-mai,D01,Điểm thi THPT,2021,21.0,Kinh doanh thương mại
166147,UEF,kinh-doanh-thuong-mai,A00,Điểm học bạ,2022,18.0,Kinh doanh thương mại
166148,UEF,kinh-doanh-thuong-mai,A01,Điểm học bạ,2022,18.0,Kinh doanh thương mại
166149,UEF,kinh-doanh-thuong-mai,C00,Điểm học bạ,2022,18.0,Kinh doanh thương mại
166150,UEF,kinh-doanh-thuong-mai,D01,Điểm học bạ,2022,18.0,Kinh doanh thương mại
166151,UEF,kinh-doanh-thuong-mai,A00,Điểm thi THPT,2022,19.0,Kinh doanh thương mại
166152,UEF,kinh-doanh-thuong-mai,A01,Điểm thi THPT,2022,19.0,Kinh doanh thương mại
166153,UEF,kinh-doanh-thuong-mai,C00,Điểm thi THPT,2022,19.0,Kinh doanh thương mại
166154,UEF,kinh-doanh-thuong-mai,D01,Điểm thi THPT,2022,19.0,Kinh doanh thương mại
166155,UEF,kinh-doanh-thuong-mai,A00,Điểm học bạ,2023,18.0,Kinh doanh thương mại
166156,UEF,kinh-doanh-thuong-mai,A01,Điểm học bạ,2023,18.0,Kinh doanh thương mại
166157,UEF,kinh-doanh-thuong-mai,C00,Điểm học bạ,2023,18.0,Kinh doanh thương mại
166158,UEF,kinh-doanh-thuong-mai,D01,Điểm học bạ,2023,18.0,Kinh doanh thương mại
166159,UEF,kinh-doanh-thuong-mai,A00,Điểm thi THPT,2023,17.0,Kinh doanh thương mại
166160,UEF,kinh-doanh-thuong-mai,A01,Điểm thi THPT,2023,17.0,Kinh doanh thương mại
166161,UEF,kinh-doanh-thuong-mai,C00,Điểm thi THPT,2023,17.0,Kinh doanh thương mại
166162,UEF,kinh-doanh-thuong-mai,D01,Điểm thi THPT,2023,17.0,Kinh doanh thương mại
166163,UEF,kinh-doanh-thuong-mai,A00,Điểm học bạ,2024,18.0,Kinh doanh thương mại
166164,UEF,kinh-doanh-thuong-mai,A01,Điểm học bạ,2024,18.0,Kinh doanh thương mại
166165,UEF,kinh-doanh-thuong-mai,C00,Điểm học bạ,2024,18.0,Kinh doanh thương mại
166166,UEF,kinh-doanh-thuong-mai,D01,Điểm học bạ,2024,18.0,Kinh doanh thương mại
166167,UEF,kinh-doanh-thuong-mai,A00,Điểm thi THPT,2024,17.0,Kinh doanh thương mại
166168,UEF,kinh-doanh-thuong-mai,A01,Điểm thi THPT,2024,17.0,Kinh doanh thương mại
166169,UEF,kinh-doanh-thuong-mai,C00,Điểm thi THPT,2024,17.0,Kinh doanh thương mại
166170,UEF,kinh-doanh-thuong-mai,D01,Điểm thi THPT,2024,17.0,Kinh doanh thương mại
166171,UEF,kinh-doanh-thuong-mai,C01,Điểm học bạ,2025,18.0,Kinh doanh thương mại
166172,UEF,kinh-doanh-thuong-mai,C03,Điểm học bạ,2025,18.0,Kinh doanh thương mại
166173,UEF,kinh-doanh-thuong-mai,C04,Điểm học bạ,2025,18.0,Kinh doanh thương mại
166174,UEF,kinh-doanh-thuong-mai,C14,Điểm học bạ,2025,18.0,Kinh doanh thương mại
166175,UEF,kinh-doanh-thuong-mai,D01,Điểm học bạ,2025,18.0,Kinh doanh thương mại
166176,UEF,kinh-doanh-thuong-mai,X02,Điểm học bạ,2025,18.0,Kinh doanh thương mại
166177,UEF,kinh-doanh-thuong-mai,C01,Điểm thi THPT,2025,16.0,Kinh doanh thương mại
166178,UEF,kinh-doanh-thuong-mai,C03,Điểm thi THPT,2025,15.0,Kinh doanh thương mại
166179,UEF,kinh-doanh-thuong-mai,C04,Điểm thi THPT,2025,15.0,Kinh doanh thương mại
166180,UEF,kinh-doanh-thuong-mai,C14,Điểm thi THPT,2025,15.0,Kinh doanh thương mại
166181,UEF,kinh-doanh-thuong-mai,D01,Điểm thi THPT,2025,15.0,Kinh doanh thương mại
166182,UEF,kinh-doanh-thuong-mai,X02,Điểm thi THPT,2025,15.0,Kinh doanh thương mại
166183,UEF,kinh-te-quoc-te,A00,Điểm học bạ,2022,18.0,Kinh tế quốc tế
166184,UEF,kinh-te-quoc-te,A01,Điểm học bạ,2022,18.0,Kinh tế quốc tế
166185,UEF,kinh-te-quoc-te,C00,Điểm học bạ,2022,18.0,Kinh tế quốc tế
166186,UEF,kinh-te-quoc-te,D01,Điểm học bạ,2022,18.0,Kinh tế quốc tế
166187,UEF,kinh-te-quoc-te,A00,Điểm thi THPT,2022,17.0,Kinh tế quốc tế
166188,UEF,kinh-te-quoc-te,A01,Điểm thi THPT,2022,17.0,Kinh tế quốc tế
166189,UEF,kinh-te-quoc-te,C00,Điểm thi THPT,2022,17.0,Kinh tế quốc tế
166190,UEF,kinh-te-quoc-te,D01,Điểm thi THPT,2022,17.0,Kinh tế quốc tế
166191,UEF,kinh-te-quoc-te,A00,Điểm thi THPT,2023,19.0,Kinh tế quốc tế
166192,UEF,kinh-te-quoc-te,A01,Điểm thi THPT,2023,19.0,Kinh tế quốc tế
166193,UEF,kinh-te-quoc-te,C00,Điểm thi THPT,2023,19.0,Kinh tế quốc tế
166194,UEF,kinh-te-quoc-te,D01,Điểm thi THPT,2023,19.0,Kinh tế quốc tế
166195,UEF,kinh-te-quoc-te,A00,Điểm học bạ,2024,18.0,Kinh tế quốc tế
166196,UEF,kinh-te-quoc-te,A01,Điểm học bạ,2024,18.0,Kinh tế quốc tế
166197,UEF,kinh-te-quoc-te,C00,Điểm học bạ,2024,18.0,Kinh tế quốc tế
166198,UEF,kinh-te-quoc-te,D01,Điểm học bạ,2024,18.0,Kinh tế quốc tế
166199,UEF,kinh-te-quoc-te,A00,Điểm thi THPT,2024,20.0,Kinh tế quốc tế
166200,UEF,kinh-te-quoc-te,A01,Điểm thi THPT,2024,20.0,Kinh tế quốc tế
166201,UEF,kinh-te-quoc-te,C00,Điểm thi THPT,2024,20.0,Kinh tế quốc tế
166202,UEF,kinh-te-quoc-te,D01,Điểm thi THPT,2024,20.0,Kinh tế quốc tế
166203,UEF,kinh-te-quoc-te,C01,Điểm học bạ,2025,18.0,Kinh tế quốc tế
166204,UEF,kinh-te-quoc-te,C03,Điểm học bạ,2025,18.0,Kinh tế quốc tế
166205,UEF,kinh-te-quoc-te,C04,Điểm học bạ,2025,18.0,Kinh tế quốc tế
166206,UEF,kinh-te-quoc-te,C14,Điểm học bạ,2025,18.0,Kinh tế quốc tế
166207,UEF,kinh-te-quoc-te,D01,Điểm học bạ,2025,18.0,Kinh tế quốc tế
166208,UEF,kinh-te-quoc-te,X02,Điểm học bạ,2025,18.0,Kinh tế quốc tế
166209,UEF,kinh-te-quoc-te,C01,Điểm thi THPT,2025,16.0,Kinh tế quốc tế
166210,UEF,kinh-te-quoc-te,C03,Điểm thi THPT,2025,15.0,Kinh tế quốc tế
166211,UEF,kinh-te-quoc-te,C04,Điểm thi THPT,2025,15.0,Kinh tế quốc tế
166212,UEF,kinh-te-quoc-te,C14,Điểm thi THPT,2025,15.0,Kinh tế quốc tế
166213,UEF,kinh-te-quoc-te,D01,Điểm thi THPT,2025,15.0,Kinh tế quốc tế
166214,UEF,kinh-te-quoc-te,X02,Điểm thi THPT,2025,15.0,Kinh tế quốc tế
166215,UEF,kinh-te-so,A00,Điểm học bạ,2024,18.0,Kinh tế số
166216,UEF,kinh-te-so,A01,Điểm học bạ,2024,18.0,Kinh tế số
166217,UEF,kinh-te-so,C01,Điểm học bạ,2024,18.0,Kinh tế số
166218,UEF,kinh-te-so,D01,Điểm học bạ,2024,18.0,Kinh tế số
166219,UEF,kinh-te-so,A00,Điểm thi THPT,2024,16.0,Kinh tế số
166220,UEF,kinh-te-so,A01,Điểm thi THPT,2024,16.0,Kinh tế số
166221,UEF,kinh-te-so,C01,Điểm thi THPT,2024,16.0,Kinh tế số
166222,UEF,kinh-te-so,D01,Điểm thi THPT,2024,16.0,Kinh tế số
166223,UEF,kinh-te-so,C01,Điểm học bạ,2025,18.0,Kinh tế số
166224,UEF,kinh-te-so,C03,Điểm học bạ,2025,18.0,Kinh tế số
166225,UEF,kinh-te-so,C04,Điểm học bạ,2025,18.0,Kinh tế số
166226,UEF,kinh-te-so,C14,Điểm học bạ,2025,18.0,Kinh tế số
166227,UEF,kinh-te-so,D01,Điểm học bạ,2025,18.0,Kinh tế số
166228,UEF,kinh-te-so,X02,Điểm học bạ,2025,18.0,Kinh tế số
166229,UEF,kinh-te-so,C01,Điểm thi THPT,2025,16.0,Kinh tế số
166230,UEF,kinh-te-so,C03,Điểm thi THPT,2025,15.0,Kinh tế số
166231,UEF,kinh-te-so,C04,Điểm thi THPT,2025,15.0,Kinh tế số
166232,UEF,kinh-te-so,C14,Điểm thi THPT,2025,15.0,Kinh tế số
166233,UEF,kinh-te-so,D01,Điểm thi THPT,2025,15.0,Kinh tế số
166234,UEF,kinh-te-so,X02,Điểm thi THPT,2025,15.0,Kinh tế số
166235,UEF,ky-thuat-phan-mem,A00,Điểm học bạ,2024,18.0,Kỹ thuật phần mềm
166236,UEF,ky-thuat-phan-mem,A01,Điểm học bạ,2024,18.0,Kỹ thuật phần mềm
166237,UEF,ky-thuat-phan-mem,C01,Điểm học bạ,2024,18.0,Kỹ thuật phần mềm
166238,UEF,ky-thuat-phan-mem,D01,Điểm học bạ,2024,18.0,Kỹ thuật phần mềm
166239,UEF,ky-thuat-phan-mem,A00,Điểm thi THPT,2024,17.0,Kỹ thuật phần mềm
166240,UEF,ky-thuat-phan-mem,A01,Điểm thi THPT,2024,17.0,Kỹ thuật phần mềm
166241,UEF,ky-thuat-phan-mem,C01,Điểm thi THPT,2024,17.0,Kỹ thuật phần mềm
166242,UEF,ky-thuat-phan-mem,D01,Điểm thi THPT,2024,17.0,Kỹ thuật phần mềm
166243,UEF,ky-thuat-phan-mem,C01,Điểm học bạ,2025,18.0,Kỹ thuật phần mềm
166244,UEF,ky-thuat-phan-mem,C03,Điểm học bạ,2025,18.0,Kỹ thuật phần mềm
166245,UEF,ky-thuat-phan-mem,C04,Điểm học bạ,2025,18.0,Kỹ thuật phần mềm
166246,UEF,ky-thuat-phan-mem,C14,Điểm học bạ,2025,18.0,Kỹ thuật phần mềm
166247,UEF,ky-thuat-phan-mem,D01,Điểm học bạ,2025,18.0,Kỹ thuật phần mềm
166248,UEF,ky-thuat-phan-mem,X02,Điểm học bạ,2025,18.0,Kỹ thuật phần mềm
166249,UEF,ky-thuat-phan-mem,C01,Điểm thi THPT,2025,16.0,Kỹ thuật phần mềm
166250,UEF,ky-thuat-phan-mem,C03,Điểm thi THPT,2025,15.0,Kỹ thuật phần mềm
166251,UEF,ky-thuat-phan-mem,C04,Điểm thi THPT,2025,15.0,Kỹ thuật phần mềm
166252,UEF,ky-thuat-phan-mem,C14,Điểm thi THPT,2025,15.0,Kỹ thuật phần mềm
166253,UEF,ky-thuat-phan-mem,D01,Điểm thi THPT,2025,15.0,Kỹ thuật phần mềm
166254,UEF,ky-thuat-phan-mem,X02,Điểm thi THPT,2025,15.0,Kỹ thuật phần mềm
166255,UEF,logistics-va-quan-ly-chuoi-cung-ung,A00,Điểm học bạ,2021,30.0,Logistics và quản lý chuỗi cung ứng
166256,UEF,logistics-va-quan-ly-chuoi-cung-ung,A01,Điểm học bạ,2021,30.0,Logistics và quản lý chuỗi cung ứng
166257,UEF,logistics-va-quan-ly-chuoi-cung-ung,C00,Điểm học bạ,2021,30.0,Logistics và quản lý chuỗi cung ứng
166258,UEF,logistics-va-quan-ly-chuoi-cung-ung,D01,Điểm học bạ,2021,30.0,Logistics và quản lý chuỗi cung ứng
166259,UEF,logistics-va-quan-ly-chuoi-cung-ung,A00,Điểm thi THPT,2021,24.0,Logistics và quản lý chuỗi cung ứng
166260,UEF,logistics-va-quan-ly-chuoi-cung-ung,A01,Điểm thi THPT,2021,24.0,Logistics và quản lý chuỗi cung ứng
166261,UEF,logistics-va-quan-ly-chuoi-cung-ung,C00,Điểm thi THPT,2021,24.0,Logistics và quản lý chuỗi cung ứng
166262,UEF,logistics-va-quan-ly-chuoi-cung-ung,D01,Điểm thi THPT,2021,24.0,Logistics và quản lý chuỗi cung ứng
166263,UEF,logistics-va-quan-ly-chuoi-cung-ung,A00,Điểm học bạ,2022,18.0,Logistics và quản lý chuỗi cung ứng
166264,UEF,logistics-va-quan-ly-chuoi-cung-ung,A01,Điểm học bạ,2022,18.0,Logistics và quản lý chuỗi cung ứng
166265,UEF,logistics-va-quan-ly-chuoi-cung-ung,C00,Điểm học bạ,2022,18.0,Logistics và quản lý chuỗi cung ứng
166266,UEF,logistics-va-quan-ly-chuoi-cung-ung,D01,Điểm học bạ,2022,18.0,Logistics và quản lý chuỗi cung ứng
166267,UEF,logistics-va-quan-ly-chuoi-cung-ung,A00,Điểm thi THPT,2022,19.0,Logistics và quản lý chuỗi cung ứng
166268,UEF,logistics-va-quan-ly-chuoi-cung-ung,A01,Điểm thi THPT,2022,19.0,Logistics và quản lý chuỗi cung ứng
166269,UEF,logistics-va-quan-ly-chuoi-cung-ung,C00,Điểm thi THPT,2022,19.0,Logistics và quản lý chuỗi cung ứng
166270,UEF,logistics-va-quan-ly-chuoi-cung-ung,D01,Điểm thi THPT,2022,19.0,Logistics và quản lý chuỗi cung ứng
166271,UEF,logistics-va-quan-ly-chuoi-cung-ung,A00,Điểm học bạ,2023,18.0,Logistics và quản lý chuỗi cung ứng
166272,UEF,logistics-va-quan-ly-chuoi-cung-ung,A01,Điểm học bạ,2023,18.0,Logistics và quản lý chuỗi cung ứng
166273,UEF,logistics-va-quan-ly-chuoi-cung-ung,C00,Điểm học bạ,2023,18.0,Logistics và quản lý chuỗi cung ứng
166274,UEF,logistics-va-quan-ly-chuoi-cung-ung,D01,Điểm học bạ,2023,18.0,Logistics và quản lý chuỗi cung ứng
166275,UEF,logistics-va-quan-ly-chuoi-cung-ung,A00,Điểm thi THPT,2023,20.0,Logistics và quản lý chuỗi cung ứng
166276,UEF,logistics-va-quan-ly-chuoi-cung-ung,A01,Điểm thi THPT,2023,20.0,Logistics và quản lý chuỗi cung ứng
166277,UEF,logistics-va-quan-ly-chuoi-cung-ung,C00,Điểm thi THPT,2023,20.0,Logistics và quản lý chuỗi cung ứng
166278,UEF,logistics-va-quan-ly-chuoi-cung-ung,D01,Điểm thi THPT,2023,20.0,Logistics và quản lý chuỗi cung ứng
166279,UEF,logistics-va-quan-ly-chuoi-cung-ung,A00,Điểm học bạ,2024,18.0,Logistics và quản lý chuỗi cung ứng
166280,UEF,logistics-va-quan-ly-chuoi-cung-ung,A01,Điểm học bạ,2024,18.0,Logistics và quản lý chuỗi cung ứng
166281,UEF,logistics-va-quan-ly-chuoi-cung-ung,C00,Điểm học bạ,2024,18.0,Logistics và quản lý chuỗi cung ứng
166282,UEF,logistics-va-quan-ly-chuoi-cung-ung,D01,Điểm học bạ,2024,18.0,Logistics và quản lý chuỗi cung ứng
166283,UEF,logistics-va-quan-ly-chuoi-cung-ung,A00,Điểm thi THPT,2024,19.0,Logistics và quản lý chuỗi cung ứng
166284,UEF,logistics-va-quan-ly-chuoi-cung-ung,A01,Điểm thi THPT,2024,19.0,Logistics và quản lý chuỗi cung ứng
166285,UEF,logistics-va-quan-ly-chuoi-cung-ung,C00,Điểm thi THPT,2024,19.0,Logistics và quản lý chuỗi cung ứng
166286,UEF,logistics-va-quan-ly-chuoi-cung-ung,D01,Điểm thi THPT,2024,19.0,Logistics và quản lý chuỗi cung ứng
166287,UEF,logistics-va-quan-ly-chuoi-cung-ung,C01,Điểm học bạ,2025,18.0,Logistics và quản lý chuỗi cung ứng
166288,UEF,logistics-va-quan-ly-chuoi-cung-ung,C03,Điểm học bạ,2025,18.0,Logistics và quản lý chuỗi cung ứng
166289,UEF,logistics-va-quan-ly-chuoi-cung-ung,C04,Điểm học bạ,2025,18.0,Logistics và quản lý chuỗi cung ứng
166290,UEF,logistics-va-quan-ly-chuoi-cung-ung,C14,Điểm học bạ,2025,18.0,Logistics và quản lý chuỗi cung ứng
166291,UEF,logistics-va-quan-ly-chuoi-cung-ung,D01,Điểm học bạ,2025,18.0,Logistics và quản lý chuỗi cung ứng
166292,UEF,logistics-va-quan-ly-chuoi-cung-ung,X02,Điểm học bạ,2025,18.0,Logistics và quản lý chuỗi cung ứng
166293,UEF,logistics-va-quan-ly-chuoi-cung-ung,C01,Điểm thi THPT,2025,16.0,Logistics và quản lý chuỗi cung ứng
166294,UEF,logistics-va-quan-ly-chuoi-cung-ung,C03,Điểm thi THPT,2025,15.0,Logistics và quản lý chuỗi cung ứng
166295,UEF,logistics-va-quan-ly-chuoi-cung-ung,C04,Điểm thi THPT,2025,15.0,Logistics và quản lý chuỗi cung ứng
166296,UEF,logistics-va-quan-ly-chuoi-cung-ung,C14,Điểm thi THPT,2025,15.0,Logistics và quản lý chuỗi cung ứng
166297,UEF,logistics-va-quan-ly-chuoi-cung-ung,D01,Điểm thi THPT,2025,15.0,Logistics và quản lý chuỗi cung ứng
166298,UEF,logistics-va-quan-ly-chuoi-cung-ung,X02,Điểm thi THPT,2025,15.0,Logistics và quản lý chuỗi cung ứng
166299,UEF,luat,A00,Điểm học bạ,2021,30.0,Luật
166300,UEF,luat,A01,Điểm học bạ,2021,30.0,Luật
166301,UEF,luat,C00,Điểm học bạ,2021,30.0,Luật
166302,UEF,luat,D01,Điểm học bạ,2021,30.0,Luật
166303,UEF,luat,A00,Điểm thi THPT,2021,19.0,Luật
166304,UEF,luat,A01,Điểm thi THPT,2021,19.0,Luật
166305,UEF,luat,C00,Điểm thi THPT,2021,19.0,Luật
166306,UEF,luat,D01,Điểm thi THPT,2021,19.0,Luật
166307,UEF,luat,A00,Điểm học bạ,2022,18.0,Luật
166308,UEF,luat,A01,Điểm học bạ,2022,18.0,Luật
166309,UEF,luat,C00,Điểm học bạ,2022,18.0,Luật
166310,UEF,luat,D01,Điểm học bạ,2022,18.0,Luật
166311,UEF,luat,A00,Điểm thi THPT,2022,18.0,Luật
166312,UEF,luat,A01,Điểm thi THPT,2022,18.0,Luật
166313,UEF,luat,C00,Điểm thi THPT,2022,18.0,Luật
166314,UEF,luat,D01,Điểm thi THPT,2022,18.0,Luật
166315,UEF,luat,A00,Điểm học bạ,2023,18.0,Luật
166316,UEF,luat,A01,Điểm học bạ,2023,18.0,Luật
166317,UEF,luat,C00,Điểm học bạ,2023,18.0,Luật
166318,UEF,luat,D01,Điểm học bạ,2023,18.0,Luật
166319,UEF,luat,A00,Điểm thi THPT,2023,18.0,Luật
166320,UEF,luat,A01,Điểm thi THPT,2023,18.0,Luật
166321,UEF,luat,C00,Điểm thi THPT,2023,18.0,Luật
166322,UEF,luat,D01,Điểm thi THPT,2023,18.0,Luật
166323,UEF,luat,A00,Điểm học bạ,2024,18.0,Luật
166324,UEF,luat,A01,Điểm học bạ,2024,18.0,Luật
166325,UEF,luat,C00,Điểm học bạ,2024,18.0,Luật
166326,UEF,luat,D01,Điểm học bạ,2024,18.0,Luật
166327,UEF,luat,A00,Điểm thi THPT,2024,17.0,Luật
166328,UEF,luat,A01,Điểm thi THPT,2024,17.0,Luật
166329,UEF,luat,C00,Điểm thi THPT,2024,17.0,Luật
166330,UEF,luat,D01,Điểm thi THPT,2024,17.0,Luật
166331,UEF,luat,C01,Điểm học bạ,2025,18.0,Luật
166332,UEF,luat,C03,Điểm học bạ,2025,18.0,Luật
166333,UEF,luat,C04,Điểm học bạ,2025,18.0,Luật
166334,UEF,luat,C14,Điểm học bạ,2025,18.0,Luật
166335,UEF,luat,D01,Điểm học bạ,2025,18.0,Luật
166336,UEF,luat,X02,Điểm học bạ,2025,18.0,Luật
166337,UEF,luat,C01,Điểm thi THPT,2025,16.0,Luật
166338,UEF,luat,C03,Điểm thi THPT,2025,15.0,Luật
166339,UEF,luat,C04,Điểm thi THPT,2025,15.0,Luật
166340,UEF,luat,C14,Điểm thi THPT,2025,15.0,Luật
166341,UEF,luat,D01,Điểm thi THPT,2025,15.0,Luật
166342,UEF,luat,X02,Điểm thi THPT,2025,15.0,Luật
166343,UEF,luat-kinh-te,A00,Điểm học bạ,2021,30.0,Luật kinh tế
166344,UEF,luat-kinh-te,A01,Điểm học bạ,2021,30.0,Luật kinh tế
166345,UEF,luat-kinh-te,C00,Điểm học bạ,2021,30.0,Luật kinh tế
166346,UEF,luat-kinh-te,D01,Điểm học bạ,2021,30.0,Luật kinh tế
166347,UEF,luat-kinh-te,A00,Điểm thi THPT,2021,19.0,Luật kinh tế
166348,UEF,luat-kinh-te,A01,Điểm thi THPT,2021,19.0,Luật kinh tế
166349,UEF,luat-kinh-te,C00,Điểm thi THPT,2021,19.0,Luật kinh tế
166350,UEF,luat-kinh-te,D01,Điểm thi THPT,2021,19.0,Luật kinh tế
166351,UEF,luat-kinh-te,A00,Điểm học bạ,2022,18.0,Luật kinh tế
166352,UEF,luat-kinh-te,A01,Điểm học bạ,2022,18.0,Luật kinh tế
166353,UEF,luat-kinh-te,C00,Điểm học bạ,2022,18.0,Luật kinh tế
166354,UEF,luat-kinh-te,D01,Điểm học bạ,2022,18.0,Luật kinh tế
166355,UEF,luat-kinh-te,A00,Điểm thi THPT,2022,18.0,Luật kinh tế
166356,UEF,luat-kinh-te,A01,Điểm thi THPT,2022,18.0,Luật kinh tế
166357,UEF,luat-kinh-te,C00,Điểm thi THPT,2022,18.0,Luật kinh tế
166358,UEF,luat-kinh-te,D01,Điểm thi THPT,2022,18.0,Luật kinh tế
166359,UEF,luat-kinh-te,A00,Điểm học bạ,2023,18.0,Luật kinh tế
166360,UEF,luat-kinh-te,A01,Điểm học bạ,2023,18.0,Luật kinh tế
166361,UEF,luat-kinh-te,C00,Điểm học bạ,2023,18.0,Luật kinh tế
166362,UEF,luat-kinh-te,D01,Điểm học bạ,2023,18.0,Luật kinh tế
166363,UEF,luat-kinh-te,A00,Điểm thi THPT,2023,17.0,Luật kinh tế
166364,UEF,luat-kinh-te,A01,Điểm thi THPT,2023,17.0,Luật kinh tế
166365,UEF,luat-kinh-te,C00,Điểm thi THPT,2023,17.0,Luật kinh tế
166366,UEF,luat-kinh-te,D01,Điểm thi THPT,2023,17.0,Luật kinh tế
166367,UEF,luat-kinh-te,A00,Điểm học bạ,2024,18.0,Luật kinh tế
166368,UEF,luat-kinh-te,A01,Điểm học bạ,2024,18.0,Luật kinh tế
166369,UEF,luat-kinh-te,C00,Điểm học bạ,2024,18.0,Luật kinh tế
166370,UEF,luat-kinh-te,D01,Điểm học bạ,2024,18.0,Luật kinh tế
166371,UEF,luat-kinh-te,A00,Điểm thi THPT,2024,17.0,Luật kinh tế
166372,UEF,luat-kinh-te,A01,Điểm thi THPT,2024,17.0,Luật kinh tế
166373,UEF,luat-kinh-te,C00,Điểm thi THPT,2024,17.0,Luật kinh tế
166374,UEF,luat-kinh-te,D01,Điểm thi THPT,2024,17.0,Luật kinh tế
166375,UEF,luat-kinh-te,C01,Điểm học bạ,2025,18.0,Luật kinh tế
166376,UEF,luat-kinh-te,C03,Điểm học bạ,2025,18.0,Luật kinh tế
166377,UEF,luat-kinh-te,C04,Điểm học bạ,2025,18.0,Luật kinh tế
166378,UEF,luat-kinh-te,C14,Điểm học bạ,2025,18.0,Luật kinh tế
166379,UEF,luat-kinh-te,D01,Điểm học bạ,2025,18.0,Luật kinh tế
166380,UEF,luat-kinh-te,X02,Điểm học bạ,2025,18.0,Luật kinh tế
166381,UEF,luat-kinh-te,C01,Điểm thi THPT,2025,16.0,Luật kinh tế
166382,UEF,luat-kinh-te,C03,Điểm thi THPT,2025,15.0,Luật kinh tế
166383,UEF,luat-kinh-te,C04,Điểm thi THPT,2025,15.0,Luật kinh tế
166384,UEF,luat-kinh-te,C14,Điểm thi THPT,2025,15.0,Luật kinh tế
166385,UEF,luat-kinh-te,D01,Điểm thi THPT,2025,15.0,Luật kinh tế
166386,UEF,luat-kinh-te,X02,Điểm thi THPT,2025,15.0,Luật kinh tế
166387,UEF,luat-quoc-te,A00,Điểm học bạ,2021,30.0,Luật quốc tế
166388,UEF,luat-quoc-te,A01,Điểm học bạ,2021,30.0,Luật quốc tế
166389,UEF,luat-quoc-te,C00,Điểm học bạ,2021,30.0,Luật quốc tế
166390,UEF,luat-quoc-te,D01,Điểm học bạ,2021,30.0,Luật quốc tế
166391,UEF,luat-quoc-te,A00,Điểm thi THPT,2021,20.0,Luật quốc tế
166392,UEF,luat-quoc-te,A01,Điểm thi THPT,2021,20.0,Luật quốc tế
166393,UEF,luat-quoc-te,C00,Điểm thi THPT,2021,20.0,Luật quốc tế
166394,UEF,luat-quoc-te,D01,Điểm thi THPT,2021,20.0,Luật quốc tế
166395,UEF,luat-quoc-te,A00,Điểm học bạ,2022,18.0,Luật quốc tế
166396,UEF,luat-quoc-te,A01,Điểm học bạ,2022,18.0,Luật quốc tế
166397,UEF,luat-quoc-te,C00,Điểm học bạ,2022,18.0,Luật quốc tế
166398,UEF,luat-quoc-te,D01,Điểm học bạ,2022,18.0,Luật quốc tế
166399,UEF,luat-quoc-te,A00,Điểm thi THPT,2022,20.0,Luật quốc tế
166400,UEF,luat-quoc-te,A01,Điểm thi THPT,2022,20.0,Luật quốc tế
166401,UEF,luat-quoc-te,C00,Điểm thi THPT,2022,20.0,Luật quốc tế
166402,UEF,luat-quoc-te,D01,Điểm thi THPT,2022,20.0,Luật quốc tế
166403,UEF,luat-quoc-te,A00,Điểm học bạ,2023,18.0,Luật quốc tế
166404,UEF,luat-quoc-te,A01,Điểm học bạ,2023,18.0,Luật quốc tế
166405,UEF,luat-quoc-te,C00,Điểm học bạ,2023,18.0,Luật quốc tế
166406,UEF,luat-quoc-te,D01,Điểm học bạ,2023,18.0,Luật quốc tế
166407,UEF,luat-quoc-te,A00,Điểm thi THPT,2023,20.0,Luật quốc tế
166408,UEF,luat-quoc-te,A01,Điểm thi THPT,2023,20.0,Luật quốc tế
166409,UEF,luat-quoc-te,C00,Điểm thi THPT,2023,20.0,Luật quốc tế
166410,UEF,luat-quoc-te,D01,Điểm thi THPT,2023,20.0,Luật quốc tế
166411,UEF,luat-quoc-te,A00,Điểm học bạ,2024,18.0,Luật quốc tế
166412,UEF,luat-quoc-te,A01,Điểm học bạ,2024,18.0,Luật quốc tế
166413,UEF,luat-quoc-te,C00,Điểm học bạ,2024,18.0,Luật quốc tế
166414,UEF,luat-quoc-te,D01,Điểm học bạ,2024,18.0,Luật quốc tế
166415,UEF,luat-quoc-te,A00,Điểm thi THPT,2024,19.0,Luật quốc tế
166416,UEF,luat-quoc-te,A01,Điểm thi THPT,2024,19.0,Luật quốc tế
166417,UEF,luat-quoc-te,C00,Điểm thi THPT,2024,19.0,Luật quốc tế
166418,UEF,luat-quoc-te,D01,Điểm thi THPT,2024,19.0,Luật quốc tế
166419,UEF,luat-quoc-te,C01,Điểm học bạ,2025,18.0,Luật quốc tế
166420,UEF,luat-quoc-te,C03,Điểm học bạ,2025,18.0,Luật quốc tế
166421,UEF,luat-quoc-te,C04,Điểm học bạ,2025,18.0,Luật quốc tế
166422,UEF,luat-quoc-te,C14,Điểm học bạ,2025,18.0,Luật quốc tế
166423,UEF,luat-quoc-te,D01,Điểm học bạ,2025,18.0,Luật quốc tế
166424,UEF,luat-quoc-te,X02,Điểm học bạ,2025,18.0,Luật quốc tế
166425,UEF,luat-quoc-te,C01,Điểm thi THPT,2025,16.0,Luật quốc tế
166426,UEF,luat-quoc-te,C03,Điểm thi THPT,2025,15.0,Luật quốc tế
166427,UEF,luat-quoc-te,C04,Điểm thi THPT,2025,15.0,Luật quốc tế
166428,UEF,luat-quoc-te,C14,Điểm thi THPT,2025,15.0,Luật quốc tế
166429,UEF,luat-quoc-te,D01,Điểm thi THPT,2025,15.0,Luật quốc tế
166430,UEF,luat-quoc-te,X02,Điểm thi THPT,2025,15.0,Luật quốc tế
166431,UEF,marketing,A00,Điểm học bạ,2021,30.0,Marketing
166432,UEF,marketing,A01,Điểm học bạ,2021,30.0,Marketing
166433,UEF,marketing,C00,Điểm học bạ,2021,30.0,Marketing
166434,UEF,marketing,D01,Điểm học bạ,2021,30.0,Marketing
166435,UEF,marketing,A00,Điểm thi THPT,2021,24.0,Marketing
166436,UEF,marketing,A01,Điểm thi THPT,2021,24.0,Marketing
166437,UEF,marketing,C00,Điểm thi THPT,2021,24.0,Marketing
166438,UEF,marketing,D01,Điểm thi THPT,2021,24.0,Marketing
166439,UEF,marketing,A00,Điểm học bạ,2022,18.0,Marketing
166440,UEF,marketing,A01,Điểm học bạ,2022,18.0,Marketing
166441,UEF,marketing,C00,Điểm học bạ,2022,18.0,Marketing
166442,UEF,marketing,D01,Điểm học bạ,2022,18.0,Marketing
166443,UEF,marketing,A00,Điểm thi THPT,2022,17.0,Marketing
166444,UEF,marketing,A01,Điểm thi THPT,2022,17.0,Marketing
166445,UEF,marketing,C00,Điểm thi THPT,2022,17.0,Marketing
166446,UEF,marketing,D01,Điểm thi THPT,2022,17.0,Marketing
166447,UEF,marketing,A00,Điểm học bạ,2023,18.0,Marketing
166448,UEF,marketing,A01,Điểm học bạ,2023,18.0,Marketing
166449,UEF,marketing,C00,Điểm học bạ,2023,18.0,Marketing
166450,UEF,marketing,D01,Điểm học bạ,2023,18.0,Marketing
166451,UEF,marketing,A00,Điểm thi THPT,2023,19.0,Marketing
166452,UEF,marketing,A01,Điểm thi THPT,2023,19.0,Marketing
166453,UEF,marketing,C00,Điểm thi THPT,2023,19.0,Marketing
166454,UEF,marketing,D01,Điểm thi THPT,2023,19.0,Marketing
166455,UEF,marketing,A00,Điểm học bạ,2024,18.0,Marketing
166456,UEF,marketing,A01,Điểm học bạ,2024,18.0,Marketing
166457,UEF,marketing,C00,Điểm học bạ,2024,18.0,Marketing
166458,UEF,marketing,D01,Điểm học bạ,2024,18.0,Marketing
166459,UEF,marketing,A00,Điểm thi THPT,2024,18.0,Marketing
166460,UEF,marketing,A01,Điểm thi THPT,2024,18.0,Marketing
166461,UEF,marketing,C00,Điểm thi THPT,2024,18.0,Marketing
166462,UEF,marketing,D01,Điểm thi THPT,2024,18.0,Marketing
166463,UEF,marketing,C01,Điểm học bạ,2025,18.0,Marketing
166464,UEF,marketing,C03,Điểm học bạ,2025,18.0,Marketing
166465,UEF,marketing,C04,Điểm học bạ,2025,18.0,Marketing
166466,UEF,marketing,C14,Điểm học bạ,2025,18.0,Marketing
166467,UEF,marketing,D01,Điểm học bạ,2025,18.0,Marketing
166468,UEF,marketing,X02,Điểm học bạ,2025,18.0,Marketing
166469,UEF,marketing,C01,Điểm thi THPT,2025,16.0,Marketing
166470,UEF,marketing,C03,Điểm thi THPT,2025,15.0,Marketing
166471,UEF,marketing,C04,Điểm thi THPT,2025,15.0,Marketing
166472,UEF,marketing,C14,Điểm thi THPT,2025,15.0,Marketing
166473,UEF,marketing,D01,Điểm thi THPT,2025,15.0,Marketing
166474,UEF,marketing,X02,Điểm thi THPT,2025,15.0,Marketing
166475,UEF,ngon-ngu-anh,A01,Điểm học bạ,2021,30.0,Ngôn ngữ Anh
166476,UEF,ngon-ngu-anh,D01,Điểm học bạ,2021,30.0,Ngôn ngữ Anh
166477,UEF,ngon-ngu-anh,D14,Điểm học bạ,2021,30.0,Ngôn ngữ Anh
166478,UEF,ngon-ngu-anh,D15,Điểm học bạ,2021,30.0,Ngôn ngữ Anh
166479,UEF,ngon-ngu-anh,A01,Điểm thi THPT,2021,21.0,Ngôn ngữ Anh
166480,UEF,ngon-ngu-anh,D01,Điểm thi THPT,2021,21.0,Ngôn ngữ Anh
166481,UEF,ngon-ngu-anh,D14,Điểm thi THPT,2021,21.0,Ngôn ngữ Anh
166482,UEF,ngon-ngu-anh,D15,Điểm thi THPT,2021,21.0,Ngôn ngữ Anh
166483,UEF,ngon-ngu-anh,A01,Điểm học bạ,2022,18.0,Ngôn ngữ Anh
166484,UEF,ngon-ngu-anh,D01,Điểm học bạ,2022,18.0,Ngôn ngữ Anh
166485,UEF,ngon-ngu-anh,D14,Điểm học bạ,2022,18.0,Ngôn ngữ Anh
166486,UEF,ngon-ngu-anh,D15,Điểm học bạ,2022,18.0,Ngôn ngữ Anh
166487,UEF,ngon-ngu-anh,A01,Điểm thi THPT,2022,17.0,Ngôn ngữ Anh
166488,UEF,ngon-ngu-anh,D01,Điểm thi THPT,2022,17.0,Ngôn ngữ Anh
166489,UEF,ngon-ngu-anh,D14,Điểm thi THPT,2022,17.0,Ngôn ngữ Anh
166490,UEF,ngon-ngu-anh,D15,Điểm thi THPT,2022,17.0,Ngôn ngữ Anh
166491,UEF,ngon-ngu-anh,A01,Điểm học bạ,2023,18.0,Ngôn ngữ Anh
166492,UEF,ngon-ngu-anh,D01,Điểm học bạ,2023,18.0,Ngôn ngữ Anh
166493,UEF,ngon-ngu-anh,D14,Điểm học bạ,2023,18.0,Ngôn ngữ Anh
166494,UEF,ngon-ngu-anh,D15,Điểm học bạ,2023,18.0,Ngôn ngữ Anh
166495,UEF,ngon-ngu-anh,A01,Điểm thi THPT,2023,18.0,Ngôn ngữ Anh
166496,UEF,ngon-ngu-anh,D01,Điểm thi THPT,2023,18.0,Ngôn ngữ Anh
166497,UEF,ngon-ngu-anh,D14,Điểm thi THPT,2023,18.0,Ngôn ngữ Anh
166498,UEF,ngon-ngu-anh,D15,Điểm thi THPT,2023,18.0,Ngôn ngữ Anh
166499,UEF,ngon-ngu-anh,A01,Điểm học bạ,2024,18.0,Ngôn ngữ Anh
166500,UEF,ngon-ngu-anh,D01,Điểm học bạ,2024,18.0,Ngôn ngữ Anh
166501,UEF,ngon-ngu-anh,D14,Điểm học bạ,2024,18.0,Ngôn ngữ Anh
166502,UEF,ngon-ngu-anh,D15,Điểm học bạ,2024,18.0,Ngôn ngữ Anh
166503,UEF,ngon-ngu-anh,A01,Điểm thi THPT,2024,17.0,Ngôn ngữ Anh
166504,UEF,ngon-ngu-anh,D01,Điểm thi THPT,2024,17.0,Ngôn ngữ Anh
166505,UEF,ngon-ngu-anh,D14,Điểm thi THPT,2024,17.0,Ngôn ngữ Anh
166506,UEF,ngon-ngu-anh,D15,Điểm thi THPT,2024,17.0,Ngôn ngữ Anh
166507,UEF,ngon-ngu-anh,D01,Điểm học bạ,2025,18.0,Ngôn ngữ Anh
166508,UEF,ngon-ngu-anh,D11,Điểm học bạ,2025,18.0,Ngôn ngữ Anh
166509,UEF,ngon-ngu-anh,D14,Điểm học bạ,2025,18.0,Ngôn ngữ Anh
166510,UEF,ngon-ngu-anh,D15,Điểm học bạ,2025,18.0,Ngôn ngữ Anh
166511,UEF,ngon-ngu-anh,D66,Điểm học bạ,2025,18.0,Ngôn ngữ Anh
166512,UEF,ngon-ngu-anh,X79,Điểm học bạ,2025,18.0,Ngôn ngữ Anh
166513,UEF,ngon-ngu-anh,D01,Điểm thi THPT,2025,15.0,Ngôn ngữ Anh
166514,UEF,ngon-ngu-anh,D11,Điểm thi THPT,2025,15.0,Ngôn ngữ Anh
166515,UEF,ngon-ngu-anh,D14,Điểm thi THPT,2025,15.0,Ngôn ngữ Anh
166516,UEF,ngon-ngu-anh,D15,Điểm thi THPT,2025,15.0,Ngôn ngữ Anh
166517,UEF,ngon-ngu-anh,D66,Điểm thi THPT,2025,15.0,Ngôn ngữ Anh
166518,UEF,ngon-ngu-anh,X79,Điểm thi THPT,2025,15.0,Ngôn ngữ Anh
166519,UEF,ngon-ngu-han-quoc,A01,Điểm học bạ,2021,30.0,Ngôn ngữ Hàn Quốc
166520,UEF,ngon-ngu-han-quoc,D01,Điểm học bạ,2021,30.0,Ngôn ngữ Hàn Quốc
166521,UEF,ngon-ngu-han-quoc,D14,Điểm học bạ,2021,30.0,Ngôn ngữ Hàn Quốc
166522,UEF,ngon-ngu-han-quoc,D15,Điểm học bạ,2021,30.0,Ngôn ngữ Hàn Quốc
166523,UEF,ngon-ngu-han-quoc,A01,Điểm thi THPT,2021,19.0,Ngôn ngữ Hàn Quốc
166524,UEF,ngon-ngu-han-quoc,D01,Điểm thi THPT,2021,19.0,Ngôn ngữ Hàn Quốc
166525,UEF,ngon-ngu-han-quoc,D14,Điểm thi THPT,2021,19.0,Ngôn ngữ Hàn Quốc
166526,UEF,ngon-ngu-han-quoc,D15,Điểm thi THPT,2021,19.0,Ngôn ngữ Hàn Quốc
166527,UEF,ngon-ngu-han-quoc,A01,Điểm học bạ,2022,18.0,Ngôn ngữ Hàn Quốc
166528,UEF,ngon-ngu-han-quoc,D01,Điểm học bạ,2022,18.0,Ngôn ngữ Hàn Quốc
166529,UEF,ngon-ngu-han-quoc,D14,Điểm học bạ,2022,18.0,Ngôn ngữ Hàn Quốc
166530,UEF,ngon-ngu-han-quoc,D15,Điểm học bạ,2022,18.0,Ngôn ngữ Hàn Quốc
166531,UEF,ngon-ngu-han-quoc,A01,Điểm thi THPT,2022,17.0,Ngôn ngữ Hàn Quốc
166532,UEF,ngon-ngu-han-quoc,D01,Điểm thi THPT,2022,17.0,Ngôn ngữ Hàn Quốc
166533,UEF,ngon-ngu-han-quoc,D14,Điểm thi THPT,2022,17.0,Ngôn ngữ Hàn Quốc
166534,UEF,ngon-ngu-han-quoc,D15,Điểm thi THPT,2022,17.0,Ngôn ngữ Hàn Quốc
166535,UEF,ngon-ngu-han-quoc,A01,Điểm học bạ,2023,18.0,Ngôn ngữ Hàn Quốc
166536,UEF,ngon-ngu-han-quoc,D01,Điểm học bạ,2023,18.0,Ngôn ngữ Hàn Quốc
166537,UEF,ngon-ngu-han-quoc,D14,Điểm học bạ,2023,18.0,Ngôn ngữ Hàn Quốc
166538,UEF,ngon-ngu-han-quoc,D15,Điểm học bạ,2023,18.0,Ngôn ngữ Hàn Quốc
166539,UEF,ngon-ngu-han-quoc,A01,Điểm thi THPT,2023,17.0,Ngôn ngữ Hàn Quốc
166540,UEF,ngon-ngu-han-quoc,D01,Điểm thi THPT,2023,17.0,Ngôn ngữ Hàn Quốc
166541,UEF,ngon-ngu-han-quoc,D14,Điểm thi THPT,2023,17.0,Ngôn ngữ Hàn Quốc
166542,UEF,ngon-ngu-han-quoc,D15,Điểm thi THPT,2023,17.0,Ngôn ngữ Hàn Quốc
166543,UEF,ngon-ngu-han-quoc,A01,Điểm học bạ,2024,18.0,Ngôn ngữ Hàn Quốc
166544,UEF,ngon-ngu-han-quoc,D01,Điểm học bạ,2024,18.0,Ngôn ngữ Hàn Quốc
166545,UEF,ngon-ngu-han-quoc,D14,Điểm học bạ,2024,18.0,Ngôn ngữ Hàn Quốc
166546,UEF,ngon-ngu-han-quoc,D15,Điểm học bạ,2024,18.0,Ngôn ngữ Hàn Quốc
166547,UEF,ngon-ngu-han-quoc,A01,Điểm thi THPT,2024,16.0,Ngôn ngữ Hàn Quốc
166548,UEF,ngon-ngu-han-quoc,D01,Điểm thi THPT,2024,16.0,Ngôn ngữ Hàn Quốc
166549,UEF,ngon-ngu-han-quoc,D14,Điểm thi THPT,2024,16.0,Ngôn ngữ Hàn Quốc
166550,UEF,ngon-ngu-han-quoc,D15,Điểm thi THPT,2024,16.0,Ngôn ngữ Hàn Quốc
166551,UEF,ngon-ngu-han-quoc,D01,Điểm học bạ,2025,18.0,Ngôn ngữ Hàn Quốc
166552,UEF,ngon-ngu-han-quoc,D11,Điểm học bạ,2025,18.0,Ngôn ngữ Hàn Quốc
166553,UEF,ngon-ngu-han-quoc,D14,Điểm học bạ,2025,18.0,Ngôn ngữ Hàn Quốc
166554,UEF,ngon-ngu-han-quoc,D15,Điểm học bạ,2025,18.0,Ngôn ngữ Hàn Quốc
166555,UEF,ngon-ngu-han-quoc,D66,Điểm học bạ,2025,18.0,Ngôn ngữ Hàn Quốc
166556,UEF,ngon-ngu-han-quoc,X79,Điểm học bạ,2025,18.0,Ngôn ngữ Hàn Quốc
166557,UEF,ngon-ngu-han-quoc,D01,Điểm thi THPT,2025,15.0,Ngôn ngữ Hàn Quốc
166558,UEF,ngon-ngu-han-quoc,D11,Điểm thi THPT,2025,15.0,Ngôn ngữ Hàn Quốc
166559,UEF,ngon-ngu-han-quoc,D14,Điểm thi THPT,2025,15.0,Ngôn ngữ Hàn Quốc
166560,UEF,ngon-ngu-han-quoc,D15,Điểm thi THPT,2025,15.0,Ngôn ngữ Hàn Quốc
166561,UEF,ngon-ngu-han-quoc,D66,Điểm thi THPT,2025,15.0,Ngôn ngữ Hàn Quốc
166562,UEF,ngon-ngu-han-quoc,X79,Điểm thi THPT,2025,15.0,Ngôn ngữ Hàn Quốc
166563,UEF,ngon-ngu-nhat,A01,Điểm học bạ,2021,18.0,Ngôn ngữ Nhật
166564,UEF,ngon-ngu-nhat,D01,Điểm học bạ,2021,18.0,Ngôn ngữ Nhật
166565,UEF,ngon-ngu-nhat,D14,Điểm học bạ,2021,18.0,Ngôn ngữ Nhật
166566,UEF,ngon-ngu-nhat,D15,Điểm học bạ,2021,18.0,Ngôn ngữ Nhật
166567,UEF,ngon-ngu-nhat,A01,Điểm thi THPT,2021,19.0,Ngôn ngữ Nhật
166568,UEF,ngon-ngu-nhat,D01,Điểm thi THPT,2021,19.0,Ngôn ngữ Nhật
166569,UEF,ngon-ngu-nhat,D14,Điểm thi THPT,2021,19.0,Ngôn ngữ Nhật
166570,UEF,ngon-ngu-nhat,D15,Điểm thi THPT,2021,19.0,Ngôn ngữ Nhật
166571,UEF,ngon-ngu-nhat,A01,Điểm học bạ,2022,18.0,Ngôn ngữ Nhật
166572,UEF,ngon-ngu-nhat,D01,Điểm học bạ,2022,18.0,Ngôn ngữ Nhật
166573,UEF,ngon-ngu-nhat,D14,Điểm học bạ,2022,18.0,Ngôn ngữ Nhật
166574,UEF,ngon-ngu-nhat,D15,Điểm học bạ,2022,18.0,Ngôn ngữ Nhật
166575,UEF,ngon-ngu-nhat,A01,Điểm thi THPT,2022,19.0,Ngôn ngữ Nhật
166576,UEF,ngon-ngu-nhat,D01,Điểm thi THPT,2022,19.0,Ngôn ngữ Nhật
166577,UEF,ngon-ngu-nhat,D14,Điểm thi THPT,2022,19.0,Ngôn ngữ Nhật
166578,UEF,ngon-ngu-nhat,D15,Điểm thi THPT,2022,19.0,Ngôn ngữ Nhật
166579,UEF,ngon-ngu-nhat,A01,Điểm thi THPT,2023,17.0,Ngôn ngữ Nhật
166580,UEF,ngon-ngu-nhat,D01,Điểm thi THPT,2023,17.0,Ngôn ngữ Nhật
166581,UEF,ngon-ngu-nhat,D14,Điểm thi THPT,2023,17.0,Ngôn ngữ Nhật
166582,UEF,ngon-ngu-nhat,D15,Điểm thi THPT,2023,17.0,Ngôn ngữ Nhật
166583,UEF,ngon-ngu-nhat,A01,Điểm học bạ,2024,18.0,Ngôn ngữ Nhật
166584,UEF,ngon-ngu-nhat,D01,Điểm học bạ,2024,18.0,Ngôn ngữ Nhật
166585,UEF,ngon-ngu-nhat,D14,Điểm học bạ,2024,18.0,Ngôn ngữ Nhật
166586,UEF,ngon-ngu-nhat,D15,Điểm học bạ,2024,18.0,Ngôn ngữ Nhật
166587,UEF,ngon-ngu-nhat,A01,Điểm thi THPT,2024,16.0,Ngôn ngữ Nhật
166588,UEF,ngon-ngu-nhat,D01,Điểm thi THPT,2024,16.0,Ngôn ngữ Nhật
166589,UEF,ngon-ngu-nhat,D14,Điểm thi THPT,2024,16.0,Ngôn ngữ Nhật
166590,UEF,ngon-ngu-nhat,D15,Điểm thi THPT,2024,16.0,Ngôn ngữ Nhật
166591,UEF,ngon-ngu-nhat,D01,Điểm học bạ,2025,18.0,Ngôn ngữ Nhật
166592,UEF,ngon-ngu-nhat,D11,Điểm học bạ,2025,18.0,Ngôn ngữ Nhật
166593,UEF,ngon-ngu-nhat,D14,Điểm học bạ,2025,18.0,Ngôn ngữ Nhật
166594,UEF,ngon-ngu-nhat,D15,Điểm học bạ,2025,18.0,Ngôn ngữ Nhật
166595,UEF,ngon-ngu-nhat,D66,Điểm học bạ,2025,18.0,Ngôn ngữ Nhật
166596,UEF,ngon-ngu-nhat,X79,Điểm học bạ,2025,18.0,Ngôn ngữ Nhật
166597,UEF,ngon-ngu-nhat,D01,Điểm thi THPT,2025,15.0,Ngôn ngữ Nhật
166598,UEF,ngon-ngu-nhat,D11,Điểm thi THPT,2025,15.0,Ngôn ngữ Nhật
166599,UEF,ngon-ngu-nhat,D14,Điểm thi THPT,2025,15.0,Ngôn ngữ Nhật
166600,UEF,ngon-ngu-nhat,D15,Điểm thi THPT,2025,15.0,Ngôn ngữ Nhật
166601,UEF,ngon-ngu-nhat,D66,Điểm thi THPT,2025,15.0,Ngôn ngữ Nhật
166602,UEF,ngon-ngu-nhat,X79,Điểm thi THPT,2025,15.0,Ngôn ngữ Nhật
166603,UEF,ngon-ngu-trung-quoc,A01,Điểm học bạ,2021,18.0,Ngôn ngữ Trung Quốc
166604,UEF,ngon-ngu-trung-quoc,D01,Điểm học bạ,2021,18.0,Ngôn ngữ Trung Quốc
166605,UEF,ngon-ngu-trung-quoc,D14,Điểm học bạ,2021,18.0,Ngôn ngữ Trung Quốc
166606,UEF,ngon-ngu-trung-quoc,D15,Điểm học bạ,2021,18.0,Ngôn ngữ Trung Quốc
166607,UEF,ngon-ngu-trung-quoc,A01,Điểm thi THPT,2021,19.0,Ngôn ngữ Trung Quốc
166608,UEF,ngon-ngu-trung-quoc,D01,Điểm thi THPT,2021,19.0,Ngôn ngữ Trung Quốc
166609,UEF,ngon-ngu-trung-quoc,D14,Điểm thi THPT,2021,19.0,Ngôn ngữ Trung Quốc
166610,UEF,ngon-ngu-trung-quoc,D15,Điểm thi THPT,2021,19.0,Ngôn ngữ Trung Quốc
166611,UEF,ngon-ngu-trung-quoc,A01,Điểm học bạ,2022,18.0,Ngôn ngữ Trung Quốc
166612,UEF,ngon-ngu-trung-quoc,D01,Điểm học bạ,2022,18.0,Ngôn ngữ Trung Quốc
166613,UEF,ngon-ngu-trung-quoc,D14,Điểm học bạ,2022,18.0,Ngôn ngữ Trung Quốc
166614,UEF,ngon-ngu-trung-quoc,D15,Điểm học bạ,2022,18.0,Ngôn ngữ Trung Quốc
166615,UEF,ngon-ngu-trung-quoc,A01,Điểm thi THPT,2022,19.0,Ngôn ngữ Trung Quốc
166616,UEF,ngon-ngu-trung-quoc,D01,Điểm thi THPT,2022,19.0,Ngôn ngữ Trung Quốc
166617,UEF,ngon-ngu-trung-quoc,D14,Điểm thi THPT,2022,19.0,Ngôn ngữ Trung Quốc
166618,UEF,ngon-ngu-trung-quoc,D15,Điểm thi THPT,2022,19.0,Ngôn ngữ Trung Quốc
166619,UEF,ngon-ngu-trung-quoc,A01,Điểm học bạ,2023,18.0,Ngôn ngữ Trung Quốc
166620,UEF,ngon-ngu-trung-quoc,D01,Điểm học bạ,2023,18.0,Ngôn ngữ Trung Quốc
166621,UEF,ngon-ngu-trung-quoc,D14,Điểm học bạ,2023,18.0,Ngôn ngữ Trung Quốc
166622,UEF,ngon-ngu-trung-quoc,D15,Điểm học bạ,2023,18.0,Ngôn ngữ Trung Quốc
166623,UEF,ngon-ngu-trung-quoc,A01,Điểm thi THPT,2023,18.0,Ngôn ngữ Trung Quốc
166624,UEF,ngon-ngu-trung-quoc,D01,Điểm thi THPT,2023,18.0,Ngôn ngữ Trung Quốc
166625,UEF,ngon-ngu-trung-quoc,D14,Điểm thi THPT,2023,18.0,Ngôn ngữ Trung Quốc
166626,UEF,ngon-ngu-trung-quoc,D15,Điểm thi THPT,2023,18.0,Ngôn ngữ Trung Quốc
166627,UEF,ngon-ngu-trung-quoc,A01,Điểm học bạ,2024,18.0,Ngôn ngữ Trung Quốc
166628,UEF,ngon-ngu-trung-quoc,D01,Điểm học bạ,2024,18.0,Ngôn ngữ Trung Quốc
166629,UEF,ngon-ngu-trung-quoc,D14,Điểm học bạ,2024,18.0,Ngôn ngữ Trung Quốc
166630,UEF,ngon-ngu-trung-quoc,D15,Điểm học bạ,2024,18.0,Ngôn ngữ Trung Quốc
166631,UEF,ngon-ngu-trung-quoc,A01,Điểm thi THPT,2024,16.0,Ngôn ngữ Trung Quốc
166632,UEF,ngon-ngu-trung-quoc,D01,Điểm thi THPT,2024,16.0,Ngôn ngữ Trung Quốc
166633,UEF,ngon-ngu-trung-quoc,D14,Điểm thi THPT,2024,16.0,Ngôn ngữ Trung Quốc
166634,UEF,ngon-ngu-trung-quoc,D15,Điểm thi THPT,2024,16.0,Ngôn ngữ Trung Quốc
166635,UEF,ngon-ngu-trung-quoc,D01,Điểm học bạ,2025,18.0,Ngôn ngữ Trung Quốc
166636,UEF,ngon-ngu-trung-quoc,D11,Điểm học bạ,2025,18.0,Ngôn ngữ Trung Quốc
166637,UEF,ngon-ngu-trung-quoc,D14,Điểm học bạ,2025,18.0,Ngôn ngữ Trung Quốc
166638,UEF,ngon-ngu-trung-quoc,D15,Điểm học bạ,2025,18.0,Ngôn ngữ Trung Quốc
166639,UEF,ngon-ngu-trung-quoc,D66,Điểm học bạ,2025,18.0,Ngôn ngữ Trung Quốc
166640,UEF,ngon-ngu-trung-quoc,X79,Điểm học bạ,2025,18.0,Ngôn ngữ Trung Quốc
166641,UEF,ngon-ngu-trung-quoc,D01,Điểm thi THPT,2025,15.0,Ngôn ngữ Trung Quốc
166642,UEF,ngon-ngu-trung-quoc,D11,Điểm thi THPT,2025,15.0,Ngôn ngữ Trung Quốc
166643,UEF,ngon-ngu-trung-quoc,D14,Điểm thi THPT,2025,15.0,Ngôn ngữ Trung Quốc
166644,UEF,ngon-ngu-trung-quoc,D15,Điểm thi THPT,2025,15.0,Ngôn ngữ Trung Quốc
166645,UEF,ngon-ngu-trung-quoc,D66,Điểm thi THPT,2025,15.0,Ngôn ngữ Trung Quốc
166646,UEF,ngon-ngu-trung-quoc,X79,Điểm thi THPT,2025,15.0,Ngôn ngữ Trung Quốc
166647,UEF,quan-he-cong-chung,A00,Điểm học bạ,2021,30.0,Quan hệ công chúng
166648,UEF,quan-he-cong-chung,A01,Điểm học bạ,2021,30.0,Quan hệ công chúng
166649,UEF,quan-he-cong-chung,C00,Điểm học bạ,2021,30.0,Quan hệ công chúng
166650,UEF,quan-he-cong-chung,D01,Điểm học bạ,2021,30.0,Quan hệ công chúng
166651,UEF,quan-he-cong-chung,A00,Điểm thi THPT,2021,23.0,Quan hệ công chúng
166652,UEF,quan-he-cong-chung,A01,Điểm thi THPT,2021,23.0,Quan hệ công chúng
166653,UEF,quan-he-cong-chung,C00,Điểm thi THPT,2021,23.0,Quan hệ công chúng
166654,UEF,quan-he-cong-chung,D01,Điểm thi THPT,2021,23.0,Quan hệ công chúng
166655,UEF,quan-he-cong-chung,A00,Điểm học bạ,2022,18.0,Quan hệ công chúng
166656,UEF,quan-he-cong-chung,A01,Điểm học bạ,2022,18.0,Quan hệ công chúng
166657,UEF,quan-he-cong-chung,C00,Điểm học bạ,2022,18.0,Quan hệ công chúng
166658,UEF,quan-he-cong-chung,D01,Điểm học bạ,2022,18.0,Quan hệ công chúng
166659,UEF,quan-he-cong-chung,A00,Điểm thi THPT,2022,19.0,Quan hệ công chúng
166660,UEF,quan-he-cong-chung,A01,Điểm thi THPT,2022,19.0,Quan hệ công chúng
166661,UEF,quan-he-cong-chung,C00,Điểm thi THPT,2022,19.0,Quan hệ công chúng
166662,UEF,quan-he-cong-chung,D01,Điểm thi THPT,2022,19.0,Quan hệ công chúng
166663,UEF,quan-he-cong-chung,A00,Điểm học bạ,2023,18.0,Quan hệ công chúng
166664,UEF,quan-he-cong-chung,A01,Điểm học bạ,2023,18.0,Quan hệ công chúng
166665,UEF,quan-he-cong-chung,C00,Điểm học bạ,2023,18.0,Quan hệ công chúng
166666,UEF,quan-he-cong-chung,D01,Điểm học bạ,2023,18.0,Quan hệ công chúng
166667,UEF,quan-he-cong-chung,A00,Điểm thi THPT,2023,18.0,Quan hệ công chúng
166668,UEF,quan-he-cong-chung,A01,Điểm thi THPT,2023,18.0,Quan hệ công chúng
166669,UEF,quan-he-cong-chung,C00,Điểm thi THPT,2023,18.0,Quan hệ công chúng
166670,UEF,quan-he-cong-chung,D01,Điểm thi THPT,2023,18.0,Quan hệ công chúng
166671,UEF,quan-he-cong-chung,A00,Điểm học bạ,2024,18.0,Quan hệ công chúng
166672,UEF,quan-he-cong-chung,A01,Điểm học bạ,2024,18.0,Quan hệ công chúng
166673,UEF,quan-he-cong-chung,C00,Điểm học bạ,2024,18.0,Quan hệ công chúng
166674,UEF,quan-he-cong-chung,D01,Điểm học bạ,2024,18.0,Quan hệ công chúng
166675,UEF,quan-he-cong-chung,A00,Điểm thi THPT,2024,17.0,Quan hệ công chúng
166676,UEF,quan-he-cong-chung,A01,Điểm thi THPT,2024,17.0,Quan hệ công chúng
166677,UEF,quan-he-cong-chung,C00,Điểm thi THPT,2024,17.0,Quan hệ công chúng
166678,UEF,quan-he-cong-chung,D01,Điểm thi THPT,2024,17.0,Quan hệ công chúng
166679,UEF,quan-he-cong-chung,C01,Điểm học bạ,2025,18.0,Quan hệ công chúng
166680,UEF,quan-he-cong-chung,C03,Điểm học bạ,2025,18.0,Quan hệ công chúng
166681,UEF,quan-he-cong-chung,C04,Điểm học bạ,2025,18.0,Quan hệ công chúng
166682,UEF,quan-he-cong-chung,C14,Điểm học bạ,2025,18.0,Quan hệ công chúng
166683,UEF,quan-he-cong-chung,D01,Điểm học bạ,2025,18.0,Quan hệ công chúng
166684,UEF,quan-he-cong-chung,X02,Điểm học bạ,2025,18.0,Quan hệ công chúng
166685,UEF,quan-he-cong-chung,C01,Điểm thi THPT,2025,16.0,Quan hệ công chúng
166686,UEF,quan-he-cong-chung,C03,Điểm thi THPT,2025,15.0,Quan hệ công chúng
166687,UEF,quan-he-cong-chung,C04,Điểm thi THPT,2025,15.0,Quan hệ công chúng
166688,UEF,quan-he-cong-chung,C14,Điểm thi THPT,2025,15.0,Quan hệ công chúng
166689,UEF,quan-he-cong-chung,D01,Điểm thi THPT,2025,15.0,Quan hệ công chúng
166690,UEF,quan-he-cong-chung,X02,Điểm thi THPT,2025,15.0,Quan hệ công chúng
166691,UEF,quan-he-quoc-te,A01,Điểm học bạ,2021,30.0,Quan hệ quốc tế
166692,UEF,quan-he-quoc-te,D01,Điểm học bạ,2021,30.0,Quan hệ quốc tế
166693,UEF,quan-he-quoc-te,D14,Điểm học bạ,2021,30.0,Quan hệ quốc tế
166694,UEF,quan-he-quoc-te,D15,Điểm học bạ,2021,30.0,Quan hệ quốc tế
166695,UEF,quan-he-quoc-te,A01,Điểm thi THPT,2021,21.0,Quan hệ quốc tế
166696,UEF,quan-he-quoc-te,D01,Điểm thi THPT,2021,21.0,Quan hệ quốc tế
166697,UEF,quan-he-quoc-te,D14,Điểm thi THPT,2021,21.0,Quan hệ quốc tế
166698,UEF,quan-he-quoc-te,D15,Điểm thi THPT,2021,21.0,Quan hệ quốc tế
166699,UEF,quan-he-quoc-te,A01,Điểm học bạ,2022,18.0,Quan hệ quốc tế
166700,UEF,quan-he-quoc-te,D01,Điểm học bạ,2022,18.0,Quan hệ quốc tế
166701,UEF,quan-he-quoc-te,D14,Điểm học bạ,2022,18.0,Quan hệ quốc tế
166702,UEF,quan-he-quoc-te,D15,Điểm học bạ,2022,18.0,Quan hệ quốc tế
166703,UEF,quan-he-quoc-te,A01,Điểm thi THPT,2022,19.0,Quan hệ quốc tế
166704,UEF,quan-he-quoc-te,D01,Điểm thi THPT,2022,19.0,Quan hệ quốc tế
166705,UEF,quan-he-quoc-te,D14,Điểm thi THPT,2022,19.0,Quan hệ quốc tế
166706,UEF,quan-he-quoc-te,D15,Điểm thi THPT,2022,19.0,Quan hệ quốc tế
166707,UEF,quan-he-quoc-te,A01,Điểm học bạ,2023,18.0,Quan hệ quốc tế
166708,UEF,quan-he-quoc-te,D01,Điểm học bạ,2023,18.0,Quan hệ quốc tế
166709,UEF,quan-he-quoc-te,D14,Điểm học bạ,2023,18.0,Quan hệ quốc tế
166710,UEF,quan-he-quoc-te,D15,Điểm học bạ,2023,18.0,Quan hệ quốc tế
166711,UEF,quan-he-quoc-te,A01,Điểm thi THPT,2023,21.0,Quan hệ quốc tế
166712,UEF,quan-he-quoc-te,D01,Điểm thi THPT,2023,21.0,Quan hệ quốc tế
166713,UEF,quan-he-quoc-te,D14,Điểm thi THPT,2023,21.0,Quan hệ quốc tế
166714,UEF,quan-he-quoc-te,D15,Điểm thi THPT,2023,21.0,Quan hệ quốc tế
166715,UEF,quan-he-quoc-te,A01,Điểm học bạ,2024,18.0,Quan hệ quốc tế
166716,UEF,quan-he-quoc-te,D01,Điểm học bạ,2024,18.0,Quan hệ quốc tế
166717,UEF,quan-he-quoc-te,D14,Điểm học bạ,2024,18.0,Quan hệ quốc tế
166718,UEF,quan-he-quoc-te,D15,Điểm học bạ,2024,18.0,Quan hệ quốc tế
166719,UEF,quan-he-quoc-te,A01,Điểm thi THPT,2024,21.0,Quan hệ quốc tế
166720,UEF,quan-he-quoc-te,D01,Điểm thi THPT,2024,21.0,Quan hệ quốc tế
166721,UEF,quan-he-quoc-te,D14,Điểm thi THPT,2024,21.0,Quan hệ quốc tế
166722,UEF,quan-he-quoc-te,D15,Điểm thi THPT,2024,21.0,Quan hệ quốc tế
166723,UEF,quan-he-quoc-te,D01,Điểm học bạ,2025,18.0,Quan hệ quốc tế
166724,UEF,quan-he-quoc-te,D11,Điểm học bạ,2025,18.0,Quan hệ quốc tế
166725,UEF,quan-he-quoc-te,D14,Điểm học bạ,2025,18.0,Quan hệ quốc tế
166726,UEF,quan-he-quoc-te,D15,Điểm học bạ,2025,18.0,Quan hệ quốc tế
166727,UEF,quan-he-quoc-te,D66,Điểm học bạ,2025,18.0,Quan hệ quốc tế
166728,UEF,quan-he-quoc-te,X79,Điểm học bạ,2025,18.0,Quan hệ quốc tế
166729,UEF,quan-he-quoc-te,D01,Điểm thi THPT,2025,15.0,Quan hệ quốc tế
166730,UEF,quan-he-quoc-te,D11,Điểm thi THPT,2025,15.0,Quan hệ quốc tế
166731,UEF,quan-he-quoc-te,D14,Điểm thi THPT,2025,15.0,Quan hệ quốc tế
166732,UEF,quan-he-quoc-te,D15,Điểm thi THPT,2025,15.0,Quan hệ quốc tế
166733,UEF,quan-he-quoc-te,D66,Điểm thi THPT,2025,15.0,Quan hệ quốc tế
166734,UEF,quan-he-quoc-te,X79,Điểm thi THPT,2025,15.0,Quan hệ quốc tế
166735,UEF,quan-tri-dich-vu-du-lich-va-lu-hanh,A00,Điểm học bạ,2021,18.0,Quản trị dịch vụ du lịch và lữ hành
166736,UEF,quan-tri-dich-vu-du-lich-va-lu-hanh,A01,Điểm học bạ,2021,18.0,Quản trị dịch vụ du lịch và lữ hành
166737,UEF,quan-tri-dich-vu-du-lich-va-lu-hanh,C00,Điểm học bạ,2021,18.0,Quản trị dịch vụ du lịch và lữ hành
166738,UEF,quan-tri-dich-vu-du-lich-va-lu-hanh,D01,Điểm học bạ,2021,18.0,Quản trị dịch vụ du lịch và lữ hành
166739,UEF,quan-tri-dich-vu-du-lich-va-lu-hanh,A00,Điểm thi THPT,2021,20.0,Quản trị dịch vụ du lịch và lữ hành
166740,UEF,quan-tri-dich-vu-du-lich-va-lu-hanh,A01,Điểm thi THPT,2021,20.0,Quản trị dịch vụ du lịch và lữ hành
166741,UEF,quan-tri-dich-vu-du-lich-va-lu-hanh,C00,Điểm thi THPT,2021,20.0,Quản trị dịch vụ du lịch và lữ hành
166742,UEF,quan-tri-dich-vu-du-lich-va-lu-hanh,D01,Điểm thi THPT,2021,20.0,Quản trị dịch vụ du lịch và lữ hành
166743,UEF,quan-tri-dich-vu-du-lich-va-lu-hanh,A00,Điểm học bạ,2022,18.0,Quản trị dịch vụ du lịch và lữ hành
166744,UEF,quan-tri-dich-vu-du-lich-va-lu-hanh,A01,Điểm học bạ,2022,18.0,Quản trị dịch vụ du lịch và lữ hành
166745,UEF,quan-tri-dich-vu-du-lich-va-lu-hanh,C00,Điểm học bạ,2022,18.0,Quản trị dịch vụ du lịch và lữ hành
166746,UEF,quan-tri-dich-vu-du-lich-va-lu-hanh,D01,Điểm học bạ,2022,18.0,Quản trị dịch vụ du lịch và lữ hành
166747,UEF,quan-tri-dich-vu-du-lich-va-lu-hanh,A00,Điểm thi THPT,2022,17.0,Quản trị dịch vụ du lịch và lữ hành
166748,UEF,quan-tri-dich-vu-du-lich-va-lu-hanh,A01,Điểm thi THPT,2022,17.0,Quản trị dịch vụ du lịch và lữ hành
166749,UEF,quan-tri-dich-vu-du-lich-va-lu-hanh,C00,Điểm thi THPT,2022,17.0,Quản trị dịch vụ du lịch và lữ hành
166750,UEF,quan-tri-dich-vu-du-lich-va-lu-hanh,D01,Điểm thi THPT,2022,17.0,Quản trị dịch vụ du lịch và lữ hành
166751,UEF,quan-tri-dich-vu-du-lich-va-lu-hanh,A00,Điểm học bạ,2023,18.0,Quản trị dịch vụ du lịch và lữ hành
166752,UEF,quan-tri-dich-vu-du-lich-va-lu-hanh,A01,Điểm học bạ,2023,18.0,Quản trị dịch vụ du lịch và lữ hành
166753,UEF,quan-tri-dich-vu-du-lich-va-lu-hanh,C00,Điểm học bạ,2023,18.0,Quản trị dịch vụ du lịch và lữ hành
166754,UEF,quan-tri-dich-vu-du-lich-va-lu-hanh,D01,Điểm học bạ,2023,18.0,Quản trị dịch vụ du lịch và lữ hành
166755,UEF,quan-tri-dich-vu-du-lich-va-lu-hanh,A00,Điểm thi THPT,2023,16.0,Quản trị dịch vụ du lịch và lữ hành
166756,UEF,quan-tri-dich-vu-du-lich-va-lu-hanh,A01,Điểm thi THPT,2023,16.0,Quản trị dịch vụ du lịch và lữ hành
166757,UEF,quan-tri-dich-vu-du-lich-va-lu-hanh,C00,Điểm thi THPT,2023,16.0,Quản trị dịch vụ du lịch và lữ hành
166758,UEF,quan-tri-dich-vu-du-lich-va-lu-hanh,D01,Điểm thi THPT,2023,16.0,Quản trị dịch vụ du lịch và lữ hành
166759,UEF,quan-tri-dich-vu-du-lich-va-lu-hanh,A00,Điểm học bạ,2024,18.0,Quản trị dịch vụ du lịch và lữ hành
166760,UEF,quan-tri-dich-vu-du-lich-va-lu-hanh,A01,Điểm học bạ,2024,18.0,Quản trị dịch vụ du lịch và lữ hành
166761,UEF,quan-tri-dich-vu-du-lich-va-lu-hanh,C00,Điểm học bạ,2024,18.0,Quản trị dịch vụ du lịch và lữ hành
166762,UEF,quan-tri-dich-vu-du-lich-va-lu-hanh,D01,Điểm học bạ,2024,18.0,Quản trị dịch vụ du lịch và lữ hành
166763,UEF,quan-tri-dich-vu-du-lich-va-lu-hanh,A00,Điểm thi THPT,2024,16.0,Quản trị dịch vụ du lịch và lữ hành
166764,UEF,quan-tri-dich-vu-du-lich-va-lu-hanh,A01,Điểm thi THPT,2024,16.0,Quản trị dịch vụ du lịch và lữ hành
166765,UEF,quan-tri-dich-vu-du-lich-va-lu-hanh,C00,Điểm thi THPT,2024,16.0,Quản trị dịch vụ du lịch và lữ hành
166766,UEF,quan-tri-dich-vu-du-lich-va-lu-hanh,D01,Điểm thi THPT,2024,16.0,Quản trị dịch vụ du lịch và lữ hành
166767,UEF,quan-tri-dich-vu-du-lich-va-lu-hanh,C01,Điểm học bạ,2025,18.0,Quản trị dịch vụ du lịch và lữ hành
166768,UEF,quan-tri-dich-vu-du-lich-va-lu-hanh,C03,Điểm học bạ,2025,18.0,Quản trị dịch vụ du lịch và lữ hành
166769,UEF,quan-tri-dich-vu-du-lich-va-lu-hanh,C04,Điểm học bạ,2025,18.0,Quản trị dịch vụ du lịch và lữ hành
166770,UEF,quan-tri-dich-vu-du-lich-va-lu-hanh,C14,Điểm học bạ,2025,18.0,Quản trị dịch vụ du lịch và lữ hành
166771,UEF,quan-tri-dich-vu-du-lich-va-lu-hanh,D01,Điểm học bạ,2025,18.0,Quản trị dịch vụ du lịch và lữ hành
166772,UEF,quan-tri-dich-vu-du-lich-va-lu-hanh,X02,Điểm học bạ,2025,18.0,Quản trị dịch vụ du lịch và lữ hành
166773,UEF,quan-tri-dich-vu-du-lich-va-lu-hanh,C01,Điểm thi THPT,2025,16.0,Quản trị dịch vụ du lịch và lữ hành
166774,UEF,quan-tri-dich-vu-du-lich-va-lu-hanh,C03,Điểm thi THPT,2025,15.0,Quản trị dịch vụ du lịch và lữ hành
166775,UEF,quan-tri-dich-vu-du-lich-va-lu-hanh,C04,Điểm thi THPT,2025,15.0,Quản trị dịch vụ du lịch và lữ hành
166776,UEF,quan-tri-dich-vu-du-lich-va-lu-hanh,C14,Điểm thi THPT,2025,15.0,Quản trị dịch vụ du lịch và lữ hành
166777,UEF,quan-tri-dich-vu-du-lich-va-lu-hanh,D01,Điểm thi THPT,2025,15.0,Quản trị dịch vụ du lịch và lữ hành
166778,UEF,quan-tri-dich-vu-du-lich-va-lu-hanh,X02,Điểm thi THPT,2025,15.0,Quản trị dịch vụ du lịch và lữ hành
166779,UEF,quan-tri-khach-san,A00,Điểm học bạ,2021,30.0,Quản trị khách sạn
166780,UEF,quan-tri-khach-san,A01,Điểm học bạ,2021,30.0,Quản trị khách sạn
166781,UEF,quan-tri-khach-san,C00,Điểm học bạ,2021,30.0,Quản trị khách sạn
166782,UEF,quan-tri-khach-san,D01,Điểm học bạ,2021,30.0,Quản trị khách sạn
166783,UEF,quan-tri-khach-san,A00,Điểm thi THPT,2021,21.0,Quản trị khách sạn
166784,UEF,quan-tri-khach-san,A01,Điểm thi THPT,2021,21.0,Quản trị khách sạn
166785,UEF,quan-tri-khach-san,C00,Điểm thi THPT,2021,21.0,Quản trị khách sạn
166786,UEF,quan-tri-khach-san,D01,Điểm thi THPT,2021,21.0,Quản trị khách sạn
166787,UEF,quan-tri-khach-san,A00,Điểm học bạ,2022,18.0,Quản trị khách sạn
166788,UEF,quan-tri-khach-san,A01,Điểm học bạ,2022,18.0,Quản trị khách sạn
166789,UEF,quan-tri-khach-san,C00,Điểm học bạ,2022,18.0,Quản trị khách sạn
166790,UEF,quan-tri-khach-san,D01,Điểm học bạ,2022,18.0,Quản trị khách sạn
166791,UEF,quan-tri-khach-san,A00,Điểm thi THPT,2022,17.0,Quản trị khách sạn
166792,UEF,quan-tri-khach-san,A01,Điểm thi THPT,2022,17.0,Quản trị khách sạn
166793,UEF,quan-tri-khach-san,C00,Điểm thi THPT,2022,17.0,Quản trị khách sạn
166794,UEF,quan-tri-khach-san,D01,Điểm thi THPT,2022,17.0,Quản trị khách sạn
166795,UEF,quan-tri-khach-san,A00,Điểm thi THPT,2023,17.0,Quản trị khách sạn
166796,UEF,quan-tri-khach-san,A01,Điểm thi THPT,2023,17.0,Quản trị khách sạn
166797,UEF,quan-tri-khach-san,C00,Điểm thi THPT,2023,17.0,Quản trị khách sạn
166798,UEF,quan-tri-khach-san,D01,Điểm thi THPT,2023,17.0,Quản trị khách sạn
166799,UEF,quan-tri-khach-san,A00,Điểm học bạ,2024,18.0,Quản trị khách sạn
166800,UEF,quan-tri-khach-san,A01,Điểm học bạ,2024,18.0,Quản trị khách sạn
166801,UEF,quan-tri-khach-san,C00,Điểm học bạ,2024,18.0,Quản trị khách sạn
166802,UEF,quan-tri-khach-san,D01,Điểm học bạ,2024,18.0,Quản trị khách sạn
166803,UEF,quan-tri-khach-san,A00,Điểm thi THPT,2024,16.0,Quản trị khách sạn
166804,UEF,quan-tri-khach-san,A01,Điểm thi THPT,2024,16.0,Quản trị khách sạn
166805,UEF,quan-tri-khach-san,C00,Điểm thi THPT,2024,16.0,Quản trị khách sạn
166806,UEF,quan-tri-khach-san,D01,Điểm thi THPT,2024,16.0,Quản trị khách sạn
166807,UEF,quan-tri-khach-san,C01,Điểm học bạ,2025,18.0,Quản trị khách sạn
166808,UEF,quan-tri-khach-san,C03,Điểm học bạ,2025,18.0,Quản trị khách sạn
166809,UEF,quan-tri-khach-san,C04,Điểm học bạ,2025,18.0,Quản trị khách sạn
166810,UEF,quan-tri-khach-san,C14,Điểm học bạ,2025,18.0,Quản trị khách sạn
166811,UEF,quan-tri-khach-san,D01,Điểm học bạ,2025,18.0,Quản trị khách sạn
166812,UEF,quan-tri-khach-san,X02,Điểm học bạ,2025,18.0,Quản trị khách sạn
166813,UEF,quan-tri-khach-san,C01,Điểm thi THPT,2025,16.0,Quản trị khách sạn
166814,UEF,quan-tri-khach-san,C03,Điểm thi THPT,2025,15.0,Quản trị khách sạn
166815,UEF,quan-tri-khach-san,C04,Điểm thi THPT,2025,15.0,Quản trị khách sạn
166816,UEF,quan-tri-khach-san,C14,Điểm thi THPT,2025,15.0,Quản trị khách sạn
166817,UEF,quan-tri-khach-san,D01,Điểm thi THPT,2025,15.0,Quản trị khách sạn
166818,UEF,quan-tri-khach-san,X02,Điểm thi THPT,2025,15.0,Quản trị khách sạn
166819,UEF,quan-tri-kinh-doanh,A00,Điểm học bạ,2021,30.0,Quản trị kinh doanh
166820,UEF,quan-tri-kinh-doanh,A01,Điểm học bạ,2021,30.0,Quản trị kinh doanh
166821,UEF,quan-tri-kinh-doanh,C00,Điểm học bạ,2021,30.0,Quản trị kinh doanh
166822,UEF,quan-tri-kinh-doanh,D01,Điểm học bạ,2021,30.0,Quản trị kinh doanh
166823,UEF,quan-tri-kinh-doanh,A00,Điểm thi THPT,2021,22.0,Quản trị kinh doanh
166824,UEF,quan-tri-kinh-doanh,A01,Điểm thi THPT,2021,22.0,Quản trị kinh doanh
166825,UEF,quan-tri-kinh-doanh,C00,Điểm thi THPT,2021,22.0,Quản trị kinh doanh
166826,UEF,quan-tri-kinh-doanh,D01,Điểm thi THPT,2021,22.0,Quản trị kinh doanh
166827,UEF,quan-tri-kinh-doanh,A00,Điểm học bạ,2022,18.0,Quản trị kinh doanh
166828,UEF,quan-tri-kinh-doanh,A01,Điểm học bạ,2022,18.0,Quản trị kinh doanh
166829,UEF,quan-tri-kinh-doanh,C00,Điểm học bạ,2022,18.0,Quản trị kinh doanh
166830,UEF,quan-tri-kinh-doanh,D01,Điểm học bạ,2022,18.0,Quản trị kinh doanh
166831,UEF,quan-tri-kinh-doanh,A00,Điểm thi THPT,2022,18.0,Quản trị kinh doanh
166832,UEF,quan-tri-kinh-doanh,A01,Điểm thi THPT,2022,18.0,Quản trị kinh doanh
166833,UEF,quan-tri-kinh-doanh,C00,Điểm thi THPT,2022,18.0,Quản trị kinh doanh
166834,UEF,quan-tri-kinh-doanh,D01,Điểm thi THPT,2022,18.0,Quản trị kinh doanh
166835,UEF,quan-tri-kinh-doanh,A00,Điểm học bạ,2023,18.0,Quản trị kinh doanh
166836,UEF,quan-tri-kinh-doanh,A01,Điểm học bạ,2023,18.0,Quản trị kinh doanh
166837,UEF,quan-tri-kinh-doanh,C00,Điểm học bạ,2023,18.0,Quản trị kinh doanh
166838,UEF,quan-tri-kinh-doanh,D01,Điểm học bạ,2023,18.0,Quản trị kinh doanh
166839,UEF,quan-tri-kinh-doanh,A00,Điểm thi THPT,2023,18.0,Quản trị kinh doanh
166840,UEF,quan-tri-kinh-doanh,A01,Điểm thi THPT,2023,18.0,Quản trị kinh doanh
166841,UEF,quan-tri-kinh-doanh,C00,Điểm thi THPT,2023,18.0,Quản trị kinh doanh
166842,UEF,quan-tri-kinh-doanh,D01,Điểm thi THPT,2023,18.0,Quản trị kinh doanh
166843,UEF,quan-tri-kinh-doanh,A00,Điểm học bạ,2024,18.0,Quản trị kinh doanh
166844,UEF,quan-tri-kinh-doanh,A01,Điểm học bạ,2024,18.0,Quản trị kinh doanh
166845,UEF,quan-tri-kinh-doanh,C00,Điểm học bạ,2024,18.0,Quản trị kinh doanh
166846,UEF,quan-tri-kinh-doanh,D01,Điểm học bạ,2024,18.0,Quản trị kinh doanh
166847,UEF,quan-tri-kinh-doanh,A00,Điểm thi THPT,2024,17.0,Quản trị kinh doanh
166848,UEF,quan-tri-kinh-doanh,A01,Điểm thi THPT,2024,17.0,Quản trị kinh doanh
166849,UEF,quan-tri-kinh-doanh,C00,Điểm thi THPT,2024,17.0,Quản trị kinh doanh
166850,UEF,quan-tri-kinh-doanh,D01,Điểm thi THPT,2024,17.0,Quản trị kinh doanh
166851,UEF,quan-tri-kinh-doanh,C01,Điểm học bạ,2025,18.0,Quản trị kinh doanh
166852,UEF,quan-tri-kinh-doanh,C03,Điểm học bạ,2025,18.0,Quản trị kinh doanh
166853,UEF,quan-tri-kinh-doanh,C04,Điểm học bạ,2025,18.0,Quản trị kinh doanh
166854,UEF,quan-tri-kinh-doanh,C14,Điểm học bạ,2025,18.0,Quản trị kinh doanh
166855,UEF,quan-tri-kinh-doanh,D01,Điểm học bạ,2025,18.0,Quản trị kinh doanh
166856,UEF,quan-tri-kinh-doanh,X02,Điểm học bạ,2025,18.0,Quản trị kinh doanh
166857,UEF,quan-tri-kinh-doanh,C01,Điểm thi THPT,2025,16.0,Quản trị kinh doanh
166858,UEF,quan-tri-kinh-doanh,C03,Điểm thi THPT,2025,15.0,Quản trị kinh doanh
166859,UEF,quan-tri-kinh-doanh,C04,Điểm thi THPT,2025,15.0,Quản trị kinh doanh
166860,UEF,quan-tri-kinh-doanh,C14,Điểm thi THPT,2025,15.0,Quản trị kinh doanh
166861,UEF,quan-tri-kinh-doanh,D01,Điểm thi THPT,2025,15.0,Quản trị kinh doanh
166862,UEF,quan-tri-kinh-doanh,X02,Điểm thi THPT,2025,15.0,Quản trị kinh doanh
166863,UEF,quan-tri-nha-hang-va-dich-vu-an-uong,A00,Điểm học bạ,2021,18.0,Quản trị nhà hàng và dịch vụ ăn uống
166864,UEF,quan-tri-nha-hang-va-dich-vu-an-uong,A01,Điểm học bạ,2021,18.0,Quản trị nhà hàng và dịch vụ ăn uống
166865,UEF,quan-tri-nha-hang-va-dich-vu-an-uong,C00,Điểm học bạ,2021,18.0,Quản trị nhà hàng và dịch vụ ăn uống
166866,UEF,quan-tri-nha-hang-va-dich-vu-an-uong,D01,Điểm học bạ,2021,18.0,Quản trị nhà hàng và dịch vụ ăn uống
166867,UEF,quan-tri-nha-hang-va-dich-vu-an-uong,A00,Điểm thi THPT,2021,20.0,Quản trị nhà hàng và dịch vụ ăn uống
166868,UEF,quan-tri-nha-hang-va-dich-vu-an-uong,A01,Điểm thi THPT,2021,20.0,Quản trị nhà hàng và dịch vụ ăn uống
166869,UEF,quan-tri-nha-hang-va-dich-vu-an-uong,C00,Điểm thi THPT,2021,20.0,Quản trị nhà hàng và dịch vụ ăn uống
166870,UEF,quan-tri-nha-hang-va-dich-vu-an-uong,D01,Điểm thi THPT,2021,20.0,Quản trị nhà hàng và dịch vụ ăn uống
166871,UEF,quan-tri-nha-hang-va-dich-vu-an-uong,A00,Điểm học bạ,2022,18.0,Quản trị nhà hàng và dịch vụ ăn uống
166872,UEF,quan-tri-nha-hang-va-dich-vu-an-uong,A01,Điểm học bạ,2022,18.0,Quản trị nhà hàng và dịch vụ ăn uống
166873,UEF,quan-tri-nha-hang-va-dich-vu-an-uong,C00,Điểm học bạ,2022,18.0,Quản trị nhà hàng và dịch vụ ăn uống
166874,UEF,quan-tri-nha-hang-va-dich-vu-an-uong,D01,Điểm học bạ,2022,18.0,Quản trị nhà hàng và dịch vụ ăn uống
166875,UEF,quan-tri-nha-hang-va-dich-vu-an-uong,A00,Điểm thi THPT,2022,19.0,Quản trị nhà hàng và dịch vụ ăn uống
166876,UEF,quan-tri-nha-hang-va-dich-vu-an-uong,A01,Điểm thi THPT,2022,19.0,Quản trị nhà hàng và dịch vụ ăn uống
166877,UEF,quan-tri-nha-hang-va-dich-vu-an-uong,C00,Điểm thi THPT,2022,19.0,Quản trị nhà hàng và dịch vụ ăn uống
166878,UEF,quan-tri-nha-hang-va-dich-vu-an-uong,D01,Điểm thi THPT,2022,19.0,Quản trị nhà hàng và dịch vụ ăn uống
166879,UEF,quan-tri-nha-hang-va-dich-vu-an-uong,A00,Điểm học bạ,2023,18.0,Quản trị nhà hàng và dịch vụ ăn uống
166880,UEF,quan-tri-nha-hang-va-dich-vu-an-uong,A01,Điểm học bạ,2023,18.0,Quản trị nhà hàng và dịch vụ ăn uống
166881,UEF,quan-tri-nha-hang-va-dich-vu-an-uong,C00,Điểm học bạ,2023,18.0,Quản trị nhà hàng và dịch vụ ăn uống
166882,UEF,quan-tri-nha-hang-va-dich-vu-an-uong,D01,Điểm học bạ,2023,18.0,Quản trị nhà hàng và dịch vụ ăn uống
166883,UEF,quan-tri-nha-hang-va-dich-vu-an-uong,A00,Điểm thi THPT,2023,16.0,Quản trị nhà hàng và Dịch vụ ăn uống
166884,UEF,quan-tri-nha-hang-va-dich-vu-an-uong,A01,Điểm thi THPT,2023,16.0,Quản trị nhà hàng và Dịch vụ ăn uống
166885,UEF,quan-tri-nha-hang-va-dich-vu-an-uong,C00,Điểm thi THPT,2023,16.0,Quản trị nhà hàng và Dịch vụ ăn uống
166886,UEF,quan-tri-nha-hang-va-dich-vu-an-uong,D01,Điểm thi THPT,2023,16.0,Quản trị nhà hàng và Dịch vụ ăn uống
166887,UEF,quan-tri-nha-hang-va-dich-vu-an-uong,A00,Điểm học bạ,2024,18.0,Quản trị nhà hàng và dịch vụ ăn uống
166888,UEF,quan-tri-nha-hang-va-dich-vu-an-uong,A01,Điểm học bạ,2024,18.0,Quản trị nhà hàng và dịch vụ ăn uống
166889,UEF,quan-tri-nha-hang-va-dich-vu-an-uong,C00,Điểm học bạ,2024,18.0,Quản trị nhà hàng và dịch vụ ăn uống
166890,UEF,quan-tri-nha-hang-va-dich-vu-an-uong,D01,Điểm học bạ,2024,18.0,Quản trị nhà hàng và dịch vụ ăn uống
166891,UEF,quan-tri-nha-hang-va-dich-vu-an-uong,A00,Điểm thi THPT,2024,16.0,Quản trị nhà hàng và dịch vụ ăn uống
166892,UEF,quan-tri-nha-hang-va-dich-vu-an-uong,A01,Điểm thi THPT,2024,16.0,Quản trị nhà hàng và dịch vụ ăn uống
166893,UEF,quan-tri-nha-hang-va-dich-vu-an-uong,C00,Điểm thi THPT,2024,16.0,Quản trị nhà hàng và dịch vụ ăn uống
166894,UEF,quan-tri-nha-hang-va-dich-vu-an-uong,D01,Điểm thi THPT,2024,16.0,Quản trị nhà hàng và dịch vụ ăn uống
166895,UEF,quan-tri-nha-hang-va-dich-vu-an-uong,C01,Điểm học bạ,2025,18.0,Quản trị nhà hàng và dịch vụ ăn uống
166896,UEF,quan-tri-nha-hang-va-dich-vu-an-uong,C03,Điểm học bạ,2025,18.0,Quản trị nhà hàng và dịch vụ ăn uống
166897,UEF,quan-tri-nha-hang-va-dich-vu-an-uong,C04,Điểm học bạ,2025,18.0,Quản trị nhà hàng và dịch vụ ăn uống
166898,UEF,quan-tri-nha-hang-va-dich-vu-an-uong,C14,Điểm học bạ,2025,18.0,Quản trị nhà hàng và dịch vụ ăn uống
166899,UEF,quan-tri-nha-hang-va-dich-vu-an-uong,D01,Điểm học bạ,2025,18.0,Quản trị nhà hàng và dịch vụ ăn uống
166900,UEF,quan-tri-nha-hang-va-dich-vu-an-uong,X02,Điểm học bạ,2025,18.0,Quản trị nhà hàng và dịch vụ ăn uống
166901,UEF,quan-tri-nha-hang-va-dich-vu-an-uong,C01,Điểm thi THPT,2025,16.0,Quản trị nhà hàng và dịch vụ ăn uống
166902,UEF,quan-tri-nha-hang-va-dich-vu-an-uong,C03,Điểm thi THPT,2025,15.0,Quản trị nhà hàng và dịch vụ ăn uống
166903,UEF,quan-tri-nha-hang-va-dich-vu-an-uong,C04,Điểm thi THPT,2025,15.0,Quản trị nhà hàng và dịch vụ ăn uống
166904,UEF,quan-tri-nha-hang-va-dich-vu-an-uong,C14,Điểm thi THPT,2025,15.0,Quản trị nhà hàng và dịch vụ ăn uống
166905,UEF,quan-tri-nha-hang-va-dich-vu-an-uong,D01,Điểm thi THPT,2025,15.0,Quản trị nhà hàng và dịch vụ ăn uống
166906,UEF,quan-tri-nha-hang-va-dich-vu-an-uong,X02,Điểm thi THPT,2025,15.0,Quản trị nhà hàng và dịch vụ ăn uống
166907,UEF,quan-tri-nhan-luc,A00,Điểm học bạ,2021,18.0,Quản trị nhân lực
166908,UEF,quan-tri-nhan-luc,A01,Điểm học bạ,2021,18.0,Quản trị nhân lực
166909,UEF,quan-tri-nhan-luc,C00,Điểm học bạ,2021,18.0,Quản trị nhân lực
166910,UEF,quan-tri-nhan-luc,D01,Điểm học bạ,2021,18.0,Quản trị nhân lực
166911,UEF,quan-tri-nhan-luc,A00,Điểm thi THPT,2021,22.0,Quản trị nhân lực
166912,UEF,quan-tri-nhan-luc,A01,Điểm thi THPT,2021,22.0,Quản trị nhân lực
166913,UEF,quan-tri-nhan-luc,C00,Điểm thi THPT,2021,22.0,Quản trị nhân lực
166914,UEF,quan-tri-nhan-luc,D01,Điểm thi THPT,2021,22.0,Quản trị nhân lực
166915,UEF,quan-tri-nhan-luc,A00,Điểm học bạ,2022,18.0,Quản trị nhân lực
166916,UEF,quan-tri-nhan-luc,A01,Điểm học bạ,2022,18.0,Quản trị nhân lực
166917,UEF,quan-tri-nhan-luc,C00,Điểm học bạ,2022,18.0,Quản trị nhân lực
166918,UEF,quan-tri-nhan-luc,D01,Điểm học bạ,2022,18.0,Quản trị nhân lực
166919,UEF,quan-tri-nhan-luc,A00,Điểm thi THPT,2022,19.0,Quản trị nhân lực
166920,UEF,quan-tri-nhan-luc,A01,Điểm thi THPT,2022,19.0,Quản trị nhân lực
166921,UEF,quan-tri-nhan-luc,C00,Điểm thi THPT,2022,19.0,Quản trị nhân lực
166922,UEF,quan-tri-nhan-luc,D01,Điểm thi THPT,2022,19.0,Quản trị nhân lực
166923,UEF,quan-tri-nhan-luc,A00,Điểm học bạ,2023,18.0,Quản trị nhân lực
166924,UEF,quan-tri-nhan-luc,A01,Điểm học bạ,2023,18.0,Quản trị nhân lực
166925,UEF,quan-tri-nhan-luc,C00,Điểm học bạ,2023,18.0,Quản trị nhân lực
166926,UEF,quan-tri-nhan-luc,D01,Điểm học bạ,2023,18.0,Quản trị nhân lực
166927,UEF,quan-tri-nhan-luc,A00,Điểm thi THPT,2023,17.0,Quản trị nhân lực
166928,UEF,quan-tri-nhan-luc,A01,Điểm thi THPT,2023,17.0,Quản trị nhân lực
166929,UEF,quan-tri-nhan-luc,C00,Điểm thi THPT,2023,17.0,Quản trị nhân lực
166930,UEF,quan-tri-nhan-luc,D01,Điểm thi THPT,2023,17.0,Quản trị nhân lực
166931,UEF,quan-tri-nhan-luc,A00,Điểm học bạ,2024,18.0,Quản trị nhân lực
166932,UEF,quan-tri-nhan-luc,A01,Điểm học bạ,2024,18.0,Quản trị nhân lực
166933,UEF,quan-tri-nhan-luc,C00,Điểm học bạ,2024,18.0,Quản trị nhân lực
166934,UEF,quan-tri-nhan-luc,D01,Điểm học bạ,2024,18.0,Quản trị nhân lực
166935,UEF,quan-tri-nhan-luc,A00,Điểm thi THPT,2024,17.0,Quản trị nhân lực
166936,UEF,quan-tri-nhan-luc,A01,Điểm thi THPT,2024,17.0,Quản trị nhân lực
166937,UEF,quan-tri-nhan-luc,C00,Điểm thi THPT,2024,17.0,Quản trị nhân lực
166938,UEF,quan-tri-nhan-luc,D01,Điểm thi THPT,2024,17.0,Quản trị nhân lực
166939,UEF,quan-tri-nhan-luc,C01,Điểm học bạ,2025,18.0,Quản trị nhân lực
166940,UEF,quan-tri-nhan-luc,C03,Điểm học bạ,2025,18.0,Quản trị nhân lực
166941,UEF,quan-tri-nhan-luc,C04,Điểm học bạ,2025,18.0,Quản trị nhân lực
166942,UEF,quan-tri-nhan-luc,C14,Điểm học bạ,2025,18.0,Quản trị nhân lực
166943,UEF,quan-tri-nhan-luc,D01,Điểm học bạ,2025,18.0,Quản trị nhân lực
166944,UEF,quan-tri-nhan-luc,X02,Điểm học bạ,2025,18.0,Quản trị nhân lực
166945,UEF,quan-tri-nhan-luc,C01,Điểm thi THPT,2025,16.0,Quản trị nhân lực
166946,UEF,quan-tri-nhan-luc,C03,Điểm thi THPT,2025,15.0,Quản trị nhân lực
166947,UEF,quan-tri-nhan-luc,C04,Điểm thi THPT,2025,15.0,Quản trị nhân lực
166948,UEF,quan-tri-nhan-luc,C14,Điểm thi THPT,2025,15.0,Quản trị nhân lực
166949,UEF,quan-tri-nhan-luc,D01,Điểm thi THPT,2025,15.0,Quản trị nhân lực
166950,UEF,quan-tri-nhan-luc,X02,Điểm thi THPT,2025,15.0,Quản trị nhân lực
166951,UEF,quan-tri-su-kien,A00,Điểm học bạ,2022,18.0,Quản trị sự kiện
166952,UEF,quan-tri-su-kien,A01,Điểm học bạ,2022,18.0,Quản trị sự kiện
166953,UEF,quan-tri-su-kien,C00,Điểm học bạ,2022,18.0,Quản trị sự kiện
166954,UEF,quan-tri-su-kien,D01,Điểm học bạ,2022,18.0,Quản trị sự kiện
166955,UEF,quan-tri-su-kien,A00,Điểm thi THPT,2022,17.0,Quản trị sự kiện
166956,UEF,quan-tri-su-kien,A01,Điểm thi THPT,2022,17.0,Quản trị sự kiện
166957,UEF,quan-tri-su-kien,C00,Điểm thi THPT,2022,17.0,Quản trị sự kiện
166958,UEF,quan-tri-su-kien,D01,Điểm thi THPT,2022,17.0,Quản trị sự kiện
166959,UEF,quan-tri-su-kien,A00,Điểm học bạ,2023,18.0,Quản trị sự kiện
166960,UEF,quan-tri-su-kien,A01,Điểm học bạ,2023,18.0,Quản trị sự kiện
166961,UEF,quan-tri-su-kien,C00,Điểm học bạ,2023,18.0,Quản trị sự kiện
166962,UEF,quan-tri-su-kien,D01,Điểm học bạ,2023,18.0,Quản trị sự kiện
166963,UEF,quan-tri-su-kien,A00,Điểm thi THPT,2023,16.0,Quản trị sự kiện
166964,UEF,quan-tri-su-kien,A01,Điểm thi THPT,2023,16.0,Quản trị sự kiện
166965,UEF,quan-tri-su-kien,C00,Điểm thi THPT,2023,16.0,Quản trị sự kiện
166966,UEF,quan-tri-su-kien,D01,Điểm thi THPT,2023,16.0,Quản trị sự kiện
166967,UEF,quan-tri-su-kien,A00,Điểm học bạ,2024,18.0,Quản trị sự kiện
166968,UEF,quan-tri-su-kien,A01,Điểm học bạ,2024,18.0,Quản trị sự kiện
166969,UEF,quan-tri-su-kien,C00,Điểm học bạ,2024,18.0,Quản trị sự kiện
166970,UEF,quan-tri-su-kien,D01,Điểm học bạ,2024,18.0,Quản trị sự kiện
166971,UEF,quan-tri-su-kien,A00,Điểm thi THPT,2024,16.0,Quản trị sự kiện
166972,UEF,quan-tri-su-kien,A01,Điểm thi THPT,2024,16.0,Quản trị sự kiện
166973,UEF,quan-tri-su-kien,C00,Điểm thi THPT,2024,16.0,Quản trị sự kiện
166974,UEF,quan-tri-su-kien,D01,Điểm thi THPT,2024,16.0,Quản trị sự kiện
166975,UEF,quan-tri-su-kien,C01,Điểm học bạ,2025,18.0,Quản trị sự kiện
166976,UEF,quan-tri-su-kien,C03,Điểm học bạ,2025,18.0,Quản trị sự kiện
166977,UEF,quan-tri-su-kien,C04,Điểm học bạ,2025,18.0,Quản trị sự kiện
166978,UEF,quan-tri-su-kien,C14,Điểm học bạ,2025,18.0,Quản trị sự kiện
166979,UEF,quan-tri-su-kien,D01,Điểm học bạ,2025,18.0,Quản trị sự kiện
166980,UEF,quan-tri-su-kien,X02,Điểm học bạ,2025,18.0,Quản trị sự kiện
166981,UEF,quan-tri-su-kien,C01,Điểm thi THPT,2025,16.0,Quản trị sự kiện
166982,UEF,quan-tri-su-kien,C03,Điểm thi THPT,2025,15.0,Quản trị sự kiện
166983,UEF,quan-tri-su-kien,C04,Điểm thi THPT,2025,15.0,Quản trị sự kiện
166984,UEF,quan-tri-su-kien,C14,Điểm thi THPT,2025,15.0,Quản trị sự kiện
166985,UEF,quan-tri-su-kien,D01,Điểm thi THPT,2025,15.0,Quản trị sự kiện
166986,UEF,quan-tri-su-kien,X02,Điểm thi THPT,2025,15.0,Quản trị sự kiện
166987,UEF,quan-tri-van-phong,A00,Điểm học bạ,2022,18.0,Quản trị văn phòng
166988,UEF,quan-tri-van-phong,A01,Điểm học bạ,2022,18.0,Quản trị văn phòng
166989,UEF,quan-tri-van-phong,C00,Điểm học bạ,2022,18.0,Quản trị văn phòng
166990,UEF,quan-tri-van-phong,D01,Điểm học bạ,2022,18.0,Quản trị văn phòng
166991,UEF,quan-tri-van-phong,A00,Điểm thi THPT,2022,18.0,Quản trị văn phòng
166992,UEF,quan-tri-van-phong,A01,Điểm thi THPT,2022,18.0,Quản trị văn phòng
166993,UEF,quan-tri-van-phong,C00,Điểm thi THPT,2022,18.0,Quản trị văn phòng
166994,UEF,quan-tri-van-phong,D01,Điểm thi THPT,2022,18.0,Quản trị văn phòng
166995,UEF,quang-cao,A00,Điểm học bạ,2021,30.0,Quảng cáo
166996,UEF,quang-cao,A01,Điểm học bạ,2021,30.0,Quảng cáo
166997,UEF,quang-cao,C00,Điểm học bạ,2021,30.0,Quảng cáo
166998,UEF,quang-cao,D01,Điểm học bạ,2021,30.0,Quảng cáo
166999,UEF,quang-cao,A00,Điểm thi THPT,2021,19.0,Quảng cáo
167000,UEF,quang-cao,A01,Điểm thi THPT,2021,19.0,Quảng cáo
167001,UEF,quang-cao,C00,Điểm thi THPT,2021,19.0,Quảng cáo
167002,UEF,quang-cao,D01,Điểm thi THPT,2021,19.0,Quảng cáo
167003,UEF,quang-cao,A00,Điểm học bạ,2022,18.0,Quảng cáo
167004,UEF,quang-cao,A01,Điểm học bạ,2022,18.0,Quảng cáo
167005,UEF,quang-cao,C00,Điểm học bạ,2022,18.0,Quảng cáo
167006,UEF,quang-cao,D01,Điểm học bạ,2022,18.0,Quảng cáo
167007,UEF,quang-cao,A00,Điểm thi THPT,2022,19.0,Quảng cáo
167008,UEF,quang-cao,A01,Điểm thi THPT,2022,19.0,Quảng cáo
167009,UEF,quang-cao,C00,Điểm thi THPT,2022,19.0,Quảng cáo
167010,UEF,quang-cao,D01,Điểm thi THPT,2022,19.0,Quảng cáo
167011,UEF,tai-chinh-ngan-hang,A00,Điểm học bạ,2021,30.0,Tài chính - Ngân hàng
167012,UEF,tai-chinh-ngan-hang,A01,Điểm học bạ,2021,30.0,Tài chính - Ngân hàng
167013,UEF,tai-chinh-ngan-hang,C01,Điểm học bạ,2021,30.0,Tài chính - Ngân hàng
167014,UEF,tai-chinh-ngan-hang,D01,Điểm học bạ,2021,30.0,Tài chính - Ngân hàng
167015,UEF,tai-chinh-ngan-hang,A00,Điểm thi THPT,2021,20.0,Tài chính - Ngân hàng
167016,UEF,tai-chinh-ngan-hang,A01,Điểm thi THPT,2021,20.0,Tài chính - Ngân hàng
167017,UEF,tai-chinh-ngan-hang,C01,Điểm thi THPT,2021,20.0,Tài chính - Ngân hàng
167018,UEF,tai-chinh-ngan-hang,D01,Điểm thi THPT,2021,20.0,Tài chính - Ngân hàng
167019,UEF,tai-chinh-ngan-hang,A00,Điểm học bạ,2022,18.0,Tài chính - Ngân hàng
167020,UEF,tai-chinh-ngan-hang,A01,Điểm học bạ,2022,18.0,Tài chính - Ngân hàng
167021,UEF,tai-chinh-ngan-hang,C01,Điểm học bạ,2022,18.0,Tài chính - Ngân hàng
167022,UEF,tai-chinh-ngan-hang,D01,Điểm học bạ,2022,18.0,Tài chính - Ngân hàng
167023,UEF,tai-chinh-ngan-hang,A00,Điểm thi THPT,2022,18.0,Tài chính - Ngân hàng
167024,UEF,tai-chinh-ngan-hang,A01,Điểm thi THPT,2022,18.0,Tài chính - Ngân hàng
167025,UEF,tai-chinh-ngan-hang,C01,Điểm thi THPT,2022,18.0,Tài chính - Ngân hàng
167026,UEF,tai-chinh-ngan-hang,D01,Điểm thi THPT,2022,18.0,Tài chính - Ngân hàng
167027,UEF,tai-chinh-ngan-hang,A00,Điểm học bạ,2023,18.0,Tài chính - Ngân hàng
167028,UEF,tai-chinh-ngan-hang,A01,Điểm học bạ,2023,18.0,Tài chính - Ngân hàng
167029,UEF,tai-chinh-ngan-hang,C01,Điểm học bạ,2023,18.0,Tài chính - Ngân hàng
167030,UEF,tai-chinh-ngan-hang,D01,Điểm học bạ,2023,18.0,Tài chính - Ngân hàng
167031,UEF,tai-chinh-ngan-hang,A00,Điểm thi THPT,2023,18.0,Tài chính - Ngân hàng
167032,UEF,tai-chinh-ngan-hang,A01,Điểm thi THPT,2023,18.0,Tài chính - Ngân hàng
167033,UEF,tai-chinh-ngan-hang,C01,Điểm thi THPT,2023,18.0,Tài chính - Ngân hàng
167034,UEF,tai-chinh-ngan-hang,D01,Điểm thi THPT,2023,18.0,Tài chính - Ngân hàng
167035,UEF,tai-chinh-ngan-hang,A00,Điểm học bạ,2024,18.0,Tài chính - Ngân hàng
167036,UEF,tai-chinh-ngan-hang,A01,Điểm học bạ,2024,18.0,Tài chính - Ngân hàng
167037,UEF,tai-chinh-ngan-hang,C01,Điểm học bạ,2024,18.0,Tài chính - Ngân hàng
167038,UEF,tai-chinh-ngan-hang,D01,Điểm học bạ,2024,18.0,Tài chính - Ngân hàng
167039,UEF,tai-chinh-ngan-hang,A00,Điểm thi THPT,2024,16.0,Tài chính - Ngân hàng
167040,UEF,tai-chinh-ngan-hang,A01,Điểm thi THPT,2024,16.0,Tài chính - Ngân hàng
167041,UEF,tai-chinh-ngan-hang,C01,Điểm thi THPT,2024,16.0,Tài chính - Ngân hàng
167042,UEF,tai-chinh-ngan-hang,D01,Điểm thi THPT,2024,16.0,Tài chính - Ngân hàng
167043,UEF,tai-chinh-ngan-hang,C01,Điểm học bạ,2025,19.0,Tài chính - ngân hàng
167044,UEF,tai-chinh-ngan-hang,C03,Điểm học bạ,2025,18.0,Tài chính - ngân hàng
167045,UEF,tai-chinh-ngan-hang,C04,Điểm học bạ,2025,18.0,Tài chính - ngân hàng
167046,UEF,tai-chinh-ngan-hang,C14,Điểm học bạ,2025,18.0,Tài chính - ngân hàng
167047,UEF,tai-chinh-ngan-hang,D01,Điểm học bạ,2025,18.0,Tài chính - ngân hàng
167048,UEF,tai-chinh-ngan-hang,X02,Điểm học bạ,2025,18.0,Tài chính - ngân hàng
167049,UEF,tai-chinh-ngan-hang,C01,Điểm thi THPT,2025,16.0,Tài chính - ngân hàng
167050,UEF,tai-chinh-ngan-hang,C03,Điểm thi THPT,2025,15.0,Tài chính - ngân hàng
167051,UEF,tai-chinh-ngan-hang,C04,Điểm thi THPT,2025,15.0,Tài chính - ngân hàng
167052,UEF,tai-chinh-ngan-hang,C14,Điểm thi THPT,2025,15.0,Tài chính - ngân hàng
167053,UEF,tai-chinh-ngan-hang,D01,Điểm thi THPT,2025,15.0,Tài chính - ngân hàng
167054,UEF,tai-chinh-ngan-hang,X02,Điểm thi THPT,2025,15.0,Tài chính - ngân hàng
167055,UEF,tai-chinh-quoc-te,A00,Điểm học bạ,2021,30.0,Tài chính quốc tế
167056,UEF,tai-chinh-quoc-te,A01,Điểm học bạ,2021,30.0,Tài chính quốc tế
167057,UEF,tai-chinh-quoc-te,C01,Điểm học bạ,2021,30.0,Tài chính quốc tế
167058,UEF,tai-chinh-quoc-te,D01,Điểm học bạ,2021,30.0,Tài chính quốc tế
167059,UEF,tai-chinh-quoc-te,A00,Điểm thi THPT,2021,20.0,Tài chính quốc tế
167060,UEF,tai-chinh-quoc-te,A01,Điểm thi THPT,2021,20.0,Tài chính quốc tế
167061,UEF,tai-chinh-quoc-te,C01,Điểm thi THPT,2021,20.0,Tài chính quốc tế
167062,UEF,tai-chinh-quoc-te,D01,Điểm thi THPT,2021,20.0,Tài chính quốc tế
167063,UEF,tai-chinh-quoc-te,A00,Điểm học bạ,2022,18.0,Tài chính quốc tế
167064,UEF,tai-chinh-quoc-te,A01,Điểm học bạ,2022,18.0,Tài chính quốc tế
167065,UEF,tai-chinh-quoc-te,C01,Điểm học bạ,2022,18.0,Tài chính quốc tế
167066,UEF,tai-chinh-quoc-te,D01,Điểm học bạ,2022,18.0,Tài chính quốc tế
167067,UEF,tai-chinh-quoc-te,A00,Điểm thi THPT,2022,18.0,Tài chính quốc tế
167068,UEF,tai-chinh-quoc-te,A01,Điểm thi THPT,2022,18.0,Tài chính quốc tế
167069,UEF,tai-chinh-quoc-te,C01,Điểm thi THPT,2022,18.0,Tài chính quốc tế
167070,UEF,tai-chinh-quoc-te,D01,Điểm thi THPT,2022,18.0,Tài chính quốc tế
167071,UEF,tai-chinh-quoc-te,A00,Điểm học bạ,2023,18.0,Tài chính quốc tế
167072,UEF,tai-chinh-quoc-te,A01,Điểm học bạ,2023,18.0,Tài chính quốc tế
167073,UEF,tai-chinh-quoc-te,C01,Điểm học bạ,2023,18.0,Tài chính quốc tế
167074,UEF,tai-chinh-quoc-te,D01,Điểm học bạ,2023,18.0,Tài chính quốc tế
167075,UEF,tai-chinh-quoc-te,A00,Điểm thi THPT,2023,19.0,Tài chính quốc tế
167076,UEF,tai-chinh-quoc-te,A01,Điểm thi THPT,2023,19.0,Tài chính quốc tế
167077,UEF,tai-chinh-quoc-te,C01,Điểm thi THPT,2023,19.0,Tài chính quốc tế
167078,UEF,tai-chinh-quoc-te,D01,Điểm thi THPT,2023,19.0,Tài chính quốc tế
167079,UEF,tai-chinh-quoc-te,A00,Điểm học bạ,2024,18.0,Tài chính quốc tế
167080,UEF,tai-chinh-quoc-te,A01,Điểm học bạ,2024,18.0,Tài chính quốc tế
167081,UEF,tai-chinh-quoc-te,C01,Điểm học bạ,2024,18.0,Tài chính quốc tế
167082,UEF,tai-chinh-quoc-te,D01,Điểm học bạ,2024,18.0,Tài chính quốc tế
167083,UEF,tai-chinh-quoc-te,A00,Điểm thi THPT,2024,20.0,Tài chính quốc tế
167084,UEF,tai-chinh-quoc-te,A01,Điểm thi THPT,2024,20.0,Tài chính quốc tế
167085,UEF,tai-chinh-quoc-te,C01,Điểm thi THPT,2024,20.0,Tài chính quốc tế
167086,UEF,tai-chinh-quoc-te,D01,Điểm thi THPT,2024,20.0,Tài chính quốc tế
167087,UEF,tai-chinh-quoc-te,C01,Điểm học bạ,2025,18.0,Tài chính quốc tế
167088,UEF,tai-chinh-quoc-te,C03,Điểm học bạ,2025,18.0,Tài chính quốc tế
167089,UEF,tai-chinh-quoc-te,C04,Điểm học bạ,2025,18.0,Tài chính quốc tế
167090,UEF,tai-chinh-quoc-te,C14,Điểm học bạ,2025,18.0,Tài chính quốc tế
167091,UEF,tai-chinh-quoc-te,D01,Điểm học bạ,2025,18.0,Tài chính quốc tế
167092,UEF,tai-chinh-quoc-te,X02,Điểm học bạ,2025,18.0,Tài chính quốc tế
167093,UEF,tai-chinh-quoc-te,C01,Điểm thi THPT,2025,16.0,Tài chính quốc tế
167094,UEF,tai-chinh-quoc-te,C03,Điểm thi THPT,2025,15.0,Tài chính quốc tế
167095,UEF,tai-chinh-quoc-te,C04,Điểm thi THPT,2025,15.0,Tài chính quốc tế
167096,UEF,tai-chinh-quoc-te,C14,Điểm thi THPT,2025,15.0,Tài chính quốc tế
167097,UEF,tai-chinh-quoc-te,D01,Điểm thi THPT,2025,15.0,Tài chính quốc tế
167098,UEF,tai-chinh-quoc-te,X02,Điểm thi THPT,2025,15.0,Tài chính quốc tế
167099,UEF,tam-ly-hoc,C00,Điểm học bạ,2021,30.0,Tâm lý học
167100,UEF,tam-ly-hoc,D01,Điểm học bạ,2021,30.0,Tâm lý học
167101,UEF,tam-ly-hoc,D14,Điểm học bạ,2021,30.0,Tâm lý học
167102,UEF,tam-ly-hoc,D15,Điểm học bạ,2021,30.0,Tâm lý học
167103,UEF,tam-ly-hoc,C00,Điểm thi THPT,2021,21.0,Tâm lý học
167104,UEF,tam-ly-hoc,D01,Điểm thi THPT,2021,21.0,Tâm lý học
167105,UEF,tam-ly-hoc,D14,Điểm thi THPT,2021,21.0,Tâm lý học
167106,UEF,tam-ly-hoc,D15,Điểm thi THPT,2021,21.0,Tâm lý học
167107,UEF,tam-ly-hoc,C00,Điểm học bạ,2022,18.0,Tâm lý học
167108,UEF,tam-ly-hoc,D01,Điểm học bạ,2022,18.0,Tâm lý học
167109,UEF,tam-ly-hoc,D14,Điểm học bạ,2022,18.0,Tâm lý học
167110,UEF,tam-ly-hoc,D15,Điểm học bạ,2022,18.0,Tâm lý học
167111,UEF,tam-ly-hoc,C00,Điểm thi THPT,2022,18.0,Tâm lý học
167112,UEF,tam-ly-hoc,D01,Điểm thi THPT,2022,18.0,Tâm lý học
167113,UEF,tam-ly-hoc,D14,Điểm thi THPT,2022,18.0,Tâm lý học
167114,UEF,tam-ly-hoc,D15,Điểm thi THPT,2022,18.0,Tâm lý học
167115,UEF,tam-ly-hoc,C00,Điểm học bạ,2023,18.0,Tâm lý học
167116,UEF,tam-ly-hoc,D01,Điểm học bạ,2023,18.0,Tâm lý học
167117,UEF,tam-ly-hoc,D14,Điểm học bạ,2023,18.0,Tâm lý học
167118,UEF,tam-ly-hoc,D15,Điểm học bạ,2023,18.0,Tâm lý học
167119,UEF,tam-ly-hoc,C00,Điểm thi THPT,2023,17.0,Tâm lý học
167120,UEF,tam-ly-hoc,D01,Điểm thi THPT,2023,17.0,Tâm lý học
167121,UEF,tam-ly-hoc,D14,Điểm thi THPT,2023,17.0,Tâm lý học
167122,UEF,tam-ly-hoc,D15,Điểm thi THPT,2023,17.0,Tâm lý học
167123,UEF,tam-ly-hoc,C00,Điểm học bạ,2024,18.0,Tâm lý học
167124,UEF,tam-ly-hoc,D01,Điểm học bạ,2024,18.0,Tâm lý học
167125,UEF,tam-ly-hoc,D14,Điểm học bạ,2024,18.0,Tâm lý học
167126,UEF,tam-ly-hoc,D15,Điểm học bạ,2024,18.0,Tâm lý học
167127,UEF,tam-ly-hoc,C00,Điểm thi THPT,2024,16.0,Tâm lý học
167128,UEF,tam-ly-hoc,D01,Điểm thi THPT,2024,16.0,Tâm lý học
167129,UEF,tam-ly-hoc,D14,Điểm thi THPT,2024,16.0,Tâm lý học
167130,UEF,tam-ly-hoc,D15,Điểm thi THPT,2024,16.0,Tâm lý học
167131,UEF,tam-ly-hoc,C01,Điểm học bạ,2025,18.0,Tâm lý học
167132,UEF,tam-ly-hoc,C03,Điểm học bạ,2025,18.0,Tâm lý học
167133,UEF,tam-ly-hoc,C04,Điểm học bạ,2025,18.0,Tâm lý học
167134,UEF,tam-ly-hoc,C14,Điểm học bạ,2025,18.0,Tâm lý học
167135,UEF,tam-ly-hoc,D01,Điểm học bạ,2025,18.0,Tâm lý học
167136,UEF,tam-ly-hoc,X02,Điểm học bạ,2025,18.0,Tâm lý học
167137,UEF,tam-ly-hoc,C01,Điểm thi THPT,2025,16.0,Tâm lý học
167138,UEF,tam-ly-hoc,C03,Điểm thi THPT,2025,15.0,Tâm lý học
167139,UEF,tam-ly-hoc,C04,Điểm thi THPT,2025,15.0,Tâm lý học
167140,UEF,tam-ly-hoc,C14,Điểm thi THPT,2025,15.0,Tâm lý học
167141,UEF,tam-ly-hoc,D01,Điểm thi THPT,2025,15.0,Tâm lý học
167142,UEF,tam-ly-hoc,X02,Điểm thi THPT,2025,15.0,Tâm lý học
167143,UEF,thiet-ke-do-hoa,A00,Điểm học bạ,2021,30.0,Thiết kế đồ họa
167144,UEF,thiet-ke-do-hoa,A01,Điểm học bạ,2021,30.0,Thiết kế đồ họa
167145,UEF,thiet-ke-do-hoa,C01,Điểm học bạ,2021,30.0,Thiết kế đồ họa
167146,UEF,thiet-ke-do-hoa,D01,Điểm học bạ,2021,30.0,Thiết kế đồ họa
167147,UEF,thiet-ke-do-hoa,A00,Điểm thi THPT,2021,21.0,Thiết kế đồ họa
167148,UEF,thiet-ke-do-hoa,A01,Điểm thi THPT,2021,21.0,Thiết kế đồ họa
167149,UEF,thiet-ke-do-hoa,C01,Điểm thi THPT,2021,21.0,Thiết kế đồ họa
167150,UEF,thiet-ke-do-hoa,D01,Điểm thi THPT,2021,21.0,Thiết kế đồ họa
167151,UEF,thiet-ke-do-hoa,A00,Điểm học bạ,2022,18.0,Thiết kế đồ họa
167152,UEF,thiet-ke-do-hoa,A01,Điểm học bạ,2022,18.0,Thiết kế đồ họa
167153,UEF,thiet-ke-do-hoa,C01,Điểm học bạ,2022,18.0,Thiết kế đồ họa
167154,UEF,thiet-ke-do-hoa,D01,Điểm học bạ,2022,18.0,Thiết kế đồ họa
167155,UEF,thiet-ke-do-hoa,A00,Điểm thi THPT,2022,17.0,Thiết kế đồ họa
167156,UEF,thiet-ke-do-hoa,A01,Điểm thi THPT,2022,17.0,Thiết kế đồ họa
167157,UEF,thiet-ke-do-hoa,C01,Điểm thi THPT,2022,17.0,Thiết kế đồ họa
167158,UEF,thiet-ke-do-hoa,D01,Điểm thi THPT,2022,17.0,Thiết kế đồ họa
167159,UEF,thiet-ke-do-hoa,A00,Điểm học bạ,2023,18.0,Thiết kế đồ họa
167160,UEF,thiet-ke-do-hoa,A01,Điểm học bạ,2023,18.0,Thiết kế đồ họa
167161,UEF,thiet-ke-do-hoa,C01,Điểm học bạ,2023,18.0,Thiết kế đồ họa
167162,UEF,thiet-ke-do-hoa,D01,Điểm học bạ,2023,18.0,Thiết kế đồ họa
167163,UEF,thiet-ke-do-hoa,A00,Điểm thi THPT,2023,19.0,Thiết kế đồ họa
167164,UEF,thiet-ke-do-hoa,A01,Điểm thi THPT,2023,19.0,Thiết kế đồ họa
167165,UEF,thiet-ke-do-hoa,C01,Điểm thi THPT,2023,19.0,Thiết kế đồ họa
167166,UEF,thiet-ke-do-hoa,D01,Điểm thi THPT,2023,19.0,Thiết kế đồ họa
167167,UEF,thiet-ke-do-hoa,A00,Điểm học bạ,2024,18.0,Thiết kế đồ họa
167168,UEF,thiet-ke-do-hoa,A01,Điểm học bạ,2024,18.0,Thiết kế đồ họa
167169,UEF,thiet-ke-do-hoa,C01,Điểm học bạ,2024,18.0,Thiết kế đồ họa
167170,UEF,thiet-ke-do-hoa,D01,Điểm học bạ,2024,18.0,Thiết kế đồ họa
167171,UEF,thiet-ke-do-hoa,A00,Điểm thi THPT,2024,16.0,Thiết kế đồ họa
167172,UEF,thiet-ke-do-hoa,A01,Điểm thi THPT,2024,16.0,Thiết kế đồ họa
167173,UEF,thiet-ke-do-hoa,C01,Điểm thi THPT,2024,16.0,Thiết kế đồ họa
167174,UEF,thiet-ke-do-hoa,D01,Điểm thi THPT,2024,16.0,Thiết kế đồ họa
167175,UEF,thiet-ke-do-hoa,C01,Điểm học bạ,2025,19.0,Thiết kế đồ họa
167176,UEF,thiet-ke-do-hoa,C03,Điểm học bạ,2025,18.0,Thiết kế đồ họa
167177,UEF,thiet-ke-do-hoa,C04,Điểm học bạ,2025,18.0,Thiết kế đồ họa
167178,UEF,thiet-ke-do-hoa,C14,Điểm học bạ,2025,18.0,Thiết kế đồ họa
167179,UEF,thiet-ke-do-hoa,D01,Điểm học bạ,2025,18.0,Thiết kế đồ họa
167180,UEF,thiet-ke-do-hoa,X02,Điểm học bạ,2025,18.0,Thiết kế đồ họa
167181,UEF,thiet-ke-do-hoa,C01,Điểm thi THPT,2025,16.0,Thiết kế đồ họa
167182,UEF,thiet-ke-do-hoa,C03,Điểm thi THPT,2025,15.0,Thiết kế đồ họa
167183,UEF,thiet-ke-do-hoa,C04,Điểm thi THPT,2025,15.0,Thiết kế đồ họa
167184,UEF,thiet-ke-do-hoa,C14,Điểm thi THPT,2025,15.0,Thiết kế đồ họa
167185,UEF,thiet-ke-do-hoa,D01,Điểm thi THPT,2025,15.0,Thiết kế đồ họa
167186,UEF,thiet-ke-do-hoa,X02,Điểm thi THPT,2025,15.0,Thiết kế đồ họa
167187,UEF,thuong-mai-dien-tu,A00,Điểm học bạ,2021,30.0,Thương mại điện tử
167188,UEF,thuong-mai-dien-tu,A01,Điểm học bạ,2021,30.0,Thương mại điện tử
167189,UEF,thuong-mai-dien-tu,C01,Điểm học bạ,2021,30.0,Thương mại điện tử
167190,UEF,thuong-mai-dien-tu,D01,Điểm học bạ,2021,30.0,Thương mại điện tử
167191,UEF,thuong-mai-dien-tu,A00,Điểm thi THPT,2021,23.0,Thương mại điện tử
167192,UEF,thuong-mai-dien-tu,A01,Điểm thi THPT,2021,23.0,Thương mại điện tử
167193,UEF,thuong-mai-dien-tu,C01,Điểm thi THPT,2021,23.0,Thương mại điện tử
167194,UEF,thuong-mai-dien-tu,D01,Điểm thi THPT,2021,23.0,Thương mại điện tử
167195,UEF,thuong-mai-dien-tu,A00,Điểm học bạ,2022,18.0,Thương mại điện tử
167196,UEF,thuong-mai-dien-tu,A01,Điểm học bạ,2022,18.0,Thương mại điện tử
167197,UEF,thuong-mai-dien-tu,C01,Điểm học bạ,2022,18.0,Thương mại điện tử
167198,UEF,thuong-mai-dien-tu,D01,Điểm học bạ,2022,18.0,Thương mại điện tử
167199,UEF,thuong-mai-dien-tu,A00,Điểm thi THPT,2022,17.0,Thương mại điện tử
167200,UEF,thuong-mai-dien-tu,A01,Điểm thi THPT,2022,17.0,Thương mại điện tử
167201,UEF,thuong-mai-dien-tu,C01,Điểm thi THPT,2022,17.0,Thương mại điện tử
167202,UEF,thuong-mai-dien-tu,D01,Điểm thi THPT,2022,17.0,Thương mại điện tử
167203,UEF,thuong-mai-dien-tu,A00,Điểm học bạ,2023,18.0,Thương mại điện tử
167204,UEF,thuong-mai-dien-tu,A01,Điểm học bạ,2023,18.0,Thương mại điện tử
167205,UEF,thuong-mai-dien-tu,C01,Điểm học bạ,2023,18.0,Thương mại điện tử
167206,UEF,thuong-mai-dien-tu,D01,Điểm học bạ,2023,18.0,Thương mại điện tử
167207,UEF,thuong-mai-dien-tu,A00,Điểm thi THPT,2023,17.0,Thương mại điện tử
167208,UEF,thuong-mai-dien-tu,A01,Điểm thi THPT,2023,17.0,Thương mại điện tử
167209,UEF,thuong-mai-dien-tu,C01,Điểm thi THPT,2023,17.0,Thương mại điện tử
167210,UEF,thuong-mai-dien-tu,D01,Điểm thi THPT,2023,17.0,Thương mại điện tử
167211,UEF,thuong-mai-dien-tu,A00,Điểm học bạ,2024,18.0,Thương mại điện tử
167212,UEF,thuong-mai-dien-tu,A01,Điểm học bạ,2024,18.0,Thương mại điện tử
167213,UEF,thuong-mai-dien-tu,C01,Điểm học bạ,2024,18.0,Thương mại điện tử
167214,UEF,thuong-mai-dien-tu,D01,Điểm học bạ,2024,18.0,Thương mại điện tử
167215,UEF,thuong-mai-dien-tu,A00,Điểm thi THPT,2024,17.0,Thương mại điện tử
167216,UEF,thuong-mai-dien-tu,A01,Điểm thi THPT,2024,17.0,Thương mại điện tử
167217,UEF,thuong-mai-dien-tu,C01,Điểm thi THPT,2024,17.0,Thương mại điện tử
167218,UEF,thuong-mai-dien-tu,D01,Điểm thi THPT,2024,17.0,Thương mại điện tử
167219,UEF,thuong-mai-dien-tu,C01,Điểm học bạ,2025,18.0,Thương mại điện tử
167220,UEF,thuong-mai-dien-tu,C03,Điểm học bạ,2025,18.0,Thương mại điện tử
167221,UEF,thuong-mai-dien-tu,C04,Điểm học bạ,2025,18.0,Thương mại điện tử
167222,UEF,thuong-mai-dien-tu,C14,Điểm học bạ,2025,18.0,Thương mại điện tử
167223,UEF,thuong-mai-dien-tu,D01,Điểm học bạ,2025,18.0,Thương mại điện tử
167224,UEF,thuong-mai-dien-tu,X02,Điểm học bạ,2025,18.0,Thương mại điện tử
167225,UEF,thuong-mai-dien-tu,C01,Điểm thi THPT,2025,16.0,Thương mại điện tử
167226,UEF,thuong-mai-dien-tu,C03,Điểm thi THPT,2025,15.0,Thương mại điện tử
167227,UEF,thuong-mai-dien-tu,C04,Điểm thi THPT,2025,15.0,Thương mại điện tử
167228,UEF,thuong-mai-dien-tu,C14,Điểm thi THPT,2025,15.0,Thương mại điện tử
167229,UEF,thuong-mai-dien-tu,D01,Điểm thi THPT,2025,15.0,Thương mại điện tử
167230,UEF,thuong-mai-dien-tu,X02,Điểm thi THPT,2025,15.0,Thương mại điện tử
167231,UEF,truyen-thong-da-phuong-tien,A00,Điểm học bạ,2022,18.0,Truyền thông đa phương tiện
167232,UEF,truyen-thong-da-phuong-tien,A01,Điểm học bạ,2022,18.0,Truyền thông đa phương tiện
167233,UEF,truyen-thong-da-phuong-tien,C00,Điểm học bạ,2022,18.0,Truyền thông đa phương tiện
167234,UEF,truyen-thong-da-phuong-tien,D01,Điểm học bạ,2022,18.0,Truyền thông đa phương tiện
167235,UEF,truyen-thong-da-phuong-tien,A00,Điểm thi THPT,2022,18.0,Truyền thông đa phương tiện
167236,UEF,truyen-thong-da-phuong-tien,A01,Điểm thi THPT,2022,18.0,Truyền thông đa phương tiện
167237,UEF,truyen-thong-da-phuong-tien,C00,Điểm thi THPT,2022,18.0,Truyền thông đa phương tiện
167238,UEF,truyen-thong-da-phuong-tien,D01,Điểm thi THPT,2022,18.0,Truyền thông đa phương tiện
167239,UEF,truyen-thong-da-phuong-tien,A00,Điểm học bạ,2023,18.0,Truyền thông đa phương tiện
167240,UEF,truyen-thong-da-phuong-tien,A01,Điểm học bạ,2023,18.0,Truyền thông đa phương tiện
167241,UEF,truyen-thong-da-phuong-tien,C00,Điểm học bạ,2023,18.0,Truyền thông đa phương tiện
167242,UEF,truyen-thong-da-phuong-tien,D01,Điểm học bạ,2023,18.0,Truyền thông đa phương tiện
167243,UEF,truyen-thong-da-phuong-tien,A00,Điểm thi THPT,2023,20.0,Truyền thông đa phương tiện
167244,UEF,truyen-thong-da-phuong-tien,A01,Điểm thi THPT,2023,20.0,Truyền thông đa phương tiện
167245,UEF,truyen-thong-da-phuong-tien,C00,Điểm thi THPT,2023,20.0,Truyền thông đa phương tiện
167246,UEF,truyen-thong-da-phuong-tien,D01,Điểm thi THPT,2023,20.0,Truyền thông đa phương tiện
167247,UEF,truyen-thong-da-phuong-tien,A00,Điểm học bạ,2024,18.0,Truyền thông đa phương tiện
167248,UEF,truyen-thong-da-phuong-tien,A01,Điểm học bạ,2024,18.0,Truyền thông đa phương tiện
167249,UEF,truyen-thong-da-phuong-tien,C00,Điểm học bạ,2024,18.0,Truyền thông đa phương tiện
167250,UEF,truyen-thong-da-phuong-tien,D01,Điểm học bạ,2024,18.0,Truyền thông đa phương tiện
167251,UEF,truyen-thong-da-phuong-tien,A00,Điểm thi THPT,2024,18.0,Truyền thông đa phương tiện
167252,UEF,truyen-thong-da-phuong-tien,A01,Điểm thi THPT,2024,18.0,Truyền thông đa phương tiện
167253,UEF,truyen-thong-da-phuong-tien,C00,Điểm thi THPT,2024,18.0,Truyền thông đa phương tiện
167254,UEF,truyen-thong-da-phuong-tien,D01,Điểm thi THPT,2024,18.0,Truyền thông đa phương tiện
167255,UEF,truyen-thong-da-phuong-tien,C01,Điểm học bạ,2025,18.0,Truyền thông đa phương tiện
167256,UEF,truyen-thong-da-phuong-tien,C03,Điểm học bạ,2025,18.0,Truyền thông đa phương tiện
167257,UEF,truyen-thong-da-phuong-tien,C04,Điểm học bạ,2025,18.0,Truyền thông đa phương tiện
167258,UEF,truyen-thong-da-phuong-tien,C14,Điểm học bạ,2025,18.0,Truyền thông đa phương tiện
167259,UEF,truyen-thong-da-phuong-tien,D01,Điểm học bạ,2025,18.0,Truyền thông đa phương tiện
167260,UEF,truyen-thong-da-phuong-tien,X02,Điểm học bạ,2025,18.0,Truyền thông đa phương tiện
167261,UEF,truyen-thong-da-phuong-tien,C01,Điểm thi THPT,2025,16.0,Truyền thông đa phương tiện
167262,UEF,truyen-thong-da-phuong-tien,C03,Điểm thi THPT,2025,15.0,Truyền thông đa phương tiện
167263,UEF,truyen-thong-da-phuong-tien,C04,Điểm thi THPT,2025,15.0,Truyền thông đa phương tiện
167264,UEF,truyen-thong-da-phuong-tien,C14,Điểm thi THPT,2025,15.0,Truyền thông đa phương tiện
167265,UEF,truyen-thong-da-phuong-tien,D01,Điểm thi THPT,2025,15.0,Truyền thông đa phương tiện
167266,UEF,truyen-thong-da-phuong-tien,X02,Điểm thi THPT,2025,15.0,Truyền thông đa phương tiện
167267,UFA,ke-toan,A00,Điểm học bạ,2021,18.0,Kế toán
167268,UFA,ke-toan,A01,Điểm học bạ,2021,18.0,Kế toán
167269,UFA,ke-toan,A16,Điểm học bạ,2021,18.0,Kế toán
167270,UFA,ke-toan,D01,Điểm học bạ,2021,18.0,Kế toán
167271,UFA,ke-toan,A00,Điểm thi THPT,2021,15.0,Kế toán
167272,UFA,ke-toan,A01,Điểm thi THPT,2021,15.0,Kế toán
167273,UFA,ke-toan,A16,Điểm thi THPT,2021,15.0,Kế toán
167274,UFA,ke-toan,D01,Điểm thi THPT,2021,15.0,Kế toán
167275,UFA,ke-toan,A00,Điểm học bạ,2022,18.0,Kế toán
167276,UFA,ke-toan,A01,Điểm học bạ,2022,18.0,Kế toán
167277,UFA,ke-toan,A16,Điểm học bạ,2022,18.0,Kế toán
167278,UFA,ke-toan,D01,Điểm học bạ,2022,18.0,Kế toán
167279,UFA,ke-toan,A00,Điểm thi THPT,2022,15.0,Kế toán
167280,UFA,ke-toan,A01,Điểm thi THPT,2022,15.0,Kế toán
167281,UFA,ke-toan,A16,Điểm thi THPT,2022,15.0,Kế toán
167282,UFA,ke-toan,D01,Điểm thi THPT,2022,15.0,Kế toán
167283,UFA,ke-toan,A00,Điểm học bạ,2023,18.0,Kế toán
167284,UFA,ke-toan,A01,Điểm học bạ,2023,18.0,Kế toán
167285,UFA,ke-toan,A16,Điểm học bạ,2023,18.0,Kế toán
167286,UFA,ke-toan,D01,Điểm học bạ,2023,18.0,Kế toán
167287,UFA,ke-toan,A00,Điểm thi THPT,2023,15.0,Kế toán
167288,UFA,ke-toan,A01,Điểm thi THPT,2023,15.0,Kế toán
167289,UFA,ke-toan,A16,Điểm thi THPT,2023,15.0,Kế toán
167290,UFA,ke-toan,D01,Điểm thi THPT,2023,15.0,Kế toán
167291,UFA,ke-toan,A00,Điểm học bạ,2024,18.0,Kế toán
167292,UFA,ke-toan,A01,Điểm học bạ,2024,18.0,Kế toán
167293,UFA,ke-toan,A16,Điểm học bạ,2024,18.0,Kế toán
167294,UFA,ke-toan,D01,Điểm học bạ,2024,18.0,Kế toán
167295,UFA,ke-toan,A00,Điểm thi THPT,2024,15.0,Kế toán
167296,UFA,ke-toan,A01,Điểm thi THPT,2024,15.0,Kế toán
167297,UFA,ke-toan,A16,Điểm thi THPT,2024,15.0,Kế toán
167298,UFA,ke-toan,D01,Điểm thi THPT,2024,15.0,Kế toán
167299,UFA,ke-toan,A00,Điểm học bạ,2025,18.0,Kế toán
167300,UFA,ke-toan,A01,Điểm học bạ,2025,18.0,Kế toán
167301,UFA,ke-toan,C00,Điểm học bạ,2025,18.8,Kế toán
167302,UFA,ke-toan,C02,Điểm học bạ,2025,18.0,Kế toán
167303,UFA,ke-toan,D01,Điểm học bạ,2025,18.0,Kế toán
167304,UFA,ke-toan,X01,Điểm học bạ,2025,18.8,Kế toán
167305,UFA,ke-toan,A00,Điểm thi THPT,2025,15.0,Kế toán
167306,UFA,ke-toan,A01,Điểm thi THPT,2025,15.0,Kế toán
167307,UFA,ke-toan,C00,Điểm thi THPT,2025,16.0,Kế toán
167308,UFA,ke-toan,C02,Điểm thi THPT,2025,15.0,Kế toán
167309,UFA,ke-toan,D01,Điểm thi THPT,2025,15.0,Kế toán
167310,UFA,ke-toan,X01,Điểm thi THPT,2025,16.0,Kế toán
167311,UFA,kinh-doanh-quoc-te,A00,Điểm học bạ,2021,18.0,Kinh doanh quốc tế
167312,UFA,kinh-doanh-quoc-te,A01,Điểm học bạ,2021,18.0,Kinh doanh quốc tế
167313,UFA,kinh-doanh-quoc-te,A16,Điểm học bạ,2021,18.0,Kinh doanh quốc tế
167314,UFA,kinh-doanh-quoc-te,D01,Điểm học bạ,2021,18.0,Kinh doanh quốc tế
167315,UFA,kinh-doanh-quoc-te,A00,Điểm thi THPT,2021,15.0,Kinh doanh quốc tế
167316,UFA,kinh-doanh-quoc-te,A01,Điểm thi THPT,2021,15.0,Kinh doanh quốc tế
167317,UFA,kinh-doanh-quoc-te,A16,Điểm thi THPT,2021,15.0,Kinh doanh quốc tế
167318,UFA,kinh-doanh-quoc-te,D01,Điểm thi THPT,2021,15.0,Kinh doanh quốc tế
167319,UFA,kinh-doanh-quoc-te,A00,Điểm học bạ,2022,18.0,Kinh doanh quốc tế
167320,UFA,kinh-doanh-quoc-te,A01,Điểm học bạ,2022,18.0,Kinh doanh quốc tế
167321,UFA,kinh-doanh-quoc-te,A16,Điểm học bạ,2022,18.0,Kinh doanh quốc tế
167322,UFA,kinh-doanh-quoc-te,D01,Điểm học bạ,2022,18.0,Kinh doanh quốc tế
167323,UFA,kinh-doanh-quoc-te,A00,Điểm thi THPT,2022,15.0,Kinh doanh quốc tế
167324,UFA,kinh-doanh-quoc-te,A01,Điểm thi THPT,2022,15.0,Kinh doanh quốc tế
167325,UFA,kinh-doanh-quoc-te,A16,Điểm thi THPT,2022,15.0,Kinh doanh quốc tế
167326,UFA,kinh-doanh-quoc-te,D01,Điểm thi THPT,2022,15.0,Kinh doanh quốc tế
167327,UFA,kinh-doanh-quoc-te,A00,Điểm học bạ,2023,18.0,Kinh doanh quốc tế
167328,UFA,kinh-doanh-quoc-te,A01,Điểm học bạ,2023,18.0,Kinh doanh quốc tế
167329,UFA,kinh-doanh-quoc-te,A16,Điểm học bạ,2023,18.0,Kinh doanh quốc tế
167330,UFA,kinh-doanh-quoc-te,D01,Điểm học bạ,2023,18.0,Kinh doanh quốc tế
167331,UFA,kinh-doanh-quoc-te,A00,Điểm thi THPT,2023,15.0,Kinh doanh quốc tế
167332,UFA,kinh-doanh-quoc-te,A01,Điểm thi THPT,2023,15.0,Kinh doanh quốc tế
167333,UFA,kinh-doanh-quoc-te,A16,Điểm thi THPT,2023,15.0,Kinh doanh quốc tế
167334,UFA,kinh-doanh-quoc-te,D01,Điểm thi THPT,2023,15.0,Kinh doanh quốc tế
167335,UFA,kinh-doanh-quoc-te,A00,Điểm học bạ,2024,18.0,Kinh doanh quốc tế
167336,UFA,kinh-doanh-quoc-te,A01,Điểm học bạ,2024,18.0,Kinh doanh quốc tế
167337,UFA,kinh-doanh-quoc-te,A16,Điểm học bạ,2024,18.0,Kinh doanh quốc tế
167338,UFA,kinh-doanh-quoc-te,D01,Điểm học bạ,2024,18.0,Kinh doanh quốc tế
167339,UFA,kinh-doanh-quoc-te,A00,Điểm thi THPT,2024,15.0,Kinh doanh quốc tế
167340,UFA,kinh-doanh-quoc-te,A01,Điểm thi THPT,2024,15.0,Kinh doanh quốc tế
167341,UFA,kinh-doanh-quoc-te,A16,Điểm thi THPT,2024,15.0,Kinh doanh quốc tế
167342,UFA,kinh-doanh-quoc-te,D01,Điểm thi THPT,2024,15.0,Kinh doanh quốc tế
167343,UFA,kinh-doanh-quoc-te,A00,Điểm học bạ,2025,18.0,Kinh doanh quốc tế
167344,UFA,kinh-doanh-quoc-te,A01,Điểm học bạ,2025,18.0,Kinh doanh quốc tế
167345,UFA,kinh-doanh-quoc-te,C00,Điểm học bạ,2025,18.8,Kinh doanh quốc tế
167346,UFA,kinh-doanh-quoc-te,C02,Điểm học bạ,2025,18.0,Kinh doanh quốc tế
167347,UFA,kinh-doanh-quoc-te,D01,Điểm học bạ,2025,18.0,Kinh doanh quốc tế
167348,UFA,kinh-doanh-quoc-te,X01,Điểm học bạ,2025,18.8,Kinh doanh quốc tế
167349,UFA,kinh-doanh-quoc-te,A00,Điểm thi THPT,2025,15.0,Kinh doanh quốc tế
167350,UFA,kinh-doanh-quoc-te,A01,Điểm thi THPT,2025,15.0,Kinh doanh quốc tế
167351,UFA,kinh-doanh-quoc-te,C00,Điểm thi THPT,2025,16.0,Kinh doanh quốc tế
167352,UFA,kinh-doanh-quoc-te,C02,Điểm thi THPT,2025,15.0,Kinh doanh quốc tế
167353,UFA,kinh-doanh-quoc-te,D01,Điểm thi THPT,2025,15.0,Kinh doanh quốc tế
167354,UFA,kinh-doanh-quoc-te,X01,Điểm thi THPT,2025,16.0,Kinh doanh quốc tế
167355,UFA,luat-kinh-te,A00,Điểm học bạ,2021,18.0,Luật kinh tế
167356,UFA,luat-kinh-te,C00,Điểm học bạ,2021,18.0,Luật kinh tế
167357,UFA,luat-kinh-te,C15,Điểm học bạ,2021,18.0,Luật kinh tế
167358,UFA,luat-kinh-te,D01,Điểm học bạ,2021,18.0,Luật kinh tế
167359,UFA,luat-kinh-te,A00,Điểm thi THPT,2021,15.0,Luật kinh tế
167360,UFA,luat-kinh-te,C00,Điểm thi THPT,2021,15.0,Luật kinh tế
167361,UFA,luat-kinh-te,C15,Điểm thi THPT,2021,15.0,Luật kinh tế
167362,UFA,luat-kinh-te,D01,Điểm thi THPT,2021,15.0,Luật kinh tế
167363,UFA,luat-kinh-te,A00,Điểm học bạ,2022,18.0,Luật kinh tế
167364,UFA,luat-kinh-te,A01,Điểm học bạ,2022,18.0,Luật kinh tế
167365,UFA,luat-kinh-te,C00,Điểm học bạ,2022,18.0,Luật kinh tế
167366,UFA,luat-kinh-te,C15,Điểm học bạ,2022,18.0,Luật kinh tế
167367,UFA,luat-kinh-te,A00,Điểm thi THPT,2022,15.0,Luật kinh tế
167368,UFA,luat-kinh-te,A01,Điểm thi THPT,2022,15.0,Luật kinh tế
167369,UFA,luat-kinh-te,C00,Điểm thi THPT,2022,15.0,Luật kinh tế
167370,UFA,luat-kinh-te,C15,Điểm thi THPT,2022,15.0,Luật kinh tế
167371,UFA,luat-kinh-te,A00,Điểm học bạ,2023,18.0,Luật kinh tế
167372,UFA,luat-kinh-te,C00,Điểm học bạ,2023,18.0,Luật kinh tế
167373,UFA,luat-kinh-te,C15,Điểm học bạ,2023,18.0,Luật kinh tế
167374,UFA,luat-kinh-te,D01,Điểm học bạ,2023,18.0,Luật kinh tế
167375,UFA,luat-kinh-te,A00,Điểm thi THPT,2023,15.0,Luật kinh tế
167376,UFA,luat-kinh-te,C00,Điểm thi THPT,2023,15.0,Luật kinh tế
167377,UFA,luat-kinh-te,C15,Điểm thi THPT,2023,15.0,Luật kinh tế
167378,UFA,luat-kinh-te,D01,Điểm thi THPT,2023,15.0,Luật kinh tế
167379,UFA,luat-kinh-te,A00,Điểm học bạ,2024,18.0,Luật Kinh tế
167380,UFA,luat-kinh-te,C00,Điểm học bạ,2024,18.0,Luật Kinh tế
167381,UFA,luat-kinh-te,C15,Điểm học bạ,2024,18.0,Luật Kinh tế
167382,UFA,luat-kinh-te,D01,Điểm học bạ,2024,18.0,Luật Kinh tế
167383,UFA,luat-kinh-te,A00,Điểm thi THPT,2024,15.0,Luật Kinh tế
167384,UFA,luat-kinh-te,C00,Điểm thi THPT,2024,15.0,Luật Kinh tế
167385,UFA,luat-kinh-te,C15,Điểm thi THPT,2024,15.0,Luật Kinh tế
167386,UFA,luat-kinh-te,D01,Điểm thi THPT,2024,15.0,Luật Kinh tế
167387,UFA,luat-kinh-te,A00,Điểm học bạ,2025,20.4,Luật kinh tế
167388,UFA,luat-kinh-te,C00,Điểm học bạ,2025,21.2,Luật kinh tế
167389,UFA,luat-kinh-te,C01,Điểm học bạ,2025,21.2,Luật kinh tế
167390,UFA,luat-kinh-te,C02,Điểm học bạ,2025,20.4,Luật kinh tế
167391,UFA,luat-kinh-te,D01,Điểm học bạ,2025,20.4,Luật kinh tế
167392,UFA,luat-kinh-te,X01,Điểm học bạ,2025,21.2,Luật kinh tế
167393,UFA,luat-kinh-te,A00,Điểm thi THPT,2025,18.0,Luật kinh tế
167394,UFA,luat-kinh-te,C00,Điểm thi THPT,2025,19.0,Luật kinh tế
167395,UFA,luat-kinh-te,C01,Điểm thi THPT,2025,19.0,Luật kinh tế
167396,UFA,luat-kinh-te,C02,Điểm thi THPT,2025,18.0,Luật kinh tế
167397,UFA,luat-kinh-te,D01,Điểm thi THPT,2025,18.0,Luật kinh tế
167398,UFA,luat-kinh-te,X01,Điểm thi THPT,2025,19.0,Luật kinh tế
167399,UFA,quan-tri-kinh-doanh,A00,Điểm học bạ,2021,18.0,Quản trị kinh doanh
167400,UFA,quan-tri-kinh-doanh,A01,Điểm học bạ,2021,18.0,Quản trị kinh doanh
167401,UFA,quan-tri-kinh-doanh,A16,Điểm học bạ,2021,18.0,Quản trị kinh doanh
167402,UFA,quan-tri-kinh-doanh,D01,Điểm học bạ,2021,18.0,Quản trị kinh doanh
167403,UFA,quan-tri-kinh-doanh,A00,Điểm thi THPT,2021,15.0,Quản trị kinh doanh
167404,UFA,quan-tri-kinh-doanh,A01,Điểm thi THPT,2021,15.0,Quản trị kinh doanh
167405,UFA,quan-tri-kinh-doanh,A16,Điểm thi THPT,2021,15.0,Quản trị kinh doanh
167406,UFA,quan-tri-kinh-doanh,D01,Điểm thi THPT,2021,15.0,Quản trị kinh doanh
167407,UFA,quan-tri-kinh-doanh,A00,Điểm học bạ,2022,18.0,Quản trị kinh doanh
167408,UFA,quan-tri-kinh-doanh,A01,Điểm học bạ,2022,18.0,Quản trị kinh doanh
167409,UFA,quan-tri-kinh-doanh,A16,Điểm học bạ,2022,18.0,Quản trị kinh doanh
167410,UFA,quan-tri-kinh-doanh,D01,Điểm học bạ,2022,18.0,Quản trị kinh doanh
167411,UFA,quan-tri-kinh-doanh,A00,Điểm thi THPT,2022,15.0,Quản trị kinh doanh
167412,UFA,quan-tri-kinh-doanh,A01,Điểm thi THPT,2022,15.0,Quản trị kinh doanh
167413,UFA,quan-tri-kinh-doanh,A16,Điểm thi THPT,2022,15.0,Quản trị kinh doanh
167414,UFA,quan-tri-kinh-doanh,D01,Điểm thi THPT,2022,15.0,Quản trị kinh doanh
167415,UFA,quan-tri-kinh-doanh,A00,Điểm học bạ,2023,18.0,Quản trị kinh doanh
167416,UFA,quan-tri-kinh-doanh,A01,Điểm học bạ,2023,18.0,Quản trị kinh doanh
167417,UFA,quan-tri-kinh-doanh,A16,Điểm học bạ,2023,18.0,Quản trị kinh doanh
167418,UFA,quan-tri-kinh-doanh,D01,Điểm học bạ,2023,18.0,Quản trị kinh doanh
167419,UFA,quan-tri-kinh-doanh,A00,Điểm thi THPT,2023,15.0,Quản trị kinh doanh
167420,UFA,quan-tri-kinh-doanh,A01,Điểm thi THPT,2023,15.0,Quản trị kinh doanh
167421,UFA,quan-tri-kinh-doanh,A16,Điểm thi THPT,2023,15.0,Quản trị kinh doanh
167422,UFA,quan-tri-kinh-doanh,D01,Điểm thi THPT,2023,15.0,Quản trị kinh doanh
167423,UFA,quan-tri-kinh-doanh,A00,Điểm học bạ,2024,18.0,Quản trị kinh doanh
167424,UFA,quan-tri-kinh-doanh,A01,Điểm học bạ,2024,18.0,Quản trị kinh doanh
167425,UFA,quan-tri-kinh-doanh,A16,Điểm học bạ,2024,18.0,Quản trị kinh doanh
167426,UFA,quan-tri-kinh-doanh,D01,Điểm học bạ,2024,18.0,Quản trị kinh doanh
167427,UFA,quan-tri-kinh-doanh,A00,Điểm thi THPT,2024,15.0,Quản trị kinh doanh
167428,UFA,quan-tri-kinh-doanh,A01,Điểm thi THPT,2024,15.0,Quản trị kinh doanh
167429,UFA,quan-tri-kinh-doanh,A16,Điểm thi THPT,2024,15.0,Quản trị kinh doanh
167430,UFA,quan-tri-kinh-doanh,D01,Điểm thi THPT,2024,15.0,Quản trị kinh doanh
167431,UFA,quan-tri-kinh-doanh,A00,Điểm học bạ,2025,18.0,Quản trị kinh doanh
167432,UFA,quan-tri-kinh-doanh,A01,Điểm học bạ,2025,18.0,Quản trị kinh doanh
167433,UFA,quan-tri-kinh-doanh,C00,Điểm học bạ,2025,18.8,Quản trị kinh doanh
167434,UFA,quan-tri-kinh-doanh,C02,Điểm học bạ,2025,18.0,Quản trị kinh doanh
167435,UFA,quan-tri-kinh-doanh,D01,Điểm học bạ,2025,18.0,Quản trị kinh doanh
167436,UFA,quan-tri-kinh-doanh,X01,Điểm học bạ,2025,18.8,Quản trị kinh doanh
167437,UFA,quan-tri-kinh-doanh,A00,Điểm thi THPT,2025,15.0,Quản trị kinh doanh
167438,UFA,quan-tri-kinh-doanh,A01,Điểm thi THPT,2025,15.0,Quản trị kinh doanh
167439,UFA,quan-tri-kinh-doanh,C00,Điểm thi THPT,2025,16.0,Quản trị kinh doanh
167440,UFA,quan-tri-kinh-doanh,C02,Điểm thi THPT,2025,15.0,Quản trị kinh doanh
167441,UFA,quan-tri-kinh-doanh,D01,Điểm thi THPT,2025,15.0,Quản trị kinh doanh
167442,UFA,quan-tri-kinh-doanh,X01,Điểm thi THPT,2025,16.0,Quản trị kinh doanh
167443,UFA,tai-chinh-ngan-hang,A00,Điểm học bạ,2021,18.0,Tài chính - ngân hàng
167444,UFA,tai-chinh-ngan-hang,A01,Điểm học bạ,2021,18.0,Tài chính - ngân hàng
167445,UFA,tai-chinh-ngan-hang,A16,Điểm học bạ,2021,18.0,Tài chính - ngân hàng
167446,UFA,tai-chinh-ngan-hang,D01,Điểm học bạ,2021,18.0,Tài chính - ngân hàng
167447,UFA,tai-chinh-ngan-hang,A00,Điểm thi THPT,2021,15.0,Tài chính - ngân hàng
167448,UFA,tai-chinh-ngan-hang,A01,Điểm thi THPT,2021,15.0,Tài chính - ngân hàng
167449,UFA,tai-chinh-ngan-hang,A16,Điểm thi THPT,2021,15.0,Tài chính - ngân hàng
167450,UFA,tai-chinh-ngan-hang,D01,Điểm thi THPT,2021,15.0,Tài chính - ngân hàng
167451,UFA,tai-chinh-ngan-hang,A00,Điểm học bạ,2022,18.0,Tài chính - Ngân hàng
167452,UFA,tai-chinh-ngan-hang,A01,Điểm học bạ,2022,18.0,Tài chính - Ngân hàng
167453,UFA,tai-chinh-ngan-hang,A16,Điểm học bạ,2022,18.0,Tài chính - Ngân hàng
167454,UFA,tai-chinh-ngan-hang,D01,Điểm học bạ,2022,18.0,Tài chính - Ngân hàng
167455,UFA,tai-chinh-ngan-hang,A00,Điểm thi THPT,2022,15.0,Tài chính - Ngân hàng
167456,UFA,tai-chinh-ngan-hang,A01,Điểm thi THPT,2022,15.0,Tài chính - Ngân hàng
167457,UFA,tai-chinh-ngan-hang,A16,Điểm thi THPT,2022,15.0,Tài chính - Ngân hàng
167458,UFA,tai-chinh-ngan-hang,D01,Điểm thi THPT,2022,15.0,Tài chính - Ngân hàng
167459,UFA,tai-chinh-ngan-hang,A00,Điểm học bạ,2023,18.0,Tài chính - Ngân hàng
167460,UFA,tai-chinh-ngan-hang,A01,Điểm học bạ,2023,18.0,Tài chính - Ngân hàng
167461,UFA,tai-chinh-ngan-hang,A16,Điểm học bạ,2023,18.0,Tài chính - Ngân hàng
167462,UFA,tai-chinh-ngan-hang,D01,Điểm học bạ,2023,18.0,Tài chính - Ngân hàng
167463,UFA,tai-chinh-ngan-hang,A00,Điểm thi THPT,2023,15.0,Tài chính - Ngân hàng
167464,UFA,tai-chinh-ngan-hang,A01,Điểm thi THPT,2023,15.0,Tài chính - Ngân hàng
167465,UFA,tai-chinh-ngan-hang,A16,Điểm thi THPT,2023,15.0,Tài chính - Ngân hàng
167466,UFA,tai-chinh-ngan-hang,D01,Điểm thi THPT,2023,15.0,Tài chính - Ngân hàng
167467,UFA,tai-chinh-ngan-hang,A00,Điểm học bạ,2024,18.0,Tài chính - Ngân hàng
167468,UFA,tai-chinh-ngan-hang,A01,Điểm học bạ,2024,18.0,Tài chính - Ngân hàng
167469,UFA,tai-chinh-ngan-hang,A16,Điểm học bạ,2024,18.0,Tài chính - Ngân hàng
167470,UFA,tai-chinh-ngan-hang,D01,Điểm học bạ,2024,18.0,Tài chính - Ngân hàng
167471,UFA,tai-chinh-ngan-hang,A00,Điểm thi THPT,2024,15.0,Tài chính - Ngân hàng
167472,UFA,tai-chinh-ngan-hang,A01,Điểm thi THPT,2024,15.0,Tài chính - Ngân hàng
167473,UFA,tai-chinh-ngan-hang,A16,Điểm thi THPT,2024,15.0,Tài chính - Ngân hàng
167474,UFA,tai-chinh-ngan-hang,D01,Điểm thi THPT,2024,15.0,Tài chính - Ngân hàng
167475,UFA,tai-chinh-ngan-hang,A00,Điểm học bạ,2025,18.0,Tài chính - Ngân hàng
167476,UFA,tai-chinh-ngan-hang,A01,Điểm học bạ,2025,18.0,Tài chính - Ngân hàng
167477,UFA,tai-chinh-ngan-hang,C00,Điểm học bạ,2025,18.8,Tài chính - Ngân hàng
167478,UFA,tai-chinh-ngan-hang,C02,Điểm học bạ,2025,18.0,Tài chính - Ngân hàng
167479,UFA,tai-chinh-ngan-hang,D01,Điểm học bạ,2025,18.0,Tài chính - Ngân hàng
167480,UFA,tai-chinh-ngan-hang,X01,Điểm học bạ,2025,18.8,Tài chính - Ngân hàng
167481,UFA,tai-chinh-ngan-hang,A00,Điểm thi THPT,2025,15.0,Tài chính - Ngân hàng
167482,UFA,tai-chinh-ngan-hang,A01,Điểm thi THPT,2025,15.0,Tài chính - Ngân hàng
167483,UFA,tai-chinh-ngan-hang,C00,Điểm thi THPT,2025,16.0,Tài chính - Ngân hàng
167484,UFA,tai-chinh-ngan-hang,C02,Điểm thi THPT,2025,15.0,Tài chính - Ngân hàng
167485,UFA,tai-chinh-ngan-hang,D01,Điểm thi THPT,2025,15.0,Tài chính - Ngân hàng
167486,UFA,tai-chinh-ngan-hang,X01,Điểm thi THPT,2025,16.0,Tài chính - Ngân hàng
167487,UKB,cong-nghe-ky-thuat-dien-tu-vien-thong,A00,Điểm thi THPT,2021,15.0,Công nghệ kỹ thuật điện tử viễn thông
167488,UKB,cong-nghe-ky-thuat-dien-tu-vien-thong,A01,Điểm thi THPT,2021,15.0,Công nghệ kỹ thuật điện tử viễn thông
167489,UKB,cong-nghe-ky-thuat-dien-tu-vien-thong,D01,Điểm thi THPT,2021,15.0,Công nghệ kỹ thuật điện tử viễn thông
167490,UKB,cong-nghe-ky-thuat-dien-tu-vien-thong,A00,Điểm học bạ,2022,18.0,Công nghệ kỹ thuật điện tử - viễn thông
167491,UKB,cong-nghe-ky-thuat-dien-tu-vien-thong,A01,Điểm học bạ,2022,18.0,Công nghệ kỹ thuật điện tử - viễn thông
167492,UKB,cong-nghe-ky-thuat-dien-tu-vien-thong,C04,Điểm học bạ,2022,18.0,Công nghệ kỹ thuật điện tử - viễn thông
167493,UKB,cong-nghe-ky-thuat-dien-tu-vien-thong,D01,Điểm học bạ,2022,18.0,Công nghệ kỹ thuật điện tử - viễn thông
167494,UKB,cong-nghe-ky-thuat-dien-tu-vien-thong,A00,Điểm thi THPT,2022,15.0,Công nghệ kỹ thuật điện tử - viễn thông
167495,UKB,cong-nghe-ky-thuat-dien-tu-vien-thong,A01,Điểm thi THPT,2022,15.0,Công nghệ kỹ thuật điện tử - viễn thông
167496,UKB,cong-nghe-ky-thuat-dien-tu-vien-thong,C04,Điểm thi THPT,2022,15.0,Công nghệ kỹ thuật điện tử - viễn thông
167497,UKB,cong-nghe-ky-thuat-dien-tu-vien-thong,D01,Điểm thi THPT,2022,15.0,Công nghệ kỹ thuật điện tử - viễn thông
167498,UKB,cong-nghe-ky-thuat-dien-tu-vien-thong,A00,Điểm học bạ,2023,18.0,Công nghệ kỹ thuật điện tử - viễn thông
167499,UKB,cong-nghe-ky-thuat-dien-tu-vien-thong,A01,Điểm học bạ,2023,18.0,Công nghệ kỹ thuật điện tử - viễn thông
167500,UKB,cong-nghe-ky-thuat-dien-tu-vien-thong,C04,Điểm học bạ,2023,18.0,Công nghệ kỹ thuật điện tử - viễn thông
167501,UKB,cong-nghe-ky-thuat-dien-tu-vien-thong,D01,Điểm học bạ,2023,18.0,Công nghệ kỹ thuật điện tử - viễn thông
167502,UKB,cong-nghe-ky-thuat-dien-tu-vien-thong,A00,Điểm thi THPT,2023,15.0,Công nghệ kỹ thuật điện tử - viễn thông
167503,UKB,cong-nghe-ky-thuat-dien-tu-vien-thong,A01,Điểm thi THPT,2023,15.0,Công nghệ kỹ thuật điện tử - viễn thông
167504,UKB,cong-nghe-ky-thuat-dien-tu-vien-thong,C04,Điểm thi THPT,2023,15.0,Công nghệ kỹ thuật điện tử - viễn thông
167505,UKB,cong-nghe-ky-thuat-dien-tu-vien-thong,D01,Điểm thi THPT,2023,15.0,Công nghệ kỹ thuật điện tử - viễn thông
167506,UKB,cong-nghe-thong-tin,A01,Điểm thi THPT,2021,15.0,Công nghệ thông tin
167507,UKB,cong-nghe-thong-tin,A10,Điểm thi THPT,2021,15.0,Công nghệ thông tin
167508,UKB,cong-nghe-thong-tin,A15,Điểm thi THPT,2021,15.0,Công nghệ thông tin
167509,UKB,cong-nghe-thong-tin,D90,Điểm thi THPT,2021,15.0,Công nghệ thông tin
167510,UKB,cong-nghe-thong-tin,A00,Điểm học bạ,2022,18.0,Công nghệ thông tin
167511,UKB,cong-nghe-thong-tin,A01,Điểm học bạ,2022,18.0,Công nghệ thông tin
167512,UKB,cong-nghe-thong-tin,C04,Điểm học bạ,2022,18.0,Công nghệ thông tin
167513,UKB,cong-nghe-thong-tin,D01,Điểm học bạ,2022,18.0,Công nghệ thông tin
167514,UKB,cong-nghe-thong-tin,A00,Điểm thi THPT,2022,15.0,Công nghệ thông tin
167515,UKB,cong-nghe-thong-tin,A01,Điểm thi THPT,2022,15.0,Công nghệ thông tin
167516,UKB,cong-nghe-thong-tin,C04,Điểm thi THPT,2022,15.0,Công nghệ thông tin
167517,UKB,cong-nghe-thong-tin,D01,Điểm thi THPT,2022,15.0,Công nghệ thông tin
167518,UKB,cong-nghe-thong-tin,A00,Điểm học bạ,2023,18.0,Công nghệ thông tin
167519,UKB,cong-nghe-thong-tin,A01,Điểm học bạ,2023,18.0,Công nghệ thông tin
167520,UKB,cong-nghe-thong-tin,C04,Điểm học bạ,2023,18.0,Công nghệ thông tin
167521,UKB,cong-nghe-thong-tin,D01,Điểm học bạ,2023,18.0,Công nghệ thông tin
167522,UKB,cong-nghe-thong-tin,A00,Điểm thi THPT,2023,15.0,Công nghệ thông tin
167523,UKB,cong-nghe-thong-tin,A01,Điểm thi THPT,2023,15.0,Công nghệ thông tin
167524,UKB,cong-nghe-thong-tin,C04,Điểm thi THPT,2023,15.0,Công nghệ thông tin
167525,UKB,cong-nghe-thong-tin,D01,Điểm thi THPT,2023,15.0,Công nghệ thông tin
167526,UKB,cong-nghe-thong-tin,A00,Điểm học bạ,2024,15.0,Công nghệ thông tin
167527,UKB,cong-nghe-thong-tin,A01,Điểm học bạ,2024,15.0,Công nghệ thông tin
167528,UKB,cong-nghe-thong-tin,C04,Điểm học bạ,2024,15.0,Công nghệ thông tin
167529,UKB,cong-nghe-thong-tin,D01,Điểm học bạ,2024,15.0,Công nghệ thông tin
167530,UKB,cong-nghe-thong-tin,A00,Điểm thi THPT,2024,15.0,Công nghệ thông tin
167531,UKB,cong-nghe-thong-tin,A01,Điểm thi THPT,2024,15.0,Công nghệ thông tin
167532,UKB,cong-nghe-thong-tin,C04,Điểm thi THPT,2024,15.0,Công nghệ thông tin
167533,UKB,cong-nghe-thong-tin,D01,Điểm thi THPT,2024,15.0,Công nghệ thông tin
167534,UKB,duoc-hoc,A00,Điểm thi THPT,2021,21.0,Dược học
167535,UKB,duoc-hoc,A01,Điểm thi THPT,2021,21.0,Dược học
167536,UKB,duoc-hoc,B00,Điểm thi THPT,2021,21.0,Dược học
167537,UKB,duoc-hoc,D90,Điểm thi THPT,2021,21.0,Dược học
167538,UKB,duoc-hoc,A00,Điểm thi THPT,2022,21.0,Dược học
167539,UKB,duoc-hoc,A01,Điểm thi THPT,2022,21.0,Dược học
167540,UKB,duoc-hoc,B00,Điểm thi THPT,2022,21.0,Dược học
167541,UKB,duoc-hoc,D90,Điểm thi THPT,2022,21.0,Dược học
167542,UKB,duoc-hoc,A00,Điểm thi THPT,2023,21.0,Dược học
167543,UKB,duoc-hoc,A01,Điểm thi THPT,2023,21.0,Dược học
167544,UKB,duoc-hoc,B00,Điểm thi THPT,2023,21.0,Dược học
167545,UKB,duoc-hoc,D90,Điểm thi THPT,2023,21.0,Dược học
167546,UKB,duoc-hoc,A00,Điểm thi THPT,2024,21.0,Dược học
167547,UKB,duoc-hoc,A01,Điểm thi THPT,2024,21.0,Dược học
167548,UKB,duoc-hoc,B00,Điểm thi THPT,2024,21.0,Dược học
167549,UKB,duoc-hoc,D90,Điểm thi THPT,2024,21.0,Dược học
167550,UKB,ke-toan,A00,Điểm thi THPT,2021,15.0,Kế toán
167551,UKB,ke-toan,A01,Điểm thi THPT,2021,15.0,Kế toán
167552,UKB,ke-toan,B00,Điểm thi THPT,2021,15.0,Kế toán
167553,UKB,ke-toan,D01,Điểm thi THPT,2021,15.0,Kế toán
167554,UKB,ke-toan,A00,Điểm học bạ,2022,18.0,Kế toán
167555,UKB,ke-toan,A01,Điểm học bạ,2022,18.0,Kế toán
167556,UKB,ke-toan,C04,Điểm học bạ,2022,18.0,Kế toán
167557,UKB,ke-toan,D01,Điểm học bạ,2022,18.0,Kế toán
167558,UKB,ke-toan,A00,Điểm thi THPT,2022,15.0,Kế toán
167559,UKB,ke-toan,A01,Điểm thi THPT,2022,15.0,Kế toán
167560,UKB,ke-toan,C04,Điểm thi THPT,2022,15.0,Kế toán
167561,UKB,ke-toan,D01,Điểm thi THPT,2022,15.0,Kế toán
167562,UKB,ke-toan,A00,Điểm học bạ,2023,18.0,Kế toán
167563,UKB,ke-toan,A01,Điểm học bạ,2023,18.0,Kế toán
167564,UKB,ke-toan,C04,Điểm học bạ,2023,18.0,Kế toán
167565,UKB,ke-toan,D01,Điểm học bạ,2023,18.0,Kế toán
167566,UKB,ke-toan,A00,Điểm thi THPT,2023,15.0,Kế toán
167567,UKB,ke-toan,A01,Điểm thi THPT,2023,15.0,Kế toán
167568,UKB,ke-toan,C04,Điểm thi THPT,2023,15.0,Kế toán
167569,UKB,ke-toan,D01,Điểm thi THPT,2023,15.0,Kế toán
167570,UKB,ke-toan,A00,Điểm học bạ,2024,15.0,Kế toán
167571,UKB,ke-toan,A01,Điểm học bạ,2024,15.0,Kế toán
167572,UKB,ke-toan,C04,Điểm học bạ,2024,15.0,Kế toán
167573,UKB,ke-toan,D01,Điểm học bạ,2024,15.0,Kế toán
167574,UKB,ke-toan,A00,Điểm thi THPT,2024,15.0,Kế toán
167575,UKB,ke-toan,A01,Điểm thi THPT,2024,15.0,Kế toán
167576,UKB,ke-toan,C04,Điểm thi THPT,2024,15.0,Kế toán
167577,UKB,ke-toan,D01,Điểm thi THPT,2024,15.0,Kế toán
167578,UKB,kien-truc,V00,Điểm thi THPT,2021,15.0,Kiến trúc
167579,UKB,kien-truc,V01,Điểm thi THPT,2021,15.0,Kiến trúc
167580,UKB,kien-truc,V00,Điểm học bạ,2022,15.0,Kiến trúc
167581,UKB,kien-truc,V01,Điểm học bạ,2022,15.0,Kiến trúc
167582,UKB,kien-truc,V02,Điểm học bạ,2022,15.0,Kiến trúc
167583,UKB,kien-truc,V03,Điểm học bạ,2022,15.0,Kiến trúc
167584,UKB,kien-truc,V00,Điểm thi THPT,2022,15.0,Kiến trúc
167585,UKB,kien-truc,V01,Điểm thi THPT,2022,15.0,Kiến trúc
167586,UKB,kien-truc,V02,Điểm thi THPT,2022,15.0,Kiến trúc
167587,UKB,kien-truc,V03,Điểm thi THPT,2022,15.0,Kiến trúc
167588,UKB,kien-truc,V00,Điểm học bạ,2023,15.0,Kiến trúc
167589,UKB,kien-truc,V01,Điểm học bạ,2023,15.0,Kiến trúc
167590,UKB,kien-truc,V02,Điểm học bạ,2023,15.0,Kiến trúc
167591,UKB,kien-truc,V03,Điểm học bạ,2023,15.0,Kiến trúc
167592,UKB,kien-truc,V00,Điểm thi THPT,2023,15.0,Kiến trúc
167593,UKB,kien-truc,V01,Điểm thi THPT,2023,15.0,Kiến trúc
167594,UKB,kien-truc,V02,Điểm thi THPT,2023,15.0,Kiến trúc
167595,UKB,kien-truc,V03,Điểm thi THPT,2023,15.0,Kiến trúc
167596,UKB,luat,A00,Điểm học bạ,2022,18.0,Luật
167597,UKB,luat,A01,Điểm học bạ,2022,18.0,Luật
167598,UKB,luat,C00,Điểm học bạ,2022,18.0,Luật
167599,UKB,luat,D01,Điểm học bạ,2022,18.0,Luật
167600,UKB,luat,A00,Điểm thi THPT,2022,15.0,Luật
167601,UKB,luat,A01,Điểm thi THPT,2022,15.0,Luật
167602,UKB,luat,C00,Điểm thi THPT,2022,15.0,Luật
167603,UKB,luat,D01,Điểm thi THPT,2022,15.0,Luật
167604,UKB,luat,A00,Điểm học bạ,2023,18.0,Luật
167605,UKB,luat,A01,Điểm học bạ,2023,18.0,Luật
167606,UKB,luat,C00,Điểm học bạ,2023,18.0,Luật
167607,UKB,luat,D01,Điểm học bạ,2023,18.0,Luật
167608,UKB,luat,A00,Điểm thi THPT,2023,15.0,Luật
167609,UKB,luat,A01,Điểm thi THPT,2023,15.0,Luật
167610,UKB,luat,C00,Điểm thi THPT,2023,15.0,Luật
167611,UKB,luat,D01,Điểm thi THPT,2023,15.0,Luật
167612,UKB,luat,A00,Điểm học bạ,2024,15.0,Luật
167613,UKB,luat,A01,Điểm học bạ,2024,15.0,Luật
167614,UKB,luat,C00,Điểm học bạ,2024,15.0,Luật
167615,UKB,luat,D01,Điểm học bạ,2024,15.0,Luật
167616,UKB,luat,A00,Điểm thi THPT,2024,15.0,Luật
167617,UKB,luat,A01,Điểm thi THPT,2024,15.0,Luật
167618,UKB,luat,C00,Điểm thi THPT,2024,15.0,Luật
167619,UKB,luat,D01,Điểm thi THPT,2024,15.0,Luật
167620,UKB,luat-kinh-te,A01,Điểm thi THPT,2021,15.0,Luật kinh tế
167621,UKB,luat-kinh-te,C00,Điểm thi THPT,2021,15.0,Luật kinh tế
167622,UKB,luat-kinh-te,C10,Điểm thi THPT,2021,15.0,Luật kinh tế
167623,UKB,luat-kinh-te,D01,Điểm thi THPT,2021,15.0,Luật kinh tế
167624,UKB,luat-kinh-te,A00,Điểm học bạ,2022,18.0,Luật kinh tế
167625,UKB,luat-kinh-te,A01,Điểm học bạ,2022,18.0,Luật kinh tế
167626,UKB,luat-kinh-te,C00,Điểm học bạ,2022,18.0,Luật kinh tế
167627,UKB,luat-kinh-te,D01,Điểm học bạ,2022,18.0,Luật kinh tế
167628,UKB,luat-kinh-te,A00,Điểm thi THPT,2022,15.0,Luật kinh tế
167629,UKB,luat-kinh-te,A01,Điểm thi THPT,2022,15.0,Luật kinh tế
167630,UKB,luat-kinh-te,C00,Điểm thi THPT,2022,15.0,Luật kinh tế
167631,UKB,luat-kinh-te,D01,Điểm thi THPT,2022,15.0,Luật kinh tế
167632,UKB,luat-kinh-te,A00,Điểm học bạ,2023,18.0,Luật kinh tế
167633,UKB,luat-kinh-te,A01,Điểm học bạ,2023,18.0,Luật kinh tế
167634,UKB,luat-kinh-te,C00,Điểm học bạ,2023,18.0,Luật kinh tế
167635,UKB,luat-kinh-te,D01,Điểm học bạ,2023,18.0,Luật kinh tế
167636,UKB,luat-kinh-te,A00,Điểm thi THPT,2023,15.0,Luật kinh tế
167637,UKB,luat-kinh-te,A01,Điểm thi THPT,2023,15.0,Luật kinh tế
167638,UKB,luat-kinh-te,C00,Điểm thi THPT,2023,15.0,Luật kinh tế
167639,UKB,luat-kinh-te,D01,Điểm thi THPT,2023,15.0,Luật kinh tế
167640,UKB,luat-kinh-te,A00,Điểm học bạ,2024,15.0,Luật kinh tế
167641,UKB,luat-kinh-te,A01,Điểm học bạ,2024,15.0,Luật kinh tế
167642,UKB,luat-kinh-te,C00,Điểm học bạ,2024,15.0,Luật kinh tế
167643,UKB,luat-kinh-te,D01,Điểm học bạ,2024,15.0,Luật kinh tế
167644,UKB,luat-kinh-te,A00,Điểm thi THPT,2024,15.0,Luật kinh tế
167645,UKB,luat-kinh-te,A01,Điểm thi THPT,2024,15.0,Luật kinh tế
167646,UKB,luat-kinh-te,C00,Điểm thi THPT,2024,15.0,Luật kinh tế
167647,UKB,luat-kinh-te,D01,Điểm thi THPT,2024,15.0,Luật kinh tế
167648,UKB,ngon-ngu-anh,A01,Điểm thi THPT,2021,15.0,Ngôn ngữ Anh
167649,UKB,ngon-ngu-anh,D01,Điểm thi THPT,2021,15.0,Ngôn ngữ Anh
167650,UKB,ngon-ngu-anh,D10,Điểm thi THPT,2021,15.0,Ngôn ngữ Anh
167651,UKB,ngon-ngu-anh,D14,Điểm thi THPT,2021,15.0,Ngôn ngữ Anh
167652,UKB,ngon-ngu-anh,A01,Điểm học bạ,2022,18.0,Ngôn ngữ Anh
167653,UKB,ngon-ngu-anh,D01,Điểm học bạ,2022,18.0,Ngôn ngữ Anh
167654,UKB,ngon-ngu-anh,D10,Điểm học bạ,2022,18.0,Ngôn ngữ Anh
167655,UKB,ngon-ngu-anh,D14,Điểm học bạ,2022,18.0,Ngôn ngữ Anh
167656,UKB,ngon-ngu-anh,A01,Điểm thi THPT,2022,15.0,Ngôn ngữ Anh
167657,UKB,ngon-ngu-anh,D01,Điểm thi THPT,2022,15.0,Ngôn ngữ Anh
167658,UKB,ngon-ngu-anh,D10,Điểm thi THPT,2022,15.0,Ngôn ngữ Anh
167659,UKB,ngon-ngu-anh,D14,Điểm thi THPT,2022,15.0,Ngôn ngữ Anh
167660,UKB,ngon-ngu-anh,A01,Điểm học bạ,2023,18.0,Ngôn ngữ Anh
167661,UKB,ngon-ngu-anh,D01,Điểm học bạ,2023,18.0,Ngôn ngữ Anh
167662,UKB,ngon-ngu-anh,D10,Điểm học bạ,2023,18.0,Ngôn ngữ Anh
167663,UKB,ngon-ngu-anh,D14,Điểm học bạ,2023,18.0,Ngôn ngữ Anh
167664,UKB,ngon-ngu-anh,A01,Điểm thi THPT,2023,15.0,Ngôn ngữ Anh
167665,UKB,ngon-ngu-anh,D01,Điểm thi THPT,2023,15.0,Ngôn ngữ Anh
167666,UKB,ngon-ngu-anh,D10,Điểm thi THPT,2023,15.0,Ngôn ngữ Anh
167667,UKB,ngon-ngu-anh,D14,Điểm thi THPT,2023,15.0,Ngôn ngữ Anh
167668,UKB,ngon-ngu-anh,A01,Điểm học bạ,2024,15.0,Ngôn ngữ Anh
167669,UKB,ngon-ngu-anh,D01,Điểm học bạ,2024,15.0,Ngôn ngữ Anh
167670,UKB,ngon-ngu-anh,D10,Điểm học bạ,2024,15.0,Ngôn ngữ Anh
167671,UKB,ngon-ngu-anh,D14,Điểm học bạ,2024,15.0,Ngôn ngữ Anh
167672,UKB,ngon-ngu-anh,A01,Điểm thi THPT,2024,15.0,Ngôn ngữ Anh
167673,UKB,ngon-ngu-anh,D01,Điểm thi THPT,2024,15.0,Ngôn ngữ Anh
167674,UKB,ngon-ngu-anh,D10,Điểm thi THPT,2024,15.0,Ngôn ngữ Anh
167675,UKB,ngon-ngu-anh,D14,Điểm thi THPT,2024,15.0,Ngôn ngữ Anh
167676,UKB,quan-ly-nha-nuoc,A00,Điểm thi THPT,2021,15.0,Quản lý nhà nước
167677,UKB,quan-ly-nha-nuoc,A01,Điểm thi THPT,2021,15.0,Quản lý nhà nước
167678,UKB,quan-ly-nha-nuoc,C00,Điểm thi THPT,2021,15.0,Quản lý nhà nước
167679,UKB,quan-ly-nha-nuoc,D01,Điểm thi THPT,2021,15.0,Quản lý nhà nước
167680,UKB,quan-ly-nha-nuoc,A00,Điểm học bạ,2022,18.0,Quản lý nhà nước
167681,UKB,quan-ly-nha-nuoc,A01,Điểm học bạ,2022,18.0,Quản lý nhà nước
167682,UKB,quan-ly-nha-nuoc,C00,Điểm học bạ,2022,18.0,Quản lý nhà nước
167683,UKB,quan-ly-nha-nuoc,D01,Điểm học bạ,2022,18.0,Quản lý nhà nước
167684,UKB,quan-ly-nha-nuoc,A00,Điểm thi THPT,2022,15.0,Quản lý nhà nước
167685,UKB,quan-ly-nha-nuoc,A01,Điểm thi THPT,2022,15.0,Quản lý nhà nước
167686,UKB,quan-ly-nha-nuoc,C00,Điểm thi THPT,2022,15.0,Quản lý nhà nước
167687,UKB,quan-ly-nha-nuoc,D01,Điểm thi THPT,2022,15.0,Quản lý nhà nước
167688,UKB,quan-ly-nha-nuoc,A00,Điểm học bạ,2023,18.0,Quản lý nhà nước
167689,UKB,quan-ly-nha-nuoc,A01,Điểm học bạ,2023,18.0,Quản lý nhà nước
167690,UKB,quan-ly-nha-nuoc,C00,Điểm học bạ,2023,18.0,Quản lý nhà nước
167691,UKB,quan-ly-nha-nuoc,D01,Điểm học bạ,2023,18.0,Quản lý nhà nước
167692,UKB,quan-ly-nha-nuoc,A00,Điểm thi THPT,2023,15.0,Quản lý nhà nước
167693,UKB,quan-ly-nha-nuoc,A01,Điểm thi THPT,2023,15.0,Quản lý nhà nước
167694,UKB,quan-ly-nha-nuoc,C00,Điểm thi THPT,2023,15.0,Quản lý nhà nước
167695,UKB,quan-ly-nha-nuoc,D01,Điểm thi THPT,2023,15.0,Quản lý nhà nước
167696,UKB,quan-ly-xay-dung,A00,Điểm thi THPT,2021,15.0,Quản lý xây dựng
167697,UKB,quan-ly-xay-dung,A01,Điểm thi THPT,2021,15.0,Quản lý xây dựng
167698,UKB,quan-ly-xay-dung,C04,Điểm thi THPT,2021,15.0,Quản lý xây dựng
167699,UKB,quan-ly-xay-dung,D01,Điểm thi THPT,2021,15.0,Quản lý xây dựng
167700,UKB,quan-ly-xay-dung,A00,Điểm học bạ,2022,18.0,Quản lý xây dựng
167701,UKB,quan-ly-xay-dung,A01,Điểm học bạ,2022,18.0,Quản lý xây dựng
167702,UKB,quan-ly-xay-dung,C04,Điểm học bạ,2022,18.0,Quản lý xây dựng
167703,UKB,quan-ly-xay-dung,D01,Điểm học bạ,2022,18.0,Quản lý xây dựng
167704,UKB,quan-ly-xay-dung,A00,Điểm thi THPT,2022,15.0,Quản lý xây dựng
167705,UKB,quan-ly-xay-dung,A01,Điểm thi THPT,2022,15.0,Quản lý xây dựng
167706,UKB,quan-ly-xay-dung,C04,Điểm thi THPT,2022,15.0,Quản lý xây dựng
167707,UKB,quan-ly-xay-dung,D01,Điểm thi THPT,2022,15.0,Quản lý xây dựng
167708,UKB,quan-ly-xay-dung,A00,Điểm học bạ,2023,18.0,Quản lý xây dựng
167709,UKB,quan-ly-xay-dung,A01,Điểm học bạ,2023,18.0,Quản lý xây dựng
167710,UKB,quan-ly-xay-dung,C04,Điểm học bạ,2023,18.0,Quản lý xây dựng
167711,UKB,quan-ly-xay-dung,D01,Điểm học bạ,2023,18.0,Quản lý xây dựng
167712,UKB,quan-ly-xay-dung,A00,Điểm thi THPT,2023,15.0,Quản lý xây dựng
167713,UKB,quan-ly-xay-dung,A01,Điểm thi THPT,2023,15.0,Quản lý xây dựng
167714,UKB,quan-ly-xay-dung,C04,Điểm thi THPT,2023,15.0,Quản lý xây dựng
167715,UKB,quan-ly-xay-dung,D01,Điểm thi THPT,2023,15.0,Quản lý xây dựng
167716,UKB,quan-tri-dich-vu-du-lich-va-lu-hanh,A00,Điểm thi THPT,2021,15.0,Quản trị dịch vụ du lịch và lữ hành
167717,UKB,quan-tri-dich-vu-du-lich-va-lu-hanh,A01,Điểm thi THPT,2021,15.0,Quản trị dịch vụ du lịch và lữ hành
167718,UKB,quan-tri-dich-vu-du-lich-va-lu-hanh,C00,Điểm thi THPT,2021,15.0,Quản trị dịch vụ du lịch và lữ hành
167719,UKB,quan-tri-dich-vu-du-lich-va-lu-hanh,D01,Điểm thi THPT,2021,15.0,Quản trị dịch vụ du lịch và lữ hành
167720,UKB,quan-tri-dich-vu-du-lich-va-lu-hanh,A00,Điểm học bạ,2022,18.0,Quản trị dịch vụ du lịch và lữ hành
167721,UKB,quan-tri-dich-vu-du-lich-va-lu-hanh,A01,Điểm học bạ,2022,18.0,Quản trị dịch vụ du lịch và lữ hành
167722,UKB,quan-tri-dich-vu-du-lich-va-lu-hanh,C00,Điểm học bạ,2022,18.0,Quản trị dịch vụ du lịch và lữ hành
167723,UKB,quan-tri-dich-vu-du-lich-va-lu-hanh,D01,Điểm học bạ,2022,18.0,Quản trị dịch vụ du lịch và lữ hành
167724,UKB,quan-tri-dich-vu-du-lich-va-lu-hanh,A00,Điểm thi THPT,2022,15.0,Quản trị dịch vụ du lịch và lữ hành
167725,UKB,quan-tri-dich-vu-du-lich-va-lu-hanh,A01,Điểm thi THPT,2022,15.0,Quản trị dịch vụ du lịch và lữ hành
167726,UKB,quan-tri-dich-vu-du-lich-va-lu-hanh,C00,Điểm thi THPT,2022,15.0,Quản trị dịch vụ du lịch và lữ hành
167727,UKB,quan-tri-dich-vu-du-lich-va-lu-hanh,D01,Điểm thi THPT,2022,15.0,Quản trị dịch vụ du lịch và lữ hành
167728,UKB,quan-tri-dich-vu-du-lich-va-lu-hanh,A00,Điểm học bạ,2023,18.0,Quản trị dịch vụ du lịch và lữ hành
167729,UKB,quan-tri-dich-vu-du-lich-va-lu-hanh,A01,Điểm học bạ,2023,18.0,Quản trị dịch vụ du lịch và lữ hành
167730,UKB,quan-tri-dich-vu-du-lich-va-lu-hanh,C00,Điểm học bạ,2023,18.0,Quản trị dịch vụ du lịch và lữ hành
167731,UKB,quan-tri-dich-vu-du-lich-va-lu-hanh,D01,Điểm học bạ,2023,18.0,Quản trị dịch vụ du lịch và lữ hành
167732,UKB,quan-tri-dich-vu-du-lich-va-lu-hanh,A00,Điểm thi THPT,2023,15.0,Quản trị dịch vụ du lịch và lữ hành
167733,UKB,quan-tri-dich-vu-du-lich-va-lu-hanh,A01,Điểm thi THPT,2023,15.0,Quản trị dịch vụ du lịch và lữ hành
167734,UKB,quan-tri-dich-vu-du-lich-va-lu-hanh,C00,Điểm thi THPT,2023,15.0,Quản trị dịch vụ du lịch và lữ hành
167735,UKB,quan-tri-dich-vu-du-lich-va-lu-hanh,D01,Điểm thi THPT,2023,15.0,Quản trị dịch vụ du lịch và lữ hành
167736,UKB,quan-tri-dich-vu-du-lich-va-lu-hanh,A00,Điểm học bạ,2024,15.0,Quản trị dịch vụ du lịch và lữ hành
167737,UKB,quan-tri-dich-vu-du-lich-va-lu-hanh,A01,Điểm học bạ,2024,15.0,Quản trị dịch vụ du lịch và lữ hành
167738,UKB,quan-tri-dich-vu-du-lich-va-lu-hanh,C00,Điểm học bạ,2024,15.0,Quản trị dịch vụ du lịch và lữ hành
167739,UKB,quan-tri-dich-vu-du-lich-va-lu-hanh,D01,Điểm học bạ,2024,15.0,Quản trị dịch vụ du lịch và lữ hành
167740,UKB,quan-tri-dich-vu-du-lich-va-lu-hanh,A00,Điểm thi THPT,2024,15.0,Quản trị dịch vụ du lịch và lữ hành
167741,UKB,quan-tri-dich-vu-du-lich-va-lu-hanh,A01,Điểm thi THPT,2024,15.0,Quản trị dịch vụ du lịch và lữ hành
167742,UKB,quan-tri-dich-vu-du-lich-va-lu-hanh,C00,Điểm thi THPT,2024,15.0,Quản trị dịch vụ du lịch và lữ hành
167743,UKB,quan-tri-dich-vu-du-lich-va-lu-hanh,D01,Điểm thi THPT,2024,15.0,Quản trị dịch vụ du lịch và lữ hành
167744,UKB,quan-tri-kinh-doanh,A00,Điểm thi THPT,2021,15.0,Quản trị kinh doanh
167745,UKB,quan-tri-kinh-doanh,A01,Điểm thi THPT,2021,15.0,Quản trị kinh doanh
167746,UKB,quan-tri-kinh-doanh,B00,Điểm thi THPT,2021,15.0,Quản trị kinh doanh
167747,UKB,quan-tri-kinh-doanh,D01,Điểm thi THPT,2021,15.0,Quản trị kinh doanh
167748,UKB,quan-tri-kinh-doanh,A00,Điểm học bạ,2022,18.0,Quản trị kinh doanh
167749,UKB,quan-tri-kinh-doanh,A01,Điểm học bạ,2022,18.0,Quản trị kinh doanh
167750,UKB,quan-tri-kinh-doanh,C04,Điểm học bạ,2022,18.0,Quản trị kinh doanh
167751,UKB,quan-tri-kinh-doanh,D01,Điểm học bạ,2022,18.0,Quản trị kinh doanh
167752,UKB,quan-tri-kinh-doanh,A00,Điểm thi THPT,2022,15.0,Quản trị kinh doanh
167753,UKB,quan-tri-kinh-doanh,A01,Điểm thi THPT,2022,15.0,Quản trị kinh doanh
167754,UKB,quan-tri-kinh-doanh,C04,Điểm thi THPT,2022,15.0,Quản trị kinh doanh
167755,UKB,quan-tri-kinh-doanh,D01,Điểm thi THPT,2022,15.0,Quản trị kinh doanh
167756,UKB,quan-tri-kinh-doanh,A00,Điểm học bạ,2023,18.0,Quản trị kinh doanh
167757,UKB,quan-tri-kinh-doanh,A01,Điểm học bạ,2023,18.0,Quản trị kinh doanh
167758,UKB,quan-tri-kinh-doanh,C04,Điểm học bạ,2023,18.0,Quản trị kinh doanh
167759,UKB,quan-tri-kinh-doanh,D01,Điểm học bạ,2023,18.0,Quản trị kinh doanh
167760,UKB,quan-tri-kinh-doanh,A00,Điểm thi THPT,2023,15.0,Quản trị kinh doanh
167761,UKB,quan-tri-kinh-doanh,A01,Điểm thi THPT,2023,15.0,Quản trị kinh doanh
167762,UKB,quan-tri-kinh-doanh,C04,Điểm thi THPT,2023,15.0,Quản trị kinh doanh
167763,UKB,quan-tri-kinh-doanh,D01,Điểm thi THPT,2023,15.0,Quản trị kinh doanh
167764,UKB,quan-tri-kinh-doanh,A00,Điểm học bạ,2024,15.0,Quản trị kinh doanh
167765,UKB,quan-tri-kinh-doanh,A01,Điểm học bạ,2024,15.0,Quản trị kinh doanh
167766,UKB,quan-tri-kinh-doanh,C04,Điểm học bạ,2024,15.0,Quản trị kinh doanh
167767,UKB,quan-tri-kinh-doanh,D01,Điểm học bạ,2024,15.0,Quản trị kinh doanh
167768,UKB,quan-tri-kinh-doanh,A00,Điểm thi THPT,2024,15.0,Quản trị kinh doanh
167769,UKB,quan-tri-kinh-doanh,A01,Điểm thi THPT,2024,15.0,Quản trị kinh doanh
167770,UKB,quan-tri-kinh-doanh,C04,Điểm thi THPT,2024,15.0,Quản trị kinh doanh
167771,UKB,quan-tri-kinh-doanh,D01,Điểm thi THPT,2024,15.0,Quản trị kinh doanh
167772,UKB,tai-chinh-ngan-hang,A00,Điểm thi THPT,2021,15.0,Tài chính ngân hàng
167773,UKB,tai-chinh-ngan-hang,A01,Điểm thi THPT,2021,15.0,Tài chính ngân hàng
167774,UKB,tai-chinh-ngan-hang,B00,Điểm thi THPT,2021,15.0,Tài chính ngân hàng
167775,UKB,tai-chinh-ngan-hang,D01,Điểm thi THPT,2021,15.0,Tài chính ngân hàng
167776,UKB,tai-chinh-ngan-hang,A00,Điểm học bạ,2022,18.0,Tài chính ngân hàng
167777,UKB,tai-chinh-ngan-hang,A01,Điểm học bạ,2022,18.0,Tài chính ngân hàng
167778,UKB,tai-chinh-ngan-hang,C04,Điểm học bạ,2022,18.0,Tài chính ngân hàng
167779,UKB,tai-chinh-ngan-hang,D01,Điểm học bạ,2022,18.0,Tài chính ngân hàng
167780,UKB,tai-chinh-ngan-hang,A00,Điểm thi THPT,2022,15.0,Tài chính ngân hàng
167781,UKB,tai-chinh-ngan-hang,A01,Điểm thi THPT,2022,15.0,Tài chính ngân hàng
167782,UKB,tai-chinh-ngan-hang,C04,Điểm thi THPT,2022,15.0,Tài chính ngân hàng
167783,UKB,tai-chinh-ngan-hang,D01,Điểm thi THPT,2022,15.0,Tài chính ngân hàng
167784,UKB,tai-chinh-ngan-hang,A00,Điểm học bạ,2023,18.0,Tài chính ngân hàng
167785,UKB,tai-chinh-ngan-hang,A01,Điểm học bạ,2023,18.0,Tài chính ngân hàng
167786,UKB,tai-chinh-ngan-hang,C04,Điểm học bạ,2023,18.0,Tài chính ngân hàng
167787,UKB,tai-chinh-ngan-hang,D01,Điểm học bạ,2023,18.0,Tài chính ngân hàng
167788,UKB,tai-chinh-ngan-hang,A00,Điểm thi THPT,2023,15.0,Tài chính ngân hàng
167789,UKB,tai-chinh-ngan-hang,A01,Điểm thi THPT,2023,15.0,Tài chính ngân hàng
167790,UKB,tai-chinh-ngan-hang,C04,Điểm thi THPT,2023,15.0,Tài chính ngân hàng
167791,UKB,tai-chinh-ngan-hang,D01,Điểm thi THPT,2023,15.0,Tài chính ngân hàng
167792,UKB,thiet-ke-do-hoa,H00,Điểm thi THPT,2021,15.0,Thiết kế đồ họa
167793,UKB,thiet-ke-do-hoa,H01,Điểm thi THPT,2021,15.0,Thiết kế đồ họa
167794,UKB,thiet-ke-do-hoa,V00,Điểm thi THPT,2021,15.0,Thiết kế đồ họa
167795,UKB,thiet-ke-do-hoa,V01,Điểm thi THPT,2021,15.0,Thiết kế đồ họa
167796,UKB,thiet-ke-do-hoa,H00,Điểm học bạ,2022,15.0,Thiết kế đồ họa
167797,UKB,thiet-ke-do-hoa,H00,Điểm thi THPT,2022,15.0,Thiết kế đồ họa
167798,UKB,thiet-ke-do-hoa,H01,Điểm học bạ,2023,15.0,Thiết kế đồ họa
167799,UKB,thiet-ke-do-hoa,H01,Điểm thi THPT,2023,15.0,Thiết kế đồ họa
167800,UKB,thiet-ke-noi-that,H00,Điểm thi THPT,2021,15.0,Thiết kế nội thất
167801,UKB,thiet-ke-noi-that,H01,Điểm thi THPT,2021,15.0,Thiết kế nội thất
167802,UKB,thiet-ke-noi-that,V00,Điểm thi THPT,2021,15.0,Thiết kế nội thất
167803,UKB,thiet-ke-noi-that,V01,Điểm thi THPT,2021,15.0,Thiết kế nội thất
167804,UKB,thiet-ke-noi-that,H00,Điểm học bạ,2022,15.0,Thiết kế nội thất
167805,UKB,thiet-ke-noi-that,H00,Điểm thi THPT,2022,15.0,Thiết kế nội thất
167806,UKB,thiet-ke-noi-that,H01,Điểm học bạ,2023,15.0,Thiết kế nội thất
167807,UKB,thiet-ke-noi-that,H01,Điểm thi THPT,2023,15.0,Thiết kế nội thất
167808,UKB,thiet-ke-thoi-trang,H00,Điểm thi THPT,2021,15.0,Thiết kế thời trang
167809,UKB,thiet-ke-thoi-trang,H01,Điểm thi THPT,2021,15.0,Thiết kế thời trang
167810,UKB,thiet-ke-thoi-trang,V00,Điểm thi THPT,2021,15.0,Thiết kế thời trang
167811,UKB,thiet-ke-thoi-trang,V01,Điểm thi THPT,2021,15.0,Thiết kế thời trang
167812,UKB,thiet-ke-thoi-trang,H00,Điểm học bạ,2022,15.0,Thiết kế thời trang
167813,UKB,thiet-ke-thoi-trang,H00,Điểm thi THPT,2022,15.0,Thiết kế thời trang
167814,UKB,thiet-ke-thoi-trang,H01,Điểm học bạ,2023,15.0,Thiết kế thời trang
167815,UKB,thiet-ke-thoi-trang,H01,Điểm thi THPT,2023,15.0,Thiết kế thời trang
167816,UKB,y-hoc-co-truyen,A00,Điểm thi THPT,2021,21.0,Y học cổ truyền
167817,UKB,y-hoc-co-truyen,A01,Điểm thi THPT,2021,21.0,Y học cổ truyền
167818,UKB,y-hoc-co-truyen,B00,Điểm thi THPT,2021,21.0,Y học cổ truyền
167819,UKB,y-hoc-co-truyen,D90,Điểm thi THPT,2021,21.0,Y học cổ truyền
167820,UKB,y-hoc-co-truyen,A00,Điểm thi THPT,2022,21.0,Y học cổ truyền
167821,UKB,y-hoc-co-truyen,A01,Điểm thi THPT,2022,21.0,Y học cổ truyền
167822,UKB,y-hoc-co-truyen,B00,Điểm thi THPT,2022,21.0,Y học cổ truyền
167823,UKB,y-hoc-co-truyen,D90,Điểm thi THPT,2022,21.0,Y học cổ truyền
167824,UKB,y-hoc-co-truyen,A00,Điểm thi THPT,2023,21.0,Y học cổ truyền
167825,UKB,y-hoc-co-truyen,A01,Điểm thi THPT,2023,21.0,Y học cổ truyền
167826,UKB,y-hoc-co-truyen,B00,Điểm thi THPT,2023,21.0,Y học cổ truyền
167827,UKB,y-hoc-co-truyen,D90,Điểm thi THPT,2023,21.0,Y học cổ truyền
167828,UKB,y-hoc-co-truyen,A00,Điểm thi THPT,2024,21.0,Y học cổ truyền
167829,UKB,y-hoc-co-truyen,A01,Điểm thi THPT,2024,21.0,Y học cổ truyền
167830,UKB,y-hoc-co-truyen,B00,Điểm thi THPT,2024,21.0,Y học cổ truyền
167831,UKB,y-hoc-co-truyen,D90,Điểm thi THPT,2024,21.0,Y học cổ truyền
167832,UKB,y-khoa,A00,Điểm thi THPT,2022,22.0,Y khoa
167833,UKB,y-khoa,A01,Điểm thi THPT,2022,22.0,Y khoa
167834,UKB,y-khoa,B00,Điểm thi THPT,2022,22.0,Y khoa
167835,UKB,y-khoa,D90,Điểm thi THPT,2022,22.0,Y khoa
167836,UKB,y-khoa,A00,Điểm thi THPT,2023,22.5,Y khoa
167837,UKB,y-khoa,A01,Điểm thi THPT,2023,22.5,Y khoa
167838,UKB,y-khoa,B00,Điểm thi THPT,2023,22.5,Y khoa
167839,UKB,y-khoa,D90,Điểm thi THPT,2023,22.5,Y khoa
167840,UKB,y-khoa,A00,Điểm thi THPT,2024,22.5,Y khoa
167841,UKB,y-khoa,A01,Điểm thi THPT,2024,22.5,Y khoa
167842,UKB,y-khoa,B00,Điểm thi THPT,2024,22.5,Y khoa
167843,UKB,y-khoa,D90,Điểm thi THPT,2024,22.5,Y khoa
167844,UKH,du-lich,C00,Điểm học bạ,2024,18.0,Du lịch
167845,UKH,du-lich,D01,Điểm học bạ,2024,18.0,Du lịch
167846,UKH,du-lich,D14,Điểm học bạ,2024,18.0,Du lịch
167847,UKH,du-lich,D15,Điểm học bạ,2024,18.0,Du lịch
167848,UKH,du-lich,C00,Điểm thi THPT,2024,15.1,Du lịch
167849,UKH,du-lich,D01,Điểm thi THPT,2024,15.1,Du lịch
167850,UKH,du-lich,D14,Điểm thi THPT,2024,15.1,Du lịch
167851,UKH,du-lich,D15,Điểm thi THPT,2024,15.1,Du lịch
167852,UKH,du-lich,A01,Điểm học bạ,2025,22.45,Du lịch
167853,UKH,du-lich,C00,Điểm học bạ,2025,22.45,Du lịch
167854,UKH,du-lich,D01,Điểm học bạ,2025,22.45,Du lịch
167855,UKH,du-lich,D07,Điểm học bạ,2025,22.45,Du lịch
167856,UKH,du-lich,D09,Điểm học bạ,2025,22.45,Du lịch
167857,UKH,du-lich,D10,Điểm học bạ,2025,22.45,Du lịch
167858,UKH,du-lich,D14,Điểm học bạ,2025,22.45,Du lịch
167859,UKH,du-lich,D15,Điểm học bạ,2025,22.45,Du lịch
167860,UKH,du-lich,A01,Điểm thi THPT,2025,20.45,Du lịch
167861,UKH,du-lich,C00,Điểm thi THPT,2025,20.45,Du lịch
167862,UKH,du-lich,D01,Điểm thi THPT,2025,20.45,Du lịch
167863,UKH,du-lich,D07,Điểm thi THPT,2025,20.45,Du lịch
167864,UKH,du-lich,D09,Điểm thi THPT,2025,20.45,Du lịch
167865,UKH,du-lich,D10,Điểm thi THPT,2025,20.45,Du lịch
167866,UKH,du-lich,D14,Điểm thi THPT,2025,20.45,Du lịch
167867,UKH,du-lich,D15,Điểm thi THPT,2025,20.45,Du lịch
167868,UKH,giao-duc-tieu-hoc,A00,Điểm học bạ,2021,22.5,Giáo dục tiểu học
167869,UKH,giao-duc-tieu-hoc,C00,Điểm học bạ,2021,22.5,Giáo dục tiểu học
167870,UKH,giao-duc-tieu-hoc,D01,Điểm học bạ,2021,22.5,Giáo dục tiểu học
167871,UKH,giao-duc-tieu-hoc,D14,Điểm học bạ,2021,22.5,Giáo dục tiểu học
167872,UKH,giao-duc-tieu-hoc,A00,Điểm thi THPT,2021,19.0,Giáo dục tiểu học
167873,UKH,giao-duc-tieu-hoc,C00,Điểm thi THPT,2021,19.0,Giáo dục tiểu học
167874,UKH,giao-duc-tieu-hoc,D01,Điểm thi THPT,2021,19.0,Giáo dục tiểu học
167875,UKH,giao-duc-tieu-hoc,D14,Điểm thi THPT,2021,19.0,Giáo dục tiểu học
167876,UKH,giao-duc-tieu-hoc,A00,Điểm học bạ,2022,26.5,Giáo dục tiểu học
167877,UKH,giao-duc-tieu-hoc,C00,Điểm học bạ,2022,26.5,Giáo dục tiểu học
167878,UKH,giao-duc-tieu-hoc,D01,Điểm học bạ,2022,26.5,Giáo dục tiểu học
167879,UKH,giao-duc-tieu-hoc,D14,Điểm học bạ,2022,26.5,Giáo dục tiểu học
167880,UKH,giao-duc-tieu-hoc,A00,Điểm thi THPT,2022,24.25,Giáo dục tiểu học
167881,UKH,giao-duc-tieu-hoc,C00,Điểm thi THPT,2022,24.25,Giáo dục tiểu học
167882,UKH,giao-duc-tieu-hoc,D01,Điểm thi THPT,2022,24.25,Giáo dục tiểu học
167883,UKH,giao-duc-tieu-hoc,D14,Điểm thi THPT,2022,24.25,Giáo dục tiểu học
167884,UKH,giao-duc-tieu-hoc,A00,Điểm học bạ,2023,27.0,Giáo dục Tiểu học
167885,UKH,giao-duc-tieu-hoc,C00,Điểm học bạ,2023,27.0,Giáo dục Tiểu học
167886,UKH,giao-duc-tieu-hoc,D01,Điểm học bạ,2023,27.0,Giáo dục Tiểu học
167887,UKH,giao-duc-tieu-hoc,D14,Điểm học bạ,2023,27.0,Giáo dục Tiểu học
167888,UKH,giao-duc-tieu-hoc,A00,Điểm thi THPT,2023,24.44,Giáo dục Tiểu học
167889,UKH,giao-duc-tieu-hoc,C00,Điểm thi THPT,2023,24.44,Giáo dục Tiểu học
167890,UKH,giao-duc-tieu-hoc,D01,Điểm thi THPT,2023,24.44,Giáo dục Tiểu học
167891,UKH,giao-duc-tieu-hoc,D14,Điểm thi THPT,2023,24.44,Giáo dục Tiểu học
167892,UKH,giao-duc-tieu-hoc,B03,Điểm học bạ,2025,27.97,Giáo dục Tiểu học
167893,UKH,giao-duc-tieu-hoc,C01,Điểm học bạ,2025,27.97,Giáo dục Tiểu học
167894,UKH,giao-duc-tieu-hoc,C02,Điểm học bạ,2025,27.97,Giáo dục Tiểu học
167895,UKH,giao-duc-tieu-hoc,C03,Điểm học bạ,2025,27.97,Giáo dục Tiểu học
167896,UKH,giao-duc-tieu-hoc,C04,Điểm học bạ,2025,27.97,Giáo dục Tiểu học
167897,UKH,giao-duc-tieu-hoc,D01,Điểm học bạ,2025,27.97,Giáo dục Tiểu học
167898,UKH,giao-duc-tieu-hoc,B03,Điểm thi THPT,2025,25.97,Giáo dục Tiểu học
167899,UKH,giao-duc-tieu-hoc,C01,Điểm thi THPT,2025,25.97,Giáo dục Tiểu học
167900,UKH,giao-duc-tieu-hoc,C02,Điểm thi THPT,2025,25.97,Giáo dục Tiểu học
167901,UKH,giao-duc-tieu-hoc,C03,Điểm thi THPT,2025,25.97,Giáo dục Tiểu học
167902,UKH,giao-duc-tieu-hoc,C04,Điểm thi THPT,2025,25.97,Giáo dục Tiểu học
167903,UKH,giao-duc-tieu-hoc,D01,Điểm thi THPT,2025,25.97,Giáo dục Tiểu học
167904,UKH,hoa-hoc,A00,Điểm học bạ,2021,16.0,Hóa học (Hóa dược - Sản phẩm thiên nhiên)
167905,UKH,hoa-hoc,A01,Điểm học bạ,2021,16.0,Hóa học (Hóa dược - Sản phẩm thiên nhiên)
167906,UKH,hoa-hoc,B00,Điểm học bạ,2021,16.0,Hóa học (Hóa dược - Sản phẩm thiên nhiên)
167907,UKH,hoa-hoc,D07,Điểm học bạ,2021,16.0,Hóa học (Hóa dược - Sản phẩm thiên nhiên)
167908,UKH,hoa-hoc,A00,Điểm thi THPT,2021,15.0,Hóa học (Hóa dược - Sản phẩm thiên nhiên)
167909,UKH,hoa-hoc,A01,Điểm thi THPT,2021,15.0,Hóa học (Hóa dược - Sản phẩm thiên nhiên)
167910,UKH,hoa-hoc,B00,Điểm thi THPT,2021,15.0,Hóa học (Hóa dược - Sản phẩm thiên nhiên)
167911,UKH,hoa-hoc,D07,Điểm thi THPT,2021,15.0,Hóa học (Hóa dược - Sản phẩm thiên nhiên)
167912,UKH,hoa-hoc,A00,Điểm học bạ,2022,16.0,Hóa học (Hóa dược - Sản phẩm thiên nhiên)
167913,UKH,hoa-hoc,A01,Điểm học bạ,2022,16.0,Hóa học (Hóa dược - Sản phẩm thiên nhiên)
167914,UKH,hoa-hoc,B00,Điểm học bạ,2022,16.0,Hóa học (Hóa dược - Sản phẩm thiên nhiên)
167915,UKH,hoa-hoc,D07,Điểm học bạ,2022,16.0,Hóa học (Hóa dược - Sản phẩm thiên nhiên)
167916,UKH,hoa-hoc,A00,Điểm thi THPT,2022,15.0,Hóa học (Hóa dược - Sản phẩm thiên nhiên)
167917,UKH,hoa-hoc,A01,Điểm thi THPT,2022,15.0,Hóa học (Hóa dược - Sản phẩm thiên nhiên)
167918,UKH,hoa-hoc,B00,Điểm thi THPT,2022,15.0,Hóa học (Hóa dược - Sản phẩm thiên nhiên)
167919,UKH,hoa-hoc,D07,Điểm thi THPT,2022,15.0,Hóa học (Hóa dược - Sản phẩm thiên nhiên)
167920,UKH,hoa-hoc,A00,Điểm học bạ,2023,16.0,Hóa học (Hóa dược -Sản phẩm thiên nhiên)
167921,UKH,hoa-hoc,A01,Điểm học bạ,2023,16.0,Hóa học (Hóa dược -Sản phẩm thiên nhiên)
167922,UKH,hoa-hoc,B00,Điểm học bạ,2023,16.0,Hóa học (Hóa dược -Sản phẩm thiên nhiên)
167923,UKH,hoa-hoc,D07,Điểm học bạ,2023,16.0,Hóa học (Hóa dược -Sản phẩm thiên nhiên)
167924,UKH,hoa-hoc,A00,Điểm thi THPT,2023,15.0,Hóa học (Hóa dược -Sản phẩm thiên nhiên)
167925,UKH,hoa-hoc,A01,Điểm thi THPT,2023,15.0,Hóa học (Hóa dược -Sản phẩm thiên nhiên)
167926,UKH,hoa-hoc,B00,Điểm thi THPT,2023,15.0,Hóa học (Hóa dược -Sản phẩm thiên nhiên)
167927,UKH,hoa-hoc,D07,Điểm thi THPT,2023,15.0,Hóa học (Hóa dược -Sản phẩm thiên nhiên)
167928,UKH,hoa-hoc,A00,Điểm học bạ,2024,16.0,Hóa học (Hóa dược - Sản phẩm thiên nhiên)
167929,UKH,hoa-hoc,A01,Điểm học bạ,2024,16.0,Hóa học (Hóa dược - Sản phẩm thiên nhiên)
167930,UKH,hoa-hoc,B00,Điểm học bạ,2024,16.0,Hóa học (Hóa dược - Sản phẩm thiên nhiên)
167931,UKH,hoa-hoc,D07,Điểm học bạ,2024,16.0,Hóa học (Hóa dược - Sản phẩm thiên nhiên)
167932,UKH,hoa-hoc,A00,Điểm thi THPT,2024,15.0,Hóa học (Hóa dược - Sản phẩm thiên nhiên)
167933,UKH,hoa-hoc,A01,Điểm thi THPT,2024,15.0,Hóa học (Hóa dược - Sản phẩm thiên nhiên)
167934,UKH,hoa-hoc,B00,Điểm thi THPT,2024,15.0,Hóa học (Hóa dược - Sản phẩm thiên nhiên)
167935,UKH,hoa-hoc,D07,Điểm thi THPT,2024,15.0,Hóa học (Hóa dược - Sản phẩm thiên nhiên)
167936,UKH,hoa-hoc,A00,Điểm học bạ,2025,17.0,Hóa học (Hóa dược - Sản phẩm thiên nhiên)
167937,UKH,hoa-hoc,A06,Điểm học bạ,2025,17.0,Hóa học (Hóa dược - Sản phẩm thiên nhiên)
167938,UKH,hoa-hoc,B00,Điểm học bạ,2025,17.0,Hóa học (Hóa dược - Sản phẩm thiên nhiên)
167939,UKH,hoa-hoc,C02,Điểm học bạ,2025,17.0,Hóa học (Hóa dược - Sản phẩm thiên nhiên)
167940,UKH,hoa-hoc,D07,Điểm học bạ,2025,17.0,Hóa học (Hóa dược - Sản phẩm thiên nhiên)
167941,UKH,hoa-hoc,X10,Điểm học bạ,2025,17.0,Hóa học (Hóa dược - Sản phẩm thiên nhiên)
167942,UKH,hoa-hoc,X11,Điểm học bạ,2025,17.0,Hóa học (Hóa dược - Sản phẩm thiên nhiên)
167943,UKH,hoa-hoc,A00,Điểm thi THPT,2025,15.0,Hóa học (Hóa dược - Sản phẩm thiên nhiên)
167944,UKH,hoa-hoc,A06,Điểm thi THPT,2025,15.0,Hóa học (Hóa dược - Sản phẩm thiên nhiên)
167945,UKH,hoa-hoc,B00,Điểm thi THPT,2025,15.0,Hóa học (Hóa dược - Sản phẩm thiên nhiên)
167946,UKH,hoa-hoc,C02,Điểm thi THPT,2025,15.0,Hóa học (Hóa dược - Sản phẩm thiên nhiên)
167947,UKH,hoa-hoc,D07,Điểm thi THPT,2025,15.0,Hóa học (Hóa dược - Sản phẩm thiên nhiên)
167948,UKH,hoa-hoc,X10,Điểm thi THPT,2025,15.0,Hóa học (Hóa dược - Sản phẩm thiên nhiên)
167949,UKH,hoa-hoc,X11,Điểm thi THPT,2025,15.0,Hóa học (Hóa dược - Sản phẩm thiên nhiên)
167950,UKH,ngon-ngu-anh,A01,Điểm học bạ,2021,19.0,Ngôn ngữ Anh
167951,UKH,ngon-ngu-anh,D01,Điểm học bạ,2021,19.0,Ngôn ngữ Anh
167952,UKH,ngon-ngu-anh,D14,Điểm học bạ,2021,19.0,Ngôn ngữ Anh
167953,UKH,ngon-ngu-anh,D15,Điểm học bạ,2021,19.0,Ngôn ngữ Anh
167954,UKH,ngon-ngu-anh,A01,Điểm thi THPT,2021,15.0,Ngôn ngữ Anh
167955,UKH,ngon-ngu-anh,D01,Điểm thi THPT,2021,15.0,Ngôn ngữ Anh
167956,UKH,ngon-ngu-anh,D14,Điểm thi THPT,2021,15.0,Ngôn ngữ Anh
167957,UKH,ngon-ngu-anh,D15,Điểm thi THPT,2021,15.0,Ngôn ngữ Anh
167958,UKH,ngon-ngu-anh,A01,Điểm học bạ,2022,19.0,Ngôn ngữ Anh
167959,UKH,ngon-ngu-anh,D01,Điểm học bạ,2022,19.0,Ngôn ngữ Anh
167960,UKH,ngon-ngu-anh,D14,Điểm học bạ,2022,19.0,Ngôn ngữ Anh
167961,UKH,ngon-ngu-anh,D15,Điểm học bạ,2022,19.0,Ngôn ngữ Anh
167962,UKH,ngon-ngu-anh,A01,Điểm thi THPT,2022,19.0,Ngôn ngữ Anh
167963,UKH,ngon-ngu-anh,D01,Điểm thi THPT,2022,19.0,Ngôn ngữ Anh
167964,UKH,ngon-ngu-anh,D14,Điểm thi THPT,2022,19.0,Ngôn ngữ Anh
167965,UKH,ngon-ngu-anh,D15,Điểm thi THPT,2022,19.0,Ngôn ngữ Anh
167966,UKH,ngon-ngu-anh,A01,Điểm học bạ,2023,19.0,Ngôn ngữ Anh
167967,UKH,ngon-ngu-anh,D01,Điểm học bạ,2023,19.0,Ngôn ngữ Anh
167968,UKH,ngon-ngu-anh,D14,Điểm học bạ,2023,19.0,Ngôn ngữ Anh
167969,UKH,ngon-ngu-anh,D15,Điểm học bạ,2023,19.0,Ngôn ngữ Anh
167970,UKH,ngon-ngu-anh,A01,Điểm thi THPT,2023,15.0,Ngôn ngữ Anh
167971,UKH,ngon-ngu-anh,D01,Điểm thi THPT,2023,15.0,Ngôn ngữ Anh
167972,UKH,ngon-ngu-anh,D14,Điểm thi THPT,2023,15.0,Ngôn ngữ Anh
167973,UKH,ngon-ngu-anh,D15,Điểm thi THPT,2023,15.0,Ngôn ngữ Anh
167974,UKH,ngon-ngu-anh,A01,Điểm học bạ,2024,20.0,Ngôn ngữ Anh
167975,UKH,ngon-ngu-anh,D01,Điểm học bạ,2024,20.0,Ngôn ngữ Anh
167976,UKH,ngon-ngu-anh,D14,Điểm học bạ,2024,20.0,Ngôn ngữ Anh
167977,UKH,ngon-ngu-anh,D15,Điểm học bạ,2024,20.0,Ngôn ngữ Anh
167978,UKH,ngon-ngu-anh,A01,Điểm thi THPT,2024,19.5,Ngôn ngữ Anh
167979,UKH,ngon-ngu-anh,D01,Điểm thi THPT,2024,19.5,Ngôn ngữ Anh
167980,UKH,ngon-ngu-anh,D14,Điểm thi THPT,2024,19.5,Ngôn ngữ Anh
167981,UKH,ngon-ngu-anh,D15,Điểm thi THPT,2024,19.5,Ngôn ngữ Anh
167982,UKH,ngon-ngu-anh,A01,Điểm học bạ,2025,20.55,Ngôn ngữ Anh (Tiếng Anh du lịch)
167983,UKH,ngon-ngu-anh,D01,Điểm học bạ,2025,20.55,Ngôn ngữ Anh (Tiếng Anh du lịch)
167984,UKH,ngon-ngu-anh,D07,Điểm học bạ,2025,20.55,Ngôn ngữ Anh (Tiếng Anh du lịch)
167985,UKH,ngon-ngu-anh,D09,Điểm học bạ,2025,20.55,Ngôn ngữ Anh (Tiếng Anh du lịch)
167986,UKH,ngon-ngu-anh,D10,Điểm học bạ,2025,20.55,Ngôn ngữ Anh (Tiếng Anh du lịch)
167987,UKH,ngon-ngu-anh,D14,Điểm học bạ,2025,20.55,Ngôn ngữ Anh (Tiếng Anh du lịch)
167988,UKH,ngon-ngu-anh,D15,Điểm học bạ,2025,20.55,Ngôn ngữ Anh (Tiếng Anh du lịch)
167989,UKH,ngon-ngu-anh,A01,Điểm thi THPT,2025,18.55,Ngôn ngữ Anh (Tiếng Anh du lịch)
167990,UKH,ngon-ngu-anh,D01,Điểm thi THPT,2025,18.55,Ngôn ngữ Anh (Tiếng Anh du lịch)
167991,UKH,ngon-ngu-anh,D07,Điểm thi THPT,2025,18.55,Ngôn ngữ Anh (Tiếng Anh du lịch)
167992,UKH,ngon-ngu-anh,D09,Điểm thi THPT,2025,18.55,Ngôn ngữ Anh (Tiếng Anh du lịch)
167993,UKH,ngon-ngu-anh,D10,Điểm thi THPT,2025,18.55,Ngôn ngữ Anh (Tiếng Anh du lịch)
167994,UKH,ngon-ngu-anh,D14,Điểm thi THPT,2025,18.55,Ngôn ngữ Anh (Tiếng Anh du lịch)
167995,UKH,ngon-ngu-anh,D15,Điểm thi THPT,2025,18.55,Ngôn ngữ Anh (Tiếng Anh du lịch)
167996,UKH,ngon-ngu-hoc,D01,Điểm học bạ,2022,18.0,Ngôn ngữ học (Tiếng Trung Quốc)
167997,UKH,ngon-ngu-hoc,D04,Điểm học bạ,2022,18.0,Ngôn ngữ học (Tiếng Trung Quốc)
167998,UKH,ngon-ngu-hoc,D14,Điểm học bạ,2022,18.0,Ngôn ngữ học (Tiếng Trung Quốc)
167999,UKH,ngon-ngu-hoc,D15,Điểm học bạ,2022,18.0,Ngôn ngữ học (Tiếng Trung Quốc)
168000,UKH,ngon-ngu-hoc,D01,Điểm thi THPT,2022,15.0,Ngôn ngữ học (Tiếng Trung Quốc)
168001,UKH,ngon-ngu-hoc,D04,Điểm thi THPT,2022,15.0,Ngôn ngữ học (Tiếng Trung Quốc)
168002,UKH,ngon-ngu-hoc,D14,Điểm thi THPT,2022,15.0,Ngôn ngữ học (Tiếng Trung Quốc)
168003,UKH,ngon-ngu-hoc,D15,Điểm thi THPT,2022,15.0,Ngôn ngữ học (Tiếng Trung Quốc)
168004,UKH,ngon-ngu-hoc,D01,Điểm học bạ,2023,18.0,Ngôn ngữ học (Tiếng Trung Quốc)
168005,UKH,ngon-ngu-hoc,D04,Điểm học bạ,2023,18.0,Ngôn ngữ học (Tiếng Trung Quốc)
168006,UKH,ngon-ngu-hoc,D14,Điểm học bạ,2023,18.0,Ngôn ngữ học (Tiếng Trung Quốc)
168007,UKH,ngon-ngu-hoc,D15,Điểm học bạ,2023,18.0,Ngôn ngữ học (Tiếng Trung Quốc)
168008,UKH,ngon-ngu-hoc,D01,Điểm thi THPT,2023,16.0,Ngôn ngữ học (Tiếng Trung Quốc)
168009,UKH,ngon-ngu-hoc,D04,Điểm thi THPT,2023,16.0,Ngôn ngữ học (Tiếng Trung Quốc)
168010,UKH,ngon-ngu-hoc,D14,Điểm thi THPT,2023,16.0,Ngôn ngữ học (Tiếng Trung Quốc)
168011,UKH,ngon-ngu-hoc,D15,Điểm thi THPT,2023,16.0,Ngôn ngữ học (Tiếng Trung Quốc)
168012,UKH,ngon-ngu-hoc,D01,Điểm học bạ,2024,23.0,Ngôn ngữ học (Tiếng Trung Quốc)
168013,UKH,ngon-ngu-hoc,D04,Điểm học bạ,2024,23.0,Ngôn ngữ học (Tiếng Trung Quốc)
168014,UKH,ngon-ngu-hoc,D14,Điểm học bạ,2024,23.0,Ngôn ngữ học (Tiếng Trung Quốc)
168015,UKH,ngon-ngu-hoc,D15,Điểm học bạ,2024,23.0,Ngôn ngữ học (Tiếng Trung Quốc)
168016,UKH,ngon-ngu-hoc,D01,Điểm thi THPT,2024,22.0,Ngôn ngữ học (Tiếng Trung Quốc)
168017,UKH,ngon-ngu-hoc,D04,Điểm thi THPT,2024,22.0,Ngôn ngữ học (Tiếng Trung Quốc)
168018,UKH,ngon-ngu-hoc,D14,Điểm thi THPT,2024,22.0,Ngôn ngữ học (Tiếng Trung Quốc)
168019,UKH,ngon-ngu-hoc,D15,Điểm thi THPT,2024,22.0,Ngôn ngữ học (Tiếng Trung Quốc)
168020,UKH,ngon-ngu-hoc,D01,Điểm học bạ,2025,24.06,Ngôn ngữ học (Tiếng Trung Quốc)
168021,UKH,ngon-ngu-hoc,D04,Điểm học bạ,2025,24.06,Ngôn ngữ học (Tiếng Trung Quốc)
168022,UKH,ngon-ngu-hoc,D09,Điểm học bạ,2025,24.06,Ngôn ngữ học (Tiếng Trung Quốc)
168023,UKH,ngon-ngu-hoc,D10,Điểm học bạ,2025,24.06,Ngôn ngữ học (Tiếng Trung Quốc)
168024,UKH,ngon-ngu-hoc,D14,Điểm học bạ,2025,24.06,Ngôn ngữ học (Tiếng Trung Quốc)
168025,UKH,ngon-ngu-hoc,D15,Điểm học bạ,2025,24.06,Ngôn ngữ học (Tiếng Trung Quốc)
168026,UKH,ngon-ngu-hoc,D01,Điểm thi THPT,2025,22.06,Ngôn ngữ học (Tiếng Trung Quốc)
168027,UKH,ngon-ngu-hoc,D04,Điểm thi THPT,2025,22.06,Ngôn ngữ học (Tiếng Trung Quốc)
168028,UKH,ngon-ngu-hoc,D09,Điểm thi THPT,2025,22.06,Ngôn ngữ học (Tiếng Trung Quốc)
168029,UKH,ngon-ngu-hoc,D10,Điểm thi THPT,2025,22.06,Ngôn ngữ học (Tiếng Trung Quốc)
168030,UKH,ngon-ngu-hoc,D14,Điểm thi THPT,2025,22.06,Ngôn ngữ học (Tiếng Trung Quốc)
168031,UKH,ngon-ngu-hoc,D15,Điểm thi THPT,2025,22.06,Ngôn ngữ học (Tiếng Trung Quốc)
168032,UKH,quan-tri-dich-vu-du-lich-va-lu-hanh,A01,Điểm học bạ,2021,18.0,Quản trị dịch vụ du lịch và lữ hành
168033,UKH,quan-tri-dich-vu-du-lich-va-lu-hanh,D01,Điểm học bạ,2021,18.0,Quản trị dịch vụ du lịch và lữ hành
168034,UKH,quan-tri-dich-vu-du-lich-va-lu-hanh,D14,Điểm học bạ,2021,18.0,Quản trị dịch vụ du lịch và lữ hành
168035,UKH,quan-tri-dich-vu-du-lich-va-lu-hanh,D15,Điểm học bạ,2021,18.0,Quản trị dịch vụ du lịch và lữ hành
168036,UKH,quan-tri-dich-vu-du-lich-va-lu-hanh,A01,Điểm thi THPT,2021,15.0,Quản trị dịch vụ du lịch và lữ hành
168037,UKH,quan-tri-dich-vu-du-lich-va-lu-hanh,D01,Điểm thi THPT,2021,15.0,Quản trị dịch vụ du lịch và lữ hành
168038,UKH,quan-tri-dich-vu-du-lich-va-lu-hanh,D14,Điểm thi THPT,2021,15.0,Quản trị dịch vụ du lịch và lữ hành
168039,UKH,quan-tri-dich-vu-du-lich-va-lu-hanh,D15,Điểm thi THPT,2021,15.0,Quản trị dịch vụ du lịch và lữ hành
168040,UKH,quan-tri-dich-vu-du-lich-va-lu-hanh,A01,Điểm học bạ,2022,18.0,Quản trị dịch vụ du lịch và lữ hành
168041,UKH,quan-tri-dich-vu-du-lich-va-lu-hanh,D01,Điểm học bạ,2022,18.0,Quản trị dịch vụ du lịch và lữ hành
168042,UKH,quan-tri-dich-vu-du-lich-va-lu-hanh,D14,Điểm học bạ,2022,18.0,Quản trị dịch vụ du lịch và lữ hành
168043,UKH,quan-tri-dich-vu-du-lich-va-lu-hanh,D15,Điểm học bạ,2022,18.0,Quản trị dịch vụ du lịch và lữ hành
168044,UKH,quan-tri-dich-vu-du-lich-va-lu-hanh,A01,Điểm thi THPT,2022,15.0,Quản trị dịch vụ du lịch và lữ hành
168045,UKH,quan-tri-dich-vu-du-lich-va-lu-hanh,D01,Điểm thi THPT,2022,15.0,Quản trị dịch vụ du lịch và lữ hành
168046,UKH,quan-tri-dich-vu-du-lich-va-lu-hanh,D14,Điểm thi THPT,2022,15.0,Quản trị dịch vụ du lịch và lữ hành
168047,UKH,quan-tri-dich-vu-du-lich-va-lu-hanh,D15,Điểm thi THPT,2022,15.0,Quản trị dịch vụ du lịch và lữ hành
168048,UKH,quan-tri-dich-vu-du-lich-va-lu-hanh,A01,Điểm học bạ,2023,18.0,Quản trị dịch vụ du lịch và lữ hành
168049,UKH,quan-tri-dich-vu-du-lich-va-lu-hanh,D01,Điểm học bạ,2023,18.0,Quản trị dịch vụ du lịch và lữ hành
168050,UKH,quan-tri-dich-vu-du-lich-va-lu-hanh,D14,Điểm học bạ,2023,18.0,Quản trị dịch vụ du lịch và lữ hành
168051,UKH,quan-tri-dich-vu-du-lich-va-lu-hanh,D15,Điểm học bạ,2023,18.0,Quản trị dịch vụ du lịch và lữ hành
168052,UKH,quan-tri-dich-vu-du-lich-va-lu-hanh,A01,Điểm thi THPT,2023,15.0,Quản trị dịch vụ du lịch và lữ hành
168053,UKH,quan-tri-dich-vu-du-lich-va-lu-hanh,D01,Điểm thi THPT,2023,15.0,Quản trị dịch vụ du lịch và lữ hành
168054,UKH,quan-tri-dich-vu-du-lich-va-lu-hanh,D14,Điểm thi THPT,2023,15.0,Quản trị dịch vụ du lịch và lữ hành
168055,UKH,quan-tri-dich-vu-du-lich-va-lu-hanh,D15,Điểm thi THPT,2023,15.0,Quản trị dịch vụ du lịch và lữ hành
168056,UKH,quan-tri-dich-vu-du-lich-va-lu-hanh,A01,Điểm học bạ,2024,18.7,Quản trị dịch vụ du lịch và lữ hành
168057,UKH,quan-tri-dich-vu-du-lich-va-lu-hanh,D01,Điểm học bạ,2024,18.7,Quản trị dịch vụ du lịch và lữ hành
168058,UKH,quan-tri-dich-vu-du-lich-va-lu-hanh,D14,Điểm học bạ,2024,18.7,Quản trị dịch vụ du lịch và lữ hành
168059,UKH,quan-tri-dich-vu-du-lich-va-lu-hanh,D15,Điểm học bạ,2024,18.7,Quản trị dịch vụ du lịch và lữ hành
168060,UKH,quan-tri-dich-vu-du-lich-va-lu-hanh,A01,Điểm thi THPT,2024,17.5,Quản trị dịch vụ du lịch và lữ hành
168061,UKH,quan-tri-dich-vu-du-lich-va-lu-hanh,D01,Điểm thi THPT,2024,17.5,Quản trị dịch vụ du lịch và lữ hành
168062,UKH,quan-tri-dich-vu-du-lich-va-lu-hanh,D14,Điểm thi THPT,2024,17.5,Quản trị dịch vụ du lịch và lữ hành
168063,UKH,quan-tri-dich-vu-du-lich-va-lu-hanh,D15,Điểm thi THPT,2024,17.5,Quản trị dịch vụ du lịch và lữ hành
168064,UKH,quan-tri-dich-vu-du-lich-va-lu-hanh,A00,Điểm học bạ,2025,20.75,Quản trị dịch vụ du lịch và lữ hành
168065,UKH,quan-tri-dich-vu-du-lich-va-lu-hanh,A01,Điểm học bạ,2025,20.75,Quản trị dịch vụ du lịch và lữ hành
168066,UKH,quan-tri-dich-vu-du-lich-va-lu-hanh,B08,Điểm học bạ,2025,20.75,Quản trị dịch vụ du lịch và lữ hành
168067,UKH,quan-tri-dich-vu-du-lich-va-lu-hanh,D01,Điểm học bạ,2025,20.75,Quản trị dịch vụ du lịch và lữ hành
168068,UKH,quan-tri-dich-vu-du-lich-va-lu-hanh,D07,Điểm học bạ,2025,20.75,Quản trị dịch vụ du lịch và lữ hành
168069,UKH,quan-tri-dich-vu-du-lich-va-lu-hanh,D09,Điểm học bạ,2025,20.75,Quản trị dịch vụ du lịch và lữ hành
168070,UKH,quan-tri-dich-vu-du-lich-va-lu-hanh,D10,Điểm học bạ,2025,20.75,Quản trị dịch vụ du lịch và lữ hành
168071,UKH,quan-tri-dich-vu-du-lich-va-lu-hanh,A00,Điểm thi THPT,2025,18.75,Quản trị dịch vụ du lịch và lữ hành
168072,UKH,quan-tri-dich-vu-du-lich-va-lu-hanh,A01,Điểm thi THPT,2025,18.75,Quản trị dịch vụ du lịch và lữ hành
168073,UKH,quan-tri-dich-vu-du-lich-va-lu-hanh,B08,Điểm thi THPT,2025,18.75,Quản trị dịch vụ du lịch và lữ hành
168074,UKH,quan-tri-dich-vu-du-lich-va-lu-hanh,D01,Điểm thi THPT,2025,18.75,Quản trị dịch vụ du lịch và lữ hành
168075,UKH,quan-tri-dich-vu-du-lich-va-lu-hanh,D07,Điểm thi THPT,2025,18.75,Quản trị dịch vụ du lịch và lữ hành
168076,UKH,quan-tri-dich-vu-du-lich-va-lu-hanh,D09,Điểm thi THPT,2025,18.75,Quản trị dịch vụ du lịch và lữ hành
168077,UKH,quan-tri-dich-vu-du-lich-va-lu-hanh,D10,Điểm thi THPT,2025,18.75,Quản trị dịch vụ du lịch và lữ hành
168078,UKH,quan-tri-khach-san,A01,Điểm học bạ,2021,18.0,Quản trị khách sạn
168079,UKH,quan-tri-khach-san,D01,Điểm học bạ,2021,18.0,Quản trị khách sạn
168080,UKH,quan-tri-khach-san,D14,Điểm học bạ,2021,18.0,Quản trị khách sạn
168081,UKH,quan-tri-khach-san,D15,Điểm học bạ,2021,18.0,Quản trị khách sạn
168082,UKH,quan-tri-khach-san,A01,Điểm thi THPT,2021,15.0,Quản trị khách sạn
168083,UKH,quan-tri-khach-san,D01,Điểm thi THPT,2021,15.0,Quản trị khách sạn
168084,UKH,quan-tri-khach-san,D14,Điểm thi THPT,2021,15.0,Quản trị khách sạn
168085,UKH,quan-tri-khach-san,D15,Điểm thi THPT,2021,15.0,Quản trị khách sạn
168086,UKH,quan-tri-khach-san,A01,Điểm học bạ,2022,18.0,Quản trị khách sạn
168087,UKH,quan-tri-khach-san,D01,Điểm học bạ,2022,18.0,Quản trị khách sạn
168088,UKH,quan-tri-khach-san,D14,Điểm học bạ,2022,18.0,Quản trị khách sạn
168089,UKH,quan-tri-khach-san,D15,Điểm học bạ,2022,18.0,Quản trị khách sạn
168090,UKH,quan-tri-khach-san,A01,Điểm thi THPT,2022,18.0,Quản trị khách sạn
168091,UKH,quan-tri-khach-san,D01,Điểm thi THPT,2022,18.0,Quản trị khách sạn
168092,UKH,quan-tri-khach-san,D14,Điểm thi THPT,2022,18.0,Quản trị khách sạn
168093,UKH,quan-tri-khach-san,D15,Điểm thi THPT,2022,18.0,Quản trị khách sạn
168094,UKH,quan-tri-khach-san,A01,Điểm học bạ,2023,18.0,Quản trị khách sạn
168095,UKH,quan-tri-khach-san,D01,Điểm học bạ,2023,18.0,Quản trị khách sạn
168096,UKH,quan-tri-khach-san,D14,Điểm học bạ,2023,18.0,Quản trị khách sạn
168097,UKH,quan-tri-khach-san,D15,Điểm học bạ,2023,18.0,Quản trị khách sạn
168098,UKH,quan-tri-khach-san,A01,Điểm thi THPT,2023,15.0,Quản trị khách sạn
168099,UKH,quan-tri-khach-san,D01,Điểm thi THPT,2023,15.0,Quản trị khách sạn
168100,UKH,quan-tri-khach-san,D14,Điểm thi THPT,2023,15.0,Quản trị khách sạn
168101,UKH,quan-tri-khach-san,D15,Điểm thi THPT,2023,15.0,Quản trị khách sạn
168102,UKH,quan-tri-khach-san,A01,Điểm học bạ,2024,18.6,Quản trị khách sạn
168103,UKH,quan-tri-khach-san,D01,Điểm học bạ,2024,18.6,Quản trị khách sạn
168104,UKH,quan-tri-khach-san,D14,Điểm học bạ,2024,18.6,Quản trị khách sạn
168105,UKH,quan-tri-khach-san,D15,Điểm học bạ,2024,18.6,Quản trị khách sạn
168106,UKH,quan-tri-khach-san,A01,Điểm thi THPT,2024,17.4,Quản trị khách sạn
168107,UKH,quan-tri-khach-san,D01,Điểm thi THPT,2024,17.4,Quản trị khách sạn
168108,UKH,quan-tri-khach-san,D14,Điểm thi THPT,2024,17.4,Quản trị khách sạn
168109,UKH,quan-tri-khach-san,D15,Điểm thi THPT,2024,17.4,Quản trị khách sạn
168110,UKH,quan-tri-khach-san,A00,Điểm học bạ,2025,21.7,Quản trị khách sạn
168111,UKH,quan-tri-khach-san,A01,Điểm học bạ,2025,21.7,Quản trị khách sạn
168112,UKH,quan-tri-khach-san,B08,Điểm học bạ,2025,21.7,Quản trị khách sạn
168113,UKH,quan-tri-khach-san,D01,Điểm học bạ,2025,21.7,Quản trị khách sạn
168114,UKH,quan-tri-khach-san,D07,Điểm học bạ,2025,21.7,Quản trị khách sạn
168115,UKH,quan-tri-khach-san,D09,Điểm học bạ,2025,21.7,Quản trị khách sạn
168116,UKH,quan-tri-khach-san,D10,Điểm học bạ,2025,21.7,Quản trị khách sạn
168117,UKH,quan-tri-khach-san,A00,Điểm thi THPT,2025,19.7,Quản trị khách sạn
168118,UKH,quan-tri-khach-san,A01,Điểm thi THPT,2025,19.7,Quản trị khách sạn
168119,UKH,quan-tri-khach-san,B08,Điểm thi THPT,2025,19.7,Quản trị khách sạn
168120,UKH,quan-tri-khach-san,D01,Điểm thi THPT,2025,19.7,Quản trị khách sạn
168121,UKH,quan-tri-khach-san,D07,Điểm thi THPT,2025,19.7,Quản trị khách sạn
168122,UKH,quan-tri-khach-san,D09,Điểm thi THPT,2025,19.7,Quản trị khách sạn
168123,UKH,quan-tri-khach-san,D10,Điểm thi THPT,2025,19.7,Quản trị khách sạn
168124,UKH,quan-tri-kinh-doanh,A01,Điểm học bạ,2021,18.0,Quản trị kinh doanh (Khách sạn - nhà hàng)
168125,UKH,quan-tri-kinh-doanh,D01,Điểm học bạ,2021,18.0,Quản trị kinh doanh (Khách sạn - nhà hàng)
168126,UKH,quan-tri-kinh-doanh,D14,Điểm học bạ,2021,18.0,Quản trị kinh doanh (Khách sạn - nhà hàng)
168127,UKH,quan-tri-kinh-doanh,D15,Điểm học bạ,2021,18.0,Quản trị kinh doanh (Khách sạn - nhà hàng)
168128,UKH,quan-tri-kinh-doanh,A01,Điểm thi THPT,2021,15.5,Quản trị kinh doanh (Khách sạn - nhà hàng)
168129,UKH,quan-tri-kinh-doanh,D01,Điểm thi THPT,2021,15.5,Quản trị kinh doanh (Khách sạn - nhà hàng)
168130,UKH,quan-tri-kinh-doanh,D14,Điểm thi THPT,2021,15.5,Quản trị kinh doanh (Khách sạn - nhà hàng)
168131,UKH,quan-tri-kinh-doanh,D15,Điểm thi THPT,2021,15.5,Quản trị kinh doanh (Khách sạn - nhà hàng)
168132,UKH,quan-tri-kinh-doanh,A01,Điểm học bạ,2022,18.0,Quản trị kinh doanh (Khách sạn - nhà hàng)
168133,UKH,quan-tri-kinh-doanh,D01,Điểm học bạ,2022,18.0,Quản trị kinh doanh (Khách sạn - nhà hàng)
168134,UKH,quan-tri-kinh-doanh,D14,Điểm học bạ,2022,18.0,Quản trị kinh doanh (Khách sạn - nhà hàng)
168135,UKH,quan-tri-kinh-doanh,D15,Điểm học bạ,2022,18.0,Quản trị kinh doanh (Khách sạn - nhà hàng)
168136,UKH,quan-tri-kinh-doanh,A01,Điểm thi THPT,2022,16.0,Quản trị kinh doanh (Khách sạn - nhà hàng)
168137,UKH,quan-tri-kinh-doanh,D01,Điểm thi THPT,2022,16.0,Quản trị kinh doanh (Khách sạn - nhà hàng)
168138,UKH,quan-tri-kinh-doanh,D14,Điểm thi THPT,2022,16.0,Quản trị kinh doanh (Khách sạn - nhà hàng)
168139,UKH,quan-tri-kinh-doanh,D15,Điểm thi THPT,2022,16.0,Quản trị kinh doanh (Khách sạn - nhà hàng)
168140,UKH,quan-tri-kinh-doanh,A01,Điểm học bạ,2023,18.0,Quản trị kinh doanh
168141,UKH,quan-tri-kinh-doanh,D01,Điểm học bạ,2023,18.0,Quản trị kinh doanh
168142,UKH,quan-tri-kinh-doanh,D14,Điểm học bạ,2023,18.0,Quản trị kinh doanh
168143,UKH,quan-tri-kinh-doanh,D15,Điểm học bạ,2023,18.0,Quản trị kinh doanh
168144,UKH,quan-tri-kinh-doanh,A01,Điểm thi THPT,2023,15.0,Quản trị kinh doanh
168145,UKH,quan-tri-kinh-doanh,D01,Điểm thi THPT,2023,15.0,Quản trị kinh doanh
168146,UKH,quan-tri-kinh-doanh,D14,Điểm thi THPT,2023,15.0,Quản trị kinh doanh
168147,UKH,quan-tri-kinh-doanh,D15,Điểm thi THPT,2023,15.0,Quản trị kinh doanh
168148,UKH,quan-tri-kinh-doanh,A01,Điểm học bạ,2024,18.1,Quản trị kinh doanh
168149,UKH,quan-tri-kinh-doanh,D01,Điểm học bạ,2024,18.1,Quản trị kinh doanh
168150,UKH,quan-tri-kinh-doanh,D14,Điểm học bạ,2024,18.1,Quản trị kinh doanh
168151,UKH,quan-tri-kinh-doanh,D15,Điểm học bạ,2024,18.1,Quản trị kinh doanh
168152,UKH,quan-tri-kinh-doanh,A01,Điểm thi THPT,2024,16.2,Quản trị kinh doanh
168153,UKH,quan-tri-kinh-doanh,D01,Điểm thi THPT,2024,16.2,Quản trị kinh doanh
168154,UKH,quan-tri-kinh-doanh,D14,Điểm thi THPT,2024,16.2,Quản trị kinh doanh
168155,UKH,quan-tri-kinh-doanh,D15,Điểm thi THPT,2024,16.2,Quản trị kinh doanh
168156,UKH,quan-tri-kinh-doanh-quan-tri-kinh-doanh-quan-tri-kinh-doanh-quan-tri-kinh-doanh-quan-tri-kinh-doanh,A00,Điểm học bạ,2025,20.15,Quản trị kinh doanh - Quản trị kinh doanh - Quản trị kinh doanh (Quản lý bán lẻ) - Quản trị kinh doanh (Marketing) - Quản trị kinh doanh (Nhà hàng và dịch vụ ăn uống)
168157,UKH,quan-tri-kinh-doanh-quan-tri-kinh-doanh-quan-tri-kinh-doanh-quan-tri-kinh-doanh-quan-tri-kinh-doanh,A01,Điểm học bạ,2025,20.15,Quản trị kinh doanh - Quản trị kinh doanh - Quản trị kinh doanh (Quản lý bán lẻ) - Quản trị kinh doanh (Marketing) - Quản trị kinh doanh (Nhà hàng và dịch vụ ăn uống)
168158,UKH,quan-tri-kinh-doanh-quan-tri-kinh-doanh-quan-tri-kinh-doanh-quan-tri-kinh-doanh-quan-tri-kinh-doanh,D01,Điểm học bạ,2025,20.15,Quản trị kinh doanh - Quản trị kinh doanh - Quản trị kinh doanh (Quản lý bán lẻ) - Quản trị kinh doanh (Marketing) - Quản trị kinh doanh (Nhà hàng và dịch vụ ăn uống)
168159,UKH,quan-tri-kinh-doanh-quan-tri-kinh-doanh-quan-tri-kinh-doanh-quan-tri-kinh-doanh-quan-tri-kinh-doanh,D09,Điểm học bạ,2025,20.15,Quản trị kinh doanh - Quản trị kinh doanh - Quản trị kinh doanh (Quản lý bán lẻ) - Quản trị kinh doanh (Marketing) - Quản trị kinh doanh (Nhà hàng và dịch vụ ăn uống)
168160,UKH,quan-tri-kinh-doanh-quan-tri-kinh-doanh-quan-tri-kinh-doanh-quan-tri-kinh-doanh-quan-tri-kinh-doanh,D10,Điểm học bạ,2025,20.15,Quản trị kinh doanh - Quản trị kinh doanh - Quản trị kinh doanh (Quản lý bán lẻ) - Quản trị kinh doanh (Marketing) - Quản trị kinh doanh (Nhà hàng và dịch vụ ăn uống)
168161,UKH,quan-tri-kinh-doanh-quan-tri-kinh-doanh-quan-tri-kinh-doanh-quan-tri-kinh-doanh-quan-tri-kinh-doanh,X07,Điểm học bạ,2025,20.15,Quản trị kinh doanh - Quản trị kinh doanh - Quản trị kinh doanh (Quản lý bán lẻ) - Quản trị kinh doanh (Marketing) - Quản trị kinh doanh (Nhà hàng và dịch vụ ăn uống)
168162,UKH,quan-tri-kinh-doanh-quan-tri-kinh-doanh-quan-tri-kinh-doanh-quan-tri-kinh-doanh-quan-tri-kinh-doanh,X10,Điểm học bạ,2025,20.15,Quản trị kinh doanh - Quản trị kinh doanh - Quản trị kinh doanh (Quản lý bán lẻ) - Quản trị kinh doanh (Marketing) - Quản trị kinh doanh (Nhà hàng và dịch vụ ăn uống)
168163,UKH,quan-tri-kinh-doanh-quan-tri-kinh-doanh-quan-tri-kinh-doanh-quan-tri-kinh-doanh-quan-tri-kinh-doanh,A00,Điểm thi THPT,2025,18.15,Quản trị kinh doanh - Quản trị kinh doanh - Quản trị kinh doanh (Quản lý bán lẻ) - Quản trị kinh doanh (Marketing) - Quản trị kinh doanh (Nhà hàng và dịch vụ ăn uống)
168164,UKH,quan-tri-kinh-doanh-quan-tri-kinh-doanh-quan-tri-kinh-doanh-quan-tri-kinh-doanh-quan-tri-kinh-doanh,A01,Điểm thi THPT,2025,18.15,Quản trị kinh doanh - Quản trị kinh doanh - Quản trị kinh doanh (Quản lý bán lẻ) - Quản trị kinh doanh (Marketing) - Quản trị kinh doanh (Nhà hàng và dịch vụ ăn uống)
168165,UKH,quan-tri-kinh-doanh-quan-tri-kinh-doanh-quan-tri-kinh-doanh-quan-tri-kinh-doanh-quan-tri-kinh-doanh,D01,Điểm thi THPT,2025,18.15,Quản trị kinh doanh - Quản trị kinh doanh - Quản trị kinh doanh (Quản lý bán lẻ) - Quản trị kinh doanh (Marketing) - Quản trị kinh doanh (Nhà hàng và dịch vụ ăn uống)
168166,UKH,quan-tri-kinh-doanh-quan-tri-kinh-doanh-quan-tri-kinh-doanh-quan-tri-kinh-doanh-quan-tri-kinh-doanh,D09,Điểm thi THPT,2025,18.15,Quản trị kinh doanh - Quản trị kinh doanh - Quản trị kinh doanh (Quản lý bán lẻ) - Quản trị kinh doanh (Marketing) - Quản trị kinh doanh (Nhà hàng và dịch vụ ăn uống)
168167,UKH,quan-tri-kinh-doanh-quan-tri-kinh-doanh-quan-tri-kinh-doanh-quan-tri-kinh-doanh-quan-tri-kinh-doanh,D10,Điểm thi THPT,2025,18.15,Quản trị kinh doanh - Quản trị kinh doanh - Quản trị kinh doanh (Quản lý bán lẻ) - Quản trị kinh doanh (Marketing) - Quản trị kinh doanh (Nhà hàng và dịch vụ ăn uống)
168168,UKH,quan-tri-kinh-doanh-quan-tri-kinh-doanh-quan-tri-kinh-doanh-quan-tri-kinh-doanh-quan-tri-kinh-doanh,X06,Điểm thi THPT,2025,18.15,Quản trị kinh doanh - Quản trị kinh doanh - Quản trị kinh doanh (Quản lý bán lẻ) - Quản trị kinh doanh (Marketing) - Quản trị kinh doanh (Nhà hàng và dịch vụ ăn uống)
168169,UKH,quan-tri-kinh-doanh-quan-tri-kinh-doanh-quan-tri-kinh-doanh-quan-tri-kinh-doanh-quan-tri-kinh-doanh,X10,Điểm thi THPT,2025,18.15,Quản trị kinh doanh - Quản trị kinh doanh - Quản trị kinh doanh (Quản lý bán lẻ) - Quản trị kinh doanh (Marketing) - Quản trị kinh doanh (Nhà hàng và dịch vụ ăn uống)
168170,UKH,sinh-hoc-ung-dung,A00,Điểm học bạ,2021,16.0,Sinh học ứng dụng (nông nghiệp công nghệ cao)
168171,UKH,sinh-hoc-ung-dung,A01,Điểm học bạ,2021,16.0,Sinh học ứng dụng (nông nghiệp công nghệ cao)
168172,UKH,sinh-hoc-ung-dung,B00,Điểm học bạ,2021,16.0,Sinh học ứng dụng (nông nghiệp công nghệ cao)
168173,UKH,sinh-hoc-ung-dung,D07,Điểm học bạ,2021,16.0,Sinh học ứng dụng (nông nghiệp công nghệ cao)
168174,UKH,sinh-hoc-ung-dung,A00,Điểm thi THPT,2021,15.0,Sinh học ứng dụng (nông nghiệp công nghệ cao)
168175,UKH,sinh-hoc-ung-dung,A01,Điểm thi THPT,2021,15.0,Sinh học ứng dụng (nông nghiệp công nghệ cao)
168176,UKH,sinh-hoc-ung-dung,B00,Điểm thi THPT,2021,15.0,Sinh học ứng dụng (nông nghiệp công nghệ cao)
168177,UKH,sinh-hoc-ung-dung,D07,Điểm thi THPT,2021,15.0,Sinh học ứng dụng (nông nghiệp công nghệ cao)
168178,UKH,sinh-hoc-ung-dung,A00,Điểm học bạ,2022,16.0,Sinh học ứng dụng (Dược liệu)
168179,UKH,sinh-hoc-ung-dung,A01,Điểm học bạ,2022,16.0,Sinh học ứng dụng (Dược liệu)
168180,UKH,sinh-hoc-ung-dung,B00,Điểm học bạ,2022,16.0,Sinh học ứng dụng (Dược liệu)
168181,UKH,sinh-hoc-ung-dung,D07,Điểm học bạ,2022,16.0,Sinh học ứng dụng (Dược liệu)
168182,UKH,sinh-hoc-ung-dung,A00,Điểm thi THPT,2022,15.0,Sinh học ứng dụng (Dược liệu)
168183,UKH,sinh-hoc-ung-dung,A01,Điểm thi THPT,2022,15.0,Sinh học ứng dụng (Dược liệu)
168184,UKH,sinh-hoc-ung-dung,B00,Điểm thi THPT,2022,15.0,Sinh học ứng dụng (Dược liệu)
168185,UKH,sinh-hoc-ung-dung,D07,Điểm thi THPT,2022,15.0,Sinh học ứng dụng (Dược liệu)
168186,UKH,sinh-hoc-ung-dung,A00,Điểm học bạ,2023,16.0,Sinh học ứng dụng (Dược liệu)
168187,UKH,sinh-hoc-ung-dung,A01,Điểm học bạ,2023,16.0,Sinh học ứng dụng (Dược liệu)
168188,UKH,sinh-hoc-ung-dung,B00,Điểm học bạ,2023,16.0,Sinh học ứng dụng (Dược liệu)
168189,UKH,sinh-hoc-ung-dung,D07,Điểm học bạ,2023,16.0,Sinh học ứng dụng (Dược liệu)
168190,UKH,sinh-hoc-ung-dung,A00,Điểm thi THPT,2023,15.0,Sinh học ứng dụng (Dược liệu)
168191,UKH,sinh-hoc-ung-dung,A01,Điểm thi THPT,2023,15.0,Sinh học ứng dụng (Dược liệu)
168192,UKH,sinh-hoc-ung-dung,B00,Điểm thi THPT,2023,15.0,Sinh học ứng dụng (Dược liệu)
168193,UKH,sinh-hoc-ung-dung,D07,Điểm thi THPT,2023,15.0,Sinh học ứng dụng (Dược liệu)
168194,UKH,sinh-hoc-ung-dung,A00,Điểm học bạ,2024,16.0,Sinh học ứng dụng (Dược liệu)
168195,UKH,sinh-hoc-ung-dung,A01,Điểm học bạ,2024,16.0,Sinh học ứng dụng (Dược liệu)
168196,UKH,sinh-hoc-ung-dung,B00,Điểm học bạ,2024,16.0,Sinh học ứng dụng (Dược liệu)
168197,UKH,sinh-hoc-ung-dung,D07,Điểm học bạ,2024,16.0,Sinh học ứng dụng (Dược liệu)
168198,UKH,sinh-hoc-ung-dung,A00,Điểm thi THPT,2024,15.0,Sinh học ứng dụng (Dược liệu)
168199,UKH,sinh-hoc-ung-dung,A01,Điểm thi THPT,2024,15.0,Sinh học ứng dụng (Dược liệu)
168200,UKH,sinh-hoc-ung-dung,B00,Điểm thi THPT,2024,15.0,Sinh học ứng dụng (Dược liệu)
168201,UKH,sinh-hoc-ung-dung,D07,Điểm thi THPT,2024,15.0,Sinh học ứng dụng (Dược liệu)
168202,UKH,sinh-hoc-ung-dung,A02,Điểm học bạ,2025,17.1,Sinh học ứng dụng (Dược liệu)
168203,UKH,sinh-hoc-ung-dung,B00,Điểm học bạ,2025,17.1,Sinh học ứng dụng (Dược liệu)
168204,UKH,sinh-hoc-ung-dung,B02,Điểm học bạ,2025,17.1,Sinh học ứng dụng (Dược liệu)
168205,UKH,sinh-hoc-ung-dung,B03,Điểm học bạ,2025,17.1,Sinh học ứng dụng (Dược liệu)
168206,UKH,sinh-hoc-ung-dung,B04,Điểm học bạ,2025,17.1,Sinh học ứng dụng (Dược liệu)
168207,UKH,sinh-hoc-ung-dung,B08,Điểm học bạ,2025,17.1,Sinh học ứng dụng (Dược liệu)
168208,UKH,sinh-hoc-ung-dung,X13,Điểm học bạ,2025,17.1,Sinh học ứng dụng (Dược liệu)
168209,UKH,sinh-hoc-ung-dung,X14,Điểm học bạ,2025,17.1,Sinh học ứng dụng (Dược liệu)
168210,UKH,sinh-hoc-ung-dung,A02,Điểm thi THPT,2025,15.1,Sinh học ứng dụng (Dược liệu)
168211,UKH,sinh-hoc-ung-dung,B00,Điểm thi THPT,2025,15.1,Sinh học ứng dụng (Dược liệu)
168212,UKH,sinh-hoc-ung-dung,B02,Điểm thi THPT,2025,15.1,Sinh học ứng dụng (Dược liệu)
168213,UKH,sinh-hoc-ung-dung,B03,Điểm thi THPT,2025,15.1,Sinh học ứng dụng (Dược liệu)
168214,UKH,sinh-hoc-ung-dung,B04,Điểm thi THPT,2025,15.1,Sinh học ứng dụng (Dược liệu)
168215,UKH,sinh-hoc-ung-dung,B08,Điểm thi THPT,2025,15.1,Sinh học ứng dụng (Dược liệu)
168216,UKH,sinh-hoc-ung-dung,X13,Điểm thi THPT,2025,15.1,Sinh học ứng dụng (Dược liệu)
168217,UKH,sinh-hoc-ung-dung,X14,Điểm thi THPT,2025,15.1,Sinh học ứng dụng (Dược liệu)
168218,UKH,su-pham-lich-su-dia-ly,A07,Điểm học bạ,2025,27.91,Sư phạm Lịch sử - Địa lý
168219,UKH,su-pham-lich-su-dia-ly,C00,Điểm học bạ,2025,27.91,Sư phạm Lịch sử - Địa lý
168220,UKH,su-pham-lich-su-dia-ly,C03,Điểm học bạ,2025,27.91,Sư phạm Lịch sử - Địa lý
168221,UKH,su-pham-lich-su-dia-ly,C04,Điểm học bạ,2025,27.91,Sư phạm Lịch sử - Địa lý
168222,UKH,su-pham-lich-su-dia-ly,D14,Điểm học bạ,2025,27.91,Sư phạm Lịch sử - Địa lý
168223,UKH,su-pham-lich-su-dia-ly,D15,Điểm học bạ,2025,27.91,Sư phạm Lịch sử - Địa lý
168224,UKH,su-pham-lich-su-dia-ly,A07,Điểm thi THPT,2025,25.91,Sư phạm Lịch sử - Địa lý
168225,UKH,su-pham-lich-su-dia-ly,C00,Điểm thi THPT,2025,25.91,Sư phạm Lịch sử - Địa lý
168226,UKH,su-pham-lich-su-dia-ly,C03,Điểm thi THPT,2025,25.91,Sư phạm Lịch sử - Địa lý
168227,UKH,su-pham-lich-su-dia-ly,C04,Điểm thi THPT,2025,25.91,Sư phạm Lịch sử - Địa lý
168228,UKH,su-pham-lich-su-dia-ly,D14,Điểm thi THPT,2025,25.91,Sư phạm Lịch sử - Địa lý
168229,UKH,su-pham-lich-su-dia-ly,D15,Điểm thi THPT,2025,25.91,Sư phạm Lịch sử - Địa lý
168230,UKH,su-pham-ngu-van,C00,Điểm học bạ,2021,22.5,Sư phạm Ngữ văn
168231,UKH,su-pham-ngu-van,D01,Điểm học bạ,2021,22.5,Sư phạm Ngữ văn
168232,UKH,su-pham-ngu-van,D14,Điểm học bạ,2021,22.5,Sư phạm Ngữ văn
168233,UKH,su-pham-ngu-van,D15,Điểm học bạ,2021,22.5,Sư phạm Ngữ văn
168234,UKH,su-pham-ngu-van,C00,Điểm thi THPT,2021,19.0,Sư phạm Ngữ văn
168235,UKH,su-pham-ngu-van,D01,Điểm thi THPT,2021,19.0,Sư phạm Ngữ văn
168236,UKH,su-pham-ngu-van,D14,Điểm thi THPT,2021,19.0,Sư phạm Ngữ văn
168237,UKH,su-pham-ngu-van,D15,Điểm thi THPT,2021,19.0,Sư phạm Ngữ văn
168238,UKH,su-pham-ngu-van,C00,Điểm học bạ,2022,25.0,Sư phạm Ngữ văn
168239,UKH,su-pham-ngu-van,D01,Điểm học bạ,2022,25.0,Sư phạm Ngữ văn
168240,UKH,su-pham-ngu-van,D14,Điểm học bạ,2022,25.0,Sư phạm Ngữ văn
168241,UKH,su-pham-ngu-van,D15,Điểm học bạ,2022,25.0,Sư phạm Ngữ văn
168242,UKH,su-pham-ngu-van,C00,Điểm thi THPT,2022,23.0,Sư phạm Ngữ văn
168243,UKH,su-pham-ngu-van,D01,Điểm thi THPT,2022,23.0,Sư phạm Ngữ văn
168244,UKH,su-pham-ngu-van,D14,Điểm thi THPT,2022,23.0,Sư phạm Ngữ văn
168245,UKH,su-pham-ngu-van,D15,Điểm thi THPT,2022,23.0,Sư phạm Ngữ văn
168246,UKH,su-pham-ngu-van,C00,Điểm học bạ,2025,28.41,Sư phạm Ngữ văn
168247,UKH,su-pham-ngu-van,C03,Điểm học bạ,2025,28.41,Sư phạm Ngữ văn
168248,UKH,su-pham-ngu-van,C04,Điểm học bạ,2025,28.41,Sư phạm Ngữ văn
168249,UKH,su-pham-ngu-van,D01,Điểm học bạ,2025,28.41,Sư phạm Ngữ văn
168250,UKH,su-pham-ngu-van,D14,Điểm học bạ,2025,28.41,Sư phạm Ngữ văn
168251,UKH,su-pham-ngu-van,D15,Điểm học bạ,2025,28.41,Sư phạm Ngữ văn
168252,UKH,su-pham-ngu-van,C00,Điểm thi THPT,2025,26.41,Sư phạm Ngữ văn
168253,UKH,su-pham-ngu-van,C03,Điểm thi THPT,2025,26.41,Sư phạm Ngữ văn
168254,UKH,su-pham-ngu-van,C04,Điểm thi THPT,2025,26.41,Sư phạm Ngữ văn
168255,UKH,su-pham-ngu-van,D01,Điểm thi THPT,2025,26.41,Sư phạm Ngữ văn
168256,UKH,su-pham-ngu-van,D14,Điểm thi THPT,2025,26.41,Sư phạm Ngữ văn
168257,UKH,su-pham-ngu-van,D15,Điểm thi THPT,2025,26.41,Sư phạm Ngữ văn
168258,UKH,su-pham-tieng-anh,A01,Điểm học bạ,2022,25.0,Sư phạm Tiếng Anh
168259,UKH,su-pham-tieng-anh,D01,Điểm học bạ,2022,25.0,Sư phạm Tiếng Anh
168260,UKH,su-pham-tieng-anh,D14,Điểm học bạ,2022,25.0,Sư phạm Tiếng Anh
168261,UKH,su-pham-tieng-anh,D15,Điểm học bạ,2022,25.0,Sư phạm Tiếng Anh
168262,UKH,su-pham-tieng-anh,A01,Điểm thi THPT,2022,23.6,Sư phạm Tiếng Anh
168263,UKH,su-pham-tieng-anh,D01,Điểm thi THPT,2022,23.6,Sư phạm Tiếng Anh
168264,UKH,su-pham-tieng-anh,D14,Điểm thi THPT,2022,23.6,Sư phạm Tiếng Anh
168265,UKH,su-pham-tieng-anh,D15,Điểm thi THPT,2022,23.6,Sư phạm Tiếng Anh
168266,UKH,su-pham-tieng-anh,A01,Điểm học bạ,2023,27.0,Sư phạm Tiếng Anh (Giảng dạy Tiểu học)
168267,UKH,su-pham-tieng-anh,D01,Điểm học bạ,2023,27.0,Sư phạm Tiếng Anh (Giảng dạy Tiểu học)
168268,UKH,su-pham-tieng-anh,D14,Điểm học bạ,2023,27.0,Sư phạm Tiếng Anh (Giảng dạy Tiểu học)
168269,UKH,su-pham-tieng-anh,D15,Điểm học bạ,2023,27.0,Sư phạm Tiếng Anh (Giảng dạy Tiểu học)
168270,UKH,su-pham-tieng-anh,A01,Điểm thi THPT,2023,24.15,Sư phạm Tiếng Anh (Giảng dạy Tiểu học)
168271,UKH,su-pham-tieng-anh,D01,Điểm thi THPT,2023,24.15,Sư phạm Tiếng Anh (Giảng dạy Tiểu học)
168272,UKH,su-pham-tieng-anh,D14,Điểm thi THPT,2023,24.15,Sư phạm Tiếng Anh (Giảng dạy Tiểu học)
168273,UKH,su-pham-tieng-anh,D15,Điểm thi THPT,2023,24.15,Sư phạm Tiếng Anh (Giảng dạy Tiểu học)
168274,UKH,su-pham-tieng-anh,D01,Điểm học bạ,2025,28.2,Sư phạm Tiếng Anh
168275,UKH,su-pham-tieng-anh,D09,Điểm học bạ,2025,28.2,Sư phạm Tiếng Anh
168276,UKH,su-pham-tieng-anh,D10,Điểm học bạ,2025,28.2,Sư phạm Tiếng Anh
168277,UKH,su-pham-tieng-anh,D14,Điểm học bạ,2025,28.2,Sư phạm Tiếng Anh
168278,UKH,su-pham-tieng-anh,D15,Điểm học bạ,2025,28.2,Sư phạm Tiếng Anh
168279,UKH,su-pham-tieng-anh,D01,Điểm thi THPT,2025,26.2,Sư phạm Tiếng Anh
168280,UKH,su-pham-tieng-anh,D09,Điểm thi THPT,2025,26.2,Sư phạm Tiếng Anh
168281,UKH,su-pham-tieng-anh,D10,Điểm thi THPT,2025,26.2,Sư phạm Tiếng Anh
168282,UKH,su-pham-tieng-anh,D14,Điểm thi THPT,2025,26.2,Sư phạm Tiếng Anh
168283,UKH,su-pham-tieng-anh,D15,Điểm thi THPT,2025,26.2,Sư phạm Tiếng Anh
168284,UKH,su-pham-toan-hoc,A00,Điểm học bạ,2021,22.5,Sư phạm Toán học
168285,UKH,su-pham-toan-hoc,A01,Điểm học bạ,2021,22.5,Sư phạm Toán học
168286,UKH,su-pham-toan-hoc,B00,Điểm học bạ,2021,22.5,Sư phạm Toán học
168287,UKH,su-pham-toan-hoc,D07,Điểm học bạ,2021,22.5,Sư phạm Toán học
168288,UKH,su-pham-toan-hoc,A00,Điểm thi THPT,2021,19.0,Sư phạm Toán học
168289,UKH,su-pham-toan-hoc,A01,Điểm thi THPT,2021,19.0,Sư phạm Toán học
168290,UKH,su-pham-toan-hoc,B00,Điểm thi THPT,2021,19.0,Sư phạm Toán học
168291,UKH,su-pham-toan-hoc,D07,Điểm thi THPT,2021,19.0,Sư phạm Toán học
168292,UKH,su-pham-toan-hoc,A00,Điểm học bạ,2022,25.0,Sư phạm Toán học
168293,UKH,su-pham-toan-hoc,A01,Điểm học bạ,2022,25.0,Sư phạm Toán học
168294,UKH,su-pham-toan-hoc,B00,Điểm học bạ,2022,25.0,Sư phạm Toán học
168295,UKH,su-pham-toan-hoc,D07,Điểm học bạ,2022,25.0,Sư phạm Toán học
168296,UKH,su-pham-toan-hoc,A00,Điểm thi THPT,2022,23.6,Sư phạm Toán học
168297,UKH,su-pham-toan-hoc,A01,Điểm thi THPT,2022,23.6,Sư phạm Toán học
168298,UKH,su-pham-toan-hoc,B00,Điểm thi THPT,2022,23.6,Sư phạm Toán học
168299,UKH,su-pham-toan-hoc,D07,Điểm thi THPT,2022,23.6,Sư phạm Toán học
168300,UKH,su-pham-toan-hoc,A00,Điểm học bạ,2025,28.41,Sư phạm Toán học
168301,UKH,su-pham-toan-hoc,A01,Điểm học bạ,2025,28.41,Sư phạm Toán học
168302,UKH,su-pham-toan-hoc,B00,Điểm học bạ,2025,28.41,Sư phạm Toán học
168303,UKH,su-pham-toan-hoc,D01,Điểm học bạ,2025,28.41,Sư phạm Toán học
168304,UKH,su-pham-toan-hoc,D07,Điểm học bạ,2025,28.41,Sư phạm Toán học
168305,UKH,su-pham-toan-hoc,X26,Điểm học bạ,2025,28.41,Sư phạm Toán học
168306,UKH,su-pham-toan-hoc,A00,Điểm thi THPT,2025,26.41,Sư phạm Toán học
168307,UKH,su-pham-toan-hoc,A01,Điểm thi THPT,2025,26.41,Sư phạm Toán học
168308,UKH,su-pham-toan-hoc,B00,Điểm thi THPT,2025,26.41,Sư phạm Toán học
168309,UKH,su-pham-toan-hoc,D01,Điểm thi THPT,2025,26.41,Sư phạm Toán học
168310,UKH,su-pham-toan-hoc,D07,Điểm thi THPT,2025,26.41,Sư phạm Toán học
168311,UKH,su-pham-toan-hoc,X26,Điểm thi THPT,2025,26.41,Sư phạm Toán học
168312,UKH,su-pham-vat-ly,A00,Điểm học bạ,2021,22.5,Sư phạm Vật lý (KHTN)
168313,UKH,su-pham-vat-ly,A01,Điểm học bạ,2021,22.5,Sư phạm Vật lý (KHTN)
168314,UKH,su-pham-vat-ly,B00,Điểm học bạ,2021,22.5,Sư phạm Vật lý (KHTN)
168315,UKH,su-pham-vat-ly,D07,Điểm học bạ,2021,22.5,Sư phạm Vật lý (KHTN)
168316,UKH,su-pham-vat-ly,A00,Điểm thi THPT,2021,19.0,Sư phạm Vật lý (KHTN)
168317,UKH,su-pham-vat-ly,A01,Điểm thi THPT,2021,19.0,Sư phạm Vật lý (KHTN)
168318,UKH,su-pham-vat-ly,B00,Điểm thi THPT,2021,19.0,Sư phạm Vật lý (KHTN)
168319,UKH,su-pham-vat-ly,D07,Điểm thi THPT,2021,19.0,Sư phạm Vật lý (KHTN)
168320,UKH,su-pham-vat-ly,A00,Điểm học bạ,2022,25.0,Sư phạm Vật lý (KHTN)
168321,UKH,su-pham-vat-ly,A01,Điểm học bạ,2022,25.0,Sư phạm Vật lý (KHTN)
168322,UKH,su-pham-vat-ly,B00,Điểm học bạ,2022,25.0,Sư phạm Vật lý (KHTN)
168323,UKH,su-pham-vat-ly,D07,Điểm học bạ,2022,25.0,Sư phạm Vật lý (KHTN)
168324,UKH,su-pham-vat-ly,A00,Điểm thi THPT,2022,20.25,Sư phạm Vật lý (KHTN)
168325,UKH,su-pham-vat-ly,A01,Điểm thi THPT,2022,20.25,Sư phạm Vật lý (KHTN)
168326,UKH,su-pham-vat-ly,B00,Điểm thi THPT,2022,20.25,Sư phạm Vật lý (KHTN)
168327,UKH,su-pham-vat-ly,D07,Điểm thi THPT,2022,20.25,Sư phạm Vật lý (KHTN)
168328,UKH,su-pham-vat-ly,A00,Điểm học bạ,2025,28.32,Sư phạm Vật lý
168329,UKH,su-pham-vat-ly,A01,Điểm học bạ,2025,28.32,Sư phạm Vật lý
168330,UKH,su-pham-vat-ly,A02,Điểm học bạ,2025,28.32,Sư phạm Vật lý
168331,UKH,su-pham-vat-ly,C01,Điểm học bạ,2025,28.32,Sư phạm Vật lý
168332,UKH,su-pham-vat-ly,X06,Điểm học bạ,2025,28.32,Sư phạm Vật lý
168333,UKH,su-pham-vat-ly,A00,Điểm thi THPT,2025,26.32,Sư phạm Vật lý
168334,UKH,su-pham-vat-ly,A01,Điểm thi THPT,2025,26.32,Sư phạm Vật lý
168335,UKH,su-pham-vat-ly,A02,Điểm thi THPT,2025,26.32,Sư phạm Vật lý
168336,UKH,su-pham-vat-ly,C01,Điểm thi THPT,2025,26.32,Sư phạm Vật lý
168337,UKH,su-pham-vat-ly,X06,Điểm thi THPT,2025,26.32,Sư phạm Vật lý
168338,UKH,van-hoa-hoc,C00,Điểm học bạ,2021,18.0,Văn hóa học (Văn hóa - Truyền thông)
168339,UKH,van-hoa-hoc,C19,Điểm học bạ,2021,18.0,Văn hóa học (Văn hóa - Truyền thông)
168340,UKH,van-hoa-hoc,C20,Điểm học bạ,2021,18.0,Văn hóa học (Văn hóa - Truyền thông)
168341,UKH,van-hoa-hoc,D01,Điểm học bạ,2021,18.0,Văn hóa học (Văn hóa - Truyền thông)
168342,UKH,van-hoa-hoc,C00,Điểm thi THPT,2021,15.0,Văn hóa học (Văn hóa - Truyền thông)
168343,UKH,van-hoa-hoc,C19,Điểm thi THPT,2021,15.0,Văn hóa học (Văn hóa - Truyền thông)
168344,UKH,van-hoa-hoc,C20,Điểm thi THPT,2021,15.0,Văn hóa học (Văn hóa - Truyền thông)
168345,UKH,van-hoa-hoc,D01,Điểm thi THPT,2021,15.0,Văn hóa học (Văn hóa - Truyền thông)
168346,UKH,van-hoa-hoc,C00,Điểm học bạ,2022,18.0,Văn hóa học (Văn hóa - Truyền thông)
168347,UKH,van-hoa-hoc,C19,Điểm học bạ,2022,18.0,Văn hóa học (Văn hóa - Truyền thông)
168348,UKH,van-hoa-hoc,C20,Điểm học bạ,2022,18.0,Văn hóa học (Văn hóa - Truyền thông)
168349,UKH,van-hoa-hoc,D01,Điểm học bạ,2022,18.0,Văn hóa học (Văn hóa - Truyền thông)
168350,UKH,van-hoa-hoc,C00,Điểm thi THPT,2022,15.0,Văn hóa học (Văn hóa - Truyền thông)
168351,UKH,van-hoa-hoc,C19,Điểm thi THPT,2022,15.0,Văn hóa học (Văn hóa - Truyền thông)
168352,UKH,van-hoa-hoc,C20,Điểm thi THPT,2022,15.0,Văn hóa học (Văn hóa - Truyền thông)
168353,UKH,van-hoa-hoc,D01,Điểm thi THPT,2022,15.0,Văn hóa học (Văn hóa - Truyền thông)
168354,UKH,van-hoa-hoc,C00,Điểm học bạ,2023,18.0,Văn hóa học (Văn hóa - Truyền thông)
168355,UKH,van-hoa-hoc,C19,Điểm học bạ,2023,18.0,Văn hóa học (Văn hóa - Truyền thông)
168356,UKH,van-hoa-hoc,C20,Điểm học bạ,2023,18.0,Văn hóa học (Văn hóa - Truyền thông)
168357,UKH,van-hoa-hoc,D01,Điểm học bạ,2023,18.0,Văn hóa học (Văn hóa - Truyền thông)
168358,UKH,van-hoa-hoc,C00,Điểm thi THPT,2023,15.0,Văn hóa học (Văn hóa - Truyền thông)
168359,UKH,van-hoa-hoc,C19,Điểm thi THPT,2023,15.0,Văn hóa học (Văn hóa - Truyền thông)
168360,UKH,van-hoa-hoc,C20,Điểm thi THPT,2023,15.0,Văn hóa học (Văn hóa - Truyền thông)
168361,UKH,van-hoa-hoc,D01,Điểm thi THPT,2023,15.0,Văn hóa học (Văn hóa - Truyền thông)
168362,UKH,van-hoa-hoc,C00,Điểm học bạ,2024,21.5,Văn hóa học (Văn hóa - Truyền thông)
168363,UKH,van-hoa-hoc,C19,Điểm học bạ,2024,21.5,Văn hóa học (Văn hóa - Truyền thông)
168364,UKH,van-hoa-hoc,C20,Điểm học bạ,2024,21.5,Văn hóa học (Văn hóa - Truyền thông)
168365,UKH,van-hoa-hoc,D01,Điểm học bạ,2024,21.5,Văn hóa học (Văn hóa - Truyền thông)
168366,UKH,van-hoa-hoc,C00,Điểm thi THPT,2024,20.1,Văn hóa học (Văn hóa - Truyền thông)
168367,UKH,van-hoa-hoc,C19,Điểm thi THPT,2024,20.1,Văn hóa học (Văn hóa - Truyền thông)
168368,UKH,van-hoa-hoc,C20,Điểm thi THPT,2024,20.1,Văn hóa học (Văn hóa - Truyền thông)
168369,UKH,van-hoa-hoc,D01,Điểm thi THPT,2024,20.1,Văn hóa học (Văn hóa - Truyền thông)
168370,UKH,van-hoa-hoc,C00,Điểm học bạ,2025,24.0,Văn hoá học (Văn hóa - Truyền thông)
168371,UKH,van-hoa-hoc,C19,Điểm học bạ,2025,24.0,Văn hoá học (Văn hóa - Truyền thông)
168372,UKH,van-hoa-hoc,C20,Điểm học bạ,2025,24.0,Văn hoá học (Văn hóa - Truyền thông)
168373,UKH,van-hoa-hoc,D01,Điểm học bạ,2025,24.0,Văn hoá học (Văn hóa - Truyền thông)
168374,UKH,van-hoa-hoc,D14,Điểm học bạ,2025,24.0,Văn hoá học (Văn hóa - Truyền thông)
168375,UKH,van-hoa-hoc,D15,Điểm học bạ,2025,24.0,Văn hoá học (Văn hóa - Truyền thông)
168376,UKH,van-hoa-hoc,X70,Điểm học bạ,2025,24.0,Văn hoá học (Văn hóa - Truyền thông)
168377,UKH,van-hoa-hoc,X74,Điểm học bạ,2025,24.0,Văn hoá học (Văn hóa - Truyền thông)
168378,UKH,van-hoa-hoc,C00,Điểm thi THPT,2025,22.0,Văn hoá học (Văn hóa - Truyền thông)
168379,UKH,van-hoa-hoc,C19,Điểm thi THPT,2025,22.0,Văn hoá học (Văn hóa - Truyền thông)
168380,UKH,van-hoa-hoc,C20,Điểm thi THPT,2025,22.0,Văn hoá học (Văn hóa - Truyền thông)
168381,UKH,van-hoa-hoc,D01,Điểm thi THPT,2025,22.0,Văn hoá học (Văn hóa - Truyền thông)
168382,UKH,van-hoa-hoc,D14,Điểm thi THPT,2025,22.0,Văn hoá học (Văn hóa - Truyền thông)
168383,UKH,van-hoa-hoc,D15,Điểm thi THPT,2025,22.0,Văn hoá học (Văn hóa - Truyền thông)
168384,UKH,van-hoa-hoc,X70,Điểm thi THPT,2025,22.0,Văn hoá học (Văn hóa - Truyền thông)
168385,UKH,van-hoa-hoc,X74,Điểm thi THPT,2025,22.0,Văn hoá học (Văn hóa - Truyền thông)
168386,UKH,van-hoc,C00,Điểm học bạ,2021,18.0,"Văn học (Văn học - Báo chí, truyền thông)"
168387,UKH,van-hoc,C19,Điểm học bạ,2021,18.0,"Văn học (Văn học - Báo chí, truyền thông)"
168388,UKH,van-hoc,C20,Điểm học bạ,2021,18.0,"Văn học (Văn học - Báo chí, truyền thông)"
168389,UKH,van-hoc,D01,Điểm học bạ,2021,18.0,"Văn học (Văn học - Báo chí, truyền thông)"
168390,UKH,van-hoc,C00,Điểm thi THPT,2021,15.0,"Văn học (Văn học - Báo chí, truyền thông)"
168391,UKH,van-hoc,C19,Điểm thi THPT,2021,15.0,"Văn học (Văn học - Báo chí, truyền thông)"
168392,UKH,van-hoc,C20,Điểm thi THPT,2021,15.0,"Văn học (Văn học - Báo chí, truyền thông)"
168393,UKH,van-hoc,D01,Điểm thi THPT,2021,15.0,"Văn học (Văn học - Báo chí, truyền thông)"
168394,UKH,van-hoc,C00,Điểm học bạ,2022,18.0,"Văn học (Văn học - Báo chí, truyền thông)"
168395,UKH,van-hoc,C19,Điểm học bạ,2022,18.0,"Văn học (Văn học - Báo chí, truyền thông)"
168396,UKH,van-hoc,C20,Điểm học bạ,2022,18.0,"Văn học (Văn học - Báo chí, truyền thông)"
168397,UKH,van-hoc,D01,Điểm học bạ,2022,18.0,"Văn học (Văn học - Báo chí, truyền thông)"
168398,UKH,van-hoc,C00,Điểm thi THPT,2022,18.0,"Văn học (Văn học - Báo chí, truyền thông)"
168399,UKH,van-hoc,C19,Điểm thi THPT,2022,18.0,"Văn học (Văn học - Báo chí, truyền thông)"
168400,UKH,van-hoc,C20,Điểm thi THPT,2022,18.0,"Văn học (Văn học - Báo chí, truyền thông)"
168401,UKH,van-hoc,D01,Điểm thi THPT,2022,18.0,"Văn học (Văn học - Báo chí, truyền thông)"
168402,UKH,van-hoc,C00,Điểm học bạ,2023,20.57,Văn học (Báo chí -Truyền thông)
168403,UKH,van-hoc,C19,Điểm học bạ,2023,20.57,Văn học (Báo chí -Truyền thông)
168404,UKH,van-hoc,C20,Điểm học bạ,2023,20.57,Văn học (Báo chí -Truyền thông)
168405,UKH,van-hoc,D01,Điểm học bạ,2023,20.57,Văn học (Báo chí -Truyền thông)
168406,UKH,van-hoc,C00,Điểm thi THPT,2023,20.0,Văn học (Báo chí -Truyền thông)
168407,UKH,van-hoc,C19,Điểm thi THPT,2023,20.0,Văn học (Báo chí -Truyền thông)
168408,UKH,van-hoc,C20,Điểm thi THPT,2023,20.0,Văn học (Báo chí -Truyền thông)
168409,UKH,van-hoc,D01,Điểm thi THPT,2023,20.0,Văn học (Báo chí -Truyền thông)
168410,UKH,van-hoc,C00,Điểm học bạ,2024,24.6,Văn học (Báo chí - Truyền thông)
168411,UKH,van-hoc,C19,Điểm học bạ,2024,24.6,Văn học (Báo chí - Truyền thông)
168412,UKH,van-hoc,C20,Điểm học bạ,2024,24.6,Văn học (Báo chí - Truyền thông)
168413,UKH,van-hoc,D01,Điểm học bạ,2024,24.6,Văn học (Báo chí - Truyền thông)
168414,UKH,van-hoc,C00,Điểm thi THPT,2024,23.7,Văn học (Báo chí - Truyền thông)
168415,UKH,van-hoc,C19,Điểm thi THPT,2024,23.7,Văn học (Báo chí - Truyền thông)
168416,UKH,van-hoc,C20,Điểm thi THPT,2024,23.7,Văn học (Báo chí - Truyền thông)
168417,UKH,van-hoc,D01,Điểm thi THPT,2024,23.7,Văn học (Báo chí - Truyền thông)
168418,UKH,van-hoc,C00,Điểm học bạ,2025,24.6,Văn học (Báo chí - Truyền thông)
168419,UKH,van-hoc,C19,Điểm học bạ,2025,24.6,Văn học (Báo chí - Truyền thông)
168420,UKH,van-hoc,C20,Điểm học bạ,2025,24.6,Văn học (Báo chí - Truyền thông)
168421,UKH,van-hoc,D01,Điểm học bạ,2025,24.6,Văn học (Báo chí - Truyền thông)
168422,UKH,van-hoc,D14,Điểm học bạ,2025,24.6,Văn học (Báo chí - Truyền thông)
168423,UKH,van-hoc,D15,Điểm học bạ,2025,24.6,Văn học (Báo chí - Truyền thông)
168424,UKH,van-hoc,X70,Điểm học bạ,2025,24.6,Văn học (Báo chí - Truyền thông)
168425,UKH,van-hoc,X74,Điểm học bạ,2025,24.6,Văn học (Báo chí - Truyền thông)
168426,UKH,van-hoc,C00,Điểm thi THPT,2025,22.6,Văn học (Báo chí - Truyền thông)
168427,UKH,van-hoc,C19,Điểm thi THPT,2025,22.6,Văn học (Báo chí - Truyền thông)
168428,UKH,van-hoc,C20,Điểm thi THPT,2025,22.6,Văn học (Báo chí - Truyền thông)
168429,UKH,van-hoc,D01,Điểm thi THPT,2025,22.6,Văn học (Báo chí - Truyền thông)
168430,UKH,van-hoc,D14,Điểm thi THPT,2025,22.6,Văn học (Báo chí - Truyền thông)
168431,UKH,van-hoc,D15,Điểm thi THPT,2025,22.6,Văn học (Báo chí - Truyền thông)
168432,UKH,van-hoc,X70,Điểm thi THPT,2025,22.6,Văn học (Báo chí - Truyền thông)
168433,UKH,van-hoc,X74,Điểm thi THPT,2025,22.6,Văn học (Báo chí - Truyền thông)
168434,UKH,viet-nam-hoc,C00,Điểm học bạ,2021,18.0,Việt Nam học (Hướng dẫn du lịch)
168435,UKH,viet-nam-hoc,C19,Điểm học bạ,2021,18.0,Việt Nam học (Hướng dẫn du lịch)
168436,UKH,viet-nam-hoc,C20,Điểm học bạ,2021,18.0,Việt Nam học (Hướng dẫn du lịch)
168437,UKH,viet-nam-hoc,D01,Điểm học bạ,2021,18.0,Việt Nam học (Hướng dẫn du lịch)
168438,UKH,viet-nam-hoc,C00,Điểm thi THPT,2021,15.0,Việt Nam học (Hướng dẫn du lịch)
168439,UKH,viet-nam-hoc,C19,Điểm thi THPT,2021,15.0,Việt Nam học (Hướng dẫn du lịch)
168440,UKH,viet-nam-hoc,C20,Điểm thi THPT,2021,15.0,Việt Nam học (Hướng dẫn du lịch)
168441,UKH,viet-nam-hoc,D01,Điểm thi THPT,2021,15.0,Việt Nam học (Hướng dẫn du lịch)
168442,UKH,viet-nam-hoc,C00,Điểm học bạ,2022,18.0,Việt Nam học (Hướng dẫn du lịch)
168443,UKH,viet-nam-hoc,C19,Điểm học bạ,2022,18.0,Việt Nam học (Hướng dẫn du lịch)
168444,UKH,viet-nam-hoc,C20,Điểm học bạ,2022,18.0,Việt Nam học (Hướng dẫn du lịch)
168445,UKH,viet-nam-hoc,D01,Điểm học bạ,2022,18.0,Việt Nam học (Hướng dẫn du lịch)
168446,UKH,viet-nam-hoc,C00,Điểm thi THPT,2022,18.0,Việt Nam học (Hướng dẫn du lịch)
168447,UKH,viet-nam-hoc,C19,Điểm thi THPT,2022,18.0,Việt Nam học (Hướng dẫn du lịch)
168448,UKH,viet-nam-hoc,C20,Điểm thi THPT,2022,18.0,Việt Nam học (Hướng dẫn du lịch)
168449,UKH,viet-nam-hoc,D01,Điểm thi THPT,2022,18.0,Việt Nam học (Hướng dẫn du lịch)
168450,UKH,viet-nam-hoc,C00,Điểm học bạ,2023,22.0,Việt Nam học (Hướng dẫn Du lịch)
168451,UKH,viet-nam-hoc,C19,Điểm học bạ,2023,22.0,Việt Nam học (Hướng dẫn Du lịch)
168452,UKH,viet-nam-hoc,C20,Điểm học bạ,2023,22.0,Việt Nam học (Hướng dẫn Du lịch)
168453,UKH,viet-nam-hoc,D01,Điểm học bạ,2023,22.0,Việt Nam học (Hướng dẫn Du lịch)
168454,UKH,viet-nam-hoc,C00,Điểm thi THPT,2023,20.0,Việt Nam học (Hướng dẫn Du lịch)
168455,UKH,viet-nam-hoc,C19,Điểm thi THPT,2023,20.0,Việt Nam học (Hướng dẫn Du lịch)
168456,UKH,viet-nam-hoc,C20,Điểm thi THPT,2023,20.0,Việt Nam học (Hướng dẫn Du lịch)
168457,UKH,viet-nam-hoc,D01,Điểm thi THPT,2023,20.0,Việt Nam học (Hướng dẫn Du lịch)
168458,UKH,viet-nam-hoc,C00,Điểm học bạ,2024,21.7,Việt Nam học (Văn hoá Du lịch)
168459,UKH,viet-nam-hoc,C19,Điểm học bạ,2024,21.7,Việt Nam học (Văn hoá Du lịch)
168460,UKH,viet-nam-hoc,C20,Điểm học bạ,2024,21.7,Việt Nam học (Văn hoá Du lịch)
168461,UKH,viet-nam-hoc,D01,Điểm học bạ,2024,21.7,Việt Nam học (Văn hoá Du lịch)
168462,UKH,viet-nam-hoc,C00,Điểm thi THPT,2024,20.2,Việt Nam học (Văn hoá Du lịch)
168463,UKH,viet-nam-hoc,C19,Điểm thi THPT,2024,20.2,Việt Nam học (Văn hoá Du lịch)
168464,UKH,viet-nam-hoc,C20,Điểm thi THPT,2024,20.2,Việt Nam học (Văn hoá Du lịch)
168465,UKH,viet-nam-hoc,D01,Điểm thi THPT,2024,20.2,Việt Nam học (Văn hoá Du lịch)
168466,UKH,viet-nam-hoc,C00,Điểm học bạ,2025,22.8,Việt Nam học (Văn hóa du lịch)
168467,UKH,viet-nam-hoc,C19,Điểm học bạ,2025,22.8,Việt Nam học (Văn hóa du lịch)
168468,UKH,viet-nam-hoc,C20,Điểm học bạ,2025,22.8,Việt Nam học (Văn hóa du lịch)
168469,UKH,viet-nam-hoc,D01,Điểm học bạ,2025,22.8,Việt Nam học (Văn hóa du lịch)
168470,UKH,viet-nam-hoc,D14,Điểm học bạ,2025,22.8,Việt Nam học (Văn hóa du lịch)
168471,UKH,viet-nam-hoc,D15,Điểm học bạ,2025,22.8,Việt Nam học (Văn hóa du lịch)
168472,UKH,viet-nam-hoc,X70,Điểm học bạ,2025,22.8,Việt Nam học (Văn hóa du lịch)
168473,UKH,viet-nam-hoc,X74,Điểm học bạ,2025,22.8,Việt Nam học (Văn hóa du lịch)
168474,UKH,viet-nam-hoc,C00,Điểm thi THPT,2025,20.8,Việt Nam học (Văn hóa du lịch)
168475,UKH,viet-nam-hoc,C19,Điểm thi THPT,2025,20.8,Việt Nam học (Văn hóa du lịch)
168476,UKH,viet-nam-hoc,C20,Điểm thi THPT,2025,20.8,Việt Nam học (Văn hóa du lịch)
168477,UKH,viet-nam-hoc,D01,Điểm thi THPT,2025,20.8,Việt Nam học (Văn hóa du lịch)
168478,UKH,viet-nam-hoc,D14,Điểm thi THPT,2025,20.8,Việt Nam học (Văn hóa du lịch)
168479,UKH,viet-nam-hoc,D15,Điểm thi THPT,2025,20.8,Việt Nam học (Văn hóa du lịch)
168480,UKH,viet-nam-hoc,X70,Điểm thi THPT,2025,20.8,Việt Nam học (Văn hóa du lịch)
168481,UKH,viet-nam-hoc,X74,Điểm thi THPT,2025,20.8,Việt Nam học (Văn hóa du lịch)
168482,UMT,bat-dong-san,A00,Điểm học bạ,2022,6.0,Bất động sản
168483,UMT,bat-dong-san,A01,Điểm học bạ,2022,6.0,Bất động sản
168484,UMT,bat-dong-san,C00,Điểm học bạ,2022,6.0,Bất động sản
168485,UMT,bat-dong-san,D01,Điểm học bạ,2022,6.0,Bất động sản
168486,UMT,bat-dong-san,D03,Điểm học bạ,2022,6.0,Bất động sản
168487,UMT,bat-dong-san,A00,Điểm thi THPT,2022,15.0,Bất động sản
168488,UMT,bat-dong-san,A01,Điểm thi THPT,2022,15.0,Bất động sản
168489,UMT,bat-dong-san,C00,Điểm thi THPT,2022,15.0,Bất động sản
168490,UMT,bat-dong-san,D01,Điểm thi THPT,2022,15.0,Bất động sản
168491,UMT,bat-dong-san,D03,Điểm thi THPT,2022,15.0,Bất động sản
168492,UMT,bat-dong-san,A00,Điểm học bạ,2023,6.0,Bất động sản
168493,UMT,bat-dong-san,A01,Điểm học bạ,2023,6.0,Bất động sản
168494,UMT,bat-dong-san,C00,Điểm học bạ,2023,6.0,Bất động sản
168495,UMT,bat-dong-san,D01,Điểm học bạ,2023,6.0,Bất động sản
168496,UMT,bat-dong-san,D03,Điểm học bạ,2023,6.0,Bất động sản
168497,UMT,bat-dong-san,A00,Điểm thi THPT,2023,15.0,Bất động sản
168498,UMT,bat-dong-san,A01,Điểm thi THPT,2023,15.0,Bất động sản
168499,UMT,bat-dong-san,C00,Điểm thi THPT,2023,15.0,Bất động sản
168500,UMT,bat-dong-san,D01,Điểm thi THPT,2023,15.0,Bất động sản
168501,UMT,bat-dong-san,D03,Điểm thi THPT,2023,15.0,Bất động sản
168502,UMT,bat-dong-san,A00,Điểm học bạ,2025,25.0,Bất động sản
168503,UMT,bat-dong-san,A01,Điểm học bạ,2025,25.0,Bất động sản
168504,UMT,bat-dong-san,B04,Điểm học bạ,2025,25.0,Bất động sản
168505,UMT,bat-dong-san,B08,Điểm học bạ,2025,25.0,Bất động sản
168506,UMT,bat-dong-san,C00,Điểm học bạ,2025,25.0,Bất động sản
168507,UMT,bat-dong-san,C01,Điểm học bạ,2025,25.0,Bất động sản
168508,UMT,bat-dong-san,C02,Điểm học bạ,2025,25.0,Bất động sản
168509,UMT,bat-dong-san,C03,Điểm học bạ,2025,25.0,Bất động sản
168510,UMT,bat-dong-san,C04,Điểm học bạ,2025,25.0,Bất động sản
168511,UMT,bat-dong-san,D01,Điểm học bạ,2025,25.0,Bất động sản
168512,UMT,bat-dong-san,D03,Điểm học bạ,2025,25.0,Bất động sản
168513,UMT,bat-dong-san,D14,Điểm học bạ,2025,25.0,Bất động sản
168514,UMT,bat-dong-san,X01,Điểm học bạ,2025,25.0,Bất động sản
168515,UMT,bat-dong-san,A00,Điểm thi THPT,2025,25.0,Bất động sản
168516,UMT,bat-dong-san,A01,Điểm thi THPT,2025,25.0,Bất động sản
168517,UMT,bat-dong-san,B04,Điểm thi THPT,2025,25.0,Bất động sản
168518,UMT,bat-dong-san,B08,Điểm thi THPT,2025,25.0,Bất động sản
168519,UMT,bat-dong-san,C00,Điểm thi THPT,2025,25.0,Bất động sản
168520,UMT,bat-dong-san,C01,Điểm thi THPT,2025,25.0,Bất động sản
168521,UMT,bat-dong-san,C02,Điểm thi THPT,2025,25.0,Bất động sản
168522,UMT,bat-dong-san,C03,Điểm thi THPT,2025,25.0,Bất động sản
168523,UMT,bat-dong-san,C04,Điểm thi THPT,2025,25.0,Bất động sản
168524,UMT,bat-dong-san,D01,Điểm thi THPT,2025,25.0,Bất động sản
168525,UMT,bat-dong-san,D03,Điểm thi THPT,2025,25.0,Bất động sản
168526,UMT,bat-dong-san,D14,Điểm thi THPT,2025,25.0,Bất động sản
168527,UMT,bat-dong-san,X01,Điểm thi THPT,2025,25.0,Bất động sản
168528,UMT,cong-nghe-thong-tin,A00,Điểm học bạ,2022,6.0,Công nghệ thông tin
168529,UMT,cong-nghe-thong-tin,A01,Điểm học bạ,2022,6.0,Công nghệ thông tin
168530,UMT,cong-nghe-thong-tin,D01,Điểm học bạ,2022,6.0,Công nghệ thông tin
168531,UMT,cong-nghe-thong-tin,D03,Điểm học bạ,2022,6.0,Công nghệ thông tin
168532,UMT,cong-nghe-thong-tin,D07,Điểm học bạ,2022,6.0,Công nghệ thông tin
168533,UMT,cong-nghe-thong-tin,A00,Điểm thi THPT,2022,15.0,Công nghệ thông tin
168534,UMT,cong-nghe-thong-tin,A01,Điểm thi THPT,2022,15.0,Công nghệ thông tin
168535,UMT,cong-nghe-thong-tin,D01,Điểm thi THPT,2022,15.0,Công nghệ thông tin
168536,UMT,cong-nghe-thong-tin,D03,Điểm thi THPT,2022,15.0,Công nghệ thông tin
168537,UMT,cong-nghe-thong-tin,D07,Điểm thi THPT,2022,15.0,Công nghệ thông tin
168538,UMT,cong-nghe-thong-tin,A00,Điểm học bạ,2023,6.0,Công nghệ thông tin
168539,UMT,cong-nghe-thong-tin,A01,Điểm học bạ,2023,6.0,Công nghệ thông tin
168540,UMT,cong-nghe-thong-tin,D01,Điểm học bạ,2023,6.0,Công nghệ thông tin
168541,UMT,cong-nghe-thong-tin,D03,Điểm học bạ,2023,6.0,Công nghệ thông tin
168542,UMT,cong-nghe-thong-tin,D07,Điểm học bạ,2023,6.0,Công nghệ thông tin
168543,UMT,cong-nghe-thong-tin,A00,Điểm thi THPT,2023,15.0,Công nghệ thông tin
168544,UMT,cong-nghe-thong-tin,A01,Điểm thi THPT,2023,15.0,Công nghệ thông tin
168545,UMT,cong-nghe-thong-tin,D01,Điểm thi THPT,2023,15.0,Công nghệ thông tin
168546,UMT,cong-nghe-thong-tin,D03,Điểm thi THPT,2023,15.0,Công nghệ thông tin
168547,UMT,cong-nghe-thong-tin,D07,Điểm thi THPT,2023,15.0,Công nghệ thông tin
168548,UMT,cong-nghe-thong-tin,A00,Điểm học bạ,2024,6.0,Công nghệ thông tin
168549,UMT,cong-nghe-thong-tin,A01,Điểm học bạ,2024,6.0,Công nghệ thông tin
168550,UMT,cong-nghe-thong-tin,D01,Điểm học bạ,2024,6.0,Công nghệ thông tin
168551,UMT,cong-nghe-thong-tin,D03,Điểm học bạ,2024,6.0,Công nghệ thông tin
168552,UMT,cong-nghe-thong-tin,D07,Điểm học bạ,2024,6.0,Công nghệ thông tin
168553,UMT,cong-nghe-thong-tin,A00,Điểm thi THPT,2024,15.5,Công nghệ thông tin
168554,UMT,cong-nghe-thong-tin,A01,Điểm thi THPT,2024,15.5,Công nghệ thông tin
168555,UMT,cong-nghe-thong-tin,D01,Điểm thi THPT,2024,15.5,Công nghệ thông tin
168556,UMT,cong-nghe-thong-tin,D03,Điểm thi THPT,2024,15.5,Công nghệ thông tin
168557,UMT,cong-nghe-thong-tin,D07,Điểm thi THPT,2024,15.5,Công nghệ thông tin
168558,UMT,cong-nghe-thong-tin,A00,Điểm học bạ,2025,15.0,Công nghệ thông tin
168559,UMT,cong-nghe-thong-tin,A01,Điểm học bạ,2025,15.0,Công nghệ thông tin
168560,UMT,cong-nghe-thong-tin,A03,Điểm học bạ,2025,15.0,Công nghệ thông tin
168561,UMT,cong-nghe-thong-tin,A04,Điểm học bạ,2025,15.0,Công nghệ thông tin
168562,UMT,cong-nghe-thong-tin,D01,Điểm học bạ,2025,15.0,Công nghệ thông tin
168563,UMT,cong-nghe-thong-tin,D03,Điểm học bạ,2025,15.0,Công nghệ thông tin
168564,UMT,cong-nghe-thong-tin,D07,Điểm học bạ,2025,15.0,Công nghệ thông tin
168565,UMT,cong-nghe-thong-tin,X06,Điểm học bạ,2025,15.0,Công nghệ thông tin
168566,UMT,cong-nghe-thong-tin,A00,Điểm thi THPT,2025,15.0,Công nghệ thông tin
168567,UMT,cong-nghe-thong-tin,A01,Điểm thi THPT,2025,15.0,Công nghệ thông tin
168568,UMT,cong-nghe-thong-tin,A03,Điểm thi THPT,2025,15.0,Công nghệ thông tin
168569,UMT,cong-nghe-thong-tin,A04,Điểm thi THPT,2025,15.0,Công nghệ thông tin
168570,UMT,cong-nghe-thong-tin,C01,Điểm thi THPT,2025,15.0,Công nghệ thông tin
168571,UMT,cong-nghe-thong-tin,D01,Điểm thi THPT,2025,15.0,Công nghệ thông tin
168572,UMT,cong-nghe-thong-tin,D03,Điểm thi THPT,2025,15.0,Công nghệ thông tin
168573,UMT,cong-nghe-thong-tin,D07,Điểm thi THPT,2025,15.0,Công nghệ thông tin
168574,UMT,cong-nghe-thong-tin,X06,Điểm thi THPT,2025,15.0,Công nghệ thông tin
168575,UMT,kinh-doanh-quoc-te,A00,Điểm học bạ,2022,6.0,Kinh doanh quốc tế
168576,UMT,kinh-doanh-quoc-te,A01,Điểm học bạ,2022,6.0,Kinh doanh quốc tế
168577,UMT,kinh-doanh-quoc-te,C00,Điểm học bạ,2022,6.0,Kinh doanh quốc tế
168578,UMT,kinh-doanh-quoc-te,D01,Điểm học bạ,2022,6.0,Kinh doanh quốc tế
168579,UMT,kinh-doanh-quoc-te,D03,Điểm học bạ,2022,6.0,Kinh doanh quốc tế
168580,UMT,kinh-doanh-quoc-te,A00,Điểm thi THPT,2022,15.0,Kinh doanh quốc tế
168581,UMT,kinh-doanh-quoc-te,A01,Điểm thi THPT,2022,15.0,Kinh doanh quốc tế
168582,UMT,kinh-doanh-quoc-te,C00,Điểm thi THPT,2022,15.0,Kinh doanh quốc tế
168583,UMT,kinh-doanh-quoc-te,D01,Điểm thi THPT,2022,15.0,Kinh doanh quốc tế
168584,UMT,kinh-doanh-quoc-te,D03,Điểm thi THPT,2022,15.0,Kinh doanh quốc tế
168585,UMT,kinh-doanh-quoc-te,A00,Điểm học bạ,2023,6.0,Kinh doanh quốc tế
168586,UMT,kinh-doanh-quoc-te,A01,Điểm học bạ,2023,6.0,Kinh doanh quốc tế
168587,UMT,kinh-doanh-quoc-te,C00,Điểm học bạ,2023,6.0,Kinh doanh quốc tế
168588,UMT,kinh-doanh-quoc-te,D01,Điểm học bạ,2023,6.0,Kinh doanh quốc tế
168589,UMT,kinh-doanh-quoc-te,D03,Điểm học bạ,2023,6.0,Kinh doanh quốc tế
168590,UMT,kinh-doanh-quoc-te,A00,Điểm thi THPT,2023,15.0,Kinh doanh quốc tế
168591,UMT,kinh-doanh-quoc-te,A01,Điểm thi THPT,2023,15.0,Kinh doanh quốc tế
168592,UMT,kinh-doanh-quoc-te,C00,Điểm thi THPT,2023,15.0,Kinh doanh quốc tế
168593,UMT,kinh-doanh-quoc-te,D01,Điểm thi THPT,2023,15.0,Kinh doanh quốc tế
168594,UMT,kinh-doanh-quoc-te,D03,Điểm thi THPT,2023,15.0,Kinh doanh quốc tế
168595,UMT,kinh-doanh-quoc-te,A00,Điểm học bạ,2024,6.0,Kinh doanh quốc tế
168596,UMT,kinh-doanh-quoc-te,A01,Điểm học bạ,2024,6.0,Kinh doanh quốc tế
168597,UMT,kinh-doanh-quoc-te,C00,Điểm học bạ,2024,6.0,Kinh doanh quốc tế
168598,UMT,kinh-doanh-quoc-te,D01,Điểm học bạ,2024,6.0,Kinh doanh quốc tế
168599,UMT,kinh-doanh-quoc-te,D03,Điểm học bạ,2024,6.0,Kinh doanh quốc tế
168600,UMT,kinh-doanh-quoc-te,A00,Điểm thi THPT,2024,15.0,Kinh doanh quốc tế
168601,UMT,kinh-doanh-quoc-te,A01,Điểm thi THPT,2024,15.0,Kinh doanh quốc tế
168602,UMT,kinh-doanh-quoc-te,C00,Điểm thi THPT,2024,15.0,Kinh doanh quốc tế
168603,UMT,kinh-doanh-quoc-te,D01,Điểm thi THPT,2024,15.0,Kinh doanh quốc tế
168604,UMT,kinh-doanh-quoc-te,D03,Điểm thi THPT,2024,15.0,Kinh doanh quốc tế
168605,UMT,kinh-doanh-quoc-te,A00,Điểm học bạ,2025,15.0,Kinh doanh quốc tế
168606,UMT,kinh-doanh-quoc-te,A01,Điểm học bạ,2025,15.0,Kinh doanh quốc tế
168607,UMT,kinh-doanh-quoc-te,B04,Điểm học bạ,2025,15.0,Kinh doanh quốc tế
168608,UMT,kinh-doanh-quoc-te,B08,Điểm học bạ,2025,15.0,Kinh doanh quốc tế
168609,UMT,kinh-doanh-quoc-te,C00,Điểm học bạ,2025,15.0,Kinh doanh quốc tế
168610,UMT,kinh-doanh-quoc-te,C01,Điểm học bạ,2025,15.0,Kinh doanh quốc tế
168611,UMT,kinh-doanh-quoc-te,C02,Điểm học bạ,2025,15.0,Kinh doanh quốc tế
168612,UMT,kinh-doanh-quoc-te,C03,Điểm học bạ,2025,15.0,Kinh doanh quốc tế
168613,UMT,kinh-doanh-quoc-te,C04,Điểm học bạ,2025,15.0,Kinh doanh quốc tế
168614,UMT,kinh-doanh-quoc-te,D01,Điểm học bạ,2025,15.0,Kinh doanh quốc tế
168615,UMT,kinh-doanh-quoc-te,D03,Điểm học bạ,2025,15.0,Kinh doanh quốc tế
168616,UMT,kinh-doanh-quoc-te,D14,Điểm học bạ,2025,15.0,Kinh doanh quốc tế
168617,UMT,kinh-doanh-quoc-te,X01,Điểm học bạ,2025,15.0,Kinh doanh quốc tế
168618,UMT,kinh-doanh-quoc-te,A00,Điểm thi THPT,2025,15.0,Kinh doanh quốc tế
168619,UMT,kinh-doanh-quoc-te,A01,Điểm thi THPT,2025,15.0,Kinh doanh quốc tế
168620,UMT,kinh-doanh-quoc-te,B04,Điểm thi THPT,2025,15.0,Kinh doanh quốc tế
168621,UMT,kinh-doanh-quoc-te,B08,Điểm thi THPT,2025,15.0,Kinh doanh quốc tế
168622,UMT,kinh-doanh-quoc-te,C00,Điểm thi THPT,2025,15.0,Kinh doanh quốc tế
168623,UMT,kinh-doanh-quoc-te,C01,Điểm thi THPT,2025,15.0,Kinh doanh quốc tế
168624,UMT,kinh-doanh-quoc-te,C02,Điểm thi THPT,2025,15.0,Kinh doanh quốc tế
168625,UMT,kinh-doanh-quoc-te,C03,Điểm thi THPT,2025,15.0,Kinh doanh quốc tế
168626,UMT,kinh-doanh-quoc-te,C04,Điểm thi THPT,2025,15.0,Kinh doanh quốc tế
168627,UMT,kinh-doanh-quoc-te,D01,Điểm thi THPT,2025,15.0,Kinh doanh quốc tế
168628,UMT,kinh-doanh-quoc-te,D03,Điểm thi THPT,2025,15.0,Kinh doanh quốc tế
168629,UMT,kinh-doanh-quoc-te,D14,Điểm thi THPT,2025,15.0,Kinh doanh quốc tế
168630,UMT,kinh-doanh-quoc-te,X01,Điểm thi THPT,2025,15.0,Kinh doanh quốc tế
168631,UMT,logistics-va-quan-ly-chuoi-cung-ung,A00,Điểm học bạ,2023,6.0,Logistics và Quản lý chuỗi cung ứng
168632,UMT,logistics-va-quan-ly-chuoi-cung-ung,A01,Điểm học bạ,2023,6.0,Logistics và Quản lý chuỗi cung ứng
168633,UMT,logistics-va-quan-ly-chuoi-cung-ung,D01,Điểm học bạ,2023,6.0,Logistics và Quản lý chuỗi cung ứng
168634,UMT,logistics-va-quan-ly-chuoi-cung-ung,D03,Điểm học bạ,2023,6.0,Logistics và Quản lý chuỗi cung ứng
168635,UMT,logistics-va-quan-ly-chuoi-cung-ung,D07,Điểm học bạ,2023,6.0,Logistics và Quản lý chuỗi cung ứng
168636,UMT,logistics-va-quan-ly-chuoi-cung-ung,A00,Điểm thi THPT,2023,15.0,Logistics và Quản lý chuỗi cung ứng
168637,UMT,logistics-va-quan-ly-chuoi-cung-ung,A01,Điểm thi THPT,2023,15.0,Logistics và Quản lý chuỗi cung ứng
168638,UMT,logistics-va-quan-ly-chuoi-cung-ung,D01,Điểm thi THPT,2023,15.0,Logistics và Quản lý chuỗi cung ứng
168639,UMT,logistics-va-quan-ly-chuoi-cung-ung,D03,Điểm thi THPT,2023,15.0,Logistics và Quản lý chuỗi cung ứng
168640,UMT,logistics-va-quan-ly-chuoi-cung-ung,D07,Điểm thi THPT,2023,15.0,Logistics và Quản lý chuỗi cung ứng
168641,UMT,logistics-va-quan-ly-chuoi-cung-ung,A00,Điểm học bạ,2024,6.0,Logistics và Quản lý chuỗi cung ứng
168642,UMT,logistics-va-quan-ly-chuoi-cung-ung,A01,Điểm học bạ,2024,6.0,Logistics và Quản lý chuỗi cung ứng
168643,UMT,logistics-va-quan-ly-chuoi-cung-ung,D01,Điểm học bạ,2024,6.0,Logistics và Quản lý chuỗi cung ứng
168644,UMT,logistics-va-quan-ly-chuoi-cung-ung,D03,Điểm học bạ,2024,6.0,Logistics và Quản lý chuỗi cung ứng
168645,UMT,logistics-va-quan-ly-chuoi-cung-ung,D07,Điểm học bạ,2024,6.0,Logistics và Quản lý chuỗi cung ứng
168646,UMT,logistics-va-quan-ly-chuoi-cung-ung,A00,Điểm thi THPT,2024,16.0,Logistics và Quản lý chuỗi cung ứng
168647,UMT,logistics-va-quan-ly-chuoi-cung-ung,A01,Điểm thi THPT,2024,16.0,Logistics và Quản lý chuỗi cung ứng
168648,UMT,logistics-va-quan-ly-chuoi-cung-ung,D01,Điểm thi THPT,2024,16.0,Logistics và Quản lý chuỗi cung ứng
168649,UMT,logistics-va-quan-ly-chuoi-cung-ung,D03,Điểm thi THPT,2024,16.0,Logistics và Quản lý chuỗi cung ứng
168650,UMT,logistics-va-quan-ly-chuoi-cung-ung,D07,Điểm thi THPT,2024,16.0,Logistics và Quản lý chuỗi cung ứng
168651,UMT,logistics-va-quan-ly-chuoi-cung-ung,A00,Điểm học bạ,2025,15.0,Logistics và quản lý chuỗi cung ứng
168652,UMT,logistics-va-quan-ly-chuoi-cung-ung,A01,Điểm học bạ,2025,15.0,Logistics và quản lý chuỗi cung ứng
168653,UMT,logistics-va-quan-ly-chuoi-cung-ung,B04,Điểm học bạ,2025,15.0,Logistics và quản lý chuỗi cung ứng
168654,UMT,logistics-va-quan-ly-chuoi-cung-ung,B08,Điểm học bạ,2025,15.0,Logistics và quản lý chuỗi cung ứng
168655,UMT,logistics-va-quan-ly-chuoi-cung-ung,C00,Điểm học bạ,2025,15.0,Logistics và quản lý chuỗi cung ứng
168656,UMT,logistics-va-quan-ly-chuoi-cung-ung,C01,Điểm học bạ,2025,15.0,Logistics và quản lý chuỗi cung ứng
168657,UMT,logistics-va-quan-ly-chuoi-cung-ung,C02,Điểm học bạ,2025,15.0,Logistics và quản lý chuỗi cung ứng
168658,UMT,logistics-va-quan-ly-chuoi-cung-ung,C03,Điểm học bạ,2025,15.0,Logistics và quản lý chuỗi cung ứng
168659,UMT,logistics-va-quan-ly-chuoi-cung-ung,C04,Điểm học bạ,2025,15.0,Logistics và quản lý chuỗi cung ứng
168660,UMT,logistics-va-quan-ly-chuoi-cung-ung,D01,Điểm học bạ,2025,15.0,Logistics và quản lý chuỗi cung ứng
168661,UMT,logistics-va-quan-ly-chuoi-cung-ung,D03,Điểm học bạ,2025,15.0,Logistics và quản lý chuỗi cung ứng
168662,UMT,logistics-va-quan-ly-chuoi-cung-ung,D14,Điểm học bạ,2025,15.0,Logistics và quản lý chuỗi cung ứng
168663,UMT,logistics-va-quan-ly-chuoi-cung-ung,X01,Điểm học bạ,2025,15.0,Logistics và quản lý chuỗi cung ứng
168664,UMT,logistics-va-quan-ly-chuoi-cung-ung,A00,Điểm thi THPT,2025,15.0,Logistics và Quản lý chuỗi cung ứng
168665,UMT,logistics-va-quan-ly-chuoi-cung-ung,A01,Điểm thi THPT,2025,15.0,Logistics và Quản lý chuỗi cung ứng
168666,UMT,logistics-va-quan-ly-chuoi-cung-ung,B04,Điểm thi THPT,2025,15.0,Logistics và Quản lý chuỗi cung ứng
168667,UMT,logistics-va-quan-ly-chuoi-cung-ung,B08,Điểm thi THPT,2025,15.0,Logistics và Quản lý chuỗi cung ứng
168668,UMT,logistics-va-quan-ly-chuoi-cung-ung,C00,Điểm thi THPT,2025,15.0,Logistics và Quản lý chuỗi cung ứng
168669,UMT,logistics-va-quan-ly-chuoi-cung-ung,C01,Điểm thi THPT,2025,15.0,Logistics và Quản lý chuỗi cung ứng
168670,UMT,logistics-va-quan-ly-chuoi-cung-ung,C02,Điểm thi THPT,2025,15.0,Logistics và Quản lý chuỗi cung ứng
168671,UMT,logistics-va-quan-ly-chuoi-cung-ung,C03,Điểm thi THPT,2025,15.0,Logistics và Quản lý chuỗi cung ứng
168672,UMT,logistics-va-quan-ly-chuoi-cung-ung,C04,Điểm thi THPT,2025,15.0,Logistics và Quản lý chuỗi cung ứng
168673,UMT,logistics-va-quan-ly-chuoi-cung-ung,D01,Điểm thi THPT,2025,15.0,Logistics và Quản lý chuỗi cung ứng
168674,UMT,logistics-va-quan-ly-chuoi-cung-ung,D03,Điểm thi THPT,2025,15.0,Logistics và Quản lý chuỗi cung ứng
168675,UMT,logistics-va-quan-ly-chuoi-cung-ung,D14,Điểm thi THPT,2025,15.0,Logistics và Quản lý chuỗi cung ứng
168676,UMT,logistics-va-quan-ly-chuoi-cung-ung,X01,Điểm thi THPT,2025,15.0,Logistics và Quản lý chuỗi cung ứng
168677,UMT,marketing,A00,Điểm học bạ,2022,6.0,Marketing
168678,UMT,marketing,A01,Điểm học bạ,2022,6.0,Marketing
168679,UMT,marketing,C00,Điểm học bạ,2022,6.0,Marketing
168680,UMT,marketing,D01,Điểm học bạ,2022,6.0,Marketing
168681,UMT,marketing,D03,Điểm học bạ,2022,6.0,Marketing
168682,UMT,marketing,A00,Điểm thi THPT,2022,15.0,Marketing
168683,UMT,marketing,A01,Điểm thi THPT,2022,15.0,Marketing
168684,UMT,marketing,C00,Điểm thi THPT,2022,15.0,Marketing
168685,UMT,marketing,D01,Điểm thi THPT,2022,15.0,Marketing
168686,UMT,marketing,D03,Điểm thi THPT,2022,15.0,Marketing
168687,UMT,marketing,A00,Điểm học bạ,2023,6.0,Marketing
168688,UMT,marketing,A01,Điểm học bạ,2023,6.0,Marketing
168689,UMT,marketing,C00,Điểm học bạ,2023,6.0,Marketing
168690,UMT,marketing,D01,Điểm học bạ,2023,6.0,Marketing
168691,UMT,marketing,D03,Điểm học bạ,2023,6.0,Marketing
168692,UMT,marketing,A00,Điểm thi THPT,2023,15.0,Marketing
168693,UMT,marketing,A01,Điểm thi THPT,2023,15.0,Marketing
168694,UMT,marketing,C00,Điểm thi THPT,2023,15.0,Marketing
168695,UMT,marketing,D01,Điểm thi THPT,2023,15.0,Marketing
168696,UMT,marketing,D03,Điểm thi THPT,2023,15.0,Marketing
168697,UMT,marketing,A00,Điểm học bạ,2024,6.0,Marketing
168698,UMT,marketing,A01,Điểm học bạ,2024,6.0,Marketing
168699,UMT,marketing,C00,Điểm học bạ,2024,6.0,Marketing
168700,UMT,marketing,D01,Điểm học bạ,2024,6.0,Marketing
168701,UMT,marketing,D03,Điểm học bạ,2024,6.0,Marketing
168702,UMT,marketing,A00,Điểm thi THPT,2024,15.0,Marketing
168703,UMT,marketing,A01,Điểm thi THPT,2024,15.0,Marketing
168704,UMT,marketing,C00,Điểm thi THPT,2024,15.0,Marketing
168705,UMT,marketing,D01,Điểm thi THPT,2024,15.0,Marketing
168706,UMT,marketing,D03,Điểm thi THPT,2024,15.0,Marketing
168707,UMT,marketing,A00,Điểm học bạ,2025,15.0,Marketing
168708,UMT,marketing,A01,Điểm học bạ,2025,15.0,Marketing
168709,UMT,marketing,B04,Điểm học bạ,2025,15.0,Marketing
168710,UMT,marketing,B08,Điểm học bạ,2025,15.0,Marketing
168711,UMT,marketing,C00,Điểm học bạ,2025,15.0,Marketing
168712,UMT,marketing,C01,Điểm học bạ,2025,15.0,Marketing
168713,UMT,marketing,C02,Điểm học bạ,2025,15.0,Marketing
168714,UMT,marketing,C03,Điểm học bạ,2025,15.0,Marketing
168715,UMT,marketing,C04,Điểm học bạ,2025,15.0,Marketing
168716,UMT,marketing,D01,Điểm học bạ,2025,15.0,Marketing
168717,UMT,marketing,D03,Điểm học bạ,2025,15.0,Marketing
168718,UMT,marketing,D14,Điểm học bạ,2025,15.0,Marketing
168719,UMT,marketing,X01,Điểm học bạ,2025,15.0,Marketing
168720,UMT,marketing,A00,Điểm thi THPT,2025,15.0,Marketing
168721,UMT,marketing,A01,Điểm thi THPT,2025,15.0,Marketing
168722,UMT,marketing,B04,Điểm thi THPT,2025,15.0,Marketing
168723,UMT,marketing,B08,Điểm thi THPT,2025,15.0,Marketing
168724,UMT,marketing,C00,Điểm thi THPT,2025,15.0,Marketing
168725,UMT,marketing,C01,Điểm thi THPT,2025,15.0,Marketing
168726,UMT,marketing,C02,Điểm thi THPT,2025,15.0,Marketing
168727,UMT,marketing,C03,Điểm thi THPT,2025,15.0,Marketing
168728,UMT,marketing,C04,Điểm thi THPT,2025,15.0,Marketing
168729,UMT,marketing,D01,Điểm thi THPT,2025,15.0,Marketing
168730,UMT,marketing,D03,Điểm thi THPT,2025,15.0,Marketing
168731,UMT,marketing,D14,Điểm thi THPT,2025,15.0,Marketing
168732,UMT,marketing,X01,Điểm thi THPT,2025,15.0,Marketing
168733,UMT,quan-ly-the-duc-the-thao,A01,Điểm học bạ,2022,6.0,Quản lý thể dục thể thao
168734,UMT,quan-ly-the-duc-the-thao,D01,Điểm học bạ,2022,6.0,Quản lý thể dục thể thao
168735,UMT,quan-ly-the-duc-the-thao,D03,Điểm học bạ,2022,6.0,Quản lý thể dục thể thao
168736,UMT,quan-ly-the-duc-the-thao,T00,Điểm học bạ,2022,6.0,Quản lý thể dục thể thao
168737,UMT,quan-ly-the-duc-the-thao,T01,Điểm học bạ,2022,6.0,Quản lý thể dục thể thao
168738,UMT,quan-ly-the-duc-the-thao,A01,Điểm thi THPT,2022,15.0,Quản lý thể dục thể thao
168739,UMT,quan-ly-the-duc-the-thao,D01,Điểm thi THPT,2022,15.0,Quản lý thể dục thể thao
168740,UMT,quan-ly-the-duc-the-thao,D03,Điểm thi THPT,2022,15.0,Quản lý thể dục thể thao
168741,UMT,quan-ly-the-duc-the-thao,T00,Điểm thi THPT,2022,15.0,Quản lý thể dục thể thao
168742,UMT,quan-ly-the-duc-the-thao,T01,Điểm thi THPT,2022,15.0,Quản lý thể dục thể thao
168743,UMT,quan-ly-the-duc-the-thao,A01,Điểm học bạ,2023,6.0,Quản lý thể dục thể thao
168744,UMT,quan-ly-the-duc-the-thao,B04,Điểm học bạ,2023,6.0,Quản lý thể dục thể thao
168745,UMT,quan-ly-the-duc-the-thao,B08,Điểm học bạ,2023,6.0,Quản lý thể dục thể thao
168746,UMT,quan-ly-the-duc-the-thao,D01,Điểm học bạ,2023,6.0,Quản lý thể dục thể thao
168747,UMT,quan-ly-the-duc-the-thao,D03,Điểm học bạ,2023,6.0,Quản lý thể dục thể thao
168748,UMT,quan-ly-the-duc-the-thao,A01,Điểm thi THPT,2023,15.0,Quản lý thể dục thể thao
168749,UMT,quan-ly-the-duc-the-thao,B04,Điểm thi THPT,2023,15.0,Quản lý thể dục thể thao
168750,UMT,quan-ly-the-duc-the-thao,B08,Điểm thi THPT,2023,15.0,Quản lý thể dục thể thao
168751,UMT,quan-ly-the-duc-the-thao,D01,Điểm thi THPT,2023,15.0,Quản lý thể dục thể thao
168752,UMT,quan-ly-the-duc-the-thao,D03,Điểm thi THPT,2023,15.0,Quản lý thể dục thể thao
168753,UMT,quan-ly-the-duc-the-thao,A01,Điểm học bạ,2024,6.0,Quản lý thể dục thể thao
168754,UMT,quan-ly-the-duc-the-thao,B04,Điểm học bạ,2024,6.0,Quản lý thể dục thể thao
168755,UMT,quan-ly-the-duc-the-thao,B08,Điểm học bạ,2024,6.0,Quản lý thể dục thể thao
168756,UMT,quan-ly-the-duc-the-thao,D01,Điểm học bạ,2024,6.0,Quản lý thể dục thể thao
168757,UMT,quan-ly-the-duc-the-thao,D03,Điểm học bạ,2024,6.0,Quản lý thể dục thể thao
168758,UMT,quan-ly-the-duc-the-thao,A01,Điểm thi THPT,2024,15.0,Quản lý thể dục thể thao
168759,UMT,quan-ly-the-duc-the-thao,B04,Điểm thi THPT,2024,15.0,Quản lý thể dục thể thao
168760,UMT,quan-ly-the-duc-the-thao,B08,Điểm thi THPT,2024,15.0,Quản lý thể dục thể thao
168761,UMT,quan-ly-the-duc-the-thao,D01,Điểm thi THPT,2024,15.0,Quản lý thể dục thể thao
168762,UMT,quan-ly-the-duc-the-thao,D03,Điểm thi THPT,2024,15.0,Quản lý thể dục thể thao
168763,UMT,quan-ly-the-duc-the-thao,A00,Điểm học bạ,2025,15.0,Quản lý thể dục thể thao
168764,UMT,quan-ly-the-duc-the-thao,A01,Điểm học bạ,2025,15.0,Quản lý thể dục thể thao
168765,UMT,quan-ly-the-duc-the-thao,B04,Điểm học bạ,2025,15.0,Quản lý thể dục thể thao
168766,UMT,quan-ly-the-duc-the-thao,B08,Điểm học bạ,2025,15.0,Quản lý thể dục thể thao
168767,UMT,quan-ly-the-duc-the-thao,C00,Điểm học bạ,2025,15.0,Quản lý thể dục thể thao
168768,UMT,quan-ly-the-duc-the-thao,C01,Điểm học bạ,2025,15.0,Quản lý thể dục thể thao
168769,UMT,quan-ly-the-duc-the-thao,C02,Điểm học bạ,2025,15.0,Quản lý thể dục thể thao
168770,UMT,quan-ly-the-duc-the-thao,C03,Điểm học bạ,2025,15.0,Quản lý thể dục thể thao
168771,UMT,quan-ly-the-duc-the-thao,C04,Điểm học bạ,2025,15.0,Quản lý thể dục thể thao
168772,UMT,quan-ly-the-duc-the-thao,D01,Điểm học bạ,2025,15.0,Quản lý thể dục thể thao
168773,UMT,quan-ly-the-duc-the-thao,D03,Điểm học bạ,2025,15.0,Quản lý thể dục thể thao
168774,UMT,quan-ly-the-duc-the-thao,D14,Điểm học bạ,2025,15.0,Quản lý thể dục thể thao
168775,UMT,quan-ly-the-duc-the-thao,X01,Điểm học bạ,2025,15.0,Quản lý thể dục thể thao
168776,UMT,quan-ly-the-duc-the-thao,A00,Điểm thi THPT,2025,15.0,Quản lý thể dục thể thao
168777,UMT,quan-ly-the-duc-the-thao,A01,Điểm thi THPT,2025,15.0,Quản lý thể dục thể thao
168778,UMT,quan-ly-the-duc-the-thao,B04,Điểm thi THPT,2025,15.0,Quản lý thể dục thể thao
168779,UMT,quan-ly-the-duc-the-thao,B08,Điểm thi THPT,2025,15.0,Quản lý thể dục thể thao
168780,UMT,quan-ly-the-duc-the-thao,C00,Điểm thi THPT,2025,15.0,Quản lý thể dục thể thao
168781,UMT,quan-ly-the-duc-the-thao,C01,Điểm thi THPT,2025,15.0,Quản lý thể dục thể thao
168782,UMT,quan-ly-the-duc-the-thao,C02,Điểm thi THPT,2025,15.0,Quản lý thể dục thể thao
168783,UMT,quan-ly-the-duc-the-thao,C03,Điểm thi THPT,2025,15.0,Quản lý thể dục thể thao
168784,UMT,quan-ly-the-duc-the-thao,C04,Điểm thi THPT,2025,15.0,Quản lý thể dục thể thao
168785,UMT,quan-ly-the-duc-the-thao,D01,Điểm thi THPT,2025,15.0,Quản lý thể dục thể thao
168786,UMT,quan-ly-the-duc-the-thao,D03,Điểm thi THPT,2025,15.0,Quản lý thể dục thể thao
168787,UMT,quan-ly-the-duc-the-thao,D14,Điểm thi THPT,2025,15.0,Quản lý thể dục thể thao
168788,UMT,quan-ly-the-duc-the-thao,X01,Điểm thi THPT,2025,15.0,Quản lý thể dục thể thao
168789,UMT,quan-tri-kinh-doanh,A00,Điểm học bạ,2022,6.0,Quản trị kinh doanh
168790,UMT,quan-tri-kinh-doanh,A01,Điểm học bạ,2022,6.0,Quản trị kinh doanh
168791,UMT,quan-tri-kinh-doanh,C00,Điểm học bạ,2022,6.0,Quản trị kinh doanh
168792,UMT,quan-tri-kinh-doanh,D01,Điểm học bạ,2022,6.0,Quản trị kinh doanh
168793,UMT,quan-tri-kinh-doanh,D03,Điểm học bạ,2022,6.0,Quản trị kinh doanh
168794,UMT,quan-tri-kinh-doanh,A00,Điểm thi THPT,2022,15.0,Quản trị kinh doanh
168795,UMT,quan-tri-kinh-doanh,A01,Điểm thi THPT,2022,15.0,Quản trị kinh doanh
168796,UMT,quan-tri-kinh-doanh,C00,Điểm thi THPT,2022,15.0,Quản trị kinh doanh
168797,UMT,quan-tri-kinh-doanh,D01,Điểm thi THPT,2022,15.0,Quản trị kinh doanh
168798,UMT,quan-tri-kinh-doanh,D03,Điểm thi THPT,2022,15.0,Quản trị kinh doanh
168799,UMT,quan-tri-kinh-doanh,A00,Điểm học bạ,2023,6.0,Quản trị kinh doanh
168800,UMT,quan-tri-kinh-doanh,A01,Điểm học bạ,2023,6.0,Quản trị kinh doanh
168801,UMT,quan-tri-kinh-doanh,C00,Điểm học bạ,2023,6.0,Quản trị kinh doanh
168802,UMT,quan-tri-kinh-doanh,D01,Điểm học bạ,2023,6.0,Quản trị kinh doanh
168803,UMT,quan-tri-kinh-doanh,D03,Điểm học bạ,2023,6.0,Quản trị kinh doanh
168804,UMT,quan-tri-kinh-doanh,A00,Điểm thi THPT,2023,15.0,Quản trị Kinh doanh
168805,UMT,quan-tri-kinh-doanh,A01,Điểm thi THPT,2023,15.0,Quản trị Kinh doanh
168806,UMT,quan-tri-kinh-doanh,C00,Điểm thi THPT,2023,15.0,Quản trị Kinh doanh
168807,UMT,quan-tri-kinh-doanh,D01,Điểm thi THPT,2023,15.0,Quản trị Kinh doanh
168808,UMT,quan-tri-kinh-doanh,D03,Điểm thi THPT,2023,15.0,Quản trị Kinh doanh
168809,UMT,quan-tri-kinh-doanh,A00,Điểm học bạ,2024,6.0,Quản trị kinh doanh
168810,UMT,quan-tri-kinh-doanh,A01,Điểm học bạ,2024,6.0,Quản trị kinh doanh
168811,UMT,quan-tri-kinh-doanh,C00,Điểm học bạ,2024,6.0,Quản trị kinh doanh
168812,UMT,quan-tri-kinh-doanh,D01,Điểm học bạ,2024,6.0,Quản trị kinh doanh
168813,UMT,quan-tri-kinh-doanh,D03,Điểm học bạ,2024,6.0,Quản trị kinh doanh
168814,UMT,quan-tri-kinh-doanh,A00,Điểm thi THPT,2024,15.0,Quản trị kinh doanh
168815,UMT,quan-tri-kinh-doanh,A01,Điểm thi THPT,2024,15.0,Quản trị kinh doanh
168816,UMT,quan-tri-kinh-doanh,C00,Điểm thi THPT,2024,15.0,Quản trị kinh doanh
168817,UMT,quan-tri-kinh-doanh,D01,Điểm thi THPT,2024,15.0,Quản trị kinh doanh
168818,UMT,quan-tri-kinh-doanh,D03,Điểm thi THPT,2024,15.0,Quản trị kinh doanh
168819,UMT,quan-tri-kinh-doanh,A00,Điểm học bạ,2025,15.0,Quản trị kinh doanh
168820,UMT,quan-tri-kinh-doanh,A01,Điểm học bạ,2025,15.0,Quản trị kinh doanh
168821,UMT,quan-tri-kinh-doanh,C00,Điểm học bạ,2025,15.0,Quản trị kinh doanh
168822,UMT,quan-tri-kinh-doanh,C01,Điểm học bạ,2025,15.0,Quản trị kinh doanh
168823,UMT,quan-tri-kinh-doanh,C02,Điểm học bạ,2025,15.0,Quản trị kinh doanh
168824,UMT,quan-tri-kinh-doanh,C03,Điểm học bạ,2025,15.0,Quản trị kinh doanh
168825,UMT,quan-tri-kinh-doanh,C04,Điểm học bạ,2025,15.0,Quản trị kinh doanh
168826,UMT,quan-tri-kinh-doanh,D01,Điểm học bạ,2025,15.0,Quản trị kinh doanh
168827,UMT,quan-tri-kinh-doanh,D03,Điểm học bạ,2025,15.0,Quản trị kinh doanh
168828,UMT,quan-tri-kinh-doanh,X01,Điểm học bạ,2025,15.0,Quản trị kinh doanh
168829,UMT,quan-tri-kinh-doanh,A00,Điểm thi THPT,2025,15.0,Quản trị kinh doanh
168830,UMT,quan-tri-kinh-doanh,A01,Điểm thi THPT,2025,15.0,Quản trị kinh doanh
168831,UMT,quan-tri-kinh-doanh,B04,Điểm thi THPT,2025,15.0,Quản trị kinh doanh
168832,UMT,quan-tri-kinh-doanh,B08,Điểm thi THPT,2025,15.0,Quản trị kinh doanh
168833,UMT,quan-tri-kinh-doanh,C00,Điểm thi THPT,2025,15.0,Quản trị kinh doanh
168834,UMT,quan-tri-kinh-doanh,C01,Điểm thi THPT,2025,15.0,Quản trị kinh doanh
168835,UMT,quan-tri-kinh-doanh,C02,Điểm thi THPT,2025,15.0,Quản trị kinh doanh
168836,UMT,quan-tri-kinh-doanh,C03,Điểm thi THPT,2025,15.0,Quản trị kinh doanh
168837,UMT,quan-tri-kinh-doanh,C04,Điểm thi THPT,2025,15.0,Quản trị kinh doanh
168838,UMT,quan-tri-kinh-doanh,D01,Điểm thi THPT,2025,15.0,Quản trị kinh doanh
168839,UMT,quan-tri-kinh-doanh,D03,Điểm thi THPT,2025,15.0,Quản trị kinh doanh
168840,UMT,quan-tri-kinh-doanh,D14,Điểm thi THPT,2025,15.0,Quản trị kinh doanh
168841,UMT,quan-tri-kinh-doanh,X01,Điểm thi THPT,2025,15.0,Quản trị kinh doanh
168842,UMT,thiet-ke-do-hoa,A00,Điểm học bạ,2024,6.0,Thiết kế đồ họa
168843,UMT,thiet-ke-do-hoa,A01,Điểm học bạ,2024,6.0,Thiết kế đồ họa
168844,UMT,thiet-ke-do-hoa,D01,Điểm học bạ,2024,6.0,Thiết kế đồ họa
168845,UMT,thiet-ke-do-hoa,D03,Điểm học bạ,2024,6.0,Thiết kế đồ họa
168846,UMT,thiet-ke-do-hoa,H01,Điểm học bạ,2024,6.0,Thiết kế đồ họa
168847,UMT,thiet-ke-do-hoa,A00,Điểm thi THPT,2024,15.0,Thiết kế đồ họa
168848,UMT,thiet-ke-do-hoa,A01,Điểm thi THPT,2024,15.0,Thiết kế đồ họa
168849,UMT,thiet-ke-do-hoa,D01,Điểm thi THPT,2024,15.0,Thiết kế đồ họa
168850,UMT,thiet-ke-do-hoa,D03,Điểm thi THPT,2024,15.0,Thiết kế đồ họa
168851,UMT,thiet-ke-do-hoa,H01,Điểm thi THPT,2024,15.0,Thiết kế đồ họa
168852,UMT,thiet-ke-do-hoa,A00,Điểm học bạ,2025,15.0,Thiết kế đồ họa
168853,UMT,thiet-ke-do-hoa,A01,Điểm học bạ,2025,15.0,Thiết kế đồ họa
168854,UMT,thiet-ke-do-hoa,C01,Điểm học bạ,2025,15.0,Thiết kế đồ họa
168855,UMT,thiet-ke-do-hoa,C02,Điểm học bạ,2025,15.0,Thiết kế đồ họa
168856,UMT,thiet-ke-do-hoa,C03,Điểm học bạ,2025,15.0,Thiết kế đồ họa
168857,UMT,thiet-ke-do-hoa,C04,Điểm học bạ,2025,15.0,Thiết kế đồ họa
168858,UMT,thiet-ke-do-hoa,D01,Điểm học bạ,2025,15.0,Thiết kế đồ họa
168859,UMT,thiet-ke-do-hoa,D03,Điểm học bạ,2025,15.0,Thiết kế đồ họa
168860,UMT,thiet-ke-do-hoa,A00,Điểm thi THPT,2025,15.0,Thiết kế đồ họa
168861,UMT,thiet-ke-do-hoa,A01,Điểm thi THPT,2025,15.0,Thiết kế đồ họa
168862,UMT,thiet-ke-do-hoa,B04,Điểm thi THPT,2025,15.0,Thiết kế đồ họa
168863,UMT,thiet-ke-do-hoa,B08,Điểm thi THPT,2025,15.0,Thiết kế đồ họa
168864,UMT,thiet-ke-do-hoa,C01,Điểm thi THPT,2025,15.0,Thiết kế đồ họa
168865,UMT,thiet-ke-do-hoa,C02,Điểm thi THPT,2025,15.0,Thiết kế đồ họa
168866,UMT,thiet-ke-do-hoa,C03,Điểm thi THPT,2025,15.0,Thiết kế đồ họa
168867,UMT,thiet-ke-do-hoa,C04,Điểm thi THPT,2025,15.0,Thiết kế đồ họa
168868,UMT,thiet-ke-do-hoa,D01,Điểm thi THPT,2025,15.0,Thiết kế đồ họa
168869,UMT,thiet-ke-do-hoa,D03,Điểm thi THPT,2025,15.0,Thiết kế đồ họa
168870,UMT,thiet-ke-do-hoa,H04,Điểm thi THPT,2025,15.0,Thiết kế đồ họa
168871,UMT,thiet-ke-do-hoa,H06,Điểm thi THPT,2025,15.0,Thiết kế đồ họa
168872,UMT,thiet-ke-do-hoa,H08,Điểm thi THPT,2025,15.0,Thiết kế đồ họa
168873,UMT,thiet-ke-do-hoa,V03,Điểm thi THPT,2025,15.0,Thiết kế đồ họa
168874,UMT,thiet-ke-do-hoa,V05,Điểm thi THPT,2025,15.0,Thiết kế đồ họa
168875,UMT,thiet-ke-do-hoa,V06,Điểm thi THPT,2025,15.0,Thiết kế đồ họa
168876,UMT,truyen-thong-da-phuong-tien,A00,Điểm học bạ,2023,6.0,Truyền thông đa phương tiện
168877,UMT,truyen-thong-da-phuong-tien,A01,Điểm học bạ,2023,6.0,Truyền thông đa phương tiện
168878,UMT,truyen-thong-da-phuong-tien,C00,Điểm học bạ,2023,6.0,Truyền thông đa phương tiện
168879,UMT,truyen-thong-da-phuong-tien,D01,Điểm học bạ,2023,6.0,Truyền thông đa phương tiện
168880,UMT,truyen-thong-da-phuong-tien,D03,Điểm học bạ,2023,6.0,Truyền thông đa phương tiện
168881,UMT,truyen-thong-da-phuong-tien,A00,Điểm thi THPT,2023,15.0,Truyền thông đa phương tiện
168882,UMT,truyen-thong-da-phuong-tien,A01,Điểm thi THPT,2023,15.0,Truyền thông đa phương tiện
168883,UMT,truyen-thong-da-phuong-tien,C00,Điểm thi THPT,2023,15.0,Truyền thông đa phương tiện
168884,UMT,truyen-thong-da-phuong-tien,D01,Điểm thi THPT,2023,15.0,Truyền thông đa phương tiện
168885,UMT,truyen-thong-da-phuong-tien,D03,Điểm thi THPT,2023,15.0,Truyền thông đa phương tiện
168886,UMT,truyen-thong-da-phuong-tien,A00,Điểm học bạ,2024,6.0,Truyền thông đa phương tiện
168887,UMT,truyen-thong-da-phuong-tien,A01,Điểm học bạ,2024,6.0,Truyền thông đa phương tiện
168888,UMT,truyen-thong-da-phuong-tien,C00,Điểm học bạ,2024,6.0,Truyền thông đa phương tiện
168889,UMT,truyen-thong-da-phuong-tien,D01,Điểm học bạ,2024,6.0,Truyền thông đa phương tiện
168890,UMT,truyen-thong-da-phuong-tien,D03,Điểm học bạ,2024,6.0,Truyền thông đa phương tiện
168891,UMT,truyen-thong-da-phuong-tien,A00,Điểm thi THPT,2024,16.0,Truyền thông đa phương tiện
168892,UMT,truyen-thong-da-phuong-tien,A01,Điểm thi THPT,2024,16.0,Truyền thông đa phương tiện
168893,UMT,truyen-thong-da-phuong-tien,C00,Điểm thi THPT,2024,16.0,Truyền thông đa phương tiện
168894,UMT,truyen-thong-da-phuong-tien,D01,Điểm thi THPT,2024,16.0,Truyền thông đa phương tiện
168895,UMT,truyen-thong-da-phuong-tien,D03,Điểm thi THPT,2024,16.0,Truyền thông đa phương tiện
168896,UMT,truyen-thong-da-phuong-tien,A00,Điểm học bạ,2025,15.0,Truyền thông đa phương tiện
168897,UMT,truyen-thong-da-phuong-tien,A01,Điểm học bạ,2025,15.0,Truyền thông đa phương tiện
168898,UMT,truyen-thong-da-phuong-tien,C00,Điểm học bạ,2025,15.0,Truyền thông đa phương tiện
168899,UMT,truyen-thong-da-phuong-tien,C01,Điểm học bạ,2025,15.0,Truyền thông đa phương tiện
168900,UMT,truyen-thong-da-phuong-tien,C02,Điểm học bạ,2025,15.0,Truyền thông đa phương tiện
168901,UMT,truyen-thong-da-phuong-tien,C03,Điểm học bạ,2025,15.0,Truyền thông đa phương tiện
168902,UMT,truyen-thong-da-phuong-tien,C04,Điểm học bạ,2025,15.0,Truyền thông đa phương tiện
168903,UMT,truyen-thong-da-phuong-tien,D01,Điểm học bạ,2025,15.0,Truyền thông đa phương tiện
168904,UMT,truyen-thong-da-phuong-tien,D03,Điểm học bạ,2025,15.0,Truyền thông đa phương tiện
168905,UMT,truyen-thong-da-phuong-tien,H01,Điểm học bạ,2025,15.0,Truyền thông đa phương tiện
168906,UMT,truyen-thong-da-phuong-tien,A00,Điểm thi THPT,2025,15.0,Truyền thông đa phương tiện
168907,UMT,truyen-thong-da-phuong-tien,A01,Điểm thi THPT,2025,15.0,Truyền thông đa phương tiện
168908,UMT,truyen-thong-da-phuong-tien,B04,Điểm thi THPT,2025,15.0,Truyền thông đa phương tiện
168909,UMT,truyen-thong-da-phuong-tien,B08,Điểm thi THPT,2025,15.0,Truyền thông đa phương tiện
168910,UMT,truyen-thong-da-phuong-tien,C01,Điểm thi THPT,2025,15.0,Truyền thông đa phương tiện
168911,UMT,truyen-thong-da-phuong-tien,C02,Điểm thi THPT,2025,15.0,Truyền thông đa phương tiện
168912,UMT,truyen-thong-da-phuong-tien,C03,Điểm thi THPT,2025,15.0,Truyền thông đa phương tiện
168913,UMT,truyen-thong-da-phuong-tien,C04,Điểm thi THPT,2025,15.0,Truyền thông đa phương tiện
168914,UMT,truyen-thong-da-phuong-tien,D01,Điểm thi THPT,2025,15.0,Truyền thông đa phương tiện
168915,UMT,truyen-thong-da-phuong-tien,D03,Điểm thi THPT,2025,15.0,Truyền thông đa phương tiện
168916,UMT,truyen-thong-da-phuong-tien,H01,Điểm thi THPT,2025,15.0,Truyền thông đa phương tiện
168917,UTH,co-dien-tu,A00,Điểm học bạ,2022,18.0,Khoa học hàng hải (chuyên ngành Cơ điện tử)
168918,UTH,co-dien-tu,A01,Điểm học bạ,2022,18.0,Khoa học hàng hải (chuyên ngành Cơ điện tử)
168919,UTH,co-dien-tu,A00,Điểm thi THPT,2022,15.0,Khoa học hàng hải (chuyên ngành Cơ điện tử)
168920,UTH,co-dien-tu,A01,Điểm thi THPT,2022,15.0,Khoa học hàng hải (chuyên ngành Cơ điện tử)
168921,UTH,co-dien-tu,A00,Điểm học bạ,2023,18.0,Khoa học hàng hải (chuyên ngành Cơ điện tử)
168922,UTH,co-dien-tu,A01,Điểm học bạ,2023,18.0,Khoa học hàng hải (chuyên ngành Cơ điện tử)
168923,UTH,co-dien-tu,D01,Điểm học bạ,2023,18.0,Khoa học hàng hải (chuyên ngành Cơ điện tử)
168924,UTH,co-dien-tu,D07,Điểm học bạ,2023,18.0,Khoa học hàng hải (chuyên ngành Cơ điện tử)
168925,UTH,co-dien-tu,A00,Điểm thi THPT,2023,17.0,Cơ điện tử
168926,UTH,co-dien-tu,A01,Điểm thi THPT,2023,17.0,Cơ điện tử
168927,UTH,co-dien-tu,D01,Điểm thi THPT,2023,17.0,Cơ điện tử
168928,UTH,co-dien-tu,D07,Điểm thi THPT,2023,17.0,Cơ điện tử
168929,UTH,co-dien-tu-clc,A00,Điểm học bạ,2023,18.0,Khoa học hàng hải (chuyên ngành Cơ điện tử) – CLC
168930,UTH,co-dien-tu-clc,A01,Điểm học bạ,2023,18.0,Khoa học hàng hải (chuyên ngành Cơ điện tử) – CLC
168931,UTH,co-dien-tu-clc,D01,Điểm học bạ,2023,18.0,Khoa học hàng hải (chuyên ngành Cơ điện tử) – CLC
168932,UTH,co-dien-tu-clc,D07,Điểm học bạ,2023,18.0,Khoa học hàng hải (chuyên ngành Cơ điện tử) – CLC
168933,UTH,co-dien-tu-o-to,A00,Điểm học bạ,2022,21.0,Kỹ thuật cơ khí (chuyên ngành Cơ điện tử ô tô) - chương trình chất lượng cao
168934,UTH,co-dien-tu-o-to,A01,Điểm học bạ,2022,21.0,Kỹ thuật cơ khí (chuyên ngành Cơ điện tử ô tô) - chương trình chất lượng cao
168935,UTH,co-dien-tu-o-to,A00,Điểm thi THPT,2022,15.0,Kỹ thuật cơ khí (chuyên ngành Cơ điện tử ô tô) - chương trình chất lượng cao
168936,UTH,co-dien-tu-o-to,A01,Điểm thi THPT,2022,15.0,Kỹ thuật cơ khí (chuyên ngành Cơ điện tử ô tô) - chương trình chất lượng cao
168937,UTH,co-dien-tu-o-to,A00,Điểm học bạ,2023,20.0,Kỹ thuật ô tô (chuyên ngành Cơ điện tử ô tô)
168938,UTH,co-dien-tu-o-to,A01,Điểm học bạ,2023,20.0,Kỹ thuật ô tô (chuyên ngành Cơ điện tử ô tô)
168939,UTH,co-dien-tu-o-to,D01,Điểm học bạ,2023,20.0,Kỹ thuật ô tô (chuyên ngành Cơ điện tử ô tô)
168940,UTH,co-dien-tu-o-to,D07,Điểm học bạ,2023,20.0,Kỹ thuật ô tô (chuyên ngành Cơ điện tử ô tô)
168941,UTH,co-dien-tu-o-to,A00,Điểm thi THPT,2023,24.5,Cơ điện tử ô tô
168942,UTH,co-dien-tu-o-to,A01,Điểm thi THPT,2023,24.5,Cơ điện tử ô tô
168943,UTH,co-dien-tu-o-to,D01,Điểm thi THPT,2023,24.5,Cơ điện tử ô tô
168944,UTH,co-dien-tu-o-to,D07,Điểm thi THPT,2023,24.5,Cơ điện tử ô tô
168945,UTH,co-dien-tu-o-to-clc,A00,Điểm học bạ,2023,19.5,Kỹ thuật ô tô (chuyên ngành Cơ điện tử ô tô) - CLC
168946,UTH,co-dien-tu-o-to-clc,A01,Điểm học bạ,2023,19.5,Kỹ thuật ô tô (chuyên ngành Cơ điện tử ô tô) - CLC
168947,UTH,co-dien-tu-o-to-clc,D01,Điểm học bạ,2023,19.5,Kỹ thuật ô tô (chuyên ngành Cơ điện tử ô tô) - CLC
168948,UTH,co-dien-tu-o-to-clc,D07,Điểm học bạ,2023,19.5,Kỹ thuật ô tô (chuyên ngành Cơ điện tử ô tô) - CLC
168949,UTH,co-khi-o-to,A00,Điểm học bạ,2022,21.0,Kỹ thuật cơ khí (chuyên ngành Cơ khí ô tô) - chương trình chất lượng cao
168950,UTH,co-khi-o-to,A01,Điểm học bạ,2022,21.0,Kỹ thuật cơ khí (chuyên ngành Cơ khí ô tô) - chương trình chất lượng cao
168951,UTH,co-khi-o-to,A00,Điểm thi THPT,2022,15.0,Kỹ thuật cơ khí (chuyên ngành Cơ khí ô tô) - chương trình chất lượng cao
168952,UTH,co-khi-o-to,A01,Điểm thi THPT,2022,15.0,Kỹ thuật cơ khí (chuyên ngành Cơ khí ô tô) - chương trình chất lượng cao
168953,UTH,co-khi-o-to,A00,Điểm học bạ,2023,22.0,Kỹ thuật ô tô (chuyên ngành Cơ khí ô tô)
168954,UTH,co-khi-o-to,A01,Điểm học bạ,2023,22.0,Kỹ thuật ô tô (chuyên ngành Cơ khí ô tô)
168955,UTH,co-khi-o-to,D01,Điểm học bạ,2023,22.0,Kỹ thuật ô tô (chuyên ngành Cơ khí ô tô)
168956,UTH,co-khi-o-to,D07,Điểm học bạ,2023,22.0,Kỹ thuật ô tô (chuyên ngành Cơ khí ô tô)
168957,UTH,co-khi-o-to,A00,Điểm thi THPT,2023,25.5,Cơ khí ô tô
168958,UTH,co-khi-o-to,A01,Điểm thi THPT,2023,25.5,Cơ khí ô tô
168959,UTH,co-khi-o-to,D01,Điểm thi THPT,2023,25.5,Cơ khí ô tô
168960,UTH,co-khi-o-to,D07,Điểm thi THPT,2023,25.5,Cơ khí ô tô
168961,UTH,co-khi-o-to-clc,A00,Điểm học bạ,2023,20.0,Kỹ thuật ô tô (chuyên ngành Cơ khí ô tô) – CLC
168962,UTH,co-khi-o-to-clc,A01,Điểm học bạ,2023,20.0,Kỹ thuật ô tô (chuyên ngành Cơ khí ô tô) – CLC
168963,UTH,co-khi-o-to-clc,D01,Điểm học bạ,2023,20.0,Kỹ thuật ô tô (chuyên ngành Cơ khí ô tô) – CLC
168964,UTH,co-khi-o-to-clc,D07,Điểm học bạ,2023,20.0,Kỹ thuật ô tô (chuyên ngành Cơ khí ô tô) – CLC
168965,UTH,co-khi-tu-dong,A00,Điểm thi THPT,2023,23.25,Cơ khí tự động
168966,UTH,co-khi-tu-dong,A01,Điểm thi THPT,2023,23.25,Cơ khí tự động
168967,UTH,co-khi-tu-dong,D01,Điểm thi THPT,2023,23.25,Cơ khí tự động
168968,UTH,co-khi-tu-dong,D07,Điểm thi THPT,2023,23.25,Cơ khí tự động
168969,UTH,co-khi-tu-dong-clc,A00,Điểm học bạ,2023,21.0,Kỹ thuật cơ khí (chuyên ngành Cơ khí tự động) – CLC
168970,UTH,co-khi-tu-dong-clc,A01,Điểm học bạ,2023,21.0,Kỹ thuật cơ khí (chuyên ngành Cơ khí tự động) – CLC
168971,UTH,co-khi-tu-dong-clc,D01,Điểm học bạ,2023,21.0,Kỹ thuật cơ khí (chuyên ngành Cơ khí tự động) – CLC
168972,UTH,co-khi-tu-dong-clc,D07,Điểm học bạ,2023,21.0,Kỹ thuật cơ khí (chuyên ngành Cơ khí tự động) – CLC
168973,UTH,co-khi-tu-dong-quan-ly-va-khai-thac-may-xep-do-xay-dung-cong-nghe-ky-thuat-logistics,A00,Điểm học bạ,2023,21.0,Kỹ thuật cơ khí (chuyên ngành Cơ khí tự động; Quản lý và khai thác Máy xếp dỡ - Xây dựng; Công nghệ kỹ thuật logistics)
168974,UTH,co-khi-tu-dong-quan-ly-va-khai-thac-may-xep-do-xay-dung-cong-nghe-ky-thuat-logistics,A01,Điểm học bạ,2023,21.0,Kỹ thuật cơ khí (chuyên ngành Cơ khí tự động; Quản lý và khai thác Máy xếp dỡ - Xây dựng; Công nghệ kỹ thuật logistics)
168975,UTH,co-khi-tu-dong-quan-ly-va-khai-thac-may-xep-do-xay-dung-cong-nghe-ky-thuat-logistics,D01,Điểm học bạ,2023,21.0,Kỹ thuật cơ khí (chuyên ngành Cơ khí tự động; Quản lý và khai thác Máy xếp dỡ - Xây dựng; Công nghệ kỹ thuật logistics)
168976,UTH,co-khi-tu-dong-quan-ly-va-khai-thac-may-xep-do-xay-dung-cong-nghe-ky-thuat-logistics,D07,Điểm học bạ,2023,21.0,Kỹ thuật cơ khí (chuyên ngành Cơ khí tự động; Quản lý và khai thác Máy xếp dỡ - Xây dựng; Công nghệ kỹ thuật logistics)
168977,UTH,cong-nghe-ky-thuat-co-khi,A00,Điểm thi THPT,2024,23.0,Công nghệ kỹ thuật cơ khí - Chương trình tiên tiến
168978,UTH,cong-nghe-ky-thuat-co-khi,A01,Điểm thi THPT,2024,23.0,Công nghệ kỹ thuật cơ khí - Chương trình tiên tiến
168979,UTH,cong-nghe-ky-thuat-co-khi,D01,Điểm thi THPT,2024,23.0,Công nghệ kỹ thuật cơ khí - Chương trình tiên tiến
168980,UTH,cong-nghe-ky-thuat-co-khi,D07,Điểm thi THPT,2024,23.0,Công nghệ kỹ thuật cơ khí - Chương trình tiên tiến
168981,UTH,cong-nghe-ky-thuat-dieu-khien-va-tu-dong-hoa,A00,Điểm thi THPT,2024,24.0,Công nghệ kỹ thuật điều khiển và tự động hóa - Chương trình tiên tiến
168982,UTH,cong-nghe-ky-thuat-dieu-khien-va-tu-dong-hoa,A01,Điểm thi THPT,2024,24.0,Công nghệ kỹ thuật điều khiển và tự động hóa - Chương trình tiên tiến
168983,UTH,cong-nghe-ky-thuat-dieu-khien-va-tu-dong-hoa,D01,Điểm thi THPT,2024,24.0,Công nghệ kỹ thuật điều khiển và tự động hóa - Chương trình tiên tiến
168984,UTH,cong-nghe-ky-thuat-dieu-khien-va-tu-dong-hoa,D07,Điểm thi THPT,2024,24.0,Công nghệ kỹ thuật điều khiển và tự động hóa - Chương trình tiên tiến
168985,UTH,cong-nghe-ky-thuat-logistics,A00,Điểm thi THPT,2023,22.0,Công nghệ kỹ thuật logistics
168986,UTH,cong-nghe-ky-thuat-logistics,A01,Điểm thi THPT,2023,22.0,Công nghệ kỹ thuật logistics
168987,UTH,cong-nghe-ky-thuat-logistics,D01,Điểm thi THPT,2023,22.0,Công nghệ kỹ thuật logistics
168988,UTH,cong-nghe-ky-thuat-logistics,D07,Điểm thi THPT,2023,22.0,Công nghệ kỹ thuật logistics
168989,UTH,cong-nghe-ky-thuat-logistics-clc,A00,Điểm học bạ,2023,18.5,Kỹ thuật cơ khí (chuyên ngành Công nghệ kỹ thuật logistics) - CLC
168990,UTH,cong-nghe-ky-thuat-logistics-clc,A01,Điểm học bạ,2023,18.5,Kỹ thuật cơ khí (chuyên ngành Công nghệ kỹ thuật logistics) - CLC
168991,UTH,cong-nghe-ky-thuat-logistics-clc,D01,Điểm học bạ,2023,18.5,Kỹ thuật cơ khí (chuyên ngành Công nghệ kỹ thuật logistics) - CLC
168992,UTH,cong-nghe-ky-thuat-logistics-clc,D07,Điểm học bạ,2023,18.5,Kỹ thuật cơ khí (chuyên ngành Công nghệ kỹ thuật logistics) - CLC
168993,UTH,cong-nghe-ky-thuat-o-to,A00,Điểm học bạ,2024,1.04,Công nghệ kỹ thuật ô tô – chương trình tiên tiến
168994,UTH,cong-nghe-ky-thuat-o-to,A01,Điểm học bạ,2024,1.04,Công nghệ kỹ thuật ô tô – chương trình tiên tiến
168995,UTH,cong-nghe-ky-thuat-o-to,D01,Điểm học bạ,2024,1.04,Công nghệ kỹ thuật ô tô – chương trình tiên tiến
168996,UTH,cong-nghe-ky-thuat-o-to,D07,Điểm học bạ,2024,1.04,Công nghệ kỹ thuật ô tô – chương trình tiên tiến
168997,UTH,cong-nghe-ky-thuat-o-to,A00,Điểm thi THPT,2024,24.0,Công nghệ kỹ thuật ô tô - Chương trình tiên tiến
168998,UTH,cong-nghe-ky-thuat-o-to,A01,Điểm thi THPT,2024,24.0,Công nghệ kỹ thuật ô tô - Chương trình tiên tiến
168999,UTH,cong-nghe-ky-thuat-o-to,D01,Điểm thi THPT,2024,24.0,Công nghệ kỹ thuật ô tô - Chương trình tiên tiến
169000,UTH,cong-nghe-ky-thuat-o-to,D07,Điểm thi THPT,2024,24.0,Công nghệ kỹ thuật ô tô - Chương trình tiên tiến
169001,UTH,cong-nghe-o-to-so,A00,Điểm thi THPT,2024,17.0,Công nghệ thông tin (chuyên ngành Công nghệ ô tô số) - Chương trình tiên tiến
169002,UTH,cong-nghe-o-to-so,A01,Điểm thi THPT,2024,17.0,Công nghệ thông tin (chuyên ngành Công nghệ ô tô số) - Chương trình tiên tiến
169003,UTH,cong-nghe-o-to-so,D01,Điểm thi THPT,2024,17.0,Công nghệ thông tin (chuyên ngành Công nghệ ô tô số) - Chương trình tiên tiến
169004,UTH,cong-nghe-o-to-so,D07,Điểm thi THPT,2024,17.0,Công nghệ thông tin (chuyên ngành Công nghệ ô tô số) - Chương trình tiên tiến
169005,UTH,cong-nghe-thong-tin,A00,Điểm học bạ,2021,26.0,Công nghệ thông tin
169006,UTH,cong-nghe-thong-tin,A01,Điểm học bạ,2021,26.0,Công nghệ thông tin
169007,UTH,cong-nghe-thong-tin,A00,Điểm thi THPT,2021,24.5,Công nghệ thông tin
169008,UTH,cong-nghe-thong-tin,A01,Điểm thi THPT,2021,24.5,Công nghệ thông tin
169009,UTH,cong-nghe-thong-tin,A00,Điểm học bạ,2022,27.0,Công nghệ thông tin (chuyên ngành Công nghệ thông tin)
169010,UTH,cong-nghe-thong-tin,A01,Điểm học bạ,2022,27.0,Công nghệ thông tin (chuyên ngành Công nghệ thông tin)
169011,UTH,cong-nghe-thong-tin,A00,Điểm thi THPT,2022,19.0,Công nghệ thông tin (chuyên ngành Công nghệ thông tin)
169012,UTH,cong-nghe-thong-tin,A01,Điểm thi THPT,2022,19.0,Công nghệ thông tin (chuyên ngành Công nghệ thông tin)
169013,UTH,cong-nghe-thong-tin,A00,Điểm học bạ,2023,21.0,Công nghệ thông tin
169014,UTH,cong-nghe-thong-tin,A01,Điểm học bạ,2023,21.0,Công nghệ thông tin
169015,UTH,cong-nghe-thong-tin,D01,Điểm học bạ,2023,21.0,Công nghệ thông tin
169016,UTH,cong-nghe-thong-tin,D07,Điểm học bạ,2023,21.0,Công nghệ thông tin
169017,UTH,cong-nghe-thong-tin,A00,Điểm thi THPT,2023,23.5,Công nghệ thông tin
169018,UTH,cong-nghe-thong-tin,A01,Điểm thi THPT,2023,23.5,Công nghệ thông tin
169019,UTH,cong-nghe-thong-tin,D01,Điểm thi THPT,2023,23.5,Công nghệ thông tin
169020,UTH,cong-nghe-thong-tin,D07,Điểm thi THPT,2023,23.5,Công nghệ thông tin
169021,UTH,cong-nghe-thong-tin,A00,Điểm thi THPT,2024,21.5,Công nghệ thông tin - Chương trình tiên tiến
169022,UTH,cong-nghe-thong-tin,A01,Điểm thi THPT,2024,21.5,Công nghệ thông tin - Chương trình tiên tiến
169023,UTH,cong-nghe-thong-tin,D01,Điểm thi THPT,2024,21.5,Công nghệ thông tin - Chương trình tiên tiến
169024,UTH,cong-nghe-thong-tin,D07,Điểm thi THPT,2024,21.5,Công nghệ thông tin - Chương trình tiên tiến
169025,UTH,cong-nghe-thong-tin-chuong-trinh-hoc-hoan-toan-bang-tieng-anh,A00,Điểm thi THPT,2024,16.0,Công nghệ thông tin - Chương trình học hoàn toàn bằng tiếng Anh
169026,UTH,cong-nghe-thong-tin-chuong-trinh-hoc-hoan-toan-bang-tieng-anh,A01,Điểm thi THPT,2024,16.0,Công nghệ thông tin - Chương trình học hoàn toàn bằng tiếng Anh
169027,UTH,cong-nghe-thong-tin-chuong-trinh-hoc-hoan-toan-bang-tieng-anh,D01,Điểm thi THPT,2024,16.0,Công nghệ thông tin - Chương trình học hoàn toàn bằng tiếng Anh
169028,UTH,cong-nghe-thong-tin-chuong-trinh-hoc-hoan-toan-bang-tieng-anh,D07,Điểm thi THPT,2024,16.0,Công nghệ thông tin - Chương trình học hoàn toàn bằng tiếng Anh
169029,UTH,cong-nghe-thong-tin-clc,A00,Điểm học bạ,2023,23.0,Công nghệ thông tin – CLC
169030,UTH,cong-nghe-thong-tin-clc,A01,Điểm học bạ,2023,23.0,Công nghệ thông tin – CLC
169031,UTH,cong-nghe-thong-tin-clc,D01,Điểm học bạ,2023,23.0,Công nghệ thông tin – CLC
169032,UTH,cong-nghe-thong-tin-clc,D07,Điểm học bạ,2023,23.0,Công nghệ thông tin – CLC
169033,UTH,dien-cong-nghiep,A00,Điểm thi THPT,2023,22.0,Điện công nghiệp
169034,UTH,dien-cong-nghiep,A01,Điểm thi THPT,2023,22.0,Điện công nghiệp
169035,UTH,dien-cong-nghiep,D01,Điểm thi THPT,2023,22.0,Điện công nghiệp
169036,UTH,dien-cong-nghiep,D07,Điểm thi THPT,2023,22.0,Điện công nghiệp
169037,UTH,dien-cong-nghiep-chuyen-nganh-he-thong-dien-giao-thong-chuyen-nganh-nang-luong-tai-tao,A00,Điểm học bạ,2022,19.0,Kỹ thuật điện (chuyên ngành Điện công nghiệp; chuyên ngành Hệ thống điện giao thông; chuyên ngành Năng lượng tái tạo)
169038,UTH,dien-cong-nghiep-chuyen-nganh-he-thong-dien-giao-thong-chuyen-nganh-nang-luong-tai-tao,A01,Điểm học bạ,2022,19.0,Kỹ thuật điện (chuyên ngành Điện công nghiệp; chuyên ngành Hệ thống điện giao thông; chuyên ngành Năng lượng tái tạo)
169039,UTH,dien-cong-nghiep-chuyen-nganh-he-thong-dien-giao-thong-chuyen-nganh-nang-luong-tai-tao,A00,Điểm thi THPT,2022,15.0,Kỹ thuật điện (chuyên ngành Điện công nghiệp; chuyên ngành Hệ thống điện giao thông; chuyên ngành Năng lượng tái tạo)
169040,UTH,dien-cong-nghiep-chuyen-nganh-he-thong-dien-giao-thong-chuyen-nganh-nang-luong-tai-tao,A01,Điểm thi THPT,2022,15.0,Kỹ thuật điện (chuyên ngành Điện công nghiệp; chuyên ngành Hệ thống điện giao thông; chuyên ngành Năng lượng tái tạo)
169041,UTH,dien-cong-nghiep-clc,A00,Điểm học bạ,2023,19.0,Kỹ thuật điện (chuyên ngành Điện công nghiệp) – CLC
169042,UTH,dien-cong-nghiep-clc,A01,Điểm học bạ,2023,19.0,Kỹ thuật điện (chuyên ngành Điện công nghiệp) – CLC
169043,UTH,dien-cong-nghiep-clc,D01,Điểm học bạ,2023,19.0,Kỹ thuật điện (chuyên ngành Điện công nghiệp) – CLC
169044,UTH,dien-cong-nghiep-clc,D07,Điểm học bạ,2023,19.0,Kỹ thuật điện (chuyên ngành Điện công nghiệp) – CLC
169045,UTH,dien-cong-nghiep-he-thong-dien-giao-thong-nang-luong-tai-tao,A00,Điểm học bạ,2023,19.0,Kỹ thuật điện (chuyên ngành Điện công nghiệp; Hệ thống điện giao thông; Năng lượng tái tạo)
169046,UTH,dien-cong-nghiep-he-thong-dien-giao-thong-nang-luong-tai-tao,A01,Điểm học bạ,2023,19.0,Kỹ thuật điện (chuyên ngành Điện công nghiệp; Hệ thống điện giao thông; Năng lượng tái tạo)
169047,UTH,dien-cong-nghiep-he-thong-dien-giao-thong-nang-luong-tai-tao,D01,Điểm học bạ,2023,19.0,Kỹ thuật điện (chuyên ngành Điện công nghiệp; Hệ thống điện giao thông; Năng lượng tái tạo)
169048,UTH,dien-cong-nghiep-he-thong-dien-giao-thong-nang-luong-tai-tao,D07,Điểm học bạ,2023,19.0,Kỹ thuật điện (chuyên ngành Điện công nghiệp; Hệ thống điện giao thông; Năng lượng tái tạo)
169049,UTH,dien-tu-vien-thong,A00,Điểm học bạ,2022,22.0,Kỹ thuật điện tử - viễn thông (chuyên ngành Điện tử viễn thông)
169050,UTH,dien-tu-vien-thong,A01,Điểm học bạ,2022,22.0,Kỹ thuật điện tử - viễn thông (chuyên ngành Điện tử viễn thông)
169051,UTH,dien-tu-vien-thong,A00,Điểm thi THPT,2022,15.0,Kỹ thuật điện tử - viễn thông (chuyên ngành Điện tử viễn thông)
169052,UTH,dien-tu-vien-thong,A01,Điểm thi THPT,2022,15.0,Kỹ thuật điện tử - viễn thông (chuyên ngành Điện tử viễn thông)
169053,UTH,dien-tu-vien-thong,A00,Điểm thi THPT,2023,22.0,Điện tử viễn thông
169054,UTH,dien-tu-vien-thong,A01,Điểm thi THPT,2023,22.0,Điện tử viễn thông
169055,UTH,dien-tu-vien-thong,D01,Điểm thi THPT,2023,22.0,Điện tử viễn thông
169056,UTH,dien-tu-vien-thong,D07,Điểm thi THPT,2023,22.0,Điện tử viễn thông
169057,UTH,dieu-khien-va-quan-ly-tau-bien,A00,Điểm học bạ,2022,20.0,Khoa học hàng hải (chuyên ngành Điều khiển và quản lý tàu biển)
169058,UTH,dieu-khien-va-quan-ly-tau-bien,A01,Điểm học bạ,2022,20.0,Khoa học hàng hải (chuyên ngành Điều khiển và quản lý tàu biển)
169059,UTH,dieu-khien-va-quan-ly-tau-bien,A00,Điểm thi THPT,2022,15.0,Khoa học hàng hải (chuyên ngành Điều khiển và quản lý tàu biển)
169060,UTH,dieu-khien-va-quan-ly-tau-bien,A01,Điểm thi THPT,2022,15.0,Khoa học hàng hải (chuyên ngành Điều khiển và quản lý tàu biển)
169061,UTH,dieu-khien-va-quan-ly-tau-bien,A00,Điểm học bạ,2023,18.0,Khoa học hàng hải (chuyên ngành Điều khiển và quản lý tàu biển)
169062,UTH,dieu-khien-va-quan-ly-tau-bien,A01,Điểm học bạ,2023,18.0,Khoa học hàng hải (chuyên ngành Điều khiển và quản lý tàu biển)
169063,UTH,dieu-khien-va-quan-ly-tau-bien,D01,Điểm học bạ,2023,18.0,Khoa học hàng hải (chuyên ngành Điều khiển và quản lý tàu biển)
169064,UTH,dieu-khien-va-quan-ly-tau-bien,D07,Điểm học bạ,2023,18.0,Khoa học hàng hải (chuyên ngành Điều khiển và quản lý tàu biển)
169065,UTH,dieu-khien-va-quan-ly-tau-bien,A00,Điểm thi THPT,2023,18.0,Điều khiển và quản lý tàu biển
169066,UTH,dieu-khien-va-quan-ly-tau-bien,A01,Điểm thi THPT,2023,18.0,Điều khiển và quản lý tàu biển
169067,UTH,dieu-khien-va-quan-ly-tau-bien,D01,Điểm thi THPT,2023,18.0,Điều khiển và quản lý tàu biển
169068,UTH,dieu-khien-va-quan-ly-tau-bien,D07,Điểm thi THPT,2023,18.0,Điều khiển và quản lý tàu biển
169069,UTH,dieu-khien-va-quan-ly-tau-bien,A00,Điểm thi THPT,2024,16.0,Khoa học hàng hải (chuyên ngành Điều khiển và quản lý tàu biển)
169070,UTH,dieu-khien-va-quan-ly-tau-bien,A01,Điểm thi THPT,2024,16.0,Khoa học hàng hải (chuyên ngành Điều khiển và quản lý tàu biển)
169071,UTH,dieu-khien-va-quan-ly-tau-bien,D01,Điểm thi THPT,2024,16.0,Khoa học hàng hải (chuyên ngành Điều khiển và quản lý tàu biển)
169072,UTH,dieu-khien-va-quan-ly-tau-bien,D07,Điểm thi THPT,2024,16.0,Khoa học hàng hải (chuyên ngành Điều khiển và quản lý tàu biển)
169073,UTH,dieu-khien-va-quan-ly-tau-bien-clc,A00,Điểm học bạ,2023,18.0,Khoa học hàng hải (chuyên ngành Điều khiển và quản lý tàu biển) - CLC
169074,UTH,dieu-khien-va-quan-ly-tau-bien-clc,A01,Điểm học bạ,2023,18.0,Khoa học hàng hải (chuyên ngành Điều khiển và quản lý tàu biển) - CLC
169075,UTH,dieu-khien-va-quan-ly-tau-bien-clc,D01,Điểm học bạ,2023,18.0,Khoa học hàng hải (chuyên ngành Điều khiển và quản lý tàu biển) - CLC
169076,UTH,dieu-khien-va-quan-ly-tau-bien-clc,D07,Điểm học bạ,2023,18.0,Khoa học hàng hải (chuyên ngành Điều khiển và quản lý tàu biển) - CLC
169077,UTH,he-thong-dien-giao-thong,A00,Điểm thi THPT,2023,24.5,Hệ thống điện giao thông
169078,UTH,he-thong-dien-giao-thong,A01,Điểm thi THPT,2023,24.5,Hệ thống điện giao thông
169079,UTH,he-thong-dien-giao-thong,D01,Điểm thi THPT,2023,24.5,Hệ thống điện giao thông
169080,UTH,he-thong-dien-giao-thong,D07,Điểm thi THPT,2023,24.5,Hệ thống điện giao thông
169081,UTH,he-thong-thong-tin-quan-ly,A00,Điểm học bạ,2022,20.0,Công nghệ thông tin (chuyên ngành Hệ thống thông tin quản lý)
169082,UTH,he-thong-thong-tin-quan-ly,A01,Điểm học bạ,2022,20.0,Công nghệ thông tin (chuyên ngành Hệ thống thông tin quản lý)
169083,UTH,he-thong-thong-tin-quan-ly,A00,Điểm thi THPT,2022,15.0,Công nghệ thông tin (chuyên ngành Hệ thống thông tin quản lý)
169084,UTH,he-thong-thong-tin-quan-ly,A01,Điểm thi THPT,2022,15.0,Công nghệ thông tin (chuyên ngành Hệ thống thông tin quản lý)
169085,UTH,he-thong-thong-tin-quan-ly,A00,Điểm học bạ,2023,20.0,Hệ thống thông tin quản lý
169086,UTH,he-thong-thong-tin-quan-ly,A01,Điểm học bạ,2023,20.0,Hệ thống thông tin quản lý
169087,UTH,he-thong-thong-tin-quan-ly,D01,Điểm học bạ,2023,20.0,Hệ thống thông tin quản lý
169088,UTH,he-thong-thong-tin-quan-ly,D07,Điểm học bạ,2023,20.0,Hệ thống thông tin quản lý
169089,UTH,he-thong-thong-tin-quan-ly,A00,Điểm thi THPT,2023,23.5,Hệ thống thông tin quản lý
169090,UTH,he-thong-thong-tin-quan-ly,A01,Điểm thi THPT,2023,23.5,Hệ thống thông tin quản lý
169091,UTH,he-thong-thong-tin-quan-ly,D01,Điểm thi THPT,2023,23.5,Hệ thống thông tin quản lý
169092,UTH,he-thong-thong-tin-quan-ly,D07,Điểm thi THPT,2023,23.5,Hệ thống thông tin quản lý
169093,UTH,he-thong-thong-tin-quan-ly,A00,Điểm thi THPT,2024,21.5,Hệ thống thông tin quản lý - Chương trình tiên tiến
169094,UTH,he-thong-thong-tin-quan-ly,A01,Điểm thi THPT,2024,21.5,Hệ thống thông tin quản lý - Chương trình tiên tiến
169095,UTH,he-thong-thong-tin-quan-ly,D01,Điểm thi THPT,2024,21.5,Hệ thống thông tin quản lý - Chương trình tiên tiến
169096,UTH,he-thong-thong-tin-quan-ly,D07,Điểm thi THPT,2024,21.5,Hệ thống thông tin quản lý - Chương trình tiên tiến
169097,UTH,he-thong-thong-tin-quan-ly-clc,A00,Điểm học bạ,2023,21.0,Hệ thống thông tin quản lý – CLC
169098,UTH,he-thong-thong-tin-quan-ly-clc,A01,Điểm học bạ,2023,21.0,Hệ thống thông tin quản lý – CLC
169099,UTH,he-thong-thong-tin-quan-ly-clc,D01,Điểm học bạ,2023,21.0,Hệ thống thông tin quản lý – CLC
169100,UTH,he-thong-thong-tin-quan-ly-clc,D07,Điểm học bạ,2023,21.0,Hệ thống thông tin quản lý – CLC
169101,UTH,khai-thac-may-tau-thuy-va-quan-ly-ky-thuat,A00,Điểm học bạ,2022,19.4,Khoa học hàng hải (chuyên ngành Khai thác máy tàu thủy và quản lý kỹ thuật)
169102,UTH,khai-thac-may-tau-thuy-va-quan-ly-ky-thuat,A01,Điểm học bạ,2022,19.4,Khoa học hàng hải (chuyên ngành Khai thác máy tàu thủy và quản lý kỹ thuật)
169103,UTH,khai-thac-may-tau-thuy-va-quan-ly-ky-thuat,A00,Điểm thi THPT,2022,15.0,Khoa học hàng hải (chuyên ngành Khai thác máy tàu thủy và quản lý kỹ thuật)
169104,UTH,khai-thac-may-tau-thuy-va-quan-ly-ky-thuat,A01,Điểm thi THPT,2022,15.0,Khoa học hàng hải (chuyên ngành Khai thác máy tàu thủy và quản lý kỹ thuật)
169105,UTH,khai-thac-may-tau-thuy-va-quan-ly-ky-thuat,A00,Điểm học bạ,2023,18.0,Khoa học hàng hải (chuyên ngành Khai thác máy tàu thủy và quản lý kỹ thuật)
169106,UTH,khai-thac-may-tau-thuy-va-quan-ly-ky-thuat,A01,Điểm học bạ,2023,18.0,Khoa học hàng hải (chuyên ngành Khai thác máy tàu thủy và quản lý kỹ thuật)
169107,UTH,khai-thac-may-tau-thuy-va-quan-ly-ky-thuat,D01,Điểm học bạ,2023,18.0,Khoa học hàng hải (chuyên ngành Khai thác máy tàu thủy và quản lý kỹ thuật)
169108,UTH,khai-thac-may-tau-thuy-va-quan-ly-ky-thuat,D07,Điểm học bạ,2023,18.0,Khoa học hàng hải (chuyên ngành Khai thác máy tàu thủy và quản lý kỹ thuật)
169109,UTH,khai-thac-may-tau-thuy-va-quan-ly-ky-thuat,A00,Điểm thi THPT,2023,17.0,Khai thác máy tàu thủy và quản lý kỹ thuật
169110,UTH,khai-thac-may-tau-thuy-va-quan-ly-ky-thuat,A01,Điểm thi THPT,2023,17.0,Khai thác máy tàu thủy và quản lý kỹ thuật
169111,UTH,khai-thac-may-tau-thuy-va-quan-ly-ky-thuat,D01,Điểm thi THPT,2023,17.0,Khai thác máy tàu thủy và quản lý kỹ thuật
169112,UTH,khai-thac-may-tau-thuy-va-quan-ly-ky-thuat,D07,Điểm thi THPT,2023,17.0,Khai thác máy tàu thủy và quản lý kỹ thuật
169113,UTH,khai-thac-may-tau-thuy-va-quan-ly-ky-thuat,A00,Điểm thi THPT,2024,16.0,Khoa học hàng hải (chuyên ngành Khai thác máy tàu thủy và quản lý kỹ thuật)
169114,UTH,khai-thac-may-tau-thuy-va-quan-ly-ky-thuat,A01,Điểm thi THPT,2024,16.0,Khoa học hàng hải (chuyên ngành Khai thác máy tàu thủy và quản lý kỹ thuật)
169115,UTH,khai-thac-may-tau-thuy-va-quan-ly-ky-thuat,D01,Điểm thi THPT,2024,16.0,Khoa học hàng hải (chuyên ngành Khai thác máy tàu thủy và quản lý kỹ thuật)
169116,UTH,khai-thac-may-tau-thuy-va-quan-ly-ky-thuat,D07,Điểm thi THPT,2024,16.0,Khoa học hàng hải (chuyên ngành Khai thác máy tàu thủy và quản lý kỹ thuật)
169117,UTH,khai-thac-may-tau-thuy-va-quan-ly-ky-thuat-clc,A00,Điểm học bạ,2023,18.0,Khoa học hàng hải (chuyên ngành Khai thác máy tàu thủy và quản lý kỹ thuật) - CLC
169118,UTH,khai-thac-may-tau-thuy-va-quan-ly-ky-thuat-clc,A01,Điểm học bạ,2023,18.0,Khoa học hàng hải (chuyên ngành Khai thác máy tàu thủy và quản lý kỹ thuật) - CLC
169119,UTH,khai-thac-may-tau-thuy-va-quan-ly-ky-thuat-clc,D01,Điểm học bạ,2023,18.0,Khoa học hàng hải (chuyên ngành Khai thác máy tàu thủy và quản lý kỹ thuật) - CLC
169120,UTH,khai-thac-may-tau-thuy-va-quan-ly-ky-thuat-clc,D07,Điểm học bạ,2023,18.0,Khoa học hàng hải (chuyên ngành Khai thác máy tàu thủy và quản lý kỹ thuật) - CLC
169121,UTH,khai-thac-van-tai,A00,Điểm học bạ,2021,27.5,Khai thác vận tải (Quản lý và kinh doanh vận tải)
169122,UTH,khai-thac-van-tai,A01,Điểm học bạ,2021,27.5,Khai thác vận tải (Quản lý và kinh doanh vận tải)
169123,UTH,khai-thac-van-tai,D01,Điểm học bạ,2021,27.5,Khai thác vận tải (Quản lý và kinh doanh vận tải)
169124,UTH,khai-thac-van-tai,A00,Điểm thi THPT,2021,25.9,Khai thác vận tải (Quản lý và kinh doanh vận tải)
169125,UTH,khai-thac-van-tai,A01,Điểm thi THPT,2021,25.9,Khai thác vận tải (Quản lý và kinh doanh vận tải)
169126,UTH,khai-thac-van-tai,D01,Điểm thi THPT,2021,25.9,Khai thác vận tải (Quản lý và kinh doanh vận tải)
169127,UTH,khai-thac-van-tai,A00,Điểm học bạ,2023,21.0,Khai thác vận tải
169128,UTH,khai-thac-van-tai,A01,Điểm học bạ,2023,21.0,Khai thác vận tải
169129,UTH,khai-thac-van-tai,D01,Điểm học bạ,2023,21.0,Khai thác vận tải
169130,UTH,khai-thac-van-tai,D07,Điểm học bạ,2023,21.0,Khai thác vận tải
169131,UTH,khai-thac-van-tai,A00,Điểm thi THPT,2024,22.0,Khai thác vận tải - Chương trình tiên tiến
169132,UTH,khai-thac-van-tai,A01,Điểm thi THPT,2024,22.0,Khai thác vận tải - Chương trình tiên tiến
169133,UTH,khai-thac-van-tai,D01,Điểm thi THPT,2024,22.0,Khai thác vận tải - Chương trình tiên tiến
169134,UTH,khai-thac-van-tai,D07,Điểm thi THPT,2024,22.0,Khai thác vận tải - Chương trình tiên tiến
169135,UTH,khai-thac-van-tai-clc,A00,Điểm học bạ,2023,19.0,Khai thác vận tải - CLC
169136,UTH,khai-thac-van-tai-clc,A01,Điểm học bạ,2023,19.0,Khai thác vận tải - CLC
169137,UTH,khai-thac-van-tai-clc,D01,Điểm học bạ,2023,19.0,Khai thác vận tải - CLC
169138,UTH,khai-thac-van-tai-clc,D07,Điểm học bạ,2023,19.0,Khai thác vận tải - CLC
169139,UTH,khoa-hoc-du-lieu,A00,Điểm học bạ,2022,20.0,Công nghệ thông tin (chuyên ngành Khoa học dữ liệu)
169140,UTH,khoa-hoc-du-lieu,A01,Điểm học bạ,2022,20.0,Công nghệ thông tin (chuyên ngành Khoa học dữ liệu)
169141,UTH,khoa-hoc-du-lieu,A00,Điểm thi THPT,2022,15.0,Công nghệ thông tin (chuyên ngành Khoa học dữ liệu)
169142,UTH,khoa-hoc-du-lieu,A01,Điểm thi THPT,2022,15.0,Công nghệ thông tin (chuyên ngành Khoa học dữ liệu)
169143,UTH,khoa-hoc-du-lieu,A00,Điểm học bạ,2023,19.75,Khoa học dữ liệu
169144,UTH,khoa-hoc-du-lieu,A01,Điểm học bạ,2023,19.75,Khoa học dữ liệu
169145,UTH,khoa-hoc-du-lieu,D01,Điểm học bạ,2023,19.75,Khoa học dữ liệu
169146,UTH,khoa-hoc-du-lieu,D07,Điểm học bạ,2023,19.75,Khoa học dữ liệu
169147,UTH,khoa-hoc-du-lieu,A00,Điểm thi THPT,2023,23.5,Khoa học dữ liệu
169148,UTH,khoa-hoc-du-lieu,A01,Điểm thi THPT,2023,23.5,Khoa học dữ liệu
169149,UTH,khoa-hoc-du-lieu,D01,Điểm thi THPT,2023,23.5,Khoa học dữ liệu
169150,UTH,khoa-hoc-du-lieu,D07,Điểm thi THPT,2023,23.5,Khoa học dữ liệu
169151,UTH,khoa-hoc-du-lieu,A00,Điểm thi THPT,2024,24.0,Khoa học dữ liệu - Chương trình tiên tiến
169152,UTH,khoa-hoc-du-lieu,A01,Điểm thi THPT,2024,24.0,Khoa học dữ liệu - Chương trình tiên tiến
169153,UTH,khoa-hoc-du-lieu,D01,Điểm thi THPT,2024,24.0,Khoa học dữ liệu - Chương trình tiên tiến
169154,UTH,khoa-hoc-du-lieu,D07,Điểm thi THPT,2024,24.0,Khoa học dữ liệu - Chương trình tiên tiến
169155,UTH,khoa-hoc-du-lieu-clc,A00,Điểm học bạ,2023,21.0,Khoa học dữ liệu – CLC
169156,UTH,khoa-hoc-du-lieu-clc,A01,Điểm học bạ,2023,21.0,Khoa học dữ liệu – CLC
169157,UTH,khoa-hoc-du-lieu-clc,D01,Điểm học bạ,2023,21.0,Khoa học dữ liệu – CLC
169158,UTH,khoa-hoc-du-lieu-clc,D07,Điểm học bạ,2023,21.0,Khoa học dữ liệu – CLC
169159,UTH,khoa-hoc-du-lieu-va-ai,A00,Điểm thi THPT,2024,21.5,Công nghệ thông tin (chuyên ngành Khoa học dữ liệu và AI) - Chương trình tiên tiến
169160,UTH,khoa-hoc-du-lieu-va-ai,A01,Điểm thi THPT,2024,21.5,Công nghệ thông tin (chuyên ngành Khoa học dữ liệu và AI) - Chương trình tiên tiến
169161,UTH,khoa-hoc-du-lieu-va-ai,D01,Điểm thi THPT,2024,21.5,Công nghệ thông tin (chuyên ngành Khoa học dữ liệu và AI) - Chương trình tiên tiến
169162,UTH,khoa-hoc-du-lieu-va-ai,D07,Điểm thi THPT,2024,21.5,Công nghệ thông tin (chuyên ngành Khoa học dữ liệu và AI) - Chương trình tiên tiến
169163,UTH,khoa-hoc-hang-hai,A00,Điểm học bạ,2021,18.0,Khoa học hàng hải (Điều khiển tàu biển)
169164,UTH,khoa-hoc-hang-hai,A01,Điểm học bạ,2021,18.0,Khoa học hàng hải (Điều khiển tàu biển)
169165,UTH,khoa-hoc-hang-hai,D01,Điểm học bạ,2021,23.5,Khoa học hàng hải (Quản lý hàng hải)
169166,UTH,khoa-hoc-hang-hai,A00,Điểm thi THPT,2021,15.0,Khoa học hàng hải (Điều khiển tàu biển)
169167,UTH,khoa-hoc-hang-hai,A01,Điểm thi THPT,2021,15.0,Khoa học hàng hải (Điều khiển tàu biển)
169168,UTH,khoa-hoc-hang-hai,D01,Điểm thi THPT,2021,20.0,Khoa học hàng hải (Quản lý hàng hải)
169169,UTH,kinh-te-va-quan-ly-bat-dong-san,A00,Điểm học bạ,2022,20.3,Kinh tế xây dựng (chuyên ngành Kinh tế và quản lý bất động sản)
169170,UTH,kinh-te-va-quan-ly-bat-dong-san,A01,Điểm học bạ,2022,20.3,Kinh tế xây dựng (chuyên ngành Kinh tế và quản lý bất động sản)
169171,UTH,kinh-te-va-quan-ly-bat-dong-san,D01,Điểm học bạ,2022,20.3,Kinh tế xây dựng (chuyên ngành Kinh tế và quản lý bất động sản)
169172,UTH,kinh-te-va-quan-ly-bat-dong-san,A00,Điểm thi THPT,2022,15.0,Kinh tế xây dựng (chuyên ngành Kinh tế và quản lý bất động sản)
169173,UTH,kinh-te-va-quan-ly-bat-dong-san,A01,Điểm thi THPT,2022,15.0,Kinh tế xây dựng (chuyên ngành Kinh tế và quản lý bất động sản)
169174,UTH,kinh-te-va-quan-ly-bat-dong-san,D01,Điểm thi THPT,2022,15.0,Kinh tế xây dựng (chuyên ngành Kinh tế và quản lý bất động sản)
169175,UTH,kinh-te-va-quan-ly-bat-dong-san,A00,Điểm học bạ,2023,19.0,Kinh tế xây dựng (chuyên ngành Kinh tế và quản lý bất động sản)
169176,UTH,kinh-te-va-quan-ly-bat-dong-san,A01,Điểm học bạ,2023,19.0,Kinh tế xây dựng (chuyên ngành Kinh tế và quản lý bất động sản)
169177,UTH,kinh-te-va-quan-ly-bat-dong-san,D01,Điểm học bạ,2023,19.0,Kinh tế xây dựng (chuyên ngành Kinh tế và quản lý bất động sản)
169178,UTH,kinh-te-va-quan-ly-bat-dong-san,D07,Điểm học bạ,2023,19.0,Kinh tế xây dựng (chuyên ngành Kinh tế và quản lý bất động sản)
169179,UTH,kinh-te-va-quan-ly-bat-dong-san,A00,Điểm thi THPT,2023,21.0,Kinh tế và quản lý bất động sản
169180,UTH,kinh-te-va-quan-ly-bat-dong-san,A01,Điểm thi THPT,2023,21.0,Kinh tế và quản lý bất động sản
169181,UTH,kinh-te-va-quan-ly-bat-dong-san,D01,Điểm thi THPT,2023,21.0,Kinh tế và quản lý bất động sản
169182,UTH,kinh-te-va-quan-ly-bat-dong-san,D07,Điểm thi THPT,2023,21.0,Kinh tế và quản lý bất động sản
169183,UTH,kinh-te-va-quan-ly-bat-dong-san,A00,Điểm thi THPT,2024,19.0,Kinh tế xây dựng (chuyên ngành Kinh tế và quản lý bất động sản) - Chương trình tiên tiến
169184,UTH,kinh-te-va-quan-ly-bat-dong-san,A01,Điểm thi THPT,2024,19.0,Kinh tế xây dựng (chuyên ngành Kinh tế và quản lý bất động sản) - Chương trình tiên tiến
169185,UTH,kinh-te-va-quan-ly-bat-dong-san,D01,Điểm thi THPT,2024,19.0,Kinh tế xây dựng (chuyên ngành Kinh tế và quản lý bất động sản) - Chương trình tiên tiến
169186,UTH,kinh-te-va-quan-ly-bat-dong-san,D07,Điểm thi THPT,2024,19.0,Kinh tế xây dựng (chuyên ngành Kinh tế và quản lý bất động sản) - Chương trình tiên tiến
169187,UTH,kinh-te-va-quan-ly-bat-dong-san-clc,A00,Điểm học bạ,2023,19.0,Kinh tế xây dựng (chuyên ngành Kinh tế và quản lý bất động sản) – CLC
169188,UTH,kinh-te-va-quan-ly-bat-dong-san-clc,A01,Điểm học bạ,2023,19.0,Kinh tế xây dựng (chuyên ngành Kinh tế và quản lý bất động sản) – CLC
169189,UTH,kinh-te-va-quan-ly-bat-dong-san-clc,D01,Điểm học bạ,2023,19.0,Kinh tế xây dựng (chuyên ngành Kinh tế và quản lý bất động sản) – CLC
169190,UTH,kinh-te-va-quan-ly-bat-dong-san-clc,D07,Điểm học bạ,2023,19.0,Kinh tế xây dựng (chuyên ngành Kinh tế và quản lý bất động sản) – CLC
169191,UTH,kinh-te-van-tai,A00,Điểm học bạ,2021,26.0,Kinh tế vận tải (Kinh tế vận tải biển)
169192,UTH,kinh-te-van-tai,A01,Điểm học bạ,2021,26.0,Kinh tế vận tải (Kinh tế vận tải biển)
169193,UTH,kinh-te-van-tai,D01,Điểm học bạ,2021,26.0,Kinh tế vận tải (Kinh tế vận tải biển)
169194,UTH,kinh-te-van-tai,A00,Điểm thi THPT,2021,24.8,Kinh tế vận tải (Kinh tế vận tải biển)
169195,UTH,kinh-te-van-tai,A01,Điểm thi THPT,2021,24.8,Kinh tế vận tải (Kinh tế vận tải biển)
169196,UTH,kinh-te-van-tai,D01,Điểm thi THPT,2021,24.8,Kinh tế vận tải (Kinh tế vận tải biển)
169197,UTH,kinh-te-van-tai-bien,A00,Điểm học bạ,2022,26.5,Kinh tế vận tải (chuyên ngành Kinh tế vận tải biển)
169198,UTH,kinh-te-van-tai-bien,A01,Điểm học bạ,2022,26.5,Kinh tế vận tải (chuyên ngành Kinh tế vận tải biển)
169199,UTH,kinh-te-van-tai-bien,D01,Điểm học bạ,2022,26.5,Kinh tế vận tải (chuyên ngành Kinh tế vận tải biển)
169200,UTH,kinh-te-van-tai-bien,A00,Điểm thi THPT,2022,15.0,Kinh tế vận tải (chuyên ngành Kinh tế vận tải biển)
169201,UTH,kinh-te-van-tai-bien,A01,Điểm thi THPT,2022,15.0,Kinh tế vận tải (chuyên ngành Kinh tế vận tải biển)
169202,UTH,kinh-te-van-tai-bien,D01,Điểm thi THPT,2022,15.0,Kinh tế vận tải (chuyên ngành Kinh tế vận tải biển)
169203,UTH,kinh-te-van-tai-bien,A00,Điểm học bạ,2023,23.0,Kinh tế vận tải (chuyên ngành Kinh tế vận tải biển)
169204,UTH,kinh-te-van-tai-bien,A01,Điểm học bạ,2023,23.0,Kinh tế vận tải (chuyên ngành Kinh tế vận tải biển)
169205,UTH,kinh-te-van-tai-bien,D01,Điểm học bạ,2023,23.0,Kinh tế vận tải (chuyên ngành Kinh tế vận tải biển)
169206,UTH,kinh-te-van-tai-bien,D07,Điểm học bạ,2023,23.0,Kinh tế vận tải (chuyên ngành Kinh tế vận tải biển)
169207,UTH,kinh-te-van-tai-bien,A00,Điểm thi THPT,2023,23.0,Kinh tế vận tải biển
169208,UTH,kinh-te-van-tai-bien,A01,Điểm thi THPT,2023,23.0,Kinh tế vận tải biển
169209,UTH,kinh-te-van-tai-bien,D01,Điểm thi THPT,2023,23.0,Kinh tế vận tải biển
169210,UTH,kinh-te-van-tai-bien,D07,Điểm thi THPT,2023,23.0,Kinh tế vận tải biển
169211,UTH,kinh-te-van-tai-bien,A00,Điểm thi THPT,2024,22.0,Kinh tế vận tải (chuyên ngành Kinh tế vận tải biển) - Chương trình tiên tiến
169212,UTH,kinh-te-van-tai-bien,A01,Điểm thi THPT,2024,22.0,Kinh tế vận tải (chuyên ngành Kinh tế vận tải biển) - Chương trình tiên tiến
169213,UTH,kinh-te-van-tai-bien,D01,Điểm thi THPT,2024,22.0,Kinh tế vận tải (chuyên ngành Kinh tế vận tải biển) - Chương trình tiên tiến
169214,UTH,kinh-te-van-tai-bien,D07,Điểm thi THPT,2024,22.0,Kinh tế vận tải (chuyên ngành Kinh tế vận tải biển) - Chương trình tiên tiến
169215,UTH,kinh-te-van-tai-bien-clc,A00,Điểm học bạ,2023,19.0,Kinh tế vận tải (chuyên ngành Kinh tế vận tải biển) - CLC
169216,UTH,kinh-te-van-tai-bien-clc,A01,Điểm học bạ,2023,19.0,Kinh tế vận tải (chuyên ngành Kinh tế vận tải biển) - CLC
169217,UTH,kinh-te-van-tai-bien-clc,D01,Điểm học bạ,2023,19.0,Kinh tế vận tải (chuyên ngành Kinh tế vận tải biển) - CLC
169218,UTH,kinh-te-van-tai-bien-clc,D07,Điểm học bạ,2023,19.0,Kinh tế vận tải (chuyên ngành Kinh tế vận tải biển) - CLC
169219,UTH,kinh-te-van-tai-hang-khong,A00,Điểm học bạ,2022,23.5,Kinh tế vận tải (chuyên ngành Kinh tế vận tải hàng không)
169220,UTH,kinh-te-van-tai-hang-khong,A01,Điểm học bạ,2022,23.5,Kinh tế vận tải (chuyên ngành Kinh tế vận tải hàng không)
169221,UTH,kinh-te-van-tai-hang-khong,D01,Điểm học bạ,2022,23.5,Kinh tế vận tải (chuyên ngành Kinh tế vận tải hàng không)
169222,UTH,kinh-te-van-tai-hang-khong,A00,Điểm thi THPT,2022,15.0,Kinh tế vận tải (chuyên ngành Kinh tế vận tải hàng không)
169223,UTH,kinh-te-van-tai-hang-khong,A01,Điểm thi THPT,2022,15.0,Kinh tế vận tải (chuyên ngành Kinh tế vận tải hàng không)
169224,UTH,kinh-te-van-tai-hang-khong,D01,Điểm thi THPT,2022,15.0,Kinh tế vận tải (chuyên ngành Kinh tế vận tải hàng không)
169225,UTH,kinh-te-van-tai-hang-khong,A00,Điểm học bạ,2023,23.0,Kinh tế vận tải (chuyên ngành Kinh tế vận tải hàng không)
169226,UTH,kinh-te-van-tai-hang-khong,A01,Điểm học bạ,2023,23.0,Kinh tế vận tải (chuyên ngành Kinh tế vận tải hàng không)
169227,UTH,kinh-te-van-tai-hang-khong,D01,Điểm học bạ,2023,23.0,Kinh tế vận tải (chuyên ngành Kinh tế vận tải hàng không)
169228,UTH,kinh-te-van-tai-hang-khong,D07,Điểm học bạ,2023,23.0,Kinh tế vận tải (chuyên ngành Kinh tế vận tải hàng không)
169229,UTH,kinh-te-van-tai-hang-khong,A00,Điểm thi THPT,2023,23.0,Kinh tế vận tải hàng không
169230,UTH,kinh-te-van-tai-hang-khong,A01,Điểm thi THPT,2023,23.0,Kinh tế vận tải hàng không
169231,UTH,kinh-te-van-tai-hang-khong,D01,Điểm thi THPT,2023,23.0,Kinh tế vận tải hàng không
169232,UTH,kinh-te-van-tai-hang-khong,D07,Điểm thi THPT,2023,23.0,Kinh tế vận tải hàng không
169233,UTH,kinh-te-van-tai-hang-khong,A00,Điểm thi THPT,2024,22.0,Kinh tế vận tải (chuyên ngành Kinh tế vận tải hàng không) - Chương trình tiên tiến
169234,UTH,kinh-te-van-tai-hang-khong,A01,Điểm thi THPT,2024,22.0,Kinh tế vận tải (chuyên ngành Kinh tế vận tải hàng không) - Chương trình tiên tiến
169235,UTH,kinh-te-van-tai-hang-khong,D01,Điểm thi THPT,2024,22.0,Kinh tế vận tải (chuyên ngành Kinh tế vận tải hàng không) - Chương trình tiên tiến
169236,UTH,kinh-te-van-tai-hang-khong,D07,Điểm thi THPT,2024,22.0,Kinh tế vận tải (chuyên ngành Kinh tế vận tải hàng không) - Chương trình tiên tiến
169237,UTH,kinh-te-van-tai-hang-khong-clc,A00,Điểm học bạ,2023,21.0,Kinh tế vận tải (chuyên ngành Kinh tế vận tải hàng không) – CLC
169238,UTH,kinh-te-van-tai-hang-khong-clc,A01,Điểm học bạ,2023,21.0,Kinh tế vận tải (chuyên ngành Kinh tế vận tải hàng không) – CLC
169239,UTH,kinh-te-van-tai-hang-khong-clc,D01,Điểm học bạ,2023,21.0,Kinh tế vận tải (chuyên ngành Kinh tế vận tải hàng không) – CLC
169240,UTH,kinh-te-van-tai-hang-khong-clc,D07,Điểm học bạ,2023,21.0,Kinh tế vận tải (chuyên ngành Kinh tế vận tải hàng không) – CLC
169241,UTH,kinh-te-xay-dung,A00,Điểm học bạ,2021,25.8,Kinh tế xây dựng (Kinh tế xây dựng)
169242,UTH,kinh-te-xay-dung,A01,Điểm học bạ,2021,25.8,Kinh tế xây dựng (Kinh tế xây dựng)
169243,UTH,kinh-te-xay-dung,D01,Điểm học bạ,2021,25.8,Kinh tế xây dựng (Kinh tế xây dựng)
169244,UTH,kinh-te-xay-dung,A00,Điểm thi THPT,2021,24.2,Kinh tế xây dựng (Kinh tế xây dựng)
169245,UTH,kinh-te-xay-dung,A01,Điểm thi THPT,2021,24.2,Kinh tế xây dựng (Kinh tế xây dựng)
169246,UTH,kinh-te-xay-dung,D01,Điểm thi THPT,2021,24.2,Kinh tế xây dựng (Kinh tế xây dựng)
169247,UTH,kinh-te-xay-dung,A00,Điểm học bạ,2022,22.5,Kinh tế xây dựng (chuyên ngành Kinh tế xây dựng)
169248,UTH,kinh-te-xay-dung,A01,Điểm học bạ,2022,22.5,Kinh tế xây dựng (chuyên ngành Kinh tế xây dựng)
169249,UTH,kinh-te-xay-dung,D01,Điểm học bạ,2022,22.5,Kinh tế xây dựng (chuyên ngành Kinh tế xây dựng)
169250,UTH,kinh-te-xay-dung,A00,Điểm thi THPT,2022,15.0,Kinh tế xây dựng (chuyên ngành Kinh tế xây dựng)
169251,UTH,kinh-te-xay-dung,A01,Điểm thi THPT,2022,15.0,Kinh tế xây dựng (chuyên ngành Kinh tế xây dựng)
169252,UTH,kinh-te-xay-dung,D01,Điểm thi THPT,2022,15.0,Kinh tế xây dựng (chuyên ngành Kinh tế xây dựng)
169253,UTH,kinh-te-xay-dung,A00,Điểm học bạ,2023,21.0,Kinh tế xây dựng (chuyên ngành Kinh tế xây dựng)
169254,UTH,kinh-te-xay-dung,A01,Điểm học bạ,2023,21.0,Kinh tế xây dựng (chuyên ngành Kinh tế xây dựng)
169255,UTH,kinh-te-xay-dung,D01,Điểm học bạ,2023,21.0,Kinh tế xây dựng (chuyên ngành Kinh tế xây dựng)
169256,UTH,kinh-te-xay-dung,D07,Điểm học bạ,2023,21.0,Kinh tế xây dựng (chuyên ngành Kinh tế xây dựng)
169257,UTH,kinh-te-xay-dung,A00,Điểm thi THPT,2023,22.0,Kinh tế xây dựng
169258,UTH,kinh-te-xay-dung,A01,Điểm thi THPT,2023,22.0,Kinh tế xây dựng
169259,UTH,kinh-te-xay-dung,D01,Điểm thi THPT,2023,22.0,Kinh tế xây dựng
169260,UTH,kinh-te-xay-dung,D07,Điểm thi THPT,2023,22.0,Kinh tế xây dựng
169261,UTH,kinh-te-xay-dung,A00,Điểm thi THPT,2024,19.0,Kinh tế xây dựng (chuyên ngành Kinh tế xây dựng) - Chương trình tiên tiến
169262,UTH,kinh-te-xay-dung,A01,Điểm thi THPT,2024,19.0,Kinh tế xây dựng (chuyên ngành Kinh tế xây dựng) - Chương trình tiên tiến
169263,UTH,kinh-te-xay-dung,D01,Điểm thi THPT,2024,19.0,Kinh tế xây dựng (chuyên ngành Kinh tế xây dựng) - Chương trình tiên tiến
169264,UTH,kinh-te-xay-dung,D07,Điểm thi THPT,2024,19.0,Kinh tế xây dựng (chuyên ngành Kinh tế xây dựng) - Chương trình tiên tiến
169265,UTH,kinh-te-xay-dung-clc,A00,Điểm học bạ,2023,18.5,Kinh tế xây dựng (chuyên ngành Kinh tế xây dựng) - CLC
169266,UTH,kinh-te-xay-dung-clc,A01,Điểm học bạ,2023,18.5,Kinh tế xây dựng (chuyên ngành Kinh tế xây dựng) - CLC
169267,UTH,kinh-te-xay-dung-clc,D01,Điểm học bạ,2023,18.5,Kinh tế xây dựng (chuyên ngành Kinh tế xây dựng) - CLC
169268,UTH,kinh-te-xay-dung-clc,D07,Điểm học bạ,2023,18.5,Kinh tế xây dựng (chuyên ngành Kinh tế xây dựng) - CLC
169269,UTH,ky-thuat-co-khi,A00,Điểm học bạ,2021,23.8,Kỹ thuật cơ khí (Máy xếp dỡ và Máy xây dựng)
169270,UTH,ky-thuat-co-khi,A01,Điểm học bạ,2021,23.8,Kỹ thuật cơ khí (Máy xếp dỡ và Máy xây dựng)
169271,UTH,ky-thuat-co-khi,A00,Điểm thi THPT,2021,22.7,Kỹ thuật cơ khí (Máy xếp dỡ và Máy xây dựng)
169272,UTH,ky-thuat-co-khi,A01,Điểm thi THPT,2021,22.7,Kỹ thuật cơ khí (Máy xếp dỡ và Máy xây dựng)
169273,UTH,ky-thuat-co-khi,A00,Điểm thi THPT,2024,19.0,Kỹ thuật cơ khí- Chương trình tiên tiến
169274,UTH,ky-thuat-co-khi,A01,Điểm thi THPT,2024,19.0,Kỹ thuật cơ khí- Chương trình tiên tiến
169275,UTH,ky-thuat-co-khi,D01,Điểm thi THPT,2024,19.0,Kỹ thuật cơ khí- Chương trình tiên tiến
169276,UTH,ky-thuat-co-khi,D07,Điểm thi THPT,2024,19.0,Kỹ thuật cơ khí- Chương trình tiên tiến
169277,UTH,ky-thuat-dien,A00,Điểm học bạ,2021,25.5,Kỹ thuật điện (Điện công nghiệp)
169278,UTH,ky-thuat-dien,A01,Điểm học bạ,2021,25.5,Kỹ thuật điện (Điện công nghiệp)
169279,UTH,ky-thuat-dien,A00,Điểm thi THPT,2021,24.2,Kỹ thuật điện (Điện công nghiệp)
169280,UTH,ky-thuat-dien,A01,Điểm thi THPT,2021,24.2,Kỹ thuật điện (Điện công nghiệp)
169281,UTH,ky-thuat-dien,A00,Điểm thi THPT,2024,20.0,Kỹ thuật điện
169282,UTH,ky-thuat-dien,A01,Điểm thi THPT,2024,20.0,Kỹ thuật điện
169283,UTH,ky-thuat-dien,D01,Điểm thi THPT,2024,20.0,Kỹ thuật điện
169284,UTH,ky-thuat-dien,D07,Điểm thi THPT,2024,20.0,Kỹ thuật điện
169285,UTH,ky-thuat-dien-dien-tu-va-dieu-khien,A00,Điểm học bạ,2022,18.7,"Khoa học hàng hải (chuyên ngành Kỹ thuật điện, điện tử và điều khiển)"
169286,UTH,ky-thuat-dien-dien-tu-va-dieu-khien,A01,Điểm học bạ,2022,18.7,"Khoa học hàng hải (chuyên ngành Kỹ thuật điện, điện tử và điều khiển)"
169287,UTH,ky-thuat-dien-dien-tu-va-dieu-khien,A00,Điểm thi THPT,2022,15.0,"Khoa học hàng hải (chuyên ngành Kỹ thuật điện, điện tử và điều khiển)"
169288,UTH,ky-thuat-dien-dien-tu-va-dieu-khien,A01,Điểm thi THPT,2022,15.0,"Khoa học hàng hải (chuyên ngành Kỹ thuật điện, điện tử và điều khiển)"
169289,UTH,ky-thuat-dien-dien-tu-va-dieu-khien,A00,Điểm học bạ,2023,18.0,"Khoa học hàng hải (chuyên ngành Kỹ thuật điện, điện tử và điều khiển)"
169290,UTH,ky-thuat-dien-dien-tu-va-dieu-khien,A01,Điểm học bạ,2023,18.0,"Khoa học hàng hải (chuyên ngành Kỹ thuật điện, điện tử và điều khiển)"
169291,UTH,ky-thuat-dien-dien-tu-va-dieu-khien,D01,Điểm học bạ,2023,18.0,"Khoa học hàng hải (chuyên ngành Kỹ thuật điện, điện tử và điều khiển)"
169292,UTH,ky-thuat-dien-dien-tu-va-dieu-khien,D07,Điểm học bạ,2023,18.0,"Khoa học hàng hải (chuyên ngành Kỹ thuật điện, điện tử và điều khiển)"
169293,UTH,ky-thuat-dien-dien-tu-va-dieu-khien,A00,Điểm thi THPT,2023,17.5,"Kỹ thuật điện, điện tử và điều khiển"
169294,UTH,ky-thuat-dien-dien-tu-va-dieu-khien,A01,Điểm thi THPT,2023,17.5,"Kỹ thuật điện, điện tử và điều khiển"
169295,UTH,ky-thuat-dien-dien-tu-va-dieu-khien,D01,Điểm thi THPT,2023,17.5,"Kỹ thuật điện, điện tử và điều khiển"
169296,UTH,ky-thuat-dien-dien-tu-va-dieu-khien,D07,Điểm thi THPT,2023,17.5,"Kỹ thuật điện, điện tử và điều khiển"
169297,UTH,ky-thuat-dien-dien-tu-va-dieu-khien-co-dien-tu,A00,Điểm thi THPT,2024,19.0,Khoa học hàng hải (chuyên ngành Kỹ thuật điện; điện tử và điều khiển; Cơ điện tử)
169298,UTH,ky-thuat-dien-dien-tu-va-dieu-khien-co-dien-tu,A01,Điểm thi THPT,2024,19.0,Khoa học hàng hải (chuyên ngành Kỹ thuật điện; điện tử và điều khiển; Cơ điện tử)
169299,UTH,ky-thuat-dien-dien-tu-va-dieu-khien-co-dien-tu,D01,Điểm thi THPT,2024,19.0,Khoa học hàng hải (chuyên ngành Kỹ thuật điện; điện tử và điều khiển; Cơ điện tử)
169300,UTH,ky-thuat-dien-dien-tu-va-dieu-khien-co-dien-tu,D07,Điểm thi THPT,2024,19.0,Khoa học hàng hải (chuyên ngành Kỹ thuật điện; điện tử và điều khiển; Cơ điện tử)
169301,UTH,ky-thuat-dien-tu-vien-thong,A00,Điểm học bạ,2021,25.6,Kỹ thuật điện tử - viễn thông (Điện tử viễn thông)
169302,UTH,ky-thuat-dien-tu-vien-thong,A01,Điểm học bạ,2021,25.6,Kỹ thuật điện tử - viễn thông (Điện tử viễn thông)
169303,UTH,ky-thuat-dien-tu-vien-thong,A00,Điểm thi THPT,2021,23.6,Kỹ thuật điện tử - viễn thông (Điện tử viễn thông)
169304,UTH,ky-thuat-dien-tu-vien-thong,A01,Điểm thi THPT,2021,23.6,Kỹ thuật điện tử - viễn thông (Điện tử viễn thông)
169305,UTH,ky-thuat-dien-tu-vien-thong,A00,Điểm học bạ,2022,19.0,Kỹ thuật điện tử - viễn thông - chương trình chất lượng cao
169306,UTH,ky-thuat-dien-tu-vien-thong,A01,Điểm học bạ,2022,19.0,Kỹ thuật điện tử - viễn thông - chương trình chất lượng cao
169307,UTH,ky-thuat-dien-tu-vien-thong,A00,Điểm thi THPT,2022,15.0,Kỹ thuật điện tử - viễn thông - chương trình chất lượng cao
169308,UTH,ky-thuat-dien-tu-vien-thong,A01,Điểm thi THPT,2022,15.0,Kỹ thuật điện tử - viễn thông - chương trình chất lượng cao
169309,UTH,ky-thuat-dien-tu-vien-thong,A00,Điểm học bạ,2023,21.0,Kỹ thuật điện tử – viễn thông
169310,UTH,ky-thuat-dien-tu-vien-thong,A01,Điểm học bạ,2023,21.0,Kỹ thuật điện tử – viễn thông
169311,UTH,ky-thuat-dien-tu-vien-thong,D01,Điểm học bạ,2023,21.0,Kỹ thuật điện tử – viễn thông
169312,UTH,ky-thuat-dien-tu-vien-thong,D07,Điểm học bạ,2023,21.0,Kỹ thuật điện tử – viễn thông
169313,UTH,ky-thuat-dien-tu-vien-thong,A00,Điểm thi THPT,2024,20.0,Kỹ thuật điện tử - viễn thông - Chương trình tiên tiến
169314,UTH,ky-thuat-dien-tu-vien-thong,A01,Điểm thi THPT,2024,20.0,Kỹ thuật điện tử - viễn thông - Chương trình tiên tiến
169315,UTH,ky-thuat-dien-tu-vien-thong,D01,Điểm thi THPT,2024,20.0,Kỹ thuật điện tử - viễn thông - Chương trình tiên tiến
169316,UTH,ky-thuat-dien-tu-vien-thong,D07,Điểm thi THPT,2024,20.0,Kỹ thuật điện tử - viễn thông - Chương trình tiên tiến
169317,UTH,ky-thuat-dien-tu-vien-thong-clc,A00,Điểm học bạ,2023,19.0,Kỹ thuật điện tử – viễn thông – CLC
169318,UTH,ky-thuat-dien-tu-vien-thong-clc,A01,Điểm học bạ,2023,19.0,Kỹ thuật điện tử – viễn thông – CLC
169319,UTH,ky-thuat-dien-tu-vien-thong-clc,D01,Điểm học bạ,2023,19.0,Kỹ thuật điện tử – viễn thông – CLC
169320,UTH,ky-thuat-dien-tu-vien-thong-clc,D07,Điểm học bạ,2023,19.0,Kỹ thuật điện tử – viễn thông – CLC
169321,UTH,ky-thuat-dieu-khien-va-tu-dong-hoa,A00,Điểm học bạ,2021,26.5,Kỹ thuật điều khiển và tự động hóa (Tự động hoá công nghiệp)
169322,UTH,ky-thuat-dieu-khien-va-tu-dong-hoa,A01,Điểm học bạ,2021,26.5,Kỹ thuật điều khiển và tự động hóa (Tự động hoá công nghiệp)
169323,UTH,ky-thuat-dieu-khien-va-tu-dong-hoa,A00,Điểm thi THPT,2021,25.4,Kỹ thuật điều khiển và tự động hóa (Tự động hoá công nghiệp)
169324,UTH,ky-thuat-dieu-khien-va-tu-dong-hoa,A01,Điểm thi THPT,2021,25.4,Kỹ thuật điều khiển và tự động hóa (Tự động hoá công nghiệp)
169325,UTH,ky-thuat-dieu-khien-va-tu-dong-hoa,A00,Điểm học bạ,2022,19.0,Kỹ thuật điều khiển và tự động hóa - chương trình chất lượng cao
169326,UTH,ky-thuat-dieu-khien-va-tu-dong-hoa,A01,Điểm học bạ,2022,19.0,Kỹ thuật điều khiển và tự động hóa - chương trình chất lượng cao
169327,UTH,ky-thuat-dieu-khien-va-tu-dong-hoa,A00,Điểm thi THPT,2022,15.0,Kỹ thuật điều khiển và tự động hóa - chương trình chất lượng cao
169328,UTH,ky-thuat-dieu-khien-va-tu-dong-hoa,A01,Điểm thi THPT,2022,15.0,Kỹ thuật điều khiển và tự động hóa - chương trình chất lượng cao
169329,UTH,ky-thuat-dieu-khien-va-tu-dong-hoa,A00,Điểm học bạ,2023,19.0,Kỹ thuật điều khiển và tự động hóa
169330,UTH,ky-thuat-dieu-khien-va-tu-dong-hoa,A01,Điểm học bạ,2023,19.0,Kỹ thuật điều khiển và tự động hóa
169331,UTH,ky-thuat-dieu-khien-va-tu-dong-hoa,D01,Điểm học bạ,2023,19.0,Kỹ thuật điều khiển và tự động hóa
169332,UTH,ky-thuat-dieu-khien-va-tu-dong-hoa,D07,Điểm học bạ,2023,19.0,Kỹ thuật điều khiển và tự động hóa
169333,UTH,ky-thuat-dieu-khien-va-tu-dong-hoa,A00,Điểm thi THPT,2024,20.0,Kỹ thuật điều khiển và tự động hóa - Chương trình tiên tiến
169334,UTH,ky-thuat-dieu-khien-va-tu-dong-hoa,A01,Điểm thi THPT,2024,20.0,Kỹ thuật điều khiển và tự động hóa - Chương trình tiên tiến
169335,UTH,ky-thuat-dieu-khien-va-tu-dong-hoa,D01,Điểm thi THPT,2024,20.0,Kỹ thuật điều khiển và tự động hóa - Chương trình tiên tiến
169336,UTH,ky-thuat-dieu-khien-va-tu-dong-hoa,D07,Điểm thi THPT,2024,20.0,Kỹ thuật điều khiển và tự động hóa - Chương trình tiên tiến
169337,UTH,ky-thuat-dieu-khien-va-tu-dong-hoa-clc,A00,Điểm học bạ,2023,21.0,Kỹ thuật điều khiển và tự động hóa – CLC
169338,UTH,ky-thuat-dieu-khien-va-tu-dong-hoa-clc,A01,Điểm học bạ,2023,21.0,Kỹ thuật điều khiển và tự động hóa – CLC
169339,UTH,ky-thuat-dieu-khien-va-tu-dong-hoa-clc,D01,Điểm học bạ,2023,21.0,Kỹ thuật điều khiển và tự động hóa – CLC
169340,UTH,ky-thuat-dieu-khien-va-tu-dong-hoa-clc,D07,Điểm học bạ,2023,21.0,Kỹ thuật điều khiển và tự động hóa – CLC
169341,UTH,ky-thuat-ket-cau-cong-trinh,A00,Điểm thi THPT,2023,24.25,Kỹ thuật kết cấu công trình
169342,UTH,ky-thuat-ket-cau-cong-trinh,A01,Điểm thi THPT,2023,24.25,Kỹ thuật kết cấu công trình
169343,UTH,ky-thuat-ket-cau-cong-trinh,D01,Điểm thi THPT,2023,24.25,Kỹ thuật kết cấu công trình
169344,UTH,ky-thuat-ket-cau-cong-trinh,D07,Điểm thi THPT,2023,24.25,Kỹ thuật kết cấu công trình
169345,UTH,ky-thuat-moi-truong,A00,Điểm học bạ,2021,18.0,Kỹ thuật môi trường
169346,UTH,ky-thuat-moi-truong,A01,Điểm học bạ,2021,18.0,Kỹ thuật môi trường
169347,UTH,ky-thuat-moi-truong,B00,Điểm học bạ,2021,18.0,Kỹ thuật môi trường
169348,UTH,ky-thuat-moi-truong,A00,Điểm thi THPT,2021,15.0,Kỹ thuật môi trường
169349,UTH,ky-thuat-moi-truong,A01,Điểm thi THPT,2021,15.0,Kỹ thuật môi trường
169350,UTH,ky-thuat-moi-truong,B00,Điểm thi THPT,2021,15.0,Kỹ thuật môi trường
169351,UTH,ky-thuat-moi-truong,A00,Điểm học bạ,2022,18.9,Kỹ thuật môi trường
169352,UTH,ky-thuat-moi-truong,A01,Điểm học bạ,2022,18.9,Kỹ thuật môi trường
169353,UTH,ky-thuat-moi-truong,B00,Điểm học bạ,2022,18.9,Kỹ thuật môi trường
169354,UTH,ky-thuat-moi-truong,A00,Điểm thi THPT,2022,15.0,Kỹ thuật môi trường
169355,UTH,ky-thuat-moi-truong,A01,Điểm thi THPT,2022,15.0,Kỹ thuật môi trường
169356,UTH,ky-thuat-moi-truong,B00,Điểm thi THPT,2022,15.0,Kỹ thuật môi trường
169357,UTH,ky-thuat-moi-truong,A00,Điểm thi THPT,2023,20.75,Kỹ thuật môi trường
169358,UTH,ky-thuat-moi-truong,A01,Điểm thi THPT,2023,20.75,Kỹ thuật môi trường
169359,UTH,ky-thuat-moi-truong,B00,Điểm thi THPT,2023,20.75,Kỹ thuật môi trường
169360,UTH,ky-thuat-moi-truong,D01,Điểm thi THPT,2023,20.75,Kỹ thuật môi trường
169361,UTH,ky-thuat-moi-truong,A00,Điểm thi THPT,2024,19.0,Kỹ thuật môi trường
169362,UTH,ky-thuat-moi-truong,A01,Điểm thi THPT,2024,19.0,Kỹ thuật môi trường
169363,UTH,ky-thuat-moi-truong,B00,Điểm thi THPT,2024,19.0,Kỹ thuật môi trường
169364,UTH,ky-thuat-moi-truong,D01,Điểm thi THPT,2024,19.0,Kỹ thuật môi trường
169365,UTH,ky-thuat-moi-truong-quan-ly-an-toan-va-moi-truong,A00,Điểm học bạ,2023,19.0,Kỹ thuật môi trường (chuyên ngành Kỹ thuật môi trường; Quản lý an toàn và môi trường)
169366,UTH,ky-thuat-moi-truong-quan-ly-an-toan-va-moi-truong,A01,Điểm học bạ,2023,19.0,Kỹ thuật môi trường (chuyên ngành Kỹ thuật môi trường; Quản lý an toàn và môi trường)
169367,UTH,ky-thuat-moi-truong-quan-ly-an-toan-va-moi-truong,B00,Điểm học bạ,2023,19.0,Kỹ thuật môi trường (chuyên ngành Kỹ thuật môi trường; Quản lý an toàn và môi trường)
169368,UTH,ky-thuat-moi-truong-quan-ly-an-toan-va-moi-truong,D01,Điểm học bạ,2023,19.0,Kỹ thuật môi trường (chuyên ngành Kỹ thuật môi trường; Quản lý an toàn và môi trường)
169369,UTH,ky-thuat-nen-mong-va-cong-trinh-ngam,A00,Điểm thi THPT,2023,24.25,Kỹ thuật nền móng vá công trình ngầm
169370,UTH,ky-thuat-nen-mong-va-cong-trinh-ngam,A01,Điểm thi THPT,2023,24.25,Kỹ thuật nền móng vá công trình ngầm
169371,UTH,ky-thuat-nen-mong-va-cong-trinh-ngam,D01,Điểm thi THPT,2023,24.25,Kỹ thuật nền móng vá công trình ngầm
169372,UTH,ky-thuat-nen-mong-va-cong-trinh-ngam,D07,Điểm thi THPT,2023,24.25,Kỹ thuật nền móng vá công trình ngầm
169373,UTH,ky-thuat-o-to,A00,Điểm học bạ,2021,27.0,Kỹ thuật ô tô (Cơ khí ôtô)
169374,UTH,ky-thuat-o-to,A01,Điểm học bạ,2021,27.0,Kỹ thuật ô tô (Cơ khí ôtô)
169375,UTH,ky-thuat-o-to,A00,Điểm thi THPT,2021,25.3,Kỹ thuật ô tô (Cơ khí ôtô)
169376,UTH,ky-thuat-o-to,A01,Điểm thi THPT,2021,25.3,Kỹ thuật ô tô (Cơ khí ôtô)
169377,UTH,ky-thuat-o-to,A00,Điểm thi THPT,2024,22.0,Kỹ thuật ô tô - Chương trình tiên tiến
169378,UTH,ky-thuat-o-to,A01,Điểm thi THPT,2024,22.0,Kỹ thuật ô tô - Chương trình tiên tiến
169379,UTH,ky-thuat-o-to,D01,Điểm thi THPT,2024,22.0,Kỹ thuật ô tô - Chương trình tiên tiến
169380,UTH,ky-thuat-o-to,D07,Điểm thi THPT,2024,22.0,Kỹ thuật ô tô - Chương trình tiên tiến
169381,UTH,ky-thuat-tau-thuy,A00,Điểm học bạ,2021,18.0,Kỹ thuật tàu thủy
169382,UTH,ky-thuat-tau-thuy,A01,Điểm học bạ,2021,18.0,Kỹ thuật tàu thủy
169383,UTH,ky-thuat-tau-thuy,A00,Điểm thi THPT,2021,15.0,Kỹ thuật tàu thủy
169384,UTH,ky-thuat-tau-thuy,A01,Điểm thi THPT,2021,15.0,Kỹ thuật tàu thủy
169385,UTH,ky-thuat-tau-thuy,A00,Điểm thi THPT,2024,15.0,Kỹ thuật tàu thủy
169386,UTH,ky-thuat-tau-thuy,A01,Điểm thi THPT,2024,15.0,Kỹ thuật tàu thủy
169387,UTH,ky-thuat-tau-thuy,D01,Điểm thi THPT,2024,15.0,Kỹ thuật tàu thủy
169388,UTH,ky-thuat-tau-thuy,D07,Điểm thi THPT,2024,15.0,Kỹ thuật tàu thủy
169389,UTH,ky-thuat-tau-thuy-cong-trinh-noi-va-quan-ly-he-thong-cong-nghiep,A00,Điểm học bạ,2022,19.0,"Kỹ thuật tàu thủy (chuyên ngành Kỹ thuật tàu thủy, công trình nổi và quản lý hệ thống công nghiệp)"
169390,UTH,ky-thuat-tau-thuy-cong-trinh-noi-va-quan-ly-he-thong-cong-nghiep,A01,Điểm học bạ,2022,19.0,"Kỹ thuật tàu thủy (chuyên ngành Kỹ thuật tàu thủy, công trình nổi và quản lý hệ thống công nghiệp)"
169391,UTH,ky-thuat-tau-thuy-cong-trinh-noi-va-quan-ly-he-thong-cong-nghiep,A00,Điểm thi THPT,2022,15.0,"Kỹ thuật tàu thủy (chuyên ngành Kỹ thuật tàu thủy, công trình nổi và quản lý hệ thống công nghiệp)"
169392,UTH,ky-thuat-tau-thuy-cong-trinh-noi-va-quan-ly-he-thong-cong-nghiep,A01,Điểm thi THPT,2022,15.0,"Kỹ thuật tàu thủy (chuyên ngành Kỹ thuật tàu thủy, công trình nổi và quản lý hệ thống công nghiệp)"
169393,UTH,ky-thuat-tau-thuy-cong-trinh-noi-va-quan-ly-he-thong-cong-nghiep,A00,Điểm học bạ,2023,18.0,"Kỹ thuật tàu thủy (chuyên ngành Kỹ thuật tàu thủy, công trình nổi và quản lý hệ thống công nghiệp)"
169394,UTH,ky-thuat-tau-thuy-cong-trinh-noi-va-quan-ly-he-thong-cong-nghiep,A01,Điểm học bạ,2023,18.0,"Kỹ thuật tàu thủy (chuyên ngành Kỹ thuật tàu thủy, công trình nổi và quản lý hệ thống công nghiệp)"
169395,UTH,ky-thuat-tau-thuy-cong-trinh-noi-va-quan-ly-he-thong-cong-nghiep,D01,Điểm học bạ,2023,18.0,"Kỹ thuật tàu thủy (chuyên ngành Kỹ thuật tàu thủy, công trình nổi và quản lý hệ thống công nghiệp)"
169396,UTH,ky-thuat-tau-thuy-cong-trinh-noi-va-quan-ly-he-thong-cong-nghiep,D07,Điểm học bạ,2023,18.0,"Kỹ thuật tàu thủy (chuyên ngành Kỹ thuật tàu thủy, công trình nổi và quản lý hệ thống công nghiệp)"
169397,UTH,ky-thuat-tau-thuy-cong-trinh-noi-va-quan-ly-he-thong-cong-nghiep,A00,Điểm thi THPT,2023,19.5,"Kỹ thuật tàu thủy, công trình nối và quản lý hệ thống công nghiệp"
169398,UTH,ky-thuat-tau-thuy-cong-trinh-noi-va-quan-ly-he-thong-cong-nghiep,A01,Điểm thi THPT,2023,19.5,"Kỹ thuật tàu thủy, công trình nối và quản lý hệ thống công nghiệp"
169399,UTH,ky-thuat-tau-thuy-cong-trinh-noi-va-quan-ly-he-thong-cong-nghiep,D01,Điểm thi THPT,2023,19.5,"Kỹ thuật tàu thủy, công trình nối và quản lý hệ thống công nghiệp"
169400,UTH,ky-thuat-tau-thuy-cong-trinh-noi-va-quan-ly-he-thong-cong-nghiep,D07,Điểm thi THPT,2023,19.5,"Kỹ thuật tàu thủy, công trình nối và quản lý hệ thống công nghiệp"
169401,UTH,ky-thuat-xay-dung,A00,Điểm học bạ,2021,25.8,Kỹ thuật xây dựng (Xây dựng dân dụng và công nghiệp)
169402,UTH,ky-thuat-xay-dung,A01,Điểm học bạ,2021,25.8,Kỹ thuật xây dựng (Xây dựng dân dụng và công nghiệp)
169403,UTH,ky-thuat-xay-dung,A00,Điểm thi THPT,2021,23.4,Kỹ thuật xây dựng (Xây dựng dân dụng và công nghiệp)
169404,UTH,ky-thuat-xay-dung,A01,Điểm thi THPT,2021,23.4,Kỹ thuật xây dựng (Xây dựng dân dụng và công nghiệp)
169405,UTH,ky-thuat-xay-dung,A00,Điểm thi THPT,2024,19.0,Kỹ thuật xây dựng
169406,UTH,ky-thuat-xay-dung,A01,Điểm thi THPT,2024,19.0,Kỹ thuật xây dựng
169407,UTH,ky-thuat-xay-dung,D01,Điểm thi THPT,2024,19.0,Kỹ thuật xây dựng
169408,UTH,ky-thuat-xay-dung,D07,Điểm thi THPT,2024,19.0,Kỹ thuật xây dựng
169409,UTH,ky-thuat-xay-dung-chuong-chat-luong-cao,A00,Điểm học bạ,2022,18.0,Kỹ thuật xây dựng - chương chất lượng cao
169410,UTH,ky-thuat-xay-dung-chuong-chat-luong-cao,A01,Điểm học bạ,2022,18.0,Kỹ thuật xây dựng - chương chất lượng cao
169411,UTH,ky-thuat-xay-dung-chuong-chat-luong-cao,A00,Điểm thi THPT,2022,15.0,Kỹ thuật xây dựng - chương chất lượng cao
169412,UTH,ky-thuat-xay-dung-chuong-chat-luong-cao,A01,Điểm thi THPT,2022,15.0,Kỹ thuật xây dựng - chương chất lượng cao
169413,UTH,ky-thuat-xay-dung-cong-trinh-giao-thong,A00,Điểm học bạ,2021,22.0,Kỹ thuật xây dựng công trình giao thông (Xây dựng cầu đường)
169414,UTH,ky-thuat-xay-dung-cong-trinh-giao-thong,A01,Điểm học bạ,2021,22.0,Kỹ thuật xây dựng công trình giao thông (Xây dựng cầu đường)
169415,UTH,ky-thuat-xay-dung-cong-trinh-giao-thong,A00,Điểm thi THPT,2021,18.0,Kỹ thuật xây dựng công trình giao thông (Xây dựng cầu đường)
169416,UTH,ky-thuat-xay-dung-cong-trinh-giao-thong,A01,Điểm thi THPT,2021,18.0,Kỹ thuật xây dựng công trình giao thông (Xây dựng cầu đường)
169417,UTH,ky-thuat-xay-dung-cong-trinh-giao-thong,A00,Điểm thi THPT,2024,17.0,Kỹ thuật xây dựng công trình giao thông
169418,UTH,ky-thuat-xay-dung-cong-trinh-giao-thong,A01,Điểm thi THPT,2024,17.0,Kỹ thuật xây dựng công trình giao thông
169419,UTH,ky-thuat-xay-dung-cong-trinh-giao-thong,D01,Điểm thi THPT,2024,17.0,Kỹ thuật xây dựng công trình giao thông
169420,UTH,ky-thuat-xay-dung-cong-trinh-giao-thong,D07,Điểm thi THPT,2024,17.0,Kỹ thuật xây dựng công trình giao thông
169421,UTH,ky-thuat-xay-dung-cong-trinh-thuy,A00,Điểm học bạ,2021,19.0,Kỹ thuật xây dựng công trình thủy (Xây dựng và quản lý cảng - công trình giao thông thủy)
169422,UTH,ky-thuat-xay-dung-cong-trinh-thuy,A01,Điểm học bạ,2021,19.0,Kỹ thuật xây dựng công trình thủy (Xây dựng và quản lý cảng - công trình giao thông thủy)
169423,UTH,ky-thuat-xay-dung-cong-trinh-thuy,A00,Điểm thi THPT,2021,15.0,Kỹ thuật xây dựng công trình thủy (Xây dựng và quản lý cảng - công trình giao thông thủy)
169424,UTH,ky-thuat-xay-dung-cong-trinh-thuy,A01,Điểm thi THPT,2021,15.0,Kỹ thuật xây dựng công trình thủy (Xây dựng và quản lý cảng - công trình giao thông thủy)
169425,UTH,ky-thuat-xay-dung-cong-trinh-thuy,A00,Điểm thi THPT,2024,15.0,Kỹ thuật xây dựng công trình thủy
169426,UTH,ky-thuat-xay-dung-cong-trinh-thuy,A01,Điểm thi THPT,2024,15.0,Kỹ thuật xây dựng công trình thủy
169427,UTH,ky-thuat-xay-dung-cong-trinh-thuy,D01,Điểm thi THPT,2024,15.0,Kỹ thuật xây dựng công trình thủy
169428,UTH,ky-thuat-xay-dung-cong-trinh-thuy,D07,Điểm thi THPT,2024,15.0,Kỹ thuật xây dựng công trình thủy
169429,UTH,logistics-va-ha-tang-giao-thong,A00,Điểm học bạ,2023,18.0,Kỹ thuật xây dựng công trình giao thông (chuyên ngành Logistics và hạ tầng giao thông) - chương trình chất lượng cao
169430,UTH,logistics-va-ha-tang-giao-thong,A01,Điểm học bạ,2023,18.0,Kỹ thuật xây dựng công trình giao thông (chuyên ngành Logistics và hạ tầng giao thông) - chương trình chất lượng cao
169431,UTH,logistics-va-ha-tang-giao-thong,D01,Điểm học bạ,2023,18.0,Kỹ thuật xây dựng công trình giao thông (chuyên ngành Logistics và hạ tầng giao thông) - chương trình chất lượng cao
169432,UTH,logistics-va-ha-tang-giao-thong,D07,Điểm học bạ,2023,18.0,Kỹ thuật xây dựng công trình giao thông (chuyên ngành Logistics và hạ tầng giao thông) - chương trình chất lượng cao
169433,UTH,logistics-va-ha-tang-giao-thong,A00,Điểm thi THPT,2023,17.5,Logistics và hạ tầng giao thông
169434,UTH,logistics-va-ha-tang-giao-thong,A01,Điểm thi THPT,2023,17.5,Logistics và hạ tầng giao thông
169435,UTH,logistics-va-ha-tang-giao-thong,D01,Điểm thi THPT,2023,17.5,Logistics và hạ tầng giao thông
169436,UTH,logistics-va-ha-tang-giao-thong,D07,Điểm thi THPT,2023,17.5,Logistics và hạ tầng giao thông
169437,UTH,logistics-va-ha-tang-giao-thong-clc,A00,Điểm học bạ,2023,18.0,Kỹ thuật xây dựng công trình giao thông (chuyên ngành Logistics và hạ tầng giao thông) – CLC
169438,UTH,logistics-va-ha-tang-giao-thong-clc,A01,Điểm học bạ,2023,18.0,Kỹ thuật xây dựng công trình giao thông (chuyên ngành Logistics và hạ tầng giao thông) – CLC
169439,UTH,logistics-va-ha-tang-giao-thong-clc,D01,Điểm học bạ,2023,18.0,Kỹ thuật xây dựng công trình giao thông (chuyên ngành Logistics và hạ tầng giao thông) – CLC
169440,UTH,logistics-va-ha-tang-giao-thong-clc,D07,Điểm học bạ,2023,18.0,Kỹ thuật xây dựng công trình giao thông (chuyên ngành Logistics và hạ tầng giao thông) – CLC
169441,UTH,logistics-va-quan-ly-chuoi-cung-ung,A00,Điểm học bạ,2021,29.1,Logistics và Quản lý chuỗi cung ứng (Quản trị Logistics và vận tải đa phương thức)
169442,UTH,logistics-va-quan-ly-chuoi-cung-ung,A01,Điểm học bạ,2021,29.1,Logistics và Quản lý chuỗi cung ứng (Quản trị Logistics và vận tải đa phương thức)
169443,UTH,logistics-va-quan-ly-chuoi-cung-ung,D01,Điểm học bạ,2021,29.1,Logistics và Quản lý chuỗi cung ứng (Quản trị Logistics và vận tải đa phương thức)
169444,UTH,logistics-va-quan-ly-chuoi-cung-ung,A00,Điểm thi THPT,2021,26.9,Logistics và Quản lý chuỗi cung ứng (Quản trị Logistics và vận tải đa phương thức)
169445,UTH,logistics-va-quan-ly-chuoi-cung-ung,A01,Điểm thi THPT,2021,26.9,Logistics và Quản lý chuỗi cung ứng (Quản trị Logistics và vận tải đa phương thức)
169446,UTH,logistics-va-quan-ly-chuoi-cung-ung,D01,Điểm thi THPT,2021,26.9,Logistics và Quản lý chuỗi cung ứng (Quản trị Logistics và vận tải đa phương thức)
169447,UTH,logistics-va-quan-ly-chuoi-cung-ung,A00,Điểm học bạ,2022,29.0,Logistics và Quản lý chuỗi cung ứng (chuyên ngành Logistics và quản lý chuỗi cung ứng)
169448,UTH,logistics-va-quan-ly-chuoi-cung-ung,A01,Điểm học bạ,2022,29.0,Logistics và Quản lý chuỗi cung ứng (chuyên ngành Logistics và quản lý chuỗi cung ứng)
169449,UTH,logistics-va-quan-ly-chuoi-cung-ung,D01,Điểm học bạ,2022,29.0,Logistics và Quản lý chuỗi cung ứng (chuyên ngành Logistics và quản lý chuỗi cung ứng)
169450,UTH,logistics-va-quan-ly-chuoi-cung-ung,A00,Điểm thi THPT,2022,17.0,Logistics và Quản lý chuỗi cung ứng (chuyên ngành Logistics và quản lý chuỗi cung ứng)
169451,UTH,logistics-va-quan-ly-chuoi-cung-ung,A01,Điểm thi THPT,2022,17.0,Logistics và Quản lý chuỗi cung ứng (chuyên ngành Logistics và quản lý chuỗi cung ứng)
169452,UTH,logistics-va-quan-ly-chuoi-cung-ung,D01,Điểm thi THPT,2022,17.0,Logistics và Quản lý chuỗi cung ứng (chuyên ngành Logistics và quản lý chuỗi cung ứng)
169453,UTH,logistics-va-quan-ly-chuoi-cung-ung,A00,Điểm thi THPT,2023,25.65,Logistics và quản lý chuỗi cung ứng
169454,UTH,logistics-va-quan-ly-chuoi-cung-ung,A01,Điểm thi THPT,2023,25.65,Logistics và quản lý chuỗi cung ứng
169455,UTH,logistics-va-quan-ly-chuoi-cung-ung,D01,Điểm thi THPT,2023,25.65,Logistics và quản lý chuỗi cung ứng
169456,UTH,logistics-va-quan-ly-chuoi-cung-ung,D07,Điểm thi THPT,2023,25.65,Logistics và quản lý chuỗi cung ứng
169457,UTH,logistics-va-quan-ly-chuoi-cung-ung,A00,Điểm thi THPT,2024,24.0,Logistics và quản lý chuỗi cung ứng - Chương trình tiên tiến
169458,UTH,logistics-va-quan-ly-chuoi-cung-ung,A01,Điểm thi THPT,2024,24.0,Logistics và quản lý chuỗi cung ứng - Chương trình tiên tiến
169459,UTH,logistics-va-quan-ly-chuoi-cung-ung,D01,Điểm thi THPT,2024,24.0,Logistics và quản lý chuỗi cung ứng - Chương trình tiên tiến
169460,UTH,logistics-va-quan-ly-chuoi-cung-ung,D07,Điểm thi THPT,2024,24.0,Logistics và quản lý chuỗi cung ứng - Chương trình tiên tiến
169461,UTH,logistics-va-quan-ly-chuoi-cung-ung-chuong-trinh-hoc-hoan-toan-bang-tieng-anh,A00,Điểm thi THPT,2024,17.0,Logistics và quản lý chuỗi cung ứng - Chương trình học hoàn toàn bằng tiếng Anh
169462,UTH,logistics-va-quan-ly-chuoi-cung-ung-chuong-trinh-hoc-hoan-toan-bang-tieng-anh,A01,Điểm thi THPT,2024,17.0,Logistics và quản lý chuỗi cung ứng - Chương trình học hoàn toàn bằng tiếng Anh
169463,UTH,logistics-va-quan-ly-chuoi-cung-ung-chuong-trinh-hoc-hoan-toan-bang-tieng-anh,D01,Điểm thi THPT,2024,17.0,Logistics và quản lý chuỗi cung ứng - Chương trình học hoàn toàn bằng tiếng Anh
169464,UTH,logistics-va-quan-ly-chuoi-cung-ung-chuong-trinh-hoc-hoan-toan-bang-tieng-anh,D07,Điểm thi THPT,2024,17.0,Logistics và quản lý chuỗi cung ứng - Chương trình học hoàn toàn bằng tiếng Anh
169465,UTH,logistics-va-quan-ly-chuoi-cung-ung-clc,A00,Điểm học bạ,2023,25.0,Logistics và quản lý chuỗi cung ứng (chuyên ngành Logistics và quản lý chuỗi cung ứng) – CLC
169466,UTH,logistics-va-quan-ly-chuoi-cung-ung-clc,A01,Điểm học bạ,2023,25.0,Logistics và quản lý chuỗi cung ứng (chuyên ngành Logistics và quản lý chuỗi cung ứng) – CLC
169467,UTH,logistics-va-quan-ly-chuoi-cung-ung-clc,D01,Điểm học bạ,2023,25.0,Logistics và quản lý chuỗi cung ứng (chuyên ngành Logistics và quản lý chuỗi cung ứng) – CLC
169468,UTH,logistics-va-quan-ly-chuoi-cung-ung-clc,D07,Điểm học bạ,2023,25.0,Logistics và quản lý chuỗi cung ứng (chuyên ngành Logistics và quản lý chuỗi cung ứng) – CLC
169469,UTH,luat,A01,Điểm thi THPT,2024,21.0,Luật
169470,UTH,luat,D01,Điểm thi THPT,2024,21.0,Luật
169471,UTH,luat,D14,Điểm thi THPT,2024,21.0,Luật
169472,UTH,luat,D15,Điểm thi THPT,2024,21.0,Luật
169473,UTH,luat-va-chinh-sach-hang-hai,A00,Điểm học bạ,2022,18.0,Khoa học hàng hải (chuyên ngành Luật và chính sách hàng hải)
169474,UTH,luat-va-chinh-sach-hang-hai,A01,Điểm học bạ,2022,18.0,Khoa học hàng hải (chuyên ngành Luật và chính sách hàng hải)
169475,UTH,luat-va-chinh-sach-hang-hai,D01,Điểm học bạ,2022,18.0,Khoa học hàng hải (chuyên ngành Luật và chính sách hàng hải)
169476,UTH,luat-va-chinh-sach-hang-hai,A00,Điểm thi THPT,2022,15.0,Khoa học hàng hải (chuyên ngành Luật và chính sách hàng hải)
169477,UTH,luat-va-chinh-sach-hang-hai,A01,Điểm thi THPT,2022,15.0,Khoa học hàng hải (chuyên ngành Luật và chính sách hàng hải)
169478,UTH,luat-va-chinh-sach-hang-hai,D01,Điểm thi THPT,2022,15.0,Khoa học hàng hải (chuyên ngành Luật và chính sách hàng hải)
169479,UTH,luat-va-chinh-sach-hang-hai,A00,Điểm học bạ,2023,18.0,Khoa học hàng hải (chuyên ngành Luật và chính sách hàng hải)
169480,UTH,luat-va-chinh-sach-hang-hai,A01,Điểm học bạ,2023,18.0,Khoa học hàng hải (chuyên ngành Luật và chính sách hàng hải)
169481,UTH,luat-va-chinh-sach-hang-hai,D01,Điểm học bạ,2023,18.0,Khoa học hàng hải (chuyên ngành Luật và chính sách hàng hải)
169482,UTH,luat-va-chinh-sach-hang-hai,D07,Điểm học bạ,2023,18.0,Khoa học hàng hải (chuyên ngành Luật và chính sách hàng hải)
169483,UTH,luat-va-chinh-sach-hang-hai,A00,Điểm thi THPT,2023,20.0,Luật và chính sách hàng hải
169484,UTH,luat-va-chinh-sach-hang-hai,A01,Điểm thi THPT,2023,20.0,Luật và chính sách hàng hải
169485,UTH,luat-va-chinh-sach-hang-hai,D01,Điểm thi THPT,2023,20.0,Luật và chính sách hàng hải
169486,UTH,luat-va-chinh-sach-hang-hai,D07,Điểm thi THPT,2023,20.0,Luật và chính sách hàng hải
169487,UTH,luat-va-chinh-sach-hang-hai-clc,A00,Điểm học bạ,2023,18.0,Khoa học hàng hải (chuyên ngành Luật và chính sách hàng hải) – CLC
169488,UTH,luat-va-chinh-sach-hang-hai-clc,A01,Điểm học bạ,2023,18.0,Khoa học hàng hải (chuyên ngành Luật và chính sách hàng hải) – CLC
169489,UTH,luat-va-chinh-sach-hang-hai-clc,D01,Điểm học bạ,2023,18.0,Khoa học hàng hải (chuyên ngành Luật và chính sách hàng hải) – CLC
169490,UTH,luat-va-chinh-sach-hang-hai-clc,D07,Điểm học bạ,2023,18.0,Khoa học hàng hải (chuyên ngành Luật và chính sách hàng hải) – CLC
169491,UTH,mang-may-tinh-va-truyen-thong-du-lieu,A00,Điểm học bạ,2021,26.7,Mạng máy tính và truyền thông dữ liệu
169492,UTH,mang-may-tinh-va-truyen-thong-du-lieu,A01,Điểm học bạ,2021,26.7,Mạng máy tính và truyền thông dữ liệu
169493,UTH,mang-may-tinh-va-truyen-thong-du-lieu,A00,Điểm thi THPT,2021,24.2,Mạng máy tính và truyền thông dữ liệu
169494,UTH,mang-may-tinh-va-truyen-thong-du-lieu,A01,Điểm thi THPT,2021,24.2,Mạng máy tính và truyền thông dữ liệu
169495,UTH,mang-may-tinh-va-truyen-thong-du-lieu,A00,Điểm học bạ,2022,22.0,Mạng máy tính và truyền thông dữ liệu
169496,UTH,mang-may-tinh-va-truyen-thong-du-lieu,A01,Điểm học bạ,2022,22.0,Mạng máy tính và truyền thông dữ liệu
169497,UTH,mang-may-tinh-va-truyen-thong-du-lieu,A00,Điểm thi THPT,2022,15.0,Mạng máy tính và truyền thông dữ liệu
169498,UTH,mang-may-tinh-va-truyen-thong-du-lieu,A01,Điểm thi THPT,2022,15.0,Mạng máy tính và truyền thông dữ liệu
169499,UTH,mang-may-tinh-va-truyen-thong-du-lieu,A00,Điểm học bạ,2023,19.5,Mạng máy tính và truyền thông dữ liệu
169500,UTH,mang-may-tinh-va-truyen-thong-du-lieu,A01,Điểm học bạ,2023,19.5,Mạng máy tính và truyền thông dữ liệu
169501,UTH,mang-may-tinh-va-truyen-thong-du-lieu,D01,Điểm học bạ,2023,19.5,Mạng máy tính và truyền thông dữ liệu
169502,UTH,mang-may-tinh-va-truyen-thong-du-lieu,D07,Điểm học bạ,2023,19.5,Mạng máy tính và truyền thông dữ liệu
169503,UTH,mang-may-tinh-va-truyen-thong-du-lieu,A00,Điểm thi THPT,2023,24.75,Mạng máy tính và truyền thông dữ liệu
169504,UTH,mang-may-tinh-va-truyen-thong-du-lieu,A01,Điểm thi THPT,2023,24.75,Mạng máy tính và truyền thông dữ liệu
169505,UTH,mang-may-tinh-va-truyen-thong-du-lieu,D01,Điểm thi THPT,2023,24.75,Mạng máy tính và truyền thông dữ liệu
169506,UTH,mang-may-tinh-va-truyen-thong-du-lieu,D07,Điểm thi THPT,2023,24.75,Mạng máy tính và truyền thông dữ liệu
169507,UTH,mang-may-tinh-va-truyen-thong-du-lieu,A00,Điểm thi THPT,2024,20.0,Mạng máy tính và truyền thông dữ liệu - Chương trình tiên tiến
169508,UTH,mang-may-tinh-va-truyen-thong-du-lieu,A01,Điểm thi THPT,2024,20.0,Mạng máy tính và truyền thông dữ liệu - Chương trình tiên tiến
169509,UTH,mang-may-tinh-va-truyen-thong-du-lieu,D01,Điểm thi THPT,2024,20.0,Mạng máy tính và truyền thông dữ liệu - Chương trình tiên tiến
169510,UTH,mang-may-tinh-va-truyen-thong-du-lieu,D07,Điểm thi THPT,2024,20.0,Mạng máy tính và truyền thông dữ liệu - Chương trình tiên tiến
169511,UTH,nang-luong-tai-tao,A00,Điểm thi THPT,2023,24.5,Nâng lượng tái tạo
169512,UTH,nang-luong-tai-tao,A01,Điểm thi THPT,2023,24.5,Nâng lượng tái tạo
169513,UTH,nang-luong-tai-tao,D01,Điểm thi THPT,2023,24.5,Nâng lượng tái tạo
169514,UTH,nang-luong-tai-tao,D07,Điểm thi THPT,2023,24.5,Nâng lượng tái tạo
169515,UTH,ngon-ngu-anh,A01,Điểm học bạ,2022,23.0,Ngôn ngữ Anh
169516,UTH,ngon-ngu-anh,D01,Điểm học bạ,2022,23.0,Ngôn ngữ Anh
169517,UTH,ngon-ngu-anh,A01,Điểm thi THPT,2022,17.0,Ngôn ngữ Anh
169518,UTH,ngon-ngu-anh,D01,Điểm thi THPT,2022,17.0,Ngôn ngữ Anh
169519,UTH,ngon-ngu-anh,A00,Điểm học bạ,2023,19.5,Ngôn ngữ Anh
169520,UTH,ngon-ngu-anh,D01,Điểm học bạ,2023,19.5,Ngôn ngữ Anh
169521,UTH,ngon-ngu-anh,D14,Điểm học bạ,2023,19.5,Ngôn ngữ Anh
169522,UTH,ngon-ngu-anh,D15,Điểm học bạ,2023,19.5,Ngôn ngữ Anh
169523,UTH,ngon-ngu-anh,A01,Điểm thi THPT,2023,24.5,Ngôn ngữ Anh
169524,UTH,ngon-ngu-anh,D01,Điểm thi THPT,2023,24.5,Ngôn ngữ Anh
169525,UTH,ngon-ngu-anh,D14,Điểm thi THPT,2023,24.5,Ngôn ngữ Anh
169526,UTH,ngon-ngu-anh,D15,Điểm thi THPT,2023,24.5,Ngôn ngữ Anh
169527,UTH,ngon-ngu-anh,A01,Điểm thi THPT,2024,24.5,Ngôn ngữ Anh
169528,UTH,ngon-ngu-anh,D01,Điểm thi THPT,2024,24.5,Ngôn ngữ Anh
169529,UTH,ngon-ngu-anh,D14,Điểm thi THPT,2024,24.5,Ngôn ngữ Anh
169530,UTH,ngon-ngu-anh,D15,Điểm thi THPT,2024,24.5,Ngôn ngữ Anh
169531,UTH,o-to-dien,A00,Điểm học bạ,2023,21.0,Kỹ thuật ô tô (chuyên ngành Ô tô điện)
169532,UTH,o-to-dien,A01,Điểm học bạ,2023,21.0,Kỹ thuật ô tô (chuyên ngành Ô tô điện)
169533,UTH,o-to-dien,D01,Điểm học bạ,2023,21.0,Kỹ thuật ô tô (chuyên ngành Ô tô điện)
169534,UTH,o-to-dien,D07,Điểm học bạ,2023,21.0,Kỹ thuật ô tô (chuyên ngành Ô tô điện)
169535,UTH,o-to-dien,A00,Điểm thi THPT,2023,22.5,Ô tô điện
169536,UTH,o-to-dien,A01,Điểm thi THPT,2023,22.5,Ô tô điện
169537,UTH,o-to-dien,D01,Điểm thi THPT,2023,22.5,Ô tô điện
169538,UTH,o-to-dien,D07,Điểm thi THPT,2023,22.5,Ô tô điện
169539,UTH,o-to-dien-clc,A00,Điểm học bạ,2023,20.0,Kỹ thuật ô tô (chuyên ngành Ô tô điện) – CLC
169540,UTH,o-to-dien-clc,A01,Điểm học bạ,2023,20.0,Kỹ thuật ô tô (chuyên ngành Ô tô điện) – CLC
169541,UTH,o-to-dien-clc,D01,Điểm học bạ,2023,20.0,Kỹ thuật ô tô (chuyên ngành Ô tô điện) – CLC
169542,UTH,o-to-dien-clc,D07,Điểm học bạ,2023,20.0,Kỹ thuật ô tô (chuyên ngành Ô tô điện) – CLC
169543,UTH,quan-ly-an-toan-va-moi-truong,A00,Điểm thi THPT,2023,20.75,Quản lý an toàn và môi trường
169544,UTH,quan-ly-an-toan-va-moi-truong,A01,Điểm thi THPT,2023,20.75,Quản lý an toàn và môi trường
169545,UTH,quan-ly-an-toan-va-moi-truong,B00,Điểm thi THPT,2023,20.75,Quản lý an toàn và môi trường
169546,UTH,quan-ly-an-toan-va-moi-truong,D01,Điểm thi THPT,2023,20.75,Quản lý an toàn và môi trường
169547,UTH,quan-ly-cang-va-logistics,A00,Điểm học bạ,2022,25.0,Khoa học hàng hải (chuyên ngành Quản lý cảng và logistics)
169548,UTH,quan-ly-cang-va-logistics,A01,Điểm học bạ,2022,25.0,Khoa học hàng hải (chuyên ngành Quản lý cảng và logistics)
169549,UTH,quan-ly-cang-va-logistics,D01,Điểm học bạ,2022,25.0,Khoa học hàng hải (chuyên ngành Quản lý cảng và logistics)
169550,UTH,quan-ly-cang-va-logistics,A00,Điểm thi THPT,2022,15.0,Khoa học hàng hải (chuyên ngành Quản lý cảng và logistics)
169551,UTH,quan-ly-cang-va-logistics,A01,Điểm thi THPT,2022,15.0,Khoa học hàng hải (chuyên ngành Quản lý cảng và logistics)
169552,UTH,quan-ly-cang-va-logistics,D01,Điểm thi THPT,2022,15.0,Khoa học hàng hải (chuyên ngành Quản lý cảng và logistics)
169553,UTH,quan-ly-cang-va-logistics,A00,Điểm học bạ,2023,22.0,Khoa học hàng hải (chuyên ngành Quản lý cảng và logistics)
169554,UTH,quan-ly-cang-va-logistics,A01,Điểm học bạ,2023,22.0,Khoa học hàng hải (chuyên ngành Quản lý cảng và logistics)
169555,UTH,quan-ly-cang-va-logistics,D01,Điểm học bạ,2023,22.0,Khoa học hàng hải (chuyên ngành Quản lý cảng và logistics)
169556,UTH,quan-ly-cang-va-logistics,D07,Điểm học bạ,2023,22.0,Khoa học hàng hải (chuyên ngành Quản lý cảng và logistics)
169557,UTH,quan-ly-cang-va-logistics,A00,Điểm thi THPT,2023,25.0,Quàn lý cảng và logistics
169558,UTH,quan-ly-cang-va-logistics,A01,Điểm thi THPT,2023,25.0,Quàn lý cảng và logistics
169559,UTH,quan-ly-cang-va-logistics,D01,Điểm thi THPT,2023,25.0,Quàn lý cảng và logistics
169560,UTH,quan-ly-cang-va-logistics,D07,Điểm thi THPT,2023,25.0,Quàn lý cảng và logistics
169561,UTH,quan-ly-cang-va-logistics,A00,Điểm thi THPT,2024,21.0,Khoa học hàng hải (chuyên ngành Quản lý cảng và logistics) - Chương trình tiên tiến
169562,UTH,quan-ly-cang-va-logistics,A01,Điểm thi THPT,2024,21.0,Khoa học hàng hải (chuyên ngành Quản lý cảng và logistics) - Chương trình tiên tiến
169563,UTH,quan-ly-cang-va-logistics,D01,Điểm thi THPT,2024,21.0,Khoa học hàng hải (chuyên ngành Quản lý cảng và logistics) - Chương trình tiên tiến
169564,UTH,quan-ly-cang-va-logistics,D07,Điểm thi THPT,2024,21.0,Khoa học hàng hải (chuyên ngành Quản lý cảng và logistics) - Chương trình tiên tiến
169565,UTH,quan-ly-cang-va-logistics-clc,A00,Điểm học bạ,2023,20.0,Khoa học hàng hải (chuyên ngành Quản lý cảng và logistics) - CLC
169566,UTH,quan-ly-cang-va-logistics-clc,A01,Điểm học bạ,2023,20.0,Khoa học hàng hải (chuyên ngành Quản lý cảng và logistics) - CLC
169567,UTH,quan-ly-cang-va-logistics-clc,D01,Điểm học bạ,2023,20.0,Khoa học hàng hải (chuyên ngành Quản lý cảng và logistics) - CLC
169568,UTH,quan-ly-cang-va-logistics-clc,D07,Điểm học bạ,2023,20.0,Khoa học hàng hải (chuyên ngành Quản lý cảng và logistics) - CLC
169569,UTH,quan-ly-du-an-xay-dung,A00,Điểm học bạ,2022,22.5,Kinh tế xây dựng (chuyên ngành Quản lý dự án xây dựng)
169570,UTH,quan-ly-du-an-xay-dung,A01,Điểm học bạ,2022,22.5,Kinh tế xây dựng (chuyên ngành Quản lý dự án xây dựng)
169571,UTH,quan-ly-du-an-xay-dung,D01,Điểm học bạ,2022,22.5,Kinh tế xây dựng (chuyên ngành Quản lý dự án xây dựng)
169572,UTH,quan-ly-du-an-xay-dung,A00,Điểm thi THPT,2022,15.0,Kinh tế xây dựng (chuyên ngành Quản lý dự án xây dựng)
169573,UTH,quan-ly-du-an-xay-dung,A01,Điểm thi THPT,2022,15.0,Kinh tế xây dựng (chuyên ngành Quản lý dự án xây dựng)
169574,UTH,quan-ly-du-an-xay-dung,D01,Điểm thi THPT,2022,15.0,Kinh tế xây dựng (chuyên ngành Quản lý dự án xây dựng)
169575,UTH,quan-ly-hang-hai,A00,Điểm học bạ,2022,24.0,Khoa học hàng hải (chuyên ngành Quản lý hàng hải)
169576,UTH,quan-ly-hang-hai,A01,Điểm học bạ,2022,24.0,Khoa học hàng hải (chuyên ngành Quản lý hàng hải)
169577,UTH,quan-ly-hang-hai,D01,Điểm học bạ,2022,24.0,Khoa học hàng hải (chuyên ngành Quản lý hàng hải)
169578,UTH,quan-ly-hang-hai,A00,Điểm thi THPT,2022,15.0,Khoa học hàng hải (chuyên ngành Quản lý hàng hải)
169579,UTH,quan-ly-hang-hai,A01,Điểm thi THPT,2022,15.0,Khoa học hàng hải (chuyên ngành Quản lý hàng hải)
169580,UTH,quan-ly-hang-hai,D01,Điểm thi THPT,2022,15.0,Khoa học hàng hải (chuyên ngành Quản lý hàng hải)
169581,UTH,quan-ly-hang-hai,A00,Điểm học bạ,2023,22.0,Khoa học hàng hải (chuyên ngành Quản lý hàng hải)
169582,UTH,quan-ly-hang-hai,A01,Điểm học bạ,2023,22.0,Khoa học hàng hải (chuyên ngành Quản lý hàng hải)
169583,UTH,quan-ly-hang-hai,D01,Điểm học bạ,2023,22.0,Khoa học hàng hải (chuyên ngành Quản lý hàng hải)
169584,UTH,quan-ly-hang-hai,D07,Điểm học bạ,2023,22.0,Khoa học hàng hải (chuyên ngành Quản lý hàng hải)
169585,UTH,quan-ly-hang-hai,A00,Điểm thi THPT,2023,21.25,Quản lý hàng hải
169586,UTH,quan-ly-hang-hai,A01,Điểm thi THPT,2023,21.25,Quản lý hàng hải
169587,UTH,quan-ly-hang-hai,D01,Điểm thi THPT,2023,21.25,Quản lý hàng hải
169588,UTH,quan-ly-hang-hai,D07,Điểm thi THPT,2023,21.25,Quản lý hàng hải
169589,UTH,quan-ly-hang-hai,A00,Điểm thi THPT,2024,20.0,Khoa học hàng hải (chuyên ngành Quản lý hàng hải) - Chương trình tiên tiến
169590,UTH,quan-ly-hang-hai,A01,Điểm thi THPT,2024,20.0,Khoa học hàng hải (chuyên ngành Quản lý hàng hải) - Chương trình tiên tiến
169591,UTH,quan-ly-hang-hai,D01,Điểm thi THPT,2024,20.0,Khoa học hàng hải (chuyên ngành Quản lý hàng hải) - Chương trình tiên tiến
169592,UTH,quan-ly-hang-hai,D07,Điểm thi THPT,2024,20.0,Khoa học hàng hải (chuyên ngành Quản lý hàng hải) - Chương trình tiên tiến
169593,UTH,quan-ly-hang-hai-clc,A00,Điểm học bạ,2023,19.0,Khoa học hàng hải (chuyên ngành Quản lý hàng hải) - CLC
169594,UTH,quan-ly-hang-hai-clc,A01,Điểm học bạ,2023,19.0,Khoa học hàng hải (chuyên ngành Quản lý hàng hải) - CLC
169595,UTH,quan-ly-hang-hai-clc,D01,Điểm học bạ,2023,19.0,Khoa học hàng hải (chuyên ngành Quản lý hàng hải) - CLC
169596,UTH,quan-ly-hang-hai-clc,D07,Điểm học bạ,2023,19.0,Khoa học hàng hải (chuyên ngành Quản lý hàng hải) - CLC
169597,UTH,quan-ly-va-khai-thac-may-xep-do-xay-dung,A00,Điểm thi THPT,2023,24.75,Quản lý và khai thác Máy xếp dỡ - Xây dựng
169598,UTH,quan-ly-va-khai-thac-may-xep-do-xay-dung,A01,Điểm thi THPT,2023,24.75,Quản lý và khai thác Máy xếp dỡ - Xây dựng
169599,UTH,quan-ly-va-khai-thac-may-xep-do-xay-dung,D01,Điểm thi THPT,2023,24.75,Quản lý và khai thác Máy xếp dỡ - Xây dựng
169600,UTH,quan-ly-va-khai-thac-may-xep-do-xay-dung,D07,Điểm thi THPT,2023,24.75,Quản lý và khai thác Máy xếp dỡ - Xây dựng
169601,UTH,quan-ly-va-khai-thac-may-xep-do-xay-dung-chuyen-nganh-co-khi-tu-dong,A00,Điểm học bạ,2022,24.0,Kỹ thuật cơ khí (chuyên ngành Quản lý và khai thác Máy xếp dỡ - Xây dựng; chuyên ngành Cơ khí tự động)
169602,UTH,quan-ly-va-khai-thac-may-xep-do-xay-dung-chuyen-nganh-co-khi-tu-dong,A01,Điểm học bạ,2022,24.0,Kỹ thuật cơ khí (chuyên ngành Quản lý và khai thác Máy xếp dỡ - Xây dựng; chuyên ngành Cơ khí tự động)
169603,UTH,quan-ly-va-khai-thac-may-xep-do-xay-dung-chuyen-nganh-co-khi-tu-dong,A00,Điểm thi THPT,2022,15.0,Kỹ thuật cơ khí (chuyên ngành Quản lý và khai thác Máy xếp dỡ - Xây dựng; chuyên ngành Cơ khí tự động)
169604,UTH,quan-ly-va-khai-thac-may-xep-do-xay-dung-chuyen-nganh-co-khi-tu-dong,A01,Điểm thi THPT,2022,15.0,Kỹ thuật cơ khí (chuyên ngành Quản lý và khai thác Máy xếp dỡ - Xây dựng; chuyên ngành Cơ khí tự động)
169605,UTH,quan-ly-va-kinh-doanh-van-tai,A00,Điểm học bạ,2022,26.5,Khai thác vận tải (chuyên ngành Quản lý và kinh doanh vận tải)
169606,UTH,quan-ly-va-kinh-doanh-van-tai,A01,Điểm học bạ,2022,26.5,Khai thác vận tải (chuyên ngành Quản lý và kinh doanh vận tải)
169607,UTH,quan-ly-va-kinh-doanh-van-tai,D01,Điểm học bạ,2022,26.5,Khai thác vận tải (chuyên ngành Quản lý và kinh doanh vận tải)
169608,UTH,quan-ly-va-kinh-doanh-van-tai,A00,Điểm thi THPT,2022,15.0,Khai thác vận tải (chuyên ngành Quản lý và kinh doanh vận tải)
169609,UTH,quan-ly-va-kinh-doanh-van-tai,A01,Điểm thi THPT,2022,15.0,Khai thác vận tải (chuyên ngành Quản lý và kinh doanh vận tải)
169610,UTH,quan-ly-va-kinh-doanh-van-tai,D01,Điểm thi THPT,2022,15.0,Khai thác vận tải (chuyên ngành Quản lý và kinh doanh vận tải)
169611,UTH,quan-ly-va-kinh-doanh-van-tai,A00,Điểm học bạ,2023,23.0,Khai thác vận tải (chuyên ngành Quản lý và kinh doanh vận tải)
169612,UTH,quan-ly-va-kinh-doanh-van-tai,A01,Điểm học bạ,2023,23.0,Khai thác vận tải (chuyên ngành Quản lý và kinh doanh vận tải)
169613,UTH,quan-ly-va-kinh-doanh-van-tai,D01,Điểm học bạ,2023,23.0,Khai thác vận tải (chuyên ngành Quản lý và kinh doanh vận tải)
169614,UTH,quan-ly-va-kinh-doanh-van-tai,D07,Điểm học bạ,2023,23.0,Khai thác vận tải (chuyên ngành Quản lý và kinh doanh vận tải)
169615,UTH,quan-ly-va-kinh-doanh-van-tai,A00,Điểm thi THPT,2023,24.75,Quàn lý và kinh doanh vận tải
169616,UTH,quan-ly-va-kinh-doanh-van-tai,A01,Điểm thi THPT,2023,24.75,Quàn lý và kinh doanh vận tải
169617,UTH,quan-ly-va-kinh-doanh-van-tai,D01,Điểm thi THPT,2023,24.75,Quàn lý và kinh doanh vận tải
169618,UTH,quan-ly-va-kinh-doanh-van-tai,D07,Điểm thi THPT,2023,24.75,Quàn lý và kinh doanh vận tải
169619,UTH,quan-ly-va-kinh-doanh-van-tai-clc,A00,Điểm học bạ,2023,21.0,Khai thác vận tải (chuyên ngành Quản lý và kinh doanh vận tải) – CLC
169620,UTH,quan-ly-va-kinh-doanh-van-tai-clc,A01,Điểm học bạ,2023,21.0,Khai thác vận tải (chuyên ngành Quản lý và kinh doanh vận tải) – CLC
169621,UTH,quan-ly-va-kinh-doanh-van-tai-clc,D01,Điểm học bạ,2023,21.0,Khai thác vận tải (chuyên ngành Quản lý và kinh doanh vận tải) – CLC
169622,UTH,quan-ly-va-kinh-doanh-van-tai-clc,D07,Điểm học bạ,2023,21.0,Khai thác vận tải (chuyên ngành Quản lý và kinh doanh vận tải) – CLC
169623,UTH,quan-ly-xay-dung,A00,Điểm học bạ,2023,21.0,Quản lý xây dựng
169624,UTH,quan-ly-xay-dung,A01,Điểm học bạ,2023,21.0,Quản lý xây dựng
169625,UTH,quan-ly-xay-dung,D01,Điểm học bạ,2023,21.0,Quản lý xây dựng
169626,UTH,quan-ly-xay-dung,D07,Điểm học bạ,2023,21.0,Quản lý xây dựng
169627,UTH,quan-ly-xay-dung,A00,Điểm thi THPT,2023,21.0,Quản lý xây dựng
169628,UTH,quan-ly-xay-dung,A01,Điểm thi THPT,2023,21.0,Quản lý xây dựng
169629,UTH,quan-ly-xay-dung,D01,Điểm thi THPT,2023,21.0,Quản lý xây dựng
169630,UTH,quan-ly-xay-dung,D07,Điểm thi THPT,2023,21.0,Quản lý xây dựng
169631,UTH,quan-ly-xay-dung,A00,Điểm thi THPT,2024,19.0,Quản lý xây dựng - Chương trình tiên tiến
169632,UTH,quan-ly-xay-dung,A01,Điểm thi THPT,2024,19.0,Quản lý xây dựng - Chương trình tiên tiến
169633,UTH,quan-ly-xay-dung,D01,Điểm thi THPT,2024,19.0,Quản lý xây dựng - Chương trình tiên tiến
169634,UTH,quan-ly-xay-dung,D07,Điểm thi THPT,2024,19.0,Quản lý xây dựng - Chương trình tiên tiến
169635,UTH,quan-ly-xay-dung-clc,A00,Điểm học bạ,2023,18.0,Quản lý xây dựng - CLC
169636,UTH,quan-ly-xay-dung-clc,A01,Điểm học bạ,2023,18.0,Quản lý xây dựng - CLC
169637,UTH,quan-ly-xay-dung-clc,D01,Điểm học bạ,2023,18.0,Quản lý xây dựng - CLC
169638,UTH,quan-ly-xay-dung-clc,D07,Điểm học bạ,2023,18.0,Quản lý xây dựng - CLC
169639,UTH,quan-tri-logistics-va-van-tai-da-phuong-thuc,A00,Điểm học bạ,2022,28.5,Logistics và Quản lý chuỗi cung ứng (chuyên ngành Quản trị Logistics và vận tải đa phương thức)
169640,UTH,quan-tri-logistics-va-van-tai-da-phuong-thuc,A01,Điểm học bạ,2022,28.5,Logistics và Quản lý chuỗi cung ứng (chuyên ngành Quản trị Logistics và vận tải đa phương thức)
169641,UTH,quan-tri-logistics-va-van-tai-da-phuong-thuc,D01,Điểm học bạ,2022,28.5,Logistics và Quản lý chuỗi cung ứng (chuyên ngành Quản trị Logistics và vận tải đa phương thức)
169642,UTH,quan-tri-logistics-va-van-tai-da-phuong-thuc,A00,Điểm thi THPT,2022,17.0,Logistics và Quản lý chuỗi cung ứng (chuyên ngành Quản trị Logistics và vận tải đa phương thức)
169643,UTH,quan-tri-logistics-va-van-tai-da-phuong-thuc,A01,Điểm thi THPT,2022,17.0,Logistics và Quản lý chuỗi cung ứng (chuyên ngành Quản trị Logistics và vận tải đa phương thức)
169644,UTH,quan-tri-logistics-va-van-tai-da-phuong-thuc,D01,Điểm thi THPT,2022,17.0,Logistics và Quản lý chuỗi cung ứng (chuyên ngành Quản trị Logistics và vận tải đa phương thức)
169645,UTH,quan-tri-logistics-va-van-tai-da-phuong-thuc,A00,Điểm học bạ,2023,25.0,Khai thác vận tải (chuyên ngành Quản trị logistics và vận tải đa phương thức)
169646,UTH,quan-tri-logistics-va-van-tai-da-phuong-thuc,A01,Điểm học bạ,2023,25.0,Khai thác vận tải (chuyên ngành Quản trị logistics và vận tải đa phương thức)
169647,UTH,quan-tri-logistics-va-van-tai-da-phuong-thuc,D01,Điểm học bạ,2023,25.0,Khai thác vận tải (chuyên ngành Quản trị logistics và vận tải đa phương thức)
169648,UTH,quan-tri-logistics-va-van-tai-da-phuong-thuc,D07,Điểm học bạ,2023,25.0,Khai thác vận tải (chuyên ngành Quản trị logistics và vận tải đa phương thức)
169649,UTH,quan-tri-logistics-va-van-tai-da-phuong-thuc,A00,Điểm thi THPT,2023,25.0,Quản trị Logistics và vận tải đa phương thức
169650,UTH,quan-tri-logistics-va-van-tai-da-phuong-thuc,A01,Điểm thi THPT,2023,25.0,Quản trị Logistics và vận tải đa phương thức
169651,UTH,quan-tri-logistics-va-van-tai-da-phuong-thuc,D01,Điểm thi THPT,2023,25.0,Quản trị Logistics và vận tải đa phương thức
169652,UTH,quan-tri-logistics-va-van-tai-da-phuong-thuc,D07,Điểm thi THPT,2023,25.0,Quản trị Logistics và vận tải đa phương thức
169653,UTH,quan-tri-logistics-va-van-tai-da-phuong-thuc,A00,Điểm thi THPT,2024,22.0,Khai thác vận tải (chuyên ngành Quản trị logistics và vận tải đa phương thức) - Chương trình tiên tiến
169654,UTH,quan-tri-logistics-va-van-tai-da-phuong-thuc,A01,Điểm thi THPT,2024,22.0,Khai thác vận tải (chuyên ngành Quản trị logistics và vận tải đa phương thức) - Chương trình tiên tiến
169655,UTH,quan-tri-logistics-va-van-tai-da-phuong-thuc,D01,Điểm thi THPT,2024,22.0,Khai thác vận tải (chuyên ngành Quản trị logistics và vận tải đa phương thức) - Chương trình tiên tiến
169656,UTH,quan-tri-logistics-va-van-tai-da-phuong-thuc,D07,Điểm thi THPT,2024,22.0,Khai thác vận tải (chuyên ngành Quản trị logistics và vận tải đa phương thức) - Chương trình tiên tiến
169657,UTH,quan-tri-logistics-va-van-tai-da-phuong-thuc-chuong-trinh-hoc-hoan-toan-bang-tieng-anh,A00,Điểm học bạ,2023,23.0,Logistics và quản lý chuỗi cung ứng (chuyên ngành Quản trị logistics và vận tải đa phương thức) – chương trình học hoàn toàn bằng tiếng Anh
169658,UTH,quan-tri-logistics-va-van-tai-da-phuong-thuc-chuong-trinh-hoc-hoan-toan-bang-tieng-anh,A01,Điểm học bạ,2023,23.0,Logistics và quản lý chuỗi cung ứng (chuyên ngành Quản trị logistics và vận tải đa phương thức) – chương trình học hoàn toàn bằng tiếng Anh
169659,UTH,quan-tri-logistics-va-van-tai-da-phuong-thuc-chuong-trinh-hoc-hoan-toan-bang-tieng-anh,D01,Điểm học bạ,2023,23.0,Logistics và quản lý chuỗi cung ứng (chuyên ngành Quản trị logistics và vận tải đa phương thức) – chương trình học hoàn toàn bằng tiếng Anh
169660,UTH,quan-tri-logistics-va-van-tai-da-phuong-thuc-chuong-trinh-hoc-hoan-toan-bang-tieng-anh,D07,Điểm học bạ,2023,23.0,Logistics và quản lý chuỗi cung ứng (chuyên ngành Quản trị logistics và vận tải đa phương thức) – chương trình học hoàn toàn bằng tiếng Anh
169661,UTH,quan-tri-logistics-va-van-tai-da-phuong-thuc-clc,A00,Điểm học bạ,2023,23.0,Khai thác vận tải (chuyên ngành Quản trị logistics và vận tải đa phương thức) – CLC
169662,UTH,quan-tri-logistics-va-van-tai-da-phuong-thuc-clc,A01,Điểm học bạ,2023,23.0,Khai thác vận tải (chuyên ngành Quản trị logistics và vận tải đa phương thức) – CLC
169663,UTH,quan-tri-logistics-va-van-tai-da-phuong-thuc-clc,D01,Điểm học bạ,2023,23.0,Khai thác vận tải (chuyên ngành Quản trị logistics và vận tải đa phương thức) – CLC
169664,UTH,quan-tri-logistics-va-van-tai-da-phuong-thuc-clc,D07,Điểm học bạ,2023,23.0,Khai thác vận tải (chuyên ngành Quản trị logistics và vận tải đa phương thức) – CLC
169665,UTH,quan-tri-logistlcs-va-van-tai-da-phuong-thuc,A00,Điểm thi THPT,2023,25.65,Quản trị logistlcs và vận tải đa phương thức
169666,UTH,quan-tri-logistlcs-va-van-tai-da-phuong-thuc,A01,Điểm thi THPT,2023,25.65,Quản trị logistlcs và vận tải đa phương thức
169667,UTH,quan-tri-logistlcs-va-van-tai-da-phuong-thuc,D01,Điểm thi THPT,2023,25.65,Quản trị logistlcs và vận tải đa phương thức
169668,UTH,quan-tri-logistlcs-va-van-tai-da-phuong-thuc,D07,Điểm thi THPT,2023,25.65,Quản trị logistlcs và vận tải đa phương thức
169669,UTH,quan-tri-loglstics-va-van-tai-da-phuong-thuc,A00,Điểm thi THPT,2023,25.65,Quản trị loglstics vá vận tải đa phương thức
169670,UTH,quan-tri-loglstics-va-van-tai-da-phuong-thuc,A01,Điểm thi THPT,2023,25.65,Quản trị loglstics vá vận tải đa phương thức
169671,UTH,quan-tri-loglstics-va-van-tai-da-phuong-thuc,D01,Điểm thi THPT,2023,25.65,Quản trị loglstics vá vận tải đa phương thức
169672,UTH,quan-tri-loglstics-va-van-tai-da-phuong-thuc,D07,Điểm thi THPT,2023,25.65,Quản trị loglstics vá vận tải đa phương thức
169673,UTH,quy-hoach-va-quan-ly-giao-thong,A00,Điểm thi THPT,2023,21.75,Quy hoạch và quản lý giao thông
169674,UTH,quy-hoach-va-quan-ly-giao-thong,A01,Điểm thi THPT,2023,21.75,Quy hoạch và quản lý giao thông
169675,UTH,quy-hoach-va-quan-ly-giao-thong,D01,Điểm thi THPT,2023,21.75,Quy hoạch và quản lý giao thông
169676,UTH,quy-hoach-va-quan-ly-giao-thong,D07,Điểm thi THPT,2023,21.75,Quy hoạch và quản lý giao thông
169677,UTH,quy-hoach-va-quan-ly-giao-thong-logistics-va-ha-tang-giao-thong,A00,Điểm thi THPT,2024,19.0,Công nghệ kỹ thuật giao thông (chuyên ngành Quy hoạch và quản lý giao thông; Logistics và hạ tầng giao thông) - Chương trình tiên tiến
169678,UTH,quy-hoach-va-quan-ly-giao-thong-logistics-va-ha-tang-giao-thong,A01,Điểm thi THPT,2024,19.0,Công nghệ kỹ thuật giao thông (chuyên ngành Quy hoạch và quản lý giao thông; Logistics và hạ tầng giao thông) - Chương trình tiên tiến
169679,UTH,quy-hoach-va-quan-ly-giao-thong-logistics-va-ha-tang-giao-thong,D01,Điểm thi THPT,2024,19.0,Công nghệ kỹ thuật giao thông (chuyên ngành Quy hoạch và quản lý giao thông; Logistics và hạ tầng giao thông) - Chương trình tiên tiến
169680,UTH,quy-hoach-va-quan-ly-giao-thong-logistics-va-ha-tang-giao-thong,D07,Điểm thi THPT,2024,19.0,Công nghệ kỹ thuật giao thông (chuyên ngành Quy hoạch và quản lý giao thông; Logistics và hạ tầng giao thông) - Chương trình tiên tiến
169681,UTH,smart-logistics,A00,Điểm thi THPT,2024,18.0,Công nghệ thông tin (chuyên ngành Smart logistics) - Chương trình tiên tiến
169682,UTH,smart-logistics,A01,Điểm thi THPT,2024,18.0,Công nghệ thông tin (chuyên ngành Smart logistics) - Chương trình tiên tiến
169683,UTH,smart-logistics,D01,Điểm thi THPT,2024,18.0,Công nghệ thông tin (chuyên ngành Smart logistics) - Chương trình tiên tiến
169684,UTH,smart-logistics,D07,Điểm thi THPT,2024,18.0,Công nghệ thông tin (chuyên ngành Smart logistics) - Chương trình tiên tiến
169685,UTH,thiet-ke-noi-that,A00,Điểm học bạ,2023,19.0,Kỹ thuật xây dựng (chuyên ngành Thiết kế nội thất) – chương trình chất lượng cao
169686,UTH,thiet-ke-noi-that,A01,Điểm học bạ,2023,19.0,Kỹ thuật xây dựng (chuyên ngành Thiết kế nội thất) – chương trình chất lượng cao
169687,UTH,thiet-ke-noi-that,D01,Điểm học bạ,2023,19.0,Kỹ thuật xây dựng (chuyên ngành Thiết kế nội thất) – chương trình chất lượng cao
169688,UTH,thiet-ke-noi-that,D07,Điểm học bạ,2023,19.0,Kỹ thuật xây dựng (chuyên ngành Thiết kế nội thất) – chương trình chất lượng cao
169689,UTH,thiet-ke-noi-that,A00,Điểm thi THPT,2023,21.0,Thiết kế nội thất
169690,UTH,thiet-ke-noi-that,A01,Điểm thi THPT,2023,21.0,Thiết kế nội thất
169691,UTH,thiet-ke-noi-that,D01,Điểm thi THPT,2023,21.0,Thiết kế nội thất
169692,UTH,thiet-ke-noi-that,D07,Điểm thi THPT,2023,21.0,Thiết kế nội thất
169693,UTH,thiet-ke-noi-that-clc,A00,Điểm học bạ,2023,18.0,Kỹ thuật xây dựng (chuyên ngành Thiết kế nội thất) - CLC
169694,UTH,thiet-ke-noi-that-clc,A01,Điểm học bạ,2023,18.0,Kỹ thuật xây dựng (chuyên ngành Thiết kế nội thất) - CLC
169695,UTH,thiet-ke-noi-that-clc,D01,Điểm học bạ,2023,18.0,Kỹ thuật xây dựng (chuyên ngành Thiết kế nội thất) - CLC
169696,UTH,thiet-ke-noi-that-clc,D07,Điểm học bạ,2023,18.0,Kỹ thuật xây dựng (chuyên ngành Thiết kế nội thất) - CLC
169697,UTH,tieng-anh-thuong-mai-logistics-va-van-tai-quoc-te-chuong-trinh-hoc-hoan-toan-bang-tieng-anh,A01,Điểm thi THPT,2024,16.5,Ngôn ngữ Anh (chuyên ngành Tiếng Anh thương mại; logistics và vận tải quốc tế) - Chương trình học hoàn toàn bằng tiếng Anh
169698,UTH,tieng-anh-thuong-mai-logistics-va-van-tai-quoc-te-chuong-trinh-hoc-hoan-toan-bang-tieng-anh,D01,Điểm thi THPT,2024,16.5,Ngôn ngữ Anh (chuyên ngành Tiếng Anh thương mại; logistics và vận tải quốc tế) - Chương trình học hoàn toàn bằng tiếng Anh
169699,UTH,tieng-anh-thuong-mai-logistics-va-van-tai-quoc-te-chuong-trinh-hoc-hoan-toan-bang-tieng-anh,D14,Điểm thi THPT,2024,16.5,Ngôn ngữ Anh (chuyên ngành Tiếng Anh thương mại; logistics và vận tải quốc tế) - Chương trình học hoàn toàn bằng tiếng Anh
169700,UTH,tieng-anh-thuong-mai-logistics-va-van-tai-quoc-te-chuong-trinh-hoc-hoan-toan-bang-tieng-anh,D15,Điểm thi THPT,2024,16.5,Ngôn ngữ Anh (chuyên ngành Tiếng Anh thương mại; logistics và vận tải quốc tế) - Chương trình học hoàn toàn bằng tiếng Anh
169701,UTH,tu-dong-hoa-cong-nghiep,A00,Điểm học bạ,2022,25.5,Kỹ thuật điều khiển và tự động hóa (chuyên ngành Tự động hóa công nghiệp)
169702,UTH,tu-dong-hoa-cong-nghiep,A01,Điểm học bạ,2022,25.5,Kỹ thuật điều khiển và tự động hóa (chuyên ngành Tự động hóa công nghiệp)
169703,UTH,tu-dong-hoa-cong-nghiep,A00,Điểm thi THPT,2022,15.0,Kỹ thuật điều khiển và tự động hóa (chuyên ngành Tự động hóa công nghiệp)
169704,UTH,tu-dong-hoa-cong-nghiep,A01,Điểm thi THPT,2022,15.0,Kỹ thuật điều khiển và tự động hóa (chuyên ngành Tự động hóa công nghiệp)
169705,UTH,tu-dong-hoa-cong-nghiep,A00,Điểm thi THPT,2023,25.0,Tự đông hoá cống nghiệp
169706,UTH,tu-dong-hoa-cong-nghiep,A01,Điểm thi THPT,2023,25.0,Tự đông hoá cống nghiệp
169707,UTH,tu-dong-hoa-cong-nghiep,D01,Điểm thi THPT,2023,25.0,Tự đông hoá cống nghiệp
169708,UTH,tu-dong-hoa-cong-nghiep,D07,Điểm thi THPT,2023,25.0,Tự đông hoá cống nghiệp
169709,UTH,xay-dung-cau-duong,A00,Điểm học bạ,2022,18.0,Kỹ thuật xây dựng công trình giao thông (chuyên ngành Xây dựng cầu đường) - chương trình chất lượng cao
169710,UTH,xay-dung-cau-duong,A01,Điểm học bạ,2022,18.0,Kỹ thuật xây dựng công trình giao thông (chuyên ngành Xây dựng cầu đường) - chương trình chất lượng cao
169711,UTH,xay-dung-cau-duong,A00,Điểm thi THPT,2022,15.0,Kỹ thuật xây dựng công trình giao thông (chuyên ngành Xây dựng cầu đường) - chương trình chất lượng cao
169712,UTH,xay-dung-cau-duong,A01,Điểm thi THPT,2022,15.0,Kỹ thuật xây dựng công trình giao thông (chuyên ngành Xây dựng cầu đường) - chương trình chất lượng cao
169713,UTH,xay-dung-cau-duong,A00,Điểm thi THPT,2023,17.5,Xây dựng cầu đường
169714,UTH,xay-dung-cau-duong,A01,Điểm thi THPT,2023,17.5,Xây dựng cầu đường
169715,UTH,xay-dung-cau-duong,D01,Điểm thi THPT,2023,17.5,Xây dựng cầu đường
169716,UTH,xay-dung-cau-duong,D07,Điểm thi THPT,2023,17.5,Xây dựng cầu đường
169717,UTH,xay-dung-cau-duong-clc,A00,Điểm học bạ,2023,18.0,Kỹ thuật xây dựng công trình giao thông (chuyên ngành Xây dựng cầu đường) - CLC
169718,UTH,xay-dung-cau-duong-clc,A01,Điểm học bạ,2023,18.0,Kỹ thuật xây dựng công trình giao thông (chuyên ngành Xây dựng cầu đường) - CLC
169719,UTH,xay-dung-cau-duong-clc,D01,Điểm học bạ,2023,18.0,Kỹ thuật xây dựng công trình giao thông (chuyên ngành Xây dựng cầu đường) - CLC
169720,UTH,xay-dung-cau-duong-clc,D07,Điểm học bạ,2023,18.0,Kỹ thuật xây dựng công trình giao thông (chuyên ngành Xây dựng cầu đường) - CLC
169721,UTH,xay-dung-cau-duong-xay-dung-duong-bo-xay-dung-cong-trinh-giao-thong-do-thi-quy-hoach-va-quan-ly-giao-thong-logistics-va-ha-tang-giao-thong,A00,Điểm học bạ,2023,18.5,Kỹ thuật xây dựng công trình giao thông (chuyên ngành Xây dựng cầu đường; Xây dựng đường bộ; Xây dựng công trình giao thông đô thị; Quy hoạch và quản lý giao thông; Logistics và hạ tầng giao thông)
169722,UTH,xay-dung-cau-duong-xay-dung-duong-bo-xay-dung-cong-trinh-giao-thong-do-thi-quy-hoach-va-quan-ly-giao-thong-logistics-va-ha-tang-giao-thong,A01,Điểm học bạ,2023,18.5,Kỹ thuật xây dựng công trình giao thông (chuyên ngành Xây dựng cầu đường; Xây dựng đường bộ; Xây dựng công trình giao thông đô thị; Quy hoạch và quản lý giao thông; Logistics và hạ tầng giao thông)
169723,UTH,xay-dung-cau-duong-xay-dung-duong-bo-xay-dung-cong-trinh-giao-thong-do-thi-quy-hoach-va-quan-ly-giao-thong-logistics-va-ha-tang-giao-thong,D01,Điểm học bạ,2023,18.5,Kỹ thuật xây dựng công trình giao thông (chuyên ngành Xây dựng cầu đường; Xây dựng đường bộ; Xây dựng công trình giao thông đô thị; Quy hoạch và quản lý giao thông; Logistics và hạ tầng giao thông)
169724,UTH,xay-dung-cau-duong-xay-dung-duong-bo-xay-dung-cong-trinh-giao-thong-do-thi-quy-hoach-va-quan-ly-giao-thong-logistics-va-ha-tang-giao-thong,D07,Điểm học bạ,2023,18.5,Kỹ thuật xây dựng công trình giao thông (chuyên ngành Xây dựng cầu đường; Xây dựng đường bộ; Xây dựng công trình giao thông đô thị; Quy hoạch và quản lý giao thông; Logistics và hạ tầng giao thông)
169725,UTH,xay-dung-cong-trinh-giao-thong-do-thi,A00,Điểm thi THPT,2023,21.75,Xây dựng công trình giao thông đô thị
169726,UTH,xay-dung-cong-trinh-giao-thong-do-thi,A01,Điểm thi THPT,2023,21.75,Xây dựng công trình giao thông đô thị
169727,UTH,xay-dung-cong-trinh-giao-thong-do-thi,D01,Điểm thi THPT,2023,21.75,Xây dựng công trình giao thông đô thị
169728,UTH,xay-dung-cong-trinh-giao-thong-do-thi,D07,Điểm thi THPT,2023,21.75,Xây dựng công trình giao thông đô thị
169729,UTH,xay-dung-dan-dung-va-cong-nghiep,A00,Điểm thi THPT,2023,21.0,Xây dựng dân dụng và công nghiệp
169730,UTH,xay-dung-dan-dung-va-cong-nghiep,A01,Điểm thi THPT,2023,21.0,Xây dựng dân dụng và công nghiệp
169731,UTH,xay-dung-dan-dung-va-cong-nghiep,D01,Điểm thi THPT,2023,21.0,Xây dựng dân dụng và công nghiệp
169732,UTH,xay-dung-dan-dung-va-cong-nghiep,D07,Điểm thi THPT,2023,21.0,Xây dựng dân dụng và công nghiệp
169733,UTH,xay-dung-dan-dung-va-cong-nghiep-chuyen-nganh-ky-thuat-ket-noi-cong-trinh-chuyen-nganh-ky-thuat-nen-mong-va-cong-trinh-ngam,A00,Điểm học bạ,2022,20.0,Kỹ thuật xây dựng (chuyên ngành Xây dựng dân dụng và công nghiệp; chuyên ngành Kỹ thuật kết nối công trình; chuyên ngành Kỹ thuật nền móng và công trình ngầm)
169734,UTH,xay-dung-dan-dung-va-cong-nghiep-chuyen-nganh-ky-thuat-ket-noi-cong-trinh-chuyen-nganh-ky-thuat-nen-mong-va-cong-trinh-ngam,A01,Điểm học bạ,2022,20.0,Kỹ thuật xây dựng (chuyên ngành Xây dựng dân dụng và công nghiệp; chuyên ngành Kỹ thuật kết nối công trình; chuyên ngành Kỹ thuật nền móng và công trình ngầm)
169735,UTH,xay-dung-dan-dung-va-cong-nghiep-chuyen-nganh-ky-thuat-ket-noi-cong-trinh-chuyen-nganh-ky-thuat-nen-mong-va-cong-trinh-ngam,A00,Điểm thi THPT,2022,15.0,Kỹ thuật xây dựng (chuyên ngành Xây dựng dân dụng và công nghiệp; chuyên ngành Kỹ thuật kết nối công trình; chuyên ngành Kỹ thuật nền móng và công trình ngầm)
169736,UTH,xay-dung-dan-dung-va-cong-nghiep-chuyen-nganh-ky-thuat-ket-noi-cong-trinh-chuyen-nganh-ky-thuat-nen-mong-va-cong-trinh-ngam,A01,Điểm thi THPT,2022,15.0,Kỹ thuật xây dựng (chuyên ngành Xây dựng dân dụng và công nghiệp; chuyên ngành Kỹ thuật kết nối công trình; chuyên ngành Kỹ thuật nền móng và công trình ngầm)
169737,UTH,xay-dung-dan-dung-va-cong-nghiep-clc,A00,Điểm học bạ,2023,18.0,Kỹ thuật xây dựng (chuyên ngành Xây dựng dân dụng và công nghiệp) - CLC
169738,UTH,xay-dung-dan-dung-va-cong-nghiep-clc,A01,Điểm học bạ,2023,18.0,Kỹ thuật xây dựng (chuyên ngành Xây dựng dân dụng và công nghiệp) - CLC
169739,UTH,xay-dung-dan-dung-va-cong-nghiep-clc,D01,Điểm học bạ,2023,18.0,Kỹ thuật xây dựng (chuyên ngành Xây dựng dân dụng và công nghiệp) - CLC
169740,UTH,xay-dung-dan-dung-va-cong-nghiep-clc,D07,Điểm học bạ,2023,18.0,Kỹ thuật xây dựng (chuyên ngành Xây dựng dân dụng và công nghiệp) - CLC
169741,UTH,xay-dung-dan-dung-va-cong-nghiep-ky-thuat-ket-cau-cong-trinh-ky-thuat-nen-mong-va-cong-trinh-ngam-thiet-ke-noi-that,A00,Điểm học bạ,2023,20.0,Kỹ thuật xây dựng (chuyên ngành Xây dựng dân dụng và công nghiệp; Kỹ thuật kết cấu công trình; Kỹ thuật nền móng và công trình ngầm; Thiết kế nội thất)
169742,UTH,xay-dung-dan-dung-va-cong-nghiep-ky-thuat-ket-cau-cong-trinh-ky-thuat-nen-mong-va-cong-trinh-ngam-thiet-ke-noi-that,A01,Điểm học bạ,2023,20.0,Kỹ thuật xây dựng (chuyên ngành Xây dựng dân dụng và công nghiệp; Kỹ thuật kết cấu công trình; Kỹ thuật nền móng và công trình ngầm; Thiết kế nội thất)
169743,UTH,xay-dung-dan-dung-va-cong-nghiep-ky-thuat-ket-cau-cong-trinh-ky-thuat-nen-mong-va-cong-trinh-ngam-thiet-ke-noi-that,D01,Điểm học bạ,2023,20.0,Kỹ thuật xây dựng (chuyên ngành Xây dựng dân dụng và công nghiệp; Kỹ thuật kết cấu công trình; Kỹ thuật nền móng và công trình ngầm; Thiết kế nội thất)
169744,UTH,xay-dung-dan-dung-va-cong-nghiep-ky-thuat-ket-cau-cong-trinh-ky-thuat-nen-mong-va-cong-trinh-ngam-thiet-ke-noi-that,D07,Điểm học bạ,2023,20.0,Kỹ thuật xây dựng (chuyên ngành Xây dựng dân dụng và công nghiệp; Kỹ thuật kết cấu công trình; Kỹ thuật nền móng và công trình ngầm; Thiết kế nội thất)
169745,UTH,xay-dung-duong-bo,A00,Điểm thi THPT,2023,21.75,Xây dựng đường bộ
169746,UTH,xay-dung-duong-bo,A01,Điểm thi THPT,2023,21.75,Xây dựng đường bộ
169747,UTH,xay-dung-duong-bo,D01,Điểm thi THPT,2023,21.75,Xây dựng đường bộ
169748,UTH,xay-dung-duong-bo,D07,Điểm thi THPT,2023,21.75,Xây dựng đường bộ
169749,UTH,xay-dung-duong-bo-chuyen-nganh-xay-dung-cong-trinh-giao-thong-do-thi-chuyen-nganh-quy-hoach-va-quan-ly-giao-thong,A00,Điểm học bạ,2022,18.5,Kỹ thuật xây dựng công trình giao thông (Xây dựng cầu đường; chuyên ngành Xây dựng đường bộ; chuyên ngành Xây dựng công trình giao thông đô thị; chuyên ngành Quy hoạch và quản lý giao thông)
169750,UTH,xay-dung-duong-bo-chuyen-nganh-xay-dung-cong-trinh-giao-thong-do-thi-chuyen-nganh-quy-hoach-va-quan-ly-giao-thong,A01,Điểm học bạ,2022,18.5,Kỹ thuật xây dựng công trình giao thông (Xây dựng cầu đường; chuyên ngành Xây dựng đường bộ; chuyên ngành Xây dựng công trình giao thông đô thị; chuyên ngành Quy hoạch và quản lý giao thông)
169751,UTH,xay-dung-duong-bo-chuyen-nganh-xay-dung-cong-trinh-giao-thong-do-thi-chuyen-nganh-quy-hoach-va-quan-ly-giao-thong,A00,Điểm thi THPT,2022,15.0,Kỹ thuật xây dựng công trình giao thông (Xây dựng cầu đường; chuyên ngành Xây dựng đường bộ; chuyên ngành Xây dựng công trình giao thông đô thị; chuyên ngành Quy hoạch và quản lý giao thông)
169752,UTH,xay-dung-duong-bo-chuyen-nganh-xay-dung-cong-trinh-giao-thong-do-thi-chuyen-nganh-quy-hoach-va-quan-ly-giao-thong,A01,Điểm thi THPT,2022,15.0,Kỹ thuật xây dựng công trình giao thông (Xây dựng cầu đường; chuyên ngành Xây dựng đường bộ; chuyên ngành Xây dựng công trình giao thông đô thị; chuyên ngành Quy hoạch và quản lý giao thông)
169753,UTH,xay-dung-va-quan-ly-cang-cong-trinh-giao-thong-thuy,A00,Điểm học bạ,2022,18.0,Kỹ thuật xây dựng công trình thủy (chuyên ngành Xây dựng và quản lý cảng - công trình giao thông thủy)
169754,UTH,xay-dung-va-quan-ly-cang-cong-trinh-giao-thong-thuy,A01,Điểm học bạ,2022,18.0,Kỹ thuật xây dựng công trình thủy (chuyên ngành Xây dựng và quản lý cảng - công trình giao thông thủy)
169755,UTH,xay-dung-va-quan-ly-cang-cong-trinh-giao-thong-thuy,A00,Điểm thi THPT,2022,15.0,Kỹ thuật xây dựng công trình thủy (chuyên ngành Xây dựng và quản lý cảng - công trình giao thông thủy)
169756,UTH,xay-dung-va-quan-ly-cang-cong-trinh-giao-thong-thuy,A01,Điểm thi THPT,2022,15.0,Kỹ thuật xây dựng công trình thủy (chuyên ngành Xây dựng và quản lý cảng - công trình giao thông thủy)
169757,UTH,xay-dung-va-quan-ly-cang-cong-trinh-giao-thong-thuy,A00,Điểm học bạ,2023,19.0,Kỹ thuật xây dựng công trình thủy (chuyên ngành Xây dựng và quản lý cảng – công trình giao thông thủy)
169758,UTH,xay-dung-va-quan-ly-cang-cong-trinh-giao-thong-thuy,A01,Điểm học bạ,2023,19.0,Kỹ thuật xây dựng công trình thủy (chuyên ngành Xây dựng và quản lý cảng – công trình giao thông thủy)
169759,UTH,xay-dung-va-quan-ly-cang-cong-trinh-giao-thong-thuy,D01,Điểm học bạ,2023,19.0,Kỹ thuật xây dựng công trình thủy (chuyên ngành Xây dựng và quản lý cảng – công trình giao thông thủy)
169760,UTH,xay-dung-va-quan-ly-cang-cong-trinh-giao-thong-thuy,D07,Điểm học bạ,2023,19.0,Kỹ thuật xây dựng công trình thủy (chuyên ngành Xây dựng và quản lý cảng – công trình giao thông thủy)
169761,UTH,xay-dung-va-quan-ly-cang-cong-trinh-giao-thong-thuy,A00,Điểm thi THPT,2023,17.0,Xây dựng và quản lý cảng - công trình giao thông thủy
169762,UTH,xay-dung-va-quan-ly-cang-cong-trinh-giao-thong-thuy,A01,Điểm thi THPT,2023,17.0,Xây dựng và quản lý cảng - công trình giao thông thủy
169763,UTH,xay-dung-va-quan-ly-cang-cong-trinh-giao-thong-thuy,D01,Điểm thi THPT,2023,17.0,Xây dựng và quản lý cảng - công trình giao thông thủy
169764,UTH,xay-dung-va-quan-ly-cang-cong-trinh-giao-thong-thuy,D07,Điểm thi THPT,2023,17.0,Xây dựng và quản lý cảng - công trình giao thông thủy
169765,VGU,khoa-hoc-may-tinh,A00,Điểm thi THPT,2021,23.0,Khoa học máy tính (CSE)
169766,VGU,khoa-hoc-may-tinh,A01,Điểm thi THPT,2021,23.0,Khoa học máy tính (CSE)
169767,VGU,khoa-hoc-may-tinh,D07,Điểm thi THPT,2021,23.0,Khoa học máy tính (CSE)
169768,VGU,khoa-hoc-may-tinh,A00,Điểm học bạ,2022,8.0,Khoa học máy tính (CSE)
169769,VGU,khoa-hoc-may-tinh,A01,Điểm học bạ,2022,8.0,Khoa học máy tính (CSE)
169770,VGU,khoa-hoc-may-tinh,D07,Điểm học bạ,2022,8.0,Khoa học máy tính (CSE)
169771,VGU,khoa-hoc-may-tinh,A00,Điểm thi THPT,2022,23.0,Khoa học máy tính (CSE)
169772,VGU,khoa-hoc-may-tinh,A01,Điểm thi THPT,2022,23.0,Khoa học máy tính (CSE)
169773,VGU,khoa-hoc-may-tinh,D07,Điểm thi THPT,2022,23.0,Khoa học máy tính (CSE)
169774,VGU,khoa-hoc-may-tinh,A00,Điểm học bạ,2023,8.0,Khoa học máy tính (CSE)
169775,VGU,khoa-hoc-may-tinh,A01,Điểm học bạ,2023,8.0,Khoa học máy tính (CSE)
169776,VGU,khoa-hoc-may-tinh,D07,Điểm học bạ,2023,8.0,Khoa học máy tính (CSE)
169777,VGU,khoa-hoc-may-tinh,A00,Điểm thi THPT,2023,22.0,Khoa học máy tính (CSE)
169778,VGU,khoa-hoc-may-tinh,A01,Điểm thi THPT,2023,22.0,Khoa học máy tính (CSE)
169779,VGU,khoa-hoc-may-tinh,D07,Điểm thi THPT,2023,22.0,Khoa học máy tính (CSE)
169780,VGU,khoa-hoc-may-tinh,A00,Điểm học bạ,2024,8.0,Khoa học máy tính (CSE)
169781,VGU,khoa-hoc-may-tinh,A01,Điểm học bạ,2024,8.0,Khoa học máy tính (CSE)
169782,VGU,khoa-hoc-may-tinh,D07,Điểm học bạ,2024,8.0,Khoa học máy tính (CSE)
169783,VGU,khoa-hoc-may-tinh,D26,Điểm học bạ,2024,8.0,Khoa học máy tính (CSE)
169784,VGU,khoa-hoc-may-tinh,A00,Điểm thi THPT,2024,22.0,Khoa học máy tính (CSE)
169785,VGU,khoa-hoc-may-tinh,A01,Điểm thi THPT,2024,22.0,Khoa học máy tính (CSE)
169786,VGU,khoa-hoc-may-tinh,D07,Điểm thi THPT,2024,22.0,Khoa học máy tính (CSE)
169787,VGU,khoa-hoc-may-tinh,D26,Điểm thi THPT,2024,22.0,Khoa học máy tính (CSE)
169788,VGU,khoa-hoc-may-tinh,A00,Điểm học bạ,2025,21.0,Khoa học máy tính (CSE)
169789,VGU,khoa-hoc-may-tinh,A01,Điểm học bạ,2025,21.0,Khoa học máy tính (CSE)
169790,VGU,khoa-hoc-may-tinh,A02,Điểm học bạ,2025,21.0,Khoa học máy tính (CSE)
169791,VGU,khoa-hoc-may-tinh,A03,Điểm học bạ,2025,21.0,Khoa học máy tính (CSE)
169792,VGU,khoa-hoc-may-tinh,A04,Điểm học bạ,2025,21.0,Khoa học máy tính (CSE)
169793,VGU,khoa-hoc-may-tinh,A05,Điểm học bạ,2025,21.0,Khoa học máy tính (CSE)
169794,VGU,khoa-hoc-may-tinh,A06,Điểm học bạ,2025,21.0,Khoa học máy tính (CSE)
169795,VGU,khoa-hoc-may-tinh,B00,Điểm học bạ,2025,21.0,Khoa học máy tính (CSE)
169796,VGU,khoa-hoc-may-tinh,B02,Điểm học bạ,2025,21.0,Khoa học máy tính (CSE)
169797,VGU,khoa-hoc-may-tinh,B03,Điểm học bạ,2025,21.0,Khoa học máy tính (CSE)
169798,VGU,khoa-hoc-may-tinh,B08,Điểm học bạ,2025,21.0,Khoa học máy tính (CSE)
169799,VGU,khoa-hoc-may-tinh,C01,Điểm học bạ,2025,21.0,Khoa học máy tính (CSE)
169800,VGU,khoa-hoc-may-tinh,C02,Điểm học bạ,2025,21.0,Khoa học máy tính (CSE)
169801,VGU,khoa-hoc-may-tinh,D01,Điểm học bạ,2025,21.0,Khoa học máy tính (CSE)
169802,VGU,khoa-hoc-may-tinh,D07,Điểm học bạ,2025,21.0,Khoa học máy tính (CSE)
169803,VGU,khoa-hoc-may-tinh,D08,Điểm học bạ,2025,21.0,Khoa học máy tính (CSE)
169804,VGU,khoa-hoc-may-tinh,D21,Điểm học bạ,2025,21.0,Khoa học máy tính (CSE)
169805,VGU,khoa-hoc-may-tinh,D22,Điểm học bạ,2025,21.0,Khoa học máy tính (CSE)
169806,VGU,khoa-hoc-may-tinh,D23,Điểm học bạ,2025,21.0,Khoa học máy tính (CSE)
169807,VGU,khoa-hoc-may-tinh,D24,Điểm học bạ,2025,21.0,Khoa học máy tính (CSE)
169808,VGU,khoa-hoc-may-tinh,D25,Điểm học bạ,2025,21.0,Khoa học máy tính (CSE)
169809,VGU,khoa-hoc-may-tinh,D26,Điểm học bạ,2025,21.0,Khoa học máy tính (CSE)
169810,VGU,khoa-hoc-may-tinh,D27,Điểm học bạ,2025,21.0,Khoa học máy tính (CSE)
169811,VGU,khoa-hoc-may-tinh,D28,Điểm học bạ,2025,21.0,Khoa học máy tính (CSE)
169812,VGU,khoa-hoc-may-tinh,D29,Điểm học bạ,2025,21.0,Khoa học máy tính (CSE)
169813,VGU,khoa-hoc-may-tinh,D30,Điểm học bạ,2025,21.0,Khoa học máy tính (CSE)
169814,VGU,khoa-hoc-may-tinh,D31,Điểm học bạ,2025,21.0,Khoa học máy tính (CSE)
169815,VGU,khoa-hoc-may-tinh,D32,Điểm học bạ,2025,21.0,Khoa học máy tính (CSE)
169816,VGU,khoa-hoc-may-tinh,D33,Điểm học bạ,2025,21.0,Khoa học máy tính (CSE)
169817,VGU,khoa-hoc-may-tinh,D34,Điểm học bạ,2025,21.0,Khoa học máy tính (CSE)
169818,VGU,khoa-hoc-may-tinh,D35,Điểm học bạ,2025,21.0,Khoa học máy tính (CSE)
169819,VGU,khoa-hoc-may-tinh,X05,Điểm học bạ,2025,21.0,Khoa học máy tính (CSE)
169820,VGU,khoa-hoc-may-tinh,X06,Điểm học bạ,2025,21.0,Khoa học máy tính (CSE)
169821,VGU,khoa-hoc-may-tinh,X07,Điểm học bạ,2025,21.0,Khoa học máy tính (CSE)
169822,VGU,khoa-hoc-may-tinh,X08,Điểm học bạ,2025,21.0,Khoa học máy tính (CSE)
169823,VGU,khoa-hoc-may-tinh,X09,Điểm học bạ,2025,21.0,Khoa học máy tính (CSE)
169824,VGU,khoa-hoc-may-tinh,X13,Điểm học bạ,2025,21.0,Khoa học máy tính (CSE)
169825,VGU,khoa-hoc-may-tinh,X14,Điểm học bạ,2025,21.0,Khoa học máy tính (CSE)
169826,VGU,khoa-hoc-may-tinh,X15,Điểm học bạ,2025,21.0,Khoa học máy tính (CSE)
169827,VGU,khoa-hoc-may-tinh,X16,Điểm học bạ,2025,21.0,Khoa học máy tính (CSE)
169828,VGU,khoa-hoc-may-tinh,X25,Điểm học bạ,2025,21.0,Khoa học máy tính (CSE)
169829,VGU,khoa-hoc-may-tinh,X26,Điểm học bạ,2025,21.0,Khoa học máy tính (CSE)
169830,VGU,khoa-hoc-may-tinh,X27,Điểm học bạ,2025,21.0,Khoa học máy tính (CSE)
169831,VGU,khoa-hoc-may-tinh,X28,Điểm học bạ,2025,21.0,Khoa học máy tính (CSE)
169832,VGU,khoa-hoc-may-tinh,A00,Điểm thi THPT,2025,21.0,Khoa học máy tính (CSE)
169833,VGU,khoa-hoc-may-tinh,A01,Điểm thi THPT,2025,21.0,Khoa học máy tính (CSE)
169834,VGU,khoa-hoc-may-tinh,A02,Điểm thi THPT,2025,21.0,Khoa học máy tính (CSE)
169835,VGU,khoa-hoc-may-tinh,A03,Điểm thi THPT,2025,21.0,Khoa học máy tính (CSE)
169836,VGU,khoa-hoc-may-tinh,A04,Điểm thi THPT,2025,21.0,Khoa học máy tính (CSE)
169837,VGU,khoa-hoc-may-tinh,A05,Điểm thi THPT,2025,21.0,Khoa học máy tính (CSE)
169838,VGU,khoa-hoc-may-tinh,A06,Điểm thi THPT,2025,21.0,Khoa học máy tính (CSE)
169839,VGU,khoa-hoc-may-tinh,B00,Điểm thi THPT,2025,21.0,Khoa học máy tính (CSE)
169840,VGU,khoa-hoc-may-tinh,B02,Điểm thi THPT,2025,21.0,Khoa học máy tính (CSE)
169841,VGU,khoa-hoc-may-tinh,B03,Điểm thi THPT,2025,21.0,Khoa học máy tính (CSE)
169842,VGU,khoa-hoc-may-tinh,B08,Điểm thi THPT,2025,21.0,Khoa học máy tính (CSE)
169843,VGU,khoa-hoc-may-tinh,C01,Điểm thi THPT,2025,21.0,Khoa học máy tính (CSE)
169844,VGU,khoa-hoc-may-tinh,C02,Điểm thi THPT,2025,21.0,Khoa học máy tính (CSE)
169845,VGU,khoa-hoc-may-tinh,D01,Điểm thi THPT,2025,21.0,Khoa học máy tính (CSE)
169846,VGU,khoa-hoc-may-tinh,D07,Điểm thi THPT,2025,21.0,Khoa học máy tính (CSE)
169847,VGU,khoa-hoc-may-tinh,D08,Điểm thi THPT,2025,21.0,Khoa học máy tính (CSE)
169848,VGU,khoa-hoc-may-tinh,D21,Điểm thi THPT,2025,21.0,Khoa học máy tính (CSE)
169849,VGU,khoa-hoc-may-tinh,D22,Điểm thi THPT,2025,21.0,Khoa học máy tính (CSE)
169850,VGU,khoa-hoc-may-tinh,D23,Điểm thi THPT,2025,21.0,Khoa học máy tính (CSE)
169851,VGU,khoa-hoc-may-tinh,D24,Điểm thi THPT,2025,21.0,Khoa học máy tính (CSE)
169852,VGU,khoa-hoc-may-tinh,D25,Điểm thi THPT,2025,21.0,Khoa học máy tính (CSE)
169853,VGU,khoa-hoc-may-tinh,D26,Điểm thi THPT,2025,21.0,Khoa học máy tính (CSE)
169854,VGU,khoa-hoc-may-tinh,D27,Điểm thi THPT,2025,21.0,Khoa học máy tính (CSE)
169855,VGU,khoa-hoc-may-tinh,D28,Điểm thi THPT,2025,21.0,Khoa học máy tính (CSE)
169856,VGU,khoa-hoc-may-tinh,D29,Điểm thi THPT,2025,21.0,Khoa học máy tính (CSE)
169857,VGU,khoa-hoc-may-tinh,D30,Điểm thi THPT,2025,21.0,Khoa học máy tính (CSE)
169858,VGU,khoa-hoc-may-tinh,D31,Điểm thi THPT,2025,21.0,Khoa học máy tính (CSE)
169859,VGU,khoa-hoc-may-tinh,D32,Điểm thi THPT,2025,21.0,Khoa học máy tính (CSE)
169860,VGU,khoa-hoc-may-tinh,D33,Điểm thi THPT,2025,21.0,Khoa học máy tính (CSE)
169861,VGU,khoa-hoc-may-tinh,D34,Điểm thi THPT,2025,21.0,Khoa học máy tính (CSE)
169862,VGU,khoa-hoc-may-tinh,D35,Điểm thi THPT,2025,21.0,Khoa học máy tính (CSE)
169863,VGU,khoa-hoc-may-tinh,X05,Điểm thi THPT,2025,21.0,Khoa học máy tính (CSE)
169864,VGU,khoa-hoc-may-tinh,X06,Điểm thi THPT,2025,21.0,Khoa học máy tính (CSE)
169865,VGU,khoa-hoc-may-tinh,X07,Điểm thi THPT,2025,21.0,Khoa học máy tính (CSE)
169866,VGU,khoa-hoc-may-tinh,X08,Điểm thi THPT,2025,21.0,Khoa học máy tính (CSE)
169867,VGU,khoa-hoc-may-tinh,X09,Điểm thi THPT,2025,21.0,Khoa học máy tính (CSE)
169868,VGU,khoa-hoc-may-tinh,X13,Điểm thi THPT,2025,21.0,Khoa học máy tính (CSE)
169869,VGU,khoa-hoc-may-tinh,X14,Điểm thi THPT,2025,21.0,Khoa học máy tính (CSE)
169870,VGU,khoa-hoc-may-tinh,X15,Điểm thi THPT,2025,21.0,Khoa học máy tính (CSE)
169871,VGU,khoa-hoc-may-tinh,X16,Điểm thi THPT,2025,21.0,Khoa học máy tính (CSE)
169872,VGU,khoa-hoc-may-tinh,X25,Điểm thi THPT,2025,21.0,Khoa học máy tính (CSE)
169873,VGU,khoa-hoc-may-tinh,X26,Điểm thi THPT,2025,21.0,Khoa học máy tính (CSE)
169874,VGU,khoa-hoc-may-tinh,X27,Điểm thi THPT,2025,21.0,Khoa học máy tính (CSE)
169875,VGU,khoa-hoc-may-tinh,X28,Điểm thi THPT,2025,21.0,Khoa học máy tính (CSE)
169876,VGU,kien-truc,A00,Điểm thi THPT,2021,20.0,Kiến trúc (ARC)
169877,VGU,kien-truc,A01,Điểm thi THPT,2021,20.0,Kiến trúc (ARC)
169878,VGU,kien-truc,V00,Điểm thi THPT,2021,20.0,Kiến trúc (ARC)
169879,VGU,kien-truc,V02,Điểm thi THPT,2021,20.0,Kiến trúc (ARC)
169880,VGU,kien-truc,A00,Điểm học bạ,2022,7.5,Kiến trúc (ARC)
169881,VGU,kien-truc,A01,Điểm học bạ,2022,7.5,Kiến trúc (ARC)
169882,VGU,kien-truc,B00,Điểm học bạ,2022,7.5,Kiến trúc (ARC)
169883,VGU,kien-truc,D07,Điểm học bạ,2022,7.5,Kiến trúc (ARC)
169884,VGU,kien-truc,A00,Điểm thi THPT,2022,20.0,Kiến trúc (ARC)
169885,VGU,kien-truc,A01,Điểm thi THPT,2022,20.0,Kiến trúc (ARC)
169886,VGU,kien-truc,B00,Điểm thi THPT,2022,20.0,Kiến trúc (ARC)
169887,VGU,kien-truc,D07,Điểm thi THPT,2022,20.0,Kiến trúc (ARC)
169888,VGU,kien-truc,A00,Điểm học bạ,2023,7.5,Kiến trúc (ARC)
169889,VGU,kien-truc,A01,Điểm học bạ,2023,7.5,Kiến trúc (ARC)
169890,VGU,kien-truc,V00,Điểm học bạ,2023,7.5,Kiến trúc (ARC)
169891,VGU,kien-truc,V02,Điểm học bạ,2023,7.5,Kiến trúc (ARC)
169892,VGU,kien-truc,A00,Điểm thi THPT,2023,20.0,Kiến trúc (ARC)
169893,VGU,kien-truc,A01,Điểm thi THPT,2023,20.0,Kiến trúc (ARC)
169894,VGU,kien-truc,V00,Điểm thi THPT,2023,20.0,Kiến trúc (ARC)
169895,VGU,kien-truc,V02,Điểm thi THPT,2023,20.0,Kiến trúc (ARC)
169896,VGU,kien-truc,A00,Điểm học bạ,2024,7.5,Kiến trúc (ARC)
169897,VGU,kien-truc,A01,Điểm học bạ,2024,7.5,Kiến trúc (ARC)
169898,VGU,kien-truc,D26,Điểm học bạ,2024,7.5,Kiến trúc (ARC)
169899,VGU,kien-truc,V00,Điểm học bạ,2024,7.5,Kiến trúc (ARC)
169900,VGU,kien-truc,A00,Điểm thi THPT,2024,20.0,Kiến trúc (ARC)
169901,VGU,kien-truc,A01,Điểm thi THPT,2024,20.0,Kiến trúc (ARC)
169902,VGU,kien-truc,D26,Điểm thi THPT,2024,20.0,Kiến trúc (ARC)
169903,VGU,kien-truc,V00,Điểm thi THPT,2024,20.0,Kiến trúc (ARC)
169904,VGU,kien-truc,A00,Điểm học bạ,2025,20.0,Kiến trúc (ARC)
169905,VGU,kien-truc,A01,Điểm học bạ,2025,20.0,Kiến trúc (ARC)
169906,VGU,kien-truc,A04,Điểm học bạ,2025,20.0,Kiến trúc (ARC)
169907,VGU,kien-truc,C01,Điểm học bạ,2025,20.0,Kiến trúc (ARC)
169908,VGU,kien-truc,D26,Điểm học bạ,2025,20.0,Kiến trúc (ARC)
169909,VGU,kien-truc,D27,Điểm học bạ,2025,20.0,Kiến trúc (ARC)
169910,VGU,kien-truc,D28,Điểm học bạ,2025,20.0,Kiến trúc (ARC)
169911,VGU,kien-truc,D29,Điểm học bạ,2025,20.0,Kiến trúc (ARC)
169912,VGU,kien-truc,D30,Điểm học bạ,2025,20.0,Kiến trúc (ARC)
169913,VGU,kien-truc,H01,Điểm học bạ,2025,20.0,Kiến trúc (ARC)
169914,VGU,kien-truc,H04,Điểm học bạ,2025,20.0,Kiến trúc (ARC)
169915,VGU,kien-truc,V00,Điểm học bạ,2025,20.0,Kiến trúc (ARC)
169916,VGU,kien-truc,V01,Điểm học bạ,2025,20.0,Kiến trúc (ARC)
169917,VGU,kien-truc,V02,Điểm học bạ,2025,20.0,Kiến trúc (ARC)
169918,VGU,kien-truc,A00,Điểm thi THPT,2025,20.0,Kiến trúc (ARC)
169919,VGU,kien-truc,A01,Điểm thi THPT,2025,20.0,Kiến trúc (ARC)
169920,VGU,kien-truc,A04,Điểm thi THPT,2025,20.0,Kiến trúc (ARC)
169921,VGU,kien-truc,C01,Điểm thi THPT,2025,20.0,Kiến trúc (ARC)
169922,VGU,kien-truc,D26,Điểm thi THPT,2025,20.0,Kiến trúc (ARC)
169923,VGU,kien-truc,D27,Điểm thi THPT,2025,20.0,Kiến trúc (ARC)
169924,VGU,kien-truc,D28,Điểm thi THPT,2025,20.0,Kiến trúc (ARC)
169925,VGU,kien-truc,D29,Điểm thi THPT,2025,20.0,Kiến trúc (ARC)
169926,VGU,kien-truc,D30,Điểm thi THPT,2025,20.0,Kiến trúc (ARC)
169927,VGU,kien-truc,H01,Điểm thi THPT,2025,20.0,Kiến trúc (ARC)
169928,VGU,kien-truc,H04,Điểm thi THPT,2025,20.0,Kiến trúc (ARC)
169929,VGU,kien-truc,V00,Điểm thi THPT,2025,20.0,Kiến trúc (ARC)
169930,VGU,kien-truc,V01,Điểm thi THPT,2025,20.0,Kiến trúc (ARC)
169931,VGU,kien-truc,V02,Điểm thi THPT,2025,20.0,Kiến trúc (ARC)
169932,VGU,kinh-te-hoc,A00,Điểm học bạ,2025,19.0,Kinh tế học (BSE)
169933,VGU,kinh-te-hoc,A01,Điểm học bạ,2025,19.0,Kinh tế học (BSE)
169934,VGU,kinh-te-hoc,A02,Điểm học bạ,2025,19.0,Kinh tế học (BSE)
169935,VGU,kinh-te-hoc,A03,Điểm học bạ,2025,19.0,Kinh tế học (BSE)
169936,VGU,kinh-te-hoc,A04,Điểm học bạ,2025,19.0,Kinh tế học (BSE)
169937,VGU,kinh-te-hoc,A05,Điểm học bạ,2025,19.0,Kinh tế học (BSE)
169938,VGU,kinh-te-hoc,A06,Điểm học bạ,2025,19.0,Kinh tế học (BSE)
169939,VGU,kinh-te-hoc,B00,Điểm học bạ,2025,19.0,Kinh tế học (BSE)
169940,VGU,kinh-te-hoc,B02,Điểm học bạ,2025,19.0,Kinh tế học (BSE)
169941,VGU,kinh-te-hoc,B03,Điểm học bạ,2025,19.0,Kinh tế học (BSE)
169942,VGU,kinh-te-hoc,B08,Điểm học bạ,2025,19.0,Kinh tế học (BSE)
169943,VGU,kinh-te-hoc,C01,Điểm học bạ,2025,19.0,Kinh tế học (BSE)
169944,VGU,kinh-te-hoc,C02,Điểm học bạ,2025,19.0,Kinh tế học (BSE)
169945,VGU,kinh-te-hoc,D07,Điểm học bạ,2025,19.0,Kinh tế học (BSE)
169946,VGU,kinh-te-hoc,D08,Điểm học bạ,2025,19.0,Kinh tế học (BSE)
169947,VGU,kinh-te-hoc,D21,Điểm học bạ,2025,19.0,Kinh tế học (BSE)
169948,VGU,kinh-te-hoc,D22,Điểm học bạ,2025,19.0,Kinh tế học (BSE)
169949,VGU,kinh-te-hoc,D23,Điểm học bạ,2025,19.0,Kinh tế học (BSE)
169950,VGU,kinh-te-hoc,D24,Điểm học bạ,2025,19.0,Kinh tế học (BSE)
169951,VGU,kinh-te-hoc,D25,Điểm học bạ,2025,19.0,Kinh tế học (BSE)
169952,VGU,kinh-te-hoc,D26,Điểm học bạ,2025,19.0,Kinh tế học (BSE)
169953,VGU,kinh-te-hoc,D27,Điểm học bạ,2025,19.0,Kinh tế học (BSE)
169954,VGU,kinh-te-hoc,D28,Điểm học bạ,2025,19.0,Kinh tế học (BSE)
169955,VGU,kinh-te-hoc,D29,Điểm học bạ,2025,19.0,Kinh tế học (BSE)
169956,VGU,kinh-te-hoc,D30,Điểm học bạ,2025,19.0,Kinh tế học (BSE)
169957,VGU,kinh-te-hoc,D31,Điểm học bạ,2025,19.0,Kinh tế học (BSE)
169958,VGU,kinh-te-hoc,D32,Điểm học bạ,2025,19.0,Kinh tế học (BSE)
169959,VGU,kinh-te-hoc,D33,Điểm học bạ,2025,19.0,Kinh tế học (BSE)
169960,VGU,kinh-te-hoc,D34,Điểm học bạ,2025,19.0,Kinh tế học (BSE)
169961,VGU,kinh-te-hoc,D35,Điểm học bạ,2025,19.0,Kinh tế học (BSE)
169962,VGU,kinh-te-hoc,X02,Điểm học bạ,2025,19.0,Kinh tế học (BSE)
169963,VGU,kinh-te-hoc,X03,Điểm học bạ,2025,19.0,Kinh tế học (BSE)
169964,VGU,kinh-te-hoc,X04,Điểm học bạ,2025,19.0,Kinh tế học (BSE)
169965,VGU,kinh-te-hoc,X05,Điểm học bạ,2025,19.0,Kinh tế học (BSE)
169966,VGU,kinh-te-hoc,X06,Điểm học bạ,2025,19.0,Kinh tế học (BSE)
169967,VGU,kinh-te-hoc,X07,Điểm học bạ,2025,19.0,Kinh tế học (BSE)
169968,VGU,kinh-te-hoc,X08,Điểm học bạ,2025,19.0,Kinh tế học (BSE)
169969,VGU,kinh-te-hoc,X09,Điểm học bạ,2025,19.0,Kinh tế học (BSE)
169970,VGU,kinh-te-hoc,X13,Điểm học bạ,2025,19.0,Kinh tế học (BSE)
169971,VGU,kinh-te-hoc,X14,Điểm học bạ,2025,19.0,Kinh tế học (BSE)
169972,VGU,kinh-te-hoc,X15,Điểm học bạ,2025,19.0,Kinh tế học (BSE)
169973,VGU,kinh-te-hoc,X16,Điểm học bạ,2025,19.0,Kinh tế học (BSE)
169974,VGU,kinh-te-hoc,X29,Điểm học bạ,2025,19.0,Kinh tế học (BSE)
169975,VGU,kinh-te-hoc,A00,Điểm thi THPT,2025,19.0,Kinh tế học (BSE)
169976,VGU,kinh-te-hoc,A01,Điểm thi THPT,2025,19.0,Kinh tế học (BSE)
169977,VGU,kinh-te-hoc,A02,Điểm thi THPT,2025,19.0,Kinh tế học (BSE)
169978,VGU,kinh-te-hoc,A03,Điểm thi THPT,2025,19.0,Kinh tế học (BSE)
169979,VGU,kinh-te-hoc,A04,Điểm thi THPT,2025,19.0,Kinh tế học (BSE)
169980,VGU,kinh-te-hoc,A05,Điểm thi THPT,2025,19.0,Kinh tế học (BSE)
169981,VGU,kinh-te-hoc,A06,Điểm thi THPT,2025,19.0,Kinh tế học (BSE)
169982,VGU,kinh-te-hoc,B00,Điểm thi THPT,2025,19.0,Kinh tế học (BSE)
169983,VGU,kinh-te-hoc,B02,Điểm thi THPT,2025,19.0,Kinh tế học (BSE)
169984,VGU,kinh-te-hoc,B03,Điểm thi THPT,2025,19.0,Kinh tế học (BSE)
169985,VGU,kinh-te-hoc,B08,Điểm thi THPT,2025,19.0,Kinh tế học (BSE)
169986,VGU,kinh-te-hoc,C01,Điểm thi THPT,2025,19.0,Kinh tế học (BSE)
169987,VGU,kinh-te-hoc,C02,Điểm thi THPT,2025,19.0,Kinh tế học (BSE)
169988,VGU,kinh-te-hoc,D07,Điểm thi THPT,2025,19.0,Kinh tế học (BSE)
169989,VGU,kinh-te-hoc,D08,Điểm thi THPT,2025,19.0,Kinh tế học (BSE)
169990,VGU,kinh-te-hoc,D21,Điểm thi THPT,2025,19.0,Kinh tế học (BSE)
169991,VGU,kinh-te-hoc,D22,Điểm thi THPT,2025,19.0,Kinh tế học (BSE)
169992,VGU,kinh-te-hoc,D23,Điểm thi THPT,2025,19.0,Kinh tế học (BSE)
169993,VGU,kinh-te-hoc,D24,Điểm thi THPT,2025,19.0,Kinh tế học (BSE)
169994,VGU,kinh-te-hoc,D25,Điểm thi THPT,2025,19.0,Kinh tế học (BSE)
169995,VGU,kinh-te-hoc,D26,Điểm thi THPT,2025,19.0,Kinh tế học (BSE)
169996,VGU,kinh-te-hoc,D27,Điểm thi THPT,2025,19.0,Kinh tế học (BSE)
169997,VGU,kinh-te-hoc,D28,Điểm thi THPT,2025,19.0,Kinh tế học (BSE)
169998,VGU,kinh-te-hoc,D29,Điểm thi THPT,2025,19.0,Kinh tế học (BSE)
169999,VGU,kinh-te-hoc,D30,Điểm thi THPT,2025,19.0,Kinh tế học (BSE)
170000,VGU,kinh-te-hoc,D31,Điểm thi THPT,2025,19.0,Kinh tế học (BSE)
170001,VGU,kinh-te-hoc,D32,Điểm thi THPT,2025,19.0,Kinh tế học (BSE)
170002,VGU,kinh-te-hoc,D33,Điểm thi THPT,2025,19.0,Kinh tế học (BSE)
170003,VGU,kinh-te-hoc,D34,Điểm thi THPT,2025,19.0,Kinh tế học (BSE)
170004,VGU,kinh-te-hoc,D35,Điểm thi THPT,2025,19.0,Kinh tế học (BSE)
170005,VGU,kinh-te-hoc,X02,Điểm thi THPT,2025,19.0,Kinh tế học (BSE)
170006,VGU,kinh-te-hoc,X03,Điểm thi THPT,2025,19.0,Kinh tế học (BSE)
170007,VGU,kinh-te-hoc,X04,Điểm thi THPT,2025,19.0,Kinh tế học (BSE)
170008,VGU,kinh-te-hoc,X05,Điểm thi THPT,2025,19.0,Kinh tế học (BSE)
170009,VGU,kinh-te-hoc,X06,Điểm thi THPT,2025,19.0,Kinh tế học (BSE)
170010,VGU,kinh-te-hoc,X07,Điểm thi THPT,2025,19.0,Kinh tế học (BSE)
170011,VGU,kinh-te-hoc,X08,Điểm thi THPT,2025,19.0,Kinh tế học (BSE)
170012,VGU,kinh-te-hoc,X09,Điểm thi THPT,2025,19.0,Kinh tế học (BSE)
170013,VGU,kinh-te-hoc,X13,Điểm thi THPT,2025,19.0,Kinh tế học (BSE)
170014,VGU,kinh-te-hoc,X14,Điểm thi THPT,2025,19.0,Kinh tế học (BSE)
170015,VGU,kinh-te-hoc,X15,Điểm thi THPT,2025,19.0,Kinh tế học (BSE)
170016,VGU,kinh-te-hoc,X16,Điểm thi THPT,2025,19.0,Kinh tế học (BSE)
170017,VGU,kinh-te-hoc,X29,Điểm thi THPT,2025,19.0,Kinh tế học (BSE)
170018,VGU,ky-thuat-co-dien-tu,A00,Điểm học bạ,2025,26.5,Kỹ thuật cơ điện tử (MEC)
170019,VGU,ky-thuat-co-dien-tu,A01,Điểm học bạ,2025,26.5,Kỹ thuật cơ điện tử (MEC)
170020,VGU,ky-thuat-co-dien-tu,A02,Điểm học bạ,2025,26.5,Kỹ thuật cơ điện tử (MEC)
170021,VGU,ky-thuat-co-dien-tu,A03,Điểm học bạ,2025,26.5,Kỹ thuật cơ điện tử (MEC)
170022,VGU,ky-thuat-co-dien-tu,A04,Điểm học bạ,2025,26.5,Kỹ thuật cơ điện tử (MEC)
170023,VGU,ky-thuat-co-dien-tu,A05,Điểm học bạ,2025,26.5,Kỹ thuật cơ điện tử (MEC)
170024,VGU,ky-thuat-co-dien-tu,A06,Điểm học bạ,2025,26.5,Kỹ thuật cơ điện tử (MEC)
170025,VGU,ky-thuat-co-dien-tu,C01,Điểm học bạ,2025,26.5,Kỹ thuật cơ điện tử (MEC)
170026,VGU,ky-thuat-co-dien-tu,D07,Điểm học bạ,2025,26.5,Kỹ thuật cơ điện tử (MEC)
170027,VGU,ky-thuat-co-dien-tu,D21,Điểm học bạ,2025,26.5,Kỹ thuật cơ điện tử (MEC)
170028,VGU,ky-thuat-co-dien-tu,D22,Điểm học bạ,2025,26.5,Kỹ thuật cơ điện tử (MEC)
170029,VGU,ky-thuat-co-dien-tu,D24,Điểm học bạ,2025,26.5,Kỹ thuật cơ điện tử (MEC)
170030,VGU,ky-thuat-co-dien-tu,D25,Điểm học bạ,2025,26.5,Kỹ thuật cơ điện tử (MEC)
170031,VGU,ky-thuat-co-dien-tu,D26,Điểm học bạ,2025,26.5,Kỹ thuật cơ điện tử (MEC)
170032,VGU,ky-thuat-co-dien-tu,D27,Điểm học bạ,2025,26.5,Kỹ thuật cơ điện tử (MEC)
170033,VGU,ky-thuat-co-dien-tu,D28,Điểm học bạ,2025,26.5,Kỹ thuật cơ điện tử (MEC)
170034,VGU,ky-thuat-co-dien-tu,D29,Điểm học bạ,2025,26.5,Kỹ thuật cơ điện tử (MEC)
170035,VGU,ky-thuat-co-dien-tu,D30,Điểm học bạ,2025,26.5,Kỹ thuật cơ điện tử (MEC)
170036,VGU,ky-thuat-co-dien-tu,X02,Điểm học bạ,2025,26.5,Kỹ thuật cơ điện tử (MEC)
170037,VGU,ky-thuat-co-dien-tu,X03,Điểm học bạ,2025,26.5,Kỹ thuật cơ điện tử (MEC)
170038,VGU,ky-thuat-co-dien-tu,X04,Điểm học bạ,2025,26.5,Kỹ thuật cơ điện tử (MEC)
170039,VGU,ky-thuat-co-dien-tu,X05,Điểm học bạ,2025,26.5,Kỹ thuật cơ điện tử (MEC)
170040,VGU,ky-thuat-co-dien-tu,X06,Điểm học bạ,2025,26.5,Kỹ thuật cơ điện tử (MEC)
170041,VGU,ky-thuat-co-dien-tu,X07,Điểm học bạ,2025,26.5,Kỹ thuật cơ điện tử (MEC)
170042,VGU,ky-thuat-co-dien-tu,X08,Điểm học bạ,2025,26.5,Kỹ thuật cơ điện tử (MEC)
170043,VGU,ky-thuat-co-dien-tu,X10,Điểm học bạ,2025,26.5,Kỹ thuật cơ điện tử (MEC)
170044,VGU,ky-thuat-co-dien-tu,X11,Điểm học bạ,2025,26.5,Kỹ thuật cơ điện tử (MEC)
170045,VGU,ky-thuat-co-dien-tu,X12,Điểm học bạ,2025,26.5,Kỹ thuật cơ điện tử (MEC)
170046,VGU,ky-thuat-co-dien-tu,X14,Điểm học bạ,2025,26.5,Kỹ thuật cơ điện tử (MEC)
170047,VGU,ky-thuat-co-dien-tu,X15,Điểm học bạ,2025,26.5,Kỹ thuật cơ điện tử (MEC)
170048,VGU,ky-thuat-co-dien-tu,X16,Điểm học bạ,2025,26.5,Kỹ thuật cơ điện tử (MEC)
170049,VGU,ky-thuat-co-dien-tu,X27,Điểm học bạ,2025,26.5,Kỹ thuật cơ điện tử (MEC)
170050,VGU,ky-thuat-co-dien-tu,X28,Điểm học bạ,2025,26.5,Kỹ thuật cơ điện tử (MEC)
170051,VGU,ky-thuat-co-dien-tu,A00,Điểm thi THPT,2025,26.5,Kỹ thuật cơ điện tử (MEC)
170052,VGU,ky-thuat-co-dien-tu,A01,Điểm thi THPT,2025,26.5,Kỹ thuật cơ điện tử (MEC)
170053,VGU,ky-thuat-co-dien-tu,A02,Điểm thi THPT,2025,26.5,Kỹ thuật cơ điện tử (MEC)
170054,VGU,ky-thuat-co-dien-tu,A03,Điểm thi THPT,2025,26.5,Kỹ thuật cơ điện tử (MEC)
170055,VGU,ky-thuat-co-dien-tu,A04,Điểm thi THPT,2025,26.5,Kỹ thuật cơ điện tử (MEC)
170056,VGU,ky-thuat-co-dien-tu,A05,Điểm thi THPT,2025,26.5,Kỹ thuật cơ điện tử (MEC)
170057,VGU,ky-thuat-co-dien-tu,A06,Điểm thi THPT,2025,26.5,Kỹ thuật cơ điện tử (MEC)
170058,VGU,ky-thuat-co-dien-tu,C01,Điểm thi THPT,2025,26.5,Kỹ thuật cơ điện tử (MEC)
170059,VGU,ky-thuat-co-dien-tu,D07,Điểm thi THPT,2025,26.5,Kỹ thuật cơ điện tử (MEC)
170060,VGU,ky-thuat-co-dien-tu,D21,Điểm thi THPT,2025,26.5,Kỹ thuật cơ điện tử (MEC)
170061,VGU,ky-thuat-co-dien-tu,D22,Điểm thi THPT,2025,26.5,Kỹ thuật cơ điện tử (MEC)
170062,VGU,ky-thuat-co-dien-tu,D24,Điểm thi THPT,2025,26.5,Kỹ thuật cơ điện tử (MEC)
170063,VGU,ky-thuat-co-dien-tu,D25,Điểm thi THPT,2025,26.5,Kỹ thuật cơ điện tử (MEC)
170064,VGU,ky-thuat-co-dien-tu,D26,Điểm thi THPT,2025,26.5,Kỹ thuật cơ điện tử (MEC)
170065,VGU,ky-thuat-co-dien-tu,D27,Điểm thi THPT,2025,26.5,Kỹ thuật cơ điện tử (MEC)
170066,VGU,ky-thuat-co-dien-tu,D28,Điểm thi THPT,2025,26.5,Kỹ thuật cơ điện tử (MEC)
170067,VGU,ky-thuat-co-dien-tu,D29,Điểm thi THPT,2025,26.5,Kỹ thuật cơ điện tử (MEC)
170068,VGU,ky-thuat-co-dien-tu,D30,Điểm thi THPT,2025,26.5,Kỹ thuật cơ điện tử (MEC)
170069,VGU,ky-thuat-co-dien-tu,X02,Điểm thi THPT,2025,26.5,Kỹ thuật cơ điện tử (MEC)
170070,VGU,ky-thuat-co-dien-tu,X03,Điểm thi THPT,2025,26.5,Kỹ thuật cơ điện tử (MEC)
170071,VGU,ky-thuat-co-dien-tu,X04,Điểm thi THPT,2025,26.5,Kỹ thuật cơ điện tử (MEC)
170072,VGU,ky-thuat-co-dien-tu,X05,Điểm thi THPT,2025,26.5,Kỹ thuật cơ điện tử (MEC)
170073,VGU,ky-thuat-co-dien-tu,X06,Điểm thi THPT,2025,26.5,Kỹ thuật cơ điện tử (MEC)
170074,VGU,ky-thuat-co-dien-tu,X07,Điểm thi THPT,2025,26.5,Kỹ thuật cơ điện tử (MEC)
170075,VGU,ky-thuat-co-dien-tu,X08,Điểm thi THPT,2025,26.5,Kỹ thuật cơ điện tử (MEC)
170076,VGU,ky-thuat-co-dien-tu,X10,Điểm thi THPT,2025,26.5,Kỹ thuật cơ điện tử (MEC)
170077,VGU,ky-thuat-co-dien-tu,X11,Điểm thi THPT,2025,26.5,Kỹ thuật cơ điện tử (MEC)
170078,VGU,ky-thuat-co-dien-tu,X12,Điểm thi THPT,2025,26.5,Kỹ thuật cơ điện tử (MEC)
170079,VGU,ky-thuat-co-dien-tu,X14,Điểm thi THPT,2025,26.5,Kỹ thuật cơ điện tử (MEC)
170080,VGU,ky-thuat-co-dien-tu,X15,Điểm thi THPT,2025,26.5,Kỹ thuật cơ điện tử (MEC)
170081,VGU,ky-thuat-co-dien-tu,X16,Điểm thi THPT,2025,26.5,Kỹ thuật cơ điện tử (MEC)
170082,VGU,ky-thuat-co-dien-tu,X27,Điểm thi THPT,2025,26.5,Kỹ thuật cơ điện tử (MEC)
170083,VGU,ky-thuat-co-dien-tu,X28,Điểm thi THPT,2025,26.5,Kỹ thuật cơ điện tử (MEC)
170084,VGU,ky-thuat-co-khi,A00,Điểm thi THPT,2021,21.0,Kỹ thuật cơ khí (MEN)
170085,VGU,ky-thuat-co-khi,A01,Điểm thi THPT,2021,21.0,Kỹ thuật cơ khí (MEN)
170086,VGU,ky-thuat-co-khi,D07,Điểm thi THPT,2021,21.0,Kỹ thuật cơ khí (MEN)
170087,VGU,ky-thuat-co-khi,A00,Điểm học bạ,2022,7.5,Kỹ thuật cơ khí (MEN)
170088,VGU,ky-thuat-co-khi,A01,Điểm học bạ,2022,7.5,Kỹ thuật cơ khí (MEN)
170089,VGU,ky-thuat-co-khi,D07,Điểm học bạ,2022,7.5,Kỹ thuật cơ khí (MEN)
170090,VGU,ky-thuat-co-khi,A00,Điểm thi THPT,2022,21.0,Kỹ thuật cơ khí (MEN)
170091,VGU,ky-thuat-co-khi,A01,Điểm thi THPT,2022,21.0,Kỹ thuật cơ khí (MEN)
170092,VGU,ky-thuat-co-khi,D07,Điểm thi THPT,2022,21.0,Kỹ thuật cơ khí (MEN)
170093,VGU,ky-thuat-co-khi,A00,Điểm học bạ,2023,7.5,Kỹ thuật cơ khí (MEN)
170094,VGU,ky-thuat-co-khi,A01,Điểm học bạ,2023,7.5,Kỹ thuật cơ khí (MEN)
170095,VGU,ky-thuat-co-khi,D07,Điểm học bạ,2023,7.5,Kỹ thuật cơ khí (MEN)
170096,VGU,ky-thuat-co-khi,A00,Điểm thi THPT,2023,20.0,Kỹ thuật cơ khí (MEN)
170097,VGU,ky-thuat-co-khi,A01,Điểm thi THPT,2023,20.0,Kỹ thuật cơ khí (MEN)
170098,VGU,ky-thuat-co-khi,D07,Điểm thi THPT,2023,20.0,Kỹ thuật cơ khí (MEN)
170099,VGU,ky-thuat-co-khi,A00,Điểm học bạ,2024,7.5,Kỹ thuật cơ khí (MEN)
170100,VGU,ky-thuat-co-khi,A01,Điểm học bạ,2024,7.5,Kỹ thuật cơ khí (MEN)
170101,VGU,ky-thuat-co-khi,D07,Điểm học bạ,2024,7.5,Kỹ thuật cơ khí (MEN)
170102,VGU,ky-thuat-co-khi,D26,Điểm học bạ,2024,7.5,Kỹ thuật cơ khí (MEN)
170103,VGU,ky-thuat-co-khi,A00,Điểm thi THPT,2024,20.0,Kỹ thuật cơ khí (MEN)
170104,VGU,ky-thuat-co-khi,A01,Điểm thi THPT,2024,20.0,Kỹ thuật cơ khí (MEN)
170105,VGU,ky-thuat-co-khi,D07,Điểm thi THPT,2024,20.0,Kỹ thuật cơ khí (MEN)
170106,VGU,ky-thuat-co-khi,D26,Điểm thi THPT,2024,20.0,Kỹ thuật cơ khí (MEN)
170107,VGU,ky-thuat-co-khi,A00,Điểm học bạ,2025,20.0,Kỹ thuật cơ khí (MEN)
170108,VGU,ky-thuat-co-khi,A01,Điểm học bạ,2025,20.0,Kỹ thuật cơ khí (MEN)
170109,VGU,ky-thuat-co-khi,A02,Điểm học bạ,2025,20.0,Kỹ thuật cơ khí (MEN)
170110,VGU,ky-thuat-co-khi,A03,Điểm học bạ,2025,20.0,Kỹ thuật cơ khí (MEN)
170111,VGU,ky-thuat-co-khi,A04,Điểm học bạ,2025,20.0,Kỹ thuật cơ khí (MEN)
170112,VGU,ky-thuat-co-khi,C01,Điểm học bạ,2025,20.0,Kỹ thuật cơ khí (MEN)
170113,VGU,ky-thuat-co-khi,D07,Điểm học bạ,2025,20.0,Kỹ thuật cơ khí (MEN)
170114,VGU,ky-thuat-co-khi,D21,Điểm học bạ,2025,20.0,Kỹ thuật cơ khí (MEN)
170115,VGU,ky-thuat-co-khi,D22,Điểm học bạ,2025,20.0,Kỹ thuật cơ khí (MEN)
170116,VGU,ky-thuat-co-khi,D24,Điểm học bạ,2025,20.0,Kỹ thuật cơ khí (MEN)
170117,VGU,ky-thuat-co-khi,D25,Điểm học bạ,2025,20.0,Kỹ thuật cơ khí (MEN)
170118,VGU,ky-thuat-co-khi,D26,Điểm học bạ,2025,20.0,Kỹ thuật cơ khí (MEN)
170119,VGU,ky-thuat-co-khi,D27,Điểm học bạ,2025,20.0,Kỹ thuật cơ khí (MEN)
170120,VGU,ky-thuat-co-khi,D28,Điểm học bạ,2025,20.0,Kỹ thuật cơ khí (MEN)
170121,VGU,ky-thuat-co-khi,D29,Điểm học bạ,2025,20.0,Kỹ thuật cơ khí (MEN)
170122,VGU,ky-thuat-co-khi,D30,Điểm học bạ,2025,20.0,Kỹ thuật cơ khí (MEN)
170123,VGU,ky-thuat-co-khi,X05,Điểm học bạ,2025,20.0,Kỹ thuật cơ khí (MEN)
170124,VGU,ky-thuat-co-khi,X06,Điểm học bạ,2025,20.0,Kỹ thuật cơ khí (MEN)
170125,VGU,ky-thuat-co-khi,X07,Điểm học bạ,2025,20.0,Kỹ thuật cơ khí (MEN)
170126,VGU,ky-thuat-co-khi,X08,Điểm học bạ,2025,20.0,Kỹ thuật cơ khí (MEN)
170127,VGU,ky-thuat-co-khi,X27,Điểm học bạ,2025,20.0,Kỹ thuật cơ khí (MEN)
170128,VGU,ky-thuat-co-khi,A00,Điểm thi THPT,2025,20.0,Kỹ thuật cơ khí (MEN)
170129,VGU,ky-thuat-co-khi,A01,Điểm thi THPT,2025,20.0,Kỹ thuật cơ khí (MEN)
170130,VGU,ky-thuat-co-khi,A02,Điểm thi THPT,2025,20.0,Kỹ thuật cơ khí (MEN)
170131,VGU,ky-thuat-co-khi,A03,Điểm thi THPT,2025,20.0,Kỹ thuật cơ khí (MEN)
170132,VGU,ky-thuat-co-khi,A04,Điểm thi THPT,2025,20.0,Kỹ thuật cơ khí (MEN)
170133,VGU,ky-thuat-co-khi,C01,Điểm thi THPT,2025,20.0,Kỹ thuật cơ khí (MEN)
170134,VGU,ky-thuat-co-khi,D07,Điểm thi THPT,2025,20.0,Kỹ thuật cơ khí (MEN)
170135,VGU,ky-thuat-co-khi,D21,Điểm thi THPT,2025,20.0,Kỹ thuật cơ khí (MEN)
170136,VGU,ky-thuat-co-khi,D22,Điểm thi THPT,2025,20.0,Kỹ thuật cơ khí (MEN)
170137,VGU,ky-thuat-co-khi,D24,Điểm thi THPT,2025,20.0,Kỹ thuật cơ khí (MEN)
170138,VGU,ky-thuat-co-khi,D25,Điểm thi THPT,2025,20.0,Kỹ thuật cơ khí (MEN)
170139,VGU,ky-thuat-co-khi,D26,Điểm thi THPT,2025,20.0,Kỹ thuật cơ khí (MEN)
170140,VGU,ky-thuat-co-khi,D27,Điểm thi THPT,2025,20.0,Kỹ thuật cơ khí (MEN)
170141,VGU,ky-thuat-co-khi,D28,Điểm thi THPT,2025,20.0,Kỹ thuật cơ khí (MEN)
170142,VGU,ky-thuat-co-khi,D29,Điểm thi THPT,2025,20.0,Kỹ thuật cơ khí (MEN)
170143,VGU,ky-thuat-co-khi,D30,Điểm thi THPT,2025,20.0,Kỹ thuật cơ khí (MEN)
170144,VGU,ky-thuat-co-khi,X05,Điểm thi THPT,2025,20.0,Kỹ thuật cơ khí (MEN)
170145,VGU,ky-thuat-co-khi,X06,Điểm thi THPT,2025,20.0,Kỹ thuật cơ khí (MEN)
170146,VGU,ky-thuat-co-khi,X07,Điểm thi THPT,2025,20.0,Kỹ thuật cơ khí (MEN)
170147,VGU,ky-thuat-co-khi,X08,Điểm thi THPT,2025,20.0,Kỹ thuật cơ khí (MEN)
170148,VGU,ky-thuat-co-khi,X27,Điểm thi THPT,2025,20.0,Kỹ thuật cơ khí (MEN)
170149,VGU,ky-thuat-dien-may-tinh,A00,Điểm học bạ,2022,7.5,Kỹ thuật điện & máy tính (ECE)
170150,VGU,ky-thuat-dien-may-tinh,A01,Điểm học bạ,2022,7.5,Kỹ thuật điện & máy tính (ECE)
170151,VGU,ky-thuat-dien-may-tinh,D07,Điểm học bạ,2022,7.5,Kỹ thuật điện & máy tính (ECE)
170152,VGU,ky-thuat-dien-may-tinh,A00,Điểm thi THPT,2022,21.0,Kỹ thuật điện & máy tính (ECE)
170153,VGU,ky-thuat-dien-may-tinh,A01,Điểm thi THPT,2022,21.0,Kỹ thuật điện & máy tính (ECE)
170154,VGU,ky-thuat-dien-may-tinh,D07,Điểm thi THPT,2022,21.0,Kỹ thuật điện & máy tính (ECE)
170155,VGU,ky-thuat-dien-va-may-tinh,A00,Điểm thi THPT,2021,21.0,Kỹ thuật điện và máy tính (ECE)
170156,VGU,ky-thuat-dien-va-may-tinh,A01,Điểm thi THPT,2021,21.0,Kỹ thuật điện và máy tính (ECE)
170157,VGU,ky-thuat-dien-va-may-tinh,D07,Điểm thi THPT,2021,21.0,Kỹ thuật điện và máy tính (ECE)
170158,VGU,ky-thuat-dien-va-may-tinh,A00,Điểm học bạ,2023,7.5,Kỹ thuật điện và máy tính (ECE)
170159,VGU,ky-thuat-dien-va-may-tinh,A01,Điểm học bạ,2023,7.5,Kỹ thuật điện và máy tính (ECE)
170160,VGU,ky-thuat-dien-va-may-tinh,D07,Điểm học bạ,2023,7.5,Kỹ thuật điện và máy tính (ECE)
170161,VGU,ky-thuat-dien-va-may-tinh,A00,Điểm thi THPT,2023,20.0,Kỹ thuật điện và máy tính (ECE)
170162,VGU,ky-thuat-dien-va-may-tinh,A01,Điểm thi THPT,2023,20.0,Kỹ thuật điện và máy tính (ECE)
170163,VGU,ky-thuat-dien-va-may-tinh,D07,Điểm thi THPT,2023,20.0,Kỹ thuật điện và máy tính (ECE)
170164,VGU,ky-thuat-dien-va-may-tinh,A00,Điểm học bạ,2024,7.5,Kỹ thuật điện và máy tính (ECE)
170165,VGU,ky-thuat-dien-va-may-tinh,A01,Điểm học bạ,2024,7.5,Kỹ thuật điện và máy tính (ECE)
170166,VGU,ky-thuat-dien-va-may-tinh,D07,Điểm học bạ,2024,7.5,Kỹ thuật điện và máy tính (ECE)
170167,VGU,ky-thuat-dien-va-may-tinh,D26,Điểm học bạ,2024,7.5,Kỹ thuật điện và máy tính (ECE)
170168,VGU,ky-thuat-dien-va-may-tinh,A00,Điểm thi THPT,2024,20.0,Kỹ thuật điện và máy tính (ECE)
170169,VGU,ky-thuat-dien-va-may-tinh,A01,Điểm thi THPT,2024,20.0,Kỹ thuật điện và máy tính (ECE)
170170,VGU,ky-thuat-dien-va-may-tinh,D07,Điểm thi THPT,2024,20.0,Kỹ thuật điện và máy tính (ECE)
170171,VGU,ky-thuat-dien-va-may-tinh,D26,Điểm thi THPT,2024,20.0,Kỹ thuật điện và máy tính (ECE)
170172,VGU,ky-thuat-dien-va-may-tinh,A00,Điểm học bạ,2025,20.0,Kỹ thuật điện và máy tính (ECE)
170173,VGU,ky-thuat-dien-va-may-tinh,A01,Điểm học bạ,2025,20.0,Kỹ thuật điện và máy tính (ECE)
170174,VGU,ky-thuat-dien-va-may-tinh,A02,Điểm học bạ,2025,20.0,Kỹ thuật điện và máy tính (ECE)
170175,VGU,ky-thuat-dien-va-may-tinh,A03,Điểm học bạ,2025,20.0,Kỹ thuật điện và máy tính (ECE)
170176,VGU,ky-thuat-dien-va-may-tinh,A04,Điểm học bạ,2025,20.0,Kỹ thuật điện và máy tính (ECE)
170177,VGU,ky-thuat-dien-va-may-tinh,C01,Điểm học bạ,2025,20.0,Kỹ thuật điện và máy tính (ECE)
170178,VGU,ky-thuat-dien-va-may-tinh,D07,Điểm học bạ,2025,20.0,Kỹ thuật điện và máy tính (ECE)
170179,VGU,ky-thuat-dien-va-may-tinh,D21,Điểm học bạ,2025,20.0,Kỹ thuật điện và máy tính (ECE)
170180,VGU,ky-thuat-dien-va-may-tinh,D22,Điểm học bạ,2025,20.0,Kỹ thuật điện và máy tính (ECE)
170181,VGU,ky-thuat-dien-va-may-tinh,D24,Điểm học bạ,2025,20.0,Kỹ thuật điện và máy tính (ECE)
170182,VGU,ky-thuat-dien-va-may-tinh,D25,Điểm học bạ,2025,20.0,Kỹ thuật điện và máy tính (ECE)
170183,VGU,ky-thuat-dien-va-may-tinh,D26,Điểm học bạ,2025,20.0,Kỹ thuật điện và máy tính (ECE)
170184,VGU,ky-thuat-dien-va-may-tinh,D27,Điểm học bạ,2025,20.0,Kỹ thuật điện và máy tính (ECE)
170185,VGU,ky-thuat-dien-va-may-tinh,D28,Điểm học bạ,2025,20.0,Kỹ thuật điện và máy tính (ECE)
170186,VGU,ky-thuat-dien-va-may-tinh,D29,Điểm học bạ,2025,20.0,Kỹ thuật điện và máy tính (ECE)
170187,VGU,ky-thuat-dien-va-may-tinh,D30,Điểm học bạ,2025,20.0,Kỹ thuật điện và máy tính (ECE)
170188,VGU,ky-thuat-dien-va-may-tinh,X05,Điểm học bạ,2025,20.0,Kỹ thuật điện và máy tính (ECE)
170189,VGU,ky-thuat-dien-va-may-tinh,X06,Điểm học bạ,2025,20.0,Kỹ thuật điện và máy tính (ECE)
170190,VGU,ky-thuat-dien-va-may-tinh,X07,Điểm học bạ,2025,20.0,Kỹ thuật điện và máy tính (ECE)
170191,VGU,ky-thuat-dien-va-may-tinh,X08,Điểm học bạ,2025,20.0,Kỹ thuật điện và máy tính (ECE)
170192,VGU,ky-thuat-dien-va-may-tinh,A00,Điểm thi THPT,2025,20.0,Kỹ thuật điện và máy tính (ECE)
170193,VGU,ky-thuat-dien-va-may-tinh,A01,Điểm thi THPT,2025,20.0,Kỹ thuật điện và máy tính (ECE)
170194,VGU,ky-thuat-dien-va-may-tinh,A02,Điểm thi THPT,2025,20.0,Kỹ thuật điện và máy tính (ECE)
170195,VGU,ky-thuat-dien-va-may-tinh,A03,Điểm thi THPT,2025,20.0,Kỹ thuật điện và máy tính (ECE)
170196,VGU,ky-thuat-dien-va-may-tinh,A04,Điểm thi THPT,2025,20.0,Kỹ thuật điện và máy tính (ECE)
170197,VGU,ky-thuat-dien-va-may-tinh,C01,Điểm thi THPT,2025,20.0,Kỹ thuật điện và máy tính (ECE)
170198,VGU,ky-thuat-dien-va-may-tinh,D07,Điểm thi THPT,2025,20.0,Kỹ thuật điện và máy tính (ECE)
170199,VGU,ky-thuat-dien-va-may-tinh,D21,Điểm thi THPT,2025,20.0,Kỹ thuật điện và máy tính (ECE)
170200,VGU,ky-thuat-dien-va-may-tinh,D22,Điểm thi THPT,2025,20.0,Kỹ thuật điện và máy tính (ECE)
170201,VGU,ky-thuat-dien-va-may-tinh,D24,Điểm thi THPT,2025,20.0,Kỹ thuật điện và máy tính (ECE)
170202,VGU,ky-thuat-dien-va-may-tinh,D25,Điểm thi THPT,2025,20.0,Kỹ thuật điện và máy tính (ECE)
170203,VGU,ky-thuat-dien-va-may-tinh,D26,Điểm thi THPT,2025,20.0,Kỹ thuật điện và máy tính (ECE)
170204,VGU,ky-thuat-dien-va-may-tinh,D27,Điểm thi THPT,2025,20.0,Kỹ thuật điện và máy tính (ECE)
170205,VGU,ky-thuat-dien-va-may-tinh,D28,Điểm thi THPT,2025,20.0,Kỹ thuật điện và máy tính (ECE)
170206,VGU,ky-thuat-dien-va-may-tinh,D29,Điểm thi THPT,2025,20.0,Kỹ thuật điện và máy tính (ECE)
170207,VGU,ky-thuat-dien-va-may-tinh,D30,Điểm thi THPT,2025,20.0,Kỹ thuật điện và máy tính (ECE)
170208,VGU,ky-thuat-dien-va-may-tinh,X05,Điểm thi THPT,2025,20.0,Kỹ thuật điện và máy tính (ECE)
170209,VGU,ky-thuat-dien-va-may-tinh,X06,Điểm thi THPT,2025,20.0,Kỹ thuật điện và máy tính (ECE)
170210,VGU,ky-thuat-dien-va-may-tinh,X07,Điểm thi THPT,2025,20.0,Kỹ thuật điện và máy tính (ECE)
170211,VGU,ky-thuat-dien-va-may-tinh,X08,Điểm thi THPT,2025,20.0,Kỹ thuật điện và máy tính (ECE)
170212,VGU,ky-thuat-giao-thong-thong-minh,A00,Điểm học bạ,2024,7.5,Kỹ thuật giao thông thông minh (SME)
170213,VGU,ky-thuat-giao-thong-thong-minh,A01,Điểm học bạ,2024,7.5,Kỹ thuật giao thông thông minh (SME)
170214,VGU,ky-thuat-giao-thong-thong-minh,D07,Điểm học bạ,2024,7.5,Kỹ thuật giao thông thông minh (SME)
170215,VGU,ky-thuat-giao-thong-thong-minh,D26,Điểm học bạ,2024,7.5,Kỹ thuật giao thông thông minh (SME)
170216,VGU,ky-thuat-giao-thong-thong-minh,A00,Điểm thi THPT,2024,19.0,Kỹ thuật Giao thông thông minh (SME)
170217,VGU,ky-thuat-giao-thong-thong-minh,A01,Điểm thi THPT,2024,19.0,Kỹ thuật Giao thông thông minh (SME)
170218,VGU,ky-thuat-giao-thong-thong-minh,D07,Điểm thi THPT,2024,19.0,Kỹ thuật Giao thông thông minh (SME)
170219,VGU,ky-thuat-giao-thong-thong-minh,D26,Điểm thi THPT,2024,19.0,Kỹ thuật Giao thông thông minh (SME)
170220,VGU,ky-thuat-giao-thong-thong-minh,A00,Điểm học bạ,2025,19.0,Kỹ thuật Giao thông thông minh (SME)
170221,VGU,ky-thuat-giao-thong-thong-minh,A01,Điểm học bạ,2025,19.0,Kỹ thuật Giao thông thông minh (SME)
170222,VGU,ky-thuat-giao-thong-thong-minh,A04,Điểm học bạ,2025,19.0,Kỹ thuật Giao thông thông minh (SME)
170223,VGU,ky-thuat-giao-thong-thong-minh,C01,Điểm học bạ,2025,19.0,Kỹ thuật Giao thông thông minh (SME)
170224,VGU,ky-thuat-giao-thong-thong-minh,D01,Điểm học bạ,2025,19.0,Kỹ thuật Giao thông thông minh (SME)
170225,VGU,ky-thuat-giao-thong-thong-minh,D07,Điểm học bạ,2025,19.0,Kỹ thuật Giao thông thông minh (SME)
170226,VGU,ky-thuat-giao-thong-thong-minh,D21,Điểm học bạ,2025,19.0,Kỹ thuật Giao thông thông minh (SME)
170227,VGU,ky-thuat-giao-thong-thong-minh,D22,Điểm học bạ,2025,19.0,Kỹ thuật Giao thông thông minh (SME)
170228,VGU,ky-thuat-giao-thong-thong-minh,D23,Điểm học bạ,2025,19.0,Kỹ thuật Giao thông thông minh (SME)
170229,VGU,ky-thuat-giao-thong-thong-minh,D24,Điểm học bạ,2025,19.0,Kỹ thuật Giao thông thông minh (SME)
170230,VGU,ky-thuat-giao-thong-thong-minh,D25,Điểm học bạ,2025,19.0,Kỹ thuật Giao thông thông minh (SME)
170231,VGU,ky-thuat-giao-thong-thong-minh,D26,Điểm học bạ,2025,19.0,Kỹ thuật Giao thông thông minh (SME)
170232,VGU,ky-thuat-giao-thong-thong-minh,D27,Điểm học bạ,2025,19.0,Kỹ thuật Giao thông thông minh (SME)
170233,VGU,ky-thuat-giao-thong-thong-minh,D28,Điểm học bạ,2025,19.0,Kỹ thuật Giao thông thông minh (SME)
170234,VGU,ky-thuat-giao-thong-thong-minh,D29,Điểm học bạ,2025,19.0,Kỹ thuật Giao thông thông minh (SME)
170235,VGU,ky-thuat-giao-thong-thong-minh,D30,Điểm học bạ,2025,19.0,Kỹ thuật Giao thông thông minh (SME)
170236,VGU,ky-thuat-giao-thong-thong-minh,X06,Điểm học bạ,2025,19.0,Kỹ thuật Giao thông thông minh (SME)
170237,VGU,ky-thuat-giao-thong-thong-minh,X07,Điểm học bạ,2025,19.0,Kỹ thuật Giao thông thông minh (SME)
170238,VGU,ky-thuat-giao-thong-thong-minh,X26,Điểm học bạ,2025,19.0,Kỹ thuật Giao thông thông minh (SME)
170239,VGU,ky-thuat-giao-thong-thong-minh,X27,Điểm học bạ,2025,19.0,Kỹ thuật Giao thông thông minh (SME)
170240,VGU,ky-thuat-giao-thong-thong-minh,A00,Điểm thi THPT,2025,19.0,Kỹ thuật Giao thông thông minh (SME)
170241,VGU,ky-thuat-giao-thong-thong-minh,A01,Điểm thi THPT,2025,19.0,Kỹ thuật Giao thông thông minh (SME)
170242,VGU,ky-thuat-giao-thong-thong-minh,A04,Điểm thi THPT,2025,19.0,Kỹ thuật Giao thông thông minh (SME)
170243,VGU,ky-thuat-giao-thong-thong-minh,C01,Điểm thi THPT,2025,19.0,Kỹ thuật Giao thông thông minh (SME)
170244,VGU,ky-thuat-giao-thong-thong-minh,D01,Điểm thi THPT,2025,19.0,Kỹ thuật Giao thông thông minh (SME)
170245,VGU,ky-thuat-giao-thong-thong-minh,D07,Điểm thi THPT,2025,19.0,Kỹ thuật Giao thông thông minh (SME)
170246,VGU,ky-thuat-giao-thong-thong-minh,D21,Điểm thi THPT,2025,19.0,Kỹ thuật Giao thông thông minh (SME)
170247,VGU,ky-thuat-giao-thong-thong-minh,D22,Điểm thi THPT,2025,19.0,Kỹ thuật Giao thông thông minh (SME)
170248,VGU,ky-thuat-giao-thong-thong-minh,D23,Điểm thi THPT,2025,19.0,Kỹ thuật Giao thông thông minh (SME)
170249,VGU,ky-thuat-giao-thong-thong-minh,D24,Điểm thi THPT,2025,19.0,Kỹ thuật Giao thông thông minh (SME)
170250,VGU,ky-thuat-giao-thong-thong-minh,D25,Điểm thi THPT,2025,19.0,Kỹ thuật Giao thông thông minh (SME)
170251,VGU,ky-thuat-giao-thong-thong-minh,D26,Điểm thi THPT,2025,19.0,Kỹ thuật Giao thông thông minh (SME)
170252,VGU,ky-thuat-giao-thong-thong-minh,D27,Điểm thi THPT,2025,19.0,Kỹ thuật Giao thông thông minh (SME)
170253,VGU,ky-thuat-giao-thong-thong-minh,D28,Điểm thi THPT,2025,19.0,Kỹ thuật Giao thông thông minh (SME)
170254,VGU,ky-thuat-giao-thong-thong-minh,D29,Điểm thi THPT,2025,19.0,Kỹ thuật Giao thông thông minh (SME)
170255,VGU,ky-thuat-giao-thong-thong-minh,D30,Điểm thi THPT,2025,19.0,Kỹ thuật Giao thông thông minh (SME)
170256,VGU,ky-thuat-giao-thong-thong-minh,X06,Điểm thi THPT,2025,19.0,Kỹ thuật Giao thông thông minh (SME)
170257,VGU,ky-thuat-giao-thong-thong-minh,X07,Điểm thi THPT,2025,19.0,Kỹ thuật Giao thông thông minh (SME)
170258,VGU,ky-thuat-giao-thong-thong-minh,X26,Điểm thi THPT,2025,19.0,Kỹ thuật Giao thông thông minh (SME)
170259,VGU,ky-thuat-giao-thong-thong-minh,X27,Điểm thi THPT,2025,19.0,Kỹ thuật Giao thông thông minh (SME)
170260,VGU,ky-thuat-quy-trinh-san-xuat-ben-vung,A00,Điểm học bạ,2025,19.0,Kỹ thuật quy trình sản xuất bền vững (SPE)
170261,VGU,ky-thuat-quy-trinh-san-xuat-ben-vung,A01,Điểm học bạ,2025,19.0,Kỹ thuật quy trình sản xuất bền vững (SPE)
170262,VGU,ky-thuat-quy-trinh-san-xuat-ben-vung,A02,Điểm học bạ,2025,19.0,Kỹ thuật quy trình sản xuất bền vững (SPE)
170263,VGU,ky-thuat-quy-trinh-san-xuat-ben-vung,A03,Điểm học bạ,2025,19.0,Kỹ thuật quy trình sản xuất bền vững (SPE)
170264,VGU,ky-thuat-quy-trinh-san-xuat-ben-vung,A04,Điểm học bạ,2025,19.0,Kỹ thuật quy trình sản xuất bền vững (SPE)
170265,VGU,ky-thuat-quy-trinh-san-xuat-ben-vung,A05,Điểm học bạ,2025,19.0,Kỹ thuật quy trình sản xuất bền vững (SPE)
170266,VGU,ky-thuat-quy-trinh-san-xuat-ben-vung,A06,Điểm học bạ,2025,19.0,Kỹ thuật quy trình sản xuất bền vững (SPE)
170267,VGU,ky-thuat-quy-trinh-san-xuat-ben-vung,B00,Điểm học bạ,2025,19.0,Kỹ thuật quy trình sản xuất bền vững (SPE)
170268,VGU,ky-thuat-quy-trinh-san-xuat-ben-vung,B02,Điểm học bạ,2025,19.0,Kỹ thuật quy trình sản xuất bền vững (SPE)
170269,VGU,ky-thuat-quy-trinh-san-xuat-ben-vung,B03,Điểm học bạ,2025,19.0,Kỹ thuật quy trình sản xuất bền vững (SPE)
170270,VGU,ky-thuat-quy-trinh-san-xuat-ben-vung,B08,Điểm học bạ,2025,19.0,Kỹ thuật quy trình sản xuất bền vững (SPE)
170271,VGU,ky-thuat-quy-trinh-san-xuat-ben-vung,C01,Điểm học bạ,2025,19.0,Kỹ thuật quy trình sản xuất bền vững (SPE)
170272,VGU,ky-thuat-quy-trinh-san-xuat-ben-vung,C02,Điểm học bạ,2025,19.0,Kỹ thuật quy trình sản xuất bền vững (SPE)
170273,VGU,ky-thuat-quy-trinh-san-xuat-ben-vung,D01,Điểm học bạ,2025,19.0,Kỹ thuật quy trình sản xuất bền vững (SPE)
170274,VGU,ky-thuat-quy-trinh-san-xuat-ben-vung,D07,Điểm học bạ,2025,19.0,Kỹ thuật quy trình sản xuất bền vững (SPE)
170275,VGU,ky-thuat-quy-trinh-san-xuat-ben-vung,D08,Điểm học bạ,2025,19.0,Kỹ thuật quy trình sản xuất bền vững (SPE)
170276,VGU,ky-thuat-quy-trinh-san-xuat-ben-vung,D21,Điểm học bạ,2025,19.0,Kỹ thuật quy trình sản xuất bền vững (SPE)
170277,VGU,ky-thuat-quy-trinh-san-xuat-ben-vung,D22,Điểm học bạ,2025,19.0,Kỹ thuật quy trình sản xuất bền vững (SPE)
170278,VGU,ky-thuat-quy-trinh-san-xuat-ben-vung,D23,Điểm học bạ,2025,19.0,Kỹ thuật quy trình sản xuất bền vững (SPE)
170279,VGU,ky-thuat-quy-trinh-san-xuat-ben-vung,D24,Điểm học bạ,2025,19.0,Kỹ thuật quy trình sản xuất bền vững (SPE)
170280,VGU,ky-thuat-quy-trinh-san-xuat-ben-vung,D25,Điểm học bạ,2025,19.0,Kỹ thuật quy trình sản xuất bền vững (SPE)
170281,VGU,ky-thuat-quy-trinh-san-xuat-ben-vung,D26,Điểm học bạ,2025,19.0,Kỹ thuật quy trình sản xuất bền vững (SPE)
170282,VGU,ky-thuat-quy-trinh-san-xuat-ben-vung,D27,Điểm học bạ,2025,19.0,Kỹ thuật quy trình sản xuất bền vững (SPE)
170283,VGU,ky-thuat-quy-trinh-san-xuat-ben-vung,D28,Điểm học bạ,2025,19.0,Kỹ thuật quy trình sản xuất bền vững (SPE)
170284,VGU,ky-thuat-quy-trinh-san-xuat-ben-vung,D29,Điểm học bạ,2025,19.0,Kỹ thuật quy trình sản xuất bền vững (SPE)
170285,VGU,ky-thuat-quy-trinh-san-xuat-ben-vung,D30,Điểm học bạ,2025,19.0,Kỹ thuật quy trình sản xuất bền vững (SPE)
170286,VGU,ky-thuat-quy-trinh-san-xuat-ben-vung,D31,Điểm học bạ,2025,19.0,Kỹ thuật quy trình sản xuất bền vững (SPE)
170287,VGU,ky-thuat-quy-trinh-san-xuat-ben-vung,D32,Điểm học bạ,2025,19.0,Kỹ thuật quy trình sản xuất bền vững (SPE)
170288,VGU,ky-thuat-quy-trinh-san-xuat-ben-vung,D33,Điểm học bạ,2025,19.0,Kỹ thuật quy trình sản xuất bền vững (SPE)
170289,VGU,ky-thuat-quy-trinh-san-xuat-ben-vung,D34,Điểm học bạ,2025,19.0,Kỹ thuật quy trình sản xuất bền vững (SPE)
170290,VGU,ky-thuat-quy-trinh-san-xuat-ben-vung,D35,Điểm học bạ,2025,19.0,Kỹ thuật quy trình sản xuất bền vững (SPE)
170291,VGU,ky-thuat-quy-trinh-san-xuat-ben-vung,X05,Điểm học bạ,2025,19.0,Kỹ thuật quy trình sản xuất bền vững (SPE)
170292,VGU,ky-thuat-quy-trinh-san-xuat-ben-vung,X06,Điểm học bạ,2025,19.0,Kỹ thuật quy trình sản xuất bền vững (SPE)
170293,VGU,ky-thuat-quy-trinh-san-xuat-ben-vung,X07,Điểm học bạ,2025,19.0,Kỹ thuật quy trình sản xuất bền vững (SPE)
170294,VGU,ky-thuat-quy-trinh-san-xuat-ben-vung,X08,Điểm học bạ,2025,19.0,Kỹ thuật quy trình sản xuất bền vững (SPE)
170295,VGU,ky-thuat-quy-trinh-san-xuat-ben-vung,X09,Điểm học bạ,2025,19.0,Kỹ thuật quy trình sản xuất bền vững (SPE)
170296,VGU,ky-thuat-quy-trinh-san-xuat-ben-vung,X13,Điểm học bạ,2025,19.0,Kỹ thuật quy trình sản xuất bền vững (SPE)
170297,VGU,ky-thuat-quy-trinh-san-xuat-ben-vung,X14,Điểm học bạ,2025,19.0,Kỹ thuật quy trình sản xuất bền vững (SPE)
170298,VGU,ky-thuat-quy-trinh-san-xuat-ben-vung,X15,Điểm học bạ,2025,19.0,Kỹ thuật quy trình sản xuất bền vững (SPE)
170299,VGU,ky-thuat-quy-trinh-san-xuat-ben-vung,X16,Điểm học bạ,2025,19.0,Kỹ thuật quy trình sản xuất bền vững (SPE)
170300,VGU,ky-thuat-quy-trinh-san-xuat-ben-vung,X25,Điểm học bạ,2025,19.0,Kỹ thuật quy trình sản xuất bền vững (SPE)
170301,VGU,ky-thuat-quy-trinh-san-xuat-ben-vung,X26,Điểm học bạ,2025,19.0,Kỹ thuật quy trình sản xuất bền vững (SPE)
170302,VGU,ky-thuat-quy-trinh-san-xuat-ben-vung,X27,Điểm học bạ,2025,19.0,Kỹ thuật quy trình sản xuất bền vững (SPE)
170303,VGU,ky-thuat-quy-trinh-san-xuat-ben-vung,X28,Điểm học bạ,2025,19.0,Kỹ thuật quy trình sản xuất bền vững (SPE)
170304,VGU,ky-thuat-quy-trinh-san-xuat-ben-vung,A00,Điểm thi THPT,2025,19.0,Kỹ thuật quy trình sản xuất bền vững (SPE)
170305,VGU,ky-thuat-quy-trinh-san-xuat-ben-vung,A01,Điểm thi THPT,2025,19.0,Kỹ thuật quy trình sản xuất bền vững (SPE)
170306,VGU,ky-thuat-quy-trinh-san-xuat-ben-vung,A02,Điểm thi THPT,2025,19.0,Kỹ thuật quy trình sản xuất bền vững (SPE)
170307,VGU,ky-thuat-quy-trinh-san-xuat-ben-vung,A03,Điểm thi THPT,2025,19.0,Kỹ thuật quy trình sản xuất bền vững (SPE)
170308,VGU,ky-thuat-quy-trinh-san-xuat-ben-vung,A04,Điểm thi THPT,2025,19.0,Kỹ thuật quy trình sản xuất bền vững (SPE)
170309,VGU,ky-thuat-quy-trinh-san-xuat-ben-vung,A05,Điểm thi THPT,2025,19.0,Kỹ thuật quy trình sản xuất bền vững (SPE)
170310,VGU,ky-thuat-quy-trinh-san-xuat-ben-vung,A06,Điểm thi THPT,2025,19.0,Kỹ thuật quy trình sản xuất bền vững (SPE)
170311,VGU,ky-thuat-quy-trinh-san-xuat-ben-vung,B00,Điểm thi THPT,2025,19.0,Kỹ thuật quy trình sản xuất bền vững (SPE)
170312,VGU,ky-thuat-quy-trinh-san-xuat-ben-vung,B02,Điểm thi THPT,2025,19.0,Kỹ thuật quy trình sản xuất bền vững (SPE)
170313,VGU,ky-thuat-quy-trinh-san-xuat-ben-vung,B03,Điểm thi THPT,2025,19.0,Kỹ thuật quy trình sản xuất bền vững (SPE)
170314,VGU,ky-thuat-quy-trinh-san-xuat-ben-vung,B08,Điểm thi THPT,2025,19.0,Kỹ thuật quy trình sản xuất bền vững (SPE)
170315,VGU,ky-thuat-quy-trinh-san-xuat-ben-vung,C01,Điểm thi THPT,2025,19.0,Kỹ thuật quy trình sản xuất bền vững (SPE)
170316,VGU,ky-thuat-quy-trinh-san-xuat-ben-vung,C02,Điểm thi THPT,2025,19.0,Kỹ thuật quy trình sản xuất bền vững (SPE)
170317,VGU,ky-thuat-quy-trinh-san-xuat-ben-vung,D01,Điểm thi THPT,2025,19.0,Kỹ thuật quy trình sản xuất bền vững (SPE)
170318,VGU,ky-thuat-quy-trinh-san-xuat-ben-vung,D07,Điểm thi THPT,2025,19.0,Kỹ thuật quy trình sản xuất bền vững (SPE)
170319,VGU,ky-thuat-quy-trinh-san-xuat-ben-vung,D08,Điểm thi THPT,2025,19.0,Kỹ thuật quy trình sản xuất bền vững (SPE)
170320,VGU,ky-thuat-quy-trinh-san-xuat-ben-vung,D21,Điểm thi THPT,2025,19.0,Kỹ thuật quy trình sản xuất bền vững (SPE)
170321,VGU,ky-thuat-quy-trinh-san-xuat-ben-vung,D22,Điểm thi THPT,2025,19.0,Kỹ thuật quy trình sản xuất bền vững (SPE)
170322,VGU,ky-thuat-quy-trinh-san-xuat-ben-vung,D23,Điểm thi THPT,2025,19.0,Kỹ thuật quy trình sản xuất bền vững (SPE)
170323,VGU,ky-thuat-quy-trinh-san-xuat-ben-vung,D24,Điểm thi THPT,2025,19.0,Kỹ thuật quy trình sản xuất bền vững (SPE)
170324,VGU,ky-thuat-quy-trinh-san-xuat-ben-vung,D25,Điểm thi THPT,2025,19.0,Kỹ thuật quy trình sản xuất bền vững (SPE)
170325,VGU,ky-thuat-quy-trinh-san-xuat-ben-vung,D26,Điểm thi THPT,2025,19.0,Kỹ thuật quy trình sản xuất bền vững (SPE)
170326,VGU,ky-thuat-quy-trinh-san-xuat-ben-vung,D27,Điểm thi THPT,2025,19.0,Kỹ thuật quy trình sản xuất bền vững (SPE)
170327,VGU,ky-thuat-quy-trinh-san-xuat-ben-vung,D28,Điểm thi THPT,2025,19.0,Kỹ thuật quy trình sản xuất bền vững (SPE)
170328,VGU,ky-thuat-quy-trinh-san-xuat-ben-vung,D29,Điểm thi THPT,2025,19.0,Kỹ thuật quy trình sản xuất bền vững (SPE)
170329,VGU,ky-thuat-quy-trinh-san-xuat-ben-vung,D30,Điểm thi THPT,2025,19.0,Kỹ thuật quy trình sản xuất bền vững (SPE)
170330,VGU,ky-thuat-quy-trinh-san-xuat-ben-vung,D31,Điểm thi THPT,2025,19.0,Kỹ thuật quy trình sản xuất bền vững (SPE)
170331,VGU,ky-thuat-quy-trinh-san-xuat-ben-vung,D32,Điểm thi THPT,2025,19.0,Kỹ thuật quy trình sản xuất bền vững (SPE)
170332,VGU,ky-thuat-quy-trinh-san-xuat-ben-vung,D33,Điểm thi THPT,2025,19.0,Kỹ thuật quy trình sản xuất bền vững (SPE)
170333,VGU,ky-thuat-quy-trinh-san-xuat-ben-vung,D34,Điểm thi THPT,2025,19.0,Kỹ thuật quy trình sản xuất bền vững (SPE)
170334,VGU,ky-thuat-quy-trinh-san-xuat-ben-vung,D35,Điểm thi THPT,2025,19.0,Kỹ thuật quy trình sản xuất bền vững (SPE)
170335,VGU,ky-thuat-quy-trinh-san-xuat-ben-vung,X05,Điểm thi THPT,2025,19.0,Kỹ thuật quy trình sản xuất bền vững (SPE)
170336,VGU,ky-thuat-quy-trinh-san-xuat-ben-vung,X06,Điểm thi THPT,2025,19.0,Kỹ thuật quy trình sản xuất bền vững (SPE)
170337,VGU,ky-thuat-quy-trinh-san-xuat-ben-vung,X07,Điểm thi THPT,2025,19.0,Kỹ thuật quy trình sản xuất bền vững (SPE)
170338,VGU,ky-thuat-quy-trinh-san-xuat-ben-vung,X08,Điểm thi THPT,2025,19.0,Kỹ thuật quy trình sản xuất bền vững (SPE)
170339,VGU,ky-thuat-quy-trinh-san-xuat-ben-vung,X09,Điểm thi THPT,2025,19.0,Kỹ thuật quy trình sản xuất bền vững (SPE)
170340,VGU,ky-thuat-quy-trinh-san-xuat-ben-vung,X13,Điểm thi THPT,2025,19.0,Kỹ thuật quy trình sản xuất bền vững (SPE)
170341,VGU,ky-thuat-quy-trinh-san-xuat-ben-vung,X14,Điểm thi THPT,2025,19.0,Kỹ thuật quy trình sản xuất bền vững (SPE)
170342,VGU,ky-thuat-quy-trinh-san-xuat-ben-vung,X15,Điểm thi THPT,2025,19.0,Kỹ thuật quy trình sản xuất bền vững (SPE)
170343,VGU,ky-thuat-quy-trinh-san-xuat-ben-vung,X16,Điểm thi THPT,2025,19.0,Kỹ thuật quy trình sản xuất bền vững (SPE)
170344,VGU,ky-thuat-quy-trinh-san-xuat-ben-vung,X25,Điểm thi THPT,2025,19.0,Kỹ thuật quy trình sản xuất bền vững (SPE)
170345,VGU,ky-thuat-quy-trinh-san-xuat-ben-vung,X26,Điểm thi THPT,2025,19.0,Kỹ thuật quy trình sản xuất bền vững (SPE)
170346,VGU,ky-thuat-quy-trinh-san-xuat-ben-vung,X27,Điểm thi THPT,2025,19.0,Kỹ thuật quy trình sản xuất bền vững (SPE)
170347,VGU,ky-thuat-quy-trinh-san-xuat-ben-vung,X28,Điểm thi THPT,2025,19.0,Kỹ thuật quy trình sản xuất bền vững (SPE)
170348,VGU,ky-thuat-quy-trinh-va-moi-truong,A00,Điểm học bạ,2024,7.5,Kỹ thuật quy trình và môi trường (EPE)
170349,VGU,ky-thuat-quy-trinh-va-moi-truong,A01,Điểm học bạ,2024,7.5,Kỹ thuật quy trình và môi trường (EPE)
170350,VGU,ky-thuat-quy-trinh-va-moi-truong,B00,Điểm học bạ,2024,7.5,Kỹ thuật quy trình và môi trường (EPE)
170351,VGU,ky-thuat-quy-trinh-va-moi-truong,D07,Điểm học bạ,2024,7.5,Kỹ thuật quy trình và môi trường (EPE)
170352,VGU,ky-thuat-quy-trinh-va-moi-truong,A00,Điểm thi THPT,2024,19.0,Kỹ thuật quy trình và môi trường (Kỹ thuật quy trình sản xuất bền vững) (EPE)
170353,VGU,ky-thuat-quy-trinh-va-moi-truong,A01,Điểm thi THPT,2024,19.0,Kỹ thuật quy trình và môi trường (Kỹ thuật quy trình sản xuất bền vững) (EPE)
170354,VGU,ky-thuat-quy-trinh-va-moi-truong,B00,Điểm thi THPT,2024,19.0,Kỹ thuật quy trình và môi trường (Kỹ thuật quy trình sản xuất bền vững) (EPE)
170355,VGU,ky-thuat-quy-trinh-va-moi-truong,D07,Điểm thi THPT,2024,19.0,Kỹ thuật quy trình và môi trường (Kỹ thuật quy trình sản xuất bền vững) (EPE)
170356,VGU,ky-thuat-va-quan-ly-xay-dung,A00,Điểm học bạ,2024,7.0,Kỹ thuật và quàn lý xây dựng (BCE)
170357,VGU,ky-thuat-va-quan-ly-xay-dung,A01,Điểm học bạ,2024,7.0,Kỹ thuật và quàn lý xây dựng (BCE)
170358,VGU,ky-thuat-va-quan-ly-xay-dung,D07,Điểm học bạ,2024,7.0,Kỹ thuật và quàn lý xây dựng (BCE)
170359,VGU,ky-thuat-va-quan-ly-xay-dung,D26,Điểm học bạ,2024,7.0,Kỹ thuật và quàn lý xây dựng (BCE)
170360,VGU,ky-thuat-va-quan-ly-xay-dung,A00,Điểm thi THPT,2024,18.0,Kỹ thuật và quản lý xây dựng (BCE)
170361,VGU,ky-thuat-va-quan-ly-xay-dung,A01,Điểm thi THPT,2024,18.0,Kỹ thuật và quản lý xây dựng (BCE)
170362,VGU,ky-thuat-va-quan-ly-xay-dung,D07,Điểm thi THPT,2024,18.0,Kỹ thuật và quản lý xây dựng (BCE)
170363,VGU,ky-thuat-va-quan-ly-xay-dung,D26,Điểm thi THPT,2024,18.0,Kỹ thuật và quản lý xây dựng (BCE)
170364,VGU,ky-thuat-va-quan-ly-xay-dung,A00,Điểm học bạ,2025,18.0,Kỹ thuật và quản lý xây dựng (BCE)
170365,VGU,ky-thuat-va-quan-ly-xay-dung,A01,Điểm học bạ,2025,18.0,Kỹ thuật và quản lý xây dựng (BCE)
170366,VGU,ky-thuat-va-quan-ly-xay-dung,A04,Điểm học bạ,2025,18.0,Kỹ thuật và quản lý xây dựng (BCE)
170367,VGU,ky-thuat-va-quan-ly-xay-dung,C01,Điểm học bạ,2025,18.0,Kỹ thuật và quản lý xây dựng (BCE)
170368,VGU,ky-thuat-va-quan-ly-xay-dung,D01,Điểm học bạ,2025,18.0,Kỹ thuật và quản lý xây dựng (BCE)
170369,VGU,ky-thuat-va-quan-ly-xay-dung,D07,Điểm học bạ,2025,18.0,Kỹ thuật và quản lý xây dựng (BCE)
170370,VGU,ky-thuat-va-quan-ly-xay-dung,D21,Điểm học bạ,2025,18.0,Kỹ thuật và quản lý xây dựng (BCE)
170371,VGU,ky-thuat-va-quan-ly-xay-dung,D22,Điểm học bạ,2025,18.0,Kỹ thuật và quản lý xây dựng (BCE)
170372,VGU,ky-thuat-va-quan-ly-xay-dung,D23,Điểm học bạ,2025,18.0,Kỹ thuật và quản lý xây dựng (BCE)
170373,VGU,ky-thuat-va-quan-ly-xay-dung,D24,Điểm học bạ,2025,18.0,Kỹ thuật và quản lý xây dựng (BCE)
170374,VGU,ky-thuat-va-quan-ly-xay-dung,D25,Điểm học bạ,2025,18.0,Kỹ thuật và quản lý xây dựng (BCE)
170375,VGU,ky-thuat-va-quan-ly-xay-dung,D26,Điểm học bạ,2025,18.0,Kỹ thuật và quản lý xây dựng (BCE)
170376,VGU,ky-thuat-va-quan-ly-xay-dung,D27,Điểm học bạ,2025,18.0,Kỹ thuật và quản lý xây dựng (BCE)
170377,VGU,ky-thuat-va-quan-ly-xay-dung,D28,Điểm học bạ,2025,18.0,Kỹ thuật và quản lý xây dựng (BCE)
170378,VGU,ky-thuat-va-quan-ly-xay-dung,D29,Điểm học bạ,2025,18.0,Kỹ thuật và quản lý xây dựng (BCE)
170379,VGU,ky-thuat-va-quan-ly-xay-dung,D30,Điểm học bạ,2025,18.0,Kỹ thuật và quản lý xây dựng (BCE)
170380,VGU,ky-thuat-va-quan-ly-xay-dung,X06,Điểm học bạ,2025,18.0,Kỹ thuật và quản lý xây dựng (BCE)
170381,VGU,ky-thuat-va-quan-ly-xay-dung,X07,Điểm học bạ,2025,18.0,Kỹ thuật và quản lý xây dựng (BCE)
170382,VGU,ky-thuat-va-quan-ly-xay-dung,X26,Điểm học bạ,2025,18.0,Kỹ thuật và quản lý xây dựng (BCE)
170383,VGU,ky-thuat-va-quan-ly-xay-dung,X27,Điểm học bạ,2025,18.0,Kỹ thuật và quản lý xây dựng (BCE)
170384,VGU,ky-thuat-va-quan-ly-xay-dung,A00,Điểm thi THPT,2025,18.0,Kỹ thuật và quản lý xây dựng (BCE)
170385,VGU,ky-thuat-va-quan-ly-xay-dung,A01,Điểm thi THPT,2025,18.0,Kỹ thuật và quản lý xây dựng (BCE)
170386,VGU,ky-thuat-va-quan-ly-xay-dung,A04,Điểm thi THPT,2025,18.0,Kỹ thuật và quản lý xây dựng (BCE)
170387,VGU,ky-thuat-va-quan-ly-xay-dung,C01,Điểm thi THPT,2025,18.0,Kỹ thuật và quản lý xây dựng (BCE)
170388,VGU,ky-thuat-va-quan-ly-xay-dung,D01,Điểm thi THPT,2025,18.0,Kỹ thuật và quản lý xây dựng (BCE)
170389,VGU,ky-thuat-va-quan-ly-xay-dung,D07,Điểm thi THPT,2025,18.0,Kỹ thuật và quản lý xây dựng (BCE)
170390,VGU,ky-thuat-va-quan-ly-xay-dung,D21,Điểm thi THPT,2025,18.0,Kỹ thuật và quản lý xây dựng (BCE)
170391,VGU,ky-thuat-va-quan-ly-xay-dung,D22,Điểm thi THPT,2025,18.0,Kỹ thuật và quản lý xây dựng (BCE)
170392,VGU,ky-thuat-va-quan-ly-xay-dung,D23,Điểm thi THPT,2025,18.0,Kỹ thuật và quản lý xây dựng (BCE)
170393,VGU,ky-thuat-va-quan-ly-xay-dung,D24,Điểm thi THPT,2025,18.0,Kỹ thuật và quản lý xây dựng (BCE)
170394,VGU,ky-thuat-va-quan-ly-xay-dung,D25,Điểm thi THPT,2025,18.0,Kỹ thuật và quản lý xây dựng (BCE)
170395,VGU,ky-thuat-va-quan-ly-xay-dung,D26,Điểm thi THPT,2025,18.0,Kỹ thuật và quản lý xây dựng (BCE)
170396,VGU,ky-thuat-va-quan-ly-xay-dung,D27,Điểm thi THPT,2025,18.0,Kỹ thuật và quản lý xây dựng (BCE)
170397,VGU,ky-thuat-va-quan-ly-xay-dung,D28,Điểm thi THPT,2025,18.0,Kỹ thuật và quản lý xây dựng (BCE)
170398,VGU,ky-thuat-va-quan-ly-xay-dung,D29,Điểm thi THPT,2025,18.0,Kỹ thuật và quản lý xây dựng (BCE)
170399,VGU,ky-thuat-va-quan-ly-xay-dung,D30,Điểm thi THPT,2025,18.0,Kỹ thuật và quản lý xây dựng (BCE)
170400,VGU,ky-thuat-va-quan-ly-xay-dung,X06,Điểm thi THPT,2025,18.0,Kỹ thuật và quản lý xây dựng (BCE)
170401,VGU,ky-thuat-va-quan-ly-xay-dung,X07,Điểm thi THPT,2025,18.0,Kỹ thuật và quản lý xây dựng (BCE)
170402,VGU,ky-thuat-va-quan-ly-xay-dung,X26,Điểm thi THPT,2025,18.0,Kỹ thuật và quản lý xây dựng (BCE)
170403,VGU,ky-thuat-va-quan-ly-xay-dung,X27,Điểm thi THPT,2025,18.0,Kỹ thuật và quản lý xây dựng (BCE)
170404,VGU,ky-thuat-xay-dung,A00,Điểm thi THPT,2021,19.0,Kỹ thuật xây dựng (BCE)
170405,VGU,ky-thuat-xay-dung,A01,Điểm thi THPT,2021,19.0,Kỹ thuật xây dựng (BCE)
170406,VGU,ky-thuat-xay-dung,D07,Điểm thi THPT,2021,19.0,Kỹ thuật xây dựng (BCE)
170407,VGU,ky-thuat-xay-dung,A00,Điểm học bạ,2022,7.0,Kỹ thuật xây dựng (BCE)
170408,VGU,ky-thuat-xay-dung,A01,Điểm học bạ,2022,7.0,Kỹ thuật xây dựng (BCE)
170409,VGU,ky-thuat-xay-dung,D07,Điểm học bạ,2022,7.0,Kỹ thuật xây dựng (BCE)
170410,VGU,ky-thuat-xay-dung,A00,Điểm thi THPT,2022,18.0,Kỹ thuật xây dựng (BCE)
170411,VGU,ky-thuat-xay-dung,A01,Điểm thi THPT,2022,18.0,Kỹ thuật xây dựng (BCE)
170412,VGU,ky-thuat-xay-dung,D07,Điểm thi THPT,2022,18.0,Kỹ thuật xây dựng (BCE)
170413,VGU,ky-thuat-xay-dung,A00,Điểm học bạ,2023,7.0,Kỹ thuật xây dựng (BCE)
170414,VGU,ky-thuat-xay-dung,A01,Điểm học bạ,2023,7.0,Kỹ thuật xây dựng (BCE)
170415,VGU,ky-thuat-xay-dung,D07,Điểm học bạ,2023,7.0,Kỹ thuật xây dựng (BCE)
170416,VGU,ky-thuat-xay-dung,A00,Điểm thi THPT,2023,18.0,Kỹ thuật xây dựng (BCE)
170417,VGU,ky-thuat-xay-dung,A01,Điểm thi THPT,2023,18.0,Kỹ thuật xây dựng (BCE)
170418,VGU,ky-thuat-xay-dung,D07,Điểm thi THPT,2023,18.0,Kỹ thuật xây dựng (BCE)
170419,VGU,quan-tri-kinh-doanh,A00,Điểm thi THPT,2021,20.0,Quản trị kinh doanh (BBA)
170420,VGU,quan-tri-kinh-doanh,A01,Điểm thi THPT,2021,20.0,Quản trị kinh doanh (BBA)
170421,VGU,quan-tri-kinh-doanh,D01,Điểm thi THPT,2021,20.0,Quản trị kinh doanh (BBA)
170422,VGU,quan-tri-kinh-doanh,D03,Điểm thi THPT,2021,20.0,Quản trị kinh doanh (BBA)
170423,VGU,quan-tri-kinh-doanh,D05,Điểm thi THPT,2021,20.0,Quản trị kinh doanh (BBA)
170424,VGU,quan-tri-kinh-doanh,A00,Điểm học bạ,2022,7.5,Quản trị kinh doanh (BBA)
170425,VGU,quan-tri-kinh-doanh,A01,Điểm học bạ,2022,7.5,Quản trị kinh doanh (BBA)
170426,VGU,quan-tri-kinh-doanh,D01,Điểm học bạ,2022,7.5,Quản trị kinh doanh (BBA)
170427,VGU,quan-tri-kinh-doanh,D03,Điểm học bạ,2022,7.5,Quản trị kinh doanh (BBA)
170428,VGU,quan-tri-kinh-doanh,D05,Điểm học bạ,2022,7.5,Quản trị kinh doanh (BBA)
170429,VGU,quan-tri-kinh-doanh,A00,Điểm thi THPT,2022,20.0,Quản trị kinh doanh (BBA)
170430,VGU,quan-tri-kinh-doanh,A01,Điểm thi THPT,2022,20.0,Quản trị kinh doanh (BBA)
170431,VGU,quan-tri-kinh-doanh,D01,Điểm thi THPT,2022,20.0,Quản trị kinh doanh (BBA)
170432,VGU,quan-tri-kinh-doanh,D03,Điểm thi THPT,2022,20.0,Quản trị kinh doanh (BBA)
170433,VGU,quan-tri-kinh-doanh,D05,Điểm thi THPT,2022,20.0,Quản trị kinh doanh (BBA)
170434,VGU,quan-tri-kinh-doanh,A00,Điểm học bạ,2023,7.5,Quản trị kinh doanh (BBA)
170435,VGU,quan-tri-kinh-doanh,A01,Điểm học bạ,2023,7.5,Quản trị kinh doanh (BBA)
170436,VGU,quan-tri-kinh-doanh,D01,Điểm học bạ,2023,7.5,Quản trị kinh doanh (BBA)
170437,VGU,quan-tri-kinh-doanh,D03,Điểm học bạ,2023,7.5,Quản trị kinh doanh (BBA)
170438,VGU,quan-tri-kinh-doanh,D05,Điểm học bạ,2023,7.5,Quản trị kinh doanh (BBA)
170439,VGU,quan-tri-kinh-doanh,D07,Điểm học bạ,2023,7.5,Quản trị kinh doanh (BBA)
170440,VGU,quan-tri-kinh-doanh,A00,Điểm thi THPT,2023,20.0,Quản trị kinh doanh (BBA)
170441,VGU,quan-tri-kinh-doanh,A01,Điểm thi THPT,2023,20.0,Quản trị kinh doanh (BBA)
170442,VGU,quan-tri-kinh-doanh,D01,Điểm thi THPT,2023,20.0,Quản trị kinh doanh (BBA)
170443,VGU,quan-tri-kinh-doanh,D03,Điểm thi THPT,2023,20.0,Quản trị kinh doanh (BBA)
170444,VGU,quan-tri-kinh-doanh,D05,Điểm thi THPT,2023,20.0,Quản trị kinh doanh (BBA)
170445,VGU,quan-tri-kinh-doanh,D07,Điểm thi THPT,2023,20.0,Quản trị kinh doanh (BBA)
170446,VGU,quan-tri-kinh-doanh,A00,Điểm học bạ,2024,7.5,Quản trị kinh doanh (BBA)
170447,VGU,quan-tri-kinh-doanh,A01,Điểm học bạ,2024,7.5,Quản trị kinh doanh (BBA)
170448,VGU,quan-tri-kinh-doanh,D01,Điểm học bạ,2024,7.5,Quản trị kinh doanh (BBA)
170449,VGU,quan-tri-kinh-doanh,D03,Điểm học bạ,2024,7.5,Quản trị kinh doanh (BBA)
170450,VGU,quan-tri-kinh-doanh,D05,Điểm học bạ,2024,7.5,Quản trị kinh doanh (BBA)
170451,VGU,quan-tri-kinh-doanh,D07,Điểm học bạ,2024,7.5,Quản trị kinh doanh (BBA)
170452,VGU,quan-tri-kinh-doanh,A00,Điểm thi THPT,2024,20.0,Quản trị kinh doanh (BBA)
170453,VGU,quan-tri-kinh-doanh,A01,Điểm thi THPT,2024,20.0,Quản trị kinh doanh (BBA)
170454,VGU,quan-tri-kinh-doanh,D01,Điểm thi THPT,2024,20.0,Quản trị kinh doanh (BBA)
170455,VGU,quan-tri-kinh-doanh,D03,Điểm thi THPT,2024,20.0,Quản trị kinh doanh (BBA)
170456,VGU,quan-tri-kinh-doanh,D05,Điểm thi THPT,2024,20.0,Quản trị kinh doanh (BBA)
170457,VGU,quan-tri-kinh-doanh,D07,Điểm thi THPT,2024,20.0,Quản trị kinh doanh (BBA)
170458,VGU,quan-tri-kinh-doanh,A00,Điểm học bạ,2025,20.0,Quản trị kinh doanh (BBA)
170459,VGU,quan-tri-kinh-doanh,A01,Điểm học bạ,2025,20.0,Quản trị kinh doanh (BBA)
170460,VGU,quan-tri-kinh-doanh,A02,Điểm học bạ,2025,20.0,Quản trị kinh doanh (BBA)
170461,VGU,quan-tri-kinh-doanh,A03,Điểm học bạ,2025,20.0,Quản trị kinh doanh (BBA)
170462,VGU,quan-tri-kinh-doanh,A04,Điểm học bạ,2025,20.0,Quản trị kinh doanh (BBA)
170463,VGU,quan-tri-kinh-doanh,A05,Điểm học bạ,2025,20.0,Quản trị kinh doanh (BBA)
170464,VGU,quan-tri-kinh-doanh,A06,Điểm học bạ,2025,20.0,Quản trị kinh doanh (BBA)
170465,VGU,quan-tri-kinh-doanh,B00,Điểm học bạ,2025,20.0,Quản trị kinh doanh (BBA)
170466,VGU,quan-tri-kinh-doanh,B02,Điểm học bạ,2025,20.0,Quản trị kinh doanh (BBA)
170467,VGU,quan-tri-kinh-doanh,B03,Điểm học bạ,2025,20.0,Quản trị kinh doanh (BBA)
170468,VGU,quan-tri-kinh-doanh,B08,Điểm học bạ,2025,20.0,Quản trị kinh doanh (BBA)
170469,VGU,quan-tri-kinh-doanh,C01,Điểm học bạ,2025,20.0,Quản trị kinh doanh (BBA)
170470,VGU,quan-tri-kinh-doanh,C02,Điểm học bạ,2025,20.0,Quản trị kinh doanh (BBA)
170471,VGU,quan-tri-kinh-doanh,D07,Điểm học bạ,2025,20.0,Quản trị kinh doanh (BBA)
170472,VGU,quan-tri-kinh-doanh,D08,Điểm học bạ,2025,20.0,Quản trị kinh doanh (BBA)
170473,VGU,quan-tri-kinh-doanh,D21,Điểm học bạ,2025,20.0,Quản trị kinh doanh (BBA)
170474,VGU,quan-tri-kinh-doanh,D22,Điểm học bạ,2025,20.0,Quản trị kinh doanh (BBA)
170475,VGU,quan-tri-kinh-doanh,D23,Điểm học bạ,2025,20.0,Quản trị kinh doanh (BBA)
170476,VGU,quan-tri-kinh-doanh,D24,Điểm học bạ,2025,20.0,Quản trị kinh doanh (BBA)
170477,VGU,quan-tri-kinh-doanh,D25,Điểm học bạ,2025,20.0,Quản trị kinh doanh (BBA)
170478,VGU,quan-tri-kinh-doanh,D26,Điểm học bạ,2025,20.0,Quản trị kinh doanh (BBA)
170479,VGU,quan-tri-kinh-doanh,D27,Điểm học bạ,2025,20.0,Quản trị kinh doanh (BBA)
170480,VGU,quan-tri-kinh-doanh,D28,Điểm học bạ,2025,20.0,Quản trị kinh doanh (BBA)
170481,VGU,quan-tri-kinh-doanh,D29,Điểm học bạ,2025,20.0,Quản trị kinh doanh (BBA)
170482,VGU,quan-tri-kinh-doanh,D30,Điểm học bạ,2025,20.0,Quản trị kinh doanh (BBA)
170483,VGU,quan-tri-kinh-doanh,D31,Điểm học bạ,2025,20.0,Quản trị kinh doanh (BBA)
170484,VGU,quan-tri-kinh-doanh,D32,Điểm học bạ,2025,20.0,Quản trị kinh doanh (BBA)
170485,VGU,quan-tri-kinh-doanh,D33,Điểm học bạ,2025,20.0,Quản trị kinh doanh (BBA)
170486,VGU,quan-tri-kinh-doanh,D34,Điểm học bạ,2025,20.0,Quản trị kinh doanh (BBA)
170487,VGU,quan-tri-kinh-doanh,D35,Điểm học bạ,2025,20.0,Quản trị kinh doanh (BBA)
170488,VGU,quan-tri-kinh-doanh,X02,Điểm học bạ,2025,20.0,Quản trị kinh doanh (BBA)
170489,VGU,quan-tri-kinh-doanh,X03,Điểm học bạ,2025,20.0,Quản trị kinh doanh (BBA)
170490,VGU,quan-tri-kinh-doanh,X04,Điểm học bạ,2025,20.0,Quản trị kinh doanh (BBA)
170491,VGU,quan-tri-kinh-doanh,X05,Điểm học bạ,2025,20.0,Quản trị kinh doanh (BBA)
170492,VGU,quan-tri-kinh-doanh,X06,Điểm học bạ,2025,20.0,Quản trị kinh doanh (BBA)
170493,VGU,quan-tri-kinh-doanh,X07,Điểm học bạ,2025,20.0,Quản trị kinh doanh (BBA)
170494,VGU,quan-tri-kinh-doanh,X08,Điểm học bạ,2025,20.0,Quản trị kinh doanh (BBA)
170495,VGU,quan-tri-kinh-doanh,X09,Điểm học bạ,2025,20.0,Quản trị kinh doanh (BBA)
170496,VGU,quan-tri-kinh-doanh,X13,Điểm học bạ,2025,20.0,Quản trị kinh doanh (BBA)
170497,VGU,quan-tri-kinh-doanh,X14,Điểm học bạ,2025,20.0,Quản trị kinh doanh (BBA)
170498,VGU,quan-tri-kinh-doanh,X15,Điểm học bạ,2025,20.0,Quản trị kinh doanh (BBA)
170499,VGU,quan-tri-kinh-doanh,X16,Điểm học bạ,2025,20.0,Quản trị kinh doanh (BBA)
170500,VGU,quan-tri-kinh-doanh,X29,Điểm học bạ,2025,20.0,Quản trị kinh doanh (BBA)
170501,VGU,quan-tri-kinh-doanh,A00,Điểm thi THPT,2025,20.0,Quản trị kinh doanh (BBA)
170502,VGU,quan-tri-kinh-doanh,A01,Điểm thi THPT,2025,20.0,Quản trị kinh doanh (BBA)
170503,VGU,quan-tri-kinh-doanh,A02,Điểm thi THPT,2025,20.0,Quản trị kinh doanh (BBA)
170504,VGU,quan-tri-kinh-doanh,A03,Điểm thi THPT,2025,20.0,Quản trị kinh doanh (BBA)
170505,VGU,quan-tri-kinh-doanh,A04,Điểm thi THPT,2025,20.0,Quản trị kinh doanh (BBA)
170506,VGU,quan-tri-kinh-doanh,A05,Điểm thi THPT,2025,20.0,Quản trị kinh doanh (BBA)
170507,VGU,quan-tri-kinh-doanh,A06,Điểm thi THPT,2025,20.0,Quản trị kinh doanh (BBA)
170508,VGU,quan-tri-kinh-doanh,B00,Điểm thi THPT,2025,20.0,Quản trị kinh doanh (BBA)
170509,VGU,quan-tri-kinh-doanh,B02,Điểm thi THPT,2025,20.0,Quản trị kinh doanh (BBA)
170510,VGU,quan-tri-kinh-doanh,B03,Điểm thi THPT,2025,20.0,Quản trị kinh doanh (BBA)
170511,VGU,quan-tri-kinh-doanh,B08,Điểm thi THPT,2025,20.0,Quản trị kinh doanh (BBA)
170512,VGU,quan-tri-kinh-doanh,C01,Điểm thi THPT,2025,20.0,Quản trị kinh doanh (BBA)
170513,VGU,quan-tri-kinh-doanh,C02,Điểm thi THPT,2025,20.0,Quản trị kinh doanh (BBA)
170514,VGU,quan-tri-kinh-doanh,D07,Điểm thi THPT,2025,20.0,Quản trị kinh doanh (BBA)
170515,VGU,quan-tri-kinh-doanh,D08,Điểm thi THPT,2025,20.0,Quản trị kinh doanh (BBA)
170516,VGU,quan-tri-kinh-doanh,D21,Điểm thi THPT,2025,20.0,Quản trị kinh doanh (BBA)
170517,VGU,quan-tri-kinh-doanh,D22,Điểm thi THPT,2025,20.0,Quản trị kinh doanh (BBA)
170518,VGU,quan-tri-kinh-doanh,D23,Điểm thi THPT,2025,20.0,Quản trị kinh doanh (BBA)
170519,VGU,quan-tri-kinh-doanh,D24,Điểm thi THPT,2025,20.0,Quản trị kinh doanh (BBA)
170520,VGU,quan-tri-kinh-doanh,D25,Điểm thi THPT,2025,20.0,Quản trị kinh doanh (BBA)
170521,VGU,quan-tri-kinh-doanh,D26,Điểm thi THPT,2025,20.0,Quản trị kinh doanh (BBA)
170522,VGU,quan-tri-kinh-doanh,D27,Điểm thi THPT,2025,20.0,Quản trị kinh doanh (BBA)
170523,VGU,quan-tri-kinh-doanh,D28,Điểm thi THPT,2025,20.0,Quản trị kinh doanh (BBA)
170524,VGU,quan-tri-kinh-doanh,D29,Điểm thi THPT,2025,20.0,Quản trị kinh doanh (BBA)
170525,VGU,quan-tri-kinh-doanh,D30,Điểm thi THPT,2025,20.0,Quản trị kinh doanh (BBA)
170526,VGU,quan-tri-kinh-doanh,D31,Điểm thi THPT,2025,20.0,Quản trị kinh doanh (BBA)
170527,VGU,quan-tri-kinh-doanh,D32,Điểm thi THPT,2025,20.0,Quản trị kinh doanh (BBA)
170528,VGU,quan-tri-kinh-doanh,D33,Điểm thi THPT,2025,20.0,Quản trị kinh doanh (BBA)
170529,VGU,quan-tri-kinh-doanh,D34,Điểm thi THPT,2025,20.0,Quản trị kinh doanh (BBA)
170530,VGU,quan-tri-kinh-doanh,D35,Điểm thi THPT,2025,20.0,Quản trị kinh doanh (BBA)
170531,VGU,quan-tri-kinh-doanh,X02,Điểm thi THPT,2025,20.0,Quản trị kinh doanh (BBA)
170532,VGU,quan-tri-kinh-doanh,X03,Điểm thi THPT,2025,20.0,Quản trị kinh doanh (BBA)
170533,VGU,quan-tri-kinh-doanh,X04,Điểm thi THPT,2025,20.0,Quản trị kinh doanh (BBA)
170534,VGU,quan-tri-kinh-doanh,X05,Điểm thi THPT,2025,20.0,Quản trị kinh doanh (BBA)
170535,VGU,quan-tri-kinh-doanh,X06,Điểm thi THPT,2025,20.0,Quản trị kinh doanh (BBA)
170536,VGU,quan-tri-kinh-doanh,X07,Điểm thi THPT,2025,20.0,Quản trị kinh doanh (BBA)
170537,VGU,quan-tri-kinh-doanh,X08,Điểm thi THPT,2025,20.0,Quản trị kinh doanh (BBA)
170538,VGU,quan-tri-kinh-doanh,X09,Điểm thi THPT,2025,20.0,Quản trị kinh doanh (BBA)
170539,VGU,quan-tri-kinh-doanh,X13,Điểm thi THPT,2025,20.0,Quản trị kinh doanh (BBA)
170540,VGU,quan-tri-kinh-doanh,X14,Điểm thi THPT,2025,20.0,Quản trị kinh doanh (BBA)
170541,VGU,quan-tri-kinh-doanh,X15,Điểm thi THPT,2025,20.0,Quản trị kinh doanh (BBA)
170542,VGU,quan-tri-kinh-doanh,X16,Điểm thi THPT,2025,20.0,Quản trị kinh doanh (BBA)
170543,VGU,quan-tri-kinh-doanh,X29,Điểm thi THPT,2025,20.0,Quản trị kinh doanh (BBA)
170544,VGU,tai-chinh-ke-toan,A00,Điểm học bạ,2022,7.5,Tài chính kế toán (BFA)
170545,VGU,tai-chinh-ke-toan,A01,Điểm học bạ,2022,7.5,Tài chính kế toán (BFA)
170546,VGU,tai-chinh-ke-toan,D01,Điểm học bạ,2022,7.5,Tài chính kế toán (BFA)
170547,VGU,tai-chinh-ke-toan,D03,Điểm học bạ,2022,7.5,Tài chính kế toán (BFA)
170548,VGU,tai-chinh-ke-toan,D05,Điểm học bạ,2022,7.5,Tài chính kế toán (BFA)
170549,VGU,tai-chinh-ke-toan,A00,Điểm thi THPT,2022,20.0,Tài chính kế toán (BFA)
170550,VGU,tai-chinh-ke-toan,A01,Điểm thi THPT,2022,20.0,Tài chính kế toán (BFA)
170551,VGU,tai-chinh-ke-toan,D01,Điểm thi THPT,2022,20.0,Tài chính kế toán (BFA)
170552,VGU,tai-chinh-ke-toan,D03,Điểm thi THPT,2022,20.0,Tài chính kế toán (BFA)
170553,VGU,tai-chinh-ke-toan,D05,Điểm thi THPT,2022,20.0,Tài chính kế toán (BFA)
170554,VGU,tai-chinh-va-ke-toan,A00,Điểm thi THPT,2021,20.0,Tài chính và Kế toán (BFA)
170555,VGU,tai-chinh-va-ke-toan,A01,Điểm thi THPT,2021,20.0,Tài chính và Kế toán (BFA)
170556,VGU,tai-chinh-va-ke-toan,D01,Điểm thi THPT,2021,20.0,Tài chính và Kế toán (BFA)
170557,VGU,tai-chinh-va-ke-toan,D03,Điểm thi THPT,2021,20.0,Tài chính và Kế toán (BFA)
170558,VGU,tai-chinh-va-ke-toan,D05,Điểm thi THPT,2021,20.0,Tài chính và Kế toán (BFA)
170559,VGU,tai-chinh-va-ke-toan,A00,Điểm học bạ,2023,7.5,Tài chính và Kế toán (BFA)
170560,VGU,tai-chinh-va-ke-toan,A01,Điểm học bạ,2023,7.5,Tài chính và Kế toán (BFA)
170561,VGU,tai-chinh-va-ke-toan,D01,Điểm học bạ,2023,7.5,Tài chính và Kế toán (BFA)
170562,VGU,tai-chinh-va-ke-toan,D03,Điểm học bạ,2023,7.5,Tài chính và Kế toán (BFA)
170563,VGU,tai-chinh-va-ke-toan,D05,Điểm học bạ,2023,7.5,Tài chính và Kế toán (BFA)
170564,VGU,tai-chinh-va-ke-toan,D07,Điểm học bạ,2023,7.5,Tài chính và Kế toán (BFA)
170565,VGU,tai-chinh-va-ke-toan,A00,Điểm thi THPT,2023,20.0,Tài chính và Kế toán (BFA)
170566,VGU,tai-chinh-va-ke-toan,A01,Điểm thi THPT,2023,20.0,Tài chính và Kế toán (BFA)
170567,VGU,tai-chinh-va-ke-toan,D01,Điểm thi THPT,2023,20.0,Tài chính và Kế toán (BFA)
170568,VGU,tai-chinh-va-ke-toan,D03,Điểm thi THPT,2023,20.0,Tài chính và Kế toán (BFA)
170569,VGU,tai-chinh-va-ke-toan,D05,Điểm thi THPT,2023,20.0,Tài chính và Kế toán (BFA)
170570,VGU,tai-chinh-va-ke-toan,D07,Điểm thi THPT,2023,20.0,Tài chính và Kế toán (BFA)
170571,VGU,tai-chinh-va-ke-toan,A00,Điểm học bạ,2024,7.5,Tài chính và Kế toán (BFA)
170572,VGU,tai-chinh-va-ke-toan,A01,Điểm học bạ,2024,7.5,Tài chính và Kế toán (BFA)
170573,VGU,tai-chinh-va-ke-toan,D01,Điểm học bạ,2024,7.5,Tài chính và Kế toán (BFA)
170574,VGU,tai-chinh-va-ke-toan,D03,Điểm học bạ,2024,7.5,Tài chính và Kế toán (BFA)
170575,VGU,tai-chinh-va-ke-toan,D05,Điểm học bạ,2024,7.5,Tài chính và Kế toán (BFA)
170576,VGU,tai-chinh-va-ke-toan,D08,Điểm học bạ,2024,7.5,Tài chính và Kế toán (BFA)
170577,VGU,tai-chinh-va-ke-toan,A00,Điểm thi THPT,2024,20.0,Tài chính và Kế toán (BFA)
170578,VGU,tai-chinh-va-ke-toan,A01,Điểm thi THPT,2024,20.0,Tài chính và Kế toán (BFA)
170579,VGU,tai-chinh-va-ke-toan,D01,Điểm thi THPT,2024,20.0,Tài chính và Kế toán (BFA)
170580,VGU,tai-chinh-va-ke-toan,D03,Điểm thi THPT,2024,20.0,Tài chính và Kế toán (BFA)
170581,VGU,tai-chinh-va-ke-toan,D05,Điểm thi THPT,2024,20.0,Tài chính và Kế toán (BFA)
170582,VGU,tai-chinh-va-ke-toan,D07,Điểm thi THPT,2024,20.0,Tài chính và Kế toán (BFA)
170583,VGU,tai-chinh-va-ke-toan,A00,Điểm học bạ,2025,20.0,Tài chính và Kế toán (BFA)
170584,VGU,tai-chinh-va-ke-toan,A01,Điểm học bạ,2025,20.0,Tài chính và Kế toán (BFA)
170585,VGU,tai-chinh-va-ke-toan,A02,Điểm học bạ,2025,20.0,Tài chính và Kế toán (BFA)
170586,VGU,tai-chinh-va-ke-toan,A03,Điểm học bạ,2025,20.0,Tài chính và Kế toán (BFA)
170587,VGU,tai-chinh-va-ke-toan,A04,Điểm học bạ,2025,20.0,Tài chính và Kế toán (BFA)
170588,VGU,tai-chinh-va-ke-toan,A05,Điểm học bạ,2025,20.0,Tài chính và Kế toán (BFA)
170589,VGU,tai-chinh-va-ke-toan,A06,Điểm học bạ,2025,20.0,Tài chính và Kế toán (BFA)
170590,VGU,tai-chinh-va-ke-toan,B00,Điểm học bạ,2025,20.0,Tài chính và Kế toán (BFA)
170591,VGU,tai-chinh-va-ke-toan,B02,Điểm học bạ,2025,20.0,Tài chính và Kế toán (BFA)
170592,VGU,tai-chinh-va-ke-toan,B03,Điểm học bạ,2025,20.0,Tài chính và Kế toán (BFA)
170593,VGU,tai-chinh-va-ke-toan,B08,Điểm học bạ,2025,20.0,Tài chính và Kế toán (BFA)
170594,VGU,tai-chinh-va-ke-toan,C01,Điểm học bạ,2025,20.0,Tài chính và Kế toán (BFA)
170595,VGU,tai-chinh-va-ke-toan,C02,Điểm học bạ,2025,20.0,Tài chính và Kế toán (BFA)
170596,VGU,tai-chinh-va-ke-toan,D07,Điểm học bạ,2025,20.0,Tài chính và Kế toán (BFA)
170597,VGU,tai-chinh-va-ke-toan,D08,Điểm học bạ,2025,20.0,Tài chính và Kế toán (BFA)
170598,VGU,tai-chinh-va-ke-toan,D21,Điểm học bạ,2025,20.0,Tài chính và Kế toán (BFA)
170599,VGU,tai-chinh-va-ke-toan,D22,Điểm học bạ,2025,20.0,Tài chính và Kế toán (BFA)
170600,VGU,tai-chinh-va-ke-toan,D23,Điểm học bạ,2025,20.0,Tài chính và Kế toán (BFA)
170601,VGU,tai-chinh-va-ke-toan,D24,Điểm học bạ,2025,20.0,Tài chính và Kế toán (BFA)
170602,VGU,tai-chinh-va-ke-toan,D25,Điểm học bạ,2025,20.0,Tài chính và Kế toán (BFA)
170603,VGU,tai-chinh-va-ke-toan,D26,Điểm học bạ,2025,20.0,Tài chính và Kế toán (BFA)
170604,VGU,tai-chinh-va-ke-toan,D27,Điểm học bạ,2025,20.0,Tài chính và Kế toán (BFA)
170605,VGU,tai-chinh-va-ke-toan,D28,Điểm học bạ,2025,20.0,Tài chính và Kế toán (BFA)
170606,VGU,tai-chinh-va-ke-toan,D29,Điểm học bạ,2025,20.0,Tài chính và Kế toán (BFA)
170607,VGU,tai-chinh-va-ke-toan,D30,Điểm học bạ,2025,20.0,Tài chính và Kế toán (BFA)
170608,VGU,tai-chinh-va-ke-toan,D31,Điểm học bạ,2025,20.0,Tài chính và Kế toán (BFA)
170609,VGU,tai-chinh-va-ke-toan,D32,Điểm học bạ,2025,20.0,Tài chính và Kế toán (BFA)
170610,VGU,tai-chinh-va-ke-toan,D33,Điểm học bạ,2025,20.0,Tài chính và Kế toán (BFA)
170611,VGU,tai-chinh-va-ke-toan,D34,Điểm học bạ,2025,20.0,Tài chính và Kế toán (BFA)
170612,VGU,tai-chinh-va-ke-toan,D35,Điểm học bạ,2025,20.0,Tài chính và Kế toán (BFA)
170613,VGU,tai-chinh-va-ke-toan,X02,Điểm học bạ,2025,20.0,Tài chính và Kế toán (BFA)
170614,VGU,tai-chinh-va-ke-toan,X03,Điểm học bạ,2025,20.0,Tài chính và Kế toán (BFA)
170615,VGU,tai-chinh-va-ke-toan,X04,Điểm học bạ,2025,20.0,Tài chính và Kế toán (BFA)
170616,VGU,tai-chinh-va-ke-toan,X05,Điểm học bạ,2025,20.0,Tài chính và Kế toán (BFA)
170617,VGU,tai-chinh-va-ke-toan,X06,Điểm học bạ,2025,20.0,Tài chính và Kế toán (BFA)
170618,VGU,tai-chinh-va-ke-toan,X07,Điểm học bạ,2025,20.0,Tài chính và Kế toán (BFA)
170619,VGU,tai-chinh-va-ke-toan,X08,Điểm học bạ,2025,20.0,Tài chính và Kế toán (BFA)
170620,VGU,tai-chinh-va-ke-toan,X09,Điểm học bạ,2025,20.0,Tài chính và Kế toán (BFA)
170621,VGU,tai-chinh-va-ke-toan,X13,Điểm học bạ,2025,20.0,Tài chính và Kế toán (BFA)
170622,VGU,tai-chinh-va-ke-toan,X14,Điểm học bạ,2025,20.0,Tài chính và Kế toán (BFA)
170623,VGU,tai-chinh-va-ke-toan,X15,Điểm học bạ,2025,20.0,Tài chính và Kế toán (BFA)
170624,VGU,tai-chinh-va-ke-toan,X16,Điểm học bạ,2025,20.0,Tài chính và Kế toán (BFA)
170625,VGU,tai-chinh-va-ke-toan,X29,Điểm học bạ,2025,20.0,Tài chính và Kế toán (BFA)
170626,VGU,tai-chinh-va-ke-toan,A00,Điểm thi THPT,2025,20.0,Tài chính và Kế toán (BFA)
170627,VGU,tai-chinh-va-ke-toan,A01,Điểm thi THPT,2025,20.0,Tài chính và Kế toán (BFA)
170628,VGU,tai-chinh-va-ke-toan,A02,Điểm thi THPT,2025,20.0,Tài chính và Kế toán (BFA)
170629,VGU,tai-chinh-va-ke-toan,A03,Điểm thi THPT,2025,20.0,Tài chính và Kế toán (BFA)
170630,VGU,tai-chinh-va-ke-toan,A04,Điểm thi THPT,2025,20.0,Tài chính và Kế toán (BFA)
170631,VGU,tai-chinh-va-ke-toan,A05,Điểm thi THPT,2025,20.0,Tài chính và Kế toán (BFA)
170632,VGU,tai-chinh-va-ke-toan,A06,Điểm thi THPT,2025,20.0,Tài chính và Kế toán (BFA)
170633,VGU,tai-chinh-va-ke-toan,B00,Điểm thi THPT,2025,20.0,Tài chính và Kế toán (BFA)
170634,VGU,tai-chinh-va-ke-toan,B02,Điểm thi THPT,2025,20.0,Tài chính và Kế toán (BFA)
170635,VGU,tai-chinh-va-ke-toan,B03,Điểm thi THPT,2025,20.0,Tài chính và Kế toán (BFA)
170636,VGU,tai-chinh-va-ke-toan,B08,Điểm thi THPT,2025,20.0,Tài chính và Kế toán (BFA)
170637,VGU,tai-chinh-va-ke-toan,C01,Điểm thi THPT,2025,20.0,Tài chính và Kế toán (BFA)
170638,VGU,tai-chinh-va-ke-toan,C02,Điểm thi THPT,2025,20.0,Tài chính và Kế toán (BFA)
170639,VGU,tai-chinh-va-ke-toan,D07,Điểm thi THPT,2025,20.0,Tài chính và Kế toán (BFA)
170640,VGU,tai-chinh-va-ke-toan,D08,Điểm thi THPT,2025,20.0,Tài chính và Kế toán (BFA)
170641,VGU,tai-chinh-va-ke-toan,D21,Điểm thi THPT,2025,20.0,Tài chính và Kế toán (BFA)
170642,VGU,tai-chinh-va-ke-toan,D22,Điểm thi THPT,2025,20.0,Tài chính và Kế toán (BFA)
170643,VGU,tai-chinh-va-ke-toan,D23,Điểm thi THPT,2025,20.0,Tài chính và Kế toán (BFA)
170644,VGU,tai-chinh-va-ke-toan,D24,Điểm thi THPT,2025,20.0,Tài chính và Kế toán (BFA)
170645,VGU,tai-chinh-va-ke-toan,D25,Điểm thi THPT,2025,20.0,Tài chính và Kế toán (BFA)
170646,VGU,tai-chinh-va-ke-toan,D26,Điểm thi THPT,2025,20.0,Tài chính và Kế toán (BFA)
170647,VGU,tai-chinh-va-ke-toan,D27,Điểm thi THPT,2025,20.0,Tài chính và Kế toán (BFA)
170648,VGU,tai-chinh-va-ke-toan,D28,Điểm thi THPT,2025,20.0,Tài chính và Kế toán (BFA)
170649,VGU,tai-chinh-va-ke-toan,D29,Điểm thi THPT,2025,20.0,Tài chính và Kế toán (BFA)
170650,VGU,tai-chinh-va-ke-toan,D30,Điểm thi THPT,2025,20.0,Tài chính và Kế toán (BFA)
170651,VGU,tai-chinh-va-ke-toan,D31,Điểm thi THPT,2025,20.0,Tài chính và Kế toán (BFA)
170652,VGU,tai-chinh-va-ke-toan,D32,Điểm thi THPT,2025,20.0,Tài chính và Kế toán (BFA)
170653,VGU,tai-chinh-va-ke-toan,D33,Điểm thi THPT,2025,20.0,Tài chính và Kế toán (BFA)
170654,VGU,tai-chinh-va-ke-toan,D34,Điểm thi THPT,2025,20.0,Tài chính và Kế toán (BFA)
170655,VGU,tai-chinh-va-ke-toan,D35,Điểm thi THPT,2025,20.0,Tài chính và Kế toán (BFA)
170656,VGU,tai-chinh-va-ke-toan,X02,Điểm thi THPT,2025,20.0,Tài chính và Kế toán (BFA)
170657,VGU,tai-chinh-va-ke-toan,X03,Điểm thi THPT,2025,20.0,Tài chính và Kế toán (BFA)
170658,VGU,tai-chinh-va-ke-toan,X04,Điểm thi THPT,2025,20.0,Tài chính và Kế toán (BFA)
170659,VGU,tai-chinh-va-ke-toan,X05,Điểm thi THPT,2025,20.0,Tài chính và Kế toán (BFA)
170660,VGU,tai-chinh-va-ke-toan,X06,Điểm thi THPT,2025,20.0,Tài chính và Kế toán (BFA)
170661,VGU,tai-chinh-va-ke-toan,X07,Điểm thi THPT,2025,20.0,Tài chính và Kế toán (BFA)
170662,VGU,tai-chinh-va-ke-toan,X08,Điểm thi THPT,2025,20.0,Tài chính và Kế toán (BFA)
170663,VGU,tai-chinh-va-ke-toan,X09,Điểm thi THPT,2025,20.0,Tài chính và Kế toán (BFA)
170664,VGU,tai-chinh-va-ke-toan,X13,Điểm thi THPT,2025,20.0,Tài chính và Kế toán (BFA)
170665,VGU,tai-chinh-va-ke-toan,X14,Điểm thi THPT,2025,20.0,Tài chính và Kế toán (BFA)
170666,VGU,tai-chinh-va-ke-toan,X15,Điểm thi THPT,2025,20.0,Tài chính và Kế toán (BFA)
170667,VGU,tai-chinh-va-ke-toan,X16,Điểm thi THPT,2025,20.0,Tài chính và Kế toán (BFA)
170668,VGU,tai-chinh-va-ke-toan,X29,Điểm thi THPT,2025,20.0,Tài chính và Kế toán (BFA)
170669,VHD,cong-nghe-ky-thuat-co-khi,A00,Điểm học bạ,2022,18.0,Công nghệ kỹ thuật cơ khí
170670,VHD,cong-nghe-ky-thuat-co-khi,A01,Điểm học bạ,2022,18.0,Công nghệ kỹ thuật cơ khí
170671,VHD,cong-nghe-ky-thuat-co-khi,C01,Điểm học bạ,2022,18.0,Công nghệ kỹ thuật cơ khí
170672,VHD,cong-nghe-ky-thuat-co-khi,D01,Điểm học bạ,2022,18.0,Công nghệ kỹ thuật cơ khí
170673,VHD,cong-nghe-ky-thuat-co-khi,A00,Điểm thi THPT,2022,16.0,Công nghệ kỹ thuật cơ khí
170674,VHD,cong-nghe-ky-thuat-co-khi,A01,Điểm thi THPT,2022,16.0,Công nghệ kỹ thuật cơ khí
170675,VHD,cong-nghe-ky-thuat-co-khi,C01,Điểm thi THPT,2022,16.0,Công nghệ kỹ thuật cơ khí
170676,VHD,cong-nghe-ky-thuat-co-khi,D01,Điểm thi THPT,2022,16.0,Công nghệ kỹ thuật cơ khí
170677,VHD,cong-nghe-ky-thuat-co-khi,A00,Điểm học bạ,2023,18.0,Công nghệ kỹ thuật cơ khí
170678,VHD,cong-nghe-ky-thuat-co-khi,A01,Điểm học bạ,2023,18.0,Công nghệ kỹ thuật cơ khí
170679,VHD,cong-nghe-ky-thuat-co-khi,C01,Điểm học bạ,2023,18.0,Công nghệ kỹ thuật cơ khí
170680,VHD,cong-nghe-ky-thuat-co-khi,D01,Điểm học bạ,2023,18.0,Công nghệ kỹ thuật cơ khí
170681,VHD,cong-nghe-ky-thuat-co-khi,A00,Điểm thi THPT,2023,15.0,Công nghệ kỹ thuật cơ khí
170682,VHD,cong-nghe-ky-thuat-co-khi,A01,Điểm thi THPT,2023,15.0,Công nghệ kỹ thuật cơ khí
170683,VHD,cong-nghe-ky-thuat-co-khi,C01,Điểm thi THPT,2023,15.0,Công nghệ kỹ thuật cơ khí
170684,VHD,cong-nghe-ky-thuat-co-khi,D01,Điểm thi THPT,2023,15.0,Công nghệ kỹ thuật cơ khí
170685,VHD,cong-nghe-ky-thuat-co-khi,A00,Điểm học bạ,2024,18.0,Công nghệ kỹ thuật cơ khí
170686,VHD,cong-nghe-ky-thuat-co-khi,A01,Điểm học bạ,2024,18.0,Công nghệ kỹ thuật cơ khí
170687,VHD,cong-nghe-ky-thuat-co-khi,C01,Điểm học bạ,2024,18.0,Công nghệ kỹ thuật cơ khí
170688,VHD,cong-nghe-ky-thuat-co-khi,D01,Điểm học bạ,2024,18.0,Công nghệ kỹ thuật cơ khí
170689,VHD,cong-nghe-ky-thuat-co-khi,A00,Điểm thi THPT,2024,15.0,Công nghệ kỹ thuật cơ khí
170690,VHD,cong-nghe-ky-thuat-co-khi,A01,Điểm thi THPT,2024,15.0,Công nghệ kỹ thuật cơ khí
170691,VHD,cong-nghe-ky-thuat-co-khi,C01,Điểm thi THPT,2024,15.0,Công nghệ kỹ thuật cơ khí
170692,VHD,cong-nghe-ky-thuat-co-khi,D01,Điểm thi THPT,2024,15.0,Công nghệ kỹ thuật cơ khí
170693,VHD,cong-nghe-ky-thuat-co-khi,A00,Điểm học bạ,2025,18.0,Công nghệ kỹ thuật cơ khí
170694,VHD,cong-nghe-ky-thuat-co-khi,A01,Điểm học bạ,2025,18.0,Công nghệ kỹ thuật cơ khí
170695,VHD,cong-nghe-ky-thuat-co-khi,A03,Điểm học bạ,2025,18.0,Công nghệ kỹ thuật cơ khí
170696,VHD,cong-nghe-ky-thuat-co-khi,A04,Điểm học bạ,2025,18.0,Công nghệ kỹ thuật cơ khí
170697,VHD,cong-nghe-ky-thuat-co-khi,A07,Điểm học bạ,2025,18.0,Công nghệ kỹ thuật cơ khí
170698,VHD,cong-nghe-ky-thuat-co-khi,A08,Điểm học bạ,2025,18.0,Công nghệ kỹ thuật cơ khí
170699,VHD,cong-nghe-ky-thuat-co-khi,A09,Điểm học bạ,2025,18.0,Công nghệ kỹ thuật cơ khí
170700,VHD,cong-nghe-ky-thuat-co-khi,A10,Điểm học bạ,2025,18.0,Công nghệ kỹ thuật cơ khí
170701,VHD,cong-nghe-ky-thuat-co-khi,C01,Điểm học bạ,2025,18.0,Công nghệ kỹ thuật cơ khí
170702,VHD,cong-nghe-ky-thuat-co-khi,C03,Điểm học bạ,2025,18.0,Công nghệ kỹ thuật cơ khí
170703,VHD,cong-nghe-ky-thuat-co-khi,C04,Điểm học bạ,2025,18.0,Công nghệ kỹ thuật cơ khí
170704,VHD,cong-nghe-ky-thuat-co-khi,C14,Điểm học bạ,2025,18.0,Công nghệ kỹ thuật cơ khí
170705,VHD,cong-nghe-ky-thuat-co-khi,D01,Điểm học bạ,2025,18.0,Công nghệ kỹ thuật cơ khí
170706,VHD,cong-nghe-ky-thuat-co-khi,D84,Điểm học bạ,2025,18.0,Công nghệ kỹ thuật cơ khí
170707,VHD,cong-nghe-ky-thuat-co-khi,A00,Điểm thi THPT,2025,16.0,Công nghệ kỹ thuật cơ khí
170708,VHD,cong-nghe-ky-thuat-co-khi,A01,Điểm thi THPT,2025,16.0,Công nghệ kỹ thuật cơ khí
170709,VHD,cong-nghe-ky-thuat-co-khi,A03,Điểm thi THPT,2025,16.0,Công nghệ kỹ thuật cơ khí
170710,VHD,cong-nghe-ky-thuat-co-khi,A04,Điểm thi THPT,2025,16.0,Công nghệ kỹ thuật cơ khí
170711,VHD,cong-nghe-ky-thuat-co-khi,A07,Điểm thi THPT,2025,16.0,Công nghệ kỹ thuật cơ khí
170712,VHD,cong-nghe-ky-thuat-co-khi,A08,Điểm thi THPT,2025,16.0,Công nghệ kỹ thuật cơ khí
170713,VHD,cong-nghe-ky-thuat-co-khi,A09,Điểm thi THPT,2025,16.0,Công nghệ kỹ thuật cơ khí
170714,VHD,cong-nghe-ky-thuat-co-khi,A10,Điểm thi THPT,2025,16.0,Công nghệ kỹ thuật cơ khí
170715,VHD,cong-nghe-ky-thuat-co-khi,C01,Điểm thi THPT,2025,16.0,Công nghệ kỹ thuật cơ khí
170716,VHD,cong-nghe-ky-thuat-co-khi,C03,Điểm thi THPT,2025,16.0,Công nghệ kỹ thuật cơ khí
170717,VHD,cong-nghe-ky-thuat-co-khi,C04,Điểm thi THPT,2025,16.0,Công nghệ kỹ thuật cơ khí
170718,VHD,cong-nghe-ky-thuat-co-khi,C14,Điểm thi THPT,2025,16.0,Công nghệ kỹ thuật cơ khí
170719,VHD,cong-nghe-ky-thuat-co-khi,D01,Điểm thi THPT,2025,16.0,Công nghệ kỹ thuật cơ khí
170720,VHD,cong-nghe-ky-thuat-co-khi,D84,Điểm thi THPT,2025,16.0,Công nghệ kỹ thuật cơ khí
170721,VHD,cong-nghe-ky-thuat-dien-dien-tu,A00,Điểm học bạ,2022,18.0,"Công nghệ kỹ thuật điện, điện tử"
170722,VHD,cong-nghe-ky-thuat-dien-dien-tu,A01,Điểm học bạ,2022,18.0,"Công nghệ kỹ thuật điện, điện tử"
170723,VHD,cong-nghe-ky-thuat-dien-dien-tu,C01,Điểm học bạ,2022,18.0,"Công nghệ kỹ thuật điện, điện tử"
170724,VHD,cong-nghe-ky-thuat-dien-dien-tu,D01,Điểm học bạ,2022,18.0,"Công nghệ kỹ thuật điện, điện tử"
170725,VHD,cong-nghe-ky-thuat-dien-dien-tu,A00,Điểm thi THPT,2022,16.0,"Công nghệ kỹ thuật điện, điện tử"
170726,VHD,cong-nghe-ky-thuat-dien-dien-tu,A01,Điểm thi THPT,2022,16.0,"Công nghệ kỹ thuật điện, điện tử"
170727,VHD,cong-nghe-ky-thuat-dien-dien-tu,C01,Điểm thi THPT,2022,16.0,"Công nghệ kỹ thuật điện, điện tử"
170728,VHD,cong-nghe-ky-thuat-dien-dien-tu,D01,Điểm thi THPT,2022,16.0,"Công nghệ kỹ thuật điện, điện tử"
170729,VHD,cong-nghe-ky-thuat-dien-dien-tu,A00,Điểm học bạ,2023,18.0,"Công nghệ Kỹ thuật điện, điện tử"
170730,VHD,cong-nghe-ky-thuat-dien-dien-tu,A01,Điểm học bạ,2023,18.0,"Công nghệ Kỹ thuật điện, điện tử"
170731,VHD,cong-nghe-ky-thuat-dien-dien-tu,C01,Điểm học bạ,2023,18.0,"Công nghệ Kỹ thuật điện, điện tử"
170732,VHD,cong-nghe-ky-thuat-dien-dien-tu,D01,Điểm học bạ,2023,18.0,"Công nghệ Kỹ thuật điện, điện tử"
170733,VHD,cong-nghe-ky-thuat-dien-dien-tu,A00,Điểm thi THPT,2023,15.0,"Công nghệ Kỹ thuật điện, điện tử"
170734,VHD,cong-nghe-ky-thuat-dien-dien-tu,A01,Điểm thi THPT,2023,15.0,"Công nghệ Kỹ thuật điện, điện tử"
170735,VHD,cong-nghe-ky-thuat-dien-dien-tu,C01,Điểm thi THPT,2023,15.0,"Công nghệ Kỹ thuật điện, điện tử"
170736,VHD,cong-nghe-ky-thuat-dien-dien-tu,D01,Điểm thi THPT,2023,15.0,"Công nghệ Kỹ thuật điện, điện tử"
170737,VHD,cong-nghe-ky-thuat-dien-dien-tu,A00,Điểm học bạ,2024,18.0,"Công nghệ Kỹ thuật điện, điện tử"
170738,VHD,cong-nghe-ky-thuat-dien-dien-tu,A01,Điểm học bạ,2024,18.0,"Công nghệ Kỹ thuật điện, điện tử"
170739,VHD,cong-nghe-ky-thuat-dien-dien-tu,C01,Điểm học bạ,2024,18.0,"Công nghệ Kỹ thuật điện, điện tử"
170740,VHD,cong-nghe-ky-thuat-dien-dien-tu,D01,Điểm học bạ,2024,18.0,"Công nghệ Kỹ thuật điện, điện tử"
170741,VHD,cong-nghe-ky-thuat-dien-dien-tu,A00,Điểm thi THPT,2024,15.0,"Công nghệ Kỹ thuật điện, điện tử"
170742,VHD,cong-nghe-ky-thuat-dien-dien-tu,A01,Điểm thi THPT,2024,15.0,"Công nghệ Kỹ thuật điện, điện tử"
170743,VHD,cong-nghe-ky-thuat-dien-dien-tu,C01,Điểm thi THPT,2024,15.0,"Công nghệ Kỹ thuật điện, điện tử"
170744,VHD,cong-nghe-ky-thuat-dien-dien-tu,D01,Điểm thi THPT,2024,15.0,"Công nghệ Kỹ thuật điện, điện tử"
170745,VHD,cong-nghe-ky-thuat-dien-dien-tu,A00,Điểm học bạ,2025,18.0,"Công nghệ kỹ thuật điện, điện tử"
170746,VHD,cong-nghe-ky-thuat-dien-dien-tu,A01,Điểm học bạ,2025,18.0,"Công nghệ kỹ thuật điện, điện tử"
170747,VHD,cong-nghe-ky-thuat-dien-dien-tu,A03,Điểm học bạ,2025,18.0,"Công nghệ kỹ thuật điện, điện tử"
170748,VHD,cong-nghe-ky-thuat-dien-dien-tu,A04,Điểm học bạ,2025,18.0,"Công nghệ kỹ thuật điện, điện tử"
170749,VHD,cong-nghe-ky-thuat-dien-dien-tu,A07,Điểm học bạ,2025,18.0,"Công nghệ kỹ thuật điện, điện tử"
170750,VHD,cong-nghe-ky-thuat-dien-dien-tu,A08,Điểm học bạ,2025,18.0,"Công nghệ kỹ thuật điện, điện tử"
170751,VHD,cong-nghe-ky-thuat-dien-dien-tu,A09,Điểm học bạ,2025,18.0,"Công nghệ kỹ thuật điện, điện tử"
170752,VHD,cong-nghe-ky-thuat-dien-dien-tu,A10,Điểm học bạ,2025,18.0,"Công nghệ kỹ thuật điện, điện tử"
170753,VHD,cong-nghe-ky-thuat-dien-dien-tu,C01,Điểm học bạ,2025,18.0,"Công nghệ kỹ thuật điện, điện tử"
170754,VHD,cong-nghe-ky-thuat-dien-dien-tu,C03,Điểm học bạ,2025,18.0,"Công nghệ kỹ thuật điện, điện tử"
170755,VHD,cong-nghe-ky-thuat-dien-dien-tu,C04,Điểm học bạ,2025,18.0,"Công nghệ kỹ thuật điện, điện tử"
170756,VHD,cong-nghe-ky-thuat-dien-dien-tu,C14,Điểm học bạ,2025,18.0,"Công nghệ kỹ thuật điện, điện tử"
170757,VHD,cong-nghe-ky-thuat-dien-dien-tu,D01,Điểm học bạ,2025,18.0,"Công nghệ kỹ thuật điện, điện tử"
170758,VHD,cong-nghe-ky-thuat-dien-dien-tu,D84,Điểm học bạ,2025,18.0,"Công nghệ kỹ thuật điện, điện tử"
170759,VHD,cong-nghe-ky-thuat-dien-dien-tu,A00,Điểm thi THPT,2025,16.0,"Công nghệ kỹ thuật điện, điện tử"
170760,VHD,cong-nghe-ky-thuat-dien-dien-tu,A01,Điểm thi THPT,2025,16.0,"Công nghệ kỹ thuật điện, điện tử"
170761,VHD,cong-nghe-ky-thuat-dien-dien-tu,A03,Điểm thi THPT,2025,16.0,"Công nghệ kỹ thuật điện, điện tử"
170762,VHD,cong-nghe-ky-thuat-dien-dien-tu,A04,Điểm thi THPT,2025,16.0,"Công nghệ kỹ thuật điện, điện tử"
170763,VHD,cong-nghe-ky-thuat-dien-dien-tu,A07,Điểm thi THPT,2025,16.0,"Công nghệ kỹ thuật điện, điện tử"
170764,VHD,cong-nghe-ky-thuat-dien-dien-tu,A08,Điểm thi THPT,2025,16.0,"Công nghệ kỹ thuật điện, điện tử"
170765,VHD,cong-nghe-ky-thuat-dien-dien-tu,A09,Điểm thi THPT,2025,16.0,"Công nghệ kỹ thuật điện, điện tử"
170766,VHD,cong-nghe-ky-thuat-dien-dien-tu,A10,Điểm thi THPT,2025,16.0,"Công nghệ kỹ thuật điện, điện tử"
170767,VHD,cong-nghe-ky-thuat-dien-dien-tu,C01,Điểm thi THPT,2025,16.0,"Công nghệ kỹ thuật điện, điện tử"
170768,VHD,cong-nghe-ky-thuat-dien-dien-tu,C03,Điểm thi THPT,2025,16.0,"Công nghệ kỹ thuật điện, điện tử"
170769,VHD,cong-nghe-ky-thuat-dien-dien-tu,C04,Điểm thi THPT,2025,16.0,"Công nghệ kỹ thuật điện, điện tử"
170770,VHD,cong-nghe-ky-thuat-dien-dien-tu,C14,Điểm thi THPT,2025,16.0,"Công nghệ kỹ thuật điện, điện tử"
170771,VHD,cong-nghe-ky-thuat-dien-dien-tu,D01,Điểm thi THPT,2025,16.0,"Công nghệ kỹ thuật điện, điện tử"
170772,VHD,cong-nghe-ky-thuat-dien-dien-tu,D84,Điểm thi THPT,2025,16.0,"Công nghệ kỹ thuật điện, điện tử"
170773,VHD,cong-nghe-ky-thuat-dien-tu-vien-thong,A00,Điểm học bạ,2025,18.0,Công nghệ kỹ thuật điện tử viễn thông
170774,VHD,cong-nghe-ky-thuat-dien-tu-vien-thong,A01,Điểm học bạ,2025,18.0,Công nghệ kỹ thuật điện tử viễn thông
170775,VHD,cong-nghe-ky-thuat-dien-tu-vien-thong,A03,Điểm học bạ,2025,18.0,Công nghệ kỹ thuật điện tử viễn thông
170776,VHD,cong-nghe-ky-thuat-dien-tu-vien-thong,A04,Điểm học bạ,2025,18.0,Công nghệ kỹ thuật điện tử viễn thông
170777,VHD,cong-nghe-ky-thuat-dien-tu-vien-thong,A07,Điểm học bạ,2025,18.0,Công nghệ kỹ thuật điện tử viễn thông
170778,VHD,cong-nghe-ky-thuat-dien-tu-vien-thong,A08,Điểm học bạ,2025,18.0,Công nghệ kỹ thuật điện tử viễn thông
170779,VHD,cong-nghe-ky-thuat-dien-tu-vien-thong,A09,Điểm học bạ,2025,18.0,Công nghệ kỹ thuật điện tử viễn thông
170780,VHD,cong-nghe-ky-thuat-dien-tu-vien-thong,A10,Điểm học bạ,2025,18.0,Công nghệ kỹ thuật điện tử viễn thông
170781,VHD,cong-nghe-ky-thuat-dien-tu-vien-thong,C01,Điểm học bạ,2025,18.0,Công nghệ kỹ thuật điện tử viễn thông
170782,VHD,cong-nghe-ky-thuat-dien-tu-vien-thong,C03,Điểm học bạ,2025,18.0,Công nghệ kỹ thuật điện tử viễn thông
170783,VHD,cong-nghe-ky-thuat-dien-tu-vien-thong,C04,Điểm học bạ,2025,18.0,Công nghệ kỹ thuật điện tử viễn thông
170784,VHD,cong-nghe-ky-thuat-dien-tu-vien-thong,C14,Điểm học bạ,2025,18.0,Công nghệ kỹ thuật điện tử viễn thông
170785,VHD,cong-nghe-ky-thuat-dien-tu-vien-thong,D01,Điểm học bạ,2025,18.0,Công nghệ kỹ thuật điện tử viễn thông
170786,VHD,cong-nghe-ky-thuat-dien-tu-vien-thong,D84,Điểm học bạ,2025,18.0,Công nghệ kỹ thuật điện tử viễn thông
170787,VHD,cong-nghe-ky-thuat-dien-tu-vien-thong,A00,Điểm thi THPT,2025,16.1,Công nghệ kỹ thuật điện tử viễn thông
170788,VHD,cong-nghe-ky-thuat-dien-tu-vien-thong,A01,Điểm thi THPT,2025,16.1,Công nghệ kỹ thuật điện tử viễn thông
170789,VHD,cong-nghe-ky-thuat-dien-tu-vien-thong,A03,Điểm thi THPT,2025,16.1,Công nghệ kỹ thuật điện tử viễn thông
170790,VHD,cong-nghe-ky-thuat-dien-tu-vien-thong,A04,Điểm thi THPT,2025,16.1,Công nghệ kỹ thuật điện tử viễn thông
170791,VHD,cong-nghe-ky-thuat-dien-tu-vien-thong,A07,Điểm thi THPT,2025,16.1,Công nghệ kỹ thuật điện tử viễn thông
170792,VHD,cong-nghe-ky-thuat-dien-tu-vien-thong,A08,Điểm thi THPT,2025,16.1,Công nghệ kỹ thuật điện tử viễn thông
170793,VHD,cong-nghe-ky-thuat-dien-tu-vien-thong,A09,Điểm thi THPT,2025,16.1,Công nghệ kỹ thuật điện tử viễn thông
170794,VHD,cong-nghe-ky-thuat-dien-tu-vien-thong,A10,Điểm thi THPT,2025,16.1,Công nghệ kỹ thuật điện tử viễn thông
170795,VHD,cong-nghe-ky-thuat-dien-tu-vien-thong,C01,Điểm thi THPT,2025,16.1,Công nghệ kỹ thuật điện tử viễn thông
170796,VHD,cong-nghe-ky-thuat-dien-tu-vien-thong,C03,Điểm thi THPT,2025,16.1,Công nghệ kỹ thuật điện tử viễn thông
170797,VHD,cong-nghe-ky-thuat-dien-tu-vien-thong,C04,Điểm thi THPT,2025,16.1,Công nghệ kỹ thuật điện tử viễn thông
170798,VHD,cong-nghe-ky-thuat-dien-tu-vien-thong,C14,Điểm thi THPT,2025,16.1,Công nghệ kỹ thuật điện tử viễn thông
170799,VHD,cong-nghe-ky-thuat-dien-tu-vien-thong,D01,Điểm thi THPT,2025,16.1,Công nghệ kỹ thuật điện tử viễn thông
170800,VHD,cong-nghe-ky-thuat-dien-tu-vien-thong,D84,Điểm thi THPT,2025,16.1,Công nghệ kỹ thuật điện tử viễn thông
170801,VHD,cong-nghe-ky-thuat-o-to,A00,Điểm học bạ,2022,18.0,Công nghệ kỹ thuật ô tô
170802,VHD,cong-nghe-ky-thuat-o-to,A01,Điểm học bạ,2022,18.0,Công nghệ kỹ thuật ô tô
170803,VHD,cong-nghe-ky-thuat-o-to,C01,Điểm học bạ,2022,18.0,Công nghệ kỹ thuật ô tô
170804,VHD,cong-nghe-ky-thuat-o-to,D01,Điểm học bạ,2022,18.0,Công nghệ kỹ thuật ô tô
170805,VHD,cong-nghe-ky-thuat-o-to,A00,Điểm thi THPT,2022,16.0,Công nghệ kỹ thuật ô tô
170806,VHD,cong-nghe-ky-thuat-o-to,A01,Điểm thi THPT,2022,16.0,Công nghệ kỹ thuật ô tô
170807,VHD,cong-nghe-ky-thuat-o-to,C01,Điểm thi THPT,2022,16.0,Công nghệ kỹ thuật ô tô
170808,VHD,cong-nghe-ky-thuat-o-to,D01,Điểm thi THPT,2022,16.0,Công nghệ kỹ thuật ô tô
170809,VHD,cong-nghe-ky-thuat-o-to,A00,Điểm học bạ,2023,18.0,Công nghệ kỹ thuật ô tô
170810,VHD,cong-nghe-ky-thuat-o-to,A01,Điểm học bạ,2023,18.0,Công nghệ kỹ thuật ô tô
170811,VHD,cong-nghe-ky-thuat-o-to,C01,Điểm học bạ,2023,18.0,Công nghệ kỹ thuật ô tô
170812,VHD,cong-nghe-ky-thuat-o-to,D01,Điểm học bạ,2023,18.0,Công nghệ kỹ thuật ô tô
170813,VHD,cong-nghe-ky-thuat-o-to,A00,Điểm thi THPT,2023,15.0,Công nghệ kỹ thuật ô tô
170814,VHD,cong-nghe-ky-thuat-o-to,A01,Điểm thi THPT,2023,15.0,Công nghệ kỹ thuật ô tô
170815,VHD,cong-nghe-ky-thuat-o-to,C01,Điểm thi THPT,2023,15.0,Công nghệ kỹ thuật ô tô
170816,VHD,cong-nghe-ky-thuat-o-to,D01,Điểm thi THPT,2023,15.0,Công nghệ kỹ thuật ô tô
170817,VHD,cong-nghe-ky-thuat-o-to,A00,Điểm học bạ,2024,18.0,Công nghệ kỹ thuật ô tô
170818,VHD,cong-nghe-ky-thuat-o-to,A01,Điểm học bạ,2024,18.0,Công nghệ kỹ thuật ô tô
170819,VHD,cong-nghe-ky-thuat-o-to,C01,Điểm học bạ,2024,18.0,Công nghệ kỹ thuật ô tô
170820,VHD,cong-nghe-ky-thuat-o-to,D01,Điểm học bạ,2024,18.0,Công nghệ kỹ thuật ô tô
170821,VHD,cong-nghe-ky-thuat-o-to,A00,Điểm thi THPT,2024,15.0,Công nghệ kỹ thuật ô tô
170822,VHD,cong-nghe-ky-thuat-o-to,A01,Điểm thi THPT,2024,15.0,Công nghệ kỹ thuật ô tô
170823,VHD,cong-nghe-ky-thuat-o-to,C01,Điểm thi THPT,2024,15.0,Công nghệ kỹ thuật ô tô
170824,VHD,cong-nghe-ky-thuat-o-to,D01,Điểm thi THPT,2024,15.0,Công nghệ kỹ thuật ô tô
170825,VHD,cong-nghe-ky-thuat-o-to,A00,Điểm học bạ,2025,18.0,Công nghệ kỹ thuật ô tô
170826,VHD,cong-nghe-ky-thuat-o-to,A01,Điểm học bạ,2025,18.0,Công nghệ kỹ thuật ô tô
170827,VHD,cong-nghe-ky-thuat-o-to,A03,Điểm học bạ,2025,18.0,Công nghệ kỹ thuật ô tô
170828,VHD,cong-nghe-ky-thuat-o-to,A04,Điểm học bạ,2025,18.0,Công nghệ kỹ thuật ô tô
170829,VHD,cong-nghe-ky-thuat-o-to,A07,Điểm học bạ,2025,18.0,Công nghệ kỹ thuật ô tô
170830,VHD,cong-nghe-ky-thuat-o-to,A08,Điểm học bạ,2025,18.0,Công nghệ kỹ thuật ô tô
170831,VHD,cong-nghe-ky-thuat-o-to,A09,Điểm học bạ,2025,18.0,Công nghệ kỹ thuật ô tô
170832,VHD,cong-nghe-ky-thuat-o-to,A10,Điểm học bạ,2025,18.0,Công nghệ kỹ thuật ô tô
170833,VHD,cong-nghe-ky-thuat-o-to,C01,Điểm học bạ,2025,18.0,Công nghệ kỹ thuật ô tô
170834,VHD,cong-nghe-ky-thuat-o-to,C03,Điểm học bạ,2025,18.0,Công nghệ kỹ thuật ô tô
170835,VHD,cong-nghe-ky-thuat-o-to,C04,Điểm học bạ,2025,18.0,Công nghệ kỹ thuật ô tô
170836,VHD,cong-nghe-ky-thuat-o-to,C14,Điểm học bạ,2025,18.0,Công nghệ kỹ thuật ô tô
170837,VHD,cong-nghe-ky-thuat-o-to,D01,Điểm học bạ,2025,18.0,Công nghệ kỹ thuật ô tô
170838,VHD,cong-nghe-ky-thuat-o-to,D84,Điểm học bạ,2025,18.0,Công nghệ kỹ thuật ô tô
170839,VHD,cong-nghe-ky-thuat-o-to,A00,Điểm thi THPT,2025,16.0,Công nghệ kỹ thuật ô tô
170840,VHD,cong-nghe-ky-thuat-o-to,A01,Điểm thi THPT,2025,16.0,Công nghệ kỹ thuật ô tô
170841,VHD,cong-nghe-ky-thuat-o-to,A03,Điểm thi THPT,2025,16.0,Công nghệ kỹ thuật ô tô
170842,VHD,cong-nghe-ky-thuat-o-to,A04,Điểm thi THPT,2025,16.0,Công nghệ kỹ thuật ô tô
170843,VHD,cong-nghe-ky-thuat-o-to,A07,Điểm thi THPT,2025,16.0,Công nghệ kỹ thuật ô tô
170844,VHD,cong-nghe-ky-thuat-o-to,A08,Điểm thi THPT,2025,16.0,Công nghệ kỹ thuật ô tô
170845,VHD,cong-nghe-ky-thuat-o-to,A09,Điểm thi THPT,2025,16.0,Công nghệ kỹ thuật ô tô
170846,VHD,cong-nghe-ky-thuat-o-to,A10,Điểm thi THPT,2025,16.0,Công nghệ kỹ thuật ô tô
170847,VHD,cong-nghe-ky-thuat-o-to,C01,Điểm thi THPT,2025,16.0,Công nghệ kỹ thuật ô tô
170848,VHD,cong-nghe-ky-thuat-o-to,C03,Điểm thi THPT,2025,16.0,Công nghệ kỹ thuật ô tô
170849,VHD,cong-nghe-ky-thuat-o-to,C04,Điểm thi THPT,2025,16.0,Công nghệ kỹ thuật ô tô
170850,VHD,cong-nghe-ky-thuat-o-to,C14,Điểm thi THPT,2025,16.0,Công nghệ kỹ thuật ô tô
170851,VHD,cong-nghe-ky-thuat-o-to,D01,Điểm thi THPT,2025,16.0,Công nghệ kỹ thuật ô tô
170852,VHD,cong-nghe-ky-thuat-o-to,D84,Điểm thi THPT,2025,16.0,Công nghệ kỹ thuật ô tô
170853,VHD,cong-nghe-ky-thuat-xay-dung,A00,Điểm học bạ,2022,18.0,Công nghệ kỹ thuật xây dựng
170854,VHD,cong-nghe-ky-thuat-xay-dung,A01,Điểm học bạ,2022,18.0,Công nghệ kỹ thuật xây dựng
170855,VHD,cong-nghe-ky-thuat-xay-dung,C01,Điểm học bạ,2022,18.0,Công nghệ kỹ thuật xây dựng
170856,VHD,cong-nghe-ky-thuat-xay-dung,D01,Điểm học bạ,2022,18.0,Công nghệ kỹ thuật xây dựng
170857,VHD,cong-nghe-ky-thuat-xay-dung,A00,Điểm thi THPT,2022,16.0,Công nghệ kỹ thuật xây dựng
170858,VHD,cong-nghe-ky-thuat-xay-dung,A01,Điểm thi THPT,2022,16.0,Công nghệ kỹ thuật xây dựng
170859,VHD,cong-nghe-ky-thuat-xay-dung,C01,Điểm thi THPT,2022,16.0,Công nghệ kỹ thuật xây dựng
170860,VHD,cong-nghe-ky-thuat-xay-dung,D01,Điểm thi THPT,2022,16.0,Công nghệ kỹ thuật xây dựng
170861,VHD,cong-nghe-ky-thuat-xay-dung,A00,Điểm học bạ,2023,18.0,Công nghệ kỹ thuật xây dựng
170862,VHD,cong-nghe-ky-thuat-xay-dung,A01,Điểm học bạ,2023,18.0,Công nghệ kỹ thuật xây dựng
170863,VHD,cong-nghe-ky-thuat-xay-dung,C01,Điểm học bạ,2023,18.0,Công nghệ kỹ thuật xây dựng
170864,VHD,cong-nghe-ky-thuat-xay-dung,D01,Điểm học bạ,2023,18.0,Công nghệ kỹ thuật xây dựng
170865,VHD,cong-nghe-ky-thuat-xay-dung,A00,Điểm thi THPT,2023,15.0,Công nghệ kỹ thuật xây dựng
170866,VHD,cong-nghe-ky-thuat-xay-dung,A01,Điểm thi THPT,2023,15.0,Công nghệ kỹ thuật xây dựng
170867,VHD,cong-nghe-ky-thuat-xay-dung,C01,Điểm thi THPT,2023,15.0,Công nghệ kỹ thuật xây dựng
170868,VHD,cong-nghe-ky-thuat-xay-dung,D01,Điểm thi THPT,2023,15.0,Công nghệ kỹ thuật xây dựng
170869,VHD,cong-nghe-ky-thuat-xay-dung,A00,Điểm học bạ,2024,18.0,Công nghệ kỹ thuật xây dựng
170870,VHD,cong-nghe-ky-thuat-xay-dung,A01,Điểm học bạ,2024,18.0,Công nghệ kỹ thuật xây dựng
170871,VHD,cong-nghe-ky-thuat-xay-dung,C01,Điểm học bạ,2024,18.0,Công nghệ kỹ thuật xây dựng
170872,VHD,cong-nghe-ky-thuat-xay-dung,D01,Điểm học bạ,2024,18.0,Công nghệ kỹ thuật xây dựng
170873,VHD,cong-nghe-ky-thuat-xay-dung,A00,Điểm thi THPT,2024,15.0,Công nghệ kỹ thuật xây dựng
170874,VHD,cong-nghe-ky-thuat-xay-dung,A01,Điểm thi THPT,2024,15.0,Công nghệ kỹ thuật xây dựng
170875,VHD,cong-nghe-ky-thuat-xay-dung,C01,Điểm thi THPT,2024,15.0,Công nghệ kỹ thuật xây dựng
170876,VHD,cong-nghe-ky-thuat-xay-dung,D01,Điểm thi THPT,2024,15.0,Công nghệ kỹ thuật xây dựng
170877,VHD,cong-nghe-ky-thuat-xay-dung,A00,Điểm học bạ,2025,18.0,Công nghệ kỹ thuật xây dựng
170878,VHD,cong-nghe-ky-thuat-xay-dung,A01,Điểm học bạ,2025,18.0,Công nghệ kỹ thuật xây dựng
170879,VHD,cong-nghe-ky-thuat-xay-dung,A03,Điểm học bạ,2025,18.0,Công nghệ kỹ thuật xây dựng
170880,VHD,cong-nghe-ky-thuat-xay-dung,A04,Điểm học bạ,2025,18.0,Công nghệ kỹ thuật xây dựng
170881,VHD,cong-nghe-ky-thuat-xay-dung,A07,Điểm học bạ,2025,18.0,Công nghệ kỹ thuật xây dựng
170882,VHD,cong-nghe-ky-thuat-xay-dung,A08,Điểm học bạ,2025,18.0,Công nghệ kỹ thuật xây dựng
170883,VHD,cong-nghe-ky-thuat-xay-dung,A09,Điểm học bạ,2025,18.0,Công nghệ kỹ thuật xây dựng
170884,VHD,cong-nghe-ky-thuat-xay-dung,A10,Điểm học bạ,2025,18.0,Công nghệ kỹ thuật xây dựng
170885,VHD,cong-nghe-ky-thuat-xay-dung,C01,Điểm học bạ,2025,18.0,Công nghệ kỹ thuật xây dựng
170886,VHD,cong-nghe-ky-thuat-xay-dung,C03,Điểm học bạ,2025,18.0,Công nghệ kỹ thuật xây dựng
170887,VHD,cong-nghe-ky-thuat-xay-dung,C04,Điểm học bạ,2025,18.0,Công nghệ kỹ thuật xây dựng
170888,VHD,cong-nghe-ky-thuat-xay-dung,C14,Điểm học bạ,2025,18.0,Công nghệ kỹ thuật xây dựng
170889,VHD,cong-nghe-ky-thuat-xay-dung,D01,Điểm học bạ,2025,18.0,Công nghệ kỹ thuật xây dựng
170890,VHD,cong-nghe-ky-thuat-xay-dung,D84,Điểm học bạ,2025,18.0,Công nghệ kỹ thuật xây dựng
170891,VHD,cong-nghe-ky-thuat-xay-dung,A00,Điểm thi THPT,2025,16.3,Công nghệ kỹ thuật xây dựng
170892,VHD,cong-nghe-ky-thuat-xay-dung,A01,Điểm thi THPT,2025,16.3,Công nghệ kỹ thuật xây dựng
170893,VHD,cong-nghe-ky-thuat-xay-dung,A03,Điểm thi THPT,2025,16.3,Công nghệ kỹ thuật xây dựng
170894,VHD,cong-nghe-ky-thuat-xay-dung,A04,Điểm thi THPT,2025,16.3,Công nghệ kỹ thuật xây dựng
170895,VHD,cong-nghe-ky-thuat-xay-dung,A07,Điểm thi THPT,2025,16.3,Công nghệ kỹ thuật xây dựng
170896,VHD,cong-nghe-ky-thuat-xay-dung,A08,Điểm thi THPT,2025,16.3,Công nghệ kỹ thuật xây dựng
170897,VHD,cong-nghe-ky-thuat-xay-dung,A09,Điểm thi THPT,2025,16.3,Công nghệ kỹ thuật xây dựng
170898,VHD,cong-nghe-ky-thuat-xay-dung,A10,Điểm thi THPT,2025,16.3,Công nghệ kỹ thuật xây dựng
170899,VHD,cong-nghe-ky-thuat-xay-dung,C01,Điểm thi THPT,2025,16.3,Công nghệ kỹ thuật xây dựng
170900,VHD,cong-nghe-ky-thuat-xay-dung,C03,Điểm thi THPT,2025,16.3,Công nghệ kỹ thuật xây dựng
170901,VHD,cong-nghe-ky-thuat-xay-dung,C04,Điểm thi THPT,2025,16.3,Công nghệ kỹ thuật xây dựng
170902,VHD,cong-nghe-ky-thuat-xay-dung,C14,Điểm thi THPT,2025,16.3,Công nghệ kỹ thuật xây dựng
170903,VHD,cong-nghe-ky-thuat-xay-dung,D01,Điểm thi THPT,2025,16.3,Công nghệ kỹ thuật xây dựng
170904,VHD,cong-nghe-ky-thuat-xay-dung,D84,Điểm thi THPT,2025,16.3,Công nghệ kỹ thuật xây dựng
170905,VHD,cong-nghe-tai-chinh,A07,Điểm học bạ,2025,18.0,Công nghệ tài chính
170906,VHD,cong-nghe-tai-chinh,A08,Điểm học bạ,2025,18.0,Công nghệ tài chính
170907,VHD,cong-nghe-tai-chinh,A09,Điểm học bạ,2025,18.0,Công nghệ tài chính
170908,VHD,cong-nghe-tai-chinh,C00,Điểm học bạ,2025,18.0,Công nghệ tài chính
170909,VHD,cong-nghe-tai-chinh,C03,Điểm học bạ,2025,18.0,Công nghệ tài chính
170910,VHD,cong-nghe-tai-chinh,C04,Điểm học bạ,2025,18.0,Công nghệ tài chính
170911,VHD,cong-nghe-tai-chinh,C14,Điểm học bạ,2025,18.0,Công nghệ tài chính
170912,VHD,cong-nghe-tai-chinh,C19,Điểm học bạ,2025,18.0,Công nghệ tài chính
170913,VHD,cong-nghe-tai-chinh,C20,Điểm học bạ,2025,18.0,Công nghệ tài chính
170914,VHD,cong-nghe-tai-chinh,D01,Điểm học bạ,2025,18.0,Công nghệ tài chính
170915,VHD,cong-nghe-tai-chinh,D10,Điểm học bạ,2025,18.0,Công nghệ tài chính
170916,VHD,cong-nghe-tai-chinh,D13,Điểm học bạ,2025,18.0,Công nghệ tài chính
170917,VHD,cong-nghe-tai-chinh,D14,Điểm học bạ,2025,18.0,Công nghệ tài chính
170918,VHD,cong-nghe-tai-chinh,D84,Điểm học bạ,2025,18.0,Công nghệ tài chính
170919,VHD,cong-nghe-tai-chinh,A07,Điểm thi THPT,2025,18.4,Công nghệ tài chính
170920,VHD,cong-nghe-tai-chinh,A08,Điểm thi THPT,2025,18.4,Công nghệ tài chính
170921,VHD,cong-nghe-tai-chinh,A09,Điểm thi THPT,2025,18.4,Công nghệ tài chính
170922,VHD,cong-nghe-tai-chinh,C00,Điểm thi THPT,2025,18.4,Công nghệ tài chính
170923,VHD,cong-nghe-tai-chinh,C03,Điểm thi THPT,2025,18.4,Công nghệ tài chính
170924,VHD,cong-nghe-tai-chinh,C04,Điểm thi THPT,2025,18.4,Công nghệ tài chính
170925,VHD,cong-nghe-tai-chinh,C14,Điểm thi THPT,2025,18.4,Công nghệ tài chính
170926,VHD,cong-nghe-tai-chinh,C19,Điểm thi THPT,2025,18.4,Công nghệ tài chính
170927,VHD,cong-nghe-tai-chinh,C20,Điểm thi THPT,2025,18.4,Công nghệ tài chính
170928,VHD,cong-nghe-tai-chinh,D01,Điểm thi THPT,2025,18.4,Công nghệ tài chính
170929,VHD,cong-nghe-tai-chinh,D10,Điểm thi THPT,2025,18.4,Công nghệ tài chính
170930,VHD,cong-nghe-tai-chinh,D13,Điểm thi THPT,2025,18.4,Công nghệ tài chính
170931,VHD,cong-nghe-tai-chinh,D14,Điểm thi THPT,2025,18.4,Công nghệ tài chính
170932,VHD,cong-nghe-tai-chinh,D84,Điểm thi THPT,2025,18.4,Công nghệ tài chính
170933,VHD,cong-nghe-thong-tin,A00,Điểm học bạ,2022,18.0,Công nghệ thông tin
170934,VHD,cong-nghe-thong-tin,A01,Điểm học bạ,2022,18.0,Công nghệ thông tin
170935,VHD,cong-nghe-thong-tin,C01,Điểm học bạ,2022,18.0,Công nghệ thông tin
170936,VHD,cong-nghe-thong-tin,D01,Điểm học bạ,2022,18.0,Công nghệ thông tin
170937,VHD,cong-nghe-thong-tin,A00,Điểm thi THPT,2022,16.0,Công nghệ thông tin
170938,VHD,cong-nghe-thong-tin,A01,Điểm thi THPT,2022,16.0,Công nghệ thông tin
170939,VHD,cong-nghe-thong-tin,C01,Điểm thi THPT,2022,16.0,Công nghệ thông tin
170940,VHD,cong-nghe-thong-tin,D01,Điểm thi THPT,2022,16.0,Công nghệ thông tin
170941,VHD,cong-nghe-thong-tin,A00,Điểm học bạ,2023,18.0,Công nghệ thông tin
170942,VHD,cong-nghe-thong-tin,A01,Điểm học bạ,2023,18.0,Công nghệ thông tin
170943,VHD,cong-nghe-thong-tin,C01,Điểm học bạ,2023,18.0,Công nghệ thông tin
170944,VHD,cong-nghe-thong-tin,D01,Điểm học bạ,2023,18.0,Công nghệ thông tin
170945,VHD,cong-nghe-thong-tin,A00,Điểm thi THPT,2023,15.0,Công nghệ thông tin
170946,VHD,cong-nghe-thong-tin,A01,Điểm thi THPT,2023,15.0,Công nghệ thông tin
170947,VHD,cong-nghe-thong-tin,C01,Điểm thi THPT,2023,15.0,Công nghệ thông tin
170948,VHD,cong-nghe-thong-tin,D01,Điểm thi THPT,2023,15.0,Công nghệ thông tin
170949,VHD,cong-nghe-thong-tin,A00,Điểm học bạ,2024,20.0,Công nghệ thông tin
170950,VHD,cong-nghe-thong-tin,A01,Điểm học bạ,2024,20.0,Công nghệ thông tin
170951,VHD,cong-nghe-thong-tin,C01,Điểm học bạ,2024,20.0,Công nghệ thông tin
170952,VHD,cong-nghe-thong-tin,D01,Điểm học bạ,2024,20.0,Công nghệ thông tin
170953,VHD,cong-nghe-thong-tin,A00,Điểm thi THPT,2024,15.0,Công nghệ thông tin
170954,VHD,cong-nghe-thong-tin,A01,Điểm thi THPT,2024,15.0,Công nghệ thông tin
170955,VHD,cong-nghe-thong-tin,C01,Điểm thi THPT,2024,15.0,Công nghệ thông tin
170956,VHD,cong-nghe-thong-tin,D01,Điểm thi THPT,2024,15.0,Công nghệ thông tin
170957,VHD,cong-nghe-thong-tin,A00,Điểm học bạ,2025,20.0,Công nghệ thông tin
170958,VHD,cong-nghe-thong-tin,A01,Điểm học bạ,2025,20.0,Công nghệ thông tin
170959,VHD,cong-nghe-thong-tin,A03,Điểm học bạ,2025,20.0,Công nghệ thông tin
170960,VHD,cong-nghe-thong-tin,A04,Điểm học bạ,2025,20.0,Công nghệ thông tin
170961,VHD,cong-nghe-thong-tin,A07,Điểm học bạ,2025,20.0,Công nghệ thông tin
170962,VHD,cong-nghe-thong-tin,A08,Điểm học bạ,2025,20.0,Công nghệ thông tin
170963,VHD,cong-nghe-thong-tin,A09,Điểm học bạ,2025,20.0,Công nghệ thông tin
170964,VHD,cong-nghe-thong-tin,A10,Điểm học bạ,2025,20.0,Công nghệ thông tin
170965,VHD,cong-nghe-thong-tin,C01,Điểm học bạ,2025,20.0,Công nghệ thông tin
170966,VHD,cong-nghe-thong-tin,C03,Điểm học bạ,2025,20.0,Công nghệ thông tin
170967,VHD,cong-nghe-thong-tin,C04,Điểm học bạ,2025,20.0,Công nghệ thông tin
170968,VHD,cong-nghe-thong-tin,C14,Điểm học bạ,2025,20.0,Công nghệ thông tin
170969,VHD,cong-nghe-thong-tin,D01,Điểm học bạ,2025,20.0,Công nghệ thông tin
170970,VHD,cong-nghe-thong-tin,D84,Điểm học bạ,2025,20.0,Công nghệ thông tin
170971,VHD,cong-nghe-thong-tin,A00,Điểm thi THPT,2025,16.1,Công nghệ thông tin
170972,VHD,cong-nghe-thong-tin,A01,Điểm thi THPT,2025,16.1,Công nghệ thông tin
170973,VHD,cong-nghe-thong-tin,A03,Điểm thi THPT,2025,16.1,Công nghệ thông tin
170974,VHD,cong-nghe-thong-tin,A04,Điểm thi THPT,2025,16.1,Công nghệ thông tin
170975,VHD,cong-nghe-thong-tin,A07,Điểm thi THPT,2025,16.1,Công nghệ thông tin
170976,VHD,cong-nghe-thong-tin,A08,Điểm thi THPT,2025,16.1,Công nghệ thông tin
170977,VHD,cong-nghe-thong-tin,A09,Điểm thi THPT,2025,16.1,Công nghệ thông tin
170978,VHD,cong-nghe-thong-tin,A10,Điểm thi THPT,2025,16.1,Công nghệ thông tin
170979,VHD,cong-nghe-thong-tin,C01,Điểm thi THPT,2025,16.1,Công nghệ thông tin
170980,VHD,cong-nghe-thong-tin,C03,Điểm thi THPT,2025,16.1,Công nghệ thông tin
170981,VHD,cong-nghe-thong-tin,C04,Điểm thi THPT,2025,16.1,Công nghệ thông tin
170982,VHD,cong-nghe-thong-tin,C14,Điểm thi THPT,2025,16.1,Công nghệ thông tin
170983,VHD,cong-nghe-thong-tin,D01,Điểm thi THPT,2025,16.1,Công nghệ thông tin
170984,VHD,cong-nghe-thong-tin,D84,Điểm thi THPT,2025,16.1,Công nghệ thông tin
170985,VHD,khoa-hoc-may-tinh,A00,Điểm học bạ,2025,20.0,Khoa học máy tính
170986,VHD,khoa-hoc-may-tinh,A01,Điểm học bạ,2025,20.0,Khoa học máy tính
170987,VHD,khoa-hoc-may-tinh,A03,Điểm học bạ,2025,20.0,Khoa học máy tính
170988,VHD,khoa-hoc-may-tinh,A04,Điểm học bạ,2025,20.0,Khoa học máy tính
170989,VHD,khoa-hoc-may-tinh,A07,Điểm học bạ,2025,20.0,Khoa học máy tính
170990,VHD,khoa-hoc-may-tinh,A08,Điểm học bạ,2025,20.0,Khoa học máy tính
170991,VHD,khoa-hoc-may-tinh,A09,Điểm học bạ,2025,20.0,Khoa học máy tính
170992,VHD,khoa-hoc-may-tinh,A10,Điểm học bạ,2025,20.0,Khoa học máy tính
170993,VHD,khoa-hoc-may-tinh,C01,Điểm học bạ,2025,20.0,Khoa học máy tính
170994,VHD,khoa-hoc-may-tinh,C03,Điểm học bạ,2025,20.0,Khoa học máy tính
170995,VHD,khoa-hoc-may-tinh,C04,Điểm học bạ,2025,20.0,Khoa học máy tính
170996,VHD,khoa-hoc-may-tinh,C14,Điểm học bạ,2025,20.0,Khoa học máy tính
170997,VHD,khoa-hoc-may-tinh,D01,Điểm học bạ,2025,20.0,Khoa học máy tính
170998,VHD,khoa-hoc-may-tinh,D84,Điểm học bạ,2025,20.0,Khoa học máy tính
170999,VHD,khoa-hoc-may-tinh,A00,Điểm thi THPT,2025,16.6,Khoa học máy tính
171000,VHD,khoa-hoc-may-tinh,A01,Điểm thi THPT,2025,16.6,Khoa học máy tính
171001,VHD,khoa-hoc-may-tinh,A03,Điểm thi THPT,2025,16.6,Khoa học máy tính
171002,VHD,khoa-hoc-may-tinh,A04,Điểm thi THPT,2025,16.6,Khoa học máy tính
171003,VHD,khoa-hoc-may-tinh,A07,Điểm thi THPT,2025,16.6,Khoa học máy tính
171004,VHD,khoa-hoc-may-tinh,A08,Điểm thi THPT,2025,16.6,Khoa học máy tính
171005,VHD,khoa-hoc-may-tinh,A09,Điểm thi THPT,2025,16.6,Khoa học máy tính
171006,VHD,khoa-hoc-may-tinh,A10,Điểm thi THPT,2025,16.6,Khoa học máy tính
171007,VHD,khoa-hoc-may-tinh,C01,Điểm thi THPT,2025,16.6,Khoa học máy tính
171008,VHD,khoa-hoc-may-tinh,C03,Điểm thi THPT,2025,16.6,Khoa học máy tính
171009,VHD,khoa-hoc-may-tinh,C04,Điểm thi THPT,2025,16.6,Khoa học máy tính
171010,VHD,khoa-hoc-may-tinh,C14,Điểm thi THPT,2025,16.6,Khoa học máy tính
171011,VHD,khoa-hoc-may-tinh,D01,Điểm thi THPT,2025,16.6,Khoa học máy tính
171012,VHD,khoa-hoc-may-tinh,D84,Điểm thi THPT,2025,16.6,Khoa học máy tính
171013,VHD,kinh-te,C00,Điểm học bạ,2022,18.0,Kinh tế
171014,VHD,kinh-te,C19,Điểm học bạ,2022,18.0,Kinh tế
171015,VHD,kinh-te,C20,Điểm học bạ,2022,18.0,Kinh tế
171016,VHD,kinh-te,D01,Điểm học bạ,2022,18.0,Kinh tế
171017,VHD,kinh-te,C00,Điểm thi THPT,2022,16.0,Kinh tế
171018,VHD,kinh-te,C19,Điểm thi THPT,2022,16.0,Kinh tế
171019,VHD,kinh-te,C20,Điểm thi THPT,2022,16.0,Kinh tế
171020,VHD,kinh-te,D01,Điểm thi THPT,2022,16.0,Kinh tế
171021,VHD,kinh-te,C00,Điểm học bạ,2023,20.0,Kinh tế
171022,VHD,kinh-te,C19,Điểm học bạ,2023,20.0,Kinh tế
171023,VHD,kinh-te,C20,Điểm học bạ,2023,20.0,Kinh tế
171024,VHD,kinh-te,D01,Điểm học bạ,2023,20.0,Kinh tế
171025,VHD,kinh-te,C00,Điểm thi THPT,2023,15.0,Kinh tế
171026,VHD,kinh-te,C19,Điểm thi THPT,2023,15.0,Kinh tế
171027,VHD,kinh-te,C20,Điểm thi THPT,2023,15.0,Kinh tế
171028,VHD,kinh-te,D01,Điểm thi THPT,2023,15.0,Kinh tế
171029,VHD,kinh-te,C00,Điểm học bạ,2024,20.0,Kinh tế
171030,VHD,kinh-te,C19,Điểm học bạ,2024,20.0,Kinh tế
171031,VHD,kinh-te,C20,Điểm học bạ,2024,20.0,Kinh tế
171032,VHD,kinh-te,D01,Điểm học bạ,2024,20.0,Kinh tế
171033,VHD,kinh-te,C00,Điểm thi THPT,2024,15.0,Kinh tế
171034,VHD,kinh-te,C19,Điểm thi THPT,2024,15.0,Kinh tế
171035,VHD,kinh-te,C20,Điểm thi THPT,2024,15.0,Kinh tế
171036,VHD,kinh-te,D01,Điểm thi THPT,2024,15.0,Kinh tế
171037,VHD,kinh-te,A07,Điểm học bạ,2025,20.0,Kinh tế
171038,VHD,kinh-te,A08,Điểm học bạ,2025,20.0,Kinh tế
171039,VHD,kinh-te,A09,Điểm học bạ,2025,20.0,Kinh tế
171040,VHD,kinh-te,C00,Điểm học bạ,2025,20.0,Kinh tế
171041,VHD,kinh-te,C03,Điểm học bạ,2025,20.0,Kinh tế
171042,VHD,kinh-te,C04,Điểm học bạ,2025,20.0,Kinh tế
171043,VHD,kinh-te,C14,Điểm học bạ,2025,20.0,Kinh tế
171044,VHD,kinh-te,C19,Điểm học bạ,2025,20.0,Kinh tế
171045,VHD,kinh-te,C20,Điểm học bạ,2025,20.0,Kinh tế
171046,VHD,kinh-te,D01,Điểm học bạ,2025,20.0,Kinh tế
171047,VHD,kinh-te,D10,Điểm học bạ,2025,20.0,Kinh tế
171048,VHD,kinh-te,D13,Điểm học bạ,2025,20.0,Kinh tế
171049,VHD,kinh-te,D14,Điểm học bạ,2025,20.0,Kinh tế
171050,VHD,kinh-te,D84,Điểm học bạ,2025,20.0,Kinh tế
171051,VHD,kinh-te,A07,Điểm thi THPT,2025,16.0,Kinh tế
171052,VHD,kinh-te,A08,Điểm thi THPT,2025,16.0,Kinh tế
171053,VHD,kinh-te,A09,Điểm thi THPT,2025,16.0,Kinh tế
171054,VHD,kinh-te,C00,Điểm thi THPT,2025,16.0,Kinh tế
171055,VHD,kinh-te,C03,Điểm thi THPT,2025,16.0,Kinh tế
171056,VHD,kinh-te,C04,Điểm thi THPT,2025,16.0,Kinh tế
171057,VHD,kinh-te,C14,Điểm thi THPT,2025,16.0,Kinh tế
171058,VHD,kinh-te,C19,Điểm thi THPT,2025,16.0,Kinh tế
171059,VHD,kinh-te,C20,Điểm thi THPT,2025,16.0,Kinh tế
171060,VHD,kinh-te,D01,Điểm thi THPT,2025,16.0,Kinh tế
171061,VHD,kinh-te,D10,Điểm thi THPT,2025,16.0,Kinh tế
171062,VHD,kinh-te,D13,Điểm thi THPT,2025,16.0,Kinh tế
171063,VHD,kinh-te,D14,Điểm thi THPT,2025,16.0,Kinh tế
171064,VHD,kinh-te,D84,Điểm thi THPT,2025,16.0,Kinh tế
171065,VHD,kinh-te-so,A07,Điểm học bạ,2025,20.0,Kinh tế số
171066,VHD,kinh-te-so,A08,Điểm học bạ,2025,20.0,Kinh tế số
171067,VHD,kinh-te-so,A09,Điểm học bạ,2025,20.0,Kinh tế số
171068,VHD,kinh-te-so,C00,Điểm học bạ,2025,20.0,Kinh tế số
171069,VHD,kinh-te-so,C03,Điểm học bạ,2025,20.0,Kinh tế số
171070,VHD,kinh-te-so,C04,Điểm học bạ,2025,20.0,Kinh tế số
171071,VHD,kinh-te-so,C14,Điểm học bạ,2025,20.0,Kinh tế số
171072,VHD,kinh-te-so,C19,Điểm học bạ,2025,20.0,Kinh tế số
171073,VHD,kinh-te-so,C20,Điểm học bạ,2025,20.0,Kinh tế số
171074,VHD,kinh-te-so,D01,Điểm học bạ,2025,20.0,Kinh tế số
171075,VHD,kinh-te-so,D10,Điểm học bạ,2025,20.0,Kinh tế số
171076,VHD,kinh-te-so,D13,Điểm học bạ,2025,20.0,Kinh tế số
171077,VHD,kinh-te-so,D14,Điểm học bạ,2025,20.0,Kinh tế số
171078,VHD,kinh-te-so,D84,Điểm học bạ,2025,20.0,Kinh tế số
171079,VHD,kinh-te-so,A07,Điểm thi THPT,2025,16.7,Kinh tế số
171080,VHD,kinh-te-so,A08,Điểm thi THPT,2025,16.7,Kinh tế số
171081,VHD,kinh-te-so,A09,Điểm thi THPT,2025,16.7,Kinh tế số
171082,VHD,kinh-te-so,C00,Điểm thi THPT,2025,16.7,Kinh tế số
171083,VHD,kinh-te-so,C03,Điểm thi THPT,2025,16.7,Kinh tế số
171084,VHD,kinh-te-so,C04,Điểm thi THPT,2025,16.7,Kinh tế số
171085,VHD,kinh-te-so,C14,Điểm thi THPT,2025,16.7,Kinh tế số
171086,VHD,kinh-te-so,C19,Điểm thi THPT,2025,16.7,Kinh tế số
171087,VHD,kinh-te-so,C20,Điểm thi THPT,2025,16.7,Kinh tế số
171088,VHD,kinh-te-so,D01,Điểm thi THPT,2025,16.7,Kinh tế số
171089,VHD,kinh-te-so,D10,Điểm thi THPT,2025,16.7,Kinh tế số
171090,VHD,kinh-te-so,D13,Điểm thi THPT,2025,16.7,Kinh tế số
171091,VHD,kinh-te-so,D14,Điểm thi THPT,2025,16.7,Kinh tế số
171092,VHD,kinh-te-so,D84,Điểm thi THPT,2025,16.7,Kinh tế số
171093,VHD,marketing,A07,Điểm học bạ,2025,19.0,Marketing
171094,VHD,marketing,A08,Điểm học bạ,2025,19.0,Marketing
171095,VHD,marketing,A09,Điểm học bạ,2025,19.0,Marketing
171096,VHD,marketing,C00,Điểm học bạ,2025,19.0,Marketing
171097,VHD,marketing,C03,Điểm học bạ,2025,19.0,Marketing
171098,VHD,marketing,C04,Điểm học bạ,2025,19.0,Marketing
171099,VHD,marketing,C14,Điểm học bạ,2025,19.0,Marketing
171100,VHD,marketing,C19,Điểm học bạ,2025,19.0,Marketing
171101,VHD,marketing,C20,Điểm học bạ,2025,19.0,Marketing
171102,VHD,marketing,D01,Điểm học bạ,2025,19.0,Marketing
171103,VHD,marketing,D10,Điểm học bạ,2025,19.0,Marketing
171104,VHD,marketing,D13,Điểm học bạ,2025,19.0,Marketing
171105,VHD,marketing,D14,Điểm học bạ,2025,19.0,Marketing
171106,VHD,marketing,D84,Điểm học bạ,2025,19.0,Marketing
171107,VHD,marketing,A07,Điểm thi THPT,2025,16.0,Marketing
171108,VHD,marketing,A08,Điểm thi THPT,2025,16.0,Marketing
171109,VHD,marketing,A09,Điểm thi THPT,2025,16.0,Marketing
171110,VHD,marketing,C00,Điểm thi THPT,2025,16.0,Marketing
171111,VHD,marketing,C03,Điểm thi THPT,2025,16.0,Marketing
171112,VHD,marketing,C04,Điểm thi THPT,2025,16.0,Marketing
171113,VHD,marketing,C14,Điểm thi THPT,2025,16.0,Marketing
171114,VHD,marketing,C19,Điểm thi THPT,2025,16.0,Marketing
171115,VHD,marketing,C20,Điểm thi THPT,2025,16.0,Marketing
171116,VHD,marketing,D01,Điểm thi THPT,2025,16.0,Marketing
171117,VHD,marketing,D10,Điểm thi THPT,2025,16.0,Marketing
171118,VHD,marketing,D13,Điểm thi THPT,2025,16.0,Marketing
171119,VHD,marketing,D14,Điểm thi THPT,2025,16.0,Marketing
171120,VHD,marketing,D84,Điểm thi THPT,2025,16.0,Marketing
171121,VHD,quan-tri-kinh-doanh,C00,Điểm học bạ,2022,18.0,Quản trị kinh doanh
171122,VHD,quan-tri-kinh-doanh,C19,Điểm học bạ,2022,18.0,Quản trị kinh doanh
171123,VHD,quan-tri-kinh-doanh,C20,Điểm học bạ,2022,18.0,Quản trị kinh doanh
171124,VHD,quan-tri-kinh-doanh,D01,Điểm học bạ,2022,18.0,Quản trị kinh doanh
171125,VHD,quan-tri-kinh-doanh,C00,Điểm thi THPT,2022,16.0,Quản trị kinh doanh
171126,VHD,quan-tri-kinh-doanh,C19,Điểm thi THPT,2022,16.0,Quản trị kinh doanh
171127,VHD,quan-tri-kinh-doanh,C20,Điểm thi THPT,2022,16.0,Quản trị kinh doanh
171128,VHD,quan-tri-kinh-doanh,D01,Điểm thi THPT,2022,16.0,Quản trị kinh doanh
171129,VHD,quan-tri-kinh-doanh,C00,Điểm học bạ,2023,18.0,Quản trị kinh doanh
171130,VHD,quan-tri-kinh-doanh,C19,Điểm học bạ,2023,18.0,Quản trị kinh doanh
171131,VHD,quan-tri-kinh-doanh,C20,Điểm học bạ,2023,18.0,Quản trị kinh doanh
171132,VHD,quan-tri-kinh-doanh,D01,Điểm học bạ,2023,18.0,Quản trị kinh doanh
171133,VHD,quan-tri-kinh-doanh,C00,Điểm thi THPT,2023,15.0,Quản trị kinh doanh
171134,VHD,quan-tri-kinh-doanh,C19,Điểm thi THPT,2023,15.0,Quản trị kinh doanh
171135,VHD,quan-tri-kinh-doanh,C20,Điểm thi THPT,2023,15.0,Quản trị kinh doanh
171136,VHD,quan-tri-kinh-doanh,D01,Điểm thi THPT,2023,15.0,Quản trị kinh doanh
171137,VHD,quan-tri-kinh-doanh,C00,Điểm học bạ,2024,18.0,Quản trị kinh doanh
171138,VHD,quan-tri-kinh-doanh,C19,Điểm học bạ,2024,18.0,Quản trị kinh doanh
171139,VHD,quan-tri-kinh-doanh,C20,Điểm học bạ,2024,18.0,Quản trị kinh doanh
171140,VHD,quan-tri-kinh-doanh,D01,Điểm học bạ,2024,18.0,Quản trị kinh doanh
171141,VHD,quan-tri-kinh-doanh,C00,Điểm thi THPT,2024,15.0,Quản trị kinh doanh
171142,VHD,quan-tri-kinh-doanh,C19,Điểm thi THPT,2024,15.0,Quản trị kinh doanh
171143,VHD,quan-tri-kinh-doanh,C20,Điểm thi THPT,2024,15.0,Quản trị kinh doanh
171144,VHD,quan-tri-kinh-doanh,D01,Điểm thi THPT,2024,15.0,Quản trị kinh doanh
171145,VHD,quan-tri-kinh-doanh,A07,Điểm học bạ,2025,18.0,Quản trị kinh doanh
171146,VHD,quan-tri-kinh-doanh,A08,Điểm học bạ,2025,18.0,Quản trị kinh doanh
171147,VHD,quan-tri-kinh-doanh,A09,Điểm học bạ,2025,18.0,Quản trị kinh doanh
171148,VHD,quan-tri-kinh-doanh,C00,Điểm học bạ,2025,18.0,Quản trị kinh doanh
171149,VHD,quan-tri-kinh-doanh,C03,Điểm học bạ,2025,18.0,Quản trị kinh doanh
171150,VHD,quan-tri-kinh-doanh,C04,Điểm học bạ,2025,18.0,Quản trị kinh doanh
171151,VHD,quan-tri-kinh-doanh,C14,Điểm học bạ,2025,18.0,Quản trị kinh doanh
171152,VHD,quan-tri-kinh-doanh,C19,Điểm học bạ,2025,18.0,Quản trị kinh doanh
171153,VHD,quan-tri-kinh-doanh,C20,Điểm học bạ,2025,18.0,Quản trị kinh doanh
171154,VHD,quan-tri-kinh-doanh,D01,Điểm học bạ,2025,18.0,Quản trị kinh doanh
171155,VHD,quan-tri-kinh-doanh,D10,Điểm học bạ,2025,18.0,Quản trị kinh doanh
171156,VHD,quan-tri-kinh-doanh,D13,Điểm học bạ,2025,18.0,Quản trị kinh doanh
171157,VHD,quan-tri-kinh-doanh,D14,Điểm học bạ,2025,18.0,Quản trị kinh doanh
171158,VHD,quan-tri-kinh-doanh,D84,Điểm học bạ,2025,18.0,Quản trị kinh doanh
171159,VHD,quan-tri-kinh-doanh,A07,Điểm thi THPT,2025,16.0,Quản trị kinh doanh
171160,VHD,quan-tri-kinh-doanh,A08,Điểm thi THPT,2025,16.0,Quản trị kinh doanh
171161,VHD,quan-tri-kinh-doanh,A09,Điểm thi THPT,2025,16.0,Quản trị kinh doanh
171162,VHD,quan-tri-kinh-doanh,C00,Điểm thi THPT,2025,16.0,Quản trị kinh doanh
171163,VHD,quan-tri-kinh-doanh,C03,Điểm thi THPT,2025,16.0,Quản trị kinh doanh
171164,VHD,quan-tri-kinh-doanh,C04,Điểm thi THPT,2025,16.0,Quản trị kinh doanh
171165,VHD,quan-tri-kinh-doanh,C14,Điểm thi THPT,2025,16.0,Quản trị kinh doanh
171166,VHD,quan-tri-kinh-doanh,C19,Điểm thi THPT,2025,16.0,Quản trị kinh doanh
171167,VHD,quan-tri-kinh-doanh,C20,Điểm thi THPT,2025,16.0,Quản trị kinh doanh
171168,VHD,quan-tri-kinh-doanh,D01,Điểm thi THPT,2025,16.0,Quản trị kinh doanh
171169,VHD,quan-tri-kinh-doanh,D10,Điểm thi THPT,2025,16.0,Quản trị kinh doanh
171170,VHD,quan-tri-kinh-doanh,D13,Điểm thi THPT,2025,16.0,Quản trị kinh doanh
171171,VHD,quan-tri-kinh-doanh,D14,Điểm thi THPT,2025,16.0,Quản trị kinh doanh
171172,VHD,quan-tri-kinh-doanh,D84,Điểm thi THPT,2025,16.0,Quản trị kinh doanh
171173,VHD,tai-chinh-ngan-hang,C00,Điểm học bạ,2022,18.0,Tài chính - Ngân hàng
171174,VHD,tai-chinh-ngan-hang,C19,Điểm học bạ,2022,18.0,Tài chính - Ngân hàng
171175,VHD,tai-chinh-ngan-hang,C20,Điểm học bạ,2022,18.0,Tài chính - Ngân hàng
171176,VHD,tai-chinh-ngan-hang,D01,Điểm học bạ,2022,18.0,Tài chính - Ngân hàng
171177,VHD,tai-chinh-ngan-hang,C00,Điểm thi THPT,2022,16.0,Tài chính - Ngân hàng
171178,VHD,tai-chinh-ngan-hang,C19,Điểm thi THPT,2022,16.0,Tài chính - Ngân hàng
171179,VHD,tai-chinh-ngan-hang,C20,Điểm thi THPT,2022,16.0,Tài chính - Ngân hàng
171180,VHD,tai-chinh-ngan-hang,D01,Điểm thi THPT,2022,16.0,Tài chính - Ngân hàng
171181,VHD,tai-chinh-ngan-hang,C00,Điểm học bạ,2023,18.0,Tài chính - Ngân hàng
171182,VHD,tai-chinh-ngan-hang,C19,Điểm học bạ,2023,18.0,Tài chính - Ngân hàng
171183,VHD,tai-chinh-ngan-hang,C20,Điểm học bạ,2023,18.0,Tài chính - Ngân hàng
171184,VHD,tai-chinh-ngan-hang,D01,Điểm học bạ,2023,18.0,Tài chính - Ngân hàng
171185,VHD,tai-chinh-ngan-hang,C00,Điểm thi THPT,2023,15.0,Tài chính - Ngân hàng
171186,VHD,tai-chinh-ngan-hang,C19,Điểm thi THPT,2023,15.0,Tài chính - Ngân hàng
171187,VHD,tai-chinh-ngan-hang,C20,Điểm thi THPT,2023,15.0,Tài chính - Ngân hàng
171188,VHD,tai-chinh-ngan-hang,D01,Điểm thi THPT,2023,15.0,Tài chính - Ngân hàng
171189,VHD,tai-chinh-ngan-hang,C00,Điểm học bạ,2024,18.0,Tài chính - Ngân hàng
171190,VHD,tai-chinh-ngan-hang,C19,Điểm học bạ,2024,18.0,Tài chính - Ngân hàng
171191,VHD,tai-chinh-ngan-hang,C20,Điểm học bạ,2024,18.0,Tài chính - Ngân hàng
171192,VHD,tai-chinh-ngan-hang,D01,Điểm học bạ,2024,18.0,Tài chính - Ngân hàng
171193,VHD,tai-chinh-ngan-hang,C00,Điểm thi THPT,2024,15.0,Tài chính - Ngân hàng
171194,VHD,tai-chinh-ngan-hang,C19,Điểm thi THPT,2024,15.0,Tài chính - Ngân hàng
171195,VHD,tai-chinh-ngan-hang,C20,Điểm thi THPT,2024,15.0,Tài chính - Ngân hàng
171196,VHD,tai-chinh-ngan-hang,D01,Điểm thi THPT,2024,15.0,Tài chính - Ngân hàng
171197,VHD,tai-chinh-ngan-hang,A07,Điểm học bạ,2025,18.0,Tài chính - Ngân hàng
171198,VHD,tai-chinh-ngan-hang,A08,Điểm học bạ,2025,18.0,Tài chính - Ngân hàng
171199,VHD,tai-chinh-ngan-hang,A09,Điểm học bạ,2025,18.0,Tài chính - Ngân hàng
171200,VHD,tai-chinh-ngan-hang,C00,Điểm học bạ,2025,18.0,Tài chính - Ngân hàng
171201,VHD,tai-chinh-ngan-hang,C03,Điểm học bạ,2025,18.0,Tài chính - Ngân hàng
171202,VHD,tai-chinh-ngan-hang,C04,Điểm học bạ,2025,18.0,Tài chính - Ngân hàng
171203,VHD,tai-chinh-ngan-hang,C14,Điểm học bạ,2025,18.0,Tài chính - Ngân hàng
171204,VHD,tai-chinh-ngan-hang,C19,Điểm học bạ,2025,18.0,Tài chính - Ngân hàng
171205,VHD,tai-chinh-ngan-hang,C20,Điểm học bạ,2025,18.0,Tài chính - Ngân hàng
171206,VHD,tai-chinh-ngan-hang,D01,Điểm học bạ,2025,18.0,Tài chính - Ngân hàng
171207,VHD,tai-chinh-ngan-hang,D10,Điểm học bạ,2025,18.0,Tài chính - Ngân hàng
171208,VHD,tai-chinh-ngan-hang,D13,Điểm học bạ,2025,18.0,Tài chính - Ngân hàng
171209,VHD,tai-chinh-ngan-hang,D14,Điểm học bạ,2025,18.0,Tài chính - Ngân hàng
171210,VHD,tai-chinh-ngan-hang,D84,Điểm học bạ,2025,18.0,Tài chính - Ngân hàng
171211,VHD,tai-chinh-ngan-hang,A07,Điểm thi THPT,2025,16.1,Tài chính - Ngân hàng
171212,VHD,tai-chinh-ngan-hang,A08,Điểm thi THPT,2025,16.1,Tài chính - Ngân hàng
171213,VHD,tai-chinh-ngan-hang,A09,Điểm thi THPT,2025,16.1,Tài chính - Ngân hàng
171214,VHD,tai-chinh-ngan-hang,C00,Điểm thi THPT,2025,16.1,Tài chính - Ngân hàng
171215,VHD,tai-chinh-ngan-hang,C03,Điểm thi THPT,2025,16.1,Tài chính - Ngân hàng
171216,VHD,tai-chinh-ngan-hang,C04,Điểm thi THPT,2025,16.1,Tài chính - Ngân hàng
171217,VHD,tai-chinh-ngan-hang,C14,Điểm thi THPT,2025,16.1,Tài chính - Ngân hàng
171218,VHD,tai-chinh-ngan-hang,C19,Điểm thi THPT,2025,16.1,Tài chính - Ngân hàng
171219,VHD,tai-chinh-ngan-hang,C20,Điểm thi THPT,2025,16.1,Tài chính - Ngân hàng
171220,VHD,tai-chinh-ngan-hang,D01,Điểm thi THPT,2025,16.1,Tài chính - Ngân hàng
171221,VHD,tai-chinh-ngan-hang,D10,Điểm thi THPT,2025,16.1,Tài chính - Ngân hàng
171222,VHD,tai-chinh-ngan-hang,D13,Điểm thi THPT,2025,16.1,Tài chính - Ngân hàng
171223,VHD,tai-chinh-ngan-hang,D14,Điểm thi THPT,2025,16.1,Tài chính - Ngân hàng
171224,VHD,tai-chinh-ngan-hang,D84,Điểm thi THPT,2025,16.1,Tài chính - Ngân hàng
171225,VHH,bao-chi,A00,Điểm học bạ,2021,25.75,Báo chí
171226,VHH,bao-chi,C00,Điểm học bạ,2021,26.75,Báo chí
171227,VHH,bao-chi,D01,Điểm học bạ,2021,25.75,Báo chí
171228,VHH,bao-chi,A00,Điểm thi THPT,2021,25.6,Báo chí
171229,VHH,bao-chi,A16,Điểm thi THPT,2021,25.6,Báo chí
171230,VHH,bao-chi,C00,Điểm thi THPT,2021,26.6,Báo chí
171231,VHH,bao-chi,D01,Điểm thi THPT,2021,25.6,Báo chí
171232,VHH,bao-chi,D78,Điểm thi THPT,2021,25.6,Báo chí
171233,VHH,bao-chi,D96,Điểm thi THPT,2021,25.6,Báo chí
171234,VHH,bao-chi,A00,Điểm học bạ,2022,29.5,Báo chí
171235,VHH,bao-chi,C00,Điểm học bạ,2022,30.5,Báo chí
171236,VHH,bao-chi,D01,Điểm học bạ,2022,29.5,Báo chí
171237,VHH,bao-chi,A00,Điểm thi THPT,2022,26.5,Báo chí
171238,VHH,bao-chi,A16,Điểm thi THPT,2022,26.5,Báo chí
171239,VHH,bao-chi,C00,Điểm thi THPT,2022,27.5,Báo chí
171240,VHH,bao-chi,D01,Điểm thi THPT,2022,26.5,Báo chí
171241,VHH,bao-chi,D78,Điểm thi THPT,2022,26.5,Báo chí
171242,VHH,bao-chi,D96,Điểm thi THPT,2022,26.5,Báo chí
171243,VHH,bao-chi,C00,Điểm học bạ,2023,28.27,Báo chí
171244,VHH,bao-chi,D01,Điểm học bạ,2023,27.39,Báo chí
171245,VHH,bao-chi,A00,Điểm thi THPT,2023,25.85,Báo chí
171246,VHH,bao-chi,A16,Điểm thi THPT,2023,25.85,Báo chí
171247,VHH,bao-chi,C00,Điểm thi THPT,2023,26.85,Báo chí
171248,VHH,bao-chi,D01,Điểm thi THPT,2023,25.85,Báo chí
171249,VHH,bao-chi,D78,Điểm thi THPT,2023,25.85,Báo chí
171250,VHH,bao-chi,D96,Điểm thi THPT,2023,25.85,Báo chí
171251,VHH,bao-chi,C00,Điểm học bạ,2024,28.54,Báo chí
171252,VHH,bao-chi,C19,Điểm học bạ,2024,27.54,Báo chí
171253,VHH,bao-chi,D01,Điểm học bạ,2024,27.54,Báo chí
171254,VHH,bao-chi,D09,Điểm học bạ,2024,27.54,Báo chí
171255,VHH,bao-chi,D14,Điểm học bạ,2024,27.54,Báo chí
171256,VHH,bao-chi,D15,Điểm học bạ,2024,27.54,Báo chí
171257,VHH,bao-chi,C00,Điểm thi THPT,2024,28.9,Báo chí
171258,VHH,bao-chi,C19,Điểm thi THPT,2024,27.9,Báo chí
171259,VHH,bao-chi,D01,Điểm thi THPT,2024,27.9,Báo chí
171260,VHH,bao-chi,D09,Điểm thi THPT,2024,27.9,Báo chí
171261,VHH,bao-chi,D14,Điểm thi THPT,2024,27.9,Báo chí
171262,VHH,bao-chi,D15,Điểm thi THPT,2024,27.9,Báo chí
171263,VHH,bao-chi,C00,Điểm học bạ,2025,27.68,Báo chí
171264,VHH,bao-chi,C03,Điểm học bạ,2025,27.68,Báo chí
171265,VHH,bao-chi,C04,Điểm học bạ,2025,27.68,Báo chí
171266,VHH,bao-chi,D01,Điểm học bạ,2025,27.68,Báo chí
171267,VHH,bao-chi,D14,Điểm học bạ,2025,27.68,Báo chí
171268,VHH,bao-chi,D15,Điểm học bạ,2025,27.68,Báo chí
171269,VHH,bao-chi,X01,Điểm học bạ,2025,27.68,Báo chí
171270,VHH,bao-chi,X70,Điểm học bạ,2025,27.68,Báo chí
171271,VHH,bao-chi,X78,Điểm học bạ,2025,27.68,Báo chí
171272,VHH,bao-chi,C00,Điểm thi THPT,2025,27.27,Báo chí
171273,VHH,bao-chi,C03,Điểm thi THPT,2025,25.77,Báo chí
171274,VHH,bao-chi,C04,Điểm thi THPT,2025,25.77,Báo chí
171275,VHH,bao-chi,D01,Điểm thi THPT,2025,25.27,Báo chí
171276,VHH,bao-chi,D14,Điểm thi THPT,2025,25.77,Báo chí
171277,VHH,bao-chi,D15,Điểm thi THPT,2025,25.77,Báo chí
171278,VHH,bao-chi,X01,Điểm thi THPT,2025,25.77,Báo chí
171279,VHH,bao-chi,X70,Điểm thi THPT,2025,27.27,Báo chí
171280,VHH,bao-chi,X78,Điểm thi THPT,2025,25.77,Báo chí
171281,VHH,bao-tang-hoc,A00,Điểm học bạ,2021,20.0,Bảo tàng học
171282,VHH,bao-tang-hoc,C00,Điểm học bạ,2021,21.0,Bảo tàng học
171283,VHH,bao-tang-hoc,D01,Điểm học bạ,2021,20.0,Bảo tàng học
171284,VHH,bao-tang-hoc,A00,Điểm thi THPT,2021,16.0,Bảo tàng học
171285,VHH,bao-tang-hoc,A16,Điểm thi THPT,2021,16.0,Bảo tàng học
171286,VHH,bao-tang-hoc,C00,Điểm thi THPT,2021,17.0,Bảo tàng học
171287,VHH,bao-tang-hoc,D01,Điểm thi THPT,2021,16.0,Bảo tàng học
171288,VHH,bao-tang-hoc,D78,Điểm thi THPT,2021,16.0,Bảo tàng học
171289,VHH,bao-tang-hoc,D96,Điểm thi THPT,2021,16.0,Bảo tàng học
171290,VHH,bao-tang-hoc,A00,Điểm học bạ,2022,22.0,Bảo tàng học
171291,VHH,bao-tang-hoc,C00,Điểm học bạ,2022,23.0,Bảo tàng học
171292,VHH,bao-tang-hoc,D01,Điểm học bạ,2022,22.0,Bảo tàng học
171293,VHH,bao-tang-hoc,A00,Điểm thi THPT,2022,21.75,Bảo tàng học
171294,VHH,bao-tang-hoc,A16,Điểm thi THPT,2022,21.75,Bảo tàng học
171295,VHH,bao-tang-hoc,C00,Điểm thi THPT,2022,22.75,Bảo tàng học
171296,VHH,bao-tang-hoc,D01,Điểm thi THPT,2022,21.75,Bảo tàng học
171297,VHH,bao-tang-hoc,D78,Điểm thi THPT,2022,21.75,Bảo tàng học
171298,VHH,bao-tang-hoc,D96,Điểm thi THPT,2022,21.75,Bảo tàng học
171299,VHH,bao-tang-hoc,C00,Điểm học bạ,2023,21.64,Bảo tàng học
171300,VHH,bao-tang-hoc,D01,Điểm học bạ,2023,20.76,Bảo tàng học
171301,VHH,bao-tang-hoc,A00,Điểm thi THPT,2023,21.83,Bảo tàng học
171302,VHH,bao-tang-hoc,A16,Điểm thi THPT,2023,21.83,Bảo tàng học
171303,VHH,bao-tang-hoc,C00,Điểm thi THPT,2023,22.83,Bảo tàng học
171304,VHH,bao-tang-hoc,D01,Điểm thi THPT,2023,21.83,Bảo tàng học
171305,VHH,bao-tang-hoc,D78,Điểm thi THPT,2023,21.83,Bảo tàng học
171306,VHH,bao-tang-hoc,D96,Điểm thi THPT,2023,21.83,Bảo tàng học
171307,VHH,bao-tang-hoc,C00,Điểm học bạ,2024,27.43,Bảo tàng học
171308,VHH,bao-tang-hoc,C19,Điểm học bạ,2024,26.43,Bảo tàng học
171309,VHH,bao-tang-hoc,D01,Điểm học bạ,2024,26.43,Bảo tàng học
171310,VHH,bao-tang-hoc,D09,Điểm học bạ,2024,26.43,Bảo tàng học
171311,VHH,bao-tang-hoc,D14,Điểm học bạ,2024,26.43,Bảo tàng học
171312,VHH,bao-tang-hoc,D15,Điểm học bạ,2024,26.43,Bảo tàng học
171313,VHH,bao-tang-hoc,C00,Điểm thi THPT,2024,26.5,Bảo tàng học
171314,VHH,bao-tang-hoc,C19,Điểm thi THPT,2024,25.5,Bảo tàng học
171315,VHH,bao-tang-hoc,D01,Điểm thi THPT,2024,25.5,Bảo tàng học
171316,VHH,bao-tang-hoc,D09,Điểm thi THPT,2024,25.5,Bảo tàng học
171317,VHH,bao-tang-hoc,D14,Điểm thi THPT,2024,25.5,Bảo tàng học
171318,VHH,bao-tang-hoc,D15,Điểm thi THPT,2024,25.5,Bảo tàng học
171319,VHH,bao-tang-hoc,C00,Điểm học bạ,2025,26.23,Bảo tàng học
171320,VHH,bao-tang-hoc,C03,Điểm học bạ,2025,26.23,Bảo tàng học
171321,VHH,bao-tang-hoc,C04,Điểm học bạ,2025,26.23,Bảo tàng học
171322,VHH,bao-tang-hoc,D01,Điểm học bạ,2025,26.23,Bảo tàng học
171323,VHH,bao-tang-hoc,D14,Điểm học bạ,2025,26.23,Bảo tàng học
171324,VHH,bao-tang-hoc,D15,Điểm học bạ,2025,26.23,Bảo tàng học
171325,VHH,bao-tang-hoc,X01,Điểm học bạ,2025,26.23,Bảo tàng học
171326,VHH,bao-tang-hoc,X70,Điểm học bạ,2025,26.23,Bảo tàng học
171327,VHH,bao-tang-hoc,X78,Điểm học bạ,2025,26.23,Bảo tàng học
171328,VHH,bao-tang-hoc,C00,Điểm thi THPT,2025,25.2,Bảo tàng học
171329,VHH,bao-tang-hoc,C03,Điểm thi THPT,2025,23.7,Bảo tàng học
171330,VHH,bao-tang-hoc,C04,Điểm thi THPT,2025,23.7,Bảo tàng học
171331,VHH,bao-tang-hoc,D01,Điểm thi THPT,2025,23.2,Bảo tàng học
171332,VHH,bao-tang-hoc,D14,Điểm thi THPT,2025,23.7,Bảo tàng học
171333,VHH,bao-tang-hoc,D15,Điểm thi THPT,2025,23.7,Bảo tàng học
171334,VHH,bao-tang-hoc,X01,Điểm thi THPT,2025,23.7,Bảo tàng học
171335,VHH,bao-tang-hoc,X70,Điểm thi THPT,2025,25.2,Bảo tàng học
171336,VHH,bao-tang-hoc,X78,Điểm thi THPT,2025,23.7,Bảo tàng học
171337,VHH,du-lich-huong-da-du-lich-quoc-te,D01,Điểm học bạ,2023,23.17,Du lịch - Hướng dẫ du lịch Quốc tế
171338,VHH,du-lich-huong-dan-du-lich-quoc-te,A00,Điểm học bạ,2021,29.0,Du lịch - Hướng dẫn du lịch quốc tế
171339,VHH,du-lich-huong-dan-du-lich-quoc-te,D01,Điểm học bạ,2021,29.0,Du lịch - Hướng dẫn du lịch quốc tế
171340,VHH,du-lich-huong-dan-du-lich-quoc-te,A00,Điểm thi THPT,2021,32.4,Du lịch - Hướng dẫn du lịch quốc tế
171341,VHH,du-lich-huong-dan-du-lich-quoc-te,A16,Điểm thi THPT,2021,32.4,Du lịch - Hướng dẫn du lịch quốc tế
171342,VHH,du-lich-huong-dan-du-lich-quoc-te,D01,Điểm thi THPT,2021,32.4,Du lịch - Hướng dẫn du lịch quốc tế
171343,VHH,du-lich-huong-dan-du-lich-quoc-te,D78,Điểm thi THPT,2021,32.4,Du lịch - Hướng dẫn du lịch quốc tế
171344,VHH,du-lich-huong-dan-du-lich-quoc-te,D96,Điểm thi THPT,2021,32.4,Du lịch - Hướng dẫn du lịch quốc tế
171345,VHH,du-lich-huong-dan-du-lich-quoc-te,A00,Điểm học bạ,2022,34.25,Du lịch - Hướng dẫn du lịch quốc tế
171346,VHH,du-lich-huong-dan-du-lich-quoc-te,D01,Điểm học bạ,2022,34.25,Du lịch - Hướng dẫn du lịch quốc tế
171347,VHH,du-lich-huong-dan-du-lich-quoc-te,A00,Điểm thi THPT,2022,31.85,Du lịch - Hướng dẫn du lịch quốc tế
171348,VHH,du-lich-huong-dan-du-lich-quoc-te,A16,Điểm thi THPT,2022,31.85,Du lịch - Hướng dẫn du lịch quốc tế
171349,VHH,du-lich-huong-dan-du-lich-quoc-te,D01,Điểm thi THPT,2022,31.85,Du lịch - Hướng dẫn du lịch quốc tế
171350,VHH,du-lich-huong-dan-du-lich-quoc-te,D78,Điểm thi THPT,2022,31.85,Du lịch - Hướng dẫn du lịch quốc tế
171351,VHH,du-lich-huong-dan-du-lich-quoc-te,D96,Điểm thi THPT,2022,31.85,Du lịch - Hướng dẫn du lịch quốc tế
171352,VHH,du-lich-huong-dan-du-lich-quoc-te,A00,Điểm thi THPT,2023,31.4,Du lịch - Hướng dẫn du lịch quốc tế
171353,VHH,du-lich-huong-dan-du-lich-quoc-te,A16,Điểm thi THPT,2023,31.4,Du lịch - Hướng dẫn du lịch quốc tế
171354,VHH,du-lich-huong-dan-du-lich-quoc-te,D01,Điểm thi THPT,2023,31.4,Du lịch - Hướng dẫn du lịch quốc tế
171355,VHH,du-lich-huong-dan-du-lich-quoc-te,D78,Điểm thi THPT,2023,31.4,Du lịch - Hướng dẫn du lịch quốc tế
171356,VHH,du-lich-huong-dan-du-lich-quoc-te,D96,Điểm thi THPT,2023,31.4,Du lịch - Hướng dẫn du lịch quốc tế
171357,VHH,du-lich-huong-dan-du-lich-quoc-te,C19,Điểm học bạ,2024,35.03,Du lịch - Hướng dẫn du lịch quốc tế
171358,VHH,du-lich-huong-dan-du-lich-quoc-te,D01,Điểm học bạ,2024,35.03,Du lịch - Hướng dẫn du lịch quốc tế
171359,VHH,du-lich-huong-dan-du-lich-quoc-te,D09,Điểm học bạ,2024,35.03,Du lịch - Hướng dẫn du lịch quốc tế
171360,VHH,du-lich-huong-dan-du-lich-quoc-te,D14,Điểm học bạ,2024,35.03,Du lịch - Hướng dẫn du lịch quốc tế
171361,VHH,du-lich-huong-dan-du-lich-quoc-te,D15,Điểm học bạ,2024,35.03,Du lịch - Hướng dẫn du lịch quốc tế
171362,VHH,du-lich-huong-dan-du-lich-quoc-te,C19,Điểm thi THPT,2024,33.33,Du lịch - Hướng dẫn du lịch quốc tế
171363,VHH,du-lich-huong-dan-du-lich-quoc-te,D01,Điểm thi THPT,2024,33.33,Du lịch - Hướng dẫn du lịch quốc tế
171364,VHH,du-lich-huong-dan-du-lich-quoc-te,D09,Điểm thi THPT,2024,33.33,Du lịch - Hướng dẫn du lịch quốc tế
171365,VHH,du-lich-huong-dan-du-lich-quoc-te,D14,Điểm thi THPT,2024,33.33,Du lịch - Hướng dẫn du lịch quốc tế
171366,VHH,du-lich-huong-dan-du-lich-quoc-te,D15,Điểm thi THPT,2024,33.33,Du lịch - Hướng dẫn du lịch quốc tế
171367,VHH,du-lich-lu-hanh-huong-dan-du-lich,A00,Điểm học bạ,2021,24.5,"Du lịch - Lữ hành, hướng dẫn du lịch"
171368,VHH,du-lich-lu-hanh-huong-dan-du-lich,C00,Điểm học bạ,2021,25.5,"Du lịch - Lữ hành, hướng dẫn du lịch"
171369,VHH,du-lich-lu-hanh-huong-dan-du-lich,D01,Điểm học bạ,2021,24.5,"Du lịch - Lữ hành, hướng dẫn du lịch"
171370,VHH,du-lich-lu-hanh-huong-dan-du-lich,A00,Điểm thi THPT,2021,25.7,"Du lịch - Lữ hành, hướng dẫn du lịch"
171371,VHH,du-lich-lu-hanh-huong-dan-du-lich,A16,Điểm thi THPT,2021,25.7,"Du lịch - Lữ hành, hướng dẫn du lịch"
171372,VHH,du-lich-lu-hanh-huong-dan-du-lich,C00,Điểm thi THPT,2021,26.7,"Du lịch - Lữ hành, hướng dẫn du lịch"
171373,VHH,du-lich-lu-hanh-huong-dan-du-lich,D01,Điểm thi THPT,2021,25.7,"Du lịch - Lữ hành, hướng dẫn du lịch"
171374,VHH,du-lich-lu-hanh-huong-dan-du-lich,D78,Điểm thi THPT,2021,25.7,"Du lịch - Lữ hành, hướng dẫn du lịch"
171375,VHH,du-lich-lu-hanh-huong-dan-du-lich,D96,Điểm thi THPT,2021,25.7,"Du lịch - Lữ hành, hướng dẫn du lịch"
171376,VHH,du-lich-lu-hanh-huong-dan-du-lich,A00,Điểm học bạ,2022,27.5,"Du lịch - Lữ hành, hướng dẫn du lịch"
171377,VHH,du-lich-lu-hanh-huong-dan-du-lich,C00,Điểm học bạ,2022,28.5,"Du lịch - Lữ hành, hướng dẫn du lịch"
171378,VHH,du-lich-lu-hanh-huong-dan-du-lich,D01,Điểm học bạ,2022,27.5,"Du lịch - Lữ hành, hướng dẫn du lịch"
171379,VHH,du-lich-lu-hanh-huong-dan-du-lich,A00,Điểm thi THPT,2022,26.0,"Du lịch - Lữ hành, hướng dẫn du lịch"
171380,VHH,du-lich-lu-hanh-huong-dan-du-lich,A16,Điểm thi THPT,2022,26.0,"Du lịch - Lữ hành, hướng dẫn du lịch"
171381,VHH,du-lich-lu-hanh-huong-dan-du-lich,C00,Điểm thi THPT,2022,27.0,"Du lịch - Lữ hành, hướng dẫn du lịch"
171382,VHH,du-lich-lu-hanh-huong-dan-du-lich,D01,Điểm thi THPT,2022,26.0,"Du lịch - Lữ hành, hướng dẫn du lịch"
171383,VHH,du-lich-lu-hanh-huong-dan-du-lich,D78,Điểm thi THPT,2022,26.0,"Du lịch - Lữ hành, hướng dẫn du lịch"
171384,VHH,du-lich-lu-hanh-huong-dan-du-lich,D96,Điểm thi THPT,2022,26.0,"Du lịch - Lữ hành, hướng dẫn du lịch"
171385,VHH,du-lich-lu-hanh-huong-dan-du-lich,C00,Điểm học bạ,2023,25.82,"Du lịch - Lữ hành, hướng dẫn du lịch"
171386,VHH,du-lich-lu-hanh-huong-dan-du-lich,D01,Điểm học bạ,2023,24.94,"Du lịch - Lữ hành, hướng dẫn du lịch"
171387,VHH,du-lich-lu-hanh-huong-dan-du-lich,A00,Điểm thi THPT,2023,24.8,"Du lịch - Lữ hành, hướng dẫn du lịch"
171388,VHH,du-lich-lu-hanh-huong-dan-du-lich,A16,Điểm thi THPT,2023,24.8,"Du lịch - Lữ hành, hướng dẫn du lịch"
171389,VHH,du-lich-lu-hanh-huong-dan-du-lich,C00,Điểm thi THPT,2023,25.8,"Du lịch - Lữ hành, hướng dẫn du lịch"
171390,VHH,du-lich-lu-hanh-huong-dan-du-lich,D01,Điểm thi THPT,2023,24.8,"Du lịch - Lữ hành, hướng dẫn du lịch"
171391,VHH,du-lich-lu-hanh-huong-dan-du-lich,D78,Điểm thi THPT,2023,24.8,"Du lịch - Lữ hành, hướng dẫn du lịch"
171392,VHH,du-lich-lu-hanh-huong-dan-du-lich,D96,Điểm thi THPT,2023,24.8,"Du lịch - Lữ hành, hướng dẫn du lịch"
171393,VHH,du-lich-lu-hanh-huong-dan-du-lich,C00,Điểm học bạ,2024,27.71,"Du lịch - Lữ hành, hướng dẫn du lịch"
171394,VHH,du-lich-lu-hanh-huong-dan-du-lich,C19,Điểm học bạ,2024,26.71,"Du lịch - Lữ hành, hướng dẫn du lịch"
171395,VHH,du-lich-lu-hanh-huong-dan-du-lich,D01,Điểm học bạ,2024,26.71,"Du lịch - Lữ hành, hướng dẫn du lịch"
171396,VHH,du-lich-lu-hanh-huong-dan-du-lich,D09,Điểm học bạ,2024,26.71,"Du lịch - Lữ hành, hướng dẫn du lịch"
171397,VHH,du-lich-lu-hanh-huong-dan-du-lich,D14,Điểm học bạ,2024,26.71,"Du lịch - Lữ hành, hướng dẫn du lịch"
171398,VHH,du-lich-lu-hanh-huong-dan-du-lich,D15,Điểm học bạ,2024,26.71,"Du lịch - Lữ hành, hướng dẫn du lịch"
171399,VHH,du-lich-lu-hanh-huong-dan-du-lich,C00,Điểm thi THPT,2024,27.67,"Du lịch - Lữ hành, hướng dẫn du lịch"
171400,VHH,du-lich-lu-hanh-huong-dan-du-lich,C19,Điểm thi THPT,2024,26.67,"Du lịch - Lữ hành, hướng dẫn du lịch"
171401,VHH,du-lich-lu-hanh-huong-dan-du-lich,D01,Điểm thi THPT,2024,26.67,"Du lịch - Lữ hành, hướng dẫn du lịch"
171402,VHH,du-lich-lu-hanh-huong-dan-du-lich,D09,Điểm thi THPT,2024,26.67,"Du lịch - Lữ hành, hướng dẫn du lịch"
171403,VHH,du-lich-lu-hanh-huong-dan-du-lich,D14,Điểm thi THPT,2024,26.67,"Du lịch - Lữ hành, hướng dẫn du lịch"
171404,VHH,du-lich-lu-hanh-huong-dan-du-lich,D15,Điểm thi THPT,2024,26.67,"Du lịch - Lữ hành, hướng dẫn du lịch"
171405,VHH,du-lich-van-hoa-du-lich,A00,Điểm học bạ,2021,21.75,Du lịch - Văn hóa du lịch
171406,VHH,du-lich-van-hoa-du-lich,C00,Điểm học bạ,2021,22.75,Du lịch - Văn hóa du lịch
171407,VHH,du-lich-van-hoa-du-lich,D01,Điểm học bạ,2021,21.75,Du lịch - Văn hóa du lịch
171408,VHH,du-lich-van-hoa-du-lich,A00,Điểm thi THPT,2021,25.2,Du lịch - Văn hóa du lịch
171409,VHH,du-lich-van-hoa-du-lich,A16,Điểm thi THPT,2021,25.2,Du lịch - Văn hóa du lịch
171410,VHH,du-lich-van-hoa-du-lich,C00,Điểm thi THPT,2021,26.2,Du lịch - Văn hóa du lịch
171411,VHH,du-lich-van-hoa-du-lich,D01,Điểm thi THPT,2021,25.2,Du lịch - Văn hóa du lịch
171412,VHH,du-lich-van-hoa-du-lich,D78,Điểm thi THPT,2021,25.2,Du lịch - Văn hóa du lịch
171413,VHH,du-lich-van-hoa-du-lich,D96,Điểm thi THPT,2021,25.2,Du lịch - Văn hóa du lịch
171414,VHH,du-lich-van-hoa-du-lich,A00,Điểm học bạ,2022,26.5,Du lịch - Văn hóa du lịch
171415,VHH,du-lich-van-hoa-du-lich,C00,Điểm học bạ,2022,27.5,Du lịch - Văn hóa du lịch
171416,VHH,du-lich-van-hoa-du-lich,D01,Điểm học bạ,2022,26.5,Du lịch - Văn hóa du lịch
171417,VHH,du-lich-van-hoa-du-lich,A00,Điểm thi THPT,2022,25.0,Du lịch - Văn hóa du lịch
171418,VHH,du-lich-van-hoa-du-lich,A16,Điểm thi THPT,2022,25.0,Du lịch - Văn hóa du lịch
171419,VHH,du-lich-van-hoa-du-lich,C00,Điểm thi THPT,2022,26.0,Du lịch - Văn hóa du lịch
171420,VHH,du-lich-van-hoa-du-lich,D01,Điểm thi THPT,2022,25.0,Du lịch - Văn hóa du lịch
171421,VHH,du-lich-van-hoa-du-lich,D78,Điểm thi THPT,2022,25.0,Du lịch - Văn hóa du lịch
171422,VHH,du-lich-van-hoa-du-lich,D96,Điểm thi THPT,2022,25.0,Du lịch - Văn hóa du lịch
171423,VHH,du-lich-van-hoa-du-lich,C00,Điểm học bạ,2023,24.3,Du lịch - Văn hóa du lịch
171424,VHH,du-lich-van-hoa-du-lich,D01,Điểm học bạ,2023,23.42,Du lịch - Văn hóa du lịch
171425,VHH,du-lich-van-hoa-du-lich,A00,Điểm thi THPT,2023,24.41,Du lịch - Văn hóa du lịch
171426,VHH,du-lich-van-hoa-du-lich,A16,Điểm thi THPT,2023,24.41,Du lịch - Văn hóa du lịch
171427,VHH,du-lich-van-hoa-du-lich,C00,Điểm thi THPT,2023,25.41,Du lịch - Văn hóa du lịch
171428,VHH,du-lich-van-hoa-du-lich,D01,Điểm thi THPT,2023,24.41,Du lịch - Văn hóa du lịch
171429,VHH,du-lich-van-hoa-du-lich,D78,Điểm thi THPT,2023,24.41,Du lịch - Văn hóa du lịch
171430,VHH,du-lich-van-hoa-du-lich,D96,Điểm thi THPT,2023,24.41,Du lịch - Văn hóa du lịch
171431,VHH,du-lich-van-hoa-du-lich,C00,Điểm học bạ,2024,27.46,Du lịch - Văn hóa du lịch
171432,VHH,du-lich-van-hoa-du-lich,C19,Điểm học bạ,2024,26.46,Du lịch - Văn hóa du lịch
171433,VHH,du-lich-van-hoa-du-lich,D01,Điểm học bạ,2024,26.46,Du lịch - Văn hóa du lịch
171434,VHH,du-lich-van-hoa-du-lich,D09,Điểm học bạ,2024,26.46,Du lịch - Văn hóa du lịch
171435,VHH,du-lich-van-hoa-du-lich,D14,Điểm học bạ,2024,26.46,Du lịch - Văn hóa du lịch
171436,VHH,du-lich-van-hoa-du-lich,D15,Điểm học bạ,2024,26.46,Du lịch - Văn hóa du lịch
171437,VHH,du-lich-van-hoa-du-lich,C00,Điểm thi THPT,2024,27.15,Du lịch - Văn hóa du lịch
171438,VHH,du-lich-van-hoa-du-lich,C19,Điểm thi THPT,2024,26.15,Du lịch - Văn hóa du lịch
171439,VHH,du-lich-van-hoa-du-lich,D01,Điểm thi THPT,2024,26.15,Du lịch - Văn hóa du lịch
171440,VHH,du-lich-van-hoa-du-lich,D09,Điểm thi THPT,2024,26.15,Du lịch - Văn hóa du lịch
171441,VHH,du-lich-van-hoa-du-lich,D14,Điểm thi THPT,2024,26.15,Du lịch - Văn hóa du lịch
171442,VHH,du-lich-van-hoa-du-lich,D15,Điểm thi THPT,2024,26.15,Du lịch - Văn hóa du lịch
171443,VHH,huong-dan-du-lich-quoc-te,D01,Điểm học bạ,2025,25.87,Hướng dẫn du lịch quốc tế
171444,VHH,huong-dan-du-lich-quoc-te,D14,Điểm học bạ,2025,25.87,Hướng dẫn du lịch quốc tế
171445,VHH,huong-dan-du-lich-quoc-te,D15,Điểm học bạ,2025,25.87,Hướng dẫn du lịch quốc tế
171446,VHH,huong-dan-du-lich-quoc-te,X78,Điểm học bạ,2025,25.87,Hướng dẫn du lịch quốc tế
171447,VHH,huong-dan-du-lich-quoc-te,D01,Điểm thi THPT,2025,22.8,Hướng dẫn du lịch quốc tế
171448,VHH,huong-dan-du-lich-quoc-te,D14,Điểm thi THPT,2025,23.3,Hướng dẫn du lịch quốc tế
171449,VHH,huong-dan-du-lich-quoc-te,D15,Điểm thi THPT,2025,23.3,Hướng dẫn du lịch quốc tế
171450,VHH,huong-dan-du-lich-quoc-te,X78,Điểm thi THPT,2025,23.3,Hướng dẫn du lịch quốc tế
171451,VHH,kinh-doanh-xuat-ban-pham,A00,Điểm học bạ,2021,20.0,Kinh doanh xuất bản phẩm
171452,VHH,kinh-doanh-xuat-ban-pham,C00,Điểm học bạ,2021,21.0,Kinh doanh xuất bản phẩm
171453,VHH,kinh-doanh-xuat-ban-pham,D01,Điểm học bạ,2021,20.0,Kinh doanh xuất bản phẩm
171454,VHH,kinh-doanh-xuat-ban-pham,A00,Điểm thi THPT,2021,19.0,Kinh doanh xuất bản phẩm
171455,VHH,kinh-doanh-xuat-ban-pham,A16,Điểm thi THPT,2021,19.0,Kinh doanh xuất bản phẩm
171456,VHH,kinh-doanh-xuat-ban-pham,C00,Điểm thi THPT,2021,20.0,Kinh doanh xuất bản phẩm
171457,VHH,kinh-doanh-xuat-ban-pham,D01,Điểm thi THPT,2021,19.0,Kinh doanh xuất bản phẩm
171458,VHH,kinh-doanh-xuat-ban-pham,D78,Điểm thi THPT,2021,19.0,Kinh doanh xuất bản phẩm
171459,VHH,kinh-doanh-xuat-ban-pham,D96,Điểm thi THPT,2021,19.0,Kinh doanh xuất bản phẩm
171460,VHH,kinh-doanh-xuat-ban-pham,A00,Điểm học bạ,2022,24.0,Kinh doanh xuất bản phẩm
171461,VHH,kinh-doanh-xuat-ban-pham,C00,Điểm học bạ,2022,25.0,Kinh doanh xuất bản phẩm
171462,VHH,kinh-doanh-xuat-ban-pham,D01,Điểm học bạ,2022,24.0,Kinh doanh xuất bản phẩm
171463,VHH,kinh-doanh-xuat-ban-pham,A00,Điểm thi THPT,2022,23.25,Kinh doanh xuất bản phẩm
171464,VHH,kinh-doanh-xuat-ban-pham,A16,Điểm thi THPT,2022,23.25,Kinh doanh xuất bản phẩm
171465,VHH,kinh-doanh-xuat-ban-pham,C00,Điểm thi THPT,2022,24.25,Kinh doanh xuất bản phẩm
171466,VHH,kinh-doanh-xuat-ban-pham,D01,Điểm thi THPT,2022,23.25,Kinh doanh xuất bản phẩm
171467,VHH,kinh-doanh-xuat-ban-pham,D78,Điểm thi THPT,2022,23.25,Kinh doanh xuất bản phẩm
171468,VHH,kinh-doanh-xuat-ban-pham,D96,Điểm thi THPT,2022,23.25,Kinh doanh xuất bản phẩm
171469,VHH,kinh-doanh-xuat-ban-pham,C00,Điểm học bạ,2023,22.76,Kính doanh xuất bản phẩm
171470,VHH,kinh-doanh-xuat-ban-pham,D01,Điểm học bạ,2023,21.88,Kính doanh xuất bản phẩm
171471,VHH,kinh-doanh-xuat-ban-pham,A00,Điểm thi THPT,2023,22.0,Kinh doanh xuất bản phẩm
171472,VHH,kinh-doanh-xuat-ban-pham,A16,Điểm thi THPT,2023,22.0,Kinh doanh xuất bản phẩm
171473,VHH,kinh-doanh-xuat-ban-pham,C00,Điểm thi THPT,2023,23.0,Kinh doanh xuất bản phẩm
171474,VHH,kinh-doanh-xuat-ban-pham,D01,Điểm thi THPT,2023,22.0,Kinh doanh xuất bản phẩm
171475,VHH,kinh-doanh-xuat-ban-pham,D78,Điểm thi THPT,2023,22.0,Kinh doanh xuất bản phẩm
171476,VHH,kinh-doanh-xuat-ban-pham,D96,Điểm thi THPT,2023,22.0,Kinh doanh xuất bản phẩm
171477,VHH,kinh-doanh-xuat-ban-pham,C00,Điểm học bạ,2024,26.98,Kinh doanh xuất bản phẩm
171478,VHH,kinh-doanh-xuat-ban-pham,C19,Điểm học bạ,2024,25.98,Kinh doanh xuất bản phẩm
171479,VHH,kinh-doanh-xuat-ban-pham,D01,Điểm học bạ,2024,25.98,Kinh doanh xuất bản phẩm
171480,VHH,kinh-doanh-xuat-ban-pham,D09,Điểm học bạ,2024,25.98,Kinh doanh xuất bản phẩm
171481,VHH,kinh-doanh-xuat-ban-pham,D14,Điểm học bạ,2024,25.98,Kinh doanh xuất bản phẩm
171482,VHH,kinh-doanh-xuat-ban-pham,D15,Điểm học bạ,2024,25.98,Kinh doanh xuất bản phẩm
171483,VHH,kinh-doanh-xuat-ban-pham,C00,Điểm thi THPT,2024,25.8,Kinh doanh xuất bản phẩm
171484,VHH,kinh-doanh-xuat-ban-pham,C19,Điểm thi THPT,2024,24.8,Kinh doanh xuất bản phẩm
171485,VHH,kinh-doanh-xuat-ban-pham,D01,Điểm thi THPT,2024,24.8,Kinh doanh xuất bản phẩm
171486,VHH,kinh-doanh-xuat-ban-pham,D09,Điểm thi THPT,2024,24.8,Kinh doanh xuất bản phẩm
171487,VHH,kinh-doanh-xuat-ban-pham,D14,Điểm thi THPT,2024,24.8,Kinh doanh xuất bản phẩm
171488,VHH,kinh-doanh-xuat-ban-pham,D15,Điểm thi THPT,2024,24.8,Kinh doanh xuất bản phẩm
171489,VHH,kinh-doanh-xuat-ban-pham,C00,Điểm học bạ,2025,26.67,Kinh doanh xuất bản phẩm
171490,VHH,kinh-doanh-xuat-ban-pham,C03,Điểm học bạ,2025,26.67,Kinh doanh xuất bản phẩm
171491,VHH,kinh-doanh-xuat-ban-pham,C04,Điểm học bạ,2025,26.67,Kinh doanh xuất bản phẩm
171492,VHH,kinh-doanh-xuat-ban-pham,D01,Điểm học bạ,2025,26.67,Kinh doanh xuất bản phẩm
171493,VHH,kinh-doanh-xuat-ban-pham,D14,Điểm học bạ,2025,26.67,Kinh doanh xuất bản phẩm
171494,VHH,kinh-doanh-xuat-ban-pham,D15,Điểm học bạ,2025,26.67,Kinh doanh xuất bản phẩm
171495,VHH,kinh-doanh-xuat-ban-pham,X01,Điểm học bạ,2025,26.67,Kinh doanh xuất bản phẩm
171496,VHH,kinh-doanh-xuat-ban-pham,X70,Điểm học bạ,2025,26.67,Kinh doanh xuất bản phẩm
171497,VHH,kinh-doanh-xuat-ban-pham,X78,Điểm học bạ,2025,26.67,Kinh doanh xuất bản phẩm
171498,VHH,kinh-doanh-xuat-ban-pham,C00,Điểm thi THPT,2025,25.76,Kinh doanh xuất bản phẩm
171499,VHH,kinh-doanh-xuat-ban-pham,C03,Điểm thi THPT,2025,24.26,Kinh doanh xuất bản phẩm
171500,VHH,kinh-doanh-xuat-ban-pham,C04,Điểm thi THPT,2025,24.26,Kinh doanh xuất bản phẩm
171501,VHH,kinh-doanh-xuat-ban-pham,D01,Điểm thi THPT,2025,23.76,Kinh doanh xuất bản phẩm
171502,VHH,kinh-doanh-xuat-ban-pham,D14,Điểm thi THPT,2025,24.26,Kinh doanh xuất bản phẩm
171503,VHH,kinh-doanh-xuat-ban-pham,D15,Điểm thi THPT,2025,24.26,Kinh doanh xuất bản phẩm
171504,VHH,kinh-doanh-xuat-ban-pham,X01,Điểm thi THPT,2025,24.26,Kinh doanh xuất bản phẩm
171505,VHH,kinh-doanh-xuat-ban-pham,X70,Điểm thi THPT,2025,25.76,Kinh doanh xuất bản phẩm
171506,VHH,kinh-doanh-xuat-ban-pham,X78,Điểm thi THPT,2025,24.26,Kinh doanh xuất bản phẩm
171507,VHH,lu-hanh-huong-dan-du-lich,C00,Điểm học bạ,2025,27.63,"Lữ hành, hướng dẫn du lịch"
171508,VHH,lu-hanh-huong-dan-du-lich,C03,Điểm học bạ,2025,27.63,"Lữ hành, hướng dẫn du lịch"
171509,VHH,lu-hanh-huong-dan-du-lich,C04,Điểm học bạ,2025,27.63,"Lữ hành, hướng dẫn du lịch"
171510,VHH,lu-hanh-huong-dan-du-lich,D01,Điểm học bạ,2025,27.63,"Lữ hành, hướng dẫn du lịch"
171511,VHH,lu-hanh-huong-dan-du-lich,D14,Điểm học bạ,2025,27.63,"Lữ hành, hướng dẫn du lịch"
171512,VHH,lu-hanh-huong-dan-du-lich,D15,Điểm học bạ,2025,27.63,"Lữ hành, hướng dẫn du lịch"
171513,VHH,lu-hanh-huong-dan-du-lich,X01,Điểm học bạ,2025,27.63,"Lữ hành, hướng dẫn du lịch"
171514,VHH,lu-hanh-huong-dan-du-lich,X70,Điểm học bạ,2025,27.63,"Lữ hành, hướng dẫn du lịch"
171515,VHH,lu-hanh-huong-dan-du-lich,X78,Điểm học bạ,2025,27.63,"Lữ hành, hướng dẫn du lịch"
171516,VHH,lu-hanh-huong-dan-du-lich,C00,Điểm thi THPT,2025,27.2,"Lữ hành, hướng dẫn du lịch"
171517,VHH,lu-hanh-huong-dan-du-lich,C03,Điểm thi THPT,2025,25.7,"Lữ hành, hướng dẫn du lịch"
171518,VHH,lu-hanh-huong-dan-du-lich,C04,Điểm thi THPT,2025,25.7,"Lữ hành, hướng dẫn du lịch"
171519,VHH,lu-hanh-huong-dan-du-lich,D01,Điểm thi THPT,2025,25.2,"Lữ hành, hướng dẫn du lịch"
171520,VHH,lu-hanh-huong-dan-du-lich,D14,Điểm thi THPT,2025,25.7,"Lữ hành, hướng dẫn du lịch"
171521,VHH,lu-hanh-huong-dan-du-lich,D15,Điểm thi THPT,2025,25.7,"Lữ hành, hướng dẫn du lịch"
171522,VHH,lu-hanh-huong-dan-du-lich,X01,Điểm thi THPT,2025,25.7,"Lữ hành, hướng dẫn du lịch"
171523,VHH,lu-hanh-huong-dan-du-lich,X70,Điểm thi THPT,2025,27.2,"Lữ hành, hướng dẫn du lịch"
171524,VHH,lu-hanh-huong-dan-du-lich,X78,Điểm thi THPT,2025,25.7,"Lữ hành, hướng dẫn du lịch"
171525,VHH,luat,A00,Điểm học bạ,2021,25.75,Luật
171526,VHH,luat,C00,Điểm học bạ,2021,26.75,Luật
171527,VHH,luat,D01,Điểm học bạ,2021,25.75,Luật
171528,VHH,luat,A00,Điểm thi THPT,2021,25.6,Luật
171529,VHH,luat,A16,Điểm thi THPT,2021,25.6,Luật
171530,VHH,luat,C00,Điểm thi THPT,2021,26.6,Luật
171531,VHH,luat,D01,Điểm thi THPT,2021,25.6,Luật
171532,VHH,luat,D78,Điểm thi THPT,2021,25.6,Luật
171533,VHH,luat,D96,Điểm thi THPT,2021,25.6,Luật
171534,VHH,luat,A00,Điểm học bạ,2022,29.5,Luật
171535,VHH,luat,C00,Điểm học bạ,2022,30.5,Luật
171536,VHH,luat,D01,Điểm học bạ,2022,29.5,Luật
171537,VHH,luat,A00,Điểm thi THPT,2022,26.5,Luật
171538,VHH,luat,A16,Điểm thi THPT,2022,26.5,Luật
171539,VHH,luat,C00,Điểm thi THPT,2022,27.5,Luật
171540,VHH,luat,D01,Điểm thi THPT,2022,26.5,Luật
171541,VHH,luat,D78,Điểm thi THPT,2022,26.5,Luật
171542,VHH,luat,D96,Điểm thi THPT,2022,26.5,Luật
171543,VHH,luat,C00,Điểm học bạ,2023,27.54,Luật
171544,VHH,luat,D01,Điểm học bạ,2023,26.66,Luật
171545,VHH,luat,A00,Điểm thi THPT,2023,24.17,Luật
171546,VHH,luat,A16,Điểm thi THPT,2023,24.17,Luật
171547,VHH,luat,C00,Điểm thi THPT,2023,25.17,Luật
171548,VHH,luat,D01,Điểm thi THPT,2023,24.17,Luật
171549,VHH,luat,D78,Điểm thi THPT,2023,24.17,Luật
171550,VHH,luat,D96,Điểm thi THPT,2023,24.17,Luật
171551,VHH,luat,C00,Điểm học bạ,2024,28.36,Luật
171552,VHH,luat,C19,Điểm học bạ,2024,27.36,Luật
171553,VHH,luat,D01,Điểm học bạ,2024,27.36,Luật
171554,VHH,luat,D09,Điểm học bạ,2024,27.36,Luật
171555,VHH,luat,D14,Điểm học bạ,2024,27.36,Luật
171556,VHH,luat,D15,Điểm học bạ,2024,27.36,Luật
171557,VHH,luat,C00,Điểm thi THPT,2024,28.8,Luật
171558,VHH,luat,C19,Điểm thi THPT,2024,27.8,Luật
171559,VHH,luat,D01,Điểm thi THPT,2024,27.8,Luật
171560,VHH,luat,D09,Điểm thi THPT,2024,27.8,Luật
171561,VHH,luat,D14,Điểm thi THPT,2024,27.8,Luật
171562,VHH,luat,D15,Điểm thi THPT,2024,27.8,Luật
171563,VHH,luat,C00,Điểm học bạ,2025,27.37,Luật
171564,VHH,luat,C03,Điểm học bạ,2025,27.37,Luật
171565,VHH,luat,C04,Điểm học bạ,2025,27.37,Luật
171566,VHH,luat,D01,Điểm học bạ,2025,27.37,Luật
171567,VHH,luat,D14,Điểm học bạ,2025,27.37,Luật
171568,VHH,luat,D15,Điểm học bạ,2025,27.37,Luật
171569,VHH,luat,X01,Điểm học bạ,2025,27.37,Luật
171570,VHH,luat,X70,Điểm học bạ,2025,27.37,Luật
171571,VHH,luat,X78,Điểm học bạ,2025,27.37,Luật
171572,VHH,luat,C00,Điểm thi THPT,2025,26.81,Luật
171573,VHH,luat,C03,Điểm thi THPT,2025,25.31,Luật
171574,VHH,luat,C04,Điểm thi THPT,2025,25.31,Luật
171575,VHH,luat,D01,Điểm thi THPT,2025,24.81,Luật
171576,VHH,luat,D14,Điểm thi THPT,2025,25.31,Luật
171577,VHH,luat,D15,Điểm thi THPT,2025,25.31,Luật
171578,VHH,luat,X01,Điểm thi THPT,2025,25.31,Luật
171579,VHH,luat,X70,Điểm thi THPT,2025,26.81,Luật
171580,VHH,luat,X78,Điểm thi THPT,2025,25.31,Luật
171581,VHH,nghien-cuu-van-hoa,C00,Điểm học bạ,2025,27.32,Nghiên cứu văn hóa
171582,VHH,nghien-cuu-van-hoa,C03,Điểm học bạ,2025,27.32,Nghiên cứu văn hóa
171583,VHH,nghien-cuu-van-hoa,C04,Điểm học bạ,2025,27.32,Nghiên cứu văn hóa
171584,VHH,nghien-cuu-van-hoa,D01,Điểm học bạ,2025,27.32,Nghiên cứu văn hóa
171585,VHH,nghien-cuu-van-hoa,D14,Điểm học bạ,2025,27.32,Nghiên cứu văn hóa
171586,VHH,nghien-cuu-van-hoa,D15,Điểm học bạ,2025,27.32,Nghiên cứu văn hóa
171587,VHH,nghien-cuu-van-hoa,X01,Điểm học bạ,2025,27.32,Nghiên cứu văn hóa
171588,VHH,nghien-cuu-van-hoa,X70,Điểm học bạ,2025,27.32,Nghiên cứu văn hóa
171589,VHH,nghien-cuu-van-hoa,X78,Điểm học bạ,2025,27.32,Nghiên cứu văn hóa
171590,VHH,nghien-cuu-van-hoa,C00,Điểm thi THPT,2025,26.73,Nghiên cứu văn hóa
171591,VHH,nghien-cuu-van-hoa,C03,Điểm thi THPT,2025,25.23,Nghiên cứu văn hóa
171592,VHH,nghien-cuu-van-hoa,C04,Điểm thi THPT,2025,25.23,Nghiên cứu văn hóa
171593,VHH,nghien-cuu-van-hoa,D01,Điểm thi THPT,2025,24.73,Nghiên cứu văn hóa
171594,VHH,nghien-cuu-van-hoa,D14,Điểm thi THPT,2025,25.23,Nghiên cứu văn hóa
171595,VHH,nghien-cuu-van-hoa,D15,Điểm thi THPT,2025,25.23,Nghiên cứu văn hóa
171596,VHH,nghien-cuu-van-hoa,X01,Điểm thi THPT,2025,25.23,Nghiên cứu văn hóa
171597,VHH,nghien-cuu-van-hoa,X70,Điểm thi THPT,2025,26.73,Nghiên cứu văn hóa
171598,VHH,nghien-cuu-van-hoa,X78,Điểm thi THPT,2025,25.23,Nghiên cứu văn hóa
171599,VHH,ngon-ngu-anh,A00,Điểm học bạ,2021,34.75,Ngôn ngữ Anh
171600,VHH,ngon-ngu-anh,D01,Điểm học bạ,2021,34.75,Ngôn ngữ Anh
171601,VHH,ngon-ngu-anh,A00,Điểm thi THPT,2021,35.1,Ngôn ngữ Anh
171602,VHH,ngon-ngu-anh,A16,Điểm thi THPT,2021,35.1,Ngôn ngữ Anh
171603,VHH,ngon-ngu-anh,D01,Điểm thi THPT,2021,35.1,Ngôn ngữ Anh
171604,VHH,ngon-ngu-anh,D78,Điểm thi THPT,2021,35.1,Ngôn ngữ Anh
171605,VHH,ngon-ngu-anh,D96,Điểm thi THPT,2021,35.1,Ngôn ngữ Anh
171606,VHH,ngon-ngu-anh,A00,Điểm học bạ,2022,37.0,Ngôn ngữ Anh
171607,VHH,ngon-ngu-anh,D01,Điểm học bạ,2022,37.0,Ngôn ngữ Anh
171608,VHH,ngon-ngu-anh,A00,Điểm thi THPT,2022,33.18,Ngôn ngữ Anh
171609,VHH,ngon-ngu-anh,A16,Điểm thi THPT,2022,33.18,Ngôn ngữ Anh
171610,VHH,ngon-ngu-anh,D01,Điểm thi THPT,2022,33.18,Ngôn ngữ Anh
171611,VHH,ngon-ngu-anh,D78,Điểm thi THPT,2022,33.18,Ngôn ngữ Anh
171612,VHH,ngon-ngu-anh,D96,Điểm thi THPT,2022,33.18,Ngôn ngữ Anh
171613,VHH,ngon-ngu-anh,D01,Điểm học bạ,2023,27.66,Ngôn ngữ Anh
171614,VHH,ngon-ngu-anh,A00,Điểm thi THPT,2023,32.93,Ngôn ngữ Anh
171615,VHH,ngon-ngu-anh,A16,Điểm thi THPT,2023,32.93,Ngôn ngữ Anh
171616,VHH,ngon-ngu-anh,D01,Điểm thi THPT,2023,32.93,Ngôn ngữ Anh
171617,VHH,ngon-ngu-anh,D78,Điểm thi THPT,2023,32.93,Ngôn ngữ Anh
171618,VHH,ngon-ngu-anh,D96,Điểm thi THPT,2023,32.93,Ngôn ngữ Anh
171619,VHH,ngon-ngu-anh,C19,Điểm học bạ,2024,35.78,Ngôn ngữ Anh
171620,VHH,ngon-ngu-anh,D01,Điểm học bạ,2024,35.78,Ngôn ngữ Anh
171621,VHH,ngon-ngu-anh,D09,Điểm học bạ,2024,35.78,Ngôn ngữ Anh
171622,VHH,ngon-ngu-anh,D14,Điểm học bạ,2024,35.78,Ngôn ngữ Anh
171623,VHH,ngon-ngu-anh,D15,Điểm học bạ,2024,35.78,Ngôn ngữ Anh
171624,VHH,ngon-ngu-anh,C19,Điểm thi THPT,2024,34.35,Ngôn ngữ Anh
171625,VHH,ngon-ngu-anh,D01,Điểm thi THPT,2024,34.35,Ngôn ngữ Anh
171626,VHH,ngon-ngu-anh,D09,Điểm thi THPT,2024,34.35,Ngôn ngữ Anh
171627,VHH,ngon-ngu-anh,D14,Điểm thi THPT,2024,34.35,Ngôn ngữ Anh
171628,VHH,ngon-ngu-anh,D15,Điểm thi THPT,2024,34.35,Ngôn ngữ Anh
171629,VHH,ngon-ngu-anh,D01,Điểm học bạ,2025,27.44,Ngôn ngữ Anh
171630,VHH,ngon-ngu-anh,D14,Điểm học bạ,2025,27.44,Ngôn ngữ Anh
171631,VHH,ngon-ngu-anh,D15,Điểm học bạ,2025,27.44,Ngôn ngữ Anh
171632,VHH,ngon-ngu-anh,X78,Điểm học bạ,2025,27.44,Ngôn ngữ Anh
171633,VHH,ngon-ngu-anh,D01,Điểm thi THPT,2025,24.91,Ngôn ngữ Anh
171634,VHH,ngon-ngu-anh,D14,Điểm thi THPT,2025,25.41,Ngôn ngữ Anh
171635,VHH,ngon-ngu-anh,D15,Điểm thi THPT,2025,25.41,Ngôn ngữ Anh
171636,VHH,ngon-ngu-anh,X78,Điểm thi THPT,2025,25.41,Ngôn ngữ Anh
171637,VHH,phat-trien-cong-nghiep-van-hoa,C00,Điểm học bạ,2025,25.9,Phát triển công nghiệp văn hóa
171638,VHH,phat-trien-cong-nghiep-van-hoa,C03,Điểm học bạ,2025,25.9,Phát triển công nghiệp văn hóa
171639,VHH,phat-trien-cong-nghiep-van-hoa,C04,Điểm học bạ,2025,25.9,Phát triển công nghiệp văn hóa
171640,VHH,phat-trien-cong-nghiep-van-hoa,D01,Điểm học bạ,2025,25.9,Phát triển công nghiệp văn hóa
171641,VHH,phat-trien-cong-nghiep-van-hoa,D14,Điểm học bạ,2025,25.9,Phát triển công nghiệp văn hóa
171642,VHH,phat-trien-cong-nghiep-van-hoa,D15,Điểm học bạ,2025,25.9,Phát triển công nghiệp văn hóa
171643,VHH,phat-trien-cong-nghiep-van-hoa,X01,Điểm học bạ,2025,25.9,Phát triển công nghiệp văn hóa
171644,VHH,phat-trien-cong-nghiep-van-hoa,X70,Điểm học bạ,2025,25.9,Phát triển công nghiệp văn hóa
171645,VHH,phat-trien-cong-nghiep-van-hoa,X78,Điểm học bạ,2025,25.9,Phát triển công nghiệp văn hóa
171646,VHH,phat-trien-cong-nghiep-van-hoa,C00,Điểm thi THPT,2025,24.83,Phát triển công nghiệp văn hóa
171647,VHH,phat-trien-cong-nghiep-van-hoa,C03,Điểm thi THPT,2025,23.33,Phát triển công nghiệp văn hóa
171648,VHH,phat-trien-cong-nghiep-van-hoa,C04,Điểm thi THPT,2025,23.33,Phát triển công nghiệp văn hóa
171649,VHH,phat-trien-cong-nghiep-van-hoa,D01,Điểm thi THPT,2025,22.83,Phát triển công nghiệp văn hóa
171650,VHH,phat-trien-cong-nghiep-van-hoa,D14,Điểm thi THPT,2025,23.33,Phát triển công nghiệp văn hóa
171651,VHH,phat-trien-cong-nghiep-van-hoa,D15,Điểm thi THPT,2025,23.33,Phát triển công nghiệp văn hóa
171652,VHH,phat-trien-cong-nghiep-van-hoa,X01,Điểm thi THPT,2025,23.33,Phát triển công nghiệp văn hóa
171653,VHH,phat-trien-cong-nghiep-van-hoa,X70,Điểm thi THPT,2025,24.83,Phát triển công nghiệp văn hóa
171654,VHH,phat-trien-cong-nghiep-van-hoa,X78,Điểm thi THPT,2025,23.33,Phát triển công nghiệp văn hóa
171655,VHH,qlvh-chinh-sach-van-hoa-quan-ly-nghe-thuat,A00,Điểm học bạ,2022,24.0,QLVH - Chính sách văn hóa quản lý nghệ thuật
171656,VHH,qlvh-chinh-sach-van-hoa-quan-ly-nghe-thuat,C00,Điểm học bạ,2022,25.0,QLVH - Chính sách văn hóa quản lý nghệ thuật
171657,VHH,qlvh-chinh-sach-van-hoa-quan-ly-nghe-thuat,D01,Điểm học bạ,2022,24.0,QLVH - Chính sách văn hóa quản lý nghệ thuật
171658,VHH,qlvh-quan-ly-di-san-van-hoa,A00,Điểm học bạ,2022,24.0,QLVH - Quản lý di sản văn hóa
171659,VHH,qlvh-quan-ly-di-san-van-hoa,C00,Điểm học bạ,2022,25.0,QLVH - Quản lý di sản văn hóa
171660,VHH,qlvh-quan-ly-di-san-van-hoa,D01,Điểm học bạ,2022,24.0,QLVH - Quản lý di sản văn hóa
171661,VHH,qlvh-to-chuc-su-kien-van-hoa,A00,Điểm học bạ,2022,28.25,QLVH - Tổ chức sự kiện văn hóa
171662,VHH,qlvh-to-chuc-su-kien-van-hoa,C00,Điểm học bạ,2022,29.25,QLVH - Tổ chức sự kiện văn hóa
171663,VHH,qlvh-to-chuc-su-kien-van-hoa,D01,Điểm học bạ,2022,28.25,QLVH - Tổ chức sự kiện văn hóa
171664,VHH,quan-ly-di-san-van-hoa,C00,Điểm học bạ,2025,26.79,Quản lý di sản văn hóa
171665,VHH,quan-ly-di-san-van-hoa,C03,Điểm học bạ,2025,26.79,Quản lý di sản văn hóa
171666,VHH,quan-ly-di-san-van-hoa,C04,Điểm học bạ,2025,26.79,Quản lý di sản văn hóa
171667,VHH,quan-ly-di-san-van-hoa,D01,Điểm học bạ,2025,26.79,Quản lý di sản văn hóa
171668,VHH,quan-ly-di-san-van-hoa,D14,Điểm học bạ,2025,26.79,Quản lý di sản văn hóa
171669,VHH,quan-ly-di-san-van-hoa,D15,Điểm học bạ,2025,26.79,Quản lý di sản văn hóa
171670,VHH,quan-ly-di-san-van-hoa,X01,Điểm học bạ,2025,26.79,Quản lý di sản văn hóa
171671,VHH,quan-ly-di-san-van-hoa,X70,Điểm học bạ,2025,26.79,Quản lý di sản văn hóa
171672,VHH,quan-ly-di-san-van-hoa,X78,Điểm học bạ,2025,26.79,Quản lý di sản văn hóa
171673,VHH,quan-ly-di-san-van-hoa,C00,Điểm thi THPT,2025,25.94,Quản lý di sản văn hóa
171674,VHH,quan-ly-di-san-van-hoa,C03,Điểm thi THPT,2025,24.44,Quản lý di sản văn hóa
171675,VHH,quan-ly-di-san-van-hoa,C04,Điểm thi THPT,2025,24.44,Quản lý di sản văn hóa
171676,VHH,quan-ly-di-san-van-hoa,D01,Điểm thi THPT,2025,23.94,Quản lý di sản văn hóa
171677,VHH,quan-ly-di-san-van-hoa,D14,Điểm thi THPT,2025,24.44,Quản lý di sản văn hóa
171678,VHH,quan-ly-di-san-van-hoa,D15,Điểm thi THPT,2025,24.44,Quản lý di sản văn hóa
171679,VHH,quan-ly-di-san-van-hoa,X01,Điểm thi THPT,2025,24.44,Quản lý di sản văn hóa
171680,VHH,quan-ly-di-san-van-hoa,X70,Điểm thi THPT,2025,25.94,Quản lý di sản văn hóa
171681,VHH,quan-ly-di-san-van-hoa,X78,Điểm thi THPT,2025,24.44,Quản lý di sản văn hóa
171682,VHH,quan-ly-thong-tin,A00,Điểm học bạ,2021,23.75,Quản lý thông tin
171683,VHH,quan-ly-thong-tin,C00,Điểm học bạ,2021,24.75,Quản lý thông tin
171684,VHH,quan-ly-thong-tin,D01,Điểm học bạ,2021,23.75,Quản lý thông tin
171685,VHH,quan-ly-thong-tin,A00,Điểm thi THPT,2021,25.0,Quản lý thông tin
171686,VHH,quan-ly-thong-tin,A16,Điểm thi THPT,2021,25.0,Quản lý thông tin
171687,VHH,quan-ly-thong-tin,C00,Điểm thi THPT,2021,26.0,Quản lý thông tin
171688,VHH,quan-ly-thong-tin,D01,Điểm thi THPT,2021,25.0,Quản lý thông tin
171689,VHH,quan-ly-thong-tin,D78,Điểm thi THPT,2021,25.0,Quản lý thông tin
171690,VHH,quan-ly-thong-tin,D96,Điểm thi THPT,2021,25.0,Quản lý thông tin
171691,VHH,quan-ly-thong-tin,A00,Điểm học bạ,2022,25.5,Quản lý thông tin
171692,VHH,quan-ly-thong-tin,C00,Điểm học bạ,2022,26.5,Quản lý thông tin
171693,VHH,quan-ly-thong-tin,D01,Điểm học bạ,2022,25.5,Quản lý thông tin
171694,VHH,quan-ly-thong-tin,A00,Điểm thi THPT,2022,25.75,Quản lý thông tin
171695,VHH,quan-ly-thong-tin,A16,Điểm thi THPT,2022,25.75,Quản lý thông tin
171696,VHH,quan-ly-thong-tin,C00,Điểm thi THPT,2022,26.75,Quản lý thông tin
171697,VHH,quan-ly-thong-tin,D01,Điểm thi THPT,2022,25.75,Quản lý thông tin
171698,VHH,quan-ly-thong-tin,D78,Điểm thi THPT,2022,25.75,Quản lý thông tin
171699,VHH,quan-ly-thong-tin,D96,Điểm thi THPT,2022,25.75,Quản lý thông tin
171700,VHH,quan-ly-thong-tin,C00,Điểm học bạ,2023,25.17,Quản lý thông tin
171701,VHH,quan-ly-thong-tin,D01,Điểm học bạ,2023,23.41,Quản lý thông tin
171702,VHH,quan-ly-thong-tin,A00,Điểm thi THPT,2023,22.4,Quản lý thông tin
171703,VHH,quan-ly-thong-tin,A16,Điểm thi THPT,2023,22.4,Quản lý thông tin
171704,VHH,quan-ly-thong-tin,C00,Điểm thi THPT,2023,24.4,Quản lý thông tin
171705,VHH,quan-ly-thong-tin,D01,Điểm thi THPT,2023,22.4,Quản lý thông tin
171706,VHH,quan-ly-thong-tin,D78,Điểm thi THPT,2023,22.4,Quản lý thông tin
171707,VHH,quan-ly-thong-tin,D96,Điểm thi THPT,2023,22.4,Quản lý thông tin
171708,VHH,quan-ly-thong-tin,C00,Điểm học bạ,2024,27.58,Quản lý thông tin
171709,VHH,quan-ly-thong-tin,C19,Điểm học bạ,2024,26.58,Quản lý thông tin
171710,VHH,quan-ly-thong-tin,D01,Điểm học bạ,2024,26.58,Quản lý thông tin
171711,VHH,quan-ly-thong-tin,D09,Điểm học bạ,2024,26.58,Quản lý thông tin
171712,VHH,quan-ly-thong-tin,D14,Điểm học bạ,2024,26.58,Quản lý thông tin
171713,VHH,quan-ly-thong-tin,D15,Điểm học bạ,2024,26.58,Quản lý thông tin
171714,VHH,quan-ly-thong-tin,C00,Điểm thi THPT,2024,27.1,Quản lý thông tin
171715,VHH,quan-ly-thong-tin,C19,Điểm thi THPT,2024,26.1,Quản lý thông tin
171716,VHH,quan-ly-thong-tin,D01,Điểm thi THPT,2024,26.1,Quản lý thông tin
171717,VHH,quan-ly-thong-tin,D09,Điểm thi THPT,2024,26.1,Quản lý thông tin
171718,VHH,quan-ly-thong-tin,D14,Điểm thi THPT,2024,26.1,Quản lý thông tin
171719,VHH,quan-ly-thong-tin,D15,Điểm thi THPT,2024,26.1,Quản lý thông tin
171720,VHH,quan-ly-thong-tin,C00,Điểm học bạ,2025,27.01,Quản lý thông tin
171721,VHH,quan-ly-thong-tin,C03,Điểm học bạ,2025,27.01,Quản lý thông tin
171722,VHH,quan-ly-thong-tin,C04,Điểm học bạ,2025,27.01,Quản lý thông tin
171723,VHH,quan-ly-thong-tin,D01,Điểm học bạ,2025,27.01,Quản lý thông tin
171724,VHH,quan-ly-thong-tin,D14,Điểm học bạ,2025,27.01,Quản lý thông tin
171725,VHH,quan-ly-thong-tin,D15,Điểm học bạ,2025,27.01,Quản lý thông tin
171726,VHH,quan-ly-thong-tin,X01,Điểm học bạ,2025,27.01,Quản lý thông tin
171727,VHH,quan-ly-thong-tin,X70,Điểm học bạ,2025,27.01,Quản lý thông tin
171728,VHH,quan-ly-thong-tin,X78,Điểm học bạ,2025,27.01,Quản lý thông tin
171729,VHH,quan-ly-thong-tin,C00,Điểm thi THPT,2025,26.27,Quản lý thông tin
171730,VHH,quan-ly-thong-tin,C03,Điểm thi THPT,2025,24.77,Quản lý thông tin
171731,VHH,quan-ly-thong-tin,C04,Điểm thi THPT,2025,24.77,Quản lý thông tin
171732,VHH,quan-ly-thong-tin,D01,Điểm thi THPT,2025,24.27,Quản lý thông tin
171733,VHH,quan-ly-thong-tin,D14,Điểm thi THPT,2025,24.77,Quản lý thông tin
171734,VHH,quan-ly-thong-tin,D15,Điểm thi THPT,2025,24.77,Quản lý thông tin
171735,VHH,quan-ly-thong-tin,X01,Điểm thi THPT,2025,24.77,Quản lý thông tin
171736,VHH,quan-ly-thong-tin,X70,Điểm thi THPT,2025,26.27,Quản lý thông tin
171737,VHH,quan-ly-thong-tin,X78,Điểm thi THPT,2025,24.77,Quản lý thông tin
171738,VHH,quan-ly-van-hoa-chinh-sach-van-hoa-va-quan-ly-nghe-thuat,A00,Điểm học bạ,2021,19.0,Quản lý văn hoá - Chính sách văn hóa và quản lý nghệ thuật
171739,VHH,quan-ly-van-hoa-chinh-sach-van-hoa-va-quan-ly-nghe-thuat,C00,Điểm học bạ,2021,20.0,Quản lý văn hoá - Chính sách văn hóa và quản lý nghệ thuật
171740,VHH,quan-ly-van-hoa-chinh-sach-van-hoa-va-quan-ly-nghe-thuat,D01,Điểm học bạ,2021,19.0,Quản lý văn hoá - Chính sách văn hóa và quản lý nghệ thuật
171741,VHH,quan-ly-van-hoa-chinh-sach-van-hoa-va-quan-ly-nghe-thuat,A00,Điểm thi THPT,2021,23.1,Quản lý văn hoá - Chính sách văn hóa và quản lý nghệ thuật
171742,VHH,quan-ly-van-hoa-chinh-sach-van-hoa-va-quan-ly-nghe-thuat,A16,Điểm thi THPT,2021,23.1,Quản lý văn hoá - Chính sách văn hóa và quản lý nghệ thuật
171743,VHH,quan-ly-van-hoa-chinh-sach-van-hoa-va-quan-ly-nghe-thuat,C00,Điểm thi THPT,2021,24.1,Quản lý văn hoá - Chính sách văn hóa và quản lý nghệ thuật
171744,VHH,quan-ly-van-hoa-chinh-sach-van-hoa-va-quan-ly-nghe-thuat,D01,Điểm thi THPT,2021,23.1,Quản lý văn hoá - Chính sách văn hóa và quản lý nghệ thuật
171745,VHH,quan-ly-van-hoa-chinh-sach-van-hoa-va-quan-ly-nghe-thuat,D78,Điểm thi THPT,2021,23.1,Quản lý văn hoá - Chính sách văn hóa và quản lý nghệ thuật
171746,VHH,quan-ly-van-hoa-chinh-sach-van-hoa-va-quan-ly-nghe-thuat,D96,Điểm thi THPT,2021,23.1,Quản lý văn hoá - Chính sách văn hóa và quản lý nghệ thuật
171747,VHH,quan-ly-van-hoa-chinh-sach-van-hoa-va-quan-ly-nghe-thuat,A00,Điểm thi THPT,2022,23.25,Quản lý văn hóa - Chính sách văn hóa và quản lý nghệ thuật
171748,VHH,quan-ly-van-hoa-chinh-sach-van-hoa-va-quan-ly-nghe-thuat,A16,Điểm thi THPT,2022,23.25,Quản lý văn hóa - Chính sách văn hóa và quản lý nghệ thuật
171749,VHH,quan-ly-van-hoa-chinh-sach-van-hoa-va-quan-ly-nghe-thuat,C00,Điểm thi THPT,2022,24.25,Quản lý văn hóa - Chính sách văn hóa và quản lý nghệ thuật
171750,VHH,quan-ly-van-hoa-chinh-sach-van-hoa-va-quan-ly-nghe-thuat,D01,Điểm thi THPT,2022,23.25,Quản lý văn hóa - Chính sách văn hóa và quản lý nghệ thuật
171751,VHH,quan-ly-van-hoa-chinh-sach-van-hoa-va-quan-ly-nghe-thuat,D78,Điểm thi THPT,2022,23.25,Quản lý văn hóa - Chính sách văn hóa và quản lý nghệ thuật
171752,VHH,quan-ly-van-hoa-chinh-sach-van-hoa-va-quan-ly-nghe-thuat,D96,Điểm thi THPT,2022,23.25,Quản lý văn hóa - Chính sách văn hóa và quản lý nghệ thuật
171753,VHH,quan-ly-van-hoa-chinh-sach-van-hoa-va-quan-ly-nghe-thuat,C00,Điểm học bạ,2023,22.67,Quản lý văn hóa - Chính sách văn hóa và quản lý nghệ thuật
171754,VHH,quan-ly-van-hoa-chinh-sach-van-hoa-va-quan-ly-nghe-thuat,D01,Điểm học bạ,2023,21.79,Quản lý văn hóa - Chính sách văn hóa và quản lý nghệ thuật
171755,VHH,quan-ly-van-hoa-chinh-sach-van-hoa-va-quan-ly-nghe-thuat,A00,Điểm thi THPT,2023,22.96,Quản lý văn hoá -Chính sách văn hóa và quản lý nghệ thuật
171756,VHH,quan-ly-van-hoa-chinh-sach-van-hoa-va-quan-ly-nghe-thuat,A16,Điểm thi THPT,2023,22.96,Quản lý văn hoá -Chính sách văn hóa và quản lý nghệ thuật
171757,VHH,quan-ly-van-hoa-chinh-sach-van-hoa-va-quan-ly-nghe-thuat,C00,Điểm thi THPT,2023,23.96,Quản lý văn hoá -Chính sách văn hóa và quản lý nghệ thuật
171758,VHH,quan-ly-van-hoa-chinh-sach-van-hoa-va-quan-ly-nghe-thuat,D01,Điểm thi THPT,2023,22.96,Quản lý văn hoá -Chính sách văn hóa và quản lý nghệ thuật
171759,VHH,quan-ly-van-hoa-chinh-sach-van-hoa-va-quan-ly-nghe-thuat,D78,Điểm thi THPT,2023,22.96,Quản lý văn hoá -Chính sách văn hóa và quản lý nghệ thuật
171760,VHH,quan-ly-van-hoa-chinh-sach-van-hoa-va-quan-ly-nghe-thuat,D96,Điểm thi THPT,2023,22.96,Quản lý văn hoá -Chính sách văn hóa và quản lý nghệ thuật
171761,VHH,quan-ly-van-hoa-chinh-sach-van-hoa-va-quan-ly-nghe-thuat,C00,Điểm học bạ,2024,27.88,Quản lý văn hoá - Chính sách văn hóa và quản lý nghệ thuật
171762,VHH,quan-ly-van-hoa-chinh-sach-van-hoa-va-quan-ly-nghe-thuat,C19,Điểm học bạ,2024,26.88,Quản lý văn hoá - Chính sách văn hóa và quản lý nghệ thuật
171763,VHH,quan-ly-van-hoa-chinh-sach-van-hoa-va-quan-ly-nghe-thuat,D01,Điểm học bạ,2024,26.88,Quản lý văn hoá - Chính sách văn hóa và quản lý nghệ thuật
171764,VHH,quan-ly-van-hoa-chinh-sach-van-hoa-va-quan-ly-nghe-thuat,D09,Điểm học bạ,2024,26.88,Quản lý văn hoá - Chính sách văn hóa và quản lý nghệ thuật
171765,VHH,quan-ly-van-hoa-chinh-sach-van-hoa-va-quan-ly-nghe-thuat,D14,Điểm học bạ,2024,26.88,Quản lý văn hoá - Chính sách văn hóa và quản lý nghệ thuật
171766,VHH,quan-ly-van-hoa-chinh-sach-van-hoa-va-quan-ly-nghe-thuat,D15,Điểm học bạ,2024,26.88,Quản lý văn hoá - Chính sách văn hóa và quản lý nghệ thuật
171767,VHH,quan-ly-van-hoa-chinh-sach-van-hoa-va-quan-ly-nghe-thuat,C00,Điểm thi THPT,2024,27.97,Quản lý văn hoá - Chính sách văn hóa và quản lý nghệ thuật
171768,VHH,quan-ly-van-hoa-chinh-sach-van-hoa-va-quan-ly-nghe-thuat,C19,Điểm thi THPT,2024,26.97,Quản lý văn hoá - Chính sách văn hóa và quản lý nghệ thuật
171769,VHH,quan-ly-van-hoa-chinh-sach-van-hoa-va-quan-ly-nghe-thuat,D01,Điểm thi THPT,2024,26.97,Quản lý văn hoá - Chính sách văn hóa và quản lý nghệ thuật
171770,VHH,quan-ly-van-hoa-chinh-sach-van-hoa-va-quan-ly-nghe-thuat,D09,Điểm thi THPT,2024,26.97,Quản lý văn hoá - Chính sách văn hóa và quản lý nghệ thuật
171771,VHH,quan-ly-van-hoa-chinh-sach-van-hoa-va-quan-ly-nghe-thuat,D14,Điểm thi THPT,2024,26.97,Quản lý văn hoá - Chính sách văn hóa và quản lý nghệ thuật
171772,VHH,quan-ly-van-hoa-chinh-sach-van-hoa-va-quan-ly-nghe-thuat,D15,Điểm thi THPT,2024,26.97,Quản lý văn hoá - Chính sách văn hóa và quản lý nghệ thuật
171773,VHH,quan-ly-van-hoa-quan-ly-di-san-van-hoa,A00,Điểm học bạ,2021,20.0,Quản lý văn hoá - Quản lý di sản văn hóa
171774,VHH,quan-ly-van-hoa-quan-ly-di-san-van-hoa,C00,Điểm học bạ,2021,21.0,Quản lý văn hoá - Quản lý di sản văn hóa
171775,VHH,quan-ly-van-hoa-quan-ly-di-san-van-hoa,D01,Điểm học bạ,2021,20.0,Quản lý văn hoá - Quản lý di sản văn hóa
171776,VHH,quan-ly-van-hoa-quan-ly-di-san-van-hoa,A00,Điểm thi THPT,2021,22.0,Quản lý văn hoá - Quản lý di sản văn hóa
171777,VHH,quan-ly-van-hoa-quan-ly-di-san-van-hoa,A16,Điểm thi THPT,2021,22.0,Quản lý văn hoá - Quản lý di sản văn hóa
171778,VHH,quan-ly-van-hoa-quan-ly-di-san-van-hoa,C00,Điểm thi THPT,2021,23.0,Quản lý văn hoá - Quản lý di sản văn hóa
171779,VHH,quan-ly-van-hoa-quan-ly-di-san-van-hoa,D01,Điểm thi THPT,2021,22.0,Quản lý văn hoá - Quản lý di sản văn hóa
171780,VHH,quan-ly-van-hoa-quan-ly-di-san-van-hoa,D78,Điểm thi THPT,2021,22.0,Quản lý văn hoá - Quản lý di sản văn hóa
171781,VHH,quan-ly-van-hoa-quan-ly-di-san-van-hoa,D96,Điểm thi THPT,2021,22.0,Quản lý văn hoá - Quản lý di sản văn hóa
171782,VHH,quan-ly-van-hoa-quan-ly-di-san-van-hoa,A00,Điểm thi THPT,2022,23.5,Quản lý văn hóa - Quản lý di sản văn hóa
171783,VHH,quan-ly-van-hoa-quan-ly-di-san-van-hoa,A16,Điểm thi THPT,2022,23.5,Quản lý văn hóa - Quản lý di sản văn hóa
171784,VHH,quan-ly-van-hoa-quan-ly-di-san-van-hoa,C00,Điểm thi THPT,2022,24.5,Quản lý văn hóa - Quản lý di sản văn hóa
171785,VHH,quan-ly-van-hoa-quan-ly-di-san-van-hoa,D01,Điểm thi THPT,2022,23.5,Quản lý văn hóa - Quản lý di sản văn hóa
171786,VHH,quan-ly-van-hoa-quan-ly-di-san-van-hoa,D78,Điểm thi THPT,2022,23.5,Quản lý văn hóa - Quản lý di sản văn hóa
171787,VHH,quan-ly-van-hoa-quan-ly-di-san-van-hoa,D96,Điểm thi THPT,2022,23.5,Quản lý văn hóa - Quản lý di sản văn hóa
171788,VHH,quan-ly-van-hoa-quan-ly-di-san-van-hoa,C00,Điểm học bạ,2023,22.42,Quản lý văn hóa - Quản lý di sản văn hóa
171789,VHH,quan-ly-van-hoa-quan-ly-di-san-van-hoa,D01,Điểm học bạ,2023,21.54,Quản lý văn hóa - Quản lý di sản văn hóa
171790,VHH,quan-ly-van-hoa-quan-ly-di-san-van-hoa,A00,Điểm thi THPT,2023,22.23,Quản lý văn hoá -Quản lý di sản văn hóa
171791,VHH,quan-ly-van-hoa-quan-ly-di-san-van-hoa,A16,Điểm thi THPT,2023,22.23,Quản lý văn hoá -Quản lý di sản văn hóa
171792,VHH,quan-ly-van-hoa-quan-ly-di-san-van-hoa,C00,Điểm thi THPT,2023,23.23,Quản lý văn hoá -Quản lý di sản văn hóa
171793,VHH,quan-ly-van-hoa-quan-ly-di-san-van-hoa,D01,Điểm thi THPT,2023,22.23,Quản lý văn hoá -Quản lý di sản văn hóa
171794,VHH,quan-ly-van-hoa-quan-ly-di-san-van-hoa,D78,Điểm thi THPT,2023,22.23,Quản lý văn hoá -Quản lý di sản văn hóa
171795,VHH,quan-ly-van-hoa-quan-ly-di-san-van-hoa,D96,Điểm thi THPT,2023,22.23,Quản lý văn hoá -Quản lý di sản văn hóa
171796,VHH,quan-ly-van-hoa-quan-ly-di-san-van-hoa,C00,Điểm học bạ,2024,27.87,Quản lý văn hoá - Quản lý di sản văn hóa
171797,VHH,quan-ly-van-hoa-quan-ly-di-san-van-hoa,C19,Điểm học bạ,2024,26.87,Quản lý văn hoá - Quản lý di sản văn hóa
171798,VHH,quan-ly-van-hoa-quan-ly-di-san-van-hoa,D01,Điểm học bạ,2024,26.87,Quản lý văn hoá - Quản lý di sản văn hóa
171799,VHH,quan-ly-van-hoa-quan-ly-di-san-van-hoa,D09,Điểm học bạ,2024,26.87,Quản lý văn hoá - Quản lý di sản văn hóa
171800,VHH,quan-ly-van-hoa-quan-ly-di-san-van-hoa,D14,Điểm học bạ,2024,26.87,Quản lý văn hoá - Quản lý di sản văn hóa
171801,VHH,quan-ly-van-hoa-quan-ly-di-san-van-hoa,D15,Điểm học bạ,2024,26.87,Quản lý văn hoá - Quản lý di sản văn hóa
171802,VHH,quan-ly-van-hoa-quan-ly-di-san-van-hoa,C00,Điểm thi THPT,2024,27.83,Quản lý văn hoá - Quản lý di sản văn hóa
171803,VHH,quan-ly-van-hoa-quan-ly-di-san-van-hoa,C19,Điểm thi THPT,2024,26.83,Quản lý văn hoá - Quản lý di sản văn hóa
171804,VHH,quan-ly-van-hoa-quan-ly-di-san-van-hoa,D01,Điểm thi THPT,2024,26.83,Quản lý văn hoá - Quản lý di sản văn hóa
171805,VHH,quan-ly-van-hoa-quan-ly-di-san-van-hoa,D09,Điểm thi THPT,2024,26.83,Quản lý văn hoá - Quản lý di sản văn hóa
171806,VHH,quan-ly-van-hoa-quan-ly-di-san-van-hoa,D14,Điểm thi THPT,2024,26.83,Quản lý văn hoá - Quản lý di sản văn hóa
171807,VHH,quan-ly-van-hoa-quan-ly-di-san-van-hoa,D15,Điểm thi THPT,2024,26.83,Quản lý văn hoá - Quản lý di sản văn hóa
171808,VHH,quan-ly-van-hoa-quan-ly-nha-nuoc-ve-gia-dinh,A00,Điểm học bạ,2021,19.0,Quản lý văn hoá - Quản lý nhà nước về gia đình
171809,VHH,quan-ly-van-hoa-quan-ly-nha-nuoc-ve-gia-dinh,C00,Điểm học bạ,2021,20.0,Quản lý văn hoá - Quản lý nhà nước về gia đình
171810,VHH,quan-ly-van-hoa-quan-ly-nha-nuoc-ve-gia-dinh,D01,Điểm học bạ,2021,19.0,Quản lý văn hoá - Quản lý nhà nước về gia đình
171811,VHH,quan-ly-van-hoa-quan-ly-nha-nuoc-ve-gia-dinh,A00,Điểm thi THPT,2021,15.0,Quản lý văn hoá - Quản lý nhà nước về gia đình
171812,VHH,quan-ly-van-hoa-quan-ly-nha-nuoc-ve-gia-dinh,A16,Điểm thi THPT,2021,15.0,Quản lý văn hoá - Quản lý nhà nước về gia đình
171813,VHH,quan-ly-van-hoa-quan-ly-nha-nuoc-ve-gia-dinh,C00,Điểm thi THPT,2021,16.0,Quản lý văn hoá - Quản lý nhà nước về gia đình
171814,VHH,quan-ly-van-hoa-quan-ly-nha-nuoc-ve-gia-dinh,D01,Điểm thi THPT,2021,15.0,Quản lý văn hoá - Quản lý nhà nước về gia đình
171815,VHH,quan-ly-van-hoa-quan-ly-nha-nuoc-ve-gia-dinh,D78,Điểm thi THPT,2021,15.0,Quản lý văn hoá - Quản lý nhà nước về gia đình
171816,VHH,quan-ly-van-hoa-quan-ly-nha-nuoc-ve-gia-dinh,D96,Điểm thi THPT,2021,15.0,Quản lý văn hoá - Quản lý nhà nước về gia đình
171817,VHH,quan-ly-van-hoa-to-chuc-su-kien,C00,Điểm học bạ,2024,28.0,Quản lý văn hoá - Tổ chức sự kiện
171818,VHH,quan-ly-van-hoa-to-chuc-su-kien,C19,Điểm học bạ,2024,27.0,Quản lý văn hoá - Tổ chức sự kiện
171819,VHH,quan-ly-van-hoa-to-chuc-su-kien,D01,Điểm học bạ,2024,27.0,Quản lý văn hoá - Tổ chức sự kiện
171820,VHH,quan-ly-van-hoa-to-chuc-su-kien,D09,Điểm học bạ,2024,27.0,Quản lý văn hoá - Tổ chức sự kiện
171821,VHH,quan-ly-van-hoa-to-chuc-su-kien,D14,Điểm học bạ,2024,27.0,Quản lý văn hoá - Tổ chức sự kiện
171822,VHH,quan-ly-van-hoa-to-chuc-su-kien,D15,Điểm học bạ,2024,27.0,Quản lý văn hoá - Tổ chức sự kiện
171823,VHH,quan-ly-van-hoa-to-chuc-su-kien,C00,Điểm thi THPT,2024,28.0,Quản lý văn hoá - Tổ chức sự kiện
171824,VHH,quan-ly-van-hoa-to-chuc-su-kien,C19,Điểm thi THPT,2024,27.0,Quản lý văn hoá - Tổ chức sự kiện
171825,VHH,quan-ly-van-hoa-to-chuc-su-kien,D01,Điểm thi THPT,2024,27.0,Quản lý văn hoá - Tổ chức sự kiện
171826,VHH,quan-ly-van-hoa-to-chuc-su-kien,D09,Điểm thi THPT,2024,27.0,Quản lý văn hoá - Tổ chức sự kiện
171827,VHH,quan-ly-van-hoa-to-chuc-su-kien,D14,Điểm thi THPT,2024,27.0,Quản lý văn hoá - Tổ chức sự kiện
171828,VHH,quan-ly-van-hoa-to-chuc-su-kien,D15,Điểm thi THPT,2024,27.0,Quản lý văn hoá - Tổ chức sự kiện
171829,VHH,quan-ly-van-hoa-to-chuc-su-kien-van-hoa,A00,Điểm học bạ,2021,26.0,Quản lý văn hoá - Tổ chức sự kiện văn hóa
171830,VHH,quan-ly-van-hoa-to-chuc-su-kien-van-hoa,C00,Điểm học bạ,2021,26.0,Quản lý văn hoá - Tổ chức sự kiện văn hóa
171831,VHH,quan-ly-van-hoa-to-chuc-su-kien-van-hoa,D01,Điểm học bạ,2021,26.0,Quản lý văn hoá - Tổ chức sự kiện văn hóa
171832,VHH,quan-ly-van-hoa-to-chuc-su-kien-van-hoa,A00,Điểm thi THPT,2021,26.3,Quản lý văn hoá - Tổ chức sự kiện văn hóa
171833,VHH,quan-ly-van-hoa-to-chuc-su-kien-van-hoa,A16,Điểm thi THPT,2021,26.3,Quản lý văn hoá - Tổ chức sự kiện văn hóa
171834,VHH,quan-ly-van-hoa-to-chuc-su-kien-van-hoa,C00,Điểm thi THPT,2021,26.3,Quản lý văn hoá - Tổ chức sự kiện văn hóa
171835,VHH,quan-ly-van-hoa-to-chuc-su-kien-van-hoa,D01,Điểm thi THPT,2021,26.3,Quản lý văn hoá - Tổ chức sự kiện văn hóa
171836,VHH,quan-ly-van-hoa-to-chuc-su-kien-van-hoa,D78,Điểm thi THPT,2021,26.3,Quản lý văn hoá - Tổ chức sự kiện văn hóa
171837,VHH,quan-ly-van-hoa-to-chuc-su-kien-van-hoa,D96,Điểm thi THPT,2021,26.3,Quản lý văn hoá - Tổ chức sự kiện văn hóa
171838,VHH,quan-ly-van-hoa-to-chuc-su-kien-van-hoa,A00,Điểm thi THPT,2022,25.75,Quản lý văn hóa - Tổ chức sự kiện văn hóa
171839,VHH,quan-ly-van-hoa-to-chuc-su-kien-van-hoa,A16,Điểm thi THPT,2022,25.75,Quản lý văn hóa - Tổ chức sự kiện văn hóa
171840,VHH,quan-ly-van-hoa-to-chuc-su-kien-van-hoa,C00,Điểm thi THPT,2022,26.75,Quản lý văn hóa - Tổ chức sự kiện văn hóa
171841,VHH,quan-ly-van-hoa-to-chuc-su-kien-van-hoa,D01,Điểm thi THPT,2022,25.75,Quản lý văn hóa - Tổ chức sự kiện văn hóa
171842,VHH,quan-ly-van-hoa-to-chuc-su-kien-van-hoa,D78,Điểm thi THPT,2022,25.75,Quản lý văn hóa - Tổ chức sự kiện văn hóa
171843,VHH,quan-ly-van-hoa-to-chuc-su-kien-van-hoa,D96,Điểm thi THPT,2022,25.75,Quản lý văn hóa - Tổ chức sự kiện văn hóa
171844,VHH,quan-ly-van-hoa-to-chuc-su-kien-van-hoa,C00,Điểm học bạ,2023,27.3,Quản lý văn hóa - Tổ chức sự kiện văn hóa
171845,VHH,quan-ly-van-hoa-to-chuc-su-kien-van-hoa,D01,Điểm học bạ,2023,27.3,Quản lý văn hóa - Tổ chức sự kiện văn hóa
171846,VHH,quan-ly-van-hoa-to-chuc-su-kien-van-hoa,A00,Điểm thi THPT,2023,25.13,Quản lý văn hoá -Tổ chức sự kiện văn hóa
171847,VHH,quan-ly-van-hoa-to-chuc-su-kien-van-hoa,A16,Điểm thi THPT,2023,25.13,Quản lý văn hoá -Tổ chức sự kiện văn hóa
171848,VHH,quan-ly-van-hoa-to-chuc-su-kien-van-hoa,C00,Điểm thi THPT,2023,26.13,Quản lý văn hoá -Tổ chức sự kiện văn hóa
171849,VHH,quan-ly-van-hoa-to-chuc-su-kien-van-hoa,D01,Điểm thi THPT,2023,25.13,Quản lý văn hoá -Tổ chức sự kiện văn hóa
171850,VHH,quan-ly-van-hoa-to-chuc-su-kien-van-hoa,D78,Điểm thi THPT,2023,25.13,Quản lý văn hoá -Tổ chức sự kiện văn hóa
171851,VHH,quan-ly-van-hoa-to-chuc-su-kien-van-hoa,D96,Điểm thi THPT,2023,25.13,Quản lý văn hoá -Tổ chức sự kiện văn hóa
171852,VHH,quan-tri-dich-vu-du-lich-va-lu-hanh,A00,Điểm học bạ,2021,27.75,Quản trị dịch vụ du lịch và lữ hành
171853,VHH,quan-tri-dich-vu-du-lich-va-lu-hanh,C00,Điểm học bạ,2021,28.75,Quản trị dịch vụ du lịch và lữ hành
171854,VHH,quan-tri-dich-vu-du-lich-va-lu-hanh,D01,Điểm học bạ,2021,27.75,Quản trị dịch vụ du lịch và lữ hành
171855,VHH,quan-tri-dich-vu-du-lich-va-lu-hanh,A00,Điểm thi THPT,2021,26.3,Quản trị dịch vụ du lịch và lữ hành
171856,VHH,quan-tri-dich-vu-du-lich-va-lu-hanh,A16,Điểm thi THPT,2021,26.3,Quản trị dịch vụ du lịch và lữ hành
171857,VHH,quan-tri-dich-vu-du-lich-va-lu-hanh,C00,Điểm thi THPT,2021,27.3,Quản trị dịch vụ du lịch và lữ hành
171858,VHH,quan-tri-dich-vu-du-lich-va-lu-hanh,D01,Điểm thi THPT,2021,26.3,Quản trị dịch vụ du lịch và lữ hành
171859,VHH,quan-tri-dich-vu-du-lich-va-lu-hanh,D78,Điểm thi THPT,2021,26.3,Quản trị dịch vụ du lịch và lữ hành
171860,VHH,quan-tri-dich-vu-du-lich-va-lu-hanh,D96,Điểm thi THPT,2021,26.3,Quản trị dịch vụ du lịch và lữ hành
171861,VHH,quan-tri-dich-vu-du-lich-va-lu-hanh,A00,Điểm học bạ,2022,29.5,Quản trị dịch vụ du lịch và lữ hành
171862,VHH,quan-tri-dich-vu-du-lich-va-lu-hanh,C00,Điểm học bạ,2022,30.5,Quản trị dịch vụ du lịch và lữ hành
171863,VHH,quan-tri-dich-vu-du-lich-va-lu-hanh,D01,Điểm học bạ,2022,29.5,Quản trị dịch vụ du lịch và lữ hành
171864,VHH,quan-tri-dich-vu-du-lich-va-lu-hanh,A00,Điểm thi THPT,2022,26.5,Quản trị dịch vụ du lịch và lữ hành
171865,VHH,quan-tri-dich-vu-du-lich-va-lu-hanh,A16,Điểm thi THPT,2022,26.5,Quản trị dịch vụ du lịch và lữ hành
171866,VHH,quan-tri-dich-vu-du-lich-va-lu-hanh,C00,Điểm thi THPT,2022,27.5,Quản trị dịch vụ du lịch và lữ hành
171867,VHH,quan-tri-dich-vu-du-lich-va-lu-hanh,D01,Điểm thi THPT,2022,26.5,Quản trị dịch vụ du lịch và lữ hành
171868,VHH,quan-tri-dich-vu-du-lich-va-lu-hanh,D78,Điểm thi THPT,2022,26.5,Quản trị dịch vụ du lịch và lữ hành
171869,VHH,quan-tri-dich-vu-du-lich-va-lu-hanh,D96,Điểm thi THPT,2022,26.5,Quản trị dịch vụ du lịch và lữ hành
171870,VHH,quan-tri-dich-vu-du-lich-va-lu-hanh,C00,Điểm học bạ,2023,26.61,Quản trị dịch vụ du lịch và lữ hành
171871,VHH,quan-tri-dich-vu-du-lich-va-lu-hanh,D01,Điểm học bạ,2023,25.73,Quản trị dịch vụ du lịch và lữ hành
171872,VHH,quan-tri-dich-vu-du-lich-va-lu-hanh,A00,Điểm thi THPT,2023,25.5,Quản trị dịch vụ du lịch và lữ hành
171873,VHH,quan-tri-dich-vu-du-lich-va-lu-hanh,A16,Điểm thi THPT,2023,25.5,Quản trị dịch vụ du lịch và lữ hành
171874,VHH,quan-tri-dich-vu-du-lich-va-lu-hanh,C00,Điểm thi THPT,2023,26.5,Quản trị dịch vụ du lịch và lữ hành
171875,VHH,quan-tri-dich-vu-du-lich-va-lu-hanh,D01,Điểm thi THPT,2023,25.5,Quản trị dịch vụ du lịch và lữ hành
171876,VHH,quan-tri-dich-vu-du-lich-va-lu-hanh,D78,Điểm thi THPT,2023,25.5,Quản trị dịch vụ du lịch và lữ hành
171877,VHH,quan-tri-dich-vu-du-lich-va-lu-hanh,D96,Điểm thi THPT,2023,25.5,Quản trị dịch vụ du lịch và lữ hành
171878,VHH,quan-tri-dich-vu-du-lich-va-lu-hanh,C00,Điểm học bạ,2024,27.87,Quản trị dịch vụ du lịch và lữ hành
171879,VHH,quan-tri-dich-vu-du-lich-va-lu-hanh,C19,Điểm học bạ,2024,26.87,Quản trị dịch vụ du lịch và lữ hành
171880,VHH,quan-tri-dich-vu-du-lich-va-lu-hanh,D01,Điểm học bạ,2024,26.87,Quản trị dịch vụ du lịch và lữ hành
171881,VHH,quan-tri-dich-vu-du-lich-va-lu-hanh,D09,Điểm học bạ,2024,26.87,Quản trị dịch vụ du lịch và lữ hành
171882,VHH,quan-tri-dich-vu-du-lich-va-lu-hanh,D14,Điểm học bạ,2024,26.87,Quản trị dịch vụ du lịch và lữ hành
171883,VHH,quan-tri-dich-vu-du-lich-va-lu-hanh,D15,Điểm học bạ,2024,26.87,Quản trị dịch vụ du lịch và lữ hành
171884,VHH,quan-tri-dich-vu-du-lich-va-lu-hanh,C00,Điểm thi THPT,2024,27.94,Quản trị dịch vụ du lịch và lữ hành
171885,VHH,quan-tri-dich-vu-du-lich-va-lu-hanh,C19,Điểm thi THPT,2024,26.94,Quản trị dịch vụ du lịch và lữ hành
171886,VHH,quan-tri-dich-vu-du-lich-va-lu-hanh,D01,Điểm thi THPT,2024,26.94,Quản trị dịch vụ du lịch và lữ hành
171887,VHH,quan-tri-dich-vu-du-lich-va-lu-hanh,D09,Điểm thi THPT,2024,26.94,Quản trị dịch vụ du lịch và lữ hành
171888,VHH,quan-tri-dich-vu-du-lich-va-lu-hanh,D14,Điểm thi THPT,2024,26.94,Quản trị dịch vụ du lịch và lữ hành
171889,VHH,quan-tri-dich-vu-du-lich-va-lu-hanh,D15,Điểm thi THPT,2024,26.94,Quản trị dịch vụ du lịch và lữ hành
171890,VHH,quan-tri-dich-vu-du-lich-va-lu-hanh-quan-tri-du-lich-cong-dong,C00,Điểm học bạ,2024,27.29,Quản trị dịch vụ du lịch và lữ hành - Quản trị du lịch cộng đồng
171891,VHH,quan-tri-dich-vu-du-lich-va-lu-hanh-quan-tri-du-lich-cong-dong,C19,Điểm học bạ,2024,26.29,Quản trị dịch vụ du lịch và lữ hành - Quản trị du lịch cộng đồng
171892,VHH,quan-tri-dich-vu-du-lich-va-lu-hanh-quan-tri-du-lich-cong-dong,D01,Điểm học bạ,2024,26.29,Quản trị dịch vụ du lịch và lữ hành - Quản trị du lịch cộng đồng
171893,VHH,quan-tri-dich-vu-du-lich-va-lu-hanh-quan-tri-du-lich-cong-dong,D09,Điểm học bạ,2024,26.29,Quản trị dịch vụ du lịch và lữ hành - Quản trị du lịch cộng đồng
171894,VHH,quan-tri-dich-vu-du-lich-va-lu-hanh-quan-tri-du-lich-cong-dong,D14,Điểm học bạ,2024,26.29,Quản trị dịch vụ du lịch và lữ hành - Quản trị du lịch cộng đồng
171895,VHH,quan-tri-dich-vu-du-lich-va-lu-hanh-quan-tri-du-lich-cong-dong,D15,Điểm học bạ,2024,26.29,Quản trị dịch vụ du lịch và lữ hành - Quản trị du lịch cộng đồng
171896,VHH,quan-tri-dich-vu-du-lich-va-lu-hanh-quan-tri-du-lich-cong-dong,C00,Điểm thi THPT,2024,27.43,Quản trị dịch vụ du lịch và lữ hành - Quản trị du lịch cộng đồng
171897,VHH,quan-tri-dich-vu-du-lich-va-lu-hanh-quan-tri-du-lich-cong-dong,C19,Điểm thi THPT,2024,26.43,Quản trị dịch vụ du lịch và lữ hành - Quản trị du lịch cộng đồng
171898,VHH,quan-tri-dich-vu-du-lich-va-lu-hanh-quan-tri-du-lich-cong-dong,D01,Điểm thi THPT,2024,26.43,Quản trị dịch vụ du lịch và lữ hành - Quản trị du lịch cộng đồng
171899,VHH,quan-tri-dich-vu-du-lich-va-lu-hanh-quan-tri-du-lich-cong-dong,D09,Điểm thi THPT,2024,26.43,Quản trị dịch vụ du lịch và lữ hành - Quản trị du lịch cộng đồng
171900,VHH,quan-tri-dich-vu-du-lich-va-lu-hanh-quan-tri-du-lich-cong-dong,D14,Điểm thi THPT,2024,26.43,Quản trị dịch vụ du lịch và lữ hành - Quản trị du lịch cộng đồng
171901,VHH,quan-tri-dich-vu-du-lich-va-lu-hanh-quan-tri-du-lich-cong-dong,D15,Điểm thi THPT,2024,26.43,Quản trị dịch vụ du lịch và lữ hành - Quản trị du lịch cộng đồng
171902,VHH,quan-tri-du-lich-cong-dong,C00,Điểm học bạ,2025,27.25,Quản trị du lịch cộng đồng
171903,VHH,quan-tri-du-lich-cong-dong,C03,Điểm học bạ,2025,27.25,Quản trị du lịch cộng đồng
171904,VHH,quan-tri-du-lich-cong-dong,C04,Điểm học bạ,2025,27.25,Quản trị du lịch cộng đồng
171905,VHH,quan-tri-du-lich-cong-dong,D01,Điểm học bạ,2025,27.25,Quản trị du lịch cộng đồng
171906,VHH,quan-tri-du-lich-cong-dong,D14,Điểm học bạ,2025,27.25,Quản trị du lịch cộng đồng
171907,VHH,quan-tri-du-lich-cong-dong,D15,Điểm học bạ,2025,27.25,Quản trị du lịch cộng đồng
171908,VHH,quan-tri-du-lich-cong-dong,X01,Điểm học bạ,2025,27.25,Quản trị du lịch cộng đồng
171909,VHH,quan-tri-du-lich-cong-dong,X70,Điểm học bạ,2025,27.25,Quản trị du lịch cộng đồng
171910,VHH,quan-tri-du-lich-cong-dong,X78,Điểm học bạ,2025,27.25,Quản trị du lịch cộng đồng
171911,VHH,quan-tri-du-lich-cong-dong,C00,Điểm thi THPT,2025,26.62,Quản trị du lịch cộng đồng
171912,VHH,quan-tri-du-lich-cong-dong,C03,Điểm thi THPT,2025,25.12,Quản trị du lịch cộng đồng
171913,VHH,quan-tri-du-lich-cong-dong,C04,Điểm thi THPT,2025,25.12,Quản trị du lịch cộng đồng
171914,VHH,quan-tri-du-lich-cong-dong,D01,Điểm thi THPT,2025,24.62,Quản trị du lịch cộng đồng
171915,VHH,quan-tri-du-lich-cong-dong,D14,Điểm thi THPT,2025,25.12,Quản trị du lịch cộng đồng
171916,VHH,quan-tri-du-lich-cong-dong,D15,Điểm thi THPT,2025,25.12,Quản trị du lịch cộng đồng
171917,VHH,quan-tri-du-lich-cong-dong,X01,Điểm thi THPT,2025,25.12,Quản trị du lịch cộng đồng
171918,VHH,quan-tri-du-lich-cong-dong,X70,Điểm thi THPT,2025,26.62,Quản trị du lịch cộng đồng
171919,VHH,quan-tri-du-lich-cong-dong,X78,Điểm thi THPT,2025,25.12,Quản trị du lịch cộng đồng
171920,VHH,quan-tri-kinh-doanh-du-lich,C00,Điểm học bạ,2025,27.53,Quản trị kinh doanh du lịch
171921,VHH,quan-tri-kinh-doanh-du-lich,C03,Điểm học bạ,2025,27.53,Quản trị kinh doanh du lịch
171922,VHH,quan-tri-kinh-doanh-du-lich,C04,Điểm học bạ,2025,27.53,Quản trị kinh doanh du lịch
171923,VHH,quan-tri-kinh-doanh-du-lich,D01,Điểm học bạ,2025,27.53,Quản trị kinh doanh du lịch
171924,VHH,quan-tri-kinh-doanh-du-lich,D14,Điểm học bạ,2025,27.53,Quản trị kinh doanh du lịch
171925,VHH,quan-tri-kinh-doanh-du-lich,D15,Điểm học bạ,2025,27.53,Quản trị kinh doanh du lịch
171926,VHH,quan-tri-kinh-doanh-du-lich,X01,Điểm học bạ,2025,27.53,Quản trị kinh doanh du lịch
171927,VHH,quan-tri-kinh-doanh-du-lich,X70,Điểm học bạ,2025,27.53,Quản trị kinh doanh du lịch
171928,VHH,quan-tri-kinh-doanh-du-lich,X78,Điểm học bạ,2025,27.53,Quản trị kinh doanh du lịch
171929,VHH,quan-tri-kinh-doanh-du-lich,C00,Điểm thi THPT,2025,27.05,Quản trị kinh doanh du lịch
171930,VHH,quan-tri-kinh-doanh-du-lich,C03,Điểm thi THPT,2025,25.55,Quản trị kinh doanh du lịch
171931,VHH,quan-tri-kinh-doanh-du-lich,C04,Điểm thi THPT,2025,25.55,Quản trị kinh doanh du lịch
171932,VHH,quan-tri-kinh-doanh-du-lich,D01,Điểm thi THPT,2025,25.05,Quản trị kinh doanh du lịch
171933,VHH,quan-tri-kinh-doanh-du-lich,D14,Điểm thi THPT,2025,25.55,Quản trị kinh doanh du lịch
171934,VHH,quan-tri-kinh-doanh-du-lich,D15,Điểm thi THPT,2025,25.55,Quản trị kinh doanh du lịch
171935,VHH,quan-tri-kinh-doanh-du-lich,X01,Điểm thi THPT,2025,25.55,Quản trị kinh doanh du lịch
171936,VHH,quan-tri-kinh-doanh-du-lich,X70,Điểm thi THPT,2025,27.05,Quản trị kinh doanh du lịch
171937,VHH,quan-tri-kinh-doanh-du-lich,X78,Điểm thi THPT,2025,25.55,Quản trị kinh doanh du lịch
171938,VHH,quan-tri-thu-vien,C00,Điểm học bạ,2025,26.5,Quản trị thư viện
171939,VHH,quan-tri-thu-vien,C03,Điểm học bạ,2025,26.5,Quản trị thư viện
171940,VHH,quan-tri-thu-vien,C04,Điểm học bạ,2025,26.5,Quản trị thư viện
171941,VHH,quan-tri-thu-vien,D01,Điểm học bạ,2025,26.5,Quản trị thư viện
171942,VHH,quan-tri-thu-vien,D14,Điểm học bạ,2025,26.5,Quản trị thư viện
171943,VHH,quan-tri-thu-vien,D15,Điểm học bạ,2025,26.5,Quản trị thư viện
171944,VHH,quan-tri-thu-vien,X01,Điểm học bạ,2025,26.5,Quản trị thư viện
171945,VHH,quan-tri-thu-vien,X70,Điểm học bạ,2025,26.5,Quản trị thư viện
171946,VHH,quan-tri-thu-vien,X78,Điểm học bạ,2025,26.5,Quản trị thư viện
171947,VHH,quan-tri-thu-vien,C00,Điểm thi THPT,2025,25.5,Quản trị thư viện
171948,VHH,quan-tri-thu-vien,C03,Điểm thi THPT,2025,24.0,Quản trị thư viện
171949,VHH,quan-tri-thu-vien,C04,Điểm thi THPT,2025,24.0,Quản trị thư viện
171950,VHH,quan-tri-thu-vien,D01,Điểm thi THPT,2025,23.5,Quản trị thư viện
171951,VHH,quan-tri-thu-vien,D14,Điểm thi THPT,2025,24.0,Quản trị thư viện
171952,VHH,quan-tri-thu-vien,D15,Điểm thi THPT,2025,24.0,Quản trị thư viện
171953,VHH,quan-tri-thu-vien,X01,Điểm thi THPT,2025,24.0,Quản trị thư viện
171954,VHH,quan-tri-thu-vien,X70,Điểm thi THPT,2025,25.5,Quản trị thư viện
171955,VHH,quan-tri-thu-vien,X78,Điểm thi THPT,2025,24.0,Quản trị thư viện
171956,VHH,thong-tin-thu-vien,A00,Điểm học bạ,2021,20.0,Thông tin – Thư viện
171957,VHH,thong-tin-thu-vien,C00,Điểm học bạ,2021,21.0,Thông tin – Thư viện
171958,VHH,thong-tin-thu-vien,D01,Điểm học bạ,2021,20.0,Thông tin – Thư viện
171959,VHH,thong-tin-thu-vien,A00,Điểm thi THPT,2021,19.0,Thông tin – Thư viện
171960,VHH,thong-tin-thu-vien,A16,Điểm thi THPT,2021,19.0,Thông tin – Thư viện
171961,VHH,thong-tin-thu-vien,C00,Điểm thi THPT,2021,20.0,Thông tin – Thư viện
171962,VHH,thong-tin-thu-vien,D01,Điểm thi THPT,2021,19.0,Thông tin – Thư viện
171963,VHH,thong-tin-thu-vien,D78,Điểm thi THPT,2021,19.0,Thông tin – Thư viện
171964,VHH,thong-tin-thu-vien,D96,Điểm thi THPT,2021,19.0,Thông tin – Thư viện
171965,VHH,thong-tin-thu-vien,A00,Điểm học bạ,2022,23.0,Thông tin - Thư viện
171966,VHH,thong-tin-thu-vien,C00,Điểm học bạ,2022,24.0,Thông tin - Thư viện
171967,VHH,thong-tin-thu-vien,D01,Điểm học bạ,2022,23.0,Thông tin - Thư viện
171968,VHH,thong-tin-thu-vien,A00,Điểm thi THPT,2022,23.0,Thông tin - Thư viện
171969,VHH,thong-tin-thu-vien,A16,Điểm thi THPT,2022,23.0,Thông tin - Thư viện
171970,VHH,thong-tin-thu-vien,C00,Điểm thi THPT,2022,24.0,Thông tin - Thư viện
171971,VHH,thong-tin-thu-vien,D01,Điểm thi THPT,2022,23.0,Thông tin - Thư viện
171972,VHH,thong-tin-thu-vien,D78,Điểm thi THPT,2022,23.0,Thông tin - Thư viện
171973,VHH,thong-tin-thu-vien,D96,Điểm thi THPT,2022,23.0,Thông tin - Thư viện
171974,VHH,thong-tin-thu-vien,C00,Điểm học bạ,2023,22.56,Thông tin - Thư viện
171975,VHH,thong-tin-thu-vien,D01,Điểm học bạ,2023,21.68,Thông tin - Thư viện
171976,VHH,thong-tin-thu-vien,A00,Điểm thi THPT,2023,20.75,Thông tin - Thư viện
171977,VHH,thong-tin-thu-vien,A16,Điểm thi THPT,2023,20.75,Thông tin - Thư viện
171978,VHH,thong-tin-thu-vien,C00,Điểm thi THPT,2023,21.75,Thông tin - Thư viện
171979,VHH,thong-tin-thu-vien,D01,Điểm thi THPT,2023,20.75,Thông tin - Thư viện
171980,VHH,thong-tin-thu-vien,D78,Điểm thi THPT,2023,20.75,Thông tin - Thư viện
171981,VHH,thong-tin-thu-vien,D96,Điểm thi THPT,2023,20.75,Thông tin - Thư viện
171982,VHH,thong-tin-thu-vien-quan-tri-thu-vien,C00,Điểm học bạ,2024,27.09,Thông tin - Thư viện - Quản trị thư viện
171983,VHH,thong-tin-thu-vien-quan-tri-thu-vien,C19,Điểm học bạ,2024,26.09,Thông tin - Thư viện - Quản trị thư viện
171984,VHH,thong-tin-thu-vien-quan-tri-thu-vien,D01,Điểm học bạ,2024,26.09,Thông tin - Thư viện - Quản trị thư viện
171985,VHH,thong-tin-thu-vien-quan-tri-thu-vien,D09,Điểm học bạ,2024,26.09,Thông tin - Thư viện - Quản trị thư viện
171986,VHH,thong-tin-thu-vien-quan-tri-thu-vien,D14,Điểm học bạ,2024,26.09,Thông tin - Thư viện - Quản trị thư viện
171987,VHH,thong-tin-thu-vien-quan-tri-thu-vien,D15,Điểm học bạ,2024,26.09,Thông tin - Thư viện - Quản trị thư viện
171988,VHH,thong-tin-thu-vien-quan-tri-thu-vien,C00,Điểm thi THPT,2024,25.5,Thông tin - Thư viện - Quản trị thư viện
171989,VHH,thong-tin-thu-vien-quan-tri-thu-vien,C19,Điểm thi THPT,2024,24.5,Thông tin - Thư viện - Quản trị thư viện
171990,VHH,thong-tin-thu-vien-quan-tri-thu-vien,D01,Điểm thi THPT,2024,24.5,Thông tin - Thư viện - Quản trị thư viện
171991,VHH,thong-tin-thu-vien-quan-tri-thu-vien,D09,Điểm thi THPT,2024,24.5,Thông tin - Thư viện - Quản trị thư viện
171992,VHH,thong-tin-thu-vien-quan-tri-thu-vien,D14,Điểm thi THPT,2024,24.5,Thông tin - Thư viện - Quản trị thư viện
171993,VHH,thong-tin-thu-vien-quan-tri-thu-vien,D15,Điểm thi THPT,2024,24.5,Thông tin - Thư viện - Quản trị thư viện
171994,VHH,thong-tin-thu-vien-thu-vien-va-thiet-bi-truong-hoc,C00,Điểm học bạ,2024,26.04,Thông tin - Thư viện - Thư viện và thiết bị trường học
171995,VHH,thong-tin-thu-vien-thu-vien-va-thiet-bi-truong-hoc,C19,Điểm học bạ,2024,25.04,Thông tin - Thư viện - Thư viện và thiết bị trường học
171996,VHH,thong-tin-thu-vien-thu-vien-va-thiet-bi-truong-hoc,D01,Điểm học bạ,2024,25.04,Thông tin - Thư viện - Thư viện và thiết bị trường học
171997,VHH,thong-tin-thu-vien-thu-vien-va-thiet-bi-truong-hoc,D09,Điểm học bạ,2024,25.04,Thông tin - Thư viện - Thư viện và thiết bị trường học
171998,VHH,thong-tin-thu-vien-thu-vien-va-thiet-bi-truong-hoc,D14,Điểm học bạ,2024,25.04,Thông tin - Thư viện - Thư viện và thiết bị trường học
171999,VHH,thong-tin-thu-vien-thu-vien-va-thiet-bi-truong-hoc,D15,Điểm học bạ,2024,25.04,Thông tin - Thư viện - Thư viện và thiết bị trường học
172000,VHH,thong-tin-thu-vien-thu-vien-va-thiet-bi-truong-hoc,C00,Điểm thi THPT,2024,23.85,Thông tin - Thư viện - Thư viện và thiết bị trường học
172001,VHH,thong-tin-thu-vien-thu-vien-va-thiet-bi-truong-hoc,C19,Điểm thi THPT,2024,22.85,Thông tin - Thư viện - Thư viện và thiết bị trường học
172002,VHH,thong-tin-thu-vien-thu-vien-va-thiet-bi-truong-hoc,D01,Điểm thi THPT,2024,22.85,Thông tin - Thư viện - Thư viện và thiết bị trường học
172003,VHH,thong-tin-thu-vien-thu-vien-va-thiet-bi-truong-hoc,D09,Điểm thi THPT,2024,22.85,Thông tin - Thư viện - Thư viện và thiết bị trường học
172004,VHH,thong-tin-thu-vien-thu-vien-va-thiet-bi-truong-hoc,D14,Điểm thi THPT,2024,22.85,Thông tin - Thư viện - Thư viện và thiết bị trường học
172005,VHH,thong-tin-thu-vien-thu-vien-va-thiet-bi-truong-hoc,D15,Điểm thi THPT,2024,22.85,Thông tin - Thư viện - Thư viện và thiết bị trường học
172006,VHH,thu-vien-va-thiet-bi-truong-hoc,C00,Điểm học bạ,2025,26.36,Thư viện và thiết bị trường học
172007,VHH,thu-vien-va-thiet-bi-truong-hoc,C03,Điểm học bạ,2025,26.36,Thư viện và thiết bị trường học
172008,VHH,thu-vien-va-thiet-bi-truong-hoc,C04,Điểm học bạ,2025,26.36,Thư viện và thiết bị trường học
172009,VHH,thu-vien-va-thiet-bi-truong-hoc,D01,Điểm học bạ,2025,26.36,Thư viện và thiết bị trường học
172010,VHH,thu-vien-va-thiet-bi-truong-hoc,D14,Điểm học bạ,2025,26.36,Thư viện và thiết bị trường học
172011,VHH,thu-vien-va-thiet-bi-truong-hoc,D15,Điểm học bạ,2025,26.36,Thư viện và thiết bị trường học
172012,VHH,thu-vien-va-thiet-bi-truong-hoc,X01,Điểm học bạ,2025,26.36,Thư viện và thiết bị trường học
172013,VHH,thu-vien-va-thiet-bi-truong-hoc,X70,Điểm học bạ,2025,26.36,Thư viện và thiết bị trường học
172014,VHH,thu-vien-va-thiet-bi-truong-hoc,X78,Điểm học bạ,2025,26.36,Thư viện và thiết bị trường học
172015,VHH,thu-vien-va-thiet-bi-truong-hoc,C00,Điểm thi THPT,2025,25.34,Thư viện và thiết bị trường học
172016,VHH,thu-vien-va-thiet-bi-truong-hoc,C03,Điểm thi THPT,2025,23.84,Thư viện và thiết bị trường học
172017,VHH,thu-vien-va-thiet-bi-truong-hoc,C04,Điểm thi THPT,2025,23.84,Thư viện và thiết bị trường học
172018,VHH,thu-vien-va-thiet-bi-truong-hoc,D01,Điểm thi THPT,2025,23.34,Thư viện và thiết bị trường học
172019,VHH,thu-vien-va-thiet-bi-truong-hoc,D14,Điểm thi THPT,2025,23.84,Thư viện và thiết bị trường học
172020,VHH,thu-vien-va-thiet-bi-truong-hoc,D15,Điểm thi THPT,2025,23.84,Thư viện và thiết bị trường học
172021,VHH,thu-vien-va-thiet-bi-truong-hoc,X01,Điểm thi THPT,2025,23.84,Thư viện và thiết bị trường học
172022,VHH,thu-vien-va-thiet-bi-truong-hoc,X70,Điểm thi THPT,2025,25.34,Thư viện và thiết bị trường học
172023,VHH,thu-vien-va-thiet-bi-truong-hoc,X78,Điểm thi THPT,2025,23.84,Thư viện và thiết bị trường học
172024,VHH,to-chuc-hoat-dong-nghe-thuat,C00,Điểm học bạ,2025,27.64,Tổ chức hoạt động nghệ thuật
172025,VHH,to-chuc-hoat-dong-nghe-thuat,C03,Điểm học bạ,2025,27.64,Tổ chức hoạt động nghệ thuật
172026,VHH,to-chuc-hoat-dong-nghe-thuat,C04,Điểm học bạ,2025,27.64,Tổ chức hoạt động nghệ thuật
172027,VHH,to-chuc-hoat-dong-nghe-thuat,D01,Điểm học bạ,2025,27.64,Tổ chức hoạt động nghệ thuật
172028,VHH,to-chuc-hoat-dong-nghe-thuat,D14,Điểm học bạ,2025,27.64,Tổ chức hoạt động nghệ thuật
172029,VHH,to-chuc-hoat-dong-nghe-thuat,D15,Điểm học bạ,2025,27.64,Tổ chức hoạt động nghệ thuật
172030,VHH,to-chuc-hoat-dong-nghe-thuat,X01,Điểm học bạ,2025,27.64,Tổ chức hoạt động nghệ thuật
172031,VHH,to-chuc-hoat-dong-nghe-thuat,X70,Điểm học bạ,2025,27.64,Tổ chức hoạt động nghệ thuật
172032,VHH,to-chuc-hoat-dong-nghe-thuat,X78,Điểm học bạ,2025,27.64,Tổ chức hoạt động nghệ thuật
172033,VHH,to-chuc-hoat-dong-nghe-thuat,C00,Điểm thi THPT,2025,27.21,Tổ chức hoạt động nghệ thuật
172034,VHH,to-chuc-hoat-dong-nghe-thuat,C03,Điểm thi THPT,2025,25.71,Tổ chức hoạt động nghệ thuật
172035,VHH,to-chuc-hoat-dong-nghe-thuat,C04,Điểm thi THPT,2025,25.71,Tổ chức hoạt động nghệ thuật
172036,VHH,to-chuc-hoat-dong-nghe-thuat,D01,Điểm thi THPT,2025,25.21,Tổ chức hoạt động nghệ thuật
172037,VHH,to-chuc-hoat-dong-nghe-thuat,D14,Điểm thi THPT,2025,25.71,Tổ chức hoạt động nghệ thuật
172038,VHH,to-chuc-hoat-dong-nghe-thuat,D15,Điểm thi THPT,2025,25.71,Tổ chức hoạt động nghệ thuật
172039,VHH,to-chuc-hoat-dong-nghe-thuat,X01,Điểm thi THPT,2025,25.71,Tổ chức hoạt động nghệ thuật
172040,VHH,to-chuc-hoat-dong-nghe-thuat,X70,Điểm thi THPT,2025,27.21,Tổ chức hoạt động nghệ thuật
172041,VHH,to-chuc-hoat-dong-nghe-thuat,X78,Điểm thi THPT,2025,25.71,Tổ chức hoạt động nghệ thuật
172042,VHH,to-chuc-su-kien-van-hoa,C00,Điểm học bạ,2025,27.87,Tổ chức sự kiện văn hóa
172043,VHH,to-chuc-su-kien-van-hoa,C03,Điểm học bạ,2025,27.87,Tổ chức sự kiện văn hóa
172044,VHH,to-chuc-su-kien-van-hoa,C04,Điểm học bạ,2025,27.87,Tổ chức sự kiện văn hóa
172045,VHH,to-chuc-su-kien-van-hoa,D01,Điểm học bạ,2025,27.87,Tổ chức sự kiện văn hóa
172046,VHH,to-chuc-su-kien-van-hoa,D14,Điểm học bạ,2025,27.87,Tổ chức sự kiện văn hóa
172047,VHH,to-chuc-su-kien-van-hoa,D15,Điểm học bạ,2025,27.87,Tổ chức sự kiện văn hóa
172048,VHH,to-chuc-su-kien-van-hoa,X01,Điểm học bạ,2025,27.87,Tổ chức sự kiện văn hóa
172049,VHH,to-chuc-su-kien-van-hoa,X70,Điểm học bạ,2025,27.87,Tổ chức sự kiện văn hóa
172050,VHH,to-chuc-su-kien-van-hoa,X78,Điểm học bạ,2025,27.87,Tổ chức sự kiện văn hóa
172051,VHH,to-chuc-su-kien-van-hoa,C00,Điểm thi THPT,2025,27.55,Tổ chức sự kiện văn hóa
172052,VHH,to-chuc-su-kien-van-hoa,C03,Điểm thi THPT,2025,26.05,Tổ chức sự kiện văn hóa
172053,VHH,to-chuc-su-kien-van-hoa,C04,Điểm thi THPT,2025,26.05,Tổ chức sự kiện văn hóa
172054,VHH,to-chuc-su-kien-van-hoa,D01,Điểm thi THPT,2025,25.55,Tổ chức sự kiện văn hóa
172055,VHH,to-chuc-su-kien-van-hoa,D14,Điểm thi THPT,2025,26.05,Tổ chức sự kiện văn hóa
172056,VHH,to-chuc-su-kien-van-hoa,D15,Điểm thi THPT,2025,26.05,Tổ chức sự kiện văn hóa
172057,VHH,to-chuc-su-kien-van-hoa,X01,Điểm thi THPT,2025,26.05,Tổ chức sự kiện văn hóa
172058,VHH,to-chuc-su-kien-van-hoa,X70,Điểm thi THPT,2025,27.55,Tổ chức sự kiện văn hóa
172059,VHH,to-chuc-su-kien-van-hoa,X78,Điểm thi THPT,2025,26.05,Tổ chức sự kiện văn hóa
172060,VHH,van-hoa-cac-dtts-viet-nam-to-chuc-va-quan-ly-du-lich-vung-dtts,A00,Điểm học bạ,2021,20.0,Văn hoá các DTTS Việt Nam - Tổ chức và quản lý du lịch vùng DTTS
172061,VHH,van-hoa-cac-dtts-viet-nam-to-chuc-va-quan-ly-du-lich-vung-dtts,C00,Điểm học bạ,2021,21.0,Văn hoá các DTTS Việt Nam - Tổ chức và quản lý du lịch vùng DTTS
172062,VHH,van-hoa-cac-dtts-viet-nam-to-chuc-va-quan-ly-du-lich-vung-dtts,D01,Điểm học bạ,2021,20.0,Văn hoá các DTTS Việt Nam - Tổ chức và quản lý du lịch vùng DTTS
172063,VHH,van-hoa-cac-dtts-viet-nam-to-chuc-va-quan-ly-du-lich-vung-dtts,A00,Điểm thi THPT,2021,16.0,Văn hoá các DTTS Việt Nam - Tổ chức và quản lý du lịch vùng DTTS
172064,VHH,van-hoa-cac-dtts-viet-nam-to-chuc-va-quan-ly-du-lich-vung-dtts,A16,Điểm thi THPT,2021,16.0,Văn hoá các DTTS Việt Nam - Tổ chức và quản lý du lịch vùng DTTS
172065,VHH,van-hoa-cac-dtts-viet-nam-to-chuc-va-quan-ly-du-lich-vung-dtts,C00,Điểm thi THPT,2021,17.0,Văn hoá các DTTS Việt Nam - Tổ chức và quản lý du lịch vùng DTTS
172066,VHH,van-hoa-cac-dtts-viet-nam-to-chuc-va-quan-ly-du-lich-vung-dtts,D01,Điểm thi THPT,2021,16.0,Văn hoá các DTTS Việt Nam - Tổ chức và quản lý du lịch vùng DTTS
172067,VHH,van-hoa-cac-dtts-viet-nam-to-chuc-va-quan-ly-du-lich-vung-dtts,D78,Điểm thi THPT,2021,16.0,Văn hoá các DTTS Việt Nam - Tổ chức và quản lý du lịch vùng DTTS
172068,VHH,van-hoa-cac-dtts-viet-nam-to-chuc-va-quan-ly-du-lich-vung-dtts,D96,Điểm thi THPT,2021,16.0,Văn hoá các DTTS Việt Nam - Tổ chức và quản lý du lịch vùng DTTS
172069,VHH,van-hoa-cac-dtts-viet-nam-to-chuc-va-quan-ly-du-lich-vung-dtts,A00,Điểm học bạ,2022,21.0,Văn hóa các DTTS Việt Nam - Tổ chức và quản lý du lịch vùng DTTS
172070,VHH,van-hoa-cac-dtts-viet-nam-to-chuc-va-quan-ly-du-lich-vung-dtts,C00,Điểm học bạ,2022,22.0,Văn hóa các DTTS Việt Nam - Tổ chức và quản lý du lịch vùng DTTS
172071,VHH,van-hoa-cac-dtts-viet-nam-to-chuc-va-quan-ly-du-lich-vung-dtts,D01,Điểm học bạ,2022,21.0,Văn hóa các DTTS Việt Nam - Tổ chức và quản lý du lịch vùng DTTS
172072,VHH,van-hoa-cac-dtts-viet-nam-to-chuc-va-quan-ly-du-lich-vung-dtts,A00,Điểm thi THPT,2022,22.5,Văn hóa các DTTS Việt Nam - Tổ chức và quản lý du lịch vùng DTTS
172073,VHH,van-hoa-cac-dtts-viet-nam-to-chuc-va-quan-ly-du-lich-vung-dtts,A16,Điểm thi THPT,2022,22.5,Văn hóa các DTTS Việt Nam - Tổ chức và quản lý du lịch vùng DTTS
172074,VHH,van-hoa-cac-dtts-viet-nam-to-chuc-va-quan-ly-du-lich-vung-dtts,C00,Điểm thi THPT,2022,23.5,Văn hóa các DTTS Việt Nam - Tổ chức và quản lý du lịch vùng DTTS
172075,VHH,van-hoa-cac-dtts-viet-nam-to-chuc-va-quan-ly-du-lich-vung-dtts,D01,Điểm thi THPT,2022,22.5,Văn hóa các DTTS Việt Nam - Tổ chức và quản lý du lịch vùng DTTS
172076,VHH,van-hoa-cac-dtts-viet-nam-to-chuc-va-quan-ly-du-lich-vung-dtts,D78,Điểm thi THPT,2022,22.5,Văn hóa các DTTS Việt Nam - Tổ chức và quản lý du lịch vùng DTTS
172077,VHH,van-hoa-cac-dtts-viet-nam-to-chuc-va-quan-ly-du-lich-vung-dtts,D96,Điểm thi THPT,2022,22.5,Văn hóa các DTTS Việt Nam - Tổ chức và quản lý du lịch vùng DTTS
172078,VHH,van-hoa-cac-dtts-viet-nam-to-chuc-va-quan-ly-du-lich-vung-dtts,A00,Điểm thi THPT,2023,21.9,Văn hoá các DTTS Việt Nam - Tổ chức và quản lý du lịch vùng DTTS
172079,VHH,van-hoa-cac-dtts-viet-nam-to-chuc-va-quan-ly-du-lich-vung-dtts,A16,Điểm thi THPT,2023,21.9,Văn hoá các DTTS Việt Nam - Tổ chức và quản lý du lịch vùng DTTS
172080,VHH,van-hoa-cac-dtts-viet-nam-to-chuc-va-quan-ly-du-lich-vung-dtts,C00,Điểm thi THPT,2023,22.9,Văn hoá các DTTS Việt Nam - Tổ chức và quản lý du lịch vùng DTTS
172081,VHH,van-hoa-cac-dtts-viet-nam-to-chuc-va-quan-ly-du-lich-vung-dtts,D01,Điểm thi THPT,2023,21.9,Văn hoá các DTTS Việt Nam - Tổ chức và quản lý du lịch vùng DTTS
172082,VHH,van-hoa-cac-dtts-viet-nam-to-chuc-va-quan-ly-du-lich-vung-dtts,D78,Điểm thi THPT,2023,21.9,Văn hoá các DTTS Việt Nam - Tổ chức và quản lý du lịch vùng DTTS
172083,VHH,van-hoa-cac-dtts-viet-nam-to-chuc-va-quan-ly-du-lich-vung-dtts,D96,Điểm thi THPT,2023,21.9,Văn hoá các DTTS Việt Nam - Tổ chức và quản lý du lịch vùng DTTS
172084,VHH,van-hoa-cac-dtts-viet-nam-to-chuc-va-quan-ly-van-hoa-vung-dtts,A00,Điểm học bạ,2021,20.0,Văn hoá các DTTS Việt Nam - Tổ chức và quản lý văn hóa vùng DTTS
172085,VHH,van-hoa-cac-dtts-viet-nam-to-chuc-va-quan-ly-van-hoa-vung-dtts,C00,Điểm học bạ,2021,21.0,Văn hoá các DTTS Việt Nam - Tổ chức và quản lý văn hóa vùng DTTS
172086,VHH,van-hoa-cac-dtts-viet-nam-to-chuc-va-quan-ly-van-hoa-vung-dtts,D01,Điểm học bạ,2021,20.0,Văn hoá các DTTS Việt Nam - Tổ chức và quản lý văn hóa vùng DTTS
172087,VHH,van-hoa-cac-dtts-viet-nam-to-chuc-va-quan-ly-van-hoa-vung-dtts,A00,Điểm thi THPT,2021,15.0,Văn hoá các DTTS Việt Nam - Tổ chức và quản lý văn hóa vùng DTTS
172088,VHH,van-hoa-cac-dtts-viet-nam-to-chuc-va-quan-ly-van-hoa-vung-dtts,A16,Điểm thi THPT,2021,15.0,Văn hoá các DTTS Việt Nam - Tổ chức và quản lý văn hóa vùng DTTS
172089,VHH,van-hoa-cac-dtts-viet-nam-to-chuc-va-quan-ly-van-hoa-vung-dtts,C00,Điểm thi THPT,2021,16.0,Văn hoá các DTTS Việt Nam - Tổ chức và quản lý văn hóa vùng DTTS
172090,VHH,van-hoa-cac-dtts-viet-nam-to-chuc-va-quan-ly-van-hoa-vung-dtts,D01,Điểm thi THPT,2021,15.0,Văn hoá các DTTS Việt Nam - Tổ chức và quản lý văn hóa vùng DTTS
172091,VHH,van-hoa-cac-dtts-viet-nam-to-chuc-va-quan-ly-van-hoa-vung-dtts,D78,Điểm thi THPT,2021,15.0,Văn hoá các DTTS Việt Nam - Tổ chức và quản lý văn hóa vùng DTTS
172092,VHH,van-hoa-cac-dtts-viet-nam-to-chuc-va-quan-ly-van-hoa-vung-dtts,D96,Điểm thi THPT,2021,15.0,Văn hoá các DTTS Việt Nam - Tổ chức và quản lý văn hóa vùng DTTS
172093,VHH,van-hoa-cac-dtts-viet-nam-to-chuc-va-quan-ly-van-hoa-vung-dtts,A00,Điểm học bạ,2022,21.0,Văn hóa các DTTS Việt Nam - Tổ chức và quản lý văn hóa vùng DTTS
172094,VHH,van-hoa-cac-dtts-viet-nam-to-chuc-va-quan-ly-van-hoa-vung-dtts,C00,Điểm học bạ,2022,22.0,Văn hóa các DTTS Việt Nam - Tổ chức và quản lý văn hóa vùng DTTS
172095,VHH,van-hoa-cac-dtts-viet-nam-to-chuc-va-quan-ly-van-hoa-vung-dtts,D01,Điểm học bạ,2022,21.0,Văn hóa các DTTS Việt Nam - Tổ chức và quản lý văn hóa vùng DTTS
172096,VHH,van-hoa-cac-dtts-viet-nam-to-chuc-va-quan-ly-van-hoa-vung-dtts,A00,Điểm thi THPT,2022,22.45,Văn hóa các DTTS Việt Nam - Tổ chức và quản lý văn hóa vùng DTTS
172097,VHH,van-hoa-cac-dtts-viet-nam-to-chuc-va-quan-ly-van-hoa-vung-dtts,A16,Điểm thi THPT,2022,22.45,Văn hóa các DTTS Việt Nam - Tổ chức và quản lý văn hóa vùng DTTS
172098,VHH,van-hoa-cac-dtts-viet-nam-to-chuc-va-quan-ly-van-hoa-vung-dtts,C00,Điểm thi THPT,2022,23.45,Văn hóa các DTTS Việt Nam - Tổ chức và quản lý văn hóa vùng DTTS
172099,VHH,van-hoa-cac-dtts-viet-nam-to-chuc-va-quan-ly-van-hoa-vung-dtts,D01,Điểm thi THPT,2022,22.45,Văn hóa các DTTS Việt Nam - Tổ chức và quản lý văn hóa vùng DTTS
172100,VHH,van-hoa-cac-dtts-viet-nam-to-chuc-va-quan-ly-van-hoa-vung-dtts,D78,Điểm thi THPT,2022,22.45,Văn hóa các DTTS Việt Nam - Tổ chức và quản lý văn hóa vùng DTTS
172101,VHH,van-hoa-cac-dtts-viet-nam-to-chuc-va-quan-ly-van-hoa-vung-dtts,D96,Điểm thi THPT,2022,22.45,Văn hóa các DTTS Việt Nam - Tổ chức và quản lý văn hóa vùng DTTS
172102,VHH,van-hoa-cac-dtts-viet-nam-to-chuc-va-quan-ly-van-hoa-vung-dtts,C00,Điểm học bạ,2023,20.64,Văn hóa các DTTS Việt Nam - Tổ chức và quản lý văn hóa vùng DTTS
172103,VHH,van-hoa-cac-dtts-viet-nam-to-chuc-va-quan-ly-van-hoa-vung-dtts,D01,Điểm học bạ,2023,19.76,Văn hóa các DTTS Việt Nam - Tổ chức và quản lý văn hóa vùng DTTS
172104,VHH,van-hoa-cac-dtts-viet-nam-to-chuc-va-quan-ly-van-hoa-vung-dtts,A00,Điểm thi THPT,2023,20.7,Văn hoá các DTTS Việt Nam - Tổ chức và quản lý văn hóa vùng DTTS
172105,VHH,van-hoa-cac-dtts-viet-nam-to-chuc-va-quan-ly-van-hoa-vung-dtts,A16,Điểm thi THPT,2023,20.7,Văn hoá các DTTS Việt Nam - Tổ chức và quản lý văn hóa vùng DTTS
172106,VHH,van-hoa-cac-dtts-viet-nam-to-chuc-va-quan-ly-van-hoa-vung-dtts,C00,Điểm thi THPT,2023,21.7,Văn hoá các DTTS Việt Nam - Tổ chức và quản lý văn hóa vùng DTTS
172107,VHH,van-hoa-cac-dtts-viet-nam-to-chuc-va-quan-ly-van-hoa-vung-dtts,D01,Điểm thi THPT,2023,20.7,Văn hoá các DTTS Việt Nam - Tổ chức và quản lý văn hóa vùng DTTS
172108,VHH,van-hoa-cac-dtts-viet-nam-to-chuc-va-quan-ly-van-hoa-vung-dtts,D78,Điểm thi THPT,2023,20.7,Văn hoá các DTTS Việt Nam - Tổ chức và quản lý văn hóa vùng DTTS
172109,VHH,van-hoa-cac-dtts-viet-nam-to-chuc-va-quan-ly-van-hoa-vung-dtts,D96,Điểm thi THPT,2023,20.7,Văn hoá các DTTS Việt Nam - Tổ chức và quản lý văn hóa vùng DTTS
172110,VHH,van-hoa-cac-stts-viet-nam-to-chuc-va-qua-ly-du-lich-vung-dtts,C00,Điểm học bạ,2023,21.37,Văn hóa các STTS Việt Nam - Tổ chức và quả lý du lịch vùng DTTS
172111,VHH,van-hoa-cac-stts-viet-nam-to-chuc-va-qua-ly-du-lich-vung-dtts,D01,Điểm học bạ,2023,20.49,Văn hóa các STTS Việt Nam - Tổ chức và quả lý du lịch vùng DTTS
172112,VHH,van-hoa-doi-ngoai,C00,Điểm học bạ,2025,27.5,Văn hóa đối ngoại
172113,VHH,van-hoa-doi-ngoai,C03,Điểm học bạ,2025,27.5,Văn hóa đối ngoại
172114,VHH,van-hoa-doi-ngoai,C04,Điểm học bạ,2025,27.5,Văn hóa đối ngoại
172115,VHH,van-hoa-doi-ngoai,D01,Điểm học bạ,2025,27.5,Văn hóa đối ngoại
172116,VHH,van-hoa-doi-ngoai,D14,Điểm học bạ,2025,27.5,Văn hóa đối ngoại
172117,VHH,van-hoa-doi-ngoai,D15,Điểm học bạ,2025,27.5,Văn hóa đối ngoại
172118,VHH,van-hoa-doi-ngoai,X01,Điểm học bạ,2025,27.5,Văn hóa đối ngoại
172119,VHH,van-hoa-doi-ngoai,X70,Điểm học bạ,2025,27.5,Văn hóa đối ngoại
172120,VHH,van-hoa-doi-ngoai,X78,Điểm học bạ,2025,27.5,Văn hóa đối ngoại
172121,VHH,van-hoa-doi-ngoai,C00,Điểm thi THPT,2025,27.0,Văn hóa đối ngoại
172122,VHH,van-hoa-doi-ngoai,C03,Điểm thi THPT,2025,25.5,Văn hóa đối ngoại
172123,VHH,van-hoa-doi-ngoai,C04,Điểm thi THPT,2025,25.5,Văn hóa đối ngoại
172124,VHH,van-hoa-doi-ngoai,D01,Điểm thi THPT,2025,25.0,Văn hóa đối ngoại
172125,VHH,van-hoa-doi-ngoai,D14,Điểm thi THPT,2025,25.5,Văn hóa đối ngoại
172126,VHH,van-hoa-doi-ngoai,D15,Điểm thi THPT,2025,25.5,Văn hóa đối ngoại
172127,VHH,van-hoa-doi-ngoai,X01,Điểm thi THPT,2025,25.5,Văn hóa đối ngoại
172128,VHH,van-hoa-doi-ngoai,X70,Điểm thi THPT,2025,27.0,Văn hóa đối ngoại
172129,VHH,van-hoa-doi-ngoai,X78,Điểm thi THPT,2025,25.5,Văn hóa đối ngoại
172130,VHH,van-hoa-du-lich,C00,Điểm học bạ,2025,27.39,Văn hóa du lịch
172131,VHH,van-hoa-du-lich,C03,Điểm học bạ,2025,27.39,Văn hóa du lịch
172132,VHH,van-hoa-du-lich,C04,Điểm học bạ,2025,27.39,Văn hóa du lịch
172133,VHH,van-hoa-du-lich,D01,Điểm học bạ,2025,27.39,Văn hóa du lịch
172134,VHH,van-hoa-du-lich,D14,Điểm học bạ,2025,27.39,Văn hóa du lịch
172135,VHH,van-hoa-du-lich,D15,Điểm học bạ,2025,27.39,Văn hóa du lịch
172136,VHH,van-hoa-du-lich,X01,Điểm học bạ,2025,27.39,Văn hóa du lịch
172137,VHH,van-hoa-du-lich,X70,Điểm học bạ,2025,27.39,Văn hóa du lịch
172138,VHH,van-hoa-du-lich,X78,Điểm học bạ,2025,27.39,Văn hóa du lịch
172139,VHH,van-hoa-du-lich,C00,Điểm thi THPT,2025,26.83,Văn hóa du lịch
172140,VHH,van-hoa-du-lich,C03,Điểm thi THPT,2025,25.33,Văn hóa du lịch
172141,VHH,van-hoa-du-lich,C04,Điểm thi THPT,2025,25.33,Văn hóa du lịch
172142,VHH,van-hoa-du-lich,D01,Điểm thi THPT,2025,24.83,Văn hóa du lịch
172143,VHH,van-hoa-du-lich,D14,Điểm thi THPT,2025,25.33,Văn hóa du lịch
172144,VHH,van-hoa-du-lich,D15,Điểm thi THPT,2025,25.33,Văn hóa du lịch
172145,VHH,van-hoa-du-lich,X01,Điểm thi THPT,2025,25.33,Văn hóa du lịch
172146,VHH,van-hoa-du-lich,X70,Điểm thi THPT,2025,26.83,Văn hóa du lịch
172147,VHH,van-hoa-du-lich,X78,Điểm thi THPT,2025,25.33,Văn hóa du lịch
172148,VHH,van-hoa-hoc-nghien-cuu-truyen-thong,C00,Điểm học bạ,2023,27.49,Văn hóa học - Nghiên cứu truyền thông
172149,VHH,van-hoa-hoc-nghien-cuu-truyen-thong,D01,Điểm học bạ,2023,26.61,Văn hóa học - Nghiên cứu truyền thông
172150,VHH,van-hoa-hoc-nghien-cuu-van-hoa,A00,Điểm học bạ,2021,22.0,Văn hoá học - Nghiên cứu văn hóa
172151,VHH,van-hoa-hoc-nghien-cuu-van-hoa,C00,Điểm học bạ,2021,23.0,Văn hoá học - Nghiên cứu văn hóa
172152,VHH,van-hoa-hoc-nghien-cuu-van-hoa,D01,Điểm học bạ,2021,22.0,Văn hoá học - Nghiên cứu văn hóa
172153,VHH,van-hoa-hoc-nghien-cuu-van-hoa,A00,Điểm thi THPT,2021,24.1,Văn hoá học - Nghiên cứu văn hóa
172154,VHH,van-hoa-hoc-nghien-cuu-van-hoa,A16,Điểm thi THPT,2021,24.1,Văn hoá học - Nghiên cứu văn hóa
172155,VHH,van-hoa-hoc-nghien-cuu-van-hoa,C00,Điểm thi THPT,2021,25.1,Văn hoá học - Nghiên cứu văn hóa
172156,VHH,van-hoa-hoc-nghien-cuu-van-hoa,D01,Điểm thi THPT,2021,24.1,Văn hoá học - Nghiên cứu văn hóa
172157,VHH,van-hoa-hoc-nghien-cuu-van-hoa,D78,Điểm thi THPT,2021,24.1,Văn hoá học - Nghiên cứu văn hóa
172158,VHH,van-hoa-hoc-nghien-cuu-van-hoa,D96,Điểm thi THPT,2021,24.1,Văn hoá học - Nghiên cứu văn hóa
172159,VHH,van-hoa-hoc-nghien-cuu-van-hoa,A00,Điểm học bạ,2022,25.0,Văn hóa học - Nghiên cứu văn hóa
172160,VHH,van-hoa-hoc-nghien-cuu-van-hoa,C00,Điểm học bạ,2022,26.0,Văn hóa học - Nghiên cứu văn hóa
172161,VHH,van-hoa-hoc-nghien-cuu-van-hoa,D01,Điểm học bạ,2022,25.0,Văn hóa học - Nghiên cứu văn hóa
172162,VHH,van-hoa-hoc-nghien-cuu-van-hoa,A00,Điểm thi THPT,2022,24.2,Văn hóa học - Nghiên cứu văn hóa
172163,VHH,van-hoa-hoc-nghien-cuu-van-hoa,A16,Điểm thi THPT,2022,24.2,Văn hóa học - Nghiên cứu văn hóa
172164,VHH,van-hoa-hoc-nghien-cuu-van-hoa,C00,Điểm thi THPT,2022,25.2,Văn hóa học - Nghiên cứu văn hóa
172165,VHH,van-hoa-hoc-nghien-cuu-van-hoa,D01,Điểm thi THPT,2022,24.2,Văn hóa học - Nghiên cứu văn hóa
172166,VHH,van-hoa-hoc-nghien-cuu-van-hoa,D78,Điểm thi THPT,2022,24.2,Văn hóa học - Nghiên cứu văn hóa
172167,VHH,van-hoa-hoc-nghien-cuu-van-hoa,D96,Điểm thi THPT,2022,24.2,Văn hóa học - Nghiên cứu văn hóa
172168,VHH,van-hoa-hoc-nghien-cuu-van-hoa,C00,Điểm học bạ,2023,23.65,Văn hóa học - Nghiên cứu văn hóa
172169,VHH,van-hoa-hoc-nghien-cuu-van-hoa,D01,Điểm học bạ,2023,22.77,Văn hóa học - Nghiên cứu văn hóa
172170,VHH,van-hoa-hoc-nghien-cuu-van-hoa,A00,Điểm thi THPT,2023,23.63,Văn hoá học -Nghiên cứu văn hóa
172171,VHH,van-hoa-hoc-nghien-cuu-van-hoa,A16,Điểm thi THPT,2023,23.63,Văn hoá học -Nghiên cứu văn hóa
172172,VHH,van-hoa-hoc-nghien-cuu-van-hoa,C00,Điểm thi THPT,2023,24.63,Văn hoá học -Nghiên cứu văn hóa
172173,VHH,van-hoa-hoc-nghien-cuu-van-hoa,D01,Điểm thi THPT,2023,23.63,Văn hoá học -Nghiên cứu văn hóa
172174,VHH,van-hoa-hoc-nghien-cuu-van-hoa,D78,Điểm thi THPT,2023,23.63,Văn hoá học -Nghiên cứu văn hóa
172175,VHH,van-hoa-hoc-nghien-cuu-van-hoa,D96,Điểm thi THPT,2023,23.63,Văn hoá học -Nghiên cứu văn hóa
172176,VHH,van-hoa-hoc-nghien-cuu-van-hoa,C00,Điểm học bạ,2024,27.33,Văn hóa học - Nghiên cứu văn hóa
172177,VHH,van-hoa-hoc-nghien-cuu-van-hoa,C19,Điểm học bạ,2024,26.33,Văn hóa học - Nghiên cứu văn hóa
172178,VHH,van-hoa-hoc-nghien-cuu-van-hoa,D01,Điểm học bạ,2024,26.33,Văn hóa học - Nghiên cứu văn hóa
172179,VHH,van-hoa-hoc-nghien-cuu-van-hoa,D09,Điểm học bạ,2024,26.33,Văn hóa học - Nghiên cứu văn hóa
172180,VHH,van-hoa-hoc-nghien-cuu-van-hoa,D14,Điểm học bạ,2024,26.33,Văn hóa học - Nghiên cứu văn hóa
172181,VHH,van-hoa-hoc-nghien-cuu-van-hoa,D15,Điểm học bạ,2024,26.33,Văn hóa học - Nghiên cứu văn hóa
172182,VHH,van-hoa-hoc-nghien-cuu-van-hoa,C00,Điểm thi THPT,2024,26.52,Văn hóa học - Nghiên cứu văn hóa
172183,VHH,van-hoa-hoc-nghien-cuu-van-hoa,C19,Điểm thi THPT,2024,25.52,Văn hóa học - Nghiên cứu văn hóa
172184,VHH,van-hoa-hoc-nghien-cuu-van-hoa,D01,Điểm thi THPT,2024,25.52,Văn hóa học - Nghiên cứu văn hóa
172185,VHH,van-hoa-hoc-nghien-cuu-van-hoa,D09,Điểm thi THPT,2024,25.52,Văn hóa học - Nghiên cứu văn hóa
172186,VHH,van-hoa-hoc-nghien-cuu-van-hoa,D14,Điểm thi THPT,2024,25.52,Văn hóa học - Nghiên cứu văn hóa
172187,VHH,van-hoa-hoc-nghien-cuu-van-hoa,D15,Điểm thi THPT,2024,25.52,Văn hóa học - Nghiên cứu văn hóa
172188,VHH,van-hoa-hoc-van-hoa-doi-ngoai,A00,Điểm học bạ,2021,25.0,Văn hoá học - Văn hóa đối ngoại
172189,VHH,van-hoa-hoc-van-hoa-doi-ngoai,C00,Điểm học bạ,2021,26.0,Văn hoá học - Văn hóa đối ngoại
172190,VHH,van-hoa-hoc-van-hoa-doi-ngoai,D01,Điểm học bạ,2021,25.0,Văn hoá học - Văn hóa đối ngoại
172191,VHH,van-hoa-hoc-van-hoa-doi-ngoai,A00,Điểm thi THPT,2021,25.0,Văn hoá học - Văn hóa đối ngoại
172192,VHH,van-hoa-hoc-van-hoa-doi-ngoai,A16,Điểm thi THPT,2021,25.0,Văn hoá học - Văn hóa đối ngoại
172193,VHH,van-hoa-hoc-van-hoa-doi-ngoai,C00,Điểm thi THPT,2021,26.0,Văn hoá học - Văn hóa đối ngoại
172194,VHH,van-hoa-hoc-van-hoa-doi-ngoai,D01,Điểm thi THPT,2021,25.0,Văn hoá học - Văn hóa đối ngoại
172195,VHH,van-hoa-hoc-van-hoa-doi-ngoai,D78,Điểm thi THPT,2021,25.0,Văn hoá học - Văn hóa đối ngoại
172196,VHH,van-hoa-hoc-van-hoa-doi-ngoai,D96,Điểm thi THPT,2021,25.0,Văn hoá học - Văn hóa đối ngoại
172197,VHH,van-hoa-hoc-van-hoa-doi-ngoai,A00,Điểm học bạ,2022,27.5,Văn hóa học - Văn hóa đối ngoại
172198,VHH,van-hoa-hoc-van-hoa-doi-ngoai,C00,Điểm học bạ,2022,28.5,Văn hóa học - Văn hóa đối ngoại
172199,VHH,van-hoa-hoc-van-hoa-doi-ngoai,D01,Điểm học bạ,2022,27.5,Văn hóa học - Văn hóa đối ngoại
172200,VHH,van-hoa-hoc-van-hoa-doi-ngoai,A00,Điểm thi THPT,2022,25.5,Văn hóa học - Văn hóa đối ngoại
172201,VHH,van-hoa-hoc-van-hoa-doi-ngoai,A16,Điểm thi THPT,2022,25.5,Văn hóa học - Văn hóa đối ngoại
172202,VHH,van-hoa-hoc-van-hoa-doi-ngoai,C00,Điểm thi THPT,2022,26.5,Văn hóa học - Văn hóa đối ngoại
172203,VHH,van-hoa-hoc-van-hoa-doi-ngoai,D01,Điểm thi THPT,2022,25.5,Văn hóa học - Văn hóa đối ngoại
172204,VHH,van-hoa-hoc-van-hoa-doi-ngoai,D78,Điểm thi THPT,2022,25.5,Văn hóa học - Văn hóa đối ngoại
172205,VHH,van-hoa-hoc-van-hoa-doi-ngoai,D96,Điểm thi THPT,2022,25.5,Văn hóa học - Văn hóa đối ngoại
172206,VHH,van-hoa-hoc-van-hoa-doi-ngoai,C00,Điểm học bạ,2023,27.0,Văn hóa học - Văn hóa đối ngoại
172207,VHH,van-hoa-hoc-van-hoa-doi-ngoai,D01,Điểm học bạ,2023,26.12,Văn hóa học - Văn hóa đối ngoại
172208,VHH,van-hoa-hoc-van-hoa-doi-ngoai,A00,Điểm thi THPT,2023,23.68,Văn hoá học - Văn hóa đối ngoại
172209,VHH,van-hoa-hoc-van-hoa-doi-ngoai,A16,Điểm thi THPT,2023,23.68,Văn hoá học - Văn hóa đối ngoại
172210,VHH,van-hoa-hoc-van-hoa-doi-ngoai,C00,Điểm thi THPT,2023,24.68,Văn hoá học - Văn hóa đối ngoại
172211,VHH,van-hoa-hoc-van-hoa-doi-ngoai,D01,Điểm thi THPT,2023,23.68,Văn hoá học - Văn hóa đối ngoại
172212,VHH,van-hoa-hoc-van-hoa-doi-ngoai,D78,Điểm thi THPT,2023,23.68,Văn hoá học - Văn hóa đối ngoại
172213,VHH,van-hoa-hoc-van-hoa-doi-ngoai,D96,Điểm thi THPT,2023,23.68,Văn hoá học - Văn hóa đối ngoại
172214,VHH,van-hoa-hoc-van-hoa-doi-ngoai,C00,Điểm học bạ,2024,27.91,Văn hóa học - Văn hóa đối ngoại
172215,VHH,van-hoa-hoc-van-hoa-doi-ngoai,C19,Điểm học bạ,2024,26.91,Văn hóa học - Văn hóa đối ngoại
172216,VHH,van-hoa-hoc-van-hoa-doi-ngoai,D01,Điểm học bạ,2024,26.91,Văn hóa học - Văn hóa đối ngoại
172217,VHH,van-hoa-hoc-van-hoa-doi-ngoai,D09,Điểm học bạ,2024,26.91,Văn hóa học - Văn hóa đối ngoại
172218,VHH,van-hoa-hoc-van-hoa-doi-ngoai,D14,Điểm học bạ,2024,26.91,Văn hóa học - Văn hóa đối ngoại
172219,VHH,van-hoa-hoc-van-hoa-doi-ngoai,D15,Điểm học bạ,2024,26.91,Văn hóa học - Văn hóa đối ngoại
172220,VHH,van-hoa-hoc-van-hoa-doi-ngoai,C00,Điểm thi THPT,2024,27.43,Văn hóa học - Văn hóa đối ngoại
172221,VHH,van-hoa-hoc-van-hoa-doi-ngoai,C19,Điểm thi THPT,2024,26.43,Văn hóa học - Văn hóa đối ngoại
172222,VHH,van-hoa-hoc-van-hoa-doi-ngoai,D01,Điểm thi THPT,2024,26.43,Văn hóa học - Văn hóa đối ngoại
172223,VHH,van-hoa-hoc-van-hoa-doi-ngoai,D09,Điểm thi THPT,2024,26.43,Văn hóa học - Văn hóa đối ngoại
172224,VHH,van-hoa-hoc-van-hoa-doi-ngoai,D14,Điểm thi THPT,2024,26.43,Văn hóa học - Văn hóa đối ngoại
172225,VHH,van-hoa-hoc-van-hoa-doi-ngoai,D15,Điểm thi THPT,2024,26.43,Văn hóa học - Văn hóa đối ngoại
172226,VHH,van-hoa-hoc-van-hoa-truyen-thong,A00,Điểm học bạ,2021,26.0,Văn hoá học - Văn hóa truyền thông
172227,VHH,van-hoa-hoc-van-hoa-truyen-thong,C00,Điểm học bạ,2021,27.0,Văn hoá học - Văn hóa truyền thông
172228,VHH,van-hoa-hoc-van-hoa-truyen-thong,D01,Điểm học bạ,2021,26.0,Văn hoá học - Văn hóa truyền thông
172229,VHH,van-hoa-hoc-van-hoa-truyen-thong,A00,Điểm thi THPT,2021,25.5,Văn hoá học - Văn hóa truyền thông
172230,VHH,van-hoa-hoc-van-hoa-truyen-thong,A16,Điểm thi THPT,2021,25.5,Văn hoá học - Văn hóa truyền thông
172231,VHH,van-hoa-hoc-van-hoa-truyen-thong,C00,Điểm thi THPT,2021,26.5,Văn hoá học - Văn hóa truyền thông
172232,VHH,van-hoa-hoc-van-hoa-truyen-thong,D01,Điểm thi THPT,2021,25.5,Văn hoá học - Văn hóa truyền thông
172233,VHH,van-hoa-hoc-van-hoa-truyen-thong,D78,Điểm thi THPT,2021,25.5,Văn hoá học - Văn hóa truyền thông
172234,VHH,van-hoa-hoc-van-hoa-truyen-thong,D96,Điểm thi THPT,2021,25.5,Văn hoá học - Văn hóa truyền thông
172235,VHH,van-hoa-hoc-van-hoa-truyen-thong,A00,Điểm học bạ,2022,29.0,Văn hóa học - Văn hóa truyền thông
172236,VHH,van-hoa-hoc-van-hoa-truyen-thong,C00,Điểm học bạ,2022,30.0,Văn hóa học - Văn hóa truyền thông
172237,VHH,van-hoa-hoc-van-hoa-truyen-thong,D01,Điểm học bạ,2022,29.0,Văn hóa học - Văn hóa truyền thông
172238,VHH,van-hoa-hoc-van-hoa-truyen-thong,A00,Điểm thi THPT,2022,26.0,Văn hóa học - Văn hóa truyền thông
172239,VHH,van-hoa-hoc-van-hoa-truyen-thong,A16,Điểm thi THPT,2022,26.0,Văn hóa học - Văn hóa truyền thông
172240,VHH,van-hoa-hoc-van-hoa-truyen-thong,C00,Điểm thi THPT,2022,27.0,Văn hóa học - Văn hóa truyền thông
172241,VHH,van-hoa-hoc-van-hoa-truyen-thong,D01,Điểm thi THPT,2022,26.0,Văn hóa học - Văn hóa truyền thông
172242,VHH,van-hoa-hoc-van-hoa-truyen-thong,D78,Điểm thi THPT,2022,26.0,Văn hóa học - Văn hóa truyền thông
172243,VHH,van-hoa-hoc-van-hoa-truyen-thong,D96,Điểm thi THPT,2022,26.0,Văn hóa học - Văn hóa truyền thông
172244,VHH,van-hoa-hoc-van-hoa-truyen-thong,A00,Điểm thi THPT,2023,25.18,Văn hoá học - Văn hóa truyền thông
172245,VHH,van-hoa-hoc-van-hoa-truyen-thong,A16,Điểm thi THPT,2023,25.18,Văn hoá học - Văn hóa truyền thông
172246,VHH,van-hoa-hoc-van-hoa-truyen-thong,C00,Điểm thi THPT,2023,26.18,Văn hoá học - Văn hóa truyền thông
172247,VHH,van-hoa-hoc-van-hoa-truyen-thong,D01,Điểm thi THPT,2023,25.18,Văn hoá học - Văn hóa truyền thông
172248,VHH,van-hoa-hoc-van-hoa-truyen-thong,D78,Điểm thi THPT,2023,25.18,Văn hoá học - Văn hóa truyền thông
172249,VHH,van-hoa-hoc-van-hoa-truyen-thong,D96,Điểm thi THPT,2023,25.18,Văn hoá học - Văn hóa truyền thông
172250,VHH,van-hoa-hoc-van-hoa-truyen-thong,C00,Điểm học bạ,2024,28.19,Văn hoá học - Văn hóa truyền thông
172251,VHH,van-hoa-hoc-van-hoa-truyen-thong,C19,Điểm học bạ,2024,27.19,Văn hoá học - Văn hóa truyền thông
172252,VHH,van-hoa-hoc-van-hoa-truyen-thong,D01,Điểm học bạ,2024,27.19,Văn hoá học - Văn hóa truyền thông
172253,VHH,van-hoa-hoc-van-hoa-truyen-thong,D09,Điểm học bạ,2024,27.19,Văn hoá học - Văn hóa truyền thông
172254,VHH,van-hoa-hoc-van-hoa-truyen-thong,D14,Điểm học bạ,2024,27.19,Văn hoá học - Văn hóa truyền thông
172255,VHH,van-hoa-hoc-van-hoa-truyen-thong,D15,Điểm học bạ,2024,27.19,Văn hoá học - Văn hóa truyền thông
172256,VHH,van-hoa-hoc-van-hoa-truyen-thong,C00,Điểm thi THPT,2024,27.83,Văn hoá học - Văn hóa truyền thông
172257,VHH,van-hoa-hoc-van-hoa-truyen-thong,C19,Điểm thi THPT,2024,26.83,Văn hoá học - Văn hóa truyền thông
172258,VHH,van-hoa-hoc-van-hoa-truyen-thong,D01,Điểm thi THPT,2024,26.83,Văn hoá học - Văn hóa truyền thông
172259,VHH,van-hoa-hoc-van-hoa-truyen-thong,D09,Điểm thi THPT,2024,26.83,Văn hoá học - Văn hóa truyền thông
172260,VHH,van-hoa-hoc-van-hoa-truyen-thong,D14,Điểm thi THPT,2024,26.83,Văn hoá học - Văn hóa truyền thông
172261,VHH,van-hoa-hoc-van-hoa-truyen-thong,D15,Điểm thi THPT,2024,26.83,Văn hoá học - Văn hóa truyền thông
172262,VHH,van-hoa-truyen-thong,C00,Điểm học bạ,2025,27.74,Văn hóa truyền thông
172263,VHH,van-hoa-truyen-thong,C03,Điểm học bạ,2025,27.74,Văn hóa truyền thông
172264,VHH,van-hoa-truyen-thong,C04,Điểm học bạ,2025,27.74,Văn hóa truyền thông
172265,VHH,van-hoa-truyen-thong,D01,Điểm học bạ,2025,27.74,Văn hóa truyền thông
172266,VHH,van-hoa-truyen-thong,D14,Điểm học bạ,2025,27.74,Văn hóa truyền thông
172267,VHH,van-hoa-truyen-thong,D15,Điểm học bạ,2025,27.74,Văn hóa truyền thông
172268,VHH,van-hoa-truyen-thong,X01,Điểm học bạ,2025,27.74,Văn hóa truyền thông
172269,VHH,van-hoa-truyen-thong,X70,Điểm học bạ,2025,27.74,Văn hóa truyền thông
172270,VHH,van-hoa-truyen-thong,X78,Điểm học bạ,2025,27.74,Văn hóa truyền thông
172271,VHH,van-hoa-truyen-thong,C00,Điểm thi THPT,2025,27.36,Văn hóa truyền thông
172272,VHH,van-hoa-truyen-thong,C03,Điểm thi THPT,2025,25.86,Văn hóa truyền thông
172273,VHH,van-hoa-truyen-thong,C04,Điểm thi THPT,2025,25.86,Văn hóa truyền thông
172274,VHH,van-hoa-truyen-thong,D01,Điểm thi THPT,2025,25.36,Văn hóa truyền thông
172275,VHH,van-hoa-truyen-thong,D14,Điểm thi THPT,2025,25.86,Văn hóa truyền thông
172276,VHH,van-hoa-truyen-thong,D15,Điểm thi THPT,2025,25.86,Văn hóa truyền thông
172277,VHH,van-hoa-truyen-thong,X01,Điểm thi THPT,2025,25.86,Văn hóa truyền thông
172278,VHH,van-hoa-truyen-thong,X70,Điểm thi THPT,2025,27.36,Văn hóa truyền thông
172279,VHH,van-hoa-truyen-thong,X78,Điểm thi THPT,2025,25.86,Văn hóa truyền thông
172280,VHS,bao-tang-hoc,C00,Điểm học bạ,2021,15.5,Ngành Bảo tàng học
172281,VHS,bao-tang-hoc,D01,Điểm học bạ,2021,15.5,Ngành Bảo tàng học
172282,VHS,bao-tang-hoc,D09,Điểm học bạ,2021,15.5,Ngành Bảo tàng học
172283,VHS,bao-tang-hoc,D15,Điểm học bạ,2021,15.5,Ngành Bảo tàng học
172284,VHS,bao-tang-hoc,C00,Điểm thi THPT,2021,15.0,Ngành Bảo tàng học
172285,VHS,bao-tang-hoc,D01,Điểm thi THPT,2021,15.0,Ngành Bảo tàng học
172286,VHS,bao-tang-hoc,D09,Điểm thi THPT,2021,15.0,Ngành Bảo tàng học
172287,VHS,bao-tang-hoc,D15,Điểm thi THPT,2021,15.0,Ngành Bảo tàng học
172288,VHS,bao-tang-hoc,C00,Điểm học bạ,2022,15.0,Ngành Bảo tàng học
172289,VHS,bao-tang-hoc,D01,Điểm học bạ,2022,15.0,Ngành Bảo tàng học
172290,VHS,bao-tang-hoc,D09,Điểm học bạ,2022,15.0,Ngành Bảo tàng học
172291,VHS,bao-tang-hoc,D15,Điểm học bạ,2022,15.0,Ngành Bảo tàng học
172292,VHS,bao-tang-hoc,C00,Điểm thi THPT,2022,15.0,Ngành Bảo tàng học
172293,VHS,bao-tang-hoc,D01,Điểm thi THPT,2022,15.0,Ngành Bảo tàng học
172294,VHS,bao-tang-hoc,D09,Điểm thi THPT,2022,15.0,Ngành Bảo tàng học
172295,VHS,bao-tang-hoc,D15,Điểm thi THPT,2022,15.0,Ngành Bảo tàng học
172296,VHS,bao-tang-hoc,C00,Điểm học bạ,2023,15.0,Ngành Bảo tàng học
172297,VHS,bao-tang-hoc,D01,Điểm học bạ,2023,15.0,Ngành Bảo tàng học
172298,VHS,bao-tang-hoc,D09,Điểm học bạ,2023,15.0,Ngành Bảo tàng học
172299,VHS,bao-tang-hoc,D15,Điểm học bạ,2023,15.0,Ngành Bảo tàng học
172300,VHS,bao-tang-hoc,C00,Điểm thi THPT,2023,15.0,Ngành Bảo tàng học
172301,VHS,bao-tang-hoc,D01,Điểm thi THPT,2023,15.0,Ngành Bảo tàng học
172302,VHS,bao-tang-hoc,D09,Điểm thi THPT,2023,15.0,Ngành Bảo tàng học
172303,VHS,bao-tang-hoc,D15,Điểm thi THPT,2023,15.0,Ngành Bảo tàng học
172304,VHS,bao-tang-hoc,C00,Điểm học bạ,2024,25.0,Ngành Bảo tàng học
172305,VHS,bao-tang-hoc,D01,Điểm học bạ,2024,25.0,Ngành Bảo tàng học
172306,VHS,bao-tang-hoc,D09,Điểm học bạ,2024,25.0,Ngành Bảo tàng học
172307,VHS,bao-tang-hoc,D15,Điểm học bạ,2024,25.0,Ngành Bảo tàng học
172308,VHS,bao-tang-hoc,C00,Điểm thi THPT,2024,23.5,Ngành Bảo tàng học
172309,VHS,bao-tang-hoc,D01,Điểm thi THPT,2024,23.5,Ngành Bảo tàng học
172310,VHS,bao-tang-hoc,D09,Điểm thi THPT,2024,23.5,Ngành Bảo tàng học
172311,VHS,bao-tang-hoc,D15,Điểm thi THPT,2024,23.5,Ngành Bảo tàng học
172312,VHS,cong-nghiep-van-hoa,C00,Điểm học bạ,2025,26.95,"Văn hóa học, chuyên ngành Công nghiệp Văn hóa"
172313,VHS,cong-nghiep-van-hoa,C03,Điểm học bạ,2025,26.95,"Văn hóa học, chuyên ngành Công nghiệp Văn hóa"
172314,VHS,cong-nghiep-van-hoa,C04,Điểm học bạ,2025,26.95,"Văn hóa học, chuyên ngành Công nghiệp Văn hóa"
172315,VHS,cong-nghiep-van-hoa,C14,Điểm học bạ,2025,26.95,"Văn hóa học, chuyên ngành Công nghiệp Văn hóa"
172316,VHS,cong-nghiep-van-hoa,D01,Điểm học bạ,2025,26.95,"Văn hóa học, chuyên ngành Công nghiệp Văn hóa"
172317,VHS,cong-nghiep-van-hoa,D14,Điểm học bạ,2025,26.95,"Văn hóa học, chuyên ngành Công nghiệp Văn hóa"
172318,VHS,cong-nghiep-van-hoa,D15,Điểm học bạ,2025,26.95,"Văn hóa học, chuyên ngành Công nghiệp Văn hóa"
172319,VHS,cong-nghiep-van-hoa,C00,Điểm thi THPT,2025,25.95,"Văn hóa học, chuyên ngành Công nghiệp Văn hóa"
172320,VHS,cong-nghiep-van-hoa,C03,Điểm thi THPT,2025,25.95,"Văn hóa học, chuyên ngành Công nghiệp Văn hóa"
172321,VHS,cong-nghiep-van-hoa,C04,Điểm thi THPT,2025,25.95,"Văn hóa học, chuyên ngành Công nghiệp Văn hóa"
172322,VHS,cong-nghiep-van-hoa,C14,Điểm thi THPT,2025,25.95,"Văn hóa học, chuyên ngành Công nghiệp Văn hóa"
172323,VHS,cong-nghiep-van-hoa,D01,Điểm thi THPT,2025,25.95,"Văn hóa học, chuyên ngành Công nghiệp Văn hóa"
172324,VHS,cong-nghiep-van-hoa,D14,Điểm thi THPT,2025,25.95,"Văn hóa học, chuyên ngành Công nghiệp Văn hóa"
172325,VHS,cong-nghiep-van-hoa,D15,Điểm thi THPT,2025,25.95,"Văn hóa học, chuyên ngành Công nghiệp Văn hóa"
172326,VHS,di-san-va-bao-tang,C00,Điểm học bạ,2025,26.0,"Di sản học, chuyên ngành Di sản và bảo tàng"
172327,VHS,di-san-va-bao-tang,C14,Điểm học bạ,2025,26.0,"Di sản học, chuyên ngành Di sản và bảo tàng"
172328,VHS,di-san-va-bao-tang,D01,Điểm học bạ,2025,26.0,"Di sản học, chuyên ngành Di sản và bảo tàng"
172329,VHS,di-san-va-bao-tang,D04,Điểm học bạ,2025,26.0,"Di sản học, chuyên ngành Di sản và bảo tàng"
172330,VHS,di-san-va-bao-tang,D14,Điểm học bạ,2025,26.0,"Di sản học, chuyên ngành Di sản và bảo tàng"
172331,VHS,di-san-va-bao-tang,D15,Điểm học bạ,2025,26.0,"Di sản học, chuyên ngành Di sản và bảo tàng"
172332,VHS,di-san-va-bao-tang,C00,Điểm thi THPT,2025,25.0,"Di sản học, chuyên ngành Di sản và bảo tàng"
172333,VHS,di-san-va-bao-tang,C14,Điểm thi THPT,2025,25.0,"Di sản học, chuyên ngành Di sản và bảo tàng"
172334,VHS,di-san-va-bao-tang,D01,Điểm thi THPT,2025,25.0,"Di sản học, chuyên ngành Di sản và bảo tàng"
172335,VHS,di-san-va-bao-tang,D04,Điểm thi THPT,2025,25.0,"Di sản học, chuyên ngành Di sản và bảo tàng"
172336,VHS,di-san-va-bao-tang,D14,Điểm thi THPT,2025,25.0,"Di sản học, chuyên ngành Di sản và bảo tàng"
172337,VHS,di-san-va-bao-tang,D15,Điểm thi THPT,2025,25.0,"Di sản học, chuyên ngành Di sản và bảo tàng"
172338,VHS,di-san-va-phat-trien-du-lich,C00,Điểm học bạ,2025,25.8,"Di sản học, chuyên ngành Di sản và phát triển du lịch"
172339,VHS,di-san-va-phat-trien-du-lich,C14,Điểm học bạ,2025,25.8,"Di sản học, chuyên ngành Di sản và phát triển du lịch"
172340,VHS,di-san-va-phat-trien-du-lich,D01,Điểm học bạ,2025,25.8,"Di sản học, chuyên ngành Di sản và phát triển du lịch"
172341,VHS,di-san-va-phat-trien-du-lich,D04,Điểm học bạ,2025,25.8,"Di sản học, chuyên ngành Di sản và phát triển du lịch"
172342,VHS,di-san-va-phat-trien-du-lich,D14,Điểm học bạ,2025,25.8,"Di sản học, chuyên ngành Di sản và phát triển du lịch"
172343,VHS,di-san-va-phat-trien-du-lich,D15,Điểm học bạ,2025,25.8,"Di sản học, chuyên ngành Di sản và phát triển du lịch"
172344,VHS,di-san-va-phat-trien-du-lich,C00,Điểm thi THPT,2025,24.8,"Di sản học, chuyên ngành Di sản và phát triển du lịch"
172345,VHS,di-san-va-phat-trien-du-lich,C14,Điểm thi THPT,2025,24.8,"Di sản học, chuyên ngành Di sản và phát triển du lịch"
172346,VHS,di-san-va-phat-trien-du-lich,D01,Điểm thi THPT,2025,24.8,"Di sản học, chuyên ngành Di sản và phát triển du lịch"
172347,VHS,di-san-va-phat-trien-du-lich,D04,Điểm thi THPT,2025,24.8,"Di sản học, chuyên ngành Di sản và phát triển du lịch"
172348,VHS,di-san-va-phat-trien-du-lich,D14,Điểm thi THPT,2025,24.8,"Di sản học, chuyên ngành Di sản và phát triển du lịch"
172349,VHS,di-san-va-phat-trien-du-lich,D15,Điểm thi THPT,2025,24.8,"Di sản học, chuyên ngành Di sản và phát triển du lịch"
172350,VHS,du-lich,C00,Điểm học bạ,2021,23.75,Ngành du lịch
172351,VHS,du-lich,D01,Điểm học bạ,2021,23.75,Ngành du lịch
172352,VHS,du-lich,D10,Điểm học bạ,2021,23.75,Ngành du lịch
172353,VHS,du-lich,D15,Điểm học bạ,2021,23.75,Ngành du lịch
172354,VHS,du-lich,C00,Điểm thi THPT,2021,24.25,Ngành du lịch
172355,VHS,du-lich,D01,Điểm thi THPT,2021,24.25,Ngành du lịch
172356,VHS,du-lich,D10,Điểm thi THPT,2021,24.25,Ngành du lịch
172357,VHS,du-lich,D15,Điểm thi THPT,2021,24.25,Ngành du lịch
172358,VHS,du-lich,C00,Điểm học bạ,2022,25.5,Ngành Du lịch
172359,VHS,du-lich,D01,Điểm học bạ,2022,25.5,Ngành Du lịch
172360,VHS,du-lich,D10,Điểm học bạ,2022,25.5,Ngành Du lịch
172361,VHS,du-lich,D15,Điểm học bạ,2022,25.5,Ngành Du lịch
172362,VHS,du-lich,C00,Điểm thi THPT,2022,25.5,Ngành Du lịch
172363,VHS,du-lich,D01,Điểm thi THPT,2022,25.5,Ngành Du lịch
172364,VHS,du-lich,D10,Điểm thi THPT,2022,25.5,Ngành Du lịch
172365,VHS,du-lich,D15,Điểm thi THPT,2022,25.5,Ngành Du lịch
172366,VHS,du-lich,C00,Điểm học bạ,2023,24.0,Ngành Du lịch
172367,VHS,du-lich,D01,Điểm học bạ,2023,24.0,Ngành Du lịch
172368,VHS,du-lich,D10,Điểm học bạ,2023,24.0,Ngành Du lịch
172369,VHS,du-lich,D15,Điểm học bạ,2023,24.0,Ngành Du lịch
172370,VHS,du-lich,C00,Điểm thi THPT,2023,23.75,Ngành Du lịch
172371,VHS,du-lich,D01,Điểm thi THPT,2023,23.75,Ngành Du lịch
172372,VHS,du-lich,D10,Điểm thi THPT,2023,23.75,Ngành Du lịch
172373,VHS,du-lich,D15,Điểm thi THPT,2023,23.75,Ngành Du lịch
172374,VHS,du-lich,C00,Điểm học bạ,2024,26.5,Ngành Du lịch
172375,VHS,du-lich,D01,Điểm học bạ,2024,26.5,Ngành Du lịch
172376,VHS,du-lich,D10,Điểm học bạ,2024,26.5,Ngành Du lịch
172377,VHS,du-lich,D15,Điểm học bạ,2024,26.5,Ngành Du lịch
172378,VHS,du-lich,C00,Điểm thi THPT,2024,26.75,Ngành Du lịch
172379,VHS,du-lich,D01,Điểm thi THPT,2024,26.75,Ngành Du lịch
172380,VHS,du-lich,D10,Điểm thi THPT,2024,26.75,Ngành Du lịch
172381,VHS,du-lich,D15,Điểm thi THPT,2024,26.75,Ngành Du lịch
172382,VHS,du-lich,C00,Điểm học bạ,2025,27.0,Du lịch
172383,VHS,du-lich,C14,Điểm học bạ,2025,27.0,Du lịch
172384,VHS,du-lich,D01,Điểm học bạ,2025,27.0,Du lịch
172385,VHS,du-lich,D04,Điểm học bạ,2025,27.0,Du lịch
172386,VHS,du-lich,C00,Điểm thi THPT,2025,26.0,Du lịch
172387,VHS,du-lich,C14,Điểm thi THPT,2025,26.0,Du lịch
172388,VHS,du-lich,D01,Điểm thi THPT,2025,26.0,Du lịch
172389,VHS,du-lich,D04,Điểm thi THPT,2025,26.0,Du lịch
172390,VHS,huong-dan-du-lich,C00,Điểm học bạ,2025,26.85,"Quản trị dịch vụ du lịch và lữ hành, chuyên ngành Hướng dẫn du lịch"
172391,VHS,huong-dan-du-lich,C14,Điểm học bạ,2025,26.85,"Quản trị dịch vụ du lịch và lữ hành, chuyên ngành Hướng dẫn du lịch"
172392,VHS,huong-dan-du-lich,D01,Điểm học bạ,2025,26.85,"Quản trị dịch vụ du lịch và lữ hành, chuyên ngành Hướng dẫn du lịch"
172393,VHS,huong-dan-du-lich,D04,Điểm học bạ,2025,26.85,"Quản trị dịch vụ du lịch và lữ hành, chuyên ngành Hướng dẫn du lịch"
172394,VHS,huong-dan-du-lich,C00,Điểm thi THPT,2025,25.85,"Quản trị dịch vụ du lịch và lữ hành, chuyên ngành Hướng dẫn du lịch"
172395,VHS,huong-dan-du-lich,C14,Điểm thi THPT,2025,25.85,"Quản trị dịch vụ du lịch và lữ hành, chuyên ngành Hướng dẫn du lịch"
172396,VHS,huong-dan-du-lich,D01,Điểm thi THPT,2025,25.85,"Quản trị dịch vụ du lịch và lữ hành, chuyên ngành Hướng dẫn du lịch"
172397,VHS,huong-dan-du-lich,D04,Điểm thi THPT,2025,25.85,"Quản trị dịch vụ du lịch và lữ hành, chuyên ngành Hướng dẫn du lịch"
172398,VHS,kinh-doanh-xuat-ban-pham,C00,Điểm học bạ,2021,15.5,Ngành Kinh doanh xuất bản phẩm
172399,VHS,kinh-doanh-xuat-ban-pham,D01,Điểm học bạ,2021,15.5,Ngành Kinh doanh xuất bản phẩm
172400,VHS,kinh-doanh-xuat-ban-pham,D10,Điểm học bạ,2021,15.5,Ngành Kinh doanh xuất bản phẩm
172401,VHS,kinh-doanh-xuat-ban-pham,D15,Điểm học bạ,2021,15.5,Ngành Kinh doanh xuất bản phẩm
172402,VHS,kinh-doanh-xuat-ban-pham,C00,Điểm thi THPT,2021,15.0,Ngành Kinh doanh xuất bản phẩm
172403,VHS,kinh-doanh-xuat-ban-pham,D01,Điểm thi THPT,2021,15.0,Ngành Kinh doanh xuất bản phẩm
172404,VHS,kinh-doanh-xuat-ban-pham,D10,Điểm thi THPT,2021,15.0,Ngành Kinh doanh xuất bản phẩm
172405,VHS,kinh-doanh-xuat-ban-pham,D15,Điểm thi THPT,2021,15.0,Ngành Kinh doanh xuất bản phẩm
172406,VHS,kinh-doanh-xuat-ban-pham,C00,Điểm học bạ,2022,18.5,Ngành Kinh doanh xuất bản phẩm
172407,VHS,kinh-doanh-xuat-ban-pham,D01,Điểm học bạ,2022,18.5,Ngành Kinh doanh xuất bản phẩm
172408,VHS,kinh-doanh-xuat-ban-pham,D09,Điểm học bạ,2022,18.5,Ngành Kinh doanh xuất bản phẩm
172409,VHS,kinh-doanh-xuat-ban-pham,D15,Điểm học bạ,2022,18.5,Ngành Kinh doanh xuất bản phẩm
172410,VHS,kinh-doanh-xuat-ban-pham,C00,Điểm thi THPT,2022,15.0,Ngành Kinh doanh xuất bản phẩm
172411,VHS,kinh-doanh-xuat-ban-pham,D01,Điểm thi THPT,2022,15.0,Ngành Kinh doanh xuất bản phẩm
172412,VHS,kinh-doanh-xuat-ban-pham,D09,Điểm thi THPT,2022,15.0,Ngành Kinh doanh xuất bản phẩm
172413,VHS,kinh-doanh-xuat-ban-pham,D15,Điểm thi THPT,2022,15.0,Ngành Kinh doanh xuất bản phẩm
172414,VHS,kinh-doanh-xuat-ban-pham,C00,Điểm học bạ,2023,21.5,Ngành Kinh doanh xuất bản phẩm
172415,VHS,kinh-doanh-xuat-ban-pham,D01,Điểm học bạ,2023,21.5,Ngành Kinh doanh xuất bản phẩm
172416,VHS,kinh-doanh-xuat-ban-pham,D10,Điểm học bạ,2023,21.5,Ngành Kinh doanh xuất bản phẩm
172417,VHS,kinh-doanh-xuat-ban-pham,D15,Điểm học bạ,2023,21.5,Ngành Kinh doanh xuất bản phẩm
172418,VHS,kinh-doanh-xuat-ban-pham,C00,Điểm thi THPT,2023,21.0,Ngành Kinh doanh xuất bản phẩm
172419,VHS,kinh-doanh-xuat-ban-pham,D01,Điểm thi THPT,2023,21.0,Ngành Kinh doanh xuất bản phẩm
172420,VHS,kinh-doanh-xuat-ban-pham,D10,Điểm thi THPT,2023,21.0,Ngành Kinh doanh xuất bản phẩm
172421,VHS,kinh-doanh-xuat-ban-pham,D15,Điểm thi THPT,2023,21.0,Ngành Kinh doanh xuất bản phẩm
172422,VHS,kinh-doanh-xuat-ban-pham,C00,Điểm học bạ,2024,26.0,Ngành Kinh doanh xuất bản phẩm
172423,VHS,kinh-doanh-xuat-ban-pham,D01,Điểm học bạ,2024,26.0,Ngành Kinh doanh xuất bản phẩm
172424,VHS,kinh-doanh-xuat-ban-pham,D10,Điểm học bạ,2024,26.0,Ngành Kinh doanh xuất bản phẩm
172425,VHS,kinh-doanh-xuat-ban-pham,D15,Điểm học bạ,2024,26.0,Ngành Kinh doanh xuất bản phẩm
172426,VHS,kinh-doanh-xuat-ban-pham,C00,Điểm thi THPT,2024,25.3,Ngành Kinh doanh xuất bản phẩm
172427,VHS,kinh-doanh-xuat-ban-pham,D01,Điểm thi THPT,2024,25.3,Ngành Kinh doanh xuất bản phẩm
172428,VHS,kinh-doanh-xuat-ban-pham,D10,Điểm thi THPT,2024,25.3,Ngành Kinh doanh xuất bản phẩm
172429,VHS,kinh-doanh-xuat-ban-pham,D15,Điểm thi THPT,2024,25.3,Ngành Kinh doanh xuất bản phẩm
172430,VHS,kinh-doanh-xuat-ban-pham,C00,Điểm học bạ,2025,26.0,Kinh doanh xuất bản phẩm
172431,VHS,kinh-doanh-xuat-ban-pham,C03,Điểm học bạ,2025,26.0,Kinh doanh xuất bản phẩm
172432,VHS,kinh-doanh-xuat-ban-pham,C14,Điểm học bạ,2025,26.0,Kinh doanh xuất bản phẩm
172433,VHS,kinh-doanh-xuat-ban-pham,D01,Điểm học bạ,2025,26.0,Kinh doanh xuất bản phẩm
172434,VHS,kinh-doanh-xuat-ban-pham,D10,Điểm học bạ,2025,26.0,Kinh doanh xuất bản phẩm
172435,VHS,kinh-doanh-xuat-ban-pham,D14,Điểm học bạ,2025,26.0,Kinh doanh xuất bản phẩm
172436,VHS,kinh-doanh-xuat-ban-pham,D15,Điểm học bạ,2025,26.0,Kinh doanh xuất bản phẩm
172437,VHS,kinh-doanh-xuat-ban-pham,C00,Điểm thi THPT,2025,24.95,Kinh doanh xuất bản phẩm
172438,VHS,kinh-doanh-xuat-ban-pham,C03,Điểm thi THPT,2025,24.95,Kinh doanh xuất bản phẩm
172439,VHS,kinh-doanh-xuat-ban-pham,C14,Điểm thi THPT,2025,24.95,Kinh doanh xuất bản phẩm
172440,VHS,kinh-doanh-xuat-ban-pham,D01,Điểm thi THPT,2025,24.95,Kinh doanh xuất bản phẩm
172441,VHS,kinh-doanh-xuat-ban-pham,D10,Điểm thi THPT,2025,24.95,Kinh doanh xuất bản phẩm
172442,VHS,kinh-doanh-xuat-ban-pham,D14,Điểm thi THPT,2025,24.95,Kinh doanh xuất bản phẩm
172443,VHS,kinh-doanh-xuat-ban-pham,D15,Điểm thi THPT,2025,24.95,Kinh doanh xuất bản phẩm
172444,VHS,quan-ly-hoat-dong-van-hoa-xa-hoi,C00,Điểm học bạ,2025,26.95,"Quản lý văn hóa, chuyên ngành Quản lý hoạt động văn hóa xã hội"
172445,VHS,quan-ly-hoat-dong-van-hoa-xa-hoi,C14,Điểm học bạ,2025,26.95,"Quản lý văn hóa, chuyên ngành Quản lý hoạt động văn hóa xã hội"
172446,VHS,quan-ly-hoat-dong-van-hoa-xa-hoi,D01,Điểm học bạ,2025,26.95,"Quản lý văn hóa, chuyên ngành Quản lý hoạt động văn hóa xã hội"
172447,VHS,quan-ly-hoat-dong-van-hoa-xa-hoi,D14,Điểm học bạ,2025,26.95,"Quản lý văn hóa, chuyên ngành Quản lý hoạt động văn hóa xã hội"
172448,VHS,quan-ly-hoat-dong-van-hoa-xa-hoi,D15,Điểm học bạ,2025,26.95,"Quản lý văn hóa, chuyên ngành Quản lý hoạt động văn hóa xã hội"
172449,VHS,quan-ly-hoat-dong-van-hoa-xa-hoi,C00,Điểm thi THPT,2025,25.95,"Quản lý văn hóa, chuyên ngành Quản lý hoạt động văn hóa xã hội"
172450,VHS,quan-ly-hoat-dong-van-hoa-xa-hoi,C14,Điểm thi THPT,2025,25.95,"Quản lý văn hóa, chuyên ngành Quản lý hoạt động văn hóa xã hội"
172451,VHS,quan-ly-hoat-dong-van-hoa-xa-hoi,D01,Điểm thi THPT,2025,25.95,"Quản lý văn hóa, chuyên ngành Quản lý hoạt động văn hóa xã hội"
172452,VHS,quan-ly-hoat-dong-van-hoa-xa-hoi,D14,Điểm thi THPT,2025,25.95,"Quản lý văn hóa, chuyên ngành Quản lý hoạt động văn hóa xã hội"
172453,VHS,quan-ly-hoat-dong-van-hoa-xa-hoi,D15,Điểm thi THPT,2025,25.95,"Quản lý văn hóa, chuyên ngành Quản lý hoạt động văn hóa xã hội"
172454,VHS,quan-ly-van-hoa,R01,Điểm học bạ,2025,25.1,Quản lý văn hóa
172455,VHS,quan-ly-van-hoa,R02,Điểm học bạ,2025,25.1,Quản lý văn hóa
172456,VHS,quan-ly-van-hoa,R03,Điểm học bạ,2025,25.1,Quản lý văn hóa
172457,VHS,quan-ly-van-hoa,R04,Điểm học bạ,2025,25.1,Quản lý văn hóa
172458,VHS,quan-ly-van-hoa,R01,Điểm thi THPT,2025,24.1,Quản lý văn hóa
172459,VHS,quan-ly-van-hoa,R02,Điểm thi THPT,2025,24.1,Quản lý văn hóa
172460,VHS,quan-ly-van-hoa,R03,Điểm thi THPT,2025,24.1,Quản lý văn hóa
172461,VHS,quan-ly-van-hoa,R04,Điểm thi THPT,2025,24.1,Quản lý văn hóa
172462,VHS,quan-ly-van-hoa-chuyen-nganh-quan-ly-di-san-van-hoa-va-phat-trien-du-lich,C00,Điểm học bạ,2021,16.0,"Ngành Quản lý văn hóa, chuyên ngành Quản lý di sản văn hóa và phát triển du lịch"
172463,VHS,quan-ly-van-hoa-chuyen-nganh-quan-ly-di-san-van-hoa-va-phat-trien-du-lich,D01,Điểm học bạ,2021,16.0,"Ngành Quản lý văn hóa, chuyên ngành Quản lý di sản văn hóa và phát triển du lịch"
172464,VHS,quan-ly-van-hoa-chuyen-nganh-quan-ly-di-san-van-hoa-va-phat-trien-du-lich,D09,Điểm học bạ,2021,16.0,"Ngành Quản lý văn hóa, chuyên ngành Quản lý di sản văn hóa và phát triển du lịch"
172465,VHS,quan-ly-van-hoa-chuyen-nganh-quan-ly-di-san-van-hoa-va-phat-trien-du-lich,D15,Điểm học bạ,2021,16.0,"Ngành Quản lý văn hóa, chuyên ngành Quản lý di sản văn hóa và phát triển du lịch"
172466,VHS,quan-ly-van-hoa-chuyen-nganh-quan-ly-di-san-van-hoa-va-phat-trien-du-lich,C00,Điểm thi THPT,2021,16.0,"Ngành Quản lý văn hóa, chuyên ngành Quản lý di sản văn hóa và phát triển du lịch"
172467,VHS,quan-ly-van-hoa-chuyen-nganh-quan-ly-di-san-van-hoa-va-phat-trien-du-lich,D01,Điểm thi THPT,2021,16.0,"Ngành Quản lý văn hóa, chuyên ngành Quản lý di sản văn hóa và phát triển du lịch"
172468,VHS,quan-ly-van-hoa-chuyen-nganh-quan-ly-di-san-van-hoa-va-phat-trien-du-lich,D09,Điểm thi THPT,2021,16.0,"Ngành Quản lý văn hóa, chuyên ngành Quản lý di sản văn hóa và phát triển du lịch"
172469,VHS,quan-ly-van-hoa-chuyen-nganh-quan-ly-di-san-van-hoa-va-phat-trien-du-lich,D15,Điểm thi THPT,2021,16.0,"Ngành Quản lý văn hóa, chuyên ngành Quản lý di sản văn hóa và phát triển du lịch"
172470,VHS,quan-ly-van-hoa-chuyen-nganh-quan-ly-di-san-van-hoa-va-phat-trien-du-lich,C00,Điểm học bạ,2022,21.0,"Ngành Quản lý văn hóa, chuyên ngành Quản lý di sản văn hóa và phát triển du lịch"
172471,VHS,quan-ly-van-hoa-chuyen-nganh-quan-ly-di-san-van-hoa-va-phat-trien-du-lich,D01,Điểm học bạ,2022,21.0,"Ngành Quản lý văn hóa, chuyên ngành Quản lý di sản văn hóa và phát triển du lịch"
172472,VHS,quan-ly-van-hoa-chuyen-nganh-quan-ly-di-san-van-hoa-va-phat-trien-du-lich,D09,Điểm học bạ,2022,21.0,"Ngành Quản lý văn hóa, chuyên ngành Quản lý di sản văn hóa và phát triển du lịch"
172473,VHS,quan-ly-van-hoa-chuyen-nganh-quan-ly-di-san-van-hoa-va-phat-trien-du-lich,D15,Điểm học bạ,2022,21.0,"Ngành Quản lý văn hóa, chuyên ngành Quản lý di sản văn hóa và phát triển du lịch"
172474,VHS,quan-ly-van-hoa-chuyen-nganh-quan-ly-di-san-van-hoa-va-phat-trien-du-lich,C00,Điểm thi THPT,2022,21.25,"Ngành Quản lý văn hóa, chuyên ngành Quản lý di sản văn hóa và phát triển du lịch"
172475,VHS,quan-ly-van-hoa-chuyen-nganh-quan-ly-di-san-van-hoa-va-phat-trien-du-lich,D01,Điểm thi THPT,2022,21.25,"Ngành Quản lý văn hóa, chuyên ngành Quản lý di sản văn hóa và phát triển du lịch"
172476,VHS,quan-ly-van-hoa-chuyen-nganh-quan-ly-di-san-van-hoa-va-phat-trien-du-lich,D09,Điểm thi THPT,2022,21.25,"Ngành Quản lý văn hóa, chuyên ngành Quản lý di sản văn hóa và phát triển du lịch"
172477,VHS,quan-ly-van-hoa-chuyen-nganh-quan-ly-di-san-van-hoa-va-phat-trien-du-lich,D15,Điểm thi THPT,2022,21.25,"Ngành Quản lý văn hóa, chuyên ngành Quản lý di sản văn hóa và phát triển du lịch"
172478,VHS,quan-ly-van-hoa-chuyen-nganh-quan-ly-di-san-van-hoa-va-phat-trien-du-lich,C00,Điểm học bạ,2023,16.25,"Ngành Quản lý văn hóa, chuyên ngành Quản lý di sản văn hóa và phát triển du lịch"
172479,VHS,quan-ly-van-hoa-chuyen-nganh-quan-ly-di-san-van-hoa-va-phat-trien-du-lich,D01,Điểm học bạ,2023,16.25,"Ngành Quản lý văn hóa, chuyên ngành Quản lý di sản văn hóa và phát triển du lịch"
172480,VHS,quan-ly-van-hoa-chuyen-nganh-quan-ly-di-san-van-hoa-va-phat-trien-du-lich,D09,Điểm học bạ,2023,16.25,"Ngành Quản lý văn hóa, chuyên ngành Quản lý di sản văn hóa và phát triển du lịch"
172481,VHS,quan-ly-van-hoa-chuyen-nganh-quan-ly-di-san-van-hoa-va-phat-trien-du-lich,D15,Điểm học bạ,2023,16.25,"Ngành Quản lý văn hóa, chuyên ngành Quản lý di sản văn hóa và phát triển du lịch"
172482,VHS,quan-ly-van-hoa-chuyen-nganh-quan-ly-di-san-van-hoa-va-phat-trien-du-lich,C00,Điểm thi THPT,2023,17.75,"Ngành Quản lý văn hóa, chuyên ngành Quản lý di sản văn hóa và phát triển du lịch"
172483,VHS,quan-ly-van-hoa-chuyen-nganh-quan-ly-di-san-van-hoa-va-phat-trien-du-lich,D01,Điểm thi THPT,2023,17.75,"Ngành Quản lý văn hóa, chuyên ngành Quản lý di sản văn hóa và phát triển du lịch"
172484,VHS,quan-ly-van-hoa-chuyen-nganh-quan-ly-di-san-van-hoa-va-phat-trien-du-lich,D09,Điểm thi THPT,2023,17.75,"Ngành Quản lý văn hóa, chuyên ngành Quản lý di sản văn hóa và phát triển du lịch"
172485,VHS,quan-ly-van-hoa-chuyen-nganh-quan-ly-di-san-van-hoa-va-phat-trien-du-lich,D15,Điểm thi THPT,2023,17.75,"Ngành Quản lý văn hóa, chuyên ngành Quản lý di sản văn hóa và phát triển du lịch"
172486,VHS,quan-ly-van-hoa-chuyen-nganh-quan-ly-di-san-van-hoa-va-phat-trien-du-lich,C00,Điểm học bạ,2024,25.75,"Ngành Quản lý văn hóa, chuyên ngành Quản lý di sản văn hóa và phát triển du lịch"
172487,VHS,quan-ly-van-hoa-chuyen-nganh-quan-ly-di-san-van-hoa-va-phat-trien-du-lich,D01,Điểm học bạ,2024,25.75,"Ngành Quản lý văn hóa, chuyên ngành Quản lý di sản văn hóa và phát triển du lịch"
172488,VHS,quan-ly-van-hoa-chuyen-nganh-quan-ly-di-san-van-hoa-va-phat-trien-du-lich,D09,Điểm học bạ,2024,25.75,"Ngành Quản lý văn hóa, chuyên ngành Quản lý di sản văn hóa và phát triển du lịch"
172489,VHS,quan-ly-van-hoa-chuyen-nganh-quan-ly-di-san-van-hoa-va-phat-trien-du-lich,D15,Điểm học bạ,2024,25.75,"Ngành Quản lý văn hóa, chuyên ngành Quản lý di sản văn hóa và phát triển du lịch"
172490,VHS,quan-ly-van-hoa-chuyen-nganh-quan-ly-di-san-van-hoa-va-phat-trien-du-lich,C00,Điểm thi THPT,2024,25.25,"Ngành Quản lý văn hóa, chuyên ngành Quản lý di sản văn hóa và phát triển du lịch"
172491,VHS,quan-ly-van-hoa-chuyen-nganh-quan-ly-di-san-van-hoa-va-phat-trien-du-lich,D01,Điểm thi THPT,2024,25.25,"Ngành Quản lý văn hóa, chuyên ngành Quản lý di sản văn hóa và phát triển du lịch"
172492,VHS,quan-ly-van-hoa-chuyen-nganh-quan-ly-di-san-van-hoa-va-phat-trien-du-lich,D09,Điểm thi THPT,2024,25.25,"Ngành Quản lý văn hóa, chuyên ngành Quản lý di sản văn hóa và phát triển du lịch"
172493,VHS,quan-ly-van-hoa-chuyen-nganh-quan-ly-di-san-van-hoa-va-phat-trien-du-lich,D15,Điểm thi THPT,2024,25.25,"Ngành Quản lý văn hóa, chuyên ngành Quản lý di sản văn hóa và phát triển du lịch"
172494,VHS,quan-ly-van-hoa-chuyen-nganh-quan-ly-hoat-dong-van-hoa-xa-hoi,C00,Điểm học bạ,2021,22.25,"Ngành Quản lý văn hóa, chuyên ngành Quản lý hoạt động văn hóa xã hội"
172495,VHS,quan-ly-van-hoa-chuyen-nganh-quan-ly-hoat-dong-van-hoa-xa-hoi,D01,Điểm học bạ,2021,22.25,"Ngành Quản lý văn hóa, chuyên ngành Quản lý hoạt động văn hóa xã hội"
172496,VHS,quan-ly-van-hoa-chuyen-nganh-quan-ly-hoat-dong-van-hoa-xa-hoi,D09,Điểm học bạ,2021,22.25,"Ngành Quản lý văn hóa, chuyên ngành Quản lý hoạt động văn hóa xã hội"
172497,VHS,quan-ly-van-hoa-chuyen-nganh-quan-ly-hoat-dong-van-hoa-xa-hoi,D15,Điểm học bạ,2021,22.25,"Ngành Quản lý văn hóa, chuyên ngành Quản lý hoạt động văn hóa xã hội"
172498,VHS,quan-ly-van-hoa-chuyen-nganh-quan-ly-hoat-dong-van-hoa-xa-hoi,C00,Điểm thi THPT,2021,21.0,"Ngành Quản lý văn hóa, chuyên ngành Quản lý hoạt động văn hóa xã hội"
172499,VHS,quan-ly-van-hoa-chuyen-nganh-quan-ly-hoat-dong-van-hoa-xa-hoi,D01,Điểm thi THPT,2021,21.0,"Ngành Quản lý văn hóa, chuyên ngành Quản lý hoạt động văn hóa xã hội"
172500,VHS,quan-ly-van-hoa-chuyen-nganh-quan-ly-hoat-dong-van-hoa-xa-hoi,D09,Điểm thi THPT,2021,21.0,"Ngành Quản lý văn hóa, chuyên ngành Quản lý hoạt động văn hóa xã hội"
172501,VHS,quan-ly-van-hoa-chuyen-nganh-quan-ly-hoat-dong-van-hoa-xa-hoi,D15,Điểm thi THPT,2021,21.0,"Ngành Quản lý văn hóa, chuyên ngành Quản lý hoạt động văn hóa xã hội"
172502,VHS,quan-ly-van-hoa-chuyen-nganh-quan-ly-hoat-dong-van-hoa-xa-hoi,C00,Điểm học bạ,2022,19.5,"Ngành Quản lý văn hóa, chuyên ngành Quản lý hoạt động văn hóa xã hội"
172503,VHS,quan-ly-van-hoa-chuyen-nganh-quan-ly-hoat-dong-van-hoa-xa-hoi,D01,Điểm học bạ,2022,19.5,"Ngành Quản lý văn hóa, chuyên ngành Quản lý hoạt động văn hóa xã hội"
172504,VHS,quan-ly-van-hoa-chuyen-nganh-quan-ly-hoat-dong-van-hoa-xa-hoi,D09,Điểm học bạ,2022,19.5,"Ngành Quản lý văn hóa, chuyên ngành Quản lý hoạt động văn hóa xã hội"
172505,VHS,quan-ly-van-hoa-chuyen-nganh-quan-ly-hoat-dong-van-hoa-xa-hoi,D15,Điểm học bạ,2022,19.5,"Ngành Quản lý văn hóa, chuyên ngành Quản lý hoạt động văn hóa xã hội"
172506,VHS,quan-ly-van-hoa-chuyen-nganh-quan-ly-hoat-dong-van-hoa-xa-hoi,C00,Điểm thi THPT,2022,19.5,"Ngành Quản lý văn hóa, chuyên ngành Quản lý hoạt động văn hóa xã hội"
172507,VHS,quan-ly-van-hoa-chuyen-nganh-quan-ly-hoat-dong-van-hoa-xa-hoi,D01,Điểm thi THPT,2022,19.5,"Ngành Quản lý văn hóa, chuyên ngành Quản lý hoạt động văn hóa xã hội"
172508,VHS,quan-ly-van-hoa-chuyen-nganh-quan-ly-hoat-dong-van-hoa-xa-hoi,D09,Điểm thi THPT,2022,19.5,"Ngành Quản lý văn hóa, chuyên ngành Quản lý hoạt động văn hóa xã hội"
172509,VHS,quan-ly-van-hoa-chuyen-nganh-quan-ly-hoat-dong-van-hoa-xa-hoi,D15,Điểm thi THPT,2022,19.5,"Ngành Quản lý văn hóa, chuyên ngành Quản lý hoạt động văn hóa xã hội"
172510,VHS,quan-ly-van-hoa-chuyen-nganh-quan-ly-hoat-dong-van-hoa-xa-hoi,C00,Điểm học bạ,2023,23.0,"Ngành Quản lý văn hóa, chuyên ngành Quản lý hoạt động văn hóa xã hội"
172511,VHS,quan-ly-van-hoa-chuyen-nganh-quan-ly-hoat-dong-van-hoa-xa-hoi,D01,Điểm học bạ,2023,23.0,"Ngành Quản lý văn hóa, chuyên ngành Quản lý hoạt động văn hóa xã hội"
172512,VHS,quan-ly-van-hoa-chuyen-nganh-quan-ly-hoat-dong-van-hoa-xa-hoi,D09,Điểm học bạ,2023,23.0,"Ngành Quản lý văn hóa, chuyên ngành Quản lý hoạt động văn hóa xã hội"
172513,VHS,quan-ly-van-hoa-chuyen-nganh-quan-ly-hoat-dong-van-hoa-xa-hoi,D15,Điểm học bạ,2023,23.0,"Ngành Quản lý văn hóa, chuyên ngành Quản lý hoạt động văn hóa xã hội"
172514,VHS,quan-ly-van-hoa-chuyen-nganh-quan-ly-hoat-dong-van-hoa-xa-hoi,C00,Điểm thi THPT,2023,22.0,"Ngành Quản lý văn hóa, chuyên ngành Quản lý hoạt động văn hóa xã hội"
172515,VHS,quan-ly-van-hoa-chuyen-nganh-quan-ly-hoat-dong-van-hoa-xa-hoi,D01,Điểm thi THPT,2023,22.0,"Ngành Quản lý văn hóa, chuyên ngành Quản lý hoạt động văn hóa xã hội"
172516,VHS,quan-ly-van-hoa-chuyen-nganh-quan-ly-hoat-dong-van-hoa-xa-hoi,D09,Điểm thi THPT,2023,22.0,"Ngành Quản lý văn hóa, chuyên ngành Quản lý hoạt động văn hóa xã hội"
172517,VHS,quan-ly-van-hoa-chuyen-nganh-quan-ly-hoat-dong-van-hoa-xa-hoi,D15,Điểm thi THPT,2023,22.0,"Ngành Quản lý văn hóa, chuyên ngành Quản lý hoạt động văn hóa xã hội"
172518,VHS,quan-ly-van-hoa-chuyen-nganh-quan-ly-hoat-dong-van-hoa-xa-hoi,C00,Điểm học bạ,2024,26.4,"Ngành Quản lý văn hóa, chuyên ngành Quản lý hoạt động văn hóa xã hội"
172519,VHS,quan-ly-van-hoa-chuyen-nganh-quan-ly-hoat-dong-van-hoa-xa-hoi,D01,Điểm học bạ,2024,26.4,"Ngành Quản lý văn hóa, chuyên ngành Quản lý hoạt động văn hóa xã hội"
172520,VHS,quan-ly-van-hoa-chuyen-nganh-quan-ly-hoat-dong-van-hoa-xa-hoi,D09,Điểm học bạ,2024,26.4,"Ngành Quản lý văn hóa, chuyên ngành Quản lý hoạt động văn hóa xã hội"
172521,VHS,quan-ly-van-hoa-chuyen-nganh-quan-ly-hoat-dong-van-hoa-xa-hoi,D15,Điểm học bạ,2024,26.4,"Ngành Quản lý văn hóa, chuyên ngành Quản lý hoạt động văn hóa xã hội"
172522,VHS,quan-ly-van-hoa-chuyen-nganh-quan-ly-hoat-dong-van-hoa-xa-hoi,C00,Điểm thi THPT,2024,25.85,"Ngành Quản lý văn hóa, chuyên ngành Quản lý hoạt động văn hóa xã hội"
172523,VHS,quan-ly-van-hoa-chuyen-nganh-quan-ly-hoat-dong-van-hoa-xa-hoi,D01,Điểm thi THPT,2024,25.85,"Ngành Quản lý văn hóa, chuyên ngành Quản lý hoạt động văn hóa xã hội"
172524,VHS,quan-ly-van-hoa-chuyen-nganh-quan-ly-hoat-dong-van-hoa-xa-hoi,D09,Điểm thi THPT,2024,25.85,"Ngành Quản lý văn hóa, chuyên ngành Quản lý hoạt động văn hóa xã hội"
172525,VHS,quan-ly-van-hoa-chuyen-nganh-quan-ly-hoat-dong-van-hoa-xa-hoi,D15,Điểm thi THPT,2024,25.85,"Ngành Quản lý văn hóa, chuyên ngành Quản lý hoạt động văn hóa xã hội"
172526,VHS,quan-ly-van-hoa-chuyen-nganh-to-chuc-dan-dung-chuong-trinh-van-hoa-nghe-thuat,R01,Điểm học bạ,2021,19.25,"Ngành Quản lý văn hóa, chuyên ngành Tổ chức, dàn dựng chương trình văn hóa nghệ thuật"
172527,VHS,quan-ly-van-hoa-chuyen-nganh-to-chuc-dan-dung-chuong-trinh-van-hoa-nghe-thuat,R02,Điểm học bạ,2021,19.25,"Ngành Quản lý văn hóa, chuyên ngành Tổ chức, dàn dựng chương trình văn hóa nghệ thuật"
172528,VHS,quan-ly-van-hoa-chuyen-nganh-to-chuc-dan-dung-chuong-trinh-van-hoa-nghe-thuat,R03,Điểm học bạ,2021,19.25,"Ngành Quản lý văn hóa, chuyên ngành Tổ chức, dàn dựng chương trình văn hóa nghệ thuật"
172529,VHS,quan-ly-van-hoa-chuyen-nganh-to-chuc-dan-dung-chuong-trinh-van-hoa-nghe-thuat,R04,Điểm học bạ,2021,19.25,"Ngành Quản lý văn hóa, chuyên ngành Tổ chức, dàn dựng chương trình văn hóa nghệ thuật"
172530,VHS,quan-ly-van-hoa-chuyen-nganh-to-chuc-dan-dung-chuong-trinh-van-hoa-nghe-thuat,R01,Điểm thi THPT,2021,18.0,"Ngành Quản lý văn hóa, chuyên ngành Tổ chức, dàn dựng chương trình văn hóa nghệ thuật"
172531,VHS,quan-ly-van-hoa-chuyen-nganh-to-chuc-dan-dung-chuong-trinh-van-hoa-nghe-thuat,R02,Điểm thi THPT,2021,18.0,"Ngành Quản lý văn hóa, chuyên ngành Tổ chức, dàn dựng chương trình văn hóa nghệ thuật"
172532,VHS,quan-ly-van-hoa-chuyen-nganh-to-chuc-dan-dung-chuong-trinh-van-hoa-nghe-thuat,R03,Điểm thi THPT,2021,18.0,"Ngành Quản lý văn hóa, chuyên ngành Tổ chức, dàn dựng chương trình văn hóa nghệ thuật"
172533,VHS,quan-ly-van-hoa-chuyen-nganh-to-chuc-dan-dung-chuong-trinh-van-hoa-nghe-thuat,R04,Điểm thi THPT,2021,18.0,"Ngành Quản lý văn hóa, chuyên ngành Tổ chức, dàn dựng chương trình văn hóa nghệ thuật"
172534,VHS,quan-ly-van-hoa-chuyen-nganh-to-chuc-dan-dung-chuong-trinh-van-hoa-nghe-thuat,R01,Điểm học bạ,2022,17.0,"Ngành Quản lý văn hóa, chuyên ngành Tổ chức, dàn dựng chương trình văn hóa nghệ thuật"
172535,VHS,quan-ly-van-hoa-chuyen-nganh-to-chuc-dan-dung-chuong-trinh-van-hoa-nghe-thuat,R02,Điểm học bạ,2022,17.0,"Ngành Quản lý văn hóa, chuyên ngành Tổ chức, dàn dựng chương trình văn hóa nghệ thuật"
172536,VHS,quan-ly-van-hoa-chuyen-nganh-to-chuc-dan-dung-chuong-trinh-van-hoa-nghe-thuat,R03,Điểm học bạ,2022,17.0,"Ngành Quản lý văn hóa, chuyên ngành Tổ chức, dàn dựng chương trình văn hóa nghệ thuật"
172537,VHS,quan-ly-van-hoa-chuyen-nganh-to-chuc-dan-dung-chuong-trinh-van-hoa-nghe-thuat,R04,Điểm học bạ,2022,17.0,"Ngành Quản lý văn hóa, chuyên ngành Tổ chức, dàn dựng chương trình văn hóa nghệ thuật"
172538,VHS,quan-ly-van-hoa-chuyen-nganh-to-chuc-dan-dung-chuong-trinh-van-hoa-nghe-thuat,R01,Điểm thi THPT,2022,17.0,"Ngành Quản lý văn hóa, chuyên ngành Tổ chức, dàn dựng chương trình văn hóa nghệ thuật"
172539,VHS,quan-ly-van-hoa-chuyen-nganh-to-chuc-dan-dung-chuong-trinh-van-hoa-nghe-thuat,R02,Điểm thi THPT,2022,17.0,"Ngành Quản lý văn hóa, chuyên ngành Tổ chức, dàn dựng chương trình văn hóa nghệ thuật"
172540,VHS,quan-ly-van-hoa-chuyen-nganh-to-chuc-dan-dung-chuong-trinh-van-hoa-nghe-thuat,R03,Điểm thi THPT,2022,17.0,"Ngành Quản lý văn hóa, chuyên ngành Tổ chức, dàn dựng chương trình văn hóa nghệ thuật"
172541,VHS,quan-ly-van-hoa-chuyen-nganh-to-chuc-dan-dung-chuong-trinh-van-hoa-nghe-thuat,R04,Điểm thi THPT,2022,17.0,"Ngành Quản lý văn hóa, chuyên ngành Tổ chức, dàn dựng chương trình văn hóa nghệ thuật"
172542,VHS,quan-ly-van-hoa-chuyen-nganh-to-chuc-dan-dung-chuong-trinh-van-hoa-nghe-thuat,C00,Điểm học bạ,2023,17.0,"Ngành Quàn lý văn hóa, chuyên ngành Tổ chức, dàn dựng chương trình văn hóa nghệ thuật"
172543,VHS,quan-ly-van-hoa-chuyen-nganh-to-chuc-dan-dung-chuong-trinh-van-hoa-nghe-thuat,D01,Điểm học bạ,2023,17.0,"Ngành Quàn lý văn hóa, chuyên ngành Tổ chức, dàn dựng chương trình văn hóa nghệ thuật"
172544,VHS,quan-ly-van-hoa-chuyen-nganh-to-chuc-dan-dung-chuong-trinh-van-hoa-nghe-thuat,D09,Điểm học bạ,2023,17.0,"Ngành Quàn lý văn hóa, chuyên ngành Tổ chức, dàn dựng chương trình văn hóa nghệ thuật"
172545,VHS,quan-ly-van-hoa-chuyen-nganh-to-chuc-dan-dung-chuong-trinh-van-hoa-nghe-thuat,D15,Điểm học bạ,2023,17.0,"Ngành Quàn lý văn hóa, chuyên ngành Tổ chức, dàn dựng chương trình văn hóa nghệ thuật"
172546,VHS,quan-ly-van-hoa-chuyen-nganh-to-chuc-dan-dung-chuong-trinh-van-hoa-nghe-thuat,C00,Điểm thi THPT,2023,17.0,"Ngành Quàn lý văn hóa, chuyên ngành Tổ chức, dàn dựng chương trình văn hóa nghệ thuật"
172547,VHS,quan-ly-van-hoa-chuyen-nganh-to-chuc-dan-dung-chuong-trinh-van-hoa-nghe-thuat,D01,Điểm thi THPT,2023,17.0,"Ngành Quàn lý văn hóa, chuyên ngành Tổ chức, dàn dựng chương trình văn hóa nghệ thuật"
172548,VHS,quan-ly-van-hoa-chuyen-nganh-to-chuc-dan-dung-chuong-trinh-van-hoa-nghe-thuat,D09,Điểm thi THPT,2023,17.0,"Ngành Quàn lý văn hóa, chuyên ngành Tổ chức, dàn dựng chương trình văn hóa nghệ thuật"
172549,VHS,quan-ly-van-hoa-chuyen-nganh-to-chuc-dan-dung-chuong-trinh-van-hoa-nghe-thuat,D15,Điểm thi THPT,2023,17.0,"Ngành Quàn lý văn hóa, chuyên ngành Tổ chức, dàn dựng chương trình văn hóa nghệ thuật"
172550,VHS,quan-ly-van-hoa-chuyen-nganh-to-chuc-dan-dung-chuong-trinh-van-hoa-nghe-thuat,C00,Điểm học bạ,2024,22.03,"Ngành Quản lý văn hóa, chuyên ngành Tổ chức, dàn dựng chương trình văn hóa nghệ thuật"
172551,VHS,quan-ly-van-hoa-chuyen-nganh-to-chuc-dan-dung-chuong-trinh-van-hoa-nghe-thuat,D01,Điểm học bạ,2024,22.03,"Ngành Quản lý văn hóa, chuyên ngành Tổ chức, dàn dựng chương trình văn hóa nghệ thuật"
172552,VHS,quan-ly-van-hoa-chuyen-nganh-to-chuc-dan-dung-chuong-trinh-van-hoa-nghe-thuat,D09,Điểm học bạ,2024,22.03,"Ngành Quản lý văn hóa, chuyên ngành Tổ chức, dàn dựng chương trình văn hóa nghệ thuật"
172553,VHS,quan-ly-van-hoa-chuyen-nganh-to-chuc-dan-dung-chuong-trinh-van-hoa-nghe-thuat,D15,Điểm học bạ,2024,22.03,"Ngành Quản lý văn hóa, chuyên ngành Tổ chức, dàn dựng chương trình văn hóa nghệ thuật"
172554,VHS,quan-ly-van-hoa-chuyen-nganh-to-chuc-dan-dung-chuong-trinh-van-hoa-nghe-thuat,C00,Điểm thi THPT,2024,22.5,"Ngành Quản lý văn hóa, chuyên ngành Tổ chức, dàn dựng chương trình văn hóa nghệ thuật"
172555,VHS,quan-ly-van-hoa-chuyen-nganh-to-chuc-dan-dung-chuong-trinh-van-hoa-nghe-thuat,D01,Điểm thi THPT,2024,22.5,"Ngành Quản lý văn hóa, chuyên ngành Tổ chức, dàn dựng chương trình văn hóa nghệ thuật"
172556,VHS,quan-ly-van-hoa-chuyen-nganh-to-chuc-dan-dung-chuong-trinh-van-hoa-nghe-thuat,D09,Điểm thi THPT,2024,22.5,"Ngành Quản lý văn hóa, chuyên ngành Tổ chức, dàn dựng chương trình văn hóa nghệ thuật"
172557,VHS,quan-ly-van-hoa-chuyen-nganh-to-chuc-dan-dung-chuong-trinh-van-hoa-nghe-thuat,D15,Điểm thi THPT,2024,22.5,"Ngành Quản lý văn hóa, chuyên ngành Tổ chức, dàn dựng chương trình văn hóa nghệ thuật"
172558,VHS,quan-ly-van-hoa-chuyen-nganh-to-chuc-su-kien-van-hoa-the-thao-du-lich,C00,Điểm học bạ,2021,23.25,"Ngành Quản lý văn hóa, chuyên ngành Tổ chức sự kiện văn hóa, thể thao, du lịch"
172559,VHS,quan-ly-van-hoa-chuyen-nganh-to-chuc-su-kien-van-hoa-the-thao-du-lich,D01,Điểm học bạ,2021,23.25,"Ngành Quản lý văn hóa, chuyên ngành Tổ chức sự kiện văn hóa, thể thao, du lịch"
172560,VHS,quan-ly-van-hoa-chuyen-nganh-to-chuc-su-kien-van-hoa-the-thao-du-lich,D09,Điểm học bạ,2021,23.25,"Ngành Quản lý văn hóa, chuyên ngành Tổ chức sự kiện văn hóa, thể thao, du lịch"
172561,VHS,quan-ly-van-hoa-chuyen-nganh-to-chuc-su-kien-van-hoa-the-thao-du-lich,D15,Điểm học bạ,2021,23.25,"Ngành Quản lý văn hóa, chuyên ngành Tổ chức sự kiện văn hóa, thể thao, du lịch"
172562,VHS,quan-ly-van-hoa-chuyen-nganh-to-chuc-su-kien-van-hoa-the-thao-du-lich,C00,Điểm thi THPT,2021,22.5,"Ngành Quản lý văn hóa, chuyên ngành Tổ chức sự kiện văn hóa, thể thao, du lịch"
172563,VHS,quan-ly-van-hoa-chuyen-nganh-to-chuc-su-kien-van-hoa-the-thao-du-lich,D01,Điểm thi THPT,2021,22.5,"Ngành Quản lý văn hóa, chuyên ngành Tổ chức sự kiện văn hóa, thể thao, du lịch"
172564,VHS,quan-ly-van-hoa-chuyen-nganh-to-chuc-su-kien-van-hoa-the-thao-du-lich,D09,Điểm thi THPT,2021,22.5,"Ngành Quản lý văn hóa, chuyên ngành Tổ chức sự kiện văn hóa, thể thao, du lịch"
172565,VHS,quan-ly-van-hoa-chuyen-nganh-to-chuc-su-kien-van-hoa-the-thao-du-lich,D15,Điểm thi THPT,2021,22.5,"Ngành Quản lý văn hóa, chuyên ngành Tổ chức sự kiện văn hóa, thể thao, du lịch"
172566,VHS,quan-ly-van-hoa-chuyen-nganh-to-chuc-su-kien-van-hoa-the-thao-du-lich,C00,Điểm học bạ,2022,25.0,"Ngành Quản lý văn hóa, chuyên ngành Tổ chức sự kiện văn hóa, thể thao, du lịch"
172567,VHS,quan-ly-van-hoa-chuyen-nganh-to-chuc-su-kien-van-hoa-the-thao-du-lich,D01,Điểm học bạ,2022,25.0,"Ngành Quản lý văn hóa, chuyên ngành Tổ chức sự kiện văn hóa, thể thao, du lịch"
172568,VHS,quan-ly-van-hoa-chuyen-nganh-to-chuc-su-kien-van-hoa-the-thao-du-lich,D09,Điểm học bạ,2022,25.0,"Ngành Quản lý văn hóa, chuyên ngành Tổ chức sự kiện văn hóa, thể thao, du lịch"
172569,VHS,quan-ly-van-hoa-chuyen-nganh-to-chuc-su-kien-van-hoa-the-thao-du-lich,D15,Điểm học bạ,2022,25.0,"Ngành Quản lý văn hóa, chuyên ngành Tổ chức sự kiện văn hóa, thể thao, du lịch"
172570,VHS,quan-ly-van-hoa-chuyen-nganh-to-chuc-su-kien-van-hoa-the-thao-du-lich,C00,Điểm thi THPT,2022,25.0,"Ngành Quản lý văn hóa, chuyên ngành Tổ chức sự kiện văn hóa, thể thao, du lịch"
172571,VHS,quan-ly-van-hoa-chuyen-nganh-to-chuc-su-kien-van-hoa-the-thao-du-lich,D01,Điểm thi THPT,2022,25.0,"Ngành Quản lý văn hóa, chuyên ngành Tổ chức sự kiện văn hóa, thể thao, du lịch"
172572,VHS,quan-ly-van-hoa-chuyen-nganh-to-chuc-su-kien-van-hoa-the-thao-du-lich,D09,Điểm thi THPT,2022,25.0,"Ngành Quản lý văn hóa, chuyên ngành Tổ chức sự kiện văn hóa, thể thao, du lịch"
172573,VHS,quan-ly-van-hoa-chuyen-nganh-to-chuc-su-kien-van-hoa-the-thao-du-lich,D15,Điểm thi THPT,2022,25.0,"Ngành Quản lý văn hóa, chuyên ngành Tổ chức sự kiện văn hóa, thể thao, du lịch"
172574,VHS,quan-ly-van-hoa-chuyen-nganh-to-chuc-su-kien-van-hoa-the-thao-du-lich,C00,Điểm học bạ,2023,24.5,"Ngành Quàn lý văn hóa, chuyên ngành Tổ chức sự kiện văn hóa, thể thao, du lịch"
172575,VHS,quan-ly-van-hoa-chuyen-nganh-to-chuc-su-kien-van-hoa-the-thao-du-lich,D01,Điểm học bạ,2023,24.5,"Ngành Quàn lý văn hóa, chuyên ngành Tổ chức sự kiện văn hóa, thể thao, du lịch"
172576,VHS,quan-ly-van-hoa-chuyen-nganh-to-chuc-su-kien-van-hoa-the-thao-du-lich,D09,Điểm học bạ,2023,24.5,"Ngành Quàn lý văn hóa, chuyên ngành Tổ chức sự kiện văn hóa, thể thao, du lịch"
172577,VHS,quan-ly-van-hoa-chuyen-nganh-to-chuc-su-kien-van-hoa-the-thao-du-lich,D15,Điểm học bạ,2023,24.5,"Ngành Quàn lý văn hóa, chuyên ngành Tổ chức sự kiện văn hóa, thể thao, du lịch"
172578,VHS,quan-ly-van-hoa-chuyen-nganh-to-chuc-su-kien-van-hoa-the-thao-du-lich,C00,Điểm thi THPT,2023,24.0,"Ngành Quàn lý văn hóa, chuyên ngành Tổ chức sự kiện văn hóa, thể thao, du lịch"
172579,VHS,quan-ly-van-hoa-chuyen-nganh-to-chuc-su-kien-van-hoa-the-thao-du-lich,D01,Điểm thi THPT,2023,24.0,"Ngành Quàn lý văn hóa, chuyên ngành Tổ chức sự kiện văn hóa, thể thao, du lịch"
172580,VHS,quan-ly-van-hoa-chuyen-nganh-to-chuc-su-kien-van-hoa-the-thao-du-lich,D09,Điểm thi THPT,2023,24.0,"Ngành Quàn lý văn hóa, chuyên ngành Tổ chức sự kiện văn hóa, thể thao, du lịch"
172581,VHS,quan-ly-van-hoa-chuyen-nganh-to-chuc-su-kien-van-hoa-the-thao-du-lich,D15,Điểm thi THPT,2023,24.0,"Ngành Quàn lý văn hóa, chuyên ngành Tổ chức sự kiện văn hóa, thể thao, du lịch"
172582,VHS,quan-ly-van-hoa-chuyen-nganh-to-chuc-su-kien-van-hoa-the-thao-du-lich,C00,Điểm học bạ,2024,27.0,"Ngành Quản lý văn hóa, chuyên ngành Tổ chức sự kiện văn hóa, thể thao, du lịch"
172583,VHS,quan-ly-van-hoa-chuyen-nganh-to-chuc-su-kien-van-hoa-the-thao-du-lich,D01,Điểm học bạ,2024,27.0,"Ngành Quản lý văn hóa, chuyên ngành Tổ chức sự kiện văn hóa, thể thao, du lịch"
172584,VHS,quan-ly-van-hoa-chuyen-nganh-to-chuc-su-kien-van-hoa-the-thao-du-lich,D09,Điểm học bạ,2024,27.0,"Ngành Quản lý văn hóa, chuyên ngành Tổ chức sự kiện văn hóa, thể thao, du lịch"
172585,VHS,quan-ly-van-hoa-chuyen-nganh-to-chuc-su-kien-van-hoa-the-thao-du-lich,D15,Điểm học bạ,2024,27.0,"Ngành Quản lý văn hóa, chuyên ngành Tổ chức sự kiện văn hóa, thể thao, du lịch"
172586,VHS,quan-ly-van-hoa-chuyen-nganh-to-chuc-su-kien-van-hoa-the-thao-du-lich,C00,Điểm thi THPT,2024,27.25,"Ngành Quản lý văn hóa, chuyên ngành Tổ chức sự kiện văn hóa, thể thao, du lịch"
172587,VHS,quan-ly-van-hoa-chuyen-nganh-to-chuc-su-kien-van-hoa-the-thao-du-lich,D01,Điểm thi THPT,2024,27.25,"Ngành Quản lý văn hóa, chuyên ngành Tổ chức sự kiện văn hóa, thể thao, du lịch"
172588,VHS,quan-ly-van-hoa-chuyen-nganh-to-chuc-su-kien-van-hoa-the-thao-du-lich,D09,Điểm thi THPT,2024,27.25,"Ngành Quản lý văn hóa, chuyên ngành Tổ chức sự kiện văn hóa, thể thao, du lịch"
172589,VHS,quan-ly-van-hoa-chuyen-nganh-to-chuc-su-kien-van-hoa-the-thao-du-lich,D15,Điểm thi THPT,2024,27.25,"Ngành Quản lý văn hóa, chuyên ngành Tổ chức sự kiện văn hóa, thể thao, du lịch"
172590,VHS,quan-tri-dich-vu-du-lich-va-lu-hanh-chuyen-nganh-huong-dan-du-lich,C00,Điểm học bạ,2021,23.75,"Ngành Quản trị dịch vụ du lịch và lữ hành, chuyên ngành Hướng dẫn du lịch"
172591,VHS,quan-tri-dich-vu-du-lich-va-lu-hanh-chuyen-nganh-huong-dan-du-lich,D01,Điểm học bạ,2021,23.75,"Ngành Quản trị dịch vụ du lịch và lữ hành, chuyên ngành Hướng dẫn du lịch"
172592,VHS,quan-tri-dich-vu-du-lich-va-lu-hanh-chuyen-nganh-huong-dan-du-lich,D10,Điểm học bạ,2021,23.75,"Ngành Quản trị dịch vụ du lịch và lữ hành, chuyên ngành Hướng dẫn du lịch"
172593,VHS,quan-tri-dich-vu-du-lich-va-lu-hanh-chuyen-nganh-huong-dan-du-lich,D15,Điểm học bạ,2021,23.75,"Ngành Quản trị dịch vụ du lịch và lữ hành, chuyên ngành Hướng dẫn du lịch"
172594,VHS,quan-tri-dich-vu-du-lich-va-lu-hanh-chuyen-nganh-huong-dan-du-lich,C00,Điểm thi THPT,2021,24.0,"Ngành Quản trị dịch vụ du lịch và lữ hành, chuyên ngành Hướng dẫn du lịch"
172595,VHS,quan-tri-dich-vu-du-lich-va-lu-hanh-chuyen-nganh-huong-dan-du-lich,D01,Điểm thi THPT,2021,24.0,"Ngành Quản trị dịch vụ du lịch và lữ hành, chuyên ngành Hướng dẫn du lịch"
172596,VHS,quan-tri-dich-vu-du-lich-va-lu-hanh-chuyen-nganh-huong-dan-du-lich,D10,Điểm thi THPT,2021,24.0,"Ngành Quản trị dịch vụ du lịch và lữ hành, chuyên ngành Hướng dẫn du lịch"
172597,VHS,quan-tri-dich-vu-du-lich-va-lu-hanh-chuyen-nganh-huong-dan-du-lich,D15,Điểm thi THPT,2021,24.0,"Ngành Quản trị dịch vụ du lịch và lữ hành, chuyên ngành Hướng dẫn du lịch"
172598,VHS,quan-tri-dich-vu-du-lich-va-lu-hanh-chuyen-nganh-huong-dan-du-lich,C00,Điểm học bạ,2022,25.5,"Ngành Quản trị dịch vụ du lịch và lữ hành, chuyên ngành Hướng dẫn du lịch"
172599,VHS,quan-tri-dich-vu-du-lich-va-lu-hanh-chuyen-nganh-huong-dan-du-lich,D01,Điểm học bạ,2022,25.5,"Ngành Quản trị dịch vụ du lịch và lữ hành, chuyên ngành Hướng dẫn du lịch"
172600,VHS,quan-tri-dich-vu-du-lich-va-lu-hanh-chuyen-nganh-huong-dan-du-lich,D10,Điểm học bạ,2022,25.5,"Ngành Quản trị dịch vụ du lịch và lữ hành, chuyên ngành Hướng dẫn du lịch"
172601,VHS,quan-tri-dich-vu-du-lich-va-lu-hanh-chuyen-nganh-huong-dan-du-lich,D15,Điểm học bạ,2022,25.5,"Ngành Quản trị dịch vụ du lịch và lữ hành, chuyên ngành Hướng dẫn du lịch"
172602,VHS,quan-tri-dich-vu-du-lich-va-lu-hanh-chuyen-nganh-huong-dan-du-lich,C00,Điểm thi THPT,2022,26.0,"Ngành Quản trị dịch vụ du lịch và lữ hành, chuyên ngành Hướng dẫn du lịch"
172603,VHS,quan-tri-dich-vu-du-lich-va-lu-hanh-chuyen-nganh-huong-dan-du-lich,D01,Điểm thi THPT,2022,26.0,"Ngành Quản trị dịch vụ du lịch và lữ hành, chuyên ngành Hướng dẫn du lịch"
172604,VHS,quan-tri-dich-vu-du-lich-va-lu-hanh-chuyen-nganh-huong-dan-du-lich,D10,Điểm thi THPT,2022,26.0,"Ngành Quản trị dịch vụ du lịch và lữ hành, chuyên ngành Hướng dẫn du lịch"
172605,VHS,quan-tri-dich-vu-du-lich-va-lu-hanh-chuyen-nganh-huong-dan-du-lich,D15,Điểm thi THPT,2022,26.0,"Ngành Quản trị dịch vụ du lịch và lữ hành, chuyên ngành Hướng dẫn du lịch"
172606,VHS,quan-tri-dich-vu-du-lich-va-lu-hanh-chuyen-nganh-huong-dan-du-lich,C00,Điểm học bạ,2023,24.0,"Ngành Quản trị dịch vụ du lịch và lữ hành, chuyên ngành Hướng dẫn du lịch"
172607,VHS,quan-tri-dich-vu-du-lich-va-lu-hanh-chuyen-nganh-huong-dan-du-lich,D01,Điểm học bạ,2023,24.0,"Ngành Quản trị dịch vụ du lịch và lữ hành, chuyên ngành Hướng dẫn du lịch"
172608,VHS,quan-tri-dich-vu-du-lich-va-lu-hanh-chuyen-nganh-huong-dan-du-lich,D10,Điểm học bạ,2023,24.0,"Ngành Quản trị dịch vụ du lịch và lữ hành, chuyên ngành Hướng dẫn du lịch"
172609,VHS,quan-tri-dich-vu-du-lich-va-lu-hanh-chuyen-nganh-huong-dan-du-lich,D15,Điểm học bạ,2023,24.0,"Ngành Quản trị dịch vụ du lịch và lữ hành, chuyên ngành Hướng dẫn du lịch"
172610,VHS,quan-tri-dich-vu-du-lich-va-lu-hanh-chuyen-nganh-huong-dan-du-lich,C00,Điểm thi THPT,2023,23.5,"Ngành Quản trị dịch vụ du lịch và lữ hành, chuyên ngành Hướng dẫn du lịch"
172611,VHS,quan-tri-dich-vu-du-lich-va-lu-hanh-chuyen-nganh-huong-dan-du-lich,D01,Điểm thi THPT,2023,23.5,"Ngành Quản trị dịch vụ du lịch và lữ hành, chuyên ngành Hướng dẫn du lịch"
172612,VHS,quan-tri-dich-vu-du-lich-va-lu-hanh-chuyen-nganh-huong-dan-du-lich,D10,Điểm thi THPT,2023,23.5,"Ngành Quản trị dịch vụ du lịch và lữ hành, chuyên ngành Hướng dẫn du lịch"
172613,VHS,quan-tri-dich-vu-du-lich-va-lu-hanh-chuyen-nganh-huong-dan-du-lich,D15,Điểm thi THPT,2023,23.5,"Ngành Quản trị dịch vụ du lịch và lữ hành, chuyên ngành Hướng dẫn du lịch"
172614,VHS,quan-tri-dich-vu-du-lich-va-lu-hanh-chuyen-nganh-huong-dan-du-lich,C00,Điểm học bạ,2024,26.2,"Ngành Quản trị dịch vụ du lịch và lữ hành, chuyên ngành Hướng dẫn du lịch"
172615,VHS,quan-tri-dich-vu-du-lich-va-lu-hanh-chuyen-nganh-huong-dan-du-lich,D01,Điểm học bạ,2024,26.2,"Ngành Quản trị dịch vụ du lịch và lữ hành, chuyên ngành Hướng dẫn du lịch"
172616,VHS,quan-tri-dich-vu-du-lich-va-lu-hanh-chuyen-nganh-huong-dan-du-lich,D10,Điểm học bạ,2024,26.2,"Ngành Quản trị dịch vụ du lịch và lữ hành, chuyên ngành Hướng dẫn du lịch"
172617,VHS,quan-tri-dich-vu-du-lich-va-lu-hanh-chuyen-nganh-huong-dan-du-lich,D15,Điểm học bạ,2024,26.2,"Ngành Quản trị dịch vụ du lịch và lữ hành, chuyên ngành Hướng dẫn du lịch"
172618,VHS,quan-tri-dich-vu-du-lich-va-lu-hanh-chuyen-nganh-huong-dan-du-lich,C00,Điểm thi THPT,2024,26.5,"Ngành Quản trị dịch vụ du lịch và lữ hành, chuyên ngành Hướng dẫn du lịch"
172619,VHS,quan-tri-dich-vu-du-lich-va-lu-hanh-chuyen-nganh-huong-dan-du-lich,D01,Điểm thi THPT,2024,26.5,"Ngành Quản trị dịch vụ du lịch và lữ hành, chuyên ngành Hướng dẫn du lịch"
172620,VHS,quan-tri-dich-vu-du-lich-va-lu-hanh-chuyen-nganh-huong-dan-du-lich,D10,Điểm thi THPT,2024,26.5,"Ngành Quản trị dịch vụ du lịch và lữ hành, chuyên ngành Hướng dẫn du lịch"
172621,VHS,quan-tri-dich-vu-du-lich-va-lu-hanh-chuyen-nganh-huong-dan-du-lich,D15,Điểm thi THPT,2024,26.5,"Ngành Quản trị dịch vụ du lịch và lữ hành, chuyên ngành Hướng dẫn du lịch"
172622,VHS,quan-tri-dich-vu-du-lich-va-lu-hanh-chuyen-nganh-quan-tri-lu-hanh,C00,Điểm học bạ,2021,25.0,"Ngành Quản trị dịch vụ du lịch và lữ hành, chuyên ngành Quản trị lữ hành"
172623,VHS,quan-tri-dich-vu-du-lich-va-lu-hanh-chuyen-nganh-quan-tri-lu-hanh,D01,Điểm học bạ,2021,25.0,"Ngành Quản trị dịch vụ du lịch và lữ hành, chuyên ngành Quản trị lữ hành"
172624,VHS,quan-tri-dich-vu-du-lich-va-lu-hanh-chuyen-nganh-quan-tri-lu-hanh,D10,Điểm học bạ,2021,25.0,"Ngành Quản trị dịch vụ du lịch và lữ hành, chuyên ngành Quản trị lữ hành"
172625,VHS,quan-tri-dich-vu-du-lich-va-lu-hanh-chuyen-nganh-quan-tri-lu-hanh,D15,Điểm học bạ,2021,25.0,"Ngành Quản trị dịch vụ du lịch và lữ hành, chuyên ngành Quản trị lữ hành"
172626,VHS,quan-tri-dich-vu-du-lich-va-lu-hanh-chuyen-nganh-quan-tri-lu-hanh,C00,Điểm thi THPT,2021,25.0,"Ngành Quản trị dịch vụ du lịch và lữ hành, chuyên ngành Quản trị lữ hành"
172627,VHS,quan-tri-dich-vu-du-lich-va-lu-hanh-chuyen-nganh-quan-tri-lu-hanh,D01,Điểm thi THPT,2021,25.0,"Ngành Quản trị dịch vụ du lịch và lữ hành, chuyên ngành Quản trị lữ hành"
172628,VHS,quan-tri-dich-vu-du-lich-va-lu-hanh-chuyen-nganh-quan-tri-lu-hanh,D10,Điểm thi THPT,2021,25.0,"Ngành Quản trị dịch vụ du lịch và lữ hành, chuyên ngành Quản trị lữ hành"
172629,VHS,quan-tri-dich-vu-du-lich-va-lu-hanh-chuyen-nganh-quan-tri-lu-hanh,D15,Điểm thi THPT,2021,25.0,"Ngành Quản trị dịch vụ du lịch và lữ hành, chuyên ngành Quản trị lữ hành"
172630,VHS,quan-tri-dich-vu-du-lich-va-lu-hanh-chuyen-nganh-quan-tri-lu-hanh,C00,Điểm học bạ,2022,26.0,"Ngành Quản trị dịch vụ du lịch và lữ hành, chuyên ngành Quản trị lữ hành"
172631,VHS,quan-tri-dich-vu-du-lich-va-lu-hanh-chuyen-nganh-quan-tri-lu-hanh,D01,Điểm học bạ,2022,26.0,"Ngành Quản trị dịch vụ du lịch và lữ hành, chuyên ngành Quản trị lữ hành"
172632,VHS,quan-tri-dich-vu-du-lich-va-lu-hanh-chuyen-nganh-quan-tri-lu-hanh,D10,Điểm học bạ,2022,26.0,"Ngành Quản trị dịch vụ du lịch và lữ hành, chuyên ngành Quản trị lữ hành"
172633,VHS,quan-tri-dich-vu-du-lich-va-lu-hanh-chuyen-nganh-quan-tri-lu-hanh,D15,Điểm học bạ,2022,26.0,"Ngành Quản trị dịch vụ du lịch và lữ hành, chuyên ngành Quản trị lữ hành"
172634,VHS,quan-tri-dich-vu-du-lich-va-lu-hanh-chuyen-nganh-quan-tri-lu-hanh,C00,Điểm thi THPT,2022,26.25,"Ngành Quản trị dịch vụ du lịch và lữ hành, chuyên ngành Quản trị lữ hành"
172635,VHS,quan-tri-dich-vu-du-lich-va-lu-hanh-chuyen-nganh-quan-tri-lu-hanh,D01,Điểm thi THPT,2022,26.25,"Ngành Quản trị dịch vụ du lịch và lữ hành, chuyên ngành Quản trị lữ hành"
172636,VHS,quan-tri-dich-vu-du-lich-va-lu-hanh-chuyen-nganh-quan-tri-lu-hanh,D10,Điểm thi THPT,2022,26.25,"Ngành Quản trị dịch vụ du lịch và lữ hành, chuyên ngành Quản trị lữ hành"
172637,VHS,quan-tri-dich-vu-du-lich-va-lu-hanh-chuyen-nganh-quan-tri-lu-hanh,D15,Điểm thi THPT,2022,26.25,"Ngành Quản trị dịch vụ du lịch và lữ hành, chuyên ngành Quản trị lữ hành"
172638,VHS,quan-tri-dich-vu-du-lich-va-lu-hanh-chuyen-nganh-quan-tri-lu-hanh,C00,Điểm học bạ,2023,24.25,"Ngành Quản trị dịch vụ du lịch và lữ hành, chuyên ngành Quản trị lữ hành"
172639,VHS,quan-tri-dich-vu-du-lich-va-lu-hanh-chuyen-nganh-quan-tri-lu-hanh,D01,Điểm học bạ,2023,24.25,"Ngành Quản trị dịch vụ du lịch và lữ hành, chuyên ngành Quản trị lữ hành"
172640,VHS,quan-tri-dich-vu-du-lich-va-lu-hanh-chuyen-nganh-quan-tri-lu-hanh,D10,Điểm học bạ,2023,24.25,"Ngành Quản trị dịch vụ du lịch và lữ hành, chuyên ngành Quản trị lữ hành"
172641,VHS,quan-tri-dich-vu-du-lich-va-lu-hanh-chuyen-nganh-quan-tri-lu-hanh,D15,Điểm học bạ,2023,24.25,"Ngành Quản trị dịch vụ du lịch và lữ hành, chuyên ngành Quản trị lữ hành"
172642,VHS,quan-tri-dich-vu-du-lich-va-lu-hanh-chuyen-nganh-quan-tri-lu-hanh,C00,Điểm thi THPT,2023,24.0,"Ngành Quản trị dịch vụ du lịch và lữ hành, chuyên ngành Quản trị lữ hành"
172643,VHS,quan-tri-dich-vu-du-lich-va-lu-hanh-chuyen-nganh-quan-tri-lu-hanh,D01,Điểm thi THPT,2023,24.0,"Ngành Quản trị dịch vụ du lịch và lữ hành, chuyên ngành Quản trị lữ hành"
172644,VHS,quan-tri-dich-vu-du-lich-va-lu-hanh-chuyen-nganh-quan-tri-lu-hanh,D10,Điểm thi THPT,2023,24.0,"Ngành Quản trị dịch vụ du lịch và lữ hành, chuyên ngành Quản trị lữ hành"
172645,VHS,quan-tri-dich-vu-du-lich-va-lu-hanh-chuyen-nganh-quan-tri-lu-hanh,D15,Điểm thi THPT,2023,24.0,"Ngành Quản trị dịch vụ du lịch và lữ hành, chuyên ngành Quản trị lữ hành"
172646,VHS,quan-tri-dich-vu-du-lich-va-lu-hanh-chuyen-nganh-quan-tri-lu-hanh,C00,Điểm học bạ,2024,26.5,"Ngành Quản trị dịch vụ du lịch và lữ hành, chuyên ngành Quản trị lữ hành"
172647,VHS,quan-tri-dich-vu-du-lich-va-lu-hanh-chuyen-nganh-quan-tri-lu-hanh,D01,Điểm học bạ,2024,26.5,"Ngành Quản trị dịch vụ du lịch và lữ hành, chuyên ngành Quản trị lữ hành"
172648,VHS,quan-tri-dich-vu-du-lich-va-lu-hanh-chuyen-nganh-quan-tri-lu-hanh,D10,Điểm học bạ,2024,26.5,"Ngành Quản trị dịch vụ du lịch và lữ hành, chuyên ngành Quản trị lữ hành"
172649,VHS,quan-tri-dich-vu-du-lich-va-lu-hanh-chuyen-nganh-quan-tri-lu-hanh,D15,Điểm học bạ,2024,26.5,"Ngành Quản trị dịch vụ du lịch và lữ hành, chuyên ngành Quản trị lữ hành"
172650,VHS,quan-tri-dich-vu-du-lich-va-lu-hanh-chuyen-nganh-quan-tri-lu-hanh,C00,Điểm thi THPT,2024,27.0,"Ngành Quản trị dịch vụ du lịch và lữ hành, chuyên ngành Quản trị lữ hành"
172651,VHS,quan-tri-dich-vu-du-lich-va-lu-hanh-chuyen-nganh-quan-tri-lu-hanh,D01,Điểm thi THPT,2024,27.0,"Ngành Quản trị dịch vụ du lịch và lữ hành, chuyên ngành Quản trị lữ hành"
172652,VHS,quan-tri-dich-vu-du-lich-va-lu-hanh-chuyen-nganh-quan-tri-lu-hanh,D10,Điểm thi THPT,2024,27.0,"Ngành Quản trị dịch vụ du lịch và lữ hành, chuyên ngành Quản trị lữ hành"
172653,VHS,quan-tri-dich-vu-du-lich-va-lu-hanh-chuyen-nganh-quan-tri-lu-hanh,D15,Điểm thi THPT,2024,27.0,"Ngành Quản trị dịch vụ du lịch và lữ hành, chuyên ngành Quản trị lữ hành"
172654,VHS,quan-tri-lu-hanh,C00,Điểm học bạ,2025,27.05,"Quản trị dịch vụ du lịch và lữ hành, chuyên ngành Quản trị lữ hành"
172655,VHS,quan-tri-lu-hanh,C14,Điểm học bạ,2025,27.05,"Quản trị dịch vụ du lịch và lữ hành, chuyên ngành Quản trị lữ hành"
172656,VHS,quan-tri-lu-hanh,D01,Điểm học bạ,2025,27.05,"Quản trị dịch vụ du lịch và lữ hành, chuyên ngành Quản trị lữ hành"
172657,VHS,quan-tri-lu-hanh,D04,Điểm học bạ,2025,27.05,"Quản trị dịch vụ du lịch và lữ hành, chuyên ngành Quản trị lữ hành"
172658,VHS,quan-tri-lu-hanh,C00,Điểm thi THPT,2025,26.05,"Quản trị dịch vụ du lịch và lữ hành, chuyên ngành Quản trị lữ hành"
172659,VHS,quan-tri-lu-hanh,C14,Điểm thi THPT,2025,26.05,"Quản trị dịch vụ du lịch và lữ hành, chuyên ngành Quản trị lữ hành"
172660,VHS,quan-tri-lu-hanh,D01,Điểm thi THPT,2025,26.05,"Quản trị dịch vụ du lịch và lữ hành, chuyên ngành Quản trị lữ hành"
172661,VHS,quan-tri-lu-hanh,D04,Điểm thi THPT,2025,26.05,"Quản trị dịch vụ du lịch và lữ hành, chuyên ngành Quản trị lữ hành"
172662,VHS,thong-tin-thu-vien,C00,Điểm học bạ,2021,15.5,Ngành Thông tin - Thư viện
172663,VHS,thong-tin-thu-vien,D01,Điểm học bạ,2021,15.5,Ngành Thông tin - Thư viện
172664,VHS,thong-tin-thu-vien,D09,Điểm học bạ,2021,15.5,Ngành Thông tin - Thư viện
172665,VHS,thong-tin-thu-vien,D15,Điểm học bạ,2021,15.5,Ngành Thông tin - Thư viện
172666,VHS,thong-tin-thu-vien,C00,Điểm thi THPT,2021,15.0,Ngành Thông tin - Thư viện
172667,VHS,thong-tin-thu-vien,D01,Điểm thi THPT,2021,15.0,Ngành Thông tin - Thư viện
172668,VHS,thong-tin-thu-vien,D09,Điểm thi THPT,2021,15.0,Ngành Thông tin - Thư viện
172669,VHS,thong-tin-thu-vien,D15,Điểm thi THPT,2021,15.0,Ngành Thông tin - Thư viện
172670,VHS,thong-tin-thu-vien,C00,Điểm học bạ,2022,15.0,Ngành Thông tin - Thư viện
172671,VHS,thong-tin-thu-vien,D01,Điểm học bạ,2022,15.0,Ngành Thông tin - Thư viện
172672,VHS,thong-tin-thu-vien,D09,Điểm học bạ,2022,15.0,Ngành Thông tin - Thư viện
172673,VHS,thong-tin-thu-vien,D15,Điểm học bạ,2022,15.0,Ngành Thông tin - Thư viện
172674,VHS,thong-tin-thu-vien,C00,Điểm thi THPT,2022,15.0,Ngành Thông tin - Thư viện
172675,VHS,thong-tin-thu-vien,D01,Điểm thi THPT,2022,15.0,Ngành Thông tin - Thư viện
172676,VHS,thong-tin-thu-vien,D09,Điểm thi THPT,2022,15.0,Ngành Thông tin - Thư viện
172677,VHS,thong-tin-thu-vien,D15,Điểm thi THPT,2022,15.0,Ngành Thông tin - Thư viện
172678,VHS,thong-tin-thu-vien,C00,Điểm học bạ,2023,15.0,Ngành Thông tin - Thư viện
172679,VHS,thong-tin-thu-vien,D01,Điểm học bạ,2023,15.0,Ngành Thông tin - Thư viện
172680,VHS,thong-tin-thu-vien,D09,Điểm học bạ,2023,15.0,Ngành Thông tin - Thư viện
172681,VHS,thong-tin-thu-vien,D15,Điểm học bạ,2023,15.0,Ngành Thông tin - Thư viện
172682,VHS,thong-tin-thu-vien,C00,Điểm thi THPT,2023,16.0,Ngành Thông tin - Thư viện
172683,VHS,thong-tin-thu-vien,D01,Điểm thi THPT,2023,16.0,Ngành Thông tin - Thư viện
172684,VHS,thong-tin-thu-vien,D09,Điểm thi THPT,2023,16.0,Ngành Thông tin - Thư viện
172685,VHS,thong-tin-thu-vien,D15,Điểm thi THPT,2023,16.0,Ngành Thông tin - Thư viện
172686,VHS,thong-tin-thu-vien,C00,Điểm học bạ,2024,24.75,Ngành Thông tin - Thư viện
172687,VHS,thong-tin-thu-vien,D01,Điểm học bạ,2024,24.75,Ngành Thông tin - Thư viện
172688,VHS,thong-tin-thu-vien,D09,Điểm học bạ,2024,24.75,Ngành Thông tin - Thư viện
172689,VHS,thong-tin-thu-vien,D15,Điểm học bạ,2024,24.75,Ngành Thông tin - Thư viện
172690,VHS,thong-tin-thu-vien,C00,Điểm thi THPT,2024,24.0,Ngành Thông tin - Thư viện
172691,VHS,thong-tin-thu-vien,D01,Điểm thi THPT,2024,24.0,Ngành Thông tin - Thư viện
172692,VHS,thong-tin-thu-vien,D09,Điểm thi THPT,2024,24.0,Ngành Thông tin - Thư viện
172693,VHS,thong-tin-thu-vien,D15,Điểm thi THPT,2024,24.0,Ngành Thông tin - Thư viện
172694,VHS,thong-tin-thu-vien,C00,Điểm học bạ,2025,25.8,Thông tin - Thư viện
172695,VHS,thong-tin-thu-vien,D01,Điểm học bạ,2025,25.8,Thông tin - Thư viện
172696,VHS,thong-tin-thu-vien,D09,Điểm học bạ,2025,25.8,Thông tin - Thư viện
172697,VHS,thong-tin-thu-vien,D15,Điểm học bạ,2025,25.8,Thông tin - Thư viện
172698,VHS,thong-tin-thu-vien,C00,Điểm thi THPT,2025,24.8,Thông tin - Thư viện
172699,VHS,thong-tin-thu-vien,D01,Điểm thi THPT,2025,24.8,Thông tin - Thư viện
172700,VHS,thong-tin-thu-vien,D09,Điểm thi THPT,2025,24.8,Thông tin - Thư viện
172701,VHS,thong-tin-thu-vien,D15,Điểm thi THPT,2025,24.8,Thông tin - Thư viện
172702,VHS,to-chuc-su-kien-van-hoa-the-thao-du-lich,C00,Điểm học bạ,2025,27.55,"Quản lý văn hóa, chuyên ngành Tổ chức sự kiện văn hóa, thể thao, du lịch"
172703,VHS,to-chuc-su-kien-van-hoa-the-thao-du-lich,C14,Điểm học bạ,2025,27.55,"Quản lý văn hóa, chuyên ngành Tổ chức sự kiện văn hóa, thể thao, du lịch"
172704,VHS,to-chuc-su-kien-van-hoa-the-thao-du-lich,D01,Điểm học bạ,2025,27.55,"Quản lý văn hóa, chuyên ngành Tổ chức sự kiện văn hóa, thể thao, du lịch"
172705,VHS,to-chuc-su-kien-van-hoa-the-thao-du-lich,D14,Điểm học bạ,2025,27.55,"Quản lý văn hóa, chuyên ngành Tổ chức sự kiện văn hóa, thể thao, du lịch"
172706,VHS,to-chuc-su-kien-van-hoa-the-thao-du-lich,D15,Điểm học bạ,2025,27.55,"Quản lý văn hóa, chuyên ngành Tổ chức sự kiện văn hóa, thể thao, du lịch"
172707,VHS,to-chuc-su-kien-van-hoa-the-thao-du-lich,C00,Điểm thi THPT,2025,26.55,"Quản lý văn hóa, chuyên ngành Tổ chức sự kiện văn hóa, thể thao, du lịch"
172708,VHS,to-chuc-su-kien-van-hoa-the-thao-du-lich,C14,Điểm thi THPT,2025,26.55,"Quản lý văn hóa, chuyên ngành Tổ chức sự kiện văn hóa, thể thao, du lịch"
172709,VHS,to-chuc-su-kien-van-hoa-the-thao-du-lich,D01,Điểm thi THPT,2025,26.55,"Quản lý văn hóa, chuyên ngành Tổ chức sự kiện văn hóa, thể thao, du lịch"
172710,VHS,to-chuc-su-kien-van-hoa-the-thao-du-lich,D14,Điểm thi THPT,2025,26.55,"Quản lý văn hóa, chuyên ngành Tổ chức sự kiện văn hóa, thể thao, du lịch"
172711,VHS,to-chuc-su-kien-van-hoa-the-thao-du-lich,D15,Điểm thi THPT,2025,26.55,"Quản lý văn hóa, chuyên ngành Tổ chức sự kiện văn hóa, thể thao, du lịch"
172712,VHS,truyen-thong-van-hoa,C00,Điểm học bạ,2025,27.75,"Văn hóa học, chuyên ngành Truyền thông Văn hóa"
172713,VHS,truyen-thong-van-hoa,D01,Điểm học bạ,2025,27.75,"Văn hóa học, chuyên ngành Truyền thông Văn hóa"
172714,VHS,truyen-thong-van-hoa,D14,Điểm học bạ,2025,27.75,"Văn hóa học, chuyên ngành Truyền thông Văn hóa"
172715,VHS,truyen-thong-van-hoa,D15,Điểm học bạ,2025,27.75,"Văn hóa học, chuyên ngành Truyền thông Văn hóa"
172716,VHS,truyen-thong-van-hoa,C00,Điểm thi THPT,2025,26.75,"Văn hóa học, chuyên ngành Truyền thông Văn hóa"
172717,VHS,truyen-thong-van-hoa,D01,Điểm thi THPT,2025,26.75,"Văn hóa học, chuyên ngành Truyền thông Văn hóa"
172718,VHS,truyen-thong-van-hoa,D14,Điểm thi THPT,2025,26.75,"Văn hóa học, chuyên ngành Truyền thông Văn hóa"
172719,VHS,truyen-thong-van-hoa,D15,Điểm thi THPT,2025,26.75,"Văn hóa học, chuyên ngành Truyền thông Văn hóa"
172720,VHS,van-hoa-cac-dan-toc-thieu-so-viet-nam,C00,Điểm học bạ,2021,15.5,Ngành Văn hóa các dân tộc thiểu số Việt Nam
172721,VHS,van-hoa-cac-dan-toc-thieu-so-viet-nam,D01,Điểm học bạ,2021,15.5,Ngành Văn hóa các dân tộc thiểu số Việt Nam
172722,VHS,van-hoa-cac-dan-toc-thieu-so-viet-nam,D09,Điểm học bạ,2021,15.5,Ngành Văn hóa các dân tộc thiểu số Việt Nam
172723,VHS,van-hoa-cac-dan-toc-thieu-so-viet-nam,D15,Điểm học bạ,2021,15.5,Ngành Văn hóa các dân tộc thiểu số Việt Nam
172724,VHS,van-hoa-cac-dan-toc-thieu-so-viet-nam,C00,Điểm thi THPT,2021,15.0,Ngành Văn hóa các dân tộc thiểu số Việt Nam
172725,VHS,van-hoa-cac-dan-toc-thieu-so-viet-nam,D01,Điểm thi THPT,2021,15.0,Ngành Văn hóa các dân tộc thiểu số Việt Nam
172726,VHS,van-hoa-cac-dan-toc-thieu-so-viet-nam,D09,Điểm thi THPT,2021,15.0,Ngành Văn hóa các dân tộc thiểu số Việt Nam
172727,VHS,van-hoa-cac-dan-toc-thieu-so-viet-nam,D15,Điểm thi THPT,2021,15.0,Ngành Văn hóa các dân tộc thiểu số Việt Nam
172728,VHS,van-hoa-cac-dan-toc-thieu-so-viet-nam,C00,Điểm học bạ,2022,15.0,Ngành văn hóa các dân tộc thiểu số Việt Nam
172729,VHS,van-hoa-cac-dan-toc-thieu-so-viet-nam,D01,Điểm học bạ,2022,15.0,Ngành văn hóa các dân tộc thiểu số Việt Nam
172730,VHS,van-hoa-cac-dan-toc-thieu-so-viet-nam,D09,Điểm học bạ,2022,15.0,Ngành văn hóa các dân tộc thiểu số Việt Nam
172731,VHS,van-hoa-cac-dan-toc-thieu-so-viet-nam,D15,Điểm học bạ,2022,15.0,Ngành văn hóa các dân tộc thiểu số Việt Nam
172732,VHS,van-hoa-cac-dan-toc-thieu-so-viet-nam,C00,Điểm thi THPT,2022,15.0,Ngành văn hóa các dân tộc thiểu số Việt Nam
172733,VHS,van-hoa-cac-dan-toc-thieu-so-viet-nam,D01,Điểm thi THPT,2022,15.0,Ngành văn hóa các dân tộc thiểu số Việt Nam
172734,VHS,van-hoa-cac-dan-toc-thieu-so-viet-nam,D09,Điểm thi THPT,2022,15.0,Ngành văn hóa các dân tộc thiểu số Việt Nam
172735,VHS,van-hoa-cac-dan-toc-thieu-so-viet-nam,D15,Điểm thi THPT,2022,15.0,Ngành văn hóa các dân tộc thiểu số Việt Nam
172736,VHS,van-hoa-cac-dan-toc-thieu-so-viet-nam,C00,Điểm học bạ,2023,15.0,Ngành Văn hóa các dân tộc thiểu số Việt Nam
172737,VHS,van-hoa-cac-dan-toc-thieu-so-viet-nam,D01,Điểm học bạ,2023,15.0,Ngành Văn hóa các dân tộc thiểu số Việt Nam
172738,VHS,van-hoa-cac-dan-toc-thieu-so-viet-nam,D09,Điểm học bạ,2023,15.0,Ngành Văn hóa các dân tộc thiểu số Việt Nam
172739,VHS,van-hoa-cac-dan-toc-thieu-so-viet-nam,D15,Điểm học bạ,2023,15.0,Ngành Văn hóa các dân tộc thiểu số Việt Nam
172740,VHS,van-hoa-cac-dan-toc-thieu-so-viet-nam,C00,Điểm thi THPT,2023,15.0,Ngành Văn hóa các dân tộc thiểu số Việt Nam
172741,VHS,van-hoa-cac-dan-toc-thieu-so-viet-nam,D01,Điểm thi THPT,2023,15.0,Ngành Văn hóa các dân tộc thiểu số Việt Nam
172742,VHS,van-hoa-cac-dan-toc-thieu-so-viet-nam,D09,Điểm thi THPT,2023,15.0,Ngành Văn hóa các dân tộc thiểu số Việt Nam
172743,VHS,van-hoa-cac-dan-toc-thieu-so-viet-nam,D15,Điểm thi THPT,2023,15.0,Ngành Văn hóa các dân tộc thiểu số Việt Nam
172744,VHS,van-hoa-cac-dan-toc-thieu-so-viet-nam,C00,Điểm học bạ,2024,26.0,Ngành Văn hóa các dân tộc thiểu số Việt Nam
172745,VHS,van-hoa-cac-dan-toc-thieu-so-viet-nam,D01,Điểm học bạ,2024,26.0,Ngành Văn hóa các dân tộc thiểu số Việt Nam
172746,VHS,van-hoa-cac-dan-toc-thieu-so-viet-nam,D09,Điểm học bạ,2024,26.0,Ngành Văn hóa các dân tộc thiểu số Việt Nam
172747,VHS,van-hoa-cac-dan-toc-thieu-so-viet-nam,D15,Điểm học bạ,2024,26.0,Ngành Văn hóa các dân tộc thiểu số Việt Nam
172748,VHS,van-hoa-cac-dan-toc-thieu-so-viet-nam,C00,Điểm thi THPT,2024,22.0,Ngành Văn hóa các dân tộc thiểu số Việt Nam
172749,VHS,van-hoa-cac-dan-toc-thieu-so-viet-nam,D01,Điểm thi THPT,2024,22.0,Ngành Văn hóa các dân tộc thiểu số Việt Nam
172750,VHS,van-hoa-cac-dan-toc-thieu-so-viet-nam,D09,Điểm thi THPT,2024,22.0,Ngành Văn hóa các dân tộc thiểu số Việt Nam
172751,VHS,van-hoa-cac-dan-toc-thieu-so-viet-nam,D15,Điểm thi THPT,2024,22.0,Ngành Văn hóa các dân tộc thiểu số Việt Nam
172752,VHS,van-hoa-cac-dan-toc-thieu-so-viet-nam,C00,Điểm học bạ,2025,25.5,Văn hóa các dân tộc thiểu số Việt Nam
172753,VHS,van-hoa-cac-dan-toc-thieu-so-viet-nam,C03,Điểm học bạ,2025,25.5,Văn hóa các dân tộc thiểu số Việt Nam
172754,VHS,van-hoa-cac-dan-toc-thieu-so-viet-nam,C04,Điểm học bạ,2025,25.5,Văn hóa các dân tộc thiểu số Việt Nam
172755,VHS,van-hoa-cac-dan-toc-thieu-so-viet-nam,D01,Điểm học bạ,2025,25.5,Văn hóa các dân tộc thiểu số Việt Nam
172756,VHS,van-hoa-cac-dan-toc-thieu-so-viet-nam,D10,Điểm học bạ,2025,25.5,Văn hóa các dân tộc thiểu số Việt Nam
172757,VHS,van-hoa-cac-dan-toc-thieu-so-viet-nam,D15,Điểm học bạ,2025,25.5,Văn hóa các dân tộc thiểu số Việt Nam
172758,VHS,van-hoa-cac-dan-toc-thieu-so-viet-nam,C00,Điểm thi THPT,2025,24.5,Văn hóa các dân tộc thiểu số Việt Nam
172759,VHS,van-hoa-cac-dan-toc-thieu-so-viet-nam,C03,Điểm thi THPT,2025,24.5,Văn hóa các dân tộc thiểu số Việt Nam
172760,VHS,van-hoa-cac-dan-toc-thieu-so-viet-nam,C04,Điểm thi THPT,2025,24.5,Văn hóa các dân tộc thiểu số Việt Nam
172761,VHS,van-hoa-cac-dan-toc-thieu-so-viet-nam,D01,Điểm thi THPT,2025,24.5,Văn hóa các dân tộc thiểu số Việt Nam
172762,VHS,van-hoa-cac-dan-toc-thieu-so-viet-nam,D10,Điểm thi THPT,2025,24.5,Văn hóa các dân tộc thiểu số Việt Nam
172763,VHS,van-hoa-cac-dan-toc-thieu-so-viet-nam,D15,Điểm thi THPT,2025,24.5,Văn hóa các dân tộc thiểu số Việt Nam
172764,VHS,van-hoa-hoc-chuyen-nganh-cong-nghiep-van-hoa,C00,Điểm học bạ,2021,16.0,"Ngành Văn hóa học, chuyên ngành Công nghiệp Văn hóa"
172765,VHS,van-hoa-hoc-chuyen-nganh-cong-nghiep-van-hoa,D01,Điểm học bạ,2021,16.0,"Ngành Văn hóa học, chuyên ngành Công nghiệp Văn hóa"
172766,VHS,van-hoa-hoc-chuyen-nganh-cong-nghiep-van-hoa,D09,Điểm học bạ,2021,16.0,"Ngành Văn hóa học, chuyên ngành Công nghiệp Văn hóa"
172767,VHS,van-hoa-hoc-chuyen-nganh-cong-nghiep-van-hoa,D15,Điểm học bạ,2021,16.0,"Ngành Văn hóa học, chuyên ngành Công nghiệp Văn hóa"
172768,VHS,van-hoa-hoc-chuyen-nganh-cong-nghiep-van-hoa,C00,Điểm thi THPT,2021,16.0,"Ngành Văn hóa học, chuyên ngành Công nghiệp Văn hóa"
172769,VHS,van-hoa-hoc-chuyen-nganh-cong-nghiep-van-hoa,D01,Điểm thi THPT,2021,16.0,"Ngành Văn hóa học, chuyên ngành Công nghiệp Văn hóa"
172770,VHS,van-hoa-hoc-chuyen-nganh-cong-nghiep-van-hoa,D09,Điểm thi THPT,2021,16.0,"Ngành Văn hóa học, chuyên ngành Công nghiệp Văn hóa"
172771,VHS,van-hoa-hoc-chuyen-nganh-cong-nghiep-van-hoa,D15,Điểm thi THPT,2021,16.0,"Ngành Văn hóa học, chuyên ngành Công nghiệp Văn hóa"
172772,VHS,van-hoa-hoc-chuyen-nganh-cong-nghiep-van-hoa,C00,Điểm học bạ,2022,24.5,"Ngành Văn hóa học, chuyên ngành Công nghiệp Văn hóa"
172773,VHS,van-hoa-hoc-chuyen-nganh-cong-nghiep-van-hoa,D01,Điểm học bạ,2022,24.5,"Ngành Văn hóa học, chuyên ngành Công nghiệp Văn hóa"
172774,VHS,van-hoa-hoc-chuyen-nganh-cong-nghiep-van-hoa,D09,Điểm học bạ,2022,24.5,"Ngành Văn hóa học, chuyên ngành Công nghiệp Văn hóa"
172775,VHS,van-hoa-hoc-chuyen-nganh-cong-nghiep-van-hoa,D15,Điểm học bạ,2022,24.5,"Ngành Văn hóa học, chuyên ngành Công nghiệp Văn hóa"
172776,VHS,van-hoa-hoc-chuyen-nganh-cong-nghiep-van-hoa,C00,Điểm thi THPT,2022,22.5,"Ngành Văn hóa học, chuyên ngành Công nghiệp Văn hóa"
172777,VHS,van-hoa-hoc-chuyen-nganh-cong-nghiep-van-hoa,D01,Điểm thi THPT,2022,22.5,"Ngành Văn hóa học, chuyên ngành Công nghiệp Văn hóa"
172778,VHS,van-hoa-hoc-chuyen-nganh-cong-nghiep-van-hoa,D09,Điểm thi THPT,2022,22.5,"Ngành Văn hóa học, chuyên ngành Công nghiệp Văn hóa"
172779,VHS,van-hoa-hoc-chuyen-nganh-cong-nghiep-van-hoa,D15,Điểm thi THPT,2022,22.5,"Ngành Văn hóa học, chuyên ngành Công nghiệp Văn hóa"
172780,VHS,van-hoa-hoc-chuyen-nganh-cong-nghiep-van-hoa,C00,Điểm học bạ,2023,21.25,"Ngành Văn hóa học, chuyên ngành Công nghiệp Văn hóa"
172781,VHS,van-hoa-hoc-chuyen-nganh-cong-nghiep-van-hoa,D01,Điểm học bạ,2023,21.25,"Ngành Văn hóa học, chuyên ngành Công nghiệp Văn hóa"
172782,VHS,van-hoa-hoc-chuyen-nganh-cong-nghiep-van-hoa,D09,Điểm học bạ,2023,21.25,"Ngành Văn hóa học, chuyên ngành Công nghiệp Văn hóa"
172783,VHS,van-hoa-hoc-chuyen-nganh-cong-nghiep-van-hoa,D15,Điểm học bạ,2023,21.25,"Ngành Văn hóa học, chuyên ngành Công nghiệp Văn hóa"
172784,VHS,van-hoa-hoc-chuyen-nganh-cong-nghiep-van-hoa,C00,Điểm thi THPT,2023,22.0,"Ngành Văn hóa học, chuyên ngành Công nghiệp Văn hóa"
172785,VHS,van-hoa-hoc-chuyen-nganh-cong-nghiep-van-hoa,D01,Điểm thi THPT,2023,22.0,"Ngành Văn hóa học, chuyên ngành Công nghiệp Văn hóa"
172786,VHS,van-hoa-hoc-chuyen-nganh-cong-nghiep-van-hoa,D09,Điểm thi THPT,2023,22.0,"Ngành Văn hóa học, chuyên ngành Công nghiệp Văn hóa"
172787,VHS,van-hoa-hoc-chuyen-nganh-cong-nghiep-van-hoa,D15,Điểm thi THPT,2023,22.0,"Ngành Văn hóa học, chuyên ngành Công nghiệp Văn hóa"
172788,VHS,van-hoa-hoc-chuyen-nganh-cong-nghiep-van-hoa,C00,Điểm học bạ,2024,26.5,"Ngành Văn hóa học, chuyên ngành Công nghiệp Văn hóa"
172789,VHS,van-hoa-hoc-chuyen-nganh-cong-nghiep-van-hoa,D01,Điểm học bạ,2024,26.5,"Ngành Văn hóa học, chuyên ngành Công nghiệp Văn hóa"
172790,VHS,van-hoa-hoc-chuyen-nganh-cong-nghiep-van-hoa,D09,Điểm học bạ,2024,26.5,"Ngành Văn hóa học, chuyên ngành Công nghiệp Văn hóa"
172791,VHS,van-hoa-hoc-chuyen-nganh-cong-nghiep-van-hoa,D15,Điểm học bạ,2024,26.5,"Ngành Văn hóa học, chuyên ngành Công nghiệp Văn hóa"
172792,VHS,van-hoa-hoc-chuyen-nganh-cong-nghiep-van-hoa,C00,Điểm thi THPT,2024,26.3,"Ngành Văn hóa học, chuyên ngành Công nghiệp Văn hóa"
172793,VHS,van-hoa-hoc-chuyen-nganh-cong-nghiep-van-hoa,D01,Điểm thi THPT,2024,26.3,"Ngành Văn hóa học, chuyên ngành Công nghiệp Văn hóa"
172794,VHS,van-hoa-hoc-chuyen-nganh-cong-nghiep-van-hoa,D09,Điểm thi THPT,2024,26.3,"Ngành Văn hóa học, chuyên ngành Công nghiệp Văn hóa"
172795,VHS,van-hoa-hoc-chuyen-nganh-cong-nghiep-van-hoa,D15,Điểm thi THPT,2024,26.3,"Ngành Văn hóa học, chuyên ngành Công nghiệp Văn hóa"
172796,VHS,van-hoa-hoc-chuyen-nganh-truyen-thong-van-hoa,C00,Điểm học bạ,2021,22.5,"Ngành Văn hóa học, chuyên ngành Truyền thông Văn hóa"
172797,VHS,van-hoa-hoc-chuyen-nganh-truyen-thong-van-hoa,D01,Điểm học bạ,2021,22.5,"Ngành Văn hóa học, chuyên ngành Truyền thông Văn hóa"
172798,VHS,van-hoa-hoc-chuyen-nganh-truyen-thong-van-hoa,D09,Điểm học bạ,2021,22.5,"Ngành Văn hóa học, chuyên ngành Truyền thông Văn hóa"
172799,VHS,van-hoa-hoc-chuyen-nganh-truyen-thong-van-hoa,D15,Điểm học bạ,2021,22.5,"Ngành Văn hóa học, chuyên ngành Truyền thông Văn hóa"
172800,VHS,van-hoa-hoc-chuyen-nganh-truyen-thong-van-hoa,C00,Điểm thi THPT,2021,23.0,"Ngành Văn hóa học, chuyên ngành Truyền thông Văn hóa"
172801,VHS,van-hoa-hoc-chuyen-nganh-truyen-thong-van-hoa,D01,Điểm thi THPT,2021,23.0,"Ngành Văn hóa học, chuyên ngành Truyền thông Văn hóa"
172802,VHS,van-hoa-hoc-chuyen-nganh-truyen-thong-van-hoa,D09,Điểm thi THPT,2021,23.0,"Ngành Văn hóa học, chuyên ngành Truyền thông Văn hóa"
172803,VHS,van-hoa-hoc-chuyen-nganh-truyen-thong-van-hoa,D15,Điểm thi THPT,2021,23.0,"Ngành Văn hóa học, chuyên ngành Truyền thông Văn hóa"
172804,VHS,van-hoa-hoc-chuyen-nganh-truyen-thong-van-hoa,C00,Điểm học bạ,2022,25.5,"Ngành Văn hóa học, chuyên ngành Truyền thông Văn hóa"
172805,VHS,van-hoa-hoc-chuyen-nganh-truyen-thong-van-hoa,D01,Điểm học bạ,2022,25.5,"Ngành Văn hóa học, chuyên ngành Truyền thông Văn hóa"
172806,VHS,van-hoa-hoc-chuyen-nganh-truyen-thong-van-hoa,D09,Điểm học bạ,2022,25.5,"Ngành Văn hóa học, chuyên ngành Truyền thông Văn hóa"
172807,VHS,van-hoa-hoc-chuyen-nganh-truyen-thong-van-hoa,D15,Điểm học bạ,2022,25.5,"Ngành Văn hóa học, chuyên ngành Truyền thông Văn hóa"
172808,VHS,van-hoa-hoc-chuyen-nganh-truyen-thong-van-hoa,C00,Điểm thi THPT,2022,25.5,"Ngành Văn hóa học, chuyên ngành Truyền thông Văn hóa"
172809,VHS,van-hoa-hoc-chuyen-nganh-truyen-thong-van-hoa,D01,Điểm thi THPT,2022,25.5,"Ngành Văn hóa học, chuyên ngành Truyền thông Văn hóa"
172810,VHS,van-hoa-hoc-chuyen-nganh-truyen-thong-van-hoa,D09,Điểm thi THPT,2022,25.5,"Ngành Văn hóa học, chuyên ngành Truyền thông Văn hóa"
172811,VHS,van-hoa-hoc-chuyen-nganh-truyen-thong-van-hoa,D15,Điểm thi THPT,2022,25.5,"Ngành Văn hóa học, chuyên ngành Truyền thông Văn hóa"
172812,VHS,van-hoa-hoc-chuyen-nganh-truyen-thong-van-hoa,C00,Điểm học bạ,2023,25.5,"Ngành Văn hóa học, chuyên ngành Truyền thông Văn hóa"
172813,VHS,van-hoa-hoc-chuyen-nganh-truyen-thong-van-hoa,D01,Điểm học bạ,2023,25.5,"Ngành Văn hóa học, chuyên ngành Truyền thông Văn hóa"
172814,VHS,van-hoa-hoc-chuyen-nganh-truyen-thong-van-hoa,D09,Điểm học bạ,2023,25.5,"Ngành Văn hóa học, chuyên ngành Truyền thông Văn hóa"
172815,VHS,van-hoa-hoc-chuyen-nganh-truyen-thong-van-hoa,D15,Điểm học bạ,2023,25.5,"Ngành Văn hóa học, chuyên ngành Truyền thông Văn hóa"
172816,VHS,van-hoa-hoc-chuyen-nganh-truyen-thong-van-hoa,C00,Điểm thi THPT,2023,24.25,"Ngành Văn hóa học, chuyên ngành Truyền thông Văn hóa"
172817,VHS,van-hoa-hoc-chuyen-nganh-truyen-thong-van-hoa,D01,Điểm thi THPT,2023,24.25,"Ngành Văn hóa học, chuyên ngành Truyền thông Văn hóa"
172818,VHS,van-hoa-hoc-chuyen-nganh-truyen-thong-van-hoa,D09,Điểm thi THPT,2023,24.25,"Ngành Văn hóa học, chuyên ngành Truyền thông Văn hóa"
172819,VHS,van-hoa-hoc-chuyen-nganh-truyen-thong-van-hoa,D15,Điểm thi THPT,2023,24.25,"Ngành Văn hóa học, chuyên ngành Truyền thông Văn hóa"
172820,VHS,van-hoa-hoc-chuyen-nganh-truyen-thong-van-hoa,C00,Điểm học bạ,2024,27.5,"Ngành Văn hóa học, chuyên ngành Truyền thông Văn hóa"
172821,VHS,van-hoa-hoc-chuyen-nganh-truyen-thong-van-hoa,D01,Điểm học bạ,2024,27.5,"Ngành Văn hóa học, chuyên ngành Truyền thông Văn hóa"
172822,VHS,van-hoa-hoc-chuyen-nganh-truyen-thong-van-hoa,D09,Điểm học bạ,2024,27.5,"Ngành Văn hóa học, chuyên ngành Truyền thông Văn hóa"
172823,VHS,van-hoa-hoc-chuyen-nganh-truyen-thong-van-hoa,D15,Điểm học bạ,2024,27.5,"Ngành Văn hóa học, chuyên ngành Truyền thông Văn hóa"
172824,VHS,van-hoa-hoc-chuyen-nganh-truyen-thong-van-hoa,C00,Điểm thi THPT,2024,27.85,"Ngành Văn hóa học, chuyên ngành Truyền thông Văn hóa"
172825,VHS,van-hoa-hoc-chuyen-nganh-truyen-thong-van-hoa,D01,Điểm thi THPT,2024,27.85,"Ngành Văn hóa học, chuyên ngành Truyền thông Văn hóa"
172826,VHS,van-hoa-hoc-chuyen-nganh-truyen-thong-van-hoa,D09,Điểm thi THPT,2024,27.85,"Ngành Văn hóa học, chuyên ngành Truyền thông Văn hóa"
172827,VHS,van-hoa-hoc-chuyen-nganh-truyen-thong-van-hoa,D15,Điểm thi THPT,2024,27.85,"Ngành Văn hóa học, chuyên ngành Truyền thông Văn hóa"
172828,VHS,van-hoa-hoc-chuyen-nganh-van-hoa-viet-nam,C00,Điểm học bạ,2021,16.0,"Ngành Văn hóa học, chuyên ngành Văn hóa Việt Nam"
172829,VHS,van-hoa-hoc-chuyen-nganh-van-hoa-viet-nam,D01,Điểm học bạ,2021,16.0,"Ngành Văn hóa học, chuyên ngành Văn hóa Việt Nam"
172830,VHS,van-hoa-hoc-chuyen-nganh-van-hoa-viet-nam,D09,Điểm học bạ,2021,16.0,"Ngành Văn hóa học, chuyên ngành Văn hóa Việt Nam"
172831,VHS,van-hoa-hoc-chuyen-nganh-van-hoa-viet-nam,D15,Điểm học bạ,2021,16.0,"Ngành Văn hóa học, chuyên ngành Văn hóa Việt Nam"
172832,VHS,van-hoa-hoc-chuyen-nganh-van-hoa-viet-nam,C00,Điểm thi THPT,2021,16.0,"Ngành Văn hóa học, chuyên ngành Văn hóa Việt Nam"
172833,VHS,van-hoa-hoc-chuyen-nganh-van-hoa-viet-nam,D01,Điểm thi THPT,2021,16.0,"Ngành Văn hóa học, chuyên ngành Văn hóa Việt Nam"
172834,VHS,van-hoa-hoc-chuyen-nganh-van-hoa-viet-nam,D09,Điểm thi THPT,2021,16.0,"Ngành Văn hóa học, chuyên ngành Văn hóa Việt Nam"
172835,VHS,van-hoa-hoc-chuyen-nganh-van-hoa-viet-nam,D15,Điểm thi THPT,2021,16.0,"Ngành Văn hóa học, chuyên ngành Văn hóa Việt Nam"
172836,VHS,van-hoa-hoc-chuyen-nganh-van-hoa-viet-nam,C00,Điểm học bạ,2022,20.0,"Ngành Văn hóa học, chuyên ngành Văn hóa Việt Nam"
172837,VHS,van-hoa-hoc-chuyen-nganh-van-hoa-viet-nam,D01,Điểm học bạ,2022,20.0,"Ngành Văn hóa học, chuyên ngành Văn hóa Việt Nam"
172838,VHS,van-hoa-hoc-chuyen-nganh-van-hoa-viet-nam,D09,Điểm học bạ,2022,20.0,"Ngành Văn hóa học, chuyên ngành Văn hóa Việt Nam"
172839,VHS,van-hoa-hoc-chuyen-nganh-van-hoa-viet-nam,D15,Điểm học bạ,2022,20.0,"Ngành Văn hóa học, chuyên ngành Văn hóa Việt Nam"
172840,VHS,van-hoa-hoc-chuyen-nganh-van-hoa-viet-nam,C00,Điểm thi THPT,2022,21.5,"Ngành Văn hóa học, chuyên ngành Văn hóa Việt Nam"
172841,VHS,van-hoa-hoc-chuyen-nganh-van-hoa-viet-nam,D01,Điểm thi THPT,2022,21.5,"Ngành Văn hóa học, chuyên ngành Văn hóa Việt Nam"
172842,VHS,van-hoa-hoc-chuyen-nganh-van-hoa-viet-nam,D09,Điểm thi THPT,2022,21.5,"Ngành Văn hóa học, chuyên ngành Văn hóa Việt Nam"
172843,VHS,van-hoa-hoc-chuyen-nganh-van-hoa-viet-nam,D15,Điểm thi THPT,2022,21.5,"Ngành Văn hóa học, chuyên ngành Văn hóa Việt Nam"
172844,VHS,van-hoa-hoc-chuyen-nganh-van-hoa-viet-nam,C00,Điểm học bạ,2023,21.5,"Ngành Văn hóa học, chuyên ngành Văn hóa Việt Nam"
172845,VHS,van-hoa-hoc-chuyen-nganh-van-hoa-viet-nam,D01,Điểm học bạ,2023,21.5,"Ngành Văn hóa học, chuyên ngành Văn hóa Việt Nam"
172846,VHS,van-hoa-hoc-chuyen-nganh-van-hoa-viet-nam,D09,Điểm học bạ,2023,21.5,"Ngành Văn hóa học, chuyên ngành Văn hóa Việt Nam"
172847,VHS,van-hoa-hoc-chuyen-nganh-van-hoa-viet-nam,D15,Điểm học bạ,2023,21.5,"Ngành Văn hóa học, chuyên ngành Văn hóa Việt Nam"
172848,VHS,van-hoa-hoc-chuyen-nganh-van-hoa-viet-nam,C00,Điểm thi THPT,2023,21.5,"Ngành Văn hóa học, chuyên ngành Văn hóa Việt Nam"
172849,VHS,van-hoa-hoc-chuyen-nganh-van-hoa-viet-nam,D01,Điểm thi THPT,2023,21.5,"Ngành Văn hóa học, chuyên ngành Văn hóa Việt Nam"
172850,VHS,van-hoa-hoc-chuyen-nganh-van-hoa-viet-nam,D09,Điểm thi THPT,2023,21.5,"Ngành Văn hóa học, chuyên ngành Văn hóa Việt Nam"
172851,VHS,van-hoa-hoc-chuyen-nganh-van-hoa-viet-nam,D15,Điểm thi THPT,2023,21.5,"Ngành Văn hóa học, chuyên ngành Văn hóa Việt Nam"
172852,VHS,van-hoa-hoc-chuyen-nganh-van-hoa-viet-nam,C00,Điểm học bạ,2024,26.0,"Ngành Văn hóa học, chuyên ngành Văn hóa Việt Nam"
172853,VHS,van-hoa-hoc-chuyen-nganh-van-hoa-viet-nam,D01,Điểm học bạ,2024,26.0,"Ngành Văn hóa học, chuyên ngành Văn hóa Việt Nam"
172854,VHS,van-hoa-hoc-chuyen-nganh-van-hoa-viet-nam,D09,Điểm học bạ,2024,26.0,"Ngành Văn hóa học, chuyên ngành Văn hóa Việt Nam"
172855,VHS,van-hoa-hoc-chuyen-nganh-van-hoa-viet-nam,D15,Điểm học bạ,2024,26.0,"Ngành Văn hóa học, chuyên ngành Văn hóa Việt Nam"
172856,VHS,van-hoa-hoc-chuyen-nganh-van-hoa-viet-nam,C00,Điểm thi THPT,2024,25.5,"Ngành Văn hóa học, chuyên ngành Văn hóa Việt Nam"
172857,VHS,van-hoa-hoc-chuyen-nganh-van-hoa-viet-nam,D01,Điểm thi THPT,2024,25.5,"Ngành Văn hóa học, chuyên ngành Văn hóa Việt Nam"
172858,VHS,van-hoa-hoc-chuyen-nganh-van-hoa-viet-nam,D09,Điểm thi THPT,2024,25.5,"Ngành Văn hóa học, chuyên ngành Văn hóa Việt Nam"
172859,VHS,van-hoa-hoc-chuyen-nganh-van-hoa-viet-nam,D15,Điểm thi THPT,2024,25.5,"Ngành Văn hóa học, chuyên ngành Văn hóa Việt Nam"
172860,VHS,van-hoa-viet-nam,C00,Điểm học bạ,2025,26.8,"Văn hóa học, chuyên ngành Văn hóa Việt Nam"
172861,VHS,van-hoa-viet-nam,C03,Điểm học bạ,2025,26.8,"Văn hóa học, chuyên ngành Văn hóa Việt Nam"
172862,VHS,van-hoa-viet-nam,C04,Điểm học bạ,2025,26.8,"Văn hóa học, chuyên ngành Văn hóa Việt Nam"
172863,VHS,van-hoa-viet-nam,C14,Điểm học bạ,2025,26.8,"Văn hóa học, chuyên ngành Văn hóa Việt Nam"
172864,VHS,van-hoa-viet-nam,D01,Điểm học bạ,2025,26.8,"Văn hóa học, chuyên ngành Văn hóa Việt Nam"
172865,VHS,van-hoa-viet-nam,D14,Điểm học bạ,2025,26.8,"Văn hóa học, chuyên ngành Văn hóa Việt Nam"
172866,VHS,van-hoa-viet-nam,D15,Điểm học bạ,2025,26.8,"Văn hóa học, chuyên ngành Văn hóa Việt Nam"
172867,VHS,van-hoa-viet-nam,C00,Điểm thi THPT,2025,25.8,"Văn hóa học, chuyên ngành Văn hóa Việt Nam"
172868,VHS,van-hoa-viet-nam,C03,Điểm thi THPT,2025,25.8,"Văn hóa học, chuyên ngành Văn hóa Việt Nam"
172869,VHS,van-hoa-viet-nam,C04,Điểm thi THPT,2025,25.8,"Văn hóa học, chuyên ngành Văn hóa Việt Nam"
172870,VHS,van-hoa-viet-nam,C14,Điểm thi THPT,2025,25.8,"Văn hóa học, chuyên ngành Văn hóa Việt Nam"
172871,VHS,van-hoa-viet-nam,D01,Điểm thi THPT,2025,25.8,"Văn hóa học, chuyên ngành Văn hóa Việt Nam"
172872,VHS,van-hoa-viet-nam,D14,Điểm thi THPT,2025,25.8,"Văn hóa học, chuyên ngành Văn hóa Việt Nam"
172873,VHS,van-hoa-viet-nam,D15,Điểm thi THPT,2025,25.8,"Văn hóa học, chuyên ngành Văn hóa Việt Nam"
172874,VJU,co-dien-tu-thong-minh-va-san-xuat-theo-phuong-thuc-nhat-ban-emjm,A00,Điểm thi THPT,2025,20.5,Cơ điện tử thông minh và sản xuất theo phương thức Nhật Bản – EMJM
172875,VJU,co-dien-tu-thong-minh-va-san-xuat-theo-phuong-thuc-nhat-ban-emjm,A01,Điểm thi THPT,2025,20.5,Cơ điện tử thông minh và sản xuất theo phương thức Nhật Bản – EMJM
172876,VJU,co-dien-tu-thong-minh-va-san-xuat-theo-phuong-thuc-nhat-ban-emjm,C01,Điểm thi THPT,2025,20.5,Cơ điện tử thông minh và sản xuất theo phương thức Nhật Bản – EMJM
172877,VJU,co-dien-tu-thong-minh-va-san-xuat-theo-phuong-thuc-nhat-ban-emjm,C02,Điểm thi THPT,2025,20.5,Cơ điện tử thông minh và sản xuất theo phương thức Nhật Bản – EMJM
172878,VJU,co-dien-tu-thong-minh-va-san-xuat-theo-phuong-thuc-nhat-ban-emjm,D01,Điểm thi THPT,2025,20.5,Cơ điện tử thông minh và sản xuất theo phương thức Nhật Bản – EMJM
172879,VJU,co-dien-tu-thong-minh-va-san-xuat-theo-phuong-thuc-nhat-ban-emjm,D06,Điểm thi THPT,2025,20.5,Cơ điện tử thông minh và sản xuất theo phương thức Nhật Bản – EMJM
172880,VJU,co-dien-tu-thong-minh-va-san-xuat-theo-phuong-thuc-nhat-ban-emjm,D07,Điểm thi THPT,2025,20.5,Cơ điện tử thông minh và sản xuất theo phương thức Nhật Bản – EMJM
172881,VJU,co-dien-tu-thong-minh-va-san-xuat-theo-phuong-thuc-nhat-ban-emjm,D23,Điểm thi THPT,2025,20.5,Cơ điện tử thông minh và sản xuất theo phương thức Nhật Bản – EMJM
172882,VJU,co-dien-tu-thong-minh-va-san-xuat-theo-phuong-thuc-nhat-ban-emjm,D28,Điểm thi THPT,2025,20.5,Cơ điện tử thông minh và sản xuất theo phương thức Nhật Bản – EMJM
172883,VJU,co-dien-tu-thong-minh-va-san-xuat-theo-phuong-thuc-nhat-ban-emjm,X02,Điểm thi THPT,2025,20.5,Cơ điện tử thông minh và sản xuất theo phương thức Nhật Bản – EMJM
172884,VJU,co-dien-tu-thong-minh-va-san-xuat-theo-phuong-thuc-nhat-ban-emjm,X06,Điểm thi THPT,2025,20.5,Cơ điện tử thông minh và sản xuất theo phương thức Nhật Bản – EMJM
172885,VJU,co-dien-tu-thong-minh-va-san-xuat-theo-phuong-thuc-nhat-ban-emjm,X26,Điểm thi THPT,2025,20.5,Cơ điện tử thông minh và sản xuất theo phương thức Nhật Bản – EMJM
172886,VJU,co-dien-tu-thong-minh-va-san-xuat-theo-phuong-thuc-nhat-ban-emjm,X46,Điểm thi THPT,2025,20.5,Cơ điện tử thông minh và sản xuất theo phương thức Nhật Bản – EMJM
172887,VJU,cong-nghe-ky-thuat-chip-ban-dan-esct,A00,Điểm thi THPT,2025,21.0,Công nghệ kỹ thuật Chip bán dẫn – ESCT
172888,VJU,cong-nghe-ky-thuat-chip-ban-dan-esct,A01,Điểm thi THPT,2025,21.0,Công nghệ kỹ thuật Chip bán dẫn – ESCT
172889,VJU,cong-nghe-ky-thuat-chip-ban-dan-esct,A02,Điểm thi THPT,2025,21.0,Công nghệ kỹ thuật Chip bán dẫn – ESCT
172890,VJU,cong-nghe-ky-thuat-chip-ban-dan-esct,C01,Điểm thi THPT,2025,21.0,Công nghệ kỹ thuật Chip bán dẫn – ESCT
172891,VJU,cong-nghe-ky-thuat-chip-ban-dan-esct,C02,Điểm thi THPT,2025,21.0,Công nghệ kỹ thuật Chip bán dẫn – ESCT
172892,VJU,cong-nghe-ky-thuat-chip-ban-dan-esct,D07,Điểm thi THPT,2025,21.0,Công nghệ kỹ thuật Chip bán dẫn – ESCT
172893,VJU,cong-nghe-ky-thuat-chip-ban-dan-esct,D23,Điểm thi THPT,2025,21.0,Công nghệ kỹ thuật Chip bán dẫn – ESCT
172894,VJU,cong-nghe-ky-thuat-chip-ban-dan-esct,D28,Điểm thi THPT,2025,21.0,Công nghệ kỹ thuật Chip bán dẫn – ESCT
172895,VJU,cong-nghe-ky-thuat-chip-ban-dan-esct,X02,Điểm thi THPT,2025,21.0,Công nghệ kỹ thuật Chip bán dẫn – ESCT
172896,VJU,cong-nghe-ky-thuat-chip-ban-dan-esct,X06,Điểm thi THPT,2025,21.0,Công nghệ kỹ thuật Chip bán dẫn – ESCT
172897,VJU,cong-nghe-ky-thuat-chip-ban-dan-esct,X26,Điểm thi THPT,2025,21.0,Công nghệ kỹ thuật Chip bán dẫn – ESCT
172898,VJU,cong-nghe-ky-thuat-chip-ban-dan-esct,X46,Điểm thi THPT,2025,21.0,Công nghệ kỹ thuật Chip bán dẫn – ESCT
172899,VJU,cong-nghe-thuc-pham-va-suc-khoe,A00,Điểm thi THPT,2023,20.0,Công nghệ thực phẩm và sức khỏe
172900,VJU,cong-nghe-thuc-pham-va-suc-khoe,A01,Điểm thi THPT,2023,20.0,Công nghệ thực phẩm và sức khỏe
172901,VJU,cong-nghe-thuc-pham-va-suc-khoe,B00,Điểm thi THPT,2023,20.0,Công nghệ thực phẩm và sức khỏe
172902,VJU,cong-nghe-thuc-pham-va-suc-khoe,D01,Điểm thi THPT,2023,20.0,Công nghệ thực phẩm và sức khỏe
172903,VJU,cong-nghe-thuc-pham-va-suc-khoe,D06,Điểm thi THPT,2023,20.0,Công nghệ thực phẩm và sức khỏe
172904,VJU,cong-nghe-thuc-pham-va-suc-khoe,D28,Điểm thi THPT,2023,20.0,Công nghệ thực phẩm và sức khỏe
172905,VJU,cong-nghe-thuc-pham-va-suc-khoe,A00,Điểm thi THPT,2024,20.0,Công nghệ thực phẩm và sức khỏe
172906,VJU,cong-nghe-thuc-pham-va-suc-khoe,A01,Điểm thi THPT,2024,20.0,Công nghệ thực phẩm và sức khỏe
172907,VJU,cong-nghe-thuc-pham-va-suc-khoe,B00,Điểm thi THPT,2024,20.0,Công nghệ thực phẩm và sức khỏe
172908,VJU,cong-nghe-thuc-pham-va-suc-khoe,D01,Điểm thi THPT,2024,20.0,Công nghệ thực phẩm và sức khỏe
172909,VJU,cong-nghe-thuc-pham-va-suc-khoe,D06,Điểm thi THPT,2024,20.0,Công nghệ thực phẩm và sức khỏe
172910,VJU,cong-nghe-thuc-pham-va-suc-khoe,D28,Điểm thi THPT,2024,20.0,Công nghệ thực phẩm và sức khỏe
172911,VJU,cong-nghe-thuc-pham-va-suc-khoe-efth,A00,Điểm thi THPT,2025,20.0,Công nghệ Thực phẩm và sức khỏe – EFTH
172912,VJU,cong-nghe-thuc-pham-va-suc-khoe-efth,A01,Điểm thi THPT,2025,20.0,Công nghệ Thực phẩm và sức khỏe – EFTH
172913,VJU,cong-nghe-thuc-pham-va-suc-khoe-efth,B00,Điểm thi THPT,2025,20.0,Công nghệ Thực phẩm và sức khỏe – EFTH
172914,VJU,cong-nghe-thuc-pham-va-suc-khoe-efth,C02,Điểm thi THPT,2025,20.0,Công nghệ Thực phẩm và sức khỏe – EFTH
172915,VJU,cong-nghe-thuc-pham-va-suc-khoe-efth,D01,Điểm thi THPT,2025,20.0,Công nghệ Thực phẩm và sức khỏe – EFTH
172916,VJU,cong-nghe-thuc-pham-va-suc-khoe-efth,D06,Điểm thi THPT,2025,20.0,Công nghệ Thực phẩm và sức khỏe – EFTH
172917,VJU,cong-nghe-thuc-pham-va-suc-khoe-efth,D07,Điểm thi THPT,2025,20.0,Công nghệ Thực phẩm và sức khỏe – EFTH
172918,VJU,cong-nghe-thuc-pham-va-suc-khoe-efth,D08,Điểm thi THPT,2025,20.0,Công nghệ Thực phẩm và sức khỏe – EFTH
172919,VJU,cong-nghe-thuc-pham-va-suc-khoe-efth,D23,Điểm thi THPT,2025,20.0,Công nghệ Thực phẩm và sức khỏe – EFTH
172920,VJU,cong-nghe-thuc-pham-va-suc-khoe-efth,D28,Điểm thi THPT,2025,20.0,Công nghệ Thực phẩm và sức khỏe – EFTH
172921,VJU,cong-nghe-thuc-pham-va-suc-khoe-efth,D33,Điểm thi THPT,2025,20.0,Công nghệ Thực phẩm và sức khỏe – EFTH
172922,VJU,cong-nghe-thuc-pham-va-suc-khoe-efth,X04,Điểm thi THPT,2025,20.0,Công nghệ Thực phẩm và sức khỏe – EFTH
172923,VJU,cong-nghe-thuc-pham-va-suc-khoe-efth,X12,Điểm thi THPT,2025,20.0,Công nghệ Thực phẩm và sức khỏe – EFTH
172924,VJU,cong-nghe-thuc-pham-va-suc-khoe-efth,X16,Điểm thi THPT,2025,20.0,Công nghệ Thực phẩm và sức khỏe – EFTH
172925,VJU,dieu-khien-thong-minh-va-tu-dong-hoa-bica,A00,Điểm thi THPT,2025,20.0,Điều khiển thông minh và Tự động hóa – BICA
172926,VJU,dieu-khien-thong-minh-va-tu-dong-hoa-bica,A01,Điểm thi THPT,2025,20.0,Điều khiển thông minh và Tự động hóa – BICA
172927,VJU,dieu-khien-thong-minh-va-tu-dong-hoa-bica,C01,Điểm thi THPT,2025,20.0,Điều khiển thông minh và Tự động hóa – BICA
172928,VJU,dieu-khien-thong-minh-va-tu-dong-hoa-bica,C02,Điểm thi THPT,2025,20.0,Điều khiển thông minh và Tự động hóa – BICA
172929,VJU,dieu-khien-thong-minh-va-tu-dong-hoa-bica,D01,Điểm thi THPT,2025,20.0,Điều khiển thông minh và Tự động hóa – BICA
172930,VJU,dieu-khien-thong-minh-va-tu-dong-hoa-bica,D06,Điểm thi THPT,2025,20.0,Điều khiển thông minh và Tự động hóa – BICA
172931,VJU,dieu-khien-thong-minh-va-tu-dong-hoa-bica,D07,Điểm thi THPT,2025,20.0,Điều khiển thông minh và Tự động hóa – BICA
172932,VJU,dieu-khien-thong-minh-va-tu-dong-hoa-bica,D23,Điểm thi THPT,2025,20.0,Điều khiển thông minh và Tự động hóa – BICA
172933,VJU,dieu-khien-thong-minh-va-tu-dong-hoa-bica,D28,Điểm thi THPT,2025,20.0,Điều khiển thông minh và Tự động hóa – BICA
172934,VJU,dieu-khien-thong-minh-va-tu-dong-hoa-bica,X02,Điểm thi THPT,2025,20.0,Điều khiển thông minh và Tự động hóa – BICA
172935,VJU,dieu-khien-thong-minh-va-tu-dong-hoa-bica,X06,Điểm thi THPT,2025,20.0,Điều khiển thông minh và Tự động hóa – BICA
172936,VJU,dieu-khien-thong-minh-va-tu-dong-hoa-bica,X26,Điểm thi THPT,2025,20.0,Điều khiển thông minh và Tự động hóa – BICA
172937,VJU,dieu-khien-thong-minh-va-tu-dong-hoa-bica,X46,Điểm thi THPT,2025,20.0,Điều khiển thông minh và Tự động hóa – BICA
172938,VJU,doi-moi-va-phat-trien-toan-cau-bgdi,A01,Điểm thi THPT,2025,20.5,Đổi mới và Phát triển toàn cầu – BGDI
172939,VJU,doi-moi-va-phat-trien-toan-cau-bgdi,D01,Điểm thi THPT,2025,20.5,Đổi mới và Phát triển toàn cầu – BGDI
172940,VJU,doi-moi-va-phat-trien-toan-cau-bgdi,D07,Điểm thi THPT,2025,20.5,Đổi mới và Phát triển toàn cầu – BGDI
172941,VJU,doi-moi-va-phat-trien-toan-cau-bgdi,D08,Điểm thi THPT,2025,20.5,Đổi mới và Phát triển toàn cầu – BGDI
172942,VJU,doi-moi-va-phat-trien-toan-cau-bgdi,D09,Điểm thi THPT,2025,20.5,Đổi mới và Phát triển toàn cầu – BGDI
172943,VJU,doi-moi-va-phat-trien-toan-cau-bgdi,D10,Điểm thi THPT,2025,20.5,Đổi mới và Phát triển toàn cầu – BGDI
172944,VJU,doi-moi-va-phat-trien-toan-cau-bgdi,D14,Điểm thi THPT,2025,20.5,Đổi mới và Phát triển toàn cầu – BGDI
172945,VJU,doi-moi-va-phat-trien-toan-cau-bgdi,D15,Điểm thi THPT,2025,20.5,Đổi mới và Phát triển toàn cầu – BGDI
172946,VJU,doi-moi-va-phat-trien-toan-cau-bgdi,X25,Điểm thi THPT,2025,20.5,Đổi mới và Phát triển toàn cầu – BGDI
172947,VJU,doi-moi-va-phat-trien-toan-cau-bgdi,X78,Điểm thi THPT,2025,20.5,Đổi mới và Phát triển toàn cầu – BGDI
172948,VJU,khoa-hoc-ky-thuat-may-tinh-bcse,A00,Điểm thi THPT,2025,20.75,Khoa học & Kỹ thuật máy tính – BCSE
172949,VJU,khoa-hoc-ky-thuat-may-tinh-bcse,A01,Điểm thi THPT,2025,20.75,Khoa học & Kỹ thuật máy tính – BCSE
172950,VJU,khoa-hoc-ky-thuat-may-tinh-bcse,C01,Điểm thi THPT,2025,20.75,Khoa học & Kỹ thuật máy tính – BCSE
172951,VJU,khoa-hoc-ky-thuat-may-tinh-bcse,C02,Điểm thi THPT,2025,20.75,Khoa học & Kỹ thuật máy tính – BCSE
172952,VJU,khoa-hoc-ky-thuat-may-tinh-bcse,D01,Điểm thi THPT,2025,20.75,Khoa học & Kỹ thuật máy tính – BCSE
172953,VJU,khoa-hoc-ky-thuat-may-tinh-bcse,D06,Điểm thi THPT,2025,20.75,Khoa học & Kỹ thuật máy tính – BCSE
172954,VJU,khoa-hoc-ky-thuat-may-tinh-bcse,D07,Điểm thi THPT,2025,20.75,Khoa học & Kỹ thuật máy tính – BCSE
172955,VJU,khoa-hoc-ky-thuat-may-tinh-bcse,D23,Điểm thi THPT,2025,20.75,Khoa học & Kỹ thuật máy tính – BCSE
172956,VJU,khoa-hoc-ky-thuat-may-tinh-bcse,D28,Điểm thi THPT,2025,20.75,Khoa học & Kỹ thuật máy tính – BCSE
172957,VJU,khoa-hoc-ky-thuat-may-tinh-bcse,X02,Điểm thi THPT,2025,20.75,Khoa học & Kỹ thuật máy tính – BCSE
172958,VJU,khoa-hoc-ky-thuat-may-tinh-bcse,X06,Điểm thi THPT,2025,20.75,Khoa học & Kỹ thuật máy tính – BCSE
172959,VJU,khoa-hoc-ky-thuat-may-tinh-bcse,X26,Điểm thi THPT,2025,20.75,Khoa học & Kỹ thuật máy tính – BCSE
172960,VJU,khoa-hoc-ky-thuat-may-tinh-bcse,X46,Điểm thi THPT,2025,20.75,Khoa học & Kỹ thuật máy tính – BCSE
172961,VJU,khoa-hoc-va-ki-thuat-may-tinh,A00,Điểm thi THPT,2022,20.6,Khoa học và Kĩ thuật máy tính
172962,VJU,khoa-hoc-va-ki-thuat-may-tinh,A01,Điểm thi THPT,2022,20.6,Khoa học và Kĩ thuật máy tính
172963,VJU,khoa-hoc-va-ki-thuat-may-tinh,D07,Điểm thi THPT,2022,20.6,Khoa học và Kĩ thuật máy tính
172964,VJU,khoa-hoc-va-ki-thuat-may-tinh,D08,Điểm thi THPT,2022,20.6,Khoa học và Kĩ thuật máy tính
172965,VJU,khoa-hoc-va-ki-thuat-may-tinh,D23,Điểm thi THPT,2022,20.6,Khoa học và Kĩ thuật máy tính
172966,VJU,khoa-hoc-va-ki-thuat-may-tinh,D28,Điểm thi THPT,2022,20.6,Khoa học và Kĩ thuật máy tính
172967,VJU,khoa-hoc-va-ki-thuat-may-tinh,D33,Điểm thi THPT,2022,20.6,Khoa học và Kĩ thuật máy tính
172968,VJU,khoa-hoc-va-ky-thuat-may-tinh,A00,Điểm thi THPT,2021,21.25,Khoa học và kỹ thuật máy tính
172969,VJU,khoa-hoc-va-ky-thuat-may-tinh,A01,Điểm thi THPT,2021,21.25,Khoa học và kỹ thuật máy tính
172970,VJU,khoa-hoc-va-ky-thuat-may-tinh,A00,Điểm thi THPT,2023,21.0,Khoa học và Kỹ thuật máy tính
172971,VJU,khoa-hoc-va-ky-thuat-may-tinh,A01,Điểm thi THPT,2023,21.0,Khoa học và Kỹ thuật máy tính
172972,VJU,khoa-hoc-va-ky-thuat-may-tinh,D07,Điểm thi THPT,2023,21.0,Khoa học và Kỹ thuật máy tính
172973,VJU,khoa-hoc-va-ky-thuat-may-tinh,D08,Điểm thi THPT,2023,21.0,Khoa học và Kỹ thuật máy tính
172974,VJU,khoa-hoc-va-ky-thuat-may-tinh,D23,Điểm thi THPT,2023,21.0,Khoa học và Kỹ thuật máy tính
172975,VJU,khoa-hoc-va-ky-thuat-may-tinh,D28,Điểm thi THPT,2023,21.0,Khoa học và Kỹ thuật máy tính
172976,VJU,khoa-hoc-va-ky-thuat-may-tinh,D33,Điểm thi THPT,2023,21.0,Khoa học và Kỹ thuật máy tính
172977,VJU,khoa-hoc-va-ky-thuat-may-tinh,A00,Điểm thi THPT,2024,20.75,Khoa học và Kỹ thuật máy tính
172978,VJU,khoa-hoc-va-ky-thuat-may-tinh,A01,Điểm thi THPT,2024,20.75,Khoa học và Kỹ thuật máy tính
172979,VJU,khoa-hoc-va-ky-thuat-may-tinh,D07,Điểm thi THPT,2024,20.75,Khoa học và Kỹ thuật máy tính
172980,VJU,khoa-hoc-va-ky-thuat-may-tinh,D08,Điểm thi THPT,2024,20.75,Khoa học và Kỹ thuật máy tính
172981,VJU,khoa-hoc-va-ky-thuat-may-tinh,D23,Điểm thi THPT,2024,20.75,Khoa học và Kỹ thuật máy tính
172982,VJU,khoa-hoc-va-ky-thuat-may-tinh,D28,Điểm thi THPT,2024,20.75,Khoa học và Kỹ thuật máy tính
172983,VJU,khoa-hoc-va-ky-thuat-may-tinh,D33,Điểm thi THPT,2024,20.75,Khoa học và Kỹ thuật máy tính
172984,VJU,ky-thuat-co-dien-tu,A00,Điểm thi THPT,2023,20.0,Kỹ thuật cơ điện tử
172985,VJU,ky-thuat-co-dien-tu,A01,Điểm thi THPT,2023,20.0,Kỹ thuật cơ điện tử
172986,VJU,ky-thuat-co-dien-tu,D07,Điểm thi THPT,2023,20.0,Kỹ thuật cơ điện tử
172987,VJU,ky-thuat-co-dien-tu,D23,Điểm thi THPT,2023,20.0,Kỹ thuật cơ điện tử
172988,VJU,ky-thuat-co-dien-tu,D28,Điểm thi THPT,2023,20.0,Kỹ thuật cơ điện tử
172989,VJU,ky-thuat-co-dien-tu,A00,Điểm thi THPT,2024,20.0,Kỳ thuật cơ điện tử (Cơ điện tử thông minh và sản xuất theo phuơng thức Nhật Bản)
172990,VJU,ky-thuat-co-dien-tu,A01,Điểm thi THPT,2024,20.0,Kỳ thuật cơ điện tử (Cơ điện tử thông minh và sản xuất theo phuơng thức Nhật Bản)
172991,VJU,ky-thuat-co-dien-tu,D01,Điểm thi THPT,2024,20.0,Kỳ thuật cơ điện tử (Cơ điện tử thông minh và sản xuất theo phuơng thức Nhật Bản)
172992,VJU,ky-thuat-co-dien-tu,D06,Điểm thi THPT,2024,20.0,Kỳ thuật cơ điện tử (Cơ điện tử thông minh và sản xuất theo phuơng thức Nhật Bản)
172993,VJU,ky-thuat-co-dien-tu,D07,Điểm thi THPT,2024,20.0,Kỳ thuật cơ điện tử (Cơ điện tử thông minh và sản xuất theo phuơng thức Nhật Bản)
172994,VJU,ky-thuat-co-dien-tu,D23,Điểm thi THPT,2024,20.0,Kỳ thuật cơ điện tử (Cơ điện tử thông minh và sản xuất theo phuơng thức Nhật Bản)
172995,VJU,ky-thuat-co-dien-tu,D28,Điểm thi THPT,2024,20.0,Kỳ thuật cơ điện tử (Cơ điện tử thông minh và sản xuất theo phuơng thức Nhật Bản)
172996,VJU,ky-thuat-xay-dung,A00,Điểm thi THPT,2022,20.0,Kỹ thuật xây dựng
172997,VJU,ky-thuat-xay-dung,A01,Điểm thi THPT,2022,20.0,Kỹ thuật xây dựng
172998,VJU,ky-thuat-xay-dung,D07,Điểm thi THPT,2022,20.0,Kỹ thuật xây dựng
172999,VJU,ky-thuat-xay-dung,D23,Điểm thi THPT,2022,20.0,Kỹ thuật xây dựng
173000,VJU,ky-thuat-xay-dung,D28,Điểm thi THPT,2022,20.0,Kỹ thuật xây dựng
173001,VJU,ky-thuat-xay-dung,A00,Điểm thi THPT,2023,20.0,Kỹ thuật xây dựng
173002,VJU,ky-thuat-xay-dung,A01,Điểm thi THPT,2023,20.0,Kỹ thuật xây dựng
173003,VJU,ky-thuat-xay-dung,D01,Điểm thi THPT,2023,20.0,Kỹ thuật xây dựng
173004,VJU,ky-thuat-xay-dung,D06,Điểm thi THPT,2023,20.0,Kỹ thuật xây dựng
173005,VJU,ky-thuat-xay-dung,D28,Điểm thi THPT,2023,20.0,Kỹ thuật xây dựng
173006,VJU,ky-thuat-xay-dung,A00,Điểm thi THPT,2024,20.0,Kỹ thuật xây dựng
173007,VJU,ky-thuat-xay-dung,A01,Điểm thi THPT,2024,20.0,Kỹ thuật xây dựng
173008,VJU,ky-thuat-xay-dung,D01,Điểm thi THPT,2024,20.0,Kỹ thuật xây dựng
173009,VJU,ky-thuat-xay-dung,D06,Điểm thi THPT,2024,20.0,Kỹ thuật xây dựng
173010,VJU,ky-thuat-xay-dung,D07,Điểm thi THPT,2024,20.0,Kỹ thuật xây dựng
173011,VJU,ky-thuat-xay-dung,D23,Điểm thi THPT,2024,20.0,Kỹ thuật xây dựng
173012,VJU,ky-thuat-xay-dung,D28,Điểm thi THPT,2024,20.0,Kỹ thuật xây dựng
173013,VJU,ky-thuat-xay-dung-ece,A00,Điểm thi THPT,2025,20.0,Kỹ thuật Xây dựng – ECE
173014,VJU,ky-thuat-xay-dung-ece,A01,Điểm thi THPT,2025,20.0,Kỹ thuật Xây dựng – ECE
173015,VJU,ky-thuat-xay-dung-ece,C01,Điểm thi THPT,2025,20.0,Kỹ thuật Xây dựng – ECE
173016,VJU,ky-thuat-xay-dung-ece,C02,Điểm thi THPT,2025,20.0,Kỹ thuật Xây dựng – ECE
173017,VJU,ky-thuat-xay-dung-ece,D01,Điểm thi THPT,2025,20.0,Kỹ thuật Xây dựng – ECE
173018,VJU,ky-thuat-xay-dung-ece,D06,Điểm thi THPT,2025,20.0,Kỹ thuật Xây dựng – ECE
173019,VJU,ky-thuat-xay-dung-ece,D07,Điểm thi THPT,2025,20.0,Kỹ thuật Xây dựng – ECE
173020,VJU,ky-thuat-xay-dung-ece,D23,Điểm thi THPT,2025,20.0,Kỹ thuật Xây dựng – ECE
173021,VJU,ky-thuat-xay-dung-ece,D28,Điểm thi THPT,2025,20.0,Kỹ thuật Xây dựng – ECE
173022,VJU,ky-thuat-xay-dung-ece,X02,Điểm thi THPT,2025,20.0,Kỹ thuật Xây dựng – ECE
173023,VJU,ky-thuat-xay-dung-ece,X06,Điểm thi THPT,2025,20.0,Kỹ thuật Xây dựng – ECE
173024,VJU,ky-thuat-xay-dung-ece,X26,Điểm thi THPT,2025,20.0,Kỹ thuật Xây dựng – ECE
173025,VJU,ky-thuat-xay-dung-ece,X46,Điểm thi THPT,2025,20.0,Kỹ thuật Xây dựng – ECE
173026,VJU,nhat-ban-hoc,A01,Điểm thi THPT,2021,24.65,Nhật Bản học
173027,VJU,nhat-ban-hoc,D01,Điểm thi THPT,2021,24.65,Nhật Bản học
173028,VJU,nhat-ban-hoc,D06,Điểm thi THPT,2021,24.65,Nhật Bản học
173029,VJU,nhat-ban-hoc,D14,Điểm thi THPT,2021,24.65,Nhật Bản học
173030,VJU,nhat-ban-hoc,D28,Điểm thi THPT,2021,24.65,Nhật Bản học
173031,VJU,nhat-ban-hoc,D63,Điểm thi THPT,2021,24.65,Nhật Bản học
173032,VJU,nhat-ban-hoc,D78,Điểm thi THPT,2021,24.65,Nhật Bản học
173033,VJU,nhat-ban-hoc,D83,Điểm thi THPT,2021,24.65,Nhật Bản học
173034,VJU,nhat-ban-hoc,A01,Điểm thi THPT,2022,21.5,Nhật Bản học
173035,VJU,nhat-ban-hoc,D01,Điểm thi THPT,2022,21.5,Nhật Bản học
173036,VJU,nhat-ban-hoc,D06,Điểm thi THPT,2022,21.5,Nhật Bản học
173037,VJU,nhat-ban-hoc,D14,Điểm thi THPT,2022,21.5,Nhật Bản học
173038,VJU,nhat-ban-hoc,D28,Điểm thi THPT,2022,21.5,Nhật Bản học
173039,VJU,nhat-ban-hoc,D63,Điểm thi THPT,2022,21.5,Nhật Bản học
173040,VJU,nhat-ban-hoc,D78,Điểm thi THPT,2022,21.5,Nhật Bản học
173041,VJU,nhat-ban-hoc,D81,Điểm thi THPT,2022,21.5,Nhật Bản học
173042,VJU,nhat-ban-hoc,A01,Điểm thi THPT,2023,22.0,Nhật Bản học
173043,VJU,nhat-ban-hoc,D01,Điểm thi THPT,2023,22.0,Nhật Bản học
173044,VJU,nhat-ban-hoc,D06,Điểm thi THPT,2023,22.0,Nhật Bản học
173045,VJU,nhat-ban-hoc,D14,Điểm thi THPT,2023,22.0,Nhật Bản học
173046,VJU,nhat-ban-hoc,D28,Điểm thi THPT,2023,22.0,Nhật Bản học
173047,VJU,nhat-ban-hoc,D63,Điểm thi THPT,2023,22.0,Nhật Bản học
173048,VJU,nhat-ban-hoc,D78,Điểm thi THPT,2023,22.0,Nhật Bản học
173049,VJU,nhat-ban-hoc,D81,Điểm thi THPT,2023,22.0,Nhật Bản học
173050,VJU,nhat-ban-hoc,A01,Điểm thi THPT,2024,21.0,Nhật Bản học
173051,VJU,nhat-ban-hoc,D01,Điểm thi THPT,2024,21.0,Nhật Bản học
173052,VJU,nhat-ban-hoc,D06,Điểm thi THPT,2024,21.0,Nhật Bản học
173053,VJU,nhat-ban-hoc,D14,Điểm thi THPT,2024,21.0,Nhật Bản học
173054,VJU,nhat-ban-hoc,D28,Điểm thi THPT,2024,21.0,Nhật Bản học
173055,VJU,nhat-ban-hoc,D63,Điểm thi THPT,2024,21.0,Nhật Bản học
173056,VJU,nhat-ban-hoc,D78,Điểm thi THPT,2024,21.0,Nhật Bản học
173057,VJU,nhat-ban-hoc,D81,Điểm thi THPT,2024,21.0,Nhật Bản học
173058,VJU,nhat-ban-hoc-bjs,A01,Điểm thi THPT,2025,22.0,Nhật Bản học – BJS
173059,VJU,nhat-ban-hoc-bjs,C00,Điểm thi THPT,2025,22.0,Nhật Bản học – BJS
173060,VJU,nhat-ban-hoc-bjs,D01,Điểm thi THPT,2025,22.0,Nhật Bản học – BJS
173061,VJU,nhat-ban-hoc-bjs,D06,Điểm thi THPT,2025,22.0,Nhật Bản học – BJS
173062,VJU,nhat-ban-hoc-bjs,D14,Điểm thi THPT,2025,22.0,Nhật Bản học – BJS
173063,VJU,nhat-ban-hoc-bjs,D15,Điểm thi THPT,2025,22.0,Nhật Bản học – BJS
173064,VJU,nhat-ban-hoc-bjs,D28,Điểm thi THPT,2025,22.0,Nhật Bản học – BJS
173065,VJU,nhat-ban-hoc-bjs,D43,Điểm thi THPT,2025,22.0,Nhật Bản học – BJS
173066,VJU,nhat-ban-hoc-bjs,D63,Điểm thi THPT,2025,22.0,Nhật Bản học – BJS
173067,VJU,nhat-ban-hoc-bjs,X70,Điểm thi THPT,2025,22.0,Nhật Bản học – BJS
173068,VJU,nhat-ban-hoc-bjs,X74,Điểm thi THPT,2025,22.0,Nhật Bản học – BJS
173069,VJU,nhat-ban-hoc-bjs,X78,Điểm thi THPT,2025,22.0,Nhật Bản học – BJS
173070,VJU,nhat-ban-hoc-bjs,X98,Điểm thi THPT,2025,22.0,Nhật Bản học – BJS
173071,VJU,nong-nghiep-thong-minh-va-ben-vung,A00,Điểm thi THPT,2022,20.0,Nông nghiệp thông minh và bền vững
173072,VJU,nong-nghiep-thong-minh-va-ben-vung,B00,Điểm thi THPT,2022,20.0,Nông nghiệp thông minh và bền vững
173073,VJU,nong-nghiep-thong-minh-va-ben-vung,D07,Điểm thi THPT,2022,20.0,Nông nghiệp thông minh và bền vững
173074,VJU,nong-nghiep-thong-minh-va-ben-vung,D08,Điểm thi THPT,2022,20.0,Nông nghiệp thông minh và bền vững
173075,VJU,nong-nghiep-thong-minh-va-ben-vung,D23,Điểm thi THPT,2022,20.0,Nông nghiệp thông minh và bền vững
173076,VJU,nong-nghiep-thong-minh-va-ben-vung,D33,Điểm thi THPT,2022,20.0,Nông nghiệp thông minh và bền vững
173077,VJU,nong-nghiep-thong-minh-va-ben-vung,A00,Điểm thi THPT,2023,20.0,Nông nghiệp thông minh và bền vững
173078,VJU,nong-nghiep-thong-minh-va-ben-vung,A01,Điểm thi THPT,2023,20.0,Nông nghiệp thông minh và bền vững
173079,VJU,nong-nghiep-thong-minh-va-ben-vung,B00,Điểm thi THPT,2023,20.0,Nông nghiệp thông minh và bền vững
173080,VJU,nong-nghiep-thong-minh-va-ben-vung,D01,Điểm thi THPT,2023,20.0,Nông nghiệp thông minh và bền vững
173081,VJU,nong-nghiep-thong-minh-va-ben-vung,D06,Điểm thi THPT,2023,20.0,Nông nghiệp thông minh và bền vững
173082,VJU,nong-nghiep-thong-minh-va-ben-vung,D28,Điểm thi THPT,2023,20.0,Nông nghiệp thông minh và bền vững
173083,VJU,nong-nghiep-thong-minh-va-ben-vung,A00,Điểm thi THPT,2024,20.0,Nông nghiệp thông minh và bền vững
173084,VJU,nong-nghiep-thong-minh-va-ben-vung,A01,Điểm thi THPT,2024,20.0,Nông nghiệp thông minh và bền vững
173085,VJU,nong-nghiep-thong-minh-va-ben-vung,B00,Điểm thi THPT,2024,20.0,Nông nghiệp thông minh và bền vững
173086,VJU,nong-nghiep-thong-minh-va-ben-vung,D01,Điểm thi THPT,2024,20.0,Nông nghiệp thông minh và bền vững
173087,VJU,nong-nghiep-thong-minh-va-ben-vung,D06,Điểm thi THPT,2024,20.0,Nông nghiệp thông minh và bền vững
173088,VJU,nong-nghiep-thong-minh-va-ben-vung,D28,Điểm thi THPT,2024,20.0,Nông nghiệp thông minh và bền vững
173089,VJU,nong-nghiep-thong-minh-va-ben-vung-esas,A00,Điểm thi THPT,2025,20.0,Nông nghiệp thông minh và bền vững – ESAS
173090,VJU,nong-nghiep-thong-minh-va-ben-vung-esas,A01,Điểm thi THPT,2025,20.0,Nông nghiệp thông minh và bền vững – ESAS
173091,VJU,nong-nghiep-thong-minh-va-ben-vung-esas,B00,Điểm thi THPT,2025,20.0,Nông nghiệp thông minh và bền vững – ESAS
173092,VJU,nong-nghiep-thong-minh-va-ben-vung-esas,C02,Điểm thi THPT,2025,20.0,Nông nghiệp thông minh và bền vững – ESAS
173093,VJU,nong-nghiep-thong-minh-va-ben-vung-esas,D01,Điểm thi THPT,2025,20.0,Nông nghiệp thông minh và bền vững – ESAS
173094,VJU,nong-nghiep-thong-minh-va-ben-vung-esas,D06,Điểm thi THPT,2025,20.0,Nông nghiệp thông minh và bền vững – ESAS
173095,VJU,nong-nghiep-thong-minh-va-ben-vung-esas,D07,Điểm thi THPT,2025,20.0,Nông nghiệp thông minh và bền vững – ESAS
173096,VJU,nong-nghiep-thong-minh-va-ben-vung-esas,D08,Điểm thi THPT,2025,20.0,Nông nghiệp thông minh và bền vững – ESAS
173097,VJU,nong-nghiep-thong-minh-va-ben-vung-esas,D10,Điểm thi THPT,2025,20.0,Nông nghiệp thông minh và bền vững – ESAS
173098,VJU,nong-nghiep-thong-minh-va-ben-vung-esas,D18,Điểm thi THPT,2025,20.0,Nông nghiệp thông minh và bền vững – ESAS
173099,VJU,nong-nghiep-thong-minh-va-ben-vung-esas,D23,Điểm thi THPT,2025,20.0,Nông nghiệp thông minh và bền vững – ESAS
173100,VJU,nong-nghiep-thong-minh-va-ben-vung-esas,D28,Điểm thi THPT,2025,20.0,Nông nghiệp thông minh và bền vững – ESAS
173101,VJU,nong-nghiep-thong-minh-va-ben-vung-esas,D33,Điểm thi THPT,2025,20.0,Nông nghiệp thông minh và bền vững – ESAS
173102,VKU,an-toan-thong-tin,A00,Điểm học bạ,2024,24.0,An toàn thông tin (kỹ sư)
173103,VKU,an-toan-thong-tin,A01,Điểm học bạ,2024,24.0,An toàn thông tin (kỹ sư)
173104,VKU,an-toan-thong-tin,D01,Điểm học bạ,2024,24.0,An toàn thông tin (kỹ sư)
173105,VKU,an-toan-thong-tin,D07,Điểm học bạ,2024,24.0,An toàn thông tin (kỹ sư)
173106,VKU,an-toan-thong-tin,A00,Điểm thi THPT,2024,23.0,An toàn thông tin (kỹ sư)
173107,VKU,an-toan-thong-tin,A01,Điểm thi THPT,2024,23.0,An toàn thông tin (kỹ sư)
173108,VKU,an-toan-thong-tin,D01,Điểm thi THPT,2024,23.0,An toàn thông tin (kỹ sư)
173109,VKU,an-toan-thong-tin,D90,Điểm thi THPT,2024,23.0,An toàn thông tin (kỹ sư)
173110,VKU,an-toan-thong-tin,A00,Điểm học bạ,2025,24.19,An toàn thông tin (kỹ sư)
173111,VKU,an-toan-thong-tin,A01,Điểm học bạ,2025,24.19,An toàn thông tin (kỹ sư)
173112,VKU,an-toan-thong-tin,D01,Điểm học bạ,2025,24.19,An toàn thông tin (kỹ sư)
173113,VKU,an-toan-thong-tin,D07,Điểm học bạ,2025,24.19,An toàn thông tin (kỹ sư)
173114,VKU,an-toan-thong-tin,X06,Điểm học bạ,2025,24.19,An toàn thông tin (kỹ sư)
173115,VKU,an-toan-thong-tin,X26,Điểm học bạ,2025,24.19,An toàn thông tin (kỹ sư)
173116,VKU,an-toan-thong-tin,A00,Điểm thi THPT,2025,19.0,An toàn thông tin (kỹ sư)
173117,VKU,an-toan-thong-tin,A01,Điểm thi THPT,2025,19.0,An toàn thông tin (kỹ sư)
173118,VKU,an-toan-thong-tin,D01,Điểm thi THPT,2025,19.0,An toàn thông tin (kỹ sư)
173119,VKU,an-toan-thong-tin,D07,Điểm thi THPT,2025,19.0,An toàn thông tin (kỹ sư)
173120,VKU,an-toan-thong-tin,X06,Điểm thi THPT,2025,19.0,An toàn thông tin (kỹ sư)
173121,VKU,an-toan-thong-tin,X26,Điểm thi THPT,2025,19.0,An toàn thông tin (kỹ sư)
173122,VKU,cong-nghe-game,A00,Điểm học bạ,2025,24.19,Chuyên ngành Công nghệ Game (kỹ sư)
173123,VKU,cong-nghe-game,A01,Điểm học bạ,2025,24.19,Chuyên ngành Công nghệ Game (kỹ sư)
173124,VKU,cong-nghe-game,D01,Điểm học bạ,2025,24.19,Chuyên ngành Công nghệ Game (kỹ sư)
173125,VKU,cong-nghe-game,D07,Điểm học bạ,2025,24.19,Chuyên ngành Công nghệ Game (kỹ sư)
173126,VKU,cong-nghe-game,X06,Điểm học bạ,2025,24.19,Chuyên ngành Công nghệ Game (kỹ sư)
173127,VKU,cong-nghe-game,X26,Điểm học bạ,2025,24.19,Chuyên ngành Công nghệ Game (kỹ sư)
173128,VKU,cong-nghe-game,A00,Điểm thi THPT,2025,19.0,Chuyên ngành Công nghệ Game (kỹ sư)
173129,VKU,cong-nghe-game,A01,Điểm thi THPT,2025,19.0,Chuyên ngành Công nghệ Game (kỹ sư)
173130,VKU,cong-nghe-game,D01,Điểm thi THPT,2025,19.0,Chuyên ngành Công nghệ Game (kỹ sư)
173131,VKU,cong-nghe-game,D07,Điểm thi THPT,2025,19.0,Chuyên ngành Công nghệ Game (kỹ sư)
173132,VKU,cong-nghe-game,X06,Điểm thi THPT,2025,19.0,Chuyên ngành Công nghệ Game (kỹ sư)
173133,VKU,cong-nghe-game,X26,Điểm thi THPT,2025,19.0,Chuyên ngành Công nghệ Game (kỹ sư)
173134,VKU,cong-nghe-ky-thuat-may-tinh,A00,Điểm thi THPT,2021,20.0,Công nghệ kỹ thuật máy tính
173135,VKU,cong-nghe-ky-thuat-may-tinh,A01,Điểm thi THPT,2021,20.0,Công nghệ kỹ thuật máy tính
173136,VKU,cong-nghe-ky-thuat-may-tinh,D01,Điểm thi THPT,2021,20.0,Công nghệ kỹ thuật máy tính
173137,VKU,cong-nghe-ky-thuat-may-tinh,D90,Điểm thi THPT,2021,20.0,Công nghệ kỹ thuật máy tính
173138,VKU,cong-nghe-ky-thuat-may-tinh,A00,Điểm học bạ,2022,24.0,Công nghệ kỹ thuật máy tính (kỹ sư)
173139,VKU,cong-nghe-ky-thuat-may-tinh,A01,Điểm học bạ,2022,24.0,Công nghệ kỹ thuật máy tính (kỹ sư)
173140,VKU,cong-nghe-ky-thuat-may-tinh,D01,Điểm học bạ,2022,24.0,Công nghệ kỹ thuật máy tính (kỹ sư)
173141,VKU,cong-nghe-ky-thuat-may-tinh,D90,Điểm học bạ,2022,24.0,Công nghệ kỹ thuật máy tính (kỹ sư)
173142,VKU,cong-nghe-ky-thuat-may-tinh,A00,Điểm thi THPT,2022,23.0,Công nghệ kỹ thuật máy tính (kỹ sư)
173143,VKU,cong-nghe-ky-thuat-may-tinh,A01,Điểm thi THPT,2022,23.0,Công nghệ kỹ thuật máy tính (kỹ sư)
173144,VKU,cong-nghe-ky-thuat-may-tinh,D01,Điểm thi THPT,2022,23.0,Công nghệ kỹ thuật máy tính (kỹ sư)
173145,VKU,cong-nghe-ky-thuat-may-tinh,D90,Điểm thi THPT,2022,23.0,Công nghệ kỹ thuật máy tính (kỹ sư)
173146,VKU,cong-nghe-ky-thuat-may-tinh,A00,Điểm học bạ,2023,24.0,Công nghệ kỹ thuật máy tính (kỹ sư)
173147,VKU,cong-nghe-ky-thuat-may-tinh,A01,Điểm học bạ,2023,24.0,Công nghệ kỹ thuật máy tính (kỹ sư)
173148,VKU,cong-nghe-ky-thuat-may-tinh,D01,Điểm học bạ,2023,24.0,Công nghệ kỹ thuật máy tính (kỹ sư)
173149,VKU,cong-nghe-ky-thuat-may-tinh,D07,Điểm học bạ,2023,24.0,Công nghệ kỹ thuật máy tính (kỹ sư)
173150,VKU,cong-nghe-ky-thuat-may-tinh,A00,Điểm thi THPT,2023,23.0,Công nghệ kỹ thuật máy tính (kỹ sư)
173151,VKU,cong-nghe-ky-thuat-may-tinh,A01,Điểm thi THPT,2023,23.0,Công nghệ kỹ thuật máy tính (kỹ sư)
173152,VKU,cong-nghe-ky-thuat-may-tinh,D01,Điểm thi THPT,2023,23.0,Công nghệ kỹ thuật máy tính (kỹ sư)
173153,VKU,cong-nghe-ky-thuat-may-tinh,D90,Điểm thi THPT,2023,23.0,Công nghệ kỹ thuật máy tính (kỹ sư)
173154,VKU,cong-nghe-ky-thuat-may-tinh,A00,Điểm học bạ,2024,24.0,Công nghệ kỹ thuật máy tính (kỹ sư)
173155,VKU,cong-nghe-ky-thuat-may-tinh,A01,Điểm học bạ,2024,24.0,Công nghệ kỹ thuật máy tính (kỹ sư)
173156,VKU,cong-nghe-ky-thuat-may-tinh,D01,Điểm học bạ,2024,24.0,Công nghệ kỹ thuật máy tính (kỹ sư)
173157,VKU,cong-nghe-ky-thuat-may-tinh,D07,Điểm học bạ,2024,24.0,Công nghệ kỹ thuật máy tính (kỹ sư)
173158,VKU,cong-nghe-ky-thuat-may-tinh,A00,Điểm thi THPT,2024,22.5,Công nghệ kỹ thuật máy tính (kỹ sư)
173159,VKU,cong-nghe-ky-thuat-may-tinh,A01,Điểm thi THPT,2024,22.5,Công nghệ kỹ thuật máy tính (kỹ sư)
173160,VKU,cong-nghe-ky-thuat-may-tinh,D01,Điểm thi THPT,2024,22.5,Công nghệ kỹ thuật máy tính (kỹ sư)
173161,VKU,cong-nghe-ky-thuat-may-tinh,D90,Điểm thi THPT,2024,22.5,Công nghệ kỹ thuật máy tính (kỹ sư)
173162,VKU,cong-nghe-ky-thuat-may-tinh,A00,Điểm học bạ,2025,24.71,Công nghệ kỹ thuật máy tính (kỹ sư)
173163,VKU,cong-nghe-ky-thuat-may-tinh,A01,Điểm học bạ,2025,24.71,Công nghệ kỹ thuật máy tính (kỹ sư)
173164,VKU,cong-nghe-ky-thuat-may-tinh,D01,Điểm học bạ,2025,24.71,Công nghệ kỹ thuật máy tính (kỹ sư)
173165,VKU,cong-nghe-ky-thuat-may-tinh,D07,Điểm học bạ,2025,24.71,Công nghệ kỹ thuật máy tính (kỹ sư)
173166,VKU,cong-nghe-ky-thuat-may-tinh,X06,Điểm học bạ,2025,24.71,Công nghệ kỹ thuật máy tính (kỹ sư)
173167,VKU,cong-nghe-ky-thuat-may-tinh,X26,Điểm học bạ,2025,24.71,Công nghệ kỹ thuật máy tính (kỹ sư)
173168,VKU,cong-nghe-ky-thuat-may-tinh,A00,Điểm thi THPT,2025,20.0,Công nghệ kỹ thuật máy tính (kỹ sư)
173169,VKU,cong-nghe-ky-thuat-may-tinh,A01,Điểm thi THPT,2025,20.0,Công nghệ kỹ thuật máy tính (kỹ sư)
173170,VKU,cong-nghe-ky-thuat-may-tinh,D01,Điểm thi THPT,2025,20.0,Công nghệ kỹ thuật máy tính (kỹ sư)
173171,VKU,cong-nghe-ky-thuat-may-tinh,D07,Điểm thi THPT,2025,20.0,Công nghệ kỹ thuật máy tính (kỹ sư)
173172,VKU,cong-nghe-ky-thuat-may-tinh,X06,Điểm thi THPT,2025,20.0,Công nghệ kỹ thuật máy tính (kỹ sư)
173173,VKU,cong-nghe-ky-thuat-may-tinh,X26,Điểm thi THPT,2025,20.0,Công nghệ kỹ thuật máy tính (kỹ sư)
173174,VKU,cong-nghe-tai-chinh,A00,Điểm học bạ,2025,25.65,Công nghệ tài chính
173175,VKU,cong-nghe-tai-chinh,A01,Điểm học bạ,2025,25.65,Công nghệ tài chính
173176,VKU,cong-nghe-tai-chinh,C03,Điểm học bạ,2025,25.65,Công nghệ tài chính
173177,VKU,cong-nghe-tai-chinh,D01,Điểm học bạ,2025,25.65,Công nghệ tài chính
173178,VKU,cong-nghe-tai-chinh,X02,Điểm học bạ,2025,25.65,Công nghệ tài chính
173179,VKU,cong-nghe-tai-chinh,X26,Điểm học bạ,2025,25.65,Công nghệ tài chính
173180,VKU,cong-nghe-tai-chinh,A00,Điểm thi THPT,2025,22.0,Công nghệ tài chính
173181,VKU,cong-nghe-tai-chinh,A01,Điểm thi THPT,2025,22.0,Công nghệ tài chính
173182,VKU,cong-nghe-tai-chinh,C03,Điểm thi THPT,2025,22.0,Công nghệ tài chính
173183,VKU,cong-nghe-tai-chinh,D01,Điểm thi THPT,2025,22.0,Công nghệ tài chính
173184,VKU,cong-nghe-tai-chinh,X02,Điểm thi THPT,2025,22.0,Công nghệ tài chính
173185,VKU,cong-nghe-tai-chinh,X26,Điểm thi THPT,2025,22.0,Công nghệ tài chính
173186,VKU,cong-nghe-thong-tin,A00,Điểm thi THPT,2021,23.0,Công nghệ thông tin
173187,VKU,cong-nghe-thong-tin,A01,Điểm thi THPT,2021,23.0,Công nghệ thông tin
173188,VKU,cong-nghe-thong-tin,D01,Điểm thi THPT,2021,23.0,Công nghệ thông tin
173189,VKU,cong-nghe-thong-tin,D90,Điểm thi THPT,2021,23.0,Công nghệ thông tin
173190,VKU,cong-nghe-thong-tin,A00,Điểm học bạ,2022,25.0,Công nghệ thông tin (kỹ sư)
173191,VKU,cong-nghe-thong-tin,A01,Điểm học bạ,2022,25.0,Công nghệ thông tin (kỹ sư)
173192,VKU,cong-nghe-thong-tin,D01,Điểm học bạ,2022,25.0,Công nghệ thông tin (kỹ sư)
173193,VKU,cong-nghe-thong-tin,D90,Điểm học bạ,2022,25.0,Công nghệ thông tin (kỹ sư)
173194,VKU,cong-nghe-thong-tin,A00,Điểm thi THPT,2022,25.0,Công nghệ thông tin (kỹ sư)
173195,VKU,cong-nghe-thong-tin,A01,Điểm thi THPT,2022,25.0,Công nghệ thông tin (kỹ sư)
173196,VKU,cong-nghe-thong-tin,D01,Điểm thi THPT,2022,25.0,Công nghệ thông tin (kỹ sư)
173197,VKU,cong-nghe-thong-tin,D90,Điểm thi THPT,2022,25.0,Công nghệ thông tin (kỹ sư)
173198,VKU,cong-nghe-thong-tin,A00,Điểm học bạ,2023,25.0,Công nghệ thông tin (kỹ sư)
173199,VKU,cong-nghe-thong-tin,A01,Điểm học bạ,2023,25.0,Công nghệ thông tin (kỹ sư)
173200,VKU,cong-nghe-thong-tin,D01,Điểm học bạ,2023,25.0,Công nghệ thông tin (kỹ sư)
173201,VKU,cong-nghe-thong-tin,D07,Điểm học bạ,2023,25.0,Công nghệ thông tin (kỹ sư)
173202,VKU,cong-nghe-thong-tin,A00,Điểm thi THPT,2023,25.01,Công nghệ thông tin (kỹ sư)
173203,VKU,cong-nghe-thong-tin,A01,Điểm thi THPT,2023,25.01,Công nghệ thông tin (kỹ sư)
173204,VKU,cong-nghe-thong-tin,D01,Điểm thi THPT,2023,25.01,Công nghệ thông tin (kỹ sư)
173205,VKU,cong-nghe-thong-tin,D90,Điểm thi THPT,2023,25.01,Công nghệ thông tin (kỹ sư)
173206,VKU,cong-nghe-thong-tin,A00,Điểm học bạ,2024,25.0,Công nghệ thông tin (kỹ sư)
173207,VKU,cong-nghe-thong-tin,A01,Điểm học bạ,2024,25.0,Công nghệ thông tin (kỹ sư)
173208,VKU,cong-nghe-thong-tin,D01,Điểm học bạ,2024,25.0,Công nghệ thông tin (kỹ sư)
173209,VKU,cong-nghe-thong-tin,D07,Điểm học bạ,2024,25.0,Công nghệ thông tin (kỹ sư)
173210,VKU,cong-nghe-thong-tin,A00,Điểm thi THPT,2024,23.0,Công nghệ thông tin (kỹ sư)
173211,VKU,cong-nghe-thong-tin,A01,Điểm thi THPT,2024,23.0,Công nghệ thông tin (kỹ sư)
173212,VKU,cong-nghe-thong-tin,D01,Điểm thi THPT,2024,23.0,Công nghệ thông tin (kỹ sư)
173213,VKU,cong-nghe-thong-tin,D90,Điểm thi THPT,2024,23.0,Công nghệ thông tin (kỹ sư)
173214,VKU,cong-nghe-thong-tin,A00,Điểm học bạ,2025,24.71,Công nghệ thông tin (kỹ sư)
173215,VKU,cong-nghe-thong-tin,A01,Điểm học bạ,2025,24.71,Công nghệ thông tin (kỹ sư)
173216,VKU,cong-nghe-thong-tin,D01,Điểm học bạ,2025,24.71,Công nghệ thông tin (kỹ sư)
173217,VKU,cong-nghe-thong-tin,D07,Điểm học bạ,2025,24.71,Công nghệ thông tin (kỹ sư)
173218,VKU,cong-nghe-thong-tin,X06,Điểm học bạ,2025,24.71,Công nghệ thông tin (kỹ sư)
173219,VKU,cong-nghe-thong-tin,X26,Điểm học bạ,2025,24.71,Công nghệ thông tin (kỹ sư)
173220,VKU,cong-nghe-thong-tin,A00,Điểm thi THPT,2025,20.0,Công nghệ thông tin (kỹ sư)
173221,VKU,cong-nghe-thong-tin,A01,Điểm thi THPT,2025,20.0,Công nghệ thông tin (kỹ sư)
173222,VKU,cong-nghe-thong-tin,D01,Điểm thi THPT,2025,20.0,Công nghệ thông tin (kỹ sư)
173223,VKU,cong-nghe-thong-tin,D07,Điểm thi THPT,2025,20.0,Công nghệ thông tin (kỹ sư)
173224,VKU,cong-nghe-thong-tin,X06,Điểm thi THPT,2025,20.0,Công nghệ thông tin (kỹ sư)
173225,VKU,cong-nghe-thong-tin,X26,Điểm thi THPT,2025,20.0,Công nghệ thông tin (kỹ sư)
173226,VKU,cong-nghe-truyen-thong,A00,Điểm học bạ,2024,25.5,Công nghệ truyền thông (cử nhân)
173227,VKU,cong-nghe-truyen-thong,A01,Điểm học bạ,2024,25.5,Công nghệ truyền thông (cử nhân)
173228,VKU,cong-nghe-truyen-thong,D01,Điểm học bạ,2024,25.5,Công nghệ truyền thông (cử nhân)
173229,VKU,cong-nghe-truyen-thong,D07,Điểm học bạ,2024,25.5,Công nghệ truyền thông (cử nhân)
173230,VKU,cong-nghe-truyen-thong,A00,Điểm thi THPT,2024,23.7,Công nghệ truyền thông (cử nhân)
173231,VKU,cong-nghe-truyen-thong,A01,Điểm thi THPT,2024,23.7,Công nghệ truyền thông (cử nhân)
173232,VKU,cong-nghe-truyen-thong,D01,Điểm thi THPT,2024,23.7,Công nghệ truyền thông (cử nhân)
173233,VKU,cong-nghe-truyen-thong,D90,Điểm thi THPT,2024,23.7,Công nghệ truyền thông (cử nhân)
173234,VKU,cong-nghe-truyen-thong,A00,Điểm học bạ,2025,25.19,Công nghệ truyền thông (cử nhân)
173235,VKU,cong-nghe-truyen-thong,A01,Điểm học bạ,2025,25.19,Công nghệ truyền thông (cử nhân)
173236,VKU,cong-nghe-truyen-thong,D01,Điểm học bạ,2025,25.19,Công nghệ truyền thông (cử nhân)
173237,VKU,cong-nghe-truyen-thong,X02,Điểm học bạ,2025,25.19,Công nghệ truyền thông (cử nhân)
173238,VKU,cong-nghe-truyen-thong,X06,Điểm học bạ,2025,25.19,Công nghệ truyền thông (cử nhân)
173239,VKU,cong-nghe-truyen-thong,X26,Điểm học bạ,2025,25.19,Công nghệ truyền thông (cử nhân)
173240,VKU,cong-nghe-truyen-thong,A00,Điểm thi THPT,2025,21.0,Công nghệ truyền thông (cử nhân)
173241,VKU,cong-nghe-truyen-thong,A01,Điểm thi THPT,2025,21.0,Công nghệ truyền thông (cử nhân)
173242,VKU,cong-nghe-truyen-thong,D01,Điểm thi THPT,2025,21.0,Công nghệ truyền thông (cử nhân)
173243,VKU,cong-nghe-truyen-thong,X02,Điểm thi THPT,2025,21.0,Công nghệ truyền thông (cử nhân)
173244,VKU,cong-nghe-truyen-thong,X06,Điểm thi THPT,2025,21.0,Công nghệ truyền thông (cử nhân)
173245,VKU,cong-nghe-truyen-thong,X26,Điểm thi THPT,2025,21.0,Công nghệ truyền thông (cử nhân)
173246,VKU,khoa-hoc-du-lieu-va-tri-tue-nhan-tao,A00,Điểm thi THPT,2021,21.05,Công nghệ thông tin (Chuyên ngành Khoa học dữ liệu và trí tuệ nhân tạo)
173247,VKU,khoa-hoc-du-lieu-va-tri-tue-nhan-tao,A01,Điểm thi THPT,2021,21.05,Công nghệ thông tin (Chuyên ngành Khoa học dữ liệu và trí tuệ nhân tạo)
173248,VKU,khoa-hoc-du-lieu-va-tri-tue-nhan-tao,D01,Điểm thi THPT,2021,21.05,Công nghệ thông tin (Chuyên ngành Khoa học dữ liệu và trí tuệ nhân tạo)
173249,VKU,khoa-hoc-du-lieu-va-tri-tue-nhan-tao,D90,Điểm thi THPT,2021,21.05,Công nghệ thông tin (Chuyên ngành Khoa học dữ liệu và trí tuệ nhân tạo)
173250,VKU,khoa-hoc-du-lieu-va-tri-tue-nhan-tao,A00,Điểm học bạ,2022,25.0,Công nghệ thông tin - Chuyên ngành Khoa học dữ liệu và Trí tuệ nhân tạo (kỹ sư)
173251,VKU,khoa-hoc-du-lieu-va-tri-tue-nhan-tao,A01,Điểm học bạ,2022,25.0,Công nghệ thông tin - Chuyên ngành Khoa học dữ liệu và Trí tuệ nhân tạo (kỹ sư)
173252,VKU,khoa-hoc-du-lieu-va-tri-tue-nhan-tao,D01,Điểm học bạ,2022,25.0,Công nghệ thông tin - Chuyên ngành Khoa học dữ liệu và Trí tuệ nhân tạo (kỹ sư)
173253,VKU,khoa-hoc-du-lieu-va-tri-tue-nhan-tao,D90,Điểm học bạ,2022,25.0,Công nghệ thông tin - Chuyên ngành Khoa học dữ liệu và Trí tuệ nhân tạo (kỹ sư)
173254,VKU,khoa-hoc-du-lieu-va-tri-tue-nhan-tao,A00,Điểm thi THPT,2022,24.0,Công nghệ thông tin - chuyên ngành Khoa học dữ liệu và Trí tuệ nhân tạo (kỹ sư)
173255,VKU,khoa-hoc-du-lieu-va-tri-tue-nhan-tao,A01,Điểm thi THPT,2022,24.0,Công nghệ thông tin - chuyên ngành Khoa học dữ liệu và Trí tuệ nhân tạo (kỹ sư)
173256,VKU,khoa-hoc-du-lieu-va-tri-tue-nhan-tao,D01,Điểm thi THPT,2022,24.0,Công nghệ thông tin - chuyên ngành Khoa học dữ liệu và Trí tuệ nhân tạo (kỹ sư)
173257,VKU,khoa-hoc-du-lieu-va-tri-tue-nhan-tao,D90,Điểm thi THPT,2022,24.0,Công nghệ thông tin - chuyên ngành Khoa học dữ liệu và Trí tuệ nhân tạo (kỹ sư)
173258,VKU,ky-thuat-phan-mem-o-to,A00,Điểm học bạ,2025,23.28,Chuyên ngành Kỹ thuật phần mềm ô tô (kỹ sư)
173259,VKU,ky-thuat-phan-mem-o-to,A01,Điểm học bạ,2025,23.28,Chuyên ngành Kỹ thuật phần mềm ô tô (kỹ sư)
173260,VKU,ky-thuat-phan-mem-o-to,D01,Điểm học bạ,2025,23.28,Chuyên ngành Kỹ thuật phần mềm ô tô (kỹ sư)
173261,VKU,ky-thuat-phan-mem-o-to,D07,Điểm học bạ,2025,23.28,Chuyên ngành Kỹ thuật phần mềm ô tô (kỹ sư)
173262,VKU,ky-thuat-phan-mem-o-to,X06,Điểm học bạ,2025,23.28,Chuyên ngành Kỹ thuật phần mềm ô tô (kỹ sư)
173263,VKU,ky-thuat-phan-mem-o-to,X26,Điểm học bạ,2025,23.28,Chuyên ngành Kỹ thuật phần mềm ô tô (kỹ sư)
173264,VKU,ky-thuat-phan-mem-o-to,A00,Điểm thi THPT,2025,18.0,Chuyên ngành Kỹ thuật phần mềm ô tô (kỹ sư)
173265,VKU,ky-thuat-phan-mem-o-to,A01,Điểm thi THPT,2025,18.0,Chuyên ngành Kỹ thuật phần mềm ô tô (kỹ sư)
173266,VKU,ky-thuat-phan-mem-o-to,D01,Điểm thi THPT,2025,18.0,Chuyên ngành Kỹ thuật phần mềm ô tô (kỹ sư)
173267,VKU,ky-thuat-phan-mem-o-to,D07,Điểm thi THPT,2025,18.0,Chuyên ngành Kỹ thuật phần mềm ô tô (kỹ sư)
173268,VKU,ky-thuat-phan-mem-o-to,X06,Điểm thi THPT,2025,18.0,Chuyên ngành Kỹ thuật phần mềm ô tô (kỹ sư)
173269,VKU,ky-thuat-phan-mem-o-to,X26,Điểm thi THPT,2025,18.0,Chuyên ngành Kỹ thuật phần mềm ô tô (kỹ sư)
173270,VKU,mang-va-an-toan-thong-tin,A00,Điểm học bạ,2022,25.0,Công nghệ thông tin - chuyên ngành Mạng và An toàn thông tin (kỹ sư)
173271,VKU,mang-va-an-toan-thong-tin,A01,Điểm học bạ,2022,25.0,Công nghệ thông tin - chuyên ngành Mạng và An toàn thông tin (kỹ sư)
173272,VKU,mang-va-an-toan-thong-tin,D01,Điểm học bạ,2022,25.0,Công nghệ thông tin - chuyên ngành Mạng và An toàn thông tin (kỹ sư)
173273,VKU,mang-va-an-toan-thong-tin,D90,Điểm học bạ,2022,25.0,Công nghệ thông tin - chuyên ngành Mạng và An toàn thông tin (kỹ sư)
173274,VKU,mang-va-an-toan-thong-tin,A00,Điểm thi THPT,2022,23.0,Công nghệ thông tin - chuyên ngành Mạng và An toàn thông tin (kỹ sư)
173275,VKU,mang-va-an-toan-thong-tin,A01,Điểm thi THPT,2022,23.0,Công nghệ thông tin - chuyên ngành Mạng và An toàn thông tin (kỹ sư)
173276,VKU,mang-va-an-toan-thong-tin,D01,Điểm thi THPT,2022,23.0,Công nghệ thông tin - chuyên ngành Mạng và An toàn thông tin (kỹ sư)
173277,VKU,mang-va-an-toan-thong-tin,D90,Điểm thi THPT,2022,23.0,Công nghệ thông tin - chuyên ngành Mạng và An toàn thông tin (kỹ sư)
173278,VKU,mang-va-an-toan-thong-tin,A00,Điểm học bạ,2023,25.0,Công nghệ thông tin - Chuyên ngành Mạng và An toàn thông tin (kỹ sư)
173279,VKU,mang-va-an-toan-thong-tin,A01,Điểm học bạ,2023,25.0,Công nghệ thông tin - Chuyên ngành Mạng và An toàn thông tin (kỹ sư)
173280,VKU,mang-va-an-toan-thong-tin,D01,Điểm học bạ,2023,25.0,Công nghệ thông tin - Chuyên ngành Mạng và An toàn thông tin (kỹ sư)
173281,VKU,mang-va-an-toan-thong-tin,D07,Điểm học bạ,2023,25.0,Công nghệ thông tin - Chuyên ngành Mạng và An toàn thông tin (kỹ sư)
173282,VKU,mang-va-an-toan-thong-tin,A00,Điểm thi THPT,2023,23.0,Công nghệ thông tin - Chuyên ngành Mạng và An toàn thông tin (kỹ sự)
173283,VKU,mang-va-an-toan-thong-tin,A01,Điểm thi THPT,2023,23.0,Công nghệ thông tin - Chuyên ngành Mạng và An toàn thông tin (kỹ sự)
173284,VKU,mang-va-an-toan-thong-tin,D01,Điểm thi THPT,2023,23.0,Công nghệ thông tin - Chuyên ngành Mạng và An toàn thông tin (kỹ sự)
173285,VKU,mang-va-an-toan-thong-tin,D90,Điểm thi THPT,2023,23.0,Công nghệ thông tin - Chuyên ngành Mạng và An toàn thông tin (kỹ sự)
173286,VKU,marketing,A00,Điểm học bạ,2024,26.0,Marketing
173287,VKU,marketing,A01,Điểm học bạ,2024,26.0,Marketing
173288,VKU,marketing,D01,Điểm học bạ,2024,26.0,Marketing
173289,VKU,marketing,D07,Điểm học bạ,2024,26.0,Marketing
173290,VKU,marketing,A00,Điểm thi THPT,2024,24.01,Marketing
173291,VKU,marketing,A01,Điểm thi THPT,2024,24.01,Marketing
173292,VKU,marketing,D01,Điểm thi THPT,2024,24.01,Marketing
173293,VKU,marketing,D90,Điểm thi THPT,2024,24.01,Marketing
173294,VKU,marketing,A00,Điểm học bạ,2025,26.22,Marketing
173295,VKU,marketing,A01,Điểm học bạ,2025,26.22,Marketing
173296,VKU,marketing,C03,Điểm học bạ,2025,26.22,Marketing
173297,VKU,marketing,D01,Điểm học bạ,2025,26.22,Marketing
173298,VKU,marketing,X02,Điểm học bạ,2025,26.22,Marketing
173299,VKU,marketing,X26,Điểm học bạ,2025,26.22,Marketing
173300,VKU,marketing,A00,Điểm thi THPT,2025,23.25,Marketing
173301,VKU,marketing,A01,Điểm thi THPT,2025,23.25,Marketing
173302,VKU,marketing,C03,Điểm thi THPT,2025,23.25,Marketing
173303,VKU,marketing,D01,Điểm thi THPT,2025,23.25,Marketing
173304,VKU,marketing,X02,Điểm thi THPT,2025,23.25,Marketing
173305,VKU,marketing,X26,Điểm thi THPT,2025,23.25,Marketing
173306,VKU,marketing-ky-thuat-so,A00,Điểm học bạ,2022,25.0,Quản trị kinh doanh - Chuyên ngành Marketing kỹ thuật số
173307,VKU,marketing-ky-thuat-so,A01,Điểm học bạ,2022,25.0,Quản trị kinh doanh - Chuyên ngành Marketing kỹ thuật số
173308,VKU,marketing-ky-thuat-so,D01,Điểm học bạ,2022,25.0,Quản trị kinh doanh - Chuyên ngành Marketing kỹ thuật số
173309,VKU,marketing-ky-thuat-so,D90,Điểm học bạ,2022,25.0,Quản trị kinh doanh - Chuyên ngành Marketing kỹ thuật số
173310,VKU,marketing-ky-thuat-so,A00,Điểm thi THPT,2022,24.0,Quản trị kinh doanh - chuyên ngành Marketing kỹ thuật số
173311,VKU,marketing-ky-thuat-so,A01,Điểm thi THPT,2022,24.0,Quản trị kinh doanh - chuyên ngành Marketing kỹ thuật số
173312,VKU,marketing-ky-thuat-so,D01,Điểm thi THPT,2022,24.0,Quản trị kinh doanh - chuyên ngành Marketing kỹ thuật số
173313,VKU,marketing-ky-thuat-so,D90,Điểm thi THPT,2022,24.0,Quản trị kinh doanh - chuyên ngành Marketing kỹ thuật số
173314,VKU,marketing-ky-thuat-so,A00,Điểm học bạ,2023,25.5,Quản trị kinh doanh - Chuyên ngành Marketing kỹ thuật số
173315,VKU,marketing-ky-thuat-so,A01,Điểm học bạ,2023,25.5,Quản trị kinh doanh - Chuyên ngành Marketing kỹ thuật số
173316,VKU,marketing-ky-thuat-so,D01,Điểm học bạ,2023,25.5,Quản trị kinh doanh - Chuyên ngành Marketing kỹ thuật số
173317,VKU,marketing-ky-thuat-so,D07,Điểm học bạ,2023,25.5,Quản trị kinh doanh - Chuyên ngành Marketing kỹ thuật số
173318,VKU,marketing-ky-thuat-so,A00,Điểm thi THPT,2023,23.0,Quản tri kinh doanh - Chuyên ngành Marketing kỹ thuật số
173319,VKU,marketing-ky-thuat-so,A01,Điểm thi THPT,2023,23.0,Quản tri kinh doanh - Chuyên ngành Marketing kỹ thuật số
173320,VKU,marketing-ky-thuat-so,D01,Điểm thi THPT,2023,23.0,Quản tri kinh doanh - Chuyên ngành Marketing kỹ thuật số
173321,VKU,marketing-ky-thuat-so,D90,Điểm thi THPT,2023,23.0,Quản tri kinh doanh - Chuyên ngành Marketing kỹ thuật số
173322,VKU,phan-tich-du-lieu,A00,Điểm học bạ,2025,25.19,Chuyên ngành Phân tích dữ liệu (kỹ sư)
173323,VKU,phan-tich-du-lieu,A01,Điểm học bạ,2025,25.19,Chuyên ngành Phân tích dữ liệu (kỹ sư)
173324,VKU,phan-tich-du-lieu,D01,Điểm học bạ,2025,25.19,Chuyên ngành Phân tích dữ liệu (kỹ sư)
173325,VKU,phan-tich-du-lieu,D07,Điểm học bạ,2025,25.19,Chuyên ngành Phân tích dữ liệu (kỹ sư)
173326,VKU,phan-tich-du-lieu,X06,Điểm học bạ,2025,25.19,Chuyên ngành Phân tích dữ liệu (kỹ sư)
173327,VKU,phan-tich-du-lieu,X26,Điểm học bạ,2025,25.19,Chuyên ngành Phân tích dữ liệu (kỹ sư)
173328,VKU,phan-tich-du-lieu,A00,Điểm thi THPT,2025,21.0,Chuyên ngành Phân tích dữ liệu (kỹ sư)
173329,VKU,phan-tich-du-lieu,A01,Điểm thi THPT,2025,21.0,Chuyên ngành Phân tích dữ liệu (kỹ sư)
173330,VKU,phan-tich-du-lieu,D01,Điểm thi THPT,2025,21.0,Chuyên ngành Phân tích dữ liệu (kỹ sư)
173331,VKU,phan-tich-du-lieu,D07,Điểm thi THPT,2025,21.0,Chuyên ngành Phân tích dữ liệu (kỹ sư)
173332,VKU,phan-tich-du-lieu,X06,Điểm thi THPT,2025,21.0,Chuyên ngành Phân tích dữ liệu (kỹ sư)
173333,VKU,phan-tich-du-lieu,X26,Điểm thi THPT,2025,21.0,Chuyên ngành Phân tích dữ liệu (kỹ sư)
173334,VKU,quan-ti-tai-chinh-so,A00,Điểm thi THPT,2022,22.0,Quản trị kinh doanh - chuyên ngành Quản tị Tài chính số
173335,VKU,quan-ti-tai-chinh-so,A01,Điểm thi THPT,2022,22.0,Quản trị kinh doanh - chuyên ngành Quản tị Tài chính số
173336,VKU,quan-ti-tai-chinh-so,D01,Điểm thi THPT,2022,22.0,Quản trị kinh doanh - chuyên ngành Quản tị Tài chính số
173337,VKU,quan-ti-tai-chinh-so,D90,Điểm thi THPT,2022,22.0,Quản trị kinh doanh - chuyên ngành Quản tị Tài chính số
173338,VKU,quan-tri-dich-vu-du-lich-va-lu-hanh-so,A00,Điểm thi THPT,2021,20.5,Quản trị kinh doanh (Chuyên ngành Quản trị dịch vụ du lịch và lữ hành số)
173339,VKU,quan-tri-dich-vu-du-lich-va-lu-hanh-so,A01,Điểm thi THPT,2021,20.5,Quản trị kinh doanh (Chuyên ngành Quản trị dịch vụ du lịch và lữ hành số)
173340,VKU,quan-tri-dich-vu-du-lich-va-lu-hanh-so,D01,Điểm thi THPT,2021,20.5,Quản trị kinh doanh (Chuyên ngành Quản trị dịch vụ du lịch và lữ hành số)
173341,VKU,quan-tri-dich-vu-du-lich-va-lu-hanh-so,D90,Điểm thi THPT,2021,20.5,Quản trị kinh doanh (Chuyên ngành Quản trị dịch vụ du lịch và lữ hành số)
173342,VKU,quan-tri-dich-vu-du-lich-va-lu-hanh-so,A00,Điểm học bạ,2022,25.0,Quản trị kinh doanh - chuyên ngành Quản trị dịch vụ du lịch và lữ hành số
173343,VKU,quan-tri-dich-vu-du-lich-va-lu-hanh-so,A01,Điểm học bạ,2022,25.0,Quản trị kinh doanh - chuyên ngành Quản trị dịch vụ du lịch và lữ hành số
173344,VKU,quan-tri-dich-vu-du-lich-va-lu-hanh-so,D01,Điểm học bạ,2022,25.0,Quản trị kinh doanh - chuyên ngành Quản trị dịch vụ du lịch và lữ hành số
173345,VKU,quan-tri-dich-vu-du-lich-va-lu-hanh-so,D90,Điểm học bạ,2022,25.0,Quản trị kinh doanh - chuyên ngành Quản trị dịch vụ du lịch và lữ hành số
173346,VKU,quan-tri-dich-vu-du-lich-va-lu-hanh-so,A00,Điểm thi THPT,2022,23.0,Quản trị kinh doanh - chuyên ngành Quản trị Dịch vụ Du lịch và Lữ hành số
173347,VKU,quan-tri-dich-vu-du-lich-va-lu-hanh-so,A01,Điểm thi THPT,2022,23.0,Quản trị kinh doanh - chuyên ngành Quản trị Dịch vụ Du lịch và Lữ hành số
173348,VKU,quan-tri-dich-vu-du-lich-va-lu-hanh-so,D01,Điểm thi THPT,2022,23.0,Quản trị kinh doanh - chuyên ngành Quản trị Dịch vụ Du lịch và Lữ hành số
173349,VKU,quan-tri-dich-vu-du-lich-va-lu-hanh-so,D90,Điểm thi THPT,2022,23.0,Quản trị kinh doanh - chuyên ngành Quản trị Dịch vụ Du lịch và Lữ hành số
173350,VKU,quan-tri-dich-vu-du-lich-va-lu-hanh-so,A00,Điểm học bạ,2023,25.0,Quản trị kinh doanh - Chuyên ngành Quản trị dịch vụ du lịch và lữ hành số
173351,VKU,quan-tri-dich-vu-du-lich-va-lu-hanh-so,A01,Điểm học bạ,2023,25.0,Quản trị kinh doanh - Chuyên ngành Quản trị dịch vụ du lịch và lữ hành số
173352,VKU,quan-tri-dich-vu-du-lich-va-lu-hanh-so,D01,Điểm học bạ,2023,25.0,Quản trị kinh doanh - Chuyên ngành Quản trị dịch vụ du lịch và lữ hành số
173353,VKU,quan-tri-dich-vu-du-lich-va-lu-hanh-so,D07,Điểm học bạ,2023,25.0,Quản trị kinh doanh - Chuyên ngành Quản trị dịch vụ du lịch và lữ hành số
173354,VKU,quan-tri-dich-vu-du-lich-va-lu-hanh-so,A00,Điểm thi THPT,2023,22.5,Quản trị kinh doanh - Chuyên ngành Quản trị dịch vụ du lịch và lữ hành số
173355,VKU,quan-tri-dich-vu-du-lich-va-lu-hanh-so,A01,Điểm thi THPT,2023,22.5,Quản trị kinh doanh - Chuyên ngành Quản trị dịch vụ du lịch và lữ hành số
173356,VKU,quan-tri-dich-vu-du-lich-va-lu-hanh-so,D01,Điểm thi THPT,2023,22.5,Quản trị kinh doanh - Chuyên ngành Quản trị dịch vụ du lịch và lữ hành số
173357,VKU,quan-tri-dich-vu-du-lich-va-lu-hanh-so,D90,Điểm thi THPT,2023,22.5,Quản trị kinh doanh - Chuyên ngành Quản trị dịch vụ du lịch và lữ hành số
173358,VKU,quan-tri-dich-vu-du-lich-va-lu-hanh-so,A00,Điểm học bạ,2024,25.0,Quản trị kinh doanh - Chuyên ngành Quản trị dịch vụ du lịch và lữ hành số
173359,VKU,quan-tri-dich-vu-du-lich-va-lu-hanh-so,A01,Điểm học bạ,2024,25.0,Quản trị kinh doanh - Chuyên ngành Quản trị dịch vụ du lịch và lữ hành số
173360,VKU,quan-tri-dich-vu-du-lich-va-lu-hanh-so,D01,Điểm học bạ,2024,25.0,Quản trị kinh doanh - Chuyên ngành Quản trị dịch vụ du lịch và lữ hành số
173361,VKU,quan-tri-dich-vu-du-lich-va-lu-hanh-so,D07,Điểm học bạ,2024,25.0,Quản trị kinh doanh - Chuyên ngành Quản trị dịch vụ du lịch và lữ hành số
173362,VKU,quan-tri-dich-vu-du-lich-va-lu-hanh-so,A00,Điểm thi THPT,2024,23.5,Quản trị kinh doanh - Chuyên ngành Quản trị dịch vụ du lịch và lữ hành số
173363,VKU,quan-tri-dich-vu-du-lich-va-lu-hanh-so,A01,Điểm thi THPT,2024,23.5,Quản trị kinh doanh - Chuyên ngành Quản trị dịch vụ du lịch và lữ hành số
173364,VKU,quan-tri-dich-vu-du-lich-va-lu-hanh-so,D01,Điểm thi THPT,2024,23.5,Quản trị kinh doanh - Chuyên ngành Quản trị dịch vụ du lịch và lữ hành số
173365,VKU,quan-tri-dich-vu-du-lich-va-lu-hanh-so,D90,Điểm thi THPT,2024,23.5,Quản trị kinh doanh - Chuyên ngành Quản trị dịch vụ du lịch và lữ hành số
173366,VKU,quan-tri-dich-vu-du-lich-va-lu-hanh-so,A00,Điểm học bạ,2025,26.06,Chuyên ngành Quản trị dịch vụ du lịch và lữ hành số
173367,VKU,quan-tri-dich-vu-du-lich-va-lu-hanh-so,A01,Điểm học bạ,2025,26.06,Chuyên ngành Quản trị dịch vụ du lịch và lữ hành số
173368,VKU,quan-tri-dich-vu-du-lich-va-lu-hanh-so,C03,Điểm học bạ,2025,26.06,Chuyên ngành Quản trị dịch vụ du lịch và lữ hành số
173369,VKU,quan-tri-dich-vu-du-lich-va-lu-hanh-so,D01,Điểm học bạ,2025,26.06,Chuyên ngành Quản trị dịch vụ du lịch và lữ hành số
173370,VKU,quan-tri-dich-vu-du-lich-va-lu-hanh-so,X02,Điểm học bạ,2025,26.06,Chuyên ngành Quản trị dịch vụ du lịch và lữ hành số
173371,VKU,quan-tri-dich-vu-du-lich-va-lu-hanh-so,X26,Điểm học bạ,2025,26.06,Chuyên ngành Quản trị dịch vụ du lịch và lữ hành số
173372,VKU,quan-tri-dich-vu-du-lich-va-lu-hanh-so,A00,Điểm thi THPT,2025,23.0,Chuyên ngành Quản trị dịch vụ du lịch và lữ hành số
173373,VKU,quan-tri-dich-vu-du-lich-va-lu-hanh-so,A01,Điểm thi THPT,2025,23.0,Chuyên ngành Quản trị dịch vụ du lịch và lữ hành số
173374,VKU,quan-tri-dich-vu-du-lich-va-lu-hanh-so,C03,Điểm thi THPT,2025,23.0,Chuyên ngành Quản trị dịch vụ du lịch và lữ hành số
173375,VKU,quan-tri-dich-vu-du-lich-va-lu-hanh-so,D01,Điểm thi THPT,2025,23.0,Chuyên ngành Quản trị dịch vụ du lịch và lữ hành số
173376,VKU,quan-tri-dich-vu-du-lich-va-lu-hanh-so,X02,Điểm thi THPT,2025,23.0,Chuyên ngành Quản trị dịch vụ du lịch và lữ hành số
173377,VKU,quan-tri-dich-vu-du-lich-va-lu-hanh-so,X26,Điểm thi THPT,2025,23.0,Chuyên ngành Quản trị dịch vụ du lịch và lữ hành số
173378,VKU,quan-tri-du-an-cong-nghe-thong-tin,A00,Điểm học bạ,2022,24.0,Quản trị kinh doanh - chuyên ngành Quản trị dự án Công nghệ thông tin
173379,VKU,quan-tri-du-an-cong-nghe-thong-tin,A01,Điểm học bạ,2022,24.0,Quản trị kinh doanh - chuyên ngành Quản trị dự án Công nghệ thông tin
173380,VKU,quan-tri-du-an-cong-nghe-thong-tin,D01,Điểm học bạ,2022,24.0,Quản trị kinh doanh - chuyên ngành Quản trị dự án Công nghệ thông tin
173381,VKU,quan-tri-du-an-cong-nghe-thong-tin,D90,Điểm học bạ,2022,24.0,Quản trị kinh doanh - chuyên ngành Quản trị dự án Công nghệ thông tin
173382,VKU,quan-tri-du-an-cong-nghe-thong-tin,A00,Điểm thi THPT,2022,20.05,Quản trị kinh doanh - chuyên ngành Quản trị Dự án Công nghệ thông tin
173383,VKU,quan-tri-du-an-cong-nghe-thong-tin,A01,Điểm thi THPT,2022,20.05,Quản trị kinh doanh - chuyên ngành Quản trị Dự án Công nghệ thông tin
173384,VKU,quan-tri-du-an-cong-nghe-thong-tin,D01,Điểm thi THPT,2022,20.05,Quản trị kinh doanh - chuyên ngành Quản trị Dự án Công nghệ thông tin
173385,VKU,quan-tri-du-an-cong-nghe-thong-tin,D90,Điểm thi THPT,2022,20.05,Quản trị kinh doanh - chuyên ngành Quản trị Dự án Công nghệ thông tin
173386,VKU,quan-tri-du-an-cong-nghe-thong-tin,A00,Điểm học bạ,2023,24.0,Quản trị kinh doanh - Chuyên ngành Quản trị Dự án Công nghệ thông tin
173387,VKU,quan-tri-du-an-cong-nghe-thong-tin,A01,Điểm học bạ,2023,24.0,Quản trị kinh doanh - Chuyên ngành Quản trị Dự án Công nghệ thông tin
173388,VKU,quan-tri-du-an-cong-nghe-thong-tin,D01,Điểm học bạ,2023,24.0,Quản trị kinh doanh - Chuyên ngành Quản trị Dự án Công nghệ thông tin
173389,VKU,quan-tri-du-an-cong-nghe-thong-tin,D07,Điểm học bạ,2023,24.0,Quản trị kinh doanh - Chuyên ngành Quản trị Dự án Công nghệ thông tin
173390,VKU,quan-tri-du-an-cong-nghe-thong-tin,A00,Điểm thi THPT,2023,22.0,Quản trị kinh doanh - Chuyên ngành Quản trị dự án Công nghệ thông tin
173391,VKU,quan-tri-du-an-cong-nghe-thong-tin,A01,Điểm thi THPT,2023,22.0,Quản trị kinh doanh - Chuyên ngành Quản trị dự án Công nghệ thông tin
173392,VKU,quan-tri-du-an-cong-nghe-thong-tin,D01,Điểm thi THPT,2023,22.0,Quản trị kinh doanh - Chuyên ngành Quản trị dự án Công nghệ thông tin
173393,VKU,quan-tri-du-an-cong-nghe-thong-tin,D90,Điểm thi THPT,2023,22.0,Quản trị kinh doanh - Chuyên ngành Quản trị dự án Công nghệ thông tin
173394,VKU,quan-tri-du-an-cong-nghe-thong-tin,A00,Điểm học bạ,2024,24.0,Quản trị kinh doanh - Chuyên ngành Quản trị dự án Công nghệ thông tin
173395,VKU,quan-tri-du-an-cong-nghe-thong-tin,A01,Điểm học bạ,2024,24.0,Quản trị kinh doanh - Chuyên ngành Quản trị dự án Công nghệ thông tin
173396,VKU,quan-tri-du-an-cong-nghe-thong-tin,D01,Điểm học bạ,2024,24.0,Quản trị kinh doanh - Chuyên ngành Quản trị dự án Công nghệ thông tin
173397,VKU,quan-tri-du-an-cong-nghe-thong-tin,D07,Điểm học bạ,2024,24.0,Quản trị kinh doanh - Chuyên ngành Quản trị dự án Công nghệ thông tin
173398,VKU,quan-tri-du-an-cong-nghe-thong-tin,A00,Điểm thi THPT,2024,22.5,Quản trị kinh doanh - Chuyên ngành Quản trị dự án Công nghệ thông tin
173399,VKU,quan-tri-du-an-cong-nghe-thong-tin,A01,Điểm thi THPT,2024,22.5,Quản trị kinh doanh - Chuyên ngành Quản trị dự án Công nghệ thông tin
173400,VKU,quan-tri-du-an-cong-nghe-thong-tin,D01,Điểm thi THPT,2024,22.5,Quản trị kinh doanh - Chuyên ngành Quản trị dự án Công nghệ thông tin
173401,VKU,quan-tri-du-an-cong-nghe-thong-tin,D90,Điểm thi THPT,2024,22.5,Quản trị kinh doanh - Chuyên ngành Quản trị dự án Công nghệ thông tin
173402,VKU,quan-tri-du-an-cong-nghe-thong-tin,A00,Điểm học bạ,2025,24.71,Chuyên ngành Quản trị dự án Công nghệ thông tin
173403,VKU,quan-tri-du-an-cong-nghe-thong-tin,A01,Điểm học bạ,2025,24.71,Chuyên ngành Quản trị dự án Công nghệ thông tin
173404,VKU,quan-tri-du-an-cong-nghe-thong-tin,C03,Điểm học bạ,2025,24.71,Chuyên ngành Quản trị dự án Công nghệ thông tin
173405,VKU,quan-tri-du-an-cong-nghe-thong-tin,D01,Điểm học bạ,2025,24.71,Chuyên ngành Quản trị dự án Công nghệ thông tin
173406,VKU,quan-tri-du-an-cong-nghe-thong-tin,X02,Điểm học bạ,2025,24.71,Chuyên ngành Quản trị dự án Công nghệ thông tin
173407,VKU,quan-tri-du-an-cong-nghe-thong-tin,X26,Điểm học bạ,2025,24.71,Chuyên ngành Quản trị dự án Công nghệ thông tin
173408,VKU,quan-tri-du-an-cong-nghe-thong-tin,A00,Điểm thi THPT,2025,20.0,Chuyên ngành Quản trị dự án Công nghệ thông tin
173409,VKU,quan-tri-du-an-cong-nghe-thong-tin,A01,Điểm thi THPT,2025,20.0,Chuyên ngành Quản trị dự án Công nghệ thông tin
173410,VKU,quan-tri-du-an-cong-nghe-thong-tin,C03,Điểm thi THPT,2025,20.0,Chuyên ngành Quản trị dự án Công nghệ thông tin
173411,VKU,quan-tri-du-an-cong-nghe-thong-tin,D01,Điểm thi THPT,2025,20.0,Chuyên ngành Quản trị dự án Công nghệ thông tin
173412,VKU,quan-tri-du-an-cong-nghe-thong-tin,X02,Điểm thi THPT,2025,20.0,Chuyên ngành Quản trị dự án Công nghệ thông tin
173413,VKU,quan-tri-du-an-cong-nghe-thong-tin,X26,Điểm thi THPT,2025,20.0,Chuyên ngành Quản trị dự án Công nghệ thông tin
173414,VKU,quan-tri-kinh-doanh,A00,Điểm thi THPT,2021,22.5,Quản trị kinh doanh
173415,VKU,quan-tri-kinh-doanh,A01,Điểm thi THPT,2021,22.5,Quản trị kinh doanh
173416,VKU,quan-tri-kinh-doanh,D01,Điểm thi THPT,2021,22.5,Quản trị kinh doanh
173417,VKU,quan-tri-kinh-doanh,D90,Điểm thi THPT,2021,22.5,Quản trị kinh doanh
173418,VKU,quan-tri-kinh-doanh,A00,Điểm học bạ,2022,24.0,Quản trị kinh doanh
173419,VKU,quan-tri-kinh-doanh,A01,Điểm học bạ,2022,24.0,Quản trị kinh doanh
173420,VKU,quan-tri-kinh-doanh,D01,Điểm học bạ,2022,24.0,Quản trị kinh doanh
173421,VKU,quan-tri-kinh-doanh,D90,Điểm học bạ,2022,24.0,Quản trị kinh doanh
173422,VKU,quan-tri-kinh-doanh,A00,Điểm thi THPT,2022,24.0,Quản trị kinh doanh
173423,VKU,quan-tri-kinh-doanh,A01,Điểm thi THPT,2022,24.0,Quản trị kinh doanh
173424,VKU,quan-tri-kinh-doanh,D01,Điểm thi THPT,2022,24.0,Quản trị kinh doanh
173425,VKU,quan-tri-kinh-doanh,D90,Điểm thi THPT,2022,24.0,Quản trị kinh doanh
173426,VKU,quan-tri-kinh-doanh,A00,Điểm học bạ,2023,24.5,Quản trị kinh doanh
173427,VKU,quan-tri-kinh-doanh,A01,Điểm học bạ,2023,24.5,Quản trị kinh doanh
173428,VKU,quan-tri-kinh-doanh,D01,Điểm học bạ,2023,24.5,Quản trị kinh doanh
173429,VKU,quan-tri-kinh-doanh,D07,Điểm học bạ,2023,24.5,Quản trị kinh doanh
173430,VKU,quan-tri-kinh-doanh,A00,Điểm thi THPT,2023,23.0,Quản trị kinh doanh
173431,VKU,quan-tri-kinh-doanh,A01,Điểm thi THPT,2023,23.0,Quản trị kinh doanh
173432,VKU,quan-tri-kinh-doanh,D01,Điểm thi THPT,2023,23.0,Quản trị kinh doanh
173433,VKU,quan-tri-kinh-doanh,D90,Điểm thi THPT,2023,23.0,Quản trị kinh doanh
173434,VKU,quan-tri-kinh-doanh,A00,Điểm học bạ,2024,25.0,Quản trị kinh doanh
173435,VKU,quan-tri-kinh-doanh,A01,Điểm học bạ,2024,25.0,Quản trị kinh doanh
173436,VKU,quan-tri-kinh-doanh,D01,Điểm học bạ,2024,25.0,Quản trị kinh doanh
173437,VKU,quan-tri-kinh-doanh,D07,Điểm học bạ,2024,25.0,Quản trị kinh doanh
173438,VKU,quan-tri-kinh-doanh,A00,Điểm thi THPT,2024,23.28,Quản trị kinh doanh
173439,VKU,quan-tri-kinh-doanh,A01,Điểm thi THPT,2024,23.28,Quản trị kinh doanh
173440,VKU,quan-tri-kinh-doanh,D01,Điểm thi THPT,2024,23.28,Quản trị kinh doanh
173441,VKU,quan-tri-kinh-doanh,D90,Điểm thi THPT,2024,23.28,Quản trị kinh doanh
173442,VKU,quan-tri-kinh-doanh,A00,Điểm học bạ,2025,25.65,Quản trị kinh doanh
173443,VKU,quan-tri-kinh-doanh,A01,Điểm học bạ,2025,25.65,Quản trị kinh doanh
173444,VKU,quan-tri-kinh-doanh,C03,Điểm học bạ,2025,25.65,Quản trị kinh doanh
173445,VKU,quan-tri-kinh-doanh,D01,Điểm học bạ,2025,25.65,Quản trị kinh doanh
173446,VKU,quan-tri-kinh-doanh,X02,Điểm học bạ,2025,25.65,Quản trị kinh doanh
173447,VKU,quan-tri-kinh-doanh,X26,Điểm học bạ,2025,25.65,Quản trị kinh doanh
173448,VKU,quan-tri-kinh-doanh,A00,Điểm thi THPT,2025,22.0,Quản trị kinh doanh
173449,VKU,quan-tri-kinh-doanh,A01,Điểm thi THPT,2025,22.0,Quản trị kinh doanh
173450,VKU,quan-tri-kinh-doanh,C03,Điểm thi THPT,2025,22.0,Quản trị kinh doanh
173451,VKU,quan-tri-kinh-doanh,D01,Điểm thi THPT,2025,22.0,Quản trị kinh doanh
173452,VKU,quan-tri-kinh-doanh,X02,Điểm thi THPT,2025,22.0,Quản trị kinh doanh
173453,VKU,quan-tri-kinh-doanh,X26,Điểm thi THPT,2025,22.0,Quản trị kinh doanh
173454,VKU,quan-tri-logistics-va-chuoi-cung-ung-so,A00,Điểm thi THPT,2021,23.0,Quản trị kinh doanh (Chuyên ngành Quản trị Logistics và chuỗi cung ứng số)
173455,VKU,quan-tri-logistics-va-chuoi-cung-ung-so,A01,Điểm thi THPT,2021,23.0,Quản trị kinh doanh (Chuyên ngành Quản trị Logistics và chuỗi cung ứng số)
173456,VKU,quan-tri-logistics-va-chuoi-cung-ung-so,D01,Điểm thi THPT,2021,23.0,Quản trị kinh doanh (Chuyên ngành Quản trị Logistics và chuỗi cung ứng số)
173457,VKU,quan-tri-logistics-va-chuoi-cung-ung-so,D90,Điểm thi THPT,2021,23.0,Quản trị kinh doanh (Chuyên ngành Quản trị Logistics và chuỗi cung ứng số)
173458,VKU,quan-tri-logistics-va-chuoi-cung-ung-so,A00,Điểm học bạ,2022,25.0,Quản trị kinh doanh - chuyên ngành Quản trị Logistics và chuỗi cung ứng số
173459,VKU,quan-tri-logistics-va-chuoi-cung-ung-so,A01,Điểm học bạ,2022,25.0,Quản trị kinh doanh - chuyên ngành Quản trị Logistics và chuỗi cung ứng số
173460,VKU,quan-tri-logistics-va-chuoi-cung-ung-so,D01,Điểm học bạ,2022,25.0,Quản trị kinh doanh - chuyên ngành Quản trị Logistics và chuỗi cung ứng số
173461,VKU,quan-tri-logistics-va-chuoi-cung-ung-so,D90,Điểm học bạ,2022,25.0,Quản trị kinh doanh - chuyên ngành Quản trị Logistics và chuỗi cung ứng số
173462,VKU,quan-tri-logistics-va-chuoi-cung-ung-so,A00,Điểm thi THPT,2022,25.0,Quản trị kinh doanh - chuyên ngành Quản trị Logistics và Chuỗi cung ứng số
173463,VKU,quan-tri-logistics-va-chuoi-cung-ung-so,A01,Điểm thi THPT,2022,25.0,Quản trị kinh doanh - chuyên ngành Quản trị Logistics và Chuỗi cung ứng số
173464,VKU,quan-tri-logistics-va-chuoi-cung-ung-so,D01,Điểm thi THPT,2022,25.0,Quản trị kinh doanh - chuyên ngành Quản trị Logistics và Chuỗi cung ứng số
173465,VKU,quan-tri-logistics-va-chuoi-cung-ung-so,D90,Điểm thi THPT,2022,25.0,Quản trị kinh doanh - chuyên ngành Quản trị Logistics và Chuỗi cung ứng số
173466,VKU,quan-tri-logistics-va-chuoi-cung-ung-so,A00,Điểm học bạ,2023,26.0,Quản trị kinh doanh - Chuyên ngành Quản trị Logistics và chuỗi cung ứng số
173467,VKU,quan-tri-logistics-va-chuoi-cung-ung-so,A01,Điểm học bạ,2023,26.0,Quản trị kinh doanh - Chuyên ngành Quản trị Logistics và chuỗi cung ứng số
173468,VKU,quan-tri-logistics-va-chuoi-cung-ung-so,D01,Điểm học bạ,2023,26.0,Quản trị kinh doanh - Chuyên ngành Quản trị Logistics và chuỗi cung ứng số
173469,VKU,quan-tri-logistics-va-chuoi-cung-ung-so,D07,Điểm học bạ,2023,26.0,Quản trị kinh doanh - Chuyên ngành Quản trị Logistics và chuỗi cung ứng số
173470,VKU,quan-tri-logistics-va-chuoi-cung-ung-so,A00,Điểm thi THPT,2023,23.0,Quản trị kinh doanh - Chuyên ngành Quản trị Logistics và chuỗi cung ứng số
173471,VKU,quan-tri-logistics-va-chuoi-cung-ung-so,A01,Điểm thi THPT,2023,23.0,Quản trị kinh doanh - Chuyên ngành Quản trị Logistics và chuỗi cung ứng số
173472,VKU,quan-tri-logistics-va-chuoi-cung-ung-so,D01,Điểm thi THPT,2023,23.0,Quản trị kinh doanh - Chuyên ngành Quản trị Logistics và chuỗi cung ứng số
173473,VKU,quan-tri-logistics-va-chuoi-cung-ung-so,D90,Điểm thi THPT,2023,23.0,Quản trị kinh doanh - Chuyên ngành Quản trị Logistics và chuỗi cung ứng số
173474,VKU,quan-tri-logistics-va-chuoi-cung-ung-so,A00,Điểm học bạ,2024,26.0,Quản trị kinh doanh - Chuyên ngành Quản trị Logistics và chuỗi cung ứng số
173475,VKU,quan-tri-logistics-va-chuoi-cung-ung-so,A01,Điểm học bạ,2024,26.0,Quản trị kinh doanh - Chuyên ngành Quản trị Logistics và chuỗi cung ứng số
173476,VKU,quan-tri-logistics-va-chuoi-cung-ung-so,D01,Điểm học bạ,2024,26.0,Quản trị kinh doanh - Chuyên ngành Quản trị Logistics và chuỗi cung ứng số
173477,VKU,quan-tri-logistics-va-chuoi-cung-ung-so,D07,Điểm học bạ,2024,26.0,Quản trị kinh doanh - Chuyên ngành Quản trị Logistics và chuỗi cung ứng số
173478,VKU,quan-tri-logistics-va-chuoi-cung-ung-so,A00,Điểm thi THPT,2024,24.0,Quản trị kinh doanh - Chuyên ngành Quản trị Logistics và chuỗi cung ứng số
173479,VKU,quan-tri-logistics-va-chuoi-cung-ung-so,A01,Điểm thi THPT,2024,24.0,Quản trị kinh doanh - Chuyên ngành Quản trị Logistics và chuỗi cung ứng số
173480,VKU,quan-tri-logistics-va-chuoi-cung-ung-so,D01,Điểm thi THPT,2024,24.0,Quản trị kinh doanh - Chuyên ngành Quản trị Logistics và chuỗi cung ứng số
173481,VKU,quan-tri-logistics-va-chuoi-cung-ung-so,D90,Điểm thi THPT,2024,24.0,Quản trị kinh doanh - Chuyên ngành Quản trị Logistics và chuỗi cung ứng số
173482,VKU,quan-tri-logistics-va-chuoi-cung-ung-so,A00,Điểm học bạ,2025,26.3,Chuyên ngành Quản trị Logistics và chuỗi cung ứng số
173483,VKU,quan-tri-logistics-va-chuoi-cung-ung-so,A01,Điểm học bạ,2025,26.3,Chuyên ngành Quản trị Logistics và chuỗi cung ứng số
173484,VKU,quan-tri-logistics-va-chuoi-cung-ung-so,C03,Điểm học bạ,2025,26.3,Chuyên ngành Quản trị Logistics và chuỗi cung ứng số
173485,VKU,quan-tri-logistics-va-chuoi-cung-ung-so,D01,Điểm học bạ,2025,26.3,Chuyên ngành Quản trị Logistics và chuỗi cung ứng số
173486,VKU,quan-tri-logistics-va-chuoi-cung-ung-so,X02,Điểm học bạ,2025,26.3,Chuyên ngành Quản trị Logistics và chuỗi cung ứng số
173487,VKU,quan-tri-logistics-va-chuoi-cung-ung-so,X26,Điểm học bạ,2025,26.3,Chuyên ngành Quản trị Logistics và chuỗi cung ứng số
173488,VKU,quan-tri-logistics-va-chuoi-cung-ung-so,A00,Điểm thi THPT,2025,23.5,Chuyên ngành Quản trị Logistics và chuỗi cung ứng số
173489,VKU,quan-tri-logistics-va-chuoi-cung-ung-so,A01,Điểm thi THPT,2025,23.5,Chuyên ngành Quản trị Logistics và chuỗi cung ứng số
173490,VKU,quan-tri-logistics-va-chuoi-cung-ung-so,C03,Điểm thi THPT,2025,23.5,Chuyên ngành Quản trị Logistics và chuỗi cung ứng số
173491,VKU,quan-tri-logistics-va-chuoi-cung-ung-so,D01,Điểm thi THPT,2025,23.5,Chuyên ngành Quản trị Logistics và chuỗi cung ứng số
173492,VKU,quan-tri-logistics-va-chuoi-cung-ung-so,X02,Điểm thi THPT,2025,23.5,Chuyên ngành Quản trị Logistics và chuỗi cung ứng số
173493,VKU,quan-tri-logistics-va-chuoi-cung-ung-so,X26,Điểm thi THPT,2025,23.5,Chuyên ngành Quản trị Logistics và chuỗi cung ứng số
173494,VKU,quan-tri-tai-chinh-so,A00,Điểm học bạ,2022,24.0,Quản trị kinh doanh - chuyên ngành Quản trị tài chính số
173495,VKU,quan-tri-tai-chinh-so,A01,Điểm học bạ,2022,24.0,Quản trị kinh doanh - chuyên ngành Quản trị tài chính số
173496,VKU,quan-tri-tai-chinh-so,D01,Điểm học bạ,2022,24.0,Quản trị kinh doanh - chuyên ngành Quản trị tài chính số
173497,VKU,quan-tri-tai-chinh-so,D90,Điểm học bạ,2022,24.0,Quản trị kinh doanh - chuyên ngành Quản trị tài chính số
173498,VKU,quan-tri-tai-chinh-so,A00,Điểm học bạ,2023,24.0,Quản trị kinh doanh - Chuyên ngành Quản trị tài chính số
173499,VKU,quan-tri-tai-chinh-so,A01,Điểm học bạ,2023,24.0,Quản trị kinh doanh - Chuyên ngành Quản trị tài chính số
173500,VKU,quan-tri-tai-chinh-so,D01,Điểm học bạ,2023,24.0,Quản trị kinh doanh - Chuyên ngành Quản trị tài chính số
173501,VKU,quan-tri-tai-chinh-so,D07,Điểm học bạ,2023,24.0,Quản trị kinh doanh - Chuyên ngành Quản trị tài chính số
173502,VKU,quan-tri-tai-chinh-so,A00,Điểm thi THPT,2023,22.5,Quản tri kinh doanh - Chuyên ngành Quản trị tài chính số
173503,VKU,quan-tri-tai-chinh-so,A01,Điểm thi THPT,2023,22.5,Quản tri kinh doanh - Chuyên ngành Quản trị tài chính số
173504,VKU,quan-tri-tai-chinh-so,D01,Điểm thi THPT,2023,22.5,Quản tri kinh doanh - Chuyên ngành Quản trị tài chính số
173505,VKU,quan-tri-tai-chinh-so,D90,Điểm thi THPT,2023,22.5,Quản tri kinh doanh - Chuyên ngành Quản trị tài chính số
173506,VKU,quan-tri-tai-chinh-so,A00,Điểm học bạ,2024,24.0,Quản trị kinh doanh - Chuyên ngành Quản trị tài chính số
173507,VKU,quan-tri-tai-chinh-so,A01,Điểm học bạ,2024,24.0,Quản trị kinh doanh - Chuyên ngành Quản trị tài chính số
173508,VKU,quan-tri-tai-chinh-so,D01,Điểm học bạ,2024,24.0,Quản trị kinh doanh - Chuyên ngành Quản trị tài chính số
173509,VKU,quan-tri-tai-chinh-so,D07,Điểm học bạ,2024,24.0,Quản trị kinh doanh - Chuyên ngành Quản trị tài chính số
173510,VKU,quan-tri-tai-chinh-so,A00,Điểm thi THPT,2024,23.28,Quản trị kinh doanh - Chuyên ngành Quản trị tài chính số
173511,VKU,quan-tri-tai-chinh-so,A01,Điểm thi THPT,2024,23.28,Quản trị kinh doanh - Chuyên ngành Quản trị tài chính số
173512,VKU,quan-tri-tai-chinh-so,D01,Điểm thi THPT,2024,23.28,Quản trị kinh doanh - Chuyên ngành Quản trị tài chính số
173513,VKU,quan-tri-tai-chinh-so,D90,Điểm thi THPT,2024,23.28,Quản trị kinh doanh - Chuyên ngành Quản trị tài chính số
173514,VKU,thiet-ke-my-thuat-so,A00,Điểm thi THPT,2021,21.5,Công nghệ thông tin (Chuyên ngành Thiết kế Mỹ thuật số)
173515,VKU,thiet-ke-my-thuat-so,A01,Điểm thi THPT,2021,21.5,Công nghệ thông tin (Chuyên ngành Thiết kế Mỹ thuật số)
173516,VKU,thiet-ke-my-thuat-so,D01,Điểm thi THPT,2021,21.5,Công nghệ thông tin (Chuyên ngành Thiết kế Mỹ thuật số)
173517,VKU,thiet-ke-my-thuat-so,D90,Điểm thi THPT,2021,21.5,Công nghệ thông tin (Chuyên ngành Thiết kế Mỹ thuật số)
173518,VKU,thiet-ke-my-thuat-so,A00,Điểm học bạ,2022,25.0,Công nghệ thông tin - Chuyên ngành Thiết kế Mỹ thuật số (kỹ sư)
173519,VKU,thiet-ke-my-thuat-so,A01,Điểm học bạ,2022,25.0,Công nghệ thông tin - Chuyên ngành Thiết kế Mỹ thuật số (kỹ sư)
173520,VKU,thiet-ke-my-thuat-so,D01,Điểm học bạ,2022,25.0,Công nghệ thông tin - Chuyên ngành Thiết kế Mỹ thuật số (kỹ sư)
173521,VKU,thiet-ke-my-thuat-so,D90,Điểm học bạ,2022,25.0,Công nghệ thông tin - Chuyên ngành Thiết kế Mỹ thuật số (kỹ sư)
173522,VKU,thiet-ke-my-thuat-so,A00,Điểm thi THPT,2022,23.0,Công nghệ thông tin - chuyên ngành Thiết kế Mỹ thuật số (kỹ sư)
173523,VKU,thiet-ke-my-thuat-so,A01,Điểm thi THPT,2022,23.0,Công nghệ thông tin - chuyên ngành Thiết kế Mỹ thuật số (kỹ sư)
173524,VKU,thiet-ke-my-thuat-so,D01,Điểm thi THPT,2022,23.0,Công nghệ thông tin - chuyên ngành Thiết kế Mỹ thuật số (kỹ sư)
173525,VKU,thiet-ke-my-thuat-so,D90,Điểm thi THPT,2022,23.0,Công nghệ thông tin - chuyên ngành Thiết kế Mỹ thuật số (kỹ sư)
173526,VKU,thiet-ke-my-thuat-so,A00,Điểm học bạ,2023,24.5,Công nghệ thông tin - Chuyên ngành Thiết kế Mỹ thuật số (kỹ sư)
173527,VKU,thiet-ke-my-thuat-so,A01,Điểm học bạ,2023,24.5,Công nghệ thông tin - Chuyên ngành Thiết kế Mỹ thuật số (kỹ sư)
173528,VKU,thiet-ke-my-thuat-so,D01,Điểm học bạ,2023,24.5,Công nghệ thông tin - Chuyên ngành Thiết kế Mỹ thuật số (kỹ sư)
173529,VKU,thiet-ke-my-thuat-so,D07,Điểm học bạ,2023,24.5,Công nghệ thông tin - Chuyên ngành Thiết kế Mỹ thuật số (kỹ sư)
173530,VKU,thiet-ke-my-thuat-so,A00,Điểm thi THPT,2023,24.0,Công nghệ thông tin - Chuyên ngành Thiết kế Mỹ thuật số (kỹ sư)
173531,VKU,thiet-ke-my-thuat-so,A01,Điểm thi THPT,2023,24.0,Công nghệ thông tin - Chuyên ngành Thiết kế Mỹ thuật số (kỹ sư)
173532,VKU,thiet-ke-my-thuat-so,D01,Điểm thi THPT,2023,24.0,Công nghệ thông tin - Chuyên ngành Thiết kế Mỹ thuật số (kỹ sư)
173533,VKU,thiet-ke-my-thuat-so,D90,Điểm thi THPT,2023,24.0,Công nghệ thông tin - Chuyên ngành Thiết kế Mỹ thuật số (kỹ sư)
173534,VKU,thiet-ke-my-thuat-so,A00,Điểm học bạ,2024,25.5,Công nghệ truyền thông - Chuyên ngành Thiết kế Mỹ thuật số (cử nhân)
173535,VKU,thiet-ke-my-thuat-so,A01,Điểm học bạ,2024,25.5,Công nghệ truyền thông - Chuyên ngành Thiết kế Mỹ thuật số (cử nhân)
173536,VKU,thiet-ke-my-thuat-so,D01,Điểm học bạ,2024,25.5,Công nghệ truyền thông - Chuyên ngành Thiết kế Mỹ thuật số (cử nhân)
173537,VKU,thiet-ke-my-thuat-so,D07,Điểm học bạ,2024,25.5,Công nghệ truyền thông - Chuyên ngành Thiết kế Mỹ thuật số (cử nhân)
173538,VKU,thiet-ke-my-thuat-so,A00,Điểm thi THPT,2024,23.52,Công nghệ truyền thông - Chuyên ngành Thiết kế Mỹ thuật số (cử nhân)
173539,VKU,thiet-ke-my-thuat-so,A01,Điểm thi THPT,2024,23.52,Công nghệ truyền thông - Chuyên ngành Thiết kế Mỹ thuật số (cử nhân)
173540,VKU,thiet-ke-my-thuat-so,D01,Điểm thi THPT,2024,23.52,Công nghệ truyền thông - Chuyên ngành Thiết kế Mỹ thuật số (cử nhân)
173541,VKU,thiet-ke-my-thuat-so,D90,Điểm thi THPT,2024,23.52,Công nghệ truyền thông - Chuyên ngành Thiết kế Mỹ thuật số (cử nhân)
173542,VKU,thiet-ke-my-thuat-so,A00,Điểm học bạ,2025,25.19,Chuyên ngành Thiết kế Mỹ thuật số (cử nhân)
173543,VKU,thiet-ke-my-thuat-so,A01,Điểm học bạ,2025,25.19,Chuyên ngành Thiết kế Mỹ thuật số (cử nhân)
173544,VKU,thiet-ke-my-thuat-so,D01,Điểm học bạ,2025,25.19,Chuyên ngành Thiết kế Mỹ thuật số (cử nhân)
173545,VKU,thiet-ke-my-thuat-so,X02,Điểm học bạ,2025,25.19,Chuyên ngành Thiết kế Mỹ thuật số (cử nhân)
173546,VKU,thiet-ke-my-thuat-so,X06,Điểm học bạ,2025,25.19,Chuyên ngành Thiết kế Mỹ thuật số (cử nhân)
173547,VKU,thiet-ke-my-thuat-so,X26,Điểm học bạ,2025,25.19,Chuyên ngành Thiết kế Mỹ thuật số (cử nhân)
173548,VKU,thiet-ke-my-thuat-so,A00,Điểm thi THPT,2025,21.0,Chuyên ngành Thiết kế Mỹ thuật số (cử nhân)
173549,VKU,thiet-ke-my-thuat-so,A01,Điểm thi THPT,2025,21.0,Chuyên ngành Thiết kế Mỹ thuật số (cử nhân)
173550,VKU,thiet-ke-my-thuat-so,D01,Điểm thi THPT,2025,21.0,Chuyên ngành Thiết kế Mỹ thuật số (cử nhân)
173551,VKU,thiet-ke-my-thuat-so,X02,Điểm thi THPT,2025,21.0,Chuyên ngành Thiết kế Mỹ thuật số (cử nhân)
173552,VKU,thiet-ke-my-thuat-so,X06,Điểm thi THPT,2025,21.0,Chuyên ngành Thiết kế Mỹ thuật số (cử nhân)
173553,VKU,thiet-ke-my-thuat-so,X26,Điểm thi THPT,2025,21.0,Chuyên ngành Thiết kế Mỹ thuật số (cử nhân)
173554,VKU,thiet-ke-vi-mach-ban-dan,A00,Điểm học bạ,2024,27.0,Công nghệ kỹ thuật máy tính - chuyên ngành Thiết kế vi mạch bán dẫn (kỹ sư)
173555,VKU,thiet-ke-vi-mach-ban-dan,A01,Điểm học bạ,2024,27.0,Công nghệ kỹ thuật máy tính - chuyên ngành Thiết kế vi mạch bán dẫn (kỹ sư)
173556,VKU,thiet-ke-vi-mach-ban-dan,D01,Điểm học bạ,2024,27.0,Công nghệ kỹ thuật máy tính - chuyên ngành Thiết kế vi mạch bán dẫn (kỹ sư)
173557,VKU,thiet-ke-vi-mach-ban-dan,D07,Điểm học bạ,2024,27.0,Công nghệ kỹ thuật máy tính - chuyên ngành Thiết kế vi mạch bán dẫn (kỹ sư)
173558,VKU,thiet-ke-vi-mach-ban-dan,A00,Điểm thi THPT,2024,27.0,Công nghệ kỹ thuật máy tính - chuyên ngành Thiết kế vi mạch bán dẫn (kỹ sư)
173559,VKU,thiet-ke-vi-mach-ban-dan,A01,Điểm thi THPT,2024,27.0,Công nghệ kỹ thuật máy tính - chuyên ngành Thiết kế vi mạch bán dẫn (kỹ sư)
173560,VKU,thiet-ke-vi-mach-ban-dan,D01,Điểm thi THPT,2024,27.0,Công nghệ kỹ thuật máy tính - chuyên ngành Thiết kế vi mạch bán dẫn (kỹ sư)
173561,VKU,thiet-ke-vi-mach-ban-dan,D90,Điểm thi THPT,2024,27.0,Công nghệ kỹ thuật máy tính - chuyên ngành Thiết kế vi mạch bán dẫn (kỹ sư)
173562,VKU,thiet-ke-vi-mach-ban-dan,A00,Điểm học bạ,2025,26.56,Chuyên ngành Thiết kế vi mạch bán dẫn (kỹ sư)
173563,VKU,thiet-ke-vi-mach-ban-dan,A01,Điểm học bạ,2025,26.56,Chuyên ngành Thiết kế vi mạch bán dẫn (kỹ sư)
173564,VKU,thiet-ke-vi-mach-ban-dan,C01,Điểm học bạ,2025,26.56,Chuyên ngành Thiết kế vi mạch bán dẫn (kỹ sư)
173565,VKU,thiet-ke-vi-mach-ban-dan,D07,Điểm học bạ,2025,26.56,Chuyên ngành Thiết kế vi mạch bán dẫn (kỹ sư)
173566,VKU,thiet-ke-vi-mach-ban-dan,X06,Điểm học bạ,2025,26.56,Chuyên ngành Thiết kế vi mạch bán dẫn (kỹ sư)
173567,VKU,thiet-ke-vi-mach-ban-dan,X26,Điểm học bạ,2025,26.56,Chuyên ngành Thiết kế vi mạch bán dẫn (kỹ sư)
173568,VKU,thiet-ke-vi-mach-ban-dan,A00,Điểm thi THPT,2025,24.0,Chuyên ngành Thiết kế vi mạch bán dẫn (kỹ sư)
173569,VKU,thiet-ke-vi-mach-ban-dan,A01,Điểm thi THPT,2025,24.0,Chuyên ngành Thiết kế vi mạch bán dẫn (kỹ sư)
173570,VKU,thiet-ke-vi-mach-ban-dan,C01,Điểm thi THPT,2025,24.0,Chuyên ngành Thiết kế vi mạch bán dẫn (kỹ sư)
173571,VKU,thiet-ke-vi-mach-ban-dan,D07,Điểm thi THPT,2025,24.0,Chuyên ngành Thiết kế vi mạch bán dẫn (kỹ sư)
173572,VKU,thiet-ke-vi-mach-ban-dan,X06,Điểm thi THPT,2025,24.0,Chuyên ngành Thiết kế vi mạch bán dẫn (kỹ sư)
173573,VKU,thiet-ke-vi-mach-ban-dan,X26,Điểm thi THPT,2025,24.0,Chuyên ngành Thiết kế vi mạch bán dẫn (kỹ sư)
173574,VKU,tri-tue-nhan-tao,A00,Điểm học bạ,2023,25.0,Trí tuệ nhân tạo (kỹ sư)
173575,VKU,tri-tue-nhan-tao,A01,Điểm học bạ,2023,25.0,Trí tuệ nhân tạo (kỹ sư)
173576,VKU,tri-tue-nhan-tao,D01,Điểm học bạ,2023,25.0,Trí tuệ nhân tạo (kỹ sư)
173577,VKU,tri-tue-nhan-tao,D07,Điểm học bạ,2023,25.0,Trí tuệ nhân tạo (kỹ sư)
173578,VKU,tri-tue-nhan-tao,A00,Điểm thi THPT,2023,25.01,Trí tuệ nhân tạo (kỹ sư)
173579,VKU,tri-tue-nhan-tao,A01,Điểm thi THPT,2023,25.01,Trí tuệ nhân tạo (kỹ sư)
173580,VKU,tri-tue-nhan-tao,D01,Điểm thi THPT,2023,25.01,Trí tuệ nhân tạo (kỹ sư)
173581,VKU,tri-tue-nhan-tao,D90,Điểm thi THPT,2023,25.01,Trí tuệ nhân tạo (kỹ sư)
173582,VKU,tri-tue-nhan-tao,A00,Điểm học bạ,2024,25.0,Trí tuệ nhân tạo (kỹ sư)
173583,VKU,tri-tue-nhan-tao,A01,Điểm học bạ,2024,25.0,Trí tuệ nhân tạo (kỹ sư)
173584,VKU,tri-tue-nhan-tao,D01,Điểm học bạ,2024,25.0,Trí tuệ nhân tạo (kỹ sư)
173585,VKU,tri-tue-nhan-tao,D07,Điểm học bạ,2024,25.0,Trí tuệ nhân tạo (kỹ sư)
173586,VKU,tri-tue-nhan-tao,A00,Điểm thi THPT,2024,23.0,Trí tuệ nhân tạo (kỹ sư)
173587,VKU,tri-tue-nhan-tao,A01,Điểm thi THPT,2024,23.0,Trí tuệ nhân tạo (kỹ sư)
173588,VKU,tri-tue-nhan-tao,D01,Điểm thi THPT,2024,23.0,Trí tuệ nhân tạo (kỹ sư)
173589,VKU,tri-tue-nhan-tao,D90,Điểm thi THPT,2024,23.0,Trí tuệ nhân tạo (kỹ sư)
173590,VKU,tri-tue-nhan-tao,A00,Điểm học bạ,2025,25.19,Trí tuệ nhân tạo (kỹ sư)
173591,VKU,tri-tue-nhan-tao,A01,Điểm học bạ,2025,25.19,Trí tuệ nhân tạo (kỹ sư)
173592,VKU,tri-tue-nhan-tao,D01,Điểm học bạ,2025,25.19,Trí tuệ nhân tạo (kỹ sư)
173593,VKU,tri-tue-nhan-tao,D07,Điểm học bạ,2025,25.19,Trí tuệ nhân tạo (kỹ sư)
173594,VKU,tri-tue-nhan-tao,X06,Điểm học bạ,2025,25.19,Trí tuệ nhân tạo (kỹ sư)
173595,VKU,tri-tue-nhan-tao,X26,Điểm học bạ,2025,25.19,Trí tuệ nhân tạo (kỹ sư)
173596,VKU,tri-tue-nhan-tao,A00,Điểm thi THPT,2025,21.0,Trí tuệ nhân tạo (kỹ sư)
173597,VKU,tri-tue-nhan-tao,A01,Điểm thi THPT,2025,21.0,Trí tuệ nhân tạo (kỹ sư)
173598,VKU,tri-tue-nhan-tao,D01,Điểm thi THPT,2025,21.0,Trí tuệ nhân tạo (kỹ sư)
173599,VKU,tri-tue-nhan-tao,D07,Điểm thi THPT,2025,21.0,Trí tuệ nhân tạo (kỹ sư)
173600,VKU,tri-tue-nhan-tao,X06,Điểm thi THPT,2025,21.0,Trí tuệ nhân tạo (kỹ sư)
173601,VKU,tri-tue-nhan-tao,X26,Điểm thi THPT,2025,21.0,Trí tuệ nhân tạo (kỹ sư)
173602,VLU,an-ninh-va-an-toan-thong-tin,A00,Điểm thi THPT,2021,15.0,An ninh và an toàn thông tin
173603,VLU,an-ninh-va-an-toan-thong-tin,A01,Điểm thi THPT,2021,15.0,An ninh và an toàn thông tin
173604,VLU,an-ninh-va-an-toan-thong-tin,C04,Điểm thi THPT,2021,15.0,An ninh và an toàn thông tin
173605,VLU,an-ninh-va-an-toan-thong-tin,D01,Điểm thi THPT,2021,15.0,An ninh và an toàn thông tin
173606,VLU,chinh-tri-hoc,C03,Điểm học bạ,2025,18.0,Chính trị học
173607,VLU,chinh-tri-hoc,C14,Điểm học bạ,2025,18.0,Chính trị học
173608,VLU,chinh-tri-hoc,C19,Điểm học bạ,2025,18.0,Chính trị học
173609,VLU,chinh-tri-hoc,C20,Điểm học bạ,2025,18.0,Chính trị học
173610,VLU,chinh-tri-hoc,D01,Điểm học bạ,2025,18.0,Chính trị học
173611,VLU,chinh-tri-hoc,D09,Điểm học bạ,2025,18.0,Chính trị học
173612,VLU,chinh-tri-hoc,D15,Điểm học bạ,2025,18.0,Chính trị học
173613,VLU,chinh-tri-hoc,D66,Điểm học bạ,2025,18.0,Chính trị học
173614,VLU,chinh-tri-hoc,X01,Điểm học bạ,2025,18.0,Chính trị học
173615,VLU,chinh-tri-hoc,X70,Điểm học bạ,2025,18.0,Chính trị học
173616,VLU,chinh-tri-hoc,X74,Điểm học bạ,2025,18.0,Chính trị học
173617,VLU,chinh-tri-hoc,X78,Điểm học bạ,2025,18.0,Chính trị học
173618,VLU,chinh-tri-hoc,C03,Điểm thi THPT,2025,14.0,Chính trị học
173619,VLU,chinh-tri-hoc,C14,Điểm thi THPT,2025,14.0,Chính trị học
173620,VLU,chinh-tri-hoc,C19,Điểm thi THPT,2025,14.0,Chính trị học
173621,VLU,chinh-tri-hoc,C20,Điểm thi THPT,2025,14.0,Chính trị học
173622,VLU,chinh-tri-hoc,D01,Điểm thi THPT,2025,14.0,Chính trị học
173623,VLU,chinh-tri-hoc,D09,Điểm thi THPT,2025,14.0,Chính trị học
173624,VLU,chinh-tri-hoc,D15,Điểm thi THPT,2025,14.0,Chính trị học
173625,VLU,chinh-tri-hoc,D66,Điểm thi THPT,2025,14.0,Chính trị học
173626,VLU,chinh-tri-hoc,X01,Điểm thi THPT,2025,14.0,Chính trị học
173627,VLU,chinh-tri-hoc,X70,Điểm thi THPT,2025,14.0,Chính trị học
173628,VLU,chinh-tri-hoc,X74,Điểm thi THPT,2025,14.0,Chính trị học
173629,VLU,chinh-tri-hoc,X78,Điểm thi THPT,2025,14.0,Chính trị học
173630,VLU,chuyen-sau-cong-nghe-ky-thuat-o-to,A01,Điểm thi THPT,2021,19.0,Chuyên sâu công nghệ kỹ thuật ô tô
173631,VLU,chuyen-sau-cong-nghe-ky-thuat-o-to,C04,Điểm thi THPT,2021,19.0,Chuyên sâu công nghệ kỹ thuật ô tô
173632,VLU,chuyen-sau-cong-nghe-ky-thuat-o-to,C14,Điểm thi THPT,2021,19.0,Chuyên sâu công nghệ kỹ thuật ô tô
173633,VLU,chuyen-sau-cong-nghe-ky-thuat-o-to,D01,Điểm thi THPT,2021,19.0,Chuyên sâu công nghệ kỹ thuật ô tô
173634,VLU,chuyen-sau-cong-nghe-thong-tin,A01,Điểm thi THPT,2021,19.0,Chuyên sâu công nghệ thông tin
173635,VLU,chuyen-sau-cong-nghe-thong-tin,C04,Điểm thi THPT,2021,19.0,Chuyên sâu công nghệ thông tin
173636,VLU,chuyen-sau-cong-nghe-thong-tin,C14,Điểm thi THPT,2021,19.0,Chuyên sâu công nghệ thông tin
173637,VLU,chuyen-sau-cong-nghe-thong-tin,D01,Điểm thi THPT,2021,19.0,Chuyên sâu công nghệ thông tin
173638,VLU,chuyen-sau-ky-thuat-co-khi,A01,Điểm thi THPT,2021,19.0,Chuyên sâu Kỹ thuật cơ khí
173639,VLU,chuyen-sau-ky-thuat-co-khi,C04,Điểm thi THPT,2021,19.0,Chuyên sâu Kỹ thuật cơ khí
173640,VLU,chuyen-sau-ky-thuat-co-khi,C14,Điểm thi THPT,2021,19.0,Chuyên sâu Kỹ thuật cơ khí
173641,VLU,chuyen-sau-ky-thuat-co-khi,D01,Điểm thi THPT,2021,19.0,Chuyên sâu Kỹ thuật cơ khí
173642,VLU,cn-ky-thuat-cong-trinh-xay-dung,A00,Điểm học bạ,2023,18.0,CN kỹ thuật công trình xây dựng
173643,VLU,cn-ky-thuat-cong-trinh-xay-dung,A01,Điểm học bạ,2023,18.0,CN kỹ thuật công trình xây dựng
173644,VLU,cn-ky-thuat-cong-trinh-xay-dung,C04,Điểm học bạ,2023,18.0,CN kỹ thuật công trình xây dựng
173645,VLU,cn-ky-thuat-cong-trinh-xay-dung,D01,Điểm học bạ,2023,18.0,CN kỹ thuật công trình xây dựng
173646,VLU,cn-ky-thuat-cong-trinh-xay-dung,A00,Điểm thi THPT,2023,15.0,CN kỹ thuật công trình xây dựng
173647,VLU,cn-ky-thuat-cong-trinh-xay-dung,A01,Điểm thi THPT,2023,15.0,CN kỹ thuật công trình xây dựng
173648,VLU,cn-ky-thuat-cong-trinh-xay-dung,C04,Điểm thi THPT,2023,15.0,CN kỹ thuật công trình xây dựng
173649,VLU,cn-ky-thuat-cong-trinh-xay-dung,D01,Điểm thi THPT,2023,15.0,CN kỹ thuật công trình xây dựng
173650,VLU,cn-ky-thuat-cong-trinh-xay-dung,A00,Điểm thi THPT,2024,15.0,CN kỹ thuật công trình xây dựng
173651,VLU,cn-ky-thuat-cong-trinh-xay-dung,A01,Điểm thi THPT,2024,15.0,CN kỹ thuật công trình xây dựng
173652,VLU,cn-ky-thuat-cong-trinh-xay-dung,C04,Điểm thi THPT,2024,15.0,CN kỹ thuật công trình xây dựng
173653,VLU,cn-ky-thuat-cong-trinh-xay-dung,D01,Điểm thi THPT,2024,15.0,CN kỹ thuật công trình xây dựng
173654,VLU,cong-nghe-che-tao-may,A00,Điểm thi THPT,2021,15.0,Công nghệ chế tạo máy
173655,VLU,cong-nghe-che-tao-may,A01,Điểm thi THPT,2021,15.0,Công nghệ chế tạo máy
173656,VLU,cong-nghe-che-tao-may,C04,Điểm thi THPT,2021,15.0,Công nghệ chế tạo máy
173657,VLU,cong-nghe-che-tao-may,D01,Điểm thi THPT,2021,15.0,Công nghệ chế tạo máy
173658,VLU,cong-nghe-che-tao-may,A00,Điểm học bạ,2022,18.0,Công nghệ chế tạo máy
173659,VLU,cong-nghe-che-tao-may,A01,Điểm học bạ,2022,18.0,Công nghệ chế tạo máy
173660,VLU,cong-nghe-che-tao-may,C04,Điểm học bạ,2022,18.0,Công nghệ chế tạo máy
173661,VLU,cong-nghe-che-tao-may,D01,Điểm học bạ,2022,18.0,Công nghệ chế tạo máy
173662,VLU,cong-nghe-che-tao-may,A00,Điểm thi THPT,2022,15.0,Công nghệ chế tạo máy
173663,VLU,cong-nghe-che-tao-may,A01,Điểm thi THPT,2022,15.0,Công nghệ chế tạo máy
173664,VLU,cong-nghe-che-tao-may,C04,Điểm thi THPT,2022,15.0,Công nghệ chế tạo máy
173665,VLU,cong-nghe-che-tao-may,D01,Điểm thi THPT,2022,15.0,Công nghệ chế tạo máy
173666,VLU,cong-nghe-che-tao-may,A00,Điểm học bạ,2023,18.0,Công nghệ chế tạo máy
173667,VLU,cong-nghe-che-tao-may,A01,Điểm học bạ,2023,18.0,Công nghệ chế tạo máy
173668,VLU,cong-nghe-che-tao-may,C04,Điểm học bạ,2023,18.0,Công nghệ chế tạo máy
173669,VLU,cong-nghe-che-tao-may,D01,Điểm học bạ,2023,18.0,Công nghệ chế tạo máy
173670,VLU,cong-nghe-che-tao-may,A00,Điểm thi THPT,2023,15.0,Công nghệ chế tạo máy
173671,VLU,cong-nghe-che-tao-may,A01,Điểm thi THPT,2023,15.0,Công nghệ chế tạo máy
173672,VLU,cong-nghe-che-tao-may,C04,Điểm thi THPT,2023,15.0,Công nghệ chế tạo máy
173673,VLU,cong-nghe-che-tao-may,D01,Điểm thi THPT,2023,15.0,Công nghệ chế tạo máy
173674,VLU,cong-nghe-che-tao-may,A00,Điểm học bạ,2024,18.0,Công nghệ chế tạo máy
173675,VLU,cong-nghe-che-tao-may,A01,Điểm học bạ,2024,18.0,Công nghệ chế tạo máy
173676,VLU,cong-nghe-che-tao-may,C04,Điểm học bạ,2024,18.0,Công nghệ chế tạo máy
173677,VLU,cong-nghe-che-tao-may,D01,Điểm học bạ,2024,18.0,Công nghệ chế tạo máy
173678,VLU,cong-nghe-che-tao-may,A00,Điểm thi THPT,2024,15.0,Công nghệ chế tạo máy
173679,VLU,cong-nghe-che-tao-may,A01,Điểm thi THPT,2024,15.0,Công nghệ chế tạo máy
173680,VLU,cong-nghe-che-tao-may,C04,Điểm thi THPT,2024,15.0,Công nghệ chế tạo máy
173681,VLU,cong-nghe-che-tao-may,D01,Điểm thi THPT,2024,15.0,Công nghệ chế tạo máy
173682,VLU,cong-nghe-ky-thuat-co-dien-tu,A00,Điểm thi THPT,2021,15.0,Công nghệ kỹ thuật cơ điện tử
173683,VLU,cong-nghe-ky-thuat-co-dien-tu,A01,Điểm thi THPT,2021,15.0,Công nghệ kỹ thuật cơ điện tử
173684,VLU,cong-nghe-ky-thuat-co-dien-tu,C04,Điểm thi THPT,2021,15.0,Công nghệ kỹ thuật cơ điện tử
173685,VLU,cong-nghe-ky-thuat-co-dien-tu,D01,Điểm thi THPT,2021,15.0,Công nghệ kỹ thuật cơ điện tử
173686,VLU,cong-nghe-ky-thuat-co-dien-tu,A00,Điểm học bạ,2022,18.0,Công nghệ kỹ thuật cơ điện tử
173687,VLU,cong-nghe-ky-thuat-co-dien-tu,A01,Điểm học bạ,2022,18.0,Công nghệ kỹ thuật cơ điện tử
173688,VLU,cong-nghe-ky-thuat-co-dien-tu,C04,Điểm học bạ,2022,18.0,Công nghệ kỹ thuật cơ điện tử
173689,VLU,cong-nghe-ky-thuat-co-dien-tu,D01,Điểm học bạ,2022,18.0,Công nghệ kỹ thuật cơ điện tử
173690,VLU,cong-nghe-ky-thuat-co-dien-tu,A00,Điểm thi THPT,2022,15.0,Công nghệ kỹ thuật cơ điện tử
173691,VLU,cong-nghe-ky-thuat-co-dien-tu,A01,Điểm thi THPT,2022,15.0,Công nghệ kỹ thuật cơ điện tử
173692,VLU,cong-nghe-ky-thuat-co-dien-tu,C04,Điểm thi THPT,2022,15.0,Công nghệ kỹ thuật cơ điện tử
173693,VLU,cong-nghe-ky-thuat-co-dien-tu,D01,Điểm thi THPT,2022,15.0,Công nghệ kỹ thuật cơ điện tử
173694,VLU,cong-nghe-ky-thuat-co-dien-tu,A00,Điểm học bạ,2023,18.0,Công nghệ kỹ thuật cơ điện tử
173695,VLU,cong-nghe-ky-thuat-co-dien-tu,A01,Điểm học bạ,2023,18.0,Công nghệ kỹ thuật cơ điện tử
173696,VLU,cong-nghe-ky-thuat-co-dien-tu,C04,Điểm học bạ,2023,18.0,Công nghệ kỹ thuật cơ điện tử
173697,VLU,cong-nghe-ky-thuat-co-dien-tu,D01,Điểm học bạ,2023,18.0,Công nghệ kỹ thuật cơ điện tử
173698,VLU,cong-nghe-ky-thuat-co-dien-tu,A00,Điểm thi THPT,2023,15.0,Công nghệ kỹ thuật cơ điện tử
173699,VLU,cong-nghe-ky-thuat-co-dien-tu,A01,Điểm thi THPT,2023,15.0,Công nghệ kỹ thuật cơ điện tử
173700,VLU,cong-nghe-ky-thuat-co-dien-tu,C04,Điểm thi THPT,2023,15.0,Công nghệ kỹ thuật cơ điện tử
173701,VLU,cong-nghe-ky-thuat-co-dien-tu,D01,Điểm thi THPT,2023,15.0,Công nghệ kỹ thuật cơ điện tử
173702,VLU,cong-nghe-ky-thuat-co-dien-tu,A00,Điểm học bạ,2024,18.0,Công nghệ kỹ thuật cơ điện tử
173703,VLU,cong-nghe-ky-thuat-co-dien-tu,A01,Điểm học bạ,2024,18.0,Công nghệ kỹ thuật cơ điện tử
173704,VLU,cong-nghe-ky-thuat-co-dien-tu,C04,Điểm học bạ,2024,18.0,Công nghệ kỹ thuật cơ điện tử
173705,VLU,cong-nghe-ky-thuat-co-dien-tu,D01,Điểm học bạ,2024,18.0,Công nghệ kỹ thuật cơ điện tử
173706,VLU,cong-nghe-ky-thuat-co-dien-tu,A00,Điểm thi THPT,2024,15.0,Công nghệ kỹ thuật cơ điện tử
173707,VLU,cong-nghe-ky-thuat-co-dien-tu,A01,Điểm thi THPT,2024,15.0,Công nghệ kỹ thuật cơ điện tử
173708,VLU,cong-nghe-ky-thuat-co-dien-tu,C04,Điểm thi THPT,2024,15.0,Công nghệ kỹ thuật cơ điện tử
173709,VLU,cong-nghe-ky-thuat-co-dien-tu,D01,Điểm thi THPT,2024,15.0,Công nghệ kỹ thuật cơ điện tử
173710,VLU,cong-nghe-ky-thuat-co-dien-tu,A00,Điểm học bạ,2025,18.0,Công nghệ kỹ thuật cơ điện tử
173711,VLU,cong-nghe-ky-thuat-co-dien-tu,A01,Điểm học bạ,2025,18.0,Công nghệ kỹ thuật cơ điện tử
173712,VLU,cong-nghe-ky-thuat-co-dien-tu,A03,Điểm học bạ,2025,18.0,Công nghệ kỹ thuật cơ điện tử
173713,VLU,cong-nghe-ky-thuat-co-dien-tu,A04,Điểm học bạ,2025,18.0,Công nghệ kỹ thuật cơ điện tử
173714,VLU,cong-nghe-ky-thuat-co-dien-tu,A07,Điểm học bạ,2025,18.0,Công nghệ kỹ thuật cơ điện tử
173715,VLU,cong-nghe-ky-thuat-co-dien-tu,C01,Điểm học bạ,2025,18.0,Công nghệ kỹ thuật cơ điện tử
173716,VLU,cong-nghe-ky-thuat-co-dien-tu,C03,Điểm học bạ,2025,18.0,Công nghệ kỹ thuật cơ điện tử
173717,VLU,cong-nghe-ky-thuat-co-dien-tu,D01,Điểm học bạ,2025,18.0,Công nghệ kỹ thuật cơ điện tử
173718,VLU,cong-nghe-ky-thuat-co-dien-tu,A00,Điểm thi THPT,2025,14.0,Công nghệ kỹ thuật cơ điện tử
173719,VLU,cong-nghe-ky-thuat-co-dien-tu,A01,Điểm thi THPT,2025,14.0,Công nghệ kỹ thuật cơ điện tử
173720,VLU,cong-nghe-ky-thuat-co-dien-tu,A03,Điểm thi THPT,2025,14.0,Công nghệ kỹ thuật cơ điện tử
173721,VLU,cong-nghe-ky-thuat-co-dien-tu,A04,Điểm thi THPT,2025,14.0,Công nghệ kỹ thuật cơ điện tử
173722,VLU,cong-nghe-ky-thuat-co-dien-tu,A07,Điểm thi THPT,2025,14.0,Công nghệ kỹ thuật cơ điện tử
173723,VLU,cong-nghe-ky-thuat-co-dien-tu,C01,Điểm thi THPT,2025,14.0,Công nghệ kỹ thuật cơ điện tử
173724,VLU,cong-nghe-ky-thuat-co-dien-tu,C03,Điểm thi THPT,2025,14.0,Công nghệ kỹ thuật cơ điện tử
173725,VLU,cong-nghe-ky-thuat-co-dien-tu,D01,Điểm thi THPT,2025,14.0,Công nghệ kỹ thuật cơ điện tử
173726,VLU,cong-nghe-ky-thuat-co-khi,A00,Điểm thi THPT,2021,15.0,Công nghệ kỹ thuật cơ khí
173727,VLU,cong-nghe-ky-thuat-co-khi,A01,Điểm thi THPT,2021,15.0,Công nghệ kỹ thuật cơ khí
173728,VLU,cong-nghe-ky-thuat-co-khi,C04,Điểm thi THPT,2021,15.0,Công nghệ kỹ thuật cơ khí
173729,VLU,cong-nghe-ky-thuat-co-khi,D01,Điểm thi THPT,2021,15.0,Công nghệ kỹ thuật cơ khí
173730,VLU,cong-nghe-ky-thuat-co-khi,A00,Điểm học bạ,2022,18.0,Công nghệ kỹ thuật cơ khí
173731,VLU,cong-nghe-ky-thuat-co-khi,A01,Điểm học bạ,2022,18.0,Công nghệ kỹ thuật cơ khí
173732,VLU,cong-nghe-ky-thuat-co-khi,C04,Điểm học bạ,2022,18.0,Công nghệ kỹ thuật cơ khí
173733,VLU,cong-nghe-ky-thuat-co-khi,D01,Điểm học bạ,2022,18.0,Công nghệ kỹ thuật cơ khí
173734,VLU,cong-nghe-ky-thuat-co-khi,A00,Điểm thi THPT,2022,15.0,Công nghệ kỹ thuật cơ khí
173735,VLU,cong-nghe-ky-thuat-co-khi,A01,Điểm thi THPT,2022,15.0,Công nghệ kỹ thuật cơ khí
173736,VLU,cong-nghe-ky-thuat-co-khi,C04,Điểm thi THPT,2022,15.0,Công nghệ kỹ thuật cơ khí
173737,VLU,cong-nghe-ky-thuat-co-khi,D01,Điểm thi THPT,2022,15.0,Công nghệ kỹ thuật cơ khí
173738,VLU,cong-nghe-ky-thuat-co-khi,A00,Điểm học bạ,2023,18.0,Công nghệ kỹ thuật cơ khí
173739,VLU,cong-nghe-ky-thuat-co-khi,A01,Điểm học bạ,2023,18.0,Công nghệ kỹ thuật cơ khí
173740,VLU,cong-nghe-ky-thuat-co-khi,C04,Điểm học bạ,2023,18.0,Công nghệ kỹ thuật cơ khí
173741,VLU,cong-nghe-ky-thuat-co-khi,D01,Điểm học bạ,2023,18.0,Công nghệ kỹ thuật cơ khí
173742,VLU,cong-nghe-ky-thuat-co-khi,A00,Điểm thi THPT,2023,15.0,Công nghệ kỹ thuật cơ khí
173743,VLU,cong-nghe-ky-thuat-co-khi,A01,Điểm thi THPT,2023,15.0,Công nghệ kỹ thuật cơ khí
173744,VLU,cong-nghe-ky-thuat-co-khi,C04,Điểm thi THPT,2023,15.0,Công nghệ kỹ thuật cơ khí
173745,VLU,cong-nghe-ky-thuat-co-khi,D01,Điểm thi THPT,2023,15.0,Công nghệ kỹ thuật cơ khí
173746,VLU,cong-nghe-ky-thuat-co-khi,A00,Điểm học bạ,2024,18.0,Công nghệ kỹ thuật cơ khí
173747,VLU,cong-nghe-ky-thuat-co-khi,A01,Điểm học bạ,2024,18.0,Công nghệ kỹ thuật cơ khí
173748,VLU,cong-nghe-ky-thuat-co-khi,C04,Điểm học bạ,2024,18.0,Công nghệ kỹ thuật cơ khí
173749,VLU,cong-nghe-ky-thuat-co-khi,D01,Điểm học bạ,2024,18.0,Công nghệ kỹ thuật cơ khí
173750,VLU,cong-nghe-ky-thuat-co-khi,A00,Điểm thi THPT,2024,15.0,Công nghệ kỹ thuật cơ khí
173751,VLU,cong-nghe-ky-thuat-co-khi,A01,Điểm thi THPT,2024,15.0,Công nghệ kỹ thuật cơ khí
173752,VLU,cong-nghe-ky-thuat-co-khi,C04,Điểm thi THPT,2024,15.0,Công nghệ kỹ thuật cơ khí
173753,VLU,cong-nghe-ky-thuat-co-khi,D01,Điểm thi THPT,2024,15.0,Công nghệ kỹ thuật cơ khí
173754,VLU,cong-nghe-ky-thuat-co-khi,A00,Điểm học bạ,2025,18.0,Công nghệ kỹ thuật cơ khí
173755,VLU,cong-nghe-ky-thuat-co-khi,A01,Điểm học bạ,2025,18.0,Công nghệ kỹ thuật cơ khí
173756,VLU,cong-nghe-ky-thuat-co-khi,A03,Điểm học bạ,2025,18.0,Công nghệ kỹ thuật cơ khí
173757,VLU,cong-nghe-ky-thuat-co-khi,A04,Điểm học bạ,2025,18.0,Công nghệ kỹ thuật cơ khí
173758,VLU,cong-nghe-ky-thuat-co-khi,A07,Điểm học bạ,2025,18.0,Công nghệ kỹ thuật cơ khí
173759,VLU,cong-nghe-ky-thuat-co-khi,C01,Điểm học bạ,2025,18.0,Công nghệ kỹ thuật cơ khí
173760,VLU,cong-nghe-ky-thuat-co-khi,C03,Điểm học bạ,2025,18.0,Công nghệ kỹ thuật cơ khí
173761,VLU,cong-nghe-ky-thuat-co-khi,D01,Điểm học bạ,2025,18.0,Công nghệ kỹ thuật cơ khí
173762,VLU,cong-nghe-ky-thuat-co-khi,A00,Điểm thi THPT,2025,14.0,Công nghệ kỹ thuật cơ khí
173763,VLU,cong-nghe-ky-thuat-co-khi,A01,Điểm thi THPT,2025,14.0,Công nghệ kỹ thuật cơ khí
173764,VLU,cong-nghe-ky-thuat-co-khi,A03,Điểm thi THPT,2025,14.0,Công nghệ kỹ thuật cơ khí
173765,VLU,cong-nghe-ky-thuat-co-khi,A04,Điểm thi THPT,2025,14.0,Công nghệ kỹ thuật cơ khí
173766,VLU,cong-nghe-ky-thuat-co-khi,A07,Điểm thi THPT,2025,14.0,Công nghệ kỹ thuật cơ khí
173767,VLU,cong-nghe-ky-thuat-co-khi,C01,Điểm thi THPT,2025,14.0,Công nghệ kỹ thuật cơ khí
173768,VLU,cong-nghe-ky-thuat-co-khi,C03,Điểm thi THPT,2025,14.0,Công nghệ kỹ thuật cơ khí
173769,VLU,cong-nghe-ky-thuat-co-khi,D01,Điểm thi THPT,2025,14.0,Công nghệ kỹ thuật cơ khí
173770,VLU,cong-nghe-ky-thuat-cong-trinh-xay-dung,A00,Điểm thi THPT,2021,15.0,Công nghệ kỹ thuật công trình xây dựng
173771,VLU,cong-nghe-ky-thuat-cong-trinh-xay-dung,A01,Điểm thi THPT,2021,15.0,Công nghệ kỹ thuật công trình xây dựng
173772,VLU,cong-nghe-ky-thuat-cong-trinh-xay-dung,C04,Điểm thi THPT,2021,15.0,Công nghệ kỹ thuật công trình xây dựng
173773,VLU,cong-nghe-ky-thuat-cong-trinh-xay-dung,D01,Điểm thi THPT,2021,15.0,Công nghệ kỹ thuật công trình xây dựng
173774,VLU,cong-nghe-ky-thuat-cong-trinh-xay-dung,A00,Điểm học bạ,2022,18.0,Công nghệ kỹ thuật công trình xây dựng
173775,VLU,cong-nghe-ky-thuat-cong-trinh-xay-dung,A01,Điểm học bạ,2022,18.0,Công nghệ kỹ thuật công trình xây dựng
173776,VLU,cong-nghe-ky-thuat-cong-trinh-xay-dung,C04,Điểm học bạ,2022,18.0,Công nghệ kỹ thuật công trình xây dựng
173777,VLU,cong-nghe-ky-thuat-cong-trinh-xay-dung,D01,Điểm học bạ,2022,18.0,Công nghệ kỹ thuật công trình xây dựng
173778,VLU,cong-nghe-ky-thuat-cong-trinh-xay-dung,A00,Điểm thi THPT,2022,15.0,Công nghệ kỹ thuật công trình xây dựng
173779,VLU,cong-nghe-ky-thuat-cong-trinh-xay-dung,A01,Điểm thi THPT,2022,15.0,Công nghệ kỹ thuật công trình xây dựng
173780,VLU,cong-nghe-ky-thuat-cong-trinh-xay-dung,C04,Điểm thi THPT,2022,15.0,Công nghệ kỹ thuật công trình xây dựng
173781,VLU,cong-nghe-ky-thuat-cong-trinh-xay-dung,D01,Điểm thi THPT,2022,15.0,Công nghệ kỹ thuật công trình xây dựng
173782,VLU,cong-nghe-ky-thuat-cong-trinh-xay-dung,A00,Điểm học bạ,2023,18.0,Công nghệ kỹ thuật công trình xây dựng
173783,VLU,cong-nghe-ky-thuat-cong-trinh-xay-dung,A01,Điểm học bạ,2023,18.0,Công nghệ kỹ thuật công trình xây dựng
173784,VLU,cong-nghe-ky-thuat-cong-trinh-xay-dung,C04,Điểm học bạ,2023,18.0,Công nghệ kỹ thuật công trình xây dựng
173785,VLU,cong-nghe-ky-thuat-cong-trinh-xay-dung,D01,Điểm học bạ,2023,18.0,Công nghệ kỹ thuật công trình xây dựng
173786,VLU,cong-nghe-ky-thuat-cong-trinh-xay-dung,A00,Điểm thi THPT,2023,15.0,Công nghệ kỹ thuật công trình xây dựng
173787,VLU,cong-nghe-ky-thuat-cong-trinh-xay-dung,A01,Điểm thi THPT,2023,15.0,Công nghệ kỹ thuật công trình xây dựng
173788,VLU,cong-nghe-ky-thuat-cong-trinh-xay-dung,C04,Điểm thi THPT,2023,15.0,Công nghệ kỹ thuật công trình xây dựng
173789,VLU,cong-nghe-ky-thuat-cong-trinh-xay-dung,D01,Điểm thi THPT,2023,15.0,Công nghệ kỹ thuật công trình xây dựng
173790,VLU,cong-nghe-ky-thuat-cong-trinh-xay-dung,A00,Điểm học bạ,2024,18.0,Công nghệ kỹ thuật công trình xây dựng
173791,VLU,cong-nghe-ky-thuat-cong-trinh-xay-dung,A01,Điểm học bạ,2024,18.0,Công nghệ kỹ thuật công trình xây dựng
173792,VLU,cong-nghe-ky-thuat-cong-trinh-xay-dung,C04,Điểm học bạ,2024,18.0,Công nghệ kỹ thuật công trình xây dựng
173793,VLU,cong-nghe-ky-thuat-cong-trinh-xay-dung,D01,Điểm học bạ,2024,18.0,Công nghệ kỹ thuật công trình xây dựng
173794,VLU,cong-nghe-ky-thuat-cong-trinh-xay-dung,A00,Điểm thi THPT,2024,15.0,Công nghệ kỹ thuật công trình xây dựng
173795,VLU,cong-nghe-ky-thuat-cong-trinh-xay-dung,A01,Điểm thi THPT,2024,15.0,Công nghệ kỹ thuật công trình xây dựng
173796,VLU,cong-nghe-ky-thuat-cong-trinh-xay-dung,C04,Điểm thi THPT,2024,15.0,Công nghệ kỹ thuật công trình xây dựng
173797,VLU,cong-nghe-ky-thuat-cong-trinh-xay-dung,D01,Điểm thi THPT,2024,15.0,Công nghệ kỹ thuật công trình xây dựng
173798,VLU,cong-nghe-ky-thuat-cong-trinh-xay-dung,A00,Điểm học bạ,2025,18.0,Công nghệ kỹ thuật công trình xây dựng
173799,VLU,cong-nghe-ky-thuat-cong-trinh-xay-dung,A01,Điểm học bạ,2025,18.0,Công nghệ kỹ thuật công trình xây dựng
173800,VLU,cong-nghe-ky-thuat-cong-trinh-xay-dung,A03,Điểm học bạ,2025,18.0,Công nghệ kỹ thuật công trình xây dựng
173801,VLU,cong-nghe-ky-thuat-cong-trinh-xay-dung,A04,Điểm học bạ,2025,18.0,Công nghệ kỹ thuật công trình xây dựng
173802,VLU,cong-nghe-ky-thuat-cong-trinh-xay-dung,A07,Điểm học bạ,2025,18.0,Công nghệ kỹ thuật công trình xây dựng
173803,VLU,cong-nghe-ky-thuat-cong-trinh-xay-dung,C01,Điểm học bạ,2025,18.0,Công nghệ kỹ thuật công trình xây dựng
173804,VLU,cong-nghe-ky-thuat-cong-trinh-xay-dung,C03,Điểm học bạ,2025,18.0,Công nghệ kỹ thuật công trình xây dựng
173805,VLU,cong-nghe-ky-thuat-cong-trinh-xay-dung,D01,Điểm học bạ,2025,18.0,Công nghệ kỹ thuật công trình xây dựng
173806,VLU,cong-nghe-ky-thuat-cong-trinh-xay-dung,A00,Điểm thi THPT,2025,14.0,Công nghệ kỹ thuật công trình xây dựng
173807,VLU,cong-nghe-ky-thuat-cong-trinh-xay-dung,A01,Điểm thi THPT,2025,14.0,Công nghệ kỹ thuật công trình xây dựng
173808,VLU,cong-nghe-ky-thuat-cong-trinh-xay-dung,A03,Điểm thi THPT,2025,14.0,Công nghệ kỹ thuật công trình xây dựng
173809,VLU,cong-nghe-ky-thuat-cong-trinh-xay-dung,A04,Điểm thi THPT,2025,14.0,Công nghệ kỹ thuật công trình xây dựng
173810,VLU,cong-nghe-ky-thuat-cong-trinh-xay-dung,A07,Điểm thi THPT,2025,14.0,Công nghệ kỹ thuật công trình xây dựng
173811,VLU,cong-nghe-ky-thuat-cong-trinh-xay-dung,C01,Điểm thi THPT,2025,14.0,Công nghệ kỹ thuật công trình xây dựng
173812,VLU,cong-nghe-ky-thuat-cong-trinh-xay-dung,C03,Điểm thi THPT,2025,14.0,Công nghệ kỹ thuật công trình xây dựng
173813,VLU,cong-nghe-ky-thuat-cong-trinh-xay-dung,D01,Điểm thi THPT,2025,14.0,Công nghệ kỹ thuật công trình xây dựng
173814,VLU,cong-nghe-ky-thuat-dien-dien-tu,A00,Điểm thi THPT,2021,15.0,"Công nghệ kỹ thuật điện, điện tử"
173815,VLU,cong-nghe-ky-thuat-dien-dien-tu,A01,Điểm thi THPT,2021,15.0,"Công nghệ kỹ thuật điện, điện tử"
173816,VLU,cong-nghe-ky-thuat-dien-dien-tu,C04,Điểm thi THPT,2021,15.0,"Công nghệ kỹ thuật điện, điện tử"
173817,VLU,cong-nghe-ky-thuat-dien-dien-tu,D01,Điểm thi THPT,2021,15.0,"Công nghệ kỹ thuật điện, điện tử"
173818,VLU,cong-nghe-ky-thuat-dien-dien-tu,A00,Điểm học bạ,2022,18.0,"Công nghệ kỹ thuật điện, điện tử"
173819,VLU,cong-nghe-ky-thuat-dien-dien-tu,A01,Điểm học bạ,2022,18.0,"Công nghệ kỹ thuật điện, điện tử"
173820,VLU,cong-nghe-ky-thuat-dien-dien-tu,C04,Điểm học bạ,2022,18.0,"Công nghệ kỹ thuật điện, điện tử"
173821,VLU,cong-nghe-ky-thuat-dien-dien-tu,D01,Điểm học bạ,2022,18.0,"Công nghệ kỹ thuật điện, điện tử"
173822,VLU,cong-nghe-ky-thuat-dien-dien-tu,A00,Điểm thi THPT,2022,15.0,"Công nghệ kỹ thuật điện, điện tử"
173823,VLU,cong-nghe-ky-thuat-dien-dien-tu,A01,Điểm thi THPT,2022,15.0,"Công nghệ kỹ thuật điện, điện tử"
173824,VLU,cong-nghe-ky-thuat-dien-dien-tu,C04,Điểm thi THPT,2022,15.0,"Công nghệ kỹ thuật điện, điện tử"
173825,VLU,cong-nghe-ky-thuat-dien-dien-tu,D01,Điểm thi THPT,2022,15.0,"Công nghệ kỹ thuật điện, điện tử"
173826,VLU,cong-nghe-ky-thuat-dien-dien-tu,A00,Điểm học bạ,2023,18.0,"Công nghệ kỹ thuật điện, điện tử"
173827,VLU,cong-nghe-ky-thuat-dien-dien-tu,A01,Điểm học bạ,2023,18.0,"Công nghệ kỹ thuật điện, điện tử"
173828,VLU,cong-nghe-ky-thuat-dien-dien-tu,C04,Điểm học bạ,2023,18.0,"Công nghệ kỹ thuật điện, điện tử"
173829,VLU,cong-nghe-ky-thuat-dien-dien-tu,D01,Điểm học bạ,2023,18.0,"Công nghệ kỹ thuật điện, điện tử"
173830,VLU,cong-nghe-ky-thuat-dien-dien-tu,A00,Điểm thi THPT,2023,15.0,"Công nghệ kỹ thuật điện, điện tử"
173831,VLU,cong-nghe-ky-thuat-dien-dien-tu,A01,Điểm thi THPT,2023,15.0,"Công nghệ kỹ thuật điện, điện tử"
173832,VLU,cong-nghe-ky-thuat-dien-dien-tu,C04,Điểm thi THPT,2023,15.0,"Công nghệ kỹ thuật điện, điện tử"
173833,VLU,cong-nghe-ky-thuat-dien-dien-tu,D01,Điểm thi THPT,2023,15.0,"Công nghệ kỹ thuật điện, điện tử"
173834,VLU,cong-nghe-ky-thuat-dien-dien-tu,A00,Điểm học bạ,2024,18.0,"Công nghệ kỹ thuật điện, điện tử"
173835,VLU,cong-nghe-ky-thuat-dien-dien-tu,A01,Điểm học bạ,2024,18.0,"Công nghệ kỹ thuật điện, điện tử"
173836,VLU,cong-nghe-ky-thuat-dien-dien-tu,C04,Điểm học bạ,2024,18.0,"Công nghệ kỹ thuật điện, điện tử"
173837,VLU,cong-nghe-ky-thuat-dien-dien-tu,D01,Điểm học bạ,2024,18.0,"Công nghệ kỹ thuật điện, điện tử"
173838,VLU,cong-nghe-ky-thuat-dien-dien-tu,A00,Điểm thi THPT,2024,15.0,"Công nghệ kỹ thuật điện, điện tử"
173839,VLU,cong-nghe-ky-thuat-dien-dien-tu,A01,Điểm thi THPT,2024,15.0,"Công nghệ kỹ thuật điện, điện tử"
173840,VLU,cong-nghe-ky-thuat-dien-dien-tu,C04,Điểm thi THPT,2024,15.0,"Công nghệ kỹ thuật điện, điện tử"
173841,VLU,cong-nghe-ky-thuat-dien-dien-tu,D01,Điểm thi THPT,2024,15.0,"Công nghệ kỹ thuật điện, điện tử"
173842,VLU,cong-nghe-ky-thuat-dien-dien-tu,A00,Điểm học bạ,2025,18.0,"Công nghệ kỹ thuật điện, điện tử"
173843,VLU,cong-nghe-ky-thuat-dien-dien-tu,A01,Điểm học bạ,2025,18.0,"Công nghệ kỹ thuật điện, điện tử"
173844,VLU,cong-nghe-ky-thuat-dien-dien-tu,A03,Điểm học bạ,2025,18.0,"Công nghệ kỹ thuật điện, điện tử"
173845,VLU,cong-nghe-ky-thuat-dien-dien-tu,A04,Điểm học bạ,2025,18.0,"Công nghệ kỹ thuật điện, điện tử"
173846,VLU,cong-nghe-ky-thuat-dien-dien-tu,C03,Điểm học bạ,2025,18.0,"Công nghệ kỹ thuật điện, điện tử"
173847,VLU,cong-nghe-ky-thuat-dien-dien-tu,D01,Điểm học bạ,2025,18.0,"Công nghệ kỹ thuật điện, điện tử"
173848,VLU,cong-nghe-ky-thuat-dien-dien-tu,D09,Điểm học bạ,2025,18.0,"Công nghệ kỹ thuật điện, điện tử"
173849,VLU,cong-nghe-ky-thuat-dien-dien-tu,D10,Điểm học bạ,2025,18.0,"Công nghệ kỹ thuật điện, điện tử"
173850,VLU,cong-nghe-ky-thuat-dien-dien-tu,A00,Điểm thi THPT,2025,14.0,"Công nghệ kỹ thuật điện, điện tử"
173851,VLU,cong-nghe-ky-thuat-dien-dien-tu,A01,Điểm thi THPT,2025,14.0,"Công nghệ kỹ thuật điện, điện tử"
173852,VLU,cong-nghe-ky-thuat-dien-dien-tu,A03,Điểm thi THPT,2025,14.0,"Công nghệ kỹ thuật điện, điện tử"
173853,VLU,cong-nghe-ky-thuat-dien-dien-tu,A04,Điểm thi THPT,2025,14.0,"Công nghệ kỹ thuật điện, điện tử"
173854,VLU,cong-nghe-ky-thuat-dien-dien-tu,C03,Điểm thi THPT,2025,14.0,"Công nghệ kỹ thuật điện, điện tử"
173855,VLU,cong-nghe-ky-thuat-dien-dien-tu,D01,Điểm thi THPT,2025,14.0,"Công nghệ kỹ thuật điện, điện tử"
173856,VLU,cong-nghe-ky-thuat-dien-dien-tu,D09,Điểm thi THPT,2025,14.0,"Công nghệ kỹ thuật điện, điện tử"
173857,VLU,cong-nghe-ky-thuat-dien-dien-tu,D10,Điểm thi THPT,2025,14.0,"Công nghệ kỹ thuật điện, điện tử"
173858,VLU,cong-nghe-ky-thuat-dien-tu-vien-thong,A00,Điểm thi THPT,2021,15.0,Công nghệ kỹ thuật điện tử-viễn thông
173859,VLU,cong-nghe-ky-thuat-dien-tu-vien-thong,A01,Điểm thi THPT,2021,15.0,Công nghệ kỹ thuật điện tử-viễn thông
173860,VLU,cong-nghe-ky-thuat-dien-tu-vien-thong,C04,Điểm thi THPT,2021,15.0,Công nghệ kỹ thuật điện tử-viễn thông
173861,VLU,cong-nghe-ky-thuat-dien-tu-vien-thong,D01,Điểm thi THPT,2021,15.0,Công nghệ kỹ thuật điện tử-viễn thông
173862,VLU,cong-nghe-ky-thuat-dieu-khien-va-tdh,A00,Điểm thi THPT,2021,15.0,Công nghệ kỹ thuật điều khiển và TĐH
173863,VLU,cong-nghe-ky-thuat-dieu-khien-va-tdh,A01,Điểm thi THPT,2021,15.0,Công nghệ kỹ thuật điều khiển và TĐH
173864,VLU,cong-nghe-ky-thuat-dieu-khien-va-tdh,C04,Điểm thi THPT,2021,15.0,Công nghệ kỹ thuật điều khiển và TĐH
173865,VLU,cong-nghe-ky-thuat-dieu-khien-va-tdh,D01,Điểm thi THPT,2021,15.0,Công nghệ kỹ thuật điều khiển và TĐH
173866,VLU,cong-nghe-ky-thuat-dieu-khien-va-tdh,A00,Điểm học bạ,2022,18.0,Công nghệ kỹ thuật điều khiển và TĐH
173867,VLU,cong-nghe-ky-thuat-dieu-khien-va-tdh,A01,Điểm học bạ,2022,18.0,Công nghệ kỹ thuật điều khiển và TĐH
173868,VLU,cong-nghe-ky-thuat-dieu-khien-va-tdh,C04,Điểm học bạ,2022,18.0,Công nghệ kỹ thuật điều khiển và TĐH
173869,VLU,cong-nghe-ky-thuat-dieu-khien-va-tdh,D01,Điểm học bạ,2022,18.0,Công nghệ kỹ thuật điều khiển và TĐH
173870,VLU,cong-nghe-ky-thuat-dieu-khien-va-tdh,A00,Điểm thi THPT,2022,15.0,Công nghệ kỹ thuật điều khiển và TĐH
173871,VLU,cong-nghe-ky-thuat-dieu-khien-va-tdh,A01,Điểm thi THPT,2022,15.0,Công nghệ kỹ thuật điều khiển và TĐH
173872,VLU,cong-nghe-ky-thuat-dieu-khien-va-tdh,C04,Điểm thi THPT,2022,15.0,Công nghệ kỹ thuật điều khiển và TĐH
173873,VLU,cong-nghe-ky-thuat-dieu-khien-va-tdh,D01,Điểm thi THPT,2022,15.0,Công nghệ kỹ thuật điều khiển và TĐH
173874,VLU,cong-nghe-ky-thuat-dieu-khien-va-tdh,A00,Điểm học bạ,2023,18.0,Công nghệ kỹ thuật điều khiển và TĐH
173875,VLU,cong-nghe-ky-thuat-dieu-khien-va-tdh,A01,Điểm học bạ,2023,18.0,Công nghệ kỹ thuật điều khiển và TĐH
173876,VLU,cong-nghe-ky-thuat-dieu-khien-va-tdh,C04,Điểm học bạ,2023,18.0,Công nghệ kỹ thuật điều khiển và TĐH
173877,VLU,cong-nghe-ky-thuat-dieu-khien-va-tdh,D01,Điểm học bạ,2023,18.0,Công nghệ kỹ thuật điều khiển và TĐH
173878,VLU,cong-nghe-ky-thuat-dieu-khien-va-tdh,A00,Điểm thi THPT,2023,15.0,Công nghệ kỹ thuật điều khiển và TĐH
173879,VLU,cong-nghe-ky-thuat-dieu-khien-va-tdh,A01,Điểm thi THPT,2023,15.0,Công nghệ kỹ thuật điều khiển và TĐH
173880,VLU,cong-nghe-ky-thuat-dieu-khien-va-tdh,C04,Điểm thi THPT,2023,15.0,Công nghệ kỹ thuật điều khiển và TĐH
173881,VLU,cong-nghe-ky-thuat-dieu-khien-va-tdh,D01,Điểm thi THPT,2023,15.0,Công nghệ kỹ thuật điều khiển và TĐH
173882,VLU,cong-nghe-ky-thuat-dieu-khien-va-tdh,A00,Điểm học bạ,2024,18.0,Công nghệ kỹ thuật điều khiển và TĐH
173883,VLU,cong-nghe-ky-thuat-dieu-khien-va-tdh,A01,Điểm học bạ,2024,18.0,Công nghệ kỹ thuật điều khiển và TĐH
173884,VLU,cong-nghe-ky-thuat-dieu-khien-va-tdh,C04,Điểm học bạ,2024,18.0,Công nghệ kỹ thuật điều khiển và TĐH
173885,VLU,cong-nghe-ky-thuat-dieu-khien-va-tdh,D01,Điểm học bạ,2024,18.0,Công nghệ kỹ thuật điều khiển và TĐH
173886,VLU,cong-nghe-ky-thuat-dieu-khien-va-tdh,A00,Điểm thi THPT,2024,15.0,Công nghệ kỹ thuật điều khiển và TĐH
173887,VLU,cong-nghe-ky-thuat-dieu-khien-va-tdh,A01,Điểm thi THPT,2024,15.0,Công nghệ kỹ thuật điều khiển và TĐH
173888,VLU,cong-nghe-ky-thuat-dieu-khien-va-tdh,C04,Điểm thi THPT,2024,15.0,Công nghệ kỹ thuật điều khiển và TĐH
173889,VLU,cong-nghe-ky-thuat-dieu-khien-va-tdh,D01,Điểm thi THPT,2024,15.0,Công nghệ kỹ thuật điều khiển và TĐH
173890,VLU,cong-nghe-ky-thuat-dieu-khien-va-tu-dong-hoa,A00,Điểm học bạ,2025,18.0,Công nghệ kỹ thuật điều khiển và tự động hóa
173891,VLU,cong-nghe-ky-thuat-dieu-khien-va-tu-dong-hoa,A01,Điểm học bạ,2025,18.0,Công nghệ kỹ thuật điều khiển và tự động hóa
173892,VLU,cong-nghe-ky-thuat-dieu-khien-va-tu-dong-hoa,A03,Điểm học bạ,2025,18.0,Công nghệ kỹ thuật điều khiển và tự động hóa
173893,VLU,cong-nghe-ky-thuat-dieu-khien-va-tu-dong-hoa,A04,Điểm học bạ,2025,18.0,Công nghệ kỹ thuật điều khiển và tự động hóa
173894,VLU,cong-nghe-ky-thuat-dieu-khien-va-tu-dong-hoa,C03,Điểm học bạ,2025,18.0,Công nghệ kỹ thuật điều khiển và tự động hóa
173895,VLU,cong-nghe-ky-thuat-dieu-khien-va-tu-dong-hoa,D01,Điểm học bạ,2025,18.0,Công nghệ kỹ thuật điều khiển và tự động hóa
173896,VLU,cong-nghe-ky-thuat-dieu-khien-va-tu-dong-hoa,D09,Điểm học bạ,2025,18.0,Công nghệ kỹ thuật điều khiển và tự động hóa
173897,VLU,cong-nghe-ky-thuat-dieu-khien-va-tu-dong-hoa,D10,Điểm học bạ,2025,18.0,Công nghệ kỹ thuật điều khiển và tự động hóa
173898,VLU,cong-nghe-ky-thuat-dieu-khien-va-tu-dong-hoa,A00,Điểm thi THPT,2025,14.0,Công nghệ kỹ thuật điều khiển và tự động hóa
173899,VLU,cong-nghe-ky-thuat-dieu-khien-va-tu-dong-hoa,A01,Điểm thi THPT,2025,14.0,Công nghệ kỹ thuật điều khiển và tự động hóa
173900,VLU,cong-nghe-ky-thuat-dieu-khien-va-tu-dong-hoa,A03,Điểm thi THPT,2025,14.0,Công nghệ kỹ thuật điều khiển và tự động hóa
173901,VLU,cong-nghe-ky-thuat-dieu-khien-va-tu-dong-hoa,A04,Điểm thi THPT,2025,14.0,Công nghệ kỹ thuật điều khiển và tự động hóa
173902,VLU,cong-nghe-ky-thuat-dieu-khien-va-tu-dong-hoa,C03,Điểm thi THPT,2025,14.0,Công nghệ kỹ thuật điều khiển và tự động hóa
173903,VLU,cong-nghe-ky-thuat-dieu-khien-va-tu-dong-hoa,D01,Điểm thi THPT,2025,14.0,Công nghệ kỹ thuật điều khiển và tự động hóa
173904,VLU,cong-nghe-ky-thuat-dieu-khien-va-tu-dong-hoa,D09,Điểm thi THPT,2025,14.0,Công nghệ kỹ thuật điều khiển và tự động hóa
173905,VLU,cong-nghe-ky-thuat-dieu-khien-va-tu-dong-hoa,D10,Điểm thi THPT,2025,14.0,Công nghệ kỹ thuật điều khiển và tự động hóa
173906,VLU,cong-nghe-ky-thuat-giao,A00,Điểm thi THPT,2021,24.5,Công nghệ kỹ thuật giao (thông chuyên sâu kỹ thuật xây dựng cầu đường)
173907,VLU,cong-nghe-ky-thuat-giao,A01,Điểm thi THPT,2021,24.5,Công nghệ kỹ thuật giao (thông chuyên sâu kỹ thuật xây dựng cầu đường)
173908,VLU,cong-nghe-ky-thuat-giao,C04,Điểm thi THPT,2021,24.5,Công nghệ kỹ thuật giao (thông chuyên sâu kỹ thuật xây dựng cầu đường)
173909,VLU,cong-nghe-ky-thuat-giao,D01,Điểm thi THPT,2021,24.5,Công nghệ kỹ thuật giao (thông chuyên sâu kỹ thuật xây dựng cầu đường)
173910,VLU,cong-nghe-ky-thuat-giao-thong,A00,Điểm học bạ,2023,18.0,Công nghệ kỹ thuật giao thông (chuyên sâu kỹ thuật xây dựng cầu đường)
173911,VLU,cong-nghe-ky-thuat-giao-thong,A01,Điểm học bạ,2023,18.0,Công nghệ kỹ thuật giao thông (chuyên sâu kỹ thuật xây dựng cầu đường)
173912,VLU,cong-nghe-ky-thuat-giao-thong,C04,Điểm học bạ,2023,18.0,Công nghệ kỹ thuật giao thông (chuyên sâu kỹ thuật xây dựng cầu đường)
173913,VLU,cong-nghe-ky-thuat-giao-thong,D01,Điểm học bạ,2023,18.0,Công nghệ kỹ thuật giao thông (chuyên sâu kỹ thuật xây dựng cầu đường)
173914,VLU,cong-nghe-ky-thuat-giao-thong,A00,Điểm thi THPT,2023,15.0,Công nghệ kỹ thuật giao thông (chuyên sâu kỹ thuật xây dựng cầu đường)
173915,VLU,cong-nghe-ky-thuat-giao-thong,A01,Điểm thi THPT,2023,15.0,Công nghệ kỹ thuật giao thông (chuyên sâu kỹ thuật xây dựng cầu đường)
173916,VLU,cong-nghe-ky-thuat-giao-thong,C04,Điểm thi THPT,2023,15.0,Công nghệ kỹ thuật giao thông (chuyên sâu kỹ thuật xây dựng cầu đường)
173917,VLU,cong-nghe-ky-thuat-giao-thong,D01,Điểm thi THPT,2023,15.0,Công nghệ kỹ thuật giao thông (chuyên sâu kỹ thuật xây dựng cầu đường)
173918,VLU,cong-nghe-ky-thuat-nhiet,A00,Điểm thi THPT,2021,15.0,Công nghệ kỹ thuật nhiệt (Điện lạnh)
173919,VLU,cong-nghe-ky-thuat-nhiet,A01,Điểm thi THPT,2021,15.0,Công nghệ kỹ thuật nhiệt (Điện lạnh)
173920,VLU,cong-nghe-ky-thuat-nhiet,C04,Điểm thi THPT,2021,15.0,Công nghệ kỹ thuật nhiệt (Điện lạnh)
173921,VLU,cong-nghe-ky-thuat-nhiet,D01,Điểm thi THPT,2021,15.0,Công nghệ kỹ thuật nhiệt (Điện lạnh)
173922,VLU,cong-nghe-ky-thuat-nhiet,A00,Điểm học bạ,2022,18.0,Công nghệ kỹ thuật nhiệt (Điện lạnh)
173923,VLU,cong-nghe-ky-thuat-nhiet,A01,Điểm học bạ,2022,18.0,Công nghệ kỹ thuật nhiệt (Điện lạnh)
173924,VLU,cong-nghe-ky-thuat-nhiet,C04,Điểm học bạ,2022,18.0,Công nghệ kỹ thuật nhiệt (Điện lạnh)
173925,VLU,cong-nghe-ky-thuat-nhiet,D01,Điểm học bạ,2022,18.0,Công nghệ kỹ thuật nhiệt (Điện lạnh)
173926,VLU,cong-nghe-ky-thuat-nhiet,A00,Điểm thi THPT,2022,15.0,Công nghệ kỹ thuật nhiệt (Điện lạnh)
173927,VLU,cong-nghe-ky-thuat-nhiet,A01,Điểm thi THPT,2022,15.0,Công nghệ kỹ thuật nhiệt (Điện lạnh)
173928,VLU,cong-nghe-ky-thuat-nhiet,C04,Điểm thi THPT,2022,15.0,Công nghệ kỹ thuật nhiệt (Điện lạnh)
173929,VLU,cong-nghe-ky-thuat-nhiet,D01,Điểm thi THPT,2022,15.0,Công nghệ kỹ thuật nhiệt (Điện lạnh)
173930,VLU,cong-nghe-ky-thuat-nhiet,A00,Điểm học bạ,2023,18.0,Công nghệ kỹ thuật nhiệt (Điện lạnh)
173931,VLU,cong-nghe-ky-thuat-nhiet,A01,Điểm học bạ,2023,18.0,Công nghệ kỹ thuật nhiệt (Điện lạnh)
173932,VLU,cong-nghe-ky-thuat-nhiet,C04,Điểm học bạ,2023,18.0,Công nghệ kỹ thuật nhiệt (Điện lạnh)
173933,VLU,cong-nghe-ky-thuat-nhiet,D01,Điểm học bạ,2023,18.0,Công nghệ kỹ thuật nhiệt (Điện lạnh)
173934,VLU,cong-nghe-ky-thuat-nhiet,A00,Điểm thi THPT,2023,15.0,Công nghệ kỹ thuật nhiệt (Điện lạnh)
173935,VLU,cong-nghe-ky-thuat-nhiet,A01,Điểm thi THPT,2023,15.0,Công nghệ kỹ thuật nhiệt (Điện lạnh)
173936,VLU,cong-nghe-ky-thuat-nhiet,C04,Điểm thi THPT,2023,15.0,Công nghệ kỹ thuật nhiệt (Điện lạnh)
173937,VLU,cong-nghe-ky-thuat-nhiet,D01,Điểm thi THPT,2023,15.0,Công nghệ kỹ thuật nhiệt (Điện lạnh)
173938,VLU,cong-nghe-ky-thuat-nhiet,A00,Điểm học bạ,2024,18.0,Công nghệ kỹ thuật nhiệt (Điện lạnh)
173939,VLU,cong-nghe-ky-thuat-nhiet,A01,Điểm học bạ,2024,18.0,Công nghệ kỹ thuật nhiệt (Điện lạnh)
173940,VLU,cong-nghe-ky-thuat-nhiet,C04,Điểm học bạ,2024,18.0,Công nghệ kỹ thuật nhiệt (Điện lạnh)
173941,VLU,cong-nghe-ky-thuat-nhiet,D01,Điểm học bạ,2024,18.0,Công nghệ kỹ thuật nhiệt (Điện lạnh)
173942,VLU,cong-nghe-ky-thuat-nhiet,A00,Điểm thi THPT,2024,15.0,Công nghệ kỹ thuật nhiệt (Điện lạnh)
173943,VLU,cong-nghe-ky-thuat-nhiet,A01,Điểm thi THPT,2024,15.0,Công nghệ kỹ thuật nhiệt (Điện lạnh)
173944,VLU,cong-nghe-ky-thuat-nhiet,C04,Điểm thi THPT,2024,15.0,Công nghệ kỹ thuật nhiệt (Điện lạnh)
173945,VLU,cong-nghe-ky-thuat-nhiet,D01,Điểm thi THPT,2024,15.0,Công nghệ kỹ thuật nhiệt (Điện lạnh)
173946,VLU,cong-nghe-ky-thuat-nhiet,A00,Điểm học bạ,2025,18.0,Công nghệ kỹ thuật nhiệt (Điện lạnh)
173947,VLU,cong-nghe-ky-thuat-nhiet,A01,Điểm học bạ,2025,18.0,Công nghệ kỹ thuật nhiệt (Điện lạnh)
173948,VLU,cong-nghe-ky-thuat-nhiet,A03,Điểm học bạ,2025,18.0,Công nghệ kỹ thuật nhiệt (Điện lạnh)
173949,VLU,cong-nghe-ky-thuat-nhiet,A04,Điểm học bạ,2025,18.0,Công nghệ kỹ thuật nhiệt (Điện lạnh)
173950,VLU,cong-nghe-ky-thuat-nhiet,C03,Điểm học bạ,2025,18.0,Công nghệ kỹ thuật nhiệt (Điện lạnh)
173951,VLU,cong-nghe-ky-thuat-nhiet,D01,Điểm học bạ,2025,18.0,Công nghệ kỹ thuật nhiệt (Điện lạnh)
173952,VLU,cong-nghe-ky-thuat-nhiet,D09,Điểm học bạ,2025,18.0,Công nghệ kỹ thuật nhiệt (Điện lạnh)
173953,VLU,cong-nghe-ky-thuat-nhiet,D10,Điểm học bạ,2025,18.0,Công nghệ kỹ thuật nhiệt (Điện lạnh)
173954,VLU,cong-nghe-ky-thuat-nhiet,A00,Điểm thi THPT,2025,14.0,Công nghệ kỹ thuật nhiệt (Điện lạnh)
173955,VLU,cong-nghe-ky-thuat-nhiet,A01,Điểm thi THPT,2025,14.0,Công nghệ kỹ thuật nhiệt (Điện lạnh)
173956,VLU,cong-nghe-ky-thuat-nhiet,A03,Điểm thi THPT,2025,14.0,Công nghệ kỹ thuật nhiệt (Điện lạnh)
173957,VLU,cong-nghe-ky-thuat-nhiet,A04,Điểm thi THPT,2025,14.0,Công nghệ kỹ thuật nhiệt (Điện lạnh)
173958,VLU,cong-nghe-ky-thuat-nhiet,C03,Điểm thi THPT,2025,14.0,Công nghệ kỹ thuật nhiệt (Điện lạnh)
173959,VLU,cong-nghe-ky-thuat-nhiet,D01,Điểm thi THPT,2025,14.0,Công nghệ kỹ thuật nhiệt (Điện lạnh)
173960,VLU,cong-nghe-ky-thuat-nhiet,D09,Điểm thi THPT,2025,14.0,Công nghệ kỹ thuật nhiệt (Điện lạnh)
173961,VLU,cong-nghe-ky-thuat-nhiet,D10,Điểm thi THPT,2025,14.0,Công nghệ kỹ thuật nhiệt (Điện lạnh)
173962,VLU,cong-nghe-ky-thuat-o-to,A00,Điểm thi THPT,2021,15.5,Công nghệ kỹ thuật ô tô
173963,VLU,cong-nghe-ky-thuat-o-to,A01,Điểm thi THPT,2021,15.5,Công nghệ kỹ thuật ô tô
173964,VLU,cong-nghe-ky-thuat-o-to,C04,Điểm thi THPT,2021,15.5,Công nghệ kỹ thuật ô tô
173965,VLU,cong-nghe-ky-thuat-o-to,D01,Điểm thi THPT,2021,15.5,Công nghệ kỹ thuật ô tô
173966,VLU,cong-nghe-ky-thuat-o-to,A00,Điểm học bạ,2022,20.0,Công nghệ kỹ thuật ô tô
173967,VLU,cong-nghe-ky-thuat-o-to,A01,Điểm học bạ,2022,20.0,Công nghệ kỹ thuật ô tô
173968,VLU,cong-nghe-ky-thuat-o-to,C04,Điểm học bạ,2022,20.0,Công nghệ kỹ thuật ô tô
173969,VLU,cong-nghe-ky-thuat-o-to,D01,Điểm học bạ,2022,20.0,Công nghệ kỹ thuật ô tô
173970,VLU,cong-nghe-ky-thuat-o-to,A00,Điểm thi THPT,2022,16.5,Công nghệ kỹ thuật ô tô
173971,VLU,cong-nghe-ky-thuat-o-to,A01,Điểm thi THPT,2022,16.5,Công nghệ kỹ thuật ô tô
173972,VLU,cong-nghe-ky-thuat-o-to,C04,Điểm thi THPT,2022,16.5,Công nghệ kỹ thuật ô tô
173973,VLU,cong-nghe-ky-thuat-o-to,D01,Điểm thi THPT,2022,16.5,Công nghệ kỹ thuật ô tô
173974,VLU,cong-nghe-ky-thuat-o-to,A00,Điểm học bạ,2023,18.0,Công nghệ kỹ thuật ô tô
173975,VLU,cong-nghe-ky-thuat-o-to,A01,Điểm học bạ,2023,18.0,Công nghệ kỹ thuật ô tô
173976,VLU,cong-nghe-ky-thuat-o-to,C04,Điểm học bạ,2023,18.0,Công nghệ kỹ thuật ô tô
173977,VLU,cong-nghe-ky-thuat-o-to,D01,Điểm học bạ,2023,18.0,Công nghệ kỹ thuật ô tô
173978,VLU,cong-nghe-ky-thuat-o-to,A00,Điểm thi THPT,2023,15.0,Công nghệ kỹ thuật ô tô
173979,VLU,cong-nghe-ky-thuat-o-to,A01,Điểm thi THPT,2023,15.0,Công nghệ kỹ thuật ô tô
173980,VLU,cong-nghe-ky-thuat-o-to,C04,Điểm thi THPT,2023,15.0,Công nghệ kỹ thuật ô tô
173981,VLU,cong-nghe-ky-thuat-o-to,D01,Điểm thi THPT,2023,15.0,Công nghệ kỹ thuật ô tô
173982,VLU,cong-nghe-ky-thuat-o-to,A00,Điểm học bạ,2024,18.0,Công nghệ kỹ thuật ô tô
173983,VLU,cong-nghe-ky-thuat-o-to,A01,Điểm học bạ,2024,18.0,Công nghệ kỹ thuật ô tô
173984,VLU,cong-nghe-ky-thuat-o-to,C04,Điểm học bạ,2024,18.0,Công nghệ kỹ thuật ô tô
173985,VLU,cong-nghe-ky-thuat-o-to,D01,Điểm học bạ,2024,18.0,Công nghệ kỹ thuật ô tô
173986,VLU,cong-nghe-ky-thuat-o-to,A00,Điểm thi THPT,2024,15.0,Công nghệ kỹ thuật ô tô
173987,VLU,cong-nghe-ky-thuat-o-to,A01,Điểm thi THPT,2024,15.0,Công nghệ kỹ thuật ô tô
173988,VLU,cong-nghe-ky-thuat-o-to,C04,Điểm thi THPT,2024,15.0,Công nghệ kỹ thuật ô tô
173989,VLU,cong-nghe-ky-thuat-o-to,D01,Điểm thi THPT,2024,15.0,Công nghệ kỹ thuật ô tô
173990,VLU,cong-nghe-ky-thuat-o-to,A00,Điểm học bạ,2025,18.0,Công nghệ kỹ thuật ô tô
173991,VLU,cong-nghe-ky-thuat-o-to,A01,Điểm học bạ,2025,18.0,Công nghệ kỹ thuật ô tô
173992,VLU,cong-nghe-ky-thuat-o-to,A03,Điểm học bạ,2025,18.0,Công nghệ kỹ thuật ô tô
173993,VLU,cong-nghe-ky-thuat-o-to,A04,Điểm học bạ,2025,18.0,Công nghệ kỹ thuật ô tô
173994,VLU,cong-nghe-ky-thuat-o-to,A07,Điểm học bạ,2025,18.0,Công nghệ kỹ thuật ô tô
173995,VLU,cong-nghe-ky-thuat-o-to,C01,Điểm học bạ,2025,18.0,Công nghệ kỹ thuật ô tô
173996,VLU,cong-nghe-ky-thuat-o-to,C03,Điểm học bạ,2025,18.0,Công nghệ kỹ thuật ô tô
173997,VLU,cong-nghe-ky-thuat-o-to,D01,Điểm học bạ,2025,18.0,Công nghệ kỹ thuật ô tô
173998,VLU,cong-nghe-ky-thuat-o-to,A00,Điểm thi THPT,2025,14.0,Công nghệ kỹ thuật ô tô
173999,VLU,cong-nghe-ky-thuat-o-to,A01,Điểm thi THPT,2025,14.0,Công nghệ kỹ thuật ô tô
174000,VLU,cong-nghe-ky-thuat-o-to,A03,Điểm thi THPT,2025,14.0,Công nghệ kỹ thuật ô tô
174001,VLU,cong-nghe-ky-thuat-o-to,A04,Điểm thi THPT,2025,14.0,Công nghệ kỹ thuật ô tô
174002,VLU,cong-nghe-ky-thuat-o-to,A07,Điểm thi THPT,2025,14.0,Công nghệ kỹ thuật ô tô
174003,VLU,cong-nghe-ky-thuat-o-to,C01,Điểm thi THPT,2025,14.0,Công nghệ kỹ thuật ô tô
174004,VLU,cong-nghe-ky-thuat-o-to,C03,Điểm thi THPT,2025,14.0,Công nghệ kỹ thuật ô tô
174005,VLU,cong-nghe-ky-thuat-o-to,D01,Điểm thi THPT,2025,14.0,Công nghệ kỹ thuật ô tô
174006,VLU,cong-nghe-sau-thu-hoach,A01,Điểm thi THPT,2021,15.0,Công nghệ sau thu hoạch
174007,VLU,cong-nghe-sau-thu-hoach,B00,Điểm thi THPT,2021,15.0,Công nghệ sau thu hoạch
174008,VLU,cong-nghe-sau-thu-hoach,C04,Điểm thi THPT,2021,15.0,Công nghệ sau thu hoạch
174009,VLU,cong-nghe-sau-thu-hoach,D01,Điểm thi THPT,2021,15.0,Công nghệ sau thu hoạch
174010,VLU,cong-nghe-sau-thu-hoach,A01,Điểm học bạ,2023,18.0,Công nghệ sau thu hoạch
174011,VLU,cong-nghe-sau-thu-hoach,B00,Điểm học bạ,2023,18.0,Công nghệ sau thu hoạch
174012,VLU,cong-nghe-sau-thu-hoach,C04,Điểm học bạ,2023,18.0,Công nghệ sau thu hoạch
174013,VLU,cong-nghe-sau-thu-hoach,D01,Điểm học bạ,2023,18.0,Công nghệ sau thu hoạch
174014,VLU,cong-nghe-sau-thu-hoach,A01,Điểm thi THPT,2023,15.0,Công nghệ sau thu hoạch
174015,VLU,cong-nghe-sau-thu-hoach,B00,Điểm thi THPT,2023,15.0,Công nghệ sau thu hoạch
174016,VLU,cong-nghe-sau-thu-hoach,C04,Điểm thi THPT,2023,15.0,Công nghệ sau thu hoạch
174017,VLU,cong-nghe-sau-thu-hoach,D01,Điểm thi THPT,2023,15.0,Công nghệ sau thu hoạch
174018,VLU,cong-nghe-sinh-hoc,A01,Điểm thi THPT,2021,15.0,Công nghệ sinh học
174019,VLU,cong-nghe-sinh-hoc,B00,Điểm thi THPT,2021,15.0,Công nghệ sinh học
174020,VLU,cong-nghe-sinh-hoc,C04,Điểm thi THPT,2021,15.0,Công nghệ sinh học
174021,VLU,cong-nghe-sinh-hoc,D01,Điểm thi THPT,2021,15.0,Công nghệ sinh học
174022,VLU,cong-nghe-sinh-hoc,A01,Điểm học bạ,2023,18.0,Công nghệ sinh học
174023,VLU,cong-nghe-sinh-hoc,B00,Điểm học bạ,2023,18.0,Công nghệ sinh học
174024,VLU,cong-nghe-sinh-hoc,C04,Điểm học bạ,2023,18.0,Công nghệ sinh học
174025,VLU,cong-nghe-sinh-hoc,D01,Điểm học bạ,2023,18.0,Công nghệ sinh học
174026,VLU,cong-nghe-sinh-hoc,A01,Điểm thi THPT,2023,15.0,Công nghệ sinh học
174027,VLU,cong-nghe-sinh-hoc,B00,Điểm thi THPT,2023,15.0,Công nghệ sinh học
174028,VLU,cong-nghe-sinh-hoc,C04,Điểm thi THPT,2023,15.0,Công nghệ sinh học
174029,VLU,cong-nghe-sinh-hoc,D01,Điểm thi THPT,2023,15.0,Công nghệ sinh học
174030,VLU,cong-nghe-sinh-hoc,A01,Điểm học bạ,2024,18.0,Công nghệ sinh học
174031,VLU,cong-nghe-sinh-hoc,B00,Điểm học bạ,2024,18.0,Công nghệ sinh học
174032,VLU,cong-nghe-sinh-hoc,C04,Điểm học bạ,2024,18.0,Công nghệ sinh học
174033,VLU,cong-nghe-sinh-hoc,D01,Điểm học bạ,2024,18.0,Công nghệ sinh học
174034,VLU,cong-nghe-sinh-hoc,A01,Điểm thi THPT,2024,15.0,Công nghệ sinh học
174035,VLU,cong-nghe-sinh-hoc,B00,Điểm thi THPT,2024,15.0,Công nghệ sinh học
174036,VLU,cong-nghe-sinh-hoc,C04,Điểm thi THPT,2024,15.0,Công nghệ sinh học
174037,VLU,cong-nghe-sinh-hoc,D01,Điểm thi THPT,2024,15.0,Công nghệ sinh học
174038,VLU,cong-nghe-sinh-hoc,A00,Điểm học bạ,2025,18.0,Công nghệ sinh học
174039,VLU,cong-nghe-sinh-hoc,A01,Điểm học bạ,2025,18.0,Công nghệ sinh học
174040,VLU,cong-nghe-sinh-hoc,B00,Điểm học bạ,2025,18.0,Công nghệ sinh học
174041,VLU,cong-nghe-sinh-hoc,B02,Điểm học bạ,2025,18.0,Công nghệ sinh học
174042,VLU,cong-nghe-sinh-hoc,B03,Điểm học bạ,2025,18.0,Công nghệ sinh học
174043,VLU,cong-nghe-sinh-hoc,B08,Điểm học bạ,2025,18.0,Công nghệ sinh học
174044,VLU,cong-nghe-sinh-hoc,C02,Điểm học bạ,2025,18.0,Công nghệ sinh học
174045,VLU,cong-nghe-sinh-hoc,C04,Điểm học bạ,2025,18.0,Công nghệ sinh học
174046,VLU,cong-nghe-sinh-hoc,A00,Điểm thi THPT,2025,14.0,Công nghệ sinh học
174047,VLU,cong-nghe-sinh-hoc,A01,Điểm thi THPT,2025,14.0,Công nghệ sinh học
174048,VLU,cong-nghe-sinh-hoc,B00,Điểm thi THPT,2025,14.0,Công nghệ sinh học
174049,VLU,cong-nghe-sinh-hoc,B02,Điểm thi THPT,2025,14.0,Công nghệ sinh học
174050,VLU,cong-nghe-sinh-hoc,B03,Điểm thi THPT,2025,14.0,Công nghệ sinh học
174051,VLU,cong-nghe-sinh-hoc,B08,Điểm thi THPT,2025,14.0,Công nghệ sinh học
174052,VLU,cong-nghe-sinh-hoc,C02,Điểm thi THPT,2025,14.0,Công nghệ sinh học
174053,VLU,cong-nghe-sinh-hoc,C04,Điểm thi THPT,2025,14.0,Công nghệ sinh học
174054,VLU,cong-nghe-sinh-hoc-trong-nong-nghiep-cong-nghe-cao,A01,Điểm thi THPT,2021,15.0,Công nghệ sinh học trong nông nghiệp công nghệ cao
174055,VLU,cong-nghe-sinh-hoc-trong-nong-nghiep-cong-nghe-cao,B00,Điểm thi THPT,2021,15.0,Công nghệ sinh học trong nông nghiệp công nghệ cao
174056,VLU,cong-nghe-sinh-hoc-trong-nong-nghiep-cong-nghe-cao,C04,Điểm thi THPT,2021,15.0,Công nghệ sinh học trong nông nghiệp công nghệ cao
174057,VLU,cong-nghe-sinh-hoc-trong-nong-nghiep-cong-nghe-cao,D01,Điểm thi THPT,2021,15.0,Công nghệ sinh học trong nông nghiệp công nghệ cao
174058,VLU,cong-nghe-sinh-hoc-trong-thuc-pham,A01,Điểm thi THPT,2021,15.0,Công nghệ sinh học trong thực phẩm
174059,VLU,cong-nghe-sinh-hoc-trong-thuc-pham,B00,Điểm thi THPT,2021,15.0,Công nghệ sinh học trong thực phẩm
174060,VLU,cong-nghe-sinh-hoc-trong-thuc-pham,C04,Điểm thi THPT,2021,15.0,Công nghệ sinh học trong thực phẩm
174061,VLU,cong-nghe-sinh-hoc-trong-thuc-pham,D01,Điểm thi THPT,2021,15.0,Công nghệ sinh học trong thực phẩm
174062,VLU,cong-nghe-thong-tin,A00,Điểm thi THPT,2021,15.0,Công nghệ thông tin
174063,VLU,cong-nghe-thong-tin,A01,Điểm thi THPT,2021,15.0,Công nghệ thông tin
174064,VLU,cong-nghe-thong-tin,C04,Điểm thi THPT,2021,15.0,Công nghệ thông tin
174065,VLU,cong-nghe-thong-tin,D01,Điểm thi THPT,2021,15.0,Công nghệ thông tin
174066,VLU,cong-nghe-thong-tin,A00,Điểm học bạ,2022,19.0,Công nghệ thông tin
174067,VLU,cong-nghe-thong-tin,A01,Điểm học bạ,2022,19.0,Công nghệ thông tin
174068,VLU,cong-nghe-thong-tin,C04,Điểm học bạ,2022,19.0,Công nghệ thông tin
174069,VLU,cong-nghe-thong-tin,D01,Điểm học bạ,2022,19.0,Công nghệ thông tin
174070,VLU,cong-nghe-thong-tin,A00,Điểm thi THPT,2022,16.0,Công nghệ thông tin
174071,VLU,cong-nghe-thong-tin,A01,Điểm thi THPT,2022,16.0,Công nghệ thông tin
174072,VLU,cong-nghe-thong-tin,C04,Điểm thi THPT,2022,16.0,Công nghệ thông tin
174073,VLU,cong-nghe-thong-tin,D01,Điểm thi THPT,2022,16.0,Công nghệ thông tin
174074,VLU,cong-nghe-thong-tin,A00,Điểm học bạ,2023,18.0,Công nghệ thông tin
174075,VLU,cong-nghe-thong-tin,A01,Điểm học bạ,2023,18.0,Công nghệ thông tin
174076,VLU,cong-nghe-thong-tin,C04,Điểm học bạ,2023,18.0,Công nghệ thông tin
174077,VLU,cong-nghe-thong-tin,D01,Điểm học bạ,2023,18.0,Công nghệ thông tin
174078,VLU,cong-nghe-thong-tin,A00,Điểm thi THPT,2023,15.0,Công nghệ thông tin
174079,VLU,cong-nghe-thong-tin,A01,Điểm thi THPT,2023,15.0,Công nghệ thông tin
174080,VLU,cong-nghe-thong-tin,C04,Điểm thi THPT,2023,15.0,Công nghệ thông tin
174081,VLU,cong-nghe-thong-tin,D01,Điểm thi THPT,2023,15.0,Công nghệ thông tin
174082,VLU,cong-nghe-thong-tin,A00,Điểm học bạ,2024,18.0,Công nghệ thông tin
174083,VLU,cong-nghe-thong-tin,A01,Điểm học bạ,2024,18.0,Công nghệ thông tin
174084,VLU,cong-nghe-thong-tin,C04,Điểm học bạ,2024,18.0,Công nghệ thông tin
174085,VLU,cong-nghe-thong-tin,D01,Điểm học bạ,2024,18.0,Công nghệ thông tin
174086,VLU,cong-nghe-thong-tin,A00,Điểm thi THPT,2024,15.0,Công nghệ thông tin
174087,VLU,cong-nghe-thong-tin,A01,Điểm thi THPT,2024,15.0,Công nghệ thông tin
174088,VLU,cong-nghe-thong-tin,C04,Điểm thi THPT,2024,15.0,Công nghệ thông tin
174089,VLU,cong-nghe-thong-tin,D01,Điểm thi THPT,2024,15.0,Công nghệ thông tin
174090,VLU,cong-nghe-thong-tin,A00,Điểm học bạ,2025,18.0,Công nghệ thông tin
174091,VLU,cong-nghe-thong-tin,A01,Điểm học bạ,2025,18.0,Công nghệ thông tin
174092,VLU,cong-nghe-thong-tin,C01,Điểm học bạ,2025,18.0,Công nghệ thông tin
174093,VLU,cong-nghe-thong-tin,C03,Điểm học bạ,2025,18.0,Công nghệ thông tin
174094,VLU,cong-nghe-thong-tin,C04,Điểm học bạ,2025,18.0,Công nghệ thông tin
174095,VLU,cong-nghe-thong-tin,D01,Điểm học bạ,2025,18.0,Công nghệ thông tin
174096,VLU,cong-nghe-thong-tin,D07,Điểm học bạ,2025,18.0,Công nghệ thông tin
174097,VLU,cong-nghe-thong-tin,X02,Điểm học bạ,2025,18.0,Công nghệ thông tin
174098,VLU,cong-nghe-thong-tin,A00,Điểm thi THPT,2025,14.0,Công nghệ thông tin
174099,VLU,cong-nghe-thong-tin,A01,Điểm thi THPT,2025,14.0,Công nghệ thông tin
174100,VLU,cong-nghe-thong-tin,C01,Điểm thi THPT,2025,14.0,Công nghệ thông tin
174101,VLU,cong-nghe-thong-tin,C03,Điểm thi THPT,2025,14.0,Công nghệ thông tin
174102,VLU,cong-nghe-thong-tin,C04,Điểm thi THPT,2025,14.0,Công nghệ thông tin
174103,VLU,cong-nghe-thong-tin,D01,Điểm thi THPT,2025,14.0,Công nghệ thông tin
174104,VLU,cong-nghe-thong-tin,D07,Điểm thi THPT,2025,14.0,Công nghệ thông tin
174105,VLU,cong-nghe-thong-tin,X02,Điểm thi THPT,2025,14.0,Công nghệ thông tin
174106,VLU,cong-nghe-thuc-pham,A01,Điểm thi THPT,2021,15.0,Công nghệ thực phẩm
174107,VLU,cong-nghe-thuc-pham,B00,Điểm thi THPT,2021,15.0,Công nghệ thực phẩm
174108,VLU,cong-nghe-thuc-pham,C04,Điểm thi THPT,2021,15.0,Công nghệ thực phẩm
174109,VLU,cong-nghe-thuc-pham,D01,Điểm thi THPT,2021,15.0,Công nghệ thực phẩm
174110,VLU,cong-nghe-thuc-pham,A01,Điểm học bạ,2023,18.0,Công nghệ thực phẩm
174111,VLU,cong-nghe-thuc-pham,B00,Điểm học bạ,2023,18.0,Công nghệ thực phẩm
174112,VLU,cong-nghe-thuc-pham,C04,Điểm học bạ,2023,18.0,Công nghệ thực phẩm
174113,VLU,cong-nghe-thuc-pham,D01,Điểm học bạ,2023,18.0,Công nghệ thực phẩm
174114,VLU,cong-nghe-thuc-pham,A01,Điểm thi THPT,2023,15.0,Công nghệ thực phẩm
174115,VLU,cong-nghe-thuc-pham,B00,Điểm thi THPT,2023,15.0,Công nghệ thực phẩm
174116,VLU,cong-nghe-thuc-pham,C04,Điểm thi THPT,2023,15.0,Công nghệ thực phẩm
174117,VLU,cong-nghe-thuc-pham,D01,Điểm thi THPT,2023,15.0,Công nghệ thực phẩm
174118,VLU,cong-nghe-thuc-pham,A01,Điểm học bạ,2024,18.0,Công nghệ thực phẩm
174119,VLU,cong-nghe-thuc-pham,B00,Điểm học bạ,2024,18.0,Công nghệ thực phẩm
174120,VLU,cong-nghe-thuc-pham,C04,Điểm học bạ,2024,18.0,Công nghệ thực phẩm
174121,VLU,cong-nghe-thuc-pham,D01,Điểm học bạ,2024,18.0,Công nghệ thực phẩm
174122,VLU,cong-nghe-thuc-pham,A01,Điểm thi THPT,2024,15.0,Công nghệ thực phẩm
174123,VLU,cong-nghe-thuc-pham,B00,Điểm thi THPT,2024,15.0,Công nghệ thực phẩm
174124,VLU,cong-nghe-thuc-pham,C04,Điểm thi THPT,2024,15.0,Công nghệ thực phẩm
174125,VLU,cong-nghe-thuc-pham,D01,Điểm thi THPT,2024,15.0,Công nghệ thực phẩm
174126,VLU,cong-nghe-thuc-pham,A00,Điểm học bạ,2025,18.0,Công nghệ thực phẩm
174127,VLU,cong-nghe-thuc-pham,A01,Điểm học bạ,2025,18.0,Công nghệ thực phẩm
174128,VLU,cong-nghe-thuc-pham,A02,Điểm học bạ,2025,18.0,Công nghệ thực phẩm
174129,VLU,cong-nghe-thuc-pham,A04,Điểm học bạ,2025,18.0,Công nghệ thực phẩm
174130,VLU,cong-nghe-thuc-pham,A06,Điểm học bạ,2025,18.0,Công nghệ thực phẩm
174131,VLU,cong-nghe-thuc-pham,B00,Điểm học bạ,2025,18.0,Công nghệ thực phẩm
174132,VLU,cong-nghe-thuc-pham,C04,Điểm học bạ,2025,18.0,Công nghệ thực phẩm
174133,VLU,cong-nghe-thuc-pham,D01,Điểm học bạ,2025,18.0,Công nghệ thực phẩm
174134,VLU,cong-nghe-thuc-pham,A00,Điểm thi THPT,2025,14.0,Công nghệ thực phẩm
174135,VLU,cong-nghe-thuc-pham,A01,Điểm thi THPT,2025,14.0,Công nghệ thực phẩm
174136,VLU,cong-nghe-thuc-pham,A02,Điểm thi THPT,2025,14.0,Công nghệ thực phẩm
174137,VLU,cong-nghe-thuc-pham,A04,Điểm thi THPT,2025,14.0,Công nghệ thực phẩm
174138,VLU,cong-nghe-thuc-pham,A06,Điểm thi THPT,2025,14.0,Công nghệ thực phẩm
174139,VLU,cong-nghe-thuc-pham,B00,Điểm thi THPT,2025,14.0,Công nghệ thực phẩm
174140,VLU,cong-nghe-thuc-pham,C04,Điểm thi THPT,2025,14.0,Công nghệ thực phẩm
174141,VLU,cong-nghe-thuc-pham,D01,Điểm thi THPT,2025,14.0,Công nghệ thực phẩm
174142,VLU,cong-nghe-va-doi-moi-sang-tao,A00,Điểm học bạ,2024,18.0,Công nghệ và đổi mới sáng tạo
174143,VLU,cong-nghe-va-doi-moi-sang-tao,A01,Điểm học bạ,2024,18.0,Công nghệ và đổi mới sáng tạo
174144,VLU,cong-nghe-va-doi-moi-sang-tao,C04,Điểm học bạ,2024,18.0,Công nghệ và đổi mới sáng tạo
174145,VLU,cong-nghe-va-doi-moi-sang-tao,D01,Điểm học bạ,2024,18.0,Công nghệ và đổi mới sáng tạo
174146,VLU,cong-tac-xa-hoi,A01,Điểm thi THPT,2021,15.0,Công tác xã hội
174147,VLU,cong-tac-xa-hoi,C00,Điểm thi THPT,2021,15.0,Công tác xã hội
174148,VLU,cong-tac-xa-hoi,C19,Điểm thi THPT,2021,15.0,Công tác xã hội
174149,VLU,cong-tac-xa-hoi,D01,Điểm thi THPT,2021,15.0,Công tác xã hội
174150,VLU,cong-tac-xa-hoi,A01,Điểm học bạ,2023,18.0,Công tác xã hội
174151,VLU,cong-tac-xa-hoi,C00,Điểm học bạ,2023,18.0,Công tác xã hội
174152,VLU,cong-tac-xa-hoi,C19,Điểm học bạ,2023,18.0,Công tác xã hội
174153,VLU,cong-tac-xa-hoi,D01,Điểm học bạ,2023,18.0,Công tác xã hội
174154,VLU,cong-tac-xa-hoi,A01,Điểm thi THPT,2023,15.0,Công tác xã hội
174155,VLU,cong-tac-xa-hoi,C00,Điểm thi THPT,2023,15.0,Công tác xã hội
174156,VLU,cong-tac-xa-hoi,C19,Điểm thi THPT,2023,15.0,Công tác xã hội
174157,VLU,cong-tac-xa-hoi,D01,Điểm thi THPT,2023,15.0,Công tác xã hội
174158,VLU,cong-tac-xa-hoi,A01,Điểm học bạ,2024,18.0,Công tác xã hội
174159,VLU,cong-tac-xa-hoi,C00,Điểm học bạ,2024,18.0,Công tác xã hội
174160,VLU,cong-tac-xa-hoi,C19,Điểm học bạ,2024,18.0,Công tác xã hội
174161,VLU,cong-tac-xa-hoi,D01,Điểm học bạ,2024,18.0,Công tác xã hội
174162,VLU,cong-tac-xa-hoi,A01,Điểm thi THPT,2024,15.0,Công tác xã hội
174163,VLU,cong-tac-xa-hoi,C00,Điểm thi THPT,2024,15.0,Công tác xã hội
174164,VLU,cong-tac-xa-hoi,C19,Điểm thi THPT,2024,15.0,Công tác xã hội
174165,VLU,cong-tac-xa-hoi,D01,Điểm thi THPT,2024,15.0,Công tác xã hội
174166,VLU,cong-tac-xa-hoi,C00,Điểm học bạ,2025,18.0,Công tác xã hội
174167,VLU,cong-tac-xa-hoi,C03,Điểm học bạ,2025,18.0,Công tác xã hội
174168,VLU,cong-tac-xa-hoi,C04,Điểm học bạ,2025,18.0,Công tác xã hội
174169,VLU,cong-tac-xa-hoi,C14,Điểm học bạ,2025,18.0,Công tác xã hội
174170,VLU,cong-tac-xa-hoi,C19,Điểm học bạ,2025,18.0,Công tác xã hội
174171,VLU,cong-tac-xa-hoi,D01,Điểm học bạ,2025,18.0,Công tác xã hội
174172,VLU,cong-tac-xa-hoi,D15,Điểm học bạ,2025,18.0,Công tác xã hội
174173,VLU,cong-tac-xa-hoi,X01,Điểm học bạ,2025,18.0,Công tác xã hội
174174,VLU,cong-tac-xa-hoi,X02,Điểm học bạ,2025,18.0,Công tác xã hội
174175,VLU,cong-tac-xa-hoi,X70,Điểm học bạ,2025,18.0,Công tác xã hội
174176,VLU,cong-tac-xa-hoi,C00,Điểm thi THPT,2025,14.0,Công tác xã hội
174177,VLU,cong-tac-xa-hoi,C03,Điểm thi THPT,2025,14.0,Công tác xã hội
174178,VLU,cong-tac-xa-hoi,C04,Điểm thi THPT,2025,14.0,Công tác xã hội
174179,VLU,cong-tac-xa-hoi,C14,Điểm thi THPT,2025,14.0,Công tác xã hội
174180,VLU,cong-tac-xa-hoi,C19,Điểm thi THPT,2025,14.0,Công tác xã hội
174181,VLU,cong-tac-xa-hoi,D01,Điểm thi THPT,2025,14.0,Công tác xã hội
174182,VLU,cong-tac-xa-hoi,D15,Điểm thi THPT,2025,14.0,Công tác xã hội
174183,VLU,cong-tac-xa-hoi,X01,Điểm thi THPT,2025,14.0,Công tác xã hội
174184,VLU,cong-tac-xa-hoi,X02,Điểm thi THPT,2025,14.0,Công tác xã hội
174185,VLU,cong-tac-xa-hoi,X70,Điểm thi THPT,2025,14.0,Công tác xã hội
174186,VLU,du-lich,A01,Điểm thi THPT,2021,15.0,Du lịch
174187,VLU,du-lich,C00,Điểm thi THPT,2021,15.0,Du lịch
174188,VLU,du-lich,C19,Điểm thi THPT,2021,15.0,Du lịch
174189,VLU,du-lich,D01,Điểm thi THPT,2021,15.0,Du lịch
174190,VLU,du-lich,A01,Điểm học bạ,2023,18.0,Du lịch
174191,VLU,du-lich,C00,Điểm học bạ,2023,18.0,Du lịch
174192,VLU,du-lich,C19,Điểm học bạ,2023,18.0,Du lịch
174193,VLU,du-lich,D01,Điểm học bạ,2023,18.0,Du lịch
174194,VLU,du-lich,A01,Điểm thi THPT,2023,15.0,Du lịch
174195,VLU,du-lich,C00,Điểm thi THPT,2023,15.0,Du lịch
174196,VLU,du-lich,C19,Điểm thi THPT,2023,15.0,Du lịch
174197,VLU,du-lich,D01,Điểm thi THPT,2023,15.0,Du lịch
174198,VLU,du-lich,A01,Điểm học bạ,2024,18.0,Du lịch
174199,VLU,du-lich,C00,Điểm học bạ,2024,18.0,Du lịch
174200,VLU,du-lich,C19,Điểm học bạ,2024,18.0,Du lịch
174201,VLU,du-lich,D01,Điểm học bạ,2024,18.0,Du lịch
174202,VLU,du-lich,A01,Điểm thi THPT,2024,15.0,Du lịch
174203,VLU,du-lich,C00,Điểm thi THPT,2024,15.0,Du lịch
174204,VLU,du-lich,C19,Điểm thi THPT,2024,15.0,Du lịch
174205,VLU,du-lich,D01,Điểm thi THPT,2024,15.0,Du lịch
174206,VLU,du-lich,C00,Điểm học bạ,2025,18.0,Du lịch
174207,VLU,du-lich,C03,Điểm học bạ,2025,18.0,Du lịch
174208,VLU,du-lich,C04,Điểm học bạ,2025,18.0,Du lịch
174209,VLU,du-lich,C14,Điểm học bạ,2025,18.0,Du lịch
174210,VLU,du-lich,C19,Điểm học bạ,2025,18.0,Du lịch
174211,VLU,du-lich,D01,Điểm học bạ,2025,18.0,Du lịch
174212,VLU,du-lich,D15,Điểm học bạ,2025,18.0,Du lịch
174213,VLU,du-lich,X01,Điểm học bạ,2025,18.0,Du lịch
174214,VLU,du-lich,X02,Điểm học bạ,2025,18.0,Du lịch
174215,VLU,du-lich,X70,Điểm học bạ,2025,18.0,Du lịch
174216,VLU,du-lich,C00,Điểm thi THPT,2025,14.0,Du lịch
174217,VLU,du-lich,C03,Điểm thi THPT,2025,14.0,Du lịch
174218,VLU,du-lich,C04,Điểm thi THPT,2025,14.0,Du lịch
174219,VLU,du-lich,C14,Điểm thi THPT,2025,14.0,Du lịch
174220,VLU,du-lich,C19,Điểm thi THPT,2025,14.0,Du lịch
174221,VLU,du-lich,D01,Điểm thi THPT,2025,14.0,Du lịch
174222,VLU,du-lich,D15,Điểm thi THPT,2025,14.0,Du lịch
174223,VLU,du-lich,X01,Điểm thi THPT,2025,14.0,Du lịch
174224,VLU,du-lich,X02,Điểm thi THPT,2025,14.0,Du lịch
174225,VLU,du-lich,X70,Điểm thi THPT,2025,14.0,Du lịch
174226,VLU,giao-duc-hoc,A01,Điểm thi THPT,2021,21.5,Giáo dục học
174227,VLU,giao-duc-hoc,C00,Điểm thi THPT,2021,21.5,Giáo dục học
174228,VLU,giao-duc-hoc,C19,Điểm thi THPT,2021,21.5,Giáo dục học
174229,VLU,giao-duc-hoc,D01,Điểm thi THPT,2021,21.5,Giáo dục học
174230,VLU,giao-duc-hoc,A01,Điểm học bạ,2023,18.0,Giáo dục học
174231,VLU,giao-duc-hoc,C00,Điểm học bạ,2023,18.0,Giáo dục học
174232,VLU,giao-duc-hoc,C19,Điểm học bạ,2023,18.0,Giáo dục học
174233,VLU,giao-duc-hoc,D01,Điểm học bạ,2023,18.0,Giáo dục học
174234,VLU,giao-duc-hoc,A01,Điểm thi THPT,2023,15.0,Giáo dục học
174235,VLU,giao-duc-hoc,C00,Điểm thi THPT,2023,15.0,Giáo dục học
174236,VLU,giao-duc-hoc,C19,Điểm thi THPT,2023,15.0,Giáo dục học
174237,VLU,giao-duc-hoc,D01,Điểm thi THPT,2023,15.0,Giáo dục học
174238,VLU,giao-duc-hoc,A01,Điểm học bạ,2024,18.0,Giáo dục học
174239,VLU,giao-duc-hoc,C00,Điểm học bạ,2024,18.0,Giáo dục học
174240,VLU,giao-duc-hoc,C19,Điểm học bạ,2024,18.0,Giáo dục học
174241,VLU,giao-duc-hoc,D01,Điểm học bạ,2024,18.0,Giáo dục học
174242,VLU,giao-duc-hoc,A01,Điểm thi THPT,2024,15.0,Giáo dục học
174243,VLU,giao-duc-hoc,C00,Điểm thi THPT,2024,15.0,Giáo dục học
174244,VLU,giao-duc-hoc,C19,Điểm thi THPT,2024,15.0,Giáo dục học
174245,VLU,giao-duc-hoc,D01,Điểm thi THPT,2024,15.0,Giáo dục học
174246,VLU,giao-duc-hoc,C00,Điểm học bạ,2025,18.0,Giáo dục học
174247,VLU,giao-duc-hoc,C03,Điểm học bạ,2025,18.0,Giáo dục học
174248,VLU,giao-duc-hoc,C04,Điểm học bạ,2025,18.0,Giáo dục học
174249,VLU,giao-duc-hoc,C14,Điểm học bạ,2025,18.0,Giáo dục học
174250,VLU,giao-duc-hoc,C19,Điểm học bạ,2025,18.0,Giáo dục học
174251,VLU,giao-duc-hoc,D01,Điểm học bạ,2025,18.0,Giáo dục học
174252,VLU,giao-duc-hoc,D15,Điểm học bạ,2025,18.0,Giáo dục học
174253,VLU,giao-duc-hoc,X01,Điểm học bạ,2025,18.0,Giáo dục học
174254,VLU,giao-duc-hoc,X02,Điểm học bạ,2025,18.0,Giáo dục học
174255,VLU,giao-duc-hoc,X70,Điểm học bạ,2025,18.0,Giáo dục học
174256,VLU,giao-duc-hoc,C00,Điểm thi THPT,2025,14.0,Giáo dục học
174257,VLU,giao-duc-hoc,C03,Điểm thi THPT,2025,14.0,Giáo dục học
174258,VLU,giao-duc-hoc,C04,Điểm thi THPT,2025,14.0,Giáo dục học
174259,VLU,giao-duc-hoc,C14,Điểm thi THPT,2025,14.0,Giáo dục học
174260,VLU,giao-duc-hoc,C19,Điểm thi THPT,2025,14.0,Giáo dục học
174261,VLU,giao-duc-hoc,D01,Điểm thi THPT,2025,14.0,Giáo dục học
174262,VLU,giao-duc-hoc,D15,Điểm thi THPT,2025,14.0,Giáo dục học
174263,VLU,giao-duc-hoc,X01,Điểm thi THPT,2025,14.0,Giáo dục học
174264,VLU,giao-duc-hoc,X02,Điểm thi THPT,2025,14.0,Giáo dục học
174265,VLU,giao-duc-hoc,X70,Điểm thi THPT,2025,14.0,Giáo dục học
174266,VLU,internet-van-vat,A00,Điểm thi THPT,2021,15.0,Internet vạn vật (IoT)
174267,VLU,internet-van-vat,A01,Điểm thi THPT,2021,15.0,Internet vạn vật (IoT)
174268,VLU,internet-van-vat,C04,Điểm thi THPT,2021,15.0,Internet vạn vật (IoT)
174269,VLU,internet-van-vat,D01,Điểm thi THPT,2021,15.0,Internet vạn vật (IoT)
174270,VLU,ke-toan,A00,Điểm thi THPT,2021,15.0,Kế toán
174271,VLU,ke-toan,A01,Điểm thi THPT,2021,15.0,Kế toán
174272,VLU,ke-toan,C04,Điểm thi THPT,2021,15.0,Kế toán
174273,VLU,ke-toan,D01,Điểm thi THPT,2021,15.0,Kế toán
174274,VLU,khoa-hoc-du-lieu,A00,Điểm học bạ,2025,18.0,Khoa học dữ liệu
174275,VLU,khoa-hoc-du-lieu,A01,Điểm học bạ,2025,18.0,Khoa học dữ liệu
174276,VLU,khoa-hoc-du-lieu,C03,Điểm học bạ,2025,18.0,Khoa học dữ liệu
174277,VLU,khoa-hoc-du-lieu,C04,Điểm học bạ,2025,18.0,Khoa học dữ liệu
174278,VLU,khoa-hoc-du-lieu,C14,Điểm học bạ,2025,18.0,Khoa học dữ liệu
174279,VLU,khoa-hoc-du-lieu,D07,Điểm học bạ,2025,18.0,Khoa học dữ liệu
174280,VLU,khoa-hoc-du-lieu,D15,Điểm học bạ,2025,18.0,Khoa học dữ liệu
174281,VLU,khoa-hoc-du-lieu,X01,Điểm học bạ,2025,18.0,Khoa học dữ liệu
174282,VLU,khoa-hoc-du-lieu,X26,Điểm học bạ,2025,18.0,Khoa học dữ liệu
174283,VLU,khoa-hoc-du-lieu,A00,Điểm thi THPT,2025,14.0,Khoa học dữ liệu
174284,VLU,khoa-hoc-du-lieu,A01,Điểm thi THPT,2025,14.0,Khoa học dữ liệu
174285,VLU,khoa-hoc-du-lieu,C03,Điểm thi THPT,2025,14.0,Khoa học dữ liệu
174286,VLU,khoa-hoc-du-lieu,C04,Điểm thi THPT,2025,14.0,Khoa học dữ liệu
174287,VLU,khoa-hoc-du-lieu,C14,Điểm thi THPT,2025,14.0,Khoa học dữ liệu
174288,VLU,khoa-hoc-du-lieu,D07,Điểm thi THPT,2025,14.0,Khoa học dữ liệu
174289,VLU,khoa-hoc-du-lieu,D15,Điểm thi THPT,2025,14.0,Khoa học dữ liệu
174290,VLU,khoa-hoc-du-lieu,X01,Điểm thi THPT,2025,14.0,Khoa học dữ liệu
174291,VLU,khoa-hoc-du-lieu,X26,Điểm thi THPT,2025,14.0,Khoa học dữ liệu
174292,VLU,khoa-hoc-may-tinh,A00,Điểm thi THPT,2021,15.0,Khoa học máy tính
174293,VLU,khoa-hoc-may-tinh,A01,Điểm thi THPT,2021,15.0,Khoa học máy tính
174294,VLU,khoa-hoc-may-tinh,C04,Điểm thi THPT,2021,15.0,Khoa học máy tính
174295,VLU,khoa-hoc-may-tinh,D01,Điểm thi THPT,2021,15.0,Khoa học máy tính
174296,VLU,khoa-hoc-may-tinh,A00,Điểm học bạ,2022,18.0,Khoa học máy tính
174297,VLU,khoa-hoc-may-tinh,A01,Điểm học bạ,2022,18.0,Khoa học máy tính
174298,VLU,khoa-hoc-may-tinh,C04,Điểm học bạ,2022,18.0,Khoa học máy tính
174299,VLU,khoa-hoc-may-tinh,D01,Điểm học bạ,2022,18.0,Khoa học máy tính
174300,VLU,khoa-hoc-may-tinh,A00,Điểm thi THPT,2022,15.0,Khoa học máy tính
174301,VLU,khoa-hoc-may-tinh,A01,Điểm thi THPT,2022,15.0,Khoa học máy tính
174302,VLU,khoa-hoc-may-tinh,C04,Điểm thi THPT,2022,15.0,Khoa học máy tính
174303,VLU,khoa-hoc-may-tinh,D01,Điểm thi THPT,2022,15.0,Khoa học máy tính
174304,VLU,khoa-hoc-may-tinh,A00,Điểm học bạ,2023,18.0,Khoa học máy tính
174305,VLU,khoa-hoc-may-tinh,A01,Điểm học bạ,2023,18.0,Khoa học máy tính
174306,VLU,khoa-hoc-may-tinh,C04,Điểm học bạ,2023,18.0,Khoa học máy tính
174307,VLU,khoa-hoc-may-tinh,D01,Điểm học bạ,2023,18.0,Khoa học máy tính
174308,VLU,khoa-hoc-may-tinh,A00,Điểm thi THPT,2023,15.0,Khoa học máy tính
174309,VLU,khoa-hoc-may-tinh,A01,Điểm thi THPT,2023,15.0,Khoa học máy tính
174310,VLU,khoa-hoc-may-tinh,C04,Điểm thi THPT,2023,15.0,Khoa học máy tính
174311,VLU,khoa-hoc-may-tinh,D01,Điểm thi THPT,2023,15.0,Khoa học máy tính
174312,VLU,khoa-hoc-may-tinh,A00,Điểm học bạ,2024,18.0,Khoa học máy tính
174313,VLU,khoa-hoc-may-tinh,A01,Điểm học bạ,2024,18.0,Khoa học máy tính
174314,VLU,khoa-hoc-may-tinh,C04,Điểm học bạ,2024,18.0,Khoa học máy tính
174315,VLU,khoa-hoc-may-tinh,D01,Điểm học bạ,2024,18.0,Khoa học máy tính
174316,VLU,khoa-hoc-may-tinh,A00,Điểm thi THPT,2024,15.0,Khoa học máy tính
174317,VLU,khoa-hoc-may-tinh,A01,Điểm thi THPT,2024,15.0,Khoa học máy tính
174318,VLU,khoa-hoc-may-tinh,C04,Điểm thi THPT,2024,15.0,Khoa học máy tính
174319,VLU,khoa-hoc-may-tinh,D01,Điểm thi THPT,2024,15.0,Khoa học máy tính
174320,VLU,kinh-doanh-quoc-te,A00,Điểm học bạ,2022,18.0,Kinh doanh quốc tế
174321,VLU,kinh-doanh-quoc-te,A01,Điểm học bạ,2022,18.0,Kinh doanh quốc tế
174322,VLU,kinh-doanh-quoc-te,C04,Điểm học bạ,2022,18.0,Kinh doanh quốc tế
174323,VLU,kinh-doanh-quoc-te,D01,Điểm học bạ,2022,18.0,Kinh doanh quốc tế
174324,VLU,kinh-doanh-quoc-te,A00,Điểm thi THPT,2022,15.0,Kinh doanh quốc tế
174325,VLU,kinh-doanh-quoc-te,A01,Điểm thi THPT,2022,15.0,Kinh doanh quốc tế
174326,VLU,kinh-doanh-quoc-te,C04,Điểm thi THPT,2022,15.0,Kinh doanh quốc tế
174327,VLU,kinh-doanh-quoc-te,D01,Điểm thi THPT,2022,15.0,Kinh doanh quốc tế
174328,VLU,kinh-doanh-quoc-te,A00,Điểm học bạ,2023,18.0,Kinh doanh quốc tế
174329,VLU,kinh-doanh-quoc-te,A01,Điểm học bạ,2023,18.0,Kinh doanh quốc tế
174330,VLU,kinh-doanh-quoc-te,C04,Điểm học bạ,2023,18.0,Kinh doanh quốc tế
174331,VLU,kinh-doanh-quoc-te,D01,Điểm học bạ,2023,18.0,Kinh doanh quốc tế
174332,VLU,kinh-doanh-quoc-te,A00,Điểm thi THPT,2023,15.0,Kinh doanh quốc tế
174333,VLU,kinh-doanh-quoc-te,A01,Điểm thi THPT,2023,15.0,Kinh doanh quốc tế
174334,VLU,kinh-doanh-quoc-te,C04,Điểm thi THPT,2023,15.0,Kinh doanh quốc tế
174335,VLU,kinh-doanh-quoc-te,D01,Điểm thi THPT,2023,15.0,Kinh doanh quốc tế
174336,VLU,kinh-doanh-quoc-te,A00,Điểm học bạ,2024,18.0,Kinh doanh quốc tế
174337,VLU,kinh-doanh-quoc-te,A01,Điểm học bạ,2024,18.0,Kinh doanh quốc tế
174338,VLU,kinh-doanh-quoc-te,C04,Điểm học bạ,2024,18.0,Kinh doanh quốc tế
174339,VLU,kinh-doanh-quoc-te,D01,Điểm học bạ,2024,18.0,Kinh doanh quốc tế
174340,VLU,kinh-doanh-quoc-te,A00,Điểm thi THPT,2024,15.0,Kinh doanh quốc tế
174341,VLU,kinh-doanh-quoc-te,A01,Điểm thi THPT,2024,15.0,Kinh doanh quốc tế
174342,VLU,kinh-doanh-quoc-te,C04,Điểm thi THPT,2024,15.0,Kinh doanh quốc tế
174343,VLU,kinh-doanh-quoc-te,D01,Điểm thi THPT,2024,15.0,Kinh doanh quốc tế
174344,VLU,kinh-te,A00,Điểm thi THPT,2021,15.0,Kinh tế
174345,VLU,kinh-te,A01,Điểm thi THPT,2021,15.0,Kinh tế
174346,VLU,kinh-te,C04,Điểm thi THPT,2021,15.0,Kinh tế
174347,VLU,kinh-te,D01,Điểm thi THPT,2021,15.0,Kinh tế
174348,VLU,kinh-te,A00,Điểm học bạ,2022,19.0,Kinh tế
174349,VLU,kinh-te,A01,Điểm học bạ,2022,19.0,Kinh tế
174350,VLU,kinh-te,C04,Điểm học bạ,2022,19.0,Kinh tế
174351,VLU,kinh-te,D01,Điểm học bạ,2022,19.0,Kinh tế
174352,VLU,kinh-te,A00,Điểm thi THPT,2022,16.0,Kinh tế
174353,VLU,kinh-te,A01,Điểm thi THPT,2022,16.0,Kinh tế
174354,VLU,kinh-te,C04,Điểm thi THPT,2022,16.0,Kinh tế
174355,VLU,kinh-te,D01,Điểm thi THPT,2022,16.0,Kinh tế
174356,VLU,kinh-te,A00,Điểm học bạ,2023,18.0,Kinh tế
174357,VLU,kinh-te,A01,Điểm học bạ,2023,18.0,Kinh tế
174358,VLU,kinh-te,C04,Điểm học bạ,2023,18.0,Kinh tế
174359,VLU,kinh-te,D01,Điểm học bạ,2023,18.0,Kinh tế
174360,VLU,kinh-te,A00,Điểm thi THPT,2023,15.0,Kinh tế
174361,VLU,kinh-te,A01,Điểm thi THPT,2023,15.0,Kinh tế
174362,VLU,kinh-te,C04,Điểm thi THPT,2023,15.0,Kinh tế
174363,VLU,kinh-te,D01,Điểm thi THPT,2023,15.0,Kinh tế
174364,VLU,kinh-te,A00,Điểm học bạ,2024,18.0,Kinh tế
174365,VLU,kinh-te,A01,Điểm học bạ,2024,18.0,Kinh tế
174366,VLU,kinh-te,C04,Điểm học bạ,2024,18.0,Kinh tế
174367,VLU,kinh-te,D01,Điểm học bạ,2024,18.0,Kinh tế
174368,VLU,kinh-te,A00,Điểm thi THPT,2024,15.0,Kinh tế
174369,VLU,kinh-te,A01,Điểm thi THPT,2024,15.0,Kinh tế
174370,VLU,kinh-te,C04,Điểm thi THPT,2024,15.0,Kinh tế
174371,VLU,kinh-te,D01,Điểm thi THPT,2024,15.0,Kinh tế
174372,VLU,kinh-te,A01,Điểm học bạ,2025,18.0,Kinh tế
174373,VLU,kinh-te,A04,Điểm học bạ,2025,18.0,Kinh tế
174374,VLU,kinh-te,A08,Điểm học bạ,2025,18.0,Kinh tế
174375,VLU,kinh-te,A09,Điểm học bạ,2025,18.0,Kinh tế
174376,VLU,kinh-te,C03,Điểm học bạ,2025,18.0,Kinh tế
174377,VLU,kinh-te,C04,Điểm học bạ,2025,18.0,Kinh tế
174378,VLU,kinh-te,D01,Điểm học bạ,2025,18.0,Kinh tế
174379,VLU,kinh-te,D10,Điểm học bạ,2025,18.0,Kinh tế
174380,VLU,kinh-te,X17,Điểm học bạ,2025,18.0,Kinh tế
174381,VLU,kinh-te,X21,Điểm học bạ,2025,18.0,Kinh tế
174382,VLU,kinh-te,A01,Điểm thi THPT,2025,14.0,Kinh tế
174383,VLU,kinh-te,A04,Điểm thi THPT,2025,14.0,Kinh tế
174384,VLU,kinh-te,A08,Điểm thi THPT,2025,14.0,Kinh tế
174385,VLU,kinh-te,A09,Điểm thi THPT,2025,14.0,Kinh tế
174386,VLU,kinh-te,C03,Điểm thi THPT,2025,14.0,Kinh tế
174387,VLU,kinh-te,C04,Điểm thi THPT,2025,14.0,Kinh tế
174388,VLU,kinh-te,D01,Điểm thi THPT,2025,14.0,Kinh tế
174389,VLU,kinh-te,D10,Điểm thi THPT,2025,14.0,Kinh tế
174390,VLU,kinh-te,X17,Điểm thi THPT,2025,14.0,Kinh tế
174391,VLU,kinh-te,X21,Điểm thi THPT,2025,14.0,Kinh tế
174392,VLU,ky-thuat-co-khi-dong-luc,A00,Điểm thi THPT,2021,15.0,Kỹ thuật cơ khí động lực
174393,VLU,ky-thuat-co-khi-dong-luc,A01,Điểm thi THPT,2021,15.0,Kỹ thuật cơ khí động lực
174394,VLU,ky-thuat-co-khi-dong-luc,C04,Điểm thi THPT,2021,15.0,Kỹ thuật cơ khí động lực
174395,VLU,ky-thuat-co-khi-dong-luc,D01,Điểm thi THPT,2021,15.0,Kỹ thuật cơ khí động lực
174396,VLU,ky-thuat-co-khi-dong-luc,A00,Điểm học bạ,2022,18.0,Kỹ thuật cơ khí động lực
174397,VLU,ky-thuat-co-khi-dong-luc,A01,Điểm học bạ,2022,18.0,Kỹ thuật cơ khí động lực
174398,VLU,ky-thuat-co-khi-dong-luc,C04,Điểm học bạ,2022,18.0,Kỹ thuật cơ khí động lực
174399,VLU,ky-thuat-co-khi-dong-luc,D01,Điểm học bạ,2022,18.0,Kỹ thuật cơ khí động lực
174400,VLU,ky-thuat-co-khi-dong-luc,A00,Điểm thi THPT,2022,15.0,Kỹ thuật cơ khí động lực
174401,VLU,ky-thuat-co-khi-dong-luc,A01,Điểm thi THPT,2022,15.0,Kỹ thuật cơ khí động lực
174402,VLU,ky-thuat-co-khi-dong-luc,C04,Điểm thi THPT,2022,15.0,Kỹ thuật cơ khí động lực
174403,VLU,ky-thuat-co-khi-dong-luc,D01,Điểm thi THPT,2022,15.0,Kỹ thuật cơ khí động lực
174404,VLU,ky-thuat-co-khi-dong-luc,A00,Điểm học bạ,2023,18.0,Kỹ thuật cơ khí động lực
174405,VLU,ky-thuat-co-khi-dong-luc,A01,Điểm học bạ,2023,18.0,Kỹ thuật cơ khí động lực
174406,VLU,ky-thuat-co-khi-dong-luc,C04,Điểm học bạ,2023,18.0,Kỹ thuật cơ khí động lực
174407,VLU,ky-thuat-co-khi-dong-luc,D01,Điểm học bạ,2023,18.0,Kỹ thuật cơ khí động lực
174408,VLU,ky-thuat-co-khi-dong-luc,A00,Điểm thi THPT,2023,15.0,Kỹ thuật cơ khí động lực
174409,VLU,ky-thuat-co-khi-dong-luc,A01,Điểm thi THPT,2023,15.0,Kỹ thuật cơ khí động lực
174410,VLU,ky-thuat-co-khi-dong-luc,C04,Điểm thi THPT,2023,15.0,Kỹ thuật cơ khí động lực
174411,VLU,ky-thuat-co-khi-dong-luc,D01,Điểm thi THPT,2023,15.0,Kỹ thuật cơ khí động lực
174412,VLU,ky-thuat-co-khi-dong-luc,A00,Điểm học bạ,2024,18.0,Kỹ thuật cơ khí động lực
174413,VLU,ky-thuat-co-khi-dong-luc,A01,Điểm học bạ,2024,18.0,Kỹ thuật cơ khí động lực
174414,VLU,ky-thuat-co-khi-dong-luc,C04,Điểm học bạ,2024,18.0,Kỹ thuật cơ khí động lực
174415,VLU,ky-thuat-co-khi-dong-luc,D01,Điểm học bạ,2024,18.0,Kỹ thuật cơ khí động lực
174416,VLU,ky-thuat-co-khi-dong-luc,A00,Điểm thi THPT,2024,15.0,Kỹ thuật cơ khí động lực
174417,VLU,ky-thuat-co-khi-dong-luc,A01,Điểm thi THPT,2024,15.0,Kỹ thuật cơ khí động lực
174418,VLU,ky-thuat-co-khi-dong-luc,C04,Điểm thi THPT,2024,15.0,Kỹ thuật cơ khí động lực
174419,VLU,ky-thuat-co-khi-dong-luc,D01,Điểm thi THPT,2024,15.0,Kỹ thuật cơ khí động lực
174420,VLU,ky-thuat-dien,A00,Điểm thi THPT,2021,15.0,Kỹ thuật điện
174421,VLU,ky-thuat-dien,A01,Điểm thi THPT,2021,15.0,Kỹ thuật điện
174422,VLU,ky-thuat-dien,C04,Điểm thi THPT,2021,15.0,Kỹ thuật điện
174423,VLU,ky-thuat-dien,D01,Điểm thi THPT,2021,15.0,Kỹ thuật điện
174424,VLU,ky-thuat-hoa-duoc,A01,Điểm thi THPT,2021,23.5,Kỹ thuật hóa dược
174425,VLU,ky-thuat-hoa-duoc,B00,Điểm thi THPT,2021,23.5,Kỹ thuật hóa dược
174426,VLU,ky-thuat-hoa-duoc,C04,Điểm thi THPT,2021,23.5,Kỹ thuật hóa dược
174427,VLU,ky-thuat-hoa-duoc,D01,Điểm thi THPT,2021,23.5,Kỹ thuật hóa dược
174428,VLU,ky-thuat-hoa-hoc,A01,Điểm thi THPT,2021,23.5,Kỹ thuật hóa học
174429,VLU,ky-thuat-hoa-hoc,B00,Điểm thi THPT,2021,23.5,Kỹ thuật hóa học
174430,VLU,ky-thuat-hoa-hoc,C04,Điểm thi THPT,2021,23.5,Kỹ thuật hóa học
174431,VLU,ky-thuat-hoa-hoc,D01,Điểm thi THPT,2021,23.5,Kỹ thuật hóa học
174432,VLU,ky-thuat-hoa-hoc,A01,Điểm học bạ,2023,18.0,Kỹ thuật hóa học
174433,VLU,ky-thuat-hoa-hoc,B00,Điểm học bạ,2023,18.0,Kỹ thuật hóa học
174434,VLU,ky-thuat-hoa-hoc,C04,Điểm học bạ,2023,18.0,Kỹ thuật hóa học
174435,VLU,ky-thuat-hoa-hoc,D01,Điểm học bạ,2023,18.0,Kỹ thuật hóa học
174436,VLU,ky-thuat-hoa-hoc,A01,Điểm thi THPT,2023,15.0,Kỹ thuật hóa học
174437,VLU,ky-thuat-hoa-hoc,B00,Điểm thi THPT,2023,15.0,Kỹ thuật hóa học
174438,VLU,ky-thuat-hoa-hoc,C04,Điểm thi THPT,2023,15.0,Kỹ thuật hóa học
174439,VLU,ky-thuat-hoa-hoc,D01,Điểm thi THPT,2023,15.0,Kỹ thuật hóa học
174440,VLU,ky-thuat-hoa-hoc,A01,Điểm học bạ,2024,18.0,Kỹ thuật hóa học
174441,VLU,ky-thuat-hoa-hoc,B00,Điểm học bạ,2024,18.0,Kỹ thuật hóa học
174442,VLU,ky-thuat-hoa-hoc,C04,Điểm học bạ,2024,18.0,Kỹ thuật hóa học
174443,VLU,ky-thuat-hoa-hoc,D01,Điểm học bạ,2024,18.0,Kỹ thuật hóa học
174444,VLU,ky-thuat-hoa-hoc,A01,Điểm thi THPT,2024,15.0,Kỹ thuật hóa học
174445,VLU,ky-thuat-hoa-hoc,B00,Điểm thi THPT,2024,15.0,Kỹ thuật hóa học
174446,VLU,ky-thuat-hoa-hoc,C04,Điểm thi THPT,2024,15.0,Kỹ thuật hóa học
174447,VLU,ky-thuat-hoa-hoc,D01,Điểm thi THPT,2024,15.0,Kỹ thuật hóa học
174448,VLU,ky-thuat-hoa-hoc,A00,Điểm học bạ,2025,18.0,Kỹ thuật hoá học
174449,VLU,ky-thuat-hoa-hoc,A01,Điểm học bạ,2025,18.0,Kỹ thuật hoá học
174450,VLU,ky-thuat-hoa-hoc,A02,Điểm học bạ,2025,18.0,Kỹ thuật hoá học
174451,VLU,ky-thuat-hoa-hoc,A04,Điểm học bạ,2025,18.0,Kỹ thuật hoá học
174452,VLU,ky-thuat-hoa-hoc,A06,Điểm học bạ,2025,18.0,Kỹ thuật hoá học
174453,VLU,ky-thuat-hoa-hoc,B00,Điểm học bạ,2025,18.0,Kỹ thuật hoá học
174454,VLU,ky-thuat-hoa-hoc,C04,Điểm học bạ,2025,18.0,Kỹ thuật hoá học
174455,VLU,ky-thuat-hoa-hoc,D01,Điểm học bạ,2025,18.0,Kỹ thuật hoá học
174456,VLU,ky-thuat-hoa-hoc,A00,Điểm thi THPT,2025,14.0,Kỹ thuật hoá học
174457,VLU,ky-thuat-hoa-hoc,A01,Điểm thi THPT,2025,14.0,Kỹ thuật hoá học
174458,VLU,ky-thuat-hoa-hoc,A02,Điểm thi THPT,2025,14.0,Kỹ thuật hoá học
174459,VLU,ky-thuat-hoa-hoc,A04,Điểm thi THPT,2025,14.0,Kỹ thuật hoá học
174460,VLU,ky-thuat-hoa-hoc,A06,Điểm thi THPT,2025,14.0,Kỹ thuật hoá học
174461,VLU,ky-thuat-hoa-hoc,B00,Điểm thi THPT,2025,14.0,Kỹ thuật hoá học
174462,VLU,ky-thuat-hoa-hoc,C04,Điểm thi THPT,2025,14.0,Kỹ thuật hoá học
174463,VLU,ky-thuat-hoa-hoc,D01,Điểm thi THPT,2025,14.0,Kỹ thuật hoá học
174464,VLU,ky-thuat-hoa-moi-truong,A01,Điểm thi THPT,2021,23.5,Kỹ thuật hóa môi trường
174465,VLU,ky-thuat-hoa-moi-truong,B00,Điểm thi THPT,2021,23.5,Kỹ thuật hóa môi trường
174466,VLU,ky-thuat-hoa-moi-truong,C04,Điểm thi THPT,2021,23.5,Kỹ thuật hóa môi trường
174467,VLU,ky-thuat-hoa-moi-truong,D01,Điểm thi THPT,2021,23.5,Kỹ thuật hóa môi trường
174468,VLU,ky-thuat-o-to,A00,Điểm học bạ,2022,18.0,Kỹ thuật ô tô (Công nghệ kỹ thuật ô tô điện)
174469,VLU,ky-thuat-o-to,A01,Điểm học bạ,2022,18.0,Kỹ thuật ô tô (Công nghệ kỹ thuật ô tô điện)
174470,VLU,ky-thuat-o-to,C04,Điểm học bạ,2022,18.0,Kỹ thuật ô tô (Công nghệ kỹ thuật ô tô điện)
174471,VLU,ky-thuat-o-to,D01,Điểm học bạ,2022,18.0,Kỹ thuật ô tô (Công nghệ kỹ thuật ô tô điện)
174472,VLU,ky-thuat-o-to,A00,Điểm thi THPT,2022,15.0,Kỹ thuật ô tô (Công nghệ kỹ thuật ô tô điện)
174473,VLU,ky-thuat-o-to,A01,Điểm thi THPT,2022,15.0,Kỹ thuật ô tô (Công nghệ kỹ thuật ô tô điện)
174474,VLU,ky-thuat-o-to,C04,Điểm thi THPT,2022,15.0,Kỹ thuật ô tô (Công nghệ kỹ thuật ô tô điện)
174475,VLU,ky-thuat-o-to,D01,Điểm thi THPT,2022,15.0,Kỹ thuật ô tô (Công nghệ kỹ thuật ô tô điện)
174476,VLU,ky-thuat-o-to,A00,Điểm học bạ,2023,18.0,Kỹ thuật ô tô
174477,VLU,ky-thuat-o-to,A01,Điểm học bạ,2023,18.0,Kỹ thuật ô tô
174478,VLU,ky-thuat-o-to,C04,Điểm học bạ,2023,18.0,Kỹ thuật ô tô
174479,VLU,ky-thuat-o-to,D01,Điểm học bạ,2023,18.0,Kỹ thuật ô tô
174480,VLU,ky-thuat-o-to,A00,Điểm thi THPT,2023,15.0,Kỹ thuật ô tô
174481,VLU,ky-thuat-o-to,A01,Điểm thi THPT,2023,15.0,Kỹ thuật ô tô
174482,VLU,ky-thuat-o-to,C04,Điểm thi THPT,2023,15.0,Kỹ thuật ô tô
174483,VLU,ky-thuat-o-to,D01,Điểm thi THPT,2023,15.0,Kỹ thuật ô tô
174484,VLU,ky-thuat-o-to,A00,Điểm học bạ,2024,18.0,Kỹ thuật ô tô
174485,VLU,ky-thuat-o-to,A01,Điểm học bạ,2024,18.0,Kỹ thuật ô tô
174486,VLU,ky-thuat-o-to,C04,Điểm học bạ,2024,18.0,Kỹ thuật ô tô
174487,VLU,ky-thuat-o-to,D01,Điểm học bạ,2024,18.0,Kỹ thuật ô tô
174488,VLU,ky-thuat-o-to,A00,Điểm thi THPT,2024,15.0,Kỹ thuật ô tô
174489,VLU,ky-thuat-o-to,A01,Điểm thi THPT,2024,15.0,Kỹ thuật ô tô
174490,VLU,ky-thuat-o-to,C04,Điểm thi THPT,2024,15.0,Kỹ thuật ô tô
174491,VLU,ky-thuat-o-to,D01,Điểm thi THPT,2024,15.0,Kỹ thuật ô tô
174492,VLU,ky-thuat-o-to,A00,Điểm học bạ,2025,18.0,Kỹ thuật ô tô (Chuyên ngành: Công nghệ kỹ thuật ô tô điện)
174493,VLU,ky-thuat-o-to,A01,Điểm học bạ,2025,18.0,Kỹ thuật ô tô (Chuyên ngành: Công nghệ kỹ thuật ô tô điện)
174494,VLU,ky-thuat-o-to,A03,Điểm học bạ,2025,18.0,Kỹ thuật ô tô (Chuyên ngành: Công nghệ kỹ thuật ô tô điện)
174495,VLU,ky-thuat-o-to,A04,Điểm học bạ,2025,18.0,Kỹ thuật ô tô (Chuyên ngành: Công nghệ kỹ thuật ô tô điện)
174496,VLU,ky-thuat-o-to,A07,Điểm học bạ,2025,18.0,Kỹ thuật ô tô (Chuyên ngành: Công nghệ kỹ thuật ô tô điện)
174497,VLU,ky-thuat-o-to,C01,Điểm học bạ,2025,18.0,Kỹ thuật ô tô (Chuyên ngành: Công nghệ kỹ thuật ô tô điện)
174498,VLU,ky-thuat-o-to,C03,Điểm học bạ,2025,18.0,Kỹ thuật ô tô (Chuyên ngành: Công nghệ kỹ thuật ô tô điện)
174499,VLU,ky-thuat-o-to,D01,Điểm học bạ,2025,18.0,Kỹ thuật ô tô (Chuyên ngành: Công nghệ kỹ thuật ô tô điện)
174500,VLU,ky-thuat-o-to,A00,Điểm thi THPT,2025,14.0,Kỹ thuật ô tô (Chuyên ngành: Công nghệ kỹ thuật ô tô điện)
174501,VLU,ky-thuat-o-to,A01,Điểm thi THPT,2025,14.0,Kỹ thuật ô tô (Chuyên ngành: Công nghệ kỹ thuật ô tô điện)
174502,VLU,ky-thuat-o-to,A03,Điểm thi THPT,2025,14.0,Kỹ thuật ô tô (Chuyên ngành: Công nghệ kỹ thuật ô tô điện)
174503,VLU,ky-thuat-o-to,A04,Điểm thi THPT,2025,14.0,Kỹ thuật ô tô (Chuyên ngành: Công nghệ kỹ thuật ô tô điện)
174504,VLU,ky-thuat-o-to,A07,Điểm thi THPT,2025,14.0,Kỹ thuật ô tô (Chuyên ngành: Công nghệ kỹ thuật ô tô điện)
174505,VLU,ky-thuat-o-to,C01,Điểm thi THPT,2025,14.0,Kỹ thuật ô tô (Chuyên ngành: Công nghệ kỹ thuật ô tô điện)
174506,VLU,ky-thuat-o-to,C03,Điểm thi THPT,2025,14.0,Kỹ thuật ô tô (Chuyên ngành: Công nghệ kỹ thuật ô tô điện)
174507,VLU,ky-thuat-o-to,D01,Điểm thi THPT,2025,14.0,Kỹ thuật ô tô (Chuyên ngành: Công nghệ kỹ thuật ô tô điện)
174508,VLU,ky-thuat-phan-mem,A00,Điểm thi THPT,2021,15.0,Kỹ thuật phần mềm
174509,VLU,ky-thuat-phan-mem,A01,Điểm thi THPT,2021,15.0,Kỹ thuật phần mềm
174510,VLU,ky-thuat-phan-mem,C04,Điểm thi THPT,2021,15.0,Kỹ thuật phần mềm
174511,VLU,ky-thuat-phan-mem,D01,Điểm thi THPT,2021,15.0,Kỹ thuật phần mềm
174512,VLU,ky-thuat-robot,A00,Điểm học bạ,2025,18.0,Kỹ thuật Robot
174513,VLU,ky-thuat-robot,A01,Điểm học bạ,2025,18.0,Kỹ thuật Robot
174514,VLU,ky-thuat-robot,A03,Điểm học bạ,2025,18.0,Kỹ thuật Robot
174515,VLU,ky-thuat-robot,A04,Điểm học bạ,2025,18.0,Kỹ thuật Robot
174516,VLU,ky-thuat-robot,A07,Điểm học bạ,2025,18.0,Kỹ thuật Robot
174517,VLU,ky-thuat-robot,C01,Điểm học bạ,2025,18.0,Kỹ thuật Robot
174518,VLU,ky-thuat-robot,C03,Điểm học bạ,2025,18.0,Kỹ thuật Robot
174519,VLU,ky-thuat-robot,D01,Điểm học bạ,2025,18.0,Kỹ thuật Robot
174520,VLU,ky-thuat-robot,A00,Điểm thi THPT,2025,14.0,Kỹ thuật Robot
174521,VLU,ky-thuat-robot,A01,Điểm thi THPT,2025,14.0,Kỹ thuật Robot
174522,VLU,ky-thuat-robot,A03,Điểm thi THPT,2025,14.0,Kỹ thuật Robot
174523,VLU,ky-thuat-robot,A04,Điểm thi THPT,2025,14.0,Kỹ thuật Robot
174524,VLU,ky-thuat-robot,A07,Điểm thi THPT,2025,14.0,Kỹ thuật Robot
174525,VLU,ky-thuat-robot,C01,Điểm thi THPT,2025,14.0,Kỹ thuật Robot
174526,VLU,ky-thuat-robot,C03,Điểm thi THPT,2025,14.0,Kỹ thuật Robot
174527,VLU,ky-thuat-robot,D01,Điểm thi THPT,2025,14.0,Kỹ thuật Robot
174528,VLU,ky-thuat-xet-nghiem-y-sinh,A01,Điểm thi THPT,2021,15.0,Kỹ thuật xét nghiệm Y-Sinh
174529,VLU,ky-thuat-xet-nghiem-y-sinh,B00,Điểm thi THPT,2021,15.0,Kỹ thuật xét nghiệm Y-Sinh
174530,VLU,ky-thuat-xet-nghiem-y-sinh,C04,Điểm thi THPT,2021,15.0,Kỹ thuật xét nghiệm Y-Sinh
174531,VLU,ky-thuat-xet-nghiem-y-sinh,D01,Điểm thi THPT,2021,15.0,Kỹ thuật xét nghiệm Y-Sinh
174532,VLU,logistics-va-quan-ly-chuoi-cung-ung,A00,Điểm học bạ,2022,18.0,Logistics và Quản lý chuỗi cung ứng
174533,VLU,logistics-va-quan-ly-chuoi-cung-ung,A01,Điểm học bạ,2022,18.0,Logistics và Quản lý chuỗi cung ứng
174534,VLU,logistics-va-quan-ly-chuoi-cung-ung,C04,Điểm học bạ,2022,18.0,Logistics và Quản lý chuỗi cung ứng
174535,VLU,logistics-va-quan-ly-chuoi-cung-ung,D01,Điểm học bạ,2022,18.0,Logistics và Quản lý chuỗi cung ứng
174536,VLU,logistics-va-quan-ly-chuoi-cung-ung,A00,Điểm thi THPT,2022,15.0,Logistics và Quản lý chuỗi cung ứng
174537,VLU,logistics-va-quan-ly-chuoi-cung-ung,A01,Điểm thi THPT,2022,15.0,Logistics và Quản lý chuỗi cung ứng
174538,VLU,logistics-va-quan-ly-chuoi-cung-ung,C04,Điểm thi THPT,2022,15.0,Logistics và Quản lý chuỗi cung ứng
174539,VLU,logistics-va-quan-ly-chuoi-cung-ung,D01,Điểm thi THPT,2022,15.0,Logistics và Quản lý chuỗi cung ứng
174540,VLU,logistics-va-quan-ly-chuoi-cung-ung,A00,Điểm học bạ,2023,18.0,Logistics và quản lý chuỗi cung ứng
174541,VLU,logistics-va-quan-ly-chuoi-cung-ung,A01,Điểm học bạ,2023,18.0,Logistics và quản lý chuỗi cung ứng
174542,VLU,logistics-va-quan-ly-chuoi-cung-ung,C04,Điểm học bạ,2023,18.0,Logistics và quản lý chuỗi cung ứng
174543,VLU,logistics-va-quan-ly-chuoi-cung-ung,D01,Điểm học bạ,2023,18.0,Logistics và quản lý chuỗi cung ứng
174544,VLU,logistics-va-quan-ly-chuoi-cung-ung,A00,Điểm thi THPT,2023,15.0,Logistics và quản lý chuỗi cung ứng
174545,VLU,logistics-va-quan-ly-chuoi-cung-ung,A01,Điểm thi THPT,2023,15.0,Logistics và quản lý chuỗi cung ứng
174546,VLU,logistics-va-quan-ly-chuoi-cung-ung,C04,Điểm thi THPT,2023,15.0,Logistics và quản lý chuỗi cung ứng
174547,VLU,logistics-va-quan-ly-chuoi-cung-ung,D01,Điểm thi THPT,2023,15.0,Logistics và quản lý chuỗi cung ứng
174548,VLU,logistics-va-quan-ly-chuoi-cung-ung,A00,Điểm học bạ,2024,18.0,Logistics và quản lý chuỗi cung ứng
174549,VLU,logistics-va-quan-ly-chuoi-cung-ung,A01,Điểm học bạ,2024,18.0,Logistics và quản lý chuỗi cung ứng
174550,VLU,logistics-va-quan-ly-chuoi-cung-ung,C04,Điểm học bạ,2024,18.0,Logistics và quản lý chuỗi cung ứng
174551,VLU,logistics-va-quan-ly-chuoi-cung-ung,D01,Điểm học bạ,2024,18.0,Logistics và quản lý chuỗi cung ứng
174552,VLU,logistics-va-quan-ly-chuoi-cung-ung,A00,Điểm thi THPT,2024,15.0,Logistics và quản lý chuỗi cung ứng
174553,VLU,logistics-va-quan-ly-chuoi-cung-ung,A01,Điểm thi THPT,2024,15.0,Logistics và quản lý chuỗi cung ứng
174554,VLU,logistics-va-quan-ly-chuoi-cung-ung,C04,Điểm thi THPT,2024,15.0,Logistics và quản lý chuỗi cung ứng
174555,VLU,logistics-va-quan-ly-chuoi-cung-ung,D01,Điểm thi THPT,2024,15.0,Logistics và quản lý chuỗi cung ứng
174556,VLU,logistics-va-quan-ly-chuoi-cung-ung,A00,Điểm học bạ,2025,18.0,Logistics và Quản lý chuỗi cung ứng
174557,VLU,logistics-va-quan-ly-chuoi-cung-ung,A01,Điểm học bạ,2025,18.0,Logistics và Quản lý chuỗi cung ứng
174558,VLU,logistics-va-quan-ly-chuoi-cung-ung,A04,Điểm học bạ,2025,18.0,Logistics và Quản lý chuỗi cung ứng
174559,VLU,logistics-va-quan-ly-chuoi-cung-ung,A08,Điểm học bạ,2025,18.0,Logistics và Quản lý chuỗi cung ứng
174560,VLU,logistics-va-quan-ly-chuoi-cung-ung,C03,Điểm học bạ,2025,18.0,Logistics và Quản lý chuỗi cung ứng
174561,VLU,logistics-va-quan-ly-chuoi-cung-ung,C04,Điểm học bạ,2025,18.0,Logistics và Quản lý chuỗi cung ứng
174562,VLU,logistics-va-quan-ly-chuoi-cung-ung,D01,Điểm học bạ,2025,18.0,Logistics và Quản lý chuỗi cung ứng
174563,VLU,logistics-va-quan-ly-chuoi-cung-ung,D10,Điểm học bạ,2025,18.0,Logistics và Quản lý chuỗi cung ứng
174564,VLU,logistics-va-quan-ly-chuoi-cung-ung,X17,Điểm học bạ,2025,18.0,Logistics và Quản lý chuỗi cung ứng
174565,VLU,logistics-va-quan-ly-chuoi-cung-ung,A00,Điểm thi THPT,2025,14.0,Logistics và Quản lý chuỗi cung ứng
174566,VLU,logistics-va-quan-ly-chuoi-cung-ung,A01,Điểm thi THPT,2025,14.0,Logistics và Quản lý chuỗi cung ứng
174567,VLU,logistics-va-quan-ly-chuoi-cung-ung,A04,Điểm thi THPT,2025,14.0,Logistics và Quản lý chuỗi cung ứng
174568,VLU,logistics-va-quan-ly-chuoi-cung-ung,A08,Điểm thi THPT,2025,14.0,Logistics và Quản lý chuỗi cung ứng
174569,VLU,logistics-va-quan-ly-chuoi-cung-ung,C03,Điểm thi THPT,2025,14.0,Logistics và Quản lý chuỗi cung ứng
174570,VLU,logistics-va-quan-ly-chuoi-cung-ung,C04,Điểm thi THPT,2025,14.0,Logistics và Quản lý chuỗi cung ứng
174571,VLU,logistics-va-quan-ly-chuoi-cung-ung,D01,Điểm thi THPT,2025,14.0,Logistics và Quản lý chuỗi cung ứng
174572,VLU,logistics-va-quan-ly-chuoi-cung-ung,D10,Điểm thi THPT,2025,14.0,Logistics và Quản lý chuỗi cung ứng
174573,VLU,logistics-va-quan-ly-chuoi-cung-ung,X17,Điểm thi THPT,2025,14.0,Logistics và Quản lý chuỗi cung ứng
174574,VLU,luat,A01,Điểm thi THPT,2021,15.0,Luật
174575,VLU,luat,C00,Điểm thi THPT,2021,15.0,Luật
174576,VLU,luat,C19,Điểm thi THPT,2021,15.0,Luật
174577,VLU,luat,D01,Điểm thi THPT,2021,15.0,Luật
174578,VLU,luat,A01,Điểm học bạ,2023,18.0,Luật
174579,VLU,luat,C00,Điểm học bạ,2023,18.0,Luật
174580,VLU,luat,C19,Điểm học bạ,2023,18.0,Luật
174581,VLU,luat,D01,Điểm học bạ,2023,18.0,Luật
174582,VLU,luat,A01,Điểm thi THPT,2023,15.0,Luật
174583,VLU,luat,C00,Điểm thi THPT,2023,15.0,Luật
174584,VLU,luat,C19,Điểm thi THPT,2023,15.0,Luật
174585,VLU,luat,D01,Điểm thi THPT,2023,15.0,Luật
174586,VLU,luat,A01,Điểm học bạ,2024,18.0,Luật
174587,VLU,luat,C00,Điểm học bạ,2024,18.0,Luật
174588,VLU,luat,C19,Điểm học bạ,2024,18.0,Luật
174589,VLU,luat,D01,Điểm học bạ,2024,18.0,Luật
174590,VLU,luat,A01,Điểm thi THPT,2024,15.0,Luật
174591,VLU,luat,C00,Điểm thi THPT,2024,15.0,Luật
174592,VLU,luat,C19,Điểm thi THPT,2024,15.0,Luật
174593,VLU,luat,D01,Điểm thi THPT,2024,15.0,Luật
174594,VLU,luat,A08,Điểm học bạ,2025,21.0,Luật
174595,VLU,luat,A09,Điểm học bạ,2025,21.0,Luật
174596,VLU,luat,C00,Điểm học bạ,2025,21.0,Luật
174597,VLU,luat,C03,Điểm học bạ,2025,21.0,Luật
174598,VLU,luat,C14,Điểm học bạ,2025,21.0,Luật
174599,VLU,luat,C19,Điểm học bạ,2025,21.0,Luật
174600,VLU,luat,C20,Điểm học bạ,2025,21.0,Luật
174601,VLU,luat,D01,Điểm học bạ,2025,21.0,Luật
174602,VLU,luat,X01,Điểm học bạ,2025,21.0,Luật
174603,VLU,luat,X17,Điểm học bạ,2025,21.0,Luật
174604,VLU,luat,X21,Điểm học bạ,2025,21.0,Luật
174605,VLU,luat,X70,Điểm học bạ,2025,21.0,Luật
174606,VLU,luat,X74,Điểm học bạ,2025,21.0,Luật
174607,VLU,luat,A08,Điểm thi THPT,2025,18.0,Luật
174608,VLU,luat,A09,Điểm thi THPT,2025,18.0,Luật
174609,VLU,luat,C00,Điểm thi THPT,2025,18.0,Luật
174610,VLU,luat,C03,Điểm thi THPT,2025,18.0,Luật
174611,VLU,luat,C14,Điểm thi THPT,2025,18.0,Luật
174612,VLU,luat,C19,Điểm thi THPT,2025,18.0,Luật
174613,VLU,luat,C20,Điểm thi THPT,2025,18.0,Luật
174614,VLU,luat,D01,Điểm thi THPT,2025,18.0,Luật
174615,VLU,luat,X01,Điểm thi THPT,2025,18.0,Luật
174616,VLU,luat,X17,Điểm thi THPT,2025,18.0,Luật
174617,VLU,luat,X21,Điểm thi THPT,2025,18.0,Luật
174618,VLU,luat,X70,Điểm thi THPT,2025,18.0,Luật
174619,VLU,luat,X74,Điểm thi THPT,2025,18.0,Luật
174620,VLU,mang-may-tinh-va-truyen-thong,A00,Điểm thi THPT,2021,15.0,Mạng máy tính và truyền thông
174621,VLU,mang-may-tinh-va-truyen-thong,A01,Điểm thi THPT,2021,15.0,Mạng máy tính và truyền thông
174622,VLU,mang-may-tinh-va-truyen-thong,C04,Điểm thi THPT,2021,15.0,Mạng máy tính và truyền thông
174623,VLU,mang-may-tinh-va-truyen-thong,D01,Điểm thi THPT,2021,15.0,Mạng máy tính và truyền thông
174624,VLU,ngon-ngu-anh,D01,Điểm học bạ,2025,18.0,Ngôn ngữ Anh
174625,VLU,ngon-ngu-anh,D07,Điểm học bạ,2025,18.0,Ngôn ngữ Anh
174626,VLU,ngon-ngu-anh,D09,Điểm học bạ,2025,18.0,Ngôn ngữ Anh
174627,VLU,ngon-ngu-anh,D10,Điểm học bạ,2025,18.0,Ngôn ngữ Anh
174628,VLU,ngon-ngu-anh,D14,Điểm học bạ,2025,18.0,Ngôn ngữ Anh
174629,VLU,ngon-ngu-anh,D15,Điểm học bạ,2025,18.0,Ngôn ngữ Anh
174630,VLU,ngon-ngu-anh,D66,Điểm học bạ,2025,18.0,Ngôn ngữ Anh
174631,VLU,ngon-ngu-anh,D84,Điểm học bạ,2025,18.0,Ngôn ngữ Anh
174632,VLU,ngon-ngu-anh,X25,Điểm học bạ,2025,18.0,Ngôn ngữ Anh
174633,VLU,ngon-ngu-anh,X78,Điểm học bạ,2025,18.0,Ngôn ngữ Anh
174634,VLU,ngon-ngu-anh,D01,Điểm thi THPT,2025,14.0,Ngôn ngữ Anh
174635,VLU,ngon-ngu-anh,D07,Điểm thi THPT,2025,14.0,Ngôn ngữ Anh
174636,VLU,ngon-ngu-anh,D09,Điểm thi THPT,2025,14.0,Ngôn ngữ Anh
174637,VLU,ngon-ngu-anh,D10,Điểm thi THPT,2025,14.0,Ngôn ngữ Anh
174638,VLU,ngon-ngu-anh,D14,Điểm thi THPT,2025,14.0,Ngôn ngữ Anh
174639,VLU,ngon-ngu-anh,D15,Điểm thi THPT,2025,14.0,Ngôn ngữ Anh
174640,VLU,ngon-ngu-anh,D66,Điểm thi THPT,2025,14.0,Ngôn ngữ Anh
174641,VLU,ngon-ngu-anh,D84,Điểm thi THPT,2025,14.0,Ngôn ngữ Anh
174642,VLU,ngon-ngu-anh,X25,Điểm thi THPT,2025,14.0,Ngôn ngữ Anh
174643,VLU,ngon-ngu-anh,X78,Điểm thi THPT,2025,14.0,Ngôn ngữ Anh
174644,VLU,quan-ly-giao-duc,A01,Điểm thi THPT,2021,15.0,Quản lý giáo dục
174645,VLU,quan-ly-giao-duc,C00,Điểm thi THPT,2021,15.0,Quản lý giáo dục
174646,VLU,quan-ly-giao-duc,C19,Điểm thi THPT,2021,15.0,Quản lý giáo dục
174647,VLU,quan-ly-giao-duc,D01,Điểm thi THPT,2021,15.0,Quản lý giáo dục
174648,VLU,quan-ly-giao-duc,A01,Điểm học bạ,2023,18.0,Quản lý giáo dục
174649,VLU,quan-ly-giao-duc,C00,Điểm học bạ,2023,18.0,Quản lý giáo dục
174650,VLU,quan-ly-giao-duc,C19,Điểm học bạ,2023,18.0,Quản lý giáo dục
174651,VLU,quan-ly-giao-duc,D01,Điểm học bạ,2023,18.0,Quản lý giáo dục
174652,VLU,quan-ly-giao-duc,A01,Điểm thi THPT,2023,15.0,Quản lý giáo dục
174653,VLU,quan-ly-giao-duc,C00,Điểm thi THPT,2023,15.0,Quản lý giáo dục
174654,VLU,quan-ly-giao-duc,C19,Điểm thi THPT,2023,15.0,Quản lý giáo dục
174655,VLU,quan-ly-giao-duc,D01,Điểm thi THPT,2023,15.0,Quản lý giáo dục
174656,VLU,quan-tri-dich-vu-du-lich-va-lu-hanh,A01,Điểm thi THPT,2021,15.0,Quản trị dịch vụ du lịch và lữ hành
174657,VLU,quan-tri-dich-vu-du-lich-va-lu-hanh,C00,Điểm thi THPT,2021,15.0,Quản trị dịch vụ du lịch và lữ hành
174658,VLU,quan-tri-dich-vu-du-lich-va-lu-hanh,C19,Điểm thi THPT,2021,15.0,Quản trị dịch vụ du lịch và lữ hành
174659,VLU,quan-tri-dich-vu-du-lich-va-lu-hanh,D01,Điểm thi THPT,2021,15.0,Quản trị dịch vụ du lịch và lữ hành
174660,VLU,quan-tri-dich-vu-du-lich-va-lu-hanh,A01,Điểm học bạ,2023,18.0,Quản trị dịch vụ du lịch và lữ hành
174661,VLU,quan-tri-dich-vu-du-lich-va-lu-hanh,C00,Điểm học bạ,2023,18.0,Quản trị dịch vụ du lịch và lữ hành
174662,VLU,quan-tri-dich-vu-du-lich-va-lu-hanh,C19,Điểm học bạ,2023,18.0,Quản trị dịch vụ du lịch và lữ hành
174663,VLU,quan-tri-dich-vu-du-lich-va-lu-hanh,D01,Điểm học bạ,2023,18.0,Quản trị dịch vụ du lịch và lữ hành
174664,VLU,quan-tri-dich-vu-du-lich-va-lu-hanh,A01,Điểm thi THPT,2023,15.0,Quản trị dịch vụ du lịch và lữ hành
174665,VLU,quan-tri-dich-vu-du-lich-va-lu-hanh,C00,Điểm thi THPT,2023,15.0,Quản trị dịch vụ du lịch và lữ hành
174666,VLU,quan-tri-dich-vu-du-lich-va-lu-hanh,C19,Điểm thi THPT,2023,15.0,Quản trị dịch vụ du lịch và lữ hành
174667,VLU,quan-tri-dich-vu-du-lich-va-lu-hanh,D01,Điểm thi THPT,2023,15.0,Quản trị dịch vụ du lịch và lữ hành
174668,VLU,quan-tri-dich-vu-du-lich-va-lu-hanh,A01,Điểm học bạ,2024,18.0,Quản trị dịch vụ du lịch và lữ hành
174669,VLU,quan-tri-dich-vu-du-lich-va-lu-hanh,C00,Điểm học bạ,2024,18.0,Quản trị dịch vụ du lịch và lữ hành
174670,VLU,quan-tri-dich-vu-du-lich-va-lu-hanh,C19,Điểm học bạ,2024,18.0,Quản trị dịch vụ du lịch và lữ hành
174671,VLU,quan-tri-dich-vu-du-lich-va-lu-hanh,D01,Điểm học bạ,2024,18.0,Quản trị dịch vụ du lịch và lữ hành
174672,VLU,quan-tri-dich-vu-du-lich-va-lu-hanh,A01,Điểm thi THPT,2024,15.0,Quản trị dịch vụ du lịch và lữ hành
174673,VLU,quan-tri-dich-vu-du-lich-va-lu-hanh,C00,Điểm thi THPT,2024,15.0,Quản trị dịch vụ du lịch và lữ hành
174674,VLU,quan-tri-dich-vu-du-lich-va-lu-hanh,C19,Điểm thi THPT,2024,15.0,Quản trị dịch vụ du lịch và lữ hành
174675,VLU,quan-tri-dich-vu-du-lich-va-lu-hanh,D01,Điểm thi THPT,2024,15.0,Quản trị dịch vụ du lịch và lữ hành
174676,VLU,quan-tri-dich-vu-du-lich-va-lu-hanh,C00,Điểm học bạ,2025,18.0,Quản trị dịch vụ du lịch và lữ hành
174677,VLU,quan-tri-dich-vu-du-lich-va-lu-hanh,C03,Điểm học bạ,2025,18.0,Quản trị dịch vụ du lịch và lữ hành
174678,VLU,quan-tri-dich-vu-du-lich-va-lu-hanh,C04,Điểm học bạ,2025,18.0,Quản trị dịch vụ du lịch và lữ hành
174679,VLU,quan-tri-dich-vu-du-lich-va-lu-hanh,C14,Điểm học bạ,2025,18.0,Quản trị dịch vụ du lịch và lữ hành
174680,VLU,quan-tri-dich-vu-du-lich-va-lu-hanh,C19,Điểm học bạ,2025,18.0,Quản trị dịch vụ du lịch và lữ hành
174681,VLU,quan-tri-dich-vu-du-lich-va-lu-hanh,D01,Điểm học bạ,2025,18.0,Quản trị dịch vụ du lịch và lữ hành
174682,VLU,quan-tri-dich-vu-du-lich-va-lu-hanh,D15,Điểm học bạ,2025,18.0,Quản trị dịch vụ du lịch và lữ hành
174683,VLU,quan-tri-dich-vu-du-lich-va-lu-hanh,X01,Điểm học bạ,2025,18.0,Quản trị dịch vụ du lịch và lữ hành
174684,VLU,quan-tri-dich-vu-du-lich-va-lu-hanh,X02,Điểm học bạ,2025,18.0,Quản trị dịch vụ du lịch và lữ hành
174685,VLU,quan-tri-dich-vu-du-lich-va-lu-hanh,X70,Điểm học bạ,2025,18.0,Quản trị dịch vụ du lịch và lữ hành
174686,VLU,quan-tri-dich-vu-du-lich-va-lu-hanh,C00,Điểm thi THPT,2025,14.0,Quản trị dịch vụ du lịch và lữ hành
174687,VLU,quan-tri-dich-vu-du-lich-va-lu-hanh,C03,Điểm thi THPT,2025,14.0,Quản trị dịch vụ du lịch và lữ hành
174688,VLU,quan-tri-dich-vu-du-lich-va-lu-hanh,C04,Điểm thi THPT,2025,14.0,Quản trị dịch vụ du lịch và lữ hành
174689,VLU,quan-tri-dich-vu-du-lich-va-lu-hanh,C14,Điểm thi THPT,2025,14.0,Quản trị dịch vụ du lịch và lữ hành
174690,VLU,quan-tri-dich-vu-du-lich-va-lu-hanh,C19,Điểm thi THPT,2025,14.0,Quản trị dịch vụ du lịch và lữ hành
174691,VLU,quan-tri-dich-vu-du-lich-va-lu-hanh,D01,Điểm thi THPT,2025,14.0,Quản trị dịch vụ du lịch và lữ hành
174692,VLU,quan-tri-dich-vu-du-lich-va-lu-hanh,D15,Điểm thi THPT,2025,14.0,Quản trị dịch vụ du lịch và lữ hành
174693,VLU,quan-tri-dich-vu-du-lich-va-lu-hanh,X01,Điểm thi THPT,2025,14.0,Quản trị dịch vụ du lịch và lữ hành
174694,VLU,quan-tri-dich-vu-du-lich-va-lu-hanh,X02,Điểm thi THPT,2025,14.0,Quản trị dịch vụ du lịch và lữ hành
174695,VLU,quan-tri-dich-vu-du-lich-va-lu-hanh,X70,Điểm thi THPT,2025,14.0,Quản trị dịch vụ du lịch và lữ hành
174696,VLU,quan-tri-kinh-doanh,A00,Điểm thi THPT,2021,15.0,Quản trị kinh doanh
174697,VLU,quan-tri-kinh-doanh,A01,Điểm thi THPT,2021,15.0,Quản trị kinh doanh
174698,VLU,quan-tri-kinh-doanh,C04,Điểm thi THPT,2021,15.0,Quản trị kinh doanh
174699,VLU,quan-tri-kinh-doanh,D01,Điểm thi THPT,2021,15.0,Quản trị kinh doanh
174700,VLU,robot-va-tri-tue-nhan-tao,A00,Điểm học bạ,2024,18.0,Robot và trí tuệ nhân tạo
174701,VLU,robot-va-tri-tue-nhan-tao,A01,Điểm học bạ,2024,18.0,Robot và trí tuệ nhân tạo
174702,VLU,robot-va-tri-tue-nhan-tao,C04,Điểm học bạ,2024,18.0,Robot và trí tuệ nhân tạo
174703,VLU,robot-va-tri-tue-nhan-tao,D01,Điểm học bạ,2024,18.0,Robot và trí tuệ nhân tạo
174704,VLU,su-pham-cong-nghe,A01,Điểm thi THPT,2021,19.0,Sư phạm công nghệ
174705,VLU,su-pham-cong-nghe,C04,Điểm thi THPT,2021,19.0,Sư phạm công nghệ
174706,VLU,su-pham-cong-nghe,C14,Điểm thi THPT,2021,19.0,Sư phạm công nghệ
174707,VLU,su-pham-cong-nghe,D01,Điểm thi THPT,2021,19.0,Sư phạm công nghệ
174708,VLU,su-pham-cong-nghe,A01,Điểm học bạ,2023,24.0,Sư phạm công nghệ
174709,VLU,su-pham-cong-nghe,C04,Điểm học bạ,2023,24.0,Sư phạm công nghệ
174710,VLU,su-pham-cong-nghe,C14,Điểm học bạ,2023,24.0,Sư phạm công nghệ
174711,VLU,su-pham-cong-nghe,D01,Điểm học bạ,2023,24.0,Sư phạm công nghệ
174712,VLU,su-pham-cong-nghe,A01,Điểm thi THPT,2023,19.0,Sư phạm công nghệ
174713,VLU,su-pham-cong-nghe,C04,Điểm thi THPT,2023,19.0,Sư phạm công nghệ
174714,VLU,su-pham-cong-nghe,C14,Điểm thi THPT,2023,19.0,Sư phạm công nghệ
174715,VLU,su-pham-cong-nghe,D01,Điểm thi THPT,2023,19.0,Sư phạm công nghệ
174716,VLU,su-pham-cong-nghe,A01,Điểm học bạ,2024,18.0,Sư phạm công nghệ
174717,VLU,su-pham-cong-nghe,C04,Điểm học bạ,2024,18.0,Sư phạm công nghệ
174718,VLU,su-pham-cong-nghe,C14,Điểm học bạ,2024,18.0,Sư phạm công nghệ
174719,VLU,su-pham-cong-nghe,D01,Điểm học bạ,2024,18.0,Sư phạm công nghệ
174720,VLU,su-pham-cong-nghe,A01,Điểm thi THPT,2024,24.0,Sư phạm công nghệ
174721,VLU,su-pham-cong-nghe,C04,Điểm thi THPT,2024,24.0,Sư phạm công nghệ
174722,VLU,su-pham-cong-nghe,C14,Điểm thi THPT,2024,24.0,Sư phạm công nghệ
174723,VLU,su-pham-cong-nghe,D01,Điểm thi THPT,2024,24.0,Sư phạm công nghệ
174724,VLU,su-pham-cong-nghe,A09,Điểm thi THPT,2025,22.0,Sư phạm công nghệ
174725,VLU,su-pham-cong-nghe,C03,Điểm thi THPT,2025,22.0,Sư phạm công nghệ
174726,VLU,su-pham-cong-nghe,C04,Điểm thi THPT,2025,22.0,Sư phạm công nghệ
174727,VLU,su-pham-cong-nghe,C14,Điểm thi THPT,2025,22.0,Sư phạm công nghệ
174728,VLU,su-pham-cong-nghe,D01,Điểm thi THPT,2025,22.0,Sư phạm công nghệ
174729,VLU,su-pham-cong-nghe,X01,Điểm thi THPT,2025,22.0,Sư phạm công nghệ
174730,VLU,su-pham-cong-nghe,X02,Điểm thi THPT,2025,22.0,Sư phạm công nghệ
174731,VLU,su-pham-cong-nghe,X03,Điểm thi THPT,2025,22.0,Sư phạm công nghệ
174732,VLU,su-pham-cong-nghe,X04,Điểm thi THPT,2025,22.0,Sư phạm công nghệ
174733,VLU,su-pham-cong-nghe,X21,Điểm thi THPT,2025,22.0,Sư phạm công nghệ
174734,VLU,tai-chinh-ngan-hang,A00,Điểm thi THPT,2021,15.0,Tài chính - Ngân hàng
174735,VLU,tai-chinh-ngan-hang,A01,Điểm thi THPT,2021,15.0,Tài chính - Ngân hàng
174736,VLU,tai-chinh-ngan-hang,C04,Điểm thi THPT,2021,15.0,Tài chính - Ngân hàng
174737,VLU,tai-chinh-ngan-hang,D01,Điểm thi THPT,2021,15.0,Tài chính - Ngân hàng
174738,VLU,thiet-ke-vi-mach,A00,Điểm học bạ,2024,18.0,Thiết kế vi mạch
174739,VLU,thiet-ke-vi-mach,A01,Điểm học bạ,2024,18.0,Thiết kế vi mạch
174740,VLU,thiet-ke-vi-mach,C04,Điểm học bạ,2024,18.0,Thiết kế vi mạch
174741,VLU,thiet-ke-vi-mach,D01,Điểm học bạ,2024,18.0,Thiết kế vi mạch
174742,VLU,thu-y,A01,Điểm thi THPT,2021,15.0,Thú y
174743,VLU,thu-y,B00,Điểm thi THPT,2021,15.0,Thú y
174744,VLU,thu-y,C04,Điểm thi THPT,2021,15.0,Thú y
174745,VLU,thu-y,D01,Điểm thi THPT,2021,15.0,Thú y
174746,VLU,thu-y,A01,Điểm học bạ,2023,18.0,Thú y
174747,VLU,thu-y,B00,Điểm học bạ,2023,18.0,Thú y
174748,VLU,thu-y,C04,Điểm học bạ,2023,18.0,Thú y
174749,VLU,thu-y,D01,Điểm học bạ,2023,18.0,Thú y
174750,VLU,thu-y,A01,Điểm thi THPT,2023,15.0,Thú y
174751,VLU,thu-y,B00,Điểm thi THPT,2023,15.0,Thú y
174752,VLU,thu-y,C04,Điểm thi THPT,2023,15.0,Thú y
174753,VLU,thu-y,D01,Điểm thi THPT,2023,15.0,Thú y
174754,VLU,thu-y,A01,Điểm học bạ,2024,18.0,Thú y
174755,VLU,thu-y,B00,Điểm học bạ,2024,18.0,Thú y
174756,VLU,thu-y,C04,Điểm học bạ,2024,18.0,Thú y
174757,VLU,thu-y,D01,Điểm học bạ,2024,18.0,Thú y
174758,VLU,thu-y,A01,Điểm thi THPT,2024,15.0,Thú y
174759,VLU,thu-y,B00,Điểm thi THPT,2024,15.0,Thú y
174760,VLU,thu-y,C04,Điểm thi THPT,2024,15.0,Thú y
174761,VLU,thu-y,D01,Điểm thi THPT,2024,15.0,Thú y
174762,VLU,thu-y,A01,Điểm học bạ,2025,18.0,Thú y
174763,VLU,thu-y,A02,Điểm học bạ,2025,18.0,Thú y
174764,VLU,thu-y,B00,Điểm học bạ,2025,18.0,Thú y
174765,VLU,thu-y,B02,Điểm học bạ,2025,18.0,Thú y
174766,VLU,thu-y,B04,Điểm học bạ,2025,18.0,Thú y
174767,VLU,thu-y,B08,Điểm học bạ,2025,18.0,Thú y
174768,VLU,thu-y,C04,Điểm học bạ,2025,18.0,Thú y
174769,VLU,thu-y,D01,Điểm học bạ,2025,18.0,Thú y
174770,VLU,thu-y,X13,Điểm học bạ,2025,18.0,Thú y
174771,VLU,thu-y,A01,Điểm thi THPT,2025,14.0,Thú y
174772,VLU,thu-y,A02,Điểm thi THPT,2025,14.0,Thú y
174773,VLU,thu-y,B00,Điểm thi THPT,2025,14.0,Thú y
174774,VLU,thu-y,B02,Điểm thi THPT,2025,14.0,Thú y
174775,VLU,thu-y,B04,Điểm thi THPT,2025,14.0,Thú y
174776,VLU,thu-y,B08,Điểm thi THPT,2025,14.0,Thú y
174777,VLU,thu-y,C04,Điểm thi THPT,2025,14.0,Thú y
174778,VLU,thu-y,D01,Điểm thi THPT,2025,14.0,Thú y
174779,VLU,thu-y,X13,Điểm thi THPT,2025,14.0,Thú y
174780,VLU,thuong-mai-dien-tu,A00,Điểm học bạ,2022,18.0,Thương mại điện tử
174781,VLU,thuong-mai-dien-tu,A01,Điểm học bạ,2022,18.0,Thương mại điện tử
174782,VLU,thuong-mai-dien-tu,C04,Điểm học bạ,2022,18.0,Thương mại điện tử
174783,VLU,thuong-mai-dien-tu,D01,Điểm học bạ,2022,18.0,Thương mại điện tử
174784,VLU,thuong-mai-dien-tu,A00,Điểm thi THPT,2022,15.0,Thương mại điện tử
174785,VLU,thuong-mai-dien-tu,A01,Điểm thi THPT,2022,15.0,Thương mại điện tử
174786,VLU,thuong-mai-dien-tu,C04,Điểm thi THPT,2022,15.0,Thương mại điện tử
174787,VLU,thuong-mai-dien-tu,D01,Điểm thi THPT,2022,15.0,Thương mại điện tử
174788,VLU,thuong-mai-dien-tu,A00,Điểm học bạ,2023,18.0,Thương mại điện tử
174789,VLU,thuong-mai-dien-tu,A01,Điểm học bạ,2023,18.0,Thương mại điện tử
174790,VLU,thuong-mai-dien-tu,C04,Điểm học bạ,2023,18.0,Thương mại điện tử
174791,VLU,thuong-mai-dien-tu,D01,Điểm học bạ,2023,18.0,Thương mại điện tử
174792,VLU,thuong-mai-dien-tu,A00,Điểm thi THPT,2023,15.0,Thương mại điện tử
174793,VLU,thuong-mai-dien-tu,A01,Điểm thi THPT,2023,15.0,Thương mại điện tử
174794,VLU,thuong-mai-dien-tu,C04,Điểm thi THPT,2023,15.0,Thương mại điện tử
174795,VLU,thuong-mai-dien-tu,D01,Điểm thi THPT,2023,15.0,Thương mại điện tử
174796,VLU,thuong-mai-dien-tu,A00,Điểm học bạ,2024,18.0,Thương mại điện tử
174797,VLU,thuong-mai-dien-tu,A01,Điểm học bạ,2024,18.0,Thương mại điện tử
174798,VLU,thuong-mai-dien-tu,C04,Điểm học bạ,2024,18.0,Thương mại điện tử
174799,VLU,thuong-mai-dien-tu,D01,Điểm học bạ,2024,18.0,Thương mại điện tử
174800,VLU,thuong-mai-dien-tu,A00,Điểm thi THPT,2024,15.0,Thương mại điện tử
174801,VLU,thuong-mai-dien-tu,A01,Điểm thi THPT,2024,15.0,Thương mại điện tử
174802,VLU,thuong-mai-dien-tu,C04,Điểm thi THPT,2024,15.0,Thương mại điện tử
174803,VLU,thuong-mai-dien-tu,D01,Điểm thi THPT,2024,15.0,Thương mại điện tử
174804,VLU,thuong-mai-dien-tu,A01,Điểm học bạ,2025,18.0,Thương mại điện tử
174805,VLU,thuong-mai-dien-tu,A04,Điểm học bạ,2025,18.0,Thương mại điện tử
174806,VLU,thuong-mai-dien-tu,A08,Điểm học bạ,2025,18.0,Thương mại điện tử
174807,VLU,thuong-mai-dien-tu,A09,Điểm học bạ,2025,18.0,Thương mại điện tử
174808,VLU,thuong-mai-dien-tu,C03,Điểm học bạ,2025,18.0,Thương mại điện tử
174809,VLU,thuong-mai-dien-tu,C04,Điểm học bạ,2025,18.0,Thương mại điện tử
174810,VLU,thuong-mai-dien-tu,D01,Điểm học bạ,2025,18.0,Thương mại điện tử
174811,VLU,thuong-mai-dien-tu,D10,Điểm học bạ,2025,18.0,Thương mại điện tử
174812,VLU,thuong-mai-dien-tu,X17,Điểm học bạ,2025,18.0,Thương mại điện tử
174813,VLU,thuong-mai-dien-tu,X21,Điểm học bạ,2025,18.0,Thương mại điện tử
174814,VLU,thuong-mai-dien-tu,A01,Điểm thi THPT,2025,14.0,Thương mại điện tử
174815,VLU,thuong-mai-dien-tu,A04,Điểm thi THPT,2025,14.0,Thương mại điện tử
174816,VLU,thuong-mai-dien-tu,A08,Điểm thi THPT,2025,14.0,Thương mại điện tử
174817,VLU,thuong-mai-dien-tu,A09,Điểm thi THPT,2025,14.0,Thương mại điện tử
174818,VLU,thuong-mai-dien-tu,C03,Điểm thi THPT,2025,14.0,Thương mại điện tử
174819,VLU,thuong-mai-dien-tu,C04,Điểm thi THPT,2025,14.0,Thương mại điện tử
174820,VLU,thuong-mai-dien-tu,D01,Điểm thi THPT,2025,14.0,Thương mại điện tử
174821,VLU,thuong-mai-dien-tu,D10,Điểm thi THPT,2025,14.0,Thương mại điện tử
174822,VLU,thuong-mai-dien-tu,X17,Điểm thi THPT,2025,14.0,Thương mại điện tử
174823,VLU,thuong-mai-dien-tu,X21,Điểm thi THPT,2025,14.0,Thương mại điện tử
174824,VLU,tri-tue-nhan-tao,A00,Điểm thi THPT,2021,15.0,Trí tuệ nhân tạo (AI)
174825,VLU,tri-tue-nhan-tao,A01,Điểm thi THPT,2021,15.0,Trí tuệ nhân tạo (AI)
174826,VLU,tri-tue-nhan-tao,C04,Điểm thi THPT,2021,15.0,Trí tuệ nhân tạo (AI)
174827,VLU,tri-tue-nhan-tao,D01,Điểm thi THPT,2021,15.0,Trí tuệ nhân tạo (AI)
174828,VLU,truyen-thong-da-phuong-tien,A00,Điểm học bạ,2022,18.0,Truyền thông đa phương tiện
174829,VLU,truyen-thong-da-phuong-tien,A01,Điểm học bạ,2022,18.0,Truyền thông đa phương tiện
174830,VLU,truyen-thong-da-phuong-tien,C04,Điểm học bạ,2022,18.0,Truyền thông đa phương tiện
174831,VLU,truyen-thong-da-phuong-tien,D01,Điểm học bạ,2022,18.0,Truyền thông đa phương tiện
174832,VLU,truyen-thong-da-phuong-tien,A00,Điểm thi THPT,2022,15.0,Truyền thông đa phương tiện
174833,VLU,truyen-thong-da-phuong-tien,A01,Điểm thi THPT,2022,15.0,Truyền thông đa phương tiện
174834,VLU,truyen-thong-da-phuong-tien,C04,Điểm thi THPT,2022,15.0,Truyền thông đa phương tiện
174835,VLU,truyen-thong-da-phuong-tien,D01,Điểm thi THPT,2022,15.0,Truyền thông đa phương tiện
174836,VLU,truyen-thong-da-phuong-tien,A00,Điểm học bạ,2023,18.0,Truyền thông đa phương tiện
174837,VLU,truyen-thong-da-phuong-tien,A01,Điểm học bạ,2023,18.0,Truyền thông đa phương tiện
174838,VLU,truyen-thong-da-phuong-tien,C04,Điểm học bạ,2023,18.0,Truyền thông đa phương tiện
174839,VLU,truyen-thong-da-phuong-tien,D01,Điểm học bạ,2023,18.0,Truyền thông đa phương tiện
174840,VLU,truyen-thong-da-phuong-tien,A00,Điểm thi THPT,2023,15.0,Truyền thông đa phương tiện
174841,VLU,truyen-thong-da-phuong-tien,A01,Điểm thi THPT,2023,15.0,Truyền thông đa phương tiện
174842,VLU,truyen-thong-da-phuong-tien,C04,Điểm thi THPT,2023,15.0,Truyền thông đa phương tiện
174843,VLU,truyen-thong-da-phuong-tien,D01,Điểm thi THPT,2023,15.0,Truyền thông đa phương tiện
174844,VLU,truyen-thong-da-phuong-tien,A00,Điểm học bạ,2024,18.0,Truyền thông đa phương tiện
174845,VLU,truyen-thong-da-phuong-tien,A01,Điểm học bạ,2024,18.0,Truyền thông đa phương tiện
174846,VLU,truyen-thong-da-phuong-tien,C04,Điểm học bạ,2024,18.0,Truyền thông đa phương tiện
174847,VLU,truyen-thong-da-phuong-tien,D01,Điểm học bạ,2024,18.0,Truyền thông đa phương tiện
174848,VLU,truyen-thong-da-phuong-tien,A00,Điểm thi THPT,2024,15.0,Truyền thông đa phương tiện
174849,VLU,truyen-thong-da-phuong-tien,A01,Điểm thi THPT,2024,15.0,Truyền thông đa phương tiện
174850,VLU,truyen-thong-da-phuong-tien,C04,Điểm thi THPT,2024,15.0,Truyền thông đa phương tiện
174851,VLU,truyen-thong-da-phuong-tien,D01,Điểm thi THPT,2024,15.0,Truyền thông đa phương tiện
174852,VLU,truyen-thong-da-phuong-tien,A01,Điểm học bạ,2025,18.0,Truyền thông đa phương tiện
174853,VLU,truyen-thong-da-phuong-tien,C01,Điểm học bạ,2025,18.0,Truyền thông đa phương tiện
174854,VLU,truyen-thong-da-phuong-tien,C03,Điểm học bạ,2025,18.0,Truyền thông đa phương tiện
174855,VLU,truyen-thong-da-phuong-tien,C04,Điểm học bạ,2025,18.0,Truyền thông đa phương tiện
174856,VLU,truyen-thong-da-phuong-tien,C14,Điểm học bạ,2025,18.0,Truyền thông đa phương tiện
174857,VLU,truyen-thong-da-phuong-tien,D01,Điểm học bạ,2025,18.0,Truyền thông đa phương tiện
174858,VLU,truyen-thong-da-phuong-tien,X01,Điểm học bạ,2025,18.0,Truyền thông đa phương tiện
174859,VLU,truyen-thong-da-phuong-tien,A01,Điểm thi THPT,2025,14.0,Truyền thông đa phương tiện
174860,VLU,truyen-thong-da-phuong-tien,C01,Điểm thi THPT,2025,14.0,Truyền thông đa phương tiện
174861,VLU,truyen-thong-da-phuong-tien,C03,Điểm thi THPT,2025,14.0,Truyền thông đa phương tiện
174862,VLU,truyen-thong-da-phuong-tien,C04,Điểm thi THPT,2025,14.0,Truyền thông đa phương tiện
174863,VLU,truyen-thong-da-phuong-tien,C14,Điểm thi THPT,2025,14.0,Truyền thông đa phương tiện
174864,VLU,truyen-thong-da-phuong-tien,D01,Điểm thi THPT,2025,14.0,Truyền thông đa phương tiện
174865,VLU,truyen-thong-da-phuong-tien,X01,Điểm thi THPT,2025,14.0,Truyền thông đa phương tiện
174866,VTT,cong-nghe-thong-tin,A00,Điểm học bạ,2022,18.0,Công nghệ thông tin
174867,VTT,cong-nghe-thong-tin,A01,Điểm học bạ,2022,18.0,Công nghệ thông tin
174868,VTT,cong-nghe-thong-tin,D01,Điểm học bạ,2022,18.0,Công nghệ thông tin
174869,VTT,cong-nghe-thong-tin,D07,Điểm học bạ,2022,18.0,Công nghệ thông tin
174870,VTT,cong-nghe-thong-tin,A00,Điểm thi THPT,2022,15.0,Công nghệ thông tin
174871,VTT,cong-nghe-thong-tin,A01,Điểm thi THPT,2022,15.0,Công nghệ thông tin
174872,VTT,cong-nghe-thong-tin,D01,Điểm thi THPT,2022,15.0,Công nghệ thông tin
174873,VTT,cong-nghe-thong-tin,D07,Điểm thi THPT,2022,15.0,Công nghệ thông tin
174874,VTT,cong-nghe-thong-tin,A00,Điểm thi THPT,2023,15.0,Công nghệ thông tin
174875,VTT,cong-nghe-thong-tin,A01,Điểm thi THPT,2023,15.0,Công nghệ thông tin
174876,VTT,cong-nghe-thong-tin,D01,Điểm thi THPT,2023,15.0,Công nghệ thông tin
174877,VTT,cong-nghe-thong-tin,D07,Điểm thi THPT,2023,15.0,Công nghệ thông tin
174878,VTT,cong-nghe-thong-tin,A00,Điểm học bạ,2024,18.0,Công nghệ thông tin
174879,VTT,cong-nghe-thong-tin,A01,Điểm học bạ,2024,18.0,Công nghệ thông tin
174880,VTT,cong-nghe-thong-tin,D01,Điểm học bạ,2024,18.0,Công nghệ thông tin
174881,VTT,cong-nghe-thong-tin,D07,Điểm học bạ,2024,18.0,Công nghệ thông tin
174882,VTT,cong-nghe-thong-tin,A00,Điểm thi THPT,2024,15.0,Công nghệ thông tin
174883,VTT,cong-nghe-thong-tin,A01,Điểm thi THPT,2024,15.0,Công nghệ thông tin
174884,VTT,cong-nghe-thong-tin,D01,Điểm thi THPT,2024,15.0,Công nghệ thông tin
174885,VTT,cong-nghe-thong-tin,D07,Điểm thi THPT,2024,15.0,Công nghệ thông tin
174886,VTT,duoc-hoc,A00,Điểm thi THPT,2021,21.0,Dược học
174887,VTT,duoc-hoc,B00,Điểm thi THPT,2021,21.0,Dược học
174888,VTT,duoc-hoc,C02,Điểm thi THPT,2021,21.0,Dược học
174889,VTT,duoc-hoc,D07,Điểm thi THPT,2021,21.0,Dược học
174890,VTT,duoc-hoc,A00,Điểm học bạ,2022,8.0,Dược học
174891,VTT,duoc-hoc,B00,Điểm học bạ,2022,8.0,Dược học
174892,VTT,duoc-hoc,C02,Điểm học bạ,2022,8.0,Dược học
174893,VTT,duoc-hoc,D07,Điểm học bạ,2022,8.0,Dược học
174894,VTT,duoc-hoc,A00,Điểm thi THPT,2022,21.0,Dược học
174895,VTT,duoc-hoc,B00,Điểm thi THPT,2022,21.0,Dược học
174896,VTT,duoc-hoc,C02,Điểm thi THPT,2022,21.0,Dược học
174897,VTT,duoc-hoc,D07,Điểm thi THPT,2022,21.0,Dược học
174898,VTT,duoc-hoc,A00,Điểm thi THPT,2023,21.0,Ngành dược học (Dược sĩ)
174899,VTT,duoc-hoc,B00,Điểm thi THPT,2023,21.0,Ngành dược học (Dược sĩ)
174900,VTT,duoc-hoc,C02,Điểm thi THPT,2023,21.0,Ngành dược học (Dược sĩ)
174901,VTT,duoc-hoc,D07,Điểm thi THPT,2023,21.0,Ngành dược học (Dược sĩ)
174902,VTT,duoc-hoc,A00,Điểm học bạ,2024,8.0,Dược học
174903,VTT,duoc-hoc,B00,Điểm học bạ,2024,8.0,Dược học
174904,VTT,duoc-hoc,C02,Điểm học bạ,2024,8.0,Dược học
174905,VTT,duoc-hoc,D07,Điểm học bạ,2024,8.0,Dược học
174906,VTT,duoc-hoc,A00,Điểm thi THPT,2024,21.0,Dược học
174907,VTT,duoc-hoc,B00,Điểm thi THPT,2024,21.0,Dược học
174908,VTT,duoc-hoc,C02,Điểm thi THPT,2024,21.0,Dược học
174909,VTT,duoc-hoc,D07,Điểm thi THPT,2024,21.0,Dược học
174910,VTT,ke-toan,A00,Điểm thi THPT,2021,15.0,Kế toán
174911,VTT,ke-toan,A01,Điểm thi THPT,2021,15.0,Kế toán
174912,VTT,ke-toan,D01,Điểm thi THPT,2021,15.0,Kế toán
174913,VTT,ke-toan,D07,Điểm thi THPT,2021,15.0,Kế toán
174914,VTT,ke-toan,A00,Điểm học bạ,2022,18.0,Kế toán
174915,VTT,ke-toan,A01,Điểm học bạ,2022,18.0,Kế toán
174916,VTT,ke-toan,D01,Điểm học bạ,2022,18.0,Kế toán
174917,VTT,ke-toan,D07,Điểm học bạ,2022,18.0,Kế toán
174918,VTT,ke-toan,A00,Điểm thi THPT,2022,15.0,Kế toán
174919,VTT,ke-toan,A01,Điểm thi THPT,2022,15.0,Kế toán
174920,VTT,ke-toan,D01,Điểm thi THPT,2022,15.0,Kế toán
174921,VTT,ke-toan,D07,Điểm thi THPT,2022,15.0,Kế toán
174922,VTT,ke-toan,A00,Điểm thi THPT,2023,15.0,Kế toán
174923,VTT,ke-toan,A01,Điểm thi THPT,2023,15.0,Kế toán
174924,VTT,ke-toan,D01,Điểm thi THPT,2023,15.0,Kế toán
174925,VTT,ke-toan,D07,Điểm thi THPT,2023,15.0,Kế toán
174926,VTT,ke-toan,A00,Điểm học bạ,2024,18.0,Kế toán
174927,VTT,ke-toan,A01,Điểm học bạ,2024,18.0,Kế toán
174928,VTT,ke-toan,D01,Điểm học bạ,2024,18.0,Kế toán
174929,VTT,ke-toan,D07,Điểm học bạ,2024,18.0,Kế toán
174930,VTT,ke-toan,A00,Điểm thi THPT,2024,15.0,Kế toán
174931,VTT,ke-toan,A01,Điểm thi THPT,2024,15.0,Kế toán
174932,VTT,ke-toan,D01,Điểm thi THPT,2024,15.0,Kế toán
174933,VTT,ke-toan,D07,Điểm thi THPT,2024,15.0,Kế toán
174934,VTT,kinh-doanh-quoc-te,A00,Điểm học bạ,2022,18.0,Kinh doanh quốc tế
174935,VTT,kinh-doanh-quoc-te,A01,Điểm học bạ,2022,18.0,Kinh doanh quốc tế
174936,VTT,kinh-doanh-quoc-te,D01,Điểm học bạ,2022,18.0,Kinh doanh quốc tế
174937,VTT,kinh-doanh-quoc-te,D07,Điểm học bạ,2022,18.0,Kinh doanh quốc tế
174938,VTT,kinh-doanh-quoc-te,A00,Điểm thi THPT,2022,15.0,Kinh doanh quốc tế
174939,VTT,kinh-doanh-quoc-te,A01,Điểm thi THPT,2022,15.0,Kinh doanh quốc tế
174940,VTT,kinh-doanh-quoc-te,D01,Điểm thi THPT,2022,15.0,Kinh doanh quốc tế
174941,VTT,kinh-doanh-quoc-te,D07,Điểm thi THPT,2022,15.0,Kinh doanh quốc tế
174942,VTT,kinh-doanh-quoc-te,A00,Điểm thi THPT,2023,15.0,Kinh doanh quốc tế
174943,VTT,kinh-doanh-quoc-te,A01,Điểm thi THPT,2023,15.0,Kinh doanh quốc tế
174944,VTT,kinh-doanh-quoc-te,D01,Điểm thi THPT,2023,15.0,Kinh doanh quốc tế
174945,VTT,kinh-doanh-quoc-te,D07,Điểm thi THPT,2023,15.0,Kinh doanh quốc tế
174946,VTT,kinh-doanh-quoc-te,A00,Điểm học bạ,2024,18.0,Kinh doanh quốc tế
174947,VTT,kinh-doanh-quoc-te,A01,Điểm học bạ,2024,18.0,Kinh doanh quốc tế
174948,VTT,kinh-doanh-quoc-te,D01,Điểm học bạ,2024,18.0,Kinh doanh quốc tế
174949,VTT,kinh-doanh-quoc-te,D07,Điểm học bạ,2024,18.0,Kinh doanh quốc tế
174950,VTT,kinh-doanh-quoc-te,A00,Điểm thi THPT,2024,15.0,Kinh doanh quốc tế
174951,VTT,kinh-doanh-quoc-te,A01,Điểm thi THPT,2024,15.0,Kinh doanh quốc tế
174952,VTT,kinh-doanh-quoc-te,D01,Điểm thi THPT,2024,15.0,Kinh doanh quốc tế
174953,VTT,kinh-doanh-quoc-te,D07,Điểm thi THPT,2024,15.0,Kinh doanh quốc tế
174954,VTT,luat,A00,Điểm học bạ,2022,18.0,Luật
174955,VTT,luat,A01,Điểm học bạ,2022,18.0,Luật
174956,VTT,luat,C03,Điểm học bạ,2022,18.0,Luật
174957,VTT,luat,D01,Điểm học bạ,2022,18.0,Luật
174958,VTT,luat,A00,Điểm thi THPT,2022,15.0,Luật
174959,VTT,luat,A01,Điểm thi THPT,2022,15.0,Luật
174960,VTT,luat,C03,Điểm thi THPT,2022,15.0,Luật
174961,VTT,luat,D01,Điểm thi THPT,2022,15.0,Luật
174962,VTT,luat,A00,Điểm thi THPT,2023,15.0,Luật
174963,VTT,luat,A01,Điểm thi THPT,2023,15.0,Luật
174964,VTT,luat,C03,Điểm thi THPT,2023,15.0,Luật
174965,VTT,luat,D01,Điểm thi THPT,2023,15.0,Luật
174966,VTT,luat,A00,Điểm học bạ,2024,18.0,Luật
174967,VTT,luat,A01,Điểm học bạ,2024,18.0,Luật
174968,VTT,luat,C03,Điểm học bạ,2024,18.0,Luật
174969,VTT,luat,D01,Điểm học bạ,2024,18.0,Luật
174970,VTT,luat,A00,Điểm thi THPT,2024,15.0,Luật
174971,VTT,luat,A01,Điểm thi THPT,2024,15.0,Luật
174972,VTT,luat,C03,Điểm thi THPT,2024,15.0,Luật
174973,VTT,luat,D01,Điểm thi THPT,2024,15.0,Luật
174974,VTT,quan-ly-nha-nuoc,A01,Điểm học bạ,2022,18.0,Quản lý nhà nước
174975,VTT,quan-ly-nha-nuoc,C00,Điểm học bạ,2022,18.0,Quản lý nhà nước
174976,VTT,quan-ly-nha-nuoc,C20,Điểm học bạ,2022,18.0,Quản lý nhà nước
174977,VTT,quan-ly-nha-nuoc,D01,Điểm học bạ,2022,18.0,Quản lý nhà nước
174978,VTT,quan-ly-nha-nuoc,A01,Điểm thi THPT,2022,15.0,Quản lý nhà nước
174979,VTT,quan-ly-nha-nuoc,C00,Điểm thi THPT,2022,15.0,Quản lý nhà nước
174980,VTT,quan-ly-nha-nuoc,C20,Điểm thi THPT,2022,15.0,Quản lý nhà nước
174981,VTT,quan-ly-nha-nuoc,D01,Điểm thi THPT,2022,15.0,Quản lý nhà nước
174982,VTT,quan-ly-nha-nuoc,A01,Điểm thi THPT,2023,15.0,Quản lý nhà nước
174983,VTT,quan-ly-nha-nuoc,C00,Điểm thi THPT,2023,15.0,Quản lý nhà nước
174984,VTT,quan-ly-nha-nuoc,C20,Điểm thi THPT,2023,15.0,Quản lý nhà nước
174985,VTT,quan-ly-nha-nuoc,D01,Điểm thi THPT,2023,15.0,Quản lý nhà nước
174986,VTT,quan-ly-nha-nuoc,A01,Điểm học bạ,2024,18.0,Quản lý nhà nước
174987,VTT,quan-ly-nha-nuoc,C00,Điểm học bạ,2024,18.0,Quản lý nhà nước
174988,VTT,quan-ly-nha-nuoc,C20,Điểm học bạ,2024,18.0,Quản lý nhà nước
174989,VTT,quan-ly-nha-nuoc,D01,Điểm học bạ,2024,18.0,Quản lý nhà nước
174990,VTT,quan-ly-nha-nuoc,A01,Điểm thi THPT,2024,15.0,Quản lý Nhà nước
174991,VTT,quan-ly-nha-nuoc,C00,Điểm thi THPT,2024,15.0,Quản lý Nhà nước
174992,VTT,quan-ly-nha-nuoc,C20,Điểm thi THPT,2024,15.0,Quản lý Nhà nước
174993,VTT,quan-ly-nha-nuoc,D01,Điểm thi THPT,2024,15.0,Quản lý Nhà nước
174994,VTT,quan-tri-kinh-doanh,A00,Điểm thi THPT,2021,15.0,Quản trị kinh doanh
174995,VTT,quan-tri-kinh-doanh,A01,Điểm thi THPT,2021,15.0,Quản trị kinh doanh
174996,VTT,quan-tri-kinh-doanh,D01,Điểm thi THPT,2021,15.0,Quản trị kinh doanh
174997,VTT,quan-tri-kinh-doanh,D07,Điểm thi THPT,2021,15.0,Quản trị kinh doanh
174998,VTT,quan-tri-kinh-doanh,A00,Điểm học bạ,2022,18.0,Quản trị kinh doanh
174999,VTT,quan-tri-kinh-doanh,A01,Điểm học bạ,2022,18.0,Quản trị kinh doanh
175000,VTT,quan-tri-kinh-doanh,D01,Điểm học bạ,2022,18.0,Quản trị kinh doanh
175001,VTT,quan-tri-kinh-doanh,D07,Điểm học bạ,2022,18.0,Quản trị kinh doanh
175002,VTT,quan-tri-kinh-doanh,A00,Điểm thi THPT,2022,15.0,Quản trị kinh doanh
175003,VTT,quan-tri-kinh-doanh,A01,Điểm thi THPT,2022,15.0,Quản trị kinh doanh
175004,VTT,quan-tri-kinh-doanh,D01,Điểm thi THPT,2022,15.0,Quản trị kinh doanh
175005,VTT,quan-tri-kinh-doanh,D07,Điểm thi THPT,2022,15.0,Quản trị kinh doanh
175006,VTT,quan-tri-kinh-doanh,A00,Điểm thi THPT,2023,15.0,Quản trị kinh doanh
175007,VTT,quan-tri-kinh-doanh,A01,Điểm thi THPT,2023,15.0,Quản trị kinh doanh
175008,VTT,quan-tri-kinh-doanh,D01,Điểm thi THPT,2023,15.0,Quản trị kinh doanh
175009,VTT,quan-tri-kinh-doanh,D07,Điểm thi THPT,2023,15.0,Quản trị kinh doanh
175010,VTT,quan-tri-kinh-doanh,A00,Điểm học bạ,2024,18.0,Quản trị kinh doanh
175011,VTT,quan-tri-kinh-doanh,A01,Điểm học bạ,2024,18.0,Quản trị kinh doanh
175012,VTT,quan-tri-kinh-doanh,D01,Điểm học bạ,2024,18.0,Quản trị kinh doanh
175013,VTT,quan-tri-kinh-doanh,D07,Điểm học bạ,2024,18.0,Quản trị kinh doanh
175014,VTT,quan-tri-kinh-doanh,A00,Điểm thi THPT,2024,15.0,Quản trị kinh doanh
175015,VTT,quan-tri-kinh-doanh,A01,Điểm thi THPT,2024,15.0,Quản trị kinh doanh
175016,VTT,quan-tri-kinh-doanh,D01,Điểm thi THPT,2024,15.0,Quản trị kinh doanh
175017,VTT,quan-tri-kinh-doanh,D07,Điểm thi THPT,2024,15.0,Quản trị kinh doanh
175018,VTT,rang-ham-mat,A02,Điểm học bạ,2024,8.0,Răng – Hàm – Mặt
175019,VTT,rang-ham-mat,B00,Điểm học bạ,2024,8.0,Răng – Hàm – Mặt
175020,VTT,rang-ham-mat,B03,Điểm học bạ,2024,8.0,Răng – Hàm – Mặt
175021,VTT,rang-ham-mat,D08,Điểm học bạ,2024,8.0,Răng – Hàm – Mặt
175022,VTT,rang-ham-mat,A02,Điểm thi THPT,2024,22.5,Răng – Hàm – Mặt
175023,VTT,rang-ham-mat,B00,Điểm thi THPT,2024,22.5,Răng – Hàm – Mặt
175024,VTT,rang-ham-mat,B03,Điểm thi THPT,2024,22.5,Răng – Hàm – Mặt
175025,VTT,rang-ham-mat,D08,Điểm thi THPT,2024,22.5,Răng – Hàm – Mặt
175026,VTT,tai-chinh-ngan-hang,A00,Điểm thi THPT,2021,15.0,Tài chính - Ngân hàng
175027,VTT,tai-chinh-ngan-hang,A01,Điểm thi THPT,2021,15.0,Tài chính - Ngân hàng
175028,VTT,tai-chinh-ngan-hang,D01,Điểm thi THPT,2021,15.0,Tài chính - Ngân hàng
175029,VTT,tai-chinh-ngan-hang,D07,Điểm thi THPT,2021,15.0,Tài chính - Ngân hàng
175030,VTT,tai-chinh-ngan-hang,A00,Điểm học bạ,2022,18.0,Tài chính - Ngân hàng
175031,VTT,tai-chinh-ngan-hang,A01,Điểm học bạ,2022,18.0,Tài chính - Ngân hàng
175032,VTT,tai-chinh-ngan-hang,D01,Điểm học bạ,2022,18.0,Tài chính - Ngân hàng
175033,VTT,tai-chinh-ngan-hang,D07,Điểm học bạ,2022,18.0,Tài chính - Ngân hàng
175034,VTT,tai-chinh-ngan-hang,A00,Điểm thi THPT,2022,15.0,Tài chính - Ngân hàng
175035,VTT,tai-chinh-ngan-hang,A01,Điểm thi THPT,2022,15.0,Tài chính - Ngân hàng
175036,VTT,tai-chinh-ngan-hang,D01,Điểm thi THPT,2022,15.0,Tài chính - Ngân hàng
175037,VTT,tai-chinh-ngan-hang,D07,Điểm thi THPT,2022,15.0,Tài chính - Ngân hàng
175038,VTT,tai-chinh-ngan-hang,A00,Điểm thi THPT,2023,15.0,Tài chính ngân hàng
175039,VTT,tai-chinh-ngan-hang,A01,Điểm thi THPT,2023,15.0,Tài chính ngân hàng
175040,VTT,tai-chinh-ngan-hang,D01,Điểm thi THPT,2023,15.0,Tài chính ngân hàng
175041,VTT,tai-chinh-ngan-hang,D07,Điểm thi THPT,2023,15.0,Tài chính ngân hàng
175042,VTT,tai-chinh-ngan-hang,A00,Điểm học bạ,2024,18.0,Tài chính – Ngân hàng
175043,VTT,tai-chinh-ngan-hang,A01,Điểm học bạ,2024,18.0,Tài chính – Ngân hàng
175044,VTT,tai-chinh-ngan-hang,D01,Điểm học bạ,2024,18.0,Tài chính – Ngân hàng
175045,VTT,tai-chinh-ngan-hang,D07,Điểm học bạ,2024,18.0,Tài chính – Ngân hàng
175046,VTT,tai-chinh-ngan-hang,A00,Điểm thi THPT,2024,15.0,Tài chính – Ngân hàng
175047,VTT,tai-chinh-ngan-hang,A01,Điểm thi THPT,2024,15.0,Tài chính – Ngân hàng
175048,VTT,tai-chinh-ngan-hang,D01,Điểm thi THPT,2024,15.0,Tài chính – Ngân hàng
175049,VTT,tai-chinh-ngan-hang,D07,Điểm thi THPT,2024,15.0,Tài chính – Ngân hàng
175050,VTT,thuong-mai-dien-tu,A00,Điểm học bạ,2022,18.0,Thương mại điện tử
175051,VTT,thuong-mai-dien-tu,A01,Điểm học bạ,2022,18.0,Thương mại điện tử
175052,VTT,thuong-mai-dien-tu,D01,Điểm học bạ,2022,18.0,Thương mại điện tử
175053,VTT,thuong-mai-dien-tu,D07,Điểm học bạ,2022,18.0,Thương mại điện tử
175054,VTT,thuong-mai-dien-tu,A00,Điểm thi THPT,2022,15.0,Thương mại điện tử
175055,VTT,thuong-mai-dien-tu,A01,Điểm thi THPT,2022,15.0,Thương mại điện tử
175056,VTT,thuong-mai-dien-tu,D01,Điểm thi THPT,2022,15.0,Thương mại điện tử
175057,VTT,thuong-mai-dien-tu,D07,Điểm thi THPT,2022,15.0,Thương mại điện tử
175058,VTT,thuong-mai-dien-tu,A00,Điểm thi THPT,2023,15.0,Thương mại điện tử
175059,VTT,thuong-mai-dien-tu,A01,Điểm thi THPT,2023,15.0,Thương mại điện tử
175060,VTT,thuong-mai-dien-tu,D01,Điểm thi THPT,2023,15.0,Thương mại điện tử
175061,VTT,thuong-mai-dien-tu,D07,Điểm thi THPT,2023,15.0,Thương mại điện tử
175062,VTT,thuong-mai-dien-tu,A00,Điểm học bạ,2024,18.0,Thương mại điện tử
175063,VTT,thuong-mai-dien-tu,A01,Điểm học bạ,2024,18.0,Thương mại điện tử
175064,VTT,thuong-mai-dien-tu,D01,Điểm học bạ,2024,18.0,Thương mại điện tử
175065,VTT,thuong-mai-dien-tu,D07,Điểm học bạ,2024,18.0,Thương mại điện tử
175066,VTT,thuong-mai-dien-tu,A00,Điểm thi THPT,2024,15.0,Thương mại điện tử
175067,VTT,thuong-mai-dien-tu,A01,Điểm thi THPT,2024,15.0,Thương mại điện tử
175068,VTT,thuong-mai-dien-tu,D01,Điểm thi THPT,2024,15.0,Thương mại điện tử
175069,VTT,thuong-mai-dien-tu,D07,Điểm thi THPT,2024,15.0,Thương mại điện tử
175070,VTT,y-khoa,A02,Điểm thi THPT,2021,22.0,Y khoa
175071,VTT,y-khoa,B00,Điểm thi THPT,2021,22.0,Y khoa
175072,VTT,y-khoa,B03,Điểm thi THPT,2021,22.0,Y khoa
175073,VTT,y-khoa,D08,Điểm thi THPT,2021,22.0,Y khoa
175074,VTT,y-khoa,A02,Điểm học bạ,2022,8.0,Y khoa
175075,VTT,y-khoa,B00,Điểm học bạ,2022,8.0,Y khoa
175076,VTT,y-khoa,B03,Điểm học bạ,2022,8.0,Y khoa
175077,VTT,y-khoa,D08,Điểm học bạ,2022,8.0,Y khoa
175078,VTT,y-khoa,A02,Điểm thi THPT,2022,22.0,Y khoa
175079,VTT,y-khoa,B00,Điểm thi THPT,2022,22.0,Y khoa
175080,VTT,y-khoa,B03,Điểm thi THPT,2022,22.0,Y khoa
175081,VTT,y-khoa,D08,Điểm thi THPT,2022,22.0,Y khoa
175082,VTT,y-khoa,A02,Điểm thi THPT,2023,22.5,Ngành y khoa (Bác sĩ)
175083,VTT,y-khoa,B00,Điểm thi THPT,2023,22.5,Ngành y khoa (Bác sĩ)
175084,VTT,y-khoa,B03,Điểm thi THPT,2023,22.5,Ngành y khoa (Bác sĩ)
175085,VTT,y-khoa,D08,Điểm thi THPT,2023,22.5,Ngành y khoa (Bác sĩ)
175086,VTT,y-khoa,A02,Điểm học bạ,2024,8.0,Y khoa
175087,VTT,y-khoa,B00,Điểm học bạ,2024,8.0,Y khoa
175088,VTT,y-khoa,B03,Điểm học bạ,2024,8.0,Y khoa
175089,VTT,y-khoa,D08,Điểm học bạ,2024,8.0,Y khoa
175090,VTT,y-khoa,A02,Điểm thi THPT,2024,22.5,Y khoa
175091,VTT,y-khoa,B00,Điểm thi THPT,2024,22.5,Y khoa
175092,VTT,y-khoa,B03,Điểm thi THPT,2024,22.5,Y khoa
175093,VTT,y-khoa,D08,Điểm thi THPT,2024,22.5,Y khoa
175094,VUI,cong-nghe-ky-thuat-co-khi,A00,Điểm học bạ,2021,18.0,Công nghệ kỹ thuật cơ khí
175095,VUI,cong-nghe-ky-thuat-co-khi,A01,Điểm học bạ,2021,18.0,Công nghệ kỹ thuật cơ khí
175096,VUI,cong-nghe-ky-thuat-co-khi,B00,Điểm học bạ,2021,18.0,Công nghệ kỹ thuật cơ khí
175097,VUI,cong-nghe-ky-thuat-co-khi,A00,Điểm thi THPT,2021,15.0,Công nghệ kỹ thuật cơ khí
175098,VUI,cong-nghe-ky-thuat-co-khi,A01,Điểm thi THPT,2021,15.0,Công nghệ kỹ thuật cơ khí
175099,VUI,cong-nghe-ky-thuat-co-khi,B00,Điểm thi THPT,2021,15.0,Công nghệ kỹ thuật cơ khí
175100,VUI,cong-nghe-ky-thuat-co-khi,A00,Điểm học bạ,2022,18.0,Công nghệ kỹ thuật cơ khí
175101,VUI,cong-nghe-ky-thuat-co-khi,A01,Điểm học bạ,2022,18.0,Công nghệ kỹ thuật cơ khí
175102,VUI,cong-nghe-ky-thuat-co-khi,A21,Điểm học bạ,2022,18.0,Công nghệ kỹ thuật cơ khí
175103,VUI,cong-nghe-ky-thuat-co-khi,D01,Điểm học bạ,2022,18.0,Công nghệ kỹ thuật cơ khí
175104,VUI,cong-nghe-ky-thuat-co-khi,A00,Điểm thi THPT,2022,15.0,Công nghệ kỹ thuật cơ khí
175105,VUI,cong-nghe-ky-thuat-co-khi,A01,Điểm thi THPT,2022,15.0,Công nghệ kỹ thuật cơ khí
175106,VUI,cong-nghe-ky-thuat-co-khi,A21,Điểm thi THPT,2022,15.0,Công nghệ kỹ thuật cơ khí
175107,VUI,cong-nghe-ky-thuat-co-khi,D01,Điểm thi THPT,2022,15.0,Công nghệ kỹ thuật cơ khí
175108,VUI,cong-nghe-ky-thuat-co-khi,A00,Điểm học bạ,2023,18.0,Công nghệ kỹ thuật cơ khí
175109,VUI,cong-nghe-ky-thuat-co-khi,A01,Điểm học bạ,2023,18.0,Công nghệ kỹ thuật cơ khí
175110,VUI,cong-nghe-ky-thuat-co-khi,A21,Điểm học bạ,2023,18.0,Công nghệ kỹ thuật cơ khí
175111,VUI,cong-nghe-ky-thuat-co-khi,D01,Điểm học bạ,2023,18.0,Công nghệ kỹ thuật cơ khí
175112,VUI,cong-nghe-ky-thuat-co-khi,A00,Điểm thi THPT,2023,16.0,Công nghệ kỹ thuật cơ khí
175113,VUI,cong-nghe-ky-thuat-co-khi,A01,Điểm thi THPT,2023,16.0,Công nghệ kỹ thuật cơ khí
175114,VUI,cong-nghe-ky-thuat-co-khi,A21,Điểm thi THPT,2023,16.0,Công nghệ kỹ thuật cơ khí
175115,VUI,cong-nghe-ky-thuat-co-khi,D01,Điểm thi THPT,2023,16.0,Công nghệ kỹ thuật cơ khí
175116,VUI,cong-nghe-ky-thuat-co-khi,A00,Điểm học bạ,2024,18.0,Công nghệ kỹ thuật cơ khí
175117,VUI,cong-nghe-ky-thuat-co-khi,A01,Điểm học bạ,2024,18.0,Công nghệ kỹ thuật cơ khí
175118,VUI,cong-nghe-ky-thuat-co-khi,A21,Điểm học bạ,2024,18.0,Công nghệ kỹ thuật cơ khí
175119,VUI,cong-nghe-ky-thuat-co-khi,D01,Điểm học bạ,2024,18.0,Công nghệ kỹ thuật cơ khí
175120,VUI,cong-nghe-ky-thuat-co-khi,A00,Điểm thi THPT,2024,16.0,Công nghệ kỹ thuật cơ khí
175121,VUI,cong-nghe-ky-thuat-co-khi,A01,Điểm thi THPT,2024,16.0,Công nghệ kỹ thuật cơ khí
175122,VUI,cong-nghe-ky-thuat-co-khi,A21,Điểm thi THPT,2024,16.0,Công nghệ kỹ thuật cơ khí
175123,VUI,cong-nghe-ky-thuat-co-khi,D01,Điểm thi THPT,2024,16.0,Công nghệ kỹ thuật cơ khí
175124,VUI,cong-nghe-ky-thuat-co-khi,A00,Điểm học bạ,2025,18.0,Công nghệ kỹ thuật cơ khí
175125,VUI,cong-nghe-ky-thuat-co-khi,A01,Điểm học bạ,2025,18.0,Công nghệ kỹ thuật cơ khí
175126,VUI,cong-nghe-ky-thuat-co-khi,D01,Điểm học bạ,2025,18.0,Công nghệ kỹ thuật cơ khí
175127,VUI,cong-nghe-ky-thuat-co-khi,X06,Điểm học bạ,2025,18.0,Công nghệ kỹ thuật cơ khí
175128,VUI,cong-nghe-ky-thuat-co-khi,X07,Điểm học bạ,2025,18.0,Công nghệ kỹ thuật cơ khí
175129,VUI,cong-nghe-ky-thuat-co-khi,X08,Điểm học bạ,2025,18.0,Công nghệ kỹ thuật cơ khí
175130,VUI,cong-nghe-ky-thuat-co-khi,X11,Điểm học bạ,2025,18.0,Công nghệ kỹ thuật cơ khí
175131,VUI,cong-nghe-ky-thuat-co-khi,X12,Điểm học bạ,2025,18.0,Công nghệ kỹ thuật cơ khí
175132,VUI,cong-nghe-ky-thuat-co-khi,X56,Điểm học bạ,2025,18.0,Công nghệ kỹ thuật cơ khí
175133,VUI,cong-nghe-ky-thuat-co-khi,X57,Điểm học bạ,2025,18.0,Công nghệ kỹ thuật cơ khí
175134,VUI,cong-nghe-ky-thuat-co-khi,A00,Điểm thi THPT,2025,15.0,Công nghệ kỹ thuật cơ khí
175135,VUI,cong-nghe-ky-thuat-co-khi,A01,Điểm thi THPT,2025,15.0,Công nghệ kỹ thuật cơ khí
175136,VUI,cong-nghe-ky-thuat-co-khi,D01,Điểm thi THPT,2025,15.0,Công nghệ kỹ thuật cơ khí
175137,VUI,cong-nghe-ky-thuat-co-khi,X06,Điểm thi THPT,2025,15.0,Công nghệ kỹ thuật cơ khí
175138,VUI,cong-nghe-ky-thuat-co-khi,X07,Điểm thi THPT,2025,15.0,Công nghệ kỹ thuật cơ khí
175139,VUI,cong-nghe-ky-thuat-co-khi,X08,Điểm thi THPT,2025,15.0,Công nghệ kỹ thuật cơ khí
175140,VUI,cong-nghe-ky-thuat-co-khi,X11,Điểm thi THPT,2025,15.0,Công nghệ kỹ thuật cơ khí
175141,VUI,cong-nghe-ky-thuat-co-khi,X12,Điểm thi THPT,2025,15.0,Công nghệ kỹ thuật cơ khí
175142,VUI,cong-nghe-ky-thuat-co-khi,X56,Điểm thi THPT,2025,15.0,Công nghệ kỹ thuật cơ khí
175143,VUI,cong-nghe-ky-thuat-co-khi,X57,Điểm thi THPT,2025,15.0,Công nghệ kỹ thuật cơ khí
175144,VUI,cong-nghe-ky-thuat-dien-dien-tu,A00,Điểm học bạ,2021,18.0,"Công nghệ kỹ thuật điện, điện tử"
175145,VUI,cong-nghe-ky-thuat-dien-dien-tu,A01,Điểm học bạ,2021,18.0,"Công nghệ kỹ thuật điện, điện tử"
175146,VUI,cong-nghe-ky-thuat-dien-dien-tu,B00,Điểm học bạ,2021,18.0,"Công nghệ kỹ thuật điện, điện tử"
175147,VUI,cong-nghe-ky-thuat-dien-dien-tu,A00,Điểm thi THPT,2021,15.0,"Công nghệ kỹ thuật điện, điện tử"
175148,VUI,cong-nghe-ky-thuat-dien-dien-tu,A01,Điểm thi THPT,2021,15.0,"Công nghệ kỹ thuật điện, điện tử"
175149,VUI,cong-nghe-ky-thuat-dien-dien-tu,B00,Điểm thi THPT,2021,15.0,"Công nghệ kỹ thuật điện, điện tử"
175150,VUI,cong-nghe-ky-thuat-dien-dien-tu,A00,Điểm học bạ,2022,18.0,"Công nghệ kỹ thuật điện, điện tử"
175151,VUI,cong-nghe-ky-thuat-dien-dien-tu,A01,Điểm học bạ,2022,18.0,"Công nghệ kỹ thuật điện, điện tử"
175152,VUI,cong-nghe-ky-thuat-dien-dien-tu,A21,Điểm học bạ,2022,18.0,"Công nghệ kỹ thuật điện, điện tử"
175153,VUI,cong-nghe-ky-thuat-dien-dien-tu,D01,Điểm học bạ,2022,18.0,"Công nghệ kỹ thuật điện, điện tử"
175154,VUI,cong-nghe-ky-thuat-dien-dien-tu,A00,Điểm thi THPT,2022,15.0,"Công nghệ kỹ thuật điện, điện tử"
175155,VUI,cong-nghe-ky-thuat-dien-dien-tu,A01,Điểm thi THPT,2022,15.0,"Công nghệ kỹ thuật điện, điện tử"
175156,VUI,cong-nghe-ky-thuat-dien-dien-tu,A21,Điểm thi THPT,2022,15.0,"Công nghệ kỹ thuật điện, điện tử"
175157,VUI,cong-nghe-ky-thuat-dien-dien-tu,D01,Điểm thi THPT,2022,15.0,"Công nghệ kỹ thuật điện, điện tử"
175158,VUI,cong-nghe-ky-thuat-dien-dien-tu,A00,Điểm học bạ,2023,20.0,"Công nghệ kỹ thuật điện, điện từ"
175159,VUI,cong-nghe-ky-thuat-dien-dien-tu,A01,Điểm học bạ,2023,20.0,"Công nghệ kỹ thuật điện, điện từ"
175160,VUI,cong-nghe-ky-thuat-dien-dien-tu,A21,Điểm học bạ,2023,20.0,"Công nghệ kỹ thuật điện, điện từ"
175161,VUI,cong-nghe-ky-thuat-dien-dien-tu,D01,Điểm học bạ,2023,20.0,"Công nghệ kỹ thuật điện, điện từ"
175162,VUI,cong-nghe-ky-thuat-dien-dien-tu,A00,Điểm thi THPT,2023,18.0,"Công nghệ kỹ thuật điện, điện từ"
175163,VUI,cong-nghe-ky-thuat-dien-dien-tu,A01,Điểm thi THPT,2023,18.0,"Công nghệ kỹ thuật điện, điện từ"
175164,VUI,cong-nghe-ky-thuat-dien-dien-tu,A21,Điểm thi THPT,2023,18.0,"Công nghệ kỹ thuật điện, điện từ"
175165,VUI,cong-nghe-ky-thuat-dien-dien-tu,D01,Điểm thi THPT,2023,18.0,"Công nghệ kỹ thuật điện, điện từ"
175166,VUI,cong-nghe-ky-thuat-dien-dien-tu,A00,Điểm học bạ,2024,19.0,"Công nghệ kỹ thuật điện, điện tử"
175167,VUI,cong-nghe-ky-thuat-dien-dien-tu,A01,Điểm học bạ,2024,19.0,"Công nghệ kỹ thuật điện, điện tử"
175168,VUI,cong-nghe-ky-thuat-dien-dien-tu,A21,Điểm học bạ,2024,19.0,"Công nghệ kỹ thuật điện, điện tử"
175169,VUI,cong-nghe-ky-thuat-dien-dien-tu,D01,Điểm học bạ,2024,19.0,"Công nghệ kỹ thuật điện, điện tử"
175170,VUI,cong-nghe-ky-thuat-dien-dien-tu,A00,Điểm thi THPT,2024,17.0,"Công nghệ kỹ thuật điện, điện tử"
175171,VUI,cong-nghe-ky-thuat-dien-dien-tu,A01,Điểm thi THPT,2024,17.0,"Công nghệ kỹ thuật điện, điện tử"
175172,VUI,cong-nghe-ky-thuat-dien-dien-tu,A21,Điểm thi THPT,2024,17.0,"Công nghệ kỹ thuật điện, điện tử"
175173,VUI,cong-nghe-ky-thuat-dien-dien-tu,D01,Điểm thi THPT,2024,17.0,"Công nghệ kỹ thuật điện, điện tử"
175174,VUI,cong-nghe-ky-thuat-dien-dien-tu,A00,Điểm học bạ,2025,18.0,"Công nghệ kỹ thuật điện, điện tử"
175175,VUI,cong-nghe-ky-thuat-dien-dien-tu,A01,Điểm học bạ,2025,18.0,"Công nghệ kỹ thuật điện, điện tử"
175176,VUI,cong-nghe-ky-thuat-dien-dien-tu,D01,Điểm học bạ,2025,18.0,"Công nghệ kỹ thuật điện, điện tử"
175177,VUI,cong-nghe-ky-thuat-dien-dien-tu,X06,Điểm học bạ,2025,18.0,"Công nghệ kỹ thuật điện, điện tử"
175178,VUI,cong-nghe-ky-thuat-dien-dien-tu,X07,Điểm học bạ,2025,18.0,"Công nghệ kỹ thuật điện, điện tử"
175179,VUI,cong-nghe-ky-thuat-dien-dien-tu,X08,Điểm học bạ,2025,18.0,"Công nghệ kỹ thuật điện, điện tử"
175180,VUI,cong-nghe-ky-thuat-dien-dien-tu,X11,Điểm học bạ,2025,18.0,"Công nghệ kỹ thuật điện, điện tử"
175181,VUI,cong-nghe-ky-thuat-dien-dien-tu,X12,Điểm học bạ,2025,18.0,"Công nghệ kỹ thuật điện, điện tử"
175182,VUI,cong-nghe-ky-thuat-dien-dien-tu,X56,Điểm học bạ,2025,18.0,"Công nghệ kỹ thuật điện, điện tử"
175183,VUI,cong-nghe-ky-thuat-dien-dien-tu,X57,Điểm học bạ,2025,18.0,"Công nghệ kỹ thuật điện, điện tử"
175184,VUI,cong-nghe-ky-thuat-dien-dien-tu,A00,Điểm thi THPT,2025,15.0,"Công nghệ kỹ thuật điện, điện tử"
175185,VUI,cong-nghe-ky-thuat-dien-dien-tu,A01,Điểm thi THPT,2025,15.0,"Công nghệ kỹ thuật điện, điện tử"
175186,VUI,cong-nghe-ky-thuat-dien-dien-tu,D01,Điểm thi THPT,2025,15.0,"Công nghệ kỹ thuật điện, điện tử"
175187,VUI,cong-nghe-ky-thuat-dien-dien-tu,X06,Điểm thi THPT,2025,15.0,"Công nghệ kỹ thuật điện, điện tử"
175188,VUI,cong-nghe-ky-thuat-dien-dien-tu,X07,Điểm thi THPT,2025,15.0,"Công nghệ kỹ thuật điện, điện tử"
175189,VUI,cong-nghe-ky-thuat-dien-dien-tu,X08,Điểm thi THPT,2025,15.0,"Công nghệ kỹ thuật điện, điện tử"
175190,VUI,cong-nghe-ky-thuat-dien-dien-tu,X11,Điểm thi THPT,2025,15.0,"Công nghệ kỹ thuật điện, điện tử"
175191,VUI,cong-nghe-ky-thuat-dien-dien-tu,X12,Điểm thi THPT,2025,15.0,"Công nghệ kỹ thuật điện, điện tử"
175192,VUI,cong-nghe-ky-thuat-dien-dien-tu,X56,Điểm thi THPT,2025,15.0,"Công nghệ kỹ thuật điện, điện tử"
175193,VUI,cong-nghe-ky-thuat-dien-dien-tu,X57,Điểm thi THPT,2025,15.0,"Công nghệ kỹ thuật điện, điện tử"
175194,VUI,cong-nghe-ky-thuat-dieu-khien-va-tu-dong-hoa,A00,Điểm học bạ,2021,18.0,Công nghệ kỹ thuật điều khiển và tự động hóa
175195,VUI,cong-nghe-ky-thuat-dieu-khien-va-tu-dong-hoa,A01,Điểm học bạ,2021,18.0,Công nghệ kỹ thuật điều khiển và tự động hóa
175196,VUI,cong-nghe-ky-thuat-dieu-khien-va-tu-dong-hoa,B00,Điểm học bạ,2021,18.0,Công nghệ kỹ thuật điều khiển và tự động hóa
175197,VUI,cong-nghe-ky-thuat-dieu-khien-va-tu-dong-hoa,A00,Điểm thi THPT,2021,15.0,Công nghệ kỹ thuật điều khiển và tự động hóa
175198,VUI,cong-nghe-ky-thuat-dieu-khien-va-tu-dong-hoa,A01,Điểm thi THPT,2021,15.0,Công nghệ kỹ thuật điều khiển và tự động hóa
175199,VUI,cong-nghe-ky-thuat-dieu-khien-va-tu-dong-hoa,B00,Điểm thi THPT,2021,15.0,Công nghệ kỹ thuật điều khiển và tự động hóa
175200,VUI,cong-nghe-ky-thuat-dieu-khien-va-tu-dong-hoa,A00,Điểm học bạ,2022,18.0,Công nghệ kỹ thuật điều khiển và tự động hóa
175201,VUI,cong-nghe-ky-thuat-dieu-khien-va-tu-dong-hoa,A01,Điểm học bạ,2022,18.0,Công nghệ kỹ thuật điều khiển và tự động hóa
175202,VUI,cong-nghe-ky-thuat-dieu-khien-va-tu-dong-hoa,A21,Điểm học bạ,2022,18.0,Công nghệ kỹ thuật điều khiển và tự động hóa
175203,VUI,cong-nghe-ky-thuat-dieu-khien-va-tu-dong-hoa,D01,Điểm học bạ,2022,18.0,Công nghệ kỹ thuật điều khiển và tự động hóa
175204,VUI,cong-nghe-ky-thuat-dieu-khien-va-tu-dong-hoa,A00,Điểm thi THPT,2022,15.0,Công nghệ kỹ thuật điều khiển và tự động hóa
175205,VUI,cong-nghe-ky-thuat-dieu-khien-va-tu-dong-hoa,A01,Điểm thi THPT,2022,15.0,Công nghệ kỹ thuật điều khiển và tự động hóa
175206,VUI,cong-nghe-ky-thuat-dieu-khien-va-tu-dong-hoa,A21,Điểm thi THPT,2022,15.0,Công nghệ kỹ thuật điều khiển và tự động hóa
175207,VUI,cong-nghe-ky-thuat-dieu-khien-va-tu-dong-hoa,D01,Điểm thi THPT,2022,15.0,Công nghệ kỹ thuật điều khiển và tự động hóa
175208,VUI,cong-nghe-ky-thuat-dieu-khien-va-tu-dong-hoa,A00,Điểm học bạ,2023,18.0,Công nghệ kỹ thuật điều khiển và tự động hóa
175209,VUI,cong-nghe-ky-thuat-dieu-khien-va-tu-dong-hoa,A01,Điểm học bạ,2023,18.0,Công nghệ kỹ thuật điều khiển và tự động hóa
175210,VUI,cong-nghe-ky-thuat-dieu-khien-va-tu-dong-hoa,A21,Điểm học bạ,2023,18.0,Công nghệ kỹ thuật điều khiển và tự động hóa
175211,VUI,cong-nghe-ky-thuat-dieu-khien-va-tu-dong-hoa,D01,Điểm học bạ,2023,18.0,Công nghệ kỹ thuật điều khiển và tự động hóa
175212,VUI,cong-nghe-ky-thuat-dieu-khien-va-tu-dong-hoa,A00,Điểm thi THPT,2023,16.0,Công nghệ kỹ thuật điều khiển và tự động hóa
175213,VUI,cong-nghe-ky-thuat-dieu-khien-va-tu-dong-hoa,A01,Điểm thi THPT,2023,16.0,Công nghệ kỹ thuật điều khiển và tự động hóa
175214,VUI,cong-nghe-ky-thuat-dieu-khien-va-tu-dong-hoa,A21,Điểm thi THPT,2023,16.0,Công nghệ kỹ thuật điều khiển và tự động hóa
175215,VUI,cong-nghe-ky-thuat-dieu-khien-va-tu-dong-hoa,D01,Điểm thi THPT,2023,16.0,Công nghệ kỹ thuật điều khiển và tự động hóa
175216,VUI,cong-nghe-ky-thuat-dieu-khien-va-tu-dong-hoa,A00,Điểm học bạ,2024,19.0,Công nghệ kỹ thuật điều khiển và tự động hóa
175217,VUI,cong-nghe-ky-thuat-dieu-khien-va-tu-dong-hoa,A01,Điểm học bạ,2024,19.0,Công nghệ kỹ thuật điều khiển và tự động hóa
175218,VUI,cong-nghe-ky-thuat-dieu-khien-va-tu-dong-hoa,A21,Điểm học bạ,2024,19.0,Công nghệ kỹ thuật điều khiển và tự động hóa
175219,VUI,cong-nghe-ky-thuat-dieu-khien-va-tu-dong-hoa,D01,Điểm học bạ,2024,19.0,Công nghệ kỹ thuật điều khiển và tự động hóa
175220,VUI,cong-nghe-ky-thuat-dieu-khien-va-tu-dong-hoa,A00,Điểm thi THPT,2024,17.0,Công nghệ kỹ thuật điều khiển và tự động hóa
175221,VUI,cong-nghe-ky-thuat-dieu-khien-va-tu-dong-hoa,A01,Điểm thi THPT,2024,17.0,Công nghệ kỹ thuật điều khiển và tự động hóa
175222,VUI,cong-nghe-ky-thuat-dieu-khien-va-tu-dong-hoa,A21,Điểm thi THPT,2024,17.0,Công nghệ kỹ thuật điều khiển và tự động hóa
175223,VUI,cong-nghe-ky-thuat-dieu-khien-va-tu-dong-hoa,D01,Điểm thi THPT,2024,17.0,Công nghệ kỹ thuật điều khiển và tự động hóa
175224,VUI,cong-nghe-ky-thuat-dieu-khien-va-tu-dong-hoa,A00,Điểm học bạ,2025,18.0,Công nghệ kỹ thuật điều khiển và tự động hóa
175225,VUI,cong-nghe-ky-thuat-dieu-khien-va-tu-dong-hoa,A01,Điểm học bạ,2025,18.0,Công nghệ kỹ thuật điều khiển và tự động hóa
175226,VUI,cong-nghe-ky-thuat-dieu-khien-va-tu-dong-hoa,D01,Điểm học bạ,2025,18.0,Công nghệ kỹ thuật điều khiển và tự động hóa
175227,VUI,cong-nghe-ky-thuat-dieu-khien-va-tu-dong-hoa,X06,Điểm học bạ,2025,18.0,Công nghệ kỹ thuật điều khiển và tự động hóa
175228,VUI,cong-nghe-ky-thuat-dieu-khien-va-tu-dong-hoa,X07,Điểm học bạ,2025,18.0,Công nghệ kỹ thuật điều khiển và tự động hóa
175229,VUI,cong-nghe-ky-thuat-dieu-khien-va-tu-dong-hoa,X08,Điểm học bạ,2025,18.0,Công nghệ kỹ thuật điều khiển và tự động hóa
175230,VUI,cong-nghe-ky-thuat-dieu-khien-va-tu-dong-hoa,X11,Điểm học bạ,2025,18.0,Công nghệ kỹ thuật điều khiển và tự động hóa
175231,VUI,cong-nghe-ky-thuat-dieu-khien-va-tu-dong-hoa,X12,Điểm học bạ,2025,18.0,Công nghệ kỹ thuật điều khiển và tự động hóa
175232,VUI,cong-nghe-ky-thuat-dieu-khien-va-tu-dong-hoa,X56,Điểm học bạ,2025,18.0,Công nghệ kỹ thuật điều khiển và tự động hóa
175233,VUI,cong-nghe-ky-thuat-dieu-khien-va-tu-dong-hoa,X57,Điểm học bạ,2025,18.0,Công nghệ kỹ thuật điều khiển và tự động hóa
175234,VUI,cong-nghe-ky-thuat-dieu-khien-va-tu-dong-hoa,A00,Điểm thi THPT,2025,15.0,Công nghệ kỹ thuật điều khiển và tự động hóa
175235,VUI,cong-nghe-ky-thuat-dieu-khien-va-tu-dong-hoa,A01,Điểm thi THPT,2025,15.0,Công nghệ kỹ thuật điều khiển và tự động hóa
175236,VUI,cong-nghe-ky-thuat-dieu-khien-va-tu-dong-hoa,D01,Điểm thi THPT,2025,15.0,Công nghệ kỹ thuật điều khiển và tự động hóa
175237,VUI,cong-nghe-ky-thuat-dieu-khien-va-tu-dong-hoa,X06,Điểm thi THPT,2025,15.0,Công nghệ kỹ thuật điều khiển và tự động hóa
175238,VUI,cong-nghe-ky-thuat-dieu-khien-va-tu-dong-hoa,X07,Điểm thi THPT,2025,15.0,Công nghệ kỹ thuật điều khiển và tự động hóa
175239,VUI,cong-nghe-ky-thuat-dieu-khien-va-tu-dong-hoa,X08,Điểm thi THPT,2025,15.0,Công nghệ kỹ thuật điều khiển và tự động hóa
175240,VUI,cong-nghe-ky-thuat-dieu-khien-va-tu-dong-hoa,X11,Điểm thi THPT,2025,15.0,Công nghệ kỹ thuật điều khiển và tự động hóa
175241,VUI,cong-nghe-ky-thuat-dieu-khien-va-tu-dong-hoa,X12,Điểm thi THPT,2025,15.0,Công nghệ kỹ thuật điều khiển và tự động hóa
175242,VUI,cong-nghe-ky-thuat-dieu-khien-va-tu-dong-hoa,X56,Điểm thi THPT,2025,15.0,Công nghệ kỹ thuật điều khiển và tự động hóa
175243,VUI,cong-nghe-ky-thuat-dieu-khien-va-tu-dong-hoa,X57,Điểm thi THPT,2025,15.0,Công nghệ kỹ thuật điều khiển và tự động hóa
175244,VUI,cong-nghe-ky-thuat-hoa-hoc,A00,Điểm học bạ,2021,18.0,Công nghệ kỹ thuật hoá học
175245,VUI,cong-nghe-ky-thuat-hoa-hoc,A01,Điểm học bạ,2021,18.0,Công nghệ kỹ thuật hoá học
175246,VUI,cong-nghe-ky-thuat-hoa-hoc,B00,Điểm học bạ,2021,18.0,Công nghệ kỹ thuật hoá học
175247,VUI,cong-nghe-ky-thuat-hoa-hoc,A00,Điểm thi THPT,2021,15.0,Công nghệ kỹ thuật hoá học
175248,VUI,cong-nghe-ky-thuat-hoa-hoc,A01,Điểm thi THPT,2021,15.0,Công nghệ kỹ thuật hoá học
175249,VUI,cong-nghe-ky-thuat-hoa-hoc,B00,Điểm thi THPT,2021,15.0,Công nghệ kỹ thuật hoá học
175250,VUI,cong-nghe-ky-thuat-hoa-hoc,A00,Điểm học bạ,2022,18.0,Công nghệ kỹ thuật hóa học
175251,VUI,cong-nghe-ky-thuat-hoa-hoc,A01,Điểm học bạ,2022,18.0,Công nghệ kỹ thuật hóa học
175252,VUI,cong-nghe-ky-thuat-hoa-hoc,A21,Điểm học bạ,2022,18.0,Công nghệ kỹ thuật hóa học
175253,VUI,cong-nghe-ky-thuat-hoa-hoc,D01,Điểm học bạ,2022,18.0,Công nghệ kỹ thuật hóa học
175254,VUI,cong-nghe-ky-thuat-hoa-hoc,A00,Điểm thi THPT,2022,15.0,Công nghệ kỹ thuật hóa học
175255,VUI,cong-nghe-ky-thuat-hoa-hoc,A01,Điểm thi THPT,2022,15.0,Công nghệ kỹ thuật hóa học
175256,VUI,cong-nghe-ky-thuat-hoa-hoc,A21,Điểm thi THPT,2022,15.0,Công nghệ kỹ thuật hóa học
175257,VUI,cong-nghe-ky-thuat-hoa-hoc,D01,Điểm thi THPT,2022,15.0,Công nghệ kỹ thuật hóa học
175258,VUI,cong-nghe-ky-thuat-hoa-hoc,A00,Điểm học bạ,2023,18.0,Công nghệ kỹ thuật hóa học
175259,VUI,cong-nghe-ky-thuat-hoa-hoc,A01,Điểm học bạ,2023,18.0,Công nghệ kỹ thuật hóa học
175260,VUI,cong-nghe-ky-thuat-hoa-hoc,A21,Điểm học bạ,2023,18.0,Công nghệ kỹ thuật hóa học
175261,VUI,cong-nghe-ky-thuat-hoa-hoc,D01,Điểm học bạ,2023,18.0,Công nghệ kỹ thuật hóa học
175262,VUI,cong-nghe-ky-thuat-hoa-hoc,A00,Điểm thi THPT,2023,16.0,Công nghệ kỹ thuật hóa học
175263,VUI,cong-nghe-ky-thuat-hoa-hoc,A01,Điểm thi THPT,2023,16.0,Công nghệ kỹ thuật hóa học
175264,VUI,cong-nghe-ky-thuat-hoa-hoc,A21,Điểm thi THPT,2023,16.0,Công nghệ kỹ thuật hóa học
175265,VUI,cong-nghe-ky-thuat-hoa-hoc,D01,Điểm thi THPT,2023,16.0,Công nghệ kỹ thuật hóa học
175266,VUI,cong-nghe-ky-thuat-hoa-hoc,A00,Điểm học bạ,2024,18.0,Công nghệ kỹ thuật hóa học
175267,VUI,cong-nghe-ky-thuat-hoa-hoc,A01,Điểm học bạ,2024,18.0,Công nghệ kỹ thuật hóa học
175268,VUI,cong-nghe-ky-thuat-hoa-hoc,A21,Điểm học bạ,2024,18.0,Công nghệ kỹ thuật hóa học
175269,VUI,cong-nghe-ky-thuat-hoa-hoc,D01,Điểm học bạ,2024,18.0,Công nghệ kỹ thuật hóa học
175270,VUI,cong-nghe-ky-thuat-hoa-hoc,A00,Điểm thi THPT,2024,16.0,Công nghệ kỹ thuật hóa học
175271,VUI,cong-nghe-ky-thuat-hoa-hoc,A01,Điểm thi THPT,2024,16.0,Công nghệ kỹ thuật hóa học
175272,VUI,cong-nghe-ky-thuat-hoa-hoc,A21,Điểm thi THPT,2024,16.0,Công nghệ kỹ thuật hóa học
175273,VUI,cong-nghe-ky-thuat-hoa-hoc,D01,Điểm thi THPT,2024,16.0,Công nghệ kỹ thuật hóa học
175274,VUI,cong-nghe-ky-thuat-hoa-hoc,A00,Điểm học bạ,2025,18.0,Công nghệ kỹ thuật hóa học
175275,VUI,cong-nghe-ky-thuat-hoa-hoc,A01,Điểm học bạ,2025,18.0,Công nghệ kỹ thuật hóa học
175276,VUI,cong-nghe-ky-thuat-hoa-hoc,B00,Điểm học bạ,2025,18.0,Công nghệ kỹ thuật hóa học
175277,VUI,cong-nghe-ky-thuat-hoa-hoc,D01,Điểm học bạ,2025,18.0,Công nghệ kỹ thuật hóa học
175278,VUI,cong-nghe-ky-thuat-hoa-hoc,X06,Điểm học bạ,2025,18.0,Công nghệ kỹ thuật hóa học
175279,VUI,cong-nghe-ky-thuat-hoa-hoc,X56,Điểm học bạ,2025,18.0,Công nghệ kỹ thuật hóa học
175280,VUI,cong-nghe-ky-thuat-hoa-hoc,X57,Điểm học bạ,2025,18.0,Công nghệ kỹ thuật hóa học
175281,VUI,cong-nghe-ky-thuat-hoa-hoc,A00,Điểm thi THPT,2025,15.0,Công nghệ kỹ thuật hóa học
175282,VUI,cong-nghe-ky-thuat-hoa-hoc,A01,Điểm thi THPT,2025,15.0,Công nghệ kỹ thuật hóa học
175283,VUI,cong-nghe-ky-thuat-hoa-hoc,B00,Điểm thi THPT,2025,15.0,Công nghệ kỹ thuật hóa học
175284,VUI,cong-nghe-ky-thuat-hoa-hoc,D01,Điểm thi THPT,2025,15.0,Công nghệ kỹ thuật hóa học
175285,VUI,cong-nghe-ky-thuat-hoa-hoc,X06,Điểm thi THPT,2025,15.0,Công nghệ kỹ thuật hóa học
175286,VUI,cong-nghe-ky-thuat-hoa-hoc,X56,Điểm thi THPT,2025,15.0,Công nghệ kỹ thuật hóa học
175287,VUI,cong-nghe-ky-thuat-hoa-hoc,X57,Điểm thi THPT,2025,15.0,Công nghệ kỹ thuật hóa học
175288,VUI,cong-nghe-ky-thuat-moi-truong,A00,Điểm học bạ,2021,18.0,Công nghệ kỹ thuật môi trường
175289,VUI,cong-nghe-ky-thuat-moi-truong,A01,Điểm học bạ,2021,18.0,Công nghệ kỹ thuật môi trường
175290,VUI,cong-nghe-ky-thuat-moi-truong,B00,Điểm học bạ,2021,18.0,Công nghệ kỹ thuật môi trường
175291,VUI,cong-nghe-ky-thuat-moi-truong,A00,Điểm thi THPT,2021,15.0,Công nghệ kỹ thuật môi trường
175292,VUI,cong-nghe-ky-thuat-moi-truong,A01,Điểm thi THPT,2021,15.0,Công nghệ kỹ thuật môi trường
175293,VUI,cong-nghe-ky-thuat-moi-truong,B00,Điểm thi THPT,2021,15.0,Công nghệ kỹ thuật môi trường
175294,VUI,cong-nghe-ky-thuat-moi-truong,A00,Điểm học bạ,2022,18.0,Công nghệ kỹ thuật môi trường
175295,VUI,cong-nghe-ky-thuat-moi-truong,A01,Điểm học bạ,2022,18.0,Công nghệ kỹ thuật môi trường
175296,VUI,cong-nghe-ky-thuat-moi-truong,A21,Điểm học bạ,2022,18.0,Công nghệ kỹ thuật môi trường
175297,VUI,cong-nghe-ky-thuat-moi-truong,D01,Điểm học bạ,2022,18.0,Công nghệ kỹ thuật môi trường
175298,VUI,cong-nghe-ky-thuat-moi-truong,A00,Điểm thi THPT,2022,15.0,Công nghệ kỹ thuật môi trường
175299,VUI,cong-nghe-ky-thuat-moi-truong,A01,Điểm thi THPT,2022,15.0,Công nghệ kỹ thuật môi trường
175300,VUI,cong-nghe-ky-thuat-moi-truong,A21,Điểm thi THPT,2022,15.0,Công nghệ kỹ thuật môi trường
175301,VUI,cong-nghe-ky-thuat-moi-truong,D01,Điểm thi THPT,2022,15.0,Công nghệ kỹ thuật môi trường
175302,VUI,cong-nghe-ky-thuat-moi-truong,A00,Điểm học bạ,2023,16.0,Công nghệ kỹ thuật môi trường
175303,VUI,cong-nghe-ky-thuat-moi-truong,A01,Điểm học bạ,2023,16.0,Công nghệ kỹ thuật môi trường
175304,VUI,cong-nghe-ky-thuat-moi-truong,A21,Điểm học bạ,2023,16.0,Công nghệ kỹ thuật môi trường
175305,VUI,cong-nghe-ky-thuat-moi-truong,D01,Điểm học bạ,2023,16.0,Công nghệ kỹ thuật môi trường
175306,VUI,cong-nghe-ky-thuat-moi-truong,A00,Điểm thi THPT,2023,15.0,Công nghệ kỹ thuật môi trường
175307,VUI,cong-nghe-ky-thuat-moi-truong,A01,Điểm thi THPT,2023,15.0,Công nghệ kỹ thuật môi trường
175308,VUI,cong-nghe-ky-thuat-moi-truong,A21,Điểm thi THPT,2023,15.0,Công nghệ kỹ thuật môi trường
175309,VUI,cong-nghe-ky-thuat-moi-truong,D01,Điểm thi THPT,2023,15.0,Công nghệ kỹ thuật môi trường
175310,VUI,cong-nghe-ky-thuat-moi-truong,A00,Điểm học bạ,2024,18.0,Công nghệ kỹ thuật môi trường
175311,VUI,cong-nghe-ky-thuat-moi-truong,A01,Điểm học bạ,2024,18.0,Công nghệ kỹ thuật môi trường
175312,VUI,cong-nghe-ky-thuat-moi-truong,A21,Điểm học bạ,2024,18.0,Công nghệ kỹ thuật môi trường
175313,VUI,cong-nghe-ky-thuat-moi-truong,D01,Điểm học bạ,2024,18.0,Công nghệ kỹ thuật môi trường
175314,VUI,cong-nghe-ky-thuat-moi-truong,A00,Điểm thi THPT,2024,16.0,Công nghệ kỹ thuật môi trường
175315,VUI,cong-nghe-ky-thuat-moi-truong,A01,Điểm thi THPT,2024,16.0,Công nghệ kỹ thuật môi trường
175316,VUI,cong-nghe-ky-thuat-moi-truong,A21,Điểm thi THPT,2024,16.0,Công nghệ kỹ thuật môi trường
175317,VUI,cong-nghe-ky-thuat-moi-truong,D01,Điểm thi THPT,2024,16.0,Công nghệ kỹ thuật môi trường
175318,VUI,cong-nghe-ky-thuat-moi-truong,A00,Điểm học bạ,2025,18.0,Công nghệ kỹ thuật môi trường
175319,VUI,cong-nghe-ky-thuat-moi-truong,A01,Điểm học bạ,2025,18.0,Công nghệ kỹ thuật môi trường
175320,VUI,cong-nghe-ky-thuat-moi-truong,B00,Điểm học bạ,2025,18.0,Công nghệ kỹ thuật môi trường
175321,VUI,cong-nghe-ky-thuat-moi-truong,D01,Điểm học bạ,2025,18.0,Công nghệ kỹ thuật môi trường
175322,VUI,cong-nghe-ky-thuat-moi-truong,X06,Điểm học bạ,2025,18.0,Công nghệ kỹ thuật môi trường
175323,VUI,cong-nghe-ky-thuat-moi-truong,X56,Điểm học bạ,2025,18.0,Công nghệ kỹ thuật môi trường
175324,VUI,cong-nghe-ky-thuat-moi-truong,X57,Điểm học bạ,2025,18.0,Công nghệ kỹ thuật môi trường
175325,VUI,cong-nghe-ky-thuat-moi-truong,A00,Điểm thi THPT,2025,15.0,Công nghệ kỹ thuật môi trường
175326,VUI,cong-nghe-ky-thuat-moi-truong,A01,Điểm thi THPT,2025,15.0,Công nghệ kỹ thuật môi trường
175327,VUI,cong-nghe-ky-thuat-moi-truong,B00,Điểm thi THPT,2025,15.0,Công nghệ kỹ thuật môi trường
175328,VUI,cong-nghe-ky-thuat-moi-truong,D01,Điểm thi THPT,2025,15.0,Công nghệ kỹ thuật môi trường
175329,VUI,cong-nghe-ky-thuat-moi-truong,X06,Điểm thi THPT,2025,15.0,Công nghệ kỹ thuật môi trường
175330,VUI,cong-nghe-ky-thuat-moi-truong,X56,Điểm thi THPT,2025,15.0,Công nghệ kỹ thuật môi trường
175331,VUI,cong-nghe-ky-thuat-moi-truong,X57,Điểm thi THPT,2025,15.0,Công nghệ kỹ thuật môi trường
175332,VUI,cong-nghe-ky-thuat-o-to,A00,Điểm học bạ,2021,18.0,Công nghệ kỹ thuật ô tô
175333,VUI,cong-nghe-ky-thuat-o-to,A01,Điểm học bạ,2021,18.0,Công nghệ kỹ thuật ô tô
175334,VUI,cong-nghe-ky-thuat-o-to,B00,Điểm học bạ,2021,18.0,Công nghệ kỹ thuật ô tô
175335,VUI,cong-nghe-ky-thuat-o-to,A00,Điểm thi THPT,2021,15.0,Công nghệ kỹ thuật ô tô
175336,VUI,cong-nghe-ky-thuat-o-to,A01,Điểm thi THPT,2021,15.0,Công nghệ kỹ thuật ô tô
175337,VUI,cong-nghe-ky-thuat-o-to,B00,Điểm thi THPT,2021,15.0,Công nghệ kỹ thuật ô tô
175338,VUI,cong-nghe-ky-thuat-o-to,A00,Điểm học bạ,2022,18.0,Công nghệ kỹ thuật ô tô
175339,VUI,cong-nghe-ky-thuat-o-to,A01,Điểm học bạ,2022,18.0,Công nghệ kỹ thuật ô tô
175340,VUI,cong-nghe-ky-thuat-o-to,A21,Điểm học bạ,2022,18.0,Công nghệ kỹ thuật ô tô
175341,VUI,cong-nghe-ky-thuat-o-to,D01,Điểm học bạ,2022,18.0,Công nghệ kỹ thuật ô tô
175342,VUI,cong-nghe-ky-thuat-o-to,A00,Điểm thi THPT,2022,15.0,Công nghệ kỹ thuật ô tô
175343,VUI,cong-nghe-ky-thuat-o-to,A01,Điểm thi THPT,2022,15.0,Công nghệ kỹ thuật ô tô
175344,VUI,cong-nghe-ky-thuat-o-to,A21,Điểm thi THPT,2022,15.0,Công nghệ kỹ thuật ô tô
175345,VUI,cong-nghe-ky-thuat-o-to,D01,Điểm thi THPT,2022,15.0,Công nghệ kỹ thuật ô tô
175346,VUI,cong-nghe-ky-thuat-o-to,A00,Điểm học bạ,2023,21.0,Công nghệ kỹ thuật ô tô
175347,VUI,cong-nghe-ky-thuat-o-to,A01,Điểm học bạ,2023,21.0,Công nghệ kỹ thuật ô tô
175348,VUI,cong-nghe-ky-thuat-o-to,A21,Điểm học bạ,2023,21.0,Công nghệ kỹ thuật ô tô
175349,VUI,cong-nghe-ky-thuat-o-to,D01,Điểm học bạ,2023,21.0,Công nghệ kỹ thuật ô tô
175350,VUI,cong-nghe-ky-thuat-o-to,A00,Điểm thi THPT,2023,18.0,Công nghệ kỹ thuật ô tô
175351,VUI,cong-nghe-ky-thuat-o-to,A01,Điểm thi THPT,2023,18.0,Công nghệ kỹ thuật ô tô
175352,VUI,cong-nghe-ky-thuat-o-to,A21,Điểm thi THPT,2023,18.0,Công nghệ kỹ thuật ô tô
175353,VUI,cong-nghe-ky-thuat-o-to,D01,Điểm thi THPT,2023,18.0,Công nghệ kỹ thuật ô tô
175354,VUI,cong-nghe-ky-thuat-o-to,A00,Điểm học bạ,2024,20.0,Công nghệ kỹ thuật ô tô
175355,VUI,cong-nghe-ky-thuat-o-to,A01,Điểm học bạ,2024,20.0,Công nghệ kỹ thuật ô tô
175356,VUI,cong-nghe-ky-thuat-o-to,A21,Điểm học bạ,2024,20.0,Công nghệ kỹ thuật ô tô
175357,VUI,cong-nghe-ky-thuat-o-to,D01,Điểm học bạ,2024,20.0,Công nghệ kỹ thuật ô tô
175358,VUI,cong-nghe-ky-thuat-o-to,A00,Điểm thi THPT,2024,18.0,Công nghệ kỹ thuật ô tô
175359,VUI,cong-nghe-ky-thuat-o-to,A01,Điểm thi THPT,2024,18.0,Công nghệ kỹ thuật ô tô
175360,VUI,cong-nghe-ky-thuat-o-to,A21,Điểm thi THPT,2024,18.0,Công nghệ kỹ thuật ô tô
175361,VUI,cong-nghe-ky-thuat-o-to,D01,Điểm thi THPT,2024,18.0,Công nghệ kỹ thuật ô tô
175362,VUI,cong-nghe-ky-thuat-oto,A00,Điểm học bạ,2025,18.0,Công nghệ kỹ thuật ôtô
175363,VUI,cong-nghe-ky-thuat-oto,A01,Điểm học bạ,2025,18.0,Công nghệ kỹ thuật ôtô
175364,VUI,cong-nghe-ky-thuat-oto,D01,Điểm học bạ,2025,18.0,Công nghệ kỹ thuật ôtô
175365,VUI,cong-nghe-ky-thuat-oto,X06,Điểm học bạ,2025,18.0,Công nghệ kỹ thuật ôtô
175366,VUI,cong-nghe-ky-thuat-oto,X07,Điểm học bạ,2025,18.0,Công nghệ kỹ thuật ôtô
175367,VUI,cong-nghe-ky-thuat-oto,X08,Điểm học bạ,2025,18.0,Công nghệ kỹ thuật ôtô
175368,VUI,cong-nghe-ky-thuat-oto,X11,Điểm học bạ,2025,18.0,Công nghệ kỹ thuật ôtô
175369,VUI,cong-nghe-ky-thuat-oto,X12,Điểm học bạ,2025,18.0,Công nghệ kỹ thuật ôtô
175370,VUI,cong-nghe-ky-thuat-oto,X56,Điểm học bạ,2025,18.0,Công nghệ kỹ thuật ôtô
175371,VUI,cong-nghe-ky-thuat-oto,X57,Điểm học bạ,2025,18.0,Công nghệ kỹ thuật ôtô
175372,VUI,cong-nghe-ky-thuat-oto,A00,Điểm thi THPT,2025,15.0,Công nghệ kỹ thuật ôtô
175373,VUI,cong-nghe-ky-thuat-oto,A01,Điểm thi THPT,2025,15.0,Công nghệ kỹ thuật ôtô
175374,VUI,cong-nghe-ky-thuat-oto,D01,Điểm thi THPT,2025,15.0,Công nghệ kỹ thuật ôtô
175375,VUI,cong-nghe-ky-thuat-oto,X06,Điểm thi THPT,2025,15.0,Công nghệ kỹ thuật ôtô
175376,VUI,cong-nghe-ky-thuat-oto,X07,Điểm thi THPT,2025,15.0,Công nghệ kỹ thuật ôtô
175377,VUI,cong-nghe-ky-thuat-oto,X08,Điểm thi THPT,2025,15.0,Công nghệ kỹ thuật ôtô
175378,VUI,cong-nghe-ky-thuat-oto,X11,Điểm thi THPT,2025,15.0,Công nghệ kỹ thuật ôtô
175379,VUI,cong-nghe-ky-thuat-oto,X12,Điểm thi THPT,2025,15.0,Công nghệ kỹ thuật ôtô
175380,VUI,cong-nghe-ky-thuat-oto,X56,Điểm thi THPT,2025,15.0,Công nghệ kỹ thuật ôtô
175381,VUI,cong-nghe-ky-thuat-oto,X57,Điểm thi THPT,2025,15.0,Công nghệ kỹ thuật ôtô
175382,VUI,cong-nghe-sinh-hoc,A00,Điểm học bạ,2021,18.0,Công nghệ sinh học
175383,VUI,cong-nghe-sinh-hoc,A01,Điểm học bạ,2021,18.0,Công nghệ sinh học
175384,VUI,cong-nghe-sinh-hoc,B00,Điểm học bạ,2021,18.0,Công nghệ sinh học
175385,VUI,cong-nghe-sinh-hoc,A00,Điểm thi THPT,2021,15.0,Công nghệ sinh học
175386,VUI,cong-nghe-sinh-hoc,A01,Điểm thi THPT,2021,15.0,Công nghệ sinh học
175387,VUI,cong-nghe-sinh-hoc,B00,Điểm thi THPT,2021,15.0,Công nghệ sinh học
175388,VUI,cong-nghe-sinh-hoc,A00,Điểm học bạ,2022,18.0,Công nghệ sinh học
175389,VUI,cong-nghe-sinh-hoc,A01,Điểm học bạ,2022,18.0,Công nghệ sinh học
175390,VUI,cong-nghe-sinh-hoc,A21,Điểm học bạ,2022,18.0,Công nghệ sinh học
175391,VUI,cong-nghe-sinh-hoc,D01,Điểm học bạ,2022,18.0,Công nghệ sinh học
175392,VUI,cong-nghe-sinh-hoc,A00,Điểm thi THPT,2022,15.0,Công nghệ sinh học
175393,VUI,cong-nghe-sinh-hoc,A01,Điểm thi THPT,2022,15.0,Công nghệ sinh học
175394,VUI,cong-nghe-sinh-hoc,A21,Điểm thi THPT,2022,15.0,Công nghệ sinh học
175395,VUI,cong-nghe-sinh-hoc,D01,Điểm thi THPT,2022,15.0,Công nghệ sinh học
175396,VUI,cong-nghe-sinh-hoc,A00,Điểm học bạ,2023,16.0,Công nghệ sinh học
175397,VUI,cong-nghe-sinh-hoc,A01,Điểm học bạ,2023,16.0,Công nghệ sinh học
175398,VUI,cong-nghe-sinh-hoc,A21,Điểm học bạ,2023,16.0,Công nghệ sinh học
175399,VUI,cong-nghe-sinh-hoc,D01,Điểm học bạ,2023,16.0,Công nghệ sinh học
175400,VUI,cong-nghe-sinh-hoc,A00,Điểm thi THPT,2023,15.0,Công nghệ sinh học
175401,VUI,cong-nghe-sinh-hoc,A01,Điểm thi THPT,2023,15.0,Công nghệ sinh học
175402,VUI,cong-nghe-sinh-hoc,A21,Điểm thi THPT,2023,15.0,Công nghệ sinh học
175403,VUI,cong-nghe-sinh-hoc,D01,Điểm thi THPT,2023,15.0,Công nghệ sinh học
175404,VUI,cong-nghe-sinh-hoc,A00,Điểm học bạ,2024,18.0,Công nghệ sinh học
175405,VUI,cong-nghe-sinh-hoc,A01,Điểm học bạ,2024,18.0,Công nghệ sinh học
175406,VUI,cong-nghe-sinh-hoc,A21,Điểm học bạ,2024,18.0,Công nghệ sinh học
175407,VUI,cong-nghe-sinh-hoc,D01,Điểm học bạ,2024,18.0,Công nghệ sinh học
175408,VUI,cong-nghe-sinh-hoc,A00,Điểm thi THPT,2024,16.0,Công nghệ sinh học
175409,VUI,cong-nghe-sinh-hoc,A01,Điểm thi THPT,2024,16.0,Công nghệ sinh học
175410,VUI,cong-nghe-sinh-hoc,A21,Điểm thi THPT,2024,16.0,Công nghệ sinh học
175411,VUI,cong-nghe-sinh-hoc,D01,Điểm thi THPT,2024,16.0,Công nghệ sinh học
175412,VUI,cong-nghe-thong-tin,A00,Điểm học bạ,2021,18.0,Công nghệ thông tin
175413,VUI,cong-nghe-thong-tin,A01,Điểm học bạ,2021,18.0,Công nghệ thông tin
175414,VUI,cong-nghe-thong-tin,B00,Điểm học bạ,2021,18.0,Công nghệ thông tin
175415,VUI,cong-nghe-thong-tin,A00,Điểm thi THPT,2021,15.0,Công nghệ thông tin
175416,VUI,cong-nghe-thong-tin,A01,Điểm thi THPT,2021,15.0,Công nghệ thông tin
175417,VUI,cong-nghe-thong-tin,B00,Điểm thi THPT,2021,15.0,Công nghệ thông tin
175418,VUI,cong-nghe-thong-tin,A00,Điểm học bạ,2022,18.0,Công nghệ thông tin
175419,VUI,cong-nghe-thong-tin,A01,Điểm học bạ,2022,18.0,Công nghệ thông tin
175420,VUI,cong-nghe-thong-tin,A21,Điểm học bạ,2022,18.0,Công nghệ thông tin
175421,VUI,cong-nghe-thong-tin,D01,Điểm học bạ,2022,18.0,Công nghệ thông tin
175422,VUI,cong-nghe-thong-tin,A00,Điểm thi THPT,2022,15.0,Công nghệ thông tin
175423,VUI,cong-nghe-thong-tin,A01,Điểm thi THPT,2022,15.0,Công nghệ thông tin
175424,VUI,cong-nghe-thong-tin,A21,Điểm thi THPT,2022,15.0,Công nghệ thông tin
175425,VUI,cong-nghe-thong-tin,D01,Điểm thi THPT,2022,15.0,Công nghệ thông tin
175426,VUI,cong-nghe-thong-tin,A00,Điểm học bạ,2023,20.0,Công nghệ thông tin
175427,VUI,cong-nghe-thong-tin,A01,Điểm học bạ,2023,20.0,Công nghệ thông tin
175428,VUI,cong-nghe-thong-tin,A21,Điểm học bạ,2023,20.0,Công nghệ thông tin
175429,VUI,cong-nghe-thong-tin,D01,Điểm học bạ,2023,20.0,Công nghệ thông tin
175430,VUI,cong-nghe-thong-tin,A00,Điểm thi THPT,2023,18.0,Công nghệ thông tin
175431,VUI,cong-nghe-thong-tin,A01,Điểm thi THPT,2023,18.0,Công nghệ thông tin
175432,VUI,cong-nghe-thong-tin,A21,Điểm thi THPT,2023,18.0,Công nghệ thông tin
175433,VUI,cong-nghe-thong-tin,D01,Điểm thi THPT,2023,18.0,Công nghệ thông tin
175434,VUI,cong-nghe-thong-tin,A00,Điểm học bạ,2024,19.0,Công nghệ thông tin
175435,VUI,cong-nghe-thong-tin,A01,Điểm học bạ,2024,19.0,Công nghệ thông tin
175436,VUI,cong-nghe-thong-tin,A21,Điểm học bạ,2024,19.0,Công nghệ thông tin
175437,VUI,cong-nghe-thong-tin,D01,Điểm học bạ,2024,19.0,Công nghệ thông tin
175438,VUI,cong-nghe-thong-tin,A00,Điểm thi THPT,2024,17.0,Công nghệ thông tin
175439,VUI,cong-nghe-thong-tin,A01,Điểm thi THPT,2024,17.0,Công nghệ thông tin
175440,VUI,cong-nghe-thong-tin,A21,Điểm thi THPT,2024,17.0,Công nghệ thông tin
175441,VUI,cong-nghe-thong-tin,D01,Điểm thi THPT,2024,17.0,Công nghệ thông tin
175442,VUI,cong-nghe-thong-tin,A00,Điểm học bạ,2025,18.0,Công nghệ thông tin
175443,VUI,cong-nghe-thong-tin,A01,Điểm học bạ,2025,18.0,Công nghệ thông tin
175444,VUI,cong-nghe-thong-tin,D01,Điểm học bạ,2025,18.0,Công nghệ thông tin
175445,VUI,cong-nghe-thong-tin,X06,Điểm học bạ,2025,18.0,Công nghệ thông tin
175446,VUI,cong-nghe-thong-tin,X07,Điểm học bạ,2025,18.0,Công nghệ thông tin
175447,VUI,cong-nghe-thong-tin,X08,Điểm học bạ,2025,18.0,Công nghệ thông tin
175448,VUI,cong-nghe-thong-tin,X11,Điểm học bạ,2025,18.0,Công nghệ thông tin
175449,VUI,cong-nghe-thong-tin,X12,Điểm học bạ,2025,18.0,Công nghệ thông tin
175450,VUI,cong-nghe-thong-tin,X56,Điểm học bạ,2025,18.0,Công nghệ thông tin
175451,VUI,cong-nghe-thong-tin,X57,Điểm học bạ,2025,18.0,Công nghệ thông tin
175452,VUI,cong-nghe-thong-tin,A00,Điểm thi THPT,2025,15.0,Công nghệ thông tin
175453,VUI,cong-nghe-thong-tin,A01,Điểm thi THPT,2025,15.0,Công nghệ thông tin
175454,VUI,cong-nghe-thong-tin,D01,Điểm thi THPT,2025,15.0,Công nghệ thông tin
175455,VUI,cong-nghe-thong-tin,X06,Điểm thi THPT,2025,15.0,Công nghệ thông tin
175456,VUI,cong-nghe-thong-tin,X07,Điểm thi THPT,2025,15.0,Công nghệ thông tin
175457,VUI,cong-nghe-thong-tin,X08,Điểm thi THPT,2025,15.0,Công nghệ thông tin
175458,VUI,cong-nghe-thong-tin,X11,Điểm thi THPT,2025,15.0,Công nghệ thông tin
175459,VUI,cong-nghe-thong-tin,X12,Điểm thi THPT,2025,15.0,Công nghệ thông tin
175460,VUI,cong-nghe-thong-tin,X56,Điểm thi THPT,2025,15.0,Công nghệ thông tin
175461,VUI,cong-nghe-thong-tin,X57,Điểm thi THPT,2025,15.0,Công nghệ thông tin
175462,VUI,cong-nghe-thuc-pham,A00,Điểm học bạ,2022,18.0,Công nghệ thực phẩm
175463,VUI,cong-nghe-thuc-pham,A01,Điểm học bạ,2022,18.0,Công nghệ thực phẩm
175464,VUI,cong-nghe-thuc-pham,A21,Điểm học bạ,2022,18.0,Công nghệ thực phẩm
175465,VUI,cong-nghe-thuc-pham,D01,Điểm học bạ,2022,18.0,Công nghệ thực phẩm
175466,VUI,cong-nghe-thuc-pham,A00,Điểm thi THPT,2022,15.0,Công nghệ thực phẩm
175467,VUI,cong-nghe-thuc-pham,A01,Điểm thi THPT,2022,15.0,Công nghệ thực phẩm
175468,VUI,cong-nghe-thuc-pham,A21,Điểm thi THPT,2022,15.0,Công nghệ thực phẩm
175469,VUI,cong-nghe-thuc-pham,D01,Điểm thi THPT,2022,15.0,Công nghệ thực phẩm
175470,VUI,cong-nghe-thuc-pham,A00,Điểm học bạ,2023,18.0,Công nghệ thực phẩm
175471,VUI,cong-nghe-thuc-pham,A01,Điểm học bạ,2023,18.0,Công nghệ thực phẩm
175472,VUI,cong-nghe-thuc-pham,A21,Điểm học bạ,2023,18.0,Công nghệ thực phẩm
175473,VUI,cong-nghe-thuc-pham,D01,Điểm học bạ,2023,18.0,Công nghệ thực phẩm
175474,VUI,cong-nghe-thuc-pham,A00,Điểm thi THPT,2023,16.0,Công nghệ thực phẩm
175475,VUI,cong-nghe-thuc-pham,A01,Điểm thi THPT,2023,16.0,Công nghệ thực phẩm
175476,VUI,cong-nghe-thuc-pham,A21,Điểm thi THPT,2023,16.0,Công nghệ thực phẩm
175477,VUI,cong-nghe-thuc-pham,D01,Điểm thi THPT,2023,16.0,Công nghệ thực phẩm
175478,VUI,cong-nghe-thuc-pham,A00,Điểm học bạ,2024,18.0,Công nghệ thực phẩm
175479,VUI,cong-nghe-thuc-pham,A01,Điểm học bạ,2024,18.0,Công nghệ thực phẩm
175480,VUI,cong-nghe-thuc-pham,A21,Điểm học bạ,2024,18.0,Công nghệ thực phẩm
175481,VUI,cong-nghe-thuc-pham,D01,Điểm học bạ,2024,18.0,Công nghệ thực phẩm
175482,VUI,cong-nghe-thuc-pham,A00,Điểm thi THPT,2024,16.0,Công nghệ thực phẩm
175483,VUI,cong-nghe-thuc-pham,A01,Điểm thi THPT,2024,16.0,Công nghệ thực phẩm
175484,VUI,cong-nghe-thuc-pham,A21,Điểm thi THPT,2024,16.0,Công nghệ thực phẩm
175485,VUI,cong-nghe-thuc-pham,D01,Điểm thi THPT,2024,16.0,Công nghệ thực phẩm
175486,VUI,cong-nghe-thuc-pham,A00,Điểm học bạ,2025,18.0,Công nghệ thực phẩm
175487,VUI,cong-nghe-thuc-pham,A01,Điểm học bạ,2025,18.0,Công nghệ thực phẩm
175488,VUI,cong-nghe-thuc-pham,B00,Điểm học bạ,2025,18.0,Công nghệ thực phẩm
175489,VUI,cong-nghe-thuc-pham,D01,Điểm học bạ,2025,18.0,Công nghệ thực phẩm
175490,VUI,cong-nghe-thuc-pham,X06,Điểm học bạ,2025,18.0,Công nghệ thực phẩm
175491,VUI,cong-nghe-thuc-pham,X56,Điểm học bạ,2025,18.0,Công nghệ thực phẩm
175492,VUI,cong-nghe-thuc-pham,X57,Điểm học bạ,2025,18.0,Công nghệ thực phẩm
175493,VUI,cong-nghe-thuc-pham,A00,Điểm thi THPT,2025,15.0,Công nghệ thực phẩm
175494,VUI,cong-nghe-thuc-pham,A01,Điểm thi THPT,2025,15.0,Công nghệ thực phẩm
175495,VUI,cong-nghe-thuc-pham,B00,Điểm thi THPT,2025,15.0,Công nghệ thực phẩm
175496,VUI,cong-nghe-thuc-pham,D01,Điểm thi THPT,2025,15.0,Công nghệ thực phẩm
175497,VUI,cong-nghe-thuc-pham,X06,Điểm thi THPT,2025,15.0,Công nghệ thực phẩm
175498,VUI,cong-nghe-thuc-pham,X56,Điểm thi THPT,2025,15.0,Công nghệ thực phẩm
175499,VUI,cong-nghe-thuc-pham,X57,Điểm thi THPT,2025,15.0,Công nghệ thực phẩm
175500,VUI,hoa-hoc,A00,Điểm học bạ,2021,18.0,Hoá học
175501,VUI,hoa-hoc,A01,Điểm học bạ,2021,18.0,Hoá học
175502,VUI,hoa-hoc,B00,Điểm học bạ,2021,18.0,Hoá học
175503,VUI,hoa-hoc,A00,Điểm thi THPT,2021,15.0,Hoá học
175504,VUI,hoa-hoc,A01,Điểm thi THPT,2021,15.0,Hoá học
175505,VUI,hoa-hoc,B00,Điểm thi THPT,2021,15.0,Hoá học
175506,VUI,hoa-hoc,A00,Điểm học bạ,2022,18.0,Hóa học (Hóa phân tích)
175507,VUI,hoa-hoc,A01,Điểm học bạ,2022,18.0,Hóa học (Hóa phân tích)
175508,VUI,hoa-hoc,A21,Điểm học bạ,2022,18.0,Hóa học (Hóa phân tích)
175509,VUI,hoa-hoc,D01,Điểm học bạ,2022,18.0,Hóa học (Hóa phân tích)
175510,VUI,hoa-hoc,A00,Điểm thi THPT,2022,15.0,Hóa học (Hóa phân tích)
175511,VUI,hoa-hoc,A01,Điểm thi THPT,2022,15.0,Hóa học (Hóa phân tích)
175512,VUI,hoa-hoc,A21,Điểm thi THPT,2022,15.0,Hóa học (Hóa phân tích)
175513,VUI,hoa-hoc,D01,Điểm thi THPT,2022,15.0,Hóa học (Hóa phân tích)
175514,VUI,hoa-hoc,A00,Điểm học bạ,2023,18.0,Hóa học (Hóa phân tích)
175515,VUI,hoa-hoc,A01,Điểm học bạ,2023,18.0,Hóa học (Hóa phân tích)
175516,VUI,hoa-hoc,A21,Điểm học bạ,2023,18.0,Hóa học (Hóa phân tích)
175517,VUI,hoa-hoc,D01,Điểm học bạ,2023,18.0,Hóa học (Hóa phân tích)
175518,VUI,hoa-hoc,A00,Điểm thi THPT,2023,16.0,Hóa học (Hóa phân tích)
175519,VUI,hoa-hoc,A01,Điểm thi THPT,2023,16.0,Hóa học (Hóa phân tích)
175520,VUI,hoa-hoc,A21,Điểm thi THPT,2023,16.0,Hóa học (Hóa phân tích)
175521,VUI,hoa-hoc,D01,Điểm thi THPT,2023,16.0,Hóa học (Hóa phân tích)
175522,VUI,hoa-hoc,A00,Điểm học bạ,2024,18.0,Hóa học (Hóa phân tích)
175523,VUI,hoa-hoc,A01,Điểm học bạ,2024,18.0,Hóa học (Hóa phân tích)
175524,VUI,hoa-hoc,A21,Điểm học bạ,2024,18.0,Hóa học (Hóa phân tích)
175525,VUI,hoa-hoc,D01,Điểm học bạ,2024,18.0,Hóa học (Hóa phân tích)
175526,VUI,hoa-hoc,A00,Điểm thi THPT,2024,16.0,Hóa học (Hóa phân tích)
175527,VUI,hoa-hoc,A01,Điểm thi THPT,2024,16.0,Hóa học (Hóa phân tích)
175528,VUI,hoa-hoc,A21,Điểm thi THPT,2024,16.0,Hóa học (Hóa phân tích)
175529,VUI,hoa-hoc,D01,Điểm thi THPT,2024,16.0,Hóa học (Hóa phân tích)
175530,VUI,hoa-hoc,A00,Điểm học bạ,2025,18.0,Hóa học (Hóa phân tích)
175531,VUI,hoa-hoc,A01,Điểm học bạ,2025,18.0,Hóa học (Hóa phân tích)
175532,VUI,hoa-hoc,B00,Điểm học bạ,2025,18.0,Hóa học (Hóa phân tích)
175533,VUI,hoa-hoc,D01,Điểm học bạ,2025,18.0,Hóa học (Hóa phân tích)
175534,VUI,hoa-hoc,X06,Điểm học bạ,2025,18.0,Hóa học (Hóa phân tích)
175535,VUI,hoa-hoc,X56,Điểm học bạ,2025,18.0,Hóa học (Hóa phân tích)
175536,VUI,hoa-hoc,X57,Điểm học bạ,2025,18.0,Hóa học (Hóa phân tích)
175537,VUI,hoa-hoc,A00,Điểm thi THPT,2025,15.0,Hóa học (Hóa phân tích)
175538,VUI,hoa-hoc,A01,Điểm thi THPT,2025,15.0,Hóa học (Hóa phân tích)
175539,VUI,hoa-hoc,B00,Điểm thi THPT,2025,15.0,Hóa học (Hóa phân tích)
175540,VUI,hoa-hoc,D01,Điểm thi THPT,2025,15.0,Hóa học (Hóa phân tích)
175541,VUI,hoa-hoc,X06,Điểm thi THPT,2025,15.0,Hóa học (Hóa phân tích)
175542,VUI,hoa-hoc,X56,Điểm thi THPT,2025,15.0,Hóa học (Hóa phân tích)
175543,VUI,hoa-hoc,X57,Điểm thi THPT,2025,15.0,Hóa học (Hóa phân tích)
175544,VUI,ke-toan,A00,Điểm học bạ,2021,18.0,Kế toán
175545,VUI,ke-toan,C00,Điểm học bạ,2021,18.0,Kế toán
175546,VUI,ke-toan,D01,Điểm học bạ,2021,18.0,Kế toán
175547,VUI,ke-toan,A00,Điểm thi THPT,2021,15.0,Kế toán
175548,VUI,ke-toan,C00,Điểm thi THPT,2021,15.0,Kế toán
175549,VUI,ke-toan,D01,Điểm thi THPT,2021,15.0,Kế toán
175550,VUI,ke-toan,A21,Điểm học bạ,2022,18.0,Kế toán
175551,VUI,ke-toan,C00,Điểm học bạ,2022,18.0,Kế toán
175552,VUI,ke-toan,D01,Điểm học bạ,2022,18.0,Kế toán
175553,VUI,ke-toan,D14,Điểm học bạ,2022,18.0,Kế toán
175554,VUI,ke-toan,A21,Điểm thi THPT,2022,15.0,Kế toán
175555,VUI,ke-toan,C00,Điểm thi THPT,2022,15.0,Kế toán
175556,VUI,ke-toan,D01,Điểm thi THPT,2022,15.0,Kế toán
175557,VUI,ke-toan,D14,Điểm thi THPT,2022,15.0,Kế toán
175558,VUI,ke-toan,A21,Điểm học bạ,2023,20.0,Kế toán
175559,VUI,ke-toan,C00,Điểm học bạ,2023,20.0,Kế toán
175560,VUI,ke-toan,D01,Điểm học bạ,2023,20.0,Kế toán
175561,VUI,ke-toan,D14,Điểm học bạ,2023,20.0,Kế toán
175562,VUI,ke-toan,A21,Điểm thi THPT,2023,17.0,Kế toán
175563,VUI,ke-toan,C00,Điểm thi THPT,2023,17.0,Kế toán
175564,VUI,ke-toan,D01,Điểm thi THPT,2023,17.0,Kế toán
175565,VUI,ke-toan,D14,Điểm thi THPT,2023,17.0,Kế toán
175566,VUI,ke-toan,A21,Điểm học bạ,2024,19.0,Kế toán
175567,VUI,ke-toan,C00,Điểm học bạ,2024,19.0,Kế toán
175568,VUI,ke-toan,D01,Điểm học bạ,2024,19.0,Kế toán
175569,VUI,ke-toan,D14,Điểm học bạ,2024,19.0,Kế toán
175570,VUI,ke-toan,A21,Điểm thi THPT,2024,17.0,Kế toán
175571,VUI,ke-toan,C00,Điểm thi THPT,2024,17.0,Kế toán
175572,VUI,ke-toan,D01,Điểm thi THPT,2024,17.0,Kế toán
175573,VUI,ke-toan,D14,Điểm thi THPT,2024,17.0,Kế toán
175574,VUI,ke-toan,C00,Điểm học bạ,2025,18.0,Kế toán
175575,VUI,ke-toan,D01,Điểm học bạ,2025,18.0,Kế toán
175576,VUI,ke-toan,D14,Điểm học bạ,2025,18.0,Kế toán
175577,VUI,ke-toan,X26,Điểm học bạ,2025,18.0,Kế toán
175578,VUI,ke-toan,X56,Điểm học bạ,2025,18.0,Kế toán
175579,VUI,ke-toan,X57,Điểm học bạ,2025,18.0,Kế toán
175580,VUI,ke-toan,X78,Điểm học bạ,2025,18.0,Kế toán
175581,VUI,ke-toan,C00,Điểm thi THPT,2025,15.0,Kế toán
175582,VUI,ke-toan,D01,Điểm thi THPT,2025,15.0,Kế toán
175583,VUI,ke-toan,D14,Điểm thi THPT,2025,15.0,Kế toán
175584,VUI,ke-toan,X26,Điểm thi THPT,2025,15.0,Kế toán
175585,VUI,ke-toan,X56,Điểm thi THPT,2025,15.0,Kế toán
175586,VUI,ke-toan,X57,Điểm thi THPT,2025,15.0,Kế toán
175587,VUI,ke-toan,X78,Điểm thi THPT,2025,15.0,Kế toán
175588,VUI,ngon-ngu-anh,A01,Điểm học bạ,2021,18.0,Ngôn ngữ Anh
175589,VUI,ngon-ngu-anh,D01,Điểm học bạ,2021,18.0,Ngôn ngữ Anh
175590,VUI,ngon-ngu-anh,A01,Điểm thi THPT,2021,15.0,Ngôn ngữ Anh
175591,VUI,ngon-ngu-anh,D01,Điểm thi THPT,2021,15.0,Ngôn ngữ Anh
175592,VUI,ngon-ngu-anh,A01,Điểm học bạ,2022,18.0,Ngôn ngữ Anh
175593,VUI,ngon-ngu-anh,D01,Điểm học bạ,2022,18.0,Ngôn ngữ Anh
175594,VUI,ngon-ngu-anh,D14,Điểm học bạ,2022,18.0,Ngôn ngữ Anh
175595,VUI,ngon-ngu-anh,K01,Điểm học bạ,2022,18.0,Ngôn ngữ Anh
175596,VUI,ngon-ngu-anh,A01,Điểm thi THPT,2022,15.0,Ngôn ngữ Anh
175597,VUI,ngon-ngu-anh,D01,Điểm thi THPT,2022,15.0,Ngôn ngữ Anh
175598,VUI,ngon-ngu-anh,D14,Điểm thi THPT,2022,15.0,Ngôn ngữ Anh
175599,VUI,ngon-ngu-anh,K01,Điểm thi THPT,2022,15.0,Ngôn ngữ Anh
175600,VUI,ngon-ngu-anh,A01,Điểm học bạ,2023,20.0,Ngôn ngữ Anh
175601,VUI,ngon-ngu-anh,D01,Điểm học bạ,2023,20.0,Ngôn ngữ Anh
175602,VUI,ngon-ngu-anh,D14,Điểm học bạ,2023,20.0,Ngôn ngữ Anh
175603,VUI,ngon-ngu-anh,K01,Điểm học bạ,2023,20.0,Ngôn ngữ Anh
175604,VUI,ngon-ngu-anh,A01,Điểm thi THPT,2023,17.0,Ngôn ngữ Anh
175605,VUI,ngon-ngu-anh,D01,Điểm thi THPT,2023,17.0,Ngôn ngữ Anh
175606,VUI,ngon-ngu-anh,D14,Điểm thi THPT,2023,17.0,Ngôn ngữ Anh
175607,VUI,ngon-ngu-anh,K01,Điểm thi THPT,2023,17.0,Ngôn ngữ Anh
175608,VUI,ngon-ngu-anh,A01,Điểm học bạ,2024,19.0,Ngôn ngữ Anh
175609,VUI,ngon-ngu-anh,D01,Điểm học bạ,2024,19.0,Ngôn ngữ Anh
175610,VUI,ngon-ngu-anh,D14,Điểm học bạ,2024,19.0,Ngôn ngữ Anh
175611,VUI,ngon-ngu-anh,K01,Điểm học bạ,2024,19.0,Ngôn ngữ Anh
175612,VUI,ngon-ngu-anh,A01,Điểm thi THPT,2024,17.0,Ngôn ngữ Anh
175613,VUI,ngon-ngu-anh,D01,Điểm thi THPT,2024,17.0,Ngôn ngữ Anh
175614,VUI,ngon-ngu-anh,D14,Điểm thi THPT,2024,17.0,Ngôn ngữ Anh
175615,VUI,ngon-ngu-anh,K01,Điểm thi THPT,2024,17.0,Ngôn ngữ Anh
175616,VUI,ngon-ngu-anh,D01,Điểm học bạ,2025,18.0,Ngôn ngữ Anh
175617,VUI,ngon-ngu-anh,D04,Điểm học bạ,2025,18.0,Ngôn ngữ Anh
175618,VUI,ngon-ngu-anh,D14,Điểm học bạ,2025,18.0,Ngôn ngữ Anh
175619,VUI,ngon-ngu-anh,D15,Điểm học bạ,2025,18.0,Ngôn ngữ Anh
175620,VUI,ngon-ngu-anh,X26,Điểm học bạ,2025,18.0,Ngôn ngữ Anh
175621,VUI,ngon-ngu-anh,X78,Điểm học bạ,2025,18.0,Ngôn ngữ Anh
175622,VUI,ngon-ngu-anh,X79,Điểm học bạ,2025,18.0,Ngôn ngữ Anh
175623,VUI,ngon-ngu-anh,D01,Điểm thi THPT,2025,15.0,Ngôn ngữ Anh
175624,VUI,ngon-ngu-anh,D04,Điểm thi THPT,2025,15.0,Ngôn ngữ Anh
175625,VUI,ngon-ngu-anh,D14,Điểm thi THPT,2025,15.0,Ngôn ngữ Anh
175626,VUI,ngon-ngu-anh,D15,Điểm thi THPT,2025,15.0,Ngôn ngữ Anh
175627,VUI,ngon-ngu-anh,X26,Điểm thi THPT,2025,15.0,Ngôn ngữ Anh
175628,VUI,ngon-ngu-anh,X78,Điểm thi THPT,2025,15.0,Ngôn ngữ Anh
175629,VUI,ngon-ngu-anh,X79,Điểm thi THPT,2025,15.0,Ngôn ngữ Anh
175630,VUI,ngon-ngu-trung-quoc,D01,Điểm học bạ,2024,19.0,Ngôn ngữ Trung Quốc
175631,VUI,ngon-ngu-trung-quoc,D14,Điểm học bạ,2024,19.0,Ngôn ngữ Trung Quốc
175632,VUI,ngon-ngu-trung-quoc,D15,Điểm học bạ,2024,19.0,Ngôn ngữ Trung Quốc
175633,VUI,ngon-ngu-trung-quoc,K01,Điểm học bạ,2024,19.0,Ngôn ngữ Trung Quốc
175634,VUI,ngon-ngu-trung-quoc,D01,Điểm thi THPT,2024,17.0,Ngôn ngữ Trung Quốc
175635,VUI,ngon-ngu-trung-quoc,D14,Điểm thi THPT,2024,17.0,Ngôn ngữ Trung Quốc
175636,VUI,ngon-ngu-trung-quoc,D15,Điểm thi THPT,2024,17.0,Ngôn ngữ Trung Quốc
175637,VUI,ngon-ngu-trung-quoc,K01,Điểm thi THPT,2024,17.0,Ngôn ngữ Trung Quốc
175638,VUI,ngon-ngu-trung-quoc,D01,Điểm học bạ,2025,18.0,Ngôn ngữ Trung Quốc
175639,VUI,ngon-ngu-trung-quoc,D04,Điểm học bạ,2025,18.0,Ngôn ngữ Trung Quốc
175640,VUI,ngon-ngu-trung-quoc,D14,Điểm học bạ,2025,18.0,Ngôn ngữ Trung Quốc
175641,VUI,ngon-ngu-trung-quoc,D15,Điểm học bạ,2025,18.0,Ngôn ngữ Trung Quốc
175642,VUI,ngon-ngu-trung-quoc,X26,Điểm học bạ,2025,18.0,Ngôn ngữ Trung Quốc
175643,VUI,ngon-ngu-trung-quoc,X78,Điểm học bạ,2025,18.0,Ngôn ngữ Trung Quốc
175644,VUI,ngon-ngu-trung-quoc,X79,Điểm học bạ,2025,18.0,Ngôn ngữ Trung Quốc
175645,VUI,ngon-ngu-trung-quoc,D01,Điểm thi THPT,2025,15.0,Ngôn ngữ Trung Quốc
175646,VUI,ngon-ngu-trung-quoc,D04,Điểm thi THPT,2025,15.0,Ngôn ngữ Trung Quốc
175647,VUI,ngon-ngu-trung-quoc,D14,Điểm thi THPT,2025,15.0,Ngôn ngữ Trung Quốc
175648,VUI,ngon-ngu-trung-quoc,D15,Điểm thi THPT,2025,15.0,Ngôn ngữ Trung Quốc
175649,VUI,ngon-ngu-trung-quoc,X26,Điểm thi THPT,2025,15.0,Ngôn ngữ Trung Quốc
175650,VUI,ngon-ngu-trung-quoc,X78,Điểm thi THPT,2025,15.0,Ngôn ngữ Trung Quốc
175651,VUI,ngon-ngu-trung-quoc,X79,Điểm thi THPT,2025,15.0,Ngôn ngữ Trung Quốc
175652,VUI,quan-tri-kinh-doanh,A00,Điểm học bạ,2021,18.0,Quản trị kinh doanh
175653,VUI,quan-tri-kinh-doanh,C00,Điểm học bạ,2021,18.0,Quản trị kinh doanh
175654,VUI,quan-tri-kinh-doanh,D01,Điểm học bạ,2021,18.0,Quản trị kinh doanh
175655,VUI,quan-tri-kinh-doanh,A00,Điểm thi THPT,2021,15.0,Quản trị kinh doanh
175656,VUI,quan-tri-kinh-doanh,C00,Điểm thi THPT,2021,15.0,Quản trị kinh doanh
175657,VUI,quan-tri-kinh-doanh,D01,Điểm thi THPT,2021,15.0,Quản trị kinh doanh
175658,VUI,quan-tri-kinh-doanh,A21,Điểm học bạ,2022,18.0,Quản trị kinh doanh
175659,VUI,quan-tri-kinh-doanh,C00,Điểm học bạ,2022,18.0,Quản trị kinh doanh
175660,VUI,quan-tri-kinh-doanh,D01,Điểm học bạ,2022,18.0,Quản trị kinh doanh
175661,VUI,quan-tri-kinh-doanh,D14,Điểm học bạ,2022,18.0,Quản trị kinh doanh
175662,VUI,quan-tri-kinh-doanh,A21,Điểm thi THPT,2022,15.0,Quản trị kinh doanh
175663,VUI,quan-tri-kinh-doanh,C00,Điểm thi THPT,2022,15.0,Quản trị kinh doanh
175664,VUI,quan-tri-kinh-doanh,D01,Điểm thi THPT,2022,15.0,Quản trị kinh doanh
175665,VUI,quan-tri-kinh-doanh,D14,Điểm thi THPT,2022,15.0,Quản trị kinh doanh
175666,VUI,quan-tri-kinh-doanh,A21,Điểm học bạ,2023,18.0,Quản trị kinh doanh
175667,VUI,quan-tri-kinh-doanh,C00,Điểm học bạ,2023,18.0,Quản trị kinh doanh
175668,VUI,quan-tri-kinh-doanh,D01,Điểm học bạ,2023,18.0,Quản trị kinh doanh
175669,VUI,quan-tri-kinh-doanh,D14,Điểm học bạ,2023,18.0,Quản trị kinh doanh
175670,VUI,quan-tri-kinh-doanh,A21,Điểm thi THPT,2023,16.0,Quản trị kinh doanh
175671,VUI,quan-tri-kinh-doanh,C00,Điểm thi THPT,2023,16.0,Quản trị kinh doanh
175672,VUI,quan-tri-kinh-doanh,D01,Điểm thi THPT,2023,16.0,Quản trị kinh doanh
175673,VUI,quan-tri-kinh-doanh,D14,Điểm thi THPT,2023,16.0,Quản trị kinh doanh
175674,VUI,quan-tri-kinh-doanh,A21,Điểm học bạ,2024,18.0,Quản trị kinh doanh
175675,VUI,quan-tri-kinh-doanh,C00,Điểm học bạ,2024,18.0,Quản trị kinh doanh
175676,VUI,quan-tri-kinh-doanh,D01,Điểm học bạ,2024,18.0,Quản trị kinh doanh
175677,VUI,quan-tri-kinh-doanh,D14,Điểm học bạ,2024,18.0,Quản trị kinh doanh
175678,VUI,quan-tri-kinh-doanh,A21,Điểm thi THPT,2024,16.0,Quản trị kinh doanh
175679,VUI,quan-tri-kinh-doanh,C00,Điểm thi THPT,2024,16.0,Quản trị kinh doanh
175680,VUI,quan-tri-kinh-doanh,D01,Điểm thi THPT,2024,16.0,Quản trị kinh doanh
175681,VUI,quan-tri-kinh-doanh,D14,Điểm thi THPT,2024,16.0,Quản trị kinh doanh
175682,VUI,quan-tri-kinh-doanh,C00,Điểm học bạ,2025,18.0,Quản trị kinh doanh
175683,VUI,quan-tri-kinh-doanh,D01,Điểm học bạ,2025,18.0,Quản trị kinh doanh
175684,VUI,quan-tri-kinh-doanh,D14,Điểm học bạ,2025,18.0,Quản trị kinh doanh
175685,VUI,quan-tri-kinh-doanh,X26,Điểm học bạ,2025,18.0,Quản trị kinh doanh
175686,VUI,quan-tri-kinh-doanh,X56,Điểm học bạ,2025,18.0,Quản trị kinh doanh
175687,VUI,quan-tri-kinh-doanh,X57,Điểm học bạ,2025,18.0,Quản trị kinh doanh
175688,VUI,quan-tri-kinh-doanh,X78,Điểm học bạ,2025,18.0,Quản trị kinh doanh
175689,VUI,quan-tri-kinh-doanh,C00,Điểm thi THPT,2025,15.0,Quản trị kinh doanh
175690,VUI,quan-tri-kinh-doanh,D01,Điểm thi THPT,2025,15.0,Quản trị kinh doanh
175691,VUI,quan-tri-kinh-doanh,D14,Điểm thi THPT,2025,15.0,Quản trị kinh doanh
175692,VUI,quan-tri-kinh-doanh,X26,Điểm thi THPT,2025,15.0,Quản trị kinh doanh
175693,VUI,quan-tri-kinh-doanh,X56,Điểm thi THPT,2025,15.0,Quản trị kinh doanh
175694,VUI,quan-tri-kinh-doanh,X57,Điểm thi THPT,2025,15.0,Quản trị kinh doanh
175695,VUI,quan-tri-kinh-doanh,X78,Điểm thi THPT,2025,15.0,Quản trị kinh doanh
175696,XDA,cong-nghe-ky-thuat-vat-lieu-xay-dung,A00,Điểm thi THPT,2021,16.0,Ngành Công nghệ kỹ thuật Vật liệu xây dựng
175697,XDA,cong-nghe-ky-thuat-vat-lieu-xay-dung,B00,Điểm thi THPT,2021,16.0,Ngành Công nghệ kỹ thuật Vật liệu xây dựng
175698,XDA,cong-nghe-ky-thuat-vat-lieu-xay-dung,D07,Điểm thi THPT,2021,16.0,Ngành Công nghệ kỹ thuật Vật liệu xây dựng
175699,XDA,cong-nghe-ky-thuat-vat-lieu-xay-dung,A00,Điểm thi THPT,2022,16.0,Công nghệ kỹ thuật Vật liệu xây dựng
175700,XDA,cong-nghe-ky-thuat-vat-lieu-xay-dung,A01,Điểm thi THPT,2022,16.0,Công nghệ kỹ thuật Vật liệu xây dựng
175701,XDA,cong-nghe-ky-thuat-vat-lieu-xay-dung,B00,Điểm thi THPT,2022,16.0,Công nghệ kỹ thuật Vật liệu xây dựng
175702,XDA,cong-nghe-ky-thuat-vat-lieu-xay-dung,D07,Điểm thi THPT,2022,16.0,Công nghệ kỹ thuật Vật liệu xây dựng
175703,XDA,cong-nghe-ky-thuat-vat-lieu-xay-dung,A00,Điểm học bạ,2023,26.45,Công nghệ kỹ thuật Vật liệu xây dựng
175704,XDA,cong-nghe-ky-thuat-vat-lieu-xay-dung,A01,Điểm học bạ,2023,26.45,Công nghệ kỹ thuật Vật liệu xây dựng
175705,XDA,cong-nghe-ky-thuat-vat-lieu-xay-dung,B00,Điểm học bạ,2023,26.45,Công nghệ kỹ thuật Vật liệu xây dựng
175706,XDA,cong-nghe-ky-thuat-vat-lieu-xay-dung,D07,Điểm học bạ,2023,26.45,Công nghệ kỹ thuật Vật liệu xây dựng
175707,XDA,cong-nghe-ky-thuat-vat-lieu-xay-dung,A00,Điểm thi THPT,2023,17.0,Công nghệ kỹ thuật Vật liệu xây dựng
175708,XDA,cong-nghe-ky-thuat-vat-lieu-xay-dung,A01,Điểm thi THPT,2023,17.0,Công nghệ kỹ thuật Vật liệu xây dựng
175709,XDA,cong-nghe-ky-thuat-vat-lieu-xay-dung,B00,Điểm thi THPT,2023,17.0,Công nghệ kỹ thuật Vật liệu xây dựng
175710,XDA,cong-nghe-ky-thuat-vat-lieu-xay-dung,D07,Điểm thi THPT,2023,17.0,Công nghệ kỹ thuật Vật liệu xây dựng
175711,XDA,cong-nghe-ky-thuat-vat-lieu-xay-dung,A00,Điểm học bạ,2024,22.5,Công nghệ kỹ thuật Vật liệu xây dựng
175712,XDA,cong-nghe-ky-thuat-vat-lieu-xay-dung,A01,Điểm học bạ,2024,22.5,Công nghệ kỹ thuật Vật liệu xây dựng
175713,XDA,cong-nghe-ky-thuat-vat-lieu-xay-dung,B00,Điểm học bạ,2024,22.5,Công nghệ kỹ thuật Vật liệu xây dựng
175714,XDA,cong-nghe-ky-thuat-vat-lieu-xay-dung,D07,Điểm học bạ,2024,22.5,Công nghệ kỹ thuật Vật liệu xây dựng
175715,XDA,cong-nghe-ky-thuat-vat-lieu-xay-dung,A00,Điểm thi THPT,2024,19.75,Công nghệ Kỹ thuật Vật liệu xây dựng
175716,XDA,cong-nghe-ky-thuat-vat-lieu-xay-dung,A01,Điểm thi THPT,2024,19.75,Công nghệ Kỹ thuật Vật liệu xây dựng
175717,XDA,cong-nghe-ky-thuat-vat-lieu-xay-dung,B00,Điểm thi THPT,2024,19.75,Công nghệ Kỹ thuật Vật liệu xây dựng
175718,XDA,cong-nghe-ky-thuat-vat-lieu-xay-dung,D07,Điểm thi THPT,2024,19.75,Công nghệ Kỹ thuật Vật liệu xây dựng
175719,XDA,cong-nghe-ky-thuat-vat-lieu-xay-dung,A00,Điểm học bạ,2025,24.98,Công nghệ kỹ thuật vật liệu xây dựng
175720,XDA,cong-nghe-ky-thuat-vat-lieu-xay-dung,A01,Điểm học bạ,2025,24.98,Công nghệ kỹ thuật vật liệu xây dựng
175721,XDA,cong-nghe-ky-thuat-vat-lieu-xay-dung,A02,Điểm học bạ,2025,24.98,Công nghệ kỹ thuật vật liệu xây dựng
175722,XDA,cong-nghe-ky-thuat-vat-lieu-xay-dung,B00,Điểm học bạ,2025,24.98,Công nghệ kỹ thuật vật liệu xây dựng
175723,XDA,cong-nghe-ky-thuat-vat-lieu-xay-dung,C01,Điểm học bạ,2025,24.98,Công nghệ kỹ thuật vật liệu xây dựng
175724,XDA,cong-nghe-ky-thuat-vat-lieu-xay-dung,C02,Điểm học bạ,2025,24.98,Công nghệ kỹ thuật vật liệu xây dựng
175725,XDA,cong-nghe-ky-thuat-vat-lieu-xay-dung,D07,Điểm học bạ,2025,24.98,Công nghệ kỹ thuật vật liệu xây dựng
175726,XDA,cong-nghe-ky-thuat-vat-lieu-xay-dung,X06,Điểm học bạ,2025,24.98,Công nghệ kỹ thuật vật liệu xây dựng
175727,XDA,cong-nghe-ky-thuat-vat-lieu-xay-dung,X14,Điểm học bạ,2025,24.98,Công nghệ kỹ thuật vật liệu xây dựng
175728,XDA,cong-nghe-ky-thuat-vat-lieu-xay-dung,A00,Điểm thi THPT,2025,23.3,Công nghệ kỹ thuật vật liệu xây dựng
175729,XDA,cong-nghe-ky-thuat-vat-lieu-xay-dung,A01,Điểm thi THPT,2025,23.3,Công nghệ kỹ thuật vật liệu xây dựng
175730,XDA,cong-nghe-ky-thuat-vat-lieu-xay-dung,A02,Điểm thi THPT,2025,23.3,Công nghệ kỹ thuật vật liệu xây dựng
175731,XDA,cong-nghe-ky-thuat-vat-lieu-xay-dung,B00,Điểm thi THPT,2025,23.3,Công nghệ kỹ thuật vật liệu xây dựng
175732,XDA,cong-nghe-ky-thuat-vat-lieu-xay-dung,C01,Điểm thi THPT,2025,23.3,Công nghệ kỹ thuật vật liệu xây dựng
175733,XDA,cong-nghe-ky-thuat-vat-lieu-xay-dung,C02,Điểm thi THPT,2025,23.3,Công nghệ kỹ thuật vật liệu xây dựng
175734,XDA,cong-nghe-ky-thuat-vat-lieu-xay-dung,D07,Điểm thi THPT,2025,23.3,Công nghệ kỹ thuật vật liệu xây dựng
175735,XDA,cong-nghe-ky-thuat-vat-lieu-xay-dung,X06,Điểm thi THPT,2025,23.3,Công nghệ kỹ thuật vật liệu xây dựng
175736,XDA,cong-nghe-ky-thuat-vat-lieu-xay-dung,X14,Điểm thi THPT,2025,23.3,Công nghệ kỹ thuật vật liệu xây dựng
175737,XDA,cong-nghe-ky-thuat-xay-dung,A00,Điểm học bạ,2025,25.2,Công nghệ kỹ thuật xây dựng
175738,XDA,cong-nghe-ky-thuat-xay-dung,A01,Điểm học bạ,2025,25.2,Công nghệ kỹ thuật xây dựng
175739,XDA,cong-nghe-ky-thuat-xay-dung,C01,Điểm học bạ,2025,25.2,Công nghệ kỹ thuật xây dựng
175740,XDA,cong-nghe-ky-thuat-xay-dung,D07,Điểm học bạ,2025,25.2,Công nghệ kỹ thuật xây dựng
175741,XDA,cong-nghe-ky-thuat-xay-dung,X06,Điểm học bạ,2025,25.2,Công nghệ kỹ thuật xây dựng
175742,XDA,cong-nghe-ky-thuat-xay-dung,X26,Điểm học bạ,2025,25.2,Công nghệ kỹ thuật xây dựng
175743,XDA,cong-nghe-ky-thuat-xay-dung,A00,Điểm thi THPT,2025,23.6,Công nghệ kỹ thuật xây dựng
175744,XDA,cong-nghe-ky-thuat-xay-dung,A01,Điểm thi THPT,2025,23.6,Công nghệ kỹ thuật xây dựng
175745,XDA,cong-nghe-ky-thuat-xay-dung,C01,Điểm thi THPT,2025,23.6,Công nghệ kỹ thuật xây dựng
175746,XDA,cong-nghe-ky-thuat-xay-dung,D07,Điểm thi THPT,2025,23.6,Công nghệ kỹ thuật xây dựng
175747,XDA,cong-nghe-ky-thuat-xay-dung,X06,Điểm thi THPT,2025,23.6,Công nghệ kỹ thuật xây dựng
175748,XDA,cong-nghe-ky-thuat-xay-dung,X26,Điểm thi THPT,2025,23.6,Công nghệ kỹ thuật xây dựng
175749,XDA,cong-nghe-thong-tin,A00,Điểm thi THPT,2021,25.35,Ngành Công nghệ thông tin
175750,XDA,cong-nghe-thong-tin,A01,Điểm thi THPT,2021,25.35,Ngành Công nghệ thông tin
175751,XDA,cong-nghe-thong-tin,D07,Điểm thi THPT,2021,25.35,Ngành Công nghệ thông tin
175752,XDA,cong-nghe-thong-tin,A00,Điểm thi THPT,2022,25.4,Công nghệ thông tin
175753,XDA,cong-nghe-thong-tin,A01,Điểm thi THPT,2022,25.4,Công nghệ thông tin
175754,XDA,cong-nghe-thong-tin,D07,Điểm thi THPT,2022,25.4,Công nghệ thông tin
175755,XDA,cong-nghe-thong-tin,A00,Điểm thi THPT,2023,24.25,Công nghệ thông tin
175756,XDA,cong-nghe-thong-tin,A01,Điểm thi THPT,2023,24.25,Công nghệ thông tin
175757,XDA,cong-nghe-thong-tin,D01,Điểm thi THPT,2023,24.25,Công nghệ thông tin
175758,XDA,cong-nghe-thong-tin,D07,Điểm thi THPT,2023,24.25,Công nghệ thông tin
175759,XDA,cong-nghe-thong-tin,A00,Điểm học bạ,2024,27.25,Công nghệ thông tin
175760,XDA,cong-nghe-thong-tin,A01,Điểm học bạ,2024,27.25,Công nghệ thông tin
175761,XDA,cong-nghe-thong-tin,D01,Điểm học bạ,2024,27.25,Công nghệ thông tin
175762,XDA,cong-nghe-thong-tin,D07,Điểm học bạ,2024,27.25,Công nghệ thông tin
175763,XDA,cong-nghe-thong-tin,A00,Điểm thi THPT,2024,24.75,Công nghệ thông tin
175764,XDA,cong-nghe-thong-tin,A01,Điểm thi THPT,2024,24.75,Công nghệ thông tin
175765,XDA,cong-nghe-thong-tin,D01,Điểm thi THPT,2024,24.75,Công nghệ thông tin
175766,XDA,cong-nghe-thong-tin,D07,Điểm thi THPT,2024,24.75,Công nghệ thông tin
175767,XDA,cong-nghe-thong-tin,A00,Điểm học bạ,2025,26.7,Công nghệ thông tin
175768,XDA,cong-nghe-thong-tin,A01,Điểm học bạ,2025,26.7,Công nghệ thông tin
175769,XDA,cong-nghe-thong-tin,C01,Điểm học bạ,2025,26.7,Công nghệ thông tin
175770,XDA,cong-nghe-thong-tin,D01,Điểm học bạ,2025,26.7,Công nghệ thông tin
175771,XDA,cong-nghe-thong-tin,D07,Điểm học bạ,2025,26.7,Công nghệ thông tin
175772,XDA,cong-nghe-thong-tin,X06,Điểm học bạ,2025,26.7,Công nghệ thông tin
175773,XDA,cong-nghe-thong-tin,X26,Điểm học bạ,2025,26.7,Công nghệ thông tin
175774,XDA,cong-nghe-thong-tin,A00,Điểm thi THPT,2025,25.6,Công nghệ thông tin
175775,XDA,cong-nghe-thong-tin,A01,Điểm thi THPT,2025,25.6,Công nghệ thông tin
175776,XDA,cong-nghe-thong-tin,C01,Điểm thi THPT,2025,25.6,Công nghệ thông tin
175777,XDA,cong-nghe-thong-tin,D01,Điểm thi THPT,2025,25.6,Công nghệ thông tin
175778,XDA,cong-nghe-thong-tin,D07,Điểm thi THPT,2025,25.6,Công nghệ thông tin
175779,XDA,cong-nghe-thong-tin,X06,Điểm thi THPT,2025,25.6,Công nghệ thông tin
175780,XDA,cong-nghe-thong-tin,X26,Điểm thi THPT,2025,25.6,Công nghệ thông tin
175781,XDA,cong-nghe-thong-tin-an-toan-thong-tin,A00,Điểm học bạ,2025,26.52,Công nghệ thông tin/ An toàn thông tin
175782,XDA,cong-nghe-thong-tin-an-toan-thong-tin,A01,Điểm học bạ,2025,26.52,Công nghệ thông tin/ An toàn thông tin
175783,XDA,cong-nghe-thong-tin-an-toan-thong-tin,C01,Điểm học bạ,2025,26.52,Công nghệ thông tin/ An toàn thông tin
175784,XDA,cong-nghe-thong-tin-an-toan-thong-tin,D01,Điểm học bạ,2025,26.52,Công nghệ thông tin/ An toàn thông tin
175785,XDA,cong-nghe-thong-tin-an-toan-thong-tin,D07,Điểm học bạ,2025,26.52,Công nghệ thông tin/ An toàn thông tin
175786,XDA,cong-nghe-thong-tin-an-toan-thong-tin,X06,Điểm học bạ,2025,26.52,Công nghệ thông tin/ An toàn thông tin
175787,XDA,cong-nghe-thong-tin-an-toan-thong-tin,X26,Điểm học bạ,2025,26.52,Công nghệ thông tin/ An toàn thông tin
175788,XDA,cong-nghe-thong-tin-an-toan-thong-tin,A00,Điểm thi THPT,2025,25.35,Công nghệ thông tin/ An toàn thông tin
175789,XDA,cong-nghe-thong-tin-an-toan-thong-tin,A01,Điểm thi THPT,2025,25.35,Công nghệ thông tin/ An toàn thông tin
175790,XDA,cong-nghe-thong-tin-an-toan-thong-tin,C01,Điểm thi THPT,2025,25.35,Công nghệ thông tin/ An toàn thông tin
175791,XDA,cong-nghe-thong-tin-an-toan-thong-tin,D01,Điểm thi THPT,2025,25.35,Công nghệ thông tin/ An toàn thông tin
175792,XDA,cong-nghe-thong-tin-an-toan-thong-tin,D07,Điểm thi THPT,2025,25.35,Công nghệ thông tin/ An toàn thông tin
175793,XDA,cong-nghe-thong-tin-an-toan-thong-tin,X06,Điểm thi THPT,2025,25.35,Công nghệ thông tin/ An toàn thông tin
175794,XDA,cong-nghe-thong-tin-an-toan-thong-tin,X26,Điểm thi THPT,2025,25.35,Công nghệ thông tin/ An toàn thông tin
175795,XDA,cong-nghe-thong-tin-cong-nghe-da-phuong-tien,A00,Điểm học bạ,2024,27.25,Công nghệ thông tin/ Công nghê đa phương tiện
175796,XDA,cong-nghe-thong-tin-cong-nghe-da-phuong-tien,A01,Điểm học bạ,2024,27.25,Công nghệ thông tin/ Công nghê đa phương tiện
175797,XDA,cong-nghe-thong-tin-cong-nghe-da-phuong-tien,D01,Điểm học bạ,2024,27.25,Công nghệ thông tin/ Công nghê đa phương tiện
175798,XDA,cong-nghe-thong-tin-cong-nghe-da-phuong-tien,D07,Điểm học bạ,2024,27.25,Công nghệ thông tin/ Công nghê đa phương tiện
175799,XDA,cong-nghe-thong-tin-cong-nghe-da-phuong-tien,A00,Điểm thi THPT,2024,24.0,Công nghệ thông tin/ Công nghệ đa phương tiện
175800,XDA,cong-nghe-thong-tin-cong-nghe-da-phuong-tien,A01,Điểm thi THPT,2024,24.0,Công nghệ thông tin/ Công nghệ đa phương tiện
175801,XDA,cong-nghe-thong-tin-cong-nghe-da-phuong-tien,D01,Điểm thi THPT,2024,24.0,Công nghệ thông tin/ Công nghệ đa phương tiện
175802,XDA,cong-nghe-thong-tin-cong-nghe-da-phuong-tien,D07,Điểm thi THPT,2024,24.0,Công nghệ thông tin/ Công nghệ đa phương tiện
175803,XDA,cong-nghe-thong-tin-cong-nghe-da-phuong-tien,A00,Điểm học bạ,2025,26.33,Công nghệ thông tin/ Công nghệ đa phương tiện (*)
175804,XDA,cong-nghe-thong-tin-cong-nghe-da-phuong-tien,A01,Điểm học bạ,2025,26.33,Công nghệ thông tin/ Công nghệ đa phương tiện (*)
175805,XDA,cong-nghe-thong-tin-cong-nghe-da-phuong-tien,C01,Điểm học bạ,2025,26.33,Công nghệ thông tin/ Công nghệ đa phương tiện (*)
175806,XDA,cong-nghe-thong-tin-cong-nghe-da-phuong-tien,D01,Điểm học bạ,2025,26.33,Công nghệ thông tin/ Công nghệ đa phương tiện (*)
175807,XDA,cong-nghe-thong-tin-cong-nghe-da-phuong-tien,D07,Điểm học bạ,2025,26.33,Công nghệ thông tin/ Công nghệ đa phương tiện (*)
175808,XDA,cong-nghe-thong-tin-cong-nghe-da-phuong-tien,X06,Điểm học bạ,2025,26.33,Công nghệ thông tin/ Công nghệ đa phương tiện (*)
175809,XDA,cong-nghe-thong-tin-cong-nghe-da-phuong-tien,X26,Điểm học bạ,2025,26.33,Công nghệ thông tin/ Công nghệ đa phương tiện (*)
175810,XDA,cong-nghe-thong-tin-cong-nghe-da-phuong-tien,A00,Điểm thi THPT,2025,25.1,Công nghệ thông tin/ Công nghệ đa phương tiện
175811,XDA,cong-nghe-thong-tin-cong-nghe-da-phuong-tien,A01,Điểm thi THPT,2025,25.1,Công nghệ thông tin/ Công nghệ đa phương tiện
175812,XDA,cong-nghe-thong-tin-cong-nghe-da-phuong-tien,C01,Điểm thi THPT,2025,25.1,Công nghệ thông tin/ Công nghệ đa phương tiện
175813,XDA,cong-nghe-thong-tin-cong-nghe-da-phuong-tien,D01,Điểm thi THPT,2025,25.1,Công nghệ thông tin/ Công nghệ đa phương tiện
175814,XDA,cong-nghe-thong-tin-cong-nghe-da-phuong-tien,D07,Điểm thi THPT,2025,25.1,Công nghệ thông tin/ Công nghệ đa phương tiện
175815,XDA,cong-nghe-thong-tin-cong-nghe-da-phuong-tien,X06,Điểm thi THPT,2025,25.1,Công nghệ thông tin/ Công nghệ đa phương tiện
175816,XDA,cong-nghe-thong-tin-cong-nghe-da-phuong-tien,X26,Điểm thi THPT,2025,25.1,Công nghệ thông tin/ Công nghệ đa phương tiện
175817,XDA,ctdt-nghe-thuat-va-thiet-ke,H00,Điểm thi THPT,2025,23.3,CTĐT Nghệ thuật và thiết kế
175818,XDA,ctdt-nghe-thuat-va-thiet-ke,H07,Điểm thi THPT,2025,23.3,CTĐT Nghệ thuật và thiết kế
175819,XDA,ctdt-nghe-thuat-va-thiet-ke,V00,Điểm thi THPT,2025,23.3,CTĐT Nghệ thuật và thiết kế
175820,XDA,ctdt-nghe-thuat-va-thiet-ke,V01,Điểm thi THPT,2025,23.3,CTĐT Nghệ thuật và thiết kế
175821,XDA,ctdt-nghe-thuat-va-thiet-ke,V02,Điểm thi THPT,2025,23.3,CTĐT Nghệ thuật và thiết kế
175822,XDA,khoa-hoc-du-lieu,A00,Điểm học bạ,2025,26.25,Khoa học dữ liệu (*)
175823,XDA,khoa-hoc-du-lieu,A01,Điểm học bạ,2025,26.25,Khoa học dữ liệu (*)
175824,XDA,khoa-hoc-du-lieu,C01,Điểm học bạ,2025,26.25,Khoa học dữ liệu (*)
175825,XDA,khoa-hoc-du-lieu,D01,Điểm học bạ,2025,26.25,Khoa học dữ liệu (*)
175826,XDA,khoa-hoc-du-lieu,D07,Điểm học bạ,2025,26.25,Khoa học dữ liệu (*)
175827,XDA,khoa-hoc-du-lieu,X06,Điểm học bạ,2025,26.25,Khoa học dữ liệu (*)
175828,XDA,khoa-hoc-du-lieu,X26,Điểm học bạ,2025,26.25,Khoa học dữ liệu (*)
175829,XDA,khoa-hoc-du-lieu,A00,Điểm thi THPT,2025,25.0,Khoa học dữ liệu
175830,XDA,khoa-hoc-du-lieu,A01,Điểm thi THPT,2025,25.0,Khoa học dữ liệu
175831,XDA,khoa-hoc-du-lieu,C01,Điểm thi THPT,2025,25.0,Khoa học dữ liệu
175832,XDA,khoa-hoc-du-lieu,D01,Điểm thi THPT,2025,25.0,Khoa học dữ liệu
175833,XDA,khoa-hoc-du-lieu,D07,Điểm thi THPT,2025,25.0,Khoa học dữ liệu
175834,XDA,khoa-hoc-du-lieu,X06,Điểm thi THPT,2025,25.0,Khoa học dữ liệu
175835,XDA,khoa-hoc-du-lieu,X26,Điểm thi THPT,2025,25.0,Khoa học dữ liệu
175836,XDA,khoa-hoc-may-tinh,A00,Điểm thi THPT,2021,25.0,Ngành Khoa học Máy tính
175837,XDA,khoa-hoc-may-tinh,A01,Điểm thi THPT,2021,25.0,Ngành Khoa học Máy tính
175838,XDA,khoa-hoc-may-tinh,D07,Điểm thi THPT,2021,25.0,Ngành Khoa học Máy tính
175839,XDA,khoa-hoc-may-tinh,A00,Điểm thi THPT,2022,24.9,Khoa học Máy tính
175840,XDA,khoa-hoc-may-tinh,A01,Điểm thi THPT,2022,24.9,Khoa học Máy tính
175841,XDA,khoa-hoc-may-tinh,D07,Điểm thi THPT,2022,24.9,Khoa học Máy tính
175842,XDA,khoa-hoc-may-tinh,A00,Điểm học bạ,2023,23.63,Khoa học máy tính ( Chương trình đào tạo liên kết với Đại Học Mississipi - Hoa Kỳ)
175843,XDA,khoa-hoc-may-tinh,A01,Điểm học bạ,2023,23.63,Khoa học máy tính ( Chương trình đào tạo liên kết với Đại Học Mississipi - Hoa Kỳ)
175844,XDA,khoa-hoc-may-tinh,D01,Điểm học bạ,2023,23.63,Khoa học máy tính ( Chương trình đào tạo liên kết với Đại Học Mississipi - Hoa Kỳ)
175845,XDA,khoa-hoc-may-tinh,D07,Điểm học bạ,2023,23.63,Khoa học máy tính ( Chương trình đào tạo liên kết với Đại Học Mississipi - Hoa Kỳ)
175846,XDA,khoa-hoc-may-tinh,A00,Điểm thi THPT,2023,23.91,Khoa học Máy tính
175847,XDA,khoa-hoc-may-tinh,A01,Điểm thi THPT,2023,23.91,Khoa học Máy tính
175848,XDA,khoa-hoc-may-tinh,D01,Điểm thi THPT,2023,23.91,Khoa học Máy tính
175849,XDA,khoa-hoc-may-tinh,D07,Điểm thi THPT,2023,23.91,Khoa học Máy tính
175850,XDA,khoa-hoc-may-tinh,A00,Điểm học bạ,2024,27.25,Khoa học Máy tính
175851,XDA,khoa-hoc-may-tinh,A01,Điểm học bạ,2024,25.5,Khoa học máy tính (Chương trình đào tạo liên kết với Đại học Mississippi _ Hoa Kỳ)
175852,XDA,khoa-hoc-may-tinh,D01,Điểm học bạ,2024,27.25,Khoa học Máy tính
175853,XDA,khoa-hoc-may-tinh,D07,Điểm học bạ,2024,27.25,Khoa học Máy tính
175854,XDA,khoa-hoc-may-tinh,A00,Điểm thi THPT,2024,24.6,Khoa học Máy tính
175855,XDA,khoa-hoc-may-tinh,A01,Điểm thi THPT,2024,24.6,Khoa học Máy tính
175856,XDA,khoa-hoc-may-tinh,D01,Điểm thi THPT,2024,24.6,Khoa học Máy tính
175857,XDA,khoa-hoc-may-tinh,D07,Điểm thi THPT,2024,24.6,Khoa học Máy tính
175858,XDA,khoa-hoc-may-tinh,A00,Điểm học bạ,2025,26.63,Khoa học máy tính
175859,XDA,khoa-hoc-may-tinh,A01,Điểm học bạ,2025,26.63,Khoa học máy tính
175860,XDA,khoa-hoc-may-tinh,C01,Điểm học bạ,2025,26.63,Khoa học máy tính
175861,XDA,khoa-hoc-may-tinh,D01,Điểm học bạ,2025,26.63,Khoa học máy tính
175862,XDA,khoa-hoc-may-tinh,D07,Điểm học bạ,2025,26.63,Khoa học máy tính
175863,XDA,khoa-hoc-may-tinh,X06,Điểm học bạ,2025,26.63,Khoa học máy tính
175864,XDA,khoa-hoc-may-tinh,X26,Điểm học bạ,2025,26.63,Khoa học máy tính
175865,XDA,khoa-hoc-may-tinh,A00,Điểm thi THPT,2025,25.5,Khoa học máy tính
175866,XDA,khoa-hoc-may-tinh,A01,Điểm thi THPT,2025,25.5,Khoa học máy tính
175867,XDA,khoa-hoc-may-tinh,C01,Điểm thi THPT,2025,25.5,Khoa học máy tính
175868,XDA,khoa-hoc-may-tinh,D01,Điểm thi THPT,2025,25.5,Khoa học máy tính
175869,XDA,khoa-hoc-may-tinh,D07,Điểm thi THPT,2025,25.5,Khoa học máy tính
175870,XDA,khoa-hoc-may-tinh,X06,Điểm thi THPT,2025,25.5,Khoa học máy tính
175871,XDA,khoa-hoc-may-tinh,X26,Điểm thi THPT,2025,25.5,Khoa học máy tính
175872,XDA,kien-truc,V00,Điểm thi THPT,2021,22.75,Kiến trúc
175873,XDA,kien-truc,V02,Điểm thi THPT,2021,22.75,Kiến trúc
175874,XDA,kien-truc,V10,Điểm thi THPT,2021,22.75,Kiến trúc
175875,XDA,kien-truc,V00,Điểm thi THPT,2022,20.59,Kiến trúc
175876,XDA,kien-truc,V02,Điểm thi THPT,2022,20.59,Kiến trúc
175877,XDA,kien-truc,V10,Điểm thi THPT,2022,20.59,Kiến trúc
175878,XDA,kien-truc,V00,Điểm thi THPT,2023,21.05,Kiến trúc
175879,XDA,kien-truc,V02,Điểm thi THPT,2023,21.05,Kiến trúc
175880,XDA,kien-truc,V10,Điểm thi THPT,2023,21.05,Kiến trúc
175881,XDA,kien-truc,V00,Điểm thi THPT,2024,21.9,Kiến trúc
175882,XDA,kien-truc,V02,Điểm thi THPT,2024,21.9,Kiến trúc
175883,XDA,kien-truc,V10,Điểm thi THPT,2024,21.9,Kiến trúc
175884,XDA,kien-truc,V00,Điểm thi THPT,2025,21.9,Kiến trúc
175885,XDA,kien-truc,V02,Điểm thi THPT,2025,21.9,Kiến trúc
175886,XDA,kien-truc,V10,Điểm thi THPT,2025,21.9,Kiến trúc
175887,XDA,kien-truc-canh-quan,V00,Điểm thi THPT,2021,21.25,Kiến trúc/ Chuyên ngành Kiến trúc cảnh quan
175888,XDA,kien-truc-canh-quan,V02,Điểm thi THPT,2021,21.25,Kiến trúc/ Chuyên ngành Kiến trúc cảnh quan
175889,XDA,kien-truc-canh-quan,V06,Điểm thi THPT,2021,21.25,Kiến trúc/ Chuyên ngành Kiến trúc cảnh quan
175890,XDA,kien-truc-canh-quan,V00,Điểm thi THPT,2022,18.0,Kiến trúc cảnh quan
175891,XDA,kien-truc-canh-quan,V02,Điểm thi THPT,2022,18.0,Kiến trúc cảnh quan
175892,XDA,kien-truc-canh-quan,V06,Điểm thi THPT,2022,18.0,Kiến trúc cảnh quan
175893,XDA,kien-truc-canh-quan,V00,Điểm thi THPT,2023,19.23,Kiến trúc cảnh quan
175894,XDA,kien-truc-canh-quan,V02,Điểm thi THPT,2023,19.23,Kiến trúc cảnh quan
175895,XDA,kien-truc-canh-quan,V06,Điểm thi THPT,2023,19.23,Kiến trúc cảnh quan
175896,XDA,kien-truc-canh-quan,V00,Điểm thi THPT,2024,21.2,Kiến trúc cảnh quan
175897,XDA,kien-truc-canh-quan,V02,Điểm thi THPT,2024,21.2,Kiến trúc cảnh quan
175898,XDA,kien-truc-canh-quan,V06,Điểm thi THPT,2024,21.2,Kiến trúc cảnh quan
175899,XDA,kien-truc-canh-quan,V00,Điểm thi THPT,2025,20.4,Kiến trúc cảnh quan
175900,XDA,kien-truc-canh-quan,V02,Điểm thi THPT,2025,20.4,Kiến trúc cảnh quan
175901,XDA,kien-truc-canh-quan,V06,Điểm thi THPT,2025,20.4,Kiến trúc cảnh quan
175902,XDA,kien-truc-chuyen-kien-truc-cong-nghe,V00,Điểm thi THPT,2022,20.0,Kiến trúc/ Chuyên Kiến trúc công nghệ
175903,XDA,kien-truc-chuyen-kien-truc-cong-nghe,V02,Điểm thi THPT,2022,20.0,Kiến trúc/ Chuyên Kiến trúc công nghệ
175904,XDA,kien-truc-chuyen-kien-truc-cong-nghe,V00,Điểm thi THPT,2023,20.64,Kiến trúc/ Chuyên Kiến trúc công nghệ
175905,XDA,kien-truc-chuyen-kien-truc-cong-nghe,V02,Điểm thi THPT,2023,20.64,Kiến trúc/ Chuyên Kiến trúc công nghệ
175906,XDA,kien-truc-cong-nghe,V00,Điểm thi THPT,2021,22.25,Kiến trúc/ Chuyên ngành Kiến trúc công nghệ
175907,XDA,kien-truc-cong-nghe,V02,Điểm thi THPT,2021,22.25,Kiến trúc/ Chuyên ngành Kiến trúc công nghệ
175908,XDA,kien-truc-kien-truc-cong-nghe,V00,Điểm thi THPT,2024,21.3,Kiến trúc/ Kiến trúc công nghệ
175909,XDA,kien-truc-kien-truc-cong-nghe,V02,Điểm thi THPT,2024,21.3,Kiến trúc/ Kiến trúc công nghệ
175910,XDA,kien-truc-kien-truc-cong-nghe,V00,Điểm thi THPT,2025,20.5,Kiến trúc/Kiến trúc công nghệ
175911,XDA,kien-truc-kien-truc-cong-nghe,V02,Điểm thi THPT,2025,20.5,Kiến trúc/Kiến trúc công nghệ
175912,XDA,kien-truc-noi-that,V00,Điểm thi THPT,2021,24.0,Kiến trúc/ Chuyên ngành Kiến trúc Nội thất
175913,XDA,kien-truc-noi-that,V02,Điểm thi THPT,2021,24.0,Kiến trúc/ Chuyên ngành Kiến trúc Nội thất
175914,XDA,kien-truc-noi-that,V00,Điểm thi THPT,2022,22.6,Kiến trúc Nội thất
175915,XDA,kien-truc-noi-that,V02,Điểm thi THPT,2022,22.6,Kiến trúc Nội thất
175916,XDA,kien-truc-noi-that,V00,Điểm thi THPT,2023,21.53,Kiến trúc Nội thất
175917,XDA,kien-truc-noi-that,V02,Điểm thi THPT,2023,21.53,Kiến trúc Nội thất
175918,XDA,kien-truc-noi-that,V00,Điểm thi THPT,2024,21.5,Kiến trúc nội thất
175919,XDA,kien-truc-noi-that,V02,Điểm thi THPT,2024,21.5,Kiến trúc nội thất
175920,XDA,kien-truc-noi-that,V00,Điểm thi THPT,2025,21.0,Kiến trúc nội thất
175921,XDA,kien-truc-noi-that,V02,Điểm thi THPT,2025,21.0,Kiến trúc nội thất
175922,XDA,kinh-te-xay-dung,A00,Điểm thi THPT,2021,24.0,Ngành Kinh tế xây dựng
175923,XDA,kinh-te-xay-dung,A01,Điểm thi THPT,2021,24.0,Ngành Kinh tế xây dựng
175924,XDA,kinh-te-xay-dung,D07,Điểm thi THPT,2021,24.0,Ngành Kinh tế xây dựng
175925,XDA,kinh-te-xay-dung,A00,Điểm thi THPT,2022,22.95,Kinh tế xây dựng
175926,XDA,kinh-te-xay-dung,A01,Điểm thi THPT,2022,22.95,Kinh tế xây dựng
175927,XDA,kinh-te-xay-dung,D07,Điểm thi THPT,2022,22.95,Kinh tế xây dựng
175928,XDA,kinh-te-xay-dung,A00,Điểm thi THPT,2023,22.4,Kinh tế xây dựng
175929,XDA,kinh-te-xay-dung,A01,Điểm thi THPT,2023,22.4,Kinh tế xây dựng
175930,XDA,kinh-te-xay-dung,D01,Điểm thi THPT,2023,22.4,Kinh tế xây dựng
175931,XDA,kinh-te-xay-dung,D07,Điểm thi THPT,2023,22.4,Kinh tế xây dựng
175932,XDA,kinh-te-xay-dung,A00,Điểm học bạ,2024,26.0,Kinh tế xây dựng
175933,XDA,kinh-te-xay-dung,A01,Điểm học bạ,2024,26.0,Kinh tế xây dựng
175934,XDA,kinh-te-xay-dung,D01,Điểm học bạ,2024,26.0,Kinh tế xây dựng
175935,XDA,kinh-te-xay-dung,D07,Điểm học bạ,2024,26.0,Kinh tế xây dựng
175936,XDA,kinh-te-xay-dung,A00,Điểm thi THPT,2024,23.9,Kinh tế xây dựng
175937,XDA,kinh-te-xay-dung,A01,Điểm thi THPT,2024,23.9,Kinh tế xây dựng
175938,XDA,kinh-te-xay-dung,D01,Điểm thi THPT,2024,23.9,Kinh tế xây dựng
175939,XDA,kinh-te-xay-dung,D07,Điểm thi THPT,2024,23.9,Kinh tế xây dựng
175940,XDA,kinh-te-xay-dung,A00,Điểm học bạ,2025,26.18,Kinh tế xây dựng
175941,XDA,kinh-te-xay-dung,A01,Điểm học bạ,2025,26.18,Kinh tế xây dựng
175942,XDA,kinh-te-xay-dung,C01,Điểm học bạ,2025,26.18,Kinh tế xây dựng
175943,XDA,kinh-te-xay-dung,D01,Điểm học bạ,2025,26.18,Kinh tế xây dựng
175944,XDA,kinh-te-xay-dung,D07,Điểm học bạ,2025,26.18,Kinh tế xây dựng
175945,XDA,kinh-te-xay-dung,X05,Điểm học bạ,2025,26.18,Kinh tế xây dựng
175946,XDA,kinh-te-xay-dung,X06,Điểm học bạ,2025,26.18,Kinh tế xây dựng
175947,XDA,kinh-te-xay-dung,X26,Điểm học bạ,2025,26.18,Kinh tế xây dựng
175948,XDA,kinh-te-xay-dung,A00,Điểm thi THPT,2025,24.9,Kinh tế xây dựng
175949,XDA,kinh-te-xay-dung,A01,Điểm thi THPT,2025,24.9,Kinh tế xây dựng
175950,XDA,kinh-te-xay-dung,C01,Điểm thi THPT,2025,24.9,Kinh tế xây dựng
175951,XDA,kinh-te-xay-dung,D01,Điểm thi THPT,2025,24.9,Kinh tế xây dựng
175952,XDA,kinh-te-xay-dung,D07,Điểm thi THPT,2025,24.9,Kinh tế xây dựng
175953,XDA,kinh-te-xay-dung,X05,Điểm thi THPT,2025,24.9,Kinh tế xây dựng
175954,XDA,kinh-te-xay-dung,X06,Điểm thi THPT,2025,24.9,Kinh tế xây dựng
175955,XDA,kinh-te-xay-dung,X26,Điểm thi THPT,2025,24.9,Kinh tế xây dựng
175956,XDA,ky-thuat-cap-thoat-nuoc-chuyen-ky-thuat-nuoc-moi-truong-nuoc,A00,Điểm thi THPT,2022,16.0,Kỹ thuật Cấp thoát nước / Chuyên Kỹ thuật nước - Môi trường nước
175957,XDA,ky-thuat-cap-thoat-nuoc-chuyen-ky-thuat-nuoc-moi-truong-nuoc,A01,Điểm thi THPT,2022,16.0,Kỹ thuật Cấp thoát nước / Chuyên Kỹ thuật nước - Môi trường nước
175958,XDA,ky-thuat-cap-thoat-nuoc-chuyen-ky-thuat-nuoc-moi-truong-nuoc,B00,Điểm thi THPT,2022,16.0,Kỹ thuật Cấp thoát nước / Chuyên Kỹ thuật nước - Môi trường nước
175959,XDA,ky-thuat-cap-thoat-nuoc-chuyen-ky-thuat-nuoc-moi-truong-nuoc,D07,Điểm thi THPT,2022,16.0,Kỹ thuật Cấp thoát nước / Chuyên Kỹ thuật nước - Môi trường nước
175960,XDA,ky-thuat-cap-thoat-nuoc-chuyen-ky-thuat-nuoc-moi-truong-nuoc,A00,Điểm thi THPT,2023,17.0,Kỹ thuật cấp thoát nước/ Chuyên Kỹ thuật nước - Môi trường nước
175961,XDA,ky-thuat-cap-thoat-nuoc-chuyen-ky-thuat-nuoc-moi-truong-nuoc,A01,Điểm thi THPT,2023,17.0,Kỹ thuật cấp thoát nước/ Chuyên Kỹ thuật nước - Môi trường nước
175962,XDA,ky-thuat-cap-thoat-nuoc-chuyen-ky-thuat-nuoc-moi-truong-nuoc,B00,Điểm thi THPT,2023,17.0,Kỹ thuật cấp thoát nước/ Chuyên Kỹ thuật nước - Môi trường nước
175963,XDA,ky-thuat-cap-thoat-nuoc-chuyen-ky-thuat-nuoc-moi-truong-nuoc,D07,Điểm thi THPT,2023,17.0,Kỹ thuật cấp thoát nước/ Chuyên Kỹ thuật nước - Môi trường nước
175964,XDA,ky-thuat-cap-thoat-nuoc-chuyen-nganh-ky-thuat-nuoc-moi-truong-nuoc,A00,Điểm thi THPT,2021,16.0,Ngành Kỹ thuật Cấp thoát nước / Chuyên ngành Kỹ thuật nước - Môi trường nước
175965,XDA,ky-thuat-cap-thoat-nuoc-chuyen-nganh-ky-thuat-nuoc-moi-truong-nuoc,A01,Điểm thi THPT,2021,16.0,Ngành Kỹ thuật Cấp thoát nước / Chuyên ngành Kỹ thuật nước - Môi trường nước
175966,XDA,ky-thuat-cap-thoat-nuoc-chuyen-nganh-ky-thuat-nuoc-moi-truong-nuoc,B00,Điểm thi THPT,2021,16.0,Ngành Kỹ thuật Cấp thoát nước / Chuyên ngành Kỹ thuật nước - Môi trường nước
175967,XDA,ky-thuat-cap-thoat-nuoc-chuyen-nganh-ky-thuat-nuoc-moi-truong-nuoc,D07,Điểm thi THPT,2021,16.0,Ngành Kỹ thuật Cấp thoát nước / Chuyên ngành Kỹ thuật nước - Môi trường nước
175968,XDA,ky-thuat-cap-thoat-nuoc-ky-thuat-nuoc-moi-truong-nuoc,A00,Điểm học bạ,2023,23.63,Kỹ thuật Cấp thoát nước/ Kỹ thuật nước - Môi trường nước
175969,XDA,ky-thuat-cap-thoat-nuoc-ky-thuat-nuoc-moi-truong-nuoc,A01,Điểm học bạ,2023,23.63,Kỹ thuật Cấp thoát nước/ Kỹ thuật nước - Môi trường nước
175970,XDA,ky-thuat-cap-thoat-nuoc-ky-thuat-nuoc-moi-truong-nuoc,B00,Điểm học bạ,2023,23.63,Kỹ thuật Cấp thoát nước/ Kỹ thuật nước - Môi trường nước
175971,XDA,ky-thuat-cap-thoat-nuoc-ky-thuat-nuoc-moi-truong-nuoc,D07,Điểm học bạ,2023,23.63,Kỹ thuật Cấp thoát nước/ Kỹ thuật nước - Môi trường nước
175972,XDA,ky-thuat-cap-thoat-nuoc-ky-thuat-nuoc-moi-truong-nuoc,A00,Điểm học bạ,2024,22.5,Kỹ thuật cấp thoát nước/ Kỹ thuật nước _ Môi trường nước
175973,XDA,ky-thuat-cap-thoat-nuoc-ky-thuat-nuoc-moi-truong-nuoc,A01,Điểm học bạ,2024,22.5,Kỹ thuật cấp thoát nước/ Kỹ thuật nước _ Môi trường nước
175974,XDA,ky-thuat-cap-thoat-nuoc-ky-thuat-nuoc-moi-truong-nuoc,B00,Điểm học bạ,2024,22.5,Kỹ thuật cấp thoát nước/ Kỹ thuật nước _ Môi trường nước
175975,XDA,ky-thuat-cap-thoat-nuoc-ky-thuat-nuoc-moi-truong-nuoc,D07,Điểm học bạ,2024,22.5,Kỹ thuật cấp thoát nước/ Kỹ thuật nước _ Môi trường nước
175976,XDA,ky-thuat-cap-thoat-nuoc-ky-thuat-nuoc-moi-truong-nuoc,A00,Điểm thi THPT,2024,17.0,Kỹ thuật Cấp thoát nước/ Kỹ thuật nước - Môi trường nước
175977,XDA,ky-thuat-cap-thoat-nuoc-ky-thuat-nuoc-moi-truong-nuoc,A01,Điểm thi THPT,2024,17.0,Kỹ thuật Cấp thoát nước/ Kỹ thuật nước - Môi trường nước
175978,XDA,ky-thuat-cap-thoat-nuoc-ky-thuat-nuoc-moi-truong-nuoc,B00,Điểm thi THPT,2024,17.0,Kỹ thuật Cấp thoát nước/ Kỹ thuật nước - Môi trường nước
175979,XDA,ky-thuat-cap-thoat-nuoc-ky-thuat-nuoc-moi-truong-nuoc,D07,Điểm thi THPT,2024,17.0,Kỹ thuật Cấp thoát nước/ Kỹ thuật nước - Môi trường nước
175980,XDA,ky-thuat-cap-thoat-nuoc-ky-thuat-nuoc-moi-truong-nuoc,A00,Điểm học bạ,2025,24.03,Kỹ thuật Cấp thoát nước/ Kỹ thuật nước - Môi trường nước
175981,XDA,ky-thuat-cap-thoat-nuoc-ky-thuat-nuoc-moi-truong-nuoc,A01,Điểm học bạ,2025,24.03,Kỹ thuật Cấp thoát nước/ Kỹ thuật nước - Môi trường nước
175982,XDA,ky-thuat-cap-thoat-nuoc-ky-thuat-nuoc-moi-truong-nuoc,A02,Điểm học bạ,2025,24.03,Kỹ thuật Cấp thoát nước/ Kỹ thuật nước - Môi trường nước
175983,XDA,ky-thuat-cap-thoat-nuoc-ky-thuat-nuoc-moi-truong-nuoc,B00,Điểm học bạ,2025,24.03,Kỹ thuật Cấp thoát nước/ Kỹ thuật nước - Môi trường nước
175984,XDA,ky-thuat-cap-thoat-nuoc-ky-thuat-nuoc-moi-truong-nuoc,C01,Điểm học bạ,2025,24.03,Kỹ thuật Cấp thoát nước/ Kỹ thuật nước - Môi trường nước
175985,XDA,ky-thuat-cap-thoat-nuoc-ky-thuat-nuoc-moi-truong-nuoc,C02,Điểm học bạ,2025,24.03,Kỹ thuật Cấp thoát nước/ Kỹ thuật nước - Môi trường nước
175986,XDA,ky-thuat-cap-thoat-nuoc-ky-thuat-nuoc-moi-truong-nuoc,D07,Điểm học bạ,2025,24.03,Kỹ thuật Cấp thoát nước/ Kỹ thuật nước - Môi trường nước
175987,XDA,ky-thuat-cap-thoat-nuoc-ky-thuat-nuoc-moi-truong-nuoc,X06,Điểm học bạ,2025,24.03,Kỹ thuật Cấp thoát nước/ Kỹ thuật nước - Môi trường nước
175988,XDA,ky-thuat-cap-thoat-nuoc-ky-thuat-nuoc-moi-truong-nuoc,X14,Điểm học bạ,2025,24.03,Kỹ thuật Cấp thoát nước/ Kỹ thuật nước - Môi trường nước
175989,XDA,ky-thuat-cap-thoat-nuoc-ky-thuat-nuoc-moi-truong-nuoc,A00,Điểm thi THPT,2025,21.65,Kỹ thuật Cấp thoát nước/ Kỹ thuật nước - Môi trường nước
175990,XDA,ky-thuat-cap-thoat-nuoc-ky-thuat-nuoc-moi-truong-nuoc,A01,Điểm thi THPT,2025,21.65,Kỹ thuật Cấp thoát nước/ Kỹ thuật nước - Môi trường nước
175991,XDA,ky-thuat-cap-thoat-nuoc-ky-thuat-nuoc-moi-truong-nuoc,A02,Điểm thi THPT,2025,21.65,Kỹ thuật Cấp thoát nước/ Kỹ thuật nước - Môi trường nước
175992,XDA,ky-thuat-cap-thoat-nuoc-ky-thuat-nuoc-moi-truong-nuoc,B00,Điểm thi THPT,2025,21.65,Kỹ thuật Cấp thoát nước/ Kỹ thuật nước - Môi trường nước
175993,XDA,ky-thuat-cap-thoat-nuoc-ky-thuat-nuoc-moi-truong-nuoc,C01,Điểm thi THPT,2025,21.65,Kỹ thuật Cấp thoát nước/ Kỹ thuật nước - Môi trường nước
175994,XDA,ky-thuat-cap-thoat-nuoc-ky-thuat-nuoc-moi-truong-nuoc,C02,Điểm thi THPT,2025,21.65,Kỹ thuật Cấp thoát nước/ Kỹ thuật nước - Môi trường nước
175995,XDA,ky-thuat-cap-thoat-nuoc-ky-thuat-nuoc-moi-truong-nuoc,D07,Điểm thi THPT,2025,21.65,Kỹ thuật Cấp thoát nước/ Kỹ thuật nước - Môi trường nước
175996,XDA,ky-thuat-cap-thoat-nuoc-ky-thuat-nuoc-moi-truong-nuoc,X06,Điểm thi THPT,2025,21.65,Kỹ thuật Cấp thoát nước/ Kỹ thuật nước - Môi trường nước
175997,XDA,ky-thuat-cap-thoat-nuoc-ky-thuat-nuoc-moi-truong-nuoc,X14,Điểm thi THPT,2025,21.65,Kỹ thuật Cấp thoát nước/ Kỹ thuật nước - Môi trường nước
175998,XDA,ky-thuat-co-khi,A00,Điểm thi THPT,2021,22.25,Ngành Kỹ thuật cơ khí
175999,XDA,ky-thuat-co-khi,A01,Điểm thi THPT,2021,22.25,Ngành Kỹ thuật cơ khí
176000,XDA,ky-thuat-co-khi,D07,Điểm thi THPT,2021,22.25,Ngành Kỹ thuật cơ khí
176001,XDA,ky-thuat-co-khi,A00,Điểm thi THPT,2022,22.25,Kỹ thuật cơ khí
176002,XDA,ky-thuat-co-khi,A01,Điểm thi THPT,2022,22.25,Kỹ thuật cơ khí
176003,XDA,ky-thuat-co-khi,D07,Điểm thi THPT,2022,22.25,Kỹ thuật cơ khí
176004,XDA,ky-thuat-co-khi,A00,Điểm học bạ,2023,26.0,Kỹ thuật cơ khí
176005,XDA,ky-thuat-co-khi,A01,Điểm học bạ,2023,26.0,Kỹ thuật cơ khí
176006,XDA,ky-thuat-co-khi,D07,Điểm học bạ,2023,26.0,Kỹ thuật cơ khí
176007,XDA,ky-thuat-co-khi,A00,Điểm thi THPT,2023,22.65,Kỹ thuật cơ khí
176008,XDA,ky-thuat-co-khi,A01,Điểm thi THPT,2023,22.65,Kỹ thuật cơ khí
176009,XDA,ky-thuat-co-khi,D07,Điểm thi THPT,2023,22.65,Kỹ thuật cơ khí
176010,XDA,ky-thuat-co-khi,A00,Điểm học bạ,2024,26.25,Kỹ thuật cơ khí
176011,XDA,ky-thuat-co-khi,A01,Điểm học bạ,2024,26.25,Kỹ thuật cơ khí
176012,XDA,ky-thuat-co-khi,D07,Điểm học bạ,2024,26.25,Kỹ thuật cơ khí
176013,XDA,ky-thuat-co-khi,A00,Điểm thi THPT,2024,24.0,Kỹ thuật cơ khí
176014,XDA,ky-thuat-co-khi,A01,Điểm thi THPT,2024,24.0,Kỹ thuật cơ khí
176015,XDA,ky-thuat-co-khi,D07,Điểm thi THPT,2024,24.0,Kỹ thuật cơ khí
176016,XDA,ky-thuat-co-khi,A00,Điểm học bạ,2025,26.7,Kỹ thuật cơ khí
176017,XDA,ky-thuat-co-khi,A01,Điểm học bạ,2025,26.7,Kỹ thuật cơ khí
176018,XDA,ky-thuat-co-khi,C01,Điểm học bạ,2025,26.7,Kỹ thuật cơ khí
176019,XDA,ky-thuat-co-khi,D07,Điểm học bạ,2025,26.7,Kỹ thuật cơ khí
176020,XDA,ky-thuat-co-khi,X06,Điểm học bạ,2025,26.7,Kỹ thuật cơ khí
176021,XDA,ky-thuat-co-khi,A00,Điểm thi THPT,2025,25.6,Kỹ thuật cơ khí
176022,XDA,ky-thuat-co-khi,A01,Điểm thi THPT,2025,25.6,Kỹ thuật cơ khí
176023,XDA,ky-thuat-co-khi,C01,Điểm thi THPT,2025,25.6,Kỹ thuật cơ khí
176024,XDA,ky-thuat-co-khi,D07,Điểm thi THPT,2025,25.6,Kỹ thuật cơ khí
176025,XDA,ky-thuat-co-khi,X06,Điểm thi THPT,2025,25.6,Kỹ thuật cơ khí
176026,XDA,ky-thuat-co-khi-chuyen-co-gioi-hoa-xay-dung,A00,Điểm thi THPT,2022,16.0,Kỹ thuật cơ khí/ Chuyên Cơ giới hoá xây dựng
176027,XDA,ky-thuat-co-khi-chuyen-co-gioi-hoa-xay-dung,A01,Điểm thi THPT,2022,16.0,Kỹ thuật cơ khí/ Chuyên Cơ giới hoá xây dựng
176028,XDA,ky-thuat-co-khi-chuyen-co-gioi-hoa-xay-dung,D07,Điểm thi THPT,2022,16.0,Kỹ thuật cơ khí/ Chuyên Cơ giới hoá xây dựng
176029,XDA,ky-thuat-co-khi-chuyen-ky-thuat-co-dien,A00,Điểm thi THPT,2022,22.1,Kỹ thuật cơ khí/ Chuyên Kỹ thuật cơ điện
176030,XDA,ky-thuat-co-khi-chuyen-ky-thuat-co-dien,A01,Điểm thi THPT,2022,22.1,Kỹ thuật cơ khí/ Chuyên Kỹ thuật cơ điện
176031,XDA,ky-thuat-co-khi-chuyen-ky-thuat-co-dien,D07,Điểm thi THPT,2022,22.1,Kỹ thuật cơ khí/ Chuyên Kỹ thuật cơ điện
176032,XDA,ky-thuat-co-khi-chuyen-ky-thuat-co-dien,A00,Điểm thi THPT,2023,22.4,Kỹ thuật cơ khí/ Chuyên Kỳ thuật cơ điện
176033,XDA,ky-thuat-co-khi-chuyen-ky-thuat-co-dien,A01,Điểm thi THPT,2023,22.4,Kỹ thuật cơ khí/ Chuyên Kỳ thuật cơ điện
176034,XDA,ky-thuat-co-khi-chuyen-ky-thuat-co-dien,D07,Điểm thi THPT,2023,22.4,Kỹ thuật cơ khí/ Chuyên Kỳ thuật cơ điện
176035,XDA,ky-thuat-co-khi-chuyen-ky-thuat-o-to,A00,Điểm thi THPT,2022,23.7,Kỹ thuật cơ khí/ Chuyên Kỹ thuật ô tô
176036,XDA,ky-thuat-co-khi-chuyen-ky-thuat-o-to,A01,Điểm thi THPT,2022,23.7,Kỹ thuật cơ khí/ Chuyên Kỹ thuật ô tô
176037,XDA,ky-thuat-co-khi-chuyen-ky-thuat-o-to,D07,Điểm thi THPT,2022,23.7,Kỹ thuật cơ khí/ Chuyên Kỹ thuật ô tô
176038,XDA,ky-thuat-co-khi-chuyen-may-xay-dung,A00,Điểm thi THPT,2022,16.0,Kỹ thuật cơ khí/ Chuyên Máy xây dựng
176039,XDA,ky-thuat-co-khi-chuyen-may-xay-dung,A01,Điểm thi THPT,2022,16.0,Kỹ thuật cơ khí/ Chuyên Máy xây dựng
176040,XDA,ky-thuat-co-khi-chuyen-may-xay-dung,D07,Điểm thi THPT,2022,16.0,Kỹ thuật cơ khí/ Chuyên Máy xây dựng
176041,XDA,ky-thuat-co-khi-chuyen-may-xay-dung,A00,Điểm thi THPT,2023,17.0,Kỹ thuật cơ khí/ Chuyên Máy xây dựng
176042,XDA,ky-thuat-co-khi-chuyen-may-xay-dung,A01,Điểm thi THPT,2023,17.0,Kỹ thuật cơ khí/ Chuyên Máy xây dựng
176043,XDA,ky-thuat-co-khi-chuyen-may-xay-dung,D07,Điểm thi THPT,2023,17.0,Kỹ thuật cơ khí/ Chuyên Máy xây dựng
176044,XDA,ky-thuat-co-khi-chuyen-nganh-co-gioi-hoa-xay-dung,A00,Điểm thi THPT,2021,16.0,Ngành Kỹ thuật cơ khí/ Chuyên ngành Cơ giới hoá xây dựng
176045,XDA,ky-thuat-co-khi-chuyen-nganh-co-gioi-hoa-xay-dung,A01,Điểm thi THPT,2021,16.0,Ngành Kỹ thuật cơ khí/ Chuyên ngành Cơ giới hoá xây dựng
176046,XDA,ky-thuat-co-khi-chuyen-nganh-co-gioi-hoa-xay-dung,D07,Điểm thi THPT,2021,16.0,Ngành Kỹ thuật cơ khí/ Chuyên ngành Cơ giới hoá xây dựng
176047,XDA,ky-thuat-co-khi-chuyen-nganh-ky-thuat-co-dien,A00,Điểm thi THPT,2021,21.75,Ngành Kỹ thuật cơ khí/ Chuyên ngành Kỹ thuật cơ điện
176048,XDA,ky-thuat-co-khi-chuyen-nganh-ky-thuat-co-dien,A01,Điểm thi THPT,2021,21.75,Ngành Kỹ thuật cơ khí/ Chuyên ngành Kỹ thuật cơ điện
176049,XDA,ky-thuat-co-khi-chuyen-nganh-ky-thuat-co-dien,D07,Điểm thi THPT,2021,21.75,Ngành Kỹ thuật cơ khí/ Chuyên ngành Kỹ thuật cơ điện
176050,XDA,ky-thuat-co-khi-chuyen-nganh-ky-thuat-o-to,A00,Điểm thi THPT,2021,23.25,Ngành Kỹ thuật cơ khí/ Chuyên ngành Kỹ thuật ô tô
176051,XDA,ky-thuat-co-khi-chuyen-nganh-ky-thuat-o-to,A01,Điểm thi THPT,2021,23.25,Ngành Kỹ thuật cơ khí/ Chuyên ngành Kỹ thuật ô tô
176052,XDA,ky-thuat-co-khi-chuyen-nganh-ky-thuat-o-to,D07,Điểm thi THPT,2021,23.25,Ngành Kỹ thuật cơ khí/ Chuyên ngành Kỹ thuật ô tô
176053,XDA,ky-thuat-co-khi-chuyen-nganh-may-xay-dung,A00,Điểm thi THPT,2021,16.0,Ngành Kỹ thuật cơ khí/ Chuyên ngành Máy xây dựng
176054,XDA,ky-thuat-co-khi-chuyen-nganh-may-xay-dung,A01,Điểm thi THPT,2021,16.0,Ngành Kỹ thuật cơ khí/ Chuyên ngành Máy xây dựng
176055,XDA,ky-thuat-co-khi-chuyen-nganh-may-xay-dung,D07,Điểm thi THPT,2021,16.0,Ngành Kỹ thuật cơ khí/ Chuyên ngành Máy xây dựng
176056,XDA,ky-thuat-co-khi-ky-thuat-co-dien,A00,Điểm học bạ,2023,25.88,Kỹ thuật cơ khí/ Kỹ thuật cơ điện
176057,XDA,ky-thuat-co-khi-ky-thuat-co-dien,A01,Điểm học bạ,2023,25.88,Kỹ thuật cơ khí/ Kỹ thuật cơ điện
176058,XDA,ky-thuat-co-khi-ky-thuat-co-dien,D07,Điểm học bạ,2023,25.88,Kỹ thuật cơ khí/ Kỹ thuật cơ điện
176059,XDA,ky-thuat-co-khi-ky-thuat-co-dien,A00,Điểm học bạ,2024,26.5,Kỹ thuật cơ khí/ Kỹ thuật cơ điện
176060,XDA,ky-thuat-co-khi-ky-thuat-co-dien,A01,Điểm học bạ,2024,26.5,Kỹ thuật cơ khí/ Kỹ thuật cơ điện
176061,XDA,ky-thuat-co-khi-ky-thuat-co-dien,D07,Điểm học bạ,2024,26.5,Kỹ thuật cơ khí/ Kỹ thuật cơ điện
176062,XDA,ky-thuat-co-khi-ky-thuat-co-dien,A00,Điểm thi THPT,2024,23.95,Kỹ thuật cơ khí/ Kỹ thuật cơ điện
176063,XDA,ky-thuat-co-khi-ky-thuat-co-dien,A01,Điểm thi THPT,2024,23.95,Kỹ thuật cơ khí/ Kỹ thuật cơ điện
176064,XDA,ky-thuat-co-khi-ky-thuat-co-dien,D07,Điểm thi THPT,2024,23.95,Kỹ thuật cơ khí/ Kỹ thuật cơ điện
176065,XDA,ky-thuat-co-khi-ky-thuat-co-dien,A00,Điểm học bạ,2025,26.48,Kỹ thuật cơ khí/ Kỹ thuật cơ điện
176066,XDA,ky-thuat-co-khi-ky-thuat-co-dien,A01,Điểm học bạ,2025,26.48,Kỹ thuật cơ khí/ Kỹ thuật cơ điện
176067,XDA,ky-thuat-co-khi-ky-thuat-co-dien,C01,Điểm học bạ,2025,26.48,Kỹ thuật cơ khí/ Kỹ thuật cơ điện
176068,XDA,ky-thuat-co-khi-ky-thuat-co-dien,D07,Điểm học bạ,2025,26.48,Kỹ thuật cơ khí/ Kỹ thuật cơ điện
176069,XDA,ky-thuat-co-khi-ky-thuat-co-dien,X06,Điểm học bạ,2025,26.48,Kỹ thuật cơ khí/ Kỹ thuật cơ điện
176070,XDA,ky-thuat-co-khi-ky-thuat-co-dien,A00,Điểm thi THPT,2025,25.3,Kỹ thuật cơ khí/ Kỹ thuật cơ điện
176071,XDA,ky-thuat-co-khi-ky-thuat-co-dien,A01,Điểm thi THPT,2025,25.3,Kỹ thuật cơ khí/ Kỹ thuật cơ điện
176072,XDA,ky-thuat-co-khi-ky-thuat-co-dien,C01,Điểm thi THPT,2025,25.3,Kỹ thuật cơ khí/ Kỹ thuật cơ điện
176073,XDA,ky-thuat-co-khi-ky-thuat-co-dien,D07,Điểm thi THPT,2025,25.3,Kỹ thuật cơ khí/ Kỹ thuật cơ điện
176074,XDA,ky-thuat-co-khi-ky-thuat-co-dien,X06,Điểm thi THPT,2025,25.3,Kỹ thuật cơ khí/ Kỹ thuật cơ điện
176075,XDA,ky-thuat-co-khi-ky-thuat-o-to,A00,Điểm học bạ,2023,26.73,Kỹ thuật cơ khí/ Kỹ thuật ô tô
176076,XDA,ky-thuat-co-khi-ky-thuat-o-to,A01,Điểm học bạ,2023,26.73,Kỹ thuật cơ khí/ Kỹ thuật ô tô
176077,XDA,ky-thuat-co-khi-ky-thuat-o-to,D07,Điểm học bạ,2023,26.73,Kỹ thuật cơ khí/ Kỹ thuật ô tô
176078,XDA,ky-thuat-co-khi-ky-thuat-o-to,A00,Điểm học bạ,2024,27.0,Kỹ thuật cơ khí/ Kỹ thuật ô tô
176079,XDA,ky-thuat-co-khi-ky-thuat-o-to,A01,Điểm học bạ,2024,27.0,Kỹ thuật cơ khí/ Kỹ thuật ô tô
176080,XDA,ky-thuat-co-khi-ky-thuat-o-to,D07,Điểm học bạ,2024,27.0,Kỹ thuật cơ khí/ Kỹ thuật ô tô
176081,XDA,ky-thuat-co-khi-ky-thuat-o-to,A00,Điểm thi THPT,2024,24.35,Kỹ thuật cơ khí/ Kỹ thuật ô tô
176082,XDA,ky-thuat-co-khi-ky-thuat-o-to,A01,Điểm thi THPT,2024,24.35,Kỹ thuật cơ khí/ Kỹ thuật ô tô
176083,XDA,ky-thuat-co-khi-ky-thuat-o-to,D07,Điểm thi THPT,2024,24.35,Kỹ thuật cơ khí/ Kỹ thuật ô tô
176084,XDA,ky-thuat-co-khi-ky-thuat-o-to,A00,Điểm học bạ,2025,26.55,Kỹ thuật cơ khí/ Kỹ thuật ô tô
176085,XDA,ky-thuat-co-khi-ky-thuat-o-to,A01,Điểm học bạ,2025,26.55,Kỹ thuật cơ khí/ Kỹ thuật ô tô
176086,XDA,ky-thuat-co-khi-ky-thuat-o-to,C01,Điểm học bạ,2025,26.55,Kỹ thuật cơ khí/ Kỹ thuật ô tô
176087,XDA,ky-thuat-co-khi-ky-thuat-o-to,D07,Điểm học bạ,2025,26.55,Kỹ thuật cơ khí/ Kỹ thuật ô tô
176088,XDA,ky-thuat-co-khi-ky-thuat-o-to,X06,Điểm học bạ,2025,26.55,Kỹ thuật cơ khí/ Kỹ thuật ô tô
176089,XDA,ky-thuat-co-khi-ky-thuat-o-to,A00,Điểm thi THPT,2025,25.4,Kỹ thuật cơ khí/ Kỹ thuật ô tô
176090,XDA,ky-thuat-co-khi-ky-thuat-o-to,A01,Điểm thi THPT,2025,25.4,Kỹ thuật cơ khí/ Kỹ thuật ô tô
176091,XDA,ky-thuat-co-khi-ky-thuat-o-to,C01,Điểm thi THPT,2025,25.4,Kỹ thuật cơ khí/ Kỹ thuật ô tô
176092,XDA,ky-thuat-co-khi-ky-thuat-o-to,D07,Điểm thi THPT,2025,25.4,Kỹ thuật cơ khí/ Kỹ thuật ô tô
176093,XDA,ky-thuat-co-khi-ky-thuat-o-to,X06,Điểm thi THPT,2025,25.4,Kỹ thuật cơ khí/ Kỹ thuật ô tô
176094,XDA,ky-thuat-co-khi-may-xay-dung,A00,Điểm học bạ,2023,24.0,Kỹ thuật cơ khí/ Máy xây dựng
176095,XDA,ky-thuat-co-khi-may-xay-dung,A01,Điểm học bạ,2023,24.0,Kỹ thuật cơ khí/ Máy xây dựng
176096,XDA,ky-thuat-co-khi-may-xay-dung,D07,Điểm học bạ,2023,24.0,Kỹ thuật cơ khí/ Máy xây dựng
176097,XDA,ky-thuat-co-khi-may-xay-dung,A00,Điểm học bạ,2024,22.5,Kỹ thuật cơ khí/ Máy xây dựng
176098,XDA,ky-thuat-co-khi-may-xay-dung,A01,Điểm học bạ,2024,22.5,Kỹ thuật cơ khí/ Máy xây dựng
176099,XDA,ky-thuat-co-khi-may-xay-dung,D07,Điểm học bạ,2024,22.5,Kỹ thuật cơ khí/ Máy xây dựng
176100,XDA,ky-thuat-co-khi-may-xay-dung,A00,Điểm thi THPT,2024,20.75,Kỹ thuật cơ khí/ Máy xây dựng
176101,XDA,ky-thuat-co-khi-may-xay-dung,A01,Điểm thi THPT,2024,20.75,Kỹ thuật cơ khí/ Máy xây dựng
176102,XDA,ky-thuat-co-khi-may-xay-dung,D07,Điểm thi THPT,2024,20.75,Kỹ thuật cơ khí/ Máy xây dựng
176103,XDA,ky-thuat-co-khi-may-xay-dung,A00,Điểm học bạ,2025,25.05,Kỹ thuật cơ khí/ Máy xây dựng
176104,XDA,ky-thuat-co-khi-may-xay-dung,A01,Điểm học bạ,2025,25.05,Kỹ thuật cơ khí/ Máy xây dựng
176105,XDA,ky-thuat-co-khi-may-xay-dung,C01,Điểm học bạ,2025,25.05,Kỹ thuật cơ khí/ Máy xây dựng
176106,XDA,ky-thuat-co-khi-may-xay-dung,D07,Điểm học bạ,2025,25.05,Kỹ thuật cơ khí/ Máy xây dựng
176107,XDA,ky-thuat-co-khi-may-xay-dung,X06,Điểm học bạ,2025,25.05,Kỹ thuật cơ khí/ Máy xây dựng
176108,XDA,ky-thuat-co-khi-may-xay-dung,A00,Điểm thi THPT,2025,23.4,Kỹ thuật cơ khí/ Máy xây dựng
176109,XDA,ky-thuat-co-khi-may-xay-dung,A01,Điểm thi THPT,2025,23.4,Kỹ thuật cơ khí/ Máy xây dựng
176110,XDA,ky-thuat-co-khi-may-xay-dung,C01,Điểm thi THPT,2025,23.4,Kỹ thuật cơ khí/ Máy xây dựng
176111,XDA,ky-thuat-co-khi-may-xay-dung,D07,Điểm thi THPT,2025,23.4,Kỹ thuật cơ khí/ Máy xây dựng
176112,XDA,ky-thuat-co-khi-may-xay-dung,X06,Điểm thi THPT,2025,23.4,Kỹ thuật cơ khí/ Máy xây dựng
176113,XDA,ky-thuat-dien,A00,Điểm học bạ,2023,26.13,Kỹ thuật điện
176114,XDA,ky-thuat-dien,A01,Điểm học bạ,2023,26.13,Kỹ thuật điện
176115,XDA,ky-thuat-dien,D07,Điểm học bạ,2023,26.13,Kỹ thuật điện
176116,XDA,ky-thuat-dien,A00,Điểm học bạ,2024,26.5,Kỹ thuật điện
176117,XDA,ky-thuat-dien,A01,Điểm học bạ,2024,26.5,Kỹ thuật điện
176118,XDA,ky-thuat-dien,D07,Điểm học bạ,2024,26.5,Kỹ thuật điện
176119,XDA,ky-thuat-dien,A00,Điểm thi THPT,2024,23.8,Kỹ thuật điện
176120,XDA,ky-thuat-dien,A01,Điểm thi THPT,2024,23.8,Kỹ thuật điện
176121,XDA,ky-thuat-dien,D01,Điểm thi THPT,2024,23.8,Kỹ thuật điện
176122,XDA,ky-thuat-dien,D07,Điểm thi THPT,2024,23.8,Kỹ thuật điện
176123,XDA,ky-thuat-dien,A00,Điểm học bạ,2025,26.82,Kỹ thuật điện
176124,XDA,ky-thuat-dien,A01,Điểm học bạ,2025,26.82,Kỹ thuật điện
176125,XDA,ky-thuat-dien,C01,Điểm học bạ,2025,26.82,Kỹ thuật điện
176126,XDA,ky-thuat-dien,D07,Điểm học bạ,2025,26.82,Kỹ thuật điện
176127,XDA,ky-thuat-dien,X06,Điểm học bạ,2025,26.82,Kỹ thuật điện
176128,XDA,ky-thuat-dien,A00,Điểm thi THPT,2025,25.75,Kỹ thuật điện
176129,XDA,ky-thuat-dien,A01,Điểm thi THPT,2025,25.75,Kỹ thuật điện
176130,XDA,ky-thuat-dien,C01,Điểm thi THPT,2025,25.75,Kỹ thuật điện
176131,XDA,ky-thuat-dien,D07,Điểm thi THPT,2025,25.75,Kỹ thuật điện
176132,XDA,ky-thuat-dien,X06,Điểm thi THPT,2025,25.75,Kỹ thuật điện
176133,XDA,ky-thuat-dieu-khien-va-tu-dong-hoa,A00,Điểm học bạ,2025,27.75,Kỹ thuật điều khiển và tự động hóa
176134,XDA,ky-thuat-dieu-khien-va-tu-dong-hoa,A01,Điểm học bạ,2025,27.75,Kỹ thuật điều khiển và tự động hóa
176135,XDA,ky-thuat-dieu-khien-va-tu-dong-hoa,C01,Điểm học bạ,2025,27.75,Kỹ thuật điều khiển và tự động hóa
176136,XDA,ky-thuat-dieu-khien-va-tu-dong-hoa,X06,Điểm học bạ,2025,27.75,Kỹ thuật điều khiển và tự động hóa
176137,XDA,ky-thuat-dieu-khien-va-tu-dong-hoa,A00,Điểm thi THPT,2025,27.0,Kỹ thuật điều khiển và tự động hóa
176138,XDA,ky-thuat-dieu-khien-va-tu-dong-hoa,A01,Điểm thi THPT,2025,27.0,Kỹ thuật điều khiển và tự động hóa
176139,XDA,ky-thuat-dieu-khien-va-tu-dong-hoa,C01,Điểm thi THPT,2025,27.0,Kỹ thuật điều khiển và tự động hóa
176140,XDA,ky-thuat-dieu-khien-va-tu-dong-hoa,X06,Điểm thi THPT,2025,27.0,Kỹ thuật điều khiển và tự động hóa
176141,XDA,ky-thuat-moi-truong,A00,Điểm thi THPT,2021,16.0,Ngành Kỹ thuật Môi trường
176142,XDA,ky-thuat-moi-truong,A01,Điểm thi THPT,2021,16.0,Ngành Kỹ thuật Môi trường
176143,XDA,ky-thuat-moi-truong,B00,Điểm thi THPT,2021,16.0,Ngành Kỹ thuật Môi trường
176144,XDA,ky-thuat-moi-truong,D07,Điểm thi THPT,2021,16.0,Ngành Kỹ thuật Môi trường
176145,XDA,ky-thuat-moi-truong,A00,Điểm thi THPT,2022,16.0,Kỹ thuật Môi trường
176146,XDA,ky-thuat-moi-truong,A01,Điểm thi THPT,2022,16.0,Kỹ thuật Môi trường
176147,XDA,ky-thuat-moi-truong,B00,Điểm thi THPT,2022,16.0,Kỹ thuật Môi trường
176148,XDA,ky-thuat-moi-truong,D07,Điểm thi THPT,2022,16.0,Kỹ thuật Môi trường
176149,XDA,ky-thuat-moi-truong,A00,Điểm học bạ,2023,24.83,Kỹ thuật Môi trường
176150,XDA,ky-thuat-moi-truong,A01,Điểm học bạ,2023,24.83,Kỹ thuật Môi trường
176151,XDA,ky-thuat-moi-truong,B00,Điểm học bạ,2023,24.83,Kỹ thuật Môi trường
176152,XDA,ky-thuat-moi-truong,D07,Điểm học bạ,2023,24.83,Kỹ thuật Môi trường
176153,XDA,ky-thuat-moi-truong,A00,Điểm thi THPT,2023,17.0,Kỹ thuật Môi trường
176154,XDA,ky-thuat-moi-truong,A01,Điểm thi THPT,2023,17.0,Kỹ thuật Môi trường
176155,XDA,ky-thuat-moi-truong,B00,Điểm thi THPT,2023,17.0,Kỹ thuật Môi trường
176156,XDA,ky-thuat-moi-truong,D07,Điểm thi THPT,2023,17.0,Kỹ thuật Môi trường
176157,XDA,ky-thuat-moi-truong,A00,Điểm học bạ,2024,22.5,Kỹ thuật Môi trường
176158,XDA,ky-thuat-moi-truong,A01,Điểm học bạ,2024,22.5,Kỹ thuật Môi trường
176159,XDA,ky-thuat-moi-truong,B00,Điểm học bạ,2024,22.5,Kỹ thuật Môi trường
176160,XDA,ky-thuat-moi-truong,D07,Điểm học bạ,2024,22.5,Kỹ thuật Môi trường
176161,XDA,ky-thuat-moi-truong,A00,Điểm thi THPT,2024,17.0,Kỹ thuật Môi trường
176162,XDA,ky-thuat-moi-truong,A01,Điểm thi THPT,2024,17.0,Kỹ thuật Môi trường
176163,XDA,ky-thuat-moi-truong,B00,Điểm thi THPT,2024,17.0,Kỹ thuật Môi trường
176164,XDA,ky-thuat-moi-truong,D07,Điểm thi THPT,2024,17.0,Kỹ thuật Môi trường
176165,XDA,ky-thuat-moi-truong,A00,Điểm học bạ,2025,24.75,Kỹ thuật Môi trường
176166,XDA,ky-thuat-moi-truong,A01,Điểm học bạ,2025,24.75,Kỹ thuật Môi trường
176167,XDA,ky-thuat-moi-truong,A02,Điểm học bạ,2025,24.75,Kỹ thuật Môi trường
176168,XDA,ky-thuat-moi-truong,B00,Điểm học bạ,2025,24.75,Kỹ thuật Môi trường
176169,XDA,ky-thuat-moi-truong,C01,Điểm học bạ,2025,24.75,Kỹ thuật Môi trường
176170,XDA,ky-thuat-moi-truong,C02,Điểm học bạ,2025,24.75,Kỹ thuật Môi trường
176171,XDA,ky-thuat-moi-truong,D07,Điểm học bạ,2025,24.75,Kỹ thuật Môi trường
176172,XDA,ky-thuat-moi-truong,X06,Điểm học bạ,2025,24.75,Kỹ thuật Môi trường
176173,XDA,ky-thuat-moi-truong,X14,Điểm học bạ,2025,24.75,Kỹ thuật Môi trường
176174,XDA,ky-thuat-moi-truong,A00,Điểm thi THPT,2025,23.0,Kỹ thuật Môi trường
176175,XDA,ky-thuat-moi-truong,A01,Điểm thi THPT,2025,23.0,Kỹ thuật Môi trường
176176,XDA,ky-thuat-moi-truong,A02,Điểm thi THPT,2025,23.0,Kỹ thuật Môi trường
176177,XDA,ky-thuat-moi-truong,B00,Điểm thi THPT,2025,23.0,Kỹ thuật Môi trường
176178,XDA,ky-thuat-moi-truong,C01,Điểm thi THPT,2025,23.0,Kỹ thuật Môi trường
176179,XDA,ky-thuat-moi-truong,C02,Điểm thi THPT,2025,23.0,Kỹ thuật Môi trường
176180,XDA,ky-thuat-moi-truong,D07,Điểm thi THPT,2025,23.0,Kỹ thuật Môi trường
176181,XDA,ky-thuat-moi-truong,X06,Điểm thi THPT,2025,23.0,Kỹ thuật Môi trường
176182,XDA,ky-thuat-moi-truong,X14,Điểm thi THPT,2025,23.0,Kỹ thuật Môi trường
176183,XDA,ky-thuat-vat-lieu,A00,Điểm thi THPT,2021,16.0,Ngành Kỹ thuật vật liệu
176184,XDA,ky-thuat-vat-lieu,B00,Điểm thi THPT,2021,16.0,Ngành Kỹ thuật vật liệu
176185,XDA,ky-thuat-vat-lieu,D07,Điểm thi THPT,2021,16.0,Ngành Kỹ thuật vật liệu
176186,XDA,ky-thuat-vat-lieu,A00,Điểm thi THPT,2022,16.0,Kỹ thuật vật liệu
176187,XDA,ky-thuat-vat-lieu,A01,Điểm thi THPT,2022,16.0,Kỹ thuật vật liệu
176188,XDA,ky-thuat-vat-lieu,B00,Điểm thi THPT,2022,16.0,Kỹ thuật vật liệu
176189,XDA,ky-thuat-vat-lieu,D07,Điểm thi THPT,2022,16.0,Kỹ thuật vật liệu
176190,XDA,ky-thuat-vat-lieu,A00,Điểm học bạ,2023,24.91,Kỹ thuật vật liệu
176191,XDA,ky-thuat-vat-lieu,A01,Điểm học bạ,2023,24.91,Kỹ thuật vật liệu
176192,XDA,ky-thuat-vat-lieu,B00,Điểm học bạ,2023,24.91,Kỹ thuật vật liệu
176193,XDA,ky-thuat-vat-lieu,D07,Điểm học bạ,2023,24.91,Kỹ thuật vật liệu
176194,XDA,ky-thuat-vat-lieu,A00,Điểm thi THPT,2023,17.0,Kỹ thuật vật liệu
176195,XDA,ky-thuat-vat-lieu,A01,Điểm thi THPT,2023,17.0,Kỹ thuật vật liệu
176196,XDA,ky-thuat-vat-lieu,B00,Điểm thi THPT,2023,17.0,Kỹ thuật vật liệu
176197,XDA,ky-thuat-vat-lieu,D07,Điểm thi THPT,2023,17.0,Kỹ thuật vật liệu
176198,XDA,ky-thuat-vat-lieu,A00,Điểm học bạ,2024,22.5,Kỹ thuật vật liệu
176199,XDA,ky-thuat-vat-lieu,A01,Điểm học bạ,2024,22.5,Kỹ thuật vật liệu
176200,XDA,ky-thuat-vat-lieu,B00,Điểm học bạ,2024,22.5,Kỹ thuật vật liệu
176201,XDA,ky-thuat-vat-lieu,D07,Điểm học bạ,2024,22.5,Kỹ thuật vật liệu
176202,XDA,ky-thuat-vat-lieu,A00,Điểm thi THPT,2024,21.2,Kỹ thuật vật liệu
176203,XDA,ky-thuat-vat-lieu,A01,Điểm thi THPT,2024,21.2,Kỹ thuật vật liệu
176204,XDA,ky-thuat-vat-lieu,B00,Điểm thi THPT,2024,21.2,Kỹ thuật vật liệu
176205,XDA,ky-thuat-vat-lieu,D07,Điểm thi THPT,2024,21.2,Kỹ thuật vật liệu
176206,XDA,ky-thuat-vat-lieu,A00,Điểm học bạ,2025,22.39,Kỹ thuật vật liệu
176207,XDA,ky-thuat-vat-lieu,A01,Điểm học bạ,2025,22.39,Kỹ thuật vật liệu
176208,XDA,ky-thuat-vat-lieu,A02,Điểm học bạ,2025,22.39,Kỹ thuật vật liệu
176209,XDA,ky-thuat-vat-lieu,B00,Điểm học bạ,2025,22.39,Kỹ thuật vật liệu
176210,XDA,ky-thuat-vat-lieu,C01,Điểm học bạ,2025,22.39,Kỹ thuật vật liệu
176211,XDA,ky-thuat-vat-lieu,C02,Điểm học bạ,2025,22.39,Kỹ thuật vật liệu
176212,XDA,ky-thuat-vat-lieu,D07,Điểm học bạ,2025,22.39,Kỹ thuật vật liệu
176213,XDA,ky-thuat-vat-lieu,X06,Điểm học bạ,2025,22.39,Kỹ thuật vật liệu
176214,XDA,ky-thuat-vat-lieu,X14,Điểm học bạ,2025,22.39,Kỹ thuật vật liệu
176215,XDA,ky-thuat-vat-lieu,A00,Điểm thi THPT,2025,24.3,Kỹ thuật vật liệu
176216,XDA,ky-thuat-vat-lieu,A01,Điểm thi THPT,2025,24.3,Kỹ thuật vật liệu
176217,XDA,ky-thuat-vat-lieu,A02,Điểm thi THPT,2025,24.3,Kỹ thuật vật liệu
176218,XDA,ky-thuat-vat-lieu,B00,Điểm thi THPT,2025,24.3,Kỹ thuật vật liệu
176219,XDA,ky-thuat-vat-lieu,C01,Điểm thi THPT,2025,24.3,Kỹ thuật vật liệu
176220,XDA,ky-thuat-vat-lieu,C02,Điểm thi THPT,2025,24.3,Kỹ thuật vật liệu
176221,XDA,ky-thuat-vat-lieu,D07,Điểm thi THPT,2025,24.3,Kỹ thuật vật liệu
176222,XDA,ky-thuat-vat-lieu,X06,Điểm thi THPT,2025,24.3,Kỹ thuật vật liệu
176223,XDA,ky-thuat-vat-lieu,X14,Điểm thi THPT,2025,24.3,Kỹ thuật vật liệu
176224,XDA,ky-thuat-xay-dung,A00,Điểm thi THPT,2021,19.0,Ngành Kỹ thuật xây dựng (Chương trình đào tạo liên kết với Đại học Mississippi - Hoa Kỳ)
176225,XDA,ky-thuat-xay-dung,A01,Điểm thi THPT,2021,19.0,Ngành Kỹ thuật xây dựng (Chương trình đào tạo liên kết với Đại học Mississippi - Hoa Kỳ)
176226,XDA,ky-thuat-xay-dung,D07,Điểm thi THPT,2021,19.0,Ngành Kỹ thuật xây dựng (Chương trình đào tạo liên kết với Đại học Mississippi - Hoa Kỳ)
176227,XDA,ky-thuat-xay-dung,A00,Điểm thi THPT,2022,16.0,Kỹ thuật xây dựng
176228,XDA,ky-thuat-xay-dung,A01,Điểm thi THPT,2022,16.0,Kỹ thuật xây dựng
176229,XDA,ky-thuat-xay-dung,D07,Điểm thi THPT,2022,16.0,Kỹ thuật xây dựng
176230,XDA,ky-thuat-xay-dung,A00,Điểm học bạ,2023,25.55,Kỹ thuật xây dựng
176231,XDA,ky-thuat-xay-dung,A01,Điểm học bạ,2023,25.55,Kỹ thuật xây dựng
176232,XDA,ky-thuat-xay-dung,D01,Điểm học bạ,2023,25.55,Kỹ thuật xây dựng
176233,XDA,ky-thuat-xay-dung,D07,Điểm học bạ,2023,25.55,Kỹ thuật xây dựng
176234,XDA,ky-thuat-xay-dung,A00,Điểm thi THPT,2023,17.0,Kỹ thuật xây dựng
176235,XDA,ky-thuat-xay-dung,A01,Điểm thi THPT,2023,17.0,Kỹ thuật xây dựng
176236,XDA,ky-thuat-xay-dung,D01,Điểm thi THPT,2023,17.0,Kỹ thuật xây dựng
176237,XDA,ky-thuat-xay-dung,D07,Điểm thi THPT,2023,17.0,Kỹ thuật xây dựng
176238,XDA,ky-thuat-xay-dung,A00,Điểm học bạ,2024,24.75,Kỹ thuật xây dựng
176239,XDA,ky-thuat-xay-dung,A01,Điểm học bạ,2024,24.75,Kỹ thuật xây dựng
176240,XDA,ky-thuat-xay-dung,D01,Điểm học bạ,2024,24.75,Kỹ thuật xây dựng
176241,XDA,ky-thuat-xay-dung,D07,Điểm học bạ,2024,24.75,Kỹ thuật xây dựng
176242,XDA,ky-thuat-xay-dung,D24,Điểm học bạ,2024,24.0,Kỹ thuật xây dựng (Chương trình đào tạo kỹ sư Việt _ Pháp PFIEV)
176243,XDA,ky-thuat-xay-dung,D29,Điểm học bạ,2024,24.0,Kỹ thuật xây dựng (Chương trình đào tạo kỹ sư Việt _ Pháp PFIEV)
176244,XDA,ky-thuat-xay-dung,A00,Điểm thi THPT,2024,21.9,Kỹ thuật xây dựng
176245,XDA,ky-thuat-xay-dung,A01,Điểm thi THPT,2024,21.9,Kỹ thuật xây dựng
176246,XDA,ky-thuat-xay-dung,D01,Điểm thi THPT,2024,21.9,Kỹ thuật xây dựng
176247,XDA,ky-thuat-xay-dung,D07,Điểm thi THPT,2024,21.9,Kỹ thuật xây dựng
176248,XDA,ky-thuat-xay-dung,A00,Điểm học bạ,2025,24.16,Kỹ thuật xây dựng (Chương trình đào tạo Liên kết quốc tế với Đại học Mississippi - Hoa Kỳ)
176249,XDA,ky-thuat-xay-dung,A01,Điểm học bạ,2025,24.16,Kỹ thuật xây dựng (Chương trình đào tạo Liên kết quốc tế với Đại học Mississippi - Hoa Kỳ)
176250,XDA,ky-thuat-xay-dung,C01,Điểm học bạ,2025,24.16,Kỹ thuật xây dựng (Chương trình đào tạo Liên kết quốc tế với Đại học Mississippi - Hoa Kỳ)
176251,XDA,ky-thuat-xay-dung,D01,Điểm học bạ,2025,24.16,Kỹ thuật xây dựng (Chương trình đào tạo Liên kết quốc tế với Đại học Mississippi - Hoa Kỳ)
176252,XDA,ky-thuat-xay-dung,D07,Điểm học bạ,2025,24.16,Kỹ thuật xây dựng (Chương trình đào tạo Liên kết quốc tế với Đại học Mississippi - Hoa Kỳ)
176253,XDA,ky-thuat-xay-dung,D24,Điểm học bạ,2025,23.79,Kỹ thuật xây dựng (Chương trình đào tạo Kỹ sư chất lượng cao - PFIEV)
176254,XDA,ky-thuat-xay-dung,D29,Điểm học bạ,2025,23.79,Kỹ thuật xây dựng (Chương trình đào tạo Kỹ sư chất lượng cao - PFIEV)
176255,XDA,ky-thuat-xay-dung,X06,Điểm học bạ,2025,24.16,Kỹ thuật xây dựng (Chương trình đào tạo Liên kết quốc tế với Đại học Mississippi - Hoa Kỳ)
176256,XDA,ky-thuat-xay-dung,A00,Điểm thi THPT,2025,21.0,Kỹ thuật xây dựng
176257,XDA,ky-thuat-xay-dung,A01,Điểm thi THPT,2025,21.0,Kỹ thuật xây dựng
176258,XDA,ky-thuat-xay-dung,C01,Điểm thi THPT,2025,21.0,Kỹ thuật xây dựng
176259,XDA,ky-thuat-xay-dung,D01,Điểm thi THPT,2025,22.0,Kỹ thuật xây dựng
176260,XDA,ky-thuat-xay-dung,D07,Điểm thi THPT,2025,21.0,Kỹ thuật xây dựng
176261,XDA,ky-thuat-xay-dung,D24,Điểm thi THPT,2025,21.0,Kỹ thuật xây dựng
176262,XDA,ky-thuat-xay-dung,D29,Điểm thi THPT,2025,21.0,Kỹ thuật xây dựng
176263,XDA,ky-thuat-xay-dung,X06,Điểm thi THPT,2025,21.0,Kỹ thuật xây dựng
176264,XDA,ky-thuat-xay-dung-chuyen-he-thong-ky-thuat-trong-cong-trinh,A00,Điểm thi THPT,2022,20.0,Kỹ thuật xây dựng/ Chuyên Hệ thống kỹ thuật trong công trình
176265,XDA,ky-thuat-xay-dung-chuyen-he-thong-ky-thuat-trong-cong-trinh,A01,Điểm thi THPT,2022,20.0,Kỹ thuật xây dựng/ Chuyên Hệ thống kỹ thuật trong công trình
176266,XDA,ky-thuat-xay-dung-chuyen-he-thong-ky-thuat-trong-cong-trinh,D07,Điểm thi THPT,2022,20.0,Kỹ thuật xây dựng/ Chuyên Hệ thống kỹ thuật trong công trình
176267,XDA,ky-thuat-xay-dung-chuyen-he-thong-ky-thuat-trong-cong-trinh,A00,Điểm thi THPT,2023,20.0,Kỹ thuật xây dựng/ Chuyên Hệ thống kỹ thuật trong công trình
176268,XDA,ky-thuat-xay-dung-chuyen-he-thong-ky-thuat-trong-cong-trinh,A01,Điểm thi THPT,2023,20.0,Kỹ thuật xây dựng/ Chuyên Hệ thống kỹ thuật trong công trình
176269,XDA,ky-thuat-xay-dung-chuyen-he-thong-ky-thuat-trong-cong-trinh,D07,Điểm thi THPT,2023,20.0,Kỹ thuật xây dựng/ Chuyên Hệ thống kỹ thuật trong công trình
176270,XDA,ky-thuat-xay-dung-chuyen-nganh-he-thong-ky-thuat-trong-cong-trinh,A00,Điểm thi THPT,2021,22.25,Ngành Kỹ thuật xây dựng/ Chuyên ngành Hệ thống kỹ thuật trong công trình
176271,XDA,ky-thuat-xay-dung-chuyen-nganh-he-thong-ky-thuat-trong-cong-trinh,A01,Điểm thi THPT,2021,22.25,Ngành Kỹ thuật xây dựng/ Chuyên ngành Hệ thống kỹ thuật trong công trình
176272,XDA,ky-thuat-xay-dung-chuyen-nganh-he-thong-ky-thuat-trong-cong-trinh,D07,Điểm thi THPT,2021,22.25,Ngành Kỹ thuật xây dựng/ Chuyên ngành Hệ thống kỹ thuật trong công trình
176273,XDA,ky-thuat-xay-dung-chuyen-nganh-tin-hoc-xay-dung,A00,Điểm thi THPT,2021,23.0,Ngành Kỹ thuật xây dựng/ Chuyên ngành Tin học xây dựng
176274,XDA,ky-thuat-xay-dung-chuyen-nganh-tin-hoc-xay-dung,A01,Điểm thi THPT,2021,23.0,Ngành Kỹ thuật xây dựng/ Chuyên ngành Tin học xây dựng
176275,XDA,ky-thuat-xay-dung-chuyen-nganh-tin-hoc-xay-dung,D07,Điểm thi THPT,2021,23.0,Ngành Kỹ thuật xây dựng/ Chuyên ngành Tin học xây dựng
176276,XDA,ky-thuat-xay-dung-chuyen-nganh-xay-dung-dan-dung-va-cong-nghiep,A00,Điểm thi THPT,2021,23.5,Ngành Kỹ thuật xây dựng/ Chuyên ngành Xây dựng Dân dụng và Công nghiệp
176277,XDA,ky-thuat-xay-dung-chuyen-nganh-xay-dung-dan-dung-va-cong-nghiep,A01,Điểm thi THPT,2021,23.5,Ngành Kỹ thuật xây dựng/ Chuyên ngành Xây dựng Dân dụng và Công nghiệp
176278,XDA,ky-thuat-xay-dung-chuyen-nganh-xay-dung-dan-dung-va-cong-nghiep,D07,Điểm thi THPT,2021,23.5,Ngành Kỹ thuật xây dựng/ Chuyên ngành Xây dựng Dân dụng và Công nghiệp
176279,XDA,ky-thuat-xay-dung-chuyen-nganh-xay-dung-dan-dung-va-cong-nghiep,D24,Điểm thi THPT,2021,23.5,Ngành Kỹ thuật xây dựng/ Chuyên ngành Xây dựng Dân dụng và Công nghiệp
176280,XDA,ky-thuat-xay-dung-chuyen-nganh-xay-dung-dan-dung-va-cong-nghiep,D29,Điểm thi THPT,2021,23.5,Ngành Kỹ thuật xây dựng/ Chuyên ngành Xây dựng Dân dụng và Công nghiệp
176281,XDA,ky-thuat-xay-dung-chuyen-tin-hoc-xay-dung,A00,Điểm thi THPT,2022,20.75,Kỹ thuật xây dựng/ Chuyên Tin học Xây dựng
176282,XDA,ky-thuat-xay-dung-chuyen-tin-hoc-xay-dung,A01,Điểm thi THPT,2022,20.75,Kỹ thuật xây dựng/ Chuyên Tin học Xây dựng
176283,XDA,ky-thuat-xay-dung-chuyen-tin-hoc-xay-dung,D07,Điểm thi THPT,2022,20.75,Kỹ thuật xây dựng/ Chuyên Tin học Xây dựng
176284,XDA,ky-thuat-xay-dung-chuyen-tin-hoc-xay-dung,A00,Điểm thi THPT,2023,21.2,Kỹ thuật xây dựng/ Chuyên Tin học xây dựng
176285,XDA,ky-thuat-xay-dung-chuyen-tin-hoc-xay-dung,A01,Điểm thi THPT,2023,21.2,Kỹ thuật xây dựng/ Chuyên Tin học xây dựng
176286,XDA,ky-thuat-xay-dung-chuyen-tin-hoc-xay-dung,D01,Điểm thi THPT,2023,21.2,Kỹ thuật xây dựng/ Chuyên Tin học xây dựng
176287,XDA,ky-thuat-xay-dung-chuyen-tin-hoc-xay-dung,D07,Điểm thi THPT,2023,21.2,Kỹ thuật xây dựng/ Chuyên Tin học xây dựng
176288,XDA,ky-thuat-xay-dung-chuyen-xay-dung-dan-dung-va-cong-nghiep,A00,Điểm thi THPT,2022,20.0,Kỹ thuật xây dựng/ Chuyên Xây dựng Dân dụng và Công nghiệp
176289,XDA,ky-thuat-xay-dung-chuyen-xay-dung-dan-dung-va-cong-nghiep,A01,Điểm thi THPT,2022,20.0,Kỹ thuật xây dựng/ Chuyên Xây dựng Dân dụng và Công nghiệp
176290,XDA,ky-thuat-xay-dung-chuyen-xay-dung-dan-dung-va-cong-nghiep,D07,Điểm thi THPT,2022,20.0,Kỹ thuật xây dựng/ Chuyên Xây dựng Dân dụng và Công nghiệp
176291,XDA,ky-thuat-xay-dung-chuyen-xay-dung-dan-dung-va-cong-nghiep,D24,Điểm thi THPT,2022,20.0,Kỹ thuật xây dựng/ Chuyên Xây dựng Dân dụng và Công nghiệp
176292,XDA,ky-thuat-xay-dung-chuyen-xay-dung-dan-dung-va-cong-nghiep,D29,Điểm thi THPT,2022,20.0,Kỹ thuật xây dựng/ Chuyên Xây dựng Dân dụng và Công nghiệp
176293,XDA,ky-thuat-xay-dung-chuyen-xay-dung-dan-dung-va-cong-nghiep,A00,Điểm thi THPT,2023,20.0,Kỹ thuật xây dựng/ Chuyên Xây dựng Dân dụng và công nghiệp
176294,XDA,ky-thuat-xay-dung-chuyen-xay-dung-dan-dung-va-cong-nghiep,A01,Điểm thi THPT,2023,20.0,Kỹ thuật xây dựng/ Chuyên Xây dựng Dân dụng và công nghiệp
176295,XDA,ky-thuat-xay-dung-chuyen-xay-dung-dan-dung-va-cong-nghiep,D07,Điểm thi THPT,2023,20.0,Kỹ thuật xây dựng/ Chuyên Xây dựng Dân dụng và công nghiệp
176296,XDA,ky-thuat-xay-dung-chuyen-xay-dung-dan-dung-va-cong-nghiep,D24,Điểm thi THPT,2023,20.0,Kỹ thuật xây dựng/ Chuyên Xây dựng Dân dụng và công nghiệp
176297,XDA,ky-thuat-xay-dung-chuyen-xay-dung-dan-dung-va-cong-nghiep,D29,Điểm thi THPT,2023,20.0,Kỹ thuật xây dựng/ Chuyên Xây dựng Dân dụng và công nghiệp
176298,XDA,ky-thuat-xay-dung-co-08-chuyen-nganh-1-dia-ky-thuat-cong-trinh-va-ky-thuat-dia-moi-truong-2-ky-thuat-trac-dia-va-dia-tin-hoc-3-ket-cau-cong-trinh-4-cong-nghe-ky-thuat-xay-dung-5-ky-thuat-cong-trinh-thuy-6-ky-thuat-cong-trinh-nang-luong-7-ky-thuat-cong-trinh-bien-8-ky-thuat-co-so-ha-tang,A00,Điểm thi THPT,2021,18.5,Ngành Kỹ thuật xây dựng/ Có 08 chuyên ngành: 1) Địa Kỹ thuật công trình và Kỹ thuật địa môi trường; 2) Kỹ thuật Trắc địa và Địa tin học; 3) Kết cấu công trình; 4) Công nghệ kỹ thuật xây dựng; 5) Kỹ thuật Công trình thủy; 6) Kỹ thuật công trình năng lượng; 7) Kỹ thuật Công trình biển; 8) Kỹ thuật cơ sở hạ tầng.
176299,XDA,ky-thuat-xay-dung-co-08-chuyen-nganh-1-dia-ky-thuat-cong-trinh-va-ky-thuat-dia-moi-truong-2-ky-thuat-trac-dia-va-dia-tin-hoc-3-ket-cau-cong-trinh-4-cong-nghe-ky-thuat-xay-dung-5-ky-thuat-cong-trinh-thuy-6-ky-thuat-cong-trinh-nang-luong-7-ky-thuat-cong-trinh-bien-8-ky-thuat-co-so-ha-tang,A01,Điểm thi THPT,2021,18.5,Ngành Kỹ thuật xây dựng/ Có 08 chuyên ngành: 1) Địa Kỹ thuật công trình và Kỹ thuật địa môi trường; 2) Kỹ thuật Trắc địa và Địa tin học; 3) Kết cấu công trình; 4) Công nghệ kỹ thuật xây dựng; 5) Kỹ thuật Công trình thủy; 6) Kỹ thuật công trình năng lượng; 7) Kỹ thuật Công trình biển; 8) Kỹ thuật cơ sở hạ tầng.
176300,XDA,ky-thuat-xay-dung-co-08-chuyen-nganh-1-dia-ky-thuat-cong-trinh-va-ky-thuat-dia-moi-truong-2-ky-thuat-trac-dia-va-dia-tin-hoc-3-ket-cau-cong-trinh-4-cong-nghe-ky-thuat-xay-dung-5-ky-thuat-cong-trinh-thuy-6-ky-thuat-cong-trinh-nang-luong-7-ky-thuat-cong-trinh-bien-8-ky-thuat-co-so-ha-tang,D07,Điểm thi THPT,2021,18.5,Ngành Kỹ thuật xây dựng/ Có 08 chuyên ngành: 1) Địa Kỹ thuật công trình và Kỹ thuật địa môi trường; 2) Kỹ thuật Trắc địa và Địa tin học; 3) Kết cấu công trình; 4) Công nghệ kỹ thuật xây dựng; 5) Kỹ thuật Công trình thủy; 6) Kỹ thuật công trình năng lượng; 7) Kỹ thuật Công trình biển; 8) Kỹ thuật cơ sở hạ tầng.
176301,XDA,ky-thuat-xay-dung-cong-trinh-giao-thong-chuyen-nganh-xay-dung-cau-duong,A00,Điểm thi THPT,2021,17.25,Ngành Kỹ thuật xây dựng công trình giao thông/ Chuyên ngành Xây dựng Cầu đường
176302,XDA,ky-thuat-xay-dung-cong-trinh-giao-thong-chuyen-nganh-xay-dung-cau-duong,A01,Điểm thi THPT,2021,17.25,Ngành Kỹ thuật xây dựng công trình giao thông/ Chuyên ngành Xây dựng Cầu đường
176303,XDA,ky-thuat-xay-dung-cong-trinh-giao-thong-chuyen-nganh-xay-dung-cau-duong,D07,Điểm thi THPT,2021,17.25,Ngành Kỹ thuật xây dựng công trình giao thông/ Chuyên ngành Xây dựng Cầu đường
176304,XDA,ky-thuat-xay-dung-cong-trinh-giao-thong-chuyen-xay-dung-cau-duong,A00,Điểm thi THPT,2022,16.0,Kỹ thuật xây dựng công trình giao thông/ Chuyên Xây dựng Cầu đường
176305,XDA,ky-thuat-xay-dung-cong-trinh-giao-thong-chuyen-xay-dung-cau-duong,A01,Điểm thi THPT,2022,16.0,Kỹ thuật xây dựng công trình giao thông/ Chuyên Xây dựng Cầu đường
176306,XDA,ky-thuat-xay-dung-cong-trinh-giao-thong-chuyen-xay-dung-cau-duong,D07,Điểm thi THPT,2022,16.0,Kỹ thuật xây dựng công trình giao thông/ Chuyên Xây dựng Cầu đường
176307,XDA,ky-thuat-xay-dung-cong-trinh-giao-thong-chuyen-xay-dung-cau-duong,A00,Điểm thi THPT,2023,18.0,Kỹ thuật xây dựng công trình Giao thông/ Chuyên Xây dựng cầu đường
176308,XDA,ky-thuat-xay-dung-cong-trinh-giao-thong-chuyen-xay-dung-cau-duong,A01,Điểm thi THPT,2023,18.0,Kỹ thuật xây dựng công trình Giao thông/ Chuyên Xây dựng cầu đường
176309,XDA,ky-thuat-xay-dung-cong-trinh-giao-thong-chuyen-xay-dung-cau-duong,D01,Điểm thi THPT,2023,18.0,Kỹ thuật xây dựng công trình Giao thông/ Chuyên Xây dựng cầu đường
176310,XDA,ky-thuat-xay-dung-cong-trinh-giao-thong-chuyen-xay-dung-cau-duong,D07,Điểm thi THPT,2023,18.0,Kỹ thuật xây dựng công trình Giao thông/ Chuyên Xây dựng cầu đường
176311,XDA,ky-thuat-xay-dung-cong-trinh-giao-thong-duong-sat-toc-do-cao-va-duong-sat-do-thi,A00,Điểm học bạ,2025,24.34,Kỹ thuật xây dựng công trình giao thông/ Đường sắt tốc độ cao và đường sắt đô thị
176312,XDA,ky-thuat-xay-dung-cong-trinh-giao-thong-duong-sat-toc-do-cao-va-duong-sat-do-thi,A01,Điểm học bạ,2025,24.34,Kỹ thuật xây dựng công trình giao thông/ Đường sắt tốc độ cao và đường sắt đô thị
176313,XDA,ky-thuat-xay-dung-cong-trinh-giao-thong-duong-sat-toc-do-cao-va-duong-sat-do-thi,C01,Điểm học bạ,2025,24.34,Kỹ thuật xây dựng công trình giao thông/ Đường sắt tốc độ cao và đường sắt đô thị
176314,XDA,ky-thuat-xay-dung-cong-trinh-giao-thong-duong-sat-toc-do-cao-va-duong-sat-do-thi,D01,Điểm học bạ,2025,24.34,Kỹ thuật xây dựng công trình giao thông/ Đường sắt tốc độ cao và đường sắt đô thị
176315,XDA,ky-thuat-xay-dung-cong-trinh-giao-thong-duong-sat-toc-do-cao-va-duong-sat-do-thi,D07,Điểm học bạ,2025,24.34,Kỹ thuật xây dựng công trình giao thông/ Đường sắt tốc độ cao và đường sắt đô thị
176316,XDA,ky-thuat-xay-dung-cong-trinh-giao-thong-duong-sat-toc-do-cao-va-duong-sat-do-thi,X06,Điểm học bạ,2025,24.34,Kỹ thuật xây dựng công trình giao thông/ Đường sắt tốc độ cao và đường sắt đô thị
176317,XDA,ky-thuat-xay-dung-cong-trinh-giao-thong-duong-sat-toc-do-cao-va-duong-sat-do-thi,A00,Điểm thi THPT,2025,22.45,Kỹ thuật xây dựng công trình giao thông/ Đường sắt tốc độ cao và đường sắt đô thị
176318,XDA,ky-thuat-xay-dung-cong-trinh-giao-thong-duong-sat-toc-do-cao-va-duong-sat-do-thi,A01,Điểm thi THPT,2025,22.45,Kỹ thuật xây dựng công trình giao thông/ Đường sắt tốc độ cao và đường sắt đô thị
176319,XDA,ky-thuat-xay-dung-cong-trinh-giao-thong-duong-sat-toc-do-cao-va-duong-sat-do-thi,C01,Điểm thi THPT,2025,22.45,Kỹ thuật xây dựng công trình giao thông/ Đường sắt tốc độ cao và đường sắt đô thị
176320,XDA,ky-thuat-xay-dung-cong-trinh-giao-thong-duong-sat-toc-do-cao-va-duong-sat-do-thi,D01,Điểm thi THPT,2025,22.45,Kỹ thuật xây dựng công trình giao thông/ Đường sắt tốc độ cao và đường sắt đô thị
176321,XDA,ky-thuat-xay-dung-cong-trinh-giao-thong-duong-sat-toc-do-cao-va-duong-sat-do-thi,D07,Điểm thi THPT,2025,22.45,Kỹ thuật xây dựng công trình giao thông/ Đường sắt tốc độ cao và đường sắt đô thị
176322,XDA,ky-thuat-xay-dung-cong-trinh-giao-thong-duong-sat-toc-do-cao-va-duong-sat-do-thi,X06,Điểm thi THPT,2025,22.45,Kỹ thuật xây dựng công trình giao thông/ Đường sắt tốc độ cao và đường sắt đô thị
176323,XDA,ky-thuat-xay-dung-cong-trinh-giao-thong-xay-dung-cau-duong,A00,Điểm học bạ,2023,24.62,Kỹ thuật xây dựng công trình giao thông/ Xây dựng Cầu đường
176324,XDA,ky-thuat-xay-dung-cong-trinh-giao-thong-xay-dung-cau-duong,A01,Điểm học bạ,2023,24.62,Kỹ thuật xây dựng công trình giao thông/ Xây dựng Cầu đường
176325,XDA,ky-thuat-xay-dung-cong-trinh-giao-thong-xay-dung-cau-duong,D01,Điểm học bạ,2023,24.62,Kỹ thuật xây dựng công trình giao thông/ Xây dựng Cầu đường
176326,XDA,ky-thuat-xay-dung-cong-trinh-giao-thong-xay-dung-cau-duong,D07,Điểm học bạ,2023,24.62,Kỹ thuật xây dựng công trình giao thông/ Xây dựng Cầu đường
176327,XDA,ky-thuat-xay-dung-cong-trinh-giao-thong-xay-dung-cau-duong,A00,Điểm học bạ,2024,24.75,Kỹ thuật xây dựng công trình Giao thông/ Xây dựng Cầu đường
176328,XDA,ky-thuat-xay-dung-cong-trinh-giao-thong-xay-dung-cau-duong,A01,Điểm học bạ,2024,24.75,Kỹ thuật xây dựng công trình Giao thông/ Xây dựng Cầu đường
176329,XDA,ky-thuat-xay-dung-cong-trinh-giao-thong-xay-dung-cau-duong,D01,Điểm học bạ,2024,24.75,Kỹ thuật xây dựng công trình Giao thông/ Xây dựng Cầu đường
176330,XDA,ky-thuat-xay-dung-cong-trinh-giao-thong-xay-dung-cau-duong,D07,Điểm học bạ,2024,24.75,Kỹ thuật xây dựng công trình Giao thông/ Xây dựng Cầu đường
176331,XDA,ky-thuat-xay-dung-cong-trinh-giao-thong-xay-dung-cau-duong,A00,Điểm thi THPT,2024,21.45,Kỹ thuật xây dựng công trình Giao thông/ Xây dựng Cầu đường
176332,XDA,ky-thuat-xay-dung-cong-trinh-giao-thong-xay-dung-cau-duong,A01,Điểm thi THPT,2024,21.45,Kỹ thuật xây dựng công trình Giao thông/ Xây dựng Cầu đường
176333,XDA,ky-thuat-xay-dung-cong-trinh-giao-thong-xay-dung-cau-duong,D01,Điểm thi THPT,2024,21.45,Kỹ thuật xây dựng công trình Giao thông/ Xây dựng Cầu đường
176334,XDA,ky-thuat-xay-dung-cong-trinh-giao-thong-xay-dung-cau-duong,D07,Điểm thi THPT,2024,21.45,Kỹ thuật xây dựng công trình Giao thông/ Xây dựng Cầu đường
176335,XDA,ky-thuat-xay-dung-cong-trinh-giao-thong-xay-dung-cau-duong,A00,Điểm học bạ,2025,24.75,Kỹ thuật xây dựng công trình Giao thông/ Xây dựng Cầu đường
176336,XDA,ky-thuat-xay-dung-cong-trinh-giao-thong-xay-dung-cau-duong,A01,Điểm học bạ,2025,24.75,Kỹ thuật xây dựng công trình Giao thông/ Xây dựng Cầu đường
176337,XDA,ky-thuat-xay-dung-cong-trinh-giao-thong-xay-dung-cau-duong,C01,Điểm học bạ,2025,24.75,Kỹ thuật xây dựng công trình Giao thông/ Xây dựng Cầu đường
176338,XDA,ky-thuat-xay-dung-cong-trinh-giao-thong-xay-dung-cau-duong,D01,Điểm học bạ,2025,24.75,Kỹ thuật xây dựng công trình Giao thông/ Xây dựng Cầu đường
176339,XDA,ky-thuat-xay-dung-cong-trinh-giao-thong-xay-dung-cau-duong,D07,Điểm học bạ,2025,24.75,Kỹ thuật xây dựng công trình Giao thông/ Xây dựng Cầu đường
176340,XDA,ky-thuat-xay-dung-cong-trinh-giao-thong-xay-dung-cau-duong,X06,Điểm học bạ,2025,24.75,Kỹ thuật xây dựng công trình Giao thông/ Xây dựng Cầu đường
176341,XDA,ky-thuat-xay-dung-cong-trinh-giao-thong-xay-dung-cau-duong,A00,Điểm thi THPT,2025,23.0,Kỹ thuật xây dựng công trình Giao thông/ Xây dựng Cầu đường
176342,XDA,ky-thuat-xay-dung-cong-trinh-giao-thong-xay-dung-cau-duong,A01,Điểm thi THPT,2025,23.0,Kỹ thuật xây dựng công trình Giao thông/ Xây dựng Cầu đường
176343,XDA,ky-thuat-xay-dung-cong-trinh-giao-thong-xay-dung-cau-duong,C01,Điểm thi THPT,2025,23.0,Kỹ thuật xây dựng công trình Giao thông/ Xây dựng Cầu đường
176344,XDA,ky-thuat-xay-dung-cong-trinh-giao-thong-xay-dung-cau-duong,D01,Điểm thi THPT,2025,23.0,Kỹ thuật xây dựng công trình Giao thông/ Xây dựng Cầu đường
176345,XDA,ky-thuat-xay-dung-cong-trinh-giao-thong-xay-dung-cau-duong,D07,Điểm thi THPT,2025,23.0,Kỹ thuật xây dựng công trình Giao thông/ Xây dựng Cầu đường
176346,XDA,ky-thuat-xay-dung-cong-trinh-giao-thong-xay-dung-cau-duong,X06,Điểm thi THPT,2025,23.0,Kỹ thuật xây dựng công trình Giao thông/ Xây dựng Cầu đường
176347,XDA,ky-thuat-xay-dung-he-thong-ky-thuat-trong-cong-trinh,A00,Điểm học bạ,2023,25.13,Kỹ thuật xây dựng/ Hệ thống kỹ thuật trong công trình
176348,XDA,ky-thuat-xay-dung-he-thong-ky-thuat-trong-cong-trinh,A01,Điểm học bạ,2023,25.13,Kỹ thuật xây dựng/ Hệ thống kỹ thuật trong công trình
176349,XDA,ky-thuat-xay-dung-he-thong-ky-thuat-trong-cong-trinh,D07,Điểm học bạ,2023,25.13,Kỹ thuật xây dựng/ Hệ thống kỹ thuật trong công trình
176350,XDA,ky-thuat-xay-dung-he-thong-ky-thuat-trong-cong-trinh,A00,Điểm học bạ,2024,23.0,Kỹ thuật xây dựng/ Hệ thống kỹ thuật trong công trình
176351,XDA,ky-thuat-xay-dung-he-thong-ky-thuat-trong-cong-trinh,A01,Điểm học bạ,2024,23.0,Kỹ thuật xây dựng/ Hệ thống kỹ thuật trong công trình
176352,XDA,ky-thuat-xay-dung-he-thong-ky-thuat-trong-cong-trinh,D07,Điểm học bạ,2024,23.0,Kỹ thuật xây dựng/ Hệ thống kỹ thuật trong công trình
176353,XDA,ky-thuat-xay-dung-he-thong-ky-thuat-trong-cong-trinh,A00,Điểm thi THPT,2024,22.3,Kỹ thuật xây dựng/ Hệ thống kỹ thuật trong công trình
176354,XDA,ky-thuat-xay-dung-he-thong-ky-thuat-trong-cong-trinh,A01,Điểm thi THPT,2024,22.3,Kỹ thuật xây dựng/ Hệ thống kỹ thuật trong công trình
176355,XDA,ky-thuat-xay-dung-he-thong-ky-thuat-trong-cong-trinh,D07,Điểm thi THPT,2024,22.3,Kỹ thuật xây dựng/ Hệ thống kỹ thuật trong công trình
176356,XDA,ky-thuat-xay-dung-he-thong-ky-thuat-trong-cong-trinh,A00,Điểm học bạ,2025,24.94,Kỹ thuật xây dựng/ Hệ thống kỹ thuật trong công trình
176357,XDA,ky-thuat-xay-dung-he-thong-ky-thuat-trong-cong-trinh,A01,Điểm học bạ,2025,24.94,Kỹ thuật xây dựng/ Hệ thống kỹ thuật trong công trình
176358,XDA,ky-thuat-xay-dung-he-thong-ky-thuat-trong-cong-trinh,C01,Điểm học bạ,2025,24.94,Kỹ thuật xây dựng/ Hệ thống kỹ thuật trong công trình
176359,XDA,ky-thuat-xay-dung-he-thong-ky-thuat-trong-cong-trinh,D07,Điểm học bạ,2025,24.94,Kỹ thuật xây dựng/ Hệ thống kỹ thuật trong công trình
176360,XDA,ky-thuat-xay-dung-he-thong-ky-thuat-trong-cong-trinh,X06,Điểm học bạ,2025,24.94,Kỹ thuật xây dựng/ Hệ thống kỹ thuật trong công trình
176361,XDA,ky-thuat-xay-dung-he-thong-ky-thuat-trong-cong-trinh,A00,Điểm thi THPT,2025,23.25,Kỹ thuật xây dựng/ Hệ thống kỹ thuật trong công trình
176362,XDA,ky-thuat-xay-dung-he-thong-ky-thuat-trong-cong-trinh,A01,Điểm thi THPT,2025,23.25,Kỹ thuật xây dựng/ Hệ thống kỹ thuật trong công trình
176363,XDA,ky-thuat-xay-dung-he-thong-ky-thuat-trong-cong-trinh,C01,Điểm thi THPT,2025,23.25,Kỹ thuật xây dựng/ Hệ thống kỹ thuật trong công trình
176364,XDA,ky-thuat-xay-dung-he-thong-ky-thuat-trong-cong-trinh,D07,Điểm thi THPT,2025,23.25,Kỹ thuật xây dựng/ Hệ thống kỹ thuật trong công trình
176365,XDA,ky-thuat-xay-dung-he-thong-ky-thuat-trong-cong-trinh,X06,Điểm thi THPT,2025,23.25,Kỹ thuật xây dựng/ Hệ thống kỹ thuật trong công trình
176366,XDA,ky-thuat-xay-dung-ky-thuat-cong-trinh-bien,A00,Điểm học bạ,2024,22.5,Kỹ thuật xây dựng/ Kỹ thuật công trình biển
176367,XDA,ky-thuat-xay-dung-ky-thuat-cong-trinh-bien,A01,Điểm học bạ,2024,22.5,Kỹ thuật xây dựng/ Kỹ thuật công trình biển
176368,XDA,ky-thuat-xay-dung-ky-thuat-cong-trinh-bien,D01,Điểm học bạ,2024,22.5,Kỹ thuật xây dựng/ Kỹ thuật công trình biển
176369,XDA,ky-thuat-xay-dung-ky-thuat-cong-trinh-bien,D07,Điểm học bạ,2024,22.5,Kỹ thuật xây dựng/ Kỹ thuật công trình biển
176370,XDA,ky-thuat-xay-dung-ky-thuat-cong-trinh-bien,A00,Điểm thi THPT,2024,17.0,Kỹ thuật xây dựng/ Kỹ thuật công trình biển
176371,XDA,ky-thuat-xay-dung-ky-thuat-cong-trinh-bien,A01,Điểm thi THPT,2024,17.0,Kỹ thuật xây dựng/ Kỹ thuật công trình biển
176372,XDA,ky-thuat-xay-dung-ky-thuat-cong-trinh-bien,D01,Điểm thi THPT,2024,17.0,Kỹ thuật xây dựng/ Kỹ thuật công trình biển
176373,XDA,ky-thuat-xay-dung-ky-thuat-cong-trinh-bien,D07,Điểm thi THPT,2024,17.0,Kỹ thuật xây dựng/ Kỹ thuật công trình biển
176374,XDA,ky-thuat-xay-dung-ky-thuat-cong-trinh-bien,A00,Điểm học bạ,2025,24.31,Kỹ thuật xây dựng/ Kỹ thuật công trình biển
176375,XDA,ky-thuat-xay-dung-ky-thuat-cong-trinh-bien,A01,Điểm học bạ,2025,24.31,Kỹ thuật xây dựng/ Kỹ thuật công trình biển
176376,XDA,ky-thuat-xay-dung-ky-thuat-cong-trinh-bien,C01,Điểm học bạ,2025,24.31,Kỹ thuật xây dựng/ Kỹ thuật công trình biển
176377,XDA,ky-thuat-xay-dung-ky-thuat-cong-trinh-bien,D01,Điểm học bạ,2025,24.31,Kỹ thuật xây dựng/ Kỹ thuật công trình biển
176378,XDA,ky-thuat-xay-dung-ky-thuat-cong-trinh-bien,D07,Điểm học bạ,2025,24.31,Kỹ thuật xây dựng/ Kỹ thuật công trình biển
176379,XDA,ky-thuat-xay-dung-ky-thuat-cong-trinh-bien,X06,Điểm học bạ,2025,24.31,Kỹ thuật xây dựng/ Kỹ thuật công trình biển
176380,XDA,ky-thuat-xay-dung-ky-thuat-cong-trinh-bien,A00,Điểm thi THPT,2025,22.4,Kỹ thuật xây dựng/ Kỹ thuật công trình biển
176381,XDA,ky-thuat-xay-dung-ky-thuat-cong-trinh-bien,A01,Điểm thi THPT,2025,22.4,Kỹ thuật xây dựng/ Kỹ thuật công trình biển
176382,XDA,ky-thuat-xay-dung-ky-thuat-cong-trinh-bien,C01,Điểm thi THPT,2025,22.4,Kỹ thuật xây dựng/ Kỹ thuật công trình biển
176383,XDA,ky-thuat-xay-dung-ky-thuat-cong-trinh-bien,D01,Điểm thi THPT,2025,22.4,Kỹ thuật xây dựng/ Kỹ thuật công trình biển
176384,XDA,ky-thuat-xay-dung-ky-thuat-cong-trinh-bien,D07,Điểm thi THPT,2025,22.4,Kỹ thuật xây dựng/ Kỹ thuật công trình biển
176385,XDA,ky-thuat-xay-dung-ky-thuat-cong-trinh-bien,X06,Điểm thi THPT,2025,22.4,Kỹ thuật xây dựng/ Kỹ thuật công trình biển
176386,XDA,ky-thuat-xay-dung-ky-thuat-cong-trinh-thuy,A00,Điểm học bạ,2024,22.5,Kỹ thuật xây dựng/ Kỹ thuật Công trình thủy
176387,XDA,ky-thuat-xay-dung-ky-thuat-cong-trinh-thuy,A01,Điểm học bạ,2024,22.5,Kỹ thuật xây dựng/ Kỹ thuật Công trình thủy
176388,XDA,ky-thuat-xay-dung-ky-thuat-cong-trinh-thuy,D01,Điểm học bạ,2024,22.5,Kỹ thuật xây dựng/ Kỹ thuật Công trình thủy
176389,XDA,ky-thuat-xay-dung-ky-thuat-cong-trinh-thuy,D07,Điểm học bạ,2024,22.5,Kỹ thuật xây dựng/ Kỹ thuật Công trình thủy
176390,XDA,ky-thuat-xay-dung-ky-thuat-cong-trinh-thuy,A00,Điểm thi THPT,2024,17.0,Kỹ thuật xây dựng/Kỹ thuật công trình thủy
176391,XDA,ky-thuat-xay-dung-ky-thuat-cong-trinh-thuy,A01,Điểm thi THPT,2024,17.0,Kỹ thuật xây dựng/Kỹ thuật công trình thủy
176392,XDA,ky-thuat-xay-dung-ky-thuat-cong-trinh-thuy,D01,Điểm thi THPT,2024,17.0,Kỹ thuật xây dựng/Kỹ thuật công trình thủy
176393,XDA,ky-thuat-xay-dung-ky-thuat-cong-trinh-thuy,D07,Điểm thi THPT,2024,17.0,Kỹ thuật xây dựng/Kỹ thuật công trình thủy
176394,XDA,ky-thuat-xay-dung-ky-thuat-cong-trinh-thuy,A00,Điểm học bạ,2025,24.38,Kỹ thuật xây dựng/ Kỹ thuật công trình thủy
176395,XDA,ky-thuat-xay-dung-ky-thuat-cong-trinh-thuy,A01,Điểm học bạ,2025,24.38,Kỹ thuật xây dựng/ Kỹ thuật công trình thủy
176396,XDA,ky-thuat-xay-dung-ky-thuat-cong-trinh-thuy,C01,Điểm học bạ,2025,24.38,Kỹ thuật xây dựng/ Kỹ thuật công trình thủy
176397,XDA,ky-thuat-xay-dung-ky-thuat-cong-trinh-thuy,D01,Điểm học bạ,2025,24.38,Kỹ thuật xây dựng/ Kỹ thuật công trình thủy
176398,XDA,ky-thuat-xay-dung-ky-thuat-cong-trinh-thuy,D07,Điểm học bạ,2025,24.38,Kỹ thuật xây dựng/ Kỹ thuật công trình thủy
176399,XDA,ky-thuat-xay-dung-ky-thuat-cong-trinh-thuy,X06,Điểm học bạ,2025,24.38,Kỹ thuật xây dựng/ Kỹ thuật công trình thủy
176400,XDA,ky-thuat-xay-dung-ky-thuat-cong-trinh-thuy,A00,Điểm thi THPT,2025,22.5,Kỹ thuật xây dựng/ Kỹ thuật công trình thủy
176401,XDA,ky-thuat-xay-dung-ky-thuat-cong-trinh-thuy,A01,Điểm thi THPT,2025,22.5,Kỹ thuật xây dựng/ Kỹ thuật công trình thủy
176402,XDA,ky-thuat-xay-dung-ky-thuat-cong-trinh-thuy,C01,Điểm thi THPT,2025,22.5,Kỹ thuật xây dựng/ Kỹ thuật công trình thủy
176403,XDA,ky-thuat-xay-dung-ky-thuat-cong-trinh-thuy,D01,Điểm thi THPT,2025,22.5,Kỹ thuật xây dựng/ Kỹ thuật công trình thủy
176404,XDA,ky-thuat-xay-dung-ky-thuat-cong-trinh-thuy,D07,Điểm thi THPT,2025,22.5,Kỹ thuật xây dựng/ Kỹ thuật công trình thủy
176405,XDA,ky-thuat-xay-dung-ky-thuat-cong-trinh-thuy,X06,Điểm thi THPT,2025,22.5,Kỹ thuật xây dựng/ Kỹ thuật công trình thủy
176406,XDA,ky-thuat-xay-dung-tin-hoc-xay-dung,A00,Điểm học bạ,2023,26.13,Kỹ thuật xây dựng/ Tin học xây dựng
176407,XDA,ky-thuat-xay-dung-tin-hoc-xay-dung,A01,Điểm học bạ,2023,26.13,Kỹ thuật xây dựng/ Tin học xây dựng
176408,XDA,ky-thuat-xay-dung-tin-hoc-xay-dung,D01,Điểm học bạ,2023,26.13,Kỹ thuật xây dựng/ Tin học xây dựng
176409,XDA,ky-thuat-xay-dung-tin-hoc-xay-dung,D07,Điểm học bạ,2023,26.13,Kỹ thuật xây dựng/ Tin học xây dựng
176410,XDA,ky-thuat-xay-dung-tin-hoc-xay-dung,A00,Điểm học bạ,2024,24.75,Kỹ thuật xây dựng/ Tin học xây dựng
176411,XDA,ky-thuat-xay-dung-tin-hoc-xay-dung,A01,Điểm học bạ,2024,24.75,Kỹ thuật xây dựng/ Tin học xây dựng
176412,XDA,ky-thuat-xay-dung-tin-hoc-xay-dung,D01,Điểm học bạ,2024,24.75,Kỹ thuật xây dựng/ Tin học xây dựng
176413,XDA,ky-thuat-xay-dung-tin-hoc-xay-dung,D07,Điểm học bạ,2024,24.75,Kỹ thuật xây dựng/ Tin học xây dựng
176414,XDA,ky-thuat-xay-dung-tin-hoc-xay-dung,A00,Điểm thi THPT,2024,23.2,Kỹ thuật xây dựng/ Tin học xây dựng
176415,XDA,ky-thuat-xay-dung-tin-hoc-xay-dung,A01,Điểm thi THPT,2024,23.2,Kỹ thuật xây dựng/ Tin học xây dựng
176416,XDA,ky-thuat-xay-dung-tin-hoc-xay-dung,D01,Điểm thi THPT,2024,23.2,Kỹ thuật xây dựng/ Tin học xây dựng
176417,XDA,ky-thuat-xay-dung-tin-hoc-xay-dung,D07,Điểm thi THPT,2024,23.2,Kỹ thuật xây dựng/ Tin học xây dựng
176418,XDA,ky-thuat-xay-dung-tin-hoc-xay-dung,A00,Điểm học bạ,2025,25.39,Kỹ thuật xây dựng/ Tin học xây dựng
176419,XDA,ky-thuat-xay-dung-tin-hoc-xay-dung,A01,Điểm học bạ,2025,25.39,Kỹ thuật xây dựng/ Tin học xây dựng
176420,XDA,ky-thuat-xay-dung-tin-hoc-xay-dung,C01,Điểm học bạ,2025,25.39,Kỹ thuật xây dựng/ Tin học xây dựng
176421,XDA,ky-thuat-xay-dung-tin-hoc-xay-dung,D01,Điểm học bạ,2025,25.39,Kỹ thuật xây dựng/ Tin học xây dựng
176422,XDA,ky-thuat-xay-dung-tin-hoc-xay-dung,D07,Điểm học bạ,2025,25.39,Kỹ thuật xây dựng/ Tin học xây dựng
176423,XDA,ky-thuat-xay-dung-tin-hoc-xay-dung,X06,Điểm học bạ,2025,25.39,Kỹ thuật xây dựng/ Tin học xây dựng
176424,XDA,ky-thuat-xay-dung-tin-hoc-xay-dung,A00,Điểm thi THPT,2025,23.85,Kỹ thuật xây dựng/ Tin học xây dựng
176425,XDA,ky-thuat-xay-dung-tin-hoc-xay-dung,A01,Điểm thi THPT,2025,23.85,Kỹ thuật xây dựng/ Tin học xây dựng
176426,XDA,ky-thuat-xay-dung-tin-hoc-xay-dung,C01,Điểm thi THPT,2025,23.85,Kỹ thuật xây dựng/ Tin học xây dựng
176427,XDA,ky-thuat-xay-dung-tin-hoc-xay-dung,D01,Điểm thi THPT,2025,23.85,Kỹ thuật xây dựng/ Tin học xây dựng
176428,XDA,ky-thuat-xay-dung-tin-hoc-xay-dung,D07,Điểm thi THPT,2025,23.85,Kỹ thuật xây dựng/ Tin học xây dựng
176429,XDA,ky-thuat-xay-dung-tin-hoc-xay-dung,X06,Điểm thi THPT,2025,23.85,Kỹ thuật xây dựng/ Tin học xây dựng
176430,XDA,ky-thuat-xay-dung-xay-dung-dan-dung-va-cong-nghiep,A00,Điểm học bạ,2024,24.75,Kỹ thuật xây dựng/ Xây dựng Dân dụng và Công nghiệp
176431,XDA,ky-thuat-xay-dung-xay-dung-dan-dung-va-cong-nghiep,A01,Điểm học bạ,2024,24.75,Kỹ thuật xây dựng/ Xây dựng Dân dụng và Công nghiệp
176432,XDA,ky-thuat-xay-dung-xay-dung-dan-dung-va-cong-nghiep,D07,Điểm học bạ,2024,24.75,Kỹ thuật xây dựng/ Xây dựng Dân dụng và Công nghiệp
176433,XDA,ky-thuat-xay-dung-xay-dung-dan-dung-va-cong-nghiep,D24,Điểm học bạ,2024,24.75,Kỹ thuật xây dựng/ Xây dựng Dân dụng và Công nghiệp
176434,XDA,ky-thuat-xay-dung-xay-dung-dan-dung-va-cong-nghiep,D29,Điểm học bạ,2024,24.75,Kỹ thuật xây dựng/ Xây dựng Dân dụng và Công nghiệp
176435,XDA,ky-thuat-xay-dung-xay-dung-dan-dung-va-cong-nghiep,A00,Điểm thi THPT,2024,22.5,Kỹ thuật xây dựng/ Xây dựng Dân dụng và Công nghiệp
176436,XDA,ky-thuat-xay-dung-xay-dung-dan-dung-va-cong-nghiep,A01,Điểm thi THPT,2024,22.5,Kỹ thuật xây dựng/ Xây dựng Dân dụng và Công nghiệp
176437,XDA,ky-thuat-xay-dung-xay-dung-dan-dung-va-cong-nghiep,D07,Điểm thi THPT,2024,22.5,Kỹ thuật xây dựng/ Xây dựng Dân dụng và Công nghiệp
176438,XDA,ky-thuat-xay-dung-xay-dung-dan-dung-va-cong-nghiep,D24,Điểm thi THPT,2024,22.5,Kỹ thuật xây dựng/ Xây dựng Dân dụng và Công nghiệp
176439,XDA,ky-thuat-xay-dung-xay-dung-dan-dung-va-cong-nghiep,D29,Điểm thi THPT,2024,22.5,Kỹ thuật xây dựng/ Xây dựng Dân dụng và Công nghiệp
176440,XDA,ky-thuat-xay-dung-xay-dung-dan-dung-va-cong-nghiep,A00,Điểm học bạ,2025,25.5,Kỹ thuật xây dựng/ Xây dựng Dân dụng và Công nghiệp
176441,XDA,ky-thuat-xay-dung-xay-dung-dan-dung-va-cong-nghiep,A01,Điểm học bạ,2025,25.5,Kỹ thuật xây dựng/ Xây dựng Dân dụng và Công nghiệp
176442,XDA,ky-thuat-xay-dung-xay-dung-dan-dung-va-cong-nghiep,C01,Điểm học bạ,2025,25.5,Kỹ thuật xây dựng/ Xây dựng Dân dụng và Công nghiệp
176443,XDA,ky-thuat-xay-dung-xay-dung-dan-dung-va-cong-nghiep,D07,Điểm học bạ,2025,25.5,Kỹ thuật xây dựng/ Xây dựng Dân dụng và Công nghiệp
176444,XDA,ky-thuat-xay-dung-xay-dung-dan-dung-va-cong-nghiep,D24,Điểm học bạ,2025,25.5,Kỹ thuật xây dựng/ Xây dựng Dân dụng và Công nghiệp
176445,XDA,ky-thuat-xay-dung-xay-dung-dan-dung-va-cong-nghiep,D29,Điểm học bạ,2025,25.5,Kỹ thuật xây dựng/ Xây dựng Dân dụng và Công nghiệp
176446,XDA,ky-thuat-xay-dung-xay-dung-dan-dung-va-cong-nghiep,X06,Điểm học bạ,2025,25.5,Kỹ thuật xây dựng/ Xây dựng Dân dụng và Công nghiệp
176447,XDA,ky-thuat-xay-dung-xay-dung-dan-dung-va-cong-nghiep,A00,Điểm thi THPT,2025,24.0,Kỹ thuật xây dựng/ Xây dựng Dân dụng và Công nghiệp
176448,XDA,ky-thuat-xay-dung-xay-dung-dan-dung-va-cong-nghiep,A01,Điểm thi THPT,2025,24.0,Kỹ thuật xây dựng/ Xây dựng Dân dụng và Công nghiệp
176449,XDA,ky-thuat-xay-dung-xay-dung-dan-dung-va-cong-nghiep,C01,Điểm thi THPT,2025,24.0,Kỹ thuật xây dựng/ Xây dựng Dân dụng và Công nghiệp
176450,XDA,ky-thuat-xay-dung-xay-dung-dan-dung-va-cong-nghiep,D07,Điểm thi THPT,2025,24.0,Kỹ thuật xây dựng/ Xây dựng Dân dụng và Công nghiệp
176451,XDA,ky-thuat-xay-dung-xay-dung-dan-dung-va-cong-nghiep,D24,Điểm thi THPT,2025,24.0,Kỹ thuật xây dựng/ Xây dựng Dân dụng và Công nghiệp
176452,XDA,ky-thuat-xay-dung-xay-dung-dan-dung-va-cong-nghiep,D29,Điểm thi THPT,2025,24.0,Kỹ thuật xây dựng/ Xây dựng Dân dụng và Công nghiệp
176453,XDA,ky-thuat-xay-dung-xay-dung-dan-dung-va-cong-nghiep,X06,Điểm thi THPT,2025,24.0,Kỹ thuật xây dựng/ Xây dựng Dân dụng và Công nghiệp
176454,XDA,logistics-va-quan-ly-chuoi-cung-ung,A00,Điểm thi THPT,2021,24.75,Ngành Logistics và Quản lý chuỗi cung ứng
176455,XDA,logistics-va-quan-ly-chuoi-cung-ung,A01,Điểm thi THPT,2021,24.75,Ngành Logistics và Quản lý chuỗi cung ứng
176456,XDA,logistics-va-quan-ly-chuoi-cung-ung,D01,Điểm thi THPT,2021,24.75,Ngành Logistics và Quản lý chuỗi cung ứng
176457,XDA,logistics-va-quan-ly-chuoi-cung-ung,D07,Điểm thi THPT,2021,24.75,Ngành Logistics và Quản lý chuỗi cung ứng
176458,XDA,logistics-va-quan-ly-chuoi-cung-ung,A00,Điểm thi THPT,2022,25.0,Logistics và Quản lý chuỗi cung ứng
176459,XDA,logistics-va-quan-ly-chuoi-cung-ung,A01,Điểm thi THPT,2022,25.0,Logistics và Quản lý chuỗi cung ứng
176460,XDA,logistics-va-quan-ly-chuoi-cung-ung,D01,Điểm thi THPT,2022,25.0,Logistics và Quản lý chuỗi cung ứng
176461,XDA,logistics-va-quan-ly-chuoi-cung-ung,D07,Điểm thi THPT,2022,25.0,Logistics và Quản lý chuỗi cung ứng
176462,XDA,logistics-va-quan-ly-chuoi-cung-ung,A00,Điểm thi THPT,2023,24.49,Logistics và Quản lý chuỗi cung ứng
176463,XDA,logistics-va-quan-ly-chuoi-cung-ung,A01,Điểm thi THPT,2023,24.49,Logistics và Quản lý chuỗi cung ứng
176464,XDA,logistics-va-quan-ly-chuoi-cung-ung,D01,Điểm thi THPT,2023,24.49,Logistics và Quản lý chuỗi cung ứng
176465,XDA,logistics-va-quan-ly-chuoi-cung-ung,D07,Điểm thi THPT,2023,24.49,Logistics và Quản lý chuỗi cung ứng
176466,XDA,logistics-va-quan-ly-chuoi-cung-ung,A00,Điểm học bạ,2024,27.5,Logistics và Quản lý chuỗi cung ứng
176467,XDA,logistics-va-quan-ly-chuoi-cung-ung,A01,Điểm học bạ,2024,27.5,Logistics và Quản lý chuỗi cung ứng
176468,XDA,logistics-va-quan-ly-chuoi-cung-ung,D01,Điểm học bạ,2024,27.5,Logistics và Quản lý chuỗi cung ứng
176469,XDA,logistics-va-quan-ly-chuoi-cung-ung,D07,Điểm học bạ,2024,27.5,Logistics và Quản lý chuỗi cung ứng
176470,XDA,logistics-va-quan-ly-chuoi-cung-ung,A00,Điểm thi THPT,2024,24.8,Logistics và Quản lý chuỗi cung ứng
176471,XDA,logistics-va-quan-ly-chuoi-cung-ung,A01,Điểm thi THPT,2024,24.8,Logistics và Quản lý chuỗi cung ứng
176472,XDA,logistics-va-quan-ly-chuoi-cung-ung,D01,Điểm thi THPT,2024,24.8,Logistics và Quản lý chuỗi cung ứng
176473,XDA,logistics-va-quan-ly-chuoi-cung-ung,D07,Điểm thi THPT,2024,24.8,Logistics và Quản lý chuỗi cung ứng
176474,XDA,logistics-va-quan-ly-chuoi-cung-ung,A00,Điểm học bạ,2025,27.0,Logistics và Quản lý chuỗi cung ứng (*)
176475,XDA,logistics-va-quan-ly-chuoi-cung-ung,A01,Điểm học bạ,2025,27.0,Logistics và Quản lý chuỗi cung ứng (*)
176476,XDA,logistics-va-quan-ly-chuoi-cung-ung,C01,Điểm học bạ,2025,27.0,Logistics và Quản lý chuỗi cung ứng (*)
176477,XDA,logistics-va-quan-ly-chuoi-cung-ung,D01,Điểm học bạ,2025,27.0,Logistics và Quản lý chuỗi cung ứng (*)
176478,XDA,logistics-va-quan-ly-chuoi-cung-ung,D07,Điểm học bạ,2025,27.0,Logistics và Quản lý chuỗi cung ứng (*)
176479,XDA,logistics-va-quan-ly-chuoi-cung-ung,X05,Điểm học bạ,2025,27.0,Logistics và Quản lý chuỗi cung ứng (*)
176480,XDA,logistics-va-quan-ly-chuoi-cung-ung,X06,Điểm học bạ,2025,27.0,Logistics và Quản lý chuỗi cung ứng (*)
176481,XDA,logistics-va-quan-ly-chuoi-cung-ung,X26,Điểm học bạ,2025,27.0,Logistics và Quản lý chuỗi cung ứng (*)
176482,XDA,logistics-va-quan-ly-chuoi-cung-ung,A00,Điểm thi THPT,2025,26.0,Logistics và Quản lý chuỗi cung ứng
176483,XDA,logistics-va-quan-ly-chuoi-cung-ung,A01,Điểm thi THPT,2025,26.0,Logistics và Quản lý chuỗi cung ứng
176484,XDA,logistics-va-quan-ly-chuoi-cung-ung,C01,Điểm thi THPT,2025,26.0,Logistics và Quản lý chuỗi cung ứng
176485,XDA,logistics-va-quan-ly-chuoi-cung-ung,D01,Điểm thi THPT,2025,26.0,Logistics và Quản lý chuỗi cung ứng
176486,XDA,logistics-va-quan-ly-chuoi-cung-ung,D07,Điểm thi THPT,2025,26.0,Logistics và Quản lý chuỗi cung ứng
176487,XDA,logistics-va-quan-ly-chuoi-cung-ung,X05,Điểm thi THPT,2025,26.0,Logistics và Quản lý chuỗi cung ứng
176488,XDA,logistics-va-quan-ly-chuoi-cung-ung,X06,Điểm thi THPT,2025,26.0,Logistics và Quản lý chuỗi cung ứng
176489,XDA,logistics-va-quan-ly-chuoi-cung-ung,X26,Điểm thi THPT,2025,26.0,Logistics và Quản lý chuỗi cung ứng
176490,XDA,logistics-va-quan-ly-chuoi-cung-ung-logistics-cong-nghiep,A00,Điểm học bạ,2025,26.4,Logistics và Quản lý chuỗi cung ứng/ Logistics công nghiệp (*)
176491,XDA,logistics-va-quan-ly-chuoi-cung-ung-logistics-cong-nghiep,A01,Điểm học bạ,2025,26.4,Logistics và Quản lý chuỗi cung ứng/ Logistics công nghiệp (*)
176492,XDA,logistics-va-quan-ly-chuoi-cung-ung-logistics-cong-nghiep,C01,Điểm học bạ,2025,26.4,Logistics và Quản lý chuỗi cung ứng/ Logistics công nghiệp (*)
176493,XDA,logistics-va-quan-ly-chuoi-cung-ung-logistics-cong-nghiep,D01,Điểm học bạ,2025,26.4,Logistics và Quản lý chuỗi cung ứng/ Logistics công nghiệp (*)
176494,XDA,logistics-va-quan-ly-chuoi-cung-ung-logistics-cong-nghiep,D07,Điểm học bạ,2025,26.4,Logistics và Quản lý chuỗi cung ứng/ Logistics công nghiệp (*)
176495,XDA,logistics-va-quan-ly-chuoi-cung-ung-logistics-cong-nghiep,X05,Điểm học bạ,2025,26.4,Logistics và Quản lý chuỗi cung ứng/ Logistics công nghiệp (*)
176496,XDA,logistics-va-quan-ly-chuoi-cung-ung-logistics-cong-nghiep,X06,Điểm học bạ,2025,26.4,Logistics và Quản lý chuỗi cung ứng/ Logistics công nghiệp (*)
176497,XDA,logistics-va-quan-ly-chuoi-cung-ung-logistics-cong-nghiep,X26,Điểm học bạ,2025,26.4,Logistics và Quản lý chuỗi cung ứng/ Logistics công nghiệp (*)
176498,XDA,logistics-va-quan-ly-chuoi-cung-ung-logistics-cong-nghiep,A00,Điểm thi THPT,2025,25.2,Logistics và Quản lý chuỗi cung ứng/ Logistics công nghiệp
176499,XDA,logistics-va-quan-ly-chuoi-cung-ung-logistics-cong-nghiep,A01,Điểm thi THPT,2025,25.2,Logistics và Quản lý chuỗi cung ứng/ Logistics công nghiệp
176500,XDA,logistics-va-quan-ly-chuoi-cung-ung-logistics-cong-nghiep,C01,Điểm thi THPT,2025,25.2,Logistics và Quản lý chuỗi cung ứng/ Logistics công nghiệp
176501,XDA,logistics-va-quan-ly-chuoi-cung-ung-logistics-cong-nghiep,D01,Điểm thi THPT,2025,25.2,Logistics và Quản lý chuỗi cung ứng/ Logistics công nghiệp
176502,XDA,logistics-va-quan-ly-chuoi-cung-ung-logistics-cong-nghiep,D07,Điểm thi THPT,2025,25.2,Logistics và Quản lý chuỗi cung ứng/ Logistics công nghiệp
176503,XDA,logistics-va-quan-ly-chuoi-cung-ung-logistics-cong-nghiep,X05,Điểm thi THPT,2025,25.2,Logistics và Quản lý chuỗi cung ứng/ Logistics công nghiệp
176504,XDA,logistics-va-quan-ly-chuoi-cung-ung-logistics-cong-nghiep,X06,Điểm thi THPT,2025,25.2,Logistics và Quản lý chuỗi cung ứng/ Logistics công nghiệp
176505,XDA,logistics-va-quan-ly-chuoi-cung-ung-logistics-cong-nghiep,X26,Điểm thi THPT,2025,25.2,Logistics và Quản lý chuỗi cung ứng/ Logistics công nghiệp
176506,XDA,logistics-va-quan-ly-chuoi-cung-ung-logistics-do-thi,A00,Điểm học bạ,2024,26.75,Logistics và Quản lý chuỗi cung ứng/ Logistics đô thị
176507,XDA,logistics-va-quan-ly-chuoi-cung-ung-logistics-do-thi,A01,Điểm học bạ,2024,26.75,Logistics và Quản lý chuỗi cung ứng/ Logistics đô thị
176508,XDA,logistics-va-quan-ly-chuoi-cung-ung-logistics-do-thi,D01,Điểm học bạ,2024,26.75,Logistics và Quản lý chuỗi cung ứng/ Logistics đô thị
176509,XDA,logistics-va-quan-ly-chuoi-cung-ung-logistics-do-thi,D07,Điểm học bạ,2024,26.75,Logistics và Quản lý chuỗi cung ứng/ Logistics đô thị
176510,XDA,logistics-va-quan-ly-chuoi-cung-ung-logistics-do-thi,A00,Điểm thi THPT,2024,23.9,Logistics và Quản lý chuỗi cung ứng/ Logistics đô thị
176511,XDA,logistics-va-quan-ly-chuoi-cung-ung-logistics-do-thi,A01,Điểm thi THPT,2024,23.9,Logistics và Quản lý chuỗi cung ứng/ Logistics đô thị
176512,XDA,logistics-va-quan-ly-chuoi-cung-ung-logistics-do-thi,D01,Điểm thi THPT,2024,23.9,Logistics và Quản lý chuỗi cung ứng/ Logistics đô thị
176513,XDA,logistics-va-quan-ly-chuoi-cung-ung-logistics-do-thi,D07,Điểm thi THPT,2024,23.9,Logistics và Quản lý chuỗi cung ứng/ Logistics đô thị
176514,XDA,logistics-va-quan-ly-chuoi-cung-ung-logistics-do-thi,A00,Điểm học bạ,2025,26.7,Logistics và Quản lý chuỗi cung ứng/ Logistics đô thị (*)
176515,XDA,logistics-va-quan-ly-chuoi-cung-ung-logistics-do-thi,A01,Điểm học bạ,2025,26.7,Logistics và Quản lý chuỗi cung ứng/ Logistics đô thị (*)
176516,XDA,logistics-va-quan-ly-chuoi-cung-ung-logistics-do-thi,C01,Điểm học bạ,2025,26.7,Logistics và Quản lý chuỗi cung ứng/ Logistics đô thị (*)
176517,XDA,logistics-va-quan-ly-chuoi-cung-ung-logistics-do-thi,D01,Điểm học bạ,2025,26.7,Logistics và Quản lý chuỗi cung ứng/ Logistics đô thị (*)
176518,XDA,logistics-va-quan-ly-chuoi-cung-ung-logistics-do-thi,D07,Điểm học bạ,2025,26.7,Logistics và Quản lý chuỗi cung ứng/ Logistics đô thị (*)
176519,XDA,logistics-va-quan-ly-chuoi-cung-ung-logistics-do-thi,X05,Điểm học bạ,2025,26.7,Logistics và Quản lý chuỗi cung ứng/ Logistics đô thị (*)
176520,XDA,logistics-va-quan-ly-chuoi-cung-ung-logistics-do-thi,X06,Điểm học bạ,2025,26.7,Logistics và Quản lý chuỗi cung ứng/ Logistics đô thị (*)
176521,XDA,logistics-va-quan-ly-chuoi-cung-ung-logistics-do-thi,X26,Điểm học bạ,2025,26.7,Logistics và Quản lý chuỗi cung ứng/ Logistics đô thị (*)
176522,XDA,logistics-va-quan-ly-chuoi-cung-ung-logistics-do-thi,A00,Điểm thi THPT,2025,25.6,Logistics và Quản lý chuỗi cung ứng/ Logistics đô thị
176523,XDA,logistics-va-quan-ly-chuoi-cung-ung-logistics-do-thi,A01,Điểm thi THPT,2025,25.6,Logistics và Quản lý chuỗi cung ứng/ Logistics đô thị
176524,XDA,logistics-va-quan-ly-chuoi-cung-ung-logistics-do-thi,C01,Điểm thi THPT,2025,25.6,Logistics và Quản lý chuỗi cung ứng/ Logistics đô thị
176525,XDA,logistics-va-quan-ly-chuoi-cung-ung-logistics-do-thi,D01,Điểm thi THPT,2025,25.6,Logistics và Quản lý chuỗi cung ứng/ Logistics đô thị
176526,XDA,logistics-va-quan-ly-chuoi-cung-ung-logistics-do-thi,D07,Điểm thi THPT,2025,25.6,Logistics và Quản lý chuỗi cung ứng/ Logistics đô thị
176527,XDA,logistics-va-quan-ly-chuoi-cung-ung-logistics-do-thi,X05,Điểm thi THPT,2025,25.6,Logistics và Quản lý chuỗi cung ứng/ Logistics đô thị
176528,XDA,logistics-va-quan-ly-chuoi-cung-ung-logistics-do-thi,X06,Điểm thi THPT,2025,25.6,Logistics và Quản lý chuỗi cung ứng/ Logistics đô thị
176529,XDA,logistics-va-quan-ly-chuoi-cung-ung-logistics-do-thi,X26,Điểm thi THPT,2025,25.6,Logistics và Quản lý chuỗi cung ứng/ Logistics đô thị
176530,XDA,my-thuat-do-thi,H01,Điểm thi THPT,2024,18.01,Mỹ thuật đô thị
176531,XDA,my-thuat-do-thi,H06,Điểm thi THPT,2024,18.01,Mỹ thuật đô thị
176532,XDA,my-thuat-do-thi,V00,Điểm thi THPT,2024,18.01,Mỹ thuật đô thị
176533,XDA,my-thuat-do-thi,V02,Điểm thi THPT,2024,18.01,Mỹ thuật đô thị
176534,XDA,my-thuat-do-thi,H00,Điểm thi THPT,2025,22.3,Mỹ thuật đô thị
176535,XDA,my-thuat-do-thi,H07,Điểm thi THPT,2025,22.3,Mỹ thuật đô thị
176536,XDA,my-thuat-do-thi,V00,Điểm thi THPT,2025,22.3,Mỹ thuật đô thị
176537,XDA,my-thuat-do-thi,V01,Điểm thi THPT,2025,22.3,Mỹ thuật đô thị
176538,XDA,my-thuat-do-thi,V02,Điểm thi THPT,2025,22.3,Mỹ thuật đô thị
176539,XDA,quan-ly-du-an,A00,Điểm học bạ,2024,26.5,Quản lý dự án
176540,XDA,quan-ly-du-an,A01,Điểm học bạ,2024,26.5,Quản lý dự án
176541,XDA,quan-ly-du-an,D01,Điểm học bạ,2024,26.5,Quản lý dự án
176542,XDA,quan-ly-du-an,D07,Điểm học bạ,2024,26.5,Quản lý dự án
176543,XDA,quan-ly-du-an,A00,Điểm thi THPT,2024,21.0,Quản lý dự án
176544,XDA,quan-ly-du-an,A01,Điểm thi THPT,2024,21.0,Quản lý dự án
176545,XDA,quan-ly-du-an,D01,Điểm thi THPT,2024,21.0,Quản lý dự án
176546,XDA,quan-ly-du-an,D07,Điểm thi THPT,2024,21.0,Quản lý dự án
176547,XDA,quan-ly-du-an,A00,Điểm học bạ,2025,25.92,Quản lý dự án (*)
176548,XDA,quan-ly-du-an,A01,Điểm học bạ,2025,25.92,Quản lý dự án (*)
176549,XDA,quan-ly-du-an,C01,Điểm học bạ,2025,25.92,Quản lý dự án (*)
176550,XDA,quan-ly-du-an,D01,Điểm học bạ,2025,25.92,Quản lý dự án (*)
176551,XDA,quan-ly-du-an,D07,Điểm học bạ,2025,25.92,Quản lý dự án (*)
176552,XDA,quan-ly-du-an,X05,Điểm học bạ,2025,25.92,Quản lý dự án (*)
176553,XDA,quan-ly-du-an,X06,Điểm học bạ,2025,25.92,Quản lý dự án (*)
176554,XDA,quan-ly-du-an,X26,Điểm học bạ,2025,25.92,Quản lý dự án (*)
176555,XDA,quan-ly-du-an,A00,Điểm thi THPT,2025,24.55,Quản lý dự án
176556,XDA,quan-ly-du-an,A01,Điểm thi THPT,2025,24.55,Quản lý dự án
176557,XDA,quan-ly-du-an,C01,Điểm thi THPT,2025,24.55,Quản lý dự án
176558,XDA,quan-ly-du-an,D01,Điểm thi THPT,2025,24.55,Quản lý dự án
176559,XDA,quan-ly-du-an,D07,Điểm thi THPT,2025,24.55,Quản lý dự án
176560,XDA,quan-ly-du-an,X05,Điểm thi THPT,2025,24.55,Quản lý dự án
176561,XDA,quan-ly-du-an,X06,Điểm thi THPT,2025,24.55,Quản lý dự án
176562,XDA,quan-ly-du-an,X26,Điểm thi THPT,2025,24.55,Quản lý dự án
176563,XDA,quan-ly-xay-dung-chuyen-kinh-te-va-quan-ly-bat-dong-san,A00,Điểm thi THPT,2022,22.3,Quản lý xây dựng/ Chuyên Kinh tế và quản lý bất động sản
176564,XDA,quan-ly-xay-dung-chuyen-kinh-te-va-quan-ly-bat-dong-san,A01,Điểm thi THPT,2022,22.3,Quản lý xây dựng/ Chuyên Kinh tế và quản lý bất động sản
176565,XDA,quan-ly-xay-dung-chuyen-kinh-te-va-quan-ly-bat-dong-san,D07,Điểm thi THPT,2022,22.3,Quản lý xây dựng/ Chuyên Kinh tế và quản lý bất động sản
176566,XDA,quan-ly-xay-dung-chuyen-kinh-te-va-quan-ly-bat-dong-san,A00,Điểm thi THPT,2023,21.5,Quản lý xây dựng/ Chuyên Kinh tề và quản lý bất động sản
176567,XDA,quan-ly-xay-dung-chuyen-kinh-te-va-quan-ly-bat-dong-san,A01,Điểm thi THPT,2023,21.5,Quản lý xây dựng/ Chuyên Kinh tề và quản lý bất động sản
176568,XDA,quan-ly-xay-dung-chuyen-kinh-te-va-quan-ly-bat-dong-san,D01,Điểm thi THPT,2023,21.5,Quản lý xây dựng/ Chuyên Kinh tề và quản lý bất động sản
176569,XDA,quan-ly-xay-dung-chuyen-kinh-te-va-quan-ly-bat-dong-san,D07,Điểm thi THPT,2023,21.5,Quản lý xây dựng/ Chuyên Kinh tề và quản lý bất động sản
176570,XDA,quan-ly-xay-dung-chuyen-kinh-te-va-quan-ly-do-thi,A00,Điểm thi THPT,2022,21.4,Quản lý xây dựng/ Chuyên Kinh tế và quản lý đô thị
176571,XDA,quan-ly-xay-dung-chuyen-kinh-te-va-quan-ly-do-thi,A01,Điểm thi THPT,2022,21.4,Quản lý xây dựng/ Chuyên Kinh tế và quản lý đô thị
176572,XDA,quan-ly-xay-dung-chuyen-kinh-te-va-quan-ly-do-thi,D07,Điểm thi THPT,2022,21.4,Quản lý xây dựng/ Chuyên Kinh tế và quản lý đô thị
176573,XDA,quan-ly-xay-dung-chuyen-kinh-te-va-quan-ly-do-thi,A00,Điểm thi THPT,2023,21.25,Quản lý xây dựng/ Chuyên Kinh tế và quàn lý đô thị
176574,XDA,quan-ly-xay-dung-chuyen-kinh-te-va-quan-ly-do-thi,A01,Điểm thi THPT,2023,21.25,Quản lý xây dựng/ Chuyên Kinh tế và quàn lý đô thị
176575,XDA,quan-ly-xay-dung-chuyen-kinh-te-va-quan-ly-do-thi,D01,Điểm thi THPT,2023,21.25,Quản lý xây dựng/ Chuyên Kinh tế và quàn lý đô thị
176576,XDA,quan-ly-xay-dung-chuyen-kinh-te-va-quan-ly-do-thi,D07,Điểm thi THPT,2023,21.25,Quản lý xây dựng/ Chuyên Kinh tế và quàn lý đô thị
176577,XDA,quan-ly-xay-dung-chuyen-nganh-kinh-te-va-quan-ly-bat-dong-san,A00,Điểm thi THPT,2021,23.5,Ngành Quản lý xây dựng/ Chuyên ngành Kinh tế và quản lý bất động sản
176578,XDA,quan-ly-xay-dung-chuyen-nganh-kinh-te-va-quan-ly-bat-dong-san,A01,Điểm thi THPT,2021,23.5,Ngành Quản lý xây dựng/ Chuyên ngành Kinh tế và quản lý bất động sản
176579,XDA,quan-ly-xay-dung-chuyen-nganh-kinh-te-va-quan-ly-bat-dong-san,D07,Điểm thi THPT,2021,23.5,Ngành Quản lý xây dựng/ Chuyên ngành Kinh tế và quản lý bất động sản
176580,XDA,quan-ly-xay-dung-chuyen-nganh-kinh-te-va-quan-ly-do-thi,A00,Điểm thi THPT,2021,23.25,Ngành Quản lý xây dựng/ Chuyên ngành Kinh tế và quản lý đô thị
176581,XDA,quan-ly-xay-dung-chuyen-nganh-kinh-te-va-quan-ly-do-thi,A01,Điểm thi THPT,2021,23.25,Ngành Quản lý xây dựng/ Chuyên ngành Kinh tế và quản lý đô thị
176582,XDA,quan-ly-xay-dung-chuyen-nganh-kinh-te-va-quan-ly-do-thi,D07,Điểm thi THPT,2021,23.25,Ngành Quản lý xây dựng/ Chuyên ngành Kinh tế và quản lý đô thị
176583,XDA,quan-ly-xay-dung-chuyen-nganh-quan-ly-ha-tang-dat-dai-do-thi,A00,Điểm thi THPT,2021,16.0,"Ngành Quản lý xây dựng/ Chuyên ngành Quản lý hạ tầng, đất đai đô thị"
176584,XDA,quan-ly-xay-dung-chuyen-nganh-quan-ly-ha-tang-dat-dai-do-thi,A01,Điểm thi THPT,2021,16.0,"Ngành Quản lý xây dựng/ Chuyên ngành Quản lý hạ tầng, đất đai đô thị"
176585,XDA,quan-ly-xay-dung-chuyen-nganh-quan-ly-ha-tang-dat-dai-do-thi,D07,Điểm thi THPT,2021,16.0,"Ngành Quản lý xây dựng/ Chuyên ngành Quản lý hạ tầng, đất đai đô thị"
176586,XDA,quan-ly-xay-dung-chuyen-quan-ly-ha-tang-dat-dai-do-thi,A00,Điểm thi THPT,2022,16.55,"Quản lý xây dựng/ Chuyên Quản lý hạ tầng, đất đai đô thị"
176587,XDA,quan-ly-xay-dung-chuyen-quan-ly-ha-tang-dat-dai-do-thi,A01,Điểm thi THPT,2022,16.55,"Quản lý xây dựng/ Chuyên Quản lý hạ tầng, đất đai đô thị"
176588,XDA,quan-ly-xay-dung-chuyen-quan-ly-ha-tang-dat-dai-do-thi,D07,Điểm thi THPT,2022,16.55,"Quản lý xây dựng/ Chuyên Quản lý hạ tầng, đất đai đô thị"
176589,XDA,quan-ly-xay-dung-chuyen-quan-ly-ha-tang-dat-dai-do-thi,A00,Điểm thi THPT,2023,19.4,"Quản lý xây dựng/ Chuyên Quàn lý hạ tầng, đất đai đô thị"
176590,XDA,quan-ly-xay-dung-chuyen-quan-ly-ha-tang-dat-dai-do-thi,A01,Điểm thi THPT,2023,19.4,"Quản lý xây dựng/ Chuyên Quàn lý hạ tầng, đất đai đô thị"
176591,XDA,quan-ly-xay-dung-chuyen-quan-ly-ha-tang-dat-dai-do-thi,D01,Điểm thi THPT,2023,19.4,"Quản lý xây dựng/ Chuyên Quàn lý hạ tầng, đất đai đô thị"
176592,XDA,quan-ly-xay-dung-chuyen-quan-ly-ha-tang-dat-dai-do-thi,D07,Điểm thi THPT,2023,19.4,"Quản lý xây dựng/ Chuyên Quàn lý hạ tầng, đất đai đô thị"
176593,XDA,quan-ly-xay-dung-kiem-toan-dau-tu-xay-dung,A00,Điểm học bạ,2024,25.0,Quản lý xây dựng/ Kiểm toán đầu tư xây dựng
176594,XDA,quan-ly-xay-dung-kiem-toan-dau-tu-xay-dung,A01,Điểm học bạ,2024,25.0,Quản lý xây dựng/ Kiểm toán đầu tư xây dựng
176595,XDA,quan-ly-xay-dung-kiem-toan-dau-tu-xay-dung,D01,Điểm học bạ,2024,25.0,Quản lý xây dựng/ Kiểm toán đầu tư xây dựng
176596,XDA,quan-ly-xay-dung-kiem-toan-dau-tu-xay-dung,D07,Điểm học bạ,2024,25.0,Quản lý xây dựng/ Kiểm toán đầu tư xây dựng
176597,XDA,quan-ly-xay-dung-kiem-toan-dau-tu-xay-dung,A00,Điểm thi THPT,2024,22.9,Quản lý xây dựng/ Kiểm toán đầu tư xây dựng
176598,XDA,quan-ly-xay-dung-kiem-toan-dau-tu-xay-dung,A01,Điểm thi THPT,2024,22.9,Quản lý xây dựng/ Kiểm toán đầu tư xây dựng
176599,XDA,quan-ly-xay-dung-kiem-toan-dau-tu-xay-dung,D01,Điểm thi THPT,2024,22.9,Quản lý xây dựng/ Kiểm toán đầu tư xây dựng
176600,XDA,quan-ly-xay-dung-kiem-toan-dau-tu-xay-dung,D07,Điểm thi THPT,2024,22.9,Quản lý xây dựng/ Kiểm toán đầu tư xây dựng
176601,XDA,quan-ly-xay-dung-kiem-toan-dau-tu-xay-dung,A00,Điểm học bạ,2025,25.77,Quản lý xây dựng/ Kiểm toán đầu tư xây dựng (*)
176602,XDA,quan-ly-xay-dung-kiem-toan-dau-tu-xay-dung,A01,Điểm học bạ,2025,25.77,Quản lý xây dựng/ Kiểm toán đầu tư xây dựng (*)
176603,XDA,quan-ly-xay-dung-kiem-toan-dau-tu-xay-dung,C01,Điểm học bạ,2025,25.77,Quản lý xây dựng/ Kiểm toán đầu tư xây dựng (*)
176604,XDA,quan-ly-xay-dung-kiem-toan-dau-tu-xay-dung,D01,Điểm học bạ,2025,25.77,Quản lý xây dựng/ Kiểm toán đầu tư xây dựng (*)
176605,XDA,quan-ly-xay-dung-kiem-toan-dau-tu-xay-dung,D07,Điểm học bạ,2025,25.77,Quản lý xây dựng/ Kiểm toán đầu tư xây dựng (*)
176606,XDA,quan-ly-xay-dung-kiem-toan-dau-tu-xay-dung,X05,Điểm học bạ,2025,25.77,Quản lý xây dựng/ Kiểm toán đầu tư xây dựng (*)
176607,XDA,quan-ly-xay-dung-kiem-toan-dau-tu-xay-dung,X06,Điểm học bạ,2025,25.77,Quản lý xây dựng/ Kiểm toán đầu tư xây dựng (*)
176608,XDA,quan-ly-xay-dung-kiem-toan-dau-tu-xay-dung,X26,Điểm học bạ,2025,25.77,Quản lý xây dựng/ Kiểm toán đầu tư xây dựng (*)
176609,XDA,quan-ly-xay-dung-kiem-toan-dau-tu-xay-dung,A00,Điểm thi THPT,2025,24.35,Quản lý xây dựng/ Kiểm toán đầu tư xây dựng
176610,XDA,quan-ly-xay-dung-kiem-toan-dau-tu-xay-dung,A01,Điểm thi THPT,2025,24.35,Quản lý xây dựng/ Kiểm toán đầu tư xây dựng
176611,XDA,quan-ly-xay-dung-kiem-toan-dau-tu-xay-dung,C01,Điểm thi THPT,2025,24.35,Quản lý xây dựng/ Kiểm toán đầu tư xây dựng
176612,XDA,quan-ly-xay-dung-kiem-toan-dau-tu-xay-dung,D01,Điểm thi THPT,2025,24.35,Quản lý xây dựng/ Kiểm toán đầu tư xây dựng
176613,XDA,quan-ly-xay-dung-kiem-toan-dau-tu-xay-dung,D07,Điểm thi THPT,2025,24.35,Quản lý xây dựng/ Kiểm toán đầu tư xây dựng
176614,XDA,quan-ly-xay-dung-kiem-toan-dau-tu-xay-dung,X05,Điểm thi THPT,2025,24.35,Quản lý xây dựng/ Kiểm toán đầu tư xây dựng
176615,XDA,quan-ly-xay-dung-kiem-toan-dau-tu-xay-dung,X06,Điểm thi THPT,2025,24.35,Quản lý xây dựng/ Kiểm toán đầu tư xây dựng
176616,XDA,quan-ly-xay-dung-kiem-toan-dau-tu-xay-dung,X26,Điểm thi THPT,2025,24.35,Quản lý xây dựng/ Kiểm toán đầu tư xây dựng
176617,XDA,quan-ly-xay-dung-kinh-te-va-quan-ly-bat-dong-san,A00,Điểm học bạ,2024,25.5,Quản lý xây dựng/ Kinh tế và quản lý bất động sản
176618,XDA,quan-ly-xay-dung-kinh-te-va-quan-ly-bat-dong-san,A01,Điểm học bạ,2024,25.5,Quản lý xây dựng/ Kinh tế và quản lý bất động sản
176619,XDA,quan-ly-xay-dung-kinh-te-va-quan-ly-bat-dong-san,D01,Điểm học bạ,2024,25.5,Quản lý xây dựng/ Kinh tế và quản lý bất động sản
176620,XDA,quan-ly-xay-dung-kinh-te-va-quan-ly-bat-dong-san,D07,Điểm học bạ,2024,25.5,Quản lý xây dựng/ Kinh tế và quản lý bất động sản
176621,XDA,quan-ly-xay-dung-kinh-te-va-quan-ly-bat-dong-san,A00,Điểm thi THPT,2024,23.25,Quản lý xây dựng/ Kinh tế và quản lý bất động sản
176622,XDA,quan-ly-xay-dung-kinh-te-va-quan-ly-bat-dong-san,A01,Điểm thi THPT,2024,23.25,Quản lý xây dựng/ Kinh tế và quản lý bất động sản
176623,XDA,quan-ly-xay-dung-kinh-te-va-quan-ly-bat-dong-san,D01,Điểm thi THPT,2024,23.25,Quản lý xây dựng/ Kinh tế và quản lý bất động sản
176624,XDA,quan-ly-xay-dung-kinh-te-va-quan-ly-bat-dong-san,D07,Điểm thi THPT,2024,23.25,Quản lý xây dựng/ Kinh tế và quản lý bất động sản
176625,XDA,quan-ly-xay-dung-kinh-te-va-quan-ly-bat-dong-san,A00,Điểm học bạ,2025,25.24,Quản lý xây dựng/ Kinh tế và quản lý bất động sản
176626,XDA,quan-ly-xay-dung-kinh-te-va-quan-ly-bat-dong-san,A01,Điểm học bạ,2025,25.24,Quản lý xây dựng/ Kinh tế và quản lý bất động sản
176627,XDA,quan-ly-xay-dung-kinh-te-va-quan-ly-bat-dong-san,C01,Điểm học bạ,2025,25.24,Quản lý xây dựng/ Kinh tế và quản lý bất động sản
176628,XDA,quan-ly-xay-dung-kinh-te-va-quan-ly-bat-dong-san,D01,Điểm học bạ,2025,25.24,Quản lý xây dựng/ Kinh tế và quản lý bất động sản
176629,XDA,quan-ly-xay-dung-kinh-te-va-quan-ly-bat-dong-san,D07,Điểm học bạ,2025,25.24,Quản lý xây dựng/ Kinh tế và quản lý bất động sản
176630,XDA,quan-ly-xay-dung-kinh-te-va-quan-ly-bat-dong-san,X05,Điểm học bạ,2025,25.24,Quản lý xây dựng/ Kinh tế và quản lý bất động sản
176631,XDA,quan-ly-xay-dung-kinh-te-va-quan-ly-bat-dong-san,X06,Điểm học bạ,2025,25.24,Quản lý xây dựng/ Kinh tế và quản lý bất động sản
176632,XDA,quan-ly-xay-dung-kinh-te-va-quan-ly-bat-dong-san,X26,Điểm học bạ,2025,25.24,Quản lý xây dựng/ Kinh tế và quản lý bất động sản
176633,XDA,quan-ly-xay-dung-kinh-te-va-quan-ly-bat-dong-san,A00,Điểm thi THPT,2025,23.65,Quản lý xây dựng/ Kinh tế và quản lý bất động sản
176634,XDA,quan-ly-xay-dung-kinh-te-va-quan-ly-bat-dong-san,A01,Điểm thi THPT,2025,23.65,Quản lý xây dựng/ Kinh tế và quản lý bất động sản
176635,XDA,quan-ly-xay-dung-kinh-te-va-quan-ly-bat-dong-san,C01,Điểm thi THPT,2025,23.65,Quản lý xây dựng/ Kinh tế và quản lý bất động sản
176636,XDA,quan-ly-xay-dung-kinh-te-va-quan-ly-bat-dong-san,D01,Điểm thi THPT,2025,23.65,Quản lý xây dựng/ Kinh tế và quản lý bất động sản
176637,XDA,quan-ly-xay-dung-kinh-te-va-quan-ly-bat-dong-san,D07,Điểm thi THPT,2025,23.65,Quản lý xây dựng/ Kinh tế và quản lý bất động sản
176638,XDA,quan-ly-xay-dung-kinh-te-va-quan-ly-bat-dong-san,X05,Điểm thi THPT,2025,23.65,Quản lý xây dựng/ Kinh tế và quản lý bất động sản
176639,XDA,quan-ly-xay-dung-kinh-te-va-quan-ly-bat-dong-san,X06,Điểm thi THPT,2025,23.65,Quản lý xây dựng/ Kinh tế và quản lý bất động sản
176640,XDA,quan-ly-xay-dung-kinh-te-va-quan-ly-bat-dong-san,X26,Điểm thi THPT,2025,23.65,Quản lý xây dựng/ Kinh tế và quản lý bất động sản
176641,XDA,quan-ly-xay-dung-kinh-te-va-quan-ly-do-thi,A00,Điểm học bạ,2024,25.5,Quản lý xây dựng/ Kinh tế và quản lý đô thị
176642,XDA,quan-ly-xay-dung-kinh-te-va-quan-ly-do-thi,A01,Điểm học bạ,2024,25.5,Quản lý xây dựng/ Kinh tế và quản lý đô thị
176643,XDA,quan-ly-xay-dung-kinh-te-va-quan-ly-do-thi,D01,Điểm học bạ,2024,25.5,Quản lý xây dựng/ Kinh tế và quản lý đô thị
176644,XDA,quan-ly-xay-dung-kinh-te-va-quan-ly-do-thi,D07,Điểm học bạ,2024,25.5,Quản lý xây dựng/ Kinh tế và quản lý đô thị
176645,XDA,quan-ly-xay-dung-kinh-te-va-quan-ly-do-thi,A00,Điểm thi THPT,2024,23.45,Quản lý xây dựng/ Kinh tế và quản lý đô thị
176646,XDA,quan-ly-xay-dung-kinh-te-va-quan-ly-do-thi,A01,Điểm thi THPT,2024,23.45,Quản lý xây dựng/ Kinh tế và quản lý đô thị
176647,XDA,quan-ly-xay-dung-kinh-te-va-quan-ly-do-thi,D01,Điểm thi THPT,2024,23.45,Quản lý xây dựng/ Kinh tế và quản lý đô thị
176648,XDA,quan-ly-xay-dung-kinh-te-va-quan-ly-do-thi,D07,Điểm thi THPT,2024,23.45,Quản lý xây dựng/ Kinh tế và quản lý đô thị
176649,XDA,quan-ly-xay-dung-kinh-te-va-quan-ly-do-thi,A00,Điểm học bạ,2025,25.58,Quản lý xây dựng/ Kinh tế và quản lý đô thị
176650,XDA,quan-ly-xay-dung-kinh-te-va-quan-ly-do-thi,A01,Điểm học bạ,2025,25.58,Quản lý xây dựng/ Kinh tế và quản lý đô thị
176651,XDA,quan-ly-xay-dung-kinh-te-va-quan-ly-do-thi,C01,Điểm học bạ,2025,25.58,Quản lý xây dựng/ Kinh tế và quản lý đô thị
176652,XDA,quan-ly-xay-dung-kinh-te-va-quan-ly-do-thi,D01,Điểm học bạ,2025,25.58,Quản lý xây dựng/ Kinh tế và quản lý đô thị
176653,XDA,quan-ly-xay-dung-kinh-te-va-quan-ly-do-thi,D07,Điểm học bạ,2025,25.58,Quản lý xây dựng/ Kinh tế và quản lý đô thị
176654,XDA,quan-ly-xay-dung-kinh-te-va-quan-ly-do-thi,X05,Điểm học bạ,2025,25.58,Quản lý xây dựng/ Kinh tế và quản lý đô thị
176655,XDA,quan-ly-xay-dung-kinh-te-va-quan-ly-do-thi,X06,Điểm học bạ,2025,25.58,Quản lý xây dựng/ Kinh tế và quản lý đô thị
176656,XDA,quan-ly-xay-dung-kinh-te-va-quan-ly-do-thi,X26,Điểm học bạ,2025,25.58,Quản lý xây dựng/ Kinh tế và quản lý đô thị
176657,XDA,quan-ly-xay-dung-kinh-te-va-quan-ly-do-thi,A00,Điểm thi THPT,2025,24.1,Quản lý xây dựng/ Kinh tế và quản lý đô thị
176658,XDA,quan-ly-xay-dung-kinh-te-va-quan-ly-do-thi,A01,Điểm thi THPT,2025,24.1,Quản lý xây dựng/ Kinh tế và quản lý đô thị
176659,XDA,quan-ly-xay-dung-kinh-te-va-quan-ly-do-thi,C01,Điểm thi THPT,2025,24.1,Quản lý xây dựng/ Kinh tế và quản lý đô thị
176660,XDA,quan-ly-xay-dung-kinh-te-va-quan-ly-do-thi,D01,Điểm thi THPT,2025,24.1,Quản lý xây dựng/ Kinh tế và quản lý đô thị
176661,XDA,quan-ly-xay-dung-kinh-te-va-quan-ly-do-thi,D07,Điểm thi THPT,2025,24.1,Quản lý xây dựng/ Kinh tế và quản lý đô thị
176662,XDA,quan-ly-xay-dung-kinh-te-va-quan-ly-do-thi,X05,Điểm thi THPT,2025,24.1,Quản lý xây dựng/ Kinh tế và quản lý đô thị
176663,XDA,quan-ly-xay-dung-kinh-te-va-quan-ly-do-thi,X06,Điểm thi THPT,2025,24.1,Quản lý xây dựng/ Kinh tế và quản lý đô thị
176664,XDA,quan-ly-xay-dung-kinh-te-va-quan-ly-do-thi,X26,Điểm thi THPT,2025,24.1,Quản lý xây dựng/ Kinh tế và quản lý đô thị
176665,XDA,quan-ly-xay-dung-quan-ly-ha-tang-dat-dai-do-thi,A00,Điểm học bạ,2023,26.86,"Quản lý xây dựng/ Quản lý hạ tầng, đất đai đô thị"
176666,XDA,quan-ly-xay-dung-quan-ly-ha-tang-dat-dai-do-thi,A01,Điểm học bạ,2023,26.86,"Quản lý xây dựng/ Quản lý hạ tầng, đất đai đô thị"
176667,XDA,quan-ly-xay-dung-quan-ly-ha-tang-dat-dai-do-thi,D01,Điểm học bạ,2023,26.86,"Quản lý xây dựng/ Quản lý hạ tầng, đất đai đô thị"
176668,XDA,quan-ly-xay-dung-quan-ly-ha-tang-dat-dai-do-thi,D07,Điểm học bạ,2023,26.86,"Quản lý xây dựng/ Quản lý hạ tầng, đất đai đô thị"
176669,XDA,quan-ly-xay-dung-quan-ly-ha-tang-dat-dai-do-thi,A00,Điểm học bạ,2024,24.75,Quản lý xây dựng/ Quản lý hạ tầng. đất đai đô thị
176670,XDA,quan-ly-xay-dung-quan-ly-ha-tang-dat-dai-do-thi,A01,Điểm học bạ,2024,24.75,Quản lý xây dựng/ Quản lý hạ tầng. đất đai đô thị
176671,XDA,quan-ly-xay-dung-quan-ly-ha-tang-dat-dai-do-thi,D01,Điểm học bạ,2024,24.75,Quản lý xây dựng/ Quản lý hạ tầng. đất đai đô thị
176672,XDA,quan-ly-xay-dung-quan-ly-ha-tang-dat-dai-do-thi,D07,Điểm học bạ,2024,24.75,Quản lý xây dựng/ Quản lý hạ tầng. đất đai đô thị
176673,XDA,quan-ly-xay-dung-quan-ly-ha-tang-dat-dai-do-thi,A00,Điểm thi THPT,2024,22.5,Quản lý xây dựng/ Quản lý hạ tầng. đất đai đô thị
176674,XDA,quan-ly-xay-dung-quan-ly-ha-tang-dat-dai-do-thi,A01,Điểm thi THPT,2024,22.5,Quản lý xây dựng/ Quản lý hạ tầng. đất đai đô thị
176675,XDA,quan-ly-xay-dung-quan-ly-ha-tang-dat-dai-do-thi,D01,Điểm thi THPT,2024,22.5,Quản lý xây dựng/ Quản lý hạ tầng. đất đai đô thị
176676,XDA,quan-ly-xay-dung-quan-ly-ha-tang-dat-dai-do-thi,D07,Điểm thi THPT,2024,22.5,Quản lý xây dựng/ Quản lý hạ tầng. đất đai đô thị
176677,XDA,quan-ly-xay-dung-quan-ly-ha-tang-dat-dai-do-thi,A00,Điểm học bạ,2025,25.13,"Quản lý xây dựng/ Quản lý hạ tầng, đất đai đô thị (*)"
176678,XDA,quan-ly-xay-dung-quan-ly-ha-tang-dat-dai-do-thi,A01,Điểm học bạ,2025,25.13,"Quản lý xây dựng/ Quản lý hạ tầng, đất đai đô thị (*)"
176679,XDA,quan-ly-xay-dung-quan-ly-ha-tang-dat-dai-do-thi,C01,Điểm học bạ,2025,25.13,"Quản lý xây dựng/ Quản lý hạ tầng, đất đai đô thị (*)"
176680,XDA,quan-ly-xay-dung-quan-ly-ha-tang-dat-dai-do-thi,D01,Điểm học bạ,2025,25.13,"Quản lý xây dựng/ Quản lý hạ tầng, đất đai đô thị (*)"
176681,XDA,quan-ly-xay-dung-quan-ly-ha-tang-dat-dai-do-thi,D07,Điểm học bạ,2025,25.13,"Quản lý xây dựng/ Quản lý hạ tầng, đất đai đô thị (*)"
176682,XDA,quan-ly-xay-dung-quan-ly-ha-tang-dat-dai-do-thi,X05,Điểm học bạ,2025,25.13,"Quản lý xây dựng/ Quản lý hạ tầng, đất đai đô thị (*)"
176683,XDA,quan-ly-xay-dung-quan-ly-ha-tang-dat-dai-do-thi,X06,Điểm học bạ,2025,25.13,"Quản lý xây dựng/ Quản lý hạ tầng, đất đai đô thị (*)"
176684,XDA,quan-ly-xay-dung-quan-ly-ha-tang-dat-dai-do-thi,X26,Điểm học bạ,2025,25.13,"Quản lý xây dựng/ Quản lý hạ tầng, đất đai đô thị (*)"
176685,XDA,quan-ly-xay-dung-quan-ly-ha-tang-dat-dai-do-thi,A00,Điểm thi THPT,2025,23.5,"Quản lý xây dựng/ Quản lý hạ tầng, đất đai đô thị"
176686,XDA,quan-ly-xay-dung-quan-ly-ha-tang-dat-dai-do-thi,A01,Điểm thi THPT,2025,23.5,"Quản lý xây dựng/ Quản lý hạ tầng, đất đai đô thị"
176687,XDA,quan-ly-xay-dung-quan-ly-ha-tang-dat-dai-do-thi,C01,Điểm thi THPT,2025,23.5,"Quản lý xây dựng/ Quản lý hạ tầng, đất đai đô thị"
176688,XDA,quan-ly-xay-dung-quan-ly-ha-tang-dat-dai-do-thi,D01,Điểm thi THPT,2025,23.5,"Quản lý xây dựng/ Quản lý hạ tầng, đất đai đô thị"
176689,XDA,quan-ly-xay-dung-quan-ly-ha-tang-dat-dai-do-thi,D07,Điểm thi THPT,2025,23.5,"Quản lý xây dựng/ Quản lý hạ tầng, đất đai đô thị"
176690,XDA,quan-ly-xay-dung-quan-ly-ha-tang-dat-dai-do-thi,X05,Điểm thi THPT,2025,23.5,"Quản lý xây dựng/ Quản lý hạ tầng, đất đai đô thị"
176691,XDA,quan-ly-xay-dung-quan-ly-ha-tang-dat-dai-do-thi,X06,Điểm thi THPT,2025,23.5,"Quản lý xây dựng/ Quản lý hạ tầng, đất đai đô thị"
176692,XDA,quan-ly-xay-dung-quan-ly-ha-tang-dat-dai-do-thi,X26,Điểm thi THPT,2025,23.5,"Quản lý xây dựng/ Quản lý hạ tầng, đất đai đô thị"
176693,XDA,quy-hoach-kien-truc,V00,Điểm thi THPT,2021,20.0,Quy hoạch vùng và đô thị/ Chuyên ngành Quy hoạch - Kiến trúc
176694,XDA,quy-hoach-kien-truc,V01,Điểm thi THPT,2021,20.0,Quy hoạch vùng và đô thị/ Chuyên ngành Quy hoạch - Kiến trúc
176695,XDA,quy-hoach-kien-truc,V02,Điểm thi THPT,2021,20.0,Quy hoạch vùng và đô thị/ Chuyên ngành Quy hoạch - Kiến trúc
176696,XDA,quy-hoach-vung-va-do-thi,V00,Điểm thi THPT,2021,17.5,Quy hoạch vùng và đô thị
176697,XDA,quy-hoach-vung-va-do-thi,V01,Điểm thi THPT,2021,17.5,Quy hoạch vùng và đô thị
176698,XDA,quy-hoach-vung-va-do-thi,V02,Điểm thi THPT,2021,17.5,Quy hoạch vùng và đô thị
176699,XDA,quy-hoach-vung-va-do-thi,V00,Điểm thi THPT,2022,16.0,Quy hoạch vùng và đô thị
176700,XDA,quy-hoach-vung-va-do-thi,V01,Điểm thi THPT,2022,16.0,Quy hoạch vùng và đô thị
176701,XDA,quy-hoach-vung-va-do-thi,V02,Điểm thi THPT,2022,16.0,Quy hoạch vùng và đô thị
176702,XDA,quy-hoach-vung-va-do-thi,V00,Điểm thi THPT,2023,17.0,Quy hoạch vùng và đô thị
176703,XDA,quy-hoach-vung-va-do-thi,V01,Điểm thi THPT,2023,17.0,Quy hoạch vùng và đô thị
176704,XDA,quy-hoach-vung-va-do-thi,V02,Điểm thi THPT,2023,17.0,Quy hoạch vùng và đô thị
176705,XDA,quy-hoach-vung-va-do-thi,V00,Điểm thi THPT,2024,21.1,Quy hoạch vùng và đô thị
176706,XDA,quy-hoach-vung-va-do-thi,V01,Điểm thi THPT,2024,21.1,Quy hoạch vùng và đô thị
176707,XDA,quy-hoach-vung-va-do-thi,V02,Điểm thi THPT,2024,21.1,Quy hoạch vùng và đô thị
176708,XDA,quy-hoach-vung-va-do-thi,V00,Điểm thi THPT,2025,21.3,Quy hoạch vùng và đô thị
176709,XDA,quy-hoach-vung-va-do-thi,V01,Điểm thi THPT,2025,21.3,Quy hoạch vùng và đô thị
176710,XDA,quy-hoach-vung-va-do-thi,V02,Điểm thi THPT,2025,21.3,Quy hoạch vùng và đô thị
176711,XDA,quy-hoach-vung-va-do-thi-chuyen-quy-hoach-kien-truc,V00,Điểm thi THPT,2022,16.0,Quy hoạch vùng và đô thị/ Chuyên Quy hoạch - Kiến trúc
176712,XDA,quy-hoach-vung-va-do-thi-chuyen-quy-hoach-kien-truc,V01,Điểm thi THPT,2022,16.0,Quy hoạch vùng và đô thị/ Chuyên Quy hoạch - Kiến trúc
176713,XDA,quy-hoach-vung-va-do-thi-chuyen-quy-hoach-kien-truc,V02,Điểm thi THPT,2022,16.0,Quy hoạch vùng và đô thị/ Chuyên Quy hoạch - Kiến trúc
176714,XDN,cong-nghe-ky-thuat-o-to,A00,Điểm thi THPT,2024,15.0,Công nghệ kỹ thuật ô tô
176715,XDN,cong-nghe-ky-thuat-o-to,A01,Điểm thi THPT,2024,15.0,Công nghệ kỹ thuật ô tô
176716,XDN,cong-nghe-ky-thuat-o-to,C01,Điểm thi THPT,2024,15.0,Công nghệ kỹ thuật ô tô
176717,XDN,cong-nghe-ky-thuat-o-to,D01,Điểm thi THPT,2024,15.0,Công nghệ kỹ thuật ô tô
176718,XDN,cong-nghe-ky-thuat-o-to,A00,Điểm học bạ,2025,15.0,Công nghệ kỹ thuật ô tô
176719,XDN,cong-nghe-ky-thuat-o-to,A01,Điểm học bạ,2025,15.0,Công nghệ kỹ thuật ô tô
176720,XDN,cong-nghe-ky-thuat-o-to,C01,Điểm học bạ,2025,15.0,Công nghệ kỹ thuật ô tô
176721,XDN,cong-nghe-ky-thuat-o-to,D01,Điểm học bạ,2025,15.0,Công nghệ kỹ thuật ô tô
176722,XDN,cong-nghe-ky-thuat-o-to,D07,Điểm học bạ,2025,15.0,Công nghệ kỹ thuật ô tô
176723,XDN,cong-nghe-ky-thuat-o-to,X02,Điểm học bạ,2025,15.0,Công nghệ kỹ thuật ô tô
176724,XDN,cong-nghe-ky-thuat-o-to,X03,Điểm học bạ,2025,15.0,Công nghệ kỹ thuật ô tô
176725,XDN,cong-nghe-ky-thuat-o-to,X26,Điểm học bạ,2025,15.0,Công nghệ kỹ thuật ô tô
176726,XDN,cong-nghe-ky-thuat-o-to,X27,Điểm học bạ,2025,15.0,Công nghệ kỹ thuật ô tô
176727,XDN,cong-nghe-ky-thuat-o-to,X56,Điểm học bạ,2025,15.0,Công nghệ kỹ thuật ô tô
176728,XDN,cong-nghe-ky-thuat-o-to,A00,Điểm thi THPT,2025,15.0,Công nghệ kỹ thuật ô tô
176729,XDN,cong-nghe-ky-thuat-o-to,A01,Điểm thi THPT,2025,15.0,Công nghệ kỹ thuật ô tô
176730,XDN,cong-nghe-ky-thuat-o-to,C01,Điểm thi THPT,2025,15.0,Công nghệ kỹ thuật ô tô
176731,XDN,cong-nghe-ky-thuat-o-to,D01,Điểm thi THPT,2025,15.0,Công nghệ kỹ thuật ô tô
176732,XDN,cong-nghe-ky-thuat-o-to,D07,Điểm thi THPT,2025,15.0,Công nghệ kỹ thuật ô tô
176733,XDN,cong-nghe-ky-thuat-o-to,X02,Điểm thi THPT,2025,15.0,Công nghệ kỹ thuật ô tô
176734,XDN,cong-nghe-ky-thuat-o-to,X03,Điểm thi THPT,2025,15.0,Công nghệ kỹ thuật ô tô
176735,XDN,cong-nghe-ky-thuat-o-to,X26,Điểm thi THPT,2025,15.0,Công nghệ kỹ thuật ô tô
176736,XDN,cong-nghe-ky-thuat-o-to,X27,Điểm thi THPT,2025,15.0,Công nghệ kỹ thuật ô tô
176737,XDN,cong-nghe-ky-thuat-o-to,X56,Điểm thi THPT,2025,15.0,Công nghệ kỹ thuật ô tô
176738,XDN,cong-nghe-thong-tin,A00,Điểm thi THPT,2024,15.0,Công nghệ thông tin
176739,XDN,cong-nghe-thong-tin,A01,Điểm thi THPT,2024,15.0,Công nghệ thông tin
176740,XDN,cong-nghe-thong-tin,C01,Điểm thi THPT,2024,15.0,Công nghệ thông tin
176741,XDN,cong-nghe-thong-tin,D01,Điểm thi THPT,2024,15.0,Công nghệ thông tin
176742,XDN,cong-nghe-thong-tin,A00,Điểm học bạ,2025,15.0,Công nghệ thông tin
176743,XDN,cong-nghe-thong-tin,A01,Điểm học bạ,2025,15.0,Công nghệ thông tin
176744,XDN,cong-nghe-thong-tin,C01,Điểm học bạ,2025,15.0,Công nghệ thông tin
176745,XDN,cong-nghe-thong-tin,D01,Điểm học bạ,2025,15.0,Công nghệ thông tin
176746,XDN,cong-nghe-thong-tin,D07,Điểm học bạ,2025,15.0,Công nghệ thông tin
176747,XDN,cong-nghe-thong-tin,X02,Điểm học bạ,2025,15.0,Công nghệ thông tin
176748,XDN,cong-nghe-thong-tin,X03,Điểm học bạ,2025,15.0,Công nghệ thông tin
176749,XDN,cong-nghe-thong-tin,X26,Điểm học bạ,2025,15.0,Công nghệ thông tin
176750,XDN,cong-nghe-thong-tin,X27,Điểm học bạ,2025,15.0,Công nghệ thông tin
176751,XDN,cong-nghe-thong-tin,X56,Điểm học bạ,2025,15.0,Công nghệ thông tin
176752,XDN,cong-nghe-thong-tin,A00,Điểm thi THPT,2025,15.0,Công nghệ thông tin
176753,XDN,cong-nghe-thong-tin,A01,Điểm thi THPT,2025,15.0,Công nghệ thông tin
176754,XDN,cong-nghe-thong-tin,C01,Điểm thi THPT,2025,15.0,Công nghệ thông tin
176755,XDN,cong-nghe-thong-tin,D01,Điểm thi THPT,2025,15.0,Công nghệ thông tin
176756,XDN,cong-nghe-thong-tin,D07,Điểm thi THPT,2025,15.0,Công nghệ thông tin
176757,XDN,cong-nghe-thong-tin,X02,Điểm thi THPT,2025,15.0,Công nghệ thông tin
176758,XDN,cong-nghe-thong-tin,X03,Điểm thi THPT,2025,15.0,Công nghệ thông tin
176759,XDN,cong-nghe-thong-tin,X26,Điểm thi THPT,2025,15.0,Công nghệ thông tin
176760,XDN,cong-nghe-thong-tin,X27,Điểm thi THPT,2025,15.0,Công nghệ thông tin
176761,XDN,cong-nghe-thong-tin,X56,Điểm thi THPT,2025,15.0,Công nghệ thông tin
176762,XDN,ke-toan,A00,Điểm học bạ,2025,15.0,Kế toán
176763,XDN,ke-toan,A01,Điểm học bạ,2025,15.0,Kế toán
176764,XDN,ke-toan,C01,Điểm học bạ,2025,15.0,Kế toán
176765,XDN,ke-toan,D01,Điểm học bạ,2025,15.0,Kế toán
176766,XDN,ke-toan,D07,Điểm học bạ,2025,15.0,Kế toán
176767,XDN,ke-toan,X02,Điểm học bạ,2025,15.0,Kế toán
176768,XDN,ke-toan,X03,Điểm học bạ,2025,15.0,Kế toán
176769,XDN,ke-toan,X26,Điểm học bạ,2025,15.0,Kế toán
176770,XDN,ke-toan,X27,Điểm học bạ,2025,15.0,Kế toán
176771,XDN,ke-toan,X56,Điểm học bạ,2025,15.0,Kế toán
176772,XDN,ke-toan,A00,Điểm thi THPT,2025,15.0,Kế toán
176773,XDN,ke-toan,A01,Điểm thi THPT,2025,15.0,Kế toán
176774,XDN,ke-toan,C01,Điểm thi THPT,2025,15.0,Kế toán
176775,XDN,ke-toan,D01,Điểm thi THPT,2025,15.0,Kế toán
176776,XDN,ke-toan,D07,Điểm thi THPT,2025,15.0,Kế toán
176777,XDN,ke-toan,X02,Điểm thi THPT,2025,15.0,Kế toán
176778,XDN,ke-toan,X03,Điểm thi THPT,2025,15.0,Kế toán
176779,XDN,ke-toan,X26,Điểm thi THPT,2025,15.0,Kế toán
176780,XDN,ke-toan,X27,Điểm thi THPT,2025,15.0,Kế toán
176781,XDN,ke-toan,X56,Điểm thi THPT,2025,15.0,Kế toán
176782,XDN,kien-truc,A01,Điểm học bạ,2023,18.0,Kiến trúc
176783,XDN,kien-truc,D01,Điểm học bạ,2023,18.0,Kiến trúc
176784,XDN,kien-truc,V00,Điểm học bạ,2023,18.0,Kiến trúc
176785,XDN,kien-truc,V01,Điểm học bạ,2023,18.0,Kiến trúc
176786,XDN,kien-truc,A01,Điểm thi THPT,2023,15.0,Kiến trúc
176787,XDN,kien-truc,D01,Điểm thi THPT,2023,15.0,Kiến trúc
176788,XDN,kien-truc,V00,Điểm thi THPT,2023,15.0,Kiến trúc
176789,XDN,kien-truc,V01,Điểm thi THPT,2023,15.0,Kiến trúc
176790,XDN,kien-truc,A01,Điểm thi THPT,2024,15.0,Kiến trúc
176791,XDN,kien-truc,D01,Điểm thi THPT,2024,15.0,Kiến trúc
176792,XDN,kien-truc,V00,Điểm thi THPT,2024,15.0,Kiến trúc
176793,XDN,kien-truc,V01,Điểm thi THPT,2024,15.0,Kiến trúc
176794,XDN,kien-truc,A01,Điểm học bạ,2025,15.0,Kiến trúc
176795,XDN,kien-truc,D01,Điểm học bạ,2025,15.0,Kiến trúc
176796,XDN,kien-truc,D07,Điểm học bạ,2025,15.0,Kiến trúc
176797,XDN,kien-truc,X02,Điểm học bạ,2025,15.0,Kiến trúc
176798,XDN,kien-truc,X03,Điểm học bạ,2025,15.0,Kiến trúc
176799,XDN,kien-truc,X26,Điểm học bạ,2025,15.0,Kiến trúc
176800,XDN,kien-truc,X27,Điểm học bạ,2025,15.0,Kiến trúc
176801,XDN,kien-truc,X56,Điểm học bạ,2025,15.0,Kiến trúc
176802,XDN,kien-truc,A01,Điểm thi THPT,2025,15.0,Kiến trúc
176803,XDN,kien-truc,D01,Điểm thi THPT,2025,15.0,Kiến trúc
176804,XDN,kien-truc,D07,Điểm thi THPT,2025,15.0,Kiến trúc
176805,XDN,kien-truc,X02,Điểm thi THPT,2025,15.0,Kiến trúc
176806,XDN,kien-truc,X03,Điểm thi THPT,2025,15.0,Kiến trúc
176807,XDN,kien-truc,X26,Điểm thi THPT,2025,15.0,Kiến trúc
176808,XDN,kien-truc,X27,Điểm thi THPT,2025,15.0,Kiến trúc
176809,XDN,kien-truc,X56,Điểm thi THPT,2025,15.0,Kiến trúc
176810,XDN,kien-truc-noi-that,A01,Điểm thi THPT,2024,15.0,Kiến trúc nội thất
176811,XDN,kien-truc-noi-that,D01,Điểm thi THPT,2024,15.0,Kiến trúc nội thất
176812,XDN,kien-truc-noi-that,V00,Điểm thi THPT,2024,15.0,Kiến trúc nội thất
176813,XDN,kien-truc-noi-that,V01,Điểm thi THPT,2024,15.0,Kiến trúc nội thất
176814,XDN,kien-truc-noi-that,A01,Điểm học bạ,2025,15.0,Kiến trúc nội thất
176815,XDN,kien-truc-noi-that,D01,Điểm học bạ,2025,15.0,Kiến trúc nội thất
176816,XDN,kien-truc-noi-that,D07,Điểm học bạ,2025,15.0,Kiến trúc nội thất
176817,XDN,kien-truc-noi-that,X02,Điểm học bạ,2025,15.0,Kiến trúc nội thất
176818,XDN,kien-truc-noi-that,X03,Điểm học bạ,2025,15.0,Kiến trúc nội thất
176819,XDN,kien-truc-noi-that,X26,Điểm học bạ,2025,15.0,Kiến trúc nội thất
176820,XDN,kien-truc-noi-that,X27,Điểm học bạ,2025,15.0,Kiến trúc nội thất
176821,XDN,kien-truc-noi-that,X56,Điểm học bạ,2025,15.0,Kiến trúc nội thất
176822,XDN,kien-truc-noi-that,A01,Điểm thi THPT,2025,15.0,Kiến trúc nội thất
176823,XDN,kien-truc-noi-that,D01,Điểm thi THPT,2025,15.0,Kiến trúc nội thất
176824,XDN,kien-truc-noi-that,D07,Điểm thi THPT,2025,15.0,Kiến trúc nội thất
176825,XDN,kien-truc-noi-that,X02,Điểm thi THPT,2025,15.0,Kiến trúc nội thất
176826,XDN,kien-truc-noi-that,X03,Điểm thi THPT,2025,15.0,Kiến trúc nội thất
176827,XDN,kien-truc-noi-that,X26,Điểm thi THPT,2025,15.0,Kiến trúc nội thất
176828,XDN,kien-truc-noi-that,X27,Điểm thi THPT,2025,15.0,Kiến trúc nội thất
176829,XDN,kien-truc-noi-that,X56,Điểm thi THPT,2025,15.0,Kiến trúc nội thất
176830,XDN,ky-thuat-cap-thoat-nuoc,A00,Điểm thi THPT,2024,15.0,Kỹ thuật Cấp thoát nước
176831,XDN,ky-thuat-cap-thoat-nuoc,A01,Điểm thi THPT,2024,15.0,Kỹ thuật Cấp thoát nước
176832,XDN,ky-thuat-cap-thoat-nuoc,C01,Điểm thi THPT,2024,15.0,Kỹ thuật Cấp thoát nước
176833,XDN,ky-thuat-cap-thoat-nuoc,D01,Điểm thi THPT,2024,15.0,Kỹ thuật Cấp thoát nước
176834,XDN,ky-thuat-dieu-khien-va-tu-dong-hoa,A00,Điểm thi THPT,2024,15.0,Kỹ thuật điều khiển và tự động hoá
176835,XDN,ky-thuat-dieu-khien-va-tu-dong-hoa,A01,Điểm thi THPT,2024,15.0,Kỹ thuật điều khiển và tự động hoá
176836,XDN,ky-thuat-dieu-khien-va-tu-dong-hoa,C01,Điểm thi THPT,2024,15.0,Kỹ thuật điều khiển và tự động hoá
176837,XDN,ky-thuat-dieu-khien-va-tu-dong-hoa,D01,Điểm thi THPT,2024,15.0,Kỹ thuật điều khiển và tự động hoá
176838,XDN,ky-thuat-dieu-khien-va-tu-dong-hoa,A00,Điểm học bạ,2025,15.0,Kỹ thuật điều khiển và tự động hoá
176839,XDN,ky-thuat-dieu-khien-va-tu-dong-hoa,A01,Điểm học bạ,2025,15.0,Kỹ thuật điều khiển và tự động hoá
176840,XDN,ky-thuat-dieu-khien-va-tu-dong-hoa,C01,Điểm học bạ,2025,15.0,Kỹ thuật điều khiển và tự động hoá
176841,XDN,ky-thuat-dieu-khien-va-tu-dong-hoa,D01,Điểm học bạ,2025,15.0,Kỹ thuật điều khiển và tự động hoá
176842,XDN,ky-thuat-dieu-khien-va-tu-dong-hoa,D07,Điểm học bạ,2025,15.0,Kỹ thuật điều khiển và tự động hoá
176843,XDN,ky-thuat-dieu-khien-va-tu-dong-hoa,X02,Điểm học bạ,2025,15.0,Kỹ thuật điều khiển và tự động hoá
176844,XDN,ky-thuat-dieu-khien-va-tu-dong-hoa,X03,Điểm học bạ,2025,15.0,Kỹ thuật điều khiển và tự động hoá
176845,XDN,ky-thuat-dieu-khien-va-tu-dong-hoa,X26,Điểm học bạ,2025,15.0,Kỹ thuật điều khiển và tự động hoá
176846,XDN,ky-thuat-dieu-khien-va-tu-dong-hoa,X27,Điểm học bạ,2025,15.0,Kỹ thuật điều khiển và tự động hoá
176847,XDN,ky-thuat-dieu-khien-va-tu-dong-hoa,X56,Điểm học bạ,2025,15.0,Kỹ thuật điều khiển và tự động hoá
176848,XDN,ky-thuat-dieu-khien-va-tu-dong-hoa,A00,Điểm thi THPT,2025,15.0,Kỹ thuật điều khiển và tự động hoá
176849,XDN,ky-thuat-dieu-khien-va-tu-dong-hoa,A01,Điểm thi THPT,2025,15.0,Kỹ thuật điều khiển và tự động hoá
176850,XDN,ky-thuat-dieu-khien-va-tu-dong-hoa,C01,Điểm thi THPT,2025,15.0,Kỹ thuật điều khiển và tự động hoá
176851,XDN,ky-thuat-dieu-khien-va-tu-dong-hoa,D01,Điểm thi THPT,2025,15.0,Kỹ thuật điều khiển và tự động hoá
176852,XDN,ky-thuat-dieu-khien-va-tu-dong-hoa,D07,Điểm thi THPT,2025,15.0,Kỹ thuật điều khiển và tự động hoá
176853,XDN,ky-thuat-dieu-khien-va-tu-dong-hoa,X02,Điểm thi THPT,2025,15.0,Kỹ thuật điều khiển và tự động hoá
176854,XDN,ky-thuat-dieu-khien-va-tu-dong-hoa,X03,Điểm thi THPT,2025,15.0,Kỹ thuật điều khiển và tự động hoá
176855,XDN,ky-thuat-dieu-khien-va-tu-dong-hoa,X26,Điểm thi THPT,2025,15.0,Kỹ thuật điều khiển và tự động hoá
176856,XDN,ky-thuat-dieu-khien-va-tu-dong-hoa,X27,Điểm thi THPT,2025,15.0,Kỹ thuật điều khiển và tự động hoá
176857,XDN,ky-thuat-dieu-khien-va-tu-dong-hoa,X56,Điểm thi THPT,2025,15.0,Kỹ thuật điều khiển và tự động hoá
176858,XDN,ky-thuat-xay-dung,A00,Điểm học bạ,2023,18.0,Kỹ thuật xây dựng
176859,XDN,ky-thuat-xay-dung,A01,Điểm học bạ,2023,18.0,Kỹ thuật xây dựng
176860,XDN,ky-thuat-xay-dung,C01,Điểm học bạ,2023,18.0,Kỹ thuật xây dựng
176861,XDN,ky-thuat-xay-dung,D01,Điểm học bạ,2023,18.0,Kỹ thuật xây dựng
176862,XDN,ky-thuat-xay-dung,A00,Điểm thi THPT,2023,15.0,Kỹ thuật xây dựng
176863,XDN,ky-thuat-xay-dung,A01,Điểm thi THPT,2023,15.0,Kỹ thuật xây dựng
176864,XDN,ky-thuat-xay-dung,C01,Điểm thi THPT,2023,15.0,Kỹ thuật xây dựng
176865,XDN,ky-thuat-xay-dung,D01,Điểm thi THPT,2023,15.0,Kỹ thuật xây dựng
176866,XDN,ky-thuat-xay-dung,A00,Điểm thi THPT,2024,15.0,Kỹ thuật xây dựng
176867,XDN,ky-thuat-xay-dung,A01,Điểm thi THPT,2024,15.0,Kỹ thuật xây dựng
176868,XDN,ky-thuat-xay-dung,C01,Điểm thi THPT,2024,15.0,Kỹ thuật xây dựng
176869,XDN,ky-thuat-xay-dung,D01,Điểm thi THPT,2024,15.0,Kỹ thuật xây dựng
176870,XDN,ky-thuat-xay-dung,A00,Điểm học bạ,2025,15.0,Kỹ thuật xây dựng
176871,XDN,ky-thuat-xay-dung,A01,Điểm học bạ,2025,15.0,Kỹ thuật xây dựng
176872,XDN,ky-thuat-xay-dung,C01,Điểm học bạ,2025,15.0,Kỹ thuật xây dựng
176873,XDN,ky-thuat-xay-dung,D01,Điểm học bạ,2025,15.0,Kỹ thuật xây dựng
176874,XDN,ky-thuat-xay-dung,D07,Điểm học bạ,2025,15.0,Kỹ thuật xây dựng
176875,XDN,ky-thuat-xay-dung,X02,Điểm học bạ,2025,15.0,Kỹ thuật xây dựng
176876,XDN,ky-thuat-xay-dung,X03,Điểm học bạ,2025,15.0,Kỹ thuật xây dựng
176877,XDN,ky-thuat-xay-dung,X26,Điểm học bạ,2025,15.0,Kỹ thuật xây dựng
176878,XDN,ky-thuat-xay-dung,X27,Điểm học bạ,2025,15.0,Kỹ thuật xây dựng
176879,XDN,ky-thuat-xay-dung,X56,Điểm học bạ,2025,15.0,Kỹ thuật xây dựng
176880,XDN,ky-thuat-xay-dung,A00,Điểm thi THPT,2025,15.0,Kỹ thuật xây dựng
176881,XDN,ky-thuat-xay-dung,A01,Điểm thi THPT,2025,15.0,Kỹ thuật xây dựng
176882,XDN,ky-thuat-xay-dung,C01,Điểm thi THPT,2025,15.0,Kỹ thuật xây dựng
176883,XDN,ky-thuat-xay-dung,D01,Điểm thi THPT,2025,15.0,Kỹ thuật xây dựng
176884,XDN,ky-thuat-xay-dung,D07,Điểm thi THPT,2025,15.0,Kỹ thuật xây dựng
176885,XDN,ky-thuat-xay-dung,X02,Điểm thi THPT,2025,15.0,Kỹ thuật xây dựng
176886,XDN,ky-thuat-xay-dung,X03,Điểm thi THPT,2025,15.0,Kỹ thuật xây dựng
176887,XDN,ky-thuat-xay-dung,X26,Điểm thi THPT,2025,15.0,Kỹ thuật xây dựng
176888,XDN,ky-thuat-xay-dung,X27,Điểm thi THPT,2025,15.0,Kỹ thuật xây dựng
176889,XDN,ky-thuat-xay-dung,X56,Điểm thi THPT,2025,15.0,Kỹ thuật xây dựng
176890,XDN,ky-thuat-xay-dung-cong-trinh-giao-thong,A00,Điểm học bạ,2023,18.0,Kỹ thuật xây dựng công trình giao thông
176891,XDN,ky-thuat-xay-dung-cong-trinh-giao-thong,A01,Điểm học bạ,2023,18.0,Kỹ thuật xây dựng công trình giao thông
176892,XDN,ky-thuat-xay-dung-cong-trinh-giao-thong,C01,Điểm học bạ,2023,18.0,Kỹ thuật xây dựng công trình giao thông
176893,XDN,ky-thuat-xay-dung-cong-trinh-giao-thong,D01,Điểm học bạ,2023,18.0,Kỹ thuật xây dựng công trình giao thông
176894,XDN,ky-thuat-xay-dung-cong-trinh-giao-thong,A00,Điểm thi THPT,2023,15.0,Kỹ thuật xây dựng công trình giao thông
176895,XDN,ky-thuat-xay-dung-cong-trinh-giao-thong,A01,Điểm thi THPT,2023,15.0,Kỹ thuật xây dựng công trình giao thông
176896,XDN,ky-thuat-xay-dung-cong-trinh-giao-thong,C01,Điểm thi THPT,2023,15.0,Kỹ thuật xây dựng công trình giao thông
176897,XDN,ky-thuat-xay-dung-cong-trinh-giao-thong,D01,Điểm thi THPT,2023,15.0,Kỹ thuật xây dựng công trình giao thông
176898,XDN,ky-thuat-xay-dung-cong-trinh-giao-thong,A00,Điểm thi THPT,2024,15.0,Kỹ thuật xây dựng công trình giao thông
176899,XDN,ky-thuat-xay-dung-cong-trinh-giao-thong,A01,Điểm thi THPT,2024,15.0,Kỹ thuật xây dựng công trình giao thông
176900,XDN,ky-thuat-xay-dung-cong-trinh-giao-thong,C01,Điểm thi THPT,2024,15.0,Kỹ thuật xây dựng công trình giao thông
176901,XDN,ky-thuat-xay-dung-cong-trinh-giao-thong,D01,Điểm thi THPT,2024,15.0,Kỹ thuật xây dựng công trình giao thông
176902,XDN,ky-thuat-xay-dung-cong-trinh-giao-thong,A00,Điểm học bạ,2025,15.0,Kỹ thuật xây dựng công trình giao thông
176903,XDN,ky-thuat-xay-dung-cong-trinh-giao-thong,A01,Điểm học bạ,2025,15.0,Kỹ thuật xây dựng công trình giao thông
176904,XDN,ky-thuat-xay-dung-cong-trinh-giao-thong,C01,Điểm học bạ,2025,15.0,Kỹ thuật xây dựng công trình giao thông
176905,XDN,ky-thuat-xay-dung-cong-trinh-giao-thong,D01,Điểm học bạ,2025,15.0,Kỹ thuật xây dựng công trình giao thông
176906,XDN,ky-thuat-xay-dung-cong-trinh-giao-thong,D07,Điểm học bạ,2025,15.0,Kỹ thuật xây dựng công trình giao thông
176907,XDN,ky-thuat-xay-dung-cong-trinh-giao-thong,X02,Điểm học bạ,2025,15.0,Kỹ thuật xây dựng công trình giao thông
176908,XDN,ky-thuat-xay-dung-cong-trinh-giao-thong,X03,Điểm học bạ,2025,15.0,Kỹ thuật xây dựng công trình giao thông
176909,XDN,ky-thuat-xay-dung-cong-trinh-giao-thong,X26,Điểm học bạ,2025,15.0,Kỹ thuật xây dựng công trình giao thông
176910,XDN,ky-thuat-xay-dung-cong-trinh-giao-thong,X27,Điểm học bạ,2025,15.0,Kỹ thuật xây dựng công trình giao thông
176911,XDN,ky-thuat-xay-dung-cong-trinh-giao-thong,X56,Điểm học bạ,2025,15.0,Kỹ thuật xây dựng công trình giao thông
176912,XDN,ky-thuat-xay-dung-cong-trinh-giao-thong,A00,Điểm thi THPT,2025,15.0,Kỹ thuật xây dựng công trình giao thông
176913,XDN,ky-thuat-xay-dung-cong-trinh-giao-thong,A01,Điểm thi THPT,2025,15.0,Kỹ thuật xây dựng công trình giao thông
176914,XDN,ky-thuat-xay-dung-cong-trinh-giao-thong,C01,Điểm thi THPT,2025,15.0,Kỹ thuật xây dựng công trình giao thông
176915,XDN,ky-thuat-xay-dung-cong-trinh-giao-thong,D01,Điểm thi THPT,2025,15.0,Kỹ thuật xây dựng công trình giao thông
176916,XDN,ky-thuat-xay-dung-cong-trinh-giao-thong,D07,Điểm thi THPT,2025,15.0,Kỹ thuật xây dựng công trình giao thông
176917,XDN,ky-thuat-xay-dung-cong-trinh-giao-thong,X02,Điểm thi THPT,2025,15.0,Kỹ thuật xây dựng công trình giao thông
176918,XDN,ky-thuat-xay-dung-cong-trinh-giao-thong,X03,Điểm thi THPT,2025,15.0,Kỹ thuật xây dựng công trình giao thông
176919,XDN,ky-thuat-xay-dung-cong-trinh-giao-thong,X26,Điểm thi THPT,2025,15.0,Kỹ thuật xây dựng công trình giao thông
176920,XDN,ky-thuat-xay-dung-cong-trinh-giao-thong,X27,Điểm thi THPT,2025,15.0,Kỹ thuật xây dựng công trình giao thông
176921,XDN,ky-thuat-xay-dung-cong-trinh-giao-thong,X56,Điểm thi THPT,2025,15.0,Kỹ thuật xây dựng công trình giao thông
176922,XDN,logistics-va-quan-ly-chuoi-cung-ung,A00,Điểm thi THPT,2024,15.0,Logistics và Quản lý chuỗi cung ứng
176923,XDN,logistics-va-quan-ly-chuoi-cung-ung,A01,Điểm thi THPT,2024,15.0,Logistics và Quản lý chuỗi cung ứng
176924,XDN,logistics-va-quan-ly-chuoi-cung-ung,C01,Điểm thi THPT,2024,15.0,Logistics và Quản lý chuỗi cung ứng
176925,XDN,logistics-va-quan-ly-chuoi-cung-ung,D01,Điểm thi THPT,2024,15.0,Logistics và Quản lý chuỗi cung ứng
176926,XDN,logistics-va-quan-ly-chuoi-cung-ung,A00,Điểm học bạ,2025,15.0,Logistics và Quản lý chuỗi cung ứng
176927,XDN,logistics-va-quan-ly-chuoi-cung-ung,A01,Điểm học bạ,2025,15.0,Logistics và Quản lý chuỗi cung ứng
176928,XDN,logistics-va-quan-ly-chuoi-cung-ung,C01,Điểm học bạ,2025,15.0,Logistics và Quản lý chuỗi cung ứng
176929,XDN,logistics-va-quan-ly-chuoi-cung-ung,D01,Điểm học bạ,2025,15.0,Logistics và Quản lý chuỗi cung ứng
176930,XDN,logistics-va-quan-ly-chuoi-cung-ung,D07,Điểm học bạ,2025,15.0,Logistics và Quản lý chuỗi cung ứng
176931,XDN,logistics-va-quan-ly-chuoi-cung-ung,X02,Điểm học bạ,2025,15.0,Logistics và Quản lý chuỗi cung ứng
176932,XDN,logistics-va-quan-ly-chuoi-cung-ung,X03,Điểm học bạ,2025,15.0,Logistics và Quản lý chuỗi cung ứng
176933,XDN,logistics-va-quan-ly-chuoi-cung-ung,X26,Điểm học bạ,2025,15.0,Logistics và Quản lý chuỗi cung ứng
176934,XDN,logistics-va-quan-ly-chuoi-cung-ung,X27,Điểm học bạ,2025,15.0,Logistics và Quản lý chuỗi cung ứng
176935,XDN,logistics-va-quan-ly-chuoi-cung-ung,X56,Điểm học bạ,2025,15.0,Logistics và Quản lý chuỗi cung ứng
176936,XDN,logistics-va-quan-ly-chuoi-cung-ung,A00,Điểm thi THPT,2025,15.0,Logistics và Quản lý chuỗi cung ứng
176937,XDN,logistics-va-quan-ly-chuoi-cung-ung,A01,Điểm thi THPT,2025,15.0,Logistics và Quản lý chuỗi cung ứng
176938,XDN,logistics-va-quan-ly-chuoi-cung-ung,C01,Điểm thi THPT,2025,15.0,Logistics và Quản lý chuỗi cung ứng
176939,XDN,logistics-va-quan-ly-chuoi-cung-ung,D01,Điểm thi THPT,2025,15.0,Logistics và Quản lý chuỗi cung ứng
176940,XDN,logistics-va-quan-ly-chuoi-cung-ung,D07,Điểm thi THPT,2025,15.0,Logistics và Quản lý chuỗi cung ứng
176941,XDN,logistics-va-quan-ly-chuoi-cung-ung,X02,Điểm thi THPT,2025,15.0,Logistics và Quản lý chuỗi cung ứng
176942,XDN,logistics-va-quan-ly-chuoi-cung-ung,X03,Điểm thi THPT,2025,15.0,Logistics và Quản lý chuỗi cung ứng
176943,XDN,logistics-va-quan-ly-chuoi-cung-ung,X26,Điểm thi THPT,2025,15.0,Logistics và Quản lý chuỗi cung ứng
176944,XDN,logistics-va-quan-ly-chuoi-cung-ung,X27,Điểm thi THPT,2025,15.0,Logistics và Quản lý chuỗi cung ứng
176945,XDN,logistics-va-quan-ly-chuoi-cung-ung,X56,Điểm thi THPT,2025,15.0,Logistics và Quản lý chuỗi cung ứng
176946,XDN,quan-ly-xay-dung,A00,Điểm học bạ,2023,18.0,Quản lý xây dựng
176947,XDN,quan-ly-xay-dung,A01,Điểm học bạ,2023,18.0,Quản lý xây dựng
176948,XDN,quan-ly-xay-dung,C01,Điểm học bạ,2023,18.0,Quản lý xây dựng
176949,XDN,quan-ly-xay-dung,D01,Điểm học bạ,2023,18.0,Quản lý xây dựng
176950,XDN,quan-ly-xay-dung,A00,Điểm thi THPT,2023,15.0,Quản lý xây dựng
176951,XDN,quan-ly-xay-dung,A01,Điểm thi THPT,2023,15.0,Quản lý xây dựng
176952,XDN,quan-ly-xay-dung,C01,Điểm thi THPT,2023,15.0,Quản lý xây dựng
176953,XDN,quan-ly-xay-dung,D01,Điểm thi THPT,2023,15.0,Quản lý xây dựng
176954,XDN,quan-ly-xay-dung,A00,Điểm thi THPT,2024,15.0,Quản lý xây dựng
176955,XDN,quan-ly-xay-dung,A01,Điểm thi THPT,2024,15.0,Quản lý xây dựng
176956,XDN,quan-ly-xay-dung,C01,Điểm thi THPT,2024,15.0,Quản lý xây dựng
176957,XDN,quan-ly-xay-dung,D01,Điểm thi THPT,2024,15.0,Quản lý xây dựng
176958,XDN,quan-ly-xay-dung,A00,Điểm học bạ,2025,15.0,Quản lý xây dựng
176959,XDN,quan-ly-xay-dung,A01,Điểm học bạ,2025,15.0,Quản lý xây dựng
176960,XDN,quan-ly-xay-dung,C01,Điểm học bạ,2025,15.0,Quản lý xây dựng
176961,XDN,quan-ly-xay-dung,D01,Điểm học bạ,2025,15.0,Quản lý xây dựng
176962,XDN,quan-ly-xay-dung,D07,Điểm học bạ,2025,15.0,Quản lý xây dựng
176963,XDN,quan-ly-xay-dung,X02,Điểm học bạ,2025,15.0,Quản lý xây dựng
176964,XDN,quan-ly-xay-dung,X03,Điểm học bạ,2025,15.0,Quản lý xây dựng
176965,XDN,quan-ly-xay-dung,X26,Điểm học bạ,2025,15.0,Quản lý xây dựng
176966,XDN,quan-ly-xay-dung,X27,Điểm học bạ,2025,15.0,Quản lý xây dựng
176967,XDN,quan-ly-xay-dung,X56,Điểm học bạ,2025,15.0,Quản lý xây dựng
176968,XDN,quan-ly-xay-dung,A00,Điểm thi THPT,2025,15.0,Quản lý xây dựng
176969,XDN,quan-ly-xay-dung,A01,Điểm thi THPT,2025,15.0,Quản lý xây dựng
176970,XDN,quan-ly-xay-dung,C01,Điểm thi THPT,2025,15.0,Quản lý xây dựng
176971,XDN,quan-ly-xay-dung,D01,Điểm thi THPT,2025,15.0,Quản lý xây dựng
176972,XDN,quan-ly-xay-dung,D07,Điểm thi THPT,2025,15.0,Quản lý xây dựng
176973,XDN,quan-ly-xay-dung,X02,Điểm thi THPT,2025,15.0,Quản lý xây dựng
176974,XDN,quan-ly-xay-dung,X03,Điểm thi THPT,2025,15.0,Quản lý xây dựng
176975,XDN,quan-ly-xay-dung,X26,Điểm thi THPT,2025,15.0,Quản lý xây dựng
176976,XDN,quan-ly-xay-dung,X27,Điểm thi THPT,2025,15.0,Quản lý xây dựng
176977,XDN,quan-ly-xay-dung,X56,Điểm thi THPT,2025,15.0,Quản lý xây dựng
176978,XDN,quan-tri-kinh-doanh,A00,Điểm thi THPT,2024,15.0,Quản trị kinh doanh
176979,XDN,quan-tri-kinh-doanh,A01,Điểm thi THPT,2024,15.0,Quản trị kinh doanh
176980,XDN,quan-tri-kinh-doanh,C01,Điểm thi THPT,2024,15.0,Quản trị kinh doanh
176981,XDN,quan-tri-kinh-doanh,D01,Điểm thi THPT,2024,15.0,Quản trị kinh doanh
176982,XDN,quan-tri-kinh-doanh,A00,Điểm học bạ,2025,15.0,Quản trị kinh doanh
176983,XDN,quan-tri-kinh-doanh,A01,Điểm học bạ,2025,15.0,Quản trị kinh doanh
176984,XDN,quan-tri-kinh-doanh,C01,Điểm học bạ,2025,15.0,Quản trị kinh doanh
176985,XDN,quan-tri-kinh-doanh,D01,Điểm học bạ,2025,15.0,Quản trị kinh doanh
176986,XDN,quan-tri-kinh-doanh,D07,Điểm học bạ,2025,15.0,Quản trị kinh doanh
176987,XDN,quan-tri-kinh-doanh,X02,Điểm học bạ,2025,15.0,Quản trị kinh doanh
176988,XDN,quan-tri-kinh-doanh,X03,Điểm học bạ,2025,15.0,Quản trị kinh doanh
176989,XDN,quan-tri-kinh-doanh,X26,Điểm học bạ,2025,15.0,Quản trị kinh doanh
176990,XDN,quan-tri-kinh-doanh,X27,Điểm học bạ,2025,15.0,Quản trị kinh doanh
176991,XDN,quan-tri-kinh-doanh,X56,Điểm học bạ,2025,15.0,Quản trị kinh doanh
176992,XDN,quan-tri-kinh-doanh,A00,Điểm thi THPT,2025,15.0,Quản trị kinh doanh
176993,XDN,quan-tri-kinh-doanh,A01,Điểm thi THPT,2025,15.0,Quản trị kinh doanh
176994,XDN,quan-tri-kinh-doanh,C01,Điểm thi THPT,2025,15.0,Quản trị kinh doanh
176995,XDN,quan-tri-kinh-doanh,D01,Điểm thi THPT,2025,15.0,Quản trị kinh doanh
176996,XDN,quan-tri-kinh-doanh,D07,Điểm thi THPT,2025,15.0,Quản trị kinh doanh
176997,XDN,quan-tri-kinh-doanh,X02,Điểm thi THPT,2025,15.0,Quản trị kinh doanh
176998,XDN,quan-tri-kinh-doanh,X03,Điểm thi THPT,2025,15.0,Quản trị kinh doanh
176999,XDN,quan-tri-kinh-doanh,X26,Điểm thi THPT,2025,15.0,Quản trị kinh doanh
177000,XDN,quan-tri-kinh-doanh,X27,Điểm thi THPT,2025,15.0,Quản trị kinh doanh
177001,XDN,quan-tri-kinh-doanh,X56,Điểm thi THPT,2025,15.0,Quản trị kinh doanh
177002,XDN,tai-chinh-ngan-hang,A00,Điểm thi THPT,2024,15.0,Tài chính - Ngân hàng
177003,XDN,tai-chinh-ngan-hang,A01,Điểm thi THPT,2024,15.0,Tài chính - Ngân hàng
177004,XDN,tai-chinh-ngan-hang,C01,Điểm thi THPT,2024,15.0,Tài chính - Ngân hàng
177005,XDN,tai-chinh-ngan-hang,D01,Điểm thi THPT,2024,15.0,Tài chính - Ngân hàng
177006,XDN,thuong-mai-dien-tu,A00,Điểm thi THPT,2024,15.0,Thương mại điện tử
177007,XDN,thuong-mai-dien-tu,A01,Điểm thi THPT,2024,15.0,Thương mại điện tử
177008,XDN,thuong-mai-dien-tu,C01,Điểm thi THPT,2024,15.0,Thương mại điện tử
177009,XDN,thuong-mai-dien-tu,D01,Điểm thi THPT,2024,15.0,Thương mại điện tử
177010,XDN,thuong-mai-dien-tu,A00,Điểm học bạ,2025,15.0,Thương mại điện tử
177011,XDN,thuong-mai-dien-tu,A01,Điểm học bạ,2025,15.0,Thương mại điện tử
177012,XDN,thuong-mai-dien-tu,C01,Điểm học bạ,2025,15.0,Thương mại điện tử
177013,XDN,thuong-mai-dien-tu,D01,Điểm học bạ,2025,15.0,Thương mại điện tử
177014,XDN,thuong-mai-dien-tu,D07,Điểm học bạ,2025,15.0,Thương mại điện tử
177015,XDN,thuong-mai-dien-tu,X02,Điểm học bạ,2025,15.0,Thương mại điện tử
177016,XDN,thuong-mai-dien-tu,X03,Điểm học bạ,2025,15.0,Thương mại điện tử
177017,XDN,thuong-mai-dien-tu,X26,Điểm học bạ,2025,15.0,Thương mại điện tử
177018,XDN,thuong-mai-dien-tu,X27,Điểm học bạ,2025,15.0,Thương mại điện tử
177019,XDN,thuong-mai-dien-tu,X56,Điểm học bạ,2025,15.0,Thương mại điện tử
177020,XDN,thuong-mai-dien-tu,A00,Điểm thi THPT,2025,15.0,Thương mại điện tử
177021,XDN,thuong-mai-dien-tu,A01,Điểm thi THPT,2025,15.0,Thương mại điện tử
177022,XDN,thuong-mai-dien-tu,C01,Điểm thi THPT,2025,15.0,Thương mại điện tử
177023,XDN,thuong-mai-dien-tu,D01,Điểm thi THPT,2025,15.0,Thương mại điện tử
177024,XDN,thuong-mai-dien-tu,D07,Điểm thi THPT,2025,15.0,Thương mại điện tử
177025,XDN,thuong-mai-dien-tu,X02,Điểm thi THPT,2025,15.0,Thương mại điện tử
177026,XDN,thuong-mai-dien-tu,X03,Điểm thi THPT,2025,15.0,Thương mại điện tử
177027,XDN,thuong-mai-dien-tu,X26,Điểm thi THPT,2025,15.0,Thương mại điện tử
177028,XDN,thuong-mai-dien-tu,X27,Điểm thi THPT,2025,15.0,Thương mại điện tử
177029,XDN,thuong-mai-dien-tu,X56,Điểm thi THPT,2025,15.0,Thương mại điện tử
177030,XDT,cong-nghe-ky-thuat-o-to,A00,Điểm học bạ,2023,18.0,Công nghệ kỹ thuật ô tô
177031,XDT,cong-nghe-ky-thuat-o-to,A01,Điểm học bạ,2023,18.0,Công nghệ kỹ thuật ô tô
177032,XDT,cong-nghe-ky-thuat-o-to,C01,Điểm học bạ,2023,18.0,Công nghệ kỹ thuật ô tô
177033,XDT,cong-nghe-ky-thuat-o-to,D01,Điểm học bạ,2023,18.0,Công nghệ kỹ thuật ô tô
177034,XDT,cong-nghe-ky-thuat-o-to,A00,Điểm thi THPT,2023,15.0,Công nghệ kỹ thuật ô tô
177035,XDT,cong-nghe-ky-thuat-o-to,A01,Điểm thi THPT,2023,15.0,Công nghệ kỹ thuật ô tô
177036,XDT,cong-nghe-ky-thuat-o-to,C01,Điểm thi THPT,2023,15.0,Công nghệ kỹ thuật ô tô
177037,XDT,cong-nghe-ky-thuat-o-to,D01,Điểm thi THPT,2023,15.0,Công nghệ kỹ thuật ô tô
177038,XDT,cong-nghe-ky-thuat-o-to,A00,Điểm học bạ,2024,18.0,Công nghệ kỹ thuật ô tô
177039,XDT,cong-nghe-ky-thuat-o-to,A01,Điểm học bạ,2024,18.0,Công nghệ kỹ thuật ô tô
177040,XDT,cong-nghe-ky-thuat-o-to,C01,Điểm học bạ,2024,18.0,Công nghệ kỹ thuật ô tô
177041,XDT,cong-nghe-ky-thuat-o-to,D01,Điểm học bạ,2024,18.0,Công nghệ kỹ thuật ô tô
177042,XDT,cong-nghe-ky-thuat-o-to,A00,Điểm thi THPT,2024,15.0,Công nghệ kỹ thuật ô tô
177043,XDT,cong-nghe-ky-thuat-o-to,A01,Điểm thi THPT,2024,15.0,Công nghệ kỹ thuật ô tô
177044,XDT,cong-nghe-ky-thuat-o-to,C01,Điểm thi THPT,2024,15.0,Công nghệ kỹ thuật ô tô
177045,XDT,cong-nghe-ky-thuat-o-to,D01,Điểm thi THPT,2024,15.0,Công nghệ kỹ thuật ô tô
177046,XDT,cong-nghe-ky-thuat-o-to,A00,Điểm học bạ,2025,15.0,Công nghệ kỹ thuật ô tô
177047,XDT,cong-nghe-ky-thuat-o-to,A01,Điểm học bạ,2025,15.0,Công nghệ kỹ thuật ô tô
177048,XDT,cong-nghe-ky-thuat-o-to,C01,Điểm học bạ,2025,15.0,Công nghệ kỹ thuật ô tô
177049,XDT,cong-nghe-ky-thuat-o-to,D01,Điểm học bạ,2025,15.0,Công nghệ kỹ thuật ô tô
177050,XDT,cong-nghe-ky-thuat-o-to,D07,Điểm học bạ,2025,15.0,Công nghệ kỹ thuật ô tô
177051,XDT,cong-nghe-ky-thuat-o-to,X02,Điểm học bạ,2025,15.0,Công nghệ kỹ thuật ô tô
177052,XDT,cong-nghe-ky-thuat-o-to,X03,Điểm học bạ,2025,15.0,Công nghệ kỹ thuật ô tô
177053,XDT,cong-nghe-ky-thuat-o-to,X26,Điểm học bạ,2025,15.0,Công nghệ kỹ thuật ô tô
177054,XDT,cong-nghe-ky-thuat-o-to,X27,Điểm học bạ,2025,15.0,Công nghệ kỹ thuật ô tô
177055,XDT,cong-nghe-ky-thuat-o-to,X56,Điểm học bạ,2025,15.0,Công nghệ kỹ thuật ô tô
177056,XDT,cong-nghe-ky-thuat-o-to,A00,Điểm thi THPT,2025,15.0,Công nghệ kỹ thuật ô tô
177057,XDT,cong-nghe-ky-thuat-o-to,A01,Điểm thi THPT,2025,15.0,Công nghệ kỹ thuật ô tô
177058,XDT,cong-nghe-ky-thuat-o-to,C01,Điểm thi THPT,2025,15.0,Công nghệ kỹ thuật ô tô
177059,XDT,cong-nghe-ky-thuat-o-to,D01,Điểm thi THPT,2025,15.0,Công nghệ kỹ thuật ô tô
177060,XDT,cong-nghe-ky-thuat-o-to,D07,Điểm thi THPT,2025,15.0,Công nghệ kỹ thuật ô tô
177061,XDT,cong-nghe-ky-thuat-o-to,X02,Điểm thi THPT,2025,15.0,Công nghệ kỹ thuật ô tô
177062,XDT,cong-nghe-ky-thuat-o-to,X03,Điểm thi THPT,2025,15.0,Công nghệ kỹ thuật ô tô
177063,XDT,cong-nghe-ky-thuat-o-to,X26,Điểm thi THPT,2025,15.0,Công nghệ kỹ thuật ô tô
177064,XDT,cong-nghe-ky-thuat-o-to,X27,Điểm thi THPT,2025,15.0,Công nghệ kỹ thuật ô tô
177065,XDT,cong-nghe-ky-thuat-o-to,X56,Điểm thi THPT,2025,15.0,Công nghệ kỹ thuật ô tô
177066,XDT,cong-nghe-thong-tin,A00,Điểm học bạ,2021,18.0,Công nghệ thông tin
177067,XDT,cong-nghe-thong-tin,A01,Điểm học bạ,2021,18.0,Công nghệ thông tin
177068,XDT,cong-nghe-thong-tin,C01,Điểm học bạ,2021,18.0,Công nghệ thông tin
177069,XDT,cong-nghe-thong-tin,D01,Điểm học bạ,2021,18.0,Công nghệ thông tin
177070,XDT,cong-nghe-thong-tin,A00,Điểm thi THPT,2021,15.0,Công nghệ thông tin
177071,XDT,cong-nghe-thong-tin,A01,Điểm thi THPT,2021,15.0,Công nghệ thông tin
177072,XDT,cong-nghe-thong-tin,C01,Điểm thi THPT,2021,15.0,Công nghệ thông tin
177073,XDT,cong-nghe-thong-tin,D01,Điểm thi THPT,2021,15.0,Công nghệ thông tin
177074,XDT,cong-nghe-thong-tin,A00,Điểm học bạ,2022,18.0,Công nghệ thông tin
177075,XDT,cong-nghe-thong-tin,A01,Điểm học bạ,2022,18.0,Công nghệ thông tin
177076,XDT,cong-nghe-thong-tin,C01,Điểm học bạ,2022,18.0,Công nghệ thông tin
177077,XDT,cong-nghe-thong-tin,D01,Điểm học bạ,2022,18.0,Công nghệ thông tin
177078,XDT,cong-nghe-thong-tin,A00,Điểm thi THPT,2022,15.0,Công nghệ thông tin
177079,XDT,cong-nghe-thong-tin,A01,Điểm thi THPT,2022,15.0,Công nghệ thông tin
177080,XDT,cong-nghe-thong-tin,C01,Điểm thi THPT,2022,15.0,Công nghệ thông tin
177081,XDT,cong-nghe-thong-tin,D01,Điểm thi THPT,2022,15.0,Công nghệ thông tin
177082,XDT,cong-nghe-thong-tin,A00,Điểm học bạ,2023,18.0,Công nghệ thông tin
177083,XDT,cong-nghe-thong-tin,A01,Điểm học bạ,2023,18.0,Công nghệ thông tin
177084,XDT,cong-nghe-thong-tin,C01,Điểm học bạ,2023,18.0,Công nghệ thông tin
177085,XDT,cong-nghe-thong-tin,D01,Điểm học bạ,2023,18.0,Công nghệ thông tin
177086,XDT,cong-nghe-thong-tin,A00,Điểm thi THPT,2023,15.0,Công nghệ thông tin
177087,XDT,cong-nghe-thong-tin,A01,Điểm thi THPT,2023,15.0,Công nghệ thông tin
177088,XDT,cong-nghe-thong-tin,C01,Điểm thi THPT,2023,15.0,Công nghệ thông tin
177089,XDT,cong-nghe-thong-tin,D01,Điểm thi THPT,2023,15.0,Công nghệ thông tin
177090,XDT,cong-nghe-thong-tin,A00,Điểm học bạ,2024,18.0,Công nghệ thông tin
177091,XDT,cong-nghe-thong-tin,A01,Điểm học bạ,2024,18.0,Công nghệ thông tin
177092,XDT,cong-nghe-thong-tin,C01,Điểm học bạ,2024,18.0,Công nghệ thông tin
177093,XDT,cong-nghe-thong-tin,D01,Điểm học bạ,2024,18.0,Công nghệ thông tin
177094,XDT,cong-nghe-thong-tin,A00,Điểm thi THPT,2024,15.0,Công nghệ thông tin
177095,XDT,cong-nghe-thong-tin,A01,Điểm thi THPT,2024,15.0,Công nghệ thông tin
177096,XDT,cong-nghe-thong-tin,C01,Điểm thi THPT,2024,15.0,Công nghệ thông tin
177097,XDT,cong-nghe-thong-tin,D01,Điểm thi THPT,2024,15.0,Công nghệ thông tin
177098,XDT,cong-nghe-thong-tin,A00,Điểm học bạ,2025,15.0,Công nghệ thông tin
177099,XDT,cong-nghe-thong-tin,A01,Điểm học bạ,2025,15.0,Công nghệ thông tin
177100,XDT,cong-nghe-thong-tin,C01,Điểm học bạ,2025,15.0,Công nghệ thông tin
177101,XDT,cong-nghe-thong-tin,D01,Điểm học bạ,2025,15.0,Công nghệ thông tin
177102,XDT,cong-nghe-thong-tin,D07,Điểm học bạ,2025,15.0,Công nghệ thông tin
177103,XDT,cong-nghe-thong-tin,X02,Điểm học bạ,2025,15.0,Công nghệ thông tin
177104,XDT,cong-nghe-thong-tin,X03,Điểm học bạ,2025,15.0,Công nghệ thông tin
177105,XDT,cong-nghe-thong-tin,X26,Điểm học bạ,2025,15.0,Công nghệ thông tin
177106,XDT,cong-nghe-thong-tin,X27,Điểm học bạ,2025,15.0,Công nghệ thông tin
177107,XDT,cong-nghe-thong-tin,X56,Điểm học bạ,2025,15.0,Công nghệ thông tin
177108,XDT,cong-nghe-thong-tin,A00,Điểm thi THPT,2025,15.0,Công nghệ thông tin
177109,XDT,cong-nghe-thong-tin,A01,Điểm thi THPT,2025,15.0,Công nghệ thông tin
177110,XDT,cong-nghe-thong-tin,C01,Điểm thi THPT,2025,15.0,Công nghệ thông tin
177111,XDT,cong-nghe-thong-tin,D01,Điểm thi THPT,2025,15.0,Công nghệ thông tin
177112,XDT,cong-nghe-thong-tin,D07,Điểm thi THPT,2025,15.0,Công nghệ thông tin
177113,XDT,cong-nghe-thong-tin,X02,Điểm thi THPT,2025,15.0,Công nghệ thông tin
177114,XDT,cong-nghe-thong-tin,X03,Điểm thi THPT,2025,15.0,Công nghệ thông tin
177115,XDT,cong-nghe-thong-tin,X26,Điểm thi THPT,2025,15.0,Công nghệ thông tin
177116,XDT,cong-nghe-thong-tin,X27,Điểm thi THPT,2025,15.0,Công nghệ thông tin
177117,XDT,cong-nghe-thong-tin,X56,Điểm thi THPT,2025,15.0,Công nghệ thông tin
177118,XDT,ke-toan,A00,Điểm học bạ,2021,18.0,Kế toán
177119,XDT,ke-toan,A01,Điểm học bạ,2021,18.0,Kế toán
177120,XDT,ke-toan,C01,Điểm học bạ,2021,18.0,Kế toán
177121,XDT,ke-toan,D01,Điểm học bạ,2021,18.0,Kế toán
177122,XDT,ke-toan,A00,Điểm thi THPT,2021,15.0,Kế toán
177123,XDT,ke-toan,A01,Điểm thi THPT,2021,15.0,Kế toán
177124,XDT,ke-toan,C01,Điểm thi THPT,2021,15.0,Kế toán
177125,XDT,ke-toan,D01,Điểm thi THPT,2021,15.0,Kế toán
177126,XDT,ke-toan,A00,Điểm học bạ,2022,18.0,Kế toán
177127,XDT,ke-toan,A01,Điểm học bạ,2022,18.0,Kế toán
177128,XDT,ke-toan,C01,Điểm học bạ,2022,18.0,Kế toán
177129,XDT,ke-toan,D01,Điểm học bạ,2022,18.0,Kế toán
177130,XDT,ke-toan,A00,Điểm thi THPT,2022,15.0,Kế toán
177131,XDT,ke-toan,A01,Điểm thi THPT,2022,15.0,Kế toán
177132,XDT,ke-toan,C01,Điểm thi THPT,2022,15.0,Kế toán
177133,XDT,ke-toan,D01,Điểm thi THPT,2022,15.0,Kế toán
177134,XDT,ke-toan,A00,Điểm học bạ,2023,18.0,Kế toán
177135,XDT,ke-toan,A01,Điểm học bạ,2023,18.0,Kế toán
177136,XDT,ke-toan,C01,Điểm học bạ,2023,18.0,Kế toán
177137,XDT,ke-toan,D01,Điểm học bạ,2023,18.0,Kế toán
177138,XDT,ke-toan,A00,Điểm thi THPT,2023,15.0,Kế toán
177139,XDT,ke-toan,A01,Điểm thi THPT,2023,15.0,Kế toán
177140,XDT,ke-toan,C01,Điểm thi THPT,2023,15.0,Kế toán
177141,XDT,ke-toan,D01,Điểm thi THPT,2023,15.0,Kế toán
177142,XDT,ke-toan,A00,Điểm học bạ,2024,18.0,Kế toán
177143,XDT,ke-toan,A01,Điểm học bạ,2024,18.0,Kế toán
177144,XDT,ke-toan,C01,Điểm học bạ,2024,18.0,Kế toán
177145,XDT,ke-toan,D01,Điểm học bạ,2024,18.0,Kế toán
177146,XDT,ke-toan,A00,Điểm thi THPT,2024,15.0,Kế toán
177147,XDT,ke-toan,A01,Điểm thi THPT,2024,15.0,Kế toán
177148,XDT,ke-toan,C01,Điểm thi THPT,2024,15.0,Kế toán
177149,XDT,ke-toan,D01,Điểm thi THPT,2024,15.0,Kế toán
177150,XDT,ke-toan,A00,Điểm học bạ,2025,15.0,Kế toán
177151,XDT,ke-toan,A01,Điểm học bạ,2025,15.0,Kế toán
177152,XDT,ke-toan,C01,Điểm học bạ,2025,15.0,Kế toán
177153,XDT,ke-toan,D01,Điểm học bạ,2025,15.0,Kế toán
177154,XDT,ke-toan,D07,Điểm học bạ,2025,15.0,Kế toán
177155,XDT,ke-toan,X02,Điểm học bạ,2025,15.0,Kế toán
177156,XDT,ke-toan,X03,Điểm học bạ,2025,15.0,Kế toán
177157,XDT,ke-toan,X26,Điểm học bạ,2025,15.0,Kế toán
177158,XDT,ke-toan,X27,Điểm học bạ,2025,15.0,Kế toán
177159,XDT,ke-toan,X56,Điểm học bạ,2025,15.0,Kế toán
177160,XDT,ke-toan,A00,Điểm thi THPT,2025,15.0,Kế toán
177161,XDT,ke-toan,A01,Điểm thi THPT,2025,15.0,Kế toán
177162,XDT,ke-toan,C01,Điểm thi THPT,2025,15.0,Kế toán
177163,XDT,ke-toan,D01,Điểm thi THPT,2025,15.0,Kế toán
177164,XDT,ke-toan,D07,Điểm thi THPT,2025,15.0,Kế toán
177165,XDT,ke-toan,X02,Điểm thi THPT,2025,15.0,Kế toán
177166,XDT,ke-toan,X03,Điểm thi THPT,2025,15.0,Kế toán
177167,XDT,ke-toan,X26,Điểm thi THPT,2025,15.0,Kế toán
177168,XDT,ke-toan,X27,Điểm thi THPT,2025,15.0,Kế toán
177169,XDT,ke-toan,X56,Điểm thi THPT,2025,15.0,Kế toán
177170,XDT,kien-truc,A01,Điểm học bạ,2021,18.0,Kiến trúc
177171,XDT,kien-truc,D01,Điểm học bạ,2021,18.0,Kiến trúc
177172,XDT,kien-truc,V00,Điểm học bạ,2021,18.0,Kiến trúc
177173,XDT,kien-truc,V01,Điểm học bạ,2021,18.0,Kiến trúc
177174,XDT,kien-truc,A01,Điểm thi THPT,2021,15.0,Kiến trúc
177175,XDT,kien-truc,D01,Điểm thi THPT,2021,15.0,Kiến trúc
177176,XDT,kien-truc,V00,Điểm thi THPT,2021,15.0,Kiến trúc
177177,XDT,kien-truc,V01,Điểm thi THPT,2021,15.0,Kiến trúc
177178,XDT,kien-truc,A01,Điểm học bạ,2022,18.0,Kiến trúc
177179,XDT,kien-truc,D01,Điểm học bạ,2022,18.0,Kiến trúc
177180,XDT,kien-truc,V00,Điểm học bạ,2022,18.0,Kiến trúc
177181,XDT,kien-truc,V01,Điểm học bạ,2022,18.0,Kiến trúc
177182,XDT,kien-truc,A01,Điểm thi THPT,2022,15.0,Kiến trúc
177183,XDT,kien-truc,D01,Điểm thi THPT,2022,15.0,Kiến trúc
177184,XDT,kien-truc,V00,Điểm thi THPT,2022,15.0,Kiến trúc
177185,XDT,kien-truc,V01,Điểm thi THPT,2022,15.0,Kiến trúc
177186,XDT,kien-truc,A01,Điểm học bạ,2023,18.0,Kiến trúc
177187,XDT,kien-truc,D01,Điểm học bạ,2023,18.0,Kiến trúc
177188,XDT,kien-truc,V00,Điểm học bạ,2023,18.0,Kiến trúc
177189,XDT,kien-truc,V01,Điểm học bạ,2023,18.0,Kiến trúc
177190,XDT,kien-truc,A01,Điểm thi THPT,2023,15.0,Kiến trúc
177191,XDT,kien-truc,D01,Điểm thi THPT,2023,15.0,Kiến trúc
177192,XDT,kien-truc,V00,Điểm thi THPT,2023,15.0,Kiến trúc
177193,XDT,kien-truc,V01,Điểm thi THPT,2023,15.0,Kiến trúc
177194,XDT,kien-truc,A00,Điểm học bạ,2024,18.0,Kiến trúc
177195,XDT,kien-truc,A01,Điểm học bạ,2024,18.0,Kiến trúc
177196,XDT,kien-truc,C01,Điểm học bạ,2024,18.0,Kiến trúc
177197,XDT,kien-truc,D01,Điểm học bạ,2024,18.0,Kiến trúc
177198,XDT,kien-truc,A01,Điểm thi THPT,2024,15.0,Kiến trúc
177199,XDT,kien-truc,D01,Điểm thi THPT,2024,15.0,Kiến trúc
177200,XDT,kien-truc,V00,Điểm thi THPT,2024,15.0,Kiến trúc
177201,XDT,kien-truc,V01,Điểm thi THPT,2024,15.0,Kiến trúc
177202,XDT,kien-truc,A01,Điểm học bạ,2025,15.0,Kiến trúc
177203,XDT,kien-truc,D01,Điểm học bạ,2025,15.0,Kiến trúc
177204,XDT,kien-truc,D07,Điểm học bạ,2025,15.0,Kiến trúc
177205,XDT,kien-truc,X02,Điểm học bạ,2025,15.0,Kiến trúc
177206,XDT,kien-truc,X03,Điểm học bạ,2025,15.0,Kiến trúc
177207,XDT,kien-truc,X26,Điểm học bạ,2025,15.0,Kiến trúc
177208,XDT,kien-truc,X27,Điểm học bạ,2025,15.0,Kiến trúc
177209,XDT,kien-truc,X56,Điểm học bạ,2025,15.0,Kiến trúc
177210,XDT,kien-truc,A01,Điểm thi THPT,2025,15.0,Kiến trúc
177211,XDT,kien-truc,D01,Điểm thi THPT,2025,15.0,Kiến trúc
177212,XDT,kien-truc,D07,Điểm thi THPT,2025,15.0,Kiến trúc
177213,XDT,kien-truc,X02,Điểm thi THPT,2025,15.0,Kiến trúc
177214,XDT,kien-truc,X03,Điểm thi THPT,2025,15.0,Kiến trúc
177215,XDT,kien-truc,X26,Điểm thi THPT,2025,15.0,Kiến trúc
177216,XDT,kien-truc,X27,Điểm thi THPT,2025,15.0,Kiến trúc
177217,XDT,kien-truc,X56,Điểm thi THPT,2025,15.0,Kiến trúc
177218,XDT,kien-truc-noi-that,A01,Điểm học bạ,2021,18.0,Kiến trúc nội thất
177219,XDT,kien-truc-noi-that,D01,Điểm học bạ,2021,18.0,Kiến trúc nội thất
177220,XDT,kien-truc-noi-that,V00,Điểm học bạ,2021,18.0,Kiến trúc nội thất
177221,XDT,kien-truc-noi-that,V01,Điểm học bạ,2021,18.0,Kiến trúc nội thất
177222,XDT,kien-truc-noi-that,A01,Điểm thi THPT,2021,15.0,Kiến trúc nội thất
177223,XDT,kien-truc-noi-that,D01,Điểm thi THPT,2021,15.0,Kiến trúc nội thất
177224,XDT,kien-truc-noi-that,V00,Điểm thi THPT,2021,15.0,Kiến trúc nội thất
177225,XDT,kien-truc-noi-that,V01,Điểm thi THPT,2021,15.0,Kiến trúc nội thất
177226,XDT,kien-truc-noi-that,A01,Điểm học bạ,2022,18.0,Kiến trúc nội thất
177227,XDT,kien-truc-noi-that,D01,Điểm học bạ,2022,18.0,Kiến trúc nội thất
177228,XDT,kien-truc-noi-that,V00,Điểm học bạ,2022,18.0,Kiến trúc nội thất
177229,XDT,kien-truc-noi-that,V01,Điểm học bạ,2022,18.0,Kiến trúc nội thất
177230,XDT,kien-truc-noi-that,A01,Điểm thi THPT,2022,15.0,Kiến trúc nội thất
177231,XDT,kien-truc-noi-that,D01,Điểm thi THPT,2022,15.0,Kiến trúc nội thất
177232,XDT,kien-truc-noi-that,V00,Điểm thi THPT,2022,15.0,Kiến trúc nội thất
177233,XDT,kien-truc-noi-that,V01,Điểm thi THPT,2022,15.0,Kiến trúc nội thất
177234,XDT,kien-truc-noi-that,A01,Điểm học bạ,2023,18.0,Kiến trúc nội thất
177235,XDT,kien-truc-noi-that,D01,Điểm học bạ,2023,18.0,Kiến trúc nội thất
177236,XDT,kien-truc-noi-that,V00,Điểm học bạ,2023,18.0,Kiến trúc nội thất
177237,XDT,kien-truc-noi-that,V01,Điểm học bạ,2023,18.0,Kiến trúc nội thất
177238,XDT,kien-truc-noi-that,A01,Điểm thi THPT,2023,15.0,Kiến trúc nội thất
177239,XDT,kien-truc-noi-that,D01,Điểm thi THPT,2023,15.0,Kiến trúc nội thất
177240,XDT,kien-truc-noi-that,V00,Điểm thi THPT,2023,15.0,Kiến trúc nội thất
177241,XDT,kien-truc-noi-that,V01,Điểm thi THPT,2023,15.0,Kiến trúc nội thất
177242,XDT,kien-truc-noi-that,A00,Điểm học bạ,2024,18.0,Kiến trúc nội thất
177243,XDT,kien-truc-noi-that,A01,Điểm học bạ,2024,18.0,Kiến trúc nội thất
177244,XDT,kien-truc-noi-that,C01,Điểm học bạ,2024,18.0,Kiến trúc nội thất
177245,XDT,kien-truc-noi-that,D01,Điểm học bạ,2024,18.0,Kiến trúc nội thất
177246,XDT,kien-truc-noi-that,A01,Điểm thi THPT,2024,15.0,Kiến trúc nội thất
177247,XDT,kien-truc-noi-that,D01,Điểm thi THPT,2024,15.0,Kiến trúc nội thất
177248,XDT,kien-truc-noi-that,V00,Điểm thi THPT,2024,15.0,Kiến trúc nội thất
177249,XDT,kien-truc-noi-that,V01,Điểm thi THPT,2024,15.0,Kiến trúc nội thất
177250,XDT,kien-truc-noi-that,A01,Điểm học bạ,2025,15.0,Kiến trúc nội thất
177251,XDT,kien-truc-noi-that,D01,Điểm học bạ,2025,15.0,Kiến trúc nội thất
177252,XDT,kien-truc-noi-that,D07,Điểm học bạ,2025,15.0,Kiến trúc nội thất
177253,XDT,kien-truc-noi-that,X02,Điểm học bạ,2025,15.0,Kiến trúc nội thất
177254,XDT,kien-truc-noi-that,X03,Điểm học bạ,2025,15.0,Kiến trúc nội thất
177255,XDT,kien-truc-noi-that,X26,Điểm học bạ,2025,15.0,Kiến trúc nội thất
177256,XDT,kien-truc-noi-that,X27,Điểm học bạ,2025,15.0,Kiến trúc nội thất
177257,XDT,kien-truc-noi-that,X56,Điểm học bạ,2025,15.0,Kiến trúc nội thất
177258,XDT,kien-truc-noi-that,A01,Điểm thi THPT,2025,15.0,Kiến trúc nội thất
177259,XDT,kien-truc-noi-that,D01,Điểm thi THPT,2025,15.0,Kiến trúc nội thất
177260,XDT,kien-truc-noi-that,D07,Điểm thi THPT,2025,15.0,Kiến trúc nội thất
177261,XDT,kien-truc-noi-that,X02,Điểm thi THPT,2025,15.0,Kiến trúc nội thất
177262,XDT,kien-truc-noi-that,X03,Điểm thi THPT,2025,15.0,Kiến trúc nội thất
177263,XDT,kien-truc-noi-that,X26,Điểm thi THPT,2025,15.0,Kiến trúc nội thất
177264,XDT,kien-truc-noi-that,X27,Điểm thi THPT,2025,15.0,Kiến trúc nội thất
177265,XDT,kien-truc-noi-that,X56,Điểm thi THPT,2025,15.0,Kiến trúc nội thất
177266,XDT,kinh-te-xay-dung,A00,Điểm học bạ,2021,18.0,Kinh tế xây dựng
177267,XDT,kinh-te-xay-dung,A01,Điểm học bạ,2021,18.0,Kinh tế xây dựng
177268,XDT,kinh-te-xay-dung,C01,Điểm học bạ,2021,18.0,Kinh tế xây dựng
177269,XDT,kinh-te-xay-dung,D01,Điểm học bạ,2021,18.0,Kinh tế xây dựng
177270,XDT,kinh-te-xay-dung,A00,Điểm thi THPT,2021,15.0,Kinh tế xây dựng
177271,XDT,kinh-te-xay-dung,A01,Điểm thi THPT,2021,15.0,Kinh tế xây dựng
177272,XDT,kinh-te-xay-dung,C01,Điểm thi THPT,2021,15.0,Kinh tế xây dựng
177273,XDT,kinh-te-xay-dung,D01,Điểm thi THPT,2021,15.0,Kinh tế xây dựng
177274,XDT,kinh-te-xay-dung,A00,Điểm học bạ,2022,18.0,Kinh tế xây dựng
177275,XDT,kinh-te-xay-dung,A01,Điểm học bạ,2022,18.0,Kinh tế xây dựng
177276,XDT,kinh-te-xay-dung,C01,Điểm học bạ,2022,18.0,Kinh tế xây dựng
177277,XDT,kinh-te-xay-dung,D01,Điểm học bạ,2022,18.0,Kinh tế xây dựng
177278,XDT,kinh-te-xay-dung,A00,Điểm thi THPT,2022,15.0,Kinh tế xây dựng
177279,XDT,kinh-te-xay-dung,A01,Điểm thi THPT,2022,15.0,Kinh tế xây dựng
177280,XDT,kinh-te-xay-dung,C01,Điểm thi THPT,2022,15.0,Kinh tế xây dựng
177281,XDT,kinh-te-xay-dung,D01,Điểm thi THPT,2022,15.0,Kinh tế xây dựng
177282,XDT,kinh-te-xay-dung,A00,Điểm học bạ,2023,18.0,Kinh tế xây dựng
177283,XDT,kinh-te-xay-dung,A01,Điểm học bạ,2023,18.0,Kinh tế xây dựng
177284,XDT,kinh-te-xay-dung,C01,Điểm học bạ,2023,18.0,Kinh tế xây dựng
177285,XDT,kinh-te-xay-dung,D01,Điểm học bạ,2023,18.0,Kinh tế xây dựng
177286,XDT,kinh-te-xay-dung,A00,Điểm thi THPT,2023,15.0,Kinh tế xây dựng
177287,XDT,kinh-te-xay-dung,A01,Điểm thi THPT,2023,15.0,Kinh tế xây dựng
177288,XDT,kinh-te-xay-dung,C01,Điểm thi THPT,2023,15.0,Kinh tế xây dựng
177289,XDT,kinh-te-xay-dung,D01,Điểm thi THPT,2023,15.0,Kinh tế xây dựng
177290,XDT,kinh-te-xay-dung,A00,Điểm học bạ,2024,18.0,Kinh tế xây dựng
177291,XDT,kinh-te-xay-dung,A01,Điểm học bạ,2024,18.0,Kinh tế xây dựng
177292,XDT,kinh-te-xay-dung,C01,Điểm học bạ,2024,18.0,Kinh tế xây dựng
177293,XDT,kinh-te-xay-dung,D01,Điểm học bạ,2024,18.0,Kinh tế xây dựng
177294,XDT,kinh-te-xay-dung,A00,Điểm thi THPT,2024,15.0,Kinh tế xây dựng
177295,XDT,kinh-te-xay-dung,A01,Điểm thi THPT,2024,15.0,Kinh tế xây dựng
177296,XDT,kinh-te-xay-dung,C01,Điểm thi THPT,2024,15.0,Kinh tế xây dựng
177297,XDT,kinh-te-xay-dung,D01,Điểm thi THPT,2024,15.0,Kinh tế xây dựng
177298,XDT,kinh-te-xay-dung,A00,Điểm học bạ,2025,15.0,Kinh tế xây dựng
177299,XDT,kinh-te-xay-dung,A01,Điểm học bạ,2025,15.0,Kinh tế xây dựng
177300,XDT,kinh-te-xay-dung,C01,Điểm học bạ,2025,15.0,Kinh tế xây dựng
177301,XDT,kinh-te-xay-dung,D01,Điểm học bạ,2025,15.0,Kinh tế xây dựng
177302,XDT,kinh-te-xay-dung,D07,Điểm học bạ,2025,15.0,Kinh tế xây dựng
177303,XDT,kinh-te-xay-dung,X02,Điểm học bạ,2025,15.0,Kinh tế xây dựng
177304,XDT,kinh-te-xay-dung,X03,Điểm học bạ,2025,15.0,Kinh tế xây dựng
177305,XDT,kinh-te-xay-dung,X26,Điểm học bạ,2025,15.0,Kinh tế xây dựng
177306,XDT,kinh-te-xay-dung,X27,Điểm học bạ,2025,15.0,Kinh tế xây dựng
177307,XDT,kinh-te-xay-dung,X56,Điểm học bạ,2025,15.0,Kinh tế xây dựng
177308,XDT,kinh-te-xay-dung,A00,Điểm thi THPT,2025,15.0,Kinh tế xây dựng
177309,XDT,kinh-te-xay-dung,A01,Điểm thi THPT,2025,15.0,Kinh tế xây dựng
177310,XDT,kinh-te-xay-dung,C01,Điểm thi THPT,2025,15.0,Kinh tế xây dựng
177311,XDT,kinh-te-xay-dung,D01,Điểm thi THPT,2025,15.0,Kinh tế xây dựng
177312,XDT,kinh-te-xay-dung,D07,Điểm thi THPT,2025,15.0,Kinh tế xây dựng
177313,XDT,kinh-te-xay-dung,X02,Điểm thi THPT,2025,15.0,Kinh tế xây dựng
177314,XDT,kinh-te-xay-dung,X03,Điểm thi THPT,2025,15.0,Kinh tế xây dựng
177315,XDT,kinh-te-xay-dung,X26,Điểm thi THPT,2025,15.0,Kinh tế xây dựng
177316,XDT,kinh-te-xay-dung,X27,Điểm thi THPT,2025,15.0,Kinh tế xây dựng
177317,XDT,kinh-te-xay-dung,X56,Điểm thi THPT,2025,15.0,Kinh tế xây dựng
177318,XDT,ky-thuat-cap-thoat-nuoc,A00,Điểm học bạ,2021,18.0,Kỹ thuật cấp thoát nước
177319,XDT,ky-thuat-cap-thoat-nuoc,A01,Điểm học bạ,2021,18.0,Kỹ thuật cấp thoát nước
177320,XDT,ky-thuat-cap-thoat-nuoc,C01,Điểm học bạ,2021,18.0,Kỹ thuật cấp thoát nước
177321,XDT,ky-thuat-cap-thoat-nuoc,D01,Điểm học bạ,2021,18.0,Kỹ thuật cấp thoát nước
177322,XDT,ky-thuat-cap-thoat-nuoc,A00,Điểm thi THPT,2021,15.0,Kỹ thuật cấp thoát nước
177323,XDT,ky-thuat-cap-thoat-nuoc,A01,Điểm thi THPT,2021,15.0,Kỹ thuật cấp thoát nước
177324,XDT,ky-thuat-cap-thoat-nuoc,C01,Điểm thi THPT,2021,15.0,Kỹ thuật cấp thoát nước
177325,XDT,ky-thuat-cap-thoat-nuoc,D01,Điểm thi THPT,2021,15.0,Kỹ thuật cấp thoát nước
177326,XDT,ky-thuat-cap-thoat-nuoc,A00,Điểm học bạ,2022,18.0,Kỹ thuật cấp thoát nước
177327,XDT,ky-thuat-cap-thoat-nuoc,A01,Điểm học bạ,2022,18.0,Kỹ thuật cấp thoát nước
177328,XDT,ky-thuat-cap-thoat-nuoc,C01,Điểm học bạ,2022,18.0,Kỹ thuật cấp thoát nước
177329,XDT,ky-thuat-cap-thoat-nuoc,D01,Điểm học bạ,2022,18.0,Kỹ thuật cấp thoát nước
177330,XDT,ky-thuat-cap-thoat-nuoc,A00,Điểm thi THPT,2022,15.0,Kỹ thuật cấp thoát nước
177331,XDT,ky-thuat-cap-thoat-nuoc,A01,Điểm thi THPT,2022,15.0,Kỹ thuật cấp thoát nước
177332,XDT,ky-thuat-cap-thoat-nuoc,C01,Điểm thi THPT,2022,15.0,Kỹ thuật cấp thoát nước
177333,XDT,ky-thuat-cap-thoat-nuoc,D01,Điểm thi THPT,2022,15.0,Kỹ thuật cấp thoát nước
177334,XDT,ky-thuat-cap-thoat-nuoc,A00,Điểm học bạ,2023,18.0,Kỹ thuật cấp thoát nước
177335,XDT,ky-thuat-cap-thoat-nuoc,A01,Điểm học bạ,2023,18.0,Kỹ thuật cấp thoát nước
177336,XDT,ky-thuat-cap-thoat-nuoc,C01,Điểm học bạ,2023,18.0,Kỹ thuật cấp thoát nước
177337,XDT,ky-thuat-cap-thoat-nuoc,D01,Điểm học bạ,2023,18.0,Kỹ thuật cấp thoát nước
177338,XDT,ky-thuat-cap-thoat-nuoc,A00,Điểm thi THPT,2023,15.0,Kỹ thuật cấp thoát nước
177339,XDT,ky-thuat-cap-thoat-nuoc,A01,Điểm thi THPT,2023,15.0,Kỹ thuật cấp thoát nước
177340,XDT,ky-thuat-cap-thoat-nuoc,C01,Điểm thi THPT,2023,15.0,Kỹ thuật cấp thoát nước
177341,XDT,ky-thuat-cap-thoat-nuoc,D01,Điểm thi THPT,2023,15.0,Kỹ thuật cấp thoát nước
177342,XDT,ky-thuat-cap-thoat-nuoc,A00,Điểm học bạ,2024,18.0,Kỹ thuật cấp thoát nước
177343,XDT,ky-thuat-cap-thoat-nuoc,A01,Điểm học bạ,2024,18.0,Kỹ thuật cấp thoát nước
177344,XDT,ky-thuat-cap-thoat-nuoc,C01,Điểm học bạ,2024,18.0,Kỹ thuật cấp thoát nước
177345,XDT,ky-thuat-cap-thoat-nuoc,D01,Điểm học bạ,2024,18.0,Kỹ thuật cấp thoát nước
177346,XDT,ky-thuat-cap-thoat-nuoc,A00,Điểm thi THPT,2024,15.0,Kỹ thuật cấp thoát nước
177347,XDT,ky-thuat-cap-thoat-nuoc,A01,Điểm thi THPT,2024,15.0,Kỹ thuật cấp thoát nước
177348,XDT,ky-thuat-cap-thoat-nuoc,C01,Điểm thi THPT,2024,15.0,Kỹ thuật cấp thoát nước
177349,XDT,ky-thuat-cap-thoat-nuoc,D01,Điểm thi THPT,2024,15.0,Kỹ thuật cấp thoát nước
177350,XDT,ky-thuat-cap-thoat-nuoc,A00,Điểm học bạ,2025,15.0,Kỹ thuật cấp thoát nước
177351,XDT,ky-thuat-cap-thoat-nuoc,A01,Điểm học bạ,2025,15.0,Kỹ thuật cấp thoát nước
177352,XDT,ky-thuat-cap-thoat-nuoc,C01,Điểm học bạ,2025,15.0,Kỹ thuật cấp thoát nước
177353,XDT,ky-thuat-cap-thoat-nuoc,D01,Điểm học bạ,2025,15.0,Kỹ thuật cấp thoát nước
177354,XDT,ky-thuat-cap-thoat-nuoc,D07,Điểm học bạ,2025,15.0,Kỹ thuật cấp thoát nước
177355,XDT,ky-thuat-cap-thoat-nuoc,X02,Điểm học bạ,2025,15.0,Kỹ thuật cấp thoát nước
177356,XDT,ky-thuat-cap-thoat-nuoc,X03,Điểm học bạ,2025,15.0,Kỹ thuật cấp thoát nước
177357,XDT,ky-thuat-cap-thoat-nuoc,X26,Điểm học bạ,2025,15.0,Kỹ thuật cấp thoát nước
177358,XDT,ky-thuat-cap-thoat-nuoc,X27,Điểm học bạ,2025,15.0,Kỹ thuật cấp thoát nước
177359,XDT,ky-thuat-cap-thoat-nuoc,X56,Điểm học bạ,2025,15.0,Kỹ thuật cấp thoát nước
177360,XDT,ky-thuat-cap-thoat-nuoc,A00,Điểm thi THPT,2025,15.0,Kỹ thuật cấp thoát nước
177361,XDT,ky-thuat-cap-thoat-nuoc,A01,Điểm thi THPT,2025,15.0,Kỹ thuật cấp thoát nước
177362,XDT,ky-thuat-cap-thoat-nuoc,C01,Điểm thi THPT,2025,15.0,Kỹ thuật cấp thoát nước
177363,XDT,ky-thuat-cap-thoat-nuoc,D01,Điểm thi THPT,2025,15.0,Kỹ thuật cấp thoát nước
177364,XDT,ky-thuat-cap-thoat-nuoc,D07,Điểm thi THPT,2025,15.0,Kỹ thuật cấp thoát nước
177365,XDT,ky-thuat-cap-thoat-nuoc,X02,Điểm thi THPT,2025,15.0,Kỹ thuật cấp thoát nước
177366,XDT,ky-thuat-cap-thoat-nuoc,X03,Điểm thi THPT,2025,15.0,Kỹ thuật cấp thoát nước
177367,XDT,ky-thuat-cap-thoat-nuoc,X26,Điểm thi THPT,2025,15.0,Kỹ thuật cấp thoát nước
177368,XDT,ky-thuat-cap-thoat-nuoc,X27,Điểm thi THPT,2025,15.0,Kỹ thuật cấp thoát nước
177369,XDT,ky-thuat-cap-thoat-nuoc,X56,Điểm thi THPT,2025,15.0,Kỹ thuật cấp thoát nước
177370,XDT,ky-thuat-dieu-khien-va-tu-dong-hoa,A00,Điểm học bạ,2023,18.0,Kỹ thuật điều khiển và tự động hóa
177371,XDT,ky-thuat-dieu-khien-va-tu-dong-hoa,A01,Điểm học bạ,2023,18.0,Kỹ thuật điều khiển và tự động hóa
177372,XDT,ky-thuat-dieu-khien-va-tu-dong-hoa,C01,Điểm học bạ,2023,18.0,Kỹ thuật điều khiển và tự động hóa
177373,XDT,ky-thuat-dieu-khien-va-tu-dong-hoa,D01,Điểm học bạ,2023,18.0,Kỹ thuật điều khiển và tự động hóa
177374,XDT,ky-thuat-dieu-khien-va-tu-dong-hoa,A00,Điểm thi THPT,2023,15.0,Kỹ thuật điều khiển và tự động hoá
177375,XDT,ky-thuat-dieu-khien-va-tu-dong-hoa,A01,Điểm thi THPT,2023,15.0,Kỹ thuật điều khiển và tự động hoá
177376,XDT,ky-thuat-dieu-khien-va-tu-dong-hoa,C01,Điểm thi THPT,2023,15.0,Kỹ thuật điều khiển và tự động hoá
177377,XDT,ky-thuat-dieu-khien-va-tu-dong-hoa,D01,Điểm thi THPT,2023,15.0,Kỹ thuật điều khiển và tự động hoá
177378,XDT,ky-thuat-dieu-khien-va-tu-dong-hoa,A00,Điểm học bạ,2024,18.0,Kỹ thuật điều khiển và tự động hoá
177379,XDT,ky-thuat-dieu-khien-va-tu-dong-hoa,A01,Điểm học bạ,2024,18.0,Kỹ thuật điều khiển và tự động hoá
177380,XDT,ky-thuat-dieu-khien-va-tu-dong-hoa,C01,Điểm học bạ,2024,18.0,Kỹ thuật điều khiển và tự động hoá
177381,XDT,ky-thuat-dieu-khien-va-tu-dong-hoa,D01,Điểm học bạ,2024,18.0,Kỹ thuật điều khiển và tự động hoá
177382,XDT,ky-thuat-dieu-khien-va-tu-dong-hoa,A00,Điểm thi THPT,2024,15.0,Kỹ thuật điều khiển và tự động hoá
177383,XDT,ky-thuat-dieu-khien-va-tu-dong-hoa,A01,Điểm thi THPT,2024,15.0,Kỹ thuật điều khiển và tự động hoá
177384,XDT,ky-thuat-dieu-khien-va-tu-dong-hoa,C01,Điểm thi THPT,2024,15.0,Kỹ thuật điều khiển và tự động hoá
177385,XDT,ky-thuat-dieu-khien-va-tu-dong-hoa,D01,Điểm thi THPT,2024,15.0,Kỹ thuật điều khiển và tự động hoá
177386,XDT,ky-thuat-dieu-khien-va-tu-dong-hoa,A00,Điểm học bạ,2025,15.0,Kỹ thuật điều khiển và tự động hoá
177387,XDT,ky-thuat-dieu-khien-va-tu-dong-hoa,A01,Điểm học bạ,2025,15.0,Kỹ thuật điều khiển và tự động hoá
177388,XDT,ky-thuat-dieu-khien-va-tu-dong-hoa,C01,Điểm học bạ,2025,15.0,Kỹ thuật điều khiển và tự động hoá
177389,XDT,ky-thuat-dieu-khien-va-tu-dong-hoa,D01,Điểm học bạ,2025,15.0,Kỹ thuật điều khiển và tự động hoá
177390,XDT,ky-thuat-dieu-khien-va-tu-dong-hoa,D07,Điểm học bạ,2025,15.0,Kỹ thuật điều khiển và tự động hoá
177391,XDT,ky-thuat-dieu-khien-va-tu-dong-hoa,X02,Điểm học bạ,2025,15.0,Kỹ thuật điều khiển và tự động hoá
177392,XDT,ky-thuat-dieu-khien-va-tu-dong-hoa,X03,Điểm học bạ,2025,15.0,Kỹ thuật điều khiển và tự động hoá
177393,XDT,ky-thuat-dieu-khien-va-tu-dong-hoa,X26,Điểm học bạ,2025,15.0,Kỹ thuật điều khiển và tự động hoá
177394,XDT,ky-thuat-dieu-khien-va-tu-dong-hoa,X27,Điểm học bạ,2025,15.0,Kỹ thuật điều khiển và tự động hoá
177395,XDT,ky-thuat-dieu-khien-va-tu-dong-hoa,X56,Điểm học bạ,2025,15.0,Kỹ thuật điều khiển và tự động hoá
177396,XDT,ky-thuat-dieu-khien-va-tu-dong-hoa,A00,Điểm thi THPT,2025,15.0,Kỹ thuật điều khiển và tự động hoá
177397,XDT,ky-thuat-dieu-khien-va-tu-dong-hoa,A01,Điểm thi THPT,2025,15.0,Kỹ thuật điều khiển và tự động hoá
177398,XDT,ky-thuat-dieu-khien-va-tu-dong-hoa,C01,Điểm thi THPT,2025,15.0,Kỹ thuật điều khiển và tự động hoá
177399,XDT,ky-thuat-dieu-khien-va-tu-dong-hoa,D01,Điểm thi THPT,2025,15.0,Kỹ thuật điều khiển và tự động hoá
177400,XDT,ky-thuat-dieu-khien-va-tu-dong-hoa,D07,Điểm thi THPT,2025,15.0,Kỹ thuật điều khiển và tự động hoá
177401,XDT,ky-thuat-dieu-khien-va-tu-dong-hoa,X02,Điểm thi THPT,2025,15.0,Kỹ thuật điều khiển và tự động hoá
177402,XDT,ky-thuat-dieu-khien-va-tu-dong-hoa,X03,Điểm thi THPT,2025,15.0,Kỹ thuật điều khiển và tự động hoá
177403,XDT,ky-thuat-dieu-khien-va-tu-dong-hoa,X26,Điểm thi THPT,2025,15.0,Kỹ thuật điều khiển và tự động hoá
177404,XDT,ky-thuat-dieu-khien-va-tu-dong-hoa,X27,Điểm thi THPT,2025,15.0,Kỹ thuật điều khiển và tự động hoá
177405,XDT,ky-thuat-dieu-khien-va-tu-dong-hoa,X56,Điểm thi THPT,2025,15.0,Kỹ thuật điều khiển và tự động hoá
177406,XDT,ky-thuat-xay-dung,A00,Điểm học bạ,2021,18.0,Kỹ thuật xây dựng
177407,XDT,ky-thuat-xay-dung,A01,Điểm học bạ,2021,18.0,Kỹ thuật xây dựng
177408,XDT,ky-thuat-xay-dung,C01,Điểm học bạ,2021,18.0,Kỹ thuật xây dựng
177409,XDT,ky-thuat-xay-dung,D01,Điểm học bạ,2021,18.0,Kỹ thuật xây dựng
177410,XDT,ky-thuat-xay-dung,A00,Điểm thi THPT,2021,15.0,Kỹ thuật xây dựng
177411,XDT,ky-thuat-xay-dung,A01,Điểm thi THPT,2021,15.0,Kỹ thuật xây dựng
177412,XDT,ky-thuat-xay-dung,C01,Điểm thi THPT,2021,15.0,Kỹ thuật xây dựng
177413,XDT,ky-thuat-xay-dung,D01,Điểm thi THPT,2021,15.0,Kỹ thuật xây dựng
177414,XDT,ky-thuat-xay-dung,A00,Điểm học bạ,2022,18.0,Kỹ thuật xây dựng
177415,XDT,ky-thuat-xay-dung,A01,Điểm học bạ,2022,18.0,Kỹ thuật xây dựng
177416,XDT,ky-thuat-xay-dung,C01,Điểm học bạ,2022,18.0,Kỹ thuật xây dựng
177417,XDT,ky-thuat-xay-dung,D01,Điểm học bạ,2022,18.0,Kỹ thuật xây dựng
177418,XDT,ky-thuat-xay-dung,A00,Điểm thi THPT,2022,15.0,Kỹ thuật xây dựng
177419,XDT,ky-thuat-xay-dung,A01,Điểm thi THPT,2022,15.0,Kỹ thuật xây dựng
177420,XDT,ky-thuat-xay-dung,C01,Điểm thi THPT,2022,15.0,Kỹ thuật xây dựng
177421,XDT,ky-thuat-xay-dung,D01,Điểm thi THPT,2022,15.0,Kỹ thuật xây dựng
177422,XDT,ky-thuat-xay-dung,A00,Điểm học bạ,2023,18.0,Kỹ thuật xây dựng
177423,XDT,ky-thuat-xay-dung,A01,Điểm học bạ,2023,18.0,Kỹ thuật xây dựng
177424,XDT,ky-thuat-xay-dung,C01,Điểm học bạ,2023,18.0,Kỹ thuật xây dựng
177425,XDT,ky-thuat-xay-dung,D01,Điểm học bạ,2023,18.0,Kỹ thuật xây dựng
177426,XDT,ky-thuat-xay-dung,A00,Điểm thi THPT,2023,15.0,Kỹ thuật xây dựng
177427,XDT,ky-thuat-xay-dung,A01,Điểm thi THPT,2023,15.0,Kỹ thuật xây dựng
177428,XDT,ky-thuat-xay-dung,C01,Điểm thi THPT,2023,15.0,Kỹ thuật xây dựng
177429,XDT,ky-thuat-xay-dung,D01,Điểm thi THPT,2023,15.0,Kỹ thuật xây dựng
177430,XDT,ky-thuat-xay-dung,A00,Điểm học bạ,2024,18.0,Kỹ thuật xây dựng
177431,XDT,ky-thuat-xay-dung,A01,Điểm học bạ,2024,18.0,Kỹ thuật xây dựng
177432,XDT,ky-thuat-xay-dung,C01,Điểm học bạ,2024,18.0,Kỹ thuật xây dựng
177433,XDT,ky-thuat-xay-dung,D01,Điểm học bạ,2024,18.0,Kỹ thuật xây dựng
177434,XDT,ky-thuat-xay-dung,A00,Điểm thi THPT,2024,15.0,Kỹ thuật xây dựng
177435,XDT,ky-thuat-xay-dung,A01,Điểm thi THPT,2024,15.0,Kỹ thuật xây dựng
177436,XDT,ky-thuat-xay-dung,C01,Điểm thi THPT,2024,15.0,Kỹ thuật xây dựng
177437,XDT,ky-thuat-xay-dung,D01,Điểm thi THPT,2024,15.0,Kỹ thuật xây dựng
177438,XDT,ky-thuat-xay-dung,A00,Điểm học bạ,2025,15.0,Kỹ thuật xây dựng
177439,XDT,ky-thuat-xay-dung,A01,Điểm học bạ,2025,15.0,Kỹ thuật xây dựng
177440,XDT,ky-thuat-xay-dung,C01,Điểm học bạ,2025,15.0,Kỹ thuật xây dựng
177441,XDT,ky-thuat-xay-dung,D01,Điểm học bạ,2025,15.0,Kỹ thuật xây dựng
177442,XDT,ky-thuat-xay-dung,D07,Điểm học bạ,2025,15.0,Kỹ thuật xây dựng
177443,XDT,ky-thuat-xay-dung,X02,Điểm học bạ,2025,15.0,Kỹ thuật xây dựng
177444,XDT,ky-thuat-xay-dung,X03,Điểm học bạ,2025,15.0,Kỹ thuật xây dựng
177445,XDT,ky-thuat-xay-dung,X26,Điểm học bạ,2025,15.0,Kỹ thuật xây dựng
177446,XDT,ky-thuat-xay-dung,X27,Điểm học bạ,2025,15.0,Kỹ thuật xây dựng
177447,XDT,ky-thuat-xay-dung,X56,Điểm học bạ,2025,15.0,Kỹ thuật xây dựng
177448,XDT,ky-thuat-xay-dung,A00,Điểm thi THPT,2025,15.0,Kỹ thuật xây dựng
177449,XDT,ky-thuat-xay-dung,A01,Điểm thi THPT,2025,15.0,Kỹ thuật xây dựng
177450,XDT,ky-thuat-xay-dung,C01,Điểm thi THPT,2025,15.0,Kỹ thuật xây dựng
177451,XDT,ky-thuat-xay-dung,D01,Điểm thi THPT,2025,15.0,Kỹ thuật xây dựng
177452,XDT,ky-thuat-xay-dung,D07,Điểm thi THPT,2025,15.0,Kỹ thuật xây dựng
177453,XDT,ky-thuat-xay-dung,X02,Điểm thi THPT,2025,15.0,Kỹ thuật xây dựng
177454,XDT,ky-thuat-xay-dung,X03,Điểm thi THPT,2025,15.0,Kỹ thuật xây dựng
177455,XDT,ky-thuat-xay-dung,X26,Điểm thi THPT,2025,15.0,Kỹ thuật xây dựng
177456,XDT,ky-thuat-xay-dung,X27,Điểm thi THPT,2025,15.0,Kỹ thuật xây dựng
177457,XDT,ky-thuat-xay-dung,X56,Điểm thi THPT,2025,15.0,Kỹ thuật xây dựng
177458,XDT,ky-thuat-xay-dung-cong-trinh-giao-thong,A00,Điểm học bạ,2021,18.0,Kỹ thuật xây dựng công trình giao thông
177459,XDT,ky-thuat-xay-dung-cong-trinh-giao-thong,A01,Điểm học bạ,2021,18.0,Kỹ thuật xây dựng công trình giao thông
177460,XDT,ky-thuat-xay-dung-cong-trinh-giao-thong,C01,Điểm học bạ,2021,18.0,Kỹ thuật xây dựng công trình giao thông
177461,XDT,ky-thuat-xay-dung-cong-trinh-giao-thong,D01,Điểm học bạ,2021,18.0,Kỹ thuật xây dựng công trình giao thông
177462,XDT,ky-thuat-xay-dung-cong-trinh-giao-thong,A00,Điểm thi THPT,2021,15.0,Kỹ thuật xây dựng công trình giao thông
177463,XDT,ky-thuat-xay-dung-cong-trinh-giao-thong,A01,Điểm thi THPT,2021,15.0,Kỹ thuật xây dựng công trình giao thông
177464,XDT,ky-thuat-xay-dung-cong-trinh-giao-thong,C01,Điểm thi THPT,2021,15.0,Kỹ thuật xây dựng công trình giao thông
177465,XDT,ky-thuat-xay-dung-cong-trinh-giao-thong,D01,Điểm thi THPT,2021,15.0,Kỹ thuật xây dựng công trình giao thông
177466,XDT,ky-thuat-xay-dung-cong-trinh-giao-thong,A00,Điểm học bạ,2022,18.0,Kỹ thuật xây dựng công trình giao thông
177467,XDT,ky-thuat-xay-dung-cong-trinh-giao-thong,A01,Điểm học bạ,2022,18.0,Kỹ thuật xây dựng công trình giao thông
177468,XDT,ky-thuat-xay-dung-cong-trinh-giao-thong,C01,Điểm học bạ,2022,18.0,Kỹ thuật xây dựng công trình giao thông
177469,XDT,ky-thuat-xay-dung-cong-trinh-giao-thong,D01,Điểm học bạ,2022,18.0,Kỹ thuật xây dựng công trình giao thông
177470,XDT,ky-thuat-xay-dung-cong-trinh-giao-thong,A00,Điểm thi THPT,2022,15.0,Kỹ thuật xây dựng công trình giao thông
177471,XDT,ky-thuat-xay-dung-cong-trinh-giao-thong,A01,Điểm thi THPT,2022,15.0,Kỹ thuật xây dựng công trình giao thông
177472,XDT,ky-thuat-xay-dung-cong-trinh-giao-thong,C01,Điểm thi THPT,2022,15.0,Kỹ thuật xây dựng công trình giao thông
177473,XDT,ky-thuat-xay-dung-cong-trinh-giao-thong,D01,Điểm thi THPT,2022,15.0,Kỹ thuật xây dựng công trình giao thông
177474,XDT,ky-thuat-xay-dung-cong-trinh-giao-thong,A00,Điểm học bạ,2023,18.0,Kỹ thuật xây dựng công trình giao thông
177475,XDT,ky-thuat-xay-dung-cong-trinh-giao-thong,A01,Điểm học bạ,2023,18.0,Kỹ thuật xây dựng công trình giao thông
177476,XDT,ky-thuat-xay-dung-cong-trinh-giao-thong,C01,Điểm học bạ,2023,18.0,Kỹ thuật xây dựng công trình giao thông
177477,XDT,ky-thuat-xay-dung-cong-trinh-giao-thong,D01,Điểm học bạ,2023,18.0,Kỹ thuật xây dựng công trình giao thông
177478,XDT,ky-thuat-xay-dung-cong-trinh-giao-thong,A00,Điểm thi THPT,2023,15.0,Kỹ thuật xây dựng công trình giao thông
177479,XDT,ky-thuat-xay-dung-cong-trinh-giao-thong,A01,Điểm thi THPT,2023,15.0,Kỹ thuật xây dựng công trình giao thông
177480,XDT,ky-thuat-xay-dung-cong-trinh-giao-thong,C01,Điểm thi THPT,2023,15.0,Kỹ thuật xây dựng công trình giao thông
177481,XDT,ky-thuat-xay-dung-cong-trinh-giao-thong,D01,Điểm thi THPT,2023,15.0,Kỹ thuật xây dựng công trình giao thông
177482,XDT,ky-thuat-xay-dung-cong-trinh-giao-thong,A00,Điểm học bạ,2024,18.0,Kỹ thuật xây dựng công trình giao thông
177483,XDT,ky-thuat-xay-dung-cong-trinh-giao-thong,A01,Điểm học bạ,2024,18.0,Kỹ thuật xây dựng công trình giao thông
177484,XDT,ky-thuat-xay-dung-cong-trinh-giao-thong,C01,Điểm học bạ,2024,18.0,Kỹ thuật xây dựng công trình giao thông
177485,XDT,ky-thuat-xay-dung-cong-trinh-giao-thong,D01,Điểm học bạ,2024,18.0,Kỹ thuật xây dựng công trình giao thông
177486,XDT,ky-thuat-xay-dung-cong-trinh-giao-thong,A00,Điểm thi THPT,2024,15.0,Kỹ thuật xây dựng công trình giao thông
177487,XDT,ky-thuat-xay-dung-cong-trinh-giao-thong,A01,Điểm thi THPT,2024,15.0,Kỹ thuật xây dựng công trình giao thông
177488,XDT,ky-thuat-xay-dung-cong-trinh-giao-thong,C01,Điểm thi THPT,2024,15.0,Kỹ thuật xây dựng công trình giao thông
177489,XDT,ky-thuat-xay-dung-cong-trinh-giao-thong,D01,Điểm thi THPT,2024,15.0,Kỹ thuật xây dựng công trình giao thông
177490,XDT,ky-thuat-xay-dung-cong-trinh-giao-thong,A00,Điểm học bạ,2025,15.0,Kỹ thuật xây dựng công trình giao thông
177491,XDT,ky-thuat-xay-dung-cong-trinh-giao-thong,A01,Điểm học bạ,2025,15.0,Kỹ thuật xây dựng công trình giao thông
177492,XDT,ky-thuat-xay-dung-cong-trinh-giao-thong,C01,Điểm học bạ,2025,15.0,Kỹ thuật xây dựng công trình giao thông
177493,XDT,ky-thuat-xay-dung-cong-trinh-giao-thong,D01,Điểm học bạ,2025,15.0,Kỹ thuật xây dựng công trình giao thông
177494,XDT,ky-thuat-xay-dung-cong-trinh-giao-thong,D07,Điểm học bạ,2025,15.0,Kỹ thuật xây dựng công trình giao thông
177495,XDT,ky-thuat-xay-dung-cong-trinh-giao-thong,X02,Điểm học bạ,2025,15.0,Kỹ thuật xây dựng công trình giao thông
177496,XDT,ky-thuat-xay-dung-cong-trinh-giao-thong,X03,Điểm học bạ,2025,15.0,Kỹ thuật xây dựng công trình giao thông
177497,XDT,ky-thuat-xay-dung-cong-trinh-giao-thong,X26,Điểm học bạ,2025,15.0,Kỹ thuật xây dựng công trình giao thông
177498,XDT,ky-thuat-xay-dung-cong-trinh-giao-thong,X27,Điểm học bạ,2025,15.0,Kỹ thuật xây dựng công trình giao thông
177499,XDT,ky-thuat-xay-dung-cong-trinh-giao-thong,X56,Điểm học bạ,2025,15.0,Kỹ thuật xây dựng công trình giao thông
177500,XDT,ky-thuat-xay-dung-cong-trinh-giao-thong,A00,Điểm thi THPT,2025,15.0,Kỹ thuật xây dựng công trình giao thông
177501,XDT,ky-thuat-xay-dung-cong-trinh-giao-thong,A01,Điểm thi THPT,2025,15.0,Kỹ thuật xây dựng công trình giao thông
177502,XDT,ky-thuat-xay-dung-cong-trinh-giao-thong,C01,Điểm thi THPT,2025,15.0,Kỹ thuật xây dựng công trình giao thông
177503,XDT,ky-thuat-xay-dung-cong-trinh-giao-thong,D01,Điểm thi THPT,2025,15.0,Kỹ thuật xây dựng công trình giao thông
177504,XDT,ky-thuat-xay-dung-cong-trinh-giao-thong,D07,Điểm thi THPT,2025,15.0,Kỹ thuật xây dựng công trình giao thông
177505,XDT,ky-thuat-xay-dung-cong-trinh-giao-thong,X02,Điểm thi THPT,2025,15.0,Kỹ thuật xây dựng công trình giao thông
177506,XDT,ky-thuat-xay-dung-cong-trinh-giao-thong,X03,Điểm thi THPT,2025,15.0,Kỹ thuật xây dựng công trình giao thông
177507,XDT,ky-thuat-xay-dung-cong-trinh-giao-thong,X26,Điểm thi THPT,2025,15.0,Kỹ thuật xây dựng công trình giao thông
177508,XDT,ky-thuat-xay-dung-cong-trinh-giao-thong,X27,Điểm thi THPT,2025,15.0,Kỹ thuật xây dựng công trình giao thông
177509,XDT,ky-thuat-xay-dung-cong-trinh-giao-thong,X56,Điểm thi THPT,2025,15.0,Kỹ thuật xây dựng công trình giao thông
177510,XDT,logistics-va-quan-ly-chuoi-cung-ung,A00,Điểm học bạ,2023,18.0,Logistics và Quản lý chuỗi cung ứng
177511,XDT,logistics-va-quan-ly-chuoi-cung-ung,A01,Điểm học bạ,2023,18.0,Logistics và Quản lý chuỗi cung ứng
177512,XDT,logistics-va-quan-ly-chuoi-cung-ung,C01,Điểm học bạ,2023,18.0,Logistics và Quản lý chuỗi cung ứng
177513,XDT,logistics-va-quan-ly-chuoi-cung-ung,D01,Điểm học bạ,2023,18.0,Logistics và Quản lý chuỗi cung ứng
177514,XDT,logistics-va-quan-ly-chuoi-cung-ung,A00,Điểm thi THPT,2023,15.0,Logistics và Quản lý chuỗi cung ứng
177515,XDT,logistics-va-quan-ly-chuoi-cung-ung,A01,Điểm thi THPT,2023,15.0,Logistics và Quản lý chuỗi cung ứng
177516,XDT,logistics-va-quan-ly-chuoi-cung-ung,C01,Điểm thi THPT,2023,15.0,Logistics và Quản lý chuỗi cung ứng
177517,XDT,logistics-va-quan-ly-chuoi-cung-ung,D01,Điểm thi THPT,2023,15.0,Logistics và Quản lý chuỗi cung ứng
177518,XDT,logistics-va-quan-ly-chuoi-cung-ung,A00,Điểm học bạ,2024,18.0,Logistics và Quản lý chuỗi cung ứng
177519,XDT,logistics-va-quan-ly-chuoi-cung-ung,A01,Điểm học bạ,2024,18.0,Logistics và Quản lý chuỗi cung ứng
177520,XDT,logistics-va-quan-ly-chuoi-cung-ung,C01,Điểm học bạ,2024,18.0,Logistics và Quản lý chuỗi cung ứng
177521,XDT,logistics-va-quan-ly-chuoi-cung-ung,D01,Điểm học bạ,2024,18.0,Logistics và Quản lý chuỗi cung ứng
177522,XDT,logistics-va-quan-ly-chuoi-cung-ung,A00,Điểm thi THPT,2024,15.0,Logistics và Quản lý chuỗi cung ứng
177523,XDT,logistics-va-quan-ly-chuoi-cung-ung,A01,Điểm thi THPT,2024,15.0,Logistics và Quản lý chuỗi cung ứng
177524,XDT,logistics-va-quan-ly-chuoi-cung-ung,C01,Điểm thi THPT,2024,15.0,Logistics và Quản lý chuỗi cung ứng
177525,XDT,logistics-va-quan-ly-chuoi-cung-ung,D01,Điểm thi THPT,2024,15.0,Logistics và Quản lý chuỗi cung ứng
177526,XDT,logistics-va-quan-ly-chuoi-cung-ung,A00,Điểm học bạ,2025,15.0,Logistics và Quản lý chuỗi cung ứng
177527,XDT,logistics-va-quan-ly-chuoi-cung-ung,A01,Điểm học bạ,2025,15.0,Logistics và Quản lý chuỗi cung ứng
177528,XDT,logistics-va-quan-ly-chuoi-cung-ung,C01,Điểm học bạ,2025,15.0,Logistics và Quản lý chuỗi cung ứng
177529,XDT,logistics-va-quan-ly-chuoi-cung-ung,D01,Điểm học bạ,2025,15.0,Logistics và Quản lý chuỗi cung ứng
177530,XDT,logistics-va-quan-ly-chuoi-cung-ung,D07,Điểm học bạ,2025,15.0,Logistics và Quản lý chuỗi cung ứng
177531,XDT,logistics-va-quan-ly-chuoi-cung-ung,X02,Điểm học bạ,2025,15.0,Logistics và Quản lý chuỗi cung ứng
177532,XDT,logistics-va-quan-ly-chuoi-cung-ung,X03,Điểm học bạ,2025,15.0,Logistics và Quản lý chuỗi cung ứng
177533,XDT,logistics-va-quan-ly-chuoi-cung-ung,X26,Điểm học bạ,2025,15.0,Logistics và Quản lý chuỗi cung ứng
177534,XDT,logistics-va-quan-ly-chuoi-cung-ung,X27,Điểm học bạ,2025,15.0,Logistics và Quản lý chuỗi cung ứng
177535,XDT,logistics-va-quan-ly-chuoi-cung-ung,X56,Điểm học bạ,2025,15.0,Logistics và Quản lý chuỗi cung ứng
177536,XDT,logistics-va-quan-ly-chuoi-cung-ung,A00,Điểm thi THPT,2025,15.0,Logistics và Quản lý chuỗi cung ứng
177537,XDT,logistics-va-quan-ly-chuoi-cung-ung,A01,Điểm thi THPT,2025,15.0,Logistics và Quản lý chuỗi cung ứng
177538,XDT,logistics-va-quan-ly-chuoi-cung-ung,C01,Điểm thi THPT,2025,15.0,Logistics và Quản lý chuỗi cung ứng
177539,XDT,logistics-va-quan-ly-chuoi-cung-ung,D01,Điểm thi THPT,2025,15.0,Logistics và Quản lý chuỗi cung ứng
177540,XDT,logistics-va-quan-ly-chuoi-cung-ung,D07,Điểm thi THPT,2025,15.0,Logistics và Quản lý chuỗi cung ứng
177541,XDT,logistics-va-quan-ly-chuoi-cung-ung,X02,Điểm thi THPT,2025,15.0,Logistics và Quản lý chuỗi cung ứng
177542,XDT,logistics-va-quan-ly-chuoi-cung-ung,X03,Điểm thi THPT,2025,15.0,Logistics và Quản lý chuỗi cung ứng
177543,XDT,logistics-va-quan-ly-chuoi-cung-ung,X26,Điểm thi THPT,2025,15.0,Logistics và Quản lý chuỗi cung ứng
177544,XDT,logistics-va-quan-ly-chuoi-cung-ung,X27,Điểm thi THPT,2025,15.0,Logistics và Quản lý chuỗi cung ứng
177545,XDT,logistics-va-quan-ly-chuoi-cung-ung,X56,Điểm thi THPT,2025,15.0,Logistics và Quản lý chuỗi cung ứng
177546,XDT,quan-ly-do-thi-va-cong-trinh,A00,Điểm học bạ,2021,18.0,Quản lý đô thị và công trình
177547,XDT,quan-ly-do-thi-va-cong-trinh,A01,Điểm học bạ,2021,18.0,Quản lý đô thị và công trình
177548,XDT,quan-ly-do-thi-va-cong-trinh,C01,Điểm học bạ,2021,18.0,Quản lý đô thị và công trình
177549,XDT,quan-ly-do-thi-va-cong-trinh,D01,Điểm học bạ,2021,18.0,Quản lý đô thị và công trình
177550,XDT,quan-ly-do-thi-va-cong-trinh,A00,Điểm thi THPT,2021,15.0,Quản lý đô thị và công trình
177551,XDT,quan-ly-do-thi-va-cong-trinh,A01,Điểm thi THPT,2021,15.0,Quản lý đô thị và công trình
177552,XDT,quan-ly-do-thi-va-cong-trinh,C01,Điểm thi THPT,2021,15.0,Quản lý đô thị và công trình
177553,XDT,quan-ly-do-thi-va-cong-trinh,D01,Điểm thi THPT,2021,15.0,Quản lý đô thị và công trình
177554,XDT,quan-ly-do-thi-va-cong-trinh,A00,Điểm học bạ,2022,18.0,Quản lý đô thị và công trình
177555,XDT,quan-ly-do-thi-va-cong-trinh,A01,Điểm học bạ,2022,18.0,Quản lý đô thị và công trình
177556,XDT,quan-ly-do-thi-va-cong-trinh,C01,Điểm học bạ,2022,18.0,Quản lý đô thị và công trình
177557,XDT,quan-ly-do-thi-va-cong-trinh,D01,Điểm học bạ,2022,18.0,Quản lý đô thị và công trình
177558,XDT,quan-ly-do-thi-va-cong-trinh,A00,Điểm thi THPT,2022,15.0,Quản lý đô thị và công trình
177559,XDT,quan-ly-do-thi-va-cong-trinh,A01,Điểm thi THPT,2022,15.0,Quản lý đô thị và công trình
177560,XDT,quan-ly-do-thi-va-cong-trinh,C01,Điểm thi THPT,2022,15.0,Quản lý đô thị và công trình
177561,XDT,quan-ly-do-thi-va-cong-trinh,D01,Điểm thi THPT,2022,15.0,Quản lý đô thị và công trình
177562,XDT,quan-ly-do-thi-va-cong-trinh,A00,Điểm học bạ,2023,18.0,Quản lý đô thị và công trình
177563,XDT,quan-ly-do-thi-va-cong-trinh,A01,Điểm học bạ,2023,18.0,Quản lý đô thị và công trình
177564,XDT,quan-ly-do-thi-va-cong-trinh,C01,Điểm học bạ,2023,18.0,Quản lý đô thị và công trình
177565,XDT,quan-ly-do-thi-va-cong-trinh,D01,Điểm học bạ,2023,18.0,Quản lý đô thị và công trình
177566,XDT,quan-ly-do-thi-va-cong-trinh,A00,Điểm thi THPT,2023,15.0,Quản lý đô thị và công trình
177567,XDT,quan-ly-do-thi-va-cong-trinh,A01,Điểm thi THPT,2023,15.0,Quản lý đô thị và công trình
177568,XDT,quan-ly-do-thi-va-cong-trinh,C01,Điểm thi THPT,2023,15.0,Quản lý đô thị và công trình
177569,XDT,quan-ly-do-thi-va-cong-trinh,D01,Điểm thi THPT,2023,15.0,Quản lý đô thị và công trình
177570,XDT,quan-ly-xay-dung,A00,Điểm học bạ,2021,18.0,Quản lý xây dựng
177571,XDT,quan-ly-xay-dung,A01,Điểm học bạ,2021,18.0,Quản lý xây dựng
177572,XDT,quan-ly-xay-dung,C01,Điểm học bạ,2021,18.0,Quản lý xây dựng
177573,XDT,quan-ly-xay-dung,D01,Điểm học bạ,2021,18.0,Quản lý xây dựng
177574,XDT,quan-ly-xay-dung,A00,Điểm thi THPT,2021,15.0,Quản lý xây dựng
177575,XDT,quan-ly-xay-dung,A01,Điểm thi THPT,2021,15.0,Quản lý xây dựng
177576,XDT,quan-ly-xay-dung,C01,Điểm thi THPT,2021,15.0,Quản lý xây dựng
177577,XDT,quan-ly-xay-dung,D01,Điểm thi THPT,2021,15.0,Quản lý xây dựng
177578,XDT,quan-ly-xay-dung,A00,Điểm học bạ,2022,18.0,Quản lý xây dựng
177579,XDT,quan-ly-xay-dung,A01,Điểm học bạ,2022,18.0,Quản lý xây dựng
177580,XDT,quan-ly-xay-dung,C01,Điểm học bạ,2022,18.0,Quản lý xây dựng
177581,XDT,quan-ly-xay-dung,D01,Điểm học bạ,2022,18.0,Quản lý xây dựng
177582,XDT,quan-ly-xay-dung,A00,Điểm thi THPT,2022,15.0,Quản lý xây dựng
177583,XDT,quan-ly-xay-dung,A01,Điểm thi THPT,2022,15.0,Quản lý xây dựng
177584,XDT,quan-ly-xay-dung,C01,Điểm thi THPT,2022,15.0,Quản lý xây dựng
177585,XDT,quan-ly-xay-dung,D01,Điểm thi THPT,2022,15.0,Quản lý xây dựng
177586,XDT,quan-ly-xay-dung,A00,Điểm học bạ,2023,18.0,Quản lý xây dựng
177587,XDT,quan-ly-xay-dung,A01,Điểm học bạ,2023,18.0,Quản lý xây dựng
177588,XDT,quan-ly-xay-dung,C01,Điểm học bạ,2023,18.0,Quản lý xây dựng
177589,XDT,quan-ly-xay-dung,D01,Điểm học bạ,2023,18.0,Quản lý xây dựng
177590,XDT,quan-ly-xay-dung,A00,Điểm thi THPT,2023,15.0,Quản lý xây dựng
177591,XDT,quan-ly-xay-dung,A01,Điểm thi THPT,2023,15.0,Quản lý xây dựng
177592,XDT,quan-ly-xay-dung,C01,Điểm thi THPT,2023,15.0,Quản lý xây dựng
177593,XDT,quan-ly-xay-dung,D01,Điểm thi THPT,2023,15.0,Quản lý xây dựng
177594,XDT,quan-ly-xay-dung,A00,Điểm học bạ,2024,18.0,Quản lý xây dựng
177595,XDT,quan-ly-xay-dung,A01,Điểm học bạ,2024,18.0,Quản lý xây dựng
177596,XDT,quan-ly-xay-dung,C01,Điểm học bạ,2024,18.0,Quản lý xây dựng
177597,XDT,quan-ly-xay-dung,D01,Điểm học bạ,2024,18.0,Quản lý xây dựng
177598,XDT,quan-ly-xay-dung,A00,Điểm thi THPT,2024,15.0,Quản lý xây dựng
177599,XDT,quan-ly-xay-dung,A01,Điểm thi THPT,2024,15.0,Quản lý xây dựng
177600,XDT,quan-ly-xay-dung,C01,Điểm thi THPT,2024,15.0,Quản lý xây dựng
177601,XDT,quan-ly-xay-dung,D01,Điểm thi THPT,2024,15.0,Quản lý xây dựng
177602,XDT,quan-ly-xay-dung,A00,Điểm học bạ,2025,15.0,Quản lý xây dựng
177603,XDT,quan-ly-xay-dung,A01,Điểm học bạ,2025,15.0,Quản lý xây dựng
177604,XDT,quan-ly-xay-dung,C01,Điểm học bạ,2025,15.0,Quản lý xây dựng
177605,XDT,quan-ly-xay-dung,D01,Điểm học bạ,2025,15.0,Quản lý xây dựng
177606,XDT,quan-ly-xay-dung,D07,Điểm học bạ,2025,15.0,Quản lý xây dựng
177607,XDT,quan-ly-xay-dung,X02,Điểm học bạ,2025,15.0,Quản lý xây dựng
177608,XDT,quan-ly-xay-dung,X03,Điểm học bạ,2025,15.0,Quản lý xây dựng
177609,XDT,quan-ly-xay-dung,X26,Điểm học bạ,2025,15.0,Quản lý xây dựng
177610,XDT,quan-ly-xay-dung,X27,Điểm học bạ,2025,15.0,Quản lý xây dựng
177611,XDT,quan-ly-xay-dung,X56,Điểm học bạ,2025,15.0,Quản lý xây dựng
177612,XDT,quan-ly-xay-dung,A00,Điểm thi THPT,2025,15.0,Quản lý xây dựng
177613,XDT,quan-ly-xay-dung,A01,Điểm thi THPT,2025,15.0,Quản lý xây dựng
177614,XDT,quan-ly-xay-dung,C01,Điểm thi THPT,2025,15.0,Quản lý xây dựng
177615,XDT,quan-ly-xay-dung,D01,Điểm thi THPT,2025,15.0,Quản lý xây dựng
177616,XDT,quan-ly-xay-dung,D07,Điểm thi THPT,2025,15.0,Quản lý xây dựng
177617,XDT,quan-ly-xay-dung,X02,Điểm thi THPT,2025,15.0,Quản lý xây dựng
177618,XDT,quan-ly-xay-dung,X03,Điểm thi THPT,2025,15.0,Quản lý xây dựng
177619,XDT,quan-ly-xay-dung,X26,Điểm thi THPT,2025,15.0,Quản lý xây dựng
177620,XDT,quan-ly-xay-dung,X27,Điểm thi THPT,2025,15.0,Quản lý xây dựng
177621,XDT,quan-ly-xay-dung,X56,Điểm thi THPT,2025,15.0,Quản lý xây dựng
177622,XDT,quan-tri-kinh-doanh,A00,Điểm học bạ,2021,18.0,Quản trị kinh doanh
177623,XDT,quan-tri-kinh-doanh,A01,Điểm học bạ,2021,18.0,Quản trị kinh doanh
177624,XDT,quan-tri-kinh-doanh,C01,Điểm học bạ,2021,18.0,Quản trị kinh doanh
177625,XDT,quan-tri-kinh-doanh,D01,Điểm học bạ,2021,18.0,Quản trị kinh doanh
177626,XDT,quan-tri-kinh-doanh,A00,Điểm thi THPT,2021,15.0,Quản trị kinh doanh
177627,XDT,quan-tri-kinh-doanh,A01,Điểm thi THPT,2021,15.0,Quản trị kinh doanh
177628,XDT,quan-tri-kinh-doanh,C01,Điểm thi THPT,2021,15.0,Quản trị kinh doanh
177629,XDT,quan-tri-kinh-doanh,D01,Điểm thi THPT,2021,15.0,Quản trị kinh doanh
177630,XDT,quan-tri-kinh-doanh,A00,Điểm học bạ,2022,18.0,Quản trị kinh doanh
177631,XDT,quan-tri-kinh-doanh,A01,Điểm học bạ,2022,18.0,Quản trị kinh doanh
177632,XDT,quan-tri-kinh-doanh,C01,Điểm học bạ,2022,18.0,Quản trị kinh doanh
177633,XDT,quan-tri-kinh-doanh,D01,Điểm học bạ,2022,18.0,Quản trị kinh doanh
177634,XDT,quan-tri-kinh-doanh,A00,Điểm thi THPT,2022,15.0,Quản trị kinh doanh
177635,XDT,quan-tri-kinh-doanh,A01,Điểm thi THPT,2022,15.0,Quản trị kinh doanh
177636,XDT,quan-tri-kinh-doanh,C01,Điểm thi THPT,2022,15.0,Quản trị kinh doanh
177637,XDT,quan-tri-kinh-doanh,D01,Điểm thi THPT,2022,15.0,Quản trị kinh doanh
177638,XDT,quan-tri-kinh-doanh,A00,Điểm học bạ,2023,18.0,Quản trị kinh doanh
177639,XDT,quan-tri-kinh-doanh,A01,Điểm học bạ,2023,18.0,Quản trị kinh doanh
177640,XDT,quan-tri-kinh-doanh,C01,Điểm học bạ,2023,18.0,Quản trị kinh doanh
177641,XDT,quan-tri-kinh-doanh,D01,Điểm học bạ,2023,18.0,Quản trị kinh doanh
177642,XDT,quan-tri-kinh-doanh,A00,Điểm thi THPT,2023,15.0,Quản trị kinh doanh
177643,XDT,quan-tri-kinh-doanh,A01,Điểm thi THPT,2023,15.0,Quản trị kinh doanh
177644,XDT,quan-tri-kinh-doanh,C01,Điểm thi THPT,2023,15.0,Quản trị kinh doanh
177645,XDT,quan-tri-kinh-doanh,D01,Điểm thi THPT,2023,15.0,Quản trị kinh doanh
177646,XDT,quan-tri-kinh-doanh,A00,Điểm học bạ,2024,18.0,Quản trị kinh doanh
177647,XDT,quan-tri-kinh-doanh,A01,Điểm học bạ,2024,18.0,Quản trị kinh doanh
177648,XDT,quan-tri-kinh-doanh,C01,Điểm học bạ,2024,18.0,Quản trị kinh doanh
177649,XDT,quan-tri-kinh-doanh,D01,Điểm học bạ,2024,18.0,Quản trị kinh doanh
177650,XDT,quan-tri-kinh-doanh,A00,Điểm thi THPT,2024,15.0,Quản trị kinh doanh
177651,XDT,quan-tri-kinh-doanh,A01,Điểm thi THPT,2024,15.0,Quản trị kinh doanh
177652,XDT,quan-tri-kinh-doanh,C01,Điểm thi THPT,2024,15.0,Quản trị kinh doanh
177653,XDT,quan-tri-kinh-doanh,D01,Điểm thi THPT,2024,15.0,Quản trị kinh doanh
177654,XDT,quan-tri-kinh-doanh,A00,Điểm học bạ,2025,15.0,Quản trị kinh doanh
177655,XDT,quan-tri-kinh-doanh,A01,Điểm học bạ,2025,15.0,Quản trị kinh doanh
177656,XDT,quan-tri-kinh-doanh,C01,Điểm học bạ,2025,15.0,Quản trị kinh doanh
177657,XDT,quan-tri-kinh-doanh,D01,Điểm học bạ,2025,15.0,Quản trị kinh doanh
177658,XDT,quan-tri-kinh-doanh,D07,Điểm học bạ,2025,15.0,Quản trị kinh doanh
177659,XDT,quan-tri-kinh-doanh,X02,Điểm học bạ,2025,15.0,Quản trị kinh doanh
177660,XDT,quan-tri-kinh-doanh,X03,Điểm học bạ,2025,15.0,Quản trị kinh doanh
177661,XDT,quan-tri-kinh-doanh,X26,Điểm học bạ,2025,15.0,Quản trị kinh doanh
177662,XDT,quan-tri-kinh-doanh,X27,Điểm học bạ,2025,15.0,Quản trị kinh doanh
177663,XDT,quan-tri-kinh-doanh,X56,Điểm học bạ,2025,15.0,Quản trị kinh doanh
177664,XDT,quan-tri-kinh-doanh,A00,Điểm thi THPT,2025,15.0,Quản trị kinh doanh
177665,XDT,quan-tri-kinh-doanh,A01,Điểm thi THPT,2025,15.0,Quản trị kinh doanh
177666,XDT,quan-tri-kinh-doanh,C01,Điểm thi THPT,2025,15.0,Quản trị kinh doanh
177667,XDT,quan-tri-kinh-doanh,D01,Điểm thi THPT,2025,15.0,Quản trị kinh doanh
177668,XDT,quan-tri-kinh-doanh,D07,Điểm thi THPT,2025,15.0,Quản trị kinh doanh
177669,XDT,quan-tri-kinh-doanh,X02,Điểm thi THPT,2025,15.0,Quản trị kinh doanh
177670,XDT,quan-tri-kinh-doanh,X03,Điểm thi THPT,2025,15.0,Quản trị kinh doanh
177671,XDT,quan-tri-kinh-doanh,X26,Điểm thi THPT,2025,15.0,Quản trị kinh doanh
177672,XDT,quan-tri-kinh-doanh,X27,Điểm thi THPT,2025,15.0,Quản trị kinh doanh
177673,XDT,quan-tri-kinh-doanh,X56,Điểm thi THPT,2025,15.0,Quản trị kinh doanh
177674,XDT,tai-chinh-ngan-hang,A00,Điểm học bạ,2023,18.0,Tài chính ngân hàng
177675,XDT,tai-chinh-ngan-hang,A01,Điểm học bạ,2023,18.0,Tài chính ngân hàng
177676,XDT,tai-chinh-ngan-hang,C01,Điểm học bạ,2023,18.0,Tài chính ngân hàng
177677,XDT,tai-chinh-ngan-hang,D01,Điểm học bạ,2023,18.0,Tài chính ngân hàng
177678,XDT,tai-chinh-ngan-hang,A00,Điểm thi THPT,2023,15.0,Tài chính - Ngân hàng
177679,XDT,tai-chinh-ngan-hang,A01,Điểm thi THPT,2023,15.0,Tài chính - Ngân hàng
177680,XDT,tai-chinh-ngan-hang,C01,Điểm thi THPT,2023,15.0,Tài chính - Ngân hàng
177681,XDT,tai-chinh-ngan-hang,D01,Điểm thi THPT,2023,15.0,Tài chính - Ngân hàng
177682,XDT,tai-chinh-ngan-hang,A00,Điểm học bạ,2024,18.0,Tài chính - Ngân hàng
177683,XDT,tai-chinh-ngan-hang,A01,Điểm học bạ,2024,18.0,Tài chính - Ngân hàng
177684,XDT,tai-chinh-ngan-hang,C01,Điểm học bạ,2024,18.0,Tài chính - Ngân hàng
177685,XDT,tai-chinh-ngan-hang,D01,Điểm học bạ,2024,18.0,Tài chính - Ngân hàng
177686,XDT,tai-chinh-ngan-hang,A00,Điểm thi THPT,2024,15.0,Tài chính - Ngân hàng
177687,XDT,tai-chinh-ngan-hang,A01,Điểm thi THPT,2024,15.0,Tài chính - Ngân hàng
177688,XDT,tai-chinh-ngan-hang,C01,Điểm thi THPT,2024,15.0,Tài chính - Ngân hàng
177689,XDT,tai-chinh-ngan-hang,D01,Điểm thi THPT,2024,15.0,Tài chính - Ngân hàng
177690,XDT,tai-chinh-ngan-hang,A00,Điểm học bạ,2025,15.0,Tài chính - Ngân hàng
177691,XDT,tai-chinh-ngan-hang,A01,Điểm học bạ,2025,15.0,Tài chính - Ngân hàng
177692,XDT,tai-chinh-ngan-hang,C01,Điểm học bạ,2025,15.0,Tài chính - Ngân hàng
177693,XDT,tai-chinh-ngan-hang,D01,Điểm học bạ,2025,15.0,Tài chính - Ngân hàng
177694,XDT,tai-chinh-ngan-hang,D07,Điểm học bạ,2025,15.0,Tài chính - Ngân hàng
177695,XDT,tai-chinh-ngan-hang,X02,Điểm học bạ,2025,15.0,Tài chính - Ngân hàng
177696,XDT,tai-chinh-ngan-hang,X03,Điểm học bạ,2025,15.0,Tài chính - Ngân hàng
177697,XDT,tai-chinh-ngan-hang,X26,Điểm học bạ,2025,15.0,Tài chính - Ngân hàng
177698,XDT,tai-chinh-ngan-hang,X27,Điểm học bạ,2025,15.0,Tài chính - Ngân hàng
177699,XDT,tai-chinh-ngan-hang,X56,Điểm học bạ,2025,15.0,Tài chính - Ngân hàng
177700,XDT,tai-chinh-ngan-hang,A00,Điểm thi THPT,2025,15.0,Tài chính - Ngân hàng
177701,XDT,tai-chinh-ngan-hang,A01,Điểm thi THPT,2025,15.0,Tài chính - Ngân hàng
177702,XDT,tai-chinh-ngan-hang,C01,Điểm thi THPT,2025,15.0,Tài chính - Ngân hàng
177703,XDT,tai-chinh-ngan-hang,D01,Điểm thi THPT,2025,15.0,Tài chính - Ngân hàng
177704,XDT,tai-chinh-ngan-hang,D07,Điểm thi THPT,2025,15.0,Tài chính - Ngân hàng
177705,XDT,tai-chinh-ngan-hang,X02,Điểm thi THPT,2025,15.0,Tài chính - Ngân hàng
177706,XDT,tai-chinh-ngan-hang,X03,Điểm thi THPT,2025,15.0,Tài chính - Ngân hàng
177707,XDT,tai-chinh-ngan-hang,X26,Điểm thi THPT,2025,15.0,Tài chính - Ngân hàng
177708,XDT,tai-chinh-ngan-hang,X27,Điểm thi THPT,2025,15.0,Tài chính - Ngân hàng
177709,XDT,tai-chinh-ngan-hang,X56,Điểm thi THPT,2025,15.0,Tài chính - Ngân hàng
177710,XDT,thuong-mai-dien-tu,A00,Điểm học bạ,2024,18.0,Thương mại điện tử
177711,XDT,thuong-mai-dien-tu,A01,Điểm học bạ,2024,18.0,Thương mại điện tử
177712,XDT,thuong-mai-dien-tu,C01,Điểm học bạ,2024,18.0,Thương mại điện tử
177713,XDT,thuong-mai-dien-tu,D01,Điểm học bạ,2024,18.0,Thương mại điện tử
177714,XDT,thuong-mai-dien-tu,A00,Điểm thi THPT,2024,15.0,Thương mại điện tử
177715,XDT,thuong-mai-dien-tu,A01,Điểm thi THPT,2024,15.0,Thương mại điện tử
177716,XDT,thuong-mai-dien-tu,C01,Điểm thi THPT,2024,15.0,Thương mại điện tử
177717,XDT,thuong-mai-dien-tu,D01,Điểm thi THPT,2024,15.0,Thương mại điện tử
177718,XDT,thuong-mai-dien-tu,A00,Điểm học bạ,2025,15.0,Thương mại điện tử
177719,XDT,thuong-mai-dien-tu,A01,Điểm học bạ,2025,15.0,Thương mại điện tử
177720,XDT,thuong-mai-dien-tu,C01,Điểm học bạ,2025,15.0,Thương mại điện tử
177721,XDT,thuong-mai-dien-tu,D01,Điểm học bạ,2025,15.0,Thương mại điện tử
177722,XDT,thuong-mai-dien-tu,D07,Điểm học bạ,2025,15.0,Thương mại điện tử
177723,XDT,thuong-mai-dien-tu,X02,Điểm học bạ,2025,15.0,Thương mại điện tử
177724,XDT,thuong-mai-dien-tu,X03,Điểm học bạ,2025,15.0,Thương mại điện tử
177725,XDT,thuong-mai-dien-tu,X26,Điểm học bạ,2025,15.0,Thương mại điện tử
177726,XDT,thuong-mai-dien-tu,X27,Điểm học bạ,2025,15.0,Thương mại điện tử
177727,XDT,thuong-mai-dien-tu,X56,Điểm học bạ,2025,15.0,Thương mại điện tử
177728,XDT,thuong-mai-dien-tu,A00,Điểm thi THPT,2025,15.0,Thương mại điện tử
177729,XDT,thuong-mai-dien-tu,A01,Điểm thi THPT,2025,15.0,Thương mại điện tử
177730,XDT,thuong-mai-dien-tu,C01,Điểm thi THPT,2025,15.0,Thương mại điện tử
177731,XDT,thuong-mai-dien-tu,D01,Điểm thi THPT,2025,15.0,Thương mại điện tử
177732,XDT,thuong-mai-dien-tu,D07,Điểm thi THPT,2025,15.0,Thương mại điện tử
177733,XDT,thuong-mai-dien-tu,X02,Điểm thi THPT,2025,15.0,Thương mại điện tử
177734,XDT,thuong-mai-dien-tu,X03,Điểm thi THPT,2025,15.0,Thương mại điện tử
177735,XDT,thuong-mai-dien-tu,X26,Điểm thi THPT,2025,15.0,Thương mại điện tử
177736,XDT,thuong-mai-dien-tu,X27,Điểm thi THPT,2025,15.0,Thương mại điện tử
177737,XDT,thuong-mai-dien-tu,X56,Điểm thi THPT,2025,15.0,Thương mại điện tử
177738,YCT,dieu-duong,B00,Điểm thi THPT,2021,23.9,Điều dưỡng
177739,YCT,dieu-duong,B00,Điểm thi THPT,2022,21.75,Điều dưỡng
177740,YCT,dieu-duong,B00,Điểm thi THPT,2023,23.2,Điều dưỡng
177741,YCT,dieu-duong,B00,Điểm thi THPT,2024,23.45,Điều dưỡng
177742,YCT,dieu-duong,B00,Điểm thi THPT,2025,18.6,Điều dưỡng
177743,YCT,dinh-duong,B00,Điểm thi THPT,2025,17.0,Dinh dưỡng
177744,YCT,duoc-hoc,B00,Điểm thi THPT,2021,25.0,Dược học
177745,YCT,duoc-hoc,B00,Điểm thi THPT,2022,24.6,Dược học
177746,YCT,duoc-hoc,B00,Điểm thi THPT,2023,24.7,Dược học
177747,YCT,duoc-hoc,B00,Điểm thi THPT,2024,24.78,Dược học
177748,YCT,duoc-hoc,A00,Điểm thi THPT,2025,20.8,Dược học
177749,YCT,duoc-hoc,B00,Điểm thi THPT,2025,20.8,Dược học
177750,YCT,hiem,B00,Điểm thi THPT,2021,25.0,Y khoa phục vụ ngành hiếm
177751,YCT,ho-sinh,B00,Điểm thi THPT,2021,22.7,Hộ sinh
177752,YCT,ho-sinh,B00,Điểm thi THPT,2022,20.2,Hộ sinh
177753,YCT,ho-sinh,B00,Điểm thi THPT,2023,22.25,Hộ sinh
177754,YCT,ho-sinh,B00,Điểm thi THPT,2024,22.35,Hộ sinh
177755,YCT,ho-sinh,B00,Điểm thi THPT,2025,17.0,Hộ sinh
177756,YCT,ky-thuat-hinh-anh-y-hoc,B00,Điểm thi THPT,2022,23.0,Kỹ thuật Hình ảnh y học
177757,YCT,ky-thuat-hinh-anh-y-hoc,B00,Điểm thi THPT,2023,23.5,Kỹ thuật hình ảnh Y học
177758,YCT,ky-thuat-hinh-anh-y-hoc,B00,Điểm thi THPT,2024,23.75,Kỹ thuật Hình ảnh y học
177759,YCT,ky-thuat-hinh-anh-y-hoc,B00,Điểm thi THPT,2025,18.88,Kỹ thuật Hình ảnh y học
177760,YCT,ky-thuat-xet-nghiem-y-hoc,B00,Điểm thi THPT,2021,24.5,Kỹ thuật xét nghiệm y học
177761,YCT,ky-thuat-xet-nghiem-y-hoc,B00,Điểm thi THPT,2022,23.75,Kỹ thuật Xét nghiệm y học
177762,YCT,ky-thuat-xet-nghiem-y-hoc,B00,Điểm thi THPT,2023,24.05,Kỹ thuật xét nghiệm Y học
177763,YCT,ky-thuat-xet-nghiem-y-hoc,B00,Điểm thi THPT,2024,24.38,Kỹ thuật Xét nghiệm y học
177764,YCT,ky-thuat-xet-nghiem-y-hoc,B00,Điểm thi THPT,2025,19.4,Kỹ thuật Xét nghiệm y học
177765,YCT,ky-thuat-y-sinh,A00,Điểm thi THPT,2024,22.1,Kỹ thuật Y sinh
177766,YCT,ky-thuat-y-sinh,B00,Điểm thi THPT,2024,22.8,Kỹ thuật Y sinh
177767,YCT,ky-thuat-y-sinh,A00,Điểm thi THPT,2025,18.85,Kỹ thuật Y sinh
177768,YCT,ky-thuat-y-sinh,B00,Điểm thi THPT,2025,18.85,Kỹ thuật Y sinh
177769,YCT,ky-thuat-y-sinh,X06,Điểm thi THPT,2025,18.85,Kỹ thuật Y sinh
177770,YCT,ky-thuuat-hinh-anh-y-hoc,B00,Điểm thi THPT,2021,23.7,Kỹ thuuật hình ảnh y học
177771,YCT,rang-ham-mat,B00,Điểm thi THPT,2021,26.75,Răng hàm mặt
177772,YCT,rang-ham-mat,B00,Điểm thi THPT,2022,25.45,Răng hàm mặt
177773,YCT,rang-ham-mat,B00,Điểm thi THPT,2023,25.4,Răng Hàm Mặt
177774,YCT,rang-ham-mat,B00,Điểm thi THPT,2024,25.65,Răng hàm mặt
177775,YCT,rang-ham-mat,B00,Điểm thi THPT,2025,23.35,Răng hàm mặt
177776,YCT,y-hoc-co-truyen,B00,Điểm thi THPT,2021,24.65,Y học cổ truyền
177777,YCT,y-hoc-co-truyen,B00,Điểm thi THPT,2022,23.3,Y học cổ truyền
177778,YCT,y-hoc-co-truyen,B00,Điểm thi THPT,2023,23.9,Y học cổ truyền
177779,YCT,y-hoc-co-truyen,B00,Điểm thi THPT,2024,24.48,Y học cổ truyền
177780,YCT,y-hoc-co-truyen,B00,Điểm thi THPT,2025,19.5,Y học cổ truyền
177781,YCT,y-hoc-du-phong,B00,Điểm thi THPT,2021,23.95,Y học dự phòng
177782,YCT,y-hoc-du-phong,B00,Điểm thi THPT,2022,21.05,Y học dự phòng
177783,YCT,y-hoc-du-phong,B00,Điểm thi THPT,2023,22.35,Y học dự phòng
177784,YCT,y-hoc-du-phong,B00,Điểm thi THPT,2024,22.7,Y học dự phòng
177785,YCT,y-hoc-du-phong,B00,Điểm thi THPT,2025,17.0,Y học dự phòng
177786,YCT,y-khoa,B00,Điểm thi THPT,2021,26.0,Y khoa
177787,YCT,y-khoa,B00,Điểm thi THPT,2022,25.6,Y khoa
177788,YCT,y-khoa,B00,Điểm thi THPT,2023,25.52,Y khoa
177789,YCT,y-khoa,B00,Điểm thi THPT,2024,25.7,Y khoa
177790,YCT,y-khoa,B00,Điểm thi THPT,2025,23.88,Y khoa
177791,YCT,y-te-cong-cong,B00,Điểm thi THPT,2021,19.0,Y tế công cộng
177792,YCT,y-te-cong-cong,B00,Điểm thi THPT,2022,20.0,Y tế công cộng
177793,YCT,y-te-cong-cong,B00,Điểm thi THPT,2023,20.0,Y tế công cộng
177794,YCT,y-te-cong-cong,B00,Điểm thi THPT,2024,19.2,Y tế công cộng
177795,YCT,y-te-cong-cong,B00,Điểm thi THPT,2025,17.0,Y tế công cộng
177796,YDD,dieu-duong,B00,Điểm học bạ,2021,19.5,Điều dưỡng
177797,YDD,dieu-duong,B08,Điểm học bạ,2021,19.5,Điều dưỡng
177798,YDD,dieu-duong,D01,Điểm học bạ,2021,19.5,Điều dưỡng
177799,YDD,dieu-duong,D07,Điểm học bạ,2021,19.5,Điều dưỡng
177800,YDD,dieu-duong,B00,Điểm thi THPT,2021,20.0,Điều dưỡng
177801,YDD,dieu-duong,B08,Điểm thi THPT,2021,20.0,Điều dưỡng
177802,YDD,dieu-duong,D01,Điểm thi THPT,2021,20.0,Điều dưỡng
177803,YDD,dieu-duong,D07,Điểm thi THPT,2021,20.0,Điều dưỡng
177804,YDD,dieu-duong,B00,Điểm thi THPT,2022,19.5,Điều dưỡng
177805,YDD,dieu-duong,B08,Điểm thi THPT,2022,19.5,Điều dưỡng
177806,YDD,dieu-duong,D01,Điểm thi THPT,2022,19.5,Điều dưỡng
177807,YDD,dieu-duong,D07,Điểm thi THPT,2022,19.5,Điều dưỡng
177808,YDD,dieu-duong,B00,Điểm học bạ,2023,19.0,Điều dưỡng
177809,YDD,dieu-duong,B08,Điểm học bạ,2023,19.0,Điều dưỡng
177810,YDD,dieu-duong,D01,Điểm học bạ,2023,19.0,Điều dưỡng
177811,YDD,dieu-duong,D07,Điểm học bạ,2023,19.0,Điều dưỡng
177812,YDD,dieu-duong,B00,Điểm thi THPT,2023,19.0,Điều dưỡng
177813,YDD,dieu-duong,B08,Điểm thi THPT,2023,19.0,Điều dưỡng
177814,YDD,dieu-duong,D01,Điểm thi THPT,2023,19.0,Điều dưỡng
177815,YDD,dieu-duong,D07,Điểm thi THPT,2023,19.0,Điều dưỡng
177816,YDD,dieu-duong,B00,Điểm học bạ,2024,20.0,Điều dưỡng
177817,YDD,dieu-duong,B08,Điểm học bạ,2024,20.0,Điều dưỡng
177818,YDD,dieu-duong,D01,Điểm học bạ,2024,20.0,Điều dưỡng
177819,YDD,dieu-duong,D07,Điểm học bạ,2024,20.0,Điều dưỡng
177820,YDD,dieu-duong,B00,Điểm thi THPT,2024,19.0,Điều dưỡng
177821,YDD,dieu-duong,B08,Điểm thi THPT,2024,19.0,Điều dưỡng
177822,YDD,dieu-duong,D01,Điểm thi THPT,2024,19.0,Điều dưỡng
177823,YDD,dieu-duong,D07,Điểm thi THPT,2024,19.0,Điều dưỡng
177824,YDD,dieu-duong,A00,Điểm học bạ,2025,25.0,Điều dưỡng
177825,YDD,dieu-duong,A01,Điểm học bạ,2025,25.0,Điều dưỡng
177826,YDD,dieu-duong,B00,Điểm học bạ,2025,25.0,Điều dưỡng
177827,YDD,dieu-duong,B03,Điểm học bạ,2025,25.0,Điều dưỡng
177828,YDD,dieu-duong,B08,Điểm học bạ,2025,25.0,Điều dưỡng
177829,YDD,dieu-duong,C02,Điểm học bạ,2025,25.0,Điều dưỡng
177830,YDD,dieu-duong,D01,Điểm học bạ,2025,25.0,Điều dưỡng
177831,YDD,dieu-duong,D07,Điểm học bạ,2025,25.0,Điều dưỡng
177832,YDD,dieu-duong,A00,Điểm thi THPT,2025,21.0,Điều dưỡng
177833,YDD,dieu-duong,A01,Điểm thi THPT,2025,21.0,Điều dưỡng
177834,YDD,dieu-duong,B00,Điểm thi THPT,2025,21.0,Điều dưỡng
177835,YDD,dieu-duong,B03,Điểm thi THPT,2025,21.0,Điều dưỡng
177836,YDD,dieu-duong,B08,Điểm thi THPT,2025,21.0,Điều dưỡng
177837,YDD,dieu-duong,C02,Điểm thi THPT,2025,21.0,Điều dưỡng
177838,YDD,dieu-duong,D01,Điểm thi THPT,2025,21.0,Điều dưỡng
177839,YDD,dieu-duong,D07,Điểm thi THPT,2025,21.0,Điều dưỡng
177840,YDD,dinh-duong,B00,Điểm học bạ,2021,16.5,Dinh dưỡng
177841,YDD,dinh-duong,B08,Điểm học bạ,2021,16.5,Dinh dưỡng
177842,YDD,dinh-duong,D01,Điểm học bạ,2021,16.5,Dinh dưỡng
177843,YDD,dinh-duong,D07,Điểm học bạ,2021,16.5,Dinh dưỡng
177844,YDD,dinh-duong,B00,Điểm thi THPT,2021,15.0,Dinh dưỡng
177845,YDD,dinh-duong,B08,Điểm thi THPT,2021,15.0,Dinh dưỡng
177846,YDD,dinh-duong,D01,Điểm thi THPT,2021,15.0,Dinh dưỡng
177847,YDD,dinh-duong,D07,Điểm thi THPT,2021,15.0,Dinh dưỡng
177848,YDD,dinh-duong,B00,Điểm học bạ,2023,15.0,Dinh dưỡng
177849,YDD,dinh-duong,B08,Điểm học bạ,2023,15.0,Dinh dưỡng
177850,YDD,dinh-duong,D01,Điểm học bạ,2023,15.0,Dinh dưỡng
177851,YDD,dinh-duong,D07,Điểm học bạ,2023,15.0,Dinh dưỡng
177852,YDD,dinh-duong,B00,Điểm thi THPT,2023,15.3,Dinh dưỡng
177853,YDD,dinh-duong,B08,Điểm thi THPT,2023,15.3,Dinh dưỡng
177854,YDD,dinh-duong,D01,Điểm thi THPT,2023,15.3,Dinh dưỡng
177855,YDD,dinh-duong,D07,Điểm thi THPT,2023,15.3,Dinh dưỡng
177856,YDD,dinh-duong,B00,Điểm học bạ,2024,15.0,Dinh dưỡng
177857,YDD,dinh-duong,B08,Điểm học bạ,2024,15.0,Dinh dưỡng
177858,YDD,dinh-duong,D01,Điểm học bạ,2024,15.0,Dinh dưỡng
177859,YDD,dinh-duong,D07,Điểm học bạ,2024,15.0,Dinh dưỡng
177860,YDD,dinh-duong,B00,Điểm thi THPT,2024,15.0,Dinh dưỡng
177861,YDD,dinh-duong,B08,Điểm thi THPT,2024,15.0,Dinh dưỡng
177862,YDD,dinh-duong,D01,Điểm thi THPT,2024,15.0,Dinh dưỡng
177863,YDD,dinh-duong,D07,Điểm thi THPT,2024,15.0,Dinh dưỡng
177864,YDD,dinh-duong,A00,Điểm học bạ,2025,19.0,Dinh dưỡng
177865,YDD,dinh-duong,A01,Điểm học bạ,2025,19.0,Dinh dưỡng
177866,YDD,dinh-duong,B00,Điểm học bạ,2025,19.0,Dinh dưỡng
177867,YDD,dinh-duong,B03,Điểm học bạ,2025,19.0,Dinh dưỡng
177868,YDD,dinh-duong,B08,Điểm học bạ,2025,19.0,Dinh dưỡng
177869,YDD,dinh-duong,C02,Điểm học bạ,2025,19.0,Dinh dưỡng
177870,YDD,dinh-duong,D01,Điểm học bạ,2025,19.0,Dinh dưỡng
177871,YDD,dinh-duong,D07,Điểm học bạ,2025,19.0,Dinh dưỡng
177872,YDD,dinh-duong,A00,Điểm thi THPT,2025,15.0,Dinh dưỡng
177873,YDD,dinh-duong,A01,Điểm thi THPT,2025,15.0,Dinh dưỡng
177874,YDD,dinh-duong,B00,Điểm thi THPT,2025,15.0,Dinh dưỡng
177875,YDD,dinh-duong,B03,Điểm thi THPT,2025,15.0,Dinh dưỡng
177876,YDD,dinh-duong,B08,Điểm thi THPT,2025,15.0,Dinh dưỡng
177877,YDD,dinh-duong,C02,Điểm thi THPT,2025,15.0,Dinh dưỡng
177878,YDD,dinh-duong,D01,Điểm thi THPT,2025,15.0,Dinh dưỡng
177879,YDD,dinh-duong,D07,Điểm thi THPT,2025,15.0,Dinh dưỡng
177880,YDD,ho-sinh,B00,Điểm học bạ,2021,19.5,Hộ sinh
177881,YDD,ho-sinh,B08,Điểm học bạ,2021,19.5,Hộ sinh
177882,YDD,ho-sinh,D01,Điểm học bạ,2021,19.5,Hộ sinh
177883,YDD,ho-sinh,D07,Điểm học bạ,2021,19.5,Hộ sinh
177884,YDD,ho-sinh,B00,Điểm thi THPT,2021,19.0,Hộ sinh
177885,YDD,ho-sinh,B08,Điểm thi THPT,2021,19.0,Hộ sinh
177886,YDD,ho-sinh,D01,Điểm thi THPT,2021,19.0,Hộ sinh
177887,YDD,ho-sinh,D07,Điểm thi THPT,2021,19.0,Hộ sinh
177888,YDD,ho-sinh,B00,Điểm thi THPT,2022,19.0,Hộ sinh
177889,YDD,ho-sinh,B08,Điểm thi THPT,2022,19.0,Hộ sinh
177890,YDD,ho-sinh,D01,Điểm thi THPT,2022,19.0,Hộ sinh
177891,YDD,ho-sinh,D07,Điểm thi THPT,2022,19.0,Hộ sinh
177892,YDD,ho-sinh,B00,Điểm học bạ,2023,19.0,Hộ sinh
177893,YDD,ho-sinh,B08,Điểm học bạ,2023,19.0,Hộ sinh
177894,YDD,ho-sinh,D01,Điểm học bạ,2023,19.0,Hộ sinh
177895,YDD,ho-sinh,D07,Điểm học bạ,2023,19.0,Hộ sinh
177896,YDD,ho-sinh,B00,Điểm thi THPT,2023,19.0,Hộ sinh
177897,YDD,ho-sinh,B08,Điểm thi THPT,2023,19.0,Hộ sinh
177898,YDD,ho-sinh,D01,Điểm thi THPT,2023,19.0,Hộ sinh
177899,YDD,ho-sinh,D07,Điểm thi THPT,2023,19.0,Hộ sinh
177900,YDD,ho-sinh,B00,Điểm học bạ,2024,19.0,Hộ sinh
177901,YDD,ho-sinh,B08,Điểm học bạ,2024,19.0,Hộ sinh
177902,YDD,ho-sinh,D01,Điểm học bạ,2024,19.0,Hộ sinh
177903,YDD,ho-sinh,D07,Điểm học bạ,2024,19.0,Hộ sinh
177904,YDD,ho-sinh,B00,Điểm thi THPT,2024,19.0,Hộ sinh
177905,YDD,ho-sinh,B08,Điểm thi THPT,2024,19.0,Hộ sinh
177906,YDD,ho-sinh,D01,Điểm thi THPT,2024,19.0,Hộ sinh
177907,YDD,ho-sinh,D07,Điểm thi THPT,2024,19.0,Hộ sinh
177908,YDD,ho-sinh,A00,Điểm học bạ,2025,21.0,Hộ sinh
177909,YDD,ho-sinh,A01,Điểm học bạ,2025,21.0,Hộ sinh
177910,YDD,ho-sinh,B00,Điểm học bạ,2025,21.0,Hộ sinh
177911,YDD,ho-sinh,B03,Điểm học bạ,2025,21.0,Hộ sinh
177912,YDD,ho-sinh,B08,Điểm học bạ,2025,21.0,Hộ sinh
177913,YDD,ho-sinh,C02,Điểm học bạ,2025,21.0,Hộ sinh
177914,YDD,ho-sinh,D01,Điểm học bạ,2025,21.0,Hộ sinh
177915,YDD,ho-sinh,D07,Điểm học bạ,2025,21.0,Hộ sinh
177916,YDD,ho-sinh,A00,Điểm thi THPT,2025,17.0,Hộ sinh
177917,YDD,ho-sinh,A01,Điểm thi THPT,2025,17.0,Hộ sinh
177918,YDD,ho-sinh,B00,Điểm thi THPT,2025,17.0,Hộ sinh
177919,YDD,ho-sinh,B03,Điểm thi THPT,2025,17.0,Hộ sinh
177920,YDD,ho-sinh,B08,Điểm thi THPT,2025,17.0,Hộ sinh
177921,YDD,ho-sinh,C02,Điểm thi THPT,2025,17.0,Hộ sinh
177922,YDD,ho-sinh,D01,Điểm thi THPT,2025,17.0,Hộ sinh
177923,YDD,ho-sinh,D07,Điểm thi THPT,2025,17.0,Hộ sinh
177924,YDN,dieu-duong,B00,Điểm thi THPT,2022,19.0,Điều dưỡng
177925,YDN,dieu-duong-da-khoa,B00,Điểm thi THPT,2021,19.0,Điều dưỡng đa khoa
177926,YDN,dieu-duong-da-khoa,A00,Điểm học bạ,2023,24.74,Điều dưỡng đa khoa
177927,YDN,dieu-duong-da-khoa,B00,Điểm học bạ,2023,24.74,Điều dưỡng đa khoa
177928,YDN,dieu-duong-da-khoa,B08,Điểm học bạ,2023,24.74,Điều dưỡng đa khoa
177929,YDN,dieu-duong-da-khoa,D07,Điểm học bạ,2023,24.74,Điều dưỡng đa khoa
177930,YDN,dieu-duong-da-khoa,A00,Điểm thi THPT,2023,19.0,Điều dưỡng đa khoa
177931,YDN,dieu-duong-da-khoa,B00,Điểm thi THPT,2023,19.0,Điều dưỡng đa khoa
177932,YDN,dieu-duong-da-khoa,B08,Điểm thi THPT,2023,19.0,Điều dưỡng đa khoa
177933,YDN,dieu-duong-da-khoa,D07,Điểm thi THPT,2023,19.0,Điều dưỡng đa khoa
177934,YDN,dieu-duong-da-khoa,A00,Điểm học bạ,2024,24.99,Điều dưỡng đa khoa
177935,YDN,dieu-duong-da-khoa,B00,Điểm học bạ,2024,24.99,Điều dưỡng đa khoa
177936,YDN,dieu-duong-da-khoa,B08,Điểm học bạ,2024,24.99,Điều dưỡng đa khoa
177937,YDN,dieu-duong-da-khoa,D07,Điểm học bạ,2024,24.99,Điều dưỡng đa khoa
177938,YDN,dieu-duong-da-khoa,A00,Điểm thi THPT,2024,20.9,Điều dưỡng đa khoa
177939,YDN,dieu-duong-da-khoa,B00,Điểm thi THPT,2024,20.9,Điều dưỡng đa khoa
177940,YDN,dieu-duong-da-khoa,B08,Điểm thi THPT,2024,20.9,Điều dưỡng đa khoa
177941,YDN,dieu-duong-da-khoa,D07,Điểm thi THPT,2024,20.9,Điều dưỡng đa khoa
177942,YDN,dieu-duong-da-khoa,A00,Điểm học bạ,2025,20.5,Điều dưỡng đa khoa
177943,YDN,dieu-duong-da-khoa,B00,Điểm học bạ,2025,20.5,Điều dưỡng đa khoa
177944,YDN,dieu-duong-da-khoa,B08,Điểm học bạ,2025,20.5,Điều dưỡng đa khoa
177945,YDN,dieu-duong-da-khoa,D07,Điểm học bạ,2025,20.5,Điều dưỡng đa khoa
177946,YDN,dieu-duong-da-khoa,A00,Điểm thi THPT,2025,20.5,Điều dưỡng đa khoa
177947,YDN,dieu-duong-da-khoa,B00,Điểm thi THPT,2025,20.5,Điều dưỡng đa khoa
177948,YDN,dieu-duong-da-khoa,B08,Điểm thi THPT,2025,20.5,Điều dưỡng đa khoa
177949,YDN,dieu-duong-da-khoa,D07,Điểm thi THPT,2025,20.5,Điều dưỡng đa khoa
177950,YDN,dieu-duong-gay-me-hoi-suc,B00,Điểm thi THPT,2021,19.0,Điều dưỡng gây mê hồi sức
177951,YDN,dieu-duong-gay-me-hoi-suc,A00,Điểm học bạ,2023,24.89,Điều dưỡng gây mê hồi sức
177952,YDN,dieu-duong-gay-me-hoi-suc,B00,Điểm học bạ,2023,24.89,Điều dưỡng gây mê hồi sức
177953,YDN,dieu-duong-gay-me-hoi-suc,B08,Điểm học bạ,2023,24.89,Điều dưỡng gây mê hồi sức
177954,YDN,dieu-duong-gay-me-hoi-suc,D07,Điểm học bạ,2023,24.89,Điều dưỡng gây mê hồi sức
177955,YDN,dieu-duong-gay-me-hoi-suc,A00,Điểm thi THPT,2023,19.0,Điều dưỡng gây mê hồi sức
177956,YDN,dieu-duong-gay-me-hoi-suc,B00,Điểm thi THPT,2023,19.0,Điều dưỡng gây mê hồi sức
177957,YDN,dieu-duong-gay-me-hoi-suc,B08,Điểm thi THPT,2023,19.0,Điều dưỡng gây mê hồi sức
177958,YDN,dieu-duong-gay-me-hoi-suc,D07,Điểm thi THPT,2023,19.0,Điều dưỡng gây mê hồi sức
177959,YDN,dieu-duong-gay-me-hoi-suc,A00,Điểm học bạ,2024,24.38,Điều dưỡng gây mê hồi sức
177960,YDN,dieu-duong-gay-me-hoi-suc,B00,Điểm học bạ,2024,24.38,Điều dưỡng gây mê hồi sức
177961,YDN,dieu-duong-gay-me-hoi-suc,B08,Điểm học bạ,2024,24.38,Điều dưỡng gây mê hồi sức
177962,YDN,dieu-duong-gay-me-hoi-suc,D07,Điểm học bạ,2024,24.38,Điều dưỡng gây mê hồi sức
177963,YDN,dieu-duong-gay-me-hoi-suc,A00,Điểm thi THPT,2024,20.0,Điều dưỡng gây mê hồi sức
177964,YDN,dieu-duong-gay-me-hoi-suc,B00,Điểm thi THPT,2024,20.0,Điều dưỡng gây mê hồi sức
177965,YDN,dieu-duong-gay-me-hoi-suc,B08,Điểm thi THPT,2024,20.0,Điều dưỡng gây mê hồi sức
177966,YDN,dieu-duong-gay-me-hoi-suc,D07,Điểm thi THPT,2024,20.0,Điều dưỡng gây mê hồi sức
177967,YDN,dieu-duong-gay-me-hoi-suc,A00,Điểm học bạ,2025,20.7,Điều dưỡng gây mê hồi sức
177968,YDN,dieu-duong-gay-me-hoi-suc,B00,Điểm học bạ,2025,20.7,Điều dưỡng gây mê hồi sức
177969,YDN,dieu-duong-gay-me-hoi-suc,B08,Điểm học bạ,2025,20.7,Điều dưỡng gây mê hồi sức
177970,YDN,dieu-duong-gay-me-hoi-suc,D07,Điểm học bạ,2025,20.7,Điều dưỡng gây mê hồi sức
177971,YDN,dieu-duong-gay-me-hoi-suc,A00,Điểm thi THPT,2025,20.7,Điều dưỡng gây mê hồi sức
177972,YDN,dieu-duong-gay-me-hoi-suc,B00,Điểm thi THPT,2025,20.7,Điều dưỡng gây mê hồi sức
177973,YDN,dieu-duong-gay-me-hoi-suc,B08,Điểm thi THPT,2025,20.7,Điều dưỡng gây mê hồi sức
177974,YDN,dieu-duong-gay-me-hoi-suc,D07,Điểm thi THPT,2025,20.7,Điều dưỡng gây mê hồi sức
177975,YDN,dieu-duong-ho-sinh,A00,Điểm học bạ,2023,24.36,Điều dưỡng hộ sinh
177976,YDN,dieu-duong-ho-sinh,B00,Điểm học bạ,2023,24.36,Điều dưỡng hộ sinh
177977,YDN,dieu-duong-ho-sinh,B08,Điểm học bạ,2023,24.36,Điều dưỡng hộ sinh
177978,YDN,dieu-duong-ho-sinh,D07,Điểm học bạ,2023,24.36,Điều dưỡng hộ sinh
177979,YDN,dieu-duong-ho-sinh,A00,Điểm thi THPT,2023,19.0,Điều dưỡng hộ sinh
177980,YDN,dieu-duong-ho-sinh,B00,Điểm thi THPT,2023,19.0,Điều dưỡng hộ sinh
177981,YDN,dieu-duong-ho-sinh,B08,Điểm thi THPT,2023,19.0,Điều dưỡng hộ sinh
177982,YDN,dieu-duong-ho-sinh,D07,Điểm thi THPT,2023,19.0,Điều dưỡng hộ sinh
177983,YDN,dieu-duong-nha-khoa,B00,Điểm thi THPT,2021,19.0,Điều dưỡng nha khoa
177984,YDN,dieu-duong-nha-khoa,A00,Điểm học bạ,2023,24.84,Điều dưỡng nha khoa
177985,YDN,dieu-duong-nha-khoa,B00,Điểm học bạ,2023,24.84,Điều dưỡng nha khoa
177986,YDN,dieu-duong-nha-khoa,B08,Điểm học bạ,2023,24.84,Điều dưỡng nha khoa
177987,YDN,dieu-duong-nha-khoa,D07,Điểm học bạ,2023,24.84,Điều dưỡng nha khoa
177988,YDN,dieu-duong-nha-khoa,A00,Điểm thi THPT,2023,19.0,Điều dưỡng nha khoa
177989,YDN,dieu-duong-nha-khoa,B00,Điểm thi THPT,2023,19.0,Điều dưỡng nha khoa
177990,YDN,dieu-duong-nha-khoa,B08,Điểm thi THPT,2023,19.0,Điều dưỡng nha khoa
177991,YDN,dieu-duong-nha-khoa,D07,Điểm thi THPT,2023,19.0,Điều dưỡng nha khoa
177992,YDN,dieu-duong-nha-khoa,A00,Điểm học bạ,2024,24.92,Điều dưỡng nha khoa
177993,YDN,dieu-duong-nha-khoa,B00,Điểm học bạ,2024,24.92,Điều dưỡng nha khoa
177994,YDN,dieu-duong-nha-khoa,B08,Điểm học bạ,2024,24.92,Điều dưỡng nha khoa
177995,YDN,dieu-duong-nha-khoa,D07,Điểm học bạ,2024,24.92,Điều dưỡng nha khoa
177996,YDN,dieu-duong-nha-khoa,A00,Điểm thi THPT,2024,20.6,Điều dưỡng nha khoa
177997,YDN,dieu-duong-nha-khoa,B00,Điểm thi THPT,2024,20.6,Điều dưỡng nha khoa
177998,YDN,dieu-duong-nha-khoa,B08,Điểm thi THPT,2024,20.6,Điều dưỡng nha khoa
177999,YDN,dieu-duong-nha-khoa,D07,Điểm thi THPT,2024,20.6,Điều dưỡng nha khoa
178000,YDN,dieu-duong-nha-khoa,A00,Điểm học bạ,2025,20.5,Điều dưỡng nha khoa
178001,YDN,dieu-duong-nha-khoa,B00,Điểm học bạ,2025,20.5,Điều dưỡng nha khoa
178002,YDN,dieu-duong-nha-khoa,B08,Điểm học bạ,2025,20.5,Điều dưỡng nha khoa
178003,YDN,dieu-duong-nha-khoa,D07,Điểm học bạ,2025,20.5,Điều dưỡng nha khoa
178004,YDN,dieu-duong-nha-khoa,A00,Điểm thi THPT,2025,20.5,Điều dưỡng nha khoa
178005,YDN,dieu-duong-nha-khoa,B00,Điểm thi THPT,2025,20.5,Điều dưỡng nha khoa
178006,YDN,dieu-duong-nha-khoa,B08,Điểm thi THPT,2025,20.5,Điều dưỡng nha khoa
178007,YDN,dieu-duong-nha-khoa,D07,Điểm thi THPT,2025,20.5,Điều dưỡng nha khoa
178008,YDN,dieu-duong-phu-san,B00,Điểm thi THPT,2021,19.0,Điều dưỡng phụ sản
178009,YDN,duoc-hoc,B00,Điểm thi THPT,2021,25.0,Dược Học
178010,YDN,duoc-hoc,B00,Điểm thi THPT,2022,23.7,Dược học
178011,YDN,duoc-hoc,A00,Điểm thi THPT,2023,23.75,Dược học
178012,YDN,duoc-hoc,B00,Điểm thi THPT,2023,23.75,Dược học
178013,YDN,duoc-hoc,B08,Điểm thi THPT,2023,23.75,Dược học
178014,YDN,duoc-hoc,D07,Điểm thi THPT,2023,23.75,Dược học
178015,YDN,duoc-hoc,A00,Điểm thi THPT,2024,23.6,Dược học
178016,YDN,duoc-hoc,B00,Điểm thi THPT,2024,23.6,Dược học
178017,YDN,duoc-hoc,B08,Điểm thi THPT,2024,23.6,Dược học
178018,YDN,duoc-hoc,D07,Điểm thi THPT,2024,23.6,Dược học
178019,YDN,duoc-hoc,A00,Điểm thi THPT,2025,19.0,Dược học
178020,YDN,duoc-hoc,B00,Điểm thi THPT,2025,19.0,Dược học
178021,YDN,duoc-hoc,B08,Điểm thi THPT,2025,19.0,Dược học
178022,YDN,duoc-hoc,D07,Điểm thi THPT,2025,19.0,Dược học
178023,YDN,ky-thuat-hinh-anh-y-hoc,B00,Điểm thi THPT,2021,22.5,Kỹ thuật hình ảnh y học
178024,YDN,ky-thuat-hinh-anh-y-hoc,B00,Điểm thi THPT,2022,19.0,Kỹ thuật hình ảnh y học
178025,YDN,ky-thuat-hinh-anh-y-hoc,A00,Điểm học bạ,2023,24.3,Kỹ thuật hình ảnh y học
178026,YDN,ky-thuat-hinh-anh-y-hoc,B00,Điểm học bạ,2023,24.3,Kỹ thuật hình ảnh y học
178027,YDN,ky-thuat-hinh-anh-y-hoc,B08,Điểm học bạ,2023,24.3,Kỹ thuật hình ảnh y học
178028,YDN,ky-thuat-hinh-anh-y-hoc,D07,Điểm học bạ,2023,24.3,Kỹ thuật hình ảnh y học
178029,YDN,ky-thuat-hinh-anh-y-hoc,A00,Điểm thi THPT,2023,19.0,Kỹ thuật hình ảnh y học
178030,YDN,ky-thuat-hinh-anh-y-hoc,B00,Điểm thi THPT,2023,19.0,Kỹ thuật hình ảnh y học
178031,YDN,ky-thuat-hinh-anh-y-hoc,B08,Điểm thi THPT,2023,19.0,Kỹ thuật hình ảnh y học
178032,YDN,ky-thuat-hinh-anh-y-hoc,D07,Điểm thi THPT,2023,19.0,Kỹ thuật hình ảnh y học
178033,YDN,ky-thuat-hinh-anh-y-hoc,A00,Điểm học bạ,2024,24.36,Kỹ thuật hình ảnh y học
178034,YDN,ky-thuat-hinh-anh-y-hoc,B00,Điểm học bạ,2024,24.36,Kỹ thuật hình ảnh y học
178035,YDN,ky-thuat-hinh-anh-y-hoc,B08,Điểm học bạ,2024,24.36,Kỹ thuật hình ảnh y học
178036,YDN,ky-thuat-hinh-anh-y-hoc,D07,Điểm học bạ,2024,24.36,Kỹ thuật hình ảnh y học
178037,YDN,ky-thuat-hinh-anh-y-hoc,A00,Điểm thi THPT,2024,19.0,Kỹ thuật hình ảnh y học
178038,YDN,ky-thuat-hinh-anh-y-hoc,B00,Điểm thi THPT,2024,19.0,Kỹ thuật hình ảnh y học
178039,YDN,ky-thuat-hinh-anh-y-hoc,B08,Điểm thi THPT,2024,19.0,Kỹ thuật hình ảnh y học
178040,YDN,ky-thuat-hinh-anh-y-hoc,D07,Điểm thi THPT,2024,19.0,Kỹ thuật hình ảnh y học
178041,YDN,ky-thuat-hinh-anh-y-hoc,A00,Điểm học bạ,2025,20.2,Kỹ thuật hình ảnh y học
178042,YDN,ky-thuat-hinh-anh-y-hoc,B00,Điểm học bạ,2025,20.2,Kỹ thuật hình ảnh y học
178043,YDN,ky-thuat-hinh-anh-y-hoc,B08,Điểm học bạ,2025,20.2,Kỹ thuật hình ảnh y học
178044,YDN,ky-thuat-hinh-anh-y-hoc,D07,Điểm học bạ,2025,20.2,Kỹ thuật hình ảnh y học
178045,YDN,ky-thuat-hinh-anh-y-hoc,A00,Điểm thi THPT,2025,20.2,Kỹ thuật hình ảnh y học
178046,YDN,ky-thuat-hinh-anh-y-hoc,B00,Điểm thi THPT,2025,20.2,Kỹ thuật hình ảnh y học
178047,YDN,ky-thuat-hinh-anh-y-hoc,B08,Điểm thi THPT,2025,20.2,Kỹ thuật hình ảnh y học
178048,YDN,ky-thuat-hinh-anh-y-hoc,D07,Điểm thi THPT,2025,20.2,Kỹ thuật hình ảnh y học
178049,YDN,ky-thuat-phuc-hoi-chuc-nang,B00,Điểm thi THPT,2021,22.0,Kỹ thuật phục hồi chức năng
178050,YDN,ky-thuat-phuc-hoi-chuc-nang,B00,Điểm thi THPT,2022,19.05,Kỹ thuật phục hồi chức năng
178051,YDN,ky-thuat-phuc-hoi-chuc-nang,A00,Điểm học bạ,2023,23.28,Kỹ thuật phục hồi chức năng
178052,YDN,ky-thuat-phuc-hoi-chuc-nang,B00,Điểm học bạ,2023,23.28,Kỹ thuật phục hồi chức năng
178053,YDN,ky-thuat-phuc-hoi-chuc-nang,B08,Điểm học bạ,2023,23.28,Kỹ thuật phục hồi chức năng
178054,YDN,ky-thuat-phuc-hoi-chuc-nang,D07,Điểm học bạ,2023,23.28,Kỹ thuật phục hồi chức năng
178055,YDN,ky-thuat-phuc-hoi-chuc-nang,A00,Điểm thi THPT,2023,19.0,Kỹ thuật phục hồi chức năng
178056,YDN,ky-thuat-phuc-hoi-chuc-nang,B00,Điểm thi THPT,2023,19.0,Kỹ thuật phục hồi chức năng
178057,YDN,ky-thuat-phuc-hoi-chuc-nang,B08,Điểm thi THPT,2023,19.0,Kỹ thuật phục hồi chức năng
178058,YDN,ky-thuat-phuc-hoi-chuc-nang,D07,Điểm thi THPT,2023,19.0,Kỹ thuật phục hồi chức năng
178059,YDN,ky-thuat-phuc-hoi-chuc-nang,A00,Điểm học bạ,2024,24.87,Kỹ thuật phục hồi chức năng
178060,YDN,ky-thuat-phuc-hoi-chuc-nang,B00,Điểm học bạ,2024,24.87,Kỹ thuật phục hồi chức năng
178061,YDN,ky-thuat-phuc-hoi-chuc-nang,B08,Điểm học bạ,2024,24.87,Kỹ thuật phục hồi chức năng
178062,YDN,ky-thuat-phuc-hoi-chuc-nang,D07,Điểm học bạ,2024,24.87,Kỹ thuật phục hồi chức năng
178063,YDN,ky-thuat-phuc-hoi-chuc-nang,A00,Điểm thi THPT,2024,21.0,Kỹ thuật phục hồi chức năng
178064,YDN,ky-thuat-phuc-hoi-chuc-nang,B00,Điểm thi THPT,2024,21.0,Kỹ thuật phục hồi chức năng
178065,YDN,ky-thuat-phuc-hoi-chuc-nang,B08,Điểm thi THPT,2024,21.0,Kỹ thuật phục hồi chức năng
178066,YDN,ky-thuat-phuc-hoi-chuc-nang,D07,Điểm thi THPT,2024,21.0,Kỹ thuật phục hồi chức năng
178067,YDN,ky-thuat-phuc-hoi-chuc-nang,A00,Điểm học bạ,2025,21.1,Kỹ thuật phục hồi chức năng
178068,YDN,ky-thuat-phuc-hoi-chuc-nang,B00,Điểm học bạ,2025,21.1,Kỹ thuật phục hồi chức năng
178069,YDN,ky-thuat-phuc-hoi-chuc-nang,B08,Điểm học bạ,2025,21.1,Kỹ thuật phục hồi chức năng
178070,YDN,ky-thuat-phuc-hoi-chuc-nang,D07,Điểm học bạ,2025,21.1,Kỹ thuật phục hồi chức năng
178071,YDN,ky-thuat-phuc-hoi-chuc-nang,A00,Điểm thi THPT,2025,21.1,Kỹ thuật phục hồi chức năng
178072,YDN,ky-thuat-phuc-hoi-chuc-nang,B00,Điểm thi THPT,2025,21.1,Kỹ thuật phục hồi chức năng
178073,YDN,ky-thuat-phuc-hoi-chuc-nang,B08,Điểm thi THPT,2025,21.1,Kỹ thuật phục hồi chức năng
178074,YDN,ky-thuat-phuc-hoi-chuc-nang,D07,Điểm thi THPT,2025,21.1,Kỹ thuật phục hồi chức năng
178075,YDN,ky-thuat-xet-nghiem-y-hoc,B00,Điểm thi THPT,2021,24.3,Kỹ thuật xét nghiệm y học
178076,YDN,ky-thuat-xet-nghiem-y-hoc,B00,Điểm thi THPT,2022,19.2,Kỹ thuật xét nghiệm y học
178077,YDN,ky-thuat-xet-nghiem-y-hoc,A00,Điểm học bạ,2023,25.32,Kỹ thuật xét nghiệm y học
178078,YDN,ky-thuat-xet-nghiem-y-hoc,B00,Điểm học bạ,2023,25.32,Kỹ thuật xét nghiệm y học
178079,YDN,ky-thuat-xet-nghiem-y-hoc,B08,Điểm học bạ,2023,25.32,Kỹ thuật xét nghiệm y học
178080,YDN,ky-thuat-xet-nghiem-y-hoc,D07,Điểm học bạ,2023,25.32,Kỹ thuật xét nghiệm y học
178081,YDN,ky-thuat-xet-nghiem-y-hoc,A00,Điểm thi THPT,2023,19.0,Kỹ thuật xét nghiệm y học
178082,YDN,ky-thuat-xet-nghiem-y-hoc,B00,Điểm thi THPT,2023,19.0,Kỹ thuật xét nghiệm y học
178083,YDN,ky-thuat-xet-nghiem-y-hoc,B08,Điểm thi THPT,2023,19.0,Kỹ thuật xét nghiệm y học
178084,YDN,ky-thuat-xet-nghiem-y-hoc,D07,Điểm thi THPT,2023,19.0,Kỹ thuật xét nghiệm y học
178085,YDN,ky-thuat-xet-nghiem-y-hoc,A00,Điểm học bạ,2024,25.59,Kỹ thuật xét nghiệm y học
178086,YDN,ky-thuat-xet-nghiem-y-hoc,B00,Điểm học bạ,2024,25.59,Kỹ thuật xét nghiệm y học
178087,YDN,ky-thuat-xet-nghiem-y-hoc,B08,Điểm học bạ,2024,25.59,Kỹ thuật xét nghiệm y học
178088,YDN,ky-thuat-xet-nghiem-y-hoc,D07,Điểm học bạ,2024,25.59,Kỹ thuật xét nghiệm y học
178089,YDN,ky-thuat-xet-nghiem-y-hoc,A00,Điểm thi THPT,2024,20.6,Kỹ thuật xét nghiệm y học
178090,YDN,ky-thuat-xet-nghiem-y-hoc,B00,Điểm thi THPT,2024,20.6,Kỹ thuật xét nghiệm y học
178091,YDN,ky-thuat-xet-nghiem-y-hoc,B08,Điểm thi THPT,2024,20.6,Kỹ thuật xét nghiệm y học
178092,YDN,ky-thuat-xet-nghiem-y-hoc,D07,Điểm thi THPT,2024,20.6,Kỹ thuật xét nghiệm y học
178093,YDN,ky-thuat-xet-nghiem-y-hoc,A00,Điểm học bạ,2025,20.85,Kỹ thuật xét nghiệm y học
178094,YDN,ky-thuat-xet-nghiem-y-hoc,B00,Điểm học bạ,2025,20.85,Kỹ thuật xét nghiệm y học
178095,YDN,ky-thuat-xet-nghiem-y-hoc,B08,Điểm học bạ,2025,20.85,Kỹ thuật xét nghiệm y học
178096,YDN,ky-thuat-xet-nghiem-y-hoc,D07,Điểm học bạ,2025,20.85,Kỹ thuật xét nghiệm y học
178097,YDN,ky-thuat-xet-nghiem-y-hoc,A00,Điểm thi THPT,2025,20.85,Kỹ thuật xét nghiệm y học
178098,YDN,ky-thuat-xet-nghiem-y-hoc,B00,Điểm thi THPT,2025,20.85,Kỹ thuật xét nghiệm y học
178099,YDN,ky-thuat-xet-nghiem-y-hoc,B08,Điểm thi THPT,2025,20.85,Kỹ thuật xét nghiệm y học
178100,YDN,ky-thuat-xet-nghiem-y-hoc,D07,Điểm thi THPT,2025,20.85,Kỹ thuật xét nghiệm y học
178101,YDN,y-khoa,B00,Điểm thi THPT,2021,26.6,Y khoa
178102,YDN,y-khoa,B00,Điểm thi THPT,2022,25.55,Y khoa
178103,YDN,y-khoa,A00,Điểm thi THPT,2023,25.0,Y khoa
178104,YDN,y-khoa,B00,Điểm thi THPT,2023,25.0,Y khoa
178105,YDN,y-khoa,B08,Điểm thi THPT,2023,25.0,Y khoa
178106,YDN,y-khoa,D07,Điểm thi THPT,2023,25.0,Y khoa
178107,YDN,y-khoa,A00,Điểm thi THPT,2024,25.47,Y khoa
178108,YDN,y-khoa,B00,Điểm thi THPT,2024,25.47,Y khoa
178109,YDN,y-khoa,B08,Điểm thi THPT,2024,25.47,Y khoa
178110,YDN,y-khoa,D07,Điểm thi THPT,2024,25.47,Y khoa
178111,YDN,y-khoa,A00,Điểm thi THPT,2025,22.85,Y khoa
178112,YDN,y-khoa,B00,Điểm thi THPT,2025,22.85,Y khoa
178113,YDN,y-khoa,B08,Điểm thi THPT,2025,22.85,Y khoa
178114,YDN,y-khoa,D07,Điểm thi THPT,2025,22.85,Y khoa
178115,YDN,y-te-cong-cong,B00,Điểm thi THPT,2021,15.0,Y tế công cộng
178116,YDN,y-te-cong-cong,A00,Điểm học bạ,2023,18.7,Y tế công cộng
178117,YDN,y-te-cong-cong,B00,Điểm học bạ,2023,18.7,Y tế công cộng
178118,YDN,y-te-cong-cong,B08,Điểm học bạ,2023,18.7,Y tế công cộng
178119,YDN,y-te-cong-cong,D07,Điểm học bạ,2023,18.7,Y tế công cộng
178120,YDN,y-te-cong-cong,A00,Điểm thi THPT,2023,15.0,Y tế công cộng
178121,YDN,y-te-cong-cong,B00,Điểm thi THPT,2023,15.0,Y tế công cộng
178122,YDN,y-te-cong-cong,B08,Điểm thi THPT,2023,15.0,Y tế công cộng
178123,YDN,y-te-cong-cong,D07,Điểm thi THPT,2023,15.0,Y tế công cộng
178124,YDN,y-te-cong-cong,A00,Điểm học bạ,2025,15.0,Y tế công cộng
178125,YDN,y-te-cong-cong,B00,Điểm học bạ,2025,15.0,Y tế công cộng
178126,YDN,y-te-cong-cong,B08,Điểm học bạ,2025,15.0,Y tế công cộng
178127,YDN,y-te-cong-cong,D07,Điểm học bạ,2025,15.0,Y tế công cộng
178128,YDN,y-te-cong-cong,A00,Điểm thi THPT,2025,15.0,Y tế công cộng
178129,YDN,y-te-cong-cong,B00,Điểm thi THPT,2025,15.0,Y tế công cộng
178130,YDN,y-te-cong-cong,B08,Điểm thi THPT,2025,15.0,Y tế công cộng
178131,YDN,y-te-cong-cong,D07,Điểm thi THPT,2025,15.0,Y tế công cộng
178132,YDS,cong-tac-xa-hoi,A00,Điểm thi THPT,2025,17.25,Công tác xã hội
178133,YDS,cong-tac-xa-hoi,B00,Điểm thi THPT,2025,17.25,Công tác xã hội
178134,YDS,cong-tac-xa-hoi,B03,Điểm thi THPT,2025,17.25,Công tác xã hội
178135,YDS,cong-tac-xa-hoi,B08,Điểm thi THPT,2025,17.25,Công tác xã hội
178136,YDS,dieu-duong,B00,Điểm thi THPT,2021,24.1,Điều dưỡng
178137,YDS,dieu-duong,B00,Điểm thi THPT,2022,20.3,Điều dưỡng
178138,YDS,dieu-duong,A00,Điểm thi THPT,2023,23.15,Điều dưỡng
178139,YDS,dieu-duong,B00,Điểm thi THPT,2023,23.15,Điều dưỡng
178140,YDS,dieu-duong,A00,Điểm thi THPT,2024,24.03,Điều dưỡng
178141,YDS,dieu-duong,B00,Điểm thi THPT,2024,24.03,Điều dưỡng
178142,YDS,dieu-duong,A00,Điểm thi THPT,2025,20.15,Điều dưỡng
178143,YDS,dieu-duong,B00,Điểm thi THPT,2025,20.15,Điều dưỡng
178144,YDS,dinh-duong,B00,Điểm thi THPT,2021,24.0,Dinh dưỡng
178145,YDS,dinh-duong,B00,Điểm thi THPT,2022,20.35,Dinh dưỡng
178146,YDS,dinh-duong,A00,Điểm thi THPT,2023,23.4,Dinh dưỡng
178147,YDS,dinh-duong,B00,Điểm thi THPT,2023,23.4,Dinh dưỡng
178148,YDS,dinh-duong,A00,Điểm thi THPT,2024,24.1,Dinh dưỡng
178149,YDS,dinh-duong,B00,Điểm thi THPT,2024,24.1,Dinh dưỡng
178150,YDS,dinh-duong,A00,Điểm thi THPT,2025,19.25,Dinh dưỡng
178151,YDS,dinh-duong,B00,Điểm thi THPT,2025,19.25,Dinh dưỡng
178152,YDS,duoc-hoc,A00,Điểm thi THPT,2021,26.25,Dược học
178153,YDS,duoc-hoc,B00,Điểm thi THPT,2021,26.25,Dược học
178154,YDS,duoc-hoc,A00,Điểm thi THPT,2022,25.5,Dược học
178155,YDS,duoc-hoc,B00,Điểm thi THPT,2022,25.5,Dược học
178156,YDS,duoc-hoc,A00,Điểm thi THPT,2023,25.5,Dược học
178157,YDS,duoc-hoc,B00,Điểm thi THPT,2023,25.5,Dược học
178158,YDS,duoc-hoc,A00,Điểm thi THPT,2024,25.72,Dược học
178159,YDS,duoc-hoc,B00,Điểm thi THPT,2024,25.72,Dược học
178160,YDS,duoc-hoc,A00,Điểm thi THPT,2025,22.85,Dược học
178161,YDS,duoc-hoc,B00,Điểm thi THPT,2025,22.85,Dược học
178162,YDS,gay-me-hoi-suc,B00,Điểm thi THPT,2021,24.15,Điều dưỡng chuyên ngành Gây mê hồi sức
178163,YDS,gay-me-hoi-suc,B00,Điểm thi THPT,2022,23.25,Điều dưỡng chuyên ngành Gây mê hồi sức
178164,YDS,gay-me-hoi-suc,A00,Điểm thi THPT,2023,23.88,Điều dưỡng chuyên ngành Gây mê hồi sức
178165,YDS,gay-me-hoi-suc,B00,Điểm thi THPT,2023,23.88,Điều dưỡng chuyên ngành Gây mê hồi sức
178166,YDS,gay-me-hoi-suc,A00,Điểm thi THPT,2024,24.5,Điều dưỡng chuyên ngành Gây mê hồi sức
178167,YDS,gay-me-hoi-suc,B00,Điểm thi THPT,2024,24.5,Điều dưỡng chuyên ngành Gây mê hồi sức
178168,YDS,gay-me-hoi-suc,A00,Điểm thi THPT,2025,21.1,Điều dưỡng chuyên ngành Gây mê hồi sức
178169,YDS,gay-me-hoi-suc,B00,Điểm thi THPT,2025,21.1,Điều dưỡng chuyên ngành Gây mê hồi sức
178170,YDS,ho-sinh,B00,Điểm thi THPT,2021,23.25,Hộ sinh (chỉ tuyển nữ)
178171,YDS,ho-sinh,B00,Điểm thi THPT,2022,19.05,Hộ sinh (chỉ tuyển nữ)
178172,YDS,ho-sinh,A00,Điểm thi THPT,2023,21.35,Hộ sinh
178173,YDS,ho-sinh,B00,Điểm thi THPT,2023,21.35,Hộ sinh
178174,YDS,ho-sinh,A00,Điểm thi THPT,2024,22.8,Hộ sinh
178175,YDS,ho-sinh,B00,Điểm thi THPT,2024,22.8,Hộ sinh
178176,YDS,ho-sinh,A00,Điểm thi THPT,2025,18.0,Hộ sinh
178177,YDS,ho-sinh,B00,Điểm thi THPT,2025,18.0,Hộ sinh
178178,YDS,hoa-duoc,A00,Điểm thi THPT,2024,25.23,Hóa dược
178179,YDS,hoa-duoc,B00,Điểm thi THPT,2024,25.23,Hóa dược
178180,YDS,hoa-duoc,A00,Điểm thi THPT,2025,23.65,Hóa dược
178181,YDS,hoa-duoc,B00,Điểm thi THPT,2025,23.65,Hóa dược
178182,YDS,ky-thuat-hinh-anh-y-hoc,B00,Điểm thi THPT,2021,24.8,Kỹ thuật hình ảnh y học
178183,YDS,ky-thuat-hinh-anh-y-hoc,B00,Điểm thi THPT,2022,23.0,Kỹ thuật hình ảnh y học
178184,YDS,ky-thuat-hinh-anh-y-hoc,A00,Điểm thi THPT,2023,23.85,Kỹ thuật hình ảnh y học
178185,YDS,ky-thuat-hinh-anh-y-hoc,B00,Điểm thi THPT,2023,23.85,Kỹ thuật hình ảnh y học
178186,YDS,ky-thuat-hinh-anh-y-hoc,A00,Điểm thi THPT,2024,24.35,Kỹ thuật hình ảnh y học
178187,YDS,ky-thuat-hinh-anh-y-hoc,B00,Điểm thi THPT,2024,24.35,Kỹ thuật hình ảnh y học
178188,YDS,ky-thuat-hinh-anh-y-hoc,A00,Điểm thi THPT,2025,21.0,Kỹ thuật hình ảnh y học
178189,YDS,ky-thuat-hinh-anh-y-hoc,B00,Điểm thi THPT,2025,21.0,Kỹ thuật hình ảnh y học
178190,YDS,ky-thuat-phuc-hinh-rang,B00,Điểm thi THPT,2021,25.0,Kỹ thuật phục hình răng
178191,YDS,ky-thuat-phuc-hinh-rang,B00,Điểm thi THPT,2022,24.3,Kỹ thuật phục hình răng
178192,YDS,ky-thuat-phuc-hinh-rang,A00,Điểm thi THPT,2023,24.54,Kỹ thuật phục hình răng
178193,YDS,ky-thuat-phuc-hinh-rang,B00,Điểm thi THPT,2023,24.54,Kỹ thuật phục hình răng
178194,YDS,ky-thuat-phuc-hinh-rang,A00,Điểm thi THPT,2024,24.8,Kỹ thuật phục hình răng
178195,YDS,ky-thuat-phuc-hinh-rang,B00,Điểm thi THPT,2024,24.8,Kỹ thuật phục hình răng
178196,YDS,ky-thuat-phuc-hinh-rang,A00,Điểm thi THPT,2025,21.5,Kỹ thuật phục hình răng
178197,YDS,ky-thuat-phuc-hinh-rang,B00,Điểm thi THPT,2025,21.5,Kỹ thuật phục hình răng
178198,YDS,ky-thuat-phuc-hoi-chuc-nang,B00,Điểm thi THPT,2021,24.1,Kỹ thuật phục hồi chức năng
178199,YDS,ky-thuat-phuc-hoi-chuc-nang,B00,Điểm thi THPT,2022,20.6,Kỹ thuật phục hồi chức năng
178200,YDS,ky-thuat-phuc-hoi-chuc-nang,A00,Điểm thi THPT,2023,23.35,Kỹ thuật phục hồi chức năng
178201,YDS,ky-thuat-phuc-hoi-chuc-nang,B00,Điểm thi THPT,2023,23.35,Kỹ thuật phục hồi chức năng
178202,YDS,ky-thuat-phuc-hoi-chuc-nang,A00,Điểm thi THPT,2024,24.04,Kỹ thuật phục hồi chức năng
178203,YDS,ky-thuat-phuc-hoi-chuc-nang,B00,Điểm thi THPT,2024,24.04,Kỹ thuật phục hồi chức năng
178204,YDS,ky-thuat-phuc-hoi-chuc-nang,A00,Điểm thi THPT,2025,21.0,Kỹ thuật phục hồi chức năng
178205,YDS,ky-thuat-phuc-hoi-chuc-nang,B00,Điểm thi THPT,2025,21.0,Kỹ thuật phục hồi chức năng
178206,YDS,ky-thuat-xet-nghiem-y-hoc,B00,Điểm thi THPT,2021,25.45,Kỹ thuật xét nghiệm y học
178207,YDS,ky-thuat-xet-nghiem-y-hoc,B00,Điểm thi THPT,2022,24.5,Kỹ thuật xét nghiệm y học
178208,YDS,ky-thuat-xet-nghiem-y-hoc,A00,Điểm thi THPT,2023,24.59,Kỹ thuật xét nghiệm y học
178209,YDS,ky-thuat-xet-nghiem-y-hoc,B00,Điểm thi THPT,2023,24.59,Kỹ thuật xét nghiệm y học
178210,YDS,ky-thuat-xet-nghiem-y-hoc,A00,Điểm thi THPT,2024,25.02,Kỹ thuật xét nghiệm y học
178211,YDS,ky-thuat-xet-nghiem-y-hoc,B00,Điểm thi THPT,2024,25.02,Kỹ thuật xét nghiệm y học
178212,YDS,ky-thuat-xet-nghiem-y-hoc,A00,Điểm thi THPT,2025,22.05,Kỹ thuật xét nghiệm y học
178213,YDS,ky-thuat-xet-nghiem-y-hoc,B00,Điểm thi THPT,2025,22.05,Kỹ thuật xét nghiệm y học
178214,YDS,rang-ham-mat,B00,Điểm thi THPT,2021,27.65,Răng - Hàm - Mặt
178215,YDS,rang-ham-mat,B00,Điểm thi THPT,2022,27.0,Răng - Hàm - Mặt
178216,YDS,rang-ham-mat,B00,Điểm thi THPT,2023,26.96,Răng - Hàm - Mặt
178217,YDS,rang-ham-mat,B00,Điểm thi THPT,2024,27.35,Răng - Hàm - Mặt
178218,YDS,rang-ham-mat,B00,Điểm thi THPT,2025,26.45,Răng - Hàm - Mặt
178219,YDS,y-hoc-co-truyen,B00,Điểm thi THPT,2021,25.2,Y học cổ truyền
178220,YDS,y-hoc-co-truyen,B00,Điểm thi THPT,2022,24.2,Y học cổ truyền
178221,YDS,y-hoc-co-truyen,B00,Điểm thi THPT,2023,24.54,Y học cổ truyền
178222,YDS,y-hoc-co-truyen,B00,Điểm thi THPT,2024,24.8,Y học cố truyền
178223,YDS,y-hoc-co-truyen,B00,Điểm thi THPT,2025,21.5,Y học cổ truyền
178224,YDS,y-hoc-du-phong,B00,Điểm thi THPT,2021,23.9,Y học dự phòng
178225,YDS,y-hoc-du-phong,B00,Điểm thi THPT,2022,21.0,Y học dự phòng
178226,YDS,y-hoc-du-phong,A00,Điểm thi THPT,2023,22.65,Y học dự phòng
178227,YDS,y-hoc-du-phong,B00,Điểm thi THPT,2023,22.65,Y học dự phòng
178228,YDS,y-hoc-du-phong,A00,Điểm thi THPT,2024,23.25,Y học dự phòng
178229,YDS,y-hoc-du-phong,B00,Điểm thi THPT,2024,23.25,Y học dự phòng
178230,YDS,y-hoc-du-phong,A00,Điểm thi THPT,2025,19.0,Y học dự phòng
178231,YDS,y-hoc-du-phong,B00,Điểm thi THPT,2025,19.0,Y học dự phòng
178232,YDS,y-khoa,B00,Điểm thi THPT,2021,28.2,Y khoa
178233,YDS,y-khoa,B00,Điểm thi THPT,2022,27.55,Y khoa
178234,YDS,y-khoa,B00,Điểm thi THPT,2023,27.34,Y khoa
178235,YDS,y-khoa,B00,Điểm thi THPT,2024,27.8,Y khoa
178236,YDS,y-khoa,B00,Điểm thi THPT,2025,27.34,Y khoa
178237,YDS,y-te-cong-cong,B00,Điểm thi THPT,2021,22.0,Y tế công cộng
178238,YDS,y-te-cong-cong,B00,Điểm thi THPT,2022,19.1,Y tế công cộng
178239,YDS,y-te-cong-cong,A00,Điểm thi THPT,2023,19.0,Y tế công cộng
178240,YDS,y-te-cong-cong,B00,Điểm thi THPT,2023,19.0,Y tế công cộng
178241,YDS,y-te-cong-cong,A00,Điểm thi THPT,2024,21.45,Y tế công cộng
178242,YDS,y-te-cong-cong,B00,Điểm thi THPT,2024,21.45,Y tế công cộng
178243,YDS,y-te-cong-cong,A00,Điểm thi THPT,2025,17.0,Y tế công cộng
178244,YDS,y-te-cong-cong,B00,Điểm thi THPT,2025,17.0,Y tế công cộng
178245,YHB,cong-tac-xa-hoi,A00,Điểm thi THPT,2025,17.0,Công tác xã hội
178246,YHB,cong-tac-xa-hoi,B00,Điểm thi THPT,2025,17.0,Công tác xã hội
178247,YHB,cong-tac-xa-hoi,B08,Điểm thi THPT,2025,17.0,Công tác xã hội
178248,YHB,dieu-duong,B00,Điểm thi THPT,2021,25.6,Điều Dưỡng
178249,YHB,dieu-duong,B00,Điểm thi THPT,2022,24.7,Điều dưỡng
178250,YHB,dieu-duong,B00,Điểm thi THPT,2023,24.0,Điều dưỡng chương trình tiên tiến
178251,YHB,dieu-duong,B00,Điểm thi THPT,2024,24.59,Điều dưỡng chương trình tiên tiến
178252,YHB,dieu-duong,A00,Điểm thi THPT,2025,22.25,Điều dưỡng
178253,YHB,dieu-duong,B00,Điểm thi THPT,2025,22.25,Điều dưỡng
178254,YHB,dieu-duong-phan-hieu-thanh-hoa,B00,Điểm thi THPT,2021,23.2,Điều Dưỡng phân hiệu Thanh Hóa
178255,YHB,dieu-duong-phan-hieu-thanh-hoa,B00,Điểm thi THPT,2022,19.0,Điều dưỡng Phân hiệu Thanh Hóa
178256,YHB,dieu-duong-phan-hieu-thanh-hoa,B00,Điểm thi THPT,2023,19.0,Điều dưỡng Phân hiệu Thanh Hóa
178257,YHB,dieu-duong-phan-hieu-thanh-hoa,B00,Điểm thi THPT,2024,20.25,Điều dưỡng Phân hiệu Thanh Hóa
178258,YHB,dieu-duong-phan-hieu-thanh-hoa,A00,Điểm thi THPT,2025,17.0,Điều dưỡng Phân hiệu Thanh Hóa
178259,YHB,dieu-duong-phan-hieu-thanh-hoa,B00,Điểm thi THPT,2025,17.0,Điều dưỡng Phân hiệu Thanh Hóa
178260,YHB,dinh-duong,B00,Điểm thi THPT,2021,24.65,Dinh dưỡng
178261,YHB,dinh-duong,B00,Điểm thi THPT,2022,23.25,Dinh dưỡng
178262,YHB,dinh-duong,B00,Điểm thi THPT,2023,23.19,Dinh dưỡng
178263,YHB,dinh-duong,B00,Điểm thi THPT,2024,23.33,Dinh dưỡng
178264,YHB,dinh-duong,A00,Điểm thi THPT,2025,18.75,Dinh dưỡng
178265,YHB,dinh-duong,B00,Điểm thi THPT,2025,18.75,Dinh dưỡng
178266,YHB,ho-sinh,B00,Điểm thi THPT,2024,22.95,Hộ sinh
178267,YHB,ho-sinh,A00,Điểm thi THPT,2025,20.35,Hộ sinh
178268,YHB,ho-sinh,B00,Điểm thi THPT,2025,20.35,Hộ sinh
178269,YHB,khuc-xa-nhan-khoa,B00,Điểm thi THPT,2021,26.2,Khúc xạ nhãn khoa
178270,YHB,khuc-xa-nhan-khoa,B00,Điểm thi THPT,2022,25.8,Khúc xạ nhãn khoa
178271,YHB,khuc-xa-nhan-khoa,B00,Điểm thi THPT,2023,25.4,Khúc xạ nhãn khoa
178272,YHB,khuc-xa-nhan-khoa,B00,Điểm thi THPT,2024,25.38,Khúc xạ nhãn khoa
178273,YHB,khuc-xa-nhan-khoa,A00,Điểm thi THPT,2025,23.23,Khúc xạ nhãn khoa
178274,YHB,khuc-xa-nhan-khoa,B00,Điểm thi THPT,2025,23.23,Khúc xạ nhãn khoa
178275,YHB,ky-thuat-hinh-anh-y-hoc,A00,Điểm thi THPT,2025,23.57,Kỹ thuật hình ảnh y học
178276,YHB,ky-thuat-hinh-anh-y-hoc,B00,Điểm thi THPT,2025,23.57,Kỹ thuật hình ảnh y học
178277,YHB,ky-thuat-phuc-hinh-rang,A00,Điểm thi THPT,2025,21.85,Kỹ thuật phục hình răng
178278,YHB,ky-thuat-phuc-hinh-rang,B00,Điểm thi THPT,2025,21.85,Kỹ thuật phục hình răng
178279,YHB,ky-thuat-phuc-hoi-chuc-nang,B00,Điểm thi THPT,2023,22.7,Kỹ thuật phục hồi chức năng
178280,YHB,ky-thuat-phuc-hoi-chuc-nang,B00,Điểm thi THPT,2024,24.07,Kỹ thuật phục hồi chức năng
178281,YHB,ky-thuat-phuc-hoi-chuc-nang,A00,Điểm thi THPT,2025,22.5,Kỹ thuật phục hồi chức năng
178282,YHB,ky-thuat-phuc-hoi-chuc-nang,B00,Điểm thi THPT,2025,22.5,Kỹ thuật phục hồi chức năng
178283,YHB,ky-thuat-phuc-hoi-chuc-nang-phan-hieu-thanh-hoa,B00,Điểm thi THPT,2024,19.0,Kỹ thuật Phục hồi chức năng Phân hiệu Thanh Hóa
178284,YHB,ky-thuat-phuc-hoi-chuc-nang-phan-hieu-thanh-hoa,A00,Điểm thi THPT,2025,17.3,Kỹ thuật phục hồi chức năng Phân hiệu Thanh Hóa
178285,YHB,ky-thuat-phuc-hoi-chuc-nang-phan-hieu-thanh-hoa,B00,Điểm thi THPT,2025,17.3,Kỹ thuật phục hồi chức năng Phân hiệu Thanh Hóa
178286,YHB,ky-thuat-phuc-hoi-hinh-rang,B00,Điểm thi THPT,2024,24.15,Kỹ thuật phục hồi hình răng
178287,YHB,ky-thuat-xet-nghiem-y-hoc,B00,Điểm thi THPT,2021,26.2,Kỹ thuật xét nghiệm y học
178288,YHB,ky-thuat-xet-nghiem-y-hoc,B00,Điểm thi THPT,2022,25.55,Kỹ thuật xét nghiệm Y học
178289,YHB,ky-thuat-xet-nghiem-y-hoc,B00,Điểm thi THPT,2023,24.85,Kỹ thuật xét nghiệm Y học
178290,YHB,ky-thuat-xet-nghiem-y-hoc,B00,Điểm thi THPT,2024,25.35,Kỹ thuật xét nghiệm Y học
178291,YHB,ky-thuat-xet-nghiem-y-hoc,A00,Điểm thi THPT,2025,23.72,Kỹ thuật xét nghiệm y học
178292,YHB,ky-thuat-xet-nghiem-y-hoc,B00,Điểm thi THPT,2025,23.72,Kỹ thuật xét nghiệm y học
178293,YHB,ky-thuat-xet-nghiem-y-hoc-phan-hieu-thanh-hoa,B00,Điểm thi THPT,2024,19.0,Kỹ thuật Xét nghiệm y học Phân hiệu Thanh Hóa
178294,YHB,ky-thuat-xet-nghiem-y-hoc-phan-hieu-thanh-hoa,A00,Điểm thi THPT,2025,18.35,Kỹ thuật xét nghiệm y học Phân hiệu Thanh Hóa
178295,YHB,ky-thuat-xet-nghiem-y-hoc-phan-hieu-thanh-hoa,B00,Điểm thi THPT,2025,18.35,Kỹ thuật xét nghiệm y học Phân hiệu Thanh Hóa
178296,YHB,rang-ham-mat,B00,Điểm thi THPT,2021,28.45,Răng Hàm Mặt
178297,YHB,rang-ham-mat,B00,Điểm thi THPT,2022,27.7,Răng Hàm Mặt
178298,YHB,rang-ham-mat,B00,Điểm thi THPT,2023,27.5,Răng hàm mặt
178299,YHB,rang-ham-mat,B00,Điểm thi THPT,2024,27.67,Răng hàm mặt
178300,YHB,rang-ham-mat,B00,Điểm thi THPT,2025,27.34,Răng - Hàm - Mặt
178301,YHB,rang-ham-mat-ket-hop-chung-chi-ngoai-ngu-quoc-te,B00,Điểm thi THPT,2023,25.5,Răng Hàm mặt kết hợp chứng chỉ ngoại ngữ quốc tế
178302,YHB,tam-ly-hoc,B00,Điểm thi THPT,2024,25.46,Tâm lý học
178303,YHB,tam-ly-hoc,C00,Điểm thi THPT,2024,28.83,Tâm lý học
178304,YHB,tam-ly-hoc,D01,Điểm thi THPT,2024,26.86,Tâm lý học
178305,YHB,tam-ly-hoc,B00,Điểm thi THPT,2025,23.7,Tâm lý học
178306,YHB,tam-ly-hoc,C00,Điểm thi THPT,2025,28.7,Tâm lý học
178307,YHB,tam-ly-hoc,D01,Điểm thi THPT,2025,26.7,Tâm lý học
178308,YHB,y-hoc-co-truyen,B00,Điểm thi THPT,2021,26.2,Y học cổ truyền
178309,YHB,y-hoc-co-truyen,B00,Điểm thi THPT,2022,25.25,Y học cổ truyền
178310,YHB,y-hoc-co-truyen,B00,Điểm thi THPT,2023,24.77,Y học cổ truyền
178311,YHB,y-hoc-co-truyen,B00,Điểm thi THPT,2024,25.29,Y học cổ truyền
178312,YHB,y-hoc-co-truyen,B00,Điểm thi THPT,2025,23.5,Y học cổ truyền
178313,YHB,y-hoc-du-phong,B00,Điểm thi THPT,2021,24.85,Y học dự phòng
178314,YHB,y-hoc-du-phong,B00,Điểm thi THPT,2022,23.15,Y học dự phòng
178315,YHB,y-hoc-du-phong,B00,Điểm thi THPT,2023,22.3,Y học dự phòng
178316,YHB,y-hoc-du-phong,B00,Điểm thi THPT,2024,22.94,Y học dự phòng
178317,YHB,y-hoc-du-phong,B00,Điểm thi THPT,2025,17.0,Y học dự phòng
178318,YHB,y-khoa,B00,Điểm thi THPT,2021,27.75,Y khoa
178319,YHB,y-khoa,B00,Điểm thi THPT,2022,28.15,Y khoa
178320,YHB,y-khoa,B00,Điểm thi THPT,2023,27.73,Y khoa
178321,YHB,y-khoa,B00,Điểm thi THPT,2024,28.27,Y khoa
178322,YHB,y-khoa,B00,Điểm thi THPT,2025,28.13,Y khoa
178323,YHB,y-khoa-ket-hop-chung-chi-ngoai-ngu-quoc-te,B00,Điểm thi THPT,2021,27.5,Y khoa kết hợp chứng chỉ ngoại ngữ quốc tế
178324,YHB,y-khoa-ket-hop-chung-chi-ngoai-ngu-quoc-te,B00,Điểm thi THPT,2022,26.25,Y khoa kết hợp chứng chỉ ngoại ngữ quốc tế
178325,YHB,y-khoa-ket-hop-chung-chi-ngoai-ngu-quoc-te,B00,Điểm thi THPT,2023,26.0,Y khoa kết hợp chứng chỉ ngoại ngữ quốc tế
178326,YHB,y-khoa-phan-hieu-thanh-hoa,B00,Điểm thi THPT,2022,26.8,Y khoa Phân hiệu Thanh Hóa
178327,YHB,y-khoa-phan-hieu-thanh-hoa,B00,Điểm thi THPT,2023,26.39,Y khoa Phân hiệu Thanh Hóa
178328,YHB,y-khoa-phan-hieu-thanh-hoa,B00,Điểm thi THPT,2024,26.67,Y khoa Phân hiệu Thanh Hóa
178329,YHB,y-khoa-phan-hieu-thanh-hoa,B00,Điểm thi THPT,2025,25.8,Y khoa Phân hiệu Thanh Hóa
178330,YHB,y-khoa-phan-hieu-thanh-hoa-ket-hop-chung-chi-ngoai-ngu-quoc-te,B00,Điểm thi THPT,2022,24.1,Y khoa Phân hiệu Thanh Hóa kết hợp chứng chỉ ngoại ngữ quốc tế
178331,YHB,y-khoa-phan-hieu-thanh-hoa-ket-hop-chung-chi-ngoai-ngu-quoc-te,B00,Điểm thi THPT,2023,24.25,Y khoa Phân hiệu Thanh hóa kết hợp chứng chỉ ngoại ngữ quốc tế
178332,YHB,y-te-cong-cong,B00,Điểm thi THPT,2021,23.8,Y tế công cộng
178333,YHB,y-te-cong-cong,B00,Điểm thi THPT,2022,21.5,Y tế công cộng
178334,YHB,y-te-cong-cong,B00,Điểm thi THPT,2023,20.7,Y tế công cộng
178335,YHB,y-te-cong-cong,B00,Điểm thi THPT,2024,22.85,Y tế công cộng
178336,YHB,y-te-cong-cong,B08,Điểm thi THPT,2024,22.35,Y tế công cộng
178337,YHB,y-te-cong-cong,D01,Điểm thi THPT,2024,24.3,Y tế công cộng
178338,YHB,y-te-cong-cong,B00,Điểm thi THPT,2025,18.2,Y tế công cộng
178339,YHB,y-te-cong-cong,B08,Điểm thi THPT,2025,18.2,Y tế công cộng
178340,YHB,y-te-cong-cong,D01,Điểm thi THPT,2025,21.2,Y tế công cộng
178341,YKV,dieu-duong,B00,Điểm thi THPT,2021,19.0,Điều dưỡng
178342,YKV,dieu-duong,B00,Điểm thi THPT,2022,19.0,Điều dưỡng
178343,YKV,dieu-duong,B00,Điểm học bạ,2023,20.6,Điều dưỡng
178344,YKV,dieu-duong,B00,Điểm thi THPT,2023,19.0,Điều dưỡng
178345,YKV,dieu-duong,B00,Điểm học bạ,2024,20.6,Điều dưỡng
178346,YKV,dieu-duong,B00,Điểm thi THPT,2024,19.0,Điều dưỡng
178347,YKV,dieu-duong,A00,Điểm học bạ,2025,23.8,Điều dưỡng
178348,YKV,dieu-duong,B00,Điểm học bạ,2025,23.8,Điều dưỡng
178349,YKV,dieu-duong,D07,Điểm học bạ,2025,23.8,Điều dưỡng
178350,YKV,dieu-duong,A00,Điểm thi THPT,2025,17.5,Điều dưỡng
178351,YKV,dieu-duong,B00,Điểm thi THPT,2025,17.5,Điều dưỡng
178352,YKV,dieu-duong,D07,Điểm thi THPT,2025,17.5,Điều dưỡng
178353,YKV,dieu-duong-lien-thong,B00,Điểm học bạ,2025,14.0,Điều dưỡng liên thông
178354,YKV,duoc-hoc,A00,Điểm thi THPT,2021,24.0,Dược học
178355,YKV,duoc-hoc,B00,Điểm thi THPT,2021,24.0,Dược học
178356,YKV,duoc-hoc,A00,Điểm thi THPT,2022,23.5,Dược học
178357,YKV,duoc-hoc,B00,Điểm thi THPT,2022,23.5,Dược học
178358,YKV,duoc-hoc,A00,Điểm thi THPT,2023,22.5,Dược học
178359,YKV,duoc-hoc,B00,Điểm thi THPT,2023,22.5,Dược học
178360,YKV,duoc-hoc,A00,Điểm thi THPT,2024,23.0,Dược học
178361,YKV,duoc-hoc,B00,Điểm thi THPT,2024,23.0,Dược học
178362,YKV,duoc-hoc,A00,Điểm thi THPT,2025,19.0,Dược học
178363,YKV,duoc-hoc,B00,Điểm thi THPT,2025,19.0,Dược học
178364,YKV,duoc-hoc,D07,Điểm thi THPT,2025,19.0,Dược học
178365,YKV,ky-thuat-xet-nghiem-y-hoc,B00,Điểm thi THPT,2021,22.5,Kỹ thuật Xét nghiệm Y học
178366,YKV,ky-thuat-xet-nghiem-y-hoc,B00,Điểm thi THPT,2022,20.5,Kỹ thuật xét nghiệm y học
178367,YKV,ky-thuat-xet-nghiem-y-hoc,B00,Điểm học bạ,2023,23.0,Kỹ thuật xét nghiệm y học
178368,YKV,ky-thuat-xet-nghiem-y-hoc,B00,Điểm thi THPT,2023,19.0,Kỹ thuật xét nghiệm y học
178369,YKV,ky-thuat-xet-nghiem-y-hoc,B00,Điểm học bạ,2024,20.6,Kỹ thuật xét nghiệm y học
178370,YKV,ky-thuat-xet-nghiem-y-hoc,B00,Điểm thi THPT,2024,19.0,Kỹ thuật xét nghiệm y học
178371,YKV,ky-thuat-xet-nghiem-y-hoc,A00,Điểm học bạ,2025,24.9,Kỹ thuật xét nghiệm y học
178372,YKV,ky-thuat-xet-nghiem-y-hoc,B00,Điểm học bạ,2025,24.9,Kỹ thuật xét nghiệm y học
178373,YKV,ky-thuat-xet-nghiem-y-hoc,D07,Điểm học bạ,2025,24.9,Kỹ thuật xét nghiệm y học
178374,YKV,ky-thuat-xet-nghiem-y-hoc,A00,Điểm thi THPT,2025,20.0,Kỹ thuật xét nghiệm y học
178375,YKV,ky-thuat-xet-nghiem-y-hoc,B00,Điểm thi THPT,2025,20.0,Kỹ thuật xét nghiệm y học
178376,YKV,ky-thuat-xet-nghiem-y-hoc,D07,Điểm thi THPT,2025,20.0,Kỹ thuật xét nghiệm y học
178377,YKV,y-hoc-du-phong,B00,Điểm thi THPT,2021,19.0,Y học dự phòng
178378,YKV,y-hoc-du-phong,B00,Điểm thi THPT,2022,19.0,Y học dự phòng
178379,YKV,y-hoc-du-phong,B00,Điểm học bạ,2023,20.35,Y học dự phòng
178380,YKV,y-hoc-du-phong,B00,Điểm thi THPT,2023,19.0,Y học dự phòng
178381,YKV,y-hoc-du-phong,B00,Điểm học bạ,2024,22.3,Y học dự phòng
178382,YKV,y-hoc-du-phong,B00,Điểm thi THPT,2024,19.0,Y học dự phòng
178383,YKV,y-hoc-du-phong,A00,Điểm học bạ,2025,23.8,Y học dự phòng
178384,YKV,y-hoc-du-phong,B00,Điểm học bạ,2025,23.8,Y học dự phòng
178385,YKV,y-hoc-du-phong,D07,Điểm học bạ,2025,23.8,Y học dự phòng
178386,YKV,y-hoc-du-phong,A00,Điểm thi THPT,2025,17.25,Y học dự phòng
178387,YKV,y-hoc-du-phong,B00,Điểm thi THPT,2025,17.25,Y học dự phòng
178388,YKV,y-hoc-du-phong,D07,Điểm thi THPT,2025,17.25,Y học dự phòng
178389,YKV,y-khoa,B00,Điểm thi THPT,2021,25.7,Y khoa
178390,YKV,y-khoa,B00,Điểm thi THPT,2022,24.75,Y khoa
178391,YKV,y-khoa,B00,Điểm thi THPT,2023,24.0,Y khoa
178392,YKV,y-khoa,B00,Điểm thi THPT,2024,24.85,Y khoa
178393,YKV,y-khoa,A00,Điểm thi THPT,2025,22.1,Y khoa
178394,YKV,y-khoa,B00,Điểm thi THPT,2025,22.1,Y khoa
178395,YKV,y-te-cong-cong,B00,Điểm thi THPT,2021,19.0,Y tế Công cộng
178396,YKV,y-te-cong-cong,B00,Điểm thi THPT,2022,15.5,Y tế công cộng
178397,YPB,dieu-duong,B00,Điểm thi THPT,2022,19.05,Điều dưỡng
178398,YPB,dieu-duong,B00,Điểm thi THPT,2023,20.25,Diều dưỡng
178399,YPB,dieu-duong,B00,Điểm học bạ,2024,24.6,Điều dưỡng (HB)
178400,YPB,dieu-duong,B00,Điểm thi THPT,2024,20.55,Điều dưỡng
178401,YPB,dieu-duong,A00,Điểm học bạ,2025,22.22,Điều dưỡng
178402,YPB,dieu-duong,B00,Điểm học bạ,2025,22.22,Điều dưỡng
178403,YPB,dieu-duong,A00,Điểm thi THPT,2025,22.22,Điều dưỡng
178404,YPB,dieu-duong,B00,Điểm thi THPT,2025,22.22,Điều dưỡng
178405,YPB,duoc-hoc,A00,Điểm thi THPT,2021,25.25,Dược học (A)
178406,YPB,duoc-hoc,B00,Điểm thi THPT,2021,25.95,Dược học (B)
178407,YPB,duoc-hoc,D07,Điểm thi THPT,2021,26.05,Dược học (D)
178408,YPB,duoc-hoc,A00,Điểm thi THPT,2022,25.1,Dược học (A)
178409,YPB,duoc-hoc,B00,Điểm thi THPT,2022,25.3,Dược học (B)
178410,YPB,duoc-hoc,D07,Điểm thi THPT,2022,24.3,Dược học (D)
178411,YPB,duoc-hoc,A00,Điểm thi THPT,2023,23.43,Dược học (A)
178412,YPB,duoc-hoc,B00,Điểm thi THPT,2023,24.41,Dược học (B)
178413,YPB,duoc-hoc,D07,Điểm thi THPT,2023,23.4,Dược học (D)
178414,YPB,duoc-hoc,A00,Điểm thi THPT,2024,24.35,Dược học (A)
178415,YPB,duoc-hoc,B00,Điểm thi THPT,2024,24.59,Dược học (B)
178416,YPB,duoc-hoc,D07,Điểm thi THPT,2024,23.0,Dược học (D)
178417,YPB,duoc-hoc,A00,Điểm học bạ,2025,20.0,Dược học
178418,YPB,duoc-hoc,B00,Điểm học bạ,2025,20.0,Dược học
178419,YPB,duoc-hoc,A00,Điểm thi THPT,2025,20.0,Dược học
178420,YPB,duoc-hoc,B00,Điểm thi THPT,2025,20.0,Dược học
178421,YPB,duoc-hoc,D07,Điểm thi THPT,2025,20.0,Dược học
178422,YPB,duoc-hoc-ket-hop-so-tuyen-chung-chi-ngoai-ngu,A00,Điểm học bạ,2024,25.26,Dược học (HB) - kết hợp sơ tuyển chứng chỉ ngoại ngữ
178423,YPB,duoc-hoc-ket-hop-so-tuyen-chung-chi-ngoai-ngu,B00,Điểm học bạ,2024,25.26,Dược học (HB) - kết hợp sơ tuyển chứng chỉ ngoại ngữ
178424,YPB,ky-thuat-xet-nghiem-y-hoc,B00,Điểm thi THPT,2022,23.45,Kỹ thuật xét nghiệm y học
178425,YPB,ky-thuat-xet-nghiem-y-hoc,B00,Điểm thi THPT,2023,22.75,Kỹ thuật xét nghiệm y học
178426,YPB,ky-thuat-xet-nghiem-y-hoc,B00,Điểm học bạ,2024,25.5,Kỹ thuật xét nghiệm y học (HB)
178427,YPB,ky-thuat-xet-nghiem-y-hoc,B00,Điểm thi THPT,2024,22.5,Kỹ thuật xét nghiệm y học
178428,YPB,ky-thuat-xet-nghiem-y-hoc,A00,Điểm học bạ,2025,23.23,Kỹ thuật xét nghiệm y học
178429,YPB,ky-thuat-xet-nghiem-y-hoc,B00,Điểm học bạ,2025,23.23,Kỹ thuật xét nghiệm y học
178430,YPB,ky-thuat-xet-nghiem-y-hoc,A00,Điểm thi THPT,2025,23.23,Kỹ thuật xét nghiệm y học
178431,YPB,ky-thuat-xet-nghiem-y-hoc,B00,Điểm thi THPT,2025,23.23,Kỹ thuật xét nghiệm y học
178432,YPB,rang-ham-mat,B00,Điểm thi THPT,2022,26.0,Răng hàm mặt
178433,YPB,rang-ham-mat,B00,Điểm thi THPT,2023,25.4,Răng hàm mặt
178434,YPB,rang-ham-mat,B00,Điểm thi THPT,2024,25.85,Răng hàm mặt
178435,YPB,rang-ham-mat,A00,Điểm học bạ,2025,24.63,Răng - Hàm - Mặt
178436,YPB,rang-ham-mat,B00,Điểm học bạ,2025,24.63,Răng - Hàm - Mặt
178437,YPB,rang-ham-mat,A00,Điểm thi THPT,2025,24.63,Răng - Hàm - Mặt
178438,YPB,rang-ham-mat,B00,Điểm thi THPT,2025,24.63,Răng - Hàm - Mặt
178439,YPB,rang-ham-mat-ket-hop-so-tuyen-chung-chi-ngoai-ngu,B00,Điểm học bạ,2024,26.95,Răng hàm mặt (HB) - kết hợp sơ tuyển chứng chỉ ngoại ngữ
178440,YPB,y-hoc-co-truyen,B00,Điểm thi THPT,2021,24.35,Y học cổ truyền
178441,YPB,y-hoc-co-truyen,B00,Điểm thi THPT,2022,21.0,Y học cổ truyền
178442,YPB,y-hoc-co-truyen,B00,Điểm thi THPT,2023,21.8,Y học cố truyền
178443,YPB,y-hoc-co-truyen,B00,Điểm học bạ,2024,26.2,Y học cổ truyền (HB)
178444,YPB,y-hoc-co-truyen,B00,Điểm thi THPT,2024,22.5,Y học cổ truyền
178445,YPB,y-hoc-co-truyen,A00,Điểm học bạ,2025,24.03,Y học cổ truyền
178446,YPB,y-hoc-co-truyen,B00,Điểm học bạ,2025,24.03,Y học cổ truyền
178447,YPB,y-hoc-co-truyen,A00,Điểm thi THPT,2025,24.03,Y học cổ truyền
178448,YPB,y-hoc-co-truyen,B00,Điểm thi THPT,2025,24.03,Y học cổ truyền
178449,YPB,y-hoc-du-phong,B00,Điểm thi THPT,2021,22.35,Y học dự phòng
178450,YPB,y-hoc-du-phong,B00,Điểm thi THPT,2022,19.1,Y học dự phòng
178451,YPB,y-hoc-du-phong,B00,Điểm thi THPT,2023,19.0,Y học dự phòng
178452,YPB,y-hoc-du-phong,B00,Điểm học bạ,2024,20.8,Y học dự phòng (HB)
178453,YPB,y-hoc-du-phong,B00,Điểm thi THPT,2024,19.0,Y học dự phòng
178454,YPB,y-hoc-du-phong,A00,Điểm học bạ,2025,19.35,Y học dự phòng
178455,YPB,y-hoc-du-phong,B00,Điểm học bạ,2025,19.35,Y học dự phòng
178456,YPB,y-hoc-du-phong,A00,Điểm thi THPT,2025,19.35,Y học dự phòng
178457,YPB,y-hoc-du-phong,B00,Điểm thi THPT,2025,19.35,Y học dự phòng
178458,YPB,y-khoa,A00,Điểm thi THPT,2021,25.8,Y khoa (A)
178459,YPB,y-khoa,B00,Điểm thi THPT,2021,26.9,Y Khoa (B)
178460,YPB,y-khoa,A00,Điểm thi THPT,2022,25.6,Y khoa (A)
178461,YPB,y-khoa,B00,Điểm thi THPT,2022,26.2,Y khoa (B)
178462,YPB,y-khoa,A00,Điểm thi THPT,2023,24.63,Y khoa (A)
178463,YPB,y-khoa,B00,Điểm thi THPT,2023,25.35,Y khoa (B)
178464,YPB,y-khoa,A00,Điểm thi THPT,2024,25.75,Y khoa (A)
178465,YPB,y-khoa,B00,Điểm thi THPT,2024,26.0,Y khoa (B)
178466,YPB,y-khoa,A00,Điểm học bạ,2025,25.33,Y khoa
178467,YPB,y-khoa,B00,Điểm học bạ,2025,25.33,Y khoa
178468,YPB,y-khoa,A00,Điểm thi THPT,2025,25.33,Y khoa
178469,YPB,y-khoa,B00,Điểm thi THPT,2025,25.33,Y khoa
178470,YPB,y-khoa-ket-hop-so-tuyen-chung-chi-ngoai-ngu,A00,Điểm học bạ,2024,26.36,Y khoa (HB) - kết hợp sơ tuyển chứng chỉ ngoại ngữ
178471,YPB,y-khoa-ket-hop-so-tuyen-chung-chi-ngoai-ngu,B00,Điểm học bạ,2024,26.36,Y khoa (HB) - kết hợp sơ tuyển chứng chỉ ngoại ngữ
178472,YQH,bac-si-da-khoa,A00,Điểm thi THPT,2021,24.35,Bác sĩ đa khoa
178473,YQH,bac-si-da-khoa,B00,Điểm thi THPT,2021,24.35,Bác sĩ đa khoa
178474,YQH,bac-si-da-khoa,A00,Điểm học bạ,2023,22.65,Bác sĩ đa khoa
178475,YQH,bac-si-da-khoa,B00,Điểm học bạ,2023,22.65,Bác sĩ đa khoa
178476,YQH,bac-si-da-khoa,A00,Điểm thi THPT,2023,27.1,Bác sĩ đa khoa
178477,YQH,bac-si-da-khoa,B00,Điểm thi THPT,2023,27.1,Bác sĩ đa khoa
178478,YQH,bac-si-da-khoa,A00,Điểm thi THPT,2024,27.34,Bác sĩ đa khoa
178479,YQH,bac-si-da-khoa,B00,Điểm thi THPT,2024,27.34,Bác sĩ đa khoa
178480,YQH,bac-sy-da-khoa,A00,Điểm học bạ,2022,23.0,Bác sỹ đa khoa
178481,YQH,bac-sy-da-khoa,B00,Điểm học bạ,2022,23.0,Bác sỹ đa khoa
178482,YQH,bac-sy-da-khoa,A00,Điểm thi THPT,2022,25.5,Bác sỹ đa khoa
178483,YQH,bac-sy-da-khoa,B00,Điểm thi THPT,2022,25.5,Bác sỹ đa khoa
178484,YQH,duoc-hoc,A00,Điểm học bạ,2023,25.84,Dược học
178485,YQH,duoc-hoc,A00,Điểm thi THPT,2023,25.43,Dược học
178486,YQH,duoc-hoc,A00,Điểm thi THPT,2024,26.26,Dược học
178487,YQH,duoc-hoc,A00,Điểm thi THPT,2025,25.41,"Dược học (Thí sinh Nam, miền Bắc)"
178488,YQH,duoc-hoc,D07,Điểm thi THPT,2025,25.41,"Dược học (Thí sinh Nam, miền Bắc)"
178489,YQH,y-hoc-du-phong,B00,Điểm thi THPT,2022,24.2,Y học dự phòng
178490,YQH,y-hoc-du-phong,B00,Điểm thi THPT,2023,24.6,Y học dự phòng
178491,YQH,y-hoc-du-phong,B00,Điểm thi THPT,2024,24.12,Y học dự phòng
178492,YQH,y-khoa,A00,Điểm thi THPT,2025,27.94,"Ngành Y khoa (Bác sỹ đa khoa) (Thí sinh Nam, miền Bắc)"
178493,YQH,y-khoa,B00,Điểm thi THPT,2025,27.94,"Ngành Y khoa (Bác sỹ đa khoa) (Thí sinh Nam, miền Bắc)"
178494,YQH,y-khoa,D07,Điểm thi THPT,2025,27.94,"Ngành Y khoa (Bác sỹ đa khoa) (Thí sinh Nam, miền Bắc)"
178495,YTB,dieu-duong,B00,Điểm thi THPT,2021,24.2,Điều dưỡng
178496,YTB,dieu-duong,B00,Điểm thi THPT,2022,21.3,Điều dưỡng
178497,YTB,dieu-duong,B08,Điểm thi THPT,2022,21.3,Điều dưỡng
178498,YTB,dieu-duong,B00,Điểm thi THPT,2023,22.1,Điều dưỡng
178499,YTB,dieu-duong,D08,Điểm thi THPT,2023,22.1,Điều dưỡng
178500,YTB,dieu-duong,B00,Điểm thi THPT,2024,20.0,Điều dưỡng
178501,YTB,dieu-duong,D08,Điểm thi THPT,2024,20.0,Điều dưỡng
178502,YTB,dieu-duong,B00,Điểm thi THPT,2025,17.0,Điều dưỡng
178503,YTB,dieu-duong,D08,Điểm thi THPT,2025,17.0,Điều dưỡng
178504,YTB,duoc-hoc,A00,Điểm thi THPT,2021,24.9,Dược học
178505,YTB,duoc-hoc,A00,Điểm thi THPT,2022,25.0,Dược học
178506,YTB,duoc-hoc,A01,Điểm thi THPT,2022,25.0,Dược học
178507,YTB,duoc-hoc,D07,Điểm thi THPT,2022,25.0,Dược học
178508,YTB,duoc-hoc,A00,Điểm thi THPT,2023,23.14,Dược học
178509,YTB,duoc-hoc,A01,Điểm thi THPT,2023,23.14,Dược học
178510,YTB,duoc-hoc,D07,Điểm thi THPT,2023,23.14,Dược học
178511,YTB,duoc-hoc,A00,Điểm thi THPT,2024,24.0,Dược học
178512,YTB,duoc-hoc,A01,Điểm thi THPT,2024,24.0,Dược học
178513,YTB,duoc-hoc,D07,Điểm thi THPT,2024,24.0,Dược học
178514,YTB,duoc-hoc,A00,Điểm thi THPT,2025,19.5,Dược học
178515,YTB,duoc-hoc,A01,Điểm thi THPT,2025,19.5,Dược học
178516,YTB,duoc-hoc,D07,Điểm thi THPT,2025,19.5,Dược học
178517,YTB,ky-thuat-xet-nghiem,A00,Điểm thi THPT,2024,23.05,Kỹ thuật xét nghiệm
178518,YTB,ky-thuat-xet-nghiem,B00,Điểm thi THPT,2024,23.05,Kỹ thuật xét nghiệm
178519,YTB,ky-thuat-xet-nghiem-y-hoc,A00,Điểm thi THPT,2022,24.15,Kỹ thuật xét nghiệm y học
178520,YTB,ky-thuat-xet-nghiem-y-hoc,B00,Điểm thi THPT,2022,24.15,Kỹ thuật xét nghiệm y học
178521,YTB,ky-thuat-xet-nghiem-y-hoc,A00,Điểm thi THPT,2023,23.7,Kỹ thuật xét nghiệm y học
178522,YTB,ky-thuat-xet-nghiem-y-hoc,B00,Điểm thi THPT,2023,23.7,Kỹ thuật xét nghiệm y học
178523,YTB,ky-thuat-xet-nghiem-y-hoc,A00,Điểm thi THPT,2025,19.5,Kỹ thuật xét nghiệm y học
178524,YTB,ky-thuat-xet-nghiem-y-hoc,B00,Điểm thi THPT,2025,19.5,Kỹ thuật xét nghiệm y học
178525,YTB,y-hoc-co-truyen,B00,Điểm thi THPT,2021,24.35,Y học cổ truyền
178526,YTB,y-hoc-co-truyen,B00,Điểm thi THPT,2022,23.55,Y học cổ truyền
178527,YTB,y-hoc-co-truyen,D08,Điểm thi THPT,2022,23.55,Y học cổ truyền
178528,YTB,y-hoc-co-truyen,B00,Điểm thi THPT,2023,23.25,Y học cổ truyền
178529,YTB,y-hoc-co-truyen,D08,Điểm thi THPT,2023,23.25,Y học cổ truyền
178530,YTB,y-hoc-co-truyen,B00,Điểm thi THPT,2024,23.0,Y học cổ truyền
178531,YTB,y-hoc-co-truyen,D08,Điểm thi THPT,2024,23.0,Y học cổ truyền
178532,YTB,y-hoc-co-truyen,B00,Điểm thi THPT,2025,19.0,Y học cổ truyền
178533,YTB,y-hoc-co-truyen,D08,Điểm thi THPT,2025,19.0,Y học cổ truyền
178534,YTB,y-hoc-du-phong,B00,Điểm thi THPT,2021,22.1,Y học dự phòng
178535,YTB,y-hoc-du-phong,B00,Điểm thi THPT,2022,19.0,Y học dự phòng
178536,YTB,y-hoc-du-phong,D08,Điểm thi THPT,2022,19.0,Y học dự phòng
178537,YTB,y-hoc-du-phong,B00,Điểm thi THPT,2023,19.0,Y học dự phòng
178538,YTB,y-hoc-du-phong,D08,Điểm thi THPT,2023,19.0,Y học dự phòng
178539,YTB,y-hoc-du-phong,B00,Điểm thi THPT,2024,19.15,Y học dự phòng
178540,YTB,y-hoc-du-phong,D08,Điểm thi THPT,2024,19.15,Y học dự phòng
178541,YTB,y-hoc-du-phong,B00,Điểm thi THPT,2025,17.0,Y học dự phòng
178542,YTB,y-hoc-du-phong,D08,Điểm thi THPT,2025,17.0,Y học dự phòng
178543,YTB,y-khoa,B00,Điểm thi THPT,2021,26.9,Y khoa
178544,YTB,y-khoa,B00,Điểm thi THPT,2022,26.3,Y khoa
178545,YTB,y-khoa,D07,Điểm thi THPT,2022,26.3,Y khoa
178546,YTB,y-khoa,D08,Điểm thi THPT,2022,26.3,Y khoa
178547,YTB,y-khoa,B00,Điểm thi THPT,2023,25.8,Y khoa
178548,YTB,y-khoa,D07,Điểm thi THPT,2023,25.8,Y khoa
178549,YTB,y-khoa,D08,Điểm thi THPT,2023,25.8,Y khoa
178550,YTB,y-khoa,B00,Điểm thi THPT,2024,26.17,Y khoa
178551,YTB,y-khoa,D07,Điểm thi THPT,2024,26.17,Y khoa
178552,YTB,y-khoa,D08,Điểm thi THPT,2024,26.17,Y khoa
178553,YTB,y-khoa,B00,Điểm thi THPT,2025,24.6,Y khoa
178554,YTB,y-khoa,D07,Điểm thi THPT,2025,24.6,Y khoa
178555,YTB,y-khoa,D08,Điểm thi THPT,2025,24.6,Y khoa
178556,YTB,y-te-cong-cong,A00,Điểm thi THPT,2023,15.0,Y tế công cộng
178557,YTB,y-te-cong-cong,B00,Điểm thi THPT,2023,15.0,Y tế công cộng
178558,YTC,cong-nghe-ky-thuat-moi-truong,A00,Điểm học bạ,2021,16.0,Công nghệ kỹ thuật môi trường
178559,YTC,cong-nghe-ky-thuat-moi-truong,A01,Điểm học bạ,2021,16.0,Công nghệ kỹ thuật môi trường
178560,YTC,cong-nghe-ky-thuat-moi-truong,B00,Điểm học bạ,2021,16.0,Công nghệ kỹ thuật môi trường
178561,YTC,cong-nghe-ky-thuat-moi-truong,D07,Điểm học bạ,2021,16.0,Công nghệ kỹ thuật môi trường
178562,YTC,cong-nghe-ky-thuat-moi-truong,A00,Điểm thi THPT,2021,15.0,Công nghệ kỹ thuật môi trường
178563,YTC,cong-nghe-ky-thuat-moi-truong,A01,Điểm thi THPT,2021,15.0,Công nghệ kỹ thuật môi trường
178564,YTC,cong-nghe-ky-thuat-moi-truong,B00,Điểm thi THPT,2021,15.0,Công nghệ kỹ thuật môi trường
178565,YTC,cong-nghe-ky-thuat-moi-truong,D07,Điểm thi THPT,2021,15.0,Công nghệ kỹ thuật môi trường
178566,YTC,cong-nghe-ky-thuat-moi-truong,A00,Điểm học bạ,2022,18.26,Công nghệ kỹ thuật môi trường
178567,YTC,cong-nghe-ky-thuat-moi-truong,A01,Điểm học bạ,2022,18.26,Công nghệ kỹ thuật môi trường
178568,YTC,cong-nghe-ky-thuat-moi-truong,B00,Điểm học bạ,2022,18.26,Công nghệ kỹ thuật môi trường
178569,YTC,cong-nghe-ky-thuat-moi-truong,D07,Điểm học bạ,2022,18.26,Công nghệ kỹ thuật môi trường
178570,YTC,cong-nghe-ky-thuat-moi-truong,A00,Điểm thi THPT,2022,15.0,Công nghệ kỹ thuật môi trường
178571,YTC,cong-nghe-ky-thuat-moi-truong,A01,Điểm thi THPT,2022,15.0,Công nghệ kỹ thuật môi trường
178572,YTC,cong-nghe-ky-thuat-moi-truong,B00,Điểm thi THPT,2022,15.0,Công nghệ kỹ thuật môi trường
178573,YTC,cong-nghe-ky-thuat-moi-truong,D07,Điểm thi THPT,2022,15.0,Công nghệ kỹ thuật môi trường
178574,YTC,cong-nghe-ky-thuat-moi-truong,A00,Điểm học bạ,2023,19.1,Công nghệ kỹ thuật môi trường
178575,YTC,cong-nghe-ky-thuat-moi-truong,B00,Điểm học bạ,2023,19.1,Công nghệ kỹ thuật môi trường
178576,YTC,cong-nghe-ky-thuat-moi-truong,D01,Điểm học bạ,2023,19.1,Công nghệ kỹ thuật môi trường
178577,YTC,cong-nghe-ky-thuat-moi-truong,D07,Điểm học bạ,2023,19.1,Công nghệ kỹ thuật môi trường
178578,YTC,cong-nghe-ky-thuat-moi-truong,A00,Điểm thi THPT,2023,16.0,Công nghệ kỹ thuật môi trường
178579,YTC,cong-nghe-ky-thuat-moi-truong,B00,Điểm thi THPT,2023,16.0,Công nghệ kỹ thuật môi trường
178580,YTC,cong-nghe-ky-thuat-moi-truong,D01,Điểm thi THPT,2023,16.0,Công nghệ kỹ thuật môi trường
178581,YTC,cong-nghe-ky-thuat-moi-truong,D07,Điểm thi THPT,2023,16.0,Công nghệ kỹ thuật môi trường
178582,YTC,cong-tac-xa-hoi,B00,Điểm học bạ,2021,16.0,Công tác xã hội
178583,YTC,cong-tac-xa-hoi,C00,Điểm học bạ,2021,16.0,Công tác xã hội
178584,YTC,cong-tac-xa-hoi,D01,Điểm học bạ,2021,16.0,Công tác xã hội
178585,YTC,cong-tac-xa-hoi,D66,Điểm học bạ,2021,16.0,Công tác xã hội
178586,YTC,cong-tac-xa-hoi,B00,Điểm thi THPT,2021,15.0,Công tác xã hội
178587,YTC,cong-tac-xa-hoi,C00,Điểm thi THPT,2021,15.0,Công tác xã hội
178588,YTC,cong-tac-xa-hoi,D01,Điểm thi THPT,2021,15.0,Công tác xã hội
178589,YTC,cong-tac-xa-hoi,D66,Điểm thi THPT,2021,15.0,Công tác xã hội
178590,YTC,cong-tac-xa-hoi,B00,Điểm học bạ,2022,23.0,Công tác xã hội
178591,YTC,cong-tac-xa-hoi,C00,Điểm học bạ,2022,23.0,Công tác xã hội
178592,YTC,cong-tac-xa-hoi,D01,Điểm học bạ,2022,23.0,Công tác xã hội
178593,YTC,cong-tac-xa-hoi,D66,Điểm học bạ,2022,23.0,Công tác xã hội
178594,YTC,cong-tac-xa-hoi,B00,Điểm thi THPT,2022,15.15,Công tác xã hội
178595,YTC,cong-tac-xa-hoi,C00,Điểm thi THPT,2022,15.15,Công tác xã hội
178596,YTC,cong-tac-xa-hoi,D01,Điểm thi THPT,2022,15.15,Công tác xã hội
178597,YTC,cong-tac-xa-hoi,D66,Điểm thi THPT,2022,15.15,Công tác xã hội
178598,YTC,cong-tac-xa-hoi,B00,Điểm học bạ,2023,24.0,Công tác xã hội
178599,YTC,cong-tac-xa-hoi,C00,Điểm học bạ,2023,24.0,Công tác xã hội
178600,YTC,cong-tac-xa-hoi,D01,Điểm học bạ,2023,24.0,Công tác xã hội
178601,YTC,cong-tac-xa-hoi,D66,Điểm học bạ,2023,24.0,Công tác xã hội
178602,YTC,cong-tac-xa-hoi,B00,Điểm thi THPT,2023,19.0,Công tác xã hội
178603,YTC,cong-tac-xa-hoi,C00,Điểm thi THPT,2023,19.0,Công tác xã hội
178604,YTC,cong-tac-xa-hoi,D01,Điểm thi THPT,2023,19.0,Công tác xã hội
178605,YTC,cong-tac-xa-hoi,D66,Điểm thi THPT,2023,19.0,Công tác xã hội
178606,YTC,cong-tac-xa-hoi,B00,Điểm học bạ,2024,24.5,Công tác xã hội
178607,YTC,cong-tac-xa-hoi,C00,Điểm học bạ,2024,24.5,Công tác xã hội
178608,YTC,cong-tac-xa-hoi,D01,Điểm học bạ,2024,24.5,Công tác xã hội
178609,YTC,cong-tac-xa-hoi,D66,Điểm học bạ,2024,24.5,Công tác xã hội
178610,YTC,cong-tac-xa-hoi,B00,Điểm thi THPT,2024,21.5,Công tác xã hội
178611,YTC,cong-tac-xa-hoi,C00,Điểm thi THPT,2024,21.5,Công tác xã hội
178612,YTC,cong-tac-xa-hoi,D01,Điểm thi THPT,2024,21.5,Công tác xã hội
178613,YTC,cong-tac-xa-hoi,D66,Điểm thi THPT,2024,21.5,Công tác xã hội
178614,YTC,cong-tac-xa-hoi,C00,Điểm học bạ,2025,23.5,Công tác xã hội
178615,YTC,cong-tac-xa-hoi,C20,Điểm học bạ,2025,23.5,Công tác xã hội
178616,YTC,cong-tac-xa-hoi,D01,Điểm học bạ,2025,23.5,Công tác xã hội
178617,YTC,cong-tac-xa-hoi,D14,Điểm học bạ,2025,23.5,Công tác xã hội
178618,YTC,cong-tac-xa-hoi,D15,Điểm học bạ,2025,23.5,Công tác xã hội
178619,YTC,cong-tac-xa-hoi,D66,Điểm học bạ,2025,23.5,Công tác xã hội
178620,YTC,cong-tac-xa-hoi,X74,Điểm học bạ,2025,23.5,Công tác xã hội
178621,YTC,cong-tac-xa-hoi,X78,Điểm học bạ,2025,23.5,Công tác xã hội
178622,YTC,cong-tac-xa-hoi,C00,Điểm thi THPT,2025,23.5,Công tác xã hội
178623,YTC,cong-tac-xa-hoi,C20,Điểm thi THPT,2025,23.5,Công tác xã hội
178624,YTC,cong-tac-xa-hoi,D01,Điểm thi THPT,2025,23.5,Công tác xã hội
178625,YTC,cong-tac-xa-hoi,D14,Điểm thi THPT,2025,23.5,Công tác xã hội
178626,YTC,cong-tac-xa-hoi,D15,Điểm thi THPT,2025,23.5,Công tác xã hội
178627,YTC,cong-tac-xa-hoi,D66,Điểm thi THPT,2025,23.5,Công tác xã hội
178628,YTC,cong-tac-xa-hoi,X74,Điểm thi THPT,2025,23.5,Công tác xã hội
178629,YTC,cong-tac-xa-hoi,X78,Điểm thi THPT,2025,23.5,Công tác xã hội
178630,YTC,dinh-duong,B00,Điểm học bạ,2021,20.66,Dinh dưỡng
178631,YTC,dinh-duong,B08,Điểm học bạ,2021,20.66,Dinh dưỡng
178632,YTC,dinh-duong,D01,Điểm học bạ,2021,20.66,Dinh dưỡng
178633,YTC,dinh-duong,D07,Điểm học bạ,2021,20.66,Dinh dưỡng
178634,YTC,dinh-duong,B00,Điểm thi THPT,2021,16.0,Dinh dưỡng
178635,YTC,dinh-duong,B08,Điểm thi THPT,2021,16.0,Dinh dưỡng
178636,YTC,dinh-duong,D01,Điểm thi THPT,2021,16.0,Dinh dưỡng
178637,YTC,dinh-duong,D07,Điểm thi THPT,2021,16.0,Dinh dưỡng
178638,YTC,dinh-duong,B00,Điểm học bạ,2022,23.7,Dinh dưỡng
178639,YTC,dinh-duong,B08,Điểm học bạ,2022,23.7,Dinh dưỡng
178640,YTC,dinh-duong,D01,Điểm học bạ,2022,23.7,Dinh dưỡng
178641,YTC,dinh-duong,D07,Điểm học bạ,2022,23.7,Dinh dưỡng
178642,YTC,dinh-duong,B00,Điểm thi THPT,2022,16.5,Dinh dưỡng
178643,YTC,dinh-duong,B08,Điểm thi THPT,2022,16.5,Dinh dưỡng
178644,YTC,dinh-duong,D01,Điểm thi THPT,2022,16.5,Dinh dưỡng
178645,YTC,dinh-duong,D07,Điểm thi THPT,2022,16.5,Dinh dưỡng
178646,YTC,dinh-duong,B00,Điểm học bạ,2023,25.0,Dinh dưỡng
178647,YTC,dinh-duong,B08,Điểm học bạ,2023,25.0,Dinh dưỡng
178648,YTC,dinh-duong,D01,Điểm học bạ,2023,25.0,Dinh dưỡng
178649,YTC,dinh-duong,D07,Điểm học bạ,2023,25.0,Dinh dưỡng
178650,YTC,dinh-duong,B00,Điểm thi THPT,2023,19.5,Dinh dưỡng
178651,YTC,dinh-duong,B08,Điểm thi THPT,2023,19.5,Dinh dưỡng
178652,YTC,dinh-duong,D01,Điểm thi THPT,2023,19.5,Dinh dưỡng
178653,YTC,dinh-duong,D07,Điểm thi THPT,2023,19.5,Dinh dưỡng
178654,YTC,dinh-duong,B00,Điểm học bạ,2024,26.0,Dinh dưỡng
178655,YTC,dinh-duong,B08,Điểm học bạ,2024,26.0,Dinh dưỡng
178656,YTC,dinh-duong,D01,Điểm học bạ,2024,26.0,Dinh dưỡng
178657,YTC,dinh-duong,D07,Điểm học bạ,2024,26.0,Dinh dưỡng
178658,YTC,dinh-duong,B00,Điểm thi THPT,2024,20.4,Dinh dưỡng
178659,YTC,dinh-duong,B08,Điểm thi THPT,2024,20.4,Dinh dưỡng
178660,YTC,dinh-duong,D01,Điểm thi THPT,2024,20.4,Dinh dưỡng
178661,YTC,dinh-duong,D07,Điểm thi THPT,2024,20.4,Dinh dưỡng
178662,YTC,dinh-duong,B00,Điểm học bạ,2025,23.74,Dinh dưỡng
178663,YTC,dinh-duong,B03,Điểm học bạ,2025,23.74,Dinh dưỡng
178664,YTC,dinh-duong,B08,Điểm học bạ,2025,23.74,Dinh dưỡng
178665,YTC,dinh-duong,C02,Điểm học bạ,2025,23.74,Dinh dưỡng
178666,YTC,dinh-duong,D01,Điểm học bạ,2025,23.74,Dinh dưỡng
178667,YTC,dinh-duong,D07,Điểm học bạ,2025,23.74,Dinh dưỡng
178668,YTC,dinh-duong,B00,Điểm thi THPT,2025,22.1,Dinh dưỡng
178669,YTC,dinh-duong,B03,Điểm thi THPT,2025,22.1,Dinh dưỡng
178670,YTC,dinh-duong,B08,Điểm thi THPT,2025,22.1,Dinh dưỡng
178671,YTC,dinh-duong,C02,Điểm thi THPT,2025,22.1,Dinh dưỡng
178672,YTC,dinh-duong,D01,Điểm thi THPT,2025,22.1,Dinh dưỡng
178673,YTC,dinh-duong,D07,Điểm thi THPT,2025,22.1,Dinh dưỡng
178674,YTC,khoa-hoc-du-lieu,A00,Điểm học bạ,2022,24.0,Khoa học dữ liệu
178675,YTC,khoa-hoc-du-lieu,A01,Điểm học bạ,2022,24.0,Khoa học dữ liệu
178676,YTC,khoa-hoc-du-lieu,B00,Điểm học bạ,2022,24.0,Khoa học dữ liệu
178677,YTC,khoa-hoc-du-lieu,D01,Điểm học bạ,2022,24.0,Khoa học dữ liệu
178678,YTC,khoa-hoc-du-lieu,A00,Điểm thi THPT,2022,17.0,Khoa học dữ liệu
178679,YTC,khoa-hoc-du-lieu,A01,Điểm thi THPT,2022,17.0,Khoa học dữ liệu
178680,YTC,khoa-hoc-du-lieu,B00,Điểm thi THPT,2022,17.0,Khoa học dữ liệu
178681,YTC,khoa-hoc-du-lieu,D01,Điểm thi THPT,2022,17.0,Khoa học dữ liệu
178682,YTC,khoa-hoc-du-lieu,A00,Điểm học bạ,2023,24.5,Khoa học dữ liệu
178683,YTC,khoa-hoc-du-lieu,A01,Điểm học bạ,2023,24.5,Khoa học dữ liệu
178684,YTC,khoa-hoc-du-lieu,B00,Điểm học bạ,2023,24.5,Khoa học dữ liệu
178685,YTC,khoa-hoc-du-lieu,D01,Điểm học bạ,2023,24.5,Khoa học dữ liệu
178686,YTC,khoa-hoc-du-lieu,A00,Điểm thi THPT,2023,16.45,Khoa học dữ liệu
178687,YTC,khoa-hoc-du-lieu,A01,Điểm thi THPT,2023,16.45,Khoa học dữ liệu
178688,YTC,khoa-hoc-du-lieu,B00,Điểm thi THPT,2023,16.45,Khoa học dữ liệu
178689,YTC,khoa-hoc-du-lieu,D01,Điểm thi THPT,2023,16.45,Khoa học dữ liệu
178690,YTC,khoa-hoc-du-lieu,A00,Điểm học bạ,2024,24.0,Khoa học dữ liệu
178691,YTC,khoa-hoc-du-lieu,A01,Điểm học bạ,2024,24.0,Khoa học dữ liệu
178692,YTC,khoa-hoc-du-lieu,B00,Điểm học bạ,2024,24.0,Khoa học dữ liệu
178693,YTC,khoa-hoc-du-lieu,D01,Điểm học bạ,2024,24.0,Khoa học dữ liệu
178694,YTC,khoa-hoc-du-lieu,A00,Điểm thi THPT,2024,16.1,Khoa học dữ liệu
178695,YTC,khoa-hoc-du-lieu,A01,Điểm thi THPT,2024,16.1,Khoa học dữ liệu
178696,YTC,khoa-hoc-du-lieu,B00,Điểm thi THPT,2024,16.1,Khoa học dữ liệu
178697,YTC,khoa-hoc-du-lieu,D01,Điểm thi THPT,2024,16.1,Khoa học dữ liệu
178698,YTC,khoa-hoc-du-lieu,A00,Điểm học bạ,2025,20.84,Khoa học dữ liệu
178699,YTC,khoa-hoc-du-lieu,A01,Điểm học bạ,2025,20.84,Khoa học dữ liệu
178700,YTC,khoa-hoc-du-lieu,B00,Điểm học bạ,2025,20.84,Khoa học dữ liệu
178701,YTC,khoa-hoc-du-lieu,D01,Điểm học bạ,2025,20.84,Khoa học dữ liệu
178702,YTC,khoa-hoc-du-lieu,D07,Điểm học bạ,2025,20.84,Khoa học dữ liệu
178703,YTC,khoa-hoc-du-lieu,X26,Điểm học bạ,2025,20.84,Khoa học dữ liệu
178704,YTC,khoa-hoc-du-lieu,A00,Điểm thi THPT,2025,19.0,Khoa học dữ liệu
178705,YTC,khoa-hoc-du-lieu,A01,Điểm thi THPT,2025,19.0,Khoa học dữ liệu
178706,YTC,khoa-hoc-du-lieu,B00,Điểm thi THPT,2025,19.0,Khoa học dữ liệu
178707,YTC,khoa-hoc-du-lieu,D01,Điểm thi THPT,2025,19.0,Khoa học dữ liệu
178708,YTC,khoa-hoc-du-lieu,D07,Điểm thi THPT,2025,19.0,Khoa học dữ liệu
178709,YTC,khoa-hoc-du-lieu,X26,Điểm thi THPT,2025,19.0,Khoa học dữ liệu
178710,YTC,ky-thuat-phuc-hoi-chuc-nang,A00,Điểm học bạ,2021,24.0,Kỹ thuật phục hồi chức năng
178711,YTC,ky-thuat-phuc-hoi-chuc-nang,A01,Điểm học bạ,2021,24.0,Kỹ thuật phục hồi chức năng
178712,YTC,ky-thuat-phuc-hoi-chuc-nang,B00,Điểm học bạ,2021,24.0,Kỹ thuật phục hồi chức năng
178713,YTC,ky-thuat-phuc-hoi-chuc-nang,D01,Điểm học bạ,2021,24.0,Kỹ thuật phục hồi chức năng
178714,YTC,ky-thuat-phuc-hoi-chuc-nang,A00,Điểm thi THPT,2021,22.75,Kỹ thuật phục hồi chức năng
178715,YTC,ky-thuat-phuc-hoi-chuc-nang,A01,Điểm thi THPT,2021,22.75,Kỹ thuật phục hồi chức năng
178716,YTC,ky-thuat-phuc-hoi-chuc-nang,B00,Điểm thi THPT,2021,22.75,Kỹ thuật phục hồi chức năng
178717,YTC,ky-thuat-phuc-hoi-chuc-nang,D01,Điểm thi THPT,2021,22.75,Kỹ thuật phục hồi chức năng
178718,YTC,ky-thuat-phuc-hoi-chuc-nang,A00,Điểm học bạ,2022,25.25,Kỹ thuật phục hồi chức năng
178719,YTC,ky-thuat-phuc-hoi-chuc-nang,A01,Điểm học bạ,2022,25.25,Kỹ thuật phục hồi chức năng
178720,YTC,ky-thuat-phuc-hoi-chuc-nang,B00,Điểm học bạ,2022,25.25,Kỹ thuật phục hồi chức năng
178721,YTC,ky-thuat-phuc-hoi-chuc-nang,D01,Điểm học bạ,2022,25.25,Kỹ thuật phục hồi chức năng
178722,YTC,ky-thuat-phuc-hoi-chuc-nang,A00,Điểm thi THPT,2022,21.5,Kỹ thuật phục hồi chức năng
178723,YTC,ky-thuat-phuc-hoi-chuc-nang,A01,Điểm thi THPT,2022,21.5,Kỹ thuật phục hồi chức năng
178724,YTC,ky-thuat-phuc-hoi-chuc-nang,B00,Điểm thi THPT,2022,21.5,Kỹ thuật phục hồi chức năng
178725,YTC,ky-thuat-phuc-hoi-chuc-nang,D01,Điểm thi THPT,2022,21.5,Kỹ thuật phục hồi chức năng
178726,YTC,ky-thuat-phuc-hoi-chuc-nang,A00,Điểm học bạ,2023,26.2,Kỹ thuật phục hồi chức năng
178727,YTC,ky-thuat-phuc-hoi-chuc-nang,A01,Điểm học bạ,2023,26.2,Kỹ thuật phục hồi chức năng
178728,YTC,ky-thuat-phuc-hoi-chuc-nang,B00,Điểm học bạ,2023,26.2,Kỹ thuật phục hồi chức năng
178729,YTC,ky-thuat-phuc-hoi-chuc-nang,D01,Điểm học bạ,2023,26.2,Kỹ thuật phục hồi chức năng
178730,YTC,ky-thuat-phuc-hoi-chuc-nang,A00,Điểm thi THPT,2023,21.8,Kỹ thuật phục hồi chức năng
178731,YTC,ky-thuat-phuc-hoi-chuc-nang,A01,Điểm thi THPT,2023,21.8,Kỹ thuật phục hồi chức năng
178732,YTC,ky-thuat-phuc-hoi-chuc-nang,B00,Điểm thi THPT,2023,21.8,Kỹ thuật phục hồi chức năng
178733,YTC,ky-thuat-phuc-hoi-chuc-nang,D01,Điểm thi THPT,2023,21.8,Kỹ thuật phục hồi chức năng
178734,YTC,ky-thuat-phuc-hoi-chuc-nang,A00,Điểm học bạ,2024,27.0,Kỹ thuật phục hồi chức năng
178735,YTC,ky-thuat-phuc-hoi-chuc-nang,A01,Điểm học bạ,2024,27.0,Kỹ thuật phục hồi chức năng
178736,YTC,ky-thuat-phuc-hoi-chuc-nang,B00,Điểm học bạ,2024,27.0,Kỹ thuật phục hồi chức năng
178737,YTC,ky-thuat-phuc-hoi-chuc-nang,D01,Điểm học bạ,2024,27.0,Kỹ thuật phục hồi chức năng
178738,YTC,ky-thuat-phuc-hoi-chuc-nang,A00,Điểm thi THPT,2024,22.95,Kỹ thuật phục hồi chức năng
178739,YTC,ky-thuat-phuc-hoi-chuc-nang,A01,Điểm thi THPT,2024,22.95,Kỹ thuật phục hồi chức năng
178740,YTC,ky-thuat-phuc-hoi-chuc-nang,B00,Điểm thi THPT,2024,22.95,Kỹ thuật phục hồi chức năng
178741,YTC,ky-thuat-phuc-hoi-chuc-nang,D01,Điểm thi THPT,2024,22.95,Kỹ thuật phục hồi chức năng
178742,YTC,ky-thuat-phuc-hoi-chuc-nang,A00,Điểm thi THPT,2025,20.25,Kỹ thuật phục hồi chức năng
178743,YTC,ky-thuat-phuc-hoi-chuc-nang,A01,Điểm thi THPT,2025,20.25,Kỹ thuật phục hồi chức năng
178744,YTC,ky-thuat-phuc-hoi-chuc-nang,B00,Điểm thi THPT,2025,20.25,Kỹ thuật phục hồi chức năng
178745,YTC,ky-thuat-phuc-hoi-chuc-nang,B08,Điểm thi THPT,2025,20.25,Kỹ thuật phục hồi chức năng
178746,YTC,ky-thuat-phuc-hoi-chuc-nang,C01,Điểm thi THPT,2025,20.25,Kỹ thuật phục hồi chức năng
178747,YTC,ky-thuat-phuc-hoi-chuc-nang,D01,Điểm thi THPT,2025,20.25,Kỹ thuật phục hồi chức năng
178748,YTC,ky-thuat-xet-nghiem-y-hoc,A01,Điểm học bạ,2021,25.5,Kỹ thuật xét nghiệm y học
178749,YTC,ky-thuat-xet-nghiem-y-hoc,B00,Điểm học bạ,2021,25.5,Kỹ thuật xét nghiệm y học
178750,YTC,ky-thuat-xet-nghiem-y-hoc,B08,Điểm học bạ,2021,25.5,Kỹ thuật xét nghiệm y học
178751,YTC,ky-thuat-xet-nghiem-y-hoc,D07,Điểm học bạ,2021,25.5,Kỹ thuật xét nghiệm y học
178752,YTC,ky-thuat-xet-nghiem-y-hoc,A01,Điểm thi THPT,2021,22.5,Kỹ thuật xét nghiệm y học
178753,YTC,ky-thuat-xet-nghiem-y-hoc,B00,Điểm thi THPT,2021,22.5,Kỹ thuật xét nghiệm y học
178754,YTC,ky-thuat-xet-nghiem-y-hoc,B08,Điểm thi THPT,2021,22.5,Kỹ thuật xét nghiệm y học
178755,YTC,ky-thuat-xet-nghiem-y-hoc,D07,Điểm thi THPT,2021,22.5,Kỹ thuật xét nghiệm y học
178756,YTC,ky-thuat-xet-nghiem-y-hoc,A01,Điểm học bạ,2022,26.7,Kỹ thuật xét nghiệm y học
178757,YTC,ky-thuat-xet-nghiem-y-hoc,B00,Điểm học bạ,2022,26.7,Kỹ thuật xét nghiệm y học
178758,YTC,ky-thuat-xet-nghiem-y-hoc,B08,Điểm học bạ,2022,26.7,Kỹ thuật xét nghiệm y học
178759,YTC,ky-thuat-xet-nghiem-y-hoc,D07,Điểm học bạ,2022,26.7,Kỹ thuật xét nghiệm y học
178760,YTC,ky-thuat-xet-nghiem-y-hoc,A01,Điểm thi THPT,2022,20.5,Kỹ thuật xét nghiệm y học
178761,YTC,ky-thuat-xet-nghiem-y-hoc,B00,Điểm thi THPT,2022,20.5,Kỹ thuật xét nghiệm y học
178762,YTC,ky-thuat-xet-nghiem-y-hoc,B08,Điểm thi THPT,2022,20.5,Kỹ thuật xét nghiệm y học
178763,YTC,ky-thuat-xet-nghiem-y-hoc,D07,Điểm thi THPT,2022,20.5,Kỹ thuật xét nghiệm y học
178764,YTC,ky-thuat-xet-nghiem-y-hoc,A01,Điểm học bạ,2023,27.5,Kỹ thuật xét nghiệm y học
178765,YTC,ky-thuat-xet-nghiem-y-hoc,B00,Điểm học bạ,2023,27.5,Kỹ thuật xét nghiệm y học
178766,YTC,ky-thuat-xet-nghiem-y-hoc,B08,Điểm học bạ,2023,27.5,Kỹ thuật xét nghiệm y học
178767,YTC,ky-thuat-xet-nghiem-y-hoc,D07,Điểm học bạ,2023,27.5,Kỹ thuật xét nghiệm y học
178768,YTC,ky-thuat-xet-nghiem-y-hoc,A01,Điểm thi THPT,2023,20.0,Kỹ thuật xét nghiệm y học
178769,YTC,ky-thuat-xet-nghiem-y-hoc,B00,Điểm thi THPT,2023,20.0,Kỹ thuật xét nghiệm y học
178770,YTC,ky-thuat-xet-nghiem-y-hoc,B08,Điểm thi THPT,2023,20.0,Kỹ thuật xét nghiệm y học
178771,YTC,ky-thuat-xet-nghiem-y-hoc,D07,Điểm thi THPT,2023,20.0,Kỹ thuật xét nghiệm y học
178772,YTC,ky-thuat-xet-nghiem-y-hoc,A01,Điểm thi THPT,2024,20.1,Kỹ thuật xét nghiệm y học
178773,YTC,ky-thuat-xet-nghiem-y-hoc,B00,Điểm thi THPT,2024,20.1,Kỹ thuật xét nghiệm y học
178774,YTC,ky-thuat-xet-nghiem-y-hoc,B08,Điểm thi THPT,2024,20.1,Kỹ thuật xét nghiệm y học
178775,YTC,ky-thuat-xet-nghiem-y-hoc,D07,Điểm thi THPT,2024,20.1,Kỹ thuật xét nghiệm y học
178776,YTC,ky-thuat-xet-nghiem-y-hoc,A00,Điểm thi THPT,2025,18.3,Kỹ thuật xét nghiệm y học
178777,YTC,ky-thuat-xet-nghiem-y-hoc,A01,Điểm thi THPT,2025,18.3,Kỹ thuật xét nghiệm y học
178778,YTC,ky-thuat-xet-nghiem-y-hoc,B00,Điểm thi THPT,2025,18.3,Kỹ thuật xét nghiệm y học
178779,YTC,ky-thuat-xet-nghiem-y-hoc,B08,Điểm thi THPT,2025,18.3,Kỹ thuật xét nghiệm y học
178780,YTC,ky-thuat-xet-nghiem-y-hoc,D01,Điểm thi THPT,2025,18.3,Kỹ thuật xét nghiệm y học
178781,YTC,ky-thuat-xet-nghiem-y-hoc,D07,Điểm thi THPT,2025,18.3,Kỹ thuật xét nghiệm y học
178782,YTC,y-te-cong-cong,B00,Điểm học bạ,2021,21.15,Y tế công cộng
178783,YTC,y-te-cong-cong,B08,Điểm học bạ,2021,21.15,Y tế công cộng
178784,YTC,y-te-cong-cong,D01,Điểm học bạ,2021,21.15,Y tế công cộng
178785,YTC,y-te-cong-cong,D13,Điểm học bạ,2021,21.15,Y tế công cộng
178786,YTC,y-te-cong-cong,B00,Điểm thi THPT,2021,15.0,Y tế công cộng
178787,YTC,y-te-cong-cong,B08,Điểm thi THPT,2021,15.0,Y tế công cộng
178788,YTC,y-te-cong-cong,D01,Điểm thi THPT,2021,15.0,Y tế công cộng
178789,YTC,y-te-cong-cong,D13,Điểm thi THPT,2021,15.0,Y tế công cộng
178790,YTC,y-te-cong-cong,B00,Điểm học bạ,2022,24.0,Y tế công cộng
178791,YTC,y-te-cong-cong,B08,Điểm học bạ,2022,24.0,Y tế công cộng
178792,YTC,y-te-cong-cong,D01,Điểm học bạ,2022,24.0,Y tế công cộng
178793,YTC,y-te-cong-cong,D13,Điểm học bạ,2022,24.0,Y tế công cộng
178794,YTC,y-te-cong-cong,B00,Điểm thi THPT,2022,16.0,Y tế công cộng
178795,YTC,y-te-cong-cong,B08,Điểm thi THPT,2022,16.0,Y tế công cộng
178796,YTC,y-te-cong-cong,D01,Điểm thi THPT,2022,16.0,Y tế công cộng
178797,YTC,y-te-cong-cong,D13,Điểm thi THPT,2022,16.0,Y tế công cộng
178798,YTC,y-te-cong-cong,B00,Điểm học bạ,2023,25.0,Y tế công cộng
178799,YTC,y-te-cong-cong,B08,Điểm học bạ,2023,25.0,Y tế công cộng
178800,YTC,y-te-cong-cong,D01,Điểm học bạ,2023,25.0,Y tế công cộng
178801,YTC,y-te-cong-cong,D13,Điểm học bạ,2023,25.0,Y tế công cộng
178802,YTC,y-te-cong-cong,B00,Điểm thi THPT,2023,16.15,Y tế công cộng
178803,YTC,y-te-cong-cong,B08,Điểm thi THPT,2023,16.15,Y tế công cộng
178804,YTC,y-te-cong-cong,D01,Điểm thi THPT,2023,16.15,Y tế công cộng
178805,YTC,y-te-cong-cong,D13,Điểm thi THPT,2023,16.15,Y tế công cộng
178806,YTC,y-te-cong-cong,B00,Điểm học bạ,2024,25.5,Y tế công cộng
178807,YTC,y-te-cong-cong,B08,Điểm học bạ,2024,25.5,Y tế công cộng
178808,YTC,y-te-cong-cong,D01,Điểm học bạ,2024,25.5,Y tế công cộng
178809,YTC,y-te-cong-cong,D13,Điểm học bạ,2024,25.5,Y tế công cộng
178810,YTC,y-te-cong-cong,B00,Điểm thi THPT,2024,17.5,Y tế công cộng
178811,YTC,y-te-cong-cong,B08,Điểm thi THPT,2024,17.5,Y tế công cộng
178812,YTC,y-te-cong-cong,D01,Điểm thi THPT,2024,17.5,Y tế công cộng
178813,YTC,y-te-cong-cong,D13,Điểm thi THPT,2024,17.5,Y tế công cộng
178814,YTC,y-te-cong-cong,B00,Điểm học bạ,2025,22.34,Y tế công cộng
178815,YTC,y-te-cong-cong,B03,Điểm học bạ,2025,22.34,Y tế công cộng
178816,YTC,y-te-cong-cong,B08,Điểm học bạ,2025,22.34,Y tế công cộng
178817,YTC,y-te-cong-cong,C02,Điểm học bạ,2025,22.34,Y tế công cộng
178818,YTC,y-te-cong-cong,D01,Điểm học bạ,2025,22.34,Y tế công cộng
178819,YTC,y-te-cong-cong,D13,Điểm học bạ,2025,22.34,Y tế công cộng
178820,YTC,y-te-cong-cong,B00,Điểm thi THPT,2025,20.5,Y tế công cộng
178821,YTC,y-te-cong-cong,B03,Điểm thi THPT,2025,20.5,Y tế công cộng
178822,YTC,y-te-cong-cong,B08,Điểm thi THPT,2025,20.5,Y tế công cộng
178823,YTC,y-te-cong-cong,C02,Điểm thi THPT,2025,20.5,Y tế công cộng
178824,YTC,y-te-cong-cong,D01,Điểm thi THPT,2025,20.5,Y tế công cộng
178825,YTC,y-te-cong-cong,D13,Điểm thi THPT,2025,20.5,Y tế công cộng
